SEASON_YEAR,PLAYER_ID,PLAYER_NAME,NICKNAME,TEAM_ID,TEAM_ABBREVIATION,TEAM_NAME,GAME_ID,GAME_DATE,MATCHUP,WL,MIN,FGM,FGA,FG_PCT,FG3M,FG3A,FG3_PCT,FTM,FTA,FT_PCT,OREB,DREB,REB,AST,TOV,STL,BLK,BLKA,PF,PFD,PTS,PLUS_MINUS,NBA_FANTASY_PTS,DD2,TD3,WNBA_FANTASY_PTS,GP_RANK,W_RANK,L_RANK,W_PCT_RANK,MIN_RANK,FGM_RANK,FGA_RANK,FG_PCT_RANK,FG3M_RANK,FG3A_RANK,FG3_PCT_RANK,FTM_RANK,FTA_RANK,FT_PCT_RANK,OREB_RANK,DREB_RANK,REB_RANK,AST_RANK,TOV_RANK,STL_RANK,BLK_RANK,BLKA_RANK,PF_RANK,PFD_RANK,PTS_RANK,PLUS_MINUS_RANK,NBA_FANTASY_PTS_RANK,DD2_RANK,TD3_RANK,WNBA_FANTASY_PTS_RANK,AVAILABLE_FLAG,MIN_SEC
2024-25,1628386,Jarrett Allen,Jarrett,1610612739,CLE,Cleveland Cavaliers,0022401189,2025-04-13T00:00:00,CLE vs. IND,L,0.6833333333333333,0.0,52.7,0.0,0.0,52.7,0.0,0.0,0.0,0.0,0.0,0.0,0.0,52.7,0.0,0.0,0.0,0.0,52.7,0.0,0.0,105.4,79.0,0,0,52.7,1,13222,1,13222,26167,22635,23,22635,15070,8,15070,13505,14344,13505,14058,22137,23286,5,16469,12854,8263,8846,12,17725,23200,63,213,2246,150,1878,1,0:41
2024-25,201939,Stephen Curry,Stephen,1610612744,GSW,Golden State Warriors,0022401198,2025-04-13T00:00:00,GSW vs. LAC,L,37.998333333333335,9.5,18.9,0.5,6.6,11.4,0.583,8.5,8.5,1.0,0.9,1.9,2.8,5.7,7.6,1.9,0.0,0.0,1.9,4.7,34.1,-15.2,44.1,0,0,53.1,1,13222,1,13222,1393,3911,3792,8526,935,2196,3489,1173,2172,1,13669,19991,20139,6071,684,6792,8263,8846,15710,4644,1116,19961,5604,2246,150,1791,1,37:60
2024-25,1630699,MarJon Beauchamp,MarJon,1610612752,NYK,New York Knicks,0022401188,2025-04-13T00:00:00,NYK @ BKN,W,4.866666666666666,7.4,7.4,1.0,0.0,0.0,0.0,14.8,14.8,1.0,0.0,29.6,29.6,7.4,0.0,0.0,0.0,0.0,0.0,7.4,29.6,-29.6,76.2,0,0,66.6,1,1,13086,1,24032,8013,21073,1,15070,20945,15070,183,370,1,14058,37,88,3513,16469,12854,8263,8846,20257,1390,2238,23665,275,2246,150,410,1,4:52
2024-25,1630162,Anthony Edwards,Anthony,1610612750,MIN,Minnesota Timberwolves,0022401195,2025-04-13T00:00:00,MIN vs. UTA,W,40.25,13.4,27.7,0.484,6.3,16.1,0.389,5.4,6.3,0.857,0.0,5.4,5.4,4.5,1.8,2.7,0.9,0.9,0.9,4.5,38.5,17.9,60.6,0,0,61.7,1,1,13086,1,503,866,419,11951,1131,517,8765,3566,4168,7071,14058,9863,13887,8721,11601,3947,8110,8683,20160,5205,559,4594,1126,2246,150,671,1,40:15
2024-25,203497,Rudy Gobert,Rudy,1610612750,MIN,Minnesota Timberwolves,0022401195,2025-04-13T00:00:00,MIN vs. UTA,W,38.46666666666667,7.5,15.0,0.5,0.0,0.0,0.0,2.8,4.7,0.6,7.5,9.4,16.8,0.0,0.0,0.9,3.7,0.9,1.9,3.7,17.8,5.6,52.0,1,0,44.0,1,1,13086,1,1124,7792,8649,8526,15070,20945,15070,8333,6519,10343,958,3153,1160,19908,16469,12468,1062,8450,15822,7001,10050,9787,2700,1,150,4696,1,38:28
2024-25,1628963,Marvin Bagley III,Marvin,1610612763,MEM,Memphis Grizzlies,0022401194,2025-04-13T00:00:00,MEM vs. DAL,W,30.77,12.9,21.1,0.611,0.0,2.3,0.0,3.5,4.7,0.75,5.8,8.2,14.0,3.5,1.2,1.2,0.0,0.0,2.3,2.3,29.2,28.1,53.7,1,0,49.1,1,1,13086,1,7070,1077,2305,5351,15070,18919,15070,6688,6518,8186,1710,4435,2212,11363,14661,10435,8263,8846,13484,11590,2361,2254,2273,1,150,2782,1,30:46
2024-25,1630567,Scottie Barnes,Scottie,1610612761,TOR,Toronto Raptors,0022401197,2025-04-13T00:00:00,TOR @ SAS,L,36.56666666666667,14.8,22.6,0.652,2.0,2.0,1.0,3.0,3.9,0.75,3.0,7.9,10.8,7.9,3.9,0.0,0.0,0.0,0.0,2.0,34.5,-8.9,55.3,1,0,55.1,1,13222,1,13222,2294,538,1527,4556,10301,19607,1,7943,7969,8186,5446,4901,4569,3022,4000,12854,8263,8846,20257,13217,1050,17360,1927,1,150,1441,1,36:34
2024-25,1631124,Julian Strawther,Julian,1610612743,DEN,Denver Nuggets,0022401193,2025-04-13T00:00:00,DEN @ HOU,W,9.866666666666667,7.3,18.2,0.4,0.0,3.6,0.0,18.2,21.9,0.833,0.0,0.0,0.0,3.6,0.0,3.6,0.0,0.0,3.6,14.6,32.8,-69.3,49.3,0,0,43.8,1,1,13086,1,22143,8225,4413,14933,15070,16327,15070,98,110,7275,14058,22137,23286,10936,16469,2030,8263,8846,8264,111,1357,25880,3522,2246,150,4786,1,9:52
2024-25,1642368,N'Faly Dante,N'Faly,1610612745,HOU,Houston Rockets,0022401193,2025-04-13T00:00:00,HOU vs. DEN,L,4.133333333333334,8.7,8.7,1.0,0.0,0.0,0.0,0.0,0.0,0.0,0.0,34.8,34.8,0.0,0.0,0.0,0.0,0.0,8.7,0.0,17.4,87.1,59.2,0,0,52.3,1,13222,1,13222,24406,5246,19167,1,15070,20945,15070,13505,14344,13505,14058,23,51,19908,16469,12854,8263,8846,1063,17725,10403,122,1293,2246,150,1978,1,4:08
2024-25,1642259,Alex Sarr,Alex,1610612764,WAS,Washington Wizards,0022401190,2025-04-13T00:00:00,WAS @ MIA,W,15.533333333333333,7.0,13.9,0.5,2.3,4.6,0.5,7.0,9.3,0.75,2.3,16.2,18.5,9.3,0.0,2.3,0.0,0.0,4.6,4.6,23.2,7.0,66.3,0,0,57.9,1,1,13086,1,19234,9041,10326,8526,8784,14121,3944,2038,1730,8186,7181,411,785,1821,16469,4964,8263,8846,5447,4866,5366,9159,614,2246,150,1036,1,15:32
2024-25,202696,Nikola Vučević,Nikola,1610612741,CHI,Chicago Bulls,0022401191,2025-04-13T00:00:00,CHI @ PHI,W,16.566666666666666,6.5,21.7,0.3,0.0,2.2,0.0,4.3,4.3,1.0,13.0,4.3,17.4,0.0,4.3,2.2,2.2,2.2,2.2,2.2,17.4,-13.0,46.9,0,0,43.5,1,1,13086,1,18554,10136,1939,19363,15070,19218,15070,5077,7113,1,192,12659,1037,19908,3230,5497,3006,2707,14229,12277,10440,19143,4337,2246,150,4935,1,16:34
2024-25,1631223,David Roddy,David,1610612745,HOU,Houston Rockets,0022401193,2025-04-13T00:00:00,HOU vs. DEN,L,4.133333333333334,17.4,17.4,1.0,0.0,0.0,0.0,0.0,17.4,0.0,0.0,8.7,8.7,0.0,0.0,0.0,0.0,0.0,0.0,8.7,34.8,87.1,45.3,0,0,43.5,1,13222,1,13222,24406,249,5328,1,15070,20945,15070,13505,209,13505,14058,3823,7150,19908,16469,12854,8263,8846,20257,748,982,122,5045,2246,150,4899,1,4:08
2024-25,1631243,Mouhamed Gueye,Mouhamed,1610612737,ATL,Atlanta Hawks,0022401186,2025-04-13T00:00:00,ATL vs. ORL,W,7.05,5.1,10.2,0.5,5.1,5.1,1.0,0.0,0.0,0.0,5.1,15.3,20.4,0.0,0.0,0.0,0.0,5.1,0.0,0.0,15.3,-5.1,39.8,0,0,40.9,1,1,13086,1,23144,14065,16707,8526,2145,12929,1,13505,14344,13505,2281,514,476,19908,16469,12854,8263,344,20257,17725,12600,15649,7860,2246,150,6296,1,7:03
2024-25,1631131,Oscar Tshiebwe,Oscar,1610612762,UTA,Utah Jazz,0022401195,2025-04-13T00:00:00,UTA @ MIN,L,24.583333333333332,10.3,11.7,0.875,0.0,0.0,0.0,5.9,7.3,0.8,5.9,11.7,17.6,2.9,4.4,4.4,1.5,0.0,2.9,4.4,26.4,11.7,65.0,1,0,58.6,1,13222,1,13222,12389,2965,14077,1353,15070,20945,15070,3015,3074,7681,1700,1520,997,13169,3154,1312,4977,8846,11039,5369,3500,6924,695,1,150,953,1,24:35
2024-25,1627736,Malik Beasley,Malik,1610612765,DET,Detroit Pistons,0022401192,2025-04-13T00:00:00,DET @ MIL,L,19.016666666666666,15.1,26.5,0.571,13.3,20.8,0.636,0.0,0.0,0.0,0.0,1.9,1.9,3.8,1.9,1.9,0.0,0.0,1.9,3.8,43.5,1.9,55.3,0,0,66.3,1,13222,1,13222,16808,464,557,6538,98,206,2842,13505,14344,13505,14058,19997,22013,10542,11081,6799,8263,8846,15725,6886,295,11689,1938,2246,150,428,1,19:01
2024-25,1627734,Domantas Sabonis,Domantas,1610612758,SAC,Sacramento Kings,0022401200,2025-04-13T00:00:00,SAC vs. PHX,W,23.716666666666665,12.1,15.2,0.8,6.1,6.1,1.0,0.0,0.0,0.0,6.1,12.1,18.2,9.1,3.0,4.6,0.0,0.0,0.0,1.5,30.4,12.1,76.5,1,0,72.9,1,1,13086,1,13138,1433,8292,1688,1255,10514,1,13505,14344,13505,1577,1290,850,1937,6331,1191,8263,8846,20257,14929,1966,6733,268,1,150,265,1,23:43
2024-25,1630188,Jalen Smith,Jalen,1610612741,CHI,Chicago Bulls,0022401191,2025-04-13T00:00:00,CHI @ PHI,W,16.4,11.0,28.5,0.385,2.2,6.6,0.333,2.2,4.4,0.5,6.6,15.4,22.0,4.4,0.0,0.0,0.0,2.2,2.2,4.4,26.3,17.6,59.3,1,0,54.9,1,1,13086,1,18654,2277,359,16070,9256,9346,9209,9965,7046,10625,1338,506,343,8912,16469,12854,8263,2654,14120,5376,3507,4717,1287,1,150,1475,1,16:24
2024-25,1631170,Jaime Jaquez Jr.,Jaime,1610612748,MIA,Miami Heat,0022401190,2025-04-13T00:00:00,MIA vs. WAS,L,40.53333333333333,15.1,22.2,0.68,1.8,5.3,0.333,4.4,6.2,0.714,0.9,8.0,8.9,6.2,2.7,0.0,0.0,0.0,1.8,4.4,36.4,-3.6,53.7,1,0,53.3,1,13222,1,13222,448,479,1728,3276,11162,12392,9209,4925,4212,9244,13936,4711,6913,5140,7641,12854,8263,8846,16283,5260,766,14821,2267,1,150,1743,1,40:32
2024-25,1642382,Branden Carlson,Branden,1610612760,OKC,Oklahoma City Thunder,0022401196,2025-04-13T00:00:00,OKC @ NOP,W,38.55,9.3,17.7,0.526,1.9,7.5,0.25,3.7,3.7,1.0,5.6,3.7,9.3,1.9,1.9,0.0,2.8,0.9,2.8,1.9,24.3,7.5,44.8,1,0,43.0,1,1,13086,1,1087,4144,4963,8379,10790,7466,11902,6211,8399,1,1877,14512,6270,16865,11239,12854,1952,8464,11638,13655,4627,8896,5257,1,150,5167,1,38:33
2024-25,1630811,Keaton Wallace,Keaton,1610612737,ATL,Atlanta Hawks,0022401186,2025-04-13T00:00:00,ATL vs. ORL,W,37.46666666666667,6.7,19.2,0.35,1.0,6.7,0.143,0.0,0.0,0.0,0.0,10.6,10.6,14.4,2.9,4.8,0.0,1.0,2.9,0.0,14.4,4.8,60.2,1,1,50.0,1,1,13086,1,1700,9637,3581,17337,14747,9062,14649,13505,14344,13505,14058,2180,4843,343,6913,1022,8263,8257,11262,17725,13491,10212,1166,1,1,2541,1,37:28
2024-25,202699,Tobias Harris,Tobias,1610612765,DET,Detroit Pistons,0022401192,2025-04-13T00:00:00,DET @ MIL,L,10.05,7.2,10.7,0.667,0.0,3.6,0.0,0.0,0.0,0.0,0.0,10.7,10.7,3.6,7.2,7.2,0.0,0.0,3.6,0.0,14.3,-60.9,46.9,0,0,43.0,1,13222,1,13222,22090,8549,15790,3281,15070,16481,15070,13505,14344,13505,14058,2046,4652,11134,828,276,8263,8846,8485,17725,13576,25712,4341,2246,150,5148,1,10:03
2024-25,1631132,Christian Koloko,Christian,1610612747,LAL,Los Angeles Lakers,0022401199,2025-04-13T00:00:00,LAL @ POR,L,19.483333333333334,3.7,7.4,0.5,0.0,1.8,0.0,0.0,3.7,0.0,5.5,9.2,14.8,0.0,0.0,1.8,9.2,0.0,5.5,3.7,7.4,-1.8,58.4,0,0,44.3,1,13222,1,13222,16431,17849,21087,8526,15070,19835,15070,13505,8488,13505,1923,3262,1885,19908,16469,7046,87,8846,3639,7144,20417,13945,1416,2246,150,4533,1,19:29
2024-25,1628396,Tony Bradley,Tony,1610612754,IND,Indiana Pacers,0022401189,2025-04-13T00:00:00,IND @ CLE,W,27.3,7.9,17.1,0.462,0.0,0.0,0.0,2.6,5.3,0.5,6.6,11.9,18.5,1.3,1.3,0.0,6.6,1.3,2.6,6.6,18.5,40.9,61.1,1,0,51.4,1,1,13086,1,10100,6826,5641,12428,15070,20945,15070,8719,5499,10625,1332,1428,799,18601,13719,12854,236,5558,12296,1997,9354,918,1070,1,150,2162,1,27:18
2024-25,1630202,Payton Pritchard,Payton,1610612738,BOS,Boston Celtics,0022401187,2025-04-13T00:00:00,BOS vs. CHA,W,38.5,13.1,23.4,0.56,3.7,11.2,0.333,1.9,1.9,1.0,2.8,3.7,6.5,6.5,3.7,0.9,0.0,0.9,0.0,1.9,31.8,7.5,48.5,0,0,50.5,1,1,13086,1,1107,988,1258,7232,4596,2307,9209,11047,13062,1,5847,14496,11070,4639,4461,12477,8263,8456,20257,13638,1573,8888,3795,2246,150,2395,1,38:30
2024-25,1626192,Pat Connaughton,Pat,1610612749,MIL,Milwaukee Bucks,0022401192,2025-04-13T00:00:00,MIL vs. DET,W,43.56666666666667,13.2,24.0,0.552,4.1,9.9,0.417,5.0,7.4,0.667,0.8,8.3,9.1,4.1,1.7,1.7,0.0,0.8,1.7,5.8,35.5,5.8,55.9,1,0,56.2,1,1,13086,1,112,943,1073,7652,3714,3594,7826,4113,2969,9425,14026,4331,6599,9570,12126,7797,8263,8807,16697,2921,897,9708,1821,1,150,1269,1,43:34
2024-25,1641729,Brice Sensabaugh,Brice,1610612762,UTA,Utah Jazz,0022401195,2025-04-13T00:00:00,UTA @ MIN,L,36.766666666666666,6.9,16.6,0.412,5.9,11.7,0.5,2.0,2.0,1.0,2.0,4.9,6.9,2.9,2.9,2.0,1.0,1.0,2.0,3.9,21.5,2.0,40.0,0,0,43.1,1,13222,1,13222,2141,9286,6248,14791,1404,1926,3944,10783,12840,1,8582,11170,10423,13139,6690,6461,7629,8104,15363,6523,6601,11644,7736,2246,150,5100,1,36:46
2024-25,1628371,Jonathan Isaac,Jonathan,1610612753,ORL,Orlando Magic,0022401186,2025-04-13T00:00:00,ORL @ ATL,L,18.95,9.5,17.1,0.556,0.0,3.8,0.0,3.8,3.8,1.0,7.6,11.4,19.0,3.8,1.9,1.9,5.7,0.0,0.0,3.8,22.8,39.9,72.2,1,0,60.8,1,13222,1,13222,16868,3882,5700,7248,15070,15994,15070,6084,8252,1,915,1694,698,10497,11041,6764,364,8846,20257,6852,5632,990,365,1,150,753,1,18:57
2024-25,1628989,Kevin Huerter,Kevin,1610612741,CHI,Chicago Bulls,0022401191,2025-04-13T00:00:00,CHI @ PHI,W,16.266666666666666,13.3,24.3,0.545,11.1,15.5,0.714,2.2,4.4,0.5,0.0,4.4,4.4,4.4,0.0,0.0,0.0,0.0,4.4,2.2,39.8,8.9,51.8,0,0,59.8,1,1,13086,1,18746,911,963,7695,157,600,1861,9900,6981,10625,14058,12463,16224,8818,16469,12854,8263,8846,5949,12104,459,8245,2765,2246,150,849,1,16:16
2024-25,1630643,Jay Huff,Jay,1610612763,MEM,Memphis Grizzlies,0022401194,2025-04-13T00:00:00,MEM vs. DAL,W,27.846666666666668,11.6,15.5,0.75,2.6,5.2,0.5,2.6,2.6,1.0,3.9,3.9,7.8,2.6,3.9,2.6,7.8,0.0,3.9,3.9,28.4,20.7,68.8,0,0,62.1,1,1,13086,1,9679,1777,7806,2107,7878,12771,3944,8842,11011,1,3764,14098,8706,14263,4135,4166,154,8846,7517,6630,2616,3762,492,2246,150,639,1,27:51
2024-25,203914,Gary Harris,Gary,1610612753,ORL,Orlando Magic,0022401186,2025-04-13T00:00:00,ORL @ ATL,L,17.666666666666668,8.2,8.2,1.0,8.2,8.2,1.0,0.0,0.0,0.0,0.0,2.0,2.0,2.0,2.0,2.0,0.0,0.0,0.0,0.0,24.5,-8.2,34.0,0,0,40.8,1,13222,1,13222,17805,6299,20013,1,422,6169,1,13505,14344,13505,14058,19542,21731,16230,10318,6073,8263,8846,20257,17725,4517,17034,11777,2246,150,6363,1,17:40
2024-25,1629655,Daniel Gafford,Daniel,1610612742,DAL,Dallas Mavericks,0022401194,2025-04-13T00:00:00,DAL @ MEM,L,18.733333333333334,15.4,19.2,0.8,0.0,0.0,0.0,7.7,9.6,0.8,9.6,3.8,13.5,1.9,3.8,1.9,3.8,0.0,1.9,5.8,38.4,-19.2,70.9,0,0,65.3,1,13222,1,13222,17015,437,3581,1688,15070,20945,15070,1563,1545,7681,455,14195,2509,16668,4200,6659,1011,8846,15563,2947,563,21311,403,2246,150,465,1,18:44
2024-25,201935,James Harden,James,1610612746,LAC,LA Clippers,0022401198,2025-04-13T00:00:00,LAC @ GSW,W,48.4,9.7,17.1,0.565,3.7,6.0,0.625,6.0,6.7,0.889,0.7,4.5,5.2,7.4,4.5,1.5,1.5,0.0,2.2,6.0,29.0,3.7,50.9,1,0,51.3,1,1,13086,1,12,3637,5692,7102,4651,10804,2868,2916,3664,6857,14052,12356,14263,3472,3049,8464,4898,8846,13955,2684,2424,10796,3018,1,150,2198,1,48:24
2024-25,1629111,Jock Landale,Jock,1610612745,HOU,Houston Rockets,0022401193,2025-04-13T00:00:00,HOU vs. DEN,L,9.383333333333333,19.2,19.2,1.0,3.8,3.8,1.0,0.0,0.0,0.0,3.8,7.7,11.5,0.0,0.0,0.0,0.0,0.0,0.0,0.0,42.2,11.5,56.0,0,0,57.5,1,13222,1,13222,22322,166,3605,1,4343,15923,1,13505,14344,13505,3827,5200,3932,19908,16469,12854,8263,8846,20257,17725,347,7008,1805,2246,150,1092,1,9:23
2024-25,1630167,Obi Toppin,Obi,1610612754,IND,Indiana Pacers,0022401189,2025-04-13T00:00:00,IND @ CLE,W,12.25,8.8,17.6,0.5,2.9,8.8,0.333,0.0,0.0,0.0,2.9,5.9,8.8,0.0,5.9,5.9,0.0,0.0,2.9,0.0,20.6,-17.6,42.9,0,0,44.1,1,1,13086,1,21122,5045,5104,8526,6726,5081,9209,13505,14344,13505,5482,8597,6992,19908,1479,506,8263,8846,10987,17725,7422,20815,6172,2246,150,4643,1,12:15
2024-25,1629006,Josh Okogie,Josh,1610612766,CHA,Charlotte Hornets,0022401187,2025-04-13T00:00:00,CHA @ BOS,L,18.128333333333334,7.9,19.9,0.4,4.0,13.9,0.286,7.9,9.9,0.8,0.0,4.0,4.0,4.0,2.0,0.0,2.0,0.0,0.0,6.0,27.8,-6.0,42.5,0,0,43.7,1,13222,1,13222,17489,6748,3055,14933,4048,952,11433,1438,1398,7681,14058,13807,17386,10005,10586,12854,3524,8846,20257,2679,2856,16042,6371,2246,150,4838,1,18:08
2024-25,1630625,Dalano Banton,Dalano,1610612757,POR,Portland Trail Blazers,0022401199,2025-04-13T00:00:00,POR vs. LAL,W,36.28333333333333,7.9,21.8,0.364,4.0,11.9,0.333,3.0,4.0,0.75,1.0,4.0,5.0,6.9,3.0,1.0,0.0,2.0,2.0,3.0,22.8,29.8,39.2,0,0,40.7,1,1,13086,1,2476,6768,1891,16861,4057,1831,9209,7883,7900,8186,13323,13817,14903,4067,6572,12022,8263,3276,15235,9341,5615,1999,8275,2246,150,6393,1,36:17
2024-25,1641801,Emanuel Miller,Emanuel,1610612741,CHI,Chicago Bulls,0022401191,2025-04-13T00:00:00,CHI @ PHI,W,10.766666666666667,10.0,13.4,0.75,0.0,0.0,0.0,0.0,0.0,0.0,6.7,10.0,16.7,0.0,0.0,3.3,0.0,0.0,6.7,0.0,20.1,16.7,50.2,0,0,43.5,1,1,13086,1,21817,3190,11184,2107,15070,20945,15070,13505,14344,13505,1284,2555,1202,19908,16469,2477,8263,8846,2230,17725,7874,4999,3226,2246,150,4930,1,10:46
2024-25,1631106,Tari Eason,Tari,1610612745,HOU,Houston Rockets,0022401193,2025-04-13T00:00:00,HOU vs. DEN,L,17.933333333333334,8.0,22.1,0.364,0.0,4.0,0.0,0.0,2.0,0.0,8.0,6.0,14.1,6.0,2.0,2.0,2.0,6.0,2.0,2.0,16.1,-42.2,52.0,0,0,44.2,1,13222,1,13222,17607,6574,1781,16861,15070,15551,15070,13505,12707,13505,777,8278,2210,5445,10482,6218,3467,217,15101,13051,11866,24992,2710,2246,150,4609,1,17:56
2024-25,1628398,Kyle Kuzma,Kyle,1610612749,MIL,Milwaukee Bucks,0022401192,2025-04-13T00:00:00,MIL vs. DET,W,12.0,24.0,30.0,0.8,15.0,21.0,0.714,3.0,3.0,1.0,0.0,6.0,6.0,6.0,3.0,0.0,0.0,0.0,0.0,3.0,66.0,54.0,79.2,0,0,93.0,1,1,13086,1,21228,78,271,1688,74,200,1861,7799,9972,1,14058,8311,12271,5485,6468,12854,8263,8846,20257,9236,62,450,207,2246,150,80,1,12:00
2024-25,202685,Jonas Valančiūnas,Jonas,1610612758,SAC,Sacramento Kings,0022401200,2025-04-13T00:00:00,SAC vs. PHX,W,20.966666666666665,17.2,18.9,0.909,0.0,0.0,0.0,3.4,3.4,1.0,5.2,12.0,17.2,6.9,3.4,0.0,0.0,0.0,3.4,3.4,37.8,15.5,65.2,1,0,61.8,1,1,13086,1,15314,262,3858,1292,15070,20945,15070,6826,9019,1,2247,1343,1084,4185,5158,12854,8263,8846,8959,7858,624,5452,683,1,150,657,1,20:58
2024-25,1630570,Trendon Watford,Trendon,1610612751,BKN,Brooklyn Nets,0022401188,2025-04-13T00:00:00,BKN vs. NYK,L,33.38333333333333,8.6,12.9,0.667,1.1,2.2,0.5,3.2,5.4,0.6,0.0,7.5,7.5,4.3,4.3,2.2,1.1,1.1,5.4,5.4,21.6,2.2,42.5,0,0,41.0,1,13222,1,13222,4824,5388,11960,3281,14080,19248,3944,7246,5329,10343,14058,5408,9075,9090,3290,5557,6923,7239,3864,3493,6581,11534,6376,2246,150,6214,1,33:23
2024-25,1630623,Tyson Etienne,Tyson,1610612751,BKN,Brooklyn Nets,0022401188,2025-04-13T00:00:00,BKN vs. NYK,L,17.14666666666667,2.1,6.3,0.333,2.1,6.3,0.333,4.2,4.2,1.0,0.0,0.0,0.0,2.1,0.0,0.0,0.0,0.0,2.1,2.1,10.5,-14.7,13.6,0,0,14.7,1,13222,1,13222,18172,21235,22321,17395,9687,9982,9209,5346,7412,1,14058,22137,23286,16005,16469,12854,8263,8846,14615,12614,17667,19786,23591,2246,150,23175,1,17:09
2024-25,1627750,Jamal Murray,Jamal,1610612743,DEN,Denver Nuggets,0022401193,2025-04-13T00:00:00,DEN @ HOU,W,24.783333333333335,8.7,23.2,0.375,1.5,5.8,0.25,4.4,4.4,1.0,2.9,7.3,10.2,4.4,1.5,0.0,0.0,1.5,0.0,4.4,23.2,29.1,40.5,0,0,39.2,1,1,13086,1,12187,5238,1305,16299,12241,11188,11902,5056,7095,1,5577,5886,5262,8991,13001,12854,8263,4975,20257,5458,5334,2101,7445,2246,150,7262,1,24:47
2024-25,1642402,Enrique Freeman,Enrique,1610612754,IND,Indiana Pacers,0022401189,2025-04-13T00:00:00,IND @ CLE,W,31.15,2.3,9.2,0.25,0.0,3.5,0.0,4.6,4.6,1.0,2.3,6.9,9.2,1.2,1.2,1.2,1.2,0.0,1.2,2.3,9.2,33.5,27.9,0,0,24.3,1,1,13086,1,6744,20833,18340,20233,15070,16714,15070,4645,6627,1,7213,6479,6388,19160,14755,10539,6449,8846,18782,11701,18866,1571,16333,2246,150,18153,1,31:09
2024-25,1629651,Nic Claxton,Nic,1610612751,BKN,Brooklyn Nets,0022401188,2025-04-13T00:00:00,BKN vs. NYK,L,22.266666666666666,8.1,9.7,0.833,0.0,0.0,0.0,3.2,4.9,0.667,1.6,1.6,3.2,0.0,1.6,0.0,0.0,0.0,1.6,6.5,19.4,-3.2,21.7,0,0,22.6,1,13222,1,13222,14302,6460,17576,1514,15070,20945,15070,7248,6199,9425,9853,20638,19142,19908,12268,12854,8263,8846,16815,2115,8468,14692,20337,2246,150,19254,1,22:16
2024-25,1629611,Terance Mann,Terance,1610612737,ATL,Atlanta Hawks,0022401186,2025-04-13T00:00:00,ATL vs. ORL,W,29.683333333333334,10.9,17.0,0.643,0.0,2.4,0.0,1.2,2.4,0.5,2.4,1.2,3.6,4.9,1.2,0.0,0.0,0.0,0.0,1.2,23.0,2.4,33.5,0,0,31.5,1,1,13086,1,8057,2336,5829,4607,15070,18755,15070,12547,11404,10625,6851,21480,18230,7792,14341,12854,8263,8846,20257,16338,5455,11405,12204,2246,150,12747,1,29:41
2024-25,1631119,Jaylin Williams,Jaylin,1610612760,OKC,Oklahoma City Thunder,0022401196,2025-04-13T00:00:00,OKC @ NOP,W,2.2666666666666666,0.0,15.9,0.0,0.0,0.0,0.0,0.0,0.0,0.0,0.0,31.8,31.8,0.0,0.0,0.0,0.0,0.0,0.0,0.0,0.0,142.9,38.1,0,0,31.8,1,1,13086,1,25330,22635,7290,22635,15070,20945,15070,13505,14344,13505,14058,31,69,19908,16469,12854,8263,8846,20257,17725,23200,26,8945,2246,150,12561,1,2:16
2024-25,1628418,Thomas Bryant,Thomas,1610612754,IND,Indiana Pacers,0022401189,2025-04-13T00:00:00,IND @ CLE,W,17.983333333333334,6.0,12.0,0.5,2.0,8.0,0.25,0.0,0.0,0.0,2.0,4.0,6.0,0.0,0.0,0.0,0.0,0.0,0.0,0.0,14.0,-28.0,21.2,0,0,22.0,1,1,13086,1,17566,11488,13567,8526,10153,6437,11902,13505,14344,13505,8377,13710,12257,19908,16469,12854,8263,8846,20257,17725,13921,23432,20588,2246,150,19669,1,17:59
2024-25,1631230,Dominick Barlow,Dominick,1610612737,ATL,Atlanta Hawks,0022401186,2025-04-13T00:00:00,ATL vs. ORL,W,33.93333333333333,6.4,9.5,0.667,0.0,2.1,0.0,3.2,6.4,0.5,2.1,3.2,5.3,1.1,0.0,0.0,0.0,0.0,4.2,3.2,15.9,30.8,23.9,0,0,22.3,1,1,13086,1,4325,10527,17859,3281,15070,19330,15070,7365,4047,10625,7878,16150,14033,19481,16469,12854,8263,8846,6439,8618,12007,1866,19043,2246,150,19498,1,33:56
2024-25,1630553,Keon Johnson,Keon,1610612751,BKN,Brooklyn Nets,0022401188,2025-04-13T00:00:00,BKN vs. NYK,L,36.733333333333334,4.9,12.7,0.385,1.0,7.8,0.125,2.9,3.9,0.75,2.0,6.9,8.8,3.9,3.9,1.0,0.0,1.0,4.9,3.9,13.7,-11.8,29.2,0,0,29.4,1,13222,1,13222,2168,14675,12312,16070,14655,6737,14886,7978,8007,8186,8575,6608,6982,10165,4035,12126,8263,8096,4835,6510,14251,18651,15357,2246,150,14404,1,36:44
2024-25,1628978,Donte DiVincenzo,Donte,1610612750,MIN,Minnesota Timberwolves,0022401195,2025-04-13T00:00:00,MIN vs. UTA,W,28.3,7.6,12.7,0.6,5.1,10.2,0.5,0.0,0.0,0.0,1.3,2.5,3.8,2.5,1.3,0.0,0.0,0.0,3.8,0.0,20.4,10.2,27.5,0,0,31.8,1,1,13086,1,9299,7428,12349,5394,2168,3303,3944,13505,14344,13505,11346,18071,17783,14383,13954,12854,8263,8846,7682,17725,7615,7608,16601,2246,150,12541,1,28:18
2024-25,1628976,Wendell Carter Jr.,Wendell,1610612753,ORL,Orlando Magic,0022401186,2025-04-13T00:00:00,ORL @ ATL,L,17.4,2.1,14.5,0.143,0.0,4.1,0.0,4.1,6.2,0.667,0.0,6.2,6.2,4.1,0.0,2.1,0.0,0.0,0.0,6.2,8.3,-29.0,28.1,0,0,22.8,1,13222,1,13222,18004,21283,9390,22260,15070,15254,15070,5461,4219,9425,14058,7876,11808,9551,16469,5914,8263,8846,20257,2382,19672,23582,16111,2246,150,19160,1,17:24
2024-25,1641787,Tosan Evbuomwan,Tosan,1610612751,BKN,Brooklyn Nets,0022401188,2025-04-13T00:00:00,BKN vs. NYK,L,20.433333333333334,0.0,1.8,0.0,0.0,0.0,0.0,3.5,3.5,1.0,0.0,7.0,7.0,8.8,1.8,1.8,0.0,1.8,7.0,1.8,3.5,-12.3,28.7,0,0,22.9,1,13222,1,13222,15684,22635,24798,22635,15070,20945,15070,6659,8842,1,14058,6282,10062,2180,11697,7396,8263,3998,1945,14069,22766,18875,15699,2246,150,19076,1,20:26
2024-25,203957,Danté Exum,Danté,1610612742,DAL,Dallas Mavericks,0022401194,2025-04-13T00:00:00,DAL @ MEM,L,14.283333333333333,5.0,12.6,0.4,0.0,5.0,0.0,0.0,0.0,0.0,0.0,5.0,5.0,7.6,0.0,0.0,0.0,0.0,2.5,2.5,10.1,15.1,27.5,0,0,22.7,1,13222,1,13222,20029,14266,12569,14933,15070,13104,15070,13505,14344,13505,14058,10754,14699,3324,16469,12854,8263,8846,12707,10909,18075,5577,16605,2246,150,19227,1,14:17
2024-25,1627826,Ivica Zubac,Ivica,1610612746,LAC,LA Clippers,0022401198,2025-04-13T00:00:00,LAC @ GSW,W,42.255,9.4,13.6,0.688,0.0,0.0,0.0,0.0,0.0,0.0,3.4,11.1,14.5,2.6,0.0,0.9,0.9,1.7,0.0,0.0,18.7,11.1,45.1,1,0,39.2,1,1,13086,1,235,4077,10775,3227,15070,20945,15070,13505,14344,13505,4526,1873,2006,14351,16469,12782,8185,4138,20257,17725,9087,7204,5144,1,150,7276,1,42:15
2024-25,1628998,Cody Martin,Cody,1610612756,PHX,Phoenix Suns,0022401200,2025-04-13T00:00:00,PHX @ SAC,L,12.423333333333334,2.9,8.7,0.333,0.0,5.8,0.0,0.0,0.0,0.0,0.0,5.8,5.8,2.9,2.9,0.0,0.0,2.9,2.9,0.0,5.8,-11.6,14.2,0,0,14.5,1,13222,1,13222,21034,19662,19207,17395,15070,11214,15070,13505,14344,13505,14058,8802,12770,13289,6854,12854,8263,1468,11205,17725,21527,18569,23431,2246,150,23258,1,12:25
2024-25,1629674,Neemias Queta,Neemias,1610612738,BOS,Boston Celtics,0022401187,2025-04-13T00:00:00,BOS vs. CHA,W,26.15,1.4,6.9,0.2,0.0,0.0,0.0,0.0,0.0,0.0,2.8,5.5,8.3,5.5,0.0,2.8,0.0,1.4,4.1,1.4,2.8,15.1,29.2,0,0,22.0,1,1,13086,1,11042,22316,21693,21401,15070,20945,15070,13505,14344,13505,5972,9519,7833,6411,16469,3799,8263,5274,6737,15544,23010,5572,15370,2246,150,19665,1,26:09
2024-25,1629130,Duncan Robinson,Duncan,1610612748,MIA,Miami Heat,0022401190,2025-04-13T00:00:00,MIA vs. WAS,L,19.566666666666666,3.7,11.0,0.333,3.7,11.0,0.333,0.0,0.0,0.0,0.0,3.7,3.7,3.7,0.0,0.0,0.0,0.0,1.8,1.8,11.0,1.8,21.0,0,0,22.1,1,13222,1,13222,16360,17889,15298,17395,4737,2450,9209,13505,14344,13505,14058,14701,18122,10843,16469,12854,8263,8846,15990,13774,17150,11715,20705,2246,150,19633,1,19:34
2024-25,203901,Elfrid Payton,Elfrid,1610612740,NOP,New Orleans Pelicans,0022401196,2025-04-13T00:00:00,NOP vs. OKC,L,17.516666666666666,2.1,10.3,0.2,2.1,2.1,1.0,0.0,0.0,0.0,2.1,2.1,4.1,6.2,0.0,0.0,2.1,2.1,2.1,0.0,6.2,-26.7,26.5,0,0,22.6,1,13222,1,13222,17908,21310,16602,21401,9897,19449,1,13505,14344,13505,8139,19492,17046,5223,16469,12854,3334,3040,14843,17725,21271,23183,17287,2246,150,19280,1,17:31
2024-25,203110,Draymond Green,Draymond,1610612744,GSW,Golden State Warriors,0022401198,2025-04-13T00:00:00,GSW vs. LAC,L,38.483333333333334,4.7,8.4,0.556,3.7,5.6,0.667,0.0,0.0,0.0,0.0,2.8,2.8,3.7,1.9,0.9,1.9,0.9,4.7,1.9,13.1,-4.7,28.6,0,0,29.0,1,13222,1,13222,1114,15295,19614,7248,4593,11682,1957,13505,14344,13505,14058,17381,20239,10680,11217,12471,3859,8453,5346,13636,14987,15404,15784,2246,150,14707,1,38:29
2024-25,1626181,Norman Powell,Norman,1610612746,LAC,LA Clippers,0022401198,2025-04-13T00:00:00,LAC @ GSW,W,43.86666666666667,3.3,10.7,0.308,0.8,4.9,0.167,1.6,1.6,1.0,0.0,1.6,1.6,0.0,1.6,0.8,0.0,2.5,3.3,3.3,9.0,14.0,11.8,0,0,13.1,1,1,13086,1,95,18798,15943,19226,15056,13384,14236,11522,13350,1,14058,20583,22380,19908,12177,12822,8263,2106,9513,8300,19047,6032,24057,2246,150,23671,1,43:52
2024-25,1642275,Tidjane Salaün,Tidjane,1610612766,CHA,Charlotte Hornets,0022401187,2025-04-13T00:00:00,CHA @ BOS,L,35.88333333333333,1.0,11.0,0.091,1.0,7.0,0.143,2.0,2.0,1.0,0.0,5.0,5.0,2.0,2.0,0.0,0.0,2.0,3.0,1.0,5.0,-6.0,12.0,0,0,13.0,1,13222,1,13222,2764,22618,15306,22599,14533,8419,14649,10624,12709,1,14058,10837,14753,16351,10490,12854,8263,3211,10668,17387,21997,16070,23996,2246,150,23699,1,35:53
2024-25,1629632,Coby White,Coby,1610612741,CHI,Chicago Bulls,0022401191,2025-04-13T00:00:00,CHI @ PHI,W,18.783333333333335,1.9,11.5,0.167,0.0,3.8,0.0,0.0,0.0,0.0,0.0,7.7,7.7,7.7,5.7,0.0,1.9,0.0,1.9,3.8,3.8,-26.8,24.5,0,0,23.0,1,1,13086,1,16980,21552,14471,21938,15070,15927,15070,13505,14344,13505,14058,5215,8850,3214,1609,12854,3715,8846,15582,6759,22636,23206,18586,2246,150,19025,1,18:47
2024-25,1626145,Tyus Jones,Tyus,1610612756,PHX,Phoenix Suns,0022401200,2025-04-13T00:00:00,PHX @ SAC,L,25.916666666666668,9.7,18.1,0.538,4.2,9.7,0.429,0.0,0.0,0.0,0.0,2.8,2.8,5.6,1.4,1.4,0.0,0.0,0.0,1.4,23.6,1.4,38.1,0,0,38.9,1,13222,1,13222,11230,3577,4609,7978,3639,3821,7394,13505,14344,13505,14058,17469,20302,6328,13341,8964,8263,8846,20257,15500,5044,11919,8989,2246,150,7455,1,25:55
2024-25,203944,Julius Randle,Julius,1610612750,MIN,Minnesota Timberwolves,0022401195,2025-04-13T00:00:00,MIN vs. UTA,W,32.96666666666667,5.5,12.0,0.455,0.0,3.3,0.0,0.0,0.0,0.0,3.3,7.6,10.9,5.5,4.4,0.0,1.1,1.1,2.2,2.2,10.9,7.6,31.1,1,0,29.5,1,1,13086,1,5178,13104,13564,12676,15070,17119,15070,13505,14344,13505,4794,5247,4483,6512,3196,12854,6846,7119,14171,12227,17245,8805,13975,1,150,14339,1,32:58
2024-25,1630658,Colin Castleton,Colin,1610612761,TOR,Toronto Raptors,0022401197,2025-04-13T00:00:00,TOR @ SAS,L,29.266666666666666,6.2,8.6,0.714,0.0,0.0,0.0,0.0,1.2,0.0,1.2,1.2,2.5,0.0,0.0,0.0,0.0,0.0,7.4,2.5,12.3,-4.9,15.3,0,0,14.8,1,13222,1,13222,8428,11090,19342,2752,15070,20945,15070,13505,13837,13505,11605,21442,20879,19908,16469,12854,8263,8846,1721,11125,15823,15541,23101,2246,150,23149,1,29:16
2024-25,203500,Steven Adams,Steven,1610612745,HOU,Houston Rockets,0022401193,2025-04-13T00:00:00,HOU vs. DEN,L,17.216666666666665,4.2,8.4,0.5,0.0,0.0,0.0,0.0,0.0,0.0,4.2,8.4,12.5,2.1,2.1,0.0,0.0,0.0,4.2,2.1,8.4,-48.1,24.5,0,0,23.0,1,13222,1,13222,18123,16640,19695,8526,15070,20945,15070,13505,14344,13505,3325,4196,3103,16031,10038,12854,8263,8846,6600,12652,19611,25321,18642,2246,150,19023,1,17:13
2024-25,203501,Tim Hardaway Jr.,Tim,1610612765,DET,Detroit Pistons,0022401192,2025-04-13T00:00:00,DET @ MIL,L,12.0,3.0,12.0,0.25,3.0,12.0,0.25,0.0,0.0,0.0,0.0,3.0,3.0,0.0,0.0,0.0,0.0,0.0,0.0,0.0,9.0,-54.0,12.6,0,0,15.0,1,13222,1,13222,21228,19415,13575,20233,6500,1779,11902,13505,14344,13505,14058,16717,19729,19908,16469,12854,8263,8846,20257,17725,19078,25540,23867,2246,150,23059,1,12:00
2024-25,203897,Zach LaVine,Zach,1610612758,SAC,Sacramento Kings,0022401200,2025-04-13T00:00:00,SAC vs. PHX,W,26.566666666666666,8.1,14.9,0.545,5.4,8.1,0.667,0.0,0.0,0.0,0.0,0.0,0.0,2.7,2.7,0.0,0.0,0.0,0.0,1.4,21.7,6.8,23.0,0,0,29.8,1,1,13086,1,10668,6348,8740,7695,1823,6217,1957,13505,14344,13505,14058,22137,23286,13880,7499,12854,8263,8846,20257,15646,6477,9254,19539,2246,150,14090,1,26:34
2024-25,1641732,Colby Jones,Colby,1610612764,WAS,Washington Wizards,0022401190,2025-04-13T00:00:00,WAS @ MIA,W,42.083333333333336,7.7,15.4,0.5,0.0,3.4,0.0,1.7,3.4,0.5,0.9,7.7,8.6,3.4,1.7,0.0,0.0,1.7,1.7,1.7,17.1,6.0,30.8,1,0,29.1,1,1,13086,1,252,7274,7964,8526,15070,16829,15070,11394,9041,10625,13991,5168,7394,11631,11877,12854,8263,4119,16499,14234,10733,9623,14206,1,150,14634,1,42:05
2024-25,1642267,Bub Carrington,Bub,1610612764,WAS,Washington Wizards,0022401190,2025-04-13T00:00:00,WAS @ MIA,W,40.766666666666666,5.3,15.9,0.333,2.6,7.9,0.333,0.0,0.0,0.0,0.9,5.3,6.2,7.9,0.9,0.9,0.0,0.9,2.6,0.0,13.2,-3.5,34.4,0,0,31.8,1,1,13086,1,405,13535,7272,17395,7689,6538,9209,13505,14344,13505,13948,10030,11870,2940,16377,12726,8263,8715,12248,17725,14814,14814,11557,2246,150,12550,1,40:46
2024-25,1629312,Haywood Highsmith,Haywood,1610612748,MIA,Miami Heat,0022401190,2025-04-13T00:00:00,MIA vs. WAS,L,21.991666666666667,8.2,16.4,0.5,3.3,8.2,0.4,0.0,0.0,0.0,1.6,3.3,4.9,1.6,1.6,0.0,0.0,0.0,3.3,0.0,19.6,6.5,26.4,0,0,29.5,1,13222,1,13222,14511,6238,6586,8526,5745,6108,7874,13505,14344,13505,9792,15874,15033,17544,12189,12854,8263,8846,9553,17725,8212,9362,17383,2246,150,14350,1,21:60
2024-25,1630539,Kai Jones,Kai,1610612742,DAL,Dallas Mavericks,0022401194,2025-04-13T00:00:00,DAL @ MEM,L,26.266666666666666,6.9,9.6,0.714,0.0,1.4,0.0,1.4,2.7,0.5,2.7,8.2,11.0,2.7,2.7,1.4,0.0,0.0,0.0,1.4,15.1,-26.0,33.7,0,0,31.5,1,13222,1,13222,10937,9288,17786,2752,15070,20405,15070,12102,10637,10625,6005,4391,4435,13785,7408,9074,8263,8846,20257,15571,12829,23039,12033,2246,150,12761,1,26:16
2024-25,1642269,Devin Carter,Devin,1610612758,SAC,Sacramento Kings,0022401200,2025-04-13T00:00:00,SAC vs. PHX,W,22.5,3.2,11.2,0.286,1.6,3.2,0.5,0.0,0.0,0.0,3.2,4.8,8.0,1.6,1.6,1.6,0.0,0.0,1.6,3.2,8.0,6.4,23.2,0,0,22.4,1,1,13086,1,14100,18998,15021,19630,11676,17269,3944,13505,14344,13505,4943,11436,8265,17651,12335,7984,8263,8846,16875,8563,19921,9423,19435,2246,150,19421,1,22:30
2024-25,1641878,Damion Baugh,Damion,1610612766,CHA,Charlotte Hornets,0022401187,2025-04-13T00:00:00,CHA @ BOS,L,25.983333333333334,4.2,13.9,0.3,0.0,4.2,0.0,0.0,0.0,0.0,4.2,5.5,9.7,8.3,5.5,1.4,1.4,1.4,2.8,0.0,8.3,6.9,35.2,0,0,31.9,1,13222,1,13222,11176,16714,10417,19363,15070,15214,15070,13505,14344,13505,3359,9424,5800,2599,1775,8979,5289,5237,11763,17725,19646,9174,10935,2246,150,12481,1,25:59
2024-25,1642505,Alex Ducas,Alex,1610612760,OKC,Oklahoma City Thunder,0022401196,2025-04-13T00:00:00,OKC @ NOP,W,14.88,2.4,7.3,0.333,2.4,4.8,0.5,4.8,4.8,1.0,4.8,7.3,12.1,2.4,0.0,0.0,0.0,0.0,9.7,2.4,12.1,9.7,30.2,0,0,29.0,1,1,13086,1,19655,20618,21263,17395,8416,13602,3944,4278,6220,1,2520,5892,3418,14810,16469,12854,8263,8846,772,11269,16038,7849,14630,2246,150,14672,1,14:53
2024-25,1628997,Caleb Martin,Caleb,1610612742,DAL,Dallas Mavericks,0022401194,2025-04-13T00:00:00,DAL @ MEM,L,21.466666666666665,5.0,13.4,0.375,0.0,5.0,0.0,0.0,0.0,0.0,1.7,3.4,5.0,0.0,0.0,0.0,0.0,0.0,3.4,1.7,10.1,-21.8,16.1,0,0,15.1,1,13222,1,13222,14954,14293,11123,16299,15070,13128,15070,13505,14344,13505,9648,15630,14718,19908,16469,12854,8263,8846,9235,14343,18096,22027,22810,2246,150,23029,1,21:28
2024-25,1630230,Naji Marshall,Naji,1610612742,DAL,Dallas Mavericks,0022401194,2025-04-13T00:00:00,DAL @ MEM,L,27.55,6.5,14.4,0.455,1.3,2.6,0.5,0.0,0.0,0.0,1.3,2.6,3.9,2.6,3.9,0.0,0.0,3.9,0.0,0.0,14.4,-28.7,19.1,0,0,22.2,1,13222,1,13222,9909,10103,9571,12676,12832,18422,3944,13505,14344,13505,11166,17915,17513,14172,4035,12854,8263,677,20257,17725,13530,23544,21595,2246,150,19545,1,27:33
2024-25,1641764,Brandin Podziemski,Brandin,1610612744,GSW,Golden State Warriors,0022401198,2025-04-13T00:00:00,GSW vs. LAC,L,43.068333333333335,5.9,9.2,0.636,1.7,3.3,0.5,2.5,4.2,0.6,0.8,5.0,5.9,3.3,1.7,1.7,0.8,0.8,3.3,3.3,15.9,10.0,33.8,0,0,31.8,1,13222,1,13222,144,11947,18413,4689,11477,16976,3944,9029,7453,10343,14017,10841,12630,11846,12037,7716,8214,8794,9280,8118,12054,7687,11995,2246,150,12576,1,43:04
2024-25,1631104,Blake Wesley,Blake,1610612759,SAS,San Antonio Spurs,0022401197,2025-04-13T00:00:00,SAS vs. TOR,W,19.516666666666666,3.7,9.2,0.4,0.0,3.7,0.0,7.4,7.4,1.0,0.0,1.8,1.8,7.4,5.5,3.7,0.0,0.0,3.7,5.5,14.8,-9.2,33.6,0,0,31.4,1,1,13086,1,16401,17868,18368,14933,15070,16241,15070,1746,3016,1,14058,20123,22095,3537,1783,1979,8263,8846,8124,3293,13150,17538,12140,2246,150,12889,1,19:31
2024-25,1641712,Rayan Rupert,Rayan,1610612757,POR,Portland Trail Blazers,0022401199,2025-04-13T00:00:00,POR vs. LAL,W,27.616666666666667,6.5,13.0,0.5,2.6,7.8,0.333,1.3,1.3,1.0,1.3,11.7,13.0,1.3,2.6,1.3,1.3,0.0,6.5,3.9,16.9,1.3,39.8,1,0,39.1,1,1,13086,1,9855,10142,11793,8526,7804,6769,9209,12292,13722,1,11182,1513,2784,18646,7851,9436,5632,8846,2387,6534,10907,11952,7912,1,150,7316,1,27:37
2024-25,1641713,GG Jackson,GG,1610612763,MEM,Memphis Grizzlies,0022401194,2025-04-13T00:00:00,MEM vs. DAL,W,34.28333333333333,2.1,12.6,0.167,1.1,3.2,0.333,0.0,0.0,0.0,1.1,3.2,4.2,3.2,2.1,0.0,0.0,1.1,2.1,2.1,5.3,15.8,12.9,0,0,13.7,1,1,13086,1,4024,21233,12572,21938,14249,17365,9209,13505,14344,13505,12873,16257,16806,12478,9997,12854,8263,7490,14610,12608,21882,5338,23791,2246,150,23520,1,34:17
2024-25,1641890,Tyler Smith,Tyler,1610612749,MIL,Milwaukee Bucks,0022401192,2025-04-13T00:00:00,MIL vs. DET,W,29.55,7.3,11.0,0.667,4.9,7.3,0.667,4.9,4.9,1.0,2.4,2.4,4.9,0.0,2.4,1.2,1.2,0.0,2.4,3.7,24.4,-1.2,35.1,0,0,39.0,1,1,13086,1,8180,8206,15427,3281,2452,7801,1957,4234,6164,1,6818,18369,15130,19908,8501,10028,6063,8846,13047,7252,4569,13685,11001,2246,150,7389,1,29:33
2024-25,1641779,Jalen Bridges,Jalen,1610612756,PHX,Phoenix Suns,0022401200,2025-04-13T00:00:00,PHX @ SAC,L,2.7666666666666666,0.0,13.0,0.0,0.0,13.0,0.0,26.0,26.0,1.0,0.0,13.0,13.0,0.0,0.0,0.0,0.0,0.0,0.0,13.0,26.0,0.0,41.6,0,0,39.0,1,13222,1,13222,25079,22635,11829,22635,15070,1296,15070,46,80,1,14058,1006,2796,19908,16469,12854,8263,8846,20257,154,3666,12240,6807,2246,150,7361,1,2:46
2024-25,202687,Bismack Biyombo,Bismack,1610612759,SAS,San Antonio Spurs,0022401197,2025-04-13T00:00:00,SAS vs. TOR,W,14.05,2.6,7.7,0.333,0.0,0.0,0.0,0.0,0.0,0.0,2.6,15.4,17.9,0.0,2.6,0.0,0.0,0.0,2.6,0.0,5.1,30.7,24.1,0,0,23.1,1,1,13086,1,20169,20343,20666,17395,15070,20945,15070,13505,14344,13505,6445,505,922,19908,8008,12854,8263,8846,12555,17725,21943,1868,18886,2246,150,18970,1,14:03
2024-25,1626172,Kevon Looney,Kevon,1610612744,GSW,Golden State Warriors,0022401198,2025-04-13T00:00:00,GSW vs. LAC,L,16.175,6.7,6.7,1.0,0.0,0.0,0.0,0.0,0.0,0.0,0.0,6.7,6.7,6.7,0.0,2.2,0.0,0.0,0.0,0.0,13.4,-6.7,38.1,0,0,31.2,1,13222,1,13222,18812,9742,21920,1,15070,20945,15070,13505,14344,13505,14058,6941,10777,4458,16469,5289,8263,8846,20257,17725,14682,16369,8993,2246,150,13031,1,16:11
2024-25,1630592,Jalen Wilson,Jalen,1610612751,BKN,Brooklyn Nets,0022401188,2025-04-13T00:00:00,BKN vs. NYK,L,37.96666666666667,5.7,10.4,0.545,4.7,7.6,0.625,0.9,2.8,0.333,0.0,3.8,3.8,3.8,0.0,0.0,0.0,0.0,1.9,1.9,17.1,-3.8,27.3,0,0,29.4,1,13222,1,13222,1402,12452,16341,7695,2657,7204,2868,13374,10375,13132,14058,14342,17842,10512,16469,12854,8263,8846,15694,13533,10788,14946,16737,2246,150,14418,1,37:58
2024-25,1642277,Johnny Furphy,Johnny,1610612754,IND,Indiana Pacers,0022401189,2025-04-13T00:00:00,IND @ CLE,W,41.43333333333333,4.3,13.9,0.313,0.9,6.1,0.143,3.5,3.5,1.0,1.7,6.1,7.8,4.3,2.6,0.9,0.9,1.7,4.3,3.5,13.0,10.4,31.5,0,0,29.5,1,1,13086,1,304,16220,10336,19175,15014,10488,14649,6744,8933,1,9450,8149,8582,9026,7853,12760,8163,4053,6159,7729,15056,7498,13652,2246,150,14295,1,41:26
2024-25,1630198,Isaiah Joe,Isaiah,1610612760,OKC,Oklahoma City Thunder,0022401196,2025-04-13T00:00:00,OKC @ NOP,W,34.806666666666665,5.2,15.5,0.333,2.1,11.4,0.182,5.2,5.2,1.0,3.1,3.1,6.2,1.0,0.0,2.1,0.0,1.0,3.1,3.1,17.6,12.4,32.8,0,0,31.0,1,1,13086,1,3609,13889,7804,17395,9826,2194,14207,3796,5646,1,5130,16406,11813,19582,16469,5918,8263,7629,10264,8881,10239,6631,12736,2246,150,13135,1,34:48
2024-25,1641763,Julian Phillips,Julian,1610612741,CHI,Chicago Bulls,0022401191,2025-04-13T00:00:00,CHI @ PHI,W,26.1,5.5,11.0,0.5,1.4,5.5,0.25,0.0,0.0,0.0,1.4,8.3,9.7,2.8,0.0,2.8,1.4,1.4,2.8,0.0,12.4,24.8,40.6,0,0,34.5,1,1,13086,1,11088,12945,15309,8526,12524,11915,11902,13505,14344,13505,10838,4316,5866,13719,16469,3782,5317,5265,11805,17725,15694,2855,7426,2246,150,10468,1,26:06
2024-25,203484,Kentavious Caldwell-Pope,Kentavious,1610612753,ORL,Orlando Magic,0022401186,2025-04-13T00:00:00,ORL @ ATL,L,5.216666666666667,6.9,27.6,0.25,0.0,20.7,0.0,0.0,0.0,0.0,0.0,0.0,0.0,6.9,0.0,6.9,0.0,0.0,0.0,0.0,13.8,0.0,44.9,0,0,34.5,1,13222,1,13222,23905,9153,436,20233,15070,209,15070,13505,14344,13505,14058,22137,23286,4130,16469,316,8263,8846,20257,17725,14152,12240,5243,2246,150,10441,1,5:13
2024-25,203939,Dwight Powell,Dwight,1610612742,DAL,Dallas Mavericks,0022401194,2025-04-13T00:00:00,DAL @ MEM,L,15.8,4.6,9.1,0.5,2.3,4.6,0.5,2.3,4.6,0.5,0.0,0.0,0.0,0.0,0.0,2.3,0.0,0.0,2.3,2.3,13.7,-27.3,20.5,0,0,20.5,1,13222,1,13222,19061,15610,18542,8526,8930,14306,3944,9693,6736,10625,14058,22137,23286,19908,16469,5110,8263,8846,13730,11826,14306,23298,20944,2246,150,20573,1,15:48
2024-25,1628975,Jevon Carter,Jevon,1610612741,CHI,Chicago Bulls,0022401191,2025-04-13T00:00:00,CHI @ PHI,W,21.566666666666666,3.3,15.0,0.222,1.7,11.7,0.143,0.0,0.0,0.0,1.7,5.0,6.7,3.3,0.0,0.0,0.0,0.0,3.3,0.0,8.3,43.4,21.4,0,0,20.0,1,1,13086,1,14874,18663,8572,21205,11488,1971,14649,13505,14344,13505,9683,10867,10777,11857,16469,12854,8263,8846,9295,17725,19627,761,20493,2246,150,20842,1,21:34
2024-25,1641737,Adem Bona,Adem,1610612755,PHI,Philadelphia 76ers,0022401191,2025-04-13T00:00:00,PHI vs. CHI,L,32.7,6.6,9.9,0.667,0.0,0.0,0.0,4.4,6.6,0.667,2.2,7.7,9.9,0.0,1.1,1.1,2.2,1.1,3.3,5.5,17.6,-18.7,38.3,0,0,34.1,1,13222,1,13222,5400,9914,17220,3281,15070,20945,15070,4984,3761,9425,7577,5159,5537,19908,15126,11012,2939,7038,9444,3334,10206,21147,8828,2246,150,10754,1,32:42
2024-25,1628960,Grayson Allen,Grayson,1610612756,PHX,Phoenix Suns,0022401200,2025-04-13T00:00:00,PHX @ SAC,L,27.69333333333333,10.4,16.9,0.615,5.2,9.1,0.571,0.0,0.0,0.0,0.0,2.6,2.6,6.5,3.9,0.0,0.0,1.3,1.3,0.0,26.0,-13.0,35.0,0,0,40.3,1,13222,1,13222,9802,2823,5912,5246,2057,4670,3506,13505,14344,13505,14058,17946,20640,4714,4088,12854,8263,5653,18030,17725,3682,19131,11075,2246,150,6602,1,27:42
2024-25,1641998,Trey Jemison III,Trey,1610612747,LAL,Los Angeles Lakers,0022401199,2025-04-13T00:00:00,LAL @ POR,L,25.25,1.4,2.9,0.5,0.0,0.0,0.0,1.4,2.9,0.5,5.7,5.7,11.4,1.4,7.1,0.0,1.4,1.4,5.7,2.9,4.3,-18.5,17.3,0,0,20.0,1,13222,1,13222,11782,22261,24539,8526,15070,20945,15070,11965,10356,10625,1811,9035,4046,18246,839,12854,5128,5071,3388,9769,22419,21077,22393,2246,150,20882,1,25:15
2024-25,1629656,Quentin Grimes,Quentin,1610612755,PHI,Philadelphia 76ers,0022401191,2025-04-13T00:00:00,PHI vs. CHI,L,35.2,3.1,14.3,0.214,0.0,9.2,0.0,2.0,2.0,1.0,0.0,7.2,7.2,4.1,4.1,0.0,0.0,0.0,2.0,1.0,8.2,-16.4,18.8,0,0,19.4,1,13222,1,13222,3316,19287,9659,21369,15070,4520,15070,10477,12588,1,14058,6078,9835,9680,3688,12854,8263,8846,14897,17301,19763,20399,21750,2246,150,21190,1,35:12
2024-25,1628415,Dillon Brooks,Dillon,1610612745,HOU,Houston Rockets,0022401193,2025-04-13T00:00:00,HOU vs. DEN,L,22.2,4.9,14.6,0.333,3.2,9.7,0.333,0.0,0.0,0.0,0.0,1.6,1.6,1.6,0.0,0.0,0.0,0.0,3.2,1.6,13.0,-27.6,17.4,0,0,19.5,1,13222,1,13222,14344,14759,9207,17395,5838,3799,9209,13505,14344,13505,14058,20629,22410,17590,16469,12854,8263,8846,9681,14554,15118,23349,22350,2246,150,21172,1,22:12
2024-25,1630175,Cole Anthony,Cole,1610612753,ORL,Orlando Magic,0022401186,2025-04-13T00:00:00,ORL @ ATL,L,13.016666666666667,2.8,8.3,0.333,0.0,2.8,0.0,0.0,0.0,0.0,0.0,0.0,0.0,8.3,0.0,2.8,0.0,0.0,0.0,0.0,5.5,30.4,26.3,0,0,19.4,1,13222,1,13222,20734,19946,19797,17395,15070,18129,15070,13505,14344,13505,14058,22137,23286,2622,16469,3764,8263,8846,20257,17725,21712,1911,17429,2246,150,21225,1,13:01
2024-25,1631133,Jabari Walker,Jabari,1610612757,POR,Portland Trail Blazers,0022401199,2025-04-13T00:00:00,POR vs. LAL,W,23.333333333333332,6.2,13.9,0.444,0.0,0.0,0.0,3.1,3.1,1.0,0.0,3.1,3.1,1.5,0.0,0.0,0.0,3.1,0.0,1.5,15.4,0.0,21.4,0,0,20.1,1,1,13086,1,13435,11041,10365,13045,15070,20945,15070,7580,9753,1,14058,16448,19511,17828,16469,12854,8263,1245,20257,14827,12491,12240,20447,2246,150,20832,1,23:20
2024-25,203486,Mason Plumlee,Mason,1610612756,PHX,Phoenix Suns,0022401200,2025-04-13T00:00:00,PHX @ SAC,L,21.983333333333334,3.3,6.6,0.5,0.0,1.6,0.0,0.0,0.0,0.0,0.0,8.2,8.2,4.9,0.0,0.0,0.0,0.0,0.0,0.0,6.6,-29.5,23.7,0,0,19.7,1,13222,1,13222,14516,18817,22055,8526,15070,20126,15070,13505,14344,13505,14058,4437,7951,7661,16469,12854,8263,8846,20257,17725,21021,23655,19130,2246,150,21066,1,21:59
2024-25,1630692,Jordan Goodwin,Jordan,1610612747,LAL,Los Angeles Lakers,0022401199,2025-04-13T00:00:00,LAL @ POR,L,30.216666666666665,6.0,16.7,0.357,2.4,6.0,0.4,0.0,0.0,0.0,2.4,6.0,8.3,4.8,2.4,2.4,0.0,0.0,0.0,1.2,14.3,-21.4,36.2,0,0,34.6,1,13222,1,13222,7573,11638,6204,17140,8544,10793,7874,13505,14344,13505,6972,8431,7705,8005,8730,4757,8263,8846,20257,16444,13611,21950,10223,2246,150,10409,1,30:13
2024-25,203915,Spencer Dinwiddie,Spencer,1610612742,DAL,Dallas Mavericks,0022401194,2025-04-13T00:00:00,DAL @ MEM,L,35.85,1.0,10.0,0.1,1.0,6.0,0.167,5.0,5.0,1.0,0.0,2.0,2.0,7.0,3.0,1.0,0.0,1.0,2.0,2.0,8.0,-38.2,21.0,0,0,20.1,1,13222,1,13222,2786,22617,16971,22561,14528,10635,14236,4005,5882,1,14058,19637,21780,3978,6420,11918,8263,7882,15092,13044,19892,24714,20697,2246,150,20811,1,35:51
2024-25,1630604,E.J. Liddell,E.J.,1610612741,CHI,Chicago Bulls,0022401191,2025-04-13T00:00:00,CHI @ PHI,W,3.4,0.0,10.6,0.0,0.0,10.6,0.0,0.0,0.0,0.0,0.0,0.0,0.0,0.0,0.0,0.0,0.0,0.0,10.6,0.0,0.0,21.2,0.0,0,0,0.0,1,1,13086,1,24770,22635,16062,22635,15070,2884,15070,13505,14344,13505,14058,22137,23286,19908,16469,12854,8263,8846,600,17725,23200,3654,25228,2246,150,25259,1,3:24
2024-25,1630531,Jaden Springer,Jaden,1610612762,UTA,Utah Jazz,0022401195,2025-04-13T00:00:00,UTA @ MIN,L,6.133333333333334,0.0,5.9,0.0,0.0,5.9,0.0,0.0,0.0,0.0,0.0,11.7,11.7,0.0,5.9,0.0,0.0,0.0,0.0,0.0,0.0,-5.9,8.2,0,0,11.7,1,13222,1,13222,23548,22635,22743,22635,15070,11023,15070,13505,14344,13505,14058,1508,3721,19908,1489,12854,8263,8846,20257,17725,23200,16005,24670,2246,150,24052,1,6:08
2024-25,1629750,Javonte Green,Javonte,1610612739,CLE,Cleveland Cavaliers,0022401189,2025-04-13T00:00:00,CLE vs. IND,L,19.783333333333335,7.3,21.8,0.333,0.0,9.1,0.0,0.0,0.0,0.0,3.6,1.8,5.5,3.6,0.0,3.6,1.8,0.0,9.1,3.6,14.6,30.9,42.9,0,0,34.6,1,13222,1,13222,16192,8268,1889,17395,15070,4673,15070,13505,14344,13505,4140,20191,13648,10963,16469,2044,4008,8846,934,7283,13340,1842,6152,2246,150,10383,1,19:47
2024-25,1629614,Andrew Nembhard,Andrew,1610612754,IND,Indiana Pacers,0022401189,2025-04-13T00:00:00,IND @ CLE,W,14.466666666666667,2.5,19.9,0.125,2.5,7.5,0.333,0.0,0.0,0.0,0.0,0.0,0.0,10.0,5.0,0.0,0.0,0.0,2.5,5.0,7.5,-19.9,17.4,0,0,19.9,1,1,13086,1,19896,20482,3030,22420,8189,7475,9209,13505,14344,13505,14058,22137,23286,1460,2367,12854,8263,8846,12846,4162,20351,21527,22327,2246,150,20912,1,14:28
2024-25,1630224,Jalen Green,Jalen,1610612745,HOU,Houston Rockets,0022401193,2025-04-13T00:00:00,HOU vs. DEN,L,20.65,0.0,12.2,0.0,0.0,1.7,0.0,3.5,3.5,1.0,0.0,3.5,3.5,3.5,1.7,0.0,0.0,1.7,1.7,3.5,3.5,-29.6,11.2,0,0,10.5,1,13222,1,13222,15523,22635,13250,22635,15070,19996,15070,6727,8913,1,14058,15278,18585,11422,11771,12854,8263,4044,16398,7698,22783,23682,24207,2246,150,24343,1,20:39
2024-25,1627732,Ben Simmons,Ben,1610612746,LAC,LA Clippers,0022401198,2025-04-13T00:00:00,LAC @ GSW,W,10.616666666666667,0.0,0.0,0.0,0.0,0.0,0.0,0.0,0.0,0.0,6.8,0.0,6.8,3.4,3.4,0.0,0.0,0.0,6.8,0.0,0.0,-37.3,9.8,0,0,10.2,1,1,13086,1,21870,22635,24836,22635,15070,20945,15070,13505,14344,13505,1239,22137,10571,11702,5249,12854,8263,8846,2158,17725,23200,24642,24447,2246,150,24391,1,10:37
2024-25,1642530,Yuki Kawamura,Yuki,1610612763,MEM,Memphis Grizzlies,0022401194,2025-04-13T00:00:00,MEM vs. DAL,W,28.083333333333332,3.8,10.3,0.375,3.8,9.0,0.429,3.8,3.8,1.0,0.0,6.4,6.4,6.4,1.3,1.3,0.0,0.0,1.3,2.6,15.4,37.2,35.3,0,0,34.6,1,1,13086,1,9476,17463,16643,16299,4329,4872,7394,5987,8144,1,14058,7486,11368,4840,13894,9571,8263,8846,18115,10749,12540,1186,10899,2246,150,10361,1,28:05
2024-25,1641824,Matas Buzelis,Matas,1610612741,CHI,Chicago Bulls,0022401191,2025-04-13T00:00:00,CHI @ PHI,W,14.466666666666667,7.5,7.5,1.0,2.5,2.5,1.0,0.0,0.0,0.0,2.5,5.0,7.5,2.5,5.0,2.5,0.0,0.0,0.0,0.0,17.4,0.0,32.6,0,0,34.8,1,1,13086,1,19896,7855,20982,1,8189,18649,1,13505,14344,13505,6644,10946,9242,14581,2367,4415,8263,8846,20257,17725,10403,12240,12884,2246,150,10198,1,14:28
2024-25,1631120,JD Davison,JD,1610612738,BOS,Boston Celtics,0022401187,2025-04-13T00:00:00,BOS vs. CHA,W,17.133333333333333,8.4,23.1,0.364,2.1,6.3,0.333,0.0,0.0,0.0,0.0,2.1,2.1,8.4,4.2,4.2,0.0,0.0,2.1,2.1,18.9,14.7,42.4,0,0,39.9,1,1,13086,1,18175,5787,1347,16861,9676,9970,9209,13505,14344,13505,14058,19356,21607,2504,3494,1453,8263,8846,14604,12600,8938,5736,6402,2246,150,6820,1,17:08
2024-25,1628969,Mikal Bridges,Mikal,1610612752,NYK,New York Knicks,0022401188,2025-04-13T00:00:00,NYK @ BKN,W,0.1,0.0,0.0,0.0,0.0,0.0,0.0,0.0,0.0,0.0,0.0,0.0,0.0,0.0,0.0,0.0,0.0,0.0,360.0,0.0,0.0,0.0,0.0,0,0,0.0,1,1,13086,1,26282,22635,24836,22635,15070,20945,15070,13505,14344,13505,14058,22137,23286,19908,16469,12854,8263,8846,1,17725,23200,12240,25228,2246,150,25259,1,0:06
2024-25,1631212,Peyton Watson,Peyton,1610612743,DEN,Denver Nuggets,0022401193,2025-04-13T00:00:00,DEN @ HOU,W,17.133333333333333,6.3,12.6,0.5,4.2,6.3,0.667,2.1,4.2,0.5,2.1,6.3,8.4,0.0,0.0,2.1,2.1,0.0,0.0,2.1,18.9,14.7,41.6,0,0,39.9,1,1,13086,1,18175,10697,12550,8526,3555,9970,1957,10285,7403,10625,7943,7689,7611,19908,16469,5778,3200,8846,20257,12600,8938,5736,6829,2246,150,6820,1,17:08
2024-25,1641718,Keyonte George,Keyonte,1610612762,UTA,Utah Jazz,0022401195,2025-04-13T00:00:00,UTA @ MIN,L,48.0,4.5,17.3,0.261,0.0,6.0,0.0,1.5,2.3,0.667,0.0,3.8,3.8,5.3,3.0,0.0,0.0,3.8,0.0,4.5,10.5,-8.3,19.9,0,0,19.5,1,13222,1,13222,14,15777,5516,20229,15070,10684,15070,11800,11933,9425,14058,14465,17932,6939,6468,12854,8263,768,20257,5140,17660,17074,21226,2246,150,21147,1,48:00
2024-25,1626166,Cameron Payne,Cameron,1610612752,NYK,New York Knicks,0022401188,2025-04-13T00:00:00,NYK @ BKN,W,33.53333333333333,6.4,14.0,0.462,3.2,7.5,0.429,6.4,6.4,1.0,0.0,2.1,2.1,7.5,2.1,1.1,1.1,1.1,3.2,5.4,22.5,18.3,40.7,0,0,39.7,1,1,13086,1,4698,10332,10234,12428,5900,7367,7394,2458,3948,1,14058,19218,21519,3380,9738,11244,6955,7276,9778,3523,5829,4475,7336,2246,150,6938,1,33:32
2024-25,1629008,Michael Porter Jr.,Michael,1610612743,DEN,Denver Nuggets,0022401193,2025-04-13T00:00:00,DEN @ HOU,W,29.483333333333334,9.8,14.7,0.667,3.7,7.3,0.5,0.0,0.0,0.0,0.0,8.5,8.5,0.0,1.2,0.0,2.4,0.0,2.4,0.0,23.2,25.6,39.6,0,0,40.3,1,1,13086,1,8238,3513,9130,3281,4774,7771,3944,13505,14344,13505,14058,3995,7403,19908,14287,12854,2481,8846,13025,17725,5356,2684,8036,2246,150,6614,1,29:29
2024-25,1629723,John Konchar,John,1610612763,MEM,Memphis Grizzlies,0022401194,2025-04-13T00:00:00,MEM vs. DAL,W,21.416666666666668,1.7,3.4,0.5,0.0,1.7,0.0,0.0,0.0,0.0,3.4,8.4,11.8,5.0,1.7,10.1,0.0,0.0,0.0,0.0,3.4,45.4,53.6,0,0,40.3,1,1,13086,1,14979,21922,24363,8526,15070,20069,15070,13505,14344,13505,4611,4155,3696,7378,12002,118,8263,8846,20257,17725,22828,690,2295,2246,150,6579,1,21:25
2024-25,1641817,Anton Watson,Anton,1610612752,NYK,New York Knicks,0022401188,2025-04-13T00:00:00,NYK @ BKN,W,1.4666666666666666,0.0,0.0,0.0,0.0,0.0,0.0,0.0,0.0,0.0,0.0,0.0,0.0,0.0,0.0,0.0,0.0,0.0,0.0,0.0,0.0,73.6,0.0,0,0,0.0,1,1,13086,1,25823,22635,24836,22635,15070,20945,15070,13505,14344,13505,14058,22137,23286,19908,16469,12854,8263,8846,20257,17725,23200,210,25228,2246,150,25259,1,1:28
2024-25,1626167,Myles Turner,Myles,1610612754,IND,Indiana Pacers,0022401189,2025-04-13T00:00:00,IND @ CLE,W,12.716666666666667,8.5,11.3,0.75,2.8,5.7,0.5,5.7,5.7,1.0,0.0,2.8,2.8,2.8,2.8,0.0,2.8,0.0,2.8,5.7,25.5,-25.5,38.8,0,0,39.6,1,1,13086,1,20884,5625,14788,2107,7115,11544,3944,3232,4953,1,14058,17292,20165,13494,7110,12854,1903,8846,11505,3094,3953,22912,8547,2246,150,6986,1,12:43
2024-25,1630551,Justin Champagnie,Justin,1610612764,WAS,Washington Wizards,0022401190,2025-04-13T00:00:00,WAS @ MIA,W,39.43333333333333,10.0,14.6,0.688,4.6,8.2,0.556,0.0,1.8,0.0,1.8,1.8,3.7,1.8,0.9,0.9,1.8,0.9,0.9,1.8,24.6,-3.7,39.1,0,0,40.2,1,1,13086,1,735,3175,9191,3227,2951,6062,3747,13505,13158,13505,9145,20174,18198,17010,16310,12606,3995,8598,20110,13826,4391,14872,8355,2246,150,6693,1,39:26
2024-25,1642355,Bronny James,Bronny,1610612747,LAL,Los Angeles Lakers,0022401199,2025-04-13T00:00:00,LAL @ POR,L,38.3,1.9,9.4,0.2,0.0,1.9,0.0,0.0,0.0,0.0,0.9,1.9,2.8,5.6,2.8,3.8,0.0,0.0,0.9,0.9,3.8,-21.6,24.1,0,0,19.7,1,13222,1,13222,1212,21612,18118,21401,15070,19775,15070,13505,14344,13505,13721,20028,20196,6160,7142,1899,8263,8846,20020,17574,22664,21995,18909,2246,150,21014,1,38:18
2024-25,1642366,Quinten Post,Quinten,1610612744,GSW,Golden State Warriors,0022401198,2025-04-13T00:00:00,GSW vs. LAC,L,10.228333333333333,0.0,3.5,0.0,0.0,3.5,0.0,0.0,0.0,0.0,0.0,10.6,10.6,0.0,0.0,0.0,0.0,0.0,0.0,0.0,0.0,3.5,12.7,0,0,10.6,1,13222,1,13222,22021,22635,24302,22635,15070,16615,15070,13505,14344,13505,14058,2187,4853,19908,16469,12854,8263,8846,20257,17725,23200,10885,23849,2246,150,24321,1,10:14
2024-25,1641740,Jaylen Clark,Jaylen,1610612750,MIN,Minnesota Timberwolves,0022401195,2025-04-13T00:00:00,MIN vs. UTA,W,2.7,0.0,13.3,0.0,0.0,0.0,0.0,0.0,0.0,0.0,0.0,0.0,0.0,0.0,0.0,0.0,0.0,0.0,0.0,0.0,0.0,-40.0,0.0,0,0,0.0,1,1,13086,1,25126,22635,11241,22635,15070,20945,15070,13505,14344,13505,14058,22137,23286,19908,16469,12854,8263,8846,20257,17725,23200,24837,25228,2246,150,25259,1,2:42
2024-25,1629643,Chuma Okeke,Chuma,1610612739,CLE,Cleveland Cavaliers,0022401189,2025-04-13T00:00:00,CLE vs. IND,L,21.85,1.6,8.2,0.2,1.6,8.2,0.2,0.0,0.0,0.0,1.6,4.9,6.6,3.3,0.0,0.0,1.6,0.0,0.0,0.0,4.9,3.3,22.7,0,0,19.8,1,13222,1,13222,14613,21970,19885,21401,11543,6019,13429,13505,14344,13505,9755,11043,10973,11999,16469,12854,4429,8846,20257,17725,22036,10975,19723,2246,150,20999,1,21:51
2024-25,1641741,Ricky Council IV,Ricky,1610612755,PHI,Philadelphia 76ers,0022401191,2025-04-13T00:00:00,PHI vs. CHI,L,21.85,1.6,9.9,0.167,1.6,6.6,0.25,3.3,3.3,1.0,1.6,4.9,6.6,0.0,1.6,0.0,1.6,1.6,0.0,4.9,8.2,-11.5,19.4,0,0,19.8,1,13222,1,13222,14613,21970,17271,21938,11543,9341,11902,7121,9322,1,9755,11043,10973,19908,12152,12854,4429,4305,20257,4216,19716,18545,21435,2246,150,20999,1,21:51
2024-25,1631102,TyTy Washington Jr.,TyTy,1610612756,PHX,Phoenix Suns,0022401200,2025-04-13T00:00:00,PHX @ SAC,L,12.98,2.8,13.9,0.2,0.0,2.8,0.0,0.0,5.5,0.0,0.0,2.8,2.8,2.8,0.0,0.0,0.0,0.0,0.0,2.8,5.5,5.5,13.0,0,0,11.1,1,13222,1,13222,20751,19933,10400,21401,15070,18118,15070,13505,5130,13505,14058,17497,20316,13678,16469,12854,8263,8846,20257,10066,21704,9819,23759,2246,150,24199,1,12:59
2024-25,1642358,AJ Johnson,AJ,1610612764,WAS,Washington Wizards,0022401190,2025-04-13T00:00:00,WAS @ MIA,W,48.0,4.5,12.0,0.375,1.5,3.8,0.4,0.0,0.0,0.0,0.0,0.8,0.8,6.0,1.5,0.8,0.0,0.8,1.5,0.0,10.5,0.8,21.2,0,0,20.3,1,1,13086,1,14,15777,13575,16299,12029,16098,7874,13505,14344,13505,14058,22135,23284,5485,12741,12848,8263,8840,17217,17725,17660,12238,20619,2246,150,20725,1,48:00
2024-25,1629626,Bol Bol,Bol,1610612756,PHX,Phoenix Suns,0022401200,2025-04-13T00:00:00,PHX @ SAC,L,4.566666666666666,0.0,0.0,0.0,0.0,0.0,0.0,0.0,0.0,0.0,0.0,0.0,0.0,0.0,0.0,0.0,0.0,0.0,0.0,0.0,0.0,-23.6,0.0,0,0,0.0,1,13222,1,13222,24188,22635,24836,22635,15070,20945,15070,13505,14344,13505,14058,22137,23286,19908,16469,12854,8263,8846,20257,17725,23200,22486,25228,2246,150,25259,1,4:34
2024-25,202066,Garrett Temple,Garrett,1610612761,TOR,Toronto Raptors,0022401197,2025-04-13T00:00:00,TOR @ SAS,L,1.8666666666666667,0.0,0.0,0.0,0.0,0.0,0.0,0.0,0.0,0.0,0.0,0.0,0.0,19.3,0.0,0.0,0.0,0.0,0.0,0.0,0.0,-19.3,28.9,0,0,19.3,1,13222,1,13222,25549,22635,24836,22635,15070,20945,15070,13505,14344,13505,14058,22137,23286,103,16469,12854,8263,8846,20257,17725,23200,21340,15544,2246,150,21250,1,1:52
2024-25,101108,Chris Paul,Chris,1610612759,SAS,San Antonio Spurs,0022401197,2025-04-13T00:00:00,SAS vs. TOR,W,33.85,5.3,13.8,0.385,2.1,6.4,0.333,3.2,4.3,0.75,1.1,6.4,7.4,6.4,1.1,4.3,0.0,0.0,2.1,3.2,16.0,6.4,46.2,0,0,40.4,1,1,13086,1,4399,13493,10453,16070,9567,9798,9209,7353,7310,8186,12766,7542,9279,4877,15392,1414,8263,8846,14479,8596,11964,9431,4677,2246,150,6536,1,33:51
2024-25,1630649,Stanley Umude,Stanley,1610612749,MIL,Milwaukee Bucks,0022401192,2025-04-13T00:00:00,MIL vs. DET,W,15.966666666666667,0.0,4.5,0.0,0.0,2.3,0.0,0.0,0.0,0.0,0.0,0.0,0.0,2.3,0.0,0.0,4.5,0.0,2.3,0.0,0.0,-11.3,16.9,0,0,11.3,1,1,13086,1,18951,22635,23801,22635,15070,19075,15070,13505,14344,13505,14058,22137,23286,15416,16469,12854,684,8846,13851,17725,23200,18430,22525,2246,150,24158,1,15:58
2024-25,1642271,Kyle Filipowski,Kyle,1610612762,UTA,Utah Jazz,0022401195,2025-04-13T00:00:00,UTA @ MIN,L,28.516666666666666,7.6,16.4,0.462,2.5,5.0,0.5,1.3,1.3,1.0,1.3,2.5,3.8,3.8,0.0,0.0,2.5,3.8,7.6,2.5,18.9,-31.6,36.7,0,0,34.1,1,13222,1,13222,9103,7579,6529,12428,8061,13074,3944,12411,13798,1,11400,18118,17860,10537,16469,12854,2329,740,1585,10894,8919,23974,9869,2246,150,10787,1,28:31
2024-25,1630192,Zeke Nnaji,Zeke,1610612743,DEN,Denver Nuggets,0022401193,2025-04-13T00:00:00,DEN @ HOU,W,6.366666666666666,0.0,5.7,0.0,0.0,5.7,0.0,5.7,11.3,0.5,0.0,5.7,5.7,0.0,0.0,0.0,0.0,0.0,0.0,5.7,5.7,-56.5,12.4,0,0,11.3,1,1,13086,1,23428,22635,22940,22635,15070,11563,15070,3247,946,10625,14058,9153,13143,19908,16469,12854,8263,8846,20257,3110,21623,25597,23915,2246,150,24152,1,6:22
2024-25,1628470,Torrey Craig,Torrey,1610612738,BOS,Boston Celtics,0022401187,2025-04-13T00:00:00,BOS vs. CHA,W,19.066666666666666,0.0,5.7,0.0,0.0,3.8,0.0,0.0,0.0,0.0,0.0,5.7,5.7,1.9,3.8,1.9,0.0,0.0,3.8,0.0,0.0,5.7,11.5,0,0,11.3,1,1,13086,1,16774,22635,22931,22635,15070,16045,15070,13505,14344,13505,14058,9131,13122,16793,4376,6819,8263,8846,7813,17725,23200,9772,24128,2246,150,24148,1,19:04
2024-25,1629048,Goga Bitadze,Goga,1610612753,ORL,Orlando Magic,0022401186,2025-04-13T00:00:00,ORL @ ATL,L,25.916666666666668,5.6,12.5,0.444,0.0,1.4,0.0,2.8,5.6,0.5,5.6,2.8,8.3,5.6,2.8,1.4,1.4,0.0,2.8,5.6,13.9,-12.5,37.8,0,0,33.3,1,13222,1,13222,11230,12828,12727,13045,15070,20388,15070,8393,5111,10625,1911,17469,7714,6328,7295,8964,5272,8846,11733,3259,14056,18944,9173,2246,150,11368,1,25:55
2024-25,1630172,Patrick Williams,Patrick,1610612741,CHI,Chicago Bulls,0022401191,2025-04-13T00:00:00,CHI @ PHI,W,26.183333333333334,8.2,16.5,0.5,4.1,11.0,0.375,0.0,1.4,0.0,0.0,8.2,8.2,5.5,4.1,2.7,1.4,1.4,2.7,2.7,20.6,31.6,47.0,0,0,46.7,1,1,13086,1,11021,6085,6424,8526,3727,2487,8800,13505,13626,13505,14058,4354,7854,6424,3620,3805,5333,5281,11840,10148,7376,1774,4306,2246,150,3569,1,26:11
2024-25,1630577,Julian Champagnie,Julian,1610612759,SAS,San Antonio Spurs,0022401197,2025-04-13T00:00:00,SAS vs. TOR,W,34.75,5.2,9.3,0.556,4.1,6.2,0.667,0.0,0.0,0.0,1.0,5.2,6.2,1.0,0.0,0.0,1.0,0.0,1.0,0.0,14.5,2.1,26.6,0,0,28.0,1,1,13086,1,3654,13867,18242,7248,3682,10160,1957,13505,14344,13505,12974,10331,11785,19574,16469,12854,7230,8846,19493,17725,13409,11588,17198,2246,150,15440,1,34:45
2024-25,1631245,Quenton Jackson,Quenton,1610612754,IND,Indiana Pacers,0022401189,2025-04-13T00:00:00,IND @ CLE,W,39.55,6.4,14.6,0.438,0.0,3.6,0.0,6.4,6.4,1.0,0.9,4.6,5.5,1.8,0.9,3.6,0.0,1.8,1.8,3.6,19.1,20.0,38.4,0,0,33.7,1,1,13086,1,707,10505,9262,13558,15070,16350,15070,2525,4034,1,13861,12122,13640,17023,16319,2042,8263,3834,16081,7281,8726,3943,8766,2246,150,11093,1,39:33
2024-25,1630173,Precious Achiuwa,Precious,1610612752,NYK,New York Knicks,0022401188,2025-04-13T00:00:00,NYK @ BKN,W,32.766666666666666,8.8,19.8,0.444,0.0,0.0,0.0,2.2,4.4,0.5,1.1,8.8,9.9,2.2,2.2,2.2,0.0,0.0,4.4,3.3,19.8,20.9,39.3,0,0,36.3,1,1,13086,1,5353,5101,3134,13045,15070,20945,15070,9956,7035,10625,12476,3738,5555,15634,9515,5401,8263,8846,6032,8266,8096,3729,8181,2246,150,9184,1,32:46
2024-25,203084,Harrison Barnes,Harrison,1610612759,SAS,San Antonio Spurs,0022401197,2025-04-13T00:00:00,SAS vs. TOR,W,34.2,4.2,10.5,0.4,2.1,7.4,0.286,8.4,8.4,1.0,1.1,4.2,5.3,1.1,0.0,3.2,0.0,0.0,0.0,4.2,18.9,4.2,36.3,0,0,33.7,1,1,13086,1,4097,16562,16168,14933,9658,7684,11433,1218,2246,1,12858,13081,14127,19515,16469,2819,8263,8846,20257,5812,8912,10535,10145,2246,150,11089,1,34:12
2024-25,203926,Doug McDermott,Doug,1610612758,SAC,Sacramento Kings,0022401200,2025-04-13T00:00:00,SAC vs. PHX,W,14.716666666666667,4.9,19.6,0.25,4.9,14.7,0.333,0.0,0.0,0.0,0.0,0.0,0.0,4.9,0.0,0.0,0.0,0.0,0.0,0.0,14.7,14.7,22.0,0,0,24.5,1,1,13086,1,19758,14691,3295,20233,2415,770,9209,13505,14344,13505,14058,22137,23286,7701,16469,12854,8263,8846,20257,17725,13217,5751,20135,2246,150,18030,1,14:43
2024-25,1631303,Justin Minaya,Justin,1610612757,POR,Portland Trail Blazers,0022401199,2025-04-13T00:00:00,POR vs. LAL,W,18.483333333333334,3.9,9.7,0.4,1.9,5.8,0.333,0.0,0.0,0.0,5.8,0.0,5.8,3.9,3.9,1.9,0.0,0.0,1.9,0.0,9.7,-5.8,24.5,0,0,25.3,1,1,13086,1,17211,17337,17494,14933,10415,11095,9209,13505,14344,13505,1714,22137,12663,10244,4096,6515,8263,8846,15423,17725,18407,15996,18579,2246,150,17416,1,18:29
2024-25,1631217,Moussa Diabaté,Moussa,1610612766,CHA,Charlotte Hornets,0022401187,2025-04-13T00:00:00,CHA @ BOS,L,24.666666666666668,5.8,13.1,0.444,0.0,1.5,0.0,2.9,5.8,0.5,5.8,7.3,13.1,0.0,4.4,2.9,1.5,2.9,2.9,2.9,14.6,5.8,39.1,0,0,36.5,1,13222,1,13222,12303,11992,11608,13045,15070,20312,15070,8037,4702,10625,1719,5827,2717,19908,3178,3350,4999,1428,11095,9526,13291,9685,8326,2246,150,9057,1,24:40
2024-25,201145,Jeff Green,Jeff,1610612745,HOU,Houston Rockets,0022401193,2025-04-13T00:00:00,HOU vs. DEN,L,11.516666666666667,6.3,18.8,0.333,3.1,15.6,0.2,0.0,0.0,0.0,3.1,6.3,9.4,0.0,0.0,0.0,0.0,0.0,3.1,0.0,15.6,-43.8,26.9,0,0,28.1,1,13222,1,13222,21485,10846,3967,17395,6149,580,13429,13505,14344,13505,5085,7785,6221,19908,16469,12854,8263,8846,10186,17725,12292,25109,17036,2246,150,15337,1,11:31
2024-25,202684,Tristan Thompson,Tristan,1610612739,CLE,Cleveland Cavaliers,0022401189,2025-04-13T00:00:00,CLE vs. IND,L,42.695,0.8,3.4,0.25,0.0,0.0,0.0,0.8,5.1,0.167,1.7,15.2,16.9,0.8,2.5,0.8,1.7,0.0,2.5,3.4,2.5,-21.1,29.1,0,0,25.3,1,13222,1,13222,182,22634,24357,20233,15070,20945,15070,13486,5811,13500,9625,533,1154,19894,8118,12801,4325,8846,12673,8038,23070,21853,15422,2246,150,17439,1,42:42
2024-25,1631111,Wendell Moore Jr.,Wendell,1610612766,CHA,Charlotte Hornets,0022401187,2025-04-13T00:00:00,CHA @ BOS,L,14.788333333333334,7.3,12.2,0.6,4.9,7.3,0.667,0.0,0.0,0.0,4.9,2.4,7.3,4.9,0.0,0.0,0.0,0.0,2.4,0.0,19.5,4.9,35.5,0,0,36.5,1,13222,1,13222,19715,8219,13299,5394,2459,7815,1957,13505,14344,13505,2487,18374,9570,7758,16469,12854,8263,8846,13054,17725,8400,10176,10700,2246,150,9035,1,14:47
2024-25,1627741,Buddy Hield,Buddy,1610612744,GSW,Golden State Warriors,0022401198,2025-04-13T00:00:00,GSW vs. LAC,L,15.75,6.9,16.0,0.429,4.6,13.7,0.333,0.0,0.0,0.0,0.0,2.3,2.3,0.0,0.0,0.0,0.0,0.0,4.6,0.0,18.3,-13.7,21.0,0,0,25.1,1,13222,1,13222,19100,9273,7106,13735,2936,1016,9209,13505,14344,13505,14058,18806,21233,19908,16469,12854,8263,8846,5619,17725,9541,19383,20671,2246,150,17568,1,15:45
2024-25,1642263,Reed Sheppard,Reed,1610612745,HOU,Houston Rockets,0022401193,2025-04-13T00:00:00,HOU vs. DEN,L,17.216666666666665,0.0,8.4,0.0,0.0,4.2,0.0,0.0,0.0,0.0,0.0,2.1,2.1,14.6,2.1,2.1,2.1,2.1,8.4,0.0,0.0,18.8,34.9,0,0,25.1,1,13222,1,13222,18123,22635,19695,22635,15070,15157,15070,13505,14344,13505,14058,19382,21628,325,10038,5827,3230,2947,1194,17725,23200,4306,11111,2246,150,17610,1,17:13
2024-25,1631301,Jaylen Sims,Jaylen,1610612766,CHA,Charlotte Hornets,0022401187,2025-04-13T00:00:00,CHA @ BOS,L,20.385,7.1,15.9,0.444,3.5,8.8,0.4,3.5,5.3,0.667,1.8,0.0,1.8,3.5,1.8,1.8,0.0,1.8,5.3,3.5,21.2,-8.8,32.1,0,0,33.6,1,13222,1,13222,15729,8777,7277,13045,5076,5056,7874,6640,5468,9425,9368,22137,22210,11298,11681,7383,8263,3991,4025,7580,6932,17344,13223,2246,150,11201,1,20:23
2024-25,1630639,A.J. Lawson,A.J.,1610612761,TOR,Toronto Raptors,0022401197,2025-04-13T00:00:00,TOR @ SAS,L,21.3,5.1,11.8,0.429,1.7,6.8,0.25,11.8,11.8,1.0,0.0,0.0,0.0,0.0,1.7,0.0,0.0,0.0,1.7,5.1,23.7,-8.5,22.0,0,0,25.4,1,13222,1,13222,15068,14186,13891,13735,11430,8985,11902,361,803,1,14058,22137,23286,19908,11959,12854,8263,8846,16563,3972,5009,17157,20165,2246,150,17391,1,21:18
2024-25,1641716,Jarace Walker,Jarace,1610612754,IND,Indiana Pacers,0022401189,2025-04-13T00:00:00,IND @ CLE,W,31.116666666666667,5.8,15.0,0.385,1.2,5.8,0.2,0.0,0.0,0.0,0.0,9.3,9.3,5.8,0.0,2.3,0.0,0.0,1.2,1.2,12.7,-19.7,39.5,0,0,33.6,1,1,13086,1,6775,12155,8543,16070,13612,11242,13429,13505,14344,13505,14058,3252,6381,5883,16469,4985,8263,8846,18773,16615,15363,21457,8105,2246,150,11204,1,31:07
2024-25,202693,Markieff Morris,Markieff,1610612747,LAL,Los Angeles Lakers,0022401199,2025-04-13T00:00:00,LAL @ POR,L,32.8,5.5,11.0,0.5,1.1,3.3,0.333,0.0,0.0,0.0,0.0,4.4,4.4,6.6,2.2,1.1,1.1,0.0,4.4,0.0,12.1,-18.7,31.6,0,0,28.5,1,13222,1,13222,5326,13017,15398,8526,13953,17084,9209,13505,14344,13505,14058,12550,16310,4584,9528,11040,6801,8846,6040,17725,16071,21120,13601,2246,150,15039,1,32:48
2024-25,201566,Russell Westbrook,Russell,1610612743,DEN,Denver Nuggets,0022401193,2025-04-13T00:00:00,DEN @ HOU,W,22.648333333333333,7.9,14.3,0.556,0.0,4.8,0.0,11.1,12.7,0.875,0.0,0.0,0.0,9.5,1.6,0.0,0.0,1.6,1.6,7.9,27.0,12.7,39.7,0,0,36.6,1,1,13086,1,13999,6741,9675,7248,15070,13785,15070,461,628,6931,14058,22137,23286,1684,12382,12854,8263,4461,16902,1051,3198,6510,7930,2246,150,9008,1,22:39
2024-25,1631103,Malaki Branham,Malaki,1610612759,SAS,San Antonio Spurs,0022401197,2025-04-13T00:00:00,SAS vs. TOR,W,16.733333333333334,8.6,8.6,1.0,2.2,2.2,1.0,4.3,4.3,1.0,2.2,4.3,6.5,0.0,0.0,2.2,0.0,0.0,6.5,2.2,23.7,19.4,37.9,0,0,36.6,1,1,13086,1,18432,5422,19349,1,9447,19264,1,5144,7202,1,7751,12793,11265,19908,16469,5585,8263,8846,2437,12388,5004,4152,9109,2246,150,8999,1,16:44
2024-25,1641739,Toumani Camara,Toumani,1610612757,POR,Portland Trail Blazers,0022401199,2025-04-13T00:00:00,POR vs. LAL,W,21.616666666666667,8.3,11.7,0.714,6.7,10.0,0.667,0.0,0.0,0.0,3.3,6.7,10.0,6.7,1.7,0.0,0.0,0.0,5.0,0.0,23.3,46.6,43.6,0,0,46.6,1,1,13086,1,14834,5931,14202,2752,918,3484,1957,13505,14344,13505,4684,6979,5438,4483,12063,12854,8263,8846,4613,17725,5272,648,5834,2246,150,3616,1,21:37
2024-25,1631260,AJ Green,AJ,1610612749,MIL,Milwaukee Bucks,0022401192,2025-04-13T00:00:00,MIL vs. DET,W,18.9,3.8,9.5,0.4,3.8,7.6,0.5,0.0,0.0,0.0,0.0,5.7,5.7,7.6,0.0,0.0,0.0,0.0,1.9,0.0,11.4,30.5,29.7,0,0,28.6,1,1,13086,1,16908,17536,17901,14933,4409,7139,3944,13505,14344,13505,14058,9007,12975,3261,16469,12854,8263,8846,15647,17725,16749,1901,15016,2246,150,15011,1,18:54
2024-25,1641752,Bobi Klintman,Bobi,1610612765,DET,Detroit Pistons,0022401192,2025-04-13T00:00:00,DET @ MIL,L,22.915,9.4,12.6,0.75,3.1,6.3,0.5,1.6,3.1,0.5,1.6,3.1,4.7,9.4,0.0,3.1,0.0,0.0,9.4,1.6,23.6,-7.9,52.8,0,0,47.1,1,13222,1,13222,13789,3986,12629,2107,6118,10012,3944,11644,9626,10625,10038,16298,15526,1743,16469,2852,8263,8846,835,14722,5082,16907,2513,2246,150,3425,1,22:55
2024-25,1641734,Emoni Bates,Emoni,1610612739,CLE,Cleveland Cavaliers,0022401189,2025-04-13T00:00:00,CLE vs. IND,L,41.81666666666667,7.7,16.4,0.474,6.0,12.9,0.467,0.0,0.0,0.0,0.0,5.2,5.2,1.7,1.7,0.0,0.9,0.0,1.7,0.0,21.5,-18.9,31.2,0,0,36.2,1,13222,1,13222,267,7171,6609,12072,1287,1344,7108,13505,14344,13505,14058,10381,14362,17307,11840,12854,8172,8846,16461,17725,6619,21220,13931,2246,150,9255,1,41:49
2024-25,1631204,Marcus Sasser,Marcus,1610612765,DET,Detroit Pistons,0022401192,2025-04-13T00:00:00,DET @ MIL,L,43.166666666666664,5.8,15.8,0.368,0.8,5.0,0.167,2.5,2.5,1.0,0.0,0.8,0.8,8.3,2.5,1.7,0.0,2.5,0.8,2.5,15.0,-9.2,31.0,1,0,28.4,1,13222,1,13222,139,11992,7356,16823,15048,13205,14236,9043,11204,1,14058,22129,23279,2564,8239,7732,8263,2043,20231,10980,12887,17514,14043,1,150,15174,1,43:10
2024-25,1631246,Vince Williams Jr.,Vince,1610612763,MEM,Memphis Grizzlies,0022401194,2025-04-13T00:00:00,MEM vs. DAL,W,24.366666666666667,5.9,11.8,0.5,3.0,4.4,0.667,3.0,3.0,1.0,7.4,8.9,16.3,7.4,0.0,0.0,1.5,0.0,1.5,3.0,17.7,17.7,52.7,1,0,47.3,1,1,13086,1,12590,11776,13907,8526,6662,14615,1957,7937,10083,1,1001,3649,1340,3529,16469,12854,4929,8846,17309,9404,10105,4652,2519,1,150,3380,1,24:22
2024-25,1642270,Donovan Clingan,Donovan,1610612757,POR,Portland Trail Blazers,0022401199,2025-04-13T00:00:00,POR vs. LAL,W,24.666666666666668,8.8,14.6,0.6,0.0,0.0,0.0,0.0,5.8,0.0,11.7,5.8,17.5,4.4,1.5,1.5,2.9,2.9,4.4,8.8,17.5,40.9,56.8,1,0,48.2,1,1,13086,1,12303,5163,9207,5394,15070,20945,15070,13505,4702,13505,263,8697,1010,8934,12959,8582,1792,1428,6076,734,10312,922,1679,1,150,3096,1,24:40
2024-25,1630598,Aaron Wiggins,Aaron,1610612760,OKC,Oklahoma City Thunder,0022401196,2025-04-13T00:00:00,OKC @ NOP,W,36.5,7.9,17.8,0.444,2.0,5.9,0.333,9.9,9.9,1.0,2.0,4.9,6.9,6.9,1.0,2.0,0.0,1.0,3.9,5.9,27.6,20.7,51.2,0,0,47.3,1,1,13086,1,2337,6862,4943,13045,10279,10894,9209,738,1424,1,8513,11079,10319,4127,15933,6378,8263,8037,7294,2730,2928,3753,2934,2246,150,3359,1,36:30
2024-25,202710,Jimmy Butler III,Jimmy,1610612744,GSW,Golden State Warriors,0022401198,2025-04-13T00:00:00,GSW vs. LAC,L,48.03333333333333,9.0,15.0,0.6,0.0,1.5,0.0,4.5,6.7,0.667,0.0,0.7,0.7,6.7,0.7,0.7,0.7,0.0,0.7,6.7,22.5,1.5,37.2,0,0,33.0,1,13222,1,13222,13,4721,8633,5394,15070,20270,15070,4843,3614,9425,14058,22136,23285,4360,16467,12849,8261,8846,20255,1866,5864,11868,9496,2246,150,11664,1,48:02
2024-25,1630631,Jose Alvarado,Jose,1610612740,NOP,New Orleans Pelicans,0022401196,2025-04-13T00:00:00,NOP vs. OKC,L,33.61666666666667,5.4,17.1,0.313,1.1,9.6,0.111,3.2,3.2,1.0,0.0,3.2,3.2,4.3,6.4,2.1,0.0,1.1,0.0,3.2,15.0,-6.4,25.3,0,0,27.8,1,13222,1,13222,4618,13386,5655,19175,14120,3928,15003,7298,9493,1,14058,16045,19197,9175,1167,5629,8263,7300,20257,8516,12916,16259,18094,2246,150,15542,1,33:37
2024-25,1641725,Trey Alexander,Trey,1610612743,DEN,Denver Nuggets,0022401193,2025-04-13T00:00:00,DEN @ HOU,W,6.366666666666666,5.7,5.7,1.0,0.0,0.0,0.0,0.0,0.0,0.0,0.0,5.7,5.7,0.0,0.0,5.7,0.0,0.0,0.0,0.0,11.3,-56.5,35.1,0,0,28.3,1,1,13086,1,23428,12542,22940,1,15070,20945,15070,13505,14344,13505,14058,9153,13143,19908,16469,584,8263,8846,20257,17725,16876,25597,11016,2246,150,15229,1,6:22
2024-25,1630573,Sam Hauser,Sam,1610612738,BOS,Boston Celtics,0022401187,2025-04-13T00:00:00,BOS vs. CHA,W,28.566666666666666,5.0,11.3,0.444,5.0,8.8,0.571,3.8,3.8,1.0,0.0,2.5,2.5,1.3,0.0,0.0,0.0,0.0,0.0,3.8,18.9,2.5,23.8,0,0,27.7,1,1,13086,1,9061,14266,14759,13045,2222,5066,3506,6126,8298,1,14058,18132,20766,18797,16469,12854,8263,8846,20257,6905,8945,11354,19084,2246,150,15625,1,28:34
2024-25,1630558,Davion Mitchell,Davion,1610612748,MIA,Miami Heat,0022401190,2025-04-13T00:00:00,MIA vs. WAS,L,19.566666666666666,3.7,7.4,0.5,0.0,0.0,0.0,0.0,0.0,0.0,0.0,7.4,7.4,14.7,1.8,1.8,0.0,0.0,0.0,0.0,7.4,1.8,41.9,0,0,33.1,1,13222,1,13222,16360,17889,21124,8526,15070,20945,15070,13505,14344,13505,14058,5736,9452,318,11364,7076,8263,8846,20257,17725,20435,11715,6646,2246,150,11556,1,19:34
2024-25,203932,Aaron Gordon,Aaron,1610612743,DEN,Denver Nuggets,0022401193,2025-04-13T00:00:00,DEN @ HOU,W,26.383333333333333,9.6,17.7,0.538,1.4,4.1,0.333,4.1,4.1,1.0,5.5,4.1,9.6,4.1,4.1,2.7,1.4,0.0,0.0,4.1,24.6,28.7,50.3,0,0,47.8,1,1,13086,1,10831,3812,4969,7978,12588,15363,9209,5534,7645,1,1972,13439,5986,9675,3686,3851,5393,8846,20257,6065,4447,2162,3167,2246,150,3239,1,26:23
2024-25,1628380,Zach Collins,Zach,1610612741,CHI,Chicago Bulls,0022401191,2025-04-13T00:00:00,CHI @ PHI,W,15.033333333333333,9.6,16.8,0.571,2.4,2.4,1.0,9.6,9.6,1.0,2.4,7.2,9.6,4.8,0.0,0.0,0.0,2.4,2.4,4.8,31.1,43.1,49.8,0,0,47.9,1,1,13086,1,19532,3760,6100,6538,8505,18819,1,812,1553,1,6937,6031,5950,7944,16469,12854,8263,2235,13233,4521,1749,774,3325,2246,150,3184,1,15:02
2024-25,1630526,Jeremiah Robinson-Earl,Jeremiah,1610612740,NOP,New Orleans Pelicans,0022401196,2025-04-13T00:00:00,NOP vs. OKC,L,33.27333333333333,4.3,17.3,0.25,1.1,7.6,0.143,1.1,2.2,0.5,7.6,9.7,17.3,5.4,2.2,1.1,0.0,0.0,3.2,3.2,10.8,-7.6,40.8,1,0,36.8,1,13222,1,13222,4925,16254,5442,20233,14058,7229,14649,12962,12205,10625,926,2785,1059,6616,9669,11179,8263,8846,9674,8420,17348,16769,7285,1,150,8857,1,33:16
2024-25,1641809,Drew Peterson,Drew,1610612738,BOS,Boston Celtics,0022401187,2025-04-13T00:00:00,BOS vs. CHA,W,11.8,3.1,12.2,0.25,3.1,9.2,0.333,3.1,6.1,0.5,6.1,3.1,9.2,0.0,3.1,0.0,0.0,3.1,9.2,3.1,12.2,-9.2,20.1,0,0,24.4,1,1,13086,1,21378,19322,13258,20233,6345,4603,9209,7668,4348,10625,1564,16553,6506,19908,6283,12854,8263,1285,917,9071,15919,17502,21089,2246,150,18074,1,11:48
2024-25,1630183,Jaden McDaniels,Jaden,1610612750,MIN,Minnesota Timberwolves,0022401195,2025-04-13T00:00:00,MIN vs. UTA,W,25.116666666666667,5.7,10.0,0.571,0.0,1.4,0.0,0.0,2.9,0.0,2.9,0.0,2.9,0.0,5.7,4.3,2.9,0.0,5.7,2.9,11.5,-1.4,30.7,0,0,28.7,1,1,13086,1,11895,12319,16989,6538,15070,20342,15070,13505,10317,13505,5679,22137,20077,19908,1618,1373,1862,8846,3337,9705,16715,13774,14299,2246,150,14953,1,25:07
2024-25,1631213,Tyrese Martin,Tyrese,1610612751,BKN,Brooklyn Nets,0022401188,2025-04-13T00:00:00,BKN vs. NYK,L,31.333333333333332,9.2,16.1,0.571,2.3,6.9,0.333,2.3,2.3,1.0,2.3,5.7,8.0,1.1,6.9,0.0,1.1,0.0,2.3,2.3,23.0,-3.4,30.9,0,0,36.8,1,13222,1,13222,6570,4369,6995,6538,8855,8686,9209,9628,11784,1,7250,8934,8189,19192,938,12854,6495,8846,13658,11750,5491,14773,14125,2246,150,8863,1,31:20
2024-25,1631207,Dalen Terry,Dalen,1610612741,CHI,Chicago Bulls,0022401191,2025-04-13T00:00:00,CHI @ PHI,W,17.65,6.1,18.4,0.333,0.0,6.1,0.0,0.0,0.0,0.0,0.0,6.1,6.1,2.0,2.0,2.0,0.0,0.0,2.0,0.0,12.2,-22.4,26.7,0,0,24.5,1,1,13086,1,17819,11164,4324,17395,15070,10388,15070,13505,14344,13505,14058,8053,11995,16221,10300,6057,8263,8846,14919,17725,15884,22202,17141,2246,150,18019,1,17:39
2024-25,203999,Nikola Jokić,Nikola,1610612743,DEN,Denver Nuggets,0022401193,2025-04-13T00:00:00,DEN @ HOU,W,30.77,8.2,11.7,0.7,3.5,5.8,0.6,1.2,2.3,0.5,1.2,7.0,8.2,8.2,1.2,2.3,1.2,0.0,3.5,3.5,21.1,39.8,52.5,0,0,48.0,1,1,13086,1,7070,6225,14115,3045,5125,11078,2992,12701,11664,10625,11998,6331,7947,2704,14661,4901,6368,8846,8720,7637,7038,993,2584,2246,150,3156,1,30:46
2024-25,1630194,Paul Reed,Paul,1610612765,DET,Detroit Pistons,0022401192,2025-04-13T00:00:00,DET @ MIL,L,22.3,6.5,9.7,0.667,0.0,0.0,0.0,0.0,0.0,0.0,3.2,6.5,9.7,8.1,1.6,0.0,1.6,1.6,4.8,0.0,12.9,0.0,39.9,0,0,33.9,1,13222,1,13222,14279,10292,17601,3281,15070,20945,15070,13505,14344,13505,4885,7399,5818,2817,12280,12854,4517,4396,4966,17725,15184,12240,7839,2246,150,10924,1,22:18
2024-25,203937,Kyle Anderson,Kyle,1610612748,MIA,Miami Heat,0022401190,2025-04-13T00:00:00,MIA vs. WAS,L,28.05,2.6,9.0,0.286,0.0,0.0,0.0,2.6,2.6,1.0,1.3,6.4,7.7,5.1,0.0,0.0,3.9,1.3,1.3,3.9,7.7,-5.1,36.2,0,0,28.2,1,13222,1,13222,9509,20338,18751,19630,15070,20945,15070,8886,11056,1,11273,7466,8804,7167,16469,12854,1008,5735,18104,6710,20164,15668,10245,2246,150,15263,1,28:03
2024-25,1642264,Stephon Castle,Stephon,1610612759,SAS,San Antonio Spurs,0022401197,2025-04-13T00:00:00,SAS vs. TOR,W,37.266666666666666,4.8,15.5,0.313,1.0,2.9,0.333,8.7,8.7,1.0,1.0,6.8,7.7,5.8,3.9,0.0,0.0,1.0,1.9,5.8,19.3,1.9,33.4,0,0,33.8,1,1,13086,1,1815,14859,7884,19175,14721,17871,9209,1112,2054,1,13526,6767,8758,5864,4162,12854,8263,8216,15505,2904,8535,11659,12245,2246,150,10992,1,37:16
2024-25,1630534,Ochai Agbaji,Ochai,1610612761,TOR,Toronto Raptors,0022401197,2025-04-13T00:00:00,TOR @ SAS,L,37.516666666666666,5.8,14.4,0.4,1.9,7.7,0.25,0.0,0.0,0.0,1.0,1.0,1.9,1.0,1.0,3.8,1.0,1.0,4.8,1.0,13.4,-9.6,30.6,0,0,27.8,1,13222,1,13222,1673,12243,9545,14933,10553,7036,11902,13505,14344,13505,13574,22038,21969,19789,16092,1805,7751,8265,5067,17515,14586,17718,14337,2246,150,15561,1,37:31
2024-25,1631288,Jamal Cain,Jamal,1610612740,NOP,New Orleans Pelicans,0022401196,2025-04-13T00:00:00,NOP vs. OKC,L,28.016666666666666,7.7,18.0,0.429,1.3,5.1,0.25,6.4,10.3,0.625,2.6,2.6,5.1,1.3,1.3,1.3,0.0,0.0,5.1,6.4,23.1,-5.1,33.8,0,0,33.4,1,13222,1,13222,9535,7252,4707,13735,12913,12851,11902,2476,1267,10271,6429,18010,14422,18709,13879,9544,8263,8846,4298,2155,5396,15672,11976,2246,150,11310,1,28:01
2024-25,1642278,Tyler Kolek,Tyler,1610612752,NYK,New York Knicks,0022401188,2025-04-13T00:00:00,NYK @ BKN,W,14.466666666666667,2.5,12.4,0.2,2.5,10.0,0.25,5.0,5.0,1.0,5.0,2.5,7.5,10.0,7.5,0.0,0.0,0.0,2.5,7.5,12.4,-22.4,28.9,0,0,32.4,1,1,13086,1,19896,20482,12827,21401,8189,3541,11902,4074,5970,1,2397,18216,9242,1460,722,12854,8263,8846,12846,1344,15662,22191,15586,2246,150,12106,1,14:28
2024-25,1627780,Gary Payton II,Gary,1610612744,GSW,Golden State Warriors,0022401198,2025-04-13T00:00:00,GSW vs. LAC,L,24.756666666666668,1.5,5.8,0.25,0.0,1.5,0.0,0.0,0.0,0.0,1.5,4.4,5.8,4.4,1.5,1.5,0.0,1.5,2.9,0.0,2.9,5.8,19.3,0,0,16.0,1,13222,1,13222,12219,22225,22796,20233,15070,20317,15070,13505,14344,13505,10520,12618,12734,8978,12992,8617,8263,4970,11158,17725,22976,9697,21479,2246,150,22710,1,24:45
2024-25,1641775,Jordan Walsh,Jordan,1610612738,BOS,Boston Celtics,0022401187,2025-04-13T00:00:00,BOS vs. CHA,W,21.02,6.9,12.0,0.571,3.4,6.9,0.5,0.0,0.0,0.0,3.4,10.3,13.7,1.7,5.1,3.4,1.7,0.0,3.4,1.7,17.1,-1.7,46.4,0,0,46.2,1,1,13086,1,15279,9293,13606,6538,5321,8778,3944,13505,14344,13505,4491,2372,2382,17329,2188,2336,4263,8846,8983,14229,10706,13882,4576,2246,150,3733,1,21:01
2024-25,1629022,Lonnie Walker IV,Lonnie,1610612755,PHI,Philadelphia 76ers,0022401191,2025-04-13T00:00:00,PHI vs. CHI,L,36.88333333333333,10.7,22.4,0.478,7.8,14.6,0.533,1.0,1.0,1.0,1.0,4.9,5.9,2.0,0.0,0.0,0.0,0.0,0.0,1.0,30.3,-13.7,40.2,0,0,45.9,1,13222,1,13222,2069,2474,1611,11986,512,776,3935,13307,14252,1,13452,11211,12616,16553,16469,12854,8263,8846,20257,17468,2000,19369,7624,2246,150,3870,1,36:53
2024-25,1630540,Miles McBride,Miles,1610612752,NYK,New York Knicks,0022401188,2025-04-13T00:00:00,NYK @ BKN,W,29.966666666666665,7.2,16.8,0.429,3.6,10.8,0.333,2.4,2.4,1.0,0.0,4.8,4.8,9.6,2.4,3.6,0.0,0.0,3.6,1.2,20.4,12.0,49.0,0,0,45.7,1,1,13086,1,7812,8434,6011,13735,4918,2663,9209,9327,11479,1,14058,11418,15284,1634,8644,2090,8263,8846,8415,16394,7565,6789,3622,2246,150,3958,1,29:58
2024-25,1630528,Josh Christopher,Josh,1610612748,MIA,Miami Heat,0022401190,2025-04-13T00:00:00,MIA vs. WAS,L,28.433333333333334,8.9,20.3,0.438,1.3,6.3,0.2,2.5,2.5,1.0,0.0,3.8,3.8,3.8,1.3,5.1,2.5,0.0,0.0,1.3,21.5,-2.5,53.3,0,0,45.6,1,13222,1,13222,9184,4945,2796,13558,13004,9918,13429,8956,11122,1,14058,14322,17823,10500,13993,862,2314,8846,20257,16052,6617,14324,2375,2246,150,3992,1,28:26
2024-25,1630249,Vít Krejčí,Vít,1610612737,ATL,Atlanta Hawks,0022401186,2025-04-13T00:00:00,ATL vs. ORL,W,27.816666666666666,6.5,6.5,1.0,2.6,2.6,1.0,1.3,1.3,1.0,2.6,6.5,9.1,9.1,3.9,3.9,0.0,0.0,2.6,0.0,16.8,14.2,49.0,0,0,45.3,1,1,13086,1,9700,10264,22139,1,7863,18468,1,12317,13737,1,6377,7370,6647,1974,4123,1756,8263,8846,12463,17725,11034,5915,3612,2246,150,4108,1,27:49
2024-25,1642258,Zaccharie Risacher,Zaccharie,1610612737,ATL,Atlanta Hawks,0022401186,2025-04-13T00:00:00,ATL vs. ORL,W,9.55,7.5,18.8,0.4,7.5,15.1,0.5,0.0,0.0,0.0,0.0,7.5,7.5,0.0,7.5,0.0,3.8,3.8,0.0,0.0,22.6,0.0,35.4,0,0,45.2,1,1,13086,1,22263,7669,3883,14933,582,673,3944,13505,14344,13505,14058,5428,9095,19908,699,12854,1049,753,20257,17725,5767,12240,10780,2246,150,4142,1,9:33
2024-25,1630174,Aaron Nesmith,Aaron,1610612754,IND,Indiana Pacers,0022401189,2025-04-13T00:00:00,IND @ CLE,W,14.366666666666667,10.0,17.5,0.571,2.5,5.0,0.5,2.5,2.5,1.0,5.0,5.0,10.0,2.5,2.5,2.5,0.0,2.5,5.0,5.0,25.1,-27.6,45.9,0,0,45.1,1,1,13086,1,19961,3198,5212,6538,8131,13184,3944,9034,11195,1,2373,10852,5406,14531,8227,4369,8263,2036,4577,4094,4187,23348,4802,2246,150,4219,1,14:22
2024-25,201942,DeMar DeRozan,DeMar,1610612758,SAC,Sacramento Kings,0022401200,2025-04-13T00:00:00,SAC vs. PHX,W,27.55,5.2,11.8,0.444,0.0,0.0,0.0,0.0,0.0,0.0,0.0,0.0,0.0,6.5,2.6,0.0,0.0,1.3,1.3,0.0,10.5,5.2,17.6,0,0,17.0,1,1,13086,1,9909,13744,14012,13045,15070,20945,15070,13505,14344,13505,14058,22137,23286,4655,7821,12854,8263,5616,18004,17725,17710,9992,22241,2246,150,22316,1,27:33
2024-25,1629640,Keldon Johnson,Keldon,1610612759,SAS,San Antonio Spurs,0022401197,2025-04-13T00:00:00,SAS vs. TOR,W,27.2,13.2,18.5,0.714,1.3,5.3,0.25,2.6,6.6,0.4,4.0,7.9,11.9,0.0,2.6,0.0,1.3,0.0,0.0,6.6,30.4,11.9,46.1,0,0,46.3,1,1,13086,1,10190,938,4190,2752,12758,12477,11902,8696,3744,13061,3636,4791,3571,19908,7707,12854,5544,8846,20257,1966,1936,6832,4724,2246,150,3714,1,27:12
2024-25,1641748,Andre Jackson Jr.,Andre,1610612749,MIL,Milwaukee Bucks,0022401192,2025-04-13T00:00:00,MIL vs. DET,W,36.016666666666666,4.0,6.0,0.667,1.0,1.0,1.0,0.0,0.0,0.0,1.0,2.0,3.0,4.0,5.0,0.0,0.0,1.0,3.0,0.0,9.0,-4.0,13.6,0,0,17.0,1,1,13086,1,2671,17097,22607,3281,14555,20864,1,13505,14344,13505,13253,19669,19746,9944,2341,12854,8263,7923,10744,17725,19089,15062,23607,2246,150,22312,1,36:01
2024-25,1631323,Simone Fontecchio,Simone,1610612765,DET,Detroit Pistons,0022401192,2025-04-13T00:00:00,DET @ MIL,L,19.25,9.4,16.8,0.556,7.5,13.1,0.571,1.9,1.9,1.0,5.6,0.0,5.6,3.7,5.6,0.0,0.0,1.9,1.9,1.9,28.1,28.1,34.8,0,0,44.9,1,13222,1,13222,16627,4119,6001,7248,597,1250,3506,11047,13062,1,1870,22137,13258,10681,1715,12854,8263,3666,15829,13638,2761,2260,11215,2246,150,4320,1,19:15
2024-25,200782,P.J. Tucker,P.J.,1610612752,NYK,New York Knicks,0022401188,2025-04-13T00:00:00,NYK @ BKN,W,29.233333333333334,2.5,6.2,0.4,2.5,4.9,0.5,0.0,0.0,0.0,1.2,1.2,2.5,0.0,1.2,1.2,1.2,0.0,6.2,1.2,7.4,-22.2,16.5,0,0,17.2,1,1,13086,1,8465,20530,22469,14933,8272,13376,3944,13505,14344,13505,11595,21438,20871,19908,14225,9933,5991,8846,2760,16229,20421,22118,22666,2246,150,22196,1,29:14
2024-25,1641720,Jalen Hood-Schifino,Jalen,1610612755,PHI,Philadelphia 76ers,0022401191,2025-04-13T00:00:00,PHI vs. CHI,L,27.05,2.7,12.0,0.222,1.3,5.3,0.25,2.7,2.7,1.0,1.3,1.3,2.7,4.0,2.7,0.0,0.0,0.0,2.7,1.3,9.3,-16.0,15.8,0,0,17.3,1,13222,1,13222,10296,20168,13626,21205,12733,12407,11902,8660,10834,1,11059,21232,20520,9954,7649,12854,8263,8846,12197,15762,18798,20248,22914,2246,150,22176,1,27:03
2024-25,201959,Taj Gibson,Taj,1610612766,CHA,Charlotte Hornets,0022401187,2025-04-13T00:00:00,CHA @ BOS,L,11.231666666666667,6.4,9.6,0.667,0.0,0.0,0.0,0.0,0.0,0.0,12.8,6.4,19.2,6.4,3.2,0.0,0.0,0.0,0.0,0.0,12.8,6.4,42.3,0,0,38.5,1,13222,1,13222,21617,10410,17734,3281,15070,20945,15070,13505,14344,13505,202,7484,639,4839,5808,12854,8263,8846,20257,17725,15269,9415,6471,2246,150,7725,1,11:14
2024-25,1629004,Svi Mykhailiuk,Svi,1610612762,UTA,Utah Jazz,0022401195,2025-04-13T00:00:00,UTA @ MIN,L,39.38333333333333,4.6,8.2,0.556,3.7,5.5,0.667,0.0,0.0,0.0,0.0,3.7,3.7,3.7,0.9,0.0,0.9,0.0,0.0,0.0,12.8,-7.3,24.5,0,0,25.6,1,13222,1,13222,751,15571,19908,7248,4792,11991,1957,13505,14344,13505,14058,14769,18187,10918,16307,12854,8025,8846,20257,17725,15293,16647,18612,2246,150,17212,1,39:23
2024-25,1628988,Aaron Holiday,Aaron,1610612745,HOU,Houston Rockets,0022401193,2025-04-13T00:00:00,HOU vs. DEN,L,9.383333333333333,7.7,15.3,0.5,7.7,15.3,0.5,0.0,0.0,0.0,0.0,0.0,0.0,7.7,0.0,0.0,0.0,0.0,7.7,3.8,23.0,11.5,34.5,0,0,38.4,1,13222,1,13222,22322,7318,8039,8526,537,623,3944,13505,14344,13505,14058,22137,23286,3208,16469,12854,8263,8846,1525,6750,5465,7008,11427,2246,150,7787,1,9:23
2024-25,1630283,Kylor Kelley,Kylor,1610612740,NOP,New Orleans Pelicans,0022401196,2025-04-13T00:00:00,NOP vs. OKC,L,15.443333333333333,2.3,2.3,1.0,0.0,0.0,0.0,2.3,4.7,0.5,0.0,11.7,11.7,2.3,2.3,0.0,2.3,0.0,2.3,2.3,7.0,-35.0,29.1,0,0,25.6,1,13222,1,13222,19287,20796,24691,1,15070,20945,15070,9522,6556,10625,14058,1541,3798,15119,8942,12854,2684,8846,13523,11628,20736,24400,15401,2246,150,17179,1,15:27
2024-25,1629610,DaQuan Jeffries,DaQuan,1610612766,CHA,Charlotte Hornets,0022401187,2025-04-13T00:00:00,CHA @ BOS,L,28.066666666666666,5.1,15.4,0.333,3.8,10.3,0.375,0.0,1.3,0.0,1.3,3.8,5.1,0.0,1.3,1.3,0.0,0.0,1.3,2.6,14.1,-12.8,22.8,0,0,25.7,1,13222,1,13222,9490,14004,7970,17395,4322,3196,8800,13505,13755,13505,11280,14188,14440,19908,13886,9563,8263,8846,18108,10744,13840,19066,19666,2246,150,17167,1,28:04
2024-25,1628420,Monté Morris,Monté,1610612756,PHX,Phoenix Suns,0022401200,2025-04-13T00:00:00,PHX @ SAC,L,21.033333333333335,5.1,12.0,0.429,3.4,6.8,0.5,0.0,0.0,0.0,1.7,3.4,5.1,3.4,0.0,0.0,0.0,1.7,3.4,0.0,13.7,-24.0,25.0,0,0,25.7,1,13222,1,13222,15267,13995,13622,13735,5327,8787,3944,13505,14344,13505,9537,15451,14435,11623,16469,12854,8263,4115,8988,17725,14291,22563,18301,2246,150,17156,1,21:02
2024-25,1629680,Matisse Thybulle,Matisse,1610612757,POR,Portland Trail Blazers,0022401199,2025-04-13T00:00:00,POR vs. LAL,W,29.15,6.2,13.6,0.455,3.7,6.2,0.6,2.5,8.6,0.286,4.9,1.2,6.2,2.5,1.2,2.5,1.2,1.2,2.5,6.2,18.5,33.3,39.5,0,0,38.3,1,1,13086,1,8543,11032,10847,12676,4690,10254,2992,9137,2096,13350,2430,21432,11878,14647,14199,4472,5972,6026,12911,2421,9298,1588,8059,2246,150,7835,1,29:09
2024-25,1641810,Antonio Reeves,Antonio,1610612740,NOP,New Orleans Pelicans,0022401196,2025-04-13T00:00:00,NOP vs. OKC,L,39.17333333333333,7.4,12.9,0.571,0.0,3.7,0.0,3.7,4.6,0.8,0.0,5.5,5.5,0.0,0.0,0.0,0.9,0.0,2.8,3.7,18.4,-16.5,27.8,0,0,25.7,1,13222,1,13222,825,8118,12097,6538,15070,16275,15070,6342,6665,7681,14058,9494,13502,19908,16469,12854,8008,8846,11812,7197,9438,20459,16392,2246,150,17122,1,39:10
2024-25,1630578,Alperen Sengun,Alperen,1610612745,HOU,Houston Rockets,0022401193,2025-04-13T00:00:00,HOU vs. DEN,L,23.566666666666666,10.7,21.4,0.5,0.0,0.0,0.0,0.0,0.0,0.0,3.1,4.6,7.6,6.1,0.0,0.0,1.5,1.5,1.5,0.0,21.4,-12.2,44.3,0,0,38.2,1,13222,1,13222,13257,2511,2096,8526,15070,20945,15070,13505,14344,13505,5222,12034,8902,5314,16469,12854,4752,4664,17120,17725,6740,18824,5521,2246,150,7909,1,23:34
2024-25,1631166,Drew Timme,Drew,1610612751,BKN,Brooklyn Nets,0022401188,2025-04-13T00:00:00,BKN vs. NYK,L,30.703333333333333,4.7,12.9,0.364,1.2,7.0,0.167,2.3,4.7,0.5,0.0,9.4,9.4,2.3,2.3,0.0,0.0,0.0,2.3,7.0,12.9,-3.5,25.3,0,0,25.8,1,13222,1,13222,7122,15265,12044,16861,13523,8392,14236,9469,6497,10625,14058,3128,6217,15072,8887,12854,8263,8846,13464,1634,15203,14810,18056,2246,150,17076,1,30:42
2024-25,1642347,Jamal Shead,Jamal,1610612761,TOR,Toronto Raptors,0022401197,2025-04-13T00:00:00,TOR @ SAS,L,36.21666666666667,4.0,11.9,0.333,2.0,5.0,0.4,1.0,2.0,0.5,2.0,2.0,4.0,8.9,3.0,0.0,0.0,1.0,3.0,4.0,10.9,-3.0,26.1,0,0,25.8,1,13222,1,13222,2521,17146,13718,17395,10220,13274,7874,13254,12766,10625,8443,19705,17375,2066,6560,12854,8263,7979,10805,6375,17231,14563,17527,2246,150,17040,1,36:13
2024-25,1631123,Jamaree Bouyea,Jamaree,1610612749,MIL,Milwaukee Bucks,0022401192,2025-04-13T00:00:00,MIL vs. DET,W,47.3,3.8,7.6,0.5,0.8,3.0,0.25,3.0,4.6,0.667,0.0,2.3,2.3,5.3,3.8,1.5,1.5,0.8,0.8,4.6,11.4,3.8,27.5,0,0,25.9,1,1,13086,1,22,17548,20772,8526,15067,17562,11902,7680,6711,9425,14058,18814,21239,6767,4304,8308,4769,8834,20252,5007,16768,10749,16602,2246,150,17021,1,47:18
2024-25,1631210,Jacob Toppin,Jacob,1610612737,ATL,Atlanta Hawks,0022401186,2025-04-13T00:00:00,ATL vs. ORL,W,26.55,8.1,16.3,0.5,6.8,10.8,0.625,0.0,0.0,0.0,1.4,4.1,5.4,2.7,1.4,0.0,0.0,2.7,0.0,0.0,23.1,-9.5,32.3,0,0,38.0,1,1,13086,1,10687,6335,6726,8526,850,2631,2868,13505,14344,13505,10951,13515,13750,13871,13537,12854,8263,1723,20257,17725,5449,17666,13109,2246,150,8047,1,26:33
2024-25,1629659,Talen Horton-Tucker,Talen,1610612741,CHI,Chicago Bulls,0022401191,2025-04-13T00:00:00,CHI @ PHI,W,28.533333333333335,7.6,11.4,0.667,0.0,2.5,0.0,6.3,8.8,0.714,0.0,3.8,3.8,7.6,1.3,2.5,0.0,1.3,0.0,5.0,21.4,25.2,43.7,0,0,37.9,1,1,13086,1,9085,7599,14744,3281,15070,18579,15070,2585,1957,9244,14058,14372,17862,3317,14032,4320,8263,5864,20257,4021,6691,2762,5826,2246,150,8130,1,28:32
2024-25,1629638,Nickeil Alexander-Walker,Nickeil,1610612750,MIN,Minnesota Timberwolves,0022401195,2025-04-13T00:00:00,MIN vs. UTA,W,32.666666666666664,3.3,9.9,0.333,2.2,8.8,0.25,1.1,1.1,1.0,0.0,5.5,5.5,7.7,1.1,2.2,1.1,0.0,1.1,0.0,9.9,6.6,36.9,0,0,32.0,1,1,13086,1,5424,18741,17206,17395,9223,5072,11902,12907,14040,1,14058,9499,13509,3165,15120,5376,6777,8846,19084,17725,18242,9328,9758,2246,150,12420,1,32:40
2024-25,1641772,Nae'Qwan Tomlin,Nae'Qwan,1610612739,CLE,Cleveland Cavaliers,0022401189,2025-04-13T00:00:00,CLE vs. IND,L,46.75,6.2,16.2,0.381,1.5,6.2,0.25,4.6,6.2,0.75,4.6,4.6,9.2,1.5,0.8,0.0,0.8,1.5,4.6,4.6,18.5,6.9,33.4,1,0,32.3,1,13222,1,13222,26,11073,6877,16250,11899,10297,11902,4649,4274,8186,2770,11927,6395,17843,16463,12854,8256,4622,5490,4897,9336,9171,12248,1,150,12115,1,46:45
2024-25,1627814,Damion Lee,Damion,1610612756,PHX,Phoenix Suns,0022401200,2025-04-13T00:00:00,PHX @ SAC,L,5.55,13.0,25.9,0.5,0.0,6.5,0.0,0.0,0.0,0.0,0.0,6.5,6.5,0.0,0.0,0.0,0.0,0.0,0.0,0.0,25.9,6.5,33.7,0,0,32.4,1,13222,1,13222,23763,1045,649,8526,15070,9576,15070,13505,14344,13505,14058,7336,11203,19908,16469,12854,8263,8846,20257,17725,3708,9380,12024,2246,150,12035,1,5:33
2024-25,1631250,Pete Nance,Pete,1610612749,MIL,Milwaukee Bucks,0022401192,2025-04-13T00:00:00,MIL vs. DET,W,43.233333333333334,5.8,10.0,0.583,4.2,7.5,0.556,0.0,0.0,0.0,0.8,4.2,5.0,4.2,3.3,0.0,1.7,0.0,4.2,0.0,15.8,5.0,29.7,0,0,32.5,1,1,13086,1,135,12028,17065,6296,3646,7423,3747,13505,14344,13505,14020,13226,14797,9486,5416,12854,4377,8846,6660,17725,12101,10113,15006,2246,150,12012,1,43:14
2024-25,1631311,Lester Quinones,Lester,1610612740,NOP,New Orleans Pelicans,0022401196,2025-04-13T00:00:00,NOP vs. OKC,L,33.583333333333336,5.4,16.1,0.333,2.1,9.6,0.222,5.4,5.4,1.0,0.0,5.4,5.4,6.4,0.0,0.0,0.0,1.1,4.3,6.4,18.2,-6.4,34.3,0,0,32.2,1,13222,1,13222,4656,13367,7004,17395,9490,3915,13288,3573,5369,1,14058,9871,13893,4810,16469,12854,8263,7294,6323,2147,9603,16260,11588,2246,150,12258,1,33:35
2024-25,1631200,Kris Murray,Kris,1610612757,POR,Portland Trail Blazers,0022401199,2025-04-13T00:00:00,POR vs. LAL,W,29.833333333333332,4.8,18.1,0.267,1.2,7.2,0.167,1.2,2.4,0.5,7.2,6.0,13.3,3.6,2.4,0.0,1.2,2.4,0.0,1.2,12.1,26.5,34.6,1,0,32.6,1,1,13086,1,7938,14867,4559,20170,13322,7957,14236,12564,11443,10625,1046,8258,2625,11031,8598,12854,6128,2188,20257,16368,16074,2513,11346,1,150,11955,1,29:50
2024-25,1641774,Tristan Vukcevic,Tristan,1610612764,WAS,Washington Wizards,0022401190,2025-04-13T00:00:00,WAS @ MIA,W,38.71666666666667,8.4,11.2,0.75,3.7,5.6,0.667,5.6,6.5,0.857,0.9,9.3,10.2,4.6,3.7,0.0,0.9,0.9,3.7,5.6,26.0,5.6,44.4,1,0,46.5,1,1,13086,1,1003,5859,15088,2107,4649,11773,1957,3333,3875,7071,13770,3205,5200,8311,4510,12854,7954,8497,8009,3219,3664,9806,5491,1,150,3662,1,38:43
2024-25,1641854,Craig Porter Jr.,Craig,1610612739,CLE,Cleveland Cavaliers,0022401189,2025-04-13T00:00:00,CLE vs. IND,L,42.75,5.9,16.0,0.368,3.4,7.6,0.444,1.7,3.4,0.5,0.8,3.4,4.2,4.2,5.9,0.0,1.7,5.1,1.7,1.7,16.8,-18.5,27.4,0,0,32.0,1,13222,1,13222,175,11815,7106,16823,5461,7213,7211,11446,9164,10625,14011,15601,16772,9361,1461,12854,4335,358,16585,14324,11013,21076,16686,2246,150,12387,1,42:45
2024-25,1642484,RayJ Dennis,RayJ,1610612754,IND,Indiana Pacers,0022401189,2025-04-13T00:00:00,IND @ CLE,W,28.883333333333333,6.2,17.4,0.357,3.7,11.2,0.333,0.0,0.0,0.0,0.0,6.2,6.2,7.5,0.0,3.7,2.5,1.2,3.7,1.2,16.2,43.6,53.6,0,0,46.1,1,1,13086,1,8775,10883,5302,17140,4600,2314,9209,13505,14344,13505,14058,7826,11751,3425,16469,1918,2390,5950,7942,16145,11721,754,2299,2246,150,3779,1,28:53
2024-25,1631221,Collin Gillespie,Collin,1610612756,PHX,Phoenix Suns,0022401200,2025-04-13T00:00:00,PHX @ SAC,L,28.216666666666665,5.1,8.9,0.571,3.8,7.7,0.5,1.3,2.6,0.5,0.0,3.8,3.8,3.8,1.3,2.6,0.0,0.0,1.3,2.6,15.3,-17.9,32.0,0,0,31.9,1,13222,1,13222,9369,14076,18823,6538,4366,7072,3944,12364,11081,10625,14058,14243,17759,10432,13931,4252,8263,8846,18139,10792,12612,20891,13306,2246,150,12462,1,28:13
2024-25,1642419,Jamison Battle,Jamison,1610612761,TOR,Toronto Raptors,0022401197,2025-04-13T00:00:00,TOR @ SAS,L,42.35,7.7,16.2,0.474,6.0,12.8,0.467,0.0,0.0,0.0,0.9,6.8,7.7,2.6,1.7,0.0,0.0,0.0,4.3,0.0,21.3,-6.0,32.6,0,0,37.4,1,13222,1,13222,220,7379,6901,12072,1344,1407,7108,13505,14344,13505,14000,6704,8879,14364,11923,12854,8263,8846,6428,17725,6884,16035,12910,2246,150,8427,1,42:21
2024-25,1642346,Ryan Dunn,Ryan,1610612756,PHX,Phoenix Suns,0022401200,2025-04-13T00:00:00,PHX @ SAC,L,29.77,6.0,13.3,0.455,2.4,7.3,0.333,0.0,0.0,0.0,7.3,4.8,12.1,3.6,1.2,1.2,1.2,1.2,1.2,0.0,14.5,9.7,40.5,1,0,37.5,1,13222,1,13222,7992,11377,11302,12676,8423,7923,9209,13505,14344,13505,1039,11313,3422,11002,14375,10099,6115,6193,18486,17725,13400,7853,7457,1,150,8371,1,29:46
2024-25,1628436,Luke Kornet,Luke,1610612738,BOS,Boston Celtics,0022401187,2025-04-13T00:00:00,BOS vs. CHA,W,29.763333333333332,6.0,10.9,0.556,0.0,1.2,0.0,1.2,2.4,0.5,4.8,4.8,9.7,2.4,0.0,1.2,4.8,1.2,2.4,3.6,13.3,1.2,46.7,0,0,37.5,1,1,13086,1,7998,11372,15550,7248,15070,20610,15070,12557,11425,10625,2521,11305,5831,14811,16469,10096,560,6190,13115,7312,14750,12006,4448,2246,150,8368,1,29:46
2024-25,1642359,Pacôme Dadiet,Pacôme,1610612752,NYK,New York Knicks,0022401188,2025-04-13T00:00:00,NYK @ BKN,W,11.033333333333333,3.3,9.8,0.333,0.0,3.3,0.0,6.5,9.8,0.667,9.8,3.3,13.1,0.0,3.3,0.0,0.0,0.0,3.3,6.5,13.1,-9.8,25.5,0,0,26.1,1,1,13086,1,21693,18845,17408,17395,15070,17150,15070,2377,1462,9425,432,15896,2769,19908,5624,12854,8263,8846,9599,2048,15039,17789,17962,2246,150,16865,1,11:02
2024-25,1631165,Keon Ellis,Keon,1610612758,SAC,Sacramento Kings,0022401200,2025-04-13T00:00:00,SAC vs. PHX,W,28.75,5.0,10.0,0.5,1.3,6.3,0.2,0.0,0.0,0.0,0.0,2.5,2.5,3.8,0.0,1.3,2.5,0.0,2.5,0.0,11.3,11.3,31.2,0,0,26.3,1,1,13086,1,8877,14368,17026,8526,13089,10057,13429,13505,14344,13505,14058,18177,20807,10631,16469,9790,2373,8846,12784,17725,16923,7112,13919,2246,150,16719,1,28:45
2024-25,1642345,Oso Ighodaro,Oso,1610612756,PHX,Phoenix Suns,0022401200,2025-04-13T00:00:00,PHX @ SAC,L,26.016666666666666,6.9,9.7,0.714,0.0,0.0,0.0,0.0,0.0,0.0,2.8,2.8,5.5,4.2,4.2,1.4,0.0,0.0,2.8,1.4,13.8,9.7,26.7,0,0,26.3,1,13222,1,13222,11148,9130,17601,2752,15070,20945,15070,13505,14344,13505,5932,17515,13457,9522,3581,8993,8263,8846,11775,15518,14113,7843,17152,2246,150,16724,1,26:01
2024-25,1642349,Ajay Mitchell,Ajay,1610612760,OKC,Oklahoma City Thunder,0022401196,2025-04-13T00:00:00,OKC @ NOP,W,17.84,6.1,20.2,0.3,2.0,14.1,0.143,0.0,0.0,0.0,2.0,0.0,2.0,4.0,2.0,0.0,2.0,0.0,8.1,6.1,14.1,4.0,26.6,0,0,26.2,1,1,13086,1,17678,11357,2851,19363,10082,891,14649,13505,14344,13505,8307,22137,21764,9847,10438,12854,3429,8846,1333,2554,13818,10626,17190,2246,150,16774,1,17:50
2024-25,1626168,Trey Lyles,Trey,1610612758,SAC,Sacramento Kings,0022401200,2025-04-13T00:00:00,SAC vs. PHX,W,24.75,5.8,14.5,0.4,2.9,10.2,0.286,1.5,1.5,1.0,0.0,2.9,2.9,1.5,0.0,1.5,0.0,0.0,0.0,2.9,16.0,5.8,26.0,0,0,26.2,1,1,13086,1,12223,12067,9281,14933,6841,3300,11433,11898,13534,1,14058,17049,19970,18161,16469,8612,8263,8846,20257,9564,11919,9694,17593,2246,150,16805,1,24:45
2024-25,1630541,Moses Moody,Moses,1610612744,GSW,Golden State Warriors,0022401198,2025-04-13T00:00:00,GSW vs. LAC,L,30.506666666666668,2.4,4.7,0.5,0.0,1.2,0.0,0.0,0.0,0.0,0.0,0.0,0.0,2.4,1.2,3.5,2.4,0.0,4.7,1.2,4.7,-16.5,24.8,0,0,18.9,1,13222,1,13222,7316,20739,23659,8526,15070,20649,15070,13505,14344,13505,14058,22137,23286,15017,14583,2195,2625,8846,5238,16508,22170,20451,18433,2246,150,21439,1,30:30
2024-25,1642354,KJ Simpson,KJ,1610612766,CHA,Charlotte Hornets,0022401187,2025-04-13T00:00:00,CHA @ BOS,L,32.25,1.1,6.7,0.167,0.0,2.2,0.0,0.0,0.0,0.0,1.1,4.5,5.6,5.6,2.2,2.2,0.0,0.0,2.2,1.1,2.2,-15.6,21.8,0,0,17.9,1,13222,1,13222,5778,22567,21895,21938,15070,19111,15070,13505,14344,13505,12350,12350,13324,6288,9381,5267,8263,8846,13953,16839,23128,20131,20282,2246,150,21929,1,32:15
2024-25,1641727,Dariq Whitehead,Dariq,1610612751,BKN,Brooklyn Nets,0022401188,2025-04-13T00:00:00,BKN vs. NYK,L,10.033333333333333,3.6,10.8,0.333,3.6,7.2,0.5,0.0,0.0,0.0,3.6,0.0,3.6,0.0,0.0,0.0,0.0,0.0,7.2,0.0,10.8,-14.4,15.1,0,0,17.9,1,13222,1,13222,22095,18107,15758,17395,4944,8087,3944,13505,14344,13505,4229,22137,18342,19908,16469,12854,8263,8846,1838,17725,17402,19633,23158,2246,150,21899,1,10:02
2024-25,1629618,Jalen Pickett,Jalen,1610612743,DEN,Denver Nuggets,0022401193,2025-04-13T00:00:00,DEN @ HOU,W,19.466666666666665,0.0,7.4,0.0,0.0,3.7,0.0,0.0,0.0,0.0,0.0,1.8,1.8,1.8,1.8,0.0,1.8,1.8,3.7,0.0,0.0,-12.9,8.7,0,0,7.4,1,1,13086,1,16447,22635,21073,22635,15070,16212,15070,13505,14344,13505,14058,20110,22083,16929,11325,12854,3930,3740,8077,17725,23200,19108,24617,2246,150,24852,1,19:28
2024-25,1642450,Daniss Jenkins,Daniss,1610612765,DET,Detroit Pistons,0022401192,2025-04-13T00:00:00,DET @ MIL,L,10.618333333333334,3.4,13.6,0.25,0.0,6.8,0.0,0.0,6.8,0.0,0.0,6.8,6.8,10.2,0.0,0.0,0.0,0.0,0.0,6.8,6.8,13.6,30.2,0,0,23.7,1,13222,1,13222,21869,18563,10895,20233,15070,8939,15070,13505,3582,13505,14058,6736,10575,1351,16469,12854,8263,8846,20257,1839,20874,6185,14680,2246,150,18521,1,10:37
2024-25,1641816,Hunter Tyson,Hunter,1610612743,DEN,Denver Nuggets,0022401193,2025-04-13T00:00:00,DEN @ HOU,W,4.483333333333333,0.0,8.0,0.0,0.0,0.0,0.0,16.1,16.1,1.0,0.0,0.0,0.0,8.0,0.0,0.0,0.0,0.0,16.1,8.0,16.1,-104.4,28.1,0,0,24.1,1,1,13086,1,24248,22635,20209,22635,15070,20945,15070,140,276,1,14058,22137,23286,2857,16469,12854,8263,8846,209,995,11866,26171,16132,2246,150,18265,1,4:29
2024-25,1631099,Keegan Murray,Keegan,1610612758,SAC,Sacramento Kings,0022401200,2025-04-13T00:00:00,SAC vs. PHX,W,22.716666666666665,4.8,12.7,0.375,0.0,4.8,0.0,0.0,0.0,0.0,0.0,11.1,11.1,3.2,0.0,0.0,0.0,0.0,0.0,0.0,9.5,19.0,27.6,0,0,23.8,1,1,13086,1,13938,15102,12422,16299,15070,13821,15070,13505,14344,13505,14058,1857,4324,12423,16469,12854,8263,8846,20257,17725,18628,4257,16520,2246,150,18480,1,22:43
2024-25,1631248,Baylor Scheierman,Baylor,1610612738,BOS,Boston Celtics,0022401187,2025-04-13T00:00:00,BOS vs. CHA,W,36.2,2.0,13.9,0.143,2.0,9.9,0.2,1.0,2.0,0.5,2.0,5.0,7.0,2.0,1.0,3.0,0.0,0.0,1.0,3.0,7.0,9.9,26.3,0,0,23.9,1,1,13086,1,2532,21431,10301,22260,10214,3556,13429,13253,12764,10625,8437,10958,10220,16419,15889,3196,8263,8846,19742,9320,20754,7723,17444,2246,150,18424,1,36:12
2024-25,1641842,Ronald Holland II,Ronald,1610612765,DET,Detroit Pistons,0022401192,2025-04-13T00:00:00,DET @ MIL,L,22.6,3.2,6.4,0.5,1.6,3.2,0.5,0.0,1.6,0.0,0.0,0.0,0.0,1.6,0.0,1.6,1.6,0.0,1.6,3.2,8.0,1.6,19.9,0,0,17.5,1,13222,1,13222,14030,19020,22242,8526,11695,17297,3944,13505,13403,13505,14058,22137,23286,17672,16469,8014,4578,8846,16894,8603,19950,11832,21208,2246,150,22070,1,22:36
2024-25,1626220,Royce O'Neale,Royce,1610612756,PHX,Phoenix Suns,0022401200,2025-04-13T00:00:00,PHX @ SAC,L,21.083333333333332,3.4,15.4,0.222,1.7,13.7,0.125,0.0,0.0,0.0,0.0,5.1,5.1,5.1,1.7,1.7,0.0,0.0,1.7,1.7,8.5,-18.8,25.8,0,0,23.9,1,13222,1,13222,15235,18506,8010,21205,11378,1037,14886,13505,14344,13505,14058,10495,14457,7198,11889,7580,8263,8846,16513,14246,19484,21174,17760,2246,150,18397,1,21:05
2024-25,1641745,Adam Flagler,Adam,1610612760,OKC,Oklahoma City Thunder,0022401196,2025-04-13T00:00:00,OKC @ NOP,W,21.923333333333332,1.6,11.5,0.143,0.0,8.2,0.0,0.0,0.0,0.0,0.0,1.6,1.6,0.0,0.0,0.0,0.0,0.0,1.6,0.0,3.3,8.2,5.3,0,0,4.9,1,1,13086,1,14559,21982,14482,22260,15070,6069,15070,13505,14344,13505,14058,20582,22379,19908,16469,12854,8263,8846,16743,17725,22856,8530,24987,2246,150,25114,1,21:55
2024-25,203458,Alex Len,Alex,1610612747,LAL,Los Angeles Lakers,0022401199,2025-04-13T00:00:00,LAL @ POR,L,13.55,5.3,10.6,0.5,0.0,2.7,0.0,0.0,0.0,0.0,0.0,5.3,5.3,2.7,8.0,0.0,2.7,0.0,15.9,0.0,10.6,-39.9,21.0,0,0,23.9,1,13222,1,13222,20458,13502,16003,8526,15070,18333,15070,13505,14344,13505,14058,9998,14008,14020,597,12854,2139,8846,210,17725,17532,24832,20694,2246,150,18387,1,13:33
2024-25,1631247,Luke Travers,Luke,1610612739,CLE,Cleveland Cavaliers,0022401189,2025-04-13T00:00:00,CLE vs. IND,L,27.671666666666667,2.6,11.7,0.222,0.0,6.5,0.0,0.0,0.0,0.0,3.9,6.5,10.4,2.6,3.9,0.0,0.0,1.3,1.3,0.0,5.2,-1.3,17.7,0,0,18.2,1,13222,1,13222,9821,20277,14097,21205,15070,9540,15070,13505,14344,13505,3719,7300,4996,14211,4082,12854,8263,5648,18025,17725,21907,13718,22219,2246,150,21766,1,27:40
2024-25,1629056,Terence Davis,Terence,1610612758,SAC,Sacramento Kings,0022401200,2025-04-13T00:00:00,SAC vs. PHX,W,7.883333333333334,0.0,9.1,0.0,0.0,4.6,0.0,0.0,0.0,0.0,0.0,4.6,4.6,4.6,0.0,0.0,0.0,0.0,0.0,0.0,0.0,-13.7,12.3,0,0,9.1,1,1,13086,1,22842,22635,18504,22635,15070,14273,15070,13505,14344,13505,14058,12074,15884,8488,16469,12854,8263,8846,20257,17725,23200,19378,23939,2246,150,24582,1,7:53
2024-25,201144,Mike Conley,Mike,1610612750,MIN,Minnesota Timberwolves,0022401195,2025-04-13T00:00:00,MIN vs. UTA,W,14.966666666666667,0.0,7.2,0.0,0.0,4.8,0.0,0.0,0.0,0.0,0.0,4.8,4.8,4.8,0.0,0.0,0.0,2.4,2.4,0.0,0.0,7.2,13.0,0,0,9.6,1,1,13086,1,19587,22635,21301,22635,15070,13669,15070,13505,14344,13505,14058,11395,15267,7891,16469,12854,8263,2206,13173,17725,23200,9038,23772,2246,150,24506,1,14:58
2024-25,1629599,Amir Coffey,Amir,1610612746,LAC,LA Clippers,0022401198,2025-04-13T00:00:00,LAC @ GSW,W,3.8,0.0,0.0,0.0,0.0,0.0,0.0,0.0,0.0,0.0,0.0,9.5,9.5,0.0,9.5,0.0,0.0,0.0,9.5,0.0,0.0,-123.2,1.9,0,0,9.5,1,1,13086,1,24574,22635,24836,22635,15070,20945,15070,13505,14344,13505,14058,3039,6091,19908,375,12854,8263,8846,819,17725,23200,26234,25167,2246,150,24532,1,3:48
2024-25,1627884,Derrick Jones Jr.,Derrick,1610612746,LAC,LA Clippers,0022401198,2025-04-13T00:00:00,LAC @ GSW,W,17.736666666666668,2.0,6.1,0.333,0.0,2.0,0.0,2.0,4.1,0.5,2.0,8.1,10.1,2.0,0.0,0.0,0.0,0.0,2.0,2.0,6.1,-8.1,21.3,0,0,18.3,1,1,13086,1,17750,21349,22521,17395,15070,19503,15070,10538,7719,10625,8263,4536,5276,16269,16469,12854,8263,8846,14972,12939,21325,17025,20525,2246,150,21732,1,17:44
2024-25,1626179,Terry Rozier,Terry,1610612748,MIA,Miami Heat,0022401190,2025-04-13T00:00:00,MIA vs. WAS,L,34.46666666666667,1.0,9.4,0.111,0.0,4.2,0.0,0.0,0.0,0.0,3.1,3.1,6.3,1.0,1.0,0.0,0.0,1.0,0.0,1.0,2.1,-1.0,10.1,0,0,9.4,1,13222,1,13222,3877,22603,18115,22520,15070,15174,15070,13505,14344,13505,5070,16324,11684,19546,15524,12854,8263,7533,20257,17195,23150,13567,24392,2246,150,24542,1,34:28
2024-25,1630548,Johnny Juzang,Johnny,1610612762,UTA,Utah Jazz,0022401195,2025-04-13T00:00:00,UTA @ MIN,L,27.55,7.8,14.4,0.545,3.9,7.8,0.5,0.0,0.0,0.0,0.0,2.6,2.6,1.3,1.3,1.3,0.0,0.0,3.9,1.3,19.6,-24.8,27.3,0,0,30.1,1,13222,1,13222,9909,6985,9571,7695,4163,6737,3944,13505,14344,13505,14058,17915,20616,18634,13773,9419,8263,8846,7382,15876,8261,22764,16734,2246,150,13904,1,27:33
2024-25,1641710,Anthony Black,Anthony,1610612753,ORL,Orlando Magic,0022401186,2025-04-13T00:00:00,ORL @ ATL,L,36.583333333333336,6.9,15.7,0.438,3.0,4.9,0.6,3.0,3.9,0.75,2.0,7.9,9.8,2.0,1.0,3.0,1.0,2.0,0.0,3.0,19.7,-7.9,45.3,1,0,42.3,1,13222,1,13222,2289,9194,7481,13558,6669,13396,2992,7948,7978,8186,8533,4912,5621,16484,15947,3267,7579,3321,20257,9416,8177,16914,5057,1,150,5494,1,36:35
2024-25,1631105,Jalen Duren,Jalen,1610612765,DET,Detroit Pistons,0022401192,2025-04-13T00:00:00,DET @ MIL,L,8.35,8.6,12.9,0.667,0.0,0.0,0.0,0.0,0.0,0.0,0.0,4.3,4.3,8.6,4.3,0.0,0.0,0.0,4.3,0.0,17.2,-60.4,31.0,0,0,30.2,1,13222,1,13222,22685,5392,11965,3281,15070,20945,15070,13505,14344,13505,14058,12760,16501,2324,3293,12854,8263,8846,6239,17725,10579,25697,14029,2246,150,13814,1,8:21
2024-25,1629026,Kenrich Williams,Kenrich,1610612760,OKC,Oklahoma City Thunder,0022401196,2025-04-13T00:00:00,OKC @ NOP,W,37.1,7.8,17.5,0.444,0.0,6.8,0.0,1.0,3.9,0.25,1.9,9.7,11.6,1.9,2.9,2.9,0.0,0.0,1.0,2.9,16.5,2.9,39.2,1,0,35.9,1,1,13086,1,1922,7141,5278,13045,15070,8916,15070,13324,8073,13358,8660,2815,3809,16602,6792,3376,8263,8846,19856,9551,11395,11169,8269,1,150,9450,1,37:06
2024-25,1641783,Tristan da Silva,Tristan,1610612753,ORL,Orlando Magic,0022401186,2025-04-13T00:00:00,ORL @ ATL,L,36.86666666666667,4.9,12.7,0.385,3.9,5.9,0.667,0.0,0.0,0.0,2.0,4.9,6.8,5.9,1.0,0.0,0.0,0.0,1.0,1.0,13.7,-26.4,29.7,0,0,30.3,1,13222,1,13222,2081,14715,12394,16070,4186,11051,1957,13505,14344,13505,8605,11200,10450,5746,15988,12854,8263,8846,19831,17464,14306,23103,15038,2246,150,13742,1,36:52
2024-25,1641715,Cam Whitmore,Cam,1610612745,HOU,Houston Rockets,0022401193,2025-04-13T00:00:00,HOU vs. DEN,L,17.216666666666665,6.3,12.5,0.5,4.2,4.2,1.0,4.2,4.2,1.0,2.1,2.1,4.2,2.1,4.2,2.1,0.0,0.0,2.1,2.1,20.9,18.8,31.2,0,0,35.5,1,13222,1,13222,18123,10785,12664,8526,3601,15157,1,5373,7446,1,7987,19382,16848,16031,3535,5827,8263,8846,14648,12652,7155,4306,13940,2246,150,9704,1,17:13
2024-25,1629162,Jordan McLaughlin,Jordan,1610612759,SAS,San Antonio Spurs,0022401197,2025-04-13T00:00:00,SAS vs. TOR,W,3.466666666666667,10.4,20.8,0.5,0.0,10.4,0.0,0.0,0.0,0.0,0.0,0.0,0.0,0.0,0.0,0.0,0.0,0.0,10.4,0.0,20.8,0.0,20.8,0,0,20.8,1,1,13086,1,24728,2835,2468,8526,15070,3073,15070,13505,14344,13505,14058,22137,23286,19908,16469,12854,8263,8846,629,17725,7250,12240,20806,2246,150,20420,1,3:28
2024-25,1627739,Kris Dunn,Kris,1610612746,LAC,LA Clippers,0022401198,2025-04-13T00:00:00,LAC @ GSW,W,35.365,4.1,4.1,1.0,3.1,3.1,1.0,0.0,0.0,0.0,0.0,1.0,1.0,6.1,1.0,3.1,0.0,0.0,4.1,1.0,11.2,11.2,29.7,0,0,27.5,1,1,13086,1,3186,16922,24059,1,6339,17545,1,13505,14344,13505,14058,21941,23191,5319,15724,3043,8263,8846,6935,17321,16997,7139,15008,2246,150,15799,1,35:22
2024-25,1629013,Landry Shamet,Landry,1610612752,NYK,New York Knicks,0022401188,2025-04-13T00:00:00,NYK @ BKN,W,40.43333333333333,8.0,15.1,0.529,6.2,11.6,0.538,3.6,3.6,1.0,0.9,0.9,1.8,0.0,0.0,0.9,0.0,0.0,1.8,3.6,25.8,10.7,30.6,0,0,35.6,1,1,13086,1,464,6610,8370,8281,1144,2048,3915,6576,8766,1,13932,22109,22190,19908,16469,12705,8263,8846,16267,7506,3762,7375,14325,2246,150,9651,1,40:26
2024-25,1642367,Jonathan Mogbo,Jonathan,1610612761,TOR,Toronto Raptors,0022401197,2025-04-13T00:00:00,TOR @ SAS,L,34.916666666666664,4.1,14.4,0.286,0.0,5.2,0.0,1.0,2.1,0.5,4.1,10.3,14.4,10.3,2.1,4.1,0.0,0.0,3.1,1.0,9.3,4.1,52.4,1,0,42.3,1,13222,1,13222,3527,16789,9461,19630,15070,12808,15070,13142,12546,10625,3401,2345,2029,1278,10201,1521,8263,8846,10296,17271,18829,10584,2624,1,150,5509,1,34:55
2024-25,1642281,Jaylon Tyson,Jaylon,1610612739,CLE,Cleveland Cavaliers,0022401189,2025-04-13T00:00:00,CLE vs. IND,L,46.0,9.4,19.6,0.48,3.1,9.4,0.333,2.3,3.1,0.75,2.3,3.1,5.5,3.1,3.9,2.3,0.8,0.8,2.3,4.7,24.3,0.0,41.0,0,0,42.3,1,13222,1,13222,35,4035,3300,11962,6136,4266,9209,9457,9642,8186,7101,16328,13601,12533,4059,4875,8254,8831,13447,4724,4635,12240,7169,2246,150,5513,1,46:00
2024-25,1641936,Miles Norris,Miles,1610612738,BOS,Boston Celtics,0022401187,2025-04-13T00:00:00,BOS vs. CHA,W,11.8,0.0,9.2,0.0,0.0,9.2,0.0,3.1,6.1,0.5,0.0,12.2,12.2,0.0,0.0,0.0,3.1,0.0,0.0,3.1,3.1,-9.2,26.8,0,0,21.4,1,1,13086,1,21378,22635,18481,22635,15070,4603,15070,7668,4348,10625,14058,1270,3346,19908,16469,12854,1630,8846,20257,9071,22939,17502,17056,2246,150,20068,1,11:48
2024-25,1630322,Lindy Waters III,Lindy,1610612765,DET,Detroit Pistons,0022401192,2025-04-13T00:00:00,DET @ MIL,L,35.38333333333333,6.1,16.3,0.375,6.1,16.3,0.375,0.0,0.0,0.0,0.0,6.1,6.1,1.0,0.0,1.0,1.0,0.0,1.0,0.0,18.3,3.1,33.3,0,0,35.6,1,13222,1,13222,3158,11211,6719,16299,1230,486,8800,13505,14344,13505,14058,8091,12044,19625,16469,11788,7368,8846,19594,17725,9512,11089,12374,2246,150,9654,1,35:23
2024-25,1642273,Kyshawn George,Kyshawn,1610612764,WAS,Washington Wizards,0022401190,2025-04-13T00:00:00,WAS @ MIA,W,15.466666666666667,4.7,9.3,0.5,2.3,4.7,0.5,0.0,0.0,0.0,0.0,4.7,4.7,2.3,0.0,0.0,0.0,0.0,0.0,0.0,11.6,-9.3,20.7,0,0,20.9,1,1,13086,1,19270,15347,18257,8526,8750,14066,3944,13505,14344,13505,14058,11837,15684,15128,16469,12854,8263,8846,20257,17725,16536,17588,20831,2246,150,20310,1,15:28
2024-25,1641753,Chris Livingston,Chris,1610612749,MIL,Milwaukee Bucks,0022401192,2025-04-13T00:00:00,MIL vs. DET,W,18.466666666666665,3.9,5.8,0.667,0.0,0.0,0.0,3.9,3.9,1.0,1.9,9.7,11.7,3.9,1.9,0.0,0.0,0.0,3.9,3.9,11.7,-13.6,29.6,0,0,27.3,1,1,13086,1,17225,17323,22759,3281,15070,20945,15070,5878,8037,1,8623,2774,3759,10227,10782,12854,8263,8846,7449,6567,16457,19361,15064,2246,150,15951,1,18:28
2024-25,1626153,Delon Wright,Delon,1610612752,NYK,New York Knicks,0022401188,2025-04-13T00:00:00,NYK @ BKN,W,20.633333333333333,3.5,10.5,0.333,0.0,5.2,0.0,1.7,1.7,1.0,3.5,0.0,3.5,5.2,0.0,1.7,0.0,0.0,3.5,1.7,8.7,-3.5,26.0,0,0,20.9,1,1,13086,1,15533,18349,16278,17395,15070,12625,15070,11340,13256,1,4389,22137,18576,6975,16469,7468,8263,8846,8779,14132,19327,14790,17619,2246,150,20321,1,20:38
2024-25,1641708,Amen Thompson,Amen,1610612745,HOU,Houston Rockets,0022401193,2025-04-13T00:00:00,HOU vs. DEN,L,26.216666666666665,8.2,12.4,0.667,0.0,1.4,0.0,4.1,5.5,0.75,2.7,5.5,8.2,8.2,1.4,1.4,1.4,0.0,4.1,2.7,20.6,-20.6,49.7,0,0,42.6,1,13222,1,13222,10987,6117,12962,3281,15070,20400,15070,5495,5199,8186,5988,9553,7877,2664,13443,9049,5342,8846,6767,10170,7401,21726,3356,2246,150,5365,1,26:13
2024-25,1629003,Shake Milton,Shake,1610612747,LAL,Los Angeles Lakers,0022401199,2025-04-13T00:00:00,LAL @ POR,L,43.03333333333333,4.2,12.5,0.333,0.8,3.3,0.25,4.2,5.0,0.833,0.8,0.8,1.7,2.5,2.5,0.8,0.8,1.7,1.7,5.0,13.4,-20.9,21.7,0,0,21.8,1,13222,1,13222,147,16639,12658,17395,15045,16966,11902,5370,5885,7275,14015,22128,22332,14511,8210,12811,8212,4212,16613,4078,14633,21810,20336,2246,150,19813,1,43:02
2024-25,1630215,Jared Butler,Jared,1610612755,PHI,Philadelphia 76ers,0022401191,2025-04-13T00:00:00,PHI vs. CHI,L,25.616666666666667,9.8,23.9,0.412,1.4,8.4,0.167,5.6,5.6,1.0,0.0,1.4,1.4,7.0,5.6,1.4,1.4,2.8,2.8,4.2,26.7,-12.6,41.7,0,0,42.2,1,13222,1,13222,11477,3420,1093,14791,12428,5697,14236,3295,5018,1,14058,21067,22679,3985,1708,8869,5211,1589,11593,5800,3345,18997,6755,2246,150,5566,1,25:37
2024-25,1641755,Kevin McCullar Jr.,Kevin,1610612752,NYK,New York Knicks,0022401188,2025-04-13T00:00:00,NYK @ BKN,W,21.5,1.7,6.7,0.25,0.0,1.7,0.0,3.3,3.3,1.0,0.0,13.4,13.4,3.3,0.0,1.7,1.7,1.7,5.0,5.0,6.7,25.1,37.8,0,0,30.1,1,1,13086,1,14935,21927,21895,20233,15070,20073,15070,7002,9196,1,14058,899,2551,11813,16469,7698,4347,4208,4554,4070,20925,2787,9131,2246,150,13842,1,21:30
2024-25,1641794,Dillon Jones,Dillon,1610612760,OKC,Oklahoma City Thunder,0022401196,2025-04-13T00:00:00,OKC @ NOP,W,36.13333333333333,5.0,7.0,0.714,1.0,1.0,1.0,2.0,2.0,1.0,1.0,9.0,10.0,1.0,3.0,1.0,0.0,1.0,5.0,1.0,13.0,11.0,26.4,1,0,26.9,1,1,13086,1,2581,14446,21592,2752,14573,20868,1,10671,12745,1,13286,3550,5470,19688,6531,11992,8263,7959,4650,17410,15140,7257,17349,1,150,16227,1,36:08
2024-25,1630314,Brandon Williams,Brandon,1610612742,DAL,Dallas Mavericks,0022401194,2025-04-13T00:00:00,DAL @ MEM,L,7.0,0.0,10.3,0.0,0.0,0.0,0.0,0.0,10.3,0.0,5.1,15.4,20.6,0.0,5.1,0.0,5.1,5.1,5.1,5.1,0.0,-10.3,35.0,0,0,30.9,1,13222,1,13222,23170,22635,16579,22635,15070,20945,15070,13505,1259,13505,2251,496,457,19908,2179,12854,478,336,4291,3859,23200,18014,11072,2246,150,13283,1,7:00
2024-25,1630600,Isaiah Mobley,Isaiah,1610612755,PHI,Philadelphia 76ers,0022401191,2025-04-13T00:00:00,PHI vs. CHI,L,17.366666666666667,4.1,14.5,0.286,2.1,6.2,0.333,2.1,4.1,0.5,2.1,6.2,8.3,10.4,0.0,2.1,2.1,0.0,6.2,2.1,12.4,-12.4,50.4,0,0,41.5,1,13222,1,13222,18025,16733,9345,19630,9803,10152,9209,10387,7528,10625,8066,7857,7779,1253,16469,5904,3275,8846,2688,12747,15668,18918,3160,2246,150,5943,1,17:22
2024-25,1642403,Isaac Jones,Isaac,1610612758,SAC,Sacramento Kings,0022401200,2025-04-13T00:00:00,SAC vs. PHX,W,7.883333333333334,4.6,4.6,1.0,0.0,0.0,0.0,0.0,0.0,0.0,4.6,4.6,9.1,0.0,4.6,0.0,4.6,0.0,0.0,0.0,9.1,-13.7,29.2,0,0,27.4,1,1,13086,1,22842,15576,23761,1,15070,20945,15070,13505,14344,13505,2846,12074,6524,19908,2899,12854,664,8846,20257,17725,18957,19378,15339,2246,150,15864,1,7:53
2024-25,1641724,Jett Howard,Jett,1610612753,ORL,Orlando Magic,0022401186,2025-04-13T00:00:00,ORL @ ATL,L,33.15,7.6,14.1,0.538,2.2,7.6,0.286,0.0,0.0,0.0,0.0,1.1,1.1,1.1,6.5,0.0,0.0,0.0,3.3,1.1,17.4,-10.9,13.8,0,0,21.7,1,13222,1,13222,5027,7516,9968,7978,9358,7179,11433,13505,14344,13505,14058,21787,23102,19392,1123,12854,8263,8846,9623,16971,10447,18260,23547,2246,150,19832,1,33:09
2024-25,1642449,Tolu Smith,Tolu,1610612765,DET,Detroit Pistons,0022401192,2025-04-13T00:00:00,DET @ MIL,L,22.35,9.7,14.5,0.667,0.0,0.0,0.0,3.2,4.8,0.667,6.4,6.4,12.9,0.0,3.2,0.0,0.0,3.2,4.8,6.4,22.6,11.3,34.8,0,0,35.4,1,13222,1,13222,14231,3642,9368,3281,15070,20945,15070,7274,6231,9425,1396,7425,2882,19908,5757,12854,8263,1135,4988,2133,5826,7106,11208,2246,150,9767,1,22:21
2024-25,1630205,Lamar Stevens,Lamar,1610612763,MEM,Memphis Grizzlies,0022401194,2025-04-13T00:00:00,MEM vs. DAL,W,35.96666666666667,14.0,25.0,0.56,2.0,8.0,0.25,1.0,2.0,0.5,1.0,5.0,6.0,3.0,3.0,0.0,0.0,2.0,3.0,1.0,31.0,34.0,39.7,0,0,42.0,1,1,13086,1,2700,701,818,7232,10153,6437,11902,13235,12719,10625,13244,10875,12257,12917,6461,12854,8263,3227,10702,17396,1770,1500,7931,2246,150,5620,1,35:58
2024-25,203992,Bogdan Bogdanović,Bogdan,1610612746,LAC,LA Clippers,0022401198,2025-04-13T00:00:00,LAC @ GSW,W,15.543333333333333,4.6,16.2,0.286,2.3,9.3,0.25,0.0,0.0,0.0,2.3,0.0,2.3,0.0,0.0,2.3,0.0,0.0,11.6,0.0,11.6,-23.2,21.3,0,0,20.8,1,1,13086,1,19230,15414,6817,19630,8795,4438,11902,13505,14344,13505,7194,22137,21165,19908,16469,4975,8263,8846,462,17725,16594,22366,20529,2246,150,20376,1,15:33
2024-25,1631232,Keion Brooks Jr.,Keion,1610612740,NOP,New Orleans Pelicans,0022401196,2025-04-13T00:00:00,NOP vs. OKC,L,39.376666666666665,4.6,9.1,0.5,0.9,3.7,0.25,3.7,4.6,0.8,0.9,4.6,5.5,1.8,1.8,1.8,0.9,0.9,2.7,2.7,13.7,-5.5,29.4,0,0,27.4,1,13222,1,13222,759,15570,18492,8526,14920,16315,11902,6373,6709,7681,13846,12071,13576,17002,11416,7121,8024,8590,11877,10185,14266,15829,15186,2246,150,15851,1,39:23
2024-25,1629726,Garrison Mathews,Garrison,1610612737,ATL,Atlanta Hawks,0022401186,2025-04-13T00:00:00,ATL vs. ORL,W,36.65,3.9,8.8,0.444,2.9,6.9,0.429,1.0,1.0,1.0,0.0,3.9,3.9,1.0,2.0,0.0,1.0,0.0,2.0,3.9,11.8,7.9,19.0,0,0,21.6,1,1,13086,1,2246,17253,18954,13045,6689,8720,7394,13285,14241,1,14058,13938,17492,19721,10694,12854,7588,8846,15331,6492,16357,8705,21662,2246,150,19889,1,36:39
2024-25,1630542,Marcus Bagley,Marcus,1610612755,PHI,Philadelphia 76ers,0022401191,2025-04-13T00:00:00,PHI vs. CHI,L,43.333333333333336,3.3,7.5,0.444,0.0,2.5,0.0,1.7,1.7,1.0,3.3,9.1,12.5,0.8,1.7,3.3,0.8,0.0,2.5,1.7,8.3,-15.8,35.3,1,0,29.9,1,13222,1,13222,125,18695,20965,13045,15070,18638,15070,11483,13330,1,4705,3371,3147,19897,12088,2520,8221,8846,12833,14407,19652,20191,10862,1,150,14020,1,43:20
2024-25,1631342,Daeqwon Plowden,Daeqwon,1610612737,ATL,Atlanta Hawks,0022401186,2025-04-13T00:00:00,ATL vs. ORL,W,31.3,8.1,13.8,0.583,3.5,8.1,0.429,0.0,0.0,0.0,1.2,3.5,4.6,2.3,3.5,0.0,0.0,0.0,4.6,0.0,19.6,15.0,25.1,0,0,29.9,1,1,13086,1,6607,6526,10485,6296,5253,6363,7394,13505,14344,13505,12102,15365,15807,15227,5120,12854,8263,8846,5542,17725,8306,5643,18237,2246,150,14024,1,31:18
2024-25,1631321,Sidy Cissoko,Sidy,1610612757,POR,Portland Trail Blazers,0022401199,2025-04-13T00:00:00,POR vs. LAL,W,29.016666666666666,3.7,8.7,0.429,0.0,5.0,0.0,1.2,1.2,1.0,2.5,0.0,2.5,5.0,2.5,1.2,1.2,2.5,0.0,2.5,8.7,8.7,24.1,0,0,21.1,1,1,13086,1,8656,17773,19215,13735,15070,13291,15070,12474,13824,1,6672,22137,20846,7547,8327,9861,5944,2071,20257,11061,19364,8326,18901,2246,150,20227,1,29:01
2024-25,1628365,Markelle Fultz,Markelle,1610612758,SAC,Sacramento Kings,0022401200,2025-04-13T00:00:00,SAC vs. PHX,W,12.0,6.0,9.0,0.667,0.0,0.0,0.0,0.0,0.0,0.0,0.0,6.0,6.0,12.0,3.0,0.0,3.0,0.0,3.0,3.0,12.0,0.0,43.2,0,0,36.0,1,1,13086,1,21228,11500,18708,3281,15070,20945,15070,13505,14344,13505,14058,8311,12271,719,6468,12854,1691,8846,10710,9236,16132,12240,6041,2246,150,9360,1,12:00
2024-25,1631216,Caleb Houstan,Caleb,1610612753,ORL,Orlando Magic,0022401186,2025-04-13T00:00:00,ORL @ ATL,L,35.233333333333334,5.1,10.2,0.5,2.0,4.1,0.5,1.0,2.0,0.5,0.0,5.1,5.1,3.1,2.0,2.0,0.0,0.0,2.0,1.0,13.3,-20.4,28.1,0,0,27.6,1,13222,1,13222,3286,14061,16701,8526,9946,15379,3944,13166,12594,10625,14058,10540,14494,12709,10287,6042,8263,8846,14904,17310,14771,21688,16142,2246,150,15727,1,35:14
2024-25,1627832,Fred VanVleet,Fred,1610612745,HOU,Houston Rockets,0022401193,2025-04-13T00:00:00,HOU vs. DEN,L,27.233333333333334,6.6,17.2,0.385,4.0,10.6,0.375,2.6,4.0,0.667,0.0,0.0,0.0,4.0,4.0,1.3,0.0,0.0,2.6,2.6,19.8,-26.4,25.8,0,0,30.4,1,13222,1,13222,10157,9902,5592,16070,4064,2902,8800,8705,7910,9425,14058,22137,23286,10022,3941,9337,8263,8846,12264,10495,8046,23118,17764,2246,150,13630,1,27:14
2024-25,201599,DeAndre Jordan,DeAndre,1610612743,DEN,Denver Nuggets,0022401193,2025-04-13T00:00:00,DEN @ HOU,W,10.863333333333333,6.6,9.9,0.667,0.0,0.0,0.0,0.0,0.0,0.0,6.6,9.9,16.6,0.0,0.0,0.0,0.0,3.3,0.0,3.3,13.3,-29.8,33.1,0,0,29.8,1,1,13086,1,21775,9866,17169,3281,15070,20945,15070,13505,14344,13505,1311,2628,1246,19908,16469,12854,8263,1054,20257,8210,14801,23707,12481,2246,150,14076,1,10:52
2024-25,1642261,Dalton Knecht,Dalton,1610612747,LAL,Los Angeles Lakers,0022401199,2025-04-13T00:00:00,LAL @ POR,L,37.36666666666667,8.7,20.2,0.429,4.8,11.6,0.417,3.9,3.9,1.0,1.9,5.8,7.7,0.0,1.9,0.0,1.9,2.9,1.0,3.9,26.0,-27.0,39.1,0,0,42.4,1,13222,1,13222,1760,5309,2810,13735,2533,2057,7826,5972,8126,1,8717,8833,8789,19908,10916,12854,3688,1481,19890,6695,3675,23236,8325,2246,150,5456,1,37:22
2024-25,203994,Jusuf Nurkić,Jusuf,1610612766,CHA,Charlotte Hornets,0022401187,2025-04-13T00:00:00,CHA @ BOS,L,28.616666666666667,7.5,12.6,0.6,1.3,3.8,0.333,1.3,3.8,0.333,2.5,8.8,11.3,2.5,2.5,3.8,1.3,0.0,2.5,3.8,17.6,-12.6,47.6,0,0,42.8,1,13222,1,13222,9022,7646,12610,5394,13046,16051,9209,12426,8308,13132,6560,3717,4110,14480,8176,1877,5860,8846,12726,6922,10212,18978,4126,2246,150,5266,1,28:37
2024-25,1631199,Ron Harper Jr.,Ron,1610612765,DET,Detroit Pistons,0022401192,2025-04-13T00:00:00,DET @ MIL,L,17.0,2.1,16.9,0.125,0.0,12.7,0.0,4.2,4.2,1.0,8.5,6.4,14.8,4.2,0.0,0.0,0.0,0.0,0.0,4.2,8.5,-2.1,32.6,0,0,27.5,1,13222,1,13222,18255,21210,5861,22420,15070,1422,15070,5285,7346,1,667,7591,1857,9290,16469,12854,8263,8846,20257,5750,19537,14107,12878,2246,150,15770,1,17:00
2024-25,204456,T.J. McConnell,T.J.,1610612754,IND,Indiana Pacers,0022401189,2025-04-13T00:00:00,IND @ CLE,W,18.783333333333335,7.7,15.3,0.5,0.0,0.0,0.0,0.0,0.0,0.0,0.0,0.0,0.0,1.9,1.9,1.9,0.0,3.8,1.9,0.0,15.3,-46.0,22.0,0,0,21.1,1,1,13086,1,16980,7336,8054,8526,15070,20945,15070,13505,14344,13505,14058,22137,23286,16688,10959,6680,8263,713,15582,17725,12590,25229,20117,2246,150,20232,1,18:47
2024-25,202695,Kawhi Leonard,Kawhi,1610612746,LAC,LA Clippers,0022401198,2025-04-13T00:00:00,LAC @ GSW,W,47.416666666666664,9.9,15.2,0.65,3.0,6.1,0.5,2.3,3.8,0.6,0.0,4.6,4.6,5.3,3.8,2.3,0.0,0.8,0.8,4.6,25.1,12.9,41.5,0,0,42.5,1,1,13086,1,20,3375,8282,4562,6386,10510,3944,9699,8259,10343,14058,12111,15908,6790,4329,5120,8263,8836,20253,5033,4191,6435,6870,2246,150,5399,1,47:25
2024-25,1631128,Christian Braun,Christian,1610612743,DEN,Denver Nuggets,0022401193,2025-04-13T00:00:00,DEN @ HOU,W,31.385,4.6,8.0,0.571,0.0,1.1,0.0,3.4,3.4,1.0,1.1,6.9,8.0,6.9,1.1,0.0,0.0,0.0,2.3,2.3,12.6,36.7,31.4,0,0,27.5,1,1,13086,1,6519,15532,20219,6538,15070,20686,15070,6812,9008,1,12136,6564,8222,4163,14817,12854,8263,8846,13678,11774,15474,1223,13723,2246,150,15772,1,31:23
2024-25,1631108,Max Christie,Max,1610612742,DAL,Dallas Mavericks,0022401194,2025-04-13T00:00:00,DAL @ MEM,L,39.3,5.5,11.9,0.462,0.0,2.7,0.0,1.8,1.8,1.0,0.0,4.6,4.6,1.8,3.7,0.9,0.0,0.9,1.8,1.8,12.8,-19.2,20.2,0,0,21.1,1,13222,1,13222,779,12981,13745,12428,15070,18163,15070,11169,13145,1,14058,12049,15855,16985,4642,12587,8263,8577,16025,13797,15265,21322,21082,2246,150,20241,1,39:18
2024-25,1630702,Jaden Hardy,Jaden,1610612742,DAL,Dallas Mavericks,0022401194,2025-04-13T00:00:00,DAL @ MEM,L,33.75,6.4,18.1,0.353,2.1,9.6,0.222,3.2,4.3,0.75,0.0,4.3,4.3,3.2,3.2,1.1,0.0,1.1,3.2,3.2,18.1,-46.9,28.1,0,0,29.9,1,13222,1,13222,4481,10447,4529,17268,9540,3978,13288,7335,7276,8186,14058,12911,16623,12310,5817,11327,8263,7349,9863,8563,9696,25266,16186,2246,150,14056,1,33:45
2024-25,1629675,Naz Reid,Naz,1610612750,MIN,Minnesota Timberwolves,0022401195,2025-04-13T00:00:00,MIN vs. UTA,W,24.566666666666666,7.3,14.7,0.5,0.0,4.4,0.0,1.5,1.5,1.0,4.4,7.3,11.7,2.9,1.5,0.0,0.0,1.5,2.9,2.9,16.1,13.2,33.1,0,0,30.8,1,1,13086,1,12410,8174,9127,8526,15070,14691,15070,11860,13517,1,3056,5789,3735,13158,12927,12854,8263,4912,11023,9488,11794,6307,12497,2246,150,13344,1,24:34
2024-25,1642276,Kel'el Ware,Kel'el,1610612748,MIA,Miami Heat,0022401190,2025-04-13T00:00:00,MIA vs. WAS,L,19.566666666666666,11.0,22.1,0.5,1.8,5.5,0.333,0.0,0.0,0.0,0.0,7.4,7.4,1.8,0.0,1.8,1.8,0.0,3.7,1.8,23.9,1.8,46.5,0,0,42.3,1,13222,1,13222,16360,2225,1783,8526,10922,11912,9209,13505,14344,13505,14058,5736,9452,16964,16469,7076,3956,8846,8165,13774,4861,11715,4514,2246,150,5492,1,19:34
2024-25,1631466,Nate Williams,Nate,1610612745,HOU,Houston Rockets,0022401193,2025-04-13T00:00:00,HOU vs. DEN,L,12.0,9.0,15.0,0.6,3.0,6.0,0.5,0.0,0.0,0.0,9.0,3.0,12.0,6.0,0.0,0.0,0.0,0.0,9.0,3.0,21.0,48.0,44.4,0,0,42.0,1,13222,1,13222,21228,4700,8606,5394,6500,10684,3944,13505,14344,13505,553,16717,3485,5485,16469,12854,8263,8846,963,9236,7080,604,5467,2246,150,5645,1,12:00
2024-25,1630572,Sandro Mamukelashvili,Sandro,1610612759,SAS,San Antonio Spurs,0022401197,2025-04-13T00:00:00,SAS vs. TOR,W,18.966666666666665,11.4,15.2,0.75,0.0,3.8,0.0,0.0,0.0,0.0,0.0,7.6,7.6,7.6,1.9,1.9,0.0,0.0,1.9,1.9,22.8,-7.6,47.1,0,0,41.8,1,1,13086,1,16851,1947,8282,2107,15070,16002,15070,13505,14344,13505,14058,5340,8983,3294,11055,6775,8263,8846,15682,13520,5651,16776,4291,2246,150,5772,1,18:58
2024-25,1642285,Cam Spencer,Cam,1610612763,MEM,Memphis Grizzlies,0022401194,2025-04-13T00:00:00,MEM vs. DAL,W,37.266666666666666,7.7,18.4,0.421,4.8,11.6,0.417,1.9,1.9,1.0,1.9,0.0,1.9,6.8,0.0,2.9,0.0,0.0,2.9,1.0,22.2,17.4,43.4,0,0,41.5,1,1,13086,1,1815,7200,4329,14442,2516,2041,7826,10858,12903,1,8697,22137,21943,4335,16469,3416,8263,8846,11198,17500,6067,4776,5945,2246,150,5884,1,37:16
2024-25,1630695,Micah Potter,Micah,1610612762,UTA,Utah Jazz,0022401195,2025-04-13T00:00:00,UTA @ MIN,L,29.066666666666666,3.7,8.7,0.429,1.2,6.2,0.2,0.0,0.0,0.0,2.5,3.7,6.2,5.0,0.0,0.0,0.0,0.0,2.5,0.0,8.7,-1.2,23.5,0,0,21.1,1,13222,1,13222,8620,17796,19239,13735,13160,10215,13429,13505,14344,13505,6682,14588,11841,7559,16469,12854,8263,8846,12885,17725,19380,13690,19242,2246,150,20252,1,29:04
2024-25,1642352,Keshad Johnson,Keshad,1610612748,MIA,Miami Heat,0022401190,2025-04-13T00:00:00,MIA vs. WAS,L,27.825,9.1,11.6,0.778,2.6,3.9,0.667,1.3,1.3,1.0,3.9,6.5,10.4,1.3,1.3,2.6,0.0,1.3,5.2,2.6,22.0,-1.3,42.8,0,0,41.4,1,13222,1,13222,9699,4596,14229,1994,7867,15845,1957,12318,13738,1,3758,7380,5058,18681,13830,4160,8263,5686,4239,10679,6224,13714,6209,2246,150,5976,1,27:50
2024-25,1642443,Jahmir Young,Jahmir,1610612741,CHI,Chicago Bulls,0022401191,2025-04-13T00:00:00,CHI @ PHI,W,8.283333333333333,4.3,4.3,1.0,0.0,0.0,0.0,8.7,8.7,1.0,0.0,0.0,0.0,13.0,0.0,0.0,0.0,0.0,4.3,4.3,17.4,30.4,36.9,0,0,30.4,1,1,13086,1,22713,16212,23888,1,15070,20945,15070,1113,2056,1,14058,22137,23286,527,16469,12854,8263,8846,6151,5475,10440,1909,9733,2246,150,13602,1,8:17
2024-25,1642265,Rob Dillingham,Rob,1610612750,MIN,Minnesota Timberwolves,0022401179,2025-04-11T00:00:00,MIN vs. BKN,W,3.3666666666666667,0.0,10.7,0.0,0.0,10.7,0.0,0.0,0.0,0.0,0.0,10.7,10.7,10.7,10.7,0.0,0.0,0.0,0.0,0.0,0.0,42.8,18.2,0,0,21.4,1,1,13086,1,24790,22635,15888,22635,15070,2777,15070,13505,14344,13505,14058,2077,4705,1109,273,12854,8263,8846,20257,17725,23200,786,22016,2246,150,20032,1,3:22
2024-25,1630542,Marcus Bagley,Marcus,1610612755,PHI,Philadelphia 76ers,0022401173,2025-04-11T00:00:00,PHI vs. ATL,L,38.36666666666667,7.5,13.1,0.571,3.8,7.5,0.5,0.0,0.0,0.0,2.8,6.6,9.4,4.7,0.9,0.9,1.9,0.9,0.9,1.9,18.8,-5.6,44.6,1,0,42.2,1,13222,1,13222,1178,7750,11602,6538,4564,7380,3944,13505,14344,13505,5825,7167,6208,8204,16209,12450,3839,8431,20033,13599,9063,15889,5378,1,150,5536,1,38:22
2024-25,1629630,Ja Morant,Ja,1610612763,MEM,Memphis Grizzlies,0022401180,2025-04-11T00:00:00,MEM @ DEN,L,33.61666666666667,8.6,22.5,0.381,2.1,8.6,0.25,3.2,5.4,0.6,1.1,1.1,2.1,6.4,3.2,1.1,0.0,0.0,2.1,3.2,22.5,-13.9,34.7,0,0,35.3,1,13222,1,13222,4618,5494,1591,16250,9499,5475,11902,7298,5377,10343,12707,21822,21532,4822,5787,11269,8263,8846,14403,8516,5857,19474,11292,2246,150,9847,1,33:37
2024-25,1631288,Jamal Cain,Jamal,1610612740,NOP,New Orleans Pelicans,0022401177,2025-04-11T00:00:00,NOP vs. MIA,L,34.983333333333334,8.2,16.5,0.5,4.1,7.2,0.571,5.1,7.2,0.714,2.1,5.1,7.2,3.1,3.1,1.0,0.0,0.0,2.1,4.1,25.7,-16.5,39.0,0,0,42.2,1,13222,1,13222,3475,6136,6470,8526,3746,8044,3506,3824,3165,9244,8124,10437,9735,12643,6161,11682,8263,8846,14824,6015,3814,20433,8404,2246,150,5550,1,34:59
2024-25,202695,Kawhi Leonard,Kawhi,1610612746,LAC,LA Clippers,0022401184,2025-04-11T00:00:00,LAC @ SAC,W,42.333333333333336,8.5,17.9,0.476,1.7,2.6,0.667,5.1,5.1,1.0,0.9,5.1,6.0,2.6,0.0,0.9,0.0,0.9,2.6,6.0,23.8,4.3,37.3,0,0,35.7,1,1,13086,1,225,5608,4845,12010,11399,18537,1957,3883,5751,1,13999,10563,12401,14361,16469,12785,8263,8769,12599,2683,4931,10518,9451,2246,150,9564,1,42:20
2024-25,201599,DeAndre Jordan,DeAndre,1610612743,DEN,Denver Nuggets,0022401180,2025-04-11T00:00:00,DEN vs. MEM,W,7.083333333333333,5.1,5.1,1.0,0.0,0.0,0.0,0.0,0.0,0.0,0.0,10.2,10.2,0.0,0.0,5.1,0.0,0.0,5.1,0.0,10.2,-15.2,37.6,0,0,30.5,1,1,13086,1,23137,14137,23404,1,15070,20945,15070,13505,14344,13505,14058,2448,5264,19908,16469,851,8263,8846,4417,17725,17985,19994,9282,2246,150,13551,1,7:05
2024-25,1628398,Kyle Kuzma,Kyle,1610612749,MIL,Milwaukee Bucks,0022401171,2025-04-11T00:00:00,MIL @ DET,W,22.583333333333332,4.8,11.2,0.429,4.8,8.0,0.6,1.6,3.2,0.5,0.0,1.6,1.6,1.6,0.0,0.0,1.6,0.0,1.6,1.6,15.9,-8.0,25.0,0,0,27.1,1,1,13086,1,14045,15002,15087,13735,2593,6487,2992,11612,9541,10625,14058,20689,22445,17668,16469,12854,4573,8846,16892,14653,11976,16964,18273,2246,150,16087,1,22:35
2024-25,202687,Bismack Biyombo,Bismack,1610612759,SAS,San Antonio Spurs,0022401182,2025-04-11T00:00:00,SAS @ PHX,L,22.4,4.8,9.6,0.5,0.0,0.0,0.0,0.0,0.0,0.0,4.8,8.0,12.9,1.6,4.8,1.6,0.0,0.0,1.6,0.0,9.6,-43.4,27.5,0,0,27.3,1,13222,1,13222,14192,14879,17684,8526,15070,20945,15070,13505,14344,13505,2538,4651,2901,17628,2545,7961,8263,8846,16848,17725,18501,25090,16596,2246,150,15930,1,22:24
2024-25,1641720,Jalen Hood-Schifino,Jalen,1610612755,PHI,Philadelphia 76ers,0022401173,2025-04-11T00:00:00,PHI vs. ATL,L,32.11666666666667,3.4,12.3,0.273,1.1,2.2,0.5,0.0,0.0,0.0,0.0,5.6,5.6,6.7,0.0,0.0,0.0,0.0,2.2,0.0,7.8,-6.7,24.7,0,0,21.3,1,13222,1,13222,5871,18614,13031,20048,13829,19095,3944,13505,14344,13505,14058,9298,13281,4394,16469,12854,8263,8846,13919,17725,20045,16391,18515,2246,150,20101,1,32:07
2024-25,1630561,David Duke Jr.,David,1610612759,SAS,San Antonio Spurs,0022401182,2025-04-11T00:00:00,SAS @ PHX,L,11.933333333333334,9.1,18.1,0.5,6.0,12.1,0.5,0.0,0.0,0.0,0.0,3.0,3.0,3.0,3.0,3.0,0.0,0.0,0.0,0.0,24.1,12.1,38.3,0,0,42.2,1,13222,1,13222,21316,4611,4559,8526,1282,1746,3944,13505,14344,13505,14058,16655,19676,12867,6407,3113,8263,8846,20257,17725,4711,6767,8827,2246,150,5531,1,11:56
2024-25,1641726,Dereck Lively II,Dereck,1610612742,DAL,Dallas Mavericks,0022401178,2025-04-11T00:00:00,DAL vs. TOR,W,17.816666666666666,10.1,14.1,0.714,0.0,0.0,0.0,0.0,0.0,0.0,6.1,16.2,22.2,0.0,2.0,0.0,0.0,0.0,0.0,2.0,20.2,58.6,44.9,1,0,42.4,1,1,13086,1,17699,3108,9933,2752,15070,20945,15070,13505,14344,13505,1584,419,325,19908,10419,12854,8263,8846,20257,12981,7733,388,5242,1,150,5444,1,17:49
2024-25,203952,Andrew Wiggins,Andrew,1610612748,MIA,Miami Heat,0022401177,2025-04-11T00:00:00,MIA @ NOP,W,24.35,5.9,19.2,0.308,0.0,5.9,0.0,3.0,4.4,0.667,4.4,3.0,7.4,4.4,0.0,3.0,1.5,0.0,1.5,3.0,14.8,35.5,43.6,0,0,35.5,1,1,13086,1,12606,11766,3578,19226,15070,10909,15070,7931,6966,9425,3002,16869,9388,8800,16469,3255,4927,8846,17307,9400,13133,1345,5848,2246,150,9744,1,24:21
2024-25,1626179,Terry Rozier,Terry,1610612748,MIA,Miami Heat,0022401177,2025-04-11T00:00:00,MIA @ NOP,W,12.0,3.0,9.0,0.333,0.0,6.0,0.0,0.0,0.0,0.0,0.0,9.0,9.0,6.0,3.0,3.0,0.0,0.0,0.0,0.0,6.0,33.0,31.8,0,0,27.0,1,1,13086,1,21228,19415,18708,17395,15070,10684,15070,13505,14344,13505,14058,3516,6730,5485,6468,3139,8263,8846,20257,17725,21387,1627,13482,2246,150,16149,1,12:00
2024-25,1631245,Quenton Jackson,Quenton,1610612754,IND,Indiana Pacers,0022401172,2025-04-11T00:00:00,IND vs. ORL,L,19.966666666666665,5.4,12.6,0.429,5.4,9.0,0.6,7.2,10.8,0.667,0.0,1.8,1.8,5.4,1.8,0.0,0.0,0.0,3.6,10.8,23.4,-18.0,31.9,0,0,36.1,1,13222,1,13222,16042,13248,12529,13735,1837,4795,2992,1862,1082,9425,14058,20237,22157,6617,11538,12854,8263,8846,8405,294,5172,20943,13394,2246,150,9328,1,19:58
2024-25,1627741,Buddy Hield,Buddy,1610612744,GSW,Golden State Warriors,0022401183,2025-04-11T00:00:00,GSW @ POR,W,22.618333333333332,9.5,22.3,0.429,6.4,15.9,0.4,0.0,0.0,0.0,1.6,4.8,6.4,0.0,0.0,0.0,1.6,0.0,3.2,0.0,25.5,20.7,37.9,0,0,41.4,1,1,13086,1,14014,3816,1683,13735,1075,533,7874,13505,14344,13505,9960,11499,11472,19908,16469,12854,4583,8846,9934,17725,3957,3760,9102,2246,150,5985,1,22:37
2024-25,1630230,Naji Marshall,Naji,1610612742,DAL,Dallas Mavericks,0022401178,2025-04-11T00:00:00,DAL vs. TOR,W,28.366666666666667,3.8,11.4,0.333,1.3,5.1,0.25,0.0,0.0,0.0,0.0,2.5,2.5,6.3,3.8,1.3,0.0,0.0,1.3,0.0,8.9,19.0,21.4,0,0,21.6,1,1,13086,1,9243,17543,14620,17395,12984,13011,11902,13505,14344,13505,14058,18085,20729,4942,4298,9656,8263,8846,18174,17725,19192,4251,20443,2246,150,19915,1,28:22
2024-25,1630534,Ochai Agbaji,Ochai,1610612761,TOR,Toronto Raptors,0022401178,2025-04-11T00:00:00,TOR @ DAL,L,35.61666666666667,9.1,12.1,0.75,6.1,7.1,0.857,0.0,0.0,0.0,4.0,2.0,6.1,0.0,0.0,3.0,0.0,1.0,1.0,0.0,24.3,-7.1,40.6,0,0,42.5,1,13222,1,13222,2975,4533,13363,2107,1260,8306,1329,13505,14344,13505,3545,19589,12132,19908,16469,3080,8263,7820,19641,17725,4636,16540,7375,2246,150,5431,1,35:37
2024-25,1642270,Donovan Clingan,Donovan,1610612757,POR,Portland Trail Blazers,0022401183,2025-04-11T00:00:00,POR vs. GSW,L,27.133333333333333,9.3,17.2,0.538,0.0,4.0,0.0,0.0,1.3,0.0,5.3,14.6,19.9,1.3,0.0,0.0,1.3,0.0,2.7,2.7,18.6,-37.1,48.4,1,0,42.5,1,13222,1,13222,10243,4224,5517,7978,15070,15617,15070,13505,13691,13505,2086,640,551,18572,16469,12854,5533,8846,12228,10463,9243,24632,3838,1,150,5428,1,27:08
2024-25,1631243,Mouhamed Gueye,Mouhamed,1610612737,ATL,Atlanta Hawks,0022401173,2025-04-11T00:00:00,ATL @ PHI,W,33.28333333333333,4.3,7.6,0.571,1.1,2.2,0.5,1.1,1.1,1.0,9.7,9.7,19.5,2.2,2.2,3.2,1.1,0.0,3.2,2.2,10.8,22.7,48.2,1,0,42.2,1,1,13086,1,4911,16256,20831,6538,14059,19233,3944,12963,14068,1,440,2788,600,15750,9670,2656,6909,8846,9678,12329,17352,3317,3898,1,150,5557,1,33:17
2024-25,201572,Brook Lopez,Brook,1610612749,MIL,Milwaukee Bucks,0022401171,2025-04-11T00:00:00,MIL @ DET,W,25.333333333333332,7.1,15.6,0.455,1.4,4.3,0.333,5.7,5.7,1.0,1.4,8.5,9.9,1.4,0.0,0.0,4.3,2.8,1.4,2.8,21.3,-14.2,48.2,0,0,42.6,1,1,13086,1,11714,8690,7646,12676,12362,14989,9209,3196,4910,1,10660,4021,5495,18266,16469,12854,782,1541,17537,9805,6810,19586,3921,2246,150,5338,1,25:20
2024-25,1630526,Jeremiah Robinson-Earl,Jeremiah,1610612740,NOP,New Orleans Pelicans,0022401177,2025-04-11T00:00:00,NOP vs. MIA,L,32.975,6.6,13.1,0.5,2.2,5.5,0.4,0.0,0.0,0.0,1.1,6.6,7.6,2.2,3.3,0.0,0.0,2.2,2.2,0.0,15.3,-63.3,24.5,0,0,27.3,1,13222,1,13222,5171,10058,11671,8526,9303,12061,7874,13505,14344,13505,12539,7202,8892,15686,5580,12854,8263,2686,14175,17725,12630,25753,18649,2246,150,15950,1,32:59
2024-25,1630548,Johnny Juzang,Johnny,1610612762,UTA,Utah Jazz,0022401181,2025-04-11T00:00:00,UTA vs. OKC,L,31.316666666666666,6.9,16.1,0.429,4.6,10.3,0.444,0.0,0.0,0.0,1.1,5.7,6.9,3.4,1.1,1.1,0.0,0.0,2.3,0.0,18.4,-50.6,34.1,0,0,35.6,1,13222,1,13222,6594,9168,6981,13735,2894,3106,7211,13505,14344,13505,12108,8928,10333,11559,14794,10582,8263,8846,13652,17725,9425,25418,11694,2246,150,9639,1,31:19
2024-25,1628386,Jarrett Allen,Jarrett,1610612739,CLE,Cleveland Cavaliers,0022401175,2025-04-11T00:00:00,CLE @ NYK,W,32.833333333333336,4.4,6.6,0.667,0.0,0.0,0.0,3.3,4.4,0.75,3.3,11.0,14.3,2.2,1.1,1.1,0.0,0.0,1.1,2.2,12.1,23.0,34.6,1,0,30.7,1,1,13086,1,5298,16106,22031,3281,15070,20945,15070,7129,7056,8186,4769,1926,2122,15651,15150,11047,8263,8846,19119,12190,16083,3264,11335,1,150,13395,1,32:50
2024-25,1630639,A.J. Lawson,A.J.,1610612761,TOR,Toronto Raptors,0022401178,2025-04-11T00:00:00,TOR @ DAL,L,31.633333333333333,3.4,11.4,0.3,1.1,4.6,0.25,5.7,6.8,0.833,2.3,9.1,11.4,2.3,0.0,1.1,0.0,1.1,3.4,3.4,13.7,-11.4,34.1,1,0,30.7,1,13222,1,13222,6299,18508,14699,19363,13721,14316,11902,3188,3541,7275,7321,3403,4066,15315,16469,10696,8263,6725,9022,7907,14318,18472,11696,1,150,13377,1,31:38
2024-25,1631216,Caleb Houstan,Caleb,1610612753,ORL,Orlando Magic,0022401172,2025-04-11T00:00:00,ORL @ IND,W,29.6,4.9,7.3,0.667,2.4,4.9,0.5,0.0,0.0,0.0,1.2,4.9,6.1,2.4,1.2,3.6,0.0,0.0,2.4,1.2,12.2,25.5,32.8,0,0,30.4,1,1,13086,1,8140,14759,21207,3281,8361,13516,3944,13505,14344,13505,11683,11246,12095,14763,14317,2030,8263,8846,13060,16318,15967,2710,12698,2246,150,13628,1,29:36
2024-25,1641724,Jett Howard,Jett,1610612753,ORL,Orlando Magic,0022401172,2025-04-11T00:00:00,ORL @ IND,W,29.6,8.5,14.6,0.583,2.4,8.5,0.286,1.2,3.6,0.333,0.0,0.0,0.0,1.2,3.6,0.0,1.2,0.0,7.3,2.4,20.7,12.2,22.5,0,0,26.8,1,1,13086,1,8140,5588,9207,6296,8361,5568,11433,12539,8585,13132,14058,22137,23286,18966,4675,12854,6073,8846,1771,11214,7335,6728,19874,2246,150,16352,1,29:36
2024-25,1631200,Kris Murray,Kris,1610612757,POR,Portland Trail Blazers,0022401183,2025-04-11T00:00:00,POR vs. GSW,L,36.266666666666666,2.0,7.9,0.25,0.0,3.0,0.0,3.0,4.0,0.75,2.0,4.0,6.0,4.0,2.0,1.0,1.0,2.0,4.0,3.0,6.9,-5.0,24.0,0,0,20.8,1,13222,1,13222,2491,21437,20351,20233,15070,17709,15070,7876,7893,8186,8450,13810,12394,10007,10587,12019,7521,3271,7212,9337,20760,15567,18928,2246,150,20374,1,36:16
2024-25,1642258,Zaccharie Risacher,Zaccharie,1610612737,ATL,Atlanta Hawks,0022401173,2025-04-11T00:00:00,ATL @ PHI,W,25.916666666666668,6.9,12.5,0.556,0.0,2.8,0.0,2.8,2.8,1.0,0.0,4.2,4.2,0.0,1.4,0.0,0.0,0.0,0.0,2.8,16.7,1.4,20.3,0,0,20.8,1,1,13086,1,11230,9056,12727,7248,15070,18111,15070,8393,10540,1,14058,13218,16891,19908,13341,12854,8263,8846,20257,10043,11203,11919,21036,2246,150,20379,1,25:55
2024-25,1629018,Gary Trent Jr.,Gary,1610612749,MIL,Milwaukee Bucks,0022401171,2025-04-11T00:00:00,MIL @ DET,W,24.278333333333332,4.4,17.8,0.25,4.4,13.3,0.333,0.0,0.0,0.0,0.0,1.5,1.5,1.5,1.5,3.0,0.0,0.0,4.4,1.5,13.3,8.9,24.8,0,0,26.7,1,1,13086,1,12677,15932,4910,20233,3155,1152,9209,13505,14344,13505,14058,20905,22586,18045,12831,3230,8263,8846,5894,15071,14692,8225,18446,2246,150,16406,1,24:17
2024-25,1631108,Max Christie,Max,1610612742,DAL,Dallas Mavericks,0022401178,2025-04-11T00:00:00,DAL vs. TOR,W,29.883333333333333,6.0,13.3,0.455,3.6,8.4,0.429,4.8,4.8,1.0,0.0,7.2,7.2,2.4,2.4,0.0,1.2,0.0,0.0,2.4,20.5,10.8,34.0,0,0,36.1,1,1,13086,1,7889,11444,11383,12676,4890,5691,7394,4317,6260,1,14058,5949,9691,14846,8613,12854,6140,8846,20257,11312,7516,7306,11839,2246,150,9272,1,29:53
2024-25,1641783,Tristan da Silva,Tristan,1610612753,ORL,Orlando Magic,0022401172,2025-04-11T00:00:00,ORL @ IND,W,34.15,6.3,13.7,0.462,0.0,3.2,0.0,2.1,2.1,1.0,0.0,3.2,3.2,2.1,2.1,3.2,2.1,3.2,4.2,1.1,14.8,-3.2,35.4,0,0,30.6,1,1,13086,1,4130,10636,10648,12428,15070,17337,15070,10266,12394,1,14058,16220,19333,15971,9961,2813,3181,1183,6509,17154,13148,14656,10788,2246,150,13497,1,34:09
2024-25,1642259,Alex Sarr,Alex,1610612764,WAS,Washington Wizards,0022401176,2025-04-11T00:00:00,WAS @ CHI,L,26.233333333333334,4.1,20.6,0.2,1.4,11.0,0.125,0.0,0.0,0.0,0.0,4.1,4.1,4.1,4.1,0.0,1.4,2.7,1.4,0.0,9.6,-26.1,20.7,0,0,22.0,1,13222,1,13222,10963,16806,2585,21401,12548,2514,14886,13505,14344,13505,14058,13364,17029,9617,3633,12854,5348,1676,17731,17725,18540,23047,20829,2246,150,19697,1,26:14
2024-25,1630700,Dyson Daniels,Dyson,1610612737,ATL,Atlanta Hawks,0022401173,2025-04-11T00:00:00,ATL @ PHI,W,36.65,3.9,10.8,0.364,0.0,3.9,0.0,0.0,2.0,0.0,2.0,7.9,9.8,7.9,2.0,2.9,2.0,1.0,0.0,1.0,7.9,13.8,44.2,0,0,35.4,1,1,13086,1,2246,17253,15688,16861,15070,15717,15070,13505,12819,13505,8552,4933,5640,3039,10694,3276,3587,8065,20257,17446,20037,6104,5571,2246,150,9830,1,36:39
2024-25,1627827,Dorian Finney-Smith,Dorian,1610612747,LAL,Los Angeles Lakers,0022401185,2025-04-11T00:00:00,LAL vs. HOU,W,30.15,7.2,10.7,0.667,7.2,9.6,0.75,0.0,0.0,0.0,0.0,0.0,0.0,0.0,0.0,3.6,0.0,0.0,1.2,0.0,21.5,19.1,32.2,0,0,35.8,1,1,13086,1,7634,8545,15783,3281,706,4036,1542,13505,14344,13505,14058,22137,23286,19908,16469,2115,8263,8846,18564,17725,6641,4236,13135,2246,150,9503,1,30:09
2024-25,1628384,OG Anunoby,OG,1610612752,NYK,New York Knicks,0022401175,2025-04-11T00:00:00,NYK vs. CLE,L,34.78333333333333,6.2,18.6,0.333,2.1,9.3,0.222,1.0,2.1,0.5,0.0,4.1,4.1,4.1,1.0,2.1,0.0,1.0,3.1,2.1,15.5,-2.1,31.9,0,0,30.0,1,13222,1,13222,3627,10948,4088,17395,9817,4362,13288,13127,12516,10625,14058,13304,16973,9547,15601,5910,8263,7618,10259,12765,12400,14085,13417,2246,150,13936,1,34:47
2024-25,1630168,Onyeka Okongwu,Onyeka,1610612737,ATL,Atlanta Hawks,0022401173,2025-04-11T00:00:00,ATL @ PHI,W,29.45,2.4,8.6,0.286,0.0,3.7,0.0,0.0,0.0,0.0,1.2,8.6,9.8,1.2,4.9,1.2,1.2,0.0,6.1,0.0,4.9,1.2,20.9,0,0,20.8,1,1,13086,1,8267,20562,19413,19630,15070,16291,15070,13505,14344,13505,11647,3983,5707,18945,2482,9994,6035,8846,2808,17725,22068,11992,20738,2246,150,20419,1,29:27
2024-25,202692,Alec Burks,Alec,1610612748,MIA,Miami Heat,0022401177,2025-04-11T00:00:00,MIA @ NOP,W,21.683333333333334,6.6,11.6,0.571,6.6,11.6,0.571,0.0,0.0,0.0,0.0,6.6,6.6,5.0,3.3,1.7,0.0,0.0,1.7,0.0,19.9,64.8,37.0,0,0,41.5,1,1,13086,1,14767,9842,14273,6538,930,2017,3506,13505,14344,13505,14058,7014,10865,7515,5451,7768,8263,8846,16667,17725,7978,289,9679,2246,150,5910,1,21:41
2024-25,1631260,AJ Green,AJ,1610612749,MIL,Milwaukee Bucks,0022401171,2025-04-11T00:00:00,MIL @ DET,W,24.05,4.5,7.5,0.6,4.5,7.5,0.6,0.0,0.0,0.0,1.5,7.5,9.0,0.0,0.0,0.0,1.5,0.0,0.0,3.0,13.5,16.5,28.7,0,0,29.9,1,1,13086,1,12844,15808,20950,5394,3083,7436,2992,13505,14344,13505,10335,5525,6776,19908,16469,12854,4865,8846,20257,9283,14543,5084,15688,2246,150,13987,1,24:03
2024-25,1628978,Donte DiVincenzo,Donte,1610612750,MIN,Minnesota Timberwolves,0022401179,2025-04-11T00:00:00,MIN vs. BKN,W,26.433333333333334,4.1,12.3,0.333,2.7,8.2,0.333,0.0,0.0,0.0,0.0,8.2,8.2,5.4,4.1,1.4,0.0,1.4,2.7,0.0,10.9,28.6,28.9,0,0,30.0,1,1,13086,1,10788,16876,13157,17395,7467,6137,9209,13505,14344,13505,14058,4463,7976,6538,3704,9129,8263,5348,11939,17725,17270,2169,15577,2246,150,13970,1,26:26
2024-25,1641740,Jaylen Clark,Jaylen,1610612750,MIN,Minnesota Timberwolves,0022401179,2025-04-11T00:00:00,MIN vs. BKN,W,17.4,0.0,2.1,0.0,0.0,0.0,0.0,14.5,16.6,0.875,2.1,8.3,10.3,2.1,0.0,0.0,0.0,0.0,0.0,8.3,14.5,20.7,30.0,0,0,26.9,1,1,13086,1,18004,22635,24743,22635,15070,20945,15070,189,240,6931,8083,4312,5064,16118,16469,12854,8263,8846,20257,901,13428,3761,14792,2246,150,16231,1,17:24
2024-25,1630175,Cole Anthony,Cole,1610612753,ORL,Orlando Magic,0022401172,2025-04-11T00:00:00,ORL @ IND,W,20.25,5.3,8.9,0.6,1.8,5.3,0.333,0.0,0.0,0.0,0.0,3.6,3.6,7.1,5.3,0.0,5.3,0.0,7.1,1.8,12.4,-39.1,38.0,0,0,35.6,1,1,13086,1,15822,13448,18876,5394,11151,12367,9209,13505,14344,13505,14058,15069,18430,3874,1973,12854,432,8846,1887,14007,15659,24781,9000,2246,150,9690,1,20:15
2024-25,1631166,Drew Timme,Drew,1610612751,BKN,Brooklyn Nets,0022401179,2025-04-11T00:00:00,BKN @ MIN,L,39.681666666666665,4.5,19.1,0.238,0.9,6.4,0.143,0.0,0.9,0.0,5.4,3.6,9.1,1.8,1.8,0.0,0.0,0.0,3.6,0.9,10.0,-12.7,21.8,1,0,21.8,1,13222,1,13222,662,15664,3715,21138,14937,9873,14649,13505,14314,13505,1981,14851,6630,17043,11481,12854,8263,8846,8331,17649,18172,19019,20276,1,150,19803,1,39:41
2024-25,1630598,Aaron Wiggins,Aaron,1610612760,OKC,Oklahoma City Thunder,0022401181,2025-04-11T00:00:00,OKC @ UTA,W,33.973333333333336,14.8,25.4,0.583,4.2,10.6,0.4,3.2,4.2,0.75,0.0,7.4,7.4,2.1,3.2,2.1,0.0,1.1,1.1,4.2,37.1,18.0,52.3,0,0,55.1,1,1,13086,1,4290,521,738,6296,3503,2877,7874,7372,7342,8186,14058,5655,9337,15932,5878,5700,8263,7404,19344,5746,688,4555,2630,2246,150,1443,1,33:58
2024-25,1642271,Kyle Filipowski,Kyle,1610612762,UTA,Utah Jazz,0022401181,2025-04-11T00:00:00,UTA vs. OKC,L,31.483333333333334,8.0,19.4,0.412,1.1,9.1,0.125,0.0,0.0,0.0,5.7,9.1,14.9,1.1,2.3,1.1,2.3,0.0,4.6,1.1,17.2,-34.3,44.7,1,0,41.2,1,13222,1,13222,6421,6626,3391,14791,13688,4611,14886,13505,14344,13505,1803,3362,1836,19215,9137,10650,2770,8846,5611,16692,10679,24336,5329,1,150,6101,1,31:29
2024-25,203497,Rudy Gobert,Rudy,1610612750,MIN,Minnesota Timberwolves,0022401179,2025-04-11T00:00:00,MIN vs. BKN,W,33.333333333333336,14.0,18.4,0.765,0.0,0.0,0.0,9.7,15.1,0.643,3.2,8.6,11.9,1.1,0.0,0.0,1.1,0.0,3.2,13.0,37.8,17.3,56.9,1,0,52.9,1,1,13086,1,4870,692,4322,2095,15070,20945,15070,776,343,10250,4860,3891,3595,19413,16469,12854,6918,8846,9693,159,621,4813,1655,1,150,1821,1,33:20
2024-25,202709,Cory Joseph,Cory,1610612753,ORL,Orlando Magic,0022401172,2025-04-11T00:00:00,ORL @ IND,W,6.266666666666667,5.7,11.5,0.5,0.0,5.7,0.0,0.0,0.0,0.0,5.7,0.0,5.7,28.7,0.0,5.7,0.0,0.0,5.7,5.7,11.5,5.7,78.7,0,0,57.4,1,1,13086,1,23472,12278,14490,8526,15070,11343,15070,13505,14344,13505,1779,22137,12915,25,16469,555,8263,8846,3326,2976,16681,9730,221,2246,150,1108,1,6:16
2024-25,1642355,Bronny James,Bronny,1610612747,LAL,Los Angeles Lakers,0022401185,2025-04-11T00:00:00,LAL vs. HOU,W,4.383333333333334,8.2,32.9,0.25,8.2,8.2,1.0,0.0,0.0,0.0,0.0,8.2,8.2,8.2,0.0,0.0,0.0,16.4,0.0,0.0,24.6,49.3,46.8,0,0,49.3,1,1,13086,1,24293,6174,170,20233,414,6064,1,13505,14344,13505,14058,4404,7916,2683,16469,12854,8263,26,20257,17725,4400,572,4392,2246,150,2736,1,4:23
2024-25,203999,Nikola Jokić,Nikola,1610612743,DEN,Denver Nuggets,0022401180,2025-04-11T00:00:00,DEN vs. MEM,W,40.916666666666664,9.7,16.7,0.579,0.9,1.8,0.5,2.6,6.2,0.429,2.6,11.4,14.1,11.4,4.4,1.8,0.0,0.0,2.6,7.0,22.9,9.7,57.8,1,1,52.8,1,1,13086,1,385,3629,6161,6486,14996,19973,3944,8714,4276,13040,6251,1680,2200,858,3142,7405,8263,8846,12288,1630,5577,7848,1498,1,1,1854,1,40:55
2024-25,1629680,Matisse Thybulle,Matisse,1610612757,POR,Portland Trail Blazers,0022401183,2025-04-11T00:00:00,POR vs. GSW,L,22.133333333333333,4.9,9.8,0.5,3.3,8.1,0.4,4.9,6.5,0.75,1.6,4.9,6.5,0.0,3.3,4.9,3.3,0.0,1.6,3.3,17.9,-30.9,46.8,0,0,43.9,1,13222,1,13222,14393,14720,17450,8526,5804,6212,7874,4223,3876,8186,9822,11213,11158,19908,5654,979,1428,8846,16795,8398,9938,23871,4375,2246,150,4735,1,22:08
2024-25,1628389,Bam Adebayo,Bam,1610612748,MIA,Miami Heat,0022401177,2025-04-11T00:00:00,MIA @ NOP,W,21.683333333333334,13.3,19.9,0.667,6.6,10.0,0.667,5.0,6.6,0.75,5.0,14.9,19.9,6.6,0.0,3.3,0.0,0.0,1.7,5.0,38.2,76.4,82.0,1,0,78.0,1,1,13086,1,14767,908,3021,3281,930,3536,1957,4068,3718,8186,2393,589,550,4517,16469,2527,8263,8846,16667,4154,592,197,170,1,150,187,1,21:41
2024-25,1630198,Isaiah Joe,Isaiah,1610612760,OKC,Oklahoma City Thunder,0022401181,2025-04-11T00:00:00,OKC @ UTA,W,34.5,11.5,15.7,0.733,10.4,14.6,0.714,0.0,0.0,0.0,0.0,5.2,5.2,9.4,0.0,2.1,0.0,0.0,2.1,1.0,33.4,34.4,60.0,0,0,62.6,1,1,13086,1,3852,1883,7614,2644,191,780,1861,13505,14344,13505,14058,10237,14234,1763,16469,5846,8263,8846,14668,17201,1242,1454,1194,2246,150,607,1,34:30
2024-25,1630553,Keon Johnson,Keon,1610612751,BKN,Brooklyn Nets,0022401179,2025-04-11T00:00:00,BKN @ MIN,L,23.908333333333335,7.5,10.5,0.714,3.0,6.0,0.5,12.0,12.0,1.0,1.5,6.0,7.5,9.0,1.5,1.5,0.0,1.5,3.0,7.5,30.1,-10.5,55.7,0,0,52.7,1,13222,1,13222,12987,7694,16149,2752,6468,10636,3944,336,753,1,10295,8276,9111,1991,12721,8385,8263,4756,10663,1310,2041,18127,1858,2246,150,1873,1,23:55
2024-25,1642261,Dalton Knecht,Dalton,1610612747,LAL,Los Angeles Lakers,0022401185,2025-04-11T00:00:00,LAL vs. HOU,W,4.383333333333334,16.4,24.6,0.667,8.2,8.2,1.0,0.0,0.0,0.0,8.2,0.0,8.2,0.0,0.0,0.0,0.0,0.0,8.2,0.0,41.1,49.3,50.9,0,0,57.5,1,1,13086,1,24293,324,899,3281,414,6064,1,13505,14344,13505,718,22137,7916,19908,16469,12854,8263,8846,1263,17725,394,572,3008,2246,150,1102,1,4:23
2024-25,1641729,Brice Sensabaugh,Brice,1610612762,UTA,Utah Jazz,0022401181,2025-04-11T00:00:00,UTA vs. OKC,L,34.483333333333334,7.3,17.7,0.412,5.2,13.6,0.385,6.3,7.3,0.857,0.0,5.2,5.2,6.3,4.2,0.0,0.0,1.0,3.1,5.2,26.1,-21.9,37.6,0,0,42.8,1,13222,1,13222,3866,8207,4955,14791,2029,1067,8766,2627,3087,7071,14058,10234,14230,5075,3543,12854,8263,7537,10160,3748,3632,22052,9296,2246,150,5250,1,34:29
2024-25,1641809,Drew Peterson,Drew,1610612738,BOS,Boston Celtics,0022401174,2025-04-11T00:00:00,BOS vs. CHA,W,2.433333333333333,14.8,14.8,1.0,14.8,14.8,1.0,0.0,0.0,0.0,0.0,29.6,29.6,0.0,0.0,0.0,0.0,0.0,0.0,0.0,44.4,59.2,79.9,0,0,88.8,1,1,13086,1,25245,531,8908,1,77,738,1,13505,14344,13505,14058,37,88,19908,16469,12854,8263,8846,20257,17725,270,378,193,2246,150,99,1,2:26
2024-25,1631170,Jaime Jaquez Jr.,Jaime,1610612748,MIA,Miami Heat,0022401177,2025-04-11T00:00:00,MIA @ NOP,W,13.816666666666666,13.0,15.6,0.833,2.6,2.6,1.0,0.0,0.0,0.0,5.2,7.8,13.0,13.0,2.6,2.6,0.0,0.0,2.6,0.0,28.7,36.5,69.0,0,0,62.5,1,1,13086,1,20292,1023,7643,1514,7808,18446,1,13505,14344,13505,2182,4983,2790,528,7856,4128,8263,8846,12408,17725,2542,1248,473,2246,150,611,1,13:49
2024-25,201935,James Harden,James,1610612746,LAC,LA Clippers,0022401184,2025-04-11T00:00:00,LAC @ SAC,W,42.6,6.8,12.7,0.533,1.7,5.1,0.333,4.2,5.9,0.714,1.7,7.6,9.3,8.5,4.2,1.7,0.8,0.0,1.7,3.4,19.4,2.5,46.6,1,1,43.9,1,1,13086,1,190,9527,12431,8140,11430,13029,9209,5301,4591,9244,9613,5316,6321,2467,3458,7650,8198,8846,16563,8014,8433,11348,4469,1,1,4717,1,42:36
2024-25,1631119,Jaylin Williams,Jaylin,1610612760,OKC,Oklahoma City Thunder,0022401181,2025-04-11T00:00:00,OKC @ UTA,W,25.073333333333334,7.2,10.1,0.714,4.3,7.2,0.6,2.9,2.9,1.0,2.9,12.9,15.8,14.4,2.9,1.4,1.4,0.0,2.9,2.9,21.5,28.7,67.8,1,1,61.7,1,1,13086,1,11938,8515,16958,2752,3372,8086,2992,8162,10307,1,5666,1044,1487,350,6956,8726,5098,8846,11305,9683,6607,2146,531,1,1,670,1,25:04
2024-25,1627777,Georges Niang,Georges,1610612737,ATL,Atlanta Hawks,0022401173,2025-04-11T00:00:00,ATL @ PHI,W,16.883333333333333,12.8,29.9,0.429,8.5,17.1,0.5,0.0,0.0,0.0,2.1,4.3,6.4,0.0,4.3,0.0,0.0,4.3,4.3,0.0,34.1,17.1,37.5,0,0,49.0,1,1,13086,1,18330,1112,281,13735,365,412,3944,13505,14344,13505,7841,12918,11409,19908,3392,12854,8263,559,6391,17725,1111,4888,9324,2246,150,2824,1,16:53
2024-25,1641745,Adam Flagler,Adam,1610612760,OKC,Oklahoma City Thunder,0022401181,2025-04-11T00:00:00,OKC @ UTA,W,27.35,7.9,17.1,0.462,5.3,11.8,0.444,1.3,2.6,0.5,0.0,7.9,7.9,5.3,1.3,1.3,0.0,0.0,1.3,1.3,22.4,25.0,42.4,0,0,43.4,1,1,13086,1,10062,6852,5685,12428,1979,1871,7211,12258,10897,10625,14058,4865,8465,6901,13733,9372,8263,8846,17971,15827,5945,2817,6436,2246,150,4949,1,27:21
2024-25,1641763,Julian Phillips,Julian,1610612741,CHI,Chicago Bulls,0022401176,2025-04-11T00:00:00,CHI vs. WAS,W,27.916666666666668,9.0,14.2,0.636,3.9,7.7,0.5,7.7,7.7,1.0,3.9,7.7,11.6,1.3,0.0,1.3,0.0,0.0,3.9,5.2,29.7,32.2,49.4,0,0,49.0,1,1,13086,1,9614,4656,9862,4689,4272,6922,3944,1541,2723,1,3783,5104,3843,18696,16469,9520,8263,8846,7554,3836,2206,1704,3465,2246,150,2833,1,27:55
2024-25,1641824,Matas Buzelis,Matas,1610612741,CHI,Chicago Bulls,0022401176,2025-04-11T00:00:00,CHI vs. WAS,W,31.6,8.0,15.9,0.5,3.4,6.8,0.5,3.4,3.4,1.0,2.3,4.6,6.8,4.6,2.3,0.0,3.4,0.0,1.1,2.3,22.8,13.7,45.8,0,0,44.4,1,1,13086,1,6334,6680,7179,8526,5341,8810,3944,6855,9049,1,7315,12107,10450,8516,9166,12854,1287,8846,18866,11826,5640,6136,4820,2246,150,4500,1,31:36
2024-25,1631133,Jabari Walker,Jabari,1610612757,POR,Portland Trail Blazers,0022401183,2025-04-11T00:00:00,POR vs. GSW,L,20.283333333333335,10.6,17.7,0.6,3.5,5.3,0.667,8.9,10.6,0.833,1.8,8.9,10.6,1.8,3.5,3.5,0.0,0.0,3.5,5.3,33.7,1.8,56.3,0,0,56.8,1,13222,1,13222,15795,2558,4954,5394,5032,12405,1957,1051,1131,7275,9336,3634,4764,17156,4909,2175,8263,8846,8604,3599,1183,11754,1768,2246,150,1190,1,20:17
2024-25,1630595,Cade Cunningham,Cade,1610612765,DET,Detroit Pistons,0022401171,2025-04-11T00:00:00,DET vs. MIL,L,35.718333333333334,15.1,21.2,0.714,3.0,5.0,0.6,3.0,4.0,0.75,0.0,6.0,6.0,12.1,4.0,0.0,2.0,2.0,1.0,5.0,36.3,0.0,63.7,1,0,61.5,1,13222,1,13222,2886,471,2235,2752,6425,13108,2992,7741,7782,8186,14058,8232,12172,698,3822,12854,3443,3182,19662,4043,782,12240,821,1,150,692,1,35:43
2024-25,1629639,Tyler Herro,Tyler,1610612748,MIA,Miami Heat,0022401177,2025-04-11T00:00:00,MIA @ NOP,W,21.566666666666666,11.7,16.7,0.7,3.3,5.0,0.667,10.0,10.0,1.0,1.7,5.0,6.7,6.7,1.7,1.7,0.0,0.0,0.0,6.7,36.7,76.8,58.1,0,0,56.8,1,1,13086,1,14874,1729,6181,3045,5545,13199,1957,697,1368,1,9683,10867,10777,4458,12049,7725,8263,8846,20257,1920,726,192,1464,2246,150,1194,1,21:34
2024-25,1628401,Derrick White,Derrick,1610612738,BOS,Boston Celtics,0022401174,2025-04-11T00:00:00,BOS vs. CHA,W,34.083333333333336,8.4,12.7,0.667,3.2,7.4,0.429,0.0,0.0,0.0,1.1,2.1,3.2,7.4,3.2,1.1,4.2,0.0,0.0,2.1,20.1,15.8,47.6,0,0,44.4,1,1,13086,1,4178,5711,12432,3281,6041,7635,7394,13505,14344,13505,12827,19331,19312,3520,5912,11433,804,8846,20257,12555,7869,5309,4091,2246,150,4523,1,34:05
2024-25,1630202,Payton Pritchard,Payton,1610612738,BOS,Boston Celtics,0022401174,2025-04-11T00:00:00,BOS vs. CHA,W,21.7,14.9,18.2,0.818,6.6,8.3,0.8,0.0,0.0,0.0,0.0,5.0,5.0,5.0,3.3,1.7,0.0,1.7,0.0,1.7,36.5,26.5,51.6,0,0,56.4,1,1,13086,1,14753,502,4411,1653,934,5928,1389,13505,14344,13505,14058,10946,14855,7520,5461,7773,8263,4258,20257,14415,755,2514,2810,2246,150,1247,1,21:42
2024-25,203994,Jusuf Nurkić,Jusuf,1610612766,CHA,Charlotte Hornets,0022401174,2025-04-11T00:00:00,CHA @ BOS,L,18.533333333333335,9.7,27.2,0.357,1.9,5.8,0.333,5.8,5.8,1.0,3.9,7.8,11.7,11.7,7.8,1.9,0.0,1.9,5.8,5.8,27.2,-5.8,56.7,0,0,56.3,1,13222,1,13222,17163,3590,477,17140,10444,11136,9209,3055,4718,1,3752,5049,3799,800,639,6550,8263,3415,3180,2852,3112,15986,1688,2246,150,1253,1,18:32
2024-25,1629029,Luka Dončić,Luka,1610612747,LAL,Los Angeles Lakers,0022401185,2025-04-11T00:00:00,LAL vs. HOU,W,31.11,15.0,22.0,0.684,5.8,10.4,0.556,9.3,16.2,0.571,0.0,9.3,9.3,8.1,4.6,1.2,0.0,0.0,1.2,8.1,45.1,17.4,67.2,0,0,70.6,1,1,13086,1,6792,489,1827,3255,1489,3051,3747,926,266,10536,14058,3246,6377,2786,2811,10522,8263,8846,18772,968,249,4786,558,2246,150,306,1,31:07
2024-25,1629048,Goga Bitadze,Goga,1610612753,ORL,Orlando Magic,0022401172,2025-04-11T00:00:00,ORL @ IND,W,22.566666666666666,4.8,8.0,0.6,0.0,1.6,0.0,8.0,9.6,0.833,3.2,8.0,11.2,4.8,1.6,1.6,3.2,0.0,1.6,6.4,17.5,59.0,50.9,0,0,43.1,1,1,13086,1,14063,14992,20295,5394,15070,20173,15070,1423,1561,7275,4960,4734,4266,7961,12353,8001,1489,8846,16888,2203,10274,384,3014,2246,150,5107,1,22:34
2024-25,202696,Nikola Vučević,Nikola,1610612741,CHI,Chicago Bulls,0022401176,2025-04-11T00:00:00,CHI vs. WAS,W,28.25,8.9,19.1,0.467,1.3,3.8,0.333,0.0,0.0,0.0,3.8,11.5,15.3,10.2,1.3,1.3,2.5,1.3,0.0,0.0,19.1,29.3,63.0,1,0,53.5,1,1,13086,1,9340,4857,3648,12249,12967,15945,9209,13505,14344,13505,3847,1656,1651,1342,13940,9614,2294,5787,20257,17725,8726,2065,880,1,150,1706,1,28:15
2024-25,203507,Giannis Antetokounmpo,Giannis,1610612749,MIL,Milwaukee Bucks,0022401171,2025-04-11T00:00:00,MIL @ DET,W,37.766666666666666,10.5,21.0,0.5,0.0,1.9,0.0,9.5,10.5,0.909,1.0,9.5,10.5,14.3,2.9,1.0,1.9,2.9,0.0,5.7,30.5,21.0,70.3,1,1,61.0,1,1,13086,1,1530,2726,2348,8526,15070,19725,15070,829,1193,6764,13619,2975,4918,359,6997,12326,3747,1520,20257,3010,1924,3699,423,1,1,732,1,37:46
2024-25,1627747,Caris LeVert,Caris,1610612737,ATL,Atlanta Hawks,0022401173,2025-04-11T00:00:00,ATL @ PHI,W,30.233333333333334,14.3,17.9,0.8,4.8,6.0,0.8,3.6,6.0,0.6,2.4,2.4,4.8,4.8,0.0,1.2,1.2,0.0,4.8,3.6,36.9,15.5,56.9,0,0,56.0,1,1,13086,1,7566,627,4838,1688,2615,10799,1389,6547,4538,10343,6977,18534,15395,8011,16469,10253,6234,8846,5146,7472,704,5441,1653,2246,150,1316,1,30:14
2024-25,1631109,Mark Williams,Mark,1610612766,CHA,Charlotte Hornets,0022401174,2025-04-11T00:00:00,CHA @ BOS,L,24.45,7.4,17.7,0.417,0.0,0.0,0.0,0.0,0.0,0.0,7.4,10.3,17.7,2.9,5.9,2.9,1.5,2.9,1.5,1.5,14.7,-32.4,47.7,1,0,44.2,1,13222,1,13222,12529,8097,5050,14532,15070,20945,15070,13505,14344,13505,1005,2348,973,13109,1466,3282,4955,1399,17335,15114,13174,24089,4071,1,150,4605,1,24:27
2024-25,1629130,Duncan Robinson,Duncan,1610612748,MIA,Miami Heat,0022401177,2025-04-11T00:00:00,MIA @ NOP,W,19.35,13.0,24.2,0.538,11.2,22.3,0.5,1.9,1.9,1.0,1.9,1.9,3.7,0.0,1.9,0.0,0.0,0.0,3.7,1.9,39.1,9.3,41.7,0,0,54.0,1,1,13086,1,16540,1024,1019,7978,154,163,3944,11091,13092,1,8986,20079,18016,19908,11271,12854,8263,8846,7999,13689,512,8048,6787,2246,150,1635,1,19:21
2024-25,1642352,Keshad Johnson,Keshad,1610612748,MIA,Miami Heat,0022401177,2025-04-11T00:00:00,MIA @ NOP,W,6.966666666666667,20.7,25.8,0.8,0.0,0.0,0.0,10.3,10.3,1.0,5.2,5.2,10.3,0.0,0.0,5.2,0.0,5.2,5.2,5.2,51.7,25.8,79.6,0,0,72.3,1,1,13086,1,23184,126,669,1688,15070,20945,15070,604,1244,1,2223,10362,5071,19908,16469,803,8263,331,4253,3820,142,2643,199,2246,150,272,1,6:58
2024-25,1628371,Jonathan Isaac,Jonathan,1610612753,ORL,Orlando Magic,0022401172,2025-04-11T00:00:00,ORL @ IND,W,19.35,5.6,13.0,0.429,1.9,5.6,0.333,9.3,9.3,1.0,0.0,7.4,7.4,7.4,3.7,1.9,5.6,0.0,7.4,7.4,22.3,-24.2,61.0,0,0,54.0,1,1,13086,1,16540,12758,11816,13735,10827,11769,9209,906,1710,1,14058,5598,9284,3469,4504,6971,381,8846,1684,1354,5990,22621,1073,2246,150,1635,1,19:21
2024-25,1631120,JD Davison,JD,1610612738,BOS,Boston Celtics,0022401174,2025-04-11T00:00:00,BOS vs. CHA,W,2.433333333333333,14.8,14.8,1.0,0.0,0.0,0.0,0.0,0.0,0.0,0.0,0.0,0.0,14.8,14.8,0.0,0.0,0.0,0.0,0.0,29.6,59.2,37.0,0,0,44.4,1,1,13086,1,25245,531,8908,1,15070,20945,15070,13505,14344,13505,14058,22137,23286,311,118,12854,8263,8846,20257,17725,2238,378,9706,2246,150,4512,1,2:26
2024-25,203486,Mason Plumlee,Mason,1610612756,PHX,Phoenix Suns,0022401182,2025-04-11T00:00:00,PHX vs. SAS,W,15.033333333333333,4.8,4.8,1.0,0.0,0.0,0.0,7.2,9.6,0.75,7.2,7.2,14.4,2.4,2.4,4.8,4.8,0.0,4.8,4.8,16.8,45.5,63.9,0,0,52.7,1,1,13086,1,19532,14976,23612,1,15070,20945,15070,1883,1553,8186,1070,6031,2064,14894,8679,1029,575,8846,5083,4521,11111,686,786,2246,150,1878,1,15:02
2024-25,1628470,Torrey Craig,Torrey,1610612738,BOS,Boston Celtics,0022401174,2025-04-11T00:00:00,BOS vs. CHA,W,12.0,3.0,6.0,0.5,0.0,3.0,0.0,0.0,0.0,0.0,3.0,12.0,15.0,12.0,3.0,9.0,0.0,0.0,3.0,3.0,6.0,60.0,66.0,0,0,51.0,1,1,13086,1,21228,19415,22595,8526,15070,17643,15070,13505,14344,13505,5329,1347,1766,719,6468,146,8263,8846,10710,9236,21387,368,632,2246,150,2271,1,12:00
2024-25,1630243,Trevelin Queen,Trevelin,1610612753,ORL,Orlando Magic,0022401172,2025-04-11T00:00:00,ORL @ IND,W,29.6,10.9,13.4,0.818,6.1,7.3,0.833,2.4,2.4,1.0,2.4,3.6,6.1,4.9,0.0,3.6,0.0,0.0,1.2,2.4,30.4,15.8,55.9,0,0,54.7,1,1,13086,1,8140,2307,11176,1653,1249,7822,1341,9231,11378,1,6830,14791,12095,7765,16469,2030,8263,8846,18439,11214,1951,5322,1818,2246,150,1499,1,29:36
2024-25,1641779,Jalen Bridges,Jalen,1610612756,PHX,Phoenix Suns,0022401182,2025-04-11T00:00:00,PHX vs. SAS,W,0.6183333333333333,58.2,58.2,1.0,58.2,58.2,1.0,0.0,0.0,0.0,0.0,0.0,0.0,0.0,0.0,0.0,0.0,0.0,0.0,0.0,174.7,174.7,174.7,0,0,232.9,1,1,13086,1,26176,3,16,1,2,7,1,13505,14344,13505,14058,22137,23286,19908,16469,12854,8263,8846,20257,17725,3,16,14,2246,150,7,1,0:37
2024-25,1641998,Trey Jemison III,Trey,1610612747,LAL,Los Angeles Lakers,0022401185,2025-04-11T00:00:00,LAL vs. HOU,W,3.95,9.1,9.1,1.0,0.0,0.0,0.0,0.0,0.0,0.0,9.1,18.2,27.3,9.1,0.0,0.0,0.0,0.0,0.0,0.0,18.2,72.9,64.7,0,0,54.7,1,1,13086,1,24514,4503,18542,1,15070,20945,15070,13505,14344,13505,528,242,124,1931,16469,12854,8263,8846,20257,17725,9597,217,719,2246,150,1507,1,3:57
2024-25,1630314,Brandon Williams,Brandon,1610612742,DAL,Dallas Mavericks,0022401178,2025-04-11T00:00:00,DAL vs. TOR,W,22.266666666666666,11.3,12.9,0.875,3.2,3.2,1.0,1.6,1.6,1.0,0.0,1.6,1.6,4.9,4.9,1.6,1.6,0.0,4.9,3.2,27.5,3.2,41.6,0,0,43.7,1,1,13086,1,14302,1992,11965,1353,5862,17207,1,11568,13376,1,14058,20638,22415,7795,2524,7924,4510,8846,4948,8444,2987,11001,6860,2246,150,4855,1,22:16
2024-25,1641710,Anthony Black,Anthony,1610612753,ORL,Orlando Magic,0022401172,2025-04-11T00:00:00,ORL @ IND,W,31.3,10.4,18.4,0.563,0.0,1.2,0.0,3.5,3.5,1.0,1.2,5.8,6.9,8.1,5.8,2.3,0.0,1.2,5.8,3.5,24.2,25.3,45.7,0,0,43.7,1,1,13086,1,6607,2867,4290,7127,15070,20680,15070,6791,8984,1,12102,8917,10322,2839,1607,5033,8263,6629,3317,7800,4704,2749,4874,2246,150,4831,1,31:18
2024-25,1629723,John Konchar,John,1610612763,MEM,Memphis Grizzlies,0022401180,2025-04-11T00:00:00,MEM @ DEN,L,6.7,10.7,10.7,1.0,5.4,5.4,1.0,0.0,0.0,0.0,5.4,10.7,16.1,0.0,0.0,5.4,0.0,0.0,0.0,0.0,26.9,0.0,62.3,0,0,59.1,1,13222,1,13222,23282,2455,15790,1,1870,12269,1,13505,14344,13505,2023,2046,1387,19908,16469,695,8263,8846,20257,17725,3264,12240,937,2246,150,906,1,6:42
2024-25,1630577,Julian Champagnie,Julian,1610612759,SAS,San Antonio Spurs,0022401182,2025-04-11T00:00:00,SAS @ PHX,L,29.633333333333333,9.7,19.4,0.5,7.3,10.9,0.667,1.2,1.2,1.0,0.0,6.1,6.1,2.4,1.2,0.0,0.0,2.4,0.0,1.2,27.9,-34.0,37.7,0,0,43.7,1,13222,1,13222,8100,3584,3393,8526,671,2560,1957,12544,13863,1,14058,8164,12109,14776,14328,12854,8263,2155,20257,16329,2813,24308,9247,2246,150,4815,1,29:38
2024-25,1642443,Jahmir Young,Jahmir,1610612741,CHI,Chicago Bulls,0022401176,2025-04-11T00:00:00,CHI vs. WAS,W,2.7333333333333334,13.2,13.2,1.0,13.2,13.2,1.0,0.0,0.0,0.0,13.2,0.0,13.2,0.0,0.0,0.0,0.0,0.0,0.0,0.0,39.5,52.7,55.3,0,0,65.9,1,1,13086,1,25094,962,11539,1,103,1215,1,13505,14344,13505,183,22137,2689,19908,16469,12854,8263,8846,20257,17725,479,489,1930,2246,150,447,1,2:44
2024-25,1629636,Darius Garland,Darius,1610612739,CLE,Cleveland Cavaliers,0022401175,2025-04-11T00:00:00,CLE @ NYK,W,32.82333333333333,11.0,18.6,0.588,1.1,5.5,0.2,5.5,7.7,0.714,0.0,2.2,2.2,14.3,3.3,2.2,0.0,0.0,1.1,5.5,28.5,23.0,55.8,1,0,50.5,1,1,13086,1,5314,2283,4074,6229,13959,11994,13429,3430,2758,9244,14058,19088,21425,363,5531,5421,8263,8846,19118,3366,2591,3260,1836,1,150,2406,1,32:49
2024-25,1629027,Trae Young,Trae,1610612737,ATL,Atlanta Hawks,0022401173,2025-04-11T00:00:00,ATL @ PHI,W,35.7,10.1,22.2,0.455,6.1,13.1,0.462,10.1,12.1,0.833,1.0,2.0,3.0,11.1,3.0,1.0,0.0,3.0,0.0,7.1,36.3,10.1,56.6,1,0,58.5,1,1,13086,1,2904,3131,1738,12676,1267,1243,7119,675,742,7275,13192,19604,19647,968,6369,11877,8263,1306,20257,1618,775,7660,1711,1,150,967,1,35:42
2024-25,203552,Seth Curry,Seth,1610612766,CHA,Charlotte Hornets,0022401174,2025-04-11T00:00:00,CHA @ BOS,L,18.6,11.6,15.5,0.75,9.7,13.5,0.714,0.0,0.0,0.0,0.0,3.9,3.9,0.0,1.9,1.9,0.0,0.0,1.9,0.0,32.9,-13.5,41.4,0,0,50.3,1,13222,1,13222,17106,1801,7847,2107,236,1071,1861,13505,14344,13505,14058,14122,17652,19908,10871,6587,8263,8846,15484,17725,1344,19323,6920,2246,150,2443,1,18:36
2024-25,1630224,Jalen Green,Jalen,1610612745,HOU,Houston Rockets,0022401185,2025-04-11T00:00:00,HOU @ LAL,L,14.966666666666667,7.2,24.1,0.3,2.4,9.6,0.25,0.0,0.0,0.0,2.4,7.2,9.6,7.2,2.4,2.4,0.0,2.4,0.0,4.8,16.8,-21.6,44.0,0,0,40.9,1,13222,1,13222,19587,8411,1041,19363,8470,3949,11902,13505,14344,13505,6901,5971,5899,3734,8633,4677,8263,2206,20257,4476,11017,22003,5666,2246,150,6274,1,14:58
2024-25,203076,Anthony Davis,Anthony,1610612742,DAL,Dallas Mavericks,0022401178,2025-04-11T00:00:00,DAL vs. TOR,W,30.466666666666665,11.8,21.3,0.556,1.2,5.9,0.2,2.4,2.4,1.0,3.5,11.8,15.4,11.8,2.4,0.0,8.3,3.5,1.2,2.4,27.2,24.8,85.8,1,1,72.1,1,1,13086,1,7345,1646,2178,7248,13463,10920,13429,9416,11590,1,4305,1462,1622,757,8803,12854,130,882,18644,11488,3122,2859,130,1,1,279,1,30:28
2024-25,1629632,Coby White,Coby,1610612741,CHI,Chicago Bulls,0022401176,2025-04-11T00:00:00,CHI vs. WAS,W,28.1,7.7,14.1,0.545,1.3,2.6,0.5,3.8,3.8,1.0,1.3,10.2,11.5,5.1,2.6,1.3,1.3,2.6,2.6,3.8,20.5,38.4,47.1,0,0,43.6,1,1,13086,1,9459,7297,10021,7695,12929,18515,3944,5990,8148,1,11285,2392,3918,7191,8008,9574,5733,1926,12555,6730,7498,1081,4259,2246,150,4895,1,28:06
2024-25,1630573,Sam Hauser,Sam,1610612738,BOS,Boston Celtics,0022401174,2025-04-11T00:00:00,BOS vs. CHA,W,22.25,11.3,19.4,0.583,9.7,14.6,0.667,0.0,0.0,0.0,1.6,6.5,8.1,1.6,0.0,1.6,0.0,0.0,1.6,0.0,32.4,24.3,49.3,0,0,55.0,1,1,13086,1,14313,1986,3405,6296,232,785,1957,13505,14344,13505,9851,7368,8113,17600,16469,7922,8263,8846,16812,17725,1447,2970,3484,2246,150,1458,1,22:15
2024-25,1630215,Jared Butler,Jared,1610612755,PHI,Philadelphia 76ers,0022401173,2025-04-11T00:00:00,PHI vs. ATL,L,29.133333333333333,11.1,22.2,0.5,4.9,11.1,0.444,3.7,3.7,1.0,2.5,2.5,4.9,8.6,4.9,2.5,0.0,0.0,3.7,2.5,30.9,-18.5,52.3,0,0,54.4,1,13222,1,13222,8558,2167,1716,8526,2349,2396,7211,6278,8469,1,6706,18262,14943,2306,2406,4465,8263,8846,8053,11095,1803,21078,2650,2246,150,1560,1,29:08
2024-25,1630567,Scottie Barnes,Scottie,1610612761,TOR,Toronto Raptors,0022401178,2025-04-11T00:00:00,TOR @ DAL,L,30.516666666666666,14.2,29.5,0.48,0.0,3.5,0.0,2.4,9.4,0.25,2.4,8.3,10.6,3.5,3.5,1.2,1.2,2.4,2.4,7.1,30.7,-11.8,52.3,0,0,49.5,1,13222,1,13222,7300,657,303,11962,15070,16573,15070,9425,1645,13358,7056,4345,4796,11278,4936,10346,6304,2313,13398,1601,1871,18658,2654,2246,150,2655,1,30:31
2024-25,1641715,Cam Whitmore,Cam,1610612745,HOU,Houston Rockets,0022401185,2025-04-11T00:00:00,HOU @ LAL,L,37.2,12.6,18.4,0.684,6.8,11.6,0.583,1.0,1.0,1.0,1.0,6.8,7.7,1.0,3.9,1.0,1.0,0.0,1.0,1.9,32.9,-22.3,45.6,0,0,52.3,1,13222,1,13222,1859,1212,4299,3255,855,2023,3489,13333,14264,1,13516,6746,8740,19775,4148,12226,7705,8846,19870,13384,1344,22145,4903,2246,150,1978,1,37:12
2024-25,1631169,Josh Minott,Josh,1610612750,MIN,Minnesota Timberwolves,0022401179,2025-04-11T00:00:00,MIN vs. BKN,W,3.3666666666666667,10.7,10.7,1.0,10.7,10.7,1.0,42.8,42.8,1.0,0.0,10.7,10.7,0.0,0.0,0.0,0.0,0.0,0.0,21.4,74.9,42.8,87.7,0,0,96.2,1,1,13086,1,24790,2511,15888,1,173,2777,1,10,24,1,14058,2077,4705,19908,16469,12854,8263,8846,20257,34,44,786,112,2246,150,70,1,3:22
2024-25,202710,Jimmy Butler III,Jimmy,1610612744,GSW,Golden State Warriors,0022401183,2025-04-11T00:00:00,GSW @ POR,W,28.066666666666666,7.7,12.8,0.6,1.3,2.6,0.5,14.1,14.1,1.0,1.3,5.1,6.4,9.0,0.0,2.6,0.0,0.0,0.0,7.7,30.8,28.2,59.6,0,0,52.6,1,1,13086,1,9490,7279,12167,5394,12921,18510,3944,203,437,1,11280,10475,11358,2041,16469,4212,8263,8846,20257,1201,1835,2227,1231,2246,150,1909,1,28:04
2024-25,1630695,Micah Potter,Micah,1610612762,UTA,Utah Jazz,0022401181,2025-04-11T00:00:00,UTA vs. OKC,L,31.7,1.1,9.1,0.125,0.0,7.9,0.0,1.1,2.3,0.5,3.4,7.9,11.4,0.0,1.1,1.1,1.1,0.0,2.3,1.1,3.4,-27.3,22.7,0,0,19.3,1,13222,1,13222,6233,22554,18585,22420,15070,6536,15070,12799,11872,10625,4527,4782,4087,19908,14905,10716,6571,8846,13770,16738,22805,23289,19740,2246,150,21244,1,31:42
2024-25,202699,Tobias Harris,Tobias,1610612765,DET,Detroit Pistons,0022401171,2025-04-11T00:00:00,DET vs. MIL,L,29.8,7.2,12.1,0.6,3.6,4.8,0.75,2.4,4.8,0.5,0.0,4.8,4.8,3.6,0.0,1.2,2.4,0.0,6.0,2.4,20.5,-9.7,42.6,0,0,39.9,1,13222,1,13222,7964,8338,13455,5394,4858,13617,1542,9289,6231,10625,14058,11326,15216,11009,16469,10111,2524,8846,2889,11280,7461,17744,6288,2246,150,6856,1,29:48
2024-25,1629655,Daniel Gafford,Daniel,1610612742,DAL,Dallas Mavericks,0022401178,2025-04-11T00:00:00,DAL vs. TOR,W,19.6,7.3,7.3,1.0,0.0,0.0,0.0,7.3,11.0,0.667,1.8,11.0,12.9,1.8,1.8,0.0,1.8,0.0,5.5,7.3,22.0,-1.8,43.9,0,0,40.4,1,1,13086,1,16331,8132,21147,1,15070,20945,15070,1769,1019,9425,9102,1896,2910,16976,11381,12854,3966,8846,3690,1419,6183,13938,5721,2246,150,6541,1,19:36
2024-25,1642275,Tidjane Salaün,Tidjane,1610612766,CHA,Charlotte Hornets,0022401174,2025-04-11T00:00:00,CHA @ BOS,L,23.633333333333333,3.0,9.1,0.333,1.5,6.1,0.25,0.0,0.0,0.0,1.5,6.1,7.6,3.0,3.0,0.0,0.0,1.5,0.0,0.0,7.6,-25.9,18.3,0,0,19.8,1,13222,1,13222,13200,19326,18494,17395,11951,10453,11902,13505,14344,13505,10219,8115,8941,12773,6292,12854,8263,4681,20257,17725,20229,23008,21978,2246,150,20980,1,23:38
2024-25,1641775,Jordan Walsh,Jordan,1610612738,BOS,Boston Celtics,0022401174,2025-04-11T00:00:00,BOS vs. CHA,W,2.433333333333333,0.0,14.8,0.0,0.0,14.8,0.0,0.0,0.0,0.0,0.0,0.0,0.0,0.0,0.0,0.0,0.0,0.0,0.0,0.0,0.0,59.2,0.0,0,0,0.0,1,1,13086,1,25245,22635,8908,22635,15070,738,15070,13505,14344,13505,14058,22137,23286,19908,16469,12854,8263,8846,20257,17725,23200,378,25228,2246,150,25259,1,2:26
2024-25,1630228,Jonathan Kuminga,Jonathan,1610612744,GSW,Golden State Warriors,0022401183,2025-04-11T00:00:00,GSW @ POR,W,16.9,4.3,14.9,0.286,0.0,4.3,0.0,12.8,17.0,0.75,2.1,8.5,10.7,0.0,2.1,2.1,2.1,0.0,2.1,8.5,21.3,8.5,44.7,0,0,40.5,1,1,13086,1,18320,16425,8732,19630,15070,14995,15070,277,226,8186,7845,4034,4761,19908,9843,5657,3122,8846,14466,819,6823,8395,5317,2246,150,6508,1,16:54
2024-25,1629750,Javonte Green,Javonte,1610612739,CLE,Cleveland Cavaliers,0022401175,2025-04-11T00:00:00,CLE @ NYK,W,7.25,5.0,19.9,0.25,0.0,9.9,0.0,0.0,0.0,0.0,0.0,9.9,9.9,0.0,0.0,0.0,0.0,0.0,0.0,0.0,9.9,-19.9,21.8,0,0,19.9,1,1,13086,1,23075,14489,3054,20233,15070,3578,15070,13505,14344,13505,14058,2635,5513,19908,16469,12854,8263,8846,20257,17725,18222,21515,20233,2246,150,20936,1,7:15
2024-25,1628960,Grayson Allen,Grayson,1610612756,PHX,Phoenix Suns,0022401182,2025-04-11T00:00:00,PHX vs. SAS,W,28.866666666666667,6.2,11.2,0.556,3.7,7.5,0.5,2.5,2.5,1.0,1.2,6.2,7.5,7.5,1.2,1.2,0.0,0.0,0.0,1.2,18.7,17.5,41.4,0,0,39.9,1,1,13086,1,8793,10874,14987,7248,4594,7442,3944,9062,11222,1,11494,7820,9201,3421,14112,9820,8263,8846,20257,16141,9118,4752,6928,2246,150,6831,1,28:52
2024-25,203084,Harrison Barnes,Harrison,1610612759,SAS,San Antonio Spurs,0022401182,2025-04-11T00:00:00,SAS @ PHX,L,14.65,2.5,7.4,0.333,0.0,2.5,0.0,0.0,0.0,0.0,0.0,12.3,12.3,2.5,0.0,0.0,0.0,0.0,0.0,0.0,4.9,2.5,23.3,0,0,19.7,1,13222,1,13222,19792,20544,21106,17395,15070,18703,15070,13505,14344,13505,14058,1237,3279,14692,16469,12854,8263,8846,20257,17725,22059,11394,19345,2246,150,21059,1,14:39
2024-25,203897,Zach LaVine,Zach,1610612758,SAC,Sacramento Kings,0022401184,2025-04-11T00:00:00,SAC vs. LAC,L,40.9,7.9,20.2,0.391,3.5,10.6,0.333,3.5,3.5,1.0,0.0,3.5,3.5,4.4,0.9,0.0,0.0,1.8,2.6,1.8,22.9,-4.4,32.8,0,0,34.3,1,13222,1,13222,387,6806,2806,15984,5106,2919,9209,6667,8849,1,14058,15173,18505,8879,16382,12854,8263,4006,12276,14076,5568,15271,12703,2246,150,10582,1,40:54
2024-25,1626220,Royce O'Neale,Royce,1610612756,PHX,Phoenix Suns,0022401182,2025-04-11T00:00:00,PHX vs. SAS,W,21.415,1.7,10.1,0.167,0.0,6.7,0.0,0.0,0.0,0.0,0.0,5.0,5.0,0.0,0.0,0.0,1.7,0.0,3.4,0.0,3.4,-33.6,14.5,0,0,11.8,1,1,13086,1,14987,21921,16917,21938,15070,9065,15070,13505,14344,13505,14058,10746,14694,19908,16469,12854,4340,8846,9210,17725,22827,24250,23346,2246,150,24043,1,21:25
2024-25,204456,T.J. McConnell,T.J.,1610612754,IND,Indiana Pacers,0022401172,2025-04-11T00:00:00,IND vs. ORL,L,20.9,6.9,12.1,0.571,0.0,0.0,0.0,6.9,10.3,0.667,0.0,1.7,1.7,5.2,3.4,1.7,1.7,0.0,3.4,6.9,20.7,-25.8,37.4,0,0,34.4,1,13222,1,13222,15357,9187,13495,6538,15070,20945,15070,2086,1244,9425,14058,20413,22274,7093,5137,7538,4244,8846,8912,1744,7338,22992,9427,2246,150,10487,1,20:54
2024-25,1627739,Kris Dunn,Kris,1610612746,LAC,LA Clippers,0022401184,2025-04-11T00:00:00,LAC @ SAC,W,22.363333333333333,3.2,9.7,0.333,0.0,4.8,0.0,0.0,0.0,0.0,0.0,3.2,3.2,0.0,1.6,0.0,0.0,0.0,4.8,0.0,6.4,16.1,8.7,0,0,9.7,1,1,13086,1,14226,18949,17656,17395,15070,13630,15070,13505,14344,13505,14058,16023,19174,19908,12296,12854,8263,8846,4999,17725,21096,5215,24616,2246,150,24498,1,22:22
2024-25,1631165,Keon Ellis,Keon,1610612758,SAC,Sacramento Kings,0022401184,2025-04-11T00:00:00,SAC vs. LAC,L,32.46666666666667,1.1,2.2,0.5,1.1,2.2,0.5,2.2,2.2,1.0,1.1,0.0,1.1,1.1,2.2,0.0,1.1,0.0,3.3,2.2,5.5,-8.9,9.6,0,0,11.1,1,13222,1,13222,5579,22572,24717,8526,13893,19136,3944,9885,12032,1,12403,22137,23071,19323,9442,12854,6732,8846,9355,12086,21705,17365,24477,2246,150,24201,1,32:28
2024-25,1629023,P.J. Washington,P.J.,1610612742,DAL,Dallas Mavericks,0022401178,2025-04-11T00:00:00,DAL vs. TOR,W,26.966666666666665,8.0,10.7,0.75,2.7,2.7,1.0,0.0,2.7,0.0,2.7,8.0,10.7,5.3,0.0,1.3,0.0,0.0,0.0,2.7,18.7,30.7,43.5,0,0,40.0,1,1,13086,1,10359,6615,15926,2107,7620,18314,1,13505,10810,13505,6175,4689,4736,6740,16469,9271,8263,8846,20257,10407,9129,1869,5877,2246,150,6751,1,26:58
2024-25,203501,Tim Hardaway Jr.,Tim,1610612765,DET,Detroit Pistons,0022401171,2025-04-11T00:00:00,DET vs. MIL,L,26.215,2.7,13.7,0.2,2.7,11.0,0.25,0.0,0.0,0.0,0.0,0.0,0.0,0.0,0.0,0.0,0.0,1.4,2.7,2.7,8.2,6.9,8.2,0,0,11.0,1,13222,1,13222,11000,19985,10598,21401,7396,2500,11902,13505,14344,13505,14058,22137,23286,19908,16469,12854,8263,5290,11857,10169,19713,9200,24667,2246,150,24222,1,26:13
2024-25,1630205,Lamar Stevens,Lamar,1610612763,MEM,Memphis Grizzlies,0022401180,2025-04-11T00:00:00,MEM @ DEN,L,0.20666666666666667,0.0,174.2,0.0,0.0,174.2,0.0,0.0,0.0,0.0,0.0,0.0,0.0,0.0,0.0,0.0,0.0,174.2,0.0,0.0,0.0,-348.4,0.0,0,0,0.0,1,13222,1,13222,26262,22635,1,22635,15070,1,15070,13505,14344,13505,14058,22137,23286,19908,16469,12854,8263,1,20257,17725,23200,26294,25228,2246,150,25259,1,0:12
2024-25,1626168,Trey Lyles,Trey,1610612758,SAC,Sacramento Kings,0022401184,2025-04-11T00:00:00,SAC vs. LAC,L,29.68166666666667,4.9,6.1,0.8,1.2,2.4,0.5,0.0,0.0,0.0,3.6,4.9,8.5,0.0,1.2,0.0,0.0,0.0,2.4,0.0,10.9,-2.4,19.9,0,0,20.6,1,13222,1,13222,8074,14804,22544,1688,13298,18754,3944,13505,14344,13505,4146,11276,7482,19908,14340,12854,8263,8846,13092,17725,17251,14270,21215,2246,150,20510,1,29:41
2024-25,1630545,Terrence Shannon Jr.,Terrence,1610612750,MIN,Minnesota Timberwolves,0022401179,2025-04-11T00:00:00,MIN vs. BKN,W,3.3666666666666667,0.0,0.0,0.0,0.0,0.0,0.0,0.0,0.0,0.0,0.0,10.7,10.7,0.0,0.0,0.0,0.0,0.0,10.7,0.0,0.0,42.8,12.8,0,0,10.7,1,1,13086,1,24790,22635,24836,22635,15070,20945,15070,13505,14344,13505,14058,2077,4705,19908,16469,12854,8263,8846,579,17725,23200,786,23812,2246,150,24291,1,3:22
2024-25,1641801,Emanuel Miller,Emanuel,1610612741,CHI,Chicago Bulls,0022401176,2025-04-11T00:00:00,CHI vs. WAS,W,2.7333333333333334,0.0,0.0,0.0,0.0,0.0,0.0,0.0,0.0,0.0,0.0,0.0,0.0,0.0,0.0,0.0,0.0,0.0,0.0,0.0,0.0,52.7,0.0,0,0,0.0,1,1,13086,1,25094,22635,24836,22635,15070,20945,15070,13505,14344,13505,14058,22137,23286,19908,16469,12854,8263,8846,20257,17725,23200,489,25228,2246,150,25259,1,2:44
2024-25,203939,Dwight Powell,Dwight,1610612742,DAL,Dallas Mavericks,0022401178,2025-04-11T00:00:00,DAL vs. TOR,W,3.65,0.0,0.0,0.0,0.0,0.0,0.0,0.0,0.0,0.0,9.9,9.9,19.7,0.0,0.0,0.0,0.0,0.0,0.0,0.0,0.0,9.9,23.7,0,0,19.7,1,1,13086,1,24649,22635,24836,22635,15070,20945,15070,13505,14344,13505,418,2675,576,19908,16469,12854,8263,8846,20257,17725,23200,7757,19164,2246,150,21019,1,3:39
2024-25,1628379,Luke Kennard,Luke,1610612763,MEM,Memphis Grizzlies,0022401180,2025-04-11T00:00:00,MEM @ DEN,L,23.44,6.1,9.2,0.667,3.1,6.1,0.5,3.1,3.1,1.0,0.0,9.2,9.2,6.1,1.5,1.5,0.0,0.0,3.1,1.5,18.4,18.4,41.8,0,0,39.9,1,13222,1,13222,13360,11104,18380,3281,6291,10332,3944,7619,9795,1,14058,3289,6419,5261,12594,8251,8263,8846,10386,14851,9384,4429,6736,2246,150,6816,1,23:26
2024-25,1630568,Luka Garza,Luka,1610612750,MIN,Minnesota Timberwolves,0022401179,2025-04-11T00:00:00,MIN vs. BKN,W,3.3666666666666667,0.0,0.0,0.0,0.0,0.0,0.0,0.0,0.0,0.0,0.0,10.7,10.7,0.0,10.7,0.0,0.0,0.0,0.0,0.0,0.0,42.8,2.1,0,0,10.7,1,1,13086,1,24790,22635,24836,22635,15070,20945,15070,13505,14344,13505,14058,2077,4705,19908,273,12854,8263,8846,20257,17725,23200,786,25153,2246,150,24291,1,3:22
2024-25,1630692,Jordan Goodwin,Jordan,1610612747,LAL,Los Angeles Lakers,0022401185,2025-04-11T00:00:00,LAL vs. HOU,W,22.723333333333333,1.6,6.3,0.25,1.6,4.8,0.333,0.0,0.0,0.0,0.0,9.5,9.5,4.8,1.6,0.0,0.0,0.0,1.6,0.0,4.8,33.3,21.7,0,0,20.6,1,1,13086,1,13934,22053,22282,20233,11734,13826,9209,13505,14344,13505,14058,3005,6056,8043,12405,12854,8263,8846,16920,17725,22154,1595,20316,2246,150,20521,1,22:43
2024-25,201566,Russell Westbrook,Russell,1610612743,DEN,Denver Nuggets,0022401180,2025-04-11T00:00:00,DEN vs. MEM,W,26.88,5.4,12.1,0.444,1.3,4.0,0.333,6.7,6.7,1.0,0.0,4.0,4.0,5.4,2.7,2.7,0.0,1.3,0.0,4.0,18.8,14.7,37.0,0,0,34.8,1,1,13086,1,10440,13378,13502,13045,12693,15540,9209,2240,3661,1,14058,13667,17276,6709,7595,3956,8263,5448,20257,6260,9078,5731,9720,2246,150,10214,1,26:53
2024-25,1642347,Jamal Shead,Jamal,1610612761,TOR,Toronto Raptors,0022401178,2025-04-11T00:00:00,TOR @ DAL,L,33.45,3.2,12.9,0.25,1.1,9.7,0.111,2.2,2.2,1.0,0.0,0.0,0.0,5.4,3.2,2.2,0.0,0.0,3.2,1.1,9.7,-29.1,21.0,0,0,20.4,1,13222,1,13222,4768,18931,12011,20233,14090,3869,15003,10119,12245,1,14058,22137,23286,6668,5734,5580,8263,8846,9745,17021,18453,23596,20698,2246,150,20610,1,33:27
2024-25,1629022,Lonnie Walker IV,Lonnie,1610612755,PHI,Philadelphia 76ers,0022401173,2025-04-11T00:00:00,PHI vs. ATL,L,23.55,7.6,21.4,0.357,3.1,9.2,0.333,0.0,0.0,0.0,0.0,7.6,7.6,4.6,4.6,1.5,1.5,0.0,7.6,0.0,18.3,-18.3,39.0,0,0,39.7,1,13222,1,13222,13273,7399,2091,17140,6331,4579,9209,13505,14344,13505,14058,5248,8889,8443,2869,8279,4748,8846,1546,17725,9470,21031,8424,2246,150,6927,1,23:33
2024-25,203992,Bogdan Bogdanović,Bogdan,1610612746,LAC,LA Clippers,0022401184,2025-04-11T00:00:00,LAC @ SAC,W,21.395,1.7,10.1,0.167,0.0,3.4,0.0,0.0,0.0,0.0,1.7,1.7,3.4,3.4,1.7,0.0,0.0,0.0,3.4,1.7,3.4,3.4,10.8,0,0,10.1,1,1,13086,1,14999,21919,16898,21938,15070,16938,15070,13505,14344,13505,9637,20502,18839,11776,11994,12854,8263,8846,9199,14334,22825,10940,24290,2246,150,24405,1,21:24
2024-25,1630531,Jaden Springer,Jaden,1610612762,UTA,Utah Jazz,0022401181,2025-04-11T00:00:00,UTA vs. OKC,L,27.583333333333332,1.3,11.7,0.111,1.3,9.1,0.143,0.0,0.0,0.0,3.9,2.6,6.5,2.6,2.6,2.6,0.0,0.0,1.3,1.3,3.9,-20.9,20.9,0,0,19.6,1,13222,1,13222,9888,22396,14033,22520,12838,4620,14649,13505,14344,13505,3701,17926,11111,14184,7839,4117,8263,8846,18009,15886,22591,21803,20753,2246,150,21108,1,27:35
2024-25,1642505,Alex Ducas,Alex,1610612760,OKC,Oklahoma City Thunder,0022401181,2025-04-11T00:00:00,OKC @ UTA,W,14.216666666666667,2.5,5.1,0.5,0.0,2.5,0.0,0.0,0.0,0.0,2.5,2.5,5.1,2.5,0.0,0.0,0.0,0.0,2.5,0.0,5.1,17.7,14.9,0,0,12.7,1,1,13086,1,20066,20402,23413,8526,15070,18566,15070,13505,14344,13505,6517,18096,14622,14435,16469,12854,8263,8846,12660,17725,21973,4653,23203,2246,150,23821,1,14:13
2024-25,1629020,Jarred Vanderbilt,Jarred,1610612747,LAL,Los Angeles Lakers,0022401185,2025-04-11T00:00:00,LAL vs. HOU,W,19.016666666666666,7.6,9.5,0.8,0.0,0.0,0.0,0.0,0.0,0.0,1.9,5.7,7.6,0.0,1.9,3.8,1.9,1.9,5.7,3.8,15.1,22.7,39.4,0,0,34.1,1,1,13086,1,16808,7588,18011,1688,15070,20945,15070,13505,14344,13505,8848,9092,9021,19908,11081,1866,3781,3575,3428,6886,12763,3315,8150,2246,150,10792,1,19:01
2024-25,101108,Chris Paul,Chris,1610612759,SAS,San Antonio Spurs,0022401182,2025-04-11T00:00:00,SAS @ PHX,L,13.883333333333333,0.0,7.8,0.0,0.0,5.2,0.0,0.0,0.0,0.0,0.0,0.0,0.0,2.6,2.6,0.0,5.2,0.0,2.6,0.0,0.0,-20.7,16.9,0,0,13.0,1,13222,1,13222,20254,22635,20558,22635,15070,12740,15070,13505,14344,13505,14058,22137,23286,14233,7905,12854,469,8846,12450,17725,23200,21766,22545,2246,150,23727,1,13:53
2024-25,1628396,Tony Bradley,Tony,1610612754,IND,Indiana Pacers,0022401172,2025-04-11T00:00:00,IND vs. ORL,L,24.3,7.4,14.8,0.5,0.0,0.0,0.0,0.0,0.0,0.0,8.9,4.4,13.3,3.0,0.0,1.5,0.0,3.0,3.0,3.0,14.8,5.9,39.7,0,0,34.1,1,13222,1,13222,12648,7998,8876,8526,15070,20945,15070,13505,14344,13505,579,12416,2585,13046,16469,8488,8263,1383,10888,9385,13102,9646,7954,2246,150,10793,1,24:18
2024-25,1628997,Caleb Martin,Caleb,1610612742,DAL,Dallas Mavericks,0022401178,2025-04-11T00:00:00,DAL vs. TOR,W,20.8,5.2,15.6,0.333,3.5,3.5,1.0,0.0,3.5,0.0,3.5,3.5,6.9,5.2,3.5,5.2,0.0,1.7,3.5,1.7,13.8,-1.7,42.1,0,0,39.8,1,1,13086,1,15426,13839,7724,17395,5236,16727,1,13505,8963,13505,4431,15345,10283,7043,5100,788,8263,4074,8861,14176,14107,13888,6585,2246,150,6889,1,20:48
2024-25,1642269,Devin Carter,Devin,1610612758,SAC,Sacramento Kings,0022401184,2025-04-11T00:00:00,SAC vs. LAC,L,15.561666666666667,6.9,13.9,0.5,2.3,4.6,0.5,0.0,0.0,0.0,0.0,2.3,2.3,4.6,0.0,4.6,0.0,0.0,4.6,4.6,16.2,16.2,39.8,0,0,34.7,1,13222,1,13222,19217,9070,10383,8526,8805,14147,3944,13505,14344,13505,14058,18726,21173,8359,16469,1134,8263,8846,5474,4882,11732,5188,7889,2246,150,10295,1,15:34
2024-25,1629013,Landry Shamet,Landry,1610612752,NYK,New York Knicks,0022401175,2025-04-11T00:00:00,NYK vs. CLE,L,20.783333333333335,8.7,20.8,0.417,8.7,19.1,0.455,0.0,0.0,0.0,1.7,3.5,5.2,0.0,0.0,0.0,0.0,0.0,0.0,3.5,26.0,1.7,32.2,0,0,39.8,1,13222,1,13222,15435,5328,2465,14532,339,288,7148,13505,14344,13505,9469,15337,14285,19908,16469,12854,8263,8846,20257,7761,3695,11779,13160,2246,150,6872,1,20:47
2024-25,1628973,Jalen Brunson,Jalen,1610612752,NYK,New York Knicks,0022401175,2025-04-11T00:00:00,NYK vs. CLE,L,36.28333333333333,8.9,16.9,0.529,3.0,6.9,0.429,6.0,6.9,0.857,0.0,1.0,1.0,2.0,3.0,1.0,0.0,0.0,1.0,4.0,26.8,-6.0,31.0,0,0,34.7,1,13222,1,13222,2476,4837,5962,8281,6601,8576,7394,2914,3417,7071,14058,21981,23216,16434,6572,12022,8263,8846,19755,6400,3302,16040,14084,2246,150,10273,1,36:17
2024-25,1630171,Isaac Okoro,Isaac,1610612739,CLE,Cleveland Cavaliers,0022401175,2025-04-11T00:00:00,CLE @ NYK,W,27.43,7.9,11.8,0.667,3.9,3.9,1.0,0.0,0.0,0.0,2.6,3.9,6.6,1.3,0.0,1.3,0.0,0.0,5.2,0.0,19.7,11.8,33.5,0,0,34.1,1,1,13086,1,9997,6902,13920,3281,4120,15701,1,13505,14344,13505,6287,13923,11034,18620,16469,9395,8263,8846,4104,17725,8172,6877,12208,2246,150,10756,1,27:26
2024-25,1631102,TyTy Washington Jr.,TyTy,1610612756,PHX,Phoenix Suns,0022401182,2025-04-11T00:00:00,PHX vs. SAS,W,0.6183333333333333,0.0,0.0,0.0,0.0,0.0,0.0,0.0,0.0,0.0,0.0,0.0,0.0,0.0,0.0,0.0,0.0,0.0,0.0,0.0,0.0,174.7,0.0,0,0,0.0,1,1,13086,1,26176,22635,24836,22635,15070,20945,15070,13505,14344,13505,14058,22137,23286,19908,16469,12854,8263,8846,20257,17725,23200,16,25228,2246,150,25259,1,0:37
2024-25,1641733,Nick Smith Jr.,Nick,1610612766,CHA,Charlotte Hornets,0022401174,2025-04-11T00:00:00,CHA @ BOS,L,17.0,6.4,14.8,0.429,4.2,10.6,0.4,2.1,2.1,1.0,0.0,8.5,8.5,8.5,0.0,0.0,0.0,0.0,0.0,0.0,19.1,-10.6,41.9,0,0,40.2,1,13222,1,13222,18255,10554,8858,13735,3509,2884,7874,10235,12361,1,14058,4082,7513,2445,16469,12854,8263,8846,20257,17725,8788,18141,6656,2246,150,6654,1,17:00
2024-25,201143,Al Horford,Al,1610612738,BOS,Boston Celtics,0022401174,2025-04-11T00:00:00,BOS vs. CHA,W,27.5,6.5,13.1,0.5,3.9,7.9,0.5,0.0,0.0,0.0,1.3,13.1,14.4,0.0,2.6,1.3,1.3,1.3,1.3,0.0,17.0,13.1,39.5,1,0,40.6,1,1,13086,1,9944,10075,11682,8526,4146,6707,3944,13505,14344,13505,11154,982,2044,19908,7806,9410,5609,5608,17998,17725,10827,6358,8051,1,150,6456,1,27:30
2024-25,1630540,Miles McBride,Miles,1610612752,NYK,New York Knicks,0022401175,2025-04-11T00:00:00,NYK vs. CLE,L,17.55,8.2,16.4,0.5,6.2,10.3,0.6,2.1,4.1,0.5,0.0,2.1,2.1,2.1,0.0,2.1,0.0,0.0,6.2,4.1,24.6,26.7,36.3,0,0,39.0,1,13222,1,13222,17887,6198,6530,8526,1195,3204,2992,10460,7624,10625,14058,19503,21698,16185,16469,6007,8263,8846,2765,6048,4418,2493,10152,2246,150,7396,1,17:33
2024-25,1630631,Jose Alvarado,Jose,1610612740,NOP,New Orleans Pelicans,0022401177,2025-04-11T00:00:00,NOP vs. MIA,L,22.683333333333334,7.9,22.2,0.357,4.8,14.3,0.333,1.6,1.6,1.0,1.6,3.2,4.8,0.0,1.6,0.0,0.0,0.0,1.6,1.6,22.2,-60.3,26.3,0,0,31.7,1,13222,1,13222,13966,6776,1725,17140,2623,858,9209,11624,13408,1,9972,16179,15400,19908,12394,12854,8263,8846,16907,14671,6066,25696,17388,2246,150,12590,1,22:41
2024-25,1642358,AJ Johnson,AJ,1610612764,WAS,Washington Wizards,0022401176,2025-04-11T00:00:00,WAS @ CHI,L,34.03333333333333,3.2,13.8,0.231,0.0,4.2,0.0,2.1,2.1,1.0,1.1,2.1,3.2,1.1,3.2,1.1,0.0,2.1,5.3,1.1,8.5,-36.0,13.9,0,0,14.8,1,13222,1,13222,4225,19051,10569,21157,15070,15047,15070,10247,12374,1,12809,19316,19300,19501,5899,11420,8263,2877,4044,17136,19551,24521,23536,2246,150,23126,1,34:02
2024-25,203937,Kyle Anderson,Kyle,1610612748,MIA,Miami Heat,0022401177,2025-04-11T00:00:00,MIA @ NOP,W,23.233333333333334,6.2,10.8,0.571,0.0,0.0,0.0,1.5,4.6,0.333,0.0,6.2,6.2,9.3,0.0,1.5,3.1,1.5,4.6,3.1,13.9,4.6,49.3,0,0,38.7,1,1,13086,1,13518,10976,15616,6538,15070,20945,15070,11693,6581,13132,14058,7896,11829,1809,16469,8199,1571,4593,5419,8888,13996,10313,3515,2246,150,7562,1,23:14
2024-25,1630249,Vít Krejčí,Vít,1610612737,ATL,Atlanta Hawks,0022401173,2025-04-11T00:00:00,ATL @ PHI,W,11.033333333333333,0.0,6.5,0.0,0.0,6.5,0.0,6.5,6.5,1.0,3.3,0.0,3.3,3.3,0.0,0.0,0.0,0.0,0.0,6.5,6.5,-16.3,15.3,0,0,13.1,1,1,13086,1,21693,22635,22077,22635,15070,9487,15070,2377,3854,1,4813,22137,19074,12100,16469,12854,8263,8846,20257,2048,21031,20382,23079,2246,150,23696,1,11:02
2024-25,1631223,David Roddy,David,1610612745,HOU,Houston Rockets,0022401185,2025-04-11T00:00:00,HOU @ LAL,L,23.85,4.5,12.1,0.375,1.5,9.1,0.167,3.0,3.0,1.0,0.0,4.5,4.5,3.0,1.5,0.0,0.0,0.0,1.5,1.5,13.6,-34.7,22.0,0,0,22.6,1,13222,1,13222,13031,15678,13464,16299,11994,4728,14236,7752,9928,1,14058,12179,15974,12860,12703,12854,8263,8846,17175,14966,14400,24380,20122,2246,150,19248,1,23:51
2024-25,203914,Gary Harris,Gary,1610612753,ORL,Orlando Magic,0022401172,2025-04-11T00:00:00,ORL @ IND,W,17.316666666666666,8.3,16.6,0.5,4.2,6.2,0.667,0.0,0.0,0.0,2.1,2.1,4.2,0.0,4.2,0.0,0.0,6.2,0.0,0.0,20.8,8.3,21.6,0,0,29.1,1,1,13086,1,18060,5954,6268,8526,3656,10117,1957,13505,14344,13505,8035,19426,16918,19908,3568,12854,8263,204,20257,17725,7238,8480,20351,2246,150,14618,1,17:19
2024-25,1642484,RayJ Dennis,RayJ,1610612754,IND,Indiana Pacers,0022401172,2025-04-11T00:00:00,IND vs. ORL,L,16.716666666666665,8.6,19.4,0.444,4.3,10.8,0.4,0.0,0.0,0.0,0.0,2.2,2.2,6.5,2.2,2.2,0.0,4.3,2.2,0.0,21.5,6.5,38.1,0,0,38.8,1,13222,1,13222,18448,5413,3435,13045,3374,2706,7874,13505,14344,13505,14058,19191,21508,4774,9708,5570,8263,546,14333,17725,6608,9387,8945,2246,150,7544,1,16:43
2024-25,1641764,Brandin Podziemski,Brandin,1610612744,GSW,Golden State Warriors,0022401183,2025-04-11T00:00:00,GSW @ POR,W,29.683333333333334,4.9,13.3,0.364,2.4,7.3,0.333,0.0,0.0,0.0,1.2,7.3,8.5,3.6,0.0,2.4,0.0,1.2,0.0,3.6,12.1,37.6,35.0,0,0,31.5,1,1,13086,1,8057,14805,11227,16861,8389,7876,9209,13505,14344,13505,11705,5863,7484,10971,16469,4609,8263,6167,20257,7289,15999,1151,11023,2246,150,12747,1,29:41
2024-25,1630596,Evan Mobley,Evan,1610612739,CLE,Cleveland Cavaliers,0022401175,2025-04-11T00:00:00,CLE @ NYK,W,35.15,3.1,10.2,0.3,1.0,5.1,0.2,9.2,14.3,0.643,4.1,6.1,10.2,2.0,2.0,1.0,0.0,0.0,2.0,7.2,16.4,-5.1,32.8,1,0,31.7,1,1,13086,1,3348,19268,16660,19363,14400,12904,13429,934,410,10250,3456,8010,5186,16197,10270,11724,8263,8846,14885,1532,11513,15661,12743,1,150,12580,1,35:09
2024-25,1628995,Kevin Knox II,Kevin,1610612744,GSW,Golden State Warriors,0022401183,2025-04-11T00:00:00,GSW @ POR,W,3.2,11.3,22.5,0.5,0.0,11.3,0.0,0.0,0.0,0.0,0.0,0.0,0.0,0.0,22.5,0.0,0.0,0.0,0.0,0.0,22.5,-112.5,0.0,0,0,22.5,1,1,13086,1,24893,2052,1583,8526,15070,2291,15070,13505,14344,13505,14058,22137,23286,19908,38,12854,8263,8846,20257,17725,5850,26205,25228,2246,150,19354,1,3:12
2024-25,1630311,Pat Spencer,Pat,1610612744,GSW,Golden State Warriors,0022401183,2025-04-11T00:00:00,GSW @ POR,W,3.2,0.0,0.0,0.0,0.0,0.0,0.0,0.0,0.0,0.0,0.0,0.0,0.0,0.0,0.0,11.3,0.0,0.0,0.0,0.0,0.0,-112.5,33.8,0,0,22.5,1,1,13086,1,24893,22635,24836,22635,15070,20945,15070,13505,14344,13505,14058,22137,23286,19908,16469,87,8263,8846,20257,17725,23200,26205,12008,2246,150,19354,1,3:12
2024-25,1627750,Jamal Murray,Jamal,1610612743,DEN,Denver Nuggets,0022401180,2025-04-11T00:00:00,DEN vs. MEM,W,31.645,5.7,13.7,0.417,1.1,4.6,0.25,4.6,5.7,0.8,0.0,5.7,5.7,8.0,4.6,0.0,0.0,1.1,3.4,5.7,17.1,11.4,31.3,0,0,31.9,1,1,13086,1,6295,12455,10733,14532,13728,14320,11902,4756,4905,7681,14058,9072,13056,2928,2924,12854,8263,6733,9026,3050,10792,7066,13838,2246,150,12492,1,31:39
2024-25,1630162,Anthony Edwards,Anthony,1610612750,MIN,Minnesota Timberwolves,0022401179,2025-04-11T00:00:00,MIN vs. BKN,W,30.516666666666666,4.7,13.0,0.364,1.2,8.3,0.143,0.0,0.0,0.0,0.0,4.7,4.7,5.9,0.0,1.2,2.4,0.0,3.5,0.0,10.6,18.9,35.7,0,0,29.5,1,1,13086,1,7300,15195,11904,16861,13477,5989,14649,13505,14344,13505,14058,11652,15510,5672,16469,10346,2626,8846,8636,17725,17540,4292,10544,2246,150,14329,1,30:31
2024-25,1630570,Trendon Watford,Trendon,1610612751,BKN,Brooklyn Nets,0022401179,2025-04-11T00:00:00,BKN @ MIN,L,31.958333333333332,7.9,16.9,0.467,1.1,3.4,0.333,0.0,0.0,0.0,2.3,6.8,9.0,4.5,1.1,0.0,0.0,0.0,2.3,3.4,16.9,-13.5,33.3,0,0,31.5,1,13222,1,13222,6013,6871,5916,12249,13792,16912,9209,13505,14344,13505,7404,6773,6711,8640,14966,12854,8263,8846,13866,8020,10963,19313,12309,2246,150,12745,1,31:58
2024-25,203957,Danté Exum,Danté,1610612742,DAL,Dallas Mavericks,0022401178,2025-04-11T00:00:00,DAL vs. TOR,W,13.95,5.2,10.3,0.5,5.2,10.3,0.5,0.0,0.0,0.0,0.0,2.6,2.6,7.7,7.7,0.0,0.0,0.0,5.2,2.6,15.5,25.8,22.5,0,0,31.0,1,1,13086,1,20220,13918,16517,8526,2093,3132,3944,13505,14344,13505,14058,17991,20673,3138,649,12854,8263,8846,4265,10701,12433,2651,19902,2246,150,13191,1,13:57
2024-25,204001,Kristaps Porziņģis,Kristaps,1610612738,BOS,Boston Celtics,0022401174,2025-04-11T00:00:00,BOS vs. CHA,W,18.283333333333335,3.9,21.7,0.182,3.9,13.8,0.286,9.8,11.8,0.833,2.0,7.9,9.8,3.9,0.0,0.0,0.0,0.0,0.0,7.9,21.7,-5.9,39.4,0,0,39.4,1,1,13086,1,17380,17234,1957,21891,4117,998,11433,743,806,7275,8525,4901,5607,10111,16469,12854,8263,8846,20257,1080,6495,16020,8145,2246,150,7143,1,18:17
2024-25,1627884,Derrick Jones Jr.,Derrick,1610612746,LAC,LA Clippers,0022401184,2025-04-11T00:00:00,LAC @ SAC,W,25.291666666666668,7.1,12.8,0.556,1.4,5.7,0.25,0.0,0.0,0.0,1.4,0.0,1.4,0.0,2.8,2.8,0.0,0.0,0.0,1.4,15.7,-19.9,23.1,0,0,24.2,1,1,13086,1,11754,8662,12191,7248,12356,11469,11902,13505,14344,13505,10653,22137,22663,19908,7040,3561,8263,8846,20257,15353,12259,21531,19525,2246,150,18212,1,25:18
2024-25,1630558,Davion Mitchell,Davion,1610612748,MIA,Miami Heat,0022401177,2025-04-11T00:00:00,MIA @ NOP,W,22.1,6.5,9.8,0.667,1.6,4.9,0.333,3.3,4.9,0.667,0.0,3.3,3.3,4.9,3.3,1.6,0.0,0.0,3.3,4.9,17.9,14.7,30.8,0,0,31.0,1,1,13086,1,14414,10151,17432,3281,11604,13476,9209,7189,6137,9425,14058,15912,19087,7721,5640,7892,8263,8846,9623,4323,9918,5759,14211,2246,150,13204,1,22:06
2024-25,1628380,Zach Collins,Zach,1610612741,CHI,Chicago Bulls,0022401176,2025-04-11T00:00:00,CHI vs. WAS,W,19.75,5.5,9.1,0.6,0.0,1.8,0.0,3.6,3.6,1.0,3.6,3.6,7.3,5.5,5.5,1.8,0.0,1.8,0.0,1.8,14.6,12.8,31.5,0,0,31.0,1,1,13086,1,16221,13070,18534,5394,15070,19878,15070,6394,8592,1,4127,14804,9588,6489,1833,7141,8263,3821,20257,13836,13313,6496,13657,2246,150,13176,1,19:45
2024-25,1626181,Norman Powell,Norman,1610612746,LAC,LA Clippers,0022401184,2025-04-11T00:00:00,LAC @ SAC,W,35.95,6.0,11.0,0.545,2.0,3.0,0.667,2.0,4.0,0.5,0.0,2.0,2.0,1.0,1.0,1.0,0.0,0.0,3.0,2.0,16.0,0.0,21.9,0,0,23.0,1,1,13086,1,2713,11481,15335,7695,10147,17632,1957,10637,7834,10625,14058,19652,21793,19670,15834,11944,8263,8846,10695,13066,11901,12240,20187,2246,150,18998,1,35:57
2024-25,1631213,Tyrese Martin,Tyrese,1610612751,BKN,Brooklyn Nets,0022401179,2025-04-11T00:00:00,BKN @ MIN,L,15.766666666666667,4.6,18.3,0.25,0.0,9.1,0.0,0.0,0.0,0.0,0.0,0.0,0.0,4.6,4.6,0.0,0.0,0.0,0.0,0.0,9.1,-29.7,11.4,0,0,13.7,1,13222,1,13222,19092,15576,4394,20233,15070,4623,15070,13505,14344,13505,14058,22137,23286,8488,2899,12854,8263,8846,20257,17725,18957,23690,24149,2246,150,23501,1,15:46
2024-25,1630550,JT Thor,JT,1610612764,WAS,Washington Wizards,0022401176,2025-04-11T00:00:00,WAS @ CHI,L,24.316666666666666,1.5,5.9,0.25,0.0,1.5,0.0,1.5,3.0,0.5,1.5,4.4,5.9,0.0,1.5,1.5,0.0,0.0,1.5,4.4,4.4,-14.8,14.5,0,0,13.3,1,13222,1,13222,12630,22191,22689,20233,15070,20288,15070,11827,10065,10625,10389,12428,12476,19908,12846,8494,8263,8846,17300,5257,22323,19827,23328,2246,150,23607,1,24:19
2024-25,1628404,Josh Hart,Josh,1610612752,NYK,New York Knicks,0022401175,2025-04-11T00:00:00,NYK vs. CLE,L,34.483333333333334,3.1,6.3,0.5,2.1,3.1,0.667,0.0,0.0,0.0,2.1,9.4,11.5,5.2,2.1,1.0,0.0,0.0,4.2,0.0,8.4,-16.7,31.0,0,0,29.2,1,13222,1,13222,3866,19132,22363,8526,9737,17398,1957,13505,14344,13505,8000,3112,3974,6995,10058,11549,8263,8846,6621,17725,19623,20517,14058,2246,150,14526,1,34:29
2024-25,1641787,Tosan Evbuomwan,Tosan,1610612751,BKN,Brooklyn Nets,0022401179,2025-04-11T00:00:00,BKN @ MIN,L,21.826666666666668,3.3,18.1,0.182,0.0,8.2,0.0,4.9,9.9,0.5,3.3,1.6,4.9,4.9,1.6,4.9,0.0,4.9,4.9,4.9,11.5,-39.6,38.1,0,0,31.3,1,13222,1,13222,14644,18759,4519,21891,15070,5999,15070,4125,1413,10625,4752,20569,14934,7577,12141,929,8263,380,4731,4211,16622,24812,8961,2246,150,12900,1,21:50
2024-25,1628369,Jayson Tatum,Jayson,1610612738,BOS,Boston Celtics,0022401174,2025-04-11T00:00:00,BOS vs. CHA,W,31.816666666666666,6.8,19.2,0.353,3.4,11.3,0.3,1.1,1.1,1.0,1.1,7.9,9.1,9.1,0.0,0.0,0.0,2.3,4.5,2.3,18.1,26.0,42.5,0,0,39.6,1,1,13086,1,6140,9446,3561,17268,5393,2244,11319,12810,13992,1,12248,4826,6660,1978,16469,12854,8263,2524,5717,11888,9731,2612,6346,2246,150,7015,1,31:49
2024-25,203932,Aaron Gordon,Aaron,1610612743,DEN,Denver Nuggets,0022401180,2025-04-11T00:00:00,DEN vs. MEM,W,40.67166666666667,11.5,20.4,0.565,1.8,6.2,0.286,4.4,5.3,0.833,3.5,0.9,4.4,0.0,0.0,0.9,0.9,2.7,2.7,3.5,29.2,7.1,39.8,0,0,38.9,1,1,13086,1,422,1863,2718,7102,11187,10209,11433,4948,5446,7275,4309,22114,16227,19908,16469,12717,8128,1803,12226,7562,2373,9095,7859,2246,150,7413,1,40:40
2024-25,1631301,Jaylen Sims,Jaylen,1610612766,CHA,Charlotte Hornets,0022401174,2025-04-11T00:00:00,CHA @ BOS,L,16.233333333333334,2.2,6.7,0.333,2.2,4.4,0.5,2.2,4.4,0.5,0.0,0.0,0.0,2.2,2.2,0.0,0.0,0.0,8.9,2.2,8.9,-22.2,10.0,0,0,13.3,1,13222,1,13222,18766,21000,21949,17395,9171,14606,3944,9885,6966,10625,14058,22137,23286,15563,9442,12854,8263,8846,1006,12086,19200,22123,24422,2246,150,23609,1,16:14
2024-25,1631097,Bennedict Mathurin,Bennedict,1610612754,IND,Indiana Pacers,0022401172,2025-04-11T00:00:00,IND vs. ORL,L,41.06666666666667,4.4,14.9,0.294,0.9,3.5,0.25,7.9,11.4,0.692,3.5,3.5,7.0,2.6,4.4,1.8,0.0,3.5,1.8,6.1,17.5,-7.0,30.8,0,0,31.6,1,13222,1,13222,362,16117,8748,19598,15001,16640,11902,1458,919,9414,4368,15220,10124,14115,3166,7423,8263,908,16360,2466,10289,16506,14225,2246,150,12730,1,41:04
2024-25,1642267,Bub Carrington,Bub,1610612764,WAS,Washington Wizards,0022401176,2025-04-11T00:00:00,WAS @ CHI,L,35.016666666666666,7.2,15.4,0.467,2.1,6.2,0.333,2.1,2.1,1.0,0.0,5.1,5.1,11.3,4.1,0.0,1.0,0.0,0.0,2.1,18.5,-18.5,40.6,1,0,39.1,1,13222,1,13222,3448,8464,7936,12249,9893,10273,9209,10450,12565,1,14058,10446,14419,892,3648,12854,7284,8846,20257,12826,9320,21068,7390,1,150,7337,1,35:01
2024-25,201950,Jrue Holiday,Jrue,1610612738,BOS,Boston Celtics,0022401174,2025-04-11T00:00:00,BOS vs. CHA,W,25.783333333333335,1.4,8.4,0.167,0.0,2.8,0.0,0.0,0.0,0.0,1.4,1.4,2.8,5.6,1.4,1.4,0.0,0.0,0.0,0.0,2.8,23.7,17.3,0,0,14.0,1,1,13086,1,11342,22297,19671,21938,15070,18073,15070,13505,14344,13505,10765,21096,20275,6281,13302,8924,8263,8846,20257,17725,23000,3095,22366,2246,150,23431,1,25:47
2024-25,201144,Mike Conley,Mike,1610612750,MIN,Minnesota Timberwolves,0022401179,2025-04-11T00:00:00,MIN vs. BKN,W,13.6,2.6,5.3,0.5,0.0,2.6,0.0,0.0,0.0,0.0,0.0,10.6,10.6,10.6,0.0,2.6,0.0,0.0,2.6,0.0,5.3,15.9,41.8,0,0,31.8,1,1,13086,1,20422,20189,23257,8526,15070,18354,15070,13505,14344,13505,14058,2157,4823,1167,16469,4024,8263,8846,12249,17725,21851,5293,6717,2246,150,12561,1,13:36
2024-25,1642273,Kyshawn George,Kyshawn,1610612764,WAS,Washington Wizards,0022401176,2025-04-11T00:00:00,WAS @ CHI,L,24.133333333333333,6.0,14.9,0.4,4.5,11.9,0.375,0.0,0.0,0.0,0.0,3.0,3.0,4.5,0.0,1.5,0.0,1.5,4.5,3.0,16.4,-31.3,31.2,0,0,31.3,1,13222,1,13222,12774,11607,8726,14933,3103,1816,8800,13505,14344,13505,14058,16792,19785,8714,16469,8446,8263,4805,5829,9320,11490,23937,13923,2246,150,12911,1,24:08
2024-25,1631212,Peyton Watson,Peyton,1610612743,DEN,Denver Nuggets,0022401180,2025-04-11T00:00:00,DEN vs. MEM,W,19.71,5.5,14.6,0.375,0.0,3.7,0.0,3.7,3.7,1.0,0.0,9.1,9.1,1.8,0.0,0.0,1.8,0.0,1.8,1.8,14.6,7.3,33.8,0,0,29.2,1,1,13086,1,16259,13038,9182,16299,15070,16321,15070,6380,8574,1,14058,3377,6536,17009,16469,12854,3993,8846,16055,13824,13281,8981,11982,2246,150,14532,1,19:43
2024-25,1629637,Jaxson Hayes,Jaxson,1610612747,LAL,Los Angeles Lakers,0022401185,2025-04-11T00:00:00,LAL vs. HOU,W,11.883333333333333,9.1,9.1,1.0,0.0,0.0,0.0,3.0,12.1,0.25,3.0,0.0,3.0,0.0,0.0,0.0,0.0,0.0,6.1,6.1,21.2,3.0,24.8,0,0,24.2,1,1,13086,1,21343,4553,18580,1,15070,20945,15070,7724,736,13358,5268,22137,19636,19908,16469,12854,8263,8846,2865,2547,6919,11099,18394,2246,150,18178,1,11:53
2024-25,1631105,Jalen Duren,Jalen,1610612765,DET,Detroit Pistons,0022401171,2025-04-11T00:00:00,DET vs. MIL,L,38.88166666666667,4.6,8.3,0.556,0.0,0.0,0.0,0.9,5.6,0.167,5.6,9.3,14.8,4.6,1.9,0.0,0.9,0.0,1.9,2.8,10.2,0.9,35.8,1,0,31.5,1,13222,1,13222,927,15421,19746,7248,15070,20945,15070,13420,5117,13500,1913,3245,1864,8356,11313,12854,7981,8846,15935,10048,17970,12203,10487,1,150,12789,1,38:53
2024-25,1631303,Justin Minaya,Justin,1610612757,POR,Portland Trail Blazers,0022401183,2025-04-11T00:00:00,POR vs. GSW,L,15.366666666666667,4.7,9.4,0.5,0.0,0.0,0.0,0.0,0.0,0.0,0.0,0.0,0.0,0.0,2.3,2.3,0.0,0.0,4.7,2.3,9.4,16.4,14.1,0,0,14.1,1,13222,1,13222,19327,15269,18162,8526,15070,20945,15070,13505,14344,13505,14058,22137,23286,19908,8891,4887,8263,8846,5319,11573,18754,5112,23489,2246,150,23408,1,15:22
2024-25,1642264,Stephon Castle,Stephon,1610612759,SAS,San Antonio Spurs,0022401182,2025-04-11T00:00:00,SAS @ PHX,L,31.233333333333334,6.9,11.5,0.6,2.3,5.8,0.4,2.3,2.3,1.0,0.0,4.6,4.6,11.5,2.3,1.2,0.0,1.2,0.0,1.2,18.4,-12.7,42.4,1,0,39.2,1,13222,1,13222,6669,9135,14429,5394,8828,11291,7874,9598,11757,1,14058,11958,15792,836,9041,10557,8263,6615,20257,16632,9375,19006,6417,1,150,7278,1,31:14
2024-25,202691,Klay Thompson,Klay,1610612742,DAL,Dallas Mavericks,0022401178,2025-04-11T00:00:00,DAL vs. TOR,W,18.716666666666665,5.8,15.4,0.375,1.9,9.6,0.2,0.0,0.0,0.0,0.0,1.9,1.9,3.8,0.0,3.8,0.0,0.0,0.0,0.0,13.5,9.6,33.1,0,0,28.9,1,1,13086,1,17025,12202,7980,16299,10532,3959,13429,13505,14344,13505,14058,19910,21959,10379,16469,1794,8263,8846,20257,17725,14560,7878,12530,2246,150,14823,1,18:43
2024-25,1630583,Santi Aldama,Santi,1610612763,MEM,Memphis Grizzlies,0022401180,2025-04-11T00:00:00,MEM @ DEN,L,25.476666666666667,4.2,8.5,0.5,2.8,7.1,0.4,0.0,1.4,0.0,0.0,4.2,4.2,5.7,1.4,2.8,0.0,0.0,4.2,4.2,11.3,-2.8,31.9,0,0,29.7,1,13222,1,13222,11607,16489,19524,8526,7133,8322,7874,13505,13579,13505,14058,13009,16713,6139,13209,3615,8263,8846,6452,5745,16890,14475,13372,2246,150,14182,1,25:29
2024-25,1628969,Mikal Bridges,Mikal,1610612752,NYK,New York Knicks,0022401175,2025-04-11T00:00:00,NYK vs. CLE,L,36.4,5.9,12.9,0.462,1.0,4.9,0.2,4.0,4.9,0.8,2.0,0.0,2.0,7.9,0.0,1.0,0.0,0.0,2.0,3.0,16.8,-13.8,34.0,0,0,29.7,1,13222,1,13222,2413,11691,12107,12428,14607,13328,13429,5777,6036,7681,8485,22137,21844,2981,16469,12043,8263,8846,15265,9365,11047,19446,11786,2246,150,14184,1,36:24
2024-25,1629659,Talen Horton-Tucker,Talen,1610612741,CHI,Chicago Bulls,0022401176,2025-04-11T00:00:00,CHI vs. WAS,W,24.383333333333333,4.4,13.3,0.333,0.0,5.9,0.0,8.9,11.8,0.75,0.0,1.5,1.5,5.9,3.0,1.5,1.5,1.5,3.0,7.4,17.7,1.5,34.3,0,0,31.0,1,1,13086,1,12578,15983,11322,17395,15070,10926,15070,1056,807,8186,14058,20925,22598,5660,6635,8510,4938,4857,10928,1401,10118,11878,11613,2246,150,13156,1,24:23
2024-25,1641737,Adem Bona,Adem,1610612755,PHI,Philadelphia 76ers,0022401173,2025-04-11T00:00:00,PHI vs. ATL,L,30.416666666666668,9.5,10.7,0.889,0.0,0.0,0.0,2.4,4.7,0.5,3.6,3.6,7.1,1.2,3.6,1.2,3.6,0.0,2.4,3.6,21.3,-4.7,42.3,0,0,39.1,1,13222,1,13222,7392,3925,15966,1318,15070,20945,15070,9410,6421,10625,4301,15083,9951,19073,4908,10316,1190,8846,13358,7525,6821,15438,6500,2246,150,7345,1,30:25
2024-25,201959,Taj Gibson,Taj,1610612766,CHA,Charlotte Hornets,0022401174,2025-04-11T00:00:00,CHA @ BOS,L,5.016666666666667,7.2,21.5,0.333,0.0,0.0,0.0,0.0,0.0,0.0,0.0,0.0,0.0,0.0,0.0,0.0,0.0,7.2,7.2,0.0,14.4,-78.9,14.4,0,0,14.4,1,13222,1,13222,23988,8517,2013,17395,15070,20945,15070,13505,14344,13505,14058,22137,23286,19908,16469,12854,8263,143,1838,17725,13548,25993,23381,2246,150,23305,1,5:01
2024-25,1630604,E.J. Liddell,E.J.,1610612741,CHI,Chicago Bulls,0022401176,2025-04-11T00:00:00,CHI vs. WAS,W,2.7333333333333334,0.0,0.0,0.0,0.0,0.0,0.0,0.0,0.0,0.0,0.0,13.2,13.2,0.0,0.0,0.0,0.0,0.0,0.0,0.0,0.0,52.7,15.8,0,0,13.2,1,1,13086,1,25094,22635,24836,22635,15070,20945,15070,13505,14344,13505,14058,961,2689,19908,16469,12854,8263,8846,20257,17725,23200,489,22925,2246,150,23659,1,2:44
2024-25,1630528,Josh Christopher,Josh,1610612748,MIA,Miami Heat,0022401177,2025-04-11T00:00:00,MIA @ NOP,W,6.966666666666667,5.2,20.7,0.25,0.0,5.2,0.0,0.0,0.0,0.0,0.0,5.2,5.2,5.2,0.0,5.2,0.0,0.0,0.0,0.0,10.3,25.8,39.8,0,0,31.0,1,1,13086,1,23184,13896,2530,20233,15070,12779,15070,13505,14344,13505,14058,10362,14349,7093,16469,803,8263,8846,20257,17725,17819,2643,7890,2246,150,13156,1,6:58
2024-25,1629618,Jalen Pickett,Jalen,1610612743,DEN,Denver Nuggets,0022401180,2025-04-11T00:00:00,DEN vs. MEM,W,9.866666666666667,0.0,7.3,0.0,0.0,7.3,0.0,0.0,0.0,0.0,3.6,3.6,7.3,7.3,0.0,7.3,0.0,0.0,0.0,0.0,0.0,-14.6,41.6,0,0,29.2,1,1,13086,1,22143,22635,21207,22635,15070,7822,15070,13505,14344,13505,4121,14791,9576,3616,16469,265,8263,8846,20257,17725,23200,19743,6835,2246,150,14548,1,9:52
2024-25,1627732,Ben Simmons,Ben,1610612746,LAC,LA Clippers,0022401184,2025-04-11T00:00:00,LAC @ SAC,W,12.333333333333334,0.0,0.0,0.0,0.0,0.0,0.0,0.0,0.0,0.0,0.0,2.9,2.9,5.8,0.0,0.0,2.9,0.0,8.8,5.8,0.0,-20.4,21.0,0,0,14.6,1,1,13086,1,21084,22635,24836,22635,15070,20945,15070,13505,14344,13505,14058,17017,19944,5776,16469,12854,1792,8846,1046,2834,23200,21687,20679,2246,150,23217,1,12:20
2024-25,1631128,Christian Braun,Christian,1610612743,DEN,Denver Nuggets,0022401180,2025-04-11T00:00:00,DEN vs. MEM,W,33.69166666666667,5.3,9.6,0.556,0.0,2.1,0.0,2.1,2.1,1.0,0.0,2.1,2.1,5.3,0.0,1.1,0.0,0.0,4.3,1.1,12.8,12.8,26.6,0,0,22.4,1,1,13086,1,4560,13430,17731,7248,15070,19296,15070,10177,12297,1,14058,19247,21539,6735,16469,11298,8263,8846,6361,17070,15268,6463,17214,2246,150,19399,1,33:42
2024-25,1627734,Domantas Sabonis,Domantas,1610612758,SAC,Sacramento Kings,0022401184,2025-04-11T00:00:00,SAC vs. LAC,L,39.235,7.3,13.8,0.533,0.9,1.8,0.5,1.8,1.8,1.0,2.8,11.9,14.7,4.6,3.7,0.9,0.0,0.0,1.8,1.8,17.4,-4.6,41.0,1,0,39.5,1,13222,1,13222,798,8146,10551,8140,14913,19859,3944,11163,13141,1,5975,1405,1923,8442,4627,12582,8263,8846,16015,13791,10392,15363,7166,1,150,7097,1,39:14
2024-25,1630296,Braxton Key,Braxton,1610612744,GSW,Golden State Warriors,0022401183,2025-04-11T00:00:00,GSW @ POR,W,3.2,0.0,0.0,0.0,0.0,0.0,0.0,22.5,45.0,0.5,0.0,11.3,11.3,0.0,11.3,0.0,0.0,0.0,0.0,22.5,22.5,-112.5,24.8,0,0,33.8,1,1,13086,1,24893,22635,24836,22635,15070,20945,15070,59,22,10625,14058,1776,4194,19908,238,12854,8263,8846,20257,29,5850,26205,18455,2246,150,11030,1,3:12
2024-25,1641712,Rayan Rupert,Rayan,1610612757,POR,Portland Trail Blazers,0022401183,2025-04-11T00:00:00,POR vs. GSW,L,24.65,8.8,17.5,0.5,1.5,4.4,0.333,2.9,2.9,1.0,2.9,0.0,2.9,1.5,2.9,0.0,0.0,1.5,4.4,1.5,21.9,-8.8,24.7,0,0,27.7,1,13222,1,13222,12326,5152,5227,8526,12208,14725,9209,8033,10172,1,5535,22137,19938,18133,6761,12854,8263,4936,6062,15182,6283,17312,18502,2246,150,15612,1,24:39
2024-25,1630541,Moses Moody,Moses,1610612744,GSW,Golden State Warriors,0022401183,2025-04-11T00:00:00,GSW @ POR,W,22.566666666666666,4.8,16.0,0.3,3.2,8.0,0.4,1.6,1.6,1.0,1.6,1.6,3.2,1.6,1.6,3.2,0.0,4.8,4.8,1.6,14.4,14.4,28.6,0,0,28.7,1,1,13086,1,14063,14992,7176,19363,5974,6481,7874,11605,13397,1,9942,20687,19257,17666,12353,2761,8263,415,5095,14648,13546,5874,15833,2246,150,14919,1,22:34
2024-25,1642276,Kel'el Ware,Kel'el,1610612748,MIA,Miami Heat,0022401177,2025-04-11T00:00:00,MIA @ NOP,W,26.4,6.8,13.6,0.5,0.0,1.4,0.0,0.0,0.0,0.0,4.1,10.9,15.0,2.7,1.4,0.0,2.7,0.0,0.0,0.0,13.6,24.5,42.5,1,0,36.8,1,1,13086,1,10812,9377,10761,8526,15070,20419,15070,13505,14344,13505,3462,1949,1766,13828,13494,12854,2038,8846,20257,17725,14344,2911,6344,1,150,8826,1,26:24
2024-25,1642366,Quinten Post,Quinten,1610612744,GSW,Golden State Warriors,0022401183,2025-04-11T00:00:00,GSW @ POR,W,15.566666666666666,6.9,16.2,0.429,4.6,11.6,0.4,4.6,4.6,1.0,0.0,2.3,2.3,2.3,0.0,0.0,2.3,2.3,2.3,2.3,23.1,16.2,36.3,0,0,37.0,1,1,13086,1,19210,9074,6845,13735,2846,2053,7874,4638,6623,1,14058,18728,21175,15184,16469,12854,2718,2398,13595,11698,5398,5191,10150,2246,150,8722,1,15:34
2024-25,1629638,Nickeil Alexander-Walker,Nickeil,1610612750,MIN,Minnesota Timberwolves,0022401179,2025-04-11T00:00:00,MIN vs. BKN,W,21.683333333333334,6.6,10.0,0.667,1.7,5.0,0.333,1.7,3.3,0.5,0.0,3.3,3.3,6.6,3.3,0.0,0.0,0.0,5.0,5.0,16.6,10.0,27.2,0,0,28.2,1,1,13086,1,14767,9842,17123,3281,11507,13250,9209,11487,9258,10625,14058,15735,18946,4517,5451,12854,8263,8846,4653,4154,11280,7715,16805,2246,150,15276,1,21:41
2024-25,1631103,Malaki Branham,Malaki,1610612759,SAS,San Antonio Spurs,0022401182,2025-04-11T00:00:00,SAS @ PHX,L,22.55,9.6,27.1,0.353,3.2,6.4,0.5,1.6,3.2,0.5,0.0,3.2,3.2,3.2,1.6,1.6,0.0,6.4,4.8,1.6,23.9,-6.4,35.8,0,0,36.7,1,13222,1,13222,14074,3760,483,17268,5971,9786,3944,11603,9532,10625,14058,16116,19251,12347,12351,7995,8263,196,5083,14644,4840,16242,10532,2246,150,8902,1,22:33
2024-25,1626164,Devin Booker,Devin,1610612756,PHX,Phoenix Suns,0022401182,2025-04-11T00:00:00,PHX vs. SAS,W,28.183333333333334,10.2,15.3,0.667,1.3,2.6,0.5,1.3,1.3,1.0,0.0,3.8,3.8,6.4,3.8,0.0,1.3,0.0,1.3,1.3,23.0,38.3,37.2,0,0,37.0,1,1,13086,1,9395,3004,8064,3281,12945,18531,3944,12360,13764,1,14058,14228,17743,4872,4228,12854,5749,8846,18136,15999,5485,1092,9563,2246,150,8699,1,28:11
2024-25,1630283,Kylor Kelley,Kylor,1610612740,NOP,New Orleans Pelicans,0022401177,2025-04-11T00:00:00,NOP vs. MIA,L,20.558333333333334,3.5,10.5,0.333,0.0,0.0,0.0,1.8,3.5,0.5,1.8,8.8,10.5,1.8,0.0,1.8,0.0,0.0,3.5,1.8,8.8,-21.0,29.2,0,0,24.5,1,13222,1,13222,15604,18324,16209,17395,15070,20945,15070,11327,8879,10625,9409,3769,4903,17227,16469,7437,8263,8846,8740,14115,19300,21834,15329,2246,150,18002,1,20:34
2024-25,201939,Stephen Curry,Stephen,1610612744,GSW,Golden State Warriors,0022401183,2025-04-11T00:00:00,GSW @ POR,W,27.333333333333332,7.9,18.4,0.429,2.6,10.5,0.25,0.0,0.0,0.0,1.3,5.3,6.6,6.6,1.3,0.0,1.3,0.0,2.6,1.3,18.4,10.5,38.9,0,0,36.9,1,1,13086,1,10081,6844,4265,13735,7727,2941,11902,13505,14344,13505,11116,10104,10986,4584,13731,12854,5575,8846,12310,15822,9378,7451,8510,2246,150,8798,1,27:20
2024-25,1629622,Max Strus,Max,1610612739,CLE,Cleveland Cavaliers,0022401175,2025-04-11T00:00:00,CLE @ NYK,W,34.843333333333334,7.2,15.5,0.467,5.2,12.4,0.417,0.0,0.0,0.0,0.0,5.2,5.2,3.1,5.2,0.0,2.1,1.0,2.1,1.0,19.6,-4.1,31.5,0,0,37.2,1,1,13086,1,3585,8374,7823,12249,2086,1574,7826,13505,14344,13505,14058,10378,14359,12612,2148,12854,3303,7635,14777,17259,8234,15141,13670,2246,150,8590,1,34:51
2024-25,1626171,Bobby Portis,Bobby,1610612749,MIL,Milwaukee Bucks,0022401171,2025-04-11T00:00:00,MIL @ DET,W,32.9,7.7,14.2,0.538,1.1,3.3,0.333,2.2,2.2,1.0,4.4,6.6,10.9,1.1,0.0,1.1,0.0,1.1,3.3,2.2,18.6,0.0,36.7,1,0,33.9,1,1,13086,1,5243,7353,9792,7978,13974,17105,9209,9989,12119,1,3080,7171,4465,19364,16469,11070,8263,7094,9510,12205,9221,12240,9916,1,150,10909,1,32:54
2024-25,1642345,Oso Ighodaro,Oso,1610612756,PHX,Phoenix Suns,0022401182,2025-04-11T00:00:00,PHX vs. SAS,W,32.96666666666667,3.3,8.7,0.375,0.0,0.0,0.0,0.0,0.0,0.0,1.1,4.4,5.5,2.2,2.2,1.1,4.4,0.0,1.1,0.0,6.6,0.0,30.6,0,0,25.1,1,1,13086,1,5178,18816,19124,16299,15070,20945,15070,13505,14344,13505,12532,12608,13646,15683,9573,11088,726,8846,19146,17725,21020,12240,14364,2246,150,17584,1,32:58
2024-25,1630572,Sandro Mamukelashvili,Sandro,1610612759,SAS,San Antonio Spurs,0022401182,2025-04-11T00:00:00,SAS @ PHX,L,25.15,11.5,21.5,0.533,1.4,7.2,0.2,2.9,2.9,1.0,2.9,10.0,12.9,2.9,1.4,1.4,0.0,2.9,0.0,4.3,27.2,0.0,49.8,0,0,47.2,1,13222,1,13222,11876,1905,2054,8140,12331,8127,13429,8187,10326,1,5693,2570,2885,13405,13098,8748,8263,1515,20257,5599,3111,12240,3323,2246,150,3391,1,25:09
2024-25,203901,Elfrid Payton,Elfrid,1610612740,NOP,New Orleans Pelicans,0022401177,2025-04-11T00:00:00,NOP vs. MIA,L,29.283333333333335,2.5,9.8,0.25,0.0,0.0,0.0,0.0,0.0,0.0,3.7,8.6,12.3,16.0,2.5,0.0,0.0,1.2,2.5,1.2,4.9,-50.4,41.2,1,0,33.2,1,13222,1,13222,8415,20542,17344,20233,15070,20945,15070,13505,14344,13505,4056,3929,3273,215,8418,12854,8263,6064,12955,16245,22056,25411,7057,1,150,11505,1,29:17
2024-25,1631221,Collin Gillespie,Collin,1610612756,PHX,Phoenix Suns,0022401182,2025-04-11T00:00:00,PHX vs. SAS,W,21.9,6.6,21.4,0.308,4.9,14.8,0.333,3.3,3.3,1.0,3.3,8.2,11.5,3.3,3.3,1.6,1.6,0.0,1.6,1.6,21.4,-8.2,46.7,0,0,47.7,1,1,13086,1,14579,9998,2119,19226,2361,738,9209,7130,9336,1,4772,4398,3937,12026,5534,7833,4445,8846,16736,14479,6759,17058,4449,2246,150,3262,1,21:54
2024-25,1630173,Precious Achiuwa,Precious,1610612752,NYK,New York Knicks,0022401175,2025-04-11T00:00:00,NYK vs. CLE,L,15.2,0.0,11.8,0.0,0.0,0.0,0.0,0.0,0.0,0.0,0.0,14.2,14.2,0.0,2.4,4.7,2.4,0.0,4.7,2.4,0.0,-21.3,36.0,0,0,28.4,1,13222,1,13222,19439,22635,13875,22635,15070,20945,15070,13505,14344,13505,14058,713,2138,19908,8777,1062,2607,8846,5196,11473,23200,21916,10364,2246,150,15129,1,15:12
2024-25,1642368,N'Faly Dante,N'Faly,1610612745,HOU,Houston Rockets,0022401185,2025-04-11T00:00:00,HOU @ LAL,L,14.35,10.0,12.5,0.8,0.0,0.0,0.0,0.0,0.0,0.0,5.0,10.0,15.1,2.5,0.0,2.5,2.5,0.0,5.0,0.0,20.1,-27.6,56.9,0,0,47.7,1,13222,1,13222,19976,3185,12669,1688,15070,20945,15070,13505,14344,13505,2365,2551,1750,14514,16469,4361,2360,8846,4566,17725,7868,23354,1647,2246,150,3263,1,14:21
2024-25,1631466,Nate Williams,Nate,1610612745,HOU,Houston Rockets,0022401185,2025-04-11T00:00:00,HOU @ LAL,L,26.383333333333333,6.8,16.4,0.417,1.4,8.2,0.167,1.4,2.7,0.5,1.4,1.4,2.7,1.4,5.5,1.4,0.0,0.0,2.7,1.4,16.4,-32.7,20.3,0,0,24.6,1,13222,1,13222,10831,9364,6577,14532,12588,6100,14236,12122,10671,10625,10904,21163,20392,18451,1849,9111,8263,8846,11919,15601,11524,24132,21009,2246,150,17970,1,26:23
2024-25,1630559,Austin Reaves,Austin,1610612747,LAL,Los Angeles Lakers,0022401185,2025-04-11T00:00:00,LAL vs. HOU,W,33.01,9.8,16.4,0.6,3.3,6.5,0.5,2.2,2.2,1.0,0.0,7.6,7.6,6.5,5.5,2.2,0.0,1.1,2.2,2.2,25.1,18.5,45.1,0,0,46.9,1,1,13086,1,5144,3455,6608,5394,5753,9448,3944,10023,12147,1,14058,5263,8905,4642,1851,5474,8263,7139,14184,12241,4174,4397,5103,2246,150,3522,1,33:01
2024-25,1641794,Dillon Jones,Dillon,1610612760,OKC,Oklahoma City Thunder,0022401181,2025-04-11T00:00:00,OKC @ UTA,W,32.516666666666666,3.3,7.7,0.429,2.2,4.4,0.5,0.0,0.0,0.0,0.0,7.7,7.7,4.4,3.3,2.2,0.0,1.1,3.3,0.0,8.9,24.4,28.1,0,0,27.7,1,1,13086,1,5539,18704,20598,13735,9186,14623,3944,13505,14344,13505,14058,5078,8720,8816,5448,5345,8263,6987,9381,17725,19215,2954,16117,2246,150,15658,1,32:31
2024-25,1641878,Damion Baugh,Damion,1610612766,CHA,Charlotte Hornets,0022401174,2025-04-11T00:00:00,CHA @ BOS,L,18.966666666666665,3.8,13.3,0.286,1.9,7.6,0.25,0.0,0.0,0.0,1.9,5.7,7.6,5.7,0.0,0.0,0.0,1.9,0.0,1.9,9.5,-19.0,27.1,0,0,24.7,1,13222,1,13222,16851,17575,11324,19630,10643,7196,11902,13505,14344,13505,8821,9059,8983,6053,16469,12854,8263,3551,20257,13520,18645,21235,16853,2246,150,17908,1,18:58
2024-25,1641810,Antonio Reeves,Antonio,1610612740,NOP,New Orleans Pelicans,0022401177,2025-04-11T00:00:00,NOP vs. MIA,L,34.333333333333336,7.3,14.7,0.5,2.1,5.2,0.4,3.1,4.2,0.75,2.1,3.1,5.2,4.2,1.0,1.0,0.0,1.0,2.1,2.1,19.9,-18.9,34.6,0,0,33.6,1,13222,1,13222,3975,8147,9086,8526,9696,12610,7874,7448,7422,8186,7962,16288,14184,9403,15500,11506,8263,7507,14621,12622,7979,21198,11374,2246,150,11203,1,34:20
2024-25,2544,LeBron James,LeBron,1610612747,LAL,Los Angeles Lakers,0022401185,2025-04-11T00:00:00,LAL vs. HOU,W,22.116666666666667,9.8,17.9,0.545,1.6,6.5,0.25,1.6,1.6,1.0,0.0,6.5,6.5,13.0,1.6,1.6,0.0,0.0,1.6,1.6,22.8,8.1,53.4,0,0,47.2,1,1,13086,1,14402,3515,4804,7695,11607,9525,11902,11547,13365,1,14058,7283,11153,529,12226,7895,8263,8846,16787,14535,5638,8560,2359,2246,150,3400,1,22:07
2024-25,1629312,Haywood Highsmith,Haywood,1610612748,MIA,Miami Heat,0022401177,2025-04-11T00:00:00,MIA @ NOP,W,19.883333333333333,7.2,14.5,0.5,3.6,9.1,0.4,0.0,0.0,0.0,3.6,5.4,9.1,5.4,0.0,0.0,0.0,0.0,1.8,0.0,18.1,36.2,37.1,0,0,36.2,1,1,13086,1,16109,8352,9385,8526,4869,4736,7874,13505,14344,13505,4173,9709,6657,6563,16469,12854,8263,8846,16122,17725,9729,1268,9616,2246,150,9219,1,19:53
2024-25,1630167,Obi Toppin,Obi,1610612754,IND,Indiana Pacers,0022401172,2025-04-11T00:00:00,IND vs. ORL,L,20.5,3.5,14.0,0.25,0.0,3.5,0.0,0.0,0.0,0.0,1.8,7.0,8.8,5.3,3.5,1.8,0.0,3.5,5.3,0.0,7.0,-26.3,27.2,0,0,24.6,1,13222,1,13222,15638,18298,10097,20233,15070,16633,15070,13505,14344,13505,9397,6318,7057,6893,4984,7414,8263,904,4077,17725,20705,23093,16809,2246,150,17956,1,20:30
2024-25,1641716,Jarace Walker,Jarace,1610612754,IND,Indiana Pacers,0022401172,2025-04-11T00:00:00,IND vs. ORL,L,34.05,6.3,11.6,0.545,2.1,3.2,0.667,1.1,1.1,1.0,2.1,6.3,8.5,3.2,5.3,0.0,2.1,0.0,1.1,2.1,15.9,-9.5,31.8,0,0,33.8,1,13222,1,13222,4210,10580,14261,7695,9625,17324,1957,13056,14118,1,7906,7609,7536,12415,2021,12854,3165,8846,19361,12545,12072,17681,13459,2246,150,10981,1,34:03
2024-25,1631157,Ryan Rollins,Ryan,1610612749,MIL,Milwaukee Bucks,0022401171,2025-04-11T00:00:00,MIL @ DET,W,17.083333333333332,6.3,10.5,0.6,2.1,6.3,0.333,0.0,0.0,0.0,0.0,4.2,4.2,8.4,2.1,2.1,0.0,0.0,8.4,2.1,14.8,19.0,36.7,0,0,33.7,1,1,13086,1,18209,10647,16151,5394,9651,9934,9209,13505,14344,13505,14058,13068,16762,2483,9963,5751,8263,8846,1172,12578,13153,4270,9907,2246,150,11062,1,17:05
2024-25,1626172,Kevon Looney,Kevon,1610612744,GSW,Golden State Warriors,0022401183,2025-04-11T00:00:00,GSW @ POR,W,15.6,0.0,0.0,0.0,0.0,0.0,0.0,2.3,4.6,0.5,2.3,9.2,11.5,2.3,0.0,0.0,4.6,0.0,6.9,4.6,2.3,32.3,33.5,0,0,25.4,1,1,13086,1,19194,22635,24836,22635,15070,20945,15070,9593,6635,10625,7221,3269,3913,15206,16469,12854,641,8846,2034,4907,23112,1698,12216,2246,150,17368,1,15:36
2024-25,201145,Jeff Green,Jeff,1610612745,HOU,Houston Rockets,0022401185,2025-04-11T00:00:00,HOU @ LAL,L,21.916666666666668,1.6,9.9,0.167,1.6,9.9,0.167,4.9,6.6,0.75,0.0,4.9,4.9,8.2,0.0,0.0,0.0,0.0,3.3,3.3,9.9,-18.1,28.1,0,0,24.6,1,13222,1,13222,14561,21978,17317,21938,11557,3656,14236,4151,3809,8186,14058,11090,14988,2683,16469,12854,8263,8846,9500,8293,18303,20953,16148,2246,150,17928,1,21:55
2024-25,1641774,Tristan Vukcevic,Tristan,1610612764,WAS,Washington Wizards,0022401176,2025-04-11T00:00:00,WAS @ CHI,L,26.033333333333335,9.7,19.4,0.5,1.4,6.9,0.2,2.8,2.8,1.0,2.8,1.4,4.1,2.8,1.4,0.0,2.8,1.4,4.1,2.8,23.5,-22.1,39.5,0,0,37.3,1,13222,1,13222,11133,3625,3454,8526,12511,8638,13429,8421,10571,1,5934,21123,16946,13699,13387,12854,2002,5251,6698,10086,5122,22104,8046,2246,150,8481,1,26:02
2024-25,1641741,Ricky Council IV,Ricky,1610612755,PHI,Philadelphia 76ers,0022401173,2025-04-11T00:00:00,PHI vs. ATL,L,31.65,3.4,14.8,0.231,1.1,9.1,0.125,3.4,3.4,1.0,1.1,6.8,8.0,4.5,2.3,0.0,0.0,2.3,0.0,2.3,11.4,-5.7,25.5,0,0,25.0,1,13222,1,13222,6279,18512,8929,21157,13729,4671,14886,6872,9063,1,12212,6664,8341,8529,9185,12854,8263,2487,20257,11841,16819,15913,17948,2246,150,17661,1,31:39
2024-25,1641718,Keyonte George,Keyonte,1610612762,UTA,Utah Jazz,0022401181,2025-04-11T00:00:00,UTA vs. OKC,L,30.25,2.4,10.7,0.222,1.2,6.0,0.2,8.3,8.3,1.0,0.0,1.2,1.2,9.5,3.6,1.2,0.0,1.2,1.2,6.0,14.3,-10.7,30.0,0,0,28.6,1,13222,1,13222,7548,20707,15864,21205,13423,10814,13429,1265,2305,1,14058,21536,22950,1693,4838,10259,8263,6334,18586,2691,13631,18188,14802,2246,150,15018,1,30:15
2024-25,1627826,Ivica Zubac,Ivica,1610612746,LAC,LA Clippers,0022401184,2025-04-11T00:00:00,LAC @ SAC,W,35.78333333333333,8.0,10.1,0.8,0.0,0.0,0.0,1.0,1.0,1.0,2.0,9.1,11.1,0.0,1.0,0.0,0.0,0.0,1.0,1.0,17.1,10.1,29.4,1,0,28.2,1,1,13086,1,2834,6534,16943,1688,15070,20945,15070,13225,14209,1,8336,3453,4354,19908,15807,12854,8263,8846,19672,17377,10740,7670,15228,1,150,15316,1,35:47
2024-25,1642419,Jamison Battle,Jamison,1610612761,TOR,Toronto Raptors,0022401178,2025-04-11T00:00:00,TOR @ DAL,L,37.42666666666667,3.8,12.5,0.308,2.9,8.7,0.333,0.0,0.0,0.0,1.0,3.8,4.8,1.0,1.0,1.9,1.0,1.0,1.9,0.0,10.6,-21.2,25.5,0,0,25.0,1,13222,1,13222,1726,17459,12724,19226,6917,5334,9209,13505,14344,13505,13560,14189,15277,19785,16078,6652,7738,8252,15555,17725,17583,21876,17945,2246,150,17670,1,37:26
2024-25,1631218,Trayce Jackson-Davis,Trayce,1610612744,GSW,Golden State Warriors,0022401183,2025-04-11T00:00:00,GSW @ POR,W,3.2,0.0,0.0,0.0,0.0,0.0,0.0,0.0,0.0,0.0,0.0,0.0,0.0,11.3,11.3,11.3,0.0,0.0,0.0,0.0,0.0,-112.5,39.4,0,0,33.8,1,1,13086,1,24893,22635,24836,22635,15070,20945,15070,13505,14344,13505,14058,22137,23286,917,238,87,8263,8846,20257,17725,23200,26205,8151,2246,150,11030,1,3:12
2024-25,1631232,Keion Brooks Jr.,Keion,1610612740,NOP,New Orleans Pelicans,0022401177,2025-04-11T00:00:00,NOP vs. MIA,L,36.36666666666667,4.9,15.8,0.313,1.0,4.9,0.2,3.0,4.0,0.75,2.0,1.0,3.0,1.0,1.0,2.0,1.0,1.0,3.0,2.0,13.9,-55.4,26.8,0,0,24.7,1,13222,1,13222,2428,14549,7365,19175,14602,13312,13429,7895,7921,8186,8476,21984,19809,19705,15910,6341,7539,8005,10852,13160,14090,25574,17070,2246,150,17858,1,36:22
2024-25,1629004,Svi Mykhailiuk,Svi,1610612762,UTA,Utah Jazz,0022401181,2025-04-11T00:00:00,UTA vs. OKC,L,28.066666666666666,12.8,25.7,0.5,6.4,18.0,0.357,2.6,3.8,0.667,2.6,1.3,3.8,3.8,2.6,0.0,0.0,1.3,0.0,3.8,34.6,-14.1,42.5,0,0,48.7,1,13222,1,13222,9490,1093,701,8526,1047,342,9188,8892,8140,9425,6439,21317,17714,10377,7998,12854,8263,5740,20257,6716,1021,19551,6395,2246,150,2908,1,28:04
2024-25,1641744,Zach Edey,Zach,1610612763,MEM,Memphis Grizzlies,0022401180,2025-04-11T00:00:00,MEM @ DEN,L,33.193333333333335,3.3,4.3,0.75,0.0,0.0,0.0,2.2,4.3,0.5,3.3,14.1,17.4,1.1,2.2,1.1,2.2,0.0,4.3,2.2,8.7,2.2,38.7,0,0,33.6,1,13222,1,13222,4994,18876,23897,2107,15070,20945,15070,10054,7131,10625,4835,744,1048,19398,9641,11151,3019,8846,6175,12297,19373,11528,8580,2246,150,11140,1,33:12
2024-25,1629011,Mitchell Robinson,Mitchell,1610612752,NYK,New York Knicks,0022401175,2025-04-11T00:00:00,NYK vs. CLE,L,32.8,3.3,4.4,0.75,0.0,0.0,0.0,2.2,4.4,0.5,5.5,2.2,7.7,2.2,0.0,2.2,1.1,0.0,3.3,3.3,8.8,3.3,31.2,0,0,25.2,1,13222,1,13222,5326,18769,23862,2107,15070,20945,15070,9965,7046,10625,1952,19078,8829,15643,16469,5410,6801,8846,9480,8271,19281,10976,13927,2246,150,17478,1,32:48
2024-25,1631248,Baylor Scheierman,Baylor,1610612738,BOS,Boston Celtics,0022401174,2025-04-11T00:00:00,BOS vs. CHA,W,9.566666666666666,7.5,11.3,0.667,3.8,7.5,0.5,0.0,0.0,0.0,3.8,7.5,11.3,7.5,0.0,3.8,0.0,0.0,7.5,0.0,18.8,60.2,54.9,0,0,48.9,1,1,13086,1,22255,7695,14846,3281,4541,7334,3944,13505,14344,13505,3944,5444,4149,3358,16469,1892,8263,8846,1621,17725,9018,364,1995,2246,150,2852,1,9:34
2024-25,1631323,Simone Fontecchio,Simone,1610612765,DET,Detroit Pistons,0022401171,2025-04-11T00:00:00,DET vs. MIL,L,4.95,7.3,14.5,0.5,7.3,14.5,0.5,0.0,0.0,0.0,0.0,7.3,7.3,0.0,7.3,0.0,0.0,0.0,0.0,0.0,21.8,0.0,23.3,0,0,36.4,1,13222,1,13222,24010,8282,9281,8526,679,790,3944,13505,14344,13505,14058,5868,9619,19908,781,12854,8263,8846,20257,17725,6365,12240,19389,2246,150,9125,1,4:57
2024-25,1627752,Taurean Prince,Taurean,1610612749,MIL,Milwaukee Bucks,0022401171,2025-04-11T00:00:00,MIL @ DET,W,25.088333333333335,4.3,10.0,0.429,4.3,7.2,0.6,1.4,2.9,0.5,0.0,2.9,2.9,0.0,0.0,0.0,1.4,0.0,2.9,1.4,14.3,0.0,22.1,0,0,24.4,1,1,13086,1,11929,16313,16969,13735,3381,8094,2992,11941,10311,10625,14058,17177,20063,19908,16469,12854,5101,8846,11310,15304,13551,12240,20084,2246,150,18084,1,25:05
2024-25,1642277,Johnny Furphy,Johnny,1610612754,IND,Indiana Pacers,0022401172,2025-04-11T00:00:00,IND vs. ORL,L,32.13333333333333,6.7,11.2,0.6,2.2,5.6,0.4,3.4,7.8,0.429,1.1,5.6,6.7,3.4,0.0,1.1,0.0,1.1,3.4,6.7,19.0,-2.2,35.5,0,0,33.6,1,13222,1,13222,5859,9643,15013,5394,9083,11717,7874,6979,2633,13040,12330,9300,10698,11786,16469,10861,8263,6870,9215,1881,8808,14169,10716,2246,150,11153,1,32:08
2024-25,1627780,Gary Payton II,Gary,1610612744,GSW,Golden State Warriors,0022401183,2025-04-11T00:00:00,GSW @ POR,W,14.248333333333333,2.5,5.1,0.5,0.0,0.0,0.0,0.0,0.0,0.0,0.0,7.6,7.6,2.5,7.6,5.1,0.0,0.0,7.6,0.0,5.1,15.2,25.5,0,0,25.3,1,1,13086,1,20059,20410,23429,8526,15070,20945,15070,13505,14344,13505,14058,5356,9004,14450,683,870,8263,8846,1579,17725,21978,5561,17926,2246,150,17461,1,14:15
2024-25,201942,DeMar DeRozan,DeMar,1610612758,SAC,Sacramento Kings,0022401184,2025-04-11T00:00:00,SAC vs. LAC,L,40.07,5.4,18.0,0.3,0.9,4.5,0.2,2.7,3.6,0.75,0.9,1.8,2.7,7.2,0.0,0.0,0.0,0.0,1.8,5.4,14.4,-2.7,28.4,0,0,25.2,1,13222,1,13222,545,13302,4733,19363,14964,14451,13429,8590,8702,8186,13912,20249,20459,3779,16469,12854,8263,8846,16206,3495,13529,14400,15943,2246,150,17557,1,40:04
2024-25,1642346,Ryan Dunn,Ryan,1610612756,PHX,Phoenix Suns,0022401182,2025-04-11T00:00:00,PHX vs. SAS,W,33.965,10.6,22.3,0.476,4.2,11.7,0.364,2.1,2.1,1.0,5.3,6.4,11.7,1.1,0.0,1.1,0.0,1.1,0.0,1.1,27.6,36.0,46.3,1,0,46.6,1,1,13086,1,4299,2627,1705,12010,3500,1993,9100,10229,12352,1,2092,7576,3796,19488,16469,11394,8263,7397,20257,17117,2952,1284,4610,1,150,3613,1,33:58
2024-25,1628998,Cody Martin,Cody,1610612756,PHX,Phoenix Suns,0022401182,2025-04-11T00:00:00,PHX vs. SAS,W,8.85,0.0,8.1,0.0,0.0,0.0,0.0,0.0,0.0,0.0,0.0,12.2,12.2,4.1,4.1,4.1,0.0,0.0,4.1,0.0,0.0,-69.2,28.9,0,0,24.4,1,1,13086,1,22511,22635,20038,22635,15070,20945,15070,13505,14344,13505,14058,1269,3344,9751,3745,1570,8263,8846,6940,17725,23200,25873,15567,2246,150,18070,1,8:51
2024-25,1642263,Reed Sheppard,Reed,1610612745,HOU,Houston Rockets,0022401185,2025-04-11T00:00:00,HOU @ LAL,L,41.13333333333333,4.4,12.3,0.357,3.5,7.0,0.5,0.0,0.0,0.0,0.0,2.6,2.6,4.4,2.6,1.8,0.9,0.0,2.6,0.9,12.3,-23.6,27.2,0,0,28.0,1,13222,1,13222,351,16136,13163,17140,5147,8462,3944,13505,14344,13505,14058,17885,20595,8945,7785,7439,8152,8846,12344,17690,15867,22481,16810,2246,150,15416,1,41:08
2024-25,1631131,Oscar Tshiebwe,Oscar,1610612762,UTA,Utah Jazz,0022401181,2025-04-11T00:00:00,UTA vs. OKC,L,25.116666666666667,7.2,12.9,0.556,0.0,0.0,0.0,0.0,1.4,0.0,7.2,12.9,20.1,0.0,1.4,1.4,0.0,1.4,1.4,1.4,14.3,-21.5,41.3,1,0,37.3,1,13222,1,13222,11895,8541,12036,7248,15070,20945,15070,13505,13558,13505,1078,1048,520,19908,13089,8739,8263,5048,17500,15310,13570,21970,7004,1,150,8532,1,25:07
2024-25,1628436,Luke Kornet,Luke,1610612738,BOS,Boston Celtics,0022401174,2025-04-11T00:00:00,BOS vs. CHA,W,17.716666666666665,6.1,10.2,0.6,0.0,0.0,0.0,4.1,8.1,0.5,4.1,4.1,8.1,4.1,0.0,0.0,0.0,0.0,2.0,4.1,16.3,38.6,32.1,0,0,28.4,1,1,13086,1,17765,11233,16803,5394,15070,20945,15070,5585,2430,10625,3503,13533,8045,9769,16469,12854,8263,8846,14963,6133,11648,1075,13247,2246,150,15111,1,17:43
2024-25,1642367,Jonathan Mogbo,Jonathan,1610612761,TOR,Toronto Raptors,0022401178,2025-04-11T00:00:00,TOR @ DAL,L,37.916666666666664,3.8,15.2,0.25,0.0,1.9,0.0,0.0,0.0,0.0,2.8,4.7,7.6,7.6,2.8,0.9,1.9,3.8,3.8,0.9,7.6,-19.0,33.8,0,0,28.5,1,13222,1,13222,1431,17574,8269,20233,15070,19742,15070,13505,14344,13505,5734,11577,8980,3291,7035,12352,3769,733,7744,17546,20249,21237,11967,2246,150,15079,1,37:55
2024-25,1630658,Colin Castleton,Colin,1610612755,PHI,Philadelphia 76ers,0022401173,2025-04-11T00:00:00,PHI vs. ATL,L,25.083333333333332,8.6,10.0,0.857,0.0,0.0,0.0,5.7,7.2,0.8,7.2,4.3,11.5,0.0,1.4,1.4,0.0,0.0,4.3,5.7,23.0,-18.7,39.6,0,0,37.3,1,13222,1,13222,11930,5417,16959,1412,15070,20945,15070,3147,3188,7681,1074,12785,3976,19908,13079,8729,8263,8846,6269,2991,5513,21119,8012,2246,150,8497,1,25:05
2024-25,1641721,Maxwell Lewis,Maxwell,1610612751,BKN,Brooklyn Nets,0022401179,2025-04-11T00:00:00,BKN @ MIN,L,7.383333333333334,0.0,0.0,0.0,0.0,0.0,0.0,0.0,0.0,0.0,0.0,4.9,4.9,0.0,0.0,0.0,0.0,0.0,4.9,0.0,0.0,-53.6,5.9,0,0,4.9,1,13222,1,13222,23034,22635,24836,22635,15070,20945,15070,13505,14344,13505,14058,11219,15122,19908,16469,12854,8263,8846,4888,17725,23200,25528,24933,2246,150,25117,1,7:23
2024-25,1641739,Toumani Camara,Toumani,1610612757,POR,Portland Trail Blazers,0022401183,2025-04-11T00:00:00,POR vs. GSW,L,33.13333333333333,4.3,14.1,0.308,1.1,5.4,0.2,1.1,2.2,0.5,0.0,4.3,4.3,3.3,0.0,2.2,0.0,1.1,2.2,3.3,10.9,-8.7,27.5,0,0,23.9,1,13222,1,13222,5043,16212,9961,19226,14027,12131,13429,12947,12173,10625,14058,12659,16415,12117,16469,5497,8263,7175,14229,8380,17303,17281,16592,2246,150,18398,1,33:08
2024-25,1641871,Duop Reath,Duop,1610612757,POR,Portland Trail Blazers,0022401183,2025-04-11T00:00:00,POR vs. GSW,L,5.933333333333334,0.0,12.1,0.0,0.0,6.1,0.0,0.0,0.0,0.0,6.1,12.1,18.2,0.0,0.0,0.0,0.0,6.1,0.0,0.0,0.0,-6.1,21.8,0,0,18.2,1,13222,1,13222,23619,22635,13345,22635,15070,10518,15070,13505,14344,13505,1578,1295,853,19908,16469,12854,8263,214,20257,17725,23200,16091,20235,2246,150,21768,1,5:56
2024-25,1642402,Enrique Freeman,Enrique,1610612754,IND,Indiana Pacers,0022401172,2025-04-11T00:00:00,IND vs. ORL,L,10.566666666666666,6.8,13.6,0.5,0.0,3.4,0.0,0.0,0.0,0.0,10.2,0.0,10.2,0.0,0.0,0.0,0.0,0.0,6.8,0.0,13.6,17.0,25.9,0,0,23.8,1,13222,1,13222,21884,9387,10779,8526,15070,16854,15070,13505,14344,13505,371,22137,5206,19908,16469,12854,8263,8846,2129,17725,14355,4892,17688,2246,150,18435,1,10:34
2024-25,1630288,Jeff Dowtin Jr.,Jeff,1610612755,PHI,Philadelphia 76ers,0022401173,2025-04-11T00:00:00,PHI vs. ATL,L,29.683333333333334,1.2,13.3,0.091,0.0,2.4,0.0,0.0,0.0,0.0,0.0,0.0,0.0,3.6,0.0,0.0,0.0,2.4,1.2,2.4,2.4,-10.9,7.9,0,0,6.1,1,13222,1,13222,8057,22481,11227,22599,15070,18755,15070,13505,14344,13505,14058,22137,23286,10971,16469,12854,8263,2165,18459,11244,23086,18284,24711,2246,150,24999,1,29:41
2024-25,1626166,Cameron Payne,Cameron,1610612752,NYK,New York Knicks,0022401175,2025-04-11T00:00:00,NYK vs. CLE,L,11.716666666666667,0.0,15.4,0.0,0.0,3.1,0.0,0.0,0.0,0.0,0.0,0.0,0.0,0.0,3.1,3.1,0.0,3.1,0.0,0.0,0.0,0.0,6.1,0,0,6.1,1,13222,1,13222,21409,22635,8015,22635,15070,17501,15070,13505,14344,13505,14058,22137,23286,19908,6211,2993,8263,1260,20257,17725,23200,12240,24900,2246,150,24994,1,11:43
2024-25,1630702,Jaden Hardy,Jaden,1610612742,DAL,Dallas Mavericks,0022401178,2025-04-11T00:00:00,DAL vs. TOR,W,7.516666666666667,4.8,14.4,0.333,4.8,14.4,0.333,0.0,0.0,0.0,0.0,0.0,0.0,4.8,0.0,0.0,0.0,0.0,0.0,0.0,14.4,-14.4,21.6,0,0,23.9,1,1,13086,1,22990,14976,9578,17395,2578,837,9209,13505,14344,13505,14058,22137,23286,7944,16469,12854,8263,8846,20257,17725,13536,19640,20381,2246,150,18367,1,7:31
2024-25,1641727,Dariq Whitehead,Dariq,1610612751,BKN,Brooklyn Nets,0022401179,2025-04-11T00:00:00,BKN @ MIN,L,21.05,3.4,8.6,0.4,3.4,6.8,0.5,0.0,0.0,0.0,0.0,3.4,3.4,1.7,0.0,0.0,0.0,0.0,5.1,0.0,10.3,-17.1,16.9,0,0,18.8,1,13222,1,13222,15255,18498,19422,14933,5336,8800,3944,13505,14344,13505,14058,15464,18737,17334,16469,12854,8263,8846,4317,17725,17894,20663,22519,2246,150,21477,1,21:03
2024-25,1631311,Lester Quinones,Lester,1610612740,NOP,New Orleans Pelicans,0022401177,2025-04-11T00:00:00,NOP vs. MIA,L,28.816666666666666,3.7,11.2,0.333,2.5,7.5,0.333,1.2,2.5,0.5,0.0,1.2,1.2,3.7,2.5,1.2,1.2,0.0,2.5,2.5,11.2,-7.5,23.4,0,0,23.7,1,13222,1,13222,8827,17715,14952,17395,8151,7419,9209,12453,11210,10625,14058,21401,22881,10654,8248,9805,5900,8846,12801,10993,16959,16734,19336,2246,150,18500,1,28:49
2024-25,1631230,Dominick Barlow,Dominick,1610612737,ATL,Atlanta Hawks,0022401173,2025-04-11T00:00:00,ATL @ PHI,W,1.5166666666666666,0.0,0.0,0.0,0.0,0.0,0.0,0.0,0.0,0.0,0.0,23.7,23.7,0.0,0.0,0.0,0.0,0.0,0.0,0.0,0.0,23.7,28.5,0,0,23.7,1,1,13086,1,25778,22635,24836,22635,15070,20945,15070,13505,14344,13505,14058,91,230,19908,16469,12854,8263,8846,20257,17725,23200,3083,15885,2246,150,18500,1,1:31
2024-25,1629731,Dean Wade,Dean,1610612739,CLE,Cleveland Cavaliers,0022401175,2025-04-11T00:00:00,CLE @ NYK,W,26.703333333333333,0.0,2.7,0.0,0.0,1.3,0.0,1.3,2.7,0.5,0.0,2.7,2.7,0.0,1.3,0.0,0.0,0.0,2.7,1.3,1.3,2.7,3.2,0,0,4.0,1,1,13086,1,10564,22635,24587,22635,15070,20440,15070,12175,10758,10625,14058,17711,20457,19908,13581,12854,8263,8846,12059,15689,23190,11264,25118,2246,150,25181,1,26:42
2024-25,1631127,Harrison Ingram,Harrison,1610612759,SAS,San Antonio Spurs,0022401182,2025-04-11T00:00:00,SAS @ PHX,L,13.366666666666667,2.7,2.7,1.0,0.0,0.0,0.0,0.0,0.0,0.0,0.0,5.4,5.4,2.7,0.0,2.7,0.0,0.0,0.0,0.0,5.4,2.7,24.0,0,0,18.9,1,13222,1,13222,20556,20102,24589,1,15070,20945,15070,13505,14344,13505,14058,9816,13840,13928,16469,3926,8263,8846,20257,17725,21804,11267,18972,2246,150,21454,1,13:22
2024-25,1630172,Patrick Williams,Patrick,1610612741,CHI,Chicago Bulls,0022401176,2025-04-11T00:00:00,CHI vs. WAS,W,23.45,3.1,10.7,0.286,1.5,6.1,0.25,0.0,0.0,0.0,1.5,3.1,4.6,1.5,0.0,1.5,0.0,0.0,4.6,1.5,7.7,10.7,20.1,0,0,18.4,1,1,13086,1,13346,19279,15783,19630,11911,10343,11902,13505,14344,13505,10171,16491,15796,17853,16469,8253,8263,8846,5524,14852,20178,7342,21106,2246,150,21662,1,23:27
2024-25,202066,Garrett Temple,Garrett,1610612761,TOR,Toronto Raptors,0022401178,2025-04-11T00:00:00,TOR @ DAL,L,33.44,5.4,12.9,0.417,0.0,5.4,0.0,2.2,2.2,1.0,4.3,1.1,5.4,3.2,0.0,1.1,0.0,1.1,0.0,1.1,12.9,-15.1,27.5,0,0,23.7,1,13222,1,13222,4781,13317,12003,14532,15070,12248,15070,10117,12244,1,3155,21812,13850,12197,16469,11223,8263,7258,20257,17020,15179,19932,16629,2246,150,18549,1,33:26
2024-25,1630611,Gui Santos,Gui,1610612744,GSW,Golden State Warriors,0022401183,2025-04-11T00:00:00,GSW @ POR,W,5.416666666666667,0.0,0.0,0.0,0.0,0.0,0.0,0.0,0.0,0.0,0.0,0.0,0.0,6.6,13.3,0.0,0.0,0.0,13.3,0.0,0.0,-13.3,-3.3,0,0,6.6,1,1,13086,1,23816,22635,24836,22635,15070,20945,15070,13505,14344,13505,14058,22137,23286,4510,150,12854,8263,8846,318,17725,23200,19223,26161,2246,150,24932,1,5:25
2024-25,1629216,Gabe Vincent,Gabe,1610612747,LAL,Los Angeles Lakers,0022401185,2025-04-11T00:00:00,LAL vs. HOU,W,21.34,0.0,5.1,0.0,0.0,5.1,0.0,0.0,0.0,0.0,0.0,1.7,1.7,1.7,0.0,1.7,0.0,0.0,1.7,0.0,0.0,42.2,9.6,0,0,6.7,1,1,13086,1,15043,22635,23418,22635,15070,13046,15070,13505,14344,13505,14058,20493,22320,17407,16469,7659,8263,8846,16576,17725,23200,826,24482,2246,150,24919,1,21:20
2024-25,1629675,Naz Reid,Naz,1610612750,MIN,Minnesota Timberwolves,0022401179,2025-04-11T00:00:00,MIN vs. BKN,W,26.283333333333335,4.1,8.2,0.5,1.4,4.1,0.333,0.0,0.0,0.0,2.7,4.1,6.8,2.7,0.0,0.0,1.4,0.0,0.0,0.0,9.6,9.6,26.0,0,0,23.3,1,1,13086,1,10915,16826,19917,8526,12561,15323,9209,13505,14344,13505,6011,13393,10431,13791,16469,12854,5363,8846,20257,17725,18552,7901,17605,2246,150,18813,1,26:17
2024-25,1629098,Jack McVeigh,Jack,1610612745,HOU,Houston Rockets,0022401185,2025-04-11T00:00:00,HOU @ LAL,L,12.0,0.0,12.0,0.0,0.0,9.0,0.0,0.0,0.0,0.0,3.0,0.0,3.0,0.0,3.0,0.0,3.0,0.0,3.0,0.0,0.0,-33.0,9.6,0,0,9.0,1,13222,1,13222,21228,22635,13575,22635,15070,4827,15070,13505,14344,13505,5329,22137,19729,19908,6468,12854,1691,8846,10710,17725,23200,24165,24484,2246,150,24606,1,12:00
2024-25,1629008,Michael Porter Jr.,Michael,1610612743,DEN,Denver Nuggets,0022401180,2025-04-11T00:00:00,DEN vs. MEM,W,29.535,2.4,9.8,0.25,0.0,2.4,0.0,3.7,4.9,0.75,3.7,11.0,14.6,0.0,1.2,0.0,0.0,0.0,2.4,2.4,8.5,-11.0,24.9,0,0,23.2,1,1,13086,1,8193,20580,17470,20233,15070,18736,15070,6374,6160,8186,4111,1920,1950,19908,14301,12854,8263,8846,13046,11206,19491,18306,18380,2246,150,18885,1,29:32
2024-25,1630183,Jaden McDaniels,Jaden,1610612750,MIN,Minnesota Timberwolves,0022401179,2025-04-11T00:00:00,MIN vs. BKN,W,27.756666666666668,6.5,15.6,0.417,0.0,3.9,0.0,1.3,1.3,1.0,0.0,3.9,3.9,2.6,2.6,0.0,1.3,0.0,0.0,2.6,14.3,14.3,24.1,0,0,23.3,1,1,13086,1,9752,10223,7741,14532,15070,15820,15070,12310,13733,1,14058,14057,17595,14232,7904,12854,5663,8846,20257,10666,13645,5901,18857,2246,150,18775,1,27:45
2024-25,1629162,Jordan McLaughlin,Jordan,1610612759,SAS,San Antonio Spurs,0022401182,2025-04-11T00:00:00,SAS @ PHX,L,24.7,0.0,7.3,0.0,0.0,5.8,0.0,0.0,0.0,0.0,0.0,1.5,1.5,4.4,2.9,1.5,0.0,0.0,1.5,1.5,0.0,-20.4,9.8,0,0,8.7,1,13222,1,13222,12272,22635,21226,22635,15070,11132,15070,13505,14344,13505,14058,20972,22625,8954,6785,8592,8263,8846,17411,15200,23200,21676,24456,2246,150,24647,1,24:42
2024-25,1641732,Colby Jones,Colby,1610612764,WAS,Washington Wizards,0022401176,2025-04-11T00:00:00,WAS @ CHI,L,32.0,1.1,5.6,0.2,0.0,2.3,0.0,1.1,2.3,0.5,1.1,6.8,7.9,5.6,1.1,1.1,0.0,1.1,1.1,2.3,3.4,-15.8,23.5,0,0,19.1,1,13222,1,13222,5961,22560,22968,21401,15070,19084,15070,12838,11933,10625,12295,6787,8513,6197,14975,10822,8263,6837,18962,11936,22820,20174,19253,2246,150,21331,1,32:00
2024-25,1631321,Sidy Cissoko,Sidy,1610612757,POR,Portland Trail Blazers,0022401183,2025-04-11T00:00:00,POR vs. GSW,L,24.55,1.5,7.3,0.2,0.0,2.9,0.0,1.5,2.9,0.5,2.9,8.8,11.7,7.3,8.8,0.0,0.0,1.5,4.4,2.9,4.4,4.4,20.7,0,0,23.5,1,13222,1,13222,12423,22211,21164,21401,15070,17795,15070,11854,10134,10625,5501,3726,3728,3585,450,12854,8263,4904,6019,9480,22347,10429,20854,2246,150,18690,1,24:33
2024-25,1629234,Drew Eubanks,Drew,1610612746,LAC,LA Clippers,0022401184,2025-04-11T00:00:00,LAC @ SAC,W,1.95,0.0,0.0,0.0,0.0,0.0,0.0,0.0,0.0,0.0,0.0,0.0,0.0,18.5,18.5,0.0,0.0,0.0,36.9,0.0,0.0,-73.8,9.2,0,0,18.5,1,1,13086,1,25490,22635,24836,22635,15070,20945,15070,13505,14344,13505,14058,22137,23286,123,69,12854,8263,8846,21,17725,23200,25939,24537,2246,150,21644,1,1:57
2024-25,1631246,Vince Williams Jr.,Vince,1610612763,MEM,Memphis Grizzlies,0022401180,2025-04-11T00:00:00,MEM @ DEN,L,15.316666666666666,2.4,11.8,0.2,0.0,9.4,0.0,0.0,0.0,0.0,0.0,7.1,7.1,2.4,4.7,2.4,2.4,0.0,7.1,0.0,4.7,11.8,26.1,0,0,23.5,1,13222,1,13222,19361,20757,14024,21401,15070,4255,15070,13505,14344,13505,14058,6275,10055,15054,2716,4867,2644,8846,1944,17725,22188,6910,17562,2246,150,18671,1,15:19
2024-25,1630625,Dalano Banton,Dalano,1610612757,POR,Portland Trail Blazers,0022401183,2025-04-11T00:00:00,POR vs. GSW,L,30.55,1.2,14.1,0.083,0.0,5.9,0.0,1.2,1.2,1.0,0.0,4.7,4.7,7.1,8.2,0.0,1.2,1.2,1.2,2.4,3.5,-34.2,15.1,0,0,17.7,1,13222,1,13222,7274,22512,9938,22617,15070,10960,15070,12669,13924,1,14058,11664,15520,3927,542,12854,6308,6411,18662,11509,22760,24329,23152,2246,150,21995,1,30:33
2024-25,1630590,Scotty Pippen Jr.,Scotty,1610612763,MEM,Memphis Grizzlies,0022401180,2025-04-11T00:00:00,MEM @ DEN,L,31.333333333333332,3.4,11.5,0.3,2.3,5.7,0.4,3.4,4.6,0.75,1.1,0.0,1.1,8.0,0.0,0.0,0.0,0.0,4.6,4.6,12.6,-19.5,26.1,0,0,24.1,1,13222,1,13222,6570,18439,14490,19363,8855,11343,7874,6801,6662,8186,12114,22137,23012,2846,16469,12854,8263,8846,5548,4953,15451,21409,17565,2246,150,18246,1,31:20
2024-25,1628989,Kevin Huerter,Kevin,1610612741,CHI,Chicago Bulls,0022401176,2025-04-11T00:00:00,CHI vs. WAS,W,30.816666666666666,3.5,10.5,0.333,1.2,7.0,0.167,0.0,0.0,0.0,0.0,4.7,4.7,7.0,2.3,2.3,0.0,0.0,2.3,0.0,8.2,14.0,29.0,0,0,25.7,1,1,13086,1,7026,18318,16195,17395,13547,8449,14236,13505,14344,13505,14058,11794,15639,4001,8919,4911,8263,8846,13499,17725,19768,6000,15506,2246,150,17142,1,30:49
2024-25,202685,Jonas Valančiūnas,Jonas,1610612758,SAC,Sacramento Kings,0022401184,2025-04-11T00:00:00,SAC vs. LAC,L,10.185,10.6,17.7,0.6,0.0,0.0,0.0,10.6,10.6,1.0,0.0,10.6,10.6,3.5,7.1,0.0,0.0,0.0,10.6,14.1,31.8,14.1,42.8,0,0,45.9,1,13222,1,13222,22038,2620,5044,5394,15070,20945,15070,549,1151,1,14058,2150,4808,11290,860,12854,8263,8846,598,120,1571,5961,6237,2246,150,3839,1,10:11
2024-25,1630623,Tyson Etienne,Tyson,1610612751,BKN,Brooklyn Nets,0022401179,2025-04-11T00:00:00,BKN @ MIN,L,11.235,3.2,12.8,0.25,3.2,12.8,0.25,0.0,0.0,0.0,3.2,0.0,3.2,0.0,6.4,0.0,0.0,0.0,6.4,3.2,9.6,-64.1,7.0,0,0,16.0,1,13222,1,13222,21609,18989,12178,20233,5944,1384,11902,13505,14344,13505,4935,22137,19224,19908,1176,12854,8263,8846,2485,8550,18532,25770,24814,2246,150,22695,1,11:14
2024-25,1641842,Ronald Holland II,Ronald,1610612765,DET,Detroit Pistons,0022401171,2025-04-11T00:00:00,DET vs. MIL,L,13.478333333333333,0.0,13.4,0.0,0.0,2.7,0.0,0.0,0.0,0.0,0.0,8.0,8.0,2.7,2.7,0.0,2.7,2.7,2.7,0.0,0.0,-18.7,19.0,0,0,16.0,1,13222,1,13222,20506,22635,11208,22635,15070,18312,15070,13505,14344,13505,14058,4687,8244,13985,7617,12854,2122,1783,12162,17725,23200,21138,21659,2246,150,22694,1,13:29
2024-25,203471,Dennis Schröder,Dennis,1610612765,DET,Detroit Pistons,0022401171,2025-04-11T00:00:00,DET vs. MIL,L,27.841666666666665,6.5,12.9,0.5,2.6,3.9,0.667,0.0,0.0,0.0,1.3,2.6,3.9,10.3,2.6,0.0,0.0,2.6,3.9,3.9,15.5,-3.9,33.1,0,0,32.3,1,13222,1,13222,9680,10277,11981,8526,7877,15850,1957,13505,14344,13505,11229,17981,17630,1260,7930,12854,8263,1897,7516,6628,12405,14995,12513,2246,150,12126,1,27:51
2024-25,1629610,DaQuan Jeffries,DaQuan,1610612766,CHA,Charlotte Hornets,0022401174,2025-04-11T00:00:00,CHA @ BOS,L,31.433333333333334,3.4,6.9,0.5,1.1,3.4,0.333,0.0,0.0,0.0,0.0,1.1,1.1,1.1,0.0,0.0,2.3,0.0,0.0,0.0,8.0,-28.6,18.0,0,0,16.0,1,13222,1,13222,6467,18464,21710,8526,13677,16799,9209,13505,14344,13505,14058,21647,23018,19209,16469,12854,2766,8846,20257,17725,19909,23530,22102,2246,150,22693,1,31:26
2024-25,1641854,Craig Porter Jr.,Craig,1610612739,CLE,Cleveland Cavaliers,0022401175,2025-04-11T00:00:00,CLE @ NYK,W,21.166666666666668,6.8,8.5,0.8,0.0,0.0,0.0,5.1,5.1,1.0,5.1,3.4,8.5,1.7,3.4,1.7,0.0,0.0,3.4,3.4,18.7,-22.1,33.2,0,0,32.3,1,1,13086,1,15170,9410,19486,1688,15070,20945,15070,3883,5751,1,2285,15517,7465,17362,5227,7604,8263,8846,9074,7948,9116,22099,12459,2246,150,12134,1,21:10
2024-25,1631099,Keegan Murray,Keegan,1610612758,SAC,Sacramento Kings,0022401184,2025-04-11T00:00:00,SAC vs. LAC,L,31.9,3.4,10.2,0.333,1.1,6.8,0.167,2.3,2.3,1.0,3.4,5.6,9.0,1.1,1.1,2.3,0.0,0.0,1.1,1.1,10.2,7.9,28.3,0,0,26.0,1,13222,1,13222,6062,18570,16807,17395,13777,8956,14236,9764,11912,1,4569,9184,6688,19263,14948,5194,8263,8846,18937,16778,17999,8686,15973,2246,150,16971,1,31:54
2024-25,203078,Bradley Beal,Bradley,1610612756,PHX,Phoenix Suns,0022401182,2025-04-11T00:00:00,PHX vs. SAS,W,28.416666666666668,10.1,16.5,0.615,6.3,11.4,0.556,0.0,0.0,0.0,0.0,5.1,5.1,7.6,0.0,0.0,0.0,0.0,1.3,1.3,26.6,40.5,44.1,0,0,45.6,1,1,13086,1,9198,3077,6467,5246,1096,2175,3747,13505,14344,13505,14058,10674,14614,3284,16469,12854,8263,8846,18186,16048,3384,950,5623,2246,150,3969,1,28:25
2024-25,1629060,Rui Hachimura,Rui,1610612747,LAL,Los Angeles Lakers,0022401185,2025-04-11T00:00:00,LAL vs. HOU,W,31.983333333333334,6.8,9.0,0.75,1.1,2.3,0.5,3.4,4.5,0.75,0.0,5.6,5.6,1.1,0.0,0.0,0.0,0.0,2.3,3.4,18.0,16.9,26.5,0,0,25.9,1,1,13086,1,5982,9552,18706,2107,13800,19081,3944,6943,6835,8186,14058,9236,13218,19272,16469,12854,8263,8846,13875,8027,9825,4948,17320,2246,150,17015,1,31:59
2024-25,1629003,Shake Milton,Shake,1610612747,LAL,Los Angeles Lakers,0022401185,2025-04-11T00:00:00,LAL vs. HOU,W,3.95,9.1,18.2,0.5,0.0,0.0,0.0,0.0,0.0,0.0,0.0,9.1,9.1,0.0,0.0,9.1,0.0,9.1,0.0,0.0,18.2,72.9,56.5,0,0,45.6,1,1,13086,1,24514,4503,4428,8526,15070,20945,15070,13505,14344,13505,14058,3392,6567,19908,16469,140,8263,83,20257,17725,9597,217,1727,2246,150,3995,1,3:57
2024-25,1629026,Kenrich Williams,Kenrich,1610612760,OKC,Oklahoma City Thunder,0022401181,2025-04-11T00:00:00,OKC @ UTA,W,29.276666666666667,9.8,17.2,0.571,1.2,3.7,0.333,1.2,2.5,0.5,2.5,6.1,8.6,6.1,1.2,3.7,0.0,0.0,1.2,2.5,22.1,29.5,51.5,0,0,45.5,1,1,13086,1,8424,3421,5560,6538,13211,16245,9209,12503,11320,10625,6752,8005,7299,5248,14235,1982,8263,8846,18381,11134,6110,2029,2833,2246,150,4017,1,29:17
2024-25,1628418,Thomas Bryant,Thomas,1610612754,IND,Indiana Pacers,0022401172,2025-04-11T00:00:00,IND vs. ORL,L,19.8,5.5,10.9,0.5,3.6,7.3,0.5,3.6,3.6,1.0,0.0,3.6,3.6,1.8,1.8,1.8,7.3,0.0,1.8,1.8,18.2,-41.8,50.7,0,0,45.5,1,13222,1,13222,16175,13126,15520,8526,4834,7883,3944,6413,8612,1,14058,14828,18235,17030,11460,7169,186,8846,16093,13860,9642,24964,3065,2246,150,4039,1,19:48
2024-25,1631104,Blake Wesley,Blake,1610612759,SAS,San Antonio Spurs,0022401182,2025-04-11T00:00:00,SAS @ PHX,L,30.5,3.5,9.4,0.375,0.0,0.0,0.0,1.2,3.5,0.333,0.0,3.5,3.5,4.7,2.4,0.0,0.0,1.2,1.2,2.4,8.3,-10.6,17.2,0,0,16.5,1,13222,1,13222,7321,18228,18054,16299,15070,20945,15070,12666,8810,13132,14058,15112,18467,8129,8812,12854,8263,6400,18654,11494,19687,18152,22395,2246,150,22497,1,30:30
2024-25,1641736,Reece Beekman,Reece,1610612751,BKN,Brooklyn Nets,0022401179,2025-04-11T00:00:00,BKN @ MIN,L,31.983333333333334,4.5,7.9,0.571,1.1,2.3,0.5,2.3,2.3,1.0,1.1,1.1,2.3,3.4,0.0,3.4,0.0,1.1,4.5,1.1,12.4,-12.4,30.3,0,0,25.9,1,13222,1,13222,5982,15776,20439,6538,13800,19081,3944,9778,11931,1,12291,21697,21315,11750,16469,2429,8263,6830,5774,16798,15738,18890,14601,2246,150,17015,1,31:59
2024-25,1631111,Wendell Moore Jr.,Wendell,1610612766,CHA,Charlotte Hornets,0022401174,2025-04-11T00:00:00,CHA @ BOS,L,10.816666666666666,0.0,3.3,0.0,0.0,3.3,0.0,0.0,0.0,0.0,0.0,3.3,3.3,6.7,6.7,3.3,0.0,0.0,0.0,0.0,0.0,-79.9,17.3,0,0,16.6,1,13222,1,13222,21789,22635,24379,22635,15070,17003,15070,13505,14344,13505,14058,15699,18919,4491,1051,2505,8263,8846,20257,17725,23200,25999,22370,2246,150,22452,1,10:49
2024-25,1627814,Damion Lee,Damion,1610612756,PHX,Phoenix Suns,0022401182,2025-04-11T00:00:00,PHX vs. SAS,W,3.183333333333333,0.0,0.0,0.0,0.0,0.0,0.0,0.0,0.0,0.0,11.3,0.0,11.3,11.3,0.0,11.3,0.0,0.0,0.0,0.0,0.0,11.3,64.5,0,0,45.2,1,1,13086,1,24904,22635,24836,22635,15070,20945,15070,13505,14344,13505,287,22137,4123,892,16469,84,8263,8846,20257,17725,23200,7089,742,2246,150,4137,1,3:11
2024-25,1642349,Ajay Mitchell,Ajay,1610612760,OKC,Oklahoma City Thunder,0022401181,2025-04-11T00:00:00,OKC @ UTA,W,17.916666666666668,8.0,16.1,0.5,0.0,4.0,0.0,2.0,4.0,0.5,0.0,0.0,0.0,10.0,0.0,2.0,0.0,0.0,10.0,4.0,18.1,22.1,39.2,0,0,32.1,1,1,13086,1,17625,6560,7014,8526,15070,15537,15070,10614,7804,10625,14058,22137,23286,1409,16469,6210,8263,8846,692,6256,9753,3433,8284,2246,150,12263,1,17:55
2024-25,1630551,Justin Champagnie,Justin,1610612764,WAS,Washington Wizards,0022401176,2025-04-11T00:00:00,WAS @ CHI,L,38.233333333333334,8.5,14.1,0.6,2.8,6.6,0.429,0.9,1.9,0.5,2.8,10.4,13.2,0.9,2.8,2.8,0.9,0.0,1.9,0.9,20.7,-16.9,46.4,1,0,45.2,1,13222,1,13222,1252,5662,9964,5394,7139,9338,7394,13394,13021,10625,5794,2318,2677,19813,7126,3622,7886,8846,15774,17568,7304,20599,4570,1,150,4160,1,38:14
2024-25,1629611,Terance Mann,Terance,1610612737,ATL,Atlanta Hawks,0022401173,2025-04-11T00:00:00,ATL @ PHI,W,19.333333333333332,3.7,13.0,0.286,1.9,5.6,0.333,0.0,0.0,0.0,1.9,1.9,3.7,1.9,0.0,0.0,0.0,0.0,1.9,0.0,9.3,11.2,16.6,0,0,16.8,1,1,13086,1,16552,17764,11797,19630,10817,11756,9209,13505,14344,13505,8981,20072,18004,16885,16469,12854,8263,8846,15878,17725,18800,7151,22631,2246,150,22403,1,19:20
2024-25,203944,Julius Randle,Julius,1610612750,MIN,Minnesota Timberwolves,0022401179,2025-04-11T00:00:00,MIN vs. BKN,W,29.526666666666667,9.8,13.4,0.727,6.1,7.3,0.833,0.0,0.0,0.0,1.2,3.7,4.9,3.7,3.7,2.4,0.0,0.0,2.4,1.2,25.6,25.6,40.6,0,0,45.1,1,1,13086,1,8204,3532,11136,2666,1238,7791,1341,13505,14344,13505,11667,14767,15118,10917,4661,4566,8263,8846,13041,16301,3878,2693,7395,2246,150,4218,1,29:32
2024-25,203110,Draymond Green,Draymond,1610612744,GSW,Golden State Warriors,0022401183,2025-04-11T00:00:00,GSW @ POR,W,29.2,1.2,7.4,0.167,1.2,6.2,0.2,0.0,0.0,0.0,0.0,8.6,8.6,6.2,2.5,4.9,1.2,0.0,2.5,0.0,3.7,16.0,39.3,0,0,32.1,1,1,13086,1,8496,22465,21073,21938,13185,10284,13429,13505,14344,13505,14058,3902,7261,5228,8379,932,5980,8846,12925,17725,22689,5239,8184,2246,150,12340,1,29:12
2024-25,1630592,Jalen Wilson,Jalen,1610612751,BKN,Brooklyn Nets,0022401179,2025-04-11T00:00:00,BKN @ MIN,L,35.20666666666666,5.1,12.3,0.417,4.1,8.2,0.5,0.0,0.0,0.0,2.0,7.2,9.2,3.1,0.0,0.0,1.0,0.0,3.1,1.0,14.3,-8.2,33.0,0,0,32.7,1,13222,1,13222,3313,14048,13139,14532,3809,6120,3944,13505,14344,13505,8184,6081,6445,12700,16469,12854,7330,8846,10402,17304,13590,17046,12572,2246,150,11864,1,35:12
2024-25,1629674,Neemias Queta,Neemias,1610612738,BOS,Boston Celtics,0022401174,2025-04-11T00:00:00,BOS vs. CHA,W,12.0,9.0,9.0,1.0,0.0,0.0,0.0,3.0,3.0,1.0,0.0,3.0,3.0,3.0,0.0,0.0,9.0,0.0,3.0,6.0,21.0,60.0,56.1,0,0,45.0,1,1,13086,1,21228,4700,18708,1,15070,20945,15070,7799,9972,1,14058,16717,19729,12925,16469,12854,97,8846,10710,2615,7080,368,1789,2246,150,4259,1,12:00
2024-25,1629006,Josh Okogie,Josh,1610612766,CHA,Charlotte Hornets,0022401174,2025-04-11T00:00:00,CHA @ BOS,L,21.7,5.0,16.6,0.3,3.3,10.0,0.333,3.3,6.6,0.5,1.7,6.6,8.3,3.3,1.7,1.7,1.7,1.7,3.3,3.3,16.6,-16.6,39.8,0,0,38.2,1,13222,1,13222,14753,14462,6317,19363,5605,3541,9209,7070,3723,10625,9721,7025,7777,11921,12097,7773,4400,4258,9391,8200,11296,20475,7869,2246,150,7926,1,21:42
2024-25,1628988,Aaron Holiday,Aaron,1610612745,HOU,Houston Rockets,0022401185,2025-04-11T00:00:00,HOU @ LAL,L,23.7,6.1,10.6,0.571,3.0,7.6,0.4,1.5,1.5,1.0,0.0,3.0,3.0,6.1,3.0,0.0,1.5,0.0,1.5,4.6,16.7,-24.3,31.0,0,0,31.9,1,13222,1,13222,13150,11289,15996,6538,6377,7192,7874,11755,13467,1,14058,16594,19611,5355,6319,12854,4781,8846,17147,5029,11161,22644,14067,2246,150,12461,1,23:42
2024-25,1641709,Ausar Thompson,Ausar,1610612765,DET,Detroit Pistons,0022401171,2025-04-11T00:00:00,DET vs. MIL,L,26.81,5.4,12.1,0.444,0.0,2.7,0.0,4.0,5.4,0.75,1.3,8.1,9.4,1.3,0.0,0.0,0.0,1.3,2.7,2.7,14.8,-6.7,28.1,0,0,25.5,1,13222,1,13222,10486,13343,13447,13045,15070,18287,15070,5652,5353,8186,11002,4623,6186,18530,16469,12854,8263,5435,12098,10356,13143,16385,16171,2246,150,17271,1,26:49
2024-25,1630194,Paul Reed,Paul,1610612765,DET,Detroit Pistons,0022401171,2025-04-11T00:00:00,DET vs. MIL,L,9.366666666666667,3.8,3.8,1.0,0.0,0.0,0.0,0.0,0.0,0.0,0.0,7.7,7.7,0.0,0.0,0.0,11.5,0.0,7.7,0.0,7.7,-19.2,51.5,0,0,38.4,1,13222,1,13222,22327,17468,24165,1,15070,20945,15070,13505,14344,13505,14058,5178,8819,19908,16469,12854,47,8846,1513,17725,20170,21311,2838,2246,150,7745,1,9:22
2024-25,1629111,Jock Landale,Jock,1610612745,HOU,Houston Rockets,0022401185,2025-04-11T00:00:00,HOU @ LAL,L,24.5,4.4,7.3,0.6,1.5,1.5,1.0,1.5,2.9,0.5,1.5,5.9,7.3,0.0,2.9,2.9,0.0,0.0,5.9,4.4,11.8,0.0,26.4,0,0,26.4,1,13222,1,13222,12473,16046,21144,5394,12167,20300,1,11850,10115,10625,10441,8597,9478,19908,6678,3299,8263,8846,3104,5329,16392,12240,17321,2246,150,16577,1,24:30
2024-25,1629645,Kevin Porter Jr.,Kevin,1610612749,MIL,Milwaukee Bucks,0022401171,2025-04-11T00:00:00,MIL @ DET,W,30.916666666666668,5.8,14.0,0.417,2.3,4.7,0.5,4.7,7.0,0.667,1.2,3.5,4.7,8.2,2.3,2.3,0.0,3.5,3.5,3.5,18.6,-3.5,41.1,0,0,38.4,1,1,13086,1,6943,12044,10209,14532,8744,14059,3944,4578,3374,9425,12022,15254,15677,2738,8950,4940,8263,919,8768,7679,9177,14793,7115,2246,150,7755,1,30:55
2024-25,1630188,Jalen Smith,Jalen,1610612741,CHI,Chicago Bulls,0022401176,2025-04-11T00:00:00,CHI vs. WAS,W,4.216666666666667,8.5,8.5,1.0,0.0,0.0,0.0,0.0,0.0,0.0,0.0,8.5,8.5,0.0,0.0,0.0,0.0,0.0,0.0,0.0,17.1,51.2,27.3,0,0,25.6,1,1,13086,1,24368,5548,19432,1,15070,20945,15070,13505,14344,13505,14058,4003,7418,19908,16469,12854,8263,8846,20257,17725,10778,530,16723,2246,150,17201,1,4:13
2024-25,1642281,Jaylon Tyson,Jaylon,1610612739,CLE,Cleveland Cavaliers,0022401175,2025-04-11T00:00:00,CLE @ NYK,W,21.8,5.0,14.9,0.333,1.7,5.0,0.333,0.0,0.0,0.0,1.7,6.6,8.3,1.7,1.7,1.7,0.0,1.7,5.0,0.0,11.6,5.0,27.2,0,0,26.4,1,1,13086,1,14669,14524,8804,17395,11531,13303,9209,13505,14344,13505,9741,7087,7842,17498,12129,7805,8263,4286,4710,17725,16608,10139,16785,2246,150,16604,1,21:48
2024-25,1630217,Desmond Bane,Desmond,1610612763,MEM,Memphis Grizzlies,0022401180,2025-04-11T00:00:00,MEM @ DEN,L,33.79,9.6,20.2,0.474,3.2,8.5,0.375,3.2,3.2,1.0,1.1,5.3,6.4,1.1,3.2,1.1,0.0,0.0,2.1,4.3,25.6,-11.7,34.8,0,0,38.4,1,13222,1,13222,4446,3746,2807,12072,5966,5547,8800,7344,9530,1,12755,9964,11416,19463,5834,11345,8263,8846,14465,5697,3894,18631,11164,2246,150,7793,1,33:47
2024-25,1642382,Branden Carlson,Branden,1610612760,OKC,Oklahoma City Thunder,0022401181,2025-04-11T00:00:00,OKC @ UTA,W,25.176666666666666,5.7,14.3,0.4,0.0,7.1,0.0,1.4,1.4,1.0,0.0,2.9,2.9,1.4,0.0,0.0,4.3,1.4,1.4,2.9,12.9,24.3,31.3,0,0,25.7,1,1,13086,1,11854,12357,9696,14933,15070,8149,15070,11954,13563,1,14058,17206,20097,18233,16469,12854,762,5061,17512,9730,15226,2963,13814,2246,150,17111,1,25:11
2024-25,1627736,Malik Beasley,Malik,1610612765,DET,Detroit Pistons,0022401171,2025-04-11T00:00:00,DET vs. MIL,L,26.938333333333333,9.4,21.4,0.438,9.4,18.7,0.5,0.0,0.0,0.0,0.0,0.0,0.0,0.0,0.0,0.0,0.0,1.3,1.3,0.0,28.1,-10.7,28.1,0,0,37.4,1,13222,1,13222,10386,4116,2112,13558,263,296,3944,13505,14344,13505,14058,22137,23286,19908,16469,12854,8263,5466,17884,17725,2759,18176,16172,2246,150,8418,1,26:56
2024-25,1628991,Jaren Jackson Jr.,Jaren,1610612763,MEM,Memphis Grizzlies,0022401180,2025-04-11T00:00:00,MEM @ DEN,L,36.92666666666667,7.8,16.6,0.471,1.9,6.8,0.286,0.0,0.0,0.0,0.0,1.0,1.0,1.9,0.0,0.0,1.9,1.0,3.9,0.0,17.5,-13.6,27.5,0,0,26.3,1,13222,1,13222,2045,7063,6335,12143,10395,8843,11433,13505,14344,13505,14058,22010,23229,16559,16469,12854,3626,8144,7447,17725,10273,19364,16586,2246,150,16701,1,36:56
2024-25,1626145,Tyus Jones,Tyus,1610612756,PHX,Phoenix Suns,0022401182,2025-04-11T00:00:00,PHX vs. SAS,W,15.983333333333333,4.5,18.0,0.25,4.5,11.3,0.4,0.0,0.0,0.0,0.0,6.8,6.8,4.5,2.3,2.3,2.3,2.3,0.0,0.0,13.5,2.3,39.6,0,0,38.3,1,1,13086,1,18936,15767,4646,20233,3065,2286,7874,13505,14344,13505,14058,6776,10616,8645,9296,5208,2835,2544,20257,17725,14487,11486,7998,2246,150,7831,1,15:59
2024-25,1642354,KJ Simpson,KJ,1610612766,CHA,Charlotte Hornets,0022401174,2025-04-11T00:00:00,CHA @ BOS,L,33.61666666666667,5.4,17.1,0.313,1.1,5.4,0.2,0.0,0.0,0.0,2.1,6.4,8.6,2.1,2.1,1.1,0.0,1.1,2.1,3.2,11.8,-38.6,26.3,0,0,25.7,1,13222,1,13222,4618,13386,5655,19175,14120,12319,13429,13505,14344,13505,7792,7452,7368,15854,9770,11269,8263,7300,14403,8516,16366,24746,17392,2246,150,17141,1,33:37
2024-25,1628975,Jevon Carter,Jevon,1610612741,CHI,Chicago Bulls,0022401176,2025-04-11T00:00:00,CHI vs. WAS,W,13.316666666666666,8.1,27.0,0.3,5.4,21.6,0.25,0.0,0.0,0.0,0.0,8.1,8.1,2.7,0.0,0.0,0.0,0.0,0.0,0.0,21.6,40.6,35.4,0,0,37.8,1,1,13086,1,20588,6390,497,19363,1840,180,11902,13505,14344,13505,14058,4549,8075,13899,16469,12854,8263,8846,20257,17725,6526,949,10789,2246,150,8132,1,13:19
2024-25,1628991,Jaren Jackson Jr.,Jaren,1610612763,MEM,Memphis Grizzlies,0022401170,2025-04-10T00:00:00,MEM vs. MIN,L,37.218333333333334,7.7,17.4,0.444,3.9,6.8,0.571,2.9,2.9,1.0,1.0,0.0,1.0,1.0,1.9,1.9,0.0,1.0,4.8,3.9,22.2,-12.6,28.7,0,0,31.9,1,13222,1,13222,1849,7188,5348,13045,4271,8964,3506,8095,10233,1,13518,22137,23236,19776,10878,6597,8263,8208,4981,6656,6050,18976,15695,2246,150,12444,1,37:13
2024-25,1641721,Maxwell Lewis,Maxwell,1610612751,BKN,Brooklyn Nets,0022401169,2025-04-10T00:00:00,BKN vs. ATL,L,9.033333333333333,4.0,8.0,0.5,4.0,8.0,0.5,0.0,0.0,0.0,0.0,12.0,12.0,4.0,4.0,0.0,0.0,0.0,4.0,0.0,12.0,0.0,28.3,0,0,31.9,1,13222,1,13222,22439,17126,20298,8526,4021,6487,3944,13505,14344,13505,14058,1386,3530,9967,3907,12854,8263,8846,7183,17725,16190,12240,15996,2246,150,12467,1,9:02
2024-25,1630173,Precious Achiuwa,Precious,1610612752,NYK,New York Knicks,0022401167,2025-04-10T00:00:00,NYK @ DET,L,39.733333333333334,7.2,11.8,0.615,0.9,3.6,0.25,0.9,0.9,1.0,0.9,8.2,9.1,2.7,0.0,1.8,2.7,0.9,2.7,0.9,16.3,-6.3,44.8,1,0,38.1,1,13222,1,13222,641,8338,13980,5246,14942,16384,11902,13444,14315,1,13884,4480,6645,13852,16469,7194,2051,8630,11959,17653,11597,16221,5245,1,150,7992,1,39:44
2024-25,203471,Dennis Schröder,Dennis,1610612765,DET,Detroit Pistons,0022401167,2025-04-10T00:00:00,DET vs. NYK,W,27.246666666666666,4.0,11.9,0.333,0.0,2.6,0.0,2.6,4.0,0.667,1.3,1.3,2.6,1.3,1.3,1.3,0.0,1.3,1.3,4.0,10.6,9.2,18.4,0,0,17.2,1,1,13086,1,10153,17179,13775,17395,15070,18372,15070,8712,7912,9425,11096,21244,20560,18588,13707,9344,8263,5546,17950,6418,17595,8069,21938,2246,150,22224,1,27:15
2024-25,1630283,Kylor Kelley,Kylor,1610612740,NOP,New Orleans Pelicans,0022401161,2025-04-10T00:00:00,NOP @ MIL,L,23.218333333333334,1.6,3.1,0.5,0.0,0.0,0.0,0.0,0.0,0.0,4.7,6.2,10.9,1.6,3.1,0.0,0.0,0.0,6.2,0.0,3.1,-18.6,15.3,0,0,15.5,1,13222,1,13222,13531,22114,24461,8526,15070,20945,15070,13505,14344,13505,2746,7889,4552,17809,6128,12854,8263,8846,2708,17725,22926,21100,23074,2246,150,22881,1,23:13
2024-25,1630174,Aaron Nesmith,Aaron,1610612754,IND,Indiana Pacers,0022401168,2025-04-10T00:00:00,IND vs. CLE,W,30.316666666666666,8.3,16.6,0.5,3.6,7.1,0.5,5.9,7.1,0.833,1.2,5.9,7.1,1.2,0.0,0.0,0.0,0.0,3.6,3.6,26.1,4.7,36.5,0,0,38.0,1,1,13086,1,7479,5964,6274,8526,5005,8204,3944,2932,3245,7275,11884,8469,9905,19060,16469,12854,8263,8846,8555,7501,3616,10256,10054,2246,150,8030,1,30:19
2024-25,1630553,Keon Johnson,Keon,1610612751,BKN,Brooklyn Nets,0022401169,2025-04-10T00:00:00,BKN vs. ATL,L,17.216666666666665,8.4,18.8,0.444,4.2,8.4,0.5,0.0,4.2,0.0,0.0,6.3,6.3,6.3,12.5,0.0,0.0,0.0,8.4,2.1,20.9,-35.5,25.3,0,0,37.6,1,13222,1,13222,18123,5867,3912,13045,3601,5804,3944,13505,7446,13505,14058,7748,11667,5060,190,12854,8263,8846,1194,12652,7155,24469,18073,2246,150,8259,1,17:13
2024-25,1630241,Sam Merrill,Sam,1610612739,CLE,Cleveland Cavaliers,0022401168,2025-04-10T00:00:00,CLE @ IND,L,28.95,6.2,11.2,0.556,6.2,9.9,0.625,0.0,0.0,0.0,0.0,3.7,3.7,5.0,0.0,1.2,1.2,2.5,3.7,2.5,18.7,-2.5,38.1,0,0,38.5,1,13222,1,13222,8713,10926,15032,7248,1151,3550,2868,13505,14344,13505,14058,14534,17987,7525,16469,9841,5926,2063,7969,11040,9160,14303,8995,2246,150,7676,1,28:57
2024-25,203901,Elfrid Payton,Elfrid,1610612740,NOP,New Orleans Pelicans,0022401161,2025-04-10T00:00:00,NOP @ MIL,L,25.733333333333334,1.4,5.6,0.25,0.0,2.8,0.0,0.0,0.0,0.0,0.0,5.6,5.6,21.0,4.2,1.4,0.0,0.0,0.0,1.4,2.8,-23.8,41.0,0,0,32.2,1,13222,1,13222,11374,22295,23001,20233,15070,18061,15070,13505,14344,13505,14058,9304,13296,69,3512,8909,8263,8846,20257,15459,22998,22520,7178,2246,150,12243,1,25:44
2024-25,1630570,Trendon Watford,Trendon,1610612751,BKN,Brooklyn Nets,0022401169,2025-04-10T00:00:00,BKN vs. ATL,L,20.216666666666665,1.8,10.7,0.167,0.0,0.0,0.0,10.7,10.7,1.0,7.1,1.8,8.9,5.3,7.1,0.0,0.0,0.0,1.8,5.3,14.2,-30.3,25.8,0,0,28.5,1,13222,1,13222,15849,21783,15917,21938,15070,20945,15070,535,1119,1,1095,20299,6884,6736,843,12854,8263,8846,16267,3570,13669,23781,17730,2246,150,15072,1,20:13
2024-25,1629651,Nic Claxton,Nic,1610612751,BKN,Brooklyn Nets,0022401169,2025-04-10T00:00:00,BKN vs. ATL,L,18.75,5.8,7.7,0.75,1.9,1.9,1.0,0.0,1.9,0.0,1.9,1.9,3.8,1.9,0.0,0.0,1.9,0.0,3.8,1.9,13.4,-51.8,26.7,0,0,25.0,1,13222,1,13222,17005,12230,20677,2107,10549,19702,1,13505,12931,13505,8740,19919,17732,16674,16469,12854,3706,8846,7628,13439,14578,25464,17162,2246,150,17720,1,18:45
2024-25,1631232,Keion Brooks Jr.,Keion,1610612740,NOP,New Orleans Pelicans,0022401161,2025-04-10T00:00:00,NOP @ MIL,L,32.25,7.8,14.5,0.538,4.5,8.9,0.5,2.2,4.5,0.5,2.2,4.5,6.7,0.0,1.1,0.0,0.0,1.1,2.2,2.2,22.3,-24.6,29.2,0,0,33.5,1,13222,1,13222,5778,7036,9343,7978,3120,4921,3944,9832,6905,10625,7482,12350,10735,19908,15021,12854,8263,6899,13953,12017,5986,22712,15325,2246,150,11249,1,32:15
2024-25,1628978,Donte DiVincenzo,Donte,1610612750,MIN,Minnesota Timberwolves,0022401170,2025-04-10T00:00:00,MIN @ MEM,W,21.338333333333335,5.1,8.4,0.6,5.1,8.4,0.6,0.0,0.0,0.0,0.0,0.0,0.0,6.7,3.4,1.7,1.7,0.0,5.1,0.0,15.2,-11.8,32.1,0,0,33.7,1,1,13086,1,15045,14206,19591,5394,2199,5689,2992,13505,14344,13505,14058,22137,23286,4356,5298,7658,4324,8846,4470,17725,12729,18668,13284,2246,150,11047,1,21:20
2024-25,1626192,Pat Connaughton,Pat,1610612749,MIL,Milwaukee Bucks,0022401161,2025-04-10T00:00:00,MIL vs. NOP,W,7.566666666666666,4.8,19.0,0.25,0.0,4.8,0.0,14.3,14.3,1.0,0.0,0.0,0.0,4.8,0.0,0.0,0.0,0.0,4.8,9.5,23.8,-4.8,30.9,0,0,28.5,1,1,13086,1,22969,15088,3728,20233,15070,13812,15070,197,416,1,14058,22137,23286,8023,16469,12854,8263,8846,5157,519,4942,15451,14108,2246,150,15027,1,7:34
2024-25,202699,Tobias Harris,Tobias,1610612765,DET,Detroit Pistons,0022401167,2025-04-10T00:00:00,DET vs. NYK,W,27.916666666666668,6.4,11.6,0.556,3.9,6.4,0.6,5.2,5.2,1.0,1.3,1.3,2.6,2.6,5.2,1.3,0.0,1.3,3.9,5.2,21.9,0.0,27.6,0,0,33.5,1,1,13086,1,9614,10317,14293,7248,4272,9655,2992,3813,5667,1,11243,21300,20674,14283,2157,9520,8263,5703,7554,3836,6273,12240,16503,2246,150,11220,1,27:55
2024-25,1630526,Jeremiah Robinson-Earl,Jeremiah,1610612740,NOP,New Orleans Pelicans,0022401161,2025-04-10T00:00:00,NOP @ MIL,L,33.71666666666667,7.5,13.9,0.538,1.1,5.3,0.2,0.0,0.0,0.0,6.4,4.3,10.7,3.2,3.2,1.1,0.0,1.1,1.1,0.0,16.0,-5.3,33.6,1,0,33.1,1,13222,1,13222,4521,7821,10379,7978,14144,12357,13429,13505,14344,13505,1413,12893,4741,12289,5811,11309,8263,7328,19287,17725,11908,15765,12085,1,150,11575,1,33:43
2024-25,1630249,Vít Krejčí,Vít,1610612737,ATL,Atlanta Hawks,0022401169,2025-04-10T00:00:00,ATL @ BKN,W,17.3,6.2,6.2,1.0,2.1,2.1,1.0,4.2,4.2,1.0,0.0,4.2,4.2,4.2,2.1,2.1,0.0,0.0,2.1,6.2,18.7,6.2,34.1,0,0,33.3,1,1,13086,1,18072,10861,22375,1,9760,19396,1,5409,7488,1,14058,13228,16904,9488,10089,5864,8263,8846,14694,2339,9107,9497,11708,2246,150,11406,1,17:18
2024-25,1627783,Pascal Siakam,Pascal,1610612754,IND,Indiana Pacers,0022401168,2025-04-10T00:00:00,IND vs. CLE,W,33.03333333333333,4.4,10.9,0.4,1.1,2.2,0.5,1.1,3.3,0.333,1.1,7.6,8.7,2.2,2.2,0.0,1.1,1.1,1.1,3.3,10.9,4.4,25.7,0,0,25.1,1,1,13086,1,5120,16172,15536,14933,14006,19203,3944,12933,9380,13132,12554,5275,7140,15693,9597,12854,6865,7144,19158,8348,17267,10447,17802,2246,150,17635,1,33:02
2024-25,1630590,Scotty Pippen Jr.,Scotty,1610612763,MEM,Memphis Grizzlies,0022401170,2025-04-10T00:00:00,MEM vs. MIN,L,32.233333333333334,6.7,12.3,0.545,0.0,0.0,0.0,4.5,7.8,0.571,2.2,1.1,3.4,4.5,2.2,1.1,0.0,1.1,3.4,10.1,17.9,-2.2,29.7,0,0,27.9,1,13222,1,13222,5785,9678,13110,7695,15070,20945,15070,4884,2650,10536,7479,21719,18868,8728,9378,10887,8263,6898,9248,399,9951,14164,15019,2246,150,15482,1,32:14
2024-25,1628398,Kyle Kuzma,Kyle,1610612749,MIL,Milwaukee Bucks,0022401161,2025-04-10T00:00:00,MIL vs. NOP,W,27.833333333333332,9.1,14.2,0.636,3.9,7.8,0.5,0.0,1.3,0.0,3.9,0.0,3.9,1.3,3.9,2.6,0.0,0.0,2.6,2.6,22.0,25.9,32.5,0,0,36.2,1,1,13086,1,9684,4603,9786,4689,4240,6877,3944,13505,13739,13505,3761,22137,17621,18683,4132,4161,8263,8846,12469,10681,6229,2634,12973,2246,150,9213,1,27:50
2024-25,1627747,Caris LeVert,Caris,1610612737,ATL,Atlanta Hawks,0022401169,2025-04-10T00:00:00,ATL @ BKN,W,20.083333333333332,1.8,12.5,0.143,0.0,7.2,0.0,3.6,7.2,0.5,0.0,5.4,5.4,9.0,1.8,1.8,0.0,0.0,1.8,3.6,7.2,3.6,30.7,0,0,25.1,1,1,13086,1,15960,21767,12660,22260,15070,8102,15070,6519,3194,10625,14058,9838,13861,2053,11582,7288,8263,8846,16217,7437,20580,10862,14308,2246,150,17608,1,20:05
2024-25,203497,Rudy Gobert,Rudy,1610612750,MIN,Minnesota Timberwolves,0022401170,2025-04-10T00:00:00,MIN @ MEM,W,35.85,5.0,5.0,1.0,0.0,0.0,0.0,3.0,4.0,0.75,0.0,8.0,8.0,4.0,1.0,0.0,0.0,0.0,3.0,4.0,13.1,17.1,27.7,0,0,25.1,1,1,13086,1,2786,14321,23448,1,15070,20945,15070,7767,7805,8186,14058,4654,8208,9890,15818,12854,8263,8846,10658,6263,15036,4881,16416,2246,150,17600,1,35:51
2024-25,1627777,Georges Niang,Georges,1610612737,ATL,Atlanta Hawks,0022401169,2025-04-10T00:00:00,ATL @ BKN,W,19.0,7.6,9.5,0.8,5.7,7.6,0.75,0.0,0.0,0.0,0.0,0.0,0.0,1.9,1.9,0.0,0.0,0.0,3.8,0.0,20.8,15.2,21.8,0,0,28.4,1,1,13086,1,16826,7560,17991,1688,1571,7213,1542,13505,14344,13505,14058,22137,23286,16767,11073,12854,8263,8846,7769,17725,7206,5562,20270,2246,150,15129,1,19:00
2024-25,1629675,Naz Reid,Naz,1610612750,MIN,Minnesota Timberwolves,0022401170,2025-04-10T00:00:00,MIN @ MEM,W,23.921666666666667,6.0,19.6,0.308,1.5,7.5,0.2,7.5,7.5,1.0,4.5,4.5,9.0,1.5,3.0,0.0,0.0,0.0,7.5,6.0,21.1,-10.5,31.2,0,0,33.1,1,1,13086,1,12976,11454,3302,19226,12008,7350,13429,1651,2881,1,2906,12224,6687,17958,6434,12854,8263,8846,1632,2598,7029,18123,13944,2246,150,11564,1,23:55
2024-25,203501,Tim Hardaway Jr.,Tim,1610612765,DET,Detroit Pistons,0022401167,2025-04-10T00:00:00,DET vs. NYK,W,26.901666666666667,5.4,9.4,0.571,2.7,5.4,0.5,0.0,0.0,0.0,0.0,5.4,5.4,4.0,0.0,1.3,0.0,0.0,2.7,1.3,13.4,16.1,29.8,0,0,28.1,1,1,13086,1,10416,13397,18171,6538,7608,12324,3944,13505,14344,13505,14058,9896,13915,9901,16469,9253,8263,8846,12141,15729,14639,5230,14912,2246,150,15356,1,26:54
2024-25,1631255,Karlo Matković,Karlo,1610612740,NOP,New Orleans Pelicans,0022401161,2025-04-10T00:00:00,NOP @ MIL,L,29.615,7.3,14.6,0.5,3.6,7.3,0.5,0.0,0.0,0.0,1.2,10.9,12.2,0.0,1.2,1.2,0.0,0.0,4.9,0.0,18.2,-19.4,35.3,1,0,36.5,1,13222,1,13222,8135,8238,9225,8526,4810,7837,3944,13505,14344,13505,11687,1933,3375,19908,14322,10046,8263,8846,4920,17725,9591,21385,10898,1,150,9065,1,29:37
2024-25,1630540,Miles McBride,Miles,1610612752,NYK,New York Knicks,0022401167,2025-04-10T00:00:00,NYK @ DET,L,38.983333333333334,4.6,16.6,0.278,1.8,9.2,0.2,0.0,0.0,0.0,0.0,1.8,1.8,5.5,0.0,3.7,0.0,3.7,0.9,0.9,11.1,-13.9,32.7,0,0,27.7,1,13222,1,13222,888,15446,6278,20025,10888,4478,13429,13505,14344,13505,14058,20118,22092,6356,16469,1973,8263,801,20085,17616,17114,19448,12809,2246,150,15635,1,38:59
2024-25,1631213,Tyrese Martin,Tyrese,1610612751,BKN,Brooklyn Nets,0022401169,2025-04-10T00:00:00,BKN vs. ATL,L,25.45,2.8,9.9,0.286,1.4,8.5,0.167,0.0,0.0,0.0,0.0,2.8,2.8,7.1,1.4,2.8,0.0,0.0,1.4,1.4,7.1,5.7,28.1,0,0,24.0,1,13222,1,13222,11624,19815,17237,19630,12387,5607,14236,13505,14344,13505,14058,17303,20171,3925,13199,3610,8263,8846,17564,15389,20663,9776,16106,2246,150,18290,1,25:27
2024-25,1629614,Andrew Nembhard,Andrew,1610612754,IND,Indiana Pacers,0022401168,2025-04-10T00:00:00,IND vs. CLE,W,28.283333333333335,1.3,10.2,0.125,0.0,3.8,0.0,0.0,0.0,0.0,0.0,1.3,1.3,8.9,0.0,2.5,0.0,0.0,3.8,0.0,2.5,7.6,25.1,0,0,17.8,1,1,13086,1,9310,22428,16766,22420,15070,15960,15070,13505,14344,13505,14058,21337,22847,2102,16469,4267,8263,8846,7680,17725,23064,8809,18235,2246,150,21945,1,28:17
2024-25,1642281,Jaylon Tyson,Jaylon,1610612739,CLE,Cleveland Cavaliers,0022401168,2025-04-10T00:00:00,CLE @ IND,L,8.316666666666666,0.0,17.3,0.0,0.0,0.0,0.0,0.0,0.0,0.0,0.0,4.3,4.3,0.0,0.0,0.0,0.0,4.3,0.0,4.3,0.0,-39.0,5.2,0,0,4.3,1,13222,1,13222,22703,22635,5438,22635,15070,20945,15070,13505,14344,13505,14058,12715,16459,19908,16469,12854,8263,536,20257,5520,23200,24772,24992,2246,150,25166,1,8:19
2024-25,1631323,Simone Fontecchio,Simone,1610612765,DET,Detroit Pistons,0022401167,2025-04-10T00:00:00,DET vs. NYK,W,5.816666666666666,0.0,0.0,0.0,0.0,0.0,0.0,0.0,0.0,0.0,0.0,6.2,6.2,0.0,0.0,0.0,0.0,0.0,0.0,0.0,0.0,-43.3,7.4,0,0,6.2,1,1,13086,1,23660,22635,24836,22635,15070,20945,15070,13505,14344,13505,14058,7915,11845,19908,16469,12854,8263,8846,20257,17725,23200,25080,24766,2246,150,24987,1,5:49
2024-25,1641727,Dariq Whitehead,Dariq,1610612751,BKN,Brooklyn Nets,0022401169,2025-04-10T00:00:00,BKN vs. ATL,L,9.733333333333333,0.0,7.4,0.0,0.0,3.7,0.0,0.0,0.0,0.0,0.0,7.4,7.4,0.0,3.7,0.0,0.0,0.0,3.7,0.0,0.0,-7.4,5.2,0,0,7.4,1,13222,1,13222,22198,22635,21073,22635,15070,16212,15070,13505,14344,13505,14058,5681,9369,19908,4557,12854,8263,8846,8077,17725,23200,16678,24996,2246,150,24852,1,9:44
2024-25,1630191,Isaiah Stewart,Isaiah,1610612765,DET,Detroit Pistons,0022401167,2025-04-10T00:00:00,DET vs. NYK,W,22.016666666666666,0.0,1.6,0.0,0.0,1.6,0.0,0.0,0.0,0.0,0.0,1.6,1.6,1.6,3.3,0.0,1.6,0.0,9.8,1.6,0.0,8.2,6.0,0,0,6.5,1,1,13086,1,14487,22635,24810,22635,15070,20129,15070,13505,14344,13505,14058,20593,22390,17550,5597,12854,4466,8846,746,14502,23200,8543,24911,2246,150,24942,1,22:01
2024-25,1627736,Malik Beasley,Malik,1610612765,DET,Detroit Pistons,0022401167,2025-04-10T00:00:00,DET vs. NYK,W,26.666666666666668,5.4,10.8,0.5,0.0,4.1,0.0,2.7,4.1,0.667,0.0,1.3,1.3,2.7,0.0,0.0,0.0,1.3,2.7,4.1,13.5,18.9,19.2,0,0,17.6,1,1,13086,1,10590,13272,15695,8526,15070,15477,15070,8580,7739,9425,14058,21185,22759,13907,16469,12854,8263,5399,12044,6170,14501,4288,21566,2246,150,22057,1,26:40
2024-25,1630583,Santi Aldama,Santi,1610612763,MEM,Memphis Grizzlies,0022401170,2025-04-10T00:00:00,MEM vs. MIN,L,29.843333333333334,2.4,4.8,0.5,1.2,2.4,0.5,0.0,0.0,0.0,0.0,4.8,4.8,6.0,1.2,0.0,0.0,0.0,1.2,1.2,6.0,-15.7,19.7,0,0,18.1,1,13222,1,13222,7934,20638,23585,8526,13325,18780,3944,13505,14344,13505,14058,11351,15234,5429,14392,12854,8263,8846,18499,16370,21369,20147,21332,2246,150,21818,1,29:51
2024-25,1629630,Ja Morant,Ja,1610612763,MEM,Memphis Grizzlies,0022401170,2025-04-10T00:00:00,MEM vs. MIN,L,35.656666666666666,13.1,27.3,0.481,5.0,13.1,0.385,5.0,7.1,0.714,1.0,0.0,1.0,6.1,5.0,1.0,0.0,0.0,3.0,6.1,36.3,-3.0,44.6,0,0,50.5,1,13222,1,13222,2942,984,470,11953,2213,1236,8766,3957,3302,9244,13182,22137,23198,5384,2282,11868,8263,8846,10586,2550,771,14584,5356,2246,150,2399,1,35:39
2024-25,203507,Giannis Antetokounmpo,Giannis,1610612749,MIL,Milwaukee Bucks,0022401161,2025-04-10T00:00:00,MIL vs. NOP,W,25.581666666666667,15.5,23.9,0.647,1.4,2.8,0.5,7.0,14.1,0.5,2.8,12.7,15.5,7.0,0.0,0.0,1.4,0.0,1.4,8.4,39.4,8.4,72.8,1,0,66.1,1,1,13086,1,11514,418,1084,4571,12422,18035,3944,1984,442,10625,5827,1109,1582,3970,16469,12854,5205,8846,17601,852,485,8418,351,1,150,435,1,25:35
2024-25,1630169,Tyrese Haliburton,Tyrese,1610612754,IND,Indiana Pacers,0022401168,2025-04-10T00:00:00,IND vs. CLE,W,35.54,8.1,16.2,0.5,4.1,11.1,0.364,3.0,4.1,0.75,1.0,7.1,8.1,10.1,2.0,0.0,3.0,0.0,1.0,1.0,23.3,15.2,55.3,1,0,51.7,1,1,13086,1,3040,6407,6828,8526,3889,2375,9100,7697,7737,8186,13154,6197,8093,1372,10400,12854,1645,8846,19627,17344,5295,5547,1933,1,150,2112,1,35:32
2024-25,1626157,Karl-Anthony Towns,Karl-Anthony,1610612752,NYK,New York Knicks,0022401167,2025-04-10T00:00:00,NYK @ DET,L,29.415,12.2,23.3,0.526,0.0,1.2,0.0,6.1,6.1,1.0,4.9,7.3,12.2,6.1,8.6,1.2,0.0,0.0,4.9,7.3,30.6,-6.1,49.6,1,0,51.4,1,13222,1,13222,8303,1383,1302,8379,15070,20590,15070,2759,4324,1,2464,5760,3316,5295,489,9984,8263,8846,4850,1423,1895,16121,3391,1,150,2176,1,29:25
2024-25,1641716,Jarace Walker,Jarace,1610612754,IND,Indiana Pacers,0022401168,2025-04-10T00:00:00,IND vs. CLE,W,14.71,14.7,17.1,0.857,7.3,9.8,0.75,0.0,0.0,0.0,0.0,7.3,7.3,0.0,4.9,0.0,0.0,0.0,2.4,0.0,36.7,-19.6,40.6,0,0,51.4,1,1,13086,1,19766,554,5664,1412,657,3739,1542,13505,14344,13505,14058,5762,9493,19908,2475,12854,8263,8846,12997,17725,730,21428,7380,2246,150,2180,1,14:43
2024-25,1630649,Stanley Umude,Stanley,1610612749,MIL,Milwaukee Bucks,0022401161,2025-04-10T00:00:00,MIL vs. NOP,W,5.3,6.8,6.8,1.0,6.8,6.8,1.0,0.0,0.0,0.0,0.0,13.6,13.6,0.0,6.8,0.0,6.8,0.0,6.8,0.0,20.4,27.2,50.3,0,0,54.3,1,1,13086,1,23865,9434,21789,1,845,8908,1,13505,14344,13505,14058,851,2439,19908,982,12854,215,8846,2151,17725,7595,2392,3192,2246,150,1568,1,5:18
2024-25,1631230,Dominick Barlow,Dominick,1610612737,ATL,Atlanta Hawks,0022401169,2025-04-10T00:00:00,ATL @ BKN,W,3.3833333333333333,10.6,10.6,1.0,0.0,0.0,0.0,0.0,10.6,0.0,10.6,10.6,21.3,10.6,0.0,0.0,0.0,0.0,10.6,10.6,21.3,-31.9,62.8,0,0,53.2,1,1,13086,1,24777,2564,15978,1,15070,20945,15070,13505,1133,13505,331,2120,389,1143,16469,12854,8263,8846,593,313,6843,24019,896,2246,150,1761,1,3:23
2024-25,1641787,Tosan Evbuomwan,Tosan,1610612751,BKN,Brooklyn Nets,0022401169,2025-04-10T00:00:00,BKN vs. ATL,L,27.8,9.1,19.4,0.467,3.9,7.8,0.5,1.3,2.6,0.5,1.3,6.5,7.8,3.9,0.0,1.3,1.3,1.3,3.9,5.2,23.3,2.6,46.2,0,0,44.0,1,13222,1,13222,9716,4584,3399,12249,4231,6854,3944,12314,10997,10625,11218,7362,8672,10269,16469,9487,5669,5675,7493,3799,5280,11323,4655,2246,150,4679,1,27:48
2024-25,1631342,Daeqwon Plowden,Daeqwon,1610612737,ATL,Atlanta Hawks,0022401169,2025-04-10T00:00:00,ATL @ BKN,W,1.4333333333333333,25.1,50.2,0.5,0.0,25.1,0.0,0.0,0.0,0.0,0.0,0.0,0.0,0.0,0.0,0.0,0.0,0.0,0.0,0.0,50.2,-100.5,50.2,0,0,50.2,1,1,13086,1,25842,64,29,8526,15070,111,15070,13505,14344,13505,14058,22137,23286,19908,16469,12854,8263,8846,20257,17725,154,26151,3204,2246,150,2468,1,1:26
2024-25,1630595,Cade Cunningham,Cade,1610612765,DET,Detroit Pistons,0022401167,2025-04-10T00:00:00,DET vs. NYK,W,34.63333333333333,16.6,24.9,0.667,2.1,5.2,0.4,2.1,4.2,0.5,1.0,1.0,2.1,8.3,4.2,1.0,1.0,1.0,5.2,2.1,37.4,9.4,54.5,0,0,54.1,1,1,13086,1,3749,305,837,3281,9773,12706,7874,10362,7507,10625,12947,21900,21654,2594,3568,11589,7195,7580,4204,12714,662,8016,2094,2246,150,1610,1,34:38
2024-25,1629660,Ty Jerome,Ty,1610612739,CLE,Cleveland Cavaliers,0022401168,2025-04-10T00:00:00,CLE @ IND,L,25.716666666666665,12.6,22.4,0.563,5.6,8.4,0.667,2.8,2.8,1.0,1.4,1.4,2.8,8.4,2.8,0.0,1.4,0.0,1.4,5.6,33.6,18.2,51.0,0,0,53.2,1,13222,1,13222,11386,1197,1634,7127,1665,5753,1957,8350,10490,1,10750,21080,20254,2511,7216,12854,5230,8846,17623,3191,1197,4491,3000,2246,150,1765,1,25:43
2024-25,1629645,Kevin Porter Jr.,Kevin,1610612749,MIL,Milwaukee Bucks,0022401161,2025-04-10T00:00:00,MIL vs. NOP,W,23.3,9.3,17.0,0.545,1.5,7.7,0.2,10.8,13.9,0.778,1.5,6.2,7.7,10.8,0.0,7.7,0.0,0.0,4.6,7.7,30.9,27.8,79.6,0,0,66.4,1,1,13086,1,13465,4258,5818,7695,11882,6951,13429,512,460,8092,10138,7945,8763,1062,16469,229,8263,8846,5453,1178,1801,2298,203,2246,150,420,1,23:18
2024-25,1630592,Jalen Wilson,Jalen,1610612751,BKN,Brooklyn Nets,0022401169,2025-04-10T00:00:00,BKN vs. ATL,L,24.3,8.9,14.8,0.6,8.9,14.8,0.6,3.0,5.9,0.5,0.0,5.9,5.9,4.4,0.0,1.5,0.0,0.0,1.5,3.0,29.6,0.0,47.9,0,0,51.9,1,13222,1,13222,12648,4904,8876,5394,307,734,2992,7913,4582,10625,14058,8493,12462,8773,16469,8488,8263,8846,17294,9385,2220,12240,4023,2246,150,2072,1,24:18
2024-25,1631288,Jamal Cain,Jamal,1610612740,NOP,New Orleans Pelicans,0022401161,2025-04-10T00:00:00,NOP @ MIL,L,26.666666666666668,8.1,20.3,0.4,4.1,9.5,0.429,6.8,6.8,1.0,2.7,6.8,9.5,0.0,1.3,1.3,0.0,0.0,2.7,6.8,27.0,-24.3,41.0,0,0,43.2,1,13222,1,13222,10590,6413,2798,14933,3892,4184,7394,2197,3608,1,6104,6787,6115,19908,13566,9190,8263,8846,12044,1858,3208,22643,7150,2246,150,5044,1,26:40
2024-25,1631311,Lester Quinones,Lester,1610612740,NOP,New Orleans Pelicans,0022401161,2025-04-10T00:00:00,NOP @ MIL,L,31.533333333333335,9.1,25.1,0.364,2.3,12.6,0.182,3.4,4.6,0.75,1.1,4.6,5.7,6.8,4.6,1.1,0.0,2.3,5.7,6.8,24.0,-25.1,40.0,0,0,41.1,1,13222,1,13222,6391,4474,799,16861,8909,1500,14207,6841,6711,8186,12181,12074,12993,4209,2899,10658,8263,2463,3375,1779,4820,22831,7791,2246,150,6138,1,31:32
2024-25,1630217,Desmond Bane,Desmond,1610612763,MEM,Memphis Grizzlies,0022401170,2025-04-10T00:00:00,MEM vs. MIN,L,38.86666666666667,10.2,16.7,0.611,5.6,9.3,0.6,0.0,0.0,0.0,0.0,5.6,5.6,8.3,2.8,0.9,0.9,0.0,2.8,0.9,25.9,-13.0,47.9,0,0,49.1,1,13222,1,13222,929,3024,6215,5351,1694,4440,2992,13505,14344,13505,14058,9400,13402,2571,7292,12531,7977,8846,11731,17610,3716,19116,4011,2246,150,2798,1,38:52
2024-25,1631105,Jalen Duren,Jalen,1610612765,DET,Detroit Pistons,0022401167,2025-04-10T00:00:00,DET vs. NYK,W,25.983333333333334,12.5,12.5,1.0,0.0,0.0,0.0,0.0,0.0,0.0,6.9,11.1,18.0,2.8,4.2,1.4,1.4,0.0,2.8,0.0,24.9,5.5,54.9,1,0,51.3,1,1,13086,1,11176,1265,12782,1,15070,20945,15070,13505,14344,13505,1169,1863,897,13684,3571,8979,5289,8846,11763,17725,4241,9824,2017,1,150,2211,1,25:59
2024-25,1641713,GG Jackson,GG,1610612763,MEM,Memphis Grizzlies,0022401170,2025-04-10T00:00:00,MEM vs. MIN,L,1.4666666666666666,24.5,24.5,1.0,0.0,0.0,0.0,0.0,0.0,0.0,0.0,24.5,24.5,0.0,0.0,0.0,0.0,0.0,0.0,0.0,49.1,-49.1,78.5,0,0,73.6,1,13222,1,13222,25823,72,913,1,15070,20945,15070,13505,14344,13505,14058,83,206,19908,16469,12854,8263,8846,20257,17725,167,25363,229,2246,150,252,1,1:28
2024-25,1629631,De'Andre Hunter,De'Andre,1610612739,CLE,Cleveland Cavaliers,0022401168,2025-04-10T00:00:00,CLE @ IND,L,31.633333333333333,10.2,21.6,0.474,3.4,8.0,0.429,2.3,2.3,1.0,1.1,11.4,12.5,2.3,3.4,2.3,1.1,1.1,3.4,2.3,26.2,20.5,51.4,1,0,51.2,1,13222,1,13222,6299,2975,1974,12072,5348,6507,7394,9704,11851,1,12205,1704,3120,15315,5199,5124,6550,6725,9022,11834,3595,3817,2851,1,150,2229,1,31:38
2024-25,1630162,Anthony Edwards,Anthony,1610612750,MIN,Minnesota Timberwolves,0022401170,2025-04-10T00:00:00,MIN @ MEM,W,37.778333333333336,12.4,18.1,0.684,6.7,10.5,0.636,10.5,12.4,0.846,1.0,3.8,4.8,2.9,4.8,1.0,1.0,0.0,2.9,8.6,41.9,14.3,52.9,0,0,60.0,1,1,13086,1,1526,1305,4554,3255,912,2996,2842,570,684,7255,13620,14285,15390,13419,2633,12328,7799,8846,11371,795,361,5892,2483,2246,150,826,1,37:47
2024-25,1642258,Zaccharie Risacher,Zaccharie,1610612737,ATL,Atlanta Hawks,0022401169,2025-04-10T00:00:00,ATL @ BKN,W,34.61666666666667,15.6,20.8,0.75,6.2,11.4,0.545,2.1,5.2,0.4,0.0,4.2,4.2,2.1,1.0,2.1,1.0,0.0,5.2,4.2,39.5,29.1,55.9,0,0,58.2,1,1,13086,1,3771,405,2453,2107,1139,2146,3863,10355,5609,13061,14058,13239,16914,16069,15562,5872,7192,8846,4193,5928,477,2089,1817,2246,150,996,1,34:37
2024-25,1630700,Dyson Daniels,Dyson,1610612737,ATL,Atlanta Hawks,0022401169,2025-04-10T00:00:00,ATL @ BKN,W,28.333333333333332,5.1,11.4,0.444,0.0,0.0,0.0,2.5,2.5,1.0,0.0,11.4,11.4,11.4,5.1,3.8,0.0,0.0,1.3,1.3,12.7,21.6,49.9,0,0,43.2,1,1,13086,1,9268,14137,14602,13045,15070,20945,15070,8933,11102,1,14058,1681,4024,859,2240,1838,8263,8846,18166,16027,15383,3552,3286,2246,150,5037,1,28:20
2024-25,203944,Julius Randle,Julius,1610612750,MIN,Minnesota Timberwolves,0022401170,2025-04-10T00:00:00,MIN @ MEM,W,34.705,13.5,22.8,0.591,5.2,10.4,0.5,0.0,0.0,0.0,1.0,9.3,10.4,5.2,2.1,1.0,0.0,0.0,2.1,1.0,32.2,18.7,53.4,1,0,55.0,1,1,13086,1,3688,855,1444,6217,2066,3081,3944,13505,14344,13505,12966,3172,5037,7060,10136,11617,8263,8846,14733,17236,1495,4353,2347,1,150,1461,1,34:42
2024-25,1631159,Leonard Miller,Leonard,1610612750,MIN,Minnesota Timberwolves,0022401170,2025-04-10T00:00:00,MIN @ MEM,W,0.7616666666666667,47.3,47.3,1.0,0.0,0.0,0.0,0.0,0.0,0.0,0.0,0.0,0.0,0.0,0.0,0.0,0.0,0.0,0.0,0.0,94.5,94.5,94.5,0,0,94.5,1,1,13086,1,26141,5,40,1,15070,20945,15070,13505,14344,13505,14058,22137,23286,19908,16469,12854,8263,8846,20257,17725,12,97,82,2246,150,77,1,0:46
2024-25,1629027,Trae Young,Trae,1610612737,ATL,Atlanta Hawks,0022401169,2025-04-10T00:00:00,ATL @ BKN,W,31.366666666666667,8.0,17.2,0.467,3.4,9.2,0.375,8.0,9.2,0.875,0.0,1.1,1.1,13.8,4.6,2.3,0.0,0.0,0.0,6.9,27.5,23.0,51.9,1,0,50.5,1,1,13086,1,6536,6566,5558,12249,5277,4567,8800,1400,1777,6931,14058,21637,23015,413,2864,5055,8263,8846,20257,1748,2961,3280,2737,1,150,2393,1,31:22
2024-25,1626153,Delon Wright,Delon,1610612752,NYK,New York Knicks,0022401167,2025-04-10T00:00:00,NYK @ DET,L,13.083333333333334,0.0,2.8,0.0,0.0,2.8,0.0,0.0,0.0,0.0,0.0,0.0,0.0,5.5,0.0,2.8,0.0,0.0,0.0,5.5,0.0,5.5,16.5,0,0,11.0,1,13222,1,13222,20706,22635,24569,22635,15070,18158,15070,13505,14344,13505,14058,22137,23286,6419,16469,3801,8263,8846,20257,3335,23200,9847,22660,2246,150,24218,1,13:05
2024-25,1642530,Yuki Kawamura,Yuki,1610612763,MEM,Memphis Grizzlies,0022401170,2025-04-10T00:00:00,MEM vs. MIN,L,1.4666666666666666,0.0,0.0,0.0,0.0,0.0,0.0,0.0,0.0,0.0,0.0,0.0,0.0,0.0,0.0,0.0,0.0,0.0,0.0,0.0,0.0,-49.1,0.0,0,0,0.0,1,13222,1,13222,25823,22635,24836,22635,15070,20945,15070,13505,14344,13505,14058,22137,23286,19908,16469,12854,8263,8846,20257,17725,23200,25363,25228,2246,150,25259,1,1:28
2024-25,1630643,Jay Huff,Jay,1610612763,MEM,Memphis Grizzlies,0022401170,2025-04-10T00:00:00,MEM vs. MIN,L,1.4666666666666666,0.0,24.5,0.0,0.0,24.5,0.0,0.0,0.0,0.0,0.0,0.0,0.0,0.0,0.0,0.0,0.0,0.0,0.0,0.0,0.0,-49.1,0.0,0,0,0.0,1,13222,1,13222,25823,22635,913,22635,15070,115,15070,13505,14344,13505,14058,22137,23286,19908,16469,12854,8263,8846,20257,17725,23200,25363,25228,2246,150,25259,1,1:28
2024-25,1642285,Cam Spencer,Cam,1610612763,MEM,Memphis Grizzlies,0022401170,2025-04-10T00:00:00,MEM vs. MIN,L,1.4666666666666666,0.0,0.0,0.0,0.0,0.0,0.0,0.0,0.0,0.0,0.0,0.0,0.0,0.0,0.0,0.0,0.0,0.0,0.0,0.0,0.0,-49.1,0.0,0,0,0.0,1,13222,1,13222,25823,22635,24836,22635,15070,20945,15070,13505,14344,13505,14058,22137,23286,19908,16469,12854,8263,8846,20257,17725,23200,25363,25228,2246,150,25259,1,1:28
2024-25,1641753,Chris Livingston,Chris,1610612749,MIL,Milwaukee Bucks,0022401161,2025-04-10T00:00:00,MIL vs. NOP,W,6.216666666666667,0.0,5.8,0.0,0.0,5.8,0.0,11.6,11.6,1.0,0.0,17.4,17.4,5.8,0.0,0.0,0.0,0.0,5.8,5.8,11.6,11.6,41.1,0,0,34.7,1,1,13086,1,23504,22635,22819,22635,15070,11223,15070,389,873,1,14058,307,1039,5870,16469,12854,8263,8846,3234,2908,16587,6976,7107,2246,150,10261,1,6:13
2024-25,1631123,Jamaree Bouyea,Jamaree,1610612749,MIL,Milwaukee Bucks,0022401161,2025-04-10T00:00:00,MIL vs. NOP,W,6.216666666666667,0.0,5.8,0.0,0.0,5.8,0.0,0.0,0.0,0.0,5.8,5.8,11.6,11.6,5.8,5.8,0.0,0.0,5.8,0.0,0.0,11.6,42.9,0,0,34.7,1,1,13086,1,23504,22635,22819,22635,15070,11223,15070,13505,14344,13505,1750,8806,3867,818,1565,535,8263,8846,3234,17725,23200,6976,6190,2246,150,10261,1,6:13
2024-25,1641740,Jaylen Clark,Jaylen,1610612750,MIN,Minnesota Timberwolves,0022401170,2025-04-10T00:00:00,MIN @ MEM,W,3.216666666666667,0.0,0.0,0.0,0.0,0.0,0.0,0.0,0.0,0.0,0.0,0.0,0.0,0.0,0.0,0.0,0.0,0.0,0.0,11.2,0.0,78.3,0.0,0,0,0.0,1,1,13086,1,24884,22635,24836,22635,15070,20945,15070,13505,14344,13505,14058,22137,23286,19908,16469,12854,8263,8846,20257,258,23200,178,25228,2246,150,25259,1,3:13
2024-25,1641709,Ausar Thompson,Ausar,1610612765,DET,Detroit Pistons,0022401167,2025-04-10T00:00:00,DET vs. NYK,W,21.268333333333334,0.0,6.8,0.0,0.0,0.0,0.0,5.1,6.8,0.75,0.0,6.8,6.8,1.7,1.7,0.0,3.4,3.4,0.0,3.4,5.1,11.8,24.2,0,0,20.3,1,1,13086,1,15094,22635,21817,22635,15070,20945,15070,3920,3591,8186,14058,6755,10598,17393,11951,12854,1321,1005,20257,8000,21970,6861,18811,2246,150,20687,1,21:16
2024-25,1628963,Marvin Bagley III,Marvin,1610612763,MEM,Memphis Grizzlies,0022401170,2025-04-10T00:00:00,MEM vs. MIN,L,1.4333333333333333,0.0,0.0,0.0,0.0,0.0,0.0,0.0,0.0,0.0,0.0,0.0,0.0,0.0,0.0,0.0,0.0,0.0,25.1,0.0,0.0,-50.2,0.0,0,0,0.0,1,13222,1,13222,25842,22635,24836,22635,15070,20945,15070,13505,14344,13505,14058,22137,23286,19908,16469,12854,8263,8846,66,17725,23200,25401,25228,2246,150,25259,1,1:26
2024-25,1631166,Drew Timme,Drew,1610612751,BKN,Brooklyn Nets,0022401169,2025-04-10T00:00:00,BKN vs. ATL,L,29.25,4.9,13.5,0.364,3.7,7.4,0.5,2.5,2.5,1.0,1.2,12.3,13.5,7.4,2.5,0.0,0.0,0.0,3.7,3.7,16.0,3.7,40.9,1,0,40.6,1,13222,1,13222,8450,14625,10943,16861,4715,7653,3944,9166,11315,1,11601,1226,2471,3531,8402,12854,8263,8846,8110,7148,11919,10813,7248,1,150,6432,1,29:15
2024-25,202684,Tristan Thompson,Tristan,1610612739,CLE,Cleveland Cavaliers,0022401168,2025-04-10T00:00:00,CLE @ IND,L,19.983333333333334,5.4,14.4,0.375,0.0,0.0,0.0,1.8,3.6,0.5,7.2,14.4,21.6,0.0,0.0,0.0,0.0,1.8,3.6,3.6,12.6,-9.0,38.6,0,0,34.2,1,13222,1,13222,16026,13263,9499,16299,15070,20945,15070,11237,8682,10625,1060,673,358,19908,16469,12854,8263,3898,8417,7383,15484,17426,8669,2246,150,10675,1,19:59
2024-25,1629018,Gary Trent Jr.,Gary,1610612749,MIL,Milwaukee Bucks,0022401161,2025-04-10T00:00:00,MIL vs. NOP,W,24.483333333333334,8.8,14.7,0.6,5.9,10.3,0.571,1.5,1.5,1.0,0.0,0.0,0.0,2.9,0.0,2.9,0.0,0.0,0.0,1.5,25.0,33.8,38.2,0,0,39.7,1,1,13086,1,12492,5023,9047,5394,1397,3161,3506,11847,13510,1,14058,22137,23286,13127,16469,3295,8263,8846,20257,15127,4216,1524,8874,2246,150,6947,1,24:29
2024-25,1641748,Andre Jackson Jr.,Andre,1610612749,MIL,Milwaukee Bucks,0022401161,2025-04-10T00:00:00,MIL vs. NOP,W,7.266666666666667,14.9,14.9,1.0,0.0,0.0,0.0,0.0,9.9,0.0,0.0,0.0,0.0,0.0,0.0,0.0,5.0,0.0,5.0,5.0,29.7,5.0,44.6,0,0,39.6,1,1,13086,1,23070,515,8801,1,15070,20945,15070,13505,1407,13505,14058,22137,23286,19908,16469,12854,530,8846,4710,4198,2185,10139,5372,2246,150,6986,1,7:16
2024-25,1630168,Onyeka Okongwu,Onyeka,1610612737,ATL,Atlanta Hawks,0022401169,2025-04-10T00:00:00,ATL @ BKN,W,33.36666666666667,5.4,7.6,0.714,1.1,2.2,0.5,3.2,4.3,0.75,1.1,15.1,16.2,2.2,2.2,0.0,0.0,0.0,2.2,2.2,15.1,19.4,35.6,1,0,34.5,1,1,13086,1,4841,13288,20851,2752,14077,19242,3944,7240,7175,8186,12646,546,1364,15775,9691,12854,8263,8846,14310,12356,12799,4135,10651,1,150,10423,1,33:22
2024-25,1630811,Keaton Wallace,Keaton,1610612737,ATL,Atlanta Hawks,0022401169,2025-04-10T00:00:00,ATL @ BKN,W,3.3833333333333333,0.0,21.3,0.0,0.0,21.3,0.0,0.0,0.0,0.0,0.0,0.0,0.0,10.6,0.0,0.0,0.0,0.0,0.0,0.0,0.0,-31.9,16.0,0,0,10.6,1,1,13086,1,24777,22635,2168,22635,15070,194,15070,13505,14344,13505,14058,22137,23286,1143,16469,12854,8263,8846,20257,17725,23200,24019,22875,2246,150,24301,1,3:23
2024-25,1641736,Reece Beekman,Reece,1610612751,BKN,Brooklyn Nets,0022401169,2025-04-10T00:00:00,BKN vs. ATL,L,12.816666666666666,0.0,8.4,0.0,0.0,5.6,0.0,0.0,0.0,0.0,2.8,0.0,2.8,11.2,2.8,2.8,0.0,0.0,5.6,0.0,0.0,-73.0,25.8,0,0,19.7,1,13222,1,13222,20831,22635,19598,22635,15070,11668,15070,13505,14344,13505,5840,22137,20228,926,7181,3663,8263,8846,3518,17725,23200,25921,17718,2246,150,21057,1,12:49
2024-25,1630533,Ziaire Williams,Ziaire,1610612751,BKN,Brooklyn Nets,0022401169,2025-04-10T00:00:00,BKN vs. ATL,L,15.466666666666667,7.0,16.3,0.429,2.3,4.7,0.5,4.7,7.0,0.667,2.3,0.0,2.3,0.0,0.0,4.7,0.0,0.0,4.7,7.0,20.9,-58.2,37.7,0,0,34.9,1,13222,1,13222,19270,8969,6698,13735,8750,14066,3944,4586,3377,9425,7157,22137,21143,19908,16469,1114,8263,8846,5395,1670,7128,25636,9221,2246,150,10159,1,15:28
2024-25,1631246,Vince Williams Jr.,Vince,1610612763,MEM,Memphis Grizzlies,0022401170,2025-04-10T00:00:00,MEM vs. MIN,L,17.94,4.0,8.0,0.5,2.0,4.0,0.5,0.0,0.0,0.0,0.0,6.0,6.0,2.0,2.0,0.0,0.0,2.0,4.0,0.0,10.0,-24.1,18.3,0,0,20.1,1,13222,1,13222,17606,17062,20221,8526,10132,15555,3944,13505,14344,13505,14058,8284,12230,16350,10489,12854,8263,3210,7103,17725,18128,22598,21984,2246,150,20826,1,17:56
2024-25,1642265,Rob Dillingham,Rob,1610612750,MIN,Minnesota Timberwolves,0022401170,2025-04-10T00:00:00,MIN @ MEM,W,0.7616666666666667,0.0,0.0,0.0,0.0,0.0,0.0,0.0,0.0,0.0,0.0,0.0,0.0,0.0,0.0,0.0,0.0,0.0,0.0,0.0,0.0,94.5,0.0,0,0,0.0,1,1,13086,1,26141,22635,24836,22635,15070,20945,15070,13505,14344,13505,14058,22137,23286,19908,16469,12854,8263,8846,20257,17725,23200,97,25228,2246,150,25259,1,0:46
2024-25,204456,T.J. McConnell,T.J.,1610612754,IND,Indiana Pacers,0022401168,2025-04-10T00:00:00,IND vs. CLE,W,15.666666666666666,6.9,13.8,0.5,0.0,2.3,0.0,0.0,0.0,0.0,4.6,2.3,6.9,9.2,0.0,0.0,2.3,2.3,2.3,0.0,13.8,-4.6,42.7,0,0,34.5,1,1,13086,1,19151,9176,10513,8526,15070,18989,15070,13505,14344,13505,2808,18766,10336,1868,16469,12854,2750,2429,13658,17725,14179,15364,6251,2246,150,10475,1,15:40
2024-25,201572,Brook Lopez,Brook,1610612749,MIL,Milwaukee Bucks,0022401161,2025-04-10T00:00:00,MIL vs. NOP,W,23.051666666666666,1.6,7.8,0.2,1.6,6.2,0.25,0.0,0.0,0.0,0.0,1.6,1.6,1.6,3.1,0.0,1.6,0.0,0.0,3.1,4.7,10.9,10.5,0,0,12.5,1,1,13086,1,13679,22092,20523,21401,11821,10085,11902,13505,14344,13505,14058,20749,22490,17765,6053,12854,4668,8846,20257,8803,22197,7263,24341,2246,150,23871,1,23:03
2024-25,1631169,Josh Minott,Josh,1610612750,MIN,Minnesota Timberwolves,0022401170,2025-04-10T00:00:00,MIN @ MEM,W,0.7616666666666667,0.0,0.0,0.0,0.0,0.0,0.0,0.0,0.0,0.0,0.0,0.0,0.0,0.0,0.0,0.0,0.0,0.0,0.0,0.0,0.0,94.5,0.0,0,0,0.0,1,1,13086,1,26141,22635,24836,22635,15070,20945,15070,13505,14344,13505,14058,22137,23286,19908,16469,12854,8263,8846,20257,17725,23200,97,25228,2246,150,25259,1,0:46
2024-25,1626167,Myles Turner,Myles,1610612754,IND,Indiana Pacers,0022401168,2025-04-10T00:00:00,IND vs. CLE,W,31.25,4.6,10.4,0.444,1.2,4.6,0.25,4.6,5.8,0.8,2.3,5.8,8.1,1.2,2.3,0.0,4.6,0.0,4.6,6.9,15.0,10.4,37.9,0,0,34.6,1,1,13086,1,6660,15471,16434,13045,13639,14177,11902,4667,4801,7681,7229,8882,8149,19176,9047,12854,644,8846,5519,1722,12930,7527,9079,2246,150,10395,1,31:15
2024-25,1626166,Cameron Payne,Cameron,1610612752,NYK,New York Knicks,0022401167,2025-04-10T00:00:00,NYK @ DET,L,14.65,7.4,19.7,0.375,2.5,4.9,0.5,0.0,0.0,0.0,0.0,4.9,4.9,4.9,2.5,2.5,0.0,0.0,4.9,0.0,17.2,14.7,35.4,0,0,34.4,1,13222,1,13222,19792,8070,3217,16299,8293,13401,3944,13505,14344,13505,14058,11120,15019,7658,8422,4513,8263,8846,4807,17725,10626,5725,10815,2246,150,10523,1,14:39
2024-25,1641842,Ronald Holland II,Ronald,1610612765,DET,Detroit Pistons,0022401167,2025-04-10T00:00:00,DET vs. NYK,W,21.55,10.0,18.4,0.545,1.7,3.3,0.5,0.0,0.0,0.0,1.7,6.7,8.4,0.0,0.0,0.0,1.7,0.0,3.3,5.0,21.7,-10.0,36.8,0,0,35.1,1,1,13086,1,14889,3198,4312,7695,11481,16980,3944,13505,14344,13505,9673,6925,7693,19908,16469,12854,4362,8846,9285,4094,6457,17897,9865,2246,150,10036,1,21:33
2024-25,1628973,Jalen Brunson,Jalen,1610612752,NYK,New York Knicks,0022401167,2025-04-10T00:00:00,NYK @ DET,L,29.283333333333335,6.1,18.4,0.333,3.7,11.1,0.333,2.5,6.1,0.4,2.5,0.0,2.5,6.1,3.7,0.0,2.5,1.2,2.5,8.6,18.4,-13.5,34.3,0,0,35.7,1,13222,1,13222,8415,11098,4264,17395,4724,2433,9209,9174,4288,13061,6753,22137,20885,5251,4577,12854,2456,6064,12955,783,9377,19315,11590,2246,150,9624,1,29:17
2024-25,1629731,Dean Wade,Dean,1610612739,CLE,Cleveland Cavaliers,0022401168,2025-04-10T00:00:00,CLE @ IND,L,29.183333333333334,3.7,8.6,0.429,2.5,6.2,0.4,0.0,0.0,0.0,0.0,4.9,4.9,4.9,1.2,2.5,0.0,0.0,1.2,0.0,9.9,7.4,29.4,0,0,27.1,1,13222,1,13222,8521,17828,19291,13735,8259,10274,7874,13505,14344,13505,14058,11071,14964,7610,14205,4482,8263,8846,18358,17725,18287,8936,15239,2246,150,16061,1,29:11
2024-25,1630205,Lamar Stevens,Lamar,1610612763,MEM,Memphis Grizzlies,0022401170,2025-04-10T00:00:00,MEM vs. MIN,L,3.91,0.0,0.0,0.0,0.0,0.0,0.0,0.0,0.0,0.0,0.0,27.6,27.6,0.0,0.0,0.0,0.0,0.0,0.0,0.0,0.0,-64.5,33.1,0,0,27.6,1,13222,1,13222,24541,22635,24836,22635,15070,20945,15070,13505,14344,13505,14058,53,121,19908,16469,12854,8263,8846,20257,17725,23200,25783,12473,2246,150,15701,1,3:55
2024-25,1631097,Bennedict Mathurin,Bennedict,1610612754,IND,Indiana Pacers,0022401168,2025-04-10T00:00:00,IND vs. CLE,W,23.683333333333334,9.1,21.3,0.429,1.5,7.6,0.2,0.0,0.0,0.0,1.5,3.0,4.6,1.5,0.0,1.5,0.0,1.5,3.0,0.0,19.8,-12.2,32.1,0,0,30.4,1,1,13086,1,13161,4496,2168,13735,11962,7180,13429,13505,14344,13505,10234,16588,15897,17901,16469,8323,8263,4692,10535,17725,8108,18800,13273,2246,150,13631,1,23:41
2024-25,1629638,Nickeil Alexander-Walker,Nickeil,1610612750,MIN,Minnesota Timberwolves,0022401170,2025-04-10T00:00:00,MIN @ MEM,W,24.55,4.4,11.7,0.375,2.9,7.3,0.4,2.9,2.9,1.0,1.5,5.9,7.3,2.9,0.0,1.5,0.0,1.5,1.5,2.9,14.7,-11.7,32.3,0,0,30.8,1,1,13086,1,12423,16060,14054,16299,6751,7758,7874,8001,10134,1,10450,8630,9508,13152,16469,8547,8263,4904,17362,9480,13230,18637,13122,2246,150,13329,1,24:33
2024-25,1626171,Bobby Portis,Bobby,1610612749,MIL,Milwaukee Bucks,0022401161,2025-04-10T00:00:00,MIL vs. NOP,W,22.0,8.2,16.4,0.5,3.3,6.5,0.5,3.3,3.3,1.0,0.0,13.1,13.1,0.0,1.6,1.6,0.0,0.0,3.3,1.6,22.9,27.8,41.9,0,0,42.5,1,1,13086,1,14502,6242,6592,8526,5748,9437,3944,7159,9368,1,14058,982,2743,19908,12191,7867,8263,8846,9557,14498,5550,2297,6674,2246,150,5379,1,22:00
2024-25,1631157,Ryan Rollins,Ryan,1610612749,MIL,Milwaukee Bucks,0022401161,2025-04-10T00:00:00,MIL vs. NOP,W,19.4,9.3,14.8,0.625,3.7,9.3,0.4,0.0,0.0,0.0,0.0,1.9,1.9,3.7,3.7,1.9,0.0,0.0,0.0,0.0,22.3,5.6,31.9,0,0,35.3,1,1,13086,1,16499,4240,8830,4899,4672,4408,7874,13505,14344,13505,14058,20093,22074,10757,4532,6998,8263,8846,20257,17725,6019,9810,13388,2246,150,9908,1,19:24
2024-25,1631260,AJ Green,AJ,1610612749,MIL,Milwaukee Bucks,0022401161,2025-04-10T00:00:00,MIL vs. NOP,W,19.966666666666665,1.8,7.2,0.25,1.8,7.2,0.25,0.0,0.0,0.0,0.0,5.4,5.4,5.4,1.8,1.8,0.0,0.0,3.6,0.0,5.4,27.0,23.6,0,0,21.6,1,1,13086,1,16042,21752,21308,20233,11064,8023,11902,13505,14344,13505,14058,9767,13793,6617,11538,7238,8263,8846,8405,17725,21790,2422,19190,2246,150,19874,1,19:58
2024-25,1641810,Antonio Reeves,Antonio,1610612740,NOP,New Orleans Pelicans,0022401161,2025-04-10T00:00:00,NOP @ MIL,L,37.266666666666666,4.8,14.5,0.333,1.9,7.7,0.25,3.9,5.8,0.667,0.0,3.9,3.9,2.9,1.0,2.9,0.0,0.0,2.9,2.9,15.5,-12.6,32.2,0,0,29.9,1,13222,1,13222,1815,14859,9370,17395,10493,6938,11902,5947,4755,9425,14058,14140,17671,13285,16055,3416,8263,8846,11198,9597,12456,18971,13204,2246,150,13980,1,37:16
2024-25,1641744,Zach Edey,Zach,1610612763,MEM,Memphis Grizzlies,0022401170,2025-04-10T00:00:00,MEM vs. MIN,L,29.86,2.4,4.8,0.5,0.0,0.0,0.0,3.6,4.8,0.75,4.8,6.0,10.9,0.0,1.2,0.0,1.2,0.0,4.8,3.6,8.4,-3.6,23.9,0,0,21.7,1,13222,1,13222,7918,20640,23587,8526,15070,20945,15070,6459,6251,8186,2536,8267,4554,19908,14397,12854,6134,8846,5005,7346,19564,14857,19040,2246,150,19840,1,29:52
2024-25,1630623,Tyson Etienne,Tyson,1610612751,BKN,Brooklyn Nets,0022401169,2025-04-10T00:00:00,BKN vs. ATL,L,29.966666666666665,6.0,16.8,0.357,4.8,14.4,0.333,2.4,2.4,1.0,1.2,0.0,1.2,2.4,1.2,1.2,0.0,0.0,6.0,1.2,19.2,-18.0,26.7,0,0,30.0,1,13222,1,13222,7812,11487,6011,17140,2546,821,9209,9327,11479,1,11788,22137,22936,14872,14432,10162,8263,8846,2930,16394,8632,20941,17169,2246,150,13919,1,29:58
2024-25,1628969,Mikal Bridges,Mikal,1610612752,NYK,New York Knicks,0022401167,2025-04-10T00:00:00,NYK @ DET,L,32.96666666666667,7.6,10.9,0.7,1.1,2.2,0.5,2.2,2.2,1.0,1.1,1.1,2.2,7.6,3.3,2.2,1.1,0.0,3.3,2.2,18.6,-12.0,39.2,0,0,36.0,1,13222,1,13222,5178,7396,15495,3045,13987,19198,3944,10013,12138,1,12532,21770,21447,3230,5574,5460,6846,8846,9540,12227,9257,18739,8266,2246,150,9345,1,32:58
2024-25,1641854,Craig Porter Jr.,Craig,1610612739,CLE,Cleveland Cavaliers,0022401168,2025-04-10T00:00:00,CLE @ IND,L,27.566666666666666,9.1,22.2,0.412,1.3,5.2,0.25,1.3,2.6,0.5,2.6,1.3,3.9,3.9,5.2,0.0,0.0,5.2,0.0,1.3,20.9,-17.0,26.2,0,0,30.0,1,13222,1,13222,9899,4459,1729,14791,12835,12650,11902,12285,10950,10625,6319,21272,17523,10178,2094,12854,8263,322,20257,15881,7168,20611,17447,2246,150,13916,1,27:34
2024-25,1629723,John Konchar,John,1610612763,MEM,Memphis Grizzlies,0022401170,2025-04-10T00:00:00,MEM vs. MIN,L,7.171666666666667,5.0,5.0,1.0,5.0,5.0,1.0,0.0,0.0,0.0,0.0,10.0,10.0,0.0,0.0,0.0,0.0,0.0,0.0,5.0,15.1,-15.1,27.1,0,0,30.1,1,13222,1,13222,23107,14329,23449,1,2252,13161,1,13505,14344,13505,14058,2546,5390,19908,16469,12854,8263,8846,20257,4077,12849,19924,16871,2246,150,13857,1,7:10
2024-25,1630171,Isaac Okoro,Isaac,1610612739,CLE,Cleveland Cavaliers,0022401168,2025-04-10T00:00:00,CLE @ IND,L,31.083333333333332,5.8,12.7,0.455,2.3,6.9,0.333,1.2,1.2,1.0,0.0,2.3,2.3,2.3,0.0,0.0,0.0,0.0,4.6,2.3,15.1,-1.2,21.3,0,0,22.0,1,13222,1,13222,6807,12132,12313,12676,8792,8571,9209,12728,13952,1,14058,18717,21164,15170,16469,12854,8263,8846,5460,11683,12850,13648,20527,2246,150,19676,1,31:05
2024-25,1627752,Taurean Prince,Taurean,1610612749,MIL,Milwaukee Bucks,0022401161,2025-04-10T00:00:00,MIL vs. NOP,W,21.816666666666666,3.3,6.6,0.5,3.3,6.6,0.5,0.0,0.0,0.0,0.0,6.6,6.6,3.3,0.0,0.0,0.0,0.0,3.3,0.0,9.9,13.2,22.8,0,0,23.1,1,1,13086,1,14648,18755,22016,8526,5660,9318,3944,13505,14344,13505,14058,7103,10945,11976,16469,12854,8263,8846,9454,17725,18255,6303,19706,2246,150,18933,1,21:49
2024-25,201144,Mike Conley,Mike,1610612750,MIN,Minnesota Timberwolves,0022401170,2025-04-10T00:00:00,MIN @ MEM,W,26.633333333333333,2.7,9.5,0.286,0.0,5.4,0.0,5.4,5.4,1.0,1.4,1.4,2.7,12.2,2.7,1.4,1.4,1.4,6.8,1.4,10.8,39.2,37.7,0,0,31.1,1,1,13086,1,10618,20084,18018,19630,15070,12197,15070,3522,5306,1,10971,21179,20442,684,7522,9181,5437,5392,2173,15666,17354,1028,9215,2246,150,13085,1,26:38
2024-25,1629750,Javonte Green,Javonte,1610612739,CLE,Cleveland Cavaliers,0022401168,2025-04-10T00:00:00,CLE @ IND,L,21.666666666666668,1.7,5.0,0.333,0.0,1.7,0.0,1.7,3.3,0.5,0.0,3.3,3.3,3.3,1.7,1.7,0.0,1.7,3.3,1.7,5.0,-23.3,17.3,0,0,15.0,1,13222,1,13222,14776,21950,23478,17395,15070,20094,15070,11483,9254,10625,14058,15727,18936,11907,12088,7761,8263,4251,9376,14407,22020,22400,22383,2246,150,23075,1,21:40
2024-25,1631243,Mouhamed Gueye,Mouhamed,1610612737,ATL,Atlanta Hawks,0022401169,2025-04-10T00:00:00,ATL @ BKN,W,22.8,1.6,6.3,0.25,0.0,1.6,0.0,4.7,7.9,0.6,4.7,14.2,18.9,1.6,1.6,1.6,0.0,1.6,4.7,7.9,7.9,34.7,36.2,0,0,31.6,1,1,13086,1,13875,22064,22305,20233,15070,20195,15070,4448,2594,10343,2627,717,707,17713,12425,8065,8263,4492,5197,1073,20000,1421,10260,2246,150,12716,1,22:48
2024-25,1629013,Landry Shamet,Landry,1610612752,NYK,New York Knicks,0022401167,2025-04-10T00:00:00,NYK @ DET,L,15.033333333333333,7.2,9.6,0.75,4.8,7.2,0.667,2.4,2.4,1.0,0.0,0.0,0.0,4.8,0.0,0.0,0.0,0.0,2.4,9.6,21.6,4.8,28.7,0,0,31.1,1,13222,1,13222,19532,8498,17811,2107,2578,8073,1957,9351,11501,1,14058,22137,23286,7944,16469,12854,8263,8846,13233,500,6594,10223,15691,2246,150,13053,1,15:02
2024-25,1630167,Obi Toppin,Obi,1610612754,IND,Indiana Pacers,0022401168,2025-04-10T00:00:00,IND vs. CLE,W,19.416666666666668,7.4,13.0,0.571,1.9,7.4,0.25,1.9,3.7,0.5,1.9,5.6,7.4,3.7,1.9,0.0,3.7,0.0,0.0,3.7,18.5,-5.6,42.3,0,0,38.9,1,1,13086,1,16483,7973,11895,6538,10860,7572,11902,11108,8465,10625,9024,9383,9342,10767,11297,12854,1078,8846,20257,7112,9284,15861,6489,2246,150,7421,1,19:25
2024-25,200782,P.J. Tucker,P.J.,1610612752,NYK,New York Knicks,0022401167,2025-04-10T00:00:00,NYK @ DET,L,26.851666666666667,1.3,2.7,0.5,1.3,2.7,0.5,0.0,0.0,0.0,4.0,4.0,8.0,0.0,0.0,0.0,0.0,0.0,4.0,0.0,4.0,-8.0,13.7,0,0,13.4,1,13222,1,13222,10451,22357,24594,8526,12689,18293,3944,13505,14344,13505,3573,13661,8187,19908,16469,12854,8263,8846,7089,17725,22544,16994,23580,2246,150,23586,1,26:51
2024-25,1628418,Thomas Bryant,Thomas,1610612754,IND,Indiana Pacers,0022401168,2025-04-10T00:00:00,IND vs. CLE,W,8.1,0.0,8.9,0.0,0.0,4.4,0.0,0.0,0.0,0.0,4.4,8.9,13.3,0.0,0.0,0.0,0.0,0.0,0.0,4.4,0.0,-31.1,16.0,0,0,13.3,1,1,13086,1,22780,22635,18876,22635,15070,14579,15070,13505,14344,13505,2990,3614,2581,19908,16469,12854,8263,8846,20257,5250,23200,23909,22854,2246,150,23602,1,8:06
2024-25,1630183,Jaden McDaniels,Jaden,1610612750,MIN,Minnesota Timberwolves,0022401170,2025-04-10T00:00:00,MIN @ MEM,W,29.721666666666668,4.8,8.5,0.571,2.4,4.8,0.5,0.0,0.0,0.0,1.2,4.8,6.1,1.2,2.4,1.2,0.0,0.0,3.6,0.0,12.1,12.1,22.4,0,0,24.2,1,1,13086,1,8024,14823,19523,6538,8407,13586,3944,13505,14344,13505,11720,11297,12153,18984,8563,10085,8263,8846,8318,17725,16020,6747,19922,2246,150,18186,1,29:43
2024-25,1628386,Jarrett Allen,Jarrett,1610612739,CLE,Cleveland Cavaliers,0022401168,2025-04-10T00:00:00,CLE @ IND,L,15.9,2.3,9.1,0.25,0.0,0.0,0.0,2.3,4.5,0.5,6.8,15.8,22.6,2.3,0.0,0.0,0.0,2.3,0.0,2.3,6.8,-6.8,37.4,0,0,31.7,1,13222,1,13222,18998,20919,18629,20233,15070,20945,15070,9738,6779,10625,1231,448,284,15369,16469,12854,8263,2519,20257,11880,20863,16417,9437,2246,150,12625,1,15:54
2024-25,1629611,Terance Mann,Terance,1610612737,ATL,Atlanta Hawks,0022401169,2025-04-10T00:00:00,ATL @ BKN,W,24.933333333333334,8.7,13.0,0.667,1.4,2.9,0.5,1.4,2.9,0.5,2.9,1.4,4.3,0.0,0.0,1.4,0.0,1.4,4.3,2.9,20.2,17.3,29.7,0,0,28.9,1,1,13086,1,12062,5323,11864,3281,12276,17884,3944,11918,10262,10625,5616,21001,16452,19908,16469,8666,8263,5003,6192,9626,7727,4797,14985,2246,150,14799,1,24:56
2024-25,1641724,Jett Howard,Jett,1610612753,ORL,Orlando Magic,0022401156,2025-04-09T00:00:00,ORL vs. BOS,W,5.583333333333333,0.0,6.4,0.0,0.0,6.4,0.0,0.0,0.0,0.0,0.0,12.9,12.9,6.4,0.0,0.0,0.0,0.0,0.0,0.0,0.0,-6.4,25.1,0,0,19.3,1,1,13086,1,23752,22635,22155,22635,15070,9655,15070,13505,14344,13505,14058,1049,2875,4786,16469,12854,8263,8846,20257,17725,23200,16265,18180,2246,150,21233,1,5:35
2024-25,203076,Anthony Davis,Anthony,1610612742,DAL,Dallas Mavericks,0022401159,2025-04-09T00:00:00,DAL vs. LAL,L,33.36666666666667,5.4,14.0,0.385,0.0,2.2,0.0,3.2,5.4,0.6,2.2,9.7,11.9,6.5,4.3,0.0,1.1,0.0,2.2,4.3,14.0,-10.8,36.9,1,0,34.5,1,13222,1,13222,4841,13288,10127,16070,15070,19242,15070,7240,5323,10343,7726,2806,3600,4754,3285,12854,6919,8846,14310,5543,13906,18226,9771,1,150,10423,1,33:22
2024-25,1641775,Jordan Walsh,Jordan,1610612738,BOS,Boston Celtics,0022401156,2025-04-09T00:00:00,BOS @ ORL,L,9.016666666666667,0.0,12.0,0.0,0.0,8.0,0.0,0.0,0.0,0.0,4.0,4.0,8.0,4.0,0.0,0.0,0.0,0.0,0.0,0.0,0.0,-63.9,15.6,0,0,12.0,1,13222,1,13222,22447,22635,13626,22635,15070,6472,15070,13505,14344,13505,3602,13747,8295,9957,16469,12854,8263,8846,20257,17725,23200,25764,23003,2246,150,23980,1,9:01
2024-25,1627827,Dorian Finney-Smith,Dorian,1610612747,LAL,Los Angeles Lakers,0022401159,2025-04-09T00:00:00,LAL @ DAL,W,32.88333333333333,2.2,8.8,0.25,1.1,6.6,0.167,0.0,0.0,0.0,4.4,1.1,5.5,5.5,0.0,1.1,0.0,1.1,0.0,0.0,5.5,31.7,23.5,0,0,19.7,1,1,13086,1,5255,21062,19087,20233,13971,9390,14236,13505,14344,13505,3079,21761,13614,6480,16469,11062,8263,7087,20257,17725,21751,1761,19236,2246,150,21032,1,32:53
2024-25,1642353,Cam Christie,Cam,1610612746,LAC,LA Clippers,0022401166,2025-04-09T00:00:00,LAC vs. HOU,W,0.7866666666666666,0.0,0.0,0.0,0.0,0.0,0.0,0.0,0.0,0.0,0.0,0.0,0.0,0.0,0.0,0.0,0.0,0.0,0.0,0.0,0.0,0.0,0.0,0,0,0.0,1,1,13086,1,26134,22635,24836,22635,15070,20945,15070,13505,14344,13505,14058,22137,23286,19908,16469,12854,8263,8846,20257,17725,23200,12240,25228,2246,150,25259,1,0:47
2024-25,1629640,Keldon Johnson,Keldon,1610612759,SAS,San Antonio Spurs,0022401163,2025-04-09T00:00:00,SAS @ GSW,W,30.533333333333335,9.4,20.0,0.471,1.2,5.9,0.2,4.7,4.7,1.0,3.5,5.9,9.4,2.4,1.2,1.2,0.0,1.2,3.5,3.5,24.8,23.6,42.0,0,0,40.1,1,1,13086,1,7291,3977,2944,12143,13480,10953,13429,4494,6453,1,4313,8554,6139,15023,14589,10355,8263,6410,8641,7570,4330,3132,6636,2246,150,6734,1,30:32
2024-25,1641739,Toumani Camara,Toumani,1610612757,POR,Portland Trail Blazers,0022401162,2025-04-09T00:00:00,POR @ UTA,L,32.93333333333333,6.6,19.7,0.333,2.2,8.7,0.25,2.2,2.2,1.0,3.3,3.3,6.6,2.2,0.0,2.2,1.1,2.2,1.1,4.4,17.5,8.7,38.5,0,0,35.0,1,13222,1,13222,5210,10041,3204,17395,9286,5187,11902,9999,12127,1,4785,15855,11038,15678,16469,5453,6833,2681,19138,5413,10330,8302,8720,2246,150,10104,1,32:56
2024-25,1641757,Jordan Miller,Jordan,1610612746,LAC,LA Clippers,0022401166,2025-04-09T00:00:00,LAC vs. HOU,W,1.1,0.0,0.0,0.0,0.0,0.0,0.0,0.0,0.0,0.0,0.0,0.0,0.0,0.0,0.0,0.0,0.0,0.0,0.0,0.0,0.0,98.2,0.0,0,0,0.0,1,1,13086,1,26022,22635,24836,22635,15070,20945,15070,13505,14344,13505,14058,22137,23286,19908,16469,12854,8263,8846,20257,17725,23200,75,25228,2246,150,25259,1,1:06
2024-25,1641998,Trey Jemison III,Trey,1610612747,LAL,Los Angeles Lakers,0022401159,2025-04-09T00:00:00,LAL @ DAL,W,1.5833333333333333,0.0,0.0,0.0,0.0,0.0,0.0,0.0,0.0,0.0,0.0,0.0,0.0,0.0,0.0,0.0,0.0,0.0,0.0,0.0,0.0,-22.7,0.0,0,0,0.0,1,1,13086,1,25736,22635,24836,22635,15070,20945,15070,13505,14344,13505,14058,22137,23286,19908,16469,12854,8263,8846,20257,17725,23200,22274,25228,2246,150,25259,1,1:35
2024-25,1628960,Grayson Allen,Grayson,1610612756,PHX,Phoenix Suns,0022401164,2025-04-09T00:00:00,PHX vs. OKC,L,23.066666666666666,3.1,9.4,0.333,0.0,3.1,0.0,0.0,0.0,0.0,1.6,4.7,6.2,1.6,6.2,3.1,0.0,0.0,6.2,0.0,6.2,-32.8,19.2,0,0,20.3,1,13222,1,13222,13659,19146,18177,17395,15070,17415,15070,13505,14344,13505,10076,11763,11720,17768,1252,2886,8263,8846,2664,17725,21215,24133,21551,2246,150,20697,1,23:04
2024-25,1630215,Jared Butler,Jared,1610612755,PHI,Philadelphia 76ers,0022401157,2025-04-09T00:00:00,PHI @ WAS,W,29.433333333333334,6.1,17.1,0.357,3.7,11.0,0.333,0.0,0.0,0.0,2.4,4.9,7.3,4.9,2.4,1.2,0.0,0.0,4.9,0.0,15.9,-6.1,33.3,0,0,34.2,1,1,13086,1,8281,11182,5674,17140,4760,2481,9209,13505,14344,13505,6786,11178,9498,7701,8463,9989,8263,8846,4855,17725,12027,16118,12377,2246,150,10657,1,29:26
2024-25,1629023,P.J. Washington,P.J.,1610612742,DAL,Dallas Mavericks,0022401159,2025-04-09T00:00:00,DAL vs. LAL,L,32.583333333333336,4.4,13.3,0.333,3.3,7.7,0.429,3.3,4.4,0.75,1.1,4.4,5.5,3.3,5.5,2.2,1.1,0.0,1.1,2.2,15.5,-27.6,31.5,0,0,34.3,1,13222,1,13222,5492,16013,11376,17395,5615,6929,7394,7077,6996,8186,12431,12481,13475,11928,1791,5361,6760,8846,19073,12120,12449,23358,13679,2246,150,10654,1,32:35
2024-25,1641779,Jalen Bridges,Jalen,1610612756,PHX,Phoenix Suns,0022401164,2025-04-09T00:00:00,PHX vs. OKC,L,1.8666666666666667,0.0,19.3,0.0,0.0,19.3,0.0,0.0,0.0,0.0,0.0,0.0,0.0,0.0,0.0,0.0,0.0,0.0,0.0,0.0,0.0,77.1,0.0,0,0,0.0,1,13222,1,13222,25549,22635,3504,22635,15070,271,15070,13505,14344,13505,14058,22137,23286,19908,16469,12854,8263,8846,20257,17725,23200,184,25228,2246,150,25259,1,1:52
2024-25,1629674,Neemias Queta,Neemias,1610612738,BOS,Boston Celtics,0022401156,2025-04-09T00:00:00,BOS @ ORL,L,25.366666666666667,5.7,8.5,0.667,0.0,0.0,0.0,4.3,5.7,0.75,4.3,5.7,9.9,2.8,4.3,0.0,2.8,0.0,2.8,4.3,15.6,-24.1,36.0,0,0,34.1,1,13222,1,13222,11682,12492,19468,3281,15070,20945,15070,5243,4924,8186,3238,9100,5507,13477,3406,12854,1898,8846,11467,5709,12311,22608,10337,2246,150,10801,1,25:22
2024-25,1630243,Trevelin Queen,Trevelin,1610612753,ORL,Orlando Magic,0022401156,2025-04-09T00:00:00,ORL vs. BOS,W,5.583333333333333,0.0,12.9,0.0,0.0,12.9,0.0,6.4,12.9,0.5,0.0,12.9,12.9,0.0,0.0,0.0,0.0,0.0,0.0,6.4,6.4,-6.4,21.9,0,0,19.3,1,1,13086,1,23752,22635,12048,22635,15070,1351,15070,2451,604,10625,14058,1049,2875,19908,16469,12854,8263,8846,20257,2127,21085,16265,20192,2246,150,21233,1,5:35
2024-25,1629098,Jack McVeigh,Jack,1610612745,HOU,Houston Rockets,0022401166,2025-04-09T00:00:00,HOU @ LAC,L,2.8833333333333333,0.0,0.0,0.0,0.0,0.0,0.0,0.0,0.0,0.0,0.0,0.0,0.0,0.0,0.0,0.0,0.0,0.0,12.5,0.0,0.0,-74.9,0.0,0,0,0.0,1,13222,1,13222,25039,22635,24836,22635,15070,20945,15070,13505,14344,13505,14058,22137,23286,19908,16469,12854,8263,8846,375,17725,23200,25952,25228,2246,150,25259,1,2:53
2024-25,203084,Harrison Barnes,Harrison,1610612759,SAS,San Antonio Spurs,0022401163,2025-04-09T00:00:00,SAS @ GSW,W,35.71666666666667,6.0,9.1,0.667,6.0,9.1,0.667,2.0,2.0,1.0,0.0,4.0,4.0,2.0,1.0,1.0,0.0,0.0,4.0,3.0,20.2,3.0,30.0,0,0,34.3,1,1,13086,1,2887,11373,18610,3281,1271,4707,1957,10589,12677,1,14058,13622,17240,16317,15792,11881,8263,8846,7054,9151,7783,11103,14764,2246,150,10639,1,35:43
2024-25,1630639,A.J. Lawson,A.J.,1610612761,TOR,Toronto Raptors,0022401158,2025-04-09T00:00:00,TOR vs. CHA,W,27.893333333333334,6.5,11.6,0.556,2.6,6.5,0.4,2.6,5.2,0.5,2.6,5.2,7.7,9.0,0.0,1.3,0.0,0.0,1.3,3.9,18.1,23.2,44.8,0,0,40.0,1,1,13086,1,9636,10305,14279,7248,7888,9642,7874,8851,5658,10625,6398,10386,8729,1993,16469,9516,8263,8846,18072,6647,9770,3210,5287,2246,150,6778,1,27:54
2024-25,1641763,Julian Phillips,Julian,1610612741,CHI,Chicago Bulls,0022401160,2025-04-09T00:00:00,CHI vs. MIA,W,6.9,5.2,5.2,1.0,0.0,0.0,0.0,0.0,0.0,0.0,0.0,0.0,0.0,0.0,0.0,0.0,0.0,0.0,0.0,0.0,10.4,0.0,10.4,0,0,10.4,1,1,13086,1,23212,13767,23309,1,15070,20945,15070,13505,14344,13505,14058,22137,23286,19908,16469,12854,8263,8846,20257,17725,17721,12240,24347,2246,150,24350,1,6:54
2024-25,1629618,Jalen Pickett,Jalen,1610612743,DEN,Denver Nuggets,0022401165,2025-04-09T00:00:00,DEN @ SAC,W,31.25,6.9,11.5,0.6,5.8,8.1,0.714,1.2,2.3,0.5,0.0,1.2,1.2,4.6,1.2,1.2,0.0,0.0,1.2,1.2,20.7,13.8,31.3,0,0,34.6,1,1,13086,1,6660,9141,14438,5394,1517,6344,1861,12744,11761,10625,14058,21627,23007,8395,14782,10563,8263,8846,18801,16635,7285,6072,13797,2246,150,10395,1,31:15
2024-25,1642382,Branden Carlson,Branden,1610612760,OKC,Oklahoma City Thunder,0022401164,2025-04-09T00:00:00,OKC @ PHX,W,1.8666666666666667,0.0,0.0,0.0,0.0,0.0,0.0,0.0,0.0,0.0,0.0,0.0,0.0,0.0,0.0,0.0,0.0,0.0,0.0,0.0,0.0,-77.1,0.0,0,0,0.0,1,1,13086,1,25549,22635,24836,22635,15070,20945,15070,13505,14344,13505,14058,22137,23286,19908,16469,12854,8263,8846,20257,17725,23200,25978,25228,2246,150,25259,1,1:52
2024-25,1629008,Michael Porter Jr.,Michael,1610612743,DEN,Denver Nuggets,0022401165,2025-04-09T00:00:00,DEN @ SAC,W,35.18333333333333,7.2,14.3,0.5,4.1,8.2,0.5,3.1,4.1,0.75,1.0,4.1,5.1,2.0,0.0,1.0,0.0,1.0,2.0,3.1,21.5,5.1,33.8,0,0,34.8,1,1,13086,1,3324,8555,9651,8526,3799,6104,3944,7623,7648,8186,13069,13441,14470,16206,16469,11734,8263,7721,14896,8999,6655,10047,12000,2246,150,10236,1,35:11
2024-25,1642280,Trentyn Flowers,Trentyn,1610612746,LAC,LA Clippers,0022401166,2025-04-09T00:00:00,LAC vs. HOU,W,0.7866666666666666,0.0,45.8,0.0,0.0,0.0,0.0,0.0,0.0,0.0,0.0,0.0,0.0,0.0,0.0,0.0,0.0,0.0,0.0,0.0,0.0,0.0,0.0,0,0,0.0,1,1,13086,1,26134,22635,45,22635,15070,20945,15070,13505,14344,13505,14058,22137,23286,19908,16469,12854,8263,8846,20257,17725,23200,12240,25228,2246,150,25259,1,0:47
2024-25,1631106,Tari Eason,Tari,1610612745,HOU,Houston Rockets,0022401166,2025-04-09T00:00:00,HOU @ LAC,L,26.816666666666666,9.4,16.1,0.583,2.7,5.4,0.5,1.3,2.7,0.5,1.3,5.4,6.7,2.7,1.3,1.3,1.3,0.0,2.7,4.0,22.8,-26.8,41.6,0,0,40.3,1,13222,1,13222,10473,4029,6966,6296,7583,12284,3944,12192,10785,10625,11003,9855,10706,13949,13606,9231,5475,8846,12101,6236,5613,23216,6821,2246,150,6631,1,26:49
2024-25,203484,Kentavious Caldwell-Pope,Kentavious,1610612753,ORL,Orlando Magic,0022401156,2025-04-09T00:00:00,ORL vs. BOS,W,7.233333333333333,0.0,5.0,0.0,0.0,5.0,0.0,0.0,0.0,0.0,0.0,10.0,10.0,0.0,5.0,0.0,0.0,0.0,0.0,0.0,0.0,-5.0,7.0,0,0,10.0,1,1,13086,1,23081,22635,23482,22635,15070,13261,15070,13505,14344,13505,14058,2620,5490,19908,2367,12854,8263,8846,20257,17725,23200,15570,24825,2246,150,24434,1,7:14
2024-25,1630559,Austin Reaves,Austin,1610612747,LAL,Los Angeles Lakers,0022401159,2025-04-09T00:00:00,LAL @ DAL,W,38.45,3.7,9.4,0.4,0.9,4.7,0.2,1.9,1.9,1.0,1.9,1.9,3.7,3.7,1.9,0.9,0.0,0.9,2.8,1.9,10.3,17.8,21.3,0,0,20.6,1,1,13086,1,1135,17721,18180,14933,14848,14010,13429,11038,13053,1,8937,20037,17946,10667,11203,12466,8263,8444,11609,13629,17860,4629,20502,2246,150,20520,1,38:27
2024-25,1641794,Dillon Jones,Dillon,1610612760,OKC,Oklahoma City Thunder,0022401164,2025-04-09T00:00:00,OKC @ PHX,W,19.615,1.8,3.7,0.5,0.0,0.0,0.0,0.0,0.0,0.0,1.8,3.7,5.5,0.0,1.8,0.0,1.8,0.0,1.8,0.0,3.7,-5.5,13.9,0,0,12.8,1,1,13086,1,16330,21696,24243,8526,15070,20945,15070,13505,14344,13505,9108,14730,13527,19908,11387,12854,3971,8846,16008,17725,22708,15837,23513,2246,150,23761,1,19:37
2024-25,203897,Zach LaVine,Zach,1610612758,SAC,Sacramento Kings,0022401165,2025-04-09T00:00:00,SAC vs. DEN,L,43.71666666666667,8.2,16.5,0.5,3.3,6.6,0.5,2.5,3.3,0.75,0.0,0.0,0.0,9.1,3.3,0.0,0.0,0.8,1.6,3.3,22.2,-6.6,32.5,1,0,34.6,1,13222,1,13222,103,6130,6465,8526,5686,9345,3944,9136,9327,8186,14058,22137,23286,1976,5523,12854,8263,8809,16725,8269,6057,16332,12930,1,150,10377,1,43:43
2024-25,1630558,Davion Mitchell,Davion,1610612748,MIA,Miami Heat,0022401160,2025-04-09T00:00:00,MIA @ CHI,L,35.583333333333336,6.1,10.1,0.6,2.0,5.1,0.4,3.0,4.0,0.75,1.0,2.0,3.0,8.1,1.0,4.0,1.0,1.0,3.0,5.1,17.2,-2.0,47.1,0,0,40.5,1,13222,1,13222,3006,11315,16879,5394,10051,13054,7874,7704,7745,8186,13160,19581,19621,2791,15766,1588,7407,7808,10557,4000,10631,14059,4260,2246,150,6509,1,35:35
2024-25,1642276,Kel'el Ware,Kel'el,1610612748,MIA,Miami Heat,0022401160,2025-04-09T00:00:00,MIA @ CHI,L,25.333333333333332,8.5,12.8,0.667,0.0,0.0,0.0,0.0,0.0,0.0,5.7,4.3,9.9,1.4,0.0,1.4,1.4,0.0,2.8,0.0,17.1,-14.2,39.6,0,0,34.1,1,13222,1,13222,11714,5565,12235,3281,15070,20945,15070,13505,14344,13505,1819,12923,5495,18266,16469,8794,5144,8846,11449,17725,10796,19586,7993,2246,150,10769,1,25:20
2024-25,1631466,Nate Williams,Nate,1610612745,HOU,Houston Rockets,0022401166,2025-04-09T00:00:00,HOU @ LAC,L,16.1,4.5,11.2,0.4,0.0,2.2,0.0,0.0,0.0,0.0,0.0,0.0,0.0,2.2,2.2,4.5,0.0,0.0,2.2,2.2,8.9,-17.9,23.5,0,0,20.1,1,13222,1,13222,18858,15857,15056,14933,15070,19103,15070,13505,14344,13505,14058,22137,23286,15494,9366,1245,8263,8846,13941,12003,19137,20899,19273,2246,150,20781,1,16:06
2024-25,202692,Alec Burks,Alec,1610612748,MIA,Miami Heat,0022401160,2025-04-09T00:00:00,MIA @ CHI,L,15.5,4.6,13.9,0.333,4.6,9.3,0.5,2.3,2.3,1.0,0.0,4.6,4.6,0.0,0.0,4.6,0.0,0.0,2.3,4.6,16.3,-9.3,35.8,0,0,34.8,1,13222,1,13222,19251,15377,10266,17395,2813,4391,3944,9553,11713,1,14058,11868,15714,19908,16469,1123,8263,8846,13553,4843,11645,17575,10525,2246,150,10198,1,15:30
2024-25,1630532,Franz Wagner,Franz,1610612753,ORL,Orlando Magic,0022401156,2025-04-09T00:00:00,ORL vs. BOS,W,25.925,12.5,23.6,0.529,2.8,5.6,0.5,4.2,4.2,1.0,1.4,9.7,11.1,2.8,1.4,2.8,0.0,1.4,0.0,8.3,31.9,25.0,56.4,0,0,54.2,1,1,13086,1,11226,1247,1195,8281,7291,11832,3944,5402,7480,1,10803,2799,4314,13659,13349,3740,8263,5223,20257,884,1543,2821,1748,2246,150,1595,1,25:56
2024-25,1629655,Daniel Gafford,Daniel,1610612742,DAL,Dallas Mavericks,0022401159,2025-04-09T00:00:00,DAL vs. LAL,L,15.116666666666667,9.5,14.3,0.667,0.0,0.0,0.0,4.8,4.8,1.0,4.8,9.5,14.3,7.1,0.0,0.0,4.8,0.0,7.1,7.1,23.8,16.7,66.0,0,0,54.8,1,13222,1,13222,19484,3839,9709,3281,15070,20945,15070,4408,6368,1,2603,2980,2106,3828,16469,12854,589,8846,1862,1550,4928,5010,636,2246,150,1491,1,15:07
2024-25,1630175,Cole Anthony,Cole,1610612753,ORL,Orlando Magic,0022401156,2025-04-09T00:00:00,ORL vs. BOS,W,21.85,9.9,21.4,0.462,8.2,16.5,0.5,1.6,1.6,1.0,1.6,11.5,13.2,4.9,1.6,0.0,0.0,0.0,1.6,1.6,29.7,36.2,51.2,0,0,56.0,1,1,13086,1,14613,3352,2081,12428,410,464,3944,11512,13344,1,9755,1608,2682,7587,12152,12854,8263,8846,16720,14464,2209,1266,2916,2246,150,1310,1,21:51
2024-25,1626220,Royce O'Neale,Royce,1610612756,PHX,Phoenix Suns,0022401164,2025-04-09T00:00:00,PHX vs. OKC,L,18.866666666666667,7.6,17.2,0.444,5.7,15.3,0.375,0.0,0.0,0.0,1.9,0.0,1.9,3.8,1.9,1.9,3.8,1.9,3.8,0.0,21.0,0.0,44.3,0,0,43.9,1,13222,1,13222,16929,7428,5606,13045,1543,638,8800,13505,14344,13505,8782,22137,21985,10458,10999,6724,1020,3516,7682,17725,7090,12240,5531,2246,150,4746,1,18:52
2024-25,1642367,Jonathan Mogbo,Jonathan,1610612761,TOR,Toronto Raptors,0022401158,2025-04-09T00:00:00,TOR vs. CHA,W,37.61,6.7,15.3,0.438,1.0,4.8,0.2,1.9,1.9,1.0,2.9,6.7,9.6,10.5,3.8,2.9,0.0,0.0,1.0,1.9,16.3,19.1,48.3,1,1,43.1,1,1,13086,1,1630,9682,8094,13558,14763,13743,13429,10906,12946,1,5666,6889,5960,1192,4241,3484,8263,8846,19925,13461,11638,4214,3869,1,1,5106,1,37:37
2024-25,201599,DeAndre Jordan,DeAndre,1610612743,DEN,Denver Nuggets,0022401165,2025-04-09T00:00:00,DEN @ SAC,W,10.3,7.0,10.5,0.667,0.0,0.0,0.0,7.0,14.0,0.5,10.5,7.0,17.5,0.0,0.0,0.0,10.5,0.0,3.5,10.5,21.0,-3.5,73.4,0,0,59.4,1,1,13086,1,22004,8957,16252,3281,15070,20945,15070,2014,454,10625,347,6376,1020,19908,16469,12854,59,8846,8763,338,7114,14794,326,2246,150,879,1,10:18
2024-25,1641774,Tristan Vukcevic,Tristan,1610612764,WAS,Washington Wizards,0022401157,2025-04-09T00:00:00,WAS vs. PHI,L,23.816666666666666,10.6,19.7,0.538,4.5,6.0,0.75,10.6,13.6,0.778,3.0,6.0,9.1,0.0,6.0,0.0,0.0,1.5,6.0,7.6,36.3,-36.3,41.1,0,0,49.9,1,13222,1,13222,13062,2642,3226,7978,3005,10584,1542,552,514,8092,5284,8233,6633,19908,1352,12854,8263,4731,2881,1293,786,24550,7108,2246,150,2570,1,23:49
2024-25,1631096,Chet Holmgren,Chet,1610612760,OKC,Oklahoma City Thunder,0022401164,2025-04-09T00:00:00,OKC @ PHX,W,29.85,6.0,14.5,0.417,0.0,2.4,0.0,14.5,15.7,0.923,1.2,10.9,12.1,4.8,0.0,0.0,0.0,3.6,1.2,9.6,26.5,19.3,48.2,1,0,43.4,1,1,13086,1,7920,11429,9399,14532,15070,18782,15070,190,299,6735,11755,1978,3444,7848,16469,12854,8263,837,18500,486,3416,4174,3897,1,150,4957,1,29:51
2024-25,1626145,Tyus Jones,Tyus,1610612756,PHX,Phoenix Suns,0022401164,2025-04-09T00:00:00,PHX vs. OKC,L,15.433333333333334,9.3,18.7,0.5,4.7,9.3,0.5,0.0,0.0,0.0,0.0,7.0,7.0,4.7,0.0,2.3,0.0,0.0,2.3,0.0,23.3,-16.3,45.7,0,0,44.3,1,13222,1,13222,19289,4157,4059,8526,2785,4333,3944,13505,14344,13505,14058,6363,10151,8270,16469,4929,8263,8846,13514,17725,5262,20388,4853,2246,150,4547,1,15:26
2024-25,1631165,Keon Ellis,Keon,1610612758,SAC,Sacramento Kings,0022401165,2025-04-09T00:00:00,SAC vs. DEN,L,32.483333333333334,7.8,13.3,0.583,6.6,12.2,0.545,0.0,0.0,0.0,0.0,6.6,6.6,2.2,1.1,1.1,2.2,0.0,3.3,0.0,22.2,-14.4,42.3,0,0,44.3,1,13222,1,13222,5567,7151,11307,6296,927,1672,3863,13505,14344,13505,14058,6996,10847,15570,15078,10953,2913,8846,9370,17725,6090,19662,6459,2246,150,4541,1,32:29
2024-25,1629012,Collin Sexton,Collin,1610612762,UTA,Utah Jazz,0022401162,2025-04-09T00:00:00,UTA vs. POR,W,19.583333333333332,11.0,25.7,0.429,0.0,1.8,0.0,5.5,5.5,1.0,0.0,0.0,0.0,9.2,5.5,3.7,0.0,3.7,5.5,7.4,27.6,-9.2,46.9,0,0,44.1,1,1,13086,1,16344,2233,686,13735,15070,19854,15070,3400,5171,1,14058,22137,23286,1868,1803,1995,8263,807,3678,1416,2941,17521,4359,2246,150,4631,1,19:35
2024-25,1629656,Quentin Grimes,Quentin,1610612755,PHI,Philadelphia 76ers,0022401157,2025-04-09T00:00:00,PHI @ WAS,W,29.633333333333333,4.9,20.7,0.235,3.6,12.1,0.3,7.3,9.7,0.75,2.4,10.9,13.4,8.5,2.4,2.4,1.2,1.2,0.0,6.1,20.7,6.1,57.9,1,0,53.5,1,1,13086,1,8100,14778,2541,21144,4814,1696,11319,1808,1499,8186,6839,1939,2571,2417,8529,4589,6084,6155,20257,2531,7353,9581,1476,1,150,1720,1,29:38
2024-25,1627814,Damion Lee,Damion,1610612756,PHX,Phoenix Suns,0022401164,2025-04-09T00:00:00,PHX vs. OKC,L,1.8666666666666667,19.3,38.6,0.5,0.0,19.3,0.0,0.0,0.0,0.0,0.0,19.3,19.3,0.0,0.0,0.0,0.0,0.0,0.0,0.0,38.6,77.1,61.7,0,0,57.9,1,13222,1,13222,25549,161,88,8526,15070,271,15070,13505,14344,13505,14058,193,625,19908,16469,12854,8263,8846,20257,17725,545,184,999,2246,150,1046,1,1:52
2024-25,1631114,Jalen Williams,Jalen,1610612760,OKC,Oklahoma City Thunder,0022401164,2025-04-09T00:00:00,OKC @ PHX,W,35.76833333333333,13.1,23.1,0.565,2.0,6.0,0.333,5.0,6.0,0.833,1.0,6.0,7.0,5.0,2.0,3.0,0.0,0.0,3.0,3.0,33.2,8.1,56.3,0,0,53.3,1,1,13086,1,2848,994,1336,7102,10112,10603,9209,3980,4418,7275,13211,8251,10070,7393,10460,3107,8263,8846,10624,9164,1284,8612,1769,2246,150,1730,1,35:46
2024-25,1631131,Oscar Tshiebwe,Oscar,1610612762,UTA,Utah Jazz,0022401162,2025-04-09T00:00:00,UTA vs. POR,W,19.266666666666666,13.1,26.2,0.5,0.0,0.0,0.0,5.6,9.3,0.6,13.1,5.6,18.7,0.0,0.0,0.0,0.0,1.9,5.6,5.6,31.8,-3.7,54.2,1,0,50.4,1,1,13086,1,16614,1002,621,8526,15070,20945,15070,3309,1685,10343,190,9293,757,19908,16469,12854,8263,3674,3539,3182,1574,14910,2157,1,150,2407,1,19:16
2024-25,1630288,Jeff Dowtin Jr.,Jeff,1610612755,PHI,Philadelphia 76ers,0022401157,2025-04-09T00:00:00,PHI @ WAS,W,28.72833333333333,13.8,18.8,0.733,5.0,8.8,0.571,5.0,7.5,0.667,0.0,0.0,0.0,3.8,1.3,5.0,1.3,0.0,1.3,3.8,37.6,23.8,60.8,0,0,58.9,1,1,13086,1,8898,766,3934,2644,2258,5151,3506,4019,2889,9425,14058,22137,23286,10626,14081,893,5885,8846,18262,6966,644,3071,1102,2246,150,928,1,28:44
2024-25,1631101,Shaedon Sharpe,Shaedon,1610612757,POR,Portland Trail Blazers,0022401162,2025-04-09T00:00:00,POR @ UTA,L,35.45,13.2,23.4,0.565,6.1,12.2,0.5,5.1,10.2,0.5,2.0,5.1,7.1,5.1,5.1,2.0,0.0,0.0,1.0,6.1,37.6,8.1,54.7,0,0,59.9,1,13222,1,13222,3112,951,1263,7102,1241,1678,3944,3921,1307,10625,8254,10644,9937,7299,2246,6102,8263,8846,19606,2511,645,8569,2044,2246,150,835,1,35:27
2024-25,202695,Kawhi Leonard,Kawhi,1610612746,LAC,LA Clippers,0022401166,2025-04-09T00:00:00,LAC vs. HOU,W,38.46666666666667,8.4,20.6,0.409,1.9,5.6,0.333,1.9,1.9,1.0,1.9,7.5,9.4,3.7,1.9,2.8,0.0,0.0,1.9,0.9,20.6,17.8,44.0,1,0,41.2,1,1,13086,1,1124,5757,2582,14895,10769,11672,9209,11041,13056,1,8940,5516,6251,10670,11206,3667,8263,8846,15822,17594,7407,4633,5679,1,150,6092,1,38:28
2024-25,1630567,Scottie Barnes,Scottie,1610612761,TOR,Toronto Raptors,0022401158,2025-04-09T00:00:00,TOR vs. CHA,W,20.39,12.4,26.5,0.467,5.3,8.8,0.6,0.0,0.0,0.0,5.3,14.1,19.4,8.8,1.8,0.0,1.8,0.0,0.0,1.8,30.0,17.7,70.1,1,0,67.1,1,1,13086,1,15725,1322,562,12249,1953,5058,2992,13505,14344,13505,2096,736,607,2153,11683,12854,4132,8846,20257,14056,2080,4691,431,1,150,394,1,20:23
2024-25,1642024,Alex Reese,Alex,1610612755,PHI,Philadelphia 76ers,0022401157,2025-04-09T00:00:00,PHI @ WAS,W,10.9,3.3,6.6,0.5,3.3,6.6,0.5,3.3,6.6,0.5,0.0,6.6,6.6,0.0,3.3,3.3,6.6,0.0,0.0,3.3,13.2,0.0,47.6,0,0,42.9,1,1,13086,1,21753,18746,22006,8526,5650,9302,3944,7100,3761,10625,14058,7087,10935,19908,5498,2559,234,8846,20257,8239,14858,12240,4122,2246,150,5178,1,10:54
2024-25,201935,James Harden,James,1610612746,LAC,LA Clippers,0022401166,2025-04-09T00:00:00,LAC vs. HOU,W,37.15,9.7,17.4,0.556,4.8,10.7,0.455,9.7,9.7,1.0,1.0,1.9,2.9,9.7,1.9,1.9,0.0,0.0,1.0,5.8,33.9,10.7,55.8,1,0,55.2,1,1,13086,1,1884,3613,5310,7248,2499,2825,7148,786,1509,1,13504,19868,19976,1590,10859,6576,8263,8846,19861,2873,1139,7389,1838,1,150,1427,1,37:09
2024-25,1629029,Luka Dončić,Luka,1610612747,LAL,Los Angeles Lakers,0022401159,2025-04-09T00:00:00,LAL @ DAL,W,38.05,15.1,26.5,0.571,6.6,9.5,0.7,5.7,8.5,0.667,0.9,6.6,7.6,5.7,2.8,3.8,0.0,0.0,3.8,4.7,42.6,24.6,68.7,0,0,70.0,1,1,13086,1,1355,465,561,6538,937,4161,1937,3210,2179,9425,13677,7051,9032,6083,7069,1867,8263,8846,7793,4660,331,2900,494,2246,150,321,1,38:03
2024-25,202066,Garrett Temple,Garrett,1610612761,TOR,Toronto Raptors,0022401158,2025-04-09T00:00:00,TOR vs. CHA,W,8.916666666666666,16.1,24.2,0.667,4.0,12.1,0.333,0.0,0.0,0.0,0.0,0.0,0.0,4.0,0.0,8.1,0.0,0.0,0.0,0.0,36.3,20.2,66.6,0,0,60.6,1,1,13086,1,22484,347,1008,3281,3920,1722,9209,13505,14344,13505,14058,22137,23286,9840,16469,208,8263,8846,20257,17725,773,3889,595,2246,150,776,1,8:55
2024-25,203110,Draymond Green,Draymond,1610612744,GSW,Golden State Warriors,0022401163,2025-04-09T00:00:00,GSW vs. SAS,L,33.425,4.3,7.5,0.571,2.2,4.3,0.5,3.2,4.3,0.75,3.2,6.5,9.7,8.6,3.2,2.2,1.1,0.0,4.3,3.2,14.0,-6.5,45.0,0,0,40.9,1,13222,1,13222,4792,16304,20874,6538,9432,14899,3944,7257,7193,8186,4882,7394,5807,2331,5729,5569,6935,8846,6262,8457,13933,16272,5169,2246,150,6249,1,33:26
2024-25,1627936,Alex Caruso,Alex,1610612760,OKC,Oklahoma City Thunder,0022401164,2025-04-09T00:00:00,OKC @ PHX,W,26.8,8.1,10.7,0.75,2.7,5.4,0.5,6.7,8.1,0.833,0.0,6.7,6.7,4.0,0.0,6.7,0.0,0.0,4.0,4.0,25.5,30.9,59.8,0,0,52.4,1,1,13086,1,10488,6507,15790,2107,7577,12269,3944,2225,2479,7275,14058,6863,10704,9866,16469,343,8263,8846,7059,6229,3926,1848,1219,2246,150,1949,1,26:48
2024-25,201145,Jeff Green,Jeff,1610612745,HOU,Houston Rockets,0022401166,2025-04-09T00:00:00,HOU @ LAC,L,18.503333333333334,13.6,17.5,0.778,7.8,11.7,0.667,1.9,3.9,0.5,0.0,5.8,5.8,3.9,1.9,1.9,0.0,0.0,1.9,1.9,37.0,5.8,53.7,0,0,58.4,1,13222,1,13222,17194,821,5251,1994,516,1989,1957,10819,8053,10625,14058,8710,12691,10260,10819,6534,8263,8846,15434,13338,700,9687,2275,2246,150,980,1,18:30
2024-25,1630581,Josh Giddey,Josh,1610612741,CHI,Chicago Bulls,0022401160,2025-04-09T00:00:00,CHI vs. MIA,W,40.47,9.8,16.9,0.579,2.7,5.3,0.5,2.7,2.7,1.0,1.8,12.5,14.2,9.8,3.6,1.8,2.7,0.0,1.8,2.7,24.9,9.8,66.4,1,1,60.5,1,1,13086,1,458,3492,5907,6486,7625,12360,3944,8645,10816,1,9325,1172,2130,1546,4886,7341,2126,8846,16273,10414,4254,7798,607,1,1,784,1,40:28
2024-25,1642271,Kyle Filipowski,Kyle,1610612762,UTA,Utah Jazz,0022401162,2025-04-09T00:00:00,UTA vs. POR,W,33.733333333333334,13.9,18.1,0.765,2.1,5.3,0.4,2.1,4.3,0.5,5.3,13.9,19.2,5.3,5.3,3.2,2.1,1.1,5.3,5.3,32.0,9.6,73.7,1,0,69.4,1,1,13086,1,4498,742,4525,2095,9534,12362,7874,10189,7272,10625,2060,790,644,6752,1969,2741,3111,7345,3953,3579,1528,7888,315,1,150,339,1,33:44
2024-25,203994,Jusuf Nurkić,Jusuf,1610612766,CHA,Charlotte Hornets,0022401158,2025-04-09T00:00:00,CHA @ TOR,L,25.75,16.8,26.6,0.632,0.0,2.8,0.0,2.8,5.6,0.5,1.4,11.2,12.6,5.6,2.8,0.0,0.0,0.0,7.0,9.8,36.3,-32.2,57.0,0,0,54.5,1,13222,1,13222,11366,297,551,4871,15070,18065,15070,8359,5056,10625,10760,1807,3076,6268,7233,12854,8263,8846,1985,457,770,24052,1629,2246,150,1543,1,25:45
2024-25,201587,Nicolas Batum,Nicolas,1610612746,LAC,LA Clippers,0022401166,2025-04-09T00:00:00,LAC vs. HOU,W,8.883333333333333,20.3,24.3,0.833,16.2,20.3,0.8,4.1,4.1,1.0,8.1,4.1,12.2,0.0,0.0,0.0,0.0,0.0,4.1,4.1,60.8,-8.1,75.4,0,0,89.2,1,1,13086,1,22498,137,975,1514,61,223,1389,5602,7730,1,749,13565,3373,19908,16469,12854,8263,8846,6989,6161,86,17019,287,2246,150,98,1,8:53
2024-25,1631221,Collin Gillespie,Collin,1610612756,PHX,Phoenix Suns,0022401164,2025-04-09T00:00:00,PHX vs. OKC,L,23.483333333333334,9.2,13.8,0.667,4.6,9.2,0.5,3.1,3.1,1.0,1.5,7.7,9.2,6.1,0.0,3.1,0.0,0.0,0.0,1.5,26.1,6.1,55.5,0,0,52.1,1,13222,1,13222,13320,4359,10492,3281,2891,4534,3944,7630,9805,1,10181,5218,6452,5275,16469,3010,8263,8846,20257,14862,3652,9553,1893,2246,150,2008,1,23:29
2024-25,201939,Stephen Curry,Stephen,1610612744,GSW,Golden State Warriors,0022401163,2025-04-09T00:00:00,GSW vs. SAS,L,36.60666666666667,11.8,23.6,0.5,4.9,13.8,0.357,1.0,1.0,1.0,2.0,5.9,7.9,3.0,1.0,2.0,0.0,1.0,0.0,3.0,29.5,12.8,48.3,0,0,49.2,1,13222,1,13222,2277,1664,1196,8526,2382,1002,9188,13278,14238,1,8540,8547,8522,13092,15953,6408,8263,8060,20257,9424,2265,6483,3881,2246,150,2776,1,36:36
2024-25,1641824,Matas Buzelis,Matas,1610612741,CHI,Chicago Bulls,0022401160,2025-04-09T00:00:00,CHI vs. MIA,W,34.233333333333334,6.3,10.5,0.6,3.2,5.3,0.6,2.1,2.1,1.0,0.0,4.2,4.2,0.0,1.1,1.1,1.1,0.0,0.0,1.1,17.9,22.1,28.2,0,0,29.4,1,1,13086,1,4072,10676,16188,5394,6076,12571,2992,10281,12410,1,14058,13098,16786,19908,15475,11475,7121,8846,20257,17164,9947,3439,16083,2246,150,14367,1,34:14
2024-25,1630230,Naji Marshall,Naji,1610612742,DAL,Dallas Mavericks,0022401159,2025-04-09T00:00:00,DAL vs. LAL,L,36.36666666666667,8.9,13.9,0.643,2.0,4.9,0.4,3.0,4.0,0.75,1.0,3.0,4.0,7.9,2.0,1.0,0.0,0.0,3.0,2.0,22.8,-8.9,40.4,0,0,38.6,1,13222,1,13222,2428,4873,10410,4607,10246,13312,7874,7895,7921,8186,13335,16827,17412,2975,10613,12036,8263,8846,10852,13160,5654,17386,7524,2246,150,7636,1,36:22
2024-25,1641809,Drew Peterson,Drew,1610612738,BOS,Boston Celtics,0022401156,2025-04-09T00:00:00,BOS @ ORL,L,13.016666666666667,2.8,11.1,0.25,2.8,11.1,0.25,0.0,0.0,0.0,2.8,8.3,11.1,0.0,2.8,0.0,0.0,0.0,2.8,0.0,8.3,-22.1,18.8,0,0,22.1,1,13222,1,13222,20734,19946,15260,20233,7337,2434,11902,13505,14344,13505,5934,4290,4357,19908,7332,12854,8263,8846,11779,17725,19658,22104,21756,2246,150,19600,1,13:01
2024-25,1631102,TyTy Washington Jr.,TyTy,1610612756,PHX,Phoenix Suns,0022401164,2025-04-09T00:00:00,PHX vs. OKC,L,1.8666666666666667,19.3,19.3,1.0,0.0,0.0,0.0,0.0,0.0,0.0,0.0,0.0,0.0,0.0,0.0,0.0,0.0,0.0,0.0,0.0,38.6,77.1,38.6,0,0,38.6,1,13222,1,13222,25549,161,3504,1,15070,20945,15070,13505,14344,13505,14058,22137,23286,19908,16469,12854,8263,8846,20257,17725,545,184,8659,2246,150,7653,1,1:52
2024-25,1629130,Duncan Robinson,Duncan,1610612748,MIA,Miami Heat,0022401160,2025-04-09T00:00:00,MIA @ CHI,L,18.316666666666666,2.0,11.8,0.167,0.0,7.9,0.0,0.0,0.0,0.0,0.0,2.0,2.0,3.9,5.9,2.0,0.0,2.0,0.0,0.0,3.9,3.9,12.2,0,0,13.8,1,13222,1,13222,17345,21462,13951,21938,15070,6687,15070,13505,14344,13505,14058,19774,21870,10130,1459,6416,8263,3332,20257,17725,22577,10686,23967,2246,150,23485,1,18:19
2024-25,1641745,Adam Flagler,Adam,1610612760,OKC,Oklahoma City Thunder,0022401164,2025-04-09T00:00:00,OKC @ PHX,W,8.133333333333333,4.4,8.9,0.5,0.0,4.4,0.0,0.0,0.0,0.0,0.0,4.4,4.4,0.0,0.0,0.0,0.0,0.0,4.4,0.0,8.9,-17.7,14.2,0,0,13.3,1,1,13086,1,22768,15991,18928,8526,15070,14626,15070,13505,14344,13505,14058,12463,16224,19908,16469,12854,8263,8846,5949,17725,19216,20838,23443,2246,150,23626,1,8:08
2024-25,1629111,Jock Landale,Jock,1610612745,HOU,Houston Rockets,0022401166,2025-04-09T00:00:00,HOU @ LAC,L,34.416666666666664,4.2,7.3,0.571,1.0,3.1,0.333,2.1,2.1,1.0,2.1,7.3,9.4,5.2,0.0,1.0,0.0,0.0,1.0,2.1,11.5,-5.2,33.8,0,0,29.3,1,13222,1,13222,3913,16636,21172,6538,14276,17387,9209,10320,12450,1,7985,5799,6161,6980,16469,11535,8263,8846,19442,12649,16669,15715,11989,2246,150,14481,1,34:25
2024-25,1630611,Gui Santos,Gui,1610612744,GSW,Golden State Warriors,0022401163,2025-04-09T00:00:00,GSW vs. SAS,L,7.7,0.0,9.4,0.0,0.0,9.4,0.0,0.0,9.4,0.0,4.7,0.0,4.7,0.0,0.0,4.7,0.0,0.0,4.7,4.7,0.0,-37.4,19.6,0,0,14.0,1,13222,1,13222,22922,22635,18195,22635,15070,4303,15070,13505,1683,13505,2707,22137,15624,19908,16469,1105,8263,8846,5349,4768,23200,24649,21349,2246,150,23417,1,7:42
2024-25,1629234,Drew Eubanks,Drew,1610612746,LAC,LA Clippers,0022401166,2025-04-09T00:00:00,LAC vs. HOU,W,13.32,2.7,13.5,0.2,0.0,0.0,0.0,5.4,5.4,1.0,8.1,5.4,13.5,0.0,0.0,0.0,2.7,8.1,2.7,5.4,10.8,-2.7,35.1,0,0,29.7,1,1,13086,1,20586,20088,10984,21401,15070,20945,15070,3525,5308,1,747,9774,2482,19908,16469,12854,2080,102,12035,3470,17361,14405,10972,2246,150,14150,1,13:19
2024-25,1642269,Devin Carter,Devin,1610612758,SAC,Sacramento Kings,0022401165,2025-04-09T00:00:00,SAC vs. DEN,L,17.95,2.0,8.0,0.25,2.0,4.0,0.5,2.0,4.0,0.5,2.0,4.0,6.0,2.0,2.0,0.0,2.0,0.0,6.0,4.0,8.0,12.0,22.3,0,0,22.1,1,13222,1,13222,17593,21400,20225,20233,10134,15559,3944,10627,7820,10625,8361,13689,12233,16353,10494,12854,3473,8846,2915,6279,19904,6782,20001,2246,150,19643,1,17:57
2024-25,2544,LeBron James,LeBron,1610612747,LAL,Los Angeles Lakers,0022401159,2025-04-09T00:00:00,LAL @ DAL,W,36.28333333333333,10.9,19.8,0.55,0.0,4.0,0.0,5.0,6.0,0.833,2.0,5.0,6.9,3.0,2.0,1.0,0.0,0.0,2.0,4.0,26.8,17.9,40.6,0,0,38.7,1,1,13086,1,2476,2338,3069,7655,15070,15649,15070,4104,4539,7275,8455,10997,10244,13010,10593,12022,8263,8846,15235,6400,3302,4602,7408,2246,150,7593,1,36:17
2024-25,1631108,Max Christie,Max,1610612742,DAL,Dallas Mavericks,0022401159,2025-04-09T00:00:00,DAL vs. LAL,L,27.633333333333333,6.5,10.4,0.625,1.3,5.2,0.25,0.0,2.6,0.0,1.3,2.6,3.9,3.9,3.9,1.3,2.6,0.0,0.0,2.6,14.3,-9.1,32.7,0,0,31.3,1,13222,1,13222,9840,10159,16354,4899,12851,12676,11902,13505,10961,13505,11189,17934,17548,10206,4070,9437,2213,8846,20257,10622,13574,17486,12802,2246,150,12955,1,27:38
2024-25,202691,Klay Thompson,Klay,1610612742,DAL,Dallas Mavericks,0022401159,2025-04-09T00:00:00,DAL vs. LAL,L,27.8,2.6,10.4,0.25,2.6,9.1,0.286,0.0,0.0,0.0,0.0,2.6,2.6,1.3,0.0,0.0,0.0,0.0,0.0,0.0,7.8,-24.6,12.8,0,0,14.2,1,13222,1,13222,9716,20288,16445,20233,7858,4716,11433,13505,14344,13505,14058,17968,20654,18675,16469,12854,8263,8846,20257,17725,20104,22722,23816,2246,150,23341,1,27:48
2024-25,1629659,Talen Horton-Tucker,Talen,1610612741,CHI,Chicago Bulls,0022401160,2025-04-09T00:00:00,CHI vs. MIA,W,8.216666666666667,4.4,17.5,0.25,0.0,4.4,0.0,0.0,0.0,0.0,4.4,0.0,4.4,0.0,0.0,0.0,0.0,0.0,8.8,0.0,8.8,0.0,14.0,0,0,13.1,1,1,13086,1,22729,16123,5228,20233,15070,14730,15070,13505,14344,13505,3075,22137,16333,19908,16469,12854,8263,8846,1043,17725,19296,12240,23498,2246,150,23667,1,8:13
2024-25,1641712,Rayan Rupert,Rayan,1610612757,POR,Portland Trail Blazers,0022401162,2025-04-09T00:00:00,POR @ UTA,L,34.61666666666667,7.3,17.7,0.412,1.0,7.3,0.143,4.2,5.2,0.8,0.0,4.2,4.2,2.1,2.1,2.1,0.0,0.0,3.1,4.2,19.8,-7.3,32.0,0,0,31.2,1,13222,1,13222,3771,8265,5035,14791,14305,7866,14649,5419,5609,7681,14058,13239,16914,16069,10098,5872,8263,8846,10198,5928,8110,16631,13298,2246,150,13001,1,34:37
2024-25,1630695,Micah Potter,Micah,1610612762,UTA,Utah Jazz,0022401162,2025-04-09T00:00:00,UTA vs. POR,W,27.116666666666667,2.7,5.3,0.5,0.0,2.7,0.0,0.0,0.0,0.0,1.3,2.7,4.0,0.0,4.0,1.3,1.3,0.0,0.0,1.3,5.3,-1.3,14.1,0,0,14.6,1,1,13086,1,10256,20177,23252,8526,15070,18340,15070,13505,14344,13505,11063,17801,17355,19908,3914,9310,5527,8846,20257,15772,21846,13728,23484,2246,150,23215,1,27:07
2024-25,1631207,Dalen Terry,Dalen,1610612741,CHI,Chicago Bulls,0022401160,2025-04-09T00:00:00,CHI vs. MIA,W,15.846666666666666,4.5,6.8,0.667,4.5,6.8,0.667,0.0,0.0,0.0,0.0,2.3,2.3,6.8,2.3,2.3,0.0,0.0,2.3,0.0,13.6,0.0,31.1,0,0,31.8,1,1,13086,1,19037,15644,21770,3281,2987,8868,1957,13505,14344,13505,14058,18855,21268,4267,9207,5144,8263,8846,13768,17725,14353,12240,13973,2246,150,12538,1,15:51
2024-25,1628470,Torrey Craig,Torrey,1610612738,BOS,Boston Celtics,0022401156,2025-04-09T00:00:00,BOS @ ORL,L,28.066666666666666,0.0,5.1,0.0,0.0,3.8,0.0,0.0,0.0,0.0,0.0,9.0,9.0,1.3,3.8,0.0,2.6,0.0,2.6,2.6,0.0,-24.4,16.5,0,0,15.4,1,13222,1,13222,9490,22635,23371,22635,15070,15903,15070,13505,14344,13505,14058,3539,6782,18715,4193,12854,2267,8846,12544,10744,23200,22658,22645,2246,150,22918,1,28:04
2024-25,1630214,Xavier Tillman,Xavier,1610612738,BOS,Boston Celtics,0022401156,2025-04-09T00:00:00,BOS @ ORL,L,7.383333333333334,4.9,4.9,1.0,0.0,0.0,0.0,0.0,0.0,0.0,0.0,4.9,4.9,0.0,0.0,0.0,0.0,0.0,4.9,0.0,9.8,4.9,15.6,0,0,14.6,1,13222,1,13222,23034,14725,23553,1,15070,20945,15070,13505,14344,13505,14058,11219,15122,19908,16469,12854,8263,8846,4888,17725,18393,10171,22992,2246,150,23204,1,7:23
2024-25,1630551,Justin Champagnie,Justin,1610612764,WAS,Washington Wizards,0022401157,2025-04-09T00:00:00,WAS vs. PHI,L,38.3,4.7,11.3,0.417,0.0,3.8,0.0,3.8,3.8,1.0,4.7,6.6,11.3,0.9,1.9,1.9,0.9,0.0,4.7,1.9,13.2,-11.3,34.7,1,0,31.0,1,13222,1,13222,1212,15246,14865,14532,15070,16078,15070,6166,8350,1,2673,7145,4161,19816,11158,6857,7893,8846,5286,13589,14929,18435,11308,1,150,13144,1,38:18
2024-25,1641738,Kobe Brown,Kobe,1610612746,LAC,LA Clippers,0022401166,2025-04-09T00:00:00,LAC vs. HOU,W,10.4,6.9,6.9,1.0,3.5,3.5,1.0,0.0,0.0,0.0,0.0,10.4,10.4,0.0,0.0,0.0,0.0,0.0,0.0,0.0,17.3,10.4,29.8,0,0,31.2,1,1,13086,1,21961,9119,21640,1,5236,16727,1,13505,14344,13505,14058,2295,5018,19908,16469,12854,8263,8846,20257,17725,10523,7519,14964,2246,150,13037,1,10:24
2024-25,1629026,Kenrich Williams,Kenrich,1610612760,OKC,Oklahoma City Thunder,0022401164,2025-04-09T00:00:00,OKC @ PHX,W,30.613333333333333,5.9,9.4,0.625,2.4,3.5,0.667,1.2,2.4,0.5,2.4,2.4,4.7,4.7,1.2,0.0,1.2,0.0,3.5,1.2,15.3,5.9,30.3,0,0,29.4,1,1,13086,1,7214,11863,18101,4899,8659,16598,1957,12680,11620,10625,7085,18619,15553,8178,14614,12854,6326,8846,8677,16524,12627,9670,14546,2246,150,14410,1,30:37
2024-25,1630170,Devin Vassell,Devin,1610612759,SAS,San Antonio Spurs,0022401163,2025-04-09T00:00:00,SAS @ GSW,W,27.733333333333334,5.2,14.3,0.364,3.9,11.7,0.333,0.0,0.0,0.0,1.3,5.2,6.5,3.9,2.6,1.3,0.0,0.0,2.6,0.0,14.3,-11.7,29.2,0,0,31.2,1,1,13086,1,9768,13839,9726,16861,4206,1977,9209,13505,14344,13505,11205,10298,11199,10251,7895,9464,8263,8846,12441,17725,13636,18612,15355,2246,150,13037,1,27:44
2024-25,1628436,Luke Kornet,Luke,1610612738,BOS,Boston Celtics,0022401156,2025-04-09T00:00:00,BOS @ ORL,L,25.45,9.9,14.1,0.7,0.0,0.0,0.0,0.0,0.0,0.0,1.4,2.8,4.2,1.4,1.4,1.4,1.4,0.0,2.8,1.4,19.8,2.8,34.1,0,0,31.1,1,13222,1,13222,11624,3326,9931,3045,15070,20945,15070,13505,14344,13505,10681,17303,16703,18291,13199,8822,5168,8846,11513,15389,8067,11209,11736,2246,150,13062,1,25:27
2024-25,1630531,Jaden Springer,Jaden,1610612762,UTA,Utah Jazz,0022401162,2025-04-09T00:00:00,UTA vs. POR,W,38.583333333333336,1.9,7.5,0.25,0.0,2.8,0.0,1.9,1.9,1.0,1.9,3.7,5.6,3.7,0.9,0.0,0.0,0.9,4.7,2.8,5.6,2.8,17.0,0,0,14.9,1,1,13086,1,1068,21634,20985,20233,15070,18060,15070,11062,13075,1,8958,14527,13290,10706,16232,12854,8263,8470,5372,9965,21666,11229,22497,2246,150,23085,1,38:35
2024-25,1642358,AJ Johnson,AJ,1610612764,WAS,Washington Wizards,0022401157,2025-04-09T00:00:00,WAS vs. PHI,L,35.583333333333336,1.0,11.1,0.091,1.0,7.1,0.143,4.0,4.0,1.0,0.0,4.0,4.0,3.0,0.0,0.0,0.0,2.0,5.1,2.0,7.1,-19.2,16.5,0,0,15.2,1,13222,1,13222,3006,22613,15145,22599,14475,8286,14649,5611,7745,1,14058,13579,17196,12810,16469,12854,8263,3146,4481,12971,20658,21318,22672,2246,150,23000,1,35:35
2024-25,1631218,Trayce Jackson-Davis,Trayce,1610612744,GSW,Golden State Warriors,0022401163,2025-04-09T00:00:00,GSW vs. SAS,L,2.783333333333333,0.0,0.0,0.0,0.0,0.0,0.0,0.0,0.0,0.0,25.9,12.9,38.8,0.0,12.9,0.0,0.0,0.0,25.9,0.0,0.0,38.8,33.6,0,0,38.8,1,13222,1,13222,25072,22635,24836,22635,15070,20945,15070,13505,14344,13505,26,1035,32,19908,173,12854,8263,8846,59,17725,23200,1055,12089,2246,150,7508,1,2:47
2024-25,201959,Taj Gibson,Taj,1610612766,CHA,Charlotte Hornets,0022401158,2025-04-09T00:00:00,CHA @ TOR,L,17.866666666666667,2.0,10.1,0.2,0.0,0.0,0.0,0.0,0.0,0.0,2.0,8.1,10.1,0.0,0.0,0.0,4.0,2.0,4.0,0.0,4.0,-14.1,28.2,0,0,22.2,1,13222,1,13222,17651,21384,16931,21401,15070,20945,15070,13505,14344,13505,8320,4617,5348,19908,16469,12854,903,3183,7059,17725,22540,19545,16065,2246,150,19573,1,17:52
2024-25,1631200,Kris Murray,Kris,1610612757,POR,Portland Trail Blazers,0022401162,2025-04-09T00:00:00,POR @ UTA,L,22.25,4.9,11.3,0.429,0.0,6.5,0.0,0.0,0.0,0.0,3.2,1.6,4.9,4.9,1.6,3.2,1.6,0.0,1.6,1.6,9.7,-14.6,35.8,0,0,29.1,1,13222,1,13222,14313,14791,14784,13735,15070,9603,15070,13505,14344,13505,4872,20636,15171,7786,12262,2671,4506,8846,16812,14569,18438,19734,10534,2246,150,14607,1,22:15
2024-25,203939,Dwight Powell,Dwight,1610612742,DAL,Dallas Mavericks,0022401159,2025-04-09T00:00:00,DAL vs. LAL,L,1.5833333333333333,0.0,0.0,0.0,0.0,0.0,0.0,0.0,0.0,0.0,0.0,22.7,22.7,0.0,0.0,0.0,0.0,0.0,0.0,0.0,0.0,22.7,27.3,0,0,22.7,1,13222,1,13222,25736,22635,24836,22635,15070,20945,15070,13505,14344,13505,14058,106,276,19908,16469,12854,8263,8846,20257,17725,23200,3308,16755,2246,150,19176,1,1:35
2024-25,1631303,Justin Minaya,Justin,1610612757,POR,Portland Trail Blazers,0022401162,2025-04-09T00:00:00,POR @ UTA,L,6.333333333333333,0.0,11.4,0.0,0.0,5.7,0.0,0.0,0.0,0.0,0.0,5.7,5.7,5.7,0.0,5.7,0.0,0.0,0.0,0.0,0.0,-17.1,32.4,0,0,22.7,1,13222,1,13222,23441,22635,14711,22635,15070,11488,15070,13505,14344,13505,14058,9077,13062,6072,16469,575,8263,8846,20257,17725,23200,20643,13011,2246,150,19176,1,6:20
2024-25,1629632,Coby White,Coby,1610612741,CHI,Chicago Bulls,0022401160,2025-04-09T00:00:00,CHI vs. MIA,W,35.7,5.0,14.1,0.357,0.0,5.0,0.0,8.1,8.1,1.0,0.0,5.0,5.0,4.0,4.0,0.0,1.0,1.0,3.0,4.0,18.2,3.0,29.2,0,0,29.2,1,1,13086,1,2904,14261,9976,17140,15070,13099,15070,1376,2472,1,14058,10751,14695,9853,3811,12854,7426,7843,10598,6224,9673,11102,15327,2246,150,14517,1,35:42
2024-25,1629060,Rui Hachimura,Rui,1610612747,LAL,Los Angeles Lakers,0022401159,2025-04-09T00:00:00,LAL @ DAL,W,37.5,4.8,9.6,0.5,2.9,6.7,0.429,1.9,1.9,1.0,0.0,1.9,1.9,1.9,1.0,1.0,0.0,0.0,1.9,1.0,14.4,20.2,21.5,0,0,23.0,1,1,13086,1,1684,14944,17768,8526,6939,9074,7394,10888,12931,1,14058,19919,21967,16674,16089,12278,8263,8846,15572,17514,13498,3904,20407,2246,150,18988,1,37:30
2024-25,1641710,Anthony Black,Anthony,1610612753,ORL,Orlando Magic,0022401156,2025-04-09T00:00:00,ORL vs. BOS,W,33.3,2.2,9.7,0.222,2.2,5.4,0.4,0.0,0.0,0.0,1.1,4.3,5.4,2.2,2.2,2.2,1.1,1.1,1.1,0.0,6.5,15.1,23.8,0,0,22.7,1,1,13086,1,4899,21112,17510,21205,9388,12200,7874,13505,14344,13505,12629,12733,13805,15756,9676,5538,6915,7221,19208,17725,21057,5573,19104,2246,150,19214,1,33:18
2024-25,1629610,DaQuan Jeffries,DaQuan,1610612766,CHA,Charlotte Hornets,0022401158,2025-04-09T00:00:00,CHA @ TOR,L,23.983333333333334,4.5,9.0,0.5,1.5,4.5,0.333,0.0,0.0,0.0,1.5,7.5,9.0,1.5,3.0,0.0,0.0,1.5,1.5,1.5,10.5,-27.0,20.6,0,0,22.5,1,13222,1,13222,12912,15773,18703,8526,12026,14422,9209,13505,14344,13505,10320,5489,6722,17968,6464,12854,8263,4773,17214,14998,17657,23242,20913,2246,150,19345,1,23:59
2024-25,1628389,Bam Adebayo,Bam,1610612748,MIA,Miami Heat,0022401160,2025-04-09T00:00:00,MIA @ CHI,L,35.21666666666667,6.1,15.3,0.4,2.0,3.1,0.667,4.1,6.1,0.667,0.0,6.1,6.1,3.1,1.0,1.0,0.0,2.0,1.0,3.1,18.4,0.0,32.4,0,0,31.7,1,13222,1,13222,3299,11133,8052,14933,9940,17521,1957,5547,4308,9425,14058,8034,11969,12701,15691,11739,8263,3077,19560,9011,9418,12240,13009,2246,150,12635,1,35:13
2024-25,1631216,Caleb Houstan,Caleb,1610612753,ORL,Orlando Magic,0022401156,2025-04-09T00:00:00,ORL vs. BOS,W,25.546666666666667,2.8,5.6,0.5,1.4,4.2,0.333,0.0,0.0,0.0,2.8,2.8,5.6,2.8,1.4,0.0,2.8,1.4,0.0,0.0,7.0,1.4,25.1,0,0,22.5,1,1,13086,1,11551,19839,22959,8526,12409,15057,9209,13505,14344,13505,5815,17341,13188,13527,13228,12854,1924,5144,20257,17725,20689,11913,18229,2246,150,19325,1,25:33
2024-25,201942,DeMar DeRozan,DeMar,1610612758,SAC,Sacramento Kings,0022401165,2025-04-09T00:00:00,SAC vs. DEN,L,39.733333333333334,7.2,23.6,0.308,0.0,4.5,0.0,5.4,6.3,0.857,1.8,1.8,3.6,3.6,0.9,0.0,0.9,1.8,2.7,3.6,19.9,-14.5,31.5,0,0,29.0,1,13222,1,13222,641,8338,1211,19226,15070,14357,15070,3490,4075,7071,9200,20209,18265,11009,16336,12854,8066,3862,11959,7319,7969,19704,13658,2246,150,14708,1,39:44
2024-25,1642355,Bronny James,Bronny,1610612747,LAL,Los Angeles Lakers,0022401159,2025-04-09T00:00:00,LAL @ DAL,W,1.5666666666666667,0.0,0.0,0.0,0.0,0.0,0.0,0.0,0.0,0.0,0.0,0.0,0.0,23.0,0.0,0.0,0.0,0.0,23.0,0.0,0.0,0.0,34.5,0,0,23.0,1,1,13086,1,25750,22635,24836,22635,15070,20945,15070,13505,14344,13505,14058,22137,23286,51,16469,12854,8263,8846,83,17725,23200,12240,11471,2246,150,19033,1,1:34
2024-25,1630542,Marcus Bagley,Marcus,1610612755,PHI,Philadelphia 76ers,0022401157,2025-04-09T00:00:00,PHI @ WAS,W,27.1,1.3,10.6,0.125,1.3,8.0,0.167,1.3,2.7,0.5,5.3,5.3,10.6,2.7,1.3,0.0,1.3,1.3,6.6,1.3,5.3,26.6,24.7,0,0,22.6,1,1,13086,1,10268,22366,16003,22420,12738,6498,14236,12230,10844,10625,2080,9998,4784,14020,13677,12854,5523,5508,2279,15768,21842,2510,18482,2246,150,19298,1,27:06
2024-25,1631212,Peyton Watson,Peyton,1610612743,DEN,Denver Nuggets,0022401165,2025-04-09T00:00:00,DEN @ SAC,W,25.366666666666667,4.3,7.1,0.6,0.0,2.8,0.0,1.4,1.4,1.0,0.0,5.7,5.7,1.4,1.4,0.0,1.4,0.0,7.1,1.4,9.9,-7.1,21.7,0,0,19.9,1,1,13086,1,11682,16444,21446,5394,15070,17982,15070,11980,13571,1,14058,9100,13091,18275,13175,12854,5152,8846,1902,15374,18215,16552,20311,2246,150,20931,1,25:22
2024-25,1631120,JD Davison,JD,1610612738,BOS,Boston Celtics,0022401156,2025-04-09T00:00:00,BOS @ ORL,L,16.883333333333333,0.0,12.8,0.0,0.0,10.7,0.0,0.0,0.0,0.0,2.1,6.4,8.5,4.3,2.1,0.0,0.0,0.0,0.0,0.0,0.0,2.1,14.5,0,0,12.8,1,13222,1,13222,18330,22635,12225,22635,15070,2822,15070,13505,14344,13505,7841,7512,7438,9216,9829,12854,8263,8846,20257,17725,23200,11551,23331,2246,150,23778,1,16:53
2024-25,203952,Andrew Wiggins,Andrew,1610612748,MIA,Miami Heat,0022401160,2025-04-09T00:00:00,MIA @ CHI,L,27.083333333333332,6.6,13.3,0.5,4.0,8.0,0.5,1.3,5.3,0.25,2.7,5.3,8.0,6.6,4.0,1.3,0.0,1.3,1.3,2.7,18.6,-21.3,38.1,0,0,39.9,1,13222,1,13222,10284,9830,11314,8526,4020,6484,3944,12228,5436,13358,6207,9989,8312,4507,3905,9302,8263,5505,17908,10446,9206,21901,8926,2246,150,6849,1,27:05
2024-25,1629020,Jarred Vanderbilt,Jarred,1610612747,LAL,Los Angeles Lakers,0022401159,2025-04-09T00:00:00,LAL @ DAL,W,12.85,2.8,11.2,0.25,0.0,0.0,0.0,0.0,0.0,0.0,5.6,8.4,14.0,2.8,0.0,5.6,0.0,8.4,2.8,0.0,5.6,-25.2,43.4,0,0,33.6,1,1,13086,1,20819,19874,15011,20233,15070,20945,15070,13505,14344,13505,1877,4155,2237,13582,16469,601,8263,94,11638,17725,21664,22857,5921,2246,150,11143,1,12:51
2024-25,202696,Nikola Vučević,Nikola,1610612741,CHI,Chicago Bulls,0022401160,2025-04-09T00:00:00,CHI vs. MIA,W,35.1,9.2,15.4,0.6,2.1,4.1,0.5,0.0,0.0,0.0,6.2,5.1,11.3,8.2,2.1,2.1,1.0,2.1,2.1,1.0,20.5,13.3,53.5,1,0,48.2,1,1,13086,1,3384,4312,7985,5394,9909,15339,3944,13505,14344,13505,1539,10481,4160,2694,10252,6007,7308,3055,14868,17290,7483,6244,2318,1,150,3081,1,35:06
2024-25,1630256,Jae'Sean Tate,Jae'Sean,1610612745,HOU,Houston Rockets,0022401166,2025-04-09T00:00:00,HOU @ LAC,L,16.866666666666667,6.4,10.7,0.6,2.1,6.4,0.333,0.0,0.0,0.0,2.1,6.4,8.5,2.1,0.0,0.0,0.0,0.0,4.3,2.1,14.9,12.8,28.4,0,0,27.7,1,13222,1,13222,18343,10435,15937,5394,9534,9741,9209,13505,14344,13505,7831,7501,7418,15873,16469,12854,8263,8846,6379,12465,12970,6472,15945,2246,150,15613,1,16:52
2024-25,1641936,Miles Norris,Miles,1610612738,BOS,Boston Celtics,0022401156,2025-04-09T00:00:00,BOS @ ORL,L,19.1,3.8,11.3,0.333,3.8,7.5,0.5,0.0,0.0,0.0,3.8,1.9,5.7,0.0,0.0,3.8,0.0,1.9,0.0,0.0,11.3,-13.2,29.4,0,0,28.3,1,13222,1,13222,16751,17647,14814,17395,4526,7302,3944,13505,14344,13505,3929,20016,13148,19908,16469,1884,8263,3610,20257,17725,16882,19194,15212,2246,150,15231,1,19:06
2024-25,1631124,Julian Strawther,Julian,1610612743,DEN,Denver Nuggets,0022401165,2025-04-09T00:00:00,DEN @ SAC,W,11.283333333333333,0.0,9.6,0.0,0.0,6.4,0.0,3.2,6.4,0.5,3.2,19.1,22.3,3.2,0.0,0.0,0.0,0.0,6.4,9.6,3.2,-38.3,34.8,0,0,28.7,1,1,13086,1,21589,22635,17819,22635,15070,9797,15070,7351,4026,10625,4960,198,316,12351,16469,12854,8263,8846,2514,504,22894,24727,11221,2246,150,14919,1,11:17
2024-25,1642264,Stephon Castle,Stephon,1610612759,SAS,San Antonio Spurs,0022401163,2025-04-09T00:00:00,SAS @ GSW,W,34.958333333333336,8.2,15.4,0.533,1.0,5.1,0.2,4.1,7.2,0.571,1.0,2.1,3.1,5.1,2.1,2.1,1.0,1.0,4.1,6.2,21.6,-15.4,40.3,0,0,37.1,1,1,13086,1,3497,6121,7897,8140,14365,12831,13429,5497,3160,10536,13034,19480,19503,7136,10215,5964,7274,7671,6771,2419,6528,20075,7593,2246,150,8676,1,34:58
2024-25,1642259,Alex Sarr,Alex,1610612764,WAS,Washington Wizards,0022401157,2025-04-09T00:00:00,WAS vs. PHI,L,24.983333333333334,7.2,20.2,0.357,0.0,1.4,0.0,2.9,2.9,1.0,0.0,5.8,5.8,4.3,1.4,1.4,1.4,0.0,2.9,4.3,17.3,5.8,37.9,0,0,33.1,1,13222,1,13222,12017,8443,2858,17140,15070,20335,15070,8143,10279,1,14058,8874,12860,9073,13055,8694,5070,8846,11268,5534,10536,9724,9083,2246,150,11537,1,24:59
2024-25,1631094,Paolo Banchero,Paolo,1610612753,ORL,Orlando Magic,0022401156,2025-04-09T00:00:00,ORL vs. BOS,W,28.916666666666668,7.5,21.2,0.353,2.5,8.7,0.286,1.2,2.5,0.5,2.5,2.5,5.0,7.5,1.2,0.0,0.0,1.2,1.2,3.7,18.7,5.0,34.6,0,0,33.6,1,1,13086,1,8740,7842,2237,17268,8181,5245,11433,12463,11236,10625,6637,18212,14848,3442,14127,12854,8263,5964,18302,7029,9143,10128,11365,2246,150,11149,1,28:55
2024-25,1641733,Nick Smith Jr.,Nick,1610612766,CHA,Charlotte Hornets,0022401158,2025-04-09T00:00:00,CHA @ TOR,L,37.43333333333333,7.7,12.5,0.615,5.8,8.7,0.667,5.8,5.8,1.0,0.0,5.8,5.8,9.6,1.9,0.0,0.0,0.0,1.0,2.9,26.9,-18.3,46.4,1,0,48.1,1,13222,1,13222,1716,7285,12726,5246,1513,5337,1957,3115,4787,1,14058,8857,12838,1633,10933,12854,8263,8846,19902,9638,3239,21009,4598,1,150,3113,1,37:26
2024-25,203992,Bogdan Bogdanović,Bogdan,1610612746,LAC,LA Clippers,0022401166,2025-04-09T00:00:00,LAC vs. HOU,W,29.113333333333333,6.2,13.6,0.455,4.9,8.7,0.571,2.5,2.5,1.0,1.2,2.5,3.7,6.2,2.5,1.2,0.0,0.0,3.7,1.2,19.8,7.4,34.7,0,0,37.1,1,1,13086,1,8588,11014,10831,12676,2342,5336,3506,9127,11276,1,11559,18258,18048,5192,8353,9895,8263,8846,8045,16199,8087,8927,11252,2246,150,8656,1,29:07
2024-25,1642419,Jamison Battle,Jamison,1610612761,TOR,Toronto Raptors,0022401158,2025-04-09T00:00:00,TOR vs. CHA,W,27.343333333333334,5.3,14.5,0.364,2.6,10.5,0.25,0.0,0.0,0.0,0.0,3.9,3.9,2.6,0.0,1.3,0.0,0.0,6.6,2.6,13.2,18.4,25.8,0,0,25.0,1,1,13086,1,10074,13632,9391,16861,7734,2949,11902,13505,14344,13505,14058,13880,17445,14105,16469,9370,8263,8846,2336,10536,14922,4427,17740,2246,150,17667,1,27:21
2024-25,1629312,Haywood Highsmith,Haywood,1610612748,MIA,Miami Heat,0022401160,2025-04-09T00:00:00,MIA @ CHI,L,25.453333333333333,2.8,7.1,0.4,1.4,5.7,0.25,0.0,0.0,0.0,4.2,7.1,11.3,5.7,0.0,0.0,0.0,0.0,1.4,0.0,7.1,-4.2,29.1,0,0,25.5,1,13222,1,13222,11623,19818,21473,14933,12389,11557,11902,13505,14344,13505,3256,6225,4115,6131,16469,12854,8263,8846,17566,17725,20664,15198,15402,2246,150,17312,1,25:27
2024-25,1630228,Jonathan Kuminga,Jonathan,1610612744,GSW,Golden State Warriors,0022401163,2025-04-09T00:00:00,GSW vs. SAS,L,18.076666666666668,10.0,19.9,0.5,2.0,8.0,0.25,2.0,4.0,0.5,2.0,4.0,6.0,2.0,2.0,0.0,0.0,4.0,4.0,2.0,23.9,-4.0,32.1,0,0,33.9,1,13222,1,13222,17521,3266,3026,8526,10205,6510,11902,10681,7876,10625,8427,13779,12355,16414,10558,12854,8263,658,7190,13122,4880,15054,13277,2246,150,10960,1,18:05
2024-25,1630572,Sandro Mamukelashvili,Sandro,1610612759,SAS,San Antonio Spurs,0022401163,2025-04-09T00:00:00,SAS @ GSW,W,22.641666666666666,4.8,14.3,0.333,1.6,9.5,0.167,6.4,6.4,1.0,4.8,7.9,12.7,1.6,0.0,0.0,1.6,0.0,1.6,3.2,17.5,15.9,39.9,0,0,36.6,1,1,13086,1,14000,15057,9670,17395,11710,4050,14236,2537,4055,1,2601,4781,2983,17679,16469,12854,4587,8846,16900,8628,10330,5288,7819,2246,150,9003,1,22:39
2024-25,1641741,Ricky Council IV,Ricky,1610612755,PHI,Philadelphia 76ers,0022401157,2025-04-09T00:00:00,PHI @ WAS,W,25.105,4.3,8.6,0.5,1.4,4.3,0.333,5.7,7.2,0.8,1.4,5.7,7.2,1.4,2.9,1.4,0.0,0.0,1.4,7.2,15.8,28.7,28.0,0,0,28.7,1,1,13086,1,11913,16321,19355,8526,12319,14912,9209,3154,3198,7681,10602,8956,9815,18225,6967,8737,8263,8846,17499,1530,12148,2153,16259,2246,150,14943,1,25:06
2024-25,1641732,Colby Jones,Colby,1610612764,WAS,Washington Wizards,0022401157,2025-04-09T00:00:00,WAS vs. PHI,L,32.43333333333333,5.5,12.2,0.455,2.2,4.4,0.5,1.1,2.2,0.5,3.3,4.4,7.8,4.4,1.1,2.2,0.0,2.2,1.1,1.1,14.4,-16.6,36.0,0,0,33.3,1,13222,1,13222,5612,12846,13244,12676,9163,14598,3944,12889,12018,10625,4687,12431,8671,8791,15064,5315,8263,2605,19049,16863,13476,20495,10391,2246,150,11401,1,32:26
2024-25,1627741,Buddy Hield,Buddy,1610612744,GSW,Golden State Warriors,0022401163,2025-04-09T00:00:00,GSW vs. SAS,L,26.49,5.4,17.7,0.308,5.4,13.6,0.4,0.0,0.0,0.0,1.4,4.1,5.4,1.4,0.0,0.0,0.0,0.0,5.4,0.0,16.3,-1.4,24.9,0,0,28.5,1,13222,1,13222,10742,13168,5053,19226,1806,1061,7874,13505,14344,13505,10939,13493,13711,18474,16469,12854,8263,8846,3794,17725,11598,13735,18373,2246,150,15037,1,26:29
2024-25,1629004,Svi Mykhailiuk,Svi,1610612762,UTA,Utah Jazz,0022401162,2025-04-09T00:00:00,UTA vs. POR,W,22.966666666666665,4.7,6.3,0.75,1.6,1.6,1.0,0.0,0.0,0.0,0.0,6.3,6.3,3.1,0.0,1.6,0.0,0.0,1.6,0.0,11.0,-1.6,27.9,0,0,25.1,1,1,13086,1,13744,15235,22355,2107,11800,20209,1,13505,14344,13505,14058,7754,11678,12519,16469,8119,8263,8846,16972,17725,17204,13825,16297,2246,150,17623,1,22:58
2024-25,1630692,Jordan Goodwin,Jordan,1610612747,LAL,Los Angeles Lakers,0022401159,2025-04-09T00:00:00,LAL @ DAL,W,8.566666666666666,0.0,4.2,0.0,0.0,4.2,0.0,0.0,0.0,0.0,4.2,4.2,8.4,0.0,4.2,8.4,0.0,0.0,4.2,4.2,0.0,-8.4,31.1,0,0,25.2,1,1,13086,1,22608,22635,23992,22635,15070,15112,15070,13505,14344,13505,3298,13111,7611,19908,3494,183,8263,8846,6544,5832,23200,17140,13990,2246,150,17504,1,8:34
2024-25,1641798,Jaylen Martin,Jaylen,1610612764,WAS,Washington Wizards,0022401157,2025-04-09T00:00:00,WAS vs. PHI,L,29.616666666666667,3.6,10.9,0.333,0.0,3.6,0.0,2.4,3.6,0.667,2.4,2.4,4.9,3.6,2.4,4.9,0.0,1.2,3.6,3.6,9.7,-30.4,33.2,0,0,28.0,1,13222,1,13222,8126,17971,15462,17395,15070,16333,15070,9238,8590,9425,6835,18389,15151,10946,8525,987,8263,6151,8272,7267,18425,23797,12443,2246,150,15455,1,29:37
2024-25,203078,Bradley Beal,Bradley,1610612756,PHX,Phoenix Suns,0022401164,2025-04-09T00:00:00,PHX vs. OKC,L,38.62166666666667,7.5,15.8,0.471,3.7,7.5,0.5,4.7,4.7,1.0,0.0,0.9,0.9,3.7,1.9,0.9,0.0,0.9,1.9,2.8,23.3,-10.3,30.9,0,0,33.6,1,13222,1,13222,1051,7874,7354,12143,4633,7490,3944,4574,6558,1,14058,22076,23253,10715,11254,12495,8263,8478,15870,9974,5290,17999,14089,2246,150,11200,1,38:37
2024-25,1641737,Adem Bona,Adem,1610612755,PHI,Philadelphia 76ers,0022401157,2025-04-09T00:00:00,PHI @ WAS,W,32.18333333333333,6.7,8.9,0.75,0.0,1.1,0.0,5.6,7.8,0.714,3.4,6.7,10.1,0.0,4.5,0.0,2.2,0.0,2.2,4.5,19.0,-4.5,33.3,0,0,33.6,1,1,13086,1,5816,9658,18796,2107,15070,20721,15070,3324,2644,9244,4628,6872,5357,19908,3035,12854,2868,8846,13938,5199,8844,15315,12319,2246,150,11197,1,32:11
2024-25,1628988,Aaron Holiday,Aaron,1610612745,HOU,Houston Rockets,0022401166,2025-04-09T00:00:00,HOU @ LAC,L,19.966666666666665,10.8,23.4,0.462,7.2,10.8,0.667,0.0,0.0,0.0,1.8,1.8,3.6,7.2,0.0,0.0,0.0,5.4,1.8,1.8,28.8,16.2,44.0,0,0,46.9,1,13222,1,13222,16042,2401,1235,12428,697,2657,1957,13505,14344,13505,9226,20237,18305,3739,16469,12854,8263,295,16172,13926,2467,5172,5676,2246,150,3526,1,19:58
2024-25,203999,Nikola Jokić,Nikola,1610612743,DEN,Denver Nuggets,0022401165,2025-04-09T00:00:00,DEN @ SAC,W,37.7,4.8,11.5,0.417,0.0,1.0,0.0,9.5,9.5,1.0,2.9,8.6,11.5,10.5,1.0,3.8,0.0,1.9,1.9,6.7,19.1,8.6,59.1,1,1,48.7,1,1,13086,1,1568,15037,14549,14532,15070,20894,15070,822,1571,1,5687,3945,3996,1202,16116,1827,8263,3512,15622,1914,8760,8365,1313,1,1,2923,1,37:42
2024-25,203926,Doug McDermott,Doug,1610612758,SAC,Sacramento Kings,0022401165,2025-04-09T00:00:00,SAC vs. DEN,L,14.5,7.4,12.4,0.6,7.4,12.4,0.6,0.0,0.0,0.0,2.5,2.5,5.0,2.5,0.0,0.0,0.0,0.0,5.0,0.0,22.3,14.9,32.0,0,0,37.2,1,13222,1,13222,19877,7896,12868,5394,612,1565,2992,13505,14344,13505,6665,18235,14882,14602,16469,12854,8263,8846,4692,17725,5968,5673,13302,2246,150,8555,1,14:30
2024-25,1641715,Cam Whitmore,Cam,1610612745,HOU,Houston Rockets,0022401166,2025-04-09T00:00:00,HOU @ LAC,L,31.85,6.8,13.6,0.5,1.1,4.5,0.25,1.1,2.3,0.5,2.3,3.4,5.7,2.3,1.1,0.0,0.0,0.0,1.1,1.1,15.8,-17.0,24.9,0,0,24.9,1,13222,1,13222,6101,9467,10890,8526,13763,14379,11902,12814,11899,10625,7380,15540,13151,15388,14933,12854,8263,8846,18922,16766,12098,20602,18377,2246,150,17785,1,31:51
2024-25,1642403,Isaac Jones,Isaac,1610612758,SAC,Sacramento Kings,0022401165,2025-04-09T00:00:00,SAC vs. DEN,L,5.916666666666667,6.1,12.2,0.5,0.0,0.0,0.0,0.0,0.0,0.0,6.1,6.1,12.2,0.0,0.0,6.1,0.0,6.1,6.1,0.0,12.2,12.2,45.0,0,0,36.5,1,13222,1,13222,23626,11266,13303,8526,15070,20945,15070,13505,14344,13505,1572,8134,3367,19908,16469,449,8263,211,2838,17725,15958,6726,5165,2246,150,9042,1,5:55
2024-25,1629628,RJ Barrett,RJ,1610612761,TOR,Toronto Raptors,0022401158,2025-04-09T00:00:00,TOR vs. CHA,W,14.323333333333334,10.1,27.6,0.364,7.5,17.6,0.429,0.0,0.0,0.0,0.0,2.5,2.5,2.5,0.0,2.5,0.0,2.5,0.0,0.0,27.6,15.1,42.0,0,0,45.2,1,1,13086,1,20002,3159,430,16861,581,370,7394,13505,14344,13505,14058,18152,20782,14493,16469,4341,8263,2023,20257,17725,2914,5598,6638,2246,150,4135,1,14:19
2024-25,1627826,Ivica Zubac,Ivica,1610612746,LAC,LA Clippers,0022401166,2025-04-09T00:00:00,LAC vs. HOU,W,34.68,9.3,13.5,0.692,0.0,0.0,0.0,2.1,2.1,1.0,1.0,10.4,11.4,10.4,2.1,1.0,0.0,1.0,0.0,3.1,20.8,18.7,51.1,1,1,44.6,1,1,13086,1,3713,4139,11017,3171,15070,20945,15070,10375,12495,1,12958,2305,4037,1249,10124,11607,8263,7596,20257,8837,7266,4348,2972,1,1,4412,1,34:41
2024-25,202685,Jonas Valančiūnas,Jonas,1610612758,SAC,Sacramento Kings,0022401165,2025-04-09T00:00:00,SAC vs. DEN,L,9.216666666666667,3.9,15.6,0.25,0.0,3.9,0.0,0.0,0.0,0.0,0.0,7.8,7.8,0.0,0.0,0.0,0.0,0.0,3.9,0.0,7.8,-19.5,17.2,0,0,15.6,1,13222,1,13222,22375,17304,7654,20233,15070,15771,15070,13505,14344,13505,14058,4990,8592,19908,16469,12854,8263,8846,7424,17725,20076,21406,22419,2246,150,22842,1,9:13
2024-25,1631115,Orlando Robinson,Orlando,1610612761,TOR,Toronto Raptors,0022401158,2025-04-09T00:00:00,TOR vs. CHA,W,33.57333333333333,4.3,10.7,0.4,0.0,4.3,0.0,1.1,2.1,0.5,5.4,7.5,12.9,3.2,1.1,0.0,0.0,1.1,5.4,2.1,9.7,17.2,28.8,0,0,25.7,1,1,13086,1,4666,16352,15848,14933,15070,14944,15070,12995,12278,10625,2034,5486,2898,12238,15323,12854,8263,7291,3909,12424,18493,4851,15600,2246,150,17116,1,33:34
2024-25,1630550,JT Thor,JT,1610612764,WAS,Washington Wizards,0022401157,2025-04-09T00:00:00,WAS vs. PHI,L,4.45,0.0,8.1,0.0,0.0,0.0,0.0,0.0,0.0,0.0,8.1,8.1,16.2,0.0,0.0,0.0,0.0,8.1,0.0,0.0,0.0,0.0,19.4,0,0,16.2,1,13222,1,13222,24257,22635,20103,22635,15070,20945,15070,13505,14344,13505,754,4575,1365,19908,16469,12854,8263,104,20257,17725,23200,12240,21447,2246,150,22642,1,4:27
2024-25,1628989,Kevin Huerter,Kevin,1610612741,CHI,Chicago Bulls,0022401160,2025-04-09T00:00:00,CHI vs. MIA,W,36.86666666666667,8.8,15.6,0.563,3.9,8.8,0.444,0.0,0.0,0.0,1.0,2.9,3.9,6.8,2.0,1.0,0.0,0.0,2.9,1.0,21.5,9.8,37.4,0,0,38.1,1,1,13086,1,2081,5102,7654,7127,4186,5131,7211,13505,14344,13505,13446,16970,17552,4237,10767,12155,8263,8846,11036,17464,6659,7809,9410,2246,150,7973,1,36:52
2024-25,201566,Russell Westbrook,Russell,1610612743,DEN,Denver Nuggets,0022401165,2025-04-09T00:00:00,DEN @ SAC,W,16.75,4.3,23.6,0.182,0.0,8.6,0.0,2.1,2.1,1.0,4.3,4.3,8.6,8.6,6.4,2.1,0.0,2.1,4.3,2.1,10.7,-8.6,34.0,0,0,32.2,1,1,13086,1,18416,16328,1176,21891,15070,5422,15070,10132,12256,1,3170,12812,7319,2344,1153,5602,8263,2769,6290,12401,17421,17231,11852,2246,150,12176,1,16:45
2024-25,1642261,Dalton Knecht,Dalton,1610612747,LAL,Los Angeles Lakers,0022401159,2025-04-09T00:00:00,LAL @ DAL,W,1.5833333333333333,22.7,22.7,1.0,0.0,0.0,0.0,0.0,0.0,0.0,0.0,0.0,0.0,0.0,0.0,0.0,0.0,0.0,0.0,0.0,45.5,-22.7,45.5,0,0,45.5,1,1,13086,1,25736,95,1473,1,15070,20945,15070,13505,14344,13505,14058,22137,23286,19908,16469,12854,8263,8846,20257,17725,233,22274,4953,2246,150,4023,1,1:35
2024-25,202709,Cory Joseph,Cory,1610612753,ORL,Orlando Magic,0022401156,2025-04-09T00:00:00,ORL vs. BOS,W,18.566666666666666,1.9,7.8,0.25,1.9,5.8,0.333,0.0,0.0,0.0,0.0,1.9,1.9,5.8,0.0,0.0,0.0,0.0,0.0,0.0,5.8,-5.8,16.9,0,0,15.5,1,1,13086,1,17135,21516,20584,20233,10459,11168,9209,13505,14344,13505,14058,19864,21935,5823,16469,12854,8263,8846,20257,17725,21511,15979,22539,2246,150,22877,1,18:34
2024-25,1628380,Zach Collins,Zach,1610612741,CHI,Chicago Bulls,0022401160,2025-04-09T00:00:00,CHI vs. MIA,W,12.9,0.0,8.4,0.0,0.0,5.6,0.0,0.0,0.0,0.0,0.0,11.2,11.2,0.0,0.0,0.0,2.8,0.0,2.8,0.0,0.0,-14.0,21.8,0,0,16.7,1,1,13086,1,20793,22635,19683,22635,15070,11764,15070,13505,14344,13505,14058,1818,4269,19908,16469,12854,1962,8846,11679,17725,23200,19487,20282,2246,150,22410,1,12:54
2024-25,1630202,Payton Pritchard,Payton,1610612738,BOS,Boston Celtics,0022401156,2025-04-09T00:00:00,BOS @ ORL,L,34.983333333333334,7.2,17.5,0.412,1.0,7.2,0.143,0.0,0.0,0.0,0.0,4.1,4.1,10.3,3.1,1.0,0.0,1.0,2.1,0.0,15.4,-12.3,35.8,1,0,32.9,1,13222,1,13222,3475,8446,5256,14791,14368,8044,14649,13505,14344,13505,14058,13367,17031,1290,6161,11682,8263,7673,14824,17725,12478,18879,10502,1,150,11708,1,34:59
2024-25,1642267,Bub Carrington,Bub,1610612764,WAS,Washington Wizards,0022401157,2025-04-09T00:00:00,WAS vs. PHI,L,26.316666666666666,5.5,8.2,0.667,2.7,4.1,0.667,2.7,2.7,1.0,0.0,5.5,5.5,8.2,5.5,0.0,0.0,1.4,4.1,2.7,16.4,-4.1,29.8,0,0,32.8,1,13222,1,13222,10888,13065,19940,3281,7431,15338,1957,8499,10655,1,14058,9613,13619,2691,1831,12854,8263,5321,6828,10211,11485,15123,14925,2246,150,11780,1,26:19
2024-25,1629637,Jaxson Hayes,Jaxson,1610612747,LAL,Los Angeles Lakers,0022401159,2025-04-09T00:00:00,LAL @ DAL,W,13.516666666666667,2.7,8.0,0.333,0.0,0.0,0.0,2.7,5.3,0.5,8.0,5.3,13.3,0.0,0.0,5.3,0.0,2.7,5.3,2.7,8.0,-24.0,40.0,0,0,32.0,1,1,13086,1,20480,20167,20276,17395,15070,20945,15070,8655,5424,10625,787,9966,2593,19908,16469,726,8263,1791,3975,10428,19929,22568,7795,2246,150,12418,1,13:31
2024-25,1641764,Brandin Podziemski,Brandin,1610612744,GSW,Golden State Warriors,0022401163,2025-04-09T00:00:00,GSW vs. SAS,L,33.24,3.2,11.9,0.273,1.1,5.4,0.2,0.0,0.0,0.0,1.1,2.2,3.2,5.4,2.2,0.0,0.0,0.0,2.2,2.2,7.6,0.0,17.4,0,0,17.3,1,13222,1,13222,4961,18889,13733,20048,14054,12174,13429,13505,14344,13505,12608,19168,19109,6600,9660,12854,8263,8846,14273,12311,20259,12240,22319,2246,150,22157,1,33:14
2024-25,1630172,Patrick Williams,Patrick,1610612741,CHI,Chicago Bulls,0022401160,2025-04-09T00:00:00,CHI vs. MIA,W,13.766666666666667,5.2,10.5,0.5,0.0,5.2,0.0,0.0,0.0,0.0,0.0,0.0,0.0,0.0,5.2,2.6,0.0,0.0,0.0,0.0,10.5,-34.0,13.1,0,0,15.7,1,1,13086,1,20322,13730,16290,8526,15070,12637,15070,13505,14344,13505,14058,22137,23286,19908,2086,4108,8263,8846,20257,17725,17701,24303,23746,2246,150,22825,1,13:46
2024-25,1630658,Colin Castleton,Colin,1610612755,PHI,Philadelphia 76ers,0022401157,2025-04-09T00:00:00,PHI @ WAS,W,28.216666666666665,1.3,5.1,0.25,0.0,1.3,0.0,0.0,0.0,0.0,7.7,10.2,17.9,2.6,0.0,0.0,1.3,0.0,5.1,2.6,2.6,35.7,31.6,0,0,25.5,1,1,13086,1,9369,22423,23388,20233,15070,20525,15070,13505,14344,13505,897,2424,932,14359,16469,12854,5758,8846,4373,10792,23061,1320,13584,2246,150,17268,1,28:13
2024-25,1630548,Johnny Juzang,Johnny,1610612762,UTA,Utah Jazz,0022401162,2025-04-09T00:00:00,UTA vs. POR,W,33.03333333333333,4.4,9.8,0.444,2.2,5.4,0.4,4.4,4.4,1.0,1.1,4.4,5.4,1.1,2.2,3.3,1.1,0.0,3.3,2.2,15.3,9.8,34.3,0,0,32.7,1,1,13086,1,5120,16172,17386,13045,9311,12082,7874,5054,7092,1,12554,12627,13678,19382,9597,2619,6865,8846,9572,12243,12647,7784,11569,2246,150,11883,1,33:02
2024-25,1631248,Baylor Scheierman,Baylor,1610612738,BOS,Boston Celtics,0022401156,2025-04-09T00:00:00,BOS @ ORL,L,35.483333333333334,6.1,14.2,0.429,1.0,7.1,0.143,2.0,2.0,1.0,0.0,5.1,5.1,3.0,2.0,1.0,0.0,1.0,1.0,2.0,15.2,-8.1,26.9,0,0,26.4,1,13222,1,13222,3087,11262,9827,13735,14460,8250,14649,10539,12640,1,14058,10655,14594,12782,10375,11814,8263,7777,19611,12941,12686,17024,17034,2246,150,16644,1,35:29
2024-25,1629680,Matisse Thybulle,Matisse,1610612757,POR,Portland Trail Blazers,0022401162,2025-04-09T00:00:00,POR @ UTA,L,38.28333333333333,4.7,5.6,0.833,1.9,2.8,0.667,0.0,0.0,0.0,0.0,3.8,3.8,5.6,1.9,1.9,0.0,0.0,2.8,0.0,11.3,-13.2,28.0,0,0,26.3,1,13222,1,13222,1228,15238,22951,1514,10714,18016,1957,13505,14344,13505,14058,14442,17917,6157,11154,6855,8263,8846,11544,17725,16907,19181,16214,2246,150,16696,1,38:17
2024-25,101108,Chris Paul,Chris,1610612759,SAS,San Antonio Spurs,0022401163,2025-04-09T00:00:00,SAS @ GSW,W,29.083333333333332,5.0,7.4,0.667,3.7,6.2,0.6,1.2,1.2,1.0,1.2,5.0,6.2,5.0,3.7,1.2,0.0,0.0,3.7,2.5,14.9,-11.1,29.7,0,0,32.2,1,1,13086,1,8609,14537,21032,3281,4666,10221,2992,12482,13829,1,11551,11022,11845,7565,4527,9883,8263,8846,8027,11076,13061,18383,15021,2246,150,12232,1,29:05
2024-25,1629022,Lonnie Walker IV,Lonnie,1610612755,PHI,Philadelphia 76ers,0022401157,2025-04-09T00:00:00,PHI @ WAS,W,28.7,8.8,21.3,0.412,3.8,13.8,0.273,8.8,10.0,0.875,0.0,0.0,0.0,1.3,3.8,1.3,0.0,0.0,3.8,5.0,30.1,15.1,32.0,0,0,37.6,1,1,13086,1,8920,5116,2141,14791,4541,994,11838,1082,1351,6931,14058,22137,23286,18829,4408,9764,8263,8846,7866,4081,2043,5611,13331,2246,150,8264,1,28:42
2024-25,1641718,Keyonte George,Keyonte,1610612762,UTA,Utah Jazz,0022401162,2025-04-09T00:00:00,UTA vs. POR,W,34.333333333333336,6.3,16.8,0.375,4.2,9.4,0.444,2.1,2.1,1.0,0.0,6.3,6.3,6.3,7.3,1.0,0.0,0.0,3.1,4.2,18.9,5.2,31.7,0,0,37.7,1,1,13086,1,3975,10746,6078,16299,3577,4205,7211,10301,12431,1,14058,7711,11629,5040,764,11506,8263,8846,10115,5860,8971,9988,13570,2246,150,8201,1,34:20
2024-25,202687,Bismack Biyombo,Bismack,1610612759,SAS,San Antonio Spurs,0022401163,2025-04-09T00:00:00,SAS @ GSW,W,10.733333333333333,0.0,6.7,0.0,0.0,0.0,0.0,0.0,0.0,0.0,3.4,13.4,16.8,0.0,6.7,0.0,0.0,0.0,3.4,0.0,0.0,-63.7,13.4,0,0,16.8,1,1,13086,1,21833,22635,21882,22635,15070,20945,15070,13505,14344,13505,4631,890,1181,19908,1017,12854,8263,8846,9235,17725,23200,25760,23656,2246,150,22397,1,10:44
2024-25,1631104,Blake Wesley,Blake,1610612759,SAS,San Antonio Spurs,0022401163,2025-04-09T00:00:00,SAS @ GSW,W,19.283333333333335,3.7,5.6,0.667,0.0,0.0,0.0,0.0,0.0,0.0,0.0,1.9,1.9,3.7,0.0,0.0,1.9,0.0,3.7,1.9,7.5,26.1,20.9,0,0,16.8,1,1,13086,1,16596,17743,22999,3281,15070,20945,15070,13505,14344,13505,14058,20054,22054,10697,16469,12854,3871,8846,7960,13658,20347,2597,20733,2246,150,22382,1,19:17
2024-25,1642345,Oso Ighodaro,Oso,1610612756,PHX,Phoenix Suns,0022401164,2025-04-09T00:00:00,PHX vs. OKC,L,24.388333333333332,1.5,3.0,0.5,0.0,0.0,0.0,1.5,3.0,0.5,3.0,3.0,5.9,3.0,0.0,0.0,1.5,0.0,1.5,3.0,4.4,-22.1,20.4,0,0,16.2,1,13222,1,13222,12573,22199,24503,8526,15070,20945,15070,11838,10089,10625,5450,16885,12515,13085,16469,12854,4943,8846,17320,9415,22332,22110,20996,2246,150,22621,1,24:23
2024-25,1631133,Jabari Walker,Jabari,1610612757,POR,Portland Trail Blazers,0022401162,2025-04-09T00:00:00,POR @ UTA,L,33.28333333333333,7.6,11.9,0.636,0.0,3.2,0.0,1.1,3.2,0.333,2.2,5.4,7.6,0.0,4.3,1.1,0.0,1.1,5.4,4.3,16.2,-4.3,24.2,0,0,26.0,1,13222,1,13222,4911,7595,13768,4689,15070,17187,15070,12963,9428,13132,7711,9768,9024,19908,3262,11180,8263,7213,3840,5527,11696,15237,18783,2246,150,16968,1,33:17
2024-25,1642368,N'Faly Dante,N'Faly,1610612745,HOU,Houston Rockets,0022401166,2025-04-09T00:00:00,HOU @ LAC,L,13.583333333333334,2.7,2.7,1.0,0.0,0.0,0.0,5.3,5.3,1.0,0.0,5.3,5.3,0.0,2.7,0.0,5.3,0.0,5.3,2.7,10.6,-31.8,30.2,0,0,26.5,1,13222,1,13222,20440,20182,24600,1,15070,20945,15070,3652,5462,1,14058,10023,14039,19908,7691,12854,439,8846,4017,10471,17554,24006,14658,2246,150,16538,1,13:35
2024-25,1631197,Jared Rhoden,Jared,1610612761,TOR,Toronto Raptors,0022401158,2025-04-09T00:00:00,TOR vs. CHA,W,29.76,9.7,14.5,0.667,3.6,6.0,0.6,4.8,4.8,1.0,1.2,7.3,8.5,4.8,1.2,0.0,0.0,0.0,2.4,2.4,27.8,31.5,44.0,0,0,44.8,1,1,13086,1,7999,3630,9334,3281,4848,10578,2992,4278,6220,1,11731,5892,7520,7818,14372,12854,8263,8846,13114,11269,2849,1787,5656,2246,150,4368,1,29:46
2024-25,1626164,Devin Booker,Devin,1610612756,PHX,Phoenix Suns,0022401164,2025-04-09T00:00:00,PHX vs. OKC,L,39.66166666666667,8.2,18.2,0.45,0.0,3.6,0.0,1.8,3.6,0.5,1.8,3.6,5.4,12.7,3.6,0.9,0.0,0.0,3.6,7.3,18.2,-10.9,42.8,1,0,38.1,1,13222,1,13222,667,6267,4498,12982,15070,16373,15070,11209,8627,10625,9189,14848,13687,584,4708,12634,8263,8846,8323,1473,9669,18278,6201,1,150,7944,1,39:40
2024-25,1627884,Derrick Jones Jr.,Derrick,1610612746,LAC,LA Clippers,0022401166,2025-04-09T00:00:00,LAC vs. HOU,W,34.68,3.1,6.2,0.5,2.1,5.2,0.4,0.0,0.0,0.0,1.0,2.1,3.1,1.0,2.1,0.0,1.0,0.0,2.1,0.0,8.3,5.2,14.6,0,0,16.6,1,1,13086,1,3713,19164,22390,8526,9788,12729,7874,13505,14344,13505,12958,19437,19445,19565,10124,12854,7208,8846,14722,17725,19655,10013,23299,2246,150,22468,1,34:41
2024-25,1629048,Goga Bitadze,Goga,1610612753,ORL,Orlando Magic,0022401156,2025-04-09T00:00:00,ORL vs. BOS,W,20.736666666666668,5.2,12.2,0.429,0.0,1.7,0.0,0.0,0.0,0.0,5.2,6.9,12.2,3.5,0.0,0.0,0.0,0.0,5.2,0.0,10.4,36.5,30.2,0,0,26.0,1,1,13086,1,15465,13799,13326,13735,15070,20002,15070,13505,14344,13505,2187,6460,3377,11485,16469,12854,8263,8846,4178,17725,17738,1251,14662,2246,150,16900,1,20:44
2024-25,203915,Spencer Dinwiddie,Spencer,1610612742,DAL,Dallas Mavericks,0022401159,2025-04-09T00:00:00,DAL vs. LAL,L,29.183333333333334,1.2,1.2,1.0,1.2,1.2,1.0,2.5,2.5,1.0,0.0,3.7,3.7,4.9,2.5,0.0,0.0,0.0,0.0,1.2,6.2,0.0,15.5,0,0,16.0,1,13222,1,13222,8521,22464,24832,1,13181,20575,1,9143,11291,1,14058,14627,18072,7610,8372,12854,8263,8846,20257,16215,21269,12240,23014,2246,150,22691,1,29:11
2024-25,1642263,Reed Sheppard,Reed,1610612745,HOU,Houston Rockets,0022401166,2025-04-09T00:00:00,HOU @ LAC,L,36.8,6.8,13.7,0.5,5.9,9.8,0.6,0.0,0.0,0.0,0.0,4.9,4.9,3.9,3.9,2.0,0.0,0.0,2.0,0.0,19.6,-22.5,33.3,0,0,38.2,1,13222,1,13222,2125,9302,10664,8526,1411,3743,2992,13505,14344,13505,14058,11182,15088,10189,4056,6469,8263,8846,15371,17725,8292,22220,12383,2246,150,7927,1,36:48
2024-25,1631223,David Roddy,David,1610612745,HOU,Houston Rockets,0022401166,2025-04-09T00:00:00,HOU @ LAC,L,6.866666666666666,0.0,15.7,0.0,0.0,5.2,0.0,0.0,0.0,0.0,0.0,5.2,5.2,0.0,0.0,0.0,5.2,0.0,0.0,0.0,0.0,5.2,22.0,0,0,15.7,1,13222,1,13222,23223,22635,7504,22635,15070,12606,15070,13505,14344,13505,14058,10176,14178,19908,16469,12854,456,8846,20257,17725,23200,9982,20133,2246,150,22814,1,6:52
2024-25,1630193,Immanuel Quickley,Immanuel,1610612761,TOR,Toronto Raptors,0022401158,2025-04-09T00:00:00,TOR vs. CHA,W,14.323333333333334,7.5,15.1,0.5,5.0,12.6,0.4,0.0,0.0,0.0,2.5,2.5,5.0,2.5,0.0,0.0,0.0,0.0,2.5,0.0,20.1,15.1,29.9,0,0,32.7,1,1,13086,1,20002,7665,8465,8526,2238,1496,7874,13505,14344,13505,6572,18152,14734,14493,16469,12854,8263,8846,12740,17725,7830,5598,14862,2246,150,11893,1,14:19
2024-25,1641878,Damion Baugh,Damion,1610612766,CHA,Charlotte Hornets,0022401158,2025-04-09T00:00:00,CHA @ TOR,L,21.45,1.7,6.7,0.25,1.7,6.7,0.25,3.4,3.4,1.0,0.0,5.0,5.0,1.7,6.7,0.0,0.0,0.0,0.0,1.7,8.4,-8.4,10.2,0,0,16.8,1,13222,1,13222,14962,21924,21879,20233,11462,9084,11902,6988,9185,1,14058,10772,14712,17426,1016,12854,8263,8846,20257,14341,19599,17134,24377,2246,150,22393,1,21:27
2024-25,1641726,Dereck Lively II,Dereck,1610612742,DAL,Dallas Mavericks,0022401159,2025-04-09T00:00:00,DAL vs. LAL,L,15.183333333333334,7.1,7.1,1.0,0.0,0.0,0.0,0.0,0.0,0.0,0.0,0.0,0.0,0.0,2.4,2.4,0.0,0.0,7.1,0.0,14.2,-40.3,19.0,0,0,19.0,1,13222,1,13222,19447,8669,21427,1,15070,20945,15070,13505,14344,13505,14058,22137,23286,19908,8766,4791,8263,8846,1884,17725,13699,24861,21658,2246,150,21407,1,15:11
2024-25,1642275,Tidjane Salaün,Tidjane,1610612766,CHA,Charlotte Hornets,0022401158,2025-04-09T00:00:00,CHA @ TOR,L,30.983333333333334,4.6,12.8,0.364,1.2,7.0,0.167,0.0,0.0,0.0,0.0,7.0,7.0,0.0,1.2,0.0,0.0,0.0,2.3,1.2,10.5,-16.3,17.7,0,0,18.6,1,13222,1,13222,6893,15373,12246,16861,13583,8516,14236,13505,14344,13505,14058,6411,10190,19908,14714,12854,8263,8846,13547,16587,17706,20357,22232,2246,150,21590,1,30:59
2024-25,1631306,Cole Swider,Cole,1610612761,TOR,Toronto Raptors,0022401158,2025-04-09T00:00:00,TOR vs. CHA,W,25.866666666666667,4.2,11.1,0.375,2.8,7.0,0.4,0.0,0.0,0.0,1.4,2.8,4.2,2.8,1.4,0.0,1.4,1.4,1.4,1.4,11.1,40.4,23.1,0,0,23.7,1,1,13086,1,11270,16664,15133,16299,7264,8547,7874,13505,14344,13505,10781,17451,16868,13638,13322,12854,5263,5207,17659,15487,17050,963,19494,2246,150,18571,1,25:52
2024-25,1630198,Isaiah Joe,Isaiah,1610612760,OKC,Oklahoma City Thunder,0022401164,2025-04-09T00:00:00,OKC @ PHX,W,30.033333333333335,2.4,9.6,0.25,1.2,7.2,0.167,0.0,0.0,0.0,1.2,4.8,6.0,3.6,1.2,1.2,0.0,0.0,2.4,2.4,6.0,12.0,21.0,0,0,19.2,1,1,13086,1,7755,20674,17796,20233,13372,8058,14236,13505,14344,13505,11799,11455,12302,11097,14452,10182,8263,8846,13220,11365,21398,6803,20702,2246,150,21300,1,30:02
2024-25,1628976,Wendell Carter Jr.,Wendell,1610612753,ORL,Orlando Magic,0022401156,2025-04-09T00:00:00,ORL vs. BOS,W,21.55,6.7,11.7,0.571,0.0,3.3,0.0,0.0,0.0,0.0,0.0,5.0,5.0,1.7,5.0,1.7,0.0,1.7,5.0,0.0,13.4,0.0,21.9,0,0,23.4,1,1,13086,1,14889,9728,14133,6538,15070,16980,15070,13505,14344,13505,14058,10852,14766,17441,2325,7719,8263,4219,4577,17725,14666,12240,20211,2246,150,18744,1,21:33
2024-25,203486,Mason Plumlee,Mason,1610612756,PHX,Phoenix Suns,0022401164,2025-04-09T00:00:00,PHX vs. OKC,L,23.611666666666668,1.5,1.5,1.0,0.0,0.0,0.0,4.6,9.1,0.5,0.0,7.6,7.6,3.0,1.5,0.0,0.0,0.0,0.0,4.6,7.6,3.0,19.8,0,0,18.3,1,13222,1,13222,13222,22141,24819,1,15070,20945,15070,4728,1796,10625,14058,5283,8930,12766,12640,12854,8263,8846,20257,4999,20226,11090,21251,2246,150,21725,1,23:37
2024-25,203937,Kyle Anderson,Kyle,1610612748,MIA,Miami Heat,0022401160,2025-04-09T00:00:00,MIA @ CHI,L,21.93,4.9,8.2,0.6,0.0,0.0,0.0,0.0,0.0,0.0,0.0,3.3,3.3,1.6,3.3,0.0,1.6,1.6,1.6,0.0,9.8,-4.9,17.9,0,0,18.1,1,13222,1,13222,14558,14621,19939,5394,15070,20945,15070,13505,14344,13505,14058,15841,19029,17533,5549,12854,4448,4325,16744,17725,18312,15546,22142,2246,150,21837,1,21:56
2024-25,1631301,Jaylen Sims,Jaylen,1610612766,CHA,Charlotte Hornets,0022401158,2025-04-09T00:00:00,CHA @ TOR,L,24.066666666666666,1.5,9.0,0.167,0.0,4.5,0.0,3.0,3.0,1.0,1.5,3.0,4.5,1.5,1.5,1.5,1.5,0.0,0.0,1.5,6.0,-31.4,21.1,0,0,18.0,1,13222,1,13222,12825,22173,18762,21938,15070,14475,15070,7837,9999,1,10344,16768,16081,17994,12762,8427,4870,8846,20257,15019,21413,23949,20639,2246,150,21890,1,24:04
2024-25,1629216,Gabe Vincent,Gabe,1610612747,LAL,Los Angeles Lakers,0022401159,2025-04-09T00:00:00,LAL @ DAL,W,17.166666666666668,2.1,10.5,0.2,0.0,6.3,0.0,0.0,0.0,0.0,0.0,2.1,2.1,0.0,0.0,0.0,0.0,0.0,0.0,0.0,4.2,-33.6,6.7,0,0,6.3,1,1,13086,1,18157,21238,16252,21401,15070,9997,15070,13505,14344,13505,14058,19368,21618,19908,16469,12854,8263,8846,20257,17725,22465,24237,24842,2246,150,24973,1,17:10
2024-25,1641729,Brice Sensabaugh,Brice,1610612762,UTA,Utah Jazz,0022401162,2025-04-09T00:00:00,UTA vs. POR,W,36.38333333333333,6.9,11.9,0.583,5.9,9.9,0.6,2.0,2.0,1.0,0.0,4.0,4.0,4.0,3.0,3.0,0.0,0.0,3.0,1.0,21.8,17.8,38.4,0,0,41.6,1,1,13086,1,2419,9106,13818,6296,1350,3613,2992,10716,12780,1,14058,13847,17421,10047,6594,3222,8263,8846,10859,17428,6409,4619,8778,2246,150,5875,1,36:23
2024-25,1631128,Christian Braun,Christian,1610612743,DEN,Denver Nuggets,0022401165,2025-04-09T00:00:00,DEN @ SAC,W,36.71666666666667,8.8,11.8,0.75,2.9,4.9,0.6,3.9,4.9,0.8,0.0,3.9,3.9,2.0,0.0,0.0,1.0,0.0,1.0,2.9,24.5,19.6,35.1,0,0,35.3,1,1,13086,1,2182,5021,14004,2107,6720,13437,2992,5842,6114,7681,14058,13962,17508,16514,16469,12854,7614,8846,19812,9455,4483,4071,10992,2246,150,9879,1,36:43
2024-25,203932,Aaron Gordon,Aaron,1610612743,DEN,Denver Nuggets,0022401165,2025-04-09T00:00:00,DEN @ SAC,W,35.45,9.1,16.2,0.563,1.0,5.1,0.2,2.0,2.0,1.0,2.0,1.0,3.0,5.1,1.0,0.0,0.0,1.0,0.0,0.0,21.3,16.2,31.6,0,0,30.5,1,1,13086,1,3112,4462,6754,7127,14454,13008,13429,10525,12629,1,8254,21946,19593,7299,15742,12854,8263,7767,20257,17725,6797,5159,13624,2246,150,13570,1,35:27
2024-25,1626172,Kevon Looney,Kevon,1610612744,GSW,Golden State Warriors,0022401163,2025-04-09T00:00:00,GSW vs. SAS,L,12.118333333333334,0.0,0.0,0.0,0.0,0.0,0.0,5.9,5.9,1.0,0.0,5.9,5.9,8.9,0.0,0.0,3.0,0.0,5.9,3.0,5.9,0.0,35.4,0,0,26.7,1,13222,1,13222,21183,22635,24836,22635,15070,20945,15070,2930,4559,1,14058,8466,12430,2098,16469,12854,1734,8846,3029,9359,21437,12240,10831,2246,150,16369,1,12:07
2024-25,1627734,Domantas Sabonis,Domantas,1610612758,SAC,Sacramento Kings,0022401165,2025-04-09T00:00:00,SAC vs. DEN,L,38.78333333333333,5.6,9.3,0.6,0.0,0.9,0.0,0.9,0.9,1.0,3.7,7.4,11.1,1.9,0.0,0.0,0.9,0.9,4.6,0.9,12.1,-2.8,31.0,1,0,26.9,1,13222,1,13222,971,12795,18292,5394,15070,20915,15070,13416,14296,1,4016,5633,4286,16909,16469,12854,7961,8511,5437,17606,16074,14446,14060,1,150,16214,1,38:47
2024-25,1629639,Tyler Herro,Tyler,1610612748,MIA,Miami Heat,0022401160,2025-04-09T00:00:00,MIA @ CHI,L,35.583333333333336,13.2,26.3,0.5,2.0,7.1,0.286,2.0,2.0,1.0,1.0,3.0,4.0,4.0,3.0,1.0,0.0,1.0,0.0,2.0,30.4,-4.0,41.3,0,0,42.5,1,13222,1,13222,3006,972,596,8526,10051,8286,11433,10558,12653,1,13160,16603,17196,9813,6334,11847,8263,7808,20257,12971,1968,15090,7005,2246,150,5411,1,35:35
2024-25,1642354,KJ Simpson,KJ,1610612766,CHA,Charlotte Hornets,0022401158,2025-04-09T00:00:00,CHA @ TOR,L,32.516666666666666,2.2,11.1,0.2,1.1,4.4,0.25,1.1,2.2,0.5,1.1,0.0,1.1,5.5,4.4,3.3,0.0,0.0,2.2,2.2,6.6,-31.0,21.8,0,0,21.0,1,13222,1,13222,5539,21011,15249,21401,13903,14623,11902,12896,12047,10625,12416,22137,23073,6365,3105,2526,8263,8846,14037,12103,20964,23885,20256,2246,150,20260,1,32:31
2024-25,1628997,Caleb Martin,Caleb,1610612742,DAL,Dallas Mavericks,0022401159,2025-04-09T00:00:00,DAL vs. LAL,L,21.183333333333334,5.1,11.9,0.429,0.0,0.0,0.0,5.1,6.8,0.75,3.4,1.7,5.1,3.4,3.4,1.7,0.0,0.0,3.4,3.4,15.3,6.8,28.2,0,0,27.2,1,13222,1,13222,15162,14100,13770,13735,15070,20945,15070,3892,3568,8186,4541,20459,14525,11691,5233,7610,8263,8846,9084,7955,12619,9235,16064,2246,150,16024,1,21:11
2024-25,1630541,Moses Moody,Moses,1610612744,GSW,Golden State Warriors,0022401163,2025-04-09T00:00:00,GSW vs. SAS,L,31.21,3.5,12.7,0.273,1.2,8.1,0.143,0.0,0.0,0.0,3.5,5.8,9.2,1.2,1.2,1.2,0.0,1.2,1.2,0.0,8.1,-5.8,23.2,0,0,21.9,1,13222,1,13222,6695,18404,12404,20048,13631,6330,14649,13505,14344,13505,4437,8868,6406,19171,14772,10552,8263,6604,18792,17725,19861,15956,19445,2246,150,19718,1,31:13
2024-25,1630224,Jalen Green,Jalen,1610612745,HOU,Houston Rockets,0022401166,2025-04-09T00:00:00,HOU @ LAC,L,15.346666666666666,4.7,16.4,0.286,2.3,4.7,0.5,0.0,0.0,0.0,0.0,0.0,0.0,7.0,9.4,0.0,0.0,0.0,0.0,0.0,11.7,-35.2,12.9,0,0,21.1,1,13222,1,13222,19348,15262,6523,19630,8686,13979,3944,13505,14344,13505,14058,22137,23286,3969,384,12854,8263,8846,20257,17725,16415,24428,23794,2246,150,20208,1,15:21
2024-25,1642273,Kyshawn George,Kyshawn,1610612764,WAS,Washington Wizards,0022401157,2025-04-09T00:00:00,WAS vs. PHI,L,24.5,5.9,14.7,0.4,2.9,10.3,0.286,4.4,5.9,0.75,0.0,5.9,5.9,2.9,2.9,0.0,0.0,0.0,2.9,2.9,19.1,-1.5,27.6,0,0,30.9,1,13222,1,13222,12473,11868,9056,14933,6726,3168,11433,4978,4643,8186,14058,8597,12573,13133,6678,12854,8263,8846,10987,9464,8754,13788,16483,2246,150,13283,1,24:30
2024-25,1627739,Kris Dunn,Kris,1610612746,LAC,LA Clippers,0022401166,2025-04-09T00:00:00,LAC vs. HOU,W,30.633333333333333,4.7,7.1,0.667,1.2,2.4,0.5,0.0,0.0,0.0,0.0,2.4,2.4,3.5,1.2,3.5,1.2,0.0,1.2,0.0,10.6,27.0,31.6,0,0,27.0,1,1,13086,1,7181,15239,21502,3281,13507,18906,3944,13505,14344,13505,14058,18624,21102,11323,14622,2211,6333,8846,18688,17725,17586,2424,13600,2246,150,16130,1,30:38
2024-25,202710,Jimmy Butler III,Jimmy,1610612744,GSW,Golden State Warriors,0022401163,2025-04-09T00:00:00,GSW vs. SAS,L,38.35,4.7,7.5,0.625,1.9,1.9,1.0,15.0,16.0,0.941,1.9,1.9,3.8,6.6,0.9,1.9,0.0,0.9,0.9,11.3,26.3,-8.4,45.3,0,0,42.2,1,13222,1,13222,1190,15257,20912,4899,10727,19780,1,170,283,6708,8909,20030,17928,4605,16204,6869,8263,8428,20030,255,3541,17156,5017,2246,150,5528,1,38:21
2024-25,1631119,Jaylin Williams,Jaylin,1610612760,OKC,Oklahoma City Thunder,0022401164,2025-04-09T00:00:00,OKC @ PHX,W,24.268333333333334,5.9,10.4,0.571,5.9,7.4,0.8,0.0,0.0,0.0,0.0,5.9,5.9,3.0,3.0,1.5,0.0,0.0,3.0,0.0,17.8,10.4,30.9,0,0,35.6,1,1,13086,1,12679,11700,16415,6538,1356,7571,1389,13505,14344,13505,14058,8480,12450,13035,6599,8483,8263,8846,10866,17725,10027,7521,14170,2246,150,9664,1,24:16
2024-25,1630577,Julian Champagnie,Julian,1610612759,SAS,San Antonio Spurs,0022401163,2025-04-09T00:00:00,SAS @ GSW,W,29.316666666666666,4.9,11.1,0.444,3.7,8.6,0.429,3.7,3.7,1.0,0.0,4.9,4.9,4.9,2.5,0.0,2.5,0.0,3.7,2.5,17.2,24.6,35.4,0,0,35.6,1,1,13086,1,8382,14651,15276,13045,4732,5424,7394,6321,8511,1,14058,11127,15026,7664,8426,12854,2460,8846,8149,11142,10642,2910,10827,2246,150,9652,1,29:19
2024-25,1641783,Tristan da Silva,Tristan,1610612753,ORL,Orlando Magic,0022401156,2025-04-09T00:00:00,ORL vs. BOS,W,12.0,6.0,18.0,0.333,3.0,9.0,0.333,0.0,0.0,0.0,6.0,3.0,9.0,3.0,0.0,0.0,0.0,0.0,0.0,0.0,15.0,3.0,30.3,0,0,30.0,1,1,13086,1,21228,11500,4664,17395,6500,4827,9209,13505,14344,13505,1612,16717,6730,12925,16469,12854,8263,8846,20257,17725,12895,11118,14576,2246,150,13941,1,12:00
2024-25,1626168,Trey Lyles,Trey,1610612758,SAC,Sacramento Kings,0022401165,2025-04-09T00:00:00,SAC vs. DEN,L,37.7,5.7,8.6,0.667,1.9,2.9,0.667,2.9,2.9,1.0,1.9,6.7,8.6,3.8,1.0,0.0,0.0,0.0,1.9,4.8,16.2,-8.6,31.3,0,0,30.6,1,13222,1,13222,1568,12327,19362,3281,10587,17928,1957,8181,10320,1,8772,6920,7324,10449,16116,12854,8263,8846,15622,4561,11683,17228,13812,2246,150,13509,1,37:42
2024-25,203914,Gary Harris,Gary,1610612753,ORL,Orlando Magic,0022401156,2025-04-09T00:00:00,ORL vs. BOS,W,13.208333333333334,5.5,8.2,0.667,5.5,8.2,0.667,0.0,0.0,0.0,0.0,0.0,0.0,0.0,0.0,0.0,0.0,0.0,0.0,0.0,16.4,68.1,16.4,0,0,21.8,1,1,13086,1,20651,13130,19979,3281,1787,6128,1957,13505,14344,13505,14058,22137,23286,19908,16469,12854,8263,8846,20257,17725,11549,254,22724,2246,150,19787,1,13:13
2024-25,1642270,Donovan Clingan,Donovan,1610612757,POR,Portland Trail Blazers,0022401162,2025-04-09T00:00:00,POR @ UTA,L,26.9,4.0,5.4,0.75,0.0,0.0,0.0,5.4,5.4,1.0,6.7,5.4,12.0,5.4,1.3,0.0,2.7,0.0,8.0,6.7,13.4,-2.7,42.6,0,0,36.1,1,13222,1,13222,10417,17057,23216,2107,15070,20945,15070,3583,5380,1,1281,9892,3451,6715,13628,12854,2110,8846,1351,1906,14636,14391,6339,2246,150,9274,1,26:54
2024-25,1630573,Sam Hauser,Sam,1610612738,BOS,Boston Celtics,0022401156,2025-04-09T00:00:00,BOS @ ORL,L,25.25,5.7,15.7,0.364,2.9,11.4,0.25,0.0,0.0,0.0,0.0,4.3,4.3,0.0,1.4,0.0,0.0,0.0,0.0,1.4,14.3,-24.2,18.0,0,0,21.4,1,13222,1,13222,11782,12413,7567,16861,7042,2170,11902,13505,14344,13505,14058,12871,16591,19908,13133,12854,8263,8846,20257,15341,13652,22631,22105,2246,150,20032,1,25:15
2024-25,1630625,Dalano Banton,Dalano,1610612757,POR,Portland Trail Blazers,0022401162,2025-04-09T00:00:00,POR @ UTA,L,34.95,4.1,16.5,0.25,0.0,7.2,0.0,3.1,4.1,0.75,0.0,2.1,2.1,4.1,1.0,1.0,1.0,1.0,3.1,2.1,11.3,-12.4,25.1,0,0,21.6,1,13222,1,13222,3500,16797,6452,20233,15070,8026,15070,7571,7589,8186,14058,19477,21678,9609,15632,11673,7271,7665,10308,12802,16856,18882,18193,2246,150,19876,1,34:57
2024-25,1631111,Wendell Moore Jr.,Wendell,1610612766,CHA,Charlotte Hornets,0022401158,2025-04-09T00:00:00,CHA @ TOR,L,25.95,5.5,11.1,0.5,1.4,5.5,0.25,0.0,0.0,0.0,0.0,2.8,2.8,1.4,4.2,1.4,0.0,0.0,0.0,0.0,12.5,-20.8,17.9,0,0,20.8,1,13222,1,13222,11194,12849,15191,8526,12492,11848,11902,13505,14344,13505,14058,17488,20308,18384,3559,8971,8263,8846,20257,17725,15604,21784,22140,2246,150,20397,1,25:57
2024-25,1630598,Aaron Wiggins,Aaron,1610612760,OKC,Oklahoma City Thunder,0022401164,2025-04-09T00:00:00,OKC @ PHX,W,33.05166666666667,8.7,17.4,0.5,1.1,3.3,0.333,0.0,0.0,0.0,2.2,3.3,5.4,3.3,3.3,1.1,0.0,0.0,2.2,0.0,18.5,7.6,30.0,0,0,30.5,1,1,13086,1,5109,5243,5322,8526,14011,17143,9209,13505,14344,13505,7661,15890,13688,12087,5613,11113,8263,8846,14203,17725,9310,8817,14831,2246,150,13549,1,33:03
2024-25,1642346,Ryan Dunn,Ryan,1610612756,PHX,Phoenix Suns,0022401164,2025-04-09T00:00:00,PHX vs. OKC,L,27.266666666666666,6.6,14.5,0.455,4.0,10.6,0.375,0.0,0.0,0.0,2.6,6.6,9.2,0.0,1.3,2.6,0.0,0.0,4.0,1.3,17.2,-22.4,34.9,0,0,35.6,1,13222,1,13222,10130,9923,9319,12676,4072,2919,8800,13505,14344,13505,6243,7100,6393,19908,13711,4041,8263,8846,7251,15807,10668,22204,11151,2246,150,9629,1,27:16
2024-25,1630208,Nick Richards,Nick,1610612756,PHX,Phoenix Suns,0022401154,2025-04-08T00:00:00,PHX vs. GSW,L,20.15,3.6,8.9,0.4,0.0,0.0,0.0,0.0,0.0,0.0,1.8,14.3,16.1,0.0,1.8,0.0,1.8,0.0,3.6,1.8,7.1,-32.2,30.0,0,0,26.8,1,13222,1,13222,15903,18147,18818,14933,15070,20945,15070,13505,14344,13505,9291,697,1402,19908,11610,12854,4087,8846,8514,13978,20601,24053,14782,2246,150,16324,1,20:09
2024-25,1630170,Devin Vassell,Devin,1610612759,SAS,San Antonio Spurs,0022401155,2025-04-08T00:00:00,SAS @ LAC,L,24.983333333333334,4.3,11.5,0.375,1.4,7.2,0.2,0.0,1.4,0.0,0.0,1.4,1.4,2.9,4.3,2.9,0.0,0.0,1.4,2.9,10.1,-17.3,20.5,0,0,21.6,1,13222,1,13222,12017,16266,14425,16299,12289,8041,13429,13505,13547,13505,14058,21007,22646,13343,3267,3458,8263,8846,17474,9653,18068,20709,20963,2246,150,19884,1,24:59
2024-25,1641801,Emanuel Miller,Emanuel,1610612741,CHI,Chicago Bulls,0022401147,2025-04-08T00:00:00,CHI @ CLE,L,4.033333333333333,0.0,8.9,0.0,0.0,0.0,0.0,0.0,0.0,0.0,17.9,0.0,17.9,8.9,0.0,0.0,0.0,0.0,8.9,0.0,0.0,-35.7,34.8,0,0,26.8,1,13222,1,13222,24464,22635,18828,22635,15070,20945,15070,13505,14344,13505,87,22137,933,2075,16469,12854,8263,8846,985,17725,23200,24488,11190,2246,150,16340,1,4:02
2024-25,1627732,Ben Simmons,Ben,1610612746,LAC,LA Clippers,0022401155,2025-04-08T00:00:00,LAC vs. SAS,W,14.996666666666666,0.0,7.2,0.0,0.0,0.0,0.0,0.0,0.0,0.0,4.8,12.0,16.8,4.8,2.4,0.0,0.0,0.0,7.2,0.0,0.0,-2.4,25.0,0,0,21.6,1,1,13086,1,19571,22635,21315,22635,15070,20945,15070,13505,14344,13505,2560,1346,1171,7918,8653,12854,8263,8846,1825,17725,23200,14260,18316,2246,150,19891,1,14:60
2024-25,1630217,Desmond Bane,Desmond,1610612763,MEM,Memphis Grizzlies,0022401146,2025-04-08T00:00:00,MEM @ CHA,W,25.45,8.5,15.6,0.545,4.2,7.1,0.6,5.7,5.7,1.0,0.0,7.1,7.1,4.2,1.4,0.0,0.0,1.4,2.8,4.2,26.9,35.4,40.3,0,0,42.4,1,1,13086,1,11624,5637,7749,7695,3496,8311,2992,3242,4963,1,14058,6223,10007,9268,13199,12854,8263,5123,11513,5735,3259,1358,7564,2246,150,5442,1,25:27
2024-25,1630202,Payton Pritchard,Payton,1610612738,BOS,Boston Celtics,0022401151,2025-04-08T00:00:00,BOS @ NYK,W,29.89,3.6,7.2,0.5,0.0,3.6,0.0,2.4,2.4,1.0,1.2,4.8,6.0,3.6,1.2,1.2,0.0,0.0,1.2,2.4,9.6,-12.0,24.7,0,0,21.7,1,1,13086,1,7886,18053,21288,8526,15070,16408,15070,9314,11463,1,11767,11383,12225,11050,14405,10137,8263,8846,18511,11317,18510,18756,18497,2246,150,19853,1,29:53
2024-25,1628392,Isaiah Hartenstein,Isaiah,1610612760,OKC,Oklahoma City Thunder,0022401153,2025-04-08T00:00:00,OKC vs. LAL,W,28.716666666666665,5.0,8.8,0.571,0.0,0.0,0.0,0.0,0.0,0.0,7.5,11.3,18.8,5.0,1.3,1.3,2.5,0.0,3.8,0.0,10.0,22.6,50.1,0,0,41.4,1,1,13086,1,8903,14342,19068,6538,15070,20945,15070,13505,14344,13505,947,1756,729,7434,14076,9775,2364,8846,7877,17725,18136,3350,3230,2246,150,5991,1,28:43
2024-25,202709,Cory Joseph,Cory,1610612753,ORL,Orlando Magic,0022401149,2025-04-08T00:00:00,ORL vs. ATL,W,26.133333333333333,4.1,8.3,0.5,2.8,6.9,0.4,0.0,0.0,0.0,1.4,5.5,6.9,1.4,1.4,2.8,0.0,0.0,2.8,0.0,11.0,17.9,28.2,0,0,27.6,1,1,13086,1,11058,16767,19847,8526,7364,8694,7874,13505,14344,13505,10846,9499,10346,18411,13416,3794,8263,8846,11817,17725,17164,4589,16048,2246,150,15753,1,26:08
2024-25,1642274,Yves Missi,Yves,1610612740,NOP,New Orleans Pelicans,0022401150,2025-04-08T00:00:00,NOP @ BKN,L,18.866666666666667,7.6,11.4,0.667,0.0,0.0,0.0,1.9,5.7,0.333,5.7,3.8,9.5,0.0,1.9,0.0,0.0,0.0,0.0,5.7,17.2,-40.1,26.7,0,0,26.7,1,13222,1,13222,16929,7428,14571,3281,15070,20945,15070,10919,4861,13132,1800,14273,6005,19908,10999,12854,8263,8846,20257,3005,10660,24843,17148,2246,150,16386,1,18:52
2024-25,1631218,Trayce Jackson-Davis,Trayce,1610612744,GSW,Golden State Warriors,0022401154,2025-04-08T00:00:00,GSW @ PHX,W,18.683333333333334,7.7,9.6,0.8,0.0,1.9,0.0,9.6,13.5,0.714,3.9,11.6,15.4,1.9,1.9,0.0,0.0,0.0,1.9,7.7,25.0,17.3,44.5,0,0,42.4,1,1,13086,1,17048,7257,17704,1688,15070,19693,15070,799,533,9244,3802,1585,1604,16651,10916,12854,8263,8846,15540,1193,4192,4792,5422,2246,150,5456,1,18:41
2024-25,1630264,Anthony Gill,Anthony,1610612764,WAS,Washington Wizards,0022401148,2025-04-08T00:00:00,WAS @ IND,L,6.783333333333333,0.0,0.0,0.0,0.0,0.0,0.0,0.0,0.0,0.0,10.6,10.6,21.2,0.0,0.0,0.0,0.0,0.0,5.3,5.3,0.0,-47.8,25.5,0,0,21.2,1,13222,1,13222,23250,22635,24836,22635,15070,20945,15070,13505,14344,13505,333,2142,392,19908,16469,12854,8263,8846,4008,3615,23200,25302,17951,2246,150,20144,1,6:47
2024-25,1642277,Johnny Furphy,Johnny,1610612754,IND,Indiana Pacers,0022401148,2025-04-08T00:00:00,IND vs. WAS,W,6.783333333333333,0.0,0.0,0.0,0.0,0.0,0.0,0.0,0.0,0.0,0.0,0.0,0.0,0.0,0.0,10.6,0.0,0.0,5.3,0.0,0.0,47.8,31.8,0,0,21.2,1,1,13086,1,23250,22635,24836,22635,15070,20945,15070,13505,14344,13505,14058,22137,23286,19908,16469,107,8263,8846,4008,17725,23200,617,13445,2246,150,20144,1,6:47
2024-25,1630559,Austin Reaves,Austin,1610612747,LAL,Los Angeles Lakers,0022401153,2025-04-08T00:00:00,LAL @ OKC,L,38.36666666666667,5.6,11.3,0.5,3.8,6.6,0.571,7.5,11.3,0.667,0.9,3.8,4.7,4.7,3.8,0.0,0.0,0.0,3.8,7.5,22.5,-17.8,31.4,0,0,35.7,1,13222,1,13222,1178,12615,14909,8526,4564,9392,3506,1659,963,9425,13727,14458,15591,8204,4431,12854,8263,8846,7898,1324,5841,20876,13717,2246,150,9620,1,38:22
2024-25,1630643,Jay Huff,Jay,1610612763,MEM,Memphis Grizzlies,0022401146,2025-04-08T00:00:00,MEM @ CHA,W,6.666666666666667,5.4,10.8,0.5,5.4,10.8,0.5,0.0,0.0,0.0,0.0,0.0,0.0,0.0,0.0,0.0,0.0,0.0,0.0,0.0,16.2,0.0,16.2,0,0,21.6,1,1,13086,1,23297,13272,15695,8526,1852,2675,3944,13505,14344,13505,14058,22137,23286,19908,16469,12854,8263,8846,20257,17725,11725,12240,22773,2246,150,19898,1,6:40
2024-25,1630205,Lamar Stevens,Lamar,1610612763,MEM,Memphis Grizzlies,0022401146,2025-04-08T00:00:00,MEM @ CHA,W,4.683333333333334,7.7,15.4,0.5,7.7,15.4,0.5,0.0,0.0,0.0,0.0,0.0,0.0,0.0,0.0,0.0,0.0,0.0,7.7,0.0,23.1,23.1,23.1,0,0,30.7,1,1,13086,1,24147,7297,7998,8526,535,620,3944,13505,14344,13505,14058,22137,23286,19908,16469,12854,8263,8846,1513,17725,5442,3252,19520,2246,150,13359,1,4:41
2024-25,1628380,Zach Collins,Zach,1610612741,CHI,Chicago Bulls,0022401147,2025-04-08T00:00:00,CHI @ CLE,L,24.216666666666665,4.5,8.9,0.5,1.5,4.5,0.333,0.0,0.0,0.0,7.4,11.9,19.3,4.5,7.4,0.0,0.0,0.0,4.5,3.0,10.4,-23.8,32.9,0,0,35.7,1,13222,1,13222,12715,15895,18841,8526,12088,14548,9209,13505,14344,13505,980,1419,621,8745,733,12854,8263,8846,5866,9351,17748,22522,12690,2246,150,9604,1,24:13
2024-25,201587,Nicolas Batum,Nicolas,1610612746,LAC,LA Clippers,0022401155,2025-04-08T00:00:00,LAC vs. SAS,W,21.48,5.0,8.4,0.6,5.0,8.4,0.6,0.0,0.0,0.0,0.0,3.4,3.4,0.0,3.4,1.7,0.0,0.0,3.4,0.0,15.1,3.4,20.8,0,0,26.8,1,1,13086,1,14952,14300,19668,5394,2236,5782,2992,13505,14344,13505,14058,15635,18866,19908,5354,7694,8263,8846,9242,17725,12820,10947,20797,2246,150,16307,1,21:29
2024-25,1630183,Jaden McDaniels,Jaden,1610612750,MIN,Minnesota Timberwolves,0022401152,2025-04-08T00:00:00,MIN @ MIL,L,30.083333333333332,7.2,14.4,0.5,0.0,3.6,0.0,1.2,1.2,1.0,1.2,4.8,6.0,3.6,1.2,0.0,1.2,0.0,1.2,3.6,15.6,-3.6,30.5,0,0,27.5,1,13222,1,13222,7702,8511,9599,8526,15070,16463,15070,12604,13890,1,11807,11469,12322,11112,14464,12854,6195,8846,18553,7418,12367,14841,14418,2246,150,15776,1,30:05
2024-25,1641733,Nick Smith Jr.,Nick,1610612766,CHA,Charlotte Hornets,0022401146,2025-04-08T00:00:00,CHA vs. MEM,L,14.033333333333333,7.7,15.4,0.5,5.1,7.7,0.667,0.0,0.0,0.0,0.0,5.1,5.1,5.1,2.6,0.0,0.0,0.0,2.6,0.0,20.5,-5.1,31.8,0,0,35.9,1,13222,1,13222,20182,7279,7970,8526,2123,7010,1957,13505,14344,13505,14058,10475,14440,7172,7998,12854,8263,8846,12544,17725,7471,15664,13472,2246,150,9439,1,14:02
2024-25,1629018,Gary Trent Jr.,Gary,1610612749,MIL,Milwaukee Bucks,0022401152,2025-04-08T00:00:00,MIL vs. MIN,W,25.1,2.9,11.5,0.25,2.9,8.6,0.333,1.4,1.4,1.0,0.0,2.9,2.9,5.7,0.0,0.0,0.0,0.0,1.4,2.9,10.0,25.8,22.1,0,0,21.5,1,1,13086,1,11916,19735,14519,20233,6988,5411,9209,11942,13557,1,14058,17182,20067,5975,16469,12854,8263,8846,17495,9695,18123,2647,20093,2246,150,19950,1,25:06
2024-25,201959,Taj Gibson,Taj,1610612766,CHA,Charlotte Hornets,0022401146,2025-04-08T00:00:00,CHA vs. MEM,L,14.166666666666666,7.6,7.6,1.0,0.0,0.0,0.0,0.0,0.0,0.0,0.0,7.6,7.6,2.5,5.1,0.0,2.5,0.0,7.6,0.0,15.2,20.3,30.7,0,0,30.5,1,13222,1,13222,20100,7454,20753,1,15070,20945,15070,13505,14344,13505,14058,5281,8929,14394,2240,12854,2302,8846,1560,17725,12658,3857,14240,2246,150,13551,1,14:10
2024-25,203078,Bradley Beal,Bradley,1610612756,PHX,Phoenix Suns,0022401154,2025-04-08T00:00:00,PHX vs. GSW,L,26.233333333333334,4.1,11.0,0.375,1.4,8.2,0.167,0.0,0.0,0.0,0.0,2.7,2.7,5.5,4.1,1.4,0.0,0.0,2.7,0.0,9.6,-31.6,21.1,0,0,22.0,1,13222,1,13222,10963,16806,15392,16299,12548,6026,14236,13505,14344,13505,14058,17568,20365,6449,3633,9057,8263,8846,11863,17725,18540,23975,20623,2246,150,19697,1,26:14
2024-25,202710,Jimmy Butler III,Jimmy,1610612744,GSW,Golden State Warriors,0022401154,2025-04-08T00:00:00,GSW @ PHX,W,19.516666666666666,3.7,7.4,0.5,0.0,0.0,0.0,11.1,12.9,0.857,1.8,1.8,3.7,5.5,0.0,3.7,0.0,0.0,0.0,7.4,18.4,40.6,42.2,0,0,35.0,1,1,13086,1,16401,17868,21100,8526,15070,20945,15070,475,601,7071,9066,20123,18095,6367,16469,1979,8263,8846,20257,1403,9370,941,6507,2246,150,10062,1,19:31
2024-25,1629029,Luka Dončić,Luka,1610612747,LAL,Los Angeles Lakers,0022401153,2025-04-08T00:00:00,LAL @ OKC,L,31.0,8.1,17.4,0.467,3.5,8.1,0.429,7.0,8.1,0.857,0.0,3.5,3.5,5.8,3.5,0.0,1.2,0.0,1.2,4.6,26.7,7.0,39.6,0,0,41.8,1,13222,1,13222,6873,6352,5328,12249,5180,6225,7394,2025,2428,7071,14058,15283,18588,5841,5047,12854,6417,8846,18753,4843,3342,9153,8019,2246,150,5751,1,31:00
2024-25,1630700,Dyson Daniels,Dyson,1610612737,ATL,Atlanta Hawks,0022401149,2025-04-08T00:00:00,ATL @ ORL,L,33.89666666666667,7.4,12.7,0.583,0.0,2.1,0.0,1.1,2.1,0.5,2.1,3.2,5.3,3.2,4.2,1.1,2.1,1.1,2.1,1.1,15.9,-9.6,32.4,0,0,30.8,1,13222,1,13222,4359,7930,12304,6296,15070,19323,15070,13037,12342,10625,7871,16132,14023,12370,3419,11372,3136,7382,14501,17108,11995,17700,13022,2246,150,13326,1,33:54
2024-25,1631246,Vince Williams Jr.,Vince,1610612763,MEM,Memphis Grizzlies,0022401146,2025-04-08T00:00:00,MEM @ CHA,W,16.733333333333334,6.5,12.9,0.5,4.3,10.8,0.4,0.0,0.0,0.0,0.0,6.5,6.5,2.2,2.2,0.0,0.0,0.0,0.0,0.0,17.2,17.2,26.0,0,0,30.1,1,1,13086,1,18432,10300,12020,8526,3384,2714,7874,13505,14344,13505,14058,7406,11265,15812,9718,12854,8263,8846,20257,17725,10615,4834,17600,2246,150,13854,1,16:44
2024-25,101108,Chris Paul,Chris,1610612759,SAS,San Antonio Spurs,0022401155,2025-04-08T00:00:00,SAS @ LAC,L,25.133333333333333,5.7,14.3,0.4,1.4,5.7,0.25,0.0,0.0,0.0,0.0,2.9,2.9,4.3,4.3,0.0,0.0,0.0,2.9,0.0,12.9,-17.2,18.5,0,0,21.5,1,13222,1,13222,11883,12327,9654,14933,12328,11381,11902,13505,14344,13505,14058,17198,20087,9131,3337,12854,8263,8846,11342,17725,15207,20684,21897,2246,150,19981,1,25:08
2024-25,1630174,Aaron Nesmith,Aaron,1610612754,IND,Indiana Pacers,0022401148,2025-04-08T00:00:00,IND vs. WAS,W,28.516666666666666,2.5,7.6,0.333,1.3,3.8,0.333,2.5,2.5,1.0,0.0,7.6,7.6,1.3,1.3,1.3,0.0,1.3,3.8,3.8,8.8,-1.3,22.3,0,0,21.5,1,1,13086,1,9103,20416,20827,17395,13024,16024,9209,8977,11145,1,14058,5366,9018,18790,14024,9700,8263,5856,7779,6880,19239,13699,19951,2246,150,20002,1,28:31
2024-25,1631216,Caleb Houstan,Caleb,1610612753,ORL,Orlando Magic,0022401149,2025-04-08T00:00:00,ORL vs. ATL,W,17.033333333333335,4.2,10.6,0.4,4.2,10.6,0.4,2.1,2.1,1.0,2.1,2.1,4.2,4.2,0.0,0.0,0.0,0.0,2.1,4.2,14.8,-2.1,26.2,0,0,27.5,1,1,13086,1,18234,16522,16110,14933,3515,2911,7874,10252,12380,1,7908,19324,16736,9320,16469,12854,8263,8846,14550,5768,13126,14106,17474,2246,150,15809,1,17:02
2024-25,1642258,Zaccharie Risacher,Zaccharie,1610612737,ATL,Atlanta Hawks,0022401149,2025-04-08T00:00:00,ATL @ ORL,L,15.983333333333333,6.8,13.5,0.5,4.5,6.8,0.667,0.0,2.3,0.0,0.0,2.3,2.3,2.3,0.0,0.0,0.0,4.5,6.8,0.0,18.0,2.3,24.1,0,0,27.0,1,13222,1,13222,18936,9538,10982,8526,3065,8996,1957,13505,11928,13505,14058,18912,21309,15425,16469,12854,8263,484,2175,17725,9816,11486,18880,2246,150,16132,1,15:59
2024-25,1628386,Jarrett Allen,Jarrett,1610612739,CLE,Cleveland Cavaliers,0022401147,2025-04-08T00:00:00,CLE vs. CHI,W,29.1,6.2,9.9,0.625,0.0,0.0,0.0,2.5,4.9,0.5,7.4,3.7,11.1,3.7,2.5,3.7,2.5,2.5,1.2,4.9,14.8,9.9,49.9,0,0,42.1,1,1,13086,1,8594,11005,17246,4899,15070,20945,15070,9121,6028,10625,989,14600,4288,10761,8346,1953,2421,2077,18341,4208,13077,7739,3312,2246,150,5609,1,29:06
2024-25,1629026,Kenrich Williams,Kenrich,1610612760,OKC,Oklahoma City Thunder,0022401153,2025-04-08T00:00:00,OKC vs. LAL,W,8.6,4.2,8.4,0.5,4.2,4.2,1.0,0.0,0.0,0.0,4.2,0.0,4.2,0.0,0.0,0.0,0.0,0.0,4.2,0.0,12.6,-46.0,17.6,0,0,20.9,1,1,13086,1,22597,16627,19677,8526,3591,15150,1,13505,14344,13505,3317,22137,16837,19908,16469,12854,8263,8846,6590,17725,15532,25231,22269,2246,150,20327,1,8:36
2024-25,1631301,Jaylen Sims,Jaylen,1610612766,CHA,Charlotte Hornets,0022401146,2025-04-08T00:00:00,CHA vs. MEM,L,18.466666666666665,5.8,9.7,0.6,0.0,1.9,0.0,5.8,7.8,0.75,0.0,0.0,0.0,5.8,1.9,1.9,0.0,0.0,1.9,7.8,17.5,-1.9,30.2,0,0,27.3,1,13222,1,13222,17225,11959,17477,5394,15070,19644,15070,3029,2667,8186,14058,22137,23286,5762,10782,6503,8263,8846,15407,1132,10275,14015,14657,2246,150,15951,1,18:28
2024-25,1642267,Bub Carrington,Bub,1610612764,WAS,Washington Wizards,0022401148,2025-04-08T00:00:00,WAS @ IND,L,43.0,4.2,15.9,0.263,1.7,7.5,0.222,0.8,2.5,0.333,0.0,3.3,3.3,3.3,2.5,0.0,0.8,0.0,3.3,0.8,10.9,2.5,19.9,0,0,20.9,1,13222,1,13222,152,16627,7251,20219,11468,7318,13288,13488,11178,13132,14058,15639,18871,11813,8192,12854,8208,8846,9251,17708,17279,11363,21197,2246,150,20327,1,43:00
2024-25,1628371,Jonathan Isaac,Jonathan,1610612753,ORL,Orlando Magic,0022401149,2025-04-08T00:00:00,ORL vs. ATL,W,11.133333333333333,6.5,9.7,0.667,0.0,0.0,0.0,3.2,12.9,0.25,12.9,3.2,16.2,3.2,6.5,0.0,0.0,3.2,9.7,6.5,16.2,-16.2,34.0,0,0,35.6,1,1,13086,1,21649,10270,17576,3281,15070,20945,15070,7248,595,13358,195,15982,1375,12189,1142,12854,8263,1122,763,2115,11763,20314,11860,2246,150,9683,1,11:08
2024-25,1629643,Chuma Okeke,Chuma,1610612739,CLE,Cleveland Cavaliers,0022401147,2025-04-08T00:00:00,CLE vs. CHI,W,3.4166666666666665,10.5,21.1,0.5,0.0,10.5,0.0,0.0,0.0,0.0,0.0,0.0,0.0,0.0,0.0,0.0,0.0,0.0,0.0,0.0,21.1,42.1,21.1,0,0,21.1,1,1,13086,1,24757,2676,2293,8526,15070,2941,15070,13505,14344,13505,14058,22137,23286,19908,16469,12854,8263,8846,20257,17725,7024,827,20645,2246,150,20236,1,3:25
2024-25,1630228,Jonathan Kuminga,Jonathan,1610612744,GSW,Golden State Warriors,0022401154,2025-04-08T00:00:00,GSW @ PHX,W,21.166666666666668,6.8,15.3,0.444,0.0,3.4,0.0,3.4,3.4,1.0,3.4,1.7,5.1,5.1,3.4,0.0,0.0,0.0,3.4,1.7,17.0,15.3,27.4,0,0,27.2,1,1,13086,1,15170,9410,8105,13045,15070,16862,15070,6892,9086,1,4537,20456,14510,7241,5227,12854,8263,8846,9074,14263,10839,5502,16675,2246,150,16012,1,21:10
2024-25,1630533,Ziaire Williams,Ziaire,1610612751,BKN,Brooklyn Nets,0022401150,2025-04-08T00:00:00,BKN vs. NOP,W,16.933333333333334,4.3,10.6,0.4,4.3,10.6,0.4,6.4,8.5,0.75,0.0,8.5,8.5,2.1,2.1,0.0,4.3,0.0,4.3,4.3,19.1,21.3,43.2,0,0,42.5,1,1,13086,1,18290,16457,16001,14933,3481,2851,7874,2520,2187,8186,14058,4054,7465,15908,9874,12854,790,8846,6422,5718,8711,3635,6059,2246,150,5394,1,16:56
2024-25,1629750,Javonte Green,Javonte,1610612739,CLE,Cleveland Cavaliers,0022401147,2025-04-08T00:00:00,CLE vs. CHI,W,3.4166666666666665,0.0,0.0,0.0,0.0,0.0,0.0,0.0,0.0,0.0,0.0,21.1,21.1,0.0,0.0,0.0,0.0,0.0,0.0,0.0,0.0,42.1,25.3,0,0,21.1,1,1,13086,1,24757,22635,24836,22635,15070,20945,15070,13505,14344,13505,14058,140,412,19908,16469,12854,8263,8846,20257,17725,23200,827,18080,2246,150,20236,1,3:25
2024-25,1630167,Obi Toppin,Obi,1610612754,IND,Indiana Pacers,0022401148,2025-04-08T00:00:00,IND vs. WAS,W,20.333333333333332,5.3,17.7,0.3,3.5,10.6,0.333,7.1,10.6,0.667,1.8,10.6,12.4,5.3,0.0,0.0,0.0,3.5,1.8,5.3,21.2,39.0,44.1,0,0,42.5,1,1,13086,1,15758,13508,4999,19363,5053,2857,9209,1955,1142,9425,9352,2135,3199,6797,16469,12854,8263,887,16305,3613,6889,1046,5625,2246,150,5406,1,20:20
2024-25,1630550,JT Thor,JT,1610612764,WAS,Washington Wizards,0022401148,2025-04-08T00:00:00,WAS @ IND,L,25.083333333333332,2.9,8.6,0.333,0.0,2.9,0.0,4.3,5.7,0.75,4.3,4.3,8.6,0.0,0.0,0.0,4.3,1.4,0.0,2.9,10.0,-43.1,33.3,0,0,27.3,1,13222,1,13222,11930,19733,19340,17395,15070,17915,15070,5139,4832,8186,3156,12785,7295,19908,16469,12854,758,5039,20257,9689,18111,25059,12352,2246,150,15976,1,25:05
2024-25,1631127,Harrison Ingram,Harrison,1610612759,SAS,San Antonio Spurs,0022401155,2025-04-08T00:00:00,SAS @ LAC,L,4.133333333333334,0.0,0.0,0.0,0.0,0.0,0.0,0.0,0.0,0.0,8.7,8.7,17.4,8.7,8.7,8.7,0.0,0.0,0.0,0.0,0.0,113.2,51.4,0,0,43.5,1,13222,1,13222,24406,22635,24836,22635,15070,20945,15070,13505,14344,13505,612,3823,1031,2262,468,166,8263,8846,20257,17725,23200,46,2873,2246,150,4899,1,4:08
2024-25,1628995,Kevin Knox II,Kevin,1610612744,GSW,Golden State Warriors,0022401154,2025-04-08T00:00:00,GSW @ PHX,W,9.066666666666666,11.9,23.8,0.5,4.0,11.9,0.333,11.9,15.9,0.75,4.0,4.0,7.9,4.0,0.0,0.0,0.0,4.0,4.0,7.9,39.7,35.7,55.2,0,0,55.6,1,1,13086,1,22424,1578,1112,8526,4049,1826,9209,347,287,8186,3636,13810,8379,10007,16469,12854,8263,661,7212,1052,469,1317,1957,2246,150,1377,1,9:04
2024-25,2544,LeBron James,LeBron,1610612747,LAL,Los Angeles Lakers,0022401153,2025-04-08T00:00:00,LAL @ OKC,L,35.483333333333334,8.1,19.3,0.421,3.0,6.1,0.5,9.1,10.1,0.9,0.0,7.1,7.1,3.0,6.1,1.0,0.0,1.0,1.0,7.1,28.4,-23.3,38.5,0,0,43.6,1,13222,1,13222,3087,6374,3523,14442,6363,10473,3944,957,1313,6805,14058,6169,9948,12782,1329,11814,8263,7777,19611,1579,2629,22423,8739,2246,150,4869,1,35:29
2024-25,1641713,GG Jackson,GG,1610612763,MEM,Memphis Grizzlies,0022401146,2025-04-08T00:00:00,MEM @ CHA,W,5.1,14.1,35.3,0.4,7.1,21.2,0.333,7.1,14.1,0.5,0.0,14.1,14.1,0.0,7.1,7.1,0.0,7.1,0.0,7.1,42.4,-21.2,73.4,0,0,77.6,1,1,13086,1,23941,670,132,14933,736,196,9209,1971,436,10625,14058,738,2174,19908,866,285,8263,150,20257,1614,341,21882,325,2246,150,191,1,5:06
2024-25,1630561,David Duke Jr.,David,1610612759,SAS,San Antonio Spurs,0022401155,2025-04-08T00:00:00,SAS @ LAC,L,4.133333333333334,8.7,8.7,1.0,8.7,8.7,1.0,0.0,0.0,0.0,8.7,0.0,8.7,0.0,0.0,0.0,0.0,0.0,0.0,0.0,26.1,113.2,36.6,0,0,43.5,1,13222,1,13222,24406,5246,19167,1,329,5252,1,13505,14344,13505,612,22137,7150,19908,16469,12854,8263,8846,20257,17725,3612,46,9980,2246,150,4899,1,4:08
2024-25,1629630,Ja Morant,Ja,1610612763,MEM,Memphis Grizzlies,0022401146,2025-04-08T00:00:00,MEM @ CHA,W,27.383333333333333,13.1,27.6,0.476,5.3,13.1,0.4,5.3,5.3,1.0,3.9,2.6,6.6,10.5,0.0,0.0,1.3,1.3,1.3,2.6,36.8,40.8,64.4,0,0,61.8,1,1,13086,1,10029,977,435,12010,1984,1229,7874,3699,5515,1,3662,17876,11014,1197,16469,12854,5587,5585,17976,10546,718,930,748,2246,150,662,1,27:23
2024-25,1631243,Mouhamed Gueye,Mouhamed,1610612737,ATL,Atlanta Hawks,0022401149,2025-04-08T00:00:00,ATL @ ORL,L,18.066666666666666,4.0,10.0,0.4,2.0,6.0,0.333,2.0,4.0,0.5,4.0,6.0,10.0,4.0,2.0,2.0,6.0,0.0,8.0,6.0,12.0,-2.0,51.8,0,0,43.8,1,13222,1,13222,17524,17126,17119,14933,10196,10746,9209,10671,7865,10625,3611,8383,5470,9967,10553,6282,313,8846,1375,2651,16190,14042,2760,2246,150,4768,1,18:04
2024-25,1630311,Pat Spencer,Pat,1610612744,GSW,Golden State Warriors,0022401154,2025-04-08T00:00:00,GSW @ PHX,W,12.0,12.0,18.0,0.667,6.0,9.0,0.667,0.0,0.0,0.0,0.0,6.0,6.0,12.0,9.0,0.0,0.0,0.0,0.0,0.0,30.0,12.0,46.2,0,0,54.0,1,1,13086,1,21228,1516,4664,3281,1297,4827,1957,13505,14344,13505,14058,8311,12271,719,421,12854,8263,8846,20257,17725,2081,6794,4665,2246,150,1619,1,12:00
2024-25,1629660,Ty Jerome,Ty,1610612739,CLE,Cleveland Cavaliers,0022401147,2025-04-08T00:00:00,CLE vs. CHI,W,21.383333333333333,11.8,18.5,0.636,5.1,6.7,0.75,1.7,1.7,1.0,0.0,0.0,0.0,8.4,3.4,0.0,0.0,0.0,5.1,1.7,30.3,25.3,39.6,0,0,43.8,1,1,13086,1,15006,1673,4203,4689,2209,9046,1542,11448,13312,1,14058,22137,23286,2491,5314,12854,8263,8846,4493,14326,1980,2758,8034,2246,150,4793,1,21:23
2024-25,1630172,Patrick Williams,Patrick,1610612741,CHI,Chicago Bulls,0022401147,2025-04-08T00:00:00,CHI @ CLE,L,26.25,9.6,15.1,0.636,6.9,8.2,0.833,2.7,2.7,1.0,0.0,4.1,4.1,6.9,5.5,1.4,0.0,1.4,1.4,1.4,28.8,-1.4,42.7,0,0,49.4,1,13222,1,13222,10949,3722,8454,4689,815,6036,1341,8479,10631,1,14058,13373,17033,4199,1823,9067,8263,5302,17737,15565,2484,13744,6283,2246,150,2703,1,26:15
2024-25,1630168,Onyeka Okongwu,Onyeka,1610612737,ATL,Atlanta Hawks,0022401149,2025-04-08T00:00:00,ATL @ ORL,L,40.21666666666667,8.1,15.2,0.529,3.6,6.3,0.571,7.2,7.2,1.0,6.3,6.3,12.5,3.6,1.8,2.7,0.0,0.9,3.6,4.5,26.9,-5.4,53.5,1,0,51.9,1,13222,1,13222,509,6518,8220,8281,4964,10053,3506,1899,3212,1,1495,7765,3112,11143,11593,3942,8263,8682,8493,5198,3271,15773,2322,1,150,2061,1,40:13
2024-25,1642259,Alex Sarr,Alex,1610612764,WAS,Washington Wizards,0022401148,2025-04-08T00:00:00,WAS @ IND,L,32.2,8.9,19.0,0.471,1.1,6.7,0.167,3.4,3.4,1.0,3.4,10.1,13.4,6.7,3.4,0.0,3.4,1.1,2.2,3.4,22.4,17.9,55.2,1,0,50.3,1,13222,1,13222,5800,4826,3756,12143,13849,9091,14236,6998,9191,1,4635,2530,2537,4413,5349,12854,1348,6889,13941,8088,5958,4594,1951,1,150,2448,1,32:12
2024-25,1629651,Nic Claxton,Nic,1610612751,BKN,Brooklyn Nets,0022401150,2025-04-08T00:00:00,BKN vs. NOP,W,16.7,12.9,19.4,0.667,2.2,2.2,1.0,0.0,0.0,0.0,4.3,4.3,8.6,6.5,0.0,6.5,0.0,0.0,0.0,2.2,28.0,23.7,67.5,0,0,58.2,1,1,13086,1,18461,1056,3416,3281,9416,19250,1,13505,14344,13505,3146,12760,7268,4761,16469,376,8263,8846,20257,12365,2775,3099,544,2246,150,1000,1,16:42
2024-25,1628983,Shai Gilgeous-Alexander,Shai,1610612760,OKC,Oklahoma City Thunder,0022401153,2025-04-08T00:00:00,OKC vs. LAL,W,36.53333333333333,13.8,25.6,0.538,4.9,8.9,0.556,8.9,10.8,0.818,1.0,4.9,5.9,5.9,1.0,0.0,1.0,1.0,4.9,5.9,41.4,6.9,59.3,0,0,60.1,1,1,13086,1,2317,762,707,7978,2368,4998,3747,1052,1075,7652,13371,11095,12495,5651,15938,12854,7569,8047,4783,2734,379,9186,1278,2246,150,819,1,36:32
2024-25,1641734,Emoni Bates,Emoni,1610612739,CLE,Cleveland Cavaliers,0022401147,2025-04-08T00:00:00,CLE vs. CHI,W,3.4166666666666665,10.5,21.1,0.5,10.5,21.1,0.5,0.0,0.0,0.0,0.0,0.0,0.0,21.1,0.0,0.0,0.0,0.0,0.0,0.0,31.6,42.1,63.2,0,0,63.2,1,1,13086,1,24757,2676,2293,8526,183,198,3944,13505,14344,13505,14058,22137,23286,68,16469,12854,8263,8846,20257,17725,1606,827,860,2246,150,565,1,3:25
2024-25,1641764,Brandin Podziemski,Brandin,1610612744,GSW,Golden State Warriors,0022401154,2025-04-08T00:00:00,GSW @ PHX,W,22.383333333333333,11.3,19.3,0.583,6.4,9.7,0.667,6.4,6.4,1.0,1.6,6.4,8.0,4.8,3.2,1.6,0.0,0.0,1.6,3.2,35.4,32.2,53.9,0,0,57.9,1,1,13086,1,14203,2043,3494,6296,1031,3913,1957,2467,3957,1,9886,7439,8193,7846,5774,7951,8263,8846,16838,8500,916,1717,2232,2246,150,1041,1,22:23
2024-25,1642050,Jackson Rowe,Jackson,1610612744,GSW,Golden State Warriors,0022401154,2025-04-08T00:00:00,GSW @ PHX,W,9.066666666666666,7.9,7.9,1.0,4.0,4.0,1.0,4.0,7.9,0.5,11.9,0.0,11.9,4.0,0.0,4.0,0.0,0.0,0.0,4.0,23.8,35.7,56.0,0,0,51.6,1,1,13086,1,22424,6751,20351,1,4049,15641,1,5742,2555,10625,245,22137,3571,10007,16469,1668,8263,8846,20257,6388,4918,1317,1810,2246,150,2117,1,9:04
2024-25,1629162,Jordan McLaughlin,Jordan,1610612759,SAS,San Antonio Spurs,0022401155,2025-04-08T00:00:00,SAS @ LAC,L,4.133333333333334,17.4,34.8,0.5,17.4,34.8,0.5,0.0,0.0,0.0,8.7,8.7,17.4,26.1,0.0,0.0,8.7,0.0,0.0,0.0,52.3,113.2,138.5,0,0,130.6,1,13222,1,13222,24406,249,137,8526,48,30,3944,13505,14344,13505,612,3823,1031,34,16469,12854,106,8846,20257,17725,134,46,20,2246,150,21,1,4:08
2024-25,1630570,Trendon Watford,Trendon,1610612751,BKN,Brooklyn Nets,0022401150,2025-04-08T00:00:00,BKN vs. NOP,W,22.783333333333335,11.1,12.6,0.875,3.2,4.7,0.667,9.5,9.5,1.0,0.0,4.7,4.7,7.9,4.7,0.0,0.0,0.0,3.2,6.3,34.8,36.3,47.6,0,0,50.6,1,1,13086,1,13887,2211,12499,1353,6058,13866,1957,847,1606,1,14058,11593,15465,3000,2670,12854,8263,8846,10039,2264,997,1259,4119,2246,150,2373,1,22:47
2024-25,204001,Kristaps Porziņģis,Kristaps,1610612738,BOS,Boston Celtics,0022401151,2025-04-08T00:00:00,BOS @ NYK,W,38.7,10.2,17.7,0.579,7.4,12.1,0.615,3.7,5.6,0.667,0.0,3.7,3.7,2.8,1.9,0.9,0.9,0.9,2.8,3.7,31.6,0.0,44.0,0,0,49.3,1,1,13086,1,1010,2988,5042,6486,616,1735,2984,6242,5066,9425,14058,14563,18016,13615,11271,12510,7952,8494,11684,7081,1600,12240,5672,2246,150,2732,1,38:42
2024-25,1629645,Kevin Porter Jr.,Kevin,1610612749,MIL,Milwaukee Bucks,0022401152,2025-04-08T00:00:00,MIL vs. MIN,W,25.233333333333334,8.6,12.8,0.667,0.0,2.9,0.0,12.8,12.8,1.0,4.3,1.4,5.7,7.1,4.3,7.1,0.0,0.0,5.7,7.1,30.0,25.7,64.6,0,0,57.1,1,1,13086,1,11804,5507,12140,3281,15070,17953,15070,272,612,1,3195,21033,12997,3845,3360,278,8263,8846,3379,1560,2098,2676,729,2246,150,1152,1,25:14
2024-25,201939,Stephen Curry,Stephen,1610612744,GSW,Golden State Warriors,0022401154,2025-04-08T00:00:00,GSW @ PHX,W,25.916666666666668,12.5,23.6,0.529,4.2,12.5,0.333,5.6,5.6,1.0,1.4,11.1,12.5,8.3,2.8,1.4,1.4,0.0,0.0,2.8,34.7,43.1,67.8,0,0,65.3,1,1,13086,1,11230,1244,1184,8281,3639,1521,9209,3361,5111,1,10796,1843,3129,2573,7295,8964,5272,8846,20257,10043,1001,776,529,2246,150,470,1,25:55
2024-25,1629011,Mitchell Robinson,Mitchell,1610612752,NYK,New York Knicks,0022401151,2025-04-08T00:00:00,NYK vs. BOS,L,15.725,4.6,6.9,0.667,0.0,0.0,0.0,0.0,0.0,0.0,9.2,6.9,16.0,2.3,0.0,2.3,4.6,0.0,0.0,0.0,9.2,-2.3,52.4,0,0,41.2,1,13222,1,13222,19115,15549,21715,3281,15070,20945,15070,13505,14344,13505,523,6585,1422,15274,16469,5082,658,8846,20257,17725,18938,14201,2610,2246,150,6072,1,15:44
2024-25,1631094,Paolo Banchero,Paolo,1610612753,ORL,Orlando Magic,0022401149,2025-04-08T00:00:00,ORL vs. ATL,W,37.28333333333333,11.6,23.2,0.5,1.9,4.8,0.4,6.8,9.7,0.7,0.0,9.7,9.7,3.9,2.9,0.0,1.0,2.9,3.9,7.7,31.9,10.6,49.2,1,0,49.2,1,1,13086,1,1807,1814,1330,8526,10500,13633,7874,2186,1523,9366,14058,2867,5863,10331,6862,12854,7719,1469,7570,1179,1558,7409,3527,1,150,2747,1,37:17
2024-25,1631103,Malaki Branham,Malaki,1610612759,SAS,San Antonio Spurs,0022401155,2025-04-08T00:00:00,SAS @ LAC,L,4.133333333333334,34.8,43.5,0.8,8.7,17.4,0.5,0.0,0.0,0.0,0.0,0.0,0.0,0.0,0.0,0.0,0.0,0.0,0.0,0.0,78.4,113.2,78.4,0,0,87.1,1,13222,1,13222,24406,19,59,1688,329,381,3944,13505,14344,13505,14058,22137,23286,19908,16469,12854,8263,8846,20257,17725,37,46,232,2246,150,104,1,4:08
2024-25,1641824,Matas Buzelis,Matas,1610612741,CHI,Chicago Bulls,0022401147,2025-04-08T00:00:00,CHI @ CLE,L,27.133333333333333,8.0,15.9,0.5,2.7,9.3,0.286,6.6,9.3,0.714,0.0,6.6,6.6,6.6,4.0,2.7,1.3,0.0,2.7,5.3,25.2,-19.9,51.1,0,0,49.1,1,13222,1,13222,10243,6714,7222,8526,7674,4399,11433,2291,1717,9244,14058,7028,10878,4527,3919,4008,5533,8846,12228,3615,4115,21526,2970,2246,150,2798,1,27:08
2024-25,1631132,Christian Koloko,Christian,1610612747,LAL,Los Angeles Lakers,0022401153,2025-04-08T00:00:00,LAL @ OKC,L,1.7833333333333334,0.0,0.0,0.0,0.0,0.0,0.0,40.4,40.4,1.0,0.0,20.2,20.2,0.0,0.0,0.0,0.0,0.0,0.0,20.2,40.4,20.2,64.6,0,0,60.6,1,13222,1,13222,25622,22635,24836,22635,15070,20945,15070,13,27,1,14058,164,499,19908,16469,12854,8263,8846,20257,41,425,3889,731,2246,150,778,1,1:47
2024-25,1629673,Jordan Poole,Jordan,1610612764,WAS,Washington Wizards,0022401148,2025-04-08T00:00:00,WAS @ IND,L,19.083333333333332,13.2,26.4,0.5,5.7,13.2,0.429,3.8,3.8,1.0,1.9,0.0,1.9,5.7,3.8,0.0,0.0,0.0,7.5,3.8,35.8,24.5,42.8,0,0,49.0,1,13222,1,13222,16762,949,575,8526,1602,1203,7394,6137,8311,1,8875,22137,22024,6129,4385,12854,8263,8846,1602,6924,854,2914,6210,2246,150,2822,1,19:05
2024-25,1641998,Trey Jemison III,Trey,1610612747,LAL,Los Angeles Lakers,0022401153,2025-04-08T00:00:00,LAL @ OKC,L,1.7833333333333334,20.2,20.2,1.0,0.0,0.0,0.0,0.0,0.0,0.0,20.2,0.0,20.2,0.0,0.0,0.0,0.0,0.0,0.0,0.0,40.4,20.2,64.6,0,0,60.6,1,13222,1,13222,25622,138,2833,1,15070,20945,15070,13505,14344,13505,53,22137,499,19908,16469,12854,8263,8846,20257,17725,425,3889,731,2246,150,778,1,1:47
2024-25,201935,James Harden,James,1610612746,LAC,LA Clippers,0022401155,2025-04-08T00:00:00,LAC vs. SAS,W,37.805,7.6,16.2,0.471,2.9,5.7,0.5,1.9,2.9,0.667,1.0,7.6,8.6,11.4,2.9,0.0,0.0,0.0,1.9,4.8,20.0,13.3,44.6,1,0,42.9,1,1,13086,1,1507,7465,6847,12143,7030,11417,3944,10929,10338,9425,13628,5291,7365,861,7005,12854,8263,8846,15652,4588,7926,6247,5381,1,150,5221,1,37:48
2024-25,1641744,Zach Edey,Zach,1610612763,MEM,Memphis Grizzlies,0022401146,2025-04-08T00:00:00,MEM @ CHA,W,31.266666666666666,8.1,10.4,0.778,0.0,2.3,0.0,3.5,4.6,0.75,5.8,16.1,21.9,0.0,5.8,3.5,1.2,0.0,3.5,3.5,19.6,35.7,53.9,1,0,50.7,1,1,13086,1,6650,6502,16442,1994,15070,18977,15070,6787,6645,8186,1771,423,349,19908,1601,2302,6473,8846,8877,7790,8284,1326,2230,1,150,2356,1,31:16
2024-25,1629636,Darius Garland,Darius,1610612739,CLE,Cleveland Cavaliers,0022401147,2025-04-08T00:00:00,CLE vs. CHI,W,29.1,12.4,21.0,0.588,7.4,12.4,0.6,2.5,2.5,1.0,1.2,1.2,2.5,6.2,1.2,1.2,0.0,0.0,1.2,2.5,34.6,9.9,49.4,0,0,53.2,1,1,13086,1,8594,1316,2320,6229,626,1587,2992,9121,11272,1,11555,21426,20855,5187,14183,9890,8263,8846,18341,11081,1018,7739,3477,2246,150,1764,1,29:06
2024-25,1642281,Jaylon Tyson,Jaylon,1610612739,CLE,Cleveland Cavaliers,0022401147,2025-04-08T00:00:00,CLE vs. CHI,W,3.4166666666666665,21.1,52.7,0.4,10.5,10.5,1.0,0.0,0.0,0.0,21.1,0.0,21.1,0.0,0.0,0.0,0.0,0.0,10.5,10.5,52.7,42.1,78.0,0,0,84.3,1,1,13086,1,24757,120,22,14933,183,2941,1,13505,14344,13505,47,22137,412,19908,16469,12854,8263,8846,604,325,126,827,238,2246,150,120,1,3:25
2024-25,1628420,Monté Morris,Monté,1610612756,PHX,Phoenix Suns,0022401154,2025-04-08T00:00:00,PHX vs. GSW,L,6.716666666666667,16.1,16.1,1.0,5.4,5.4,1.0,0.0,0.0,0.0,0.0,10.7,10.7,10.7,10.7,0.0,0.0,0.0,0.0,0.0,37.5,-10.7,55.7,0,0,64.3,1,13222,1,13222,23275,353,7000,1,1884,12304,1,13505,14344,13505,14058,2068,4679,1101,272,12854,8263,8846,20257,17725,652,18193,1852,2246,150,506,1,6:43
2024-25,1630596,Evan Mobley,Evan,1610612739,CLE,Cleveland Cavaliers,0022401147,2025-04-08T00:00:00,CLE vs. CHI,W,29.05,9.9,22.3,0.444,3.7,7.4,0.5,2.5,2.5,1.0,7.4,7.4,14.9,8.7,5.0,2.5,1.2,1.2,1.2,2.5,26.0,13.6,63.1,1,0,60.7,1,1,13086,1,8631,3313,1672,13045,4654,7525,3944,9109,11257,1,979,5608,1834,2286,2396,4440,5948,6004,18328,11071,3666,6153,868,1,150,757,1,29:03
2024-25,1627936,Alex Caruso,Alex,1610612760,OKC,Oklahoma City Thunder,0022401153,2025-04-08T00:00:00,OKC vs. LAL,W,19.21,7.5,16.9,0.444,1.9,3.7,0.5,0.0,0.0,0.0,1.9,5.6,7.5,5.6,0.0,5.6,0.0,1.9,7.5,1.9,16.9,30.0,51.2,0,0,43.1,1,1,13086,1,16665,7777,5965,13045,10758,16106,3944,13505,14344,13505,8929,9258,9179,6205,16469,598,8263,3652,1646,13618,10991,1965,2942,2246,150,5087,1,19:13
2024-25,1630611,Gui Santos,Gui,1610612744,GSW,Golden State Warriors,0022401154,2025-04-08T00:00:00,GSW @ PHX,W,21.166666666666668,5.1,11.9,0.429,1.7,6.8,0.25,0.0,0.0,0.0,6.8,8.5,15.3,5.1,1.7,3.4,1.7,0.0,0.0,0.0,11.9,25.5,51.5,0,0,44.2,1,1,13086,1,15170,14080,13753,13735,11399,8896,11902,13505,14344,13505,1230,4054,1649,7241,11916,2381,4291,8846,20257,17725,16235,2712,2830,2246,150,4584,1,21:10
2024-25,1629631,De'Andre Hunter,De'Andre,1610612739,CLE,Cleveland Cavaliers,0022401147,2025-04-08T00:00:00,CLE vs. CHI,W,26.7,9.4,20.2,0.467,2.7,10.8,0.25,1.3,5.4,0.25,0.0,4.0,4.0,5.4,1.3,4.0,0.0,0.0,0.0,4.0,22.9,17.5,46.7,0,0,43.1,1,1,13086,1,10565,3967,2812,12249,7551,2688,11902,12173,5326,13358,14058,13581,17200,6647,13579,1590,8263,8846,20257,6184,5539,4729,4468,2246,150,5071,1,26:42
2024-25,1629027,Trae Young,Trae,1610612737,ATL,Atlanta Hawks,0022401149,2025-04-08T00:00:00,ATL @ ORL,L,36.70333333333333,9.8,19.6,0.5,2.9,8.8,0.333,4.9,5.9,0.833,0.0,1.0,1.0,9.8,2.9,1.0,0.0,1.0,2.9,4.9,27.5,-4.9,43.4,1,0,43.2,1,13222,1,13222,2194,3463,3264,8526,6719,5059,9209,4186,4630,7275,14058,21996,23221,1534,6671,12120,8263,8091,10970,4289,2996,15532,5957,1,150,5066,1,36:42
2024-25,1627783,Pascal Siakam,Pascal,1610612754,IND,Indiana Pacers,0022401148,2025-04-08T00:00:00,IND vs. WAS,W,34.25,11.6,20.0,0.579,1.1,1.1,1.0,1.1,1.1,1.0,5.3,5.3,10.5,3.2,0.0,2.1,0.0,1.1,1.1,1.1,25.2,-1.1,48.9,1,0,44.1,1,1,13086,1,4058,1831,2993,6486,14245,20806,1,13077,14133,1,2137,10144,4898,12467,16469,5772,8263,7479,19402,17166,4102,13575,3671,1,150,4618,1,34:15
2024-25,1631288,Jamal Cain,Jamal,1610612740,NOP,New Orleans Pelicans,0022401150,2025-04-08T00:00:00,NOP @ BKN,L,16.316666666666666,15.4,17.7,0.875,2.2,2.2,1.0,0.0,0.0,0.0,2.2,4.4,6.6,0.0,4.4,4.4,0.0,0.0,2.2,2.2,33.1,22.1,49.9,0,0,50.7,1,13222,1,13222,18711,424,5069,1353,9218,19157,1,13505,14344,13505,7565,12494,10909,19908,3121,1292,8263,8846,14064,12133,1300,3444,3310,2246,150,2329,1,16:19
2024-25,1631096,Chet Holmgren,Chet,1610612760,OKC,Oklahoma City Thunder,0022401153,2025-04-08T00:00:00,OKC vs. LAL,W,25.0,7.2,17.3,0.417,2.9,4.3,0.667,2.9,4.3,0.667,2.9,2.9,5.8,2.9,2.9,1.4,2.9,1.4,4.3,1.4,20.2,7.2,41.5,0,0,40.3,1,1,13086,1,12008,8449,5472,14532,6939,14859,1957,8148,7163,9425,5640,17149,12868,13346,6918,8699,1850,5022,6215,15277,7781,9043,6897,2246,150,6589,1,25:00
2024-25,1631232,Keion Brooks Jr.,Keion,1610612740,NOP,New Orleans Pelicans,0022401150,2025-04-08T00:00:00,NOP @ BKN,L,23.2,6.2,9.3,0.667,1.6,3.1,0.5,7.8,7.8,1.0,0.0,7.8,7.8,0.0,1.6,0.0,1.6,1.6,4.7,4.7,21.7,12.4,34.1,0,0,34.1,1,13222,1,13222,13550,10957,18257,3281,11857,17453,3944,1533,2701,1,14058,5067,8702,19908,12541,12854,4703,4584,5395,4817,6451,6627,11698,2246,150,10742,1,23:12
2024-25,1631247,Luke Travers,Luke,1610612739,CLE,Cleveland Cavaliers,0022401147,2025-04-08T00:00:00,CLE vs. CHI,W,3.4166666666666665,0.0,0.0,0.0,0.0,0.0,0.0,0.0,0.0,0.0,0.0,0.0,0.0,10.5,0.0,0.0,0.0,0.0,0.0,0.0,0.0,42.1,15.8,0,0,10.5,1,1,13086,1,24757,22635,24836,22635,15070,20945,15070,13505,14344,13505,14058,22137,23286,1187,16469,12854,8263,8846,20257,17725,23200,827,22925,2246,150,24327,1,3:25
2024-25,1628418,Thomas Bryant,Thomas,1610612754,IND,Indiana Pacers,0022401148,2025-04-08T00:00:00,IND vs. WAS,W,3.7,9.7,19.5,0.5,0.0,9.7,0.0,0.0,0.0,0.0,0.0,0.0,0.0,0.0,0.0,0.0,0.0,0.0,9.7,0.0,19.5,-58.4,19.5,0,0,19.5,1,1,13086,1,24623,3561,3369,8526,15070,3799,15070,13505,14344,13505,14058,22137,23286,19908,16469,12854,8263,8846,758,17725,8411,25640,21426,2246,150,21172,1,3:42
2024-25,201572,Brook Lopez,Brook,1610612749,MIL,Milwaukee Bucks,0022401152,2025-04-08T00:00:00,MIL vs. MIN,W,27.85,5.2,11.6,0.444,2.6,6.5,0.4,0.0,0.0,0.0,0.0,2.6,2.6,1.3,2.6,0.0,0.0,0.0,2.6,1.3,12.9,-23.3,15.4,0,0,19.4,1,1,13086,1,9671,13891,14254,13045,7879,9617,7874,13505,14344,13505,14058,17983,20665,18686,7931,12854,8263,8846,12475,15940,15172,22401,23061,2246,150,21208,1,27:51
2024-25,1628963,Marvin Bagley III,Marvin,1610612763,MEM,Memphis Grizzlies,0022401146,2025-04-08T00:00:00,MEM @ CHA,W,1.5666666666666667,0.0,23.0,0.0,0.0,23.0,0.0,0.0,0.0,0.0,0.0,0.0,0.0,0.0,0.0,0.0,0.0,0.0,0.0,0.0,0.0,-68.9,0.0,0,0,0.0,1,1,13086,1,25750,22635,1386,22635,15070,145,15070,13505,14344,13505,14058,22137,23286,19908,16469,12854,8263,8846,20257,17725,23200,25867,25228,2246,150,25259,1,1:34
2024-25,1629723,John Konchar,John,1610612763,MEM,Memphis Grizzlies,0022401146,2025-04-08T00:00:00,MEM @ CHA,W,10.966666666666667,0.0,0.0,0.0,0.0,0.0,0.0,0.0,0.0,0.0,3.3,0.0,3.3,3.3,0.0,6.6,0.0,0.0,0.0,3.3,0.0,-9.8,28.6,0,0,19.7,1,1,13086,1,21725,22635,24836,22635,15070,20945,15070,13505,14344,13505,4778,22137,19031,12045,16469,360,8263,8846,20257,8300,23200,17808,15831,2246,150,21036,1,10:58
2024-25,1630573,Sam Hauser,Sam,1610612738,BOS,Boston Celtics,0022401151,2025-04-08T00:00:00,BOS @ NYK,W,28.12,3.8,7.7,0.5,1.3,5.1,0.25,0.0,0.0,0.0,0.0,2.6,2.6,1.3,1.3,1.3,1.3,0.0,0.0,2.6,9.0,11.5,20.4,0,0,19.2,1,1,13086,1,9443,17474,20675,8526,12937,12904,11902,13505,14344,13505,14058,18036,20690,18724,13910,9584,5738,8846,20257,10759,19127,6999,21001,2246,150,21288,1,28:07
2024-25,1629614,Andrew Nembhard,Andrew,1610612754,IND,Indiana Pacers,0022401148,2025-04-08T00:00:00,IND vs. WAS,W,31.083333333333332,1.2,8.1,0.143,0.0,2.3,0.0,2.3,2.3,1.0,2.3,5.8,8.1,4.6,2.3,1.2,0.0,1.2,2.3,2.3,4.6,15.1,22.5,0,0,19.7,1,1,13086,1,6807,22531,20074,22260,15070,18956,15070,9568,11732,1,7189,8806,8080,8342,8999,10516,8263,6566,13576,11683,22219,5610,19897,2246,150,21043,1,31:05
2024-25,204456,T.J. McConnell,T.J.,1610612754,IND,Indiana Pacers,0022401148,2025-04-08T00:00:00,IND vs. WAS,W,16.916666666666668,2.1,10.6,0.2,0.0,2.1,0.0,0.0,0.0,0.0,0.0,4.3,4.3,2.1,2.1,0.0,0.0,0.0,4.3,2.1,4.3,-14.9,10.4,0,0,10.6,1,1,13086,1,18307,21189,15978,21401,15070,19312,15070,13505,14344,13505,14058,12949,16659,15903,9856,12854,8263,8846,6413,12489,22432,19863,24351,2246,150,24301,1,16:55
2024-25,1630249,Vít Krejčí,Vít,1610612737,ATL,Atlanta Hawks,0022401149,2025-04-08T00:00:00,ATL @ ORL,L,14.833333333333334,2.4,4.9,0.5,2.4,4.9,0.5,0.0,0.0,0.0,0.0,9.7,9.7,0.0,2.4,0.0,0.0,0.0,4.9,0.0,7.3,-7.3,16.5,0,0,19.4,1,13222,1,13222,19683,20596,23566,8526,8383,13550,3944,13505,14344,13505,14058,2809,5788,19908,8543,12854,8263,8846,4940,17725,20498,16633,22664,2246,150,21196,1,14:50
2024-25,1641794,Dillon Jones,Dillon,1610612760,OKC,Oklahoma City Thunder,0022401153,2025-04-08T00:00:00,OKC vs. LAL,W,1.7833333333333334,0.0,0.0,0.0,0.0,0.0,0.0,0.0,0.0,0.0,0.0,0.0,0.0,0.0,0.0,0.0,0.0,0.0,0.0,0.0,0.0,-20.2,0.0,0,0,0.0,1,1,13086,1,25622,22635,24836,22635,15070,20945,15070,13505,14344,13505,14058,22137,23286,19908,16469,12854,8263,8846,20257,17725,23200,21600,25228,2246,150,25259,1,1:47
2024-25,1628973,Jalen Brunson,Jalen,1610612752,NYK,New York Knicks,0022401151,2025-04-08T00:00:00,NYK vs. BOS,L,38.42666666666667,9.4,19.7,0.476,4.7,11.2,0.417,1.9,1.9,1.0,0.0,0.9,0.9,9.4,1.9,0.0,0.0,0.0,0.9,0.9,25.3,-1.9,38.6,1,0,40.3,1,13222,1,13222,1153,4091,3208,12010,2761,2300,7826,11033,13046,1,14058,22073,23251,1775,11190,12854,8263,8846,20039,17589,4059,13963,8647,1,150,6621,1,38:26
2024-25,1642275,Tidjane Salaün,Tidjane,1610612766,CHA,Charlotte Hornets,0022401146,2025-04-08T00:00:00,CHA vs. MEM,L,28.85,3.7,8.7,0.429,3.7,8.7,0.429,5.0,10.0,0.5,0.0,11.2,11.2,3.7,2.5,0.0,0.0,0.0,2.5,7.5,16.2,10.0,32.8,0,0,34.9,1,13222,1,13222,8805,17725,19125,13735,4588,5210,7394,4047,1380,10625,14058,1785,4213,10670,8262,12854,8263,8846,12814,1330,11700,7705,12709,2246,150,10139,1,28:51
2024-25,1641757,Jordan Miller,Jordan,1610612746,LAC,LA Clippers,0022401155,2025-04-08T00:00:00,LAC vs. SAS,W,0.8616666666666667,0.0,0.0,0.0,0.0,0.0,0.0,0.0,0.0,0.0,0.0,0.0,0.0,0.0,83.6,0.0,0.0,0.0,0.0,0.0,0.0,-292.5,-83.6,0,0,0.0,1,1,13086,1,26116,22635,24836,22635,15070,20945,15070,13505,14344,13505,14058,22137,23286,19908,2,12854,8263,8846,20257,17725,23200,26289,26305,2246,150,25259,1,0:52
2024-25,1630171,Isaac Okoro,Isaac,1610612739,CLE,Cleveland Cavaliers,0022401147,2025-04-08T00:00:00,CLE vs. CHI,W,19.85,1.8,9.1,0.2,0.0,3.6,0.0,0.0,0.0,0.0,1.8,7.3,9.1,0.0,0.0,0.0,0.0,0.0,1.8,0.0,3.6,3.6,14.5,0,0,12.7,1,1,13086,1,16140,21728,18618,21401,15070,16379,15070,13505,14344,13505,9193,5898,6634,19908,16469,12854,8263,8846,16114,17725,22726,10846,23327,2246,150,23810,1,19:51
2024-25,203552,Seth Curry,Seth,1610612766,CHA,Charlotte Hornets,0022401146,2025-04-08T00:00:00,CHA vs. MEM,L,19.251666666666665,5.6,11.2,0.5,1.9,5.6,0.333,3.7,5.6,0.667,0.0,0.0,0.0,1.9,1.9,0.0,0.0,0.0,0.0,1.9,16.8,-18.7,17.8,0,0,20.6,1,13222,1,13222,16626,12685,14994,8526,10783,11696,9209,6201,5038,9425,14058,22137,23286,16862,11226,12854,8263,8846,20257,13643,11028,21140,22194,2246,150,20543,1,19:15
2024-25,203497,Rudy Gobert,Rudy,1610612750,MIN,Minnesota Timberwolves,0022401152,2025-04-08T00:00:00,MIN @ MIL,L,34.38333333333333,3.1,4.2,0.75,0.0,0.0,0.0,0.0,0.0,0.0,2.1,7.3,9.4,2.1,1.0,1.0,0.0,1.0,4.2,3.1,6.3,-5.2,22.8,0,0,19.9,1,13222,1,13222,3934,19122,24002,2107,15070,20945,15070,13505,14344,13505,7972,5782,6149,16023,15513,11524,8263,7520,6589,8759,21199,15720,19670,2246,150,20918,1,34:23
2024-25,1631230,Dominick Barlow,Dominick,1610612737,ATL,Atlanta Hawks,0022401149,2025-04-08T00:00:00,ATL @ ORL,L,1.1333333333333333,0.0,0.0,0.0,0.0,0.0,0.0,0.0,0.0,0.0,0.0,0.0,0.0,0.0,0.0,0.0,0.0,0.0,0.0,0.0,0.0,0.0,0.0,0,0,0.0,1,13222,1,13222,26002,22635,24836,22635,15070,20945,15070,13505,14344,13505,14058,22137,23286,19908,16469,12854,8263,8846,20257,17725,23200,12240,25228,2246,150,25259,1,1:08
2024-25,1631217,Moussa Diabaté,Moussa,1610612766,CHA,Charlotte Hornets,0022401146,2025-04-08T00:00:00,CHA vs. MEM,L,16.781666666666666,10.7,12.9,0.833,0.0,2.1,0.0,0.0,0.0,0.0,2.1,2.1,4.3,4.3,0.0,0.0,2.1,0.0,2.1,2.1,21.5,8.6,39.5,0,0,34.3,1,13222,1,13222,18404,2482,12087,1514,15070,19280,15070,13505,14344,13505,7777,19226,16557,9158,16469,12854,3087,8846,14383,12420,6689,8371,8093,2246,150,10589,1,16:47
2024-25,1642353,Cam Christie,Cam,1610612746,LAC,LA Clippers,0022401155,2025-04-08T00:00:00,LAC vs. SAS,W,0.8616666666666667,0.0,0.0,0.0,0.0,0.0,0.0,0.0,0.0,0.0,0.0,0.0,0.0,0.0,0.0,0.0,0.0,0.0,0.0,0.0,0.0,-292.5,0.0,0,0,0.0,1,1,13086,1,26116,22635,24836,22635,15070,20945,15070,13505,14344,13505,14058,22137,23286,19908,16469,12854,8263,8846,20257,17725,23200,26289,25228,2246,150,25259,1,0:52
2024-25,1641738,Kobe Brown,Kobe,1610612746,LAC,LA Clippers,0022401155,2025-04-08T00:00:00,LAC vs. SAS,W,0.8616666666666667,0.0,0.0,0.0,0.0,0.0,0.0,0.0,0.0,0.0,0.0,0.0,0.0,0.0,0.0,0.0,0.0,0.0,0.0,0.0,0.0,-292.5,0.0,0,0,0.0,1,1,13086,1,26116,22635,24836,22635,15070,20945,15070,13505,14344,13505,14058,22137,23286,19908,16469,12854,8263,8846,20257,17725,23200,26289,25228,2246,150,25259,1,0:52
2024-25,1629003,Shake Milton,Shake,1610612747,LAL,Los Angeles Lakers,0022401153,2025-04-08T00:00:00,LAL @ OKC,L,1.7833333333333334,0.0,0.0,0.0,0.0,0.0,0.0,0.0,0.0,0.0,0.0,20.2,20.2,0.0,0.0,0.0,0.0,0.0,0.0,0.0,0.0,20.2,24.2,0,0,20.2,1,13222,1,13222,25622,22635,24836,22635,15070,20945,15070,13505,14344,13505,14058,164,499,19908,16469,12854,8263,8846,20257,17725,23200,3889,18787,2246,150,20750,1,1:47
2024-25,1641745,Adam Flagler,Adam,1610612760,OKC,Oklahoma City Thunder,0022401153,2025-04-08T00:00:00,OKC vs. LAL,W,1.7833333333333334,0.0,20.2,0.0,0.0,20.2,0.0,0.0,0.0,0.0,0.0,0.0,0.0,0.0,0.0,0.0,0.0,0.0,0.0,0.0,0.0,-20.2,0.0,0,0,0.0,1,1,13086,1,25622,22635,2833,22635,15070,226,15070,13505,14344,13505,14058,22137,23286,19908,16469,12854,8263,8846,20257,17725,23200,21600,25228,2246,150,25259,1,1:47
2024-25,1642382,Branden Carlson,Branden,1610612760,OKC,Oklahoma City Thunder,0022401153,2025-04-08T00:00:00,OKC vs. LAL,W,1.7833333333333334,0.0,40.4,0.0,0.0,40.4,0.0,0.0,0.0,0.0,0.0,0.0,0.0,20.2,0.0,0.0,0.0,0.0,0.0,0.0,0.0,-20.2,30.3,0,0,20.2,1,1,13086,1,25622,22635,73,22635,15070,15,15070,13505,14344,13505,14058,22137,23286,79,16469,12854,8263,8846,20257,17725,23200,21600,14595,2246,150,20750,1,1:47
2024-25,1642280,Trentyn Flowers,Trentyn,1610612746,LAC,LA Clippers,0022401155,2025-04-08T00:00:00,LAC vs. SAS,W,0.8616666666666667,0.0,0.0,0.0,0.0,0.0,0.0,0.0,0.0,0.0,0.0,0.0,0.0,0.0,0.0,0.0,0.0,0.0,0.0,0.0,0.0,-292.5,0.0,0,0,0.0,1,1,13086,1,26116,22635,24836,22635,15070,20945,15070,13505,14344,13505,14058,22137,23286,19908,16469,12854,8263,8846,20257,17725,23200,26289,25228,2246,150,25259,1,0:52
2024-25,1630592,Jalen Wilson,Jalen,1610612751,BKN,Brooklyn Nets,0022401150,2025-04-08T00:00:00,BKN vs. NOP,W,21.183333333333334,5.1,15.3,0.333,3.4,11.9,0.286,1.7,3.4,0.5,3.4,3.4,6.8,5.1,1.7,1.7,0.0,0.0,3.4,1.7,15.3,13.6,34.5,0,0,34.0,1,1,13086,1,15162,14100,8120,17395,5382,1840,11433,11414,9091,10625,4541,15525,10534,7253,11924,7610,8263,8846,9084,14270,12619,6167,11454,2246,150,10859,1,21:11
2024-25,1628398,Kyle Kuzma,Kyle,1610612749,MIL,Milwaukee Bucks,0022401152,2025-04-08T00:00:00,MIL vs. MIN,W,24.733333333333334,5.8,11.6,0.5,0.0,2.9,0.0,2.9,2.9,1.0,1.5,4.4,5.8,0.0,4.4,0.0,0.0,0.0,2.9,1.5,14.6,-21.8,17.2,0,0,20.4,1,1,13086,1,12237,12044,14230,8526,15070,17836,15070,8056,10199,1,10516,12612,12714,19908,3199,12854,8263,8846,11134,15215,13345,22035,22422,2246,150,20639,1,24:44
2024-25,1627759,Jaylen Brown,Jaylen,1610612738,BOS,Boston Celtics,0022401151,2025-04-08T00:00:00,BOS @ NYK,W,21.65,3.3,13.3,0.25,0.0,3.3,0.0,3.3,3.3,1.0,0.0,8.3,8.3,1.7,5.0,0.0,0.0,1.7,5.0,1.7,10.0,-3.3,17.5,0,0,20.0,1,1,13086,1,14796,18690,11298,20233,15070,17011,15070,7059,9249,1,14058,4261,7747,17469,2351,12854,8263,4244,4625,14401,18174,14725,22308,2246,150,20887,1,21:39
2024-25,1630162,Anthony Edwards,Anthony,1610612750,MIN,Minnesota Timberwolves,0022401152,2025-04-08T00:00:00,MIN @ MIL,L,39.005,9.2,24.9,0.37,1.8,10.2,0.182,2.8,2.8,1.0,0.9,5.5,6.5,3.7,1.8,0.9,0.9,0.9,3.7,1.8,23.1,-3.7,40.1,0,0,38.8,1,13222,1,13222,880,4318,842,16820,10896,3330,14207,8414,10564,1,13820,9440,11251,10810,11342,12551,7992,8540,8119,13752,5436,14885,7727,2246,150,7543,1,39:00
2024-25,1630541,Moses Moody,Moses,1610612744,GSW,Golden State Warriors,0022401154,2025-04-08T00:00:00,GSW @ PHX,W,18.366666666666667,3.9,9.8,0.4,2.0,3.9,0.5,0.0,0.0,0.0,2.0,3.9,5.9,0.0,2.0,3.9,2.0,2.0,2.0,0.0,9.8,37.2,32.5,0,0,29.4,1,1,13086,1,17303,17267,17396,14933,10348,15732,3944,13505,14344,13505,8575,13967,12566,19908,10723,1716,3603,3357,15356,17725,18353,1178,12923,2246,150,14404,1,18:22
2024-25,1630169,Tyrese Haliburton,Tyrese,1610612754,IND,Indiana Pacers,0022401148,2025-04-08T00:00:00,IND vs. WAS,W,31.366666666666667,5.7,12.6,0.455,3.4,8.0,0.429,10.3,12.6,0.818,0.0,1.1,1.1,6.9,1.1,1.1,0.0,0.0,0.0,6.9,25.2,0.0,39.3,0,0,39.0,1,1,13086,1,6536,12300,12521,12676,5277,6394,7394,608,649,7652,14058,21637,23015,4155,14809,10604,8263,8846,20257,1748,4088,12240,8234,2246,150,7366,1,31:22
2024-25,1626172,Kevon Looney,Kevon,1610612744,GSW,Golden State Warriors,0022401154,2025-04-08T00:00:00,GSW @ PHX,W,14.416666666666666,2.5,10.0,0.25,0.0,0.0,0.0,0.0,0.0,0.0,2.5,7.5,10.0,2.5,0.0,2.5,0.0,0.0,5.0,0.0,5.0,32.5,28.2,0,0,22.5,1,1,13086,1,19942,20461,17072,20233,15070,20945,15070,13505,14344,13505,6615,5510,5442,14552,16469,4390,8263,8846,4617,17725,22008,1684,16058,2246,150,19379,1,14:25
2024-25,1630590,Scotty Pippen Jr.,Scotty,1610612763,MEM,Memphis Grizzlies,0022401146,2025-04-08T00:00:00,MEM @ CHA,W,23.233333333333334,4.6,9.3,0.5,3.1,4.6,0.667,3.1,4.6,0.667,1.5,0.0,1.5,3.1,1.5,1.5,1.5,1.5,3.1,3.1,15.5,-6.2,29.8,0,0,29.4,1,1,13086,1,13518,15369,18276,8526,6218,14089,1957,7549,6581,9425,10121,22137,22506,12613,12548,8199,4710,4593,10274,8888,12423,16158,14974,2246,150,14371,1,23:14
2024-25,1630623,Tyson Etienne,Tyson,1610612751,BKN,Brooklyn Nets,0022401150,2025-04-08T00:00:00,BKN vs. NOP,W,25.583333333333332,4.2,12.7,0.333,4.2,12.7,0.333,2.8,2.8,1.0,0.0,1.4,1.4,1.4,2.8,0.0,0.0,0.0,4.2,1.4,15.5,-22.5,16.5,0,0,22.5,1,1,13086,1,11499,16540,12458,17395,3528,1444,9209,8315,10455,1,14058,21063,22677,18325,7167,12854,8263,8846,6494,15418,12437,22223,22682,2246,150,19347,1,25:35
2024-25,1631221,Collin Gillespie,Collin,1610612756,PHX,Phoenix Suns,0022401154,2025-04-08T00:00:00,PHX vs. GSW,L,24.333333333333332,3.0,13.3,0.222,3.0,7.4,0.4,0.0,0.0,0.0,3.0,1.5,4.4,5.9,1.5,4.4,0.0,0.0,3.0,0.0,8.9,-19.2,34.9,0,0,31.1,1,13222,1,13222,12619,19510,11276,21205,6651,7618,7874,13505,14344,13505,5436,20916,16198,5638,12853,1270,8263,8846,10903,17725,19194,21321,11114,2246,150,13102,1,24:20
2024-25,203482,Kelly Olynyk,Kelly,1610612740,NOP,New Orleans Pelicans,0022401150,2025-04-08T00:00:00,NOP @ BKN,L,21.933333333333334,1.6,8.2,0.2,0.0,1.6,0.0,9.8,13.1,0.75,1.6,0.0,1.6,4.9,0.0,0.0,1.6,1.6,4.9,8.2,13.1,-34.5,27.4,0,0,23.0,1,13222,1,13222,14543,21983,19942,21401,15070,20122,15070,742,572,8186,9782,22137,22380,7633,16469,12854,4449,4326,4789,927,14950,24353,16647,2246,150,19033,1,21:56
2024-25,1642358,AJ Johnson,AJ,1610612764,WAS,Washington Wizards,0022401148,2025-04-08T00:00:00,WAS @ IND,L,24.583333333333332,5.9,13.2,0.444,0.0,4.4,0.0,0.0,0.0,0.0,0.0,1.5,1.5,0.0,1.5,0.0,0.0,2.9,7.3,1.5,11.7,-30.8,12.0,0,0,13.2,1,13222,1,13222,12389,11926,11519,13045,15070,14700,15070,13505,14344,13505,14058,20953,22615,19908,12934,12854,8263,1419,1761,15155,16431,23855,24004,2246,150,23656,1,24:35
2024-25,1641721,Maxwell Lewis,Maxwell,1610612751,BKN,Brooklyn Nets,0022401150,2025-04-08T00:00:00,BKN vs. NOP,W,28.05,6.4,16.7,0.385,0.0,5.1,0.0,2.6,2.6,1.0,1.3,5.1,6.4,2.6,3.9,1.3,1.3,3.9,5.1,1.3,15.4,-15.4,30.8,0,0,29.5,1,1,13086,1,9509,10394,6201,16070,15070,12865,15070,8886,11056,1,11273,10471,11347,14318,4188,9556,5720,708,4311,15976,12516,20055,14204,2246,150,14311,1,28:03
2024-25,1629731,Dean Wade,Dean,1610612739,CLE,Cleveland Cavaliers,0022401147,2025-04-08T00:00:00,CLE vs. CHI,W,20.816666666666666,5.2,8.6,0.6,5.2,6.9,0.75,0.0,0.0,0.0,0.0,5.2,5.2,1.7,0.0,1.7,0.0,0.0,5.2,0.0,15.6,19.0,29.6,0,0,31.1,1,1,13086,1,15419,13849,19281,5394,2064,8630,1542,13505,14344,13505,14058,10316,14303,17283,16469,7515,8263,8846,4220,17725,12360,4255,15098,2246,150,13056,1,20:49
2024-25,1642377,Jaylen Wells,Jaylen,1610612763,MEM,Memphis Grizzlies,0022401146,2025-04-08T00:00:00,MEM @ CHA,W,11.083333333333334,3.2,13.0,0.25,0.0,9.7,0.0,3.2,6.5,0.5,0.0,16.2,16.2,6.5,0.0,3.2,0.0,0.0,3.2,6.5,9.7,68.2,48.7,0,0,39.0,1,1,13086,1,21667,18890,11866,20233,15070,3791,15070,7205,3887,10625,14058,403,1344,4719,16469,2648,8263,8846,9653,2089,18398,253,3731,2246,150,7392,1,11:05
2024-25,1626220,Royce O'Neale,Royce,1610612756,PHX,Phoenix Suns,0022401154,2025-04-08T00:00:00,PHX vs. GSW,L,17.55,2.1,12.3,0.167,2.1,10.3,0.2,0.0,0.0,0.0,0.0,4.1,4.1,2.1,2.1,0.0,0.0,0.0,2.1,0.0,6.2,-57.4,12.1,0,0,14.4,1,13222,1,13222,17887,21314,13065,21938,9909,3204,13429,13505,14344,13505,14058,13415,17060,16185,10252,12854,8263,8846,14868,17725,21282,25616,23980,2246,150,23302,1,17:33
2024-25,1628401,Derrick White,Derrick,1610612738,BOS,Boston Celtics,0022401151,2025-04-08T00:00:00,BOS @ NYK,W,42.755,4.2,11.8,0.357,3.4,10.1,0.333,0.0,0.0,0.0,3.4,3.4,6.7,7.6,2.5,0.8,0.0,0.0,0.8,0.8,11.8,-0.8,31.2,0,0,31.2,1,1,13086,1,174,16569,13958,17140,5462,3372,9209,13505,14344,13505,4603,15602,10663,3311,8136,12805,8263,8846,20223,17706,16355,13455,13874,2246,150,13034,1,42:45
2024-25,1628369,Jayson Tatum,Jayson,1610612738,BOS,Boston Celtics,0022401151,2025-04-08T00:00:00,BOS @ NYK,W,47.733333333333334,8.3,16.6,0.5,3.0,8.3,0.364,4.5,6.0,0.75,0.0,5.3,5.3,3.8,1.5,0.8,0.8,0.8,1.5,3.8,24.1,1.5,39.1,0,0,39.2,1,1,13086,1,18,5988,6314,8526,6439,5923,9100,4794,4424,8186,14058,10078,14093,10585,12707,12846,8259,8838,17180,6933,4711,11864,8306,2246,150,7263,1,47:44
2024-25,1631109,Mark Williams,Mark,1610612766,CHA,Charlotte Hornets,0022401146,2025-04-08T00:00:00,CHA vs. MEM,L,31.116666666666667,4.6,12.7,0.364,0.0,1.2,0.0,0.0,0.0,0.0,2.3,5.8,8.1,2.3,4.6,1.2,1.2,1.2,3.5,0.0,9.3,-40.5,24.8,0,0,24.3,1,13222,1,13222,6775,15426,12341,16861,15070,20676,15070,13505,14344,13505,7205,8828,8100,15180,2812,10524,6440,6576,8833,17725,18857,24879,18450,2246,150,18140,1,31:07
2024-25,1629216,Gabe Vincent,Gabe,1610612747,LAL,Los Angeles Lakers,0022401153,2025-04-08T00:00:00,LAL @ OKC,L,24.75,2.9,10.2,0.286,1.5,8.7,0.167,0.0,0.0,0.0,0.0,0.0,0.0,2.9,0.0,1.5,0.0,1.5,2.9,0.0,7.3,-14.5,16.0,0,0,14.5,1,13222,1,13222,12223,19634,16767,19630,12232,5224,14236,13505,14344,13505,14058,22137,23286,13248,16469,8612,8263,4967,11153,17725,20502,19726,22854,2246,150,23235,1,24:45
2024-25,203914,Gary Harris,Gary,1610612753,ORL,Orlando Magic,0022401149,2025-04-08T00:00:00,ORL vs. ATL,W,7.915,4.5,4.5,1.0,4.5,4.5,1.0,0.0,0.0,0.0,0.0,0.0,0.0,4.5,0.0,0.0,0.0,0.0,4.5,0.0,13.6,9.1,20.5,0,0,22.7,1,1,13086,1,22838,15627,23775,1,2973,14323,1,13505,14344,13505,14058,22137,23286,8531,16469,12854,8263,8846,5667,17725,14332,8129,20962,2246,150,19174,1,7:55
2024-25,1629610,DaQuan Jeffries,DaQuan,1610612766,CHA,Charlotte Hornets,0022401146,2025-04-08T00:00:00,CHA vs. MEM,L,33.88333333333333,2.1,8.5,0.25,0.0,6.4,0.0,0.0,0.0,0.0,2.1,3.2,5.3,2.1,0.0,1.1,0.0,0.0,2.1,0.0,4.2,-31.9,17.0,0,0,13.8,1,13222,1,13222,4366,21200,19493,20233,15070,9810,15070,13505,14344,13505,7868,16128,14015,15914,16469,11367,8263,8846,14494,17725,22438,24015,22487,2246,150,23470,1,33:53
2024-25,203901,Elfrid Payton,Elfrid,1610612740,NOP,New Orleans Pelicans,0022401150,2025-04-08T00:00:00,NOP @ BKN,L,23.216666666666665,0.0,4.7,0.0,0.0,1.6,0.0,4.7,6.2,0.75,1.6,7.8,9.3,15.5,4.7,3.1,1.6,0.0,1.6,3.1,4.7,21.7,48.4,0,0,38.8,1,13222,1,13222,13533,22635,23715,22635,15070,20226,15070,4593,4228,8186,10117,5074,6311,250,2782,2930,4707,8846,17041,8883,22215,3529,3855,2246,150,7542,1,23:13
2024-25,1631104,Blake Wesley,Blake,1610612759,SAS,San Antonio Spurs,0022401155,2025-04-08T00:00:00,SAS @ LAC,L,22.866666666666667,6.3,11.0,0.571,0.0,1.6,0.0,0.0,0.0,0.0,1.6,0.0,1.6,11.0,0.0,1.6,1.6,0.0,4.7,1.6,12.6,11.0,40.5,0,0,31.5,1,13222,1,13222,13818,10723,15331,6538,15070,20201,15070,13505,14344,13505,10028,22137,22475,997,16469,8091,4624,8846,5233,14712,15501,7229,7482,2246,150,12781,1,22:52
2024-25,1629638,Nickeil Alexander-Walker,Nickeil,1610612750,MIN,Minnesota Timberwolves,0022401152,2025-04-08T00:00:00,MIN @ MIL,L,15.633333333333333,2.3,11.5,0.2,0.0,6.9,0.0,4.6,4.6,1.0,4.6,2.3,6.9,2.3,2.3,0.0,2.3,0.0,4.6,2.3,9.2,0.0,25.6,0,0,23.0,1,13222,1,13222,19175,20847,14448,21401,15070,8648,15070,4669,6645,1,2792,18752,10312,15219,9055,12854,2742,8846,5524,11728,18891,12240,17896,2246,150,19002,1,15:38
2024-25,1629675,Naz Reid,Naz,1610612750,MIN,Minnesota Timberwolves,0022401152,2025-04-08T00:00:00,MIN @ MIL,L,26.483333333333334,9.5,16.3,0.583,4.1,9.5,0.429,0.0,0.0,0.0,1.4,4.1,5.4,4.1,0.0,1.4,0.0,0.0,1.4,2.7,23.1,9.5,39.8,0,0,39.4,1,13222,1,13222,10745,3861,6662,6296,3839,4088,7394,13505,14344,13505,10931,13488,13706,9712,16469,9141,8263,8846,17793,10265,5412,7936,7862,2246,150,7122,1,26:29
2024-25,1627741,Buddy Hield,Buddy,1610612744,GSW,Golden State Warriors,0022401154,2025-04-08T00:00:00,GSW @ PHX,W,21.166666666666668,5.1,13.6,0.375,1.7,10.2,0.167,0.0,0.0,0.0,1.7,5.1,6.8,1.7,0.0,0.0,0.0,1.7,1.7,1.7,11.9,15.3,22.6,0,0,22.1,1,1,13086,1,15170,14080,10820,16299,11399,3266,14236,13505,14344,13505,9574,10563,10523,17362,16469,12854,8263,4149,16536,14263,16235,5502,19802,2246,150,19613,1,21:10
2024-25,1629611,Terance Mann,Terance,1610612737,ATL,Atlanta Hawks,0022401149,2025-04-08T00:00:00,ATL @ ORL,L,29.616666666666667,0.0,6.1,0.0,0.0,4.9,0.0,0.0,0.0,0.0,2.4,2.4,4.9,6.1,3.6,1.2,0.0,0.0,2.4,1.2,0.0,1.2,15.0,0,0,13.4,1,13222,1,13222,8126,22635,22530,22635,15070,13526,15070,13505,14344,13505,6835,18389,15151,5353,4682,10047,8263,8846,13067,16324,23200,11999,23197,2246,150,23592,1,29:37
2024-25,1642285,Cam Spencer,Cam,1610612763,MEM,Memphis Grizzlies,0022401146,2025-04-08T00:00:00,MEM @ CHA,W,7.8,4.6,18.5,0.25,0.0,13.8,0.0,0.0,0.0,0.0,4.6,0.0,4.6,9.2,4.6,0.0,0.0,0.0,9.2,0.0,9.2,-4.6,24.0,0,0,23.1,1,1,13086,1,22891,15447,4246,20233,15070,971,15070,13505,14344,13505,2777,22137,15782,1847,2825,12854,8263,8846,889,17725,18873,15375,18937,2246,150,18958,1,7:48
2024-25,1629622,Max Strus,Max,1610612739,CLE,Cleveland Cavaliers,0022401147,2025-04-08T00:00:00,CLE vs. CHI,W,25.35,4.3,9.9,0.429,4.3,9.9,0.429,0.0,0.0,0.0,0.0,7.1,7.1,5.7,1.4,0.0,0.0,0.0,4.3,0.0,12.8,21.3,28.4,0,0,29.8,1,1,13086,1,11699,16430,17170,13735,3466,3562,7394,13505,14344,13505,14058,6174,9954,6079,13168,12854,8263,8846,6403,17725,15311,3621,15936,2246,150,14079,1,25:21
2024-25,1630577,Julian Champagnie,Julian,1610612759,SAS,San Antonio Spurs,0022401155,2025-04-08T00:00:00,SAS @ LAC,L,21.1,3.4,15.4,0.222,3.4,11.9,0.286,0.0,0.0,0.0,0.0,5.1,5.1,0.0,0.0,1.7,0.0,0.0,1.7,0.0,10.2,-10.2,21.5,0,0,22.2,1,13222,1,13222,15227,18515,8024,21205,5354,1810,11433,13505,14344,13505,14058,10509,14465,19908,16469,7582,8263,8846,16515,17725,17910,17991,20413,2246,150,19570,1,21:06
2024-25,1626181,Norman Powell,Norman,1610612746,LAC,LA Clippers,0022401155,2025-04-08T00:00:00,LAC vs. SAS,W,41.288333333333334,7.8,16.6,0.474,2.6,6.1,0.429,3.5,5.2,0.667,0.9,3.5,4.4,2.6,2.6,0.0,0.0,2.6,0.9,4.4,21.8,4.4,28.3,0,0,31.4,1,1,13086,1,327,6967,6348,12072,7773,10430,7394,6725,5550,9425,13969,15276,16387,14163,7816,12854,8263,1854,20196,5453,6385,10446,15967,2246,150,12863,1,41:17
2024-25,1627884,Derrick Jones Jr.,Derrick,1610612746,LAC,LA Clippers,0022401155,2025-04-08T00:00:00,LAC vs. SAS,W,26.1,11.0,20.7,0.533,1.4,6.9,0.2,1.4,1.4,1.0,2.8,0.0,2.8,1.4,0.0,1.4,0.0,0.0,2.8,1.4,24.8,17.9,34.3,0,0,33.1,1,1,13086,1,11088,2230,2521,8140,12524,8677,13429,12072,13618,1,5953,22137,20337,18406,16469,9013,8263,8846,11805,15532,4288,4582,11558,2246,150,11569,1,26:06
2024-25,1630631,Jose Alvarado,Jose,1610612740,NOP,New Orleans Pelicans,0022401150,2025-04-08T00:00:00,NOP @ BKN,L,22.883333333333333,6.3,17.3,0.364,4.7,11.0,0.429,7.9,9.4,0.833,0.0,1.6,1.6,6.3,6.3,3.1,1.6,0.0,3.1,6.3,25.2,-39.3,44.4,0,0,47.2,1,13222,1,13222,13803,10742,5449,16861,2699,2478,7394,1472,1643,7275,14058,20731,22477,5036,1228,2842,4628,8846,10110,2291,4144,24790,5489,2246,150,3401,1,22:53
2024-25,1629006,Josh Okogie,Josh,1610612766,CHA,Charlotte Hornets,0022401146,2025-04-08T00:00:00,CHA vs. MEM,L,18.016666666666666,8.0,14.0,0.571,4.0,10.0,0.4,4.0,8.0,0.5,2.0,2.0,4.0,2.0,2.0,0.0,0.0,0.0,2.0,4.0,24.0,-28.0,29.8,0,0,34.0,1,13222,1,13222,17549,6646,10191,6538,4008,3486,7874,5702,2525,10625,8394,19674,17327,16380,10534,12854,8263,8846,15154,6315,4815,23423,14961,2246,150,10878,1,18:01
2024-25,1642273,Kyshawn George,Kyshawn,1610612764,WAS,Washington Wizards,0022401148,2025-04-08T00:00:00,WAS @ IND,L,22.733333333333334,6.3,14.3,0.444,1.6,6.3,0.25,0.0,1.6,0.0,0.0,6.3,6.3,3.2,0.0,1.6,0.0,1.6,4.8,3.2,14.3,22.2,31.4,0,0,28.5,1,13222,1,13222,13923,10602,9762,13045,11735,9902,11902,13505,13411,13505,14058,7630,11531,12427,16469,8047,8263,4472,5175,8673,13661,3421,13782,2246,150,15067,1,22:44
2024-25,1629652,Luguentz Dort,Luguentz,1610612760,OKC,Oklahoma City Thunder,0022401153,2025-04-08T00:00:00,OKC vs. LAL,W,30.866666666666667,7.0,12.8,0.545,5.8,9.3,0.625,0.0,2.3,0.0,1.2,2.3,3.5,2.3,0.0,2.3,0.0,0.0,3.5,3.5,19.8,9.3,34.5,0,0,36.2,1,1,13086,1,6979,8938,12164,7695,1452,4333,2868,13505,11687,13505,12018,18668,18554,15107,16469,4929,8263,8846,8753,7669,8048,8034,11430,2246,150,9258,1,30:52
2024-25,1627747,Caris LeVert,Caris,1610612737,ATL,Atlanta Hawks,0022401149,2025-04-08T00:00:00,ATL @ ORL,L,29.733333333333334,4.8,13.3,0.364,2.4,7.3,0.333,3.6,3.6,1.0,1.2,6.1,7.3,0.0,2.4,0.0,0.0,1.2,3.6,4.8,15.7,-13.3,22.0,0,0,25.4,1,13222,1,13222,8016,14826,11271,16861,8410,7911,9209,6424,8623,1,11721,8220,9639,19908,8566,12854,8263,6185,8321,4404,12186,19232,20124,2246,150,17336,1,29:44
2024-25,1630598,Aaron Wiggins,Aaron,1610612760,OKC,Oklahoma City Thunder,0022401153,2025-04-08T00:00:00,OKC vs. LAL,W,12.583333333333334,2.9,11.4,0.25,2.9,11.4,0.25,0.0,0.0,0.0,0.0,11.4,11.4,5.7,2.9,0.0,0.0,0.0,5.7,0.0,8.6,22.9,28.0,0,0,28.6,1,1,13086,1,20947,19748,14585,20233,7018,2143,11902,13505,14344,13505,14058,1672,4015,6006,6992,12854,8263,8846,3355,17725,19444,3288,16202,2246,150,14987,1,12:35
2024-25,203084,Harrison Barnes,Harrison,1610612759,SAS,San Antonio Spurs,0022401155,2025-04-08T00:00:00,SAS @ LAC,L,31.083333333333332,9.3,11.6,0.8,6.9,9.3,0.75,2.3,2.3,1.0,0.0,5.8,5.8,1.2,2.3,3.5,0.0,0.0,0.0,1.2,27.8,-3.5,44.6,0,0,48.6,1,13222,1,13222,6807,4264,14340,1688,781,4434,1542,9568,11732,1,14058,8806,12777,19154,8999,2272,8263,8846,20257,16606,2859,14783,5369,2246,150,2939,1,31:05
2024-25,202687,Bismack Biyombo,Bismack,1610612759,SAS,San Antonio Spurs,0022401155,2025-04-08T00:00:00,SAS @ LAC,L,20.516666666666666,5.3,14.0,0.375,0.0,0.0,0.0,0.0,1.8,0.0,3.5,10.5,14.0,3.5,0.0,0.0,0.0,0.0,7.0,1.8,10.5,-3.5,32.6,0,0,28.1,1,13222,1,13222,15630,13633,10115,16299,15070,20945,15070,13505,13241,13505,4364,2209,2214,11364,16469,12854,8263,8846,1966,14095,17632,14804,12855,2246,150,15374,1,20:31
2024-25,1628960,Grayson Allen,Grayson,1610612756,PHX,Phoenix Suns,0022401154,2025-04-08T00:00:00,PHX vs. GSW,L,18.45,7.8,17.6,0.444,5.9,11.7,0.5,2.0,3.9,0.5,2.0,0.0,2.0,2.0,2.0,2.0,0.0,0.0,3.9,2.0,23.4,-11.7,32.6,0,0,37.1,1,13222,1,13222,17247,7053,5182,13045,1430,1957,3944,10801,8034,10625,8614,22137,21905,16556,10773,6493,8263,8846,7439,13311,5190,18623,12895,2246,150,8675,1,18:27
2024-25,1631166,Drew Timme,Drew,1610612751,BKN,Brooklyn Nets,0022401150,2025-04-08T00:00:00,BKN vs. NOP,W,29.466666666666665,8.6,12.2,0.7,1.2,1.2,1.0,1.2,3.7,0.333,0.0,11.0,11.0,1.2,1.2,0.0,0.0,0.0,3.7,4.9,19.5,-9.8,33.4,0,0,33.0,1,1,13086,1,8251,5523,13231,3045,13258,20594,1,12525,8556,13132,14058,1904,4410,18947,14280,12854,8263,8846,8207,4320,8312,17784,12299,2246,150,11661,1,29:28
2024-25,1626166,Cameron Payne,Cameron,1610612752,NYK,New York Knicks,0022401151,2025-04-08T00:00:00,NYK vs. BOS,L,14.433333333333334,7.5,17.5,0.429,2.5,7.5,0.333,0.0,0.0,0.0,0.0,0.0,0.0,5.0,5.0,0.0,0.0,0.0,7.5,2.5,17.5,0.0,20.0,0,0,24.9,1,13222,1,13222,19928,7804,5292,13735,8160,7442,9209,13505,14344,13505,14058,22137,23286,7491,2354,12854,8263,8846,1655,11008,10368,12240,21190,2246,150,17732,1,14:26
2024-25,1630604,E.J. Liddell,E.J.,1610612741,CHI,Chicago Bulls,0022401147,2025-04-08T00:00:00,CHI @ CLE,L,9.783333333333333,11.0,14.7,0.75,0.0,3.7,0.0,0.0,0.0,0.0,7.4,3.7,11.0,0.0,0.0,0.0,0.0,0.0,0.0,0.0,22.1,-25.8,35.3,0,0,33.1,1,13222,1,13222,22179,2225,9019,2107,15070,16263,15070,13505,14344,13505,1006,14701,4373,19908,16469,12854,8263,8846,20257,17725,6144,22976,10852,2246,150,11556,1,9:47
2024-25,203110,Draymond Green,Draymond,1610612744,GSW,Golden State Warriors,0022401154,2025-04-08T00:00:00,GSW @ PHX,W,20.366666666666667,1.8,7.1,0.25,1.8,3.5,0.5,3.5,3.5,1.0,0.0,3.5,3.5,7.1,5.3,3.5,0.0,0.0,1.8,1.8,8.8,33.6,29.0,0,0,28.3,1,1,13086,1,15741,21803,21474,20233,11198,16577,3944,6629,8818,1,14058,15125,18475,3927,2000,2199,8263,8846,16314,14043,19238,1561,15496,2246,150,15220,1,20:22
2024-25,1630692,Jordan Goodwin,Jordan,1610612747,LAL,Los Angeles Lakers,0022401153,2025-04-08T00:00:00,LAL @ OKC,L,12.616666666666667,5.7,14.3,0.4,5.7,11.4,0.5,0.0,0.0,0.0,0.0,11.4,11.4,2.9,2.9,0.0,0.0,0.0,2.9,0.0,17.1,-14.3,32.2,0,0,37.1,1,13222,1,13222,20936,12396,9744,14933,1554,2161,3944,13505,14344,13505,14058,1690,4041,13432,7014,12854,8263,8846,11392,17725,10716,19605,13131,2246,150,8660,1,12:37
2024-25,1629013,Landry Shamet,Landry,1610612752,NYK,New York Knicks,0022401151,2025-04-08T00:00:00,NYK vs. BOS,L,6.5,5.5,11.1,0.5,5.5,5.5,1.0,0.0,0.0,0.0,0.0,11.1,11.1,0.0,0.0,0.0,0.0,5.5,0.0,0.0,16.6,16.6,29.9,0,0,33.2,1,13222,1,13222,23365,12880,15229,8526,1704,11870,1,13505,14344,13505,14058,1867,4337,19908,16469,12854,8263,277,20257,17725,11256,5031,14864,2246,150,11458,1,6:30
2024-25,1627814,Damion Lee,Damion,1610612756,PHX,Phoenix Suns,0022401154,2025-04-08T00:00:00,PHX vs. GSW,L,9.066666666666666,11.9,19.9,0.6,7.9,15.9,0.5,0.0,0.0,0.0,0.0,7.9,7.9,0.0,7.9,0.0,0.0,0.0,4.0,0.0,31.8,-35.7,33.4,0,0,47.6,1,13222,1,13222,22424,1578,3058,5394,472,534,3944,13505,14344,13505,14058,4791,8379,19908,601,12854,8263,8846,7212,17725,1574,24498,12299,2246,150,3266,1,9:04
2024-25,1630540,Miles McBride,Miles,1610612752,NYK,New York Knicks,0022401151,2025-04-08T00:00:00,NYK vs. BOS,L,20.626666666666665,3.5,8.7,0.4,1.7,7.0,0.25,0.0,0.0,0.0,5.2,3.5,8.7,1.7,0.0,1.7,0.0,0.0,5.2,1.7,8.7,5.2,27.1,0,0,24.4,1,13222,1,13222,15551,18345,19142,14933,11266,8496,11902,13505,14344,13505,2159,15267,7132,17245,16469,7463,8263,8846,4137,14131,19324,9990,16897,2246,150,18050,1,20:38
2024-25,1628969,Mikal Bridges,Mikal,1610612752,NYK,New York Knicks,0022401151,2025-04-08T00:00:00,NYK vs. BOS,L,37.815,5.7,14.3,0.4,1.9,5.7,0.333,0.0,0.0,0.0,1.0,2.9,3.8,3.8,1.9,0.0,1.0,0.0,3.8,0.0,13.3,-1.9,24.6,0,0,24.8,1,13222,1,13222,1503,12380,9723,14933,10615,11418,9209,13505,14344,13505,13629,17221,17800,10476,11017,12854,7812,8846,7711,17725,14716,13982,18565,2246,150,17852,1,37:49
2024-25,1641763,Julian Phillips,Julian,1610612741,CHI,Chicago Bulls,0022401147,2025-04-08T00:00:00,CHI @ CLE,L,18.783333333333335,5.7,11.5,0.5,1.9,3.8,0.5,0.0,0.0,0.0,1.9,1.9,3.8,1.9,1.9,0.0,1.9,1.9,3.8,0.0,13.4,-23.0,24.7,0,0,24.9,1,13222,1,13222,16980,12269,14471,8526,10558,15927,3944,13505,14344,13505,8750,19927,17740,16688,10959,12854,3715,3486,7641,17725,14604,22337,18475,2246,150,17744,1,18:47
2024-25,1627827,Dorian Finney-Smith,Dorian,1610612747,LAL,Los Angeles Lakers,0022401153,2025-04-08T00:00:00,LAL @ OKC,L,31.716666666666665,4.5,9.1,0.5,4.5,9.1,0.5,0.0,0.0,0.0,0.0,2.3,2.3,2.3,0.0,0.0,1.1,0.0,1.1,0.0,13.6,-14.8,23.2,0,0,25.0,1,13222,1,13222,6220,15652,18595,8526,2996,4699,3944,13505,14344,13505,14058,18857,21272,15352,16469,12854,6576,8846,18891,17725,14362,19807,19459,2246,150,17706,1,31:43
2024-25,1642354,KJ Simpson,KJ,1610612766,CHA,Charlotte Hornets,0022401146,2025-04-08T00:00:00,CHA vs. MEM,L,15.4,7.0,21.0,0.333,2.3,11.7,0.2,0.0,0.0,0.0,0.0,4.7,4.7,4.7,0.0,0.0,0.0,2.3,4.7,0.0,16.4,-49.1,29.0,0,0,28.1,1,13222,1,13222,19307,8894,2316,17395,8712,1968,13429,13505,14344,13505,14058,11780,15624,8242,16469,12854,8263,2355,5349,17725,11540,25360,15498,2246,150,15386,1,15:24
2024-25,1627826,Ivica Zubac,Ivica,1610612746,LAC,LA Clippers,0022401155,2025-04-08T00:00:00,LAC vs. SAS,W,38.69166666666667,10.2,15.8,0.647,0.0,0.0,0.0,1.9,1.9,1.0,7.4,11.2,18.6,4.7,1.9,0.9,0.0,0.0,1.9,2.8,22.3,11.2,52.6,1,0,47.5,1,1,13086,1,1015,2986,7394,4571,15070,20945,15070,11089,13090,1,976,1817,773,8304,11270,12509,8263,8846,15886,9993,5985,7153,2572,1,150,3324,1,38:42
2024-25,203507,Giannis Antetokounmpo,Giannis,1610612749,MIL,Milwaukee Bucks,0022401152,2025-04-08T00:00:00,MIL vs. MIN,W,37.65,8.6,14.3,0.6,1.0,1.9,0.5,3.8,10.5,0.364,2.9,9.6,12.4,9.6,0.0,1.0,1.0,0.0,0.0,6.7,22.0,24.9,57.0,1,1,48.8,1,1,13086,1,1602,5422,9629,5394,14765,19717,3944,6032,1181,13131,5672,2952,3172,1669,16469,12300,7773,8846,20257,1904,6225,2846,1641,1,1,2902,1,37:39
2024-25,1630188,Jalen Smith,Jalen,1610612741,CHI,Chicago Bulls,0022401147,2025-04-08T00:00:00,CHI @ CLE,L,31.883333333333333,4.5,11.3,0.4,1.1,5.6,0.2,4.5,5.6,0.8,2.3,9.0,11.3,2.3,2.3,1.1,1.1,0.0,0.0,3.4,14.7,-11.3,36.1,1,0,33.9,1,13222,1,13222,6069,15726,14843,14933,13774,11589,13429,4808,4979,7681,7388,3486,4148,15404,9270,10777,6616,8846,20257,7992,13215,18437,10280,1,150,10949,1,31:53
2024-25,1631114,Jalen Williams,Jalen,1610612760,OKC,Oklahoma City Thunder,0022401153,2025-04-08T00:00:00,OKC vs. LAL,W,34.77333333333333,11.4,21.7,0.524,1.0,4.1,0.25,3.1,3.1,1.0,3.1,1.0,4.1,4.1,1.0,0.0,0.0,2.1,3.1,3.1,26.9,18.6,37.1,0,0,36.2,1,1,13086,1,3637,1951,1935,8439,14337,15250,11902,7526,9707,1,5122,21912,16971,9546,15600,12854,8263,3003,10256,8870,3244,4369,9653,2246,150,9198,1,34:46
2024-25,1630526,Jeremiah Robinson-Earl,Jeremiah,1610612740,NOP,New Orleans Pelicans,0022401150,2025-04-08T00:00:00,NOP @ BKN,L,18.433333333333334,2.0,9.8,0.2,2.0,5.9,0.333,0.0,0.0,0.0,3.9,13.7,17.6,3.9,2.0,2.0,0.0,3.9,0.0,0.0,5.9,9.8,36.7,0,0,33.2,1,13222,1,13222,17258,21490,17445,21401,10376,11051,9209,13505,14344,13505,3714,828,996,10210,10767,6487,8263,683,20257,17725,21484,7809,9881,2246,150,11496,1,18:26
2024-25,1642264,Stephon Castle,Stephon,1610612759,SAS,San Antonio Spurs,0022401155,2025-04-08T00:00:00,SAS @ LAC,L,32.31666666666667,5.6,7.8,0.714,1.1,2.2,0.5,8.9,13.4,0.667,0.0,1.1,1.1,8.9,4.5,0.0,2.2,0.0,2.2,10.0,21.2,-22.3,38.1,0,0,36.8,1,13222,1,13222,5711,12794,20538,2752,13873,19120,3944,1033,550,9425,14058,21725,23062,2099,3063,12854,2890,8846,13970,409,6949,22157,8964,2246,150,8870,1,32:19
2024-25,1629659,Talen Horton-Tucker,Talen,1610612741,CHI,Chicago Bulls,0022401147,2025-04-08T00:00:00,CHI @ CLE,L,30.283333333333335,7.1,13.1,0.545,2.4,5.9,0.4,3.6,3.6,1.0,0.0,2.4,2.4,3.6,1.2,0.0,0.0,1.2,1.2,3.6,20.2,-10.7,27.2,0,0,28.5,1,13222,1,13222,7510,8623,11723,7695,8560,10829,7874,6561,8754,1,14058,18555,21052,11185,14529,12854,8263,6347,18599,7487,7731,18184,16807,2246,150,15046,1,30:17
2024-25,1641810,Antonio Reeves,Antonio,1610612740,NOP,New Orleans Pelicans,0022401150,2025-04-08T00:00:00,NOP @ BKN,L,29.583333333333332,6.1,17.0,0.357,4.9,12.2,0.4,3.7,3.7,1.0,1.2,2.4,3.7,2.4,1.2,2.4,0.0,0.0,2.4,3.7,20.7,1.2,34.8,0,0,36.5,1,13222,1,13222,8157,11266,5762,17140,2461,1682,7874,6385,8581,1,11678,18376,18204,14760,14313,4578,8263,8846,13056,7260,7326,11997,11194,2246,150,9042,1,29:35
2024-25,201950,Jrue Holiday,Jrue,1610612738,BOS,Boston Celtics,0022401151,2025-04-08T00:00:00,BOS @ NYK,W,37.266666666666666,4.8,8.7,0.556,1.9,3.9,0.5,3.9,4.8,0.8,1.0,2.9,3.9,2.9,1.0,1.9,0.0,1.0,2.9,2.9,15.5,5.8,29.3,0,0,28.0,1,1,13086,1,1815,14859,19206,7248,10493,15871,3944,5947,6239,7681,13526,17092,17671,13285,16055,6609,8263,8216,11198,9597,12456,9701,15309,2246,150,15413,1,37:16
2024-25,1628991,Jaren Jackson Jr.,Jaren,1610612763,MEM,Memphis Grizzlies,0022401146,2025-04-08T00:00:00,MEM @ CHA,W,26.566666666666666,4.1,13.6,0.3,1.4,8.1,0.167,9.5,9.5,1.0,2.7,4.1,6.8,1.4,2.7,2.7,0.0,0.0,4.1,5.4,19.0,17.6,34.6,0,0,33.9,1,1,13086,1,10668,16940,10921,19363,12629,6217,14236,846,1604,1,6072,13526,10584,18482,7499,3884,8263,8846,6951,3448,8887,4703,11408,2246,150,10945,1,26:34
2024-25,1626164,Devin Booker,Devin,1610612756,PHX,Phoenix Suns,0022401154,2025-04-08T00:00:00,PHX vs. GSW,L,29.583333333333332,8.5,20.7,0.412,0.0,6.1,0.0,8.5,8.5,1.0,1.2,2.4,3.7,4.9,6.1,0.0,1.2,2.4,0.0,4.9,25.6,-38.9,34.8,0,0,36.5,1,13222,1,13222,8157,5579,2523,14791,15070,10478,15070,1176,2176,1,11678,18376,18204,7762,1330,12854,6068,2148,20257,4356,3904,24771,11194,2246,150,9042,1,29:35
2024-25,1630175,Cole Anthony,Cole,1610612753,ORL,Orlando Magic,0022401149,2025-04-08T00:00:00,ORL vs. ATL,W,10.251666666666667,0.0,3.5,0.0,0.0,0.0,0.0,3.5,7.0,0.5,3.5,3.5,7.0,7.0,0.0,0.0,0.0,0.0,7.0,3.5,3.5,-24.6,22.5,0,0,17.6,1,1,13086,1,22010,22635,24309,22635,15070,20945,15070,6684,3345,10625,4361,15206,10111,3991,16469,12854,8263,8846,1961,7634,22770,22716,19893,2246,150,22053,1,10:15
2024-25,1627777,Georges Niang,Georges,1610612737,ATL,Atlanta Hawks,0022401149,2025-04-08T00:00:00,ATL @ ORL,L,19.816666666666666,7.3,18.2,0.4,1.8,9.1,0.2,0.0,0.0,0.0,0.0,1.8,1.8,0.0,3.6,0.0,1.8,0.0,5.4,1.8,16.3,-3.6,20.3,0,0,23.6,1,13222,1,13222,16160,8300,4487,14933,11010,4696,13429,13505,14344,13505,14058,20199,22135,19908,4705,12854,4018,8846,3777,13867,11550,14864,21003,2246,150,18600,1,19:49
2024-25,1642261,Dalton Knecht,Dalton,1610612747,LAL,Los Angeles Lakers,0022401153,2025-04-08T00:00:00,LAL @ OKC,L,14.05,2.6,10.2,0.25,2.6,5.1,0.5,0.0,0.0,0.0,0.0,7.7,7.7,0.0,0.0,0.0,0.0,2.6,0.0,0.0,7.7,-2.6,16.9,0,0,17.9,1,13222,1,13222,20169,20343,16648,20233,7938,12889,3944,13505,14344,13505,14058,5178,8819,19908,16469,12854,8263,1926,20257,17725,20170,14339,22524,2246,150,21900,1,14:03
2024-25,1631207,Dalen Terry,Dalen,1610612741,CHI,Chicago Bulls,0022401147,2025-04-08T00:00:00,CHI @ CLE,L,24.233333333333334,4.5,11.9,0.375,1.5,7.4,0.2,3.0,3.0,1.0,0.0,4.5,4.5,1.5,3.0,1.5,0.0,0.0,5.9,1.5,13.4,-16.3,22.4,0,0,23.8,1,13222,1,13222,12695,15908,13788,16299,12096,7544,13429,7890,10043,1,14058,12385,16158,18037,6586,8474,8263,8846,3024,15058,14659,20392,19910,2246,150,18483,1,24:14
2024-25,1641716,Jarace Walker,Jarace,1610612754,IND,Indiana Pacers,0022401148,2025-04-08T00:00:00,IND vs. WAS,W,5.116666666666666,0.0,14.1,0.0,0.0,14.1,0.0,0.0,0.0,0.0,0.0,7.0,7.0,0.0,0.0,0.0,0.0,0.0,14.1,0.0,0.0,-28.1,8.4,0,0,7.0,1,1,13086,1,23934,22635,10052,22635,15070,905,15070,13505,14344,13505,14058,6296,10087,19908,16469,12854,8263,8846,281,17725,23200,23464,24638,2246,150,24888,1,5:07
2024-25,1628436,Luke Kornet,Luke,1610612738,BOS,Boston Celtics,0022401151,2025-04-08T00:00:00,BOS @ NYK,W,18.885,0.0,5.7,0.0,0.0,0.0,0.0,3.8,3.8,1.0,5.7,0.0,5.7,1.9,3.8,1.9,1.9,3.8,7.6,5.7,3.8,11.4,21.2,0,0,19.1,1,1,13086,1,16914,22635,22886,22635,15070,20945,15070,6059,8217,1,1802,22137,12970,16730,4287,6735,3749,725,1558,3012,22647,7041,20617,2246,150,21368,1,18:53
2024-25,1641736,Reece Beekman,Reece,1610612751,BKN,Brooklyn Nets,0022401150,2025-04-08T00:00:00,BKN vs. NOP,W,31.033333333333335,0.0,3.5,0.0,0.0,0.0,0.0,0.0,0.0,0.0,2.3,2.3,4.6,11.6,1.2,3.5,0.0,0.0,3.5,0.0,0.0,16.2,32.2,0,0,23.2,1,1,13086,1,6853,22635,24318,22635,15070,20945,15070,13505,14344,13505,7174,18699,15727,813,14726,2262,8263,8846,8800,17725,23200,5160,13128,2246,150,18860,1,31:02
2024-25,1641740,Jaylen Clark,Jaylen,1610612750,MIN,Minnesota Timberwolves,0022401152,2025-04-08T00:00:00,MIN @ MIL,L,3.845,0.0,0.0,0.0,0.0,0.0,0.0,0.0,0.0,0.0,0.0,0.0,0.0,9.4,0.0,0.0,0.0,0.0,9.4,0.0,0.0,9.4,14.0,0,0,9.4,1,13222,1,13222,24567,22635,24836,22635,15070,20945,15070,13505,14344,13505,14058,22137,23286,1779,16469,12854,8263,8846,853,17725,23200,8012,23490,2246,150,24545,1,3:51
2024-25,1628379,Luke Kennard,Luke,1610612763,MEM,Memphis Grizzlies,0022401146,2025-04-08T00:00:00,MEM @ CHA,W,16.1,0.0,6.7,0.0,0.0,6.7,0.0,0.0,0.0,0.0,2.2,2.2,4.5,2.2,0.0,0.0,0.0,0.0,4.5,0.0,0.0,-4.5,8.7,0,0,6.7,1,1,13086,1,18858,22635,21888,22635,15070,9091,15070,13505,14344,13505,7469,18966,16118,15494,16469,12854,8263,8846,5837,17725,23200,15312,24611,2246,150,24925,1,16:06
2024-25,203486,Mason Plumlee,Mason,1610612756,PHX,Phoenix Suns,0022401154,2025-04-08T00:00:00,PHX vs. GSW,L,12.0,3.0,3.0,1.0,0.0,0.0,0.0,3.0,6.0,0.5,3.0,6.0,9.0,6.0,0.0,0.0,0.0,0.0,12.0,3.0,9.0,-12.0,28.8,0,0,24.0,1,13222,1,13222,21228,19415,24488,1,15070,20945,15070,7799,4464,10625,5329,8311,6730,5485,16469,12854,8263,8846,423,9236,19078,18731,15629,2246,150,18317,1,12:00
2024-25,1627739,Kris Dunn,Kris,1610612746,LAC,LA Clippers,0022401155,2025-04-08T00:00:00,LAC vs. SAS,W,27.875,2.6,7.7,0.333,2.6,5.2,0.5,0.0,0.0,0.0,0.0,1.3,1.3,3.9,0.0,3.9,0.0,0.0,2.6,0.0,7.7,12.9,26.7,0,0,23.2,1,1,13086,1,9651,20301,20600,17395,7885,12787,3944,13505,14344,13505,14058,21298,22822,10297,16469,1766,8263,8846,12484,17725,20130,6431,17129,2246,150,18840,1,27:53
2024-25,1631157,Ryan Rollins,Ryan,1610612749,MIL,Milwaukee Bucks,0022401152,2025-04-08T00:00:00,MIL vs. MIN,W,22.766666666666666,3.2,7.9,0.4,1.6,1.6,1.0,0.0,0.0,0.0,1.6,1.6,3.2,6.3,1.6,0.0,0.0,1.6,1.6,0.0,7.9,-17.4,19.6,0,0,19.0,1,1,13086,1,13894,19079,20406,14933,11750,20191,1,13505,14344,13505,9995,20716,19333,4992,12416,12854,8263,4485,16929,17725,19991,20741,21360,2246,150,21404,1,22:46
2024-25,1641710,Anthony Black,Anthony,1610612753,ORL,Orlando Magic,0022401149,2025-04-08T00:00:00,ORL vs. ATL,W,21.116666666666667,5.1,11.9,0.429,1.7,3.4,0.5,1.7,1.7,1.0,0.0,1.7,1.7,3.4,0.0,0.0,1.7,1.7,5.1,3.4,13.6,-10.2,25.9,0,0,23.9,1,1,13086,1,15206,14044,13703,13735,11388,16849,3944,11401,13290,1,14058,20450,22296,11661,16469,12854,4281,4133,4350,7919,14341,17986,17676,2246,150,18424,1,21:07
2024-25,1630198,Isaiah Joe,Isaiah,1610612760,OKC,Oklahoma City Thunder,0022401153,2025-04-08T00:00:00,OKC vs. LAL,W,11.79,3.1,3.1,1.0,3.1,3.1,1.0,0.0,0.0,0.0,0.0,3.1,3.1,3.1,0.0,0.0,0.0,0.0,0.0,0.0,9.2,-3.1,17.4,0,0,18.3,1,1,13086,1,21381,19313,24475,1,6340,17546,1,13505,14344,13505,14058,16540,19576,12752,16469,12854,8263,8846,20257,17725,18934,14594,22338,2246,150,21704,1,11:47
2024-25,1630572,Sandro Mamukelashvili,Sandro,1610612759,SAS,San Antonio Spurs,0022401155,2025-04-08T00:00:00,SAS @ LAC,L,23.35,4.6,10.8,0.429,3.1,9.3,0.333,0.0,0.0,0.0,1.5,1.5,3.1,0.0,3.1,0.0,0.0,0.0,3.1,0.0,12.3,-24.7,13.0,0,0,18.5,1,13222,1,13222,13419,15428,15709,13735,6260,4453,9209,13505,14344,13505,10149,20792,19514,19908,6174,12854,8263,8846,10338,17725,15780,22739,23782,2246,150,21628,1,23:21
2024-25,1626145,Tyus Jones,Tyus,1610612756,PHX,Phoenix Suns,0022401154,2025-04-08T00:00:00,PHX vs. GSW,L,15.633333333333333,2.3,11.5,0.2,0.0,6.9,0.0,0.0,0.0,0.0,0.0,2.3,2.3,6.9,0.0,2.3,0.0,0.0,0.0,0.0,4.6,-29.9,24.6,0,0,18.4,1,13222,1,13222,19175,20847,14448,21401,15070,8648,15070,13505,14344,13505,14058,18752,21197,4119,16469,5027,8263,8846,20257,17725,22230,23724,18529,2246,150,21662,1,15:38
2024-25,1631255,Karlo Matković,Karlo,1610612740,NOP,New Orleans Pelicans,0022401150,2025-04-08T00:00:00,NOP @ BKN,L,26.133333333333333,11.0,15.2,0.727,0.0,2.8,0.0,1.4,2.8,0.5,0.0,5.5,5.5,1.4,4.1,1.4,2.8,0.0,4.1,1.4,23.4,24.8,40.4,0,0,38.6,1,13222,1,13222,11058,2241,8332,2666,15070,18153,15070,12079,10598,10625,14058,9499,13509,18411,3603,9025,2013,8846,6731,15538,5186,2863,7533,2246,150,7653,1,26:08
2024-25,1641732,Colby Jones,Colby,1610612764,WAS,Washington Wizards,0022401148,2025-04-08T00:00:00,WAS @ IND,L,31.533333333333335,0.0,4.6,0.0,0.0,2.3,0.0,2.3,2.3,1.0,0.0,5.7,5.7,3.4,2.3,1.1,1.1,0.0,5.7,3.4,2.3,-21.7,18.8,0,0,16.0,1,13222,1,13222,6391,22635,23761,22635,15070,19018,15070,9677,11831,1,14058,9020,12993,11618,9148,10658,6530,8846,3375,7877,23119,22009,21742,2246,150,22716,1,31:32
2024-25,1631097,Bennedict Mathurin,Bennedict,1610612754,IND,Indiana Pacers,0022401148,2025-04-08T00:00:00,IND vs. WAS,W,26.9,6.7,16.1,0.417,1.3,6.7,0.2,8.0,9.4,0.857,1.3,4.0,5.4,2.7,0.0,0.0,0.0,2.7,4.0,6.7,22.8,13.4,33.2,0,0,32.1,1,1,13086,1,10417,9703,7036,14532,12697,9115,13429,1401,1678,7071,11021,13674,13911,13973,16469,12854,8263,1779,7095,1906,5662,6234,12437,2246,150,12282,1,26:54
2024-25,1628384,OG Anunoby,OG,1610612752,NYK,New York Knicks,0022401151,2025-04-08T00:00:00,NYK vs. BOS,L,41.333333333333336,4.4,11.3,0.385,0.0,4.4,0.0,2.6,5.2,0.5,2.6,4.4,7.0,0.9,3.5,1.7,1.7,0.9,0.0,2.6,11.3,-6.1,28.0,0,0,26.1,1,13222,1,13222,320,16185,14792,16070,15070,14780,15070,8778,5561,10625,6317,12634,10201,19882,5047,7479,4190,8737,20257,10601,16870,16107,16264,2246,150,16849,1,41:20
2024-25,203992,Bogdan Bogdanović,Bogdan,1610612746,LAC,LA Clippers,0022401155,2025-04-08T00:00:00,LAC vs. SAS,W,25.533333333333335,9.9,15.5,0.636,2.8,4.2,0.667,4.2,5.6,0.75,0.0,2.8,2.8,5.6,1.4,0.0,0.0,1.4,0.0,2.8,26.8,-1.4,37.2,0,0,38.1,1,1,13086,1,11556,3377,7809,4689,7161,15052,1957,5292,4983,8186,14058,17334,20198,6162,13222,12854,8263,5137,20257,9891,3304,13763,9516,2246,150,7982,1,25:32
2024-25,1629020,Jarred Vanderbilt,Jarred,1610612747,LAL,Los Angeles Lakers,0022401153,2025-04-08T00:00:00,LAL @ OKC,L,19.983333333333334,5.4,9.0,0.6,0.0,0.0,0.0,3.6,7.2,0.5,14.4,7.2,21.6,1.8,5.4,0.0,3.6,1.8,5.4,3.6,14.4,-30.6,48.5,0,0,45.0,1,13222,1,13222,16026,13263,18700,5394,15070,20945,15070,6482,3163,10625,150,5984,358,17077,1894,12854,1145,3898,3845,7383,13492,23833,3818,2246,150,4250,1,19:59
2024-25,203944,Julius Randle,Julius,1610612750,MIN,Minnesota Timberwolves,0022401152,2025-04-08T00:00:00,MIN @ MIL,L,35.13333333333333,3.1,8.2,0.375,1.0,3.1,0.333,2.0,2.0,1.0,1.0,6.1,7.2,6.1,5.1,1.0,0.0,0.0,4.1,2.0,9.2,-16.4,25.0,0,0,25.6,1,13222,1,13222,3358,19264,19946,16299,14396,17500,9209,10463,12576,1,13057,8006,9806,5249,2202,11719,8263,8846,6840,12844,18880,20409,18286,2246,150,17199,1,35:08
2024-25,1630551,Justin Champagnie,Justin,1610612764,WAS,Washington Wizards,0022401148,2025-04-08T00:00:00,WAS @ IND,L,35.0,8.2,13.4,0.615,4.1,6.2,0.667,0.0,0.0,0.0,4.1,9.3,13.4,0.0,0.0,0.0,0.0,0.0,3.1,1.0,20.6,3.1,36.6,1,0,38.1,1,13222,1,13222,3460,6146,11188,5246,3749,10258,1957,13505,14344,13505,3419,3247,2565,19908,16469,12854,8263,8846,10325,17278,7422,11070,9943,1,150,7989,1,35:00
2024-25,203484,Kentavious Caldwell-Pope,Kentavious,1610612753,ORL,Orlando Magic,0022401149,2025-04-08T00:00:00,ORL vs. ATL,W,32.583333333333336,5.5,8.8,0.625,3.3,6.6,0.5,2.2,3.3,0.667,0.0,3.3,3.3,2.2,1.1,3.3,0.0,0.0,0.0,2.2,16.6,16.6,32.7,0,0,32.0,1,1,13086,1,5492,12922,18961,4899,5615,9257,3944,9910,9272,9425,14058,15749,18957,15592,15104,2536,8263,8846,20257,12120,11308,5049,12797,2246,150,12356,1,32:35
2024-25,1628975,Jevon Carter,Jevon,1610612741,CHI,Chicago Bulls,0022401147,2025-04-08T00:00:00,CHI @ CLE,L,33.63333333333333,4.3,16.1,0.267,2.1,9.6,0.222,0.0,0.0,0.0,0.0,1.1,1.1,3.2,1.1,4.3,0.0,0.0,1.1,1.1,10.7,-19.3,28.6,0,0,25.7,1,13222,1,13222,4603,16367,7043,20170,9503,3931,13288,13505,14344,13505,14058,21824,23124,12261,15331,1388,8263,8846,19272,17059,17470,21334,15811,2246,150,17146,1,33:38
2024-25,1626167,Myles Turner,Myles,1610612754,IND,Indiana Pacers,0022401148,2025-04-08T00:00:00,IND vs. WAS,W,35.03333333333333,4.1,13.4,0.308,1.0,7.2,0.143,5.1,8.2,0.625,4.1,7.2,11.3,1.0,2.1,0.0,5.1,1.0,0.0,6.2,14.4,-5.1,42.9,1,0,38.0,1,1,13086,1,3435,16821,11204,19226,14376,8056,14649,3835,2371,10271,3434,6013,4137,19595,10238,12854,482,7687,20257,2430,13516,15670,6194,1,150,8018,1,35:02
2024-25,1628978,Donte DiVincenzo,Donte,1610612750,MIN,Minnesota Timberwolves,0022401152,2025-04-08T00:00:00,MIN @ MIL,L,27.633333333333333,11.7,19.5,0.6,7.8,13.0,0.6,0.0,1.3,0.0,1.3,2.6,3.9,2.6,3.9,0.0,0.0,0.0,3.9,2.6,31.3,9.1,36.0,0,0,45.6,1,13222,1,13222,9840,1708,3316,5394,510,1287,2992,13505,13725,13505,11189,17934,17548,14196,4070,12854,8263,8846,7418,10622,1706,8123,10396,2246,150,3979,1,27:38
2024-25,1629640,Keldon Johnson,Keldon,1610612759,SAS,San Antonio Spurs,0022401155,2025-04-08T00:00:00,SAS @ LAC,L,22.116666666666667,9.8,14.6,0.667,0.0,3.3,0.0,0.0,0.0,0.0,1.6,8.1,9.8,3.3,1.6,0.0,0.0,0.0,1.6,0.0,19.5,-21.2,34.5,0,0,32.6,1,13222,1,13222,14402,3515,9134,3281,15070,17166,15070,13505,14344,13505,9820,4504,5721,12135,12226,12854,8263,8846,16787,17725,8331,21875,11441,2246,150,11969,1,22:07
2024-25,1628976,Wendell Carter Jr.,Wendell,1610612753,ORL,Orlando Magic,0022401149,2025-04-08T00:00:00,ORL vs. ATL,W,36.86666666666667,5.9,8.8,0.667,1.0,2.9,0.333,3.9,5.9,0.667,4.9,3.9,8.8,2.0,3.9,5.9,2.9,0.0,2.0,5.9,16.6,11.7,52.5,0,0,45.9,1,1,13086,1,2081,11924,19045,3281,14672,17802,9209,5867,4671,9425,2473,14004,7048,16548,4074,512,1775,8846,15392,2805,11282,6922,2582,2246,150,3860,1,36:52
2024-25,1627752,Taurean Prince,Taurean,1610612749,MIL,Milwaukee Bucks,0022401152,2025-04-08T00:00:00,MIL vs. MIN,W,24.8,4.4,13.1,0.333,1.5,8.7,0.167,0.0,0.0,0.0,0.0,2.9,2.9,1.5,1.5,0.0,0.0,1.5,0.0,1.5,10.2,-21.8,14.4,0,0,16.0,1,1,13086,1,12175,16185,11749,17395,12246,5252,14236,13505,14344,13505,14058,17077,19991,18172,13005,12854,8263,4979,20257,15236,17993,22019,23372,2246,150,22720,1,24:48
2024-25,1641727,Dariq Whitehead,Dariq,1610612751,BKN,Brooklyn Nets,0022401150,2025-04-08T00:00:00,BKN vs. NOP,W,24.633333333333333,7.3,13.2,0.556,5.8,10.2,0.571,0.0,0.0,0.0,0.0,2.9,2.9,2.9,1.5,2.9,0.0,1.5,4.4,0.0,20.5,11.7,35.7,0,0,38.0,1,1,13086,1,12343,8210,11577,7248,1436,3234,3506,13505,14344,13505,14058,16999,19930,13192,12950,3338,8263,4928,6055,17725,7537,6933,10611,2246,150,8031,1,24:38
2024-25,1629637,Jaxson Hayes,Jaxson,1610612747,LAL,Los Angeles Lakers,0022401153,2025-04-08T00:00:00,LAL @ OKC,L,26.683333333333334,4.0,5.4,0.75,0.0,0.0,0.0,1.3,2.7,0.5,2.7,5.4,8.1,2.7,1.3,0.0,2.7,1.3,2.7,5.4,9.4,-1.3,30.0,0,0,25.6,1,13222,1,13222,10574,16981,23184,2107,15070,20945,15070,12169,10750,10625,6108,9796,8108,13916,13573,12854,2086,5403,12053,3487,18691,13732,14833,2246,150,17187,1,26:41
2024-25,1642346,Ryan Dunn,Ryan,1610612756,PHX,Phoenix Suns,0022401154,2025-04-08T00:00:00,PHX vs. GSW,L,24.633333333333333,5.8,14.6,0.4,2.9,10.2,0.286,2.9,2.9,1.0,4.4,1.5,5.8,0.0,2.9,5.8,0.0,0.0,5.8,1.5,17.5,-23.4,39.2,0,0,38.0,1,13222,1,13222,12343,11968,9178,14933,6781,3234,11433,8028,10165,1,3072,20959,12650,19908,6752,516,8263,8846,3142,15174,10284,22441,8289,2246,150,8031,1,24:38
2024-25,1630296,Braxton Key,Braxton,1610612744,GSW,Golden State Warriors,0022401154,2025-04-08T00:00:00,GSW @ PHX,W,6.716666666666667,0.0,21.4,0.0,0.0,5.4,0.0,5.4,10.7,0.5,5.4,0.0,5.4,0.0,0.0,10.7,0.0,5.4,0.0,5.4,5.4,10.7,44.0,0,0,32.2,1,1,13086,1,23275,22635,2067,22635,15070,12304,15070,3573,1105,10625,2035,22137,13893,19908,16469,103,8263,304,20257,3533,21821,7362,5695,2246,150,12256,1,6:43
2024-25,1630583,Santi Aldama,Santi,1610612763,MEM,Memphis Grizzlies,0022401146,2025-04-08T00:00:00,MEM @ CHA,W,25.4,5.7,12.8,0.444,4.3,9.9,0.429,0.0,0.0,0.0,0.0,4.3,4.3,2.8,1.4,2.8,0.0,0.0,1.4,0.0,15.6,5.7,32.0,0,0,32.6,1,1,13086,1,11651,12503,12284,13045,3477,3587,7394,13505,14344,13505,14058,12960,16672,13484,13188,3584,8263,8846,17553,17725,12336,9769,13297,2246,150,11939,1,25:24
2024-25,1630241,Sam Merrill,Sam,1610612739,CLE,Cleveland Cavaliers,0022401147,2025-04-08T00:00:00,CLE vs. CHI,W,21.566666666666666,5.0,8.3,0.6,5.0,8.3,0.6,0.0,0.0,0.0,0.0,3.3,3.3,5.0,1.7,5.0,0.0,0.0,1.7,3.3,15.0,11.7,39.9,0,0,38.4,1,1,13086,1,14874,14371,19725,5394,2263,5836,2992,13505,14344,13505,14058,15670,18892,7457,12049,897,8263,8846,16628,8127,12879,6937,7824,2246,150,7775,1,21:34
2024-25,1631260,AJ Green,AJ,1610612749,MIL,Milwaukee Bucks,0022401152,2025-04-08T00:00:00,MIL vs. MIN,W,23.2,4.7,9.3,0.5,4.7,9.3,0.5,0.0,0.0,0.0,0.0,6.2,6.2,1.6,1.6,0.0,0.0,0.0,4.7,1.6,14.0,34.1,22.2,0,0,26.4,1,1,13086,1,13550,15347,18257,8526,2802,4367,3944,13505,14344,13505,14058,7878,11810,17802,12541,12854,8263,8846,5395,14797,13974,1486,20033,2246,150,16641,1,23:12
2024-25,1631311,Lester Quinones,Lester,1610612740,NOP,New Orleans Pelicans,0022401150,2025-04-08T00:00:00,NOP @ BKN,L,19.716666666666665,1.8,11.0,0.167,1.8,9.1,0.2,0.0,0.0,0.0,0.0,3.7,3.7,5.5,1.8,0.0,0.0,0.0,5.5,0.0,5.5,12.8,16.3,0,0,16.4,1,13222,1,13222,16246,21713,15437,21938,10965,4632,13429,13505,14344,13505,14058,14785,18198,6473,11432,12854,8263,8846,3737,17725,21748,6484,22756,2246,150,22534,1,19:43
2024-25,1642345,Oso Ighodaro,Oso,1610612756,PHX,Phoenix Suns,0022401154,2025-04-08T00:00:00,PHX vs. GSW,L,21.133333333333333,3.4,10.2,0.333,0.0,0.0,0.0,0.0,0.0,0.0,6.8,5.1,11.9,0.0,1.7,3.4,0.0,1.7,0.0,1.7,6.8,-30.7,29.6,0,0,25.6,1,13222,1,13222,15195,18530,16697,17395,15070,20945,15070,13505,14344,13505,1220,10533,3564,19908,11902,2367,8263,4140,20257,14254,20854,23844,15059,2246,150,17245,1,21:08
2024-25,1641787,Tosan Evbuomwan,Tosan,1610612751,BKN,Brooklyn Nets,0022401150,2025-04-08T00:00:00,BKN vs. NOP,W,23.633333333333333,4.6,12.2,0.375,3.0,4.6,0.667,7.6,7.6,1.0,0.0,6.1,6.1,3.0,4.6,1.5,1.5,3.0,0.0,6.1,19.8,-19.8,36.3,0,0,38.1,1,1,13086,1,13200,15572,13284,16299,6353,14269,1957,1593,2800,1,14058,8115,12065,12773,2897,8303,4767,1288,20257,2510,8068,21493,10193,2246,150,7975,1,23:38
2024-25,1641717,Cason Wallace,Cason,1610612760,OKC,Oklahoma City Thunder,0022401153,2025-04-08T00:00:00,OKC vs. LAL,W,26.576666666666668,6.8,10.8,0.625,1.4,2.7,0.5,0.0,1.4,0.0,0.0,2.7,2.7,1.4,0.0,2.7,0.0,1.4,2.7,1.4,14.9,20.3,28.3,0,0,25.7,1,1,13086,1,10666,9489,15631,4899,12637,18245,3944,13505,13656,13505,14058,17669,20432,18484,16469,3888,8263,5383,12007,15650,13016,3859,15984,2246,150,17113,1,26:35
2024-25,201144,Mike Conley,Mike,1610612750,MIN,Minnesota Timberwolves,0022401152,2025-04-08T00:00:00,MIN @ MIL,L,27.8,2.6,7.8,0.333,1.3,3.9,0.333,0.0,0.0,0.0,1.3,3.9,5.2,3.9,0.0,0.0,0.0,0.0,0.0,0.0,6.5,-28.5,18.5,0,0,16.8,1,13222,1,13222,9716,20288,20565,17395,12878,15831,9209,13505,14344,13505,11218,14070,14314,10269,16469,12854,8263,8846,20257,17725,21067,23512,21881,2246,150,22369,1,27:48
2024-25,1630532,Franz Wagner,Franz,1610612753,ORL,Orlando Magic,0022401149,2025-04-08T00:00:00,ORL vs. ATL,W,39.68333333333333,7.3,18.1,0.4,1.8,6.4,0.286,3.6,3.6,1.0,0.9,4.5,5.4,5.4,1.8,1.8,0.9,0.9,1.8,2.7,20.0,0.9,41.0,0,0,38.1,1,1,13086,1,657,8321,4516,14933,11017,9875,11433,6433,8633,1,13876,12161,13694,6547,11482,7186,8060,8620,16112,10249,7955,12212,7172,2246,150,7960,1,39:41
2024-25,1626171,Bobby Portis,Bobby,1610612749,MIL,Milwaukee Bucks,0022401152,2025-04-08T00:00:00,MIL vs. MIN,W,28.666666666666668,8.8,18.8,0.467,2.5,7.5,0.333,2.5,2.5,1.0,3.8,8.8,12.6,1.3,0.0,2.5,1.3,1.3,2.5,2.5,22.6,12.6,50.9,1,0,46.5,1,1,13086,1,8958,5098,3899,12249,8107,7318,9209,9012,11178,1,3936,3735,3090,18820,16469,4345,5874,5902,12751,10947,5778,6580,3025,1,150,3668,1,28:40
2024-25,1628970,Miles Bridges,Miles,1610612766,CHA,Charlotte Hornets,0022401146,2025-04-08T00:00:00,CHA vs. MEM,L,30.033333333333335,4.8,15.6,0.308,2.4,7.2,0.333,4.8,4.8,1.0,0.0,7.2,7.2,3.6,3.6,0.0,1.2,1.2,2.4,4.8,16.8,-32.4,30.8,0,0,32.4,1,13222,1,13222,7755,14965,7721,19226,8500,8058,9209,4352,6308,1,14058,6016,9765,11097,4788,12854,6178,6273,13220,4511,11096,24077,14198,2246,150,12095,1,30:02
2024-25,1628971,Bruce Brown,Bruce,1610612740,NOP,New Orleans Pelicans,0022401150,2025-04-08T00:00:00,NOP @ BKN,L,19.716666666666665,7.3,12.8,0.571,1.8,1.8,1.0,0.0,0.0,0.0,0.0,5.5,5.5,1.8,0.0,0.0,0.0,0.0,0.0,0.0,16.4,-38.3,25.7,0,0,25.6,1,13222,1,13222,16246,8218,12243,6538,10965,19872,1,13505,14344,13505,14058,9595,13602,17010,16469,12854,8263,8846,20257,17725,11468,24728,17786,2246,150,17230,1,19:43
2024-25,1642443,Jahmir Young,Jahmir,1610612741,CHI,Chicago Bulls,0022401147,2025-04-08T00:00:00,CHI @ CLE,L,9.766666666666667,7.4,7.4,1.0,0.0,0.0,0.0,0.0,0.0,0.0,0.0,3.7,3.7,7.4,3.7,0.0,0.0,0.0,0.0,0.0,14.7,-25.8,26.5,0,0,25.8,1,13222,1,13222,22187,8070,21106,1,15070,20945,15070,13505,14344,13505,14058,14673,18102,3542,4580,12854,8263,8846,20257,17725,13158,22987,17270,2246,150,17071,1,9:46
2024-25,1626157,Karl-Anthony Towns,Karl-Anthony,1610612752,NYK,New York Knicks,0022401151,2025-04-08T00:00:00,NYK vs. BOS,L,42.61666666666667,11.8,17.7,0.667,0.8,2.5,0.333,4.2,5.9,0.714,1.7,10.1,11.8,1.7,0.0,0.8,0.8,0.8,3.4,7.6,28.7,0.8,50.5,1,0,46.5,1,13222,1,13222,188,1637,4967,3281,15039,18560,9209,5307,4593,9244,9616,2472,3635,17401,16469,12798,8199,8780,9157,1255,2515,12229,3127,1,150,3672,1,42:37
2024-25,1628998,Cody Martin,Cody,1610612756,PHX,Phoenix Suns,0022401154,2025-04-08T00:00:00,PHX vs. GSW,L,14.516666666666667,5.0,9.9,0.5,0.0,2.5,0.0,5.0,5.0,1.0,0.0,5.0,5.0,2.5,0.0,0.0,5.0,0.0,2.5,2.5,14.9,-19.8,39.4,0,0,32.2,1,13222,1,13222,19870,14513,17203,8526,15070,18666,15070,4106,6016,1,14058,11001,14905,14616,16469,12854,528,8846,12877,11064,13038,21506,8114,2246,150,12176,1,14:31
2024-25,1629234,Drew Eubanks,Drew,1610612746,LAC,LA Clippers,0022401155,2025-04-08T00:00:00,LAC vs. SAS,W,2.783333333333333,0.0,0.0,0.0,0.0,0.0,0.0,0.0,0.0,0.0,0.0,25.9,25.9,0.0,12.9,0.0,0.0,0.0,0.0,0.0,0.0,-12.9,18.1,0,0,25.9,1,1,13086,1,25072,22635,24836,22635,15070,20945,15070,13505,14344,13505,14058,72,177,19908,173,12854,8263,8846,20257,17725,23200,19103,22050,2246,150,17026,1,2:47
2024-25,1628404,Josh Hart,Josh,1610612752,NYK,New York Knicks,0022401151,2025-04-08T00:00:00,NYK vs. BOS,L,47.52333333333333,3.8,10.6,0.357,0.0,3.0,0.0,0.0,0.8,0.0,3.0,5.3,8.3,5.3,0.8,2.3,0.0,0.8,4.5,1.5,7.6,-3.8,31.6,1,0,25.8,1,13222,1,13222,19,17603,16040,17140,15070,17586,15070,13505,14342,13505,5267,10021,7716,6813,16466,5140,8263,8837,5681,14945,20263,14944,13619,1,150,17103,1,47:31
2024-25,1628370,Malik Monk,Malik,1610612758,SAC,Sacramento Kings,0022401144,2025-04-07T00:00:00,SAC @ DET,W,6.383333333333334,5.6,16.9,0.333,0.0,5.6,0.0,0.0,0.0,0.0,0.0,0.0,0.0,5.6,5.6,0.0,0.0,0.0,5.6,0.0,11.3,-11.3,14.1,0,0,16.9,1,1,13086,1,23420,12582,5891,17395,15070,11604,15070,13505,14344,13505,14058,22137,23286,6162,1686,12854,8263,8846,3483,17725,16911,18432,23469,2246,150,22344,1,6:23
2024-25,202692,Alec Burks,Alec,1610612748,MIA,Miami Heat,0022401145,2025-04-07T00:00:00,MIA vs. PHI,W,15.0,9.6,21.6,0.444,7.2,14.4,0.5,0.0,0.0,0.0,0.0,0.0,0.0,4.8,7.2,0.0,0.0,2.4,4.8,4.8,26.4,-19.2,26.4,0,0,38.4,1,1,13086,1,19560,3722,1984,13045,702,824,3944,13505,14344,13505,14058,22137,23286,7920,815,12854,8263,2220,5056,4500,3483,21305,17351,2246,150,7766,1,15:00
2024-25,201942,DeMar DeRozan,DeMar,1610612758,SAC,Sacramento Kings,0022401144,2025-04-07T00:00:00,SAC @ DET,W,36.821666666666665,13.7,25.4,0.538,1.0,5.9,0.167,7.8,9.8,0.8,1.0,2.9,3.9,2.0,2.0,0.0,1.0,0.0,2.9,4.9,36.2,14.7,44.8,0,0,45.0,1,1,13086,1,2115,793,742,7978,14668,11037,14236,1495,1468,7681,13440,16958,17543,16541,10752,12854,7641,8846,11015,4318,797,5756,5292,2246,150,4285,1,36:49
2024-25,203501,Tim Hardaway Jr.,Tim,1610612765,DET,Detroit Pistons,0022401144,2025-04-07T00:00:00,DET vs. SAC,L,34.65,6.2,15.6,0.4,4.2,11.4,0.364,3.1,3.1,1.0,0.0,0.0,0.0,2.1,2.1,0.0,0.0,0.0,0.0,2.1,19.7,-17.7,20.8,0,0,26.0,1,13222,1,13222,3736,10879,7716,14933,3663,2151,9100,7500,9679,1,14058,22137,23286,16086,10110,12854,8263,8846,20257,12723,8129,20829,20802,2246,150,16952,1,34:39
2024-25,1631204,Marcus Sasser,Marcus,1610612765,DET,Detroit Pistons,0022401144,2025-04-07T00:00:00,DET vs. SAC,L,10.25,10.5,17.6,0.6,3.5,7.0,0.5,3.5,3.5,1.0,3.5,0.0,3.5,10.5,0.0,0.0,0.0,0.0,10.5,3.5,28.1,28.1,48.1,0,0,45.7,1,13222,1,13222,22011,2676,5182,5394,5120,8416,3944,6679,8864,1,4357,22137,18520,1187,16469,12854,8263,8846,604,7625,2746,2251,3938,2246,150,3951,1,10:15
2024-25,1631323,Simone Fontecchio,Simone,1610612765,DET,Detroit Pistons,0022401144,2025-04-07T00:00:00,DET vs. SAC,L,8.133333333333333,4.4,13.3,0.333,0.0,8.9,0.0,0.0,0.0,0.0,4.4,4.4,8.9,0.0,4.4,4.4,0.0,0.0,0.0,0.0,8.9,-62.0,28.3,0,0,26.6,1,13222,1,13222,22768,15991,11341,17395,15070,5015,15070,13505,14344,13505,3018,12463,6944,19908,3107,1280,8263,8846,20257,17725,19216,25728,15971,2246,150,16497,1,8:08
2024-25,1627736,Malik Beasley,Malik,1610612765,DET,Detroit Pistons,0022401144,2025-04-07T00:00:00,DET vs. SAC,L,29.5,6.1,18.3,0.333,4.9,17.1,0.286,0.0,2.4,0.0,0.0,1.2,1.2,2.4,0.0,0.0,0.0,0.0,1.2,1.2,17.1,-12.2,22.2,0,0,25.6,1,13222,1,13222,8222,11225,4363,17395,2439,409,11433,13505,11359,13505,14058,21465,22917,14733,16469,12854,8263,8846,18422,16296,10760,18811,20023,2246,150,17192,1,29:30
2024-25,1626168,Trey Lyles,Trey,1610612758,SAC,Sacramento Kings,0022401144,2025-04-07T00:00:00,SAC @ DET,W,38.43333333333333,2.8,7.5,0.375,0.9,4.7,0.2,0.0,1.9,0.0,3.7,1.9,5.6,0.9,1.9,0.0,0.9,0.0,0.9,0.9,6.6,2.8,15.6,0,0,15.9,1,1,13086,1,1144,19856,20938,16299,14845,14005,13429,13505,13047,13505,3970,20035,13239,19824,11193,12854,7913,8846,20040,17590,21019,11218,22977,2246,150,22737,1,38:26
2024-25,1631105,Jalen Duren,Jalen,1610612765,DET,Detroit Pistons,0022401144,2025-04-07T00:00:00,DET vs. SAC,L,19.933333333333334,3.6,7.2,0.5,0.0,0.0,0.0,3.6,3.6,1.0,5.4,10.8,16.3,10.8,0.0,1.8,1.8,0.0,9.0,1.8,10.8,-10.8,57.4,0,0,45.2,1,13222,1,13222,16074,18055,21291,8526,15070,20945,15070,6467,8665,1,1997,1990,1338,1056,16469,7224,4048,8846,953,13911,17326,18246,1568,2246,150,4186,1,19:56
2024-25,1630215,Jared Butler,Jared,1610612755,PHI,Philadelphia 76ers,0022401145,2025-04-07T00:00:00,PHI @ MIA,L,25.243333333333332,4.3,8.6,0.5,0.0,0.0,0.0,2.9,2.9,1.0,0.0,4.3,4.3,5.7,0.0,5.7,1.4,0.0,1.4,2.9,11.4,4.3,46.5,0,0,35.7,1,13222,1,13222,11800,16377,19415,8526,15070,20945,15070,8208,10354,1,14058,12870,16590,6032,16469,570,5127,8846,17521,9763,16777,10494,4538,2246,150,9623,1,25:15
2024-25,1631170,Jaime Jaquez Jr.,Jaime,1610612748,MIA,Miami Heat,0022401145,2025-04-07T00:00:00,MIA vs. PHI,W,14.818333333333333,4.9,17.0,0.286,2.4,12.1,0.2,0.0,0.0,0.0,4.9,7.3,12.1,4.9,0.0,2.4,2.4,0.0,2.4,0.0,12.1,19.4,48.6,0,0,41.3,1,1,13086,1,19695,14782,5810,19630,8376,1701,13429,13505,14344,13505,2495,5846,3382,7780,16469,4598,2505,8846,13078,17725,15986,4129,3777,2246,150,6028,1,14:49
2024-25,1641737,Adem Bona,Adem,1610612755,PHI,Philadelphia 76ers,0022401145,2025-04-07T00:00:00,PHI @ MIA,L,34.63166666666667,7.3,11.4,0.636,0.0,0.0,0.0,2.1,4.2,0.5,5.2,6.2,11.4,1.0,4.2,1.0,2.1,1.0,3.1,2.1,16.6,-8.3,37.1,1,0,35.3,1,13222,1,13222,3762,8276,14604,4689,15070,20945,15070,10361,7506,10625,2198,7815,4026,19561,3567,11588,3260,7579,10204,12713,11237,17102,9623,1,150,9844,1,34:38
2024-25,1642269,Devin Carter,Devin,1610612758,SAC,Sacramento Kings,0022401144,2025-04-07T00:00:00,SAC @ DET,W,21.65,5.0,13.3,0.375,1.7,5.0,0.333,0.0,0.0,0.0,1.7,1.7,3.3,1.7,1.7,1.7,0.0,0.0,3.3,0.0,11.6,24.9,21.5,0,0,21.6,1,1,13086,1,14796,14414,11298,16299,11500,13226,9209,13505,14344,13505,9709,20534,18930,17469,12082,7754,8263,8846,9362,17725,16533,2835,20442,2246,150,19882,1,21:39
2024-25,1630528,Josh Christopher,Josh,1610612748,MIA,Miami Heat,0022401145,2025-04-07T00:00:00,MIA vs. PHI,W,0.81,0.0,44.4,0.0,0.0,44.4,0.0,0.0,0.0,0.0,0.0,0.0,0.0,0.0,0.0,0.0,0.0,0.0,0.0,0.0,0.0,-177.8,0.0,0,0,0.0,1,1,13086,1,26129,22635,52,22635,15070,9,15070,13505,14344,13505,14058,22137,23286,19908,16469,12854,8263,8846,20257,17725,23200,26274,25228,2246,150,25259,1,0:49
2024-25,1641796,Pelle Larsson,Pelle,1610612748,MIA,Miami Heat,0022401145,2025-04-07T00:00:00,MIA vs. PHI,W,26.226666666666667,5.5,8.2,0.667,2.7,4.1,0.667,2.7,5.5,0.5,0.0,4.1,4.1,2.7,0.0,4.1,0.0,0.0,1.4,2.7,16.5,-6.9,37.9,0,0,34.3,1,1,13086,1,10982,13004,19890,3281,7401,15305,1957,8471,5202,10625,14058,13362,17027,13767,16469,1525,8263,8846,17730,10172,11419,16453,9095,2246,150,10594,1,26:14
2024-25,1630191,Isaiah Stewart,Isaiah,1610612765,DET,Detroit Pistons,0022401144,2025-04-07T00:00:00,DET vs. SAC,L,28.066666666666666,2.6,7.7,0.333,1.3,3.8,0.333,3.8,5.1,0.75,3.8,9.0,12.8,5.1,0.0,0.0,2.6,0.0,3.8,3.8,10.3,-5.1,41.0,0,0,34.6,1,13222,1,13222,9490,20340,20657,17395,12921,15903,9209,5982,5709,8186,3810,3539,2923,7172,16469,12854,2267,8846,7609,6716,17894,15664,7148,2246,150,10347,1,28:04
2024-25,1629022,Lonnie Walker IV,Lonnie,1610612755,PHI,Philadelphia 76ers,0022401145,2025-04-07T00:00:00,PHI @ MIA,L,39.50666666666667,9.1,16.4,0.556,5.5,11.8,0.462,2.7,3.6,0.75,0.0,0.9,0.9,1.8,1.8,0.0,0.0,0.0,2.7,1.8,26.4,-7.3,28.4,0,0,34.6,1,13222,1,13222,719,4512,6546,7248,1769,1872,7119,8500,8595,8186,14058,22093,23259,17020,11446,12854,8263,8846,11900,13839,3467,16637,15919,2246,150,10352,1,39:30
2024-25,1629639,Tyler Herro,Tyler,1610612748,MIA,Miami Heat,0022401145,2025-04-07T00:00:00,MIA vs. PHI,W,32.67333333333333,8.8,15.4,0.571,2.2,4.4,0.5,2.2,3.3,0.667,0.0,5.5,5.5,2.2,7.7,1.1,0.0,2.2,1.1,2.2,22.0,5.5,27.5,0,0,34.2,1,1,13086,1,5421,5054,7931,6538,9226,14665,3944,9935,9295,9425,14058,9516,13521,15612,663,11008,8263,2632,19090,12150,6188,9841,16544,2246,150,10732,1,32:40
2024-25,1642352,Keshad Johnson,Keshad,1610612748,MIA,Miami Heat,0022401145,2025-04-07T00:00:00,MIA vs. PHI,W,0.81,0.0,0.0,0.0,0.0,0.0,0.0,0.0,0.0,0.0,0.0,0.0,0.0,0.0,0.0,0.0,0.0,0.0,44.4,0.0,0.0,-177.8,0.0,0,0,0.0,1,1,13086,1,26129,22635,24836,22635,15070,20945,15070,13505,14344,13505,14058,22137,23286,19908,16469,12854,8263,8846,16,17725,23200,26274,25228,2246,150,25259,1,0:49
2024-25,203471,Dennis Schröder,Dennis,1610612765,DET,Detroit Pistons,0022401144,2025-04-07T00:00:00,DET vs. SAC,L,32.016666666666666,1.1,4.5,0.25,1.1,2.2,0.5,2.2,4.5,0.5,1.1,2.2,3.4,2.2,1.1,0.0,0.0,0.0,2.2,2.2,5.6,-21.4,11.9,0,0,12.4,1,13222,1,13222,5953,22563,23808,20233,13810,19087,3944,9786,6847,10625,12300,18924,18820,15441,14982,12854,8263,8846,13885,11945,21650,21930,24025,2246,150,23905,1,32:01
2024-25,1630658,Colin Castleton,Colin,1610612755,PHI,Philadelphia 76ers,0022401145,2025-04-07T00:00:00,PHI @ MIA,L,13.368333333333334,2.7,8.1,0.333,0.0,0.0,0.0,5.4,5.4,1.0,8.1,8.1,16.2,8.1,0.0,0.0,0.0,2.7,0.0,2.7,10.8,-10.8,42.3,0,0,35.0,1,13222,1,13222,20555,20108,20124,17395,15070,20945,15070,3545,5335,1,761,4596,1377,2807,16469,12854,8263,1754,20257,10335,17396,18220,6485,2246,150,10088,1,13:22
2024-25,203926,Doug McDermott,Doug,1610612758,SAC,Sacramento Kings,0022401144,2025-04-07T00:00:00,SAC @ DET,W,2.9833333333333334,0.0,0.0,0.0,0.0,0.0,0.0,0.0,0.0,0.0,0.0,12.1,12.1,0.0,0.0,0.0,0.0,0.0,0.0,0.0,0.0,-36.2,14.5,0,0,12.1,1,1,13086,1,24995,22635,24836,22635,15070,20945,15070,13505,14344,13505,14058,1316,3434,19908,16469,12854,8263,8846,20257,17725,23200,24541,23335,2246,150,23958,1,2:59
2024-25,1642024,Alex Reese,Alex,1610612755,PHI,Philadelphia 76ers,0022401145,2025-04-07T00:00:00,PHI @ MIA,L,6.26,5.8,23.0,0.25,5.8,23.0,0.25,0.0,0.0,0.0,0.0,11.5,11.5,0.0,0.0,0.0,0.0,0.0,5.8,0.0,17.3,-69.0,31.1,0,0,34.5,1,13222,1,13222,23476,12264,1382,20233,1525,144,11902,13505,14344,13505,14058,1627,3944,19908,16469,12854,8263,8846,3317,17725,10573,25871,14021,2246,150,10441,1,6:16
2024-25,1641709,Ausar Thompson,Ausar,1610612765,DET,Detroit Pistons,0022401144,2025-04-07T00:00:00,DET vs. SAC,L,29.2,8.6,16.0,0.538,1.2,1.2,1.0,0.0,0.0,0.0,2.5,2.5,4.9,6.2,0.0,3.7,1.2,1.2,6.2,4.9,18.5,16.0,48.5,0,0,40.7,1,13222,1,13222,8496,5381,7076,7978,13185,20577,1,13505,14344,13505,6731,18281,14975,5228,16469,1965,5980,6036,2747,4235,9325,5239,3825,2246,150,6389,1,29:12
2024-25,1642276,Kel'el Ware,Kel'el,1610612748,MIA,Miami Heat,0022401145,2025-04-07T00:00:00,MIA vs. PHI,W,34.58166666666666,8.3,16.7,0.5,0.0,2.1,0.0,3.1,4.2,0.75,4.2,13.5,17.7,2.1,0.0,1.0,1.0,0.0,2.1,2.1,19.8,11.5,50.4,1,0,43.7,1,1,13086,1,3804,5929,6235,8526,15070,19395,15070,7485,7485,8186,3347,869,966,16058,16469,11575,7186,8846,14689,12696,8094,7034,3157,1,150,4825,1,34:35
2024-25,1630595,Cade Cunningham,Cade,1610612765,DET,Detroit Pistons,0022401144,2025-04-07T00:00:00,DET vs. SAC,L,32.88333333333333,14.2,23.0,0.619,1.1,4.4,0.25,8.8,12.0,0.727,1.1,2.2,3.3,5.5,4.4,2.2,0.0,2.2,2.2,6.6,38.3,-9.9,52.7,0,0,52.5,1,13222,1,13222,5255,641,1384,5227,13971,14733,11902,1087,754,9223,12508,19099,19024,6480,3176,5441,8263,2670,14140,2012,578,17815,2546,2246,150,1918,1,32:53
2024-25,1629130,Duncan Robinson,Duncan,1610612748,MIA,Miami Heat,0022401145,2025-04-07T00:00:00,MIA vs. PHI,W,25.55,9.9,11.3,0.875,7.0,8.5,0.833,2.8,2.8,1.0,0.0,2.8,2.8,1.4,0.0,0.0,1.4,0.0,1.4,4.2,29.6,22.5,39.3,0,0,43.7,1,1,13086,1,11534,3386,14884,1353,743,5663,1341,8297,10436,1,14058,17343,20202,18313,16469,12854,5194,8846,17587,5768,2245,3357,8190,2246,150,4842,1,25:33
2024-25,202685,Jonas Valančiūnas,Jonas,1610612758,SAC,Sacramento Kings,0022401144,2025-04-07T00:00:00,SAC @ DET,W,12.55,5.7,14.3,0.4,0.0,0.0,0.0,17.2,17.2,1.0,17.2,17.2,34.4,2.9,2.9,0.0,2.9,2.9,8.6,11.5,28.7,11.5,80.0,1,0,71.7,1,1,13086,1,20962,12304,9629,14933,15070,20945,15070,117,218,1,91,318,53,13380,6962,12854,1861,1506,1094,241,2534,7022,191,1,150,287,1,12:33
2024-25,1641741,Ricky Council IV,Ricky,1610612755,PHI,Philadelphia 76ers,0022401145,2025-04-07T00:00:00,PHI @ MIA,L,19.433333333333334,1.9,11.1,0.167,0.0,3.7,0.0,5.6,9.3,0.6,5.6,3.7,9.3,3.7,5.6,0.0,0.0,0.0,0.0,5.6,9.3,-16.7,20.4,0,0,22.2,1,13222,1,13222,16470,21659,15166,21938,15070,16205,15070,3357,1735,10343,1907,14615,6366,10777,1766,12854,8263,8846,20257,3255,18851,20502,20992,2246,150,19534,1,19:26
2024-25,200768,Kyle Lowry,Kyle,1610612755,PHI,Philadelphia 76ers,0022401145,2025-04-07T00:00:00,PHI @ MIA,L,20.223333333333333,3.6,8.9,0.4,1.8,7.1,0.25,0.0,0.0,0.0,0.0,1.8,1.8,1.8,0.0,0.0,0.0,0.0,1.8,0.0,8.9,-10.7,13.7,0,0,14.2,1,13222,1,13222,15848,18174,18866,14933,11145,8218,11902,13505,14344,13505,14058,20300,22191,17148,16469,12854,8263,8846,16271,17725,19177,18173,23574,2246,150,23344,1,20:13
2024-25,1631165,Keon Ellis,Keon,1610612758,SAC,Sacramento Kings,0022401144,2025-04-07T00:00:00,SAC @ DET,W,36.861666666666665,1.0,2.0,0.5,0.0,1.0,0.0,0.0,0.0,0.0,2.0,3.9,5.9,0.0,0.0,2.9,0.0,0.0,2.9,3.9,2.0,8.8,17.8,0,0,13.7,1,1,13086,1,2091,22622,24767,8526,15070,20879,15070,13505,14344,13505,8603,14003,12612,19908,16469,3323,8263,8846,11035,6544,23158,8283,22189,2246,150,23511,1,36:52
2024-25,1630558,Davion Mitchell,Davion,1610612748,MIA,Miami Heat,0022401145,2025-04-07T00:00:00,MIA vs. PHI,W,35.49,5.1,12.2,0.417,0.0,1.0,0.0,2.0,2.0,1.0,1.0,3.0,4.1,9.1,1.0,1.0,1.0,1.0,5.1,2.0,12.2,27.4,35.8,0,0,29.4,1,1,13086,1,3084,14171,13298,14532,15070,20850,15070,10541,12642,1,13136,16573,17168,1916,15754,11819,7390,7783,4443,12945,15957,2360,10503,2246,150,14388,1,35:29
2024-25,1642403,Isaac Jones,Isaac,1610612758,SAC,Sacramento Kings,0022401144,2025-04-07T00:00:00,SAC @ DET,W,4.35,0.0,0.0,0.0,0.0,0.0,0.0,0.0,0.0,0.0,0.0,8.3,8.3,0.0,0.0,0.0,0.0,0.0,0.0,0.0,0.0,-24.8,9.9,0,0,8.3,1,1,13086,1,24306,22635,24836,22635,15070,20945,15070,13505,14344,13505,14058,4312,7801,19908,16469,12854,8263,8846,20257,17725,23200,22771,24432,2246,150,24725,1,4:21
2024-25,1641720,Jalen Hood-Schifino,Jalen,1610612755,PHI,Philadelphia 76ers,0022401145,2025-04-07T00:00:00,PHI @ MIA,L,20.01,0.0,3.6,0.0,0.0,3.6,0.0,0.0,0.0,0.0,0.0,3.6,3.6,1.8,0.0,0.0,0.0,0.0,1.8,1.8,0.0,-14.4,7.0,0,0,5.4,1,13222,1,13222,16010,22635,24270,22635,15070,16444,15070,13505,14344,13505,14058,14937,18332,17088,16469,12854,8263,8846,16193,13942,23200,19652,24819,2246,150,25069,1,20:01
2024-25,1629312,Haywood Highsmith,Haywood,1610612748,MIA,Miami Heat,0022401145,2025-04-07T00:00:00,MIA vs. PHI,W,28.866666666666667,3.7,12.5,0.3,3.7,10.0,0.375,0.0,0.0,0.0,2.5,1.2,3.7,0.0,1.2,0.0,0.0,0.0,2.5,0.0,11.2,-10.0,14.5,0,0,18.7,1,1,13086,1,8793,17731,12775,19363,4594,3509,8800,13505,14344,13505,6622,21406,17956,19908,14112,12854,8263,8846,12818,17725,16976,17882,23339,2246,150,21533,1,28:52
2024-25,203937,Kyle Anderson,Kyle,1610612748,MIA,Miami Heat,0022401145,2025-04-07T00:00:00,MIA vs. PHI,W,25.173333333333332,5.7,8.6,0.667,0.0,0.0,0.0,0.0,0.0,0.0,1.4,10.0,11.4,8.6,1.4,0.0,2.9,0.0,1.4,1.4,11.4,31.5,45.2,0,0,37.2,1,1,13086,1,11855,12356,19384,3281,15070,20945,15070,13505,14344,13505,10628,2579,4019,2359,13110,12854,1868,8846,17511,15324,16741,1785,5086,2246,150,8594,1,25:10
2024-25,1641842,Ronald Holland II,Ronald,1610612765,DET,Detroit Pistons,0022401144,2025-04-07T00:00:00,DET vs. SAC,L,15.366666666666667,4.7,7.0,0.667,0.0,0.0,0.0,2.3,2.3,1.0,2.3,7.0,9.4,2.3,2.3,2.3,0.0,2.3,4.7,2.3,11.7,18.7,31.2,0,0,28.1,1,13222,1,13222,19327,15269,21527,3281,15070,20945,15070,9473,11649,1,7110,6312,6229,15074,8891,4887,8263,2347,5319,11573,16435,4330,13937,2246,150,15351,1,15:22
2024-25,1630542,Marcus Bagley,Marcus,1610612755,PHI,Philadelphia 76ers,0022401145,2025-04-07T00:00:00,PHI @ MIA,L,23.433333333333334,3.1,12.3,0.25,0.0,3.1,0.0,3.1,3.1,1.0,3.1,6.1,9.2,0.0,1.5,1.5,1.5,3.1,1.5,3.1,9.2,-3.1,28.0,0,0,24.6,1,13222,1,13222,13361,19268,13099,20233,15070,17501,15070,7614,9790,1,5187,8010,6415,19908,12593,8248,4732,1260,17095,8985,18885,14608,16262,2246,150,17960,1,23:26
2024-25,1629656,Quentin Grimes,Quentin,1610612755,PHI,Philadelphia 76ers,0022401145,2025-04-07T00:00:00,PHI @ MIA,L,37.89,10.5,23.8,0.44,3.8,10.5,0.364,2.9,5.7,0.5,1.0,6.7,7.6,5.7,2.9,1.0,0.0,1.9,2.9,3.8,27.6,-5.7,45.2,0,0,46.6,1,13222,1,13222,1450,2758,1133,13537,4433,3024,9100,8212,4885,10625,13650,6995,8974,6040,7026,12347,8263,3544,11420,6851,2955,15922,5075,2246,150,3647,1,37:53
2024-25,1627734,Domantas Sabonis,Domantas,1610612758,SAC,Sacramento Kings,0022401144,2025-04-07T00:00:00,SAC @ DET,W,35.45,7.1,11.2,0.636,0.0,0.0,0.0,5.1,5.1,1.0,4.1,11.2,15.2,10.2,2.0,0.0,1.0,1.0,4.1,6.1,19.3,6.1,53.8,1,1,46.7,1,1,13086,1,3112,8685,15070,4689,15070,20945,15070,3921,5787,1,3509,1815,1671,1360,10361,12854,7383,7767,6969,2511,8557,9573,2246,1,1,3588,1,35:27
2024-25,203897,Zach LaVine,Zach,1610612758,SAC,Sacramento Kings,0022401144,2025-04-07T00:00:00,SAC @ DET,W,44.516666666666666,12.9,22.6,0.571,6.5,8.9,0.727,2.4,3.2,0.75,0.0,2.4,2.4,3.2,0.8,0.8,0.0,1.6,3.2,2.4,34.8,4.9,44.2,0,0,48.5,1,1,13086,1,70,1055,1528,6538,1017,4969,1855,9255,9447,8186,14058,18410,20948,12188,16451,12833,8263,4388,9722,11243,995,10187,5603,2246,150,2985,1,44:31
2024-25,1641824,Matas Buzelis,Matas,1610612741,CHI,Chicago Bulls,0022401133,2025-04-06T00:00:00,CHI @ CHA,W,23.816666666666666,6.0,12.1,0.5,3.0,4.5,0.667,0.0,3.0,0.0,3.0,3.0,6.0,1.5,1.5,0.0,1.5,1.5,4.5,3.0,15.1,7.6,27.7,0,0,28.7,1,1,13086,1,13062,11378,13431,8526,6426,14348,1957,13505,9920,13505,5284,16638,12173,17933,12692,12854,4800,4731,5696,9154,12790,8858,16453,2246,150,14913,1,23:49
2024-25,1627777,Georges Niang,Georges,1610612737,ATL,Atlanta Hawks,0022401136,2025-04-06T00:00:00,ATL vs. UTA,W,18.966666666666665,3.8,9.5,0.4,3.8,9.5,0.4,0.0,0.0,0.0,0.0,1.9,1.9,7.6,3.8,0.0,0.0,0.0,3.8,0.0,11.4,-1.9,21.3,0,0,24.7,1,1,13086,1,16851,17575,17966,14933,4451,4122,7874,13505,14344,13505,14058,19979,22005,3294,4329,12854,8263,8846,7750,17725,16807,13978,20564,2246,150,17908,1,18:58
2024-25,1631311,Lester Quinones,Lester,1610612740,NOP,New Orleans Pelicans,0022400617,2025-04-06T00:00:00,NOP vs. MIL,L,24.666666666666668,8.8,14.6,0.6,5.8,7.3,0.8,1.5,1.5,1.0,0.0,1.5,1.5,4.4,2.9,0.0,0.0,0.0,2.9,4.4,24.8,-2.9,30.2,0,0,36.5,1,13222,1,13222,12303,5163,9207,5394,1440,7822,1389,11879,13524,1,14058,20964,22618,8934,6771,12854,8263,8846,11095,5405,4302,14527,14659,2246,150,9057,1,24:40
2024-25,1631095,Jabari Smith Jr.,Jabari,1610612745,HOU,Houston Rockets,0022401143,2025-04-06T00:00:00,HOU @ GSW,W,27.1,9.3,13.3,0.7,2.7,6.6,0.4,0.0,0.0,0.0,4.0,8.0,12.0,1.3,4.0,0.0,0.0,0.0,2.7,1.3,21.3,12.0,33.6,0,0,37.2,1,1,13086,1,10268,4204,11331,3045,7662,9236,7874,13505,14344,13505,3616,4748,3530,18568,3910,12854,8263,8846,12214,15768,6874,6814,12107,2246,150,8588,1,27:06
2024-25,201572,Brook Lopez,Brook,1610612749,MIL,Milwaukee Bucks,0022400617,2025-04-06T00:00:00,MIL @ NOP,W,34.33166666666666,8.4,16.8,0.5,2.1,6.3,0.333,2.1,2.1,1.0,5.2,7.3,12.6,3.1,0.0,0.0,4.2,1.0,0.0,1.0,21.0,8.4,53.4,1,0,47.2,1,1,13086,1,3988,5822,6076,8526,9695,9996,9209,10300,12430,1,2151,5763,3075,12492,16469,12854,817,7506,20257,17176,7100,8445,2361,1,150,3407,1,34:20
2024-25,1630541,Moses Moody,Moses,1610612744,GSW,Golden State Warriors,0022401143,2025-04-06T00:00:00,GSW vs. HOU,L,14.083333333333334,2.6,17.9,0.143,2.6,10.2,0.25,0.0,5.1,0.0,2.6,5.1,7.7,0.0,0.0,5.1,0.0,2.6,2.6,2.6,7.7,-28.1,32.2,0,0,28.1,1,13222,1,13222,20151,20355,4813,22260,7952,3242,11902,13505,5733,13505,6460,10523,8844,19908,16469,827,8263,1942,12579,10776,20182,23453,13167,2246,150,15346,1,14:05
2024-25,1631200,Kris Murray,Kris,1610612757,POR,Portland Trail Blazers,0022401139,2025-04-06T00:00:00,POR vs. SAS,W,32.65,7.7,12.1,0.636,1.1,3.3,0.333,3.3,3.3,1.0,1.1,4.4,5.5,4.4,1.1,1.1,0.0,1.1,2.2,2.2,19.8,11.0,35.3,0,0,33.1,1,1,13086,1,5446,7232,13365,4689,13928,17051,9209,7093,9289,1,12448,12499,13504,8850,15116,10999,8263,7023,14071,12140,8032,7224,10881,2246,150,11596,1,32:39
2024-25,1630540,Miles McBride,Miles,1610612752,NYK,New York Knicks,0022401140,2025-04-06T00:00:00,NYK vs. PHX,W,15.716666666666667,6.9,13.7,0.5,4.6,9.2,0.5,0.0,0.0,0.0,0.0,0.0,0.0,4.6,0.0,4.6,0.0,2.3,4.6,0.0,18.3,9.2,38.9,0,0,36.6,1,1,13086,1,19121,9243,10581,8526,2922,4590,3944,13505,14344,13505,14058,22137,23286,8449,16469,1163,8263,2451,5589,17725,9493,8107,8454,2246,150,8948,1,15:43
2024-25,1641721,Maxwell Lewis,Maxwell,1610612751,BKN,Brooklyn Nets,0022401134,2025-04-06T00:00:00,BKN vs. TOR,L,27.016666666666666,8.0,16.0,0.5,1.3,5.3,0.25,0.0,0.0,0.0,2.7,2.7,5.3,1.3,1.3,1.3,2.7,1.3,4.0,0.0,17.3,-20.0,36.4,0,0,33.3,1,13222,1,13222,10318,6644,7131,8526,12725,12388,11902,13505,14344,13505,6193,17781,13971,18559,13662,9291,2131,5487,7152,17725,10509,21546,10094,2246,150,11392,1,27:01
2024-25,1629640,Keldon Johnson,Keldon,1610612759,SAS,San Antonio Spurs,0022401139,2025-04-06T00:00:00,SAS @ POR,L,20.633333333333333,1.7,19.2,0.091,0.0,5.2,0.0,0.0,0.0,0.0,5.2,3.5,8.7,1.7,1.7,0.0,5.2,3.5,3.5,1.7,3.5,-34.9,30.5,0,0,24.4,1,13222,1,13222,15533,21840,3600,22599,15070,12625,15070,13505,14344,13505,2161,15270,7134,17248,11766,12854,460,921,8779,14132,22781,24394,14409,2246,150,18058,1,20:38
2024-25,1626145,Tyus Jones,Tyus,1610612756,PHX,Phoenix Suns,0022401140,2025-04-06T00:00:00,PHX @ NYK,L,19.95,1.8,9.0,0.2,1.8,9.0,0.2,3.6,3.6,1.0,1.8,5.4,7.2,3.6,1.8,1.8,0.0,0.0,0.0,1.8,9.0,-14.4,26.7,0,0,25.3,1,13222,1,13222,16058,21747,18681,21401,11059,4786,13429,6472,8670,1,9221,9745,9708,11059,11530,7234,8263,8846,20257,13917,19055,19677,17151,2246,150,17462,1,19:57
2024-25,1629673,Jordan Poole,Jordan,1610612764,WAS,Washington Wizards,0022401137,2025-04-06T00:00:00,WAS @ BOS,L,26.031666666666666,8.3,19.4,0.429,2.8,12.4,0.222,1.4,2.8,0.5,1.4,1.4,2.8,6.9,1.4,0.0,0.0,1.4,4.1,2.8,20.7,-38.7,33.1,0,0,33.2,1,13222,1,13222,11143,5985,3453,13735,7336,1555,13288,12061,10570,10625,10828,21122,20327,4115,13386,12854,8263,5250,6696,10085,7279,24758,12552,2246,150,11507,1,26:02
2024-25,201143,Al Horford,Al,1610612738,BOS,Boston Celtics,0022401137,2025-04-06T00:00:00,BOS vs. WAS,W,27.833333333333332,5.2,15.5,0.333,3.9,10.3,0.375,0.0,0.0,0.0,2.6,10.3,12.9,5.2,1.3,0.0,0.0,0.0,0.0,2.6,14.2,29.7,36.2,1,0,36.2,1,1,13086,1,9684,13883,7797,17395,4240,3105,8800,13505,14344,13505,6381,2324,2843,7078,13834,12854,8263,8846,20257,10681,13697,2002,10224,1,150,9213,1,27:50
2024-25,1642266,Ja'Kobe Walter,Ja'Kobe,1610612761,TOR,Toronto Raptors,0022401134,2025-04-06T00:00:00,TOR @ BKN,W,17.75,4.1,12.2,0.333,4.1,12.2,0.333,4.1,4.1,1.0,4.1,6.1,10.1,4.1,4.1,4.1,2.0,2.0,6.1,2.0,16.2,16.2,48.7,0,0,46.6,1,1,13086,1,17741,16959,13303,17395,3878,1682,9209,5595,7724,1,3514,8134,5280,9784,3768,1578,3400,3134,2838,12946,11692,5173,3752,2246,150,3609,1,17:45
2024-25,1630625,Dalano Banton,Dalano,1610612757,POR,Portland Trail Blazers,0022401139,2025-04-06T00:00:00,POR vs. SAS,W,31.821666666666665,7.9,18.1,0.438,2.3,7.9,0.286,4.5,6.8,0.667,1.1,1.1,2.3,6.8,1.1,1.1,0.0,0.0,0.0,3.4,22.6,1.1,37.8,0,0,36.2,1,1,13086,1,6136,6815,4558,13558,9001,6589,11433,4793,3576,9425,12252,21679,21288,4306,14926,10756,8263,8846,20257,7967,5757,12061,9168,2246,150,9223,1,31:49
2024-25,1629614,Andrew Nembhard,Andrew,1610612754,IND,Indiana Pacers,0022401142,2025-04-06T00:00:00,IND @ DEN,W,32.545,8.8,15.5,0.571,0.0,5.5,0.0,3.3,4.4,0.75,1.1,3.3,4.4,6.6,0.0,2.2,0.0,0.0,4.4,2.2,21.0,1.1,42.9,0,0,36.5,1,1,13086,1,5526,4971,7842,6538,15070,11888,15070,7068,6986,8186,12421,15739,16228,4523,16469,5350,8263,8846,5956,12107,7068,12076,6166,2246,150,9050,1,32:33
2024-25,1630581,Josh Giddey,Josh,1610612741,CHI,Chicago Bulls,0022401133,2025-04-06T00:00:00,CHI @ CHA,W,33.733333333333334,7.5,13.9,0.538,2.1,6.4,0.333,7.5,8.5,0.875,2.1,8.5,10.7,8.5,5.3,1.1,0.0,0.0,1.1,7.5,24.5,14.9,48.0,1,0,48.0,1,1,13086,1,4498,7837,10390,7978,9534,9741,9209,1684,2162,6931,7831,4003,4745,2387,1969,11321,8263,8846,19298,1340,4460,5649,3965,1,150,3130,1,33:44
2024-25,1627747,Caris LeVert,Caris,1610612737,ATL,Atlanta Hawks,0022401136,2025-04-06T00:00:00,ATL vs. UTA,W,28.383333333333333,8.9,17.8,0.5,3.8,6.3,0.6,5.1,6.3,0.8,1.3,5.1,6.3,7.6,2.5,1.3,0.0,2.5,1.3,5.1,26.6,7.6,46.9,0,0,46.9,1,1,13086,1,9227,4918,4941,8526,4420,9882,2992,3927,4077,7681,11372,10653,11519,3272,8091,9661,8263,1977,18181,3964,3372,8824,4340,2246,150,3510,1,28:23
2024-25,1628380,Zach Collins,Zach,1610612741,CHI,Chicago Bulls,0022401133,2025-04-06T00:00:00,CHI @ CHA,W,15.25,4.7,14.2,0.333,0.0,4.7,0.0,0.0,0.0,0.0,7.1,11.8,18.9,4.7,0.0,0.0,0.0,2.4,9.4,2.4,9.4,-26.0,39.2,0,0,33.0,1,1,13086,1,19408,15186,9897,17395,15070,13907,15070,13505,14344,13505,1109,1465,719,8129,16469,12854,8263,2308,831,11494,18692,23019,8278,2246,150,11622,1,15:15
2024-25,1629011,Mitchell Robinson,Mitchell,1610612752,NYK,New York Knicks,0022401140,2025-04-06T00:00:00,NYK vs. PHX,W,12.716666666666667,2.8,5.7,0.5,0.0,0.0,0.0,0.0,0.0,0.0,2.8,2.8,5.7,2.8,2.8,2.8,2.8,0.0,8.5,0.0,5.7,-11.3,30.9,0,0,25.5,1,1,13086,1,20884,19807,22933,8526,15070,20945,15070,13505,14344,13505,5779,17292,13129,13494,7110,3596,1903,8846,1137,17725,21619,18445,14164,2246,150,17300,1,12:43
2024-25,1630249,Vít Krejčí,Vít,1610612737,ATL,Atlanta Hawks,0022401136,2025-04-06T00:00:00,ATL vs. UTA,W,23.633333333333333,9.1,9.1,1.0,7.6,7.6,1.0,0.0,0.0,0.0,3.0,1.5,4.6,7.6,1.5,1.5,0.0,0.0,1.5,1.5,25.9,18.3,45.9,0,0,48.7,1,1,13086,1,13200,4462,18494,1,547,7144,1,13505,14344,13505,5235,20825,15879,3263,12647,8303,8263,8846,17134,14906,3733,4467,4805,2246,150,2906,1,23:38
2024-25,2544,LeBron James,LeBron,1610612747,LAL,Los Angeles Lakers,0022401135,2025-04-06T00:00:00,LAL @ OKC,W,34.25,9.5,16.8,0.563,1.1,1.1,1.0,0.0,0.0,0.0,2.1,1.1,3.2,7.4,2.1,1.1,0.0,0.0,0.0,1.1,20.0,7.4,35.8,0,0,33.6,1,1,13086,1,4058,3939,6014,7127,14245,20806,1,13505,14344,13505,7940,21875,19357,3563,9987,11481,8263,8846,20257,17166,7942,8957,10478,2246,150,11127,1,34:15
2024-25,1631133,Jabari Walker,Jabari,1610612757,POR,Portland Trail Blazers,0022401139,2025-04-06T00:00:00,POR vs. SAS,W,21.265,6.8,8.5,0.8,1.7,3.4,0.5,1.7,3.4,0.5,1.7,5.1,6.8,0.0,1.7,0.0,0.0,0.0,0.0,3.4,16.9,11.9,23.4,0,0,25.4,1,1,13086,1,15107,9491,19546,1688,11420,16893,3944,11428,9126,10625,9601,10641,10590,19908,11944,12854,8263,8846,20257,7994,10929,6860,19335,2246,150,17363,1,21:16
2024-25,1641794,Dillon Jones,Dillon,1610612760,OKC,Oklahoma City Thunder,0022401135,2025-04-06T00:00:00,OKC vs. LAL,L,5.783333333333333,0.0,0.0,0.0,0.0,0.0,0.0,0.0,0.0,0.0,24.9,6.2,31.1,6.2,12.4,0.0,0.0,0.0,0.0,6.2,0.0,-6.2,34.2,0,0,37.3,1,13222,1,13222,23675,22635,24836,22635,15070,20945,15070,13505,14344,13505,31,7836,74,5117,192,12854,8263,8846,20257,2354,23200,16172,11624,2246,150,8472,1,5:47
2024-25,1629636,Darius Garland,Darius,1610612739,CLE,Cleveland Cavaliers,0022401138,2025-04-06T00:00:00,CLE vs. SAC,L,31.55,4.6,14.8,0.308,1.1,8.0,0.143,0.0,0.0,0.0,0.0,3.4,3.4,8.0,3.4,1.1,0.0,0.0,0.0,0.0,10.3,-10.3,26.4,0,0,25.1,1,13222,1,13222,6376,15589,8847,19226,13702,6469,14649,13505,14344,13505,14058,15448,18718,2899,5175,10667,8263,8846,20257,17725,17888,18007,17378,2246,150,17603,1,31:33
2024-25,1626157,Karl-Anthony Towns,Karl-Anthony,1610612752,NYK,New York Knicks,0022401140,2025-04-06T00:00:00,NYK vs. PHX,W,36.416666666666664,6.9,12.9,0.538,0.0,3.0,0.0,4.9,5.9,0.833,2.0,10.9,12.9,1.0,1.0,1.0,1.0,0.0,3.0,4.0,18.8,15.8,40.6,1,0,36.6,1,1,13086,1,2394,9126,12129,7978,15070,17729,15070,4127,4570,7275,8491,1969,2912,19707,15915,12047,7547,8846,10867,6443,9044,5320,7378,1,150,8997,1,36:25
2024-25,1631221,Collin Gillespie,Collin,1610612756,PHX,Phoenix Suns,0022401140,2025-04-06T00:00:00,PHX @ NYK,L,18.133333333333333,0.0,11.9,0.0,0.0,4.0,0.0,0.0,0.0,0.0,4.0,4.0,7.9,7.9,0.0,6.0,0.0,2.0,2.0,2.0,0.0,-13.9,39.3,0,0,27.8,1,13222,1,13222,17482,22635,13735,22635,15070,15641,15070,13505,14344,13505,3636,13810,8379,2949,16469,487,8263,3271,15229,13144,23200,19462,8194,2246,150,15586,1,18:08
2024-25,203078,Bradley Beal,Bradley,1610612756,PHX,Phoenix Suns,0022401140,2025-04-06T00:00:00,PHX @ NYK,L,34.06666666666667,8.5,20.1,0.421,0.0,5.3,0.0,0.0,2.1,0.0,1.1,1.1,2.1,2.1,2.1,4.2,2.1,2.1,5.3,1.1,16.9,-12.7,39.5,0,0,33.8,1,13222,1,13222,4190,5702,2908,14442,15070,12510,15070,13505,12380,13505,12818,21864,21587,15956,9938,1436,3169,2888,4053,17145,10951,19007,8057,2246,150,10988,1,34:04
2024-25,1642274,Yves Missi,Yves,1610612740,NOP,New Orleans Pelicans,0022400617,2025-04-06T00:00:00,NOP vs. MIL,L,29.5,11.0,15.9,0.692,0.0,0.0,0.0,0.0,2.4,0.0,3.7,11.0,14.6,3.7,1.2,1.2,1.2,1.2,2.4,3.7,22.0,8.5,51.1,1,0,45.2,1,13222,1,13222,8222,2269,7323,3171,15070,20945,15070,13505,11359,13505,4103,1913,1936,10897,14292,10014,6051,6122,13031,7233,6250,8385,2954,1,150,4184,1,29:30
2024-25,1629060,Rui Hachimura,Rui,1610612747,LAL,Los Angeles Lakers,0022401135,2025-04-06T00:00:00,LAL @ OKC,W,31.666666666666668,4.5,11.4,0.4,2.3,6.8,0.333,1.1,1.1,1.0,2.3,5.7,8.0,1.1,1.1,0.0,1.1,0.0,3.4,1.1,12.5,9.1,26.0,0,0,26.1,1,1,13086,1,6258,15628,14711,14933,8952,8849,9209,12796,13983,1,7332,9077,8347,19239,14893,12854,6561,8846,9041,16731,15588,8130,17597,2246,150,16836,1,31:40
2024-25,1642419,Jamison Battle,Jamison,1610612761,TOR,Toronto Raptors,0022401134,2025-04-06T00:00:00,TOR @ BKN,W,19.133333333333333,9.4,15.1,0.625,3.8,9.4,0.4,0.0,0.0,0.0,0.0,3.8,3.8,0.0,0.0,3.8,0.0,0.0,1.9,0.0,22.6,1.9,38.4,0,0,37.6,1,1,13086,1,16723,4016,8509,4899,4541,4242,7874,13505,14344,13505,14058,14433,17910,19908,16469,1892,8263,8846,15776,17725,5802,11694,8782,2246,150,8264,1,19:08
2024-25,1630533,Ziaire Williams,Ziaire,1610612751,BKN,Brooklyn Nets,0022401134,2025-04-06T00:00:00,BKN vs. TOR,L,23.55,6.1,7.6,0.8,1.5,3.1,0.5,3.1,3.1,1.0,0.0,6.1,6.1,1.5,6.1,3.1,3.1,0.0,1.5,1.5,16.8,9.2,38.7,0,0,38.2,1,13222,1,13222,13273,11185,20724,1688,11928,17539,3944,7654,9825,1,14058,8069,12015,17875,1316,3038,1621,8846,17118,14879,11044,8103,8613,2246,150,7882,1,23:33
2024-25,1627741,Buddy Hield,Buddy,1610612744,GSW,Golden State Warriors,0022401143,2025-04-06T00:00:00,GSW vs. HOU,L,25.1,10.0,20.1,0.5,8.6,15.8,0.545,0.0,0.0,0.0,0.0,2.9,2.9,2.9,1.4,1.4,0.0,1.4,1.4,0.0,28.7,1.4,39.3,0,0,45.9,1,13222,1,13222,11916,3177,2907,8526,349,551,3863,13505,14344,13505,14058,17182,20067,13380,13082,8731,8263,5043,17495,17725,2534,11905,8198,2246,150,3859,1,25:06
2024-25,1628398,Kyle Kuzma,Kyle,1610612749,MIL,Milwaukee Bucks,0022400617,2025-04-06T00:00:00,MIL @ NOP,W,29.7,9.7,15.8,0.615,0.0,1.2,0.0,1.2,2.4,0.5,0.0,4.8,4.8,4.8,4.8,1.2,0.0,1.2,2.4,2.4,20.6,-6.1,32.5,0,0,32.7,1,1,13086,1,8039,3605,7469,5246,15070,20608,15070,12550,11412,10625,14058,11283,15185,7803,2526,10072,8263,6176,13099,11252,7393,16088,12955,2246,150,11849,1,29:42
2024-25,1642346,Ryan Dunn,Ryan,1610612756,PHX,Phoenix Suns,0022401140,2025-04-06T00:00:00,PHX @ NYK,L,33.86666666666667,2.1,7.4,0.286,0.0,4.3,0.0,0.0,0.0,0.0,6.4,2.1,8.5,2.1,2.1,1.1,0.0,0.0,4.3,0.0,4.3,5.3,18.7,0,0,17.0,1,13222,1,13222,4385,21196,21015,19630,15070,15009,15070,13505,14344,13505,1432,19284,7465,15908,9874,11359,8263,8846,6422,17725,22436,9936,21796,2246,150,22301,1,33:52
2024-25,1642268,Isaiah Collier,Isaiah,1610612762,UTA,Utah Jazz,0022401136,2025-04-06T00:00:00,UTA @ ATL,L,35.071666666666665,6.2,14.4,0.429,1.0,4.1,0.25,4.1,5.1,0.8,0.0,3.1,3.1,12.3,4.1,1.0,1.0,2.1,2.1,3.1,17.4,-10.3,41.7,1,0,38.0,1,13222,1,13222,3406,11077,9576,13735,14385,15332,11902,5517,5706,7681,14058,16465,19529,651,3668,11704,7299,3051,14862,8959,10377,18005,6786,1,150,8043,1,35:04
2024-25,1641732,Colby Jones,Colby,1610612764,WAS,Washington Wizards,0022401137,2025-04-06T00:00:00,WAS @ BOS,L,25.553333333333335,4.2,11.3,0.375,1.4,2.8,0.5,2.8,2.8,1.0,1.4,2.8,4.2,2.8,2.8,4.2,1.4,0.0,0.0,1.4,12.7,-22.5,36.1,0,0,32.4,1,13222,1,13222,11532,16531,14887,16299,12416,18032,3944,8302,10442,1,10711,17346,16746,13531,7159,1441,5198,8846,20257,15411,15414,22227,10320,2246,150,12061,1,25:33
2024-25,1627827,Dorian Finney-Smith,Dorian,1610612747,LAL,Los Angeles Lakers,0022401135,2025-04-06T00:00:00,LAL @ OKC,W,29.7,4.8,6.1,0.8,4.8,6.1,0.8,2.4,2.4,1.0,0.0,8.5,8.5,2.4,1.2,0.0,0.0,0.0,2.4,1.2,17.0,33.9,29.6,0,0,32.7,1,1,13086,1,8039,14814,22546,1688,2494,10540,1389,9265,11412,1,14058,4066,7493,14796,14352,12854,8263,8846,13099,16344,10876,1513,15097,2246,150,11849,1,29:42
2024-25,1631124,Julian Strawther,Julian,1610612743,DEN,Denver Nuggets,0022401142,2025-04-06T00:00:00,DEN vs. IND,L,10.556666666666667,10.2,20.5,0.5,0.0,10.2,0.0,0.0,0.0,0.0,0.0,10.2,10.2,0.0,0.0,0.0,3.4,0.0,6.8,6.8,20.5,-17.1,43.0,0,0,37.5,1,13222,1,13222,21897,2993,2665,8526,15070,3233,15070,13505,14344,13505,14058,2403,5197,19908,16469,12854,1298,8846,2125,1801,7536,20642,6146,2246,150,8355,1,10:33
2024-25,1631097,Bennedict Mathurin,Bennedict,1610612754,IND,Indiana Pacers,0022401142,2025-04-06T00:00:00,IND @ DEN,W,21.05,0.0,5.1,0.0,0.0,1.7,0.0,6.8,6.8,1.0,0.0,8.6,8.6,6.8,3.4,1.7,0.0,1.7,1.7,8.6,6.8,8.6,29.1,0,0,25.7,1,1,13086,1,15255,22635,23371,22635,15070,20035,15070,2129,3532,1,14058,3986,7398,4229,5185,7571,8263,4121,16500,804,20834,8381,15437,2246,150,17167,1,21:03
2024-25,1629622,Max Strus,Max,1610612739,CLE,Cleveland Cavaliers,0022401138,2025-04-06T00:00:00,CLE vs. SAC,L,28.533333333333335,5.0,7.6,0.667,2.5,5.0,0.5,1.3,2.5,0.5,3.8,3.8,7.6,8.8,0.0,0.0,0.0,0.0,3.8,2.5,13.9,7.6,36.2,0,0,32.8,1,13222,1,13222,9085,14240,20832,3281,8068,13081,3944,12416,11148,10625,3908,14372,9027,2148,16469,12854,8263,8846,7789,10898,14071,8853,10229,2246,150,11803,1,28:32
2024-25,1641729,Brice Sensabaugh,Brice,1610612762,UTA,Utah Jazz,0022401136,2025-04-06T00:00:00,UTA @ ATL,L,28.628333333333334,7.5,15.1,0.5,3.8,10.1,0.375,0.0,0.0,0.0,2.5,2.5,5.0,2.5,0.0,0.0,1.3,1.3,3.8,0.0,18.9,-17.6,32.4,0,0,32.7,1,13222,1,13222,9014,7654,8447,8526,4518,3425,8800,13505,14344,13505,6563,18150,14724,14487,16469,12854,5866,5886,7830,17725,8981,20810,12988,2246,150,11882,1,28:38
2024-25,1627752,Taurean Prince,Taurean,1610612749,MIL,Milwaukee Bucks,0022400617,2025-04-06T00:00:00,MIL @ NOP,W,29.485,1.2,4.9,0.25,0.0,2.4,0.0,1.2,2.4,0.5,1.2,3.7,4.9,3.7,2.4,2.4,0.0,0.0,6.1,1.2,3.7,3.7,19.9,0,0,17.1,1,1,13086,1,8237,22479,23546,20233,15070,18730,15070,12529,11358,10625,11657,14749,15103,10894,8485,4560,8263,8846,2816,16294,22714,10831,21212,2246,150,22266,1,29:29
2024-25,1628970,Miles Bridges,Miles,1610612766,CHA,Charlotte Hornets,0022401133,2025-04-06T00:00:00,CHA vs. CHI,L,19.383333333333333,5.6,22.3,0.25,0.0,7.4,0.0,3.7,7.4,0.5,0.0,7.4,7.4,3.7,3.7,0.0,0.0,1.9,1.9,3.7,14.9,-16.7,25.6,0,0,26.0,1,13222,1,13222,16510,12788,1682,20233,15070,7540,15070,6260,2972,10625,14058,5622,9301,10748,4523,12854,8263,3714,15906,7096,13055,20523,17860,2246,150,16930,1,19:23
2024-25,1630598,Aaron Wiggins,Aaron,1610612760,OKC,Oklahoma City Thunder,0022401135,2025-04-06T00:00:00,OKC vs. LAL,L,20.95,1.7,10.3,0.167,0.0,5.2,0.0,3.4,6.9,0.5,1.7,6.9,8.6,1.7,1.7,0.0,0.0,1.7,1.7,3.4,6.9,-29.2,18.0,0,0,17.2,1,13222,1,13222,15325,21875,16539,21938,15070,12808,15070,6820,3502,10625,9513,6576,7328,17313,11849,12854,8263,4098,16474,7851,20806,23615,22075,2246,150,22221,1,20:57
2024-25,1627832,Fred VanVleet,Fred,1610612745,HOU,Houston Rockets,0022401143,2025-04-06T00:00:00,HOU @ GSW,W,35.72,1.0,8.1,0.125,1.0,5.0,0.2,0.0,2.0,0.0,0.0,1.0,1.0,3.0,2.0,3.0,1.0,0.0,2.0,1.0,3.0,8.1,18.8,0,0,16.1,1,1,13086,1,2885,22616,20156,22420,14501,13109,13429,13505,12679,13505,14058,21956,23199,12849,10450,3101,7439,8846,15059,17372,22950,8605,21732,2246,150,22659,1,35:43
2024-25,203500,Steven Adams,Steven,1610612745,HOU,Houston Rockets,0022401143,2025-04-06T00:00:00,HOU @ GSW,W,16.866666666666667,2.1,4.3,0.5,0.0,0.0,0.0,0.0,0.0,0.0,4.3,12.8,17.1,2.1,0.0,0.0,4.3,0.0,2.1,0.0,4.3,14.9,40.8,0,0,32.0,1,1,13086,1,18343,21173,23949,8526,15070,20945,15070,13505,14344,13505,3214,1077,1109,15873,16469,12854,779,8846,14434,17725,22428,5649,7298,2246,150,12378,1,16:52
2024-25,1630168,Onyeka Okongwu,Onyeka,1610612737,ATL,Atlanta Hawks,0022401136,2025-04-06T00:00:00,ATL vs. UTA,W,36.93333333333333,11.7,17.5,0.667,1.9,4.9,0.4,1.0,1.0,1.0,3.9,7.8,11.7,2.9,1.9,0.0,1.0,1.0,1.9,1.9,26.3,15.6,45.7,1,0,44.8,1,1,13086,1,2028,1723,5206,3281,10398,13502,7874,13314,14254,1,3726,5010,3759,13189,10782,12854,7655,8145,15407,13320,3527,5389,4854,1,150,4336,1,36:56
2024-25,1628384,OG Anunoby,OG,1610612752,NYK,New York Knicks,0022401140,2025-04-06T00:00:00,NYK vs. PHX,W,36.4,12.9,16.8,0.765,5.9,7.9,0.75,0.0,0.0,0.0,2.0,4.0,5.9,3.0,2.0,0.0,0.0,1.0,4.0,1.0,31.6,8.9,41.2,0,0,46.5,1,1,13086,1,2413,1078,6024,2095,1352,6595,1542,13505,14344,13505,8485,13852,12442,13031,10623,12854,8263,8014,7260,17429,1595,8222,7025,2246,150,3664,1,36:24
2024-25,1642277,Johnny Furphy,Johnny,1610612754,IND,Indiana Pacers,0022401142,2025-04-06T00:00:00,IND @ DEN,W,7.033333333333333,0.0,10.2,0.0,0.0,5.1,0.0,0.0,0.0,0.0,10.2,10.2,20.5,5.1,0.0,0.0,0.0,5.1,5.1,0.0,0.0,0.0,32.2,0,0,25.6,1,1,13086,1,23154,22635,16668,22635,15070,12906,15070,13505,14344,13505,370,2399,471,7205,16469,12854,8263,339,4344,17725,23200,12240,13129,2246,150,17214,1,7:02
2024-25,1628969,Mikal Bridges,Mikal,1610612752,NYK,New York Knicks,0022401140,2025-04-06T00:00:00,NYK vs. PHX,W,39.45,7.3,12.8,0.571,1.8,2.7,0.667,3.7,3.7,1.0,0.0,5.5,5.5,3.7,1.8,0.0,0.9,0.0,0.9,2.7,20.1,10.0,33.0,0,0,32.9,1,1,13086,1,731,8221,12262,6538,10972,18187,1957,6386,8583,1,14058,9603,13606,10933,11437,12854,8035,8846,20112,10200,7860,7679,12568,2246,150,11763,1,39:27
2024-25,202685,Jonas Valančiūnas,Jonas,1610612758,SAC,Sacramento Kings,0022401138,2025-04-06T00:00:00,SAC @ CLE,W,5.466666666666667,6.6,13.2,0.5,0.0,0.0,0.0,0.0,0.0,0.0,0.0,13.2,13.2,6.6,0.0,0.0,0.0,6.6,0.0,0.0,13.2,-19.8,38.9,0,0,32.9,1,1,13086,1,23802,9969,11539,8526,15070,20945,15070,13505,14344,13505,14058,961,2689,4587,16469,12854,8263,183,20257,17725,14914,21478,8511,2246,150,11710,1,5:28
2024-25,1626172,Kevon Looney,Kevon,1610612744,GSW,Golden State Warriors,0022401143,2025-04-06T00:00:00,GSW vs. HOU,L,22.36,3.2,6.4,0.5,0.0,0.0,0.0,1.6,3.2,0.5,8.1,9.7,17.7,0.0,3.2,1.6,1.6,0.0,1.6,3.2,8.1,-4.8,35.7,0,0,32.2,1,13222,1,13222,14230,18948,22162,8526,15070,20945,15070,11583,9477,10625,769,2859,961,19908,5762,7948,4528,8846,16832,8489,19876,15487,10546,2246,150,12214,1,22:22
2024-25,1626164,Devin Booker,Devin,1610612756,PHX,Phoenix Suns,0022401140,2025-04-06T00:00:00,PHX @ NYK,L,40.416666666666664,14.3,25.8,0.552,1.8,6.2,0.286,5.3,6.2,0.857,2.7,0.9,3.6,2.7,3.6,0.9,0.0,0.0,3.6,6.2,35.6,-8.0,43.0,0,0,45.4,1,13222,1,13222,468,631,672,7652,11142,10122,11433,3597,4193,7071,6168,22108,18416,13982,4873,12704,8263,8846,8553,2347,890,16980,6131,2246,150,4059,1,40:25
2024-25,204456,T.J. McConnell,T.J.,1610612754,IND,Indiana Pacers,0022401142,2025-04-06T00:00:00,IND @ DEN,W,18.566666666666666,11.6,25.2,0.462,0.0,0.0,0.0,0.0,0.0,0.0,1.9,3.9,5.8,11.6,0.0,1.9,0.0,3.9,1.9,1.9,23.3,11.6,53.5,0,0,44.6,1,1,13086,1,17135,1778,789,12428,15070,20945,15070,13505,14344,13505,8666,14099,12729,801,16469,6569,8263,690,15464,13372,5318,6956,2330,2246,150,4423,1,18:34
2024-25,1631260,AJ Green,AJ,1610612749,MIL,Milwaukee Bucks,0022400617,2025-04-06T00:00:00,MIL @ NOP,W,25.4,2.8,8.5,0.333,2.8,5.7,0.5,0.0,0.0,0.0,0.0,4.3,4.3,1.4,0.0,0.0,0.0,0.0,5.7,0.0,8.5,18.4,15.7,0,0,17.0,1,1,13086,1,11651,19801,19480,17395,7102,11525,3944,13505,14344,13505,14058,12960,16672,18282,16469,12854,8263,8846,3439,17725,19509,4430,22944,2246,150,22299,1,25:24
2024-25,1631132,Christian Koloko,Christian,1610612747,LAL,Los Angeles Lakers,0022401135,2025-04-06T00:00:00,LAL @ OKC,W,2.2666666666666666,0.0,0.0,0.0,0.0,0.0,0.0,0.0,0.0,0.0,0.0,15.9,15.9,0.0,0.0,0.0,0.0,0.0,0.0,0.0,0.0,63.5,19.1,0,0,15.9,1,1,13086,1,25330,22635,24836,22635,15070,20945,15070,13505,14344,13505,14058,442,1461,19908,16469,12854,8263,8846,20257,17725,23200,306,21609,2246,150,22755,1,2:16
2024-25,1630208,Nick Richards,Nick,1610612756,PHX,Phoenix Suns,0022401140,2025-04-06T00:00:00,PHX @ NYK,L,24.866666666666667,2.9,2.9,1.0,0.0,0.0,0.0,1.4,1.4,1.0,0.0,2.9,2.9,0.0,0.0,1.4,1.4,0.0,4.3,4.3,7.2,-4.3,19.4,0,0,15.9,1,13222,1,13222,12121,19666,24522,1,15070,20945,15070,11913,13541,1,14058,17099,20003,19908,16469,8651,5047,8846,6163,5487,20534,15243,21456,2246,150,22736,1,24:52
2024-25,1631096,Chet Holmgren,Chet,1610612760,OKC,Oklahoma City Thunder,0022401135,2025-04-06T00:00:00,OKC vs. LAL,L,24.666666666666668,5.8,8.8,0.667,2.9,4.4,0.667,0.0,0.0,0.0,0.0,4.4,4.4,1.5,0.0,0.0,1.5,0.0,5.8,0.0,14.6,-7.3,26.4,0,0,26.3,1,13222,1,13222,12303,11992,19088,3281,6798,14738,1957,13505,14344,13505,14058,12579,16342,18139,16469,12854,4999,8846,3159,17725,13291,16640,17335,2246,150,16737,1,24:40
2024-25,1629008,Michael Porter Jr.,Michael,1610612743,DEN,Denver Nuggets,0022401142,2025-04-06T00:00:00,DEN vs. IND,L,38.77,5.6,13.0,0.429,0.9,8.4,0.111,1.9,1.9,1.0,1.9,3.7,5.6,3.7,2.8,0.0,0.9,0.0,3.7,1.9,13.9,-3.7,26.2,0,0,26.0,1,13222,1,13222,978,12791,11856,13735,14876,5816,15003,11103,13102,1,9008,14590,13356,10751,7274,12854,7959,8846,8023,13709,14016,14896,17485,2246,150,16932,1,38:46
2024-25,1631212,Peyton Watson,Peyton,1610612743,DEN,Denver Nuggets,0022401142,2025-04-06T00:00:00,DEN vs. IND,L,22.13,1.6,3.3,0.5,0.0,0.0,0.0,1.6,3.3,0.5,0.0,1.6,1.6,0.0,3.3,0.0,4.9,0.0,0.0,1.6,4.9,-22.8,18.2,0,0,16.3,1,13222,1,13222,14400,21999,24409,8526,15070,20945,15070,11552,9415,10625,14058,20619,22405,19908,5652,12854,548,8846,20257,14536,22079,22284,21994,2246,150,22599,1,22:08
2024-25,1629660,Ty Jerome,Ty,1610612739,CLE,Cleveland Cavaliers,0022401138,2025-04-06T00:00:00,CLE vs. SAC,L,23.066666666666666,14.0,20.3,0.692,1.6,6.2,0.25,1.6,1.6,1.0,1.6,4.7,6.2,3.1,4.7,1.6,0.0,0.0,0.0,1.6,31.2,-17.2,43.4,0,0,45.3,1,13222,1,13222,13659,691,2773,3171,11825,10096,11902,11668,13432,1,10076,11763,11720,12553,2744,8151,8263,8846,20257,14753,1726,20677,5938,2246,150,4121,1,23:04
2024-25,1629611,Terance Mann,Terance,1610612737,ATL,Atlanta Hawks,0022401136,2025-04-06T00:00:00,ATL vs. UTA,W,26.2,4.1,6.9,0.6,1.4,2.7,0.5,4.1,4.1,1.0,2.7,4.1,6.9,1.4,0.0,1.4,0.0,0.0,5.5,5.5,13.7,20.6,28.2,0,0,26.1,1,1,13086,1,11004,16793,21712,5394,12543,18163,3944,5486,7582,1,5979,13345,10382,18421,16469,9042,8263,8846,3703,3343,14234,3780,16094,2246,150,16863,1,26:12
2024-25,203932,Aaron Gordon,Aaron,1610612743,DEN,Denver Nuggets,0022401142,2025-04-06T00:00:00,DEN vs. IND,L,33.71666666666667,2.1,5.3,0.4,0.0,1.1,0.0,1.1,2.1,0.5,0.0,3.2,3.2,4.3,2.1,0.0,0.0,1.1,1.1,2.1,5.3,4.3,13.5,0,0,12.8,1,13222,1,13222,4521,21172,23228,14933,15070,20781,15070,13010,12305,10625,14058,16076,19229,9206,9805,12854,8263,7328,19287,12460,21831,10502,23646,2246,150,23774,1,33:43
2024-25,1631115,Orlando Robinson,Orlando,1610612761,TOR,Toronto Raptors,0022401134,2025-04-06T00:00:00,TOR @ BKN,W,21.7,8.3,11.6,0.714,0.0,0.0,0.0,1.7,3.3,0.5,10.0,1.7,11.6,5.0,5.0,0.0,0.0,0.0,3.3,1.7,18.2,13.3,34.7,0,0,34.8,1,1,13086,1,14753,5992,14281,2752,15070,20945,15070,11490,9265,10625,412,20543,3834,7520,2367,12854,8263,8846,9391,14415,9578,6272,11316,2246,150,10196,1,21:42
2024-25,1641715,Cam Whitmore,Cam,1610612745,HOU,Houston Rockets,0022401143,2025-04-06T00:00:00,HOU @ GSW,W,1.1166666666666667,0.0,0.0,0.0,0.0,0.0,0.0,0.0,0.0,0.0,0.0,0.0,0.0,0.0,32.2,0.0,0.0,0.0,0.0,0.0,0.0,-193.4,-32.2,0,0,0.0,1,1,13086,1,26010,22635,24836,22635,15070,20945,15070,13505,14344,13505,14058,22137,23286,19908,11,12854,8263,8846,20257,17725,23200,26278,26299,2246,150,25259,1,1:07
2024-25,1641810,Antonio Reeves,Antonio,1610612740,NOP,New Orleans Pelicans,0022400617,2025-04-06T00:00:00,NOP vs. MIL,L,37.06666666666667,7.8,17.5,0.444,4.9,8.7,0.556,1.9,1.9,1.0,1.0,1.0,1.9,1.9,3.9,1.9,0.0,0.0,2.9,0.0,22.3,2.9,29.5,0,0,35.0,1,13222,1,13222,1945,7120,5265,13045,2481,5204,3747,10827,12875,1,13482,22018,21925,16592,4114,6550,8263,8846,11121,17725,5976,11168,15128,2246,150,10119,1,37:04
2024-25,1629618,Jalen Pickett,Jalen,1610612743,DEN,Denver Nuggets,0022401142,2025-04-06T00:00:00,DEN vs. IND,L,24.41,2.9,7.4,0.4,0.0,2.9,0.0,0.0,0.0,0.0,1.5,0.0,1.5,2.9,1.5,0.0,0.0,1.5,2.9,0.0,5.9,13.3,10.6,0,0,10.3,1,13222,1,13222,12561,19532,21104,14933,15070,17756,15070,13505,14344,13505,10414,22137,22602,13093,12878,12854,8263,4864,10937,17725,21456,6271,24318,2246,150,24369,1,24:25
2024-25,201950,Jrue Holiday,Jrue,1610612738,BOS,Boston Celtics,0022401137,2025-04-06T00:00:00,BOS vs. WAS,W,29.533333333333335,6.1,15.8,0.385,3.7,6.1,0.6,0.0,0.0,0.0,6.1,2.4,8.5,6.1,1.2,0.0,0.0,0.0,1.2,0.0,15.8,26.8,34.0,0,0,34.1,1,1,13086,1,8194,11243,7352,16070,4791,10449,2992,13505,14344,13505,1567,18366,7435,5331,14298,12854,8263,8846,18429,17725,12087,2464,11801,2246,150,10749,1,29:32
2024-25,1630551,Justin Champagnie,Justin,1610612764,WAS,Washington Wizards,0022401137,2025-04-06T00:00:00,WAS @ BOS,L,37.05,5.8,10.7,0.545,2.9,4.9,0.6,0.0,0.0,0.0,5.8,6.8,12.6,1.0,2.9,1.9,0.0,1.0,1.0,0.0,14.6,-12.6,34.1,1,0,35.0,1,13222,1,13222,1957,12023,15911,7695,6812,13542,2992,13505,14344,13505,1725,6702,3041,19764,6784,6545,8263,8173,19852,17725,13321,18990,11720,1,150,10104,1,37:03
2024-25,1628971,Bruce Brown,Bruce,1610612740,NOP,New Orleans Pelicans,0022400617,2025-04-06T00:00:00,NOP vs. MIL,L,32.36666666666667,7.8,17.8,0.438,0.0,1.1,0.0,2.2,3.3,0.667,0.0,4.4,4.4,10.0,0.0,0.0,1.1,1.1,3.3,2.2,17.8,0.0,41.5,0,0,34.5,1,13222,1,13222,5670,7093,4909,13558,15070,20730,15070,9851,9224,9425,14058,12405,16172,1431,16469,12854,6711,6944,9310,12054,10030,12240,6891,2246,150,10470,1,32:22
2024-25,1628396,Tony Bradley,Tony,1610612754,IND,Indiana Pacers,0022401142,2025-04-06T00:00:00,IND @ DEN,W,2.35,0.0,0.0,0.0,0.0,0.0,0.0,0.0,0.0,0.0,0.0,0.0,0.0,0.0,0.0,0.0,0.0,0.0,15.3,0.0,0.0,-15.3,0.0,0,0,0.0,1,1,13086,1,25292,22635,24836,22635,15070,20945,15070,13505,14344,13505,14058,22137,23286,19908,16469,12854,8263,8846,232,17725,23200,20015,25228,2246,150,25259,1,2:21
2024-25,1630604,E.J. Liddell,E.J.,1610612741,CHI,Chicago Bulls,0022401133,2025-04-06T00:00:00,CHI @ CHA,W,1.4,0.0,0.0,0.0,0.0,0.0,0.0,0.0,0.0,0.0,0.0,0.0,0.0,0.0,0.0,0.0,0.0,0.0,51.4,0.0,0.0,-102.9,0.0,0,0,0.0,1,1,13086,1,25858,22635,24836,22635,15070,20945,15070,13505,14344,13505,14058,22137,23286,19908,16469,12854,8263,8846,14,17725,23200,26160,25228,2246,150,25259,1,1:24
2024-25,1630214,Xavier Tillman,Xavier,1610612738,BOS,Boston Celtics,0022401137,2025-04-06T00:00:00,BOS vs. WAS,W,6.883333333333334,0.0,5.2,0.0,0.0,0.0,0.0,0.0,0.0,0.0,0.0,0.0,0.0,0.0,5.2,5.2,0.0,0.0,0.0,5.2,0.0,-5.2,10.5,0,0,10.5,1,1,13086,1,23215,22635,23303,22635,15070,20945,15070,13505,14344,13505,14058,22137,23286,19908,2086,771,8263,8846,20257,3727,23200,15711,24342,2246,150,24345,1,6:53
2024-25,1641775,Jordan Walsh,Jordan,1610612738,BOS,Boston Celtics,0022401137,2025-04-06T00:00:00,BOS vs. WAS,W,6.883333333333334,0.0,0.0,0.0,0.0,0.0,0.0,0.0,0.0,0.0,0.0,10.5,10.5,0.0,5.2,0.0,0.0,0.0,0.0,0.0,0.0,-5.2,7.3,0,0,10.5,1,1,13086,1,23215,22635,24836,22635,15070,20945,15070,13505,14344,13505,14058,2260,4950,19908,2086,12854,8263,8846,20257,17725,23200,15711,24777,2246,150,24345,1,6:53
2024-25,1630256,Jae'Sean Tate,Jae'Sean,1610612745,HOU,Houston Rockets,0022401143,2025-04-06T00:00:00,HOU @ GSW,W,1.1166666666666667,0.0,0.0,0.0,0.0,0.0,0.0,0.0,0.0,0.0,0.0,0.0,0.0,0.0,0.0,0.0,0.0,0.0,0.0,0.0,0.0,-193.4,0.0,0,0,0.0,1,1,13086,1,26010,22635,24836,22635,15070,20945,15070,13505,14344,13505,14058,22137,23286,19908,16469,12854,8263,8846,20257,17725,23200,26278,25228,2246,150,25259,1,1:07
2024-25,1631466,Nate Williams,Nate,1610612745,HOU,Houston Rockets,0022401143,2025-04-06T00:00:00,HOU @ GSW,W,1.1166666666666667,0.0,0.0,0.0,0.0,0.0,0.0,0.0,0.0,0.0,0.0,0.0,0.0,0.0,0.0,0.0,0.0,0.0,0.0,0.0,0.0,-193.4,0.0,0,0,0.0,1,1,13086,1,26010,22635,24836,22635,15070,20945,15070,13505,14344,13505,14058,22137,23286,19908,16469,12854,8263,8846,20257,17725,23200,26278,25228,2246,150,25259,1,1:07
2024-25,1642263,Reed Sheppard,Reed,1610612745,HOU,Houston Rockets,0022401143,2025-04-06T00:00:00,HOU @ GSW,W,1.1166666666666667,0.0,32.2,0.0,0.0,32.2,0.0,0.0,0.0,0.0,0.0,0.0,0.0,0.0,0.0,0.0,0.0,0.0,0.0,0.0,0.0,-193.4,0.0,0,0,0.0,1,1,13086,1,26010,22635,187,22635,15070,46,15070,13505,14344,13505,14058,22137,23286,19908,16469,12854,8263,8846,20257,17725,23200,26278,25228,2246,150,25259,1,1:07
2024-25,1642354,KJ Simpson,KJ,1610612766,CHA,Charlotte Hornets,0022401133,2025-04-06T00:00:00,CHA vs. CHI,L,31.583333333333332,8.0,14.8,0.538,3.4,6.8,0.5,1.1,1.1,1.0,1.1,2.3,3.4,8.0,2.3,2.3,0.0,0.0,0.0,1.1,20.5,-9.1,41.1,0,0,39.9,1,13222,1,13222,6350,6669,8865,7978,5340,8804,3944,12785,13979,1,12192,18824,18741,2910,9162,5105,8263,8846,20257,16708,7475,17485,7086,2246,150,6839,1,31:35
2024-25,1628998,Cody Martin,Cody,1610612756,PHX,Phoenix Suns,0022401140,2025-04-06T00:00:00,PHX @ NYK,L,3.45,0.0,10.4,0.0,0.0,0.0,0.0,0.0,0.0,0.0,0.0,0.0,0.0,0.0,0.0,0.0,0.0,0.0,0.0,0.0,0.0,-104.3,0.0,0,0,0.0,1,13222,1,13222,24736,22635,16325,22635,15070,20945,15070,13505,14344,13505,14058,22137,23286,19908,16469,12854,8263,8846,20257,17725,23200,26170,25228,2246,150,25259,1,3:27
2024-25,1631166,Drew Timme,Drew,1610612751,BKN,Brooklyn Nets,0022401134,2025-04-06T00:00:00,BKN vs. TOR,L,26.233333333333334,6.9,16.5,0.417,1.4,5.5,0.25,2.7,2.7,1.0,2.7,6.9,9.6,2.7,2.7,1.4,0.0,0.0,1.4,2.7,17.8,-16.5,34.9,0,0,34.3,1,13222,1,13222,10963,9266,6468,14532,12548,11974,11902,8473,10623,1,5992,6605,5914,13769,7397,9057,8263,8846,17731,10176,9990,20435,11150,2246,150,10607,1,26:14
2024-25,203897,Zach LaVine,Zach,1610612758,SAC,Sacramento Kings,0022401138,2025-04-06T00:00:00,SAC @ CLE,W,42.28333333333333,12.8,17.9,0.714,6.0,9.4,0.636,0.0,0.0,0.0,0.9,0.9,1.7,0.9,1.7,0.0,0.0,0.0,2.6,0.0,31.5,-3.4,33.1,0,0,40.0,1,1,13086,1,232,1123,4828,2752,1335,4298,2842,13505,14344,13505,13996,22125,22297,19889,11907,12854,8263,8846,12591,17725,1639,14758,12494,2246,150,6774,1,42:17
2024-25,1627759,Jaylen Brown,Jaylen,1610612738,BOS,Boston Celtics,0022401137,2025-04-06T00:00:00,BOS vs. WAS,W,21.566666666666666,8.3,15.0,0.556,3.3,6.7,0.5,5.0,6.7,0.75,0.0,3.3,3.3,8.3,1.7,0.0,0.0,0.0,0.0,6.7,25.0,21.7,39.9,0,0,40.1,1,1,13086,1,14874,5891,8572,7248,5545,9148,3944,4028,3685,8186,14058,15670,18892,2560,12049,12854,8263,8846,20257,1920,4197,3534,7824,2246,150,6747,1,21:34
2024-25,1642443,Jahmir Young,Jahmir,1610612741,CHI,Chicago Bulls,0022401133,2025-04-06T00:00:00,CHI @ CHA,W,1.4,0.0,0.0,0.0,0.0,0.0,0.0,0.0,0.0,0.0,0.0,0.0,0.0,0.0,0.0,0.0,0.0,0.0,0.0,0.0,0.0,-102.9,0.0,0,0,0.0,1,1,13086,1,25858,22635,24836,22635,15070,20945,15070,13505,14344,13505,14058,22137,23286,19908,16469,12854,8263,8846,20257,17725,23200,26160,25228,2246,150,25259,1,1:24
2024-25,1630174,Aaron Nesmith,Aaron,1610612754,IND,Indiana Pacers,0022401142,2025-04-06T00:00:00,IND @ DEN,W,30.466666666666665,5.9,11.8,0.5,3.5,5.9,0.6,4.7,4.7,1.0,2.4,4.7,7.1,0.0,0.0,3.5,1.2,1.2,1.2,3.5,20.1,8.3,42.8,0,0,40.2,1,1,13086,1,7345,11782,13916,8526,5043,10920,2992,4466,6432,1,7037,11623,9976,19908,16469,2186,6293,6393,18644,7544,7850,8502,6234,2246,150,6688,1,30:28
2024-25,1642366,Quinten Post,Quinten,1610612744,GSW,Golden State Warriors,0022401143,2025-04-06T00:00:00,GSW vs. HOU,L,6.616666666666666,5.4,5.4,1.0,0.0,0.0,0.0,0.0,10.9,0.0,0.0,0.0,0.0,0.0,0.0,0.0,0.0,0.0,0.0,5.4,10.9,-10.9,10.9,0,0,10.9,1,13222,1,13222,23325,13151,23129,1,15070,20945,15070,13505,1061,13505,14058,22137,23286,19908,16469,12854,8263,8846,20257,3418,17281,18273,24260,2246,150,24248,1,6:37
2024-25,1628975,Jevon Carter,Jevon,1610612741,CHI,Chicago Bulls,0022401133,2025-04-06T00:00:00,CHI @ CHA,W,2.3666666666666667,0.0,0.0,0.0,0.0,0.0,0.0,0.0,0.0,0.0,0.0,0.0,0.0,0.0,15.2,0.0,0.0,0.0,0.0,0.0,0.0,-167.3,-15.2,0,0,0.0,1,1,13086,1,25286,22635,24836,22635,15070,20945,15070,13505,14344,13505,14058,22137,23286,19908,107,12854,8263,8846,20257,17725,23200,26267,26259,2246,150,25259,1,2:22
2024-25,1630611,Gui Santos,Gui,1610612744,GSW,Golden State Warriors,0022401143,2025-04-06T00:00:00,GSW vs. HOU,L,3.6,0.0,0.0,0.0,0.0,0.0,0.0,0.0,0.0,0.0,0.0,0.0,0.0,0.0,10.0,0.0,0.0,0.0,0.0,0.0,0.0,0.0,-10.0,0,0,0.0,1,13222,1,13222,24663,22635,24836,22635,15070,20945,15070,13505,14344,13505,14058,22137,23286,19908,328,12854,8263,8846,20257,17725,23200,12240,26220,2246,150,25259,1,3:36
2024-25,203110,Draymond Green,Draymond,1610612744,GSW,Golden State Warriors,0022401143,2025-04-06T00:00:00,GSW vs. HOU,L,27.173333333333332,1.3,6.6,0.2,0.0,1.3,0.0,0.0,0.0,0.0,2.6,1.3,4.0,5.3,5.3,0.0,0.0,1.3,6.6,2.6,2.6,-21.2,10.1,0,0,11.9,1,13222,1,13222,10212,22371,21986,21401,15070,20472,15070,13505,14344,13505,6227,21236,17382,6819,2004,12854,8263,5522,2294,10478,23035,21885,24406,2246,150,24002,1,27:10
2024-25,1630224,Jalen Green,Jalen,1610612745,HOU,Houston Rockets,0022401143,2025-04-06T00:00:00,HOU @ GSW,W,33.85333333333333,9.6,20.2,0.474,3.2,7.4,0.429,0.0,2.1,0.0,0.0,3.2,3.2,5.3,3.2,2.1,1.1,1.1,2.1,2.1,22.3,7.4,40.5,0,0,40.4,1,1,13086,1,4396,3773,2825,12072,5981,7517,7394,13505,12332,13505,14058,16121,19259,6784,5855,5674,7037,7375,14482,12501,5983,8911,7453,2246,150,6539,1,33:51
2024-25,1641716,Jarace Walker,Jarace,1610612754,IND,Indiana Pacers,0022401142,2025-04-06T00:00:00,IND @ DEN,W,20.54,7.0,8.8,0.8,5.3,5.3,1.0,0.0,0.0,0.0,0.0,10.5,10.5,1.8,0.0,1.8,0.0,0.0,1.8,0.0,19.3,1.8,39.8,0,0,40.3,1,1,13086,1,15617,8905,19081,1688,1986,12570,1,13505,14344,13505,14058,2216,4892,17220,16469,7430,8263,8846,16362,17725,8569,11768,7894,2246,150,6594,1,20:32
2024-25,1626220,Royce O'Neale,Royce,1610612756,PHX,Phoenix Suns,0022401140,2025-04-06T00:00:00,PHX @ NYK,L,20.133333333333333,3.6,10.7,0.333,1.8,8.9,0.2,0.0,0.0,0.0,0.0,3.6,3.6,5.4,1.8,0.0,0.0,0.0,5.4,0.0,8.9,-19.7,19.5,0,0,19.7,1,13222,1,13222,15915,18138,15839,17395,11120,4914,13429,13505,14344,13505,14058,15003,18380,6701,11605,12854,8263,8846,3904,17725,19144,21458,21411,2246,150,21051,1,20:08
2024-25,1629637,Jaxson Hayes,Jaxson,1610612747,LAL,Los Angeles Lakers,0022401135,2025-04-06T00:00:00,LAL @ OKC,W,12.683333333333334,8.5,11.4,0.75,0.0,0.0,0.0,2.8,11.4,0.25,2.8,11.4,14.2,0.0,5.7,0.0,0.0,0.0,5.7,11.4,19.9,28.4,31.2,0,0,34.1,1,1,13086,1,20904,5584,14746,2107,15070,20945,15070,8244,936,13358,5763,1721,2153,19908,1660,12854,8263,8846,3431,250,8019,2200,13888,2246,150,10801,1,12:41
2024-25,201566,Russell Westbrook,Russell,1610612743,DEN,Denver Nuggets,0022401142,2025-04-06T00:00:00,DEN vs. IND,L,23.59,9.2,15.3,0.6,1.5,3.1,0.5,4.6,6.1,0.75,0.0,7.6,7.6,6.1,1.5,0.0,0.0,1.5,6.1,3.1,24.4,-21.4,41.2,0,0,39.7,1,13222,1,13222,13239,4430,8163,5394,11940,17548,3944,4717,4344,8186,14058,5272,8918,5322,12633,12854,8263,4673,2817,9067,4541,21931,7050,2246,150,6962,1,23:35
2024-25,1630550,JT Thor,JT,1610612764,WAS,Washington Wizards,0022401137,2025-04-06T00:00:00,WAS @ BOS,L,21.968333333333334,1.6,4.9,0.333,1.6,1.6,1.0,0.0,0.0,0.0,0.0,3.3,3.3,0.0,0.0,0.0,0.0,0.0,1.6,0.0,4.9,-9.8,8.8,0,0,9.8,1,13222,1,13222,14527,21988,23520,17395,11568,20125,1,13505,14344,13505,14058,15864,19049,19908,16469,12854,8263,8846,16753,17725,22058,17803,24597,2246,150,24462,1,21:58
2024-25,1631288,Jamal Cain,Jamal,1610612740,NOP,New Orleans Pelicans,0022400617,2025-04-06T00:00:00,NOP vs. MIL,L,21.716666666666665,1.7,13.3,0.125,0.0,9.9,0.0,3.3,6.6,0.5,0.0,9.9,9.9,0.0,1.7,0.0,1.7,0.0,1.7,5.0,6.6,-16.6,21.9,0,0,19.9,1,13222,1,13222,14741,21955,11369,22420,15070,3553,15070,7074,3728,10625,14058,2623,5497,19908,12102,12854,4402,8846,16673,4170,20970,20470,20213,2246,150,20921,1,21:43
2024-25,1642347,Jamal Shead,Jamal,1610612761,TOR,Toronto Raptors,0022401134,2025-04-06T00:00:00,TOR @ BKN,W,28.966666666666665,3.7,13.7,0.273,1.2,3.7,0.333,2.5,2.5,1.0,0.0,5.0,5.0,14.9,3.7,3.7,0.0,3.7,3.7,1.2,11.2,38.5,47.0,0,0,39.8,1,1,13086,1,8697,17751,10690,20048,13136,16143,9209,9092,11244,1,14058,10960,14871,296,4489,1934,8263,780,7973,16164,17004,1079,4320,2246,150,6908,1,28:58
2024-25,1631114,Jalen Williams,Jalen,1610612760,OKC,Oklahoma City Thunder,0022401135,2025-04-06T00:00:00,OKC vs. LAL,L,28.483333333333334,5.1,17.7,0.286,1.3,5.1,0.25,8.8,10.1,0.875,1.3,6.3,7.6,3.8,0.0,3.8,0.0,1.3,1.3,6.3,20.2,-13.9,46.4,0,0,40.4,1,13222,1,13222,9135,14218,5022,19630,13015,13060,11902,1059,1324,6931,11391,7658,9000,10519,16469,1860,8263,5847,18200,2266,7719,19467,4585,2246,150,6525,1,28:29
2024-25,1629652,Luguentz Dort,Luguentz,1610612760,OKC,Oklahoma City Thunder,0022401135,2025-04-06T00:00:00,OKC vs. LAL,L,27.4,3.9,10.5,0.375,3.9,9.2,0.429,0.0,0.0,0.0,0.0,2.6,2.6,1.3,0.0,0.0,0.0,0.0,3.9,2.6,11.8,-21.0,16.9,0,0,19.7,1,13222,1,13222,10016,17227,16200,16299,4110,4537,7394,13505,14344,13505,14058,17878,20589,18613,16469,12854,8263,8846,7305,10550,16317,21837,22511,2246,150,21031,1,27:24
2024-25,1630264,Anthony Gill,Anthony,1610612764,WAS,Washington Wizards,0022401137,2025-04-06T00:00:00,WAS @ BOS,L,21.55,1.7,8.4,0.2,0.0,5.0,0.0,6.7,6.7,1.0,1.7,6.7,8.4,1.7,0.0,0.0,0.0,0.0,0.0,5.0,10.0,-40.1,22.6,0,0,20.0,1,13222,1,13222,14889,21932,19720,21401,15070,13184,15070,2254,3676,1,9673,6925,7693,17441,16469,12854,8263,8846,20257,4094,18141,24845,19845,2246,150,20836,1,21:33
2024-25,1631301,Jaylen Sims,Jaylen,1610612766,CHA,Charlotte Hornets,0022401133,2025-04-06T00:00:00,CHA vs. CHI,L,11.906666666666666,6.0,6.0,1.0,6.0,6.0,1.0,0.0,0.0,0.0,3.0,0.0,3.0,3.0,3.0,0.0,0.0,0.0,0.0,0.0,18.1,12.1,23.3,0,0,30.2,1,13222,1,13222,21329,11375,22555,1,1274,10582,1,13505,14344,13505,5283,22137,19658,12849,6380,12854,8263,8846,20257,17725,9689,6755,19383,2246,150,13767,1,11:54
2024-25,1629645,Kevin Porter Jr.,Kevin,1610612749,MIL,Milwaukee Bucks,0022400617,2025-04-06T00:00:00,MIL @ NOP,W,33.78333333333333,8.5,19.2,0.444,3.2,5.3,0.6,1.1,2.1,0.5,1.1,7.5,8.5,4.3,0.0,2.1,0.0,2.1,0.0,1.1,21.3,0.0,44.3,0,0,41.6,1,1,13086,1,4448,5572,3606,13045,5965,12396,2992,13023,12319,10625,12750,5571,7446,9222,16469,5654,8263,2830,20257,17090,6815,12240,5505,2246,150,5874,1,33:47
2024-25,1628436,Luke Kornet,Luke,1610612738,BOS,Boston Celtics,0022401137,2025-04-06T00:00:00,BOS vs. WAS,W,26.166666666666668,8.3,12.4,0.667,0.0,0.0,0.0,1.4,2.8,0.5,12.4,6.9,19.3,4.1,0.0,0.0,0.0,0.0,1.4,1.4,17.9,28.9,47.2,1,0,41.3,1,1,13086,1,11032,6075,12925,3281,15070,20945,15070,12085,10605,10625,222,6569,634,9584,16469,12854,8263,8846,17719,15547,9942,2119,4247,1,150,6036,1,26:10
2024-25,1629018,Gary Trent Jr.,Gary,1610612749,MIL,Milwaukee Bucks,0022400617,2025-04-06T00:00:00,MIL @ NOP,W,39.516666666666666,9.1,15.5,0.588,3.6,9.1,0.4,4.6,7.3,0.625,0.9,3.6,4.6,0.9,0.9,0.0,0.0,0.0,1.8,4.6,26.4,0.9,32.3,0,0,35.5,1,1,13086,1,713,4514,7841,6229,4819,4650,7874,4752,3105,10271,13856,14809,15909,19851,16317,12854,8263,8846,16074,5034,3472,12210,13054,2246,150,9715,1,39:31
2024-25,1631217,Moussa Diabaté,Moussa,1610612766,CHA,Charlotte Hornets,0022401133,2025-04-06T00:00:00,CHA vs. CHI,L,22.576666666666668,4.8,9.6,0.5,0.0,0.0,0.0,3.2,4.8,0.667,1.6,9.6,11.2,0.0,0.0,3.2,0.0,0.0,3.2,4.8,12.8,1.6,35.7,0,0,30.3,1,13222,1,13222,14060,15000,17823,8526,15070,20945,15070,7355,6335,9425,9945,2948,4270,19908,16469,2765,8263,8846,9905,4539,15331,11831,10566,2246,150,13720,1,22:35
2024-25,1628370,Malik Monk,Malik,1610612758,SAC,Sacramento Kings,0022401138,2025-04-06T00:00:00,SAC @ CLE,W,20.331666666666667,1.8,14.2,0.125,0.0,5.3,0.0,10.6,10.6,1.0,0.0,12.4,12.4,5.3,7.1,1.8,0.0,0.0,3.5,5.3,14.2,5.3,35.2,0,0,35.4,1,1,13086,1,15766,21798,9887,22420,15070,12434,15070,546,1141,1,14058,1193,3198,6794,856,7371,8263,8846,8627,3612,13767,9940,10913,2246,150,9783,1,20:20
2024-25,1642345,Oso Ighodaro,Oso,1610612756,PHX,Phoenix Suns,0022401140,2025-04-06T00:00:00,PHX @ NYK,L,23.133333333333333,6.2,6.2,1.0,0.0,0.0,0.0,0.0,0.0,0.0,3.1,1.6,4.7,4.7,0.0,0.0,0.0,0.0,1.6,1.6,12.4,-17.1,25.1,0,0,21.8,1,13222,1,13222,13610,10902,22391,1,15070,20945,15070,13505,14344,13505,5111,20755,15650,8261,16469,12854,8263,8846,17014,14773,15651,20669,18247,2246,150,19796,1,23:08
2024-25,1628960,Grayson Allen,Grayson,1610612756,PHX,Phoenix Suns,0022401140,2025-04-06T00:00:00,PHX @ NYK,L,21.983333333333334,6.6,21.3,0.308,0.0,9.8,0.0,11.5,11.5,1.0,0.0,9.8,9.8,1.6,3.3,0.0,0.0,0.0,1.6,6.6,24.6,-6.6,35.5,0,0,36.0,1,13222,1,13222,14516,10058,2164,19226,15070,3697,15070,407,899,1,14058,2704,5638,17541,5580,12854,8263,8846,16754,2032,4445,16312,10705,2246,150,9349,1,21:59
2024-25,1630167,Obi Toppin,Obi,1610612754,IND,Indiana Pacers,0022401142,2025-04-06T00:00:00,IND @ DEN,W,26.416666666666668,12.3,24.5,0.5,5.5,12.3,0.444,0.0,0.0,0.0,0.0,5.5,5.5,1.4,0.0,0.0,0.0,2.7,1.4,0.0,30.0,0.0,38.6,0,0,42.2,1,1,13086,1,10803,1373,925,8526,1787,1641,7211,13505,14344,13505,14058,9671,13670,18457,16469,12854,8263,1704,17778,17725,2093,12240,8665,2246,150,5525,1,26:25
2024-25,201959,Taj Gibson,Taj,1610612766,CHA,Charlotte Hornets,0022401133,2025-04-06T00:00:00,CHA vs. CHI,L,5.083333333333333,7.1,14.2,0.5,0.0,0.0,0.0,0.0,0.0,0.0,7.1,0.0,7.1,0.0,0.0,0.0,0.0,0.0,7.1,14.2,14.2,-14.2,22.7,0,0,21.2,1,13222,1,13222,23956,8734,9888,8526,15070,20945,15070,13505,14344,13505,1107,22137,9986,19908,16469,12854,8263,8846,1907,119,13768,19569,19772,2246,150,20131,1,5:05
2024-25,1631128,Christian Braun,Christian,1610612743,DEN,Denver Nuggets,0022401142,2025-04-06T00:00:00,DEN vs. IND,L,38.82666666666667,11.1,14.8,0.75,2.8,2.8,1.0,2.8,2.8,1.0,0.9,6.5,7.4,3.7,0.0,0.0,0.0,0.9,2.8,2.8,27.8,3.7,42.3,0,0,41.7,1,13222,1,13222,952,2164,8846,2107,7277,18106,1,8388,10535,1,13791,7331,9337,10766,16469,12854,8263,8517,11722,10033,2853,10803,6484,2246,150,5787,1,38:50
2024-25,1628989,Kevin Huerter,Kevin,1610612741,CHI,Chicago Bulls,0022401133,2025-04-06T00:00:00,CHI @ CHA,W,28.816666666666666,6.2,10.0,0.625,3.7,6.2,0.6,0.0,0.0,0.0,0.0,1.2,1.2,3.7,0.0,1.2,0.0,0.0,5.0,1.2,16.2,10.0,27.1,0,0,27.5,1,1,13086,1,8827,10857,17063,4899,4583,10087,2992,13505,14344,13505,14058,21401,22881,10654,16469,9805,8263,8846,4610,16134,11662,7701,16869,2246,150,15800,1,28:49
2024-25,1631104,Blake Wesley,Blake,1610612759,SAS,San Antonio Spurs,0022401139,2025-04-06T00:00:00,SAS @ POR,L,9.533333333333333,0.0,11.3,0.0,0.0,3.8,0.0,0.0,0.0,0.0,0.0,11.3,11.3,3.8,3.8,7.6,0.0,0.0,0.0,0.0,0.0,-60.4,38.1,0,0,30.2,1,13222,1,13222,22273,22635,14780,22635,15070,16045,15070,13505,14344,13505,14058,1730,4105,10568,4376,241,8263,8846,20257,17725,23200,25699,8934,2246,150,13788,1,9:32
2024-25,201599,DeAndre Jordan,DeAndre,1610612743,DEN,Denver Nuggets,0022401142,2025-04-06T00:00:00,DEN vs. IND,L,9.0,0.0,8.0,0.0,0.0,0.0,0.0,0.0,8.0,0.0,8.0,12.0,20.0,8.0,0.0,0.0,4.0,0.0,4.0,4.0,0.0,-24.0,48.0,0,0,36.0,1,13222,1,13222,22453,22635,20259,22635,15070,20945,15070,13505,2522,13505,784,1347,528,2886,16469,12854,917,8846,7143,6303,23200,22572,3973,2246,150,9360,1,9:00
2024-25,1629216,Gabe Vincent,Gabe,1610612747,LAL,Los Angeles Lakers,0022401135,2025-04-06T00:00:00,LAL @ OKC,W,26.466666666666665,5.4,9.5,0.571,5.4,9.5,0.571,0.0,0.0,0.0,0.0,4.1,4.1,4.1,0.0,0.0,0.0,0.0,4.1,0.0,16.3,28.6,27.3,0,0,29.9,1,1,13086,1,10757,13151,17904,6538,1798,4075,3506,13505,14344,13505,14058,13476,17116,9702,16469,12854,8263,8846,6896,17725,11573,2173,16712,2246,150,14001,1,26:28
2024-25,1631232,Keion Brooks Jr.,Keion,1610612740,NOP,New Orleans Pelicans,0022400617,2025-04-06T00:00:00,NOP vs. MIL,L,31.983333333333334,5.6,12.4,0.455,1.1,3.4,0.333,2.3,2.3,1.0,1.1,10.1,11.3,1.1,0.0,0.0,1.1,1.1,0.0,1.1,14.6,3.4,33.2,1,0,30.4,1,13222,1,13222,5982,12622,12927,12676,13800,16918,9209,9778,11931,1,12291,2479,4192,19272,16469,12854,6632,6830,20257,16798,13266,10936,12421,1,150,13640,1,31:59
2024-25,1627936,Alex Caruso,Alex,1610612760,OKC,Oklahoma City Thunder,0022401135,2025-04-06T00:00:00,OKC vs. LAL,L,17.15,6.3,18.9,0.333,2.1,8.4,0.25,0.0,0.0,0.0,2.1,4.2,6.3,4.2,0.0,2.1,2.1,0.0,2.1,2.1,14.7,-23.1,41.1,0,0,35.7,1,13222,1,13222,18166,10723,3851,17395,9688,5758,11902,13505,14344,13505,7953,13126,11608,9391,16469,5791,3211,8846,14616,12615,13200,22354,7087,2246,150,9593,1,17:09
2024-25,1628973,Jalen Brunson,Jalen,1610612752,NYK,New York Knicks,0022401140,2025-04-06T00:00:00,NYK vs. PHX,W,34.45,3.1,9.4,0.333,1.0,4.2,0.25,8.4,10.4,0.8,0.0,2.1,2.1,6.3,3.1,1.0,0.0,0.0,2.1,11.5,15.7,9.4,27.6,0,0,27.2,1,1,13086,1,3894,19128,18108,17395,14282,15170,11902,1246,1206,7681,14058,19387,21631,5067,6033,11539,8263,8846,14657,235,12248,7988,16509,2246,150,16045,1,34:27
2024-25,1630692,Jordan Goodwin,Jordan,1610612747,LAL,Los Angeles Lakers,0022401135,2025-04-06T00:00:00,LAL @ OKC,W,9.483333333333333,7.6,15.2,0.5,0.0,0.0,0.0,0.0,0.0,0.0,3.8,15.2,19.0,7.6,7.6,0.0,0.0,0.0,0.0,0.0,15.2,45.6,41.8,0,0,41.8,1,1,13086,1,22281,7532,8282,8526,15070,20945,15070,13505,14344,13505,3892,532,705,3294,680,12854,8263,8846,20257,17725,12724,683,6747,2246,150,5772,1,9:29
2024-25,202710,Jimmy Butler III,Jimmy,1610612744,GSW,Golden State Warriors,0022401143,2025-04-06T00:00:00,GSW vs. HOU,L,32.85,4.4,7.7,0.571,1.1,1.1,1.0,4.4,4.4,1.0,2.2,3.3,5.5,3.3,1.1,2.2,1.1,2.2,2.2,3.3,14.2,-19.7,34.5,0,0,30.7,1,13222,1,13222,5284,16114,20687,6538,13964,20750,1,5021,7059,1,7606,15830,13593,12031,15160,5433,6818,2665,14133,8289,13666,21469,11433,2246,150,13406,1,32:51
2024-25,1629628,RJ Barrett,RJ,1610612761,TOR,Toronto Raptors,0022401134,2025-04-06T00:00:00,TOR @ BKN,W,28.683333333333334,5.0,20.1,0.25,0.0,5.0,0.0,6.3,13.8,0.455,3.8,3.8,7.5,3.8,0.0,0.0,1.3,1.3,0.0,10.0,16.3,-3.8,34.8,0,0,30.1,1,1,13086,1,8938,14322,2905,20233,15070,13158,15070,2615,476,13032,3940,14429,9108,10609,16469,12854,5878,5905,20257,405,11585,14928,11227,2246,150,13851,1,28:41
2024-25,1642258,Zaccharie Risacher,Zaccharie,1610612737,ATL,Atlanta Hawks,0022401136,2025-04-06T00:00:00,ATL vs. UTA,W,22.316666666666666,9.7,19.4,0.5,3.2,8.1,0.4,3.2,3.2,1.0,0.0,3.2,3.2,3.2,0.0,0.0,0.0,0.0,6.5,1.6,25.8,4.8,34.5,0,0,35.5,1,1,13086,1,14262,3626,3457,8526,5880,6341,7874,7263,9464,1,14058,15999,19158,12206,16469,12854,8263,8846,2438,14583,3769,10191,11431,2246,150,9737,1,22:19
2024-25,1642271,Kyle Filipowski,Kyle,1610612762,UTA,Utah Jazz,0022401136,2025-04-06T00:00:00,UTA @ ATL,L,24.166666666666668,4.5,8.9,0.5,0.0,3.0,0.0,4.5,4.5,1.0,3.0,10.4,13.4,3.0,1.5,1.5,1.5,0.0,1.5,3.0,13.4,-13.4,41.4,0,0,35.8,1,13222,1,13222,12748,15870,18812,8526,15070,17707,15070,4881,6900,1,5396,2275,2544,13002,12799,8458,4892,8846,17266,9335,14612,19272,6925,2246,150,9545,1,24:10
2024-25,1630548,Johnny Juzang,Johnny,1610612762,UTA,Utah Jazz,0022401136,2025-04-06T00:00:00,UTA @ ATL,L,35.37833333333333,5.1,12.2,0.417,5.1,11.2,0.455,0.0,0.0,0.0,0.0,2.0,2.0,2.0,0.0,3.1,0.0,0.0,2.0,0.0,15.3,-9.2,29.9,0,0,30.5,1,13222,1,13222,3173,14128,13243,14532,2170,2336,7148,13505,14344,13505,14058,19550,21735,16245,16469,3046,8263,8846,14943,17725,12644,17508,14855,2246,150,13532,1,35:23
2024-25,1641764,Brandin Podziemski,Brandin,1610612744,GSW,Golden State Warriors,0022401143,2025-04-06T00:00:00,GSW vs. HOU,L,30.506666666666668,8.3,16.5,0.5,4.7,10.6,0.444,1.2,1.2,1.0,0.0,7.1,7.1,4.7,4.7,1.2,0.0,0.0,0.0,1.2,22.4,-21.2,36.8,0,0,41.3,1,13222,1,13222,7316,6060,6396,8526,2698,2861,7211,12668,13922,1,14058,6213,9997,8137,2695,10344,8263,8846,20257,16508,5907,21895,9829,2246,150,6027,1,30:30
2024-25,1630596,Evan Mobley,Evan,1610612739,CLE,Cleveland Cavaliers,0022401138,2025-04-06T00:00:00,CLE vs. SAC,L,32.95,7.6,15.3,0.5,0.0,4.4,0.0,2.2,5.5,0.4,3.3,6.6,9.8,4.4,1.1,3.3,2.2,1.1,1.1,3.3,17.5,-4.4,51.1,0,0,42.6,1,13222,1,13222,5189,7388,8118,8526,15070,14758,15070,10007,5236,13061,4791,7191,5628,8961,15179,2605,2980,7110,19140,8320,10344,15257,2955,2246,150,5348,1,32:57
2024-25,1630570,Trendon Watford,Trendon,1610612751,BKN,Brooklyn Nets,0022401134,2025-04-06T00:00:00,BKN vs. TOR,L,22.216666666666665,4.9,8.1,0.6,0.0,0.0,0.0,11.3,16.2,0.7,1.6,6.5,8.1,6.5,1.6,0.0,0.0,0.0,3.2,11.3,21.1,4.9,38.9,0,0,35.6,1,13222,1,13222,14337,14773,20085,5394,15070,20945,15070,433,265,9366,9845,7350,8096,4744,12252,12854,8263,8846,9691,251,7033,10184,8483,2246,150,9628,1,22:13
2024-25,1630577,Julian Champagnie,Julian,1610612759,SAS,San Antonio Spurs,0022401139,2025-04-06T00:00:00,SAS @ POR,L,20.1,3.6,7.2,0.5,3.6,5.4,0.667,1.8,3.6,0.5,0.0,5.4,5.4,0.0,1.8,0.0,0.0,0.0,1.8,1.8,12.5,-37.6,17.2,0,0,21.5,1,13222,1,13222,15948,18120,21364,8526,4961,12269,1957,11260,8723,10625,14058,9845,13870,19908,11589,12854,8263,8846,16227,13964,15555,24663,22415,2246,150,19967,1,20:06
2024-25,1642275,Tidjane Salaün,Tidjane,1610612766,CHA,Charlotte Hornets,0022401133,2025-04-06T00:00:00,CHA vs. CHI,L,25.833333333333332,4.2,11.1,0.375,0.0,4.2,0.0,0.0,2.8,0.0,1.4,7.0,8.4,4.2,1.4,0.0,0.0,0.0,7.0,1.4,8.4,-5.6,23.3,0,0,20.9,1,13222,1,13222,11308,16646,15105,16299,15070,15169,15070,13505,10514,13505,10771,6418,7671,9440,13311,12854,8263,8846,1998,15478,19614,15870,19390,2246,150,20344,1,25:50
2024-25,1630531,Jaden Springer,Jaden,1610612762,UTA,Utah Jazz,0022401136,2025-04-06T00:00:00,UTA @ ATL,L,16.288333333333334,8.8,8.8,1.0,2.2,2.2,1.0,0.0,0.0,0.0,0.0,2.2,2.2,2.2,0.0,4.4,0.0,0.0,6.6,2.2,19.9,0.0,39.1,0,0,35.4,1,13222,1,13222,18732,4986,18953,1,9202,19146,1,13505,14344,13505,14058,19044,21394,15591,16469,1287,8263,8846,2291,12118,8004,12240,8320,2246,150,9828,1,16:17
2024-25,1630578,Alperen Sengun,Alperen,1610612745,HOU,Houston Rockets,0022401143,2025-04-06T00:00:00,HOU @ GSW,W,32.84,7.7,18.6,0.412,0.0,1.1,0.0,5.5,11.0,0.5,7.7,7.7,15.3,4.4,3.3,1.1,0.0,0.0,1.1,8.8,20.8,12.1,45.8,1,0,42.8,1,1,13086,1,5295,7317,4086,14791,15070,20749,15070,3432,1035,10625,891,5199,1631,8926,5533,11052,8263,8846,19125,731,7216,6775,4814,1,150,5286,1,32:50
2024-25,1629731,Dean Wade,Dean,1610612739,CLE,Cleveland Cavaliers,0022401138,2025-04-06T00:00:00,CLE vs. SAC,L,3.4833333333333334,10.3,20.7,0.5,10.3,20.7,0.5,0.0,0.0,0.0,0.0,0.0,0.0,0.0,0.0,0.0,0.0,0.0,0.0,0.0,31.0,62.0,31.0,0,0,41.3,1,13222,1,13222,24719,2884,2530,8526,195,210,3944,13505,14344,13505,14058,22137,23286,19908,16469,12854,8263,8846,20257,17725,1774,332,14059,2246,150,6005,1,3:29
2024-25,203552,Seth Curry,Seth,1610612766,CHA,Charlotte Hornets,0022401133,2025-04-06T00:00:00,CHA vs. CHI,L,18.3,7.9,9.8,0.8,2.0,2.0,1.0,2.0,2.0,1.0,0.0,2.0,2.0,3.9,0.0,0.0,0.0,0.0,3.9,3.9,19.7,-21.6,27.9,0,0,27.5,1,13222,1,13222,17361,6914,17342,1688,10308,19610,1,10752,12808,1,14058,19762,21863,10118,16469,12854,8263,8846,7330,6474,8184,22001,16273,2246,150,15759,1,18:18
2024-25,1641727,Dariq Whitehead,Dariq,1610612751,BKN,Brooklyn Nets,0022401134,2025-04-06T00:00:00,BKN vs. TOR,L,27.566666666666666,6.5,15.7,0.417,3.9,10.4,0.375,0.0,0.0,0.0,0.0,5.2,5.2,3.9,6.5,0.0,0.0,1.3,2.6,1.3,17.0,-17.0,22.6,0,0,30.0,1,13222,1,13222,9899,10113,7583,14532,4168,3027,8800,13505,14344,13505,14058,10225,14224,10178,1111,12854,8263,5620,12381,15881,10869,20611,19822,2246,150,13916,1,27:34
2024-25,1630171,Isaac Okoro,Isaac,1610612739,CLE,Cleveland Cavaliers,0022401138,2025-04-06T00:00:00,CLE vs. SAC,L,17.615,6.1,6.1,1.0,2.0,2.0,1.0,0.0,0.0,0.0,4.1,0.0,4.1,2.0,2.0,4.1,0.0,0.0,2.0,0.0,14.3,40.9,32.5,0,0,30.7,1,13222,1,13222,17854,11139,22488,1,9944,19468,1,13505,14344,13505,3469,22137,17104,16213,10286,1554,8263,8846,14903,17725,13597,920,12948,2246,150,13434,1,17:37
2024-25,1631248,Baylor Scheierman,Baylor,1610612738,BOS,Boston Celtics,0022401137,2025-04-06T00:00:00,BOS vs. WAS,W,21.0,3.4,10.3,0.333,3.4,10.3,0.333,0.0,0.0,0.0,3.4,3.4,6.9,3.4,6.9,1.7,0.0,0.0,5.1,0.0,10.3,29.1,21.9,0,0,27.4,1,1,13086,1,15296,18476,16579,17395,5315,3168,9209,13505,14344,13505,4484,15435,10414,11607,956,7558,8263,8846,4291,17725,17866,2084,20178,2246,150,15847,1,21:00
2024-25,1628418,Thomas Bryant,Thomas,1610612754,IND,Indiana Pacers,0022401142,2025-04-06T00:00:00,IND @ DEN,W,14.521666666666667,7.4,17.4,0.429,0.0,9.9,0.0,2.5,2.5,1.0,2.5,7.4,9.9,0.0,2.5,2.5,5.0,0.0,9.9,2.5,17.4,7.4,49.1,0,0,42.1,1,1,13086,1,19869,7918,5400,13735,15070,3593,15070,9108,11256,1,6679,5607,5536,19908,8334,4439,529,8846,721,11070,10470,8915,3594,2246,150,5576,1,14:31
2024-25,1628995,Kevin Knox II,Kevin,1610612744,GSW,Golden State Warriors,0022401143,2025-04-06T00:00:00,GSW vs. HOU,L,1.7,0.0,0.0,0.0,0.0,0.0,0.0,0.0,0.0,0.0,0.0,21.2,21.2,0.0,0.0,0.0,0.0,0.0,0.0,0.0,0.0,63.5,25.4,0,0,21.2,1,13222,1,13222,25663,22635,24836,22635,15070,20945,15070,13505,14344,13505,14058,137,401,19908,16469,12854,8263,8846,20257,17725,23200,306,17984,2246,150,20169,1,1:42
2024-25,1642269,Devin Carter,Devin,1610612758,SAC,Sacramento Kings,0022401138,2025-04-06T00:00:00,SAC @ CLE,W,6.733333333333333,0.0,10.7,0.0,0.0,5.3,0.0,0.0,0.0,0.0,5.3,5.3,10.7,5.3,5.3,5.3,0.0,5.3,0.0,0.0,0.0,0.0,31.5,0,0,26.7,1,1,13086,1,23265,22635,15888,22635,15070,12331,15070,13505,14344,13505,2044,9906,4705,6726,1957,716,8263,307,20257,17725,23200,12240,13647,2246,150,16376,1,6:44
2024-25,1630559,Austin Reaves,Austin,1610612747,LAL,Los Angeles Lakers,0022401135,2025-04-06T00:00:00,LAL @ OKC,W,33.75,7.5,16.0,0.467,4.3,8.5,0.5,2.1,2.1,1.0,0.0,2.1,2.1,3.2,3.2,1.1,1.1,1.1,1.1,2.1,21.3,14.9,31.9,0,0,35.2,1,1,13086,1,4481,7852,7106,12249,3452,5523,3944,10194,12311,1,14058,19261,21546,12310,5817,11327,7015,7349,19303,12470,6785,5655,13407,2246,150,9952,1,33:45
2024-25,101108,Chris Paul,Chris,1610612759,SAS,San Antonio Spurs,0022401139,2025-04-06T00:00:00,SAS @ POR,L,29.2,3.7,7.4,0.5,0.0,2.5,0.0,2.5,3.7,0.667,0.0,3.7,3.7,11.1,2.5,1.2,0.0,0.0,6.2,2.5,9.9,-4.9,32.2,0,0,27.1,1,13222,1,13222,8496,17833,21073,8526,15070,18688,15070,9149,8479,9425,14058,14633,18074,966,8379,9920,8263,8846,2747,11114,18293,15549,13198,2246,150,16070,1,29:12
2024-25,1641712,Rayan Rupert,Rayan,1610612757,POR,Portland Trail Blazers,0022401139,2025-04-06T00:00:00,POR vs. SAS,W,24.055,4.5,13.5,0.333,1.5,3.0,0.5,0.0,0.0,0.0,0.0,1.5,1.5,4.5,1.5,4.5,0.0,3.0,1.5,0.0,10.5,18.0,31.0,0,0,26.9,1,1,13086,1,12843,15817,11054,17395,12047,17679,3944,13505,14344,13505,14058,20884,22572,8684,12761,1236,8263,1350,17234,17725,17684,4573,14071,2246,150,16204,1,24:03
2024-25,1629680,Matisse Thybulle,Matisse,1610612757,POR,Portland Trail Blazers,0022401139,2025-04-06T00:00:00,POR vs. SAS,W,21.333333333333332,3.4,10.1,0.333,3.4,6.8,0.5,0.0,0.0,0.0,0.0,6.8,6.8,3.4,1.7,1.7,0.0,1.7,5.1,1.7,10.1,-1.7,26.7,0,0,27.0,1,1,13086,1,15046,18594,16867,17395,5445,9015,3944,13505,14344,13505,14058,6787,10634,11752,11971,7657,8263,4182,4465,14314,18026,13871,17177,2246,150,16149,1,21:20
2024-25,1631157,Ryan Rollins,Ryan,1610612749,MIL,Milwaukee Bucks,0022400617,2025-04-06T00:00:00,MIL @ NOP,W,27.8,6.5,19.4,0.333,0.0,3.9,0.0,5.2,7.8,0.667,0.0,9.1,9.1,12.9,0.0,5.2,0.0,2.6,0.0,5.2,18.1,14.2,64.0,1,0,50.5,1,1,13086,1,9716,10245,3399,17395,15070,15831,15070,3786,2692,9425,14058,3444,6639,537,16469,794,8263,1892,20257,3799,9704,5907,783,1,150,2391,1,27:48
2024-25,1627734,Domantas Sabonis,Domantas,1610612758,SAC,Sacramento Kings,0022401138,2025-04-06T00:00:00,SAC @ CLE,W,39.5,10.0,13.7,0.733,0.9,1.8,0.5,3.6,3.6,1.0,2.7,5.5,8.2,6.4,6.4,1.8,0.0,0.9,2.7,3.6,24.6,1.8,43.1,0,0,43.7,1,1,13086,1,720,3197,10690,2644,14926,19878,3944,6394,8592,1,6022,9618,7935,4879,1189,7141,8263,8602,11897,7270,4424,11726,6085,2246,150,4803,1,39:30
2024-25,1627780,Gary Payton II,Gary,1610612744,GSW,Golden State Warriors,0022401143,2025-04-06T00:00:00,GSW vs. HOU,L,20.45,12.3,24.6,0.5,3.5,8.8,0.4,0.0,0.0,0.0,5.3,3.5,8.8,3.5,0.0,5.3,0.0,3.5,3.5,0.0,28.2,5.3,59.9,0,0,54.6,1,13222,1,13222,15675,1341,898,8526,5106,5103,7874,13505,14344,13505,2112,15173,7021,11340,16469,746,8263,899,8698,17725,2726,9966,1212,2246,150,1534,1,20:27
2024-25,1641718,Keyonte George,Keyonte,1610612762,UTA,Utah Jazz,0022401136,2025-04-06T00:00:00,UTA @ ATL,L,34.083333333333336,10.6,20.1,0.526,7.4,13.7,0.538,8.4,9.5,0.889,0.0,4.2,4.2,1.1,3.2,1.1,0.0,0.0,2.1,6.3,37.0,-3.2,43.6,0,0,51.8,1,13222,1,13222,4178,2656,2918,8379,637,1012,3915,1209,1595,6857,14058,13046,16749,19506,5912,11433,8263,8846,14555,2253,699,14660,5839,2246,150,2091,1,34:05
2024-25,1628983,Shai Gilgeous-Alexander,Shai,1610612760,OKC,Oklahoma City Thunder,0022401135,2025-04-06T00:00:00,OKC vs. LAL,L,30.433333333333334,14.2,27.2,0.522,2.4,5.9,0.4,0.0,0.0,0.0,0.0,3.5,3.5,10.6,1.2,1.2,1.2,0.0,1.2,2.4,30.8,-23.7,56.9,0,0,52.0,1,13222,1,13222,7377,653,476,8473,8608,10904,7874,13505,14344,13505,14058,15088,18450,1141,14561,10323,6287,8846,18636,11481,1846,22489,1658,2246,150,2026,1,30:26
2024-25,1631243,Mouhamed Gueye,Mouhamed,1610612737,ATL,Atlanta Hawks,0022401136,2025-04-06T00:00:00,ATL vs. UTA,W,10.361666666666666,6.9,10.4,0.667,3.5,3.5,1.0,10.4,10.4,1.0,3.5,6.9,10.4,3.5,0.0,0.0,3.5,0.0,3.5,3.5,27.8,-3.5,55.9,0,0,52.1,1,1,13086,1,21981,9052,16352,3281,5209,16705,1,577,1216,1,4414,6450,4985,11477,16469,12854,1248,8846,8825,7731,2860,14782,1822,2246,150,2009,1,10:22
2024-25,1630202,Payton Pritchard,Payton,1610612738,BOS,Boston Celtics,0022401137,2025-04-06T00:00:00,BOS vs. WAS,W,29.533333333333335,9.8,21.9,0.444,4.9,13.4,0.364,0.0,0.0,0.0,1.2,6.1,7.3,8.5,1.2,2.4,0.0,1.2,1.2,1.2,24.4,32.9,52.0,0,0,50.0,1,1,13086,1,8194,3535,1846,13045,2447,1130,9100,13505,14344,13505,11669,8114,9543,2395,14298,4567,8263,6132,18429,16302,4563,1636,2694,2246,150,2537,1,29:32
2024-25,1629029,Luka Dončić,Luka,1610612747,LAL,Los Angeles Lakers,0022401135,2025-04-06T00:00:00,LAL @ OKC,W,37.483333333333334,10.6,19.2,0.55,4.8,10.6,0.455,2.9,3.8,0.75,1.0,5.8,6.7,5.8,1.9,1.9,0.0,1.0,1.9,4.8,28.8,17.3,49.4,0,0,49.9,1,1,13086,1,1690,2652,3586,7655,2553,2917,7148,8146,8154,8186,13568,8881,10696,5926,10940,6664,8263,8260,15568,4498,2483,4810,3475,2246,150,2547,1,37:29
2024-25,1629027,Trae Young,Trae,1610612737,ATL,Atlanta Hawks,0022401136,2025-04-06T00:00:00,ATL vs. UTA,W,36.983333333333334,7.8,15.6,0.5,3.9,8.8,0.444,2.9,3.9,0.75,1.0,3.9,4.9,14.6,2.9,1.0,1.0,1.0,1.9,2.9,22.4,0.0,53.1,1,0,49.6,1,1,13086,1,1997,7092,7728,8526,4207,5165,7211,8036,8048,8186,13469,14042,15142,327,6766,12184,7665,8157,15428,9524,5932,12240,2433,1,150,2627,1,36:59
2024-25,203999,Nikola Jokić,Nikola,1610612743,DEN,Denver Nuggets,0022401142,2025-04-06T00:00:00,DEN vs. IND,L,39.0,16.6,30.5,0.545,2.8,10.2,0.273,1.8,2.8,0.667,2.8,11.1,13.8,12.0,3.7,1.8,0.9,2.8,0.0,3.7,37.8,0.9,77.1,1,1,72.0,1,13222,1,13222,882,307,251,7695,7321,3328,11838,11127,10562,9425,5928,1867,2305,719,4568,7050,7991,1642,20257,7148,617,12206,258,1,1,280,1,39:00
2024-25,1630553,Keon Johnson,Keon,1610612751,BKN,Brooklyn Nets,0022401134,2025-04-06T00:00:00,BKN vs. TOR,L,20.433333333333334,7.0,15.9,0.444,3.5,8.8,0.4,5.3,7.0,0.75,0.0,12.3,12.3,7.0,5.3,0.0,1.8,1.8,0.0,3.5,22.9,3.5,48.3,0,0,49.3,1,13222,1,13222,15684,8820,7335,13045,5098,5091,7874,3675,3322,8186,14058,1216,3245,3959,2022,12854,4138,3998,20257,7598,5552,10884,3885,2246,150,2723,1,20:26
2024-25,1641739,Toumani Camara,Toumani,1610612757,POR,Portland Trail Blazers,0022401139,2025-04-06T00:00:00,POR vs. SAS,W,34.443333333333335,8.4,16.7,0.5,4.2,11.5,0.364,3.1,4.2,0.75,2.1,8.4,10.5,3.1,2.1,0.0,1.0,0.0,5.2,5.2,24.0,-3.1,42.3,1,0,43.9,1,1,13086,1,3901,5869,6150,8526,3609,2101,9100,7465,7449,8186,7992,4201,4962,12518,10047,12854,7165,8846,4149,3734,4775,14639,6462,1,150,4742,1,34:27
2024-25,1630573,Sam Hauser,Sam,1610612738,BOS,Boston Celtics,0022401137,2025-04-06T00:00:00,BOS vs. WAS,W,21.666666666666668,11.6,19.9,0.583,6.6,11.6,0.571,0.0,0.0,0.0,3.3,10.0,13.3,0.0,0.0,0.0,1.7,1.7,1.7,0.0,29.9,41.5,50.8,0,0,53.2,1,1,13086,1,14776,1781,3010,6296,929,2011,3506,13505,14344,13505,4705,2606,2609,19908,16469,12854,4397,4251,16660,17725,2116,874,3030,2246,150,1770,1,21:40
2024-25,1630170,Devin Vassell,Devin,1610612759,SAS,San Antonio Spurs,0022401139,2025-04-06T00:00:00,SAS @ POR,L,31.65,9.1,18.2,0.5,3.4,8.0,0.429,2.3,3.4,0.667,2.3,5.7,8.0,2.3,4.5,3.4,0.0,0.0,3.4,2.3,23.9,-5.7,42.5,0,0,44.4,1,13222,1,13222,6279,4526,4461,8526,5352,6516,7394,9707,9063,9425,7327,9074,8341,15323,2925,2358,8263,8846,9029,11841,4886,15913,6348,2246,150,4524,1,31:39
2024-25,1641708,Amen Thompson,Amen,1610612745,HOU,Houston Rockets,0022401143,2025-04-06T00:00:00,HOU @ GSW,W,29.25,8.6,17.2,0.5,0.0,2.5,0.0,0.0,0.0,0.0,3.7,3.7,7.4,7.4,1.2,3.7,2.5,0.0,4.9,1.2,17.2,32.0,54.4,0,0,44.3,1,1,13086,1,8450,5411,5542,8526,15070,18697,15070,13505,14344,13505,4048,14656,9400,3531,14227,1975,2446,8846,4792,16238,10597,1733,2115,2246,150,4552,1,29:15
2024-25,1628470,Torrey Craig,Torrey,1610612738,BOS,Boston Celtics,0022401137,2025-04-06T00:00:00,BOS vs. WAS,W,16.3,2.2,6.6,0.333,2.2,4.4,0.5,0.0,0.0,0.0,8.8,8.8,17.7,4.4,0.0,0.0,6.6,2.2,0.0,0.0,6.6,24.3,54.3,0,0,44.2,1,1,13086,1,18725,21017,21978,17395,9210,14642,3944,13505,14344,13505,588,3682,974,8837,16469,12854,232,2620,20257,17725,20971,2967,2132,2246,150,4605,1,16:18
2024-25,1629012,Collin Sexton,Collin,1610612762,UTA,Utah Jazz,0022401136,2025-04-06T00:00:00,UTA @ ATL,L,36.7,8.8,15.7,0.563,2.9,5.9,0.5,5.9,6.9,0.857,2.0,2.9,4.9,5.9,1.0,2.0,0.0,0.0,2.0,4.9,26.5,-7.8,46.1,0,0,44.1,1,13222,1,13222,2195,5009,7552,7127,6717,10983,3944,2984,3506,7071,8566,16921,15050,5696,15969,6440,8263,8846,15348,4286,3440,16899,4702,2246,150,4621,1,36:42
2024-25,1630228,Jonathan Kuminga,Jonathan,1610612744,GSW,Golden State Warriors,0022401143,2025-04-06T00:00:00,GSW vs. HOU,L,19.483333333333334,7.4,16.6,0.444,1.8,7.4,0.25,0.0,0.0,0.0,1.8,11.1,12.9,5.5,5.5,1.8,0.0,0.0,3.7,1.8,16.6,16.6,40.5,0,0,40.7,1,13222,1,13222,16431,8033,6269,13045,10885,7639,11902,13505,14344,13505,9050,1860,2851,6351,1774,7046,8263,8846,8100,13743,11242,5028,7480,2246,150,6410,1,19:29
2024-25,1642367,Jonathan Mogbo,Jonathan,1610612761,TOR,Toronto Raptors,0022401134,2025-04-06T00:00:00,TOR @ BKN,W,30.366666666666667,9.5,10.7,0.889,0.0,0.0,0.0,1.2,1.2,1.0,0.0,13.0,13.0,8.3,0.0,2.4,2.4,0.0,3.6,1.2,20.2,2.4,62.5,1,0,51.0,1,1,13086,1,7443,3902,15941,1318,15070,20945,15070,12643,13913,1,14058,999,2781,2618,16469,4791,2605,8846,8577,16479,7788,11427,919,1,150,2274,1,30:22
2024-25,1642355,Bronny James,Bronny,1610612747,LAL,Los Angeles Lakers,0022401135,2025-04-06T00:00:00,LAL @ OKC,W,2.2666666666666666,15.9,15.9,1.0,15.9,15.9,1.0,0.0,0.0,0.0,0.0,15.9,15.9,0.0,0.0,0.0,0.0,0.0,0.0,0.0,47.6,63.5,66.7,0,0,79.4,1,1,13086,1,25330,365,7290,1,64,534,1,13505,14344,13505,14058,442,1461,19908,16469,12854,8263,8846,20257,17725,195,306,586,2246,150,166,1,2:16
2024-25,1631109,Mark Williams,Mark,1610612766,CHA,Charlotte Hornets,0022401133,2025-04-06T00:00:00,CHA vs. CHI,L,30.995,8.1,12.8,0.636,0.0,1.2,0.0,9.3,10.5,0.889,0.0,10.5,10.5,2.3,2.3,1.2,1.2,0.0,5.8,5.8,25.6,-16.3,46.2,0,0,43.0,1,13222,1,13222,6888,6349,12260,4689,15070,20671,15070,910,1204,6857,14058,2263,4961,15147,8974,10495,6415,8846,3209,2887,3906,20355,4659,2246,150,5160,1,30:60
2024-25,1630311,Pat Spencer,Pat,1610612744,GSW,Golden State Warriors,0022401143,2025-04-06T00:00:00,GSW vs. HOU,L,1.7,0.0,21.2,0.0,0.0,0.0,0.0,0.0,0.0,0.0,0.0,0.0,0.0,42.4,0.0,21.2,0.0,0.0,0.0,21.2,0.0,63.5,127.1,0,0,84.7,1,13222,1,13222,25663,22635,2220,22635,15070,20945,15070,13505,14344,13505,14058,22137,23286,8,16469,20,8263,8846,20257,35,23200,306,26,2246,150,118,1,1:42
2024-25,1629162,Jordan McLaughlin,Jordan,1610612759,SAS,San Antonio Spurs,0022401139,2025-04-06T00:00:00,SAS @ POR,L,10.083333333333334,7.1,7.1,1.0,0.0,0.0,0.0,3.6,3.6,1.0,3.6,3.6,7.1,10.7,3.6,3.6,0.0,0.0,0.0,3.6,17.9,53.6,49.6,0,0,42.8,1,13222,1,13222,22077,8605,21390,1,15070,20945,15070,6552,8742,1,4268,15025,9875,1103,4841,2138,8263,8846,20257,7477,9980,471,3379,2246,150,5226,1,10:05
2024-25,1628401,Derrick White,Derrick,1610612738,BOS,Boston Celtics,0022401137,2025-04-06T00:00:00,BOS vs. WAS,W,25.75,9.8,16.8,0.583,7.0,12.6,0.556,0.0,0.0,0.0,0.0,1.4,1.4,5.6,4.2,1.4,0.0,0.0,1.4,1.4,26.6,19.6,36.6,0,0,43.3,1,1,13086,1,11366,3490,6078,6296,768,1488,3747,13505,14344,13505,14058,21093,22698,6268,3514,8915,8263,8846,17628,15463,3400,4082,9934,2246,150,4979,1,25:45
2024-25,1631255,Karlo Matković,Karlo,1610612740,NOP,New Orleans Pelicans,0022400617,2025-04-06T00:00:00,NOP vs. MIL,L,18.5,9.7,21.4,0.455,1.9,9.7,0.2,0.0,0.0,0.0,1.9,7.8,9.7,1.9,0.0,0.0,3.9,1.9,0.0,0.0,21.4,-21.4,47.7,0,0,42.8,1,13222,1,13222,17195,3561,2090,12676,10427,3799,13429,13505,14344,13505,8638,5029,5756,16577,16469,12854,976,3399,20257,17725,6730,21940,4079,2246,150,5244,1,18:30
2024-25,203994,Jusuf Nurkić,Jusuf,1610612766,CHA,Charlotte Hornets,0022401133,2025-04-06T00:00:00,CHA vs. CHI,L,16.25,17.7,24.4,0.727,4.4,8.9,0.5,0.0,0.0,0.0,2.2,4.4,6.6,0.0,4.4,0.0,2.2,0.0,2.2,0.0,39.9,-2.2,50.1,0,0,55.4,1,13222,1,13222,18753,233,958,2666,3187,5005,3944,13505,14344,13505,7545,12453,10850,19908,3100,12854,2914,8846,14031,17725,456,14155,3255,2246,150,1395,1,16:15
2024-25,1626167,Myles Turner,Myles,1610612754,IND,Indiana Pacers,0022401142,2025-04-06T00:00:00,IND @ DEN,W,31.128333333333334,9.3,18.5,0.5,4.6,11.6,0.4,4.6,4.6,1.0,0.0,2.3,2.3,1.2,0.0,0.0,3.5,0.0,1.2,2.3,27.8,3.5,42.7,0,0,42.8,1,1,13086,1,6772,4286,4214,8526,2845,2052,7874,4637,6622,1,14058,18727,21174,19156,16469,12854,1254,8846,18778,11697,2882,10905,6277,2246,150,5255,1,31:08
2024-25,1629674,Neemias Queta,Neemias,1610612738,BOS,Boston Celtics,0022401137,2025-04-06T00:00:00,BOS vs. WAS,W,6.883333333333334,15.7,15.7,1.0,0.0,0.0,0.0,0.0,0.0,0.0,0.0,0.0,0.0,5.2,0.0,5.2,5.2,0.0,5.2,0.0,31.4,-5.2,70.6,0,0,57.5,1,1,13086,1,23215,391,7559,1,15070,20945,15070,13505,14344,13505,14058,22137,23286,6982,16469,771,461,8846,4145,17725,1672,15711,414,2246,150,1094,1,6:53
2024-25,1631101,Shaedon Sharpe,Shaedon,1610612757,POR,Portland Trail Blazers,0022401139,2025-04-06T00:00:00,POR vs. SAS,W,34.14,5.3,17.9,0.294,2.1,7.4,0.286,9.5,11.6,0.818,0.0,10.5,10.5,6.3,6.3,1.1,0.0,0.0,3.2,7.4,22.1,11.6,41.1,1,0,43.2,1,1,13086,1,4137,13618,4777,19598,9649,7661,11433,845,870,7652,14058,2196,4868,4988,1209,11449,8263,8846,10028,1402,6106,6970,7102,1,150,5028,1,34:08
2024-25,1641801,Emanuel Miller,Emanuel,1610612741,CHI,Chicago Bulls,0022401133,2025-04-06T00:00:00,CHI @ CHA,W,1.4,25.7,51.4,0.5,0.0,25.7,0.0,51.4,51.4,1.0,0.0,0.0,0.0,0.0,0.0,0.0,0.0,0.0,0.0,25.7,102.9,-102.9,102.9,0,0,102.9,1,1,13086,1,25858,58,28,8526,15070,104,15070,6,14,1,14058,22137,23286,19908,16469,12854,8263,8846,20257,19,8,26160,63,2246,150,54,1,1:24
2024-25,1631218,Trayce Jackson-Davis,Trayce,1610612744,GSW,Golden State Warriors,0022401143,2025-04-06T00:00:00,GSW vs. HOU,L,1.71,42.1,63.2,0.667,0.0,0.0,0.0,0.0,0.0,0.0,21.1,0.0,21.1,0.0,0.0,0.0,0.0,0.0,0.0,0.0,84.2,63.2,109.5,0,0,105.3,1,13222,1,13222,25661,10,10,3281,15070,20945,15070,13505,14344,13505,48,22137,414,19908,16469,12854,8263,8846,20257,17725,23,315,53,2246,150,48,1,1:43
2024-25,1642264,Stephon Castle,Stephon,1610612759,SAS,San Antonio Spurs,0022401139,2025-04-06T00:00:00,SAS @ POR,L,30.566666666666666,8.2,20.0,0.412,1.2,5.9,0.2,8.2,10.6,0.778,2.4,5.9,8.2,5.9,4.7,1.2,0.0,0.0,3.5,9.4,25.9,-9.4,43.5,0,0,43.6,1,13222,1,13222,7262,6096,2959,14791,13486,10975,13429,1302,1157,8092,7068,8569,7863,5686,2700,10365,8263,8846,8650,544,3723,17630,5901,2246,150,4883,1,30:34
2024-25,202696,Nikola Vučević,Nikola,1610612741,CHI,Chicago Bulls,0022401133,2025-04-06T00:00:00,CHI @ CHA,W,32.75,6.6,13.2,0.5,2.2,5.5,0.4,2.2,4.4,0.5,1.1,11.0,12.1,4.4,2.2,2.2,0.0,0.0,2.2,2.2,17.6,27.5,43.1,1,0,40.7,1,1,13086,1,5365,9943,11495,8526,9246,11950,7874,9950,7032,10625,12470,1906,3424,8894,9512,5398,8263,8846,14102,12168,10236,2346,6097,1,150,6398,1,32:45
2024-25,1629632,Coby White,Coby,1610612741,CHI,Chicago Bulls,0022401133,2025-04-06T00:00:00,CHI @ CHA,W,35.416666666666664,12.2,16.3,0.75,6.1,8.1,0.75,7.1,7.1,1.0,0.0,2.0,2.0,5.1,1.0,2.0,0.0,0.0,2.0,5.1,37.6,14.2,52.8,0,0,54.9,1,1,13086,1,3137,1408,6735,2107,1234,6215,1542,1929,3251,1,14058,19554,21740,7281,15735,6094,8263,8846,14960,3950,639,5921,2516,2246,150,1474,1,35:25
2024-25,1631103,Malaki Branham,Malaki,1610612759,SAS,San Antonio Spurs,0022401139,2025-04-06T00:00:00,SAS @ POR,L,22.95,11.0,22.0,0.5,4.7,9.4,0.5,0.0,0.0,0.0,3.1,3.1,6.3,3.1,3.1,0.0,0.0,1.6,1.6,1.6,26.7,4.7,35.8,0,0,40.8,1,13222,1,13222,13753,2274,1837,8526,2721,4235,3944,13505,14344,13505,5064,16313,11663,12512,6025,12854,8263,4529,16967,14731,3356,10276,10529,2246,150,6335,1,22:57
2024-25,1642358,AJ Johnson,AJ,1610612764,WAS,Washington Wizards,0022401137,2025-04-06T00:00:00,WAS @ BOS,L,34.013333333333335,5.3,12.7,0.417,2.1,8.5,0.25,0.0,0.0,0.0,0.0,0.0,0.0,4.2,0.0,0.0,0.0,1.1,3.2,1.1,12.7,-25.4,19.1,0,0,19.1,1,13222,1,13222,4259,13553,12383,14532,9610,5643,11902,13505,14344,13505,14058,22137,23286,9297,16469,12854,8263,7418,9979,17128,15388,22891,21616,2246,150,21370,1,34:01
2024-25,1629020,Jarred Vanderbilt,Jarred,1610612747,LAL,Los Angeles Lakers,0022401135,2025-04-06T00:00:00,LAL @ OKC,W,15.116666666666667,0.0,2.4,0.0,0.0,0.0,0.0,7.1,9.5,0.75,2.4,2.4,4.8,2.4,4.8,4.8,0.0,2.4,2.4,7.1,7.1,9.5,26.0,0,0,23.8,1,1,13086,1,19484,22635,24682,22635,15070,20945,15070,1913,1587,8186,6977,18534,15395,14940,2634,1042,8263,2261,13303,1550,20602,7928,17649,2246,150,18457,1,15:07
2024-25,1626168,Trey Lyles,Trey,1610612758,SAC,Sacramento Kings,0022401138,2025-04-06T00:00:00,SAC @ CLE,W,40.333333333333336,1.8,5.4,0.333,0.9,3.6,0.25,1.8,3.6,0.5,0.9,6.2,7.1,0.9,0.0,1.8,0.0,0.9,1.8,2.7,6.2,13.4,21.5,0,0,18.7,1,1,13086,1,489,21778,23215,17395,14979,16510,11902,11266,8742,10625,13928,7794,9875,19872,16469,7312,8263,8690,16252,10383,21212,6232,20403,2246,150,21515,1,40:20
2024-25,1630572,Sandro Mamukelashvili,Sandro,1610612759,SAS,San Antonio Spurs,0022401139,2025-04-06T00:00:00,SAS @ POR,L,12.9,0.0,8.4,0.0,0.0,8.4,0.0,0.0,0.0,0.0,0.0,0.0,0.0,5.6,0.0,0.0,0.0,0.0,5.6,2.8,0.0,-27.9,8.4,0,0,5.6,1,13222,1,13222,20793,22635,19683,22635,15070,5794,15070,13505,14344,13505,14058,22137,23286,6288,16469,12854,8263,8846,3576,9994,23200,23416,24646,2246,150,25047,1,12:54
2024-25,1629013,Landry Shamet,Landry,1610612752,NYK,New York Knicks,0022401140,2025-04-06T00:00:00,NYK vs. PHX,W,13.516666666666667,5.3,8.0,0.667,2.7,5.3,0.5,0.0,0.0,0.0,0.0,2.7,2.7,0.0,2.7,0.0,0.0,0.0,2.7,2.7,13.3,18.6,13.8,0,0,18.6,1,1,13086,1,20480,13477,20276,3281,7640,12398,3944,13505,14344,13505,14058,17783,20517,19908,7643,12854,8263,8846,12189,10428,14728,4362,23537,2246,150,21556,1,13:31
2024-25,1626166,Cameron Payne,Cameron,1610612752,NYK,New York Knicks,0022401140,2025-04-06T00:00:00,NYK vs. PHX,W,13.55,2.7,10.6,0.25,0.0,5.3,0.0,0.0,0.0,0.0,0.0,2.7,2.7,15.9,0.0,0.0,0.0,0.0,2.7,0.0,5.3,13.3,32.4,0,0,23.9,1,1,13086,1,20458,20175,16003,20233,15070,12428,15070,13505,14344,13505,14058,17795,20526,219,16469,12854,8263,8846,12214,17725,21842,6263,13006,2246,150,18387,1,13:33
2024-25,1630198,Isaiah Joe,Isaiah,1610612760,OKC,Oklahoma City Thunder,0022401135,2025-04-06T00:00:00,OKC vs. LAL,L,19.95,3.6,10.8,0.333,3.6,9.0,0.4,0.0,0.0,0.0,0.0,0.0,0.0,3.6,0.0,0.0,0.0,0.0,0.0,1.8,10.8,-19.8,16.2,0,0,18.0,1,13222,1,13222,16058,18063,15642,17395,4904,4786,7874,13505,14344,13505,14058,22137,23286,11059,16469,12854,8263,8846,20257,13917,17330,21508,22760,2246,150,21842,1,19:57
2024-25,1642403,Isaac Jones,Isaac,1610612758,SAC,Sacramento Kings,0022401138,2025-04-06T00:00:00,SAC @ CLE,W,5.633333333333334,0.0,19.2,0.0,0.0,6.4,0.0,0.0,0.0,0.0,6.4,6.4,12.8,6.4,0.0,0.0,0.0,6.4,0.0,0.0,0.0,-32.0,24.9,0,0,19.2,1,1,13086,1,23727,22635,3613,22635,15070,9779,15070,13505,14344,13505,1423,7523,2947,4866,16469,12854,8263,194,20257,17725,23200,24024,18346,2246,150,21302,1,5:38
2024-25,1628988,Aaron Holiday,Aaron,1610612745,HOU,Houston Rockets,0022401143,2025-04-06T00:00:00,HOU @ GSW,W,10.7,3.4,6.7,0.5,3.4,6.7,0.5,0.0,0.0,0.0,0.0,6.7,6.7,3.4,3.4,0.0,0.0,0.0,3.4,0.0,10.1,-6.7,19.9,0,0,23.6,1,1,13086,1,21842,18610,21854,8526,5473,9051,3944,13505,14344,13505,14058,6830,10675,11777,5323,12854,8263,8846,9201,17725,18054,16393,21239,2246,150,18643,1,10:42
2024-25,1630241,Sam Merrill,Sam,1610612739,CLE,Cleveland Cavaliers,0022401138,2025-04-06T00:00:00,CLE vs. SAC,L,16.066666666666666,0.0,6.7,0.0,0.0,6.7,0.0,0.0,0.0,0.0,2.2,2.2,4.5,0.0,0.0,0.0,2.2,0.0,6.7,0.0,0.0,-9.0,12.1,0,0,9.0,1,13222,1,13222,18879,22635,21868,22635,15070,9070,15070,13505,14344,13505,7450,18947,16092,19908,16469,12854,2857,8846,2199,17725,23200,17408,23981,2246,150,24617,1,16:04
2024-25,1628392,Isaiah Hartenstein,Isaiah,1610612760,OKC,Oklahoma City Thunder,0022401135,2025-04-06T00:00:00,OKC vs. LAL,L,24.716666666666665,5.8,5.8,1.0,0.0,0.0,0.0,0.0,0.0,0.0,2.9,5.8,8.7,0.0,1.5,1.5,0.0,0.0,4.4,0.0,11.7,-17.5,25.1,0,0,23.3,1,13222,1,13222,12256,12036,22786,1,15070,20945,15070,13505,14344,13505,5558,8730,7118,19908,12974,8600,8263,8846,6102,17725,16518,20776,18251,2246,150,18800,1,24:43
2024-25,1641763,Julian Phillips,Julian,1610612741,CHI,Chicago Bulls,0022401133,2025-04-06T00:00:00,CHI @ CHA,W,10.55,3.4,13.6,0.25,0.0,10.2,0.0,0.0,0.0,0.0,0.0,0.0,0.0,0.0,0.0,0.0,0.0,0.0,6.8,0.0,6.8,23.9,6.8,0,0,6.8,1,1,13086,1,21898,18515,10738,20233,15070,3225,15070,13505,14344,13505,14058,22137,23286,19908,16469,12854,8263,8846,2122,17725,20845,3056,24836,2246,150,24911,1,10:33
2024-25,1629659,Talen Horton-Tucker,Talen,1610612741,CHI,Chicago Bulls,0022401133,2025-04-06T00:00:00,CHI @ CHA,W,14.133333333333333,2.5,10.2,0.25,0.0,2.5,0.0,7.6,10.2,0.75,0.0,2.5,2.5,2.5,2.5,0.0,0.0,0.0,5.1,5.1,12.7,0.0,17.1,0,0,17.8,1,1,13086,1,20122,20373,16746,20233,15070,18544,15070,1579,1296,8186,14058,18064,20711,14371,8053,12854,8263,8846,4387,3928,15350,12240,22456,2246,150,21942,1,14:08
2024-25,1630623,Tyson Etienne,Tyson,1610612751,BKN,Brooklyn Nets,0022401134,2025-04-06T00:00:00,BKN vs. TOR,L,32.18333333333333,2.2,7.8,0.286,1.1,6.7,0.167,2.2,4.5,0.5,1.1,3.4,4.5,2.2,3.4,0.0,1.1,0.0,2.2,3.4,7.8,-2.2,16.6,0,0,17.9,1,13222,1,13222,5816,20972,20497,19630,13846,9088,14236,9821,6885,10625,12337,15626,16111,15489,5342,12854,6677,8846,13938,8080,20060,14166,22638,2246,150,21914,1,32:11
2024-25,203901,Elfrid Payton,Elfrid,1610612740,NOP,New Orleans Pelicans,0022400617,2025-04-06T00:00:00,NOP vs. MIL,L,28.183333333333334,0.0,3.8,0.0,0.0,1.3,0.0,0.0,0.0,0.0,1.3,1.3,2.6,12.8,3.8,1.3,0.0,0.0,3.8,1.3,0.0,-3.8,22.2,0,0,17.9,1,13222,1,13222,9395,22635,24172,22635,15070,20520,15070,13505,14344,13505,11315,21330,20697,571,4228,9597,8263,8846,7645,15999,23200,14970,20017,2246,150,21922,1,28:11
2024-25,1641733,Nick Smith Jr.,Nick,1610612766,CHA,Charlotte Hornets,0022401133,2025-04-06T00:00:00,CHA vs. CHI,L,22.016666666666666,4.9,19.6,0.25,0.0,11.4,0.0,3.3,3.3,1.0,0.0,3.3,3.3,6.5,0.0,0.0,0.0,0.0,4.9,1.6,13.1,-21.3,26.8,0,0,22.9,1,13222,1,13222,14487,14663,3258,20233,15070,2141,15070,7163,9376,1,14058,15881,19061,4645,16469,12854,8263,8846,4824,14502,15009,21900,17074,2246,150,19080,1,22:01
2024-25,1641736,Reece Beekman,Reece,1610612751,BKN,Brooklyn Nets,0022401134,2025-04-06T00:00:00,BKN vs. TOR,L,35.65,6.1,13.1,0.462,0.0,4.0,0.0,2.0,2.0,1.0,0.0,4.0,4.0,5.0,2.0,3.0,0.0,1.0,3.0,2.0,14.1,-26.3,33.6,0,0,29.3,1,13222,1,13222,2946,11341,11625,12428,15070,15501,15070,10573,12661,1,14058,13600,17217,7357,10427,3087,8263,7832,10580,12986,13799,23077,12092,2246,150,14488,1,35:39
2024-25,1642267,Bub Carrington,Bub,1610612764,WAS,Washington Wizards,0022401137,2025-04-06T00:00:00,WAS @ BOS,L,41.36666666666667,5.2,13.9,0.375,0.9,7.0,0.125,0.9,1.7,0.5,0.0,2.6,2.6,5.2,0.0,0.0,0.9,0.9,1.7,0.9,12.2,-27.8,25.8,0,0,22.6,1,13222,1,13222,313,13756,10298,16299,15010,8538,14886,13474,13257,10625,14058,17924,20622,6994,16469,12854,8159,8739,16412,17696,15936,23400,17775,2246,150,19262,1,41:22
2024-25,1630639,A.J. Lawson,A.J.,1610612761,TOR,Toronto Raptors,0022401134,2025-04-06T00:00:00,TOR @ BKN,W,22.116666666666667,8.1,14.6,0.556,1.6,4.9,0.333,3.3,4.9,0.667,0.0,1.6,1.6,0.0,3.3,3.3,0.0,1.6,3.3,3.3,21.2,-9.8,29.6,0,0,30.9,1,1,13086,1,14402,6333,9134,7248,11607,13484,9209,7197,6149,9425,14058,20614,22403,19908,5646,2640,8263,4366,9632,8392,6957,17780,15067,2246,150,13229,1,22:07
2024-25,1641748,Andre Jackson Jr.,Andre,1610612749,MIL,Milwaukee Bucks,0022400617,2025-04-06T00:00:00,MIL @ NOP,W,6.366666666666666,0.0,5.7,0.0,0.0,0.0,0.0,0.0,0.0,0.0,0.0,17.0,17.0,5.7,0.0,0.0,0.0,0.0,0.0,0.0,0.0,-39.6,28.8,0,0,22.6,1,1,13086,1,23428,22635,22940,22635,15070,20945,15070,13505,14344,13505,14058,334,1136,6133,16469,12854,8263,8846,20257,17725,23200,24811,15603,2246,150,19264,1,6:22
2024-25,202687,Bismack Biyombo,Bismack,1610612759,SAS,San Antonio Spurs,0022401139,2025-04-06T00:00:00,SAS @ POR,L,19.5,9.2,18.5,0.5,0.0,0.0,0.0,0.0,0.0,0.0,3.7,3.7,7.4,0.0,3.7,0.0,1.8,3.7,3.7,0.0,18.5,0.0,29.2,0,0,29.5,1,13222,1,13222,16419,4312,4254,8526,15070,20945,15070,13505,14344,13505,4048,14656,9400,19908,4568,12854,3938,802,8110,17725,9354,12240,15380,2246,150,14297,1,19:30
2024-25,1642270,Donovan Clingan,Donovan,1610612757,POR,Portland Trail Blazers,0022401139,2025-04-06T00:00:00,POR vs. SAS,W,26.735,5.4,6.7,0.8,1.3,2.7,0.5,1.3,1.3,1.0,4.0,6.7,10.8,0.0,1.3,2.7,4.0,0.0,6.7,1.3,13.5,5.4,45.2,0,0,39.0,1,1,13086,1,10539,13315,21852,1688,12665,18278,3944,12183,13667,1,3552,6826,4629,19908,13592,3932,898,8846,2188,15698,14557,9900,5070,2246,150,7353,1,26:44
2024-25,1629026,Kenrich Williams,Kenrich,1610612760,OKC,Oklahoma City Thunder,0022401135,2025-04-06T00:00:00,OKC vs. LAL,L,12.433333333333334,5.8,20.3,0.286,2.9,11.6,0.25,0.0,0.0,0.0,0.0,0.0,0.0,0.0,0.0,5.8,0.0,0.0,0.0,2.9,14.5,-23.2,31.8,0,0,29.0,1,13222,1,13222,21030,12132,2791,19630,6878,2045,11902,13505,14344,13505,14058,22137,23286,19908,16469,535,8263,8846,20257,9605,13433,22369,13440,2246,150,14740,1,12:26
2024-25,1628404,Josh Hart,Josh,1610612752,NYK,New York Knicks,0022401140,2025-04-06T00:00:00,NYK vs. PHX,W,37.78333333333333,1.9,5.7,0.333,0.0,1.9,0.0,2.9,3.8,0.75,1.0,8.6,9.5,4.8,3.8,1.0,0.0,1.0,1.0,1.9,6.7,12.4,24.3,0,0,22.9,1,1,13086,1,1518,21576,22888,17395,15070,19729,15070,8191,8219,8186,13623,3967,6019,8008,4289,12329,8263,8316,19952,13490,20943,6644,18750,2246,150,19095,1,37:47
2024-25,1631303,Justin Minaya,Justin,1610612757,POR,Portland Trail Blazers,0022401139,2025-04-06T00:00:00,POR vs. SAS,W,13.556666666666667,5.3,10.6,0.5,2.7,8.0,0.333,0.0,0.0,0.0,0.0,0.0,0.0,2.7,2.7,2.7,2.7,0.0,2.7,0.0,13.3,37.2,30.5,0,0,29.2,1,1,13086,1,20453,13509,16017,8526,7669,6505,9209,13505,14344,13505,14058,22137,23286,14028,7673,4003,2144,8846,12224,17725,14779,1185,14405,2246,150,14538,1,13:33
2024-25,1641787,Tosan Evbuomwan,Tosan,1610612751,BKN,Brooklyn Nets,0022401134,2025-04-06T00:00:00,BKN vs. TOR,L,25.15,5.7,10.0,0.571,1.4,2.9,0.5,4.3,4.3,1.0,2.9,7.2,10.0,4.3,2.9,1.4,1.4,0.0,5.7,4.3,17.2,2.9,41.4,0,0,38.6,1,13222,1,13222,11876,12340,17023,6538,12331,17931,3944,5161,7221,1,5693,6082,5415,9135,6984,8748,5112,8846,3351,5599,10654,11186,6951,2246,150,7616,1,25:09
2024-25,1629631,De'Andre Hunter,De'Andre,1610612739,CLE,Cleveland Cavaliers,0022401138,2025-04-06T00:00:00,CLE vs. SAC,L,22.3,6.5,14.5,0.444,4.8,11.3,0.429,0.0,0.0,0.0,0.0,3.2,3.2,0.0,1.6,3.2,3.2,0.0,3.2,0.0,17.8,-45.2,39.4,0,0,38.7,1,13222,1,13222,14279,10292,9308,13045,2500,2253,7394,13505,14344,13505,14058,15992,19152,19908,12280,2678,1447,8846,9742,17725,10074,25193,8137,2246,150,7559,1,22:18
2024-25,201942,DeMar DeRozan,DeMar,1610612758,SAC,Sacramento Kings,0022401138,2025-04-06T00:00:00,SAC @ CLE,W,40.016666666666666,9.0,16.2,0.556,1.8,4.5,0.4,5.4,7.2,0.75,0.0,3.6,3.6,6.3,0.0,0.0,0.9,0.0,1.8,5.4,25.2,22.5,41.7,0,0,38.7,1,1,13086,1,560,4717,6842,7248,11081,14430,7874,3534,3172,8186,14058,14936,18331,5018,16469,12854,8085,8846,16192,3486,4132,3369,6800,2246,150,7597,1,40:01
2024-25,203084,Harrison Barnes,Harrison,1610612759,SAS,San Antonio Spurs,0022401139,2025-04-06T00:00:00,SAS @ POR,L,32.88333333333333,6.6,9.9,0.667,2.2,4.4,0.5,3.3,3.3,1.0,1.1,6.6,7.7,1.1,0.0,1.1,0.0,0.0,2.2,3.3,18.6,12.0,32.7,0,0,31.7,1,13222,1,13222,5255,10016,17323,3281,9270,14733,3944,7137,9346,1,12508,7166,8856,19359,16469,11062,8263,8846,14140,8295,9203,6778,12778,2246,150,12583,1,32:53
2024-25,1641717,Cason Wallace,Cason,1610612760,OKC,Oklahoma City Thunder,0022401135,2025-04-06T00:00:00,OKC vs. LAL,L,28.033333333333335,5.1,9.0,0.571,0.0,2.6,0.0,0.0,0.0,0.0,0.0,1.3,1.3,0.0,2.6,1.3,0.0,0.0,3.9,0.0,10.3,-29.5,13.1,0,0,14.1,1,13222,1,13222,9519,13985,18742,6538,15070,18502,15070,13505,14344,13505,14058,21313,22829,19908,7987,9547,8263,8846,7596,17725,17880,23661,23740,2246,150,23384,1,28:02
2024-25,1628378,Donovan Mitchell,Donovan,1610612739,CLE,Cleveland Cavaliers,0022401138,2025-04-06T00:00:00,CLE vs. SAC,L,33.0,7.6,17.5,0.438,1.1,6.5,0.167,4.4,7.6,0.571,1.1,5.5,6.5,6.5,3.3,2.2,0.0,2.2,3.3,5.5,20.7,-4.4,41.7,0,0,39.3,1,13222,1,13222,5145,7422,5298,13558,14001,9437,14236,5048,2788,10536,12547,9664,11070,4639,5590,5472,8263,2690,9557,3408,7297,15255,6788,2246,150,7211,1,33:00
2024-25,1631165,Keon Ellis,Keon,1610612758,SAC,Sacramento Kings,0022401138,2025-04-06T00:00:00,SAC @ CLE,W,39.70166666666667,3.6,6.3,0.571,2.7,5.4,0.5,0.0,0.0,0.0,0.9,1.8,2.7,2.7,0.0,3.6,1.8,0.0,1.8,0.9,10.0,1.8,33.6,0,0,29.0,1,1,13086,1,653,18017,22271,6538,7482,12111,3944,13505,14344,13505,13878,20208,20410,13848,16469,2060,4027,8846,16117,17651,18179,11729,12078,2246,150,14688,1,39:42
2024-25,1630695,Micah Potter,Micah,1610612762,UTA,Utah Jazz,0022401136,2025-04-06T00:00:00,UTA @ ATL,L,10.233333333333333,0.0,3.5,0.0,0.0,3.5,0.0,0.0,0.0,0.0,0.0,7.0,7.0,0.0,0.0,0.0,3.5,0.0,7.0,0.0,0.0,-21.1,19.0,0,0,14.1,1,13222,1,13222,22019,22635,24303,22635,15070,16617,15070,13505,14344,13505,14058,6296,10087,19908,16469,12854,1217,8846,1950,17725,23200,21862,21642,2246,150,23404,1,10:14
2024-25,1629006,Josh Okogie,Josh,1610612766,CHA,Charlotte Hornets,0022401133,2025-04-06T00:00:00,CHA vs. CHI,L,16.95,0.0,6.4,0.0,0.0,4.2,0.0,14.9,17.0,0.875,2.1,0.0,2.1,4.2,4.2,4.2,0.0,0.0,0.0,8.5,14.9,17.0,32.3,0,0,29.7,1,13222,1,13222,18283,22635,22239,22635,15070,15013,15070,178,229,6931,7872,22137,21565,9257,3420,1420,8263,8846,20257,831,13047,4913,13100,2246,150,14146,1,16:57
2024-25,1629610,DaQuan Jeffries,DaQuan,1610612766,CHA,Charlotte Hornets,0022401133,2025-04-06T00:00:00,CHA vs. CHI,L,19.121666666666666,0.0,0.0,0.0,0.0,0.0,0.0,7.5,7.5,1.0,3.8,0.0,3.8,3.8,0.0,0.0,0.0,0.0,3.8,3.8,7.5,-39.5,17.7,0,0,15.1,1,13222,1,13222,16735,22635,24836,22635,15070,20945,15070,1646,2870,1,3939,22137,17905,10608,16469,12854,8263,8846,7862,6947,20294,24809,22218,2246,150,23042,1,19:07
2024-25,1631306,Cole Swider,Cole,1610612761,TOR,Toronto Raptors,0022401134,2025-04-06T00:00:00,TOR @ BKN,W,23.933333333333334,6.0,10.5,0.571,6.0,9.0,0.667,0.0,0.0,0.0,1.5,10.5,12.0,0.0,4.5,1.5,0.0,0.0,1.5,1.5,18.1,13.5,32.5,0,0,39.1,1,1,13086,1,12962,11458,16164,6538,1290,4781,1957,13505,14344,13505,10299,2207,3461,19908,2983,8388,8263,8846,17196,14987,9792,6192,12950,2246,150,7315,1,23:56
2024-25,1631197,Jared Rhoden,Jared,1610612761,TOR,Toronto Raptors,0022401134,2025-04-06T00:00:00,TOR @ BKN,W,17.333333333333332,10.4,14.5,0.714,0.0,4.2,0.0,0.0,0.0,0.0,0.0,0.0,0.0,2.1,2.1,4.2,0.0,0.0,6.2,0.0,20.8,-6.2,34.3,0,0,31.2,1,1,13086,1,18048,2835,9300,2752,15070,15219,15070,13505,14344,13505,14058,22137,23286,16088,10114,1493,8263,8846,2677,17725,7250,16176,11609,2246,150,13035,1,17:20
2024-25,1631207,Dalen Terry,Dalen,1610612741,CHI,Chicago Bulls,0022401133,2025-04-06T00:00:00,CHI @ CHA,W,12.283333333333333,2.9,14.7,0.2,0.0,0.0,0.0,0.0,0.0,0.0,0.0,2.9,2.9,5.9,2.9,0.0,0.0,0.0,2.9,0.0,5.9,17.6,15.2,0,0,14.7,1,1,13086,1,21109,19574,9127,21401,15070,20945,15070,13505,14344,13505,14058,16962,19905,5741,6714,12854,8263,8846,11023,17725,21482,4713,23106,2246,150,23194,1,12:17
2024-25,1642259,Alex Sarr,Alex,1610612764,WAS,Washington Wizards,0022401137,2025-04-06T00:00:00,WAS @ BOS,L,32.46666666666667,7.8,18.9,0.412,2.2,10.0,0.222,0.0,0.0,0.0,2.2,2.2,4.4,2.2,4.4,0.0,1.1,1.1,0.0,1.1,17.7,-29.9,25.3,0,0,28.8,1,13222,1,13222,5579,7144,3881,14791,9171,3503,13288,13505,14344,13505,7540,19020,16205,15563,3094,12854,6732,6975,20257,16872,10093,23725,18082,2246,150,14840,1,32:28
2024-25,1628415,Dillon Brooks,Dillon,1610612745,HOU,Houston Rockets,0022401143,2025-04-06T00:00:00,HOU @ GSW,W,29.403333333333332,12.2,15.9,0.769,3.7,4.9,0.75,1.2,2.4,0.5,0.0,3.7,3.7,2.4,0.0,0.0,0.0,0.0,1.2,1.2,29.4,11.0,37.5,0,0,39.2,1,1,13086,1,8305,1380,7229,2080,4752,13445,1542,12516,11344,10625,14058,14728,18154,14713,16469,12854,8263,8846,18409,16277,2308,7230,9366,2246,150,7288,1,29:24
2024-25,1630169,Tyrese Haliburton,Tyrese,1610612754,IND,Indiana Pacers,0022401142,2025-04-06T00:00:00,IND @ DEN,W,35.38166666666667,3.1,8.1,0.375,1.0,6.1,0.167,2.0,4.1,0.5,0.0,3.1,3.1,14.2,3.1,1.0,1.0,0.0,1.0,3.1,9.2,0.0,37.2,0,0,31.5,1,1,13086,1,3171,19318,20036,16299,14439,10427,14236,10510,7700,10625,14058,16546,19578,365,6277,11786,7366,8846,19593,9065,18940,12240,9505,2246,150,12744,1,35:23
2024-25,201939,Stephen Curry,Stephen,1610612744,GSW,Golden State Warriors,0022401143,2025-04-06T00:00:00,GSW vs. HOU,L,32.666666666666664,1.1,11.0,0.1,1.1,8.8,0.125,0.0,0.0,0.0,0.0,2.2,2.2,8.8,4.4,0.0,0.0,0.0,0.0,3.3,3.3,-4.4,14.8,0,0,15.4,1,13222,1,13222,5424,22576,15321,22561,13932,5072,14886,13505,14344,13505,14058,19057,21404,2168,3127,12854,8263,8846,20257,8235,22850,15276,23251,2246,150,22901,1,32:40
2024-25,1631250,Pete Nance,Pete,1610612749,MIL,Milwaukee Bucks,0022400617,2025-04-06T00:00:00,MIL @ NOP,W,13.616666666666667,2.6,5.3,0.5,0.0,2.6,0.0,0.0,0.0,0.0,5.3,7.9,13.2,5.3,0.0,2.6,0.0,0.0,2.6,0.0,5.3,-10.6,37.0,0,0,29.1,1,1,13086,1,20410,20202,23271,8526,15070,18369,15070,13505,14344,13505,2106,4806,2656,6851,16469,4033,8263,8846,12264,17725,21860,18138,9687,2246,150,14638,1,13:37
2024-25,1630700,Dyson Daniels,Dyson,1610612737,ATL,Atlanta Hawks,0022401136,2025-04-06T00:00:00,ATL vs. UTA,W,36.221666666666664,8.0,15.9,0.5,2.0,4.0,0.5,1.0,2.0,0.5,0.0,6.0,6.0,6.0,1.0,3.0,0.0,0.0,2.0,2.0,18.9,14.9,42.9,0,0,38.8,1,1,13086,1,2518,6731,7262,8526,10224,15632,3944,13255,12767,10625,14058,8419,12378,5570,15895,3203,8263,8846,15223,13138,8960,5668,6159,2246,150,7545,1,36:13
2024-25,1630534,Ochai Agbaji,Ochai,1610612761,TOR,Toronto Raptors,0022401134,2025-04-06T00:00:00,TOR @ BKN,W,30.016666666666666,7.2,16.8,0.429,2.4,8.4,0.286,1.2,1.2,1.0,1.2,2.4,3.6,2.4,4.8,2.4,0.0,1.2,3.6,3.6,18.0,9.6,28.3,0,0,31.2,1,1,13086,1,7767,8467,6054,13735,8495,5760,11433,12592,13887,1,11798,18487,18333,14884,2586,4704,8263,6265,8434,7394,9852,7900,15988,2246,150,13017,1,30:01
2024-25,1631106,Tari Eason,Tari,1610612745,HOU,Houston Rockets,0022401143,2025-04-06T00:00:00,HOU @ GSW,W,19.8,3.6,12.7,0.286,0.0,5.5,0.0,0.0,0.0,0.0,1.8,3.6,5.5,5.5,1.8,3.6,1.8,1.8,1.8,0.0,7.3,-1.8,36.5,0,0,29.1,1,1,13086,1,16175,17993,12339,19630,15070,12074,15070,13505,14344,13505,9175,14828,13664,6527,11460,2051,4014,3842,16093,17725,20502,13926,9997,2246,150,14629,1,19:48
2024-25,1630172,Patrick Williams,Patrick,1610612741,CHI,Chicago Bulls,0022401133,2025-04-06T00:00:00,CHI @ CHA,W,26.683333333333334,8.1,10.8,0.75,1.3,2.7,0.5,2.7,2.7,1.0,1.3,2.7,4.0,0.0,0.0,2.7,0.0,0.0,0.0,1.3,20.2,33.7,33.2,0,0,31.0,1,1,13086,1,10574,6428,15704,2107,12657,18267,3944,8584,10750,1,10985,17706,17195,19908,16469,3913,8263,8846,20257,15683,7707,1542,12438,2246,150,13133,1,26:41
2024-25,1630526,Jeremiah Robinson-Earl,Jeremiah,1610612740,NOP,New Orleans Pelicans,0022400617,2025-04-06T00:00:00,NOP vs. MIL,L,16.016666666666666,4.5,11.2,0.4,2.2,6.7,0.333,0.0,0.0,0.0,4.5,9.0,13.5,4.5,0.0,0.0,0.0,0.0,0.0,2.2,11.2,-15.7,34.2,0,0,31.5,1,13222,1,13222,18915,15796,14961,14933,9054,9030,9209,13505,14344,13505,2926,3531,2492,8664,16469,12854,8263,8846,20257,11950,16965,20170,11678,2246,150,12800,1,16:01
2024-25,1642261,Dalton Knecht,Dalton,1610612747,LAL,Los Angeles Lakers,0022401135,2025-04-06T00:00:00,LAL @ OKC,W,4.866666666666666,7.4,7.4,1.0,7.4,7.4,1.0,0.0,0.0,0.0,0.0,0.0,0.0,0.0,0.0,0.0,0.0,0.0,7.4,0.0,22.2,37.0,22.2,0,0,29.6,1,1,13086,1,24032,8013,21073,1,636,7618,1,13505,14344,13505,14058,22137,23286,19908,16469,12854,8263,8846,1710,17725,6078,1203,20031,2246,150,14247,1,4:52
2024-25,1628386,Jarrett Allen,Jarrett,1610612739,CLE,Cleveland Cavaliers,0022401138,2025-04-06T00:00:00,CLE vs. SAC,L,31.435,8.0,10.3,0.778,0.0,0.0,0.0,3.4,4.6,0.75,2.3,3.4,5.7,4.6,4.6,0.0,0.0,0.0,4.6,3.4,19.5,-8.0,28.6,0,0,29.8,1,13222,1,13222,6466,6605,16551,1994,15070,20945,15070,6824,6692,8186,7278,15421,12951,8451,2880,12854,8263,8846,5591,7855,8408,16981,15781,2246,150,14123,1,31:26
2024-25,1629004,Svi Mykhailiuk,Svi,1610612762,UTA,Utah Jazz,0022401136,2025-04-06T00:00:00,UTA @ ATL,L,19.45,3.7,5.6,0.667,0.0,1.9,0.0,5.6,7.4,0.75,1.9,1.9,3.7,5.6,1.9,0.0,0.0,0.0,1.9,3.7,13.0,-11.1,23.9,0,0,22.2,1,13222,1,13222,16462,17826,23041,3281,15070,19826,15070,3363,2995,8186,9039,20107,18068,6335,11316,12854,8263,8846,15938,7127,15138,18365,19033,2246,150,19547,1,19:27
2024-25,1641740,Jaylen Clark,Jaylen,1610612750,MIN,Minnesota Timberwolves,0022401130,2025-04-05T00:00:00,MIN @ PHI,W,9.8,0.0,3.7,0.0,0.0,0.0,0.0,0.0,0.0,0.0,3.7,0.0,3.7,3.7,3.7,3.7,0.0,0.0,3.7,0.0,0.0,33.1,17.3,0,0,14.7,1,1,13086,1,22171,22635,24240,22635,15070,20945,15070,13505,14344,13505,4081,22137,18150,10870,4621,2001,8263,8846,8187,17725,23200,1619,22389,2246,150,23177,1,9:48
2024-25,1631323,Simone Fontecchio,Simone,1610612765,DET,Detroit Pistons,0022401129,2025-04-05T00:00:00,DET vs. MEM,L,15.85,0.0,9.1,0.0,0.0,6.8,0.0,4.5,4.5,1.0,2.3,6.8,9.1,0.0,0.0,4.5,0.0,0.0,2.3,4.5,4.5,11.4,29.1,0,0,22.7,1,13222,1,13222,19029,22635,18585,22635,15070,8870,15070,4768,6760,1,7344,6680,6608,19908,16469,1200,8263,8846,13770,5053,22272,7073,15438,2246,150,19204,1,15:51
2024-25,1642377,Jaylen Wells,Jaylen,1610612763,MEM,Memphis Grizzlies,0022401129,2025-04-05T00:00:00,MEM @ DET,W,38.266666666666666,0.9,7.5,0.125,0.9,4.7,0.2,3.8,3.8,1.0,1.9,0.9,2.8,0.9,0.9,0.9,0.0,1.9,0.0,3.8,6.6,14.1,13.3,0,0,13.2,1,1,13086,1,1236,22629,20887,22420,14831,13948,13429,6158,8340,1,8887,22067,20190,19814,16192,12433,8263,3620,20257,6951,20996,5965,23703,2246,150,23658,1,38:16
2024-25,1642258,Zaccharie Risacher,Zaccharie,1610612737,ATL,Atlanta Hawks,0022401128,2025-04-05T00:00:00,ATL vs. NYK,L,26.133333333333333,6.9,13.8,0.5,2.8,8.3,0.333,0.0,0.0,0.0,2.8,2.8,5.5,1.4,2.8,0.0,1.4,1.4,4.1,0.0,16.5,-19.3,26.6,0,0,28.9,1,13222,1,13222,11058,9195,10534,8526,7364,5981,9209,13505,14344,13505,5966,17546,13509,18411,7358,12854,5323,5272,6731,17725,11358,21340,17225,2246,150,14761,1,26:08
2024-25,1627732,Ben Simmons,Ben,1610612746,LAC,LA Clippers,0022401132,2025-04-05T00:00:00,LAC vs. DAL,W,12.483333333333333,2.9,2.9,1.0,0.0,0.0,0.0,0.0,0.0,0.0,0.0,0.0,0.0,8.7,2.9,0.0,0.0,0.0,0.0,0.0,5.8,23.1,15.9,0,0,14.4,1,1,13086,1,21003,19698,24524,1,15070,20945,15070,13505,14344,13505,14058,22137,23286,2303,6903,12854,8263,8846,20257,17725,21552,3250,22906,2246,150,23282,1,12:29
2024-25,1627884,Derrick Jones Jr.,Derrick,1610612746,LAC,LA Clippers,0022401132,2025-04-05T00:00:00,LAC vs. DAL,W,17.433333333333334,6.2,14.5,0.429,0.0,6.2,0.0,2.1,4.1,0.5,2.1,6.2,8.3,2.1,0.0,2.1,0.0,0.0,6.2,4.1,14.5,22.7,33.7,0,0,28.9,1,1,13086,1,17972,10986,9424,13735,15070,10211,15070,10422,7567,10625,8099,7902,7834,16136,16469,5932,8263,8846,2716,5982,13452,3316,12068,2246,150,14775,1,17:26
2024-25,1628398,Kyle Kuzma,Kyle,1610612749,MIL,Milwaukee Bucks,0022401131,2025-04-05T00:00:00,MIL @ MIA,W,25.958333333333332,5.5,18.0,0.308,1.4,8.3,0.167,0.0,0.0,0.0,1.4,1.4,2.8,2.8,1.4,1.4,0.0,0.0,1.4,0.0,12.5,-20.8,22.7,0,0,22.2,1,1,13086,1,11191,12861,4632,19226,12500,5880,14236,13505,14344,13505,10812,21113,20315,13677,13368,8977,8263,8846,17677,17725,15618,21782,19719,2246,150,19563,1,25:58
2024-25,1629130,Duncan Robinson,Duncan,1610612748,MIA,Miami Heat,0022401131,2025-04-05T00:00:00,MIA vs. MIL,L,31.186666666666667,6.9,17.3,0.4,4.6,11.5,0.4,0.0,0.0,0.0,0.0,2.3,2.3,3.5,1.2,0.0,0.0,2.3,1.2,2.3,18.5,2.3,25.3,0,0,28.9,1,13222,1,13222,6713,9109,5437,14933,2860,2070,7874,13505,14344,13505,14058,18738,21185,11511,14766,12854,8263,2406,18789,11710,9348,11459,18083,2246,150,14816,1,31:11
2024-25,1631230,Dominick Barlow,Dominick,1610612737,ATL,Atlanta Hawks,0022401128,2025-04-05T00:00:00,ATL vs. NYK,L,14.85,2.4,9.7,0.25,0.0,4.8,0.0,0.0,0.0,0.0,2.4,4.8,7.3,2.4,2.4,2.4,2.4,2.4,9.7,0.0,4.8,24.2,29.3,0,0,24.2,1,13222,1,13222,19667,20602,17583,20233,15070,13568,15070,13505,14344,13505,6856,11283,9619,14796,8556,4616,2511,2168,764,17725,22093,2975,15258,2246,150,18174,1,14:51
2024-25,1629022,Lonnie Walker IV,Lonnie,1610612755,PHI,Philadelphia 76ers,0022401130,2025-04-05T00:00:00,PHI vs. MIN,L,37.583333333333336,5.7,11.5,0.5,2.9,7.7,0.375,2.9,4.8,0.6,0.0,2.9,2.9,4.8,0.0,0.0,1.0,0.0,1.9,2.9,17.2,-1.9,30.7,0,0,29.7,1,13222,1,13222,1639,12274,14483,8526,6974,7060,8800,8160,6319,10343,14058,17171,20058,7944,16469,12854,7764,8846,15592,9677,10586,13991,14241,2246,150,14167,1,37:35
2024-25,1629675,Naz Reid,Naz,1610612750,MIN,Minnesota Timberwolves,0022401130,2025-04-05T00:00:00,MIN @ PHI,W,27.133333333333333,5.3,13.3,0.4,0.0,6.6,0.0,1.3,2.7,0.5,0.0,9.3,9.3,2.7,6.6,0.0,2.7,1.3,4.0,1.3,11.9,14.6,28.4,0,0,29.2,1,1,13086,1,10243,13511,11362,14933,15070,9245,15070,12233,10854,10625,14058,3218,6335,14034,1061,12854,2146,5512,7195,15777,16205,5781,15942,2246,150,14548,1,27:08
2024-25,1641737,Adem Bona,Adem,1610612755,PHI,Philadelphia 76ers,0022401130,2025-04-05T00:00:00,PHI vs. MIN,L,24.433333333333334,2.9,7.4,0.4,0.0,0.0,0.0,0.0,0.0,0.0,5.9,8.8,14.7,2.9,0.0,1.5,1.5,1.5,7.4,2.9,5.9,-4.4,36.8,0,0,29.5,1,13222,1,13222,12541,19537,21117,14933,15070,20945,15070,13505,14344,13505,1676,3679,1897,13099,16469,8517,4953,4869,1732,9430,21461,15282,9815,2246,150,14347,1,24:26
2024-25,1630230,Naji Marshall,Naji,1610612742,DAL,Dallas Mavericks,0022401132,2025-04-05T00:00:00,DAL @ LAC,L,33.43333333333333,2.2,5.4,0.4,0.0,1.1,0.0,5.4,6.5,0.833,0.0,2.2,2.2,1.1,2.2,0.0,1.1,0.0,1.1,4.3,9.7,-20.5,15.0,0,0,15.1,1,13222,1,13222,4782,21131,23195,14933,15070,20770,15070,3546,3921,7275,14058,19191,21508,19425,9708,12854,6936,8846,19236,5567,18448,21695,23188,2246,150,23036,1,33:26
2024-25,1630700,Dyson Daniels,Dyson,1610612737,ATL,Atlanta Hawks,0022401128,2025-04-05T00:00:00,ATL vs. NYK,L,26.633333333333333,6.8,10.8,0.625,1.4,2.7,0.5,1.4,2.7,0.5,2.7,0.0,2.7,1.4,1.4,2.7,1.4,1.4,0.0,1.4,16.2,-36.5,32.3,0,0,29.7,1,13222,1,13222,10618,9535,15674,4899,12648,18258,3944,12160,10740,10625,6094,22137,20442,18492,13559,3899,5437,5392,20257,15666,11704,24566,13084,2246,150,14144,1,26:38
2024-25,1630590,Scotty Pippen Jr.,Scotty,1610612763,MEM,Memphis Grizzlies,0022401129,2025-04-05T00:00:00,MEM @ DET,W,29.3,6.1,12.3,0.5,2.5,3.7,0.667,3.7,4.9,0.75,1.2,6.1,7.4,3.7,7.4,1.2,2.5,0.0,6.1,3.7,18.4,19.7,36.5,0,0,39.3,1,1,13086,1,8400,11104,13105,8526,8293,16249,1957,6316,6084,8186,11615,8016,9424,10825,751,9953,2457,8846,2775,7165,9384,4050,10037,2246,150,7182,1,29:18
2024-25,1630215,Jared Butler,Jared,1610612755,PHI,Philadelphia 76ers,0022401130,2025-04-05T00:00:00,PHI vs. MIN,L,32.0,7.9,16.9,0.467,1.1,4.5,0.25,1.1,2.3,0.5,0.0,1.1,1.1,9.0,3.4,1.1,0.0,1.1,2.3,2.3,18.0,16.9,32.9,0,0,31.5,1,13222,1,13222,5961,6898,5941,12249,13806,14425,11902,12838,11933,10625,14058,21699,23045,2013,5293,10822,8263,6837,13879,11936,9827,4951,12694,2246,150,12773,1,32:00
2024-25,1627824,Guerschon Yabusele,Guerschon,1610612755,PHI,Philadelphia 76ers,0022401130,2025-04-05T00:00:00,PHI vs. MIN,L,37.333333333333336,7.7,14.5,0.533,0.0,3.9,0.0,2.9,3.9,0.75,1.0,2.9,3.9,3.9,0.0,2.9,0.0,1.9,1.9,4.8,18.3,8.7,37.4,0,0,31.8,1,13222,1,13222,1775,7244,9407,8140,15070,15885,15070,8109,8119,8186,13540,17108,17691,10353,16469,3430,8263,3453,15529,4456,9504,8328,9398,2246,150,12520,1,37:20
2024-25,1631342,Daeqwon Plowden,Daeqwon,1610612737,ATL,Atlanta Hawks,0022401128,2025-04-05T00:00:00,ATL vs. NYK,L,4.95,0.0,7.3,0.0,0.0,7.3,0.0,0.0,0.0,0.0,0.0,14.5,14.5,0.0,0.0,0.0,0.0,0.0,7.3,0.0,0.0,58.2,17.5,0,0,14.5,1,13222,1,13222,24010,22635,21242,22635,15070,7883,15070,13505,14344,13505,14058,651,1980,19908,16469,12854,8263,8846,1787,17725,23200,392,22311,2246,150,23235,1,4:57
2024-25,1631243,Mouhamed Gueye,Mouhamed,1610612737,ATL,Atlanta Hawks,0022401128,2025-04-05T00:00:00,ATL vs. NYK,L,17.3,4.2,6.2,0.667,0.0,0.0,0.0,4.2,4.2,1.0,2.1,4.2,6.2,2.1,0.0,0.0,2.1,0.0,2.1,2.1,12.5,14.6,29.3,0,0,25.0,1,13222,1,13222,18072,16693,22375,3281,15070,20945,15070,5409,7488,1,8023,13228,11720,16061,16469,12854,3252,8846,14694,12699,15604,5793,15252,2246,150,17706,1,17:18
2024-25,1630162,Anthony Edwards,Anthony,1610612750,MIN,Minnesota Timberwolves,0022401130,2025-04-05T00:00:00,MIN @ PHI,W,38.2,11.3,19.8,0.571,5.7,12.3,0.462,6.6,7.5,0.875,0.9,0.9,1.9,1.9,1.9,0.9,0.9,0.0,0.9,5.7,34.9,-3.8,43.7,0,0,48.1,1,1,13086,1,1272,2004,3124,6538,1607,1649,7119,2319,2860,6931,13705,22062,22027,16803,11128,12422,7878,8846,20008,3113,978,14932,5797,2246,150,3120,1,38:12
2024-25,1629023,P.J. Washington,P.J.,1610612742,DAL,Dallas Mavericks,0022401132,2025-04-05T00:00:00,DAL @ LAC,L,30.133333333333333,3.6,8.4,0.429,0.0,3.6,0.0,7.2,9.6,0.75,0.0,6.0,6.0,1.2,2.4,0.0,3.6,1.2,1.2,4.8,14.3,-34.6,31.7,0,0,28.7,1,13222,1,13222,7648,18117,19700,13735,15070,16477,15070,1895,1567,8186,14058,8400,12357,19032,8703,12854,1157,6304,18563,4548,13564,24370,13576,2246,150,14948,1,30:08
2024-25,1630217,Desmond Bane,Desmond,1610612763,MEM,Memphis Grizzlies,0022401129,2025-04-05T00:00:00,MEM @ DET,W,38.36666666666667,14.1,21.6,0.652,3.8,6.6,0.571,3.8,3.8,1.0,0.0,6.6,6.6,2.8,1.9,0.0,0.0,0.9,0.9,2.8,35.7,2.8,45.9,0,0,48.8,1,1,13086,1,1178,688,1998,4556,4564,9392,3506,6176,8363,1,14058,7167,11026,13538,11172,12854,8263,8431,20033,9913,885,11213,4791,2246,150,2893,1,38:22
2024-25,1631204,Marcus Sasser,Marcus,1610612765,DET,Detroit Pistons,0022401129,2025-04-05T00:00:00,DET vs. MEM,L,14.616666666666667,7.4,19.7,0.375,2.5,7.4,0.333,0.0,0.0,0.0,0.0,2.5,2.5,4.9,0.0,4.9,0.0,2.5,2.5,0.0,17.2,-12.3,42.4,0,0,36.9,1,13222,1,13222,19811,8036,3176,16299,8272,7642,9209,13505,14344,13505,14058,18287,20871,7625,16469,939,8263,2101,12931,17725,10587,18864,6448,2246,150,8763,1,14:37
2024-25,1642285,Cam Spencer,Cam,1610612763,MEM,Memphis Grizzlies,0022401129,2025-04-05T00:00:00,MEM @ DET,W,5.116666666666666,7.0,7.0,1.0,7.0,7.0,1.0,0.0,0.0,0.0,0.0,0.0,0.0,0.0,0.0,0.0,0.0,0.0,0.0,0.0,21.1,28.1,21.1,0,0,28.1,1,1,13086,1,23934,8846,21516,1,745,8382,1,13505,14344,13505,14058,22137,23286,19908,16469,12854,8263,8846,20257,17725,6989,2241,20633,2246,150,15331,1,5:07
2024-25,1628969,Mikal Bridges,Mikal,1610612752,NYK,New York Knicks,0022401128,2025-04-05T00:00:00,NYK @ ATL,W,32.516666666666666,10.0,14.4,0.692,2.2,3.3,0.667,0.0,0.0,0.0,1.1,2.2,3.3,5.5,1.1,0.0,0.0,0.0,2.2,0.0,22.1,26.6,33.3,0,0,33.2,1,1,13086,1,5539,3260,9548,3171,9186,17023,1957,13505,14344,13505,12416,19032,18945,6365,15088,12854,8263,8846,14037,17725,6107,2509,12327,2246,150,11485,1,32:31
2024-25,1629013,Landry Shamet,Landry,1610612752,NYK,New York Knicks,0022401128,2025-04-05T00:00:00,NYK @ ATL,W,30.283333333333335,4.8,13.1,0.364,4.8,11.9,0.4,0.0,0.0,0.0,1.2,3.6,4.8,2.4,3.6,1.2,0.0,0.0,2.4,0.0,14.3,4.8,23.5,0,0,28.5,1,1,13086,1,7510,15100,11723,16861,2634,1846,7874,13505,14344,13505,11872,15034,15426,14956,4856,10274,8263,8846,13316,17725,13649,10251,19237,2246,150,15046,1,30:17
2024-25,1631157,Ryan Rollins,Ryan,1610612749,MIL,Milwaukee Bucks,0022401131,2025-04-05T00:00:00,MIL @ MIA,W,14.266666666666667,5.0,7.6,0.667,2.5,2.5,1.0,0.0,0.0,0.0,0.0,2.5,2.5,5.0,5.0,0.0,2.5,0.0,10.1,0.0,12.6,-22.7,25.7,0,0,27.8,1,1,13086,1,20041,14240,20832,3281,8068,18579,1,13505,14344,13505,14058,18122,20755,7361,2283,12854,2332,8846,684,17725,15475,22271,17789,2246,150,15610,1,14:16
2024-25,1627752,Taurean Prince,Taurean,1610612749,MIL,Milwaukee Bucks,0022401131,2025-04-05T00:00:00,MIL @ MIA,W,37.84166666666667,2.9,5.7,0.5,0.0,2.9,0.0,2.9,2.9,1.0,0.0,4.8,4.8,1.9,1.0,4.8,0.0,0.0,2.9,1.9,8.6,-13.3,30.4,0,0,24.7,1,1,13086,1,1486,19761,22897,8526,15070,17952,15070,8205,10349,1,14058,11558,15424,16744,16140,1048,8263,8846,11391,13501,19458,19233,14464,2246,150,17866,1,37:51
2024-25,1641842,Ronald Holland II,Ronald,1610612765,DET,Detroit Pistons,0022401129,2025-04-05T00:00:00,DET vs. MEM,L,10.05,3.6,3.6,1.0,0.0,0.0,0.0,3.6,7.2,0.5,0.0,0.0,0.0,0.0,0.0,3.6,3.6,0.0,0.0,3.6,10.7,-25.1,32.2,0,0,25.1,1,13222,1,13222,22090,18120,24276,1,15070,20945,15070,6527,3207,10625,14058,22137,23286,19908,16469,2116,1160,8846,20257,7449,17425,22822,13136,2246,150,17630,1,10:03
2024-25,1628389,Bam Adebayo,Bam,1610612748,MIA,Miami Heat,0022401131,2025-04-05T00:00:00,MIA vs. MIL,L,42.55,9.3,21.2,0.44,2.5,5.9,0.429,5.1,5.1,1.0,1.7,8.5,10.2,4.2,1.7,1.7,0.8,0.0,0.8,5.1,26.2,-9.3,50.7,1,0,48.2,1,13222,1,13222,198,4192,2245,13537,8014,10877,7394,3924,5789,1,9606,4099,5272,9312,11952,7641,8195,8846,20217,3960,3574,17587,3073,1,150,3072,1,42:33
2024-25,1641757,Jordan Miller,Jordan,1610612746,LAC,LA Clippers,0022401132,2025-04-05T00:00:00,LAC vs. DAL,W,7.133333333333334,5.0,15.1,0.333,0.0,5.0,0.0,10.1,10.1,1.0,0.0,0.0,0.0,0.0,0.0,0.0,0.0,5.0,5.0,5.0,20.2,0.0,20.2,0,0,20.2,1,1,13086,1,23116,14240,8360,17395,15070,13081,15070,670,1329,1,14058,22137,23286,19908,16469,12854,8263,360,4506,4021,7745,12240,21066,2246,150,20750,1,7:08
2024-25,1626192,Pat Connaughton,Pat,1610612749,MIL,Milwaukee Bucks,0022401131,2025-04-05T00:00:00,MIL @ MIA,W,14.55,9.9,12.4,0.8,2.5,2.5,1.0,0.0,0.0,0.0,0.0,4.9,4.9,4.9,0.0,0.0,0.0,2.5,2.5,0.0,22.3,39.6,35.6,0,0,34.6,1,1,13086,1,19855,3332,12941,1688,8235,18674,1,13505,14344,13505,14058,11029,14930,7571,16469,12854,8263,2077,12895,17725,6027,1009,10626,2246,150,10338,1,14:33
2024-25,1641755,Kevin McCullar Jr.,Kevin,1610612752,NYK,New York Knicks,0022401128,2025-04-05T00:00:00,NYK @ ATL,W,1.55,0.0,0.0,0.0,0.0,0.0,0.0,0.0,0.0,0.0,0.0,0.0,0.0,0.0,0.0,0.0,0.0,0.0,0.0,0.0,0.0,-69.7,0.0,0,0,0.0,1,1,13086,1,25768,22635,24836,22635,15070,20945,15070,13505,14344,13505,14058,22137,23286,19908,16469,12854,8263,8846,20257,17725,23200,25882,25228,2246,150,25259,1,1:33
2024-25,1628379,Luke Kennard,Luke,1610612763,MEM,Memphis Grizzlies,0022401129,2025-04-05T00:00:00,MEM @ DET,W,23.216666666666665,3.1,9.3,0.333,0.0,3.1,0.0,0.0,0.0,0.0,0.0,10.9,10.9,3.1,0.0,0.0,0.0,0.0,1.6,0.0,6.2,-17.1,23.9,0,0,20.2,1,1,13086,1,13533,19197,18269,17395,15070,17458,15070,13505,14344,13505,14058,1976,4543,12600,16469,12854,8263,8846,17041,17725,21249,20648,19032,2246,150,20773,1,23:13
2024-25,1630183,Jaden McDaniels,Jaden,1610612750,MIN,Minnesota Timberwolves,0022401130,2025-04-05T00:00:00,MIN @ PHI,W,25.555,0.0,8.5,0.0,0.0,2.8,0.0,2.8,2.8,1.0,1.4,2.8,4.2,1.4,1.4,0.0,1.4,2.8,2.8,2.8,2.8,-25.4,12.8,0,0,11.3,1,1,13086,1,11531,22635,19575,22635,15070,18033,15070,8303,10443,1,10712,17347,16748,18319,13237,12854,5199,1580,11563,9907,22992,22878,23817,2246,150,24160,1,25:33
2024-25,1630168,Onyeka Okongwu,Onyeka,1610612737,ATL,Atlanta Hawks,0022401128,2025-04-05T00:00:00,ATL vs. NYK,L,27.216666666666665,2.6,5.3,0.5,0.0,2.6,0.0,2.6,5.3,0.5,1.3,5.3,6.6,2.6,5.3,1.3,0.0,0.0,5.3,6.6,7.9,-35.7,18.5,0,0,19.8,1,13222,1,13222,10176,20199,23268,8526,15070,18365,15070,8699,5481,10625,11084,10049,10917,14063,2015,9329,8263,8846,4039,1971,19973,24494,21880,2246,150,20951,1,27:13
2024-25,1631108,Max Christie,Max,1610612742,DAL,Dallas Mavericks,0022401132,2025-04-05T00:00:00,DAL @ LAC,L,21.7,3.3,5.0,0.667,1.7,1.7,1.0,3.3,3.3,1.0,0.0,3.3,3.3,3.3,1.7,0.0,0.0,0.0,0.0,1.7,11.6,-6.6,18.9,0,0,19.9,1,13222,1,13222,14753,18709,23482,3281,11511,20097,1,7070,9265,1,14058,15742,18951,11921,12097,12854,8263,8846,20257,14415,16558,16355,21693,2246,150,20912,1,21:42
2024-25,1641796,Pelle Larsson,Pelle,1610612748,MIA,Miami Heat,0022401131,2025-04-05T00:00:00,MIA vs. MIL,L,39.11333333333334,0.9,7.4,0.125,0.9,5.5,0.167,0.0,0.0,0.0,0.0,3.7,3.7,2.8,1.8,0.0,0.0,0.9,2.8,0.9,2.8,2.8,9.5,0,0,10.1,1,13222,1,13222,841,22631,21122,22420,14900,11910,14236,13505,14344,13505,14058,14700,18121,13714,11363,12854,8263,8556,11796,17623,23005,11239,24499,2246,150,24400,1,39:07
2024-25,1641748,Andre Jackson Jr.,Andre,1610612749,MIL,Milwaukee Bucks,0022401131,2025-04-05T00:00:00,MIL @ MIA,W,3.3666666666666667,0.0,0.0,0.0,0.0,0.0,0.0,0.0,0.0,0.0,10.7,0.0,10.7,0.0,0.0,0.0,0.0,0.0,0.0,0.0,0.0,-21.4,12.8,0,0,10.7,1,1,13086,1,24790,22635,24836,22635,15070,20945,15070,13505,14344,13505,325,22137,4705,19908,16469,12854,8263,8846,20257,17725,23200,21932,23812,2246,150,24291,1,3:22
2024-25,1641741,Ricky Council IV,Ricky,1610612755,PHI,Philadelphia 76ers,0022401130,2025-04-05T00:00:00,PHI vs. MIN,L,2.65,0.0,0.0,0.0,0.0,0.0,0.0,0.0,0.0,0.0,0.0,0.0,0.0,0.0,0.0,0.0,0.0,0.0,0.0,0.0,0.0,-27.2,0.0,0,0,0.0,1,13222,1,13222,25152,22635,24836,22635,15070,20945,15070,13505,14344,13505,14058,22137,23286,19908,16469,12854,8263,8846,20257,17725,23200,23272,25228,2246,150,25259,1,2:39
2024-25,1642353,Cam Christie,Cam,1610612746,LAC,LA Clippers,0022401132,2025-04-05T00:00:00,LAC vs. DAL,W,7.133333333333334,5.0,25.2,0.2,0.0,5.0,0.0,0.0,0.0,0.0,5.0,10.1,15.1,5.0,0.0,0.0,5.0,0.0,5.0,0.0,10.1,0.0,51.0,0,0,40.4,1,1,13086,1,23116,14240,781,21401,15070,13081,15070,13505,14344,13505,2330,2502,1705,7361,16469,12854,503,8846,4506,17725,18054,12240,2997,2246,150,6561,1,7:08
2024-25,201988,Patty Mills,Patty,1610612746,LAC,LA Clippers,0022401132,2025-04-05T00:00:00,LAC vs. DAL,W,7.133333333333334,10.1,20.2,0.5,5.0,10.1,0.5,0.0,0.0,0.0,5.0,0.0,5.0,5.0,0.0,0.0,0.0,5.0,10.1,0.0,25.2,0.0,38.9,0,0,40.4,1,1,13086,1,23116,3115,2833,8526,2215,3383,3944,13505,14344,13505,2330,22137,14676,7361,16469,12854,8263,360,684,17725,4100,12240,8502,2246,150,6561,1,7:08
2024-25,203937,Kyle Anderson,Kyle,1610612748,MIA,Miami Heat,0022401131,2025-04-05T00:00:00,MIA vs. MIL,L,32.15,5.6,11.2,0.5,0.0,0.0,0.0,2.2,2.2,1.0,4.5,11.2,15.7,3.4,0.0,1.1,0.0,0.0,5.6,2.2,13.4,-7.8,40.6,1,0,34.7,1,13222,1,13222,5846,12706,15025,8526,15070,20945,15070,9811,11969,1,2951,1801,1531,11791,16469,10867,8263,8846,3547,11987,14583,16894,7367,1,150,10289,1,32:09
2024-25,1626166,Cameron Payne,Cameron,1610612752,NYK,New York Knicks,0022401128,2025-04-05T00:00:00,NYK @ ATL,W,21.483333333333334,1.7,8.4,0.2,1.7,5.0,0.333,0.0,0.0,0.0,1.7,3.4,5.0,8.4,0.0,0.0,0.0,1.7,3.4,1.7,5.0,-11.7,23.6,0,0,20.1,1,1,13086,1,14946,21925,19669,21401,11467,13147,9209,13505,14344,13505,9653,15636,14732,2534,16469,12854,8263,4205,9243,14346,21990,18636,19183,2246,150,20792,1,21:29
2024-25,1629611,Terance Mann,Terance,1610612737,ATL,Atlanta Hawks,0022401128,2025-04-05T00:00:00,ATL vs. NYK,L,21.05,10.3,13.7,0.75,3.4,5.1,0.667,0.0,0.0,0.0,1.7,8.6,10.3,1.7,0.0,3.4,0.0,0.0,1.7,0.0,23.9,5.1,49.1,0,0,46.2,1,13222,1,13222,15255,2951,10680,2107,5336,12874,1957,13505,14344,13505,9543,3986,5159,17334,16469,2347,8263,8846,16500,17725,4842,10038,3596,2246,150,3752,1,21:03
2024-25,1630658,Colin Castleton,Colin,1610612755,PHI,Philadelphia 76ers,0022401130,2025-04-05T00:00:00,PHI vs. MIN,L,15.416666666666666,7.0,14.0,0.5,0.0,2.3,0.0,0.0,4.7,0.0,4.7,9.3,14.0,4.7,0.0,0.0,0.0,0.0,4.7,2.3,14.0,-21.0,37.8,0,0,32.7,1,13222,1,13222,19296,8918,10159,8526,15070,18927,15070,13505,6540,13505,2719,3168,2232,8256,16469,12854,8263,8846,5360,11606,13923,21836,9141,2246,150,11884,1,15:25
2024-25,1641726,Dereck Lively II,Dereck,1610612742,DAL,Dallas Mavericks,0022401132,2025-04-05T00:00:00,DAL @ LAC,L,15.45,2.3,7.0,0.333,0.0,0.0,0.0,0.0,0.0,0.0,2.3,4.7,7.0,0.0,0.0,4.7,2.3,2.3,4.7,0.0,4.7,-30.3,34.0,0,0,25.6,1,13222,1,13222,19281,20797,21572,17395,15070,20945,15070,13505,14344,13505,7147,11824,10158,19908,16469,1112,2685,2368,5381,17725,22208,23784,11789,2246,150,17188,1,15:27
2024-25,201144,Mike Conley,Mike,1610612750,MIN,Minnesota Timberwolves,0022401130,2025-04-05T00:00:00,MIN @ PHI,W,24.966666666666665,4.3,10.1,0.429,2.9,5.8,0.5,0.0,0.0,0.0,0.0,5.8,5.8,5.8,2.9,0.0,0.0,0.0,1.4,0.0,11.5,24.5,24.2,0,0,26.0,1,1,13086,1,12032,16261,16902,13735,6924,11281,3944,13505,14344,13505,14058,8863,12846,5916,6903,12854,8263,8846,17472,17725,16633,2916,18787,2246,150,16973,1,24:58
2024-25,201587,Nicolas Batum,Nicolas,1610612746,LAC,LA Clippers,0022401132,2025-04-05T00:00:00,LAC vs. DAL,W,18.166666666666668,4.0,5.9,0.667,4.0,5.9,0.667,0.0,0.0,0.0,0.0,9.9,9.9,0.0,0.0,0.0,0.0,0.0,2.0,0.0,11.9,11.9,23.8,0,0,25.8,1,1,13086,1,17460,17183,22662,3281,4067,10825,1957,13505,14344,13505,14058,2646,5537,19908,16469,12854,8263,8846,15251,17725,16248,6837,19110,2246,150,17097,1,18:10
2024-25,203915,Spencer Dinwiddie,Spencer,1610612742,DAL,Dallas Mavericks,0022401132,2025-04-05T00:00:00,DAL @ LAC,L,33.45,1.1,11.8,0.091,1.1,5.4,0.2,5.4,6.5,0.833,2.2,4.3,6.5,9.7,1.1,0.0,0.0,0.0,3.2,3.2,8.6,-25.8,29.8,0,0,25.8,1,13222,1,13222,4768,22589,13880,22599,14090,12253,13429,3548,3929,7275,7744,12789,11261,1592,15296,12854,8263,8846,9745,8470,19425,22991,14934,2246,150,17047,1,33:27
2024-25,1641738,Kobe Brown,Kobe,1610612746,LAC,LA Clippers,0022401132,2025-04-05T00:00:00,LAC vs. DAL,W,7.133333333333334,5.0,10.1,0.5,5.0,5.0,1.0,0.0,0.0,0.0,0.0,15.1,15.1,0.0,0.0,5.0,0.0,5.0,0.0,5.0,15.1,0.0,48.4,0,0,45.4,1,1,13086,1,23116,14240,16902,8526,2215,13081,1,13505,14344,13505,14058,541,1705,19908,16469,873,8263,360,20257,4021,12769,12240,3828,2246,150,4066,1,7:08
2024-25,202692,Alec Burks,Alec,1610612748,MIA,Miami Heat,0022401131,2025-04-05T00:00:00,MIA vs. MIL,L,34.78333333333333,8.3,18.6,0.444,6.2,14.5,0.429,2.1,2.1,1.0,1.0,4.1,5.2,2.1,1.0,0.0,0.0,0.0,2.1,2.1,24.8,7.2,33.1,0,0,38.3,1,13222,1,13222,3627,6023,4088,13045,1159,805,7394,10400,12516,1,12982,13304,14330,16115,15601,12854,8263,8846,14753,12765,4285,9021,12495,2246,150,7829,1,34:47
2024-25,203944,Julius Randle,Julius,1610612750,MIN,Minnesota Timberwolves,0022401130,2025-04-05T00:00:00,MIN @ PHI,W,33.1,5.4,12.0,0.455,0.0,2.2,0.0,5.4,9.8,0.556,2.2,3.3,5.4,4.4,0.0,0.0,0.0,1.1,3.3,7.6,16.3,-12.0,29.4,0,0,26.1,1,1,13086,1,5069,13163,13657,12676,15070,19212,15070,3488,1462,10597,7669,15896,13703,9007,16469,12854,8263,7167,9599,1245,11592,18720,15235,2246,150,16865,1,33:06
2024-25,1629312,Haywood Highsmith,Haywood,1610612748,MIA,Miami Heat,0022401131,2025-04-05T00:00:00,MIA vs. MIL,L,22.6,1.6,8.0,0.2,0.0,4.8,0.0,0.0,0.0,0.0,3.2,6.4,9.6,3.2,1.6,0.0,0.0,0.0,4.8,0.0,3.2,-17.5,17.8,0,0,15.9,1,13222,1,13222,14030,22039,20322,21401,15070,13767,15070,13505,14344,13505,4970,7557,5984,12374,12363,12854,8263,8846,5118,17725,22898,20790,22166,2246,150,22735,1,22:36
2024-25,1627777,Georges Niang,Georges,1610612737,ATL,Atlanta Hawks,0022401128,2025-04-05T00:00:00,ATL vs. NYK,L,25.233333333333334,7.1,22.8,0.313,4.3,18.5,0.231,0.0,0.0,0.0,0.0,5.7,5.7,1.4,4.3,0.0,0.0,0.0,2.9,0.0,18.5,-32.8,23.3,0,0,30.0,1,13222,1,13222,11804,8621,1443,19175,3427,301,13279,13505,14344,13505,14058,9023,12997,18243,3360,12854,8263,8846,11392,17725,9273,24142,19405,2246,150,13971,1,25:14
2024-25,202691,Klay Thompson,Klay,1610612742,DAL,Dallas Mavericks,0022401132,2025-04-05T00:00:00,DAL @ LAC,L,25.133333333333333,7.2,14.3,0.5,5.7,11.5,0.5,0.0,0.0,0.0,0.0,1.4,1.4,0.0,1.4,0.0,0.0,0.0,0.0,0.0,20.1,-38.7,20.3,0,0,27.2,1,13222,1,13222,11883,8558,9654,8526,1539,2134,3944,13505,14344,13505,14058,21023,22655,19908,13095,12854,8263,8846,20257,17725,7885,24754,21006,2246,150,16010,1,25:08
2024-25,1629645,Kevin Porter Jr.,Kevin,1610612749,MIL,Milwaukee Bucks,0022401131,2025-04-05T00:00:00,MIL @ MIA,W,39.516666666666666,7.3,14.6,0.5,1.8,1.8,1.0,5.5,6.4,0.857,0.9,10.0,10.9,7.3,0.9,0.0,0.0,0.0,0.0,2.7,21.9,11.8,45.0,1,0,41.9,1,1,13086,1,713,8246,9242,8526,10982,19880,1,3452,4032,7071,13856,2568,4473,3628,16317,12854,8263,8846,20257,10218,6315,6864,5181,1,150,5697,1,39:31
2024-25,201572,Brook Lopez,Brook,1610612749,MIL,Milwaukee Bucks,0022401131,2025-04-05T00:00:00,MIL @ MIA,W,29.7,8.5,13.3,0.636,1.2,4.8,0.25,2.4,2.4,1.0,0.0,6.1,6.1,0.0,1.2,0.0,1.2,0.0,4.8,1.2,20.6,-1.2,30.3,0,0,30.3,1,1,13086,1,8039,5641,11234,4689,13304,13568,11902,9265,11412,1,14058,8198,12137,19908,14352,12854,6100,8846,4957,16344,7393,13680,14575,2246,150,13715,1,29:42
2024-25,1629234,Drew Eubanks,Drew,1610612746,LAC,LA Clippers,0022401132,2025-04-05T00:00:00,LAC vs. DAL,W,7.133333333333334,10.1,15.1,0.667,0.0,0.0,0.0,0.0,0.0,0.0,5.0,0.0,5.0,5.0,0.0,0.0,0.0,5.0,0.0,5.0,20.2,0.0,33.8,0,0,30.3,1,1,13086,1,23116,3115,8360,3281,15070,20945,15070,13505,14344,13505,2330,22137,14676,7361,16469,12854,8263,360,20257,4021,7745,12240,11958,2246,150,13731,1,7:08
2024-25,1641720,Jalen Hood-Schifino,Jalen,1610612755,PHI,Philadelphia 76ers,0022401130,2025-04-05T00:00:00,PHI vs. MIN,L,22.283333333333335,4.8,14.5,0.333,1.6,6.5,0.25,0.0,0.0,0.0,0.0,1.6,1.6,3.2,3.2,1.6,0.0,1.6,4.8,0.0,11.3,-24.2,19.7,0,0,21.0,1,13222,1,13222,14287,14819,9297,17395,11634,9620,11902,13505,14344,13505,14058,20640,22417,12193,5730,7930,8263,4392,4960,17725,16882,22629,21307,2246,150,20280,1,22:17
2024-25,1642348,Justin Edwards,Justin,1610612755,PHI,Philadelphia 76ers,0022401130,2025-04-05T00:00:00,PHI vs. MIN,L,11.266666666666667,6.4,16.0,0.4,3.2,9.6,0.333,0.0,0.0,0.0,0.0,3.2,3.2,0.0,0.0,3.2,3.2,3.2,3.2,0.0,16.0,-19.2,39.0,0,0,35.1,1,13222,1,13222,21593,10470,7143,14933,5967,3994,9209,13505,14344,13505,14058,16103,19248,19908,16469,2751,1485,1156,9889,17725,11945,21295,8423,2246,150,9993,1,11:16
2024-25,1630542,Marcus Bagley,Marcus,1610612755,PHI,Philadelphia 76ers,0022401130,2025-04-05T00:00:00,PHI vs. MIN,L,20.966666666666665,5.2,10.3,0.5,0.0,1.7,0.0,0.0,0.0,0.0,5.2,3.4,8.6,1.7,0.0,1.7,1.7,1.7,1.7,0.0,10.3,-18.9,33.5,0,0,27.5,1,13222,1,13222,15314,13949,16559,8526,15070,20025,15070,13505,14344,13505,2247,15424,7338,17319,16469,7550,4255,4101,16476,17725,17856,21204,12201,2246,150,15813,1,20:58
2024-25,1630191,Isaiah Stewart,Isaiah,1610612765,DET,Detroit Pistons,0022401129,2025-04-05T00:00:00,DET vs. MEM,L,34.45,7.3,11.5,0.636,2.1,4.2,0.5,0.0,0.0,0.0,1.0,7.3,8.4,4.2,3.1,2.1,3.1,0.0,5.2,1.0,16.7,-12.5,45.6,0,0,41.8,1,13222,1,13222,3894,8199,14481,4689,9730,15170,3944,13505,14344,13505,12913,5814,7676,9442,6033,5834,1538,8846,4151,17193,11145,18958,4913,2246,150,5754,1,34:27
2024-25,1630558,Davion Mitchell,Davion,1610612748,MIA,Miami Heat,0022401131,2025-04-05T00:00:00,MIA vs. MIL,L,39.38333333333333,7.3,13.7,0.533,0.9,4.6,0.2,2.7,3.7,0.75,0.9,0.9,1.8,4.6,1.8,0.9,0.0,0.0,1.8,1.8,18.3,-9.1,28.2,0,0,27.4,1,13222,1,13222,751,8201,10637,8140,14921,14268,13429,8482,8570,8186,13847,22092,22119,8481,11417,12598,8263,8846,16048,13816,9545,17495,16041,2246,150,15853,1,39:23
2024-25,1630249,Vít Krejčí,Vít,1610612737,ATL,Atlanta Hawks,0022401128,2025-04-05T00:00:00,ATL vs. NYK,L,19.133333333333333,5.6,11.3,0.5,3.8,9.4,0.4,0.0,0.0,0.0,0.0,5.6,5.6,1.9,0.0,0.0,1.9,0.0,1.9,0.0,15.1,13.2,30.3,0,0,30.1,1,13222,1,13222,16723,12573,14846,8526,4541,4242,7874,13505,14344,13505,14058,9181,13166,16811,16469,12854,3821,8846,15776,17725,12853,6312,14583,2246,150,13862,1,19:08
2024-25,203471,Dennis Schröder,Dennis,1610612765,DET,Detroit Pistons,0022401129,2025-04-05T00:00:00,DET vs. MEM,L,29.883333333333333,3.6,9.6,0.375,2.4,4.8,0.5,2.4,2.4,1.0,0.0,2.4,2.4,4.8,0.0,0.0,0.0,0.0,1.2,1.2,12.0,4.8,22.2,0,0,21.7,1,13222,1,13222,7889,18049,17697,16299,8454,13646,3944,9309,11458,1,14058,18454,20990,7867,16469,12854,8263,8846,18506,16378,16096,10201,20045,2246,150,19849,1,29:53
2024-25,203992,Bogdan Bogdanović,Bogdan,1610612746,LAC,LA Clippers,0022401132,2025-04-05T00:00:00,LAC vs. DAL,W,22.416666666666668,4.8,8.0,0.6,1.6,3.2,0.5,0.0,0.0,0.0,1.6,4.8,6.4,4.8,0.0,1.6,0.0,0.0,4.8,0.0,11.2,14.5,31.0,0,0,27.3,1,1,13086,1,14177,14894,20209,5394,11653,17248,3944,13505,14344,13505,9894,11381,11335,7873,16469,7964,8263,8846,5016,17725,16961,5839,14065,2246,150,15944,1,22:25
2024-25,1628997,Caleb Martin,Caleb,1610612742,DAL,Dallas Mavericks,0022401132,2025-04-05T00:00:00,DAL @ LAC,L,25.616666666666667,4.2,12.6,0.333,0.0,4.2,0.0,1.4,2.8,0.5,2.8,4.2,7.0,7.0,1.4,1.4,0.0,0.0,2.8,1.4,9.8,-18.3,31.6,0,0,26.7,1,13222,1,13222,11477,16551,12487,17395,15070,15077,15070,12008,10461,10625,5835,13065,10105,3985,13248,8869,8263,8846,11593,15428,18328,21007,13596,2246,150,16396,1,25:37
2024-25,1627736,Malik Beasley,Malik,1610612765,DET,Detroit Pistons,0022401129,2025-04-05T00:00:00,DET vs. MEM,L,33.13333333333333,4.3,17.4,0.25,3.3,13.0,0.25,0.0,0.0,0.0,1.1,2.2,3.3,0.0,0.0,1.1,0.0,1.1,1.1,0.0,12.0,-5.4,19.1,0,0,20.6,1,13222,1,13222,5043,16212,5362,20233,5783,1281,11902,13505,14344,13505,12579,19149,19085,19908,16469,11131,8263,7175,19175,17725,16195,15799,21583,2246,150,20491,1,33:08
2024-25,1629027,Trae Young,Trae,1610612737,ATL,Atlanta Hawks,0022401128,2025-04-05T00:00:00,ATL vs. NYK,L,31.533333333333335,5.7,17.1,0.333,3.4,8.0,0.429,3.4,3.4,1.0,0.0,1.1,1.1,10.3,3.4,1.1,0.0,0.0,1.1,5.7,18.3,-25.1,35.0,0,0,35.4,1,13222,1,13222,6391,12394,5670,17395,5322,6463,7394,6841,9036,1,14058,21651,23021,1298,5173,10658,8263,8846,18855,3025,9556,22831,11024,2246,150,9804,1,31:32
2024-25,1642276,Kel'el Ware,Kel'el,1610612748,MIA,Miami Heat,0022401131,2025-04-05T00:00:00,MIA vs. MIL,L,18.833333333333332,5.7,7.6,0.75,0.0,0.0,0.0,1.9,3.8,0.5,3.8,7.6,11.5,1.9,1.9,0.0,0.0,0.0,7.6,3.8,13.4,9.6,28.1,0,0,26.8,1,13222,1,13222,16944,12314,20720,2107,15070,20945,15070,10910,8194,10625,3847,5241,3986,16711,10982,12854,8263,8846,1544,6786,14642,7915,16140,2246,150,16349,1,18:50
2024-25,1630173,Precious Achiuwa,Precious,1610612752,NYK,New York Knicks,0022401128,2025-04-05T00:00:00,NYK @ ATL,W,25.295,4.3,11.4,0.375,0.0,0.0,0.0,0.0,0.0,0.0,1.4,2.8,4.3,0.0,1.4,0.0,2.8,0.0,2.8,0.0,8.5,-14.2,20.8,0,0,18.5,1,1,13086,1,11752,16400,14689,16299,15070,20945,15070,13505,14344,13505,10654,17251,16613,19908,13154,12854,1882,8846,11435,17725,19482,19595,20803,2246,150,21625,1,25:18
2024-25,1631260,AJ Green,AJ,1610612749,MIL,Milwaukee Bucks,0022401131,2025-04-05T00:00:00,MIL @ MIA,W,33.6,3.2,5.4,0.6,2.1,2.1,1.0,2.1,3.2,0.667,0.0,3.2,3.2,2.1,0.0,0.0,0.0,0.0,2.1,5.4,10.7,20.4,17.8,0,0,18.2,1,1,13086,1,4641,18962,23213,5394,9494,19284,1,10156,9492,9425,14058,16041,19193,15848,16469,12854,8263,8846,14396,3543,17461,3852,22185,2246,150,21765,1,33:36
2024-25,203501,Tim Hardaway Jr.,Tim,1610612765,DET,Detroit Pistons,0022401129,2025-04-05T00:00:00,DET vs. MEM,L,32.18333333333333,2.2,11.2,0.2,1.1,7.8,0.143,4.5,4.5,1.0,0.0,3.4,3.4,3.4,0.0,0.0,0.0,0.0,0.0,5.6,10.1,-5.6,19.1,0,0,17.9,1,13222,1,13222,5816,20972,15050,21401,13846,6748,14649,4873,6885,1,14058,15626,18860,11804,16469,12854,8263,8846,20257,3204,18091,15877,21582,2246,150,21914,1,32:11
2024-25,1641713,GG Jackson,GG,1610612763,MEM,Memphis Grizzlies,0022401129,2025-04-05T00:00:00,MEM @ DET,W,11.466666666666667,0.0,15.7,0.0,0.0,0.0,0.0,0.0,0.0,0.0,6.3,6.3,12.6,0.0,0.0,3.1,0.0,3.1,3.1,0.0,0.0,-31.4,24.5,0,0,18.8,1,1,13086,1,21498,22635,7548,22635,15070,20945,15070,13505,14344,13505,1484,7732,3090,19908,16469,2860,8263,1207,10140,17725,23200,23944,18623,2246,150,21465,1,11:28
2024-25,1626179,Terry Rozier,Terry,1610612748,MIA,Miami Heat,0022401131,2025-04-05T00:00:00,MIA vs. MIL,L,4.4,0.0,16.4,0.0,0.0,8.2,0.0,0.0,0.0,0.0,0.0,8.2,8.2,0.0,0.0,0.0,0.0,0.0,0.0,0.0,0.0,-65.5,9.8,0,0,8.2,1,13222,1,13222,24286,22635,6592,22635,15070,6111,15070,13505,14344,13505,14058,4444,7957,19908,16469,12854,8263,8846,20257,17725,23200,25802,24449,2246,150,24736,1,4:24
2024-25,1626153,Delon Wright,Delon,1610612752,NYK,New York Knicks,0022401128,2025-04-05T00:00:00,NYK @ ATL,W,28.916666666666668,5.0,8.7,0.571,2.5,5.0,0.5,0.0,0.0,0.0,0.0,1.2,1.2,2.5,1.2,2.5,0.0,0.0,0.0,1.2,12.4,22.4,23.9,0,0,23.7,1,1,13086,1,8740,14452,19162,6538,8181,13252,3944,13505,14344,13505,14058,21411,22886,14575,14127,4411,8263,8846,20257,16157,15651,3379,19018,2246,150,18575,1,28:55
2024-25,1627739,Kris Dunn,Kris,1610612746,LAC,LA Clippers,0022401132,2025-04-05T00:00:00,LAC vs. DAL,W,19.783333333333335,1.8,1.8,1.0,1.8,1.8,1.0,0.0,0.0,0.0,0.0,0.0,0.0,3.6,0.0,3.6,0.0,0.0,5.5,0.0,5.5,38.2,21.8,0,0,18.2,1,1,13086,1,16192,21721,24790,1,10996,19886,1,13505,14344,13505,14058,22137,23286,10963,16469,2044,8263,8846,3762,17725,21758,1102,20237,2246,150,21775,1,19:47
2024-25,203939,Dwight Powell,Dwight,1610612742,DAL,Dallas Mavericks,0022401132,2025-04-05T00:00:00,DAL @ LAC,L,7.133333333333334,0.0,10.1,0.0,0.0,5.0,0.0,0.0,0.0,0.0,0.0,5.0,5.0,0.0,0.0,0.0,0.0,5.0,0.0,0.0,0.0,0.0,6.1,0,0,5.0,1,13222,1,13222,23116,22635,16902,22635,15070,13081,15070,13505,14344,13505,14058,10733,14676,19908,16469,12854,8263,360,20257,17725,23200,12240,24909,2246,150,25100,1,7:08
2024-25,1630643,Jay Huff,Jay,1610612763,MEM,Memphis Grizzlies,0022401129,2025-04-05T00:00:00,MEM @ DET,W,6.233333333333333,0.0,23.1,0.0,0.0,17.3,0.0,0.0,0.0,0.0,0.0,0.0,0.0,0.0,0.0,0.0,0.0,0.0,0.0,0.0,0.0,-5.8,0.0,0,0,0.0,1,1,13086,1,23489,22635,1350,22635,15070,385,15070,13505,14344,13505,14058,22137,23286,19908,16469,12854,8263,8846,20257,17725,23200,15960,25228,2246,150,25259,1,6:14
2024-25,1630194,Paul Reed,Paul,1610612765,DET,Detroit Pistons,0022401129,2025-04-05T00:00:00,DET vs. MEM,L,10.816666666666666,3.3,16.6,0.2,0.0,6.7,0.0,0.0,0.0,0.0,3.3,6.7,10.0,6.7,3.3,0.0,0.0,0.0,10.0,0.0,6.7,3.3,25.3,0,0,23.3,1,13222,1,13222,21789,18684,6254,21401,15070,9199,15070,13505,14344,13505,4689,6984,5446,4491,5425,12854,8263,8846,710,17725,20956,10957,18077,2246,150,18803,1,10:49
2024-25,1629018,Gary Trent Jr.,Gary,1610612749,MIL,Milwaukee Bucks,0022401131,2025-04-05T00:00:00,MIL @ MIA,W,23.2,1.6,10.9,0.143,0.0,6.2,0.0,0.0,0.0,0.0,0.0,1.6,1.6,1.6,0.0,0.0,0.0,0.0,1.6,0.0,3.1,9.3,7.3,0,0,6.2,1,1,13086,1,13550,22108,15586,22260,15070,10184,15070,13505,14344,13505,14058,20769,22501,17802,16469,12854,8263,8846,17037,17725,22922,8043,24784,2246,150,24985,1,23:12
2024-25,1626181,Norman Powell,Norman,1610612746,LAC,LA Clippers,0022401132,2025-04-05T00:00:00,LAC vs. DAL,W,29.033333333333335,5.0,16.1,0.308,1.2,6.2,0.2,0.0,2.5,0.0,0.0,1.2,1.2,0.0,1.2,2.5,0.0,2.5,3.7,2.5,11.2,29.8,18.8,0,0,18.6,1,1,13086,1,8644,14513,6946,19226,13151,10200,13429,13505,11253,13505,14058,21423,22891,19908,14162,4437,8263,2072,8003,11064,17027,2000,21731,2246,150,21587,1,29:02
2024-25,1630583,Santi Aldama,Santi,1610612763,MEM,Memphis Grizzlies,0022401129,2025-04-05T00:00:00,MEM @ DET,W,23.915,4.5,9.0,0.5,0.0,4.5,0.0,4.5,6.0,0.75,1.5,6.0,7.5,3.0,3.0,0.0,0.0,0.0,6.0,3.0,13.5,-25.6,24.1,0,0,24.1,1,1,13086,1,12985,15730,18673,8526,15070,14396,15070,4810,4441,8186,10297,8279,9112,12890,6430,12854,8263,8846,2909,9198,14446,22931,18887,2246,150,18267,1,23:55
2024-25,1629638,Nickeil Alexander-Walker,Nickeil,1610612750,MIN,Minnesota Timberwolves,0022401130,2025-04-05T00:00:00,MIN @ PHI,W,26.916666666666668,2.7,6.7,0.4,0.0,2.7,0.0,4.0,5.3,0.75,1.3,1.3,2.7,6.7,0.0,0.0,0.0,0.0,1.3,4.0,9.4,18.7,22.6,0,0,18.7,1,1,13086,1,10399,20144,21904,14933,15070,18305,15070,5677,5389,8186,11029,21218,20503,4447,16469,12854,8263,8846,17873,6276,18770,4337,19813,2246,150,21526,1,26:55
2024-25,203507,Giannis Antetokounmpo,Giannis,1610612749,MIL,Milwaukee Bucks,0022401131,2025-04-05T00:00:00,MIL @ MIA,W,43.0,10.9,17.6,0.619,0.0,0.8,0.0,8.4,11.7,0.714,0.0,12.6,12.6,8.4,2.5,0.0,0.8,0.0,0.8,8.4,30.1,14.2,57.8,1,1,52.7,1,1,13086,1,152,2356,5155,5227,15070,20941,15070,1240,823,9244,14058,1139,3090,2537,8192,12854,8208,8846,20229,868,2029,5917,1506,1,1,1865,1,43:00
2024-25,201935,James Harden,James,1610612746,LAC,LA Clippers,0022401132,2025-04-05T00:00:00,LAC vs. DAL,W,31.3,11.5,21.9,0.526,1.2,4.6,0.25,9.2,10.4,0.889,2.3,5.8,8.1,16.1,2.3,1.2,0.0,2.3,2.3,6.9,33.4,29.9,68.3,1,0,61.0,1,1,13086,1,6607,1865,1883,8379,13648,14193,11902,941,1238,6857,7240,8917,8170,208,9066,10575,8263,2427,13643,1728,1256,1975,506,1,150,735,1,31:18
2024-25,203497,Rudy Gobert,Rudy,1610612750,MIN,Minnesota Timberwolves,0022401130,2025-04-05T00:00:00,MIN @ PHI,W,35.645,10.1,11.1,0.909,0.0,0.0,0.0,3.0,4.0,0.75,8.1,11.1,19.2,2.0,1.0,2.0,3.0,0.0,3.0,4.0,23.2,10.1,63.4,1,0,54.5,1,1,13086,1,2957,3111,15179,1292,15070,20945,15070,7722,7761,8186,760,1848,649,16299,15779,6158,1656,8846,10579,6208,5339,7652,840,1,150,1542,1,35:39
2024-25,1628978,Donte DiVincenzo,Donte,1610612750,MIN,Minnesota Timberwolves,0022401130,2025-04-05T00:00:00,MIN @ PHI,W,18.683333333333334,9.6,17.3,0.556,5.8,11.6,0.5,0.0,0.0,0.0,0.0,7.7,7.7,1.9,5.8,1.9,0.0,0.0,0.0,0.0,25.0,-5.8,37.2,0,0,44.3,1,1,13086,1,17048,3677,5407,7248,1500,2057,3944,13505,14344,13505,14058,5156,8789,16651,1576,6634,8263,8846,20257,17725,4192,15963,9545,2246,150,4548,1,18:41
2024-25,1628384,OG Anunoby,OG,1610612752,NYK,New York Knicks,0022401128,2025-04-05T00:00:00,NYK @ ATL,W,34.638333333333335,9.4,17.7,0.529,2.1,4.2,0.5,4.2,5.2,0.8,0.0,4.2,4.2,4.2,0.0,1.0,3.1,4.2,1.0,4.2,24.9,24.9,48.6,0,0,43.7,1,1,13086,1,3747,4117,5052,8281,9778,15213,3944,5428,5616,7681,14058,13249,16922,9507,16469,11595,1555,600,19476,5938,4237,2834,3765,2246,150,4857,1,34:38
2024-25,1641709,Ausar Thompson,Ausar,1610612765,DET,Detroit Pistons,0022401129,2025-04-05T00:00:00,DET vs. MEM,L,31.18166666666667,8.1,10.4,0.778,0.0,1.2,0.0,4.6,6.9,0.667,3.5,9.2,12.7,5.8,0.0,1.2,1.2,0.0,3.5,3.5,20.8,-3.5,51.6,1,0,43.9,1,13222,1,13222,6730,6463,16400,1994,15070,20677,15070,4651,3444,9425,4427,3265,3000,5905,16469,10545,6453,8846,8857,7764,7244,14779,2804,1,150,4752,1,31:11
2024-25,1629656,Quentin Grimes,Quentin,1610612755,PHI,Philadelphia 76ers,0022401130,2025-04-05T00:00:00,PHI vs. MIN,L,36.06666666666667,10.0,18.0,0.556,6.0,10.0,0.6,2.0,2.0,1.0,1.0,2.0,3.0,2.0,3.0,1.0,0.0,0.0,5.0,2.0,27.9,-1.0,34.5,0,0,40.9,1,13222,1,13222,2629,3243,4737,7248,1312,3498,2992,10657,12736,1,13269,19678,19761,16386,6513,11978,8263,8846,4623,13097,2808,13539,11421,2246,150,6256,1,36:04
2024-25,1641744,Zach Edey,Zach,1610612763,MEM,Memphis Grizzlies,0022401129,2025-04-05T00:00:00,MEM @ DET,W,28.985,3.7,9.9,0.375,0.0,2.5,0.0,0.0,2.5,0.0,8.7,17.4,26.1,7.5,1.2,0.0,1.2,0.0,5.0,1.2,7.5,24.8,52.4,0,0,43.5,1,1,13086,1,8687,17761,17182,16299,15070,18660,15070,13505,11249,13505,620,305,172,3457,14154,12854,5939,8846,4687,16171,20364,2852,2614,2246,150,4927,1,28:59
2024-25,1626157,Karl-Anthony Towns,Karl-Anthony,1610612752,NYK,New York Knicks,0022401128,2025-04-05T00:00:00,NYK @ ATL,W,32.98833333333334,10.9,16.4,0.667,2.2,3.3,0.667,8.7,9.8,0.889,2.2,9.8,12.0,3.3,3.3,0.0,0.0,1.1,1.1,9.8,32.7,29.5,48.8,1,0,50.2,1,1,13086,1,5155,2340,6589,3281,9306,17126,1957,1100,1444,6857,7643,2711,3483,12071,5587,12854,8263,7134,19151,449,1375,2037,3705,1,150,2482,1,32:59
2024-25,1630595,Cade Cunningham,Cade,1610612765,DET,Detroit Pistons,0022401129,2025-04-05T00:00:00,DET vs. MEM,L,27.835,11.6,31.0,0.375,2.6,7.8,0.333,6.5,9.1,0.714,1.3,10.3,11.6,5.2,2.6,0.0,1.3,1.3,5.2,6.5,32.3,-3.9,55.4,0,0,54.3,1,13222,1,13222,9681,1772,233,16299,7875,6881,9209,2432,1841,9244,11228,2325,3816,7081,7929,12854,5679,5691,4247,2119,1454,14999,1919,2246,150,1573,1,27:50
2024-25,1627747,Caris LeVert,Caris,1610612737,ATL,Atlanta Hawks,0022401128,2025-04-05T00:00:00,ATL vs. NYK,L,19.9,10.9,19.9,0.545,1.8,7.2,0.25,1.8,1.8,1.0,1.8,5.4,7.2,5.4,0.0,5.4,1.8,3.6,0.0,1.8,25.3,-23.5,63.9,0,0,54.3,1,13222,1,13222,16094,2376,3037,7695,11041,7966,11902,11220,13181,1,9208,9720,9674,6577,16469,669,4039,834,20257,13898,4038,22464,798,2246,150,1577,1,19:54
2024-25,203076,Anthony Davis,Anthony,1610612742,DAL,Dallas Mavericks,0022401132,2025-04-05T00:00:00,DAL @ LAC,L,27.45,10.5,24.9,0.421,1.3,6.6,0.2,13.1,17.0,0.769,2.6,9.2,11.8,0.0,7.9,1.3,0.0,0.0,3.9,10.5,35.4,-21.0,45.6,0,0,51.1,1,13222,1,13222,9976,2721,844,14442,12818,9420,13429,256,225,8170,6291,3332,3657,19908,619,9399,8263,8846,7330,333,911,21826,4878,2246,150,2241,1,27:27
2024-25,1630539,Kai Jones,Kai,1610612742,DAL,Dallas Mavericks,0022401132,2025-04-05T00:00:00,DAL @ LAC,L,20.5,15.8,15.8,1.0,0.0,0.0,0.0,0.0,1.8,0.0,5.3,7.0,12.3,0.0,1.8,1.8,5.3,0.0,10.5,1.8,31.6,-17.6,65.7,0,0,58.0,1,13222,1,13222,15638,376,7409,1,15070,20945,15070,13505,13238,13505,2124,6318,3274,19908,11717,7414,444,8846,604,14091,1606,20800,655,2246,150,1034,1,20:30
2024-25,1628404,Josh Hart,Josh,1610612752,NYK,New York Knicks,0022401128,2025-04-05T00:00:00,NYK @ ATL,W,32.32833333333333,5.6,8.9,0.625,2.2,2.2,1.0,4.5,5.6,0.8,0.0,10.0,10.0,12.2,4.5,4.5,0.0,1.1,3.3,3.3,17.8,3.3,57.1,1,0,51.2,1,1,13086,1,5709,12797,18856,4899,9133,19121,1,4902,5089,7681,14058,2567,5412,665,3067,1258,8263,6937,9290,8125,10011,10952,1610,1,150,2224,1,32:20
2024-25,202695,Kawhi Leonard,Kawhi,1610612746,LAC,LA Clippers,0022401132,2025-04-05T00:00:00,LAC vs. DAL,W,25.333333333333332,17.1,27.0,0.632,4.3,7.1,0.6,2.8,2.8,1.0,1.4,7.1,8.5,4.3,2.8,4.3,1.4,0.0,0.0,2.8,41.2,38.4,72.0,0,0,69.6,1,1,13086,1,11714,275,499,4871,3463,8243,2992,8234,10381,1,10660,6160,7440,9219,7049,1408,5144,8846,20257,9805,385,1088,366,2246,150,333,1,25:20
2024-25,1627826,Ivica Zubac,Ivica,1610612746,LAC,LA Clippers,0022401132,2025-04-05T00:00:00,LAC vs. DAL,W,28.383333333333333,14.0,14.0,1.0,0.0,0.0,0.0,3.8,3.8,1.0,2.5,10.1,12.7,2.5,0.0,0.0,1.3,0.0,3.8,3.8,31.7,29.2,54.5,1,0,49.5,1,1,13086,1,9227,716,10245,1,15070,20945,15070,6073,8239,1,6504,2461,3010,14414,16469,12854,5806,8846,7717,6836,1582,2081,2077,1,150,2676,1,28:23
2024-25,1630811,Keaton Wallace,Keaton,1610612737,ATL,Atlanta Hawks,0022401128,2025-04-05T00:00:00,ATL vs. NYK,L,6.066666666666666,5.9,11.9,0.5,0.0,0.0,0.0,0.0,0.0,0.0,0.0,5.9,5.9,17.8,5.9,5.9,5.9,0.0,0.0,0.0,11.9,65.3,75.4,0,0,59.3,1,13222,1,13222,23571,11691,13824,8526,15070,20945,15070,13505,14344,13505,14058,8474,12442,144,1425,494,318,8846,20257,17725,16266,281,289,2246,150,884,1,6:04
2024-25,1628991,Jaren Jackson Jr.,Jaren,1610612763,MEM,Memphis Grizzlies,0022401129,2025-04-05T00:00:00,MEM @ DET,W,35.13333333333333,9.2,23.6,0.391,1.0,6.1,0.167,8.2,11.3,0.727,4.1,7.2,11.3,2.0,2.0,1.0,0.0,2.0,2.0,6.1,27.7,11.3,45.3,1,0,44.1,1,1,13086,1,3358,4327,1209,15984,14396,10323,14236,1318,959,9223,3451,6056,4170,16192,10263,11719,8263,3059,14879,2446,2906,7110,5043,1,150,4664,1,35:08
2024-25,1630631,Jose Alvarado,Jose,1610612740,NOP,New Orleans Pelicans,0022401126,2025-04-04T00:00:00,NOP @ LAL,L,28.15,12.8,26.9,0.476,7.7,12.8,0.6,1.3,3.8,0.333,1.3,3.8,5.1,6.4,5.1,0.0,0.0,1.3,0.0,2.6,34.5,-10.2,45.1,0,0,53.7,1,13222,1,13222,9420,1116,514,12010,537,1395,2992,12358,8164,13132,11305,14213,14474,4862,2207,12854,8263,5762,20257,10771,1038,17988,5108,2246,150,1670,1,28:09
2024-25,1629012,Collin Sexton,Collin,1610612762,UTA,Utah Jazz,0022401119,2025-04-04T00:00:00,UTA @ IND,L,32.7,8.8,16.5,0.533,2.2,5.5,0.4,9.9,11.0,0.9,0.0,3.3,3.3,3.3,1.1,2.2,0.0,3.3,4.4,7.7,29.7,-29.7,44.1,0,0,42.9,1,13222,1,13222,5400,5066,6402,8140,9231,11934,7874,723,1022,6805,14058,15783,18982,11966,15126,5385,8263,1063,6011,1195,2186,23696,5605,2246,150,5178,1,32:42
2024-25,1627734,Domantas Sabonis,Domantas,1610612758,SAC,Sacramento Kings,0022401118,2025-04-04T00:00:00,SAC @ CHA,W,26.616666666666667,12.2,21.6,0.563,0.0,1.4,0.0,8.1,9.5,0.857,9.5,5.4,14.9,9.5,0.0,0.0,0.0,0.0,4.1,5.4,32.5,13.5,64.5,1,0,56.8,1,1,13086,1,10633,1417,1964,7127,15070,20433,15070,1354,1614,7071,480,9763,1830,1716,16469,12854,8263,8846,6980,3466,1425,6195,738,1,150,1188,1,26:37
2024-25,1627759,Jaylen Brown,Jaylen,1610612738,BOS,Boston Celtics,0022401120,2025-04-04T00:00:00,BOS vs. PHX,W,28.45,12.7,20.2,0.625,3.8,5.1,0.75,10.1,11.4,0.889,0.0,6.3,6.3,3.8,1.3,0.0,0.0,1.3,0.0,6.3,39.2,26.6,51.2,0,0,53.1,1,1,13086,1,9165,1170,2802,4899,4451,13045,1542,666,921,6857,14058,7645,11552,10504,14000,12854,8263,5837,20257,2261,501,2508,2913,2246,150,1781,1,28:27
2024-25,1629029,Luka Dončić,Luka,1610612747,LAL,Los Angeles Lakers,0022401126,2025-04-04T00:00:00,LAL vs. NOP,W,35.82333333333333,10.0,21.1,0.476,4.0,10.0,0.4,11.1,11.1,1.0,0.0,6.0,6.0,6.0,2.0,0.0,0.0,1.0,2.0,7.0,35.2,12.1,49.4,0,0,51.3,1,1,13086,1,2809,3167,2275,12010,3958,3432,7874,479,1007,1,14058,8266,12210,5431,10473,12854,8263,7879,15085,1635,938,6773,3443,2246,150,2215,1,35:49
2024-25,201939,Stephen Curry,Stephen,1610612744,GSW,Golden State Warriors,0022401125,2025-04-04T00:00:00,GSW vs. DEN,W,32.185,14.5,26.8,0.542,7.8,16.8,0.467,3.4,3.4,1.0,1.1,1.1,2.2,5.6,2.2,2.2,0.0,0.0,2.2,4.5,40.3,6.7,55.8,0,0,60.4,1,1,13086,1,5814,575,518,7965,504,433,7108,6992,9186,1,12343,21714,21346,6267,9365,5255,8263,8846,13940,5201,432,9285,1839,2246,150,789,1,32:11
2024-25,1631114,Jalen Williams,Jalen,1610612760,OKC,Oklahoma City Thunder,0022401123,2025-04-04T00:00:00,OKC @ HOU,L,34.13333333333333,13.7,22.1,0.619,2.1,3.2,0.667,5.3,6.3,0.833,1.1,2.1,3.2,4.2,2.1,2.1,1.1,1.1,0.0,5.3,34.8,-13.7,52.3,0,0,50.6,1,13222,1,13222,4140,784,1757,5227,9644,17335,1957,3689,4092,7275,12843,19337,19329,9339,9956,5744,7100,7456,20257,3673,990,19382,2639,2246,150,2361,1,34:08
2024-25,1629234,Drew Eubanks,Drew,1610612746,LAC,LA Clippers,0022401127,2025-04-04T00:00:00,LAC vs. DAL,W,17.533333333333335,12.3,14.4,0.857,0.0,0.0,0.0,0.0,0.0,0.0,2.1,12.3,14.4,4.1,2.1,2.1,2.1,0.0,4.1,0.0,24.6,34.9,58.3,0,0,51.3,1,1,13086,1,17895,1342,9574,1412,15070,20945,15070,13505,14344,13505,8154,1223,2060,9650,10244,5997,3339,8846,6817,17725,4400,1404,1429,2246,150,2194,1,17:32
2024-25,1630224,Jalen Green,Jalen,1610612745,HOU,Houston Rockets,0022401123,2025-04-04T00:00:00,HOU vs. OKC,W,38.06166666666667,10.4,22.7,0.458,2.8,9.5,0.3,8.5,9.5,0.9,0.9,2.8,3.8,4.7,2.8,1.9,0.9,2.8,0.9,7.6,32.2,14.2,49.5,0,0,49.2,1,1,13086,1,1353,2820,1501,12650,7092,4167,11319,1180,1627,6805,13681,17278,17867,8108,7077,6809,7857,1549,19990,1288,1494,5944,3433,2246,150,2772,1,38:04
2024-25,1628378,Donovan Mitchell,Donovan,1610612739,CLE,Cleveland Cavaliers,0022401124,2025-04-04T00:00:00,CLE @ SAS,W,33.6,8.6,19.3,0.444,6.4,11.8,0.545,4.3,6.4,0.667,1.1,2.1,3.2,7.5,4.3,1.1,1.1,1.1,0.0,5.4,27.9,5.4,45.1,0,0,49.3,1,1,13086,1,4641,5483,3504,13045,1036,1905,3863,5181,3968,9425,12706,19231,19193,3400,3351,11262,6973,7296,20257,3543,2836,9913,5126,2246,150,2735,1,33:36
2024-25,1631105,Jalen Duren,Jalen,1610612765,DET,Detroit Pistons,0022401121,2025-04-04T00:00:00,DET @ TOR,W,36.15,9.0,11.0,0.818,0.0,0.0,0.0,3.0,4.0,0.75,4.0,13.9,17.9,6.0,0.0,1.0,4.0,2.0,2.0,4.0,20.9,14.9,66.3,1,0,54.8,1,1,13086,1,2569,4776,15442,1653,15070,20945,15070,7848,7874,8186,3619,771,924,5542,16469,11998,929,3249,15195,6350,7149,5653,610,1,150,1492,1,36:09
2024-25,1631248,Baylor Scheierman,Baylor,1610612738,BOS,Boston Celtics,0022401120,2025-04-04T00:00:00,BOS vs. PHX,W,1.8833333333333333,19.1,57.3,0.333,0.0,19.1,0.0,0.0,0.0,0.0,19.1,0.0,19.1,0.0,0.0,0.0,0.0,0.0,0.0,0.0,38.2,-19.1,61.2,0,0,57.3,1,1,13086,1,25524,167,17,17395,15070,279,15070,13505,14344,13505,65,22137,666,19908,16469,12854,8263,8846,20257,17725,584,21266,1053,2246,150,1122,1,1:53
2024-25,203500,Steven Adams,Steven,1610612745,HOU,Houston Rockets,0022401123,2025-04-04T00:00:00,HOU vs. OKC,W,22.95,6.3,11.0,0.571,0.0,0.0,0.0,0.0,0.0,0.0,9.4,9.4,18.8,0.0,0.0,3.1,1.6,0.0,3.1,1.6,12.5,11.0,49.3,0,0,40.8,1,1,13086,1,13753,10780,15384,6538,15070,20945,15070,13505,14344,13505,487,3099,726,19908,16469,2864,4648,8846,10142,14731,15540,7247,3523,2246,150,6335,1,22:57
2024-25,1642266,Ja'Kobe Walter,Ja'Kobe,1610612761,TOR,Toronto Raptors,0022401121,2025-04-04T00:00:00,TOR vs. DET,L,31.516666666666666,9.1,16.0,0.571,4.6,8.0,0.571,2.3,2.3,1.0,1.1,2.3,3.4,1.1,2.3,3.4,0.0,0.0,2.3,1.1,25.1,0.0,39.0,0,0,41.1,1,13222,1,13222,6406,4469,7129,6538,2939,6459,3506,9675,11829,1,12178,18810,18706,19218,9145,2333,8263,8846,13706,16697,4156,12240,8442,2246,150,6127,1,31:31
2024-25,1630596,Evan Mobley,Evan,1610612739,CLE,Cleveland Cavaliers,0022401124,2025-04-04T00:00:00,CLE @ SAS,W,36.95,9.7,12.7,0.769,3.9,5.8,0.667,1.0,1.9,0.5,1.9,9.7,11.7,4.9,1.9,1.0,2.9,1.0,3.9,1.0,24.4,-2.9,55.4,1,0,52.6,1,1,13086,1,2019,3549,12454,2080,4200,11090,1957,13318,12867,10625,8629,2780,3768,7753,10796,12177,1788,8151,7456,17480,4579,14529,1903,1,150,1904,1,36:57
2024-25,1626167,Myles Turner,Myles,1610612754,IND,Indiana Pacers,0022401119,2025-04-04T00:00:00,IND vs. UTA,W,27.493333333333332,11.8,22.3,0.529,3.9,9.2,0.429,6.5,10.5,0.625,2.6,6.5,9.2,1.3,1.3,0.0,7.9,0.0,3.9,6.5,34.0,3.9,69.3,0,0,64.2,1,1,13086,1,9952,1675,1704,8281,4139,4587,7394,2360,1199,10271,6300,7212,6489,18625,13766,12854,148,8846,7354,2037,1125,10689,461,2246,150,514,1,27:30
2024-25,1642264,Stephon Castle,Stephon,1610612759,SAS,San Antonio Spurs,0022401124,2025-04-04T00:00:00,SAS vs. CLE,L,32.55,8.8,17.7,0.5,1.1,6.6,0.167,5.5,6.6,0.833,1.1,8.8,10.0,12.2,3.3,1.1,0.0,1.1,1.1,4.4,24.3,-2.2,54.5,1,0,49.8,1,13222,1,13222,5517,4973,5019,8526,13911,9243,14236,3384,3723,7275,12423,3665,5487,683,5461,10970,8263,6995,19065,5291,4591,14152,2081,1,150,2593,1,32:33
2024-25,1642277,Johnny Furphy,Johnny,1610612754,IND,Indiana Pacers,0022401119,2025-04-04T00:00:00,IND vs. UTA,W,2.85,0.0,0.0,0.0,0.0,0.0,0.0,25.3,25.3,1.0,0.0,0.0,0.0,0.0,0.0,0.0,12.6,0.0,0.0,12.6,25.3,164.2,63.2,0,0,50.5,1,1,13086,1,25047,22635,24836,22635,15070,20945,15070,48,84,1,14058,22137,23286,19908,16469,12854,36,8846,20257,172,4078,23,864,2246,150,2384,1,2:51
2024-25,1631116,Patrick Baldwin Jr.,Patrick,1610612746,LAC,LA Clippers,0022401127,2025-04-04T00:00:00,LAC vs. DAL,W,3.4833333333333334,20.7,20.7,1.0,20.7,20.7,1.0,0.0,0.0,0.0,0.0,20.7,20.7,0.0,0.0,0.0,0.0,0.0,20.7,0.0,62.0,-31.0,86.8,0,0,103.3,1,1,13086,1,24719,126,2530,1,27,210,1,13505,14344,13505,14058,149,452,19908,16469,12854,8263,8846,113,17725,77,23886,115,2246,150,51,1,3:29
2024-25,203999,Nikola Jokić,Nikola,1610612743,DEN,Denver Nuggets,0022401125,2025-04-04T00:00:00,DEN @ GSW,L,37.20666666666666,12.6,16.4,0.765,3.9,6.8,0.571,2.9,2.9,1.0,1.9,9.7,11.6,8.7,5.8,1.9,0.0,0.0,1.9,4.8,31.9,-3.9,58.9,1,0,60.0,1,13222,1,13222,1857,1213,6489,2095,4268,8955,3506,8092,10230,1,8688,2844,3840,2269,1554,6593,8263,8846,15490,4418,1546,14988,1342,1,150,832,1,37:12
2024-25,1641709,Ausar Thompson,Ausar,1610612765,DET,Detroit Pistons,0022401121,2025-04-04T00:00:00,DET @ TOR,W,31.75,6.8,13.6,0.5,0.0,0.0,0.0,3.4,3.4,1.0,2.3,5.7,7.9,4.5,0.0,3.4,2.3,2.3,1.1,3.4,17.0,12.5,50.3,0,0,40.8,1,1,13086,1,6199,9409,10819,8526,15070,20945,15070,6890,9085,1,7356,9122,8394,8564,16469,2379,2805,2512,18896,7944,10836,6607,3170,2246,150,6313,1,31:45
2024-25,204456,T.J. McConnell,T.J.,1610612754,IND,Indiana Pacers,0022401119,2025-04-04T00:00:00,IND vs. UTA,W,19.3,11.2,13.1,0.857,0.0,0.0,0.0,0.0,0.0,0.0,1.9,5.6,7.5,13.1,3.7,1.9,1.9,0.0,3.7,3.7,22.4,24.2,58.4,0,0,50.4,1,1,13086,1,16572,2102,11762,1412,15070,20945,15070,13505,14344,13505,8964,9304,9247,521,4479,6945,3879,8846,7969,7048,5937,2972,1418,2246,150,2431,1,19:18
2024-25,1642353,Cam Christie,Cam,1610612746,LAC,LA Clippers,0022401127,2025-04-04T00:00:00,LAC vs. DAL,W,6.433333333333334,5.6,16.8,0.333,0.0,5.6,0.0,5.6,11.2,0.5,5.6,5.6,11.2,0.0,0.0,11.2,0.0,0.0,5.6,5.6,16.8,-56.0,63.8,0,0,50.4,1,1,13086,1,23394,12714,6059,17395,15070,11735,15070,3320,974,10625,1883,9304,4243,19908,16469,91,8263,8846,3554,3197,11085,25588,810,2246,150,2431,1,6:26
2024-25,1627783,Pascal Siakam,Pascal,1610612754,IND,Indiana Pacers,0022401119,2025-04-04T00:00:00,IND vs. UTA,W,28.9,11.2,19.9,0.563,2.5,5.0,0.5,2.5,5.0,0.5,1.2,5.0,6.2,6.2,0.0,3.7,5.0,1.2,3.7,2.5,27.4,19.9,70.4,0,0,59.8,1,1,13086,1,8761,2083,3016,7127,8168,13245,3944,9074,5953,10625,11504,10927,11758,5115,16469,1920,518,5960,7946,11019,3021,3973,419,2246,150,843,1,28:54
2024-25,1631217,Moussa Diabaté,Moussa,1610612766,CHA,Charlotte Hornets,0022401118,2025-04-04T00:00:00,CHA vs. SAC,L,22.833333333333332,9.5,14.2,0.667,0.0,0.0,0.0,4.7,6.3,0.75,4.7,12.6,17.3,0.0,3.2,0.0,0.0,1.6,6.3,3.2,23.6,-1.6,41.3,1,0,41.0,1,13222,1,13222,13849,3939,9850,3281,15070,20945,15070,4461,4119,8186,2636,1121,1052,19908,5966,12854,8263,4501,2594,8716,5017,13829,6986,1,150,6205,1,22:50
2024-25,1641816,Hunter Tyson,Hunter,1610612743,DEN,Denver Nuggets,0022401125,2025-04-04T00:00:00,DEN @ GSW,L,0.9083333333333333,0.0,0.0,0.0,0.0,0.0,0.0,0.0,0.0,0.0,0.0,0.0,0.0,0.0,0.0,39.6,0.0,0.0,0.0,0.0,0.0,0.0,118.9,0,0,79.3,1,13222,1,13222,26087,22635,24836,22635,15070,20945,15070,13505,14344,13505,14058,22137,23286,19908,16469,4,8263,8846,20257,17725,23200,12240,37,2246,150,169,1,0:55
2024-25,1630166,Deni Avdija,Deni,1610612757,POR,Portland Trail Blazers,0022401122,2025-04-04T00:00:00,POR @ CHI,L,35.46666666666667,12.2,25.4,0.48,2.0,7.1,0.286,11.2,14.2,0.786,6.1,5.1,11.2,5.1,1.0,0.0,0.0,1.0,3.0,9.1,37.6,-4.1,57.6,1,0,55.8,1,13222,1,13222,3102,1412,754,11962,10011,8247,11433,453,426,8082,1569,10649,4268,7304,15746,12854,8263,7773,10510,609,650,15098,1545,1,150,1338,1,35:28
2024-25,1630169,Tyrese Haliburton,Tyrese,1610612754,IND,Indiana Pacers,0022401119,2025-04-04T00:00:00,IND vs. UTA,W,27.835,9.1,16.8,0.538,2.6,7.8,0.333,1.3,2.6,0.5,2.6,5.2,7.8,14.2,0.0,0.0,3.9,0.0,1.3,1.3,22.0,6.5,64.3,1,0,54.3,1,1,13086,1,9681,4606,6023,7978,7875,6881,9209,12319,11010,10625,6385,10349,8700,366,16469,12854,986,8846,18059,15939,6231,9386,757,1,150,1573,1,27:50
2024-25,1627826,Ivica Zubac,Ivica,1610612746,LAC,LA Clippers,0022401127,2025-04-04T00:00:00,LAC vs. DAL,W,26.983333333333334,8.0,18.7,0.429,0.0,0.0,0.0,2.7,5.3,0.5,9.3,8.0,17.3,2.7,2.7,1.3,1.3,0.0,2.7,5.3,18.7,12.0,48.8,1,0,44.0,1,1,13086,1,10349,6625,4043,13735,15070,20945,15070,8646,5412,10625,496,4699,1051,13992,7626,9278,5502,8846,12171,3577,9141,6793,3685,1,150,4680,1,26:59
2024-25,202696,Nikola Vučević,Nikola,1610612741,CHI,Chicago Bulls,0022401122,2025-04-04T00:00:00,CHI vs. POR,W,33.36666666666667,14.0,23.7,0.591,2.2,3.2,0.667,3.2,3.2,1.0,3.2,9.7,12.9,2.2,3.2,0.0,2.2,1.1,2.2,3.2,33.4,2.2,55.5,1,0,55.0,1,1,13086,1,4841,697,1137,6217,9403,17202,1957,7240,9444,1,4868,2806,2837,15775,5710,12854,3049,7233,14310,8441,1228,11532,1901,1,150,1455,1,33:22
2024-25,203109,Jae Crowder,Jae,1610612758,SAC,Sacramento Kings,0022401118,2025-04-04T00:00:00,SAC @ CHA,W,4.633333333333334,7.8,23.3,0.333,7.8,7.8,1.0,0.0,0.0,0.0,0.0,15.5,15.5,7.8,0.0,0.0,0.0,0.0,0.0,0.0,23.3,-23.3,53.6,0,0,54.4,1,1,13086,1,24166,7120,1276,17395,520,6854,1,13505,14344,13505,14058,485,1566,3117,16469,12854,8263,8846,20257,17725,5281,22415,2296,2246,150,1557,1,4:38
2024-25,1642382,Branden Carlson,Branden,1610612760,OKC,Oklahoma City Thunder,0022401123,2025-04-04T00:00:00,OKC @ HOU,L,2.45,14.7,14.7,1.0,14.7,14.7,1.0,0.0,0.0,0.0,0.0,14.7,14.7,0.0,14.7,0.0,0.0,0.0,0.0,0.0,44.1,0.0,47.0,0,0,73.5,1,13222,1,13222,25225,549,9065,1,80,766,1,13505,14344,13505,14058,625,1916,19908,122,12854,8263,8846,20257,17725,283,12240,4307,2246,150,256,1,2:27
2024-25,1629674,Neemias Queta,Neemias,1610612738,BOS,Boston Celtics,0022401120,2025-04-04T00:00:00,BOS vs. PHX,W,1.8833333333333333,19.1,19.1,1.0,0.0,0.0,0.0,0.0,0.0,0.0,19.1,19.1,38.2,0.0,0.0,0.0,0.0,0.0,0.0,0.0,38.2,-19.1,84.1,0,0,76.5,1,1,13086,1,25524,167,3648,1,15070,20945,15070,13505,14344,13505,65,199,33,19908,16469,12854,8263,8846,20257,17725,584,21266,146,2246,150,208,1,1:53
2024-25,1642354,KJ Simpson,KJ,1610612766,CHA,Charlotte Hornets,0022401118,2025-04-04T00:00:00,CHA vs. SAC,L,33.11666666666667,6.5,10.9,0.6,1.1,4.3,0.25,0.0,0.0,0.0,0.0,1.1,1.1,4.3,1.1,1.1,0.0,0.0,0.0,2.2,14.1,-7.6,24.1,0,0,22.8,1,13222,1,13222,5055,10129,15562,5394,14024,14797,11902,13505,14344,13505,14058,21785,23101,9012,15222,11127,8263,8846,20257,12269,13806,16791,18851,2246,150,19121,1,33:07
2024-25,201566,Russell Westbrook,Russell,1610612743,DEN,Denver Nuggets,0022401125,2025-04-04T00:00:00,DEN @ GSW,L,19.941666666666666,3.6,16.2,0.222,1.8,5.4,0.333,0.0,0.0,0.0,1.8,5.4,7.2,3.6,7.2,1.8,1.8,1.8,1.8,1.8,9.0,-14.4,26.7,0,0,28.9,1,13222,1,13222,16072,18059,6756,21205,11054,12172,9209,13505,14344,13505,9218,9744,9703,11056,808,7228,4049,3884,16159,13914,19050,19679,17143,2246,150,14792,1,19:57
2024-25,1641729,Brice Sensabaugh,Brice,1610612762,UTA,Utah Jazz,0022401119,2025-04-04T00:00:00,UTA @ IND,L,25.1,4.3,18.6,0.231,4.3,14.3,0.3,0.0,0.0,0.0,4.3,10.0,14.3,0.0,1.4,0.0,0.0,2.9,2.9,0.0,12.9,-4.3,28.7,0,0,31.6,1,13222,1,13222,11916,16315,4073,21157,3384,842,11319,13505,14344,13505,3162,2545,2082,19908,13082,12854,8263,1506,11317,17725,15189,15224,15729,2246,150,12735,1,25:06
2024-25,201942,DeMar DeRozan,DeMar,1610612758,SAC,Sacramento Kings,0022401118,2025-04-04T00:00:00,SAC @ CHA,W,27.266666666666666,7.9,17.2,0.462,1.3,5.3,0.25,11.9,13.2,0.9,0.0,5.3,5.3,4.0,2.6,0.0,0.0,0.0,1.3,6.6,29.0,25.1,38.7,0,0,39.6,1,1,13086,1,10130,6806,5616,12428,12779,12514,11902,350,563,6805,14058,10069,14088,10041,7727,12854,8263,8846,17952,1987,2411,2797,8608,2246,150,7008,1,27:16
2024-25,201959,Taj Gibson,Taj,1610612766,CHA,Charlotte Hornets,0022401118,2025-04-04T00:00:00,CHA vs. SAC,L,15.85,0.0,2.3,0.0,0.0,0.0,0.0,2.3,9.1,0.25,4.5,4.5,9.1,2.3,2.3,0.0,0.0,0.0,4.5,6.8,2.3,-31.8,14.3,0,0,13.6,1,13222,1,13222,19029,22635,24701,22635,15070,20945,15070,9722,1823,13358,2878,12143,6608,15342,9208,12854,8263,8846,5686,1806,23122,24005,23401,2246,150,23522,1,15:51
2024-25,1630256,Jae'Sean Tate,Jae'Sean,1610612745,HOU,Houston Rockets,0022401123,2025-04-04T00:00:00,HOU vs. OKC,W,14.836666666666666,7.3,9.7,0.75,7.3,9.7,0.75,0.0,0.0,0.0,0.0,0.0,0.0,2.4,4.9,0.0,0.0,0.0,4.9,4.9,21.8,34.0,20.6,0,0,31.5,1,1,13086,1,19682,8267,17566,2107,676,3844,1542,13505,14344,13505,14058,22137,23286,14791,2520,12854,8263,8846,4946,4390,6339,1508,20890,2246,150,12742,1,14:50
2024-25,1627832,Fred VanVleet,Fred,1610612745,HOU,Houston Rockets,0022401123,2025-04-04T00:00:00,HOU vs. OKC,W,37.48,4.8,8.6,0.556,2.9,6.7,0.429,0.0,0.0,0.0,0.0,0.0,0.0,5.8,0.0,1.0,0.0,0.0,2.9,1.0,12.5,5.8,24.0,0,0,23.1,1,1,13086,1,1699,14942,19285,7248,6936,9067,7394,13505,14344,13505,14058,22137,23286,5925,16469,12275,8263,8846,11274,17513,15603,9726,18934,2246,150,18978,1,37:29
2024-25,1641712,Rayan Rupert,Rayan,1610612757,POR,Portland Trail Blazers,0022401122,2025-04-04T00:00:00,POR @ CHI,L,20.633333333333333,5.2,15.7,0.333,1.7,5.2,0.333,0.0,0.0,0.0,1.7,5.2,7.0,0.0,1.7,3.5,1.7,1.7,1.7,0.0,12.2,-3.5,34.5,0,0,31.4,1,13222,1,13222,15533,13715,7542,17395,11267,12625,9209,13505,14344,13505,9434,10203,10173,19908,11766,2249,4178,4036,16388,17725,15911,14790,11413,2246,150,12856,1,20:38
2024-25,1631311,Lester Quinones,Lester,1610612740,NOP,New Orleans Pelicans,0022401126,2025-04-04T00:00:00,NOP @ LAL,L,2.566666666666667,0.0,14.0,0.0,0.0,14.0,0.0,0.0,0.0,0.0,0.0,0.0,0.0,14.0,0.0,0.0,0.0,0.0,0.0,0.0,0.0,14.0,21.0,0,0,14.0,1,13222,1,13222,25189,22635,10131,22635,15070,915,15070,13505,14344,13505,14058,22137,23286,389,16469,12854,8263,8846,20257,17725,23200,5996,20664,2246,150,23418,1,2:34
2024-25,1629680,Matisse Thybulle,Matisse,1610612757,POR,Portland Trail Blazers,0022401122,2025-04-04T00:00:00,POR @ CHI,L,26.766666666666666,4.0,10.8,0.375,1.3,4.0,0.333,0.0,0.0,0.0,1.3,4.0,5.4,2.7,0.0,1.3,1.3,0.0,0.0,0.0,9.4,-6.7,28.0,0,0,24.2,1,13222,1,13222,10516,17007,15764,16299,12670,15509,9209,13505,14344,13505,10993,13617,13857,13936,16469,9214,5466,8846,20257,17725,18713,16390,16249,2246,150,18201,1,26:46
2024-25,203932,Aaron Gordon,Aaron,1610612743,DEN,Denver Nuggets,0022401125,2025-04-04T00:00:00,DEN @ GSW,L,33.776666666666664,4.3,8.5,0.5,0.0,2.1,0.0,7.5,7.5,1.0,0.0,2.1,2.1,8.5,3.2,0.0,1.1,0.0,4.3,4.3,16.0,-10.7,31.3,0,0,28.8,1,13222,1,13222,4459,16418,19450,8526,15070,19308,15070,1696,2952,1,14058,19271,21550,2399,5830,12854,7024,8846,6393,5693,11934,18162,13795,2246,150,14878,1,33:47
2024-25,1630598,Aaron Wiggins,Aaron,1610612760,OKC,Oklahoma City Thunder,0022401123,2025-04-04T00:00:00,OKC @ HOU,L,19.316666666666666,3.7,11.2,0.333,3.7,9.3,0.4,3.7,3.7,1.0,0.0,5.6,5.6,0.0,1.9,0.0,0.0,0.0,1.9,1.9,14.9,-9.3,19.8,0,0,24.2,1,13222,1,13222,16563,17756,15053,17395,4635,4358,7874,6230,8424,1,14058,9323,13312,19908,11255,12854,8263,8846,15871,13676,13005,17589,21285,2246,150,18184,1,19:19
2024-25,1630526,Jeremiah Robinson-Earl,Jeremiah,1610612740,NOP,New Orleans Pelicans,0022401126,2025-04-04T00:00:00,NOP @ LAL,L,18.233333333333334,3.9,5.9,0.667,3.9,3.9,1.0,3.9,3.9,1.0,2.0,3.9,5.9,0.0,3.9,2.0,0.0,0.0,2.0,2.0,15.8,0.0,24.9,0,0,29.6,1,13222,1,13222,17417,17206,22686,3281,4098,15679,1,5799,7948,1,8506,13881,12471,19908,3973,6368,8263,8846,15279,13190,12122,12240,18371,2246,150,14238,1,18:14
2024-25,203926,Doug McDermott,Doug,1610612758,SAC,Sacramento Kings,0022401118,2025-04-04T00:00:00,SAC @ CHA,W,6.25,5.8,11.5,0.5,5.8,11.5,0.5,0.0,0.0,0.0,0.0,5.8,5.8,0.0,0.0,0.0,0.0,0.0,5.8,0.0,17.3,-17.3,24.2,0,0,28.8,1,1,13086,1,23477,12230,14438,8526,1517,2086,3944,13505,14344,13505,14058,8882,12868,19908,16469,12854,8263,8846,3292,17725,10543,20708,18818,2246,150,14855,1,6:15
2024-25,1630541,Moses Moody,Moses,1610612744,GSW,Golden State Warriors,0022401125,2025-04-04T00:00:00,GSW vs. DEN,W,25.266666666666666,2.8,4.3,0.667,2.8,2.8,1.0,2.8,2.8,1.0,0.0,4.3,4.3,0.0,1.4,2.8,0.0,0.0,1.4,1.4,11.4,12.8,23.7,0,0,24.2,1,1,13086,1,11769,19771,23944,3281,7047,17959,1,8213,10360,1,14058,12883,16601,19908,13140,3551,8263,8846,17527,15346,16793,6462,19172,2246,150,18190,1,25:16
2024-25,1630230,Naji Marshall,Naji,1610612742,DAL,Dallas Mavericks,0022401127,2025-04-04T00:00:00,DAL @ LAC,L,36.45,7.9,13.8,0.571,0.0,2.0,0.0,5.9,7.9,0.75,1.0,3.0,4.0,4.0,4.0,1.0,0.0,0.0,1.0,4.9,21.7,-6.9,31.4,0,0,31.6,1,13222,1,13222,2364,6847,10450,6538,15070,19597,15070,2942,2591,8186,13351,16844,17442,10070,3969,12056,8263,8846,19775,4228,6445,16480,13744,2246,150,12698,1,36:27
2024-25,1642268,Isaiah Collier,Isaiah,1610612762,UTA,Utah Jazz,0022401119,2025-04-04T00:00:00,UTA @ IND,L,32.93333333333333,5.5,16.4,0.333,0.0,4.4,0.0,5.5,6.6,0.833,3.3,2.2,5.5,5.5,1.1,1.1,0.0,1.1,4.4,4.4,16.4,-21.9,33.3,0,0,29.5,1,13222,1,13222,5210,13085,6550,17395,15070,14752,15070,3453,3823,7275,4785,19110,13632,6495,15177,11075,8263,7104,6094,5413,11500,22040,12311,2246,150,14315,1,32:56
2024-25,202685,Jonas Valančiūnas,Jonas,1610612758,SAC,Sacramento Kings,0022401118,2025-04-04T00:00:00,SAC @ CHA,W,19.233333333333334,5.6,7.5,0.75,0.0,1.9,0.0,0.0,1.9,0.0,1.9,11.2,13.1,3.7,1.9,1.9,0.0,0.0,11.2,3.7,11.2,33.7,36.3,0,0,31.8,1,1,13086,1,16641,12665,20942,2107,15070,19790,15070,13505,13056,13505,8940,1785,2738,10670,11206,6910,8263,8846,508,7001,16971,1549,10147,2246,150,12521,1,19:14
2024-25,1642419,Jamison Battle,Jamison,1610612761,TOR,Toronto Raptors,0022401121,2025-04-04T00:00:00,TOR vs. DET,L,22.5,4.8,8.0,0.6,4.8,8.0,0.6,0.0,0.0,0.0,1.6,1.6,3.2,0.0,3.2,0.0,0.0,0.0,3.2,1.6,14.4,-48.0,15.0,0,0,22.4,1,13222,1,13222,14100,14944,20259,5394,2556,6448,2992,13505,14344,13505,9921,20677,19237,19908,5817,12854,8263,8846,9863,14634,13498,25312,23167,2246,150,19421,1,22:30
2024-25,1626220,Royce O'Neale,Royce,1610612756,PHX,Phoenix Suns,0022401120,2025-04-04T00:00:00,PHX @ BOS,L,29.616666666666667,4.9,13.4,0.364,4.9,12.2,0.4,0.0,0.0,0.0,1.2,6.1,7.3,2.4,1.2,0.0,0.0,0.0,2.4,0.0,14.6,-15.8,25.8,0,0,29.2,1,13222,1,13222,8126,14771,11189,16861,2470,1694,7874,13505,14344,13505,11688,8159,9583,14773,14323,12854,8263,8846,13067,17725,13308,20195,17769,2246,150,14570,1,29:37
2024-25,1642345,Oso Ighodaro,Oso,1610612756,PHX,Phoenix Suns,0022401120,2025-04-04T00:00:00,PHX @ BOS,L,32.266666666666666,6.7,8.9,0.75,0.0,0.0,0.0,0.0,1.1,0.0,3.3,4.5,7.8,1.1,0.0,0.0,0.0,0.0,1.1,2.2,13.4,-12.3,24.4,0,0,22.3,1,13222,1,13222,5765,9696,18828,2107,15070,20945,15070,13505,14017,13505,4646,12356,8599,19304,16469,12854,8263,8846,19008,12021,14628,18847,18664,2246,150,19478,1,32:16
2024-25,203994,Jusuf Nurkić,Jusuf,1610612766,CHA,Charlotte Hornets,0022401118,2025-04-04T00:00:00,CHA vs. SAC,L,24.05,4.5,15.0,0.3,0.0,1.5,0.0,3.0,3.0,1.0,4.5,7.5,12.0,4.5,4.5,0.0,1.5,1.5,6.0,7.5,12.0,-25.4,33.1,0,0,31.4,1,13222,1,13222,12844,15808,8655,19363,15070,20276,15070,7832,9995,1,2932,5525,3513,8675,3008,12854,4865,4788,2967,1334,16167,22907,12531,2246,150,12824,1,24:03
2024-25,1630639,A.J. Lawson,A.J.,1610612761,TOR,Toronto Raptors,0022401121,2025-04-04T00:00:00,TOR vs. DET,L,23.183333333333334,3.1,10.9,0.286,1.6,6.2,0.25,6.2,9.3,0.667,1.6,3.1,4.7,1.6,1.6,1.6,3.1,0.0,3.1,4.7,14.0,-3.1,34.3,0,0,31.1,1,13222,1,13222,13567,19188,15565,19630,11853,10174,11902,2669,1705,9425,10111,16391,15674,17800,12536,8183,1567,8846,10257,4810,13961,14627,11577,2246,150,13115,1,23:11
2024-25,203901,Elfrid Payton,Elfrid,1610612740,NOP,New Orleans Pelicans,0022401126,2025-04-04T00:00:00,NOP @ LAL,L,19.85,1.8,5.4,0.333,0.0,0.0,0.0,0.0,0.0,0.0,0.0,0.0,0.0,21.8,9.1,1.8,0.0,0.0,3.6,0.0,3.6,-14.5,32.6,0,0,29.0,1,13222,1,13222,16140,21728,23132,17395,15070,20945,15070,13505,14344,13505,14058,22137,23286,60,416,7190,8263,8846,8337,17725,22726,19712,12849,2246,150,14687,1,19:51
2024-25,1631128,Christian Braun,Christian,1610612743,DEN,Denver Nuggets,0022401125,2025-04-04T00:00:00,DEN @ GSW,L,38.225,6.6,11.3,0.583,1.9,3.8,0.5,0.0,0.9,0.0,0.9,5.7,6.6,3.8,3.8,1.9,0.0,0.9,3.8,1.9,15.1,-6.6,30.5,0,0,31.1,1,13222,1,13222,1257,9950,14828,6296,10706,16068,3944,13505,14290,13505,13709,9167,10968,10601,4400,6844,8263,8408,7851,13575,12838,16333,14420,2246,150,13089,1,38:14
2024-25,1631301,Jaylen Sims,Jaylen,1610612766,CHA,Charlotte Hornets,0022401118,2025-04-04T00:00:00,CHA vs. SAC,L,20.75,1.7,5.2,0.333,1.7,3.5,0.5,6.9,6.9,1.0,0.0,1.7,1.7,6.9,5.2,0.0,0.0,0.0,3.5,5.2,12.1,-24.3,19.4,0,0,22.6,1,13222,1,13222,15455,21856,23316,17395,11297,16710,3944,2048,3427,1,14058,20394,22256,4082,2107,12854,8263,8846,8838,3769,15987,22642,21439,2246,150,19319,1,20:45
2024-25,203482,Kelly Olynyk,Kelly,1610612740,NOP,New Orleans Pelicans,0022401126,2025-04-04T00:00:00,NOP @ LAL,L,22.126666666666665,6.5,13.0,0.5,0.0,1.6,0.0,6.5,9.8,0.667,3.3,1.6,4.9,3.3,3.3,0.0,1.6,0.0,6.5,4.9,19.5,-24.4,31.9,0,0,30.9,1,13222,1,13222,14401,10173,11826,8526,15070,20136,15070,2394,1477,9425,4834,20618,15110,12137,5650,12854,4491,8846,2398,4332,8344,22667,13411,2246,150,13239,1,22:08
2024-25,1630692,Jordan Goodwin,Jordan,1610612747,LAL,Los Angeles Lakers,0022401126,2025-04-04T00:00:00,LAL vs. NOP,W,17.783333333333335,2.0,8.1,0.25,0.0,6.1,0.0,0.0,0.0,0.0,4.0,6.1,10.1,4.0,4.0,2.0,0.0,0.0,8.1,0.0,4.0,14.2,24.3,0,0,22.3,1,1,13086,1,17716,21359,20091,20233,15070,10512,15070,13505,14344,13505,3531,8173,5303,9804,3784,6142,8263,8846,1321,17725,22533,5952,18753,2246,150,19513,1,17:47
2024-25,1629006,Josh Okogie,Josh,1610612766,CHA,Charlotte Hornets,0022401118,2025-04-04T00:00:00,CHA vs. SAC,L,11.866666666666667,3.0,9.1,0.333,0.0,6.1,0.0,12.1,15.2,0.8,3.0,6.1,9.1,0.0,0.0,3.0,3.0,0.0,6.1,12.1,18.2,-39.4,47.3,0,0,39.4,1,13222,1,13222,21351,19352,18558,17395,15070,10518,15070,328,338,7681,5260,8181,6586,19908,16469,3075,1653,8846,2854,192,9621,24799,4200,2246,150,7109,1,11:52
2024-25,1642274,Yves Missi,Yves,1610612740,NOP,New Orleans Pelicans,0022401126,2025-04-04T00:00:00,NOP @ LAL,L,27.5,6.5,10.5,0.625,0.0,0.0,0.0,3.9,6.5,0.6,9.2,5.2,14.4,2.6,0.0,1.3,1.3,0.0,2.6,3.9,17.0,-19.6,46.1,1,0,39.3,1,13222,1,13222,9944,10075,16273,4899,15070,20945,15070,5829,3838,10343,520,10196,2044,14159,16469,9410,5609,8846,12363,6498,10827,21444,4714,1,150,7211,1,27:30
2024-25,1628380,Zach Collins,Zach,1610612741,CHI,Chicago Bulls,0022401122,2025-04-04T00:00:00,CHI vs. POR,W,14.633333333333333,4.9,9.8,0.5,2.5,4.9,0.5,0.0,0.0,0.0,0.0,4.9,4.9,0.0,2.5,2.5,2.5,0.0,7.4,2.5,12.3,7.4,30.5,0,0,29.5,1,1,13086,1,19803,14631,17332,8526,8279,13389,3944,13505,14344,13505,14058,11109,15004,19908,8406,4507,2447,8846,1721,11125,15823,8947,14424,2246,150,14310,1,14:38
2024-25,1630174,Aaron Nesmith,Aaron,1610612754,IND,Indiana Pacers,0022401119,2025-04-04T00:00:00,IND vs. UTA,W,19.65,9.2,12.8,0.714,3.7,3.7,1.0,0.0,1.8,0.0,1.8,3.7,5.5,0.0,1.8,0.0,0.0,0.0,3.7,1.8,22.0,25.6,26.7,0,0,31.1,1,1,13086,1,16300,4422,12172,2752,4770,16300,1,13505,13145,13505,9119,14743,13543,19908,11404,12854,8263,8846,8210,13797,6232,2682,17120,2246,150,13045,1,19:39
2024-25,1631108,Max Christie,Max,1610612742,DAL,Dallas Mavericks,0022401127,2025-04-04T00:00:00,DAL @ LAC,L,34.15,4.2,14.8,0.286,1.1,5.3,0.2,2.1,2.1,1.0,1.1,5.3,6.3,1.1,0.0,1.1,0.0,0.0,1.1,3.2,11.6,-9.5,23.9,0,0,22.1,1,13222,1,13222,4130,16549,8974,19630,14226,12543,13429,10266,12394,1,12847,10101,11559,19512,16469,11450,8263,8846,19386,8692,16578,17664,19003,2246,150,19594,1,34:09
2024-25,1626168,Trey Lyles,Trey,1610612758,SAC,Sacramento Kings,0022401118,2025-04-04T00:00:00,SAC @ CHA,W,20.183333333333334,7.1,8.9,0.8,5.4,7.1,0.75,1.8,3.6,0.5,0.0,5.4,5.4,3.6,0.0,1.8,0.0,0.0,3.6,3.6,21.4,19.6,38.5,0,0,39.2,1,1,13086,1,15876,8619,18844,1688,1895,8177,1542,11273,8749,10625,14058,9902,13917,11179,16469,7316,8263,8846,8536,7483,6732,4065,8690,2246,150,7245,1,20:11
2024-25,1629659,Talen Horton-Tucker,Talen,1610612741,CHI,Chicago Bulls,0022401122,2025-04-04T00:00:00,CHI vs. POR,W,15.833333333333334,9.1,11.4,0.8,0.0,2.3,0.0,11.4,13.6,0.833,0.0,0.0,0.0,0.0,2.3,0.0,0.0,0.0,2.3,9.1,29.6,2.3,27.3,0,0,29.6,1,1,13086,1,19040,4536,14711,1688,15070,19041,15070,429,506,7275,14058,22137,23286,19908,9191,12854,8263,8846,13756,619,2255,11475,16757,2246,150,14284,1,15:50
2024-25,1631207,Dalen Terry,Dalen,1610612741,CHI,Chicago Bulls,0022401122,2025-04-04T00:00:00,CHI vs. POR,W,14.633333333333333,0.0,4.9,0.0,0.0,2.5,0.0,0.0,0.0,0.0,2.5,7.4,9.8,2.5,2.5,2.5,2.5,0.0,4.9,0.0,0.0,2.5,27.8,0,0,22.1,1,1,13086,1,19803,22635,23515,22635,15070,18698,15070,13505,14344,13505,6746,5708,5617,14679,8406,4507,2447,8846,4794,17725,23200,11393,16359,2246,150,19592,1,14:38
2024-25,1642346,Ryan Dunn,Ryan,1610612756,PHX,Phoenix Suns,0022401120,2025-04-04T00:00:00,PHX @ BOS,L,24.75,2.9,11.6,0.25,1.5,7.3,0.2,0.0,0.0,0.0,0.0,1.5,1.5,0.0,1.5,1.5,0.0,0.0,2.9,0.0,7.3,-20.4,11.9,0,0,13.1,1,13222,1,13222,12223,19634,14248,20233,12232,7883,13429,13505,14344,13505,14058,20980,22629,19908,12989,8612,8263,8846,11153,17725,20502,21656,24020,2246,150,23683,1,24:45
2024-25,1641794,Dillon Jones,Dillon,1610612760,OKC,Oklahoma City Thunder,0022401123,2025-04-04T00:00:00,OKC @ HOU,L,2.45,0.0,0.0,0.0,0.0,0.0,0.0,0.0,0.0,0.0,0.0,0.0,0.0,14.7,0.0,0.0,0.0,0.0,0.0,0.0,0.0,0.0,22.0,0,0,14.7,1,13222,1,13222,25225,22635,24836,22635,15070,20945,15070,13505,14344,13505,14058,22137,23286,319,16469,12854,8263,8846,20257,17725,23200,12240,20117,2246,150,23177,1,2:27
2024-25,1641718,Keyonte George,Keyonte,1610612762,UTA,Utah Jazz,0022401119,2025-04-04T00:00:00,UTA @ IND,L,32.266666666666666,6.7,15.6,0.429,3.3,10.0,0.333,0.0,0.0,0.0,1.1,7.8,8.9,5.6,1.1,0.0,0.0,1.1,4.5,1.1,16.7,-24.5,34.7,0,0,34.6,1,13222,1,13222,5765,9696,7665,13735,5518,3440,9209,13505,14344,13505,12353,4994,6849,6297,15025,12854,8263,6905,5855,16841,11130,22704,11290,2246,150,10375,1,32:16
2024-25,201587,Nicolas Batum,Nicolas,1610612746,LAC,LA Clippers,0022401127,2025-04-04T00:00:00,LAC vs. DAL,W,5.283333333333333,0.0,0.0,0.0,0.0,0.0,0.0,0.0,0.0,0.0,0.0,0.0,0.0,0.0,0.0,0.0,0.0,0.0,0.0,0.0,0.0,40.9,0.0,0,0,0.0,1,1,13086,1,23869,22635,24836,22635,15070,20945,15070,13505,14344,13505,14058,22137,23286,19908,16469,12854,8263,8846,20257,17725,23200,917,25228,2246,150,25259,1,5:17
2024-25,1628427,Vlatko Čančar,Vlatko,1610612743,DEN,Denver Nuggets,0022401125,2025-04-04T00:00:00,DEN @ GSW,L,4.225,0.0,0.0,0.0,0.0,0.0,0.0,0.0,0.0,0.0,0.0,0.0,0.0,0.0,17.0,0.0,0.0,0.0,0.0,0.0,0.0,-59.6,-17.0,0,0,0.0,1,13222,1,13222,24366,22635,24836,22635,15070,20945,15070,13505,14344,13505,14058,22137,23286,19908,83,12854,8263,8846,20257,17725,23200,25681,26266,2246,150,25259,1,4:14
2024-25,1629631,De'Andre Hunter,De'Andre,1610612739,CLE,Cleveland Cavaliers,0022401124,2025-04-04T00:00:00,CLE @ SAS,W,28.933333333333334,8.7,19.9,0.438,5.0,10.0,0.5,0.0,0.0,0.0,0.0,8.7,8.7,3.7,1.2,0.0,0.0,1.2,5.0,0.0,22.4,-5.0,37.2,0,0,39.8,1,1,13086,1,8729,5246,3030,13558,2307,3541,3944,13505,14344,13505,14058,3823,7150,10705,14134,12854,8263,5969,4664,17725,5927,15570,9532,2246,150,6886,1,28:56
2024-25,1630296,Braxton Key,Braxton,1610612744,GSW,Golden State Warriors,0022401125,2025-04-04T00:00:00,GSW vs. DEN,W,0.9083333333333333,0.0,0.0,0.0,0.0,0.0,0.0,0.0,0.0,0.0,0.0,0.0,0.0,0.0,0.0,0.0,0.0,0.0,0.0,0.0,0.0,0.0,0.0,0,0,0.0,1,1,13086,1,26087,22635,24836,22635,15070,20945,15070,13505,14344,13505,14058,22137,23286,19908,16469,12854,8263,8846,20257,17725,23200,12240,25228,2246,150,25259,1,0:55
2024-25,202710,Jimmy Butler III,Jimmy,1610612744,GSW,Golden State Warriors,0022401125,2025-04-04T00:00:00,GSW vs. DEN,W,34.19166666666667,6.3,13.7,0.462,1.1,3.2,0.333,6.3,6.3,1.0,3.2,0.0,3.2,5.3,1.1,5.3,0.0,0.0,2.1,3.2,20.0,22.1,46.4,0,0,40.0,1,1,13086,1,4105,10658,10676,12428,14235,17344,9209,2570,4105,1,5022,22137,19348,6905,15469,754,8263,8846,14591,8703,7914,3430,4563,2246,150,6777,1,34:12
2024-25,1631165,Keon Ellis,Keon,1610612758,SAC,Sacramento Kings,0022401118,2025-04-04T00:00:00,SAC @ CHA,W,22.676666666666666,1.6,3.2,0.5,1.6,3.2,0.5,0.0,0.0,0.0,1.6,1.6,3.2,0.0,0.0,0.0,1.6,0.0,4.8,0.0,4.8,15.9,13.3,0,0,12.7,1,1,13086,1,13973,22048,24429,8526,11719,17317,3944,13505,14344,13505,9970,20706,19297,19908,16469,12854,4593,8846,5151,17725,22149,5299,23686,2246,150,23806,1,22:41
2024-25,1642403,Isaac Jones,Isaac,1610612758,SAC,Sacramento Kings,0022401118,2025-04-04T00:00:00,SAC @ CHA,W,7.233333333333333,5.0,10.0,0.5,5.0,5.0,1.0,0.0,0.0,0.0,0.0,0.0,0.0,0.0,5.0,0.0,0.0,0.0,10.0,0.0,14.9,-14.9,10.0,0,0,19.9,1,1,13086,1,23081,14462,17138,8526,2307,13261,1,13505,14344,13505,14058,22137,23286,19908,2367,12854,8263,8846,716,17725,12985,19877,24429,2246,150,20912,1,7:14
2024-25,1630311,Pat Spencer,Pat,1610612744,GSW,Golden State Warriors,0022401125,2025-04-04T00:00:00,GSW vs. DEN,W,0.9083333333333333,0.0,0.0,0.0,0.0,0.0,0.0,0.0,0.0,0.0,0.0,0.0,0.0,0.0,0.0,0.0,0.0,0.0,0.0,0.0,0.0,0.0,0.0,0,0,0.0,1,1,13086,1,26087,22635,24836,22635,15070,20945,15070,13505,14344,13505,14058,22137,23286,19908,16469,12854,8263,8846,20257,17725,23200,12240,25228,2246,150,25259,1,0:55
2024-25,1629162,Jordan McLaughlin,Jordan,1610612759,SAS,San Antonio Spurs,0022401124,2025-04-04T00:00:00,SAS vs. CLE,L,1.8333333333333333,0.0,0.0,0.0,0.0,0.0,0.0,0.0,0.0,0.0,0.0,0.0,0.0,0.0,0.0,0.0,0.0,0.0,0.0,0.0,0.0,39.3,0.0,0,0,0.0,1,13222,1,13222,25581,22635,24836,22635,15070,20945,15070,13505,14344,13505,14058,22137,23286,19908,16469,12854,8263,8846,20257,17725,23200,1024,25228,2246,150,25259,1,1:50
2024-25,1628988,Aaron Holiday,Aaron,1610612745,HOU,Houston Rockets,0022401123,2025-04-04T00:00:00,HOU vs. OKC,W,0.8866666666666667,0.0,0.0,0.0,0.0,0.0,0.0,0.0,0.0,0.0,0.0,0.0,0.0,0.0,0.0,0.0,0.0,0.0,0.0,0.0,0.0,0.0,0.0,0,0,0.0,1,1,13086,1,26100,22635,24836,22635,15070,20945,15070,13505,14344,13505,14058,22137,23286,19908,16469,12854,8263,8846,20257,17725,23200,12240,25228,2246,150,25259,1,0:53
2024-25,1641717,Cason Wallace,Cason,1610612760,OKC,Oklahoma City Thunder,0022401123,2025-04-04T00:00:00,OKC @ HOU,L,26.85,1.3,9.4,0.143,0.0,4.0,0.0,0.0,0.0,0.0,0.0,2.7,2.7,2.7,1.3,1.3,0.0,0.0,0.0,1.3,2.7,-8.0,12.6,0,0,10.7,1,13222,1,13222,10452,22356,18137,22260,15070,15527,15070,13505,14344,13505,14058,17744,20493,13961,13617,9237,8263,8846,20257,15720,23030,16995,23866,2246,150,24289,1,26:51
2024-25,1631115,Orlando Robinson,Orlando,1610612761,TOR,Toronto Raptors,0022401121,2025-04-04T00:00:00,TOR vs. DET,L,15.766666666666667,2.3,13.7,0.167,0.0,4.6,0.0,6.8,9.1,0.75,2.3,4.6,6.8,2.3,6.8,0.0,0.0,2.3,11.4,6.8,11.4,-22.8,16.2,0,0,20.5,1,13222,1,13222,19092,20884,10657,21938,15070,14273,15070,2122,1799,8186,7296,12074,10429,15291,960,12854,8263,2463,487,1779,16769,22295,22770,2246,150,20549,1,15:46
2024-25,1641725,Trey Alexander,Trey,1610612743,DEN,Denver Nuggets,0022401125,2025-04-04T00:00:00,DEN @ GSW,L,0.9083333333333333,0.0,0.0,0.0,0.0,0.0,0.0,0.0,0.0,0.0,0.0,0.0,0.0,0.0,0.0,0.0,0.0,0.0,0.0,0.0,0.0,0.0,0.0,0,0,0.0,1,13222,1,13222,26087,22635,24836,22635,15070,20945,15070,13505,14344,13505,14058,22137,23286,19908,16469,12854,8263,8846,20257,17725,23200,12240,25228,2246,150,25259,1,0:55
2024-25,1629003,Shake Milton,Shake,1610612747,LAL,Los Angeles Lakers,0022401126,2025-04-04T00:00:00,LAL vs. NOP,W,1.8833333333333333,0.0,0.0,0.0,0.0,0.0,0.0,0.0,0.0,0.0,0.0,0.0,0.0,0.0,0.0,0.0,0.0,0.0,0.0,0.0,0.0,-19.1,0.0,0,0,0.0,1,1,13086,1,25524,22635,24836,22635,15070,20945,15070,13505,14344,13505,14058,22137,23286,19908,16469,12854,8263,8846,20257,17725,23200,21266,25228,2246,150,25259,1,1:53
2024-25,1642263,Reed Sheppard,Reed,1610612745,HOU,Houston Rockets,0022401123,2025-04-04T00:00:00,HOU vs. OKC,W,0.8866666666666667,0.0,0.0,0.0,0.0,0.0,0.0,0.0,0.0,0.0,0.0,40.6,40.6,0.0,0.0,0.0,0.0,0.0,0.0,0.0,0.0,0.0,48.7,0,0,40.6,1,1,13086,1,26100,22635,24836,22635,15070,20945,15070,13505,14344,13505,14058,12,24,19908,16469,12854,8263,8846,20257,17725,23200,12240,3731,2246,150,6438,1,0:53
2024-25,1642347,Jamal Shead,Jamal,1610612761,TOR,Toronto Raptors,0022401121,2025-04-04T00:00:00,TOR vs. DET,L,25.966666666666665,6.9,16.6,0.417,1.4,4.2,0.333,4.2,5.5,0.75,0.0,1.4,1.4,12.5,0.0,2.8,0.0,1.4,5.5,4.2,19.4,5.5,48.1,0,0,40.2,1,13222,1,13222,11188,9092,6261,14532,12501,15209,9209,5421,5133,8186,14058,21114,22714,620,16469,3754,8263,5235,3634,5931,8462,9820,3940,2246,150,6673,1,25:58
2024-25,1628365,Markelle Fultz,Markelle,1610612758,SAC,Sacramento Kings,0022401118,2025-04-04T00:00:00,SAC @ CHA,W,11.433333333333334,3.1,9.4,0.333,0.0,0.0,0.0,0.0,0.0,0.0,0.0,0.0,0.0,6.3,0.0,0.0,0.0,0.0,0.0,0.0,6.3,-3.1,15.7,0,0,12.6,1,1,13086,1,21515,19104,18049,17395,15070,20945,15070,13505,14344,13505,14058,22137,23286,5018,16469,12854,8263,8846,20257,17725,21186,14646,22942,2246,150,23841,1,11:26
2024-25,1629008,Michael Porter Jr.,Michael,1610612743,DEN,Denver Nuggets,0022401125,2025-04-04T00:00:00,DEN @ GSW,L,40.625,8.0,13.3,0.6,2.7,6.2,0.429,1.8,1.8,1.0,2.7,5.3,8.0,1.8,3.5,0.0,0.9,0.0,2.7,2.7,20.4,-11.5,31.7,0,0,34.6,1,13222,1,13222,429,6679,11314,5394,7657,10196,7394,11291,13221,1,6207,9989,8312,17162,4923,12854,8125,8846,12210,10446,7594,18541,13532,2246,150,10395,1,40:38
2024-25,1631124,Julian Strawther,Julian,1610612743,DEN,Denver Nuggets,0022401125,2025-04-04T00:00:00,DEN @ GSW,L,0.9083333333333333,0.0,0.0,0.0,0.0,0.0,0.0,0.0,0.0,0.0,0.0,0.0,0.0,0.0,0.0,0.0,0.0,0.0,0.0,0.0,0.0,0.0,0.0,0,0,0.0,1,13222,1,13222,26087,22635,24836,22635,15070,20945,15070,13505,14344,13505,14058,22137,23286,19908,16469,12854,8263,8846,20257,17725,23200,12240,25228,2246,150,25259,1,0:55
2024-25,1642484,RayJ Dennis,RayJ,1610612754,IND,Indiana Pacers,0022401119,2025-04-04T00:00:00,IND vs. UTA,W,1.9166666666666667,0.0,0.0,0.0,0.0,0.0,0.0,0.0,0.0,0.0,0.0,0.0,0.0,0.0,0.0,0.0,0.0,0.0,0.0,0.0,0.0,169.0,0.0,0,0,0.0,1,1,13086,1,25508,22635,24836,22635,15070,20945,15070,13505,14344,13505,14058,22137,23286,19908,16469,12854,8263,8846,20257,17725,23200,21,25228,2246,150,25259,1,1:55
2024-25,1631466,Nate Williams,Nate,1610612745,HOU,Houston Rockets,0022401123,2025-04-04T00:00:00,HOU vs. OKC,W,0.8866666666666667,0.0,0.0,0.0,0.0,0.0,0.0,0.0,0.0,0.0,0.0,0.0,0.0,0.0,0.0,0.0,0.0,0.0,0.0,0.0,0.0,0.0,0.0,0,0,0.0,1,1,13086,1,26100,22635,24836,22635,15070,20945,15070,13505,14344,13505,14058,22137,23286,19908,16469,12854,8263,8846,20257,17725,23200,12240,25228,2246,150,25259,1,0:53
2024-25,1641715,Cam Whitmore,Cam,1610612745,HOU,Houston Rockets,0022401123,2025-04-04T00:00:00,HOU vs. OKC,W,0.8716666666666667,0.0,0.0,0.0,0.0,0.0,0.0,0.0,0.0,0.0,0.0,0.0,0.0,0.0,0.0,0.0,0.0,0.0,0.0,0.0,0.0,0.0,0.0,0,0,0.0,1,1,13086,1,26103,22635,24836,22635,15070,20945,15070,13505,14344,13505,14058,22137,23286,19908,16469,12854,8263,8846,20257,17725,23200,12240,25228,2246,150,25259,1,0:52
2024-25,1628418,Thomas Bryant,Thomas,1610612754,IND,Indiana Pacers,0022401119,2025-04-04T00:00:00,IND vs. UTA,W,7.36,0.0,4.9,0.0,0.0,4.9,0.0,9.8,9.8,1.0,0.0,9.8,9.8,0.0,0.0,0.0,0.0,0.0,0.0,4.9,9.8,-19.6,21.5,0,0,19.6,1,1,13086,1,23048,22635,23536,22635,15070,13459,15070,756,1465,1,14058,2740,5700,19908,16469,12854,8263,8846,20257,4312,18365,21419,20399,2246,150,21114,1,7:22
2024-25,1631221,Collin Gillespie,Collin,1610612756,PHX,Phoenix Suns,0022401120,2025-04-04T00:00:00,PHX @ BOS,L,12.516666666666667,8.6,17.3,0.5,5.8,11.5,0.5,0.0,0.0,0.0,0.0,5.8,5.8,0.0,0.0,0.0,0.0,0.0,0.0,5.8,23.0,0.0,29.9,0,0,34.5,1,13222,1,13222,20981,5385,5503,8526,1524,2096,3944,13505,14344,13505,14058,8913,12901,19908,16469,12854,8263,8846,20257,2971,5468,12240,14859,2246,150,10434,1,12:31
2024-25,1627814,Damion Lee,Damion,1610612756,PHX,Phoenix Suns,0022401120,2025-04-04T00:00:00,PHX @ BOS,L,1.8833333333333333,0.0,38.2,0.0,0.0,19.1,0.0,0.0,0.0,0.0,0.0,0.0,0.0,0.0,0.0,0.0,0.0,0.0,0.0,0.0,0.0,19.1,0.0,0,0,0.0,1,13222,1,13222,25524,22635,93,22635,15070,279,15070,13505,14344,13505,14058,22137,23286,19908,16469,12854,8263,8846,20257,17725,23200,4223,25228,2246,150,25259,1,1:53
2024-25,1630573,Sam Hauser,Sam,1610612738,BOS,Boston Celtics,0022401120,2025-04-04T00:00:00,BOS vs. PHX,W,21.0,3.4,10.3,0.333,1.7,8.6,0.2,0.0,0.0,0.0,0.0,8.6,8.6,1.7,1.7,0.0,0.0,0.0,1.7,0.0,8.6,13.7,19.7,0,0,20.6,1,1,13086,1,15296,18476,16579,17395,11357,5458,13429,13505,14344,13505,14058,3970,7359,17326,11863,12854,8263,8846,16483,17725,19453,6119,21303,2246,150,20526,1,21:00
2024-25,1631306,Cole Swider,Cole,1610612761,TOR,Toronto Raptors,0022401121,2025-04-04T00:00:00,TOR vs. DET,L,15.2,9.5,18.9,0.5,4.7,9.5,0.5,0.0,0.0,0.0,2.4,9.5,11.8,0.0,0.0,0.0,0.0,2.4,0.0,0.0,23.7,4.7,37.9,0,0,40.3,1,13222,1,13222,19439,3912,3793,8526,2664,4137,3944,13505,14344,13505,7018,3039,3622,19908,16469,12854,8263,2290,20257,17725,4991,10262,9084,2246,150,6639,1,15:12
2024-25,1641738,Kobe Brown,Kobe,1610612746,LAC,LA Clippers,0022401127,2025-04-04T00:00:00,LAC vs. DAL,W,14.2,0.0,10.1,0.0,0.0,5.1,0.0,0.0,0.0,0.0,2.5,2.5,5.1,10.1,7.6,0.0,2.5,0.0,2.5,0.0,0.0,2.5,21.3,0,0,20.3,1,1,13086,1,20077,22635,16838,22635,15070,13024,15070,13505,14344,13505,6510,18093,14603,1365,673,12854,2309,8846,12650,17725,23200,11346,20536,2246,150,20701,1,14:12
2024-25,1631096,Chet Holmgren,Chet,1610612760,OKC,Oklahoma City Thunder,0022401123,2025-04-04T00:00:00,OKC @ HOU,L,31.3,6.9,11.5,0.6,6.9,9.2,0.75,2.3,2.3,1.0,0.0,4.6,4.6,1.2,2.3,0.0,2.3,0.0,4.6,2.3,23.0,3.5,34.8,0,0,40.3,1,13222,1,13222,6607,9153,14467,5394,795,4526,1542,9615,11772,1,14058,11980,15807,19183,9066,12854,2744,8846,5542,11737,5471,10911,11161,2246,150,6644,1,31:18
2024-25,1629652,Luguentz Dort,Luguentz,1610612760,OKC,Oklahoma City Thunder,0022401123,2025-04-04T00:00:00,OKC @ HOU,L,26.301666666666666,1.4,8.2,0.167,0.0,5.5,0.0,0.0,0.0,0.0,0.0,5.5,5.5,4.1,4.1,0.0,0.0,0.0,5.5,0.0,2.7,-8.2,11.4,0,0,12.3,1,13222,1,13222,10900,22325,19937,21938,15070,12022,15070,13505,14344,13505,14058,9607,13612,9654,3667,12854,8263,8846,3744,17725,23014,17057,24165,2246,150,23915,1,26:18
2024-25,1628995,Kevin Knox II,Kevin,1610612744,GSW,Golden State Warriors,0022401125,2025-04-04T00:00:00,GSW vs. DEN,W,0.9083333333333333,0.0,0.0,0.0,0.0,0.0,0.0,0.0,0.0,0.0,0.0,0.0,0.0,0.0,39.6,0.0,0.0,0.0,0.0,0.0,0.0,0.0,-39.6,0,0,0.0,1,1,13086,1,26087,22635,24836,22635,15070,20945,15070,13505,14344,13505,14058,22137,23286,19908,5,12854,8263,8846,20257,17725,23200,12240,26303,2246,150,25259,1,0:55
2024-25,1628971,Bruce Brown,Bruce,1610612740,NOP,New Orleans Pelicans,0022401126,2025-04-04T00:00:00,NOP @ LAL,L,26.3,0.0,6.8,0.0,0.0,1.4,0.0,1.4,2.7,0.5,2.7,5.5,8.2,1.4,1.4,0.0,0.0,1.4,1.4,1.4,1.4,-16.4,11.9,0,0,11.0,1,13222,1,13222,10902,22635,21736,22635,15070,20410,15070,12109,10647,10625,6015,9603,7916,18434,13465,12854,8263,5316,17749,15583,23187,20416,24030,2246,150,24232,1,26:18
2024-25,1642280,Trentyn Flowers,Trentyn,1610612746,LAC,LA Clippers,0022401127,2025-04-04T00:00:00,LAC vs. DAL,W,6.433333333333334,0.0,5.6,0.0,0.0,0.0,0.0,0.0,0.0,0.0,0.0,0.0,0.0,0.0,0.0,0.0,0.0,0.0,5.6,0.0,0.0,-56.0,0.0,0,0,0.0,1,1,13086,1,23394,22635,23001,22635,15070,20945,15070,13505,14344,13505,14058,22137,23286,19908,16469,12854,8263,8846,3554,17725,23200,25588,25228,2246,150,25259,1,6:26
2024-25,1631218,Trayce Jackson-Davis,Trayce,1610612744,GSW,Golden State Warriors,0022401125,2025-04-04T00:00:00,GSW vs. DEN,W,0.9083333333333333,0.0,0.0,0.0,0.0,0.0,0.0,0.0,0.0,0.0,0.0,0.0,0.0,0.0,0.0,0.0,0.0,0.0,0.0,0.0,0.0,0.0,0.0,0,0,0.0,1,1,13086,1,26087,22635,24836,22635,15070,20945,15070,13505,14344,13505,14058,22137,23286,19908,16469,12854,8263,8846,20257,17725,23200,12240,25228,2246,150,25259,1,0:55
2024-25,1629026,Kenrich Williams,Kenrich,1610612760,OKC,Oklahoma City Thunder,0022401123,2025-04-04T00:00:00,OKC @ HOU,L,14.466666666666667,2.5,7.5,0.333,2.5,7.5,0.333,0.0,0.0,0.0,2.5,0.0,2.5,0.0,0.0,0.0,0.0,0.0,5.0,5.0,7.5,-37.3,10.5,0,0,12.4,1,13222,1,13222,19896,20482,20982,17395,8189,7475,9209,13505,14344,13505,6644,22137,20836,19908,16469,12854,8263,8846,4664,4162,20351,24645,24346,2246,150,23888,1,14:28
2024-25,1629020,Jarred Vanderbilt,Jarred,1610612747,LAL,Los Angeles Lakers,0022401126,2025-04-04T00:00:00,LAL vs. NOP,W,16.491666666666667,2.2,4.4,0.5,0.0,0.0,0.0,0.0,0.0,0.0,2.2,4.4,6.5,0.0,2.2,0.0,0.0,0.0,0.0,0.0,4.4,24.0,10.0,0,0,10.9,1,1,13086,1,18607,21072,23880,8526,15070,20945,15070,13505,14344,13505,7640,12613,11067,19908,9581,12854,8263,8846,20257,17725,22363,3016,24409,2246,150,24242,1,16:30
2024-25,1641842,Ronald Holland II,Ronald,1610612765,DET,Detroit Pistons,0022401121,2025-04-04T00:00:00,DET @ TOR,W,13.366666666666667,0.0,5.4,0.0,0.0,2.7,0.0,8.1,10.8,0.75,5.4,8.1,13.5,8.1,8.1,0.0,2.7,0.0,5.4,8.1,8.1,5.4,36.4,0,0,35.0,1,1,13086,1,20556,22635,23190,22635,15070,18275,15070,1371,1092,8186,2020,4594,2499,2805,576,12854,2094,8846,3867,979,19853,9896,10111,2246,150,10085,1,13:22
2024-25,1642367,Jonathan Mogbo,Jonathan,1610612761,TOR,Toronto Raptors,0022401121,2025-04-04T00:00:00,TOR vs. DET,L,29.2,3.7,8.6,0.429,0.0,1.2,0.0,0.0,0.0,0.0,2.5,7.4,9.9,0.0,1.2,0.0,1.2,2.5,3.7,0.0,7.4,-18.5,21.7,0,0,19.7,1,13222,1,13222,8496,17833,19302,13735,15070,20577,15070,13505,14344,13505,6731,5681,5580,19908,14211,12854,5980,2096,8077,17725,20411,21063,20321,2246,150,21019,1,29:12
2024-25,1629646,Charles Bassey,Charles,1610612759,SAS,San Antonio Spurs,0022401124,2025-04-04T00:00:00,SAS vs. CLE,L,3.05,0.0,11.8,0.0,0.0,0.0,0.0,0.0,0.0,0.0,0.0,0.0,0.0,0.0,0.0,0.0,0.0,0.0,23.6,0.0,0.0,-35.4,0.0,0,0,0.0,1,13222,1,13222,24957,22635,13924,22635,15070,20945,15070,13505,14344,13505,14058,22137,23286,19908,16469,12854,8263,8846,77,17725,23200,24459,25228,2246,150,25259,1,3:03
2024-25,1627827,Dorian Finney-Smith,Dorian,1610612747,LAL,Los Angeles Lakers,0022401126,2025-04-04T00:00:00,LAL vs. NOP,W,31.666666666666668,2.3,4.5,0.5,1.1,3.4,0.333,0.0,0.0,0.0,0.0,2.3,2.3,2.3,1.1,0.0,0.0,0.0,2.3,0.0,5.7,3.4,10.7,0,0,11.4,1,1,13086,1,6258,20899,23776,8526,13734,16847,9209,13505,14344,13505,14058,18843,21258,15331,14893,12854,8263,8846,13756,17725,21603,10927,24304,2246,150,24138,1,31:40
2024-25,101108,Chris Paul,Chris,1610612759,SAS,San Antonio Spurs,0022401124,2025-04-04T00:00:00,SAS vs. CLE,L,30.15,4.8,11.9,0.4,1.2,6.0,0.2,0.0,0.0,0.0,1.2,3.6,4.8,9.6,1.2,0.0,1.2,0.0,1.2,0.0,10.7,17.9,33.2,0,0,28.7,1,13222,1,13222,7634,15030,13691,14933,13404,10760,13429,13505,14344,13505,11835,14978,15355,1672,14486,12854,6212,8846,18564,17725,17421,4587,12432,2246,150,14957,1,30:09
2024-25,203084,Harrison Barnes,Harrison,1610612759,SAS,San Antonio Spurs,0022401124,2025-04-04T00:00:00,SAS vs. CLE,L,30.283333333333335,8.3,16.6,0.5,4.8,9.5,0.5,5.9,7.1,0.833,0.0,0.0,0.0,1.2,0.0,0.0,0.0,1.2,2.4,3.6,27.3,7.1,29.1,0,0,33.3,1,13222,1,13222,7510,5944,6252,8526,2634,4094,3944,2921,3236,7275,14058,22137,23286,19054,16469,12854,8263,6347,13316,7487,3038,9077,15408,2246,150,11416,1,30:17
2024-25,1641716,Jarace Walker,Jarace,1610612754,IND,Indiana Pacers,0022401119,2025-04-04T00:00:00,IND vs. UTA,W,13.523333333333333,5.3,8.0,0.667,2.7,5.3,0.5,0.0,0.0,0.0,0.0,18.6,18.6,8.0,0.0,0.0,2.7,0.0,2.7,0.0,13.3,42.6,55.6,0,0,47.9,1,1,13086,1,20478,13483,20283,3281,7645,12406,3944,13505,14344,13505,14058,219,760,2902,16469,12854,2135,8846,12196,17725,14738,799,1872,2246,150,3171,1,13:31
2024-25,1626172,Kevon Looney,Kevon,1610612744,GSW,Golden State Warriors,0022401125,2025-04-04T00:00:00,GSW vs. DEN,W,17.536666666666665,4.1,6.2,0.667,0.0,0.0,0.0,6.2,8.2,0.75,4.1,10.3,14.4,4.1,0.0,2.1,0.0,0.0,0.0,6.2,14.4,10.3,43.9,0,0,37.0,1,1,13086,1,17894,16837,22468,3281,15070,20945,15070,2720,2380,8186,3442,2383,2063,9655,16469,6003,8263,8846,20257,2438,13534,7577,5706,2246,150,8759,1,17:32
2024-25,1631101,Shaedon Sharpe,Shaedon,1610612757,POR,Portland Trail Blazers,0022401122,2025-04-04T00:00:00,POR @ CHI,L,34.666666666666664,7.3,23.9,0.304,1.0,8.3,0.125,2.1,2.1,1.0,0.0,2.1,2.1,5.2,1.0,1.0,0.0,2.1,2.1,1.0,17.7,-9.3,30.0,0,0,28.0,1,13222,1,13222,3721,8293,1094,19355,14316,5899,14886,10370,12491,1,14058,19433,21659,7043,15574,11601,8263,2978,14715,17222,10163,17606,14787,2246,150,15397,1,34:40
2024-25,203992,Bogdan Bogdanović,Bogdan,1610612746,LAC,LA Clippers,0022401127,2025-04-04T00:00:00,LAC vs. DAL,W,21.25,6.8,13.6,0.5,6.8,10.2,0.667,0.0,0.0,0.0,0.0,6.8,6.8,10.2,0.0,1.7,0.0,0.0,6.8,0.0,20.3,42.4,48.8,0,0,47.4,1,1,13086,1,15114,9482,10913,8526,854,3315,1957,13505,14344,13505,14058,6744,10581,1355,16469,7627,8263,8846,2162,17725,7635,814,3701,2246,150,3331,1,21:15
2024-25,204001,Kristaps Porziņģis,Kristaps,1610612738,BOS,Boston Celtics,0022401120,2025-04-04T00:00:00,BOS vs. PHX,W,23.35,7.7,18.5,0.417,3.1,7.7,0.4,4.6,6.2,0.75,0.0,6.2,6.2,1.5,0.0,0.0,1.5,0.0,4.6,4.6,23.1,24.7,37.5,0,0,37.0,1,1,13086,1,13419,7253,4217,14532,6260,6987,7874,4640,4266,8186,14058,7978,11905,17834,16469,12854,4721,8846,5480,4885,5400,2884,9368,2246,150,8724,1,23:21
2024-25,1626181,Norman Powell,Norman,1610612746,LAC,LA Clippers,0022401127,2025-04-04T00:00:00,LAC vs. DAL,W,29.7,6.1,13.3,0.455,2.4,6.1,0.4,2.4,2.4,1.0,0.0,1.2,1.2,2.4,0.0,1.2,0.0,0.0,1.2,2.4,17.0,29.1,25.7,0,0,25.5,1,1,13086,1,8039,11338,11234,12676,8394,10540,7874,9265,11412,1,14058,21482,22928,14796,16469,10072,8263,8846,18464,11252,10876,2094,17822,2246,150,17314,1,29:42
2024-25,1631200,Kris Murray,Kris,1610612757,POR,Portland Trail Blazers,0022401122,2025-04-04T00:00:00,POR @ CHI,L,27.416666666666668,3.9,11.8,0.333,2.6,10.5,0.25,0.0,0.0,0.0,1.3,5.3,6.6,2.6,0.0,0.0,1.3,0.0,1.3,2.6,10.5,0.0,26.3,0,0,24.9,1,13222,1,13222,10001,17233,13912,17395,7749,2973,11902,13505,14344,13505,11137,10152,11030,14134,16469,12854,5594,8846,17985,10562,17658,12240,17437,2246,150,17728,1,27:25
2024-25,1630702,Jaden Hardy,Jaden,1610612742,DAL,Dallas Mavericks,0022401127,2025-04-04T00:00:00,DAL @ LAC,L,29.233333333333334,6.2,17.2,0.357,0.0,4.9,0.0,7.4,9.9,0.75,1.2,4.9,6.2,6.2,4.9,2.5,0.0,1.2,2.5,6.2,19.7,-19.7,38.8,0,0,36.9,1,13222,1,13222,8465,11081,5525,17140,15070,13376,15070,1743,1430,8186,11595,11096,11927,5239,2427,4498,8263,6047,12931,2439,8156,21468,8540,2246,150,8763,1,29:14
2024-25,1630208,Nick Richards,Nick,1610612756,PHX,Phoenix Suns,0022401120,2025-04-04T00:00:00,PHX @ BOS,L,13.85,5.2,7.8,0.667,0.0,0.0,0.0,0.0,0.0,0.0,5.2,13.0,18.2,0.0,0.0,2.6,0.0,0.0,2.6,0.0,10.4,-26.0,40.0,0,0,33.8,1,13222,1,13222,20270,13824,20536,3281,15070,20945,15070,13505,14344,13505,2195,1017,856,19908,16469,4143,8263,8846,12431,17725,17764,23028,7747,2246,150,11006,1,13:51
2024-25,203915,Spencer Dinwiddie,Spencer,1610612742,DAL,Dallas Mavericks,0022401127,2025-04-04T00:00:00,DAL @ LAC,L,29.333333333333332,8.6,16.0,0.538,2.5,7.4,0.333,2.5,3.7,0.667,0.0,3.7,3.7,4.9,1.2,0.0,0.0,0.0,1.2,6.1,22.1,-24.5,32.6,0,0,33.1,1,13222,1,13222,8364,5459,7174,7978,8305,7697,9209,9186,8520,9425,14058,14698,18118,7667,14251,12854,8263,8846,18396,2461,6139,22704,12848,2246,150,11545,1,29:20
2024-25,202687,Bismack Biyombo,Bismack,1610612759,SAS,San Antonio Spurs,0022401124,2025-04-04T00:00:00,SAS vs. CLE,L,26.783333333333335,4.0,5.4,0.75,0.0,0.0,0.0,0.0,0.0,0.0,4.0,9.4,13.4,1.3,1.3,1.3,4.0,0.0,2.7,1.3,8.1,6.7,41.0,0,0,33.6,1,13222,1,13222,10503,17015,23201,2107,15070,20945,15070,13505,14344,13505,3563,3104,2515,18521,13600,9219,902,8846,12084,15708,19869,9280,7176,2246,150,11158,1,26:47
2024-25,1630559,Austin Reaves,Austin,1610612747,LAL,Los Angeles Lakers,0022401126,2025-04-04T00:00:00,LAL vs. NOP,W,35.735,8.1,13.1,0.615,6.0,9.1,0.667,8.1,9.1,0.889,1.0,2.0,3.0,7.1,1.0,1.0,0.0,1.0,1.0,7.1,30.2,17.1,46.4,0,0,48.4,1,1,13086,1,2874,6517,11679,5246,1276,4714,1957,1385,1835,6857,13205,19620,19666,3952,15798,11888,8263,7859,19665,1623,2010,4858,4559,2246,150,3030,1,35:44
2024-25,1629636,Darius Garland,Darius,1610612739,CLE,Cleveland Cavaliers,0022401124,2025-04-04T00:00:00,CLE @ SAS,W,33.63333333333333,6.4,17.1,0.375,4.3,9.6,0.444,3.2,4.3,0.75,0.0,2.1,2.1,7.5,3.2,1.1,0.0,0.0,1.1,4.3,20.3,-15.0,34.1,0,0,36.4,1,1,13086,1,4603,10381,5669,16299,3425,3931,7211,7303,7244,8186,14058,19236,21535,3412,5793,11277,8263,8846,19272,5641,7629,19894,11691,2246,150,9106,1,33:38
2024-25,1627739,Kris Dunn,Kris,1610612746,LAC,LA Clippers,0022401127,2025-04-04T00:00:00,LAC vs. DAL,W,23.566666666666666,6.1,9.2,0.667,1.5,3.1,0.5,0.0,0.0,0.0,0.0,9.2,9.2,0.0,1.5,0.0,0.0,0.0,3.1,0.0,13.7,4.6,23.2,0,0,24.4,1,1,13086,1,13257,11196,18463,3281,11934,17542,3944,13505,14344,13505,14058,3343,6490,19908,12622,12854,8263,8846,10459,17725,14227,10348,19425,2246,150,18045,1,23:34
2024-25,1642271,Kyle Filipowski,Kyle,1610612762,UTA,Utah Jazz,0022401119,2025-04-04T00:00:00,UTA @ IND,L,23.966666666666665,4.5,22.5,0.2,0.0,9.0,0.0,4.5,6.0,0.75,9.0,4.5,13.5,3.0,1.5,0.0,1.5,6.0,3.0,3.0,13.5,-24.0,37.3,0,0,33.0,1,13222,1,13222,12929,15759,1570,21401,15070,4801,15070,4830,4457,8186,552,12249,2477,12906,12731,12854,4840,218,10688,9223,14480,22585,9494,2246,150,11624,1,23:58
2024-25,202695,Kawhi Leonard,Kawhi,1610612746,LAC,LA Clippers,0022401127,2025-04-04T00:00:00,LAC vs. DAL,W,23.733333333333334,12.1,25.8,0.471,3.0,7.6,0.4,3.0,3.0,1.0,1.5,7.6,9.1,3.0,0.0,1.5,0.0,0.0,3.0,1.5,30.3,31.9,50.4,0,0,48.5,1,1,13086,1,13126,1438,680,12143,6391,7210,7874,7705,9892,1,10247,5351,6586,12813,16469,8334,8263,8846,10561,14933,1970,1754,3162,2246,150,2975,1,23:44
2024-25,1627751,Jakob Poeltl,Jakob,1610612761,TOR,Toronto Raptors,0022401121,2025-04-04T00:00:00,TOR vs. DET,L,30.766666666666666,5.9,12.9,0.455,0.0,0.0,0.0,0.0,0.0,0.0,7.0,5.9,12.9,2.3,4.7,1.2,3.5,1.2,4.7,0.0,11.7,-8.2,40.0,1,0,36.3,1,13222,1,13222,7073,11950,12088,12676,15070,20945,15070,13505,14344,13505,1141,8665,2894,15086,2747,10433,1220,6480,5337,17725,16450,17050,7752,1,150,9177,1,30:46
2024-25,1629023,P.J. Washington,P.J.,1610612742,DAL,Dallas Mavericks,0022401127,2025-04-04T00:00:00,DAL @ LAC,L,27.766666666666666,5.2,9.1,0.571,1.3,2.6,0.5,0.0,2.6,0.0,0.0,13.0,13.0,2.6,3.9,0.0,0.0,1.3,0.0,2.6,11.7,-35.0,27.2,0,0,28.5,1,13222,1,13222,9742,13857,18597,6538,12870,18461,3944,13505,10989,13505,14058,1027,2825,14233,4106,12854,8263,5668,20257,10667,16501,24406,16806,2246,150,15057,1,27:46
2024-25,1626164,Devin Booker,Devin,1610612756,PHX,Phoenix Suns,0022401120,2025-04-04T00:00:00,PHX @ BOS,L,38.46666666666667,14.0,27.1,0.517,1.9,5.6,0.333,4.7,4.7,1.0,1.9,2.8,4.7,5.6,1.9,0.0,0.0,2.8,1.9,3.7,34.6,-7.5,46.8,0,0,46.8,1,13222,1,13222,1124,694,482,8516,10769,11672,9209,4543,6519,1,8940,17374,15619,6223,11206,12854,8263,1595,15822,7001,1023,16726,4405,2246,150,3552,1,38:28
2024-25,1627884,Derrick Jones Jr.,Derrick,1610612746,LAC,LA Clippers,0022401127,2025-04-04T00:00:00,LAC vs. DAL,W,22.933333333333334,4.7,4.7,1.0,1.6,1.6,1.0,1.6,3.1,0.5,0.0,1.6,1.6,0.0,1.6,3.1,1.6,0.0,3.1,3.1,12.6,53.4,27.0,0,0,25.1,1,1,13086,1,13772,15218,23670,1,11793,20207,1,11647,9629,10625,14058,20738,22482,19908,12462,2860,4644,8846,10140,8766,15535,478,16937,2246,150,17584,1,22:56
2024-25,1630625,Dalano Banton,Dalano,1610612757,POR,Portland Trail Blazers,0022401122,2025-04-04T00:00:00,POR @ CHI,L,33.63333333333333,9.6,23.5,0.409,2.1,6.4,0.333,1.1,2.1,0.5,0.0,3.2,3.2,3.2,1.1,0.0,1.1,1.1,4.3,3.2,22.5,4.3,33.3,0,0,33.2,1,13222,1,13222,4603,3678,1212,14895,9503,9706,9209,12999,12286,10625,14058,16048,19201,12261,15331,12854,6982,7308,6338,8526,5868,10491,12361,2246,150,11513,1,33:38
2024-25,203897,Zach LaVine,Zach,1610612758,SAC,Sacramento Kings,0022401118,2025-04-04T00:00:00,SAC @ CHA,W,32.53333333333333,10.0,21.0,0.474,4.4,7.7,0.571,3.3,3.3,1.0,1.1,10.0,11.1,3.3,0.0,1.1,0.0,0.0,3.3,3.3,27.7,8.9,49.2,1,0,48.7,1,1,13086,1,5529,3264,2321,12072,3194,6908,3506,7066,9261,1,12419,2616,4355,11918,16469,10966,8263,8846,9387,8198,2907,8245,3528,1,150,2927,1,32:32
2024-25,1630548,Johnny Juzang,Johnny,1610612762,UTA,Utah Jazz,0022401119,2025-04-04T00:00:00,UTA @ IND,L,36.016666666666666,6.0,18.0,0.333,5.0,12.0,0.417,0.0,0.0,0.0,1.0,2.0,3.0,0.0,2.0,0.0,0.0,4.0,4.0,0.0,17.0,-18.0,18.6,0,0,25.0,1,13222,1,13222,2671,11532,4703,17395,2272,1788,7826,13505,14344,13505,13253,19669,19746,19908,10528,12854,8263,648,7147,17725,10854,20930,21850,2246,150,17694,1,36:01
2024-25,1641764,Brandin Podziemski,Brandin,1610612744,GSW,Golden State Warriors,0022401125,2025-04-04T00:00:00,GSW vs. DEN,W,35.525,10.1,16.2,0.625,4.1,8.1,0.5,2.0,2.0,1.0,0.0,8.1,8.1,6.1,3.0,2.0,0.0,0.0,2.0,2.0,26.3,11.1,48.2,0,0,48.6,1,1,13086,1,3052,3078,6814,4899,3883,6270,3944,10551,12648,1,14058,4555,8082,5350,6313,6129,8263,8846,14984,12955,3506,7163,3902,2246,150,2940,1,35:32
2024-25,1629632,Coby White,Coby,1610612741,CHI,Chicago Bulls,0022401122,2025-04-04T00:00:00,CHI vs. POR,W,34.766666666666666,9.3,16.6,0.563,2.1,6.2,0.333,11.4,12.4,0.917,0.0,5.2,5.2,7.2,4.1,0.0,0.0,1.0,2.1,7.2,32.1,-2.1,45.0,0,0,46.6,1,1,13086,1,3641,4173,6343,7127,9811,10168,9209,424,679,6748,14058,10339,14325,3686,3587,12854,8263,7615,14747,1478,1507,14086,5153,2246,150,3630,1,34:46
2024-25,1641767,Ben Sheppard,Ben,1610612754,IND,Indiana Pacers,0022401119,2025-04-04T00:00:00,IND vs. UTA,W,20.448333333333334,1.8,3.5,0.5,1.8,3.5,0.5,0.0,0.0,0.0,3.5,3.5,7.0,3.5,0.0,3.5,0.0,0.0,1.8,0.0,5.3,35.2,29.6,0,0,24.6,1,1,13086,1,15682,21816,24301,8526,11222,16612,3944,13505,14344,13505,4345,15172,10076,11337,16469,2218,8263,8846,16340,17725,21862,1373,15095,2246,150,17923,1,20:27
2024-25,1631255,Karlo Matković,Karlo,1610612740,NOP,New Orleans Pelicans,0022401126,2025-04-04T00:00:00,NOP @ LAL,L,20.5,10.5,12.3,0.857,1.8,3.5,0.5,3.5,3.5,1.0,1.8,8.8,10.5,3.5,0.0,1.8,0.0,0.0,3.5,7.0,26.3,-1.8,49.5,0,0,45.7,1,13222,1,13222,15638,2676,13090,1412,11238,16633,3944,6679,8864,1,9397,3746,4875,11358,16469,7414,8263,8846,8714,1646,3513,13899,3407,2246,150,3951,1,20:30
2024-25,1628386,Jarrett Allen,Jarrett,1610612739,CLE,Cleveland Cavaliers,0022401124,2025-04-04T00:00:00,CLE @ SAS,W,15.5,4.6,4.6,1.0,0.0,0.0,0.0,0.0,0.0,0.0,0.0,9.3,9.3,7.0,2.3,0.0,0.0,0.0,0.0,0.0,9.3,20.9,28.6,0,0,25.5,1,1,13086,1,19251,15377,23720,1,15070,20945,15070,13505,14344,13505,14058,3213,6329,4041,8976,12854,8263,8846,20257,17725,18818,3723,15822,2246,150,17247,1,15:30
2024-25,1628396,Tony Bradley,Tony,1610612754,IND,Indiana Pacers,0022401119,2025-04-04T00:00:00,IND vs. UTA,W,1.9166666666666667,18.8,18.8,1.0,0.0,0.0,0.0,0.0,0.0,0.0,0.0,0.0,0.0,0.0,0.0,0.0,0.0,0.0,0.0,0.0,37.6,169.0,37.6,0,0,37.6,1,1,13086,1,25508,181,3943,1,15070,20945,15070,13505,14344,13505,14058,22137,23286,19908,16469,12854,8263,8846,20257,17725,646,21,9308,2246,150,8316,1,1:55
2024-25,1630167,Obi Toppin,Obi,1610612754,IND,Indiana Pacers,0022401119,2025-04-04T00:00:00,IND vs. UTA,W,19.073333333333334,3.8,7.5,0.5,1.9,5.7,0.333,1.9,3.8,0.5,0.0,7.5,7.5,7.5,1.9,0.0,1.9,0.0,3.8,1.9,11.3,22.6,35.5,0,0,32.1,1,1,13086,1,16771,17635,20859,8526,10692,11543,9209,10999,8306,10625,14058,5403,9070,3335,11115,12854,3805,8846,7818,13563,16864,3331,10741,2246,150,12313,1,19:04
2024-25,1631133,Jabari Walker,Jabari,1610612757,POR,Portland Trail Blazers,0022401122,2025-04-04T00:00:00,POR @ CHI,L,19.85,5.4,12.7,0.429,1.8,5.4,0.333,0.0,0.0,0.0,5.4,5.4,10.9,7.3,0.0,0.0,0.0,1.8,5.4,1.8,12.7,-1.8,36.6,0,0,32.6,1,13222,1,13222,16140,13157,12392,13735,11021,12108,9209,13505,14344,13505,1985,9696,4516,3682,16469,12854,8263,3860,3785,13881,15396,13924,9930,2246,150,11910,1,19:51
2024-25,1630578,Alperen Sengun,Alperen,1610612745,HOU,Houston Rockets,0022401123,2025-04-04T00:00:00,HOU vs. OKC,W,33.83,11.7,22.3,0.524,0.0,0.0,0.0,9.6,12.8,0.75,1.1,1.1,2.1,4.3,3.2,3.2,0.0,1.1,1.1,6.4,33.0,4.3,48.3,0,0,45.8,1,1,13086,1,4422,1718,1652,8439,15070,20945,15070,815,619,8186,12764,21842,21553,9237,5843,2759,8263,7367,19313,2199,1324,10514,3875,2246,150,3907,1,33:50
2024-25,1631197,Jared Rhoden,Jared,1610612761,TOR,Toronto Raptors,0022401121,2025-04-04T00:00:00,TOR vs. DET,L,16.55,4.4,10.9,0.4,0.0,6.5,0.0,4.4,4.4,1.0,4.4,6.5,10.9,4.4,0.0,2.2,0.0,0.0,4.4,2.2,13.1,10.9,39.2,0,0,32.6,1,13222,1,13222,18569,16199,15556,14933,15070,9487,15070,5068,7110,1,3103,7246,4524,9007,16469,5492,8263,8846,6139,12265,15039,7287,8294,2246,150,11925,1,16:33
2024-25,201935,James Harden,James,1610612746,LAC,LA Clippers,0022401127,2025-04-04T00:00:00,LAC vs. DAL,W,30.3,4.8,13.1,0.364,1.2,4.8,0.25,4.8,4.8,1.0,0.0,4.8,4.8,5.9,5.9,2.4,0.0,0.0,2.4,4.8,15.4,11.9,31.2,0,0,32.1,1,1,13086,1,7493,15109,11740,16861,13435,13827,11902,4427,6392,1,14058,11564,15435,5603,1421,4775,8263,8846,13322,4608,12465,6841,13866,2246,150,12318,1,30:18
2024-25,1627780,Gary Payton II,Gary,1610612744,GSW,Golden State Warriors,0022401125,2025-04-04T00:00:00,GSW vs. DEN,W,2.1,0.0,17.1,0.0,0.0,17.1,0.0,0.0,0.0,0.0,0.0,0.0,0.0,17.1,0.0,0.0,0.0,0.0,0.0,0.0,0.0,-68.6,25.7,0,0,17.1,1,1,13086,1,25414,22635,5641,22635,15070,401,15070,13505,14344,13505,14058,22137,23286,159,16469,12854,8263,8846,20257,17725,23200,25861,17807,2246,150,22237,1,2:06
2024-25,1628369,Jayson Tatum,Jayson,1610612738,BOS,Boston Celtics,0022401120,2025-04-04T00:00:00,BOS vs. PHX,W,34.6,9.4,18.7,0.5,1.0,8.3,0.125,4.2,5.2,0.8,0.0,8.3,8.3,8.3,2.1,1.0,1.0,0.0,2.1,4.2,23.9,12.5,50.6,0,0,45.8,1,1,13086,1,3784,4097,4002,8526,14300,5871,14886,5409,5604,7681,14058,4248,7732,2583,10089,11579,7188,8846,14694,5918,4849,6600,3111,2246,150,3899,1,34:36
2024-25,1630531,Jaden Springer,Jaden,1610612762,UTA,Utah Jazz,0022401119,2025-04-04T00:00:00,UTA @ IND,L,15.066666666666666,4.8,9.6,0.5,0.0,4.8,0.0,2.4,2.4,1.0,4.8,2.4,7.2,2.4,2.4,2.4,0.0,0.0,7.2,4.8,11.9,-19.1,28.9,0,0,26.3,1,13222,1,13222,19517,15015,17834,8526,15070,13760,15070,9370,11524,1,2587,18515,9818,14915,8703,4732,8263,8846,1847,4548,16199,21266,15557,2246,150,16731,1,15:04
2024-25,201950,Jrue Holiday,Jrue,1610612738,BOS,Boston Celtics,0022401120,2025-04-04T00:00:00,BOS vs. PHX,W,28.45,1.3,3.8,0.333,0.0,1.3,0.0,2.5,2.5,1.0,2.5,3.8,6.3,2.5,0.0,0.0,1.3,0.0,1.3,1.3,5.1,15.2,20.2,0,0,16.4,1,1,13086,1,9165,22435,24189,17395,15070,20537,15070,8960,11125,1,6521,14329,11552,14443,16469,12854,5821,8846,18191,16057,21975,5553,21044,2246,150,22527,1,28:27
2024-25,2544,LeBron James,LeBron,1610612747,LAL,Los Angeles Lakers,0022401126,2025-04-04T00:00:00,LAL vs. NOP,W,32.66,9.9,18.7,0.529,2.2,7.7,0.286,7.7,8.8,0.875,0.0,0.0,0.0,8.8,1.1,2.2,0.0,0.0,1.1,5.5,29.8,7.7,48.5,0,0,45.2,1,1,13086,1,5438,3304,3989,8281,9222,6967,11433,1545,1966,6931,14058,22137,23286,2166,15119,5375,8263,8846,19082,3324,2175,8761,3809,2246,150,4162,1,32:40
2024-25,1630539,Kai Jones,Kai,1610612742,DAL,Dallas Mavericks,0022401127,2025-04-04T00:00:00,DAL @ LAC,L,22.383333333333333,6.4,9.7,0.667,0.0,0.0,0.0,1.6,1.6,1.0,1.6,3.2,4.8,3.2,1.6,1.6,0.0,1.6,3.2,1.6,14.5,0.0,28.3,0,0,25.7,1,13222,1,13222,14203,10347,17675,3281,15070,20945,15070,11586,13383,1,9886,16035,15235,12239,12300,7951,8263,4410,9794,14599,13435,12240,15986,2246,150,17117,1,22:23
2024-25,1631097,Bennedict Mathurin,Bennedict,1610612754,IND,Indiana Pacers,0022401119,2025-04-04T00:00:00,IND vs. UTA,W,22.95,6.3,17.3,0.364,0.0,4.7,0.0,18.8,25.1,0.75,3.1,1.6,4.7,3.1,1.6,3.1,0.0,0.0,1.6,12.5,31.4,12.5,49.6,0,0,45.5,1,1,13086,1,13753,10780,5506,16861,15070,13937,15070,89,86,8186,5064,20740,15540,12512,12466,2864,8263,8846,16967,174,1674,6585,3390,2246,150,4020,1,22:57
2024-25,1627936,Alex Caruso,Alex,1610612760,OKC,Oklahoma City Thunder,0022401123,2025-04-04T00:00:00,OKC @ HOU,L,19.583333333333332,0.0,7.4,0.0,0.0,3.7,0.0,3.7,3.7,1.0,1.8,5.5,7.4,1.8,1.8,0.0,1.8,0.0,5.5,1.8,3.7,-18.4,18.9,0,0,16.5,1,13222,1,13222,16344,22635,21135,22635,15070,16271,15070,6336,8532,1,9094,9489,9465,16970,11371,12854,3962,8846,3678,13782,22702,21041,21674,2246,150,22488,1,19:35
2024-25,1628436,Luke Kornet,Luke,1610612738,BOS,Boston Celtics,0022401120,2025-04-04T00:00:00,BOS vs. PHX,W,15.133333333333333,11.9,16.7,0.714,0.0,0.0,0.0,4.8,4.8,1.0,9.5,0.0,9.5,0.0,0.0,0.0,0.0,2.4,4.8,4.8,28.5,9.5,40.0,0,0,38.1,1,1,13086,1,19475,1591,6239,2752,15070,20945,15070,4420,6379,1,469,22137,6035,19908,16469,12854,8263,2267,5157,4595,2584,7934,7785,2246,150,7985,1,15:08
2024-25,1628370,Malik Monk,Malik,1610612758,SAC,Sacramento Kings,0022401118,2025-04-04T00:00:00,SAC @ CHA,W,22.716666666666665,11.1,19.0,0.583,4.8,9.5,0.5,0.0,0.0,0.0,0.0,1.6,1.6,4.8,0.0,0.0,0.0,1.6,1.6,0.0,26.9,39.6,36.0,0,0,38.0,1,1,13086,1,13938,2195,3748,6296,2637,4097,3944,13505,14344,13505,14058,20708,22461,8036,16469,12854,8263,4470,16915,17725,3236,1007,10382,2246,150,8006,1,22:43
2024-25,1629626,Bol Bol,Bol,1610612756,PHX,Phoenix Suns,0022401120,2025-04-04T00:00:00,PHX @ BOS,L,1.8833333333333333,0.0,0.0,0.0,0.0,0.0,0.0,0.0,0.0,0.0,19.1,0.0,19.1,19.1,0.0,0.0,0.0,0.0,0.0,0.0,0.0,19.1,51.6,0,0,38.2,1,13222,1,13222,25524,22635,24836,22635,15070,20945,15070,13505,14344,13505,65,22137,666,106,16469,12854,8263,8846,20257,17725,23200,4223,2800,2246,150,7870,1,1:53
2024-25,1631204,Marcus Sasser,Marcus,1610612765,DET,Detroit Pistons,0022401121,2025-04-04T00:00:00,DET @ TOR,W,20.1,5.4,10.7,0.5,1.8,5.4,0.333,5.4,7.2,0.75,1.8,5.4,7.2,1.8,7.2,1.8,0.0,0.0,5.4,5.4,17.9,-3.6,27.4,0,0,32.2,1,1,13086,1,15948,13333,15790,8526,11110,12269,9209,3557,3207,8186,9272,9845,9826,17110,828,7294,8263,8846,3881,3517,9923,14838,16658,2246,150,12176,1,20:06
2024-25,1626145,Tyus Jones,Tyus,1610612756,PHX,Phoenix Suns,0022401120,2025-04-04T00:00:00,PHX @ BOS,L,20.19,8.9,16.0,0.556,3.6,7.1,0.5,0.0,0.0,0.0,0.0,1.8,1.8,10.7,0.0,3.6,0.0,0.0,1.8,0.0,21.4,-7.1,50.3,0,0,44.6,1,13222,1,13222,15873,4865,7052,7248,4996,8187,3944,13505,14344,13505,14058,20295,22187,1108,16469,2147,8263,8846,16259,17725,6736,16572,3187,2246,150,4433,1,20:11
2024-25,1631288,Jamal Cain,Jamal,1610612740,NOP,New Orleans Pelicans,0022401126,2025-04-04T00:00:00,NOP @ LAL,L,26.623333333333335,5.4,9.5,0.571,4.1,8.1,0.5,0.0,0.0,0.0,0.0,1.4,1.4,1.4,0.0,5.4,0.0,0.0,5.4,2.7,14.9,-4.1,34.8,0,0,32.5,1,13222,1,13222,10630,13252,18013,6538,3876,6262,3944,13505,14344,13505,14058,21178,22755,18491,16469,683,8263,8846,3838,10308,13040,15096,11245,2246,150,12027,1,26:37
2024-25,1630572,Sandro Mamukelashvili,Sandro,1610612759,SAS,San Antonio Spurs,0022401124,2025-04-04T00:00:00,SAS vs. CLE,L,12.016666666666667,6.0,15.0,0.4,3.0,9.0,0.333,0.0,0.0,0.0,6.0,9.0,15.0,0.0,0.0,0.0,0.0,3.0,6.0,0.0,15.0,-36.0,33.0,0,0,33.0,1,13222,1,13222,21220,11546,8645,14933,6537,4856,9209,13505,14344,13505,1630,3534,1779,19908,16469,12854,8263,1347,2959,17725,12925,24516,12622,2246,150,11685,1,12:01
2024-25,1630228,Jonathan Kuminga,Jonathan,1610612744,GSW,Golden State Warriors,0022401125,2025-04-04T00:00:00,GSW vs. DEN,W,18.23,5.9,17.8,0.333,0.0,2.0,0.0,0.0,0.0,0.0,0.0,2.0,2.0,2.0,3.9,0.0,0.0,3.9,3.9,0.0,11.8,0.0,13.2,0,0,15.8,1,1,13086,1,17423,11734,4933,17395,15070,19599,15070,13505,14344,13505,14058,19744,21848,16464,3972,12854,8263,667,7283,17725,16297,12240,23711,2246,150,22787,1,18:14
2024-25,1627736,Malik Beasley,Malik,1610612765,DET,Detroit Pistons,0022401121,2025-04-04T00:00:00,DET @ TOR,W,30.75,8.2,23.4,0.35,3.5,12.9,0.273,4.7,4.7,1.0,1.2,3.5,4.7,2.3,0.0,1.2,0.0,1.2,1.2,3.5,24.6,9.4,37.2,0,0,37.5,1,1,13086,1,7086,6215,1243,17337,5120,1356,11838,4541,6512,1,11989,15198,15614,15079,16469,10428,8263,6474,18713,7625,4434,8010,9510,2246,150,8390,1,30:45
2024-25,1630170,Devin Vassell,Devin,1610612759,SAS,San Antonio Spurs,0022401124,2025-04-04T00:00:00,SAS vs. CLE,L,36.21666666666667,8.9,17.9,0.5,6.0,9.9,0.6,0.0,0.0,0.0,0.0,4.0,4.0,3.0,1.0,4.0,0.0,0.0,1.0,0.0,23.9,14.9,44.0,0,0,44.7,1,13222,1,13222,2521,4822,4815,8526,1327,3565,2992,13505,14344,13505,14058,13800,17375,12993,15891,1662,8263,8846,19745,17725,4902,5666,5655,2246,150,4381,1,36:13
2024-25,1642270,Donovan Clingan,Donovan,1610612757,POR,Portland Trail Blazers,0022401122,2025-04-04T00:00:00,POR @ CHI,L,31.15,3.5,12.7,0.273,1.2,4.6,0.25,0.0,0.0,0.0,8.1,12.7,20.8,1.2,0.0,2.3,1.2,2.3,4.6,0.0,8.1,-4.6,45.2,0,0,38.1,1,13222,1,13222,6744,18392,12364,20048,13620,14153,11902,13505,14344,13505,754,1096,439,19160,16469,4997,6449,2400,5484,17725,19838,15380,5089,2246,150,7934,1,31:09
2024-25,1629640,Keldon Johnson,Keldon,1610612759,SAS,San Antonio Spurs,0022401124,2025-04-04T00:00:00,SAS vs. CLE,L,23.75,4.5,15.2,0.3,1.5,9.1,0.167,0.0,0.0,0.0,0.0,6.1,6.1,4.5,4.5,1.5,0.0,1.5,1.5,0.0,10.6,-21.2,24.7,0,0,25.8,1,13222,1,13222,13112,15628,8323,19363,11976,4679,14236,13505,14344,13505,14058,8192,12136,8532,2926,8338,8263,4709,17155,17725,17546,21892,18484,2246,150,17091,1,23:45
2024-25,1629622,Max Strus,Max,1610612739,CLE,Cleveland Cavaliers,0022401124,2025-04-04T00:00:00,CLE @ SAS,W,31.966666666666665,1.1,5.6,0.2,1.1,5.6,0.2,0.0,0.0,0.0,3.4,3.4,6.8,3.4,1.1,1.1,0.0,0.0,1.1,2.3,3.4,-11.3,18.8,0,0,16.9,1,1,13086,1,5995,22559,22965,21401,13793,11633,13429,13505,14344,13505,4584,15578,10616,11744,14969,10810,8263,8846,18951,11928,22819,18424,21755,2246,150,22353,1,31:58
2024-25,1629004,Svi Mykhailiuk,Svi,1610612762,UTA,Utah Jazz,0022401119,2025-04-04T00:00:00,UTA @ IND,L,17.916666666666668,4.0,12.1,0.333,4.0,6.0,0.667,0.0,0.0,0.0,6.0,2.0,8.0,8.0,4.0,0.0,0.0,4.0,0.0,2.0,12.1,-28.1,29.7,0,0,32.1,1,13222,1,13222,17625,17047,13498,17395,3959,10625,1957,13505,14344,13505,1601,19632,8204,2852,3847,12854,8263,644,20257,13040,16089,23458,14993,2246,150,12263,1,17:55
2024-25,1629610,DaQuan Jeffries,DaQuan,1610612766,CHA,Charlotte Hornets,0022401118,2025-04-04T00:00:00,CHA vs. SAC,L,32.3,3.3,7.8,0.429,1.1,4.5,0.25,1.1,2.2,0.5,0.0,4.5,4.5,1.1,0.0,0.0,0.0,0.0,2.2,1.1,8.9,-1.1,15.9,0,0,15.6,1,13222,1,13222,5727,18648,20530,13735,13864,14552,11902,12873,11995,10625,14058,12379,16151,19307,16469,12854,8263,8846,13965,16847,19166,13624,22881,2246,150,22848,1,32:18
2024-25,1631095,Jabari Smith Jr.,Jabari,1610612745,HOU,Houston Rockets,0022401123,2025-04-04T00:00:00,HOU vs. OKC,W,33.61333333333334,3.2,8.6,0.375,1.1,2.1,0.5,2.1,2.1,1.0,2.1,16.1,18.2,1.1,2.1,1.1,0.0,1.1,3.2,1.1,9.6,16.1,34.2,0,0,32.1,1,1,13086,1,4636,18966,19398,16299,14119,19286,3944,10158,12282,1,7791,429,852,19443,9769,11268,8263,7299,9808,17057,18507,5229,11676,2246,150,12278,1,33:37
2024-25,1630202,Payton Pritchard,Payton,1610612738,BOS,Boston Celtics,0022401120,2025-04-04T00:00:00,BOS vs. PHX,W,22.333333333333332,6.4,8.1,0.8,3.2,4.8,0.667,0.0,0.0,0.0,0.0,1.6,1.6,4.8,1.6,0.0,0.0,0.0,1.6,0.0,16.1,17.7,23.7,0,0,25.8,1,1,13086,1,14245,10317,20162,1688,5891,13608,1957,13505,14344,13505,14058,20652,22426,7823,12289,12854,8263,8846,16826,17725,11793,4650,19155,2246,150,17077,1,22:20
2024-25,1631232,Keion Brooks Jr.,Keion,1610612740,NOP,New Orleans Pelicans,0022401126,2025-04-04T00:00:00,NOP @ LAL,L,25.133333333333333,5.7,12.9,0.444,0.0,5.7,0.0,1.4,2.9,0.5,1.4,4.3,5.7,1.4,1.4,2.9,0.0,0.0,5.7,2.9,12.9,-15.8,29.1,0,0,25.8,1,13222,1,13222,11883,12327,12058,13045,15070,11381,15070,11948,10320,10625,10613,12817,12937,18227,13095,3498,8263,8846,3339,9711,15207,20179,15434,2246,150,17082,1,25:08
2024-25,1631212,Peyton Watson,Peyton,1610612743,DEN,Denver Nuggets,0022401125,2025-04-04T00:00:00,DEN @ GSW,L,32.626666666666665,2.2,6.6,0.333,0.0,2.2,0.0,0.0,0.0,0.0,0.0,3.3,3.3,0.0,1.1,0.0,0.0,0.0,2.2,0.0,4.4,-6.6,7.3,0,0,7.7,1,13222,1,13222,5463,21024,21991,17395,15070,19156,15070,13505,14344,13505,14058,15764,18971,19908,15111,12854,8263,8846,14063,17725,22338,16350,24785,2246,150,24802,1,32:38
2024-25,1629216,Gabe Vincent,Gabe,1610612747,LAL,Los Angeles Lakers,0022401126,2025-04-04T00:00:00,LAL vs. NOP,W,18.49,3.9,7.8,0.5,1.9,5.8,0.333,0.0,0.0,0.0,3.9,1.9,5.8,1.9,1.9,1.9,0.0,0.0,5.8,0.0,9.7,11.7,23.6,0,0,23.4,1,1,13086,1,17208,17341,20550,8526,10421,11104,9209,13505,14344,13505,3735,19834,12669,16573,10807,6522,8263,8846,3156,17725,18412,6940,19227,2246,150,18758,1,18:29
2024-25,1630171,Isaac Okoro,Isaac,1610612739,CLE,Cleveland Cavaliers,0022401124,2025-04-04T00:00:00,CLE @ SAS,W,19.766666666666666,5.5,10.9,0.5,0.0,3.6,0.0,0.0,0.0,0.0,1.8,5.5,7.3,0.0,0.0,0.0,0.0,1.8,1.8,0.0,10.9,10.9,19.7,0,0,18.2,1,1,13086,1,16206,13092,15482,8526,15070,16344,15070,13505,14344,13505,9164,9632,9599,19908,16469,12854,8263,3828,16076,17725,17237,7267,21329,2246,150,21767,1,19:46
2024-25,1630194,Paul Reed,Paul,1610612765,DET,Detroit Pistons,0022401121,2025-04-04T00:00:00,DET @ TOR,W,11.85,0.0,15.2,0.0,0.0,3.0,0.0,0.0,0.0,0.0,0.0,3.0,3.0,3.0,0.0,6.1,0.0,0.0,3.0,3.0,0.0,-9.1,26.4,0,0,18.2,1,1,13086,1,21361,22635,8271,22635,15070,17575,15070,13505,14344,13505,14058,16594,19611,12800,16469,452,8263,8846,10546,9103,23200,17482,17331,2246,150,21755,1,11:51
2024-25,1642269,Devin Carter,Devin,1610612758,SAC,Sacramento Kings,0022401118,2025-04-04T00:00:00,SAC @ CHA,W,13.89,0.0,5.2,0.0,0.0,2.6,0.0,0.0,0.0,0.0,0.0,0.0,0.0,2.6,2.6,0.0,0.0,0.0,15.6,5.2,0.0,36.3,1.3,0,0,2.6,1,1,13086,1,20253,22635,23333,22635,15070,18463,15070,13505,14344,13505,14058,22137,23286,14237,7910,12854,8263,8846,225,3796,23200,1263,25194,2246,150,25245,1,13:53
2024-25,1631099,Keegan Murray,Keegan,1610612758,SAC,Sacramento Kings,0022401118,2025-04-04T00:00:00,SAC @ CHA,W,25.333333333333332,2.8,11.4,0.25,1.4,8.5,0.167,0.0,0.0,0.0,0.0,4.3,4.3,2.8,1.4,1.4,2.8,1.4,0.0,1.4,7.1,14.2,27.9,0,0,24.2,1,1,13086,1,11714,19786,14711,20233,12362,5534,14236,13505,14344,13505,14058,12923,16634,13464,13164,8794,1888,5096,20257,15364,20627,5927,16331,2246,150,18232,1,25:20
2024-25,1629750,Javonte Green,Javonte,1610612739,CLE,Cleveland Cavaliers,0022401124,2025-04-04T00:00:00,CLE @ SAS,W,9.4,3.8,15.3,0.25,0.0,11.5,0.0,0.0,0.0,0.0,0.0,11.5,11.5,0.0,0.0,0.0,0.0,0.0,0.0,0.0,7.7,19.1,21.4,0,0,19.1,1,1,13086,1,22312,17495,8085,20233,15070,2106,15070,13505,14344,13505,14058,1635,3955,19908,16469,12854,8263,8846,20257,17725,20192,4212,20444,2246,150,21315,1,9:24
2024-25,203939,Dwight Powell,Dwight,1610612742,DAL,Dallas Mavericks,0022401127,2025-04-04T00:00:00,DAL @ LAC,L,12.0,0.0,0.0,0.0,0.0,0.0,0.0,0.0,0.0,0.0,0.0,6.0,6.0,3.0,0.0,0.0,0.0,0.0,0.0,3.0,0.0,-6.0,11.7,0,0,9.0,1,13222,1,13222,21228,22635,24836,22635,15070,20945,15070,13505,14344,13505,14058,8311,12271,12925,16469,12854,8263,8846,20257,9236,23200,16057,24085,2246,150,24606,1,12:00
2024-25,1631104,Blake Wesley,Blake,1610612759,SAS,San Antonio Spurs,0022401124,2025-04-04T00:00:00,SAS vs. CLE,L,15.716666666666667,0.0,16.0,0.0,0.0,9.2,0.0,4.6,9.2,0.5,4.6,0.0,4.6,0.0,2.3,4.6,0.0,0.0,4.6,4.6,4.6,-29.8,21.5,0,0,18.3,1,13222,1,13222,19121,22635,7063,22635,15070,4590,15070,4709,1786,10625,2821,22137,15851,19908,9118,1163,8263,8846,5589,4982,22246,23701,20392,2246,150,21700,1,15:43
2024-25,1628997,Caleb Martin,Caleb,1610612742,DAL,Dallas Mavericks,0022401127,2025-04-04T00:00:00,DAL @ LAC,L,17.65,0.0,2.0,0.0,0.0,0.0,0.0,0.0,0.0,0.0,0.0,2.0,2.0,0.0,4.1,2.0,0.0,2.0,6.1,0.0,0.0,-30.6,4.5,0,0,6.1,1,13222,1,13222,17819,22635,24751,22635,15070,20945,15070,13505,14344,13505,14058,19529,21720,19908,3715,6057,8263,3095,2799,17725,23200,23830,25051,2246,150,24995,1,17:39
2024-25,201988,Patty Mills,Patty,1610612746,LAC,LA Clippers,0022401127,2025-04-04T00:00:00,LAC vs. DAL,W,8.166666666666666,4.4,8.8,0.5,4.4,8.8,0.5,0.0,0.0,0.0,0.0,0.0,0.0,0.0,0.0,0.0,0.0,0.0,4.4,0.0,13.2,-52.9,13.2,0,0,17.6,1,1,13086,1,22752,16041,18989,8526,3219,5072,3944,13505,14344,13505,14058,22137,23286,19908,16469,12854,8263,8846,5999,17725,14844,25510,23713,2246,150,22014,1,8:10
2024-25,1630172,Patrick Williams,Patrick,1610612741,CHI,Chicago Bulls,0022401122,2025-04-04T00:00:00,CHI vs. POR,W,14.433333333333334,2.5,12.5,0.2,0.0,5.0,0.0,0.0,0.0,0.0,0.0,12.5,12.5,0.0,2.5,0.0,0.0,0.0,0.0,0.0,5.0,-7.5,17.5,0,0,17.5,1,1,13086,1,19928,20471,12775,21401,15070,13228,15070,13505,14344,13505,14058,1166,3144,19908,8268,12854,8263,8846,20257,17725,22015,16722,22309,2246,150,22096,1,14:26
2024-25,1641810,Antonio Reeves,Antonio,1610612740,NOP,New Orleans Pelicans,0022401126,2025-04-04T00:00:00,NOP @ LAL,L,23.016666666666666,6.3,15.6,0.4,3.1,10.9,0.286,0.0,0.0,0.0,0.0,0.0,0.0,0.0,1.6,0.0,0.0,0.0,3.1,0.0,15.6,-12.5,14.1,0,0,18.8,1,13222,1,13222,13711,10829,7635,14933,6142,2541,11433,13505,14344,13505,14058,22137,23286,19908,12487,12854,8263,8846,10176,17725,12273,18946,23483,2246,150,21500,1,23:01
2024-25,1641854,Craig Porter Jr.,Craig,1610612739,CLE,Cleveland Cavaliers,0022401124,2025-04-04T00:00:00,CLE @ SAS,W,6.15,0.0,0.0,0.0,0.0,0.0,0.0,11.7,11.7,1.0,0.0,5.9,5.9,5.9,0.0,0.0,0.0,0.0,0.0,5.9,11.7,41.0,27.5,0,0,23.4,1,1,13086,1,23541,22635,24836,22635,15070,20945,15070,373,829,1,14058,8656,12621,5753,16469,12854,8263,8846,20257,2810,16441,910,16573,2246,150,18725,1,6:09
2024-25,1628989,Kevin Huerter,Kevin,1610612741,CHI,Chicago Bulls,0022401122,2025-04-04T00:00:00,CHI vs. POR,W,34.25,3.2,10.5,0.3,3.2,7.4,0.429,0.0,0.0,0.0,0.0,2.1,2.1,1.1,1.1,0.0,1.1,0.0,2.1,0.0,9.5,0.0,15.7,0,0,17.9,1,1,13086,1,4058,19098,16203,19363,6082,7709,7394,13505,14344,13505,14058,19353,21604,19519,15480,12854,7126,8846,14603,17725,18678,12240,22969,2246,150,21926,1,34:15
2024-25,1641775,Jordan Walsh,Jordan,1610612738,BOS,Boston Celtics,0022401120,2025-04-04T00:00:00,BOS vs. PHX,W,1.8833333333333333,0.0,19.1,0.0,0.0,19.1,0.0,0.0,0.0,0.0,0.0,0.0,0.0,19.1,0.0,0.0,0.0,0.0,19.1,0.0,0.0,-19.1,28.7,0,0,19.1,1,1,13086,1,25524,22635,3648,22635,15070,279,15070,13505,14344,13505,14058,22137,23286,106,16469,12854,8263,8846,130,17725,23200,21266,15739,2246,150,21333,1,1:53
2024-25,203995,Vasilije Micić,Vasilije,1610612756,PHX,Phoenix Suns,0022401120,2025-04-04T00:00:00,PHX @ BOS,L,1.8833333333333333,0.0,0.0,0.0,0.0,0.0,0.0,0.0,0.0,0.0,0.0,0.0,0.0,19.1,0.0,0.0,0.0,0.0,0.0,0.0,0.0,19.1,28.7,0,0,19.1,1,13222,1,13222,25524,22635,24836,22635,15070,20945,15070,13505,14344,13505,14058,22137,23286,106,16469,12854,8263,8846,20257,17725,23200,4223,15739,2246,150,21333,1,1:53
2024-25,1630214,Xavier Tillman,Xavier,1610612738,BOS,Boston Celtics,0022401120,2025-04-04T00:00:00,BOS vs. PHX,W,1.8833333333333333,0.0,0.0,0.0,0.0,0.0,0.0,0.0,0.0,0.0,0.0,19.1,19.1,0.0,0.0,0.0,0.0,0.0,0.0,0.0,0.0,-19.1,22.9,0,0,19.1,1,1,13086,1,25524,22635,24836,22635,15070,20945,15070,13505,14344,13505,14058,199,666,19908,16469,12854,8263,8846,20257,17725,23200,21266,19595,2246,150,21333,1,1:53
2024-25,202691,Klay Thompson,Klay,1610612742,DAL,Dallas Mavericks,0022401127,2025-04-04T00:00:00,DAL @ LAC,L,12.516666666666667,2.9,8.6,0.333,0.0,2.9,0.0,0.0,0.0,0.0,0.0,0.0,0.0,0.0,2.9,0.0,0.0,0.0,5.8,0.0,5.8,-43.1,2.9,0,0,5.8,1,13222,1,13222,20981,19720,19307,17395,15070,17904,15070,13505,14344,13505,14058,22137,23286,19908,6936,12854,8263,8846,3310,17725,21564,25064,25131,2246,150,25033,1,12:31
2024-25,1641763,Julian Phillips,Julian,1610612741,CHI,Chicago Bulls,0022401122,2025-04-04T00:00:00,CHI vs. POR,W,5.283333333333333,0.0,0.0,0.0,0.0,0.0,0.0,0.0,0.0,0.0,0.0,0.0,0.0,6.8,0.0,0.0,0.0,0.0,0.0,0.0,0.0,34.1,10.2,0,0,6.8,1,1,13086,1,23869,22635,24836,22635,15070,20945,15070,13505,14344,13505,14058,22137,23286,4268,16469,12854,8263,8846,20257,17725,23200,1494,24378,2246,150,24914,1,5:17
2024-25,1630611,Gui Santos,Gui,1610612744,GSW,Golden State Warriors,0022401125,2025-04-04T00:00:00,GSW vs. DEN,W,10.873333333333333,0.0,3.3,0.0,0.0,3.3,0.0,0.0,0.0,0.0,6.6,3.3,9.9,6.6,0.0,3.3,0.0,0.0,0.0,0.0,0.0,16.6,31.8,0,0,23.2,1,1,13086,1,21767,22635,24388,22635,15070,17046,15070,13505,14344,13505,1313,15763,5512,4544,16469,2541,8263,8846,20257,17725,23200,5054,13488,2246,150,18869,1,10:52
2024-25,1641809,Drew Peterson,Drew,1610612738,BOS,Boston Celtics,0022401120,2025-04-04T00:00:00,BOS vs. PHX,W,1.8833333333333333,0.0,19.1,0.0,0.0,0.0,0.0,0.0,0.0,0.0,19.1,0.0,19.1,0.0,0.0,0.0,0.0,0.0,0.0,0.0,0.0,-19.1,22.9,0,0,19.1,1,1,13086,1,25524,22635,3648,22635,15070,20945,15070,13505,14344,13505,65,22137,666,19908,16469,12854,8263,8846,20257,17725,23200,21266,19595,2246,150,21333,1,1:53
2024-25,1628960,Grayson Allen,Grayson,1610612756,PHX,Phoenix Suns,0022401120,2025-04-04T00:00:00,PHX @ BOS,L,16.5,6.5,13.1,0.5,2.2,6.5,0.333,2.2,2.2,1.0,0.0,2.2,2.2,2.2,2.2,0.0,0.0,0.0,4.4,4.4,17.5,-17.5,21.2,0,0,24.0,1,13222,1,13222,18600,10075,11682,8526,9308,9437,9209,10021,12144,1,14058,19124,21451,15689,9588,12854,8263,8846,6115,5436,10374,20768,20615,2246,150,18317,1,16:30
2024-25,1629618,Jalen Pickett,Jalen,1610612743,DEN,Denver Nuggets,0022401125,2025-04-04T00:00:00,DEN @ GSW,L,23.973333333333333,4.5,10.5,0.429,3.0,9.0,0.333,0.0,0.0,0.0,0.0,1.5,1.5,4.5,0.0,0.0,1.5,0.0,1.5,0.0,12.0,-18.0,25.1,0,0,24.0,1,13222,1,13222,12926,15766,16199,13735,6493,4808,9209,13505,14344,13505,14058,20875,22570,8644,16469,12854,4849,8846,17212,17725,16118,20941,18231,2246,150,18308,1,23:58
2024-25,1642275,Tidjane Salaün,Tidjane,1610612766,CHA,Charlotte Hornets,0022401118,2025-04-04T00:00:00,CHA vs. SAC,L,28.883333333333333,3.7,15.0,0.25,2.5,8.7,0.286,6.2,6.2,1.0,2.5,3.7,6.2,2.5,0.0,0.0,0.0,1.2,1.2,5.0,16.2,-21.2,27.4,0,0,27.4,1,13222,1,13222,8775,17735,8669,20233,8165,5227,11433,2650,4199,1,6625,14499,11751,14566,16469,12854,8263,5950,18291,4143,11721,21884,16642,2246,150,15854,1,28:53
2024-25,1628983,Shai Gilgeous-Alexander,Shai,1610612760,OKC,Oklahoma City Thunder,0022401123,2025-04-04T00:00:00,OKC @ HOU,L,35.03333333333333,10.3,22.6,0.455,1.0,6.2,0.167,1.0,2.1,0.5,1.0,3.1,4.1,8.2,3.1,3.1,0.0,3.1,2.1,2.1,22.6,-6.2,46.0,0,0,42.1,1,13222,1,13222,3435,2935,1542,12676,14376,10282,14236,13151,12566,10625,13046,16455,17046,2678,6180,2970,8263,1248,14843,12827,5776,16137,4733,2246,150,5582,1,35:02
2024-25,1628970,Miles Bridges,Miles,1610612766,CHA,Charlotte Hornets,0022401118,2025-04-04T00:00:00,CHA vs. SAC,L,27.6,9.1,27.4,0.333,2.6,14.3,0.182,7.8,7.8,1.0,0.0,2.6,2.6,1.3,2.6,0.0,0.0,0.0,2.6,3.9,28.7,-32.6,31.2,0,0,35.2,1,13222,1,13222,9868,4485,453,17395,7794,841,14207,1494,2647,1,14058,17927,20623,18641,7841,12854,8263,8846,12392,6530,2529,24112,13926,2246,150,9933,1,27:36
2024-25,1642366,Quinten Post,Quinten,1610612744,GSW,Golden State Warriors,0022401125,2025-04-04T00:00:00,GSW vs. DEN,W,13.416666666666666,2.7,10.7,0.25,2.7,5.4,0.5,0.0,0.0,0.0,2.7,8.0,10.7,0.0,0.0,0.0,0.0,2.7,5.4,0.0,8.0,16.1,20.9,0,0,21.5,1,1,13086,1,20527,20122,15829,20233,7584,12294,3944,13505,14344,13505,6141,4628,4670,19908,16469,12854,8263,1766,3899,17725,19877,5214,20723,2246,150,19995,1,13:25
2024-25,203078,Bradley Beal,Bradley,1610612756,PHX,Phoenix Suns,0022401120,2025-04-04T00:00:00,PHX @ BOS,L,30.216666666666665,0.0,8.3,0.0,0.0,3.6,0.0,1.2,2.4,0.5,0.0,4.8,4.8,6.0,0.0,3.6,1.2,0.0,3.6,2.4,1.2,-27.4,30.1,0,0,21.4,1,13222,1,13222,7573,22635,19732,22635,15070,16503,15070,12625,11539,10625,14058,11529,15386,5578,16469,2130,6231,8846,8512,11419,23196,23323,14707,2246,150,20007,1,30:13
2024-25,1641824,Matas Buzelis,Matas,1610612741,CHI,Chicago Bulls,0022401122,2025-04-04T00:00:00,CHI vs. POR,W,33.56666666666667,5.4,10.7,0.5,2.1,4.3,0.5,0.0,1.1,0.0,2.1,10.7,12.9,1.1,3.2,0.0,3.2,0.0,2.1,1.1,12.9,8.6,36.4,1,0,35.4,1,1,13086,1,4670,13362,15846,8526,9482,14939,3944,13505,14082,13505,7779,2062,2895,19440,5772,12854,1458,8846,14384,17047,15224,8372,10113,1,150,9799,1,33:34
2024-25,1631323,Simone Fontecchio,Simone,1610612765,DET,Detroit Pistons,0022401121,2025-04-04T00:00:00,DET @ TOR,W,13.566666666666666,5.3,8.0,0.667,2.7,5.3,0.5,0.0,0.0,0.0,2.7,0.0,2.7,2.7,0.0,0.0,0.0,0.0,8.0,0.0,13.3,-13.3,20.4,0,0,21.2,1,1,13086,1,20447,13511,20326,3281,7674,12445,3944,13505,14344,13505,6220,22137,20531,14034,16469,12854,8263,8846,1383,17725,14788,19211,20969,2246,150,20144,1,13:34
2024-25,203110,Draymond Green,Draymond,1610612744,GSW,Golden State Warriors,0022401125,2025-04-04T00:00:00,GSW vs. DEN,W,30.295,4.8,9.5,0.5,0.0,2.4,0.0,0.0,1.2,0.0,0.0,3.6,3.6,3.6,2.4,1.2,1.2,0.0,3.6,5.9,9.5,16.6,23.9,0,0,21.4,1,1,13086,1,7508,15108,17939,8526,15070,18854,15070,13505,13905,13505,14058,15039,18411,11189,8742,10281,6249,8846,8546,2699,18630,5023,19027,2246,150,20031,1,30:18
2024-25,1630322,Lindy Waters III,Lindy,1610612765,DET,Detroit Pistons,0022401121,2025-04-04T00:00:00,DET @ TOR,W,7.983333333333333,4.5,13.5,0.333,4.5,9.0,0.5,0.0,0.0,0.0,0.0,0.0,0.0,9.0,0.0,4.5,0.0,4.5,0.0,0.0,13.5,13.5,40.6,0,0,36.1,1,1,13086,1,22816,15747,10959,17395,3051,4790,3944,13505,14344,13505,14058,22137,23286,2005,16469,1220,8263,482,20257,17725,14469,6194,7403,2246,150,9316,1,7:59
2024-25,203552,Seth Curry,Seth,1610612766,CHA,Charlotte Hornets,0022401118,2025-04-04T00:00:00,CHA vs. SAC,L,22.75,4.7,11.1,0.429,1.6,6.3,0.25,3.2,3.2,1.0,0.0,9.5,9.5,1.6,0.0,0.0,0.0,0.0,0.0,1.6,14.2,-9.5,28.0,0,0,26.9,1,13222,1,13222,13906,15116,15229,13735,11740,9921,11902,7399,9578,1,14058,3016,6072,17703,16469,12854,8263,8846,20257,14684,13677,17669,16230,2246,150,16225,1,22:45
2024-25,1641998,Trey Jemison III,Trey,1610612747,LAL,Los Angeles Lakers,0022401126,2025-04-04T00:00:00,LAL vs. NOP,W,4.966666666666667,0.0,0.0,0.0,0.0,0.0,0.0,0.0,0.0,0.0,0.0,7.2,7.2,0.0,7.2,7.2,0.0,0.0,7.2,0.0,0.0,-14.5,23.2,0,0,21.7,1,1,13086,1,24003,22635,24836,22635,15070,20945,15070,13505,14344,13505,14058,5909,9654,19908,794,268,8263,8846,1801,17725,23200,19704,19439,2246,150,19816,1,4:58
2024-25,1630581,Josh Giddey,Josh,1610612741,CHI,Chicago Bulls,0022401122,2025-04-04T00:00:00,CHI vs. POR,W,39.233333333333334,3.7,11.9,0.308,0.0,0.9,0.0,6.4,8.3,0.778,4.6,12.8,17.4,11.0,1.8,0.0,0.0,2.8,1.8,4.6,13.8,9.2,49.4,1,1,42.2,1,1,13086,1,800,17913,13715,19226,15070,20923,15070,2477,2350,8092,2817,1066,1029,998,11388,12854,8263,1666,16010,4972,14209,8101,3474,1,1,5543,1,39:14
2024-25,1629655,Daniel Gafford,Daniel,1610612742,DAL,Dallas Mavericks,0022401127,2025-04-04T00:00:00,DAL @ LAC,L,18.516666666666666,3.9,9.7,0.4,0.0,0.0,0.0,0.0,3.9,0.0,3.9,5.8,9.7,0.0,1.9,1.9,0.0,0.0,3.9,1.9,7.8,-7.8,23.3,0,0,21.4,1,13222,1,13222,17179,17355,17533,14933,15070,20945,15070,13505,8055,13505,3745,8718,5770,19908,10825,6539,8263,8846,7480,13341,20100,16871,19355,2246,150,20032,1,18:31
2024-25,1630193,Immanuel Quickley,Immanuel,1610612761,TOR,Toronto Raptors,0022401121,2025-04-04T00:00:00,TOR vs. DET,L,29.35,6.1,19.6,0.313,2.5,9.8,0.25,2.5,2.5,1.0,1.2,8.6,9.8,9.8,2.5,1.2,0.0,1.2,0.0,2.5,17.2,-8.6,44.9,0,0,41.7,1,13222,1,13222,8346,11135,3255,19175,8311,3715,11902,9190,11332,1,11625,3957,5658,1529,8438,9966,8263,6081,20257,11152,10661,17222,5226,2246,150,5797,1,29:21
2024-25,1630241,Sam Merrill,Sam,1610612739,CLE,Cleveland Cavaliers,0022401124,2025-04-04T00:00:00,CLE @ SAS,W,24.1,4.5,10.5,0.429,4.5,10.5,0.429,0.0,0.0,0.0,0.0,3.0,3.0,3.0,4.5,3.0,0.0,0.0,3.0,3.0,13.4,6.0,26.0,0,0,29.9,1,1,13086,1,12800,15834,16298,13735,3093,3020,7394,13505,14344,13505,14058,16778,19772,12975,3021,3186,8263,8846,10783,9301,14575,9631,17622,2246,150,14049,1,24:06
2024-25,1630695,Micah Potter,Micah,1610612762,UTA,Utah Jazz,0022401119,2025-04-04T00:00:00,UTA @ IND,L,24.033333333333335,6.0,6.0,1.0,1.5,1.5,1.0,0.0,0.0,0.0,0.0,10.5,10.5,1.5,1.5,1.5,0.0,0.0,1.5,0.0,13.5,-18.0,31.3,0,0,30.0,1,13222,1,13222,12869,11546,22613,1,12039,20271,1,13505,14344,13505,14058,2243,4922,17984,12749,8414,8263,8846,17223,17725,14527,20926,13820,2246,150,13973,1,24:02
2024-25,1629637,Jaxson Hayes,Jaxson,1610612747,LAL,Los Angeles Lakers,0022401126,2025-04-04T00:00:00,LAL vs. NOP,W,24.2,4.5,6.0,0.75,0.0,0.0,0.0,0.0,0.0,0.0,1.5,16.4,17.9,0.0,1.5,1.5,3.0,0.0,6.0,4.5,8.9,11.9,42.2,0,0,35.7,1,1,13086,1,12726,15878,22655,2107,15070,20945,15070,13505,14344,13505,10363,389,933,19908,12804,8464,1731,8846,3011,5217,19155,6834,6502,2246,150,9571,1,24:12
2024-25,1630577,Julian Champagnie,Julian,1610612759,SAS,San Antonio Spurs,0022401124,2025-04-04T00:00:00,SAS vs. CLE,L,27.65,6.5,11.7,0.556,2.6,7.8,0.333,3.9,3.9,1.0,0.0,7.8,7.8,0.0,1.3,0.0,0.0,0.0,1.3,3.9,19.5,-5.2,27.6,0,0,29.9,1,13222,1,13222,9830,10169,14073,7248,7814,6777,9209,5867,8031,1,14058,4990,8592,19908,13789,12854,8263,8846,18020,6546,8333,15704,16496,2246,150,13981,1,27:39
2024-25,1630192,Zeke Nnaji,Zeke,1610612743,DEN,Denver Nuggets,0022401125,2025-04-04T00:00:00,DEN @ GSW,L,6.675,0.0,0.0,0.0,0.0,0.0,0.0,0.0,0.0,0.0,0.0,0.0,0.0,0.0,5.4,10.8,0.0,0.0,5.4,0.0,0.0,-16.2,27.0,0,0,21.6,1,13222,1,13222,23296,22635,24836,22635,15070,20945,15070,13505,14344,13505,14058,22137,23286,19908,1907,101,8263,8846,3860,17725,23200,20316,16977,2246,150,19916,1,6:41
2024-25,1628392,Isaiah Hartenstein,Isaiah,1610612760,OKC,Oklahoma City Thunder,0022401123,2025-04-04T00:00:00,OKC @ HOU,L,28.115,10.2,11.5,0.889,0.0,0.0,0.0,0.0,1.3,0.0,3.8,5.1,9.0,5.1,1.3,1.3,2.6,1.3,5.1,2.6,20.5,-15.4,49.2,0,0,42.3,1,13222,1,13222,9454,2973,14433,1318,15070,20945,15070,13505,13759,13505,3819,10497,6798,7200,13907,9579,2275,5753,4342,10757,7507,20036,3554,2246,150,5520,1,28:07
2024-25,1629614,Andrew Nembhard,Andrew,1610612754,IND,Indiana Pacers,0022401119,2025-04-04T00:00:00,IND vs. UTA,W,26.783333333333335,6.7,9.4,0.714,0.0,2.7,0.0,1.3,1.3,1.0,0.0,8.1,8.1,4.0,1.3,0.0,0.0,0.0,1.3,2.7,14.8,8.1,29.2,0,0,26.9,1,1,13086,1,10503,9644,18098,2752,15070,18284,15070,12188,13672,1,14058,4613,8147,9860,13600,12854,8263,8846,17851,10343,13132,8604,15382,2246,150,16247,1,26:47
2024-25,1627741,Buddy Hield,Buddy,1610612744,GSW,Golden State Warriors,0022401125,2025-04-04T00:00:00,GSW vs. DEN,W,16.746666666666666,4.3,12.9,0.333,2.1,6.4,0.333,0.0,0.0,0.0,4.3,0.0,4.3,0.0,2.1,0.0,2.1,2.1,2.1,0.0,10.7,-6.4,20.2,0,0,21.5,1,1,13086,1,18427,16325,12042,17395,9460,9652,9209,13505,14344,13505,3167,22137,16536,19908,9728,12854,3073,2768,14359,17725,17418,16268,21057,2246,150,19962,1,16:45
2024-25,201143,Al Horford,Al,1610612738,BOS,Boston Celtics,0022401120,2025-04-04T00:00:00,BOS vs. PHX,W,24.683333333333334,4.4,7.3,0.6,1.5,4.4,0.333,0.0,0.0,0.0,0.0,4.4,4.4,2.9,0.0,0.0,1.5,0.0,1.5,0.0,10.2,-10.2,24.2,0,0,21.9,1,1,13086,1,12289,16137,21216,5394,12219,14748,9209,13505,14344,13505,14058,12587,16346,13218,16469,12854,5009,8846,17405,17725,17943,17981,18802,2246,150,19740,1,24:41
2024-25,1628401,Derrick White,Derrick,1610612738,BOS,Boston Celtics,0022401120,2025-04-04T00:00:00,BOS vs. PHX,W,32.583333333333336,4.4,9.9,0.444,4.4,8.8,0.5,0.0,0.0,0.0,1.1,8.8,9.9,7.7,2.2,0.0,0.0,0.0,1.1,0.0,13.3,30.9,34.6,0,0,35.4,1,1,13086,1,5492,16013,17164,13045,3206,5044,3944,13505,14344,13505,12431,3680,5499,3148,9473,12854,8263,8846,19073,17725,14797,1841,11390,2246,150,9834,1,32:35
2024-25,203471,Dennis Schröder,Dennis,1610612765,DET,Detroit Pistons,0022401121,2025-04-04T00:00:00,DET @ TOR,W,35.5,5.1,13.2,0.385,1.0,5.1,0.2,5.1,6.1,0.833,1.0,3.0,4.1,7.1,5.1,1.0,0.0,0.0,0.0,6.1,16.2,8.1,29.7,0,0,30.4,1,1,13086,1,3067,14176,11511,16070,14463,13024,13429,3932,4366,7275,13140,16576,17169,3887,2253,11822,8263,8846,20257,2516,11692,8578,15018,2246,150,13610,1,35:30
2024-25,203501,Tim Hardaway Jr.,Tim,1610612765,DET,Detroit Pistons,0022401121,2025-04-04T00:00:00,DET @ TOR,W,38.983333333333334,7.4,12.9,0.571,4.6,8.3,0.556,1.8,1.8,1.0,0.0,2.8,2.8,0.0,0.9,0.9,0.0,0.0,0.9,0.9,21.2,21.2,26.4,0,0,30.5,1,1,13086,1,888,8039,11982,6538,2860,5895,3747,11126,13117,1,14058,17507,20320,19908,16270,12545,8263,8846,20085,17616,6894,3642,17341,2246,150,13564,1,38:59
2024-25,1642261,Dalton Knecht,Dalton,1610612747,LAL,Los Angeles Lakers,0022401126,2025-04-04T00:00:00,LAL vs. NOP,W,20.3,8.9,17.7,0.5,3.5,10.6,0.333,0.0,0.0,0.0,1.8,0.0,1.8,0.0,1.8,0.0,0.0,0.0,0.0,0.0,21.3,21.3,21.6,0,0,26.6,1,1,13086,1,15787,4934,4974,8526,5040,2836,9209,13505,14344,13505,9341,22137,22200,19908,11655,12854,8263,8846,20257,17725,6843,3626,20344,2246,150,16465,1,20:18
2024-25,1628998,Cody Martin,Cody,1610612756,PHX,Phoenix Suns,0022401120,2025-04-04T00:00:00,PHX @ BOS,L,15.976666666666667,2.3,9.0,0.25,0.0,2.3,0.0,4.5,4.5,1.0,4.5,6.8,11.3,2.3,2.3,0.0,2.3,2.3,2.3,2.3,9.0,-27.0,30.4,0,0,27.0,1,13222,1,13222,18950,20941,18694,20233,15070,19078,15070,4829,6830,1,2916,6772,4180,15423,9294,12854,2833,2543,13862,11925,19063,23247,14484,2246,150,16124,1,15:59
2024-25,1641708,Amen Thompson,Amen,1610612745,HOU,Houston Rockets,0022401123,2025-04-04T00:00:00,HOU vs. OKC,W,38.11333333333334,5.7,8.5,0.667,1.9,1.9,1.0,1.9,1.9,1.0,1.9,5.7,7.6,5.7,2.8,0.9,1.9,0.0,2.8,0.9,15.1,10.4,38.3,0,0,35.9,1,1,13086,1,1324,12518,19490,3281,10685,19759,1,10992,13009,1,8867,9127,9058,6110,7099,12407,3797,8846,11492,17558,12796,7518,8809,2246,150,9455,1,38:07
2024-25,1631106,Tari Eason,Tari,1610612745,HOU,Houston Rockets,0022401123,2025-04-04T00:00:00,HOU vs. OKC,W,17.583333333333332,4.1,20.5,0.2,2.0,8.2,0.25,0.0,0.0,0.0,4.1,4.1,8.2,2.0,0.0,0.0,2.0,2.0,2.0,0.0,10.2,-4.1,29.3,0,0,26.6,1,1,13086,1,17865,16857,2652,21401,9924,6097,11902,13505,14344,13505,3457,13430,7948,16199,16469,12854,3352,3066,14889,17725,17906,15118,15303,2246,150,16452,1,17:35
2024-25,1631303,Justin Minaya,Justin,1610612757,POR,Portland Trail Blazers,0022401122,2025-04-04T00:00:00,POR @ CHI,L,10.416666666666666,3.5,3.5,1.0,0.0,0.0,0.0,0.0,0.0,0.0,0.0,3.5,3.5,3.5,3.5,3.5,0.0,0.0,10.4,0.0,6.9,-13.8,23.2,0,0,20.7,1,13222,1,13222,21954,18411,24329,1,15070,20945,15070,13505,14344,13505,14058,15359,18646,11530,5112,2299,8263,8846,634,17725,20782,19433,19458,2246,150,20442,1,10:25
2024-25,203484,Kentavious Caldwell-Pope,Kentavious,1610612753,ORL,Orlando Magic,0022401112,2025-04-03T00:00:00,ORL @ WAS,W,32.85,3.3,4.4,0.75,1.1,2.2,0.5,6.6,6.6,1.0,0.0,3.3,3.3,5.5,1.1,2.2,1.1,0.0,1.1,4.4,14.2,5.5,35.2,0,0,30.7,1,1,13086,1,5284,18787,23867,2107,13964,19183,3944,2345,3803,1,14058,15830,19021,6471,15160,5433,6818,8846,19126,5396,13666,9857,10949,2246,150,13406,1,32:51
2024-25,1630558,Davion Mitchell,Davion,1610612748,MIA,Miami Heat,0022401114,2025-04-03T00:00:00,MIA vs. MEM,L,37.0,2.9,7.8,0.375,2.9,4.9,0.6,1.9,1.9,1.0,0.0,3.9,3.9,6.8,1.9,2.9,0.0,1.0,2.9,3.9,10.7,2.9,32.4,0,0,30.2,1,13222,1,13222,1988,19605,20553,16299,6798,13516,2992,10816,12869,1,14058,14045,17588,4278,10811,3350,8263,8164,11095,6586,17472,11165,13011,2246,150,13825,1,37:00
2024-25,1630215,Jared Butler,Jared,1610612755,PHI,Philadelphia 76ers,0022401115,2025-04-03T00:00:00,PHI vs. MIL,L,31.3,5.8,13.8,0.417,3.5,8.1,0.429,1.2,1.2,1.0,0.0,1.2,1.2,4.6,2.3,1.2,1.2,2.3,1.2,1.2,16.1,-6.9,29.0,0,0,29.9,1,13222,1,13222,6607,12264,10485,14532,5253,6363,7394,12754,13964,1,14058,21629,23008,8408,9066,10575,6486,2427,18814,16647,11818,16473,15500,2246,150,14024,1,31:18
2024-25,1630553,Keon Johnson,Keon,1610612751,BKN,Brooklyn Nets,0022401113,2025-04-03T00:00:00,BKN vs. MIN,L,25.383333333333333,4.3,5.7,0.75,2.8,4.3,0.667,0.0,0.0,0.0,0.0,1.4,1.4,5.7,1.4,0.0,0.0,0.0,1.4,2.8,11.3,-14.2,20.1,0,0,21.3,1,13222,1,13222,11666,16453,22925,2107,7093,15003,1957,13505,14344,13505,14058,21044,22667,6093,13182,12854,8263,8846,17546,9833,16845,19577,21087,2246,150,20114,1,25:23
2024-25,1642348,Justin Edwards,Justin,1610612755,PHI,Philadelphia 76ers,0022401115,2025-04-03T00:00:00,PHI vs. MIL,L,32.153333333333336,3.4,10.1,0.333,1.1,4.5,0.25,1.1,2.2,0.5,1.1,7.8,9.0,3.4,1.1,2.2,0.0,1.1,1.1,1.1,9.0,-14.6,30.3,0,0,26.9,1,13222,1,13222,5845,18629,16927,17395,13844,14498,11902,12860,11972,10625,12332,4960,6813,11795,15011,5249,8263,6880,18991,16826,19129,19731,14543,2246,150,16252,1,32:09
2024-25,1630183,Jaden McDaniels,Jaden,1610612750,MIN,Minnesota Timberwolves,0022401113,2025-04-03T00:00:00,MIN @ BKN,W,33.178333333333335,3.3,6.5,0.5,0.0,2.2,0.0,2.2,2.2,1.0,1.1,3.3,4.3,2.2,1.1,1.1,2.2,0.0,0.0,1.1,8.7,8.7,25.8,0,0,21.7,1,1,13086,1,5006,18874,22100,8526,15070,19223,15070,10051,12182,1,12594,15922,16439,15728,15239,11146,3018,8846,20257,16977,19371,8327,17727,2246,150,19841,1,33:11
2024-25,1641727,Dariq Whitehead,Dariq,1610612751,BKN,Brooklyn Nets,0022401113,2025-04-03T00:00:00,BKN vs. MIN,L,26.133333333333333,6.9,17.9,0.385,6.9,12.4,0.556,2.8,2.8,1.0,1.4,2.8,4.1,1.4,0.0,0.0,0.0,2.8,2.8,4.1,23.4,-5.5,30.4,0,0,35.8,1,13222,1,13222,11058,9195,4800,16070,799,1575,3747,8448,10598,1,10846,17546,16997,18411,16469,12854,8263,1660,11817,5978,5186,15839,14463,2246,150,9508,1,26:08
2024-25,1641798,Jaylen Martin,Jaylen,1610612764,WAS,Washington Wizards,0022401112,2025-04-03T00:00:00,WAS vs. ORL,L,21.833333333333332,3.3,11.5,0.286,1.6,3.3,0.5,3.3,3.3,1.0,0.0,3.3,3.3,1.6,0.0,1.6,0.0,1.6,1.6,1.6,11.5,-37.9,22.9,0,0,21.4,1,13222,1,13222,14630,18762,14405,19630,11540,17076,3944,7114,9315,1,14058,15800,18994,17511,16469,7820,8263,4302,16711,14456,16626,24691,19612,2246,150,20013,1,21:50
2024-25,1642266,Ja'Kobe Walter,Ja'Kobe,1610612761,TOR,Toronto Raptors,0022401116,2025-04-03T00:00:00,TOR vs. POR,L,29.7,3.6,10.9,0.333,1.2,4.8,0.25,2.4,2.4,1.0,3.6,4.8,8.5,3.6,1.2,1.2,0.0,1.2,3.6,1.2,10.9,7.3,29.0,0,0,26.7,1,13222,1,13222,8039,17993,15513,17395,13304,13568,11902,9265,11412,1,4149,11283,7493,10977,14352,10072,8263,6176,8304,16344,17253,9004,15509,2246,150,16410,1,29:42
2024-25,1641871,Duop Reath,Duop,1610612757,POR,Portland Trail Blazers,0022401116,2025-04-03T00:00:00,POR @ TOR,W,6.016666666666667,6.0,6.0,1.0,0.0,0.0,0.0,0.0,0.0,0.0,6.0,0.0,6.0,6.0,0.0,6.0,0.0,0.0,0.0,0.0,12.0,35.9,46.1,0,0,35.9,1,1,13086,1,23591,11564,22624,1,15070,20945,15070,13505,14344,13505,1633,22137,12327,5527,16469,479,8263,8846,20257,17725,16176,1302,4717,2246,150,9451,1,6:01
2024-25,1642259,Alex Sarr,Alex,1610612764,WAS,Washington Wizards,0022401112,2025-04-03T00:00:00,WAS vs. ORL,L,32.083333333333336,4.5,18.0,0.25,0.0,5.6,0.0,2.2,2.2,1.0,1.1,5.6,6.7,6.7,3.4,1.1,0.0,1.1,2.2,2.2,11.2,2.2,29.4,0,0,26.9,1,13222,1,13222,5901,15819,4749,20233,15070,11693,15070,9797,11952,1,12316,9285,10671,4379,5318,10849,8263,6857,13903,11968,16980,11490,15216,2246,150,16208,1,32:05
2024-25,1641710,Anthony Black,Anthony,1610612753,ORL,Orlando Magic,0022401112,2025-04-03T00:00:00,ORL @ WAS,W,22.683333333333334,4.8,15.9,0.3,0.0,4.8,0.0,0.0,1.6,0.0,1.6,3.2,4.8,6.3,0.0,1.6,3.2,0.0,3.2,3.2,9.5,19.0,39.0,0,0,30.2,1,1,13086,1,13966,15080,7309,19363,15070,13806,15070,13505,13408,13505,9972,16179,15400,4934,16469,8034,1501,8846,9985,8653,18614,4246,8377,2246,150,13835,1,22:41
2024-25,1641720,Jalen Hood-Schifino,Jalen,1610612755,PHI,Philadelphia 76ers,0022401115,2025-04-03T00:00:00,PHI vs. MIL,L,18.833333333333332,5.7,9.6,0.6,1.9,5.7,0.333,0.0,0.0,0.0,0.0,5.7,5.7,5.7,0.0,0.0,0.0,0.0,5.7,0.0,13.4,0.0,28.9,0,0,26.8,1,13222,1,13222,16944,12314,17834,5394,10584,11375,9209,13505,14344,13505,14058,8957,12931,5981,16469,12854,8263,8846,3336,17725,14642,12240,15591,2246,150,16349,1,18:50
2024-25,202709,Cory Joseph,Cory,1610612753,ORL,Orlando Magic,0022401112,2025-04-03T00:00:00,ORL @ WAS,W,25.316666666666666,4.3,8.5,0.5,2.8,7.1,0.4,0.0,0.0,0.0,0.0,2.8,2.8,1.4,0.0,1.4,0.0,0.0,1.4,1.4,11.4,0.0,21.2,0,0,21.3,1,1,13086,1,11729,16410,19444,8526,7070,8235,7874,13505,14344,13505,14058,17258,20133,18260,16469,8787,8263,8846,17533,15357,16816,12240,20601,2246,150,20084,1,25:19
2024-25,201939,Stephen Curry,Stephen,1610612744,GSW,Golden State Warriors,0022401117,2025-04-03T00:00:00,GSW @ LAL,W,34.266666666666666,10.5,22.1,0.476,4.2,11.6,0.364,13.7,14.7,0.929,1.1,2.1,3.2,6.3,2.1,0.0,0.0,1.1,1.1,10.5,38.9,-1.1,50.0,0,0,52.5,1,1,13086,1,4042,2710,1790,12010,3555,2062,9100,226,375,6719,12870,19356,19365,5011,9989,12854,8263,7484,19406,331,530,13574,3270,2246,150,1921,1,34:16
2024-25,1631101,Shaedon Sharpe,Shaedon,1610612757,POR,Portland Trail Blazers,0022401116,2025-04-03T00:00:00,POR @ TOR,W,34.083333333333336,14.8,24.3,0.609,4.2,10.6,0.4,4.2,4.2,1.0,0.0,7.4,7.4,5.3,1.1,2.1,0.0,0.0,1.1,3.2,38.0,18.0,60.1,0,0,59.1,1,1,13086,1,4178,536,980,5384,3521,2922,7874,5303,7368,1,14058,5699,9385,6866,15453,5730,8263,8846,19372,8670,610,4574,1184,2246,150,901,1,34:05
2024-25,1630205,Lamar Stevens,Lamar,1610612763,MEM,Memphis Grizzlies,0022401114,2025-04-03T00:00:00,MEM @ MIA,W,1.7666666666666666,0.0,0.0,0.0,0.0,0.0,0.0,0.0,0.0,0.0,0.0,0.0,0.0,0.0,0.0,20.4,0.0,0.0,0.0,0.0,0.0,20.4,61.1,0,0,40.8,1,1,13086,1,25637,22635,24836,22635,15070,20945,15070,13505,14344,13505,14058,22137,23286,19908,16469,23,8263,8846,20257,17725,23200,3845,1057,2246,150,6347,1,1:46
2024-25,1631094,Paolo Banchero,Paolo,1610612753,ORL,Orlando Magic,0022401112,2025-04-03T00:00:00,ORL @ WAS,W,38.95,10.2,22.2,0.458,2.8,4.6,0.6,7.4,9.2,0.8,2.8,13.9,16.6,7.4,3.7,0.0,0.9,0.9,0.0,6.5,30.5,6.5,60.6,1,0,59.2,1,1,13086,1,899,3051,1740,12650,7313,14154,2992,1739,1743,7681,5923,793,1228,3519,4564,12854,7987,8535,20257,2113,1925,9384,1119,1,150,900,1,38:57
2024-25,1642267,Bub Carrington,Bub,1610612764,WAS,Washington Wizards,0022401112,2025-04-03T00:00:00,WAS vs. ORL,L,36.63333333333333,11.8,17.7,0.667,6.9,9.8,0.7,1.0,1.0,1.0,1.0,7.9,8.8,6.9,1.0,0.0,0.0,0.0,2.9,1.0,31.4,-4.9,51.4,0,0,54.0,1,13222,1,13222,2264,1669,5027,3281,804,3696,1937,13281,14239,1,13395,4925,6955,4166,15955,12854,8263,8846,10940,17445,1650,15536,2869,2246,150,1611,1,36:38
2024-25,2544,LeBron James,LeBron,1610612747,LAL,Los Angeles Lakers,0022401117,2025-04-03T00:00:00,LAL vs. GSW,L,39.85,9.0,13.6,0.667,4.5,7.2,0.625,7.2,8.1,0.889,0.9,3.6,4.5,8.1,3.6,0.9,0.9,0.0,1.8,3.6,29.8,-0.9,49.2,0,0,50.6,1,13222,1,13222,600,4642,10921,3281,3039,7993,2868,1851,2424,6857,13895,14887,16013,2760,4750,12652,8076,8846,16150,7355,2155,13468,3530,2246,150,2366,1,39:51
2024-25,203497,Rudy Gobert,Rudy,1610612750,MIN,Minnesota Timberwolves,0022401113,2025-04-03T00:00:00,MIN @ BKN,W,35.906666666666666,9.0,10.0,0.9,0.0,0.0,0.0,3.0,6.0,0.5,4.0,14.0,18.0,1.0,0.0,0.0,2.0,0.0,2.0,4.0,21.1,14.0,50.2,1,0,44.1,1,1,13086,1,2752,4666,17006,1303,15070,20945,15070,7782,4452,10625,3583,758,886,19668,16469,12854,3479,8846,15118,6283,7043,5991,3207,1,150,4634,1,35:54
2024-25,1630166,Deni Avdija,Deni,1610612757,POR,Portland Trail Blazers,0022401116,2025-04-03T00:00:00,POR @ TOR,W,33.475,10.8,21.5,0.5,2.2,6.5,0.333,4.3,4.3,1.0,7.5,8.6,16.1,6.5,7.5,2.2,2.2,0.0,2.2,4.3,28.0,2.2,62.4,1,0,61.3,1,1,13086,1,4757,2449,2024,8526,9453,9643,9209,5149,7206,1,940,3934,1384,4784,701,5593,3069,8846,14356,5583,2804,11538,930,1,150,708,1,33:29
2024-25,1630162,Anthony Edwards,Anthony,1610612750,MIN,Minnesota Timberwolves,0022401113,2025-04-03T00:00:00,MIN @ BKN,W,32.0,11.3,16.9,0.667,5.6,11.3,0.5,3.4,5.6,0.6,1.1,4.5,5.6,3.4,2.3,2.3,1.1,0.0,3.4,5.6,31.5,19.1,51.2,0,0,52.9,1,1,13086,1,5961,2052,5941,3281,1645,2291,3944,6948,5010,10343,12295,12261,13224,11752,9307,5217,6636,8846,9166,3158,1640,4220,2935,2246,150,1831,1,32:00
2024-25,1641764,Brandin Podziemski,Brandin,1610612744,GSW,Golden State Warriors,0022401117,2025-04-03T00:00:00,GSW @ LAL,W,35.56666666666667,10.1,17.2,0.588,8.1,10.1,0.8,0.0,0.0,0.0,3.0,5.1,8.1,6.1,1.0,1.0,0.0,0.0,2.0,3.0,28.3,5.1,49.2,0,0,52.6,1,1,13086,1,3020,3087,5571,6229,436,3354,1389,13505,14344,13505,5255,10694,8103,5361,15763,11841,8263,8846,14997,9109,2656,10076,3542,2246,150,1895,1,35:34
2024-25,1629130,Duncan Robinson,Duncan,1610612748,MIA,Miami Heat,0022401114,2025-04-03T00:00:00,MIA vs. MEM,L,10.806666666666667,6.7,16.7,0.4,6.7,10.0,0.667,0.0,0.0,0.0,3.3,6.7,10.0,0.0,0.0,3.3,0.0,3.3,3.3,0.0,20.0,0.0,42.0,0,0,43.3,1,13222,1,13222,21795,9795,6234,14933,917,3481,1957,13505,14344,13505,4683,6977,5437,19908,16469,2498,8263,1044,9336,17725,7930,12240,6634,2246,150,4995,1,10:48
2024-25,1630534,Ochai Agbaji,Ochai,1610612761,TOR,Toronto Raptors,0022401116,2025-04-03T00:00:00,TOR vs. POR,L,21.4,10.1,18.5,0.545,5.0,8.4,0.6,0.0,0.0,0.0,1.7,3.4,5.0,1.7,0.0,3.4,0.0,0.0,1.7,3.4,25.2,-13.5,43.9,0,0,43.7,1,13222,1,13222,14991,3115,4211,7695,2215,5723,2992,13505,14344,13505,9638,15607,14676,17417,16469,2450,8263,8846,16593,8059,4098,19288,5716,2246,150,4812,1,21:24
2024-25,1630639,A.J. Lawson,A.J.,1610612761,TOR,Toronto Raptors,0022401116,2025-04-03T00:00:00,TOR vs. POR,L,17.9,12.1,16.1,0.75,2.0,4.0,0.5,0.0,2.0,0.0,2.0,4.0,6.0,8.0,6.0,4.0,0.0,0.0,8.0,4.0,26.1,10.1,51.5,0,0,50.3,1,13222,1,13222,17630,1482,6983,2107,10115,15527,3944,13505,12694,13505,8339,13651,12200,2843,1358,1610,8263,8846,1344,6243,3609,7673,2843,2246,150,2454,1,17:54
2024-25,1629651,Nic Claxton,Nic,1610612751,BKN,Brooklyn Nets,0022401113,2025-04-03T00:00:00,BKN vs. MIN,L,23.633333333333333,13.7,15.2,0.9,0.0,0.0,0.0,0.0,0.0,0.0,0.0,9.1,9.1,7.6,1.5,3.0,0.0,0.0,3.0,1.5,27.4,-18.3,57.4,0,0,50.3,1,13222,1,13222,13200,785,8198,1303,15070,20945,15070,13505,14344,13505,14058,3369,6519,3263,12647,3057,8263,8846,10502,14906,3012,21010,1570,2246,150,2456,1,23:38
2024-25,1630568,Luka Garza,Luka,1610612750,MIN,Minnesota Timberwolves,0022401113,2025-04-03T00:00:00,MIN @ BKN,W,1.5166666666666666,23.7,23.7,1.0,0.0,0.0,0.0,23.7,47.5,0.5,0.0,23.7,23.7,0.0,0.0,0.0,0.0,0.0,0.0,23.7,71.2,0.0,99.7,0,0,94.9,1,1,13086,1,25778,83,1137,1,15070,20945,15070,52,19,10625,14058,91,230,19908,16469,12854,8263,8846,20257,25,53,12240,68,2246,150,74,1,1:31
2024-25,1641753,Chris Livingston,Chris,1610612749,MIL,Milwaukee Bucks,0022401115,2025-04-03T00:00:00,MIL @ PHI,W,1.0833333333333333,0.0,66.5,0.0,0.0,0.0,0.0,0.0,0.0,0.0,33.2,33.2,66.5,0.0,0.0,0.0,0.0,33.2,0.0,0.0,0.0,-66.5,79.8,0,0,66.5,1,1,13086,1,26029,22635,8,22635,15070,20945,15070,13505,14344,13505,12,25,9,19908,16469,12854,8263,4,20257,17725,23200,25819,196,2246,150,414,1,1:05
2024-25,203507,Giannis Antetokounmpo,Giannis,1610612749,MIL,Milwaukee Bucks,0022401115,2025-04-03T00:00:00,MIL @ PHI,W,38.733333333333334,11.2,17.7,0.632,0.9,0.9,1.0,9.3,10.2,0.909,1.9,13.9,15.8,18.6,1.9,1.9,0.0,0.0,0.0,9.3,32.5,21.4,83.1,1,1,71.6,1,1,13086,1,993,2139,5062,4871,14871,20912,1,908,1284,6764,8994,772,1484,121,11279,6979,8263,8846,20257,573,1408,3606,154,1,1,289,1,38:44
2024-25,1629638,Nickeil Alexander-Walker,Nickeil,1610612750,MIN,Minnesota Timberwolves,0022401113,2025-04-03T00:00:00,MIN @ BKN,W,28.071666666666665,5.1,9.0,0.571,2.6,6.4,0.4,3.8,5.1,0.75,2.6,2.6,5.1,6.4,1.3,1.3,3.8,0.0,1.3,2.6,16.7,12.8,46.6,0,0,41.0,1,1,13086,1,9486,14011,18760,6538,7933,9724,7874,5984,5714,8186,6442,18024,14443,4838,13891,9567,1009,8846,18114,10747,11201,6460,4512,2246,150,6176,1,28:04
2024-25,1629639,Tyler Herro,Tyler,1610612748,MIA,Miami Heat,0022401114,2025-04-03T00:00:00,MIA vs. MEM,L,37.13666666666666,11.6,22.3,0.522,3.9,6.8,0.571,6.8,6.8,1.0,1.9,6.8,8.7,3.9,2.9,0.0,1.0,0.0,1.9,2.9,33.9,1.0,50.2,0,0,52.3,1,13222,1,13222,1897,1780,1681,8473,4247,8931,3506,2172,3577,1,8671,6728,7133,10290,6808,12854,7695,8846,15470,9568,1135,12177,3211,2246,150,1961,1,37:08
2024-25,1630551,Justin Champagnie,Justin,1610612764,WAS,Washington Wizards,0022401112,2025-04-03T00:00:00,WAS vs. ORL,L,23.083333333333332,6.2,9.4,0.667,0.0,3.1,0.0,0.0,0.0,0.0,1.6,0.0,1.6,0.0,0.0,1.6,1.6,0.0,1.6,1.6,12.5,4.7,23.7,0,0,20.3,1,13222,1,13222,13647,10867,18185,3281,15070,17424,15070,13505,14344,13505,10081,22137,22492,19908,16469,8156,4676,8846,17003,14756,15624,10296,19149,2246,150,20705,1,23:05
2024-25,1641741,Ricky Council IV,Ricky,1610612755,PHI,Philadelphia 76ers,0022401115,2025-04-03T00:00:00,PHI vs. MIL,L,16.033333333333335,2.2,11.2,0.2,0.0,2.2,0.0,4.5,4.5,1.0,4.5,6.7,11.2,0.0,2.2,0.0,0.0,0.0,2.2,4.5,9.0,-24.7,20.2,0,0,20.2,1,13222,1,13222,18900,20955,14984,21401,15070,19089,15070,4852,6861,1,2933,6820,4215,19908,9325,12854,8263,8846,13898,5166,19107,22746,21056,2246,150,20744,1,16:02
2024-25,1626172,Kevon Looney,Kevon,1610612744,GSW,Golden State Warriors,0022401117,2025-04-03T00:00:00,GSW @ LAL,W,8.308333333333334,4.3,4.3,1.0,0.0,0.0,0.0,0.0,0.0,0.0,0.0,4.3,4.3,0.0,0.0,0.0,0.0,0.0,0.0,0.0,8.7,0.0,13.9,0,0,13.0,1,1,13086,1,22709,16238,23899,1,15070,20945,15070,13505,14344,13505,14058,12704,16449,19908,16469,12854,8263,8846,20257,17725,19382,12240,23531,2246,150,23717,1,8:19
2024-25,1642377,Jaylen Wells,Jaylen,1610612763,MEM,Memphis Grizzlies,0022401114,2025-04-03T00:00:00,MEM @ MIA,W,26.06833333333333,6.9,9.7,0.714,2.8,5.5,0.5,1.4,2.8,0.5,2.8,6.9,9.7,4.1,1.4,0.0,0.0,0.0,1.4,4.1,18.0,5.5,34.4,0,0,34.5,1,1,13086,1,11111,9148,17636,2752,7350,11906,3944,12069,10583,10625,5948,6523,5846,9538,13400,12854,8263,8846,17700,5958,9891,9832,11523,2246,150,10426,1,26:04
2024-25,1631250,Pete Nance,Pete,1610612749,MIL,Milwaukee Bucks,0022401115,2025-04-03T00:00:00,MIL @ PHI,W,1.0833333333333333,0.0,0.0,0.0,0.0,0.0,0.0,0.0,0.0,0.0,0.0,0.0,0.0,0.0,0.0,0.0,0.0,0.0,0.0,0.0,0.0,-66.5,0.0,0,0,0.0,1,1,13086,1,26029,22635,24836,22635,15070,20945,15070,13505,14344,13505,14058,22137,23286,19908,16469,12854,8263,8846,20257,17725,23200,25819,25228,2246,150,25259,1,1:05
2024-25,1628379,Luke Kennard,Luke,1610612763,MEM,Memphis Grizzlies,0022401114,2025-04-03T00:00:00,MEM @ MIA,W,22.305,1.6,4.8,0.333,1.6,3.2,0.5,0.0,0.0,0.0,1.6,1.6,3.2,1.6,1.6,0.0,0.0,0.0,0.0,0.0,4.8,0.0,9.5,0,0,11.3,1,1,13086,1,14277,22011,23576,17395,11639,17216,3944,13505,14344,13505,9869,20645,19155,17605,12283,12854,8263,8846,20257,17725,22101,12240,24493,2246,150,24153,1,22:18
2024-25,203914,Gary Harris,Gary,1610612753,ORL,Orlando Magic,0022401112,2025-04-03T00:00:00,ORL @ WAS,W,15.15,0.0,0.0,0.0,0.0,0.0,0.0,0.0,0.0,0.0,2.4,2.4,4.8,2.4,2.4,0.0,2.4,0.0,7.1,0.0,0.0,16.6,14.0,0,0,11.9,1,1,13086,1,19468,22635,24836,22635,15070,20945,15070,13505,14344,13505,6997,18557,15435,14959,8743,12854,2599,8846,1870,17725,23200,5027,23499,2246,150,24009,1,15:09
2024-25,1631115,Orlando Robinson,Orlando,1610612761,TOR,Toronto Raptors,0022401116,2025-04-03T00:00:00,TOR vs. POR,L,27.233333333333334,7.9,15.9,0.5,2.6,4.0,0.667,0.0,0.0,0.0,4.0,2.6,6.6,4.0,0.0,1.3,0.0,0.0,1.3,1.3,18.5,-6.6,36.4,0,0,34.4,1,13222,1,13222,10157,6787,7324,8526,7699,15653,1957,13505,14344,13505,3642,17837,10930,10022,16469,9337,8263,8846,17943,15799,9316,16344,10116,2246,150,10552,1,27:14
2024-25,1642265,Rob Dillingham,Rob,1610612750,MIN,Minnesota Timberwolves,0022401113,2025-04-03T00:00:00,MIN @ BKN,W,1.5166666666666666,0.0,0.0,0.0,0.0,0.0,0.0,0.0,0.0,0.0,0.0,0.0,0.0,0.0,23.7,0.0,0.0,0.0,0.0,0.0,0.0,0.0,-23.7,0,0,0.0,1,1,13086,1,25778,22635,24836,22635,15070,20945,15070,13505,14344,13505,14058,22137,23286,19908,31,12854,8263,8846,20257,17725,23200,12240,26287,2246,150,25259,1,1:31
2024-25,1629656,Quentin Grimes,Quentin,1610612755,PHI,Philadelphia 76ers,0022401115,2025-04-03T00:00:00,PHI vs. MIL,L,37.696666666666665,6.7,15.3,0.438,2.9,7.6,0.375,6.7,8.6,0.778,1.0,1.9,2.9,9.5,2.9,1.0,0.0,1.9,1.0,5.7,22.9,-27.7,40.7,1,0,40.1,1,13222,1,13222,1577,9722,8138,13558,7007,7104,8800,2251,2127,8092,13605,19942,20086,1676,6976,12310,8263,3511,19939,2998,5540,23375,7342,1,150,6722,1,37:42
2024-25,202692,Alec Burks,Alec,1610612748,MIA,Miami Heat,0022401114,2025-04-03T00:00:00,MIA vs. MEM,L,16.15,2.2,13.4,0.167,0.0,11.1,0.0,0.0,0.0,0.0,0.0,4.5,4.5,2.2,4.5,0.0,0.0,0.0,0.0,2.2,4.5,0.0,8.7,0,0,11.1,1,13222,1,13222,18827,20982,11182,21938,15070,2374,15070,13505,14344,13505,14058,12379,16151,15514,3059,12854,8263,8846,20257,12033,22314,12240,24614,2246,150,24185,1,16:09
2024-25,1641740,Jaylen Clark,Jaylen,1610612750,MIN,Minnesota Timberwolves,0022401113,2025-04-03T00:00:00,MIN @ BKN,W,5.133333333333334,0.0,0.0,0.0,0.0,0.0,0.0,0.0,0.0,0.0,0.0,0.0,0.0,0.0,7.0,0.0,0.0,0.0,0.0,0.0,0.0,-28.1,-7.0,0,0,0.0,1,1,13086,1,23930,22635,24836,22635,15070,20945,15070,13505,14344,13505,14058,22137,23286,19908,886,12854,8263,8846,20257,17725,23200,23438,26195,2246,150,25259,1,5:08
2024-25,1629029,Luka Dončić,Luka,1610612747,LAL,Los Angeles Lakers,0022401117,2025-04-03T00:00:00,LAL vs. GSW,L,37.833333333333336,5.7,16.2,0.353,0.0,5.7,0.0,6.7,6.7,1.0,1.9,5.7,7.6,6.7,1.0,0.0,1.0,1.0,2.9,6.7,18.1,-2.9,39.1,0,0,34.3,1,13222,1,13222,1488,12389,6870,17268,15070,11424,15070,2270,3701,1,8797,9019,8951,4486,16137,12854,7816,8327,11387,1936,9758,14488,8332,2246,150,10647,1,37:50
2024-25,1631123,Jamaree Bouyea,Jamaree,1610612749,MIL,Milwaukee Bucks,0022401115,2025-04-03T00:00:00,MIL @ PHI,W,1.0833333333333333,0.0,0.0,0.0,0.0,0.0,0.0,0.0,0.0,0.0,0.0,0.0,0.0,0.0,0.0,0.0,0.0,0.0,0.0,0.0,0.0,-66.5,0.0,0,0,0.0,1,1,13086,1,26029,22635,24836,22635,15070,20945,15070,13505,14344,13505,14058,22137,23286,19908,16469,12854,8263,8846,20257,17725,23200,25819,25228,2246,150,25259,1,1:05
2024-25,1629048,Goga Bitadze,Goga,1610612753,ORL,Orlando Magic,0022401112,2025-04-03T00:00:00,ORL @ WAS,W,2.533333333333333,0.0,0.0,0.0,0.0,0.0,0.0,0.0,0.0,0.0,0.0,0.0,0.0,0.0,0.0,0.0,0.0,0.0,0.0,0.0,0.0,56.8,0.0,0,0,0.0,1,1,13086,1,25196,22635,24836,22635,15070,20945,15070,13505,14344,13505,14058,22137,23286,19908,16469,12854,8263,8846,20257,17725,23200,408,25228,2246,150,25259,1,2:32
2024-25,1641890,Tyler Smith,Tyler,1610612749,MIL,Milwaukee Bucks,0022401115,2025-04-03T00:00:00,MIL @ PHI,W,1.0833333333333333,0.0,33.2,0.0,0.0,33.2,0.0,0.0,0.0,0.0,0.0,0.0,0.0,0.0,0.0,0.0,0.0,0.0,0.0,0.0,0.0,-66.5,0.0,0,0,0.0,1,1,13086,1,26029,22635,160,22635,15070,37,15070,13505,14344,13505,14058,22137,23286,19908,16469,12854,8263,8846,20257,17725,23200,25819,25228,2246,150,25259,1,1:05
2024-25,203944,Julius Randle,Julius,1610612750,MIN,Minnesota Timberwolves,0022401113,2025-04-03T00:00:00,MIN @ BKN,W,26.91,5.4,14.7,0.364,4.0,10.7,0.375,0.0,0.0,0.0,2.7,8.0,10.7,5.4,5.4,0.0,0.0,0.0,4.0,2.7,14.7,2.7,30.2,0,0,34.8,1,1,13086,1,10412,13403,9027,16861,3970,2769,8800,13505,14344,13505,6159,4668,4695,6722,1954,12854,8263,8846,7103,10391,13183,11281,14644,2246,150,10245,1,26:55
2024-25,1642366,Quinten Post,Quinten,1610612744,GSW,Golden State Warriors,0022401117,2025-04-03T00:00:00,GSW @ LAL,W,14.741666666666667,2.4,9.8,0.25,0.0,4.9,0.0,4.9,4.9,1.0,0.0,7.3,7.3,2.4,2.4,0.0,0.0,0.0,9.8,2.4,9.8,17.1,19.8,0,0,19.5,1,1,13086,1,19741,20571,17441,20233,15070,13483,15070,4217,6147,1,14058,5791,9517,14729,8483,12854,8263,8846,753,11195,18380,4871,21271,2246,150,21134,1,14:45
2024-25,1630217,Desmond Bane,Desmond,1610612763,MEM,Memphis Grizzlies,0022401114,2025-04-03T00:00:00,MEM @ MIA,W,36.38333333333333,5.9,22.8,0.261,1.0,8.9,0.111,4.0,4.0,1.0,2.0,6.9,8.9,5.9,0.0,1.0,0.0,4.9,2.0,3.0,16.8,-1.0,39.4,0,0,34.6,1,1,13086,1,2419,11689,1465,20229,14605,4961,15003,5775,7927,1,8481,6495,6882,5611,16469,12041,8263,381,15263,9361,11040,13529,8142,2246,150,10350,1,36:23
2024-25,1631159,Leonard Miller,Leonard,1610612750,MIN,Minnesota Timberwolves,0022401113,2025-04-03T00:00:00,MIN @ BKN,W,1.5166666666666666,0.0,0.0,0.0,0.0,0.0,0.0,0.0,0.0,0.0,0.0,0.0,0.0,0.0,0.0,0.0,0.0,0.0,0.0,0.0,0.0,0.0,0.0,0,0,0.0,1,1,13086,1,25778,22635,24836,22635,15070,20945,15070,13505,14344,13505,14058,22137,23286,19908,16469,12854,8263,8846,20257,17725,23200,12240,25228,2246,150,25259,1,1:31
2024-25,1641748,Andre Jackson Jr.,Andre,1610612749,MIL,Milwaukee Bucks,0022401115,2025-04-03T00:00:00,MIL @ PHI,W,1.0833333333333333,0.0,0.0,0.0,0.0,0.0,0.0,0.0,0.0,0.0,0.0,0.0,0.0,0.0,0.0,0.0,0.0,0.0,33.2,0.0,0.0,-66.5,0.0,0,0,0.0,1,1,13086,1,26029,22635,24836,22635,15070,20945,15070,13505,14344,13505,14058,22137,23286,19908,16469,12854,8263,8846,29,17725,23200,25819,25228,2246,150,25259,1,1:05
2024-25,1627752,Taurean Prince,Taurean,1610612749,MIL,Milwaukee Bucks,0022401115,2025-04-03T00:00:00,MIL @ PHI,W,30.583333333333332,5.9,11.8,0.5,2.4,7.1,0.333,1.2,2.4,0.5,0.0,1.2,1.2,1.2,0.0,1.2,0.0,0.0,2.4,0.0,15.3,2.4,22.0,0,0,22.4,1,1,13086,1,7243,11843,13996,8526,8648,8328,9209,12673,11608,10625,14058,21571,22974,19092,16469,10370,8263,8846,13416,17725,12615,11436,20140,2246,150,19444,1,30:35
2024-25,1631166,Drew Timme,Drew,1610612751,BKN,Brooklyn Nets,0022401113,2025-04-03T00:00:00,BKN vs. MIN,L,24.366666666666667,4.4,13.3,0.333,0.0,3.0,0.0,0.0,0.0,0.0,0.0,1.5,1.5,3.0,1.5,4.4,0.0,1.5,1.5,0.0,8.9,-4.4,26.9,0,0,22.2,1,13222,1,13222,12590,15975,11309,17395,15070,17743,15070,13505,14344,13505,14058,20921,22595,13071,12864,1278,8263,4849,17309,17725,19204,15289,17030,2246,150,19577,1,24:22
2024-25,1626192,Pat Connaughton,Pat,1610612749,MIL,Milwaukee Bucks,0022401115,2025-04-03T00:00:00,MIL @ PHI,W,12.833333333333334,2.8,8.4,0.333,0.0,2.8,0.0,0.0,0.0,0.0,0.0,5.6,5.6,5.6,0.0,0.0,2.8,2.8,2.8,0.0,5.6,11.2,29.2,0,0,22.4,1,1,13086,1,20823,19865,19620,17395,15070,18049,15070,13505,14344,13505,14058,9280,13258,6231,16469,12854,1947,1598,11624,17725,21658,7127,15376,2246,150,19395,1,12:50
2024-25,1629022,Lonnie Walker IV,Lonnie,1610612755,PHI,Philadelphia 76ers,0022401115,2025-04-03T00:00:00,PHI vs. MIL,L,17.166666666666668,4.2,14.7,0.286,0.0,8.4,0.0,0.0,0.0,0.0,2.1,6.3,8.4,8.4,4.2,2.1,0.0,2.1,0.0,0.0,8.4,8.4,33.1,0,0,29.4,1,13222,1,13222,18157,16609,9086,19630,15070,5765,15070,13505,14344,13505,7962,7711,7639,2522,3514,5800,8263,2930,20257,17725,19600,8446,12485,2246,150,14444,1,17:10
2024-25,201144,Mike Conley,Mike,1610612750,MIN,Minnesota Timberwolves,0022401113,2025-04-03T00:00:00,MIN @ BKN,W,24.366666666666667,3.0,14.8,0.2,3.0,10.3,0.286,0.0,0.0,0.0,0.0,1.5,1.5,8.9,3.0,0.0,0.0,0.0,1.5,0.0,8.9,23.6,21.0,0,0,22.2,1,1,13086,1,12590,19520,8946,21401,6662,3110,11433,13505,14344,13505,14058,20921,22595,2121,6629,12854,8263,8846,17309,17725,19204,3118,20700,2246,150,19577,1,24:22
2024-25,1641732,Colby Jones,Colby,1610612764,WAS,Washington Wizards,0022401112,2025-04-03T00:00:00,WAS vs. ORL,L,36.983333333333334,2.9,7.8,0.375,0.0,3.9,0.0,0.0,0.0,0.0,1.0,5.8,6.8,0.0,1.0,1.0,0.0,1.0,3.9,1.0,5.8,-14.6,16.0,0,0,14.6,1,13222,1,13222,1997,19602,20551,16299,15070,15809,15070,13505,14344,13505,13469,8693,10497,19908,16003,12184,8263,8157,7464,17481,21499,19747,22873,2246,150,23216,1,36:59
2024-25,1641736,Reece Beekman,Reece,1610612751,BKN,Brooklyn Nets,0022401113,2025-04-03T00:00:00,BKN vs. MIN,L,17.85,2.0,6.1,0.333,0.0,0.0,0.0,0.0,0.0,0.0,2.0,2.0,4.0,4.0,0.0,6.1,0.0,2.0,0.0,2.0,4.0,-6.1,33.1,0,0,24.2,1,13222,1,13222,17663,21380,22551,17395,15070,20945,15070,13505,14344,13505,8311,19604,17232,9853,16469,456,8263,3174,20257,12999,22539,16082,12534,2246,150,18204,1,17:51
2024-25,203110,Draymond Green,Draymond,1610612744,GSW,Golden State Warriors,0022401117,2025-04-03T00:00:00,GSW @ LAL,W,33.98833333333334,3.2,9.5,0.333,2.1,4.2,0.5,0.0,2.1,0.0,2.1,9.5,11.7,5.3,5.3,0.0,1.1,1.1,4.2,1.1,8.5,4.2,28.3,0,0,29.7,1,1,13086,1,4277,19040,17886,17395,9605,15032,3944,13505,12358,13505,7893,2974,3804,6827,2007,12854,7064,7410,6455,17122,19536,10525,16013,2246,150,14195,1,33:59
2024-25,1630583,Santi Aldama,Santi,1610612763,MEM,Memphis Grizzlies,0022401114,2025-04-03T00:00:00,MEM @ MIA,W,29.718333333333334,3.6,8.5,0.429,3.6,8.5,0.429,0.0,0.0,0.0,2.4,7.3,9.7,2.4,2.4,2.4,0.0,0.0,1.2,0.0,10.9,-4.8,31.0,0,0,31.5,1,1,13086,1,8026,18001,19521,13735,4840,5623,7394,13505,14344,13505,6859,5881,5811,14804,8562,4626,8263,8846,18474,17725,17263,15498,14055,2246,150,12776,1,29:43
2024-25,1629675,Naz Reid,Naz,1610612750,MIN,Minnesota Timberwolves,0022401113,2025-04-03T00:00:00,MIN @ BKN,W,25.566666666666666,7.0,12.7,0.556,1.4,5.6,0.25,2.8,2.8,1.0,0.0,2.8,2.8,4.2,2.8,0.0,1.4,0.0,1.4,1.4,18.3,12.7,29.4,0,0,29.6,1,1,13086,1,11516,8835,12434,7248,12419,11625,11902,8307,10447,1,14058,17349,20204,9332,7161,12854,5201,8846,17598,15414,9516,6530,15191,2246,150,14275,1,25:34
2024-25,1630623,Tyson Etienne,Tyson,1610612751,BKN,Brooklyn Nets,0022401113,2025-04-03T00:00:00,BKN vs. MIN,L,25.116666666666667,2.9,11.5,0.25,1.4,7.2,0.2,0.0,0.0,0.0,0.0,2.9,2.9,7.2,0.0,2.9,0.0,2.9,2.9,1.4,7.2,-14.3,30.0,0,0,24.4,1,13222,1,13222,11895,19739,14529,20233,12320,8111,13429,13505,14344,13505,14058,17190,20077,3811,16469,3493,8263,1512,11331,15310,20581,19628,14826,2246,150,18103,1,25:07
2024-25,1630264,Anthony Gill,Anthony,1610612764,WAS,Washington Wizards,0022401112,2025-04-03T00:00:00,WAS vs. ORL,L,21.766666666666666,3.3,9.9,0.333,0.0,0.0,0.0,0.0,3.3,0.0,6.6,1.7,8.3,0.0,0.0,0.0,0.0,1.7,1.7,1.7,6.6,-28.1,16.5,0,0,14.9,1,13222,1,13222,14698,18734,17198,17395,15070,20945,15070,13505,9289,13505,1316,20555,7823,19908,16469,12854,8263,4275,16687,14432,20979,23452,22647,2246,150,23101,1,21:46
2024-25,1628976,Wendell Carter Jr.,Wendell,1610612753,ORL,Orlando Magic,0022401112,2025-04-03T00:00:00,ORL @ WAS,W,30.1,6.0,10.8,0.556,0.0,2.4,0.0,0.0,0.0,0.0,4.8,3.6,8.4,2.4,0.0,0.0,0.0,1.2,3.6,0.0,12.0,-4.8,25.6,0,0,22.7,1,1,13086,1,7690,11574,15758,7248,15070,18829,15070,13505,14344,13505,2584,14955,7663,14904,16469,12854,8263,6288,8462,17725,16184,15464,17883,2246,150,19192,1,30:06
2024-25,1627741,Buddy Hield,Buddy,1610612744,GSW,Golden State Warriors,0022401117,2025-04-03T00:00:00,GSW @ LAL,W,12.58,0.0,8.6,0.0,0.0,8.6,0.0,0.0,0.0,0.0,2.9,5.7,8.6,0.0,2.9,2.9,0.0,0.0,2.9,0.0,0.0,20.0,16.0,0,0,14.3,1,1,13086,1,20953,22635,19380,22635,15070,5443,15070,13505,14344,13505,5696,8989,7340,19908,6991,3509,8263,8846,11355,17725,23200,3940,22845,2246,150,23318,1,12:35
2024-25,1641744,Zach Edey,Zach,1610612763,MEM,Memphis Grizzlies,0022401114,2025-04-03T00:00:00,MEM @ MIA,W,27.748333333333335,3.9,3.9,1.0,0.0,0.0,0.0,2.6,2.6,1.0,2.6,14.3,16.9,1.3,3.9,0.0,1.3,0.0,1.3,2.6,10.4,2.6,32.6,0,0,31.1,1,1,13086,1,9764,17344,24139,1,15070,20945,15070,8815,10987,1,6361,700,1153,18668,4101,12854,5657,8846,18042,10662,17782,11321,12903,2246,150,13050,1,27:45
2024-25,1629018,Gary Trent Jr.,Gary,1610612749,MIL,Milwaukee Bucks,0022401115,2025-04-03T00:00:00,MIL @ PHI,W,22.916666666666668,4.7,12.6,0.375,4.7,9.4,0.5,6.3,7.9,0.8,1.6,1.6,3.1,1.6,0.0,4.7,0.0,0.0,0.0,3.1,20.4,17.3,40.7,0,0,39.3,1,1,13086,1,13780,15208,12632,16299,2712,4218,3944,2610,2625,7681,10039,20734,19396,17737,16469,1075,8263,8846,20257,8754,7567,4813,7338,2246,150,7211,1,22:55
2024-25,1630625,Dalano Banton,Dalano,1610612757,POR,Portland Trail Blazers,0022401116,2025-04-03T00:00:00,POR @ TOR,W,36.88333333333333,7.8,18.5,0.421,2.0,9.8,0.2,4.9,4.9,1.0,2.0,1.0,2.9,2.0,5.9,0.0,0.0,1.0,2.0,3.9,22.4,-2.9,23.0,0,0,29.3,1,1,13086,1,2069,7047,4180,14442,10381,3770,13429,4220,6154,1,8608,22005,19918,16553,1499,12854,8263,8135,15395,6556,5887,14535,19541,2246,150,14493,1,36:53
2024-25,1642270,Donovan Clingan,Donovan,1610612757,POR,Portland Trail Blazers,0022401116,2025-04-03T00:00:00,POR @ TOR,W,29.741666666666667,3.6,7.3,0.5,0.0,1.2,0.0,2.4,3.6,0.667,6.1,9.7,15.7,3.6,1.2,1.2,3.6,0.0,0.0,4.8,9.7,-3.6,47.3,0,0,38.7,1,1,13086,1,8015,18009,21258,8526,15070,20609,15070,9276,8626,9425,1588,2839,1509,10993,14366,10089,1129,8846,20257,4410,18456,14862,4198,2246,150,7567,1,29:45
2024-25,1631260,AJ Green,AJ,1610612749,MIL,Milwaukee Bucks,0022401115,2025-04-03T00:00:00,MIL @ PHI,W,19.3,7.5,9.3,0.8,7.5,9.3,0.8,0.0,0.0,0.0,1.9,1.9,3.7,0.0,1.9,0.0,0.0,0.0,1.9,0.0,22.4,37.3,25.0,0,0,33.6,1,1,13086,1,16572,7867,18236,1688,607,4342,1389,13505,14344,13505,8964,20060,17987,19908,11245,12854,8263,8846,15861,17725,5937,1173,18294,2246,150,11180,1,19:18
2024-25,1642358,AJ Johnson,AJ,1610612764,WAS,Washington Wizards,0022401112,2025-04-03T00:00:00,WAS vs. ORL,L,28.916666666666668,5.0,12.4,0.4,1.2,2.5,0.5,2.5,2.5,1.0,0.0,5.0,5.0,2.5,3.7,0.0,1.2,3.7,5.0,3.7,13.7,-3.7,23.4,0,0,24.9,1,13222,1,13222,8740,14452,12813,14933,13124,18646,3944,9082,11236,1,14058,10935,14848,14575,4473,12854,5917,778,4656,7029,14289,14908,19313,2246,150,17754,1,28:55
2024-25,1628389,Bam Adebayo,Bam,1610612748,MIA,Miami Heat,0022401114,2025-04-03T00:00:00,MIA vs. MEM,L,33.96666666666667,11.7,27.6,0.423,2.1,4.2,0.5,2.1,2.1,1.0,3.2,4.2,7.4,5.3,2.1,1.1,2.1,1.1,3.2,5.3,27.6,-5.3,51.8,0,0,48.8,1,13222,1,13222,4292,1754,441,14439,9593,15027,3944,10230,12353,1,4981,13006,9332,6820,9910,11396,3149,7399,9954,3633,2953,15746,2753,2246,150,2905,1,33:58
2024-25,1629628,RJ Barrett,RJ,1610612761,TOR,Toronto Raptors,0022401116,2025-04-03T00:00:00,TOR vs. POR,L,26.233333333333334,12.4,24.7,0.5,0.0,6.9,0.0,0.0,1.4,0.0,1.4,5.5,6.9,5.5,1.4,4.1,1.4,2.7,1.4,4.1,24.7,5.5,56.3,0,0,48.0,1,13222,1,13222,10963,1326,892,8526,15070,8752,15070,13505,13629,13505,10869,9561,10408,6449,13446,1526,5348,1676,17731,6012,4368,9852,1765,2246,150,3129,1,26:14
2024-25,1628398,Kyle Kuzma,Kyle,1610612749,MIL,Milwaukee Bucks,0022401115,2025-04-03T00:00:00,MIL @ PHI,W,31.9,6.8,11.3,0.6,2.3,4.5,0.5,2.3,6.8,0.333,0.0,4.5,4.5,3.4,3.4,1.1,3.4,0.0,3.4,3.4,18.1,-10.2,38.7,0,0,37.2,1,1,13086,1,6062,9492,14854,5394,9025,14397,3944,9764,3587,13132,14058,12225,16018,11719,5269,10784,1319,8846,9130,7995,9788,17952,8592,2246,150,8546,1,31:54
2024-25,1641774,Tristan Vukcevic,Tristan,1610612764,WAS,Washington Wizards,0022401112,2025-04-03T00:00:00,WAS vs. ORL,L,14.15,7.6,17.8,0.429,2.5,2.5,1.0,0.0,0.0,0.0,0.0,2.5,2.5,0.0,10.2,0.0,2.5,0.0,10.2,0.0,17.8,-30.5,18.3,0,0,28.0,1,13222,1,13222,20109,7428,4901,13735,7996,18548,1,13505,14344,13505,14058,18071,20718,19908,315,12854,2298,8846,667,17725,10020,23821,21960,2246,150,15431,1,14:09
2024-25,203935,Marcus Smart,Marcus,1610612764,WAS,Washington Wizards,0022401112,2025-04-03T00:00:00,WAS vs. ORL,L,24.55,5.9,10.3,0.571,2.9,5.9,0.5,2.9,2.9,1.0,0.0,4.4,4.4,0.0,1.5,0.0,0.0,1.5,0.0,2.9,17.6,14.7,21.4,0,0,24.9,1,13222,1,13222,12423,11899,16630,6538,6751,11039,3944,8001,10134,1,14058,12524,16282,19908,12919,12854,8263,4904,20257,9480,10225,5757,20463,2246,150,17737,1,24:33
2024-25,1630762,Phillip Wheeler,Phillip,1610612755,PHI,Philadelphia 76ers,0022401115,2025-04-03T00:00:00,PHI vs. MIL,L,1.0833333333333333,0.0,33.2,0.0,0.0,33.2,0.0,0.0,0.0,0.0,0.0,33.2,33.2,0.0,0.0,0.0,0.0,0.0,0.0,0.0,0.0,66.5,39.9,0,0,33.2,1,13222,1,13222,26029,22635,160,22635,15070,37,15070,13505,14344,13505,14058,25,59,19908,16469,12854,8263,8846,20257,17725,23200,269,7835,2246,150,11458,1,1:05
2024-25,1630175,Cole Anthony,Cole,1610612753,ORL,Orlando Magic,0022401112,2025-04-03T00:00:00,ORL @ WAS,W,14.066666666666666,5.1,12.8,0.4,5.1,12.8,0.4,5.1,5.1,1.0,0.0,2.6,2.6,0.0,0.0,0.0,2.6,0.0,2.6,2.6,20.5,-5.1,31.2,0,0,33.3,1,1,13086,1,20163,14031,12216,14933,2138,1393,7874,3859,5724,1,14058,18037,20691,19908,16469,12854,2276,8846,12567,10761,7523,15659,13886,2246,150,11433,1,14:04
2024-25,1630228,Jonathan Kuminga,Jonathan,1610612744,GSW,Golden State Warriors,0022401117,2025-04-03T00:00:00,GSW @ LAL,W,25.165,10.0,17.2,0.583,1.4,4.3,0.333,4.3,7.2,0.6,2.9,10.0,12.9,5.7,0.0,0.0,1.4,0.0,4.3,4.3,25.8,12.9,54.1,0,0,48.6,1,1,13086,1,11869,3209,5611,6296,12333,14935,9209,5173,3219,10343,5698,2575,2890,6005,16469,12854,5114,8846,6312,5611,3808,6446,2186,2246,150,2941,1,25:10
2024-25,1629630,Ja Morant,Ja,1610612763,MEM,Memphis Grizzlies,0022401114,2025-04-03T00:00:00,MEM @ MIA,W,32.39333333333333,12.2,24.4,0.5,3.3,7.8,0.429,5.6,6.7,0.833,2.2,3.3,5.6,3.3,4.4,1.1,0.0,1.1,4.4,6.7,33.3,3.3,43.9,0,0,47.8,1,1,13086,1,5654,1393,936,8526,5563,6839,7394,3360,3691,7275,7523,15683,13408,11868,3077,10929,8263,6954,5898,1931,1262,10955,5722,2246,150,3229,1,32:24
2024-25,1641796,Pelle Larsson,Pelle,1610612748,MIA,Miami Heat,0022401114,2025-04-03T00:00:00,MIA vs. MEM,L,23.166666666666668,1.6,4.7,0.333,0.0,1.6,0.0,1.6,3.1,0.5,1.6,1.6,3.1,4.7,1.6,6.2,1.6,0.0,4.7,1.6,4.7,-10.9,37.1,0,0,28.0,1,13222,1,13222,13583,22102,23709,17395,15070,20222,15070,11684,9699,10625,10106,20762,19459,8273,12530,425,4695,8846,5376,14783,22206,18272,9594,2246,150,15440,1,23:10
2024-25,1642276,Kel'el Ware,Kel'el,1610612748,MIA,Miami Heat,0022401114,2025-04-03T00:00:00,MIA vs. MEM,L,35.35,5.1,13.2,0.385,2.0,4.1,0.5,1.0,2.0,0.5,5.1,10.2,15.3,0.0,0.0,0.0,3.1,0.0,3.1,2.0,13.2,1.0,40.7,1,0,36.7,1,13222,1,13222,3191,14118,11413,16070,9980,15415,3944,13177,12613,10625,2292,2439,1656,19908,16469,12854,1625,8846,10468,12896,14825,12144,7316,1,150,8942,1,35:21
2024-25,203937,Kyle Anderson,Kyle,1610612748,MIA,Miami Heat,0022401114,2025-04-03T00:00:00,MIA vs. MEM,L,20.233333333333334,3.6,14.2,0.25,0.0,5.3,0.0,3.6,3.6,1.0,1.8,1.8,3.6,3.6,0.0,3.6,1.8,0.0,5.3,1.8,10.7,3.6,36.3,0,0,28.5,1,13222,1,13222,15838,18178,9781,20233,15070,12358,15070,6585,8771,1,9322,20301,18419,11217,16469,2155,4102,8846,3948,14004,17504,10873,10166,2246,150,15097,1,20:14
2024-25,1642419,Jamison Battle,Jamison,1610612761,TOR,Toronto Raptors,0022401116,2025-04-03T00:00:00,TOR vs. POR,L,24.233333333333334,4.5,5.9,0.75,4.5,5.9,0.75,0.0,0.0,0.0,3.0,3.0,5.9,1.5,3.0,0.0,0.0,0.0,1.5,1.5,13.4,-20.8,19.8,0,0,25.3,1,13222,1,13222,12695,15908,22668,2107,3137,10834,1542,13505,14344,13505,5414,16819,12425,18037,6586,12854,8263,8846,17278,15058,14659,21779,21282,2246,150,17472,1,24:14
2024-25,1630570,Trendon Watford,Trendon,1610612751,BKN,Brooklyn Nets,0022401113,2025-04-03T00:00:00,BKN vs. MIN,L,26.916666666666668,6.7,17.4,0.385,0.0,1.3,0.0,1.3,2.7,0.5,4.0,2.7,6.7,6.7,4.0,0.0,0.0,5.3,2.7,1.3,14.7,-21.4,28.8,0,0,28.1,1,13222,1,13222,10399,9714,5360,16070,15070,20454,15070,12206,10800,10625,3580,17757,10753,4447,3863,12854,8263,306,12143,15731,13184,21937,15674,2246,150,15364,1,26:55
2024-25,201572,Brook Lopez,Brook,1610612749,MIL,Milwaukee Bucks,0022401115,2025-04-03T00:00:00,MIL @ PHI,W,31.4,8.0,12.6,0.636,2.3,3.4,0.667,1.1,3.4,0.333,2.3,1.1,3.4,1.1,0.0,0.0,3.4,1.1,4.6,2.3,19.5,10.3,35.7,0,0,33.2,1,1,13086,1,6506,6583,12544,4689,8878,16791,1957,12767,9011,13132,7267,21641,18687,19201,16469,12854,1272,6660,5571,11777,8382,7555,10614,2246,150,11453,1,31:24
2024-25,1631169,Josh Minott,Josh,1610612750,MIN,Minnesota Timberwolves,0022401113,2025-04-03T00:00:00,MIN @ BKN,W,1.5166666666666666,0.0,0.0,0.0,0.0,0.0,0.0,0.0,0.0,0.0,0.0,0.0,0.0,23.7,0.0,0.0,0.0,0.0,0.0,0.0,0.0,0.0,35.6,0,0,23.7,1,1,13086,1,25778,22635,24836,22635,15070,20945,15070,13505,14344,13505,14058,22137,23286,46,16469,12854,8263,8846,20257,17725,23200,12240,10651,2246,150,18500,1,1:31
2024-25,1630692,Jordan Goodwin,Jordan,1610612747,LAL,Los Angeles Lakers,0022401117,2025-04-03T00:00:00,LAL vs. GSW,L,14.266666666666667,0.0,2.5,0.0,0.0,0.0,0.0,0.0,0.0,0.0,2.5,5.0,7.6,0.0,0.0,5.0,0.0,0.0,2.5,0.0,0.0,0.0,24.2,0,0,17.7,1,13222,1,13222,20041,22635,24637,22635,15070,20945,15070,13505,14344,13505,6542,10733,9027,19908,16469,873,8263,8846,12693,17725,23200,12240,18787,2246,150,22004,1,14:16
2024-25,1631157,Ryan Rollins,Ryan,1610612749,MIL,Milwaukee Bucks,0022401115,2025-04-03T00:00:00,MIL @ PHI,W,29.266666666666666,4.9,9.8,0.5,2.5,3.7,0.667,0.0,0.0,0.0,0.0,2.5,2.5,1.2,4.9,0.0,0.0,1.2,2.5,0.0,12.3,-19.7,12.2,0,0,18.5,1,1,13086,1,8428,14631,17332,8526,8279,16238,1957,13505,14344,13505,14058,18300,20879,18916,2436,12854,8263,6053,12948,17725,15823,21464,23968,2246,150,21650,1,29:16
2024-25,1627827,Dorian Finney-Smith,Dorian,1610612747,LAL,Los Angeles Lakers,0022401117,2025-04-03T00:00:00,LAL vs. GSW,L,29.388333333333332,1.2,7.3,0.167,0.0,6.1,0.0,0.0,0.0,0.0,1.2,0.0,1.2,1.2,1.2,0.0,1.2,0.0,4.9,0.0,2.4,-17.1,8.2,0,0,7.3,1,13222,1,13222,8323,22472,21142,21938,15070,10372,15070,13505,14344,13505,11635,22137,22912,18937,14263,12854,6023,8846,4836,17725,23084,20673,24671,2246,150,24858,1,29:23
2024-25,1630538,Bones Hyland,Bones,1610612750,MIN,Minnesota Timberwolves,0022401113,2025-04-03T00:00:00,MIN @ BKN,W,1.5166666666666666,0.0,0.0,0.0,0.0,0.0,0.0,0.0,0.0,0.0,0.0,23.7,23.7,0.0,0.0,0.0,0.0,0.0,0.0,0.0,0.0,0.0,28.5,0,0,23.7,1,1,13086,1,25778,22635,24836,22635,15070,20945,15070,13505,14344,13505,14058,91,230,19908,16469,12854,8263,8846,20257,17725,23200,12240,15885,2246,150,18500,1,1:31
2024-25,1631200,Kris Murray,Kris,1610612757,POR,Portland Trail Blazers,0022401116,2025-04-03T00:00:00,POR @ TOR,W,13.516666666666667,0.0,0.0,0.0,0.0,0.0,0.0,0.0,0.0,0.0,0.0,2.7,2.7,0.0,8.0,0.0,0.0,0.0,2.7,0.0,0.0,8.0,-4.8,0,0,2.7,1,1,13086,1,20480,22635,24836,22635,15070,20945,15070,13505,14344,13505,14058,17783,20517,19908,590,12854,8263,8846,12189,17725,23200,8634,26172,2246,150,25242,1,13:31
2024-25,1629216,Gabe Vincent,Gabe,1610612747,LAL,Los Angeles Lakers,0022401117,2025-04-03T00:00:00,LAL vs. GSW,L,17.423333333333332,2.1,10.3,0.2,2.1,10.3,0.2,0.0,0.0,0.0,0.0,0.0,0.0,0.0,2.1,0.0,0.0,0.0,6.2,0.0,6.2,-28.9,4.1,0,0,8.3,1,13222,1,13222,17985,21288,16508,21401,9837,3126,13429,13505,14344,13505,14058,22137,23286,19908,10178,12854,8263,8846,2712,17725,21250,23577,25072,2246,150,24727,1,17:25
2024-25,1631303,Justin Minaya,Justin,1610612757,POR,Portland Trail Blazers,0022401116,2025-04-03T00:00:00,POR @ TOR,W,7.55,0.0,0.0,0.0,0.0,0.0,0.0,0.0,0.0,0.0,0.0,4.8,4.8,0.0,0.0,0.0,0.0,0.0,9.5,0.0,0.0,0.0,5.7,0,0,4.8,1,1,13086,1,22976,22635,24836,22635,15070,20945,15070,13505,14344,13505,14058,11516,15372,19908,16469,12854,8263,8846,801,17725,23200,12240,24945,2246,150,25127,1,7:33
2024-25,1631216,Caleb Houstan,Caleb,1610612753,ORL,Orlando Magic,0022401112,2025-04-03T00:00:00,ORL @ WAS,W,10.816666666666666,0.0,3.3,0.0,0.0,3.3,0.0,0.0,0.0,0.0,3.3,3.3,6.7,0.0,0.0,0.0,0.0,0.0,3.3,3.3,0.0,23.3,8.0,0,0,6.7,1,1,13086,1,21789,22635,24379,22635,15070,17003,15070,13505,14344,13505,4689,15699,10825,19908,16469,12854,8263,8846,9341,8162,23200,3196,24700,2246,150,24930,1,10:49
2024-25,1628978,Donte DiVincenzo,Donte,1610612750,MIN,Minnesota Timberwolves,0022401113,2025-04-03T00:00:00,MIN @ BKN,W,21.283333333333335,1.7,15.2,0.111,0.0,10.1,0.0,0.0,0.0,0.0,0.0,1.7,1.7,3.4,5.1,3.4,1.7,0.0,3.4,1.7,3.4,5.1,20.6,0,0,18.6,1,1,13086,1,15078,21912,8212,22520,15070,3332,15070,13505,14344,13505,14058,20482,22314,11725,2248,2417,4315,8846,9144,14302,22817,10072,20884,2246,150,21584,1,21:17
2024-25,1641712,Rayan Rupert,Rayan,1610612757,POR,Portland Trail Blazers,0022401116,2025-04-03T00:00:00,POR @ TOR,W,12.0,6.0,9.0,0.667,0.0,3.0,0.0,3.0,6.0,0.5,3.0,6.0,9.0,0.0,3.0,0.0,0.0,0.0,0.0,3.0,15.0,6.0,22.8,0,0,24.0,1,1,13086,1,21228,11500,18708,3281,15070,17643,15070,7799,4464,10625,5329,8311,6730,19908,6468,12854,8263,8846,20257,9236,12895,9610,19684,2246,150,18317,1,12:00
2024-25,1626156,D'Angelo Russell,D'Angelo,1610612751,BKN,Brooklyn Nets,0022401113,2025-04-03T00:00:00,BKN vs. MIN,L,12.616666666666667,0.0,17.1,0.0,0.0,11.4,0.0,0.0,0.0,0.0,0.0,0.0,0.0,2.9,5.7,0.0,0.0,0.0,5.7,5.7,0.0,2.9,-1.4,0,0,2.9,1,13222,1,13222,20936,22635,5677,22635,15070,2161,15070,13505,14344,13505,14058,22137,23286,13432,1634,12854,8263,8846,3379,3027,23200,11194,26150,2246,150,25237,1,12:37
2024-25,202710,Jimmy Butler III,Jimmy,1610612744,GSW,Golden State Warriors,0022401117,2025-04-03T00:00:00,GSW @ LAL,W,36.0,4.0,7.0,0.571,1.0,2.0,0.5,2.0,2.0,1.0,3.0,1.0,4.0,2.0,1.0,3.0,0.0,0.0,0.0,2.0,11.0,-1.0,26.8,0,0,24.0,1,1,13086,1,2683,17087,21564,6538,14553,19563,3944,10644,12724,1,5329,21972,17311,16374,15847,3139,8263,8846,20257,13081,17178,13541,17085,2246,150,18317,1,36:00
2024-25,1630567,Scottie Barnes,Scottie,1610612761,TOR,Toronto Raptors,0022401116,2025-04-03T00:00:00,TOR vs. POR,L,27.0,2.7,10.7,0.25,0.0,2.7,0.0,1.3,1.3,1.0,0.0,2.7,2.7,6.7,2.7,1.3,0.0,1.3,1.3,2.7,6.7,-5.3,21.2,0,0,18.7,1,13222,1,13222,10332,20160,15944,20233,15070,18319,15070,12219,13686,1,14058,17774,20513,4473,7631,9282,8263,5482,17893,10419,20945,15762,20597,2246,150,21547,1,27:00
2024-25,1631306,Cole Swider,Cole,1610612761,TOR,Toronto Raptors,0022401116,2025-04-03T00:00:00,TOR vs. POR,L,13.75,0.0,20.9,0.0,0.0,15.7,0.0,0.0,0.0,0.0,0.0,0.0,0.0,0.0,0.0,2.6,0.0,2.6,7.9,0.0,0.0,-41.9,7.9,0,0,5.2,1,13222,1,13222,20333,22635,2373,22635,15070,567,15070,13505,14344,13505,14058,22137,23286,19908,16469,4098,8263,1852,1428,17725,23200,24968,24717,2246,150,25083,1,13:45
2024-25,1630658,Colin Castleton,Colin,1610612755,PHI,Philadelphia 76ers,0022401115,2025-04-03T00:00:00,PHI vs. MIL,L,15.733333333333333,2.3,9.2,0.25,0.0,4.6,0.0,0.0,0.0,0.0,0.0,6.9,6.9,6.9,0.0,0.0,0.0,0.0,9.2,0.0,4.6,-18.3,23.1,0,0,18.3,1,13222,1,13222,19108,20878,18474,20233,15070,14247,15070,13505,14344,13505,14058,6596,10399,4194,16469,12854,8263,8846,911,17725,22249,21019,19490,2246,150,21710,1,15:44
2024-25,1630611,Gui Santos,Gui,1610612744,GSW,Golden State Warriors,0022401117,2025-04-03T00:00:00,GSW @ LAL,W,10.6,0.0,3.4,0.0,0.0,3.4,0.0,6.8,6.8,1.0,6.8,0.0,6.8,10.2,0.0,0.0,0.0,0.0,13.6,3.4,6.8,30.6,30.2,0,0,23.8,1,1,13086,1,21875,22635,24346,22635,15070,16869,15070,2164,3571,1,1231,22137,10541,1344,16469,12854,8263,8846,301,7959,20863,1887,14649,2246,150,18479,1,10:36
2024-25,1641721,Maxwell Lewis,Maxwell,1610612751,BKN,Brooklyn Nets,0022401113,2025-04-03T00:00:00,BKN vs. MIN,L,27.65,5.2,15.6,0.333,2.6,10.4,0.25,0.0,0.0,0.0,2.6,5.2,7.8,2.6,1.3,0.0,0.0,0.0,3.9,1.3,13.0,-9.1,25.0,0,0,26.0,1,13222,1,13222,9830,13800,7654,17395,7814,3050,11902,13505,14344,13505,6334,10262,8592,14201,13789,12854,8263,8846,7424,15898,15069,17482,18291,2246,150,16902,1,27:39
2024-25,1630541,Moses Moody,Moses,1610612744,GSW,Golden State Warriors,0022401117,2025-04-03T00:00:00,GSW @ LAL,W,28.783333333333335,3.8,8.8,0.429,3.8,7.5,0.5,5.0,5.0,1.0,0.0,2.5,2.5,3.8,2.5,0.0,0.0,1.3,2.5,2.5,16.3,-5.0,22.4,0,0,26.3,1,1,13086,1,8852,17705,19096,13735,4572,7388,3944,4035,5913,1,14058,18181,20812,10643,8240,12854,8263,5929,12790,10981,11644,15590,19933,2246,150,16739,1,28:47
2024-25,1629060,Rui Hachimura,Rui,1610612747,LAL,Los Angeles Lakers,0022401117,2025-04-03T00:00:00,LAL vs. GSW,L,33.71666666666667,9.6,16.0,0.6,3.2,6.4,0.5,3.2,4.3,0.75,3.2,3.2,6.4,3.2,1.1,0.0,0.0,1.1,2.1,2.1,25.6,-1.1,37.0,0,0,38.4,1,13222,1,13222,4521,3708,7092,5394,5949,9735,3944,7326,7268,8186,4936,16076,11381,12289,15366,12854,8263,7328,14427,12460,3863,13585,9666,2246,150,7740,1,33:43
2024-25,1629645,Kevin Porter Jr.,Kevin,1610612749,MIL,Milwaukee Bucks,0022401115,2025-04-03T00:00:00,MIL @ PHI,W,17.65,8.2,10.2,0.8,0.0,2.0,0.0,0.0,0.0,0.0,2.0,8.2,10.2,6.1,2.0,0.0,0.0,0.0,0.0,2.0,16.3,63.2,35.7,0,0,32.6,1,1,13086,1,17819,6289,16734,1688,15070,19477,15070,13505,14344,13505,8206,4474,5232,5296,10300,12854,8263,8846,20257,12876,11580,314,10580,2246,150,11917,1,17:39
2024-25,1629312,Haywood Highsmith,Haywood,1610612748,MIA,Miami Heat,0022401114,2025-04-03T00:00:00,MIA vs. MEM,L,26.19,2.7,4.1,0.667,1.4,1.4,1.0,1.4,2.7,0.5,2.7,1.4,4.1,2.7,1.4,0.0,0.0,1.4,4.1,1.4,8.2,-6.9,15.9,0,0,16.5,1,13222,1,13222,11020,19976,24037,3281,12542,20399,1,12087,10608,10625,5978,21141,17018,13752,13432,12854,8263,5283,6759,15550,19704,16460,22877,2246,150,22508,1,26:11
2024-25,1628991,Jaren Jackson Jr.,Jaren,1610612763,MEM,Memphis Grizzlies,0022401114,2025-04-03T00:00:00,MEM @ MIA,W,36.766666666666666,4.9,10.8,0.455,2.9,4.9,0.6,0.0,1.0,0.0,1.0,2.9,3.9,1.0,4.9,1.0,2.0,1.0,4.9,3.9,12.7,4.9,22.8,0,0,26.4,1,1,13086,1,2141,14684,15750,12676,6735,13448,2992,13505,14246,13505,13430,16949,17526,19738,2472,12135,3610,8104,4847,6523,15361,10163,19676,2246,150,16590,1,36:46
2024-25,1641737,Adem Bona,Adem,1610612755,PHI,Philadelphia 76ers,0022401115,2025-04-03T00:00:00,PHI vs. MIL,L,34.93333333333333,13.4,15.5,0.867,0.0,0.0,0.0,2.1,3.1,0.667,3.1,3.1,6.2,0.0,3.1,2.1,3.1,1.0,5.2,3.1,28.9,-8.2,48.6,0,0,45.3,1,13222,1,13222,3514,876,7882,1408,15070,20945,15070,10435,9745,9425,5145,16430,11865,19908,6150,5956,1583,7658,4280,8916,2465,17069,3764,2246,150,4091,1,34:56
2024-25,1629680,Matisse Thybulle,Matisse,1610612757,POR,Portland Trail Blazers,0022401116,2025-04-03T00:00:00,POR @ TOR,W,24.583333333333332,2.9,5.9,0.5,1.5,1.5,1.0,0.0,0.0,0.0,1.5,2.9,4.4,1.5,0.0,4.4,1.5,0.0,1.5,0.0,7.3,20.5,32.4,0,0,26.4,1,1,13086,1,12389,19582,22751,8526,12185,20304,1,13505,14344,13505,10463,16974,16304,18116,16469,1312,4977,8846,17375,17725,20468,3815,13039,2246,150,16661,1,24:35
2024-25,1642367,Jonathan Mogbo,Jonathan,1610612761,TOR,Toronto Raptors,0022401116,2025-04-03T00:00:00,TOR vs. POR,L,27.816666666666666,6.5,12.9,0.5,0.0,0.0,0.0,0.0,0.0,0.0,0.0,3.9,3.9,6.5,7.8,1.3,0.0,1.3,2.6,0.0,12.9,-6.5,23.4,0,0,25.9,1,13222,1,13222,9700,10264,11955,8526,15070,20945,15070,13505,14344,13505,14058,14083,17611,4759,642,9492,8263,5681,12463,17725,15153,16278,19297,2246,150,17017,1,27:49
2024-25,1641739,Toumani Camara,Toumani,1610612757,POR,Portland Trail Blazers,0022401116,2025-04-03T00:00:00,POR @ TOR,W,24.55,2.9,11.7,0.25,1.5,7.3,0.2,0.0,0.0,0.0,0.0,4.4,4.4,2.9,1.5,0.0,0.0,0.0,0.0,2.9,7.3,-7.3,15.5,0,0,16.1,1,1,13086,1,12423,19569,14054,20233,12177,7758,13429,13505,14344,13505,14058,12524,16282,13152,12919,12854,8263,8846,20257,9480,20456,16653,23013,2246,150,22658,1,24:33
2024-25,1642347,Jamal Shead,Jamal,1610612761,TOR,Toronto Raptors,0022401116,2025-04-03T00:00:00,TOR vs. POR,L,24.733333333333334,5.8,11.6,0.5,2.9,4.4,0.667,0.0,0.0,0.0,2.9,1.5,4.4,4.4,2.9,2.9,0.0,0.0,2.9,1.5,14.6,-11.6,32.2,0,0,32.0,1,13222,1,13222,12237,12044,14230,8526,6827,14769,1957,13505,14344,13505,5562,20977,16369,8969,6792,3376,8263,8846,11134,15215,13345,18594,13205,2246,150,12373,1,24:44
2024-25,1630532,Franz Wagner,Franz,1610612753,ORL,Orlando Magic,0022401112,2025-04-03T00:00:00,ORL @ WAS,W,33.93333333333333,10.6,20.2,0.526,3.2,7.4,0.429,4.2,4.2,1.0,0.0,5.3,5.3,5.3,1.1,1.1,0.0,1.1,0.0,3.2,28.6,14.9,45.1,0,0,44.6,1,1,13086,1,4325,2613,2872,8379,6000,7550,7394,5269,7328,1,14058,10015,14033,6806,15420,11379,8263,7391,20257,8618,2552,5686,5136,2246,150,4435,1,33:56
2024-25,1629637,Jaxson Hayes,Jaxson,1610612747,LAL,Los Angeles Lakers,0022401117,2025-04-03T00:00:00,LAL vs. GSW,L,14.833333333333334,2.4,9.7,0.25,0.0,0.0,0.0,0.0,0.0,0.0,4.9,2.4,7.3,0.0,0.0,2.4,0.0,0.0,4.9,0.0,4.9,7.3,20.9,0,0,17.0,1,13222,1,13222,19683,20596,17562,20233,15070,20945,15070,13505,14344,13505,2500,18408,9604,19908,16469,4603,8263,8846,4940,17725,22089,8998,20757,2246,150,22314,1,14:50
2024-25,1628371,Jonathan Isaac,Jonathan,1610612753,ORL,Orlando Magic,0022401112,2025-04-03T00:00:00,ORL @ WAS,W,13.6,2.6,10.6,0.25,0.0,0.0,0.0,5.3,5.3,1.0,7.9,2.6,10.6,2.6,2.6,5.3,5.3,0.0,0.0,2.6,10.6,26.5,56.4,0,0,45.0,1,1,13086,1,20422,20189,16062,20233,15070,20945,15070,3661,5472,1,801,17825,4823,14057,7707,742,440,8846,20257,10481,17568,2526,1746,2246,150,4259,1,13:36
2024-25,1629020,Jarred Vanderbilt,Jarred,1610612747,LAL,Los Angeles Lakers,0022401117,2025-04-03T00:00:00,LAL vs. GSW,L,12.638333333333334,2.8,8.5,0.333,0.0,2.8,0.0,0.0,0.0,0.0,8.5,11.4,19.9,0.0,0.0,0.0,0.0,0.0,2.8,2.8,5.7,-19.9,29.6,0,0,25.6,1,13222,1,13222,20926,19778,19426,17395,15070,17965,15070,13505,14344,13505,653,1698,547,19908,16469,12854,8263,8846,11424,9781,21595,21532,15069,2246,150,17184,1,12:38
2024-25,1631133,Jabari Walker,Jabari,1610612757,POR,Portland Trail Blazers,0022401116,2025-04-03T00:00:00,POR @ TOR,W,17.6,0.0,4.1,0.0,0.0,0.0,0.0,4.1,4.1,1.0,0.0,8.2,8.2,0.0,0.0,2.0,0.0,0.0,8.2,2.0,4.1,24.5,20.0,0,0,16.4,1,1,13086,1,17856,22635,24052,22635,15070,20945,15070,5540,7651,1,14058,4444,7957,19908,16469,6034,8263,8846,1281,12860,22509,2912,21142,2246,150,22561,1,17:36
2024-25,1627824,Guerschon Yabusele,Guerschon,1610612755,PHI,Philadelphia 76ers,0022401115,2025-04-03T00:00:00,PHI vs. MIL,L,35.06666666666667,8.2,15.4,0.533,4.1,9.2,0.444,2.1,2.1,1.0,3.1,3.1,6.2,3.1,1.0,1.0,0.0,0.0,2.1,1.0,22.6,4.1,36.7,0,0,38.0,1,13222,1,13222,3410,6174,7959,8140,3775,4470,7211,10454,12568,1,5175,16463,11918,12669,15664,11700,8263,8846,14856,17285,5791,10593,9923,2246,150,8041,1,35:04
2024-25,1630590,Scotty Pippen Jr.,Scotty,1610612763,MEM,Memphis Grizzlies,0022401114,2025-04-03T00:00:00,MEM @ MIA,W,26.85,8.0,12.1,0.667,4.0,5.4,0.75,2.7,2.7,1.0,0.0,1.3,1.3,9.4,2.7,2.7,1.3,1.3,5.4,4.0,22.8,0.0,47.9,0,0,45.6,1,1,13086,1,10452,6540,13485,3281,3956,12301,1542,8620,10790,1,14058,21209,22771,1767,7585,3951,5482,5444,3908,6243,5637,12240,4016,2246,150,3988,1,26:51
2024-25,1641787,Tosan Evbuomwan,Tosan,1610612751,BKN,Brooklyn Nets,0022401113,2025-04-03T00:00:00,BKN vs. MIN,L,30.333333333333332,7.1,13.1,0.545,1.2,4.7,0.25,0.0,0.0,0.0,1.2,8.3,9.5,3.6,1.2,1.2,0.0,0.0,2.4,1.2,15.4,-13.1,34.5,0,0,32.0,1,13222,1,13222,7467,8657,11768,7695,13439,13844,11902,13505,14344,13505,11887,4269,6072,11213,14541,10295,8263,8846,13334,16470,12491,19148,11420,2246,150,12353,1,30:20
2024-25,1630559,Austin Reaves,Austin,1610612747,LAL,Los Angeles Lakers,0022401117,2025-04-03T00:00:00,LAL vs. GSW,L,40.05,9.0,18.0,0.5,8.1,14.4,0.563,1.8,2.7,0.667,0.9,4.5,5.4,2.7,0.0,0.9,0.0,0.0,4.5,6.3,27.9,1.8,41.1,0,0,45.8,1,13222,1,13222,549,4730,4723,8526,437,834,3745,11246,10754,9425,13911,12275,13828,13919,16469,12670,8263,8846,5791,2294,2832,11739,7130,2246,150,3884,1,40:03
2024-25,203482,Kelly Olynyk,Kelly,1610612740,NOP,New Orleans Pelicans,0022401111,2025-04-02T00:00:00,NOP @ LAC,L,25.866666666666667,5.6,9.7,0.571,2.8,2.8,1.0,2.8,5.6,0.5,1.4,4.2,5.6,4.2,1.4,1.4,0.0,0.0,1.4,2.8,16.7,0.0,32.4,0,0,32.0,1,13222,1,13222,11270,12799,17487,6538,7264,18097,1,8378,5092,10625,10781,13183,13367,9456,13322,8950,8263,8846,17659,10021,11169,12240,12995,2246,150,12381,1,25:52
2024-25,1630539,Kai Jones,Kai,1610612742,DAL,Dallas Mavericks,0022401109,2025-04-02T00:00:00,DAL vs. ATL,W,2.4166666666666665,14.9,14.9,1.0,0.0,0.0,0.0,0.0,0.0,0.0,0.0,14.9,14.9,0.0,0.0,0.0,0.0,0.0,14.9,0.0,29.8,29.8,47.7,0,0,44.7,1,1,13086,1,25259,507,8750,1,15070,20945,15070,13505,14344,13505,14058,595,1818,19908,16469,12854,8263,8846,246,17725,2162,1993,4080,2246,150,4392,1,2:25
2024-25,1642264,Stephon Castle,Stephon,1610612759,SAS,San Antonio Spurs,0022401110,2025-04-02T00:00:00,SAS @ DEN,W,32.95,6.6,19.7,0.333,2.2,6.6,0.333,1.1,2.2,0.5,5.5,10.9,16.4,9.8,1.1,0.0,0.0,3.3,2.2,2.2,16.4,-3.3,49.7,1,0,44.8,1,1,13086,1,5189,10050,3211,17395,9295,9424,9209,12924,12134,10625,1969,1943,1299,1519,15179,12854,8263,1082,14168,12222,11511,14706,3350,1,150,4352,1,32:57
2024-25,1627736,Malik Beasley,Malik,1610612765,DET,Detroit Pistons,0022401108,2025-04-02T00:00:00,DET @ OKC,L,33.233333333333334,4.3,16.2,0.267,3.2,10.8,0.3,0.0,0.0,0.0,0.0,1.1,1.1,0.0,1.1,0.0,0.0,0.0,1.1,0.0,11.9,0.0,12.1,0,0,16.2,1,13222,1,13222,4963,16238,6753,20170,5811,2640,11319,13505,14344,13505,14058,21794,23106,19908,15248,12854,8263,8846,19193,17725,16227,12240,23975,2246,150,22604,1,33:14
2024-25,1641816,Hunter Tyson,Hunter,1610612743,DEN,Denver Nuggets,0022401110,2025-04-02T00:00:00,DEN vs. SAS,L,29.6,8.5,24.3,0.35,3.6,10.9,0.333,1.2,1.2,1.0,3.6,3.6,7.3,0.0,0.0,0.0,0.0,2.4,0.0,1.2,21.9,-8.5,30.6,0,0,32.8,1,13222,1,13222,8140,5588,969,17337,4804,2544,9209,12539,13859,1,4121,14791,9576,19908,16469,12854,8263,2150,20257,16318,6294,17192,14313,2246,150,11773,1,29:36
2024-25,1631323,Simone Fontecchio,Simone,1610612765,DET,Detroit Pistons,0022401108,2025-04-02T00:00:00,DET @ OKC,L,12.35,2.9,11.7,0.25,0.0,5.8,0.0,11.7,11.7,1.0,0.0,0.0,0.0,2.9,0.0,0.0,2.9,2.9,0.0,5.8,17.5,-20.4,30.6,0,0,26.2,1,13222,1,13222,21073,19617,14197,20233,15070,11132,15070,380,849,1,14058,22137,23286,13222,16469,12854,1797,1439,20257,2847,10330,21676,14338,2246,150,16771,1,12:21
2024-25,1642259,Alex Sarr,Alex,1610612764,WAS,Washington Wizards,0022401105,2025-04-02T00:00:00,WAS vs. SAC,W,25.9,8.3,12.5,0.667,4.2,6.9,0.6,0.0,0.0,0.0,0.0,5.6,5.6,1.4,5.6,1.4,1.4,0.0,4.2,1.4,20.8,5.6,32.4,0,0,37.5,1,1,13086,1,11244,5908,12711,3281,3630,8569,2992,13505,14344,13505,14058,9392,13397,18375,1763,8960,5270,8846,6635,15495,7201,9814,13027,2246,150,8342,1,25:54
2024-25,1641717,Cason Wallace,Cason,1610612760,OKC,Oklahoma City Thunder,0022401108,2025-04-02T00:00:00,OKC vs. DET,W,31.916666666666668,6.8,11.3,0.6,1.1,3.4,0.333,0.0,0.0,0.0,4.5,1.1,5.6,4.5,1.1,3.4,0.0,1.1,3.4,2.3,14.7,12.4,37.2,0,0,32.7,1,1,13086,1,6045,9508,14867,5394,13781,16901,9209,13505,14344,13505,2910,21688,13176,8627,14952,2415,8263,6808,9143,11917,13235,6634,9516,2246,150,11871,1,31:55
2024-25,1627734,Domantas Sabonis,Domantas,1610612758,SAC,Sacramento Kings,0022401105,2025-04-02T00:00:00,SAC @ WAS,L,35.43333333333333,8.1,15.2,0.533,1.0,3.0,0.333,1.0,1.0,1.0,6.1,10.2,16.3,7.1,4.1,1.0,0.0,1.0,4.1,3.0,18.3,-5.1,47.4,1,0,44.7,1,13222,1,13222,3125,6355,8192,8140,14451,17557,9209,13190,14191,1,1565,2452,1337,3873,3755,11803,8263,7763,6957,9082,9538,15638,4159,1,150,4390,1,35:26
2024-25,1642268,Isaiah Collier,Isaiah,1610612762,UTA,Utah Jazz,0022401107,2025-04-02T00:00:00,UTA @ HOU,L,32.483333333333334,7.8,12.2,0.636,2.2,5.5,0.4,6.6,8.9,0.75,0.0,5.5,5.5,11.1,0.0,0.0,1.1,0.0,2.2,7.8,24.4,-17.7,51.0,1,0,45.4,1,13222,1,13222,5567,7151,13278,4689,9179,11867,7874,2283,1939,8186,14058,9426,13440,970,16469,12854,6739,8846,14023,1159,4561,20844,2993,1,150,4052,1,32:29
2024-25,1629622,Max Strus,Max,1610612739,CLE,Cleveland Cavaliers,0022401103,2025-04-02T00:00:00,CLE vs. NYK,W,23.316666666666666,4.6,7.7,0.6,3.1,6.2,0.5,0.0,0.0,0.0,3.1,4.6,7.7,3.1,4.6,0.0,0.0,0.0,0.0,1.5,12.4,1.5,21.6,0,0,26.2,1,1,13086,1,13450,15416,20629,5394,6244,10249,3944,13505,14344,13505,5155,11906,8772,12642,2803,12854,8263,8846,20257,14823,15757,11852,20356,2246,150,16755,1,23:19
2024-25,201599,DeAndre Jordan,DeAndre,1610612743,DEN,Denver Nuggets,0022401110,2025-04-02T00:00:00,DEN vs. SAS,L,35.95,2.0,4.0,0.5,0.0,0.0,0.0,6.0,12.0,0.5,4.0,13.0,17.0,1.0,0.0,1.0,1.0,0.0,4.0,7.0,10.0,0.0,38.0,1,0,32.0,1,13222,1,13222,2713,21406,24094,8526,15070,20945,15070,2849,760,10625,3588,1004,1123,19670,16469,11944,7474,8846,7124,1659,18150,12240,9048,1,150,12351,1,35:57
2024-25,1631105,Jalen Duren,Jalen,1610612765,DET,Detroit Pistons,0022401108,2025-04-02T00:00:00,DET @ OKC,L,33.5,3.2,10.7,0.3,0.0,0.0,0.0,7.5,10.7,0.7,6.4,7.5,14.0,3.2,6.4,1.1,2.1,5.4,2.1,6.4,14.0,-20.4,38.8,1,0,37.6,1,13222,1,13222,4727,18941,15783,19363,15070,20945,15070,1653,1099,9366,1390,5458,2248,12216,1153,11236,3075,297,14360,2127,13967,21681,8538,1,150,8279,1,33:30
2024-25,202699,Tobias Harris,Tobias,1610612765,DET,Detroit Pistons,0022401108,2025-04-02T00:00:00,DET @ OKC,L,21.866666666666667,8.2,13.2,0.625,0.0,1.6,0.0,0.0,0.0,0.0,0.0,6.6,6.6,3.3,4.9,0.0,0.0,1.6,4.9,0.0,16.5,-26.3,24.4,0,0,26.3,1,13222,1,13222,14601,6137,11539,4899,15070,20116,15070,13505,14344,13505,14058,7130,10988,12009,2413,12854,8263,4311,4749,17725,11426,23093,18697,2246,150,16678,1,21:52
2024-25,1631114,Jalen Williams,Jalen,1610612760,OKC,Oklahoma City Thunder,0022401108,2025-04-02T00:00:00,OKC vs. DET,W,32.748333333333335,9.9,18.7,0.529,2.2,6.6,0.333,3.3,6.6,0.5,0.0,5.5,5.5,3.3,2.2,0.0,1.1,1.1,2.2,6.6,25.3,8.8,37.9,0,0,38.5,1,1,13086,1,5371,3339,4035,8281,9245,9330,9209,7113,3780,10625,14058,9539,13542,11986,9511,12854,6792,7049,14101,1993,4066,8279,9064,2246,150,7717,1,32:45
2024-25,1630573,Sam Hauser,Sam,1610612738,BOS,Boston Celtics,0022401106,2025-04-02T00:00:00,BOS vs. MIA,L,25.633333333333333,2.8,7.0,0.4,2.8,7.0,0.4,0.0,0.0,0.0,1.4,2.8,4.2,0.0,0.0,0.0,0.0,0.0,5.6,0.0,8.4,-16.9,13.5,0,0,15.4,1,13222,1,13222,11458,19857,21532,14933,7185,8421,7874,13505,14344,13505,10730,17369,16764,19908,16469,12854,8263,8846,3518,17725,19573,20564,23638,2246,150,22897,1,25:38
2024-25,1630182,Josh Green,Josh,1610612766,CHA,Charlotte Hornets,0022401104,2025-04-02T00:00:00,CHA @ IND,L,8.133333333333333,4.4,17.7,0.25,4.4,8.9,0.5,0.0,0.0,0.0,0.0,4.4,4.4,4.4,8.9,0.0,0.0,0.0,0.0,4.4,13.3,-26.6,16.4,0,0,26.6,1,13222,1,13222,22768,15991,4999,20233,3194,5015,3944,13505,14344,13505,14058,12463,16224,8818,441,12854,8263,8846,20257,5289,14775,23142,22713,2246,150,16497,1,8:08
2024-25,1631109,Mark Williams,Mark,1610612766,CHA,Charlotte Hornets,0022401104,2025-04-02T00:00:00,CHA @ IND,L,32.25,6.7,8.9,0.75,0.0,1.1,0.0,4.5,6.7,0.667,3.3,10.0,13.4,1.1,4.5,0.0,0.0,1.1,0.0,3.3,17.9,-16.7,31.1,1,0,32.4,1,13222,1,13222,5778,9684,18825,2107,15070,20724,15070,4887,3658,9425,4640,2538,2551,19303,3047,12854,8263,6899,20257,8095,9960,20531,13951,1,150,12089,1,32:15
2024-25,1629162,Jordan McLaughlin,Jordan,1610612759,SAS,San Antonio Spurs,0022401110,2025-04-02T00:00:00,SAS @ DEN,W,17.016666666666666,2.1,4.2,0.5,2.1,4.2,0.5,0.0,0.0,0.0,0.0,0.0,0.0,4.2,0.0,2.1,0.0,0.0,0.0,0.0,6.3,16.9,19.0,0,0,16.9,1,1,13086,1,18243,21216,23973,8526,9621,15047,3944,13505,14344,13505,14058,22137,23286,9308,16469,5712,8263,8846,20257,17725,21155,4931,21623,2246,150,22342,1,17:01
2024-25,1628970,Miles Bridges,Miles,1610612766,CHA,Charlotte Hornets,0022401104,2025-04-02T00:00:00,CHA @ IND,L,24.416666666666668,10.3,14.7,0.7,2.9,4.4,0.667,2.9,2.9,1.0,1.5,4.4,5.9,7.4,1.5,0.0,1.5,0.0,0.0,1.5,26.5,16.2,47.6,0,0,45.7,1,13222,1,13222,12550,2897,8986,3045,6682,14631,1957,7956,10096,1,10415,12472,12534,3542,12880,12854,4947,8846,20257,15110,3410,5177,4102,2246,150,3931,1,24:25
2024-25,1626168,Trey Lyles,Trey,1610612758,SAC,Sacramento Kings,0022401105,2025-04-02T00:00:00,SAC @ WAS,L,17.766666666666666,0.0,6.1,0.0,0.0,4.1,0.0,2.0,4.1,0.5,4.1,4.1,8.1,2.0,2.0,2.0,0.0,0.0,2.0,2.0,2.0,-12.2,18.8,0,0,16.2,1,13222,1,13222,17729,22635,22528,22635,15070,15472,15070,10552,7730,10625,3521,13565,8085,16278,10389,6131,8263,8846,14985,12956,23154,18798,21735,2246,150,22632,1,17:46
2024-25,1628988,Aaron Holiday,Aaron,1610612745,HOU,Houston Rockets,0022401107,2025-04-02T00:00:00,HOU vs. UTA,W,13.305,5.4,16.2,0.333,5.4,16.2,0.333,0.0,0.0,0.0,0.0,5.4,5.4,5.4,2.7,2.7,0.0,0.0,2.7,0.0,16.2,43.3,36.3,0,0,37.9,1,1,13086,1,20595,13242,6784,17395,1835,500,9209,13505,14344,13505,14058,9760,13788,6613,7518,3895,8263,8846,12021,17725,11682,768,10190,2246,150,8109,1,13:18
2024-25,203501,Tim Hardaway Jr.,Tim,1610612765,DET,Detroit Pistons,0022401108,2025-04-02T00:00:00,DET @ OKC,L,37.483333333333334,7.7,13.4,0.571,4.8,8.6,0.556,1.9,1.9,1.0,0.0,2.9,2.9,2.9,0.0,0.0,0.0,0.0,3.8,1.9,22.1,-10.6,29.9,0,0,32.7,1,13222,1,13222,1690,7308,11091,6538,2553,5354,3747,10886,12930,1,14058,17147,20038,13345,16469,12854,8263,8846,7623,13437,6140,18136,14896,2246,150,11904,1,37:29
2024-25,1628370,Malik Monk,Malik,1610612758,SAC,Sacramento Kings,0022401105,2025-04-02T00:00:00,SAC @ WAS,L,34.583333333333336,4.2,13.5,0.308,2.1,9.4,0.222,3.1,4.2,0.75,0.0,3.1,3.1,3.1,1.0,2.1,0.0,0.0,2.1,2.1,13.5,3.1,27.2,0,0,26.0,1,13222,1,13222,3799,16690,10955,19226,9757,4294,13288,7486,7486,8186,14058,16351,19429,12547,15552,5862,8263,8846,14691,12697,14464,11048,16836,2246,150,16918,1,34:35
2024-25,1630230,Naji Marshall,Naji,1610612742,DAL,Dallas Mavericks,0022401109,2025-04-02T00:00:00,DAL vs. ATL,W,34.61666666666667,2.1,6.2,0.333,0.0,3.1,0.0,2.1,2.1,1.0,0.0,2.1,2.1,8.3,0.0,0.0,0.0,0.0,1.0,1.0,6.2,-10.4,21.2,0,0,16.6,1,1,13086,1,3771,21269,22381,17395,15070,17423,15070,10355,12481,1,14058,19424,21653,2591,16469,12854,8263,8846,19467,17215,21221,18068,20591,2246,150,22453,1,34:37
2024-25,1630531,Jaden Springer,Jaden,1610612762,UTA,Utah Jazz,0022401107,2025-04-02T00:00:00,UTA @ HOU,L,4.683333333333334,7.7,15.4,0.5,0.0,7.7,0.0,7.7,15.4,0.5,7.7,7.7,15.4,0.0,0.0,0.0,0.0,0.0,7.7,7.7,23.1,-7.7,41.5,0,0,38.4,1,13222,1,13222,24147,7297,7998,8526,15070,7022,15070,1563,324,10625,886,5178,1617,19908,16469,12854,8263,8846,1513,1206,5442,16819,6880,2246,150,7745,1,4:41
2024-25,1626181,Norman Powell,Norman,1610612746,LAC,LA Clippers,0022401111,2025-04-02T00:00:00,LAC vs. NOP,W,30.933333333333334,4.7,12.8,0.364,1.2,5.8,0.2,2.3,2.3,1.0,0.0,1.2,1.2,1.2,1.2,0.0,0.0,1.2,0.0,1.2,12.8,14.0,14.8,0,0,16.3,1,1,13086,1,6932,15347,12206,16861,13572,11159,13429,9534,11699,1,14058,21607,22994,19140,14700,12854,8263,6526,20257,16578,15288,6028,23247,2246,150,22592,1,30:56
2024-25,1628384,OG Anunoby,OG,1610612752,NYK,New York Knicks,0022401103,2025-04-02T00:00:00,NYK @ CLE,L,33.87,9.6,18.1,0.529,5.3,8.5,0.625,0.0,0.0,0.0,2.1,4.3,6.4,6.4,1.1,0.0,0.0,2.1,4.3,1.1,24.4,-14.9,40.6,0,0,42.5,1,13222,1,13222,4383,3781,4598,8281,1936,5583,2868,13505,14344,13505,7867,12968,11454,4885,15400,12854,8263,2850,6426,17102,4525,19859,7393,2246,150,5401,1,33:52
2024-25,201145,Jeff Green,Jeff,1610612745,HOU,Houston Rockets,0022401107,2025-04-02T00:00:00,HOU vs. UTA,W,6.616666666666666,5.4,16.3,0.333,5.4,10.9,0.5,0.0,0.0,0.0,0.0,5.4,5.4,0.0,0.0,0.0,0.0,0.0,5.4,0.0,16.3,21.8,22.9,0,0,27.2,1,1,13086,1,23325,13151,6645,17395,1798,2602,3944,13505,14344,13505,14058,9692,13698,19908,16469,12854,8263,8846,3783,17725,11573,3514,19649,2246,150,16018,1,6:37
2024-25,1630558,Davion Mitchell,Davion,1610612748,MIA,Miami Heat,0022401106,2025-04-02T00:00:00,MIA @ BOS,W,33.598333333333336,5.4,10.7,0.5,3.2,6.4,0.5,0.0,0.0,0.0,1.1,3.2,4.3,7.5,1.1,3.2,0.0,0.0,3.2,1.1,13.9,22.5,38.9,0,0,35.4,1,1,13086,1,4650,13377,15859,8526,5916,9691,3944,13505,14344,13505,12705,16039,16567,3399,15327,2708,8263,8846,9802,17056,14015,3365,8480,2246,150,9832,1,33:36
2024-25,1630192,Zeke Nnaji,Zeke,1610612743,DEN,Denver Nuggets,0022401110,2025-04-02T00:00:00,DEN vs. SAS,L,22.65,3.2,9.5,0.333,1.6,4.8,0.333,4.8,6.4,0.75,1.6,3.2,4.8,1.6,1.6,0.0,0.0,3.2,1.6,3.2,12.7,15.9,19.2,0,0,20.7,1,13222,1,13222,13991,19034,17876,17395,11711,13787,9209,4396,4056,8186,9965,16162,15372,17680,12383,12854,8263,1166,16903,8632,15370,5290,21527,2246,150,20476,1,22:39
2024-25,1631311,Lester Quinones,Lester,1610612740,NOP,New Orleans Pelicans,0022401111,2025-04-02T00:00:00,NOP @ LAC,L,2.683333333333333,0.0,13.4,0.0,0.0,13.4,0.0,0.0,0.0,0.0,0.0,0.0,0.0,0.0,0.0,0.0,13.4,0.0,0.0,0.0,0.0,26.8,40.2,0,0,26.8,1,13222,1,13222,25134,22635,11123,22635,15070,1122,15070,13505,14344,13505,14058,22137,23286,19908,16469,12854,31,8846,20257,17725,23200,2460,7598,2246,150,16280,1,2:41
2024-25,1631117,Walker Kessler,Walker,1610612762,UTA,Utah Jazz,0022401107,2025-04-02T00:00:00,UTA @ HOU,L,27.716666666666665,6.5,13.0,0.5,0.0,1.3,0.0,1.3,6.5,0.2,6.5,9.1,15.6,1.3,0.0,2.6,2.6,1.3,2.6,3.9,14.3,-40.3,50.5,1,0,41.6,1,13222,1,13222,9778,10204,11873,8526,15070,20494,15070,12306,3892,13489,1373,3415,1555,18662,16469,4145,2219,5660,12435,6571,13627,24858,3123,1,150,5872,1,27:43
2024-25,1642358,AJ Johnson,AJ,1610612764,WAS,Washington Wizards,0022401105,2025-04-02T00:00:00,WAS vs. SAC,W,36.50666666666667,6.9,13.8,0.5,2.0,5.9,0.333,3.0,3.9,0.75,0.0,2.0,2.0,5.9,3.0,1.0,0.0,0.0,5.9,2.0,18.7,-9.9,30.0,0,0,30.6,1,1,13086,1,2334,9152,10482,8526,10290,10901,9209,7927,7961,8186,14058,19751,21855,5648,6620,12074,8263,8846,3054,13204,9099,17821,14812,2246,150,13498,1,36:30
2024-25,1629234,Drew Eubanks,Drew,1610612746,LAC,LA Clippers,0022401111,2025-04-02T00:00:00,LAC vs. NOP,W,2.683333333333333,13.4,26.8,0.5,0.0,0.0,0.0,0.0,0.0,0.0,0.0,0.0,0.0,0.0,0.0,0.0,0.0,13.4,0.0,0.0,26.8,-26.8,26.8,0,0,26.8,1,1,13086,1,25134,866,519,8526,15070,20945,15070,13505,14344,13505,14058,22137,23286,19908,16469,12854,8263,35,20257,17725,3278,23208,17064,2246,150,16280,1,2:41
2024-25,1626153,Delon Wright,Delon,1610612752,NYK,New York Knicks,0022401103,2025-04-02T00:00:00,NYK @ CLE,L,33.1,3.3,9.8,0.333,1.1,5.4,0.2,0.0,0.0,0.0,3.3,0.0,3.3,6.5,1.1,1.1,0.0,0.0,2.2,1.1,7.6,-16.3,23.5,0,0,20.7,1,13222,1,13222,5069,18845,17408,17395,14017,12114,13429,13505,14344,13505,4813,22137,19074,4668,15216,11121,8263,8846,14218,16962,20233,20381,19265,2246,150,20475,1,33:06
2024-25,1631217,Moussa Diabaté,Moussa,1610612766,CHA,Charlotte Hornets,0022401104,2025-04-02T00:00:00,CHA @ IND,L,13.25,8.2,8.2,1.0,0.0,0.0,0.0,5.4,5.4,1.0,2.7,5.4,8.2,0.0,0.0,2.7,0.0,0.0,2.7,2.7,21.7,-8.2,39.7,0,0,35.3,1,13222,1,13222,20626,6299,20013,1,15070,20945,15070,3494,5271,1,6051,9705,8004,19908,16469,3869,8263,8846,11962,10267,6435,17034,7981,2246,150,9858,1,13:15
2024-25,1629111,Jock Landale,Jock,1610612745,HOU,Houston Rockets,0022401107,2025-04-02T00:00:00,HOU vs. UTA,W,19.766666666666666,5.5,9.1,0.6,0.0,1.8,0.0,0.0,0.0,0.0,7.3,1.8,9.1,3.6,1.8,0.0,1.8,1.8,1.8,1.8,10.9,23.7,31.0,0,0,27.3,1,1,13086,1,16206,13092,18554,5394,15070,19881,15070,13505,14344,13505,1030,20187,6578,10959,11448,12854,4004,3828,16076,13842,17237,3110,14080,2246,150,15932,1,19:46
2024-25,1631165,Keon Ellis,Keon,1610612758,SAC,Sacramento Kings,0022401105,2025-04-02T00:00:00,SAC @ WAS,L,22.1,1.6,8.1,0.2,0.0,4.9,0.0,0.0,0.0,0.0,1.6,3.3,4.9,0.0,1.6,4.9,1.6,0.0,1.6,0.0,3.3,-6.5,27.0,0,0,21.2,1,13222,1,13222,14414,21995,20033,21401,15070,13476,15070,13505,14344,13505,9816,15912,15099,19908,12219,972,4485,8846,16782,17725,22868,16300,16908,2246,150,20169,1,22:06
2024-25,1626167,Myles Turner,Myles,1610612754,IND,Indiana Pacers,0022401104,2025-04-02T00:00:00,IND vs. CHA,W,28.533333333333335,7.6,12.6,0.6,3.8,8.8,0.429,0.0,0.0,0.0,3.8,7.6,11.4,2.5,2.5,0.0,2.5,0.0,5.0,0.0,18.9,3.8,41.4,0,0,41.6,1,1,13086,1,9085,7599,12539,5394,4484,5053,7394,13505,14344,13505,3908,5377,4090,14459,8142,12854,2332,8846,4506,17725,8928,10760,6938,2246,150,5829,1,28:32
2024-25,1630700,Dyson Daniels,Dyson,1610612737,ATL,Atlanta Hawks,0022401109,2025-04-02T00:00:00,ATL @ DAL,L,32.88333333333333,7.7,13.1,0.583,3.3,4.4,0.75,0.0,0.0,0.0,2.2,4.4,6.6,5.5,2.2,1.1,0.0,1.1,1.1,0.0,18.6,0.0,35.8,0,0,36.1,1,13222,1,13222,5255,7344,11601,6296,5721,14733,1542,13505,14344,13505,7614,12578,11024,6480,9551,11062,8263,7087,19133,17725,9203,12240,10508,2246,150,9280,1,32:53
2024-25,1641726,Dereck Lively II,Dereck,1610612742,DAL,Dallas Mavericks,0022401109,2025-04-02T00:00:00,DAL vs. ATL,W,15.883333333333333,2.3,2.3,1.0,0.0,0.0,0.0,4.5,9.1,0.5,2.3,9.1,11.3,2.3,0.0,0.0,2.3,0.0,2.3,4.5,9.1,-4.5,32.9,0,0,27.2,1,1,13086,1,19006,20916,24703,1,15070,20945,15070,4777,1836,10625,7360,3443,4104,15357,16469,12854,2808,8846,13795,5066,19011,15339,12681,2246,150,16022,1,15:53
2024-25,1642280,Trentyn Flowers,Trentyn,1610612746,LAC,LA Clippers,0022401111,2025-04-02T00:00:00,LAC vs. NOP,W,2.683333333333333,0.0,0.0,0.0,0.0,0.0,0.0,26.8,26.8,1.0,0.0,0.0,0.0,0.0,0.0,0.0,0.0,0.0,0.0,13.4,26.8,-26.8,26.8,0,0,26.8,1,1,13086,1,25134,22635,24836,22635,15070,20945,15070,42,69,1,14058,22137,23286,19908,16469,12854,8263,8846,20257,138,3278,23208,17064,2246,150,16280,1,2:41
2024-25,201942,DeMar DeRozan,DeMar,1610612758,SAC,Sacramento Kings,0022401105,2025-04-02T00:00:00,SAC @ WAS,L,39.583333333333336,9.1,20.9,0.435,0.9,4.5,0.2,7.3,10.9,0.667,2.7,3.6,6.4,7.3,0.9,0.0,0.9,1.8,1.8,7.3,26.4,3.6,46.7,0,0,42.7,1,13222,1,13222,692,4536,2394,13702,14930,14324,13429,1815,1051,9425,6036,14825,11473,3651,16324,12854,8048,3839,16089,1461,3493,10841,4425,2246,150,5289,1,39:35
2024-25,1628971,Bruce Brown,Bruce,1610612740,NOP,New Orleans Pelicans,0022401111,2025-04-02T00:00:00,NOP @ LAC,L,23.033333333333335,10.9,18.8,0.583,1.6,3.1,0.5,1.6,1.6,1.0,0.0,7.8,7.8,1.6,3.1,3.1,0.0,1.6,4.7,3.1,25.0,4.7,43.0,0,0,42.2,1,13222,1,13222,13699,2309,3967,6296,11812,17409,3944,11660,13428,1,14058,4986,8589,17758,6049,2878,8263,4545,5312,8792,4213,10292,6143,2246,150,5548,1,23:02
2024-25,1641729,Brice Sensabaugh,Brice,1610612762,UTA,Utah Jazz,0022401107,2025-04-02T00:00:00,UTA @ HOU,L,33.11666666666667,2.2,10.9,0.2,2.2,6.5,0.333,4.3,5.4,0.8,0.0,3.3,3.3,3.3,1.1,1.1,0.0,1.1,1.1,2.2,10.9,-38.0,21.9,0,0,21.7,1,13222,1,13222,5055,21083,15562,21401,9339,9498,9209,5072,5268,7681,14058,15905,19081,12110,15222,11127,8263,7171,19171,12269,17294,24706,20231,2246,150,19821,1,33:07
2024-25,1629652,Luguentz Dort,Luguentz,1610612760,OKC,Oklahoma City Thunder,0022401108,2025-04-02T00:00:00,OKC vs. DET,W,33.373333333333335,5.4,11.9,0.455,4.3,9.7,0.444,0.0,0.0,0.0,1.1,6.5,7.6,1.1,2.2,1.1,0.0,1.1,2.2,0.0,15.1,19.4,26.9,0,0,30.2,1,1,13086,1,4837,13296,13842,12676,3361,3841,7211,13505,14344,13505,12651,7367,9069,19419,9695,11206,8263,7238,14318,17725,12805,4136,17049,2246,150,13798,1,33:22
2024-25,1642271,Kyle Filipowski,Kyle,1610612762,UTA,Utah Jazz,0022401107,2025-04-02T00:00:00,UTA @ HOU,L,31.25,3.5,16.1,0.214,0.0,6.9,0.0,0.0,0.0,0.0,2.3,10.4,12.7,1.2,2.3,2.3,2.3,2.3,4.6,1.2,6.9,-18.4,35.4,0,0,30.0,1,13222,1,13222,6660,18414,6931,21369,15070,8642,15070,13505,14344,13505,7229,2312,3019,19176,9047,5023,2738,2421,5519,16635,20784,21050,10825,2246,150,13975,1,31:15
2024-25,1630241,Sam Merrill,Sam,1610612739,CLE,Cleveland Cavaliers,0022401103,2025-04-02T00:00:00,CLE vs. NYK,W,22.533333333333335,3.2,6.4,0.5,1.6,4.8,0.333,0.0,0.0,0.0,1.6,4.8,6.4,4.8,1.6,0.0,0.0,0.0,1.6,0.0,8.0,12.8,21.2,0,0,20.8,1,1,13086,1,14083,19008,22221,8526,11682,13724,9209,13505,14344,13505,9931,11457,11423,7937,12345,12854,8263,8846,16884,17725,19931,6486,20571,2246,150,20431,1,22:32
2024-25,1628392,Isaiah Hartenstein,Isaiah,1610612760,OKC,Oklahoma City Thunder,0022401108,2025-04-02T00:00:00,OKC vs. DET,W,23.298333333333332,3.1,9.3,0.333,0.0,1.5,0.0,1.5,3.1,0.5,1.5,10.8,12.4,9.3,1.5,3.1,3.1,0.0,6.2,1.5,7.7,4.6,53.5,0,0,41.7,1,1,13086,1,13475,19226,18301,17395,15070,20230,15070,11703,9748,10625,10137,2008,3225,1820,12561,2950,1585,8846,2728,14820,20150,10317,2340,2246,150,5791,1,23:18
2024-25,203084,Harrison Barnes,Harrison,1610612759,SAS,San Antonio Spurs,0022401110,2025-04-02T00:00:00,SAS @ DEN,W,31.283333333333335,9.2,17.3,0.533,3.5,9.2,0.375,1.2,1.2,1.0,0.0,9.2,9.2,3.5,1.2,1.2,0.0,0.0,1.2,2.3,23.0,10.4,41.5,0,0,41.4,1,1,13086,1,6630,4345,5496,8140,5249,4514,8800,12749,13961,1,14058,3304,6440,11544,14785,10569,8263,8846,18808,11731,5466,7532,6864,2246,150,5963,1,31:17
2024-25,201935,James Harden,James,1610612746,LAC,LA Clippers,0022401111,2025-04-02T00:00:00,LAC vs. NOP,W,33.833333333333336,7.4,14.9,0.5,1.1,6.4,0.167,6.4,8.5,0.75,0.0,0.0,0.0,10.6,2.1,1.1,3.2,1.1,0.0,5.3,22.3,13.8,48.9,1,0,42.6,1,1,13086,1,4412,7896,8761,8526,14169,9790,14236,2515,2181,8186,14058,22137,23286,1143,9856,11354,1487,7369,20257,3600,5973,6069,3642,1,150,5370,1,33:50
2024-25,1631104,Blake Wesley,Blake,1610612759,SAS,San Antonio Spurs,0022401110,2025-04-02T00:00:00,SAS @ DEN,W,20.916666666666668,8.6,10.3,0.833,5.2,5.2,1.0,3.4,6.9,0.5,0.0,3.4,3.4,1.7,5.2,0.0,0.0,0.0,0.0,5.2,25.8,8.6,27.4,0,0,36.1,1,1,13086,1,15345,5422,16511,1514,2087,12792,1,6808,3488,10625,14058,15402,18681,17308,2151,12854,8263,8846,20257,3828,3763,8360,16687,2246,150,9269,1,20:55
2024-25,1629673,Jordan Poole,Jordan,1610612764,WAS,Washington Wizards,0022401105,2025-04-02T00:00:00,WAS vs. SAC,W,24.416666666666668,11.8,20.6,0.571,2.9,10.3,0.286,7.4,7.4,1.0,0.0,2.9,2.9,2.9,0.0,0.0,0.0,1.5,2.9,2.9,33.9,7.4,41.9,0,0,42.8,1,1,13086,1,12550,1668,2548,6538,6682,3134,11433,1752,3023,1,14058,16892,19854,13095,16469,12854,8263,4865,10939,9426,1141,8948,6688,2246,150,5282,1,24:25
2024-25,1627826,Ivica Zubac,Ivica,1610612746,LAC,LA Clippers,0022401111,2025-04-02T00:00:00,LAC vs. NOP,W,33.11666666666667,6.5,8.7,0.75,0.0,0.0,0.0,5.4,6.5,0.833,2.2,8.7,10.9,6.5,1.1,0.0,0.0,0.0,1.1,5.4,18.5,19.6,40.2,1,0,35.9,1,1,13086,1,5055,10129,19198,2107,15070,20945,15070,3491,3860,7275,7676,3842,4532,4679,15222,12854,8263,8846,19171,3424,9339,4085,7618,1,150,9465,1,33:07
2024-25,1641767,Ben Sheppard,Ben,1610612754,IND,Indiana Pacers,0022401104,2025-04-02T00:00:00,IND vs. CHA,W,13.866666666666667,2.6,5.2,0.5,2.6,5.2,0.5,0.0,0.0,0.0,0.0,0.0,0.0,5.2,0.0,2.6,0.0,0.0,5.2,0.0,7.8,0.0,23.4,0,0,20.8,1,1,13086,1,20260,20282,23325,8526,7841,12716,3944,13505,14344,13505,14058,22137,23286,7043,16469,4148,8263,8846,4208,17725,20091,12240,19334,2246,150,20420,1,13:52
2024-25,1631255,Karlo Matković,Karlo,1610612740,NOP,New Orleans Pelicans,0022401111,2025-04-02T00:00:00,NOP @ LAC,L,17.966666666666665,10.0,16.0,0.625,0.0,2.0,0.0,0.0,2.0,0.0,2.0,8.0,10.0,4.0,2.0,4.0,0.0,2.0,10.0,4.0,20.0,-26.0,48.1,0,0,42.1,1,13222,1,13222,17583,3204,7071,4899,15070,19553,15070,13505,12713,13505,8365,4685,5416,9915,10505,1626,8263,3221,698,6286,7895,23041,3942,2246,150,5600,1,17:58
2024-25,1642461,Spencer Jones,Spencer,1610612743,DEN,Denver Nuggets,0022401110,2025-04-02T00:00:00,DEN vs. SAS,L,23.933333333333334,3.0,12.0,0.25,0.0,6.0,0.0,0.0,0.0,0.0,1.5,4.5,6.0,3.0,0.0,0.0,3.0,0.0,4.5,0.0,6.0,-19.6,26.8,0,0,21.1,1,13222,1,13222,12962,19395,13534,20233,15070,10653,15070,13505,14344,13505,10299,12234,12236,12895,16469,12854,1682,8846,5751,17725,21375,21415,17104,2246,150,20247,1,23:56
2024-25,1631116,Patrick Baldwin Jr.,Patrick,1610612746,LAC,LA Clippers,0022401111,2025-04-02T00:00:00,LAC vs. NOP,W,2.683333333333333,0.0,0.0,0.0,0.0,0.0,0.0,0.0,0.0,0.0,0.0,13.4,13.4,13.4,0.0,0.0,0.0,0.0,0.0,0.0,0.0,-26.8,36.2,0,0,26.8,1,1,13086,1,25134,22635,24836,22635,15070,20945,15070,13505,14344,13505,14058,890,2532,459,16469,12854,8263,8846,20257,17725,23200,23208,10219,2246,150,16280,1,2:41
2024-25,1627747,Caris LeVert,Caris,1610612737,ATL,Atlanta Hawks,0022401109,2025-04-02T00:00:00,ATL @ DAL,L,24.133333333333333,6.0,14.9,0.4,1.5,6.0,0.25,7.5,9.0,0.833,1.5,4.5,6.0,7.5,3.0,0.0,0.0,0.0,1.5,6.0,20.9,0.0,36.2,0,0,35.8,1,13222,1,13222,12774,11607,8726,14933,12068,10762,11902,1698,1899,7275,10355,12323,12369,3448,6554,12854,8263,8846,17255,2667,7178,12240,10196,2246,150,9513,1,24:08
2024-25,1630322,Lindy Waters III,Lindy,1610612765,DET,Detroit Pistons,0022401108,2025-04-02T00:00:00,DET @ OKC,L,17.505,2.1,8.2,0.25,2.1,6.2,0.333,0.0,0.0,0.0,0.0,2.1,2.1,2.1,0.0,0.0,0.0,0.0,6.2,2.1,6.2,4.1,11.7,0,0,12.3,1,13222,1,13222,17916,21306,19909,20233,9891,10272,9209,13505,14344,13505,14058,19491,21688,16170,16469,12854,8263,8846,2743,12825,21266,10587,24077,2246,150,23913,1,17:30
2024-25,1629013,Landry Shamet,Landry,1610612752,NYK,New York Knicks,0022401103,2025-04-02T00:00:00,NYK @ CLE,L,26.25,2.7,9.6,0.286,1.4,6.9,0.2,0.0,0.0,0.0,1.4,1.4,2.7,0.0,0.0,0.0,0.0,0.0,1.4,1.4,6.9,-15.1,10.1,0,0,11.0,1,13222,1,13222,10949,19991,17768,19630,12555,8760,13429,13505,14344,13505,10879,21149,20371,19908,16469,12854,8263,8846,17737,15565,20815,19940,24386,2246,150,24226,1,26:15
2024-25,1642382,Branden Carlson,Branden,1610612760,OKC,Oklahoma City Thunder,0022401108,2025-04-02T00:00:00,OKC vs. DET,W,0.46,0.0,0.0,0.0,0.0,0.0,0.0,0.0,0.0,0.0,0.0,0.0,0.0,0.0,0.0,0.0,0.0,0.0,0.0,0.0,0.0,0.0,0.0,0,0,0.0,1,1,13086,1,26212,22635,24836,22635,15070,20945,15070,13505,14344,13505,14058,22137,23286,19908,16469,12854,8263,8846,20257,17725,23200,12240,25228,2246,150,25259,1,0:28
2024-25,1642275,Tidjane Salaün,Tidjane,1610612766,CHA,Charlotte Hornets,0022401104,2025-04-02T00:00:00,CHA @ IND,L,27.016666666666666,4.0,10.7,0.375,1.3,5.3,0.25,0.0,0.0,0.0,1.3,5.3,6.7,2.7,2.7,0.0,0.0,1.3,2.7,0.0,9.3,-25.3,18.7,0,0,20.0,1,13222,1,13222,10318,17099,15960,16299,12725,12388,11902,13505,14344,13505,11051,9959,10818,14001,7638,12854,8263,5487,12185,17725,18789,22875,21816,2246,150,20870,1,27:01
2024-25,1630256,Jae'Sean Tate,Jae'Sean,1610612745,HOU,Houston Rockets,0022401107,2025-04-02T00:00:00,HOU vs. UTA,W,12.0,3.0,6.0,0.5,0.0,3.0,0.0,0.0,0.0,0.0,6.0,0.0,6.0,0.0,0.0,0.0,0.0,0.0,3.0,0.0,6.0,33.0,13.2,0,0,12.0,1,1,13086,1,21228,19415,22595,8526,15070,17643,15070,13505,14344,13505,1612,22137,12271,19908,16469,12854,8263,8846,10710,17725,21387,1627,23719,2246,150,23970,1,12:00
2024-25,1629674,Neemias Queta,Neemias,1610612738,BOS,Boston Celtics,0022401106,2025-04-02T00:00:00,BOS vs. MIA,L,18.75,5.8,5.8,1.0,0.0,0.0,0.0,1.9,1.9,1.0,3.8,9.6,13.4,3.8,0.0,0.0,1.9,0.0,3.8,1.9,13.4,-28.8,41.1,0,0,34.6,1,13222,1,13222,17005,12230,22854,1,15070,20945,15070,10888,12931,1,3822,2915,2516,10393,16469,12854,3706,8846,7628,13439,14578,23551,7124,2246,150,10395,1,18:45
2024-25,1630249,Vít Krejčí,Vít,1610612737,ATL,Atlanta Hawks,0022401109,2025-04-02T00:00:00,ATL @ DAL,L,15.783333333333333,9.1,11.4,0.8,6.8,9.1,0.75,0.0,0.0,0.0,0.0,2.3,2.3,0.0,0.0,0.0,0.0,0.0,2.3,0.0,25.1,-41.1,27.8,0,0,34.2,1,13222,1,13222,19079,4494,14649,1688,820,4637,1542,13505,14344,13505,14058,18821,21243,19908,16469,12854,8263,8846,13717,17725,4172,24914,16348,2246,150,10692,1,15:47
2024-25,1628997,Caleb Martin,Caleb,1610612742,DAL,Dallas Mavericks,0022401109,2025-04-02T00:00:00,DAL vs. ATL,W,27.6,2.6,5.2,0.5,1.3,1.3,1.0,3.9,5.2,0.75,0.0,1.3,1.3,1.3,2.6,2.6,0.0,0.0,3.9,2.6,10.4,6.5,19.2,0,0,19.6,1,1,13086,1,9868,20263,23309,8526,12841,20488,1,5856,5575,8186,14058,21275,22813,18641,7841,4120,8263,8846,7402,10607,17721,9369,21562,2246,150,21114,1,27:36
2024-25,1627783,Pascal Siakam,Pascal,1610612754,IND,Indiana Pacers,0022401104,2025-04-02T00:00:00,IND vs. CHA,W,28.3,7.6,19.1,0.4,1.3,5.1,0.25,2.5,5.1,0.5,1.3,6.4,7.6,1.3,1.3,2.5,0.0,0.0,2.5,2.5,19.1,10.2,36.5,0,0,34.3,1,1,13086,1,9299,7428,3688,14933,12974,12988,11902,8929,5775,10625,11346,7575,8906,18752,13954,4272,8263,8846,12624,10822,8775,7608,10021,2246,150,10571,1,28:18
2024-25,1641725,Trey Alexander,Trey,1610612743,DEN,Denver Nuggets,0022401110,2025-04-02T00:00:00,DEN vs. SAS,L,19.95,5.4,19.8,0.273,1.8,10.8,0.167,0.0,0.0,0.0,1.8,1.8,3.6,1.8,3.6,0.0,0.0,1.8,1.8,0.0,12.6,-10.8,16.1,0,0,19.8,1,13222,1,13222,16058,13228,3067,20048,11059,2647,14236,13505,14344,13505,9221,20232,18301,17068,4758,12854,8263,3887,16160,17725,15454,18244,22828,2246,150,20947,1,19:57
2024-25,1628389,Bam Adebayo,Bam,1610612748,MIA,Miami Heat,0022401106,2025-04-02T00:00:00,MIA @ BOS,W,30.683333333333334,10.6,17.6,0.6,2.3,3.5,0.667,1.2,1.2,1.0,0.0,5.9,5.9,7.0,0.0,0.0,0.0,1.2,2.3,3.5,24.6,15.3,42.2,0,0,39.9,1,1,13086,1,7138,2659,5135,5394,8680,16614,1957,12688,13932,1,14058,8626,12601,3966,16469,12854,8263,6460,13454,7612,4400,5522,6508,2246,150,6841,1,30:41
2024-25,1629610,DaQuan Jeffries,DaQuan,1610612766,CHA,Charlotte Hornets,0022401104,2025-04-02T00:00:00,CHA @ IND,L,23.883333333333333,4.5,10.6,0.429,3.0,6.0,0.5,0.0,0.0,0.0,0.0,3.0,3.0,1.5,4.5,0.0,0.0,0.0,4.5,0.0,12.1,-15.1,13.4,0,0,19.6,1,13222,1,13222,13003,15707,16131,13735,6451,10622,3944,13505,14344,13505,14058,16665,19685,17949,2966,12854,8263,8846,5729,17725,16087,19935,23660,2246,150,21098,1,23:53
2024-25,1641716,Jarace Walker,Jarace,1610612754,IND,Indiana Pacers,0022401104,2025-04-02T00:00:00,IND vs. CHA,W,22.033333333333335,4.9,13.1,0.375,4.9,8.2,0.6,1.6,3.3,0.5,0.0,9.8,9.8,3.3,0.0,0.0,0.0,1.6,1.6,1.6,16.3,34.3,33.0,0,0,34.3,1,1,13086,1,14474,14674,11734,16299,2403,6142,2992,11534,9385,10625,14058,2724,5672,12085,16469,12854,8263,4353,16767,14512,11566,1470,12594,2246,150,10598,1,22:02
2024-25,1630550,JT Thor,JT,1610612764,WAS,Washington Wizards,0022401105,2025-04-02T00:00:00,WAS vs. SAC,W,26.0,1.4,2.8,0.5,1.4,2.8,0.5,0.0,0.0,0.0,1.4,8.3,9.7,1.4,2.8,1.4,0.0,0.0,2.8,0.0,4.2,-2.8,19.2,0,0,19.4,1,1,13086,1,11159,22308,24565,8526,12505,18123,3944,13505,14344,13505,10818,4269,5810,18392,7322,8986,8263,8846,11769,17725,22484,14435,21519,2246,150,21215,1,26:00
2024-25,1630168,Onyeka Okongwu,Onyeka,1610612737,ATL,Atlanta Hawks,0022401109,2025-04-02T00:00:00,ATL @ DAL,L,40.1,6.3,13.5,0.467,0.9,3.6,0.25,4.5,6.3,0.714,2.7,9.9,12.6,1.8,0.9,1.8,1.8,0.9,2.7,3.6,18.0,5.4,45.6,1,0,40.4,1,13222,1,13222,542,10761,11056,12249,14965,16462,11902,4854,4150,9244,6122,2672,3086,17095,16352,7277,4067,8671,12066,7416,9888,9896,4895,1,150,6546,1,40:06
2024-25,1641745,Adam Flagler,Adam,1610612760,OKC,Oklahoma City Thunder,0022401108,2025-04-02T00:00:00,OKC vs. DET,W,0.46,0.0,0.0,0.0,0.0,0.0,0.0,0.0,0.0,0.0,0.0,0.0,0.0,0.0,0.0,0.0,0.0,0.0,0.0,0.0,0.0,0.0,0.0,0,0,0.0,1,1,13086,1,26212,22635,24836,22635,15070,20945,15070,13505,14344,13505,14058,22137,23286,19908,16469,12854,8263,8846,20257,17725,23200,12240,25228,2246,150,25259,1,0:28
2024-25,1641775,Jordan Walsh,Jordan,1610612738,BOS,Boston Celtics,0022401106,2025-04-02T00:00:00,BOS vs. MIA,L,5.033333333333333,0.0,7.2,0.0,0.0,7.2,0.0,0.0,0.0,0.0,0.0,0.0,0.0,0.0,7.2,0.0,0.0,0.0,0.0,7.2,0.0,-42.9,-7.2,0,0,0.0,1,13222,1,13222,23981,22635,21376,22635,15070,8136,15070,13505,14344,13505,14058,22137,23286,19908,831,12854,8263,8846,20257,1543,23200,25042,26198,2246,150,25259,1,5:02
2024-25,1630174,Aaron Nesmith,Aaron,1610612754,IND,Indiana Pacers,0022401104,2025-04-02T00:00:00,IND vs. CHA,W,26.333333333333332,8.2,16.4,0.5,4.1,12.3,0.333,1.4,1.4,1.0,2.7,1.4,4.1,1.4,0.0,1.4,0.0,0.0,1.4,4.1,21.9,-9.6,32.9,0,0,34.2,1,1,13086,1,10877,6202,6535,8526,3782,1621,9209,12114,13637,1,6022,21155,17062,18438,16469,9097,8263,8846,17755,6052,6304,17708,12628,2246,150,10714,1,26:20
2024-25,1628404,Josh Hart,Josh,1610612752,NYK,New York Knicks,0022401103,2025-04-02T00:00:00,NYK @ CLE,L,36.73,7.8,18.6,0.421,2.9,8.8,0.333,0.0,0.0,0.0,2.0,2.9,4.9,3.9,2.9,2.0,0.0,1.0,1.0,2.9,18.6,-13.7,33.3,0,0,34.3,1,13222,1,13222,2176,6983,4091,14442,6724,5067,9209,13505,14344,13505,8574,16934,15059,10163,6676,6453,8263,8095,19816,9461,9184,19389,12328,2246,150,10614,1,36:44
2024-25,1630198,Isaiah Joe,Isaiah,1610612760,OKC,Oklahoma City Thunder,0022401108,2025-04-02T00:00:00,OKC vs. DET,W,21.566666666666666,1.7,8.3,0.2,1.7,8.3,0.2,3.3,3.3,1.0,0.0,0.0,0.0,1.7,1.7,0.0,0.0,3.3,1.7,3.3,8.3,-15.0,9.2,0,0,11.7,1,1,13086,1,14874,21934,19725,21401,11488,5836,13429,7027,9213,1,14058,22137,23286,17446,12049,12854,8263,1035,16628,8127,19627,19912,24544,2246,150,24063,1,21:34
2024-25,1642353,Cam Christie,Cam,1610612746,LAC,LA Clippers,0022401111,2025-04-02T00:00:00,LAC vs. NOP,W,2.683333333333333,0.0,13.4,0.0,0.0,13.4,0.0,0.0,0.0,0.0,0.0,0.0,0.0,0.0,0.0,0.0,0.0,0.0,0.0,0.0,0.0,-26.8,0.0,0,0,0.0,1,1,13086,1,25134,22635,11123,22635,15070,1122,15070,13505,14344,13505,14058,22137,23286,19908,16469,12854,8263,8846,20257,17725,23200,23208,25228,2246,150,25259,1,2:41
2024-25,202687,Bismack Biyombo,Bismack,1610612759,SAS,San Antonio Spurs,0022401110,2025-04-02T00:00:00,SAS @ DEN,W,31.135,0.0,2.3,0.0,0.0,0.0,0.0,0.0,0.0,0.0,0.0,8.1,8.1,0.0,0.0,0.0,2.3,0.0,3.5,0.0,0.0,-13.9,16.7,0,0,12.7,1,1,13086,1,6759,22635,24695,22635,15070,20945,15070,13505,14344,13505,14058,4572,8110,19908,16469,12854,2719,8846,8844,17725,23200,19452,22612,2246,150,23797,1,31:08
2024-25,1631248,Baylor Scheierman,Baylor,1610612738,BOS,Boston Celtics,0022401106,2025-04-02T00:00:00,BOS vs. MIA,L,16.883333333333333,2.1,6.4,0.333,2.1,6.4,0.333,0.0,0.0,0.0,4.3,2.1,6.4,0.0,0.0,2.1,0.0,0.0,0.0,0.0,6.4,-17.1,20.5,0,0,19.2,1,13222,1,13222,18330,21176,22213,17395,9545,9758,9209,13505,14344,13505,3226,19262,11409,19908,16469,5646,8263,8846,20257,17725,21125,20650,20961,2246,150,21293,1,16:53
2024-25,1642277,Johnny Furphy,Johnny,1610612754,IND,Indiana Pacers,0022401104,2025-04-02T00:00:00,IND vs. CHA,W,1.4666666666666666,0.0,0.0,0.0,0.0,0.0,0.0,0.0,0.0,0.0,0.0,0.0,0.0,0.0,0.0,0.0,0.0,0.0,0.0,0.0,0.0,-24.5,0.0,0,0,0.0,1,1,13086,1,25823,22635,24836,22635,15070,20945,15070,13505,14344,13505,14058,22137,23286,19908,16469,12854,8263,8846,20257,17725,23200,22704,25228,2246,150,25259,1,1:28
2024-25,1631247,Luke Travers,Luke,1610612739,CLE,Cleveland Cavaliers,0022401103,2025-04-02T00:00:00,CLE vs. NYK,W,2.183333333333333,0.0,0.0,0.0,0.0,0.0,0.0,0.0,0.0,0.0,0.0,0.0,0.0,0.0,0.0,0.0,0.0,0.0,16.5,0.0,0.0,0.0,0.0,0,0,0.0,1,1,13086,1,25376,22635,24836,22635,15070,20945,15070,13505,14344,13505,14058,22137,23286,19908,16469,12854,8263,8846,192,17725,23200,12240,25228,2246,150,25259,1,2:11
2024-25,1629027,Trae Young,Trae,1610612737,ATL,Atlanta Hawks,0022401109,2025-04-02T00:00:00,ATL @ DAL,L,39.611666666666665,7.3,18.2,0.4,1.8,8.2,0.222,6.4,6.4,1.0,0.9,2.7,3.6,10.9,4.5,0.9,0.0,1.8,1.8,5.5,22.7,-0.9,41.6,1,0,40.9,1,13222,1,13222,682,8290,4483,14933,11008,6122,13288,2536,4054,1,13870,17620,18242,1033,2934,12623,8263,3844,16097,3412,5689,13470,6814,1,150,6270,1,39:37
2024-25,1641817,Anton Watson,Anton,1610612752,NYK,New York Knicks,0022401103,2025-04-02T00:00:00,NYK @ CLE,L,2.183333333333333,0.0,16.5,0.0,0.0,16.5,0.0,0.0,0.0,0.0,0.0,16.5,16.5,0.0,0.0,16.5,0.0,0.0,16.5,0.0,0.0,0.0,69.3,0,0,49.5,1,13222,1,13222,25376,22635,6434,22635,15070,458,15070,13505,14344,13505,14058,375,1271,19908,16469,38,8263,8846,192,17725,23200,12240,462,2246,150,2676,1,2:11
2024-25,1628378,Donovan Mitchell,Donovan,1610612739,CLE,Cleveland Cavaliers,0022401103,2025-04-02T00:00:00,CLE vs. NYK,W,30.183333333333334,11.9,21.5,0.556,3.6,8.3,0.429,4.8,4.8,1.0,1.2,6.0,7.2,6.0,2.4,1.2,3.6,0.0,3.6,7.2,32.2,23.9,61.7,0,0,58.4,1,1,13086,1,7604,1567,2059,7248,4971,5828,7394,4392,6351,1,11843,8416,9840,5569,8722,10235,1167,8846,8501,1541,1482,3060,1005,2246,150,970,1,30:11
2024-25,1629639,Tyler Herro,Tyler,1610612748,MIA,Miami Heat,0022401106,2025-04-02T00:00:00,MIA @ BOS,W,38.016666666666666,6.6,17.0,0.389,1.9,5.7,0.333,8.5,9.5,0.9,0.9,4.7,5.7,8.5,0.0,1.9,0.0,0.9,0.9,3.8,23.7,18.0,49.0,0,0,43.6,1,1,13086,1,1375,9863,5753,16009,10659,11504,9209,1174,1611,6805,13673,11604,13077,2405,16469,6796,8263,8364,19980,6877,5000,4561,3634,2246,150,4893,1,38:01
2024-25,1630578,Alperen Sengun,Alperen,1610612745,HOU,Houston Rockets,0022401107,2025-04-02T00:00:00,HOU vs. UTA,W,28.916666666666668,7.5,14.9,0.5,0.0,0.0,0.0,3.7,5.0,0.75,5.0,12.4,17.4,11.2,3.7,0.0,1.2,2.5,2.5,5.0,18.7,36.1,56.4,1,0,49.8,1,1,13086,1,8740,7842,8700,8526,15070,20945,15070,6212,5963,8186,2395,1174,1030,937,4473,12854,5917,2059,12843,4158,9143,1278,1744,1,150,2589,1,28:55
2024-25,1641709,Ausar Thompson,Ausar,1610612765,DET,Detroit Pistons,0022401108,2025-04-02T00:00:00,DET @ OKC,L,29.82,6.0,14.5,0.417,0.0,1.2,0.0,3.6,3.6,1.0,3.6,6.0,9.7,3.6,4.8,3.6,3.6,3.6,3.6,2.4,15.7,-16.9,49.6,0,0,43.5,1,13222,1,13222,7949,11414,9380,14532,15070,20612,15070,6446,8641,1,4172,8256,5859,11026,2540,2064,1132,831,8359,11293,12231,20585,3380,2246,150,4936,1,29:49
2024-25,202685,Jonas Valančiūnas,Jonas,1610612758,SAC,Sacramento Kings,0022401105,2025-04-02T00:00:00,SAC @ WAS,L,12.566666666666666,14.3,17.2,0.833,0.0,0.0,0.0,5.7,5.7,1.0,5.7,11.5,17.2,0.0,0.0,2.9,0.0,0.0,5.7,2.9,34.4,0.0,63.6,0,0,57.3,1,13222,1,13222,20955,620,5586,1514,15070,20945,15070,3162,4851,1,1794,1662,1081,19908,16469,3498,8263,8846,3339,9711,1063,12240,828,2246,150,1131,1,12:34
2024-25,1628983,Shai Gilgeous-Alexander,Shai,1610612760,OKC,Oklahoma City Thunder,0022401108,2025-04-02T00:00:00,OKC vs. DET,W,35.38333333333333,10.2,26.5,0.385,2.0,7.1,0.286,11.2,12.2,0.917,2.0,4.1,6.1,3.1,1.0,3.1,2.0,2.0,1.0,6.1,33.6,30.5,59.7,0,0,54.9,1,1,13086,1,3158,3041,570,16070,9986,8212,11433,447,718,6748,8228,13512,12044,12757,15727,3047,3383,3111,19594,2497,1202,1896,1223,2246,150,1467,1,35:23
2024-25,1629618,Jalen Pickett,Jalen,1610612743,DEN,Denver Nuggets,0022401110,2025-04-02T00:00:00,DEN vs. SAS,L,35.13333333333333,6.1,13.3,0.462,3.1,6.1,0.5,2.0,2.0,1.0,3.1,8.2,11.3,10.2,3.1,1.0,0.0,0.0,0.0,1.0,17.4,-3.1,46.3,1,1,44.1,1,13222,1,13222,3358,11095,11264,12428,6285,10323,3944,10463,12576,1,5183,4424,4170,1312,6208,11719,8263,8846,20257,17293,10403,14610,4612,1,1,4664,1,35:08
2024-25,203076,Anthony Davis,Anthony,1610612742,DAL,Dallas Mavericks,0022401109,2025-04-02T00:00:00,DAL vs. ATL,W,29.9,16.9,27.7,0.609,2.4,4.8,0.5,4.8,4.8,1.0,2.4,15.7,18.1,2.4,4.8,1.2,6.0,1.2,2.4,6.0,40.9,3.6,83.1,1,0,78.3,1,1,13086,1,7869,287,421,5384,8461,13653,3944,4322,6265,1,6891,477,880,14848,2556,10139,307,6225,13159,2595,401,10851,155,1,150,182,1,29:54
2024-25,1630631,Jose Alvarado,Jose,1610612740,NOP,New Orleans Pelicans,0022401111,2025-04-02T00:00:00,NOP @ LAC,L,27.35,9.2,21.1,0.438,0.0,6.6,0.0,3.9,3.9,1.0,1.3,1.3,2.6,13.2,5.3,1.3,0.0,2.6,2.6,1.3,22.4,-6.6,44.0,1,0,40.8,1,13222,1,13222,10062,4336,2303,13558,15070,9359,15070,5799,7948,1,11121,21253,20579,502,2047,9372,8263,1831,12315,15827,5945,16328,5691,1,150,6327,1,27:21
2024-25,1641774,Tristan Vukcevic,Tristan,1610612764,WAS,Washington Wizards,0022401105,2025-04-02T00:00:00,WAS vs. SAC,W,22.1,9.8,21.2,0.462,3.3,6.5,0.5,4.9,8.1,0.6,3.3,9.8,13.0,4.9,1.6,0.0,1.6,0.0,1.6,8.1,27.7,1.6,53.9,0,0,52.1,1,1,13086,1,14414,3511,2220,12428,5786,9516,3944,4212,2414,10343,4824,2753,2786,7721,12219,12854,4485,8846,16782,945,2896,11821,2224,2246,150,2007,1,22:06
2024-25,1630528,Josh Christopher,Josh,1610612748,MIA,Miami Heat,0022401106,2025-04-02T00:00:00,MIA @ BOS,W,1.6666666666666667,21.6,21.6,1.0,21.6,21.6,1.0,0.0,0.0,0.0,0.0,0.0,0.0,0.0,21.6,0.0,0.0,0.0,21.6,0.0,64.8,64.8,43.2,0,0,86.4,1,1,13086,1,25675,109,1986,1,23,181,1,13505,14344,13505,14058,22137,23286,19908,43,12854,8263,8846,100,17725,66,285,6041,2246,150,108,1,1:40
2024-25,1631096,Chet Holmgren,Chet,1610612760,OKC,Oklahoma City Thunder,0022401108,2025-04-02T00:00:00,OKC vs. DET,W,32.906666666666666,7.7,15.3,0.5,0.0,5.5,0.0,8.8,9.8,0.889,3.3,8.8,12.0,4.4,2.2,2.2,6.6,0.0,4.4,5.5,24.1,17.5,69.1,1,0,58.0,1,1,13086,1,5240,7366,8092,8526,15070,12033,15070,1091,1431,6857,4782,3774,3460,8945,9561,5448,239,8846,6085,3379,4759,4738,471,1,150,1030,1,32:54
2024-25,1642263,Reed Sheppard,Reed,1610612745,HOU,Houston Rockets,0022401107,2025-04-02T00:00:00,HOU vs. UTA,W,8.983333333333333,20.0,28.1,0.714,20.0,28.1,0.714,0.0,0.0,0.0,0.0,12.0,12.0,8.0,0.0,0.0,0.0,0.0,0.0,0.0,60.1,48.1,86.6,0,0,100.2,1,1,13086,1,22457,142,392,2752,30,85,1861,13505,14344,13505,14058,1342,3472,2874,16469,12854,8263,8846,20257,17725,88,602,117,2246,150,61,1,8:59
2024-25,201566,Russell Westbrook,Russell,1610612743,DEN,Denver Nuggets,0022401110,2025-04-02T00:00:00,DEN vs. SAS,L,39.916666666666664,9.9,22.5,0.44,2.7,9.0,0.3,4.5,5.4,0.833,0.9,9.0,9.9,5.4,3.6,2.7,0.0,0.0,0.0,4.5,27.1,0.0,51.6,1,0,50.5,1,13222,1,13222,580,3303,1567,13537,7525,4790,11319,4818,5301,7275,13902,3498,5531,6614,4761,3896,8263,8846,20257,5118,3187,12240,2812,1,150,2390,1,39:55
2024-25,204456,T.J. McConnell,T.J.,1610612754,IND,Indiana Pacers,0022401104,2025-04-02T00:00:00,IND vs. CHA,W,19.316666666666666,7.5,18.6,0.4,0.0,1.9,0.0,0.0,0.0,0.0,1.9,5.6,7.5,13.0,1.9,1.9,1.9,1.9,0.0,5.6,14.9,33.5,52.7,0,0,42.9,1,1,13086,1,16563,7881,4085,14933,15070,19806,15070,13505,14344,13505,8975,9323,9260,524,11255,6957,3891,3697,20257,3206,13005,1562,2520,2246,150,5213,1,19:19
2024-25,1642352,Keshad Johnson,Keshad,1610612748,MIA,Miami Heat,0022401106,2025-04-02T00:00:00,MIA @ BOS,W,1.6666666666666667,0.0,0.0,0.0,0.0,0.0,0.0,0.0,0.0,0.0,0.0,0.0,0.0,0.0,0.0,21.6,0.0,0.0,0.0,0.0,0.0,64.8,64.8,0,0,43.2,1,1,13086,1,25675,22635,24836,22635,15070,20945,15070,13505,14344,13505,14058,22137,23286,19908,16469,17,8263,8846,20257,17725,23200,285,711,2246,150,5044,1,1:40
2024-25,1631120,JD Davison,JD,1610612738,BOS,Boston Celtics,0022401106,2025-04-02T00:00:00,BOS vs. MIA,L,5.033333333333333,7.2,14.3,0.5,0.0,7.2,0.0,0.0,0.0,0.0,0.0,7.2,7.2,7.2,14.3,0.0,7.2,0.0,0.0,0.0,14.3,-42.9,40.8,0,0,42.9,1,13222,1,13222,23981,8574,9676,8526,15070,8136,15070,13505,14344,13505,14058,6087,9844,3820,131,12854,192,8846,20257,17725,13599,25042,7297,2246,150,5187,1,5:02
2024-25,1641715,Cam Whitmore,Cam,1610612745,HOU,Houston Rockets,0022401107,2025-04-02T00:00:00,HOU vs. UTA,W,12.0,12.0,18.0,0.667,3.0,6.0,0.5,6.0,6.0,1.0,0.0,9.0,9.0,9.0,0.0,0.0,0.0,0.0,0.0,3.0,33.0,33.0,57.3,0,0,54.0,1,1,13086,1,21228,1516,4664,3281,6500,10684,3944,2855,4464,1,14058,3516,6730,2013,16469,12854,8263,8846,20257,9236,1319,1627,1585,2246,150,1619,1,12:00
2024-25,1641772,Nae'Qwan Tomlin,Nae'Qwan,1610612739,CLE,Cleveland Cavaliers,0022401103,2025-04-02T00:00:00,CLE vs. NYK,W,2.183333333333333,16.5,49.5,0.333,0.0,0.0,0.0,0.0,0.0,0.0,33.0,16.5,49.5,0.0,0.0,0.0,0.0,16.5,16.5,0.0,33.0,0.0,92.3,0,0,82.4,1,1,13086,1,25376,316,31,17395,15070,20945,15070,13505,14344,13505,13,375,20,19908,16469,12854,8263,25,192,17725,1325,12240,89,2246,150,135,1,2:11
2024-25,1630194,Paul Reed,Paul,1610612765,DET,Detroit Pistons,0022401108,2025-04-02T00:00:00,DET @ OKC,L,14.5,7.4,9.9,0.75,0.0,0.0,0.0,7.4,9.9,0.75,5.0,17.4,22.3,0.0,5.0,2.5,2.5,0.0,12.4,9.9,22.3,7.4,59.1,0,0,54.6,1,13222,1,13222,19877,7896,17187,2107,15070,20945,15070,1702,1396,8186,2408,306,315,19908,2385,4430,2411,8846,383,429,5968,8910,1316,2246,150,1523,1,14:30
2024-25,1641734,Emoni Bates,Emoni,1610612739,CLE,Cleveland Cavaliers,0022401103,2025-04-02T00:00:00,CLE vs. NYK,W,2.183333333333333,16.5,49.5,0.333,16.5,33.0,0.5,0.0,0.0,0.0,0.0,16.5,16.5,0.0,0.0,0.0,0.0,0.0,0.0,0.0,49.5,0.0,69.3,0,0,82.4,1,1,13086,1,25376,316,31,17395,51,42,3944,13505,14344,13505,14058,375,1271,19908,16469,12854,8263,8846,20257,17725,161,12240,462,2246,150,135,1,2:11
2024-25,1630173,Precious Achiuwa,Precious,1610612752,NYK,New York Knicks,0022401103,2025-04-02T00:00:00,NYK @ CLE,L,21.43166666666667,8.4,15.1,0.556,0.0,0.0,0.0,5.0,6.7,0.75,3.4,6.7,10.1,1.7,0.0,1.7,3.4,0.0,1.7,3.4,21.8,-16.8,51.6,0,0,43.7,1,13222,1,13222,14974,5807,8397,7248,15070,20945,15070,3970,3639,8186,4619,6858,5345,17423,16469,7684,1344,8846,16600,8073,6340,20548,2818,2246,150,4844,1,21:26
2024-25,1630699,MarJon Beauchamp,MarJon,1610612752,NYK,New York Knicks,0022401103,2025-04-02T00:00:00,NYK @ CLE,L,2.183333333333333,16.5,33.0,0.5,0.0,16.5,0.0,33.0,33.0,1.0,16.5,0.0,16.5,0.0,0.0,0.0,0.0,0.0,0.0,16.5,66.0,0.0,85.7,0,0,82.4,1,13222,1,13222,25376,316,169,8526,15070,458,15070,23,44,1,96,22137,1271,19908,16469,12854,8263,8846,20257,73,63,12240,131,2246,150,135,1,2:11
2024-25,101108,Chris Paul,Chris,1610612759,SAS,San Antonio Spurs,0022401110,2025-04-02T00:00:00,SAS @ DEN,W,31.816666666666666,7.9,17.0,0.467,3.4,7.9,0.429,0.0,0.0,0.0,0.0,5.7,5.7,9.1,3.4,1.1,2.3,0.0,3.4,1.1,19.2,6.8,46.4,0,0,44.1,1,1,13086,1,6140,6811,5835,12249,5393,6586,7394,13505,14344,13505,14058,9150,13140,1978,5240,10752,2816,8846,9099,16757,8618,9242,4582,2246,150,4628,1,31:49
2024-25,1641815,Isaiah Stevens,Isaiah,1610612748,MIA,Miami Heat,0022401106,2025-04-02T00:00:00,MIA @ BOS,W,1.6666666666666667,0.0,21.6,0.0,0.0,21.6,0.0,0.0,0.0,0.0,0.0,43.2,43.2,0.0,0.0,0.0,0.0,0.0,0.0,0.0,0.0,64.8,51.8,0,0,43.2,1,1,13086,1,25675,22635,1986,22635,15070,181,15070,13505,14344,13505,14058,11,22,19908,16469,12854,8263,8846,20257,17725,23200,285,2747,2246,150,5044,1,1:40
2024-25,1631170,Jaime Jaquez Jr.,Jaime,1610612748,MIA,Miami Heat,0022401106,2025-04-02T00:00:00,MIA @ BOS,W,1.6666666666666667,0.0,0.0,0.0,0.0,0.0,0.0,0.0,0.0,0.0,21.6,0.0,21.6,21.6,0.0,0.0,0.0,0.0,0.0,0.0,0.0,64.8,58.3,0,0,43.2,1,1,13086,1,25675,22635,24836,22635,15070,20945,15070,13505,14344,13505,41,22137,361,61,16469,12854,8263,8846,20257,17725,23200,285,1428,2246,150,5044,1,1:40
2024-25,1626157,Karl-Anthony Towns,Karl-Anthony,1610612752,NYK,New York Knicks,0022401103,2025-04-02T00:00:00,NYK @ CLE,L,33.53666666666667,9.7,17.2,0.563,1.1,3.2,0.333,6.4,7.5,0.857,3.2,10.7,14.0,1.1,7.5,0.0,0.0,2.1,5.4,6.4,26.8,-9.7,37.7,1,0,42.9,1,13222,1,13222,4696,3649,5604,7127,14111,17229,9209,2460,2895,7071,4900,2059,2260,19437,709,12854,8263,2777,3897,2136,3277,17742,9243,1,150,5177,1,33:32
2024-25,1631095,Jabari Smith Jr.,Jabari,1610612745,HOU,Houston Rockets,0022401107,2025-04-02T00:00:00,HOU vs. UTA,W,27.155,8.0,21.2,0.375,2.7,11.9,0.222,1.3,1.3,1.0,4.0,14.6,18.6,2.7,0.0,0.0,0.0,1.3,1.3,2.7,19.9,14.6,46.1,1,0,43.7,1,1,13086,1,10232,6725,2203,16299,7680,1818,13288,12237,13695,1,3629,642,784,14039,16469,12854,8263,5518,17924,10470,8009,5786,4683,1,150,4801,1,27:09
2024-25,1631106,Tari Eason,Tari,1610612745,HOU,Houston Rockets,0022401107,2025-04-02T00:00:00,HOU vs. UTA,W,24.045,10.5,12.0,0.875,1.5,3.0,0.5,0.0,3.0,0.0,3.0,10.5,13.5,4.5,3.0,3.0,3.0,0.0,4.5,1.5,22.5,49.4,60.3,0,0,53.9,1,1,13086,1,12862,2739,13631,1353,12044,17676,3944,13505,9993,13505,5359,2245,2496,8674,6515,3167,1711,8846,5798,15014,5881,567,1147,2246,150,1643,1,24:03
2024-25,1630224,Jalen Green,Jalen,1610612745,HOU,Houston Rockets,0022401107,2025-04-02T00:00:00,HOU vs. UTA,W,28.078333333333333,9.0,19.2,0.467,5.1,9.0,0.571,5.1,7.7,0.667,0.0,5.1,5.1,2.6,1.3,1.3,0.0,1.3,5.1,3.8,28.2,23.1,40.8,0,0,43.6,1,1,13086,1,9484,4757,3565,12249,2128,4871,3506,3852,2751,9425,14058,10480,14445,14325,13893,9569,8263,5743,4323,6725,2705,3249,7295,2246,150,4877,1,28:05
2024-25,1630167,Obi Toppin,Obi,1610612754,IND,Indiana Pacers,0022401104,2025-04-02T00:00:00,IND vs. CHA,W,18.233333333333334,5.9,15.8,0.375,2.0,9.9,0.2,2.0,2.0,1.0,0.0,7.9,7.9,2.0,2.0,0.0,2.0,0.0,3.9,2.0,15.8,13.8,32.2,0,0,31.6,1,1,13086,1,17417,11737,7415,16299,10268,3636,13429,10731,12792,1,14058,4865,8465,16465,10641,12854,3554,8846,7285,13190,12122,6074,13190,2246,150,12711,1,18:14
2024-25,1630526,Jeremiah Robinson-Earl,Jeremiah,1610612740,NOP,New Orleans Pelicans,0022401111,2025-04-02T00:00:00,NOP @ LAC,L,19.45,1.9,7.4,0.25,0.0,3.7,0.0,3.7,3.7,1.0,1.9,5.6,7.4,3.7,0.0,1.9,0.0,0.0,1.9,1.9,7.4,-20.4,27.4,0,0,22.2,1,13222,1,13222,16462,21663,21065,20233,15070,16208,15070,6288,8475,1,9039,9407,9365,10784,16469,7029,8263,8846,15938,13731,20404,21653,16668,2246,150,19547,1,19:27
2024-25,1630596,Evan Mobley,Evan,1610612739,CLE,Cleveland Cavaliers,0022401103,2025-04-02T00:00:00,CLE vs. NYK,W,30.183333333333334,4.8,13.1,0.364,1.2,4.8,0.25,4.8,4.8,1.0,1.2,3.6,4.8,4.8,2.4,1.2,1.2,1.2,4.8,2.4,15.5,23.9,33.2,0,0,31.0,1,1,13086,1,7604,15051,11642,16861,13416,13784,11902,4392,6351,1,11843,14993,15367,7997,8722,10235,6220,6320,5131,11406,12415,3060,12466,2246,150,13152,1,30:11
2024-25,203552,Seth Curry,Seth,1610612766,CHA,Charlotte Hornets,0022401104,2025-04-02T00:00:00,CHA @ IND,L,29.866666666666667,7.2,8.4,0.857,2.4,2.4,1.0,2.4,2.4,1.0,0.0,4.8,4.8,2.4,1.2,1.2,0.0,0.0,1.2,2.4,19.3,-4.8,31.1,0,0,31.3,1,13222,1,13222,7907,8375,19585,1412,8447,18784,1,9305,11453,1,14058,11365,15242,14843,14399,10130,8263,8846,18504,11304,8561,15483,13989,2246,150,12898,1,29:52
2024-25,202695,Kawhi Leonard,Kawhi,1610612746,LAC,LA Clippers,0022401111,2025-04-02T00:00:00,LAC vs. NOP,W,38.21666666666667,10.4,17.0,0.611,2.8,4.7,0.6,2.8,3.8,0.75,0.0,2.8,2.8,2.8,0.9,1.9,0.0,0.9,1.9,5.7,26.4,13.2,38.7,0,0,38.6,1,1,13086,1,1260,2860,5850,5351,7135,13929,2992,8273,8328,8186,14058,17314,20179,13506,16190,6839,8263,8404,15771,3118,3492,6308,8585,2246,150,7629,1,38:13
2024-25,1629631,De'Andre Hunter,De'Andre,1610612739,CLE,Cleveland Cavaliers,0022401103,2025-04-02T00:00:00,CLE vs. NYK,W,25.566666666666666,8.4,15.5,0.545,2.8,7.0,0.4,2.8,2.8,1.0,0.0,2.8,2.8,0.0,0.0,1.4,0.0,0.0,1.4,2.8,22.5,25.3,30.1,0,0,31.0,1,1,13086,1,11516,5714,7835,7695,7169,8376,7874,8307,10447,1,14058,17349,20204,19908,16469,8854,8263,8846,17598,9908,5837,2737,14714,2246,150,13184,1,25:34
2024-25,1629750,Javonte Green,Javonte,1610612739,CLE,Cleveland Cavaliers,0022401103,2025-04-02T00:00:00,CLE vs. NYK,W,5.25,0.0,20.6,0.0,0.0,13.7,0.0,0.0,0.0,0.0,0.0,0.0,0.0,0.0,0.0,6.9,0.0,0.0,6.9,0.0,0.0,-13.7,20.6,0,0,13.7,1,1,13086,1,23889,22635,2591,22635,15070,1016,15070,13505,14344,13505,14058,22137,23286,19908,16469,326,8263,8846,2097,17725,23200,19383,20902,2246,150,23497,1,5:15
2024-25,1630202,Payton Pritchard,Payton,1610612738,BOS,Boston Celtics,0022401106,2025-04-02T00:00:00,BOS vs. MIA,L,31.283333333333335,4.6,10.4,0.444,2.3,6.9,0.333,0.0,0.0,0.0,2.3,2.3,4.6,2.3,1.2,0.0,1.2,1.2,0.0,0.0,11.5,-8.1,22.8,0,0,23.0,1,13222,1,13222,6630,15486,16452,13045,8841,8655,9209,13505,14344,13505,7237,18755,15803,15223,14785,12854,6478,6624,20257,17725,16665,16998,19696,2246,150,19009,1,31:17
2024-25,1628427,Vlatko Čančar,Vlatko,1610612743,DEN,Denver Nuggets,0022401110,2025-04-02T00:00:00,DEN vs. SAS,L,25.416666666666668,4.2,9.9,0.429,2.8,8.5,0.333,0.0,0.0,0.0,0.0,4.2,4.2,2.8,1.4,2.8,1.4,0.0,2.8,1.4,11.3,-14.2,32.0,0,0,29.7,1,13222,1,13222,11644,16465,17216,13735,7111,5589,9209,13505,14344,13505,14058,12972,16685,13491,13192,3594,5163,8846,11499,15383,16855,19567,13321,2246,150,14140,1,25:25
2024-25,1626158,Richaun Holmes,Richaun,1610612764,WAS,Washington Wizards,0022401105,2025-04-02T00:00:00,WAS vs. SAC,W,2.45,14.7,14.7,1.0,0.0,0.0,0.0,0.0,0.0,0.0,0.0,0.0,0.0,0.0,0.0,0.0,0.0,0.0,14.7,0.0,29.4,-29.4,29.4,0,0,29.4,1,1,13086,1,25225,549,9065,1,15070,20945,15070,13505,14344,13505,14058,22137,23286,19908,16469,12854,8263,8846,259,17725,2304,23641,15224,2246,150,14422,1,2:27
2024-25,1641794,Dillon Jones,Dillon,1610612760,OKC,Oklahoma City Thunder,0022401108,2025-04-02T00:00:00,OKC vs. DET,W,10.393333333333333,0.0,3.5,0.0,0.0,0.0,0.0,0.0,0.0,0.0,0.0,0.0,0.0,6.9,0.0,3.5,0.0,0.0,3.5,0.0,0.0,10.4,20.8,0,0,13.9,1,1,13086,1,21968,22635,24327,22635,15070,20945,15070,13505,14344,13505,14058,22137,23286,4101,16469,2289,8263,8846,8855,17725,23200,7516,20796,2246,150,23458,1,10:24
2024-25,1628365,Markelle Fultz,Markelle,1610612758,SAC,Sacramento Kings,0022401105,2025-04-02T00:00:00,SAC @ WAS,L,7.766666666666667,0.0,13.9,0.0,0.0,0.0,0.0,0.0,0.0,0.0,4.6,4.6,9.3,4.6,0.0,0.0,0.0,0.0,0.0,0.0,0.0,-23.2,18.1,0,0,13.9,1,13222,1,13222,22900,22635,10326,22635,15070,20945,15070,13505,14344,13505,2761,11892,6352,8335,16469,12854,8263,8846,20257,17725,23200,22374,22056,2246,150,23446,1,7:46
2024-25,1628401,Derrick White,Derrick,1610612738,BOS,Boston Celtics,0022401106,2025-04-02T00:00:00,BOS vs. MIA,L,31.116666666666667,5.8,12.7,0.455,2.3,8.1,0.286,4.6,5.8,0.8,2.3,2.3,4.6,6.9,4.6,1.2,2.3,0.0,0.0,2.3,18.5,-15.0,40.3,0,0,39.3,1,13222,1,13222,6775,12155,12341,12676,8800,6286,11433,4633,4772,7681,7205,18722,15755,4078,2812,10524,2714,8846,20257,11692,9315,19920,7594,2246,150,7171,1,31:07
2024-25,1630231,KJ Martin,KJ,1610612762,UTA,Utah Jazz,0022401107,2025-04-02T00:00:00,UTA @ HOU,L,20.683333333333334,10.4,13.9,0.75,0.0,1.7,0.0,1.7,1.7,1.0,1.7,3.5,5.2,3.5,1.7,0.0,0.0,0.0,1.7,5.2,22.6,-7.0,32.4,0,0,31.3,1,13222,1,13222,15504,2768,10298,2107,15070,19998,15070,11347,13257,1,9443,15287,14226,11447,11780,12854,8263,8846,16412,3747,5756,16492,13033,2246,150,12909,1,20:41
2024-25,1629611,Terance Mann,Terance,1610612737,ATL,Atlanta Hawks,0022401109,2025-04-02T00:00:00,ATL @ DAL,L,20.795,1.7,6.9,0.25,1.7,1.7,1.0,3.5,3.5,1.0,0.0,5.2,5.2,3.5,0.0,1.7,0.0,0.0,1.7,3.5,8.7,19.0,25.3,0,0,22.5,1,13222,1,13222,15433,21860,21639,20233,11306,20009,1,6771,8959,1,14058,10297,14294,11512,16469,7510,8263,8846,16429,7769,19389,4247,18088,2246,150,19352,1,20:48
2024-25,1642267,Bub Carrington,Bub,1610612764,WAS,Washington Wizards,0022401105,2025-04-02T00:00:00,WAS vs. SAC,W,41.21666666666667,5.2,11.4,0.462,4.4,9.6,0.455,1.7,1.7,1.0,0.0,1.7,1.7,6.1,2.6,0.0,0.0,0.0,1.7,2.6,16.6,6.1,25.2,0,0,28.8,1,1,13086,1,337,13694,14745,12428,3290,3971,7148,11335,13254,1,14058,20360,22234,5309,7801,12854,8263,8846,16383,10581,11288,9563,18118,2246,150,14845,1,41:13
2024-25,1628470,Torrey Craig,Torrey,1610612738,BOS,Boston Celtics,0022401106,2025-04-02T00:00:00,BOS vs. MIA,L,19.083333333333332,1.9,9.4,0.2,0.0,5.7,0.0,0.0,0.0,0.0,3.8,1.9,5.7,0.0,0.0,0.0,1.9,0.0,3.8,0.0,3.8,-43.4,16.2,0,0,13.2,1,13222,1,13222,16762,21603,18066,21401,15070,11556,15070,13505,14344,13505,3920,20014,13137,19908,16469,12854,3807,8846,7824,17725,22657,25089,22766,2246,150,23647,1,19:05
2024-25,1641738,Kobe Brown,Kobe,1610612746,LAC,LA Clippers,0022401111,2025-04-02T00:00:00,LAC vs. NOP,W,2.683333333333333,0.0,0.0,0.0,0.0,0.0,0.0,0.0,0.0,0.0,0.0,13.4,13.4,0.0,0.0,0.0,0.0,0.0,0.0,0.0,0.0,-26.8,16.1,0,0,13.4,1,1,13086,1,25134,22635,24836,22635,15070,20945,15070,13505,14344,13505,14058,890,2532,19908,16469,12854,8263,8846,20257,17725,23200,23208,22810,2246,150,23578,1,2:41
2024-25,1628969,Mikal Bridges,Mikal,1610612752,NYK,New York Knicks,0022401103,2025-04-02T00:00:00,NYK @ CLE,L,35.815,3.0,6.0,0.5,0.0,1.0,0.0,2.0,2.0,1.0,1.0,1.0,2.0,3.0,2.0,1.0,0.0,0.0,3.0,2.0,8.0,-18.1,16.0,0,0,15.1,1,13222,1,13222,2817,19383,22566,8526,15070,20856,15070,10611,12700,1,13218,21961,21777,12871,10470,11910,8263,8846,10644,13039,19886,20962,22867,2246,150,23035,1,35:49
2024-25,202692,Alec Burks,Alec,1610612748,MIA,Miami Heat,0022401106,2025-04-02T00:00:00,MIA @ BOS,W,19.201666666666668,7.5,9.4,0.8,1.9,3.7,0.5,1.9,1.9,1.0,0.0,3.7,3.7,0.0,0.0,0.0,0.0,0.0,0.0,1.9,18.7,-18.7,23.2,0,0,24.4,1,1,13086,1,16669,7772,18158,1688,10752,16103,3944,11031,13043,1,14058,14470,17937,19908,16469,12854,8263,8846,20257,13614,9082,21160,19411,2246,150,18098,1,19:12
2024-25,1629614,Andrew Nembhard,Andrew,1610612754,IND,Indiana Pacers,0022401104,2025-04-02T00:00:00,IND vs. CHA,W,28.683333333333334,5.0,10.0,0.5,1.3,3.8,0.333,0.0,0.0,0.0,1.3,1.3,2.5,2.5,1.3,2.5,0.0,0.0,2.5,0.0,11.3,-5.0,24.3,0,0,22.6,1,1,13086,1,8938,14322,16976,8526,13066,16069,9209,13505,14344,13505,11457,21385,20791,14505,14068,4354,8263,8846,12761,17725,16897,15597,18717,2246,150,19289,1,28:41
2024-25,203967,Dario Šarić,Dario,1610612743,DEN,Denver Nuggets,0022401110,2025-04-02T00:00:00,DEN vs. SAS,L,7.45,9.7,9.7,1.0,0.0,0.0,0.0,0.0,0.0,0.0,0.0,4.8,4.8,4.8,4.8,0.0,0.0,0.0,4.8,0.0,19.3,-29.0,27.5,0,0,29.0,1,13222,1,13222,23021,3642,17638,1,15070,20945,15070,13505,14344,13505,14058,11326,15216,7828,2537,12854,8263,8846,4988,17725,8524,23589,16548,2246,150,14708,1,7:27
2024-25,1630577,Julian Champagnie,Julian,1610612759,SAS,San Antonio Spurs,0022401110,2025-04-02T00:00:00,SAS @ DEN,W,31.55,5.7,14.8,0.385,2.3,10.3,0.222,2.3,2.3,1.0,0.0,4.6,4.6,2.3,1.1,1.1,1.1,1.1,4.6,1.1,16.0,5.7,30.6,0,0,29.7,1,1,13086,1,6376,12401,8847,16070,8914,3192,13288,9682,11837,1,14058,12092,15889,15293,14855,10667,6533,6706,5636,16702,11946,9751,14363,2246,150,14188,1,31:33
2024-25,1631108,Max Christie,Max,1610612742,DAL,Dallas Mavericks,0022401109,2025-04-02T00:00:00,DAL vs. ATL,W,25.356666666666666,4.3,14.2,0.3,2.8,9.9,0.286,4.3,4.3,1.0,0.0,4.3,4.3,0.0,1.4,0.0,0.0,0.0,1.4,2.8,15.6,12.8,19.3,0,0,22.7,1,1,13086,1,11695,16437,9836,19363,7086,3573,11433,5238,7294,1,14058,12941,16649,19908,13173,12854,8263,8846,17541,9823,12303,6490,21498,2246,150,19202,1,25:21
2024-25,1641708,Amen Thompson,Amen,1610612745,HOU,Houston Rockets,0022401107,2025-04-02T00:00:00,HOU vs. UTA,W,26.716666666666665,5.4,8.1,0.667,0.0,0.0,0.0,1.3,2.7,0.5,2.7,2.7,5.4,6.7,1.3,0.0,2.7,0.0,4.0,1.3,12.1,18.9,35.4,0,0,29.6,1,1,13086,1,10552,13303,20115,3281,15070,20945,15070,12176,10760,10625,6120,17715,13834,4371,13582,12854,2091,8846,7022,15692,16002,4294,10775,2246,150,14211,1,26:43
2024-25,1641810,Antonio Reeves,Antonio,1610612740,NOP,New Orleans Pelicans,0022401111,2025-04-02T00:00:00,NOP @ LAC,L,32.516666666666666,5.5,11.1,0.5,1.1,4.4,0.25,0.0,0.0,0.0,0.0,0.0,0.0,1.1,1.1,0.0,0.0,0.0,1.1,0.0,12.2,-10.0,12.7,0,0,14.4,1,13222,1,13222,5539,12894,15249,8526,13903,14623,11902,13505,14344,13505,14058,22137,23286,19331,15088,12854,8263,8846,19060,17725,15942,17877,23836,2246,150,23290,1,32:31
2024-25,202691,Klay Thompson,Klay,1610612742,DAL,Dallas Mavericks,0022401109,2025-04-02T00:00:00,DAL vs. ATL,W,29.143333333333334,7.4,13.6,0.545,6.2,11.1,0.556,0.0,0.0,0.0,0.0,4.9,4.9,2.5,1.2,1.2,1.2,0.0,1.2,0.0,21.0,-2.5,36.8,0,0,39.5,1,1,13086,1,8552,7991,10845,7695,1179,2401,3747,13505,14344,13505,14058,11053,14951,14646,14198,9908,5970,8846,18353,17725,7085,14294,9833,2246,150,7050,1,29:09
2024-25,1641878,Damion Baugh,Damion,1610612766,CHA,Charlotte Hornets,0022401104,2025-04-02T00:00:00,CHA @ IND,L,17.416666666666668,2.1,18.6,0.111,0.0,2.1,0.0,0.0,0.0,0.0,4.1,0.0,4.1,6.2,4.1,0.0,0.0,2.1,4.1,0.0,4.1,-37.2,14.3,0,0,14.5,1,13222,1,13222,17986,21285,4117,22520,15070,19431,15070,13505,14344,13505,3390,22137,16992,5159,3601,12854,8263,3007,6727,17725,22489,24634,23411,2246,150,23264,1,17:25
2024-25,1627884,Derrick Jones Jr.,Derrick,1610612746,LAC,LA Clippers,0022401111,2025-04-02T00:00:00,LAC vs. NOP,W,18.983333333333334,1.9,5.7,0.333,0.0,1.9,0.0,1.9,3.8,0.5,0.0,7.6,7.6,1.9,0.0,3.8,0.0,0.0,1.9,1.9,5.7,20.9,29.0,0,0,22.8,1,1,13086,1,16837,21590,22908,17395,15070,19747,15070,10965,8270,10625,14058,5348,8996,16762,16469,1857,8263,8846,15694,13533,21599,3731,15477,2246,150,19163,1,18:59
2024-25,1642278,Tyler Kolek,Tyler,1610612752,NYK,New York Knicks,0022401103,2025-04-02T00:00:00,NYK @ CLE,L,14.9,0.0,9.7,0.0,0.0,7.2,0.0,2.4,4.8,0.5,0.0,0.0,0.0,7.2,0.0,2.4,0.0,0.0,2.4,2.4,2.4,-9.7,20.5,0,0,14.5,1,13222,1,13222,19635,22635,17638,22635,15070,7937,15070,9289,6231,10625,14058,22137,23286,3686,16469,4644,8263,8846,13123,11280,23090,17744,20925,2246,150,23255,1,14:54
2024-25,1627777,Georges Niang,Georges,1610612737,ATL,Atlanta Hawks,0022401109,2025-04-02T00:00:00,ATL @ DAL,L,19.971666666666668,3.6,10.8,0.333,3.6,9.0,0.4,0.0,0.0,0.0,0.0,3.6,3.6,1.8,0.0,1.8,0.0,0.0,5.4,0.0,10.8,-5.4,23.3,0,0,23.4,1,13222,1,13222,16040,18071,15673,17395,4916,4800,7874,13505,14344,13505,14058,14912,18310,17075,16469,7245,8263,8846,3842,17725,17353,15788,19407,2246,150,18714,1,19:58
2024-25,1630548,Johnny Juzang,Johnny,1610612762,UTA,Utah Jazz,0022401107,2025-04-02T00:00:00,UTA @ HOU,L,22.916666666666668,3.1,18.9,0.167,1.6,12.6,0.125,0.0,0.0,0.0,1.6,1.6,3.1,3.1,0.0,1.6,0.0,0.0,3.1,0.0,7.9,-37.7,21.1,0,0,18.9,1,13222,1,13222,13780,19117,3880,21938,11786,1494,14886,13505,14344,13505,10039,20734,19396,12503,16469,8103,8263,8846,10133,17725,20039,24673,20656,2246,150,21455,1,22:55
2024-25,1642258,Zaccharie Risacher,Zaccharie,1610612737,ATL,Atlanta Hawks,0022401109,2025-04-02T00:00:00,ATL @ DAL,L,24.571666666666665,5.9,16.1,0.364,1.5,4.4,0.333,0.0,0.0,0.0,1.5,2.9,4.4,1.5,0.0,1.5,0.0,2.9,4.4,0.0,13.2,-7.3,25.1,0,0,23.4,1,13222,1,13222,12406,11920,6963,16861,12184,14694,9209,13505,14344,13505,10462,16968,16299,18115,16469,8554,8263,1417,6031,17725,14892,16649,18250,2246,150,18709,1,24:34
2024-25,1641854,Craig Porter Jr.,Craig,1610612739,CLE,Cleveland Cavaliers,0022401103,2025-04-02T00:00:00,CLE vs. NYK,W,6.216666666666667,0.0,0.0,0.0,0.0,0.0,0.0,5.8,11.6,0.5,0.0,0.0,0.0,0.0,0.0,0.0,0.0,0.0,0.0,5.8,5.8,-17.4,5.8,0,0,5.8,1,1,13086,1,23504,22635,24836,22635,15070,20945,15070,3093,873,10625,14058,22137,23286,19908,16469,12854,8263,8846,20257,2908,21530,20736,24938,2246,150,25026,1,6:13
2024-25,1629004,Svi Mykhailiuk,Svi,1610612762,UTA,Utah Jazz,0022401107,2025-04-02T00:00:00,UTA @ HOU,L,15.283333333333333,2.4,4.7,0.5,2.4,4.7,0.5,0.0,0.0,0.0,0.0,0.0,0.0,4.7,7.1,2.4,0.0,0.0,2.4,0.0,7.1,-47.1,14.1,0,0,18.8,1,13222,1,13222,19388,20747,23669,8526,8642,13927,3944,13505,14344,13505,14058,22137,23286,8159,862,4845,8263,8846,13410,17725,20672,25273,23459,2246,150,21461,1,15:17
2024-25,1642276,Kel'el Ware,Kel'el,1610612748,MIA,Miami Heat,0022401106,2025-04-02T00:00:00,MIA @ BOS,W,31.983333333333334,2.3,5.6,0.4,0.0,0.0,0.0,3.4,4.5,0.75,2.3,3.4,5.6,0.0,0.0,1.1,1.1,0.0,1.1,2.3,7.9,7.9,21.4,0,0,18.0,1,1,13086,1,5982,20945,22967,14933,15070,20945,15070,6943,6835,8186,7411,15580,13218,19908,16469,10817,6632,8846,18958,11934,20017,8695,20481,2246,150,21857,1,31:59
2024-25,1627732,Ben Simmons,Ben,1610612746,LAC,LA Clippers,0022401111,2025-04-02T00:00:00,LAC vs. NOP,W,12.2,0.0,3.0,0.0,0.0,0.0,0.0,0.0,0.0,0.0,0.0,3.0,3.0,5.9,5.9,0.0,0.0,0.0,0.0,0.0,0.0,0.0,6.5,0,0,8.9,1,1,13086,1,21156,22635,24504,22635,15070,20945,15070,13505,14344,13505,14058,16887,19849,5665,1451,12854,8263,8846,20257,17725,23200,12240,24865,2246,150,24637,1,12:12
2024-25,1629026,Kenrich Williams,Kenrich,1610612760,OKC,Oklahoma City Thunder,0022401108,2025-04-02T00:00:00,OKC vs. DET,W,17.493333333333332,4.1,12.3,0.333,0.0,4.1,0.0,0.0,0.0,0.0,4.1,4.1,8.2,2.1,0.0,0.0,0.0,0.0,2.1,6.2,8.2,0.0,21.2,0,0,18.5,1,1,13086,1,17939,16809,12987,17395,15070,15311,15070,13505,14344,13505,3418,13370,7888,16159,16469,12854,8263,8846,14828,2422,19723,12240,20598,2246,150,21614,1,17:30
2024-25,1631466,Nate Williams,Nate,1610612745,HOU,Houston Rockets,0022401107,2025-04-02T00:00:00,HOU vs. UTA,W,4.633333333333334,7.8,15.5,0.5,0.0,0.0,0.0,7.8,15.5,0.5,0.0,0.0,0.0,0.0,0.0,0.0,0.0,0.0,0.0,7.8,23.3,31.1,23.3,0,0,23.3,1,1,13086,1,24166,7120,7767,8526,15070,20945,15070,1528,311,10625,14058,22137,23286,19908,16469,12854,8263,8846,20257,1151,5281,1824,19366,2246,150,18794,1,4:38
2024-25,1631232,Keion Brooks Jr.,Keion,1610612740,NOP,New Orleans Pelicans,0022401111,2025-04-02T00:00:00,NOP @ LAC,L,21.733333333333334,5.0,11.6,0.429,0.0,5.0,0.0,0.0,0.0,0.0,1.7,1.7,3.3,1.7,1.7,1.7,0.0,0.0,3.3,1.7,9.9,-24.8,19.7,0,0,18.2,1,13222,1,13222,14727,14483,14314,13735,15070,13276,15070,13505,14344,13505,9726,20546,18961,17484,12107,7779,8263,8846,9406,14422,18210,22774,21305,2246,150,21764,1,21:44
2024-25,1641718,Keyonte George,Keyonte,1610612762,UTA,Utah Jazz,0022401107,2025-04-02T00:00:00,UTA @ HOU,L,27.483333333333334,6.5,14.4,0.455,3.9,10.5,0.375,1.3,1.3,1.0,0.0,1.3,1.3,0.0,1.3,0.0,0.0,1.3,0.0,0.0,18.3,-18.3,18.6,0,0,23.6,1,13222,1,13222,9957,10065,9506,12676,4137,3002,8800,12278,13714,1,14058,21267,22806,19908,13761,12854,8263,5604,20257,17725,9479,21028,21845,2246,150,18627,1,27:29
2024-25,1630264,Anthony Gill,Anthony,1610612764,WAS,Washington Wizards,0022401105,2025-04-02T00:00:00,WAS vs. SAC,W,31.066666666666666,4.6,11.6,0.4,2.3,5.8,0.4,0.0,0.0,0.0,1.2,4.6,5.8,1.2,0.0,1.2,0.0,1.2,2.3,2.3,11.6,8.1,23.8,0,0,23.2,1,1,13086,1,6822,15402,14329,14933,8784,11217,7874,13505,14344,13505,12055,11892,12775,19151,16469,10510,8263,6561,13567,11669,16583,8579,19123,2246,150,18869,1,31:04
2024-25,1631230,Dominick Barlow,Dominick,1610612737,ATL,Atlanta Hawks,0022401109,2025-04-02T00:00:00,ATL @ DAL,L,7.9,0.0,4.6,0.0,0.0,0.0,0.0,0.0,0.0,0.0,4.6,0.0,4.6,4.6,4.6,0.0,0.0,0.0,13.7,0.0,0.0,-36.5,7.7,0,0,9.1,1,13222,1,13222,22839,22635,23768,22635,15070,20945,15070,13505,14344,13505,2862,22137,15904,8516,2917,12854,8263,8846,296,17725,23200,24561,24729,2246,150,24586,1,7:54
2024-25,1631288,Jamal Cain,Jamal,1610612740,NOP,New Orleans Pelicans,0022401111,2025-04-02T00:00:00,NOP @ LAC,L,21.4,8.4,13.5,0.625,0.0,3.4,0.0,0.0,0.0,0.0,0.0,1.7,1.7,1.7,1.7,1.7,0.0,0.0,5.0,0.0,16.8,-26.9,24.7,0,0,23.6,1,13222,1,13222,14991,5778,11068,4899,15070,16940,15070,13505,14344,13505,14058,20503,22326,17417,11995,7678,8263,8846,4506,17725,11036,23227,18470,2246,150,18643,1,21:24
2024-25,1630572,Sandro Mamukelashvili,Sandro,1610612759,SAS,San Antonio Spurs,0022401110,2025-04-02T00:00:00,SAS @ DEN,W,23.081666666666667,7.8,17.2,0.455,3.1,7.8,0.4,6.2,6.2,1.0,4.7,10.9,15.6,0.0,1.6,1.6,0.0,0.0,1.6,4.7,25.0,28.1,46.8,1,0,46.8,1,1,13086,1,13657,7064,5625,12676,6168,6796,7874,2644,4190,1,2704,1947,1551,19908,12512,8155,8263,8846,17002,4761,4235,2256,4407,1,150,3553,1,23:05
2024-25,1642274,Yves Missi,Yves,1610612740,NOP,New Orleans Pelicans,0022401111,2025-04-02T00:00:00,NOP @ LAC,L,27.35,3.9,10.5,0.375,0.0,0.0,0.0,0.0,0.0,0.0,2.6,13.2,15.8,5.3,0.0,0.0,3.9,0.0,2.6,0.0,7.9,-6.6,46.6,0,0,36.9,1,13222,1,13222,10062,17206,16162,16299,15070,20945,15070,13505,14344,13505,6269,967,1486,6901,16469,12854,946,8846,12315,17725,19998,16328,4494,2246,150,8811,1,27:21
2024-25,1628415,Dillon Brooks,Dillon,1610612745,HOU,Houston Rockets,0022401107,2025-04-02T00:00:00,HOU vs. UTA,W,27.783333333333335,11.7,20.7,0.563,3.9,10.4,0.375,0.0,0.0,0.0,1.3,1.3,2.6,0.0,1.3,0.0,0.0,1.3,1.3,0.0,27.2,18.1,29.0,0,0,33.7,1,1,13086,1,9729,1748,2497,7127,4227,3086,8800,13505,14344,13505,11212,21289,20652,19908,13816,12854,8263,5673,18046,17725,3104,4508,15469,2246,150,11085,1,27:47
2024-25,1629012,Collin Sexton,Collin,1610612762,UTA,Utah Jazz,0022401107,2025-04-02T00:00:00,UTA @ HOU,L,24.383333333333333,11.8,20.7,0.571,1.5,3.0,0.5,1.5,1.5,1.0,0.0,0.0,0.0,5.9,1.5,0.0,1.5,1.5,0.0,1.5,26.6,-42.8,38.4,0,0,36.9,1,13222,1,13222,12578,1650,2530,6538,12136,17749,3944,11836,13505,1,14058,22137,23286,5660,12869,12854,4938,4857,20257,15103,3397,25036,8780,2246,150,8783,1,24:23
2024-25,1628436,Luke Kornet,Luke,1610612738,BOS,Boston Celtics,0022401106,2025-04-02T00:00:00,BOS vs. MIA,L,21.483333333333334,11.7,15.1,0.778,0.0,0.0,0.0,0.0,0.0,0.0,10.1,0.0,10.1,3.4,0.0,0.0,0.0,0.0,5.0,1.7,23.5,5.0,40.6,0,0,36.9,1,13222,1,13222,14946,1707,8462,1994,15070,20945,15070,13505,14344,13505,397,22137,5368,11811,16469,12854,8263,8846,4548,14346,5162,10092,7425,2246,150,8806,1,21:29
2024-25,1628369,Jayson Tatum,Jayson,1610612738,BOS,Boston Celtics,0022401106,2025-04-02T00:00:00,BOS vs. MIA,L,31.883333333333333,4.5,19.2,0.235,2.3,10.2,0.222,6.8,7.9,0.857,0.0,3.4,3.4,7.9,2.3,1.1,0.0,1.1,3.4,5.6,18.1,-12.4,35.1,0,0,33.9,1,13222,1,13222,6069,15726,3597,21144,9021,3317,13288,2179,2589,7071,14058,15559,18807,2997,9270,10777,8263,6803,9129,3125,9773,18912,10984,2246,150,10949,1,31:53
2024-25,1629655,Daniel Gafford,Daniel,1610612742,DAL,Dallas Mavericks,0022401109,2025-04-02T00:00:00,DAL vs. ATL,W,20.183333333333334,8.9,12.5,0.714,0.0,0.0,0.0,1.8,3.6,0.5,1.8,8.9,10.7,0.0,0.0,0.0,1.8,1.8,8.9,5.4,19.6,1.8,37.8,0,0,33.9,1,1,13086,1,15876,4863,12745,2752,15070,20945,15070,11273,8749,10625,9304,3596,4697,19908,16469,12854,4094,3943,994,3553,8241,11747,9156,2246,150,10929,1,20:11
2024-25,203915,Spencer Dinwiddie,Spencer,1610612742,DAL,Dallas Mavericks,0022401109,2025-04-02T00:00:00,DAL vs. ATL,W,33.13333333333333,5.4,12.0,0.455,2.2,5.4,0.4,2.2,2.2,1.0,0.0,4.3,4.3,10.9,3.3,2.2,0.0,0.0,1.1,2.2,15.2,-1.1,40.0,1,0,36.9,1,1,13086,1,5043,13186,13681,12676,9347,12131,7874,10044,12173,1,14058,12659,16415,1047,5637,5497,8263,8846,19175,12277,12689,13605,7774,1,150,8766,1,33:08
2024-25,1630702,Jaden Hardy,Jaden,1610612742,DAL,Dallas Mavericks,0022401109,2025-04-02T00:00:00,DAL vs. ATL,W,21.766666666666666,8.3,14.9,0.556,5.0,6.6,0.75,0.0,0.0,0.0,0.0,1.7,1.7,5.0,3.3,1.7,0.0,1.7,0.0,3.3,21.5,8.3,32.6,0,0,36.4,1,1,13086,1,14698,6043,8772,7248,2325,9280,1542,13505,14344,13505,14058,20555,22362,7549,5482,7790,8263,4275,20257,8226,6635,8503,12897,2246,150,9111,1,21:46
2024-25,1629312,Haywood Highsmith,Haywood,1610612748,MIA,Miami Heat,0022401106,2025-04-02T00:00:00,MIA @ BOS,W,25.833333333333332,5.6,11.1,0.5,2.8,8.4,0.333,0.0,0.0,0.0,2.8,2.8,5.6,0.0,0.0,0.0,1.4,0.0,4.2,0.0,13.9,18.1,24.8,0,0,25.1,1,1,13086,1,11308,12773,15105,8526,7255,5805,9209,13505,14344,13505,5891,17439,13348,19908,16469,12854,5253,8846,6608,17725,14006,4522,18420,2246,150,17618,1,25:50
2024-25,1629636,Darius Garland,Darius,1610612739,CLE,Cleveland Cavaliers,0022401103,2025-04-02T00:00:00,CLE vs. NYK,W,32.333333333333336,8.9,16.7,0.533,1.1,4.5,0.25,0.0,0.0,0.0,3.3,1.1,4.5,6.7,1.1,1.1,0.0,0.0,3.3,0.0,18.9,11.1,36.5,0,0,33.4,1,1,13086,1,5701,4876,6173,8140,13875,14564,11902,13505,14344,13505,4666,21728,16164,4452,15040,10912,8263,8846,9291,17725,8926,7171,10018,2246,150,11322,1,32:20
2024-25,203471,Dennis Schröder,Dennis,1610612765,DET,Detroit Pistons,0022401108,2025-04-02T00:00:00,DET @ OKC,L,39.74166666666667,5.4,16.3,0.333,0.9,6.3,0.143,1.8,1.8,1.0,0.0,3.6,3.6,6.3,1.8,0.0,0.0,0.9,3.6,1.8,13.6,-16.3,25.6,0,0,24.5,1,13222,1,13222,640,13170,6678,17395,14943,9885,14649,11215,13174,1,14058,14865,18270,4958,11494,12854,8263,8631,8356,13889,14390,20373,17856,2246,150,18033,1,39:45
2024-25,1630169,Tyrese Haliburton,Tyrese,1610612754,IND,Indiana Pacers,0022401104,2025-04-02T00:00:00,IND vs. CHA,W,33.766666666666666,9.6,16.0,0.6,4.3,6.4,0.667,0.0,0.0,0.0,0.0,1.1,1.1,10.7,0.0,2.1,2.1,0.0,0.0,4.3,23.5,14.9,53.5,1,0,48.0,1,1,13086,1,4465,3737,7126,5394,3458,9758,1957,13505,14344,13505,14058,21836,23132,1132,16469,5646,3119,8846,20257,5687,5166,5660,2327,1,150,3154,1,33:46
2024-25,203901,Elfrid Payton,Elfrid,1610612740,NOP,New Orleans Pelicans,0022401111,2025-04-02T00:00:00,NOP @ LAC,L,20.65,5.2,7.0,0.75,0.0,0.0,0.0,0.0,0.0,0.0,0.0,7.0,7.0,7.0,7.0,0.0,0.0,0.0,1.7,0.0,10.5,-19.2,22.3,0,0,24.4,1,13222,1,13222,15523,13723,21593,2107,15070,20945,15070,13505,14344,13505,14058,6407,10186,4036,900,12854,8263,8846,16398,17725,17700,21298,19973,2246,150,18070,1,20:39
2024-25,1642354,KJ Simpson,KJ,1610612766,CHA,Charlotte Hornets,0022401104,2025-04-02T00:00:00,CHA @ IND,L,30.583333333333332,4.7,11.8,0.4,1.2,4.7,0.25,0.0,0.0,0.0,0.0,5.9,5.9,4.7,1.2,0.0,1.2,2.4,2.4,2.4,10.6,4.7,27.1,0,0,24.7,1,13222,1,13222,7243,15219,13996,14933,13489,13932,11902,13505,14344,13505,14058,8580,12554,8169,14602,12854,6315,2326,13416,11518,17564,10275,16887,2246,150,17880,1,30:35
2024-25,203992,Bogdan Bogdanović,Bogdan,1610612746,LAC,LA Clippers,0022401111,2025-04-02T00:00:00,LAC vs. NOP,W,25.55,7.0,8.5,0.833,5.6,7.0,0.8,2.8,2.8,1.0,0.0,1.4,1.4,1.4,1.4,1.4,0.0,0.0,4.2,2.8,22.5,28.2,29.2,0,0,33.8,1,1,13086,1,11534,8826,19565,1514,1633,8370,1389,8297,10436,1,14058,21056,22674,18313,13230,8847,8263,8846,6480,9902,5830,2234,15383,2246,150,10988,1,25:33
2024-25,1628386,Jarrett Allen,Jarrett,1610612739,CLE,Cleveland Cavaliers,0022401103,2025-04-02T00:00:00,CLE vs. NYK,W,32.333333333333336,11.1,12.2,0.909,0.0,0.0,0.0,1.1,2.2,0.5,3.3,5.6,8.9,0.0,2.2,1.1,1.1,0.0,3.3,6.7,23.4,11.1,38.5,0,0,36.7,1,1,13086,1,5701,2153,13175,1292,15070,20945,15070,12879,12002,10625,4666,9367,6875,19908,9395,10912,6704,8846,9291,1917,5217,7171,8695,2246,150,8889,1,32:20
2024-25,1641796,Pelle Larsson,Pelle,1610612748,MIA,Miami Heat,0022401106,2025-04-02T00:00:00,MIA @ BOS,W,30.233333333333334,4.8,10.7,0.444,2.4,3.6,0.667,7.1,8.3,0.857,3.6,1.2,4.8,4.8,1.2,1.2,0.0,3.6,2.4,4.8,19.1,15.5,34.3,0,0,33.3,1,1,13086,1,7566,15071,15855,13045,8550,16508,1957,1913,2302,7071,4264,21534,15395,8011,14510,10253,8263,861,13303,4583,8798,5441,11595,2246,150,11366,1,30:14
2024-25,1631099,Keegan Murray,Keegan,1610612758,SAC,Sacramento Kings,0022401105,2025-04-02T00:00:00,SAC @ WAS,L,35.21666666666667,7.2,14.3,0.5,4.1,10.2,0.4,0.0,0.0,0.0,2.0,3.1,5.1,3.1,0.0,2.0,1.0,0.0,0.0,1.0,18.4,-3.1,38.3,0,0,36.8,1,13222,1,13222,3299,8571,9666,8526,3810,3247,7874,13505,14344,13505,8185,16499,14490,12701,16469,6040,7332,8846,20257,17306,9418,14603,8817,2246,150,8841,1,35:13
2024-25,203937,Kyle Anderson,Kyle,1610612748,MIA,Miami Heat,0022401106,2025-04-02T00:00:00,MIA @ BOS,W,23.783333333333335,10.6,16.7,0.636,1.5,3.0,0.5,6.1,6.1,1.0,1.5,0.0,1.5,1.5,1.5,1.5,0.0,1.5,0.0,3.0,28.8,25.7,35.9,0,0,36.3,1,1,13086,1,13086,2631,6240,4689,11983,17594,3944,2812,4396,1,10258,22137,22556,17928,12684,8349,8263,4722,20257,9134,2505,2666,10454,2246,150,9142,1,23:47
2024-25,1630551,Justin Champagnie,Justin,1610612764,WAS,Washington Wizards,0022401105,2025-04-02T00:00:00,WAS vs. SAC,W,30.343333333333334,4.7,9.5,0.5,0.0,3.6,0.0,0.0,2.4,0.0,3.6,9.5,13.1,3.6,1.2,2.4,1.2,1.2,2.4,1.2,9.5,17.8,40.0,0,0,33.2,1,1,13086,1,7464,15135,17965,8526,15070,16532,15070,13505,11565,13505,4288,3026,2774,11216,14544,4789,6267,6364,13339,16474,18644,4626,7775,2246,150,11480,1,30:21
2024-25,1628418,Thomas Bryant,Thomas,1610612754,IND,Indiana Pacers,0022401104,2025-04-02T00:00:00,IND vs. CHA,W,19.466666666666665,9.2,12.9,0.714,1.8,3.7,0.5,3.7,3.7,1.0,5.5,0.0,5.5,1.8,0.0,1.8,0.0,0.0,3.7,1.8,24.0,20.3,39.0,0,0,37.0,1,1,13086,1,16447,4289,11948,2752,10879,16212,3944,6292,8479,1,1921,22137,13425,16929,16469,7037,8263,8846,8077,13736,4773,3855,8389,2246,150,8729,1,19:28
2024-25,1642281,Jaylon Tyson,Jaylon,1610612739,CLE,Cleveland Cavaliers,0022401103,2025-04-02T00:00:00,CLE vs. NYK,W,2.183333333333333,0.0,0.0,0.0,0.0,0.0,0.0,0.0,0.0,0.0,0.0,16.5,16.5,16.5,16.5,0.0,0.0,0.0,0.0,0.0,0.0,0.0,28.0,0,0,33.0,1,1,13086,1,25376,22635,24836,22635,15070,20945,15070,13505,14344,13505,14058,375,1271,183,89,12854,8263,8846,20257,17725,23200,12240,16209,2246,150,11664,1,2:11
2024-25,1627759,Jaylen Brown,Jaylen,1610612738,BOS,Boston Celtics,0022401106,2025-04-02T00:00:00,BOS vs. MIA,L,28.783333333333335,12.5,25.0,0.5,2.5,7.5,0.333,2.5,3.8,0.667,2.5,8.8,11.3,5.0,3.8,0.0,0.0,0.0,2.5,3.8,30.0,-1.3,47.3,0,0,48.8,1,13222,1,13222,8852,1240,824,8526,8143,7388,9209,9044,8369,9425,6605,3770,4191,7466,4434,12854,8263,8846,12790,6984,2077,13693,4217,2246,150,2896,1,28:47
2024-25,1630171,Isaac Okoro,Isaac,1610612739,CLE,Cleveland Cavaliers,0022401103,2025-04-02T00:00:00,CLE vs. NYK,W,23.35,7.7,15.4,0.5,1.5,9.3,0.167,0.0,0.0,0.0,3.1,6.2,9.3,3.1,1.5,3.1,0.0,0.0,0.0,1.5,17.0,20.0,40.4,0,0,37.0,1,1,13086,1,13419,7253,7942,8526,11891,4453,14236,13505,14344,13505,5167,7978,6385,12652,12574,2968,8263,8846,20257,14828,10891,3937,7520,2246,150,8724,1,23:21
2024-25,1641809,Drew Peterson,Drew,1610612738,BOS,Boston Celtics,0022401106,2025-04-02T00:00:00,BOS vs. MIA,L,5.033333333333333,7.2,14.3,0.5,7.2,14.3,0.5,0.0,0.0,0.0,0.0,0.0,0.0,0.0,0.0,0.0,0.0,0.0,7.2,0.0,21.5,-42.9,21.5,0,0,28.6,1,13222,1,13222,23981,8574,9676,8526,709,848,3944,13505,14344,13505,14058,22137,23286,19908,16469,12854,8263,8846,1852,17725,6680,25042,20437,2246,150,14978,1,5:02
2024-25,1631103,Malaki Branham,Malaki,1610612759,SAS,San Antonio Spurs,0022401110,2025-04-02T00:00:00,SAS @ DEN,W,20.25,10.7,26.7,0.4,1.8,10.7,0.167,0.0,0.0,0.0,0.0,1.8,1.8,3.6,0.0,1.8,0.0,0.0,5.3,0.0,23.1,-1.8,35.9,0,0,33.8,1,1,13086,1,15822,2546,535,14933,11151,2812,14236,13505,14344,13505,14058,20303,22193,11228,16469,7343,8263,8846,3956,17725,5409,13913,10421,2246,150,11013,1,20:15
2024-25,1629006,Josh Okogie,Josh,1610612766,CHA,Charlotte Hornets,0022401104,2025-04-02T00:00:00,CHA @ IND,L,12.75,5.6,16.9,0.333,2.8,5.6,0.5,0.0,0.0,0.0,0.0,2.8,2.8,0.0,0.0,2.8,0.0,2.8,2.8,0.0,14.1,-19.8,26.0,0,0,25.4,1,13222,1,13222,20863,12566,5861,17395,7142,11585,3944,13505,14344,13505,14058,17319,20185,19908,16469,3624,8263,1562,11532,17725,13831,21483,17631,2246,150,17343,1,12:45
2024-25,203897,Zach LaVine,Zach,1610612758,SAC,Sacramento Kings,0022401105,2025-04-02T00:00:00,SAC @ WAS,L,34.983333333333334,5.1,13.4,0.385,2.1,7.2,0.286,6.2,7.2,0.857,0.0,2.1,2.1,2.1,3.1,0.0,0.0,0.0,4.1,5.1,18.5,-9.3,21.0,0,0,24.7,1,13222,1,13222,3475,13967,11177,16070,9880,8044,11433,2704,3165,7071,14058,19484,21683,16158,6161,12854,8263,8846,6780,3858,9302,17556,20693,2246,150,17890,1,34:59
2024-25,203994,Jusuf Nurkić,Jusuf,1610612766,CHA,Charlotte Hornets,0022401104,2025-04-02T00:00:00,CHA @ IND,L,20.433333333333334,8.8,10.6,0.833,0.0,1.8,0.0,5.3,10.6,0.5,1.8,7.0,8.8,1.8,3.5,0.0,0.0,0.0,5.3,10.6,22.9,-5.3,32.6,0,0,33.5,1,13222,1,13222,15684,5064,16106,1514,15070,19967,15070,3675,1170,10625,9379,6282,7005,17191,4963,12854,8263,8846,4048,321,5552,15737,12887,2246,150,11262,1,20:26
2024-25,201587,Nicolas Batum,Nicolas,1610612746,LAC,LA Clippers,0022401111,2025-04-02T00:00:00,LAC vs. NOP,W,14.383333333333333,2.5,10.0,0.25,2.5,10.0,0.25,0.0,0.0,0.0,0.0,2.5,2.5,2.5,0.0,5.0,0.0,0.0,0.0,0.0,7.5,15.0,29.3,0,0,25.0,1,1,13086,1,19958,20460,17036,20233,8138,3471,11902,13505,14344,13505,14058,18179,20809,14537,16469,899,8263,8846,20257,17725,20313,5620,15297,2246,150,17657,1,14:23
2024-25,1627739,Kris Dunn,Kris,1610612746,LAC,LA Clippers,0022401111,2025-04-02T00:00:00,LAC vs. NOP,W,19.366666666666667,7.4,14.9,0.5,5.6,9.3,0.6,0.0,0.0,0.0,0.0,13.0,13.0,1.9,3.7,1.9,1.9,0.0,3.7,0.0,20.4,-7.4,46.3,0,0,48.3,1,1,13086,1,16522,7923,8791,8526,1678,4384,2992,13505,14344,13505,14058,1006,2796,16898,4513,6979,3906,8846,8013,17725,7548,16698,4632,2246,150,3035,1,19:22
2024-25,1631243,Mouhamed Gueye,Mouhamed,1610612737,ATL,Atlanta Hawks,0022401109,2025-04-02T00:00:00,ATL @ DAL,L,14.25,12.6,32.8,0.385,2.5,12.6,0.2,0.0,0.0,0.0,7.6,5.1,12.6,0.0,0.0,0.0,2.5,5.1,2.5,0.0,27.8,20.2,50.5,0,0,48.0,1,13222,1,13222,20052,1179,171,16070,8054,1458,13429,13505,14344,13505,921,10724,3041,19908,16469,12854,2325,358,12685,17725,2863,3888,3121,2246,150,3132,1,14:15
2024-25,201599,DeAndre Jordan,DeAndre,1610612743,DEN,Denver Nuggets,0022401102,2025-04-01T00:00:00,DEN vs. MIN,L,5.366666666666666,6.7,13.4,0.5,0.0,0.0,0.0,0.0,0.0,0.0,0.0,13.4,13.4,6.7,13.4,0.0,0.0,0.0,13.4,0.0,13.4,-20.1,26.2,0,0,33.5,1,13222,1,13222,23832,9660,11123,8526,15070,20945,15070,13505,14344,13505,14058,890,2532,4411,144,12854,8263,8846,307,17725,14594,21583,17502,2246,150,11210,1,5:22
2024-25,1642366,Quinten Post,Quinten,1610612744,GSW,Golden State Warriors,0022401100,2025-04-01T00:00:00,GSW @ MEM,W,19.81833333333333,5.4,18.2,0.3,5.4,16.3,0.333,0.0,0.0,0.0,0.0,1.8,1.8,1.8,0.0,0.0,0.0,0.0,3.6,1.8,16.3,-1.8,21.3,0,0,25.4,1,1,13086,1,16159,13135,4490,19363,1792,474,9209,13505,14344,13505,14058,20202,22137,17037,16469,12854,8263,8846,8320,13869,11556,13925,20569,2246,150,17331,1,19:49
2024-25,1631306,Cole Swider,Cole,1610612761,TOR,Toronto Raptors,0022401099,2025-04-01T00:00:00,TOR @ CHI,L,20.533333333333335,5.3,14.0,0.375,5.3,14.0,0.375,0.0,0.0,0.0,1.8,1.8,3.5,0.0,0.0,1.8,0.0,0.0,0.0,0.0,15.8,-12.3,25.2,0,0,28.1,1,13222,1,13222,15619,13645,10131,16299,1983,915,8800,13505,14344,13505,9402,20344,18533,19908,16469,7423,8263,8846,20257,17725,12143,18846,18112,2246,150,15392,1,20:32
2024-25,1630193,Immanuel Quickley,Immanuel,1610612761,TOR,Toronto Raptors,0022401099,2025-04-01T00:00:00,TOR @ CHI,L,24.283333333333335,10.4,20.8,0.5,4.4,10.4,0.429,0.0,0.0,0.0,0.0,1.5,1.5,13.3,1.5,1.5,0.0,0.0,3.0,3.0,25.2,-8.9,50.0,0,0,47.4,1,13222,1,13222,12662,2843,2480,8526,3156,3077,7394,13505,14344,13505,14058,20906,22587,470,12832,8484,8263,8846,10875,9377,4120,17380,3279,2246,150,3328,1,24:17
2024-25,1631128,Christian Braun,Christian,1610612743,DEN,Denver Nuggets,0022401102,2025-04-01T00:00:00,DEN vs. MIN,L,53.166666666666664,5.4,9.5,0.571,0.7,4.1,0.167,0.7,0.7,1.0,2.7,5.4,8.1,2.7,1.4,2.0,0.0,0.7,0.7,2.0,12.2,8.1,30.7,1,0,27.8,1,13222,1,13222,1,13223,17982,6538,15069,15453,14236,13504,14343,1,6079,9742,8048,13884,13550,6101,8263,8845,20256,12922,15931,8568,14243,1,150,15606,1,53:10
2024-25,203484,Kentavious Caldwell-Pope,Kentavious,1610612753,ORL,Orlando Magic,0022400988,2025-04-01T00:00:00,ORL @ SAS,W,30.65,9.4,12.9,0.727,8.2,10.6,0.778,0.0,0.0,0.0,0.0,1.2,1.2,3.5,2.3,3.5,0.0,0.0,0.0,0.0,27.0,0.0,41.9,0,0,47.0,1,1,13086,1,7168,4032,12002,2666,413,2908,1530,13505,14344,13505,14058,21581,22978,11327,8873,2214,8263,8846,20257,17725,3201,12240,6655,2246,150,3480,1,30:39
2024-25,1629680,Matisse Thybulle,Matisse,1610612757,POR,Portland Trail Blazers,0022401097,2025-04-01T00:00:00,POR @ ATL,W,28.998333333333335,5.0,12.4,0.4,0.0,5.0,0.0,0.0,0.0,0.0,2.5,2.5,5.0,6.2,2.5,6.2,0.0,0.0,1.2,0.0,9.9,9.9,41.3,0,0,33.5,1,1,13086,1,8680,14488,12865,14933,15070,13283,15070,13505,14344,13505,6664,18234,14881,5151,8318,426,8263,8846,18321,17725,18221,7728,6968,2246,150,11228,1,28:60
2024-25,1631230,Dominick Barlow,Dominick,1610612737,ATL,Atlanta Hawks,0022401097,2025-04-01T00:00:00,ATL vs. POR,L,15.166666666666666,9.5,14.2,0.667,0.0,2.4,0.0,0.0,0.0,0.0,7.1,11.9,19.0,4.7,0.0,0.0,2.4,0.0,0.0,2.4,19.0,23.7,56.0,0,0,47.5,1,13222,1,13222,19456,3889,9769,3281,15070,18857,15070,13505,14344,13505,1097,1428,701,8057,16469,12854,2603,8846,20257,11452,8866,3083,1803,2246,150,3310,1,15:10
2024-25,1629022,Lonnie Walker IV,Lonnie,1610612755,PHI,Philadelphia 76ers,0022401098,2025-04-01T00:00:00,PHI @ NYK,L,33.21666666666667,5.4,13.0,0.417,1.1,6.5,0.167,0.0,0.0,0.0,0.0,7.6,7.6,4.3,1.1,0.0,0.0,1.1,4.3,0.0,11.9,-14.1,26.4,0,0,24.9,1,13222,1,13222,4978,13217,11843,14532,14047,9542,14236,13505,14344,13505,14058,5347,8995,9044,15245,12854,8263,7195,6183,17725,16223,19541,17327,2246,150,17738,1,33:13
2024-25,1629645,Kevin Porter Jr.,Kevin,1610612749,MIL,Milwaukee Bucks,0022401101,2025-04-01T00:00:00,MIL vs. PHX,W,17.283333333333335,8.3,14.6,0.571,0.0,2.1,0.0,2.1,2.1,1.0,0.0,2.1,2.1,4.2,4.2,0.0,0.0,0.0,8.3,6.2,18.7,-39.6,23.3,0,0,25.0,1,1,13086,1,18086,5919,9233,6538,15070,19394,15070,10349,12479,1,14058,19413,21648,9479,3555,12854,8263,8846,1209,2334,9083,24810,19356,2246,150,17680,1,17:17
2024-25,1629632,Coby White,Coby,1610612741,CHI,Chicago Bulls,0022401099,2025-04-01T00:00:00,CHI vs. TOR,W,33.9,10.6,17.0,0.625,3.2,7.4,0.429,5.3,5.3,1.0,0.0,3.2,3.2,6.4,3.2,2.1,0.0,0.0,2.1,4.2,29.7,20.2,46.3,0,0,46.7,1,1,13086,1,4348,2597,5820,4899,5991,7529,7394,3639,5448,1,14058,16133,19272,4893,5866,5681,8263,8846,14502,5726,2183,3900,4623,2246,150,3584,1,33:54
2024-25,1628380,Zach Collins,Zach,1610612741,CHI,Chicago Bulls,0022401099,2025-04-01T00:00:00,CHI vs. TOR,W,18.7,5.8,11.6,0.5,1.9,3.9,0.5,0.0,0.0,0.0,1.9,21.2,23.1,9.6,0.0,0.0,0.0,0.0,0.0,0.0,13.5,27.0,55.6,0,0,48.1,1,1,13086,1,17035,12181,14384,8526,10525,15898,3944,13505,14344,13505,8728,137,262,1627,16469,12854,8263,8846,20257,17725,14539,2438,1873,2246,150,3104,1,18:42
2024-25,1629048,Goga Bitadze,Goga,1610612753,ORL,Orlando Magic,0022400988,2025-04-01T00:00:00,ORL @ SAS,W,11.866666666666667,3.0,3.0,1.0,0.0,0.0,0.0,0.0,0.0,0.0,3.0,15.2,18.2,3.0,0.0,0.0,3.0,0.0,0.0,0.0,6.1,-24.3,41.6,0,0,33.4,1,1,13086,1,21351,19352,24478,1,15070,20945,15070,13505,14344,13505,5260,535,853,12813,16469,12854,1653,8846,20257,17725,21341,22635,6852,2246,150,11347,1,11:52
2024-25,1627751,Jakob Poeltl,Jakob,1610612761,TOR,Toronto Raptors,0022401099,2025-04-01T00:00:00,TOR @ CHI,L,24.283333333333335,7.4,11.9,0.625,0.0,0.0,0.0,3.0,3.0,1.0,3.0,4.4,7.4,3.0,3.0,0.0,0.0,0.0,1.5,1.5,17.8,-8.9,28.2,0,0,28.2,1,13222,1,13222,12662,7984,13849,4899,15070,20945,15070,7908,10053,1,5427,12411,9348,13038,6603,12854,8263,8846,17286,15072,10038,17380,16095,2246,150,15318,1,24:17
2024-25,1630577,Julian Champagnie,Julian,1610612759,SAS,San Antonio Spurs,0022400988,2025-04-01T00:00:00,SAS vs. ORL,L,32.358333333333334,7.8,14.5,0.538,5.6,10.0,0.556,0.0,0.0,0.0,2.2,2.2,4.5,2.2,1.1,0.0,0.0,1.1,2.2,1.1,21.1,-12.2,28.7,0,0,33.4,1,13222,1,13222,5684,7090,9414,7978,1689,3469,3747,13505,14344,13505,7514,18997,16169,15533,15047,12854,8263,6943,13984,16854,6967,18833,15710,2246,150,11342,1,32:22
2024-25,201572,Brook Lopez,Brook,1610612749,MIL,Milwaukee Bucks,0022401101,2025-04-01T00:00:00,MIL vs. PHX,W,37.63333333333333,9.6,12.4,0.769,1.9,2.9,0.667,0.0,0.0,0.0,0.0,5.7,5.7,5.7,3.8,0.0,1.0,0.0,3.8,1.9,21.0,14.3,35.6,0,0,36.4,1,1,13086,1,1610,3782,12848,2080,10574,17917,1957,13505,14344,13505,14058,8951,12927,5969,4247,12854,7771,8846,7660,13465,7052,5876,10671,2246,150,9133,1,37:38
2024-25,1630168,Onyeka Okongwu,Onyeka,1610612737,ATL,Atlanta Hawks,0022401097,2025-04-01T00:00:00,ATL vs. POR,L,32.833333333333336,4.4,8.8,0.5,0.0,3.3,0.0,4.4,5.5,0.8,2.2,4.4,6.6,3.3,1.1,0.0,1.1,0.0,3.3,3.3,13.2,-26.3,28.2,0,0,25.2,1,13222,1,13222,5298,16106,19073,8526,15070,17091,15070,5014,5210,7681,7602,12562,11003,12020,15150,12854,6811,8846,9492,8279,14930,23090,16088,2246,150,17499,1,32:50
2024-25,1630583,Santi Aldama,Santi,1610612763,MEM,Memphis Grizzlies,0022401100,2025-04-01T00:00:00,MEM vs. GSW,L,30.10333333333333,7.2,13.2,0.545,4.8,7.2,0.667,2.4,3.6,0.667,2.4,4.8,7.2,1.2,1.2,1.2,0.0,0.0,3.6,2.4,21.5,-31.1,34.3,0,0,37.1,1,13222,1,13222,7687,8526,11569,7695,2589,8093,1957,9359,8708,9425,6953,11478,9799,19027,14473,10210,8263,8846,8469,11387,6615,23906,11574,2246,150,8677,1,30:06
2024-25,202687,Bismack Biyombo,Bismack,1610612759,SAS,San Antonio Spurs,0022400988,2025-04-01T00:00:00,SAS vs. ORL,L,25.841666666666665,7.0,9.8,0.714,0.0,0.0,0.0,1.4,7.0,0.2,0.0,7.0,7.0,1.4,1.4,1.4,2.8,1.4,2.8,7.0,15.3,5.6,36.9,0,0,32.0,1,13222,1,13222,11302,9011,17467,2752,15070,20945,15070,12031,3394,13489,14058,6427,10215,18365,13314,8940,1974,5203,11701,1681,12594,9809,9759,2246,150,12355,1,25:51
2024-25,1642377,Jaylen Wells,Jaylen,1610612763,MEM,Memphis Grizzlies,0022401100,2025-04-01T00:00:00,MEM vs. GSW,L,30.06833333333333,2.4,6.0,0.4,1.2,4.8,0.25,0.0,0.0,0.0,1.2,3.6,4.8,1.2,0.0,1.2,0.0,0.0,4.8,3.6,6.0,3.6,17.1,0,0,15.6,1,13222,1,13222,7722,20683,22620,14933,13386,13739,11902,13505,14344,13505,11805,14948,15329,19020,16469,10199,8263,8846,5090,7414,21409,10857,22440,2246,150,22861,1,30:04
2024-25,1642258,Zaccharie Risacher,Zaccharie,1610612737,ATL,Atlanta Hawks,0022401097,2025-04-01T00:00:00,ATL vs. POR,L,24.55,5.9,20.5,0.286,0.0,5.9,0.0,1.5,1.5,1.0,1.5,2.9,4.4,2.9,1.5,0.0,2.9,1.5,2.9,2.9,13.2,-41.1,30.2,0,0,26.4,1,13222,1,13222,12423,11899,2620,19630,15070,11039,15070,11854,13514,1,10450,16959,16282,13152,12919,12854,1769,4904,11016,9480,14872,24915,14661,2246,150,16624,1,24:33
2024-25,203110,Draymond Green,Draymond,1610612744,GSW,Golden State Warriors,0022401100,2025-04-01T00:00:00,GSW @ MEM,W,32.98166666666667,4.4,13.1,0.333,1.1,7.6,0.143,4.4,4.4,1.0,2.2,8.7,10.9,13.1,3.3,2.2,1.1,1.1,4.4,3.3,14.2,14.2,53.5,1,1,45.8,1,1,13086,1,5169,16160,11675,17395,13993,7099,14649,5047,7082,1,7639,3798,4489,509,5584,5466,6853,7128,6112,8329,13741,5943,2336,1,1,3882,1,32:59
2024-25,1631221,Collin Gillespie,Collin,1610612756,PHX,Phoenix Suns,0022401101,2025-04-01T00:00:00,PHX @ MIL,L,35.88333333333333,6.0,12.0,0.5,4.0,8.0,0.5,2.0,3.0,0.667,0.0,2.0,2.0,4.0,3.0,2.0,0.0,1.0,1.0,3.0,18.1,-6.0,29.5,0,0,32.1,1,13222,1,13222,2764,11455,13528,8526,3971,6405,3944,10624,9950,9425,14058,19642,21786,9903,6435,6224,8263,7891,19689,9201,9784,16070,15154,2246,150,12293,1,35:53
2024-25,1642270,Donovan Clingan,Donovan,1610612757,POR,Portland Trail Blazers,0022401097,2025-04-01T00:00:00,POR @ ATL,W,29.233333333333334,4.9,8.6,0.571,1.2,1.2,1.0,2.5,3.7,0.667,4.9,3.7,8.6,6.2,2.5,1.2,0.0,0.0,2.5,3.7,13.5,35.7,34.4,0,0,32.0,1,1,13086,1,8465,14616,19326,6538,13196,20580,1,9159,8490,9425,2438,14650,7274,5239,8393,9933,8263,8846,12931,7145,14447,1321,11550,2246,150,12375,1,29:14
2024-25,1630249,Vít Krejčí,Vít,1610612737,ATL,Atlanta Hawks,0022401097,2025-04-01T00:00:00,ATL vs. POR,L,23.666666666666668,7.6,10.6,0.714,4.6,7.6,0.6,0.0,0.0,0.0,1.5,9.1,10.6,3.0,0.0,0.0,0.0,0.0,1.5,0.0,19.8,9.1,37.1,0,0,38.0,1,13222,1,13222,13171,7499,15970,2752,2952,7165,2992,13505,14344,13505,10230,3379,4766,12787,16469,12854,8263,8846,17141,17725,8098,8121,9619,2246,150,8011,1,23:40
2024-25,203932,Aaron Gordon,Aaron,1610612743,DEN,Denver Nuggets,0022401102,2025-04-01T00:00:00,DEN vs. MIN,L,46.653333333333336,6.9,11.6,0.6,3.1,6.2,0.5,6.2,7.7,0.8,0.8,5.4,6.2,3.9,1.5,0.0,0.8,0.0,2.3,4.6,23.1,12.3,37.1,0,0,37.8,1,13222,1,13222,27,9064,14352,5394,6252,10257,3944,2706,2732,7681,14050,9781,11880,10348,12568,12854,8255,8846,13589,4877,5380,6659,9618,2246,150,8165,1,46:39
2024-25,1631094,Paolo Banchero,Paolo,1610612753,ORL,Orlando Magic,0022400988,2025-04-01T00:00:00,ORL @ SAS,W,32.9,9.8,23.0,0.429,0.0,4.4,0.0,6.6,6.6,1.0,0.0,10.9,10.9,4.4,5.5,2.2,0.0,2.2,3.3,5.5,26.3,0.0,47.1,1,0,46.0,1,1,13086,1,5243,3400,1386,13735,15070,14742,15070,2350,3814,1,14058,1932,4465,8940,1832,5444,8263,2674,9510,3378,3549,12240,4296,1,150,3825,1,32:54
2024-25,1630215,Jared Butler,Jared,1610612755,PHI,Philadelphia 76ers,0022401098,2025-04-01T00:00:00,PHI @ NYK,L,23.566666666666666,3.1,13.7,0.222,1.5,7.6,0.2,0.0,0.0,0.0,0.0,3.1,3.1,10.7,4.6,1.5,0.0,1.5,4.6,1.5,7.6,3.1,27.3,0,0,26.0,1,13222,1,13222,13257,19305,10574,21205,11934,7108,13429,13505,14344,13505,14058,16534,19570,1109,2873,8284,8263,4664,5585,14883,20208,11085,16705,2246,150,16960,1,23:34
2024-25,1628398,Kyle Kuzma,Kyle,1610612749,MIL,Milwaukee Bucks,0022401101,2025-04-01T00:00:00,MIL vs. PHX,W,37.11666666666667,4.8,9.7,0.5,1.9,4.8,0.4,0.0,0.0,0.0,1.9,1.9,3.9,4.8,3.9,0.0,1.9,0.0,4.8,1.9,11.6,25.2,25.5,0,0,26.2,1,1,13086,1,1911,14812,17579,8526,10456,13567,7874,13505,14344,13505,8663,19861,17625,7799,4134,12854,3653,8846,4952,13366,16534,2769,17933,2246,150,16804,1,37:07
2024-25,1626172,Kevon Looney,Kevon,1610612744,GSW,Golden State Warriors,0022401100,2025-04-01T00:00:00,GSW @ MEM,W,9.983333333333333,3.6,14.4,0.25,3.6,3.6,1.0,0.0,0.0,0.0,10.8,3.6,14.4,3.6,0.0,0.0,0.0,0.0,3.6,7.2,10.8,-3.6,33.5,0,0,32.5,1,1,13086,1,22110,18068,9477,20233,4910,16423,1,13505,14344,13505,318,14901,2035,11069,16469,12854,8263,8846,8405,1505,17350,14850,12168,2246,150,12024,1,9:59
2024-25,1630567,Scottie Barnes,Scottie,1610612761,TOR,Toronto Raptors,0022401099,2025-04-01T00:00:00,TOR @ CHI,L,24.283333333333335,5.9,20.8,0.286,1.5,7.4,0.2,0.0,0.0,0.0,1.5,4.4,5.9,5.9,3.0,3.0,0.0,1.5,3.0,0.0,13.3,-8.9,35.3,0,0,32.6,1,13222,1,13222,12662,11708,2480,19630,12108,7585,13429,13505,14344,13505,10379,12411,12454,5625,6603,3231,8263,4837,10875,17725,14696,17380,10880,2246,150,11928,1,24:17
2024-25,1628404,Josh Hart,Josh,1610612752,NYK,New York Knicks,0022401098,2025-04-01T00:00:00,NYK vs. PHI,W,32.0,4.5,7.9,0.571,0.0,0.0,0.0,1.1,1.1,1.0,0.0,4.5,4.5,6.8,1.1,2.3,0.0,0.0,3.4,1.1,10.1,3.4,31.3,0,0,25.9,1,1,13086,1,5961,15777,20445,6538,15070,20945,15070,12838,14004,1,14058,12261,16050,4349,14975,5217,8263,8846,9166,16803,18026,10937,13847,2246,150,17023,1,32:00
2024-25,1629018,Gary Trent Jr.,Gary,1610612749,MIL,Milwaukee Bucks,0022401101,2025-04-01T00:00:00,MIL vs. PHX,W,27.166666666666668,2.7,4.0,0.667,2.7,4.0,0.667,0.0,0.0,0.0,0.0,2.7,2.7,2.7,1.3,0.0,0.0,0.0,0.0,1.3,8.0,-23.9,13.8,0,0,15.9,1,1,13086,1,10216,20182,24103,3281,7682,15633,1957,13505,14344,13505,14058,17812,20537,14042,13688,12854,8263,8846,20257,15784,19961,22535,23555,2246,150,22748,1,27:10
2024-25,1626164,Devin Booker,Devin,1610612756,PHX,Phoenix Suns,0022401101,2025-04-01T00:00:00,PHX @ MIL,L,43.35166666666667,11.6,26.6,0.438,2.5,9.1,0.273,6.6,6.6,1.0,0.8,1.7,2.5,9.1,4.2,0.0,0.0,0.8,1.7,5.8,32.4,-16.6,44.9,1,0,46.5,1,13222,1,13222,124,1788,548,13558,8177,4622,11838,2289,3717,1,14023,20540,20829,1907,3579,12854,8263,8802,16666,2878,1441,20480,5216,1,150,3657,1,43:21
2024-25,1626145,Tyus Jones,Tyus,1610612756,PHX,Phoenix Suns,0022401101,2025-04-01T00:00:00,PHX @ MIL,L,26.645,8.1,10.8,0.75,5.4,8.1,0.667,0.0,0.0,0.0,0.0,2.7,2.7,2.7,0.0,0.0,0.0,0.0,0.0,2.7,21.6,1.4,28.9,0,0,32.4,1,13222,1,13222,10616,6396,15682,2107,1846,6271,1957,13505,14344,13505,14058,17695,20446,13901,16469,12854,8263,8846,20257,10312,6533,11934,15551,2246,150,12043,1,26:39
2024-25,1630170,Devin Vassell,Devin,1610612759,SAS,San Antonio Spurs,0022400988,2025-04-01T00:00:00,SAS vs. ORL,L,33.218333333333334,4.3,11.9,0.364,1.1,7.6,0.143,2.2,2.2,1.0,0.0,4.3,4.3,0.0,0.0,0.0,0.0,0.0,2.2,1.1,11.9,0.0,17.1,0,0,17.3,1,13222,1,13222,4977,16235,13724,16861,14050,7203,14649,10059,12188,1,14058,12699,16446,19908,16469,12854,8263,8846,14260,16985,16224,12240,22439,2246,150,22154,1,33:13
2024-25,1641737,Adem Bona,Adem,1610612755,PHI,Philadelphia 76ers,0022401098,2025-04-01T00:00:00,PHI @ NYK,L,31.683333333333334,3.4,5.7,0.6,0.0,0.0,0.0,3.4,6.8,0.5,3.4,5.7,9.1,2.3,4.5,2.3,3.4,0.0,5.7,4.5,10.2,-11.4,37.0,0,0,33.0,1,13222,1,13222,6246,18524,22919,5394,15070,20945,15070,6884,3552,10625,4524,9090,6598,15338,2932,5141,1300,8846,3425,5050,17921,18462,9669,2246,150,11693,1,31:41
2024-25,1642346,Ryan Dunn,Ryan,1610612756,PHX,Phoenix Suns,0022401101,2025-04-01T00:00:00,PHX @ MIL,L,22.69333333333333,3.2,11.1,0.286,1.6,7.9,0.2,0.0,0.0,0.0,0.0,4.8,4.8,1.6,0.0,0.0,0.0,0.0,6.3,0.0,7.9,-4.8,16.0,0,0,15.9,1,13222,1,13222,13962,19052,15188,19630,11726,6570,13429,13505,14344,13505,14058,11548,15409,17691,16469,12854,8263,8846,2545,17725,19975,15454,22846,2246,150,22765,1,22:42
2024-25,1642024,Alex Reese,Alex,1610612755,PHI,Philadelphia 76ers,0022401098,2025-04-01T00:00:00,PHI @ NYK,L,16.316666666666666,6.6,8.8,0.75,4.4,6.6,0.667,4.4,4.4,1.0,2.2,6.6,8.8,2.2,0.0,0.0,0.0,0.0,6.6,2.2,22.1,-8.8,36.0,0,0,37.5,1,13222,1,13222,18711,9882,18976,2107,3213,9274,1957,4968,7009,1,7565,7060,6976,15603,16469,12854,8263,8846,2300,12133,6155,17342,10389,2246,150,8360,1,16:19
2024-25,1628379,Luke Kennard,Luke,1610612763,MEM,Memphis Grizzlies,0022401100,2025-04-01T00:00:00,MEM vs. GSW,L,21.665,1.7,5.0,0.333,1.7,5.0,0.333,0.0,0.0,0.0,0.0,1.7,1.7,8.3,1.7,0.0,0.0,0.0,0.0,0.0,5.0,-13.3,17.8,0,0,16.6,1,13222,1,13222,14789,21948,23475,17395,11503,13236,9209,13505,14344,13505,14058,20538,22354,2605,12087,12854,8263,8846,20257,17725,22018,19224,22186,2246,150,22460,1,21:40
2024-25,1631104,Blake Wesley,Blake,1610612759,SAS,San Antonio Spurs,0022400988,2025-04-01T00:00:00,SAS vs. ORL,L,18.098333333333333,2.0,8.0,0.25,0.0,2.0,0.0,4.0,4.0,1.0,2.0,6.0,8.0,6.0,2.0,2.0,0.0,2.0,6.0,2.0,8.0,4.0,30.4,0,0,25.9,1,13222,1,13222,17509,21430,20333,20233,15070,19577,15070,5727,7882,1,8436,8410,8351,5557,10569,6305,8263,3263,2996,13131,19958,10663,14470,2246,150,17034,1,18:06
2024-25,1630175,Cole Anthony,Cole,1610612753,ORL,Orlando Magic,0022400988,2025-04-01T00:00:00,ORL @ SAS,W,19.383333333333333,5.6,14.9,0.375,1.9,7.4,0.25,3.7,3.7,1.0,1.9,7.4,9.3,7.4,0.0,3.7,1.9,1.9,3.7,3.7,16.7,-9.3,55.7,0,0,46.4,1,1,13086,1,16510,12788,8809,16299,10843,7540,11902,6260,8453,1,9002,5622,6337,3478,16469,1949,3912,3714,8020,7096,11154,17574,1856,2246,150,3682,1,19:23
2024-25,1641710,Anthony Black,Anthony,1610612753,ORL,Orlando Magic,0022400988,2025-04-01T00:00:00,ORL @ SAS,W,20.116666666666667,3.6,10.7,0.333,0.0,3.6,0.0,0.0,0.0,0.0,1.8,1.8,3.6,5.4,1.8,5.4,3.6,0.0,1.8,1.8,7.2,23.3,44.6,0,0,34.0,1,1,13086,1,15932,18128,15819,17395,15070,16488,15070,13505,14344,13505,9280,20268,18369,6692,11597,703,1164,8846,16235,13969,20593,3205,5385,2246,150,10850,1,20:07
2024-25,1630568,Luka Garza,Luka,1610612750,MIN,Minnesota Timberwolves,0022401102,2025-04-01T00:00:00,MIN @ DEN,W,0.0,0.0,0.0,0.0,0.0,0.0,0.0,0.0,0.0,0.0,0.0,0.0,0.0,0.0,0.0,0.0,0.0,0.0,0.0,0.0,0.0,0.0,0.0,0,0,0.0,1,1,13086,1,26304,22635,24836,22635,15070,20945,15070,13505,14344,13505,14058,22137,23286,19908,16469,12854,8263,8846,20257,17725,23200,12240,25228,2246,150,25259,1,0:00
2024-25,1631115,Orlando Robinson,Orlando,1610612761,TOR,Toronto Raptors,0022401099,2025-04-01T00:00:00,TOR @ CHI,L,20.716666666666665,7.0,19.1,0.364,5.2,12.2,0.429,3.5,3.5,1.0,1.7,3.5,5.2,3.5,1.7,0.0,1.7,1.7,8.7,1.7,22.6,-13.9,37.5,0,0,40.0,1,13222,1,13222,15477,9047,3648,16861,2041,1690,7394,6744,8933,1,9450,15305,14246,11469,11789,12854,4202,4053,1072,14157,5786,19466,9323,2246,150,6802,1,20:43
2024-25,1627777,Georges Niang,Georges,1610612737,ATL,Atlanta Hawks,0022401097,2025-04-01T00:00:00,ATL vs. POR,L,16.666666666666668,2.2,13.0,0.167,2.2,8.6,0.25,0.0,0.0,0.0,0.0,0.0,0.0,2.2,4.3,0.0,0.0,2.2,8.6,0.0,6.5,-2.2,5.4,0,0,10.8,1,13222,1,13222,18490,21117,11924,21938,9397,5359,11902,13505,14344,13505,14058,22137,23286,15766,3273,12854,8263,2740,1082,17725,21063,14130,24971,2246,150,24265,1,16:40
2024-25,1631216,Caleb Houstan,Caleb,1610612753,ORL,Orlando Magic,0022400988,2025-04-01T00:00:00,ORL @ SAS,W,25.05,5.7,11.5,0.5,5.7,11.5,0.5,0.0,0.0,0.0,0.0,1.4,1.4,4.3,2.9,1.4,1.4,0.0,0.0,0.0,17.2,11.5,31.2,0,0,34.5,1,1,13086,1,11963,12271,14476,8526,1527,2102,3944,13505,14344,13505,14058,21011,22649,9092,6944,8712,5088,8846,20257,17725,10579,7011,13909,2246,150,10458,1,25:03
2024-25,1630604,E.J. Liddell,E.J.,1610612741,CHI,Chicago Bulls,0022401099,2025-04-01T00:00:00,CHI vs. TOR,W,2.6333333333333333,0.0,0.0,0.0,0.0,0.0,0.0,0.0,0.0,0.0,0.0,0.0,0.0,0.0,0.0,0.0,0.0,0.0,0.0,0.0,0.0,-109.4,0.0,0,0,0.0,1,1,13086,1,25160,22635,24836,22635,15070,20945,15070,13505,14344,13505,14058,22137,23286,19908,16469,12854,8263,8846,20257,17725,23200,26196,25228,2246,150,25259,1,2:38
2024-25,101108,Chris Paul,Chris,1610612759,SAS,San Antonio Spurs,0022400988,2025-04-01T00:00:00,SAS vs. ORL,L,27.685,5.2,9.1,0.571,1.3,5.2,0.25,1.3,1.3,1.0,1.3,5.2,6.5,9.1,2.6,3.9,1.3,1.3,1.3,1.3,13.0,-2.6,47.5,0,0,40.3,1,13222,1,13222,9804,13817,18557,6538,12857,12699,11902,12300,13729,1,11197,10279,11175,1939,7882,1739,5645,5651,18029,15907,15091,14358,4151,2246,150,6595,1,27:41
2024-25,1642367,Jonathan Mogbo,Jonathan,1610612761,TOR,Toronto Raptors,0022401099,2025-04-01T00:00:00,TOR @ CHI,L,31.35,2.3,6.9,0.333,0.0,1.1,0.0,2.3,2.3,1.0,1.1,5.7,6.9,3.4,1.1,0.0,1.1,0.0,3.4,1.1,6.9,-25.3,22.6,0,0,19.5,1,13222,1,13222,6549,20858,21688,17395,15070,20682,15070,9638,11794,1,12122,8948,10344,11572,14804,12854,6501,8846,8914,16657,20798,22862,19801,2246,150,21139,1,31:21
2024-25,1642264,Stephon Castle,Stephon,1610612759,SAS,San Antonio Spurs,0022400988,2025-04-01T00:00:00,SAS vs. ORL,L,34.718333333333334,6.2,13.5,0.462,1.0,2.1,0.5,3.1,3.1,1.0,4.1,4.1,8.3,6.2,7.3,0.0,1.0,2.1,3.1,2.1,16.6,-22.8,31.7,0,0,34.2,1,13222,1,13222,3674,10917,11036,12428,14332,19417,3944,7514,9691,1,3374,13283,7776,5130,792,12854,7223,2989,10238,12745,11295,22291,13529,2246,150,10685,1,34:43
2024-25,203944,Julius Randle,Julius,1610612750,MIN,Minnesota Timberwolves,0022401102,2025-04-01T00:00:00,MIN @ DEN,W,49.5,8.0,16.0,0.5,2.9,5.8,0.5,0.0,0.0,0.0,1.5,5.1,6.5,5.1,2.9,0.7,0.0,0.7,3.6,0.7,18.9,0.7,33.7,0,0,34.9,1,1,13086,1,5,6633,7106,8526,6841,11165,3944,13505,14344,13505,10519,10599,11070,7267,6804,12851,8263,8842,8304,17724,8943,12239,12057,2246,150,10160,1,49:30
2024-25,1631342,Daeqwon Plowden,Daeqwon,1610612737,ATL,Atlanta Hawks,0022401097,2025-04-01T00:00:00,ATL vs. POR,L,1.15,0.0,0.0,0.0,0.0,0.0,0.0,0.0,0.0,0.0,0.0,0.0,0.0,0.0,0.0,0.0,0.0,0.0,0.0,0.0,0.0,0.0,0.0,0,0,0.0,1,13222,1,13222,25997,22635,24836,22635,15070,20945,15070,13505,14344,13505,14058,22137,23286,19908,16469,12854,8263,8846,20257,17725,23200,12240,25228,2246,150,25259,1,1:09
2024-25,203914,Gary Harris,Gary,1610612753,ORL,Orlando Magic,0022400988,2025-04-01T00:00:00,ORL @ SAS,W,9.35,0.0,15.4,0.0,0.0,15.4,0.0,0.0,0.0,0.0,0.0,3.9,3.9,0.0,0.0,3.9,0.0,0.0,3.9,0.0,0.0,3.9,16.2,0,0,11.6,1,1,13086,1,22333,22635,7958,22635,15070,615,15070,13505,14344,13505,14058,14181,17708,19908,16469,1790,8263,8846,7601,17725,23200,10725,22783,2246,150,24099,1,9:21
2024-25,1641712,Rayan Rupert,Rayan,1610612757,POR,Portland Trail Blazers,0022401097,2025-04-01T00:00:00,POR @ ATL,W,1.15,0.0,0.0,0.0,0.0,0.0,0.0,0.0,0.0,0.0,0.0,0.0,0.0,0.0,0.0,0.0,0.0,0.0,0.0,0.0,0.0,0.0,0.0,0,0,0.0,1,1,13086,1,25997,22635,24836,22635,15070,20945,15070,13505,14344,13505,14058,22137,23286,19908,16469,12854,8263,8846,20257,17725,23200,12240,25228,2246,150,25259,1,1:09
2024-25,1641755,Kevin McCullar Jr.,Kevin,1610612752,NYK,New York Knicks,0022401098,2025-04-01T00:00:00,NYK vs. PHI,W,2.966666666666667,0.0,12.1,0.0,0.0,0.0,0.0,0.0,0.0,0.0,0.0,0.0,0.0,0.0,0.0,0.0,0.0,0.0,12.1,0.0,0.0,-60.7,0.0,0,0,0.0,1,1,13086,1,25004,22635,13345,22635,15070,20945,15070,13505,14344,13505,14058,22137,23286,19908,16469,12854,8263,8846,409,17725,23200,25704,25228,2246,150,25259,1,2:58
2024-25,1629162,Jordan McLaughlin,Jordan,1610612759,SAS,San Antonio Spurs,0022400988,2025-04-01T00:00:00,SAS vs. ORL,L,0.915,0.0,0.0,0.0,0.0,0.0,0.0,0.0,0.0,0.0,0.0,0.0,0.0,0.0,0.0,0.0,0.0,0.0,0.0,0.0,0.0,78.7,0.0,0,0,0.0,1,13222,1,13222,26082,22635,24836,22635,15070,20945,15070,13505,14344,13505,14058,22137,23286,19908,16469,12854,8263,8846,20257,17725,23200,174,25228,2246,150,25259,1,0:55
2024-25,1631303,Justin Minaya,Justin,1610612757,POR,Portland Trail Blazers,0022401097,2025-04-01T00:00:00,POR @ ATL,W,1.15,0.0,0.0,0.0,0.0,0.0,0.0,0.0,0.0,0.0,0.0,0.0,0.0,0.0,0.0,0.0,0.0,0.0,0.0,0.0,0.0,0.0,0.0,0,0,0.0,1,1,13086,1,25997,22635,24836,22635,15070,20945,15070,13505,14344,13505,14058,22137,23286,19908,16469,12854,8263,8846,20257,17725,23200,12240,25228,2246,150,25259,1,1:09
2024-25,1641739,Toumani Camara,Toumani,1610612757,POR,Portland Trail Blazers,0022401097,2025-04-01T00:00:00,POR @ ATL,W,30.2,9.5,11.9,0.8,2.4,3.6,0.667,0.0,0.0,0.0,1.2,1.2,2.4,1.2,1.2,2.4,1.2,0.0,7.2,2.4,21.5,10.7,35.6,0,0,34.6,1,1,13086,1,7586,3827,13725,1688,8537,16493,1957,13505,14344,13505,11850,21530,21039,19039,14502,4748,6223,8846,1852,11411,6680,7357,10620,2246,150,10388,1,30:12
2024-25,1628998,Cody Martin,Cody,1610612756,PHX,Phoenix Suns,0022401101,2025-04-01T00:00:00,PHX @ MIL,L,29.596666666666668,1.2,6.1,0.2,0.0,2.4,0.0,1.2,2.4,0.5,2.4,4.9,7.3,3.6,0.0,2.4,0.0,0.0,3.6,4.9,3.6,0.0,25.2,0,0,19.5,1,13222,1,13222,8153,22480,22526,21401,15070,18746,15070,12538,11376,10625,6829,11245,9574,10935,16469,4579,8263,8846,8262,4358,22719,12240,18153,2246,150,21169,1,29:36
2024-25,200768,Kyle Lowry,Kyle,1610612755,PHI,Philadelphia 76ers,0022401098,2025-04-01T00:00:00,PHI @ NYK,L,16.166666666666668,0.0,2.2,0.0,0.0,2.2,0.0,0.0,0.0,0.0,0.0,2.2,2.2,4.5,2.2,4.5,2.2,0.0,0.0,2.2,0.0,-20.0,27.2,0,0,20.0,1,13222,1,13222,18815,22635,24714,22635,15070,19122,15070,13505,14344,13505,14058,18992,21361,8760,9395,1260,2893,8846,20257,12042,23200,21562,16839,2246,150,20839,1,16:10
2024-25,1628960,Grayson Allen,Grayson,1610612756,PHX,Phoenix Suns,0022401101,2025-04-01T00:00:00,PHX @ MIL,L,33.83,8.5,18.1,0.471,6.4,13.8,0.462,1.1,2.1,0.5,2.1,2.1,4.3,3.2,2.1,1.1,0.0,1.1,1.1,2.1,24.5,-12.8,35.4,0,0,40.4,1,13222,1,13222,4422,5591,4571,12143,1069,980,7119,13030,12326,10625,7856,19275,16657,12348,9854,11353,8263,7367,19313,12488,4504,19042,10776,2246,150,6528,1,33:50
2024-25,1628976,Wendell Carter Jr.,Wendell,1610612753,ORL,Orlando Magic,0022400988,2025-04-01T00:00:00,ORL @ SAS,W,18.016666666666666,6.0,8.0,0.75,2.0,2.0,1.0,2.0,2.0,1.0,6.0,4.0,10.0,4.0,0.0,0.0,2.0,0.0,8.0,4.0,16.0,6.0,40.0,0,0,36.0,1,1,13086,1,17549,11540,20274,2107,10169,19564,1,10650,12727,1,1628,13735,5440,9946,16469,12854,3503,8846,1369,6315,11935,9618,7787,2246,150,9402,1,18:01
2024-25,1631243,Mouhamed Gueye,Mouhamed,1610612737,ATL,Atlanta Hawks,0022401097,2025-04-01T00:00:00,ATL vs. POR,L,10.683333333333334,0.0,3.4,0.0,0.0,3.4,0.0,0.0,0.0,0.0,0.0,6.7,6.7,0.0,3.4,6.7,3.4,0.0,3.4,0.0,0.0,-40.4,35.0,0,0,27.0,1,13222,1,13222,21849,22635,24362,22635,15070,16930,15070,13505,14344,13505,14058,6814,10656,19908,5308,341,1334,8846,9187,17725,23200,24871,11025,2246,150,16181,1,10:41
2024-25,1630162,Anthony Edwards,Anthony,1610612750,MIN,Minnesota Timberwolves,0022401102,2025-04-01T00:00:00,MIN @ DEN,W,50.483333333333334,8.6,17.8,0.48,3.6,10.7,0.333,3.6,5.0,0.714,0.7,6.4,7.1,5.7,3.6,0.7,0.0,0.0,2.9,2.9,24.2,5.7,39.9,1,0,42.1,1,1,13086,1,3,5513,4883,11962,4997,2776,9209,6566,5933,9244,14057,7465,9891,6031,4862,12852,8263,8846,11403,9760,4645,9752,7807,1,150,5604,1,50:29
2024-25,1629656,Quentin Grimes,Quentin,1610612755,PHI,Philadelphia 76ers,0022401098,2025-04-01T00:00:00,PHI @ NYK,L,36.36666666666667,7.9,17.8,0.444,1.0,5.9,0.167,8.9,9.9,0.9,2.0,2.0,4.0,4.9,3.0,3.0,0.0,1.0,1.0,6.9,25.7,-3.0,43.9,0,0,41.6,1,13222,1,13222,2428,6812,4896,13045,14602,10841,14236,1036,1411,6805,8476,19729,17412,7568,6591,3220,8263,8005,19762,1707,3811,14559,5739,2246,150,5867,1,36:22
2024-25,1630173,Precious Achiuwa,Precious,1610612752,NYK,New York Knicks,0022401098,2025-04-01T00:00:00,NYK vs. PHI,W,27.266666666666666,1.3,14.5,0.091,0.0,0.0,0.0,0.0,2.6,0.0,4.0,7.9,11.9,1.3,2.6,1.3,1.3,4.0,1.3,1.3,2.6,10.6,24.2,0,0,21.1,1,1,13086,1,10130,22378,9319,22599,15070,20945,15070,13505,10883,13505,3646,4822,3594,18593,7727,9348,5560,662,17952,15807,23038,7440,18835,2246,150,20203,1,27:16
2024-25,203084,Harrison Barnes,Harrison,1610612759,SAS,San Antonio Spurs,0022400988,2025-04-01T00:00:00,SAS vs. ORL,L,28.735,11.3,17.5,0.643,5.0,6.3,0.8,2.5,2.5,1.0,1.3,0.0,1.3,0.0,2.5,2.5,0.0,0.0,1.3,1.3,30.1,-21.3,36.6,0,0,41.3,1,13222,1,13222,8888,2029,5215,4607,2262,10054,1389,9038,11199,1,11473,22137,22875,19908,8232,4374,8263,8846,18265,16122,2061,21910,9978,2246,150,6003,1,28:44
2024-25,1627741,Buddy Hield,Buddy,1610612744,GSW,Golden State Warriors,0022401100,2025-04-01T00:00:00,GSW @ MEM,W,20.13,3.6,12.5,0.286,3.6,12.5,0.286,3.6,3.6,1.0,1.8,3.6,5.4,0.0,1.8,1.8,0.0,0.0,1.8,1.8,14.3,10.7,24.3,0,0,26.8,1,1,13086,1,15928,18136,12695,19630,4972,1512,11433,6539,8731,1,9283,14999,13889,19908,11603,7302,8263,8846,16240,13971,13595,7355,18738,2246,150,16296,1,20:08
2024-25,202709,Cory Joseph,Cory,1610612753,ORL,Orlando Magic,0022400988,2025-04-01T00:00:00,ORL @ SAS,W,18.283333333333335,3.9,7.9,0.5,3.9,7.9,0.5,0.0,0.0,0.0,2.0,2.0,3.9,2.0,0.0,0.0,0.0,0.0,2.0,2.0,11.8,11.8,19.5,0,0,21.7,1,1,13086,1,17380,17234,20441,8526,4117,6663,3944,13505,14344,13505,8525,19758,17474,16478,16469,12854,8263,8846,15306,13217,16330,6875,21410,2246,150,19861,1,18:17
2024-25,1629013,Landry Shamet,Landry,1610612752,NYK,New York Knicks,0022401098,2025-04-01T00:00:00,NYK vs. PHI,W,33.86666666666667,7.4,12.8,0.583,6.4,11.7,0.545,0.0,0.0,0.0,0.0,2.1,2.1,1.1,1.1,0.0,0.0,0.0,1.1,2.1,21.3,11.7,24.3,0,0,30.8,1,1,13086,1,4385,7913,12284,6296,1072,1964,3863,13505,14344,13505,14058,19284,21560,19471,15398,12854,8263,8846,19319,12504,6869,6932,18724,2246,150,13310,1,33:52
2024-25,1641801,Emanuel Miller,Emanuel,1610612741,CHI,Chicago Bulls,0022401099,2025-04-01T00:00:00,CHI vs. TOR,W,3.4166666666666665,0.0,10.5,0.0,0.0,0.0,0.0,0.0,0.0,0.0,0.0,10.5,10.5,10.5,0.0,0.0,0.0,0.0,0.0,0.0,0.0,-63.2,28.4,0,0,21.1,1,1,13086,1,24757,22635,16151,22635,15070,20945,15070,13505,14344,13505,14058,2199,4875,1187,16469,12854,8263,8846,20257,17725,23200,25751,15907,2246,150,20236,1,3:25
2024-25,1630700,Dyson Daniels,Dyson,1610612737,ATL,Atlanta Hawks,0022401097,2025-04-01T00:00:00,ATL vs. POR,L,36.7,10.8,12.8,0.846,0.0,1.0,0.0,0.0,0.0,0.0,2.0,7.8,9.8,1.0,5.9,2.9,2.0,0.0,2.9,0.0,21.6,-19.6,43.7,1,0,42.2,1,13222,1,13222,2195,2425,12295,1505,15070,20875,15070,13505,14344,13505,8566,4947,5665,19730,1472,3289,3598,8846,10967,17725,6566,21439,5827,1,150,5558,1,36:42
2024-25,1628969,Mikal Bridges,Mikal,1610612752,NYK,New York Knicks,0022401098,2025-04-01T00:00:00,NYK vs. PHI,W,36.483333333333334,5.9,15.8,0.375,2.0,5.9,0.333,0.0,0.0,0.0,1.0,1.0,2.0,3.9,2.0,0.0,0.0,1.0,3.0,1.0,13.8,22.7,20.1,0,0,21.7,1,1,13086,1,2347,11747,7425,16299,10272,10882,9209,13505,14344,13505,13359,21987,21849,10079,10645,12854,8263,8034,10898,17439,14137,3323,21095,2246,150,19835,1,36:29
2024-25,1642266,Ja'Kobe Walter,Ja'Kobe,1610612761,TOR,Toronto Raptors,0022401099,2025-04-01T00:00:00,TOR @ CHI,L,27.466666666666665,7.9,13.1,0.6,6.6,6.6,1.0,0.0,0.0,0.0,2.6,2.6,5.2,5.2,2.6,1.3,0.0,0.0,1.3,0.0,22.3,-15.7,37.7,0,0,41.9,1,13222,1,13222,9971,6924,11661,5394,976,9426,1,13505,14344,13505,6293,17893,14178,6955,7796,9404,8263,8846,17993,17725,6014,20169,9193,2246,150,5679,1,27:28
2024-25,1630542,Marcus Bagley,Marcus,1610612755,PHI,Philadelphia 76ers,0022401098,2025-04-01T00:00:00,PHI @ NYK,L,19.2,7.5,15.0,0.5,0.0,3.8,0.0,1.9,3.8,0.5,9.4,5.6,15.0,0.0,1.9,0.0,1.9,0.0,0.0,1.9,16.9,-28.1,38.6,0,0,35.6,1,13222,1,13222,16670,7762,8606,8526,15070,16098,15070,11027,8374,10625,491,9240,1766,19908,11182,12854,3843,8846,20257,13610,10983,23457,8635,2246,150,9645,1,19:12
2024-25,1630611,Gui Santos,Gui,1610612744,GSW,Golden State Warriors,0022401100,2025-04-01T00:00:00,GSW @ MEM,W,18.535,1.9,9.7,0.2,0.0,1.9,0.0,3.9,3.9,1.0,7.8,3.9,11.7,1.9,1.9,0.0,0.0,1.9,7.8,1.9,7.8,5.8,22.7,0,0,21.4,1,1,13086,1,17162,21510,17555,21401,15070,19657,15070,5906,8071,1,859,14079,3803,16599,10840,12854,8263,3418,1484,13355,20110,9691,19737,2246,150,20062,1,18:32
2024-25,1629618,Jalen Pickett,Jalen,1610612743,DEN,Denver Nuggets,0022401102,2025-04-01T00:00:00,DEN vs. MIN,L,32.01833333333333,4.5,6.7,0.667,1.1,3.4,0.333,0.0,0.0,0.0,1.1,3.4,4.5,5.6,0.0,0.0,0.0,0.0,1.1,0.0,10.1,4.5,23.9,0,0,21.4,1,13222,1,13222,5952,15792,21838,3281,13813,16925,9209,13505,14344,13505,12303,15588,16062,6206,16469,12854,8263,8846,18966,17725,18031,10390,18990,2246,150,20064,1,32:01
2024-25,1630625,Dalano Banton,Dalano,1610612757,POR,Portland Trail Blazers,0022401097,2025-04-01T00:00:00,POR @ ATL,W,28.383333333333333,5.1,19.0,0.267,2.5,8.9,0.286,1.3,2.5,0.5,3.8,5.1,8.9,6.3,1.3,0.0,5.1,1.3,2.5,2.5,14.0,-1.3,48.1,0,0,41.9,1,1,13086,1,9227,14164,3739,20170,8019,4991,11433,12389,11111,10625,3876,10653,6917,4954,13977,12854,497,5820,12644,10848,13985,13705,3954,2246,150,5728,1,28:23
2024-25,202710,Jimmy Butler III,Jimmy,1610612744,GSW,Golden State Warriors,0022401100,2025-04-01T00:00:00,GSW @ MEM,W,38.15,6.6,10.4,0.636,0.9,1.9,0.5,11.3,11.3,1.0,0.9,4.7,5.7,3.8,1.9,2.8,0.0,0.9,0.9,6.6,25.5,5.7,44.5,0,0,41.5,1,1,13086,1,1295,9911,16421,4689,14818,19764,3944,435,942,1,13696,11655,13129,10571,11116,3596,8263,8389,20002,1980,3951,9774,5399,2246,150,5900,1,38:09
2024-25,1628991,Jaren Jackson Jr.,Jaren,1610612763,MEM,Memphis Grizzlies,0022401100,2025-04-01T00:00:00,MEM vs. GSW,L,30.983333333333334,8.1,23.2,0.35,2.3,10.5,0.222,7.0,7.0,1.0,2.3,5.8,8.1,1.2,1.2,1.2,1.2,0.0,7.0,4.6,25.6,5.8,42.9,0,0,41.8,1,13222,1,13222,6893,6344,1307,17337,8767,3018,13288,2023,3388,1,7169,8776,8039,19145,14714,10490,6411,8846,1997,4836,3899,9698,6184,2246,150,5741,1,30:59
2024-25,1642265,Rob Dillingham,Rob,1610612750,MIN,Minnesota Timberwolves,0022401102,2025-04-01T00:00:00,MIN @ DEN,W,4.035,8.9,17.8,0.5,0.0,0.0,0.0,0.0,0.0,0.0,0.0,0.0,0.0,0.0,0.0,8.9,0.0,0.0,0.0,0.0,17.8,35.7,44.6,0,0,35.7,1,1,13086,1,24463,4855,4869,8526,15070,20945,15070,13505,14344,13505,14058,22137,23286,19908,16469,151,8263,8846,20257,17725,9986,1327,5363,2246,150,9590,1,4:02
2024-25,1629640,Keldon Johnson,Keldon,1610612759,SAS,San Antonio Spurs,0022400988,2025-04-01T00:00:00,SAS vs. ORL,L,18.483333333333334,5.8,11.7,0.5,0.0,0.0,0.0,1.9,3.9,0.5,0.0,13.6,13.6,7.8,3.9,0.0,0.0,1.9,0.0,3.9,13.6,1.9,37.8,0,0,35.1,1,13222,1,13222,17211,11979,14146,8526,15070,20945,15070,10812,8042,10625,14058,842,2418,3091,4096,12854,8263,3389,20257,6574,14349,11651,9169,2246,150,10055,1,18:29
2024-25,1629611,Terance Mann,Terance,1610612737,ATL,Atlanta Hawks,0022401097,2025-04-01T00:00:00,ATL vs. POR,L,16.433333333333334,4.4,15.3,0.286,0.0,6.6,0.0,6.6,6.6,1.0,2.2,4.4,6.6,0.0,2.2,6.6,0.0,2.2,2.2,4.4,15.3,13.1,40.7,0,0,35.1,1,13222,1,13222,18635,16123,8050,19630,15070,9381,15070,2348,3807,1,7609,12571,11016,19908,9547,359,8263,2668,14134,5400,12588,6325,7307,2246,150,10060,1,16:26
2024-25,1642419,Jamison Battle,Jamison,1610612761,TOR,Toronto Raptors,0022401099,2025-04-01T00:00:00,TOR @ CHI,L,30.416666666666668,2.4,7.1,0.333,1.2,3.6,0.333,0.0,0.0,0.0,0.0,4.7,4.7,4.7,1.2,1.2,1.2,0.0,2.4,0.0,5.9,-13.0,24.6,0,0,21.3,1,13222,1,13222,7392,20728,21437,17395,13455,16545,9209,13505,14344,13505,14058,11606,15476,8090,14557,10316,6282,8846,13358,17725,21446,19139,18538,2246,150,20096,1,30:25
2024-25,1628963,Marvin Bagley III,Marvin,1610612763,MEM,Memphis Grizzlies,0022401100,2025-04-01T00:00:00,MEM vs. GSW,L,3.3833333333333333,0.0,0.0,0.0,0.0,0.0,0.0,21.3,21.3,1.0,0.0,0.0,0.0,0.0,0.0,0.0,0.0,0.0,0.0,10.6,21.3,-53.2,21.3,0,0,21.3,1,13222,1,13222,24777,22635,24836,22635,15070,20945,15070,65,118,1,14058,22137,23286,19908,16469,12854,8263,8846,20257,313,6843,25516,20548,2246,150,20109,1,3:23
2024-25,1629630,Ja Morant,Ja,1610612763,MEM,Memphis Grizzlies,0022401100,2025-04-01T00:00:00,MEM vs. GSW,L,33.083333333333336,15.2,23.9,0.636,5.4,8.7,0.625,3.3,3.3,1.0,0.0,3.3,3.3,6.5,6.5,2.2,0.0,0.0,4.4,4.4,39.2,-12.0,52.9,0,0,58.8,1,13222,1,13222,5083,451,1080,4689,1802,5264,2868,7174,9393,1,14058,15894,19073,4663,1112,5487,8263,8846,6134,5467,504,18724,2487,2246,150,939,1,33:05
2024-25,1629027,Trae Young,Trae,1610612737,ATL,Atlanta Hawks,0022401097,2025-04-01T00:00:00,ATL vs. POR,L,36.43333333333333,6.9,19.8,0.35,3.0,6.9,0.429,11.9,12.8,0.923,1.0,3.0,4.0,14.8,4.0,3.0,0.0,1.0,3.0,6.9,28.7,-7.9,60.6,1,0,56.3,1,13222,1,13222,2379,9133,3142,17337,6637,8632,7394,356,610,6735,13346,16840,17437,310,3965,3237,8263,8023,10882,1717,2544,16933,1123,1,150,1256,1,36:26
2024-25,202696,Nikola Vučević,Nikola,1610612741,CHI,Chicago Bulls,0022401099,2025-04-01T00:00:00,CHI vs. TOR,W,25.316666666666666,12.8,17.1,0.75,2.8,4.3,0.667,2.8,2.8,1.0,5.7,8.5,14.2,10.0,1.4,0.0,1.4,0.0,0.0,1.4,31.3,12.8,66.1,1,0,61.1,1,1,13086,1,11729,1111,5732,2107,7070,14983,1957,8229,10377,1,1818,4017,2135,1460,13158,12854,5141,8846,20257,15357,1703,6476,621,1,150,718,1,25:19
2024-25,1631169,Josh Minott,Josh,1610612750,MIN,Minnesota Timberwolves,0022401102,2025-04-01T00:00:00,MIN @ DEN,W,12.04,12.0,17.9,0.667,6.0,12.0,0.5,0.0,0.0,0.0,6.0,6.0,12.0,3.0,0.0,0.0,0.0,0.0,6.0,3.0,29.9,41.9,48.7,0,0,50.8,1,1,13086,1,21215,1546,4761,3281,1318,1802,3944,13505,14344,13505,1638,8378,3526,12970,16469,12854,8263,8846,2975,9297,2119,853,3724,2246,150,2309,1,12:02
2024-25,1628384,OG Anunoby,OG,1610612752,NYK,New York Knicks,0022401098,2025-04-01T00:00:00,NYK vs. PHI,W,33.416666666666664,7.5,17.2,0.438,2.2,9.7,0.222,11.9,14.0,0.846,0.0,5.4,5.4,0.0,6.5,2.2,0.0,1.1,1.1,8.6,29.1,18.3,35.6,0,0,40.9,1,1,13086,1,4795,7663,5534,13558,9426,3854,13288,357,453,7255,14058,9816,13840,19908,1145,5565,8263,7253,19233,781,2406,4458,10694,2246,150,6242,1,33:25
2024-25,1631157,Ryan Rollins,Ryan,1610612749,MIL,Milwaukee Bucks,0022401101,2025-04-01T00:00:00,MIL vs. PHX,W,30.716666666666665,9.4,11.7,0.8,5.9,8.2,0.714,2.3,2.3,1.0,0.0,5.9,5.9,5.9,2.3,2.3,0.0,0.0,2.3,1.2,27.0,34.0,47.5,0,0,49.2,1,1,13086,1,7112,4071,14070,1688,1425,6079,1861,9471,11646,1,14058,8643,12611,5745,8890,4883,8263,8846,13465,16543,3227,1505,4150,2246,150,2753,1,30:43
2024-25,1631197,Jared Rhoden,Jared,1610612761,TOR,Toronto Raptors,0022401099,2025-04-01T00:00:00,TOR @ CHI,L,3.9833333333333334,27.1,27.1,1.0,9.0,9.0,1.0,9.0,9.0,1.0,0.0,0.0,0.0,9.0,0.0,0.0,0.0,0.0,0.0,9.0,72.3,36.2,85.9,0,0,90.4,1,13222,1,13222,24489,44,488,1,292,4762,1,990,1844,1,14058,22137,23286,1986,16469,12854,8263,8846,20257,640,49,1270,128,2246,150,94,1,3:59
2024-25,1629659,Talen Horton-Tucker,Talen,1610612741,CHI,Chicago Bulls,0022401099,2025-04-01T00:00:00,CHI vs. TOR,W,32.31666666666667,8.9,17.8,0.5,3.3,8.9,0.375,8.9,8.9,1.0,2.2,4.5,6.7,3.3,0.0,0.0,0.0,1.1,1.1,5.6,30.1,21.2,43.1,0,0,43.4,1,1,13086,1,5711,4870,4888,8526,5536,4947,8800,1033,1917,1,7500,12389,10765,11848,16469,12854,8263,6929,19023,3233,2058,3660,6084,2246,150,4942,1,32:19
2024-25,1642278,Tyler Kolek,Tyler,1610612752,NYK,New York Knicks,0022401098,2025-04-01T00:00:00,NYK vs. PHI,W,20.316666666666666,3.5,10.6,0.333,1.8,5.3,0.333,3.5,3.5,1.0,1.8,5.3,7.1,12.4,7.1,1.8,1.8,0.0,8.9,3.5,12.4,21.3,43.1,0,0,40.8,1,1,13086,1,15769,18219,15998,17395,11179,12422,9209,6612,8798,1,9344,9991,9981,635,852,7364,4119,8846,1010,7548,15707,3634,6109,2246,150,6347,1,20:19
2024-25,1629638,Nickeil Alexander-Walker,Nickeil,1610612750,MIN,Minnesota Timberwolves,0022401102,2025-04-01T00:00:00,MIN @ DEN,W,44.983333333333334,6.4,12.8,0.5,4.0,8.8,0.455,4.0,5.6,0.714,2.4,4.0,6.4,6.4,0.8,0.0,1.6,0.8,3.2,4.8,20.8,11.2,42.1,0,0,40.8,1,1,13086,1,59,10441,12200,8526,3998,5100,7148,5687,5045,9244,6918,13719,11392,4853,16455,12854,4550,8828,9859,4499,7229,7136,6568,2246,150,6317,1,44:59
2024-25,1630581,Josh Giddey,Josh,1610612741,CHI,Chicago Bulls,0022401099,2025-04-01T00:00:00,CHI vs. TOR,W,28.366666666666667,6.3,15.2,0.417,1.3,2.5,0.5,7.6,10.2,0.75,1.3,7.6,8.9,15.2,6.3,3.8,0.0,1.3,1.3,10.2,21.6,11.4,60.2,1,0,54.6,1,1,13086,1,9243,10577,8204,14532,12984,18553,3944,1595,1308,8186,11367,5297,6908,275,1200,1841,8263,5816,18174,385,6572,7048,1176,1,150,1535,1,28:22
2024-25,203507,Giannis Antetokounmpo,Giannis,1610612749,MIL,Milwaukee Bucks,0022401101,2025-04-01T00:00:00,MIL vs. PHX,W,36.266666666666666,11.9,17.9,0.667,2.0,4.0,0.5,10.9,11.9,0.917,0.0,5.0,5.0,10.9,2.0,3.0,1.0,0.0,1.0,9.9,36.7,22.8,69.0,1,0,62.5,1,1,13086,1,2491,1578,4837,3281,10234,15641,3944,498,784,6748,14058,10986,14894,1025,10587,3207,7521,8846,19753,431,724,3293,477,1,150,610,1,36:16
2024-25,1630166,Deni Avdija,Deni,1610612757,POR,Portland Trail Blazers,0022401097,2025-04-01T00:00:00,POR @ ATL,W,38.05,10.4,19.9,0.524,2.8,7.6,0.375,6.6,7.6,0.875,4.7,9.5,14.2,9.5,6.6,1.9,0.0,1.9,2.8,5.7,30.3,20.8,60.6,1,1,60.6,1,1,13086,1,1355,2813,3051,8439,7089,7235,8800,2299,2841,6931,2635,3061,2152,1721,1070,6807,8263,3583,11464,3067,1994,3743,1125,1,1,781,1,38:03
2024-25,203999,Nikola Jokić,Nikola,1610612743,DEN,Denver Nuggets,0022401102,2025-04-01T00:00:00,DEN vs. MIN,L,52.63333333333333,12.3,19.8,0.621,4.1,7.5,0.545,13.0,16.4,0.792,1.4,5.5,6.8,6.8,2.7,1.4,0.0,0.7,3.4,10.9,41.7,1.4,61.6,1,1,62.2,1,13222,1,13222,2,1349,3075,5223,3779,7352,3863,263,248,8081,10893,9613,10445,4231,7424,9092,8263,8844,9009,282,369,11926,1015,1,1,628,1,52:38
2024-25,1630188,Jalen Smith,Jalen,1610612741,CHI,Chicago Bulls,0022401099,2025-04-01T00:00:00,CHI vs. TOR,W,3.9833333333333334,18.1,27.1,0.667,0.0,9.0,0.0,0.0,0.0,0.0,9.0,9.0,18.1,0.0,0.0,9.0,0.0,0.0,9.0,0.0,36.2,-36.2,85.0,0,0,72.3,1,1,13086,1,24489,209,488,3281,15070,4762,15070,13505,14344,13505,542,3476,876,19908,16469,145,8263,8846,950,17725,801,24536,140,2246,150,274,1,3:59
2024-25,1629011,Mitchell Robinson,Mitchell,1610612752,NYK,New York Knicks,0022401098,2025-04-01T00:00:00,NYK vs. PHI,W,20.733333333333334,8.7,15.6,0.556,0.0,0.0,0.0,6.9,6.9,1.0,12.2,12.2,24.3,0.0,1.7,1.7,3.5,0.0,3.5,5.2,24.3,10.4,67.4,1,0,59.0,1,1,13086,1,15468,5295,7651,7248,15070,20945,15070,2043,3419,1,235,1286,213,19908,11793,7496,1249,8846,8827,3766,4606,7502,550,1,150,915,1,20:44
2024-25,1631101,Shaedon Sharpe,Shaedon,1610612757,POR,Portland Trail Blazers,0022401097,2025-04-01T00:00:00,POR @ ATL,W,38.888333333333335,10.2,23.1,0.44,2.8,9.3,0.3,7.4,9.3,0.8,0.9,8.3,9.3,2.8,1.9,1.9,0.0,0.9,0.0,5.6,30.5,21.3,49.5,1,0,49.1,1,1,13086,1,921,3033,1337,13537,7292,4444,11319,1730,1737,7681,13802,4242,6378,13661,11315,7028,8263,8528,20257,3262,1914,3624,3405,1,150,2820,1,38:53
2024-25,1630639,A.J. Lawson,A.J.,1610612761,TOR,Toronto Raptors,0022401099,2025-04-01T00:00:00,TOR @ CHI,L,12.95,13.9,16.7,0.833,5.6,8.3,0.667,2.8,5.6,0.5,2.8,13.9,16.7,2.8,0.0,0.0,0.0,0.0,5.6,5.6,36.1,-11.1,60.3,0,0,61.2,1,13222,1,13222,20763,733,6204,1514,1693,5844,1957,8390,5102,10625,5910,781,1212,13647,16469,12854,8263,8846,3611,3251,805,18371,1150,2246,150,717,1,12:57
2024-25,201939,Stephen Curry,Stephen,1610612744,GSW,Golden State Warriors,0022401100,2025-04-01T00:00:00,GSW @ MEM,W,36.531666666666666,15.8,30.5,0.516,11.8,19.7,0.6,7.9,7.9,1.0,1.0,8.9,9.9,7.9,2.0,4.9,1.0,1.0,2.0,4.9,51.2,16.8,90.7,1,0,92.6,1,1,13086,1,2325,380,248,8522,136,249,2992,1460,2600,1,13370,3644,5596,3010,10656,938,7568,8046,15298,4248,149,4987,96,1,150,82,1,36:32
2024-25,1641871,Duop Reath,Duop,1610612757,POR,Portland Trail Blazers,0022401097,2025-04-01T00:00:00,POR @ ATL,W,16.72833333333333,4.3,17.2,0.25,2.2,12.9,0.167,0.0,0.0,0.0,4.3,4.3,8.6,2.2,0.0,0.0,0.0,2.2,4.3,0.0,10.8,-30.1,24.3,0,0,23.7,1,1,13086,1,18442,16314,5557,20233,9444,1345,14236,13505,14344,13505,3160,12791,7298,15809,16469,12854,8263,2762,6273,17725,17409,23762,18741,2246,150,18561,1,16:44
2024-25,1641764,Brandin Podziemski,Brandin,1610612744,GSW,Golden State Warriors,0022401100,2025-04-01T00:00:00,GSW @ MEM,W,28.133333333333333,5.1,14.1,0.364,0.0,5.1,0.0,0.0,0.0,0.0,1.3,5.1,6.4,1.3,0.0,0.0,0.0,1.3,3.8,2.6,10.2,-2.6,19.8,0,0,17.9,1,1,13086,1,9432,14031,10050,16861,15070,12906,15070,13505,14344,13505,11299,10503,11405,18725,16469,12854,8263,5758,7630,10761,17906,14338,21246,2246,150,21908,1,28:08
2024-25,1630172,Patrick Williams,Patrick,1610612741,CHI,Chicago Bulls,0022401099,2025-04-01T00:00:00,CHI vs. TOR,W,24.216666666666665,4.5,10.4,0.429,1.5,5.9,0.25,0.0,0.0,0.0,1.5,3.0,4.5,1.5,1.5,0.0,0.0,0.0,3.0,0.0,10.4,31.2,16.5,0,0,17.8,1,1,13086,1,12715,15895,16370,13735,12088,10820,11902,13505,14344,13505,10368,16816,16148,18029,12808,12854,8263,8846,10836,17725,17748,1806,22667,2246,150,21938,1,24:13
2024-25,1642443,Jahmir Young,Jahmir,1610612741,CHI,Chicago Bulls,0022401099,2025-04-01T00:00:00,CHI vs. TOR,W,5.1,0.0,7.1,0.0,0.0,7.1,0.0,0.0,0.0,0.0,0.0,0.0,0.0,0.0,0.0,0.0,0.0,7.1,7.1,0.0,0.0,-28.2,0.0,0,0,0.0,1,1,13086,1,23941,22635,21490,22635,15070,8335,15070,13505,14344,13505,14058,22137,23286,19908,16469,12854,8263,150,1935,17725,23200,23477,25228,2246,150,25259,1,5:06
2024-25,1626192,Pat Connaughton,Pat,1610612749,MIL,Milwaukee Bucks,0022401101,2025-04-01T00:00:00,MIL vs. PHX,W,17.133333333333333,8.4,10.5,0.8,0.0,2.1,0.0,0.0,0.0,0.0,2.1,0.0,2.1,0.0,2.1,0.0,0.0,0.0,6.3,0.0,16.8,-35.7,17.2,0,0,18.9,1,1,13086,1,18175,5787,16210,1688,15070,19367,15070,13505,14344,13505,7943,22137,21607,19908,9989,12854,8263,8846,2599,17725,11049,24496,22396,2246,150,21425,1,17:08
2024-25,1630541,Moses Moody,Moses,1610612744,GSW,Golden State Warriors,0022401100,2025-04-01T00:00:00,GSW @ MEM,W,35.736666666666665,4.0,8.1,0.5,2.0,5.0,0.4,0.0,0.0,0.0,2.0,2.0,4.0,1.0,2.0,0.0,1.0,1.0,4.0,1.0,10.1,4.0,17.4,0,0,19.1,1,1,13086,1,2872,17027,20169,8526,10103,13112,7874,13505,14344,13505,8326,19621,17251,19658,10455,12854,7444,7860,7067,17374,18085,10630,22323,2246,150,21325,1,35:44
2024-25,1630762,Phillip Wheeler,Phillip,1610612755,PHI,Philadelphia 76ers,0022401098,2025-04-01T00:00:00,PHI @ NYK,L,8.95,0.0,16.1,0.0,0.0,8.0,0.0,0.0,0.0,0.0,0.0,4.0,4.0,0.0,0.0,0.0,0.0,0.0,4.0,0.0,0.0,8.0,4.8,0,0,4.0,1,13222,1,13222,22470,22635,6983,22635,15070,6376,15070,13505,14344,13505,14058,13651,17262,19908,16469,12854,8263,8846,7081,17725,23200,8614,25013,2246,150,25183,1,8:57
2024-25,1631200,Kris Murray,Kris,1610612757,POR,Portland Trail Blazers,0022401097,2025-04-01T00:00:00,POR @ ATL,W,12.433333333333334,0.0,5.8,0.0,0.0,2.9,0.0,0.0,5.8,0.0,0.0,2.9,2.9,0.0,0.0,0.0,0.0,2.9,5.8,5.8,0.0,-11.6,3.5,0,0,2.9,1,1,13086,1,21030,22635,22819,22635,15070,17876,15070,13505,4761,13505,14058,17099,20003,19908,16469,12854,8263,1472,3234,2908,23200,18561,25109,2246,150,25236,1,12:26
2024-25,1630572,Sandro Mamukelashvili,Sandro,1610612759,SAS,San Antonio Spurs,0022400988,2025-04-01T00:00:00,SAS vs. ORL,L,19.031666666666666,1.9,11.3,0.167,1.9,7.6,0.25,0.0,0.0,0.0,0.0,0.0,0.0,0.0,1.9,0.0,0.0,0.0,0.0,1.9,5.7,-26.5,3.8,0,0,7.6,1,13222,1,13222,16801,21597,14750,21938,10671,7241,11902,13505,14344,13505,14058,22137,23286,19908,11093,12854,8263,8846,20257,13554,21610,23131,25092,2246,150,24824,1,19:02
2024-25,1630192,Zeke Nnaji,Zeke,1610612743,DEN,Denver Nuggets,0022401102,2025-04-01T00:00:00,DEN vs. MIN,L,11.346666666666666,0.0,0.0,0.0,0.0,0.0,0.0,0.0,0.0,0.0,0.0,0.0,0.0,3.2,0.0,0.0,0.0,0.0,3.2,0.0,0.0,-53.9,4.8,0,0,3.2,1,13222,1,13222,21564,22635,24836,22635,15070,20945,15070,13505,14344,13505,14058,22137,23286,12413,16469,12854,8263,8846,9991,17725,23200,25539,25022,2246,150,25223,1,11:21
2024-25,1628371,Jonathan Isaac,Jonathan,1610612753,ORL,Orlando Magic,0022400988,2025-04-01T00:00:00,ORL @ SAS,W,18.116666666666667,4.0,6.0,0.667,0.0,2.0,0.0,0.0,0.0,0.0,4.0,2.0,6.0,0.0,0.0,0.0,2.0,0.0,0.0,0.0,7.9,31.8,21.1,0,0,17.9,1,1,13086,1,17491,17150,22644,3281,15070,19581,15070,13505,14344,13505,3631,19708,12382,19908,16469,12854,3523,8846,20257,17725,19965,1759,20649,2246,150,21921,1,18:07
2024-25,1641740,Jaylen Clark,Jaylen,1610612750,MIN,Minnesota Timberwolves,0022401102,2025-04-01T00:00:00,MIN @ DEN,W,9.183333333333334,3.9,15.7,0.25,0.0,3.9,0.0,0.0,0.0,0.0,7.8,0.0,7.8,7.8,3.9,0.0,0.0,3.9,15.7,3.9,7.8,7.8,25.1,0,0,23.5,1,1,13086,1,22392,17267,7573,20233,15070,15732,15070,13505,14344,13505,834,22137,8560,3054,4035,12854,8263,677,219,6510,20049,8715,18222,2246,150,18660,1,9:11
2024-25,1641744,Zach Edey,Zach,1610612763,MEM,Memphis Grizzlies,0022401100,2025-04-01T00:00:00,MEM vs. GSW,L,32.35,4.5,7.8,0.571,0.0,1.1,0.0,2.2,3.3,0.667,3.3,14.5,17.8,1.1,2.2,0.0,4.5,0.0,4.5,4.5,11.1,14.5,45.3,1,0,38.9,1,13222,1,13222,5691,15925,20546,6538,15070,20728,15070,9846,9213,9425,4669,664,943,19312,9399,12854,698,8846,5886,5244,17055,5831,5042,1,150,7410,1,32:21
2024-25,1641741,Ricky Council IV,Ricky,1610612755,PHI,Philadelphia 76ers,0022401098,2025-04-01T00:00:00,PHI @ NYK,L,23.116666666666667,9.3,20.2,0.462,1.6,6.2,0.25,3.1,3.1,1.0,1.6,6.2,7.8,3.1,0.0,1.6,0.0,0.0,1.6,1.6,23.4,-28.0,42.0,0,0,38.9,1,13222,1,13222,13622,4137,2805,12428,11838,10133,11902,7506,9683,1,10096,7832,8642,12572,16469,8165,8263,8846,17011,14769,5234,23433,6589,2246,150,7426,1,23:07
2024-25,1631133,Jabari Walker,Jabari,1610612757,POR,Portland Trail Blazers,0022401097,2025-04-01T00:00:00,POR @ ATL,W,14.785,7.3,12.2,0.6,2.4,2.4,1.0,4.9,4.9,1.0,2.4,7.3,9.7,0.0,4.9,2.4,0.0,4.9,0.0,2.4,21.9,-4.9,36.0,0,0,39.0,1,1,13086,1,19716,8217,13296,5394,8358,18743,1,4238,6169,1,6824,5822,5744,19908,2500,4577,8263,391,20257,11210,6278,15510,10344,2246,150,7406,1,14:47
2024-25,1630217,Desmond Bane,Desmond,1610612763,MEM,Memphis Grizzlies,0022401100,2025-04-01T00:00:00,MEM vs. GSW,L,35.03333333333333,6.2,15.4,0.4,4.1,10.3,0.4,3.1,3.1,1.0,0.0,4.1,4.1,5.1,3.1,2.1,1.0,1.0,0.0,2.1,19.5,-13.4,38.3,0,0,39.0,1,13222,1,13222,3435,11058,7949,14933,3765,3183,7874,7592,9767,1,14058,13387,17046,7160,6180,5987,7287,7687,20257,12827,8343,19255,8820,2246,150,7354,1,35:02
2024-25,1630532,Franz Wagner,Franz,1610612753,ORL,Orlando Magic,0022400988,2025-04-01T00:00:00,ORL @ SAS,W,36.266666666666666,8.9,19.9,0.45,3.0,9.9,0.3,3.0,3.0,1.0,1.0,4.0,5.0,6.9,0.0,0.0,0.0,1.0,3.0,3.0,23.8,20.8,40.2,0,0,38.7,1,1,13086,1,2491,4835,3058,12982,6595,3583,11319,7876,10028,1,13320,13810,14894,4065,16469,12854,8263,7987,10818,9337,4918,3736,7635,2246,150,7580,1,36:16
2024-25,1641816,Hunter Tyson,Hunter,1610612743,DEN,Denver Nuggets,0022401102,2025-04-01T00:00:00,DEN vs. MIN,L,5.366666666666666,0.0,0.0,0.0,0.0,0.0,0.0,0.0,0.0,0.0,0.0,0.0,0.0,0.0,0.0,6.7,0.0,0.0,6.7,0.0,0.0,-20.1,20.1,0,0,13.4,1,13222,1,13222,23832,22635,24836,22635,15070,20945,15070,13505,14344,13505,14058,22137,23286,19908,16469,345,8263,8846,2207,17725,23200,21583,21097,2246,150,23578,1,5:22
2024-25,1627747,Caris LeVert,Caris,1610612737,ATL,Atlanta Hawks,0022401097,2025-04-01T00:00:00,ATL vs. POR,L,25.716666666666665,4.2,14.0,0.3,0.0,4.2,0.0,5.6,8.4,0.667,1.4,1.4,2.8,0.0,4.2,1.4,1.4,1.4,5.6,4.2,14.0,1.4,21.6,0,0,22.4,1,13222,1,13222,11386,16600,10176,19363,15070,15125,15070,3317,2259,9425,10750,21080,20254,19908,3506,8900,5230,5179,3546,5843,13938,11917,20378,2246,150,19425,1,25:43
2024-25,1626153,Delon Wright,Delon,1610612752,NYK,New York Knicks,0022401098,2025-04-01T00:00:00,NYK vs. PHI,W,32.95,4.4,7.6,0.571,1.1,2.2,0.5,3.3,4.4,0.75,2.2,2.2,4.4,4.4,1.1,3.3,0.0,0.0,1.1,3.3,13.1,-5.5,33.7,0,0,29.5,1,1,13086,1,5189,16149,20717,6538,13981,19196,3944,7149,7072,8186,7632,19116,16357,8961,15179,2605,8263,8846,19140,8320,14969,15812,12073,2246,150,14322,1,32:57
2024-25,1630183,Jaden McDaniels,Jaden,1610612750,MIN,Minnesota Timberwolves,0022401102,2025-04-01T00:00:00,MIN @ DEN,W,43.69166666666667,4.1,14.0,0.294,0.0,3.3,0.0,1.6,1.6,1.0,3.3,1.6,4.9,0.0,1.6,0.0,0.0,1.6,4.1,1.6,9.9,-4.9,14.2,0,0,14.8,1,1,13086,1,104,16799,10166,19598,15070,17081,15070,11511,13343,1,4756,20572,14942,19908,12151,12854,8263,4304,6764,14463,18270,15556,23442,2246,150,23117,1,43:42
2024-25,1631103,Malaki Branham,Malaki,1610612759,SAS,San Antonio Spurs,0022400988,2025-04-01T00:00:00,SAS vs. ORL,L,0.915,0.0,0.0,0.0,0.0,0.0,0.0,0.0,0.0,0.0,0.0,0.0,0.0,39.3,0.0,0.0,0.0,0.0,0.0,0.0,0.0,78.7,59.0,0,0,39.3,1,13222,1,13222,26082,22635,24836,22635,15070,20945,15070,13505,14344,13505,14058,22137,23286,11,16469,12854,8263,8846,20257,17725,23200,174,1329,2246,150,7164,1,0:55
2024-25,1642347,Jamal Shead,Jamal,1610612761,TOR,Toronto Raptors,0022401099,2025-04-01T00:00:00,TOR @ CHI,L,19.733333333333334,5.5,20.1,0.273,1.8,9.1,0.2,3.6,3.6,1.0,0.0,0.0,0.0,9.1,3.6,1.8,0.0,0.0,3.6,1.8,16.4,-31.0,31.9,0,0,31.0,1,13222,1,13222,16233,13061,2919,20048,10974,4641,13429,6387,8585,1,14058,22137,23286,1923,4675,7137,8263,8846,8264,13832,11483,23888,13383,2246,150,13148,1,19:44
2024-25,201566,Russell Westbrook,Russell,1610612743,DEN,Denver Nuggets,0022401102,2025-04-01T00:00:00,DEN vs. MIN,L,38.13166666666667,3.8,10.4,0.364,0.0,2.8,0.0,3.8,6.6,0.571,0.0,5.7,5.7,6.6,4.7,0.9,1.9,0.0,4.7,6.6,11.3,-4.7,31.8,0,0,29.3,1,13222,1,13222,1311,17628,16406,16861,15070,17990,15070,6131,3757,10536,14058,9130,13121,4567,2694,12411,3798,8846,5237,1979,16857,15431,13465,2246,150,14503,1,38:08
2024-25,1630208,Nick Richards,Nick,1610612756,PHX,Phoenix Suns,0022401101,2025-04-01T00:00:00,PHX @ MIL,L,30.408333333333335,4.7,9.5,0.5,0.0,0.0,0.0,5.9,7.1,0.833,10.7,2.4,13.0,1.2,3.6,0.0,0.0,2.4,4.7,4.7,15.4,-5.9,29.2,1,0,29.6,1,13222,1,13222,7409,15159,17998,8526,15070,20945,15070,2947,3265,7275,329,18581,2792,19072,4906,12854,8263,2293,5202,4650,12530,16025,15330,1,150,14246,1,30:25
2024-25,203497,Rudy Gobert,Rudy,1610612750,MIN,Minnesota Timberwolves,0022401102,2025-04-01T00:00:00,MIN @ DEN,W,39.61833333333333,6.4,10.0,0.636,0.0,0.0,0.0,4.5,8.2,0.556,5.5,5.5,10.9,0.9,0.0,0.9,0.0,1.8,5.5,5.5,17.3,-9.1,34.4,1,0,30.9,1,1,13086,1,679,10538,17061,4689,15070,20945,15070,4767,2393,10597,1976,9669,4501,19856,16469,12627,8263,3846,3775,3413,10558,17469,11485,1,150,13253,1,39:37
2024-25,1631212,Peyton Watson,Peyton,1610612743,DEN,Denver Nuggets,0022401102,2025-04-01T00:00:00,DEN vs. MIN,L,45.31666666666667,2.4,7.1,0.333,0.0,2.4,0.0,0.8,1.6,0.5,0.0,2.4,2.4,0.0,0.8,0.0,3.2,0.0,2.4,1.6,5.6,-8.7,17.2,0,0,14.3,1,13222,1,13222,49,20703,21383,17395,15070,18848,15070,13499,13405,10625,14058,18532,21044,19908,16458,12854,1497,8846,13297,14666,21692,17299,22428,2246,150,23327,1,45:19
2024-25,1642345,Oso Ighodaro,Oso,1610612756,PHX,Phoenix Suns,0022401101,2025-04-01T00:00:00,PHX @ MIL,L,17.591666666666665,6.1,6.1,1.0,0.0,0.0,0.0,0.0,0.0,0.0,2.0,2.0,4.1,2.0,0.0,2.0,0.0,0.0,8.2,0.0,12.3,-10.2,26.4,0,0,22.5,1,13222,1,13222,17862,11121,22481,1,15070,20945,15070,13505,14344,13505,8180,19514,17087,16206,16469,6028,8263,8846,1280,17725,15849,17989,17353,2246,150,19349,1,17:36
2024-25,1628989,Kevin Huerter,Kevin,1610612741,CHI,Chicago Bulls,0022401099,2025-04-01T00:00:00,CHI vs. TOR,W,33.31666666666667,7.6,9.7,0.778,2.2,4.3,0.5,0.0,0.0,0.0,0.0,2.2,2.2,1.1,0.0,0.0,0.0,0.0,0.0,0.0,17.3,15.1,21.5,0,0,22.7,1,1,13086,1,4886,7615,17527,1994,9395,14857,3944,13505,14344,13505,14058,19177,21491,19410,16469,12854,8263,8846,20257,17725,10539,5575,20408,2246,150,19219,1,33:19
2024-25,201144,Mike Conley,Mike,1610612750,MIN,Minnesota Timberwolves,0022401102,2025-04-01T00:00:00,MIN @ DEN,W,36.465,3.0,7.9,0.375,3.0,6.9,0.429,0.0,0.0,0.0,1.0,0.0,1.0,7.9,1.0,1.0,0.0,0.0,3.9,1.0,8.9,-21.7,23.9,0,0,22.7,1,1,13086,1,2362,19507,20416,16299,6647,8643,7394,13505,14344,13505,13356,22137,23218,3002,15927,12062,8263,8846,7284,17436,19190,22014,19025,2246,150,19209,1,36:28
2024-25,1642348,Justin Edwards,Justin,1610612755,PHI,Philadelphia 76ers,0022401098,2025-04-01T00:00:00,PHI @ NYK,L,31.416666666666668,3.4,8.0,0.429,0.0,2.3,0.0,0.0,0.0,0.0,1.1,1.1,2.3,0.0,6.9,2.3,0.0,1.1,3.4,2.3,6.9,-2.3,9.6,0,0,13.8,1,13222,1,13222,6487,18459,20229,13735,15070,19001,15070,13505,14344,13505,12148,21643,21217,19908,947,5073,8263,6668,8941,11784,20805,14202,24479,2246,150,23489,1,31:25
2024-25,1641824,Matas Buzelis,Matas,1610612741,CHI,Chicago Bulls,0022401099,2025-04-01T00:00:00,CHI vs. TOR,W,28.733333333333334,3.8,6.3,0.6,1.3,2.5,0.5,2.5,5.0,0.5,0.0,3.8,3.8,0.0,2.5,5.0,1.3,0.0,1.3,2.5,11.3,15.0,32.1,0,0,28.8,1,1,13086,1,8889,17681,22361,5394,13084,18614,3944,9034,5899,10625,14058,14451,17923,19908,8227,894,5886,8846,18264,10970,16916,5618,13272,2246,150,14850,1,28:44
2024-25,1630590,Scotty Pippen Jr.,Scotty,1610612763,MEM,Memphis Grizzlies,0022401100,2025-04-01T00:00:00,MEM vs. GSW,L,23.33,6.2,13.9,0.444,1.5,4.6,0.333,1.5,3.1,0.5,0.0,3.1,3.1,3.1,3.1,0.0,0.0,3.1,3.1,3.1,15.4,-4.6,20.7,0,0,23.1,1,13222,1,13222,13446,11040,10360,13045,11887,14136,9209,11707,9752,10625,14058,16447,19510,12645,6165,12854,8263,1244,10324,8940,12488,15384,20853,2246,150,18896,1,23:20
2024-25,1627752,Taurean Prince,Taurean,1610612749,MIL,Milwaukee Bucks,0022401101,2025-04-01T00:00:00,MIL vs. PHX,W,36.68333333333333,5.9,7.9,0.75,3.9,4.9,0.8,0.0,0.0,0.0,0.0,4.9,4.9,1.0,2.0,1.0,1.0,0.0,2.9,0.0,15.7,10.8,27.0,0,0,29.4,1,1,13086,1,2212,11836,20477,2107,4152,13419,1389,13505,14344,13505,14058,11139,15042,19727,10710,12111,7606,8846,10958,17725,12223,7327,16957,2246,150,14370,1,36:41
2024-25,1627734,Domantas Sabonis,Domantas,1610612758,SAC,Sacramento Kings,0022401090,2025-03-31T00:00:00,SAC @ IND,L,39.85,9.9,17.2,0.579,0.0,0.0,0.0,2.7,5.4,0.5,3.6,10.8,14.5,0.0,0.9,0.9,0.0,1.8,3.6,3.6,22.6,-5.4,41.7,1,0,38.8,1,13222,1,13222,600,3282,5614,6486,15070,20945,15070,8553,5288,10625,4192,1985,2020,19908,16341,12652,8263,3881,8390,7355,5794,15793,6756,1,150,7486,1,39:51
2024-25,1641744,Zach Edey,Zach,1610612763,MEM,Memphis Grizzlies,0022401093,2025-03-31T00:00:00,MEM vs. BOS,L,12.75,5.6,8.5,0.667,0.0,0.0,0.0,0.0,0.0,0.0,0.0,5.6,5.6,0.0,0.0,0.0,2.8,0.0,11.3,0.0,11.3,-2.8,26.5,0,0,22.6,1,13222,1,13222,20863,12566,19529,3281,15070,20945,15070,13505,14344,13505,14058,9174,13162,19908,16469,12854,1918,8846,498,17725,16899,14472,17267,2246,150,19294,1,12:45
2024-25,1628415,Dillon Brooks,Dillon,1610612745,HOU,Houston Rockets,0022401096,2025-03-31T00:00:00,HOU @ LAL,L,35.96666666666667,5.0,14.0,0.357,3.0,9.0,0.333,3.0,4.0,0.75,1.0,4.0,5.0,1.0,1.0,1.0,1.0,0.0,2.0,2.0,16.0,-8.0,28.5,0,0,29.0,1,13222,1,13222,2700,14376,10152,17140,6495,4815,9209,7793,7838,8186,13244,13710,14785,19675,15841,11952,7477,8846,15135,13070,11909,16976,15864,2246,150,14680,1,35:58
2024-25,1642267,Bub Carrington,Bub,1610612764,WAS,Washington Wizards,0022401092,2025-03-31T00:00:00,WAS vs. MIA,L,38.473333333333336,2.8,10.3,0.273,1.9,5.6,0.333,0.0,0.0,0.0,0.0,7.5,7.5,8.4,2.8,2.8,0.0,0.0,0.9,0.0,7.5,-22.5,34.7,0,0,30.9,1,13222,1,13222,1121,19862,16572,20048,10778,11677,9209,13505,14344,13505,14058,5523,9196,2487,7192,3669,8263,8846,20048,17725,20333,22210,11278,2246,150,13272,1,38:28
2024-25,1628997,Caleb Martin,Caleb,1610612742,DAL,Dallas Mavericks,0022401095,2025-03-31T00:00:00,DAL vs. BKN,L,21.016666666666666,3.4,8.6,0.4,0.0,1.7,0.0,5.1,6.9,0.75,1.7,8.6,10.3,3.4,0.0,0.0,1.7,1.7,1.7,8.6,12.0,17.1,34.6,0,0,29.1,1,13222,1,13222,15282,18483,19401,14933,15070,20031,15070,3831,3519,8186,9528,3975,5144,11613,16469,12854,4261,4109,16488,799,16152,4857,11376,2246,150,14612,1,21:01
2024-25,1630702,Jaden Hardy,Jaden,1610612742,DAL,Dallas Mavericks,0022401095,2025-03-31T00:00:00,DAL vs. BKN,L,18.933333333333334,5.7,15.2,0.375,3.8,9.5,0.4,1.9,3.8,0.5,0.0,0.0,0.0,1.9,3.8,0.0,0.0,0.0,3.8,3.8,17.1,3.8,16.2,0,0,22.8,1,13222,1,13222,16882,12405,8230,16299,4424,4099,7874,10941,8245,10625,14058,22137,23286,16747,4310,12854,8263,8846,7727,6840,10728,10751,22785,2246,150,19128,1,18:56
2024-25,1629723,John Konchar,John,1610612763,MEM,Memphis Grizzlies,0022401093,2025-03-31T00:00:00,MEM vs. BOS,L,1.1333333333333333,0.0,0.0,0.0,0.0,0.0,0.0,0.0,0.0,0.0,0.0,31.8,31.8,0.0,0.0,0.0,0.0,0.0,0.0,0.0,0.0,0.0,38.1,0,0,31.8,1,13222,1,13222,26002,22635,24836,22635,15070,20945,15070,13505,14344,13505,14058,31,69,19908,16469,12854,8263,8846,20257,17725,23200,12240,8945,2246,150,12561,1,1:08
2024-25,1630217,Desmond Bane,Desmond,1610612763,MEM,Memphis Grizzlies,0022401093,2025-03-31T00:00:00,MEM vs. BOS,L,31.35,5.7,12.6,0.455,1.1,5.7,0.2,1.1,1.1,1.0,0.0,2.3,2.3,3.4,3.4,1.1,0.0,1.1,4.6,0.0,13.8,-18.4,21.7,0,0,23.0,1,13222,1,13222,6549,12295,12507,12676,13656,11356,13429,12760,13965,1,14058,18773,21208,11572,5141,10595,8263,6648,5556,17725,14193,21039,20320,2246,150,19056,1,31:21
2024-25,203994,Jusuf Nurkić,Jusuf,1610612766,CHA,Charlotte Hornets,0022401089,2025-03-31T00:00:00,CHA vs. UTA,W,11.1,9.7,22.7,0.429,0.0,3.2,0.0,0.0,3.2,0.0,0.0,6.5,6.5,3.2,3.2,0.0,0.0,0.0,0.0,6.5,19.5,-25.9,28.9,0,0,29.2,1,1,13086,1,21658,3561,1499,13735,15070,17188,15070,13505,9430,13505,14058,7336,11203,12167,5686,12854,8263,8846,20257,2099,8411,23015,15589,2246,150,14548,1,11:06
2024-25,1630539,Kai Jones,Kai,1610612742,DAL,Dallas Mavericks,0022401095,2025-03-31T00:00:00,DAL vs. BKN,L,15.85,6.8,9.1,0.75,0.0,0.0,0.0,2.3,4.5,0.5,6.8,4.5,11.4,4.5,0.0,0.0,0.0,0.0,0.0,2.3,15.9,-9.1,36.3,0,0,31.8,1,13222,1,13222,19029,9387,18585,2107,15070,20945,15070,9722,6760,10625,1220,12143,4087,8551,16469,12854,8263,8846,20257,11859,12028,17468,10126,2246,150,12544,1,15:51
2024-25,1641716,Jarace Walker,Jarace,1610612754,IND,Indiana Pacers,0022401090,2025-03-31T00:00:00,IND vs. SAC,W,21.828333333333333,9.9,16.5,0.6,4.9,11.5,0.429,0.0,0.0,0.0,0.0,0.0,0.0,3.3,1.6,3.3,0.0,0.0,1.6,1.6,24.7,-1.6,37.9,0,0,39.6,1,1,13086,1,14643,3335,6432,5394,2338,2069,7394,13505,14344,13505,14058,22137,23286,11984,12143,2567,8263,8846,16710,14454,4352,13856,9058,2246,150,7025,1,21:50
2024-25,1641727,Dariq Whitehead,Dariq,1610612751,BKN,Brooklyn Nets,0022401095,2025-03-31T00:00:00,BKN @ DAL,W,15.95,6.8,15.8,0.429,4.5,13.5,0.333,0.0,0.0,0.0,0.0,4.5,4.5,4.5,2.3,0.0,0.0,0.0,6.8,0.0,18.1,-22.6,28.0,0,0,31.6,1,1,13086,1,18962,9492,7413,13735,3044,1073,9209,13505,14344,13505,14058,12225,16018,8621,9274,12854,8263,8846,2165,17725,9788,22235,16235,2246,150,12706,1,15:57
2024-25,1629026,Kenrich Williams,Kenrich,1610612760,OKC,Oklahoma City Thunder,0022401094,2025-03-31T00:00:00,OKC vs. CHI,W,18.3,7.9,17.7,0.444,3.9,5.9,0.667,0.0,0.0,0.0,0.0,11.8,11.8,3.9,3.9,0.0,0.0,5.9,5.9,2.0,19.7,0.0,35.8,0,0,39.3,1,1,13086,1,17361,6914,4999,13045,4125,10937,1957,13505,14344,13505,14058,1476,3670,10118,4008,12854,8263,227,3074,13228,8184,12240,10506,2246,150,7164,1,18:18
2024-25,203484,Kentavious Caldwell-Pope,Kentavious,1610612753,ORL,Orlando Magic,0022401091,2025-03-31T00:00:00,ORL vs. LAC,L,32.833333333333336,4.4,4.4,1.0,3.3,3.3,1.0,0.0,0.0,0.0,1.1,2.2,3.3,0.0,1.1,1.1,1.1,0.0,3.3,0.0,12.1,-3.3,21.5,0,0,23.0,1,13222,1,13222,5298,16106,23865,1,5702,17091,1,13505,14344,13505,12493,19090,19017,19908,15150,11047,6811,8846,9492,17725,16083,14711,20420,2246,150,19004,1,32:50
2024-25,1630590,Scotty Pippen Jr.,Scotty,1610612763,MEM,Memphis Grizzlies,0022401093,2025-03-31T00:00:00,MEM vs. BOS,L,17.173333333333332,4.2,16.8,0.25,0.0,8.4,0.0,2.1,4.2,0.5,0.0,2.1,2.1,6.3,2.1,2.1,0.0,2.1,6.3,4.2,10.5,-27.3,26.6,0,0,23.1,1,13222,1,13222,18155,16613,6090,20233,15070,5771,15070,10307,7426,10625,14058,19372,21620,5042,10018,5807,8263,2935,2617,5866,17679,23287,17200,2246,150,18974,1,17:10
2024-25,203897,Zach LaVine,Zach,1610612758,SAC,Sacramento Kings,0022401090,2025-03-31T00:00:00,SAC @ IND,L,37.78333333333333,6.7,14.3,0.467,3.8,7.6,0.5,1.9,1.9,1.0,0.0,4.8,4.8,1.9,3.8,1.0,0.0,1.0,3.8,2.9,19.1,-12.4,26.7,0,0,31.4,1,13222,1,13222,1518,9764,9705,12249,4405,7132,3944,10927,12965,1,14058,11533,15392,16731,4289,12329,8263,8316,7701,9733,8792,18893,17165,2246,150,12816,1,37:47
2024-25,203915,Spencer Dinwiddie,Spencer,1610612742,DAL,Dallas Mavericks,0022401095,2025-03-31T00:00:00,DAL vs. BKN,L,30.916666666666668,4.7,12.8,0.364,1.2,4.7,0.25,2.3,4.7,0.5,0.0,5.8,5.8,9.3,1.2,1.2,0.0,0.0,3.5,3.5,12.8,-14.0,36.1,0,0,31.4,1,13222,1,13222,6943,15343,12192,16861,13567,14059,11902,9528,6562,10625,14058,8740,12714,1799,14694,10467,8263,8846,8768,7679,15281,19495,10301,2246,150,12818,1,30:55
2024-25,201587,Nicolas Batum,Nicolas,1610612746,LAC,LA Clippers,0022401091,2025-03-31T00:00:00,LAC @ ORL,W,21.218333333333334,0.0,0.0,0.0,0.0,0.0,0.0,0.0,0.0,0.0,0.0,6.8,6.8,1.7,0.0,1.7,1.7,0.0,5.1,0.0,0.0,15.3,20.9,0,0,15.3,1,1,13086,1,15142,22635,24836,22635,15070,20945,15070,13505,14344,13505,14058,6726,10560,17379,16469,7620,4303,8846,4403,17725,23200,5516,20759,2246,150,22964,1,21:13
2024-25,1628379,Luke Kennard,Luke,1610612763,MEM,Memphis Grizzlies,0022401093,2025-03-31T00:00:00,MEM vs. BOS,L,18.91,0.0,1.9,0.0,0.0,0.0,0.0,1.9,1.9,1.0,0.0,1.9,1.9,0.0,0.0,5.7,0.0,0.0,0.0,0.0,1.9,11.4,21.3,0,0,15.2,1,13222,1,13222,16904,22635,24776,22635,15070,20945,15070,10934,12968,1,14058,19963,21997,19908,16469,567,8263,8846,20257,17725,23162,7047,20521,2246,150,22980,1,18:55
2024-25,1628401,Derrick White,Derrick,1610612738,BOS,Boston Celtics,0022401093,2025-03-31T00:00:00,BOS @ MEM,W,35.71666666666667,4.0,13.1,0.308,3.0,11.1,0.273,3.0,3.0,1.0,1.0,7.1,8.1,10.1,1.0,0.0,2.0,0.0,2.0,2.0,14.1,19.2,43.9,1,0,39.3,1,1,13086,1,2887,17016,11667,19226,6423,2421,11838,7739,9917,1,13196,6271,8150,1399,15792,12854,3441,8846,15055,13005,13837,4211,5697,1,150,7187,1,35:43
2024-25,201942,DeMar DeRozan,DeMar,1610612758,SAC,Sacramento Kings,0022401090,2025-03-31T00:00:00,SAC @ IND,L,42.333333333333336,10.2,20.4,0.5,1.7,5.1,0.333,4.3,6.0,0.714,0.0,2.6,2.6,6.8,0.0,0.9,0.0,0.0,1.7,5.1,26.4,0.0,42.2,0,0,39.1,1,13222,1,13222,225,3013,2685,8526,11399,12950,9209,5256,4543,9244,14058,18052,20703,4285,16469,12785,8263,8846,16536,3921,3499,12240,6533,2246,150,7313,1,42:20
2024-25,1642358,AJ Johnson,AJ,1610612764,WAS,Washington Wizards,0022401092,2025-03-31T00:00:00,WAS vs. MIA,L,36.78333333333333,2.9,8.8,0.333,0.0,3.9,0.0,2.0,2.0,1.0,1.0,2.0,2.9,1.0,3.9,1.0,0.0,0.0,2.0,1.0,7.8,-16.6,11.8,0,0,13.7,1,13222,1,13222,2130,19565,19007,17395,15070,15751,15070,10787,12841,1,13438,19805,19899,19740,4054,12141,8263,8846,15368,17460,20061,20492,24051,2246,150,23500,1,36:47
2024-25,203500,Steven Adams,Steven,1610612745,HOU,Houston Rockets,0022401096,2025-03-31T00:00:00,HOU @ LAL,L,15.721666666666666,2.3,4.6,0.5,0.0,2.3,0.0,4.6,4.6,1.0,4.6,11.4,16.0,0.0,6.9,2.3,0.0,0.0,0.0,9.2,9.2,-6.9,28.4,0,0,29.8,1,13222,1,13222,19117,20874,23753,8526,15070,19011,15070,4714,6693,1,2827,1667,1421,19908,950,5080,8263,8846,20257,605,18935,16459,15941,2246,150,14124,1,15:43
2024-25,1641763,Julian Phillips,Julian,1610612741,CHI,Chicago Bulls,0022401094,2025-03-31T00:00:00,CHI @ OKC,L,17.95,4.0,8.0,0.5,2.0,4.0,0.5,0.0,0.0,0.0,0.0,2.0,2.0,0.0,2.0,0.0,0.0,2.0,2.0,0.0,10.0,-12.0,10.4,0,0,14.0,1,13222,1,13222,17593,17065,20225,8526,10134,15559,3944,13505,14344,13505,14058,19643,21787,19908,10494,12854,8263,3213,15113,17725,18138,18750,24350,2246,150,23413,1,17:57
2024-25,1626168,Trey Lyles,Trey,1610612758,SAC,Sacramento Kings,0022401090,2025-03-31T00:00:00,SAC @ IND,L,15.266666666666667,2.4,4.7,0.5,2.4,4.7,0.5,0.0,0.0,0.0,0.0,0.0,0.0,0.0,0.0,2.4,0.0,0.0,0.0,0.0,7.1,-9.4,14.1,0,0,14.1,1,13222,1,13222,19400,20744,23663,8526,8634,13916,3944,13505,14344,13505,14058,22137,23286,19908,16469,4839,8263,8846,20257,17725,20662,17634,23454,2246,150,23375,1,15:16
2024-25,1630231,KJ Martin,KJ,1610612762,UTA,Utah Jazz,0022401089,2025-03-31T00:00:00,UTA @ CHA,L,29.016666666666666,2.5,9.9,0.25,1.2,7.4,0.167,0.0,0.0,0.0,0.0,2.5,2.5,2.5,1.2,1.2,0.0,1.2,1.2,0.0,6.2,-16.1,15.4,0,0,14.9,1,13222,1,13222,8656,20496,17197,20233,13147,7515,14236,13505,14344,13505,14058,18242,20846,14611,14158,9861,8263,5993,18324,17725,21247,20298,23060,2246,150,23099,1,29:01
2024-25,1628418,Thomas Bryant,Thomas,1610612754,IND,Indiana Pacers,0022401090,2025-03-31T00:00:00,IND vs. SAC,W,21.866666666666667,4.9,11.5,0.429,1.6,4.9,0.333,0.0,0.0,0.0,1.6,9.9,11.5,1.6,0.0,0.0,1.6,0.0,1.6,1.6,11.5,-9.9,32.8,0,0,29.6,1,1,13086,1,14601,14581,14431,13735,11548,13346,9209,13505,14344,13505,9760,2670,3923,17520,16469,12854,4437,8846,16728,14468,16647,17831,12753,2246,150,14222,1,21:52
2024-25,1631106,Tari Eason,Tari,1610612745,HOU,Houston Rockets,0022401096,2025-03-31T00:00:00,HOU @ LAL,L,21.95,9.8,18.0,0.545,1.6,3.3,0.5,0.0,0.0,0.0,1.6,3.3,4.9,0.0,3.3,1.6,0.0,1.6,6.6,0.0,21.3,-4.9,28.9,0,0,31.2,1,13222,1,13222,14538,3411,4622,7695,11567,17110,3944,13505,14344,13505,9784,15850,15004,19908,5557,7853,8263,4336,2359,17725,6802,15541,15587,2246,150,13030,1,21:57
2024-25,1629004,Svi Mykhailiuk,Svi,1610612762,UTA,Utah Jazz,0022401089,2025-03-31T00:00:00,UTA @ CHA,L,16.533333333333335,0.0,15.2,0.0,0.0,10.9,0.0,4.4,4.4,1.0,2.2,2.2,4.4,4.4,0.0,0.0,0.0,2.2,2.2,2.2,4.4,6.5,16.1,0,0,13.1,1,13222,1,13222,18580,22635,8187,22635,15070,2597,15070,5059,7100,1,7662,19134,16396,8996,16469,12854,8263,2694,14205,12253,22367,9368,22805,2246,150,23690,1,16:32
2024-25,1626181,Norman Powell,Norman,1610612746,LAC,LA Clippers,0022401091,2025-03-31T00:00:00,LAC @ ORL,W,33.565,8.6,15.0,0.571,3.2,6.4,0.5,2.1,2.1,1.0,0.0,4.3,4.3,1.1,0.0,0.0,0.0,2.1,1.1,2.1,22.5,7.5,29.3,0,0,31.1,1,1,13086,1,4679,5476,8588,6538,5909,9681,3944,10147,12273,1,14058,12835,16558,19439,16469,12854,8263,2781,19258,12421,5839,8878,15300,2246,150,13072,1,33:34
2024-25,1630531,Jaden Springer,Jaden,1610612762,UTA,Utah Jazz,0022401089,2025-03-31T00:00:00,UTA @ CHA,L,27.116666666666667,5.3,11.9,0.444,1.3,6.6,0.2,2.7,2.7,1.0,2.7,2.7,5.3,2.7,1.3,2.7,1.3,0.0,0.0,2.7,14.6,1.3,35.6,0,0,31.9,1,13222,1,13222,10256,13510,13688,13045,12740,9239,13429,8674,10848,1,6213,17801,14021,14029,13679,4004,5527,8846,20257,10461,13287,11939,10677,2246,150,12484,1,27:07
2024-25,1642271,Kyle Filipowski,Kyle,1610612762,UTA,Utah Jazz,0022401089,2025-03-31T00:00:00,UTA @ CHA,L,33.35,6.5,17.3,0.375,2.2,8.6,0.25,0.0,0.0,0.0,3.2,10.8,14.0,2.2,1.1,0.0,0.0,1.1,4.3,2.2,15.1,-1.1,34.1,1,0,33.5,1,13222,1,13222,4857,10240,5487,16299,9399,5364,11902,13505,14344,13505,4864,2024,2218,15771,15281,12854,8263,7230,6223,12351,12797,13591,11718,1,150,11271,1,33:21
2024-25,1641710,Anthony Black,Anthony,1610612753,ORL,Orlando Magic,0022401091,2025-03-31T00:00:00,ORL vs. LAC,L,19.366666666666667,5.6,18.6,0.3,0.0,3.7,0.0,3.7,3.7,1.0,0.0,1.9,1.9,3.7,3.7,3.7,0.0,0.0,0.0,1.9,14.9,-26.0,30.1,0,0,27.9,1,13222,1,13222,16522,12765,4132,19363,15070,16174,15070,6252,8446,1,14058,20087,22070,10739,4513,1946,8263,8846,20257,13700,13042,23033,14726,2246,150,15515,1,19:22
2024-25,1642377,Jaylen Wells,Jaylen,1610612763,MEM,Memphis Grizzlies,0022401093,2025-03-31T00:00:00,MEM vs. BOS,L,25.79,5.6,11.2,0.5,2.8,8.4,0.333,0.0,0.0,0.0,2.8,2.8,5.6,2.8,0.0,0.0,0.0,0.0,0.0,0.0,14.0,-19.5,24.8,0,0,25.1,1,13222,1,13222,11340,12752,15079,8526,7243,5789,9209,13505,14344,13505,5884,17426,13322,13609,16469,12854,8263,8846,20257,17725,13980,21410,18393,2246,150,17580,1,25:47
2024-25,1641774,Tristan Vukcevic,Tristan,1610612764,WAS,Washington Wizards,0022401092,2025-03-31T00:00:00,WAS vs. MIA,L,22.45,9.6,20.8,0.462,3.2,9.6,0.333,0.0,0.0,0.0,0.0,6.4,6.4,1.6,4.8,0.0,0.0,0.0,1.6,0.0,22.4,-20.8,27.7,0,0,33.7,1,13222,1,13222,14153,3696,2431,12428,5934,3949,9209,13505,14344,13505,14058,7475,11354,17633,2561,12854,8263,8846,16861,17725,5886,21795,16400,2246,150,11096,1,22:27
2024-25,1628392,Isaiah Hartenstein,Isaiah,1610612760,OKC,Oklahoma City Thunder,0022401094,2025-03-31T00:00:00,OKC vs. CHI,W,24.833333333333332,10.1,13.0,0.778,0.0,0.0,0.0,0.0,0.0,0.0,1.4,8.7,10.1,2.9,0.0,1.4,0.0,0.0,2.9,0.0,20.3,30.4,41.2,0,0,36.2,1,1,13086,1,12147,3062,11782,1994,15070,20945,15070,13505,14344,13505,10539,3841,5277,13276,16469,8634,8263,8846,11190,17725,7663,1905,7067,2246,150,9193,1,24:50
2024-25,1630559,Austin Reaves,Austin,1610612747,LAL,Los Angeles Lakers,0022401096,2025-03-31T00:00:00,LAL vs. HOU,W,38.95,4.6,10.2,0.455,0.0,2.8,0.0,1.8,1.8,1.0,0.9,6.5,7.4,2.8,0.9,1.8,0.0,0.0,0.9,4.6,11.1,7.4,28.7,0,0,25.0,1,1,13086,1,899,15435,16790,12676,15070,18119,15070,11121,13113,1,13809,7377,9383,13679,16267,7042,8263,8846,20083,4895,17107,8940,15683,2246,150,17725,1,38:57
2024-25,1628976,Wendell Carter Jr.,Wendell,1610612753,ORL,Orlando Magic,0022401091,2025-03-31T00:00:00,ORL vs. LAC,L,31.17,4.6,12.7,0.364,0.0,3.5,0.0,1.2,2.3,0.5,1.2,3.5,4.6,1.2,0.0,3.5,2.3,1.2,4.6,3.5,10.4,3.5,35.0,0,0,27.7,1,13222,1,13222,6733,15439,12380,16861,15070,16721,15070,12737,11752,10625,12069,15335,15772,19166,16469,2288,2726,6596,5493,7760,17771,10906,11058,2246,150,15627,1,31:10
2024-25,1631109,Mark Williams,Mark,1610612766,CHA,Charlotte Hornets,0022401089,2025-03-31T00:00:00,CHA vs. UTA,W,34.31666666666667,8.4,9.4,0.889,0.0,0.0,0.0,2.1,2.1,1.0,3.1,10.5,13.6,1.0,3.1,0.0,0.0,0.0,3.1,3.1,18.9,15.7,33.7,1,0,33.6,1,1,13086,1,3991,5816,18056,1318,15070,20945,15070,10297,12428,1,5045,2236,2416,19529,5994,12854,8263,8846,10107,8744,8962,5345,12055,1,150,11187,1,34:19
2024-25,1630532,Franz Wagner,Franz,1610612753,ORL,Orlando Magic,0022401091,2025-03-31T00:00:00,ORL vs. LAC,L,39.56666666666667,7.3,17.3,0.421,0.9,6.4,0.143,3.6,3.6,1.0,0.0,4.5,4.5,5.5,1.8,1.8,0.0,0.9,3.6,2.7,19.1,-9.1,36.4,0,0,33.7,1,13222,1,13222,699,8268,5468,14442,14928,9824,14649,6407,8604,1,14058,12125,15924,6515,11452,7160,8263,8606,8293,10233,8749,17476,10086,2246,150,11105,1,39:34
2024-25,1630581,Josh Giddey,Josh,1610612741,CHI,Chicago Bulls,0022401094,2025-03-31T00:00:00,CHI @ OKC,L,27.516666666666666,7.8,19.6,0.4,1.3,6.5,0.2,2.6,3.9,0.667,5.2,5.2,10.5,13.1,5.2,1.3,0.0,1.3,1.3,2.6,19.6,-31.4,50.5,1,0,47.1,1,13222,1,13222,9931,6959,3256,14933,12828,9449,13429,8765,8002,9425,2163,10206,4943,514,2081,9417,8263,5610,18002,10588,8237,23946,3129,1,150,3441,1,27:31
2024-25,1642382,Branden Carlson,Branden,1610612760,OKC,Oklahoma City Thunder,0022401094,2025-03-31T00:00:00,OKC vs. CHI,W,8.733333333333333,0.0,12.4,0.0,0.0,8.2,0.0,8.2,16.5,0.5,4.1,4.1,8.2,4.1,0.0,0.0,8.2,0.0,8.2,8.2,8.2,-20.6,49.1,0,0,37.1,1,1,13086,1,22551,22635,12948,22635,15070,6000,15070,1302,243,10625,3404,13345,7863,9601,16469,12854,131,8846,1248,910,19705,21729,3610,2246,150,8650,1,8:44
2024-25,1627936,Alex Caruso,Alex,1610612760,OKC,Oklahoma City Thunder,0022401094,2025-03-31T00:00:00,OKC vs. CHI,W,15.166666666666666,4.7,11.9,0.4,2.4,4.7,0.5,4.7,4.7,1.0,4.7,7.1,11.9,7.1,2.4,4.7,0.0,0.0,0.0,2.4,16.6,11.9,53.4,0,0,47.5,1,1,13086,1,19456,15116,13824,14933,8577,13844,3944,4434,6403,1,2615,6136,3600,3860,8756,1050,8263,8846,20257,11452,11256,6847,2353,2246,150,3310,1,15:10
2024-25,1630230,Naji Marshall,Naji,1610612742,DAL,Dallas Mavericks,0022401095,2025-03-31T00:00:00,DAL vs. BKN,L,27.166666666666668,5.3,9.3,0.571,0.0,0.0,0.0,0.0,0.0,0.0,2.7,8.0,10.6,4.0,0.0,1.3,0.0,0.0,5.3,1.3,10.6,2.7,33.3,0,0,27.8,1,13222,1,13222,10216,13529,18297,6538,15070,20945,15070,13505,14344,13505,6225,4777,4811,9999,16469,9317,8263,8846,4017,15784,17554,11296,12381,2246,150,15559,1,27:10
2024-25,1629639,Tyler Herro,Tyler,1610612748,MIA,Miami Heat,0022401092,2025-03-31T00:00:00,MIA @ WAS,W,32.63333333333333,9.9,21.0,0.474,0.0,6.6,0.0,9.9,9.9,1.0,0.0,5.5,5.5,5.5,2.2,3.3,0.0,0.0,0.0,6.6,29.8,28.7,52.4,0,0,47.4,1,1,13086,1,5451,3296,2362,12072,15070,9274,15070,716,1399,1,14058,9484,13495,6395,9485,2544,8263,8846,20257,1965,2168,2152,2619,2246,150,3330,1,32:38
2024-25,1631166,Drew Timme,Drew,1610612751,BKN,Brooklyn Nets,0022401095,2025-03-31T00:00:00,BKN @ DAL,W,20.633333333333333,7.0,14.0,0.5,1.7,5.2,0.333,0.0,0.0,0.0,1.7,3.5,5.2,1.7,1.7,0.0,1.7,0.0,7.0,1.7,15.7,-7.0,28.1,0,0,27.9,1,1,13086,1,15533,8980,10232,8526,11267,12625,9209,13505,14344,13505,9434,15270,14204,17248,11766,12854,4178,8846,1994,14132,12222,16496,16145,2246,150,15487,1,20:38
2024-25,1627884,Derrick Jones Jr.,Derrick,1610612746,LAC,LA Clippers,0022401091,2025-03-31T00:00:00,LAC @ ORL,W,18.661666666666665,3.9,9.6,0.4,1.9,5.8,0.333,0.0,0.0,0.0,1.9,3.9,5.8,3.9,1.9,1.9,0.0,0.0,5.8,1.9,9.6,9.6,26.2,0,0,25.1,1,1,13086,1,17070,17429,17682,14933,10508,11234,9209,13505,14344,13505,8713,14161,12789,10349,10906,6627,8263,8846,3245,13408,18498,7866,17457,2246,150,17626,1,18:40
2024-25,1631094,Paolo Banchero,Paolo,1610612753,ORL,Orlando Magic,0022401091,2025-03-31T00:00:00,ORL vs. LAC,L,36.45,7.9,22.7,0.348,1.0,7.9,0.125,8.9,8.9,1.0,1.0,4.9,5.9,4.0,6.9,0.0,0.0,2.0,1.0,6.9,25.7,-4.9,31.8,0,0,36.5,1,13222,1,13222,2364,6847,1491,17377,14620,6623,14886,1048,1931,1,13351,11056,12462,10070,927,12854,8263,3299,19775,1720,3839,15554,13480,2246,150,9018,1,36:27
2024-25,1630551,Justin Champagnie,Justin,1610612764,WAS,Washington Wizards,0022401092,2025-03-31T00:00:00,WAS vs. MIA,L,29.116666666666667,2.5,6.2,0.4,1.2,4.9,0.25,0.0,2.5,0.0,2.5,3.7,6.2,1.2,1.2,3.7,1.2,0.0,3.7,1.2,6.2,-17.3,29.1,0,0,24.7,1,13222,1,13222,8571,20507,22443,14933,13169,13324,11902,13505,11277,13505,6700,14602,11867,18894,14190,1955,5960,8846,8047,16200,21257,20715,15448,2246,150,17873,1,29:07
2024-25,1631170,Jaime Jaquez Jr.,Jaime,1610612748,MIA,Miami Heat,0022401092,2025-03-31T00:00:00,MIA @ WAS,W,23.883333333333333,9.0,13.6,0.667,3.0,3.0,1.0,0.0,0.0,0.0,6.0,4.5,10.6,3.0,4.5,4.5,0.0,1.5,1.5,0.0,21.1,9.0,47.3,0,0,46.7,1,1,13086,1,13003,4622,10888,3281,6451,17612,1,13505,14344,13505,1600,12203,4859,12876,2966,1212,8263,4745,17184,17725,6997,8159,4196,2246,150,3583,1,23:53
2024-25,1629023,P.J. Washington,P.J.,1610612742,DAL,Dallas Mavericks,0022401095,2025-03-31T00:00:00,DAL vs. BKN,L,31.4,4.6,8.0,0.571,2.3,3.4,0.667,3.4,4.6,0.75,0.0,5.7,5.7,2.3,2.3,0.0,0.0,0.0,3.4,2.3,14.9,-16.1,22.9,0,0,25.2,1,13222,1,13222,6506,15534,20222,6538,8878,16791,1957,6814,6677,8186,14058,8962,12935,15260,9103,12854,8263,8846,8934,11777,13014,20268,19604,2246,150,17493,1,31:24
2024-25,2544,LeBron James,LeBron,1610612747,LAL,Los Angeles Lakers,0022401096,2025-03-31T00:00:00,LAL vs. HOU,W,37.666666666666664,4.8,11.5,0.417,1.9,3.8,0.5,3.8,3.8,1.0,0.0,7.6,7.6,3.8,2.9,1.9,1.9,0.0,1.0,2.9,15.3,8.6,38.8,0,0,36.3,1,1,13086,1,1590,15015,14522,14532,10584,15945,3944,6033,8194,1,14058,5241,8887,10438,6969,6706,3733,8846,19933,9702,12623,8364,8532,2246,150,9146,1,37:40
2024-25,1630548,Johnny Juzang,Johnny,1610612762,UTA,Utah Jazz,0022401089,2025-03-31T00:00:00,UTA @ CHA,L,19.266666666666666,9.3,18.7,0.5,3.7,9.3,0.4,0.0,0.0,0.0,3.7,0.0,3.7,0.0,0.0,1.9,0.0,0.0,3.7,1.9,22.4,-5.6,32.5,0,0,33.6,1,13222,1,13222,16614,4139,4037,8526,4604,4319,7874,13505,14344,13505,3981,22137,17968,19908,16469,6926,8263,8846,7946,13648,5903,15881,12941,2246,150,11128,1,19:16
2024-25,1642275,Tidjane Salaün,Tidjane,1610612766,CHA,Charlotte Hornets,0022401089,2025-03-31T00:00:00,CHA vs. UTA,W,24.65,5.8,7.3,0.8,4.4,4.4,1.0,1.5,2.9,0.5,1.5,4.4,5.8,2.9,0.0,0.0,2.9,1.5,1.5,1.5,17.5,-7.3,37.7,0,0,36.5,1,1,13086,1,12326,11983,21203,1688,3263,14725,1,11876,10172,10625,10481,12569,12667,13202,16469,12854,1789,4936,17392,15182,10298,16643,9241,2246,150,9039,1,24:39
2024-25,1628370,Malik Monk,Malik,1610612758,SAC,Sacramento Kings,0022401090,2025-03-31T00:00:00,SAC @ IND,L,28.64,2.5,17.6,0.143,1.3,3.8,0.333,0.0,0.0,0.0,1.3,7.5,8.8,8.8,6.3,0.0,0.0,2.5,1.3,0.0,6.3,8.8,23.8,0,0,25.1,1,13222,1,13222,8995,20444,5137,22260,13055,16059,9209,13505,14344,13505,11441,5421,7027,2186,1232,12854,8263,2022,18236,17725,21195,8272,19121,2246,150,17571,1,28:38
2024-25,1631213,Tyrese Martin,Tyrese,1610612751,BKN,Brooklyn Nets,0022401095,2025-03-31T00:00:00,BKN @ DAL,W,20.4,5.3,14.1,0.375,5.3,10.6,0.5,3.5,3.5,1.0,3.5,7.1,10.6,8.8,0.0,1.8,0.0,0.0,3.5,1.8,19.4,8.8,50.6,0,0,47.6,1,1,13086,1,15715,13542,9968,16299,1955,2882,3944,6643,8830,1,4326,6259,4822,2157,16469,7387,8263,8846,8666,14058,8458,8261,3088,2246,150,3266,1,20:24
2024-25,1626158,Richaun Holmes,Richaun,1610612764,WAS,Washington Wizards,0022401092,2025-03-31T00:00:00,WAS vs. MIA,L,15.368333333333334,9.4,11.7,0.8,0.0,0.0,0.0,0.0,0.0,0.0,4.7,14.1,18.7,0.0,0.0,2.3,2.3,0.0,2.3,0.0,18.7,-2.3,55.3,0,0,46.8,1,13222,1,13222,19325,4090,14090,1688,15070,20945,15070,13505,14344,13505,2697,752,744,19908,16469,4892,2660,8846,13475,17725,9093,14230,1936,2246,150,3533,1,15:22
2024-25,1642259,Alex Sarr,Alex,1610612764,WAS,Washington Wizards,0022401092,2025-03-31T00:00:00,WAS vs. MIA,L,30.748333333333335,3.5,19.9,0.176,1.2,8.2,0.143,1.2,1.2,1.0,0.0,3.5,3.5,3.5,2.3,1.2,2.3,2.3,5.9,2.3,9.4,-30.4,27.0,0,0,24.6,1,13222,1,13222,7094,18297,3035,21936,13531,6090,14649,12697,13937,1,14058,15197,18519,11357,8898,10427,2662,2351,3134,11582,18764,23807,16902,2246,150,17955,1,30:45
2024-25,1641796,Pelle Larsson,Pelle,1610612748,MIA,Miami Heat,0022401092,2025-03-31T00:00:00,MIA @ WAS,W,29.816666666666666,8.5,15.7,0.538,0.0,4.8,0.0,1.2,2.4,0.5,3.6,4.8,8.5,6.0,2.4,1.2,0.0,1.2,2.4,2.4,18.1,21.7,38.5,0,0,35.0,1,1,13086,1,7950,5708,7550,7978,15070,13628,15070,12560,11437,10625,4171,11338,7548,5421,8592,10115,8263,6204,13130,11287,9724,3524,8702,2246,150,10084,1,29:49
2024-25,1630205,Lamar Stevens,Lamar,1610612763,MEM,Memphis Grizzlies,0022401093,2025-03-31T00:00:00,MEM vs. BOS,L,1.1333333333333333,0.0,0.0,0.0,0.0,0.0,0.0,0.0,0.0,0.0,0.0,0.0,0.0,0.0,0.0,0.0,0.0,0.0,0.0,0.0,0.0,0.0,0.0,0,0,0.0,1,13222,1,13222,26002,22635,24836,22635,15070,20945,15070,13505,14344,13505,14058,22137,23286,19908,16469,12854,8263,8846,20257,17725,23200,12240,25228,2246,150,25259,1,1:08
2024-25,1629234,Drew Eubanks,Drew,1610612746,LAC,LA Clippers,0022401091,2025-03-31T00:00:00,LAC @ ORL,W,3.308333333333333,0.0,0.0,0.0,0.0,0.0,0.0,0.0,0.0,0.0,0.0,0.0,0.0,0.0,10.9,0.0,0.0,0.0,10.9,0.0,0.0,-32.6,-10.9,0,0,0.0,1,1,13086,1,24844,22635,24836,22635,15070,20945,15070,13505,14344,13505,14058,22137,23286,19908,263,12854,8263,8846,553,17725,23200,24119,26231,2246,150,25259,1,3:19
2024-25,1642261,Dalton Knecht,Dalton,1610612747,LAL,Los Angeles Lakers,0022401096,2025-03-31T00:00:00,LAL vs. HOU,W,3.933333333333333,0.0,0.0,0.0,0.0,0.0,0.0,0.0,0.0,0.0,0.0,0.0,0.0,0.0,0.0,0.0,0.0,0.0,0.0,0.0,0.0,-9.2,0.0,0,0,0.0,1,1,13086,1,24527,22635,24836,22635,15070,20945,15070,13505,14344,13505,14058,22137,23286,19908,16469,12854,8263,8846,20257,17725,23200,17505,25228,2246,150,25259,1,3:56
2024-25,1631108,Max Christie,Max,1610612742,DAL,Dallas Mavericks,0022401095,2025-03-31T00:00:00,DAL vs. BKN,L,19.93166666666667,7.2,16.3,0.444,3.6,7.2,0.5,3.6,5.4,0.667,0.0,5.4,5.4,0.0,1.8,1.8,0.0,0.0,0.0,1.8,21.7,0.0,31.8,0,0,34.3,1,13222,1,13222,16080,8393,6746,13045,4897,7994,3944,6464,5292,9425,14058,9739,13761,19908,11526,7223,8263,8846,20257,13910,6480,12240,13485,2246,150,10593,1,19:56
2024-25,1630643,Jay Huff,Jay,1610612763,MEM,Memphis Grizzlies,0022401093,2025-03-31T00:00:00,MEM vs. BOS,L,2.3833333333333333,0.0,15.1,0.0,0.0,15.1,0.0,0.0,0.0,0.0,0.0,0.0,0.0,0.0,0.0,0.0,0.0,0.0,0.0,0.0,0.0,-60.4,0.0,0,0,0.0,1,13222,1,13222,25270,22635,8412,22635,15070,664,15070,13505,14344,13505,14058,22137,23286,19908,16469,12854,8263,8846,20257,17725,23200,25699,25228,2246,150,25259,1,2:23
2024-25,1631246,Vince Williams Jr.,Vince,1610612763,MEM,Memphis Grizzlies,0022401093,2025-03-31T00:00:00,MEM vs. BOS,L,12.933333333333334,2.8,5.6,0.5,0.0,2.8,0.0,0.0,0.0,0.0,0.0,0.0,0.0,5.6,0.0,0.0,0.0,0.0,0.0,0.0,5.6,2.8,13.9,0,0,11.1,1,13222,1,13222,20774,19914,23030,8526,15070,18097,15070,13505,14344,13505,14058,22137,23286,6308,16469,12854,8263,8846,20257,17725,21683,11234,23519,2246,150,24190,1,12:56
2024-25,1642285,Cam Spencer,Cam,1610612763,MEM,Memphis Grizzlies,0022401093,2025-03-31T00:00:00,MEM vs. BOS,L,1.1333333333333333,0.0,31.8,0.0,0.0,31.8,0.0,0.0,0.0,0.0,0.0,0.0,0.0,0.0,0.0,0.0,0.0,0.0,0.0,0.0,0.0,0.0,0.0,0,0,0.0,1,13222,1,13222,26002,22635,208,22635,15070,51,15070,13505,14344,13505,14058,22137,23286,19908,16469,12854,8263,8846,20257,17725,23200,12240,25228,2246,150,25259,1,1:08
2024-25,1641815,Isaiah Stevens,Isaiah,1610612748,MIA,Miami Heat,0022401092,2025-03-31T00:00:00,MIA @ WAS,W,1.8833333333333333,0.0,19.1,0.0,0.0,0.0,0.0,0.0,0.0,0.0,0.0,0.0,0.0,0.0,0.0,0.0,0.0,0.0,0.0,0.0,0.0,-19.1,0.0,0,0,0.0,1,1,13086,1,25524,22635,3648,22635,15070,20945,15070,13505,14344,13505,14058,22137,23286,19908,16469,12854,8263,8846,20257,17725,23200,21266,25228,2246,150,25259,1,1:53
2024-25,1641824,Matas Buzelis,Matas,1610612741,CHI,Chicago Bulls,0022401094,2025-03-31T00:00:00,CHI @ OKC,L,30.633333333333333,5.9,14.1,0.417,2.4,8.2,0.286,2.4,2.4,1.0,0.0,8.2,8.2,1.2,1.2,1.2,4.7,0.0,2.4,2.4,16.5,-25.9,44.5,0,0,40.0,1,13222,1,13222,7181,11874,10004,14532,8664,6046,11433,9448,11624,1,14058,4384,7899,19097,14622,10391,612,8846,13435,11541,11441,22994,5400,2246,150,6807,1,30:38
2024-25,1628365,Markelle Fultz,Markelle,1610612758,SAC,Sacramento Kings,0022401090,2025-03-31T00:00:00,SAC @ IND,L,5.2,6.9,6.9,1.0,0.0,0.0,0.0,0.0,0.0,0.0,0.0,6.9,6.9,0.0,0.0,6.9,0.0,0.0,0.0,0.0,13.8,0.0,42.9,0,0,34.6,1,13222,1,13222,23910,9119,21640,1,15070,20945,15070,13505,14344,13505,14058,6497,10283,19908,16469,313,8263,8846,20257,17725,14107,12240,6164,2246,150,10357,1,5:12
2024-25,1641708,Amen Thompson,Amen,1610612745,HOU,Houston Rockets,0022401096,2025-03-31T00:00:00,HOU @ LAL,L,33.965,8.5,14.8,0.571,1.1,3.2,0.333,3.2,4.2,0.75,2.1,3.2,5.3,4.2,2.1,2.1,2.1,1.1,3.2,3.2,21.2,-2.1,44.5,0,0,40.3,1,13222,1,13222,4299,5652,8843,6538,14198,17309,9209,7370,7337,8186,7887,16159,14041,9279,9909,5697,3148,7397,9953,8630,6927,14110,5415,2246,150,6629,1,33:58
2024-25,204001,Kristaps Porziņģis,Kristaps,1610612738,BOS,Boston Celtics,0022401093,2025-03-31T00:00:00,BOS @ MEM,W,33.733333333333334,7.5,14.9,0.5,3.2,5.3,0.6,2.1,3.2,0.667,3.2,2.1,5.3,5.3,3.2,0.0,0.0,1.1,2.1,5.3,20.3,30.9,31.5,0,0,34.2,1,1,13086,1,4498,7837,8699,8526,5954,12362,2992,10189,9521,9425,4940,19258,13949,6752,5814,12854,8263,7345,14434,3579,7681,1840,13684,2246,150,10736,1,33:44
2024-25,1642352,Keshad Johnson,Keshad,1610612748,MIA,Miami Heat,0022401092,2025-03-31T00:00:00,MIA @ WAS,W,1.8833333333333333,0.0,0.0,0.0,0.0,0.0,0.0,0.0,0.0,0.0,0.0,0.0,0.0,0.0,0.0,0.0,0.0,0.0,0.0,0.0,0.0,-19.1,0.0,0,0,0.0,1,1,13086,1,25524,22635,24836,22635,15070,20945,15070,13505,14344,13505,14058,22137,23286,19908,16469,12854,8263,8846,20257,17725,23200,21266,25228,2246,150,25259,1,1:53
2024-25,1631248,Baylor Scheierman,Baylor,1610612738,BOS,Boston Celtics,0022401093,2025-03-31T00:00:00,BOS @ MEM,W,6.066666666666666,0.0,0.0,0.0,0.0,0.0,0.0,0.0,0.0,0.0,0.0,0.0,0.0,0.0,0.0,0.0,0.0,0.0,0.0,0.0,0.0,-41.5,0.0,0,0,0.0,1,1,13086,1,23571,22635,24836,22635,15070,20945,15070,13505,14344,13505,14058,22137,23286,19908,16469,12854,8263,8846,20257,17725,23200,24938,25228,2246,150,25259,1,6:04
2024-25,1626179,Terry Rozier,Terry,1610612748,MIA,Miami Heat,0022401092,2025-03-31T00:00:00,MIA @ WAS,W,32.651666666666664,5.5,12.1,0.455,3.3,7.7,0.429,2.2,3.3,0.667,0.0,5.5,5.5,6.6,0.0,1.1,0.0,1.1,0.0,1.1,16.5,7.7,36.4,0,0,34.2,1,1,13086,1,5445,12955,13366,12676,5634,6963,7394,9930,9293,9425,14058,9496,13505,4554,16469,11001,8263,7025,20257,16896,11349,8760,10090,2246,150,10713,1,32:39
2024-25,1628963,Marvin Bagley III,Marvin,1610612763,MEM,Memphis Grizzlies,0022401093,2025-03-31T00:00:00,MEM vs. BOS,L,12.583333333333334,2.9,8.6,0.333,0.0,2.9,0.0,0.0,5.7,0.0,2.9,11.4,14.3,2.9,0.0,2.9,2.9,0.0,2.9,2.9,5.7,-37.2,44.3,0,0,34.3,1,13222,1,13222,20947,19748,19382,17395,15070,17936,15070,13505,4866,13505,5699,1672,2101,13410,16469,3511,1866,8846,11357,9723,21578,24633,5499,2246,150,10577,1,12:35
2024-25,1631216,Caleb Houstan,Caleb,1610612753,ORL,Orlando Magic,0022401091,2025-03-31T00:00:00,ORL vs. LAC,L,16.933333333333334,2.1,4.3,0.5,0.0,2.1,0.0,0.0,0.0,0.0,0.0,6.4,6.4,0.0,0.0,0.0,0.0,0.0,4.3,2.1,4.3,-19.1,11.9,0,0,10.6,1,13222,1,13222,18290,21196,23959,8526,15070,19317,15070,13505,14344,13505,14058,7545,11448,19908,16469,12854,8263,8846,6422,12504,22436,21283,24032,2246,150,24306,1,16:56
2024-25,202692,Alec Burks,Alec,1610612748,MIA,Miami Heat,0022401092,2025-03-31T00:00:00,MIA @ WAS,W,17.85,2.0,10.1,0.2,2.0,10.1,0.2,0.0,0.0,0.0,0.0,6.1,6.1,4.0,4.0,2.0,2.0,0.0,0.0,4.0,6.1,36.3,27.4,0,0,26.2,1,1,13086,1,17663,21380,16919,21401,10090,3399,13429,13505,14344,13505,14058,8223,12158,9853,3811,6173,3437,8846,20257,6224,21357,1261,16637,2246,150,16784,1,17:51
2024-25,1641798,Jaylen Martin,Jaylen,1610612764,WAS,Washington Wizards,0022401092,2025-03-31T00:00:00,WAS vs. MIA,L,17.876666666666665,4.0,8.1,0.5,0.0,4.0,0.0,0.0,0.0,0.0,0.0,8.1,8.1,2.0,4.0,4.0,0.0,0.0,6.0,0.0,8.1,-16.1,28.8,0,0,26.2,1,13222,1,13222,17648,17030,20172,8526,15070,15522,15070,13505,14344,13505,14058,4624,8165,16326,3832,1608,8263,8846,2888,17725,19873,20289,15647,2246,150,16813,1,17:53
2024-25,1642268,Isaiah Collier,Isaiah,1610612762,UTA,Utah Jazz,0022401089,2025-03-31T00:00:00,UTA @ CHA,L,32.46666666666667,6.7,12.2,0.545,0.0,3.3,0.0,5.5,6.7,0.833,0.0,2.2,2.2,7.8,4.4,3.3,1.1,0.0,1.1,3.3,18.9,-4.4,42.0,0,0,37.7,1,13222,1,13222,5579,9819,13268,7695,15070,17008,15070,3370,3711,7275,14058,19020,21377,3123,3094,2513,6732,8846,19052,8172,8995,15291,6601,2246,150,8225,1,32:28
2024-25,1641733,Nick Smith Jr.,Nick,1610612766,CHA,Charlotte Hornets,0022401089,2025-03-31T00:00:00,CHA vs. UTA,W,19.683333333333334,1.8,11.0,0.167,1.8,9.1,0.2,0.0,0.0,0.0,0.0,0.0,0.0,9.1,5.5,0.0,0.0,0.0,5.5,0.0,5.5,-20.1,13.7,0,0,16.5,1,1,13086,1,16273,21709,15405,21938,10952,4613,13429,13505,14344,13505,14058,22137,23286,1901,1821,12854,8263,8846,3719,17725,21743,21579,23571,2246,150,22525,1,19:41
2024-25,1629632,Coby White,Coby,1610612741,CHI,Chicago Bulls,0022401094,2025-03-31T00:00:00,CHI @ OKC,L,23.35,3.1,7.7,0.4,1.5,3.1,0.5,3.1,3.1,1.0,0.0,0.0,0.0,1.5,6.2,1.5,0.0,3.1,1.5,4.6,10.8,-60.1,11.6,0,0,17.0,1,13222,1,13222,13419,19246,20644,14933,11891,17483,3944,7588,9762,1,14058,22137,23286,17834,1287,8230,8263,1247,17077,4885,17381,25693,24122,2246,150,22326,1,23:21
2024-25,1630214,Xavier Tillman,Xavier,1610612738,BOS,Boston Celtics,0022401093,2025-03-31T00:00:00,BOS @ MEM,W,7.816666666666666,0.0,23.0,0.0,0.0,23.0,0.0,9.2,9.2,1.0,4.6,9.2,13.8,0.0,4.6,4.6,0.0,0.0,4.6,9.2,9.2,-27.6,35.0,0,0,32.2,1,1,13086,1,22880,22635,1373,22635,15070,143,15070,936,1759,1,2792,3295,2326,19908,2837,1142,8263,8846,5524,589,18891,23360,11053,2246,150,12171,1,7:49
2024-25,1627739,Kris Dunn,Kris,1610612746,LAC,LA Clippers,0022401091,2025-03-31T00:00:00,LAC @ ORL,W,26.366666666666667,2.7,8.2,0.333,2.7,6.8,0.4,0.0,0.0,0.0,1.4,2.7,4.1,2.7,4.1,2.7,1.4,0.0,4.1,0.0,8.2,-2.7,25.4,0,0,25.9,1,1,13086,1,10846,20021,19954,17395,7443,8835,7874,13505,14344,13505,10901,17602,17075,13818,3680,3848,5386,8846,6854,17725,19754,14421,18007,2246,150,16985,1,26:22
2024-25,1630174,Aaron Nesmith,Aaron,1610612754,IND,Indiana Pacers,0022401090,2025-03-31T00:00:00,IND vs. SAC,W,34.75666666666667,7.3,16.6,0.438,1.0,8.3,0.125,9.3,9.3,1.0,0.0,6.2,6.2,0.0,1.0,1.0,2.1,1.0,3.1,5.2,24.9,13.5,40.6,0,0,38.3,1,1,13086,1,3651,8336,6337,13558,14336,5938,14886,897,1699,1,14058,7868,11794,19908,15594,11629,3281,7614,10251,3806,4273,6212,7394,2246,150,7812,1,34:45
2024-25,1628991,Jaren Jackson Jr.,Jaren,1610612763,MEM,Memphis Grizzlies,0022401093,2025-03-31T00:00:00,MEM vs. BOS,L,32.733333333333334,8.8,17.6,0.5,3.3,6.6,0.5,1.1,2.2,0.5,0.0,16.5,16.5,1.1,0.0,0.0,1.1,0.0,2.2,2.2,22.0,3.3,46.7,1,0,45.1,1,13222,1,13222,5376,5084,5138,8526,5665,9323,3944,12912,12088,10625,14058,374,1269,19347,16469,12854,6786,8846,14092,12164,6218,10973,4431,1,150,4228,1,32:44
2024-25,202685,Jonas Valančiūnas,Jonas,1610612758,SAC,Sacramento Kings,0022401090,2025-03-31T00:00:00,SAC @ IND,L,8.15,4.4,8.8,0.5,0.0,0.0,0.0,0.0,0.0,0.0,4.4,8.8,13.3,4.4,4.4,0.0,0.0,0.0,0.0,0.0,8.8,17.7,26.9,0,0,26.5,1,13222,1,13222,22761,16017,18963,8526,15070,20945,15070,13505,14344,13505,3029,3682,2636,8837,3115,12854,8263,8846,20257,17725,19241,4683,16989,2246,150,16538,1,8:09
2024-25,1629652,Luguentz Dort,Luguentz,1610612760,OKC,Oklahoma City Thunder,0022401094,2025-03-31T00:00:00,OKC vs. CHI,W,25.866666666666667,5.6,9.7,0.571,4.2,7.0,0.6,0.0,0.0,0.0,0.0,4.2,4.2,0.0,0.0,1.4,0.0,1.4,4.2,0.0,15.3,34.8,24.5,0,0,26.4,1,1,13086,1,11270,12799,17487,6538,3623,8547,2992,13505,14344,13505,14058,13183,16868,19908,16469,8950,8263,5207,6625,17725,12613,1413,18617,2246,150,16585,1,25:52
2024-25,202695,Kawhi Leonard,Kawhi,1610612746,LAC,LA Clippers,0022401091,2025-03-31T00:00:00,LAC @ ORL,W,39.175,7.4,20.2,0.364,0.0,5.5,0.0,4.6,5.5,0.833,0.0,7.4,7.4,1.8,3.7,0.9,0.9,0.0,1.8,3.7,19.3,9.2,32.7,0,0,32.2,1,1,13086,1,824,8120,2818,16861,15070,11920,15070,4691,5173,7275,14058,5752,9474,16975,4615,12571,8009,8846,16001,7199,8555,8097,12791,2246,150,12252,1,39:11
2024-25,1629060,Rui Hachimura,Rui,1610612747,LAL,Los Angeles Lakers,0022401096,2025-03-31T00:00:00,LAL vs. HOU,W,30.798333333333332,3.5,11.7,0.3,1.2,7.0,0.167,0.0,0.0,0.0,0.0,2.3,2.3,0.0,0.0,2.3,0.0,1.2,1.2,0.0,8.2,0.0,18.0,0,0,16.4,1,1,13086,1,7051,18310,14141,19363,13541,8436,14236,13505,14344,13505,14058,18660,21124,19908,16469,4907,8263,6486,18723,17725,19762,12240,22090,2246,150,22560,1,30:48
2024-25,1629651,Nic Claxton,Nic,1610612751,BKN,Brooklyn Nets,0022401095,2025-03-31T00:00:00,BKN @ DAL,W,27.335,2.6,7.9,0.333,0.0,0.0,0.0,2.6,6.6,0.4,2.6,6.6,9.2,4.0,0.0,1.3,1.3,1.3,4.0,7.9,7.9,7.9,32.8,0,0,26.3,1,1,13086,1,10079,20213,20412,17395,15070,20945,15070,8729,3792,13061,6267,7140,6413,10068,16469,9368,5576,5569,7279,1071,19995,8684,12732,2246,150,16694,1,27:20
2024-25,1631131,Oscar Tshiebwe,Oscar,1610612762,UTA,Utah Jazz,0022401089,2025-03-31T00:00:00,UTA @ CHA,L,24.216666666666665,4.5,5.9,0.75,0.0,0.0,0.0,0.0,0.0,0.0,7.4,8.9,16.4,1.5,1.5,3.0,0.0,1.5,1.5,0.0,8.9,3.0,38.2,0,0,32.7,1,13222,1,13222,12715,15895,22660,2107,15070,20945,15070,13505,14344,13505,980,3595,1312,18029,12808,3215,8263,4824,17273,17725,19165,11137,8889,2246,150,11879,1,24:13
2024-25,1641718,Keyonte George,Keyonte,1610612762,UTA,Utah Jazz,0022401089,2025-03-31T00:00:00,UTA @ CHA,L,31.683333333333334,8.0,22.7,0.35,3.4,11.4,0.3,3.4,3.4,1.0,1.1,3.4,4.5,4.5,2.3,1.1,0.0,1.1,1.1,3.4,22.7,-2.3,36.1,0,0,37.5,1,13222,1,13222,6246,6727,1489,17337,5361,2208,11319,6884,9077,1,12219,15497,15940,8547,9202,10712,8263,6744,18886,7927,5685,14187,10279,2246,150,8367,1,31:41
2024-25,1629029,Luka Dončić,Luka,1610612747,LAL,Los Angeles Lakers,0022401096,2025-03-31T00:00:00,LAL vs. HOU,W,38.03333333333333,5.7,15.1,0.375,0.9,6.6,0.143,6.6,8.5,0.778,0.0,5.7,5.7,8.5,2.8,1.9,0.0,0.9,4.7,5.7,18.9,6.6,41.4,0,0,37.9,1,1,13086,1,1365,12482,8350,16299,14806,9261,14649,2296,2174,8092,14058,9092,13081,2408,7066,6799,8263,8367,5205,3062,8923,9321,6956,2246,150,8119,1,38:02
2024-25,1630583,Santi Aldama,Santi,1610612763,MEM,Memphis Grizzlies,0022401093,2025-03-31T00:00:00,MEM vs. BOS,L,35.49333333333333,8.1,18.3,0.444,3.0,12.2,0.25,2.0,2.0,1.0,1.0,7.1,8.1,4.1,4.1,1.0,0.0,0.0,1.0,1.0,21.3,-13.2,36.1,0,0,38.5,1,13222,1,13222,3082,6377,4401,13045,6366,1681,11902,10542,12643,1,13137,6176,8067,9783,3767,11820,8263,8846,19615,17337,6825,19190,10294,2246,150,7680,1,35:30
2024-25,1629610,DaQuan Jeffries,DaQuan,1610612766,CHA,Charlotte Hornets,0022401089,2025-03-31T00:00:00,CHA vs. UTA,W,17.816666666666666,8.1,14.1,0.571,4.0,10.1,0.4,0.0,0.0,0.0,0.0,8.1,8.1,2.0,0.0,0.0,2.0,0.0,2.0,0.0,20.2,-8.1,39.0,0,0,38.4,1,1,13086,1,17699,6461,9933,6538,3914,3374,7874,13505,14344,13505,14058,4589,8126,16295,16469,12854,3414,8846,15022,17725,7733,17012,8412,2246,150,7777,1,17:49
2024-25,1629630,Ja Morant,Ja,1610612763,MEM,Memphis Grizzlies,0022401093,2025-03-31T00:00:00,MEM vs. BOS,L,34.5,10.4,20.9,0.5,2.1,7.3,0.286,4.2,6.3,0.667,1.0,5.2,6.3,5.2,2.1,2.1,0.0,1.0,1.0,5.2,27.1,-6.3,46.6,0,0,44.9,1,13222,1,13222,3852,2775,2418,8526,9740,7811,11433,5389,4168,9425,12921,10237,11690,6997,10060,5846,8263,7541,19451,3752,3147,16192,4472,2246,150,4325,1,34:30
2024-25,1631165,Keon Ellis,Keon,1610612758,SAC,Sacramento Kings,0022401090,2025-03-31T00:00:00,SAC @ IND,L,27.093333333333334,4.0,5.3,0.75,2.7,4.0,0.667,1.3,2.7,0.5,0.0,4.0,4.0,5.3,0.0,1.3,0.0,0.0,2.7,1.3,12.0,-5.3,28.7,0,0,26.6,1,13222,1,13222,10279,17124,23247,2107,7660,15608,1957,12229,10843,10625,14058,13766,17348,6787,16469,9305,8263,8846,12212,15767,16187,15754,15713,2246,150,16485,1,27:06
2024-25,1630573,Sam Hauser,Sam,1610612738,BOS,Boston Celtics,0022401093,2025-03-31T00:00:00,BOS @ MEM,W,24.958333333333332,2.9,8.7,0.333,2.9,8.7,0.333,2.9,2.9,1.0,0.0,4.3,4.3,4.3,0.0,1.4,0.0,0.0,1.4,2.9,11.5,-2.9,27.5,0,0,26.0,1,1,13086,1,12046,19694,19268,17395,6921,5341,9209,8132,10272,1,14058,12727,16469,9061,16469,8682,8263,8846,17470,9643,16630,14505,16541,2246,150,16963,1,24:58
2024-25,203076,Anthony Davis,Anthony,1610612742,DAL,Dallas Mavericks,0022401095,2025-03-31T00:00:00,DAL vs. BKN,L,28.45,6.3,12.7,0.5,0.0,1.3,0.0,2.5,5.1,0.5,0.0,8.9,8.9,6.3,1.3,0.0,1.3,1.3,5.1,5.1,15.2,8.9,37.8,0,0,32.9,1,13222,1,13222,9165,10632,12478,8526,15070,20537,15070,8960,5809,10625,14058,3657,6942,4987,14000,12854,5821,5837,4468,3992,12724,8242,9134,2246,150,11731,1,28:27
2024-25,203935,Marcus Smart,Marcus,1610612764,WAS,Washington Wizards,0022401092,2025-03-31T00:00:00,WAS vs. MIA,L,20.166666666666668,1.8,8.9,0.2,0.0,1.8,0.0,3.6,7.1,0.5,0.0,1.8,1.8,3.6,1.8,1.8,0.0,0.0,3.6,8.9,7.1,-16.1,18.2,0,0,16.1,1,13222,1,13222,15891,21778,18836,21401,15070,19941,15070,6552,3232,10625,14058,20284,22180,11170,11619,7312,8263,8846,8523,685,20606,20272,21997,2246,150,22678,1,20:10
2024-25,1630224,Jalen Green,Jalen,1610612745,HOU,Houston Rockets,0022401096,2025-03-31T00:00:00,HOU @ LAL,L,30.88,4.7,15.2,0.308,1.2,4.7,0.25,0.0,0.0,0.0,0.0,10.5,10.5,5.8,2.3,1.2,1.2,1.2,1.2,0.0,10.5,-12.8,36.5,0,0,32.6,1,13222,1,13222,6975,15331,8330,19226,13559,14051,11902,13505,14344,13505,14058,2235,4914,5799,8941,10462,6391,6514,18735,17725,17669,19063,10039,2246,150,11912,1,30:53
2024-25,1641767,Ben Sheppard,Ben,1610612754,IND,Indiana Pacers,0022401090,2025-03-31T00:00:00,IND vs. SAC,W,14.443333333333333,0.0,5.0,0.0,0.0,5.0,0.0,0.0,0.0,0.0,2.5,5.0,7.5,5.0,2.5,2.5,0.0,0.0,0.0,2.5,0.0,10.0,21.4,0,0,17.4,1,1,13086,1,19926,22635,23475,22635,15070,13236,15070,13505,14344,13505,6630,10922,9212,7501,8278,4401,8263,8846,20257,11017,23200,7708,20453,2246,150,22100,1,14:27
2024-25,1630182,Josh Green,Josh,1610612766,CHA,Charlotte Hornets,0022401089,2025-03-31T00:00:00,CHA vs. UTA,W,25.666666666666668,5.6,7.0,0.8,4.2,4.2,1.0,4.2,5.6,0.75,1.4,1.4,2.8,4.2,1.4,0.0,0.0,1.4,4.2,2.8,19.6,11.2,27.9,0,0,30.9,1,1,13086,1,11427,12673,21543,1688,3546,15101,1,5334,5033,8186,10736,21074,20243,9369,13270,12854,8263,5168,6529,9949,8217,7127,16292,2246,150,13293,1,25:40
2024-25,1628396,Tony Bradley,Tony,1610612754,IND,Indiana Pacers,0022401090,2025-03-31T00:00:00,IND vs. SAC,W,7.776666666666666,9.3,9.3,1.0,0.0,0.0,0.0,0.0,0.0,0.0,0.0,13.9,13.9,0.0,0.0,0.0,4.6,0.0,9.3,0.0,18.5,-46.3,49.1,0,0,41.7,1,1,13086,1,22899,4275,18327,1,15070,20945,15070,13505,14344,13505,14058,785,2287,19908,16469,12854,640,8846,885,17725,9308,25241,3604,2246,150,5815,1,7:47
2024-25,1630169,Tyrese Haliburton,Tyrese,1610612754,IND,Indiana Pacers,0022401090,2025-03-31T00:00:00,IND vs. SAC,W,33.405,7.5,14.0,0.538,2.2,4.3,0.5,2.2,2.2,1.0,1.1,1.1,2.2,11.9,5.4,0.0,0.0,1.1,1.1,5.4,19.4,-5.4,34.4,1,0,35.6,1,1,13086,1,4811,7655,10161,7978,9423,14892,3944,10104,12233,1,12657,21810,21507,752,1914,12854,8263,7250,19231,3497,8472,15781,11531,1,150,9684,1,33:24
2024-25,1642276,Kel'el Ware,Kel'el,1610612748,MIA,Miami Heat,0022401092,2025-03-31T00:00:00,MIA @ WAS,W,22.183333333333334,4.9,9.7,0.5,0.0,0.0,0.0,0.0,0.0,0.0,1.6,16.2,17.9,0.0,6.5,0.0,0.0,0.0,6.5,0.0,9.7,38.9,24.7,0,0,27.6,1,1,13086,1,14357,14747,17498,8526,15070,20945,15070,13505,14344,13505,9831,410,933,19908,1134,12854,8263,8846,2408,17725,18409,1048,18512,2246,150,15726,1,22:11
2024-25,1630172,Patrick Williams,Patrick,1610612741,CHI,Chicago Bulls,0022401094,2025-03-31T00:00:00,CHI @ OKC,L,29.39666666666667,7.3,13.5,0.545,4.9,9.8,0.5,0.0,0.0,0.0,0.0,2.4,2.4,3.7,2.4,0.0,0.0,1.2,1.2,0.0,19.6,-39.2,25.6,0,0,30.6,1,13222,1,13222,8320,8127,11053,7695,2407,3729,3944,13505,14344,13505,14058,18327,20898,10867,8456,12854,8263,6098,18405,17725,8269,24785,17882,2246,150,13464,1,29:24
2024-25,1630692,Jordan Goodwin,Jordan,1610612747,LAL,Los Angeles Lakers,0022401096,2025-03-31T00:00:00,LAL vs. HOU,W,11.666666666666666,6.2,15.4,0.4,0.0,6.2,0.0,0.0,0.0,0.0,3.1,3.1,6.2,3.1,3.1,0.0,0.0,0.0,3.1,0.0,12.3,-12.3,21.3,0,0,21.6,1,1,13086,1,21428,11041,7915,14933,15070,10258,15070,13505,14344,13505,5160,16448,11883,12646,6166,12854,8263,8846,10325,17725,15764,18877,20539,2246,150,19892,1,11:40
2024-25,1631099,Keegan Murray,Keegan,1610612758,SAC,Sacramento Kings,0022401090,2025-03-31T00:00:00,SAC @ IND,L,35.68333333333333,5.0,11.1,0.455,2.0,5.0,0.4,0.0,0.0,0.0,0.0,7.1,7.1,0.0,0.0,1.0,2.0,0.0,5.0,0.0,12.1,6.1,29.7,0,0,27.2,1,13222,1,13222,2917,14254,15195,12676,10084,13094,7874,13505,14344,13505,14058,6255,10033,19908,16469,11875,3430,8846,4519,17725,16029,9590,15047,2246,150,15990,1,35:41
2024-25,203552,Seth Curry,Seth,1610612766,CHA,Charlotte Hornets,0022401089,2025-03-31T00:00:00,CHA vs. UTA,W,25.95,2.8,12.5,0.222,1.4,9.7,0.143,2.8,2.8,1.0,0.0,2.8,2.8,6.9,2.8,0.0,0.0,0.0,0.0,2.8,9.7,9.7,20.7,0,0,20.8,1,1,13086,1,11194,19931,12745,21205,12492,3835,14649,8400,10546,1,14058,17488,20308,4088,7312,12854,8263,8846,20257,10057,18437,7833,20861,2246,150,20397,1,25:57
2024-25,1629614,Andrew Nembhard,Andrew,1610612754,IND,Indiana Pacers,0022401090,2025-03-31T00:00:00,IND vs. SAC,W,31.416666666666668,2.3,9.2,0.25,1.1,5.7,0.2,0.0,0.0,0.0,0.0,8.0,8.0,2.3,1.1,1.1,1.1,0.0,3.4,1.1,5.7,-4.6,24.5,0,0,21.8,1,1,13086,1,6487,20870,18462,20233,13672,11381,13429,13505,14344,13505,14058,4675,8234,15266,14824,10625,6512,8846,8941,16672,21574,15362,18592,2246,150,19804,1,31:25
2024-25,1630570,Trendon Watford,Trendon,1610612751,BKN,Brooklyn Nets,0022401095,2025-03-31T00:00:00,BKN @ DAL,W,24.233333333333334,3.0,10.4,0.286,3.0,5.9,0.5,0.0,0.0,0.0,0.0,7.4,7.4,1.5,3.0,0.0,0.0,1.5,3.0,0.0,8.9,10.4,17.1,0,0,20.8,1,1,13086,1,12695,19487,16389,19630,6617,10834,3944,13505,14344,13505,14058,5626,9305,18037,6586,12854,8263,4828,10843,17725,19169,7511,22451,2246,150,20410,1,24:14
2024-25,1642354,KJ Simpson,KJ,1610612766,CHA,Charlotte Hornets,0022401089,2025-03-31T00:00:00,CHA vs. UTA,W,32.0,4.5,14.6,0.308,2.3,9.0,0.25,0.0,0.0,0.0,2.3,6.8,9.0,6.8,2.3,2.3,1.1,0.0,2.3,3.4,11.3,15.8,40.1,0,0,36.0,1,1,13086,1,5961,15777,9169,19226,9044,4827,11902,13505,14344,13505,7419,6787,6730,4349,9307,5217,6636,8846,13879,8031,16948,5339,7734,2246,150,9360,1,32:00
2024-25,1631119,Jaylin Williams,Jaylin,1610612760,OKC,Oklahoma City Thunder,0022401094,2025-03-31T00:00:00,OKC vs. CHI,W,10.45,0.0,10.3,0.0,0.0,6.9,0.0,0.0,0.0,0.0,6.9,0.0,6.9,6.9,3.4,3.4,3.4,0.0,10.3,0.0,0.0,17.2,35.8,0,0,27.6,1,1,13086,1,21938,22635,16487,22635,15070,8692,15070,13505,14344,13505,1183,22137,10339,4149,5137,2313,1269,8846,637,17725,23200,4831,10488,2246,150,15750,1,10:27
2024-25,1641721,Maxwell Lewis,Maxwell,1610612751,BKN,Brooklyn Nets,0022401095,2025-03-31T00:00:00,BKN @ DAL,W,17.65,4.1,12.2,0.333,4.1,10.2,0.4,4.1,4.1,1.0,2.0,4.1,6.1,4.1,0.0,0.0,0.0,0.0,0.0,2.0,16.3,-24.5,29.8,0,0,30.6,1,1,13086,1,17819,16895,13190,17395,3831,3279,7874,5559,7670,1,8206,13480,11995,9706,16469,12854,8263,8846,20257,12876,11580,22689,14956,2246,150,13486,1,17:39
2024-25,1629312,Haywood Highsmith,Haywood,1610612748,MIA,Miami Heat,0022401092,2025-03-31T00:00:00,MIA @ WAS,W,20.548333333333332,1.8,7.0,0.25,0.0,3.5,0.0,0.0,1.8,0.0,5.3,7.0,12.3,1.8,1.8,1.8,0.0,0.0,7.0,1.8,3.5,10.5,24.4,0,0,21.0,1,1,13086,1,15614,21827,21551,20233,15070,16643,15070,13505,13245,13505,2132,6345,3296,17222,11727,7432,8263,8846,1973,14106,22775,7464,18711,2246,150,20265,1,20:33
2024-25,1631096,Chet Holmgren,Chet,1610612760,OKC,Oklahoma City Thunder,0022401094,2025-03-31T00:00:00,OKC vs. CHI,W,25.516666666666666,2.8,9.9,0.286,1.4,2.8,0.5,0.0,0.0,0.0,0.0,8.5,8.5,4.2,4.2,0.0,0.0,4.2,2.8,0.0,7.1,28.2,19.3,0,0,21.2,1,1,13086,1,11578,19834,17296,19630,12399,18013,3944,13505,14344,13505,14058,4093,7523,9300,3439,12854,8263,572,11540,17725,20679,2228,21484,2246,150,20181,1,25:31
2024-25,1628369,Jayson Tatum,Jayson,1610612738,BOS,Boston Celtics,0022401093,2025-03-31T00:00:00,BOS @ MEM,W,38.38333333333333,9.4,22.5,0.417,1.9,10.3,0.182,2.8,2.8,1.0,1.9,11.3,13.1,1.9,3.8,0.0,0.9,0.0,0.0,0.9,23.4,8.4,41.1,1,0,42.2,1,1,13086,1,1170,4067,1580,14532,10740,3139,14207,8317,10458,1,8918,1775,2720,16835,4436,12854,7906,8846,20257,17585,5168,8420,7128,1,150,5546,1,38:23
2024-25,1630578,Alperen Sengun,Alperen,1610612745,HOU,Houston Rockets,0022401096,2025-03-31T00:00:00,HOU @ LAL,L,34.65,5.2,11.4,0.455,0.0,0.0,0.0,4.2,4.2,1.0,2.1,5.2,7.3,6.2,2.1,0.0,1.0,1.0,4.2,4.2,14.5,-2.1,33.7,0,0,30.1,1,13222,1,13222,3736,13837,14607,12676,15070,20945,15070,5430,7514,1,8044,10292,9618,5103,10110,12854,7200,7588,6681,5941,13355,14089,12063,2246,150,13848,1,34:39
2024-25,1630592,Jalen Wilson,Jalen,1610612751,BKN,Brooklyn Nets,0022401095,2025-03-31T00:00:00,BKN @ DAL,W,28.651666666666667,5.0,13.8,0.364,2.5,7.5,0.333,2.5,2.5,1.0,0.0,5.0,5.0,5.0,1.3,1.3,0.0,0.0,3.8,3.8,15.1,13.8,31.2,0,0,30.2,1,1,13086,1,8971,14306,10460,16861,8103,7307,9209,9009,11175,1,14058,10808,14738,7399,14063,9755,8263,8846,7841,6940,12827,6073,13936,2246,150,13832,1,28:39
2024-25,1631095,Jabari Smith Jr.,Jabari,1610612745,HOU,Houston Rockets,0022401096,2025-03-31T00:00:00,HOU @ LAL,L,27.316666666666666,7.9,13.2,0.6,4.0,7.9,0.5,0.0,0.0,0.0,2.6,11.9,14.5,1.3,2.6,1.3,0.0,0.0,4.0,1.3,19.8,2.6,40.5,1,0,42.2,1,13222,1,13222,10084,6837,11520,5394,4091,6616,3944,13505,14344,13505,6261,1435,1993,18603,7752,9360,8263,8846,7269,15818,8103,11303,7486,1,150,5561,1,27:19
2024-25,1629020,Jarred Vanderbilt,Jarred,1610612747,LAL,Los Angeles Lakers,0022401096,2025-03-31T00:00:00,LAL vs. HOU,W,9.55,3.8,22.6,0.167,0.0,0.0,0.0,0.0,0.0,0.0,15.1,7.5,22.6,0.0,0.0,0.0,0.0,7.5,3.8,3.8,7.5,-15.1,34.7,0,0,30.2,1,1,13086,1,22263,17647,1539,21938,15070,20945,15070,13505,14344,13505,131,5428,287,19908,16469,12854,8263,126,7837,6935,20285,19937,11311,2246,150,13829,1,9:33
2024-25,204456,T.J. McConnell,T.J.,1610612754,IND,Indiana Pacers,0022401090,2025-03-31T00:00:00,IND vs. SAC,W,21.283333333333335,6.8,10.1,0.667,0.0,0.0,0.0,0.0,0.0,0.0,0.0,3.4,3.4,6.8,1.7,1.7,0.0,0.0,0.0,1.7,13.5,15.2,31.1,0,0,27.1,1,1,13086,1,15078,9515,16824,3281,15070,20945,15070,13505,14344,13505,14058,15569,18811,4332,11955,7642,8263,8846,20257,14302,14465,5532,13974,2246,150,16110,1,21:17
2024-25,203937,Kyle Anderson,Kyle,1610612748,MIA,Miami Heat,0022401092,2025-03-31T00:00:00,MIA @ WAS,W,23.85,6.0,9.1,0.667,1.5,1.5,1.0,1.5,3.0,0.5,1.5,4.5,6.0,4.5,3.0,1.5,0.0,0.0,6.0,3.0,15.1,21.1,30.6,0,0,30.2,1,1,13086,1,13031,11409,18629,3281,11994,20257,1,11776,9928,10625,10276,12179,12193,8574,6399,8370,8263,8846,2893,9167,12812,3667,14317,2246,150,13809,1,23:51
2024-25,202709,Cory Joseph,Cory,1610612753,ORL,Orlando Magic,0022401091,2025-03-31T00:00:00,ORL vs. LAC,L,28.633333333333333,2.5,8.8,0.286,2.5,2.5,1.0,5.0,6.3,0.8,1.3,5.0,6.3,3.8,2.5,2.5,0.0,1.3,1.3,2.5,12.6,6.3,30.8,0,0,30.2,1,13222,1,13222,8997,20439,19021,19630,8094,18596,1,3990,4147,7681,11436,10795,11642,10581,8181,4338,8263,5888,18232,10932,15521,9476,14201,2246,150,13818,1,28:38
2024-25,202691,Klay Thompson,Klay,1610612742,DAL,Dallas Mavericks,0022401095,2025-03-31T00:00:00,DAL vs. BKN,L,27.501666666666665,6.5,20.9,0.313,3.9,15.7,0.25,0.0,0.0,0.0,1.3,2.6,3.9,5.2,0.0,1.3,1.3,1.3,0.0,0.0,17.0,-6.5,37.4,0,0,35.3,1,13222,1,13222,9942,10086,2375,19175,4149,568,11902,13505,14344,13505,11158,17906,17501,6971,16469,9415,5612,5609,20257,17725,10831,16308,9387,2246,150,9845,1,27:30
2024-25,1630202,Payton Pritchard,Payton,1610612738,BOS,Boston Celtics,0022401093,2025-03-31T00:00:00,BOS @ MEM,W,25.583333333333332,2.8,8.4,0.333,1.4,7.0,0.2,0.0,0.0,0.0,2.8,5.6,8.4,1.4,1.4,1.4,0.0,0.0,4.2,1.4,7.0,-8.4,22.1,0,0,21.1,1,1,13086,1,11499,19842,19581,17395,12423,8382,13429,13505,14344,13505,5828,9232,7562,18325,13240,8859,8263,8846,6494,15418,20696,17154,20088,2246,150,20210,1,25:35
2024-25,1630533,Ziaire Williams,Ziaire,1610612751,BKN,Brooklyn Nets,0022401095,2025-03-31T00:00:00,BKN @ DAL,W,25.316666666666666,5.7,11.4,0.5,2.8,8.5,0.333,1.4,2.8,0.5,0.0,2.8,2.8,0.0,0.0,0.0,0.0,0.0,1.4,1.4,15.6,4.3,19.1,0,0,21.3,1,1,13086,1,11729,12456,14705,8526,7070,5526,9209,11976,10377,10625,14058,17258,20133,19908,16469,12854,8263,8846,17533,15357,12272,10508,21614,2246,150,20084,1,25:19
2024-25,1630528,Josh Christopher,Josh,1610612748,MIA,Miami Heat,0022401092,2025-03-31T00:00:00,MIA @ WAS,W,1.8833333333333333,0.0,0.0,0.0,0.0,0.0,0.0,0.0,0.0,0.0,0.0,19.1,19.1,0.0,0.0,0.0,0.0,0.0,0.0,0.0,0.0,-19.1,22.9,0,0,19.1,1,1,13086,1,25524,22635,24836,22635,15070,20945,15070,13505,14344,13505,14058,199,666,19908,16469,12854,8263,8846,20257,17725,23200,21266,19595,2246,150,21333,1,1:53
2024-25,1629048,Goga Bitadze,Goga,1610612753,ORL,Orlando Magic,0022401091,2025-03-31T00:00:00,ORL vs. LAC,L,13.061666666666667,0.0,0.0,0.0,0.0,0.0,0.0,0.0,0.0,0.0,2.8,0.0,2.8,2.8,0.0,0.0,0.0,0.0,0.0,5.5,0.0,-19.3,7.4,0,0,5.5,1,13222,1,13222,20714,22635,24836,22635,15070,20945,15070,13505,14344,13505,5964,22137,20343,13729,16469,12854,8263,8846,20257,3323,23200,21342,24763,2246,150,25053,1,13:04
2024-25,1627832,Fred VanVleet,Fred,1610612745,HOU,Houston Rockets,0022401096,2025-03-31T00:00:00,HOU @ LAL,L,39.55,1.8,12.7,0.143,0.9,6.4,0.143,1.8,2.7,0.667,0.0,3.6,3.6,8.2,0.9,0.0,0.0,1.8,2.7,0.9,6.4,-2.7,22.1,0,0,19.1,1,13222,1,13222,707,21720,12305,22260,14927,9815,14649,11192,10666,9425,14058,14816,18222,2700,16319,12854,8263,3834,11910,17641,21142,14421,20071,2246,150,21333,1,39:33
2024-25,201959,Taj Gibson,Taj,1610612766,CHA,Charlotte Hornets,0022401089,2025-03-31T00:00:00,CHA vs. UTA,W,5.283333333333333,0.0,0.0,0.0,0.0,0.0,0.0,0.0,0.0,0.0,0.0,0.0,0.0,6.8,0.0,0.0,0.0,0.0,0.0,0.0,0.0,-27.3,10.2,0,0,6.8,1,1,13086,1,23869,22635,24836,22635,15070,20945,15070,13505,14344,13505,14058,22137,23286,4268,16469,12854,8263,8846,20257,17725,23200,23289,24378,2246,150,24914,1,5:17
2024-25,1628380,Zach Collins,Zach,1610612741,CHI,Chicago Bulls,0022401094,2025-03-31T00:00:00,CHI @ OKC,L,15.0,2.4,4.8,0.5,0.0,2.4,0.0,0.0,0.0,0.0,4.8,4.8,9.6,9.6,2.4,0.0,0.0,0.0,7.2,4.8,4.8,-38.4,28.3,0,0,24.0,1,13222,1,13222,19560,20666,23605,8526,15070,18805,15070,13505,14344,13505,2562,11436,5919,1640,8654,12854,8263,8846,1826,4500,22130,24736,15975,2246,150,18317,1,15:00
2024-25,1641783,Tristan da Silva,Tristan,1610612753,ORL,Orlando Magic,0022401091,2025-03-31T00:00:00,ORL vs. LAC,L,3.5,0.0,0.0,0.0,0.0,0.0,0.0,0.0,0.0,0.0,0.0,0.0,0.0,0.0,0.0,0.0,0.0,0.0,0.0,0.0,0.0,-20.6,0.0,0,0,0.0,1,13222,1,13222,24704,22635,24836,22635,15070,20945,15070,13505,14344,13505,14058,22137,23286,19908,16469,12854,8263,8846,20257,17725,23200,21717,25228,2246,150,25259,1,3:30
2024-25,1631207,Dalen Terry,Dalen,1610612741,CHI,Chicago Bulls,0022401094,2025-03-31T00:00:00,CHI @ OKC,L,22.986666666666668,1.6,6.3,0.25,0.0,3.1,0.0,3.1,3.1,1.0,0.0,4.7,4.7,3.1,1.6,4.7,0.0,0.0,3.1,3.1,6.3,0.0,29.1,0,0,23.5,1,13222,1,13222,13734,22085,22362,20233,15070,17397,15070,7469,9641,1,14058,11710,15572,12531,12480,1089,8263,8846,10159,8777,21202,12240,15405,2246,150,18679,1,22:59
2024-25,1628371,Jonathan Isaac,Jonathan,1610612753,ORL,Orlando Magic,0022401091,2025-03-31T00:00:00,ORL vs. LAC,L,9.963333333333333,0.0,0.0,0.0,0.0,0.0,0.0,0.0,0.0,0.0,3.6,7.2,10.8,0.0,0.0,0.0,3.6,0.0,0.0,0.0,0.0,-14.5,23.8,0,0,18.1,1,13222,1,13222,22120,22635,24836,22635,15070,20945,15070,13505,14344,13505,4193,5952,4560,19908,16469,12854,1137,8846,20257,17725,23200,19686,19060,2246,150,21832,1,9:58
2024-25,203992,Bogdan Bogdanović,Bogdan,1610612746,LAC,LA Clippers,0022401091,2025-03-31T00:00:00,LAC @ ORL,W,20.016666666666666,1.8,10.8,0.167,1.8,9.0,0.2,3.6,3.6,1.0,0.0,3.6,3.6,0.0,1.8,0.0,1.8,0.0,3.6,3.6,9.0,12.6,16.9,0,0,18.0,1,1,13086,1,16001,21760,15712,21938,11083,4850,13429,6492,8692,1,14058,14939,18334,19908,11561,12854,4064,8846,8436,7396,19093,6569,22526,2246,150,21876,1,20:01
2024-25,1629637,Jaxson Hayes,Jaxson,1610612747,LAL,Los Angeles Lakers,0022401096,2025-03-31T00:00:00,LAL vs. HOU,W,14.133333333333333,2.5,5.1,0.5,0.0,0.0,0.0,2.5,2.5,1.0,2.5,5.1,7.6,2.5,5.1,0.0,0.0,0.0,5.1,5.1,7.6,-22.9,15.5,0,0,17.8,1,1,13086,1,20122,20373,23392,8526,15070,20945,15070,8923,11089,1,6476,10585,8893,14371,2227,12854,8263,8846,4387,3928,20205,22313,23015,2246,150,21942,1,14:08
2024-25,203914,Gary Harris,Gary,1610612753,ORL,Orlando Magic,0022401091,2025-03-31T00:00:00,ORL vs. LAC,L,8.521666666666667,0.0,0.0,0.0,0.0,0.0,0.0,0.0,0.0,0.0,0.0,4.2,4.2,4.2,0.0,0.0,0.0,0.0,8.4,0.0,0.0,4.2,11.4,0,0,8.4,1,13222,1,13222,22623,22635,24836,22635,15070,20945,15070,13505,14344,13505,14058,13047,16752,9330,16469,12854,8263,8846,1159,17725,23200,10530,24153,2246,150,24694,1,8:31
2024-25,1631217,Moussa Diabaté,Moussa,1610612766,CHA,Charlotte Hornets,0022401089,2025-03-31T00:00:00,CHA vs. UTA,W,8.966666666666667,8.0,8.0,1.0,0.0,0.0,0.0,0.0,8.0,0.0,0.0,8.0,8.0,0.0,8.0,0.0,0.0,0.0,0.0,8.0,16.1,-36.1,17.7,0,0,24.1,1,1,13086,1,22465,6574,20209,1,15070,20945,15070,13505,2502,13505,14058,4662,8219,19908,579,12854,8263,8846,20257,995,11866,24535,22229,2246,150,18265,1,8:58
2024-25,1627783,Pascal Siakam,Pascal,1610612754,IND,Indiana Pacers,0022401090,2025-03-31T00:00:00,IND vs. SAC,W,31.533333333333335,4.6,17.1,0.267,1.1,4.6,0.25,2.3,2.3,1.0,2.3,1.1,3.4,6.8,1.1,0.0,0.0,0.0,0.0,3.4,12.6,0.0,25.8,0,0,24.0,1,1,13086,1,6391,15576,5670,20170,13696,14273,11902,9677,11831,1,7296,21651,18715,4209,14851,12854,8263,8846,20257,7877,15535,12240,17746,2246,150,18344,1,31:32
2024-25,1627827,Dorian Finney-Smith,Dorian,1610612747,LAL,Los Angeles Lakers,0022401096,2025-03-31T00:00:00,LAL vs. HOU,W,31.7,6.8,14.8,0.462,6.8,12.5,0.545,2.3,2.3,1.0,1.1,5.7,6.8,3.4,1.1,2.3,3.4,1.1,2.3,2.3,22.7,18.2,51.9,0,0,51.1,1,1,13086,1,6233,9387,8968,12428,836,1527,3863,9722,11872,1,12223,9097,10497,11669,14905,5145,1301,6749,13770,11859,5694,4498,2727,2246,150,2252,1,31:42
2024-25,1629659,Talen Horton-Tucker,Talen,1610612741,CHI,Chicago Bulls,0022401094,2025-03-31T00:00:00,CHI @ OKC,L,16.283333333333335,13.3,22.1,0.6,2.2,8.8,0.25,6.6,11.1,0.6,2.2,2.2,4.4,4.4,2.2,2.2,0.0,2.2,2.2,6.6,35.4,26.5,51.7,0,0,50.8,1,13222,1,13222,18734,915,1772,5394,9195,5037,11902,2292,1008,10343,7555,19039,16236,8827,9467,5355,8263,2618,14046,1958,918,2515,2772,2246,150,2303,1,16:17
2024-25,1629655,Daniel Gafford,Daniel,1610612742,DAL,Dallas Mavericks,0022401095,2025-03-31T00:00:00,DAL vs. BKN,L,18.833333333333332,13.4,17.2,0.778,0.0,0.0,0.0,5.7,11.5,0.5,9.6,3.8,13.4,3.8,1.9,0.0,0.0,0.0,3.8,7.6,32.5,-11.5,52.4,0,0,49.7,1,13222,1,13222,16944,882,5574,1994,15070,20945,15070,3157,897,10625,459,14253,2561,10438,10982,12854,8263,8846,7666,1229,1417,18520,2625,2246,150,2612,1,18:50
2024-25,201143,Al Horford,Al,1610612738,BOS,Boston Celtics,0022401093,2025-03-31T00:00:00,BOS @ MEM,W,36.891666666666666,8.8,17.6,0.5,5.9,12.7,0.462,2.0,2.0,1.0,2.0,5.9,7.8,2.0,1.0,0.0,0.0,0.0,2.0,1.0,25.4,12.7,36.7,0,0,41.0,1,1,13086,1,2065,5115,5180,8526,1429,1436,7119,10800,12855,1,8613,8655,8605,16555,15992,12854,8263,8846,15400,17470,4014,6525,9895,2246,150,6210,1,36:54
2024-25,1630188,Jalen Smith,Jalen,1610612741,CHI,Chicago Bulls,0022401094,2025-03-31T00:00:00,CHI @ OKC,L,17.5,8.2,18.5,0.444,0.0,8.2,0.0,4.1,4.1,1.0,2.1,10.3,12.3,2.1,2.1,0.0,4.1,0.0,4.1,4.1,20.6,16.5,48.8,0,0,43.2,1,13222,1,13222,17920,6146,4204,13045,15070,6036,15070,5503,7599,1,8126,2361,3235,16161,10225,12854,857,8846,6785,6017,7422,5088,3716,2246,150,5037,1,17:30
2024-25,1628983,Shai Gilgeous-Alexander,Shai,1610612760,OKC,Oklahoma City Thunder,0022401094,2025-03-31T00:00:00,OKC vs. CHI,W,27.266666666666666,11.9,18.5,0.643,2.6,2.6,1.0,9.2,9.2,1.0,0.0,0.0,0.0,15.8,2.6,0.0,2.6,0.0,0.0,6.6,35.6,38.3,64.7,1,0,59.4,1,1,13086,1,10130,1597,4230,4607,7709,18374,1,929,1744,1,14058,22137,23286,225,7727,12854,2162,8846,20257,1987,887,1095,721,1,150,880,1,27:16
2024-25,1629216,Gabe Vincent,Gabe,1610612747,LAL,Los Angeles Lakers,0022401096,2025-03-31T00:00:00,LAL vs. HOU,W,23.56833333333333,9.2,21.4,0.429,9.2,19.9,0.462,3.1,3.1,1.0,3.1,3.1,6.1,1.5,0.0,1.5,1.5,0.0,1.5,1.5,30.5,12.2,49.3,0,0,53.5,1,1,13086,1,13256,4416,2111,13735,278,242,7119,7660,9832,1,5223,16538,12034,17881,16469,8288,4756,8846,17124,14890,1913,6705,3491,2246,150,1718,1,23:34
2024-25,1627826,Ivica Zubac,Ivica,1610612746,LAC,LA Clippers,0022401091,2025-03-31T00:00:00,LAC @ ORL,W,37.905,6.6,9.5,0.7,0.0,0.0,0.0,3.8,4.7,0.8,8.5,10.4,19.0,4.7,0.9,0.0,0.0,0.0,1.9,3.8,17.1,9.5,46.1,1,0,40.8,1,1,13086,1,1441,9827,17956,3045,15070,20945,15070,6087,6402,7681,652,2266,699,8056,16151,12854,8263,8846,15678,6854,10745,7944,4721,1,150,6300,1,37:54
2024-25,202696,Nikola Vučević,Nikola,1610612741,CHI,Chicago Bulls,0022401094,2025-03-31T00:00:00,CHI @ OKC,L,21.0,8.6,20.6,0.417,1.7,8.6,0.2,0.0,0.0,0.0,1.7,12.0,13.7,3.4,5.1,0.0,1.7,0.0,1.7,0.0,18.9,-41.1,40.5,0,0,41.1,1,13222,1,13222,15296,5483,2591,14532,11357,5458,13429,13505,14344,13505,9524,1347,2375,11607,2179,12854,4259,8846,16483,17725,8988,24918,7488,2246,150,6110,1,21:00
2024-25,1626156,D'Angelo Russell,D'Angelo,1610612751,BKN,Brooklyn Nets,0022401095,2025-03-31T00:00:00,BKN @ DAL,W,31.33,5.7,11.5,0.5,4.6,8.0,0.571,4.6,5.7,0.8,1.1,4.6,5.7,12.6,1.1,2.3,1.1,0.0,1.1,4.6,20.7,4.6,55.7,1,0,50.6,1,1,13086,1,6587,12277,14489,8526,2898,6378,3506,4687,4820,7681,12112,11990,12913,596,14802,5045,6494,8846,18822,4952,7330,10340,1855,1,150,2375,1,31:20
2024-25,1628970,Miles Bridges,Miles,1610612766,CHA,Charlotte Hornets,0022401089,2025-03-31T00:00:00,CHA vs. UTA,W,34.56666666666667,11.5,17.7,0.647,3.1,6.2,0.5,1.0,1.0,1.0,3.1,7.3,10.4,8.3,4.2,1.0,1.0,0.0,1.0,0.0,27.1,17.7,54.2,1,0,53.1,1,1,13086,1,3807,1900,5016,4571,6152,10079,3944,13107,14147,1,5087,5843,4992,2576,3555,11573,7185,8846,19463,17725,3174,4667,2167,1,150,1785,1,34:34
2024-25,1630198,Isaiah Joe,Isaiah,1610612760,OKC,Oklahoma City Thunder,0022401094,2025-03-31T00:00:00,OKC vs. CHI,W,24.116666666666667,14.9,25.4,0.588,11.9,20.9,0.571,4.5,4.5,1.0,0.0,3.0,3.0,1.5,1.5,1.5,0.0,0.0,0.0,3.0,46.3,20.9,55.1,0,0,65.7,1,1,13086,1,12787,503,753,6229,134,204,3506,4870,6881,1,14058,16785,19780,18010,12781,8443,8263,8846,20257,9314,221,3725,1973,2246,150,453,1,24:07
2024-25,1629673,Jordan Poole,Jordan,1610612764,WAS,Washington Wizards,0022401092,2025-03-31T00:00:00,WAS vs. MIA,L,29.016666666666666,12.4,21.1,0.588,8.7,16.1,0.538,9.9,11.2,0.889,0.0,3.7,3.7,5.0,2.5,2.5,0.0,0.0,2.5,8.7,43.4,-22.3,60.3,0,0,65.8,1,13222,1,13222,8656,1294,2287,6229,335,512,3915,718,977,6857,14058,14560,18013,7547,8327,4434,8263,8846,12874,757,299,22173,1157,2246,150,452,1,29:01
2024-25,1641729,Brice Sensabaugh,Brice,1610612762,UTA,Utah Jazz,0022401089,2025-03-31T00:00:00,UTA @ CHA,L,26.35,8.2,15.0,0.545,6.8,13.7,0.5,2.7,2.7,1.0,0.0,1.4,1.4,6.8,0.0,4.1,0.0,0.0,5.5,2.7,26.0,-4.1,50.1,0,0,49.2,1,13222,1,13222,10858,6213,8565,7695,828,1035,3944,8502,10658,1,14058,21156,22740,4250,16469,1539,8263,8846,3756,10220,3706,15119,3232,2246,150,2771,1,26:21
2024-25,1630167,Obi Toppin,Obi,1610612754,IND,Indiana Pacers,0022401090,2025-03-31T00:00:00,IND vs. SAC,W,21.69,11.6,18.3,0.636,8.3,13.3,0.625,0.0,0.0,0.0,1.7,10.0,11.6,0.0,1.7,0.0,0.0,0.0,5.0,0.0,31.5,16.6,43.8,0,0,51.5,1,1,13086,1,14764,1797,4400,4689,399,1174,2868,13505,14344,13505,9718,2617,3830,19908,12095,12854,8263,8846,4660,17725,1631,5042,5761,2246,150,2159,1,21:41
2024-25,1630553,Keon Johnson,Keon,1610612751,BKN,Brooklyn Nets,0022401095,2025-03-31T00:00:00,BKN @ DAL,W,28.5,12.6,24.0,0.526,2.5,10.1,0.25,2.5,2.5,1.0,0.0,3.8,3.8,3.8,2.5,1.3,0.0,1.3,5.1,2.5,30.3,12.6,41.8,0,0,42.9,1,1,13086,1,9119,1179,1050,8379,8054,3370,11902,8969,11140,1,14058,14352,17851,10522,8127,9693,8263,5852,4487,10886,1977,6548,6722,2246,150,5173,1,28:30
2024-25,1631114,Jalen Williams,Jalen,1610612760,OKC,Oklahoma City Thunder,0022401094,2025-03-31T00:00:00,OKC vs. CHI,W,24.766666666666666,13.1,21.8,0.6,5.8,10.2,0.571,1.5,4.4,0.333,1.5,4.4,5.8,4.4,4.4,2.9,0.0,0.0,0.0,4.4,33.4,20.3,51.3,0,0,55.2,1,1,13086,1,12199,998,1901,5394,1466,3305,3506,11901,7090,13132,10522,12620,12735,8981,3206,3387,8263,8846,20257,5447,1232,3854,2894,2246,150,1427,1,24:46
2024-25,201935,James Harden,James,1610612746,LAC,LA Clippers,0022401091,2025-03-31T00:00:00,LAC @ ORL,W,39.78333333333333,7.2,17.2,0.421,0.9,5.4,0.167,2.7,3.6,0.75,0.0,2.7,2.7,4.5,4.5,6.3,0.9,1.8,1.8,3.6,18.1,1.8,45.3,0,0,40.7,1,1,13086,1,623,8363,5582,14442,14948,12141,14236,8540,8647,8186,14058,17655,20414,8588,2961,407,8071,3871,16132,7334,9738,11732,5020,2246,150,6373,1,39:47
2024-25,1628389,Bam Adebayo,Bam,1610612748,MIA,Miami Heat,0022401092,2025-03-31T00:00:00,MIA @ WAS,W,30.933333333333334,12.8,22.1,0.579,2.3,5.8,0.4,4.7,8.1,0.571,3.5,10.5,14.0,5.8,1.2,1.2,1.2,1.2,1.2,7.0,32.6,16.3,63.9,1,0,59.4,1,1,13086,1,6932,1107,1771,6486,8750,11159,7874,4586,2411,10536,4387,2248,2254,5818,14700,10473,6398,6526,18739,1670,1402,5143,792,1,150,882,1,30:56
2024-25,201950,Jrue Holiday,Jrue,1610612738,BOS,Boston Celtics,0022401093,2025-03-31T00:00:00,BOS @ MEM,W,30.85,5.8,11.7,0.5,4.7,7.0,0.667,4.7,4.7,1.0,1.2,7.0,8.2,8.2,1.2,1.2,0.0,2.3,0.0,2.3,21.0,24.5,45.4,0,0,44.3,1,1,13086,1,6992,12009,14183,8526,2783,8467,1957,4562,6547,1,12013,6357,7979,2725,14681,10453,8263,2361,20257,11614,7073,2918,4994,2246,150,4534,1,30:51
2024-25,1628975,Jevon Carter,Jevon,1610612741,CHI,Chicago Bulls,0022401094,2025-03-31T00:00:00,CHI @ OKC,L,18.383333333333333,11.7,27.4,0.429,9.8,21.5,0.455,0.0,0.0,0.0,2.0,2.0,3.9,5.9,0.0,0.0,0.0,0.0,2.0,0.0,33.3,5.9,46.8,0,0,52.9,1,13222,1,13222,17292,1691,450,13735,225,189,7148,13505,14344,13505,8582,19799,17526,5714,16469,12854,8263,8846,15363,17725,1269,9675,4398,2246,150,1832,1,18:23
2024-25,1641717,Cason Wallace,Cason,1610612760,OKC,Oklahoma City Thunder,0022401094,2025-03-31T00:00:00,OKC vs. CHI,W,27.116666666666667,4.0,8.0,0.5,2.7,5.3,0.5,2.7,2.7,1.0,1.3,2.7,4.0,10.6,0.0,4.0,1.3,0.0,0.0,1.3,13.3,17.3,49.9,0,0,41.2,1,1,13086,1,10256,17134,20318,8526,7670,12439,3944,8674,10848,1,11063,17801,17355,1157,16469,1655,5527,8846,20257,15772,14780,4821,3292,2246,150,6108,1,27:07
2024-25,1641794,Dillon Jones,Dillon,1610612760,OKC,Oklahoma City Thunder,0022401094,2025-03-31T00:00:00,OKC vs. CHI,W,7.866666666666666,9.2,13.7,0.667,0.0,0.0,0.0,4.6,9.2,0.5,4.6,13.7,18.3,9.2,4.6,0.0,0.0,0.0,4.6,4.6,22.9,-4.6,54.0,0,0,50.3,1,1,13086,1,22856,4432,10600,3281,15070,20945,15070,4722,1792,10625,2833,817,829,1895,2885,12854,8263,8846,5599,4990,5570,15356,2199,2246,150,2437,1,7:52
2024-25,1630578,Alperen Sengun,Alperen,1610612745,HOU,Houston Rockets,0022401088,2025-03-30T00:00:00,HOU @ PHX,W,26.338333333333335,8.2,15.0,0.545,0.0,0.0,0.0,5.5,9.6,0.571,1.4,10.9,12.3,4.1,1.4,1.4,1.4,1.4,4.1,10.9,21.9,41.0,49.6,0,0,43.7,1,1,13086,1,10875,6205,8551,7695,15070,20945,15070,3451,1563,10536,10895,1937,3269,9662,13475,9101,5380,5325,6838,283,6310,907,3381,2246,150,4811,1,26:20
2024-25,1631115,Orlando Robinson,Orlando,1610612761,TOR,Toronto Raptors,0022401087,2025-03-30T00:00:00,TOR @ PHI,W,22.883333333333333,7.9,11.0,0.714,1.6,1.6,1.0,3.1,3.1,1.0,3.1,3.1,6.3,6.3,0.0,1.6,1.6,1.6,3.1,1.6,20.5,28.3,46.9,0,0,40.9,1,1,13086,1,13803,6922,15339,2752,11777,20203,1,7446,9619,1,5050,16281,11626,5036,16469,8096,4628,4513,10110,14716,7546,2208,4355,2246,150,6267,1,22:53
2024-25,1642258,Zaccharie Risacher,Zaccharie,1610612737,ATL,Atlanta Hawks,0022401083,2025-03-30T00:00:00,ATL @ MIL,W,34.516666666666666,12.5,21.9,0.571,5.2,11.5,0.455,7.3,9.4,0.778,4.2,2.1,6.3,0.0,1.0,1.0,0.0,0.0,3.1,4.2,37.5,19.8,47.1,0,0,51.1,1,1,13086,1,3842,1233,1865,6538,2037,2124,7148,1802,1667,8092,3333,19400,11695,19908,15536,11558,8263,8846,10172,5900,651,4008,4263,2246,150,2251,1,34:31
2024-25,1631103,Malaki Branham,Malaki,1610612759,SAS,San Antonio Spurs,0022401086,2025-03-30T00:00:00,SAS vs. GSW,L,12.87,11.2,22.4,0.5,2.8,8.4,0.333,11.2,11.2,1.0,0.0,2.8,2.8,8.4,2.8,0.0,0.0,0.0,5.6,5.6,36.4,-8.4,49.5,0,0,50.3,1,13222,1,13222,20813,2111,1643,8526,7224,5764,9209,450,975,1,14058,17407,20261,2520,7230,12854,8263,8846,3561,3203,769,17134,3415,2246,150,2435,1,12:52
2024-25,1628415,Dillon Brooks,Dillon,1610612745,HOU,Houston Rockets,0022401088,2025-03-30T00:00:00,HOU @ PHX,W,11.433333333333334,9.4,22.0,0.429,6.3,9.4,0.667,0.0,0.0,0.0,0.0,3.1,3.1,3.1,0.0,3.1,3.1,0.0,3.1,3.1,25.2,3.1,52.6,0,0,50.4,1,1,13086,1,21515,3957,1806,13735,1115,4191,1957,13505,14344,13505,14058,16263,19373,12480,16469,2837,1522,8846,10095,8739,4132,11041,2564,2246,150,2426,1,11:26
2024-25,1630700,Dyson Daniels,Dyson,1610612737,ATL,Atlanta Hawks,0022401083,2025-03-30T00:00:00,ATL @ MIL,W,33.56666666666667,10.7,16.1,0.667,0.0,3.2,0.0,2.1,2.1,1.0,3.2,6.4,9.7,6.4,2.1,5.4,0.0,0.0,4.3,1.1,23.6,22.5,58.8,0,0,50.4,1,1,13086,1,4670,2483,6993,3281,15070,17236,15070,10148,12274,1,4907,7437,5869,4805,9750,708,8263,8846,6314,17047,5061,3363,1368,2246,150,2417,1,33:34
2024-25,1628386,Jarrett Allen,Jarrett,1610612739,CLE,Cleveland Cavaliers,0022401081,2025-03-30T00:00:00,CLE vs. LAC,W,31.231666666666666,12.7,13.8,0.917,0.0,0.0,0.0,3.5,6.9,0.5,3.5,10.4,13.8,3.5,0.0,2.3,0.0,1.2,1.2,5.8,28.8,0.0,57.5,1,0,50.7,1,1,13086,1,6679,1161,10445,1287,15070,20945,15070,6781,3459,10625,4440,2307,2316,11527,16469,5015,8263,6614,18799,2952,2478,12240,1553,1,150,2336,1,31:14
2024-25,203486,Mason Plumlee,Mason,1610612756,PHX,Phoenix Suns,0022401088,2025-03-30T00:00:00,PHX vs. HOU,L,12.0,9.0,9.0,1.0,0.0,0.0,0.0,9.0,9.0,1.0,6.0,12.0,18.0,9.0,6.0,3.0,3.0,0.0,3.0,9.0,27.0,0.0,74.1,0,0,66.0,1,13222,1,13222,21228,4700,18708,1,15070,20945,15070,1001,1865,1,1612,1347,898,2013,1378,3139,1691,8846,10710,653,3208,12240,314,2246,150,442,1,12:00
2024-25,1631232,Keion Brooks Jr.,Keion,1610612740,NOP,New Orleans Pelicans,0022401085,2025-03-30T00:00:00,NOP vs. CHA,W,26.25,9.6,16.5,0.583,1.4,5.5,0.25,2.7,2.7,1.0,4.1,6.9,11.0,2.7,1.4,2.7,4.1,1.4,4.1,4.1,23.3,11.0,59.8,0,0,52.1,1,1,13086,1,10949,3722,6478,6296,12555,11987,11902,8479,10631,1,3419,6610,4432,13778,13454,3821,857,5302,6785,6017,5276,7251,1216,2246,150,2010,1,26:15
2024-25,1631218,Trayce Jackson-Davis,Trayce,1610612744,GSW,Golden State Warriors,0022401086,2025-03-30T00:00:00,GSW @ SAS,W,9.333333333333334,15.4,27.0,0.571,0.0,3.9,0.0,0.0,11.6,0.0,11.6,0.0,11.6,7.7,3.9,0.0,0.0,3.9,3.9,7.7,30.9,38.6,52.5,0,0,50.1,1,1,13086,1,22339,427,499,6538,15070,15885,15070,13505,876,13505,270,22137,3875,3171,4173,12854,8263,704,7586,1186,1820,1076,2599,2246,150,2494,1,9:20
2024-25,202710,Jimmy Butler III,Jimmy,1610612744,GSW,Golden State Warriors,0022401086,2025-03-30T00:00:00,GSW @ SAS,W,23.53,6.1,7.6,0.8,1.5,3.1,0.5,6.1,6.1,1.0,1.5,3.1,4.6,12.2,6.1,6.1,0.0,0.0,0.0,3.1,19.9,39.8,56.0,0,0,50.5,1,1,13086,1,13294,11162,20714,1688,11925,17532,3944,2758,4322,1,10190,16521,15831,668,1310,441,8263,8846,20257,9032,8005,993,1807,2246,150,2397,1,23:32
2024-25,1628978,Donte DiVincenzo,Donte,1610612750,MIN,Minnesota Timberwolves,0022401084,2025-03-30T00:00:00,MIN vs. DET,W,9.616666666666667,7.5,15.0,0.5,7.5,11.2,0.667,0.0,0.0,0.0,0.0,11.2,11.2,11.2,3.7,3.7,7.5,0.0,3.7,7.5,22.5,7.5,82.7,0,0,74.9,1,1,13086,1,22237,7792,8649,8526,595,2304,1957,13505,14344,13505,14058,1785,4213,927,4449,1915,171,8846,7930,1330,5876,8883,159,2246,150,234,1,9:37
2024-25,1628378,Donovan Mitchell,Donovan,1610612739,CLE,Cleveland Cavaliers,0022401081,2025-03-30T00:00:00,CLE vs. LAC,W,36.6,8.9,18.7,0.474,2.0,8.9,0.222,3.9,3.9,1.0,1.0,10.8,11.8,6.9,2.0,3.9,0.0,1.0,2.0,3.0,23.6,14.8,57.9,1,0,52.1,1,1,13086,1,2279,4963,4034,12072,10308,5015,13288,5819,7980,1,13389,2003,3670,4159,10676,1704,8263,8059,15315,9422,5055,5720,1482,1,150,2006,1,36:36
2024-25,1629645,Kevin Porter Jr.,Kevin,1610612749,MIL,Milwaukee Bucks,0022401083,2025-03-30T00:00:00,MIL vs. ATL,L,22.85,12.6,18.9,0.667,4.7,7.9,0.6,14.2,14.2,1.0,1.6,4.7,6.3,7.9,3.2,1.6,0.0,0.0,6.3,7.9,44.1,3.2,65.1,0,0,66.2,1,13222,1,13222,13831,1193,3835,3281,2688,6661,2992,201,430,1,10021,11631,11601,3020,5980,8083,8263,8846,2601,1079,279,11040,694,2246,150,432,1,22:51
2024-25,1626172,Kevon Looney,Kevon,1610612744,GSW,Golden State Warriors,0022401086,2025-03-30T00:00:00,GSW @ SAS,W,13.1,8.2,13.7,0.6,2.7,2.7,1.0,2.7,2.7,1.0,2.7,16.5,19.2,2.7,0.0,0.0,2.7,0.0,2.7,8.2,22.0,76.9,57.4,0,0,52.2,1,1,13086,1,20693,6096,10585,5394,7380,18163,1,8458,10610,1,5979,375,638,13753,16469,12854,2019,8846,11846,910,6232,191,1567,2246,150,1994,1,13:06
2024-25,1628420,Monté Morris,Monté,1610612756,PHX,Phoenix Suns,0022401088,2025-03-30T00:00:00,PHX vs. HOU,L,9.7,14.8,22.3,0.667,7.4,7.4,1.0,0.0,0.0,0.0,0.0,7.4,7.4,7.4,3.7,3.7,0.0,3.7,0.0,0.0,37.1,-14.8,64.6,0,0,66.8,1,13222,1,13222,22215,516,1686,3281,620,7554,1,13505,14344,13505,14058,5637,9314,3484,4532,1950,8263,793,20257,17725,682,19843,733,2246,150,402,1,9:42
2024-25,203994,Jusuf Nurkić,Jusuf,1610612766,CHA,Charlotte Hornets,0022401085,2025-03-30T00:00:00,CHA @ NOP,L,21.983333333333334,6.6,16.4,0.4,3.3,6.6,0.5,4.9,6.6,0.75,6.6,13.1,19.7,8.2,3.3,1.6,4.9,0.0,3.3,4.9,21.3,18.0,73.5,1,0,65.5,1,13222,1,13222,14516,10058,6575,14933,5740,9429,3944,4168,3830,8186,1351,979,581,2709,5580,7859,539,8846,9543,4269,6836,4556,321,1,150,462,1,21:59
2024-25,1642263,Reed Sheppard,Reed,1610612745,HOU,Houston Rockets,0022401088,2025-03-30T00:00:00,HOU @ PHX,W,12.0,6.0,9.0,0.667,6.0,9.0,0.667,0.0,0.0,0.0,0.0,6.0,6.0,9.0,3.0,6.0,0.0,0.0,6.0,0.0,18.0,0.0,53.7,0,0,51.0,1,1,13086,1,21228,11500,18708,3281,1297,4827,1957,13505,14344,13505,14058,8311,12271,2013,6468,465,8263,8846,2940,17725,9827,12240,2274,2246,150,2271,1,12:00
2024-25,1628970,Miles Bridges,Miles,1610612766,CHA,Charlotte Hornets,0022401085,2025-03-30T00:00:00,CHA @ NOP,L,22.133333333333333,11.4,26.0,0.438,1.6,9.8,0.167,8.1,9.8,0.833,1.6,8.1,9.8,3.3,1.6,1.6,0.0,4.9,1.6,6.5,32.5,6.5,52.4,0,0,50.4,1,13222,1,13222,14393,1953,642,13558,11610,3772,14236,1346,1479,7275,9822,4513,5728,12138,12231,7898,8263,389,16795,2079,1408,9375,2626,2246,150,2414,1,22:08
2024-25,1631169,Josh Minott,Josh,1610612750,MIN,Minnesota Timberwolves,0022401084,2025-03-30T00:00:00,MIN vs. DET,W,2.216666666666667,32.5,32.5,1.0,16.2,16.2,1.0,0.0,0.0,0.0,0.0,0.0,0.0,0.0,0.0,0.0,0.0,0.0,0.0,0.0,81.2,-16.2,81.2,0,0,97.4,1,1,13086,1,25342,22,181,1,54,490,1,13505,14344,13505,14058,22137,23286,19908,16469,12854,8263,8846,20257,17725,29,20334,175,2246,150,64,1,2:13
2024-25,1627777,Georges Niang,Georges,1610612737,ATL,Atlanta Hawks,0022401083,2025-03-30T00:00:00,ATL @ MIL,W,14.8,14.6,26.8,0.545,9.7,19.5,0.5,2.4,2.4,1.0,0.0,2.4,2.4,2.4,2.4,0.0,0.0,0.0,4.9,4.9,41.4,4.9,45.5,0,0,55.9,1,1,13086,1,19704,564,531,7695,228,261,3944,9231,11378,1,14058,18380,20926,14763,8516,12854,8263,8846,4910,4359,381,10179,4943,2246,150,1319,1,14:48
2024-25,1642450,Daniss Jenkins,Daniss,1610612765,DET,Detroit Pistons,0022401084,2025-03-30T00:00:00,DET @ MIN,L,2.216666666666667,32.5,32.5,1.0,16.2,16.2,1.0,0.0,0.0,0.0,0.0,0.0,0.0,0.0,0.0,0.0,0.0,0.0,0.0,0.0,81.2,16.2,81.2,0,0,97.4,1,13222,1,13222,25342,22,181,1,54,490,1,13505,14344,13505,14058,22137,23286,19908,16469,12854,8263,8846,20257,17725,29,5160,175,2246,150,64,1,2:13
2024-25,1629111,Jock Landale,Jock,1610612745,HOU,Houston Rockets,0022401088,2025-03-30T00:00:00,HOU @ PHX,W,15.9,11.3,15.8,0.714,2.3,4.5,0.5,0.0,2.3,0.0,0.0,2.3,2.3,4.5,2.3,4.5,0.0,0.0,9.1,2.3,24.9,9.1,45.7,0,0,43.0,1,1,13086,1,18998,1989,7346,2752,8991,14359,3944,13505,11888,13505,14058,18873,21283,8574,9241,1208,8263,8846,947,11880,4255,8150,4848,2246,150,5131,1,15:54
2024-25,1627741,Buddy Hield,Buddy,1610612744,GSW,Golden State Warriors,0022401086,2025-03-30T00:00:00,GSW @ SAS,W,24.566666666666666,11.7,17.6,0.667,4.4,8.8,0.5,0.0,0.0,0.0,1.5,5.9,7.3,5.9,0.0,4.4,0.0,0.0,1.5,0.0,27.8,44.0,58.6,0,0,54.2,1,1,13086,1,12410,1710,5150,3281,3243,5122,3944,13505,14344,13505,10458,8638,9516,5741,16469,1306,8263,8846,17368,17725,2841,745,1393,2246,150,1586,1,24:34
2024-25,1630224,Jalen Green,Jalen,1610612745,HOU,Houston Rockets,0022401088,2025-03-30T00:00:00,HOU @ PHX,W,27.0,12.0,22.7,0.529,5.3,6.7,0.8,14.7,17.3,0.846,0.0,2.7,2.7,2.7,2.7,1.3,0.0,1.3,0.0,9.3,44.0,28.0,52.5,0,0,57.3,1,1,13086,1,10332,1516,1512,8281,1915,9170,1389,185,212,7255,14058,17774,20513,13995,7631,9282,8263,5482,20257,560,285,2270,2583,2246,150,1128,1,27:00
2024-25,1629006,Josh Okogie,Josh,1610612766,CHA,Charlotte Hornets,0022401085,2025-03-30T00:00:00,CHA @ NOP,L,10.516666666666667,3.4,13.7,0.25,0.0,6.8,0.0,13.7,13.7,1.0,0.0,6.8,6.8,3.4,3.4,6.8,0.0,0.0,3.4,6.8,20.5,27.4,51.0,0,0,44.5,1,13222,1,13222,21908,18488,10668,20233,15070,8787,15070,224,501,1,14058,6625,10435,11623,5178,328,8263,8846,8988,1783,7457,2361,2988,2246,150,4472,1,10:31
2024-25,1626164,Devin Booker,Devin,1610612756,PHX,Phoenix Suns,0022401088,2025-03-30T00:00:00,PHX vs. HOU,L,30.6,14.1,20.0,0.706,1.2,4.7,0.25,3.5,4.7,0.75,1.2,2.4,3.5,3.5,4.7,0.0,0.0,0.0,4.7,4.7,32.9,-30.6,37.8,0,0,41.2,1,13222,1,13222,7219,675,2966,3027,13495,13937,11902,6645,6468,8186,11948,18611,18491,11312,2707,12854,8263,8846,5262,4704,1337,23825,9184,2246,150,6094,1,30:36
2024-25,1629628,RJ Barrett,RJ,1610612761,TOR,Toronto Raptors,0022401087,2025-03-30T00:00:00,TOR @ PHI,W,28.516666666666666,15.1,27.8,0.545,5.0,8.8,0.571,3.8,10.1,0.375,3.8,2.5,6.3,6.3,3.8,0.0,0.0,3.8,3.8,5.0,39.1,24.0,52.4,0,0,56.8,1,1,13086,1,9103,463,416,7695,2210,5046,3506,6110,1328,13124,3904,18118,11579,5002,4355,12854,8263,740,7779,4016,506,3029,2620,2246,150,1187,1,28:31
2024-25,1641715,Cam Whitmore,Cam,1610612745,HOU,Houston Rockets,0022401088,2025-03-30T00:00:00,HOU @ PHX,W,12.805,16.9,28.1,0.6,2.8,5.6,0.5,0.0,0.0,0.0,2.8,2.8,5.6,5.6,2.8,2.8,0.0,0.0,0.0,0.0,36.5,0.0,57.4,0,0,56.2,1,1,13086,1,20837,286,388,5394,7178,11652,3944,13505,14344,13505,5834,17363,13232,6204,7174,3656,8263,8846,20257,17725,745,12240,1577,2246,150,1266,1,12:48
2024-25,203507,Giannis Antetokounmpo,Giannis,1610612749,MIL,Milwaukee Bucks,0022401083,2025-03-30T00:00:00,MIL vs. ATL,L,30.433333333333334,13.0,21.3,0.611,0.0,1.2,0.0,10.6,16.6,0.643,1.2,9.5,10.6,5.9,5.9,1.2,0.0,1.2,3.5,9.5,36.7,-21.3,56.0,0,0,55.6,1,13222,1,13222,7377,1029,2160,5351,15070,20643,15070,540,239,10250,11909,3057,4768,5649,1442,10323,8263,6387,8607,532,732,21909,1816,2246,150,1376,1,30:26
2024-25,1630568,Luka Garza,Luka,1610612750,MIN,Minnesota Timberwolves,0022401084,2025-03-30T00:00:00,MIN vs. DET,W,2.3,15.7,15.7,1.0,0.0,0.0,0.0,31.3,31.3,1.0,0.0,0.0,0.0,15.7,0.0,0.0,0.0,0.0,15.7,0.0,62.6,15.7,86.1,0,0,78.3,1,1,13086,1,25316,395,7604,1,15070,20945,15070,27,48,1,14058,22137,23286,239,16469,12854,8263,8846,220,17725,72,5367,124,2246,150,182,1,2:18
2024-25,1630541,Moses Moody,Moses,1610612744,GSW,Golden State Warriors,0022401086,2025-03-30T00:00:00,GSW @ SAS,W,24.55,10.3,16.1,0.636,4.4,8.8,0.5,4.4,5.9,0.75,0.0,4.4,4.4,4.4,2.9,4.4,1.5,0.0,2.9,4.4,29.3,30.8,55.9,0,0,54.3,1,1,13086,1,12423,2948,6925,4689,3231,5108,3944,4991,4661,8186,14058,12524,16282,8884,6708,1302,4970,8846,11016,5347,2332,1861,1827,2246,150,1580,1,24:33
2024-25,203497,Rudy Gobert,Rudy,1610612750,MIN,Minnesota Timberwolves,0022401084,2025-03-30T00:00:00,MIN vs. DET,W,38.211666666666666,7.5,15.1,0.5,0.0,0.0,0.0,2.8,3.8,0.75,9.4,14.1,23.6,0.0,0.9,0.0,0.9,0.0,2.8,5.7,17.9,17.0,48.0,1,0,43.3,1,1,13086,1,1269,7675,8477,8526,15070,20945,15070,8272,8327,8186,485,734,244,19908,16188,12854,7881,8846,11520,3117,9934,4923,3959,1,150,4980,1,38:13
2024-25,1641764,Brandin Podziemski,Brandin,1610612744,GSW,Golden State Warriors,0022401086,2025-03-30T00:00:00,GSW @ SAS,W,26.916666666666668,12.0,18.7,0.643,9.4,12.0,0.778,2.7,2.7,1.0,1.3,6.7,8.0,6.7,2.7,1.3,0.0,0.0,0.0,4.0,36.1,29.4,57.1,0,0,62.9,1,1,13086,1,10399,1499,4006,4607,262,1759,1530,8632,10800,1,11029,6911,8227,4447,7604,9257,8263,8846,20257,6276,809,2047,1616,2246,150,587,1,26:55
2024-25,1641842,Ronald Holland II,Ronald,1610612765,DET,Detroit Pistons,0022401084,2025-03-30T00:00:00,DET @ MIN,L,7.366666666666666,4.9,19.5,0.25,0.0,0.0,0.0,9.8,9.8,1.0,0.0,9.8,9.8,4.9,0.0,4.9,0.0,14.7,9.8,4.9,19.5,-4.9,53.3,0,0,44.0,1,13222,1,13222,23041,14701,3306,20233,15070,20945,15070,758,1470,1,14058,2744,5708,7711,16469,969,8263,29,749,4320,8312,15519,2384,2246,150,4697,1,7:22
2024-25,1630762,Phillip Wheeler,Phillip,1610612755,PHI,Philadelphia 76ers,0022401087,2025-03-30T00:00:00,PHI vs. TOR,L,12.766666666666667,2.8,11.3,0.25,0.0,2.8,0.0,5.6,5.6,1.0,0.0,2.8,2.8,0.0,0.0,2.8,5.6,0.0,0.0,2.8,11.3,-2.8,40.0,0,0,31.0,1,13222,1,13222,20855,19836,14867,20233,15070,18018,15070,3260,4983,1,14058,17334,20198,19908,16469,3638,374,8846,20257,9891,16911,14468,7740,2246,150,13145,1,12:46
2024-25,1630322,Lindy Waters III,Lindy,1610612765,DET,Detroit Pistons,0022401084,2025-03-30T00:00:00,DET @ MIN,L,13.333333333333334,0.0,5.4,0.0,0.0,2.7,0.0,0.0,0.0,0.0,8.1,2.7,10.8,2.7,0.0,0.0,0.0,0.0,0.0,2.7,0.0,-37.8,17.0,0,0,13.5,1,13222,1,13222,20575,22635,23178,22635,15070,18262,15070,13505,14344,13505,752,17699,4594,13907,16469,12854,8263,8846,20257,10316,23200,24677,22482,2246,150,23554,1,13:20
2024-25,1630249,Vít Krejčí,Vít,1610612737,ATL,Atlanta Hawks,0022401083,2025-03-30T00:00:00,ATL @ MIL,W,15.783333333333333,2.3,4.6,0.5,2.3,4.6,0.5,0.0,0.0,0.0,0.0,4.6,4.6,0.0,0.0,0.0,0.0,0.0,2.3,0.0,6.8,6.8,12.3,0,0,13.7,1,1,13086,1,19079,20887,23766,8526,8919,14290,3944,13505,14344,13505,14058,12095,15896,19908,16469,12854,8263,8846,13717,17725,20832,9211,23944,2246,150,23508,1,15:47
2024-25,1626145,Tyus Jones,Tyus,1610612756,PHX,Phoenix Suns,0022401088,2025-03-30T00:00:00,PHX vs. HOU,L,14.866666666666667,4.8,21.8,0.222,2.4,12.1,0.2,0.0,0.0,0.0,0.0,2.4,2.4,7.3,2.4,0.0,0.0,2.4,0.0,2.4,12.1,-26.6,23.5,0,0,24.2,1,13222,1,13222,19657,14826,1906,21205,8410,1728,13429,13505,14344,13505,14058,18422,20961,3671,8566,12854,8263,2174,20257,11262,16025,23161,19270,2246,150,18196,1,14:52
2024-25,1630173,Precious Achiuwa,Precious,1610612752,NYK,New York Knicks,0022401082,2025-03-30T00:00:00,NYK vs. POR,W,10.911666666666667,16.5,19.8,0.833,0.0,0.0,0.0,0.0,6.6,0.0,0.0,6.6,6.6,0.0,6.6,0.0,0.0,0.0,0.0,3.3,33.0,-6.6,34.3,0,0,39.6,1,1,13086,1,21751,315,3119,1514,15070,20945,15070,13505,3775,13505,14058,7114,10956,19908,1082,12854,8263,8846,20257,8256,1323,16335,11583,2246,150,7019,1,10:55
2024-25,1631230,Dominick Barlow,Dominick,1610612737,ATL,Atlanta Hawks,0022401083,2025-03-30T00:00:00,ATL @ MIL,W,17.5,4.1,4.1,1.0,2.1,2.1,1.0,6.2,8.2,0.75,4.1,0.0,4.1,2.1,0.0,2.1,0.0,0.0,10.3,4.1,16.5,0.0,30.7,0,0,28.8,1,1,13086,1,17920,16810,24041,1,9883,19443,1,2707,2367,8186,3419,22137,17033,16161,16469,5973,8263,8846,643,6017,11434,12240,14309,2246,150,14855,1,17:30
2024-25,201959,Taj Gibson,Taj,1610612766,CHA,Charlotte Hornets,0022401085,2025-03-30T00:00:00,CHA @ NOP,L,14.8,4.9,9.7,0.5,0.0,0.0,0.0,0.0,0.0,0.0,0.0,2.4,2.4,0.0,2.4,2.4,7.3,0.0,2.4,0.0,9.7,-9.7,39.4,0,0,31.6,1,13222,1,13222,19704,14759,17510,8526,15070,20945,15070,13505,14344,13505,14058,18380,20926,19908,8516,4580,184,8846,13060,17725,18415,17770,8125,2246,150,12688,1,14:48
2024-25,1631255,Karlo Matković,Karlo,1610612740,NOP,New Orleans Pelicans,0022401085,2025-03-30T00:00:00,NOP vs. CHA,W,23.2,6.2,14.0,0.444,0.0,6.2,0.0,3.1,3.1,1.0,1.6,6.2,7.8,4.7,0.0,0.0,1.6,1.6,3.1,4.7,15.5,17.1,36.5,0,0,31.0,1,1,13086,1,13550,10957,10219,13045,15070,10184,15070,7538,9715,1,10113,7878,8702,8288,16469,12854,4703,4584,10262,4817,12402,4884,10051,2246,150,13129,1,23:12
2024-25,1627884,Derrick Jones Jr.,Derrick,1610612746,LAC,LA Clippers,0022401081,2025-03-30T00:00:00,LAC @ CLE,L,29.8,6.0,9.7,0.625,2.4,4.8,0.5,3.6,4.8,0.75,2.4,1.2,3.6,2.4,2.4,1.2,1.2,0.0,1.2,2.4,18.1,-6.0,30.9,0,0,31.4,1,13222,1,13222,7964,11402,17638,4899,8432,13617,3944,6441,6231,8186,6873,21488,18265,14826,8586,10111,6119,8846,18491,11280,9713,16081,14107,2246,150,12853,1,29:48
2024-25,201939,Stephen Curry,Stephen,1610612744,GSW,Golden State Warriors,0022401086,2025-03-30T00:00:00,GSW @ SAS,W,25.8,5.6,14.0,0.4,2.8,5.6,0.5,4.2,4.2,1.0,0.0,4.2,4.2,8.4,0.0,1.4,1.4,1.4,2.8,4.2,18.1,33.5,44.1,0,0,39.1,1,1,13086,1,11331,12753,10242,14933,7245,11764,3944,5368,7440,1,14058,13152,16842,2541,16469,8928,5247,5190,11679,5876,9691,1574,5620,2246,150,7336,1,25:48
2024-25,1626153,Delon Wright,Delon,1610612752,NYK,New York Knicks,0022401082,2025-03-30T00:00:00,NYK vs. POR,W,34.71666666666667,3.1,6.2,0.5,1.0,2.1,0.5,0.0,0.0,0.0,2.1,2.1,4.1,2.1,1.0,2.1,2.1,0.0,2.1,0.0,7.3,8.3,26.8,0,0,22.8,1,1,13086,1,3675,19174,22401,8526,14328,19416,3944,13505,14344,13505,8062,19441,16950,16101,15585,5899,3274,8846,14735,17725,20522,8491,17116,2246,150,19134,1,34:43
2024-25,203901,Elfrid Payton,Elfrid,1610612740,NOP,New Orleans Pelicans,0022401085,2025-03-30T00:00:00,NOP vs. CHA,W,19.3,1.9,13.1,0.143,0.0,0.0,0.0,0.0,0.0,0.0,0.0,5.6,5.6,11.2,5.6,3.7,1.9,0.0,0.0,0.0,3.7,5.6,38.4,0,0,31.7,1,1,13086,1,16572,21635,11762,22260,15070,20945,15070,13505,14344,13505,14058,9304,13296,940,1728,1932,3879,8846,20257,17725,22676,9794,8760,2246,150,12616,1,19:18
2024-25,1641753,Chris Livingston,Chris,1610612749,MIL,Milwaukee Bucks,0022401083,2025-03-30T00:00:00,MIL vs. ATL,L,2.3666666666666667,0.0,30.4,0.0,0.0,15.2,0.0,15.2,30.4,0.5,0.0,0.0,0.0,0.0,0.0,0.0,0.0,0.0,0.0,15.2,15.2,-30.4,15.2,0,0,15.2,1,13222,1,13222,25286,22635,254,22635,15070,646,15070,164,53,10625,14058,22137,23286,19908,16469,12854,8263,8846,20257,93,12696,23802,23114,2246,150,22986,1,2:22
2024-25,1641748,Andre Jackson Jr.,Andre,1610612749,MIL,Milwaukee Bucks,0022401083,2025-03-30T00:00:00,MIL vs. ATL,L,11.1,0.0,6.5,0.0,0.0,3.2,0.0,3.2,6.5,0.5,6.5,3.2,9.7,3.2,0.0,3.2,0.0,0.0,0.0,3.2,3.2,22.7,29.5,0,0,22.7,1,13222,1,13222,21658,22635,22130,22635,15070,17188,15070,7221,3898,10625,1376,15952,5756,12167,16469,2658,8263,8846,20257,8426,22871,3321,15138,2246,150,19215,1,11:06
2024-25,201572,Brook Lopez,Brook,1610612749,MIL,Milwaukee Bucks,0022401083,2025-03-30T00:00:00,MIL vs. ATL,L,29.883333333333333,2.4,4.8,0.5,0.0,2.4,0.0,1.2,2.4,0.5,0.0,1.2,1.2,1.2,1.2,1.2,1.2,0.0,1.2,2.4,6.0,-13.3,15.3,0,0,13.3,1,13222,1,13222,7889,20644,23592,8526,15070,18788,15070,12568,11458,10625,14058,21499,22933,19001,14401,10133,6140,8846,18506,11312,21372,19206,23092,2246,150,23631,1,29:53
2024-25,1630194,Paul Reed,Paul,1610612765,DET,Detroit Pistons,0022401084,2025-03-30T00:00:00,DET @ MIN,L,14.316666666666666,2.5,12.6,0.2,0.0,5.0,0.0,5.0,10.1,0.5,0.0,7.5,7.5,0.0,5.0,0.0,2.5,0.0,7.5,5.0,10.1,-27.7,21.6,0,0,22.6,1,13222,1,13222,20006,20439,12624,21401,15070,13137,15070,3990,1339,10625,14058,5417,9083,19908,2305,12854,2344,8846,1605,4061,18100,23364,20350,2246,150,19258,1,14:19
2024-25,203084,Harrison Barnes,Harrison,1610612759,SAS,San Antonio Spurs,0022401086,2025-03-30T00:00:00,SAS vs. GSW,L,17.5,4.1,12.3,0.333,2.1,6.2,0.333,2.1,2.1,1.0,0.0,2.1,2.1,6.2,4.1,0.0,0.0,2.1,2.1,4.1,12.3,-35.0,20.0,0,0,22.6,1,13222,1,13222,17920,16810,12991,17395,9883,10258,9209,10446,12562,1,14058,19486,21684,5205,3639,12854,8263,3031,14830,6017,15764,24401,21189,2246,150,19260,1,17:30
2024-25,1631095,Jabari Smith Jr.,Jabari,1610612745,HOU,Houston Rockets,0022401088,2025-03-30T00:00:00,HOU @ PHX,W,26.05,6.9,15.2,0.455,0.0,1.4,0.0,0.0,0.0,0.0,2.8,6.9,9.7,2.8,0.0,1.4,0.0,2.8,1.4,0.0,13.8,45.6,33.7,0,0,29.0,1,1,13086,1,11127,9143,8255,12676,15070,20393,15070,13505,14344,13505,5939,6514,5836,13708,16469,9002,8263,1649,17695,17725,14130,680,12031,2246,150,14684,1,26:03
2024-25,1628971,Bruce Brown,Bruce,1610612740,NOP,New Orleans Pelicans,0022401085,2025-03-30T00:00:00,NOP vs. CHA,W,30.65,1.2,9.4,0.125,0.0,2.3,0.0,1.2,2.3,0.5,2.3,11.7,14.1,2.3,1.2,1.2,3.5,1.2,0.0,2.3,3.5,8.2,36.9,0,0,29.4,1,1,13086,1,7168,22515,18124,22420,15070,18909,15070,12686,11631,10625,7099,1504,2190,15062,14633,10399,1210,6448,20257,11552,22765,8522,9781,2246,150,14442,1,30:39
2024-25,1641890,Tyler Smith,Tyler,1610612749,MIL,Milwaukee Bucks,0022401083,2025-03-30T00:00:00,MIL vs. ATL,L,2.533333333333333,0.0,14.2,0.0,0.0,14.2,0.0,0.0,0.0,0.0,0.0,14.2,14.2,0.0,0.0,0.0,0.0,0.0,0.0,0.0,0.0,-28.4,17.1,0,0,14.2,1,13222,1,13222,25196,22635,9810,22635,15070,868,15070,13505,14344,13505,14058,713,2138,19908,16469,12854,8263,8846,20257,17725,23200,23500,22461,2246,150,23354,1,2:32
2024-25,1631323,Simone Fontecchio,Simone,1610612765,DET,Detroit Pistons,0022401084,2025-03-30T00:00:00,DET @ MIN,L,25.25,1.4,11.4,0.125,1.4,7.1,0.2,0.0,0.0,0.0,4.3,2.9,7.1,1.4,0.0,0.0,0.0,1.4,1.4,4.3,4.3,2.9,15.0,0,0,14.3,1,13222,1,13222,11782,22261,14646,22420,12348,8191,13429,13505,14344,13505,3196,17235,9893,18246,16469,12854,8263,5071,17522,5651,22419,11195,23187,2246,150,23337,1,25:15
2024-25,1629680,Matisse Thybulle,Matisse,1610612757,POR,Portland Trail Blazers,0022401082,2025-03-30T00:00:00,POR @ NYK,L,12.05,0.0,6.0,0.0,0.0,3.0,0.0,0.0,0.0,0.0,0.0,3.0,3.0,0.0,6.0,3.0,3.0,3.0,0.0,0.0,0.0,-65.7,15.5,0,0,14.9,1,13222,1,13222,21207,22635,22629,22635,15070,17691,15070,13505,14344,13505,14058,16778,19772,19908,1403,3186,1719,1358,20257,17725,23200,25810,23016,2246,150,23081,1,12:03
2024-25,1629162,Jordan McLaughlin,Jordan,1610612759,SAS,San Antonio Spurs,0022401086,2025-03-30T00:00:00,SAS vs. GSW,L,20.936666666666667,5.2,6.9,0.75,5.2,6.9,0.75,0.0,0.0,0.0,0.0,1.7,1.7,6.9,1.7,0.0,0.0,0.0,3.4,3.4,15.5,-8.6,26.1,0,0,29.2,1,13222,1,13222,15334,13931,21707,2107,2098,8719,1542,13505,14344,13505,14058,20419,22281,4172,11848,12854,8263,8846,8940,7845,12440,17233,17533,2246,150,14528,1,20:56
2024-25,1630577,Julian Champagnie,Julian,1610612759,SAS,San Antonio Spurs,0022401086,2025-03-30T00:00:00,SAS vs. GSW,L,26.716666666666665,5.4,13.5,0.4,4.0,9.4,0.429,0.0,0.0,0.0,0.0,6.7,6.7,2.7,2.7,0.0,1.3,0.0,1.3,0.0,14.8,-25.6,28.3,0,0,31.0,1,13222,1,13222,10552,13303,11042,14933,3910,4207,7394,13505,14344,13505,14058,6818,10660,13924,7548,12854,5457,8846,17831,17725,13091,22936,15995,2246,150,13173,1,26:43
2024-25,1642274,Yves Missi,Yves,1610612740,NOP,New Orleans Pelicans,0022401085,2025-03-30T00:00:00,NOP vs. CHA,W,24.386666666666667,4.4,8.9,0.5,0.0,0.0,0.0,3.0,5.9,0.5,4.4,11.8,16.2,3.0,1.5,0.0,0.0,0.0,3.0,4.4,11.8,-13.3,34.2,0,0,31.0,1,1,13086,1,12576,15985,18924,8526,15070,20945,15070,7947,4602,10625,3016,1463,1354,13084,12871,12854,8263,8846,10929,5285,16334,19221,11617,2246,150,13167,1,24:23
2024-25,1641739,Toumani Camara,Toumani,1610612757,POR,Portland Trail Blazers,0022401082,2025-03-30T00:00:00,POR @ NYK,L,39.345,5.5,7.3,0.75,3.7,5.5,0.667,0.0,0.0,0.0,4.6,2.7,7.3,3.7,2.7,0.9,0.0,0.0,1.8,0.9,14.6,-0.9,28.9,0,0,31.1,1,13222,1,13222,772,13008,21183,2107,4784,11972,1957,13505,14344,13505,2840,17567,9535,10910,7395,12594,8263,8846,16039,17634,13259,13474,15552,2246,150,13068,1,39:21
2024-25,1630215,Jared Butler,Jared,1610612755,PHI,Philadelphia 76ers,0022401087,2025-03-30T00:00:00,PHI vs. TOR,L,26.953333333333333,6.7,12.0,0.556,4.0,5.3,0.75,2.7,2.7,1.0,0.0,1.3,1.3,8.0,2.7,2.7,0.0,1.3,4.0,1.3,20.0,-22.7,39.0,0,0,38.7,1,13222,1,13222,10371,9741,13552,7248,3984,12347,1542,8639,10808,1,14058,21224,22781,2879,7614,3970,8263,5474,7123,15741,7897,22270,8405,2246,150,7566,1,26:57
2024-25,1641871,Duop Reath,Duop,1610612757,POR,Portland Trail Blazers,0022401082,2025-03-30T00:00:00,POR @ NYK,L,13.85,5.2,7.8,0.667,0.0,2.6,0.0,0.0,0.0,0.0,2.6,0.0,2.6,0.0,2.6,0.0,0.0,2.6,0.0,0.0,10.4,-54.6,10.9,0,0,13.0,1,13222,1,13222,20270,13824,20536,3281,15070,18456,15070,13505,14344,13505,6350,22137,20642,19908,7886,12854,8263,1880,20257,17725,17764,25557,24255,2246,150,23719,1,13:51
2024-25,1642419,Jamison Battle,Jamison,1610612761,TOR,Toronto Raptors,0022401087,2025-03-30T00:00:00,TOR @ PHI,W,25.383333333333333,8.5,15.6,0.545,5.7,11.3,0.5,0.0,0.0,0.0,1.4,8.5,9.9,1.4,1.4,0.0,0.0,1.4,0.0,0.0,22.7,22.7,35.3,0,0,39.7,1,1,13086,1,11666,5597,7694,7695,1585,2221,3944,13505,14344,13505,10675,4046,5519,18278,13182,12854,8263,5112,20257,17725,5713,3325,10859,2246,150,6943,1,25:23
2024-25,1631105,Jalen Duren,Jalen,1610612765,DET,Detroit Pistons,0022401084,2025-03-30T00:00:00,DET @ MIN,L,26.316666666666666,8.2,13.7,0.6,0.0,0.0,0.0,1.4,1.4,1.0,6.8,8.2,15.0,4.1,2.7,1.4,0.0,1.4,6.8,1.4,17.8,-9.6,43.4,1,0,39.7,1,13222,1,13222,10888,6194,10681,5394,15070,20945,15070,12112,13635,1,1207,4415,1753,9657,7424,9092,8263,5321,2111,15586,10049,17710,5951,1,150,6967,1,26:19
2024-25,1629599,Amir Coffey,Amir,1610612746,LAC,LA Clippers,0022401081,2025-03-30T00:00:00,LAC @ CLE,L,3.6333333333333333,0.0,0.0,0.0,0.0,0.0,0.0,9.9,19.8,0.5,0.0,9.9,9.9,0.0,0.0,0.0,0.0,0.0,0.0,9.9,9.9,-79.3,21.8,0,0,19.8,1,13222,1,13222,24652,22635,24836,22635,15070,20945,15070,723,142,10625,14058,2646,5537,19908,16469,12854,8263,8846,20257,433,18250,25995,20265,2246,150,20962,1,3:38
2024-25,1629626,Bol Bol,Bol,1610612756,PHX,Phoenix Suns,0022401088,2025-03-30T00:00:00,PHX vs. HOU,L,9.3,11.6,19.4,0.6,3.9,11.6,0.333,0.0,0.0,0.0,0.0,0.0,0.0,3.9,7.7,0.0,0.0,0.0,0.0,0.0,27.1,-23.2,25.2,0,0,34.8,1,13222,1,13222,22347,1801,3459,5394,4265,2023,9209,13505,14344,13505,14058,22137,23286,10306,651,12854,8263,8846,20257,17725,3163,22388,18170,2246,150,10198,1,9:18
2024-25,201587,Nicolas Batum,Nicolas,1610612746,LAC,LA Clippers,0022401081,2025-03-30T00:00:00,LAC @ CLE,L,15.956666666666667,0.0,4.5,0.0,0.0,4.5,0.0,2.3,4.5,0.5,0.0,6.8,6.8,2.3,2.3,0.0,0.0,0.0,4.5,2.3,2.3,-9.0,11.5,0,0,11.3,1,13222,1,13222,18959,22635,23799,22635,15070,14406,15070,9766,6820,10625,14058,6756,10602,15409,9279,12854,8263,8846,5756,11916,23126,17435,24130,2246,150,24157,1,15:57
2024-25,1631110,Jeremy Sochan,Jeremy,1610612759,SAS,San Antonio Spurs,0022401086,2025-03-30T00:00:00,SAS vs. GSW,L,18.183333333333334,2.0,7.9,0.25,0.0,4.0,0.0,0.0,0.0,0.0,2.0,2.0,4.0,2.0,2.0,0.0,0.0,0.0,5.9,0.0,4.0,-35.6,9.7,0,0,9.9,1,13222,1,13222,17449,21445,20388,20233,15070,15662,15070,13505,14344,13505,8476,19729,17412,16446,10613,12854,8263,8846,3030,17725,22569,24476,24465,2246,150,24446,1,18:11
2024-25,1642359,Pacôme Dadiet,Pacôme,1610612752,NYK,New York Knicks,0022401082,2025-03-30T00:00:00,NYK vs. POR,W,0.6116666666666667,0.0,0.0,0.0,0.0,0.0,0.0,0.0,0.0,0.0,0.0,0.0,0.0,0.0,0.0,0.0,0.0,0.0,0.0,0.0,0.0,0.0,0.0,0,0,0.0,1,1,13086,1,26179,22635,24836,22635,15070,20945,15070,13505,14344,13505,14058,22137,23286,19908,16469,12854,8263,8846,20257,17725,23200,12240,25228,2246,150,25259,1,0:37
2024-25,1641720,Jalen Hood-Schifino,Jalen,1610612755,PHI,Philadelphia 76ers,0022401087,2025-03-30T00:00:00,PHI vs. TOR,L,26.766666666666666,8.1,10.8,0.75,1.3,2.7,0.5,6.7,6.7,1.0,0.0,2.7,2.7,6.7,6.7,1.3,1.3,1.3,0.0,4.0,24.2,6.7,38.9,0,0,40.3,1,13222,1,13222,10516,6486,15764,2107,12670,18281,3944,2217,3631,1,14058,17727,20470,4396,1014,9214,5466,5421,20257,6220,4672,9277,8496,2246,150,6575,1,26:46
2024-25,201142,Kevin Durant,Kevin,1610612756,PHX,Phoenix Suns,0022401088,2025-03-30T00:00:00,PHX vs. HOU,L,22.833333333333332,7.9,17.3,0.455,1.6,4.7,0.333,0.0,0.0,0.0,1.6,9.5,11.0,1.6,1.6,1.6,0.0,0.0,1.6,3.2,17.3,-44.1,36.1,0,0,34.7,1,13222,1,13222,13849,6873,5405,12676,11765,13890,9209,13505,14344,13505,10014,3063,4377,17720,12435,8078,8263,8846,16937,8716,10478,25131,10295,2246,150,10306,1,22:50
2024-25,1626157,Karl-Anthony Towns,Karl-Anthony,1610612752,NYK,New York Knicks,0022401082,2025-03-30T00:00:00,NYK vs. POR,W,31.595,4.6,14.8,0.308,1.1,2.3,0.5,1.1,1.1,1.0,3.4,9.1,12.5,2.3,2.3,1.1,2.3,2.3,3.4,2.3,11.4,1.1,37.8,1,0,34.2,1,1,13086,1,6347,15606,8886,19226,13714,19031,3944,12787,13980,1,4502,3389,3111,15305,9164,10685,2779,2474,9013,11823,16802,12051,9142,1,150,10710,1,31:36
2024-25,1641712,Rayan Rupert,Rayan,1610612757,POR,Portland Trail Blazers,0022401082,2025-03-30T00:00:00,POR @ NYK,L,1.2333333333333334,0.0,0.0,0.0,0.0,0.0,0.0,0.0,0.0,0.0,0.0,0.0,0.0,0.0,0.0,0.0,0.0,0.0,0.0,0.0,0.0,-58.4,0.0,0,0,0.0,1,13222,1,13222,25942,22635,24836,22635,15070,20945,15070,13505,14344,13505,14058,22137,23286,19908,16469,12854,8263,8846,20257,17725,23200,25640,25228,2246,150,25259,1,1:14
2024-25,1631303,Justin Minaya,Justin,1610612757,POR,Portland Trail Blazers,0022401082,2025-03-30T00:00:00,POR @ NYK,L,1.2333333333333334,0.0,29.2,0.0,0.0,29.2,0.0,0.0,58.4,0.0,0.0,0.0,0.0,0.0,0.0,0.0,0.0,0.0,0.0,29.2,0.0,-58.4,0.0,0,0,0.0,1,13222,1,13222,25942,22635,320,22635,15070,73,15070,13505,8,13505,14058,22137,23286,19908,16469,12854,8263,8846,20257,8,23200,25640,25228,2246,150,25259,1,1:14
2024-25,1631159,Leonard Miller,Leonard,1610612750,MIN,Minnesota Timberwolves,0022401084,2025-03-30T00:00:00,MIN vs. DET,W,2.216666666666667,0.0,0.0,0.0,0.0,0.0,0.0,0.0,0.0,0.0,0.0,0.0,0.0,0.0,0.0,0.0,0.0,0.0,0.0,0.0,0.0,-16.2,0.0,0,0,0.0,1,1,13086,1,25342,22635,24836,22635,15070,20945,15070,13505,14344,13505,14058,22137,23286,19908,16469,12854,8263,8846,20257,17725,23200,20334,25228,2246,150,25259,1,2:13
2024-25,203992,Bogdan Bogdanović,Bogdan,1610612746,LAC,LA Clippers,0022401081,2025-03-30T00:00:00,LAC @ CLE,L,29.933333333333334,7.2,13.2,0.545,2.4,4.8,0.5,2.4,2.4,1.0,0.0,4.8,4.8,3.6,1.2,2.4,0.0,1.2,1.2,2.4,19.2,-6.0,36.4,0,0,34.9,1,13222,1,13222,7840,8411,11429,7695,8470,13669,3944,9321,11472,1,14058,11395,15267,11063,14421,4677,8263,6236,18523,11330,8603,16065,10065,2246,150,10177,1,29:56
2024-25,1630191,Isaiah Stewart,Isaiah,1610612765,DET,Detroit Pistons,0022401084,2025-03-30T00:00:00,DET @ MIN,L,7.366666666666666,0.0,9.8,0.0,0.0,0.0,0.0,0.0,0.0,0.0,9.8,9.8,19.5,4.9,0.0,0.0,4.9,0.0,9.8,0.0,0.0,-4.9,45.4,0,0,34.2,1,13222,1,13222,23041,22635,17428,22635,15070,20945,15070,13505,14344,13505,433,2744,589,7711,16469,12854,545,8846,749,17725,23200,15519,4972,2246,150,10693,1,7:22
2024-25,1631133,Jabari Walker,Jabari,1610612757,POR,Portland Trail Blazers,0022401082,2025-03-30T00:00:00,POR @ NYK,L,1.2333333333333334,0.0,0.0,0.0,0.0,0.0,0.0,0.0,0.0,0.0,0.0,0.0,0.0,0.0,0.0,0.0,0.0,0.0,0.0,0.0,0.0,-58.4,0.0,0,0,0.0,1,13222,1,13222,25942,22635,24836,22635,15070,20945,15070,13505,14344,13505,14058,22137,23286,19908,16469,12854,8263,8846,20257,17725,23200,25640,25228,2246,150,25259,1,1:14
2024-25,1631250,Pete Nance,Pete,1610612749,MIL,Milwaukee Bucks,0022401083,2025-03-30T00:00:00,MIL vs. ATL,L,2.533333333333333,0.0,0.0,0.0,0.0,0.0,0.0,0.0,0.0,0.0,0.0,0.0,0.0,0.0,0.0,0.0,0.0,0.0,14.2,0.0,0.0,-28.4,0.0,0,0,0.0,1,13222,1,13222,25196,22635,24836,22635,15070,20945,15070,13505,14344,13505,14058,22137,23286,19908,16469,12854,8263,8846,275,17725,23200,23500,25228,2246,150,25259,1,2:32
2024-25,1631123,Jamaree Bouyea,Jamaree,1610612749,MIL,Milwaukee Bucks,0022401083,2025-03-30T00:00:00,MIL vs. ATL,L,2.533333333333333,0.0,0.0,0.0,0.0,0.0,0.0,0.0,0.0,0.0,0.0,0.0,0.0,0.0,14.2,0.0,0.0,0.0,0.0,0.0,0.0,-28.4,-14.2,0,0,0.0,1,13222,1,13222,25196,22635,24836,22635,15070,20945,15070,13505,14344,13505,14058,22137,23286,19908,132,12854,8263,8846,20257,17725,23200,23500,26253,2246,150,25259,1,2:32
2024-25,1631288,Jamal Cain,Jamal,1610612740,NOP,New Orleans Pelicans,0022401085,2025-03-30T00:00:00,NOP vs. CHA,W,2.316666666666667,0.0,31.1,0.0,0.0,31.1,0.0,0.0,0.0,0.0,0.0,0.0,0.0,0.0,15.5,0.0,0.0,0.0,0.0,0.0,0.0,-46.6,-15.5,0,0,0.0,1,1,13086,1,25310,22635,231,22635,15070,55,15070,13505,14344,13505,14058,22137,23286,19908,99,12854,8263,8846,20257,17725,23200,25252,26261,2246,150,25259,1,2:19
2024-25,203995,Vasilije Micić,Vasilije,1610612756,PHX,Phoenix Suns,0022401088,2025-03-30T00:00:00,PHX vs. HOU,L,7.833333333333333,0.0,0.0,0.0,0.0,0.0,0.0,0.0,0.0,0.0,0.0,0.0,0.0,0.0,4.6,0.0,0.0,0.0,0.0,0.0,0.0,-9.2,-4.6,0,0,0.0,1,13222,1,13222,22872,22635,24836,22635,15070,20945,15070,13505,14344,13505,14058,22137,23286,19908,2854,12854,8263,8846,20257,17725,23200,17521,26169,2246,150,25259,1,7:50
2024-25,1626192,Pat Connaughton,Pat,1610612749,MIL,Milwaukee Bucks,0022401083,2025-03-30T00:00:00,MIL vs. ATL,L,17.716666666666665,6.1,12.2,0.5,0.0,2.0,0.0,0.0,0.0,0.0,0.0,2.0,2.0,6.1,2.0,0.0,0.0,0.0,4.1,4.1,12.2,-16.3,21.7,0,0,20.3,1,13222,1,13222,17765,11233,13275,8526,15070,19492,15070,13505,14344,13505,14058,19555,21742,5328,10349,12854,8263,8846,6957,6133,15926,20354,20292,2246,150,20680,1,17:43
2024-25,1630168,Onyeka Okongwu,Onyeka,1610612737,ATL,Atlanta Hawks,0022401083,2025-03-30T00:00:00,ATL @ MIL,W,30.5,4.7,9.4,0.5,1.2,4.7,0.25,4.7,4.7,1.0,2.4,9.4,11.8,3.5,1.2,1.2,0.0,1.2,4.7,4.7,15.3,24.8,37.2,1,0,34.2,1,1,13086,1,7321,15186,18054,8526,13472,13907,11902,4479,6441,1,7047,3080,3657,11275,14577,10340,8263,6400,5235,4680,12576,2865,9555,1,150,10674,1,30:30
2024-25,1642346,Ryan Dunn,Ryan,1610612756,PHX,Phoenix Suns,0022401088,2025-03-30T00:00:00,PHX vs. HOU,L,19.4,1.9,5.6,0.333,0.0,3.7,0.0,0.0,0.0,0.0,3.7,0.0,3.7,0.0,3.7,0.0,1.9,0.0,5.6,0.0,3.7,-29.7,10.0,0,0,11.1,1,13222,1,13222,16499,21650,23029,17395,15070,16188,15070,13505,14344,13505,4017,22137,18036,19908,4532,12854,3915,8846,3598,17725,22683,23691,24414,2246,150,24189,1,19:24
2024-25,1629646,Charles Bassey,Charles,1610612759,SAS,San Antonio Spurs,0022401086,2025-03-30T00:00:00,SAS vs. GSW,L,9.9,0.0,0.0,0.0,0.0,0.0,0.0,0.0,0.0,0.0,0.0,3.6,3.6,0.0,0.0,0.0,3.6,0.0,3.6,0.0,0.0,-25.5,15.3,0,0,10.9,1,13222,1,13222,22137,22635,24836,22635,15070,20945,15070,13505,14344,13505,14058,14828,18235,19908,16469,12854,1124,8846,8304,17725,23200,22909,23096,2246,150,24244,1,9:54
2024-25,1641709,Ausar Thompson,Ausar,1610612765,DET,Detroit Pistons,0022401084,2025-03-30T00:00:00,DET @ MIN,L,33.65,6.4,16.0,0.4,0.0,2.1,0.0,2.1,5.3,0.4,2.1,2.1,4.3,1.1,1.1,0.0,0.0,1.1,5.3,3.2,15.0,-16.0,20.6,0,0,20.3,1,13222,1,13222,4593,10389,7052,14933,15070,19290,15070,10167,5391,13061,7800,19239,16588,19447,15342,12854,8263,7314,3925,8529,12927,20267,20876,2246,150,20674,1,33:39
2024-25,1642347,Jamal Shead,Jamal,1610612761,TOR,Toronto Raptors,0022401087,2025-03-30T00:00:00,TOR @ PHI,W,27.966666666666665,5.1,18.0,0.286,1.3,5.1,0.25,2.6,2.6,1.0,1.3,1.3,2.6,11.6,1.3,3.9,1.3,2.6,2.6,3.9,14.2,2.6,48.8,0,0,39.9,1,1,13086,1,9569,13952,4640,19630,12907,12824,11902,8869,11038,1,11254,21305,20677,817,13864,1782,5704,1909,12513,6674,13778,11329,3702,2246,150,6833,1,27:58
2024-25,1629731,Dean Wade,Dean,1610612739,CLE,Cleveland Cavaliers,0022401081,2025-03-30T00:00:00,CLE vs. LAC,W,20.0,3.6,10.8,0.333,1.8,9.0,0.2,0.0,0.0,0.0,0.0,3.6,3.6,1.8,0.0,1.8,0.0,0.0,3.6,0.0,9.0,-1.8,21.4,0,0,19.8,1,1,13086,1,16013,18082,15692,17395,11079,4827,13429,13505,14344,13505,14058,14927,18325,17084,16469,7262,8263,8846,8427,17725,19078,13920,20460,2246,150,20983,1,20:00
2024-25,1628969,Mikal Bridges,Mikal,1610612752,NYK,New York Knicks,0022401082,2025-03-30T00:00:00,NYK vs. POR,W,39.555,10.9,20.0,0.545,1.8,5.5,0.333,1.8,1.8,1.0,0.0,1.8,1.8,6.4,2.7,0.0,0.9,0.0,3.6,1.8,25.5,12.7,37.2,0,0,37.3,1,1,13086,1,706,2328,2958,7695,10994,12056,9209,11193,13167,1,14058,20190,22130,4898,7438,12854,8043,8846,8290,13846,3947,6503,9513,2246,150,8498,1,39:33
2024-25,203944,Julius Randle,Julius,1610612750,MIN,Minnesota Timberwolves,0022401084,2025-03-30T00:00:00,MIN vs. DET,W,32.13333333333333,10.1,20.2,0.5,1.1,4.5,0.25,7.8,7.8,1.0,2.2,6.7,9.0,5.6,2.2,0.0,1.1,1.1,3.4,6.7,29.1,15.7,49.4,0,0,47.1,1,1,13086,1,5859,3133,2865,8526,13839,14488,11902,1483,2633,1,7450,6852,6799,6247,9347,12854,6666,6870,9215,1881,2390,5356,3457,2246,150,3455,1,32:08
2024-25,203501,Tim Hardaway Jr.,Tim,1610612765,DET,Detroit Pistons,0022401084,2025-03-30T00:00:00,DET @ MIN,L,30.1,6.0,16.7,0.357,3.6,9.6,0.375,8.4,9.6,0.875,1.2,3.6,4.8,0.0,0.0,1.2,1.2,1.2,2.4,4.8,23.9,-25.1,36.8,0,0,37.1,1,13222,1,13222,7690,11574,6128,17140,4944,4015,8800,1241,1562,6931,11813,14955,15336,19908,16469,10206,6202,6288,13253,4536,4856,22831,9812,2246,150,8672,1,30:06
2024-25,201935,James Harden,James,1610612746,LAC,LA Clippers,0022401081,2025-03-30T00:00:00,LAC @ CLE,L,35.333333333333336,7.1,18.3,0.389,4.1,12.2,0.333,6.1,6.1,1.0,1.0,7.1,8.2,8.2,5.1,0.0,1.0,0.0,3.1,5.1,24.5,-17.3,44.4,0,0,46.9,1,13222,1,13222,3201,8626,4341,16009,3843,1659,9209,2766,4333,1,13102,6118,8004,2738,2234,12854,7356,8846,10452,3933,4517,20720,5451,2246,150,3528,1,35:20
2024-25,1642367,Jonathan Mogbo,Jonathan,1610612761,TOR,Toronto Raptors,0022401087,2025-03-30T00:00:00,TOR @ PHI,W,25.116666666666667,8.6,11.5,0.75,1.4,1.4,1.0,0.0,0.0,0.0,1.4,5.7,7.2,4.3,2.9,1.4,1.4,0.0,2.9,0.0,18.6,0.0,39.4,0,0,37.3,1,1,13086,1,11895,5442,14529,2107,12320,20342,1,13505,14344,13505,10604,8960,9820,9124,6973,8739,5105,8846,11331,17725,9176,12240,8118,2246,150,8532,1,25:07
2024-25,201145,Jeff Green,Jeff,1610612745,HOU,Houston Rockets,0022401088,2025-03-30T00:00:00,HOU @ PHX,W,9.666666666666666,7.4,7.4,1.0,7.4,7.4,1.0,0.0,0.0,0.0,3.7,3.7,7.4,0.0,0.0,0.0,0.0,0.0,3.7,0.0,22.3,41.0,31.3,0,0,37.2,1,1,13086,1,22227,7887,20996,1,609,7500,1,13505,14344,13505,4006,14551,9271,19908,16469,12854,8263,8846,7985,17725,5968,913,13840,2246,150,8546,1,9:40
2024-25,1627739,Kris Dunn,Kris,1610612746,LAC,LA Clippers,0022401081,2025-03-30T00:00:00,LAC @ CLE,L,29.2,6.2,16.0,0.385,3.7,9.9,0.375,0.0,0.0,0.0,3.7,2.5,6.2,0.0,0.0,1.2,0.0,1.2,7.4,0.0,16.0,3.7,27.1,0,0,28.4,1,13222,1,13222,8496,11061,7076,16070,4702,3644,8800,13505,14344,13505,4037,18281,11908,19908,16469,9920,8263,6036,1710,17725,11896,10809,16863,2246,150,15172,1,29:12
2024-25,1641733,Nick Smith Jr.,Nick,1610612766,CHA,Charlotte Hornets,0022401085,2025-03-30T00:00:00,CHA @ NOP,L,35.45,7.1,16.2,0.438,3.0,5.1,0.6,2.0,2.0,1.0,1.0,3.0,4.1,2.0,1.0,0.0,0.0,2.0,1.0,1.0,19.3,-12.2,26.2,0,0,28.4,1,13222,1,13222,3112,8685,6754,13558,6357,13008,2992,10525,12629,1,13129,16568,17157,16263,15742,12854,8263,3125,19606,17331,8557,18806,17477,2246,150,15126,1,35:27
2024-25,1629640,Keldon Johnson,Keldon,1610612759,SAS,San Antonio Spurs,0022401086,2025-03-30T00:00:00,SAS vs. GSW,L,21.43,13.4,21.8,0.615,3.4,8.4,0.4,1.7,1.7,1.0,3.4,1.7,5.0,3.4,3.4,1.7,0.0,0.0,1.7,1.7,31.9,-47.0,44.7,0,0,47.0,1,13222,1,13222,14975,863,1887,5246,5488,5751,7874,11456,13315,1,4618,20506,14704,11790,5333,7683,8263,8846,16599,14339,1547,25270,5338,2246,150,3464,1,21:26
2024-25,1629013,Landry Shamet,Landry,1610612752,NYK,New York Knicks,0022401082,2025-03-30T00:00:00,NYK vs. POR,W,19.345,7.4,16.7,0.444,5.6,11.2,0.5,0.0,0.0,0.0,0.0,7.4,7.4,0.0,0.0,1.9,0.0,0.0,3.7,0.0,20.5,40.9,35.0,0,0,37.2,1,1,13086,1,16550,7909,6112,13045,1676,2365,3944,13505,14344,13505,14058,5595,9282,19908,16469,6970,8263,8846,7996,17725,7529,915,11065,2246,150,8575,1,19:21
2024-25,1627747,Caris LeVert,Caris,1610612737,ATL,Atlanta Hawks,0022401083,2025-03-30T00:00:00,ATL @ MIL,W,22.866666666666667,6.3,14.2,0.444,1.6,9.4,0.167,0.0,0.0,0.0,0.0,4.7,4.7,1.6,0.0,0.0,3.1,0.0,3.1,0.0,14.2,12.6,31.6,0,0,28.3,1,1,13086,1,13818,10723,9881,13045,11774,4191,14236,13505,14344,13505,14058,11640,15499,17728,16469,12854,1522,8846,10095,17725,13764,6567,13581,2246,150,15185,1,22:52
2024-25,1630208,Nick Richards,Nick,1610612756,PHX,Phoenix Suns,0022401088,2025-03-30T00:00:00,PHX vs. HOU,L,18.733333333333334,5.8,11.5,0.5,0.0,0.0,0.0,0.0,0.0,0.0,5.8,3.8,9.6,0.0,1.9,1.9,0.0,0.0,7.7,0.0,11.5,-30.7,26.9,0,0,25.0,1,13222,1,13222,17015,12219,14421,8526,15070,20945,15070,13505,14344,13505,1766,14195,5911,19908,10937,6659,8263,8846,1513,17725,16639,23854,17023,2246,150,17700,1,18:44
2024-25,1628998,Cody Martin,Cody,1610612756,PHX,Phoenix Suns,0022401088,2025-03-30T00:00:00,PHX vs. HOU,L,11.433333333333334,6.3,9.4,0.667,0.0,3.1,0.0,0.0,0.0,0.0,0.0,6.3,6.3,0.0,0.0,3.1,0.0,0.0,3.1,0.0,12.6,-31.5,29.6,0,0,25.2,1,13222,1,13222,21515,10723,18049,3281,15070,17368,15070,13505,14344,13505,14058,7698,11608,19908,16469,2837,8263,8846,10095,17725,15501,23963,15083,2246,150,17521,1,11:26
2024-25,1631111,Wendell Moore Jr.,Wendell,1610612766,CHA,Charlotte Hornets,0022401085,2025-03-30T00:00:00,CHA @ NOP,L,24.083333333333332,6.0,12.0,0.5,0.0,1.5,0.0,0.0,0.0,0.0,3.0,4.5,7.5,0.0,3.0,4.5,0.0,1.5,1.5,1.5,12.0,-1.5,31.4,0,0,28.4,1,13222,1,13222,12811,11578,13664,8526,15070,20278,15070,13505,14344,13505,5370,12300,9218,19908,6526,1241,8263,4795,17241,15024,16188,13797,13756,2246,150,15149,1,24:05
2024-25,1629014,Anfernee Simons,Anfernee,1610612757,POR,Portland Trail Blazers,0022401082,2025-03-30T00:00:00,POR @ NYK,L,34.63333333333333,5.2,20.8,0.25,1.0,8.3,0.125,4.2,5.2,0.8,1.0,2.1,3.1,4.2,2.1,2.1,0.0,2.1,1.0,4.2,15.6,-16.6,29.7,0,0,28.1,1,13222,1,13222,3749,13830,2461,20233,14308,5889,14886,5424,5615,7681,12947,19426,19439,9504,10102,5879,8263,2976,19469,5934,12335,20488,15004,2246,150,15384,1,34:38
2024-25,1626220,Royce O'Neale,Royce,1610612756,PHX,Phoenix Suns,0022401088,2025-03-30T00:00:00,PHX vs. HOU,L,15.016666666666667,4.8,12.0,0.4,4.8,12.0,0.4,0.0,0.0,0.0,0.0,7.2,7.2,7.2,0.0,0.0,0.0,0.0,4.8,0.0,14.4,-24.0,33.8,0,0,33.6,1,13222,1,13222,19551,14965,13608,14933,2569,1790,7874,13505,14344,13505,14058,6016,9765,3774,16469,12854,8263,8846,5074,17725,13518,22570,11965,2246,150,11193,1,15:01
2024-25,1628384,OG Anunoby,OG,1610612752,NYK,New York Knicks,0022401082,2025-03-30T00:00:00,NYK vs. POR,W,37.221666666666664,10.6,15.5,0.688,1.9,4.8,0.4,3.9,3.9,1.0,1.0,5.8,6.8,1.9,1.0,2.9,1.9,1.0,1.9,2.9,27.1,9.7,51.6,0,0,47.4,1,1,13086,1,1848,2574,7860,3227,10483,13607,7874,5937,8097,1,13519,8789,10600,16625,16050,3406,3669,8209,15492,9589,3171,7855,2790,2246,150,3344,1,37:13
2024-25,1628995,Kevin Knox II,Kevin,1610612744,GSW,Golden State Warriors,0022401086,2025-03-30T00:00:00,GSW @ SAS,W,12.87,8.4,11.2,0.75,0.0,0.0,0.0,0.0,0.0,0.0,0.0,5.6,5.6,0.0,0.0,2.8,0.0,0.0,0.0,2.8,16.8,8.4,31.9,0,0,28.0,1,1,13086,1,20813,5820,15046,2107,15070,20945,15070,13505,14344,13505,14058,9319,13308,19908,16469,3696,8263,8846,20257,9972,11092,8444,13412,2246,150,15439,1,12:52
2024-25,1631217,Moussa Diabaté,Moussa,1610612766,CHA,Charlotte Hornets,0022401085,2025-03-30T00:00:00,CHA @ NOP,L,16.833333333333332,2.1,10.7,0.2,0.0,0.0,0.0,8.6,10.7,0.8,2.1,12.8,15.0,0.0,2.1,0.0,0.0,2.1,4.3,6.4,12.8,-6.4,28.7,0,0,27.8,1,13222,1,13222,18364,21164,15888,21401,15070,20945,15070,1158,1114,7681,7805,1070,1782,19908,9787,12854,8263,2805,6351,2164,15257,16254,15757,2246,150,15581,1,16:50
2024-25,1641708,Amen Thompson,Amen,1610612745,HOU,Houston Rockets,0022401088,2025-03-30T00:00:00,HOU @ PHX,W,24.611666666666668,8.8,14.6,0.6,0.0,1.5,0.0,0.0,0.0,0.0,8.8,5.9,14.6,13.2,1.5,1.5,0.0,0.0,2.9,0.0,17.6,46.8,57.8,1,0,48.3,1,1,13086,1,12372,5127,9168,5394,15070,20308,15070,13505,14344,13505,596,8663,1949,501,12944,8565,8263,8846,11059,17725,10267,644,1503,1,150,3056,1,24:37
2024-25,203471,Dennis Schröder,Dennis,1610612765,DET,Detroit Pistons,0022401084,2025-03-30T00:00:00,DET @ MIN,L,33.38333333333333,3.2,12.9,0.25,0.0,4.3,0.0,5.4,6.5,0.833,0.0,4.3,4.3,11.9,0.0,0.0,0.0,1.1,4.3,4.3,11.9,-15.1,34.8,1,0,28.0,1,13222,1,13222,4824,18921,11960,20233,15070,14879,15070,3539,3913,7275,14058,12756,16498,748,16469,12854,8263,7239,6236,5550,16282,19942,11175,1,150,15398,1,33:23
2024-25,1628398,Kyle Kuzma,Kyle,1610612749,MIL,Milwaukee Bucks,0022401083,2025-03-30T00:00:00,MIL vs. ATL,L,35.21666666666667,8.2,17.4,0.471,4.1,9.2,0.444,5.1,6.1,0.833,1.0,5.1,6.1,1.0,1.0,0.0,0.0,0.0,3.1,5.1,25.6,-26.6,33.4,0,0,36.8,1,13222,1,13222,3299,6252,5370,12143,3810,4529,7211,3869,4308,7275,13076,10529,11969,19615,15691,12854,8263,8846,10404,3904,3902,23146,12240,2246,150,8841,1,35:13
2024-25,1627736,Malik Beasley,Malik,1610612765,DET,Detroit Pistons,0022401084,2025-03-30T00:00:00,DET @ MIN,L,38.15,7.5,17.0,0.444,5.7,12.3,0.462,4.7,5.7,0.833,0.0,1.9,1.9,0.0,0.9,0.0,0.0,0.0,0.0,4.7,25.5,-13.2,26.8,0,0,33.0,1,13222,1,13222,1295,7642,5822,13045,1599,1640,7119,4490,4953,7275,14058,20012,22022,19908,16175,12854,8263,8846,20257,4685,3951,19198,17086,2246,150,11637,1,38:09
2024-25,1627832,Fred VanVleet,Fred,1610612745,HOU,Houston Rockets,0022401088,2025-03-30T00:00:00,HOU @ PHX,W,28.433333333333334,6.3,11.4,0.556,3.8,7.6,0.5,0.0,0.0,0.0,0.0,2.5,2.5,8.9,1.3,2.5,0.0,0.0,0.0,1.3,16.5,29.1,39.1,0,0,36.7,1,1,13086,1,9184,10616,14668,7248,4439,7186,3944,13505,14344,13505,14058,18096,20741,2125,13993,4295,8263,8846,20257,16052,11433,2088,8316,2246,150,8903,1,28:26
2024-25,1630534,Ochai Agbaji,Ochai,1610612761,TOR,Toronto Raptors,0022401087,2025-03-30T00:00:00,TOR @ PHI,W,25.066666666666666,5.7,12.9,0.444,1.4,4.3,0.333,0.0,0.0,0.0,0.0,4.3,4.3,2.9,2.9,1.4,0.0,2.9,1.4,0.0,12.9,23.0,23.8,0,0,24.4,1,1,13086,1,11944,12278,11986,13045,12310,14895,9209,13505,14344,13505,14058,12772,16509,13367,6950,8716,8263,1501,17488,17725,15176,3273,19064,2246,150,18064,1,25:04
2024-25,1630526,Jeremiah Robinson-Earl,Jeremiah,1610612740,NOP,New Orleans Pelicans,0022401085,2025-03-30T00:00:00,NOP vs. CHA,W,23.873333333333335,7.5,15.1,0.5,3.0,7.5,0.4,0.0,0.0,0.0,0.0,4.5,4.5,0.0,0.0,0.0,0.0,0.0,1.5,0.0,18.1,9.0,23.5,0,0,25.6,1,1,13086,1,13014,7667,8467,8526,6445,7299,7874,13505,14344,13505,14058,12195,15986,19908,16469,12854,8263,8846,17183,17725,9741,8157,19245,2246,150,17185,1,23:52
2024-25,1630171,Isaac Okoro,Isaac,1610612739,CLE,Cleveland Cavaliers,0022401081,2025-03-30T00:00:00,CLE vs. LAC,W,11.1,13.0,16.2,0.8,9.7,13.0,0.75,0.0,0.0,0.0,0.0,0.0,0.0,0.0,0.0,0.0,0.0,0.0,3.2,0.0,35.7,-32.4,35.7,0,0,45.4,1,1,13086,1,21658,1045,6810,1688,228,1310,1542,13505,14344,13505,14058,22137,23286,19908,16469,12854,8263,8846,9681,17725,883,24095,10594,2246,150,4073,1,11:06
2024-25,1631243,Mouhamed Gueye,Mouhamed,1610612737,ATL,Atlanta Hawks,0022401083,2025-03-30T00:00:00,ATL @ MIL,W,19.2,5.6,9.4,0.6,1.9,3.8,0.5,3.8,7.5,0.5,5.6,11.3,16.9,1.9,0.0,0.0,0.0,0.0,5.6,5.6,16.9,39.4,39.9,0,0,37.5,1,1,13086,1,16670,12631,18154,5394,10746,16098,3944,6185,2908,10625,1862,1776,1150,16837,16469,12854,8263,8846,3504,3158,10983,1020,7805,2246,150,8363,1,19:12
2024-25,1631221,Collin Gillespie,Collin,1610612756,PHX,Phoenix Suns,0022401088,2025-03-30T00:00:00,PHX vs. HOU,L,22.55,1.6,14.4,0.111,1.6,6.4,0.25,0.0,0.0,0.0,1.6,4.8,6.4,6.4,3.2,1.6,1.6,3.2,0.0,0.0,4.8,-31.9,28.4,0,0,25.5,1,13222,1,13222,14074,22036,9582,22520,11685,9786,11902,13505,14344,13505,9937,11462,11438,4873,5841,7995,4564,1159,20257,17725,22136,24021,15928,2246,150,17252,1,22:33
2024-25,1631101,Shaedon Sharpe,Shaedon,1610612757,POR,Portland Trail Blazers,0022401082,2025-03-30T00:00:00,POR @ NYK,L,39.416666666666664,9.1,16.4,0.556,1.8,7.3,0.25,0.9,2.7,0.333,1.8,4.6,6.4,2.7,2.7,1.8,0.9,0.9,0.9,4.6,21.0,3.7,38.3,0,0,37.4,1,13222,1,13222,740,4474,6498,7248,10962,7806,11902,13436,10642,13132,9143,12074,11414,13789,7412,7127,8027,8593,20107,5007,7071,10833,8849,2246,150,8401,1,39:25
2024-25,1642024,Alex Reese,Alex,1610612755,PHI,Philadelphia 76ers,0022401087,2025-03-30T00:00:00,PHI vs. TOR,L,21.053333333333335,1.7,6.8,0.25,0.0,5.1,0.0,0.0,0.0,0.0,1.7,8.5,10.3,0.0,0.0,1.7,0.0,0.0,0.0,0.0,3.4,-1.7,20.9,0,0,17.1,1,13222,1,13222,15254,21889,21741,20233,15070,12882,15070,13505,14344,13505,9549,3990,5166,19908,16469,7573,8263,8846,20257,17725,22801,13880,20762,2246,150,22261,1,21:03
2024-25,1628988,Aaron Holiday,Aaron,1610612745,HOU,Houston Rockets,0022401088,2025-03-30T00:00:00,HOU @ PHX,W,20.94,6.9,12.0,0.571,5.2,10.3,0.5,0.0,0.0,0.0,0.0,3.4,3.4,1.7,0.0,0.0,1.7,0.0,0.0,0.0,18.9,32.7,30.8,0,0,32.7,1,1,13086,1,15333,9227,13529,6538,2100,3142,3944,13505,14344,13505,14058,15413,18692,17312,16469,12854,4253,8846,20257,17725,8936,1664,14219,2246,150,11899,1,20:56
2024-25,203482,Kelly Olynyk,Kelly,1610612740,NOP,New Orleans Pelicans,0022401085,2025-03-30T00:00:00,NOP vs. CHA,W,20.0,9.0,16.2,0.556,0.0,0.0,0.0,5.4,7.2,0.75,5.4,5.4,10.8,3.6,5.4,3.6,0.0,3.6,3.6,7.2,23.4,-7.2,47.2,0,0,45.0,1,1,13086,1,16013,4700,6831,7248,15070,20945,15070,3528,3169,8186,2015,9782,4592,11087,1898,2093,8263,846,8427,1512,5204,16592,4255,2246,150,4259,1,20:00
2024-25,1642265,Rob Dillingham,Rob,1610612750,MIN,Minnesota Timberwolves,0022401084,2025-03-30T00:00:00,MIN vs. DET,W,2.216666666666667,0.0,16.2,0.0,0.0,0.0,0.0,0.0,0.0,0.0,0.0,0.0,0.0,16.2,0.0,0.0,0.0,0.0,0.0,0.0,0.0,-16.2,24.4,0,0,16.2,1,1,13086,1,25342,22635,6763,22635,15070,20945,15070,13505,14344,13505,14058,22137,23286,196,16469,12854,8263,8846,20257,17725,23200,20334,18700,2246,150,22608,1,2:13
2024-25,1641810,Antonio Reeves,Antonio,1610612740,NOP,New Orleans Pelicans,0022401085,2025-03-30T00:00:00,NOP vs. CHA,W,27.606666666666666,7.8,13.0,0.6,5.2,6.5,0.8,0.0,0.0,0.0,0.0,3.9,3.9,2.6,2.6,0.0,0.0,1.3,6.5,0.0,20.9,-2.6,26.9,0,0,32.6,1,1,13086,1,9867,7021,11785,5394,2036,9505,1389,13505,14344,13505,14058,13991,17538,14192,7848,12854,8263,5633,2382,17725,7193,14363,17045,2246,150,11937,1,27:36
2024-25,1631204,Marcus Sasser,Marcus,1610612765,DET,Detroit Pistons,0022401084,2025-03-30T00:00:00,DET @ MIN,L,6.333333333333333,5.7,17.1,0.333,5.7,11.4,0.5,0.0,0.0,0.0,0.0,5.7,5.7,17.1,5.7,0.0,0.0,5.7,0.0,0.0,17.1,-5.7,43.8,0,0,45.5,1,13222,1,13222,23441,12461,5743,17395,1571,2197,3944,13505,14344,13505,14058,9077,13062,164,1647,12854,8263,249,20257,17725,10796,15912,5782,2246,150,4023,1,6:20
2024-25,1630256,Jae'Sean Tate,Jae'Sean,1610612745,HOU,Houston Rockets,0022401088,2025-03-30T00:00:00,HOU @ PHX,W,12.805,2.8,5.6,0.5,0.0,0.0,0.0,2.8,5.6,0.5,0.0,5.6,5.6,14.1,2.8,5.6,2.8,2.8,0.0,2.8,8.4,0.0,58.8,0,0,45.0,1,1,13086,1,20837,19853,22976,8526,15070,20945,15070,8320,5016,10625,14058,9254,13232,386,7174,597,1938,1588,20257,9930,19567,12240,1370,2246,150,4280,1,12:48
2024-25,1630567,Scottie Barnes,Scottie,1610612761,TOR,Toronto Raptors,0022401087,2025-03-30T00:00:00,TOR @ PHI,W,27.55,5.2,15.7,0.333,0.0,2.6,0.0,1.3,2.6,0.5,0.0,6.5,6.5,5.2,0.0,1.3,0.0,0.0,0.0,1.3,11.8,15.7,31.4,0,0,26.1,1,1,13086,1,9909,13744,7573,17395,15070,18422,15070,12284,10946,10625,14058,7234,11096,6988,16469,9419,8263,8846,20257,15876,16386,5358,13780,2246,150,16848,1,27:33
2024-25,1627826,Ivica Zubac,Ivica,1610612746,LAC,LA Clippers,0022401081,2025-03-30T00:00:00,LAC @ CLE,L,36.598333333333336,6.9,13.8,0.5,0.0,0.0,0.0,0.0,0.0,0.0,3.0,9.8,12.8,2.0,1.0,0.0,2.0,1.0,3.0,0.0,13.8,1.0,37.0,1,0,32.5,1,13222,1,13222,2283,9202,10542,8526,15070,20945,15070,13505,14344,13505,5452,2697,2945,16485,15950,12854,3572,8058,10933,17725,14200,12169,9707,1,150,12018,1,36:36
2024-25,1642366,Quinten Post,Quinten,1610612744,GSW,Golden State Warriors,0022401086,2025-03-30T00:00:00,GSW @ SAS,W,17.716666666666665,6.1,18.3,0.333,2.0,12.2,0.167,0.0,0.0,0.0,0.0,4.1,4.1,2.0,2.0,2.0,0.0,2.0,2.0,2.0,14.2,4.1,26.2,0,0,26.4,1,1,13086,1,17765,11233,4384,17395,10002,1671,14236,13505,14344,13505,14058,13533,17149,16254,10349,6097,8263,3121,14963,12916,13702,10610,17473,2246,150,16611,1,17:43
2024-25,1629018,Gary Trent Jr.,Gary,1610612749,MIL,Milwaukee Bucks,0022401083,2025-03-30T00:00:00,MIL vs. ATL,L,28.883333333333333,2.5,11.2,0.222,1.2,7.5,0.167,6.2,6.2,1.0,0.0,3.7,3.7,0.0,1.2,0.0,0.0,0.0,2.5,2.5,12.5,0.0,15.7,0,0,17.4,1,13222,1,13222,8775,20474,14997,21205,13117,7452,14236,2650,4199,1,14058,14499,17962,19908,14115,12854,8263,8846,12827,11013,15634,12240,22949,2246,150,22099,1,28:53
2024-25,1641740,Jaylen Clark,Jaylen,1610612750,MIN,Minnesota Timberwolves,0022401084,2025-03-30T00:00:00,MIN vs. DET,W,18.205,4.0,7.9,0.5,0.0,2.0,0.0,4.0,5.9,0.667,0.0,4.0,4.0,0.0,0.0,0.0,0.0,2.0,5.9,2.0,11.9,2.0,16.6,0,0,15.8,1,1,13086,1,17439,17198,20401,8526,15070,19595,15070,5782,4568,9425,14058,13859,17429,19908,16469,12854,8263,3294,3039,13175,16277,11635,22622,2246,150,22781,1,18:12
2024-25,1630241,Sam Merrill,Sam,1610612739,CLE,Cleveland Cavaliers,0022401081,2025-03-30T00:00:00,CLE vs. LAC,W,22.283333333333335,3.2,11.3,0.286,3.2,11.3,0.286,0.0,0.0,0.0,1.6,4.8,6.5,3.2,0.0,1.6,0.0,0.0,3.2,1.6,9.7,-8.1,27.1,0,0,25.8,1,1,13086,1,14287,18927,14814,19630,5867,2249,11433,13505,14344,13505,9859,11287,11248,12193,16469,7930,8263,8846,9733,14574,18445,17005,16854,2246,150,17039,1,22:17
2024-25,1641737,Adem Bona,Adem,1610612755,PHI,Philadelphia 76ers,0022401087,2025-03-30T00:00:00,PHI vs. TOR,L,26.946666666666665,6.7,9.4,0.714,0.0,0.0,0.0,5.3,5.3,1.0,2.7,8.0,10.7,0.0,6.7,1.3,6.7,0.0,2.7,5.3,18.7,-22.7,48.9,0,0,45.4,1,13222,1,13222,10382,9736,18194,2752,15070,20945,15070,3598,5398,1,6170,4684,4731,19908,1037,9265,229,8846,12157,3567,9119,22272,3666,2246,150,4063,1,26:57
2024-25,1641741,Ricky Council IV,Ricky,1610612755,PHI,Philadelphia 76ers,0022401087,2025-03-30T00:00:00,PHI vs. TOR,L,35.833333333333336,6.0,15.1,0.4,1.0,4.0,0.25,4.0,6.0,0.667,2.0,9.0,11.1,3.0,1.0,0.0,0.0,0.0,0.0,4.0,17.1,-24.1,33.9,1,0,32.1,1,13222,1,13222,2802,11432,8490,14933,14525,15537,11902,5666,4431,9425,8350,3473,4365,12879,15817,12854,8263,8846,20257,6256,10771,22606,11925,1,150,12263,1,35:50
2024-25,1630166,Deni Avdija,Deni,1610612757,POR,Portland Trail Blazers,0022401082,2025-03-30T00:00:00,POR @ NYK,L,40.56666666666667,12.4,22.2,0.56,1.8,6.2,0.286,2.7,3.5,0.75,0.0,6.2,6.2,3.5,2.7,2.7,0.0,2.7,2.7,4.4,29.3,1.8,47.4,0,0,46.1,1,13222,1,13222,442,1287,1737,7232,11171,10172,11433,8659,8788,8186,14058,7872,11800,11251,7647,3992,8263,1795,12195,5272,2351,11754,4183,2246,150,3763,1,40:34
2024-25,1629611,Terance Mann,Terance,1610612737,ATL,Atlanta Hawks,0022401083,2025-03-30T00:00:00,ATL @ MIL,W,14.133333333333333,10.2,12.7,0.8,2.5,5.1,0.5,0.0,0.0,0.0,2.5,0.0,2.5,10.2,2.5,0.0,0.0,0.0,5.1,0.0,22.9,-7.6,38.7,0,0,38.2,1,1,13086,1,20122,3024,12320,1688,7980,12969,3944,13505,14344,13505,6476,22137,20711,1344,8053,12854,8263,8846,4387,17725,5538,16805,8581,2246,150,7891,1,14:08
2024-25,1631104,Blake Wesley,Blake,1610612759,SAS,San Antonio Spurs,0022401086,2025-03-30T00:00:00,SAS vs. GSW,L,26.846666666666668,2.7,6.7,0.4,0.0,2.7,0.0,1.3,5.4,0.25,1.3,1.3,2.7,2.7,2.7,2.7,0.0,0.0,2.7,4.0,6.7,-40.2,19.3,0,0,17.4,1,13222,1,13222,10463,20126,21892,14933,15070,18291,15070,12195,5365,13358,11011,21208,20492,13960,7584,3950,8263,8846,12116,6242,20918,24857,21497,2246,150,22116,1,26:51
2024-25,1630572,Sandro Mamukelashvili,Sandro,1610612759,SAS,San Antonio Spurs,0022401086,2025-03-30T00:00:00,SAS vs. GSW,L,25.066666666666666,8.6,14.4,0.6,1.4,5.7,0.25,1.4,2.9,0.5,2.9,12.9,15.8,5.7,2.9,0.0,1.4,0.0,4.3,1.4,20.1,-28.7,49.1,1,0,46.0,1,13222,1,13222,11944,5407,9589,5394,12310,11343,11902,11936,10303,10625,5660,1042,1485,5958,6950,12854,5093,8846,6257,15295,7831,23540,3576,1,150,3825,1,25:04
2024-25,1629027,Trae Young,Trae,1610612737,ATL,Atlanta Hawks,0022401083,2025-03-30T00:00:00,ATL @ MIL,W,37.13333333333333,3.9,15.5,0.25,1.9,8.7,0.222,8.7,10.7,0.818,0.0,2.9,2.9,18.4,1.9,1.9,0.0,1.0,2.9,7.8,18.4,12.6,53.4,1,0,45.6,1,1,13086,1,1898,17382,7807,20233,10459,5226,13288,1102,1124,7652,14058,17053,19973,125,10856,6569,8263,8190,11155,1160,9394,6562,2349,1,150,3999,1,37:08
2024-25,1629622,Max Strus,Max,1610612739,CLE,Cleveland Cavaliers,0022401081,2025-03-30T00:00:00,CLE vs. LAC,W,23.666666666666668,1.5,6.1,0.25,0.0,4.6,0.0,1.5,3.0,0.5,3.0,1.5,4.6,9.1,4.6,0.0,0.0,0.0,6.1,1.5,4.6,0.0,19.2,0,0,18.3,1,1,13086,1,13171,22146,22523,20233,15070,14288,15070,11751,9866,10625,5244,20831,15893,1917,2910,12854,8263,8846,2838,14918,22255,12240,21569,2246,150,21739,1,23:40
2024-25,1629675,Naz Reid,Naz,1610612750,MIN,Minnesota Timberwolves,0022401084,2025-03-30T00:00:00,MIN vs. DET,W,9.616666666666667,3.7,11.2,0.333,0.0,3.7,0.0,0.0,0.0,0.0,0.0,7.5,7.5,3.7,0.0,0.0,0.0,3.7,0.0,3.7,7.5,0.0,22.1,0,0,18.7,1,1,13086,1,22237,17725,14975,17395,15070,16114,15070,13505,14344,13505,14058,5516,9192,10670,16469,12854,8263,773,20257,7001,20329,12240,20094,2246,150,21528,1,9:37
2024-25,1642264,Stephon Castle,Stephon,1610612759,SAS,San Antonio Spurs,0022401086,2025-03-30T00:00:00,SAS vs. GSW,L,22.45,4.8,17.6,0.273,1.6,6.4,0.25,3.2,4.8,0.667,1.6,3.2,4.8,3.2,6.4,0.0,0.0,3.2,3.2,3.2,14.4,-40.1,18.6,0,0,24.1,1,13222,1,13222,14153,14909,5088,20048,11660,9717,11902,7314,6280,9425,9904,16057,15267,12276,1171,12854,8263,1149,9830,8537,13472,24844,21844,2246,150,18287,1,22:27
2024-25,1630183,Jaden McDaniels,Jaden,1610612750,MIN,Minnesota Timberwolves,0022401084,2025-03-30T00:00:00,MIN vs. DET,W,29.9,1.2,7.2,0.167,0.0,2.4,0.0,0.0,2.4,0.0,1.2,9.6,10.8,3.6,0.0,1.2,2.4,0.0,3.6,2.4,2.4,18.1,31.7,0,0,24.1,1,1,13086,1,7869,22490,21289,21938,15070,18789,15070,13505,11467,13505,11768,2889,4562,11052,16469,10139,2537,8846,8391,11318,23093,4540,13572,2246,150,18269,1,29:54
2024-25,1642278,Tyler Kolek,Tyler,1610612752,NYK,New York Knicks,0022401082,2025-03-30T00:00:00,NYK vs. POR,W,13.895,0.0,2.6,0.0,0.0,2.6,0.0,0.0,0.0,0.0,2.6,2.6,5.2,7.8,2.6,0.0,2.6,0.0,0.0,2.6,0.0,23.3,23.1,0,0,18.1,1,1,13086,1,20252,22635,24619,22635,15070,18464,15070,13505,14344,13505,6371,17967,14313,3114,7914,12854,2230,8846,20257,10671,23200,3190,19526,2246,150,21801,1,13:54
2024-25,1630625,Dalano Banton,Dalano,1610612757,POR,Portland Trail Blazers,0022401082,2025-03-30T00:00:00,POR @ NYK,L,18.716666666666665,0.0,11.5,0.0,0.0,5.8,0.0,0.0,0.0,0.0,1.9,0.0,1.9,7.7,0.0,0.0,0.0,1.9,1.9,1.9,0.0,-36.5,13.8,0,0,9.6,1,13222,1,13222,17025,22635,14407,22635,15070,11276,15070,13505,14344,13505,8734,22137,21959,3191,16469,12854,8263,3466,15556,13431,23200,24570,23538,2246,150,24509,1,18:43
2024-25,1628960,Grayson Allen,Grayson,1610612756,PHX,Phoenix Suns,0022401088,2025-03-30T00:00:00,PHX vs. HOU,L,18.316666666666666,3.9,9.8,0.4,2.0,3.9,0.5,3.9,3.9,1.0,0.0,0.0,0.0,3.9,2.0,2.0,0.0,0.0,0.0,3.9,13.8,-43.2,23.6,0,0,23.6,1,13222,1,13222,17345,17247,17357,14933,10318,15710,3944,5823,7985,1,14058,22137,23286,10130,10687,6416,8263,8846,20257,6484,14212,25074,19212,2246,150,18624,1,18:19
2024-25,1631311,Lester Quinones,Lester,1610612740,NOP,New Orleans Pelicans,0022401085,2025-03-30T00:00:00,NOP vs. CHA,W,11.95,6.0,9.0,0.667,3.0,6.0,0.5,0.0,0.0,0.0,0.0,3.0,3.0,3.0,0.0,0.0,0.0,0.0,3.0,0.0,15.1,6.0,23.2,0,0,24.1,1,1,13086,1,21308,11437,18657,3281,6459,10631,3944,13505,14344,13505,14058,16669,19691,12881,16469,12854,8263,8846,10652,17725,12844,9601,19437,2246,150,18258,1,11:57
2024-25,1642275,Tidjane Salaün,Tidjane,1610612766,CHA,Charlotte Hornets,0022401085,2025-03-30T00:00:00,CHA @ NOP,L,29.233333333333334,1.2,8.6,0.143,0.0,7.4,0.0,2.5,2.5,1.0,0.0,8.6,8.6,4.9,2.5,2.5,0.0,0.0,6.2,1.2,4.9,-14.8,27.6,0,0,23.4,1,13222,1,13222,8465,22466,19326,22260,15070,7642,15070,9159,11308,1,14058,3916,7274,7625,8393,4498,8263,8846,2760,16229,22049,19810,16511,2246,150,18735,1,29:14
2024-25,1627752,Taurean Prince,Taurean,1610612749,MIL,Milwaukee Bucks,0022401083,2025-03-30T00:00:00,MIL vs. ATL,L,26.283333333333335,2.7,6.8,0.4,2.7,6.8,0.4,1.4,1.4,1.0,1.4,4.1,5.5,0.0,1.4,1.4,1.4,0.0,4.1,1.4,9.6,-20.5,23.0,0,0,23.3,1,13222,1,13222,10915,19998,21731,14933,7422,8781,7874,12105,13633,1,10884,13393,13596,19908,13459,9078,5363,8846,6808,15574,18552,21711,19558,2246,150,18813,1,26:17
2024-25,1642270,Donovan Clingan,Donovan,1610612757,POR,Portland Trail Blazers,0022401082,2025-03-30T00:00:00,POR @ NYK,L,32.87,1.1,4.4,0.25,0.0,1.1,0.0,0.0,0.0,0.0,3.3,7.7,11.0,0.0,0.0,0.0,2.2,1.1,4.4,0.0,2.2,6.6,21.9,0,0,17.5,1,13222,1,13222,5272,22580,23875,20233,15070,20752,15070,13505,14344,13505,4773,5214,4454,19908,16469,12854,2969,7084,6069,17725,23136,9352,20206,2246,150,22068,1,32:52
2024-25,1631200,Kris Murray,Kris,1610612757,POR,Portland Trail Blazers,0022401082,2025-03-30T00:00:00,POR @ NYK,L,4.851666666666667,0.0,0.0,0.0,0.0,0.0,0.0,0.0,0.0,0.0,0.0,7.4,7.4,0.0,0.0,0.0,0.0,0.0,0.0,0.0,0.0,-89.0,8.9,0,0,7.4,1,13222,1,13222,24043,22635,24836,22635,15070,20945,15070,13505,14344,13505,14058,5646,9327,19908,16469,12854,8263,8846,20257,17725,23200,26080,24587,2246,150,24849,1,4:51
2024-25,1641752,Bobi Klintman,Bobi,1610612765,DET,Detroit Pistons,0022401084,2025-03-30T00:00:00,DET @ MIN,L,2.216666666666667,0.0,0.0,0.0,0.0,0.0,0.0,0.0,0.0,0.0,0.0,0.0,0.0,0.0,0.0,0.0,0.0,0.0,0.0,0.0,0.0,16.2,0.0,0,0,0.0,1,13222,1,13222,25342,22635,24836,22635,15070,20945,15070,13505,14344,13505,14058,22137,23286,19908,16469,12854,8263,8846,20257,17725,23200,5160,25228,2246,150,25259,1,2:13
2024-25,1629631,De'Andre Hunter,De'Andre,1610612739,CLE,Cleveland Cavaliers,0022401081,2025-03-30T00:00:00,CLE vs. LAC,W,21.401666666666667,6.7,15.1,0.444,3.4,10.1,0.333,0.0,0.0,0.0,0.0,1.7,1.7,5.0,1.7,1.7,0.0,0.0,6.7,0.0,16.8,18.5,29.8,0,0,30.3,1,1,13086,1,14990,9634,8368,13045,5480,3391,9209,13505,14344,13505,14058,20505,22327,7372,12000,7680,8263,8846,2195,17725,11039,4409,14960,2246,150,13735,1,21:24
2024-25,1629011,Mitchell Robinson,Mitchell,1610612752,NYK,New York Knicks,0022401082,2025-03-30T00:00:00,NYK vs. POR,W,13.993333333333334,2.6,2.6,1.0,0.0,0.0,0.0,0.0,0.0,0.0,2.6,7.7,10.3,5.1,5.1,0.0,5.1,0.0,0.0,0.0,5.1,48.9,35.5,0,0,30.9,1,1,13086,1,20205,20326,24622,1,15070,20945,15070,13505,14344,13505,6421,5137,5129,7142,2176,12854,476,8846,20257,17725,21938,583,10726,2246,150,13277,1,13:60
2024-25,1642354,KJ Simpson,KJ,1610612766,CHA,Charlotte Hornets,0022401085,2025-03-30T00:00:00,CHA @ NOP,L,35.333333333333336,3.1,12.2,0.25,1.0,5.1,0.2,2.0,2.0,1.0,2.0,1.0,3.1,4.1,1.0,2.0,0.0,0.0,2.0,2.0,9.2,-6.1,24.0,0,0,21.4,1,13222,1,13222,3201,19303,13218,20233,14427,12977,13429,10499,12609,1,8216,21939,19568,9722,15721,6073,8263,8846,14934,12890,18922,16116,18918,2246,150,20029,1,35:20
2024-25,1627814,Damion Lee,Damion,1610612756,PHX,Phoenix Suns,0022401088,2025-03-30T00:00:00,PHX vs. HOU,L,7.833333333333333,4.6,13.8,0.333,0.0,4.6,0.0,18.4,18.4,1.0,0.0,0.0,0.0,4.6,0.0,4.6,0.0,0.0,0.0,9.2,27.6,-9.2,48.3,0,0,41.4,1,13222,1,13222,22872,15512,10513,17395,15070,14200,15070,96,175,1,14058,22137,23286,8423,16469,1151,8263,8846,20257,596,2941,17521,3893,2246,150,5994,1,7:50
2024-25,1629022,Lonnie Walker IV,Lonnie,1610612755,PHI,Philadelphia 76ers,0022401087,2025-03-30T00:00:00,PHI vs. TOR,L,36.28333333333333,9.9,17.9,0.556,3.0,6.9,0.429,0.0,0.0,0.0,0.0,3.0,3.0,6.9,2.0,0.0,0.0,1.0,3.0,0.0,22.8,-10.9,34.8,0,0,35.7,1,13222,1,13222,2476,3299,4839,7248,6601,8576,7394,13505,14344,13505,14058,16810,19797,4067,10593,12854,8263,7991,10828,17725,5615,18283,11178,2246,150,9561,1,36:17
2024-25,1642266,Ja'Kobe Walter,Ja'Kobe,1610612761,TOR,Toronto Raptors,0022401087,2025-03-30T00:00:00,TOR @ PHI,W,34.166666666666664,5.3,11.6,0.455,3.2,5.3,0.6,4.2,4.2,1.0,3.2,5.3,8.4,4.2,1.1,3.2,1.1,0.0,1.1,3.2,17.9,1.1,45.9,0,0,42.1,1,1,13086,1,4116,13626,14325,12676,6055,12545,2992,5324,7387,1,5020,10104,7581,9349,15464,2815,7106,8846,19388,8699,9922,12116,4765,2246,150,5572,1,34:10
2024-25,1629750,Javonte Green,Javonte,1610612739,CLE,Cleveland Cavaliers,0022401081,2025-03-30T00:00:00,CLE vs. LAC,W,5.05,7.1,7.1,1.0,0.0,0.0,0.0,0.0,0.0,0.0,0.0,0.0,0.0,0.0,0.0,14.3,0.0,0.0,0.0,0.0,14.3,14.3,57.0,0,0,42.8,1,1,13086,1,23973,8628,21403,1,15070,20945,15070,13505,14344,13505,14058,22137,23286,19908,16469,50,8263,8846,20257,17725,13652,5903,1633,2246,150,5266,1,5:03
2024-25,1631306,Cole Swider,Cole,1610612761,TOR,Toronto Raptors,0022401087,2025-03-30T00:00:00,TOR @ PHI,W,18.4,5.9,13.7,0.429,3.9,9.8,0.4,0.0,0.0,0.0,2.0,5.9,7.8,0.0,0.0,0.0,0.0,2.0,3.9,0.0,15.7,13.7,25.0,0,0,27.4,1,1,13086,1,17275,11890,10664,13735,4175,3743,7874,13505,14344,13505,8588,8615,8570,19908,16469,12854,8263,3368,7395,17725,12263,6129,18257,2246,150,15871,1,18:24
2024-25,1630631,Jose Alvarado,Jose,1610612740,NOP,New Orleans Pelicans,0022401085,2025-03-30T00:00:00,NOP vs. CHA,W,30.466666666666665,4.7,18.9,0.25,1.2,8.3,0.143,3.5,3.5,1.0,2.4,3.5,5.9,4.7,5.9,2.4,0.0,0.0,1.2,2.4,14.2,1.2,29.5,0,0,30.7,1,1,13086,1,7345,15173,3832,20233,13463,5965,14649,6608,8796,1,7037,15100,12505,8112,1446,4819,8263,8846,18644,11488,13746,12027,15116,2246,150,13383,1,30:28
2024-25,1631157,Ryan Rollins,Ryan,1610612749,MIL,Milwaukee Bucks,0022401083,2025-03-30T00:00:00,MIL vs. ATL,L,27.666666666666668,3.9,7.8,0.5,2.6,3.9,0.667,2.6,2.6,1.0,0.0,5.2,5.2,6.5,1.3,0.0,0.0,1.3,6.5,2.6,13.0,-36.4,27.7,0,0,27.3,1,13222,1,13222,9822,17311,20524,8526,7819,15777,1957,8796,10966,1,14058,10267,14265,4699,13793,12854,8263,5646,2399,10637,15075,24559,16415,2246,150,15926,1,27:40
2024-25,1630596,Evan Mobley,Evan,1610612739,CLE,Cleveland Cavaliers,0022401081,2025-03-30T00:00:00,CLE vs. LAC,W,36.6,7.9,15.7,0.5,3.0,5.9,0.5,3.0,3.0,1.0,1.0,5.9,6.9,3.9,3.0,0.0,3.0,2.0,0.0,2.0,21.6,14.8,41.7,0,0,41.3,1,1,13086,1,2279,6914,7491,8526,6679,10937,3944,7953,10094,1,13389,8543,10354,10118,6638,12854,1755,3325,20257,13228,6513,5720,6773,2246,150,6021,1,36:36
2024-25,1630170,Devin Vassell,Devin,1610612759,SAS,San Antonio Spurs,0022401086,2025-03-30T00:00:00,SAS vs. GSW,L,20.483333333333334,8.8,17.6,0.5,3.5,8.8,0.4,0.0,1.8,0.0,0.0,5.3,5.3,5.3,1.8,0.0,0.0,0.0,0.0,3.5,21.1,-24.6,33.6,0,0,35.2,1,13222,1,13222,15651,5104,5164,8526,5116,5132,7874,13505,13236,13505,14058,10094,14111,6890,11709,12854,8263,8846,20257,7622,7012,22723,12142,2246,150,9990,1,20:29
2024-25,1626181,Norman Powell,Norman,1610612746,LAC,LA Clippers,0022401081,2025-03-30T00:00:00,LAC @ CLE,L,39.38333333333333,11.9,21.9,0.542,4.6,10.1,0.455,2.7,5.5,0.5,0.9,0.0,0.9,3.7,0.9,0.9,0.0,0.0,0.9,3.7,31.1,8.2,39.5,0,0,42.0,1,13222,1,13222,751,1596,1848,7965,2937,3429,7148,8482,5208,10625,13847,22137,23257,10918,16307,12598,8263,8846,20105,7246,1760,8520,8086,2246,150,5614,1,39:23
2024-25,1627732,Ben Simmons,Ben,1610612746,LAC,LA Clippers,0022401081,2025-03-30T00:00:00,LAC @ CLE,L,20.161666666666665,3.6,5.4,0.667,0.0,0.0,0.0,0.0,0.0,0.0,0.0,10.7,10.7,8.9,1.8,1.8,0.0,0.0,0.0,3.6,7.1,1.8,37.0,0,0,30.4,1,13222,1,13222,15898,18150,23214,3281,15070,20945,15070,13505,14344,13505,14058,2071,4684,2074,11616,7311,8263,8846,20257,7475,20603,11746,9724,2246,150,13671,1,20:10
2024-25,1629638,Nickeil Alexander-Walker,Nickeil,1610612750,MIN,Minnesota Timberwolves,0022401084,2025-03-30T00:00:00,MIN vs. DET,W,27.433333333333334,5.2,13.1,0.4,2.6,9.2,0.286,1.3,2.6,0.5,1.3,1.3,2.6,5.2,1.3,0.0,1.3,0.0,3.9,2.6,14.4,23.6,28.1,0,0,27.6,1,1,13086,1,9990,13665,11631,14933,7754,4560,11433,12271,10920,10625,11142,21264,20596,6940,13752,12854,5598,8846,7323,10567,13470,3122,16152,2246,150,15751,1,27:26
2024-25,1629610,DaQuan Jeffries,DaQuan,1610612766,CHA,Charlotte Hornets,0022401085,2025-03-30T00:00:00,CHA @ NOP,L,29.633333333333333,2.4,10.9,0.222,1.2,4.9,0.25,0.0,0.0,0.0,1.2,2.4,3.6,2.4,2.4,3.6,0.0,1.2,1.2,0.0,6.1,-6.1,22.6,0,0,20.7,1,13222,1,13222,8100,20591,15471,21205,13285,13537,11902,13505,14344,13505,11694,18396,18216,14776,8529,2040,8263,6155,18448,17725,21335,16097,19817,2246,150,20481,1,29:38
2024-25,1628404,Josh Hart,Josh,1610612752,NYK,New York Knicks,0022401082,2025-03-30T00:00:00,NYK vs. POR,W,38.155,4.7,9.4,0.5,0.9,2.8,0.333,2.8,3.8,0.75,0.9,6.6,7.5,8.5,0.9,2.8,0.0,0.9,3.8,2.8,13.2,3.8,42.6,0,0,35.9,1,1,13086,1,1293,15199,18063,8526,14820,17995,9209,8264,8307,8186,13699,7097,9076,2428,16176,3608,8263,8392,7819,9865,14862,10765,6341,2246,150,9478,1,38:09
2024-25,1630639,A.J. Lawson,A.J.,1610612761,TOR,Toronto Raptors,0022401087,2025-03-30T00:00:00,TOR @ PHI,W,4.95,0.0,14.5,0.0,0.0,14.5,0.0,0.0,0.0,0.0,7.3,14.5,21.8,0.0,0.0,0.0,0.0,0.0,0.0,0.0,0.0,-7.3,26.2,0,0,21.8,1,1,13086,1,24010,22635,9281,22635,15070,790,15070,13505,14344,13505,1033,651,350,19908,16469,12854,8263,8846,20257,17725,23200,16626,17488,2246,150,19780,1,4:57
2024-25,201144,Mike Conley,Mike,1610612750,MIN,Minnesota Timberwolves,0022401084,2025-03-30T00:00:00,MIN vs. DET,W,29.716666666666665,6.1,10.9,0.556,2.4,2.4,1.0,6.1,8.5,0.714,1.2,1.2,2.4,2.4,0.0,1.2,0.0,0.0,3.6,3.6,20.6,29.1,30.8,0,0,30.3,1,1,13086,1,8027,11347,15529,7248,8404,18764,1,2810,2207,9244,11715,21484,20958,14801,16469,10082,8263,8846,8317,7297,7403,2097,14222,2246,150,13729,1,29:43
2024-25,1629636,Darius Garland,Darius,1610612739,CLE,Cleveland Cavaliers,0022401081,2025-03-30T00:00:00,CLE vs. LAC,W,32.06666666666667,5.6,15.7,0.357,2.2,5.6,0.4,7.9,9.0,0.875,2.2,2.2,4.5,7.9,1.1,0.0,0.0,0.0,1.1,5.6,21.3,-2.2,37.4,0,0,35.9,1,1,13086,1,5915,12669,7520,17140,9068,11680,7874,1475,1881,6931,7436,18933,16072,3037,14992,12854,8263,8846,18977,3172,6790,14173,9424,2246,150,9431,1,32:04
2024-25,1630311,Pat Spencer,Pat,1610612744,GSW,Golden State Warriors,0022401086,2025-03-30T00:00:00,GSW @ SAS,W,10.2,7.1,10.6,0.667,3.5,7.1,0.5,0.0,0.0,0.0,0.0,0.0,0.0,14.1,0.0,0.0,0.0,0.0,7.1,0.0,17.6,17.6,38.8,0,0,35.3,1,1,13086,1,22028,8787,16057,3281,5082,8335,3944,13505,14344,13505,14058,22137,23286,381,16469,12854,8263,8846,1935,17725,10173,4695,8523,2246,150,9880,1,10:12
2024-25,1630611,Gui Santos,Gui,1610612744,GSW,Golden State Warriors,0022401086,2025-03-30T00:00:00,GSW @ SAS,W,23.583333333333332,3.1,9.2,0.333,0.0,4.6,0.0,0.0,0.0,0.0,4.6,1.5,6.1,9.2,0.0,3.1,0.0,0.0,3.1,0.0,6.1,27.5,36.3,0,0,27.5,1,1,13086,1,13240,19314,18469,17395,15070,14240,15070,13505,14344,13505,2829,20816,12041,1893,16469,3044,8263,8846,10477,17725,21315,2348,10134,2246,150,15808,1,23:35
2024-25,1642348,Justin Edwards,Justin,1610612755,PHI,Philadelphia 76ers,0022401087,2025-03-30T00:00:00,PHI vs. TOR,L,27.533333333333335,7.8,22.2,0.353,0.0,5.2,0.0,0.0,0.0,0.0,1.3,7.8,9.2,5.2,1.3,0.0,0.0,1.3,3.9,0.0,15.7,-27.5,33.2,0,0,30.1,1,13222,1,13222,9922,6972,1720,17268,15070,12637,15070,13505,14344,13505,11163,4951,6506,6982,13770,12854,8263,5612,7375,17725,12235,23336,12419,2246,150,13893,1,27:32
2024-25,1630542,Marcus Bagley,Marcus,1610612755,PHI,Philadelphia 76ers,0022401087,2025-03-30T00:00:00,PHI vs. TOR,L,25.863333333333333,2.8,9.7,0.286,0.0,5.6,0.0,0.0,0.0,0.0,2.8,7.0,9.7,0.0,0.0,0.0,2.8,0.0,1.4,0.0,5.6,-4.2,25.6,0,0,20.9,1,13222,1,13222,11283,19913,17485,19630,15070,11797,15070,13505,14344,13505,5905,6434,5741,19908,16469,12854,1976,8846,17656,17725,21682,15168,17874,2246,150,20354,1,25:52
2024-25,1642345,Oso Ighodaro,Oso,1610612756,PHX,Phoenix Suns,0022401088,2025-03-30T00:00:00,PHX vs. HOU,L,19.583333333333332,1.8,3.7,0.5,0.0,0.0,0.0,5.5,7.4,0.75,0.0,7.4,7.4,3.7,1.8,0.0,3.7,0.0,9.2,1.8,9.2,-40.4,32.7,0,0,27.6,1,13222,1,13222,16344,21688,24239,8526,15070,20945,15070,3400,3047,8186,14058,5747,9465,10855,11371,12854,1103,8846,901,13782,18905,24872,12786,2246,150,15734,1,19:35
2024-25,203500,Steven Adams,Steven,1610612745,HOU,Houston Rockets,0022401088,2025-03-30T00:00:00,HOU @ PHX,W,12.016666666666667,6.0,6.0,1.0,0.0,0.0,0.0,6.0,6.0,1.0,6.0,3.0,9.0,0.0,0.0,0.0,0.0,0.0,3.0,6.0,18.0,62.9,28.8,0,0,27.0,1,1,13086,1,21220,11546,22613,1,15070,20945,15070,2871,4493,1,1630,16750,6765,19908,16469,12854,8263,8846,10755,2635,9872,321,15671,2246,150,16178,1,12:01
2024-25,1630162,Anthony Edwards,Anthony,1610612750,MIN,Minnesota Timberwolves,0022401084,2025-03-30T00:00:00,MIN vs. DET,W,36.21666666666667,8.9,18.9,0.474,4.0,9.9,0.4,3.0,4.0,0.75,0.0,6.0,6.0,4.0,4.0,0.0,2.0,0.0,4.0,1.0,24.9,5.0,40.0,0,0,42.7,1,1,13086,1,2521,4822,3860,12072,4037,3565,7874,7863,7884,8186,14058,8415,12372,9997,3928,12854,3521,8846,7204,17420,4276,10131,7788,2246,150,5292,1,36:13
2024-25,1630228,Jonathan Kuminga,Jonathan,1610612744,GSW,Golden State Warriors,0022401086,2025-03-30T00:00:00,GSW @ SAS,W,6.566666666666666,5.5,11.0,0.5,0.0,0.0,0.0,11.0,11.0,1.0,0.0,5.5,5.5,0.0,5.5,0.0,0.0,0.0,5.5,5.5,21.9,49.3,23.0,0,0,27.4,1,1,13086,1,23340,13029,15414,8526,15070,20945,15070,491,1032,1,14058,9576,13581,19908,1825,12854,8263,8846,3724,3367,6266,570,19547,2246,150,15858,1,6:34
2024-25,203110,Draymond Green,Draymond,1610612744,GSW,Golden State Warriors,0022401086,2025-03-30T00:00:00,GSW @ SAS,W,21.266666666666666,10.2,15.2,0.667,3.4,6.8,0.5,0.0,0.0,0.0,0.0,8.5,8.5,3.4,1.7,1.7,0.0,0.0,3.4,1.7,23.7,20.3,42.3,0,0,42.3,1,1,13086,1,15095,3056,8195,3281,5422,8956,3944,13505,14344,13505,14058,4095,7525,11719,11945,7634,8263,8846,9130,14297,4980,3862,6465,2246,150,5491,1,21:16
2024-25,101108,Chris Paul,Chris,1610612759,SAS,San Antonio Spurs,0022401086,2025-03-30T00:00:00,SAS vs. GSW,L,17.616666666666667,4.1,6.1,0.667,4.1,6.1,0.667,0.0,0.0,0.0,0.0,2.0,2.0,8.2,6.1,2.0,0.0,0.0,4.1,0.0,12.3,-49.0,27.0,0,0,30.7,1,13222,1,13222,17847,16872,22489,3281,3814,10364,1957,13505,14344,13505,14058,19519,21710,2723,1305,6042,8263,8846,6881,17725,15860,25358,16969,2246,150,13438,1,17:37
2024-25,1630539,Kai Jones,Kai,1610612742,DAL,Dallas Mavericks,0022401077,2025-03-29T00:00:00,DAL @ CHI,W,31.45,8.0,9.2,0.875,0.0,0.0,0.0,1.1,1.1,1.0,4.6,3.4,8.0,3.4,0.0,4.6,2.3,1.1,2.3,1.1,17.2,4.6,52.5,0,0,42.4,1,1,13086,1,6450,6612,18471,1353,15070,20945,15070,12774,13972,1,2831,15424,8245,11590,16469,1167,2768,6680,13697,16683,10664,10349,2580,2246,150,5472,1,31:27
2024-25,1630169,Tyrese Haliburton,Tyrese,1610612754,IND,Indiana Pacers,0022401079,2025-03-29T00:00:00,IND @ OKC,L,28.673333333333332,7.5,15.1,0.5,5.0,11.3,0.444,2.5,2.5,1.0,1.3,3.8,5.0,3.8,0.0,2.5,0.0,0.0,1.3,2.5,22.6,-23.9,41.8,0,0,41.4,1,13222,1,13222,8956,7688,8495,8526,2246,2254,7211,9018,11182,1,11456,14424,14740,10602,16469,4350,8263,8846,18243,10954,5781,22537,6723,2246,150,5961,1,28:40
2024-25,1631216,Caleb Houstan,Caleb,1610612753,ORL,Orlando Magic,0022401074,2025-03-29T00:00:00,ORL vs. SAC,W,25.288333333333334,8.5,10.0,0.857,8.5,10.0,0.857,0.0,0.0,0.0,0.0,5.7,5.7,2.8,1.4,0.0,0.0,0.0,2.8,0.0,25.6,24.2,35.3,0,0,42.7,1,1,13086,1,11757,5546,17117,1412,362,3532,1329,13505,14344,13505,14058,9058,13035,13450,13151,12854,8263,8846,11433,17725,3864,2986,10866,2246,150,5309,1,25:17
2024-25,1626167,Myles Turner,Myles,1610612754,IND,Indiana Pacers,0022401079,2025-03-29T00:00:00,IND @ OKC,L,20.133333333333333,3.6,10.7,0.333,0.0,1.8,0.0,12.5,17.9,0.7,3.6,5.4,8.9,1.8,5.4,0.0,0.0,1.8,0.0,8.9,19.7,-1.8,27.7,0,0,30.4,1,13222,1,13222,15915,18138,15839,17395,15070,19932,15070,295,197,9366,4251,9865,6836,17120,1940,12854,8263,3935,20257,677,8187,13918,16417,2246,150,13634,1,20:08
2024-25,1629656,Quentin Grimes,Quentin,1610612755,PHI,Philadelphia 76ers,0022401076,2025-03-29T00:00:00,PHI vs. MIA,L,30.0,7.2,16.8,0.429,3.6,8.4,0.429,0.0,1.2,0.0,1.2,3.6,4.8,3.6,3.6,0.0,0.0,2.4,2.4,1.2,18.0,-26.4,25.6,0,0,30.0,1,13222,1,13222,7781,8449,6041,13735,4925,5747,7394,13505,13884,13505,11795,14927,15301,11087,4775,12854,8263,2220,13205,16407,9827,23110,17898,2246,150,13941,1,30:00
2024-25,1630532,Franz Wagner,Franz,1610612753,ORL,Orlando Magic,0022401074,2025-03-29T00:00:00,ORL vs. SAC,W,23.8,12.1,18.2,0.667,3.0,9.1,0.333,4.5,6.1,0.75,1.5,1.5,3.0,4.5,0.0,0.0,0.0,0.0,3.0,6.1,31.8,24.2,42.2,0,0,42.4,1,1,13086,1,13075,1460,4501,3281,6418,4702,9209,4772,4402,8186,10262,20851,19647,8557,16469,12854,8263,8846,10598,2556,1576,2984,6526,2246,150,5472,1,23:48
2024-25,203926,Doug McDermott,Doug,1610612758,SAC,Sacramento Kings,0022401074,2025-03-29T00:00:00,SAC @ ORL,L,13.25,8.2,19.0,0.429,5.4,16.3,0.333,0.0,0.0,0.0,0.0,0.0,0.0,0.0,0.0,0.0,0.0,0.0,0.0,0.0,21.7,2.7,21.7,0,0,27.2,1,13222,1,13222,20626,6299,3745,13735,1808,479,9209,13505,14344,13505,14058,22137,23286,19908,16469,12854,8263,8846,20257,17725,6435,11254,20295,2246,150,16041,1,13:15
2024-25,1642264,Stephon Castle,Stephon,1610612759,SAS,San Antonio Spurs,0022401080,2025-03-29T00:00:00,SAS vs. BOS,L,29.516666666666666,8.5,22.0,0.389,1.2,8.5,0.143,8.5,12.2,0.7,0.0,2.4,2.4,9.8,0.0,1.2,0.0,2.4,2.4,6.1,26.8,-13.4,48.1,0,0,42.7,1,13222,1,13222,8205,5548,1841,16009,13263,5516,14649,1165,720,9366,14058,18362,20916,1560,16469,10019,8263,2137,13036,2507,3278,19273,3958,2246,150,5315,1,29:31
2024-25,1641798,Jaylen Martin,Jaylen,1610612764,WAS,Washington Wizards,0022401075,2025-03-29T00:00:00,WAS vs. BKN,L,30.366666666666667,5.9,11.9,0.5,1.2,4.7,0.25,2.4,2.4,1.0,2.4,4.7,7.1,3.6,0.0,0.0,0.0,1.2,3.6,1.2,15.4,10.7,29.3,0,0,27.3,1,13222,1,13222,7443,11719,13858,8526,13445,13862,11902,9404,11567,1,7015,11590,9928,11225,16469,12854,8263,6368,8577,16479,12504,7384,15298,2246,150,15978,1,30:22
2024-25,202709,Cory Joseph,Cory,1610612753,ORL,Orlando Magic,0022401074,2025-03-29T00:00:00,ORL vs. SAC,W,22.6,1.6,6.4,0.25,1.6,6.4,0.25,0.0,0.0,0.0,0.0,11.2,11.2,9.6,1.6,1.6,0.0,0.0,1.6,0.0,4.8,23.9,35.7,0,0,30.3,1,1,13086,1,14030,22039,22242,20233,11695,9817,11902,13505,14344,13505,14058,1826,4276,1671,12363,8014,8263,8846,16894,17725,22144,3055,10592,2246,150,13746,1,22:36
2024-25,1641815,Isaiah Stevens,Isaiah,1610612748,MIA,Miami Heat,0022401076,2025-03-29T00:00:00,MIA @ PHI,W,2.0,0.0,0.0,0.0,0.0,0.0,0.0,0.0,0.0,0.0,0.0,0.0,0.0,0.0,0.0,18.0,0.0,0.0,0.0,0.0,0.0,36.0,54.0,0,0,36.0,1,1,13086,1,25452,22635,24836,22635,15070,20945,15070,13505,14344,13505,14058,22137,23286,19908,16469,30,8263,8846,20257,17725,23200,1287,2201,2246,150,9360,1,2:00
2024-25,1630167,Obi Toppin,Obi,1610612754,IND,Indiana Pacers,0022401079,2025-03-29T00:00:00,IND @ OKC,L,22.15,8.1,14.6,0.556,3.3,9.8,0.333,0.0,0.0,0.0,1.6,3.3,4.9,8.1,3.3,0.0,3.3,0.0,3.3,1.6,19.5,-22.8,44.0,0,0,42.3,1,13222,1,13222,14386,6358,9163,7248,5809,3779,9209,13505,14344,13505,9824,15932,15120,2762,5659,12854,1429,8846,9647,14541,8369,22283,5645,2246,150,5517,1,22:09
2024-25,1641721,Maxwell Lewis,Maxwell,1610612751,BKN,Brooklyn Nets,0022401075,2025-03-29T00:00:00,BKN @ WAS,W,17.366666666666667,2.1,12.4,0.167,2.1,8.3,0.25,0.0,0.0,0.0,2.1,6.2,8.3,0.0,2.1,0.0,2.1,2.1,6.2,0.0,6.2,-4.1,20.3,0,0,20.7,1,1,13086,1,18025,21281,12839,21938,9803,5932,11902,13505,14344,13505,8066,7857,7779,19908,10144,12854,3275,2991,2688,17725,21241,15146,21017,2246,150,20446,1,17:22
2024-25,1641741,Ricky Council IV,Ricky,1610612755,PHI,Philadelphia 76ers,0022401076,2025-03-29T00:00:00,PHI vs. MIA,L,27.283333333333335,6.6,15.8,0.417,0.0,5.3,0.0,4.0,5.3,0.75,0.0,7.9,7.9,5.3,2.6,0.0,0.0,0.0,0.0,5.3,17.2,-22.4,31.9,0,0,30.3,1,13222,1,13222,10113,9939,7370,14532,15070,12526,15070,5774,5497,8186,14058,4831,8427,6870,7740,12854,8263,8846,20257,3667,10676,22201,13375,2246,150,13674,1,27:17
2024-25,1627827,Dorian Finney-Smith,Dorian,1610612747,LAL,Los Angeles Lakers,0022401078,2025-03-29T00:00:00,LAL @ MEM,W,34.736666666666665,4.1,9.3,0.444,3.1,7.3,0.429,0.0,0.0,0.0,0.0,5.2,5.2,1.0,1.0,0.0,0.0,0.0,2.1,1.0,11.4,15.5,18.1,0,0,20.7,1,1,13086,1,3664,16739,18235,13045,6198,7925,7394,13505,14344,13505,14058,10330,14312,19573,15590,12854,8263,8846,14743,17242,16792,5411,22038,2246,150,20447,1,34:44
2024-25,1642267,Bub Carrington,Bub,1610612764,WAS,Washington Wizards,0022401075,2025-03-29T00:00:00,WAS vs. BKN,L,21.55,5.0,6.7,0.75,1.7,1.7,1.0,5.0,5.0,1.0,0.0,5.0,5.0,3.3,1.7,0.0,0.0,0.0,1.7,5.0,16.7,-6.7,26.1,0,0,26.7,1,13222,1,13222,14889,14354,21914,2107,11481,20079,1,4022,5899,1,14058,10852,14766,11850,12041,12854,8263,8846,16621,4094,11165,16372,17575,2246,150,16379,1,21:33
2024-25,1629026,Kenrich Williams,Kenrich,1610612760,OKC,Oklahoma City Thunder,0022401079,2025-03-29T00:00:00,OKC vs. IND,W,26.538333333333334,5.4,10.9,0.5,1.4,2.7,0.5,1.4,2.7,0.5,0.0,10.9,10.9,6.8,0.0,1.4,0.0,1.4,4.1,1.4,13.6,31.2,40.8,0,0,35.3,1,1,13086,1,10699,13203,15610,8526,12623,18240,3944,12148,10711,10625,14058,1982,4553,4312,16469,9155,8263,5372,6939,15641,14421,1810,7262,2246,150,9898,1,26:32
2024-25,1641732,Colby Jones,Colby,1610612764,WAS,Washington Wizards,0022401075,2025-03-29T00:00:00,WAS vs. BKN,L,28.516666666666666,8.8,13.9,0.636,1.3,6.3,0.2,6.3,8.8,0.714,0.0,2.5,2.5,5.0,1.3,3.8,0.0,0.0,3.8,7.6,25.2,7.6,46.0,0,0,41.7,1,13222,1,13222,9103,4993,10362,4689,13024,9954,13429,2579,1955,9244,14058,18118,20753,7354,14024,1864,8263,8846,7779,1282,4090,8849,4762,2246,150,5818,1,28:31
2024-25,1631166,Drew Timme,Drew,1610612751,BKN,Brooklyn Nets,0022401075,2025-03-29T00:00:00,BKN @ WAS,W,28.643333333333334,11.3,17.6,0.643,0.0,3.8,0.0,1.3,1.3,1.0,3.8,3.8,7.5,3.8,1.3,0.0,0.0,1.3,2.5,2.5,23.9,-15.1,37.3,0,0,35.2,1,1,13086,1,8991,1997,5141,4607,15070,16060,15070,12432,13806,1,3926,14412,9090,10586,14056,12854,8263,5895,12739,10940,4890,19939,9453,2246,150,9959,1,28:39
2024-25,1641774,Tristan Vukcevic,Tristan,1610612764,WAS,Washington Wizards,0022401075,2025-03-29T00:00:00,WAS vs. BKN,L,23.833333333333332,6.0,15.1,0.4,0.0,3.0,0.0,0.0,0.0,0.0,0.0,9.1,9.1,0.0,0.0,0.0,3.0,1.5,1.5,0.0,12.1,6.0,32.0,0,0,27.2,1,13222,1,13222,13048,11394,8412,14933,15070,17606,15070,13505,14344,13505,14058,3447,6641,19908,16469,12854,1668,4736,17169,17725,16056,9593,13307,2246,150,16025,1,23:50
2024-25,1629652,Luguentz Dort,Luguentz,1610612760,OKC,Oklahoma City Thunder,0022401079,2025-03-29T00:00:00,OKC vs. IND,W,33.06666666666667,8.7,12.0,0.727,6.5,7.6,0.857,0.0,0.0,0.0,0.0,5.4,5.4,0.0,1.1,2.2,1.1,1.1,0.0,0.0,24.0,18.5,39.2,0,0,42.5,1,1,13086,1,5096,5246,13635,2666,987,7137,1329,13505,14344,13505,14058,9684,13691,19908,15205,5481,6872,7155,20257,17725,4838,4407,8274,2246,150,5427,1,33:04
2024-25,1641737,Adem Bona,Adem,1610612755,PHI,Philadelphia 76ers,0022401076,2025-03-29T00:00:00,PHI vs. MIA,L,29.566666666666666,9.7,11.0,0.889,0.0,0.0,0.0,0.0,0.0,0.0,2.4,9.7,12.2,1.2,3.7,1.2,3.7,0.0,2.4,2.4,19.5,-6.1,46.9,1,0,42.6,1,13222,1,13222,8168,3552,15435,1318,15070,20945,15070,13505,14344,13505,6821,2783,3364,18959,4671,10035,1118,8846,13051,11207,8395,16101,4358,1,150,5340,1,29:34
2024-25,204001,Kristaps Porziņģis,Kristaps,1610612738,BOS,Boston Celtics,0022401080,2025-03-29T00:00:00,BOS @ SAS,W,25.283333333333335,5.7,15.7,0.364,1.4,5.7,0.25,2.8,2.8,1.0,4.3,7.1,11.4,1.4,4.3,0.0,2.8,0.0,7.1,8.5,15.7,-4.3,35.7,0,0,35.6,1,1,13086,1,11759,12432,7596,16861,12355,11461,11902,8222,10367,1,3209,6138,4060,18257,3382,12854,1877,8846,1878,807,12254,15208,10550,2246,150,9665,1,25:17
2024-25,1628436,Luke Kornet,Luke,1610612738,BOS,Boston Celtics,0022401080,2025-03-29T00:00:00,BOS @ SAS,W,31.233333333333334,8.1,11.5,0.7,0.0,0.0,0.0,1.2,2.3,0.5,8.1,10.4,18.4,4.6,0.0,1.2,0.0,0.0,3.5,3.5,17.3,24.2,49.8,1,0,42.6,1,1,13086,1,6669,6491,14429,3045,15070,20945,15070,12741,11757,10625,763,2309,802,8390,16469,10557,8263,8846,8870,7783,10538,2982,3331,1,150,5335,1,31:14
2024-25,1642276,Kel'el Ware,Kel'el,1610612748,MIA,Miami Heat,0022401076,2025-03-29T00:00:00,MIA @ PHI,W,30.533333333333335,7.1,7.1,1.0,1.2,1.2,1.0,0.0,0.0,0.0,4.7,11.8,16.5,2.4,0.0,1.2,2.4,0.0,1.2,1.2,15.3,1.2,49.3,1,0,42.4,1,1,13086,1,7291,8753,21470,1,13480,20652,1,13505,14344,13505,2655,1481,1263,15023,16469,10355,2629,8846,18660,16512,12592,12029,3506,1,150,5434,1,30:32
2024-25,1630170,Devin Vassell,Devin,1610612759,SAS,San Antonio Spurs,0022401080,2025-03-29T00:00:00,SAS vs. BOS,L,37.68333333333333,4.8,11.5,0.417,3.8,5.7,0.667,0.0,0.0,0.0,0.0,4.8,4.8,2.9,0.0,1.0,0.0,0.0,0.0,1.0,13.4,-11.5,26.3,0,0,26.7,1,13222,1,13222,1580,15027,14537,14532,4379,11378,1957,13505,14344,13505,14058,11495,15354,13393,16469,12308,8263,8846,20257,17530,14647,18517,17431,2246,150,16357,1,37:41
2024-25,1642377,Jaylen Wells,Jaylen,1610612763,MEM,Memphis Grizzlies,0022401078,2025-03-29T00:00:00,MEM vs. LAL,L,23.625,4.6,12.2,0.375,1.5,4.6,0.333,6.1,6.1,1.0,1.5,3.0,4.6,4.6,0.0,1.5,0.0,1.5,4.6,6.1,16.8,6.1,33.7,0,0,30.5,1,13222,1,13222,13211,15567,13280,16299,11949,14265,9209,2781,4359,1,10217,16562,15878,8475,16469,8300,8263,4680,5619,2509,11114,9571,12052,2246,150,13563,1,23:38
2024-25,1641710,Anthony Black,Anthony,1610612753,ORL,Orlando Magic,0022401074,2025-03-29T00:00:00,ORL vs. SAC,W,25.4,4.3,9.9,0.429,1.4,1.4,1.0,1.4,1.4,1.0,0.0,5.7,5.7,2.8,7.1,2.8,0.0,2.8,5.7,2.8,11.3,21.3,23.8,0,0,26.9,1,1,13086,1,11651,16456,17202,13735,12379,20363,1,11982,13574,1,14058,9119,13106,13484,855,3584,8263,1550,3439,9845,16849,3635,19086,2246,150,16210,1,25:24
2024-25,1629048,Goga Bitadze,Goga,1610612753,ORL,Orlando Magic,0022401074,2025-03-29T00:00:00,ORL vs. SAC,W,17.933333333333334,10.0,20.1,0.5,0.0,2.0,0.0,4.0,4.0,1.0,10.0,10.0,20.1,10.0,2.0,2.0,2.0,0.0,4.0,4.0,24.1,36.1,73.3,1,0,62.2,1,1,13086,1,17607,3183,2914,8526,15070,19542,15070,5673,7814,1,399,2548,518,1413,10482,6218,3467,8846,7097,6271,4739,1273,331,1,150,629,1,17:56
2024-25,1630559,Austin Reaves,Austin,1610612747,LAL,Los Angeles Lakers,0022401078,2025-03-29T00:00:00,LAL @ MEM,W,37.361666666666665,7.7,15.4,0.5,4.8,7.7,0.625,9.6,9.6,1.0,2.9,3.9,6.7,7.7,2.9,1.0,1.0,1.9,1.9,8.7,29.9,-4.8,52.4,0,0,53.0,1,1,13086,1,1766,7256,7943,8526,2532,6988,2868,798,1533,1,5610,14170,10641,3178,6880,12247,7730,3457,15539,762,2130,15481,2613,2246,150,1805,1,37:22
2024-25,1630590,Scotty Pippen Jr.,Scotty,1610612763,MEM,Memphis Grizzlies,0022401078,2025-03-29T00:00:00,MEM vs. LAL,L,18.301666666666666,11.8,15.7,0.75,5.9,7.9,0.75,2.0,2.0,1.0,0.0,5.9,5.9,9.8,2.0,2.0,0.0,0.0,7.9,9.8,31.5,-11.8,57.2,0,0,57.0,1,13222,1,13222,17360,1663,7495,2107,1378,6678,1542,10754,12809,1,14058,8544,12526,1517,10680,6407,8263,8846,1419,446,1648,18660,1592,2246,150,1155,1,18:18
2024-25,1641730,Noah Clowney,Noah,1610612751,BKN,Brooklyn Nets,0022401075,2025-03-29T00:00:00,BKN @ WAS,W,19.216666666666665,7.5,22.5,0.333,5.6,15.0,0.375,3.7,3.7,1.0,1.9,7.5,9.4,1.9,0.0,0.0,0.0,3.7,7.5,1.9,24.4,24.4,38.4,0,0,41.2,1,1,13086,1,16650,7780,1595,17395,1650,695,8800,6192,8382,1,8932,5508,6242,16842,16469,12854,8263,772,1649,13621,4580,2955,8769,2246,150,6066,1,19:13
2024-25,1629630,Ja Morant,Ja,1610612763,MEM,Memphis Grizzlies,0022401078,2025-03-29T00:00:00,MEM vs. LAL,L,31.383333333333333,10.3,26.4,0.391,1.1,5.7,0.2,3.4,5.7,0.6,1.1,8.0,9.2,11.5,4.6,1.1,0.0,2.3,3.4,4.6,25.2,0.0,52.3,1,0,49.3,1,13222,1,13222,6521,2895,577,15984,13664,11372,13429,6811,4842,10343,12133,4659,6476,847,2866,10610,8263,2442,8931,4971,4097,12240,2642,1,150,2724,1,31:23
2024-25,1630592,Jalen Wilson,Jalen,1610612751,BKN,Brooklyn Nets,0022401075,2025-03-29T00:00:00,BKN @ WAS,W,23.256666666666668,7.7,13.9,0.556,6.2,10.8,0.571,9.3,9.3,1.0,3.1,7.7,10.8,4.6,1.5,0.0,0.0,0.0,1.5,6.2,31.0,-3.1,49.4,0,0,52.6,1,1,13086,1,13509,7187,10286,7248,1168,2638,3506,911,1716,1,5142,5100,4563,8323,12554,12854,8263,8846,17058,2403,1787,14620,3470,2246,150,1896,1,23:15
2024-25,1628365,Markelle Fultz,Markelle,1610612758,SAC,Sacramento Kings,0022401074,2025-03-29T00:00:00,SAC @ ORL,L,13.6,7.9,23.8,0.333,0.0,2.6,0.0,0.0,0.0,0.0,5.3,2.6,7.9,10.6,2.6,7.9,0.0,0.0,0.0,0.0,15.9,5.3,62.5,0,0,50.3,1,13222,1,13222,20422,6751,1112,17395,15070,18354,15070,13505,14344,13505,2098,17825,8379,1167,7707,218,8263,8846,20257,17725,12036,9957,920,2246,150,2450,1,13:36
2024-25,202692,Alec Burks,Alec,1610612748,MIA,Miami Heat,0022401076,2025-03-29T00:00:00,MIA @ PHI,W,19.883333333333333,12.7,23.5,0.538,10.9,21.7,0.5,0.0,0.0,0.0,1.8,3.6,5.4,0.0,0.0,1.8,0.0,3.6,3.6,0.0,36.2,25.3,48.2,0,0,56.1,1,1,13086,1,16109,1163,1215,7978,163,179,3944,13505,14344,13505,9204,14868,13726,19908,16469,7201,8263,832,8360,17725,792,2736,3929,2246,150,1283,1,19:53
2024-25,1628380,Zach Collins,Zach,1610612741,CHI,Chicago Bulls,0022401077,2025-03-29T00:00:00,CHI vs. DAL,L,17.566666666666666,10.2,16.4,0.625,4.1,8.2,0.5,2.0,2.0,1.0,6.1,8.2,14.3,4.1,2.0,0.0,0.0,0.0,4.1,6.1,26.6,18.4,48.0,0,0,49.2,1,13222,1,13222,17878,2969,6552,4899,3789,6087,3944,10463,12576,1,1544,4424,2080,9666,10263,12854,8263,8846,6840,2446,3368,4425,3996,2246,150,2770,1,17:34
2024-25,1630314,Brandon Williams,Brandon,1610612742,DAL,Dallas Mavericks,0022401077,2025-03-29T00:00:00,DAL @ CHI,W,15.931666666666667,6.8,18.1,0.375,0.0,2.3,0.0,13.6,13.6,1.0,0.0,2.3,2.3,6.8,2.3,2.3,0.0,0.0,0.0,9.0,27.1,15.8,44.5,0,0,40.7,1,1,13086,1,18982,9476,4583,16299,15070,19067,15070,232,524,1,14058,18891,21296,4319,9264,5182,8263,8846,20257,639,3154,5319,5417,2246,150,6397,1,15:56
2024-25,1629661,Cameron Johnson,Cameron,1610612751,BKN,Brooklyn Nets,0022401075,2025-03-29T00:00:00,BKN @ WAS,W,23.966666666666665,7.5,15.0,0.5,1.5,7.5,0.2,10.5,10.5,1.0,3.0,10.5,13.5,10.5,1.5,0.0,0.0,0.0,1.5,7.5,27.0,10.5,57.5,0,0,52.6,1,1,13086,1,12929,7744,8578,8526,12020,7375,13429,561,1184,1,5319,2217,2477,1198,12731,12854,8263,8846,17208,1323,3192,7463,1551,2246,150,1912,1,23:58
2024-25,1628369,Jayson Tatum,Jayson,1610612738,BOS,Boston Celtics,0022401080,2025-03-29T00:00:00,BOS @ SAS,W,35.88333333333333,10.0,22.1,0.455,2.0,9.0,0.222,7.0,7.0,1.0,1.0,9.0,10.0,8.0,1.0,0.0,1.0,0.0,1.0,3.0,29.1,9.0,55.2,1,0,51.2,1,1,13086,1,2764,3187,1787,12676,10133,4776,13288,1994,3347,1,13228,3490,5398,2863,15819,12854,7460,8846,19689,9201,2401,8167,1958,1,150,2238,1,35:53
2024-25,1630243,Trevelin Queen,Trevelin,1610612753,ORL,Orlando Magic,0022401074,2025-03-29T00:00:00,ORL vs. SAC,W,9.083333333333334,7.9,23.8,0.333,4.0,11.9,0.333,0.0,0.0,0.0,7.9,0.0,7.9,4.0,4.0,4.0,0.0,0.0,0.0,0.0,19.8,-19.8,43.2,0,0,43.6,1,1,13086,1,22416,6798,1128,17395,4067,1842,9209,13505,14344,13505,810,22137,8410,10032,3945,1674,8263,8846,20257,17725,8053,21497,6041,2246,150,4875,1,9:05
2024-25,203076,Anthony Davis,Anthony,1610612742,DAL,Dallas Mavericks,0022401077,2025-03-29T00:00:00,DAL @ CHI,W,30.05,8.4,27.6,0.304,0.0,4.8,0.0,4.8,8.4,0.571,1.2,7.2,8.4,6.0,0.0,1.2,2.4,0.0,2.4,6.0,21.6,-15.6,51.4,0,0,43.1,1,1,13086,1,7740,5827,442,19355,15070,13726,15070,4356,2268,10536,11801,6023,7642,5520,16469,10184,2563,8846,13227,2642,6584,20115,2870,2246,150,5075,1,30:03
2024-25,1628983,Shai Gilgeous-Alexander,Shai,1610612760,OKC,Oklahoma City Thunder,0022401079,2025-03-29T00:00:00,OKC vs. IND,W,31.195,11.5,26.5,0.435,3.5,6.9,0.5,11.5,13.8,0.833,3.5,4.6,8.1,9.2,0.0,1.2,0.0,3.5,2.3,10.4,38.1,19.6,65.1,0,0,61.2,1,1,13086,1,6709,1846,553,13702,5234,8618,3944,398,471,7275,4430,11942,8131,1846,16469,10549,8263,946,13611,349,602,4066,692,2246,150,716,1,31:12
2024-25,1630217,Desmond Bane,Desmond,1610612763,MEM,Memphis Grizzlies,0022401078,2025-03-29T00:00:00,MEM vs. LAL,L,32.968333333333334,13.1,19.7,0.667,5.5,8.7,0.625,0.0,0.0,0.0,1.1,3.3,4.4,6.6,0.0,2.2,0.0,0.0,2.2,0.0,31.7,2.2,53.3,0,0,52.4,1,13222,1,13222,5176,987,3221,3281,1775,5209,2868,13505,14344,13505,12537,15868,16368,4636,16469,5464,8263,8846,14174,17725,1590,11519,2379,2246,150,1943,1,32:58
2024-25,1642269,Devin Carter,Devin,1610612758,SAC,Sacramento Kings,0022401074,2025-03-29T00:00:00,SAC @ ORL,L,0.5333333333333333,0.0,0.0,0.0,0.0,0.0,0.0,0.0,0.0,0.0,0.0,0.0,0.0,0.0,0.0,67.5,0.0,0.0,0.0,0.0,0.0,135.0,202.5,0,0,135.0,1,13222,1,13222,26199,22635,24836,22635,15070,20945,15070,13505,14344,13505,14058,22137,23286,19908,16469,1,8263,8846,20257,17725,23200,31,11,2246,150,17,1,0:32
2024-25,202696,Nikola Vučević,Nikola,1610612741,CHI,Chicago Bulls,0022401077,2025-03-29T00:00:00,CHI vs. DAL,L,30.433333333333334,10.6,21.3,0.5,2.4,5.9,0.4,5.9,7.1,0.833,4.7,5.9,10.6,5.9,1.2,1.2,0.0,1.2,3.5,4.7,29.6,-11.8,53.6,0,0,50.9,1,13222,1,13222,7377,2559,2160,8526,8608,10904,7874,2951,3273,7275,2633,8518,4768,5649,14561,10323,8263,6387,8607,4657,2249,18679,2304,2246,150,2298,1,30:26
2024-25,1629632,Coby White,Coby,1610612741,CHI,Chicago Bulls,0022401077,2025-03-29T00:00:00,CHI vs. DAL,L,35.43333333333333,8.1,16.3,0.5,2.0,4.1,0.5,7.1,9.1,0.778,1.0,10.2,11.2,2.0,4.1,0.0,0.0,4.1,0.0,5.1,25.4,9.1,37.8,1,0,40.6,1,13222,1,13222,3125,6355,6744,8526,10002,15447,3944,1931,1797,8092,13128,2452,4257,16254,3755,12854,8263,632,20257,3952,3998,8117,9165,1,150,6419,1,35:26
2024-25,1631108,Max Christie,Max,1610612742,DAL,Dallas Mavericks,0022401077,2025-03-29T00:00:00,DAL @ CHI,W,14.475,0.0,7.5,0.0,0.0,2.5,0.0,0.0,0.0,0.0,0.0,2.5,2.5,2.5,0.0,2.5,0.0,0.0,2.5,2.5,0.0,12.4,14.2,0,0,9.9,1,1,13086,1,19892,22635,20988,22635,15070,18655,15070,13505,14344,13505,14058,18224,20839,14588,16469,4418,8263,8846,12854,11040,23200,6618,23438,2246,150,24437,1,14:29
2024-25,1630533,Ziaire Williams,Ziaire,1610612751,BKN,Brooklyn Nets,0022401075,2025-03-29T00:00:00,BKN @ WAS,W,24.883333333333333,0.0,7.2,0.0,0.0,4.3,0.0,0.0,0.0,0.0,0.0,4.3,4.3,2.9,1.4,2.9,0.0,0.0,4.3,0.0,0.0,10.1,16.8,0,0,13.0,1,1,13086,1,12108,22635,21281,22635,15070,14819,15070,13505,14344,13505,14058,12685,16437,13299,13021,3428,8263,8846,6170,17725,23200,7635,22567,2246,150,23708,1,24:53
2024-25,1629614,Andrew Nembhard,Andrew,1610612754,IND,Indiana Pacers,0022401079,2025-03-29T00:00:00,IND @ OKC,L,30.063333333333333,7.2,15.6,0.462,1.2,4.8,0.25,3.6,4.8,0.75,0.0,6.0,6.0,8.4,1.2,0.0,0.0,0.0,4.8,2.4,19.2,-18.0,37.7,0,0,34.7,1,13222,1,13222,7733,8496,7736,12428,13382,13729,11902,6504,6318,8186,14058,8361,12317,2529,14458,12854,8263,8846,5082,11373,8685,20922,9209,2246,150,10274,1,30:04
2024-25,1630553,Keon Johnson,Keon,1610612751,BKN,Brooklyn Nets,0022401075,2025-03-29T00:00:00,BKN @ WAS,W,30.633333333333333,5.9,10.6,0.556,5.9,8.2,0.714,0.0,0.0,0.0,0.0,4.7,4.7,3.5,2.4,0.0,1.2,1.2,4.7,0.0,17.6,5.9,29.7,0,0,34.1,1,1,13086,1,7181,11874,16099,7248,1403,6046,1861,13505,14344,13505,14058,11698,15561,11323,8862,12854,6333,6441,5281,17725,10191,9672,15000,2246,150,10789,1,30:38
2024-25,1629673,Jordan Poole,Jordan,1610612764,WAS,Washington Wizards,0022401075,2025-03-29T00:00:00,WAS vs. BKN,L,20.766666666666666,3.5,15.6,0.222,3.5,13.9,0.25,10.4,10.4,1.0,1.7,1.7,3.5,6.9,1.7,0.0,0.0,1.7,5.2,8.7,20.8,-8.7,33.6,0,0,34.7,1,13222,1,13222,15447,18392,7691,21205,5222,968,11902,583,1220,1,9464,20399,18622,4092,11800,12854,8263,4070,4191,763,7234,17273,12087,2246,150,10320,1,20:46
2024-25,1641727,Dariq Whitehead,Dariq,1610612751,BKN,Brooklyn Nets,0022401075,2025-03-29T00:00:00,BKN @ WAS,W,17.366666666666667,0.0,6.2,0.0,0.0,2.1,0.0,0.0,0.0,0.0,2.1,6.2,8.3,2.1,0.0,0.0,0.0,2.1,2.1,0.0,0.0,-4.1,13.1,0,0,10.4,1,1,13086,1,18025,22635,22402,22635,15070,19419,15070,13505,14344,13505,8066,7857,7779,16103,16469,12854,8263,2991,14737,17725,23200,15146,23752,2246,150,24360,1,17:22
2024-25,1627734,Domantas Sabonis,Domantas,1610612758,SAC,Sacramento Kings,0022401074,2025-03-29T00:00:00,SAC @ ORL,L,29.466666666666665,4.9,14.7,0.333,0.0,1.2,0.0,7.3,9.8,0.75,3.7,12.2,15.9,4.9,2.4,1.2,0.0,0.0,3.7,6.1,17.1,-26.9,44.7,1,0,40.3,1,13222,1,13222,8251,14701,9115,17395,15070,20594,15070,1780,1470,8186,4097,1266,1461,7711,8473,10000,8263,8846,8207,2491,10737,23221,5324,1,150,6593,1,29:28
2024-25,1628989,Kevin Huerter,Kevin,1610612741,CHI,Chicago Bulls,0022401077,2025-03-29T00:00:00,CHI vs. DAL,L,32.11666666666667,3.4,10.1,0.333,1.1,5.6,0.2,1.1,2.2,0.5,0.0,3.4,3.4,6.7,3.4,0.0,0.0,0.0,2.2,2.2,9.0,-14.6,19.7,0,0,20.2,1,13222,1,13222,5871,18614,16915,17395,13829,11709,13429,12854,11960,10625,14058,15611,18846,4394,5325,12854,8263,8846,13919,11976,19121,19739,21295,2246,150,20765,1,32:07
2024-25,1630550,JT Thor,JT,1610612764,WAS,Washington Wizards,0022401075,2025-03-29T00:00:00,WAS vs. BKN,L,23.45,3.1,9.2,0.333,0.0,0.0,0.0,1.5,3.1,0.5,4.6,4.6,9.2,0.0,0.0,1.5,0.0,1.5,3.1,1.5,7.7,0.0,23.3,0,0,20.0,1,13222,1,13222,13346,19279,18385,17395,15070,20945,15070,11724,9796,10625,2792,11964,6428,19908,16469,8253,8263,4641,10388,14852,20178,12240,19351,2246,150,20884,1,23:27
2024-25,201942,DeMar DeRozan,DeMar,1610612758,SAC,Sacramento Kings,0022401074,2025-03-29T00:00:00,SAC @ ORL,L,28.9,8.7,13.7,0.636,2.5,3.7,0.667,6.2,6.2,1.0,1.2,3.7,5.0,1.2,1.2,0.0,2.5,1.2,5.0,5.0,26.2,-18.7,40.2,0,0,39.9,1,13222,1,13222,8761,5232,10651,4689,8168,16127,1957,2655,4203,1,11504,14504,14836,18858,14122,12854,2394,5960,4643,4147,3602,21131,7608,2246,150,6860,1,28:54
2024-25,1629020,Jarred Vanderbilt,Jarred,1610612747,LAL,Los Angeles Lakers,0022401078,2025-03-29T00:00:00,LAL @ MEM,W,9.866666666666667,10.9,18.2,0.6,0.0,3.6,0.0,0.0,0.0,0.0,3.6,10.9,14.6,3.6,3.6,0.0,0.0,3.6,7.3,3.6,21.9,-3.6,41.2,0,0,40.1,1,1,13086,1,22143,2307,4413,5394,15070,16327,15070,13505,14344,13505,4121,1930,1962,10936,4675,12854,8263,819,1771,7264,6294,14871,7033,2246,150,6706,1,9:52
2024-25,1630205,Lamar Stevens,Lamar,1610612763,MEM,Memphis Grizzlies,0022401078,2025-03-29T00:00:00,MEM vs. LAL,L,8.185,0.0,4.4,0.0,0.0,4.4,0.0,0.0,0.0,0.0,0.0,0.0,0.0,0.0,4.4,0.0,0.0,0.0,4.4,0.0,0.0,-35.2,-4.4,0,0,0.0,1,13222,1,13222,22744,22635,23859,22635,15070,14686,15070,13505,14344,13505,14058,22137,23286,19908,3148,12854,8263,8846,6024,17725,23200,24427,26167,2246,150,25259,1,8:11
2024-25,1641720,Jalen Hood-Schifino,Jalen,1610612755,PHI,Philadelphia 76ers,0022401076,2025-03-29T00:00:00,PHI vs. MIA,L,12.95,2.8,8.3,0.333,0.0,2.8,0.0,0.0,0.0,0.0,0.0,0.0,0.0,5.6,5.6,0.0,0.0,0.0,2.8,0.0,5.6,-25.0,8.3,0,0,11.1,1,13222,1,13222,20763,19923,19732,17395,15070,18110,15070,13505,14344,13505,14058,22137,23286,6322,1763,12854,8263,8846,11728,17725,21694,22809,24653,2246,150,24194,1,12:57
2024-25,1630583,Santi Aldama,Santi,1610612763,MEM,Memphis Grizzlies,0022401078,2025-03-29T00:00:00,MEM vs. LAL,L,26.35,5.5,13.7,0.4,0.0,5.5,0.0,0.0,0.0,0.0,1.4,5.5,6.8,2.7,5.5,0.0,0.0,0.0,4.1,0.0,10.9,-9.6,17.8,0,0,20.5,1,13222,1,13222,10858,13088,10718,14933,15070,12046,15070,13505,14344,13505,10897,9629,10464,13812,1840,12854,8263,8846,6840,17725,17235,17702,22195,2246,150,20583,1,26:21
2024-25,1628976,Wendell Carter Jr.,Wendell,1610612753,ORL,Orlando Magic,0022401074,2025-03-29T00:00:00,ORL vs. SAC,W,16.866666666666667,6.4,8.5,0.75,6.4,6.4,1.0,6.4,8.5,0.75,0.0,8.5,8.5,0.0,0.0,0.0,0.0,2.1,6.4,6.4,25.6,40.6,35.9,0,0,40.6,1,1,13086,1,18343,10435,19432,2107,1059,9741,1,2497,2162,8186,14058,4003,7418,19908,16469,12854,8263,2820,2488,2179,3870,948,10467,2246,150,6472,1,16:52
2024-25,203109,Jae Crowder,Jae,1610612758,SAC,Sacramento Kings,0022401074,2025-03-29T00:00:00,SAC @ ORL,L,6.566666666666666,0.0,11.0,0.0,0.0,11.0,0.0,0.0,0.0,0.0,0.0,5.5,5.5,5.5,0.0,0.0,0.0,0.0,0.0,0.0,0.0,-5.5,14.8,0,0,11.0,1,13222,1,13222,23340,22635,15414,22635,15070,2521,15070,13505,14344,13505,14058,9576,13581,6462,16469,12854,8263,8846,20257,17725,23200,15827,23237,2246,150,24228,1,6:34
2024-25,203897,Zach LaVine,Zach,1610612758,SAC,Sacramento Kings,0022401074,2025-03-29T00:00:00,SAC @ ORL,L,28.733333333333334,3.8,10.0,0.375,1.3,2.5,0.5,3.8,3.8,1.0,0.0,2.5,2.5,3.8,6.3,0.0,0.0,1.3,2.5,6.3,12.5,-42.6,14.9,0,0,20.0,1,13222,1,13222,8889,17681,17013,16299,13084,18614,3944,6169,8354,1,14058,18173,20804,10628,1239,12854,8263,5917,12777,2321,15567,25024,23210,2246,150,20836,1,28:44
2024-25,1628371,Jonathan Isaac,Jonathan,1610612753,ORL,Orlando Magic,0022401074,2025-03-29T00:00:00,ORL vs. SAC,W,19.111666666666668,1.9,1.9,1.0,0.0,0.0,0.0,0.0,1.9,0.0,0.0,1.9,1.9,1.9,0.0,3.8,0.0,0.0,3.8,1.9,3.8,15.1,20.2,0,0,15.1,1,1,13086,1,16746,21608,24777,1,15070,20945,15070,13505,13019,13505,14058,20019,22029,16808,16469,1888,8263,8846,7850,13572,22659,5603,21080,2246,150,23039,1,19:07
2024-25,1630570,Trendon Watford,Trendon,1610612751,BKN,Brooklyn Nets,0022401075,2025-03-29T00:00:00,BKN @ WAS,W,24.033333333333335,4.5,13.5,0.333,1.5,4.5,0.333,0.0,0.0,0.0,0.0,3.0,3.0,1.5,6.0,0.0,3.0,1.5,3.0,1.5,10.5,-6.0,19.3,0,0,22.5,1,1,13086,1,12869,15801,11031,17395,12039,14445,9209,13505,14344,13505,14058,16750,19754,17984,1386,12854,1706,4785,10755,15006,17677,16054,21490,2246,150,19382,1,24:02
2024-25,1641716,Jarace Walker,Jarace,1610612754,IND,Indiana Pacers,0022401079,2025-03-29T00:00:00,IND @ OKC,L,26.721666666666668,4.0,10.8,0.375,2.7,6.7,0.4,2.7,2.7,1.0,0.0,5.4,5.4,5.4,1.3,1.3,0.0,0.0,2.7,1.3,13.5,-16.2,30.7,0,0,29.6,1,13222,1,13222,10550,16993,15738,16299,7561,9043,7874,8593,10764,1,14058,9814,13838,6654,13585,9204,8263,8846,12065,15696,14542,20313,14267,2246,150,14218,1,26:43
2024-25,1630558,Davion Mitchell,Davion,1610612748,MIA,Miami Heat,0022401076,2025-03-29T00:00:00,MIA @ PHI,W,32.3,2.2,8.9,0.25,1.1,5.6,0.2,1.1,2.2,0.5,0.0,1.1,1.1,8.9,3.3,2.2,0.0,0.0,2.2,2.2,6.7,20.1,24.7,0,0,22.3,1,1,13086,1,5727,20982,18845,20233,13864,11787,13429,12873,11995,10625,14058,21723,23061,2091,5371,5273,8263,8846,13965,12033,20929,3928,18460,2246,150,19492,1,32:18
2024-25,1629022,Lonnie Walker IV,Lonnie,1610612755,PHI,Philadelphia 76ers,0022401076,2025-03-29T00:00:00,PHI vs. MIA,L,20.533333333333335,7.0,15.8,0.444,3.5,10.5,0.333,0.0,0.0,0.0,0.0,1.8,1.8,3.5,0.0,1.8,0.0,0.0,0.0,0.0,17.5,-15.8,30.2,0,0,29.8,1,13222,1,13222,15619,8901,7432,13045,5129,2958,9209,13505,14344,13505,14058,20344,22225,11371,16469,7423,8263,8846,20257,17725,10289,20190,14696,2246,150,14095,1,20:32
2024-25,1631207,Dalen Terry,Dalen,1610612741,CHI,Chicago Bulls,0022401077,2025-03-29T00:00:00,CHI vs. DAL,L,26.155,4.1,8.3,0.5,2.8,4.1,0.667,0.0,0.0,0.0,2.8,4.1,6.9,5.5,1.4,1.4,0.0,0.0,5.5,0.0,11.0,13.8,30.3,0,0,28.9,1,13222,1,13222,11040,16777,19858,8526,7373,15278,1957,13505,14344,13505,5974,13333,10359,6413,13425,9035,8263,8846,3697,17725,17170,6095,14594,2246,150,14782,1,26:09
2024-25,1630542,Marcus Bagley,Marcus,1610612755,PHI,Philadelphia 76ers,0022401076,2025-03-29T00:00:00,PHI vs. MIA,L,18.25,2.0,5.9,0.333,0.0,3.9,0.0,0.0,0.0,0.0,0.0,9.9,9.9,0.0,2.0,2.0,5.9,0.0,2.0,2.0,3.9,-43.4,37.5,0,0,29.6,1,13222,1,13222,17404,21453,22696,17395,15070,15686,15070,13505,14344,13505,14058,2675,5580,19908,10649,6378,323,8846,15287,13198,22573,25091,9357,2246,150,14247,1,18:15
2024-25,1631099,Keegan Murray,Keegan,1610612758,SAC,Sacramento Kings,0022401074,2025-03-29T00:00:00,SAC @ ORL,L,29.966666666666665,4.8,10.8,0.444,1.2,4.8,0.25,0.0,0.0,0.0,0.0,3.6,3.6,0.0,0.0,0.0,3.6,0.0,2.4,0.0,10.8,-42.0,25.9,0,0,22.8,1,13222,1,13222,7812,14926,15676,13045,13356,13690,11902,13505,14344,13505,14058,14916,18312,19908,16469,12854,1144,8846,13194,17725,17359,24980,17652,2246,150,19123,1,29:58
2024-25,1628370,Malik Monk,Malik,1610612758,SAC,Sacramento Kings,0022401074,2025-03-29T00:00:00,SAC @ ORL,L,22.666666666666668,6.4,14.3,0.444,1.6,7.9,0.2,0.0,3.2,0.0,0.0,3.2,3.2,3.2,9.5,0.0,0.0,0.0,3.2,3.2,14.3,-46.1,13.3,0,0,22.2,1,13222,1,13222,13977,10554,9702,13045,11714,6552,13429,13505,9557,13505,14058,16169,19293,12398,370,12854,8263,8846,9965,8641,13615,25233,23684,2246,150,19531,1,22:40
2024-25,203935,Marcus Smart,Marcus,1610612764,WAS,Washington Wizards,0022401075,2025-03-29T00:00:00,WAS vs. BKN,L,7.466666666666667,4.8,14.5,0.333,0.0,0.0,0.0,4.8,4.8,1.0,0.0,4.8,4.8,9.6,0.0,4.8,0.0,0.0,0.0,4.8,14.5,9.6,49.2,0,0,38.6,1,13222,1,13222,23013,14881,9407,17395,15070,20945,15070,4309,6254,1,14058,11365,15242,1617,16469,1007,8263,8846,20257,4456,13447,7867,3551,2246,150,7653,1,7:28
2024-25,1627783,Pascal Siakam,Pascal,1610612754,IND,Indiana Pacers,0022401079,2025-03-29T00:00:00,IND @ OKC,L,27.133333333333333,5.3,14.6,0.364,1.3,6.6,0.2,2.7,5.3,0.5,2.7,9.3,11.9,1.3,2.7,0.0,1.3,2.7,1.3,2.7,14.6,-29.2,32.2,0,0,31.8,1,13222,1,13222,10243,13511,9207,16861,12742,9245,13429,8679,5451,10625,6220,3218,3545,18572,7678,12854,5533,1805,17916,10463,13291,23611,13133,2246,150,12502,1,27:08
2024-25,1629637,Jaxson Hayes,Jaxson,1610612747,LAL,Los Angeles Lakers,0022401078,2025-03-29T00:00:00,LAL @ MEM,W,17.1,2.1,2.1,1.0,0.0,0.0,0.0,0.0,0.0,0.0,0.0,10.5,10.5,0.0,2.1,0.0,0.0,0.0,8.4,4.2,4.2,6.3,14.7,0,0,14.7,1,1,13086,1,18200,21226,24739,1,15070,20945,15070,13505,14344,13505,14058,2211,4889,19908,9972,12854,8263,8846,1176,5812,22460,9464,23269,2246,150,23161,1,17:06
2024-25,203484,Kentavious Caldwell-Pope,Kentavious,1610612753,ORL,Orlando Magic,0022401074,2025-03-29T00:00:00,ORL vs. SAC,W,24.466666666666665,4.4,11.8,0.375,1.5,4.4,0.333,1.5,1.5,1.0,2.9,1.5,4.4,2.9,1.5,2.9,1.5,0.0,1.5,2.9,11.8,25.0,33.3,0,0,29.4,1,1,13086,1,12511,16025,13993,16299,12152,14645,9209,11845,13508,1,5471,20937,16250,13118,12892,3285,4957,8846,17340,9444,16375,2815,12388,2246,150,14378,1,24:28
2024-25,1628401,Derrick White,Derrick,1610612738,BOS,Boston Celtics,0022401080,2025-03-29T00:00:00,BOS @ SAS,W,40.016666666666666,3.6,11.7,0.308,2.7,10.8,0.25,1.8,2.7,0.667,0.9,6.3,7.2,5.4,1.8,0.0,0.9,0.0,0.9,0.9,11.7,9.0,29.3,0,0,28.8,1,1,13086,1,560,18086,14129,19226,7543,2680,11902,11242,10746,9425,13909,7698,9753,6639,11558,12854,8085,8846,20149,17664,16464,8182,15264,2246,150,14875,1,40:01
2024-25,1628389,Bam Adebayo,Bam,1610612748,MIA,Miami Heat,0022401076,2025-03-29T00:00:00,MIA @ PHI,W,28.0,6.4,18.0,0.357,2.6,2.6,1.0,5.1,6.4,0.8,2.6,6.4,9.0,6.4,1.3,0.0,0.0,1.3,1.3,3.9,20.6,29.6,39.7,0,0,38.6,1,1,13086,1,9543,10362,4664,17140,7910,18495,1,3825,3965,7681,6424,7444,6730,4815,13875,12854,8263,5724,18096,6686,7422,2022,7940,2246,150,7653,1,28:00
2024-25,1628997,Caleb Martin,Caleb,1610612742,DAL,Dallas Mavericks,0022401077,2025-03-29T00:00:00,DAL @ CHI,W,6.233333333333333,5.8,11.6,0.5,0.0,0.0,0.0,0.0,0.0,0.0,0.0,11.6,11.6,0.0,0.0,0.0,0.0,0.0,5.8,0.0,11.6,-69.3,25.4,0,0,23.1,1,1,13086,1,23489,12181,14384,8526,15070,20945,15070,13505,14344,13505,14058,1591,3896,19908,16469,12854,8263,8846,3262,17725,16613,25875,17984,2246,150,18933,1,6:14
2024-25,203914,Gary Harris,Gary,1610612753,ORL,Orlando Magic,0022401074,2025-03-29T00:00:00,ORL vs. SAC,W,7.416666666666667,4.9,19.4,0.25,0.0,4.9,0.0,0.0,0.0,0.0,4.9,4.9,9.7,4.9,4.9,0.0,0.0,0.0,0.0,0.0,9.7,43.7,23.8,0,0,24.3,1,1,13086,1,23027,14794,3407,20233,15070,13550,15070,13505,14344,13505,2500,11266,5788,7787,2515,12854,8263,8846,20257,17725,18439,752,19102,2246,150,18155,1,7:25
2024-25,1629312,Haywood Highsmith,Haywood,1610612748,MIA,Miami Heat,0022401076,2025-03-29T00:00:00,MIA @ PHI,W,33.46666666666667,5.4,9.7,0.556,3.2,7.5,0.429,0.0,0.0,0.0,1.1,5.4,6.5,3.2,1.1,2.2,0.0,0.0,2.2,1.1,14.0,19.4,31.9,0,0,31.2,1,1,13086,1,4761,13328,17612,7248,5875,7326,7394,13505,14344,13505,12672,9833,11265,12205,15299,5585,8263,8846,14351,17026,13953,4152,13363,2246,150,13002,1,33:28
2024-25,1642348,Justin Edwards,Justin,1610612755,PHI,Philadelphia 76ers,0022401076,2025-03-29T00:00:00,PHI vs. MIA,L,35.45333333333333,6.1,10.2,0.6,4.1,6.1,0.667,1.0,2.0,0.5,1.0,2.0,3.0,3.0,3.0,2.0,0.0,1.0,4.1,1.0,17.3,-16.2,28.5,0,0,31.5,1,13222,1,13222,3111,11246,16814,5394,3865,10457,1957,13196,12631,10625,13130,19560,19595,12776,6295,6104,8263,7771,6970,17332,10565,20350,15850,2246,150,12791,1,35:27
2024-25,201950,Jrue Holiday,Jrue,1610612738,BOS,Boston Celtics,0022401080,2025-03-29T00:00:00,BOS @ SAS,W,34.86666666666667,8.3,12.4,0.667,5.2,7.2,0.714,0.0,0.0,0.0,1.0,5.2,6.2,6.2,0.0,0.0,0.0,0.0,2.1,0.0,21.7,14.5,38.4,0,0,39.2,1,1,13086,1,3564,6063,12908,3281,2089,7990,1861,13505,14344,13505,13006,10385,11835,5166,16469,12854,8263,8846,14781,17725,6475,5837,8767,2246,150,7250,1,34:52
2024-25,1630198,Isaiah Joe,Isaiah,1610612760,OKC,Oklahoma City Thunder,0022401079,2025-03-29T00:00:00,OKC vs. IND,W,26.796666666666667,9.4,12.1,0.778,6.7,9.4,0.714,0.0,0.0,0.0,1.3,5.4,6.7,0.0,1.3,0.0,0.0,0.0,0.0,0.0,25.5,13.4,32.2,0,0,39.0,1,1,13086,1,10499,4021,13433,1994,885,4252,1861,13505,14344,13505,10999,9844,10703,19908,13604,12854,8263,8846,20257,17725,3924,6222,13132,2246,150,7405,1,26:48
2024-25,203084,Harrison Barnes,Harrison,1610612759,SAS,San Antonio Spurs,0022401080,2025-03-29T00:00:00,SAS vs. BOS,L,24.316666666666666,7.4,16.3,0.455,4.4,11.8,0.375,0.0,0.0,0.0,1.5,3.0,4.4,3.0,0.0,3.0,0.0,1.5,1.5,0.0,19.2,-7.4,37.9,0,0,37.0,1,13222,1,13222,12630,8004,6710,12676,3167,1874,8800,13505,14344,13505,10389,16850,16191,13053,16469,3245,8263,4842,17300,17725,8600,16683,9080,2246,150,8715,1,24:19
2024-25,203915,Spencer Dinwiddie,Spencer,1610612742,DAL,Dallas Mavericks,0022401077,2025-03-29T00:00:00,DAL @ CHI,W,35.96666666666667,6.0,11.0,0.545,2.0,4.0,0.5,0.0,1.0,0.0,0.0,8.0,8.0,11.0,1.0,0.0,1.0,1.0,3.0,1.0,14.0,0.0,42.1,1,0,37.0,1,1,13086,1,2700,11488,15340,7695,10153,15576,3944,13505,14215,13505,14058,4694,8257,999,15841,12854,7477,7914,10702,17396,13921,12240,6548,1,150,8705,1,35:58
2024-25,1642261,Dalton Knecht,Dalton,1610612747,LAL,Los Angeles Lakers,0022401078,2025-03-29T00:00:00,LAL @ MEM,W,5.383333333333334,6.7,13.4,0.5,0.0,6.7,0.0,0.0,0.0,0.0,6.7,0.0,6.7,13.4,0.0,0.0,0.0,0.0,6.7,0.0,13.4,20.1,41.5,0,0,33.4,1,1,13086,1,23824,9715,11184,8526,15070,9129,15070,13505,14344,13505,1284,22137,10755,468,16469,12854,8263,8846,2230,17725,14651,3930,6900,2246,150,11286,1,5:23
2024-25,1628392,Isaiah Hartenstein,Isaiah,1610612760,OKC,Oklahoma City Thunder,0022401079,2025-03-29T00:00:00,OKC vs. IND,W,14.333333333333334,5.0,12.6,0.4,0.0,2.5,0.0,0.0,0.0,0.0,0.0,12.6,12.6,2.5,2.5,0.0,0.0,0.0,7.5,0.0,10.0,2.5,26.4,0,0,25.1,1,1,13086,1,19991,14310,12645,14933,15070,18603,15070,13505,14344,13505,14058,1139,3090,14499,8192,12854,8263,8846,1613,17725,18111,11363,17369,2246,150,17584,1,14:20
2024-25,101108,Chris Paul,Chris,1610612759,SAS,San Antonio Spurs,0022401080,2025-03-29T00:00:00,SAS vs. BOS,L,35.21666666666667,5.1,8.2,0.625,2.0,5.1,0.4,0.0,0.0,0.0,0.0,5.1,5.1,5.1,1.0,0.0,0.0,0.0,2.0,0.0,12.3,-4.1,25.0,0,0,24.5,1,13222,1,13222,3299,14052,19973,4899,9940,12918,7874,13505,14344,13505,14058,10529,14490,7222,15691,12854,8263,8846,14899,17725,15856,15114,18255,2246,150,17986,1,35:13
2024-25,1629023,P.J. Washington,P.J.,1610612742,DAL,Dallas Mavericks,0022401077,2025-03-29T00:00:00,DAL @ CHI,W,32.11666666666667,9.0,16.8,0.533,1.1,5.6,0.2,2.2,2.2,1.0,1.1,6.7,7.8,2.2,2.2,0.0,2.2,1.1,4.5,2.2,21.3,9.0,38.6,0,0,37.0,1,1,13086,1,5871,4769,6021,8140,13829,11709,13429,9802,11960,1,12325,6847,8554,15468,9342,12854,2855,6868,5814,11976,6828,8193,8667,2246,150,8728,1,32:07
2024-25,1629029,Luka Dončić,Luka,1610612747,LAL,Los Angeles Lakers,0022401078,2025-03-29T00:00:00,LAL @ MEM,W,38.37166666666667,7.5,16.9,0.444,1.9,8.4,0.222,10.3,11.3,0.917,0.0,7.5,7.5,8.4,2.8,1.9,0.0,0.0,2.8,8.4,27.2,10.3,51.7,0,0,48.8,1,1,13086,1,1175,7754,5930,13045,10738,5678,13288,612,964,6748,14058,5487,9157,2471,7166,6885,8263,8846,11577,851,3107,7554,2781,2246,150,2894,1,38:22
2024-25,204456,T.J. McConnell,T.J.,1610612754,IND,Indiana Pacers,0022401079,2025-03-29T00:00:00,IND @ OKC,L,12.866666666666667,11.2,16.8,0.667,0.0,0.0,0.0,0.0,0.0,0.0,0.0,2.8,2.8,8.4,5.6,0.0,0.0,0.0,0.0,0.0,22.4,-30.8,32.7,0,0,33.6,1,13222,1,13222,20815,2102,6059,3281,15070,20945,15070,13505,14344,13505,14058,17403,20259,2518,1728,12854,8263,8846,20257,17725,5937,23857,12776,2246,150,11180,1,12:52
2024-25,1642259,Alex Sarr,Alex,1610612764,WAS,Washington Wizards,0022401075,2025-03-29T00:00:00,WAS vs. BKN,L,24.733333333333334,5.8,17.5,0.333,0.0,7.3,0.0,5.8,5.8,1.0,0.0,5.8,5.8,1.5,1.5,0.0,4.4,0.0,0.0,2.9,17.5,-10.2,38.3,0,0,33.5,1,13222,1,13222,12237,12044,5278,17395,15070,7873,15070,3059,4724,1,14058,8740,12714,18159,12985,12854,728,8846,20257,9551,10352,17969,8842,2246,150,11260,1,24:44
2024-25,1631245,Quenton Jackson,Quenton,1610612754,IND,Indiana Pacers,0022401079,2025-03-29T00:00:00,IND @ OKC,L,5.683333333333334,0.0,12.7,0.0,0.0,6.3,0.0,6.3,12.7,0.5,0.0,0.0,0.0,6.3,0.0,6.3,0.0,6.3,0.0,6.3,6.3,6.3,34.8,0,0,25.3,1,13222,1,13222,23709,22635,12441,22635,15070,9902,15070,2552,638,10625,14058,22137,23286,4968,16469,408,8263,199,20257,2254,21161,9457,11166,2246,150,17403,1,5:41
2024-25,1641794,Dillon Jones,Dillon,1610612760,OKC,Oklahoma City Thunder,0022401079,2025-03-29T00:00:00,OKC vs. IND,W,12.895,2.8,8.4,0.333,0.0,2.8,0.0,0.0,0.0,0.0,0.0,8.4,8.4,2.8,2.8,5.6,0.0,0.0,5.6,0.0,5.6,0.0,33.8,0,0,27.9,1,1,13086,1,20800,19897,19675,17395,15070,18076,15070,13505,14344,13505,14058,4191,7655,13609,7252,606,8263,8846,3575,17725,21673,12240,11992,2246,150,15486,1,12:54
2024-25,1631248,Baylor Scheierman,Baylor,1610612738,BOS,Boston Celtics,0022401080,2025-03-29T00:00:00,BOS @ SAS,W,18.95,3.8,7.6,0.5,3.8,7.6,0.5,1.9,3.8,0.5,1.9,1.9,3.8,3.8,1.9,0.0,0.0,1.9,1.9,1.9,13.3,-1.9,21.7,0,0,24.7,1,1,13086,1,16868,17566,20794,8526,4435,7182,3944,10949,8252,10625,8814,19972,17818,10497,11041,12854,8263,3546,15669,13510,14755,13979,20340,2246,150,17891,1,18:57
2024-25,1627936,Alex Caruso,Alex,1610612760,OKC,Oklahoma City Thunder,0022401079,2025-03-29T00:00:00,OKC vs. IND,W,18.516666666666666,5.8,9.7,0.6,0.0,3.9,0.0,0.0,0.0,0.0,1.9,7.8,9.7,3.9,3.9,0.0,0.0,0.0,7.8,0.0,11.7,42.8,25.3,0,0,25.3,1,1,13086,1,17179,12014,17533,5394,15070,15823,15070,13505,14344,13505,8645,5037,5770,10263,4107,12854,8263,8846,1475,17725,16505,786,18092,2246,150,17458,1,18:31
2024-25,202685,Jonas Valančiūnas,Jonas,1610612758,SAC,Sacramento Kings,0022401074,2025-03-29T00:00:00,SAC @ ORL,L,11.333333333333334,6.4,12.7,0.5,0.0,0.0,0.0,0.0,0.0,0.0,3.2,9.5,12.7,0.0,0.0,0.0,0.0,0.0,6.4,3.2,12.7,-22.2,28.0,0,0,25.4,1,13222,1,13222,21566,10554,12373,8526,15070,20945,15070,13505,14344,13505,4991,2976,2992,19908,16469,12854,8263,8846,2537,8641,15384,22141,16268,2246,150,17343,1,11:20
2024-25,1627759,Jaylen Brown,Jaylen,1610612738,BOS,Boston Celtics,0022401080,2025-03-29T00:00:00,BOS @ SAS,W,29.816666666666666,7.2,10.9,0.667,1.2,4.8,0.25,1.2,2.4,0.5,0.0,2.4,2.4,4.8,2.4,0.0,0.0,0.0,3.6,2.4,16.9,1.2,24.6,0,0,25.4,1,1,13086,1,7950,8351,15577,3281,13319,13628,11902,12560,11437,10625,14058,18443,20979,7838,8592,12854,8263,8846,8358,11287,10958,12010,18534,2246,150,17390,1,29:49
2024-25,1641824,Matas Buzelis,Matas,1610612741,CHI,Chicago Bulls,0022401077,2025-03-29T00:00:00,CHI vs. DAL,L,37.61666666666667,9.6,16.3,0.588,4.8,6.7,0.714,2.9,3.8,0.75,0.0,8.6,8.6,5.7,1.9,0.0,1.0,0.0,1.0,2.9,26.8,8.6,46.7,0,0,47.9,1,13222,1,13222,1622,3774,6730,6229,2587,9107,1861,8163,8184,8186,14058,3925,7293,5965,10974,12854,7767,8846,19926,9685,3298,8354,4443,2246,150,3201,1,37:37
2024-25,1641744,Zach Edey,Zach,1610612763,MEM,Memphis Grizzlies,0022401078,2025-03-29T00:00:00,MEM vs. LAL,L,26.5,9.5,13.6,0.7,0.0,0.0,0.0,0.0,2.7,0.0,6.8,8.2,14.9,2.7,1.4,1.4,4.1,0.0,5.4,4.1,19.0,1.4,56.0,1,0,47.5,1,13222,1,13222,10724,3870,10847,3045,15070,20945,15070,13505,10696,13505,1231,4483,1797,13854,13522,9144,877,8846,3795,6105,8839,11930,1813,1,150,3286,1,26:30
2024-25,1629639,Tyler Herro,Tyler,1610612748,MIA,Miami Heat,0022401076,2025-03-29T00:00:00,MIA @ PHI,W,33.56666666666667,11.8,18.2,0.647,5.4,9.7,0.556,3.2,3.2,1.0,2.1,1.1,3.2,7.5,2.1,0.0,0.0,0.0,1.1,4.3,32.2,2.1,45.2,0,0,48.3,1,1,13086,1,4670,1666,4424,4571,1883,3911,3747,7288,9485,1,7779,21818,19184,3390,9750,12854,8263,8846,19259,5616,1489,11543,5102,2246,150,3059,1,33:34
2024-25,1642382,Branden Carlson,Branden,1610612760,OKC,Oklahoma City Thunder,0022401079,2025-03-29T00:00:00,OKC vs. IND,W,12.601666666666667,2.9,14.3,0.2,0.0,8.6,0.0,5.7,5.7,1.0,2.9,5.7,8.6,0.0,0.0,2.9,5.7,0.0,2.9,2.9,11.4,5.7,47.4,0,0,37.1,1,1,13086,1,20942,19756,9719,21401,15070,5470,15070,3171,4874,1,5712,9014,7365,19908,16469,3531,361,8846,11380,9744,16757,9746,4169,2246,150,8624,1,12:36
2024-25,2544,LeBron James,LeBron,1610612747,LAL,Los Angeles Lakers,0022401078,2025-03-29T00:00:00,LAL @ MEM,W,37.45,9.6,20.2,0.476,1.9,4.8,0.4,2.9,3.8,0.75,1.0,4.8,5.8,7.7,2.9,2.9,1.0,0.0,2.9,3.8,24.0,-1.0,51.1,0,0,47.1,1,1,13086,1,1712,3704,2848,12010,10540,13688,7874,8138,8147,8186,13565,11414,12852,3195,6908,3453,7743,8846,11258,6727,4781,13508,2948,2246,150,3437,1,37:27
2024-25,1629640,Keldon Johnson,Keldon,1610612759,SAS,San Antonio Spurs,0022401080,2025-03-29T00:00:00,SAS vs. BOS,L,33.63333333333333,9.6,12.8,0.75,2.1,3.2,0.667,3.2,3.2,1.0,1.1,5.4,6.4,3.2,1.1,0.0,0.0,0.0,3.2,2.1,24.6,1.1,36.1,0,0,36.4,1,13222,1,13222,4603,3678,12134,2107,9503,17249,1957,7303,9499,1,12713,9899,11340,12261,15331,12854,8263,8846,9814,12436,4415,12102,10316,2246,150,9106,1,33:38
2024-25,1630573,Sam Hauser,Sam,1610612738,BOS,Boston Celtics,0022401080,2025-03-29T00:00:00,BOS @ SAS,W,23.95,6.0,19.5,0.308,4.5,16.5,0.273,0.0,0.0,0.0,1.5,1.5,3.0,1.5,0.0,1.5,0.0,0.0,3.0,0.0,16.5,-1.5,26.9,0,0,28.6,1,1,13086,1,12946,11468,3319,19226,3051,452,11838,13505,14344,13505,10304,20866,19709,17963,16469,8393,8263,8846,10681,17725,11352,13803,17021,2246,150,15019,1,23:57
2024-25,1630230,Naji Marshall,Naji,1610612742,DAL,Dallas Mavericks,0022401077,2025-03-29T00:00:00,DAL @ CHI,W,26.868333333333332,9.4,18.8,0.5,0.0,2.7,0.0,0.0,0.0,0.0,2.7,6.7,9.4,2.7,2.7,1.3,1.3,0.0,1.3,1.3,18.8,0.0,39.4,0,0,36.2,1,1,13086,1,10443,4067,3965,8526,15070,18298,15070,13505,14344,13505,6152,6890,6218,13969,7594,9247,5486,8846,17863,15726,9072,12240,8136,2246,150,9239,1,26:52
2024-25,203937,Kyle Anderson,Kyle,1610612748,MIA,Miami Heat,0022401076,2025-03-29T00:00:00,MIA @ PHI,W,20.116666666666667,5.4,19.7,0.273,0.0,3.6,0.0,0.0,0.0,0.0,3.6,3.6,7.2,3.6,1.8,1.8,0.0,5.4,1.8,0.0,10.7,3.6,28.3,0,0,25.1,1,1,13086,1,15932,13348,3194,20048,15070,16488,15070,13505,14344,13505,4245,14989,9839,11147,11597,7299,8263,303,16235,17725,17442,10865,16019,2246,150,17641,1,20:07
2024-25,1630702,Jaden Hardy,Jaden,1610612742,DAL,Dallas Mavericks,0022401077,2025-03-29T00:00:00,DAL @ CHI,W,8.916666666666666,8.1,16.1,0.5,4.0,12.1,0.333,4.0,4.0,1.0,0.0,0.0,0.0,0.0,0.0,0.0,0.0,0.0,4.0,0.0,24.2,-28.3,24.2,0,0,28.3,1,1,13086,1,22484,6474,6902,8526,3920,1722,9209,5628,7765,1,14058,22137,23286,19908,16469,12854,8263,8846,7034,17725,4662,23481,18786,2246,150,15240,1,8:55
2024-25,1631094,Paolo Banchero,Paolo,1610612753,ORL,Orlando Magic,0022401074,2025-03-29T00:00:00,ORL vs. SAC,W,29.36,11.0,23.3,0.474,1.2,6.1,0.2,6.1,13.5,0.455,2.5,4.9,7.4,7.4,1.2,1.2,0.0,2.5,0.0,8.6,29.4,27.0,51.7,0,0,47.8,1,1,13086,1,8341,2229,1279,12072,13232,10363,13429,2749,534,13032,6776,11147,9462,3566,14260,9975,8263,2120,20257,790,2287,2432,2770,2246,150,3215,1,29:22
2024-25,1642277,Johnny Furphy,Johnny,1610612754,IND,Indiana Pacers,0022401079,2025-03-29T00:00:00,IND @ OKC,L,5.816666666666666,0.0,0.0,0.0,0.0,0.0,0.0,0.0,0.0,0.0,0.0,12.4,12.4,0.0,0.0,0.0,6.2,0.0,0.0,0.0,0.0,6.2,33.4,0,0,24.8,1,13222,1,13222,23660,22635,24836,22635,15070,20945,15070,13505,14344,13505,14058,1196,3212,19908,16469,12854,279,8846,20257,17725,23200,9520,12247,2246,150,17849,1,5:49
2024-25,1631170,Jaime Jaquez Jr.,Jaime,1610612748,MIA,Miami Heat,0022401076,2025-03-29T00:00:00,MIA @ PHI,W,2.0,0.0,0.0,0.0,0.0,0.0,0.0,0.0,0.0,0.0,0.0,0.0,0.0,18.0,0.0,0.0,0.0,0.0,0.0,0.0,0.0,36.0,27.0,0,0,18.0,1,1,13086,1,25452,22635,24836,22635,15070,20945,15070,13505,14344,13505,14058,22137,23286,137,16469,12854,8263,8846,20257,17725,23200,1287,16937,2246,150,21859,1,2:00
2024-25,1628379,Luke Kennard,Luke,1610612763,MEM,Memphis Grizzlies,0022401078,2025-03-29T00:00:00,MEM vs. LAL,L,21.34,0.0,0.0,0.0,0.0,0.0,0.0,0.0,0.0,0.0,0.0,0.0,0.0,3.4,0.0,0.0,0.0,0.0,1.7,0.0,0.0,-15.2,5.1,0,0,3.4,1,13222,1,13222,15043,22635,24836,22635,15070,20945,15070,13505,14344,13505,14058,22137,23286,11759,16469,12854,8263,8846,16576,17725,23200,19969,25002,2246,150,25214,1,21:20
2024-25,1630172,Patrick Williams,Patrick,1610612741,CHI,Chicago Bulls,0022401077,2025-03-29T00:00:00,CHI vs. DAL,L,17.566666666666666,0.0,6.1,0.0,0.0,4.1,0.0,0.0,0.0,0.0,0.0,4.1,4.1,2.0,6.1,0.0,0.0,2.0,4.1,0.0,0.0,-38.9,1.8,0,0,6.1,1,13222,1,13222,17878,22635,22475,22635,15070,15347,15070,13505,14344,13505,14058,13417,17065,16192,1296,12854,8263,3059,6840,17725,23200,24770,25172,2246,150,24993,1,17:34
2024-25,1630528,Josh Christopher,Josh,1610612748,MIA,Miami Heat,0022401076,2025-03-29T00:00:00,MIA @ PHI,W,2.0,0.0,36.0,0.0,0.0,36.0,0.0,0.0,0.0,0.0,0.0,18.0,18.0,0.0,0.0,0.0,0.0,0.0,0.0,18.0,0.0,36.0,21.6,0,0,18.0,1,1,13086,1,25452,22635,120,22635,15070,24,15070,13505,14344,13505,14058,255,898,19908,16469,12854,8263,8846,20257,62,23200,1287,20357,2246,150,21859,1,2:00
2024-25,1642352,Keshad Johnson,Keshad,1610612748,MIA,Miami Heat,0022401076,2025-03-29T00:00:00,MIA @ PHI,W,2.0,0.0,0.0,0.0,0.0,0.0,0.0,0.0,0.0,0.0,0.0,18.0,18.0,0.0,0.0,0.0,0.0,0.0,0.0,0.0,0.0,36.0,21.6,0,0,18.0,1,1,13086,1,25452,22635,24836,22635,15070,20945,15070,13505,14344,13505,14058,255,898,19908,16469,12854,8263,8846,20257,17725,23200,1287,20357,2246,150,21859,1,2:00
2024-25,1631246,Vince Williams Jr.,Vince,1610612763,MEM,Memphis Grizzlies,0022401078,2025-03-29T00:00:00,MEM vs. LAL,L,17.831666666666667,2.0,8.1,0.25,2.0,6.1,0.333,0.0,0.0,0.0,0.0,6.1,6.1,4.0,0.0,0.0,0.0,0.0,4.0,4.0,6.1,-20.2,19.4,0,0,18.2,1,13222,1,13222,17690,21376,20129,20233,10075,10552,9209,13505,14344,13505,14058,8214,12151,9839,16469,12854,8263,8846,7033,6213,21353,21605,21466,2246,150,21791,1,17:50
2024-25,1630577,Julian Champagnie,Julian,1610612759,SAS,San Antonio Spurs,0022401080,2025-03-29T00:00:00,SAS vs. BOS,L,15.516666666666667,0.0,9.3,0.0,0.0,7.0,0.0,0.0,0.0,0.0,0.0,2.3,2.3,2.3,0.0,0.0,0.0,0.0,4.6,0.0,0.0,-23.2,6.3,0,0,4.6,1,13222,1,13222,19247,22635,18293,22635,15070,8542,15070,13505,14344,13505,14058,18699,21153,15152,16469,12854,8263,8846,5438,17725,23200,22384,24892,2246,150,25137,1,15:31
2024-25,1630643,Jay Huff,Jay,1610612763,MEM,Memphis Grizzlies,0022401078,2025-03-29T00:00:00,MEM vs. LAL,L,4.983333333333333,0.0,0.0,0.0,0.0,0.0,0.0,0.0,0.0,0.0,0.0,0.0,0.0,0.0,0.0,0.0,0.0,0.0,0.0,0.0,0.0,-57.8,0.0,0,0,0.0,1,13222,1,13222,23997,22635,24836,22635,15070,20945,15070,13505,14344,13505,14058,22137,23286,19908,16469,12854,8263,8846,20257,17725,23200,25629,25228,2246,150,25259,1,4:59
2024-25,1630692,Jordan Goodwin,Jordan,1610612747,LAL,Los Angeles Lakers,0022401078,2025-03-29T00:00:00,LAL @ MEM,W,8.18,0.0,8.8,0.0,0.0,4.4,0.0,0.0,0.0,0.0,4.4,0.0,4.4,0.0,0.0,0.0,0.0,0.0,0.0,0.0,0.0,17.6,5.3,0,0,4.4,1,1,13086,1,22750,22635,19017,22635,15070,14680,15070,13505,14344,13505,3050,22137,16279,19908,16469,12854,8263,8846,20257,17725,23200,4707,24983,2246,150,25161,1,8:11
2024-25,1630572,Sandro Mamukelashvili,Sandro,1610612759,SAS,San Antonio Spurs,0022401080,2025-03-29T00:00:00,SAS vs. BOS,L,16.566666666666666,4.3,10.9,0.4,2.2,4.3,0.5,2.2,4.3,0.5,4.3,0.0,4.3,0.0,0.0,0.0,2.2,2.2,2.2,4.3,13.0,-26.1,24.8,0,0,23.9,1,13222,1,13222,18554,16212,15579,14933,9347,14801,3944,10044,7113,10625,3107,22137,16415,19908,16469,12854,3006,2707,14229,5475,15049,23048,18436,2246,150,18398,1,16:34
2024-25,1626168,Trey Lyles,Trey,1610612758,SAC,Sacramento Kings,0022401074,2025-03-29T00:00:00,SAC @ ORL,L,24.633333333333333,1.5,5.8,0.25,0.0,4.4,0.0,2.9,2.9,1.0,0.0,10.2,10.2,1.5,1.5,1.5,1.5,0.0,2.9,1.5,5.8,-21.9,27.6,0,0,23.4,1,13222,1,13222,12343,22217,22763,20233,15070,14723,15070,8028,10165,1,14058,2404,5198,18126,12950,8571,4987,8846,11073,15174,21491,22050,16485,2246,150,18749,1,24:38
2024-25,203939,Dwight Powell,Dwight,1610612742,DAL,Dallas Mavericks,0022401077,2025-03-29T00:00:00,DAL @ CHI,W,7.6,0.0,0.0,0.0,0.0,0.0,0.0,0.0,0.0,0.0,0.0,0.0,0.0,0.0,0.0,4.7,0.0,0.0,14.2,0.0,0.0,42.6,14.2,0,0,9.5,1,1,13086,1,22952,22635,24836,22635,15070,20945,15070,13505,14344,13505,14058,22137,23286,19908,16469,1062,8263,8846,275,17725,23200,795,23426,2246,150,24532,1,7:36
2024-25,1631165,Keon Ellis,Keon,1610612758,SAC,Sacramento Kings,0022401074,2025-03-29T00:00:00,SAC @ ORL,L,18.3,0.0,3.9,0.0,0.0,2.0,0.0,0.0,0.0,0.0,2.0,0.0,2.0,2.0,0.0,0.0,0.0,0.0,7.9,0.0,0.0,-5.9,5.3,0,0,3.9,1,13222,1,13222,17361,22635,24118,22635,15070,19610,15070,13505,14344,13505,8535,22137,21863,16486,16469,12854,8263,8846,1416,17725,23200,16019,24979,2246,150,25192,1,18:18
2024-25,1628396,Tony Bradley,Tony,1610612754,IND,Indiana Pacers,0022401079,2025-03-29T00:00:00,IND @ OKC,L,4.516666666666667,8.0,8.0,1.0,0.0,0.0,0.0,0.0,0.0,0.0,0.0,8.0,8.0,0.0,0.0,0.0,0.0,0.0,0.0,0.0,15.9,31.9,25.5,0,0,23.9,1,13222,1,13222,24226,6686,20298,1,15070,20945,15070,13505,14344,13505,14058,4738,8320,19908,16469,12854,8263,8846,20257,17725,11976,1750,17936,2246,150,18387,1,4:31
2024-25,1642384,Isaiah Crawford,Isaiah,1610612758,SAC,Sacramento Kings,0022401074,2025-03-29T00:00:00,SAC @ ORL,L,2.3333333333333335,0.0,15.4,0.0,0.0,0.0,0.0,0.0,0.0,0.0,0.0,0.0,0.0,0.0,0.0,0.0,0.0,0.0,0.0,0.0,0.0,15.4,0.0,0,0,0.0,1,13222,1,13222,25302,22635,7920,22635,15070,20945,15070,13505,14344,13505,14058,22137,23286,19908,16469,12854,8263,8846,20257,17725,23200,5461,25228,2246,150,25259,1,2:20
2024-25,1641763,Julian Phillips,Julian,1610612741,CHI,Chicago Bulls,0022401077,2025-03-29T00:00:00,CHI vs. DAL,L,16.433333333333334,4.4,4.4,1.0,0.0,0.0,0.0,0.0,0.0,0.0,0.0,4.4,4.4,2.2,0.0,4.4,0.0,0.0,4.4,0.0,8.8,30.7,30.5,0,0,24.1,1,13222,1,13222,18635,16123,23869,1,15070,20945,15070,13505,14344,13505,14058,12571,16333,15661,16469,1317,8263,8846,6063,17725,19296,1872,14457,2246,150,18260,1,16:26
2024-25,1641783,Tristan da Silva,Tristan,1610612753,ORL,Orlando Magic,0022401074,2025-03-29T00:00:00,ORL vs. SAC,W,12.106666666666667,3.0,14.9,0.2,3.0,8.9,0.333,0.0,0.0,0.0,0.0,5.9,5.9,5.9,0.0,0.0,0.0,3.0,3.0,0.0,8.9,-5.9,25.0,0,0,23.8,1,1,13086,1,21188,19483,8796,21401,6615,4936,9209,13505,14344,13505,14058,8459,12416,5592,16469,12854,8263,1374,10835,17725,19164,16033,18309,2246,150,18472,1,12:06
2024-25,1630762,Phillip Wheeler,Phillip,1610612755,PHI,Philadelphia 76ers,0022401076,2025-03-29T00:00:00,PHI vs. MIA,L,6.13,0.0,17.6,0.0,0.0,5.9,0.0,0.0,0.0,0.0,5.9,0.0,5.9,0.0,5.9,0.0,0.0,0.0,0.0,0.0,0.0,0.0,1.2,0,0,5.9,1,13222,1,13222,23556,22635,5118,22635,15070,11018,15070,13505,14344,13505,1695,22137,12590,19908,1485,12854,8263,8846,20257,17725,23200,12240,25196,2246,150,25014,1,6:08
2024-25,1641717,Cason Wallace,Cason,1610612760,OKC,Oklahoma City Thunder,0022401079,2025-03-29T00:00:00,OKC vs. IND,W,30.303333333333335,5.9,11.9,0.5,2.4,4.8,0.5,2.4,2.4,1.0,1.2,1.2,2.4,3.6,1.2,2.4,1.2,1.2,0.0,1.2,16.6,8.3,34.3,0,0,32.1,1,1,13086,1,7492,11683,13804,8526,8569,13832,3944,9399,11557,1,11881,21546,21056,11199,14536,4780,6258,6358,20257,16466,11239,8479,11566,2246,150,12326,1,30:18
2024-25,1630581,Josh Giddey,Josh,1610612741,CHI,Chicago Bulls,0022401077,2025-03-29T00:00:00,CHI vs. DAL,L,26.678333333333335,4.0,16.2,0.25,0.0,4.0,0.0,2.7,2.7,1.0,2.7,8.1,10.8,5.4,5.4,0.0,2.7,2.7,1.3,1.3,10.8,-18.9,34.5,0,0,32.4,1,13222,1,13222,10586,16980,6843,20233,15070,15485,15070,8582,10747,1,6107,4567,4605,6640,1904,12854,2085,1745,17825,15682,17380,21205,11415,2246,150,12075,1,26:41
2024-25,1641767,Ben Sheppard,Ben,1610612754,IND,Indiana Pacers,0022401079,2025-03-29T00:00:00,IND @ OKC,L,21.85,4.9,13.2,0.375,3.3,9.9,0.333,3.3,3.3,1.0,0.0,6.6,6.6,3.3,0.0,0.0,1.6,0.0,1.6,3.3,16.5,-9.9,34.3,0,0,33.0,1,13222,1,13222,14613,14570,11517,16299,5680,3626,9209,7121,9322,1,14058,7124,10973,11999,16469,12854,4429,8846,16720,8267,11414,17838,11606,2246,150,11688,1,21:51
2024-25,1627824,Guerschon Yabusele,Guerschon,1610612755,PHI,Philadelphia 76ers,0022401076,2025-03-29T00:00:00,PHI vs. MIA,L,29.933333333333334,0.0,1.2,0.0,0.0,1.2,0.0,1.2,4.8,0.25,1.2,4.8,6.0,3.6,1.2,1.2,1.2,0.0,2.4,2.4,1.2,-20.4,19.8,0,0,15.6,1,13222,1,13222,7840,22635,24834,22635,15070,20620,15070,12578,6280,13358,11776,11395,12240,11063,14421,10152,6152,8846,13173,11330,23194,21693,21243,2246,150,22840,1,29:56
2024-25,1630174,Aaron Nesmith,Aaron,1610612754,IND,Indiana Pacers,0022401079,2025-03-29T00:00:00,IND @ OKC,L,22.091666666666665,4.9,13.0,0.375,1.6,4.9,0.333,0.0,0.0,0.0,3.3,3.3,6.5,0.0,0.0,1.6,1.6,0.0,6.5,1.6,11.4,-11.4,29.0,0,0,26.1,1,13222,1,13222,14425,14700,11792,16299,11601,13469,9209,13505,14344,13505,4822,15911,11139,19908,16469,7890,4482,8846,2386,14530,16782,18489,15481,2246,150,16885,1,22:06
2024-25,1642358,AJ Johnson,AJ,1610612764,WAS,Washington Wizards,0022401075,2025-03-29T00:00:00,WAS vs. BKN,L,42.25,5.1,11.9,0.429,2.6,6.0,0.429,4.3,5.1,0.833,0.0,0.9,0.9,3.4,1.7,0.0,0.9,0.0,0.9,2.6,17.0,-6.8,24.0,0,0,25.6,1,13222,1,13222,236,14049,13714,13735,7951,10776,7394,5235,5732,7275,14058,22124,23277,11667,11900,12854,8184,8846,20208,10775,10806,16430,18925,2246,150,17231,1,42:15
2024-25,1631213,Tyrese Martin,Tyrese,1610612751,BKN,Brooklyn Nets,0022401075,2025-03-29T00:00:00,BKN @ WAS,W,30.633333333333333,8.2,12.9,0.636,3.5,5.9,0.6,3.5,4.7,0.75,2.4,3.5,5.9,4.7,1.2,0.0,0.0,0.0,2.4,2.4,23.5,5.9,36.4,0,0,37.6,1,1,13086,1,7181,6161,11983,4689,5094,11006,2992,6655,6477,8186,7090,15159,12583,8185,14622,12854,8263,8846,13435,11541,5124,9672,10070,2246,150,8284,1,30:38
2024-25,1628418,Thomas Bryant,Thomas,1610612754,IND,Indiana Pacers,0022401079,2025-03-29T00:00:00,IND @ OKC,L,12.3,5.9,8.8,0.667,2.9,5.9,0.5,0.0,0.0,0.0,0.0,2.9,2.9,0.0,0.0,2.9,0.0,0.0,2.9,0.0,14.6,-11.7,26.9,0,0,26.3,1,13222,1,13222,21100,11936,19061,3281,6766,11060,3944,13505,14344,13505,14058,16985,19919,19908,16469,3327,8263,8846,11050,17725,13264,18623,17005,2246,150,16678,1,12:18
2024-25,1629216,Gabe Vincent,Gabe,1610612747,LAL,Los Angeles Lakers,0022401078,2025-03-29T00:00:00,LAL @ MEM,W,23.083333333333332,7.8,10.9,0.714,6.2,9.4,0.667,1.6,1.6,1.0,1.6,1.6,3.1,1.6,1.6,1.6,0.0,0.0,4.7,1.6,23.4,14.0,32.6,0,0,37.4,1,1,13086,1,13647,7065,15503,2752,1140,4301,1957,11670,13433,1,10081,20751,19435,17771,12513,8156,8263,8846,5342,14756,5210,5992,12886,2246,150,8408,1,23:05
2024-25,202691,Klay Thompson,Klay,1610612742,DAL,Dallas Mavericks,0022401077,2025-03-29T00:00:00,DAL @ CHI,W,30.391666666666666,7.1,15.4,0.462,5.9,11.8,0.5,3.6,3.6,1.0,0.0,1.2,1.2,1.2,0.0,0.0,0.0,0.0,0.0,2.4,23.7,4.7,26.9,0,0,32.0,1,1,13086,1,7420,8688,7961,12428,1363,1873,3944,6596,8781,1,14058,21554,22962,19069,16469,12854,8263,8846,20257,11472,4984,10261,17032,2246,150,12401,1,30:24
2024-25,1631104,Blake Wesley,Blake,1610612759,SAS,San Antonio Spurs,0022401080,2025-03-29T00:00:00,SAS vs. BOS,L,16.116666666666667,2.2,11.2,0.2,2.2,4.5,0.5,0.0,0.0,0.0,4.5,2.2,6.7,0.0,0.0,0.0,0.0,0.0,4.5,0.0,6.7,2.2,14.7,0,0,15.6,1,13222,1,13222,18846,20978,15072,21401,9104,14529,3944,13505,14344,13505,2963,18971,10728,19908,16469,12854,8263,8846,5849,17725,20921,11497,23266,2246,150,22839,1,16:07
2024-25,1630551,Justin Champagnie,Justin,1610612764,WAS,Washington Wizards,0022401075,2025-03-29T00:00:00,WAS vs. BKN,L,17.066666666666666,6.3,12.7,0.5,2.1,4.2,0.5,4.2,4.2,1.0,2.1,16.9,19.0,2.1,0.0,0.0,2.1,0.0,2.1,2.1,19.0,-25.3,51.3,0,0,46.4,1,13222,1,13222,18215,10626,12471,8526,9644,15074,3944,5312,7377,1,7924,338,704,15969,16469,12854,3178,8846,14569,12572,8874,22872,2908,2246,150,3693,1,17:04
2024-25,1641796,Pelle Larsson,Pelle,1610612748,MIA,Miami Heat,0022401076,2025-03-29T00:00:00,MIA @ PHI,W,30.0,6.0,13.2,0.455,2.4,2.4,1.0,2.4,3.6,0.667,3.6,3.6,7.2,4.8,1.2,4.8,2.4,1.2,3.6,3.6,16.8,30.0,53.0,0,0,45.6,1,1,13086,1,7781,11500,11480,12676,8487,18805,1,9340,8686,9425,4213,14927,9739,7920,14443,1025,2557,6258,8427,7390,11070,1959,2442,2246,150,3976,1,30:00
2024-25,1631114,Jalen Williams,Jalen,1610612760,OKC,Oklahoma City Thunder,0022401079,2025-03-29T00:00:00,OKC vs. IND,W,29.236666666666668,8.6,17.2,0.5,0.0,2.5,0.0,4.9,6.2,0.8,0.0,2.5,2.5,7.4,2.5,0.0,0.0,0.0,2.5,4.9,22.2,12.3,33.7,0,0,32.0,1,1,13086,1,8463,5400,5530,8526,15070,18696,15070,4154,4280,7681,14058,18293,20875,3527,8401,12854,8263,8846,12940,4253,6093,6670,12019,2246,150,12380,1,29:14
2024-25,1641745,Adam Flagler,Adam,1610612760,OKC,Oklahoma City Thunder,0022401079,2025-03-29T00:00:00,OKC vs. IND,W,4.516666666666667,0.0,8.0,0.0,0.0,8.0,0.0,0.0,0.0,0.0,8.0,8.0,15.9,0.0,0.0,0.0,0.0,0.0,0.0,0.0,0.0,-31.9,19.1,0,0,15.9,1,1,13086,1,24226,22635,20298,22635,15070,6487,15070,13505,14344,13505,793,4738,1452,19908,16469,12854,8263,8846,20257,17725,23200,24016,21580,2246,150,22725,1,4:31
2024-25,1642403,Isaac Jones,Isaac,1610612758,SAC,Sacramento Kings,0022401074,2025-03-29T00:00:00,SAC @ ORL,L,9.716666666666667,11.1,11.1,1.0,0.0,0.0,0.0,0.0,0.0,0.0,3.7,0.0,3.7,0.0,0.0,0.0,0.0,0.0,0.0,0.0,22.2,18.5,26.7,0,0,25.9,1,13222,1,13222,22211,2174,15166,1,15070,20945,15070,13505,14344,13505,4028,22137,18060,19908,16469,12854,8263,8846,20257,17725,6059,4402,17167,2246,150,16991,1,9:43
2024-25,1626179,Terry Rozier,Terry,1610612748,MIA,Miami Heat,0022401076,2025-03-29T00:00:00,MIA @ PHI,W,4.133333333333334,0.0,17.4,0.0,0.0,8.7,0.0,0.0,0.0,0.0,8.7,0.0,8.7,8.7,0.0,0.0,0.0,0.0,0.0,0.0,0.0,34.8,23.5,0,0,17.4,1,1,13086,1,24406,22635,5328,22635,15070,5252,15070,13505,14344,13505,612,22137,7150,2262,16469,12854,8263,8846,20257,17725,23200,1406,19250,2246,150,22121,1,4:08
2024-25,1631110,Jeremy Sochan,Jeremy,1610612759,SAS,San Antonio Spurs,0022401080,2025-03-29T00:00:00,SAS vs. BOS,L,31.433333333333334,4.6,13.7,0.333,0.0,4.6,0.0,11.5,13.7,0.833,4.6,4.6,9.2,3.4,2.3,2.3,0.0,0.0,3.4,9.2,20.6,2.3,41.3,0,0,37.8,1,13222,1,13222,6467,15542,10581,17395,15070,14234,15070,411,489,7275,2821,12042,6493,11588,9118,5076,8263,8846,8951,603,7384,11469,6965,2246,150,8174,1,31:26
2024-25,1641724,Jett Howard,Jett,1610612753,ORL,Orlando Magic,0022401074,2025-03-29T00:00:00,ORL vs. SAC,W,6.566666666666666,5.5,11.0,0.5,5.5,11.0,0.5,0.0,0.0,0.0,0.0,11.0,11.0,0.0,0.0,0.0,0.0,0.0,0.0,0.0,16.4,5.5,29.6,0,0,32.9,1,1,13086,1,23340,13029,15414,8526,1752,2521,3944,13505,14344,13505,14058,1923,4435,19908,16469,12854,8263,8846,20257,17725,11448,9854,15078,2246,150,11733,1,6:34
2024-25,1630215,Jared Butler,Jared,1610612755,PHI,Philadelphia 76ers,0022401076,2025-03-29T00:00:00,PHI vs. MIA,L,29.9,8.4,14.4,0.583,4.8,4.8,1.0,1.2,3.6,0.333,0.0,2.4,2.4,12.0,2.4,1.2,0.0,1.2,3.6,2.4,22.9,2.4,45.0,1,0,44.5,1,13222,1,13222,7869,5747,9435,6296,2534,13653,1,12572,8661,13132,14058,18460,20994,709,8619,10139,8263,6225,8391,11318,5574,11413,5162,1,150,4442,1,29:54
2024-25,1629060,Rui Hachimura,Rui,1610612747,LAL,Los Angeles Lakers,0022401078,2025-03-29T00:00:00,LAL @ MEM,W,28.466666666666665,6.3,10.1,0.625,3.8,6.3,0.6,0.0,0.0,0.0,0.0,3.8,3.8,0.0,0.0,0.0,1.3,1.3,1.3,0.0,16.4,-3.8,24.8,0,0,26.6,1,1,13086,1,9147,10643,16878,4899,4461,9931,2992,13505,14344,13505,14058,14339,17840,19908,16469,12854,5826,5842,18196,17725,11455,14947,18428,2246,150,16497,1,28:28
2024-25,1628991,Jaren Jackson Jr.,Jaren,1610612763,MEM,Memphis Grizzlies,0022401078,2025-03-29T00:00:00,MEM vs. LAL,L,28.531666666666666,10.1,16.4,0.615,3.8,5.0,0.75,6.3,7.6,0.833,0.0,5.0,5.0,1.3,1.3,1.3,1.3,0.0,5.0,3.8,30.3,7.6,44.5,0,0,45.4,1,13222,1,13222,9095,3114,6545,5246,4483,13080,1542,2583,2839,7275,14058,10732,14675,18795,14031,9709,5842,8846,4505,6892,1991,8852,5398,2246,150,4062,1,28:32
2024-25,203994,Jusuf Nurkić,Jusuf,1610612766,CHA,Charlotte Hornets,0022401069,2025-03-28T00:00:00,CHA @ TOR,L,17.483333333333334,2.1,12.4,0.167,2.1,2.1,1.0,2.1,4.1,0.5,4.1,8.2,12.4,10.3,2.1,0.0,0.0,0.0,0.0,2.1,8.2,-6.2,36.4,0,0,32.9,1,13222,1,13222,17940,21297,12971,21938,9876,19439,1,10441,7593,10625,3410,4372,3230,1287,10217,12854,8263,8846,20257,12804,19719,16145,10060,2246,150,11699,1,17:29
2024-25,1630548,Johnny Juzang,Johnny,1610612762,UTA,Utah Jazz,0022401073,2025-03-28T00:00:00,UTA @ DEN,L,20.366666666666667,7.1,12.4,0.571,0.0,5.3,0.0,3.5,3.5,1.0,1.8,5.3,7.1,1.8,3.5,0.0,0.0,0.0,3.5,1.8,17.7,-31.8,25.3,0,0,26.5,1,13222,1,13222,15741,8759,12939,6538,15070,12457,15070,6629,8818,1,9361,10019,10010,17176,4940,12854,8263,8846,8644,14043,10142,24010,18087,2246,150,16531,1,20:22
2024-25,1642268,Isaiah Collier,Isaiah,1610612762,UTA,Utah Jazz,0022401073,2025-03-28T00:00:00,UTA @ DEN,L,31.55,0.0,8.0,0.0,0.0,2.3,0.0,3.4,4.6,0.75,0.0,3.4,3.4,8.0,1.1,1.1,0.0,1.1,0.0,3.4,3.4,-20.5,21.8,0,0,17.1,1,13222,1,13222,6376,22635,20282,22635,15070,19021,15070,6846,6720,8186,14058,15448,18718,2899,14855,10667,8263,6706,20257,7882,22799,21709,20266,2246,150,22250,1,31:33
2024-25,1627732,Ben Simmons,Ben,1610612746,LAC,LA Clippers,0022401068,2025-03-28T00:00:00,LAC @ BKN,W,17.216666666666665,0.0,6.3,0.0,0.0,0.0,0.0,0.0,0.0,0.0,0.0,6.3,6.3,6.3,2.1,2.1,0.0,0.0,0.0,2.1,0.0,2.1,21.1,0,0,16.7,1,1,13086,1,18123,22635,22350,22635,15070,20945,15070,13505,14344,13505,14058,7748,11667,5060,10038,5827,8263,8846,20257,12652,23200,11580,20627,2246,150,22419,1,17:13
2024-25,1630567,Scottie Barnes,Scottie,1610612761,TOR,Toronto Raptors,0022401069,2025-03-28T00:00:00,TOR vs. CHA,W,27.05,8.0,18.6,0.429,2.7,8.0,0.333,5.3,8.0,0.667,1.3,6.7,8.0,8.0,2.7,0.0,1.3,0.0,1.3,4.0,24.0,10.6,46.8,0,0,45.2,1,1,13086,1,10296,6662,4087,13735,7646,6471,9209,3624,2529,9425,11059,6990,8293,2903,7649,12854,5514,8846,17904,6329,4836,7395,4374,2246,150,4128,1,27:03
2024-25,1631109,Mark Williams,Mark,1610612766,CHA,Charlotte Hornets,0022401069,2025-03-28T00:00:00,CHA @ TOR,L,29.416666666666668,11.0,11.0,1.0,0.0,0.0,0.0,0.0,0.0,0.0,1.2,13.5,14.7,6.1,2.4,0.0,1.2,0.0,2.4,0.0,22.0,-4.9,50.1,1,0,45.3,1,13222,1,13222,8296,2250,15338,1,15070,20945,15070,13505,14344,13505,11640,883,1922,5300,8462,12854,6027,8846,12994,17725,6196,15526,3262,1,150,4112,1,29:25
2024-25,1626164,Devin Booker,Devin,1610612756,PHX,Phoenix Suns,0022401071,2025-03-28T00:00:00,PHX @ MIN,L,39.18333333333333,3.7,12.9,0.286,0.0,5.5,0.0,1.8,2.8,0.667,0.0,0.0,0.0,5.5,3.7,0.9,0.0,0.0,1.8,6.4,9.2,-18.4,16.5,0,0,16.5,1,13222,1,13222,818,17904,12104,19630,15070,11921,15070,11153,10595,9425,14058,22137,23286,6403,4617,12572,8263,8846,16002,2149,18909,21040,22648,2246,150,22495,1,39:11
2024-25,1629638,Nickeil Alexander-Walker,Nickeil,1610612750,MIN,Minnesota Timberwolves,0022401071,2025-03-28T00:00:00,MIN vs. PHX,W,20.531666666666666,5.3,14.0,0.375,1.8,5.3,0.333,1.8,1.8,1.0,0.0,5.3,5.3,5.3,1.8,0.0,0.0,0.0,3.5,1.8,14.0,3.5,26.5,0,0,26.3,1,1,13086,1,15628,13644,10125,16299,11243,12567,9209,11323,13243,1,14058,10134,14139,6915,11720,12854,8263,8846,8728,14099,13905,10891,17306,2246,150,16716,1,20:32
2024-25,1642345,Oso Ighodaro,Oso,1610612756,PHX,Phoenix Suns,0022401071,2025-03-28T00:00:00,PHX @ MIN,L,24.615,4.4,5.9,0.75,0.0,0.0,0.0,0.0,0.0,0.0,1.5,4.4,5.9,2.9,0.0,2.9,1.5,0.0,4.4,0.0,8.8,-14.6,33.3,0,0,26.3,1,13222,1,13222,12370,16103,22758,2107,15070,20945,15070,13505,14344,13505,10473,12559,12634,13184,16469,3332,4983,8846,6047,17725,19289,19757,12306,2246,150,16700,1,24:37
2024-25,1630228,Jonathan Kuminga,Jonathan,1610612744,GSW,Golden State Warriors,0022401072,2025-03-28T00:00:00,GSW @ NOP,W,22.983333333333334,7.8,14.1,0.556,0.0,3.1,0.0,9.4,12.5,0.75,1.6,11.0,12.5,4.7,1.6,1.6,0.0,1.6,4.7,6.3,25.1,-7.8,50.3,0,0,45.4,1,1,13086,1,13735,7006,10014,7248,15070,17395,15070,874,667,8186,10054,1926,3113,8189,12474,8121,8263,4534,5290,2318,4185,16891,3188,2246,150,4061,1,22:59
2024-25,1641727,Dariq Whitehead,Dariq,1610612751,BKN,Brooklyn Nets,0022401068,2025-03-28T00:00:00,BKN vs. LAC,L,9.7,7.4,18.6,0.4,3.7,14.8,0.25,0.0,0.0,0.0,0.0,3.7,3.7,0.0,0.0,0.0,0.0,0.0,3.7,0.0,18.6,-44.5,23.0,0,0,26.0,1,13222,1,13222,22215,7948,4163,14933,4672,726,11902,13505,14344,13505,14058,14596,18036,19908,16469,12854,8263,8846,8032,17725,9259,25153,19559,2246,150,16949,1,9:42
2024-25,1627739,Kris Dunn,Kris,1610612746,LAC,LA Clippers,0022401068,2025-03-28T00:00:00,LAC @ BKN,W,22.066666666666666,4.9,8.2,0.6,1.6,1.6,1.0,3.3,3.3,1.0,0.0,6.5,6.5,3.3,1.6,3.3,0.0,0.0,4.9,3.3,14.7,45.7,35.6,0,0,32.6,1,1,13086,1,14445,14687,20008,5394,11590,20135,1,7176,9395,1,14058,7246,11111,12100,12210,2628,8263,8846,4852,8370,13210,678,10686,2246,150,11923,1,22:04
2024-25,1630533,Ziaire Williams,Ziaire,1610612751,BKN,Brooklyn Nets,0022401068,2025-03-28T00:00:00,BKN vs. LAC,L,18.033333333333335,4.0,12.0,0.333,2.0,10.0,0.2,2.0,2.0,1.0,0.0,6.0,6.0,2.0,4.0,0.0,2.0,0.0,8.0,2.0,12.0,-63.9,24.2,0,0,26.0,1,13222,1,13222,17542,17109,13626,17395,10182,3498,13429,10657,12736,1,14058,8355,12314,16386,3897,12854,3504,8846,1371,13097,16165,25764,18837,2246,150,16977,1,18:02
2024-25,1629618,Jalen Pickett,Jalen,1610612743,DEN,Denver Nuggets,0022401073,2025-03-28T00:00:00,DEN vs. UTA,W,20.768333333333334,0.0,3.5,0.0,0.0,1.7,0.0,0.0,0.0,0.0,0.0,6.9,6.9,6.9,1.7,1.7,0.0,0.0,3.5,0.0,0.0,17.3,22.2,0,0,17.3,1,1,13086,1,15446,22635,24326,22635,15070,20006,15070,13505,14344,13505,14058,6485,10274,4095,11802,7504,8263,8846,8851,17725,23200,4795,20034,2246,150,22156,1,20:46
2024-25,1628978,Donte DiVincenzo,Donte,1610612750,MIN,Minnesota Timberwolves,0022401071,2025-03-28T00:00:00,MIN vs. PHX,W,25.433333333333334,5.7,12.7,0.444,4.2,8.5,0.5,2.8,2.8,1.0,1.4,1.4,2.8,7.1,1.4,2.8,0.0,0.0,4.2,1.4,18.4,5.7,39.5,0,0,38.2,1,1,13086,1,11634,12526,12315,13045,3490,5592,3944,8261,10407,1,10678,21046,20165,3918,13194,3596,8263,8846,6435,15384,9417,9774,8084,2246,150,7881,1,25:26
2024-25,1628969,Mikal Bridges,Mikal,1610612752,NYK,New York Knicks,0022401070,2025-03-28T00:00:00,NYK @ MIL,W,37.88333333333333,11.4,22.8,0.5,1.9,5.7,0.333,0.0,0.0,0.0,0.0,2.9,2.9,4.8,1.0,1.9,0.0,0.0,0.0,1.0,24.7,2.9,40.0,0,0,38.0,1,1,13086,1,1453,1933,1451,8526,10636,11444,9209,13505,14344,13505,14058,17238,20114,8047,16148,6761,8263,8846,20257,17543,4362,11197,7757,2246,150,8023,1,37:53
2024-25,1631260,AJ Green,AJ,1610612749,MIL,Milwaukee Bucks,0022401070,2025-03-28T00:00:00,MIL vs. NYK,L,25.583333333333332,4.2,8.4,0.5,2.8,7.0,0.4,0.0,0.0,0.0,0.0,2.8,2.8,0.0,0.0,0.0,0.0,0.0,5.6,0.0,11.3,-23.9,14.6,0,0,16.9,1,13222,1,13222,11499,16540,19581,8526,7174,8382,7874,13505,14344,13505,14058,17356,20213,19908,16469,12854,8263,8846,3500,17725,16941,22550,23301,2246,150,22357,1,25:35
2024-25,1630162,Anthony Edwards,Anthony,1610612750,MIN,Minnesota Timberwolves,0022401071,2025-03-28T00:00:00,MIN vs. PHX,W,27.633333333333333,10.4,24.8,0.421,5.2,13.0,0.4,0.0,0.0,0.0,3.9,1.3,5.2,6.5,2.6,1.3,0.0,1.3,1.3,3.9,26.1,11.7,43.4,0,0,45.6,1,1,13086,1,9840,2795,884,14442,2045,1287,7874,13505,14344,13505,3709,21279,14251,4689,7856,9437,8263,5639,18017,6540,3653,6918,5941,2246,150,3979,1,27:38
2024-25,1628386,Jarrett Allen,Jarrett,1610612739,CLE,Cleveland Cavaliers,0022401067,2025-03-28T00:00:00,CLE @ DET,L,19.283333333333335,7.5,13.1,0.571,0.0,0.0,0.0,0.0,0.0,0.0,3.7,3.7,7.5,0.0,0.0,0.0,1.9,5.6,0.0,1.9,14.9,-24.3,29.5,0,0,26.1,1,13222,1,13222,16596,7846,11741,6538,15070,20945,15070,13505,14344,13505,3985,14516,9237,19908,16469,12854,3871,264,20257,13658,12978,22635,15153,2246,150,16847,1,19:17
2024-25,203110,Draymond Green,Draymond,1610612744,GSW,Golden State Warriors,0022401072,2025-03-28T00:00:00,GSW @ NOP,W,25.541666666666668,2.8,8.5,0.333,0.0,4.2,0.0,2.8,2.8,1.0,1.4,5.6,7.0,8.5,2.8,2.8,1.4,0.0,8.5,4.2,8.5,22.6,39.5,0,0,32.4,1,1,13086,1,11552,19838,19562,17395,15070,15056,15070,8296,10434,1,10703,9199,10062,2463,7155,3642,5192,8846,1156,5767,19557,3355,8096,2246,150,12049,1,25:33
2024-25,1641733,Nick Smith Jr.,Nick,1610612766,CHA,Charlotte Hornets,0022401069,2025-03-28T00:00:00,CHA @ TOR,L,24.785,2.9,20.3,0.143,1.5,7.3,0.2,2.9,2.9,1.0,0.0,1.5,1.5,4.4,1.5,0.0,0.0,4.4,0.0,1.5,10.2,-8.7,17.0,0,0,17.4,1,13222,1,13222,12186,19654,2741,22260,12245,7915,13429,8084,10224,1,14058,20986,22635,8993,13003,12854,8263,524,20257,15235,17984,17292,22492,2246,150,22118,1,24:47
2024-25,1629645,Kevin Porter Jr.,Kevin,1610612749,MIL,Milwaukee Bucks,0022401070,2025-03-28T00:00:00,MIL vs. NYK,L,13.6,2.6,7.9,0.333,0.0,2.6,0.0,0.0,0.0,0.0,0.0,5.3,5.3,5.3,7.9,0.0,0.0,0.0,0.0,0.0,5.3,-42.4,11.6,0,0,15.9,1,13222,1,13222,20422,20189,20351,17395,15070,18354,15070,13505,14344,13505,14058,10040,14051,6831,601,12854,8263,8846,20257,17725,21851,25003,24100,2246,150,22755,1,13:36
2024-25,1630611,Gui Santos,Gui,1610612744,GSW,Golden State Warriors,0022401072,2025-03-28T00:00:00,GSW @ NOP,W,15.556666666666667,4.6,11.6,0.4,0.0,6.9,0.0,2.3,4.6,0.5,2.3,0.0,2.3,2.3,2.3,2.3,0.0,0.0,0.0,2.3,11.6,34.7,22.4,0,0,20.8,1,1,13086,1,19218,15424,14358,14933,15070,8588,15070,9574,6617,10625,7204,22137,21170,15179,9013,4984,8263,8846,20257,11691,16600,1424,19905,2246,150,20388,1,15:33
2024-25,1642367,Jonathan Mogbo,Jonathan,1610612761,TOR,Toronto Raptors,0022401069,2025-03-28T00:00:00,TOR vs. CHA,W,24.716666666666665,2.9,11.7,0.25,1.5,5.8,0.25,0.0,0.0,0.0,2.9,4.4,7.3,2.9,0.0,1.5,0.0,1.5,2.9,1.5,7.3,10.2,24.8,0,0,21.8,1,1,13086,1,12256,19623,14214,20233,12226,11140,11902,13505,14344,13505,5558,12604,9602,13233,16469,8600,8263,4955,11124,15210,20497,7602,18448,2246,150,19758,1,24:43
2024-25,1630639,A.J. Lawson,A.J.,1610612761,TOR,Toronto Raptors,0022401069,2025-03-28T00:00:00,TOR vs. CHA,W,9.2,3.9,11.7,0.333,0.0,7.8,0.0,0.0,0.0,0.0,0.0,3.9,3.9,0.0,0.0,0.0,7.8,0.0,0.0,0.0,7.8,-27.4,36.0,0,0,27.4,1,1,13086,1,22386,17286,14035,17395,15070,6755,15070,13505,14344,13505,14058,13983,17529,19908,16469,12854,150,8846,20257,17725,20062,23319,10366,2246,150,15871,1,9:12
2024-25,1630592,Jalen Wilson,Jalen,1610612751,BKN,Brooklyn Nets,0022401068,2025-03-28T00:00:00,BKN vs. LAC,L,27.65,1.3,13.0,0.1,0.0,3.9,0.0,7.8,10.4,0.75,2.6,6.5,9.1,2.6,0.0,2.6,0.0,2.6,1.3,6.5,10.4,2.6,33.1,0,0,27.3,1,13222,1,13222,9830,22400,11822,22561,15070,15771,15070,1500,1218,8186,6334,7286,6562,14201,16469,4132,8263,1870,18020,2076,17739,11317,12538,2246,150,15905,1,27:39
2024-25,1629013,Landry Shamet,Landry,1610612752,NYK,New York Knicks,0022401070,2025-03-28T00:00:00,NYK @ MIL,W,20.066666666666666,9.0,14.4,0.625,5.4,9.0,0.6,0.0,0.0,0.0,0.0,0.0,0.0,3.6,0.0,1.8,0.0,0.0,0.0,0.0,23.3,21.5,34.1,0,0,35.9,1,1,13086,1,15970,4763,9607,4899,1866,4877,2992,13505,14344,13505,14058,22137,23286,11120,16469,7281,8263,8846,20257,17725,5266,3571,11739,2246,150,9463,1,20:04
2024-25,1628970,Miles Bridges,Miles,1610612766,CHA,Charlotte Hornets,0022401069,2025-03-28T00:00:00,CHA @ TOR,L,30.733333333333334,4.7,23.4,0.2,1.2,10.5,0.111,2.3,2.3,1.0,0.0,4.7,4.7,7.0,3.5,1.2,1.2,1.2,0.0,1.2,12.9,-15.2,32.6,0,0,30.5,1,13222,1,13222,7100,15269,1240,21401,13526,2937,15003,9473,11649,1,14058,11744,15604,3980,4981,10424,6352,6469,20257,16546,15213,19985,12904,2246,150,13576,1,30:44
2024-25,201144,Mike Conley,Mike,1610612750,MIN,Minnesota Timberwolves,0022401071,2025-03-28T00:00:00,MIN vs. PHX,W,29.698333333333334,6.1,12.1,0.5,3.6,8.5,0.429,0.0,0.0,0.0,0.0,3.6,3.6,4.8,2.4,2.4,1.2,0.0,1.2,1.2,15.8,27.9,35.9,0,0,35.2,1,1,13086,1,8054,11337,13378,8526,4833,5608,7394,13505,14344,13505,14058,14827,18234,7802,8555,4615,6099,8846,18463,16343,12167,2287,10448,2246,150,9988,1,29:42
2024-25,1628998,Cody Martin,Cody,1610612756,PHX,Phoenix Suns,0022401071,2025-03-28T00:00:00,PHX @ MIN,L,15.533333333333333,4.6,7.0,0.667,0.0,0.0,0.0,0.0,4.6,0.0,2.3,7.0,9.3,2.3,0.0,0.0,0.0,0.0,4.6,2.3,9.3,-4.6,23.9,0,0,20.9,1,13222,1,13222,19234,15402,21616,3281,15070,20945,15070,13505,6598,13505,7181,6442,6352,15162,16469,12854,8263,8846,5447,11669,18835,15387,19041,2246,150,20364,1,15:32
2024-25,1630570,Trendon Watford,Trendon,1610612751,BKN,Brooklyn Nets,0022401068,2025-03-28T00:00:00,BKN vs. LAC,L,20.35,5.3,14.2,0.375,0.0,3.5,0.0,0.0,0.0,0.0,1.8,7.1,8.8,8.8,3.5,3.5,0.0,0.0,3.5,1.8,10.6,-21.2,41.6,0,0,35.4,1,13222,1,13222,15748,13517,9921,16299,15070,16575,15070,13505,14344,13505,9358,6218,6952,2135,4937,2196,8263,8846,8638,14039,17544,21893,6845,2246,150,9814,1,20:21
2024-25,1629011,Mitchell Robinson,Mitchell,1610612752,NYK,New York Knicks,0022401070,2025-03-28T00:00:00,NYK @ MIL,W,18.041666666666668,2.0,4.0,0.5,0.0,0.0,0.0,0.0,0.0,0.0,8.0,12.0,20.0,2.0,0.0,2.0,0.0,0.0,4.0,0.0,4.0,4.0,36.9,0,0,29.9,1,1,13086,1,17539,21422,24098,8526,15070,20945,15070,13505,14344,13505,790,1377,542,16389,16469,6269,8263,8846,7174,17725,22560,10655,9761,2246,150,13996,1,18:03
2024-25,1627884,Derrick Jones Jr.,Derrick,1610612746,LAC,LA Clippers,0022401068,2025-03-28T00:00:00,LAC @ BKN,W,15.25,7.1,16.5,0.429,0.0,2.4,0.0,0.0,0.0,0.0,2.4,4.7,7.1,0.0,2.4,0.0,0.0,0.0,7.1,2.4,14.2,-11.8,20.3,0,0,21.2,1,1,13086,1,19408,8739,6391,13735,15070,18881,15070,13505,14344,13505,7047,11642,9993,19908,8812,12854,8263,8846,1914,11494,13773,18663,21024,2246,150,20136,1,15:15
2024-25,1631232,Keion Brooks Jr.,Keion,1610612740,NOP,New Orleans Pelicans,0022401072,2025-03-28T00:00:00,NOP vs. GSW,L,14.716666666666667,9.8,17.1,0.571,4.9,4.9,1.0,2.4,4.9,0.5,0.0,7.3,7.3,2.4,0.0,0.0,0.0,0.0,7.3,2.4,26.9,-26.9,39.4,0,0,41.6,1,13222,1,13222,19758,3493,5674,6538,2415,13457,1,9203,6126,10625,14058,5766,9498,14715,16469,12854,8263,8846,1754,11172,3247,23224,8141,2246,150,5863,1,14:43
2024-25,1630183,Jaden McDaniels,Jaden,1610612750,MIN,Minnesota Timberwolves,0022401071,2025-03-28T00:00:00,MIN vs. PHX,W,31.283333333333335,6.9,11.5,0.6,2.3,3.5,0.667,2.3,3.5,0.667,1.2,2.3,3.5,1.2,0.0,1.2,1.2,0.0,1.2,2.3,18.4,15.0,31.2,0,0,29.9,1,1,13086,1,6630,9149,14456,5394,8841,16755,1957,9607,8977,9425,12094,18755,18651,19180,16469,10569,6478,8846,18808,11731,9404,5639,13908,2246,150,14009,1,31:17
2024-25,1628404,Josh Hart,Josh,1610612752,NYK,New York Knicks,0022401070,2025-03-28T00:00:00,NYK @ MIL,W,41.86666666666667,4.3,6.9,0.625,0.0,1.7,0.0,2.6,4.3,0.6,3.4,8.6,12.0,6.9,0.9,1.7,0.9,0.0,1.7,3.4,11.2,2.6,42.8,1,0,35.3,1,1,13086,1,263,16325,21698,4899,15070,20022,15070,8857,7212,10343,4472,3937,3458,4166,16414,7546,8177,8846,16469,7838,17017,11326,6211,1,150,9912,1,41:52
2024-25,1626153,Delon Wright,Delon,1610612752,NYK,New York Knicks,0022401070,2025-03-28T00:00:00,NYK @ MIL,W,30.375,5.9,10.7,0.556,2.4,5.9,0.4,0.0,0.0,0.0,2.4,1.2,3.6,4.7,2.4,1.2,0.0,0.0,0.0,0.0,14.2,-10.7,26.8,0,0,27.3,1,1,13086,1,7439,11725,15944,7248,8595,10870,7874,13505,14344,13505,7017,21550,18430,8078,8772,10305,8263,8846,20257,17725,13703,18167,17096,2246,150,15982,1,30:23
2024-25,1641722,Jordan Hawkins,Jordan,1610612740,NOP,New Orleans Pelicans,0022401072,2025-03-28T00:00:00,NOP vs. GSW,L,27.366666666666667,2.6,13.2,0.2,2.6,9.2,0.286,2.6,2.6,1.0,1.3,5.3,6.6,1.3,0.0,0.0,0.0,1.3,0.0,1.3,10.5,-2.6,20.4,0,0,21.0,1,13222,1,13222,10046,20217,11569,21401,7737,4512,11433,8732,10898,1,11125,10122,11004,18611,16469,12854,8263,5575,20257,15831,17635,14375,20986,2246,150,20255,1,27:22
2024-25,1629610,DaQuan Jeffries,DaQuan,1610612766,CHA,Charlotte Hornets,0022401069,2025-03-28T00:00:00,CHA @ TOR,L,26.483333333333334,8.2,12.2,0.667,4.1,6.8,0.6,0.0,0.0,0.0,1.4,5.4,6.8,2.7,2.7,2.7,1.4,0.0,4.1,1.4,20.4,-9.5,42.1,0,0,42.1,1,13222,1,13222,10745,6294,13210,3281,3839,8902,2992,13505,14344,13505,10931,9700,10536,13850,7470,3864,5409,8846,6908,15624,7588,17680,6547,2246,150,5579,1,26:29
2024-25,1641718,Keyonte George,Keyonte,1610612762,UTA,Utah Jazz,0022401073,2025-03-28T00:00:00,UTA @ DEN,L,35.1,5.1,17.4,0.294,2.1,8.2,0.25,6.2,6.2,1.0,2.1,2.1,4.1,4.1,2.1,1.0,0.0,3.1,1.0,5.1,18.5,-17.4,30.6,0,0,30.8,1,13222,1,13222,3384,14015,5316,19598,9909,6073,11902,2726,4283,1,8164,19503,17060,9658,10252,11710,8263,1255,19546,3883,9354,20758,14372,2246,150,13346,1,35:06
2024-25,1641787,Tosan Evbuomwan,Tosan,1610612751,BKN,Brooklyn Nets,0022401068,2025-03-28T00:00:00,BKN vs. LAC,L,14.566666666666666,2.5,7.4,0.333,2.5,4.9,0.5,2.5,4.9,0.5,2.5,4.9,7.4,7.4,0.0,0.0,0.0,0.0,0.0,4.9,9.9,14.8,29.9,0,0,27.2,1,13222,1,13222,19845,20510,21053,17395,8251,13333,3944,9134,6037,10625,6706,11043,9345,3498,16469,12854,8263,8846,20257,4216,18271,5695,14870,2246,150,16031,1,14:34
2024-25,1629599,Amir Coffey,Amir,1610612746,LAC,LA Clippers,0022401068,2025-03-28T00:00:00,LAC @ BKN,W,13.533333333333333,2.7,10.6,0.25,2.7,8.0,0.333,5.3,5.3,1.0,0.0,2.7,2.7,2.7,2.7,2.7,0.0,0.0,5.3,2.7,13.3,-16.0,25.8,0,0,26.6,1,1,13086,1,20469,20169,15978,20233,7650,6480,9209,3628,5429,1,14058,17790,20521,14016,7656,3995,8263,8846,3986,10437,14752,20245,17743,2246,150,16465,1,13:32
2024-25,1626145,Tyus Jones,Tyus,1610612756,PHX,Phoenix Suns,0022401071,2025-03-28T00:00:00,PHX @ MIN,L,18.66,7.7,15.4,0.5,0.0,3.9,0.0,0.0,0.0,0.0,3.9,3.9,7.7,7.7,1.9,0.0,0.0,0.0,0.0,0.0,15.4,0.0,34.3,0,0,30.9,1,13222,1,13222,17071,7234,7914,8526,15070,15881,15070,13505,14344,13505,3796,14160,8774,3162,10905,12854,8263,8846,20257,17725,12483,12240,11561,2246,150,13281,1,18:40
2024-25,1641816,Hunter Tyson,Hunter,1610612743,DEN,Denver Nuggets,0022401073,2025-03-28T00:00:00,DEN vs. UTA,W,6.85,5.3,15.8,0.333,5.3,15.8,0.333,0.0,0.0,0.0,0.0,5.3,5.3,5.3,0.0,0.0,5.3,0.0,5.3,0.0,15.8,5.3,45.7,0,0,42.0,1,1,13086,1,23234,13650,7448,17395,1987,553,9209,13505,14344,13505,14058,10138,14144,6922,16469,12854,450,8846,4090,17725,12153,9978,4852,2246,150,5615,1,6:51
2024-25,1630596,Evan Mobley,Evan,1610612739,CLE,Cleveland Cavaliers,0022401067,2025-03-28T00:00:00,CLE @ DET,L,32.56666666666667,3.3,11.1,0.3,2.2,6.6,0.333,1.1,2.2,0.5,0.0,6.6,6.6,4.4,3.3,0.0,2.2,0.0,1.1,2.2,9.9,-25.4,27.9,0,0,27.6,1,13222,1,13222,5509,18710,15272,19363,9195,9248,9209,12900,12053,10625,14058,7029,10880,8827,5465,12854,2924,8846,19068,12114,18202,22900,16329,2246,150,15693,1,32:34
2024-25,1626156,D'Angelo Russell,D'Angelo,1610612751,BKN,Brooklyn Nets,0022401068,2025-03-28T00:00:00,BKN vs. LAC,L,18.683333333333334,3.9,13.5,0.286,1.9,5.8,0.333,0.0,0.0,0.0,1.9,1.9,3.9,3.9,1.9,3.9,0.0,0.0,1.9,5.8,9.6,-40.5,29.7,0,0,27.0,1,13222,1,13222,17048,17438,11024,19630,10515,11251,9209,13505,14344,13505,8717,19898,17697,10359,10916,1789,8263,8846,15540,2924,18511,24877,15042,2246,150,16169,1,18:41
2024-25,1642275,Tidjane Salaün,Tidjane,1610612766,CHA,Charlotte Hornets,0022401069,2025-03-28T00:00:00,CHA @ TOR,L,24.46,7.4,11.8,0.625,0.0,2.9,0.0,2.9,4.4,0.667,7.4,13.2,20.6,1.5,1.5,0.0,0.0,0.0,1.5,5.9,17.7,-2.9,43.1,1,0,39.7,1,13222,1,13222,12525,8106,13989,4899,15070,17767,15070,7969,7005,9425,1007,943,455,18086,12891,12854,8263,8846,17338,2767,10153,14545,6073,1,150,6930,1,24:28
2024-25,1628995,Kevin Knox II,Kevin,1610612744,GSW,Golden State Warriors,0022401072,2025-03-28T00:00:00,GSW @ NOP,W,0.79,0.0,0.0,0.0,0.0,0.0,0.0,0.0,0.0,0.0,0.0,0.0,0.0,0.0,0.0,0.0,0.0,0.0,0.0,0.0,0.0,91.1,0.0,0,0,0.0,1,1,13086,1,26132,22635,24836,22635,15070,20945,15070,13505,14344,13505,14058,22137,23286,19908,16469,12854,8263,8846,20257,17725,23200,102,25228,2246,150,25259,1,0:47
2024-25,201587,Nicolas Batum,Nicolas,1610612746,LAC,LA Clippers,0022401068,2025-03-28T00:00:00,LAC @ BKN,W,18.683333333333334,5.8,7.7,0.75,5.8,7.7,0.75,0.0,0.0,0.0,0.0,7.7,7.7,0.0,1.9,1.9,0.0,0.0,1.9,0.0,17.3,5.8,30.4,0,0,34.7,1,1,13086,1,17048,12165,20645,2107,1500,6990,1542,13505,14344,13505,14058,5156,8789,19908,10916,6634,8263,8846,15540,17725,10479,9712,14462,2246,150,10309,1,18:41
2024-25,1629018,Gary Trent Jr.,Gary,1610612749,MIL,Milwaukee Bucks,0022401070,2025-03-28T00:00:00,MIL vs. NYK,L,33.75,5.3,11.7,0.455,4.3,8.5,0.5,0.0,0.0,0.0,0.0,1.1,1.1,0.0,0.0,0.0,0.0,0.0,1.1,1.1,14.9,-9.6,16.2,0,0,20.3,1,13222,1,13222,4481,13448,14051,12676,3452,5523,3944,13505,14344,13505,14058,21833,23130,19908,16469,12854,8263,8846,19303,17082,12983,17719,22769,2246,150,20716,1,33:45
2024-25,203992,Bogdan Bogdanović,Bogdan,1610612746,LAC,LA Clippers,0022401068,2025-03-28T00:00:00,LAC @ BKN,W,24.433333333333334,4.4,14.7,0.3,2.9,10.3,0.286,0.0,0.0,0.0,1.5,7.4,8.8,13.3,1.5,1.5,0.0,0.0,2.9,0.0,11.8,5.9,45.2,0,0,39.8,1,1,13086,1,12541,16009,8993,19363,6689,3143,11433,13505,14344,13505,10420,5727,6958,484,12884,8517,8263,8846,10943,17725,16357,9662,5073,2246,150,6904,1,24:26
2024-25,1641748,Andre Jackson Jr.,Andre,1610612749,MIL,Milwaukee Bucks,0022401070,2025-03-28T00:00:00,MIL vs. NYK,L,0.14666666666666667,0.0,0.0,0.0,0.0,0.0,0.0,0.0,0.0,0.0,0.0,0.0,0.0,0.0,0.0,0.0,0.0,0.0,0.0,0.0,0.0,736.4,0.0,0,0,0.0,1,13222,1,13222,26272,22635,24836,22635,15070,20945,15070,13505,14344,13505,14058,22137,23286,19908,16469,12854,8263,8846,20257,17725,23200,5,25228,2246,150,25259,1,0:09
2024-25,1629012,Collin Sexton,Collin,1610612762,UTA,Utah Jazz,0022401073,2025-03-28T00:00:00,UTA @ DEN,L,23.033333333333335,12.5,28.1,0.444,1.6,6.3,0.25,4.7,6.3,0.75,1.6,0.0,1.6,3.1,4.7,1.6,0.0,4.7,4.7,3.1,31.3,-46.9,37.8,0,0,40.6,1,13222,1,13222,13699,1242,387,13045,11812,10075,11902,4531,4176,8186,10062,22137,22489,12538,2730,8138,8263,440,5312,8792,1710,25261,9144,2246,150,6421,1,23:02
2024-25,1641854,Craig Porter Jr.,Craig,1610612739,CLE,Cleveland Cavaliers,0022401067,2025-03-28T00:00:00,CLE @ DET,L,20.883333333333333,5.2,8.6,0.6,1.7,3.4,0.5,3.4,3.4,1.0,3.4,5.2,8.6,3.4,0.0,5.2,0.0,0.0,3.4,1.7,15.5,3.4,46.5,0,0,39.6,1,13222,1,13222,15366,13888,19330,5394,11330,16765,3944,6798,8993,1,4460,10352,7276,11562,16469,800,8263,8846,8900,14201,12406,10913,4516,2246,150,6978,1,20:53
2024-25,203552,Seth Curry,Seth,1610612766,CHA,Charlotte Hornets,0022401069,2025-03-28T00:00:00,CHA @ TOR,L,26.033333333333335,1.4,8.3,0.167,0.0,1.4,0.0,0.0,0.0,0.0,1.4,4.1,5.5,4.1,1.4,0.0,0.0,0.0,1.4,0.0,2.8,-8.3,14.2,0,0,12.4,1,13222,1,13222,11133,22309,19797,21938,15070,20391,15070,13505,14344,13505,10830,13277,13462,9528,13387,12854,8263,8846,17689,17725,23004,17094,23417,2246,150,23887,1,26:02
2024-25,1630311,Pat Spencer,Pat,1610612744,GSW,Golden State Warriors,0022401072,2025-03-28T00:00:00,GSW @ NOP,W,0.79,0.0,0.0,0.0,0.0,0.0,0.0,0.0,0.0,0.0,0.0,0.0,0.0,0.0,0.0,0.0,0.0,0.0,0.0,0.0,0.0,91.1,0.0,0,0,0.0,1,1,13086,1,26132,22635,24836,22635,15070,20945,15070,13505,14344,13505,14058,22137,23286,19908,16469,12854,8263,8846,20257,17725,23200,102,25228,2246,150,25259,1,0:47
2024-25,1629675,Naz Reid,Naz,1610612750,MIN,Minnesota Timberwolves,0022401071,2025-03-28T00:00:00,MIN vs. PHX,W,26.183333333333334,4.1,9.6,0.429,4.1,6.9,0.6,0.0,0.0,0.0,1.4,8.2,9.6,5.5,1.4,1.4,0.0,1.4,2.7,0.0,12.4,4.1,34.9,0,0,34.4,1,1,13086,1,11021,16786,17716,13735,3727,8724,2992,13505,14344,13505,10857,4354,5896,6424,13430,9039,8263,5281,11840,17725,15746,10583,11108,2246,150,10549,1,26:11
2024-25,1630173,Precious Achiuwa,Precious,1610612752,NYK,New York Knicks,0022401070,2025-03-28T00:00:00,NYK @ MIL,W,6.416666666666667,0.0,5.6,0.0,0.0,0.0,0.0,0.0,0.0,0.0,0.0,11.2,11.2,0.0,0.0,0.0,0.0,0.0,5.6,0.0,0.0,50.5,13.5,0,0,11.2,1,1,13086,1,23402,22635,22986,22635,15070,20945,15070,13505,14344,13505,14058,1790,4220,19908,16469,12854,8263,8846,3530,17725,23200,538,23645,2246,150,24172,1,6:25
2024-25,1630623,Tyson Etienne,Tyson,1610612751,BKN,Brooklyn Nets,0022401068,2025-03-28T00:00:00,BKN vs. LAC,L,9.85,11.0,25.6,0.429,7.3,18.3,0.4,0.0,0.0,0.0,0.0,0.0,0.0,3.7,0.0,0.0,0.0,0.0,7.3,0.0,29.2,0.0,34.7,0,0,40.2,1,13222,1,13222,22150,2284,713,13735,662,316,7874,13505,14344,13505,14058,22137,23286,10921,16469,12854,8263,8846,1768,17725,2363,12240,11269,2246,150,6674,1,9:51
2024-25,1628971,Bruce Brown,Bruce,1610612740,NOP,New Orleans Pelicans,0022401072,2025-03-28T00:00:00,NOP vs. GSW,L,32.36666666666667,6.7,12.2,0.545,2.2,4.4,0.5,4.4,4.4,1.0,2.2,5.6,7.8,1.1,1.1,2.2,2.2,0.0,4.4,2.2,20.0,-7.8,43.3,0,0,40.0,1,13222,1,13222,5670,9753,13207,7695,9141,14569,3944,4909,6937,1,7515,9387,8644,19314,15048,5295,2895,8846,5890,12054,7905,16875,6002,2246,150,6754,1,32:22
2024-25,203471,Dennis Schröder,Dennis,1610612765,DET,Detroit Pistons,0022401067,2025-03-28T00:00:00,DET vs. CLE,W,39.2,4.6,12.9,0.357,0.9,4.6,0.2,5.5,6.4,0.857,1.8,4.6,6.4,9.2,1.8,0.9,0.0,0.9,4.6,7.3,15.6,14.7,38.0,1,0,34.0,1,1,13086,1,813,15523,12122,17140,14908,14213,13429,3407,3968,7071,9102,12003,11325,1878,11381,12576,8263,8565,5562,1419,12308,5744,9012,1,150,10867,1,39:12
2024-25,1642354,KJ Simpson,KJ,1610612766,CHA,Charlotte Hornets,0022401069,2025-03-28T00:00:00,CHA @ TOR,L,25.171666666666667,7.2,15.7,0.455,4.3,7.2,0.6,1.4,2.9,0.5,0.0,2.9,2.9,4.3,4.3,1.4,0.0,0.0,7.2,5.7,20.0,-8.6,29.9,0,0,34.3,1,13222,1,13222,11856,8581,7502,12676,3410,8148,2992,11953,10330,10625,14058,17205,20096,9157,3346,8757,8263,8846,1860,3009,7904,17221,14883,2246,150,10587,1,25:10
2024-25,1642461,Spencer Jones,Spencer,1610612743,DEN,Denver Nuggets,0022401073,2025-03-28T00:00:00,DEN vs. UTA,W,6.4,0.0,5.6,0.0,0.0,5.6,0.0,0.0,0.0,0.0,5.6,0.0,5.6,5.6,5.6,0.0,0.0,0.0,5.6,0.0,0.0,-33.8,9.6,0,0,11.3,1,1,13086,1,23409,22635,22968,22635,15070,11644,15070,13505,14344,13505,1862,22137,13224,6197,1701,12854,8263,8846,3504,17725,23200,24270,24489,2246,150,24164,1,6:24
2024-25,1630208,Nick Richards,Nick,1610612756,PHX,Phoenix Suns,0022401071,2025-03-28T00:00:00,PHX @ MIN,L,23.166666666666668,1.6,3.1,0.5,0.0,0.0,0.0,1.6,3.1,0.5,3.1,3.1,6.2,0.0,4.7,0.0,0.0,1.6,6.2,3.1,4.7,-7.8,7.5,0,0,10.9,1,13222,1,13222,13583,22102,24457,8526,15070,20945,15070,11684,9699,10625,5116,16384,11788,19908,2768,12854,8263,4574,2692,8858,22206,16867,24761,2246,150,24250,1,23:10
2024-25,1642366,Quinten Post,Quinten,1610612744,GSW,Golden State Warriors,0022401072,2025-03-28T00:00:00,GSW @ NOP,W,17.581666666666667,10.2,22.5,0.455,6.1,18.4,0.333,4.1,4.1,1.0,6.1,6.1,12.3,4.1,2.0,0.0,0.0,0.0,4.1,2.0,30.7,20.5,49.6,0,0,53.2,1,1,13086,1,17874,2980,1573,12676,1200,304,9209,5529,7638,1,1546,8019,3280,9671,10273,12854,8263,8846,6856,12848,1860,3820,3400,2246,150,1751,1,17:35
2024-25,202695,Kawhi Leonard,Kawhi,1610612746,LAC,LA Clippers,0022401068,2025-03-28T00:00:00,LAC @ BKN,W,26.916666666666668,13.4,18.7,0.714,6.7,8.0,0.833,8.0,8.0,1.0,0.0,8.0,8.0,2.7,1.3,5.3,2.7,1.3,0.0,5.3,41.5,42.8,77.8,0,0,74.9,1,1,13086,1,10399,883,4006,2752,899,6408,1341,1404,2504,1,14058,4672,8227,13977,13633,715,2117,5459,20257,3557,376,784,241,2246,150,232,1,26:55
2024-25,1627751,Jakob Poeltl,Jakob,1610612761,TOR,Toronto Raptors,0022401069,2025-03-28T00:00:00,TOR vs. CHA,W,26.116666666666667,16.5,19.3,0.857,0.0,0.0,0.0,0.0,1.4,0.0,4.1,12.4,16.5,4.1,1.4,0.0,1.4,0.0,1.4,1.4,33.1,12.4,61.9,1,0,56.5,1,1,13086,1,11073,314,3495,1412,15070,20945,15070,13505,13620,13505,3388,1190,1252,9564,13410,12854,5320,8846,17710,15534,1302,6635,979,1,150,1227,1,26:07
2024-25,1631221,Collin Gillespie,Collin,1610612756,PHX,Phoenix Suns,0022401071,2025-03-28T00:00:00,PHX @ MIN,L,26.233333333333334,12.4,15.1,0.818,5.5,6.9,0.8,0.0,0.0,0.0,1.4,5.5,6.9,13.7,1.4,1.4,0.0,1.4,0.0,1.4,30.2,-9.6,61.8,1,0,59.0,1,13222,1,13222,10963,1326,8440,1653,1748,8752,1389,13505,14344,13505,10869,9561,10408,418,13446,9057,8263,5296,20257,15558,2020,17724,993,1,150,918,1,26:14
2024-25,1629636,Darius Garland,Darius,1610612739,CLE,Cleveland Cavaliers,0022401067,2025-03-28T00:00:00,CLE @ DET,L,34.483333333333334,7.3,17.7,0.412,5.2,11.5,0.455,2.1,2.1,1.0,1.0,4.2,5.2,6.3,4.2,1.0,0.0,1.0,3.1,2.1,21.9,-8.4,36.5,0,0,40.7,1,13222,1,13222,3866,8207,4955,14791,2029,2117,7148,10334,12463,1,12916,13181,14230,5075,3543,11549,8263,7537,10160,12674,6272,17122,10004,2246,150,6376,1,34:29
2024-25,1641790,PJ Hall,PJ,1610612743,DEN,Denver Nuggets,0022401073,2025-03-28T00:00:00,DEN vs. UTA,W,4.616666666666666,23.4,31.2,0.75,7.8,7.8,1.0,0.0,0.0,0.0,7.8,15.6,23.4,0.0,0.0,0.0,0.0,0.0,7.8,0.0,54.6,-15.6,82.7,0,0,85.8,1,1,13086,1,24173,87,229,2107,515,6797,1,13505,14344,13505,846,480,250,19908,16469,12854,8263,8846,1459,17725,115,20119,161,2246,150,114,1,4:37
2024-25,203944,Julius Randle,Julius,1610612750,MIN,Minnesota Timberwolves,0022401071,2025-03-28T00:00:00,MIN vs. PHX,W,32.035,10.1,16.9,0.6,2.2,4.5,0.5,5.6,5.6,1.0,1.1,5.6,6.7,9.0,0.0,1.1,1.1,1.1,1.1,3.4,28.1,7.9,56.4,0,0,50.6,1,1,13086,1,5939,3097,5975,5394,9059,14443,3944,3298,5024,1,12308,9268,10652,2034,16469,10839,6646,6845,18971,8041,2750,8700,1742,2246,150,2370,1,32:02
2024-25,1631105,Jalen Duren,Jalen,1610612765,DET,Detroit Pistons,0022401067,2025-03-28T00:00:00,DET vs. CLE,W,27.466666666666665,7.9,11.8,0.667,0.0,0.0,0.0,5.2,7.9,0.667,7.9,9.2,17.0,0.0,0.0,1.3,1.3,1.3,5.2,3.9,21.0,19.7,49.3,1,0,43.3,1,1,13086,1,9971,6924,13946,3281,15070,20945,15070,3717,2617,9425,825,3334,1118,19908,16469,9404,5603,5599,4121,6482,7101,4049,3510,1,150,5018,1,27:28
2024-25,1628378,Donovan Mitchell,Donovan,1610612739,CLE,Cleveland Cavaliers,0022401067,2025-03-28T00:00:00,CLE @ DET,L,35.666666666666664,12.1,24.2,0.5,3.0,8.1,0.375,11.1,13.1,0.846,2.0,3.0,5.0,3.0,3.0,1.0,0.0,1.0,5.0,11.1,38.4,-16.1,49.0,0,0,51.5,1,13222,1,13222,2928,1454,1008,8526,6411,6326,8800,466,573,7255,8301,16626,14676,12834,6362,11869,8263,7837,4506,266,572,20303,3638,2246,150,2149,1,35:40
2024-25,1641890,Tyler Smith,Tyler,1610612749,MIL,Milwaukee Bucks,0022401070,2025-03-28T00:00:00,MIL vs. NYK,L,0.5466666666666666,65.9,65.9,1.0,65.9,65.9,1.0,0.0,0.0,0.0,0.0,0.0,0.0,0.0,0.0,0.0,0.0,0.0,0.0,0.0,197.6,197.6,197.6,0,0,263.4,1,13222,1,13222,26197,2,9,1,1,5,1,13505,14344,13505,14058,22137,23286,19908,16469,12854,8263,8846,20257,17725,2,15,12,2246,150,6,1,0:33
2024-25,201988,Patty Mills,Patty,1610612746,LAC,LA Clippers,0022401068,2025-03-28T00:00:00,LAC @ BKN,W,6.75,16.0,21.3,0.75,16.0,21.3,0.75,26.7,26.7,1.0,0.0,0.0,0.0,0.0,0.0,0.0,0.0,0.0,10.7,10.7,74.7,16.0,74.7,0,0,90.7,1,1,13086,1,23257,358,2137,2107,63,193,1542,44,74,1,14058,22137,23286,19908,16469,12854,8263,8846,588,311,45,5246,301,2246,150,91,1,6:45
2024-25,203999,Nikola Jokić,Nikola,1610612743,DEN,Denver Nuggets,0022401073,2025-03-28T00:00:00,DEN vs. UTA,W,31.55,9.1,20.5,0.444,1.1,5.7,0.2,11.4,13.7,0.833,5.7,10.3,16.0,6.8,3.4,4.6,0.0,0.0,0.0,8.0,30.8,31.9,70.5,1,0,63.9,1,1,13086,1,6376,4489,2615,13045,13702,11437,13429,418,499,7275,1810,2376,1441,4215,5175,1182,8263,8846,20257,1025,1829,1739,418,1,150,531,1,31:33
2024-25,201566,Russell Westbrook,Russell,1610612743,DEN,Denver Nuggets,0022401073,2025-03-28T00:00:00,DEN vs. UTA,W,24.033333333333335,9.0,15.0,0.6,1.5,4.5,0.333,6.0,7.5,0.8,0.0,3.0,3.0,10.5,9.0,4.5,0.0,0.0,1.5,6.0,25.5,27.0,49.3,0,0,49.4,1,1,13086,1,12869,4733,8645,5394,12039,14445,9209,2871,2916,7681,14058,16750,19754,1210,427,1229,8263,8846,17223,2635,3958,2435,3510,2246,150,2690,1,24:02
2024-25,1627826,Ivica Zubac,Ivica,1610612746,LAC,LA Clippers,0022401068,2025-03-28T00:00:00,LAC @ BKN,W,24.566666666666666,13.2,13.2,1.0,0.0,0.0,0.0,4.4,5.9,0.75,0.0,17.6,17.6,1.5,1.5,0.0,1.5,0.0,4.4,4.4,30.8,46.9,57.0,1,0,52.8,1,1,13086,1,12410,956,11500,1,15070,20945,15070,5000,4666,8186,14058,283,993,18111,12927,12854,4972,8846,6029,5360,1839,640,1639,1,150,1862,1,24:34
2024-25,201599,DeAndre Jordan,DeAndre,1610612743,DEN,Denver Nuggets,0022401073,2025-03-28T00:00:00,DEN vs. UTA,W,11.833333333333334,15.2,15.2,1.0,0.0,0.0,0.0,3.0,3.0,1.0,0.0,3.0,3.0,3.0,0.0,0.0,6.1,0.0,3.0,3.0,33.5,30.4,59.9,0,0,51.7,1,1,13086,1,21369,456,8230,1,15070,20945,15070,7686,9866,1,14058,16576,19601,12787,16469,12854,297,8846,10525,9093,1223,1911,1206,2246,150,2099,1,11:50
2024-25,1641721,Maxwell Lewis,Maxwell,1610612751,BKN,Brooklyn Nets,0022401068,2025-03-28T00:00:00,BKN vs. LAC,L,7.883333333333334,9.1,13.7,0.667,4.6,4.6,1.0,0.0,9.1,0.0,4.6,4.6,9.1,4.6,0.0,0.0,0.0,0.0,4.6,4.6,22.8,-9.1,40.6,0,0,41.1,1,13222,1,13222,22842,4474,10657,3281,2943,14273,1,13505,1799,13505,2846,12074,6524,8488,16469,12854,8263,8846,5625,5007,5608,17491,7371,2246,150,6138,1,7:53
2024-25,1630192,Zeke Nnaji,Zeke,1610612743,DEN,Denver Nuggets,0022401073,2025-03-28T00:00:00,DEN vs. UTA,W,17.366666666666667,6.2,6.2,1.0,4.1,4.1,1.0,4.1,4.1,1.0,0.0,2.1,2.1,2.1,0.0,4.1,6.2,0.0,0.0,2.1,20.7,29.0,57.4,0,0,49.8,1,1,13086,1,18025,10921,22402,1,3679,15241,1,5446,7528,1,14058,19443,21663,16103,16469,1499,275,8846,20257,12747,7293,2103,1571,2246,150,2600,1,17:22
2024-25,201142,Kevin Durant,Kevin,1610612756,PHX,Phoenix Suns,0022401071,2025-03-28T00:00:00,PHX @ MIN,L,34.21666666666667,7.4,20.0,0.368,3.2,6.3,0.5,6.3,6.3,1.0,0.0,6.3,6.3,2.1,4.2,2.1,2.1,2.1,1.1,5.3,24.2,-10.5,43.3,0,0,44.2,1,13222,1,13222,4083,8091,2983,16823,6066,9953,3944,2576,4112,1,14058,7670,11577,15985,3486,5764,3194,2910,19391,3687,4680,18114,5963,2246,150,4597,1,34:13
2024-25,202684,Tristan Thompson,Tristan,1610612739,CLE,Cleveland Cavaliers,0022401067,2025-03-28T00:00:00,CLE @ DET,L,1.1833333333333333,30.4,30.4,1.0,0.0,0.0,0.0,0.0,0.0,0.0,0.0,0.0,0.0,0.0,0.0,0.0,0.0,0.0,0.0,0.0,60.8,60.8,60.8,0,0,60.8,1,13222,1,13222,25970,29,254,1,15070,20945,15070,13505,14344,13505,14058,22137,23286,19908,16469,12854,8263,8846,20257,17725,82,349,1090,2246,150,743,1,1:11
2024-25,1628384,OG Anunoby,OG,1610612752,NYK,New York Knicks,0022401070,2025-03-28T00:00:00,NYK @ MIL,W,35.90833333333333,9.0,21.1,0.429,3.0,10.0,0.3,10.0,10.0,1.0,0.0,2.0,2.0,2.0,1.0,3.0,0.0,1.0,4.0,6.0,31.1,-2.0,44.5,0,0,44.1,1,1,13086,1,2751,4667,2308,13735,6481,3461,11319,692,1358,1,14058,19645,21789,16359,15828,3125,8263,7902,7110,2604,1758,14048,5421,2246,150,4635,1,35:55
2024-25,1626181,Norman Powell,Norman,1610612746,LAC,LA Clippers,0022401068,2025-03-28T00:00:00,LAC @ BKN,W,24.9,4.3,13.0,0.333,2.9,7.2,0.4,4.3,5.8,0.75,0.0,2.9,2.9,7.2,0.0,1.4,0.0,2.9,2.9,4.3,15.9,41.9,34.6,0,0,31.8,1,1,13086,1,12089,16232,11829,17395,6887,7986,7874,5091,4775,8186,14058,17110,20015,3717,16469,8660,8263,1478,11218,5500,12024,848,11409,2246,150,12532,1,24:54
2024-25,1631306,Cole Swider,Cole,1610612761,TOR,Toronto Raptors,0022401069,2025-03-28T00:00:00,TOR vs. CHA,W,19.033333333333335,3.8,9.5,0.4,1.9,7.6,0.25,0.0,0.0,0.0,0.0,0.0,0.0,0.0,0.0,0.0,1.9,0.0,3.8,0.0,9.5,13.2,15.1,0,0,15.1,1,1,13086,1,16794,17613,18025,14933,10672,7243,11902,13505,14344,13505,14058,22137,23286,19908,16469,12854,3786,8846,7797,17725,18680,6292,23136,2246,150,23015,1,19:02
2024-25,1642346,Ryan Dunn,Ryan,1610612756,PHX,Phoenix Suns,0022401071,2025-03-28T00:00:00,PHX @ MIN,L,22.19,4.9,8.1,0.6,4.9,8.1,0.6,0.0,0.0,0.0,1.6,3.2,4.9,1.6,3.2,0.0,1.6,0.0,4.9,0.0,14.6,-29.2,24.5,0,0,29.2,1,13222,1,13222,14356,14757,20068,5394,2463,6263,2992,13505,14344,13505,9837,15951,15143,17589,5682,12854,4500,8846,4907,17725,13289,23613,18613,2246,150,14544,1,22:11
2024-25,203497,Rudy Gobert,Rudy,1610612750,MIN,Minnesota Timberwolves,0022401071,2025-03-28T00:00:00,MIN vs. PHX,W,37.666666666666664,7.6,8.6,0.889,0.0,0.0,0.0,1.0,1.9,0.5,4.8,7.6,12.4,1.0,3.8,3.8,1.0,0.0,4.8,4.8,16.2,19.1,43.1,1,0,39.2,1,1,13086,1,1590,7392,19357,1318,15070,20945,15070,13357,12951,10625,2587,5241,3175,19794,4256,1822,7777,8846,5111,4548,11658,4223,6089,1,150,7283,1,37:40
2024-25,1641740,Jaylen Clark,Jaylen,1610612750,MIN,Minnesota Timberwolves,0022401071,2025-03-28T00:00:00,MIN vs. PHX,W,9.535,3.8,7.6,0.5,3.8,3.8,1.0,0.0,0.0,0.0,0.0,7.6,7.6,0.0,0.0,0.0,0.0,3.8,7.6,0.0,11.3,-22.7,20.4,0,0,22.7,1,1,13086,1,22272,17634,20858,8526,4511,16048,1,13505,14344,13505,14058,5402,9068,19908,16469,12854,8263,749,1601,17725,16862,22259,20987,2246,150,19244,1,9:32
2024-25,1642419,Jamison Battle,Jamison,1610612761,TOR,Toronto Raptors,0022401069,2025-03-28T00:00:00,TOR vs. CHA,W,32.46666666666667,1.1,7.8,0.143,0.0,5.5,0.0,0.0,0.0,0.0,1.1,3.3,4.4,2.2,1.1,2.2,0.0,0.0,1.1,0.0,2.2,11.1,16.4,0,0,13.3,1,1,13086,1,5579,22572,20576,22260,15070,11860,15070,13505,14344,13505,12403,15715,16205,15563,15074,5327,8263,8846,19052,17725,23132,7198,22697,2246,150,23609,1,32:28
2024-25,1630241,Sam Merrill,Sam,1610612739,CLE,Cleveland Cavaliers,0022401067,2025-03-28T00:00:00,CLE @ DET,L,20.433333333333334,3.5,8.8,0.4,3.5,8.8,0.4,0.0,0.0,0.0,1.8,5.3,7.0,0.0,0.0,5.3,0.0,0.0,5.3,1.8,10.6,-5.3,34.9,0,0,31.7,1,13222,1,13222,15684,18266,19005,14933,5098,5091,7874,13505,14344,13505,9379,10062,10062,19908,16469,745,8263,8846,4048,14069,17591,15737,11135,2246,150,12611,1,20:26
2024-25,1629651,Nic Claxton,Nic,1610612751,BKN,Brooklyn Nets,0022401068,2025-03-28T00:00:00,BKN vs. LAC,L,19.766666666666666,5.5,12.7,0.429,0.0,1.8,0.0,0.0,0.0,0.0,0.0,9.1,9.1,1.8,3.6,0.0,3.6,0.0,3.6,0.0,10.9,-32.8,31.9,0,0,29.1,1,13222,1,13222,16206,13092,12298,13735,15070,19881,15070,13505,14344,13505,14058,3400,6578,17021,4689,12854,1120,8846,8284,17725,17237,24135,13425,2246,150,14594,1,19:46
2024-25,1641729,Brice Sensabaugh,Brice,1610612762,UTA,Utah Jazz,0022401073,2025-03-28T00:00:00,UTA @ DEN,L,22.2,8.1,19.5,0.417,3.2,9.7,0.333,0.0,0.0,0.0,1.6,6.5,8.1,1.6,4.9,3.2,0.0,3.2,6.5,0.0,19.5,-3.2,36.5,0,0,38.9,1,13222,1,13222,14344,6393,3369,14532,5838,3799,9209,13505,14344,13505,9838,7336,8078,17590,2506,2658,8263,1110,2411,17725,8411,14696,10042,2246,150,7432,1,22:12
2024-25,1629750,Javonte Green,Javonte,1610612739,CLE,Cleveland Cavaliers,0022401067,2025-03-28T00:00:00,CLE @ DET,L,12.633333333333333,0.0,2.8,0.0,0.0,2.8,0.0,2.8,5.7,0.5,0.0,11.4,11.4,0.0,2.8,0.0,0.0,0.0,11.4,2.8,2.8,31.3,13.7,0,0,14.2,1,13222,1,13222,20927,22635,24542,22635,15070,17959,15070,8213,4886,10625,14058,1694,4051,19908,7028,12854,8263,8846,488,9777,22987,1793,23579,2246,150,23340,1,12:38
2024-25,1642271,Kyle Filipowski,Kyle,1610612762,UTA,Utah Jazz,0022401073,2025-03-28T00:00:00,UTA @ DEN,L,34.266666666666666,7.4,12.6,0.583,1.1,6.3,0.167,3.2,5.3,0.6,2.1,11.6,13.7,1.1,3.2,2.1,0.0,0.0,3.2,3.2,18.9,-17.9,40.0,1,0,38.9,1,13222,1,13222,4042,8112,12550,6296,14247,9970,14236,7434,5524,10343,7943,1590,2405,19521,5978,5778,8263,8846,10075,8726,8938,20890,7748,1,150,7472,1,34:16
2024-25,1631115,Orlando Robinson,Orlando,1610612761,TOR,Toronto Raptors,0022401069,2025-03-28T00:00:00,TOR vs. CHA,W,21.883333333333333,3.3,8.2,0.4,1.6,1.6,1.0,0.0,3.3,0.0,4.9,11.5,16.5,1.6,0.0,1.6,0.0,3.3,4.9,1.6,8.2,3.3,35.4,0,0,31.3,1,1,13086,1,14589,18778,19910,14933,11554,20119,1,13505,9334,13505,2433,1622,1287,17524,16469,7831,8263,1071,4759,14474,19729,10978,10823,2246,150,12962,1,21:53
2024-25,1642274,Yves Missi,Yves,1610612740,NOP,New Orleans Pelicans,0022401072,2025-03-28T00:00:00,NOP vs. GSW,L,27.783333333333335,3.9,9.1,0.429,0.0,0.0,0.0,7.8,10.4,0.75,5.2,7.8,13.0,0.0,1.3,0.0,1.3,0.0,2.6,9.1,15.5,-10.4,33.7,1,0,31.1,1,13222,1,13222,9729,17360,18612,13735,15070,20945,15070,1525,1231,8186,2213,5045,2829,19908,13816,12854,5668,8846,12456,632,12375,18058,12046,1,150,13077,1,27:47
2024-25,1631128,Christian Braun,Christian,1610612743,DEN,Denver Nuggets,0022401073,2025-03-28T00:00:00,DEN vs. UTA,W,27.981666666666666,9.0,14.2,0.636,0.0,1.3,0.0,2.6,2.6,1.0,1.3,3.9,5.1,2.6,1.3,1.3,0.0,0.0,1.3,2.6,20.6,37.3,33.2,0,0,30.9,1,1,13086,1,9563,4696,9923,4689,15070,20512,15070,8873,11042,1,11258,14153,14409,14300,13872,9538,8263,8846,18091,10724,7411,1172,12434,2246,150,13273,1,27:59
2024-25,1642278,Tyler Kolek,Tyler,1610612752,NYK,New York Knicks,0022401070,2025-03-28T00:00:00,NYK @ MIL,W,17.333333333333332,4.2,8.3,0.5,2.1,4.2,0.5,0.0,0.0,0.0,0.0,0.0,0.0,10.4,0.0,0.0,0.0,0.0,0.0,2.1,10.4,37.4,26.0,0,0,22.8,1,1,13086,1,18048,16718,19782,8526,9779,15219,3944,13505,14344,13505,14058,22137,23286,1245,16469,12854,8263,8846,20257,12725,17772,1169,17645,2246,150,19105,1,17:20
2024-25,1627736,Malik Beasley,Malik,1610612765,DET,Detroit Pistons,0022401067,2025-03-28T00:00:00,DET vs. CLE,W,36.3,4.0,9.9,0.4,3.0,5.0,0.6,7.9,7.9,1.0,3.0,1.0,4.0,4.0,1.0,1.0,0.0,0.0,4.0,4.0,18.8,6.9,31.5,0,0,31.7,1,1,13086,1,2463,17171,17208,14933,6608,13299,2992,1442,2563,1,5405,21982,17396,10015,15905,12027,8263,8846,7227,6408,9002,9165,13655,2246,150,12596,1,36:18
2024-25,203901,Elfrid Payton,Elfrid,1610612740,NOP,New Orleans Pelicans,0022401072,2025-03-28T00:00:00,NOP vs. GSW,L,23.343333333333334,3.1,10.8,0.286,0.0,0.0,0.0,0.0,1.5,0.0,3.1,4.6,7.7,15.4,6.2,0.0,0.0,0.0,3.1,3.1,6.2,-9.3,32.4,0,0,29.3,1,13222,1,13222,13431,19243,15703,19630,15070,20945,15070,13505,13447,13505,5164,11917,8786,260,1286,12854,8263,8846,10334,8946,21268,17551,13026,2246,150,14475,1,23:21
2024-25,1629631,De'Andre Hunter,De'Andre,1610612739,CLE,Cleveland Cavaliers,0022401067,2025-03-28T00:00:00,CLE @ DET,L,19.5,5.5,12.9,0.429,0.0,3.7,0.0,9.2,11.1,0.833,1.8,3.7,5.5,0.0,3.7,1.8,0.0,0.0,5.5,5.5,20.3,-11.1,28.8,0,0,29.5,1,13222,1,13222,16419,12880,11994,13735,15070,16234,15070,931,999,7275,9058,14656,13446,19908,4568,7050,8263,8846,3642,3280,7650,18349,15629,2246,150,14297,1,19:30
2024-25,203482,Kelly Olynyk,Kelly,1610612740,NOP,New Orleans Pelicans,0022401072,2025-03-28T00:00:00,NOP vs. GSW,L,28.683333333333334,0.0,8.8,0.0,0.0,2.5,0.0,7.5,7.5,1.0,2.5,5.0,7.5,2.5,2.5,2.5,0.0,0.0,7.5,5.0,7.5,-3.8,25.4,0,0,22.6,1,13222,1,13222,8938,22635,19050,22635,15070,18604,15070,1647,2871,1,6585,10825,9108,14505,8203,4354,8263,8846,1620,4076,20295,14928,18039,2246,150,19289,1,28:41
2024-25,1629004,Svi Mykhailiuk,Svi,1610612762,UTA,Utah Jazz,0022401073,2025-03-28T00:00:00,UTA @ DEN,L,8.016666666666667,4.5,22.5,0.2,4.5,18.0,0.25,0.0,0.0,0.0,0.0,4.5,4.5,0.0,0.0,0.0,0.0,0.0,4.5,0.0,13.5,-71.9,18.9,0,0,22.5,1,13222,1,13222,22811,15812,1606,21401,3086,341,11902,13505,14344,13505,14058,12284,16072,19908,16469,12854,8263,8846,5801,17725,14546,25909,21721,2246,150,19391,1,8:01
2024-25,1628398,Kyle Kuzma,Kyle,1610612749,MIL,Milwaukee Bucks,0022401070,2025-03-28T00:00:00,MIL vs. NYK,L,37.65,7.6,15.3,0.5,1.0,4.8,0.2,2.9,3.8,0.75,0.0,4.8,4.8,2.9,3.8,1.0,0.0,0.0,1.0,1.9,19.1,-1.9,28.2,0,0,29.6,1,13222,1,13222,1602,7384,8116,8526,14765,13752,13429,8171,8192,8186,14058,11484,15343,13378,4254,12300,8263,8846,19929,13467,8721,13987,16067,2246,150,14216,1,37:39
2024-25,1629731,Dean Wade,Dean,1610612739,CLE,Cleveland Cavaliers,0022401067,2025-03-28T00:00:00,CLE @ DET,L,18.583333333333332,5.8,9.7,0.6,3.9,7.7,0.5,3.9,5.8,0.667,1.9,1.9,3.9,1.9,1.9,0.0,0.0,0.0,3.9,5.8,19.4,15.5,25.0,0,0,29.1,1,13222,1,13222,17123,12083,17599,5394,4256,6901,3944,5922,4739,9425,8674,19872,17640,16615,10864,12854,8263,8846,7530,2879,8486,5435,18300,2246,150,14653,1,18:35
2024-25,1642262,Cody Williams,Cody,1610612762,UTA,Utah Jazz,0022401073,2025-03-28T00:00:00,UTA @ DEN,L,23.3,1.5,9.3,0.167,0.0,6.2,0.0,0.0,0.0,0.0,0.0,1.5,1.5,3.1,1.5,3.1,0.0,1.5,3.1,0.0,3.1,-17.0,17.3,0,0,13.9,1,13222,1,13222,13465,22120,18308,21938,15070,10239,15070,13505,14344,13505,14058,20786,22516,12636,12562,2951,8263,4607,10308,17725,22929,20620,22372,2246,150,23446,1,23:18
2024-25,1631204,Marcus Sasser,Marcus,1610612765,DET,Detroit Pistons,0022401067,2025-03-28T00:00:00,DET vs. CLE,W,18.883333333333333,1.9,17.2,0.111,1.9,9.5,0.2,1.9,3.8,0.5,0.0,1.9,1.9,7.6,3.8,1.9,0.0,0.0,1.9,3.8,7.6,-5.7,23.3,0,0,22.9,1,1,13086,1,16915,21572,5622,22520,10600,4065,13429,10925,8215,10625,14058,19951,21988,3250,4284,6729,8263,8846,15639,6815,20221,15931,19401,2246,150,19087,1,18:53
2024-25,1630171,Isaac Okoro,Isaac,1610612739,CLE,Cleveland Cavaliers,0022401067,2025-03-28T00:00:00,CLE @ DET,L,24.783333333333335,1.5,2.9,0.5,0.0,1.5,0.0,7.3,11.6,0.625,1.5,2.9,4.4,0.0,0.0,0.0,0.0,0.0,5.8,5.8,10.2,-13.1,15.4,0,0,14.5,1,13222,1,13222,12187,22228,24520,8526,15070,20322,15070,1824,863,10271,10528,17068,16393,19908,16469,12854,8263,8846,3202,2884,17982,19153,23054,2246,150,23245,1,24:47
2024-25,1641810,Antonio Reeves,Antonio,1610612740,NOP,New Orleans Pelicans,0022401072,2025-03-28T00:00:00,NOP vs. GSW,L,18.973333333333333,3.8,7.6,0.5,0.0,1.9,0.0,1.9,3.8,0.5,0.0,3.8,3.8,1.9,3.8,0.0,0.0,0.0,1.9,1.9,9.5,-32.3,13.1,0,0,15.2,1,13222,1,13222,16850,17585,20809,8526,15070,19746,15070,10964,8265,10625,14058,14337,17839,16761,4340,12854,8263,8846,15690,13530,18653,24062,23742,2246,150,22998,1,18:58
2024-25,203932,Aaron Gordon,Aaron,1610612743,DEN,Denver Nuggets,0022401073,2025-03-28T00:00:00,DEN vs. UTA,W,26.016666666666666,2.8,5.5,0.5,1.4,2.8,0.5,1.4,5.5,0.25,0.0,6.9,6.9,6.9,2.8,0.0,0.0,0.0,1.4,2.8,8.3,33.2,24.2,0,0,23.5,1,1,13086,1,11148,19942,23061,8526,12507,18125,3944,12058,5141,13358,14058,6505,10295,4113,7327,12854,8263,8846,17685,10081,19656,1606,18795,2246,150,18657,1,26:01
2024-25,1626172,Kevon Looney,Kevon,1610612744,GSW,Golden State Warriors,0022401072,2025-03-28T00:00:00,GSW @ NOP,W,13.733333333333333,0.0,2.6,0.0,0.0,0.0,0.0,0.0,0.0,0.0,10.5,5.2,15.7,2.6,0.0,0.0,0.0,0.0,7.9,0.0,0.0,10.5,22.8,0,0,18.3,1,1,13086,1,20341,22635,24610,22635,15070,20945,15070,13505,14344,13505,345,10176,1513,14150,16469,12854,8263,8846,1421,17725,23200,7473,19680,2246,150,21689,1,13:44
2024-25,1630541,Moses Moody,Moses,1610612744,GSW,Golden State Warriors,0022401072,2025-03-28T00:00:00,GSW @ NOP,W,20.116666666666667,5.4,12.5,0.429,1.8,5.4,0.333,0.0,0.0,0.0,0.0,1.8,1.8,1.8,1.8,0.0,0.0,0.0,1.8,0.0,12.5,1.8,15.6,0,0,17.9,1,1,13086,1,15932,13348,12690,13735,11117,12287,9209,13505,14344,13505,14058,20268,22175,17115,11597,12854,8263,8846,16235,17725,15570,11742,23004,2246,150,21916,1,20:07
2024-25,1631323,Simone Fontecchio,Simone,1610612765,DET,Detroit Pistons,0022401067,2025-03-28T00:00:00,DET vs. CLE,W,13.816666666666666,2.6,7.8,0.333,2.6,7.8,0.333,0.0,0.0,0.0,2.6,0.0,2.6,0.0,0.0,5.2,0.0,0.0,10.4,2.6,7.8,2.6,26.6,0,0,23.4,1,1,13086,1,20292,20270,20515,17395,7808,6773,9209,13505,14344,13505,6328,22137,20631,19908,16469,780,8263,8846,623,10622,20073,11316,17229,2246,150,18701,1,13:49
2024-25,1630182,Josh Green,Josh,1610612766,CHA,Charlotte Hornets,0022401069,2025-03-28T00:00:00,CHA @ TOR,L,22.55,3.2,11.2,0.286,0.0,4.8,0.0,1.6,1.6,1.0,0.0,3.2,3.2,1.6,4.8,1.6,1.6,1.6,0.0,1.6,8.0,-12.8,19.0,0,0,19.2,1,13222,1,13222,14074,19012,15066,19630,15070,13731,15070,11603,13396,1,14058,16116,19251,17660,2596,7995,4564,4442,20257,14644,19935,19045,21641,2246,150,21307,1,22:33
2024-25,1641738,Kobe Brown,Kobe,1610612746,LAC,LA Clippers,0022401068,2025-03-28T00:00:00,LAC @ BKN,W,7.883333333333334,0.0,4.6,0.0,0.0,4.6,0.0,4.6,9.1,0.5,0.0,0.0,0.0,0.0,4.6,0.0,0.0,0.0,9.1,4.6,4.6,9.1,0.0,0,0,4.6,1,1,13086,1,22842,22635,23761,22635,15070,14273,15070,4733,1799,10625,14058,22137,23286,19908,2899,12854,8263,8846,924,5007,22252,8119,25228,2246,150,25145,1,7:53
2024-25,1630231,KJ Martin,KJ,1610612762,UTA,Utah Jazz,0022401073,2025-03-28T00:00:00,UTA @ DEN,L,16.316666666666666,0.0,8.8,0.0,0.0,6.6,0.0,0.0,0.0,0.0,0.0,0.0,0.0,4.4,0.0,0.0,0.0,2.2,2.2,0.0,0.0,-44.1,6.6,0,0,4.4,1,13222,1,13222,18711,22635,18976,22635,15070,9274,15070,13505,14344,13505,14058,22137,23286,8843,16469,12854,8263,2626,14064,17725,23200,25128,24852,2246,150,25160,1,16:19
2024-25,1631213,Tyrese Martin,Tyrese,1610612751,BKN,Brooklyn Nets,0022401068,2025-03-28T00:00:00,BKN vs. LAC,L,19.466666666666665,3.7,12.9,0.286,3.7,9.2,0.4,0.0,0.0,0.0,0.0,7.4,7.4,1.8,0.0,0.0,0.0,1.8,1.8,0.0,11.1,-20.3,22.7,0,0,24.0,1,13222,1,13222,16447,17833,11948,19630,4702,4460,7874,13505,14344,13505,14058,5681,9369,16929,16469,12854,8263,3740,15947,17725,17093,21646,19718,2246,150,18297,1,19:28
2024-25,1627752,Taurean Prince,Taurean,1610612749,MIL,Milwaukee Bucks,0022401070,2025-03-28T00:00:00,MIL vs. NYK,L,25.55,1.4,5.6,0.25,1.4,5.6,0.25,0.0,0.0,0.0,0.0,4.2,4.2,2.8,1.4,1.4,1.4,0.0,1.4,0.0,4.2,0.0,20.6,0,0,18.3,1,13222,1,13222,11534,22281,22961,20233,12411,11614,11902,13505,14344,13505,14058,13036,16736,13528,13230,8847,5194,8846,17587,17725,22450,12240,20902,2246,150,21707,1,25:33
2024-25,1641764,Brandin Podziemski,Brandin,1610612744,GSW,Golden State Warriors,0022401072,2025-03-28T00:00:00,GSW @ NOP,W,31.426666666666666,4.6,12.6,0.364,1.1,8.0,0.143,1.1,2.3,0.5,0.0,6.9,6.9,2.3,0.0,1.1,0.0,1.1,3.4,2.3,11.5,10.3,26.6,0,0,24.1,1,1,13086,1,6483,15539,12575,16861,13675,6417,14649,12770,11815,10625,14058,6577,10374,15268,16469,10632,8263,6674,8948,11788,16726,7558,17230,2246,150,18285,1,31:26
2024-25,1628960,Grayson Allen,Grayson,1610612756,PHX,Phoenix Suns,0022401071,2025-03-28T00:00:00,PHX @ MIN,L,12.201666666666666,3.0,3.0,1.0,3.0,3.0,1.0,0.0,0.0,0.0,0.0,5.9,5.9,0.0,3.0,0.0,0.0,0.0,3.0,5.9,8.9,3.0,13.0,0,0,17.7,1,13222,1,13222,21154,19531,24505,1,6680,17754,1,13505,14344,13505,14058,8545,12527,19908,6639,12854,8263,8846,10936,2744,19223,11144,23773,2246,150,21987,1,12:12
2024-25,1630526,Jeremiah Robinson-Earl,Jeremiah,1610612740,NOP,New Orleans Pelicans,0022401072,2025-03-28T00:00:00,NOP vs. GSW,L,19.1,9.4,17.0,0.556,1.9,5.7,0.333,0.0,0.0,0.0,3.8,0.0,3.8,3.8,3.8,1.9,0.0,0.0,3.8,1.9,20.7,-13.2,32.8,0,0,33.9,1,13222,1,13222,16751,3987,5840,7248,10698,11571,9209,13505,14344,13505,3929,22137,17895,10590,4395,6835,8263,8846,7837,13567,7288,19194,12728,2246,150,10905,1,19:06
2024-25,1630631,Jose Alvarado,Jose,1610612740,NOP,New Orleans Pelicans,0022401072,2025-03-28T00:00:00,NOP vs. GSW,L,27.45,5.2,15.7,0.333,0.0,3.9,0.0,2.6,3.9,0.667,1.3,2.6,3.9,5.2,2.6,0.0,1.3,0.0,1.3,3.9,13.1,-14.4,27.0,0,0,24.9,1,13222,1,13222,9976,13678,7491,17395,15070,15703,15070,8753,7980,9425,11147,17890,17481,6952,7793,12854,5601,8846,17991,6474,14966,19674,16927,2246,150,17742,1,27:27
2024-25,203501,Tim Hardaway Jr.,Tim,1610612765,DET,Detroit Pistons,0022401067,2025-03-28T00:00:00,DET vs. CLE,W,33.15,10.9,19.5,0.556,7.6,11.9,0.636,5.4,5.4,1.0,0.0,1.1,1.1,3.3,1.1,0.0,0.0,0.0,3.3,2.2,34.8,15.2,39.9,0,0,46.7,1,1,13086,1,5027,2374,3306,7248,558,1808,2842,3499,5275,1,14058,21787,23102,12123,15230,12854,8263,8846,9623,12285,998,5543,7846,2246,150,3594,1,33:09
2024-25,1631255,Karlo Matković,Karlo,1610612740,NOP,New Orleans Pelicans,0022401072,2025-03-28T00:00:00,NOP vs. GSW,L,20.216666666666665,8.9,12.5,0.714,0.0,1.8,0.0,0.0,0.0,0.0,0.0,5.3,5.3,3.6,1.8,1.8,1.8,0.0,3.6,0.0,17.8,-14.2,38.5,0,0,33.8,1,13222,1,13222,15849,4883,12793,2752,15070,19946,15070,13505,14344,13505,14058,9923,13931,11207,11634,7329,4099,8846,8557,17725,10021,19598,8728,2246,150,10978,1,20:13
2024-25,1630193,Immanuel Quickley,Immanuel,1610612761,TOR,Toronto Raptors,0022401069,2025-03-28T00:00:00,TOR vs. CHA,W,27.3,7.9,19.8,0.4,6.6,10.5,0.625,2.6,2.6,1.0,0.0,1.3,1.3,11.9,1.3,1.3,0.0,1.3,2.6,2.6,25.1,11.9,47.1,0,0,47.5,1,1,13086,1,10100,6826,3130,14933,950,2929,2868,8719,10891,1,14058,21248,22794,746,13719,9359,8263,5558,12296,10522,4190,6847,4290,2246,150,3310,1,27:18
2024-25,201939,Stephen Curry,Stephen,1610612744,GSW,Golden State Warriors,0022401072,2025-03-28T00:00:00,GSW @ NOP,W,33.89333333333333,7.4,22.3,0.333,5.3,17.0,0.313,4.2,5.3,0.8,0.0,4.2,4.2,6.4,1.1,3.2,0.0,2.1,2.1,4.2,24.4,10.6,47.6,0,0,46.7,1,1,13086,1,4361,7928,1676,17395,1939,417,11289,5261,5447,7681,14058,12974,16686,4892,15408,2768,8263,2853,14500,5724,4534,7408,4112,2246,150,3578,1,33:54
2024-25,1642266,Ja'Kobe Walter,Ja'Kobe,1610612761,TOR,Toronto Raptors,0022401069,2025-03-28T00:00:00,TOR vs. CHA,W,29.883333333333333,3.6,9.6,0.375,3.6,8.4,0.429,2.4,2.4,1.0,1.2,1.2,2.4,1.2,1.2,2.4,0.0,0.0,1.2,3.6,13.3,9.6,24.0,0,0,25.3,1,1,13086,1,7889,18049,17697,16299,4890,5691,7394,9309,11458,1,11762,21499,20990,19001,14401,4668,8263,8846,18506,7353,14804,7870,18971,2246,150,17435,1,29:53
2024-25,1626220,Royce O'Neale,Royce,1610612756,PHX,Phoenix Suns,0022401071,2025-03-28T00:00:00,PHX @ MIN,L,24.0,10.5,18.0,0.583,10.5,18.0,0.583,0.0,0.0,0.0,0.0,3.0,3.0,3.0,0.0,0.0,0.0,0.0,0.0,0.0,31.5,-6.0,39.6,0,0,48.0,1,13222,1,13222,12899,2714,4664,6296,186,332,3489,13505,14344,13505,14058,16717,19729,12925,16469,12854,8263,8846,20257,17725,1640,16057,8015,2246,150,3132,1,24:00
2024-25,202710,Jimmy Butler III,Jimmy,1610612744,GSW,Golden State Warriors,0022401072,2025-03-28T00:00:00,GSW @ NOP,W,34.72666666666667,6.2,13.5,0.462,1.0,6.2,0.167,5.2,7.3,0.714,7.3,3.1,10.4,4.1,2.1,1.0,0.0,1.0,0.0,6.2,18.7,7.3,38.4,1,0,36.3,1,1,13086,1,3673,10920,11040,12428,14333,10150,14236,3784,3126,9244,1037,16382,5040,9532,10142,11622,8263,7606,20257,2367,9156,9014,8801,1,150,9166,1,34:44
2024-25,1631131,Oscar Tshiebwe,Oscar,1610612762,UTA,Utah Jazz,0022401073,2025-03-28T00:00:00,UTA @ DEN,L,25.85,2.8,7.0,0.4,0.0,0.0,0.0,4.2,4.2,1.0,9.7,4.2,13.9,1.4,2.8,1.4,0.0,2.8,2.8,2.8,9.7,-43.2,29.9,0,0,27.9,1,13222,1,13222,11287,19910,21607,14933,15070,20945,15070,5379,7455,1,437,13169,2272,18367,7275,8942,8263,1615,11703,10014,18395,25067,14839,2246,150,15538,1,25:51
2024-25,1630553,Keon Johnson,Keon,1610612751,BKN,Brooklyn Nets,0022401068,2025-03-28T00:00:00,BKN vs. LAC,L,22.733333333333334,7.9,17.4,0.455,4.8,11.1,0.429,0.0,0.0,0.0,0.0,1.6,1.6,3.2,3.2,3.2,0.0,1.6,3.2,0.0,20.6,-44.3,33.6,0,0,36.4,1,13222,1,13222,13923,6816,5328,12676,2642,2423,7394,13505,14344,13505,14058,20709,22462,12427,5916,2803,8263,4472,10007,17725,7409,25141,12139,2246,150,9086,1,22:44
2024-25,1629661,Cameron Johnson,Cameron,1610612751,BKN,Brooklyn Nets,0022401068,2025-03-28T00:00:00,BKN vs. LAC,L,19.766666666666666,5.5,14.6,0.375,1.8,9.1,0.2,7.3,7.3,1.0,0.0,0.0,0.0,10.9,1.8,1.8,0.0,0.0,1.8,5.5,20.0,-32.8,40.1,0,0,36.4,1,13222,1,13222,16206,13092,9252,16299,10985,4655,13429,1811,3107,1,14058,22137,23286,1021,11448,7151,8263,8846,16076,3391,7898,24135,7719,2246,150,9084,1,19:46
2024-25,1641736,Reece Beekman,Reece,1610612751,BKN,Brooklyn Nets,0022401068,2025-03-28T00:00:00,BKN vs. LAC,L,6.65,0.0,5.4,0.0,0.0,5.4,0.0,32.5,32.5,1.0,0.0,0.0,0.0,5.4,5.4,5.4,0.0,0.0,10.8,16.2,32.5,-5.4,51.4,0,0,48.7,1,13222,1,13222,23303,22635,23161,22635,15070,12178,15070,24,45,1,14058,22137,23286,6604,1887,676,8263,8846,557,76,1419,15790,2858,2246,150,2913,1,6:39
2024-25,203507,Giannis Antetokounmpo,Giannis,1610612749,MIL,Milwaukee Bucks,0022401070,2025-03-28T00:00:00,MIL vs. NYK,L,34.86833333333333,11.4,17.6,0.647,0.0,3.1,0.0,8.3,11.4,0.727,1.0,8.3,9.3,7.2,2.1,0.0,0.0,0.0,5.2,7.2,31.0,-6.2,50.9,0,0,47.5,1,13222,1,13222,3563,1968,5204,4571,15070,17464,15070,1296,933,9223,13011,4344,6328,3720,10191,12854,8263,8846,4264,1491,1781,16154,3010,2246,150,3307,1,34:52
2024-25,1630191,Isaiah Stewart,Isaiah,1610612765,DET,Detroit Pistons,0022401067,2025-03-28T00:00:00,DET vs. CLE,W,20.533333333333335,8.8,10.5,0.833,0.0,0.0,0.0,7.0,8.8,0.8,1.8,5.3,7.0,1.8,3.5,0.0,0.0,1.8,8.8,7.0,24.5,-7.0,32.1,0,0,33.3,1,1,13086,1,15619,5146,16179,1514,15070,20945,15070,2001,2006,7681,9402,10135,10124,17217,4996,12854,8263,4022,1042,1655,4460,16506,13262,2246,150,11393,1,20:32
2024-25,1626157,Karl-Anthony Towns,Karl-Anthony,1610612752,NYK,New York Knicks,0022401070,2025-03-28T00:00:00,NYK @ MIL,W,32.108333333333334,6.7,17.9,0.375,1.1,3.4,0.333,1.1,1.1,1.0,4.5,6.7,11.2,1.1,3.4,2.2,0.0,2.2,5.6,2.2,15.7,10.1,34.2,1,0,33.6,1,1,13086,1,5887,9636,4763,16299,13827,16945,9209,12853,14009,1,2943,6845,4229,19290,5324,5241,8263,2570,3538,11974,12227,7658,11654,1,150,11126,1,32:07
2024-25,1641725,Trey Alexander,Trey,1610612743,DEN,Denver Nuggets,0022401073,2025-03-28T00:00:00,DEN vs. UTA,W,4.616666666666666,15.6,23.4,0.667,0.0,7.8,0.0,0.0,0.0,0.0,0.0,0.0,0.0,15.6,0.0,0.0,0.0,0.0,7.8,0.0,31.2,-15.6,54.6,0,0,46.8,1,1,13086,1,24173,406,1249,3281,15070,6797,15070,13505,14344,13505,14058,22137,23286,244,16469,12854,8263,8846,1459,17725,1735,20119,2070,2246,150,3555,1,4:37
2024-25,1642347,Jamal Shead,Jamal,1610612761,TOR,Toronto Raptors,0022401069,2025-03-28T00:00:00,TOR vs. CHA,W,22.35,11.3,25.8,0.438,1.6,11.3,0.143,3.2,3.2,1.0,0.0,6.4,6.4,6.4,0.0,3.2,0.0,1.6,3.2,1.6,27.4,3.2,54.4,0,0,48.3,1,1,13086,1,14231,2030,681,13558,11643,2275,14649,7274,9474,1,14058,7425,11296,4799,16469,2694,8263,4406,9772,14591,3029,11006,2101,2246,150,3037,1,22:21
2024-25,1631212,Peyton Watson,Peyton,1610612743,DEN,Denver Nuggets,0022401073,2025-03-28T00:00:00,DEN vs. UTA,W,27.231666666666666,5.3,11.9,0.444,0.0,2.6,0.0,0.0,0.0,0.0,1.3,5.3,6.6,5.3,0.0,1.3,4.0,0.0,2.6,1.3,10.6,34.4,42.3,0,0,33.0,1,1,13086,1,10171,13570,13767,13045,15070,18368,15070,13505,14344,13505,11090,10057,10928,6850,16469,9336,937,8846,12263,15798,17587,1462,6472,2246,150,11621,1,27:14
2024-25,1631217,Moussa Diabaté,Moussa,1610612766,CHA,Charlotte Hornets,0022401069,2025-03-28T00:00:00,CHA @ TOR,L,12.883333333333333,11.2,16.8,0.667,0.0,0.0,0.0,2.8,8.4,0.333,8.4,8.4,16.8,0.0,0.0,0.0,2.8,0.0,0.0,5.6,25.1,0.0,53.7,0,0,47.5,1,13222,1,13222,20803,2121,6094,3281,15070,20945,15070,8360,2269,13132,678,4177,1183,19908,16469,12854,1958,8846,20257,3209,4151,12240,2284,2246,150,3303,1,12:53
2024-25,1629008,Michael Porter Jr.,Michael,1610612743,DEN,Denver Nuggets,0022401073,2025-03-28T00:00:00,DEN vs. UTA,W,30.735,8.2,11.7,0.7,4.7,8.2,0.571,2.3,2.3,1.0,0.0,4.7,4.7,4.7,4.7,0.0,4.7,0.0,4.7,1.2,23.4,35.1,45.4,0,0,46.9,1,1,13086,1,7099,6209,14086,3045,2760,6085,3506,9483,11656,1,14058,11756,15611,8220,2742,12854,618,8846,5327,16549,5183,1382,4973,2246,150,3532,1,30:44
2024-25,201935,James Harden,James,1610612746,LAC,LA Clippers,0022401068,2025-03-28T00:00:00,LAC @ BKN,W,28.85,7.5,12.5,0.6,2.5,6.2,0.4,3.7,3.7,1.0,0.0,2.5,2.5,7.5,2.5,0.0,0.0,0.0,1.2,2.5,21.2,42.4,32.9,0,0,33.7,1,1,13086,1,8805,7792,12764,5394,8157,10109,7874,6194,8385,1,14058,18197,20822,3417,8262,12854,8263,8846,18284,11003,6915,812,12633,2246,150,11081,1,28:51
2024-25,1627741,Buddy Hield,Buddy,1610612744,GSW,Golden State Warriors,0022401072,2025-03-28T00:00:00,GSW @ NOP,W,22.86,6.3,12.6,0.5,3.1,9.4,0.333,1.6,1.6,1.0,1.6,3.1,4.7,4.7,1.6,1.6,0.0,0.0,3.1,3.1,17.3,14.2,33.2,0,0,33.1,1,1,13086,1,13828,10720,12582,8526,6098,4187,9209,11638,13417,1,10027,16262,15498,8123,12444,8090,8263,8846,10093,8738,10508,5951,12409,2246,150,11604,1,22:52
2024-25,1631166,Drew Timme,Drew,1610612751,BKN,Brooklyn Nets,0022401068,2025-03-28T00:00:00,BKN vs. LAC,L,24.9,5.8,8.7,0.667,1.4,4.3,0.333,2.9,4.3,0.667,5.8,8.7,14.5,1.4,4.3,0.0,0.0,0.0,1.4,4.3,15.9,-18.8,31.1,1,0,33.3,1,13222,1,13222,12089,12159,19229,3281,12271,14824,9209,8112,7132,9425,1756,3857,2019,18190,3240,12854,8263,8846,17457,5500,12024,21178,13998,1,150,11450,1,24:54
2024-25,1641842,Ronald Holland II,Ronald,1610612765,DET,Detroit Pistons,0022401067,2025-03-28T00:00:00,DET vs. CLE,W,19.0,7.6,9.5,0.8,3.8,5.7,0.667,0.0,0.0,0.0,0.0,3.8,3.8,1.9,5.7,0.0,0.0,0.0,1.9,1.9,18.9,-11.4,20.7,0,0,28.4,1,1,13086,1,16826,7560,17991,1688,4470,11488,1957,13505,14344,13505,14058,14352,17851,16767,1647,12854,8263,8846,15711,13539,8912,18464,20870,2246,150,15129,1,19:00
2024-25,201572,Brook Lopez,Brook,1610612749,MIL,Milwaukee Bucks,0022401070,2025-03-28T00:00:00,MIL vs. NYK,L,33.905,3.2,5.3,0.6,1.1,2.1,0.5,0.0,2.1,0.0,2.1,3.2,5.3,6.4,2.1,0.0,2.1,0.0,2.1,1.1,7.4,-8.5,27.6,0,0,24.4,1,13222,1,13222,4347,19022,23253,5394,14186,19327,3944,13505,12343,13505,7874,16145,14026,4899,9889,12854,3138,8846,14507,17110,20379,17180,16494,2246,150,18061,1,33:54
2024-25,1629234,Drew Eubanks,Drew,1610612746,LAC,LA Clippers,0022401068,2025-03-28T00:00:00,LAC @ BKN,W,8.95,0.0,0.0,0.0,0.0,0.0,0.0,0.0,0.0,0.0,0.0,20.1,20.1,0.0,4.0,0.0,4.0,0.0,4.0,4.0,0.0,12.1,32.2,0,0,28.2,1,1,13086,1,22470,22635,24836,22635,15070,20945,15070,13505,14344,13505,14058,167,511,19908,3837,12854,907,8846,7081,6243,23200,6767,13197,2246,150,15326,1,8:57
2024-25,1641709,Ausar Thompson,Ausar,1610612765,DET,Detroit Pistons,0022401067,2025-03-28T00:00:00,DET vs. CLE,W,31.65,9.1,20.5,0.444,0.0,2.3,0.0,2.3,2.3,1.0,3.4,8.0,11.4,2.3,2.3,2.3,4.5,0.0,2.3,2.3,20.5,17.1,55.7,1,0,47.8,1,1,13086,1,6279,4526,2652,13045,15070,19038,15070,9707,11857,1,4512,4761,4071,15323,9185,5128,670,8846,13751,11841,7523,4887,1853,1,150,3235,1,31:39
2024-25,1631157,Ryan Rollins,Ryan,1610612749,MIL,Milwaukee Bucks,0022401070,2025-03-28T00:00:00,MIL vs. NYK,L,34.4,8.4,12.6,0.667,3.1,4.2,0.75,1.0,2.1,0.5,0.0,5.2,5.2,4.2,4.2,0.0,0.0,1.0,0.0,3.1,20.9,7.3,29.3,0,0,33.5,1,13222,1,13222,3923,5851,12641,3281,6122,15150,1542,13089,12446,10625,14058,10209,14210,9422,3523,12854,8263,7524,20257,8763,7136,8972,15276,2246,150,11249,1,34:24
2024-25,1630198,Isaiah Joe,Isaiah,1610612760,OKC,Oklahoma City Thunder,0022401064,2025-03-27T00:00:00,OKC vs. MEM,W,21.471666666666668,3.4,10.1,0.333,3.4,6.7,0.5,1.7,3.4,0.5,1.7,5.0,6.7,3.4,0.0,0.0,0.0,0.0,0.0,1.7,11.7,25.1,24.8,0,0,25.1,1,1,13086,1,14953,18637,16945,17395,5509,9095,3944,11459,9192,10625,9651,10794,10723,11809,16469,12854,8263,8846,20257,14345,16411,2781,18411,2246,150,17561,1,21:28
2024-25,202691,Klay Thompson,Klay,1610612742,DAL,Dallas Mavericks,0022401060,2025-03-27T00:00:00,DAL @ ORL,W,25.528333333333332,7.1,14.1,0.5,2.8,5.6,0.5,0.0,0.0,0.0,0.0,5.6,5.6,0.0,1.4,0.0,0.0,0.0,1.4,0.0,16.9,-9.9,22.3,0,0,25.4,1,1,13086,1,11573,8816,10008,8526,7156,11599,3944,13505,14344,13505,14058,9187,13171,19908,13221,12854,8263,8846,17583,17725,10935,17827,19993,2246,150,17369,1,25:32
2024-25,202685,Jonas Valančiūnas,Jonas,1610612758,SAC,Sacramento Kings,0022401066,2025-03-27T00:00:00,SAC vs. POR,W,11.183333333333334,6.4,9.7,0.667,0.0,0.0,0.0,6.4,6.4,1.0,6.4,12.9,19.3,3.2,0.0,3.2,0.0,3.2,6.4,6.4,19.3,22.5,57.0,0,0,48.3,1,1,13086,1,21631,10338,17658,3281,15070,20945,15070,2463,3952,1,1400,1055,623,12230,16469,2698,8263,1139,2454,2140,8543,3358,1642,2246,150,3051,1,11:11
2024-25,1629014,Anfernee Simons,Anfernee,1610612757,POR,Portland Trail Blazers,0022401066,2025-03-27T00:00:00,POR @ SAC,L,37.4,7.7,16.4,0.471,2.9,8.7,0.333,1.0,1.0,1.0,0.0,1.0,1.0,4.8,0.0,0.0,0.0,1.0,1.0,1.0,19.3,-18.3,27.6,0,0,27.9,1,13222,1,13222,1739,7271,6592,12143,6903,5322,9209,13344,14270,1,14058,22035,23238,7888,16469,12854,8263,8244,19898,17509,8596,21017,16481,2246,150,15488,1,37:24
2024-25,1630171,Isaac Okoro,Isaac,1610612739,CLE,Cleveland Cavaliers,0022401059,2025-03-27T00:00:00,CLE vs. SAS,W,19.283333333333335,7.5,13.1,0.571,1.9,3.7,0.5,0.0,0.0,0.0,0.0,7.5,7.5,1.9,0.0,0.0,0.0,0.0,1.9,0.0,16.8,18.7,28.6,0,0,28.0,1,1,13086,1,16596,7846,11741,6538,10794,16134,3944,13505,14344,13505,14058,5559,9237,16868,16469,12854,8263,8846,15849,17725,11069,4356,15827,2246,150,15419,1,19:17
2024-25,1631114,Jalen Williams,Jalen,1610612760,OKC,Oklahoma City Thunder,0022401064,2025-03-27T00:00:00,OKC vs. MEM,W,29.216666666666665,7.4,14.8,0.5,1.2,1.2,1.0,8.6,9.9,0.875,0.0,6.2,6.2,4.9,4.9,0.0,0.0,1.2,3.7,4.9,24.6,0.0,34.5,0,0,37.0,1,1,13086,1,8478,8025,8931,8526,13191,20579,1,1136,1428,6931,14058,7989,11914,7622,2425,12854,8263,6043,8095,4243,4395,12240,11452,2246,150,8744,1,29:13
2024-25,1641739,Toumani Camara,Toumani,1610612757,POR,Portland Trail Blazers,0022401066,2025-03-27T00:00:00,POR @ SAC,L,33.52333333333333,2.1,8.6,0.25,2.1,8.6,0.25,0.0,0.0,0.0,1.1,3.2,4.3,1.1,2.1,4.3,1.1,0.0,1.1,2.1,6.4,-21.5,27.2,0,0,24.7,1,13222,1,13222,4715,21149,19366,20233,9470,5433,11902,13505,14344,13505,12686,16012,16542,19434,9737,1378,6952,8846,19250,12411,21093,21963,16837,2246,150,17887,1,33:31
2024-25,1626167,Myles Turner,Myles,1610612754,IND,Indiana Pacers,0022401061,2025-03-27T00:00:00,IND @ WAS,W,21.4,8.4,11.8,0.714,6.7,10.1,0.667,5.0,6.7,0.75,0.0,8.4,8.4,3.4,1.7,0.0,0.0,0.0,3.4,5.0,28.6,35.3,42.1,0,0,47.1,1,1,13086,1,14991,5778,13986,2752,877,3383,1957,3958,3623,8186,14058,4150,7604,11777,11995,12854,8263,8846,9201,4021,2573,1359,6587,2246,150,3436,1,21:24
2024-25,1641716,Jarace Walker,Jarace,1610612754,IND,Indiana Pacers,0022401061,2025-03-27T00:00:00,IND @ WAS,W,24.666666666666668,8.8,14.6,0.6,5.8,7.3,0.8,0.0,0.0,0.0,1.5,5.8,7.3,7.3,1.5,0.0,1.5,0.0,5.8,0.0,23.4,45.2,46.0,0,0,46.7,1,1,13086,1,12303,5163,9207,5394,1440,7822,1389,13505,14344,13505,10490,8697,9576,3616,12959,12854,4999,8846,3159,17725,5237,696,4754,2246,150,3590,1,24:40
2024-25,1630532,Franz Wagner,Franz,1610612753,ORL,Orlando Magic,0022401060,2025-03-27T00:00:00,ORL vs. DAL,L,35.77166666666667,8.1,21.1,0.381,0.0,5.0,0.0,4.0,4.0,1.0,2.0,7.0,9.1,2.0,4.0,1.0,0.0,1.0,0.0,3.0,20.1,-14.1,33.0,0,0,33.2,1,13222,1,13222,2847,6528,2255,16250,15070,13126,15070,5658,7794,1,8335,6289,6650,16330,3836,11897,8263,7865,20257,9166,7815,19542,12589,2246,150,11488,1,35:46
2024-25,1630166,Deni Avdija,Deni,1610612757,POR,Portland Trail Blazers,0022401066,2025-03-27T00:00:00,POR @ SAC,L,32.21666666666667,7.8,12.3,0.636,4.5,7.8,0.571,6.7,7.8,0.857,2.2,7.8,10.1,3.4,3.4,1.1,0.0,0.0,4.5,8.9,26.8,-20.1,43.9,0,0,46.9,1,13222,1,13222,5792,7025,13094,4689,3111,6767,3506,2236,2648,7071,7477,4976,5365,11810,5352,10882,8263,8846,5844,679,3290,21578,5709,2246,150,3508,1,32:13
2024-25,1642277,Johnny Furphy,Johnny,1610612754,IND,Indiana Pacers,0022401061,2025-03-27T00:00:00,IND @ WAS,W,7.683333333333334,4.7,4.7,1.0,4.7,4.7,1.0,0.0,0.0,0.0,4.7,4.7,9.4,0.0,0.0,0.0,0.0,0.0,9.4,0.0,14.1,51.5,25.3,0,0,28.1,1,1,13086,1,22925,15269,23691,1,2749,13992,1,13505,14344,13505,2686,11744,6229,19908,16469,12854,8263,8846,849,17725,13880,513,18072,2246,150,15351,1,7:41
2024-25,1631108,Max Christie,Max,1610612742,DAL,Dallas Mavericks,0022401060,2025-03-27T00:00:00,DAL @ ORL,W,29.383333333333333,3.7,7.4,0.5,2.5,3.7,0.667,4.9,4.9,1.0,0.0,3.7,3.7,2.5,1.2,2.5,0.0,0.0,0.0,2.5,14.7,0.0,28.9,0,0,28.2,1,1,13086,1,8324,17903,21141,8526,8320,16277,1957,4191,6117,1,14058,14716,18140,14708,14262,4537,8263,8846,20257,11161,13195,12240,15550,2246,150,15310,1,29:23
2024-25,1641708,Amen Thompson,Amen,1610612745,HOU,Houston Rockets,0022401065,2025-03-27T00:00:00,HOU @ UTA,W,28.233333333333334,8.9,14.0,0.636,1.3,2.6,0.5,0.0,0.0,0.0,3.8,8.9,12.8,6.4,0.0,2.6,1.3,0.0,3.8,0.0,19.1,21.7,55.5,1,0,47.2,1,1,13086,1,9357,4839,10127,4689,12963,18539,3944,13505,14344,13505,3845,3586,2970,4890,16469,4256,5762,8846,7661,17725,8717,3540,1899,1,150,3408,1,28:14
2024-25,1629026,Kenrich Williams,Kenrich,1610612760,OKC,Oklahoma City Thunder,0022401064,2025-03-27T00:00:00,OKC vs. MEM,W,20.133333333333333,5.4,8.9,0.6,1.8,3.6,0.5,1.8,1.8,1.0,0.0,3.6,3.6,1.8,0.0,0.0,1.8,0.0,7.2,3.6,14.3,-3.6,26.6,0,0,25.0,1,1,13086,1,15915,13357,18808,5394,11120,16493,3944,11262,13203,1,14058,15003,18380,17120,16469,12854,4082,8846,1852,7463,13599,14832,17187,2246,150,17653,1,20:08
2024-25,1630625,Dalano Banton,Dalano,1610612757,POR,Portland Trail Blazers,0022401066,2025-03-27T00:00:00,POR @ SAC,L,5.933333333333334,6.1,18.2,0.333,0.0,0.0,0.0,12.1,12.1,1.0,0.0,0.0,0.0,12.1,0.0,6.1,0.0,0.0,6.1,6.1,24.3,-12.1,60.7,0,0,48.5,1,13222,1,13222,23619,11321,4456,17395,15070,20945,15070,328,730,1,14058,22137,23286,690,16469,453,8263,8846,2854,2536,4629,18787,1113,2246,150,2975,1,5:56
2024-25,203076,Anthony Davis,Anthony,1610612742,DAL,Dallas Mavericks,0022401060,2025-03-27T00:00:00,DAL @ ORL,W,28.851666666666667,6.2,23.7,0.263,1.2,6.2,0.2,5.0,8.7,0.571,1.2,7.5,8.7,2.5,0.0,1.2,0.0,0.0,1.2,7.5,18.7,-11.2,36.7,0,0,33.7,1,1,13086,1,8804,10866,1154,20219,13111,10112,13429,4049,2027,10536,11493,5522,7123,14559,16469,9818,8263,8846,18288,1333,9112,18411,9900,2246,150,11084,1,28:51
2024-25,203084,Harrison Barnes,Harrison,1610612759,SAS,San Antonio Spurs,0022401059,2025-03-27T00:00:00,SAS @ CLE,L,27.233333333333334,5.3,10.6,0.5,1.3,4.0,0.333,1.3,1.3,1.0,1.3,1.3,2.6,2.6,0.0,2.6,0.0,1.3,0.0,1.3,13.2,-7.9,28.3,0,0,25.1,1,13222,1,13222,10157,13571,16101,8526,12770,15653,9209,12243,13697,1,11091,21243,20555,14071,16469,4033,8263,5537,20257,15799,14849,16946,15999,2246,150,17584,1,27:14
2024-25,1628371,Jonathan Isaac,Jonathan,1610612753,ORL,Orlando Magic,0022401060,2025-03-27T00:00:00,ORL vs. DAL,L,6.383333333333334,0.0,5.6,0.0,0.0,5.6,0.0,0.0,0.0,0.0,5.6,16.9,22.6,5.6,5.6,0.0,0.0,0.0,0.0,0.0,0.0,56.4,29.9,0,0,28.2,1,13222,1,13222,23420,22635,22954,22635,15070,11604,15070,13505,14344,13505,1850,337,296,6162,1686,12854,8263,8846,20257,17725,23200,417,14884,2246,150,15296,1,6:23
2024-25,1627747,Caris LeVert,Caris,1610612737,ATL,Atlanta Hawks,0022401062,2025-03-27T00:00:00,ATL @ MIA,L,28.183333333333334,7.7,15.3,0.5,2.6,7.7,0.333,3.8,5.1,0.75,1.3,5.1,6.4,3.8,1.3,1.3,0.0,0.0,1.3,3.8,21.7,7.7,37.7,0,0,37.0,1,13222,1,13222,9395,7343,8064,8526,7957,7058,9209,6017,5741,8186,11315,10536,11434,10414,13922,9597,8263,8846,18136,6762,6458,8791,9240,2246,150,8699,1,28:11
2024-25,1629637,Jaxson Hayes,Jaxson,1610612747,LAL,Los Angeles Lakers,0022401063,2025-03-27T00:00:00,LAL @ CHI,L,32.05833333333333,10.1,12.4,0.818,0.0,0.0,0.0,1.1,2.2,0.5,3.4,5.6,9.0,1.1,0.0,0.0,1.1,0.0,3.4,4.5,21.3,-10.1,37.2,0,0,33.7,1,13222,1,13222,5924,3105,12975,1653,15070,20945,15070,12845,11948,10625,4601,9276,6772,19283,16469,12854,6648,8846,9191,5161,6784,17934,9565,2246,150,11087,1,32:04
2024-25,1627777,Georges Niang,Georges,1610612737,ATL,Atlanta Hawks,0022401062,2025-03-27T00:00:00,ATL @ MIA,L,14.2,5.1,10.1,0.5,2.5,5.1,0.5,0.0,0.0,0.0,0.0,7.6,7.6,0.0,2.5,2.5,0.0,0.0,2.5,0.0,12.7,15.2,26.9,0,0,27.9,1,13222,1,13222,20077,14176,16838,8526,8029,13024,3944,13505,14344,13505,14058,5312,8958,19908,8097,4285,8263,8846,12650,17725,15417,5537,17040,2246,150,15508,1,14:12
2024-25,1628415,Dillon Brooks,Dillon,1610612745,HOU,Houston Rockets,0022401065,2025-03-27T00:00:00,HOU @ UTA,W,28.25,5.1,11.5,0.444,2.5,5.1,0.5,0.0,0.0,0.0,0.0,3.8,3.8,3.8,1.3,1.3,0.0,0.0,3.8,0.0,12.7,11.5,25.6,0,0,25.5,1,1,13086,1,9340,14103,14522,13045,7975,12962,3944,13505,14344,13505,14058,14253,17767,10438,13940,9614,8263,8846,7666,17725,15341,7025,17871,2246,150,17291,1,28:15
2024-25,1631097,Bennedict Mathurin,Bennedict,1610612754,IND,Indiana Pacers,0022401061,2025-03-27T00:00:00,IND @ WAS,W,21.733333333333334,3.3,11.6,0.286,0.0,8.3,0.0,9.9,9.9,1.0,1.7,1.7,3.3,1.7,5.0,1.7,0.0,0.0,0.0,6.6,16.6,49.7,23.0,0,0,24.8,1,1,13086,1,14727,18721,14314,19630,15070,5943,15070,714,1393,1,9726,20546,18961,17484,2381,7779,8263,8846,20257,1961,11321,556,19549,2246,150,17797,1,21:44
2024-25,1631110,Jeremy Sochan,Jeremy,1610612759,SAS,San Antonio Spurs,0022401059,2025-03-27T00:00:00,SAS @ CLE,L,22.783333333333335,7.9,19.0,0.417,1.6,4.7,0.333,3.2,4.7,0.667,1.6,6.3,7.9,3.2,1.6,0.0,1.6,1.6,4.7,4.7,20.5,-19.0,37.9,0,0,36.3,1,13222,1,13222,13887,6849,3786,14532,11755,13866,9209,7414,6413,9425,9999,7656,8460,12450,12422,12854,4606,4490,5192,4638,7454,21226,9069,2246,150,9137,1,22:47
2024-25,1628370,Malik Monk,Malik,1610612758,SAC,Sacramento Kings,0022401066,2025-03-27T00:00:00,SAC vs. POR,W,17.266666666666666,12.5,18.8,0.667,4.2,6.3,0.667,4.2,4.2,1.0,0.0,6.3,6.3,4.2,6.3,0.0,0.0,0.0,2.1,2.1,33.4,12.5,40.9,0,0,48.0,1,1,13086,1,18098,1238,3960,3281,3630,10071,1957,5395,7472,1,14058,7778,11699,9470,1243,12854,8263,8846,14674,12682,1253,6593,7244,2246,150,3159,1,17:16
2024-25,1641717,Cason Wallace,Cason,1610612760,OKC,Oklahoma City Thunder,0022401064,2025-03-27T00:00:00,OKC vs. MEM,W,27.611666666666668,5.2,7.8,0.667,2.6,2.6,1.0,0.0,0.0,0.0,0.0,3.9,3.9,2.6,2.6,1.3,0.0,0.0,0.0,0.0,13.0,13.0,22.9,0,0,24.8,1,1,13086,1,9866,13776,20511,3281,7802,18443,1,13505,14344,13505,14058,13994,17540,14193,7849,9434,8263,8846,20257,17725,15052,6382,19593,2246,150,17843,1,27:37
2024-25,1630314,Brandon Williams,Brandon,1610612742,DAL,Dallas Mavericks,0022401060,2025-03-27T00:00:00,DAL @ ORL,W,27.036666666666665,8.0,13.3,0.6,1.3,1.3,1.0,1.3,1.3,1.0,1.3,2.7,4.0,8.0,5.3,2.7,0.0,1.3,4.0,4.0,18.6,28.0,38.1,0,0,37.3,1,1,13086,1,10305,6654,11275,5394,12732,20463,1,12224,13688,1,11058,17788,17335,2898,1982,3991,8263,5498,7162,6324,9169,2274,8973,2246,150,8518,1,27:02
2024-25,1627783,Pascal Siakam,Pascal,1610612754,IND,Indiana Pacers,0022401061,2025-03-27T00:00:00,IND @ WAS,W,22.781666666666666,9.5,12.6,0.75,1.6,1.6,1.0,0.0,0.0,0.0,1.6,1.6,3.2,7.9,1.6,1.6,0.0,0.0,0.0,0.0,20.5,22.1,39.3,0,0,36.3,1,1,13086,1,13892,3904,12498,2107,11754,20193,1,13505,14344,13505,9998,20719,19342,2999,12421,8061,8263,8846,20257,17725,7451,3428,8177,2246,150,9136,1,22:47
2024-25,203915,Spencer Dinwiddie,Spencer,1610612742,DAL,Dallas Mavericks,0022401060,2025-03-27T00:00:00,DAL @ ORL,W,24.636666666666667,2.9,10.2,0.286,0.0,2.9,0.0,4.4,5.8,0.75,0.0,5.8,5.8,5.8,5.8,2.9,0.0,1.5,2.9,2.9,10.2,-8.8,28.9,0,0,27.8,1,1,13086,1,12342,19599,16688,19630,15070,17815,15070,5020,4694,8186,14058,8681,12657,5767,1509,3345,8263,4934,11085,9519,17918,17315,15540,2246,150,15603,1,24:38
2024-25,1629680,Matisse Thybulle,Matisse,1610612757,POR,Portland Trail Blazers,0022401066,2025-03-27T00:00:00,POR @ SAC,L,18.343333333333334,3.9,13.7,0.286,2.0,9.8,0.2,2.0,3.9,0.5,0.0,3.9,3.9,7.9,3.9,5.9,0.0,0.0,3.9,2.0,11.8,-9.8,42.0,0,0,37.3,1,13222,1,13222,17326,17262,10591,19630,10336,3714,13429,10771,8001,10625,14058,13952,17504,3046,4029,504,8263,8846,7370,13262,16369,17799,6620,2246,150,8514,1,18:21
2024-25,1630700,Dyson Daniels,Dyson,1610612737,ATL,Atlanta Hawks,0022401062,2025-03-27T00:00:00,ATL @ MIA,L,35.15,4.1,10.2,0.4,1.0,4.1,0.25,0.0,0.0,0.0,2.0,6.1,8.2,3.1,2.0,2.0,1.0,1.0,0.0,1.0,9.2,-1.0,30.8,0,0,27.7,1,13222,1,13222,3348,16853,16660,14933,14400,15354,11902,13505,14344,13505,8169,8010,7941,12684,10270,6017,7316,7714,20257,17294,18885,13554,14183,2246,150,15679,1,35:09
2024-25,1642259,Alex Sarr,Alex,1610612764,WAS,Washington Wizards,0022401061,2025-03-27T00:00:00,WAS vs. IND,L,27.516666666666666,10.5,19.6,0.533,1.3,5.2,0.25,6.5,7.8,0.833,5.2,3.9,9.2,1.3,3.9,1.3,1.3,0.0,5.2,3.9,28.8,-35.3,45.7,0,0,45.8,1,13222,1,13222,9931,2750,3256,8140,12828,12633,11902,2367,2629,7275,2163,13953,6499,18631,4030,9417,5615,8846,4140,6504,2502,24451,4875,2246,150,3897,1,27:31
2024-25,1642267,Bub Carrington,Bub,1610612764,WAS,Washington Wizards,0022401061,2025-03-27T00:00:00,WAS vs. IND,L,30.65,5.9,14.1,0.417,3.5,7.0,0.5,0.0,0.0,0.0,0.0,4.7,4.7,7.0,2.3,0.0,1.2,0.0,3.5,1.2,15.3,-22.3,32.7,0,0,32.9,1,13222,1,13222,7168,11886,10016,14532,5097,8363,3944,13505,14344,13505,14058,11711,15573,3958,8873,12854,6338,8846,8687,16531,12638,22168,12841,2246,150,11737,1,30:39
2024-25,203939,Dwight Powell,Dwight,1610612742,DAL,Dallas Mavericks,0022401060,2025-03-27T00:00:00,DAL @ ORL,W,18.983333333333334,3.8,5.7,0.667,0.0,0.0,0.0,0.0,0.0,0.0,3.8,1.9,5.7,3.8,0.0,0.0,0.0,1.9,3.8,5.7,7.6,19.0,20.1,0,0,17.1,1,1,13086,1,16837,17590,22908,3281,15070,20945,15070,13505,14344,13505,3896,19985,13050,10512,16469,12854,8263,3558,7762,3046,20256,4271,21112,2246,150,22274,1,18:59
2024-25,203937,Kyle Anderson,Kyle,1610612748,MIA,Miami Heat,0022401062,2025-03-27T00:00:00,MIA vs. ATL,W,17.933333333333334,8.0,10.0,0.8,0.0,2.0,0.0,4.0,4.0,1.0,0.0,4.0,4.0,8.0,0.0,0.0,0.0,0.0,2.0,2.0,20.1,14.1,36.9,0,0,32.1,1,1,13086,1,17607,6574,16983,1688,15070,19542,15070,5673,7814,1,14058,13677,17282,2857,16469,12854,8263,8846,15101,13051,7862,5985,9741,2246,150,12285,1,17:56
2024-25,1630241,Sam Merrill,Sam,1610612739,CLE,Cleveland Cavaliers,0022401059,2025-03-27T00:00:00,CLE vs. SAS,W,24.233333333333334,7.4,19.3,0.385,4.5,13.4,0.333,0.0,0.0,0.0,0.0,3.0,3.0,3.0,1.5,0.0,1.5,1.5,4.5,1.5,19.3,8.9,30.3,0,0,32.7,1,1,13086,1,12695,7937,3488,16070,3137,1143,9209,13505,14344,13505,14058,16819,19803,13022,12816,12854,4903,4828,5874,15058,8545,8217,14571,2246,150,11888,1,24:14
2024-25,1642377,Jaylen Wells,Jaylen,1610612763,MEM,Memphis Grizzlies,0022401064,2025-03-27T00:00:00,MEM @ OKC,L,28.176666666666666,3.8,7.7,0.5,2.6,6.4,0.4,6.4,6.4,1.0,0.0,6.4,6.4,0.0,1.3,0.0,0.0,0.0,5.1,2.6,16.6,-11.5,23.0,0,0,25.6,1,13222,1,13222,9407,17487,20697,8526,7956,9783,7874,2510,4021,1,14058,7530,11430,19908,13921,12854,8263,8846,4357,10783,11272,18534,19566,2246,150,17243,1,28:11
2024-25,1628396,Tony Bradley,Tony,1610612754,IND,Indiana Pacers,0022401061,2025-03-27T00:00:00,IND @ WAS,W,9.383333333333333,15.3,23.0,0.667,0.0,7.7,0.0,0.0,0.0,0.0,0.0,7.7,7.7,0.0,3.8,0.0,0.0,0.0,7.7,3.8,30.7,38.4,36.1,0,0,38.4,1,1,13086,1,22322,440,1380,3281,15070,7043,15070,13505,14344,13505,14058,5200,8839,19908,4214,12854,8263,8846,1525,6750,1864,1089,10322,2246,150,7787,1,9:23
2024-25,1641794,Dillon Jones,Dillon,1610612760,OKC,Oklahoma City Thunder,0022401064,2025-03-27T00:00:00,OKC vs. MEM,W,2.216666666666667,0.0,0.0,0.0,0.0,0.0,0.0,0.0,0.0,0.0,0.0,0.0,0.0,16.2,0.0,0.0,0.0,0.0,0.0,0.0,0.0,16.2,24.4,0,0,16.2,1,1,13086,1,25342,22635,24836,22635,15070,20945,15070,13505,14344,13505,14058,22137,23286,196,16469,12854,8263,8846,20257,17725,23200,5160,18700,2246,150,22608,1,2:13
2024-25,1641745,Adam Flagler,Adam,1610612760,OKC,Oklahoma City Thunder,0022401064,2025-03-27T00:00:00,OKC vs. MEM,W,2.216666666666667,0.0,16.2,0.0,0.0,0.0,0.0,0.0,0.0,0.0,16.2,0.0,16.2,0.0,0.0,0.0,0.0,0.0,0.0,0.0,0.0,16.2,19.5,0,0,16.2,1,1,13086,1,25342,22635,6763,22635,15070,20945,15070,13505,14344,13505,103,22137,1344,19908,16469,12854,8263,8846,20257,17725,23200,5160,21412,2246,150,22608,1,2:13
2024-25,1641871,Duop Reath,Duop,1610612757,POR,Portland Trail Blazers,0022401066,2025-03-27T00:00:00,POR @ SAC,L,28.481666666666666,6.3,13.9,0.455,3.8,8.8,0.429,5.1,5.1,1.0,6.3,0.0,6.3,1.3,1.3,1.3,1.3,0.0,3.8,2.5,21.5,-17.7,37.3,0,0,37.9,1,13222,1,13222,9143,10653,10333,12676,4467,5032,7394,3950,5817,1,1462,22137,11565,18780,14016,9690,5833,8846,7766,10882,6654,20837,9475,2246,150,8076,1,28:29
2024-25,1631119,Jaylin Williams,Jaylin,1610612760,OKC,Oklahoma City Thunder,0022401064,2025-03-27T00:00:00,OKC vs. MEM,W,7.7,4.7,9.4,0.5,4.7,4.7,1.0,0.0,0.0,0.0,0.0,14.0,14.0,0.0,0.0,0.0,0.0,0.0,0.0,0.0,14.0,28.1,30.9,0,0,32.7,1,1,13086,1,22922,15297,18195,8526,2770,14023,1,13505,14344,13505,14058,759,2221,19908,16469,12854,8263,8846,20257,17725,13906,2260,14164,2246,150,11849,1,7:42
2024-25,1641783,Tristan da Silva,Tristan,1610612753,ORL,Orlando Magic,0022401060,2025-03-27T00:00:00,ORL vs. DAL,L,6.195,0.0,23.2,0.0,0.0,11.6,0.0,11.6,11.6,1.0,5.8,0.0,5.8,0.0,0.0,0.0,0.0,0.0,0.0,5.8,11.6,11.6,18.6,0,0,17.4,1,13222,1,13222,23522,22635,1304,22635,15070,2016,15070,385,862,1,1736,22137,12742,19908,16469,12854,8263,8846,20257,2881,16552,6965,21846,2246,150,22113,1,6:12
2024-25,1631117,Walker Kessler,Walker,1610612762,UTA,Utah Jazz,0022401065,2025-03-27T00:00:00,UTA vs. HOU,L,26.133333333333333,1.4,4.1,0.333,0.0,0.0,0.0,0.0,0.0,0.0,2.8,9.6,12.4,2.8,5.5,1.4,2.8,0.0,4.1,1.4,2.8,-6.9,28.7,0,0,26.2,1,13222,1,13222,11058,22314,24032,17395,15070,20945,15070,13505,14344,13505,5966,2880,3196,13733,1805,9025,2013,8846,6731,15538,23009,16469,15762,2246,150,16818,1,26:08
2024-25,202684,Tristan Thompson,Tristan,1610612739,CLE,Cleveland Cavaliers,0022401059,2025-03-27T00:00:00,CLE vs. SAS,W,8.216666666666667,0.0,4.4,0.0,0.0,0.0,0.0,0.0,0.0,0.0,8.8,8.8,17.5,0.0,0.0,0.0,4.4,0.0,4.4,0.0,0.0,0.0,34.2,0,0,26.3,1,1,13086,1,22729,22635,23869,22635,15070,20945,15070,13505,14344,13505,600,3761,1007,19908,16469,12854,717,8846,6063,17725,23200,12240,11668,2246,150,16726,1,8:13
2024-25,1642270,Donovan Clingan,Donovan,1610612757,POR,Portland Trail Blazers,0022401066,2025-03-27T00:00:00,POR @ SAC,L,17.533333333333335,0.0,4.1,0.0,0.0,2.1,0.0,0.0,0.0,0.0,2.1,4.1,6.2,2.1,0.0,2.1,2.1,0.0,6.2,0.0,0.0,-14.4,22.8,0,0,16.4,1,13222,1,13222,17895,22635,24044,22635,15070,19453,15070,13505,14344,13505,8154,13403,11918,16177,16469,5997,3339,8846,2755,17725,23200,19646,19691,2246,150,22540,1,17:32
2024-25,1631230,Dominick Barlow,Dominick,1610612737,ATL,Atlanta Hawks,0022401062,2025-03-27T00:00:00,ATL @ MIA,L,13.616666666666667,5.3,7.9,0.667,0.0,0.0,0.0,0.0,0.0,0.0,2.6,2.6,5.3,0.0,0.0,0.0,0.0,0.0,2.6,0.0,10.6,-5.3,16.9,0,0,15.9,1,13222,1,13222,20410,13571,20366,3281,15070,20945,15070,13505,14344,13505,6234,17837,14076,19908,16469,12854,8263,8846,12264,17725,17588,15739,22522,2246,150,22766,1,13:37
2024-25,202696,Nikola Vučević,Nikola,1610612741,CHI,Chicago Bulls,0022401063,2025-03-27T00:00:00,CHI vs. LAL,W,32.28333333333333,6.7,11.2,0.6,1.1,3.3,0.333,1.1,2.2,0.5,3.3,5.6,8.9,2.2,1.1,0.0,2.2,0.0,2.2,1.1,15.6,12.3,35.2,0,0,32.3,1,1,13086,1,5753,9705,15097,5394,13859,16967,9209,12870,11989,10625,4647,9348,6863,15510,15027,12854,2882,8846,13959,16844,12309,6687,10911,2246,150,12117,1,32:17
2024-25,1630217,Desmond Bane,Desmond,1610612763,MEM,Memphis Grizzlies,0022401064,2025-03-27T00:00:00,MEM @ OKC,L,31.803333333333335,1.1,13.6,0.083,1.1,10.2,0.111,0.0,0.0,0.0,1.1,1.1,2.3,6.8,3.4,1.1,0.0,1.1,3.4,0.0,3.4,-34.0,16.3,0,0,15.8,1,13222,1,13222,6151,22556,10868,22617,13757,3294,15003,13505,14344,13505,12246,21676,21287,4302,5239,10750,8263,6777,9098,17725,22809,24297,22741,2246,150,22771,1,31:48
2024-25,1629622,Max Strus,Max,1610612739,CLE,Cleveland Cavaliers,0022401059,2025-03-27T00:00:00,CLE vs. SAS,W,28.716666666666665,8.8,12.5,0.7,5.0,8.8,0.571,0.0,0.0,0.0,1.3,3.8,5.0,5.0,2.5,0.0,0.0,0.0,3.8,0.0,22.6,-2.5,33.6,0,0,37.6,1,1,13086,1,8903,5129,12675,3045,2256,5147,3506,13505,14344,13505,11467,14445,14755,7434,8221,12854,8263,8846,7877,17725,5814,14315,12111,2246,150,8282,1,28:43
2024-25,1641774,Tristan Vukcevic,Tristan,1610612764,WAS,Washington Wizards,0022401061,2025-03-27T00:00:00,WAS vs. IND,L,14.55,2.5,14.8,0.167,0.0,4.9,0.0,4.9,4.9,1.0,0.0,4.9,4.9,2.5,9.9,0.0,0.0,0.0,7.4,4.9,9.9,-69.3,9.6,0,0,17.3,1,13222,1,13222,19855,20503,8833,21938,15070,13314,15070,4123,6028,1,14058,11029,14930,14636,336,12854,8263,8846,1700,4208,18260,25874,24476,2246,150,22164,1,14:33
2024-25,1627832,Fred VanVleet,Fred,1610612745,HOU,Houston Rockets,0022401065,2025-03-27T00:00:00,HOU @ UTA,W,34.05,1.1,10.6,0.1,1.1,7.4,0.143,1.1,1.1,1.0,1.1,0.0,1.1,6.3,2.1,1.1,1.1,0.0,0.0,1.1,4.2,11.6,19.2,0,0,16.9,1,1,13086,1,4210,22598,16104,22561,14207,7615,14649,13056,14118,1,12811,22137,23147,4946,9933,11423,7077,8846,20257,17141,22449,6959,21523,2246,150,22346,1,34:03
2024-25,1630548,Johnny Juzang,Johnny,1610612762,UTA,Utah Jazz,0022401065,2025-03-27T00:00:00,UTA vs. HOU,L,20.9,8.6,12.1,0.714,1.7,3.4,0.5,0.0,0.0,0.0,0.0,3.4,3.4,1.7,1.7,0.0,0.0,0.0,0.0,0.0,18.9,-3.4,23.9,0,0,25.8,1,13222,1,13222,15357,5416,13495,2752,11338,16776,3944,13505,14344,13505,14058,15387,18674,17304,11837,12854,8263,8846,20257,17725,8907,14772,18996,2246,150,17041,1,20:54
2024-25,1641798,Jaylen Martin,Jaylen,1610612764,WAS,Washington Wizards,0022401061,2025-03-27T00:00:00,WAS vs. IND,L,22.516666666666666,3.2,4.8,0.667,0.0,0.0,0.0,0.0,0.0,0.0,1.6,0.0,1.6,3.2,1.6,0.0,0.0,1.6,0.0,0.0,6.4,-59.2,11.5,0,0,11.2,1,13222,1,13222,14094,19005,23608,3281,15070,20945,15070,13505,14344,13505,9928,22137,22441,12329,12341,12854,8263,4439,20257,17725,21128,25666,24129,2246,150,24174,1,22:31
2024-25,1630577,Julian Champagnie,Julian,1610612759,SAS,San Antonio Spurs,0022401059,2025-03-27T00:00:00,SAS @ CLE,L,24.458333333333332,5.9,19.1,0.308,4.4,13.2,0.333,7.4,7.4,1.0,2.9,7.4,10.3,1.5,1.5,0.0,0.0,1.5,0.0,2.9,23.6,-8.8,36.7,0,0,39.7,1,13222,1,13222,12527,11839,3635,19226,3209,1188,9209,1757,3036,1,5470,5736,5115,18085,12890,12854,8263,4876,20257,9443,5093,17346,9924,2246,150,6929,1,24:28
2024-25,1641763,Julian Phillips,Julian,1610612741,CHI,Chicago Bulls,0022401063,2025-03-27T00:00:00,CHI vs. LAL,W,6.95,0.0,5.2,0.0,0.0,5.2,0.0,0.0,0.0,0.0,0.0,0.0,0.0,0.0,0.0,0.0,0.0,0.0,5.2,0.0,0.0,-31.1,0.0,0,0,0.0,1,1,13086,1,23197,22635,23335,22635,15070,12748,15070,13505,14344,13505,14058,22137,23286,19908,16469,12854,8263,8846,4229,17725,23200,23900,25228,2246,150,25259,1,6:57
2024-25,1630224,Jalen Green,Jalen,1610612745,HOU,Houston Rockets,0022401065,2025-03-27T00:00:00,HOU @ UTA,W,35.35,8.1,20.4,0.4,4.1,10.2,0.4,1.0,3.1,0.333,4.1,4.1,8.1,6.1,2.0,0.0,0.0,3.1,1.0,3.1,21.4,3.1,38.3,0,0,39.7,1,1,13086,1,3191,6317,2713,14933,3851,3297,7874,13177,9830,13132,3491,13504,8016,5315,10325,12854,8263,1280,19585,9055,6752,11087,8835,2246,150,6941,1,35:21
2024-25,1629636,Darius Garland,Darius,1610612739,CLE,Cleveland Cavaliers,0022401059,2025-03-27T00:00:00,CLE vs. SAS,W,30.0,4.8,18.0,0.267,2.4,8.4,0.286,0.0,0.0,0.0,2.4,2.4,4.8,10.8,4.8,2.4,0.0,1.2,1.2,3.6,12.0,1.2,36.4,0,0,34.8,1,1,13086,1,7781,14944,4664,20170,8487,5747,11433,13505,14344,13505,6919,18483,15301,1068,2581,4700,8263,6258,18539,7390,16132,12014,10110,2246,150,10227,1,30:00
2024-25,1641718,Keyonte George,Keyonte,1610612762,UTA,Utah Jazz,0022401065,2025-03-27T00:00:00,UTA vs. HOU,L,28.966666666666665,6.2,13.7,0.455,0.0,2.5,0.0,8.7,8.7,1.0,0.0,3.7,3.7,9.9,1.2,0.0,0.0,1.2,1.2,3.7,21.1,11.2,39.3,0,0,34.8,1,13222,1,13222,8697,10933,10690,12676,15070,18656,15070,1107,2047,1,14058,14542,17997,1473,14146,12854,8263,5977,18314,7061,6973,7144,8210,2246,150,10228,1,28:58
2024-25,1630559,Austin Reaves,Austin,1610612747,LAL,Los Angeles Lakers,0022401063,2025-03-27T00:00:00,LAL @ CHI,L,36.89,9.8,16.6,0.588,2.9,8.8,0.333,6.8,6.8,1.0,0.0,1.0,1.0,2.9,2.0,0.0,2.0,0.0,3.9,2.9,29.3,-9.8,38.7,0,0,40.0,1,13222,1,13222,2066,3524,6317,6229,6765,5136,9209,2136,3540,1,14058,22007,23228,13176,10771,12854,3623,8846,7437,9497,2355,17776,8568,2246,150,6776,1,36:53
2024-25,1641712,Rayan Rupert,Rayan,1610612757,POR,Portland Trail Blazers,0022401066,2025-03-27T00:00:00,POR @ SAC,L,1.85,0.0,0.0,0.0,0.0,0.0,0.0,0.0,0.0,0.0,0.0,0.0,0.0,0.0,0.0,0.0,0.0,0.0,0.0,0.0,0.0,0.0,0.0,0,0,0.0,1,13222,1,13222,25566,22635,24836,22635,15070,20945,15070,13505,14344,13505,14058,22137,23286,19908,16469,12854,8263,8846,20257,17725,23200,12240,25228,2246,150,25259,1,1:51
2024-25,1626168,Trey Lyles,Trey,1610612758,SAC,Sacramento Kings,0022401066,2025-03-27T00:00:00,SAC vs. POR,W,13.915,2.6,7.8,0.333,2.6,7.8,0.333,0.0,0.0,0.0,0.0,2.6,2.6,0.0,0.0,0.0,0.0,0.0,5.2,0.0,7.8,10.3,10.9,0,0,12.9,1,1,13086,1,20243,20294,20577,17395,7869,6874,9209,13505,14344,13505,14058,17972,20658,19908,16469,12854,8263,8846,4242,17725,20116,7539,24264,2246,150,23732,1,13:55
2024-25,1631104,Blake Wesley,Blake,1610612759,SAS,San Antonio Spurs,0022401059,2025-03-27T00:00:00,SAS @ CLE,L,14.183333333333334,2.5,2.5,1.0,2.5,2.5,1.0,0.0,0.0,0.0,0.0,0.0,0.0,2.5,2.5,0.0,0.0,0.0,2.5,0.0,7.6,-48.2,8.9,0,0,12.7,1,13222,1,13222,20092,20395,24634,1,8014,18553,1,13505,14344,13505,14058,22137,23286,14408,8087,12854,8263,8846,12640,17725,20230,25328,24591,2246,150,23811,1,14:11
2024-25,1630174,Aaron Nesmith,Aaron,1610612754,IND,Indiana Pacers,0022401061,2025-03-27T00:00:00,IND @ WAS,W,18.583333333333332,7.7,13.6,0.571,5.8,9.7,0.6,0.0,0.0,0.0,1.9,5.8,7.7,0.0,3.9,0.0,0.0,1.9,3.9,0.0,21.3,23.2,26.7,0,0,34.9,1,1,13086,1,17123,7166,10896,6538,1468,3867,2992,13505,14344,13505,8674,8770,8721,19908,4141,12854,8263,3429,7530,17725,6816,3207,17129,2246,150,10180,1,18:35
2024-25,1629731,Dean Wade,Dean,1610612739,CLE,Cleveland Cavaliers,0022401059,2025-03-27T00:00:00,CLE vs. SAS,W,24.6,1.5,7.3,0.2,1.5,7.3,0.2,0.0,0.0,0.0,1.5,2.9,4.4,0.0,0.0,0.0,0.0,0.0,0.0,0.0,4.4,-8.8,9.7,0,0,10.2,1,1,13086,1,12377,22215,21186,21401,12193,7786,13429,13505,14344,13505,10468,16985,16316,19908,16469,12854,8263,8846,20257,17725,22352,17318,24471,2246,150,24379,1,24:36
2024-25,1642285,Cam Spencer,Cam,1610612763,MEM,Memphis Grizzlies,0022401064,2025-03-27T00:00:00,MEM @ OKC,L,2.216666666666667,0.0,0.0,0.0,0.0,0.0,0.0,0.0,0.0,0.0,0.0,0.0,0.0,0.0,0.0,0.0,0.0,0.0,0.0,0.0,0.0,-16.2,0.0,0,0,0.0,1,13222,1,13222,25342,22635,24836,22635,15070,20945,15070,13505,14344,13505,14058,22137,23286,19908,16469,12854,8263,8846,20257,17725,23200,20334,25228,2246,150,25259,1,2:13
2024-25,1629631,De'Andre Hunter,De'Andre,1610612739,CLE,Cleveland Cavaliers,0022401059,2025-03-27T00:00:00,CLE vs. SAS,W,31.133333333333333,6.9,17.3,0.4,1.2,8.1,0.143,1.2,2.3,0.5,0.0,8.1,8.1,2.3,3.5,2.3,1.2,0.0,3.5,3.5,16.2,10.4,36.3,0,0,34.7,1,1,13086,1,6760,9074,5402,14933,13616,6295,14649,12733,11746,10625,14058,4570,8109,15184,5087,4989,6445,8846,8843,7746,11737,7508,10150,2246,150,10302,1,31:08
2024-25,1629111,Jock Landale,Jock,1610612745,HOU,Houston Rockets,0022401065,2025-03-27T00:00:00,HOU @ UTA,W,13.5,13.3,18.7,0.714,0.0,2.7,0.0,0.0,0.0,0.0,5.3,2.7,8.0,0.0,2.7,2.7,0.0,0.0,2.7,2.7,26.7,-13.3,41.6,0,0,40.0,1,1,13086,1,20491,890,4055,2752,15070,18319,15070,13505,14344,13505,2061,17774,8265,19908,7631,3979,8263,8846,12174,10419,3356,19244,6832,2246,150,6780,1,13:30
2024-25,101108,Chris Paul,Chris,1610612759,SAS,San Antonio Spurs,0022401059,2025-03-27T00:00:00,SAS @ CLE,L,33.15,2.2,10.9,0.2,1.1,4.3,0.25,0.0,0.0,0.0,0.0,4.3,4.3,5.4,1.1,2.2,0.0,0.0,2.2,0.0,5.4,4.3,24.2,0,0,20.6,1,13222,1,13222,5027,21092,15591,21401,14029,14813,11902,13505,14344,13505,14058,12672,16425,6572,15230,5504,8263,8846,14240,17725,21777,10453,18794,2246,150,20497,1,33:09
2024-25,1629632,Coby White,Coby,1610612741,CHI,Chicago Bulls,0022401063,2025-03-27T00:00:00,CHI vs. LAL,W,38.28333333333333,8.5,18.8,0.45,4.7,9.4,0.5,2.8,3.8,0.75,0.9,1.9,2.8,8.5,1.9,0.0,0.0,2.8,1.9,5.6,24.4,-0.9,38.6,0,0,40.4,1,1,13086,1,1228,5683,3924,12982,2729,4253,3944,8285,8347,8186,13718,20025,20194,2455,11154,12854,8263,1571,15783,3128,4520,13492,8623,2246,150,6530,1,38:17
2024-25,1630531,Jaden Springer,Jaden,1610612762,UTA,Utah Jazz,0022401065,2025-03-27T00:00:00,UTA vs. HOU,L,5.233333333333333,0.0,0.0,0.0,0.0,0.0,0.0,0.0,0.0,0.0,0.0,13.8,13.8,6.9,0.0,0.0,0.0,0.0,13.8,0.0,0.0,-41.3,26.8,0,0,20.6,1,13222,1,13222,23896,22635,24836,22635,15070,20945,15070,13505,14344,13505,14058,811,2356,4166,16469,12854,8263,8846,295,17725,23200,24927,17069,2246,150,20495,1,5:14
2024-25,1631133,Jabari Walker,Jabari,1610612757,POR,Portland Trail Blazers,0022401066,2025-03-27T00:00:00,POR @ SAC,L,1.85,0.0,38.9,0.0,0.0,0.0,0.0,0.0,0.0,0.0,19.5,0.0,19.5,0.0,0.0,0.0,0.0,38.9,0.0,0.0,0.0,0.0,23.4,0,0,19.5,1,13222,1,13222,25566,22635,86,22635,15070,20945,15070,13505,14344,13505,59,22137,601,19908,16469,12854,8263,2,20257,17725,23200,12240,19339,2246,150,21172,1,1:51
2024-25,1642262,Cody Williams,Cody,1610612762,UTA,Utah Jazz,0022401065,2025-03-27T00:00:00,UTA vs. HOU,L,20.366666666666667,3.5,10.6,0.333,0.0,3.5,0.0,0.0,0.0,0.0,0.0,3.5,3.5,1.8,1.8,0.0,0.0,0.0,3.5,0.0,7.1,-28.3,12.2,0,0,12.4,1,13222,1,13222,15741,18236,16035,17395,15070,16577,15070,13505,14344,13505,14058,15125,18475,17176,11674,12854,8263,8846,8644,17725,20665,23484,23966,2246,150,23904,1,20:22
2024-25,1641796,Pelle Larsson,Pelle,1610612748,MIA,Miami Heat,0022401062,2025-03-27T00:00:00,MIA vs. ATL,W,7.216666666666667,5.0,10.0,0.5,5.0,5.0,1.0,0.0,0.0,0.0,0.0,0.0,0.0,5.0,0.0,5.0,0.0,0.0,0.0,0.0,15.0,-20.0,37.4,0,0,34.9,1,1,13086,1,23090,14415,17092,8526,2286,13228,1,13505,14344,13505,14058,22137,23286,7491,16469,907,8263,8846,20257,17725,12939,21535,9399,2246,150,10155,1,7:13
2024-25,1641710,Anthony Black,Anthony,1610612753,ORL,Orlando Magic,0022401060,2025-03-27T00:00:00,ORL vs. DAL,L,26.283333333333335,6.8,13.7,0.5,1.4,5.5,0.25,4.1,4.1,1.0,0.0,4.1,4.1,4.1,2.7,0.0,2.7,0.0,2.7,4.1,19.2,-12.3,35.7,0,0,34.2,1,13222,1,13222,10915,9300,10662,8526,12561,12009,11902,5510,7609,1,14058,13393,17050,9645,7413,12854,2031,8846,11883,6033,8673,18870,10541,2246,150,10660,1,26:17
2024-25,1630703,Scoot Henderson,Scoot,1610612757,POR,Portland Trail Blazers,0022401066,2025-03-27T00:00:00,POR @ SAC,L,23.69,3.0,12.2,0.25,1.5,7.6,0.2,1.5,3.0,0.5,0.0,0.0,0.0,9.1,0.0,0.0,0.0,0.0,3.0,3.0,9.1,-15.2,22.8,0,0,19.8,1,13222,1,13222,13157,19342,13321,20233,11967,7184,13429,11754,9879,10625,14058,22137,23286,1928,16469,12854,8263,8846,10542,9100,18973,19975,19688,2246,150,21008,1,23:41
2024-25,1630170,Devin Vassell,Devin,1610612759,SAS,San Antonio Spurs,0022401059,2025-03-27T00:00:00,SAS @ CLE,L,36.708333333333336,6.9,14.7,0.467,3.9,9.8,0.4,3.9,3.9,1.0,0.0,2.9,2.9,3.9,2.0,1.0,0.0,0.0,4.9,2.0,21.6,-5.9,32.0,0,0,34.3,1,13222,1,13222,2191,9258,9040,12249,4157,3721,7874,5840,8004,1,14058,16925,19883,10156,10717,12121,8263,8846,4828,13270,6571,16014,13349,2246,150,10585,1,36:43
2024-25,1642269,Devin Carter,Devin,1610612758,SAC,Sacramento Kings,0022401066,2025-03-27T00:00:00,SAC vs. POR,W,1.85,0.0,0.0,0.0,0.0,0.0,0.0,0.0,0.0,0.0,0.0,0.0,0.0,0.0,19.5,0.0,0.0,0.0,0.0,0.0,0.0,0.0,-19.5,0,0,0.0,1,1,13086,1,25566,22635,24836,22635,15070,20945,15070,13505,14344,13505,14058,22137,23286,19908,57,12854,8263,8846,20257,17725,23200,12240,26276,2246,150,25259,1,1:51
2024-25,1631200,Kris Murray,Kris,1610612757,POR,Portland Trail Blazers,0022401066,2025-03-27T00:00:00,POR @ SAC,L,5.983333333333333,0.0,12.0,0.0,0.0,12.0,0.0,0.0,0.0,0.0,0.0,0.0,0.0,0.0,0.0,0.0,0.0,0.0,6.0,0.0,0.0,18.1,0.0,0,0,0.0,1,13222,1,13222,23607,22635,13534,22635,15070,1761,15070,13505,14344,13505,14058,22137,23286,19908,16469,12854,8263,8846,2917,17725,23200,4541,25228,2246,150,25259,1,5:59
2024-25,1630231,KJ Martin,KJ,1610612762,UTA,Utah Jazz,0022401065,2025-03-27T00:00:00,UTA vs. HOU,L,18.416666666666668,5.9,7.8,0.75,0.0,0.0,0.0,0.0,0.0,0.0,0.0,3.9,3.9,3.9,0.0,0.0,0.0,0.0,2.0,0.0,11.7,2.0,22.3,0,0,19.5,1,13222,1,13222,17266,11906,20513,2107,15070,20945,15070,13505,14344,13505,14058,13998,17546,10200,16469,12854,8263,8846,15381,17725,16416,11646,19992,2246,150,21128,1,18:25
2024-25,1642261,Dalton Knecht,Dalton,1610612747,LAL,Los Angeles Lakers,0022401063,2025-03-27T00:00:00,LAL @ CHI,L,12.483333333333333,0.0,5.8,0.0,0.0,5.8,0.0,0.0,0.0,0.0,0.0,8.7,8.7,2.9,0.0,0.0,0.0,0.0,2.9,0.0,0.0,14.4,14.7,0,0,11.5,1,13222,1,13222,21003,22635,22849,22635,15070,11281,15070,13505,14344,13505,14058,3882,7223,13332,16469,12854,8263,8846,11249,17725,23200,5850,23281,2246,150,24104,1,12:29
2024-25,1630572,Sandro Mamukelashvili,Sandro,1610612759,SAS,San Antonio Spurs,0022401059,2025-03-27T00:00:00,SAS @ CLE,L,7.016666666666667,0.0,15.4,0.0,0.0,15.4,0.0,0.0,0.0,0.0,10.3,0.0,10.3,15.4,0.0,5.1,0.0,0.0,0.0,0.0,0.0,5.1,50.8,0,0,35.9,1,13222,1,13222,23162,22635,7970,22635,15070,617,15070,13505,14344,13505,367,22137,5159,261,16469,818,8263,8846,20257,17725,23200,10038,3049,2246,150,9439,1,7:01
2024-25,1629048,Goga Bitadze,Goga,1610612753,ORL,Orlando Magic,0022401060,2025-03-27T00:00:00,ORL vs. DAL,L,18.3,2.0,3.9,0.5,0.0,0.0,0.0,2.0,3.9,0.5,2.0,7.9,9.8,3.9,0.0,2.0,2.0,0.0,5.9,2.0,5.9,-13.8,35.4,0,0,27.5,1,13222,1,13222,17361,21457,24118,8526,15070,20945,15070,10752,7980,10625,8535,4916,5624,10118,16469,6400,3573,8846,3074,13228,21454,19408,10791,2246,150,15759,1,18:18
2024-25,1628989,Kevin Huerter,Kevin,1610612741,CHI,Chicago Bulls,0022401063,2025-03-27T00:00:00,CHI vs. LAL,W,39.6,7.3,15.5,0.471,4.5,9.1,0.5,0.0,0.0,0.0,0.0,5.5,5.5,4.5,1.8,0.9,0.0,0.0,0.0,0.9,19.1,10.9,33.4,0,0,35.5,1,1,13086,1,686,8282,7892,12143,2980,4685,3944,13505,14344,13505,14058,9664,13664,8546,11460,12621,8263,8846,20257,17643,8770,7275,12284,2246,150,9758,1,39:36
2024-25,1629012,Collin Sexton,Collin,1610612762,UTA,Utah Jazz,0022401065,2025-03-27T00:00:00,UTA vs. HOU,L,32.2,10.1,22.4,0.45,3.4,4.5,0.75,0.0,0.0,0.0,0.0,1.1,1.1,5.6,2.2,1.1,0.0,3.4,3.4,2.2,23.5,-14.5,34.3,0,0,35.8,1,13222,1,13222,5800,3152,1646,12982,5507,14517,1542,13505,14344,13505,14058,21716,23058,6272,9366,10878,8263,1025,9237,12003,5148,19720,11572,2246,150,9533,1,32:12
2024-25,203114,Khris Middleton,Khris,1610612764,WAS,Washington Wizards,0022401061,2025-03-27T00:00:00,WAS vs. IND,L,14.035,7.7,18.0,0.429,2.6,7.7,0.333,2.6,5.1,0.5,0.0,2.6,2.6,5.1,0.0,2.6,0.0,0.0,2.6,5.1,20.5,-43.6,39.0,0,0,35.9,1,13222,1,13222,20181,7281,4746,13735,7932,7013,9209,8893,5713,10625,14058,18023,20686,7181,16469,4218,8263,8846,12549,3880,7472,25099,8418,2246,150,9442,1,14:02
2024-25,1629640,Keldon Johnson,Keldon,1610612759,SAS,San Antonio Spurs,0022401059,2025-03-27T00:00:00,SAS @ CLE,L,27.416666666666668,9.2,21.0,0.438,1.3,6.6,0.2,2.6,2.6,1.0,5.3,7.9,13.1,0.0,1.3,2.6,0.0,0.0,5.3,1.3,22.3,0.0,44.6,1,0,42.0,1,13222,1,13222,10001,4379,2327,13558,12812,9398,13429,8745,10917,1,2139,4897,2721,19908,13747,4080,8263,8846,4097,15851,5993,12240,5353,1,150,5630,1,27:25
2024-25,1631246,Vince Williams Jr.,Vince,1610612763,MEM,Memphis Grizzlies,0022401064,2025-03-27T00:00:00,MEM @ OKC,L,18.25,5.9,13.8,0.429,2.0,7.9,0.25,0.0,0.0,0.0,0.0,0.0,0.0,5.9,3.9,0.0,0.0,2.0,2.0,0.0,13.8,-23.7,18.7,0,0,21.7,1,13222,1,13222,17404,11754,10477,13735,10279,6640,11902,13505,14344,13505,14058,22137,23286,5644,3979,12854,8263,3306,15287,17725,14142,22492,21782,2246,150,19844,1,18:15
2024-25,1630643,Jay Huff,Jay,1610612763,MEM,Memphis Grizzlies,0022401064,2025-03-27T00:00:00,MEM @ OKC,L,17.95,6.0,10.0,0.6,4.0,6.0,0.667,0.0,0.0,0.0,0.0,4.0,4.0,2.0,0.0,0.0,2.0,2.0,2.0,0.0,16.0,0.0,29.9,0,0,30.1,1,13222,1,13222,17593,11457,17002,5394,3975,10648,1957,13505,14344,13505,14058,13689,17291,16353,16469,12854,3473,3213,15113,17725,11875,12240,14890,2246,150,13885,1,17:57
2024-25,1630249,Vít Krejčí,Vít,1610612737,ATL,Atlanta Hawks,0022401062,2025-03-27T00:00:00,ATL @ MIA,L,26.0,6.9,11.1,0.625,5.5,8.3,0.667,0.0,0.0,0.0,0.0,8.3,8.3,5.5,2.8,0.0,1.4,0.0,4.2,0.0,19.4,-11.1,39.0,0,0,41.5,1,13222,1,13222,11159,9112,15229,4899,1704,5899,1957,13505,14344,13505,14058,4269,7753,6358,7322,12854,5295,8846,6683,17725,8479,18349,8369,2246,150,5884,1,26:00
2024-25,1631165,Keon Ellis,Keon,1610612758,SAC,Sacramento Kings,0022401066,2025-03-27T00:00:00,SAC vs. POR,W,31.183333333333334,3.5,8.1,0.429,2.3,6.9,0.333,2.3,3.5,0.667,0.0,3.5,3.5,2.3,3.5,6.9,1.2,0.0,2.3,1.2,11.5,23.1,39.9,0,0,35.8,1,1,13086,1,6717,18400,20120,13735,8818,8615,9209,9587,8955,9425,14058,15340,18629,15200,5097,312,6454,8846,13606,16623,16623,3247,7802,2246,150,9523,1,31:11
2024-25,1630168,Onyeka Okongwu,Onyeka,1610612737,ATL,Atlanta Hawks,0022401062,2025-03-27T00:00:00,ATL @ MIA,L,34.38333333333333,6.3,12.6,0.5,1.0,4.2,0.25,2.1,2.1,1.0,2.1,7.3,9.4,0.0,2.1,2.1,0.0,0.0,1.0,1.0,15.7,-8.4,31.2,0,0,30.4,1,13222,1,13222,3934,10763,12639,8526,14272,15145,11902,10314,12442,1,7972,5782,6149,19908,10027,5817,8263,8846,19430,17186,12217,17128,13899,2246,150,13665,1,34:23
2024-25,2544,LeBron James,LeBron,1610612747,LAL,Los Angeles Lakers,0022401063,2025-03-27T00:00:00,LAL @ CHI,L,38.75,7.4,18.6,0.4,0.0,4.6,0.0,0.9,1.9,0.5,0.9,3.7,4.6,11.1,3.7,1.9,0.0,1.9,0.9,2.8,15.8,-9.3,39.9,1,0,35.3,1,13222,1,13222,985,7932,4142,14933,15070,14100,15070,13415,13101,10625,13781,14587,15714,951,4521,6989,8263,3710,20069,10006,12127,17575,7798,1,150,9877,1,38:45
2024-25,1629673,Jordan Poole,Jordan,1610612764,WAS,Washington Wizards,0022401061,2025-03-27T00:00:00,WAS vs. IND,L,24.5,8.8,19.1,0.462,5.9,11.8,0.5,2.9,2.9,1.0,0.0,0.0,0.0,4.4,2.9,2.9,0.0,0.0,1.5,1.5,26.4,-35.3,38.9,0,0,42.6,1,13222,1,13222,12473,5045,3675,12428,1400,1925,3944,7980,10115,1,14058,22137,23286,8856,6678,3299,8263,8846,17347,15131,3455,24442,8456,2246,150,5344,1,24:30
2024-25,1631101,Shaedon Sharpe,Shaedon,1610612757,POR,Portland Trail Blazers,0022401066,2025-03-27T00:00:00,POR @ SAC,L,31.345,8.0,17.2,0.467,2.3,5.7,0.4,6.9,9.2,0.75,5.7,2.3,8.0,0.0,2.3,0.0,0.0,0.0,2.3,6.9,25.3,-14.9,32.6,0,0,35.6,1,13222,1,13222,6566,6557,5545,12249,8866,11354,7874,2085,1775,8186,1786,18772,8200,19908,9088,12854,8263,8846,13667,1743,4077,19876,12872,2246,150,9663,1,31:21
2024-25,1626158,Richaun Holmes,Richaun,1610612764,WAS,Washington Wizards,0022401061,2025-03-27T00:00:00,WAS vs. IND,L,13.3,5.4,13.5,0.4,0.0,0.0,0.0,13.5,16.2,0.833,5.4,2.7,8.1,2.7,0.0,0.0,0.0,0.0,2.7,8.1,24.4,-35.2,38.2,0,0,35.2,1,13222,1,13222,20597,13231,10954,14933,15070,20945,15070,235,258,7275,2001,17676,8052,13890,16469,12854,8263,8846,12015,954,4574,24429,8912,2246,150,9960,1,13:18
2024-25,1641767,Ben Sheppard,Ben,1610612754,IND,Indiana Pacers,0022401061,2025-03-27T00:00:00,IND @ WAS,W,12.0,6.0,12.0,0.5,6.0,12.0,0.5,0.0,0.0,0.0,3.0,3.0,6.0,6.0,0.0,0.0,0.0,0.0,3.0,0.0,18.0,48.0,34.2,0,0,36.0,1,1,13086,1,21228,11500,13575,8526,1297,1779,3944,13505,14344,13505,5329,16717,12271,5485,16469,12854,8263,8846,10710,17725,9827,604,11652,2246,150,9360,1,12:00
2024-25,1642276,Kel'el Ware,Kel'el,1610612748,MIA,Miami Heat,0022401062,2025-03-27T00:00:00,MIA vs. ATL,W,21.383333333333333,5.1,11.8,0.429,0.0,1.7,0.0,1.7,3.4,0.5,6.7,13.5,20.2,0.0,0.0,0.0,1.7,0.0,1.7,1.7,11.8,-11.8,41.1,0,0,35.4,1,1,13086,1,15006,14237,13964,13735,15070,20066,15070,11448,9168,10625,1260,882,498,19908,16469,12854,4337,8846,16587,14326,16362,18656,7129,2246,150,9835,1,21:23
2024-25,1628379,Luke Kennard,Luke,1610612763,MEM,Memphis Grizzlies,0022401064,2025-03-27T00:00:00,MEM @ OKC,L,26.456666666666667,4.1,5.4,0.75,1.4,2.7,0.5,2.7,2.7,1.0,1.4,5.4,6.8,1.4,6.8,0.0,0.0,0.0,1.4,1.4,12.2,-2.7,15.6,0,0,21.8,1,13222,1,13222,10774,16888,23128,2107,12602,18217,3944,8523,10688,1,10924,9688,10520,18465,977,12854,8263,8846,17787,15618,15872,14417,22973,2246,150,19805,1,26:27
2024-25,1631106,Tari Eason,Tari,1610612745,HOU,Houston Rockets,0022401065,2025-03-27T00:00:00,HOU @ UTA,W,29.933333333333334,7.2,12.0,0.6,3.6,6.0,0.6,0.0,0.0,0.0,1.2,6.0,7.2,2.4,0.0,1.2,1.2,0.0,2.4,1.2,18.0,-10.8,37.5,0,0,36.1,1,1,13086,1,7840,8411,13544,5394,4908,10661,2992,13505,14344,13505,11776,8291,9712,14860,16469,10152,6152,8846,13173,16384,9798,18241,9326,2246,150,9311,1,29:56
2024-25,1630205,Lamar Stevens,Lamar,1610612763,MEM,Memphis Grizzlies,0022401064,2025-03-27T00:00:00,MEM @ OKC,L,2.41,14.9,29.9,0.5,0.0,0.0,0.0,0.0,0.0,0.0,0.0,0.0,0.0,0.0,0.0,0.0,0.0,0.0,0.0,0.0,29.9,-14.9,29.9,0,0,29.9,1,13222,1,13222,25269,501,280,8526,15070,20945,15070,13505,14344,13505,14058,22137,23286,19908,16469,12854,8263,8846,20257,17725,2127,19879,14893,2246,150,14049,1,2:25
2024-25,1630558,Davion Mitchell,Davion,1610612748,MIA,Miami Heat,0022401062,2025-03-27T00:00:00,MIA vs. ATL,W,35.85,6.0,12.1,0.5,4.0,5.0,0.8,0.0,0.0,0.0,1.0,1.0,2.0,6.0,0.0,1.0,0.0,0.0,3.0,0.0,16.1,9.0,30.5,0,0,30.1,1,1,13086,1,2786,11441,13513,8526,3961,13157,1389,13505,14344,13505,13226,21965,21780,5440,16469,11918,8263,8846,10658,17725,11854,8162,14412,2246,150,13850,1,35:51
2024-25,1631096,Chet Holmgren,Chet,1610612760,OKC,Oklahoma City Thunder,0022401064,2025-03-27T00:00:00,OKC vs. MEM,W,24.88,2.9,13.0,0.222,0.0,5.8,0.0,0.0,0.0,0.0,0.0,13.0,13.0,2.9,5.8,0.0,0.0,1.4,4.3,1.4,5.8,5.8,20.0,0,0,21.7,1,1,13086,1,12118,19669,11817,21205,15070,11231,15070,13505,14344,13505,14058,1003,2793,13298,1572,12854,8263,4993,6168,15255,21535,9704,21186,2246,150,19838,1,24:53
2024-25,1628997,Caleb Martin,Caleb,1610612742,DAL,Dallas Mavericks,0022401060,2025-03-27T00:00:00,DAL @ ORL,W,17.23,4.2,8.4,0.5,0.0,0.0,0.0,2.1,4.2,0.5,0.0,8.4,8.4,4.2,0.0,2.1,0.0,0.0,4.2,2.1,10.4,23.0,33.0,0,0,27.2,1,1,13086,1,18121,16649,19711,8526,15070,20945,15070,10326,7454,10625,14058,4207,7683,9443,16469,5837,8263,8846,6611,12663,17716,3272,12583,2246,150,16051,1,17:14
2024-25,1629020,Jarred Vanderbilt,Jarred,1610612747,LAL,Los Angeles Lakers,0022401063,2025-03-27T00:00:00,LAL @ CHI,L,19.183333333333334,5.6,7.5,0.75,0.0,0.0,0.0,1.9,1.9,1.0,3.8,5.6,9.4,1.9,0.0,3.8,1.9,0.0,5.6,1.9,13.1,16.9,44.1,0,0,35.7,1,13222,1,13222,16683,12615,20916,2107,15070,20945,15070,11024,13036,1,3961,9227,6208,16830,16469,1910,3839,8846,3497,13599,14944,4943,5617,2246,150,9620,1,19:11
2024-25,1628378,Donovan Mitchell,Donovan,1610612739,CLE,Cleveland Cavaliers,0022401059,2025-03-27T00:00:00,CLE vs. SAS,W,35.25,8.2,18.4,0.444,4.1,9.2,0.444,5.1,5.1,1.0,3.1,5.1,8.2,14.3,1.0,1.0,1.0,0.0,1.0,5.1,25.5,6.1,61.9,1,0,56.2,1,1,13086,1,3274,6264,4301,13045,3817,4544,7211,3874,5744,1,5202,10548,7977,360,15699,11748,7337,8846,19566,3910,3919,9554,980,1,150,1273,1,35:15
2024-25,204456,T.J. McConnell,T.J.,1610612754,IND,Indiana Pacers,0022401061,2025-03-27T00:00:00,IND @ WAS,W,17.183333333333334,10.5,14.7,0.714,0.0,0.0,0.0,0.0,0.0,0.0,6.3,12.6,18.9,16.8,2.1,0.0,0.0,0.0,2.1,2.1,21.0,54.5,66.6,0,0,56.6,1,1,13086,1,18148,2742,9106,2752,15070,20945,15070,13505,14344,13505,1482,1136,722,170,10023,12854,8263,8846,14632,12631,7125,441,594,2246,150,1217,1,17:11
2024-25,1642382,Branden Carlson,Branden,1610612760,OKC,Oklahoma City Thunder,0022401064,2025-03-27T00:00:00,OKC vs. MEM,W,2.216666666666667,16.2,32.5,0.5,16.2,32.5,0.5,0.0,0.0,0.0,0.0,0.0,0.0,0.0,0.0,0.0,0.0,0.0,0.0,0.0,48.7,16.2,48.7,0,0,65.0,1,1,13086,1,25342,335,181,8526,54,43,3944,13505,14344,13505,14058,22137,23286,19908,16469,12854,8263,8846,20257,17725,173,5160,3731,2246,150,476,1,2:13
2024-25,1631245,Quenton Jackson,Quenton,1610612754,IND,Indiana Pacers,0022401061,2025-03-27T00:00:00,IND @ WAS,W,9.016666666666667,8.0,12.0,0.667,4.0,4.0,1.0,0.0,0.0,0.0,4.0,4.0,8.0,27.9,0.0,12.0,0.0,0.0,0.0,8.0,20.0,47.9,107.4,0,0,83.8,1,1,13086,1,22447,6663,13626,3281,4014,15598,1,13505,14344,13505,3602,13747,8295,29,16469,74,8263,8846,20257,1028,7951,613,57,2246,150,124,1,9:01
2024-25,1629027,Trae Young,Trae,1610612737,ATL,Atlanta Hawks,0022401062,2025-03-27T00:00:00,ATL @ MIA,L,35.61666666666667,10.1,21.2,0.476,6.1,12.1,0.5,3.0,3.0,1.0,0.0,2.0,2.0,12.1,5.1,2.0,0.0,0.0,1.0,3.0,29.3,-20.2,50.9,1,0,53.6,1,13222,1,13222,2975,3102,2193,12010,1260,1713,3944,7712,9898,1,14058,19589,21757,692,2274,6152,8263,8846,19641,9117,2340,21616,3005,1,150,1690,1,35:37
2024-25,1642264,Stephon Castle,Stephon,1610612759,SAS,San Antonio Spurs,0022401059,2025-03-27T00:00:00,SAS @ CLE,L,31.883333333333333,10.2,26.0,0.391,2.3,5.6,0.4,2.3,6.8,0.333,7.9,4.5,12.4,9.0,3.4,1.1,0.0,2.3,4.5,4.5,24.8,-1.1,53.3,1,0,50.8,1,13222,1,13222,6069,3052,646,15984,9021,11589,7874,9760,3584,13132,819,12222,3178,1994,5264,10777,8263,2529,5740,5105,4281,13632,2378,1,150,2317,1,31:53
2024-25,1630590,Scotty Pippen Jr.,Scotty,1610612763,MEM,Memphis Grizzlies,0022401064,2025-03-27T00:00:00,MEM @ OKC,L,31.433333333333334,5.7,11.5,0.5,3.4,5.7,0.6,4.6,4.6,1.0,1.1,10.3,11.5,8.0,8.0,5.7,0.0,1.1,3.4,4.6,19.5,-11.5,54.4,1,0,53.8,1,13222,1,13222,6467,12338,14565,8526,5298,11393,2992,4709,6687,1,12156,2347,4004,2873,581,563,8263,6675,8951,4982,8406,18509,2114,1,150,1651,1,31:26
2024-25,1628983,Shai Gilgeous-Alexander,Shai,1610612760,OKC,Oklahoma City Thunder,0022401064,2025-03-27T00:00:00,OKC vs. MEM,W,33.583333333333336,16.1,26.8,0.6,0.0,2.1,0.0,7.5,9.6,0.778,0.0,3.2,3.2,6.4,0.0,3.2,0.0,2.1,0.0,5.4,39.7,27.9,62.8,0,0,55.7,1,1,13086,1,4656,354,525,5394,15070,19283,15070,1662,1527,8092,14058,16037,19190,4810,16469,2706,8263,2787,20257,3533,471,2292,891,2246,150,1356,1,33:35
2024-25,1629639,Tyler Herro,Tyler,1610612748,MIA,Miami Heat,0022401062,2025-03-27T00:00:00,MIA vs. ATL,W,37.516666666666666,12.5,16.3,0.765,3.8,5.8,0.667,5.8,6.7,0.857,1.0,1.9,2.9,3.8,3.8,1.9,0.0,1.0,1.0,3.8,34.5,3.8,45.7,0,0,48.9,1,1,13086,1,1673,1261,6661,2095,4341,11309,1957,3129,3642,7071,13574,19923,20044,10397,4209,6670,8263,8265,19910,6748,1037,10730,4865,2246,150,2850,1,37:31
2024-25,1630578,Alperen Sengun,Alperen,1610612745,HOU,Houston Rockets,0022401065,2025-03-27T00:00:00,HOU @ UTA,W,32.3,12.3,21.2,0.579,0.0,1.1,0.0,12.3,14.5,0.846,4.5,6.7,11.1,2.2,3.3,0.0,2.2,1.1,3.3,12.3,36.8,18.9,56.8,1,0,54.6,1,1,13086,1,5727,1377,2217,6486,15070,20727,15070,317,393,7255,2972,6907,4280,15514,5371,12854,2886,6919,9267,185,721,4275,1666,1,150,1527,1,32:18
2024-25,1630702,Jaden Hardy,Jaden,1610612742,DAL,Dallas Mavericks,0022401060,2025-03-27T00:00:00,DAL @ ORL,W,20.316666666666666,12.4,21.3,0.583,8.9,10.6,0.833,5.3,7.1,0.75,0.0,5.3,5.3,0.0,0.0,0.0,0.0,3.5,1.8,3.5,39.0,19.5,45.4,0,0,53.2,1,1,13086,1,15769,1296,2180,6296,313,2850,1341,3634,3285,8186,14058,9991,14000,19908,16469,12854,8263,884,16297,7548,519,4109,5004,2246,150,1774,1,20:19
2024-25,1628418,Thomas Bryant,Thomas,1610612754,IND,Indiana Pacers,0022401061,2025-03-27T00:00:00,IND @ WAS,W,13.966666666666667,10.3,12.9,0.8,5.2,5.2,1.0,5.2,5.2,1.0,5.2,12.9,18.0,0.0,0.0,0.0,0.0,0.0,5.2,2.6,30.9,51.6,52.6,0,0,54.1,1,1,13086,1,20214,2903,12061,1688,2102,12811,1,3816,5673,1,2242,1053,887,19908,16469,12854,8263,8846,4273,10711,1793,512,2565,2246,150,1597,1,13:58
2024-25,1630539,Kai Jones,Kai,1610612742,DAL,Dallas Mavericks,0022401060,2025-03-27T00:00:00,DAL @ ORL,W,6.966666666666667,10.3,10.3,1.0,0.0,0.0,0.0,0.0,0.0,0.0,5.2,20.7,25.8,0.0,5.2,0.0,5.2,0.0,5.2,0.0,20.7,10.3,62.0,0,0,56.8,1,1,13086,1,23184,2884,16487,1,15070,20945,15070,13505,14344,13505,2223,149,179,19908,2142,12854,471,8846,4253,17725,7338,7542,962,2246,150,1182,1,6:58
2024-25,1629029,Luka Dončić,Luka,1610612747,LAL,Los Angeles Lakers,0022401063,2025-03-27T00:00:00,LAL @ CHI,L,38.166666666666664,7.5,20.8,0.364,3.8,11.3,0.333,4.7,5.7,0.833,0.0,9.4,9.4,7.5,0.9,1.9,0.9,0.0,0.0,3.8,23.6,-0.9,53.8,1,0,50.0,1,13222,1,13222,1289,7651,2484,16861,4517,2240,9209,4493,4961,7275,14058,3088,6131,3339,16178,6827,7873,8846,20257,6924,5072,13498,2258,1,150,2533,1,38:10
2024-25,1629750,Javonte Green,Javonte,1610612739,CLE,Cleveland Cavaliers,0022401059,2025-03-27T00:00:00,CLE vs. SAS,W,8.566666666666666,4.2,16.8,0.25,4.2,8.4,0.5,0.0,0.0,0.0,8.4,12.6,21.0,4.2,0.0,4.2,0.0,0.0,0.0,0.0,12.6,63.0,56.7,0,0,50.4,1,1,13086,1,22608,16589,6026,20233,3555,5728,3944,13505,14344,13505,673,1123,416,9374,16469,1453,8263,8846,20257,17725,15487,316,1684,2246,150,2411,1,8:34
2024-25,1628991,Jaren Jackson Jr.,Jaren,1610612763,MEM,Memphis Grizzlies,0022401064,2025-03-27T00:00:00,MEM @ OKC,L,30.716666666666665,10.5,24.6,0.429,5.9,8.2,0.714,4.7,4.7,1.0,1.2,1.2,2.3,4.7,0.0,0.0,2.3,0.0,4.7,5.9,31.6,-12.9,48.5,0,0,49.2,1,13222,1,13222,7112,2667,906,13735,1425,6079,1861,4532,6499,1,11982,21588,21114,8211,16469,12854,2655,8846,5315,2804,1596,19089,3800,2246,150,2753,1,30:43
2024-25,1627936,Alex Caruso,Alex,1610612760,OKC,Oklahoma City Thunder,0022401064,2025-03-27T00:00:00,OKC vs. MEM,W,10.178333333333333,7.1,17.7,0.4,7.1,17.7,0.4,0.0,0.0,0.0,3.5,7.1,10.6,3.5,0.0,0.0,3.5,0.0,3.5,0.0,21.2,0.0,49.9,0,0,49.5,1,1,13086,1,22045,8756,5030,14933,733,364,7874,13505,14344,13505,4314,6221,4802,11283,16469,12854,1200,8846,8642,17725,6908,12240,3306,2246,150,2666,1,10:11
2024-25,1631094,Paolo Banchero,Paolo,1610612753,ORL,Orlando Magic,0022401060,2025-03-27T00:00:00,ORL vs. DAL,L,37.75,12.4,20.0,0.619,1.0,4.8,0.2,7.6,11.4,0.667,1.9,7.6,9.5,3.8,5.7,1.0,0.0,0.0,3.8,5.7,33.4,-7.6,47.7,1,0,49.6,1,13222,1,13222,1539,1300,2954,5227,14775,13787,13429,1586,904,9425,8788,5273,6010,10463,1626,12322,8263,8846,7691,3007,1247,16799,4076,1,150,2642,1,37:45
2024-25,1627734,Domantas Sabonis,Domantas,1610612758,SAC,Sacramento Kings,0022401066,2025-03-27T00:00:00,SAC vs. POR,W,34.77333333333333,9.3,11.4,0.818,1.0,2.1,0.5,3.1,4.1,0.75,3.1,16.6,19.7,6.2,6.2,1.0,0.0,1.0,2.1,3.1,22.8,14.5,52.6,1,0,51.8,1,1,13086,1,3637,4174,14686,1653,14337,19425,3944,7526,7546,8186,5122,371,580,5143,1265,11633,8263,7617,14752,8870,5652,5828,2561,1,150,2088,1,34:46
2024-25,1628386,Jarrett Allen,Jarrett,1610612739,CLE,Cleveland Cavaliers,0022401059,2025-03-27T00:00:00,CLE vs. SAS,W,30.0,12.0,13.2,0.909,0.0,0.0,0.0,10.8,13.2,0.818,3.6,14.4,18.0,0.0,2.4,1.2,1.2,1.2,1.2,9.6,34.8,1.2,61.2,1,0,57.6,1,1,13086,1,7781,1516,11480,1292,15070,20945,15070,517,564,7652,4213,675,898,19908,8654,10173,6171,6258,18539,495,992,12014,1051,1,150,1083,1,30:00
2024-25,202687,Bismack Biyombo,Bismack,1610612759,SAS,San Antonio Spurs,0022401059,2025-03-27T00:00:00,SAS @ CLE,L,15.166666666666666,9.5,11.9,0.8,0.0,0.0,0.0,0.0,0.0,0.0,4.7,9.5,14.2,2.4,0.0,2.4,4.7,0.0,2.4,2.4,19.0,11.9,61.0,0,0,49.8,1,13222,1,13222,19456,3889,13824,1688,15070,20945,15070,13505,14344,13505,2615,3016,2126,14969,16469,4784,599,8846,13334,11452,8866,6847,1075,2246,150,2579,1,15:10
2024-25,1630167,Obi Toppin,Obi,1610612754,IND,Indiana Pacers,0022401061,2025-03-27T00:00:00,IND @ WAS,W,16.468333333333334,15.3,19.7,0.778,2.2,6.6,0.333,0.0,0.0,0.0,0.0,4.4,4.4,8.7,0.0,2.2,0.0,0.0,2.2,0.0,32.8,54.7,57.7,0,0,52.5,1,1,13086,1,18616,445,3206,1994,9294,9419,9209,13505,14344,13505,14058,12602,16355,2233,16469,5457,8263,8846,14165,17725,1366,438,1516,2246,150,1932,1,16:28
2024-25,1630581,Josh Giddey,Josh,1610612741,CHI,Chicago Bulls,0022401063,2025-03-27T00:00:00,CHI vs. LAL,W,39.85,7.2,17.2,0.421,3.6,8.1,0.444,4.5,8.1,0.556,2.7,9.9,12.6,9.9,6.3,1.8,0.0,1.8,2.7,4.5,22.6,7.2,51.8,1,1,52.4,1,1,13086,1,600,8386,5614,14442,4893,6221,7211,4807,2424,10597,6072,2630,3036,1475,1212,7219,8263,3881,12003,5103,5794,9031,2767,1,1,1945,1,39:51
2024-25,1628392,Isaiah Hartenstein,Isaiah,1610612760,OKC,Oklahoma City Thunder,0022401064,2025-03-27T00:00:00,OKC vs. MEM,W,29.458333333333332,6.1,11.0,0.556,0.0,1.2,0.0,9.8,9.8,1.0,3.7,9.8,13.4,4.9,2.4,2.4,2.4,0.0,4.9,6.1,22.0,19.6,57.7,1,0,50.1,1,1,13086,1,8266,11196,15356,7248,15070,20593,15070,757,1469,1,4096,2742,2513,7710,8471,4550,2474,8846,4862,2490,6217,4091,1521,1,150,2505,1,29:28
2024-25,1642403,Isaac Jones,Isaac,1610612758,SAC,Sacramento Kings,0022401066,2025-03-27T00:00:00,SAC vs. POR,W,1.85,0.0,0.0,0.0,0.0,0.0,0.0,38.9,38.9,1.0,0.0,19.5,19.5,0.0,0.0,0.0,19.5,0.0,0.0,19.5,38.9,0.0,120.6,0,0,97.3,1,1,13086,1,25566,22635,24836,22635,15070,20945,15070,15,31,1,14058,191,601,19908,16469,12854,7,8846,20257,49,526,12240,36,2246,150,67,1,1:51
2024-25,1630169,Tyrese Haliburton,Tyrese,1610612754,IND,Indiana Pacers,0022401061,2025-03-27T00:00:00,IND @ WAS,W,24.95,13.0,21.6,0.6,10.1,14.4,0.7,5.8,7.2,0.8,0.0,2.9,2.9,8.7,1.4,1.4,1.4,1.4,2.9,2.9,41.8,41.8,65.5,0,0,69.3,1,1,13086,1,12051,1040,1963,5394,207,818,1937,3112,3155,7681,14058,17130,20029,2300,13041,8675,5066,5008,11240,9637,365,856,666,2246,150,341,1,24:57
2024-25,1631207,Dalen Terry,Dalen,1610612741,CHI,Chicago Bulls,0022401063,2025-03-27T00:00:00,CHI vs. LAL,W,12.966666666666667,0.0,5.6,0.0,0.0,5.6,0.0,0.0,0.0,0.0,0.0,5.6,5.6,2.8,0.0,0.0,0.0,0.0,2.8,0.0,0.0,-5.6,10.8,0,0,8.3,1,1,13086,1,20755,22635,23041,22635,15070,11835,15070,13505,14344,13505,14058,9407,13414,13662,16469,12854,8263,8846,11741,17725,23200,15855,24272,2246,150,24714,1,12:58
2024-25,1628365,Markelle Fultz,Markelle,1610612758,SAC,Sacramento Kings,0022401066,2025-03-27T00:00:00,SAC vs. POR,W,15.928333333333333,2.3,2.3,1.0,0.0,0.0,0.0,0.0,0.0,0.0,0.0,2.3,2.3,2.3,4.5,0.0,0.0,0.0,9.0,0.0,4.5,6.8,6.1,0,0,9.0,1,1,13086,1,18983,20929,24705,1,15070,20945,15070,13505,14344,13505,14058,18890,21295,15393,2970,12854,8263,8846,948,17725,22284,9250,24904,2246,150,24597,1,15:56
2024-25,1629723,John Konchar,John,1610612763,MEM,Memphis Grizzlies,0022401064,2025-03-27T00:00:00,MEM @ OKC,L,7.483333333333333,0.0,4.8,0.0,0.0,4.8,0.0,0.0,0.0,0.0,0.0,4.8,4.8,0.0,0.0,9.6,0.0,0.0,0.0,0.0,0.0,-14.4,34.6,0,0,24.1,1,13222,1,13222,23006,22635,23597,22635,15070,13669,15070,13505,14344,13505,14058,11395,15267,19908,16469,128,8263,8846,20257,17725,23200,19675,11341,2246,150,18287,1,7:29
2024-25,203914,Gary Harris,Gary,1610612753,ORL,Orlando Magic,0022401060,2025-03-27T00:00:00,ORL vs. DAL,L,11.816666666666666,0.0,0.0,0.0,0.0,0.0,0.0,0.0,0.0,0.0,0.0,3.0,3.0,0.0,0.0,0.0,0.0,0.0,3.0,0.0,0.0,3.0,3.7,0,0,3.0,1,13222,1,13222,21371,22635,24836,22635,15070,20945,15070,13505,14344,13505,14058,16565,19589,19908,16469,12854,8263,8846,10502,17725,23200,11091,25099,2246,150,25232,1,11:49
2024-25,202709,Cory Joseph,Cory,1610612753,ORL,Orlando Magic,0022401060,2025-03-27T00:00:00,ORL vs. DAL,L,21.716666666666665,3.3,9.9,0.333,3.3,8.3,0.4,0.0,0.0,0.0,0.0,3.3,3.3,1.7,0.0,0.0,0.0,0.0,5.0,0.0,9.9,0.0,16.4,0,0,18.2,1,13222,1,13222,14741,18714,17155,17395,5612,5933,7874,13505,14344,13505,14058,15744,18954,17481,16469,12854,8263,8846,4679,17725,18205,12240,22696,2246,150,21751,1,21:43
2024-25,1631216,Caleb Houstan,Caleb,1610612753,ORL,Orlando Magic,0022401060,2025-03-27T00:00:00,ORL vs. DAL,L,14.533333333333333,0.0,2.5,0.0,0.0,2.5,0.0,0.0,0.0,0.0,0.0,0.0,0.0,0.0,0.0,2.5,0.0,0.0,5.0,0.0,0.0,-12.4,7.4,0,0,5.0,1,13222,1,13222,19865,22635,24651,22635,15070,18670,15070,13505,14344,13505,14058,22137,23286,19908,16469,4444,8263,8846,4710,17725,23200,18891,24765,2246,150,25111,1,14:32
2024-25,1642358,AJ Johnson,AJ,1610612764,WAS,Washington Wizards,0022401061,2025-03-27T00:00:00,WAS vs. IND,L,26.6,1.4,9.5,0.143,0.0,2.7,0.0,0.0,0.0,0.0,1.4,2.7,4.1,0.0,0.0,0.0,0.0,1.4,0.0,0.0,2.7,-55.5,7.6,0,0,6.8,1,13222,1,13222,10642,22347,17991,22260,15070,18251,15070,13505,14344,13505,10967,17676,17158,19908,16469,12854,8263,5387,20257,17725,23024,25577,24746,2246,150,24918,1,26:36
2024-25,203484,Kentavious Caldwell-Pope,Kentavious,1610612753,ORL,Orlando Magic,0022401060,2025-03-27T00:00:00,ORL vs. DAL,L,33.46666666666667,0.0,4.3,0.0,0.0,3.2,0.0,0.0,0.0,0.0,1.1,3.2,4.3,0.0,1.1,1.1,0.0,0.0,0.0,2.2,0.0,-4.3,7.3,0,0,6.5,1,13222,1,13222,4761,22635,23922,22635,15070,17218,15070,13505,14344,13505,12672,15996,16522,19908,15299,11230,8263,8846,20257,12388,23200,15224,24779,2246,150,24951,1,33:28
2024-25,1641744,Zach Edey,Zach,1610612763,MEM,Memphis Grizzlies,0022401064,2025-03-27T00:00:00,MEM @ OKC,L,17.02,4.2,4.2,1.0,0.0,0.0,0.0,8.5,8.5,1.0,2.1,6.3,8.5,2.1,0.0,0.0,2.1,0.0,4.2,6.3,16.9,-12.7,36.6,0,0,31.7,1,13222,1,13222,18242,16512,23974,1,15070,20945,15070,1202,2219,1,7905,7606,7530,15953,16469,12854,3164,8846,6472,2243,10937,19009,9973,2246,150,12600,1,17:01
2024-25,1642258,Zaccharie Risacher,Zaccharie,1610612737,ATL,Atlanta Hawks,0022401062,2025-03-27T00:00:00,ATL @ MIA,L,25.633333333333333,2.8,7.0,0.4,1.4,4.2,0.333,0.0,2.8,0.0,0.0,0.0,0.0,5.6,2.8,0.0,0.0,0.0,2.8,1.4,7.0,-28.1,12.6,0,0,14.0,1,13222,1,13222,11458,19857,21532,14933,12434,15083,9209,13505,10467,13505,14058,22137,23286,6217,7181,12854,8263,8846,11605,15434,20709,23445,23859,2246,150,23410,1,25:38
2024-25,203897,Zach LaVine,Zach,1610612758,SAC,Sacramento Kings,0022401066,2025-03-27T00:00:00,SAC vs. POR,W,37.416666666666664,12.5,17.3,0.722,1.9,4.8,0.4,1.0,1.9,0.5,1.0,1.0,1.9,0.0,1.9,0.0,0.0,0.0,3.8,2.9,27.9,19.2,28.3,0,0,31.8,1,1,13086,1,1729,1239,5433,2738,10527,13666,7874,13346,12922,10625,13557,22037,21957,19908,10931,12854,8263,8846,7608,9634,2827,4189,16005,2246,150,12578,1,37:25
2024-25,1628976,Wendell Carter Jr.,Wendell,1610612753,ORL,Orlando Magic,0022401060,2025-03-27T00:00:00,ORL vs. DAL,L,27.783333333333335,6.5,13.0,0.5,1.3,5.2,0.25,1.3,1.3,1.0,2.6,3.9,6.5,1.3,2.6,0.0,2.6,0.0,6.5,1.3,15.5,-14.3,30.4,0,0,29.8,1,13222,1,13222,9729,10236,11930,8526,12873,12745,11902,12312,13734,1,6369,14066,11222,18673,7911,12854,2228,8846,2417,15925,12375,19600,14458,2246,150,14098,1,27:47
2024-25,1628380,Zach Collins,Zach,1610612741,CHI,Chicago Bulls,0022401063,2025-03-27T00:00:00,CHI vs. LAL,W,15.716666666666667,11.5,11.5,1.0,0.0,0.0,0.0,0.0,0.0,0.0,4.6,2.3,6.9,0.0,4.6,0.0,0.0,0.0,6.9,4.6,22.9,-20.6,26.6,0,0,29.8,1,1,13086,1,19121,1902,14565,1,15070,20945,15070,13505,14344,13505,2821,18791,10379,19908,2877,12854,8263,8846,2084,4982,5551,21730,17237,2246,150,14119,1,15:43
2024-25,1629216,Gabe Vincent,Gabe,1610612747,LAL,Los Angeles Lakers,0022401063,2025-03-27T00:00:00,LAL @ CHI,L,13.785,7.8,15.7,0.5,5.2,13.1,0.4,0.0,0.0,0.0,0.0,5.2,5.2,0.0,0.0,0.0,0.0,0.0,7.8,0.0,20.9,33.9,27.2,0,0,31.3,1,13222,1,13222,20309,6997,7587,8526,2027,1272,7874,13505,14344,13505,14058,10227,14225,19908,16469,12854,8263,8846,1439,17725,7170,1510,16844,2246,150,12899,1,13:47
2024-25,1641729,Brice Sensabaugh,Brice,1610612762,UTA,Utah Jazz,0022401065,2025-03-27T00:00:00,UTA vs. HOU,L,24.0,9.0,9.0,1.0,7.5,7.5,1.0,0.0,1.5,0.0,0.0,6.0,6.0,0.0,4.5,0.0,0.0,0.0,1.5,1.5,25.5,-1.5,28.2,0,0,39.0,1,13222,1,13222,12899,4700,18708,1,593,7397,1,13505,13486,13505,14058,8311,12271,19908,3000,12854,8263,8846,17217,15001,3942,13799,16073,2246,150,7377,1,24:00
2024-25,201942,DeMar DeRozan,DeMar,1610612758,SAC,Sacramento Kings,0022401066,2025-03-27T00:00:00,SAC vs. POR,W,37.48166666666667,5.8,9.6,0.6,0.0,1.0,0.0,8.6,10.6,0.818,0.0,1.9,1.9,9.6,2.9,0.0,0.0,1.0,2.9,7.7,20.2,15.4,34.0,1,0,31.7,1,1,13086,1,1698,12227,17763,5394,15070,20891,15070,1129,1173,7652,14058,19916,21966,1638,6917,12854,8263,8259,11275,1211,7769,5481,11813,1,150,12631,1,37:29
2024-25,1630172,Patrick Williams,Patrick,1610612741,CHI,Chicago Bulls,0022401063,2025-03-27T00:00:00,CHI vs. LAL,W,29.466666666666665,4.9,9.8,0.5,2.4,4.9,0.5,1.2,2.4,0.5,0.0,6.1,6.1,4.9,0.0,1.2,0.0,0.0,2.4,1.2,13.4,-7.3,31.8,0,0,29.3,1,1,13086,1,8251,14701,17428,8526,8334,13471,3944,12525,11354,10625,14058,8082,12035,7711,16469,10000,8263,8846,13011,16288,14581,16652,13497,2246,150,14462,1,29:28
2024-25,203952,Andrew Wiggins,Andrew,1610612748,MIA,Miami Heat,0022401062,2025-03-27T00:00:00,MIA vs. ATL,W,32.5,6.6,16.6,0.4,2.2,6.6,0.333,2.2,2.2,1.0,1.1,4.4,5.5,3.3,3.3,1.1,0.0,0.0,1.1,1.1,17.7,15.5,29.4,0,0,31.0,1,1,13086,1,5553,9830,6279,14933,9182,9221,9209,9893,12041,1,12411,12453,13446,11905,5441,10958,8263,8846,19056,16877,10110,5429,15245,2246,150,13146,1,32:30
2024-25,1630583,Santi Aldama,Santi,1610612763,MEM,Memphis Grizzlies,0022401064,2025-03-27T00:00:00,MEM @ OKC,L,26.083333333333332,4.1,12.4,0.333,1.4,8.3,0.167,4.1,5.5,0.75,0.0,6.9,6.9,6.9,0.0,1.4,0.0,0.0,1.4,2.8,13.8,-27.6,36.6,0,0,31.7,1,13222,1,13222,11099,16743,12859,17395,12521,5947,14236,5458,5159,8186,14058,6528,10322,4130,16469,9008,8263,8846,17702,10105,14152,23355,9985,2246,150,12587,1,26:05
2024-25,1629312,Haywood Highsmith,Haywood,1610612748,MIA,Miami Heat,0022401062,2025-03-27T00:00:00,MIA vs. ATL,W,34.45,4.2,8.4,0.5,3.1,5.2,0.6,0.0,0.0,0.0,0.0,2.1,2.1,2.1,2.1,2.1,0.0,0.0,1.0,0.0,11.5,10.4,21.3,0,0,23.0,1,1,13086,1,3894,16648,19704,8526,6129,12647,2992,13505,14344,13505,14058,19387,21631,16038,10048,5834,8263,8846,19446,17725,16678,7491,20522,2246,150,19031,1,34:27
2024-25,1630551,Justin Champagnie,Justin,1610612764,WAS,Washington Wizards,0022401061,2025-03-27T00:00:00,WAS vs. IND,L,33.28333333333333,6.5,9.7,0.667,0.0,2.2,0.0,3.2,4.3,0.75,4.3,3.2,7.6,1.1,2.2,2.2,0.0,0.0,1.1,3.2,16.2,-35.7,31.3,0,0,29.2,1,13222,1,13222,4911,10211,17506,3281,15070,19233,15070,7215,7154,8186,3131,15949,9024,19406,9670,5532,8263,8846,19205,8422,11696,24487,13859,2246,150,14543,1,33:17
2024-25,1642268,Isaiah Collier,Isaiah,1610612762,UTA,Utah Jazz,0022401065,2025-03-27T00:00:00,UTA vs. HOU,L,30.616666666666667,8.2,14.1,0.583,1.2,3.5,0.333,1.2,3.5,0.333,0.0,1.2,1.2,5.9,4.7,1.2,1.2,1.2,2.4,3.5,18.8,-7.1,31.4,0,0,31.7,1,13222,1,13222,7200,6140,9990,6296,13502,16599,9209,12681,8834,13132,14058,21577,22975,5710,2711,10384,6327,6436,13431,7591,9024,16531,13754,2246,150,12584,1,30:37
2024-25,1631095,Jabari Smith Jr.,Jabari,1610612745,HOU,Houston Rockets,0022401065,2025-03-27T00:00:00,HOU @ UTA,W,26.016666666666666,5.5,16.6,0.333,1.4,5.5,0.25,2.8,2.8,1.0,4.2,9.7,13.8,1.4,0.0,0.0,0.0,1.4,0.0,2.8,15.2,8.3,33.9,1,0,31.8,1,1,13086,1,11148,12897,6296,17395,12507,11881,11902,8417,10567,1,3367,2833,2312,18397,16469,12854,8263,5245,20257,10081,12684,8490,11888,1,150,12515,1,26:01
2024-25,1641824,Matas Buzelis,Matas,1610612741,CHI,Chicago Bulls,0022401063,2025-03-27T00:00:00,CHI vs. LAL,W,24.883333333333333,4.3,14.5,0.3,2.9,7.2,0.4,5.8,7.2,0.8,2.9,7.2,10.1,1.4,1.4,0.0,0.0,2.9,1.4,4.3,17.4,4.3,30.2,0,0,31.8,1,1,13086,1,12108,16227,9402,19363,6884,7972,7874,3098,3145,7681,5604,5941,5297,18188,13021,12854,8263,1477,17452,5494,10461,10459,14635,2246,150,12512,1,24:53
2024-25,1642271,Kyle Filipowski,Kyle,1610612762,UTA,Utah Jazz,0022401065,2025-03-27T00:00:00,UTA vs. HOU,L,33.166666666666664,5.4,10.9,0.5,1.1,5.4,0.2,5.4,6.5,0.833,1.1,6.5,7.6,4.3,0.0,2.2,2.2,0.0,5.4,4.3,17.4,-17.4,46.0,0,0,39.1,1,13222,1,13222,5013,13193,15595,8526,14033,12145,13429,3500,3868,7275,12589,7275,8978,9030,16469,5508,3013,8846,3802,5488,10455,20732,4739,2246,150,7333,1,33:10
2024-25,1641732,Colby Jones,Colby,1610612764,WAS,Washington Wizards,0022401061,2025-03-27T00:00:00,WAS vs. IND,L,29.631666666666668,3.6,8.5,0.429,2.4,3.6,0.667,4.9,4.9,1.0,0.0,2.4,2.4,2.4,1.2,3.6,0.0,0.0,1.2,4.9,14.6,-29.2,30.9,0,0,29.2,1,13222,1,13222,8119,17974,19479,13735,8369,16341,1957,4252,6177,1,14058,18395,20933,14774,14326,2039,8263,8846,18446,4370,13316,23608,14152,2246,150,14581,1,29:38
2024-25,1629652,Luguentz Dort,Luguentz,1610612760,OKC,Oklahoma City Thunder,0022401064,2025-03-27T00:00:00,OKC vs. MEM,W,29.116666666666667,3.7,9.9,0.375,3.7,8.7,0.429,0.0,0.0,0.0,1.2,0.0,1.2,6.2,0.0,3.7,0.0,0.0,2.5,2.5,11.1,33.4,33.0,0,0,29.7,1,1,13086,1,8571,17809,17258,16299,4683,5340,7394,13505,14344,13505,11561,22137,22894,5193,16469,1955,8263,8846,12902,11087,17057,1585,12585,2246,150,14183,1,29:07
2024-25,1630230,Naji Marshall,Naji,1610612742,DAL,Dallas Mavericks,0022401060,2025-03-27T00:00:00,DAL @ ORL,W,41.06666666666667,2.6,4.4,0.6,0.0,0.9,0.0,0.0,0.0,0.0,0.0,3.5,3.5,2.6,2.6,1.8,0.0,0.0,3.5,0.9,5.3,10.5,16.0,0,0,14.9,1,1,13086,1,362,20225,23868,5394,15070,20932,15070,13505,14344,13505,14058,15220,18533,14115,7771,7423,8263,8846,8730,17687,21874,7459,22838,2246,150,23092,1,41:04
2024-25,1627827,Dorian Finney-Smith,Dorian,1610612747,LAL,Los Angeles Lakers,0022401063,2025-03-27T00:00:00,LAL @ CHI,L,30.2,1.2,6.0,0.2,1.2,6.0,0.2,0.0,0.0,0.0,0.0,4.8,4.8,2.4,3.6,1.2,0.0,0.0,1.2,0.0,3.6,-11.9,12.9,0,0,14.3,1,13222,1,13222,7586,22502,22646,21401,13419,10785,13429,13505,14344,13505,14058,11516,15372,14929,4822,10240,8263,8846,18577,17725,22747,18711,23801,2246,150,23320,1,30:12
2024-25,1631303,Justin Minaya,Justin,1610612757,POR,Portland Trail Blazers,0022401066,2025-03-27T00:00:00,POR @ SAC,L,1.85,19.5,38.9,0.5,0.0,19.5,0.0,0.0,0.0,0.0,0.0,0.0,0.0,0.0,0.0,0.0,0.0,0.0,0.0,0.0,38.9,0.0,38.9,0,0,38.9,1,13222,1,13222,25566,157,86,8526,15070,261,15070,13505,14344,13505,14058,22137,23286,19908,16469,12854,8263,8846,20257,17725,526,12240,8468,2246,150,7432,1,1:51
2024-25,202692,Alec Burks,Alec,1610612748,MIA,Miami Heat,0022401062,2025-03-27T00:00:00,MIA vs. ATL,W,15.516666666666667,7.0,16.2,0.429,7.0,13.9,0.5,4.6,7.0,0.667,0.0,2.3,2.3,4.6,2.3,0.0,0.0,2.3,4.6,2.3,25.5,-11.6,32.9,0,0,39.4,1,1,13086,1,19247,9018,6763,13735,778,948,3944,4606,3401,9425,14058,18699,21153,8327,8983,12854,8263,2390,5438,11661,3930,18572,12630,2246,150,7106,1,15:31
2024-25,1642384,Isaiah Crawford,Isaiah,1610612758,SAC,Sacramento Kings,0022401066,2025-03-27T00:00:00,SAC vs. POR,W,1.85,0.0,19.5,0.0,0.0,19.5,0.0,0.0,0.0,0.0,0.0,0.0,0.0,0.0,0.0,0.0,19.5,0.0,0.0,0.0,0.0,0.0,58.4,0,0,38.9,1,1,13086,1,25566,22635,3369,22635,15070,261,15070,13505,14344,13505,14058,22137,23286,19908,16469,12854,7,8846,20257,17725,23200,12240,1420,2246,150,7432,1,1:51
2024-25,1630692,Jordan Goodwin,Jordan,1610612747,LAL,Los Angeles Lakers,0022401063,2025-03-27T00:00:00,LAL @ CHI,L,18.483333333333334,5.8,7.8,0.75,3.9,5.8,0.667,0.0,0.0,0.0,0.0,3.9,3.9,3.9,1.9,1.9,3.9,0.0,5.8,0.0,15.6,5.8,41.7,0,0,39.0,1,13222,1,13222,17211,11979,20545,2107,4204,11095,1957,13505,14344,13505,14058,14039,17581,10244,10799,6515,972,8846,3148,17725,12343,9684,6781,2246,150,7408,1,18:29
2024-25,1629611,Terance Mann,Terance,1610612737,ATL,Atlanta Hawks,0022401062,2025-03-27T00:00:00,ATL @ MIA,L,27.216666666666665,7.9,10.6,0.75,2.6,5.3,0.5,0.0,0.0,0.0,0.0,1.3,1.3,1.3,0.0,2.6,0.0,0.0,1.3,1.3,18.5,-4.0,30.0,0,0,29.1,1,13222,1,13222,10176,6772,16082,2107,7696,12485,3944,13505,14344,13505,14058,21240,22790,18581,16469,4029,8263,8846,17940,15793,9307,15049,14775,2246,150,14621,1,27:13
2024-25,1630678,Terry Taylor,Terry,1610612758,SAC,Sacramento Kings,0022401066,2025-03-27T00:00:00,SAC vs. POR,W,1.85,0.0,0.0,0.0,0.0,0.0,0.0,0.0,0.0,0.0,19.5,0.0,19.5,19.5,0.0,0.0,0.0,0.0,0.0,0.0,0.0,0.0,52.5,0,0,38.9,1,1,13086,1,25566,22635,24836,22635,15070,20945,15070,13505,14344,13505,59,22137,601,98,16469,12854,8263,8846,20257,17725,23200,12240,2581,2246,150,7432,1,1:51
2024-25,1630264,Anthony Gill,Anthony,1610612764,WAS,Washington Wizards,0022401061,2025-03-27T00:00:00,WAS vs. IND,L,3.4166666666666665,10.5,10.5,1.0,0.0,0.0,0.0,0.0,0.0,0.0,0.0,10.5,10.5,0.0,0.0,0.0,0.0,0.0,0.0,0.0,21.1,-21.1,33.7,0,0,31.6,1,13222,1,13222,24757,2676,16151,1,15070,20945,15070,13505,14344,13505,14058,2199,4875,19908,16469,12854,8263,8846,20257,17725,7024,21848,12032,2246,150,12695,1,3:25
2024-25,1631099,Keegan Murray,Keegan,1610612758,SAC,Sacramento Kings,0022401066,2025-03-27T00:00:00,SAC vs. POR,W,33.45166666666667,7.5,11.8,0.636,2.2,6.5,0.333,1.1,1.1,1.0,2.2,5.4,7.5,1.1,0.0,0.0,0.0,0.0,3.2,1.1,18.3,16.1,28.9,0,0,29.1,1,1,13086,1,4767,7687,13882,4689,9443,9634,9209,12984,14078,1,7746,9828,9107,19429,16469,12854,8263,8846,9748,17024,9535,5202,15524,2246,150,14659,1,33:27
2024-25,1629614,Andrew Nembhard,Andrew,1610612754,IND,Indiana Pacers,0022401061,2025-03-27T00:00:00,IND @ WAS,W,20.183333333333334,3.6,5.4,0.667,1.8,3.6,0.5,3.6,3.6,1.0,1.8,5.4,7.1,14.3,1.8,1.8,0.0,0.0,0.0,1.8,12.5,14.3,46.0,0,0,39.2,1,1,13086,1,15876,18160,23218,3281,11135,16518,3944,6558,8749,1,9304,9902,9887,361,11622,7316,8263,8846,20257,13989,15604,5900,4741,2246,150,7245,1,20:11
2024-25,1628988,Aaron Holiday,Aaron,1610612745,HOU,Houston Rockets,0022401065,2025-03-27T00:00:00,HOU @ UTA,W,12.366666666666667,2.9,11.6,0.25,0.0,8.7,0.0,0.0,0.0,0.0,0.0,0.0,0.0,2.9,0.0,2.9,0.0,0.0,2.9,2.9,5.8,17.5,18.9,0,0,14.6,1,1,13086,1,21065,19628,14230,20233,15070,5212,15070,13505,14344,13505,14058,22137,23286,13238,16469,3376,8263,8846,11134,9551,21507,4748,21684,2246,150,23232,1,12:22
2024-25,1628389,Bam Adebayo,Bam,1610612748,MIA,Miami Heat,0022401062,2025-03-27T00:00:00,MIA vs. ATL,W,37.63333333333333,3.8,8.6,0.444,1.0,1.9,0.5,2.9,3.8,0.75,0.0,9.6,9.6,3.8,2.9,2.9,0.0,0.0,0.0,2.9,11.5,21.0,34.4,1,0,31.6,1,1,13086,1,1610,17503,19344,13045,14764,19715,3944,8167,8187,8186,14058,2950,5966,10433,6959,3487,8263,8846,20257,9690,16699,3685,11487,1,150,12721,1,37:38
2024-25,201599,DeAndre Jordan,DeAndre,1610612743,DEN,Denver Nuggets,0022401057,2025-03-26T00:00:00,DEN vs. MIL,W,3.2333333333333334,0.0,11.1,0.0,0.0,0.0,0.0,0.0,0.0,0.0,0.0,11.1,11.1,11.1,11.1,0.0,0.0,0.0,0.0,0.0,0.0,-55.7,18.9,0,0,22.3,1,1,13086,1,24875,22635,15133,22635,15070,20945,15070,13505,14344,13505,14058,1830,4288,956,246,12854,8263,8846,20257,17725,23200,25583,21679,2246,150,19513,1,3:14
2024-25,1629013,Landry Shamet,Landry,1610612752,NYK,New York Knicks,0022401056,2025-03-26T00:00:00,NYK vs. LAC,L,19.401666666666667,3.7,9.3,0.4,3.7,9.3,0.4,0.0,0.0,0.0,1.9,1.9,3.7,3.7,0.0,0.0,0.0,1.9,5.6,0.0,11.1,-53.8,21.2,0,0,22.3,1,13222,1,13222,16498,17806,18295,14933,4677,4409,7874,13505,14344,13505,9018,20097,18042,10762,16469,12854,8263,3720,3603,17725,17053,25532,20618,2246,150,19522,1,19:24
2024-25,1642346,Ryan Dunn,Ryan,1610612756,PHX,Phoenix Suns,0022401058,2025-03-26T00:00:00,PHX vs. BOS,L,21.72833333333333,3.3,14.9,0.222,3.3,9.9,0.333,0.0,3.3,0.0,5.0,3.3,8.3,0.0,0.0,5.0,0.0,0.0,3.3,1.7,9.9,-44.7,34.8,0,0,31.5,1,13222,1,13222,14738,18720,8731,21205,5619,3560,9209,13505,9273,13505,2404,15751,7794,19908,16469,921,8263,8846,9405,14421,18209,25172,11207,2246,150,12790,1,21:44
2024-25,1642358,AJ Johnson,AJ,1610612764,WAS,Washington Wizards,0022401053,2025-03-26T00:00:00,WAS @ PHI,W,34.0,4.2,13.8,0.308,1.1,7.4,0.143,0.0,0.0,0.0,1.1,4.2,5.3,6.4,1.1,0.0,0.0,2.1,2.1,1.1,9.5,10.6,24.4,0,0,22.2,1,1,13086,1,4265,16491,10549,19226,14200,7589,14649,13505,14344,13505,12801,13015,14051,4924,15432,12854,8263,2869,14526,17123,18605,7424,18708,2246,150,19531,1,34:00
2024-25,1628384,OG Anunoby,OG,1610612752,NYK,New York Knicks,0022401056,2025-03-26T00:00:00,NYK vs. LAC,L,37.46666666666667,10.6,16.3,0.647,2.9,4.8,0.6,2.9,2.9,1.0,1.9,2.9,4.8,2.9,1.0,1.0,0.0,1.9,0.0,3.8,26.9,-7.7,38.9,0,0,39.4,1,13222,1,13222,1700,2648,6633,4571,6933,13696,2992,8141,10278,1,8735,17142,15294,13340,16083,12273,8263,3473,20257,6730,3250,16819,8469,2246,150,7136,1,37:28
2024-25,1627783,Pascal Siakam,Pascal,1610612754,IND,Indiana Pacers,0022401055,2025-03-26T00:00:00,IND vs. LAL,L,35.65,6.1,12.1,0.5,0.0,1.0,0.0,3.0,4.0,0.75,3.0,3.0,6.1,2.0,1.0,1.0,2.0,0.0,1.0,5.0,15.1,14.1,33.5,0,0,29.3,1,13222,1,13222,2946,11341,13382,8526,15070,20852,15070,7724,7762,8186,5268,16620,12142,16301,15780,11863,3421,8846,19651,4017,12761,5962,12175,2246,150,14488,1,35:39
2024-25,1626166,Cameron Payne,Cameron,1610612752,NYK,New York Knicks,0022401056,2025-03-26T00:00:00,NYK vs. LAC,L,18.25,11.8,17.8,0.667,5.9,11.8,0.5,0.0,0.0,0.0,0.0,3.9,3.9,0.0,2.0,0.0,0.0,0.0,0.0,2.0,29.6,3.9,32.4,0,0,39.5,1,13222,1,13222,17404,1630,4943,3281,1365,1879,3944,13505,14344,13505,14058,13888,17452,19908,10649,12854,8263,8846,20257,13198,2238,10680,13047,2246,150,7098,1,18:15
2024-25,1630202,Payton Pritchard,Payton,1610612738,BOS,Boston Celtics,0022401058,2025-03-26T00:00:00,BOS @ PHX,W,24.801666666666666,4.4,14.5,0.3,1.5,11.6,0.125,0.0,0.0,0.0,1.5,7.3,8.7,5.8,2.9,1.5,0.0,1.5,2.9,0.0,10.2,4.4,30.8,0,0,29.0,1,1,13086,1,12174,16193,9338,19363,12250,2026,14886,13505,14344,13505,10534,5895,7161,5848,6834,8628,8263,4981,11183,17725,17995,10449,14220,2246,150,14676,1,24:48
2024-25,1642345,Oso Ighodaro,Oso,1610612756,PHX,Phoenix Suns,0022401058,2025-03-26T00:00:00,PHX vs. BOS,L,21.466666666666665,3.4,8.4,0.4,0.0,0.0,0.0,3.4,3.4,1.0,1.7,1.7,3.4,0.0,0.0,0.0,0.0,3.4,0.0,1.7,10.1,-20.1,14.1,0,0,13.4,1,13222,1,13222,14954,18632,19657,14933,15070,20945,15070,6993,9187,1,9648,20509,18862,19908,16469,12854,8263,1023,20257,14343,18096,21583,23475,2246,150,23578,1,21:28
2024-25,1627814,Damion Lee,Damion,1610612756,PHX,Phoenix Suns,0022401058,2025-03-26T00:00:00,PHX vs. BOS,L,6.116666666666666,5.9,23.5,0.25,5.9,11.8,0.5,0.0,0.0,0.0,0.0,5.9,5.9,0.0,0.0,0.0,0.0,0.0,0.0,0.0,17.7,17.7,24.7,0,0,29.4,1,13222,1,13222,23559,11840,1213,20233,1388,1914,3944,13505,14344,13505,14058,8575,12550,19908,16469,12854,8263,8846,20257,17725,10157,4688,18477,2246,150,14378,1,6:07
2024-25,1631260,AJ Green,AJ,1610612749,MIL,Milwaukee Bucks,0022401057,2025-03-26T00:00:00,MIL @ DEN,L,34.21666666666667,5.3,9.5,0.556,5.3,9.5,0.556,0.0,0.0,0.0,1.1,4.2,5.3,5.3,2.1,0.0,0.0,0.0,2.1,0.0,15.8,1.1,27.9,0,0,31.6,1,13222,1,13222,4083,13641,18000,7248,1981,4153,3747,13505,14344,13505,12860,13089,14136,6911,9978,12854,8263,8846,14595,17725,12138,12120,16312,2246,150,12723,1,34:13
2024-25,1628960,Grayson Allen,Grayson,1610612756,PHX,Phoenix Suns,0022401058,2025-03-26T00:00:00,PHX vs. BOS,L,14.25,0.0,7.6,0.0,0.0,5.1,0.0,5.1,7.6,0.667,0.0,2.5,2.5,2.5,2.5,2.5,0.0,0.0,2.5,5.1,5.1,-12.6,16.9,0,0,15.2,1,13222,1,13222,20052,22635,20817,22635,15070,13064,15070,3954,2832,9425,14058,18113,20752,14451,8127,4315,8263,8846,12685,4011,21979,18990,22520,2246,150,23003,1,14:15
2024-25,1630553,Keon Johnson,Keon,1610612751,BKN,Brooklyn Nets,0022401054,2025-03-26T00:00:00,BKN vs. TOR,L,28.216666666666665,2.6,12.8,0.2,0.0,5.1,0.0,5.1,6.4,0.8,0.0,2.6,2.6,6.4,1.3,1.3,1.3,0.0,6.4,3.8,10.2,-30.6,29.2,0,0,24.2,1,13222,1,13222,9369,20367,12282,21401,15070,12948,15070,3882,4028,7681,14058,18051,20702,4880,13931,9610,5758,8846,2517,6776,17945,23832,15345,2246,150,18175,1,28:13
2024-25,1629011,Mitchell Robinson,Mitchell,1610612752,NYK,New York Knicks,0022401056,2025-03-26T00:00:00,NYK vs. LAC,L,12.783333333333333,0.0,0.0,0.0,0.0,0.0,0.0,0.0,0.0,0.0,0.0,5.6,5.6,2.8,0.0,0.0,2.8,0.0,2.8,2.8,0.0,-62.0,19.4,0,0,14.1,1,13222,1,13222,20849,22635,24836,22635,15070,20945,15070,13505,14344,13505,14058,9215,13204,13532,16469,12854,1928,8846,11568,9908,23200,25727,21438,2246,150,23402,1,12:47
2024-25,1641727,Dariq Whitehead,Dariq,1610612751,BKN,Brooklyn Nets,0022401054,2025-03-26T00:00:00,BKN vs. TOR,L,25.283333333333335,4.3,14.2,0.3,4.3,12.8,0.333,0.0,0.0,0.0,0.0,2.8,2.8,1.4,1.4,1.4,0.0,0.0,2.8,1.4,12.8,-10.0,21.2,0,0,24.2,1,13222,1,13222,11759,16395,9777,19363,3441,1385,9209,13505,14344,13505,14058,17247,20122,18257,13145,8783,8263,8846,11428,15351,15273,17879,20590,2246,150,18202,1,25:17
2024-25,1628470,Torrey Craig,Torrey,1610612738,BOS,Boston Celtics,0022401058,2025-03-26T00:00:00,BOS @ PHX,W,6.433333333333334,5.6,5.6,1.0,5.6,5.6,1.0,0.0,0.0,0.0,0.0,16.8,16.8,0.0,0.0,0.0,0.0,0.0,5.6,0.0,16.8,-16.8,36.9,0,0,39.2,1,1,13086,1,23394,12714,23001,1,1668,11735,1,13505,14344,13505,14058,344,1175,19908,16469,12854,8263,8846,3554,17725,11085,20543,9746,2246,150,7291,1,6:26
2024-25,1629674,Neemias Queta,Neemias,1610612738,BOS,Boston Celtics,0022401058,2025-03-26T00:00:00,BOS @ PHX,W,6.433333333333334,11.2,22.4,0.5,0.0,0.0,0.0,0.0,0.0,0.0,11.2,5.6,16.8,0.0,5.6,0.0,0.0,5.6,0.0,5.6,22.4,-16.8,36.9,0,0,39.2,1,1,13086,1,23394,2102,1640,8526,15070,20945,15070,13505,14344,13505,295,9304,1175,19908,1728,12854,8263,266,20257,3197,5937,20543,9746,2246,150,7291,1,6:26
2024-25,1642419,Jamison Battle,Jamison,1610612761,TOR,Toronto Raptors,0022401054,2025-03-26T00:00:00,TOR @ BKN,W,24.5,2.9,7.3,0.4,2.9,4.4,0.667,2.9,2.9,1.0,2.9,11.8,14.7,0.0,0.0,0.0,0.0,0.0,2.9,1.5,11.8,35.3,29.4,0,0,29.4,1,1,13086,1,12473,19558,21144,14933,6726,14662,1957,7980,10115,1,5482,1498,1913,19908,16469,12854,8263,8846,10987,15131,16392,1365,15223,2246,150,14419,1,24:30
2024-25,1626192,Pat Connaughton,Pat,1610612749,MIL,Milwaukee Bucks,0022401057,2025-03-26T00:00:00,MIL @ DEN,L,16.65,6.5,10.8,0.6,0.0,0.0,0.0,0.0,0.0,0.0,0.0,17.3,17.3,4.3,0.0,0.0,2.2,2.2,2.2,2.2,13.0,-4.3,46.7,0,0,38.9,1,13222,1,13222,18502,10216,15678,5394,15070,20945,15070,13505,14344,13505,14058,315,1061,9069,16469,12854,3039,2733,14288,12334,15118,15236,4441,2246,150,7432,1,16:39
2024-25,1629060,Rui Hachimura,Rui,1610612747,LAL,Los Angeles Lakers,0022401055,2025-03-26T00:00:00,LAL @ IND,W,27.893333333333334,5.2,6.5,0.8,5.2,5.2,1.0,2.6,2.6,1.0,0.0,5.2,5.2,1.3,1.3,0.0,0.0,1.3,2.6,1.3,18.1,-2.6,24.9,0,0,29.7,1,1,13086,1,9636,13916,22151,1688,2092,12796,1,8851,11024,1,14058,10386,14369,18693,13856,12854,8263,5700,12492,15949,9770,14347,18355,2246,150,14176,1,27:54
2024-25,1627750,Jamal Murray,Jamal,1610612743,DEN,Denver Nuggets,0022401057,2025-03-26T00:00:00,DEN vs. MIL,W,36.733333333333334,5.9,14.7,0.4,1.0,6.9,0.143,3.9,4.9,0.8,0.0,3.9,3.9,5.9,0.0,0.0,1.0,2.0,0.0,3.9,16.7,6.9,33.1,0,0,29.4,1,1,13086,1,2168,11860,9054,14933,14655,8758,14649,5843,6119,7681,14058,13967,17513,5708,16469,12854,7619,3357,20257,6510,11213,9203,12492,2246,150,14404,1,36:44
2024-25,1628969,Mikal Bridges,Mikal,1610612752,NYK,New York Knicks,0022401056,2025-03-26T00:00:00,NYK vs. LAC,L,39.94833333333333,6.3,14.4,0.438,0.9,4.5,0.2,1.8,1.8,1.0,0.0,3.6,3.6,8.1,1.8,0.9,0.0,0.9,1.8,1.8,15.3,1.8,32.7,0,0,29.7,1,13222,1,13222,575,10683,9487,13558,14958,14416,13429,11236,13191,1,14058,14913,18311,2778,11548,12663,8263,8656,16178,13934,12599,11737,12792,2246,150,14143,1,39:57
2024-25,2544,LeBron James,LeBron,1610612747,LAL,Los Angeles Lakers,0022401055,2025-03-26T00:00:00,LAL @ IND,W,37.74,3.8,11.4,0.333,0.0,2.9,0.0,4.8,4.8,1.0,2.9,9.5,12.4,6.7,1.0,1.0,0.0,0.0,1.0,2.9,12.4,4.8,39.2,1,0,33.4,1,1,13086,1,1545,17526,14580,17395,15070,17934,15070,4395,6357,1,5696,2971,3194,4457,16125,12320,8263,8846,19946,9720,15715,10241,8265,1,150,11334,1,37:44
2024-25,1626181,Norman Powell,Norman,1610612746,LAC,LA Clippers,0022401056,2025-03-26T00:00:00,LAC @ NYK,W,31.066666666666666,8.1,13.9,0.583,4.6,5.8,0.8,1.2,2.3,0.5,0.0,1.2,1.2,2.3,1.2,2.3,1.2,0.0,4.6,2.3,22.0,-9.3,36.2,0,0,37.1,1,1,13086,1,6822,6388,10326,6296,2826,11217,1389,12726,11725,10625,14058,21611,22996,15162,14735,4964,6428,8846,5447,11669,6201,17562,10262,2246,150,8665,1,31:04
2024-25,1641774,Tristan Vukcevic,Tristan,1610612764,WAS,Washington Wizards,0022401053,2025-03-26T00:00:00,WAS @ PHI,W,23.05,10.9,20.3,0.538,0.0,7.8,0.0,4.7,4.7,1.0,1.6,7.8,9.4,3.1,1.6,1.6,3.1,0.0,6.2,3.1,26.6,-12.5,55.0,0,0,48.4,1,1,13086,1,13682,2319,2761,7978,15070,6781,15070,4535,6503,1,10069,4995,6229,12544,12498,8145,1547,8846,2659,8798,3405,18942,1990,2246,150,3014,1,23:03
2024-25,1630570,Trendon Watford,Trendon,1610612751,BKN,Brooklyn Nets,0022401054,2025-03-26T00:00:00,BKN vs. TOR,L,26.433333333333334,5.4,10.9,0.5,0.0,1.4,0.0,1.4,1.4,1.0,0.0,5.4,5.4,4.1,1.4,0.0,1.4,0.0,2.7,2.7,12.3,-20.4,27.6,0,0,24.5,1,13222,1,13222,10788,13138,15540,8526,15070,20421,15070,12133,13645,1,14058,9677,13681,9691,13500,12854,5401,8846,11939,10245,15864,21685,16460,2246,150,18003,1,26:26
2024-25,1642261,Dalton Knecht,Dalton,1610612747,LAL,Los Angeles Lakers,0022401055,2025-03-26T00:00:00,LAL @ IND,W,5.383333333333334,6.7,6.7,1.0,6.7,6.7,1.0,0.0,0.0,0.0,0.0,6.7,6.7,0.0,0.0,0.0,0.0,0.0,0.0,0.0,20.1,120.4,28.1,0,0,33.4,1,1,13086,1,23824,9715,21905,1,901,9129,1,13505,14344,13505,14058,6913,10755,19908,16469,12854,8263,8846,20257,17725,7874,40,16151,2246,150,11286,1,5:23
2024-25,1631248,Baylor Scheierman,Baylor,1610612738,BOS,Boston Celtics,0022401058,2025-03-26T00:00:00,BOS @ PHX,W,12.716666666666667,2.8,8.5,0.333,2.8,5.7,0.5,0.0,0.0,0.0,0.0,0.0,0.0,11.3,2.8,2.8,0.0,0.0,2.8,2.8,8.5,-17.0,31.1,0,0,28.3,1,1,13086,1,20884,19807,19500,17395,7115,11544,3944,13505,14344,13505,14058,22137,23286,889,7110,3596,8263,8846,11505,9857,19520,20614,13958,2246,150,15202,1,12:43
2024-25,204456,T.J. McConnell,T.J.,1610612754,IND,Indiana Pacers,0022401055,2025-03-26T00:00:00,IND vs. LAL,L,11.95,6.0,18.1,0.333,3.0,3.0,1.0,0.0,0.0,0.0,0.0,3.0,3.0,6.0,3.0,3.0,0.0,0.0,3.0,0.0,15.1,-18.1,33.7,0,0,33.1,1,13222,1,13222,21308,11437,4584,17395,6459,17614,1,13505,14344,13505,14058,16669,19691,5438,6415,3119,8263,8846,10652,17725,12844,20955,12016,2246,150,11542,1,11:57
2024-25,1626164,Devin Booker,Devin,1610612756,PHX,Phoenix Suns,0022401058,2025-03-26T00:00:00,PHX vs. BOS,L,34.11666666666667,4.2,13.7,0.308,1.1,6.3,0.167,5.3,6.3,0.833,1.1,6.3,7.4,10.6,3.2,0.0,0.0,1.1,2.1,7.4,14.8,-34.8,36.3,1,0,33.8,1,13222,1,13222,4155,16544,10624,19226,14219,9915,14236,3685,4088,7275,12834,7635,9399,1179,5923,12854,8263,7448,14564,1399,13139,24387,10164,1,150,11023,1,34:07
2024-25,1627827,Dorian Finney-Smith,Dorian,1610612747,LAL,Los Angeles Lakers,0022401055,2025-03-26T00:00:00,LAL @ IND,W,31.066666666666666,4.6,8.1,0.571,3.5,5.8,0.6,0.0,0.0,0.0,0.0,3.5,3.5,1.2,2.3,2.3,1.2,0.0,4.6,0.0,12.7,-1.2,26.8,0,0,27.8,1,1,13086,1,6822,15402,20069,6538,5202,11217,2992,13505,14344,13505,14058,15302,18604,19151,8995,4964,6428,8846,5447,17725,15340,13649,17106,2246,150,15569,1,31:04
2024-25,1642367,Jonathan Mogbo,Jonathan,1610612761,TOR,Toronto Raptors,0022401054,2025-03-26T00:00:00,TOR @ BKN,W,23.916666666666668,7.5,15.1,0.5,0.0,1.5,0.0,9.0,9.0,1.0,9.0,1.5,10.5,7.5,3.0,1.5,1.5,3.0,6.0,6.0,24.1,37.6,54.0,0,0,48.2,1,1,13086,1,12977,7711,8522,8526,15070,20263,15070,996,1849,1,547,20865,4884,3364,6431,8387,4828,1321,2910,2593,4741,1150,2194,2246,150,3094,1,23:55
2024-25,1630692,Jordan Goodwin,Jordan,1610612747,LAL,Los Angeles Lakers,0022401055,2025-03-26T00:00:00,LAL @ IND,W,7.3133333333333335,4.9,19.7,0.25,0.0,4.9,0.0,0.0,0.0,0.0,9.8,0.0,9.8,4.9,4.9,0.0,0.0,9.8,4.9,0.0,9.8,-39.4,24.1,0,0,24.6,1,1,13086,1,23064,14629,3190,20233,15070,13387,15070,13505,14344,13505,421,22137,5607,7638,2435,12854,8263,71,4793,17725,18316,24794,18862,2246,150,17940,1,7:19
2024-25,1627824,Guerschon Yabusele,Guerschon,1610612755,PHI,Philadelphia 76ers,0022401053,2025-03-26T00:00:00,PHI vs. WAS,L,26.913333333333334,9.4,20.1,0.467,4.0,10.7,0.375,5.4,6.7,0.8,2.7,8.0,10.7,1.3,1.3,0.0,1.3,2.7,1.3,2.7,28.1,4.0,45.6,0,0,46.8,1,13222,1,13222,10410,4098,2924,12249,3973,2771,8800,3588,3667,7681,6161,4670,4698,18543,13632,12854,5493,1782,17872,10393,2752,10638,4893,2246,150,3544,1,26:55
2024-25,1628398,Kyle Kuzma,Kyle,1610612749,MIL,Milwaukee Bucks,0022401057,2025-03-26T00:00:00,MIL @ DEN,L,36.0,3.0,10.0,0.3,0.0,1.0,0.0,4.0,6.0,0.667,2.0,5.0,7.0,4.0,3.0,0.0,2.0,1.0,2.0,4.0,10.0,-16.0,27.4,0,0,25.0,1,13222,1,13222,2683,19415,17047,19363,15070,20863,15070,5689,4464,9425,8387,10880,10148,9938,6468,12854,3495,7919,15144,6303,18159,20254,16662,2246,150,17675,1,36:00
2024-25,1642267,Bub Carrington,Bub,1610612764,WAS,Washington Wizards,0022401053,2025-03-26T00:00:00,WAS @ PHI,W,28.233333333333334,3.8,10.2,0.375,2.6,5.1,0.5,1.3,2.6,0.5,0.0,6.4,6.4,7.7,2.6,0.0,0.0,0.0,2.6,2.6,11.5,5.1,28.1,0,0,28.1,1,1,13086,1,9357,17506,16731,16299,7969,12953,3944,12365,11082,10625,14058,7550,11459,3224,8042,12854,8263,8846,12602,10795,16701,10055,16187,2246,150,15386,1,28:14
2024-25,1641798,Jaylen Martin,Jaylen,1610612764,WAS,Washington Wizards,0022401053,2025-03-26T00:00:00,WAS @ PHI,W,31.95,5.6,10.1,0.556,1.1,3.4,0.333,1.1,1.1,1.0,0.0,6.8,6.8,3.4,0.0,0.0,0.0,1.1,2.3,1.1,13.5,-15.8,26.7,0,0,24.8,1,1,13086,1,6020,12603,16838,7248,13789,16906,9209,12835,14001,1,14058,6768,10613,11732,16469,12854,8263,6822,13860,16790,14476,20187,17154,2246,150,17833,1,31:57
2024-25,1627759,Jaylen Brown,Jaylen,1610612738,BOS,Boston Celtics,0022401058,2025-03-26T00:00:00,BOS @ PHX,W,28.316666666666666,8.9,19.1,0.467,5.1,11.4,0.444,7.6,7.6,1.0,0.0,3.8,3.8,6.4,1.3,1.3,0.0,1.3,5.1,2.5,30.5,30.5,47.2,0,0,48.3,1,1,13086,1,9285,4886,3694,12249,2174,2145,7211,1587,2792,1,14058,14279,17789,4920,13962,9641,8263,5801,4413,10828,1922,1899,4254,2246,150,3043,1,28:19
2024-25,1642266,Ja'Kobe Walter,Ja'Kobe,1610612761,TOR,Toronto Raptors,0022401054,2025-03-26T00:00:00,TOR @ BKN,W,29.516666666666666,4.9,17.1,0.286,1.2,6.1,0.2,2.4,2.4,1.0,1.2,1.2,2.4,7.3,0.0,0.0,0.0,3.7,3.7,3.7,13.4,19.5,27.3,0,0,24.4,1,1,13086,1,8205,14722,5719,19630,13263,10443,13429,9221,11364,1,11664,21467,20916,3602,16469,12854,8263,815,8232,7239,14594,4102,16723,2246,150,18085,1,29:31
2024-25,1641730,Noah Clowney,Noah,1610612751,BKN,Brooklyn Nets,0022401054,2025-03-26T00:00:00,BKN vs. TOR,L,27.866666666666667,1.3,11.6,0.111,1.3,7.8,0.167,2.6,2.6,1.0,1.3,5.2,6.5,2.6,5.2,2.6,1.3,1.3,3.9,3.9,6.5,-28.4,24.5,0,0,24.5,1,13222,1,13222,9653,22408,14268,22520,12889,6898,14236,8843,11014,1,11235,10362,11254,14269,2142,4170,5683,5694,7528,6638,21077,23499,18574,2246,150,17975,1,27:52
2024-25,1631212,Peyton Watson,Peyton,1610612743,DEN,Denver Nuggets,0022401057,2025-03-26T00:00:00,DEN vs. MIL,W,34.0,6.4,8.5,0.75,0.0,0.0,0.0,0.0,0.0,0.0,1.1,6.4,7.4,2.1,0.0,0.0,3.2,0.0,1.1,0.0,12.7,15.9,34.3,0,0,28.6,1,1,13086,1,4265,10554,19529,2107,15070,20945,15070,13505,14344,13505,12801,7591,9351,15936,16469,12854,1499,8846,19349,17725,15384,5293,11587,2246,150,15000,1,34:00
2024-25,1629018,Gary Trent Jr.,Gary,1610612749,MIL,Milwaukee Bucks,0022401057,2025-03-26T00:00:00,MIL @ DEN,L,34.35,5.2,15.7,0.333,4.2,11.5,0.364,2.1,2.1,1.0,0.0,4.2,4.2,0.0,1.0,0.0,0.0,0.0,1.0,1.0,16.8,-5.2,20.8,0,0,25.2,1,13222,1,13222,3964,13695,7515,17395,3582,2081,9100,10309,12437,1,14058,13144,16832,19908,15506,12854,8263,8846,19420,17180,11106,15722,20816,2246,150,17560,1,34:21
2024-25,1630567,Scottie Barnes,Scottie,1610612761,TOR,Toronto Raptors,0022401054,2025-03-26T00:00:00,TOR @ BKN,W,28.166666666666668,7.7,21.7,0.353,0.0,1.3,0.0,3.8,3.8,1.0,2.6,6.4,8.9,6.4,5.1,0.0,1.3,1.3,0.0,2.6,19.2,29.4,38.2,0,0,37.1,1,1,13086,1,9408,7334,1943,17268,15070,20519,15070,6010,8168,1,6460,7523,6825,4866,2212,12854,5746,5764,20257,10776,8677,2050,8884,2246,150,8684,1,28:10
2024-25,1641737,Adem Bona,Adem,1610612755,PHI,Philadelphia 76ers,0022401053,2025-03-26T00:00:00,PHI vs. WAS,L,22.62,4.8,9.5,0.5,0.0,0.0,0.0,0.0,0.0,0.0,4.8,4.8,9.5,4.8,0.0,0.0,4.8,1.6,4.8,0.0,9.5,-6.4,42.5,0,0,33.4,1,13222,1,13222,14013,15037,17857,8526,15070,20945,15070,13505,14344,13505,2598,11500,5993,7989,16469,12854,586,4458,5123,17725,18591,16231,6374,2246,150,11299,1,22:37
2024-25,1629656,Quentin Grimes,Quentin,1610612755,PHI,Philadelphia 76ers,0022401053,2025-03-26T00:00:00,PHI vs. WAS,L,33.468333333333334,6.5,17.2,0.375,4.3,9.7,0.444,6.5,6.5,1.0,0.0,3.2,3.2,4.3,2.2,2.2,0.0,1.1,1.1,3.2,23.7,-18.3,38.3,0,0,39.8,1,13222,1,13222,4760,10303,5568,16299,3390,3881,7211,2448,3937,1,14058,15997,19157,9121,9723,5592,8263,7263,19239,8472,5007,21016,8834,2246,150,6894,1,33:28
2024-25,1631128,Christian Braun,Christian,1610612743,DEN,Denver Nuggets,0022401057,2025-03-26T00:00:00,DEN vs. MIL,W,37.695,7.6,14.3,0.533,2.9,5.7,0.5,0.0,0.0,0.0,3.8,5.7,9.6,5.7,0.0,1.9,0.0,1.9,2.9,0.0,18.1,12.4,43.9,1,0,40.1,1,1,13086,1,1578,7410,9650,8140,7005,11380,3944,13505,14344,13505,3855,8968,5992,5989,16469,6714,8263,3510,11339,17725,9684,6626,5705,1,150,6716,1,37:42
2024-25,1641738,Kobe Brown,Kobe,1610612746,LAC,LA Clippers,0022401056,2025-03-26T00:00:00,LAC @ NYK,W,0.75,0.0,0.0,0.0,0.0,0.0,0.0,0.0,0.0,0.0,0.0,0.0,0.0,0.0,0.0,0.0,0.0,0.0,0.0,0.0,0.0,96.0,0.0,0,0,0.0,1,1,13086,1,26144,22635,24836,22635,15070,20945,15070,13505,14344,13505,14058,22137,23286,19908,16469,12854,8263,8846,20257,17725,23200,87,25228,2246,150,25259,1,0:45
2024-25,201988,Patty Mills,Patty,1610612746,LAC,LA Clippers,0022401056,2025-03-26T00:00:00,LAC @ NYK,W,0.75,0.0,0.0,0.0,0.0,0.0,0.0,0.0,0.0,0.0,0.0,0.0,0.0,0.0,0.0,0.0,0.0,0.0,0.0,0.0,0.0,96.0,0.0,0,0,0.0,1,1,13086,1,26144,22635,24836,22635,15070,20945,15070,13505,14344,13505,14058,22137,23286,19908,16469,12854,8263,8846,20257,17725,23200,87,25228,2246,150,25259,1,0:45
2024-25,1630534,Ochai Agbaji,Ochai,1610612761,TOR,Toronto Raptors,0022401054,2025-03-26T00:00:00,TOR @ BKN,W,21.516666666666666,8.4,13.4,0.625,3.3,8.4,0.4,0.0,0.0,0.0,1.7,11.7,13.4,3.3,1.7,0.0,0.0,0.0,1.7,1.7,20.1,21.8,39.5,0,0,40.2,1,1,13086,1,14925,5864,11171,4899,5522,5802,7874,13505,14344,13505,9663,1521,2558,11827,12027,12854,8263,8846,16613,14354,7857,3517,8090,2246,150,6697,1,21:31
2024-25,1641767,Ben Sheppard,Ben,1610612754,IND,Indiana Pacers,0022401055,2025-03-26T00:00:00,IND vs. LAL,L,6.946666666666666,0.0,5.2,0.0,0.0,5.2,0.0,0.0,0.0,0.0,0.0,0.0,0.0,0.0,5.2,0.0,0.0,0.0,5.2,0.0,0.0,-119.2,-5.2,0,0,0.0,1,13222,1,13222,23203,22635,23334,22635,15070,12747,15070,13505,14344,13505,14058,22137,23286,19908,2132,12854,8263,8846,4228,17725,23200,26226,26175,2246,150,25259,1,6:57
2024-25,1630288,Jeff Dowtin Jr.,Jeff,1610612755,PHI,Philadelphia 76ers,0022401053,2025-03-26T00:00:00,PHI vs. WAS,L,27.933333333333334,6.4,12.9,0.5,1.3,3.9,0.333,0.0,0.0,0.0,0.0,1.3,1.3,3.9,0.0,0.0,0.0,0.0,1.3,0.0,14.2,-1.3,21.5,0,0,20.6,1,13222,1,13222,9595,10329,12061,8526,12901,15868,9209,13505,14344,13505,14058,21301,22823,10320,16469,12854,8263,8846,18078,17725,13754,13711,20398,2246,150,20504,1,27:56
2024-25,1629234,Drew Eubanks,Drew,1610612746,LAC,LA Clippers,0022401056,2025-03-26T00:00:00,LAC @ NYK,W,0.75,0.0,0.0,0.0,0.0,0.0,0.0,0.0,0.0,0.0,0.0,0.0,0.0,0.0,0.0,0.0,0.0,0.0,0.0,0.0,0.0,96.0,0.0,0,0,0.0,1,1,13086,1,26144,22635,24836,22635,15070,20945,15070,13505,14344,13505,14058,22137,23286,19908,16469,12854,8263,8846,20257,17725,23200,87,25228,2246,150,25259,1,0:45
2024-25,1641721,Maxwell Lewis,Maxwell,1610612751,BKN,Brooklyn Nets,0022401054,2025-03-26T00:00:00,BKN vs. TOR,L,24.316666666666666,3.0,10.4,0.286,1.5,4.4,0.333,0.0,0.0,0.0,3.0,3.0,5.9,1.5,4.4,1.5,0.0,3.0,1.5,0.0,7.4,-5.9,16.7,0,0,19.2,1,13222,1,13222,12630,19508,16439,19630,12117,14593,9209,13505,14344,13505,5434,16850,12476,18053,3092,8494,8263,1386,17300,17725,20405,16026,22585,2246,150,21270,1,24:19
2024-25,1629020,Jarred Vanderbilt,Jarred,1610612747,LAL,Los Angeles Lakers,0022401055,2025-03-26T00:00:00,LAL @ IND,W,16.1,0.0,2.2,0.0,0.0,2.2,0.0,0.0,0.0,0.0,4.5,8.9,13.4,6.7,0.0,0.0,0.0,0.0,8.9,0.0,0.0,53.7,26.2,0,0,20.1,1,1,13086,1,18858,22635,24708,22635,15070,19103,15070,13505,14344,13505,2957,3569,2537,4413,16469,12854,8263,8846,979,17725,23200,470,17503,2246,150,20781,1,16:06
2024-25,1628404,Josh Hart,Josh,1610612752,NYK,New York Knicks,0022401056,2025-03-26T00:00:00,NYK vs. LAC,L,33.56666666666667,3.2,9.7,0.333,0.0,4.3,0.0,1.1,3.2,0.333,1.1,4.3,5.4,6.4,0.0,0.0,0.0,1.1,3.2,3.2,7.5,7.5,23.6,0,0,19.3,1,13222,1,13222,4670,18956,17669,17395,15070,14939,15070,12993,9485,13132,12699,12836,13891,4805,16469,12854,8263,7287,9792,8497,20314,8879,19207,2246,150,21245,1,33:34
2024-25,203995,Vasilije Micić,Vasilije,1610612756,PHX,Phoenix Suns,0022401058,2025-03-26T00:00:00,PHX vs. BOS,L,3.8333333333333335,0.0,0.0,0.0,0.0,0.0,0.0,0.0,0.0,0.0,0.0,0.0,0.0,0.0,18.8,0.0,0.0,0.0,9.4,0.0,0.0,-28.2,-18.8,0,0,0.0,1,13222,1,13222,24568,22635,24836,22635,15070,20945,15070,13505,14344,13505,14058,22137,23286,19908,63,12854,8263,8846,842,17725,23200,23470,26275,2246,150,25259,1,3:50
2024-25,1626220,Royce O'Neale,Royce,1610612756,PHX,Phoenix Suns,0022401058,2025-03-26T00:00:00,PHX vs. BOS,L,16.233333333333334,0.0,6.7,0.0,0.0,6.7,0.0,0.0,0.0,0.0,0.0,6.7,6.7,0.0,2.2,0.0,2.2,0.0,6.7,0.0,0.0,-31.0,12.4,0,0,11.1,1,13222,1,13222,18766,22635,21949,22635,15070,9209,15070,13505,14344,13505,14058,6993,10842,19908,9442,12854,2912,8846,2264,17725,23200,23893,23918,2246,150,24201,1,16:14
2024-25,203992,Bogdan Bogdanović,Bogdan,1610612746,LAC,LA Clippers,0022401056,2025-03-26T00:00:00,LAC @ NYK,W,18.216666666666665,4.0,9.9,0.4,0.0,0.0,0.0,0.0,0.0,0.0,0.0,0.0,0.0,4.0,0.0,0.0,0.0,0.0,2.0,0.0,7.9,27.7,13.8,0,0,11.9,1,1,13086,1,17428,17203,17284,14933,15070,20945,15070,13505,14344,13505,14058,22137,23286,10063,16469,12854,8263,8846,15271,17725,19993,2314,23541,2246,150,24015,1,18:13
2024-25,1628418,Thomas Bryant,Thomas,1610612754,IND,Indiana Pacers,0022401055,2025-03-26T00:00:00,IND vs. LAL,L,1.8,0.0,0.0,0.0,0.0,0.0,0.0,0.0,0.0,0.0,0.0,0.0,0.0,0.0,0.0,0.0,0.0,0.0,0.0,0.0,0.0,-180.0,0.0,0,0,0.0,1,13222,1,13222,25607,22635,24836,22635,15070,20945,15070,13505,14344,13505,14058,22137,23286,19908,16469,12854,8263,8846,20257,17725,23200,26276,25228,2246,150,25259,1,1:48
2024-25,1629618,Jalen Pickett,Jalen,1610612743,DEN,Denver Nuggets,0022401057,2025-03-26T00:00:00,DEN vs. MIL,W,14.013333333333334,2.6,5.1,0.5,2.6,5.1,0.5,2.6,5.1,0.5,0.0,0.0,0.0,0.0,0.0,0.0,0.0,0.0,0.0,2.6,10.3,-7.7,10.3,0,0,12.8,1,1,13086,1,20194,20333,23369,8526,7919,12855,3944,8882,5695,10625,14058,22137,23286,19908,16469,12854,8263,8846,20257,10733,17877,16832,24370,2246,150,23762,1,14:01
2024-25,1629628,RJ Barrett,RJ,1610612761,TOR,Toronto Raptors,0022401054,2025-03-26T00:00:00,TOR @ BKN,W,28.35,6.3,16.5,0.385,1.3,5.1,0.25,5.1,6.3,0.8,1.3,6.3,7.6,6.3,1.3,0.0,0.0,0.0,2.5,5.1,19.0,21.6,36.4,0,0,34.3,1,1,13086,1,9255,10568,6412,16070,12980,13003,11902,3917,4067,7681,11362,7596,8936,4931,13969,12854,8263,8846,12636,3954,8804,3559,10062,2246,150,10617,1,28:21
2024-25,1630550,JT Thor,JT,1610612764,WAS,Washington Wizards,0022401053,2025-03-26T00:00:00,WAS @ PHI,W,20.30666666666667,3.5,7.1,0.5,0.0,1.8,0.0,0.0,3.5,0.0,3.5,3.5,7.1,1.8,0.0,0.0,1.8,0.0,0.0,3.5,7.1,-12.4,23.6,0,0,19.5,1,1,13086,1,15785,18214,21450,8526,15070,19957,15070,13505,8795,13505,4303,15098,9974,17160,16469,12854,4118,8846,20257,7541,20648,18906,19217,2246,150,21146,1,20:18
2024-25,1641817,Anton Watson,Anton,1610612752,NYK,New York Knicks,0022401056,2025-03-26T00:00:00,NYK vs. LAC,L,0.75,0.0,0.0,0.0,0.0,0.0,0.0,0.0,0.0,0.0,0.0,0.0,0.0,0.0,0.0,0.0,0.0,0.0,0.0,0.0,0.0,-96.0,0.0,0,0,0.0,1,13222,1,13222,26144,22635,24836,22635,15070,20945,15070,13505,14344,13505,14058,22137,23286,19908,16469,12854,8263,8846,20257,17725,23200,26122,25228,2246,150,25259,1,0:45
2024-25,1630699,MarJon Beauchamp,MarJon,1610612752,NYK,New York Knicks,0022401056,2025-03-26T00:00:00,NYK vs. LAC,L,0.75,0.0,48.0,0.0,0.0,0.0,0.0,0.0,0.0,0.0,0.0,0.0,0.0,0.0,0.0,0.0,0.0,0.0,0.0,0.0,0.0,-96.0,0.0,0,0,0.0,1,13222,1,13222,26144,22635,36,22635,15070,20945,15070,13505,14344,13505,14058,22137,23286,19908,16469,12854,8263,8846,20257,17725,23200,26122,25228,2246,150,25259,1,0:45
2024-25,1642461,Spencer Jones,Spencer,1610612743,DEN,Denver Nuggets,0022401057,2025-03-26T00:00:00,DEN vs. MIL,W,0.23666666666666666,0.0,0.0,0.0,0.0,0.0,0.0,0.0,0.0,0.0,0.0,0.0,0.0,0.0,0.0,0.0,0.0,0.0,0.0,0.0,0.0,0.0,0.0,0,0,0.0,1,1,13086,1,26258,22635,24836,22635,15070,20945,15070,13505,14344,13505,14058,22137,23286,19908,16469,12854,8263,8846,20257,17725,23200,12240,25228,2246,150,25259,1,0:14
2024-25,1630639,A.J. Lawson,A.J.,1610612761,TOR,Toronto Raptors,0022401054,2025-03-26T00:00:00,TOR @ BKN,W,15.85,2.3,13.6,0.167,0.0,9.1,0.0,0.0,0.0,0.0,0.0,6.8,6.8,0.0,0.0,0.0,0.0,2.3,2.3,0.0,4.5,2.3,12.7,0,0,11.4,1,1,13086,1,19029,20906,10779,21938,15070,4693,15070,13505,14344,13505,14058,6680,10497,19908,16469,12854,8263,2499,13770,17725,22272,11478,23839,2246,150,24144,1,15:51
2024-25,201587,Nicolas Batum,Nicolas,1610612746,LAC,LA Clippers,0022401056,2025-03-26T00:00:00,LAC @ NYK,W,17.643333333333334,4.1,4.1,1.0,4.1,4.1,1.0,0.0,0.0,0.0,0.0,2.0,2.0,0.0,0.0,0.0,4.1,0.0,2.0,0.0,12.2,36.7,26.9,0,0,26.5,1,1,13086,1,17836,16891,24055,1,3827,15396,1,13505,14344,13505,14058,19528,21718,19908,16469,12854,875,8846,14915,17725,15881,1220,16999,2246,150,16522,1,17:39
2024-25,1627826,Ivica Zubac,Ivica,1610612746,LAC,LA Clippers,0022401056,2025-03-26T00:00:00,LAC @ NYK,W,30.516666666666666,8.3,17.7,0.467,0.0,0.0,0.0,4.7,7.1,0.667,7.1,4.7,11.8,2.4,2.4,2.4,2.4,0.0,2.4,3.5,21.2,-4.7,50.7,1,0,44.8,1,1,13086,1,7300,6069,5020,12249,15070,20945,15070,4487,3293,9425,1112,11652,3674,15019,8817,4835,2626,8846,13398,7565,6897,15429,3066,1,150,4343,1,30:31
2024-25,1641775,Jordan Walsh,Jordan,1610612738,BOS,Boston Celtics,0022401058,2025-03-26T00:00:00,BOS @ PHX,W,6.433333333333334,0.0,11.2,0.0,0.0,5.6,0.0,0.0,0.0,0.0,0.0,5.6,5.6,0.0,5.6,0.0,5.6,0.0,0.0,0.0,0.0,-16.8,17.9,0,0,16.8,1,1,13086,1,23394,22635,15036,22635,15070,11735,15070,13505,14344,13505,14058,9304,13296,19908,1728,12854,379,8846,20257,17725,23200,20543,22136,2246,150,22388,1,6:26
2024-25,1631097,Bennedict Mathurin,Bennedict,1610612754,IND,Indiana Pacers,0022401055,2025-03-26T00:00:00,IND vs. LAL,L,30.116666666666667,8.4,19.1,0.438,2.4,6.0,0.4,8.4,9.6,0.875,0.0,6.0,6.0,2.4,1.2,0.0,0.0,2.4,1.2,9.6,27.5,-6.0,37.1,0,0,38.3,1,13222,1,13222,7664,5862,3641,13558,8518,10751,7874,1244,1566,6931,14058,8388,12347,14910,14476,12854,8263,2246,18559,506,2980,16045,9657,2246,150,7865,1,30:07
2024-25,1629645,Kevin Porter Jr.,Kevin,1610612749,MIL,Milwaukee Bucks,0022401057,2025-03-26T00:00:00,MIL @ DEN,L,29.666666666666668,6.1,18.2,0.333,0.0,4.9,0.0,2.4,2.4,1.0,0.0,8.5,8.5,9.7,4.9,0.0,0.0,1.2,1.2,3.6,14.6,-20.6,34.5,0,0,32.8,1,13222,1,13222,8079,11321,4456,17395,15070,13550,15070,9250,11397,1,14058,4060,7474,1586,2515,12854,8263,6163,18456,7282,13335,21733,11474,2246,150,11828,1,29:40
2024-25,201566,Russell Westbrook,Russell,1610612743,DEN,Denver Nuggets,0022401057,2025-03-26T00:00:00,DEN vs. MIL,W,23.788333333333334,3.0,13.6,0.222,1.5,9.1,0.167,1.5,6.1,0.25,0.0,3.0,3.0,9.1,1.5,1.5,0.0,0.0,3.0,3.0,9.1,-1.5,29.4,0,0,25.7,1,1,13086,1,13085,19367,10797,21205,11986,4700,14236,11767,4400,13358,14058,16628,19645,1953,12687,8354,8263,8846,10596,9140,18998,13806,15240,2246,150,17125,1,23:47
2024-25,1642278,Tyler Kolek,Tyler,1610612752,NYK,New York Knicks,0022401056,2025-03-26T00:00:00,NYK vs. LAC,L,18.5,0.0,5.8,0.0,0.0,3.9,0.0,0.0,3.9,0.0,1.9,0.0,1.9,13.6,1.9,0.0,0.0,1.9,3.9,3.9,0.0,-27.2,20.8,0,0,15.6,1,13222,1,13222,17195,22635,22774,22635,15070,15813,15070,13505,8051,13505,8638,22137,21917,429,10811,12854,8263,3399,7467,6586,23200,23284,20779,2246,150,22859,1,18:30
2024-25,1630215,Jared Butler,Jared,1610612755,PHI,Philadelphia 76ers,0022401053,2025-03-26T00:00:00,PHI vs. WAS,L,25.566666666666666,7.0,14.1,0.5,5.6,9.9,0.571,0.0,0.0,0.0,1.4,5.6,7.0,5.6,0.0,0.0,0.0,0.0,2.8,0.0,19.7,1.4,36.6,0,0,38.0,1,13222,1,13222,11516,8835,10039,8526,1637,3654,3506,13505,14344,13505,10714,9215,10081,6185,16469,12854,8263,8846,11568,17725,8144,11914,9948,2246,150,8019,1,25:34
2024-25,1630169,Tyrese Haliburton,Tyrese,1610612754,IND,Indiana Pacers,0022401055,2025-03-26T00:00:00,IND vs. LAL,L,31.73,7.9,18.2,0.438,1.1,10.2,0.111,1.1,1.1,1.0,0.0,0.0,0.0,20.4,1.1,2.3,1.1,0.0,2.3,2.3,18.2,7.9,57.9,1,0,46.5,1,13222,1,13222,6218,6750,4499,13558,13742,3261,15003,12802,13986,1,14058,22137,23286,75,14909,5149,6577,8846,13783,11864,9670,8662,1493,1,150,3655,1,31:44
2024-25,1626167,Myles Turner,Myles,1610612754,IND,Indiana Pacers,0022401055,2025-03-26T00:00:00,IND vs. LAL,L,35.096666666666664,6.2,9.2,0.667,4.1,5.1,0.8,0.0,0.0,0.0,0.0,12.3,12.3,1.0,1.0,1.0,1.0,0.0,4.1,2.1,16.4,10.3,37.8,1,0,38.0,1,13222,1,13222,3392,11085,18355,3281,3780,12884,1389,13505,14344,13505,14058,1225,3261,19602,15667,11709,7307,8846,6830,12840,11489,7581,9127,1,150,8060,1,35:06
2024-25,1630533,Ziaire Williams,Ziaire,1610612751,BKN,Brooklyn Nets,0022401054,2025-03-26T00:00:00,BKN vs. TOR,L,26.9,5.4,18.7,0.286,2.7,12.0,0.222,4.0,4.0,1.0,1.3,6.7,8.0,1.3,0.0,1.3,0.0,0.0,1.3,4.0,17.4,-37.5,33.1,0,0,32.1,1,13222,1,13222,10417,13393,3992,19630,7603,1754,13288,5671,7811,1,11021,6902,8213,18539,16469,9251,8263,8846,17868,6267,10432,24653,12548,2246,150,12282,1,26:54
2024-25,1630573,Sam Hauser,Sam,1610612738,BOS,Boston Celtics,0022401058,2025-03-26T00:00:00,BOS @ PHX,W,20.666666666666668,7.0,8.7,0.8,5.2,7.0,0.75,0.0,0.0,0.0,0.0,5.2,5.2,5.2,0.0,5.2,0.0,0.0,1.7,1.7,19.2,17.4,48.9,0,0,45.3,1,1,13086,1,15515,8999,19167,1688,2025,8521,1542,13505,14344,13505,14058,10223,14220,6991,16469,776,8263,8846,16409,14142,8683,4767,3640,2246,150,4109,1,20:40
2024-25,1631221,Collin Gillespie,Collin,1610612756,PHX,Phoenix Suns,0022401058,2025-03-26T00:00:00,PHX vs. BOS,L,15.966666666666667,4.5,11.3,0.4,2.3,6.8,0.333,0.0,0.0,0.0,2.3,0.0,2.3,0.0,0.0,0.0,0.0,0.0,6.8,0.0,11.3,-31.6,14.0,0,0,15.8,1,13222,1,13222,18951,15747,14880,14933,9033,8973,9209,13505,14344,13505,7395,22137,21303,19908,16469,12854,8263,8846,2172,17725,16920,23976,23507,2246,150,22793,1,15:58
2024-25,1629614,Andrew Nembhard,Andrew,1610612754,IND,Indiana Pacers,0022401055,2025-03-26T00:00:00,IND vs. LAL,L,39.303333333333335,5.5,8.2,0.667,0.9,1.8,0.5,2.7,2.7,1.0,2.7,3.7,6.4,2.7,0.9,0.9,0.0,0.9,0.0,2.7,14.7,12.8,28.3,0,0,26.6,1,13222,1,13222,778,12996,19880,3281,14915,19864,3944,8464,10615,1,5986,14747,11366,13763,16296,12591,8263,8579,20257,10166,13242,6461,15989,2246,150,16490,1,39:18
2024-25,1630167,Obi Toppin,Obi,1610612754,IND,Indiana Pacers,0022401055,2025-03-26T00:00:00,IND vs. LAL,L,18.966666666666665,7.6,13.3,0.571,3.8,9.5,0.4,0.0,1.9,0.0,1.9,1.9,3.8,0.0,0.0,0.0,0.0,0.0,1.9,1.9,19.0,-11.4,23.5,0,0,26.6,1,13222,1,13222,16851,7532,11324,6538,4451,4122,7874,13505,12984,13505,8821,19979,17829,19908,16469,12854,8263,8846,15682,13520,8877,18476,19238,2246,150,16486,1,18:58
2024-25,1642347,Jamal Shead,Jamal,1610612761,TOR,Toronto Raptors,0022401054,2025-03-26T00:00:00,TOR @ BKN,W,24.4,3.0,11.8,0.25,3.0,7.4,0.4,1.5,3.0,0.5,3.0,4.4,7.4,11.8,1.5,4.4,0.0,1.5,4.4,5.9,10.3,19.2,48.7,0,0,41.3,1,1,13086,1,12564,19528,13924,20233,6672,7668,7874,11839,10092,10625,5453,12463,9417,760,12874,1280,8263,4862,5949,2739,17831,4207,3748,2246,150,6019,1,24:24
2024-25,1641741,Ricky Council IV,Ricky,1610612755,PHI,Philadelphia 76ers,0022401053,2025-03-26T00:00:00,PHI vs. WAS,L,33.58166666666666,4.3,15.0,0.286,1.1,8.6,0.125,4.3,7.5,0.571,1.1,5.4,6.4,3.2,0.0,0.0,1.1,1.1,4.3,6.4,13.9,2.1,29.7,0,0,26.8,1,13222,1,13222,4663,16354,8599,19630,14116,5453,14886,5178,2905,10536,12701,9869,11313,12244,16469,12854,6969,7292,6322,2146,14005,11545,15033,2246,150,16323,1,33:35
2024-25,1630592,Jalen Wilson,Jalen,1610612751,BKN,Brooklyn Nets,0022401054,2025-03-26T00:00:00,BKN vs. TOR,L,26.666666666666668,4.1,9.5,0.429,0.0,2.7,0.0,5.4,5.4,1.0,0.0,5.4,5.4,0.0,2.7,0.0,1.3,0.0,4.1,4.1,13.5,-17.6,21.3,0,0,21.6,1,13222,1,13222,10590,16975,18041,13735,15070,18262,15070,3529,5313,1,14058,9783,13812,19908,7537,12854,5443,8846,7002,6170,14501,20796,20512,2246,150,19898,1,26:40
2024-25,1627752,Taurean Prince,Taurean,1610612749,MIL,Milwaukee Bucks,0022401057,2025-03-26T00:00:00,MIL @ DEN,L,32.68333333333333,6.6,9.9,0.667,3.3,4.4,0.75,0.0,0.0,0.0,0.0,0.0,0.0,5.5,0.0,1.1,0.0,0.0,0.0,0.0,16.5,-4.4,28.1,0,0,27.5,1,13222,1,13222,5409,9907,17218,3281,5647,14668,1542,13505,14344,13505,14058,22137,23286,6409,16469,11009,8263,8846,20257,17725,11372,15275,16149,2246,150,15764,1,32:41
2024-25,1628436,Luke Kornet,Luke,1610612738,BOS,Boston Celtics,0022401058,2025-03-26T00:00:00,BOS @ PHX,W,18.35,2.0,5.9,0.333,0.0,0.0,0.0,0.0,0.0,0.0,0.0,9.8,9.8,0.0,0.0,0.0,3.9,0.0,0.0,0.0,3.9,29.4,27.5,0,0,21.6,1,1,13086,1,17317,21472,22725,17395,15070,20945,15070,13505,14344,13505,14058,2720,5665,19908,16469,12854,960,8846,20257,17725,22585,2046,16614,2246,150,19912,1,18:21
2024-25,1626145,Tyus Jones,Tyus,1610612756,PHX,Phoenix Suns,0022401058,2025-03-26T00:00:00,PHX vs. BOS,L,21.10333333333333,5.1,8.5,0.6,3.4,6.8,0.5,0.0,0.0,0.0,0.0,6.8,6.8,8.5,0.0,1.7,0.0,0.0,1.7,0.0,13.6,-13.6,39.7,0,0,35.8,1,13222,1,13222,15226,14038,19448,5394,5358,8844,3944,13505,14344,13505,14058,6672,10482,2398,16469,7586,8263,8846,16518,17725,14327,19362,7922,2246,150,9502,1,21:06
2024-25,1630208,Nick Richards,Nick,1610612756,PHX,Phoenix Suns,0022401058,2025-03-26T00:00:00,PHX vs. BOS,L,18.816666666666666,9.6,13.4,0.714,0.0,0.0,0.0,0.0,0.0,0.0,3.8,3.8,7.7,0.0,3.8,0.0,0.0,3.8,1.9,0.0,19.1,-36.4,24.5,0,0,26.8,1,13222,1,13222,16954,3782,11159,2752,15070,20945,15070,13505,14344,13505,3844,14246,8872,19908,4247,12854,8263,718,15605,17725,8713,24554,18622,2246,150,16335,1,18:49
2024-25,1627884,Derrick Jones Jr.,Derrick,1610612746,LAC,LA Clippers,0022401056,2025-03-26T00:00:00,LAC @ NYK,W,17.843333333333334,10.1,16.1,0.625,2.0,6.1,0.333,2.0,2.0,1.0,4.0,8.1,12.1,0.0,0.0,0.0,2.0,0.0,2.0,2.0,24.2,48.4,44.8,0,0,42.4,1,1,13086,1,17676,3128,6914,4899,10088,10562,9209,10583,12673,1,3554,4606,3414,19908,16469,12854,3434,8846,15048,12997,4670,592,5286,2246,150,5466,1,17:51
2024-25,203932,Aaron Gordon,Aaron,1610612743,DEN,Denver Nuggets,0022401057,2025-03-26T00:00:00,DEN vs. MIL,W,18.533333333333335,5.8,11.7,0.5,1.9,3.9,0.5,0.0,0.0,0.0,0.0,3.9,3.9,1.9,3.9,0.0,0.0,0.0,5.8,0.0,13.6,-1.9,17.3,0,0,21.4,1,1,13086,1,17163,12032,14207,8526,10444,15831,3944,13505,14344,13505,14058,14070,17605,16592,4114,12854,8263,8846,3180,17725,14383,14010,22381,2246,150,20059,1,18:32
2024-25,201950,Jrue Holiday,Jrue,1610612738,BOS,Boston Celtics,0022401058,2025-03-26T00:00:00,BOS @ PHX,W,29.5,7.3,12.2,0.6,2.4,6.1,0.4,2.4,2.4,1.0,0.0,2.4,2.4,3.7,0.0,1.2,0.0,0.0,1.2,2.4,19.5,34.2,31.6,0,0,30.5,1,1,13086,1,8222,8179,13258,5394,8344,10436,7874,9218,11359,1,14058,18358,20915,10897,16469,10014,8263,8846,18422,11199,8341,1484,13608,2246,150,13541,1,29:30
2024-25,1628401,Derrick White,Derrick,1610612738,BOS,Boston Celtics,0022401058,2025-03-26T00:00:00,BOS @ PHX,W,31.216666666666665,5.8,12.7,0.455,4.6,11.5,0.4,2.3,2.3,1.0,0.0,4.6,4.6,8.1,2.3,0.0,0.0,0.0,4.6,2.3,18.5,39.2,33.8,0,0,35.8,1,1,13086,1,6684,12215,12409,12676,2868,2079,7874,9597,11755,1,14058,11954,15791,2815,9037,12854,8263,8846,5511,11716,9366,1027,11984,2246,150,9546,1,31:13
2024-25,1627732,Ben Simmons,Ben,1610612746,LAC,LA Clippers,0022401056,2025-03-26T00:00:00,LAC @ NYK,W,16.183333333333334,2.2,8.9,0.25,0.0,0.0,0.0,0.0,0.0,0.0,4.4,13.3,17.8,4.4,0.0,0.0,0.0,2.2,4.4,0.0,4.4,42.3,32.5,0,0,26.7,1,1,13086,1,18806,20993,18869,20233,15070,20945,15070,13505,14344,13505,2981,913,945,8768,16469,12854,8263,2592,5890,17725,22320,819,12960,2246,150,16405,1,16:11
2024-25,1630559,Austin Reaves,Austin,1610612747,LAL,Los Angeles Lakers,0022401055,2025-03-26T00:00:00,LAL @ IND,W,36.2,8.0,15.9,0.5,1.0,8.0,0.125,7.0,7.0,1.0,1.0,3.0,4.0,5.0,4.0,1.0,0.0,0.0,3.0,4.0,23.9,6.0,35.1,0,0,35.8,1,1,13086,1,2532,6721,7239,8526,14582,6527,14886,2029,3399,1,13308,16792,17366,7535,3923,12007,8263,8846,10798,6367,4896,9636,10989,2246,150,9513,1,36:12
2024-25,203486,Mason Plumlee,Mason,1610612756,PHX,Phoenix Suns,0022401058,2025-03-26T00:00:00,PHX vs. BOS,L,10.75,0.0,6.7,0.0,0.0,0.0,0.0,0.0,0.0,0.0,3.3,13.4,16.7,6.7,3.3,0.0,3.3,0.0,6.7,0.0,0.0,3.3,36.8,0,0,30.1,1,13222,1,13222,21825,22635,21895,22635,15070,20945,15070,13505,14344,13505,4640,899,1189,4433,5358,12854,1350,8846,2220,17725,23200,10949,9810,2246,150,13842,1,10:45
2024-25,1629637,Jaxson Hayes,Jaxson,1610612747,LAL,Los Angeles Lakers,0022401055,2025-03-26T00:00:00,LAL @ IND,W,18.2,11.9,11.9,1.0,0.0,0.0,0.0,2.0,5.9,0.333,0.0,4.0,4.0,2.0,2.0,0.0,2.0,0.0,5.9,4.0,25.7,-25.7,37.4,0,0,35.6,1,1,13086,1,17440,1603,13824,1,15070,20945,15070,10718,4564,13132,14058,13852,17424,16451,10623,12854,3543,8846,3033,6436,3816,22962,9418,2246,150,9659,1,18:12
2024-25,1628998,Cody Martin,Cody,1610612756,PHX,Phoenix Suns,0022401058,2025-03-26T00:00:00,PHX vs. BOS,L,13.151666666666667,8.2,24.6,0.333,2.7,19.2,0.143,2.7,2.7,1.0,2.7,0.0,2.7,2.7,2.7,0.0,0.0,2.7,0.0,2.7,21.9,-8.2,26.6,0,0,30.1,1,13222,1,13222,20671,6189,903,17395,7428,278,14649,8494,10651,1,6018,22137,20381,13803,7421,12854,8263,1691,20257,10208,6287,17056,17256,2246,150,13860,1,13:09
2024-25,1629216,Gabe Vincent,Gabe,1610612747,LAL,Los Angeles Lakers,0022401055,2025-03-26T00:00:00,LAL @ IND,W,22.133333333333333,3.3,9.8,0.333,3.3,8.1,0.4,0.0,0.0,0.0,0.0,1.6,1.6,0.0,1.6,1.6,0.0,1.6,3.3,1.6,9.8,-13.0,15.0,0,0,17.9,1,1,13086,1,14393,18877,17450,17395,5804,6212,7874,13505,14344,13505,14058,20621,22407,19908,12231,7898,8263,4369,9641,14538,18384,19135,23189,2246,150,21917,1,22:08
2024-25,1631306,Cole Swider,Cole,1610612761,TOR,Toronto Raptors,0022401054,2025-03-26T00:00:00,TOR @ BKN,W,19.7,5.5,12.8,0.429,1.8,7.3,0.25,0.0,1.8,0.0,0.0,5.5,5.5,0.0,0.0,1.8,0.0,0.0,3.7,1.8,12.8,23.8,24.9,0,0,23.8,1,1,13086,1,16262,13029,12231,13735,10957,7797,11902,13505,13154,13505,14058,9576,13581,19908,16469,7123,8263,8846,8244,13818,15302,3078,18388,2246,150,18491,1,19:42
2024-25,1627739,Kris Dunn,Kris,1610612746,LAC,LA Clippers,0022401056,2025-03-26T00:00:00,LAC @ NYK,W,28.873333333333335,3.7,10.0,0.375,1.2,6.2,0.2,2.5,2.5,1.0,0.0,3.7,3.7,7.5,0.0,0.0,0.0,0.0,5.0,1.2,11.2,-5.0,26.9,0,0,23.7,1,1,13086,1,8792,17732,17098,16299,13116,10123,13429,9066,11225,1,14058,14495,17959,3423,16469,12854,8263,8846,4633,16144,16978,15583,17002,2246,150,18547,1,28:52
2024-25,1626156,D'Angelo Russell,D'Angelo,1610612751,BKN,Brooklyn Nets,0022401054,2025-03-26T00:00:00,BKN vs. TOR,L,25.116666666666667,2.9,11.5,0.25,1.4,10.0,0.143,0.0,0.0,0.0,0.0,7.2,7.2,2.9,5.7,0.0,0.0,0.0,2.9,0.0,7.2,-30.1,14.3,0,0,18.6,1,13222,1,13222,11895,19739,14529,20233,12320,3454,14649,13505,14344,13505,14058,6065,9820,13387,1618,12854,8263,8846,11331,17725,20581,23753,23390,2246,150,21560,1,25:07
2024-25,1626153,Delon Wright,Delon,1610612752,NYK,New York Knicks,0022401056,2025-03-26T00:00:00,NYK vs. LAC,L,12.0,0.0,3.0,0.0,0.0,0.0,0.0,0.0,0.0,0.0,0.0,0.0,0.0,9.0,0.0,0.0,0.0,3.0,3.0,0.0,0.0,-9.0,13.5,0,0,9.0,1,13222,1,13222,21228,22635,24488,22635,15070,20945,15070,13505,14344,13505,14058,22137,23286,2013,16469,12854,8263,1329,10710,17725,23200,17421,23634,2246,150,24606,1,12:00
2024-25,1641732,Colby Jones,Colby,1610612764,WAS,Washington Wizards,0022401053,2025-03-26T00:00:00,WAS @ PHI,W,27.65,3.9,9.1,0.429,2.6,5.2,0.5,0.0,5.2,0.0,1.3,3.9,5.2,2.6,1.3,0.0,1.3,0.0,0.0,3.9,10.4,-6.5,23.2,0,0,23.4,1,1,13086,1,9830,17304,18534,13735,7814,12686,3944,13505,5598,13505,11192,14004,14259,14201,13789,12854,5636,8846,20257,6546,17739,16298,19447,2246,150,18710,1,27:39
2024-25,1630762,Phillip Wheeler,Phillip,1610612755,PHI,Philadelphia 76ers,0022401053,2025-03-26T00:00:00,PHI vs. WAS,L,15.466666666666667,4.7,20.9,0.222,0.0,11.6,0.0,0.0,0.0,0.0,2.3,7.0,9.3,4.7,0.0,0.0,0.0,2.3,0.0,0.0,9.3,23.3,27.5,0,0,23.3,1,13222,1,13222,19270,15347,2371,21205,15070,2008,15070,13505,14344,13505,7157,6389,6304,8288,16469,12854,8263,2377,20257,17725,18803,3202,16615,2246,150,18818,1,15:28
2024-25,1630542,Marcus Bagley,Marcus,1610612755,PHI,Philadelphia 76ers,0022401053,2025-03-26T00:00:00,PHI vs. WAS,L,18.55,1.9,5.8,0.333,0.0,3.9,0.0,3.9,3.9,1.0,0.0,7.8,7.8,1.9,0.0,0.0,0.0,0.0,3.9,1.9,7.8,-25.2,20.0,0,0,17.5,1,13222,1,13222,17147,21512,22790,17395,15070,15846,15070,5908,8073,1,14058,5060,8690,16602,16469,12854,8263,8846,7505,13358,20114,22858,21178,2246,150,22092,1,18:33
2024-25,1629029,Luka Dončić,Luka,1610612747,LAL,Los Angeles Lakers,0022401055,2025-03-26T00:00:00,LAL @ IND,W,37.97,10.4,19.9,0.524,5.7,9.5,0.6,5.7,6.6,0.857,0.0,6.6,6.6,6.6,2.8,0.0,0.9,0.0,1.9,4.7,32.2,-15.2,50.2,0,0,53.1,1,1,13086,1,1400,2787,3027,8439,1568,4134,2992,3192,3722,7071,14058,7024,10874,4524,7044,12854,7843,8846,15703,4637,1476,19964,3225,2246,150,1787,1,37:58
2024-25,1631157,Ryan Rollins,Ryan,1610612749,MIL,Milwaukee Bucks,0022401057,2025-03-26T00:00:00,MIL @ DEN,L,18.333333333333332,13.7,17.7,0.778,3.9,5.9,0.667,2.0,5.9,0.333,0.0,2.0,2.0,5.9,0.0,3.9,0.0,2.0,7.9,5.9,33.4,13.7,56.4,0,0,53.0,1,13222,1,13222,17330,777,5045,1994,4140,10968,1957,10765,4615,13132,14058,19782,21874,5681,16469,1707,8263,3341,1424,2756,1245,6105,1752,2246,150,1795,1,18:20
2024-25,201143,Al Horford,Al,1610612738,BOS,Boston Celtics,0022401058,2025-03-26T00:00:00,BOS @ PHX,W,26.3,6.8,13.7,0.5,2.7,9.6,0.286,5.5,5.5,1.0,5.5,8.2,13.7,6.8,0.0,1.4,2.7,0.0,1.4,2.7,21.9,32.9,60.9,1,0,53.4,1,1,13086,1,10902,9313,10672,8526,7426,3999,11433,3440,5219,1,1960,4404,2388,4221,16469,9085,2033,8846,17749,10200,6286,1639,1082,1,150,1727,1,26:18
2024-25,1629651,Nic Claxton,Nic,1610612751,BKN,Brooklyn Nets,0022401054,2025-03-26T00:00:00,BKN vs. TOR,L,29.2,12.3,17.3,0.714,0.0,0.0,0.0,2.5,4.9,0.5,7.4,6.2,13.6,1.2,3.7,0.0,6.2,0.0,2.5,8.6,27.1,-19.7,60.0,1,0,54.2,1,13222,1,13222,8496,1338,5498,2752,15070,20945,15070,9149,6062,10625,996,7981,2458,18905,4557,12854,283,8846,12925,778,3151,21469,1189,1,150,1582,1,29:12
2024-25,203999,Nikola Jokić,Nikola,1610612743,DEN,Denver Nuggets,0022401057,2025-03-26T00:00:00,DEN vs. MIL,W,38.1,15.1,23.6,0.64,2.8,5.7,0.5,3.8,6.6,0.571,1.9,7.6,9.4,9.4,2.8,0.0,0.0,1.9,1.9,4.7,36.9,13.2,59.5,1,1,58.6,1,1,13086,1,1325,472,1183,4685,7106,11528,3944,6127,3751,10536,8861,5392,6116,1727,7096,12854,8263,3591,15746,4673,714,6296,1253,1,1,952,1,38:06
2024-25,204001,Kristaps Porziņģis,Kristaps,1610612738,BOS,Boston Celtics,0022401058,2025-03-26T00:00:00,BOS @ PHX,W,28.831666666666667,12.5,18.7,0.667,5.0,6.2,0.8,7.5,10.0,0.75,5.0,5.0,10.0,2.5,2.5,0.0,2.5,0.0,3.7,8.7,37.5,33.7,58.2,0,0,59.9,1,1,13086,1,8822,1251,3995,3281,2276,10094,1389,1674,1377,8186,2383,10895,5441,14551,8253,12854,2380,8846,7927,741,657,1546,1454,2246,150,833,1,28:50
2024-25,1631115,Orlando Robinson,Orlando,1610612761,TOR,Toronto Raptors,0022401054,2025-03-26T00:00:00,TOR @ BKN,W,24.083333333333332,14.9,20.9,0.714,1.5,1.5,1.0,3.0,3.0,1.0,3.0,14.9,17.9,4.5,3.0,0.0,1.5,1.5,6.0,1.5,34.4,7.5,64.1,1,0,61.3,1,1,13086,1,12811,498,2386,2752,12057,20278,1,7842,10005,1,5370,582,921,8695,6526,12854,4876,4795,2976,15024,1062,8891,769,1,150,710,1,24:05
2024-25,1630551,Justin Champagnie,Justin,1610612764,WAS,Washington Wizards,0022401053,2025-03-26T00:00:00,WAS @ PHI,W,21.816666666666666,11.6,19.8,0.583,6.6,9.9,0.667,0.0,0.0,0.0,6.6,9.9,16.5,1.7,1.7,1.7,0.0,0.0,0.0,0.0,29.7,28.1,55.3,1,0,57.8,1,1,13086,1,14648,1837,3110,6296,945,3606,1957,13505,14344,13505,1324,2655,1267,17504,12135,7812,8263,8846,20257,17725,2193,2260,1937,1,150,1056,1,21:49
2024-25,1629008,Michael Porter Jr.,Michael,1610612743,DEN,Denver Nuggets,0022401057,2025-03-26T00:00:00,DEN vs. MIL,W,33.666666666666664,7.5,9.6,0.778,6.4,8.6,0.75,3.2,4.3,0.75,1.1,9.6,10.7,4.3,2.1,3.2,0.0,0.0,1.1,2.1,24.6,11.8,51.3,1,0,52.4,1,1,13086,1,4576,7799,17719,1994,1045,5490,1542,7312,7250,8186,12718,2896,4705,9189,9787,2721,8263,8846,19277,12443,4428,6907,2889,1,150,1946,1,33:40
2024-25,1626157,Karl-Anthony Towns,Karl-Anthony,1610612752,NYK,New York Knicks,0022401056,2025-03-26T00:00:00,NYK vs. LAC,L,38.61666666666667,10.3,18.6,0.55,3.7,6.5,0.571,7.5,9.3,0.8,0.9,12.1,13.1,3.7,3.7,1.9,0.0,0.9,1.9,6.5,31.7,1.9,54.8,1,0,55.9,1,13222,1,13222,1053,2960,4075,7655,4630,9487,3506,1699,1698,7681,13761,1303,2769,10714,4488,6955,8263,8476,15869,2048,1583,11701,2028,1,150,1320,1,38:37
2024-25,1642259,Alex Sarr,Alex,1610612764,WAS,Washington Wizards,0022401053,2025-03-26T00:00:00,WAS @ PHI,W,30.826666666666668,11.7,19.9,0.588,4.7,8.2,0.571,0.0,0.0,0.0,4.7,3.5,8.2,2.3,3.5,1.2,2.3,0.0,2.3,3.5,28.0,9.3,48.3,0,0,50.2,1,1,13086,1,7022,1732,3058,6229,2780,6131,3506,13505,14344,13505,2716,15235,7973,15099,5002,10447,2675,8846,13501,7650,2772,8021,3865,2246,150,2476,1,30:50
2024-25,1630173,Precious Achiuwa,Precious,1610612752,NYK,New York Knicks,0022401056,2025-03-26T00:00:00,NYK vs. LAC,L,7.966666666666667,9.0,13.6,0.667,0.0,0.0,0.0,9.0,9.0,1.0,4.5,9.0,13.6,0.0,0.0,0.0,0.0,0.0,0.0,4.5,27.1,9.0,43.4,0,0,40.7,1,13222,1,13222,22821,4632,10906,3281,15070,20945,15070,990,1844,1,2902,3476,2460,19908,16469,12854,8263,8846,20257,5095,3156,8162,5943,2246,150,6400,1,7:58
2024-25,1629626,Bol Bol,Bol,1610612756,PHX,Phoenix Suns,0022401058,2025-03-26T00:00:00,PHX vs. BOS,L,6.433333333333334,16.8,16.8,1.0,11.2,11.2,1.0,0.0,0.0,0.0,0.0,5.6,5.6,0.0,0.0,5.6,5.6,0.0,0.0,0.0,44.8,16.8,85.1,0,0,83.9,1,13222,1,13222,23394,296,6059,1,151,2341,1,13505,14344,13505,14058,9304,13296,19908,16469,604,379,8846,20257,17725,263,4973,137,2246,150,123,1,6:26
2024-25,202695,Kawhi Leonard,Kawhi,1610612746,LAC,LA Clippers,0022401056,2025-03-26T00:00:00,LAC @ NYK,W,40.64,8.9,15.9,0.556,1.8,5.3,0.333,4.4,4.4,1.0,1.8,7.1,8.9,6.2,0.0,0.0,0.0,0.0,2.7,2.7,23.9,0.0,43.8,1,0,40.7,1,1,13086,1,427,4958,7191,7248,11184,12426,9209,4944,6979,1,9350,6205,6941,5161,16469,12854,8263,8846,12212,10451,4862,12240,5742,1,150,6366,1,40:38
2024-25,1629673,Jordan Poole,Jordan,1610612764,WAS,Washington Wizards,0022401053,2025-03-26T00:00:00,WAS @ PHI,W,22.166666666666668,11.4,19.5,0.583,6.5,11.4,0.571,0.0,0.0,0.0,0.0,3.2,3.2,11.4,1.6,0.0,0.0,3.2,0.0,1.6,29.2,32.5,48.6,0,0,50.3,1,1,13086,1,14372,1958,3352,6296,1006,2197,3506,13505,14344,13505,14058,15938,19111,875,12238,12854,8263,1103,20257,14544,2366,1675,3785,2246,150,2436,1,22:10
2024-25,1628420,Monté Morris,Monté,1610612756,PHX,Phoenix Suns,0022401058,2025-03-26T00:00:00,PHX vs. BOS,L,6.116666666666666,0.0,17.7,0.0,0.0,11.8,0.0,11.8,11.8,1.0,5.9,5.9,11.8,5.9,5.9,5.9,0.0,5.9,0.0,5.9,11.8,17.7,46.5,0,0,41.2,1,13222,1,13222,23559,22635,5063,22635,15070,1914,15070,366,815,1,1680,8575,3694,5691,1469,505,8263,228,20257,2768,16375,4688,4533,2246,150,6077,1,6:07
2024-25,201142,Kevin Durant,Kevin,1610612756,PHX,Phoenix Suns,0022401058,2025-03-26T00:00:00,PHX vs. BOS,L,29.916666666666668,13.2,19.3,0.688,3.6,4.8,0.75,6.0,6.0,1.0,0.0,1.2,1.2,2.4,1.2,0.0,0.0,0.0,2.4,6.0,36.1,-26.5,40.0,0,0,43.3,1,13222,1,13222,7855,936,3542,3227,4903,13663,1542,2837,4447,1,14058,21503,22934,14855,14414,12854,8263,8846,13169,2600,810,23130,7793,2246,150,4987,1,29:55
2024-25,1630174,Aaron Nesmith,Aaron,1610612754,IND,Indiana Pacers,0022401055,2025-03-26T00:00:00,IND vs. LAL,L,20.57,8.8,15.8,0.556,5.3,10.5,0.5,0.0,0.0,0.0,0.0,1.8,1.8,3.5,1.8,5.3,0.0,0.0,5.3,0.0,22.8,-12.3,44.1,0,0,43.8,1,13222,1,13222,15589,5182,7473,7248,1998,2975,3944,13505,14344,13505,14058,20348,22227,11388,11738,761,8263,8846,4100,17725,5661,18840,5616,2246,150,4799,1,20:34
2024-25,1641716,Jarace Walker,Jarace,1610612754,IND,Indiana Pacers,0022401055,2025-03-26T00:00:00,IND vs. LAL,L,7.87,4.6,9.1,0.5,4.6,4.6,1.0,9.1,9.1,1.0,0.0,9.1,9.1,4.6,4.6,0.0,0.0,0.0,9.1,4.6,22.9,27.4,36.1,0,0,41.2,1,13222,1,13222,22854,15561,18485,8526,2931,14258,1,953,1795,1,14058,3361,6513,8469,2890,12854,8263,8846,920,4998,5579,2352,10276,2246,150,6097,1,7:52
2024-25,1642348,Justin Edwards,Justin,1610612755,PHI,Philadelphia 76ers,0022401053,2025-03-26T00:00:00,PHI vs. WAS,L,35.9,9.0,15.0,0.6,1.0,4.0,0.25,0.0,0.0,0.0,5.0,5.0,10.0,1.0,1.0,5.0,0.0,0.0,1.0,0.0,19.1,-6.0,46.6,1,0,41.1,1,13222,1,13222,2753,4660,8538,5394,14537,15559,11902,13505,14344,13505,2368,10845,5403,19667,15822,891,8263,8846,19692,17725,8796,16069,4476,1,150,6129,1,35:54
2024-25,201935,James Harden,James,1610612746,LAC,LA Clippers,0022401056,2025-03-26T00:00:00,LAC @ NYK,W,36.766666666666666,7.8,15.7,0.5,5.9,8.8,0.667,6.9,7.8,0.875,1.0,4.9,5.9,5.9,2.0,0.0,2.0,0.0,2.9,3.9,28.4,0.0,48.2,0,0,49.9,1,1,13086,1,2141,7001,7592,8526,1404,5090,1957,2120,2641,6931,13430,11170,12584,5714,10734,12854,3610,8846,11002,6523,2633,12240,3919,2246,150,2550,1,36:46
2024-25,201572,Brook Lopez,Brook,1610612749,MIL,Milwaukee Bucks,0022401057,2025-03-26T00:00:00,MIL @ DEN,L,38.1,11.3,16.1,0.706,1.9,4.7,0.4,0.0,0.0,0.0,4.7,1.9,6.6,2.8,0.9,0.9,2.8,0.0,2.8,0.0,24.6,-13.2,47.1,0,0,43.5,1,13222,1,13222,1325,1978,7034,3027,10678,13901,7874,13505,14344,13505,2645,20004,10916,13489,16169,12402,1901,8846,11489,17725,4443,19201,4258,2246,150,4931,1,38:06
2024-25,1630548,Johnny Juzang,Johnny,1610612762,UTA,Utah Jazz,0022401050,2025-03-25T00:00:00,UTA vs. MEM,L,18.316666666666666,9.8,19.7,0.5,5.9,11.8,0.5,0.0,0.0,0.0,0.0,2.0,2.0,9.8,0.0,0.0,0.0,0.0,2.0,0.0,25.6,-21.6,42.6,0,0,43.2,1,13222,1,13222,17345,3431,3223,8526,1382,1903,3944,13505,14344,13505,14058,19774,21870,1521,16469,12854,8263,8846,15325,17725,3908,21996,6284,2246,150,5024,1,18:19
2024-25,1630590,Scotty Pippen Jr.,Scotty,1610612763,MEM,Memphis Grizzlies,0022401050,2025-03-25T00:00:00,MEM @ UTA,W,24.25,10.4,11.9,0.875,3.0,3.0,1.0,0.0,0.0,0.0,4.5,3.0,7.4,14.8,0.0,1.5,0.0,0.0,5.9,0.0,23.8,41.6,59.4,1,0,52.0,1,1,13086,1,12688,2831,13812,1353,6625,17726,1,13505,14344,13505,2976,16829,9314,307,16469,8476,8263,8846,3031,17725,4960,870,1266,1,150,2050,1,24:15
2024-25,202699,Tobias Harris,Tobias,1610612765,DET,Detroit Pistons,0022401046,2025-03-25T00:00:00,DET vs. SAS,W,27.263333333333332,5.3,13.2,0.4,4.0,6.6,0.6,5.3,5.3,1.0,0.0,10.6,10.6,5.3,1.3,4.0,1.3,1.3,0.0,2.6,19.8,6.6,54.9,0,0,50.2,1,1,13086,1,10144,13585,11472,14933,4071,9311,2992,3680,5492,1,14058,2183,4849,6863,13710,1677,5558,5549,20257,10504,8064,9335,1999,2246,150,2486,1,27:16
2024-25,1629012,Collin Sexton,Collin,1610612762,UTA,Utah Jazz,0022401050,2025-03-25T00:00:00,UTA vs. MEM,L,17.716666666666665,8.1,20.3,0.4,2.0,10.2,0.2,12.2,12.2,1.0,0.0,6.1,6.1,10.2,2.0,4.1,0.0,0.0,0.0,10.2,30.5,-32.5,63.2,0,0,56.9,1,13222,1,13222,17765,6355,2751,14933,10002,3318,13429,324,721,1,14058,8110,12062,1359,10349,1574,8263,8846,20257,384,1927,24100,861,2246,150,1175,1,17:43
2024-25,1631099,Keegan Murray,Keegan,1610612758,SAC,Sacramento Kings,0022401052,2025-03-25T00:00:00,SAC vs. OKC,L,36.62166666666667,8.8,14.7,0.6,8.8,12.8,0.692,1.0,2.0,0.5,2.9,2.9,5.9,0.0,1.0,1.0,2.9,0.0,2.0,2.0,27.5,-8.8,45.4,0,0,50.1,1,13222,1,13222,2269,4976,8985,5394,316,1403,1954,13280,12813,10625,5454,16891,12532,19908,15954,12092,1757,8846,15323,13236,2969,17355,4988,2246,150,2496,1,36:37
2024-25,1631103,Malaki Branham,Malaki,1610612759,SAS,San Antonio Spurs,0022401046,2025-03-25T00:00:00,SAS @ DET,L,4.516666666666667,15.9,15.9,1.0,8.0,8.0,1.0,0.0,0.0,0.0,8.0,0.0,8.0,0.0,0.0,0.0,0.0,0.0,0.0,0.0,39.9,-47.8,49.4,0,0,55.8,1,13222,1,13222,24226,363,7194,1,460,6487,1,13505,14344,13505,793,22137,8320,19908,16469,12854,8263,8846,20257,17725,458,25303,3448,2246,150,1341,1,4:31
2024-25,1629680,Matisse Thybulle,Matisse,1610612757,POR,Portland Trail Blazers,0022401051,2025-03-25T00:00:00,POR vs. CLE,L,14.783333333333333,12.2,14.6,0.833,12.2,14.6,0.833,0.0,0.0,0.0,2.4,4.9,7.3,2.4,2.4,2.4,0.0,0.0,0.0,2.4,36.5,-14.6,53.8,0,0,63.3,1,13222,1,13222,19717,1414,9183,1514,129,779,1341,13505,14344,13505,6821,11236,9562,14754,8504,4573,8263,8846,20257,11207,752,19750,2249,2246,150,561,1,14:47
2024-25,1626157,Karl-Anthony Towns,Karl-Anthony,1610612752,NYK,New York Knicks,0022401048,2025-03-25T00:00:00,NYK vs. DAL,W,34.49,10.4,19.8,0.526,2.1,7.3,0.286,4.2,8.4,0.5,2.1,10.4,12.5,11.5,3.1,1.0,0.0,0.0,3.1,5.2,27.1,24.0,59.4,1,1,55.3,1,1,13086,1,3863,2774,3079,8379,9739,7808,11433,5388,2296,10625,8002,2270,3115,845,6038,11552,8263,8846,10162,3750,3144,3018,1265,1,1,1412,1,34:29
2024-25,203952,Andrew Wiggins,Andrew,1610612748,MIA,Miami Heat,0022401047,2025-03-25T00:00:00,MIA vs. GSW,W,27.986666666666668,5.1,16.7,0.308,2.6,5.1,0.5,0.0,0.0,0.0,2.6,3.9,6.4,6.4,2.6,2.6,3.9,0.0,2.6,0.0,12.9,2.6,47.0,0,0,41.2,1,1,13086,1,9555,13967,6152,19226,7909,12837,3944,13505,14344,13505,6421,14155,11314,4812,7974,4198,1001,8846,12523,17725,15229,11331,4330,2246,150,6104,1,27:59
2024-25,1630170,Devin Vassell,Devin,1610612759,SAS,San Antonio Spurs,0022401046,2025-03-25T00:00:00,SAS @ DET,L,32.31666666666667,11.1,23.4,0.476,6.7,13.4,0.5,0.0,0.0,0.0,0.0,6.7,6.7,1.1,1.1,0.0,0.0,0.0,0.0,0.0,29.0,-10.0,37.5,0,0,43.4,1,13222,1,13222,5711,2148,1252,12010,903,1145,3944,13505,14344,13505,14058,6922,10765,19309,15036,12854,8263,8846,20257,17725,2435,17899,9317,2246,150,4942,1,32:19
2024-25,203926,Doug McDermott,Doug,1610612758,SAC,Sacramento Kings,0022401052,2025-03-25T00:00:00,SAC vs. OKC,L,4.316666666666666,25.0,33.4,0.75,25.0,33.4,0.75,0.0,0.0,0.0,0.0,0.0,0.0,0.0,0.0,0.0,0.0,0.0,0.0,0.0,75.1,58.4,75.1,0,0,100.1,1,13222,1,13222,24318,66,158,2107,14,36,1542,13505,14344,13505,14058,22137,23286,19908,16469,12854,8263,8846,20257,17725,43,389,297,2246,150,62,1,4:19
2024-25,1631204,Marcus Sasser,Marcus,1610612765,DET,Detroit Pistons,0022401046,2025-03-25T00:00:00,DET vs. SAS,W,25.6,12.7,16.9,0.75,7.0,9.8,0.714,5.6,7.0,0.8,1.4,4.2,5.6,1.4,4.2,1.4,0.0,1.4,1.4,5.6,38.0,29.5,46.8,0,0,54.8,1,1,13086,1,11489,1167,5941,2107,750,3672,1861,3286,3333,7681,10723,13060,13224,18328,3472,8863,8263,5162,17605,3158,612,2026,4384,2246,150,1481,1,25:36
2024-25,1631119,Jaylin Williams,Jaylin,1610612760,OKC,Oklahoma City Thunder,0022401052,2025-03-25T00:00:00,OKC @ SAC,W,20.616666666666667,5.2,10.5,0.5,3.5,7.0,0.5,1.7,3.5,0.5,0.0,14.0,14.0,3.5,3.5,1.7,1.7,0.0,5.2,1.7,15.7,17.5,44.7,0,0,43.7,1,1,13086,1,15553,13702,16265,8526,5159,8492,3944,11336,8900,10625,14058,766,2250,11404,5025,7457,4173,8846,4129,14126,12204,4751,5330,2246,150,4853,1,20:37
2024-25,1641796,Pelle Larsson,Pelle,1610612748,MIA,Miami Heat,0022401047,2025-03-25T00:00:00,MIA vs. GSW,W,3.6,20.0,40.0,0.5,10.0,20.0,0.5,0.0,0.0,0.0,0.0,0.0,0.0,0.0,10.0,0.0,0.0,0.0,0.0,0.0,50.0,0.0,40.0,0,0,60.0,1,1,13086,1,24663,144,74,8526,210,232,3944,13505,14344,13505,14058,22137,23286,19908,328,12854,8263,8846,20257,17725,157,12240,7763,2246,150,827,1,3:36
2024-25,1641744,Zach Edey,Zach,1610612763,MEM,Memphis Grizzlies,0022401050,2025-03-25T00:00:00,MEM @ UTA,W,21.331666666666667,8.4,13.5,0.625,3.4,3.4,1.0,5.1,5.1,1.0,6.8,5.1,11.8,3.4,0.0,3.4,0.0,0.0,8.4,5.1,25.3,18.6,54.7,0,0,50.6,1,1,13086,1,15051,5731,11002,4899,5444,16920,1,3943,5807,1,1251,10690,3652,11751,16469,2431,8263,8846,1161,3989,4048,4388,2054,2246,150,2359,1,21:20
2024-25,1628983,Shai Gilgeous-Alexander,Shai,1610612760,OKC,Oklahoma City Thunder,0022401052,2025-03-25T00:00:00,OKC @ SAC,W,32.93333333333333,10.9,25.1,0.435,3.3,6.6,0.5,9.8,10.9,0.9,0.0,8.7,8.7,5.5,5.5,0.0,0.0,4.4,2.2,6.6,35.0,14.2,48.2,0,0,52.5,1,1,13086,1,5210,2321,794,13702,5732,9414,3944,745,1044,6805,14058,3777,7106,6495,1838,12854,8263,520,14152,2024,962,5927,3913,2246,150,1928,1,32:56
2024-25,1642268,Isaiah Collier,Isaiah,1610612762,UTA,Utah Jazz,0022401050,2025-03-25T00:00:00,UTA vs. MEM,L,27.9,9.0,16.8,0.538,5.2,10.3,0.5,3.9,6.5,0.6,0.0,3.9,3.9,5.2,7.7,1.3,0.0,0.0,3.9,5.2,27.1,-27.1,35.6,0,0,43.9,1,13222,1,13222,9625,4647,6083,7978,2093,3132,3944,5928,3939,10343,14058,14120,17651,7111,649,9517,8263,8846,7540,3832,3162,23261,10641,2246,150,4753,1,27:54
2024-25,1629660,Ty Jerome,Ty,1610612739,CLE,Cleveland Cavaliers,0022401051,2025-03-25T00:00:00,CLE @ POR,W,20.911666666666665,15.5,25.8,0.6,6.9,8.6,0.8,5.2,5.2,1.0,0.0,3.4,3.4,5.2,0.0,0.0,0.0,0.0,1.7,3.4,43.0,8.6,54.9,0,0,58.5,1,1,13086,1,15355,416,676,5394,801,5410,1389,3803,5655,1,14058,15400,18679,7102,16469,12854,8263,8846,16462,7830,312,8359,2005,2246,150,957,1,20:55
2024-25,1628389,Bam Adebayo,Bam,1610612748,MIA,Miami Heat,0022401047,2025-03-25T00:00:00,MIA vs. GSW,W,34.25,9.5,18.9,0.5,2.1,3.2,0.667,7.4,9.5,0.778,1.1,7.4,8.4,1.1,3.2,1.1,1.1,0.0,1.1,10.5,28.4,24.2,43.2,0,0,44.1,1,1,13086,1,4058,3939,3825,8526,9672,17355,1957,1764,1624,8092,12867,5742,7606,19519,5966,11481,7126,8846,19402,330,2643,2990,6041,2246,150,4618,1,34:15
2024-25,1627936,Alex Caruso,Alex,1610612760,OKC,Oklahoma City Thunder,0022401052,2025-03-25T00:00:00,OKC @ SAC,W,23.333333333333332,7.7,12.3,0.625,3.1,4.6,0.667,4.6,4.6,1.0,1.5,6.2,7.7,9.3,1.5,0.0,3.1,0.0,3.1,3.1,23.1,35.5,54.0,0,0,49.4,1,1,13086,1,13435,7239,12991,4899,6253,14139,1957,4632,6616,1,10145,7960,8778,1835,12569,12854,1589,8846,10325,8941,5385,1344,2201,2246,150,2703,1,23:20
2024-25,1631094,Paolo Banchero,Paolo,1610612753,ORL,Orlando Magic,0022401045,2025-03-25T00:00:00,ORL @ CHA,W,35.766666666666666,13.1,24.2,0.542,2.0,8.1,0.25,4.0,6.0,0.667,0.0,7.0,7.0,6.0,2.0,1.0,0.0,0.0,4.0,5.0,32.2,1.0,50.7,0,0,49.3,1,1,13086,1,2851,993,1022,7965,10108,6360,11902,5655,4415,9425,14058,6287,10069,5417,10458,11893,8263,8846,7075,4054,1480,12153,3064,2246,150,2727,1,35:46
2024-25,1630531,Jaden Springer,Jaden,1610612762,UTA,Utah Jazz,0022401050,2025-03-25T00:00:00,UTA vs. MEM,L,0.185,0.0,0.0,0.0,0.0,0.0,0.0,0.0,0.0,0.0,0.0,194.6,194.6,0.0,0.0,0.0,0.0,0.0,0.0,0.0,0.0,0.0,233.5,0,0,194.6,1,13222,1,13222,26268,22635,24836,22635,15070,20945,15070,13505,14344,13505,14058,2,3,19908,16469,12854,8263,8846,20257,17725,23200,12240,6,2246,150,9,1,0:11
2024-25,1631110,Jeremy Sochan,Jeremy,1610612759,SAS,San Antonio Spurs,0022401046,2025-03-25T00:00:00,SAS @ DET,L,14.8,2.4,9.7,0.25,0.0,0.0,0.0,0.0,0.0,0.0,7.3,2.4,9.7,0.0,0.0,2.4,2.4,4.9,7.3,0.0,4.9,-38.9,31.1,0,0,24.3,1,13222,1,13222,19704,20589,17510,20233,15070,20945,15070,13505,14344,13505,1025,18380,5756,19908,16469,4580,2500,394,1771,17725,22085,24767,13965,2246,150,18124,1,14:48
2024-25,1628969,Mikal Bridges,Mikal,1610612752,NYK,New York Knicks,0022401048,2025-03-25T00:00:00,NYK vs. DAL,W,33.76,9.6,14.9,0.643,2.1,4.3,0.5,1.1,1.1,1.0,0.0,1.1,1.1,1.1,1.1,0.0,1.1,0.0,2.1,2.1,22.4,18.1,27.4,0,0,28.8,1,1,13086,1,4477,3735,8715,4607,9544,14986,3944,13019,14099,1,14058,21835,23131,19461,15377,12854,7020,8846,14446,12472,5929,4515,16655,2246,150,14874,1,33:46
2024-25,1631222,Jake LaRavia,Jake,1610612758,SAC,Sacramento Kings,0022401052,2025-03-25T00:00:00,SAC vs. OKC,L,21.183333333333334,6.8,11.9,0.571,3.4,5.1,0.667,1.7,3.4,0.5,0.0,3.4,3.4,3.4,0.0,5.1,0.0,1.7,1.7,1.7,18.7,-27.2,43.2,0,0,39.1,1,13222,1,13222,15162,9424,13770,6538,5382,12960,1957,11414,9091,10625,14058,15525,18785,11691,16469,838,8263,4153,16540,14270,9127,23275,6052,2246,150,7326,1,21:11
2024-25,202687,Bismack Biyombo,Bismack,1610612759,SAS,San Antonio Spurs,0022401046,2025-03-25T00:00:00,SAS @ DET,L,25.366666666666667,0.0,4.3,0.0,0.0,0.0,0.0,0.0,0.0,0.0,1.4,8.5,9.9,4.3,1.4,0.0,0.0,1.4,2.8,2.8,0.0,-9.9,16.9,0,0,14.2,1,13222,1,13222,11682,22635,23956,22635,15070,20945,15070,13505,14344,13505,10668,4039,5507,9235,13175,12854,8263,5106,11467,9826,23200,17863,22531,2246,150,23363,1,25:22
2024-25,1642377,Jaylen Wells,Jaylen,1610612763,MEM,Memphis Grizzlies,0022401050,2025-03-25T00:00:00,MEM @ UTA,W,28.966666666666665,3.7,12.4,0.3,2.5,7.5,0.333,2.5,2.5,1.0,3.7,3.7,7.5,6.2,1.2,1.2,0.0,0.0,3.7,2.5,12.4,32.3,33.2,0,0,31.1,1,1,13086,1,8697,17751,12854,19363,8201,7491,9209,9092,11244,1,3996,14542,9255,5142,14146,9847,8263,8846,7973,11043,15679,1697,12446,2246,150,13100,1,28:58
2024-25,202685,Jonas Valančiūnas,Jonas,1610612758,SAC,Sacramento Kings,0022401052,2025-03-25T00:00:00,SAC vs. OKC,L,8.05,0.0,17.9,0.0,0.0,0.0,0.0,8.9,8.9,1.0,4.5,4.5,8.9,4.5,8.9,0.0,0.0,4.5,8.9,8.9,8.9,-67.1,17.4,0,0,22.4,1,13222,1,13222,22805,22635,4819,22635,15070,20945,15070,1022,1902,1,2957,12330,6828,8721,431,12854,8263,489,979,675,19137,25837,22316,2246,150,19446,1,8:03
2024-25,1628415,Dillon Brooks,Dillon,1610612745,HOU,Houston Rockets,0022401049,2025-03-25T00:00:00,HOU vs. ATL,W,28.95,3.7,11.2,0.333,2.5,8.7,0.286,2.5,2.5,1.0,0.0,0.0,0.0,2.5,2.5,2.5,0.0,0.0,2.5,1.2,12.4,-2.5,21.1,0,0,22.4,1,1,13086,1,8713,17748,15032,17395,8198,5265,11433,9090,11243,1,14058,22137,23286,14588,8303,4418,8263,8846,12854,16162,15671,14303,20622,2246,150,19433,1,28:57
2024-25,1630558,Davion Mitchell,Davion,1610612748,MIA,Miami Heat,0022401047,2025-03-25T00:00:00,MIA vs. GSW,W,32.416666666666664,5.6,8.9,0.625,2.2,2.2,1.0,0.0,1.1,0.0,3.3,2.2,5.6,7.8,2.2,1.1,0.0,0.0,3.3,1.1,13.3,15.5,32.8,0,0,31.1,1,1,13086,1,5623,12834,18892,4899,9159,19132,1,13505,14028,13505,4681,19012,13412,3108,9428,10936,8263,8846,9332,16860,14719,5409,12755,2246,150,13081,1,32:25
2024-25,1630583,Santi Aldama,Santi,1610612763,MEM,Memphis Grizzlies,0022401050,2025-03-25T00:00:00,MEM @ UTA,W,23.483333333333334,4.6,10.7,0.429,3.1,9.2,0.333,1.5,3.1,0.5,1.5,6.1,7.7,4.6,1.5,0.0,0.0,0.0,1.5,1.5,13.8,10.7,28.4,0,0,29.1,1,1,13086,1,13320,15500,15835,13735,6306,4534,9209,11726,9805,10625,10181,8036,8855,8416,12601,12854,8263,8846,17106,14862,14165,7354,15956,2246,150,14604,1,23:29
2024-25,1641718,Keyonte George,Keyonte,1610612762,UTA,Utah Jazz,0022401050,2025-03-25T00:00:00,UTA vs. MEM,L,22.633333333333333,1.6,12.7,0.125,1.6,9.5,0.167,4.8,6.4,0.75,0.0,1.6,1.6,1.6,1.6,0.0,0.0,1.6,3.2,6.4,9.5,-46.1,12.2,0,0,14.3,1,13222,1,13222,14002,22044,12344,22420,11706,4045,14236,4389,4051,8186,14058,20699,22451,17677,12377,12854,8263,4460,9941,2227,18595,25236,23957,2246,150,23316,1,22:38
2024-25,1628970,Miles Bridges,Miles,1610612766,CHA,Charlotte Hornets,0022401045,2025-03-25T00:00:00,CHA vs. ORL,L,32.5,5.5,21.0,0.263,1.1,8.9,0.125,0.0,1.1,0.0,2.2,4.4,6.6,4.4,1.1,0.0,0.0,0.0,1.1,2.2,12.2,3.3,25.7,0,0,24.4,1,13222,1,13222,5553,12880,2313,20219,13899,5005,14886,13505,14032,13505,7545,12453,10850,8811,15085,12854,8263,8846,19056,12095,15935,10963,17819,2246,150,18099,1,32:30
2024-25,1629622,Max Strus,Max,1610612739,CLE,Cleveland Cavaliers,0022401051,2025-03-25T00:00:00,CLE @ POR,W,26.933333333333334,2.7,8.0,0.333,1.3,5.3,0.25,0.0,0.0,0.0,0.0,2.7,2.7,4.0,0.0,0.0,0.0,0.0,1.3,1.3,6.7,9.4,15.9,0,0,14.7,1,1,13086,1,10388,20145,20230,17395,12703,12331,11902,13505,14344,13505,14058,17760,20507,9909,16469,12854,8263,8846,17878,15734,20934,8014,22892,2246,150,23173,1,26:56
2024-25,1630541,Moses Moody,Moses,1610612744,GSW,Golden State Warriors,0022401047,2025-03-25T00:00:00,GSW @ MIA,L,25.048333333333332,4.3,18.7,0.231,0.0,12.9,0.0,1.4,1.4,1.0,1.4,0.0,1.4,2.9,0.0,0.0,0.0,1.4,1.4,1.4,10.1,-33.1,16.1,0,0,14.4,1,13222,1,13222,11972,16287,4038,21157,15070,1332,15070,11931,13552,1,10588,22137,22648,13362,16469,12854,8263,5034,17485,15292,18098,24171,22814,2246,150,23298,1,25:03
2024-25,1629312,Haywood Highsmith,Haywood,1610612748,MIA,Miami Heat,0022401047,2025-03-25T00:00:00,MIA vs. GSW,W,30.183333333333334,0.0,2.4,0.0,0.0,1.2,0.0,0.0,0.0,0.0,1.2,6.0,7.2,3.6,0.0,1.2,0.0,0.0,4.8,0.0,0.0,29.8,17.5,0,0,13.1,1,1,13086,1,7604,22635,24681,22635,15070,20629,15070,13505,14344,13505,11843,8416,9840,11150,16469,10235,8263,8846,5131,17725,23200,1988,22287,2246,150,23674,1,30:11
2024-25,203994,Jusuf Nurkić,Jusuf,1610612766,CHA,Charlotte Hornets,0022401045,2025-03-25T00:00:00,CHA vs. ORL,L,19.643333333333334,3.7,9.2,0.4,0.0,0.0,0.0,1.8,3.7,0.5,0.0,9.2,9.2,5.5,0.0,0.0,3.7,0.0,1.8,5.5,9.2,-12.8,39.4,0,0,31.2,1,13222,1,13222,16313,17928,18465,14933,15070,20945,15070,11167,8554,10625,14058,3347,6492,6427,16469,12854,1109,8846,16022,3341,18931,19068,8129,2246,150,13033,1,19:39
2024-25,1629013,Landry Shamet,Landry,1610612752,NYK,New York Knicks,0022401048,2025-03-25T00:00:00,NYK vs. DAL,W,19.15,7.5,13.2,0.571,1.9,7.5,0.25,3.8,7.5,0.5,0.0,0.0,0.0,0.0,0.0,0.0,0.0,0.0,1.9,5.6,20.7,30.1,20.7,0,0,22.6,1,1,13086,1,16714,7723,11567,6538,10716,7358,11902,6166,2886,10625,14058,22137,23286,19908,16469,12854,8263,8846,15789,3130,7334,1952,20852,2246,150,19310,1,19:09
2024-25,1642275,Tidjane Salaün,Tidjane,1610612766,CHA,Charlotte Hornets,0022401045,2025-03-25T00:00:00,CHA vs. ORL,L,25.56,1.4,5.6,0.25,1.4,2.8,0.5,7.0,8.5,0.833,2.8,7.0,9.9,0.0,0.0,0.0,0.0,1.4,2.8,8.5,11.3,-8.5,23.1,0,0,22.5,1,13222,1,13222,11530,22285,22963,20233,12418,18034,3944,1982,2229,7275,5817,6292,5592,19908,16469,12854,8263,5150,11567,847,16930,17158,19499,2246,150,19333,1,25:34
2024-25,1630173,Precious Achiuwa,Precious,1610612752,NYK,New York Knicks,0022401048,2025-03-25T00:00:00,NYK vs. DAL,W,19.516666666666666,9.2,12.9,0.714,0.0,0.0,0.0,1.8,1.8,1.0,0.0,3.7,3.7,3.7,3.7,3.7,1.8,0.0,0.0,1.8,20.3,-1.8,43.2,0,0,38.7,1,1,13086,1,16401,4325,12016,2752,15070,20945,15070,11131,13120,1,14058,14666,18095,10815,4575,1979,3941,8846,20257,13754,7667,13943,6054,2246,150,7563,1,19:31
2024-25,1630168,Onyeka Okongwu,Onyeka,1610612737,ATL,Atlanta Hawks,0022401049,2025-03-25T00:00:00,ATL @ HOU,L,38.4,5.6,13.1,0.429,1.9,3.8,0.5,0.0,0.0,0.0,4.7,9.4,14.1,2.8,0.9,0.0,0.0,0.9,3.8,0.9,13.1,3.8,33.3,1,0,31.9,1,13222,1,13222,1165,12631,11628,13735,10746,16098,3944,13505,14344,13505,2684,3134,2206,13548,16214,12854,8263,8436,7905,17587,14955,10778,12369,1,150,12476,1,38:24
2024-25,1629750,Javonte Green,Javonte,1610612739,CLE,Cleveland Cavaliers,0022401051,2025-03-25T00:00:00,CLE @ POR,W,7.001666666666667,0.0,0.0,0.0,0.0,0.0,0.0,0.0,0.0,0.0,0.0,10.3,10.3,5.1,5.1,0.0,0.0,0.0,10.3,0.0,0.0,10.3,14.9,0,0,15.4,1,1,13086,1,23169,22635,24836,22635,15070,20945,15070,13505,14344,13505,14058,2371,5142,7155,2185,12854,8263,8846,650,17725,23200,7566,23208,2246,150,22910,1,7:00
2024-25,1627832,Fred VanVleet,Fred,1610612745,HOU,Houston Rockets,0022401049,2025-03-25T00:00:00,HOU vs. ATL,W,38.555,4.7,13.1,0.357,2.8,7.5,0.375,7.5,7.5,1.0,0.9,2.8,3.7,2.8,0.9,0.0,0.0,0.0,2.8,4.7,19.6,12.1,27.4,0,0,28.9,1,1,13086,1,1084,15319,11729,17140,7210,7467,8800,1685,2934,1,13754,17397,17975,13584,16226,12854,8263,8846,11640,4789,8250,6736,16689,2246,150,14748,1,38:33
2024-25,202692,Alec Burks,Alec,1610612748,MIA,Miami Heat,0022401047,2025-03-25T00:00:00,MIA vs. GSW,W,24.25,8.9,11.9,0.75,7.4,10.4,0.714,0.0,0.0,0.0,0.0,3.0,3.0,0.0,1.5,1.5,0.0,0.0,1.5,0.0,25.2,7.4,31.8,0,0,38.6,1,1,13086,1,12688,4874,13812,2107,620,3069,1861,13505,14344,13505,14058,16829,19812,19908,12824,8476,8263,8846,17281,17725,4095,8919,13494,2246,150,7644,1,24:15
2024-25,1629640,Keldon Johnson,Keldon,1610612759,SAS,San Antonio Spurs,0022401046,2025-03-25T00:00:00,SAS @ DET,L,22.45,4.8,14.4,0.333,0.0,3.2,0.0,6.4,6.4,1.0,8.0,0.0,8.0,4.8,1.6,0.0,0.0,0.0,0.0,4.8,16.0,-25.7,31.3,0,0,28.9,1,13222,1,13222,14153,14909,9463,17395,15070,17255,15070,2485,3984,1,779,22137,8238,7891,12315,12854,8263,8846,20257,4476,11889,22948,13853,2246,150,14806,1,22:27
2024-25,1629026,Kenrich Williams,Kenrich,1610612760,OKC,Oklahoma City Thunder,0022401052,2025-03-25T00:00:00,OKC @ SAC,W,27.933333333333334,5.2,9.0,0.571,3.9,5.2,0.75,0.0,0.0,0.0,1.3,3.9,5.2,7.7,1.3,0.0,0.0,0.0,2.6,1.3,14.2,6.4,30.7,0,0,30.9,1,1,13086,1,9595,13938,18686,6538,4281,12811,1542,13505,14344,13505,11247,14135,14384,3149,13858,12854,8263,8846,12501,15953,13754,9396,14298,2246,150,13223,1,27:56
2024-25,1629014,Anfernee Simons,Anfernee,1610612757,POR,Portland Trail Blazers,0022401051,2025-03-25T00:00:00,POR vs. CLE,L,30.066666666666666,2.4,14.4,0.167,1.2,12.0,0.1,2.4,2.4,1.0,0.0,1.2,1.2,9.6,1.2,1.2,0.0,0.0,1.2,1.2,8.4,-6.0,26.6,0,0,22.7,1,13222,1,13222,7724,20676,9578,21938,13383,1796,15047,9351,11501,1,14058,21516,22945,1657,14460,10195,8263,8846,18551,16415,19605,16048,17227,2246,150,19169,1,30:04
2024-25,1630198,Isaiah Joe,Isaiah,1610612760,OKC,Oklahoma City Thunder,0022401052,2025-03-25T00:00:00,OKC @ SAC,W,27.616666666666667,6.5,9.1,0.714,5.2,7.8,0.667,0.0,0.0,0.0,1.3,2.6,3.9,3.9,0.0,3.9,0.0,0.0,0.0,0.0,18.2,28.7,40.5,0,0,39.1,1,1,13086,1,9855,10142,18516,2752,2040,6769,1957,13505,14344,13505,11182,17932,17544,10198,16469,1729,8263,8846,20257,17725,9577,2154,7433,2246,150,7316,1,27:37
2024-25,1631109,Mark Williams,Mark,1610612766,CHA,Charlotte Hornets,0022401045,2025-03-25T00:00:00,CHA vs. ORL,L,28.216666666666665,5.1,8.9,0.571,0.0,0.0,0.0,0.0,0.0,0.0,3.8,12.8,16.6,5.1,2.6,2.6,1.3,0.0,2.6,1.3,10.2,1.3,46.7,0,0,39.6,1,13222,1,13222,9369,14076,18823,6538,15070,20945,15070,13505,14344,13505,3842,1089,1239,7239,8040,4252,5758,8846,12598,16007,17945,11963,4446,2246,150,7036,1,28:13
2024-25,203897,Zach LaVine,Zach,1610612758,SAC,Sacramento Kings,0022401052,2025-03-25T00:00:00,SAC vs. OKC,L,36.778333333333336,6.9,15.7,0.438,3.9,10.8,0.364,1.0,1.0,1.0,0.0,2.0,2.0,6.9,2.9,0.0,0.0,0.0,1.0,2.0,18.6,-30.3,28.3,0,0,31.3,1,13222,1,13222,2136,9290,7598,13558,4173,2707,9100,13298,14248,1,14058,19803,21893,4207,6698,12854,8263,8846,19824,13286,9223,23791,16000,2246,150,12913,1,36:47
2024-25,1627734,Domantas Sabonis,Domantas,1610612758,SAC,Sacramento Kings,0022401052,2025-03-25T00:00:00,SAC vs. OKC,L,38.06666666666667,2.8,11.3,0.25,0.0,3.8,0.0,1.9,3.8,0.5,0.9,10.4,11.3,6.6,2.8,0.9,0.9,1.9,1.9,4.7,7.6,-9.5,34.0,0,0,29.3,1,13222,1,13222,1345,19796,14751,20233,15070,16035,15070,10986,8293,10625,13682,2284,4093,4545,7078,12391,7858,3586,15735,4662,20268,17647,11861,2246,150,14467,1,38:04
2024-25,1641755,Kevin McCullar Jr.,Kevin,1610612752,NYK,New York Knicks,0022401048,2025-03-25T00:00:00,NYK vs. DAL,W,3.15,11.4,22.9,0.5,0.0,0.0,0.0,0.0,0.0,0.0,0.0,0.0,0.0,0.0,0.0,0.0,0.0,0.0,22.9,0.0,22.9,-102.9,22.9,0,0,22.9,1,1,13086,1,24919,1915,1428,8526,15070,20945,15070,13505,14344,13505,14058,22137,23286,19908,16469,12854,8263,8846,85,17725,5583,26160,19644,2246,150,19097,1,3:09
2024-25,1628976,Wendell Carter Jr.,Wendell,1610612753,ORL,Orlando Magic,0022401045,2025-03-25T00:00:00,ORL @ CHA,W,26.283333333333335,2.7,6.8,0.4,1.4,5.5,0.25,0.0,0.0,0.0,5.5,9.6,15.1,2.7,4.1,0.0,2.7,0.0,1.4,0.0,6.8,-1.4,33.1,0,0,31.5,1,1,13086,1,10915,19998,21731,14933,12561,12009,11902,13505,14344,13505,1957,2931,1747,13791,3657,12854,2031,8846,17745,17725,20825,13742,12471,2246,150,12772,1,26:17
2024-25,1642262,Cody Williams,Cody,1610612762,UTA,Utah Jazz,0022401050,2025-03-25T00:00:00,UTA vs. MEM,L,28.3,3.8,11.4,0.333,2.5,6.4,0.4,0.0,0.0,0.0,0.0,1.3,1.3,1.3,0.0,0.0,0.0,0.0,2.5,1.3,10.2,-16.5,13.6,0,0,15.3,1,13222,1,13222,9299,17522,14571,17395,7996,9849,7874,13505,14344,13505,14058,21339,22849,18752,16469,12854,8263,8846,12624,16022,17976,20458,23603,2246,150,22966,1,28:18
2024-25,1628365,Markelle Fultz,Markelle,1610612758,SAC,Sacramento Kings,0022401052,2025-03-25T00:00:00,SAC vs. OKC,L,10.566666666666666,10.2,20.4,0.5,0.0,0.0,0.0,0.0,0.0,0.0,0.0,6.8,6.8,6.8,0.0,0.0,0.0,0.0,3.4,0.0,20.4,-20.4,38.8,0,0,34.1,1,13222,1,13222,21884,3000,2670,8526,15070,20945,15070,13505,14344,13505,14058,6680,10497,4268,16469,12854,8263,8846,9054,17725,7554,21689,8516,2246,150,10794,1,10:34
2024-25,1630611,Gui Santos,Gui,1610612744,GSW,Golden State Warriors,0022401047,2025-03-25T00:00:00,GSW @ MIA,L,19.586666666666666,9.2,14.7,0.625,5.5,11.0,0.5,0.0,0.0,0.0,3.7,1.8,5.5,0.0,0.0,0.0,0.0,1.8,3.7,0.0,23.9,-3.7,30.5,0,0,34.9,1,13222,1,13222,16342,4382,9047,4899,1724,2459,3944,13505,14344,13505,4075,20145,13502,19908,16469,12854,8263,3777,8182,17725,4881,14882,14422,2246,150,10154,1,19:35
2024-25,1631217,Moussa Diabaté,Moussa,1610612766,CHA,Charlotte Hornets,0022401045,2025-03-25T00:00:00,CHA vs. ORL,L,0.14,0.0,0.0,0.0,0.0,0.0,0.0,0.0,0.0,0.0,0.0,0.0,0.0,0.0,0.0,0.0,0.0,0.0,257.1,0.0,0.0,-257.1,0.0,0,0,0.0,1,13222,1,13222,26274,22635,24836,22635,15070,20945,15070,13505,14344,13505,14058,22137,23286,19908,16469,12854,8263,8846,4,17725,23200,26287,25228,2246,150,25259,1,0:08
2024-25,1631170,Jaime Jaquez Jr.,Jaime,1610612748,MIA,Miami Heat,0022401047,2025-03-25T00:00:00,MIA vs. GSW,W,3.6,0.0,0.0,0.0,0.0,0.0,0.0,0.0,0.0,0.0,0.0,0.0,0.0,0.0,0.0,0.0,0.0,0.0,0.0,0.0,0.0,0.0,0.0,0,0,0.0,1,1,13086,1,24663,22635,24836,22635,15070,20945,15070,13505,14344,13505,14058,22137,23286,19908,16469,12854,8263,8846,20257,17725,23200,12240,25228,2246,150,25259,1,3:36
2024-25,1626172,Kevon Looney,Kevon,1610612744,GSW,Golden State Warriors,0022401047,2025-03-25T00:00:00,GSW @ MIA,L,14.445,2.5,2.5,1.0,0.0,0.0,0.0,2.5,5.0,0.5,0.0,12.5,12.5,5.0,0.0,2.5,2.5,0.0,5.0,2.5,7.5,0.0,44.9,0,0,34.9,1,13222,1,13222,19925,20476,24647,1,15070,20945,15070,9072,5951,10625,14058,1170,3150,7506,16469,4402,2393,8846,4640,11018,20337,12240,5239,2246,150,10167,1,14:27
2024-25,1630314,Brandon Williams,Brandon,1610612742,DAL,Dallas Mavericks,0022401048,2025-03-25T00:00:00,DAL @ NYK,L,27.583333333333332,9.1,14.4,0.636,1.3,2.6,0.5,9.1,10.4,0.875,0.0,1.3,1.3,3.9,3.9,2.6,0.0,1.3,2.6,7.8,28.7,-17.0,40.1,0,0,40.5,1,13222,1,13222,9888,4472,9604,4689,12838,18434,3944,956,1210,6931,14058,21274,22811,10186,4052,4117,8263,5624,12391,1111,2522,20608,7718,2246,150,6515,1,27:35
2024-25,1642359,Pacôme Dadiet,Pacôme,1610612752,NYK,New York Knicks,0022401048,2025-03-25T00:00:00,NYK vs. DAL,W,1.55,0.0,0.0,0.0,0.0,0.0,0.0,0.0,0.0,0.0,0.0,0.0,0.0,0.0,23.2,0.0,0.0,0.0,0.0,0.0,0.0,-92.9,-23.2,0,0,0.0,1,1,13086,1,25768,22635,24836,22635,15070,20945,15070,13505,14344,13505,14058,22137,23286,19908,32,12854,8263,8846,20257,17725,23200,26109,26285,2246,150,25259,1,1:33
2024-25,1629639,Tyler Herro,Tyler,1610612748,MIA,Miami Heat,0022401047,2025-03-25T00:00:00,MIA vs. GSW,W,35.733333333333334,7.1,10.1,0.7,4.0,4.0,1.0,2.0,2.0,1.0,0.0,3.0,3.0,7.1,2.0,0.0,0.0,0.0,0.0,2.0,20.1,33.2,32.3,0,0,34.3,1,1,13086,1,2875,8812,16931,3045,3939,15515,1,10593,12681,1,14058,16642,19663,3951,10451,12854,8263,8846,20257,13010,7790,1598,13055,2246,150,10649,1,35:44
2024-25,1642258,Zaccharie Risacher,Zaccharie,1610612737,ATL,Atlanta Hawks,0022401049,2025-03-25T00:00:00,ATL @ HOU,L,23.733333333333334,12.1,24.3,0.5,0.0,9.1,0.0,3.0,3.0,1.0,1.5,4.6,6.1,1.5,1.5,0.0,0.0,0.0,3.0,1.5,27.3,9.1,35.3,0,0,34.9,1,13222,1,13222,13126,1438,984,8526,15070,4665,15070,7705,9892,1,10247,12123,12120,17913,12670,12854,8263,8846,10561,14933,3065,8128,10838,2246,150,10170,1,23:44
2024-25,1626153,Delon Wright,Delon,1610612752,NYK,New York Knicks,0022401048,2025-03-25T00:00:00,NYK vs. DAL,W,3.6166666666666667,0.0,0.0,0.0,0.0,0.0,0.0,0.0,0.0,0.0,0.0,0.0,0.0,0.0,10.0,0.0,0.0,0.0,0.0,0.0,0.0,-109.5,-10.0,0,0,0.0,1,1,13086,1,24660,22635,24836,22635,15070,20945,15070,13505,14344,13505,14058,22137,23286,19908,333,12854,8263,8846,20257,17725,23200,26197,26219,2246,150,25259,1,3:37
2024-25,1642269,Devin Carter,Devin,1610612758,SAC,Sacramento Kings,0022401052,2025-03-25T00:00:00,SAC vs. OKC,L,3.2666666666666666,0.0,11.0,0.0,0.0,11.0,0.0,0.0,0.0,0.0,0.0,0.0,0.0,0.0,0.0,0.0,0.0,0.0,11.0,11.0,0.0,-77.1,0.0,0,0,0.0,1,13222,1,13222,24856,22635,15321,22635,15070,2465,15070,13505,14344,13505,14058,22137,23286,19908,16469,12854,8263,8846,536,276,23200,25978,25228,2246,150,25259,1,3:16
2024-25,1630578,Alperen Sengun,Alperen,1610612745,HOU,Houston Rockets,0022401049,2025-03-25T00:00:00,HOU vs. ATL,W,37.528333333333336,7.7,18.2,0.421,0.0,1.9,0.0,1.9,1.9,1.0,1.9,6.7,8.6,4.8,1.0,1.0,1.0,1.0,0.0,5.8,17.3,-4.8,39.6,0,0,34.5,1,1,13086,1,1671,7316,4432,14442,15070,19705,15070,10894,12937,1,8746,6868,7253,7933,16096,12283,7757,8269,20257,2965,10555,15468,8008,2246,150,10420,1,37:32
2024-25,1630311,Pat Spencer,Pat,1610612744,GSW,Golden State Warriors,0022401047,2025-03-25T00:00:00,GSW @ MIA,L,6.283333333333333,0.0,11.5,0.0,0.0,0.0,0.0,0.0,0.0,0.0,0.0,0.0,0.0,0.0,0.0,0.0,0.0,0.0,0.0,0.0,0.0,-17.2,0.0,0,0,0.0,1,13222,1,13222,23465,22635,14549,22635,15070,20945,15070,13505,14344,13505,14058,22137,23286,19908,16469,12854,8263,8846,20257,17725,23200,20684,25228,2246,150,25259,1,6:17
2024-25,1642264,Stephon Castle,Stephon,1610612759,SAS,San Antonio Spurs,0022401046,2025-03-25T00:00:00,SAS @ DET,L,29.616666666666667,8.5,18.2,0.467,1.2,4.9,0.25,4.9,7.3,0.667,0.0,2.4,2.4,4.9,2.4,1.2,0.0,2.4,1.2,8.5,23.1,-8.5,34.5,0,0,34.0,1,13222,1,13222,8126,5600,4423,12249,13282,13526,11902,4247,3096,9425,14058,18389,20931,7770,8525,10047,8263,2153,18444,825,5422,17189,11432,2246,150,10825,1,29:37
2024-25,1631108,Max Christie,Max,1610612742,DAL,Dallas Mavericks,0022401048,2025-03-25T00:00:00,DAL @ NYK,L,31.183333333333334,2.3,5.8,0.4,0.0,2.3,0.0,2.3,2.3,1.0,0.0,1.2,1.2,2.3,4.6,1.2,0.0,0.0,0.0,1.2,6.9,11.5,10.6,0,0,12.7,1,13222,1,13222,6717,20836,22845,14933,15070,18964,15070,9587,11753,1,14058,21618,23002,15200,2823,10546,8263,8846,20257,16623,20772,6985,24317,2246,150,23807,1,31:11
2024-25,1642382,Branden Carlson,Branden,1610612760,OKC,Oklahoma City Thunder,0022401052,2025-03-25T00:00:00,OKC @ SAC,W,1.8833333333333333,0.0,0.0,0.0,0.0,0.0,0.0,0.0,0.0,0.0,0.0,0.0,0.0,0.0,0.0,0.0,0.0,0.0,0.0,0.0,0.0,-172.0,0.0,0,0,0.0,1,1,13086,1,25524,22635,24836,22635,15070,20945,15070,13505,14344,13505,14058,22137,23286,19908,16469,12854,8263,8846,20257,17725,23200,26269,25228,2246,150,25259,1,1:53
2024-25,1641745,Adam Flagler,Adam,1610612760,OKC,Oklahoma City Thunder,0022401052,2025-03-25T00:00:00,OKC @ SAC,W,1.8833333333333333,0.0,19.1,0.0,0.0,0.0,0.0,0.0,0.0,0.0,0.0,0.0,0.0,0.0,0.0,0.0,0.0,0.0,0.0,0.0,0.0,-172.0,0.0,0,0,0.0,1,1,13086,1,25524,22635,3648,22635,15070,20945,15070,13505,14344,13505,14058,22137,23286,19908,16469,12854,8263,8846,20257,17725,23200,26269,25228,2246,150,25259,1,1:53
2024-25,1630532,Franz Wagner,Franz,1610612753,ORL,Orlando Magic,0022401045,2025-03-25T00:00:00,ORL @ CHA,W,35.166666666666664,8.2,22.5,0.364,1.0,6.1,0.167,9.2,10.2,0.9,1.0,7.2,8.2,4.1,2.0,0.0,0.0,0.0,2.0,7.2,26.6,2.0,40.5,0,0,39.9,1,1,13086,1,3337,6226,1574,16861,14403,10335,14236,935,1276,6805,13064,6069,7948,9672,10275,12854,8263,8846,14889,1536,3380,11600,7436,2246,150,6819,1,35:10
2024-25,1631323,Simone Fontecchio,Simone,1610612765,DET,Detroit Pistons,0022401046,2025-03-25T00:00:00,DET vs. SAS,W,16.916666666666668,2.1,4.3,0.5,0.0,2.1,0.0,0.0,0.0,0.0,0.0,6.4,6.4,2.1,2.1,0.0,0.0,0.0,4.3,0.0,4.3,38.3,13.0,0,0,12.8,1,1,13086,1,18307,21189,23958,8526,15070,19312,15070,13505,14344,13505,14058,7534,11439,15903,9856,12854,8263,8846,6413,17725,22432,1094,23774,2246,150,23788,1,16:55
2024-25,203484,Kentavious Caldwell-Pope,Kentavious,1610612753,ORL,Orlando Magic,0022401045,2025-03-25T00:00:00,ORL @ CHA,W,21.233333333333334,1.7,3.4,0.5,1.7,3.4,0.5,0.0,0.0,0.0,0.0,3.4,3.4,1.7,0.0,0.0,0.0,0.0,0.0,3.4,5.1,0.0,11.7,0,0,11.9,1,1,13086,1,15129,21904,24350,8526,11412,16879,3944,13505,14344,13505,14058,15540,18797,17382,16469,12854,8263,8846,20257,7974,21962,12240,24087,2246,150,24012,1,21:14
2024-25,1630231,KJ Martin,KJ,1610612762,UTA,Utah Jazz,0022401050,2025-03-25T00:00:00,UTA vs. MEM,L,23.566666666666666,3.1,7.6,0.4,0.0,3.1,0.0,1.5,1.5,1.0,0.0,3.1,3.1,1.5,0.0,0.0,0.0,0.0,3.1,1.5,7.6,-19.9,13.6,0,0,12.2,1,13222,1,13222,13257,19305,20732,14933,15070,17542,15070,11735,13459,1,14058,16534,19570,17877,16469,12854,8263,8846,10459,14883,20208,21512,23605,2246,150,23936,1,23:34
2024-25,1630228,Jonathan Kuminga,Jonathan,1610612744,GSW,Golden State Warriors,0022401047,2025-03-25T00:00:00,GSW @ MIA,L,24.816666666666666,5.8,14.5,0.4,1.5,4.4,0.333,8.7,13.1,0.667,0.0,2.9,2.9,2.9,1.5,2.9,0.0,0.0,0.0,8.7,21.8,-18.9,36.8,0,0,34.8,1,13222,1,13222,12165,12107,9347,14933,12252,14789,9209,1104,578,9425,14058,17082,19992,13272,13009,3407,8263,8846,20257,750,6416,21191,9803,2246,150,10220,1,24:49
2024-25,1641710,Anthony Black,Anthony,1610612753,ORL,Orlando Magic,0022401045,2025-03-25T00:00:00,ORL @ CHA,W,29.983333333333334,9.6,21.6,0.444,2.4,9.6,0.25,2.4,2.4,1.0,3.6,2.4,6.0,0.0,0.0,1.2,2.4,3.6,6.0,3.6,24.0,20.4,42.0,0,0,39.6,1,1,13086,1,7797,3718,1982,13045,8484,3974,11902,9334,11486,1,4209,18480,12267,19908,16469,10167,2552,845,2939,7385,4790,3842,6602,2246,150,6997,1,29:59
2024-25,1630241,Sam Merrill,Sam,1610612739,CLE,Cleveland Cavaliers,0022401051,2025-03-25T00:00:00,CLE @ POR,W,29.633333333333333,6.1,8.5,0.714,4.9,7.3,0.667,0.0,0.0,0.0,0.0,2.4,2.4,3.6,0.0,0.0,0.0,0.0,2.4,0.0,17.0,1.2,25.4,0,0,27.9,1,1,13086,1,8100,11300,19480,2752,2473,7842,1957,13505,14344,13505,14058,18396,20934,10953,16469,12854,8263,8846,13071,17725,10836,12000,18013,2246,150,15466,1,29:38
2024-25,1642285,Cam Spencer,Cam,1610612763,MEM,Memphis Grizzlies,0022401050,2025-03-25T00:00:00,MEM @ UTA,W,6.85,5.3,15.8,0.333,0.0,5.3,0.0,10.5,10.5,1.0,0.0,10.5,10.5,5.3,0.0,0.0,0.0,0.0,0.0,5.3,21.0,21.0,41.5,0,0,36.8,1,1,13086,1,23234,13650,7448,17395,15070,12577,15070,562,1185,1,14058,2219,4895,6922,16469,12854,8263,8846,20257,3692,7064,3691,6877,2246,150,8855,1,6:51
2024-25,1629636,Darius Garland,Darius,1610612739,CLE,Cleveland Cavaliers,0022401051,2025-03-25T00:00:00,CLE @ POR,W,33.06666666666667,12.0,20.7,0.579,1.1,3.3,0.333,4.4,4.4,1.0,0.0,5.4,5.4,8.7,4.4,1.1,0.0,0.0,2.2,3.3,29.4,5.4,47.9,0,0,46.8,1,1,13086,1,5096,1541,2525,6486,14012,17146,9209,5059,7100,1,14058,9684,13691,2262,3211,11114,8263,8846,14205,8362,2300,9868,4010,2246,150,3546,1,33:04
2024-25,1642276,Kel'el Ware,Kel'el,1610612748,MIA,Miami Heat,0022401047,2025-03-25T00:00:00,MIA vs. GSW,W,27.966666666666665,9.0,14.2,0.636,0.0,1.3,0.0,0.0,0.0,0.0,1.3,11.6,12.9,0.0,2.6,0.0,1.3,1.3,5.1,0.0,18.0,5.1,34.8,1,0,33.5,1,1,13086,1,9569,4685,9907,4689,15070,20511,15070,13505,14344,13505,11254,1574,2891,19908,7967,12854,5704,5718,4284,17725,9813,10027,11238,1,150,11268,1,27:58
2024-25,1630596,Evan Mobley,Evan,1610612739,CLE,Cleveland Cavaliers,0022401051,2025-03-25T00:00:00,CLE @ POR,W,33.36666666666667,8.6,16.2,0.533,0.0,2.2,0.0,5.4,7.6,0.714,1.1,11.9,12.9,4.3,3.2,0.0,4.3,0.0,3.2,4.3,22.7,5.4,54.4,1,0,48.6,1,1,13086,1,4841,5375,6855,8140,15070,19242,15070,3537,2847,9244,12646,1428,2837,9085,5710,12854,748,8846,9710,5543,5731,9891,2122,1,150,2970,1,33:22
2024-25,1630572,Sandro Mamukelashvili,Sandro,1610612759,SAS,San Antonio Spurs,0022401046,2025-03-25T00:00:00,SAS @ DET,L,16.9,8.5,14.9,0.571,6.4,8.5,0.75,0.0,4.3,0.0,4.3,0.0,4.3,2.1,0.0,0.0,0.0,0.0,10.7,2.1,23.4,-29.8,31.7,0,0,36.2,1,13222,1,13222,18320,5577,8732,6538,1065,5550,1542,13505,7289,13505,3232,22137,16641,15893,16469,12854,8263,8846,592,12480,5178,23705,13522,2246,150,9217,1,16:54
2024-25,1641709,Ausar Thompson,Ausar,1610612765,DET,Detroit Pistons,0022401046,2025-03-25T00:00:00,DET vs. SAS,W,26.986666666666668,8.0,13.3,0.6,1.3,4.0,0.333,1.3,2.7,0.5,2.7,5.3,8.0,4.0,1.3,2.7,0.0,0.0,5.3,1.3,18.7,10.7,41.0,0,0,37.4,1,1,13086,1,10347,6627,11230,5394,12719,15582,9209,12218,10819,10625,6187,9933,8263,9934,13651,3975,8263,8846,3954,15749,9142,7382,7193,2246,150,8471,1,26:59
2024-25,1631216,Caleb Houstan,Caleb,1610612753,ORL,Orlando Magic,0022401045,2025-03-25T00:00:00,ORL @ CHA,W,22.65,6.4,11.1,0.571,6.4,9.5,0.667,0.0,0.0,0.0,0.0,0.0,0.0,0.0,0.0,0.0,0.0,0.0,4.8,0.0,19.1,15.9,19.1,0,0,25.4,1,1,13086,1,13991,10546,15151,6538,1081,4055,1957,13505,14344,13505,14058,22137,23286,19908,16469,12854,8263,8846,5135,17725,8783,5290,21600,2246,150,17332,1,22:39
2024-25,1628384,OG Anunoby,OG,1610612752,NYK,New York Knicks,0022401048,2025-03-25T00:00:00,NYK vs. DAL,W,38.18333333333333,14.1,22.6,0.625,2.8,5.7,0.5,1.9,1.9,1.0,1.9,2.8,4.7,0.9,0.9,1.9,0.9,1.9,1.9,0.9,33.0,22.6,47.6,0,0,47.1,1,1,13086,1,1281,663,1534,4899,7123,11560,3944,11002,13016,1,8878,17305,15519,19812,16180,6831,7875,3608,15764,17561,1320,3340,4107,2246,150,3419,1,38:11
2024-25,1628991,Jaren Jackson Jr.,Jaren,1610612763,MEM,Memphis Grizzlies,0022401050,2025-03-25T00:00:00,MEM @ UTA,W,22.866666666666667,12.6,18.9,0.667,3.1,4.7,0.667,1.6,3.1,0.5,1.6,3.1,4.7,1.6,1.6,1.6,3.1,1.6,3.1,1.6,29.9,20.5,50.5,0,0,48.8,1,1,13086,1,13818,1201,3852,3281,6099,13902,1957,11639,9616,10625,10028,16263,15499,17728,12445,8091,1522,4508,10095,14712,2112,3823,3119,2246,150,2887,1,22:52
2024-25,1628404,Josh Hart,Josh,1610612752,NYK,New York Knicks,0022401048,2025-03-25T00:00:00,NYK vs. DAL,W,33.43333333333333,6.5,9.7,0.667,2.2,2.2,1.0,2.2,2.2,1.0,1.1,11.8,12.9,11.8,2.2,2.2,0.0,1.1,2.2,1.1,17.2,10.8,54.8,1,1,48.5,1,1,13086,1,4782,10283,17597,3281,9433,19257,1,10110,12239,1,12661,1446,2859,754,9708,5570,8263,7257,14333,17017,10600,7334,2031,1,1,3001,1,33:26
2024-25,1642270,Donovan Clingan,Donovan,1610612757,POR,Portland Trail Blazers,0022401051,2025-03-25T00:00:00,POR vs. CLE,L,31.616666666666667,6.8,11.4,0.6,2.3,3.4,0.667,4.6,8.0,0.571,9.1,4.6,13.7,2.3,1.1,1.1,3.4,0.0,4.6,4.6,20.5,-3.4,52.8,1,0,47.8,1,13222,1,13222,6321,9342,14687,5394,8938,16835,1957,4753,2542,10536,531,12114,2403,15313,14879,10688,1292,8846,5657,5036,7500,14765,2499,1,150,3212,1,31:37
2024-25,1630643,Jay Huff,Jay,1610612763,MEM,Memphis Grizzlies,0022401050,2025-03-25T00:00:00,MEM @ UTA,W,17.833333333333332,12.1,26.2,0.462,2.0,12.1,0.167,4.0,4.0,1.0,4.0,8.1,12.1,0.0,2.0,0.0,2.0,4.0,4.0,2.0,30.3,46.4,48.9,0,0,48.4,1,1,13086,1,17681,1454,607,12428,10076,1722,14236,5628,7765,1,3553,4601,3410,19908,10433,12854,3424,640,7034,12989,1992,657,3677,2246,150,3003,1,17:50
2024-25,203939,Dwight Powell,Dwight,1610612742,DAL,Dallas Mavericks,0022401048,2025-03-25T00:00:00,DAL @ NYK,L,20.566666666666666,1.8,3.5,0.5,0.0,0.0,0.0,3.5,3.5,1.0,0.0,5.3,5.3,5.3,3.5,3.5,0.0,0.0,7.0,3.5,7.0,-3.5,28.2,0,0,24.5,1,13222,1,13222,15592,21829,24311,8526,15070,20945,15070,6701,8881,1,14058,10156,14156,6935,5009,2238,8263,8846,1977,7656,20726,14796,16086,2246,150,18005,1,20:34
2024-25,1629652,Luguentz Dort,Luguentz,1610612760,OKC,Oklahoma City Thunder,0022401052,2025-03-25T00:00:00,OKC @ SAC,W,31.55,5.7,10.3,0.556,3.4,6.8,0.5,0.0,0.0,0.0,1.1,3.4,4.6,1.1,1.1,1.1,1.1,0.0,4.6,1.1,14.8,13.7,27.7,0,0,28.5,1,1,13086,1,6376,12401,16616,7248,5326,8786,3944,13505,14344,13505,12187,15448,15889,19222,14855,10667,6533,8846,5636,16702,13084,6130,16409,2246,150,15054,1,31:33
2024-25,1630194,Paul Reed,Paul,1610612765,DET,Detroit Pistons,0022401046,2025-03-25T00:00:00,DET vs. SAS,W,4.25,8.5,16.9,0.5,8.5,8.5,1.0,0.0,0.0,0.0,0.0,0.0,0.0,0.0,0.0,0.0,0.0,0.0,8.5,0.0,25.4,25.4,25.4,0,0,33.9,1,1,13086,1,24355,5666,5861,8526,372,5630,1,13505,14344,13505,14058,22137,23286,19908,16469,12854,8263,8846,1147,17725,3984,2724,17991,2246,150,10935,1,4:15
2024-25,1631165,Keon Ellis,Keon,1610612758,SAC,Sacramento Kings,0022401052,2025-03-25T00:00:00,SAC vs. OKC,L,37.43333333333333,3.8,10.6,0.364,3.8,7.7,0.5,0.0,0.0,0.0,0.0,2.9,2.9,3.8,1.0,3.8,1.9,1.0,3.8,2.9,11.5,-9.6,37.1,0,0,33.7,1,13222,1,13222,1716,17460,16094,16861,4324,7015,3944,13505,14344,13505,14058,17132,20030,10379,16079,1794,3697,8253,7611,9638,16627,17727,9609,2246,150,11108,1,37:26
2024-25,1630700,Dyson Daniels,Dyson,1610612737,ATL,Atlanta Hawks,0022401049,2025-03-25T00:00:00,ATL @ HOU,L,36.016666666666666,7.0,14.0,0.5,3.0,6.0,0.5,2.0,2.0,1.0,4.0,4.0,8.0,10.0,2.0,4.0,0.0,0.0,3.0,1.0,19.0,10.0,53.6,1,0,48.0,1,13222,1,13222,2671,8943,10182,8526,6526,10713,3944,10648,12726,1,3596,13729,8277,1442,10528,1640,8263,8846,10744,17398,8865,7699,2309,1,150,3151,1,36:01
2024-25,1630163,LaMelo Ball,LaMelo,1610612766,CHA,Charlotte Hornets,0022401045,2025-03-25T00:00:00,CHA vs. ORL,L,28.77166666666667,11.3,16.3,0.692,3.8,5.0,0.75,5.0,5.0,1.0,0.0,1.3,1.3,11.3,5.0,0.0,0.0,0.0,7.5,3.8,31.3,-8.8,44.7,0,0,47.5,1,13222,1,13222,8865,2039,6732,3171,4563,13203,1542,4033,5911,1,14058,21397,22878,912,2335,12854,8263,8846,1641,6976,1704,17310,5343,2246,150,3288,1,28:46
2024-25,1642271,Kyle Filipowski,Kyle,1610612762,UTA,Utah Jazz,0022401050,2025-03-25T00:00:00,UTA vs. MEM,L,24.433333333333334,5.9,8.8,0.667,2.9,4.4,0.667,4.4,4.4,1.0,0.0,2.9,2.9,0.0,2.9,1.5,0.0,0.0,0.0,5.9,19.2,-35.4,24.2,0,0,28.0,1,13222,1,13222,12541,11817,18954,3281,6689,14636,1957,4957,6994,1,14058,16898,19861,19908,6645,8517,8263,8846,20257,2751,8690,24457,18833,2246,150,15428,1,24:26
2024-25,1629611,Terance Mann,Terance,1610612737,ATL,Atlanta Hawks,0022401049,2025-03-25T00:00:00,ATL @ HOU,L,24.5,10.3,17.6,0.583,2.9,7.3,0.4,0.0,0.0,0.0,2.9,2.9,5.9,1.5,1.5,1.5,0.0,0.0,5.9,1.5,23.5,-10.3,35.7,0,0,36.7,1,13222,1,13222,12473,2923,5104,6296,6726,7729,7874,13505,14344,13505,5482,16940,12573,18096,12905,8533,8263,8846,3104,15131,5120,18014,10572,2246,150,8894,1,24:30
2024-25,1629723,John Konchar,John,1610612763,MEM,Memphis Grizzlies,0022401050,2025-03-25T00:00:00,MEM @ UTA,W,19.618333333333332,5.5,9.2,0.6,3.7,5.5,0.667,0.0,0.0,0.0,1.8,11.0,12.8,5.5,0.0,0.0,0.0,0.0,1.8,0.0,14.7,14.7,38.4,0,0,36.7,1,1,13086,1,16323,12966,18450,5394,4758,11933,1957,13505,14344,13505,9112,1897,2914,6415,16469,12854,8263,8846,16016,17725,13212,5750,8808,2246,150,8916,1,19:37
2024-25,1630166,Deni Avdija,Deni,1610612757,POR,Portland Trail Blazers,0022401051,2025-03-25T00:00:00,POR vs. CLE,L,37.733333333333334,5.7,16.2,0.353,2.9,8.6,0.333,1.9,5.7,0.333,2.9,6.7,9.5,5.7,2.9,1.0,0.0,1.0,1.9,3.8,16.2,-2.9,36.3,1,0,36.3,1,13222,1,13222,1546,12342,6805,17268,7015,5442,9209,10919,4861,13132,5695,6939,6005,6001,6986,12316,8263,8306,15627,6802,11707,14492,10192,1,150,9186,1,37:44
2024-25,203552,Seth Curry,Seth,1610612766,CHA,Charlotte Hornets,0022401045,2025-03-25T00:00:00,CHA vs. ORL,L,6.466666666666667,5.6,22.3,0.25,5.6,11.1,0.5,5.6,5.6,1.0,0.0,5.6,5.6,0.0,0.0,0.0,0.0,5.6,0.0,5.6,22.3,16.7,28.9,0,0,33.4,1,13222,1,13222,23380,12799,1692,20233,1685,2383,3944,3347,5092,1,14058,9367,13367,19908,16469,12854,8263,270,20257,3238,6027,5003,15527,2246,150,11316,1,6:28
2024-25,1631106,Tari Eason,Tari,1610612745,HOU,Houston Rockets,0022401049,2025-03-25T00:00:00,HOU vs. ATL,W,25.416666666666668,4.2,14.2,0.3,0.0,4.2,0.0,5.7,5.7,1.0,7.1,12.7,19.8,0.0,1.4,1.4,0.0,0.0,2.8,2.8,14.2,-11.3,40.8,1,0,36.8,1,1,13086,1,11644,16465,9897,19363,15070,15012,15070,3228,4948,1,1109,1092,557,19908,13192,8820,8263,8846,11499,9855,13773,18447,7281,1,150,8823,1,25:25
2024-25,203110,Draymond Green,Draymond,1610612744,GSW,Golden State Warriors,0022401047,2025-03-25T00:00:00,GSW @ MIA,L,23.188333333333333,1.6,6.2,0.25,0.0,4.7,0.0,0.0,0.0,0.0,3.1,4.7,7.8,4.7,4.7,0.0,0.0,0.0,1.6,3.1,3.1,-35.7,14.7,0,0,15.5,1,13222,1,13222,13566,22107,22411,20233,15070,14063,15070,13505,14344,13505,5125,11833,8694,8284,2772,12854,8263,8846,17035,8873,22921,24492,23263,2246,150,22870,1,23:11
2024-25,1630703,Scoot Henderson,Scoot,1610612757,POR,Portland Trail Blazers,0022401051,2025-03-25T00:00:00,POR vs. CLE,L,30.0,7.2,14.4,0.5,2.4,8.4,0.286,4.8,4.8,1.0,2.4,4.8,7.2,7.2,2.4,0.0,0.0,0.0,2.4,2.4,21.6,-2.4,38.6,0,0,38.4,1,13222,1,13222,7781,8449,9521,8526,8487,5747,11433,4345,6302,1,6919,11436,9739,3761,8654,12854,8263,8846,13205,11348,6543,14257,8628,2246,150,7766,1,30:00
2024-25,203937,Kyle Anderson,Kyle,1610612748,MIA,Miami Heat,0022401047,2025-03-25T00:00:00,MIA vs. GSW,W,20.013333333333332,5.4,5.4,1.0,1.8,1.8,1.0,0.0,0.0,0.0,0.0,5.4,5.4,5.4,3.6,3.6,0.0,0.0,0.0,1.8,12.6,43.2,34.4,0,0,32.4,1,1,13086,1,16008,13284,23185,1,11082,19921,1,13505,14344,13505,14058,9797,13824,6643,4786,2098,8263,8846,20257,13945,15508,773,11552,2246,150,12084,1,20:01
2024-25,203084,Harrison Barnes,Harrison,1610612759,SAS,San Antonio Spurs,0022401046,2025-03-25T00:00:00,SAS @ DET,L,23.033333333333335,1.6,14.1,0.111,1.6,10.9,0.143,9.4,9.4,1.0,1.6,4.7,6.3,4.7,1.6,0.0,0.0,0.0,3.1,6.3,14.1,-6.3,27.0,0,0,26.6,1,13222,1,13222,13699,22088,10067,22520,11812,2551,14649,879,1674,1,10062,11737,11707,8209,12494,12854,8263,8846,10186,2331,13875,16190,16909,2246,150,16488,1,23:02
2024-25,1631095,Jabari Smith Jr.,Jabari,1610612745,HOU,Houston Rockets,0022401049,2025-03-25T00:00:00,HOU vs. ATL,W,33.15,5.4,13.0,0.417,3.3,9.8,0.333,4.3,4.3,1.0,1.1,4.3,5.4,1.1,1.1,2.2,0.0,0.0,1.1,2.2,18.5,4.3,32.0,0,0,32.6,1,1,13086,1,5027,13190,11799,14532,5786,3749,9209,5083,7121,1,12584,12672,13733,19392,15230,5504,8263,8846,19180,12285,9350,10453,13294,2246,150,11956,1,33:09
2024-25,1629006,Josh Okogie,Josh,1610612766,CHA,Charlotte Hornets,0022401045,2025-03-25T00:00:00,CHA vs. ORL,L,15.866666666666667,0.0,4.5,0.0,0.0,2.3,0.0,6.8,9.1,0.75,0.0,2.3,2.3,2.3,0.0,2.3,0.0,0.0,2.3,6.8,6.8,-15.9,19.7,0,0,15.9,1,13222,1,13222,19018,22635,23780,22635,15070,19048,15070,2154,1830,8186,14058,18860,21273,15354,16469,5150,8263,8846,13784,1819,20858,20223,21291,2246,150,22761,1,15:52
2024-25,1629631,De'Andre Hunter,De'Andre,1610612739,CLE,Cleveland Cavaliers,0022401051,2025-03-25T00:00:00,CLE @ POR,W,23.166666666666668,7.8,15.5,0.5,1.6,4.7,0.333,0.0,0.0,0.0,3.1,1.6,4.7,0.0,0.0,1.6,0.0,3.1,3.1,1.6,17.1,10.9,27.3,0,0,26.4,1,1,13086,1,13583,7120,7767,8526,11848,14054,9209,13505,14344,13505,5116,20762,15666,19908,16469,8172,8263,1229,10243,14783,10748,7286,16699,2246,150,16608,1,23:10
2024-25,1630577,Julian Champagnie,Julian,1610612759,SAS,San Antonio Spurs,0022401046,2025-03-25T00:00:00,SAS @ DET,L,22.466666666666665,1.6,11.2,0.143,0.0,9.6,0.0,3.2,3.2,1.0,1.6,8.0,9.6,3.2,1.6,3.2,0.0,0.0,3.2,1.6,6.4,-32.0,30.8,0,0,25.6,1,13222,1,13222,14137,22027,14999,22260,15070,3961,15070,7320,9512,1,9908,4688,5906,12280,12319,2728,8263,8846,9839,14622,21115,24036,14229,2246,150,17180,1,22:28
2024-25,1642403,Isaac Jones,Isaac,1610612758,SAC,Sacramento Kings,0022401052,2025-03-25T00:00:00,SAC vs. OKC,L,1.8833333333333333,0.0,0.0,0.0,0.0,0.0,0.0,0.0,0.0,0.0,0.0,19.1,19.1,19.1,0.0,0.0,0.0,0.0,0.0,0.0,0.0,172.0,51.6,0,0,38.2,1,13222,1,13222,25524,22635,24836,22635,15070,20945,15070,13505,14344,13505,14058,199,666,106,16469,12854,8263,8846,20257,17725,23200,18,2800,2246,150,7870,1,1:53
2024-25,1631105,Jalen Duren,Jalen,1610612765,DET,Detroit Pistons,0022401046,2025-03-25T00:00:00,DET vs. SAS,W,24.033333333333335,9.0,13.5,0.667,0.0,0.0,0.0,3.0,7.5,0.4,1.5,4.5,6.0,10.5,1.5,0.0,0.0,0.0,4.5,6.0,21.0,16.5,42.4,0,0,37.4,1,1,13086,1,12869,4733,11031,3281,15070,20945,15070,7823,2916,13061,10329,12277,12306,1210,12749,12854,8263,8846,5793,2635,7114,5079,6431,2246,150,8400,1,24:02
2024-25,1631246,Vince Williams Jr.,Vince,1610612763,MEM,Memphis Grizzlies,0022401050,2025-03-25T00:00:00,MEM @ UTA,W,21.631666666666668,8.3,11.6,0.714,5.0,8.3,0.6,3.3,3.3,1.0,0.0,6.7,6.7,1.7,3.3,0.0,0.0,0.0,1.7,1.7,25.0,51.6,32.1,0,0,38.3,1,1,13086,1,14830,5946,14220,2752,2281,5879,2992,7052,9242,1,14058,6983,10824,17460,5424,12854,8263,8846,16643,14394,4232,511,13242,2246,150,7845,1,21:38
2024-25,1628379,Luke Kennard,Luke,1610612763,MEM,Memphis Grizzlies,0022401050,2025-03-25T00:00:00,MEM @ UTA,W,23.466666666666665,4.6,13.8,0.333,3.1,10.7,0.286,0.0,0.0,0.0,1.5,3.1,4.6,9.2,1.5,1.5,0.0,0.0,3.1,1.5,12.3,21.5,34.7,0,0,32.2,1,1,13086,1,13330,15493,10479,17395,6299,2743,11433,13505,14344,13505,10174,16493,15804,1865,12598,8261,8263,8846,10397,14856,15850,3585,11321,2246,150,12204,1,23:28
2024-25,1630230,Naji Marshall,Naji,1610612742,DAL,Dallas Mavericks,0022401048,2025-03-25T00:00:00,DAL @ NYK,L,38.3,16.0,23.5,0.68,0.9,2.8,0.333,2.8,4.7,0.6,1.9,4.7,6.6,0.9,0.0,0.9,0.0,0.9,0.9,2.8,35.7,-13.2,47.8,0,0,46.1,1,13222,1,13222,1212,360,1223,3276,14837,18017,9209,8287,6479,10343,8895,11705,11000,19816,16469,12440,8263,8422,20020,9888,871,19178,4031,2246,150,3797,1,38:18
2024-25,1626166,Cameron Payne,Cameron,1610612752,NYK,New York Knicks,0022401048,2025-03-25T00:00:00,NYK vs. DAL,W,29.75,1.2,3.6,0.333,0.0,2.4,0.0,0.0,0.0,0.0,0.0,3.6,3.6,6.1,2.4,2.4,0.0,0.0,3.6,2.4,2.4,23.0,20.7,0,0,16.9,1,1,13086,1,8001,22485,24258,17395,15070,18766,15070,13505,14344,13505,14058,14849,18254,5395,8573,4631,8263,8846,8328,11265,23089,3270,20841,2246,150,22331,1,29:45
2024-25,1630224,Jalen Green,Jalen,1610612745,HOU,Houston Rockets,0022401049,2025-03-25T00:00:00,HOU vs. ATL,W,40.8,12.4,21.2,0.583,0.9,6.2,0.143,2.6,4.4,0.6,0.0,9.7,9.7,3.5,4.4,1.8,0.0,0.0,0.9,5.3,28.2,3.5,46.1,1,0,45.9,1,1,13086,1,403,1324,2217,6296,14993,10248,14649,8695,7012,10343,14058,2813,5794,11309,3124,7387,8263,8846,20179,3636,2697,10881,4723,1,150,3866,1,40:48
2024-25,1631101,Shaedon Sharpe,Shaedon,1610612757,POR,Portland Trail Blazers,0022401051,2025-03-25T00:00:00,POR vs. CLE,L,39.583333333333336,7.3,18.2,0.4,0.9,4.5,0.2,0.9,0.9,1.0,0.9,2.7,3.6,1.8,0.9,1.8,0.0,0.9,0.9,1.8,16.4,-9.1,28.0,0,0,26.4,1,13222,1,13222,692,8279,4469,14933,14930,14324,13429,13442,14310,1,13866,17613,18231,17027,16324,7167,8263,8610,20122,13854,11530,17474,16226,2246,150,16648,1,39:35
2024-25,1641764,Brandin Podziemski,Brandin,1610612744,GSW,Golden State Warriors,0022401047,2025-03-25T00:00:00,GSW @ MIA,L,30.278333333333332,7.1,19.0,0.375,2.4,7.1,0.333,0.0,1.2,0.0,1.2,2.4,3.6,4.8,1.2,2.4,0.0,0.0,1.2,2.4,16.6,-4.8,34.0,0,0,32.1,1,13222,1,13222,7525,8620,3740,16299,8559,8180,9209,13505,13904,13505,11871,18554,18407,8033,14527,4772,8263,8846,18598,11439,11226,15449,11809,2246,150,12296,1,30:17
2024-25,1627747,Caris LeVert,Caris,1610612737,ATL,Atlanta Hawks,0022401049,2025-03-25T00:00:00,ATL @ HOU,L,19.63,3.7,16.5,0.222,1.8,9.2,0.2,0.0,0.0,0.0,1.8,0.0,1.8,0.0,0.0,1.8,0.0,0.0,0.0,0.0,9.2,-12.8,16.9,0,0,16.5,1,13222,1,13222,16322,17924,6416,21205,10938,4584,13429,13505,14344,13505,9116,22137,22108,19908,16469,7101,8263,8846,20257,17725,18925,19071,22537,2246,150,22503,1,19:38
2024-25,1629731,Dean Wade,Dean,1610612739,CLE,Cleveland Cavaliers,0022401051,2025-03-25T00:00:00,CLE @ POR,W,20.833333333333332,1.7,3.5,0.5,1.7,3.5,0.5,0.0,0.0,0.0,1.7,0.0,1.7,1.7,0.0,0.0,3.5,0.0,0.0,1.7,5.2,13.8,20.2,0,0,17.3,1,1,13086,1,15405,21865,24329,8526,11315,16743,3944,13505,14344,13505,9480,22137,22264,17287,16469,12854,1263,8846,20257,14190,21920,6070,21053,2246,150,22180,1,20:50
2024-25,1642278,Tyler Kolek,Tyler,1610612752,NYK,New York Knicks,0022401048,2025-03-25T00:00:00,NYK vs. DAL,W,19.366666666666667,1.9,5.6,0.333,0.0,1.9,0.0,0.0,0.0,0.0,0.0,1.9,1.9,16.7,0.0,0.0,1.9,0.0,3.7,1.9,3.7,-1.9,36.6,0,0,26.0,1,1,13086,1,16522,21646,23022,17395,15070,19814,15070,13505,14344,13505,14058,20087,22070,173,16469,12854,3906,8846,8013,13700,22679,13955,9942,2246,150,16909,1,19:22
2024-25,1631104,Blake Wesley,Blake,1610612759,SAS,San Antonio Spurs,0022401046,2025-03-25T00:00:00,SAS @ DET,L,22.95,3.1,11.0,0.286,1.6,4.7,0.333,0.0,0.0,0.0,3.1,1.6,4.7,0.0,1.6,1.6,0.0,0.0,1.6,1.6,7.8,-29.8,16.6,0,0,17.3,1,13222,1,13222,13753,19126,15384,19630,11795,13937,9209,13505,14344,13505,5064,20740,15540,19908,12466,8112,8263,8846,16967,14731,20048,23702,22617,2246,150,22191,1,22:57
2024-25,1641729,Brice Sensabaugh,Brice,1610612762,UTA,Utah Jazz,0022401050,2025-03-25T00:00:00,UTA vs. MEM,L,21.115,5.1,8.5,0.6,5.1,8.5,0.6,0.0,0.0,0.0,0.0,1.7,1.7,8.5,1.7,1.7,1.7,0.0,3.4,0.0,15.3,-29.0,38.7,0,0,37.5,1,13222,1,13222,15220,14043,19456,5394,2142,5542,2992,13505,14344,13505,14058,20449,22295,2402,11894,7590,4280,8846,9044,17725,12575,23587,8596,2246,150,8359,1,21:07
2024-25,202691,Klay Thompson,Klay,1610612742,DAL,Dallas Mavericks,0022401048,2025-03-25T00:00:00,DAL @ NYK,L,21.766666666666666,3.3,18.2,0.182,0.0,5.0,0.0,3.3,3.3,1.0,1.7,3.3,5.0,1.7,1.7,0.0,0.0,1.7,1.7,3.3,9.9,-24.8,16.7,0,0,16.5,1,13222,1,13222,14698,18734,4465,21891,15070,13293,15070,7093,9289,1,9733,15768,14900,17489,12117,12854,8263,4275,16687,8226,18235,22763,22594,2246,150,22492,1,21:46
2024-25,1641842,Ronald Holland II,Ronald,1610612765,DET,Detroit Pistons,0022401046,2025-03-25T00:00:00,DET vs. SAS,W,17.786666666666665,6.1,8.1,0.75,2.0,2.0,1.0,2.0,2.0,1.0,2.0,10.1,12.1,4.0,4.0,0.0,2.0,0.0,2.0,4.0,16.2,34.4,38.9,0,0,38.5,1,1,13086,1,17715,11313,20094,2107,10050,19512,1,10557,12652,1,8282,2489,3383,9807,3785,12854,3409,8846,15006,6176,11733,1455,8500,2246,150,7730,1,17:47
2024-25,1628386,Jarrett Allen,Jarrett,1610612739,CLE,Cleveland Cavaliers,0022401051,2025-03-25T00:00:00,CLE @ POR,W,28.516666666666666,7.6,13.9,0.545,0.0,0.0,0.0,2.5,3.8,0.667,3.8,6.3,10.1,2.5,3.8,1.3,0.0,1.3,5.0,3.8,17.7,10.1,33.6,0,0,32.8,1,1,13086,1,9103,7579,10362,7695,15070,20945,15070,8977,8281,9425,3904,7673,5329,14456,4355,9700,8263,5856,4498,6880,10144,7653,12127,2246,150,11790,1,28:31
2024-25,1631096,Chet Holmgren,Chet,1610612760,OKC,Oklahoma City Thunder,0022401052,2025-03-25T00:00:00,OKC @ SAC,W,33.288333333333334,7.6,15.1,0.5,1.1,2.2,0.5,3.2,4.3,0.75,1.1,9.7,10.8,2.2,2.2,2.2,0.0,2.2,3.2,2.2,19.5,10.8,40.0,1,0,37.9,1,1,13086,1,4908,7597,8357,8526,14062,19236,3944,7219,7156,8186,12627,2789,4583,15753,9675,5536,8263,2732,9680,12332,8409,7322,7753,1,150,8129,1,33:17
2024-25,1631243,Mouhamed Gueye,Mouhamed,1610612737,ATL,Atlanta Hawks,0022401049,2025-03-25T00:00:00,ATL @ HOU,L,8.633333333333333,0.0,12.5,0.0,0.0,8.3,0.0,16.7,16.7,1.0,4.2,12.5,16.7,4.2,4.2,0.0,0.0,0.0,4.2,8.3,16.7,-16.7,38.8,0,0,37.5,1,13222,1,13222,22586,22635,12711,22635,15070,5844,15070,123,234,1,3337,1156,1212,9470,3550,12854,8263,8846,6635,876,11195,20505,8551,2246,150,8342,1,8:38
2024-25,1630191,Isaiah Stewart,Isaiah,1610612765,DET,Detroit Pistons,0022401046,2025-03-25T00:00:00,DET vs. SAS,W,19.716666666666665,3.7,5.5,0.667,0.0,0.0,0.0,0.0,0.0,0.0,1.8,9.1,11.0,3.7,0.0,0.0,5.5,0.0,1.8,0.0,7.3,21.9,42.4,0,0,32.9,1,1,13086,1,16246,17963,23109,3281,15070,20945,15070,13505,14344,13505,9145,3378,4449,10928,16469,12854,400,8846,16059,17725,20483,3477,6450,2246,150,11756,1,19:43
2024-25,1630217,Desmond Bane,Desmond,1610612763,MEM,Memphis Grizzlies,0022401050,2025-03-25T00:00:00,MEM @ UTA,W,29.701666666666668,9.7,19.4,0.5,2.4,4.8,0.5,3.6,3.6,1.0,1.2,3.6,4.8,7.3,1.2,1.2,1.2,0.0,0.0,6.1,25.5,24.2,48.2,0,0,44.8,1,1,13086,1,8038,3607,3424,8526,8402,13576,3944,6417,8618,1,11712,14834,15187,3662,14360,10079,6103,8846,20257,2546,3963,2978,3899,2246,150,4332,1,29:42
2024-25,202710,Jimmy Butler III,Jimmy,1610612744,GSW,Golden State Warriors,0022401047,2025-03-25T00:00:00,GSW @ MIA,L,28.716666666666665,6.3,15.0,0.417,0.0,2.5,0.0,1.3,1.3,1.0,6.3,1.3,7.5,2.5,0.0,1.3,0.0,2.5,0.0,2.5,13.8,-23.8,30.3,0,0,26.3,1,13222,1,13222,8903,10803,8534,14532,15070,18608,15070,12439,13809,1,1492,21390,9128,14521,16469,9775,8263,2032,20257,10968,14174,22528,14550,2246,150,16699,1,28:43
2024-25,1630625,Dalano Banton,Dalano,1610612757,POR,Portland Trail Blazers,0022401051,2025-03-25T00:00:00,POR vs. CLE,L,13.8,2.6,15.7,0.167,2.6,5.2,0.5,0.0,0.0,0.0,5.2,5.2,10.4,5.2,0.0,0.0,0.0,2.6,0.0,0.0,7.8,-23.5,28.2,0,0,26.1,1,13222,1,13222,20303,20263,7621,21938,7794,12659,3944,13505,14344,13505,2178,10237,4972,6997,16469,12854,8263,1863,20257,17725,20068,22457,16090,2246,150,16875,1,13:48
2024-25,201942,DeMar DeRozan,DeMar,1610612758,SAC,Sacramento Kings,0022401052,2025-03-25T00:00:00,SAC vs. OKC,L,38.06666666666667,3.8,14.2,0.267,0.9,2.8,0.333,0.9,0.9,1.0,0.0,5.7,5.7,5.7,0.9,0.9,0.9,0.9,0.9,1.9,9.5,-9.5,29.5,0,0,25.5,1,13222,1,13222,1345,17613,9860,20170,14808,17983,9209,13382,14285,1,14058,9109,13097,6089,16166,12391,7858,8373,19991,13555,18680,17647,15143,2246,150,17259,1,38:04
2024-25,1629004,Svi Mykhailiuk,Svi,1610612762,UTA,Utah Jazz,0022401050,2025-03-25T00:00:00,UTA vs. MEM,L,9.816666666666666,0.0,7.3,0.0,0.0,3.7,0.0,0.0,0.0,0.0,0.0,3.7,3.7,3.7,0.0,0.0,0.0,0.0,0.0,0.0,0.0,-47.7,9.9,0,0,7.3,1,13222,1,13222,22166,22635,21161,22635,15070,16291,15070,13505,14344,13505,14058,14735,18161,10881,16469,12854,8263,8846,20257,17725,23200,25300,24437,2246,150,24860,1,9:49
2024-25,1641817,Anton Watson,Anton,1610612752,NYK,New York Knicks,0022401048,2025-03-25T00:00:00,NYK vs. DAL,W,4.033333333333333,8.9,8.9,1.0,0.0,0.0,0.0,0.0,0.0,0.0,0.0,0.0,0.0,0.0,8.9,0.0,0.0,0.0,8.9,0.0,17.9,-71.4,8.9,0,0,17.9,1,1,13086,1,24464,4839,18828,1,15070,20945,15070,13505,14344,13505,14058,22137,23286,19908,432,12854,8263,8846,985,17725,9967,25904,24580,2246,150,21930,1,4:02
2024-25,1631230,Dominick Barlow,Dominick,1610612737,ATL,Atlanta Hawks,0022401049,2025-03-25T00:00:00,ATL @ HOU,L,9.6,3.8,15.0,0.25,0.0,7.5,0.0,0.0,0.0,0.0,11.3,0.0,11.3,0.0,0.0,0.0,0.0,0.0,15.0,3.8,7.5,-41.3,21.0,0,0,18.8,1,13222,1,13222,22243,17711,8606,20233,15070,7397,15070,13505,14344,13505,291,22137,4194,19908,16469,12854,8263,8846,239,6987,20319,24926,20686,2246,150,21511,1,9:36
2024-25,1629726,Garrison Mathews,Garrison,1610612737,ATL,Atlanta Hawks,0022401049,2025-03-25T00:00:00,ATL @ HOU,L,6.45,0.0,16.7,0.0,0.0,16.7,0.0,0.0,0.0,0.0,0.0,0.0,0.0,5.6,0.0,0.0,0.0,0.0,11.2,0.0,0.0,-22.3,8.4,0,0,5.6,1,13222,1,13222,23387,22635,6128,22635,15070,434,15070,13505,14344,13505,14058,22137,23286,6288,16469,12854,8263,8846,520,17725,23200,22170,24646,2246,150,25047,1,6:27
2024-25,101108,Chris Paul,Chris,1610612759,SAS,San Antonio Spurs,0022401046,2025-03-25T00:00:00,SAS @ DET,L,21.066666666666666,1.7,6.8,0.25,1.7,6.8,0.25,0.0,0.0,0.0,0.0,1.7,1.7,5.1,3.4,3.4,1.7,0.0,5.1,0.0,5.1,-10.3,26.8,0,0,23.9,1,13222,1,13222,15243,21890,21747,20233,11370,8810,11902,13505,14344,13505,14058,20438,22289,7186,5191,2353,4273,8846,4327,17725,21942,17998,17067,2246,150,18380,1,21:04
2024-25,1629162,Jordan McLaughlin,Jordan,1610612759,SAS,San Antonio Spurs,0022401046,2025-03-25T00:00:00,SAS @ DET,L,4.516666666666667,8.0,23.9,0.333,0.0,8.0,0.0,0.0,0.0,0.0,0.0,0.0,0.0,8.0,0.0,0.0,0.0,0.0,0.0,0.0,15.9,-47.8,27.9,0,0,23.9,1,13222,1,13222,24226,6686,1085,17395,15070,6487,15070,13505,14344,13505,14058,22137,23286,2914,16469,12854,8263,8846,20257,17725,11976,25303,16298,2246,150,18387,1,4:31
2024-25,1630678,Terry Taylor,Terry,1610612758,SAC,Sacramento Kings,0022401052,2025-03-25T00:00:00,SAC vs. OKC,L,1.8833333333333333,0.0,0.0,0.0,0.0,0.0,0.0,0.0,0.0,0.0,0.0,0.0,0.0,19.1,0.0,0.0,0.0,0.0,0.0,0.0,0.0,172.0,28.7,0,0,19.1,1,13222,1,13222,25524,22635,24836,22635,15070,20945,15070,13505,14344,13505,14058,22137,23286,106,16469,12854,8263,8846,20257,17725,23200,18,15739,2246,150,21333,1,1:53
2024-25,1642384,Isaiah Crawford,Isaiah,1610612758,SAC,Sacramento Kings,0022401052,2025-03-25T00:00:00,SAC vs. OKC,L,1.8833333333333333,0.0,0.0,0.0,0.0,0.0,0.0,0.0,0.0,0.0,0.0,0.0,0.0,19.1,0.0,0.0,0.0,0.0,0.0,0.0,0.0,172.0,28.7,0,0,19.1,1,13222,1,13222,25524,22635,24836,22635,15070,20945,15070,13505,14344,13505,14058,22137,23286,106,16469,12854,8263,8846,20257,17725,23200,18,15739,2246,150,21333,1,1:53
2024-25,1630556,Kessler Edwards,Kessler,1610612742,DAL,Dallas Mavericks,0022401048,2025-03-25T00:00:00,DAL @ NYK,L,18.65,0.0,0.0,0.0,0.0,0.0,0.0,0.0,0.0,0.0,0.0,7.7,7.7,0.0,0.0,0.0,0.0,0.0,1.9,0.0,0.0,-36.7,9.3,0,0,7.7,1,13222,1,13222,17073,22635,24836,22635,15070,20945,15070,13505,14344,13505,14058,5129,8771,19908,16469,12854,8263,8846,15515,17725,23200,24587,24530,2246,150,24804,1,18:39
2024-25,1630171,Isaac Okoro,Isaac,1610612739,CLE,Cleveland Cavaliers,0022401051,2025-03-25T00:00:00,CLE @ POR,W,16.57,2.2,6.5,0.333,0.0,4.3,0.0,0.0,0.0,0.0,4.3,4.3,8.7,6.5,0.0,2.2,0.0,0.0,2.2,0.0,4.3,15.2,31.1,0,0,23.9,1,1,13086,1,18552,21090,22092,17395,15070,14808,15070,13505,14344,13505,3113,12669,7178,4685,16469,5503,8263,8846,14238,17725,22375,5541,14006,2246,150,18401,1,16:34
2024-25,1641871,Duop Reath,Duop,1610612757,POR,Portland Trail Blazers,0022401051,2025-03-25T00:00:00,POR vs. CLE,L,11.366666666666667,3.2,12.7,0.25,0.0,3.2,0.0,0.0,0.0,0.0,0.0,3.2,3.2,0.0,0.0,0.0,0.0,6.3,3.2,3.2,6.3,-22.2,10.1,0,0,9.5,1,13222,1,13222,21548,19062,12441,20233,15070,17327,15070,13505,14344,13505,14058,16201,19316,19908,16469,12854,8263,199,10007,8673,21161,22120,24391,2246,150,24527,1,11:22
2024-25,1628995,Kevin Knox II,Kevin,1610612744,GSW,Golden State Warriors,0022401047,2025-03-25T00:00:00,GSW @ MIA,L,4.216666666666667,0.0,0.0,0.0,0.0,0.0,0.0,0.0,0.0,0.0,0.0,8.5,8.5,0.0,0.0,0.0,0.0,0.0,0.0,0.0,0.0,-8.5,10.2,0,0,8.5,1,13222,1,13222,24368,22635,24836,22635,15070,20945,15070,13505,14344,13505,14058,4003,7418,19908,16469,12854,8263,8846,20257,17725,23200,17200,24375,2246,150,24674,1,4:13
2024-25,203471,Dennis Schröder,Dennis,1610612765,DET,Detroit Pistons,0022401046,2025-03-25T00:00:00,DET vs. SAS,W,22.716666666666665,3.2,9.5,0.333,0.0,1.6,0.0,4.8,4.8,1.0,0.0,3.2,3.2,9.5,0.0,0.0,0.0,0.0,6.3,3.2,11.1,11.1,29.2,0,0,23.8,1,1,13086,1,13938,19057,17930,17395,15070,20185,15070,4423,6386,1,14058,16193,19309,1701,16469,12854,8263,8846,2556,8666,17102,7194,15386,2246,150,18480,1,22:43
2024-25,1629610,DaQuan Jeffries,DaQuan,1610612766,CHA,Charlotte Hornets,0022401045,2025-03-25T00:00:00,CHA vs. ORL,L,20.833333333333332,5.2,19.0,0.273,1.7,5.2,0.333,0.0,0.0,0.0,0.0,1.7,1.7,3.5,1.7,0.0,0.0,3.5,8.6,0.0,12.1,1.7,17.6,0,0,19.0,1,13222,1,13222,15405,13861,3754,20048,11315,12743,9209,13505,14344,13505,14058,20405,22264,11530,11813,12854,8263,951,1078,17725,16039,11782,22251,2246,150,21389,1,20:50
2024-25,1641794,Dillon Jones,Dillon,1610612760,OKC,Oklahoma City Thunder,0022401052,2025-03-25T00:00:00,OKC @ SAC,W,11.578333333333333,6.2,12.4,0.5,3.1,3.1,1.0,0.0,0.0,0.0,0.0,0.0,0.0,0.0,0.0,0.0,0.0,3.1,0.0,0.0,15.5,-9.3,15.5,0,0,18.7,1,1,13086,1,21461,10925,12845,8526,6197,17443,1,13505,14344,13505,14058,22137,23286,19908,16469,12854,8263,1227,20257,17725,12380,17595,23011,2246,150,21550,1,11:35
2024-25,1631131,Oscar Tshiebwe,Oscar,1610612762,UTA,Utah Jazz,0022401050,2025-03-25T00:00:00,UTA vs. MEM,L,17.831666666666667,4.0,8.1,0.5,0.0,0.0,0.0,4.0,6.1,0.667,0.0,6.1,6.1,0.0,0.0,0.0,0.0,4.0,2.0,4.0,12.1,-10.1,19.4,0,0,18.2,1,13222,1,13222,17690,16998,20129,8526,15070,20945,15070,5627,4394,9425,14058,8214,12151,19908,16469,12854,8263,639,15034,6213,16019,17925,21466,2246,150,21791,1,17:50
2024-25,202709,Cory Joseph,Cory,1610612753,ORL,Orlando Magic,0022401045,2025-03-25T00:00:00,ORL @ CHA,W,18.016666666666666,4.0,10.0,0.4,0.0,6.0,0.0,2.0,2.0,1.0,2.0,4.0,6.0,4.0,0.0,2.0,0.0,0.0,2.0,6.0,10.0,-20.0,29.2,0,0,24.0,1,1,13086,1,17549,17100,17067,14933,15070,10716,15070,10650,12727,1,8394,13735,12300,9946,16469,6255,8263,8846,15154,2629,18168,21545,15377,2246,150,18338,1,18:01
2024-25,1627741,Buddy Hield,Buddy,1610612744,GSW,Golden State Warriors,0022401047,2025-03-25T00:00:00,GSW @ MIA,L,25.518333333333334,4.2,11.3,0.375,2.8,7.1,0.4,2.8,2.8,1.0,0.0,4.2,4.2,0.0,1.4,0.0,0.0,0.0,2.8,1.4,14.1,-7.1,17.8,0,0,21.2,1,13222,1,13222,11577,16503,14853,16299,7152,8352,7874,8284,10428,1,14058,13026,16727,19908,13219,12854,8263,8846,11542,15403,13842,16530,22187,2246,150,20184,1,25:31
2024-25,203914,Gary Harris,Gary,1610612753,ORL,Orlando Magic,0022401045,2025-03-25T00:00:00,ORL @ CHA,W,29.183333333333334,2.5,4.9,0.5,2.5,4.9,0.5,0.0,0.0,0.0,1.2,4.9,6.2,6.2,0.0,2.5,0.0,0.0,1.2,0.0,7.4,9.9,31.5,0,0,27.1,1,1,13086,1,8521,20518,23503,8526,8259,13354,3944,13505,14344,13505,11580,11071,11900,5221,16469,4482,8263,8846,18358,17725,20407,7751,13700,2246,150,16061,1,29:11
2024-25,203500,Steven Adams,Steven,1610612745,HOU,Houston Rockets,0022401049,2025-03-25T00:00:00,HOU vs. ATL,W,25.45,2.8,2.8,1.0,0.0,0.0,0.0,4.2,5.7,0.75,5.7,4.2,9.9,1.4,1.4,0.0,0.0,0.0,2.8,5.7,9.9,26.9,22.5,0,0,21.2,1,1,13086,1,11624,19815,24549,1,15070,20945,15070,5274,4963,8186,1837,12999,5547,18291,13199,12854,8263,8846,11513,3104,18254,2452,19883,2246,150,20148,1,25:27
2024-25,1630539,Kai Jones,Kai,1610612742,DAL,Dallas Mavericks,0022401048,2025-03-25T00:00:00,DAL @ NYK,L,24.033333333333335,4.5,9.0,0.5,1.5,3.0,0.5,3.0,3.0,1.0,3.0,9.0,12.0,3.0,0.0,1.5,1.5,0.0,6.0,1.5,13.5,-13.5,41.3,0,0,36.0,1,13222,1,13222,12869,15801,18746,8526,12039,17667,3944,7823,9989,1,5353,3534,3508,12948,16469,8414,4862,8846,2959,15006,14527,19296,6966,2246,150,9416,1,24:02
2024-25,1630249,Vít Krejčí,Vít,1610612737,ATL,Atlanta Hawks,0022401049,2025-03-25T00:00:00,ATL @ HOU,L,11.85,3.0,6.1,0.5,3.0,6.1,0.5,6.1,9.1,0.667,0.0,3.0,3.0,3.0,3.0,0.0,3.0,0.0,3.0,3.0,15.2,18.2,29.5,0,0,30.4,1,13222,1,13222,21361,19343,22531,8526,6377,10500,3944,2795,1806,9425,14058,16594,19611,12800,6319,12854,1649,8846,10546,9103,12718,4481,15170,2246,150,13646,1,11:51
2024-25,1641733,Nick Smith Jr.,Nick,1610612766,CHA,Charlotte Hornets,0022401045,2025-03-25T00:00:00,CHA vs. ORL,L,25.016666666666666,7.2,15.8,0.455,4.3,10.1,0.429,0.0,0.0,0.0,0.0,2.9,2.9,4.3,2.9,0.0,0.0,0.0,2.9,0.0,18.7,-15.8,25.8,0,0,30.2,1,13222,1,13222,11990,8470,7377,12676,3355,3413,7394,13505,14344,13505,14058,17155,20048,9081,6926,12854,8263,8846,11285,17725,9117,20205,17777,2246,150,13784,1,25:01
2024-25,1642366,Quinten Post,Quinten,1610612744,GSW,Golden State Warriors,0022401047,2025-03-25T00:00:00,GSW @ MIA,L,13.63,2.6,13.2,0.2,2.6,10.6,0.25,0.0,0.0,0.0,0.0,2.6,2.6,7.9,10.6,0.0,0.0,2.6,5.3,0.0,7.9,-39.6,12.4,0,0,21.1,1,13222,1,13222,20407,20204,11467,21401,7708,2916,11902,13505,14344,13505,14058,17847,20563,2971,289,12854,8263,1819,4055,17725,19981,24817,23920,2246,150,20201,1,13:38
2024-25,203915,Spencer Dinwiddie,Spencer,1610612742,DAL,Dallas Mavericks,0022401048,2025-03-25T00:00:00,DAL @ NYK,L,35.31666666666667,4.1,11.2,0.364,2.0,5.1,0.4,3.1,4.1,0.75,0.0,4.1,4.1,7.1,4.1,0.0,2.0,1.0,0.0,3.1,13.3,-14.3,30.9,0,0,30.6,1,13222,1,13222,3216,16904,15005,16861,9971,12966,7874,7651,7684,8186,14058,13491,17122,3841,3722,12854,3377,7739,20257,9040,14813,19607,14137,2246,150,13493,1,35:19
2024-25,1628392,Isaiah Hartenstein,Isaiah,1610612760,OKC,Oklahoma City Thunder,0022401052,2025-03-25T00:00:00,OKC @ SAC,W,27.383333333333333,2.6,3.9,0.667,0.0,0.0,0.0,0.0,1.3,0.0,1.3,11.8,13.1,6.6,3.9,0.0,2.6,0.0,2.6,2.6,5.3,7.9,34.8,0,0,30.2,1,1,13086,1,10029,20226,24110,3281,15070,20945,15070,13505,13708,13505,11132,1455,2706,4600,3981,12854,2179,8846,12327,10546,21875,8691,11166,2246,150,13764,1,27:23
2024-25,1629027,Trae Young,Trae,1610612737,ATL,Atlanta Hawks,0022401049,2025-03-25T00:00:00,ATL @ HOU,L,39.02,6.5,15.7,0.412,2.8,6.5,0.429,1.8,1.8,1.0,0.9,0.9,1.8,11.1,4.6,0.9,0.0,0.9,1.8,1.8,17.5,-16.6,34.5,1,0,35.1,1,13222,1,13222,878,10291,7566,14791,7328,9632,7394,11130,13119,1,13821,22088,22093,979,2831,12552,8263,8541,15964,13753,10295,20478,11446,1,150,10054,1,39:01
2024-25,1630322,Lindy Waters III,Lindy,1610612765,DET,Detroit Pistons,0022401046,2025-03-25T00:00:00,DET vs. SAS,W,4.733333333333333,7.6,7.6,1.0,7.6,7.6,1.0,0.0,0.0,0.0,0.0,0.0,0.0,0.0,0.0,0.0,0.0,0.0,0.0,0.0,22.8,30.4,22.8,0,0,30.4,1,1,13086,1,24123,7499,20784,1,552,7165,1,13505,14344,13505,14058,22137,23286,19908,16469,12854,8263,8846,20257,17725,5620,1911,19673,2246,150,13610,1,4:44
2024-25,1627780,Gary Payton II,Gary,1610612744,GSW,Golden State Warriors,0022401047,2025-03-25T00:00:00,GSW @ MIA,L,20.055,3.6,3.6,1.0,0.0,0.0,0.0,0.0,0.0,0.0,3.6,9.0,12.6,3.6,3.6,3.6,0.0,0.0,5.4,0.0,7.2,-37.7,34.8,0,0,30.5,1,13222,1,13222,15984,18103,24273,1,15070,20945,15070,13505,14344,13505,4225,3541,3088,11111,4797,2104,8263,8846,3872,17725,20574,24672,11180,2246,150,13536,1,20:03
2024-25,1629048,Goga Bitadze,Goga,1610612753,ORL,Orlando Magic,0022401045,2025-03-25T00:00:00,ORL @ CHA,W,21.716666666666665,1.7,5.0,0.333,0.0,1.7,0.0,0.0,0.0,0.0,5.0,9.9,14.9,3.3,1.7,0.0,0.0,0.0,6.6,3.3,3.3,13.3,24.5,0,0,21.6,1,1,13086,1,14741,21955,23490,17395,15070,20098,15070,13505,14344,13505,2402,2623,1811,11927,12102,12854,8263,8846,2289,8205,22845,6274,18584,2246,150,19933,1,21:43
2024-25,1642354,KJ Simpson,KJ,1610612766,CHA,Charlotte Hornets,0022401045,2025-03-25T00:00:00,CHA vs. ORL,L,15.628333333333334,6.9,16.1,0.429,2.3,6.9,0.333,0.0,0.0,0.0,2.3,0.0,2.3,0.0,2.3,0.0,0.0,0.0,0.0,0.0,16.1,-16.1,16.6,0,0,20.7,1,13222,1,13222,19182,9142,6938,13735,8835,8644,9209,13505,14344,13505,7231,22137,21196,19908,9053,12854,8263,8846,20257,17725,11792,20297,22626,2246,150,20445,1,15:38
2024-25,1628988,Aaron Holiday,Aaron,1610612745,HOU,Houston Rockets,0022401049,2025-03-25T00:00:00,HOU vs. ATL,W,10.15,7.1,10.6,0.667,7.1,10.6,0.667,0.0,0.0,0.0,3.5,0.0,3.5,3.5,3.5,0.0,3.5,0.0,3.5,0.0,21.3,35.5,38.0,0,0,42.6,1,1,13086,1,22055,8717,15978,3281,727,2836,1957,13505,14344,13505,4302,22137,18456,11258,4917,12854,1194,8846,8617,17725,6843,1346,9049,2246,150,5370,1,10:09
2024-25,1631117,Walker Kessler,Walker,1610612762,UTA,Utah Jazz,0022401050,2025-03-25T00:00:00,UTA vs. MEM,L,28.185,3.8,7.7,0.5,1.3,1.3,1.0,0.0,0.0,0.0,5.1,6.4,11.5,1.3,2.6,1.3,2.6,1.3,3.8,0.0,8.9,-29.4,33.6,0,0,30.7,1,13222,1,13222,9393,17490,20700,8526,12951,20524,1,13505,14344,13505,2277,7532,3951,18733,8034,9603,2285,5775,7649,17725,19143,23639,12116,2246,150,13436,1,28:11
2024-25,1631218,Trayce Jackson-Davis,Trayce,1610612744,GSW,Golden State Warriors,0022401047,2025-03-25T00:00:00,GSW @ MIA,L,4.216666666666667,17.1,17.1,1.0,0.0,0.0,0.0,0.0,0.0,0.0,8.5,0.0,8.5,0.0,0.0,0.0,0.0,0.0,0.0,0.0,34.2,-8.5,44.4,0,0,42.7,1,13222,1,13222,24368,270,5719,1,15070,20945,15070,13505,14344,13505,654,22137,7418,19908,16469,12854,8263,8846,20257,17725,1100,17200,5471,2246,150,5315,1,4:13
2024-25,1641739,Toumani Camara,Toumani,1610612757,POR,Portland Trail Blazers,0022401051,2025-03-25T00:00:00,POR vs. CLE,L,31.05,5.8,15.1,0.385,2.3,10.4,0.222,1.2,2.3,0.5,2.3,2.3,4.6,1.2,0.0,3.5,0.0,1.2,4.6,3.5,15.1,-11.6,32.8,0,0,30.1,1,13222,1,13222,6839,12120,8480,16070,8779,3031,13288,12723,11720,10625,7178,18706,15732,19150,16469,2264,8263,6554,5445,7718,12833,18571,12712,2246,150,13839,1,31:03
2024-25,1630182,Josh Green,Josh,1610612766,CHA,Charlotte Hornets,0022401045,2025-03-25T00:00:00,CHA vs. ORL,L,21.356666666666666,6.7,8.4,0.8,5.1,6.7,0.75,3.4,5.1,0.667,0.0,0.0,0.0,0.0,0.0,1.7,0.0,0.0,1.7,3.4,21.9,5.1,27.0,0,0,30.3,1,13222,1,13222,15029,9592,19597,1688,2203,9033,1542,6959,5814,9425,14058,22137,23286,19908,16469,7665,8263,8846,16580,8042,6279,10079,16973,2246,150,13680,1,21:21
2024-25,1630702,Jaden Hardy,Jaden,1610612742,DAL,Dallas Mavericks,0022401048,2025-03-25T00:00:00,DAL @ NYK,L,22.6,11.2,14.3,0.778,1.6,3.2,0.5,0.0,0.0,0.0,0.0,3.2,3.2,0.0,3.2,3.2,0.0,0.0,4.8,0.0,23.9,1.6,34.1,0,0,35.0,1,13222,1,13222,14030,2144,9643,1994,11695,17297,3944,13505,14344,13505,14058,16136,19274,19908,5868,2771,8263,8846,5118,17725,4884,11832,11738,2246,150,10063,1,22:36
2024-25,1627736,Malik Beasley,Malik,1610612765,DET,Detroit Pistons,0022401046,2025-03-25T00:00:00,DET vs. SAS,W,24.696666666666665,7.3,17.5,0.417,2.9,10.2,0.286,1.5,2.9,0.5,0.0,4.4,4.4,4.4,1.5,0.0,0.0,0.0,0.0,2.9,18.9,26.2,29.3,0,0,30.6,1,1,13086,1,12285,8245,5257,14532,6811,3270,11433,11887,10191,10625,14058,12592,16351,8953,12968,12854,8263,8846,20257,9543,8906,2573,15282,2246,150,13472,1,24:42
2024-25,1627777,Georges Niang,Georges,1610612737,ATL,Atlanta Hawks,0022401049,2025-03-25T00:00:00,ATL @ HOU,L,22.166666666666668,6.5,14.6,0.444,4.9,11.4,0.429,1.6,3.2,0.5,0.0,0.0,0.0,3.2,3.2,1.6,0.0,0.0,4.9,3.2,19.5,-16.2,26.0,0,0,30.9,1,13222,1,13222,14372,10197,9175,13045,2455,2197,7394,11553,9418,10625,14058,22137,23286,12147,5663,7903,8263,8846,4898,8406,8385,20334,17625,2246,150,13293,1,22:10
2024-25,203501,Tim Hardaway Jr.,Tim,1610612765,DET,Detroit Pistons,0022401046,2025-03-25T00:00:00,DET vs. SAS,W,25.3,5.7,10.0,0.571,1.4,5.7,0.25,4.3,4.3,1.0,0.0,2.8,2.8,5.7,0.0,0.0,0.0,0.0,2.8,2.8,17.1,8.5,29.0,0,0,27.0,1,1,13086,1,11743,12443,17126,6538,12357,11472,11902,5217,7272,1,14058,17253,20128,6057,16469,12854,8263,8846,11437,9793,10778,8388,15466,2246,150,16126,1,25:18
2024-25,201599,DeAndre Jordan,DeAndre,1610612743,DEN,Denver Nuggets,0022401042,2025-03-24T00:00:00,DEN vs. CHI,L,30.933333333333334,4.7,7.0,0.667,0.0,0.0,0.0,2.3,5.8,0.4,7.0,12.8,19.8,8.1,3.5,1.2,0.0,0.0,3.5,3.5,11.6,2.3,47.6,1,0,41.9,1,13222,1,13222,6932,15347,21581,3281,15070,20945,15070,9534,4733,13061,1155,1079,567,2746,5029,10473,8263,8846,8776,7685,16536,11453,4109,1,150,5703,1,30:56
2024-25,1631120,JD Davison,JD,1610612738,BOS,Boston Celtics,0022401044,2025-03-24T00:00:00,BOS @ SAC,W,1.2,0.0,30.0,0.0,0.0,30.0,0.0,0.0,0.0,0.0,0.0,0.0,0.0,30.0,0.0,0.0,0.0,0.0,0.0,0.0,0.0,0.0,45.0,0,0,30.0,1,1,13086,1,25966,22635,271,22635,15070,64,15070,13505,14344,13505,14058,22137,23286,21,16469,12854,8263,8846,20257,17725,23200,12240,5182,2246,150,13941,1,1:12
2024-25,1629023,P.J. Washington,P.J.,1610612742,DAL,Dallas Mavericks,0022401040,2025-03-24T00:00:00,DAL @ BKN,W,30.69,8.2,14.1,0.583,1.2,2.3,0.5,1.2,1.2,1.0,1.2,1.2,2.3,5.9,0.0,1.2,0.0,1.2,2.3,1.2,18.8,9.4,33.9,0,0,30.5,1,1,13086,1,7134,6190,10049,6296,13518,18911,3944,12691,13935,1,11979,21584,21110,5736,16469,10415,8263,6464,13459,16538,9062,7999,11890,2246,150,13548,1,30:41
2024-25,1628989,Kevin Huerter,Kevin,1610612741,CHI,Chicago Bulls,0022401042,2025-03-24T00:00:00,CHI @ DEN,W,36.11666666666667,4.0,11.0,0.364,1.0,7.0,0.143,0.0,0.0,0.0,0.0,1.0,1.0,6.0,1.0,2.0,0.0,2.0,0.0,0.0,9.0,8.0,24.1,0,0,20.9,1,1,13086,1,2598,17122,15427,16861,14570,8506,14649,13505,14344,13505,14058,21979,23213,5533,15870,6277,8263,3246,20257,17725,19116,8643,18859,2246,150,20326,1,36:07
2024-25,1631216,Caleb Houstan,Caleb,1610612753,ORL,Orlando Magic,0022401038,2025-03-24T00:00:00,ORL vs. LAL,W,17.266666666666666,6.3,14.6,0.429,4.2,12.5,0.333,0.0,0.0,0.0,2.1,2.1,4.2,2.1,0.0,0.0,0.0,0.0,4.2,0.0,16.7,4.2,24.8,0,0,27.1,1,1,13086,1,18098,10833,9207,13735,3630,1516,9209,13505,14344,13505,8006,19403,16883,16046,16469,12854,8263,8846,6635,17725,11195,10560,18414,2246,150,16085,1,17:16
2024-25,1628380,Zach Collins,Zach,1610612741,CHI,Chicago Bulls,0022401042,2025-03-24T00:00:00,CHI @ DEN,W,3.6,0.0,10.0,0.0,0.0,0.0,0.0,0.0,0.0,0.0,10.0,10.0,20.0,10.0,0.0,0.0,0.0,0.0,0.0,0.0,0.0,-10.0,39.0,0,0,30.0,1,1,13086,1,24663,22635,17047,22635,15070,20945,15070,13505,14344,13505,404,2587,528,1434,16469,12854,8263,8846,20257,17725,23200,17891,8406,2246,150,13941,1,3:36
2024-25,203914,Gary Harris,Gary,1610612753,ORL,Orlando Magic,0022401038,2025-03-24T00:00:00,ORL vs. LAL,W,7.116666666666666,0.0,0.0,0.0,0.0,0.0,0.0,5.1,10.1,0.5,0.0,5.1,5.1,0.0,0.0,5.1,5.1,0.0,0.0,5.1,5.1,20.2,41.5,0,0,30.4,1,1,13086,1,23127,22635,24836,22635,15070,20945,15070,3945,1320,10625,14058,10700,14638,19908,16469,866,500,8846,20257,3996,21976,3885,6893,2246,150,13672,1,7:07
2024-25,1629618,Jalen Pickett,Jalen,1610612743,DEN,Denver Nuggets,0022401042,2025-03-24T00:00:00,DEN vs. CHI,L,11.765,3.1,9.2,0.333,0.0,3.1,0.0,0.0,0.0,0.0,6.1,0.0,6.1,9.2,0.0,0.0,0.0,0.0,0.0,0.0,6.1,-12.2,27.2,0,0,21.4,1,13222,1,13222,21391,19297,18442,17395,15070,17532,15070,13505,14344,13505,1553,22137,11994,1881,16469,12854,8263,8846,20257,17725,21305,18835,16801,2246,150,20022,1,11:46
2024-25,1630553,Keon Johnson,Keon,1610612751,BKN,Brooklyn Nets,0022401040,2025-03-24T00:00:00,BKN vs. DAL,L,28.55,3.8,8.8,0.429,0.0,2.5,0.0,2.5,2.5,1.0,1.3,3.8,5.0,3.8,3.8,1.3,0.0,0.0,3.8,2.5,10.1,-15.1,21.8,0,0,21.4,1,13222,1,13222,9073,17611,18975,13735,15070,18584,15070,8985,11152,1,11410,14378,14692,10553,4367,9715,8263,8846,7795,10904,18066,19955,20253,2246,150,20011,1,28:33
2024-25,1628418,Thomas Bryant,Thomas,1610612754,IND,Indiana Pacers,0022401037,2025-03-24T00:00:00,IND vs. MIN,W,10.45,3.4,17.2,0.2,0.0,10.3,0.0,13.8,13.8,1.0,3.4,3.4,6.9,0.0,3.4,6.9,0.0,0.0,0.0,6.9,20.7,0.0,46.2,0,0,41.3,1,1,13086,1,21938,18444,5547,21401,15070,3116,15070,216,483,1,4464,15387,10339,19908,5137,319,8263,8846,20257,1744,7338,12240,4674,2246,150,6005,1,10:27
2024-25,1630162,Anthony Edwards,Anthony,1610612750,MIN,Minnesota Timberwolves,0022401037,2025-03-24T00:00:00,MIN @ IND,L,34.18333333333333,7.4,20.0,0.368,1.1,11.6,0.091,2.1,3.2,0.667,0.0,2.1,2.1,4.2,3.2,1.1,0.0,0.0,2.1,2.1,17.9,-25.3,26.7,0,0,27.4,1,13222,1,13222,4106,8069,2962,16823,14230,2043,15062,10273,9592,9425,14058,19344,21597,9356,5952,11460,8263,8846,14587,12584,9930,22867,17118,2246,150,15882,1,34:11
2024-25,1641824,Matas Buzelis,Matas,1610612741,CHI,Chicago Bulls,0022401042,2025-03-24T00:00:00,CHI @ DEN,W,23.953333333333333,4.5,10.5,0.429,3.0,4.5,0.667,3.0,3.0,1.0,1.5,4.5,6.0,3.0,0.0,1.5,3.0,1.5,0.0,1.5,15.0,-12.0,40.3,0,0,36.1,1,1,13086,1,12945,15753,16178,13735,6484,14411,1957,7786,9960,1,10312,12244,12245,12905,16469,8397,1686,4769,20257,14992,12875,18746,7587,2246,150,9322,1,23:57
2024-25,1629638,Nickeil Alexander-Walker,Nickeil,1610612750,MIN,Minnesota Timberwolves,0022401037,2025-03-24T00:00:00,MIN @ IND,L,23.85,3.0,10.6,0.286,3.0,7.5,0.4,0.0,0.0,0.0,1.5,1.5,3.0,3.0,4.5,1.5,0.0,0.0,0.0,3.0,9.1,-19.6,17.2,0,0,21.1,1,13222,1,13222,13031,19379,16112,19630,6434,7283,7874,13505,14344,13505,10276,20858,19671,12860,2953,8370,8263,8846,20257,9167,19021,21440,22403,2246,150,20199,1,23:51
2024-25,1630174,Aaron Nesmith,Aaron,1610612754,IND,Indiana Pacers,0022401037,2025-03-24T00:00:00,IND vs. MIN,W,24.216666666666665,10.4,13.4,0.778,4.5,4.5,1.0,0.0,0.0,0.0,3.0,7.4,10.4,1.5,0.0,0.0,0.0,0.0,1.5,1.5,25.3,23.8,40.0,0,0,41.6,1,1,13086,1,12715,2816,11175,1994,3131,14548,1,13505,14344,13505,5412,5617,4997,18029,16469,12854,8263,8846,17273,15053,4074,3077,7772,2246,150,5835,1,24:13
2024-25,1631232,Keion Brooks Jr.,Keion,1610612740,NOP,New Orleans Pelicans,0022401041,2025-03-24T00:00:00,NOP vs. PHI,W,28.32,5.1,11.4,0.444,2.5,5.1,0.5,0.0,0.0,0.0,0.0,2.5,2.5,1.3,0.0,1.3,0.0,0.0,1.3,0.0,12.7,-2.5,21.5,0,0,21.6,1,1,13086,1,9281,14134,14590,13045,8008,12994,3944,13505,14344,13505,14058,18078,20722,18756,16469,9644,8263,8846,18165,17725,15380,14331,20424,2246,150,19888,1,28:19
2024-25,1641774,Tristan Vukcevic,Tristan,1610612764,WAS,Washington Wizards,0022401039,2025-03-24T00:00:00,WAS vs. TOR,L,23.566666666666666,6.1,13.7,0.444,3.1,6.1,0.5,1.5,4.6,0.333,1.5,4.6,6.1,1.5,1.5,0.0,1.5,0.0,1.5,3.1,16.8,-24.4,29.5,0,0,30.6,1,13222,1,13222,13257,11196,10574,13045,6335,10415,3944,11735,6683,13132,10199,12034,12027,17877,12622,12854,4752,8846,17120,9051,11065,22677,15163,2246,150,13512,1,23:34
2024-25,1641741,Ricky Council IV,Ricky,1610612755,PHI,Philadelphia 76ers,0022401041,2025-03-24T00:00:00,PHI @ NOP,L,31.838333333333335,2.3,12.4,0.182,1.1,5.7,0.2,3.4,4.5,0.75,1.1,5.7,6.8,4.5,2.3,0.0,0.0,1.1,1.1,3.4,9.0,0.0,21.7,0,0,21.5,1,13222,1,13222,6118,20928,12838,21891,13762,11575,13429,6918,6801,8186,12256,9162,10568,8595,9260,12854,8263,6788,18921,7973,19035,12240,20313,2246,150,19982,1,31:50
2024-25,2544,LeBron James,LeBron,1610612747,LAL,Los Angeles Lakers,0022401038,2025-03-24T00:00:00,LAL @ ORL,L,37.665,8.6,17.2,0.5,0.0,2.9,0.0,5.7,6.7,0.857,2.9,2.9,5.7,6.7,1.9,0.0,0.0,0.0,0.0,3.8,22.9,-16.2,37.9,0,0,35.4,1,13222,1,13222,1600,5439,5572,8526,15070,17921,15070,3156,3666,7071,5677,17188,12930,4441,10981,12854,8263,8846,20257,6785,5531,20352,9053,2246,150,9827,1,37:40
2024-25,1628978,Donte DiVincenzo,Donte,1610612750,MIN,Minnesota Timberwolves,0022401037,2025-03-24T00:00:00,MIN @ IND,L,23.016666666666666,6.3,20.3,0.308,1.6,10.9,0.143,0.0,0.0,0.0,1.6,12.5,14.1,6.3,1.6,0.0,0.0,1.6,4.7,0.0,14.1,-3.1,38.8,0,0,36.0,1,13222,1,13222,13711,10829,2747,19226,11808,2541,14649,13505,14344,13505,10060,1155,2202,5083,12487,12854,8263,4541,5302,17725,13866,14636,8541,2246,150,9398,1,23:01
2024-25,1630215,Jared Butler,Jared,1610612755,PHI,Philadelphia 76ers,0022401041,2025-03-24T00:00:00,PHI @ NOP,L,32.775,8.8,17.6,0.5,3.3,7.7,0.429,0.0,0.0,0.0,2.2,0.0,2.2,2.2,3.3,3.3,0.0,1.1,2.2,1.1,20.9,-1.1,33.4,0,0,35.1,1,13222,1,13222,5349,5106,5167,8526,5679,7020,7394,13505,14344,13505,7595,22137,21418,15637,5521,2571,8263,7055,14114,16916,7186,13613,12271,2246,150,9992,1,32:47
2024-25,1628401,Derrick White,Derrick,1610612738,BOS,Boston Celtics,0022401044,2025-03-24T00:00:00,BOS @ SAC,W,32.55,4.4,10.0,0.444,3.3,8.8,0.375,1.1,2.2,0.5,0.0,5.5,5.5,8.8,1.1,2.2,0.0,0.0,4.4,1.1,13.3,5.5,38.7,0,0,35.4,1,1,13086,1,5517,15999,17135,13045,5605,5028,8800,12898,12049,10625,14058,9455,13468,2133,15098,5351,8263,8846,5957,16883,14782,9828,8590,2246,150,9800,1,32:33
2024-25,1641710,Anthony Black,Anthony,1610612753,ORL,Orlando Magic,0022401038,2025-03-24T00:00:00,ORL vs. LAL,W,30.283333333333335,8.3,11.9,0.7,3.6,5.9,0.6,0.0,0.0,0.0,2.4,3.6,5.9,7.1,1.2,1.2,1.2,0.0,2.4,1.2,20.2,17.8,44.0,0,0,41.6,1,1,13086,1,7510,5944,13783,3045,4992,10829,2992,13505,14344,13505,6994,15034,12422,3848,14529,10274,6246,8846,13316,16456,7731,4612,5681,2246,150,5847,1,30:17
2024-25,1630639,A.J. Lawson,A.J.,1610612761,TOR,Toronto Raptors,0022401039,2025-03-24T00:00:00,TOR @ WAS,W,22.95,4.7,11.0,0.429,1.6,4.7,0.333,1.6,3.1,0.5,0.0,3.1,3.1,3.1,0.0,3.1,0.0,0.0,1.6,1.6,12.5,9.4,30.4,0,0,26.7,1,1,13086,1,13753,15225,15384,13735,11795,13937,9209,11650,9632,10625,14058,16313,19405,12512,16469,2864,8263,8846,16967,14731,15540,7984,14473,2246,150,16410,1,22:57
2024-25,1628998,Cody Martin,Cody,1610612756,PHX,Phoenix Suns,0022401043,2025-03-24T00:00:00,PHX vs. MIL,W,14.036666666666667,5.1,7.7,0.667,2.6,5.1,0.5,0.0,0.0,0.0,2.6,7.7,10.3,0.0,0.0,2.6,0.0,0.0,2.6,0.0,12.8,-15.4,32.8,0,0,30.8,1,1,13086,1,20180,14012,20659,3281,7934,12883,3944,13505,14344,13505,6443,5175,5168,19908,16469,4219,8263,8846,12550,17725,15267,20049,12704,2246,150,13342,1,14:02
2024-25,1630533,Ziaire Williams,Ziaire,1610612751,BKN,Brooklyn Nets,0022401040,2025-03-24T00:00:00,BKN vs. DAL,L,21.9,3.3,9.9,0.333,3.3,8.2,0.4,0.0,0.0,0.0,0.0,3.3,3.3,1.6,3.3,1.6,0.0,0.0,0.0,0.0,9.9,-31.2,17.9,0,0,21.4,1,13222,1,13222,14579,18783,17308,17395,5707,6053,7874,13505,14344,13505,14058,15827,19019,17526,5534,7833,8263,8846,20257,17725,18293,23923,22129,2246,150,20058,1,21:54
2024-25,1630167,Obi Toppin,Obi,1610612754,IND,Indiana Pacers,0022401037,2025-03-24T00:00:00,IND vs. MIN,W,23.583333333333332,10.7,15.3,0.7,9.2,13.7,0.667,0.0,0.0,0.0,0.0,1.5,1.5,1.5,0.0,0.0,0.0,0.0,3.1,0.0,30.5,0.0,34.7,0,0,42.7,1,1,13086,1,13240,2527,8153,3045,279,1008,1957,13505,14344,13505,14058,20816,22538,17885,16469,12854,8263,8846,10477,17725,1917,12240,11331,2246,150,5293,1,23:35
2024-25,1631165,Keon Ellis,Keon,1610612758,SAC,Sacramento Kings,0022401044,2025-03-24T00:00:00,SAC vs. BOS,L,36.54,4.9,6.9,0.714,2.0,3.9,0.5,2.0,3.0,0.667,0.0,3.0,3.0,3.9,3.9,2.0,0.0,0.0,3.0,2.0,13.8,-18.7,25.2,0,0,26.6,1,13222,1,13222,2315,14615,21674,2752,10295,15693,3944,10745,10081,9425,14058,16873,19839,10109,3992,6390,8263,8846,10917,13212,14170,21149,18134,2246,150,16463,1,36:32
2024-25,202691,Klay Thompson,Klay,1610612742,DAL,Dallas Mavericks,0022401040,2025-03-24T00:00:00,DAL @ BKN,W,24.633333333333333,4.4,13.2,0.333,2.9,11.7,0.25,0.0,0.0,0.0,0.0,4.4,4.4,2.9,0.0,0.0,0.0,0.0,1.5,0.0,11.7,8.8,21.3,0,0,21.9,1,1,13086,1,12343,16110,11577,17395,6781,1965,11902,13505,14344,13505,14058,12565,16325,13192,16469,12854,8263,8846,17387,17725,16468,8294,20509,2246,150,19715,1,24:38
2024-25,203114,Khris Middleton,Khris,1610612764,WAS,Washington Wizards,0022401039,2025-03-24T00:00:00,WAS vs. TOR,L,21.65,3.3,11.6,0.286,0.0,3.3,0.0,8.3,8.3,1.0,0.0,3.3,3.3,8.3,1.7,1.7,0.0,0.0,3.3,5.0,15.0,13.3,34.8,0,0,29.9,1,13222,1,13222,14796,18690,14243,19630,15070,17011,15070,1275,2315,1,14058,15716,18930,2597,12082,7754,8263,8846,9362,4137,12939,6256,11244,2246,150,13991,1,21:39
2024-25,1628398,Kyle Kuzma,Kyle,1610612749,MIL,Milwaukee Bucks,0022401043,2025-03-24T00:00:00,MIL @ PHX,L,33.78333333333333,5.3,17.0,0.313,2.1,7.5,0.286,3.2,4.3,0.75,1.1,1.1,2.1,4.3,2.1,1.1,0.0,2.1,2.1,3.2,16.0,-9.6,26.0,0,0,26.6,1,13222,1,13222,4448,13474,5747,19175,9551,7489,11433,7342,7287,8186,12750,21839,21551,9222,9838,11343,8263,2830,14459,8578,11937,17716,17615,2246,150,16439,1,33:47
2024-25,1631213,Tyrese Martin,Tyrese,1610612751,BKN,Brooklyn Nets,0022401040,2025-03-24T00:00:00,BKN vs. DAL,L,25.466666666666665,2.8,9.9,0.286,2.8,5.7,0.5,0.0,0.0,0.0,0.0,5.7,5.7,7.1,2.8,1.4,0.0,0.0,0.0,0.0,8.5,-17.0,27.3,0,0,26.9,1,13222,1,13222,11613,19820,17249,19630,7127,11563,3944,13505,14344,13505,14058,9153,13143,3933,7120,8824,8263,8846,20257,17725,19531,20605,16760,2246,150,16266,1,25:28
2024-25,1642273,Kyshawn George,Kyshawn,1610612764,WAS,Washington Wizards,0022401039,2025-03-24T00:00:00,WAS vs. TOR,L,1.8833333333333333,0.0,0.0,0.0,0.0,0.0,0.0,0.0,0.0,0.0,19.1,38.2,57.3,19.1,0.0,0.0,0.0,0.0,0.0,0.0,0.0,95.6,97.5,0,0,76.5,1,13222,1,13222,25524,22635,24836,22635,15070,20945,15070,13505,14344,13505,65,15,14,106,16469,12854,8263,8846,20257,17725,23200,90,74,2246,150,208,1,1:53
2024-25,1628369,Jayson Tatum,Jayson,1610612738,BOS,Boston Celtics,0022401044,2025-03-24T00:00:00,BOS @ SAC,W,26.45,10.9,20.4,0.533,6.8,12.2,0.556,5.4,10.9,0.5,0.0,9.5,9.5,10.9,4.1,0.0,0.0,0.0,1.4,8.2,34.0,17.7,57.7,0,0,61.2,1,1,13086,1,10776,2354,2681,8140,843,1650,3747,3481,1060,10625,14058,2979,6021,1037,3708,12854,8263,8846,17781,937,1128,4670,1517,2246,150,714,1,26:27
2024-25,1629632,Coby White,Coby,1610612741,CHI,Chicago Bulls,0022401042,2025-03-24T00:00:00,CHI @ DEN,W,39.55,10.0,20.0,0.5,4.6,9.1,0.5,9.1,10.0,0.909,0.9,1.8,2.7,3.6,0.9,1.8,0.9,3.6,0.9,6.4,33.7,14.6,49.7,0,0,50.1,1,1,13086,1,707,3211,2956,8526,2970,4663,3944,965,1370,6764,13861,20189,20387,10961,16319,7158,8042,824,20117,2216,1187,5798,3359,2246,150,2513,1,39:33
2024-25,1630193,Immanuel Quickley,Immanuel,1610612761,TOR,Toronto Raptors,0022401039,2025-03-24T00:00:00,TOR @ WAS,W,25.683333333333334,7.0,22.4,0.313,4.2,12.6,0.333,11.2,11.2,1.0,2.8,2.8,5.6,9.8,2.8,1.4,1.4,2.8,1.4,7.0,29.4,14.0,56.5,0,0,54.7,1,1,13086,1,11418,8910,1621,19175,3552,1466,9209,446,970,1,5854,17390,13276,1530,7198,8889,5227,1601,17616,1660,2285,6004,1731,2246,150,1515,1,25:41
2024-25,1630192,Zeke Nnaji,Zeke,1610612743,DEN,Denver Nuggets,0022401042,2025-03-24T00:00:00,DEN vs. CHI,L,12.516666666666667,8.6,17.3,0.5,2.9,5.8,0.5,0.0,0.0,0.0,5.8,2.9,8.6,5.8,0.0,0.0,8.6,0.0,5.8,0.0,20.1,-25.9,65.0,0,0,54.6,1,13222,1,13222,20981,5385,5503,8526,6959,11326,3944,13505,14344,13505,1774,17161,7263,5946,16469,12854,119,8846,3310,17725,7811,23004,697,2246,150,1517,1,12:31
2024-25,204456,T.J. McConnell,T.J.,1610612754,IND,Indiana Pacers,0022401037,2025-03-24T00:00:00,IND vs. MIN,W,17.166666666666668,10.5,21.0,0.5,0.0,0.0,0.0,0.0,0.0,0.0,2.1,8.4,10.5,8.4,0.0,2.1,0.0,0.0,0.0,0.0,21.0,8.4,52.4,0,0,44.0,1,1,13086,1,18157,2733,2359,8526,15070,20945,15070,13505,14344,13505,7962,4171,4922,2522,16469,5800,8263,8846,20257,17725,7114,8446,2609,2246,150,4674,1,17:10
2024-25,1630567,Scottie Barnes,Scottie,1610612761,TOR,Toronto Raptors,0022401039,2025-03-24T00:00:00,TOR @ WAS,W,27.533333333333335,6.5,20.9,0.313,0.0,6.5,0.0,3.9,5.2,0.75,3.9,9.2,13.1,10.5,1.3,3.9,2.6,1.3,3.9,2.6,17.0,13.1,66.7,1,0,53.6,1,1,13086,1,9922,10094,2391,19175,15070,9460,15070,5841,5551,8186,3693,3357,2755,1221,13770,1715,2204,5612,7375,10591,10849,6363,590,1,150,1685,1,27:32
2024-25,1629651,Nic Claxton,Nic,1610612751,BKN,Brooklyn Nets,0022401040,2025-03-24T00:00:00,BKN vs. DAL,L,26.683333333333334,10.8,14.8,0.727,2.7,2.7,1.0,1.3,4.0,0.333,2.7,6.7,9.4,4.0,1.3,0.0,1.3,0.0,4.0,6.7,25.6,-14.8,45.7,0,0,44.5,1,13222,1,13222,10574,2421,8839,2666,7545,18267,1,12169,7743,13132,6108,6800,6119,9808,13573,12854,5447,8846,7007,1865,3860,19841,4847,2246,150,4461,1,26:41
2024-25,1642403,Isaac Jones,Isaac,1610612758,SAC,Sacramento Kings,0022401044,2025-03-24T00:00:00,SAC vs. BOS,L,2.6,27.7,55.4,0.5,0.0,0.0,0.0,0.0,0.0,0.0,0.0,13.8,13.8,0.0,0.0,0.0,0.0,0.0,0.0,0.0,55.4,0.0,72.0,0,0,69.2,1,13222,1,13222,25179,41,19,8526,15070,20945,15070,13505,14344,13505,14058,796,2308,19908,16469,12854,8263,8846,20257,17725,108,12240,367,2246,150,342,1,2:36
2024-25,1631255,Karlo Matković,Karlo,1610612740,NOP,New Orleans Pelicans,0022401041,2025-03-24T00:00:00,NOP vs. PHI,W,22.5,11.2,17.6,0.636,4.8,6.4,0.75,3.2,3.2,1.0,3.2,9.6,12.8,4.8,0.0,0.0,1.6,0.0,8.0,1.6,30.4,35.2,57.8,0,0,56.0,1,1,13086,1,14100,2094,5133,4689,2556,9750,1542,7335,9523,1,4943,2915,2939,7920,16469,12854,4552,8846,1366,14634,1953,1375,1507,2246,150,1311,1,22:30
2024-25,1642267,Bub Carrington,Bub,1610612764,WAS,Washington Wizards,0022401039,2025-03-24T00:00:00,WAS vs. TOR,L,30.9,7.0,17.5,0.4,1.2,7.0,0.167,2.3,3.5,0.667,2.3,10.5,12.8,7.0,3.5,2.3,0.0,2.3,4.7,1.2,17.5,5.8,46.8,1,0,43.1,1,13222,1,13222,6960,8955,5272,14933,13561,8480,14236,9524,8895,9425,7147,2239,2929,4009,5019,4935,8263,2368,5381,16573,10348,9692,4382,1,150,5083,1,30:54
2024-25,1629029,Luka Dončić,Luka,1610612747,LAL,Los Angeles Lakers,0022401038,2025-03-24T00:00:00,LAL @ ORL,L,38.098333333333336,8.5,21.7,0.391,3.8,9.4,0.4,9.4,10.4,0.909,0.0,6.6,6.6,6.6,2.8,0.9,0.0,0.9,1.9,5.7,30.2,-8.5,48.1,0,0,49.1,1,13222,1,13222,1333,5604,1938,15984,4504,4186,7874,862,1225,6764,14058,7066,10915,4555,7090,12401,8263,8378,15745,3077,2008,17188,3941,2246,150,2784,1,38:06
2024-25,1630549,Day'Ron Sharpe,Day'Ron,1610612751,BKN,Brooklyn Nets,0022401040,2025-03-24T00:00:00,BKN vs. DAL,L,24.233333333333334,7.4,11.9,0.625,0.0,3.0,0.0,0.0,0.0,0.0,3.0,7.4,10.4,5.9,1.5,5.9,0.0,0.0,3.0,1.5,14.9,-8.9,52.6,0,0,43.1,1,13222,1,13222,12695,7937,13788,4899,15070,17721,15070,13505,14344,13505,5414,5626,5009,5599,12816,492,8263,8846,10843,15058,13059,17387,2563,2246,150,5101,1,24:14
2024-25,201142,Kevin Durant,Kevin,1610612756,PHX,Phoenix Suns,0022401043,2025-03-24T00:00:00,PHX vs. MIL,W,37.1,10.7,20.4,0.524,6.8,8.7,0.778,8.7,9.7,0.9,0.0,7.8,7.8,4.9,4.9,0.0,2.9,0.0,2.9,6.8,36.9,3.9,57.3,0,0,62.1,1,1,13086,1,1922,2539,2704,8439,846,5212,1530,1097,1503,6805,14058,5060,8690,7790,2521,12854,1806,8846,11134,1830,709,10710,1578,2246,150,634,1,37:06
2024-25,1629673,Jordan Poole,Jordan,1610612764,WAS,Washington Wizards,0022401039,2025-03-24T00:00:00,WAS vs. TOR,L,21.65,13.3,21.6,0.615,8.3,15.0,0.556,3.3,3.3,1.0,0.0,1.7,1.7,1.7,8.3,1.7,1.7,1.7,5.0,6.7,38.2,13.3,44.4,0,0,56.5,1,13222,1,13222,14796,901,1979,5246,397,698,3747,7059,9249,1,14058,20534,22351,17469,532,7754,4392,4244,4625,1946,582,6256,5470,2246,150,1225,1,21:39
2024-25,1631169,Josh Minott,Josh,1610612750,MIN,Minnesota Timberwolves,0022401037,2025-03-24T00:00:00,MIN @ IND,L,2.5,28.8,28.8,1.0,14.4,14.4,1.0,0.0,0.0,0.0,0.0,0.0,0.0,0.0,14.4,0.0,0.0,0.0,28.8,0.0,72.0,-14.4,57.6,0,0,86.4,1,13222,1,13222,25215,37,337,1,81,824,1,13505,14344,13505,14058,22137,23286,19908,128,12854,8263,8846,46,17725,50,19654,1534,2246,150,107,1,2:30
2024-25,1642274,Yves Missi,Yves,1610612740,NOP,New Orleans Pelicans,0022401041,2025-03-24T00:00:00,NOP vs. PHI,W,25.5,8.5,9.9,0.857,0.0,0.0,0.0,5.6,5.6,1.0,5.6,7.1,12.7,2.8,0.0,0.0,1.4,0.0,1.4,2.8,22.6,-12.7,46.3,0,0,40.9,1,1,13086,1,11588,5666,17283,1412,15070,20945,15070,3255,4977,1,1845,6266,2992,13511,16469,12854,5180,8846,17577,9878,5787,19020,4619,2246,150,6240,1,25:30
2024-25,1630188,Jalen Smith,Jalen,1610612741,CHI,Chicago Bulls,0022401042,2025-03-24T00:00:00,CHI @ DEN,W,15.3,14.1,18.8,0.75,4.7,7.1,0.667,0.0,2.4,0.0,7.1,14.1,21.2,7.1,0.0,0.0,0.0,0.0,4.7,2.4,32.9,40.0,68.9,0,0,65.9,1,1,13086,1,19374,675,3906,2107,2721,8341,1957,13505,11616,13505,1122,740,401,3947,16469,12854,8263,8846,5262,11525,1337,984,482,2246,150,446,1,15:18
2024-25,1627751,Jakob Poeltl,Jakob,1610612761,TOR,Toronto Raptors,0022401039,2025-03-24T00:00:00,TOR @ WAS,W,25.8,14.0,18.1,0.769,0.0,0.0,0.0,1.4,2.8,0.5,4.2,11.2,15.3,1.4,2.8,2.8,4.2,0.0,1.4,1.4,29.3,12.6,68.0,1,0,60.0,1,1,13086,1,11331,715,4527,2080,15070,20945,15070,12021,10503,10625,3322,1818,1630,18356,7255,3710,823,8846,17638,15470,2345,6580,524,1,150,827,1,25:48
2024-25,1641810,Antonio Reeves,Antonio,1610612740,NOP,New Orleans Pelicans,0022401041,2025-03-24T00:00:00,NOP vs. PHI,W,24.373333333333335,8.9,14.8,0.6,7.4,10.3,0.714,0.0,0.0,0.0,0.0,3.0,3.0,1.5,0.0,1.5,1.5,1.5,1.5,0.0,25.1,20.7,39.7,0,0,42.8,1,1,13086,1,12588,4949,8954,5394,640,3111,1861,13505,14344,13505,14058,16882,19845,18068,16469,8509,4936,4854,17315,17725,4165,3765,7938,2246,150,5234,1,24:22
2024-25,1628365,Markelle Fultz,Markelle,1610612758,SAC,Sacramento Kings,0022401044,2025-03-24T00:00:00,SAC vs. BOS,L,11.46,9.4,12.6,0.75,6.3,6.3,1.0,0.0,0.0,0.0,0.0,3.1,3.1,6.3,3.1,0.0,0.0,0.0,3.1,0.0,25.1,3.1,35.2,0,0,40.8,1,13222,1,13222,21502,3987,12637,2107,1125,10017,1,13505,14344,13505,14058,16303,19399,5051,6017,12854,8263,8846,10138,17725,4154,11042,10946,2246,150,6302,1,11:28
2024-25,1629674,Neemias Queta,Neemias,1610612738,BOS,Boston Celtics,0022401044,2025-03-24T00:00:00,BOS @ SAC,W,1.2,30.0,30.0,1.0,0.0,0.0,0.0,0.0,0.0,0.0,30.0,30.0,60.0,0.0,0.0,0.0,0.0,0.0,0.0,0.0,60.0,0.0,132.0,0,0,120.0,1,1,13086,1,25966,32,271,1,15070,20945,15070,13505,14344,13505,15,36,12,19908,16469,12854,8263,8846,20257,17725,89,12240,23,2246,150,31,1,1:12
2024-25,1627750,Jamal Murray,Jamal,1610612743,DEN,Denver Nuggets,0022401042,2025-03-24T00:00:00,DEN vs. CHI,L,32.15,12.3,24.6,0.5,4.5,10.1,0.444,2.2,2.2,1.0,1.1,4.5,5.6,7.8,2.2,1.1,0.0,0.0,3.4,2.2,31.4,1.1,50.9,0,0,51.5,1,13222,1,13222,5846,1345,904,8526,3099,3407,7211,9811,11969,1,12331,12312,13289,3057,9352,10867,8263,8846,9220,11987,1681,12070,3003,2246,150,2139,1,32:09
2024-25,1630169,Tyrese Haliburton,Tyrese,1610612754,IND,Indiana Pacers,0022401037,2025-03-24T00:00:00,IND vs. MIN,W,29.101666666666667,11.1,19.8,0.563,3.7,8.7,0.429,3.7,3.7,1.0,0.0,4.9,4.9,13.6,1.2,1.2,1.2,1.2,0.0,1.2,29.7,16.1,62.2,1,0,56.9,1,1,13086,1,8592,2160,3122,7127,4676,5326,7394,6267,8459,1,14058,11033,14933,431,14186,9893,5959,6012,20257,16198,2196,5224,946,1,150,1173,1,29:06
2024-25,1630314,Brandon Williams,Brandon,1610612742,DAL,Dallas Mavericks,0022401040,2025-03-24T00:00:00,DAL @ BKN,W,19.183333333333334,11.3,18.8,0.6,1.9,3.8,0.5,3.8,3.8,1.0,5.6,3.8,9.4,7.5,1.9,1.9,0.0,1.9,1.9,1.9,28.1,15.0,54.4,0,0,50.7,1,1,13086,1,16683,2041,3957,5394,10731,16088,3944,6176,8363,1,1857,14458,6208,3391,11172,6877,8263,3638,15803,13599,2730,5622,2110,2246,150,2354,1,19:11
2024-25,1627759,Jaylen Brown,Jaylen,1610612738,BOS,Boston Celtics,0022401044,2025-03-24T00:00:00,BOS @ SAC,W,25.766666666666666,5.6,11.2,0.5,1.4,4.2,0.333,0.0,0.0,0.0,0.0,2.8,2.8,0.0,4.2,1.4,0.0,0.0,1.4,1.4,12.6,-1.4,15.9,0,0,19.6,1,1,13086,1,11353,12736,15059,8526,12462,15138,9209,13505,14344,13505,14058,17412,20264,19908,3519,8919,8263,8846,17629,15466,15520,13754,22883,2246,150,21119,1,25:46
2024-25,1629637,Jaxson Hayes,Jaxson,1610612747,LAL,Los Angeles Lakers,0022401038,2025-03-24T00:00:00,LAL @ ORL,L,18.466666666666665,3.9,7.8,0.5,0.0,0.0,0.0,0.0,0.0,0.0,3.9,3.9,7.8,0.0,1.9,0.0,1.9,1.9,9.7,3.9,7.8,-19.5,21.1,0,0,19.5,1,13222,1,13222,17225,17323,20534,8526,15070,20945,15070,13505,14344,13505,3726,14027,8618,19908,10782,12854,3628,3384,754,6567,20086,21399,20654,2246,150,21151,1,18:28
2024-25,1626220,Royce O'Neale,Royce,1610612756,PHX,Phoenix Suns,0022401043,2025-03-24T00:00:00,PHX vs. MIL,W,12.933333333333334,2.8,8.4,0.333,2.8,5.6,0.5,0.0,0.0,0.0,0.0,5.6,5.6,2.8,0.0,0.0,0.0,0.0,5.6,0.0,8.4,-16.7,19.2,0,0,19.5,1,1,13086,1,20774,19914,19722,17395,7264,11801,3944,13505,14344,13505,14058,9367,13367,13638,16469,12854,8263,8846,3599,17725,19624,20516,21541,2246,150,21159,1,12:56
2024-25,1631097,Bennedict Mathurin,Bennedict,1610612754,IND,Indiana Pacers,0022401037,2025-03-24T00:00:00,IND vs. MIN,W,22.166666666666668,4.9,13.0,0.375,0.0,4.9,0.0,8.1,8.1,1.0,3.2,6.5,9.7,3.2,4.9,1.6,0.0,1.6,8.1,8.1,17.9,1.6,34.4,0,0,34.1,1,1,13086,1,14372,14736,11866,16299,15070,13505,15070,1350,2434,1,4844,7319,5739,12147,2498,7903,8263,4373,1313,954,9953,11823,11492,2246,150,10772,1,22:10
2024-25,1627752,Taurean Prince,Taurean,1610612749,MIL,Milwaukee Bucks,0022401043,2025-03-24T00:00:00,MIL @ PHX,L,28.083333333333332,1.3,6.4,0.2,1.3,6.4,0.2,0.0,0.0,0.0,0.0,1.3,1.3,2.6,0.0,1.3,0.0,0.0,1.3,0.0,3.8,7.7,13.1,0,0,11.5,1,13222,1,13222,9476,22417,22191,21401,12927,9726,13429,13505,14344,13505,14058,21321,22837,14326,16469,9571,8263,8846,18115,17725,22632,8776,23745,2246,150,24103,1,28:05
2024-25,1630678,Terry Taylor,Terry,1610612758,SAC,Sacramento Kings,0022401044,2025-03-24T00:00:00,SAC vs. BOS,L,2.6,0.0,13.8,0.0,0.0,0.0,0.0,0.0,0.0,0.0,0.0,0.0,0.0,0.0,0.0,0.0,0.0,0.0,0.0,0.0,0.0,0.0,0.0,0,0,0.0,1,13222,1,13222,25179,22635,10431,22635,15070,20945,15070,13505,14344,13505,14058,22137,23286,19908,16469,12854,8263,8846,20257,17725,23200,12240,25228,2246,150,25259,1,2:36
2024-25,203935,Marcus Smart,Marcus,1610612764,WAS,Washington Wizards,0022401039,2025-03-24T00:00:00,WAS vs. TOR,L,12.483333333333333,5.8,11.5,0.5,2.9,5.8,0.5,2.9,5.8,0.5,0.0,5.8,5.8,2.9,5.8,5.8,0.0,2.9,2.9,2.9,17.3,-23.1,40.1,0,0,40.4,1,13222,1,13222,21003,12208,14414,8526,6924,11281,3944,8134,4790,10625,14058,8863,12846,13332,1593,544,8263,1491,11249,9646,10525,22348,7705,2246,150,6561,1,12:29
2024-25,203484,Kentavious Caldwell-Pope,Kentavious,1610612753,ORL,Orlando Magic,0022401038,2025-03-24T00:00:00,ORL vs. LAL,W,33.88333333333333,3.2,6.4,0.5,3.2,6.4,0.5,0.0,0.0,0.0,3.2,1.1,4.2,3.2,0.0,0.0,0.0,0.0,2.1,1.1,9.6,6.4,19.4,0,0,20.2,1,1,13086,1,4366,19019,22237,8526,5987,9810,3944,13505,14344,13505,4969,21845,16682,12368,16469,12854,8263,8846,14494,17104,18580,9433,21432,2246,150,20750,1,33:53
2024-25,1626164,Devin Booker,Devin,1610612756,PHX,Phoenix Suns,0022401043,2025-03-24T00:00:00,PHX vs. MIL,W,39.5,6.4,16.4,0.389,0.0,4.6,0.0,4.6,4.6,1.0,1.8,4.6,6.4,10.9,4.6,0.0,0.0,0.0,2.7,3.6,17.3,11.8,36.8,1,0,34.6,1,1,13086,1,720,10493,6540,16009,15070,14302,15070,4746,6734,1,9159,12104,11445,1018,2914,12854,8263,8846,11897,7270,10514,6862,9825,1,150,10344,1,39:30
2024-25,1631222,Jake LaRavia,Jake,1610612758,SAC,Sacramento Kings,0022401044,2025-03-24T00:00:00,SAC vs. BOS,L,16.65,2.2,8.6,0.25,0.0,2.2,0.0,0.0,0.0,0.0,0.0,4.3,4.3,2.2,4.3,4.3,0.0,0.0,4.3,2.2,4.3,-2.2,21.4,0,0,19.5,1,13222,1,13222,18502,21112,19277,20233,15070,19237,15070,13505,14344,13505,14058,12733,16475,15756,3265,1354,8263,8846,6206,12334,22388,14132,20467,2246,150,21172,1,16:39
2024-25,1641775,Jordan Walsh,Jordan,1610612738,BOS,Boston Celtics,0022401044,2025-03-24T00:00:00,BOS @ SAC,W,1.2,0.0,30.0,0.0,0.0,30.0,0.0,0.0,0.0,0.0,0.0,0.0,0.0,0.0,0.0,0.0,0.0,0.0,0.0,0.0,0.0,0.0,0.0,0,0,0.0,1,1,13086,1,25966,22635,271,22635,15070,64,15070,13505,14344,13505,14058,22137,23286,19908,16469,12854,8263,8846,20257,17725,23200,12240,25228,2246,150,25259,1,1:12
2024-25,1641998,Trey Jemison III,Trey,1610612747,LAL,Los Angeles Lakers,0022401038,2025-03-24T00:00:00,LAL @ ORL,L,0.585,0.0,0.0,0.0,0.0,0.0,0.0,0.0,0.0,0.0,0.0,0.0,0.0,0.0,0.0,0.0,0.0,0.0,0.0,0.0,0.0,0.0,0.0,0,0,0.0,1,13222,1,13222,26190,22635,24836,22635,15070,20945,15070,13505,14344,13505,14058,22137,23286,19908,16469,12854,8263,8846,20257,17725,23200,12240,25228,2246,150,25259,1,0:35
2024-25,1630538,Bones Hyland,Bones,1610612750,MIN,Minnesota Timberwolves,0022401037,2025-03-24T00:00:00,MIN @ IND,L,1.8333333333333333,0.0,0.0,0.0,0.0,0.0,0.0,0.0,0.0,0.0,0.0,0.0,0.0,19.6,0.0,0.0,0.0,0.0,0.0,0.0,0.0,58.9,29.5,0,0,19.6,1,13222,1,13222,25581,22635,24836,22635,15070,20945,15070,13505,14344,13505,14058,22137,23286,94,16469,12854,8263,8846,20257,17725,23200,385,15174,2246,150,21072,1,1:50
2024-25,1630534,Ochai Agbaji,Ochai,1610612761,TOR,Toronto Raptors,0022401039,2025-03-24T00:00:00,TOR @ WAS,W,29.983333333333334,3.6,12.0,0.3,1.2,4.8,0.25,2.4,2.4,1.0,1.2,3.6,4.8,3.6,2.4,0.0,0.0,1.2,4.8,1.2,10.8,1.2,19.6,0,0,20.4,1,1,13086,1,7797,18078,13572,19363,13361,13700,11902,9334,11486,1,11790,14923,15298,11081,8648,12854,8263,6253,5051,16403,17366,12013,21374,2246,150,20624,1,29:59
2024-25,202696,Nikola Vučević,Nikola,1610612741,CHI,Chicago Bulls,0022401042,2025-03-24T00:00:00,CHI @ DEN,W,29.1,6.2,14.8,0.417,1.2,4.9,0.25,2.5,2.5,1.0,1.2,8.7,9.9,2.5,1.2,2.5,0.0,0.0,3.7,1.2,16.1,-7.4,37.9,0,0,34.6,1,1,13086,1,8594,11005,8833,14532,13167,13314,11902,9121,11272,1,11555,3873,5549,14636,14183,4454,8263,8846,8037,16196,11845,16691,9122,2246,150,10338,1,29:06
2024-25,1631245,Quenton Jackson,Quenton,1610612754,IND,Indiana Pacers,0022401037,2025-03-24T00:00:00,IND vs. MIN,W,1.6166666666666667,0.0,0.0,0.0,0.0,0.0,0.0,0.0,0.0,0.0,0.0,0.0,0.0,0.0,0.0,0.0,0.0,0.0,0.0,0.0,0.0,-22.3,0.0,0,0,0.0,1,1,13086,1,25706,22635,24836,22635,15070,20945,15070,13505,14344,13505,14058,22137,23286,19908,16469,12854,8263,8846,20257,17725,23200,22147,25228,2246,150,25259,1,1:37
2024-25,1642277,Johnny Furphy,Johnny,1610612754,IND,Indiana Pacers,0022401037,2025-03-24T00:00:00,IND vs. MIN,W,1.6166666666666667,0.0,0.0,0.0,0.0,0.0,0.0,0.0,0.0,0.0,0.0,0.0,0.0,0.0,0.0,0.0,0.0,0.0,0.0,0.0,0.0,-22.3,0.0,0,0,0.0,1,1,13086,1,25706,22635,24836,22635,15070,20945,15070,13505,14344,13505,14058,22137,23286,19908,16469,12854,8263,8846,20257,17725,23200,22147,25228,2246,150,25259,1,1:37
2024-25,1642347,Jamal Shead,Jamal,1610612761,TOR,Toronto Raptors,0022401039,2025-03-24T00:00:00,TOR @ WAS,W,19.9,9.0,18.1,0.5,1.8,7.2,0.25,5.4,9.0,0.6,0.0,3.6,3.6,5.4,0.0,1.8,0.0,0.0,0.0,5.4,25.3,0.0,43.2,0,0,39.8,1,1,13086,1,16094,4618,4571,8526,11041,7966,11902,3500,1842,10343,14058,14873,18277,6577,16469,7208,8263,8846,20257,3436,4038,12240,6020,2246,150,6893,1,19:54
2024-25,1642265,Rob Dillingham,Rob,1610612750,MIN,Minnesota Timberwolves,0022401037,2025-03-24T00:00:00,MIN @ IND,L,2.5,0.0,0.0,0.0,0.0,0.0,0.0,0.0,0.0,0.0,0.0,0.0,0.0,0.0,0.0,0.0,0.0,0.0,0.0,0.0,0.0,-14.4,0.0,0,0,0.0,1,13222,1,13222,25215,22635,24836,22635,15070,20945,15070,13505,14344,13505,14058,22137,23286,19908,16469,12854,8263,8846,20257,17725,23200,19654,25228,2246,150,25259,1,2:30
2024-25,1630542,Marcus Bagley,Marcus,1610612755,PHI,Philadelphia 76ers,0022401041,2025-03-24T00:00:00,PHI @ NOP,L,18.091666666666665,2.0,6.0,0.333,0.0,4.0,0.0,0.0,0.0,0.0,0.0,4.0,4.0,0.0,0.0,2.0,0.0,0.0,2.0,0.0,4.0,-25.9,14.7,0,0,11.9,1,13222,1,13222,17511,21429,22639,17395,15070,15620,15070,13505,14344,13505,14058,13789,17360,19908,16469,6300,8263,8846,15207,17725,22562,22999,23277,2246,150,23993,1,18:06
2024-25,1641809,Drew Peterson,Drew,1610612738,BOS,Boston Celtics,0022401044,2025-03-24T00:00:00,BOS @ SAC,W,1.2,0.0,0.0,0.0,0.0,0.0,0.0,0.0,0.0,0.0,0.0,0.0,0.0,0.0,0.0,0.0,0.0,0.0,0.0,0.0,0.0,0.0,0.0,0,0,0.0,1,1,13086,1,25966,22635,24836,22635,15070,20945,15070,13505,14344,13505,14058,22137,23286,19908,16469,12854,8263,8846,20257,17725,23200,12240,25228,2246,150,25259,1,1:12
2024-25,1631288,Jamal Cain,Jamal,1610612740,NOP,New Orleans Pelicans,0022401041,2025-03-24T00:00:00,NOP vs. PHI,W,2.25,0.0,16.0,0.0,0.0,0.0,0.0,0.0,0.0,0.0,0.0,0.0,0.0,0.0,0.0,0.0,0.0,0.0,0.0,0.0,0.0,-80.0,0.0,0,0,0.0,1,1,13086,1,25337,22635,7106,22635,15070,20945,15070,13505,14344,13505,14058,22137,23286,19908,16469,12854,8263,8846,20257,17725,23200,26000,25228,2246,150,25259,1,2:15
2024-25,1626145,Tyus Jones,Tyus,1610612756,PHX,Phoenix Suns,0022401043,2025-03-24T00:00:00,PHX vs. MIL,W,25.218333333333334,5.7,11.4,0.5,0.0,5.7,0.0,0.0,0.0,0.0,2.9,1.4,4.3,4.3,0.0,0.0,0.0,0.0,0.0,2.9,11.4,7.1,23.0,0,0,20.0,1,1,13086,1,11819,12388,14623,8526,15070,11423,15070,13505,14344,13505,5716,21031,16583,9177,16469,12854,8263,8846,20257,9749,16763,9074,19575,2246,150,20873,1,25:13
2024-25,1629614,Andrew Nembhard,Andrew,1610612754,IND,Indiana Pacers,0022401037,2025-03-24T00:00:00,IND vs. MIN,W,32.8,3.3,7.7,0.429,0.0,1.1,0.0,0.0,0.0,0.0,0.0,3.3,3.3,5.5,2.2,2.2,0.0,1.1,0.0,1.1,6.6,20.9,23.2,0,0,19.8,1,1,13086,1,5326,18769,20673,13735,15070,20747,15070,13505,14344,13505,14058,15814,19007,6454,9528,5410,8263,7064,20257,16917,20996,3734,19457,2246,150,21006,1,32:48
2024-25,201144,Mike Conley,Mike,1610612750,MIN,Minnesota Timberwolves,0022401037,2025-03-24T00:00:00,MIN @ IND,L,21.983333333333334,4.9,8.2,0.6,1.6,3.3,0.5,0.0,0.0,0.0,0.0,6.6,6.6,8.2,3.3,1.6,1.6,0.0,0.0,1.6,11.5,-13.1,38.2,0,0,34.4,1,13222,1,13222,14516,14648,19960,5394,11569,17121,3944,13505,14344,13505,14058,7202,11065,2709,5580,7859,4454,8846,20257,14494,16720,19166,8919,2246,150,10535,1,21:59
2024-25,1642384,Isaiah Crawford,Isaiah,1610612758,SAC,Sacramento Kings,0022401044,2025-03-24T00:00:00,SAC vs. BOS,L,2.6,0.0,0.0,0.0,0.0,0.0,0.0,0.0,0.0,0.0,0.0,0.0,0.0,0.0,0.0,0.0,0.0,0.0,0.0,0.0,0.0,0.0,0.0,0,0,0.0,1,13222,1,13222,25179,22635,24836,22635,15070,20945,15070,13505,14344,13505,14058,22137,23286,19908,16469,12854,8263,8846,20257,17725,23200,12240,25228,2246,150,25259,1,2:36
2024-25,1629645,Kevin Porter Jr.,Kevin,1610612749,MIL,Milwaukee Bucks,0022401043,2025-03-24T00:00:00,MIL @ PHX,L,22.15,3.3,14.6,0.222,1.6,8.1,0.2,0.0,0.0,0.0,0.0,6.5,6.5,4.9,1.6,4.9,0.0,3.3,3.3,4.9,8.1,-14.6,36.2,0,0,30.9,1,13222,1,13222,14386,18885,9163,21205,11613,6229,13429,13505,14344,13505,14058,7303,11176,7740,12236,981,8263,1102,9647,4340,19812,19759,10203,2246,150,13269,1,22:09
2024-25,1630551,Justin Champagnie,Justin,1610612764,WAS,Washington Wizards,0022401039,2025-03-24T00:00:00,WAS vs. TOR,L,21.033333333333335,0.0,1.7,0.0,0.0,1.7,0.0,0.0,0.0,0.0,0.0,8.6,8.6,3.4,0.0,0.0,1.7,0.0,0.0,0.0,0.0,0.0,20.5,0,0,15.4,1,13222,1,13222,15267,22635,24803,22635,15070,20034,15070,13505,14344,13505,14058,3981,7381,11623,16469,12854,4266,8846,20257,17725,23200,12240,20923,2246,150,22914,1,21:02
2024-25,201950,Jrue Holiday,Jrue,1610612738,BOS,Boston Celtics,0022401044,2025-03-24T00:00:00,BOS @ SAC,W,31.133333333333333,2.3,12.7,0.182,1.2,5.8,0.2,0.0,0.0,0.0,1.2,0.0,1.2,3.5,0.0,1.2,0.0,1.2,2.3,0.0,5.8,18.5,15.8,0,0,13.9,1,1,13086,1,6760,20826,12352,21891,13616,11249,13429,13505,14344,13505,12063,22137,22998,11495,16469,10533,8263,6583,13595,17725,21542,4410,22910,2246,150,23453,1,31:08
2024-25,1630230,Naji Marshall,Naji,1610612742,DAL,Dallas Mavericks,0022401040,2025-03-24T00:00:00,DAL @ BKN,W,27.44333333333333,11.8,19.7,0.6,2.6,5.2,0.5,2.6,2.6,1.0,0.0,5.2,5.2,2.6,1.3,0.0,0.0,0.0,3.9,3.9,28.9,28.9,37.8,0,0,39.4,1,1,13086,1,9983,1653,3203,5394,7757,12599,3944,8752,10923,1,14058,10166,14166,14143,13755,12854,8263,8846,7329,6472,2464,2126,9176,2246,150,7160,1,27:27
2024-25,1630545,Terrence Shannon Jr.,Terrence,1610612750,MIN,Minnesota Timberwolves,0022401037,2025-03-24T00:00:00,MIN @ IND,L,2.5,0.0,0.0,0.0,0.0,0.0,0.0,0.0,0.0,0.0,0.0,0.0,0.0,14.4,14.4,0.0,0.0,0.0,0.0,0.0,0.0,-14.4,7.2,0,0,14.4,1,13222,1,13222,25215,22635,24836,22635,15070,20945,15070,13505,14344,13505,14058,22137,23286,344,128,12854,8263,8846,20257,17725,23200,19654,24799,2246,150,23288,1,2:30
2024-25,1631260,AJ Green,AJ,1610612749,MIL,Milwaukee Bucks,0022401043,2025-03-24T00:00:00,MIL @ PHX,L,20.628333333333334,1.7,8.7,0.2,0.0,7.0,0.0,0.0,0.0,0.0,0.0,3.5,3.5,3.5,1.7,1.7,0.0,0.0,1.7,0.0,3.5,-1.7,16.4,0,0,14.0,1,13222,1,13222,15549,21838,19143,21401,15070,8499,15070,13505,14344,13505,14058,15268,18573,11414,11763,7464,8263,8846,16386,17725,22779,13891,22702,2246,150,23432,1,20:38
2024-25,1630172,Patrick Williams,Patrick,1610612741,CHI,Chicago Bulls,0022401042,2025-03-24T00:00:00,CHI @ DEN,W,18.33,5.9,17.7,0.333,0.0,9.8,0.0,0.0,0.0,0.0,3.9,3.9,7.9,3.9,3.9,2.0,2.0,2.0,3.9,0.0,11.8,-7.9,35.0,0,0,31.4,1,1,13086,1,17342,11824,5038,17395,15070,3701,15070,13505,14344,13505,3687,13942,8532,10143,4022,6427,3590,3340,7355,17725,16363,16908,11082,2246,150,12834,1,18:20
2024-25,1641716,Jarace Walker,Jarace,1610612754,IND,Indiana Pacers,0022401037,2025-03-24T00:00:00,IND vs. MIN,W,1.8333333333333333,19.6,19.6,1.0,0.0,0.0,0.0,0.0,0.0,0.0,0.0,0.0,0.0,0.0,0.0,0.0,0.0,0.0,0.0,0.0,39.3,-58.9,39.3,0,0,39.3,1,1,13086,1,25581,151,3233,1,15070,20945,15070,13505,14344,13505,14058,22137,23286,19908,16469,12854,8263,8846,20257,17725,490,25657,8210,2246,150,7211,1,1:50
2024-25,202685,Jonas Valančiūnas,Jonas,1610612758,SAC,Sacramento Kings,0022401044,2025-03-24T00:00:00,SAC vs. BOS,L,13.016666666666667,5.5,11.1,0.5,0.0,0.0,0.0,0.0,0.0,0.0,0.0,8.3,8.3,2.8,0.0,0.0,0.0,2.8,8.3,2.8,11.1,-8.3,25.2,0,0,22.1,1,13222,1,13222,20734,12904,15260,8526,15070,20945,15070,13505,14344,13505,14058,4290,7775,13699,16469,12854,8263,1646,1232,10086,17129,17094,18162,2246,150,19600,1,13:01
2024-25,1630539,Kai Jones,Kai,1610612742,DAL,Dallas Mavericks,0022401040,2025-03-24T00:00:00,DAL @ BKN,W,27.883333333333333,6.5,6.5,1.0,0.0,0.0,0.0,3.9,6.5,0.6,3.9,7.7,11.6,0.0,1.3,1.3,0.0,0.0,2.6,5.2,16.8,14.2,33.3,0,0,31.0,1,1,13086,1,9638,10298,22149,1,15070,20945,15070,5926,3932,10343,3775,5087,3826,19908,13851,9511,8263,8846,12488,3826,11091,5932,12339,2246,150,13177,1,27:53
2024-25,1630559,Austin Reaves,Austin,1610612747,LAL,Los Angeles Lakers,0022401038,2025-03-24T00:00:00,LAL @ ORL,L,35.66,7.1,16.2,0.438,1.0,6.1,0.167,3.0,4.0,0.75,0.0,6.1,6.1,4.0,3.0,0.0,0.0,0.0,4.0,3.0,18.2,-7.1,28.5,0,0,29.3,1,13222,1,13222,2940,8767,6897,13558,14491,10551,14236,7731,7764,8186,14058,8210,12147,9838,6360,12854,8263,8846,7032,9131,9652,16538,15897,2246,150,14498,1,35:40
2024-25,1630550,JT Thor,JT,1610612764,WAS,Washington Wizards,0022401039,2025-03-24T00:00:00,WAS vs. TOR,L,16.066666666666666,4.5,11.2,0.4,0.0,4.5,0.0,2.2,4.5,0.5,2.2,4.5,6.7,0.0,0.0,0.0,2.2,0.0,4.5,4.5,11.2,-24.6,26.0,0,0,22.4,1,13222,1,13222,18879,15834,15013,14933,15070,14488,15070,9804,6873,10625,7450,12303,10698,19908,16469,12854,2857,8846,5816,5182,16993,22734,17621,2246,150,19418,1,16:04
2024-25,1628371,Jonathan Isaac,Jonathan,1610612753,ORL,Orlando Magic,0022401038,2025-03-24T00:00:00,ORL vs. LAL,W,9.283333333333333,0.0,7.8,0.0,0.0,3.9,0.0,7.8,7.8,1.0,0.0,7.8,7.8,0.0,0.0,3.9,3.9,0.0,0.0,7.8,7.8,-3.9,40.3,0,0,31.0,1,1,13086,1,22353,22635,20584,22635,15070,15851,15070,1535,2702,1,14058,5068,8707,19908,16469,1759,987,8846,20257,1160,20123,14993,7551,2246,150,13140,1,9:17
2024-25,1629060,Rui Hachimura,Rui,1610612747,LAL,Los Angeles Lakers,0022401038,2025-03-24T00:00:00,LAL @ ORL,L,23.981666666666666,3.0,6.0,0.5,0.0,3.0,0.0,1.5,3.0,0.5,1.5,3.0,4.5,0.0,1.5,1.5,0.0,0.0,1.5,1.5,7.5,-1.5,15.9,0,0,15.0,1,13222,1,13222,12922,19410,22593,8526,15070,17637,15070,11798,9969,10625,10319,16711,16047,19908,12739,8402,8263,8846,17213,14997,20316,13801,22889,2246,150,23057,1,23:59
2024-25,1630592,Jalen Wilson,Jalen,1610612751,BKN,Brooklyn Nets,0022401040,2025-03-24T00:00:00,BKN vs. DAL,L,17.85,6.1,14.1,0.429,2.0,6.1,0.333,2.0,2.0,1.0,0.0,4.0,4.0,0.0,2.0,0.0,0.0,2.0,6.1,2.0,16.1,-20.2,19.0,0,0,22.2,1,13222,1,13222,17663,11360,9976,13735,10090,10563,9209,10585,12674,1,14058,13619,17232,19908,10443,12854,8263,3174,2874,12999,11782,21595,21661,2246,150,19565,1,17:51
2024-25,1631128,Christian Braun,Christian,1610612743,DEN,Denver Nuggets,0022401042,2025-03-24T00:00:00,DEN vs. CHI,L,39.403333333333336,6.4,11.9,0.538,1.8,2.7,0.667,1.8,2.7,0.667,0.9,3.7,4.6,2.7,1.8,0.9,0.9,0.9,0.9,1.8,16.4,1.8,29.7,0,0,29.2,1,13222,1,13222,749,10463,13811,7978,10961,18183,1957,11176,10640,9425,13849,14780,15882,13788,11423,12602,8026,8592,20106,13822,11453,11724,15035,2246,150,14522,1,39:24
2024-25,1642345,Oso Ighodaro,Oso,1610612756,PHX,Phoenix Suns,0022401043,2025-03-24T00:00:00,PHX vs. MIL,W,19.133333333333333,3.8,5.6,0.667,0.0,0.0,0.0,0.0,0.0,0.0,0.0,3.8,3.8,0.0,0.0,1.9,0.0,0.0,7.5,0.0,7.5,9.4,17.7,0,0,15.1,1,1,13086,1,16723,17661,22948,3281,15070,20945,15070,13505,14344,13505,14058,14433,17910,19908,16469,6850,8263,8846,1621,17725,20296,7986,22222,2246,150,23044,1,19:08
2024-25,1630526,Jeremiah Robinson-Earl,Jeremiah,1610612740,NOP,New Orleans Pelicans,0022401041,2025-03-24T00:00:00,NOP vs. PHI,W,19.75,5.5,7.3,0.75,1.8,3.6,0.5,0.0,0.0,0.0,3.6,5.5,9.1,1.8,0.0,1.8,0.0,0.0,1.8,0.0,12.8,43.7,31.9,0,0,29.2,1,1,13086,1,16221,13070,21218,2107,10979,16336,3944,13505,14344,13505,4127,9618,6562,17015,16469,7141,8263,8846,16070,17725,15328,751,13404,2246,150,14572,1,19:45
2024-25,202709,Cory Joseph,Cory,1610612753,ORL,Orlando Magic,0022401038,2025-03-24T00:00:00,ORL vs. LAL,W,17.2,4.2,8.4,0.5,2.1,6.3,0.333,0.0,0.0,0.0,2.1,6.3,8.4,10.5,0.0,0.0,0.0,0.0,6.3,2.1,10.5,-6.3,36.2,0,0,31.4,1,1,13086,1,18139,16627,19677,8526,9719,10022,9209,13505,14344,13505,7977,7730,7657,1219,16469,12854,8263,8846,2623,12642,17696,16196,10230,2246,150,12861,1,17:12
2024-25,1631108,Max Christie,Max,1610612742,DAL,Dallas Mavericks,0022401040,2025-03-24T00:00:00,DAL @ BKN,W,25.71,4.2,12.6,0.333,2.8,8.4,0.333,2.8,2.8,1.0,1.4,5.6,7.0,2.8,1.4,1.4,0.0,0.0,0.0,1.4,14.0,12.6,29.4,0,0,29.4,1,1,13086,1,11404,16598,12569,17395,7214,5746,9209,8348,10489,1,10749,9301,10147,13585,13282,8899,8263,8846,20257,15452,13932,6564,15211,2246,150,14401,1,25:43
2024-25,1641767,Ben Sheppard,Ben,1610612754,IND,Indiana Pacers,0022401037,2025-03-24T00:00:00,IND vs. MIN,W,15.315,2.4,4.7,0.5,0.0,2.4,0.0,0.0,0.0,0.0,2.4,4.7,7.1,2.4,4.7,0.0,0.0,0.0,2.4,0.0,4.7,-7.1,12.0,0,0,14.1,1,1,13086,1,19371,20756,23682,8526,15070,18905,15070,13505,14344,13505,7088,11697,10054,15053,2715,12854,8263,8846,13434,17725,22186,16528,24008,2246,150,23395,1,15:19
2024-25,1641740,Jaylen Clark,Jaylen,1610612750,MIN,Minnesota Timberwolves,0022401037,2025-03-24T00:00:00,MIN @ IND,L,18.5,5.8,9.7,0.6,0.0,1.9,0.0,0.0,0.0,0.0,1.9,1.9,3.9,1.9,0.0,3.9,1.9,0.0,3.9,3.9,11.7,-9.7,36.8,0,0,29.2,1,13222,1,13222,17195,11992,17510,5394,15070,19651,15070,13505,14344,13505,8638,19841,17588,16577,16469,1744,3638,8846,7467,6586,16488,17770,9855,2246,150,14548,1,18:30
2024-25,1627827,Dorian Finney-Smith,Dorian,1610612747,LAL,Los Angeles Lakers,0022401038,2025-03-24T00:00:00,LAL @ ORL,L,35.465,5.1,7.1,0.714,4.1,6.1,0.667,0.0,0.0,0.0,3.0,4.1,7.1,0.0,0.0,2.0,0.0,0.0,0.0,0.0,14.2,-6.1,28.8,0,0,29.4,1,13222,1,13222,3108,14160,21430,2752,3866,10460,1957,13505,14344,13505,5239,13542,9940,19908,16469,6106,8263,8846,20257,17725,13709,16102,15610,2246,150,14374,1,35:28
2024-25,1629008,Michael Porter Jr.,Michael,1610612743,DEN,Denver Nuggets,0022401042,2025-03-24T00:00:00,DEN vs. CHI,L,35.446666666666665,7.1,18.3,0.389,1.0,10.2,0.1,1.0,2.0,0.5,2.0,4.1,6.1,2.0,0.0,1.0,1.0,1.0,0.0,1.0,16.2,-22.3,32.7,0,0,29.5,1,13222,1,13222,3121,8679,4385,16009,14453,3323,15047,13194,12628,10625,8253,13540,12064,16262,16469,11806,7382,7766,20257,17330,11655,22176,12799,2246,150,14366,1,35:27
2024-25,1642261,Dalton Knecht,Dalton,1610612747,LAL,Los Angeles Lakers,0022401038,2025-03-24T00:00:00,LAL @ ORL,L,4.635,7.8,7.8,1.0,7.8,7.8,1.0,0.0,0.0,0.0,0.0,0.0,0.0,0.0,0.0,0.0,0.0,0.0,7.8,0.0,23.3,-46.6,23.3,0,0,31.1,1,13222,1,13222,24165,7131,20569,1,521,6861,1,13505,14344,13505,14058,22137,23286,19908,16469,12854,8263,8846,1485,17725,5294,25251,19369,2246,150,13103,1,4:38
2024-25,1630570,Trendon Watford,Trendon,1610612751,BKN,Brooklyn Nets,0022401040,2025-03-24T00:00:00,BKN vs. DAL,L,28.0,6.4,11.6,0.556,1.3,3.9,0.333,1.3,2.6,0.5,0.0,1.3,1.3,5.1,2.6,0.0,0.0,0.0,2.6,1.3,15.4,-7.7,22.1,0,0,23.1,1,13222,1,13222,9543,10362,14355,7248,12909,15882,9209,12339,11044,10625,14058,21309,22827,7145,7975,12854,8263,8846,12524,15968,12491,16839,20072,2246,150,18899,1,28:00
2024-25,1641730,Noah Clowney,Noah,1610612751,BKN,Brooklyn Nets,0022401040,2025-03-24T00:00:00,BKN vs. DAL,L,22.183333333333334,3.2,6.5,0.5,1.6,4.9,0.333,1.6,3.2,0.5,1.6,8.1,9.7,3.2,0.0,0.0,0.0,0.0,1.6,1.6,9.7,-4.9,26.3,0,0,24.3,1,13222,1,13222,14357,18903,22124,8526,11620,13511,9209,11558,9426,10625,9831,4544,5750,12162,16469,12854,8263,8846,16802,14550,18409,15509,17419,2246,150,18112,1,22:11
2024-25,204001,Kristaps Porziņģis,Kristaps,1610612738,BOS,Boston Celtics,0022401044,2025-03-24T00:00:00,BOS @ SAC,W,30.616666666666667,5.9,15.3,0.385,1.2,4.7,0.25,5.9,7.1,0.833,1.2,8.2,9.4,2.4,0.0,1.2,2.4,0.0,4.7,8.2,18.8,7.1,44.2,0,0,38.8,1,1,13086,1,7200,11865,8131,16070,13502,13950,11902,2992,3315,7275,11954,4378,6175,15051,16469,10384,2641,8846,5273,916,9024,9112,5567,2246,150,7508,1,30:37
2024-25,1641722,Jordan Hawkins,Jordan,1610612740,NOP,New Orleans Pelicans,0022401041,2025-03-24T00:00:00,NOP vs. PHI,W,23.626666666666665,6.1,21.3,0.286,1.5,13.7,0.111,0.0,3.0,0.0,1.5,6.1,7.6,1.5,6.1,0.0,0.0,0.0,3.0,3.0,13.7,-1.5,19.0,0,0,24.4,1,1,13086,1,13210,11240,2139,19630,11950,1020,15003,13505,9856,13505,10218,8112,8939,17892,1327,12854,8263,8846,10500,9083,14267,13809,21618,2246,150,18092,1,23:38
2024-25,1630568,Luka Garza,Luka,1610612750,MIN,Minnesota Timberwolves,0022401037,2025-03-24T00:00:00,MIN @ IND,L,2.5,14.4,14.4,1.0,0.0,0.0,0.0,0.0,0.0,0.0,0.0,0.0,0.0,0.0,0.0,0.0,0.0,0.0,0.0,0.0,28.8,-14.4,28.8,0,0,28.8,1,13222,1,13222,25215,600,9521,1,15070,20945,15070,13505,14344,13505,14058,22137,23286,19908,16469,12854,8263,8846,20257,17725,2484,19654,15629,2246,150,14855,1,2:30
2024-25,1628436,Luke Kornet,Luke,1610612738,BOS,Boston Celtics,0022401044,2025-03-24T00:00:00,BOS @ SAC,W,25.883333333333333,8.3,9.7,0.857,0.0,0.0,0.0,1.4,2.8,0.5,5.6,5.6,11.1,4.2,1.4,1.4,1.4,0.0,1.4,1.4,18.1,22.3,44.6,0,0,38.9,1,1,13086,1,11254,5894,17502,1412,15070,20945,15070,12039,10530,10625,1903,9380,4300,9463,13332,8954,5266,8846,17664,15490,9756,3409,5351,2246,150,7415,1,25:53
2024-25,1641720,Jalen Hood-Schifino,Jalen,1610612755,PHI,Philadelphia 76ers,0022401041,2025-03-24T00:00:00,PHI @ NOP,L,19.1,5.7,17.0,0.333,1.9,7.5,0.25,3.8,3.8,1.0,0.0,0.0,0.0,0.0,3.8,0.0,1.9,1.9,0.0,1.9,17.0,-50.9,18.8,0,0,22.6,1,13222,1,13222,16751,12549,5840,17395,10698,7302,11902,6149,8322,1,14058,22137,23286,19908,4395,12854,3810,3610,20257,13567,10882,25429,21730,2246,150,19269,1,19:06
2024-25,1642419,Jamison Battle,Jamison,1610612761,TOR,Toronto Raptors,0022401039,2025-03-24T00:00:00,TOR @ WAS,W,26.566666666666666,5.4,12.2,0.444,4.1,8.1,0.5,0.0,0.0,0.0,0.0,4.1,4.1,0.0,0.0,0.0,0.0,1.4,4.1,5.4,14.9,0.0,19.8,0,0,23.0,1,1,13086,1,10668,13213,13270,13045,3861,6217,3944,13505,14344,13505,14058,13526,17145,19908,16469,12854,8263,5379,6951,3448,13010,12240,21269,2246,150,18994,1,26:34
2024-25,1630208,Nick Richards,Nick,1610612756,PHX,Phoenix Suns,0022401043,2025-03-24T00:00:00,PHX vs. MIL,W,28.866666666666667,5.0,10.0,0.5,0.0,0.0,0.0,2.5,2.5,1.0,7.5,5.0,12.5,1.2,2.5,0.0,1.2,0.0,2.5,1.2,12.5,-3.7,30.6,1,0,28.7,1,1,13086,1,8793,14415,17092,8526,15070,20945,15070,9062,11222,1,960,10909,3144,18855,8268,12854,5910,8846,12818,16141,15628,14915,14387,1,150,14940,1,28:52
2024-25,1642358,AJ Johnson,AJ,1610612764,WAS,Washington Wizards,0022401039,2025-03-24T00:00:00,WAS vs. TOR,L,28.366666666666667,6.3,11.4,0.556,1.3,2.5,0.5,7.6,7.6,1.0,1.3,6.3,7.6,3.8,1.3,1.3,0.0,0.0,3.8,3.8,21.6,-19.0,39.0,0,0,36.8,1,13222,1,13222,9243,10577,14620,7248,12984,18553,3944,1595,2801,1,11367,7607,8945,10478,13974,9656,8263,8846,7712,6829,6572,21253,8436,2246,150,8838,1,28:22
2024-25,1631248,Baylor Scheierman,Baylor,1610612738,BOS,Boston Celtics,0022401044,2025-03-24T00:00:00,BOS @ SAC,W,28.2,3.8,7.7,0.5,3.8,7.7,0.5,0.0,0.0,0.0,2.6,6.4,8.9,1.3,0.0,2.6,1.3,0.0,0.0,1.3,11.5,21.7,35.6,0,0,33.2,1,1,13086,1,9378,17492,20702,8526,4360,7062,3944,13505,14344,13505,6466,7536,6842,18735,16469,4244,5754,8846,20257,16003,16681,3532,10635,2246,150,11506,1,28:12
2024-25,1627783,Pascal Siakam,Pascal,1610612754,IND,Indiana Pacers,0022401037,2025-03-24T00:00:00,IND vs. MIN,W,30.783333333333335,7.0,18.7,0.375,0.0,3.5,0.0,2.3,2.3,1.0,2.3,4.7,7.0,4.7,0.0,0.0,0.0,0.0,2.3,3.5,16.4,30.4,31.8,0,0,28.1,1,1,13086,1,7055,8885,4015,16299,15070,16639,15070,9493,11666,1,7123,11775,10120,8237,16469,12854,8263,8846,13486,7638,11528,1916,13473,2246,150,15382,1,30:47
2024-25,1631212,Peyton Watson,Peyton,1610612743,DEN,Denver Nuggets,0022401042,2025-03-24T00:00:00,DEN vs. CHI,L,39.36666666666667,7.3,11.0,0.667,1.8,3.7,0.5,5.5,7.3,0.75,0.9,4.6,5.5,0.0,0.0,0.0,3.7,0.9,2.7,3.7,21.9,0.0,39.5,0,0,36.6,1,13222,1,13222,761,8197,15405,3281,10952,16314,3944,3425,3081,8186,13842,12068,13571,19908,16469,12854,1117,8585,11870,7243,6259,12240,8075,2246,150,8995,1,39:22
2024-25,203076,Anthony Davis,Anthony,1610612742,DAL,Dallas Mavericks,0022401040,2025-03-24T00:00:00,DAL @ BKN,W,26.533333333333335,8.1,12.2,0.667,0.0,2.7,0.0,0.0,0.0,0.0,0.0,8.1,8.1,4.1,2.7,1.4,1.4,0.0,1.4,1.4,16.3,16.3,37.6,0,0,33.9,1,1,13086,1,10701,6329,13241,3281,15070,18234,15070,13505,14344,13505,14058,4501,8024,9742,7488,9152,5420,8846,17798,15638,11629,5149,9297,2246,150,10911,1,26:32
2024-25,203507,Giannis Antetokounmpo,Giannis,1610612749,MIL,Milwaukee Bucks,0022401043,2025-03-24T00:00:00,MIL @ PHX,L,37.1,11.6,18.4,0.632,1.0,1.9,0.5,5.8,12.6,0.462,1.0,8.7,9.7,4.9,1.9,1.0,0.0,0.0,2.9,7.8,30.1,-3.9,50.0,1,0,47.5,1,13222,1,13222,1922,1766,4266,4871,14702,19659,3944,3059,650,13031,13489,3795,5795,7790,10845,12207,8263,8846,11134,1155,2057,15001,3278,1,150,3287,1,37:06
2024-25,1630532,Franz Wagner,Franz,1610612753,ORL,Orlando Magic,0022401038,2025-03-24T00:00:00,ORL vs. LAL,W,38.25,12.2,24.5,0.5,2.8,9.4,0.3,2.8,2.8,1.0,0.0,4.7,4.7,8.5,1.9,0.9,0.0,0.0,1.9,2.8,30.1,11.3,49.4,0,0,48.0,1,1,13086,1,1245,1386,932,8526,7142,4235,11319,8278,10421,1,14058,11682,15540,2445,11146,12429,8263,8846,15775,9878,2038,7098,3454,2246,150,3132,1,38:15
2024-25,1642348,Justin Edwards,Justin,1610612755,PHI,Philadelphia 76ers,0022401041,2025-03-24T00:00:00,PHI @ NOP,L,35.461666666666666,6.1,18.3,0.333,5.1,9.1,0.556,2.0,2.0,1.0,0.0,3.0,3.0,2.0,1.0,2.0,0.0,1.0,3.0,2.0,19.3,-4.1,31.1,0,0,33.5,1,13222,1,13222,3109,11251,4389,17395,2186,4619,3747,10529,12633,1,14058,16570,19597,16264,15745,6105,8263,7772,10509,12926,8560,15100,14012,2246,150,11241,1,35:28
2024-25,203497,Rudy Gobert,Rudy,1610612750,MIN,Minnesota Timberwolves,0022401037,2025-03-24T00:00:00,MIN @ IND,L,34.666666666666664,8.3,12.5,0.667,0.0,0.0,0.0,0.0,0.0,0.0,5.2,11.4,16.6,3.1,2.1,0.0,0.0,2.1,0.0,1.0,16.6,-3.1,39.2,1,0,36.3,1,13222,1,13222,3721,5969,12797,3281,15070,20945,15070,13505,14344,13505,2202,1688,1229,12569,10114,12854,8263,2978,20257,17222,11256,14630,8298,1,150,9135,1,34:40
2024-25,203901,Elfrid Payton,Elfrid,1610612740,NOP,New Orleans Pelicans,0022401041,2025-03-24T00:00:00,NOP vs. PHI,W,24.65,4.4,11.7,0.375,0.0,0.0,0.0,0.0,0.0,0.0,1.5,7.3,8.8,20.4,4.4,1.5,2.9,2.9,1.5,1.5,8.8,20.4,58.7,0,0,46.7,1,1,13086,1,12326,16118,14150,16299,15070,20945,15070,13505,14344,13505,10481,5825,7082,74,3168,8576,1789,1426,17392,15182,19294,3832,1374,2246,150,3579,1,24:39
2024-25,201572,Brook Lopez,Brook,1610612749,MIL,Milwaukee Bucks,0022401043,2025-03-24T00:00:00,MIL @ PHX,L,41.56666666666667,6.9,12.1,0.571,1.7,5.2,0.333,4.3,5.2,0.833,3.5,5.2,8.7,2.6,0.9,1.7,0.0,0.0,0.0,3.5,19.9,4.3,38.5,1,0,36.4,1,13222,1,13222,294,9099,13373,6538,11303,12712,9209,5100,5617,7275,4426,10287,7213,14224,16402,7507,8263,8846,20257,7761,7982,10462,8679,1,150,9120,1,41:34
2024-25,1627824,Guerschon Yabusele,Guerschon,1610612755,PHI,Philadelphia 76ers,0022401041,2025-03-24T00:00:00,PHI @ NOP,L,28.783333333333335,5.0,11.3,0.444,2.5,7.5,0.333,2.5,2.5,1.0,2.5,6.3,8.8,5.0,1.3,1.3,0.0,0.0,2.5,2.5,15.0,0.0,35.5,0,0,33.8,1,13222,1,13222,8852,14380,14918,13045,8143,7388,9209,9044,11205,1,6605,7780,7095,7466,14094,9797,8263,8846,12790,10981,12889,12240,10712,2246,150,11019,1,28:47
2024-25,1642367,Jonathan Mogbo,Jonathan,1610612761,TOR,Toronto Raptors,0022401039,2025-03-24T00:00:00,TOR @ WAS,W,24.316666666666666,4.4,10.4,0.429,0.0,1.5,0.0,3.0,5.9,0.5,4.4,11.8,16.3,3.0,1.5,3.0,0.0,0.0,4.4,3.0,11.8,-4.4,43.2,0,0,37.0,1,1,13086,1,12630,15952,16439,13735,15070,20288,15070,7918,4585,10625,2994,1447,1328,13053,12846,3245,8263,8846,5913,9391,16302,15295,6023,2246,150,8715,1,24:19
2024-25,1630222,Mason Jones,Mason,1610612758,SAC,Sacramento Kings,0022401044,2025-03-24T00:00:00,SAC vs. BOS,L,2.6,0.0,0.0,0.0,0.0,0.0,0.0,0.0,0.0,0.0,0.0,13.8,13.8,13.8,0.0,0.0,0.0,0.0,0.0,0.0,0.0,0.0,37.4,0,0,27.7,1,13222,1,13222,25179,22635,24836,22635,15070,20945,15070,13505,14344,13505,14058,796,2308,406,16469,12854,8263,8846,20257,17725,23200,12240,9418,2246,150,15649,1,2:36
2024-25,1626167,Myles Turner,Myles,1610612754,IND,Indiana Pacers,0022401037,2025-03-24T00:00:00,IND vs. MIN,W,29.35,3.7,12.3,0.3,1.2,6.1,0.2,0.0,0.0,0.0,0.0,11.0,11.0,1.2,2.5,2.5,4.9,0.0,1.2,0.0,8.6,11.0,43.3,0,0,36.8,1,1,13086,1,8346,17895,13144,19363,13224,10358,13429,13505,14344,13505,14058,1888,4373,18932,8438,4529,540,8846,18397,17725,19442,7217,5985,2246,150,8848,1,29:21
2024-25,1630658,Colin Castleton,Colin,1610612761,TOR,Toronto Raptors,0022401039,2025-03-24T00:00:00,TOR @ WAS,W,18.466666666666665,3.9,11.7,0.333,1.9,5.8,0.333,0.0,0.0,0.0,1.9,9.7,11.7,1.9,3.9,0.0,0.0,1.9,1.9,0.0,9.7,17.5,22.8,0,0,25.3,1,1,13086,1,17225,17323,14121,17395,10398,11081,9209,13505,14344,13505,8623,2774,3759,16561,4091,12854,8263,3384,15407,17725,18396,4724,19679,2246,150,17398,1,18:28
2024-25,1642346,Ryan Dunn,Ryan,1610612756,PHX,Phoenix Suns,0022401043,2025-03-24T00:00:00,PHX vs. MIL,W,29.60333333333333,6.1,8.5,0.714,2.4,4.9,0.5,0.0,1.2,0.0,3.6,7.3,10.9,0.0,2.4,0.0,0.0,0.0,4.9,1.2,14.6,-9.7,25.3,0,0,28.0,1,1,13086,1,8139,11280,19471,2752,8364,13521,3944,13505,13861,13505,4125,5834,4463,19908,8523,12854,8263,8846,4918,16322,13302,17769,18076,2246,150,15445,1,29:36
2024-25,1629643,Chuma Okeke,Chuma,1610612755,PHI,Philadelphia 76ers,0022401041,2025-03-24T00:00:00,PHI @ NOP,L,32.93333333333333,4.4,9.8,0.444,2.2,6.6,0.333,2.2,3.3,0.667,5.5,4.4,9.8,4.4,0.0,1.1,1.1,0.0,2.2,2.2,13.1,2.2,38.0,0,0,33.9,1,13222,1,13222,5210,16141,17338,13045,9286,9414,9209,9999,9358,9425,1967,12593,5623,8954,16469,11075,6833,8846,14152,12217,14963,11518,9001,2246,150,10933,1,32:56
2024-25,1629661,Cameron Johnson,Cameron,1610612751,BKN,Brooklyn Nets,0022401040,2025-03-24T00:00:00,BKN vs. DAL,L,30.15,7.2,15.5,0.462,1.2,8.4,0.143,4.8,4.8,1.0,1.2,1.2,2.4,9.6,7.2,0.0,0.0,0.0,0.0,3.6,20.3,-10.7,30.3,0,0,33.4,1,13222,1,13222,7634,8545,7795,12428,13404,5813,14649,4380,6345,1,11835,21527,21032,1672,827,12854,8263,8846,20257,7444,7661,18206,14556,2246,150,11291,1,30:09
2024-25,203915,Spencer Dinwiddie,Spencer,1610612742,DAL,Dallas Mavericks,0022401040,2025-03-24T00:00:00,DAL @ BKN,W,28.816666666666666,8.7,12.5,0.7,2.5,6.2,0.4,0.0,2.5,0.0,0.0,1.2,1.2,15.0,1.2,5.0,0.0,0.0,2.5,3.7,20.0,13.7,57.7,1,0,48.7,1,1,13086,1,8827,5190,12740,3045,8151,10087,7874,13505,11210,13505,14058,21401,22881,290,14102,903,8263,8846,12801,6992,7929,6108,1514,1,150,2913,1,28:49
2024-25,1641721,Maxwell Lewis,Maxwell,1610612751,BKN,Brooklyn Nets,0022401040,2025-03-24T00:00:00,BKN vs. DAL,L,14.983333333333333,9.6,14.4,0.667,2.4,4.8,0.5,0.0,0.0,0.0,4.8,0.0,4.8,0.0,0.0,0.0,2.4,0.0,2.4,2.4,21.6,-16.8,34.6,0,0,33.6,1,13222,1,13222,19573,3707,9490,3281,8479,13690,3944,13505,14344,13505,2554,22137,15284,19908,16469,12854,2545,8846,13194,11338,6529,20556,11378,2246,150,11125,1,14:59
2024-25,1630581,Josh Giddey,Josh,1610612741,CHI,Chicago Bulls,0022401042,2025-03-24T00:00:00,CHI @ DEN,W,35.53333333333333,8.1,11.1,0.727,2.0,3.0,0.667,8.1,10.1,0.8,1.0,6.1,7.1,9.1,3.0,0.0,1.0,1.0,4.1,6.1,26.3,10.1,48.5,0,0,46.6,1,1,13086,1,3044,6397,15117,2666,10031,17572,1957,1355,1318,7681,13150,8154,9971,1926,6316,12854,7400,7795,6989,2525,3507,7631,3796,2246,150,3626,1,35:32
2024-25,1642259,Alex Sarr,Alex,1610612764,WAS,Washington Wizards,0022401039,2025-03-24T00:00:00,WAS vs. TOR,L,31.783333333333335,6.8,21.5,0.316,1.1,7.9,0.143,3.4,10.2,0.333,1.1,4.5,5.7,2.3,2.3,1.1,3.4,1.1,1.1,6.8,18.1,3.4,39.6,0,0,36.2,1,13222,1,13222,6172,9430,2018,19148,13748,6575,14649,6900,1295,13132,12239,12176,13125,15365,9232,10738,1309,6766,18901,1827,9710,10932,7997,2246,150,9191,1,31:47
2024-25,1629048,Goga Bitadze,Goga,1610612753,ORL,Orlando Magic,0022401038,2025-03-24T00:00:00,ORL vs. LAL,W,8.683333333333334,0.0,8.3,0.0,0.0,0.0,0.0,0.0,0.0,0.0,8.3,8.3,16.6,0.0,0.0,4.1,0.0,0.0,8.3,0.0,0.0,-8.3,32.3,0,0,24.9,1,1,13086,1,22568,22635,19804,22635,15070,20945,15070,13505,14344,13505,700,4297,1240,19908,16469,1499,8263,8846,1233,17725,23200,17091,13057,2246,150,17775,1,8:41
2024-25,1631207,Dalen Terry,Dalen,1610612741,CHI,Chicago Bulls,0022401042,2025-03-24T00:00:00,CHI @ DEN,W,29.216666666666665,6.2,12.3,0.5,4.9,4.9,1.0,0.0,0.0,0.0,2.5,1.2,3.7,2.5,2.5,0.0,0.0,0.0,4.9,0.0,17.3,9.9,22.9,0,0,28.3,1,1,13086,1,8478,11072,13044,8526,2365,13370,1,13505,14344,13505,6738,21435,18082,14667,8391,12854,8263,8846,4779,17725,10575,7761,19613,2246,150,15181,1,29:13
2024-25,1631115,Orlando Robinson,Orlando,1610612761,TOR,Toronto Raptors,0022401039,2025-03-24T00:00:00,TOR @ WAS,W,18.8,1.9,13.4,0.143,0.0,1.9,0.0,0.0,0.0,0.0,7.7,5.7,13.4,1.9,3.8,0.0,0.0,5.7,11.5,0.0,3.8,-3.8,19.0,0,0,19.1,1,1,13086,1,16965,21558,11146,22260,15070,19710,15070,13505,14344,13505,896,8934,2547,16700,4236,12854,8263,241,471,17725,22640,14966,21663,2246,150,21315,1,18:48
2024-25,1628427,Vlatko Čančar,Vlatko,1610612743,DEN,Denver Nuggets,0022401042,2025-03-24T00:00:00,DEN vs. CHI,L,12.583333333333334,0.0,8.6,0.0,0.0,5.7,0.0,0.0,0.0,0.0,0.0,8.6,8.6,0.0,0.0,0.0,0.0,2.9,0.0,0.0,0.0,-25.7,10.3,0,0,8.6,1,13222,1,13222,20947,22635,19382,22635,15070,11401,15070,13505,14344,13505,14058,3961,7341,19908,16469,12854,8263,1517,20257,17725,23200,22974,24367,2246,150,24664,1,12:35
2024-25,1628976,Wendell Carter Jr.,Wendell,1610612753,ORL,Orlando Magic,0022401038,2025-03-24T00:00:00,ORL vs. LAL,W,31.533333333333335,4.6,11.4,0.4,1.1,3.4,0.333,3.4,4.6,0.75,3.4,5.7,9.1,0.0,0.0,0.0,0.0,1.1,2.3,3.4,13.7,9.1,24.7,0,0,24.0,1,1,13086,1,6391,15576,14627,14933,13696,16820,9209,6841,6711,8186,4493,9020,6524,19908,16469,12854,8263,6703,13709,7877,14281,8119,18516,2246,150,18344,1,31:32
2024-25,1629020,Jarred Vanderbilt,Jarred,1610612747,LAL,Los Angeles Lakers,0022401038,2025-03-24T00:00:00,LAL @ ORL,L,12.051666666666666,0.0,3.0,0.0,0.0,0.0,0.0,3.0,6.0,0.5,3.0,9.0,11.9,3.0,0.0,3.0,0.0,3.0,9.0,3.0,3.0,-6.0,30.8,0,0,23.9,1,13222,1,13222,21206,22635,24499,22635,15070,20945,15070,7852,4508,10625,5377,3558,3539,12981,16469,3189,8263,1361,977,9309,22960,16044,14227,2246,150,18403,1,12:03
2024-25,203897,Zach LaVine,Zach,1610612758,SAC,Sacramento Kings,0022401044,2025-03-24T00:00:00,SAC vs. BOS,L,36.68333333333333,5.9,15.7,0.375,1.0,4.9,0.2,1.0,1.0,1.0,1.0,3.9,4.9,2.0,3.9,1.0,0.0,1.0,1.0,1.0,13.7,-21.6,21.6,0,0,23.6,1,13222,1,13222,2212,11836,7545,16299,14647,13419,13429,13290,14243,1,13410,13949,15042,16509,4028,12111,8263,8080,19801,17449,14240,21990,20366,2246,150,18642,1,36:41
2024-25,1641763,Julian Phillips,Julian,1610612741,CHI,Chicago Bulls,0022401042,2025-03-24T00:00:00,CHI @ DEN,W,9.3,0.0,0.0,0.0,0.0,0.0,0.0,0.0,0.0,0.0,0.0,7.7,7.7,0.0,0.0,0.0,0.0,0.0,3.9,0.0,0.0,38.7,9.3,0,0,7.7,1,1,13086,1,22347,22635,24836,22635,15070,20945,15070,13505,14344,13505,14058,5093,8740,19908,16469,12854,8263,8846,7544,17725,23200,1068,24527,2246,150,24799,1,9:18
2024-25,1628960,Grayson Allen,Grayson,1610612756,PHX,Phoenix Suns,0022401043,2025-03-24T00:00:00,PHX vs. MIL,W,11.775,3.1,15.3,0.2,3.1,15.3,0.2,0.0,0.0,0.0,0.0,6.1,6.1,0.0,3.1,0.0,0.0,0.0,3.1,3.1,9.2,15.3,13.5,0,0,18.3,1,1,13086,1,21386,19300,8130,21401,6331,633,13429,13505,14344,13505,14058,8069,12015,19908,6262,12854,8263,8846,10449,9045,18916,5508,23647,2246,150,21693,1,11:47
2024-25,1631157,Ryan Rollins,Ryan,1610612749,MIL,Milwaukee Bucks,0022401043,2025-03-24T00:00:00,MIL @ PHX,L,25.821666666666665,2.8,4.2,0.667,1.4,2.8,0.5,4.2,4.2,1.0,1.4,2.8,4.2,4.2,0.0,1.4,0.0,0.0,5.6,1.4,11.2,9.8,26.6,0,0,23.7,1,13222,1,13222,11319,19904,24004,3281,12472,18083,3944,5371,7444,1,10770,17437,16846,9431,16469,8934,8263,8846,3583,15476,17032,7815,17194,2246,150,18538,1,25:49
2024-25,1630692,Jordan Goodwin,Jordan,1610612747,LAL,Los Angeles Lakers,0022401038,2025-03-24T00:00:00,LAL @ ORL,L,13.273333333333333,0.0,0.0,0.0,0.0,0.0,0.0,2.7,5.4,0.5,2.7,0.0,2.7,0.0,0.0,0.0,0.0,0.0,0.0,2.7,2.7,0.0,6.0,0,0,5.4,1,13222,1,13222,20615,22635,24836,22635,15070,20945,15070,8546,5281,10625,6068,22137,20423,19908,16469,12854,8263,8846,20257,10285,23021,12240,24923,2246,150,25061,1,13:16
2024-25,1641798,Jaylen Martin,Jaylen,1610612764,WAS,Washington Wizards,0022401039,2025-03-24T00:00:00,WAS vs. TOR,L,4.033333333333333,0.0,8.9,0.0,0.0,0.0,0.0,0.0,0.0,0.0,8.9,8.9,17.9,0.0,0.0,0.0,0.0,0.0,0.0,0.0,0.0,-35.7,21.4,0,0,17.9,1,13222,1,13222,24464,22635,18828,22635,15070,20945,15070,13505,14344,13505,566,3586,933,19908,16469,12854,8263,8846,20257,17725,23200,24488,20458,2246,150,21930,1,4:02
2024-25,1629675,Naz Reid,Naz,1610612750,MIN,Minnesota Timberwolves,0022401037,2025-03-24T00:00:00,MIN @ IND,L,26.4,10.9,17.7,0.615,4.1,8.2,0.5,1.4,2.7,0.5,0.0,4.1,4.1,2.7,1.4,0.0,0.0,0.0,2.7,1.4,27.3,-6.8,34.9,0,0,38.2,1,13222,1,13222,10812,2341,4982,5246,3803,6111,3944,12127,10678,10625,14058,13445,17090,13828,13494,12854,8263,8846,11924,15607,3076,16432,11120,2246,150,7912,1,26:24
2024-25,203482,Kelly Olynyk,Kelly,1610612740,NOP,New Orleans Pelicans,0022401041,2025-03-24T00:00:00,NOP vs. PHI,W,30.39666666666667,5.9,9.5,0.625,1.2,2.4,0.5,3.6,3.6,1.0,3.6,9.5,13.0,8.3,4.7,3.6,0.0,1.2,2.4,7.1,16.6,3.6,50.6,1,0,46.2,1,1,13086,1,7418,11745,17985,4899,13451,18868,3944,6597,8782,1,4298,3038,2791,2625,2671,2167,8263,6377,13352,1575,11303,10875,3108,1,150,3746,1,30:24
2024-25,203939,Dwight Powell,Dwight,1610612742,DAL,Dallas Mavericks,0022401040,2025-03-24T00:00:00,DAL @ BKN,W,15.783333333333333,2.3,2.3,1.0,0.0,0.0,0.0,4.6,4.6,1.0,6.8,6.8,13.7,4.6,2.3,2.3,0.0,0.0,4.6,2.3,9.1,20.5,37.0,0,0,31.9,1,1,13086,1,19079,20887,24698,1,15070,20945,15070,4741,6726,1,1205,6630,2389,8505,9154,5103,8263,8846,5645,11814,18970,3807,9729,2246,150,12433,1,15:47
2024-25,1631094,Paolo Banchero,Paolo,1610612753,ORL,Orlando Magic,0022401038,2025-03-24T00:00:00,ORL vs. LAL,W,39.56666666666667,8.2,15.5,0.529,1.8,5.5,0.333,9.1,10.9,0.833,0.0,6.4,6.4,0.9,3.6,0.0,0.9,0.0,1.8,7.3,27.3,12.7,35.4,0,0,38.2,1,1,13086,1,699,6229,7870,8281,10996,12059,9209,969,1048,7275,14058,7560,11468,19854,4696,12854,8044,8846,16084,1459,3069,6504,10810,2246,150,7885,1,39:34
2024-25,1631099,Keegan Murray,Keegan,1610612758,SAC,Sacramento Kings,0022401044,2025-03-24T00:00:00,SAC vs. BOS,L,35.7,5.0,11.1,0.455,3.0,5.0,0.6,0.0,0.0,0.0,2.0,3.0,5.0,1.0,1.0,2.0,0.0,1.0,1.0,1.0,13.1,-20.2,25.7,0,0,26.2,1,13222,1,13222,2904,14261,15206,12676,6418,13099,2992,13505,14344,13505,8311,16629,14695,19653,15787,6173,8263,7843,19656,17366,14971,21595,17807,2246,150,16784,1,35:42
2024-25,201566,Russell Westbrook,Russell,1610612743,DEN,Denver Nuggets,0022401042,2025-03-24T00:00:00,DEN vs. CHI,L,25.835,7.0,19.5,0.357,1.4,7.0,0.2,4.2,5.6,0.75,2.8,4.2,7.0,13.9,7.0,1.4,0.0,1.4,5.6,7.0,19.5,-15.3,46.0,1,0,44.6,1,13222,1,13222,11307,9009,3337,17140,12476,8531,13429,5376,5082,8186,5901,13165,10212,399,904,8937,8263,5201,3590,1680,8365,20021,4749,1,150,4427,1,25:50
2024-25,1626168,Trey Lyles,Trey,1610612758,SAC,Sacramento Kings,0022401044,2025-03-24T00:00:00,SAC vs. BOS,L,8.8,0.0,4.1,0.0,0.0,4.1,0.0,0.0,0.0,0.0,4.1,12.3,16.4,0.0,0.0,0.0,0.0,0.0,0.0,0.0,0.0,0.0,19.6,0,0,16.4,1,13222,1,13222,22532,22635,24052,22635,15070,15372,15070,13505,14344,13505,3462,1244,1303,19908,16469,12854,8263,8846,20257,17725,23200,12240,21344,2246,150,22561,1,8:48
2024-25,201942,DeMar DeRozan,DeMar,1610612758,SAC,Sacramento Kings,0022401044,2025-03-24T00:00:00,SAC vs. BOS,L,38.36666666666667,8.4,22.5,0.375,0.0,3.8,0.0,1.9,1.9,1.0,1.9,0.9,2.8,9.4,0.9,0.0,0.9,0.9,2.8,1.9,18.8,-10.3,38.1,1,0,32.8,1,13222,1,13222,1178,5724,1575,16299,15070,16088,15070,11024,13036,1,8915,22072,20210,1768,16209,12854,7904,8431,11574,13599,9063,18038,8966,1,150,11772,1,38:22
2024-25,1630631,Jose Alvarado,Jose,1610612740,NOP,New Orleans Pelicans,0022401041,2025-03-24T00:00:00,NOP vs. PHI,W,27.75,3.9,15.6,0.25,1.3,7.8,0.167,2.6,2.6,1.0,0.0,3.9,3.9,7.8,5.2,3.9,0.0,2.6,2.6,5.2,11.7,3.9,34.5,0,0,32.4,1,1,13086,1,9757,17345,7732,20233,12866,6827,14236,8816,10988,1,14058,14045,17588,3098,2127,1744,8263,1888,12444,3786,16488,10706,11440,2246,150,12035,1,27:45
2024-25,1627734,Domantas Sabonis,Domantas,1610612758,SAC,Sacramento Kings,0022401044,2025-03-24T00:00:00,SAC vs. BOS,L,32.38333333333333,6.7,11.1,0.6,0.0,2.2,0.0,4.4,5.6,0.8,2.2,16.7,18.9,1.1,1.1,0.0,0.0,0.0,4.4,6.7,17.8,-16.7,41.0,1,0,37.8,1,13222,1,13222,5657,9762,15163,5394,15070,19128,15070,4913,5108,7681,7518,359,718,19316,15053,12854,8263,8846,5895,1930,10041,20503,7161,1,150,8172,1,32:23
2024-25,1631311,Lester Quinones,Lester,1610612740,NOP,New Orleans Pelicans,0022401041,2025-03-24T00:00:00,NOP vs. PHI,W,10.883333333333333,6.6,9.9,0.667,3.3,3.3,1.0,0.0,0.0,0.0,0.0,0.0,0.0,0.0,3.3,3.3,0.0,0.0,3.3,0.0,16.5,6.6,23.2,0,0,26.5,1,1,13086,1,21760,9888,17198,3281,5631,17051,1,13505,14344,13505,14058,22137,23286,19908,5482,2547,8263,8846,9425,17725,11348,9327,19461,2246,150,16570,1,10:53
2024-25,1641732,Colby Jones,Colby,1610612764,WAS,Washington Wizards,0022401039,2025-03-24T00:00:00,WAS vs. TOR,L,26.583333333333332,0.0,5.4,0.0,0.0,2.7,0.0,2.7,2.7,1.0,1.4,4.1,5.4,2.7,2.7,0.0,2.7,1.4,2.7,1.4,2.7,-20.3,18.7,0,0,16.3,1,13222,1,13222,10652,22635,23159,22635,15070,18248,15070,8558,10724,1,10962,13537,13766,13884,7504,12854,2071,5384,12010,15651,23023,21637,21802,2246,150,22603,1,26:35
2024-25,1630202,Payton Pritchard,Payton,1610612738,BOS,Boston Celtics,0022401044,2025-03-24T00:00:00,BOS @ SAC,W,34.6,8.3,18.7,0.444,5.2,13.5,0.385,1.0,2.1,0.5,1.0,4.2,5.2,2.1,2.1,1.0,0.0,0.0,1.0,1.0,22.9,18.7,33.3,0,0,37.5,1,1,13086,1,3784,5936,4002,13045,2052,1083,8766,13108,12480,10625,12937,13228,14271,16061,10089,11579,8263,8846,19465,17213,5563,4335,12356,2246,150,8396,1,34:36
2024-25,1629216,Gabe Vincent,Gabe,1610612747,LAL,Los Angeles Lakers,0022401038,2025-03-24T00:00:00,LAL @ ORL,L,20.118333333333332,3.6,10.7,0.333,0.0,7.2,0.0,0.0,0.0,0.0,0.0,1.8,1.8,0.0,0.0,3.6,0.0,1.8,7.2,0.0,7.2,-3.6,20.0,0,0,16.1,1,13222,1,13222,15931,18132,15824,17395,15070,8126,15070,13505,14344,13505,14058,20270,22176,19908,16469,2123,8263,3933,1851,17725,20594,14834,21144,2246,150,22667,1,20:07
2024-25,1630183,Jaden McDaniels,Jaden,1610612750,MIN,Minnesota Timberwolves,0022401037,2025-03-24T00:00:00,MIN @ IND,L,21.616666666666667,5.0,11.7,0.429,0.0,0.0,0.0,0.0,0.0,0.0,0.0,1.7,1.7,1.7,1.7,0.0,1.7,3.3,1.7,0.0,10.0,-11.7,17.8,0,0,16.7,1,13222,1,13222,14834,14395,14202,13735,15070,20945,15070,13505,14344,13505,14058,20526,22344,17459,12063,12854,4377,1045,16636,17725,18166,18603,22170,2246,150,22444,1,21:37
2024-25,1631221,Collin Gillespie,Collin,1610612756,PHX,Phoenix Suns,0022401043,2025-03-24T00:00:00,PHX vs. MIL,W,21.833333333333332,3.3,9.9,0.333,3.3,8.2,0.4,0.0,0.0,0.0,0.0,8.2,8.2,4.9,1.6,0.0,0.0,0.0,1.6,0.0,9.9,1.6,25.6,0,0,26.4,1,1,13086,1,14630,18762,17254,17395,5668,6000,7874,13505,14344,13505,14058,4357,7863,7581,12144,12854,8263,8846,16711,17725,18263,11811,17899,2246,150,16638,1,21:50
2024-25,1630288,Jeff Dowtin Jr.,Jeff,1610612755,PHI,Philadelphia 76ers,0022401041,2025-03-24T00:00:00,PHI @ NOP,L,21.8,5.0,13.2,0.375,0.0,5.0,0.0,9.9,9.9,1.0,0.0,1.7,1.7,3.3,3.3,1.7,5.0,1.7,5.0,6.6,19.8,-14.9,43.3,0,0,38.0,1,13222,1,13222,14669,14524,11463,16299,15070,13303,15070,723,1407,1,14058,20562,22365,11966,5498,7805,530,4286,4710,1982,8053,19854,6005,2246,150,8042,1,21:48
2024-25,1641737,Adem Bona,Adem,1610612755,PHI,Philadelphia 76ers,0022401041,2025-03-24T00:00:00,PHI @ NOP,L,19.216666666666665,5.6,7.5,0.75,0.0,0.0,0.0,0.0,0.0,0.0,3.7,9.4,13.1,1.9,0.0,3.7,1.9,0.0,3.7,3.7,11.2,-24.4,46.6,0,0,37.5,1,13222,1,13222,16650,12650,20938,2107,15070,20945,15070,13505,14344,13505,3970,3146,2729,16842,16469,1912,3848,8846,7921,6995,16962,22653,4470,2246,150,8388,1,19:13
2024-25,1629018,Gary Trent Jr.,Gary,1610612749,MIL,Milwaukee Bucks,0022401043,2025-03-24T00:00:00,MIL @ PHX,L,30.866666666666667,7.0,14.0,0.5,4.7,9.3,0.5,3.5,3.5,1.0,2.3,2.3,4.7,2.3,0.0,2.3,0.0,0.0,3.5,2.3,22.2,-5.8,38.3,0,0,38.5,1,13222,1,13222,6979,8938,10179,8526,2785,4333,3944,6706,8889,1,7142,18668,15657,15107,16469,4929,8263,8846,8753,11623,6096,15992,8855,2246,150,7710,1,30:52
2024-25,203944,Julius Randle,Julius,1610612750,MIN,Minnesota Timberwolves,0022401037,2025-03-24T00:00:00,MIN @ IND,L,23.95,4.5,10.5,0.429,0.0,3.0,0.0,4.5,7.5,0.6,1.5,7.5,9.0,3.0,3.0,0.0,0.0,0.0,1.5,4.5,13.5,-18.0,25.9,0,0,25.6,1,13222,1,13222,12946,15747,16175,13735,15070,17626,15070,4818,2892,10343,10304,5470,6702,12903,6446,12854,8263,8846,17200,5118,14469,20944,17711,2246,150,17242,1,23:57
2024-25,1641783,Tristan da Silva,Tristan,1610612753,ORL,Orlando Magic,0022401038,2025-03-24T00:00:00,ORL vs. LAL,W,6.933333333333334,5.2,5.2,1.0,0.0,0.0,0.0,0.0,0.0,0.0,0.0,5.2,5.2,0.0,5.2,5.2,0.0,0.0,5.2,0.0,10.4,26.0,27.0,0,0,26.0,1,1,13086,1,23204,13839,23325,1,15070,20945,15070,13505,14344,13505,14058,10298,14295,19908,2120,788,8263,8846,4208,17725,17772,2622,16951,2246,150,16965,1,6:56
2024-25,1630702,Jaden Hardy,Jaden,1610612742,DAL,Dallas Mavericks,0022401040,2025-03-24T00:00:00,DAL @ BKN,W,13.323333333333334,5.4,18.9,0.286,0.0,5.4,0.0,0.0,0.0,0.0,0.0,0.0,0.0,5.4,5.4,0.0,0.0,0.0,2.7,0.0,10.8,-2.7,13.5,0,0,16.2,1,1,13086,1,20585,13269,3829,19630,15070,12204,15070,13505,14344,13505,14058,22137,23286,6630,1896,12854,8263,8846,12038,17725,17363,14403,23632,2246,150,22631,1,13:19
2024-25,1642347,Jamal Shead,Jamal,1610612761,TOR,Toronto Raptors,0022401033,2025-03-23T00:00:00,TOR vs. SAS,L,27.366666666666667,9.2,18.4,0.5,2.6,10.5,0.25,1.3,1.3,1.0,1.3,1.3,2.6,7.9,3.9,1.3,0.0,1.3,2.6,2.6,22.4,-6.6,37.4,0,0,38.1,1,13222,1,13222,10046,4344,4276,8526,7737,2954,11902,12260,13707,1,11125,21256,20583,3006,3977,9377,8263,5575,12318,10540,5956,16326,9436,2246,150,7930,1,27:22
2024-25,1629631,De'Andre Hunter,De'Andre,1610612739,CLE,Cleveland Cavaliers,0022401030,2025-03-23T00:00:00,CLE @ UTA,W,22.0,8.2,16.4,0.5,3.3,9.8,0.333,4.9,4.9,1.0,3.3,6.5,9.8,0.0,0.0,0.0,0.0,0.0,3.3,4.9,24.5,0.0,36.3,0,0,37.6,1,1,13086,1,14502,6242,6592,8526,5748,3702,9209,4177,6095,1,4802,7215,5646,19908,16469,12854,8263,8846,9557,4278,4454,12240,10135,2246,150,8261,1,22:00
2024-25,202699,Tobias Harris,Tobias,1610612765,DET,Detroit Pistons,0022401029,2025-03-23T00:00:00,DET vs. NOP,W,32.06666666666667,7.9,16.8,0.467,0.0,4.5,0.0,0.0,0.0,0.0,1.1,2.2,3.4,4.5,0.0,1.1,0.0,1.1,2.2,1.1,15.7,-6.7,29.9,0,0,25.8,1,1,13086,1,5915,6932,5993,12249,15070,14459,15070,13505,14344,13505,12312,18933,18832,8678,16469,10845,8263,6856,13898,16812,12200,16397,14901,2246,150,17053,1,32:04
2024-25,1631104,Blake Wesley,Blake,1610612759,SAS,San Antonio Spurs,0022401033,2025-03-23T00:00:00,SAS @ TOR,W,25.883333333333333,4.2,7.0,0.6,0.0,2.8,0.0,2.8,2.8,1.0,1.4,0.0,1.4,5.6,2.8,4.2,0.0,0.0,4.2,4.2,11.1,18.1,30.9,0,0,26.4,1,1,13086,1,11254,16669,21615,5394,15070,18103,15070,8384,10530,1,10788,22137,22708,6317,7282,1476,8263,8846,6629,5898,17058,4533,14143,2246,150,16598,1,25:53
2024-25,1630558,Davion Mitchell,Davion,1610612748,MIA,Miami Heat,0022401032,2025-03-23T00:00:00,MIA vs. CHA,W,35.96666666666667,5.0,7.0,0.714,0.0,2.0,0.0,2.0,2.0,1.0,0.0,3.0,3.0,7.0,2.0,2.0,0.0,0.0,4.0,2.0,12.0,17.0,30.1,0,0,26.0,1,1,13086,1,2700,14376,21553,2752,15070,19558,15070,10640,12719,1,14058,16709,19723,4005,10518,6245,8263,8846,7131,13070,16121,4900,14715,2246,150,16909,1,35:58
2024-25,1641729,Brice Sensabaugh,Brice,1610612762,UTA,Utah Jazz,0022401030,2025-03-23T00:00:00,UTA vs. CLE,L,16.466666666666665,8.7,15.3,0.571,4.4,6.6,0.667,0.0,0.0,0.0,2.2,4.4,6.6,0.0,4.4,0.0,0.0,0.0,2.2,0.0,21.9,-6.6,25.4,0,0,32.8,1,13222,1,13222,18617,5190,8110,6538,3278,9414,1957,13505,14344,13505,7628,12593,11038,19908,3191,12854,8263,8846,14152,17725,6316,16317,18035,2246,150,11811,1,16:28
2024-25,1627739,Kris Dunn,Kris,1610612746,LAC,LA Clippers,0022401036,2025-03-23T00:00:00,LAC vs. OKC,L,19.216666666666665,5.6,9.4,0.6,1.9,1.9,1.0,0.0,0.0,0.0,0.0,5.6,5.6,1.9,0.0,1.9,0.0,1.9,3.7,1.9,13.1,9.4,28.3,0,0,26.2,1,13222,1,13222,16650,12650,18172,5394,10763,19786,1,13505,14344,13505,14058,9265,13239,16842,16469,6900,8263,3655,7921,13621,14967,8007,16001,2246,150,16777,1,19:13
2024-25,1629008,Michael Porter Jr.,Michael,1610612743,DEN,Denver Nuggets,0022401035,2025-03-23T00:00:00,DEN @ HOU,W,32.38166666666667,7.8,17.8,0.438,1.1,3.3,0.333,2.2,2.2,1.0,4.4,5.6,10.0,2.2,1.1,0.0,0.0,3.3,3.3,1.1,18.9,-4.4,33.1,0,0,32.2,1,1,13086,1,5666,7101,4916,13558,13881,16994,9209,9857,12013,1,2988,9394,5426,15541,15052,12854,8263,1039,9317,16856,8947,15299,12489,2246,150,12169,1,32:23
2024-25,1642367,Jonathan Mogbo,Jonathan,1610612761,TOR,Toronto Raptors,0022401033,2025-03-23T00:00:00,TOR vs. SAS,L,26.516666666666666,4.1,12.2,0.333,0.0,2.7,0.0,0.0,0.0,0.0,5.4,8.1,13.6,5.4,1.4,1.4,1.4,0.0,4.1,1.4,8.1,-42.1,39.4,0,0,32.6,1,13222,1,13222,10712,16919,13229,17395,15070,18229,15070,13505,14344,13505,1990,4495,2449,6567,13530,9149,5416,8846,6932,15636,19795,24982,8155,2246,150,11952,1,26:31
2024-25,1631105,Jalen Duren,Jalen,1610612765,DET,Detroit Pistons,0022401029,2025-03-23T00:00:00,DET vs. NOP,W,29.033333333333335,9.9,13.6,0.727,0.0,0.0,0.0,7.4,11.2,0.667,7.4,7.4,14.9,2.5,3.7,0.0,0.0,1.2,5.0,6.2,27.3,-5.0,45.1,1,0,44.6,1,1,13086,1,8644,3306,10758,2666,15070,20945,15070,1706,978,9425,978,5602,1828,14616,4508,12854,8263,5999,4705,2392,3073,15564,5112,1,150,4411,1,29:02
2024-25,1630202,Payton Pritchard,Payton,1610612738,BOS,Boston Celtics,0022401034,2025-03-23T00:00:00,BOS @ POR,W,31.683333333333334,6.8,15.9,0.429,4.5,10.2,0.444,0.0,0.0,0.0,1.1,3.4,4.5,5.7,0.0,0.0,0.0,1.1,3.4,0.0,18.2,6.8,32.2,0,0,33.0,1,1,13086,1,6246,9383,7248,13735,2981,3241,7211,13505,14344,13505,12219,15497,15940,6077,16469,12854,8263,6744,9048,17725,9643,9226,13211,2246,150,11693,1,31:41
2024-25,1630625,Dalano Banton,Dalano,1610612757,POR,Portland Trail Blazers,0022401034,2025-03-23T00:00:00,POR vs. BOS,L,8.933333333333334,8.1,16.1,0.5,4.0,8.1,0.5,0.0,0.0,0.0,0.0,4.0,4.0,4.0,4.0,0.0,0.0,0.0,4.0,0.0,20.1,-4.0,27.0,0,0,32.2,1,13222,1,13222,22477,6507,6946,8526,3939,6349,3944,13505,14344,13505,14058,13625,17241,9866,3825,12854,8263,8846,7059,17725,7790,15085,16951,2246,150,12176,1,8:56
2024-25,201143,Al Horford,Al,1610612738,BOS,Boston Celtics,0022401034,2025-03-23T00:00:00,BOS @ POR,W,29.713333333333335,7.3,14.5,0.5,2.4,7.3,0.333,0.0,0.0,0.0,1.2,6.1,7.3,1.2,1.2,1.2,1.2,1.2,0.0,0.0,17.0,4.8,33.6,0,0,32.7,1,1,13086,1,8035,8292,9299,8526,8403,7897,9209,13505,14344,13505,11714,8209,9628,18982,14362,10081,6104,6182,20257,17725,10890,10188,12148,2246,150,11868,1,29:43
2024-25,1641741,Ricky Council IV,Ricky,1610612755,PHI,Philadelphia 76ers,0022401031,2025-03-23T00:00:00,PHI @ ATL,L,18.95,9.5,20.9,0.455,0.0,5.7,0.0,7.6,9.5,0.8,0.0,5.7,5.7,1.9,1.9,1.9,0.0,0.0,11.4,7.6,26.6,7.6,40.1,0,0,38.0,1,13222,1,13222,16868,3882,2404,12676,15070,11446,15070,1609,1597,7681,14058,9042,13019,16752,11041,6764,8263,8846,488,1260,3387,8836,7707,2246,150,8035,1,18:57
2024-25,1628378,Donovan Mitchell,Donovan,1610612739,CLE,Cleveland Cavaliers,0022401030,2025-03-23T00:00:00,CLE @ UTA,W,21.116666666666667,8.5,22.2,0.385,0.0,8.5,0.0,10.2,15.3,0.667,0.0,5.1,5.1,6.8,1.7,3.4,0.0,0.0,3.4,6.8,27.3,34.1,52.2,0,0,46.0,1,1,13086,1,15206,5573,1748,16070,15070,5545,15070,645,332,9425,14058,10520,14479,4264,11895,2362,8263,8846,9045,1803,3075,1491,2672,2246,150,3806,1,21:07
2024-25,201566,Russell Westbrook,Russell,1610612743,DEN,Denver Nuggets,0022401035,2025-03-23T00:00:00,DEN @ HOU,W,23.975,7.5,16.5,0.455,3.0,6.0,0.5,3.0,6.0,0.5,0.0,3.0,3.0,1.5,7.5,1.5,3.0,1.5,9.0,3.0,21.0,-7.5,32.9,0,0,37.5,1,1,13086,1,12924,7749,6398,12676,6494,10676,3944,7792,4461,10625,14058,16706,19721,17966,710,8401,1689,4772,959,9231,7065,16740,12666,2246,150,8335,1,23:59
2024-25,1628971,Bruce Brown,Bruce,1610612740,NOP,New Orleans Pelicans,0022401029,2025-03-23T00:00:00,NOP @ DET,L,35.31666666666667,5.1,9.2,0.556,1.0,2.0,0.5,1.0,2.0,0.5,0.0,1.0,1.0,2.0,0.0,0.0,0.0,0.0,2.0,3.1,12.2,0.0,16.5,0,0,16.3,1,13222,1,13222,3216,14106,18452,7248,14425,19481,3944,13172,12605,10625,14058,21937,23190,16229,16469,12854,8263,8846,14929,9040,15892,12240,22659,2246,150,22583,1,35:19
2024-25,1630703,Scoot Henderson,Scoot,1610612757,POR,Portland Trail Blazers,0022401034,2025-03-23T00:00:00,POR vs. BOS,L,23.316666666666666,3.1,15.4,0.2,3.1,12.4,0.25,4.6,7.7,0.6,0.0,0.0,0.0,9.3,4.6,0.0,0.0,1.5,3.1,3.1,13.9,-15.4,23.2,0,0,26.2,1,13222,1,13222,13450,19233,7905,21401,6244,1592,11902,4624,2731,10343,14058,22137,23286,1831,2803,12854,8263,4611,10320,8934,14051,20071,19455,2246,150,16755,1,23:19
2024-25,1630241,Sam Merrill,Sam,1610612739,CLE,Cleveland Cavaliers,0022401030,2025-03-23T00:00:00,CLE @ UTA,W,24.833333333333332,2.9,13.0,0.222,2.9,13.0,0.222,0.0,0.0,0.0,2.9,4.3,7.2,7.2,0.0,1.4,1.4,1.4,0.0,2.9,8.7,11.6,37.0,0,0,31.9,1,1,13086,1,12147,19659,11782,21205,6871,1277,13288,13505,14344,13505,5596,12652,9654,3686,16469,8634,5037,4986,20257,9591,19348,6971,9717,2246,150,12464,1,24:50
2024-25,1631204,Marcus Sasser,Marcus,1610612765,DET,Detroit Pistons,0022401029,2025-03-23T00:00:00,DET vs. NOP,W,26.233333333333334,8.2,12.4,0.667,4.1,5.5,0.75,6.9,6.9,1.0,0.0,1.4,1.4,2.7,0.0,1.4,0.0,1.4,1.4,5.5,27.4,24.7,37.3,0,0,38.4,1,1,13086,1,10963,6132,12978,3281,3744,11974,1542,2109,3508,1,14058,21147,22734,13769,16469,9057,8263,5296,17731,3356,3005,2879,9454,2246,150,7757,1,26:14
2024-25,1642348,Justin Edwards,Justin,1610612755,PHI,Philadelphia 76ers,0022401031,2025-03-23T00:00:00,PHI @ ATL,L,39.233333333333334,7.3,16.5,0.444,2.8,5.5,0.5,2.8,4.6,0.6,1.8,0.9,2.8,2.8,1.8,0.0,1.8,0.9,1.8,2.8,20.2,-5.5,31.3,0,0,32.1,1,13222,1,13222,800,8143,6399,13045,7374,11932,3944,8453,6674,10343,9109,22091,20352,13743,11388,12854,3972,8568,16010,10139,7745,15835,13832,2246,150,12289,1,39:14
2024-25,1629162,Jordan McLaughlin,Jordan,1610612759,SAS,San Antonio Spurs,0022401033,2025-03-23T00:00:00,SAS @ TOR,W,10.166666666666666,0.0,0.0,0.0,0.0,0.0,0.0,7.1,7.1,1.0,0.0,3.5,3.5,3.5,0.0,3.5,0.0,0.0,0.0,3.5,7.1,-7.1,27.3,0,0,21.2,1,1,13086,1,22047,22635,24836,22635,15070,20945,15070,1955,3288,1,14058,15105,18462,11269,16469,2190,8263,8846,20257,7557,20653,16542,16768,2246,150,20131,1,10:10
2024-25,1629312,Haywood Highsmith,Haywood,1610612748,MIA,Miami Heat,0022401032,2025-03-23T00:00:00,MIA vs. CHA,W,35.96666666666667,2.0,5.0,0.4,0.0,1.0,0.0,3.0,4.0,0.75,2.0,4.0,6.0,2.0,1.0,1.0,2.0,0.0,3.0,2.0,7.0,17.0,25.2,0,0,21.0,1,1,13086,1,2700,21407,23461,14933,15070,20862,15070,7793,7838,8186,8377,13710,12257,16367,15841,11952,3488,8846,10702,13070,20720,4900,18133,2246,150,20270,1,35:58
2024-25,1630191,Isaiah Stewart,Isaiah,1610612765,DET,Detroit Pistons,0022401029,2025-03-23T00:00:00,DET vs. NOP,W,18.966666666666665,7.6,11.4,0.667,1.9,1.9,1.0,0.0,0.0,0.0,0.0,5.7,5.7,3.8,1.9,0.0,3.8,0.0,3.8,0.0,17.1,19.0,39.1,0,0,36.1,1,1,13086,1,16851,7532,14682,3281,10643,19743,1,13505,14344,13505,14058,9059,13036,10504,11055,12854,1032,8846,7750,17725,10763,4264,8341,2246,150,9327,1,18:58
2024-25,1631212,Peyton Watson,Peyton,1610612743,DEN,Denver Nuggets,0022401035,2025-03-23T00:00:00,DEN @ HOU,W,20.551666666666666,5.3,14.0,0.375,1.8,3.5,0.5,3.5,5.3,0.667,1.8,7.0,8.8,5.3,0.0,1.8,3.5,0.0,5.3,3.5,15.8,-24.5,49.9,0,0,42.0,1,1,13086,1,15606,13659,10151,16299,11250,16647,3944,6698,5520,9425,9408,6347,7091,6929,16469,7435,1227,8846,4096,7651,12166,22697,3290,2246,150,5619,1,20:33
2024-25,1629014,Anfernee Simons,Anfernee,1610612757,POR,Portland Trail Blazers,0022401034,2025-03-23T00:00:00,POR vs. BOS,L,30.655,7.0,15.3,0.462,3.5,9.4,0.375,0.0,1.2,0.0,1.2,2.3,3.5,5.9,3.5,0.0,0.0,1.2,3.5,2.3,17.6,-11.7,27.1,0,0,30.5,1,13222,1,13222,7164,8825,8152,12428,5102,4262,8800,13505,13930,13505,11968,18631,18503,5722,4968,12854,8263,6453,8692,11554,10205,18644,16861,2246,150,13525,1,30:39
2024-25,1629660,Ty Jerome,Ty,1610612739,CLE,Cleveland Cavaliers,0022401030,2025-03-23T00:00:00,CLE @ UTA,W,19.966666666666665,7.2,10.8,0.667,5.4,7.2,0.75,1.8,3.6,0.5,1.8,3.6,5.4,5.4,0.0,1.8,0.0,0.0,3.6,1.8,21.6,-9.0,41.6,0,0,41.5,1,1,13086,1,16042,8422,15665,3281,1837,8023,1542,11231,8672,10625,9226,14901,13793,6617,16469,7238,8263,8846,8405,13926,6517,17429,6804,2246,150,5933,1,19:58
2024-25,1629643,Chuma Okeke,Chuma,1610612755,PHI,Philadelphia 76ers,0022401031,2025-03-23T00:00:00,PHI @ ATL,L,34.875,3.1,8.3,0.375,2.1,5.2,0.4,0.0,0.0,0.0,4.1,4.1,8.3,2.1,2.1,0.0,0.0,1.0,1.0,4.1,8.3,-6.2,19.2,0,0,20.6,1,13222,1,13222,3559,19205,19859,16299,9844,12797,7874,13505,14344,13505,3397,13334,7840,16139,10192,12854,8263,7644,19514,5990,19694,16153,21545,2246,150,20487,1,34:53
2024-25,1630598,Aaron Wiggins,Aaron,1610612760,OKC,Oklahoma City Thunder,0022401036,2025-03-23T00:00:00,OKC @ LAC,W,25.916666666666668,11.1,23.6,0.471,4.2,11.1,0.375,0.0,0.0,0.0,1.4,2.8,4.2,1.4,1.4,0.0,0.0,1.4,5.6,1.4,26.4,-8.3,32.1,0,0,36.1,1,1,13086,1,11230,2178,1184,12143,3639,2403,8800,13505,14344,13505,10796,17469,16891,18377,13341,12854,8263,5218,3621,15500,3488,17111,13261,2246,150,9290,1,25:55
2024-25,1631106,Tari Eason,Tari,1610612745,HOU,Houston Rockets,0022401035,2025-03-23T00:00:00,HOU vs. DEN,L,15.418333333333333,4.7,7.0,0.667,0.0,2.3,0.0,0.0,0.0,0.0,0.0,4.7,4.7,2.3,4.7,2.3,0.0,0.0,2.3,0.0,9.3,-4.7,20.8,0,0,21.0,1,13222,1,13222,19295,15318,21556,3281,15070,18930,15070,13505,14344,13505,14058,11802,15648,15104,2757,4923,8263,8846,13507,17725,18783,15398,20799,2246,150,20275,1,15:25
2024-25,1630215,Jared Butler,Jared,1610612755,PHI,Philadelphia 76ers,0022401031,2025-03-23T00:00:00,PHI @ ATL,L,22.266666666666666,4.9,17.8,0.273,0.0,4.9,0.0,3.2,3.2,1.0,0.0,0.0,0.0,8.1,0.0,3.2,0.0,0.0,3.2,3.2,12.9,3.2,34.8,0,0,27.5,1,13222,1,13222,14302,14809,4921,20048,15070,13562,15070,7248,9449,1,14058,22137,23286,2800,16469,2674,8263,8846,9723,8444,15156,11001,11233,2246,150,15798,1,22:16
2024-25,1641708,Amen Thompson,Amen,1610612745,HOU,Houston Rockets,0022401035,2025-03-23T00:00:00,HOU vs. DEN,L,31.801666666666666,5.7,12.5,0.455,1.1,2.3,0.5,0.0,4.5,0.0,3.4,3.4,6.8,1.1,1.1,1.1,3.4,2.3,5.7,2.3,12.5,-5.7,34.8,0,0,30.6,1,13222,1,13222,6152,12534,12812,12676,13756,19060,3944,13505,6789,13505,4552,15536,10552,19255,14922,10749,1311,2523,3456,11887,15650,15904,11243,2246,150,13501,1,31:48
2024-25,1627826,Ivica Zubac,Ivica,1610612746,LAC,LA Clippers,0022401036,2025-03-23T00:00:00,LAC vs. OKC,L,33.28333333333333,4.3,10.8,0.4,0.0,0.0,0.0,7.6,8.7,0.875,4.3,7.6,11.9,3.2,1.1,0.0,2.2,2.2,1.1,6.5,16.2,-1.1,40.8,1,0,35.7,1,13222,1,13222,4911,16256,15671,14933,15070,20945,15070,1626,2087,6931,3131,5372,3586,12163,15266,12854,3036,2730,19205,2096,11696,13597,7290,1,150,9588,1,33:17
2024-25,1628970,Miles Bridges,Miles,1610612766,CHA,Charlotte Hornets,0022401032,2025-03-23T00:00:00,CHA @ MIA,L,34.41166666666667,7.3,18.8,0.389,0.0,7.3,0.0,3.1,3.1,1.0,6.3,7.3,13.6,4.2,4.2,0.0,0.0,0.0,0.0,2.1,17.8,-7.3,36.2,1,0,35.6,1,13222,1,13222,3921,8178,3902,16009,15070,7777,15070,7457,9630,1,1487,5795,2433,9428,3528,12854,8263,8846,20257,12648,10047,16648,10241,1,150,9682,1,34:25
2024-25,1641810,Antonio Reeves,Antonio,1610612740,NOP,New Orleans Pelicans,0022401029,2025-03-23T00:00:00,NOP @ DET,L,3.3666666666666667,10.7,10.7,1.0,10.7,10.7,1.0,0.0,0.0,0.0,0.0,0.0,0.0,0.0,0.0,0.0,0.0,0.0,10.7,0.0,32.1,-32.1,32.1,0,0,42.8,1,13222,1,13222,24790,2511,15888,1,173,2777,1,13505,14344,13505,14058,22137,23286,19908,16469,12854,8263,8846,579,17725,1510,24045,13265,2246,150,5266,1,3:22
2024-25,101108,Chris Paul,Chris,1610612759,SAS,San Antonio Spurs,0022401033,2025-03-23T00:00:00,SAS @ TOR,W,22.116666666666667,1.6,6.5,0.25,0.0,4.9,0.0,0.0,0.0,0.0,0.0,1.6,1.6,9.8,0.0,3.3,0.0,0.0,1.6,0.0,3.3,34.2,29.6,0,0,21.2,1,1,13086,1,14402,21998,22099,20233,15070,13484,15070,13505,14344,13505,14058,20614,22403,1556,16469,2640,8263,8846,16787,17725,22869,1482,15067,2246,150,20185,1,22:07
2024-25,1641739,Toumani Camara,Toumani,1610612757,POR,Portland Trail Blazers,0022401034,2025-03-23T00:00:00,POR vs. BOS,L,35.775,7.0,13.1,0.538,4.0,7.0,0.571,1.0,2.0,0.5,3.0,4.0,7.0,3.0,0.0,2.0,2.0,0.0,1.0,2.0,19.1,-14.1,44.2,0,0,41.3,1,13222,1,13222,2846,8828,11706,7978,3950,8371,3506,13224,12691,10625,5293,13647,10071,12859,16469,6196,3449,8846,19671,13030,8724,19540,5587,2246,150,6044,1,35:47
2024-25,1642258,Zaccharie Risacher,Zaccharie,1610612737,ATL,Atlanta Hawks,0022401031,2025-03-23T00:00:00,ATL vs. PHI,W,26.9,12.0,20.1,0.6,4.0,9.4,0.429,1.3,1.3,1.0,1.3,1.3,2.7,2.7,2.7,0.0,1.3,1.3,4.0,2.7,29.4,6.7,38.0,0,0,41.5,1,1,13086,1,10417,1497,2912,5394,3966,4295,7394,12203,13680,1,11021,21215,20501,13973,7597,12854,5491,5453,7095,10386,2283,9292,9020,2246,150,5923,1,26:54
2024-25,1641709,Ausar Thompson,Ausar,1610612765,DET,Detroit Pistons,0022401029,2025-03-23T00:00:00,DET vs. NOP,W,9.2,0.0,0.0,0.0,0.0,0.0,0.0,19.6,23.5,0.833,0.0,3.9,3.9,3.9,3.9,0.0,0.0,0.0,15.7,19.6,19.6,-7.8,26.2,0,0,27.4,1,1,13086,1,22386,22635,24836,22635,15070,20945,15070,80,94,7275,14058,13983,17529,10189,4056,12854,8263,8846,220,48,8292,16888,17469,2246,150,15871,1,9:12
2024-25,1631101,Shaedon Sharpe,Shaedon,1610612757,POR,Portland Trail Blazers,0022401034,2025-03-23T00:00:00,POR vs. BOS,L,38.31666666666667,8.5,15.0,0.563,2.8,8.5,0.333,1.9,2.8,0.667,0.9,4.7,5.6,3.8,2.8,0.9,0.0,0.0,0.0,1.9,21.6,-0.9,34.0,0,0,35.7,1,13222,1,13222,1206,5701,8560,7127,7164,5661,9209,11016,10435,9425,13724,11712,13187,10629,7157,12443,8263,8846,20257,13591,6539,13489,11798,2246,150,9582,1,38:19
2024-25,1631103,Malaki Branham,Malaki,1610612759,SAS,San Antonio Spurs,0022401033,2025-03-23T00:00:00,SAS @ TOR,W,10.166666666666666,3.5,14.2,0.25,0.0,7.1,0.0,7.1,10.6,0.667,0.0,3.5,3.5,3.5,3.5,0.0,0.0,0.0,0.0,7.1,14.2,-7.1,20.2,0,0,21.2,1,1,13086,1,22047,18223,9888,20233,15070,8280,15070,1955,1142,9425,14058,15105,18462,11269,4930,12854,8263,8846,20257,1593,13768,16542,21069,2246,150,20131,1,10:10
2024-25,1629636,Darius Garland,Darius,1610612739,CLE,Cleveland Cavaliers,0022401030,2025-03-23T00:00:00,CLE @ UTA,W,26.216666666666665,5.5,17.9,0.308,2.7,11.0,0.25,2.7,2.7,1.0,0.0,9.6,9.6,5.5,2.7,2.7,1.4,1.4,2.7,1.4,16.5,42.6,45.9,0,0,42.6,1,1,13086,1,10987,13000,4847,19226,7397,2501,11902,8466,10616,1,14058,2907,5909,6437,7386,3811,5342,5291,11858,15552,11409,801,4799,2246,150,5365,1,26:13
2024-25,1629052,Oshae Brissett,Oshae,1610612755,PHI,Philadelphia 76ers,0022401031,2025-03-23T00:00:00,PHI @ ATL,L,14.85,0.0,4.8,0.0,0.0,2.4,0.0,12.1,14.5,0.833,0.0,9.7,9.7,0.0,0.0,0.0,0.0,2.4,2.4,7.3,12.1,-33.9,23.8,0,0,21.8,1,13222,1,13222,19667,22635,23569,22635,15070,18760,15070,332,387,7275,14058,2824,5802,19908,16469,12854,8263,2168,13099,1462,16012,24292,19120,2246,150,19775,1,14:51
2024-25,1631255,Karlo Matković,Karlo,1610612740,NOP,New Orleans Pelicans,0022401029,2025-03-23T00:00:00,NOP @ DET,L,16.016666666666666,9.0,15.7,0.571,0.0,0.0,0.0,0.0,0.0,0.0,11.2,13.5,24.7,0.0,6.7,0.0,0.0,0.0,13.5,0.0,18.0,24.7,40.9,0,0,42.7,1,13222,1,13222,18915,4725,7499,6538,15070,20945,15070,13505,14344,13505,293,880,202,19908,1002,12854,8263,8846,305,17725,9866,2876,7221,2246,150,5311,1,16:01
2024-25,203932,Aaron Gordon,Aaron,1610612743,DEN,Denver Nuggets,0022401035,2025-03-23T00:00:00,DEN @ HOU,W,37.105,4.9,8.7,0.556,1.0,2.9,0.333,1.9,1.9,1.0,1.0,2.9,3.9,7.8,0.0,1.0,0.0,0.0,2.9,1.9,12.6,8.7,31.8,0,0,27.2,1,1,13086,1,1921,14808,19132,7248,14704,17843,9209,10837,12883,1,13494,17043,17618,3124,16469,12210,8263,8846,11147,13364,15482,8308,13460,2246,150,16048,1,37:06
2024-25,1629731,Dean Wade,Dean,1610612739,CLE,Cleveland Cavaliers,0022401030,2025-03-23T00:00:00,CLE @ UTA,W,17.4,4.1,10.3,0.4,2.1,8.3,0.25,0.0,0.0,0.0,2.1,6.2,8.3,2.1,0.0,0.0,2.1,0.0,0.0,0.0,10.3,0.0,29.6,0,0,26.9,1,1,13086,1,18004,16748,16472,14933,9822,5951,11902,13505,14344,13505,8083,7876,7801,16118,16469,12854,3289,8846,20257,17725,17810,12240,15089,2246,150,16231,1,17:24
2024-25,1642268,Isaiah Collier,Isaiah,1610612762,UTA,Utah Jazz,0022401030,2025-03-23T00:00:00,UTA vs. CLE,L,25.5,4.2,8.5,0.5,1.4,2.8,0.5,0.0,0.0,0.0,2.8,7.1,9.9,8.5,7.1,2.8,0.0,1.4,2.8,0.0,9.9,-42.4,35.9,0,0,35.3,1,13222,1,13222,11588,16491,19529,8526,12396,18009,3944,13505,14344,13505,5796,6266,5561,2445,873,3624,8263,5131,11532,17725,18274,25003,10466,2246,150,9880,1,25:30
2024-25,1630322,Lindy Waters III,Lindy,1610612765,DET,Detroit Pistons,0022401029,2025-03-23T00:00:00,DET vs. NOP,W,6.583333333333333,5.5,10.9,0.5,5.5,5.5,1.0,0.0,0.0,0.0,0.0,0.0,0.0,5.5,0.0,0.0,0.0,0.0,0.0,0.0,16.4,32.8,24.6,0,0,27.3,1,1,13086,1,23334,13070,15464,8526,1766,12035,1,13505,14344,13505,14058,22137,23286,6489,16469,12854,8263,8846,20257,17725,11493,1643,18543,2246,150,15905,1,6:35
2024-25,203903,Jordan Clarkson,Jordan,1610612762,UTA,Utah Jazz,0022401030,2025-03-23T00:00:00,UTA vs. CLE,L,22.5,4.8,17.6,0.273,3.2,11.2,0.286,3.2,3.2,1.0,0.0,4.8,4.8,3.2,6.4,0.0,1.6,0.0,0.0,1.6,16.0,1.6,25.0,0,0,30.4,1,13222,1,13222,14100,14944,5133,20048,5956,2327,11433,7335,9523,1,14058,11436,15301,12310,1178,12854,4552,8846,20257,14634,11919,11830,18323,2246,150,13633,1,22:30
2024-25,1641722,Jordan Hawkins,Jordan,1610612740,NOP,New Orleans Pelicans,0022401029,2025-03-23T00:00:00,NOP @ DET,L,30.706666666666667,9.4,15.2,0.615,7.0,12.9,0.545,3.5,3.5,1.0,0.0,3.5,3.5,2.3,3.5,0.0,0.0,0.0,4.7,4.7,29.3,-8.2,33.5,0,0,42.2,1,13222,1,13222,7120,4067,8191,5246,749,1350,3863,6674,8857,1,14058,15188,18515,15073,4979,12854,8263,8846,5310,4740,2342,17054,12173,2246,150,5546,1,30:42
2024-25,1628470,Torrey Craig,Torrey,1610612738,BOS,Boston Celtics,0022401034,2025-03-23T00:00:00,BOS @ POR,W,13.04,5.5,8.3,0.667,2.8,5.5,0.5,0.0,5.5,0.0,5.5,0.0,5.5,2.8,0.0,2.8,0.0,0.0,2.8,2.8,13.8,27.6,32.9,0,0,30.4,1,1,13086,1,20725,12935,19820,3281,7353,11911,3944,13505,5157,13505,1939,22137,13482,13715,16469,3778,8263,8846,11798,10104,14151,2326,12692,2246,150,13657,1,13:02
2024-25,203084,Harrison Barnes,Harrison,1610612759,SAS,San Antonio Spurs,0022401033,2025-03-23T00:00:00,SAS @ TOR,W,19.733333333333334,7.3,16.4,0.444,3.6,10.9,0.333,0.0,0.0,0.0,0.0,5.5,5.5,0.0,0.0,0.0,0.0,0.0,0.0,0.0,18.2,38.3,24.8,0,0,27.4,1,1,13086,1,16233,8225,6525,13045,4804,2544,9209,13505,14344,13505,14058,9610,13617,19908,16469,12854,8263,8846,20257,17725,9582,1093,18414,2246,150,15898,1,19:44
2024-25,201599,DeAndre Jordan,DeAndre,1610612743,DEN,Denver Nuggets,0022401035,2025-03-23T00:00:00,DEN @ HOU,W,38.36833333333333,4.7,6.6,0.714,0.0,0.0,0.0,0.9,2.8,0.333,2.8,11.3,14.1,3.8,0.9,0.9,0.0,0.0,4.7,2.8,10.3,4.7,34.7,1,0,30.0,1,1,13086,1,1177,15263,22044,2752,15070,20945,15070,13401,10454,13132,5826,1772,2203,10641,16212,12453,8263,8846,5304,9914,17841,10290,11275,1,150,13927,1,38:22
2024-25,1641733,Nick Smith Jr.,Nick,1610612766,CHA,Charlotte Hornets,0022401032,2025-03-23T00:00:00,CHA @ MIA,L,38.36666666666667,6.6,13.1,0.5,4.7,8.4,0.556,0.0,0.0,0.0,0.0,2.8,2.8,2.8,1.9,0.9,0.0,0.0,1.9,0.9,17.8,-17.8,26.4,0,0,30.0,1,13222,1,13222,1178,10018,11602,8526,2743,5677,3747,13505,14344,13505,14058,17354,20210,13538,11172,12450,8263,8846,15803,17584,10002,20876,17372,2246,150,13925,1,38:22
2024-25,1629639,Tyler Herro,Tyler,1610612748,MIA,Miami Heat,0022401032,2025-03-23T00:00:00,MIA vs. CHA,W,39.745,10.0,17.2,0.579,1.8,4.5,0.4,4.5,4.5,1.0,0.9,4.5,5.4,2.7,0.0,2.7,0.0,0.9,0.0,3.6,26.3,18.1,45.0,0,0,41.7,1,1,13086,1,637,3261,5569,6486,11029,14358,7874,4782,6778,1,13885,12178,13714,13853,16469,3868,8263,8632,20257,7325,3548,4523,5170,2246,150,5814,1,39:45
2024-25,1627936,Alex Caruso,Alex,1610612760,OKC,Oklahoma City Thunder,0022401036,2025-03-23T00:00:00,OKC @ LAC,W,31.45,5.7,12.6,0.455,2.3,8.0,0.286,2.3,4.6,0.5,1.1,5.7,6.9,5.7,1.1,2.3,0.0,1.1,3.4,3.4,16.0,5.7,38.6,0,0,35.5,1,1,13086,1,6450,12348,12592,12676,8894,6424,11433,9667,6696,10625,12161,8987,10389,6003,14832,5082,8263,6680,8959,7858,11898,9739,8657,2246,150,9742,1,31:27
2024-25,1627884,Derrick Jones Jr.,Derrick,1610612746,LAC,LA Clippers,0022401036,2025-03-23T00:00:00,LAC vs. OKC,L,26.1,2.8,6.9,0.4,2.8,5.5,0.5,4.1,5.5,0.75,1.4,4.1,5.5,1.4,0.0,0.0,4.1,0.0,5.5,2.8,12.4,-15.2,33.5,0,0,30.3,1,13222,1,13222,11088,19962,21676,14933,7356,11915,3944,5463,5163,8186,10838,13314,13491,18406,16469,12854,843,8846,3675,10110,15694,19965,12183,2246,150,13677,1,26:06
2024-25,201935,James Harden,James,1610612746,LAC,LA Clippers,0022401036,2025-03-23T00:00:00,LAC vs. OKC,L,35.406666666666666,4.1,14.2,0.286,2.0,6.1,0.333,7.1,8.1,0.875,1.0,4.1,5.1,8.1,6.1,0.0,1.0,2.0,4.1,3.1,17.3,4.1,32.5,0,0,34.6,1,13222,1,13222,3146,16935,9780,19630,9996,10440,9209,1927,2420,6931,13123,13523,14565,2758,1326,12854,7375,3119,6945,9074,10542,10609,12925,2246,150,10387,1,35:24
2024-25,1642419,Jamison Battle,Jamison,1610612761,TOR,Toronto Raptors,0022401033,2025-03-23T00:00:00,TOR vs. SAS,L,21.916666666666668,1.6,13.1,0.125,1.6,9.9,0.167,3.3,3.3,1.0,0.0,1.6,1.6,1.6,0.0,3.3,0.0,1.6,4.9,1.6,8.2,-44.3,22.5,0,0,19.7,1,13222,1,13222,14561,21978,11596,22420,11557,3656,14236,7135,9341,1,14058,20579,22374,17529,16469,2593,8263,4319,4780,14483,19739,25143,19872,2246,150,21030,1,21:55
2024-25,201587,Nicolas Batum,Nicolas,1610612746,LAC,LA Clippers,0022401036,2025-03-23T00:00:00,LAC vs. OKC,L,5.466666666666667,0.0,0.0,0.0,0.0,0.0,0.0,0.0,0.0,0.0,0.0,0.0,0.0,0.0,0.0,0.0,0.0,0.0,6.6,0.0,0.0,19.8,0.0,0,0,0.0,1,13222,1,13222,23802,22635,24836,22635,15070,20945,15070,13505,14344,13505,14058,22137,23286,19908,16469,12854,8263,8846,2330,17725,23200,4025,25228,2246,150,25259,1,5:28
2024-25,1630573,Sam Hauser,Sam,1610612738,BOS,Boston Celtics,0022401034,2025-03-23T00:00:00,BOS @ POR,W,38.625,7.5,10.3,0.727,7.5,9.3,0.8,0.0,0.0,0.0,0.0,2.8,2.8,0.0,0.0,0.0,0.9,0.0,3.7,0.0,22.4,5.6,28.5,0,0,34.5,1,1,13086,1,1050,7878,16645,2666,608,4355,1389,13505,14344,13505,14058,17408,20262,19908,16469,12854,7942,8846,7975,17725,5951,9799,15867,2246,150,10467,1,38:38
2024-25,1630163,LaMelo Ball,LaMelo,1610612766,CHA,Charlotte Hornets,0022401032,2025-03-23T00:00:00,CHA @ MIA,L,34.06666666666667,6.3,20.1,0.316,2.1,10.6,0.2,4.2,4.2,1.0,1.1,2.1,3.2,11.6,5.3,2.1,0.0,2.1,3.2,4.2,19.0,-14.8,41.3,1,0,40.2,1,13222,1,13222,4190,10588,2908,19148,9627,2911,13429,5297,7361,1,12818,19324,19306,807,2028,5725,8263,2888,9998,5768,8837,19815,6979,1,150,6696,1,34:04
2024-25,1630224,Jalen Green,Jalen,1610612745,HOU,Houston Rockets,0022401035,2025-03-23T00:00:00,HOU vs. DEN,L,35.83833333333333,8.0,22.1,0.364,3.0,12.1,0.25,11.0,14.1,0.786,0.0,2.0,2.0,5.0,0.0,0.0,0.0,1.0,4.0,10.0,30.1,-6.0,40.1,0,0,40.2,1,13222,1,13222,2801,6563,1777,16861,6458,1750,11902,481,445,8082,14058,19634,21779,7413,16469,12854,8263,7881,7092,403,2033,16076,7710,2246,150,6684,1,35:50
2024-25,1629610,DaQuan Jeffries,DaQuan,1610612766,CHA,Charlotte Hornets,0022401032,2025-03-23T00:00:00,CHA @ MIA,L,23.305,4.6,9.3,0.5,1.5,1.5,1.0,0.0,0.0,0.0,0.0,4.6,4.6,0.0,0.0,0.0,1.5,0.0,3.1,0.0,10.8,-9.3,21.0,0,0,20.1,1,13222,1,13222,13464,15410,18313,8526,11884,20231,1,13505,14344,13505,14058,11900,15743,19908,16469,12854,4718,8846,10316,17725,17358,17559,20683,2246,150,20813,1,23:18
2024-25,1642270,Donovan Clingan,Donovan,1610612757,POR,Portland Trail Blazers,0022401034,2025-03-23T00:00:00,POR vs. BOS,L,19.488333333333333,3.7,5.5,0.667,0.0,1.8,0.0,0.0,0.0,0.0,0.0,1.8,1.8,1.8,0.0,0.0,0.0,0.0,1.8,0.0,7.4,7.4,12.4,0,0,11.1,1,13222,1,13222,16429,17853,23054,3281,15070,19838,15070,13505,14344,13505,14058,20117,22091,16942,16469,12854,8263,8846,15956,17725,20420,8941,23928,2246,150,24205,1,19:29
2024-25,1630531,Jaden Springer,Jaden,1610612762,UTA,Utah Jazz,0022401030,2025-03-23T00:00:00,UTA vs. CLE,L,0.056666666666666664,0.0,0.0,0.0,0.0,0.0,0.0,0.0,0.0,0.0,0.0,0.0,0.0,0.0,0.0,0.0,0.0,0.0,0.0,0.0,0.0,0.0,0.0,0,0,0.0,1,13222,1,13222,26287,22635,24836,22635,15070,20945,15070,13505,14344,13505,14058,22137,23286,19908,16469,12854,8263,8846,20257,17725,23200,12240,25228,2246,150,25259,1,0:03
2024-25,202066,Garrett Temple,Garrett,1610612761,TOR,Toronto Raptors,0022401033,2025-03-23T00:00:00,TOR vs. SAS,L,3.216666666666667,0.0,11.2,0.0,0.0,0.0,0.0,0.0,0.0,0.0,0.0,0.0,0.0,0.0,0.0,0.0,0.0,0.0,0.0,0.0,0.0,-33.6,0.0,0,0,0.0,1,13222,1,13222,24884,22635,15036,22635,15070,20945,15070,13505,14344,13505,14058,22137,23286,19908,16469,12854,8263,8846,20257,17725,23200,24239,25228,2246,150,25259,1,3:13
2024-25,1629026,Kenrich Williams,Kenrich,1610612760,OKC,Oklahoma City Thunder,0022401036,2025-03-23T00:00:00,OKC @ LAC,W,18.516666666666666,0.0,3.9,0.0,0.0,1.9,0.0,0.0,0.0,0.0,3.9,1.9,5.8,3.9,1.9,0.0,0.0,1.9,1.9,0.0,0.0,15.6,10.9,0,0,9.7,1,1,13086,1,17179,22635,24141,22635,15070,19655,15070,13505,14344,13505,3745,19846,12697,10263,10825,12854,8263,3405,15438,17725,23200,5405,24258,2246,150,24484,1,18:31
2024-25,1642276,Kel'el Ware,Kel'el,1610612748,MIA,Miami Heat,0022401032,2025-03-23T00:00:00,MIA vs. CHA,W,28.155,7.7,12.8,0.6,0.0,3.8,0.0,0.0,0.0,0.0,1.3,9.0,10.2,6.4,0.0,0.0,1.3,0.0,1.3,1.3,15.3,20.5,41.0,0,0,34.5,1,1,13086,1,9419,7326,12240,5394,15070,15925,15070,13505,14344,13505,11309,3563,5199,4864,16469,12854,5745,8846,18132,15996,12577,3828,7149,2246,150,10427,1,28:09
2024-25,1642262,Cody Williams,Cody,1610612762,UTA,Utah Jazz,0022401030,2025-03-23T00:00:00,UTA vs. CLE,L,22.383333333333333,1.6,14.5,0.111,1.6,12.9,0.125,0.0,0.0,0.0,0.0,1.6,1.6,0.0,0.0,0.0,1.6,0.0,6.4,1.6,4.8,-41.8,11.6,0,0,11.3,1,13222,1,13222,14203,22020,9395,22520,11648,1361,14886,13505,14344,13505,14058,20656,22428,19908,16469,12854,4531,8846,2463,14599,22111,24962,24114,2246,150,24163,1,22:23
2024-25,1626181,Norman Powell,Norman,1610612746,LAC,LA Clippers,0022401036,2025-03-23T00:00:00,LAC vs. OKC,L,31.0,4.6,13.9,0.333,1.2,7.0,0.167,0.0,0.0,0.0,1.2,3.5,4.6,1.2,2.3,1.2,0.0,2.3,4.6,3.5,10.5,0.0,18.9,0,0,19.7,1,13222,1,13222,6873,15377,10266,17395,13588,8521,14236,13505,14344,13505,12039,15283,15714,19147,8976,10497,8263,2385,5424,7705,17712,12240,21677,2246,150,21013,1,31:00
2024-25,1629012,Collin Sexton,Collin,1610612762,UTA,Utah Jazz,0022401030,2025-03-23T00:00:00,UTA vs. CLE,L,25.643333333333334,5.6,14.0,0.4,0.0,2.8,0.0,2.8,4.2,0.667,0.0,0.0,0.0,2.8,4.2,1.4,0.0,2.8,7.0,7.0,14.0,-25.3,18.3,0,0,19.7,1,13222,1,13222,11456,12664,10114,14933,15070,18046,15070,8331,7395,9425,14058,22137,23286,13563,3479,8878,8263,1594,1965,1650,13896,22865,21989,2246,150,21064,1,25:39
2024-25,202692,Alec Burks,Alec,1610612748,MIA,Miami Heat,0022401032,2025-03-23T00:00:00,MIA vs. CHA,W,8.283333333333333,8.7,21.7,0.4,8.7,21.7,0.4,0.0,0.0,0.0,0.0,0.0,0.0,0.0,4.3,0.0,0.0,0.0,0.0,0.0,26.1,-26.1,21.7,0,0,34.8,1,1,13086,1,22713,5276,1939,14933,334,178,7874,13505,14344,13505,14058,22137,23286,19908,3230,12854,8263,8846,20257,17725,3643,23048,20300,2246,150,10250,1,8:17
2024-25,1631109,Mark Williams,Mark,1610612766,CHA,Charlotte Hornets,0022401032,2025-03-23T00:00:00,CHA @ MIA,L,27.5,7.9,9.2,0.857,0.0,0.0,0.0,2.6,2.6,1.0,1.3,5.2,6.5,1.3,2.6,0.0,3.9,0.0,2.6,2.6,18.3,-10.5,37.3,0,0,34.0,1,13222,1,13222,9944,6944,18464,1412,15070,20945,15070,8761,10935,1,11154,10196,11070,18626,7806,12854,959,8846,12363,10585,9490,18091,9468,2246,150,10821,1,27:30
2024-25,1628436,Luke Kornet,Luke,1610612738,BOS,Boston Celtics,0022401034,2025-03-23T00:00:00,BOS @ POR,W,18.963333333333335,11.4,11.4,1.0,0.0,0.0,0.0,1.9,1.9,1.0,5.7,3.8,9.5,5.7,0.0,0.0,0.0,0.0,3.8,1.9,24.7,20.9,44.6,0,0,39.9,1,1,13086,1,16866,1945,14680,1,15070,20945,15070,10957,12982,1,1815,14327,6080,6052,16469,12854,8263,8846,7748,13519,4375,3728,5361,2246,150,6854,1,18:58
2024-25,1642354,KJ Simpson,KJ,1610612766,CHA,Charlotte Hornets,0022401032,2025-03-23T00:00:00,CHA @ MIA,L,22.066666666666666,0.0,6.5,0.0,0.0,3.3,0.0,3.3,3.3,1.0,1.6,3.3,4.9,3.3,4.9,0.0,0.0,0.0,1.6,1.6,3.3,-24.5,9.1,0,0,11.4,1,13222,1,13222,14445,22635,22077,22635,15070,17150,15070,7176,9395,1,9806,15896,15081,12100,2476,12854,8263,8846,16775,14521,22865,22686,24549,2246,150,24128,1,22:04
2024-25,1630526,Jeremiah Robinson-Earl,Jeremiah,1610612740,NOP,New Orleans Pelicans,0022401029,2025-03-23T00:00:00,NOP @ DET,L,31.716666666666665,4.5,6.8,0.667,3.4,5.7,0.6,2.3,2.3,1.0,1.1,5.7,6.8,9.1,2.3,0.0,0.0,0.0,2.3,2.3,14.8,-4.5,34.3,0,0,34.1,1,13222,1,13222,6220,15652,21778,3281,5372,11515,2992,9727,11875,1,12226,9104,10506,1952,9216,12854,8263,8846,13778,11861,13151,15343,11601,2246,150,10809,1,31:43
2024-25,1641842,Ronald Holland II,Ronald,1610612765,DET,Detroit Pistons,0022401029,2025-03-23T00:00:00,DET vs. NOP,W,35.736666666666665,10.1,14.1,0.714,1.0,3.0,0.333,5.0,11.1,0.455,1.0,4.0,5.0,6.0,0.0,1.0,0.0,0.0,4.0,8.1,26.2,2.0,44.3,0,0,40.3,1,1,13086,1,2872,3140,10003,2752,14504,17603,9209,3973,998,13032,13206,13633,14709,5406,16469,11889,8263,8846,7067,985,3588,11613,5509,2246,150,6613,1,35:44
2024-25,1641796,Pelle Larsson,Pelle,1610612748,MIA,Miami Heat,0022401032,2025-03-23T00:00:00,MIA vs. CHA,W,0.32166666666666666,0.0,0.0,0.0,0.0,0.0,0.0,0.0,0.0,0.0,0.0,0.0,0.0,0.0,0.0,0.0,0.0,0.0,0.0,0.0,0.0,0.0,0.0,0,0,0.0,1,1,13086,1,26252,22635,24836,22635,15070,20945,15070,13505,14344,13505,14058,22137,23286,19908,16469,12854,8263,8846,20257,17725,23200,12240,25228,2246,150,25259,1,0:19
2024-25,1628369,Jayson Tatum,Jayson,1610612738,BOS,Boston Celtics,0022401034,2025-03-23T00:00:00,BOS @ POR,W,36.766666666666666,10.8,23.5,0.458,1.0,6.9,0.143,6.9,6.9,1.0,2.0,6.9,8.8,8.8,2.9,1.0,2.0,1.0,2.0,5.9,29.4,15.7,59.0,0,0,53.9,1,1,13086,1,2141,2439,1222,12650,14661,8770,14649,2120,3518,1,8582,6619,6998,2177,6690,12135,3610,8104,15363,2786,2310,5363,1324,2246,150,1649,1,36:46
2024-25,1630572,Sandro Mamukelashvili,Sandro,1610612759,SAS,San Antonio Spurs,0022401033,2025-03-23T00:00:00,SAS @ TOR,W,16.416666666666668,8.8,21.9,0.4,4.4,13.2,0.333,6.6,8.8,0.75,8.8,6.6,15.4,2.2,4.4,0.0,2.2,2.2,0.0,4.4,28.5,6.6,52.4,0,0,54.8,1,1,13086,1,18646,5138,1854,14933,3256,1225,9209,2339,2003,8186,598,7147,1628,15651,3162,12854,2960,2659,20257,5387,2593,9346,2615,2246,150,1483,1,16:25
2024-25,1631133,Jabari Walker,Jabari,1610612757,POR,Portland Trail Blazers,0022401034,2025-03-23T00:00:00,POR vs. BOS,L,4.566666666666666,15.8,15.8,1.0,0.0,0.0,0.0,15.8,15.8,1.0,15.8,0.0,15.8,0.0,7.9,0.0,0.0,0.0,0.0,7.9,47.3,-39.4,58.3,0,0,63.1,1,13222,1,13222,24188,381,7448,1,15070,20945,15070,146,294,1,114,22137,1494,19908,613,12854,8263,8846,20257,1077,202,24797,1426,2246,150,574,1,4:34
2024-25,1630596,Evan Mobley,Evan,1610612739,CLE,Cleveland Cavaliers,0022401030,2025-03-23T00:00:00,CLE @ UTA,W,21.116666666666667,6.8,17.0,0.4,0.0,6.8,0.0,5.1,8.5,0.6,6.8,11.9,18.8,1.7,1.7,0.0,5.1,0.0,1.7,6.8,18.8,34.1,57.5,1,0,49.4,1,1,13086,1,15206,9371,5748,14933,15070,8858,15070,3863,2173,10343,1217,1397,740,17353,11895,12854,488,8846,16520,1803,9077,1491,1563,1,150,2686,1,21:07
2024-25,1642271,Kyle Filipowski,Kyle,1610612762,UTA,Utah Jazz,0022401030,2025-03-23T00:00:00,UTA vs. CLE,L,29.35,8.6,15.9,0.538,4.9,9.8,0.5,0.0,0.0,0.0,2.5,13.5,15.9,1.2,2.5,0.0,0.0,1.2,2.5,1.2,22.1,-17.2,40.6,1,0,44.2,1,13222,1,13222,8346,5468,7188,7978,2396,3715,3944,13505,14344,13505,6774,879,1448,18932,8438,12854,8263,6081,12971,16261,6144,20680,7398,1,150,4612,1,29:21
2024-25,1628392,Isaiah Hartenstein,Isaiah,1610612760,OKC,Oklahoma City Thunder,0022401036,2025-03-23T00:00:00,OKC @ LAC,W,33.06666666666667,6.5,13.1,0.5,0.0,0.0,0.0,2.2,2.2,1.0,3.3,7.6,10.9,6.5,3.3,2.2,3.3,1.1,3.3,1.1,15.2,8.7,51.2,1,0,43.5,1,1,13086,1,5096,10105,11751,8526,15070,20945,15070,10035,12159,1,4810,5285,4511,4657,5615,5481,1423,7155,9588,16956,12665,8319,2938,1,150,4899,1,33:04
2024-25,203468,CJ McCollum,CJ,1610612740,NOP,New Orleans Pelicans,0022401029,2025-03-23T00:00:00,NOP @ DET,L,36.681666666666665,15.7,27.5,0.571,4.9,11.8,0.417,2.9,4.9,0.6,1.0,3.9,4.9,6.9,2.0,1.0,0.0,1.0,2.0,2.0,39.3,2.9,56.4,0,0,57.9,1,13222,1,13222,2223,390,446,6538,2394,1911,7826,7968,6099,10343,13409,13948,15041,4181,10708,12109,8263,8079,15344,13261,499,11148,1740,2246,150,1040,1,36:41
2024-25,1631217,Moussa Diabaté,Moussa,1610612766,CHA,Charlotte Hornets,0022401032,2025-03-23T00:00:00,CHA @ MIA,L,5.266666666666667,20.5,20.5,1.0,0.0,0.0,0.0,0.0,0.0,0.0,6.8,6.8,13.7,0.0,0.0,6.8,0.0,0.0,0.0,0.0,41.0,0.0,77.9,0,0,68.4,1,13222,1,13222,23875,130,2630,1,15070,20945,15070,13505,14344,13505,1209,6642,2391,19908,16469,329,8263,8846,20257,17725,396,12240,239,2246,150,364,1,5:16
2024-25,1630548,Johnny Juzang,Johnny,1610612762,UTA,Utah Jazz,0022401030,2025-03-23T00:00:00,UTA vs. CLE,L,19.283333333333335,7.5,14.9,0.5,7.5,11.2,0.667,0.0,0.0,0.0,3.7,3.7,7.5,3.7,0.0,0.0,0.0,0.0,3.7,0.0,22.4,9.3,37.0,0,0,41.1,1,13222,1,13222,16596,7846,8707,8526,604,2325,1957,13505,14344,13505,3985,14516,9237,10697,16469,12854,8263,8846,7960,17725,5918,8032,9719,2246,150,6158,1,19:17
2024-25,1630170,Devin Vassell,Devin,1610612759,SAS,San Antonio Spurs,0022401033,2025-03-23T00:00:00,SAS @ TOR,W,29.633333333333333,13.4,17.0,0.786,3.6,7.3,0.5,0.0,0.0,0.0,0.0,7.3,7.3,3.6,1.2,2.4,1.2,0.0,4.9,0.0,30.4,44.9,54.3,0,0,52.2,1,1,13086,1,8100,885,5795,1975,4814,7842,3944,13505,14344,13505,14058,5844,9592,10953,14328,4589,6084,8846,4925,17725,1962,713,2139,2246,150,1987,1,29:38
2024-25,203482,Kelly Olynyk,Kelly,1610612740,NOP,New Orleans Pelicans,0022401029,2025-03-23T00:00:00,NOP @ DET,L,24.61,5.9,10.2,0.571,1.5,4.4,0.333,1.5,2.9,0.5,2.9,4.4,7.3,11.7,7.3,0.0,2.9,0.0,8.8,8.8,14.6,-11.7,42.4,0,0,41.0,1,13222,1,13222,12374,11946,16666,6538,12198,14712,9209,11870,10157,10625,5522,12558,9542,787,772,12854,1781,8846,1038,729,13270,18619,6414,2246,150,6225,1,24:37
2024-25,1631119,Jaylin Williams,Jaylin,1610612760,OKC,Oklahoma City Thunder,0022401036,2025-03-23T00:00:00,OKC @ LAC,W,14.943333333333333,9.6,9.6,1.0,7.2,7.2,1.0,2.4,2.4,1.0,0.0,16.9,16.9,4.8,0.0,0.0,2.4,0.0,2.4,2.4,28.9,-14.5,63.6,0,0,62.6,1,1,13086,1,19612,3675,17702,1,690,7992,1,9313,11462,1,14058,339,1155,7870,16469,12854,2536,8846,13156,11316,2452,19687,827,2246,150,602,1,14:57
2024-25,1629656,Quentin Grimes,Quentin,1610612755,PHI,Philadelphia 76ers,0022401031,2025-03-23T00:00:00,PHI @ ATL,L,34.94166666666667,7.2,18.5,0.389,3.1,10.3,0.3,9.3,11.3,0.818,0.0,5.2,5.2,6.2,4.1,1.0,0.0,0.0,1.0,5.2,26.8,-16.5,41.2,0,0,43.3,1,13222,1,13222,3511,8430,4178,16009,6238,3150,11319,919,941,7652,14058,10418,14394,5194,3628,11672,8263,8846,19530,3849,3305,20441,7044,2246,150,5009,1,34:57
2024-25,1630567,Scottie Barnes,Scottie,1610612761,TOR,Toronto Raptors,0022401033,2025-03-23T00:00:00,TOR vs. SAS,L,29.716666666666665,9.7,13.3,0.727,3.6,7.3,0.5,3.6,4.8,0.75,2.4,4.8,7.3,7.3,7.3,2.4,1.2,0.0,1.2,3.6,26.7,-15.7,49.9,0,0,52.1,1,13222,1,13222,8027,3612,11255,2666,4838,7899,3944,6420,6206,8186,6858,11291,9632,3664,785,4623,6105,8846,18469,7297,3365,20173,3296,2246,150,2016,1,29:43
2024-25,203952,Andrew Wiggins,Andrew,1610612748,MIA,Miami Heat,0022401032,2025-03-23T00:00:00,MIA vs. CHA,W,35.211666666666666,16.4,21.5,0.762,6.1,8.2,0.75,4.1,7.2,0.571,0.0,3.1,3.1,5.1,2.0,2.0,1.0,1.0,2.0,3.1,42.9,22.5,61.4,0,0,63.4,1,1,13086,1,3311,331,2058,2105,1207,6124,1542,5545,3216,10536,14058,16498,19548,7221,10284,6039,7331,7727,14898,9010,315,3368,1030,2246,150,554,1,35:13
2024-25,1630578,Alperen Sengun,Alperen,1610612745,HOU,Houston Rockets,0022401035,2025-03-23T00:00:00,HOU vs. DEN,L,39.5,5.5,13.7,0.4,0.0,0.9,0.0,4.6,7.3,0.625,2.7,10.0,12.8,9.1,0.0,1.8,0.9,0.0,0.9,5.5,15.5,-5.5,52.7,1,1,42.8,1,13222,1,13222,720,13070,10690,14933,15070,20924,15070,4746,3099,10271,6022,2562,2966,1929,16469,7141,8038,8846,20115,3380,12426,15816,2540,1,1,5233,1,39:30
2024-25,203500,Steven Adams,Steven,1610612745,HOU,Houston Rockets,0022401035,2025-03-23T00:00:00,HOU vs. DEN,L,22.408333333333335,9.6,16.1,0.6,0.0,0.0,0.0,3.2,6.4,0.5,16.1,3.2,19.3,3.2,1.6,0.0,4.8,0.0,4.8,4.8,22.5,14.5,63.3,1,0,54.6,1,13222,1,13222,14188,3671,7029,5394,15070,20945,15070,7297,3976,10625,107,16044,631,12252,12307,12854,565,8846,5011,4463,5854,5834,857,1,150,1522,1,22:25
2024-25,1627750,Jamal Murray,Jamal,1610612743,DEN,Denver Nuggets,0022401035,2025-03-23T00:00:00,DEN @ HOU,W,38.163333333333334,14.1,26.4,0.536,3.8,5.7,0.667,4.7,5.7,0.833,0.9,2.8,3.8,6.6,0.9,0.0,0.0,2.8,1.9,5.7,36.8,17.9,50.3,0,0,50.9,1,1,13086,1,1291,662,574,8138,4515,11555,1957,4492,4960,7275,13700,17302,17889,4572,16177,12854,8263,1556,15761,3101,719,4585,3189,2246,150,2282,1,38:10
2024-25,1629027,Trae Young,Trae,1610612737,ATL,Atlanta Hawks,0022401031,2025-03-23T00:00:00,ATL vs. PHI,W,32.53333333333333,7.7,13.3,0.583,4.4,6.6,0.667,11.1,12.2,0.909,0.0,1.1,1.1,13.3,5.5,1.1,0.0,0.0,1.1,7.7,31.0,13.3,50.0,1,0,52.0,1,1,13086,1,5529,7179,11341,6296,3194,9238,1957,476,724,6764,14058,21739,23074,479,1785,10966,8263,8846,19062,1167,1778,6266,3268,1,150,2042,1,32:32
2024-25,202684,Tristan Thompson,Tristan,1610612739,CLE,Cleveland Cavaliers,0022401030,2025-03-23T00:00:00,CLE @ UTA,W,4.3,25.1,25.1,1.0,0.0,0.0,0.0,0.0,0.0,0.0,8.4,16.7,25.1,8.4,0.0,0.0,0.0,0.0,0.0,0.0,50.2,33.5,92.9,0,0,83.7,1,1,13086,1,24333,63,797,1,15070,20945,15070,13505,14344,13505,681,348,188,2537,16469,12854,8263,8846,20257,17725,153,1573,86,2246,150,125,1,4:18
2024-25,1628983,Shai Gilgeous-Alexander,Shai,1610612760,OKC,Oklahoma City Thunder,0022401036,2025-03-23T00:00:00,OKC @ LAC,W,37.31666666666667,6.8,28.0,0.241,1.0,6.8,0.143,10.6,10.6,1.0,0.0,2.9,2.9,7.7,1.0,1.9,1.9,2.9,1.9,9.6,25.1,0.0,50.7,0,0,44.4,1,1,13086,1,1783,9557,398,21136,14728,9013,14649,547,1150,1,14058,17105,20010,3160,16062,6624,3683,1476,15524,487,4175,12240,3061,2246,150,4517,1,37:19
2024-25,1628386,Jarrett Allen,Jarrett,1610612739,CLE,Cleveland Cavaliers,0022401030,2025-03-23T00:00:00,CLE @ UTA,W,26.216666666666665,11.0,15.1,0.727,0.0,1.4,0.0,2.7,6.9,0.4,4.1,4.1,8.2,5.5,1.4,1.4,1.4,2.7,2.7,5.5,24.7,42.6,49.7,0,0,43.9,1,1,13086,1,10987,2266,8412,2666,15070,20400,15070,8466,3507,13061,3407,13354,7877,6437,13443,9049,5342,1674,11858,3352,4359,801,3356,2246,150,4718,1,26:13
2024-25,1631110,Jeremy Sochan,Jeremy,1610612759,SAS,San Antonio Spurs,0022401033,2025-03-23T00:00:00,SAS @ TOR,W,20.25,5.3,14.2,0.375,1.8,5.3,0.333,3.6,3.6,1.0,0.0,8.9,8.9,3.6,3.6,3.6,1.8,0.0,1.8,1.8,16.0,37.3,44.4,0,0,40.9,1,1,13086,1,15822,13448,9795,16299,11151,12367,9209,6591,8775,1,14058,3614,6898,11228,4893,2162,4105,8846,16276,14007,11919,1171,5443,2246,150,6276,1,20:15
2024-25,1629680,Matisse Thybulle,Matisse,1610612757,POR,Portland Trail Blazers,0022401034,2025-03-23T00:00:00,POR vs. BOS,L,19.278333333333332,9.3,13.1,0.714,3.7,7.5,0.5,0.0,0.0,0.0,1.9,3.7,5.6,0.0,0.0,3.7,1.9,0.0,0.0,0.0,22.4,-7.5,45.9,0,0,42.9,1,13222,1,13222,16610,4148,11731,2752,4613,7470,3944,13505,14344,13505,8952,14515,13285,19908,16469,1927,3870,8846,20257,17725,5914,16709,4768,2246,150,5171,1,19:17
2024-25,1631230,Dominick Barlow,Dominick,1610612737,ATL,Atlanta Hawks,0022401031,2025-03-23T00:00:00,ATL vs. PHI,W,18.916666666666668,7.6,7.6,1.0,1.9,1.9,1.0,7.6,7.6,1.0,9.5,9.5,19.0,3.8,0.0,0.0,1.9,0.0,3.8,5.7,24.7,-3.8,59.0,1,0,53.3,1,1,13086,1,16893,7476,20770,1,10619,19732,1,1600,2804,1,472,2992,693,10480,16469,12854,3752,8846,7714,3021,4348,14955,1334,1,150,1746,1,18:55
2024-25,1630577,Julian Champagnie,Julian,1610612759,SAS,San Antonio Spurs,0022401033,2025-03-23T00:00:00,SAS @ TOR,W,23.383333333333333,9.2,13.9,0.667,6.2,9.2,0.667,6.2,7.7,0.8,4.6,3.1,7.7,3.1,3.1,4.6,1.5,0.0,3.1,3.1,30.8,40.0,60.0,0,0,60.0,1,1,13086,1,13392,4301,10415,3281,1191,4472,1957,2721,2746,7681,2773,16467,8808,12671,6191,1135,4726,8846,10358,8960,1832,983,1187,2246,150,824,1,23:23
2024-25,1641718,Keyonte George,Keyonte,1610612762,UTA,Utah Jazz,0022401030,2025-03-23T00:00:00,UTA vs. CLE,L,28.633333333333333,1.3,8.8,0.143,1.3,5.0,0.25,6.3,8.8,0.714,1.3,5.0,6.3,8.8,1.3,1.3,0.0,2.5,1.3,5.0,10.1,-23.9,33.3,0,0,28.9,1,13222,1,13222,8997,22442,19021,22260,13050,13137,11902,2607,1984,9244,11436,10795,11642,2185,14050,9738,8263,2019,18232,4061,18100,22542,12332,2246,150,14768,1,28:38
2024-25,1629599,Amir Coffey,Amir,1610612746,LAC,LA Clippers,0022401036,2025-03-23T00:00:00,LAC vs. OKC,L,13.633333333333333,7.9,13.2,0.6,0.0,5.3,0.0,7.9,10.6,0.75,0.0,2.6,2.6,0.0,0.0,2.6,0.0,0.0,0.0,5.3,23.8,-23.8,34.9,0,0,31.7,1,13222,1,13222,20399,6806,11474,5394,15070,12514,15070,1450,1175,8186,14058,17848,20564,19908,16469,4041,8263,8846,20257,3660,4956,22514,11151,2246,150,12636,1,13:38
2024-25,1629130,Duncan Robinson,Duncan,1610612748,MIA,Miami Heat,0022401032,2025-03-23T00:00:00,MIA vs. CHA,W,18.916666666666668,1.9,9.5,0.2,1.9,3.8,0.5,0.0,0.0,0.0,0.0,3.8,3.8,3.8,1.9,0.0,0.0,1.9,0.0,1.9,5.7,3.8,14.1,0,0,15.2,1,1,13086,1,16893,21581,17919,21401,10619,15981,3944,13505,14344,13505,14058,14297,17804,10480,11022,12854,8263,3533,20257,13496,21586,10748,23482,2246,150,22983,1,18:55
2024-25,1630658,Colin Castleton,Colin,1610612761,TOR,Toronto Raptors,0022401033,2025-03-23T00:00:00,TOR vs. SAS,L,23.983333333333334,3.0,9.0,0.333,0.0,1.5,0.0,0.0,0.0,0.0,4.5,1.5,6.0,1.5,3.0,3.0,1.5,0.0,4.5,0.0,6.0,-7.5,26.0,0,0,22.5,1,13222,1,13222,12912,19411,18703,17395,15070,20268,15070,13505,14344,13505,2920,20876,12265,17968,6464,3136,4850,8846,5771,17725,21385,16738,17637,2246,150,19345,1,23:59
2024-25,1627736,Malik Beasley,Malik,1610612765,DET,Detroit Pistons,0022401029,2025-03-23T00:00:00,DET vs. NOP,W,29.063333333333333,5.0,13.6,0.364,5.0,7.4,0.667,1.2,1.2,1.0,2.5,2.5,5.0,2.5,0.0,1.2,0.0,0.0,1.2,1.2,16.1,3.7,29.5,0,0,31.0,1,1,13086,1,8626,14523,10789,16861,2333,7533,1957,12480,13828,1,6681,18249,14917,14627,16469,9878,8263,8846,18336,16188,11817,10800,15164,2246,150,13195,1,29:04
2024-25,1630231,KJ Martin,KJ,1610612762,UTA,Utah Jazz,0022401030,2025-03-23T00:00:00,UTA vs. CLE,L,18.833333333333332,3.8,11.5,0.333,0.0,3.8,0.0,3.8,3.8,1.0,0.0,5.7,5.7,5.7,0.0,0.0,0.0,1.9,7.6,1.9,11.5,-1.9,27.0,0,0,22.9,1,13222,1,13222,16944,17508,14522,17395,15070,15945,15070,6033,8194,1,14058,8957,12931,5981,16469,12854,8263,3505,1544,13470,16711,13986,16984,2246,150,19064,1,18:50
2024-25,1631243,Mouhamed Gueye,Mouhamed,1610612737,ATL,Atlanta Hawks,0022401031,2025-03-23T00:00:00,ATL vs. PHI,W,13.35,8.1,13.5,0.6,0.0,2.7,0.0,0.0,0.0,0.0,2.7,0.0,2.7,5.4,0.0,0.0,0.0,2.7,0.0,0.0,16.2,21.6,27.5,0,0,24.3,1,1,13086,1,20566,6440,11028,5394,15070,18270,15070,13505,14344,13505,6115,22137,20455,6647,16469,12854,8263,1748,20257,17725,11745,3562,16575,2246,150,18155,1,13:21
2024-25,1630171,Isaac Okoro,Isaac,1610612739,CLE,Cleveland Cavaliers,0022401030,2025-03-23T00:00:00,CLE @ UTA,W,19.75,1.8,7.3,0.25,0.0,3.6,0.0,7.3,7.3,1.0,0.0,0.0,0.0,0.0,0.0,1.8,0.0,1.8,3.6,5.5,10.9,14.6,16.4,0,0,14.6,1,1,13086,1,16221,21715,21218,20233,15070,16336,15070,1806,3099,1,14058,22137,23286,19908,16469,7141,8263,3821,8275,3380,17227,5787,22700,2246,150,23223,1,19:45
2024-25,202695,Kawhi Leonard,Kawhi,1610612746,LAC,LA Clippers,0022401036,2025-03-23T00:00:00,LAC vs. OKC,L,40.266666666666666,8.9,17.9,0.5,1.8,3.6,0.5,2.7,3.6,0.75,1.8,7.2,8.9,2.7,1.8,0.9,0.9,0.9,0.0,4.5,22.4,0.9,40.7,1,0,39.3,1,13222,1,13222,500,4831,4823,8526,11120,16493,3944,8619,8732,8186,9284,6087,6836,13959,11605,12690,8111,8684,20257,5210,5964,12216,7343,1,150,7169,1,40:16
2024-25,1629611,Terance Mann,Terance,1610612737,ATL,Atlanta Hawks,0022401031,2025-03-23T00:00:00,ATL vs. PHI,W,17.383333333333333,8.3,18.6,0.444,2.1,6.2,0.333,0.0,0.0,0.0,0.0,6.2,6.2,0.0,0.0,2.1,0.0,0.0,4.1,2.1,18.6,8.3,32.3,0,0,31.1,1,1,13086,1,18012,6015,4083,13045,9811,10168,9209,13505,14344,13505,14058,7870,11796,19908,16469,5908,8263,8846,6710,12758,9171,8498,13082,2246,150,13107,1,17:23
2024-25,1630192,Zeke Nnaji,Zeke,1610612743,DEN,Denver Nuggets,0022401035,2025-03-23T00:00:00,DEN @ HOU,W,11.728333333333333,3.1,6.1,0.5,0.0,3.1,0.0,0.0,6.1,0.0,0.0,0.0,0.0,3.1,0.0,3.1,0.0,0.0,3.1,3.1,6.1,0.0,20.0,0,0,15.3,1,1,13086,1,21407,19284,22482,8526,15070,17513,15070,13505,4301,13505,14058,22137,23286,12692,16469,3000,8263,8846,10392,9001,21296,12240,21191,2246,150,22933,1,11:44
2024-25,1630168,Onyeka Okongwu,Onyeka,1610612737,ATL,Atlanta Hawks,0022401031,2025-03-23T00:00:00,ATL vs. PHI,W,29.083333333333332,7.4,8.7,0.857,1.2,1.2,1.0,1.2,2.5,0.5,1.2,9.9,11.1,2.5,3.7,2.5,1.2,0.0,6.2,2.5,17.3,18.6,41.8,0,0,39.6,1,1,13086,1,8609,7941,19246,1412,13163,20569,1,12482,11267,10625,11551,2654,4285,14634,4527,4450,5951,8846,2719,11076,10496,4386,6711,2246,150,7006,1,29:05
2024-25,1627832,Fred VanVleet,Fred,1610612745,HOU,Houston Rockets,0022401035,2025-03-23T00:00:00,HOU vs. DEN,L,41.73833333333334,1.7,10.4,0.167,0.9,6.9,0.125,1.7,1.7,1.0,0.0,2.6,2.6,4.3,0.9,0.0,0.0,0.0,1.7,0.9,6.0,-1.7,14.7,0,0,13.8,1,13222,1,13222,280,21868,16463,21938,15022,8670,14886,11371,13275,1,14058,17971,20657,9091,16409,12854,8263,8846,16446,17700,21366,13887,23262,2246,150,23475,1,41:44
2024-25,1631120,JD Davison,JD,1610612738,BOS,Boston Celtics,0022401034,2025-03-23T00:00:00,BOS @ POR,W,8.266666666666667,4.4,4.4,1.0,4.4,4.4,1.0,4.4,8.7,0.5,0.0,4.4,4.4,4.4,4.4,4.4,0.0,0.0,0.0,4.4,17.4,8.7,37.9,0,0,39.2,1,1,13086,1,22717,16185,23884,1,3308,14780,1,5059,2043,10625,14058,12634,16396,8996,3211,1331,8263,8846,20257,5463,10403,8319,9094,2246,150,7275,1,8:16
2024-25,1628415,Dillon Brooks,Dillon,1610612745,HOU,Houston Rockets,0022401035,2025-03-23T00:00:00,HOU vs. DEN,L,36.655,7.9,11.8,0.667,4.9,7.9,0.625,0.0,0.0,0.0,0.0,2.9,2.9,1.0,1.0,0.0,0.0,0.0,2.0,0.0,20.6,-2.9,24.7,0,0,29.5,1,13222,1,13222,2244,6937,13963,3281,2391,6697,2868,13505,14344,13505,14058,16905,19868,19724,15961,12854,8263,8846,15335,17725,7375,14548,18523,2246,150,14353,1,36:39
2024-25,1630534,Ochai Agbaji,Ochai,1610612761,TOR,Toronto Raptors,0022401033,2025-03-23T00:00:00,TOR vs. SAS,L,29.95,1.2,9.6,0.125,0.0,3.6,0.0,0.0,0.0,0.0,2.4,6.0,8.4,3.6,0.0,0.0,0.0,1.2,2.4,0.0,2.4,-12.0,17.9,0,0,14.4,1,13222,1,13222,7825,22492,17732,22420,15070,16423,15070,13505,14344,13505,6908,8296,7600,11069,16469,12854,8263,6244,13188,17725,23096,18742,22134,2246,150,23280,1,29:57
2024-25,1642275,Tidjane Salaün,Tidjane,1610612766,CHA,Charlotte Hornets,0022401032,2025-03-23T00:00:00,CHA @ MIA,L,24.533333333333335,4.4,5.9,0.75,1.5,2.9,0.5,0.0,0.0,0.0,1.5,5.9,7.3,1.5,1.5,1.5,0.0,1.5,2.9,0.0,10.3,2.9,24.2,0,0,23.5,1,13222,1,13222,12449,16056,22743,2107,12173,17793,3944,13505,14344,13505,10446,8621,9503,18105,12915,8545,8263,4896,11007,17725,17885,11157,18800,2246,150,18685,1,24:32
2024-25,1641854,Craig Porter Jr.,Craig,1610612739,CLE,Cleveland Cavaliers,0022401030,2025-03-23T00:00:00,CLE @ UTA,W,9.666666666666666,3.7,7.4,0.5,0.0,0.0,0.0,0.0,0.0,0.0,0.0,0.0,0.0,11.2,0.0,0.0,0.0,0.0,7.4,0.0,7.4,14.9,24.2,0,0,18.6,1,1,13086,1,22227,17764,20996,8526,15070,20945,15070,13505,14344,13505,14058,22137,23286,944,16469,12854,8263,8846,1676,17725,20368,5671,18807,2246,150,21566,1,9:40
2024-25,1631232,Keion Brooks Jr.,Keion,1610612740,NOP,New Orleans Pelicans,0022401029,2025-03-23T00:00:00,NOP @ DET,L,20.751666666666665,3.5,6.9,0.5,1.7,5.2,0.333,0.0,0.0,0.0,0.0,1.7,1.7,0.0,0.0,0.0,3.5,0.0,3.5,0.0,8.7,-26.0,21.2,0,0,19.1,1,13222,1,13222,15454,18386,21630,8526,11299,12696,9209,13505,14344,13505,14058,20397,22257,19908,16469,12854,1253,8846,8841,17725,19378,23032,20612,2246,150,21357,1,20:45
2024-25,1631288,Jamal Cain,Jamal,1610612740,NOP,New Orleans Pelicans,0022401029,2025-03-23T00:00:00,NOP @ DET,L,13.233333333333333,2.7,5.4,0.5,0.0,0.0,0.0,5.4,5.4,1.0,0.0,2.7,2.7,0.0,0.0,0.0,2.7,0.0,2.7,2.7,10.9,-24.5,22.3,0,0,19.0,1,13222,1,13222,20639,20039,23129,8526,15070,20945,15070,3482,5258,1,14058,17633,20403,19908,16469,12854,2046,8846,11947,10255,17281,22691,19981,2246,150,21374,1,13:14
2024-25,1631115,Orlando Robinson,Orlando,1610612761,TOR,Toronto Raptors,0022401033,2025-03-23T00:00:00,TOR vs. SAS,L,22.733333333333334,3.2,9.5,0.333,1.6,1.6,1.0,0.0,0.0,0.0,1.6,7.9,9.5,0.0,3.2,0.0,0.0,1.6,6.3,0.0,7.9,-49.1,16.2,0,0,19.0,1,13222,1,13222,13923,19062,17945,17395,11735,20187,1,13505,14344,13505,9984,4830,6063,19908,5916,12854,8263,4472,2560,17725,19984,25360,22787,2246,150,21391,1,22:44
2024-25,203992,Bogdan Bogdanović,Bogdan,1610612746,LAC,LA Clippers,0022401036,2025-03-23T00:00:00,LAC vs. OKC,L,20.9,1.7,10.3,0.167,0.0,5.2,0.0,0.0,0.0,0.0,0.0,5.2,5.2,5.2,0.0,3.4,1.7,0.0,1.7,0.0,3.4,-1.7,32.9,0,0,24.1,1,13222,1,13222,15357,21871,16487,21938,15070,12779,15070,13505,14344,13505,14058,10362,14349,7093,16469,2313,4244,8846,16458,17725,22791,13884,12659,2246,150,18254,1,20:54
2024-25,1629618,Jalen Pickett,Jalen,1610612743,DEN,Denver Nuggets,0022401035,2025-03-23T00:00:00,DEN @ HOU,W,3.35,0.0,0.0,0.0,0.0,0.0,0.0,0.0,0.0,0.0,0.0,0.0,0.0,0.0,0.0,0.0,0.0,0.0,0.0,0.0,0.0,-21.5,0.0,0,0,0.0,1,1,13086,1,24817,22635,24836,22635,15070,20945,15070,13505,14344,13505,14058,22137,23286,19908,16469,12854,8263,8846,20257,17725,23200,21965,25228,2246,150,25259,1,3:21
2024-25,1631128,Christian Braun,Christian,1610612743,DEN,Denver Nuggets,0022401035,2025-03-23T00:00:00,DEN @ HOU,W,34.376666666666665,3.1,6.3,0.5,1.0,2.1,0.5,4.2,4.2,1.0,0.0,4.2,4.2,2.1,1.0,0.0,0.0,0.0,0.0,3.1,11.5,17.8,18.6,0,0,18.8,1,1,13086,1,3946,19120,22337,8526,14271,19380,3944,5362,7432,1,14058,13146,16833,16022,15512,12854,8263,8846,20257,8757,16653,4621,21821,2246,150,21457,1,34:23
2024-25,203994,Jusuf Nurkić,Jusuf,1610612766,CHA,Charlotte Hornets,0022401032,2025-03-23T00:00:00,CHA @ MIA,L,15.233333333333333,4.7,14.2,0.333,0.0,0.0,0.0,2.4,4.7,0.5,2.4,4.7,7.1,4.7,4.7,0.0,0.0,2.4,4.7,7.1,11.8,-21.3,22.7,0,0,23.6,1,13222,1,13222,19417,15173,9869,17395,15070,20945,15070,9416,6432,10625,7037,11623,9976,8112,2681,12854,8263,2301,5219,1587,16329,21902,19758,2246,150,18588,1,15:14
2024-25,1629750,Javonte Green,Javonte,1610612739,CLE,Cleveland Cavaliers,0022401030,2025-03-23T00:00:00,CLE @ UTA,W,8.95,8.0,16.1,0.5,0.0,4.0,0.0,0.0,4.0,0.0,0.0,0.0,0.0,0.0,0.0,4.0,0.0,0.0,4.0,4.0,16.1,16.1,28.2,0,0,24.1,1,1,13086,1,22470,6540,6983,8526,15070,15527,15070,13505,7796,13505,14058,22137,23286,19908,16469,1610,8263,8846,7081,6243,11829,5220,16102,2246,150,18239,1,8:57
2024-25,1629234,Drew Eubanks,Drew,1610612746,LAC,LA Clippers,0022401036,2025-03-23T00:00:00,LAC vs. OKC,L,0.01,0.0,0.0,0.0,0.0,0.0,0.0,0.0,0.0,0.0,0.0,0.0,0.0,0.0,0.0,0.0,0.0,0.0,0.0,0.0,0.0,0.0,0.0,0,0,0.0,1,13222,1,13222,26301,22635,24836,22635,15070,20945,15070,13505,14344,13505,14058,22137,23286,19908,16469,12854,8263,8846,20257,17725,23200,12240,25228,2246,150,25259,1,0:01
2024-25,1641871,Duop Reath,Duop,1610612757,POR,Portland Trail Blazers,0022401034,2025-03-23T00:00:00,POR vs. BOS,L,16.54,4.4,6.5,0.667,4.4,4.4,1.0,0.0,0.0,0.0,4.4,2.2,6.5,0.0,0.0,0.0,0.0,2.2,0.0,2.2,13.1,-26.1,20.9,0,0,23.9,1,13222,1,13222,18578,16195,22076,3281,3310,14786,1,13505,14344,13505,3100,19142,11105,19908,16469,12854,8263,2697,20257,12262,15028,23056,20747,2246,150,18371,1,16:32
2024-25,1631170,Jaime Jaquez Jr.,Jaime,1610612748,MIA,Miami Heat,0022401032,2025-03-23T00:00:00,MIA vs. CHA,W,5.555,0.0,0.0,0.0,0.0,0.0,0.0,0.0,0.0,0.0,0.0,0.0,0.0,6.5,6.5,0.0,0.0,0.0,0.0,0.0,0.0,-25.9,3.2,0,0,6.5,1,1,13086,1,23762,22635,24836,22635,15070,20945,15070,13505,14344,13505,14058,22137,23286,4746,1138,12854,8263,8846,20257,17725,23200,23011,25117,2246,150,24948,1,5:33
2024-25,1631095,Jabari Smith Jr.,Jabari,1610612745,HOU,Houston Rockets,0022401035,2025-03-23T00:00:00,HOU vs. DEN,L,16.64,4.3,8.7,0.5,2.2,4.3,0.5,4.3,4.3,1.0,0.0,6.5,6.5,0.0,0.0,0.0,0.0,2.2,4.3,2.2,15.1,-21.6,22.9,0,0,23.8,1,13222,1,13222,18510,16255,19269,8526,9385,14849,3944,5107,7153,1,14058,7331,11199,19908,16469,12854,8263,2729,6201,12328,12764,22000,19600,2246,150,18464,1,16:38
2024-25,1631200,Kris Murray,Kris,1610612757,POR,Portland Trail Blazers,0022401034,2025-03-23T00:00:00,POR vs. BOS,L,4.63,0.0,7.8,0.0,0.0,0.0,0.0,0.0,0.0,0.0,0.0,7.8,7.8,0.0,0.0,0.0,0.0,0.0,7.8,0.0,0.0,-54.4,9.3,0,0,7.8,1,13222,1,13222,24172,22635,20564,22635,15070,20945,15070,13505,14344,13505,14058,5042,8667,19908,16469,12854,8263,8846,1478,17725,23200,25554,24518,2246,150,24791,1,4:38
2024-25,1630198,Isaiah Joe,Isaiah,1610612760,OKC,Oklahoma City Thunder,0022401036,2025-03-23T00:00:00,OKC @ LAC,W,19.9,0.0,7.2,0.0,0.0,7.2,0.0,0.0,0.0,0.0,1.8,1.8,3.6,0.0,1.8,0.0,0.0,0.0,1.8,3.6,0.0,-9.0,2.5,0,0,3.6,1,1,13086,1,16094,22635,21278,22635,15070,7966,15070,13505,14344,13505,9208,20218,18277,19908,11507,12854,8263,8846,16138,7339,23200,17448,25147,2246,150,25205,1,19:54
2024-25,1629622,Max Strus,Max,1610612739,CLE,Cleveland Cavaliers,0022401030,2025-03-23T00:00:00,CLE @ UTA,W,18.466666666666665,5.8,11.7,0.5,1.9,7.8,0.25,0.0,0.0,0.0,0.0,5.8,5.8,3.9,1.9,0.0,0.0,0.0,0.0,1.9,13.6,39.0,24.6,0,0,25.3,1,1,13086,1,17225,11959,14121,8526,10398,6797,11902,13505,14344,13505,14058,8669,12638,10227,10782,12854,8263,8846,20257,13320,14328,1041,18563,2246,150,17398,1,18:28
2024-25,1642264,Stephon Castle,Stephon,1610612759,SAS,San Antonio Spurs,0022401033,2025-03-23T00:00:00,SAS @ TOR,W,19.833333333333332,5.4,14.5,0.375,1.8,5.4,0.333,14.5,18.2,0.8,1.8,7.3,9.1,1.8,7.3,1.8,1.8,3.6,3.6,12.7,27.2,5.4,44.5,0,0,47.2,1,1,13086,1,16152,13145,9323,16299,11015,12091,9209,187,181,7681,9190,5888,6620,17041,790,7179,4023,828,8324,168,3096,9866,5434,2246,150,3403,1,19:50
2024-25,1631323,Simone Fontecchio,Simone,1610612765,DET,Detroit Pistons,0022401029,2025-03-23T00:00:00,DET vs. NOP,W,18.55,5.8,11.6,0.5,3.9,5.8,0.667,0.0,0.0,0.0,0.0,3.9,3.9,1.9,0.0,0.0,0.0,1.9,0.0,0.0,15.5,11.6,23.1,0,0,25.2,1,1,13086,1,17147,12044,14230,8526,4238,11147,1957,13505,14344,13505,14058,14087,17614,16602,16469,12854,8263,3421,20257,17725,12397,6953,19504,2246,150,17487,1,18:33
2024-25,1629628,RJ Barrett,RJ,1610612761,TOR,Toronto Raptors,0022401033,2025-03-23T00:00:00,TOR vs. SAS,L,30.066666666666666,9.6,20.4,0.471,1.2,7.2,0.167,1.2,4.8,0.25,0.0,8.4,8.4,2.4,7.2,0.0,0.0,0.0,3.6,4.8,21.6,-19.2,28.0,0,0,33.5,1,13222,1,13222,7724,3760,2721,12143,13383,8073,14236,12600,6319,13358,14058,4183,7650,14894,823,12854,8263,8846,8452,4521,6594,21289,16219,2246,150,11222,1,30:04
2024-25,1642024,Alex Reese,Alex,1610612755,PHI,Philadelphia 76ers,0022401031,2025-03-23T00:00:00,PHI @ ATL,L,21.3,5.1,6.8,0.75,1.7,3.4,0.5,1.7,1.7,1.0,1.7,3.4,5.1,1.7,0.0,1.7,0.0,0.0,3.4,1.7,13.5,3.4,27.2,0,0,25.4,1,13222,1,13222,15068,14186,21824,2107,11430,16906,3944,11438,13304,1,9613,15573,14609,17398,16469,7650,8263,8846,9151,14309,14476,10935,16816,2246,150,17391,1,21:18
2024-25,1630631,Jose Alvarado,Jose,1610612740,NOP,New Orleans Pelicans,0022401029,2025-03-23T00:00:00,NOP @ DET,L,27.6,5.2,10.4,0.5,2.6,3.9,0.667,0.0,0.0,0.0,1.3,3.9,5.2,10.4,2.6,2.6,0.0,1.3,5.2,2.6,13.0,2.6,40.2,0,0,36.5,1,13222,1,13222,9868,13767,16325,8526,7794,15755,1957,13505,14344,13505,11177,13989,14234,1230,7841,4120,8263,5628,4162,10607,15045,11315,7651,2246,150,9032,1,27:36
2024-25,1631117,Walker Kessler,Walker,1610612762,UTA,Utah Jazz,0022401030,2025-03-23T00:00:00,UTA vs. CLE,L,31.35,3.4,13.8,0.25,1.1,9.2,0.125,0.0,4.6,0.0,5.7,9.2,14.9,2.3,1.1,0.0,3.4,0.0,3.4,3.4,8.0,-45.9,38.6,0,0,33.3,1,13222,1,13222,6549,18448,10532,20233,13656,4559,14886,13505,6666,13505,1787,3324,1804,15247,14804,12854,1270,8846,8914,7828,19889,25223,8654,2246,150,11400,1,31:21
2024-25,1630288,Jeff Dowtin Jr.,Jeff,1610612755,PHI,Philadelphia 76ers,0022401031,2025-03-23T00:00:00,PHI @ ATL,L,25.833333333333332,9.8,15.3,0.636,1.4,2.8,0.5,2.8,4.2,0.667,2.8,2.8,5.6,4.2,2.8,4.2,2.8,0.0,1.4,2.8,23.7,-18.1,54.8,0,0,48.8,1,13222,1,13222,11308,3530,8060,4689,12475,18087,3944,8368,7450,9425,5891,17439,13348,9440,7264,1472,1972,8846,17648,10006,4985,20970,2036,2246,150,2899,1,25:50
2024-25,1641717,Cason Wallace,Cason,1610612760,OKC,Oklahoma City Thunder,0022401036,2025-03-23T00:00:00,OKC @ LAC,W,30.273333333333333,3.6,8.3,0.429,1.2,1.2,1.0,1.2,2.4,0.5,2.4,2.4,4.8,2.4,1.2,2.4,1.2,1.2,2.4,1.2,9.5,2.4,28.3,0,0,25.0,1,1,13086,1,7528,18159,19756,13735,13431,20634,1,12634,11549,10625,6993,18553,15422,14955,14525,4771,6245,6345,13314,16455,18622,11424,15990,2246,150,17704,1,30:16
2024-25,1628401,Derrick White,Derrick,1610612738,BOS,Boston Celtics,0022401034,2025-03-23T00:00:00,BOS @ POR,W,36.925,5.8,11.7,0.5,3.9,9.7,0.4,1.0,1.9,0.5,1.0,1.9,2.9,7.8,2.9,1.9,1.0,0.0,0.0,1.9,16.6,10.7,37.6,0,0,37.0,1,1,13086,1,2047,11952,14116,8526,4195,3783,7874,13312,12858,10625,13459,19822,19925,3080,6747,6501,7654,8846,20257,13319,11307,7361,9263,2246,150,8696,1,36:56
2024-25,1629640,Keldon Johnson,Keldon,1610612759,SAS,San Antonio Spurs,0022401033,2025-03-23T00:00:00,SAS @ TOR,W,19.083333333333332,3.8,18.9,0.2,1.9,11.3,0.167,3.8,3.8,1.0,0.0,3.8,3.8,5.7,0.0,0.0,1.9,0.0,0.0,1.9,13.2,35.8,31.9,0,0,28.3,1,1,13086,1,16762,17641,3871,21401,10694,2240,14236,6137,8311,1,14058,14407,17890,6129,16469,12854,3807,8846,20257,13564,14865,1309,13415,2246,150,15210,1,19:05
2024-25,1631248,Baylor Scheierman,Baylor,1610612738,BOS,Boston Celtics,0022401034,2025-03-23T00:00:00,BOS @ POR,W,26.016666666666666,2.8,6.9,0.4,2.8,6.9,0.4,0.0,0.0,0.0,1.4,5.5,6.9,4.2,1.4,0.0,1.4,0.0,2.8,0.0,8.3,-1.4,25.6,0,0,24.9,1,1,13086,1,11148,19942,21650,14933,7329,8629,7874,13505,14344,13505,10825,9444,10295,9522,13384,12854,5301,8846,11775,17725,19656,13749,17881,2246,150,17750,1,26:01
2024-25,1627747,Caris LeVert,Caris,1610612737,ATL,Atlanta Hawks,0022401031,2025-03-23T00:00:00,ATL vs. PHI,W,28.483333333333334,3.8,13.9,0.273,1.3,6.3,0.2,0.0,1.3,0.0,1.3,2.5,3.8,8.8,1.3,1.3,1.3,2.5,2.5,1.3,8.8,12.6,33.0,0,0,27.8,1,1,13086,1,9135,17593,10335,20048,13015,9940,13429,13505,13795,13505,11391,18110,17847,2134,14017,9691,5835,1995,12681,16067,19224,6543,12604,2246,150,15579,1,28:29
2024-25,1630166,Deni Avdija,Deni,1610612757,POR,Portland Trail Blazers,0022401034,2025-03-23T00:00:00,POR vs. BOS,L,38.5,5.6,15.0,0.375,1.9,5.6,0.333,2.8,2.8,1.0,0.9,9.4,10.3,3.7,0.9,0.9,0.0,2.8,1.9,3.7,15.9,-4.7,35.7,1,0,33.7,1,13222,1,13222,1107,12673,8663,16299,10780,11686,9209,8342,10480,1,13743,3158,5131,10681,16224,12477,8263,1598,15829,7015,12031,15401,10565,1,150,11106,1,38:30
2024-25,1627777,Georges Niang,Georges,1610612737,ATL,Atlanta Hawks,0022401031,2025-03-23T00:00:00,ATL vs. PHI,W,23.566666666666666,9.2,13.7,0.667,7.6,12.2,0.625,4.6,4.6,1.0,1.5,3.1,4.6,3.1,3.1,1.5,0.0,0.0,9.2,1.5,30.6,19.9,42.2,0,0,48.9,1,1,13086,1,13257,4413,10574,3281,544,1660,2868,4708,6683,1,10199,16534,15847,12740,6266,8284,8263,8846,908,14883,1911,3994,6540,2246,150,2861,1,23:34
2024-25,203471,Dennis Schröder,Dennis,1610612765,DET,Detroit Pistons,0022401029,2025-03-23T00:00:00,DET vs. NOP,W,34.56666666666667,4.2,12.5,0.333,1.0,5.2,0.2,7.3,8.3,0.875,1.0,0.0,1.0,5.2,1.0,2.1,0.0,1.0,2.1,6.2,16.7,-3.1,30.9,0,0,28.1,1,1,13086,1,3807,16683,12735,17395,14297,12688,13429,1807,2303,6931,12932,22137,23171,7019,15548,5856,8263,7563,14685,2334,11208,14633,14103,2246,150,15345,1,34:34
2024-25,1630249,Vít Krejčí,Vít,1610612737,ATL,Atlanta Hawks,0022401031,2025-03-23T00:00:00,ATL vs. PHI,W,15.95,4.5,6.8,0.667,2.3,4.5,0.5,0.0,0.0,0.0,0.0,4.5,4.5,6.8,0.0,0.0,0.0,0.0,9.0,0.0,11.3,-22.6,26.9,0,0,24.8,1,1,13086,1,18962,15733,21808,3281,9025,14397,3944,13505,14344,13505,14058,12225,16018,4323,16469,12854,8263,8846,954,17725,16904,22235,17051,2246,150,17806,1,15:57
2024-25,1642266,Ja'Kobe Walter,Ja'Kobe,1610612761,TOR,Toronto Raptors,0022401033,2025-03-23T00:00:00,TOR vs. SAS,L,24.533333333333335,4.4,17.6,0.25,2.9,8.8,0.333,2.9,2.9,1.0,4.4,0.0,4.4,5.9,1.5,0.0,0.0,2.9,0.0,4.4,14.7,-42.6,27.3,0,0,27.9,1,13222,1,13222,12449,16056,5126,20233,6744,5099,9209,7997,10131,1,3049,22137,16277,5726,12915,12854,8263,1412,20257,5340,13221,25023,16750,2246,150,15520,1,24:32
2024-25,1630700,Dyson Daniels,Dyson,1610612737,ATL,Atlanta Hawks,0022401031,2025-03-23T00:00:00,ATL vs. PHI,W,33.833333333333336,4.3,12.8,0.333,0.0,3.2,0.0,0.0,0.0,0.0,0.0,5.3,5.3,3.2,3.2,5.3,0.0,0.0,1.1,1.1,8.5,10.6,32.5,0,0,27.7,1,1,13086,1,4412,16446,12270,17395,15070,17283,15070,13505,14344,13505,14058,9979,13988,12349,5844,728,8263,8846,19315,17098,19503,7398,12981,2246,150,15671,1,33:50
2024-25,1629652,Luguentz Dort,Luguentz,1610612760,OKC,Oklahoma City Thunder,0022401036,2025-03-23T00:00:00,OKC @ LAC,W,28.616666666666667,5.0,7.5,0.667,2.5,5.0,0.5,0.0,0.0,0.0,0.0,5.0,5.0,2.5,0.0,1.3,1.3,0.0,6.3,0.0,12.6,5.0,29.9,0,0,27.7,1,1,13086,1,9022,14291,20862,3281,8089,13124,3944,13505,14344,13505,14058,10783,14717,14480,16469,9730,5860,8846,2615,17725,15515,10091,14841,2246,150,15660,1,28:37
2024-25,203552,Seth Curry,Seth,1610612766,CHA,Charlotte Hornets,0022401032,2025-03-23T00:00:00,CHA @ MIA,L,15.25,9.4,14.2,0.667,4.7,4.7,1.0,0.0,0.0,0.0,0.0,0.0,0.0,0.0,0.0,0.0,0.0,0.0,2.4,0.0,23.6,-21.2,23.6,0,0,28.3,1,13222,1,13222,19408,3962,9897,3281,2695,13907,1,13505,14344,13505,14058,22137,23286,19908,16469,12854,8263,8846,13391,17725,5048,21897,19199,2246,150,15190,1,15:15
2024-25,202687,Bismack Biyombo,Bismack,1610612759,SAS,San Antonio Spurs,0022401033,2025-03-23T00:00:00,SAS @ TOR,W,23.333333333333332,4.6,7.7,0.6,0.0,0.0,0.0,3.1,3.1,1.0,6.2,7.7,13.9,4.6,0.0,1.5,0.0,0.0,1.5,3.1,12.3,15.4,40.6,0,0,33.9,1,1,13086,1,13435,15423,20632,5394,15070,20945,15070,7580,9753,1,1531,5141,2288,8357,16469,8227,8263,8846,17074,8941,15764,5459,7412,2246,150,10899,1,23:20
2024-25,1627824,Guerschon Yabusele,Guerschon,1610612755,PHI,Philadelphia 76ers,0022401031,2025-03-23T00:00:00,PHI @ ATL,L,27.75,5.2,10.4,0.5,1.3,2.6,0.5,2.6,5.2,0.5,5.2,3.9,9.1,3.9,2.6,0.0,0.0,1.3,2.6,2.6,14.3,-23.4,28.4,0,0,28.5,1,13222,1,13222,9757,13847,16423,8526,12866,18460,3944,8816,5628,10625,2208,14045,6616,10253,7900,12854,8263,5665,12444,10663,13641,22429,15932,2246,150,15034,1,27:45
2024-25,1627732,Ben Simmons,Ben,1610612746,LAC,LA Clippers,0022401036,2025-03-23T00:00:00,LAC vs. OKC,L,14.716666666666667,9.8,12.2,0.8,0.0,0.0,0.0,0.0,0.0,0.0,4.9,12.2,17.1,0.0,7.3,0.0,0.0,0.0,4.9,0.0,19.6,-2.4,32.8,0,0,36.7,1,13222,1,13222,19758,3493,13213,1688,15070,20945,15070,13505,14344,13505,2467,1260,1096,19908,765,12854,8263,8846,4855,17725,8286,14285,12741,2246,150,8920,1,14:43
2024-25,1628389,Bam Adebayo,Bam,1610612748,MIA,Miami Heat,0022401032,2025-03-23T00:00:00,MIA vs. CHA,W,31.878333333333334,4.5,11.3,0.4,1.1,3.4,0.333,2.3,2.3,1.0,3.4,1.1,4.5,2.3,2.3,2.3,0.0,1.1,3.4,2.3,12.4,1.1,25.7,0,0,24.8,1,1,13086,1,6084,15725,14842,14933,13773,16890,9209,9759,11910,1,4566,21686,16012,15402,9268,5190,8263,6802,9128,11904,15686,12065,17783,2246,150,17800,1,31:53
2024-25,1626167,Myles Turner,Myles,1610612754,IND,Indiana Pacers,0022401024,2025-03-22T00:00:00,IND vs. BKN,W,31.965,9.0,15.8,0.571,5.6,11.3,0.5,1.1,2.3,0.5,1.1,7.9,9.0,0.0,1.1,1.1,3.4,0.0,4.5,2.3,24.8,2.3,48.0,0,0,48.4,1,1,13086,1,6012,4687,7447,6538,1638,2285,3944,12836,11927,10625,12284,4882,6714,19908,14968,10809,1327,8846,5765,11927,4324,11485,3991,2246,150,3010,1,31:58
2024-25,1628398,Kyle Kuzma,Kyle,1610612749,MIL,Milwaukee Bucks,0022401027,2025-03-22T00:00:00,MIL @ SAC,W,33.3,5.4,10.8,0.5,1.1,3.2,0.333,3.2,4.3,0.75,2.2,13.0,15.1,2.2,2.2,0.0,0.0,0.0,1.1,3.2,15.1,4.3,34.4,1,0,33.5,1,1,13086,1,4899,13261,15678,8526,14064,17188,9209,7221,7160,8186,7714,1024,1711,15756,9676,12854,8263,8846,19208,8426,12776,10463,11530,1,150,11232,1,33:18
2024-25,1642258,Zaccharie Risacher,Zaccharie,1610612737,ATL,Atlanta Hawks,0022401025,2025-03-22T00:00:00,ATL vs. GSW,W,29.266666666666666,6.2,12.3,0.5,2.5,6.2,0.4,2.5,3.7,0.667,0.0,2.5,2.5,0.0,0.0,1.2,0.0,1.2,2.5,2.5,17.2,1.2,23.9,0,0,24.6,1,1,13086,1,8428,11090,13076,8526,8279,10316,7874,9169,8497,9425,14058,18300,20879,19908,16469,9941,8263,6053,12948,11125,10606,11988,19051,2246,150,17946,1,29:16
2024-25,201942,DeMar DeRozan,DeMar,1610612758,SAC,Sacramento Kings,0022401027,2025-03-22T00:00:00,SAC vs. MIL,L,38.05,7.6,17.0,0.444,0.0,3.8,0.0,5.7,6.6,0.857,0.0,1.9,1.9,3.8,0.0,0.9,0.0,0.0,0.9,3.8,20.8,-9.5,31.6,0,0,28.4,1,13222,1,13222,1355,7605,5767,13045,15070,16032,15070,3210,3740,7071,14058,19999,22015,10549,16469,12387,8263,8846,19988,6895,7224,17650,13611,2246,150,15157,1,38:03
2024-25,1631165,Keon Ellis,Keon,1610612758,SAC,Sacramento Kings,0022401027,2025-03-22T00:00:00,SAC vs. MIL,L,36.65,5.9,9.8,0.6,2.9,4.9,0.6,4.9,4.9,1.0,2.9,5.9,8.8,5.9,2.9,0.0,0.0,0.0,3.9,3.9,19.6,-5.9,36.1,0,0,37.3,1,13222,1,13222,2246,11817,17362,5394,6689,13412,2992,4173,6091,1,5458,8556,6958,5674,6645,12854,8263,8846,7351,6492,8211,16016,10270,2246,150,8487,1,36:39
2024-25,1628969,Mikal Bridges,Mikal,1610612752,NYK,New York Knicks,0022401026,2025-03-22T00:00:00,NYK vs. WAS,W,37.56666666666667,9.6,19.2,0.5,3.8,7.7,0.5,2.9,2.9,1.0,2.9,2.9,5.7,3.8,4.8,2.9,1.0,0.0,0.0,1.9,25.9,24.0,45.2,0,0,47.0,1,1,13086,1,1648,3752,3615,8526,4351,7051,3944,8158,10297,1,5655,17169,12907,10410,2595,3475,7762,8846,20257,13448,3739,3036,5074,2246,150,3498,1,37:34
2024-25,1642269,Devin Carter,Devin,1610612758,SAC,Sacramento Kings,0022401027,2025-03-22T00:00:00,SAC vs. MIL,L,10.033333333333333,0.0,7.2,0.0,0.0,7.2,0.0,3.6,7.2,0.5,3.6,7.2,10.8,0.0,0.0,7.2,0.0,0.0,0.0,3.6,3.6,-10.8,38.0,0,0,28.7,1,13222,1,13222,22095,22635,21347,22635,15070,8087,15070,6509,3188,10625,4229,6042,4633,19908,16469,273,8263,8846,20257,7426,22745,18216,9008,2246,150,14926,1,10:02
2024-25,1630173,Precious Achiuwa,Precious,1610612752,NYK,New York Knicks,0022401026,2025-03-22T00:00:00,NYK vs. WAS,W,11.88,6.1,9.1,0.667,0.0,0.0,0.0,0.0,0.0,0.0,9.1,6.1,15.2,6.1,3.0,0.0,0.0,3.0,0.0,3.0,12.1,33.3,36.4,0,0,33.3,1,1,13086,1,21349,11338,18575,3281,15070,20945,15070,13505,14344,13505,533,8198,1700,5379,6354,12854,8263,1301,20257,9124,16012,1591,10106,2246,150,11371,1,11:53
2024-25,1630559,Austin Reaves,Austin,1610612747,LAL,Los Angeles Lakers,0022401028,2025-03-22T00:00:00,LAL vs. CHI,L,33.93333333333333,9.5,13.8,0.692,3.2,7.4,0.429,4.2,4.2,1.0,1.1,1.1,2.1,5.3,2.1,0.0,0.0,0.0,0.0,3.2,26.5,-22.3,34.9,0,0,37.1,1,13222,1,13222,4325,3820,10507,3171,6000,7550,7394,5269,7328,1,12788,21850,21572,6806,9893,12854,8263,8846,20257,8618,3418,22156,11125,2246,150,8631,1,33:56
2024-25,203897,Zach LaVine,Zach,1610612758,SAC,Sacramento Kings,0022401027,2025-03-22T00:00:00,SAC vs. MIL,L,37.583333333333336,6.7,16.3,0.412,1.0,4.8,0.2,1.0,2.9,0.333,1.0,5.7,6.7,4.8,3.8,0.0,0.0,1.0,1.0,3.8,15.3,2.9,26.7,0,0,27.8,1,13222,1,13222,1639,9669,6713,14791,14759,13731,13429,13354,10302,13132,13588,8929,10724,7944,4231,12854,8263,8281,19919,6765,12593,11184,17135,2246,150,15596,1,37:35
2024-25,1630168,Onyeka Okongwu,Onyeka,1610612737,ATL,Atlanta Hawks,0022401025,2025-03-22T00:00:00,ATL vs. GSW,W,33.983333333333334,10.6,16.9,0.625,2.1,3.2,0.667,0.0,0.0,0.0,3.2,9.5,12.7,6.4,2.1,0.0,2.1,1.1,3.2,0.0,23.3,1.1,52.3,1,0,48.7,1,1,13086,1,4278,2633,5858,4899,9600,17313,1957,13505,14344,13505,4987,2973,2990,4922,9914,12854,3152,7405,9961,17725,5284,12111,2634,1,150,2911,1,33:59
2024-25,1642278,Tyler Kolek,Tyler,1610612752,NYK,New York Knicks,0022401026,2025-03-22T00:00:00,NYK vs. WAS,W,18.4,2.0,7.8,0.25,0.0,2.0,0.0,3.9,5.9,0.667,2.0,0.0,2.0,15.7,0.0,5.9,0.0,0.0,3.9,3.9,7.8,9.8,51.3,0,0,37.2,1,1,13086,1,17275,21481,20500,20233,15070,19633,15070,5853,4656,9425,8588,22137,21894,239,16469,508,8263,8846,7395,6528,20062,7799,2907,2246,150,8600,1,18:24
2024-25,1627747,Caris LeVert,Caris,1610612737,ATL,Atlanta Hawks,0022401025,2025-03-22T00:00:00,ATL vs. GSW,W,24.483333333333334,8.8,16.2,0.545,1.5,7.4,0.2,1.5,4.4,0.333,0.0,2.9,2.9,8.8,1.5,0.0,0.0,0.0,5.9,4.4,20.6,11.8,35.9,0,0,33.8,1,1,13086,1,12492,5023,6873,7695,12159,7719,13429,11847,7013,13132,14058,16930,19884,2159,12898,12854,8263,8846,3098,5316,7410,6904,10450,2246,150,10986,1,24:29
2024-25,1641774,Tristan Vukcevic,Tristan,1610612764,WAS,Washington Wizards,0022401026,2025-03-22T00:00:00,WAS @ NYK,L,3.75,9.6,9.6,1.0,0.0,0.0,0.0,19.2,19.2,1.0,0.0,0.0,0.0,9.6,0.0,0.0,0.0,0.0,0.0,9.6,38.4,-19.2,52.8,0,0,48.0,1,13222,1,13222,24601,3722,17768,1,15070,20945,15070,84,154,1,14058,22137,23286,1640,16469,12854,8263,8846,20257,495,567,21305,2507,2246,150,3132,1,3:45
2024-25,1628989,Kevin Huerter,Kevin,1610612741,CHI,Chicago Bulls,0022401028,2025-03-22T00:00:00,CHI @ LAL,W,33.55,6.4,12.9,0.5,0.0,4.3,0.0,2.1,2.1,1.0,1.1,2.1,3.2,2.1,0.0,1.1,1.1,0.0,2.1,1.1,15.0,17.2,28.5,0,0,24.7,1,1,13086,1,4683,10337,12079,8526,15070,14934,15070,10145,12271,1,12697,19223,19175,15836,16469,11249,6962,8846,14377,17044,12880,4849,15846,2246,150,17904,1,33:33
2024-25,201572,Brook Lopez,Brook,1610612749,MIL,Milwaukee Bucks,0022401027,2025-03-22T00:00:00,MIL @ SAC,W,35.71666666666667,8.1,15.1,0.533,3.0,6.0,0.5,2.0,3.0,0.667,2.0,1.0,3.0,2.0,1.0,1.0,1.0,0.0,2.0,2.0,21.2,5.0,32.9,0,0,33.3,1,1,13086,1,2887,6497,8392,8140,6423,10579,3944,10589,9917,9425,8315,21955,19653,16317,15792,11881,7432,8846,15055,13005,6947,10087,12683,2246,150,11440,1,35:43
2024-25,1629011,Mitchell Robinson,Mitchell,1610612752,NYK,New York Knicks,0022401026,2025-03-22T00:00:00,NYK vs. WAS,W,17.366666666666667,4.1,6.2,0.667,0.0,0.0,0.0,0.0,0.0,0.0,6.2,4.1,10.4,2.1,2.1,0.0,2.1,0.0,2.1,2.1,8.3,-16.6,28.0,0,0,24.9,1,1,13086,1,18025,16733,22402,3281,15070,20945,15070,13505,14344,13505,1517,13286,5041,16103,10144,12854,3275,8846,14737,12747,19663,20473,16237,2246,150,17775,1,17:22
2024-25,1630249,Vít Krejčí,Vít,1610612737,ATL,Atlanta Hawks,0022401025,2025-03-22T00:00:00,ATL vs. GSW,W,12.633333333333333,2.8,5.7,0.5,0.0,2.8,0.0,2.8,5.7,0.5,0.0,2.8,2.8,17.1,2.8,0.0,0.0,0.0,8.5,2.8,8.5,-14.2,34.8,0,0,28.5,1,1,13086,1,20927,19771,22902,8526,15070,17959,15070,8213,4886,10625,14058,17239,20115,163,7028,12854,8263,8846,1116,9777,19465,19599,11229,2246,150,15069,1,12:38
2024-25,1627783,Pascal Siakam,Pascal,1610612754,IND,Indiana Pacers,0022401024,2025-03-22T00:00:00,IND vs. BKN,W,33.946666666666665,10.6,21.2,0.5,1.1,5.3,0.2,5.3,7.4,0.714,0.0,3.2,3.2,6.4,2.1,0.0,0.0,0.0,3.2,5.3,27.6,12.7,38.8,0,0,38.2,1,1,13086,1,4317,2619,2204,8526,14195,12458,13429,3651,2976,9244,14058,16153,19285,4909,9902,12854,8263,8846,9940,3626,2947,6507,8528,2246,150,7916,1,33:57
2024-25,1629645,Kevin Porter Jr.,Kevin,1610612749,MIL,Milwaukee Bucks,0022401027,2025-03-22T00:00:00,MIL @ SAC,W,27.366666666666667,10.5,13.2,0.8,2.6,2.6,1.0,0.0,0.0,0.0,0.0,3.9,3.9,7.9,2.6,0.0,0.0,0.0,3.9,0.0,23.7,19.7,37.6,0,0,38.1,1,1,13086,1,10046,2692,11569,1688,7737,18393,1,13505,14344,13505,14058,13884,17450,3006,7763,12854,8263,8846,7289,17725,4995,4030,9272,2246,150,7930,1,27:22
2024-25,1629611,Terance Mann,Terance,1610612737,ATL,Atlanta Hawks,0022401025,2025-03-22T00:00:00,ATL vs. GSW,W,18.733333333333334,3.8,5.8,0.667,1.9,3.8,0.5,0.0,0.0,0.0,1.9,3.8,5.8,0.0,3.8,0.0,0.0,0.0,7.7,0.0,9.6,15.4,12.7,0,0,17.3,1,1,13086,1,17015,17468,22851,3281,10544,15911,3944,13505,14344,13505,8735,14195,12856,19908,4200,12854,8263,8846,1513,17725,18539,5476,23847,2246,150,22177,1,18:44
2024-25,202710,Jimmy Butler III,Jimmy,1610612744,GSW,Golden State Warriors,0022401025,2025-03-22T00:00:00,GSW @ ATL,L,37.516666666666666,6.7,14.4,0.467,1.0,6.7,0.143,9.6,13.4,0.714,0.0,3.8,3.8,7.7,1.0,1.0,0.0,1.0,1.0,7.7,24.0,10.6,42.0,0,0,38.4,1,13222,1,13222,1673,9646,9545,12249,14752,9079,14649,809,538,9244,14058,14210,17735,3205,16092,12281,8263,8265,19910,1215,4809,7445,6597,2246,150,7779,1,37:31
2024-25,1631207,Dalen Terry,Dalen,1610612741,CHI,Chicago Bulls,0022401028,2025-03-22T00:00:00,CHI @ LAL,W,24.483333333333334,8.8,17.6,0.5,1.5,5.9,0.25,0.0,0.0,0.0,1.5,4.4,5.9,5.9,0.0,2.9,0.0,0.0,2.9,2.9,19.1,11.8,43.8,0,0,38.2,1,1,13086,1,12492,5023,5081,8526,12159,10991,11902,13505,14344,13505,10434,12497,12563,5703,16469,3295,8263,8846,10976,9459,8745,6904,5760,2246,150,7877,1,24:29
2024-25,1629661,Cameron Johnson,Cameron,1610612751,BKN,Brooklyn Nets,0022401024,2025-03-22T00:00:00,BKN @ IND,L,36.95,7.8,16.6,0.471,2.9,6.8,0.429,1.0,1.0,1.0,1.0,7.8,8.8,4.9,1.9,1.0,0.0,1.0,1.9,3.9,19.5,-4.9,38.3,0,0,38.0,1,13222,1,13222,2019,7078,6353,12143,6787,8856,7394,13318,14257,1,13466,5018,7075,7753,10796,12177,8263,8151,15418,6570,8388,15511,8838,2246,150,8034,1,36:57
2024-25,1629637,Jaxson Hayes,Jaxson,1610612747,LAL,Los Angeles Lakers,0022401028,2025-03-22T00:00:00,LAL vs. CHI,L,25.383333333333333,7.1,8.5,0.833,0.0,0.0,0.0,0.0,1.4,0.0,0.0,5.7,5.7,2.8,0.0,1.4,0.0,0.0,2.8,2.8,14.2,-24.1,29.5,0,0,25.5,1,13222,1,13222,11666,8719,19475,1514,15070,20945,15070,13505,13573,13505,14058,9114,13101,13482,16469,8811,8263,8846,11476,9833,13743,22604,15149,2246,150,17262,1,25:23
2024-25,1641764,Brandin Podziemski,Brandin,1610612744,GSW,Golden State Warriors,0022401025,2025-03-22T00:00:00,GSW @ ATL,L,36.17166666666667,6.0,13.9,0.429,5.0,8.0,0.625,2.0,2.0,1.0,1.0,7.0,8.0,4.0,2.0,1.0,0.0,0.0,2.0,3.0,18.9,-8.0,35.4,0,0,37.8,1,13222,1,13222,2553,11603,10284,13735,2312,6517,2868,10689,12758,1,13298,6425,8343,9985,10568,12005,8263,8846,15205,9313,8942,16958,10783,2246,150,8156,1,36:10
2024-25,1630700,Dyson Daniels,Dyson,1610612737,ATL,Atlanta Hawks,0022401025,2025-03-22T00:00:00,ATL vs. GSW,W,35.016666666666666,5.1,9.3,0.556,2.1,5.1,0.4,0.0,0.0,0.0,2.1,9.3,11.3,6.2,2.1,3.1,0.0,0.0,1.0,1.0,12.3,4.1,42.4,1,0,38.0,1,1,13086,1,3448,13979,18332,7248,9893,12850,7874,13505,14344,13505,8137,3253,4123,5219,10235,2966,8263,8846,19539,17281,15778,10588,6452,1,150,8003,1,35:01
2024-25,1629651,Nic Claxton,Nic,1610612751,BKN,Brooklyn Nets,0022401024,2025-03-22T00:00:00,BKN @ IND,L,31.716666666666665,4.5,10.2,0.444,0.0,0.0,0.0,1.1,2.3,0.5,5.7,5.7,11.4,4.5,3.4,0.0,0.0,2.3,3.4,2.3,10.2,-6.8,27.2,0,0,26.1,1,13222,1,13222,6220,15652,16705,13045,15070,20945,15070,12800,11875,10625,1831,9104,4091,8555,5219,12854,8263,2505,9064,11861,17938,16424,16795,2246,150,16864,1,31:43
2024-25,1641730,Noah Clowney,Noah,1610612751,BKN,Brooklyn Nets,0022401024,2025-03-22T00:00:00,BKN @ IND,L,25.5,2.8,14.1,0.2,1.4,8.5,0.167,0.0,0.0,0.0,1.4,5.6,7.1,1.4,2.8,0.0,0.0,1.4,4.2,4.2,7.1,1.4,14.8,0,0,16.9,1,13222,1,13222,11588,19830,9976,21401,12396,5630,14236,13505,14344,13505,10691,9174,10046,18304,7130,12854,8263,5131,6458,5750,20677,11911,23230,2246,150,22331,1,25:30
2024-25,202693,Markieff Morris,Markieff,1610612747,LAL,Los Angeles Lakers,0022401028,2025-03-22T00:00:00,LAL vs. CHI,L,6.7,5.4,10.7,0.5,0.0,0.0,0.0,0.0,0.0,0.0,0.0,0.0,0.0,5.4,0.0,0.0,0.0,0.0,0.0,0.0,10.7,-43.0,18.8,0,0,16.1,1,13222,1,13222,23282,13333,15790,8526,15070,20945,15070,13505,14344,13505,14058,22137,23286,6678,16469,12854,8263,8846,20257,17725,17425,25048,21757,2246,150,22663,1,6:42
2024-25,1642355,Bronny James,Bronny,1610612747,LAL,Los Angeles Lakers,0022401028,2025-03-22T00:00:00,LAL vs. CHI,L,6.7,0.0,21.5,0.0,0.0,10.7,0.0,10.7,10.7,1.0,0.0,0.0,0.0,5.4,0.0,0.0,0.0,5.4,5.4,5.4,10.7,-43.0,18.8,0,0,16.1,1,13222,1,13222,23282,22635,2033,22635,15070,2725,15070,526,1100,1,14058,22137,23286,6678,16469,12854,8263,298,3881,3517,17425,25048,21757,2246,150,22663,1,6:42
2024-25,1627827,Dorian Finney-Smith,Dorian,1610612747,LAL,Los Angeles Lakers,0022401028,2025-03-22T00:00:00,LAL vs. CHI,L,20.516666666666666,1.8,7.0,0.25,0.0,5.3,0.0,0.0,0.0,0.0,0.0,3.5,3.5,1.8,3.5,1.8,1.8,0.0,8.8,0.0,3.5,-33.3,17.4,0,0,15.8,1,13222,1,13222,15630,21823,21537,20233,15070,12558,15070,13505,14344,13505,14058,15210,18529,17215,4991,7421,4158,8846,1039,17725,22771,24210,22346,2246,150,22790,1,20:31
2024-25,1641716,Jarace Walker,Jarace,1610612754,IND,Indiana Pacers,0022401024,2025-03-22T00:00:00,IND vs. BKN,W,6.783333333333333,0.0,5.3,0.0,0.0,5.3,0.0,0.0,0.0,0.0,0.0,10.6,10.6,5.3,5.3,0.0,0.0,0.0,21.2,5.3,0.0,5.3,15.4,0,0,15.9,1,1,13086,1,23250,22635,23255,22635,15070,12445,15070,13505,14344,13505,14058,2142,4798,6801,1995,12854,8263,8846,105,3615,23200,9945,23058,2246,150,22739,1,6:47
2024-25,1642273,Kyshawn George,Kyshawn,1610612764,WAS,Washington Wizards,0022401026,2025-03-22T00:00:00,WAS @ NYK,L,28.2,6.4,16.6,0.385,1.3,5.1,0.25,5.1,7.7,0.667,3.8,8.9,12.8,5.1,5.1,3.8,0.0,2.6,5.1,5.1,19.1,-30.6,48.5,1,0,46.0,1,13222,1,13222,9378,10486,6310,16070,12953,12929,11902,3874,2772,9425,3837,3580,2962,7229,2217,1815,8263,1945,4361,3910,8694,23839,3807,1,150,3825,1,28:12
2024-25,1630167,Obi Toppin,Obi,1610612754,IND,Indiana Pacers,0022401024,2025-03-22T00:00:00,IND vs. BKN,W,17.733333333333334,8.1,18.3,0.444,2.0,8.1,0.25,2.0,2.0,1.0,2.0,8.1,10.2,0.0,2.0,0.0,0.0,0.0,0.0,2.0,20.3,-16.2,30.5,0,0,32.5,1,1,13086,1,17752,6363,4391,13045,10011,6239,11902,10530,12634,1,8256,4530,5275,19908,10366,12854,8263,8846,20257,12928,7659,20334,14456,2246,150,12002,1,17:44
2024-25,1631157,Ryan Rollins,Ryan,1610612749,MIL,Milwaukee Bucks,0022401027,2025-03-22T00:00:00,MIL @ SAC,W,20.633333333333333,0.0,7.0,0.0,0.0,7.0,0.0,0.0,0.0,0.0,1.7,1.7,3.5,7.0,0.0,0.0,0.0,0.0,3.5,0.0,0.0,-15.7,14.7,0,0,10.5,1,1,13086,1,15533,22635,21585,22635,15070,8501,15070,13505,14344,13505,9434,20363,18576,4024,16469,12854,8263,8846,8779,17725,23200,20155,23295,2246,150,24339,1,20:38
2024-25,202685,Jonas Valančiūnas,Jonas,1610612758,SAC,Sacramento Kings,0022401027,2025-03-22T00:00:00,SAC vs. MIL,L,27.2,10.6,14.6,0.727,0.0,2.6,0.0,2.6,2.6,1.0,1.3,7.9,9.3,1.3,1.3,0.0,0.0,0.0,5.3,1.3,23.8,5.3,35.6,0,0,34.4,1,13222,1,13222,10190,2634,9269,2666,15070,18354,15070,8696,10866,1,11077,4791,6363,18578,13694,12854,8263,8846,4028,15792,4918,9957,10659,2246,150,10517,1,27:12
2024-25,1630228,Jonathan Kuminga,Jonathan,1610612744,GSW,Golden State Warriors,0022401025,2025-03-22T00:00:00,GSW @ ATL,L,21.733333333333334,9.9,23.2,0.429,1.7,6.6,0.25,5.0,5.0,1.0,0.0,3.3,3.3,3.3,1.7,0.0,0.0,1.7,0.0,3.3,26.5,-29.8,33.8,0,0,34.8,1,13222,1,13222,14727,3281,1322,13735,11518,9261,11902,4089,5992,1,14058,15752,18961,11932,12107,12854,8263,4264,20257,8213,3429,23704,11981,2246,150,10242,1,21:44
2024-25,1630551,Justin Champagnie,Justin,1610612764,WAS,Washington Wizards,0022401026,2025-03-22T00:00:00,WAS @ NYK,L,21.69,5.0,10.0,0.5,1.7,3.3,0.5,0.0,0.0,0.0,0.0,3.3,3.3,0.0,1.7,1.7,0.0,0.0,6.6,0.0,11.6,-44.8,18.9,0,0,19.9,1,13222,1,13222,14764,14457,17131,8526,11508,17027,3944,13505,14344,13505,14058,15738,18947,19908,12095,7770,8263,8846,2282,17725,16556,25175,21685,2246,150,20904,1,21:41
2024-25,1627780,Gary Payton II,Gary,1610612744,GSW,Golden State Warriors,0022401025,2025-03-22T00:00:00,GSW @ ATL,L,16.788333333333334,10.7,15.0,0.714,2.1,2.1,1.0,0.0,0.0,0.0,0.0,8.6,8.6,0.0,0.0,0.0,0.0,0.0,2.1,0.0,23.6,12.9,33.9,0,0,34.3,1,13222,1,13222,18396,2489,8595,2752,9489,19282,1,13505,14344,13505,14058,3965,7353,19908,16469,12854,8263,8846,14391,17725,5068,6451,11906,2246,150,10604,1,16:47
2024-25,1630553,Keon Johnson,Keon,1610612751,BKN,Brooklyn Nets,0022401024,2025-03-22T00:00:00,BKN @ IND,L,32.666666666666664,7.7,15.4,0.5,3.3,8.8,0.375,0.0,2.2,0.0,0.0,4.4,4.4,1.1,4.4,3.3,0.0,1.1,3.3,2.2,18.7,5.5,31.2,0,0,34.2,1,13222,1,13222,5424,7239,7915,8526,5638,5072,8800,13505,12076,13505,14058,12502,16262,19344,3127,2552,8263,7029,9435,12147,9100,9837,13906,2246,150,10729,1,32:40
2024-25,1631243,Mouhamed Gueye,Mouhamed,1610612737,ATL,Atlanta Hawks,0022401025,2025-03-22T00:00:00,ATL vs. GSW,W,14.616666666666667,2.5,12.3,0.2,0.0,4.9,0.0,0.0,0.0,0.0,2.5,7.4,9.9,0.0,0.0,0.0,2.5,2.5,7.4,0.0,4.9,24.6,24.1,0,0,19.7,1,1,13086,1,19811,20530,13051,21401,15070,13376,15070,13505,14344,13505,6740,5704,5599,19908,16469,12854,2442,2101,1717,17725,22049,2890,18847,2246,150,21033,1,14:37
2024-25,1629216,Gabe Vincent,Gabe,1610612747,LAL,Los Angeles Lakers,0022401028,2025-03-22T00:00:00,LAL vs. CHI,L,19.366666666666667,3.7,7.4,0.5,3.7,7.4,0.5,0.0,0.0,0.0,1.9,3.7,5.6,0.0,1.9,0.0,0.0,0.0,0.0,0.0,11.2,-9.3,16.0,0,0,20.4,1,13222,1,13222,16522,17784,21020,8526,4654,7525,3944,13505,14344,13505,8994,14576,13338,19908,11279,12854,8263,8846,20257,17725,17033,17578,22865,2246,150,20611,1,19:22
2024-25,1642267,Bub Carrington,Bub,1610612764,WAS,Washington Wizards,0022401026,2025-03-22T00:00:00,WAS @ NYK,L,35.483333333333334,2.0,9.1,0.222,0.0,4.1,0.0,0.0,0.0,0.0,0.0,2.0,2.0,2.0,0.0,0.0,1.0,0.0,3.0,2.0,4.1,-29.4,12.6,0,0,10.1,1,13222,1,13222,3087,21351,18511,21205,15070,15458,15070,13505,14344,13505,14058,19565,21747,16271,16469,12854,7386,8846,10521,12941,22527,23648,23876,2246,150,24395,1,35:29
2024-25,1626192,Pat Connaughton,Pat,1610612749,MIL,Milwaukee Bucks,0022401027,2025-03-22T00:00:00,MIL @ SAC,W,1.85,0.0,0.0,0.0,0.0,0.0,0.0,0.0,0.0,0.0,0.0,0.0,0.0,0.0,0.0,0.0,0.0,0.0,0.0,0.0,0.0,-38.9,0.0,0,0,0.0,1,1,13086,1,25566,22635,24836,22635,15070,20945,15070,13505,14344,13505,14058,22137,23286,19908,16469,12854,8263,8846,20257,17725,23200,24767,25228,2246,150,25259,1,1:51
2024-25,1630611,Gui Santos,Gui,1610612744,GSW,Golden State Warriors,0022401025,2025-03-22T00:00:00,GSW @ ATL,L,4.45,0.0,8.1,0.0,0.0,8.1,0.0,0.0,0.0,0.0,0.0,0.0,0.0,0.0,0.0,0.0,0.0,0.0,8.1,8.1,0.0,-105.2,0.0,0,0,0.0,1,13222,1,13222,24257,22635,20103,22635,15070,6307,15070,13505,14344,13505,14058,22137,23286,19908,16469,12854,8263,8846,1323,972,23200,26172,25228,2246,150,25259,1,4:27
2024-25,1629060,Rui Hachimura,Rui,1610612747,LAL,Los Angeles Lakers,0022401028,2025-03-22T00:00:00,LAL vs. CHI,L,17.916666666666668,4.0,12.1,0.333,2.0,8.0,0.25,0.0,0.0,0.0,0.0,4.0,4.0,0.0,0.0,2.0,0.0,0.0,0.0,0.0,10.0,-8.0,20.9,0,0,20.1,1,13222,1,13222,17625,17047,13498,17395,10124,6388,11902,13505,14344,13505,14058,13666,17275,19908,16469,6210,8263,8846,20257,17725,18111,16988,20744,2246,150,20804,1,17:55
2024-25,1631260,AJ Green,AJ,1610612749,MIL,Milwaukee Bucks,0022401027,2025-03-22T00:00:00,MIL @ SAC,W,25.6,1.4,7.0,0.2,1.4,5.6,0.25,0.0,0.0,0.0,0.0,2.8,2.8,4.2,1.4,0.0,0.0,0.0,2.8,1.4,4.2,15.5,12.5,0,0,12.7,1,1,13086,1,11489,22288,21524,21401,12427,11644,11902,13505,14344,13505,14058,17359,20217,9339,13245,12854,8263,8846,11586,15424,22454,5445,23896,2246,150,23822,1,25:36
2024-25,1628380,Zach Collins,Zach,1610612741,CHI,Chicago Bulls,0022401028,2025-03-22T00:00:00,CHI @ LAL,W,17.95,8.0,8.0,1.0,0.0,0.0,0.0,2.0,4.0,0.5,0.0,6.0,6.0,8.0,2.0,2.0,2.0,0.0,2.0,6.0,18.1,20.1,47.3,0,0,40.1,1,1,13086,1,17593,6587,20225,1,15070,20945,15070,10627,7820,10625,14058,8287,12233,2866,10494,6228,3473,8846,15113,2599,9792,3932,4195,2246,150,6716,1,17:57
2024-25,1629659,Talen Horton-Tucker,Talen,1610612741,CHI,Chicago Bulls,0022401028,2025-03-22T00:00:00,CHI @ LAL,W,3.2,0.0,11.3,0.0,0.0,0.0,0.0,0.0,0.0,0.0,0.0,0.0,0.0,0.0,0.0,0.0,0.0,0.0,0.0,0.0,0.0,45.0,0.0,0,0,0.0,1,1,13086,1,24893,22635,14928,22635,15070,20945,15070,13505,14344,13505,14058,22137,23286,19908,16469,12854,8263,8846,20257,17725,23200,705,25228,2246,150,25259,1,3:12
2024-25,1630592,Jalen Wilson,Jalen,1610612751,BKN,Brooklyn Nets,0022401024,2025-03-22T00:00:00,BKN @ IND,L,22.955,7.8,18.8,0.417,4.7,14.1,0.333,0.0,0.0,0.0,0.0,9.4,9.4,0.0,0.0,0.0,0.0,0.0,3.1,3.1,20.4,-11.0,31.7,0,0,34.5,1,13222,1,13222,13751,6982,3911,14532,2726,897,9209,13505,14344,13505,14058,3103,6171,19908,16469,12854,8263,8846,10149,8772,7589,18312,13563,2246,150,10448,1,22:57
2024-25,1641721,Maxwell Lewis,Maxwell,1610612751,BKN,Brooklyn Nets,0022401024,2025-03-22T00:00:00,BKN @ IND,L,15.15,0.0,9.5,0.0,0.0,4.8,0.0,4.8,4.8,1.0,2.4,2.4,4.8,2.4,0.0,2.4,2.4,0.0,2.4,4.8,4.8,-7.1,28.3,0,0,21.4,1,13222,1,13222,19468,22635,17940,22635,15070,13827,15070,4427,6392,1,6997,18557,15435,14959,16469,4775,2599,8846,13322,4608,22155,16565,16015,2246,150,20032,1,15:09
2024-25,1630172,Patrick Williams,Patrick,1610612741,CHI,Chicago Bulls,0022401028,2025-03-22T00:00:00,CHI @ LAL,W,22.533333333333335,8.0,12.8,0.625,6.4,11.2,0.571,0.0,0.0,0.0,1.6,3.2,4.8,4.8,0.0,0.0,1.6,0.0,3.2,0.0,22.4,25.6,40.1,0,0,41.5,1,1,13086,1,14083,6658,12246,4899,1066,2353,3506,13505,14344,13505,9931,16103,15318,7937,16469,12854,4560,8846,9889,17725,5953,2704,7695,2246,150,5896,1,22:32
2024-25,1629003,Shake Milton,Shake,1610612747,LAL,Los Angeles Lakers,0022401028,2025-03-22T00:00:00,LAL vs. CHI,L,6.7,5.4,16.1,0.333,0.0,5.4,0.0,0.0,0.0,0.0,0.0,5.4,5.4,5.4,0.0,0.0,0.0,0.0,0.0,0.0,10.7,-43.0,25.3,0,0,21.5,1,13222,1,13222,23282,13333,6946,17395,15070,12269,15070,13505,14344,13505,14058,9845,13870,6678,16469,12854,8263,8846,20257,17725,17425,25048,18107,2246,150,19967,1,6:42
2024-25,1628384,OG Anunoby,OG,1610612752,NYK,New York Knicks,0022401026,2025-03-22T00:00:00,NYK vs. WAS,W,30.9,9.3,14.0,0.667,4.7,5.8,0.8,3.5,4.7,0.75,0.0,2.3,2.3,3.5,0.0,2.3,0.0,1.2,3.5,2.3,26.8,14.0,41.8,0,0,41.9,1,1,13086,1,6960,4171,10200,3281,2795,11143,1389,6713,6559,8186,14058,18679,21137,11400,16469,4935,8263,6517,8761,11630,3299,6021,6716,2246,150,5679,1,30:54
2024-25,1642366,Quinten Post,Quinten,1610612744,GSW,Golden State Warriors,0022401025,2025-03-22T00:00:00,GSW @ ATL,L,27.511666666666667,5.2,7.9,0.667,3.9,5.2,0.75,0.0,0.0,0.0,0.0,5.2,5.2,1.3,0.0,0.0,1.3,0.0,2.6,0.0,14.4,-2.6,26.6,0,0,27.5,1,13222,1,13222,9940,13718,20476,3281,4151,12631,1542,13505,14344,13505,14058,10205,14206,18630,16469,12854,5613,8846,12369,17725,13511,14367,17244,2246,150,15804,1,27:31
2024-25,1626166,Cameron Payne,Cameron,1610612752,NYK,New York Knicks,0022401026,2025-03-22T00:00:00,NYK vs. WAS,W,29.6,4.9,14.6,0.333,3.6,9.7,0.375,2.4,2.4,1.0,1.2,3.6,4.9,8.5,1.2,1.2,0.0,1.2,1.2,3.6,15.8,17.0,36.9,0,0,35.3,1,1,13086,1,8140,14759,9207,17395,4804,3799,8800,9231,11378,1,11683,14791,15144,2409,14317,10041,8263,6148,18439,7264,12111,4897,9801,2246,150,9896,1,29:36
2024-25,203110,Draymond Green,Draymond,1610612744,GSW,Golden State Warriors,0022401025,2025-03-22T00:00:00,GSW @ ATL,L,35.2,2.0,7.2,0.286,1.0,4.1,0.25,0.0,0.0,0.0,0.0,6.1,6.1,6.1,3.1,3.1,1.0,0.0,5.1,1.0,5.1,-4.1,30.9,0,0,26.6,1,13222,1,13222,3316,21323,21372,19630,14406,15372,11902,13505,14344,13505,14058,8029,11963,5269,6235,3006,7328,8846,4354,17301,21951,15116,14136,2246,150,16473,1,35:12
2024-25,1631213,Tyrese Martin,Tyrese,1610612751,BKN,Brooklyn Nets,0022401024,2025-03-22T00:00:00,BKN @ IND,L,28.383333333333333,3.8,8.9,0.429,3.8,7.6,0.5,0.0,0.0,0.0,1.3,3.8,5.1,6.3,1.3,0.0,0.0,1.3,6.3,2.5,11.4,-8.9,25.7,0,0,26.6,1,13222,1,13222,9227,17549,18899,13735,4420,7153,3944,13505,14344,13505,11372,14305,14592,4954,13977,12854,8263,5820,2549,10848,16770,17371,17784,2246,150,16440,1,28:23
2024-25,1641824,Matas Buzelis,Matas,1610612741,CHI,Chicago Bulls,0022401028,2025-03-22T00:00:00,CHI @ LAL,W,29.85,14.5,21.7,0.667,6.0,12.1,0.5,2.4,2.4,1.0,1.2,1.2,2.4,1.2,2.4,1.2,0.0,0.0,6.0,1.2,37.4,31.4,43.3,0,0,49.4,1,1,13086,1,7920,586,1946,3281,1286,1748,3944,9300,11448,1,11755,21493,20984,18996,8604,10127,8263,8846,2902,16371,665,1792,5986,2246,150,2684,1,29:51
2024-25,1630699,MarJon Beauchamp,MarJon,1610612752,NYK,New York Knicks,0022401026,2025-03-22T00:00:00,NYK vs. WAS,W,2.6333333333333333,13.7,27.3,0.5,0.0,13.7,0.0,0.0,0.0,0.0,0.0,13.7,13.7,0.0,0.0,13.7,0.0,0.0,13.7,0.0,27.3,13.7,84.8,0,0,68.4,1,1,13086,1,25160,796,459,8526,15070,1027,15070,13505,14344,13505,14058,828,2391,19908,16469,55,8263,8846,296,17725,3038,6136,142,2246,150,364,1,2:38
2024-25,1627777,Georges Niang,Georges,1610612737,ATL,Atlanta Hawks,0022401025,2025-03-22T00:00:00,ATL vs. GSW,W,22.016666666666666,13.1,18.0,0.727,9.8,14.7,0.667,1.6,3.3,0.5,0.0,3.3,3.3,3.3,3.3,0.0,0.0,0.0,3.3,3.3,37.6,11.4,43.2,0,0,54.0,1,1,13086,1,14487,1000,4710,2666,222,761,1957,11532,9376,10625,14058,15881,19061,12076,5597,12854,8263,8846,9567,8344,640,7036,6051,2246,150,1633,1,22:01
2024-25,203507,Giannis Antetokounmpo,Giannis,1610612749,MIL,Milwaukee Bucks,0022401027,2025-03-22T00:00:00,MIL @ SAC,W,34.583333333333336,12.5,20.8,0.6,0.0,0.0,0.0,8.3,13.5,0.615,6.2,11.5,17.7,3.1,2.1,1.0,1.0,2.1,2.1,10.4,33.3,-6.2,63.4,1,0,58.3,1,1,13086,1,3799,1250,2446,5394,15070,20945,15070,1267,528,10337,1506,1665,968,12547,10088,11576,7187,2968,14691,347,1265,16188,847,1,150,988,1,34:35
2024-25,1629673,Jordan Poole,Jordan,1610612764,WAS,Washington Wizards,0022401026,2025-03-22T00:00:00,WAS @ NYK,L,27.683333333333334,11.7,22.1,0.529,3.9,11.7,0.333,5.2,5.2,1.0,0.0,3.9,3.9,3.9,6.5,0.0,0.0,0.0,5.2,5.2,32.5,-20.8,36.5,0,0,44.2,1,13222,1,13222,9805,1719,1773,8281,4192,1959,9209,3770,5605,1,14058,14020,17566,10223,1129,12854,8263,8846,4187,3772,1412,21783,9999,2246,150,4590,1,27:41
2024-25,1642261,Dalton Knecht,Dalton,1610612747,LAL,Los Angeles Lakers,0022401028,2025-03-22T00:00:00,LAL vs. CHI,L,6.7,10.7,21.5,0.5,10.7,16.1,0.667,0.0,0.0,0.0,0.0,5.4,5.4,5.4,0.0,5.4,0.0,5.4,5.4,0.0,32.2,-43.0,62.9,0,0,64.5,1,13222,1,13222,23282,2455,2033,8526,168,515,1957,13505,14344,13505,14058,9845,13870,6678,16469,695,8263,298,3881,17725,1469,25048,889,2246,150,499,1,6:42
2024-25,1629632,Coby White,Coby,1610612741,CHI,Chicago Bulls,0022401028,2025-03-22T00:00:00,CHI @ LAL,W,34.31666666666667,12.6,17.8,0.706,6.3,9.4,0.667,6.3,8.4,0.75,0.0,3.1,3.1,2.1,3.1,2.1,0.0,0.0,1.0,4.2,37.8,29.4,47.8,0,0,53.5,1,1,13086,1,3991,1207,4875,3027,1121,4198,1957,2601,2262,8186,14058,16276,19379,16008,5994,5797,8263,8846,19411,5856,626,2054,4037,2246,150,1710,1,34:19
2024-25,1631218,Trayce Jackson-Davis,Trayce,1610612744,GSW,Golden State Warriors,0022401025,2025-03-22T00:00:00,GSW @ ATL,L,4.566666666666666,7.9,23.6,0.333,0.0,0.0,0.0,7.9,15.8,0.5,15.8,7.9,23.6,7.9,0.0,0.0,7.9,7.9,0.0,7.9,23.6,-15.8,87.5,0,0,70.9,1,13222,1,13222,24188,6873,1168,17395,15070,20945,15070,1461,294,10625,114,4883,240,3011,16469,12854,145,112,20257,1077,5017,20180,113,2246,150,299,1,4:34
2024-25,1641732,Colby Jones,Colby,1610612764,WAS,Washington Wizards,0022401026,2025-03-22T00:00:00,WAS @ NYK,L,11.733333333333333,9.2,9.2,1.0,0.0,0.0,0.0,0.0,0.0,0.0,3.1,9.2,12.3,6.1,0.0,6.1,0.0,0.0,3.1,0.0,18.4,36.8,60.8,0,0,49.1,1,13222,1,13222,21403,4349,18400,1,15070,20945,15070,13505,14344,13505,5192,3305,3284,5267,16469,438,8263,8846,10397,17725,9408,1214,1103,2246,150,2798,1,11:44
2024-25,1626157,Karl-Anthony Towns,Karl-Anthony,1610612752,NYK,New York Knicks,0022401026,2025-03-22T00:00:00,NYK vs. WAS,W,36.67,9.8,19.6,0.5,1.0,4.9,0.2,9.8,12.8,0.769,0.0,10.8,10.8,1.0,2.9,2.0,1.0,1.0,2.0,9.8,30.4,19.6,50.8,1,0,49.1,1,1,13086,1,2227,3454,3249,8526,14645,13418,13429,750,621,8170,14058,2023,4603,19726,6659,6436,7602,8077,15341,451,1938,4061,3057,1,150,2811,1,36:40
2024-25,1629027,Trae Young,Trae,1610612737,ATL,Atlanta Hawks,0022401025,2025-03-22T00:00:00,ATL vs. GSW,W,35.233333333333334,9.2,15.3,0.6,1.0,4.1,0.25,6.1,7.2,0.857,0.0,5.1,5.1,10.2,4.1,1.0,0.0,1.0,0.0,6.1,25.5,3.1,46.0,1,0,43.9,1,1,13086,1,3286,4364,8068,5394,14411,15379,11902,2750,3220,7071,14058,10540,14494,1326,3700,11742,8263,7729,20257,2472,3913,11078,4750,1,150,4723,1,35:14
2024-25,1630169,Tyrese Haliburton,Tyrese,1610612754,IND,Indiana Pacers,0022401024,2025-03-22T00:00:00,IND vs. BKN,W,31.966666666666665,5.6,14.6,0.385,1.1,6.8,0.167,5.6,5.6,1.0,1.1,7.9,9.0,13.5,2.3,1.1,0.0,0.0,4.5,4.5,18.0,9.0,50.2,1,0,43.9,1,1,13086,1,5995,12611,9146,16070,13793,8996,14236,3273,4999,1,12285,4883,6715,448,9296,10810,8263,8846,5766,5131,9816,8176,3209,1,150,4732,1,31:58
2024-25,1630570,Trendon Watford,Trendon,1610612751,BKN,Brooklyn Nets,0022401024,2025-03-22T00:00:00,BKN @ IND,L,30.095,10.8,16.7,0.643,2.4,4.8,0.5,7.2,12.0,0.6,2.4,3.6,6.0,1.2,1.2,1.2,0.0,0.0,0.0,7.2,31.1,-3.6,42.5,0,0,43.1,1,13222,1,13222,7701,2441,6114,4607,8509,13746,3944,1886,775,10343,6948,14954,12336,19023,14466,10205,8263,8846,20257,1524,1755,14840,6389,2246,150,5111,1,30:06
2024-25,1628975,Jevon Carter,Jevon,1610612741,CHI,Chicago Bulls,0022401028,2025-03-22T00:00:00,CHI @ LAL,W,3.533333333333333,10.2,10.2,1.0,0.0,0.0,0.0,0.0,0.0,0.0,0.0,10.2,10.2,0.0,0.0,0.0,10.2,0.0,0.0,0.0,20.4,40.8,63.2,0,0,50.9,1,1,13086,1,24699,3024,16746,1,15070,20945,15070,13505,14344,13505,14058,2433,5239,19908,16469,12854,63,8846,20257,17725,7595,930,863,2246,150,2279,1,3:32
2024-25,1641817,Anton Watson,Anton,1610612752,NYK,New York Knicks,0022401026,2025-03-22T00:00:00,NYK vs. WAS,W,2.6333333333333333,13.7,13.7,1.0,0.0,0.0,0.0,0.0,0.0,0.0,0.0,13.7,13.7,0.0,0.0,0.0,0.0,0.0,13.7,0.0,27.3,13.7,43.7,0,0,41.0,1,1,13086,1,25160,796,10690,1,15070,20945,15070,13505,14344,13505,14058,828,2391,19908,16469,12854,8263,8846,296,17725,3038,6136,5787,2246,150,6186,1,2:38
2024-25,202696,Nikola Vučević,Nikola,1610612741,CHI,Chicago Bulls,0022401028,2025-03-22T00:00:00,CHI @ LAL,W,26.35,6.8,13.7,0.5,2.7,4.1,0.667,0.0,0.0,0.0,4.1,12.3,16.4,6.8,1.4,2.7,1.4,0.0,0.0,0.0,16.4,26.0,57.2,1,0,50.6,1,1,13086,1,10858,9346,10718,8526,7439,15347,1957,13505,14344,13505,3451,1233,1298,4250,13477,3844,5383,8846,20257,17725,11502,2625,1591,1,150,2377,1,26:21
2024-25,1629029,Luka Dončić,Luka,1610612747,LAL,Los Angeles Lakers,0022401028,2025-03-22T00:00:00,LAL vs. CHI,L,31.566666666666666,11.4,20.5,0.556,9.1,14.8,0.615,6.8,9.1,0.75,4.6,4.6,9.1,6.8,8.0,0.0,0.0,1.1,1.1,5.7,38.8,-10.3,52.0,0,0,63.9,1,13222,1,13222,6365,1931,2621,7248,283,733,2984,2127,1804,8186,2857,12095,6550,4225,591,12854,8263,6709,18860,3029,534,18004,2707,2246,150,534,1,31:34
2024-25,204456,T.J. McConnell,T.J.,1610612754,IND,Indiana Pacers,0022401024,2025-03-22T00:00:00,IND vs. BKN,W,13.838333333333333,10.4,13.0,0.8,0.0,0.0,0.0,0.0,0.0,0.0,2.6,7.8,10.4,10.4,2.6,5.2,0.0,0.0,7.8,2.6,20.8,0.0,61.9,0,0,52.0,1,1,13086,1,20281,2817,11841,1688,15070,20945,15070,13505,14344,13505,6338,5002,4998,1239,7875,786,8263,8846,1455,10641,7225,12240,974,2246,150,2029,1,13:50
2024-25,1630581,Josh Giddey,Josh,1610612741,CHI,Chicago Bulls,0022401028,2025-03-22T00:00:00,CHI @ LAL,W,33.18333333333333,5.4,11.9,0.455,1.1,2.2,0.5,4.3,6.5,0.667,3.3,7.6,10.8,18.4,2.2,8.7,0.0,1.1,3.3,4.3,16.3,23.9,80.8,1,1,64.0,1,1,13086,1,4996,13204,13699,12676,14039,19224,3944,5090,3874,9425,4832,5338,4555,124,9638,167,8263,7189,9635,5496,11635,3058,182,1,1,525,1,33:11
2024-25,203935,Marcus Smart,Marcus,1610612764,WAS,Washington Wizards,0022401026,2025-03-22T00:00:00,WAS @ NYK,L,23.726666666666667,9.1,16.7,0.545,6.1,10.6,0.571,1.5,4.6,0.333,1.5,4.6,6.1,4.6,3.0,3.0,1.5,0.0,1.5,4.6,25.8,4.6,50.5,0,0,51.6,1,13222,1,13222,13136,4523,6190,7695,1257,2859,3506,11760,6744,13132,10245,12121,12117,8526,6336,3072,4789,8846,17153,5039,3776,10361,3124,2246,150,2127,1,23:44
2024-25,1628365,Markelle Fultz,Markelle,1610612758,SAC,Sacramento Kings,0022401027,2025-03-22T00:00:00,SAC vs. MIL,L,8.25,0.0,0.0,0.0,0.0,0.0,0.0,0.0,0.0,0.0,4.4,0.0,4.4,4.4,0.0,0.0,0.0,0.0,0.0,0.0,0.0,-17.5,11.8,0,0,8.7,1,13222,1,13222,22722,22635,24836,22635,15070,20945,15070,13505,14344,13505,3089,22137,16376,8972,16469,12854,8263,8846,20257,17725,23200,20768,24067,2246,150,24649,1,8:15
2024-25,1626172,Kevon Looney,Kevon,1610612744,GSW,Golden State Warriors,0022401025,2025-03-22T00:00:00,GSW @ ATL,L,4.733333333333333,0.0,15.2,0.0,0.0,0.0,0.0,0.0,0.0,0.0,7.6,0.0,7.6,0.0,0.0,0.0,0.0,0.0,0.0,0.0,0.0,-38.0,9.1,0,0,7.6,1,13222,1,13222,24123,22635,8230,22635,15070,20945,15070,13505,14344,13505,908,22137,8961,19908,16469,12854,8263,8846,20257,17725,23200,24701,24551,2246,150,24819,1,4:44
2024-25,1630692,Jordan Goodwin,Jordan,1610612747,LAL,Los Angeles Lakers,0022401028,2025-03-22T00:00:00,LAL vs. CHI,L,15.3,2.4,7.1,0.333,0.0,2.4,0.0,4.7,4.7,1.0,4.7,2.4,7.1,2.4,0.0,2.4,0.0,0.0,7.1,2.4,9.4,-9.4,28.5,0,0,23.5,1,13222,1,13222,19374,20754,21499,17395,15070,18898,15070,4505,6468,1,2668,18611,10046,15043,16469,4858,8263,8846,1941,11525,18717,17625,15896,2246,150,18653,1,15:18
2024-25,1642259,Alex Sarr,Alex,1610612764,WAS,Washington Wizards,0022401026,2025-03-22T00:00:00,WAS @ NYK,L,27.033333333333335,4.0,13.3,0.3,0.0,5.3,0.0,2.7,2.7,1.0,0.0,6.7,6.7,1.3,6.7,0.0,2.7,1.3,2.7,1.3,10.7,-33.3,22.0,0,0,24.0,1,13222,1,13222,10306,17102,11272,19363,15070,12398,15070,8655,10832,1,14058,6982,10823,18562,1050,12854,2132,5495,12189,15761,17510,24207,20163,2246,150,18350,1,27:02
2024-25,1628418,Thomas Bryant,Thomas,1610612754,IND,Indiana Pacers,0022401024,2025-03-22T00:00:00,IND vs. BKN,W,12.22,0.0,5.9,0.0,0.0,5.9,0.0,5.9,5.9,1.0,2.9,2.9,5.9,0.0,0.0,0.0,2.9,0.0,0.0,2.9,5.9,5.9,21.8,0,0,17.7,1,1,13086,1,21144,22635,22715,22635,15070,10960,15070,2967,4613,1,5463,16906,12541,19908,16469,12854,1760,8846,20257,9436,21463,9664,20264,2246,150,21995,1,12:13
2024-25,1631222,Jake LaRavia,Jake,1610612758,SAC,Sacramento Kings,0022401027,2025-03-22T00:00:00,SAC vs. MIL,L,28.46,5.1,11.4,0.444,2.5,7.6,0.333,1.3,2.5,0.5,0.0,1.3,1.3,0.0,0.0,0.0,0.0,0.0,1.3,2.5,13.9,-15.2,15.4,0,0,17.7,1,13222,1,13222,9161,14207,14691,13045,8047,7200,9209,12407,11132,10625,14058,21352,22857,19908,16469,12854,8263,8846,18195,10873,14032,19967,23045,2246,150,21983,1,28:28
2024-25,1641767,Ben Sheppard,Ben,1610612754,IND,Indiana Pacers,0022401024,2025-03-22T00:00:00,IND vs. BKN,W,8.7,0.0,0.0,0.0,0.0,0.0,0.0,0.0,0.0,0.0,0.0,4.1,4.1,0.0,4.1,0.0,0.0,0.0,4.1,0.0,0.0,-24.8,0.8,0,0,4.1,1,1,13086,1,22564,22635,24836,22635,15070,20945,15070,13505,14344,13505,14058,13309,16977,19908,3594,12854,8263,8846,6718,17725,23200,22771,25214,2246,150,25177,1,8:42
2024-25,1641763,Julian Phillips,Julian,1610612741,CHI,Chicago Bulls,0022401028,2025-03-22T00:00:00,CHI @ LAL,W,7.35,0.0,4.9,0.0,0.0,4.9,0.0,0.0,0.0,0.0,0.0,0.0,0.0,4.9,4.9,0.0,0.0,0.0,0.0,4.9,0.0,0.0,2.4,0,0,4.9,1,1,13086,1,23049,22635,23529,22635,15070,13442,15070,13505,14344,13505,14058,22137,23286,7686,2467,12854,8263,8846,20257,4295,23200,12240,25149,2246,150,25115,1,7:21
2024-25,1627741,Buddy Hield,Buddy,1610612744,GSW,Golden State Warriors,0022401025,2025-03-22T00:00:00,GSW @ ATL,L,16.72833333333333,2.2,4.3,0.5,2.2,2.2,1.0,4.3,4.3,1.0,2.2,2.2,4.3,2.2,0.0,2.2,0.0,0.0,2.2,2.2,10.8,-17.2,25.6,0,0,23.7,1,13222,1,13222,18442,21137,23921,8526,9444,19262,1,5141,7200,1,7747,19202,16519,15809,16469,5582,8263,8846,14348,12386,17409,20693,17876,2246,150,18561,1,16:44
2024-25,1629020,Jarred Vanderbilt,Jarred,1610612747,LAL,Los Angeles Lakers,0022401028,2025-03-22T00:00:00,LAL vs. CHI,L,11.1,0.0,6.5,0.0,0.0,3.2,0.0,0.0,0.0,0.0,3.2,3.2,6.5,0.0,9.7,0.0,0.0,3.2,6.5,3.2,0.0,-29.2,-1.9,0,0,6.5,1,13222,1,13222,21658,22635,22130,22635,15070,17188,15070,13505,14344,13505,4857,15952,11203,19908,347,12854,8263,1110,2411,8426,23200,23611,26153,2246,150,24946,1,11:06
2024-25,1630174,Aaron Nesmith,Aaron,1610612754,IND,Indiana Pacers,0022401024,2025-03-22T00:00:00,IND vs. BKN,W,21.538333333333334,3.3,10.0,0.333,3.3,6.7,0.5,0.0,0.0,0.0,1.7,3.3,5.0,1.7,3.3,0.0,1.7,0.0,1.7,1.7,10.0,6.7,20.2,0,0,23.4,1,1,13086,1,14910,18656,17001,17395,5535,9137,3944,13505,14344,13505,9670,15658,14757,17439,5381,12854,4360,8846,16619,14360,18137,9294,21048,2246,150,18734,1,21:32
2024-25,1628404,Josh Hart,Josh,1610612752,NYK,New York Knicks,0022401026,2025-03-22T00:00:00,NYK vs. WAS,W,37.53333333333333,3.8,9.6,0.4,0.0,2.9,0.0,1.0,1.9,0.5,2.9,8.6,11.5,1.9,1.9,1.0,0.0,1.0,1.9,1.9,8.6,21.1,26.3,0,0,24.0,1,1,13086,1,1662,17481,17791,14933,15070,17903,15070,13349,12938,10625,5648,3897,3932,16681,10949,12284,8263,8270,15578,13444,19402,3675,17424,2246,150,18337,1,37:32
2024-25,1641798,Jaylen Martin,Jaylen,1610612764,WAS,Washington Wizards,0022401026,2025-03-22T00:00:00,WAS @ NYK,L,3.75,0.0,0.0,0.0,0.0,0.0,0.0,0.0,0.0,0.0,0.0,9.6,9.6,0.0,9.6,0.0,0.0,0.0,0.0,0.0,0.0,-19.2,1.9,0,0,9.6,1,13222,1,13222,24601,22635,24836,22635,15070,20945,15070,13505,14344,13505,14058,2915,5919,19908,357,12854,8263,8846,20257,17725,23200,21305,25164,2246,150,24511,1,3:45
2024-25,203458,Alex Len,Alex,1610612747,LAL,Los Angeles Lakers,0022401028,2025-03-22T00:00:00,LAL vs. CHI,L,6.7,0.0,0.0,0.0,0.0,0.0,0.0,0.0,0.0,0.0,0.0,5.4,5.4,0.0,5.4,0.0,0.0,0.0,0.0,0.0,0.0,-43.0,1.1,0,0,5.4,1,13222,1,13222,23282,22635,24836,22635,15070,20945,15070,13505,14344,13505,14058,9845,13870,19908,1925,12854,8263,8846,20257,17725,23200,25048,25204,2246,150,25073,1,6:42
2024-25,1642358,AJ Johnson,AJ,1610612764,WAS,Washington Wizards,0022401026,2025-03-22T00:00:00,WAS @ NYK,L,27.883333333333333,3.9,12.9,0.3,2.6,6.5,0.4,1.3,2.6,0.5,1.3,1.3,2.6,3.9,1.3,1.3,0.0,0.0,0.0,2.6,11.6,2.6,23.1,0,0,23.2,1,13222,1,13222,9638,17399,12018,19363,7886,9635,7874,12325,11021,10625,11237,21299,20672,10300,13851,9511,8263,8846,20257,10698,16554,11325,19489,2246,150,18847,1,27:53
2024-25,1629018,Gary Trent Jr.,Gary,1610612749,MIL,Milwaukee Bucks,0022401027,2025-03-22T00:00:00,MIL @ SAC,W,35.833333333333336,4.0,11.1,0.364,3.0,8.0,0.375,0.0,0.0,0.0,0.0,0.0,0.0,0.0,0.0,2.0,0.0,0.0,1.0,1.0,11.1,13.1,17.1,0,0,18.1,1,1,13086,1,2802,17047,15279,16861,6456,6388,8800,13505,14344,13505,14058,22137,23286,19908,16469,6210,8263,8846,19684,17382,17142,6370,22455,2246,150,21825,1,35:50
2024-25,1629614,Andrew Nembhard,Andrew,1610612754,IND,Indiana Pacers,0022401024,2025-03-22T00:00:00,IND vs. BKN,W,34.611666666666665,2.1,5.2,0.4,1.0,2.1,0.5,0.0,0.0,0.0,0.0,4.2,4.2,7.3,0.0,0.0,0.0,0.0,2.1,0.0,5.2,5.2,21.1,0,0,17.7,1,1,13086,1,3781,21267,23320,14933,14304,19403,3944,13505,14344,13505,14058,13238,16913,3642,16469,12854,8263,8846,14705,17725,21910,10004,20628,2246,150,21994,1,34:37
2024-25,1630188,Jalen Smith,Jalen,1610612741,CHI,Chicago Bulls,0022401028,2025-03-22T00:00:00,CHI @ LAL,W,3.7,0.0,9.7,0.0,0.0,9.7,0.0,0.0,0.0,0.0,0.0,9.7,9.7,19.5,0.0,0.0,0.0,0.0,0.0,0.0,0.0,19.5,40.9,0,0,29.2,1,1,13086,1,24623,22635,17510,22635,15070,3799,15070,13505,14344,13505,14058,2791,5756,98,16469,12854,8263,8846,20257,17725,23200,4121,7245,2246,150,14548,1,3:42
2024-25,1626168,Trey Lyles,Trey,1610612758,SAC,Sacramento Kings,0022401027,2025-03-22T00:00:00,SAC vs. MIL,L,20.8,5.2,20.8,0.25,1.7,12.1,0.143,0.0,0.0,0.0,8.7,0.0,8.7,5.2,0.0,1.7,0.0,1.7,5.2,0.0,12.1,-17.3,35.5,0,0,31.2,1,13222,1,13222,15426,13839,2468,20233,11307,1720,14649,13505,14344,13505,626,22137,7220,7043,16469,7511,8263,4074,4208,17725,16017,20714,10745,2246,150,13037,1,20:48
2024-25,1631230,Dominick Barlow,Dominick,1610612737,ATL,Atlanta Hawks,0022401025,2025-03-22T00:00:00,ATL vs. GSW,W,14.016666666666667,5.1,10.3,0.5,0.0,0.0,0.0,0.0,2.6,0.0,7.7,2.6,10.3,2.6,0.0,0.0,0.0,0.0,2.6,2.6,10.3,20.5,26.5,0,0,23.1,1,1,13086,1,20187,13985,16608,8526,15070,20945,15070,13505,11052,13505,877,18012,5149,14310,16469,12854,8263,8846,12535,10734,17880,3798,17318,2246,150,18921,1,14:01
2024-25,1626158,Richaun Holmes,Richaun,1610612764,WAS,Washington Wizards,0022401026,2025-03-22T00:00:00,WAS @ NYK,L,17.216666666666665,4.2,10.5,0.4,0.0,0.0,0.0,0.0,0.0,0.0,6.3,8.4,14.6,4.2,0.0,0.0,2.1,0.0,4.2,0.0,8.4,16.7,38.5,0,0,31.4,1,13222,1,13222,18123,16640,16299,14933,15070,20945,15070,13505,14344,13505,1490,4196,1942,9432,16469,12854,3230,8846,6600,17725,19611,4994,8724,2246,150,12882,1,17:13
2024-25,1630541,Moses Moody,Moses,1610612744,GSW,Golden State Warriors,0022401025,2025-03-22T00:00:00,GSW @ ATL,L,34.6,7.3,13.5,0.538,3.1,8.3,0.375,3.1,3.1,1.0,1.0,3.1,4.2,5.2,2.1,2.1,1.0,0.0,3.1,6.2,20.8,-2.1,40.9,0,0,39.5,1,13222,1,13222,3784,8253,10965,7978,6163,5871,8800,7489,9665,1,12937,16352,16904,7027,10089,5864,7188,8846,10192,2339,7228,14091,7230,2246,150,7044,1,34:36
2024-25,1631097,Bennedict Mathurin,Bennedict,1610612754,IND,Indiana Pacers,0022401024,2025-03-22T00:00:00,IND vs. BKN,W,26.696666666666665,6.7,12.1,0.556,0.0,1.3,0.0,4.0,5.4,0.75,0.0,5.4,5.4,1.3,2.7,1.3,1.3,1.3,2.7,5.4,17.5,6.7,31.4,0,0,29.7,1,1,13086,1,10571,9593,13342,7248,15070,20439,15070,5614,5324,8186,14058,9802,13827,18508,7543,9198,5453,5407,12057,3491,10294,9270,13731,2246,150,14190,1,26:42
2024-25,1627752,Taurean Prince,Taurean,1610612749,MIL,Milwaukee Bucks,0022401027,2025-03-22T00:00:00,MIL @ SAC,W,25.116666666666667,8.6,12.9,0.667,4.3,5.7,0.75,0.0,0.0,0.0,0.0,1.4,1.4,2.9,1.4,2.9,1.4,0.0,5.7,0.0,21.5,-1.4,39.0,0,0,38.7,1,1,13086,1,11895,5442,12036,3281,3392,11376,1542,13505,14344,13505,14058,21019,22654,13387,13089,3493,5105,8846,3337,17725,6636,13774,8421,2246,150,7590,1,25:07
2024-25,1631099,Keegan Murray,Keegan,1610612758,SAC,Sacramento Kings,0022401027,2025-03-22T00:00:00,SAC vs. MIL,L,32.973333333333336,5.5,13.1,0.417,2.2,7.6,0.286,1.1,1.1,1.0,2.2,7.6,9.8,1.1,0.0,0.0,2.2,1.1,3.3,1.1,14.2,8.7,34.2,0,0,31.7,1,13222,1,13222,5172,13111,11670,14532,9302,7095,11433,12928,14053,1,7638,5251,5637,19376,16469,12854,2984,7127,9542,16944,13738,8307,11670,2246,150,12658,1,32:58
2024-25,1629013,Landry Shamet,Landry,1610612752,NYK,New York Knicks,0022401026,2025-03-22T00:00:00,NYK vs. WAS,W,14.816666666666666,2.4,9.7,0.25,2.4,9.7,0.25,0.0,0.0,0.0,0.0,2.4,2.4,2.4,2.4,0.0,0.0,0.0,9.7,0.0,7.3,-19.4,11.4,0,0,14.6,1,1,13086,1,19696,20591,17540,20233,8372,3826,11902,13505,14344,13505,14058,18396,20934,14776,8529,12854,8263,8846,759,17725,20492,21382,24147,2246,150,23226,1,14:49
2024-25,2544,LeBron James,LeBron,1610612747,LAL,Los Angeles Lakers,0022401028,2025-03-22T00:00:00,LAL vs. CHI,L,31.416666666666668,8.0,18.3,0.438,1.1,2.3,0.5,2.3,5.7,0.4,0.0,6.9,6.9,4.6,5.7,3.4,0.0,1.1,1.1,3.4,19.5,-30.9,39.2,0,0,39.0,1,13222,1,13222,6487,6591,4344,13558,13672,19001,3944,9656,4851,13061,14058,6574,10370,8445,1620,2323,8263,6668,18837,7849,8396,23876,8276,2246,150,7404,1,31:25
2024-25,1630549,Day'Ron Sharpe,Day'Ron,1610612751,BKN,Brooklyn Nets,0022401024,2025-03-22T00:00:00,BKN @ IND,L,16.583333333333332,2.2,6.5,0.333,0.0,2.2,0.0,0.0,0.0,0.0,0.0,6.5,6.5,4.3,2.2,0.0,0.0,0.0,2.2,2.2,4.3,0.0,16.5,0,0,15.2,1,13222,1,13222,18538,21095,22097,17395,15070,19221,15070,13505,14344,13505,14058,7275,11150,9030,9632,12854,8263,8846,14243,12290,22377,12240,22668,2246,150,22994,1,16:35
2024-25,1630264,Anthony Gill,Anthony,1610612764,WAS,Washington Wizards,0022401026,2025-03-22T00:00:00,WAS @ NYK,L,11.85,6.1,9.1,0.667,0.0,3.0,0.0,0.0,0.0,0.0,3.0,0.0,3.0,0.0,3.0,0.0,0.0,0.0,6.1,0.0,12.2,15.2,12.8,0,0,15.2,1,13222,1,13222,21361,11289,18534,3281,15070,17575,15070,13505,14344,13505,5252,22137,19611,19908,6319,12854,8263,8846,2849,17725,15977,5552,23830,2246,150,22995,1,11:51
2024-25,1631169,Josh Minott,Josh,1610612750,MIN,Minnesota Timberwolves,0022401016,2025-03-21T00:00:00,MIN vs. NOP,W,7.866666666666666,0.0,4.6,0.0,0.0,4.6,0.0,9.2,9.2,1.0,0.0,0.0,0.0,4.6,0.0,4.6,0.0,0.0,4.6,9.2,9.2,36.6,29.7,0,0,22.9,1,1,13086,1,22856,22635,23755,22635,15070,14247,15070,951,1792,1,14058,22137,23286,8459,16469,1170,8263,8846,5599,606,18942,1229,14978,2246,150,19085,1,7:52
2024-25,1642274,Yves Missi,Yves,1610612740,NOP,New Orleans Pelicans,0022401016,2025-03-21T00:00:00,NOP @ MIN,L,28.183333333333334,1.3,5.1,0.25,0.0,0.0,0.0,3.8,7.7,0.5,3.8,8.9,12.8,2.6,3.8,0.0,1.3,0.0,3.8,6.4,6.4,-39.6,25.5,0,0,24.3,1,13222,1,13222,9395,22421,23380,20233,15070,20945,15070,6017,2769,10625,3833,3575,2954,14352,4228,12854,5749,8846,7645,2196,21134,24815,17907,2246,150,18155,1,28:11
2024-25,1630590,Scotty Pippen Jr.,Scotty,1610612763,MEM,Memphis Grizzlies,0022401023,2025-03-21T00:00:00,MEM @ LAC,L,27.266666666666666,7.9,11.9,0.667,4.0,5.3,0.75,0.0,0.0,0.0,1.3,2.6,4.0,6.6,2.6,1.3,1.3,1.3,2.6,2.6,19.8,-22.4,39.7,0,0,39.6,1,13222,1,13222,10130,6806,13796,3281,4072,12514,1542,13505,14344,13505,11099,17848,17409,4573,7727,9348,5560,5550,12276,10505,8066,22204,7927,2246,150,7008,1,27:16
2024-25,1630192,Zeke Nnaji,Zeke,1610612743,DEN,Denver Nuggets,0022401022,2025-03-21T00:00:00,DEN @ POR,L,12.133333333333333,0.0,3.0,0.0,0.0,3.0,0.0,0.0,0.0,0.0,0.0,3.0,3.0,3.0,0.0,8.9,3.0,0.0,3.0,0.0,0.0,-32.6,43.6,0,0,29.7,1,13222,1,13222,21178,22635,24501,22635,15070,17727,15070,13505,14344,13505,14058,16833,19815,13031,16469,153,1735,8846,10864,17725,23200,24118,5843,2246,150,14184,1,12:08
2024-25,1629022,Lonnie Walker IV,Lonnie,1610612755,PHI,Philadelphia 76ers,0022401018,2025-03-21T00:00:00,PHI @ SAS,L,11.033333333333333,3.3,6.5,0.5,3.3,6.5,0.5,0.0,0.0,0.0,0.0,0.0,0.0,3.3,3.3,6.5,0.0,3.3,0.0,0.0,9.8,-26.1,31.0,0,0,29.4,1,13222,1,13222,21693,18845,22077,8526,5772,9487,3944,13505,14344,13505,14058,22137,23286,12100,5624,367,8263,1093,20257,17725,18359,23054,14063,2246,150,14438,1,11:02
2024-25,1630695,Micah Potter,Micah,1610612762,UTA,Utah Jazz,0022401020,2025-03-21T00:00:00,UTA vs. BOS,L,22.816666666666666,3.2,6.3,0.5,1.6,3.2,0.5,3.2,3.2,1.0,3.2,4.7,7.9,1.6,1.6,0.0,0.0,0.0,3.2,1.6,11.0,-15.8,21.3,0,0,22.1,1,13222,1,13222,13863,19090,22310,8526,11761,17350,3944,7421,9598,1,5027,11609,8481,17716,12431,12854,8263,8846,10054,14700,17145,20189,20534,2246,150,19625,1,22:49
2024-25,203552,Seth Curry,Seth,1610612766,CHA,Charlotte Hornets,0022401017,2025-03-21T00:00:00,CHA @ OKC,L,22.016666666666666,8.2,13.1,0.625,1.6,4.9,0.333,0.0,0.0,0.0,0.0,0.0,0.0,3.3,1.6,0.0,0.0,1.6,1.6,3.3,18.0,-32.7,21.3,0,0,22.9,1,13222,1,13222,14487,6256,11708,4899,11575,13429,9209,13505,14344,13505,14058,22137,23286,12076,12195,12854,8263,4347,16762,8344,9858,24127,20567,2246,150,19080,1,22:01
2024-25,1629639,Tyler Herro,Tyler,1610612748,MIA,Miami Heat,0022401015,2025-03-21T00:00:00,MIA vs. HOU,L,38.65,2.8,10.2,0.273,0.0,0.9,0.0,1.9,1.9,1.0,0.0,2.8,2.8,3.7,5.6,0.0,0.0,0.9,0.0,0.9,7.5,5.6,10.8,0,0,14.0,1,13222,1,13222,1035,19888,16653,20048,15070,20911,15070,11079,13087,1,14058,17412,20264,10720,1735,12854,8263,8482,20257,17600,20365,9801,24280,2246,150,23430,1,38:39
2024-25,1628389,Bam Adebayo,Bam,1610612748,MIA,Miami Heat,0022401015,2025-03-21T00:00:00,MIA vs. HOU,L,37.5,5.8,12.5,0.462,1.9,3.8,0.5,1.9,2.9,0.667,1.0,4.8,5.8,5.8,1.9,0.0,0.0,0.0,1.9,4.8,15.4,-9.6,29.0,0,0,28.8,1,13222,1,13222,1684,12230,12763,12428,10549,15915,3944,10888,10283,9425,13573,11436,12868,5928,10944,12854,8263,8846,15572,4500,12559,17719,15491,2246,150,14855,1,37:30
2024-25,1630551,Justin Champagnie,Justin,1610612764,WAS,Washington Wizards,0022401014,2025-03-21T00:00:00,WAS vs. ORL,L,28.016666666666666,1.3,5.1,0.25,0.0,2.6,0.0,1.3,2.6,0.5,0.0,7.7,7.7,0.0,0.0,1.3,0.0,1.3,2.6,1.3,3.9,-29.6,17.0,0,0,14.1,1,13222,1,13222,9535,22413,23366,20233,15070,18500,15070,12340,11047,10625,14058,5152,8787,19908,16469,9544,8263,5728,12530,15973,22628,23663,22503,2246,150,23382,1,28:01
2024-25,1630598,Aaron Wiggins,Aaron,1610612760,OKC,Oklahoma City Thunder,0022401017,2025-03-21T00:00:00,OKC vs. CHA,W,26.75,5.4,12.1,0.444,4.0,8.1,0.5,0.0,0.0,0.0,0.0,2.7,2.7,1.3,0.0,4.0,0.0,0.0,0.0,0.0,14.8,41.7,32.2,0,0,31.0,1,1,13086,1,10526,13316,13395,13045,3925,6328,3944,13505,14344,13505,14058,17722,20466,18517,16469,1599,8263,8846,20257,17725,13113,864,13208,2246,150,13202,1,26:45
2024-25,201143,Al Horford,Al,1610612738,BOS,Boston Celtics,0022401020,2025-03-21T00:00:00,BOS @ UTA,W,26.666666666666668,2.7,9.5,0.286,1.3,5.4,0.25,0.0,0.0,0.0,6.8,5.4,12.1,2.7,0.0,0.0,0.0,0.0,0.0,0.0,6.8,16.2,25.4,0,0,23.0,1,1,13086,1,10590,20089,18041,19630,12652,12211,11902,13505,14344,13505,1252,9783,3379,13907,16469,12854,8263,8846,20257,17725,20892,5185,18019,2246,150,19063,1,26:40
2024-25,201144,Mike Conley,Mike,1610612750,MIN,Minnesota Timberwolves,0022401016,2025-03-21T00:00:00,MIN vs. NOP,W,10.35,0.0,3.5,0.0,0.0,3.5,0.0,0.0,0.0,0.0,0.0,3.5,3.5,20.9,3.5,3.5,0.0,0.0,0.0,3.5,0.0,62.6,42.4,0,0,31.3,1,1,13086,1,21984,22635,24319,22635,15070,16693,15070,13505,14344,13505,14058,15295,18599,71,5061,2264,8263,8846,20257,7718,23200,325,6408,2246,150,12922,1,10:21
2024-25,201950,Jrue Holiday,Jrue,1610612738,BOS,Boston Celtics,0022401020,2025-03-21T00:00:00,BOS @ UTA,W,23.2,4.7,9.3,0.5,0.0,1.6,0.0,3.1,3.1,1.0,0.0,3.1,3.1,6.2,1.6,4.7,0.0,1.6,4.7,3.1,12.4,9.3,37.9,0,0,31.0,1,1,13086,1,13550,15347,18257,8526,15070,20224,15070,7538,9715,1,14058,16399,19469,5153,12541,1114,8263,4584,5395,8880,15694,8043,9115,2246,150,13129,1,23:12
2024-25,1630191,Isaiah Stewart,Isaiah,1610612765,DET,Detroit Pistons,0022401019,2025-03-21T00:00:00,DET @ DAL,L,20.366666666666667,7.1,10.6,0.667,0.0,0.0,0.0,0.0,0.0,0.0,1.8,8.8,10.6,3.5,0.0,3.5,1.8,0.0,1.8,1.8,14.1,5.3,48.1,0,0,38.9,1,13222,1,13222,15741,8759,16035,3281,15070,20945,15070,13505,14344,13505,9361,3681,4806,11286,16469,2199,4128,8846,16314,14043,13798,9950,3946,2246,150,7458,1,20:22
2024-25,1629004,Svi Mykhailiuk,Svi,1610612762,UTA,Utah Jazz,0022401020,2025-03-21T00:00:00,UTA vs. BOS,L,18.916666666666668,1.9,9.5,0.2,0.0,5.7,0.0,3.8,3.8,1.0,0.0,1.9,1.9,1.9,0.0,1.9,0.0,0.0,1.9,3.8,7.6,-5.7,18.5,0,0,15.2,1,13222,1,13222,16893,21581,17919,21401,15070,11424,15070,6067,8233,1,14058,19964,21998,16740,16469,6746,8263,8846,15655,6832,20234,15927,21909,2246,150,22983,1,18:55
2024-25,1642377,Jaylen Wells,Jaylen,1610612763,MEM,Memphis Grizzlies,0022401023,2025-03-21T00:00:00,MEM @ LAC,L,14.555,2.5,9.9,0.25,2.5,9.9,0.25,0.0,0.0,0.0,0.0,7.4,7.4,4.9,0.0,0.0,0.0,0.0,0.0,2.5,7.4,-9.9,23.7,0,0,22.3,1,13222,1,13222,19853,20506,17252,20233,8242,3614,11902,13505,14344,13505,14058,5646,9327,7580,16469,12854,8263,8846,20257,11085,20388,17849,19131,2246,150,19524,1,14:33
2024-25,1631217,Moussa Diabaté,Moussa,1610612766,CHA,Charlotte Hornets,0022401017,2025-03-21T00:00:00,CHA @ OKC,L,21.916666666666668,9.9,13.1,0.75,0.0,0.0,0.0,0.0,0.0,0.0,4.9,6.6,11.5,4.9,3.3,1.6,0.0,1.6,0.0,0.0,19.7,-42.7,42.5,0,0,39.4,1,13222,1,13222,14561,3395,11596,2107,15070,20945,15070,13505,14344,13505,2437,7161,3948,7624,5542,7838,8263,4319,20257,17725,8147,25029,6347,2246,150,7121,1,21:55
2024-25,1642271,Kyle Filipowski,Kyle,1610612762,UTA,Utah Jazz,0022401020,2025-03-21T00:00:00,UTA vs. BOS,L,14.265,2.5,10.1,0.25,2.5,10.1,0.25,2.5,5.0,0.5,0.0,10.1,10.1,0.0,12.6,0.0,0.0,0.0,5.0,5.0,10.1,-35.3,9.6,0,0,22.7,1,13222,1,13222,20050,20418,16900,20233,8066,3381,11902,8980,5828,10625,14058,2501,5334,19908,187,12854,8263,8846,4504,4020,18053,24452,24486,2246,150,19206,1,14:16
2024-25,1631105,Jalen Duren,Jalen,1610612765,DET,Detroit Pistons,0022401019,2025-03-21T00:00:00,DET @ DAL,L,27.491666666666667,6.5,6.5,1.0,0.0,0.0,0.0,5.2,7.9,0.667,6.5,5.2,11.8,3.9,1.3,0.0,2.6,0.0,5.2,6.5,18.3,-10.5,44.9,0,0,39.3,1,13222,1,13222,9953,10072,22056,1,15070,20945,15070,3724,2622,9425,1353,10193,3684,10142,13765,12854,2199,8846,4134,2036,9488,18094,5219,2246,150,7208,1,27:30
2024-25,1631108,Max Christie,Max,1610612742,DAL,Dallas Mavericks,0022401019,2025-03-21T00:00:00,DAL vs. DET,W,24.283333333333335,1.5,5.9,0.25,1.5,5.9,0.25,3.0,3.0,1.0,4.4,7.4,11.9,3.0,0.0,3.0,0.0,0.0,3.0,3.0,7.4,8.9,35.0,0,0,29.6,1,1,13086,1,12662,22188,22679,20233,12108,10860,11902,7908,10053,1,2986,5663,3609,13038,16469,3231,8263,8846,10875,9377,20396,8226,11062,2246,150,14205,1,24:17
2024-25,1629026,Kenrich Williams,Kenrich,1610612760,OKC,Oklahoma City Thunder,0022401017,2025-03-21T00:00:00,OKC vs. CHA,W,17.466666666666665,6.2,8.2,0.75,6.2,8.2,0.75,4.1,4.1,1.0,0.0,2.1,2.1,0.0,0.0,0.0,0.0,0.0,2.1,2.1,22.7,33.0,25.1,0,0,30.9,1,1,13086,1,17950,11011,19870,2107,1175,6000,1542,5486,7582,1,14058,19475,21677,19908,16469,12854,8263,8846,14806,12799,5725,1632,18182,2246,150,13236,1,17:28
2024-25,1631323,Simone Fontecchio,Simone,1610612765,DET,Detroit Pistons,0022401019,2025-03-21T00:00:00,DET @ DAL,L,16.116666666666667,4.5,11.2,0.4,0.0,4.5,0.0,0.0,0.0,0.0,0.0,0.0,0.0,0.0,0.0,2.2,0.0,2.2,0.0,0.0,8.9,6.7,15.6,0,0,13.4,1,13222,1,13222,18846,15873,15072,14933,15070,14529,15070,13505,14344,13505,14058,22137,23286,19908,16469,5264,8263,2577,20257,17725,19150,9290,22981,2246,150,23587,1,16:07
2024-25,1629638,Nickeil Alexander-Walker,Nickeil,1610612750,MIN,Minnesota Timberwolves,0022401016,2025-03-21T00:00:00,MIN vs. NOP,W,22.583333333333332,4.8,9.6,0.5,1.6,3.2,0.5,1.6,1.6,1.0,0.0,3.2,3.2,4.8,1.6,0.0,0.0,1.6,0.0,1.6,12.8,38.3,22.2,0,0,22.3,1,1,13086,1,14045,15002,17827,8526,11691,17290,3944,11612,13401,1,14058,16124,19263,7968,12356,12854,8263,4448,20257,14653,15333,1100,20048,2246,150,19474,1,22:35
2024-25,1631121,Bryce McGowens,Bryce,1610612757,POR,Portland Trail Blazers,0022401022,2025-03-21T00:00:00,POR vs. DEN,W,2.45,0.0,14.7,0.0,0.0,0.0,0.0,0.0,0.0,0.0,0.0,0.0,0.0,14.7,0.0,0.0,0.0,0.0,14.7,0.0,0.0,-58.8,22.0,0,0,14.7,1,1,13086,1,25225,22635,9065,22635,15070,20945,15070,13505,14344,13505,14058,22137,23286,319,16469,12854,8263,8846,259,17725,23200,25651,20117,2246,150,23177,1,2:27
2024-25,1627884,Derrick Jones Jr.,Derrick,1610612746,LAC,LA Clippers,0022401023,2025-03-21T00:00:00,LAC vs. MEM,W,17.566666666666666,4.1,8.2,0.5,2.0,4.1,0.5,0.0,0.0,0.0,0.0,4.1,4.1,2.0,0.0,0.0,2.0,2.0,2.0,0.0,10.2,8.2,24.4,0,0,22.5,1,1,13086,1,17878,16846,19946,8526,9916,15347,3944,13505,14344,13505,14058,13417,17065,16192,16469,12854,3347,3059,14879,17725,17903,8533,18689,2246,150,19331,1,17:34
2024-25,1630631,Jose Alvarado,Jose,1610612740,NOP,New Orleans Pelicans,0022401016,2025-03-21T00:00:00,NOP @ MIN,L,17.683333333333334,6.1,18.3,0.333,6.1,16.3,0.375,0.0,0.0,0.0,0.0,2.0,2.0,4.1,2.0,2.0,2.0,0.0,0.0,0.0,18.3,-8.1,37.1,0,0,38.7,1,13222,1,13222,17794,11207,4351,17395,1226,482,8800,13505,14344,13505,14058,19547,21734,9736,10327,6080,3382,8846,20257,17725,9501,17033,9663,2246,150,7603,1,17:41
2024-25,1629622,Max Strus,Max,1610612739,CLE,Cleveland Cavaliers,0022401021,2025-03-21T00:00:00,CLE @ PHX,L,23.483333333333334,4.6,7.7,0.6,4.6,6.1,0.75,0.0,0.0,0.0,4.6,1.5,6.1,1.5,1.5,1.5,0.0,1.5,6.1,1.5,13.8,-13.8,26.5,0,0,29.1,1,13222,1,13222,13320,15500,20698,5394,2891,10362,1542,13505,14344,13505,2805,20807,11972,17861,12601,8266,8263,4650,2786,14862,14165,19422,17276,2246,150,14604,1,23:29
2024-25,1627750,Jamal Murray,Jamal,1610612743,DEN,Denver Nuggets,0022401022,2025-03-21T00:00:00,DEN @ POR,L,35.03,5.1,10.3,0.5,0.0,2.1,0.0,0.0,0.0,0.0,0.0,4.1,4.1,2.1,3.1,2.1,1.0,0.0,2.1,1.0,10.3,-16.4,24.5,0,0,22.6,1,13222,1,13222,3445,13982,16600,8526,15070,19448,15070,13505,14344,13505,14058,13385,17045,16172,6179,5986,7286,8846,14841,17283,17876,20425,18645,2246,150,19278,1,35:02
2024-25,1641710,Anthony Black,Anthony,1610612753,ORL,Orlando Magic,0022401014,2025-03-21T00:00:00,ORL @ WAS,W,25.516666666666666,7.1,9.9,0.714,1.4,1.4,1.0,2.8,2.8,1.0,2.8,5.6,8.5,8.5,7.1,0.0,1.4,1.4,2.8,2.8,18.3,-12.7,38.4,0,0,39.5,1,1,13086,1,11578,8804,17296,2752,12399,20369,1,8282,10426,1,5800,9183,7523,2453,875,12854,5181,5135,11540,9886,9477,19018,8790,2246,150,7067,1,25:31
2024-25,1629643,Chuma Okeke,Chuma,1610612755,PHI,Philadelphia 76ers,0022401018,2025-03-21T00:00:00,PHI @ SAS,L,31.133333333333333,3.5,4.6,0.75,1.2,2.3,0.5,0.0,0.0,0.0,0.0,3.5,3.5,3.5,0.0,2.3,1.2,0.0,1.2,0.0,8.1,-11.6,27.9,0,0,23.1,1,13222,1,13222,6760,18387,23729,2107,13616,18959,3944,13505,14344,13505,14058,15325,18620,11495,16469,4989,6445,8846,18779,17725,19835,18554,16323,2246,150,18912,1,31:08
2024-25,1641790,PJ Hall,PJ,1610612743,DEN,Denver Nuggets,0022401022,2025-03-21T00:00:00,DEN @ POR,L,4.316666666666666,16.7,25.0,0.667,0.0,8.3,0.0,0.0,0.0,0.0,0.0,0.0,0.0,0.0,0.0,0.0,0.0,0.0,0.0,0.0,33.4,25.0,33.4,0,0,33.4,1,13222,1,13222,24318,302,821,3281,15070,5844,15070,13505,14344,13505,14058,22137,23286,19908,16469,12854,8263,8846,20257,17725,1253,2811,12291,2246,150,11351,1,4:19
2024-25,1629673,Jordan Poole,Jordan,1610612764,WAS,Washington Wizards,0022401014,2025-03-21T00:00:00,WAS vs. ORL,L,27.166666666666668,9.3,17.2,0.538,5.3,10.6,0.5,0.0,0.0,0.0,0.0,2.7,2.7,2.7,2.7,1.3,0.0,0.0,4.0,0.0,23.9,-33.1,32.3,0,0,37.1,1,13222,1,13222,10216,4243,5546,7978,1949,2874,3944,13505,14344,13505,14058,17812,20537,14042,7691,9317,8263,8846,7205,17725,4904,24185,13060,2246,150,8646,1,27:10
2024-25,1631170,Jaime Jaquez Jr.,Jaime,1610612748,MIA,Miami Heat,0022401015,2025-03-21T00:00:00,MIA vs. HOU,L,14.633333333333333,4.9,12.3,0.4,0.0,2.5,0.0,0.0,0.0,0.0,2.5,2.5,4.9,4.9,4.9,0.0,2.5,2.5,0.0,0.0,9.8,-19.7,25.6,0,0,24.6,1,13222,1,13222,19803,14631,13076,14933,15070,18698,15070,13505,14344,13505,6746,18300,15004,7642,2436,12854,2447,2108,20257,17725,18320,21464,17887,2246,150,17946,1,14:38
2024-25,1631101,Shaedon Sharpe,Shaedon,1610612757,POR,Portland Trail Blazers,0022401022,2025-03-21T00:00:00,POR vs. DEN,W,38.583333333333336,9.3,20.5,0.455,0.9,9.3,0.1,1.9,1.9,1.0,1.9,3.7,5.6,1.9,0.9,0.9,0.9,0.0,3.7,3.7,21.5,19.6,35.6,0,0,33.6,1,1,13086,1,1068,4157,2624,12676,14861,4333,15047,11062,13075,1,8958,14527,13290,16874,16232,12487,7937,8846,7967,7045,6678,4076,10621,2246,150,11167,1,38:35
2024-25,1627736,Malik Beasley,Malik,1610612765,DET,Detroit Pistons,0022401019,2025-03-21T00:00:00,DET @ DAL,L,36.13166666666667,5.0,14.9,0.333,5.0,11.0,0.455,1.0,1.0,1.0,1.0,0.0,1.0,2.0,1.0,1.0,1.0,0.0,4.0,0.0,15.9,3.0,25.1,0,0,27.9,1,13222,1,13222,2596,14445,8689,17395,2300,2533,7148,13245,14222,1,13285,22137,23214,16402,15876,11991,7499,8846,7182,17725,11975,11129,18210,2246,150,15497,1,36:08
2024-25,1641783,Tristan da Silva,Tristan,1610612753,ORL,Orlando Magic,0022401014,2025-03-21T00:00:00,ORL @ WAS,W,20.033333333333335,7.2,16.2,0.444,1.8,7.2,0.25,0.0,0.0,0.0,1.8,7.2,9.0,1.8,0.0,0.0,0.0,1.8,1.8,0.0,16.2,-23.4,29.7,0,0,28.8,1,1,13086,1,15994,8485,6874,13045,11091,8068,11902,13505,14344,13505,9250,6023,6771,17092,16469,12854,8263,3908,16201,17725,11758,22439,15054,2246,150,14891,1,20:02
2024-25,1642382,Branden Carlson,Branden,1610612760,OKC,Oklahoma City Thunder,0022401017,2025-03-21T00:00:00,OKC vs. CHA,W,6.75,5.3,10.7,0.5,5.3,10.7,0.5,0.0,0.0,0.0,0.0,5.3,5.3,0.0,0.0,0.0,5.3,0.0,0.0,5.3,16.0,48.0,38.4,0,0,37.3,1,1,13086,1,23257,13448,15944,8526,1915,2812,3944,13505,14344,13505,14058,9937,13954,19908,16469,12854,432,8846,20257,3582,11919,604,8770,2246,150,8483,1,6:45
2024-25,1626181,Norman Powell,Norman,1610612746,LAC,LA Clippers,0022401023,2025-03-21T00:00:00,LAC vs. MEM,W,26.85,5.4,10.7,0.5,1.3,2.7,0.5,6.7,8.0,0.833,1.3,2.7,4.0,4.0,1.3,2.7,0.0,0.0,0.0,5.4,18.8,26.8,36.3,0,0,33.5,1,1,13086,1,10452,13361,15844,8526,12685,18292,3944,2238,2492,7275,11012,17744,17262,9879,13617,3951,8263,8846,20257,3528,9060,2465,10131,2246,150,11227,1,26:51
2024-25,1630217,Desmond Bane,Desmond,1610612763,MEM,Memphis Grizzlies,0022401023,2025-03-21T00:00:00,MEM @ LAC,L,32.903333333333336,3.3,7.7,0.429,2.2,5.5,0.4,2.2,2.2,1.0,1.1,4.4,5.5,4.4,2.2,1.1,0.0,1.1,3.3,1.1,10.9,-28.4,25.2,0,0,25.2,1,13222,1,13222,5242,18803,20708,13735,9282,12032,7874,9993,12123,1,12518,12585,13621,8944,9560,11072,8263,7099,9517,16937,17225,23509,18168,2246,150,17550,1,32:54
2024-25,1630595,Cade Cunningham,Cade,1610612765,DET,Detroit Pistons,0022401019,2025-03-21T00:00:00,DET @ DAL,L,38.431666666666665,14.1,28.1,0.5,1.9,4.7,0.4,2.8,4.7,0.6,0.9,5.6,6.6,5.6,1.9,0.9,0.0,1.9,3.7,3.7,32.8,-4.7,50.0,0,0,48.7,1,13222,1,13222,1151,690,389,8526,10762,14004,7874,8323,6510,10343,13733,9263,11045,6211,11192,12464,8263,3654,7920,6994,1368,15411,3266,2246,150,2919,1,38:26
2024-25,1627826,Ivica Zubac,Ivica,1610612746,LAC,LA Clippers,0022401023,2025-03-21T00:00:00,LAC vs. MEM,W,34.358333333333334,8.4,14.7,0.571,0.0,0.0,0.0,1.0,2.1,0.5,0.0,10.5,10.5,1.0,2.1,0.0,2.1,1.0,3.1,1.0,17.8,24.1,36.1,1,0,33.5,1,1,13086,1,3960,5836,9101,6538,15070,20945,15070,13086,12439,10625,14058,2247,4930,19533,10022,12854,3221,7514,10131,17183,10016,3006,10267,1,150,11219,1,34:22
2024-25,1642354,KJ Simpson,KJ,1610612766,CHA,Charlotte Hornets,0022401017,2025-03-21T00:00:00,CHA @ OKC,L,32.733333333333334,2.2,4.4,0.5,2.2,3.3,0.667,4.4,4.4,1.0,0.0,1.1,1.1,8.8,2.2,1.1,0.0,0.0,1.1,2.2,11.0,-22.0,26.6,0,0,25.3,1,13222,1,13222,5376,21040,23857,8526,9240,17074,1957,4991,7028,1,14058,21751,23082,2187,9505,11019,8263,8846,19104,12164,17180,22069,17205,2246,150,17440,1,32:44
2024-25,1630596,Evan Mobley,Evan,1610612739,CLE,Cleveland Cavaliers,0022401021,2025-03-21T00:00:00,CLE @ PHX,L,30.78,8.2,16.4,0.5,2.3,4.7,0.5,0.0,2.3,0.0,4.7,9.4,14.0,5.8,1.2,1.2,2.3,1.2,0.0,2.3,18.7,-10.5,53.7,1,0,48.0,1,13222,1,13222,7069,6232,6576,8526,8705,14015,3944,13505,11665,13505,2705,3154,2216,5763,14663,10436,2665,6483,20257,11591,9113,18120,2277,1,150,3161,1,30:47
2024-25,1631221,Collin Gillespie,Collin,1610612756,PHX,Phoenix Suns,0022401021,2025-03-21T00:00:00,PHX vs. CLE,W,23.883333333333333,7.5,9.0,0.833,4.5,4.5,1.0,0.0,0.0,0.0,0.0,3.0,3.0,6.0,1.5,1.5,0.0,0.0,1.5,3.0,19.6,16.6,35.3,0,0,36.2,1,1,13086,1,13003,7676,18651,1514,3032,14377,1,13505,14344,13505,14058,16665,19685,5432,12716,8380,8263,8846,17184,9184,8267,5047,10887,2246,150,9240,1,23:53
2024-25,1631117,Walker Kessler,Walker,1610612762,UTA,Utah Jazz,0022401020,2025-03-21T00:00:00,UTA vs. BOS,L,28.75,5.0,11.3,0.444,0.0,1.3,0.0,0.0,0.0,0.0,7.5,6.3,13.8,7.5,1.3,0.0,1.3,0.0,1.3,0.0,10.0,-21.3,40.3,0,0,33.8,1,13222,1,13222,8877,14368,14889,13045,15070,20558,15070,13505,14344,13505,952,7769,2349,3383,14085,12854,5887,8846,18267,17725,18146,21908,7558,2246,150,10995,1,28:45
2024-25,1630538,Bones Hyland,Bones,1610612750,MIN,Minnesota Timberwolves,0022401016,2025-03-21T00:00:00,MIN vs. NOP,W,6.5,5.5,5.5,1.0,5.5,5.5,1.0,0.0,0.0,0.0,0.0,0.0,0.0,11.1,5.5,0.0,0.0,0.0,11.1,0.0,16.6,27.7,27.7,0,0,33.2,1,1,13086,1,23365,12880,23055,1,1704,11870,1,13505,14344,13505,14058,22137,23286,973,1777,12854,8263,8846,528,17725,11256,2307,16430,2246,150,11458,1,6:30
2024-25,1630182,Josh Green,Josh,1610612766,CHA,Charlotte Hornets,0022401017,2025-03-21T00:00:00,CHA @ OKC,L,24.733333333333334,7.3,14.6,0.5,2.9,7.3,0.4,0.0,0.0,0.0,0.0,1.5,1.5,2.9,4.4,1.5,0.0,1.5,1.5,1.5,17.5,-23.3,23.6,0,0,27.7,1,13222,1,13222,12237,8274,9271,8526,6827,7873,7874,13505,14344,13505,14058,20977,22628,13238,3199,8607,8263,4961,17421,15215,10352,22406,19215,2246,150,15677,1,24:44
2024-25,1630558,Davion Mitchell,Davion,1610612748,MIA,Miami Heat,0022401015,2025-03-21T00:00:00,MIA vs. HOU,L,33.61666666666667,5.4,10.7,0.5,2.1,4.3,0.5,0.0,0.0,0.0,0.0,3.2,3.2,4.3,3.2,0.0,1.1,1.1,3.2,4.3,12.9,4.3,23.1,0,0,24.6,1,13222,1,13222,4618,13386,15871,8526,9499,14960,3944,13505,14344,13505,14058,16045,19197,9175,5787,12854,6978,7300,9809,5634,15243,10489,19478,2246,150,17934,1,33:37
2024-25,1631212,Peyton Watson,Peyton,1610612743,DEN,Denver Nuggets,0022401022,2025-03-21T00:00:00,DEN @ POR,L,27.421666666666667,6.6,14.4,0.455,2.6,5.3,0.5,0.0,0.0,0.0,1.3,5.3,6.6,0.0,0.0,0.0,0.0,2.6,2.6,0.0,15.8,-15.8,23.6,0,0,24.9,1,13222,1,13222,9999,10031,9451,12676,7753,12588,3944,13505,14344,13505,11141,10155,11032,19908,16469,12854,8263,1843,12343,17725,12174,20178,19180,2246,150,17730,1,27:25
2024-25,1627824,Guerschon Yabusele,Guerschon,1610612755,PHI,Philadelphia 76ers,0022401018,2025-03-21T00:00:00,PHI @ SAS,L,37.9,10.4,15.2,0.688,0.0,2.8,0.0,0.9,1.9,0.5,3.8,4.7,8.5,4.7,0.9,0.9,0.0,0.9,1.9,1.9,21.8,-3.8,41.1,0,0,37.0,1,13222,1,13222,1442,2760,8259,3227,15070,17959,15070,13369,12977,10625,3888,11575,7400,8054,16150,12348,8263,8343,15669,13510,6332,14951,7098,2246,150,8698,1,37:54
2024-25,1628401,Derrick White,Derrick,1610612738,BOS,Boston Celtics,0022401020,2025-03-21T00:00:00,BOS @ UTA,W,31.8,3.4,9.1,0.375,2.3,7.9,0.286,3.4,4.5,0.75,0.0,5.7,5.7,4.5,1.1,3.4,1.1,0.0,4.5,2.3,12.5,7.9,38.5,0,0,34.0,1,1,13086,1,6154,18546,18629,16299,8991,6581,11433,6904,6779,8186,14058,9141,13134,8574,14917,2389,6591,8846,5710,11880,15648,8675,8716,2246,150,10880,1,31:48
2024-25,1631128,Christian Braun,Christian,1610612743,DEN,Denver Nuggets,0022401022,2025-03-21T00:00:00,DEN @ POR,L,33.016666666666666,6.5,8.7,0.75,1.1,3.3,0.333,2.2,2.2,1.0,2.2,3.3,5.5,2.2,3.3,0.0,0.0,0.0,5.5,1.1,16.4,-19.6,22.9,0,0,25.1,1,13222,1,13222,5136,10088,19147,2107,14002,17132,9209,10024,12148,1,7649,15879,13668,15690,5594,12854,8263,8846,3776,16949,11548,21443,19621,2246,150,17625,1,33:01
2024-25,1631095,Jabari Smith Jr.,Jabari,1610612745,HOU,Houston Rockets,0022401015,2025-03-21T00:00:00,HOU @ MIA,W,21.766666666666666,5.0,9.9,0.5,5.0,6.6,0.75,3.3,6.6,0.5,0.0,9.9,9.9,0.0,3.3,0.0,0.0,0.0,1.7,3.3,18.2,13.2,26.8,0,0,33.1,1,1,13086,1,14698,14507,17198,8526,2325,9280,1542,7093,3748,10625,14058,2640,5526,19908,5482,12854,8263,8846,16687,8226,9633,6294,17089,2246,150,11596,1,21:46
2024-25,1642358,AJ Johnson,AJ,1610612764,WAS,Washington Wizards,0022401014,2025-03-21T00:00:00,WAS vs. ORL,L,22.6,9.6,14.3,0.667,3.2,4.8,0.667,0.0,0.0,0.0,0.0,3.2,3.2,4.8,1.6,0.0,0.0,1.6,0.0,0.0,22.3,15.9,31.7,0,0,33.5,1,13222,1,13222,14030,3807,9643,3281,5994,13767,1957,13505,14344,13505,14058,16136,19274,7979,12363,12854,8263,4452,20257,17725,6003,5276,13550,2246,150,11280,1,22:36
2024-25,1626164,Devin Booker,Devin,1610612756,PHX,Phoenix Suns,0022401021,2025-03-21T00:00:00,PHX vs. CLE,W,38.93833333333333,6.5,15.7,0.412,0.9,3.7,0.25,1.8,1.8,1.0,0.0,1.8,1.8,9.2,0.9,0.0,0.0,1.8,3.7,2.8,15.7,12.0,30.9,1,0,27.7,1,1,13086,1,905,10263,7522,14791,14888,16224,11902,11120,13112,1,14058,20113,22085,1842,16266,12854,8263,3745,8089,10065,12203,6786,14142,1,150,15619,1,38:56
2024-25,203468,CJ McCollum,CJ,1610612740,NOP,New Orleans Pelicans,0022401016,2025-03-21T00:00:00,NOP @ MIN,L,28.0,7.7,19.3,0.4,1.3,9.0,0.143,2.6,2.6,1.0,0.0,2.6,2.6,3.9,7.7,5.1,0.0,0.0,2.6,1.3,19.3,-25.7,35.9,0,0,37.3,1,13222,1,13222,9543,7239,3504,14933,12909,4827,14649,8876,11044,1,14058,18009,20681,10350,659,813,8263,8846,12524,15968,8561,22962,10456,2246,150,8516,1,28:00
2024-25,1641733,Nick Smith Jr.,Nick,1610612766,CHA,Charlotte Hornets,0022401017,2025-03-21T00:00:00,CHA @ OKC,L,26.45,6.8,19.1,0.357,5.4,12.2,0.444,0.0,0.0,0.0,0.0,0.0,0.0,4.1,5.4,0.0,0.0,1.4,1.4,0.0,19.1,-31.3,19.7,0,0,28.6,1,13222,1,13222,10776,9406,3712,17140,1795,1650,7211,13505,14344,13505,14058,22137,23286,9695,1860,12854,8263,5352,17781,17725,8794,23931,21292,2246,150,15002,1,26:27
2024-25,1628379,Luke Kennard,Luke,1610612763,MEM,Memphis Grizzlies,0022401023,2025-03-21T00:00:00,MEM @ LAC,L,29.495,7.3,11.0,0.667,3.7,6.1,0.6,0.0,0.0,0.0,0.0,2.4,2.4,4.9,1.2,3.7,0.0,0.0,2.4,0.0,18.3,-11.0,38.3,0,0,36.6,1,13222,1,13222,8234,8177,15374,3281,4775,10432,2992,13505,14344,13505,14058,18357,20914,7730,14290,2016,8263,8846,13030,17725,9514,18318,8823,2246,150,8965,1,29:30
2024-25,1642505,Alex Ducas,Alex,1610612760,OKC,Oklahoma City Thunder,0022401017,2025-03-21T00:00:00,OKC vs. CHA,W,6.183333333333334,5.8,5.8,1.0,5.8,5.8,1.0,0.0,0.0,0.0,0.0,0.0,0.0,0.0,5.8,11.6,0.0,0.0,0.0,0.0,17.5,23.3,46.6,0,0,46.6,1,1,13086,1,23525,12044,22790,1,1458,11147,1,13505,14344,13505,14058,22137,23286,19908,1533,78,8263,8846,20257,17725,10352,3199,4500,2246,150,3637,1,6:11
2024-25,1628970,Miles Bridges,Miles,1610612766,CHA,Charlotte Hornets,0022401017,2025-03-21T00:00:00,CHA @ OKC,L,25.783333333333335,7.0,16.8,0.417,5.6,14.0,0.4,8.4,8.4,1.0,0.0,4.2,4.2,5.6,1.4,1.4,1.4,0.0,2.8,5.6,27.9,-25.1,48.3,0,0,48.9,1,13222,1,13222,11342,8977,6106,14532,1675,938,7874,1239,2274,1,14058,13147,16834,6281,13302,8924,5244,8846,11675,3213,2820,22840,3876,2246,150,2868,1,25:47
2024-25,1629599,Amir Coffey,Amir,1610612746,LAC,LA Clippers,0022401023,2025-03-21T00:00:00,LAC vs. MEM,W,14.5,5.0,9.9,0.5,2.5,5.0,0.5,2.5,5.0,0.5,0.0,5.0,5.0,2.5,2.5,0.0,0.0,0.0,0.0,2.5,14.9,0.0,22.1,0,0,24.8,1,1,13086,1,19877,14489,17187,8526,8210,13284,3944,9101,5997,10625,14058,10974,14882,14602,8319,12854,8263,8846,20257,11055,13020,12240,20086,2246,150,17806,1,14:30
2024-25,1642273,Kyshawn George,Kyshawn,1610612764,WAS,Washington Wizards,0022401014,2025-03-21T00:00:00,WAS vs. ORL,L,28.333333333333332,3.8,11.4,0.333,1.3,6.4,0.2,0.0,0.0,0.0,1.3,3.8,5.1,10.2,1.3,2.5,1.3,2.5,3.8,1.3,8.9,-31.8,40.4,0,0,33.0,1,13222,1,13222,9268,17533,14602,17395,12978,9862,13429,13505,14344,13505,11355,14284,14567,1354,13964,4273,5794,1968,7700,16027,19184,23999,7514,2246,150,11632,1,28:20
2024-25,1628991,Jaren Jackson Jr.,Jaren,1610612763,MEM,Memphis Grizzlies,0022401023,2025-03-21T00:00:00,MEM @ LAC,L,35.196666666666665,9.2,24.5,0.375,3.1,9.2,0.333,2.0,4.1,0.5,0.0,2.0,2.0,1.0,1.0,1.0,1.0,5.1,3.1,3.1,23.5,-14.3,32.6,0,0,33.8,1,13222,1,13222,3322,4348,912,16299,6298,4516,9209,10475,7650,10625,14058,19517,21708,19613,15689,11735,7326,342,10396,9004,5112,19624,12861,2246,150,11029,1,35:12
2024-25,1641871,Duop Reath,Duop,1610612757,POR,Portland Trail Blazers,0022401022,2025-03-21T00:00:00,POR vs. DEN,W,32.483333333333334,6.6,8.9,0.75,0.0,1.1,0.0,0.0,0.0,0.0,4.4,3.3,7.8,4.4,1.1,1.1,0.0,0.0,4.4,3.3,13.3,28.8,31.5,0,0,27.7,1,1,13086,1,5567,9822,18913,2107,15070,20734,15070,13505,14344,13505,3008,15718,8704,8806,15078,10953,8263,8846,5933,8181,14753,2131,13689,2246,150,15633,1,32:29
2024-25,1641709,Ausar Thompson,Ausar,1610612765,DET,Detroit Pistons,0022401019,2025-03-21T00:00:00,DET @ DAL,L,15.775,6.8,18.3,0.375,0.0,0.0,0.0,4.6,4.6,1.0,6.8,0.0,6.8,6.8,0.0,2.3,0.0,4.6,4.6,4.6,18.3,-25.1,43.6,0,0,36.5,1,13222,1,13222,19091,9304,4402,16299,15070,20945,15070,4737,6720,1,1202,22137,10434,4215,16469,5101,8263,472,5636,5021,9568,22830,5857,2246,150,9036,1,15:47
2024-25,1630171,Isaac Okoro,Isaac,1610612739,CLE,Cleveland Cavaliers,0022401021,2025-03-21T00:00:00,CLE @ PHX,L,13.8,7.8,15.7,0.5,5.2,13.0,0.4,5.2,5.2,1.0,2.6,0.0,2.6,2.6,0.0,0.0,0.0,0.0,2.6,2.6,26.1,13.0,33.1,0,0,36.5,1,13222,1,13222,20303,7018,7621,8526,2032,1279,7874,3750,5575,1,6322,22137,20623,14185,16469,12854,8263,8846,12392,10607,3638,6376,12488,2246,150,9032,1,13:48
2024-25,202691,Klay Thompson,Klay,1610612742,DAL,Dallas Mavericks,0022401019,2025-03-21T00:00:00,DAL vs. DET,W,30.283333333333335,7.1,16.6,0.429,3.6,13.1,0.273,5.9,7.1,0.833,0.0,5.9,5.9,1.2,2.4,0.0,0.0,0.0,0.0,2.4,23.8,3.6,30.3,0,0,34.5,1,1,13086,1,7510,8623,6252,13735,4992,1259,11838,2921,3236,7275,14058,8462,12422,19054,8740,12854,8263,8846,20257,11440,4951,10871,14565,2246,150,10473,1,30:17
2024-25,1627739,Kris Dunn,Kris,1610612746,LAC,LA Clippers,0022401023,2025-03-21T00:00:00,LAC vs. MEM,W,18.666666666666668,7.7,15.4,0.5,5.8,13.5,0.429,0.0,0.0,0.0,0.0,5.8,5.8,1.9,1.9,0.0,0.0,0.0,1.9,0.0,21.2,17.4,29.1,0,0,34.7,1,1,13086,1,17057,7244,7920,8526,1490,1095,7394,13505,14344,13505,14058,8821,12794,16645,10909,12854,8263,8846,15529,17725,6914,4787,15411,2246,150,10284,1,18:40
2024-25,1641738,Kobe Brown,Kobe,1610612746,LAC,LA Clippers,0022401023,2025-03-21T00:00:00,LAC vs. MEM,W,0.7866666666666666,0.0,0.0,0.0,0.0,0.0,0.0,0.0,0.0,0.0,0.0,0.0,0.0,0.0,0.0,0.0,0.0,0.0,0.0,0.0,0.0,0.0,0.0,0,0,0.0,1,1,13086,1,26134,22635,24836,22635,15070,20945,15070,13505,14344,13505,14058,22137,23286,19908,16469,12854,8263,8846,20257,17725,23200,12240,25228,2246,150,25259,1,0:47
2024-25,1642267,Bub Carrington,Bub,1610612764,WAS,Washington Wizards,0022401014,2025-03-21T00:00:00,WAS vs. ORL,L,26.383333333333333,1.4,9.6,0.143,0.0,5.5,0.0,0.0,0.0,0.0,0.0,2.7,2.7,4.1,6.8,0.0,1.4,0.0,2.7,0.0,2.7,-16.4,9.4,0,0,12.3,1,13222,1,13222,10831,22331,17854,22260,15070,12062,15070,13505,14344,13505,14058,17611,20392,9675,974,12854,5393,8846,11919,17725,23016,20405,24507,2246,150,23919,1,26:23
2024-25,1630215,Jared Butler,Jared,1610612755,PHI,Philadelphia 76ers,0022401018,2025-03-21T00:00:00,PHI @ SAS,L,27.5,2.6,6.5,0.4,1.3,2.6,0.5,0.0,0.0,0.0,0.0,3.9,3.9,5.2,5.2,1.3,0.0,0.0,2.6,1.3,6.5,0.0,17.8,0,0,19.6,1,13222,1,13222,9944,20248,22057,14933,12825,18415,3944,13505,14344,13505,14058,13945,17498,6968,2077,9410,8263,8846,12363,15862,21022,12240,22176,2246,150,21072,1,27:30
2024-25,201567,Kevin Love,Kevin,1610612748,MIA,Miami Heat,0022401015,2025-03-21T00:00:00,MIA vs. HOU,L,5.6,0.0,0.0,0.0,0.0,0.0,0.0,0.0,0.0,0.0,0.0,0.0,0.0,0.0,0.0,0.0,0.0,0.0,6.4,0.0,0.0,-25.7,0.0,0,0,0.0,1,13222,1,13222,23743,22635,24836,22635,15070,20945,15070,13505,14344,13505,14058,22137,23286,19908,16469,12854,8263,8846,2466,17725,23200,22962,25228,2246,150,25259,1,5:36
2024-25,1630198,Isaiah Joe,Isaiah,1610612760,OKC,Oklahoma City Thunder,0022401017,2025-03-21T00:00:00,OKC vs. CHA,W,20.616666666666667,8.7,17.5,0.5,7.0,15.7,0.444,0.0,0.0,0.0,1.7,1.7,3.5,0.0,3.5,0.0,0.0,0.0,7.0,1.7,24.4,10.5,25.1,0,0,34.9,1,1,13086,1,15553,5216,5289,8526,772,563,7211,13505,14344,13505,9426,20361,18566,19908,5025,12854,8263,8846,1990,14126,4526,7478,18183,2246,150,10152,1,20:37
2024-25,1641729,Brice Sensabaugh,Brice,1610612762,UTA,Utah Jazz,0022401020,2025-03-21T00:00:00,UTA vs. BOS,L,12.5,8.6,20.2,0.429,2.9,5.8,0.5,0.0,0.0,0.0,0.0,11.5,11.5,0.0,2.9,2.9,0.0,0.0,2.9,0.0,20.2,20.2,39.7,0,0,40.3,1,13222,1,13222,20992,5360,2870,13735,6939,11296,3944,13505,14344,13505,14058,1617,3928,19908,6918,3462,8263,8846,11276,17725,7781,3904,7924,2246,150,6589,1,12:30
2024-25,1628470,Torrey Craig,Torrey,1610612738,BOS,Boston Celtics,0022401020,2025-03-21T00:00:00,BOS @ UTA,W,0.6533333333333333,0.0,0.0,0.0,0.0,0.0,0.0,0.0,0.0,0.0,0.0,0.0,0.0,0.0,0.0,0.0,0.0,0.0,0.0,0.0,0.0,-165.3,0.0,0,0,0.0,1,1,13086,1,26168,22635,24836,22635,15070,20945,15070,13505,14344,13505,14058,22137,23286,19908,16469,12854,8263,8846,20257,17725,23200,26266,25228,2246,150,25259,1,0:39
2024-25,1629234,Drew Eubanks,Drew,1610612746,LAC,LA Clippers,0022401023,2025-03-21T00:00:00,LAC vs. MEM,W,2.695,0.0,0.0,0.0,0.0,0.0,0.0,13.4,26.7,0.5,0.0,26.7,26.7,0.0,0.0,0.0,0.0,0.0,0.0,13.4,13.4,40.1,45.4,0,0,40.1,1,1,13086,1,25133,22635,24836,22635,15070,20945,15070,248,73,10625,14058,62,149,19908,16469,12854,8263,8846,20257,143,14675,979,4987,2246,150,6741,1,2:42
2024-25,1631104,Blake Wesley,Blake,1610612759,SAS,San Antonio Spurs,0022401018,2025-03-21T00:00:00,SAS vs. PHI,W,19.05,5.7,9.4,0.6,5.7,5.7,1.0,1.9,3.8,0.5,0.0,0.0,0.0,5.7,1.9,1.9,0.0,3.8,1.9,1.9,18.9,-17.0,31.2,0,0,34.0,1,1,13086,1,16782,12509,18046,5394,1591,11528,1,10989,8299,10625,14058,22137,23286,6104,11104,6811,8263,744,15746,13557,8949,20623,13916,2246,150,10840,1,19:03
2024-25,1630572,Sandro Mamukelashvili,Sandro,1610612759,SAS,San Antonio Spurs,0022401018,2025-03-21T00:00:00,SAS vs. PHI,W,12.566666666666666,2.9,11.5,0.25,0.0,8.6,0.0,0.0,0.0,0.0,2.9,8.6,11.5,2.9,2.9,0.0,0.0,0.0,5.7,0.0,5.7,-11.5,20.9,0,0,20.1,1,1,13086,1,20955,19745,14549,20233,15070,5427,15070,13505,14344,13505,5687,3945,3996,13400,6977,12854,8263,8846,3339,17725,21574,18511,20728,2246,150,20834,1,12:34
2024-25,1629723,John Konchar,John,1610612763,MEM,Memphis Grizzlies,0022401023,2025-03-21T00:00:00,MEM @ LAC,L,13.031666666666666,0.0,5.5,0.0,0.0,2.8,0.0,0.0,0.0,0.0,0.0,5.5,5.5,0.0,2.8,2.8,0.0,0.0,2.8,0.0,0.0,19.3,12.2,0,0,11.1,1,13222,1,13222,20732,22635,23069,22635,15070,18134,15070,13505,14344,13505,14058,9462,13474,19908,7339,3772,8263,8846,11788,17725,23200,4159,23972,2246,150,24210,1,13:02
2024-25,1641712,Rayan Rupert,Rayan,1610612757,POR,Portland Trail Blazers,0022401022,2025-03-21T00:00:00,POR vs. DEN,W,2.45,0.0,0.0,0.0,0.0,0.0,0.0,0.0,0.0,0.0,0.0,0.0,0.0,0.0,29.4,0.0,0.0,0.0,0.0,0.0,0.0,-58.8,-29.4,0,0,0.0,1,1,13086,1,25225,22635,24836,22635,15070,20945,15070,13505,14344,13505,14058,22137,23286,19908,17,12854,8263,8846,20257,17725,23200,25651,26296,2246,150,25259,1,2:27
2024-25,1642262,Cody Williams,Cody,1610612762,UTA,Utah Jazz,0022401020,2025-03-21T00:00:00,UTA vs. BOS,L,21.283333333333335,3.4,10.1,0.333,0.0,1.7,0.0,0.0,0.0,0.0,0.0,1.7,1.7,0.0,0.0,0.0,1.7,1.7,1.7,0.0,6.8,-8.5,13.9,0,0,11.8,1,13222,1,13222,15078,18578,16824,17395,15070,20057,15070,13505,14344,13505,14058,20482,22314,19908,16469,12854,4315,4170,16559,17725,20887,17160,23529,2246,150,24018,1,21:17
2024-25,1631248,Baylor Scheierman,Baylor,1610612738,BOS,Boston Celtics,0022401020,2025-03-21T00:00:00,BOS @ UTA,W,12.416666666666666,0.0,11.6,0.0,0.0,11.6,0.0,0.0,0.0,0.0,0.0,0.0,0.0,0.0,0.0,0.0,0.0,0.0,0.0,2.9,0.0,14.5,0.0,0,0,0.0,1,1,13086,1,21035,22635,14310,22635,15070,2038,15070,13505,14344,13505,14058,22137,23286,19908,16469,12854,8263,8846,20257,9591,23200,5823,25228,2246,150,25259,1,12:25
2024-25,1631110,Jeremy Sochan,Jeremy,1610612759,SAS,San Antonio Spurs,0022401018,2025-03-21T00:00:00,SAS vs. PHI,W,35.43333333333333,11.2,17.3,0.647,0.0,0.0,0.0,1.0,2.0,0.5,4.1,5.1,9.1,2.0,1.0,0.0,0.0,1.0,3.0,4.1,23.4,12.2,36.4,0,0,34.5,1,1,13086,1,3125,2123,5486,4571,15070,20945,15070,13190,12625,10625,3503,10637,6517,16254,15739,12854,8263,7763,10498,6133,5229,6718,10099,2246,150,10410,1,35:26
2024-25,1628978,Donte DiVincenzo,Donte,1610612750,MIN,Minnesota Timberwolves,0022401016,2025-03-21T00:00:00,MIN vs. NOP,W,22.65,6.4,15.9,0.4,4.8,14.3,0.333,3.2,3.2,1.0,1.6,0.0,1.6,4.8,0.0,0.0,1.6,0.0,1.6,0.0,20.7,25.4,34.5,0,0,35.0,1,1,13086,1,13991,10546,7276,14933,2607,848,9209,7373,9551,1,9965,22137,22455,7999,16469,12854,4588,8846,16903,17725,7347,2722,11462,2246,150,10117,1,22:39
2024-25,202692,Alec Burks,Alec,1610612748,MIA,Miami Heat,0022401015,2025-03-21T00:00:00,MIA vs. HOU,L,3.75,0.0,9.6,0.0,0.0,9.6,0.0,0.0,0.0,0.0,0.0,0.0,0.0,0.0,0.0,0.0,0.0,0.0,0.0,0.0,0.0,-57.6,0.0,0,0,0.0,1,13222,1,13222,24601,22635,17768,22635,15070,3978,15070,13505,14344,13505,14058,22137,23286,19908,16469,12854,8263,8846,20257,17725,23200,25621,25228,2246,150,25259,1,3:45
2024-25,1629618,Jalen Pickett,Jalen,1610612743,DEN,Denver Nuggets,0022401022,2025-03-21T00:00:00,DEN @ POR,L,23.263333333333332,3.1,9.3,0.333,1.5,3.1,0.5,0.0,0.0,0.0,0.0,0.0,0.0,7.7,0.0,1.5,0.0,1.5,4.6,0.0,7.7,-13.9,24.0,0,0,20.1,1,13222,1,13222,13508,19210,18288,17395,11868,17466,3944,13505,14344,13505,14058,22137,23286,3143,16469,8207,8263,4601,5432,17725,20138,19477,18959,2246,150,20787,1,23:16
2024-25,1631119,Jaylin Williams,Jaylin,1610612760,OKC,Oklahoma City Thunder,0022401017,2025-03-21T00:00:00,OKC vs. CHA,W,23.3,6.2,10.8,0.571,4.6,7.7,0.6,4.6,6.2,0.75,0.0,7.7,7.7,6.2,0.0,0.0,0.0,0.0,3.1,3.1,21.6,32.4,40.2,0,0,40.2,1,1,13086,1,13465,11019,15672,6538,2830,6951,2992,4618,4251,8186,14058,5122,8763,5196,16469,12854,8263,8846,10308,8918,6521,1686,7653,2246,150,6690,1,23:18
2024-25,1642285,Cam Spencer,Cam,1610612763,MEM,Memphis Grizzlies,0022401023,2025-03-21T00:00:00,MEM @ LAC,L,1.3333333333333333,0.0,0.0,0.0,0.0,0.0,0.0,0.0,0.0,0.0,0.0,0.0,0.0,0.0,0.0,0.0,0.0,0.0,0.0,0.0,0.0,-27.0,0.0,0,0,0.0,1,13222,1,13222,25896,22635,24836,22635,15070,20945,15070,13505,14344,13505,14058,22137,23286,19908,16469,12854,8263,8846,20257,17725,23200,23238,25228,2246,150,25259,1,1:20
2024-25,1630170,Devin Vassell,Devin,1610612759,SAS,San Antonio Spurs,0022401018,2025-03-21T00:00:00,SAS vs. PHI,W,37.31666666666667,6.8,15.4,0.438,3.9,7.7,0.5,1.9,1.9,1.0,1.0,3.9,4.8,6.8,1.9,2.9,0.0,0.0,2.9,1.0,19.3,4.8,42.0,0,0,40.5,1,1,13086,1,1783,9557,7912,13558,4303,6964,3944,10868,12910,1,13536,14156,15237,4347,10902,3426,8263,8846,11214,17505,8559,10198,6639,2246,150,6490,1,37:19
2024-25,1630526,Jeremiah Robinson-Earl,Jeremiah,1610612740,NOP,New Orleans Pelicans,0022401016,2025-03-21T00:00:00,NOP @ MIN,L,28.916666666666668,2.5,7.5,0.333,1.2,6.2,0.2,2.5,3.7,0.667,2.5,2.5,5.0,0.0,2.5,2.5,0.0,0.0,2.5,2.5,8.7,-39.8,19.7,0,0,19.9,1,13222,1,13222,8740,20480,20977,17395,13124,10139,13429,9082,8401,9425,6637,18212,14848,19908,8290,4411,8263,8846,12843,11029,19334,24831,21328,2246,150,20901,1,28:55
2024-25,1631303,Justin Minaya,Justin,1610612757,POR,Portland Trail Blazers,0022401022,2025-03-21T00:00:00,POR vs. DEN,W,2.45,0.0,0.0,0.0,0.0,0.0,0.0,0.0,0.0,0.0,0.0,0.0,0.0,0.0,0.0,0.0,0.0,0.0,0.0,0.0,0.0,-58.8,0.0,0,0,0.0,1,1,13086,1,25225,22635,24836,22635,15070,20945,15070,13505,14344,13505,14058,22137,23286,19908,16469,12854,8263,8846,20257,17725,23200,25651,25228,2246,150,25259,1,2:27
2024-25,1642348,Justin Edwards,Justin,1610612755,PHI,Philadelphia 76ers,0022401018,2025-03-21T00:00:00,PHI @ SAS,L,38.083333333333336,8.5,13.2,0.643,2.8,5.7,0.5,3.8,5.7,0.667,0.9,3.8,4.7,1.9,1.9,0.0,0.9,0.0,1.9,3.8,23.6,-7.6,33.1,0,0,35.0,1,13222,1,13222,1336,5603,11420,4607,7099,11522,3944,6125,4932,9425,13688,14386,15494,16787,11101,12854,7864,8846,15740,6903,5031,16763,12527,2246,150,10110,1,38:05
2024-25,1628415,Dillon Brooks,Dillon,1610612745,HOU,Houston Rockets,0022401015,2025-03-21T00:00:00,HOU @ MIA,W,34.025,4.2,11.6,0.364,1.1,7.4,0.143,2.1,2.1,1.0,0.0,1.1,1.1,0.0,3.2,3.2,0.0,1.1,4.2,1.1,11.6,-8.5,19.3,0,0,20.1,1,1,13086,1,4239,16504,14245,16861,14205,7603,14649,10244,12372,1,14058,21859,23145,19908,5895,2792,8263,7425,6464,17135,16535,17167,21514,2246,150,20799,1,34:02
2024-25,1630202,Payton Pritchard,Payton,1610612738,BOS,Boston Celtics,0022401020,2025-03-21T00:00:00,BOS @ UTA,W,31.583333333333332,6.8,14.8,0.462,4.6,12.5,0.364,2.3,3.4,0.667,1.1,1.1,2.3,4.6,1.1,1.1,0.0,0.0,2.3,3.4,20.5,16.0,32.4,0,0,34.2,1,1,13086,1,6350,9321,8865,12428,2957,1506,9100,9689,9047,9425,12192,21659,21247,8512,14866,10678,8263,8846,13724,7896,7475,5262,13035,2246,150,10701,1,31:35
2024-25,1630577,Julian Champagnie,Julian,1610612759,SAS,San Antonio Spurs,0022401018,2025-03-21T00:00:00,SAS vs. PHI,W,16.866666666666667,4.3,12.8,0.333,4.3,10.7,0.4,0.0,0.0,0.0,2.1,2.1,4.3,0.0,2.1,2.1,0.0,0.0,2.1,2.1,12.8,-14.9,22.2,0,0,25.6,1,1,13086,1,18343,16403,12194,17395,3446,2809,7874,13505,14344,13505,7831,19258,16615,19908,9819,5644,8263,8846,14434,12465,15283,19881,20026,2246,150,17201,1,16:52
2024-25,202699,Tobias Harris,Tobias,1610612765,DET,Detroit Pistons,0022401019,2025-03-21T00:00:00,DET @ DAL,L,34.735,4.1,11.4,0.364,1.0,4.1,0.25,0.0,0.0,0.0,2.1,4.1,6.2,3.1,2.1,5.2,1.0,1.0,3.1,0.0,9.3,-12.4,38.0,0,0,32.1,1,13222,1,13222,3665,16738,14657,16861,14334,15243,11902,13505,14344,13505,8072,13289,11782,12582,10149,793,7226,7609,10242,17725,18788,18917,9005,2246,150,12280,1,34:44
2024-25,1630162,Anthony Edwards,Anthony,1610612750,MIN,Minnesota Timberwolves,0022401016,2025-03-21T00:00:00,MIN vs. NOP,W,25.566666666666666,8.4,18.3,0.462,4.2,9.9,0.429,2.8,2.8,1.0,2.8,1.4,4.2,7.0,4.2,2.8,0.0,0.0,0.0,1.4,23.9,29.6,43.8,0,0,45.1,1,1,13086,1,11516,5714,4363,12428,3522,3654,7394,8307,10447,1,5819,21060,16753,3965,3461,3649,8263,8846,20257,15414,4846,2023,5770,2246,150,4244,1,25:34
2024-25,1641794,Dillon Jones,Dillon,1610612760,OKC,Oklahoma City Thunder,0022401017,2025-03-21T00:00:00,OKC vs. CHA,W,8.833333333333334,8.2,16.3,0.5,0.0,4.1,0.0,0.0,0.0,0.0,0.0,12.2,12.2,4.1,0.0,0.0,0.0,4.1,0.0,0.0,16.3,28.5,37.1,0,0,32.6,1,1,13086,1,22517,6299,6680,8526,15070,15407,15070,13505,14344,13505,14058,1264,3326,9722,16469,12854,8263,628,20257,17725,11602,2182,9638,2246,150,11935,1,8:50
2024-25,203939,Dwight Powell,Dwight,1610612742,DAL,Dallas Mavericks,0022401019,2025-03-21T00:00:00,DAL vs. DET,W,19.416666666666668,3.7,3.7,1.0,0.0,0.0,0.0,0.0,0.0,0.0,3.7,1.9,5.6,3.7,1.9,0.0,0.0,0.0,3.7,0.0,7.4,-3.7,17.8,0,0,16.7,1,1,13086,1,16483,17815,24224,1,15070,20945,15070,13505,14344,13505,4026,20101,13388,10767,11297,12854,8263,8846,8049,17725,20394,14892,22178,2246,150,22430,1,19:25
2024-25,1630264,Anthony Gill,Anthony,1610612764,WAS,Washington Wizards,0022401014,2025-03-21T00:00:00,WAS vs. ORL,L,22.066666666666666,3.3,4.9,0.667,0.0,0.0,0.0,9.8,11.4,0.857,1.6,6.5,8.2,1.6,0.0,3.3,0.0,0.0,0.0,6.5,16.3,17.9,38.3,0,0,32.6,1,13222,1,13222,14445,18845,23534,3281,15070,20945,15070,755,913,7071,9806,7246,7995,17565,16469,2628,8263,8846,20257,2048,11590,4577,8815,2246,150,11923,1,22:04
2024-25,1641722,Jordan Hawkins,Jordan,1610612740,NOP,New Orleans Pelicans,0022401016,2025-03-21T00:00:00,NOP @ MIN,L,26.7,4.0,9.4,0.429,1.3,5.4,0.25,4.0,5.4,0.75,0.0,6.7,6.7,4.0,0.0,0.0,0.0,1.3,1.3,2.7,13.5,-29.7,27.6,0,0,25.6,1,13222,1,13222,10565,16984,18061,13735,12660,12226,11902,5615,5326,8186,14058,6811,10653,9818,16469,12854,8263,5408,17828,10327,14524,23685,16465,2246,150,17198,1,26:42
2024-25,1628436,Luke Kornet,Luke,1610612738,BOS,Boston Celtics,0022401020,2025-03-21T00:00:00,BOS @ UTA,W,16.858333333333334,4.3,8.5,0.5,0.0,0.0,0.0,0.0,0.0,0.0,6.4,10.7,17.1,0.0,0.0,0.0,6.4,0.0,2.1,0.0,8.5,49.1,48.3,0,0,38.4,1,1,13086,1,18352,16397,19430,8526,15070,20945,15070,13505,14344,13505,1413,2103,1107,19908,16469,12854,252,8846,14427,17725,19477,578,3891,2246,150,7740,1,16:52
2024-25,1628427,Vlatko Čančar,Vlatko,1610612743,DEN,Denver Nuggets,0022401022,2025-03-21T00:00:00,DEN @ POR,L,4.316666666666666,0.0,0.0,0.0,0.0,0.0,0.0,0.0,0.0,0.0,0.0,0.0,0.0,16.7,0.0,0.0,0.0,0.0,0.0,0.0,0.0,25.0,25.0,0,0,16.7,1,13222,1,13222,24318,22635,24836,22635,15070,20945,15070,13505,14344,13505,14058,22137,23286,175,16469,12854,8263,8846,20257,17725,23200,2811,18276,2246,150,22433,1,4:19
2024-25,202695,Kawhi Leonard,Kawhi,1610612746,LAC,LA Clippers,0022401023,2025-03-21T00:00:00,LAC vs. MEM,W,36.56666666666667,8.9,11.8,0.75,1.0,3.0,0.333,3.9,3.9,1.0,0.0,9.8,9.8,3.9,1.0,0.0,0.0,0.0,1.0,3.9,22.6,15.8,39.4,1,0,37.4,1,1,13086,1,2294,4952,13919,2107,14634,17746,9209,5811,7969,1,14058,2692,5607,10111,15946,12854,8263,8846,19788,6466,5743,5337,8145,1,150,8419,1,36:34
2024-25,1630224,Jalen Green,Jalen,1610612745,HOU,Houston Rockets,0022401015,2025-03-21T00:00:00,HOU @ MIA,W,32.21666666666667,3.4,14.5,0.231,0.0,4.5,0.0,0.0,0.0,0.0,0.0,4.5,4.5,1.1,0.0,1.1,1.1,0.0,1.1,1.1,6.7,-7.8,20.4,0,0,16.8,1,1,13086,1,5792,18638,9315,21157,15070,14524,15070,13505,14344,13505,14058,12339,16123,19302,16469,10882,6686,8846,19000,16837,20919,16886,20965,2246,150,22402,1,32:13
2024-25,1629610,DaQuan Jeffries,DaQuan,1610612766,CHA,Charlotte Hornets,0022401017,2025-03-21T00:00:00,CHA @ OKC,L,23.5,4.6,15.3,0.3,4.6,9.2,0.5,3.1,3.1,1.0,0.0,0.0,0.0,1.5,1.5,0.0,1.5,3.1,1.5,1.5,16.9,-15.3,22.2,0,0,26.0,1,13222,1,13222,13305,15512,8071,19363,2899,4544,3944,7635,9811,1,14058,22137,23286,17865,12607,12854,4742,1268,17110,14870,11008,20019,20021,2246,150,16899,1,23:30
2024-25,1641718,Keyonte George,Keyonte,1610612762,UTA,Utah Jazz,0022401020,2025-03-21T00:00:00,UTA vs. BOS,L,33.30166666666667,7.6,17.3,0.438,5.4,9.7,0.556,0.0,0.0,0.0,0.0,4.3,4.3,7.6,3.2,0.0,0.0,3.2,1.1,3.2,20.5,-23.8,33.8,0,0,37.8,1,13222,1,13222,4898,7610,5456,13558,1844,3813,3747,13505,14344,13505,14058,12736,16477,3318,5694,12854,8263,1114,19211,8431,7455,22521,11944,2246,150,8140,1,33:18
2024-25,1630241,Sam Merrill,Sam,1610612739,CLE,Cleveland Cavaliers,0022401021,2025-03-21T00:00:00,CLE @ PHX,L,17.766666666666666,4.1,14.2,0.286,0.0,8.1,0.0,0.0,0.0,0.0,4.1,10.1,14.2,0.0,2.0,8.1,0.0,0.0,0.0,0.0,8.1,4.1,47.4,0,0,38.5,1,13222,1,13222,17729,16963,9863,19630,15070,6273,15070,13505,14344,13505,3521,2478,2155,19908,10389,203,8263,8846,20257,17725,19829,10616,4174,2246,150,7703,1,17:46
2024-25,201566,Russell Westbrook,Russell,1610612743,DEN,Denver Nuggets,0022401022,2025-03-21T00:00:00,DEN @ POR,L,29.886666666666667,7.2,15.7,0.462,0.0,1.2,0.0,7.2,9.6,0.75,1.2,3.6,4.8,4.8,10.8,3.6,0.0,2.4,6.0,6.0,21.7,-9.6,34.7,0,0,38.5,1,13222,1,13222,7888,8385,7600,12428,15070,20618,15070,1850,1532,8186,11766,14886,15253,7870,266,2074,8263,2200,2908,2590,6476,17734,11298,2246,150,7677,1,29:53
2024-25,1630583,Santi Aldama,Santi,1610612763,MEM,Memphis Grizzlies,0022401023,2025-03-21T00:00:00,MEM @ LAC,L,31.766666666666666,5.7,12.5,0.455,3.4,9.1,0.375,3.4,5.7,0.6,1.1,4.5,5.7,7.9,1.1,1.1,0.0,0.0,0.0,3.4,18.1,-24.9,39.1,0,0,37.4,1,13222,1,13222,6187,12520,12790,12676,5381,4715,8800,6898,4945,10343,12235,12169,13117,2966,14914,10735,8263,8846,20257,7953,9697,22795,8342,2246,150,8433,1,31:46
2024-25,1630573,Sam Hauser,Sam,1610612738,BOS,Boston Celtics,0022401020,2025-03-21T00:00:00,BOS @ UTA,W,28.933333333333334,6.2,12.4,0.5,5.0,10.0,0.5,0.0,0.0,0.0,0.0,1.2,1.2,0.0,0.0,1.2,0.0,0.0,0.0,1.2,17.4,18.7,22.6,0,0,26.1,1,1,13086,1,8729,10918,12827,8526,2307,3541,3944,13505,14344,13505,14058,21415,22888,19908,16469,9835,8263,8846,20257,16160,10403,4358,19785,2246,150,16849,1,28:56
2024-25,1629675,Naz Reid,Naz,1610612750,MIN,Minnesota Timberwolves,0022401016,2025-03-21T00:00:00,MIN vs. NOP,W,24.483333333333334,8.8,19.1,0.462,4.4,11.8,0.375,0.0,0.0,0.0,0.0,7.4,7.4,8.8,0.0,1.5,0.0,0.0,1.5,0.0,22.1,27.9,48.5,0,0,45.6,1,1,13086,1,12492,5023,3668,12428,3216,1922,8800,13505,14344,13505,14058,5750,9472,2159,16469,8529,8263,8846,17345,17725,6165,2280,3799,2246,150,3991,1,24:29
2024-25,1630643,Jay Huff,Jay,1610612763,MEM,Memphis Grizzlies,0022401023,2025-03-21T00:00:00,MEM @ LAC,L,13.518333333333333,13.3,18.6,0.714,8.0,13.3,0.6,0.0,0.0,0.0,0.0,2.7,2.7,0.0,0.0,0.0,0.0,0.0,10.7,2.7,34.6,-24.0,37.8,0,0,45.3,1,13222,1,13222,20479,898,4077,2752,456,1161,2992,13505,14344,13505,14058,17788,20519,19908,16469,12854,8263,8846,591,10432,1026,22566,9153,2246,150,4114,1,13:31
2024-25,1641724,Jett Howard,Jett,1610612753,ORL,Orlando Magic,0022401014,2025-03-21T00:00:00,ORL @ WAS,W,8.666666666666666,4.2,16.6,0.25,4.2,12.5,0.333,0.0,0.0,0.0,0.0,0.0,0.0,0.0,0.0,0.0,0.0,0.0,8.3,0.0,12.5,-54.0,12.5,0,0,16.6,1,1,13086,1,22574,16718,6279,20233,3664,1546,9209,13505,14344,13505,14058,22137,23286,19908,16469,12854,8263,8846,1224,17725,15637,25544,23908,2246,150,22461,1,8:40
2024-25,1641739,Toumani Camara,Toumani,1610612757,POR,Portland Trail Blazers,0022401022,2025-03-21T00:00:00,POR vs. DEN,W,35.766666666666666,5.0,10.1,0.5,2.0,5.0,0.4,4.0,6.0,0.667,2.0,4.0,6.0,4.0,1.0,2.0,0.0,0.0,1.0,7.0,16.1,20.1,34.4,0,0,32.2,1,1,13086,1,2851,14289,16939,8526,10108,13120,7874,5655,4415,9425,8330,13640,12187,9874,15803,6192,8263,8846,19669,1627,11814,3914,11497,2246,150,12211,1,35:46
2024-25,1631096,Chet Holmgren,Chet,1610612760,OKC,Oklahoma City Thunder,0022401017,2025-03-21T00:00:00,OKC vs. CHA,W,27.633333333333333,7.8,15.6,0.5,1.3,2.6,0.5,1.3,5.2,0.25,1.3,5.2,6.5,1.3,1.3,1.3,3.9,1.3,0.0,3.9,18.2,15.6,42.3,0,0,37.8,1,1,13086,1,9840,7034,7643,8526,12851,18446,3944,12293,5594,13358,11189,10256,11148,18650,13787,9437,965,5639,20257,6540,9584,5375,6457,2246,150,8184,1,27:38
2024-25,203500,Steven Adams,Steven,1610612745,HOU,Houston Rockets,0022401015,2025-03-21T00:00:00,HOU @ MIA,W,20.491666666666667,3.5,3.5,1.0,0.0,0.0,0.0,0.0,3.5,0.0,7.0,7.0,14.1,1.8,1.8,1.8,0.0,0.0,3.5,1.8,7.0,12.3,30.0,0,0,26.4,1,1,13086,1,15649,18295,24307,1,15070,20945,15070,13505,8862,13505,1137,6314,2209,17210,11715,7412,8263,8846,8712,14088,20703,6673,14762,2246,150,16666,1,20:30
2024-25,203994,Jusuf Nurkić,Jusuf,1610612766,CHA,Charlotte Hornets,0022401017,2025-03-21T00:00:00,CHA @ OKC,L,23.983333333333334,3.0,7.5,0.4,1.5,3.0,0.5,1.5,1.5,1.0,1.5,12.0,13.5,7.5,0.0,1.5,1.5,0.0,4.5,4.5,9.0,-9.0,45.5,0,0,37.5,1,13222,1,13222,12912,19411,20919,14933,12026,17638,3944,11799,13485,1,10320,1345,2484,3394,16469,8403,4850,8846,5771,5135,19074,17425,4949,2246,150,8345,1,23:59
2024-25,1641809,Drew Peterson,Drew,1610612738,BOS,Boston Celtics,0022401020,2025-03-21T00:00:00,BOS @ UTA,W,2.2,0.0,0.0,0.0,0.0,0.0,0.0,0.0,0.0,0.0,0.0,0.0,0.0,0.0,0.0,16.4,0.0,0.0,0.0,0.0,0.0,32.7,49.1,0,0,32.7,1,1,13086,1,25366,22635,24836,22635,15070,20945,15070,13505,14344,13505,14058,22137,23286,19908,16469,40,8263,8846,20257,17725,23200,1653,3590,2246,150,11849,1,2:12
2024-25,1629008,Michael Porter Jr.,Michael,1610612743,DEN,Denver Nuggets,0022401022,2025-03-21T00:00:00,DEN @ POR,L,28.628333333333334,6.3,12.6,0.5,3.8,8.8,0.429,5.0,5.0,1.0,1.3,5.0,6.3,3.8,3.8,1.3,0.0,1.3,6.3,3.8,21.4,-25.1,34.6,0,0,37.7,1,13222,1,13222,9014,10755,12622,8526,4518,5102,7394,3989,5864,1,11434,10793,11641,10579,4389,9736,8263,5886,2619,6929,6754,22843,11392,2246,150,8211,1,28:38
2024-25,203482,Kelly Olynyk,Kelly,1610612740,NOP,New Orleans Pelicans,0022401016,2025-03-21T00:00:00,NOP @ MIN,L,22.483333333333334,6.4,6.4,1.0,1.6,1.6,1.0,1.6,3.2,0.5,1.6,3.2,4.8,6.4,4.8,1.6,0.0,0.0,3.2,3.2,16.0,-19.2,31.4,0,0,32.0,1,13222,1,13222,14123,10429,22204,1,11668,20165,1,11596,9516,10625,9916,16084,15295,4852,2578,7980,8263,8846,9853,8557,11911,21310,13761,2246,150,12372,1,22:29
2024-25,1629130,Duncan Robinson,Duncan,1610612748,MIA,Miami Heat,0022401015,2025-03-21T00:00:00,MIA vs. HOU,L,17.566666666666666,4.1,10.2,0.4,0.0,6.1,0.0,0.0,0.0,0.0,0.0,0.0,0.0,4.1,2.0,2.0,0.0,0.0,6.1,0.0,8.2,-22.5,18.4,0,0,16.4,1,13222,1,13222,17878,16846,16651,14933,15070,10323,15070,13505,14344,13505,14058,22137,23286,9666,10263,6014,8263,8846,2767,17725,19748,22228,21916,2246,150,22553,1,17:34
2024-25,1642264,Stephon Castle,Stephon,1610612759,SAS,San Antonio Spurs,0022401018,2025-03-21T00:00:00,SAS vs. PHI,W,34.85,6.2,14.5,0.429,0.0,3.1,0.0,5.2,5.2,1.0,1.0,4.1,5.2,14.5,3.1,3.1,1.0,0.0,0.0,4.1,17.6,20.7,54.7,1,0,45.5,1,1,13086,1,3581,10976,9415,13735,15070,17460,15070,3801,5654,1,13000,13327,14363,337,6129,2932,7249,8846,20257,5981,10261,3770,2038,1,150,4042,1,34:51
2024-25,1630314,Brandon Williams,Brandon,1610612742,DAL,Dallas Mavericks,0022401019,2025-03-21T00:00:00,DAL vs. DET,W,18.3,3.9,17.7,0.222,0.0,3.9,0.0,5.9,9.8,0.6,2.0,3.9,5.9,9.8,5.9,3.9,0.0,7.9,2.0,7.9,13.8,19.7,41.5,0,0,37.4,1,1,13086,1,17361,17240,4999,21205,15070,15703,15070,2960,1437,10343,8535,13929,12522,1515,1456,1704,8263,115,15315,1085,14201,4046,6883,2246,150,8448,1,18:18
2024-25,1629312,Haywood Highsmith,Haywood,1610612748,MIA,Miami Heat,0022401015,2025-03-21T00:00:00,MIA vs. HOU,L,23.925,4.5,7.5,0.6,3.0,6.0,0.5,0.0,0.0,0.0,1.5,4.5,6.0,4.5,1.5,6.0,0.0,0.0,1.5,0.0,12.0,-3.0,42.6,0,0,37.6,1,13222,1,13222,12974,15737,20899,5394,6475,10646,3944,13505,14344,13505,10298,12229,12231,8623,12724,459,8263,8846,17195,17725,16102,14576,6321,2246,150,8276,1,23:56
2024-25,1626220,Royce O'Neale,Royce,1610612756,PHX,Phoenix Suns,0022401021,2025-03-21T00:00:00,PHX vs. CLE,W,21.4,8.4,13.5,0.625,8.4,13.5,0.625,0.0,0.0,0.0,1.7,6.7,8.4,3.4,5.0,0.0,0.0,0.0,5.0,0.0,25.2,-1.7,35.3,0,0,45.4,1,1,13086,1,14991,5778,11068,4899,378,1114,2868,13505,14344,13505,9638,6830,7604,11777,2283,12854,8263,8846,4506,17725,4098,13868,10850,2246,150,4064,1,21:24
2024-25,203471,Dennis Schröder,Dennis,1610612765,DET,Detroit Pistons,0022401019,2025-03-21T00:00:00,DET @ DAL,L,30.683333333333334,3.5,8.2,0.429,2.3,4.7,0.5,3.5,4.7,0.75,0.0,3.5,3.5,4.7,4.7,1.2,0.0,0.0,2.3,3.5,12.9,12.9,23.0,0,0,25.8,1,13222,1,13222,7138,18284,19923,13735,8680,13977,3944,6670,6494,8186,14058,15180,18508,8201,2725,10413,8263,8846,13454,7612,15192,6436,19569,2246,150,17058,1,30:41
2024-25,1629656,Quentin Grimes,Quentin,1610612755,PHI,Philadelphia 76ers,0022401018,2025-03-21T00:00:00,PHI @ SAS,L,34.9,10.3,20.6,0.5,4.1,11.3,0.364,1.0,2.1,0.5,0.0,2.1,2.1,10.3,5.2,2.1,0.0,2.1,3.1,1.0,25.8,1.0,44.8,1,0,46.4,1,13222,1,13222,3538,2902,2558,8526,3724,2220,9100,13138,12543,10625,14058,19469,21674,1275,2160,5945,8263,3017,10287,17268,3779,12132,5294,1,150,3689,1,34:54
2024-25,101108,Chris Paul,Chris,1610612759,SAS,San Antonio Spurs,0022401018,2025-03-21T00:00:00,SAS vs. PHI,W,26.183333333333334,8.2,9.6,0.857,8.2,9.6,0.857,0.0,0.0,0.0,0.0,5.5,5.5,4.1,4.1,0.0,1.4,0.0,2.7,0.0,24.7,-4.1,37.5,0,0,45.4,1,1,13086,1,11021,6085,17716,1412,406,3947,1329,13505,14344,13505,14058,9534,13539,9594,3620,12854,5333,8846,11840,17725,4341,15134,9322,2246,150,4081,1,26:11
2024-25,1630183,Jaden McDaniels,Jaden,1610612750,MIN,Minnesota Timberwolves,0022401016,2025-03-21T00:00:00,MIN vs. NOP,W,20.883333333333333,12.1,17.2,0.7,3.4,3.4,1.0,1.7,1.7,1.0,1.7,6.9,8.6,0.0,1.7,1.7,0.0,0.0,1.7,1.7,29.3,25.9,43.1,0,0,44.8,1,1,13086,1,15366,1482,5530,3045,5264,16765,1,11373,13277,1,9491,6542,7276,19908,11824,7532,8263,8846,16450,14201,2344,2640,6095,2246,150,4346,1,20:53
2024-25,1629674,Neemias Queta,Neemias,1610612738,BOS,Boston Celtics,0022401020,2025-03-21T00:00:00,BOS @ UTA,W,2.2,0.0,0.0,0.0,0.0,0.0,0.0,0.0,0.0,0.0,16.4,0.0,16.4,16.4,0.0,0.0,0.0,0.0,0.0,0.0,0.0,32.7,44.2,0,0,32.7,1,1,13086,1,25366,22635,24836,22635,15070,20945,15070,13505,14344,13505,100,22137,1303,188,16469,12854,8263,8846,20257,17725,23200,1653,5583,2246,150,11849,1,2:12
2024-25,1631255,Karlo Matković,Karlo,1610612740,NOP,New Orleans Pelicans,0022401016,2025-03-21T00:00:00,NOP @ MIN,L,19.816666666666666,5.4,7.3,0.75,0.0,1.8,0.0,3.6,7.3,0.5,1.8,0.0,1.8,3.6,1.8,1.8,1.8,0.0,5.4,5.4,14.5,-18.2,31.2,0,0,27.2,1,13222,1,13222,16160,13131,21255,2107,15070,19895,15070,6422,3120,10625,9180,22137,22135,10984,11469,7173,4018,8846,3777,3415,13370,20982,13868,2246,150,15984,1,19:49
2024-25,1628963,Marvin Bagley III,Marvin,1610612763,MEM,Memphis Grizzlies,0022401023,2025-03-21T00:00:00,MEM @ LAC,L,1.3333333333333333,0.0,54.0,0.0,0.0,27.0,0.0,0.0,0.0,0.0,27.0,0.0,27.0,0.0,0.0,0.0,0.0,27.0,0.0,0.0,0.0,-27.0,32.4,0,0,27.0,1,13222,1,13222,25896,22635,21,22635,15070,94,15070,13505,14344,13505,20,22137,135,19908,16469,12854,8263,10,20257,17725,23200,23238,13010,2246,150,16149,1,1:20
2024-25,203932,Aaron Gordon,Aaron,1610612743,DEN,Denver Nuggets,0022401022,2025-03-21T00:00:00,DEN @ POR,L,31.55,6.8,11.4,0.6,1.1,3.4,0.333,11.4,13.7,0.833,2.3,1.1,3.4,4.6,1.1,0.0,0.0,0.0,1.1,8.0,26.2,-12.6,36.1,0,0,35.4,1,13222,1,13222,6376,9304,14640,5394,13702,16823,9209,418,499,7275,7301,21654,18718,8497,14855,12854,8263,8846,18858,1025,3562,18967,10330,2246,150,9821,1,31:33
2024-25,202709,Cory Joseph,Cory,1610612753,ORL,Orlando Magic,0022401014,2025-03-21T00:00:00,ORL @ WAS,W,22.483333333333334,4.8,9.6,0.5,4.8,9.6,0.5,3.2,3.2,1.0,1.6,1.6,3.2,1.6,1.6,0.0,0.0,0.0,0.0,3.2,17.6,38.4,22.3,0,0,27.2,1,1,13086,1,14123,14935,17754,8526,2550,3972,3944,7332,9516,1,9916,20676,19234,17649,12327,12854,8263,8846,20257,8557,10209,1082,20007,2246,150,16003,1,22:29
2024-25,1641717,Cason Wallace,Cason,1610612760,OKC,Oklahoma City Thunder,0022401017,2025-03-21T00:00:00,OKC vs. CHA,W,26.0,6.9,11.1,0.625,1.4,4.2,0.333,0.0,0.0,0.0,2.8,1.4,4.2,6.9,1.4,2.8,1.4,0.0,1.4,0.0,15.2,15.2,41.7,0,0,36.0,1,1,13086,1,11159,9112,15229,4899,12505,15219,9209,13505,14344,13505,5928,21117,16928,4105,13378,3759,5295,8846,17682,17725,12674,5529,6783,2246,150,9360,1,26:00
2024-25,1628998,Cody Martin,Cody,1610612756,PHX,Phoenix Suns,0022401021,2025-03-21T00:00:00,PHX vs. CLE,W,22.345,1.6,8.1,0.2,0.0,6.4,0.0,3.2,3.2,1.0,3.2,6.4,9.7,1.6,3.2,3.2,1.6,0.0,4.8,1.6,6.4,-1.6,31.7,0,0,27.4,1,1,13086,1,14243,22016,20170,21401,15070,9664,15070,7273,9472,1,4897,7421,5848,17616,5755,2693,4522,8846,4987,14590,21090,13843,13524,2246,150,15877,1,22:21
2024-25,1629012,Collin Sexton,Collin,1610612762,UTA,Utah Jazz,0022401020,2025-03-21T00:00:00,UTA vs. BOS,L,35.6,12.1,16.2,0.75,4.0,6.1,0.667,2.0,3.0,0.667,0.0,2.0,2.0,3.0,3.0,1.0,0.0,0.0,5.1,4.0,30.3,-17.2,37.3,0,0,41.5,1,13222,1,13222,2992,1438,6859,2107,3899,10518,1957,10564,9892,9425,14058,19582,21755,12813,6338,11852,8263,8846,4486,6184,1970,20688,9463,2246,150,5942,1,35:36
2024-25,1628971,Bruce Brown,Bruce,1610612740,NOP,New Orleans Pelicans,0022401016,2025-03-21T00:00:00,NOP @ MIN,L,21.95,8.2,13.1,0.625,4.9,6.6,0.75,1.6,1.6,1.0,0.0,3.3,3.3,1.6,3.3,1.6,0.0,0.0,4.9,3.3,23.0,-41.0,31.0,0,0,36.1,1,13222,1,13222,14538,6206,11641,4899,2373,9410,1542,11525,13353,1,14058,15850,19039,17537,5557,7853,8263,8846,4794,8310,5514,24910,14062,2246,150,9310,1,21:57
2024-25,203114,Khris Middleton,Khris,1610612764,WAS,Washington Wizards,0022401014,2025-03-21T00:00:00,WAS vs. ORL,L,22.816666666666666,4.7,20.5,0.231,4.7,7.9,0.6,0.0,0.0,0.0,1.6,3.2,4.7,0.0,3.2,1.6,0.0,1.6,0.0,1.6,14.2,-39.4,21.5,0,0,26.8,1,13222,1,13222,13863,15162,2628,21157,2671,6642,2992,13505,14344,13505,10009,16241,15477,19908,5957,8072,8263,4497,20257,14700,13727,24800,20436,2246,150,16300,1,22:49
2024-25,1628386,Jarrett Allen,Jarrett,1610612739,CLE,Cleveland Cavaliers,0022401021,2025-03-21T00:00:00,CLE @ PHX,L,22.466666666666665,4.8,6.4,0.75,0.0,0.0,0.0,0.0,0.0,0.0,3.2,6.4,9.6,1.6,1.6,0.0,3.2,0.0,0.0,1.6,9.6,-14.4,31.6,0,0,27.2,1,13222,1,13222,14137,14920,22191,2107,15070,20945,15070,13505,14344,13505,4929,7486,5906,17641,12319,12854,1471,8846,20257,14622,18528,19671,13633,2246,150,15989,1,22:28
2024-25,1641720,Jalen Hood-Schifino,Jalen,1610612755,PHI,Philadelphia 76ers,0022401018,2025-03-21T00:00:00,PHI @ SAS,L,18.666666666666668,0.0,7.7,0.0,0.0,5.8,0.0,5.8,7.7,0.75,0.0,1.9,1.9,7.7,3.9,1.9,3.9,0.0,3.9,3.9,5.8,-7.7,33.2,0,0,27.0,1,13222,1,13222,17057,22635,20635,22635,15070,11238,15070,3099,2733,8186,14058,19892,21950,3171,4173,6629,1002,8846,7586,6688,21537,16835,12454,2246,150,16149,1,18:40
2024-25,1628371,Jonathan Isaac,Jonathan,1610612753,ORL,Orlando Magic,0022401014,2025-03-21T00:00:00,ORL @ WAS,W,6.65,0.0,5.4,0.0,0.0,5.4,0.0,0.0,0.0,0.0,5.4,0.0,5.4,0.0,0.0,5.4,5.4,0.0,0.0,0.0,0.0,-16.2,39.0,0,0,27.1,1,1,13086,1,23303,22635,23161,22635,15070,12178,15070,13505,14344,13505,2001,22137,13773,19908,16469,676,415,8846,20257,17725,23200,20334,8427,2246,150,16106,1,6:39
2024-25,1631246,Vince Williams Jr.,Vince,1610612763,MEM,Memphis Grizzlies,0022401023,2025-03-21T00:00:00,MEM @ LAC,L,22.653333333333332,3.2,17.5,0.182,1.6,11.1,0.143,0.0,0.0,0.0,3.2,9.5,12.7,4.8,1.6,0.0,0.0,0.0,4.8,1.6,7.9,-15.9,28.8,0,0,27.0,1,13222,1,13222,13988,19037,5268,21891,11713,2392,14649,13505,14344,13505,4983,2972,2988,8004,12385,12854,8263,8846,5142,14663,19967,20230,15666,2246,150,16143,1,22:39
2024-25,1630550,JT Thor,JT,1610612764,WAS,Washington Wizards,0022401014,2025-03-21T00:00:00,WAS vs. ORL,L,6.633333333333334,5.4,10.9,0.5,0.0,5.4,0.0,0.0,0.0,0.0,0.0,0.0,0.0,0.0,0.0,0.0,5.4,0.0,0.0,0.0,10.9,81.4,27.1,0,0,21.7,1,13222,1,13222,23319,13198,15599,8526,15070,12148,15070,13505,14344,13505,14058,22137,23286,19908,16469,12854,412,8846,20257,17725,17314,145,16858,2246,150,19835,1,6:38
2024-25,203484,Kentavious Caldwell-Pope,Kentavious,1610612753,ORL,Orlando Magic,0022401014,2025-03-21T00:00:00,ORL @ WAS,W,28.333333333333332,5.1,7.6,0.667,3.8,6.4,0.6,0.0,1.3,0.0,1.3,5.1,6.4,1.3,0.0,1.3,1.3,0.0,1.3,0.0,14.0,28.0,31.1,0,0,30.5,1,1,13086,1,9268,14137,20753,3281,4400,9862,2992,13505,13780,13505,11355,10628,11496,18759,16469,9646,5794,8846,18166,17725,13959,2277,13969,2246,150,13551,1,28:20
2024-25,1631216,Caleb Houstan,Caleb,1610612753,ORL,Orlando Magic,0022401014,2025-03-21T00:00:00,ORL @ WAS,W,21.316666666666666,3.4,6.8,0.5,3.4,6.8,0.5,0.0,0.0,0.0,0.0,8.4,8.4,3.4,0.0,5.1,0.0,0.0,0.0,0.0,10.1,0.0,40.5,0,0,35.5,1,1,13086,1,15054,18593,21830,8526,5440,9005,3944,13505,14344,13505,14058,4121,7558,11746,16469,861,8263,8846,20257,17725,18018,12240,7439,2246,150,9752,1,21:19
2024-25,1627732,Ben Simmons,Ben,1610612746,LAC,LA Clippers,0022401023,2025-03-21T00:00:00,LAC vs. MEM,W,13.413333333333334,0.0,2.7,0.0,0.0,0.0,0.0,0.0,0.0,0.0,0.0,5.4,5.4,5.4,2.7,0.0,5.4,0.0,2.7,2.7,0.0,-26.8,27.9,0,0,21.5,1,1,13086,1,20535,22635,24592,22635,15070,20945,15070,13505,14344,13505,14058,9862,13885,6694,7579,12854,423,8846,12108,10364,23200,23215,16291,2246,150,19994,1,13:25
2024-25,1630230,Naji Marshall,Naji,1610612742,DAL,Dallas Mavericks,0022401019,2025-03-21T00:00:00,DAL vs. DET,W,35.915,8.0,12.0,0.667,1.0,2.0,0.5,2.0,4.0,0.5,3.0,8.0,11.0,5.0,3.0,2.0,1.0,0.0,2.0,3.0,19.0,4.0,45.8,1,0,42.1,1,1,13086,1,2750,6597,13541,3281,14540,19550,3944,10631,7827,10625,5317,4680,4389,7442,6444,6235,7467,8846,15119,9214,8809,10641,4818,1,150,5594,1,35:55
2024-25,201959,Taj Gibson,Taj,1610612766,CHA,Charlotte Hornets,0022401017,2025-03-21T00:00:00,CHA @ OKC,L,11.883333333333333,6.1,9.1,0.667,0.0,0.0,0.0,0.0,0.0,0.0,3.0,6.1,9.1,0.0,0.0,0.0,0.0,0.0,3.0,0.0,12.1,-48.5,23.0,0,0,21.2,1,13222,1,13222,21343,11341,18580,3281,15070,20945,15070,13505,14344,13505,5268,8201,6601,19908,16469,12854,8263,8846,10580,17725,16016,25339,19550,2246,150,20155,1,11:53
2024-25,1629636,Darius Garland,Darius,1610612739,CLE,Cleveland Cavaliers,0022401021,2025-03-21T00:00:00,CLE @ PHX,L,36.92,7.8,15.6,0.5,2.0,4.9,0.4,0.0,0.0,0.0,0.0,4.9,4.9,5.9,4.9,0.0,0.0,0.0,2.0,2.0,17.6,-3.9,27.3,0,0,30.2,1,13222,1,13222,2048,7062,7693,8526,10394,13501,7874,13505,14344,13505,14058,11225,15127,5760,2495,12854,8263,8846,15406,13318,10268,15014,16745,2246,150,13775,1,36:55
2024-25,1642276,Kel'el Ware,Kel'el,1610612748,MIA,Miami Heat,0022401015,2025-03-21T00:00:00,MIA vs. HOU,L,35.15,7.2,10.2,0.7,2.0,2.0,1.0,0.0,0.0,0.0,2.0,12.3,14.3,1.0,1.0,2.0,2.0,1.0,3.1,0.0,16.4,7.2,46.4,1,0,42.0,1,13222,1,13222,3348,8536,16660,3045,9921,19461,1,13505,14344,13505,8169,1235,2086,19606,15679,6017,3351,7714,10380,17725,11513,9058,4580,1,150,5656,1,35:09
2024-25,1630539,Kai Jones,Kai,1610612742,DAL,Dallas Mavericks,0022401019,2025-03-21T00:00:00,DAL vs. DET,W,24.55,7.3,8.8,0.833,0.0,0.0,0.0,0.0,0.0,0.0,0.0,10.3,10.3,4.4,0.0,0.0,2.9,0.0,8.8,0.0,14.7,10.3,42.4,0,0,35.2,1,1,13086,1,12423,8164,19024,1514,15070,20945,15070,13505,14344,13505,14058,2380,5157,8884,16469,12854,1769,8846,1025,17725,13230,7576,6440,2246,150,9956,1,24:33
2024-25,1628378,Donovan Mitchell,Donovan,1610612739,CLE,Cleveland Cavaliers,0022401021,2025-03-21T00:00:00,CLE @ PHX,L,30.716666666666665,2.3,21.1,0.111,0.0,9.4,0.0,3.5,4.7,0.75,0.0,4.7,4.7,3.5,0.0,2.3,0.0,1.2,0.0,4.7,8.2,-10.5,26.1,0,0,21.1,1,13222,1,13222,7112,20774,2283,22520,15070,4282,15070,6676,6499,8186,14058,11738,15598,11346,16469,4883,8263,6467,20257,4742,19747,18130,17534,2246,150,20224,1,30:43
2024-25,203497,Rudy Gobert,Rudy,1610612750,MIN,Minnesota Timberwolves,0022401016,2025-03-21T00:00:00,MIN vs. NOP,W,30.016666666666666,4.8,6.0,0.8,0.0,0.0,0.0,8.4,9.6,0.875,2.4,10.8,13.2,3.6,1.2,3.6,0.0,1.2,4.8,8.4,18.0,40.8,48.8,1,0,42.0,1,1,13086,1,7767,14960,22609,1688,15070,20945,15070,1228,1550,6931,6927,2025,2672,11092,14447,2097,8263,6265,5068,864,9852,928,3692,1,150,5663,1,30:01
2024-25,1630548,Johnny Juzang,Johnny,1610612762,UTA,Utah Jazz,0022401020,2025-03-21T00:00:00,UTA vs. BOS,L,22.116666666666667,6.5,13.0,0.5,3.3,6.5,0.5,1.6,1.6,1.0,1.6,1.6,3.3,1.6,1.6,4.9,0.0,0.0,1.6,3.3,17.9,-24.4,37.3,0,0,35.8,1,13222,1,13222,14402,10168,11818,8526,5797,9525,3944,11547,13365,1,9820,20614,19093,17581,12226,974,8263,8846,16787,8392,9928,22673,9482,2246,150,9512,1,22:07
2024-25,1641744,Zach Edey,Zach,1610612763,MEM,Memphis Grizzlies,0022401023,2025-03-21T00:00:00,MEM @ LAC,L,16.946666666666665,6.4,19.1,0.333,0.0,0.0,0.0,4.2,4.2,1.0,8.5,8.5,17.0,4.2,2.1,0.0,2.1,2.1,4.2,4.2,17.0,12.7,48.0,0,0,42.5,1,13222,1,13222,18288,10503,3647,17395,15070,20945,15070,5261,7321,1,661,4059,1131,9256,9881,12854,3134,2853,6431,5724,10851,6502,3970,2246,150,5415,1,16:57
2024-25,1631232,Keion Brooks Jr.,Keion,1610612740,NOP,New Orleans Pelicans,0022401016,2025-03-21T00:00:00,NOP @ MIN,L,21.933333333333334,3.3,4.9,0.667,0.0,0.0,0.0,0.0,0.0,0.0,0.0,8.2,8.2,3.3,6.6,0.0,1.6,0.0,4.9,0.0,6.6,-26.3,19.7,0,0,21.3,1,13222,1,13222,14543,18798,23513,3281,15070,20945,15070,13505,14344,13505,14058,4416,7929,12045,1096,12854,4449,8846,4789,17725,21015,23082,21315,2246,150,20081,1,21:56
2024-25,1629680,Matisse Thybulle,Matisse,1610612757,POR,Portland Trail Blazers,0022401022,2025-03-21T00:00:00,POR vs. DEN,W,17.1,2.1,6.3,0.333,2.1,2.1,1.0,0.0,0.0,0.0,0.0,6.3,6.3,2.1,0.0,2.1,0.0,0.0,2.1,0.0,6.3,14.7,23.4,0,0,21.1,1,1,13086,1,18200,21226,22308,17395,9658,19359,1,13505,14344,13505,14058,7665,11573,15981,16469,5761,8263,8846,14593,17725,21178,5728,19332,2246,150,20253,1,17:06
2024-25,1630578,Alperen Sengun,Alperen,1610612745,HOU,Houston Rockets,0022401015,2025-03-21T00:00:00,HOU @ MIA,W,33.59166666666667,4.3,16.1,0.267,0.0,0.0,0.0,0.0,4.3,0.0,5.4,5.4,10.7,2.1,2.1,2.1,2.1,2.1,1.1,4.3,8.6,-9.6,35.4,0,0,30.0,1,1,13086,1,4652,16356,7013,20170,15070,20945,15070,13505,7235,13505,2038,9878,4681,15845,9761,5619,3089,2791,19263,5626,19451,17737,10826,2246,150,13939,1,33:36
2024-25,1629631,De'Andre Hunter,De'Andre,1610612739,CLE,Cleveland Cavaliers,0022401021,2025-03-21T00:00:00,CLE @ PHX,L,22.033333333333335,9.8,13.1,0.75,4.9,8.2,0.6,3.3,3.3,1.0,0.0,1.6,1.6,1.6,0.0,0.0,0.0,0.0,3.3,3.3,27.8,4.9,32.2,0,0,35.9,1,13222,1,13222,14474,3470,11734,2107,2403,6142,2992,7167,9385,1,14058,20597,22392,17555,16469,12854,8263,8846,9580,8353,2873,10161,13185,2246,150,9419,1,22:02
2024-25,1642346,Ryan Dunn,Ryan,1610612756,PHX,Phoenix Suns,0022401021,2025-03-21T00:00:00,PHX vs. CLE,W,26.333333333333332,5.5,12.3,0.444,2.7,6.8,0.4,0.0,0.0,0.0,4.1,8.2,12.3,1.4,0.0,1.4,1.4,0.0,1.4,0.0,13.7,9.6,38.7,0,0,35.5,1,1,13086,1,10877,13070,13069,13045,7434,8810,7874,13505,14344,13505,3446,4418,3265,18438,16469,9097,5375,8846,17755,17725,14306,7909,8602,2246,150,9706,1,26:20
2024-25,1628976,Wendell Carter Jr.,Wendell,1610612753,ORL,Orlando Magic,0022401014,2025-03-21T00:00:00,ORL @ WAS,W,29.466666666666665,8.6,15.9,0.538,2.4,4.9,0.5,0.0,0.0,0.0,7.3,7.3,14.7,1.2,1.2,0.0,2.4,0.0,2.4,0.0,19.5,39.1,45.1,1,0,42.8,1,1,13086,1,8251,5523,7290,7978,8334,13471,3944,13505,14344,13505,1015,5780,1930,18947,14280,12854,2475,8846,13011,17725,8312,1034,5141,1,150,5280,1,29:28
2024-25,1630644,Mac McClung,Mac,1610612753,ORL,Orlando Magic,0022401014,2025-03-21T00:00:00,ORL @ WAS,W,5.35,0.0,13.5,0.0,0.0,6.7,0.0,0.0,0.0,0.0,0.0,0.0,0.0,6.7,0.0,0.0,0.0,0.0,13.5,0.0,0.0,-87.5,10.1,0,0,6.7,1,1,13086,1,23840,22635,11068,22635,15070,9051,15070,13505,14344,13505,14058,22137,23286,4384,16469,12854,8263,8846,306,17725,23200,26066,24399,2246,150,24921,1,5:21
2024-25,1631111,Wendell Moore Jr.,Wendell,1610612766,CHA,Charlotte Hornets,0022401017,2025-03-21T00:00:00,CHA @ OKC,L,27.0,2.7,8.0,0.333,2.7,4.0,0.667,0.0,0.0,0.0,1.3,5.3,6.7,1.3,2.7,1.3,1.3,1.3,2.7,0.0,8.0,-26.7,23.3,0,0,24.0,1,13222,1,13222,10332,20160,20259,17395,7628,15583,1957,13505,14344,13505,11048,9937,10798,18554,7631,9282,5506,5482,12174,17725,19921,23166,19352,2246,150,18317,1,27:00
2024-25,1630702,Jaden Hardy,Jaden,1610612742,DAL,Dallas Mavericks,0022401019,2025-03-21T00:00:00,DAL vs. DET,W,10.235,0.0,17.6,0.0,0.0,7.0,0.0,0.0,0.0,0.0,0.0,3.5,3.5,0.0,3.5,0.0,0.0,0.0,3.5,0.0,0.0,-7.0,0.7,0,0,3.5,1,1,13086,1,22017,22635,5148,22635,15070,8393,15070,13505,14344,13505,14058,15187,18514,19908,4977,12854,8263,8846,8708,17725,23200,16514,25218,2246,150,25208,1,10:14
2024-25,1642268,Isaiah Collier,Isaiah,1610612762,UTA,Utah Jazz,0022401020,2025-03-21T00:00:00,UTA vs. BOS,L,30.45,2.4,10.6,0.222,0.0,3.5,0.0,1.2,2.4,0.5,0.0,4.7,4.7,5.9,2.4,1.2,0.0,0.0,2.4,1.2,5.9,-16.6,21.6,0,0,18.9,1,13222,1,13222,7367,20734,15978,21205,15070,16552,15070,12658,11585,10625,14058,11617,15485,5654,8799,10330,8263,8846,13376,16495,21451,20462,20344,2246,150,21423,1,30:27
2024-25,203914,Gary Harris,Gary,1610612753,ORL,Orlando Magic,0022401014,2025-03-21T00:00:00,ORL @ WAS,W,11.0,0.0,13.1,0.0,0.0,13.1,0.0,0.0,0.0,0.0,0.0,6.5,6.5,0.0,0.0,0.0,0.0,0.0,6.5,0.0,0.0,19.6,7.9,0,0,6.5,1,1,13086,1,21708,22635,11682,22635,15070,1250,15070,13505,14344,13505,14058,7215,11070,19908,16469,12854,8263,8846,2364,17725,23200,4056,24715,2246,150,24940,1,11:00
2024-25,203901,Elfrid Payton,Elfrid,1610612740,NOP,New Orleans Pelicans,0022401016,2025-03-21T00:00:00,NOP @ MIN,L,12.0,0.0,9.0,0.0,0.0,0.0,0.0,0.0,0.0,0.0,0.0,0.0,0.0,3.0,6.0,0.0,0.0,0.0,3.0,0.0,0.0,-48.0,-1.5,0,0,3.0,1,13222,1,13222,21228,22635,18708,22635,15070,20945,15070,13505,14344,13505,14058,22137,23286,12925,1378,12854,8263,8846,10710,17725,23200,25312,26151,2246,150,25235,1,12:00
2024-25,203084,Harrison Barnes,Harrison,1610612759,SAS,San Antonio Spurs,0022401018,2025-03-21T00:00:00,SAS vs. PHI,W,31.333333333333332,5.7,11.5,0.5,2.3,8.0,0.286,2.3,2.3,1.0,0.0,0.0,0.0,3.4,2.3,0.0,1.1,0.0,0.0,1.1,16.1,19.5,22.4,0,0,24.1,1,1,13086,1,6570,12278,14490,8526,8855,6380,11433,9628,11784,1,14058,22137,23286,11566,9080,12854,6495,8846,20257,16654,11839,4097,19923,2246,150,18246,1,31:20
2024-25,204060,Joe Ingles,Joe,1610612750,MIN,Minnesota Timberwolves,0022401016,2025-03-21T00:00:00,MIN vs. NOP,W,6.166666666666667,0.0,17.5,0.0,0.0,11.7,0.0,0.0,0.0,0.0,0.0,0.0,0.0,5.8,5.8,0.0,0.0,0.0,11.7,0.0,0.0,5.8,2.9,0,0,5.8,1,1,13086,1,23530,22635,5241,22635,15070,1981,15070,13505,14344,13505,14058,22137,23286,5776,1516,12854,8263,8846,449,17725,23200,9685,25129,2246,150,25022,1,6:10
2024-25,1631200,Kris Murray,Kris,1610612757,POR,Portland Trail Blazers,0022401022,2025-03-21T00:00:00,POR vs. DEN,W,21.263333333333332,1.7,6.8,0.25,1.7,3.4,0.5,0.0,0.0,0.0,5.1,0.0,5.1,3.4,0.0,0.0,1.7,0.0,1.7,0.0,5.1,-11.9,21.3,0,0,18.6,1,1,13086,1,15108,21908,21807,20233,11419,16892,3944,13505,14344,13505,2299,22137,14580,11718,16469,12854,4309,8846,16556,17725,21967,18687,20511,2246,150,21564,1,21:16
2024-25,1629731,Dean Wade,Dean,1610612739,CLE,Cleveland Cavaliers,0022401021,2025-03-21T00:00:00,CLE @ PHX,L,15.98,4.5,6.8,0.667,4.5,6.8,0.667,0.0,0.0,0.0,0.0,0.0,0.0,0.0,0.0,0.0,0.0,0.0,0.0,0.0,13.5,-31.5,13.5,0,0,18.0,1,13222,1,13222,18947,15764,21826,3281,3064,8993,1957,13505,14344,13505,14058,22137,23286,19908,16469,12854,8263,8846,20257,17725,14482,23972,23629,2246,150,21850,1,15:59
2024-25,1631106,Tari Eason,Tari,1610612745,HOU,Houston Rockets,0022401015,2025-03-21T00:00:00,HOU @ MIA,W,27.233333333333334,2.6,7.9,0.333,1.3,2.6,0.5,2.6,2.6,1.0,4.0,6.6,10.6,2.6,5.3,0.0,0.0,0.0,1.3,2.6,9.3,9.3,20.6,0,0,23.8,1,1,13086,1,10157,20202,20366,17395,12770,18369,3944,8705,10876,1,3642,7081,4836,14071,2017,12854,8263,8846,17943,10495,18860,8064,20891,2246,150,18470,1,27:14
2024-25,203501,Tim Hardaway Jr.,Tim,1610612765,DET,Detroit Pistons,0022401019,2025-03-21T00:00:00,DET @ DAL,L,7.866666666666666,0.0,9.2,0.0,0.0,4.6,0.0,0.0,0.0,0.0,4.6,0.0,4.6,0.0,0.0,0.0,0.0,0.0,0.0,0.0,0.0,-41.2,5.5,0,0,4.6,1,13222,1,13222,22856,22635,18474,22635,15070,14247,15070,13505,14344,13505,2833,22137,15870,19908,16469,12854,8263,8846,20257,17725,23200,24924,24966,2246,150,25144,1,7:52
2024-25,1642461,Spencer Jones,Spencer,1610612743,DEN,Denver Nuggets,0022401022,2025-03-21T00:00:00,DEN @ POR,L,6.12,0.0,11.8,0.0,0.0,5.9,0.0,11.8,11.8,1.0,5.9,0.0,5.9,0.0,5.9,0.0,0.0,0.0,5.9,5.9,11.8,5.9,12.9,0,0,17.6,1,13222,1,13222,23558,22635,14005,22635,15070,10990,15070,367,816,1,1688,22137,12560,19908,1475,12854,8263,8846,3097,2775,16382,9669,23786,2246,150,22008,1,6:07
2024-25,1630545,Terrence Shannon Jr.,Terrence,1610612750,MIN,Minnesota Timberwolves,0022401016,2025-03-21T00:00:00,MIN vs. NOP,W,9.333333333333334,0.0,7.7,0.0,0.0,3.9,0.0,0.0,0.0,0.0,0.0,0.0,0.0,7.7,0.0,0.0,0.0,3.9,3.9,0.0,0.0,27.0,11.6,0,0,7.7,1,1,13086,1,22339,22635,20635,22635,15070,15885,15070,13505,14344,13505,14058,22137,23286,3171,16469,12854,8263,704,7586,17725,23200,2428,24118,2246,150,24805,1,9:20
2024-25,1642345,Oso Ighodaro,Oso,1610612756,PHX,Phoenix Suns,0022401021,2025-03-21T00:00:00,PHX vs. CLE,W,44.083333333333336,2.4,5.7,0.429,0.0,0.0,0.0,0.0,0.0,0.0,4.1,6.5,10.6,3.3,2.4,0.0,0.0,1.6,1.6,0.0,4.9,12.2,20.1,0,0,18.8,1,1,13086,1,87,20554,22890,13735,15070,20945,15070,13505,14344,13505,3472,7236,4797,12089,8455,12854,8263,4354,16771,17725,22066,6694,21121,2246,150,21487,1,44:05
2024-25,1629052,Oshae Brissett,Oshae,1610612755,PHI,Philadelphia 76ers,0022401018,2025-03-21T00:00:00,PHI @ SAS,L,16.683333333333334,8.6,15.1,0.571,2.2,6.5,0.333,0.0,0.0,0.0,0.0,2.2,2.2,0.0,0.0,0.0,0.0,2.2,4.3,0.0,19.4,2.2,22.0,0,0,23.7,1,13222,1,13222,18477,5375,8412,6538,9403,9601,9209,13505,14344,13505,14058,19183,21498,19908,16469,12854,8263,2744,6229,17725,8447,11532,20141,2246,150,18500,1,16:41
2024-25,1629660,Ty Jerome,Ty,1610612739,CLE,Cleveland Cavaliers,0022401021,2025-03-21T00:00:00,CLE @ PHX,L,19.036666666666665,9.5,15.1,0.625,3.8,9.5,0.4,7.6,7.6,1.0,1.9,0.0,1.9,9.5,3.8,3.8,1.9,0.0,1.9,5.7,30.3,-17.0,59.9,0,0,56.7,1,13222,1,13222,16793,3948,8381,4899,4497,4171,7874,1631,2843,1,8858,22137,22016,1724,4369,1873,3790,8846,15739,3073,2002,20628,1203,2246,150,1197,1,19:02
2024-25,1642259,Alex Sarr,Alex,1610612764,WAS,Washington Wizards,0022401014,2025-03-21T00:00:00,WAS vs. ORL,L,28.433333333333334,8.9,19.0,0.467,3.8,7.6,0.5,2.5,5.1,0.5,5.1,7.6,12.7,2.5,3.8,0.0,0.0,0.0,0.0,6.3,24.1,-30.4,39.2,1,0,43.0,1,13222,1,13222,9184,4945,3764,12249,4439,7186,3944,8956,5804,10625,2312,5334,3028,14435,4325,12854,8263,8846,20257,2257,4764,23796,8236,1,150,5116,1,28:26
2024-25,204001,Kristaps Porziņģis,Kristaps,1610612738,BOS,Boston Celtics,0022401020,2025-03-21T00:00:00,BOS @ UTA,W,24.655,13.1,21.9,0.6,4.4,7.3,0.6,8.8,8.8,1.0,5.8,8.8,14.6,8.8,1.5,1.5,0.0,0.0,5.8,10.2,39.4,4.4,73.0,1,0,70.1,1,1,13086,1,12325,979,1866,5394,3267,7821,2992,1086,2008,1,1718,3764,1961,2216,12957,8581,8263,8846,3158,376,484,10439,345,1,150,317,1,24:39
2024-25,1641775,Jordan Walsh,Jordan,1610612738,BOS,Boston Celtics,0022401020,2025-03-21T00:00:00,BOS @ UTA,W,2.2,32.7,32.7,1.0,0.0,0.0,0.0,0.0,0.0,0.0,16.4,0.0,16.4,0.0,0.0,0.0,0.0,0.0,0.0,0.0,65.5,32.7,85.1,0,0,81.8,1,1,13086,1,25366,21,173,1,15070,20945,15070,13505,14344,13505,100,22137,1303,19908,16469,12854,8263,8846,20257,17725,64,1653,136,2246,150,141,1,2:12
2024-25,201935,James Harden,James,1610612746,LAC,LA Clippers,0022401023,2025-03-21T00:00:00,LAC vs. MEM,W,35.89666666666667,8.0,14.0,0.571,5.0,10.0,0.5,9.0,10.0,0.9,0.0,4.0,4.0,9.0,3.0,2.0,2.0,0.0,2.0,7.0,30.1,24.1,57.5,0,0,56.2,1,1,13086,1,2761,6586,10111,6538,2257,3458,3944,997,1356,6805,14058,13688,17290,1998,6438,6227,3472,8846,15112,1649,2053,3009,1560,2246,150,1275,1,35:54
2024-25,1630166,Deni Avdija,Deni,1610612757,POR,Portland Trail Blazers,0022401022,2025-03-21T00:00:00,POR vs. DEN,W,38.28333333333333,11.3,15.0,0.75,3.8,5.6,0.667,7.5,8.5,0.889,1.9,5.6,7.5,6.6,4.7,2.8,0.9,0.9,1.9,4.7,33.9,25.4,59.3,0,0,59.2,1,1,13086,1,1228,2023,8532,2107,4549,11597,1957,1652,2214,6857,8892,9186,9126,4589,2714,3635,7892,8419,15783,4713,1157,2730,1276,2246,150,892,1,38:17
2024-25,1641745,Adam Flagler,Adam,1610612760,OKC,Oklahoma City Thunder,0022401017,2025-03-21T00:00:00,OKC vs. CHA,W,7.316666666666666,9.8,14.8,0.667,4.9,9.8,0.5,0.0,0.0,0.0,4.9,4.9,9.8,19.7,0.0,0.0,0.0,0.0,0.0,0.0,24.6,24.6,65.9,0,0,59.0,1,1,13086,1,23056,3411,8971,3281,2373,3675,3944,13505,14344,13505,2445,11109,5617,92,16469,12854,8263,8846,20257,17725,4426,2897,638,2246,150,912,1,7:19
2024-25,1642265,Rob Dillingham,Rob,1610612750,MIN,Minnesota Timberwolves,0022401016,2025-03-21T00:00:00,MIN vs. NOP,W,6.5,11.1,22.2,0.5,0.0,5.5,0.0,0.0,0.0,0.0,0.0,0.0,0.0,11.1,5.5,5.5,0.0,0.0,5.5,5.5,22.2,27.7,49.8,0,0,44.3,1,1,13086,1,23365,2200,1750,8526,15070,11870,15070,13505,14344,13505,14058,22137,23286,973,1777,618,8263,8846,3642,3280,6101,2307,3314,2246,150,4552,1,6:30
2024-25,1628392,Isaiah Hartenstein,Isaiah,1610612760,OKC,Oklahoma City Thunder,0022401017,2025-03-21T00:00:00,OKC vs. CHA,W,24.7,8.7,18.9,0.462,0.0,1.5,0.0,0.0,1.5,0.0,7.3,7.3,14.6,5.8,1.5,0.0,1.5,1.5,2.9,1.5,17.5,20.4,46.6,1,0,40.8,1,1,13086,1,12272,5190,3793,12428,15070,20314,15070,13505,13528,13505,1029,5847,1971,5794,12969,12854,5012,4950,11116,15200,10330,3843,4474,1,150,6322,1,24:42
2024-25,1631120,JD Davison,JD,1610612738,BOS,Boston Celtics,0022401020,2025-03-21T00:00:00,BOS @ UTA,W,3.1666666666666665,22.7,34.1,0.667,0.0,11.4,0.0,0.0,0.0,0.0,11.4,22.7,34.1,0.0,0.0,0.0,0.0,0.0,0.0,0.0,45.5,45.5,86.4,0,0,79.6,1,1,13086,1,24913,95,148,3281,15070,2197,15070,13505,14344,13505,283,106,57,19908,16469,12854,8263,8846,20257,17725,233,687,118,2246,150,162,1,3:10
2024-25,1627936,Alex Caruso,Alex,1610612760,OKC,Oklahoma City Thunder,0022401017,2025-03-21T00:00:00,OKC vs. CHA,W,14.85,4.8,7.3,0.667,2.4,2.4,1.0,9.7,9.7,1.0,0.0,7.3,7.3,0.0,0.0,2.4,2.4,0.0,2.4,4.8,21.8,19.4,45.1,0,0,41.2,1,1,13086,1,19667,14814,21242,3281,8394,18760,1,784,1507,1,14058,5868,9619,19908,16469,4616,2511,8846,13099,4397,6359,4141,5134,2246,150,6069,1,14:51
2024-25,1641732,Colby Jones,Colby,1610612764,WAS,Washington Wizards,0022401014,2025-03-21T00:00:00,WAS vs. ORL,L,6.633333333333334,5.4,10.9,0.5,0.0,5.4,0.0,10.9,16.3,0.667,0.0,5.4,5.4,5.4,0.0,5.4,0.0,0.0,0.0,10.9,21.7,81.4,52.6,0,0,43.4,1,13222,1,13222,23319,13198,15599,8526,15070,12148,15070,506,256,9425,14058,9724,13740,6582,16469,670,8263,8846,20257,290,6463,145,2552,2246,150,4957,1,6:38
2024-25,1629048,Goga Bitadze,Goga,1610612753,ORL,Orlando Magic,0022401014,2025-03-21T00:00:00,ORL @ WAS,W,6.533333333333333,0.0,0.0,0.0,0.0,0.0,0.0,0.0,0.0,0.0,0.0,5.5,5.5,11.0,11.0,16.5,11.0,0.0,11.0,0.0,0.0,-5.5,94.8,0,0,71.6,1,1,13086,1,23356,22635,24836,22635,15070,20945,15070,13505,14344,13505,14058,9499,13509,991,255,37,50,8846,536,17725,23200,15839,80,2246,150,288,1,6:32
2024-25,203992,Bogdan Bogdanović,Bogdan,1610612746,LAC,LA Clippers,0022401023,2025-03-21T00:00:00,LAC vs. MEM,W,26.216666666666665,8.2,12.4,0.667,5.5,6.9,0.8,0.0,0.0,0.0,0.0,4.1,4.1,6.9,4.1,1.4,0.0,1.4,5.5,1.4,22.0,12.4,37.2,0,0,41.2,1,1,13086,1,10987,6117,12962,3281,1742,8745,1389,13505,14344,13505,14058,13354,17023,4191,3631,9049,8263,5291,3709,15552,6246,6654,9524,2246,150,6081,1,26:13
2024-25,1630532,Franz Wagner,Franz,1610612753,ORL,Orlando Magic,0022401014,2025-03-21T00:00:00,ORL @ WAS,W,24.133333333333333,13.4,26.9,0.5,1.5,6.0,0.25,3.0,3.0,1.0,0.0,11.9,11.9,7.5,1.5,0.0,1.5,0.0,4.5,1.5,31.3,17.9,59.8,0,0,55.2,1,1,13086,1,12774,865,516,8526,12068,10762,11902,7857,10016,1,14058,1397,3550,3448,12786,12854,4884,8846,5829,15036,1687,4592,1215,2246,150,1432,1,24:08
2024-25,201142,Kevin Durant,Kevin,1610612756,PHX,Phoenix Suns,0022401021,2025-03-21T00:00:00,PHX vs. CLE,W,38.516666666666666,15.9,27.1,0.586,3.7,8.4,0.444,3.7,3.7,1.0,0.0,5.6,5.6,7.5,2.8,0.0,0.9,0.9,0.9,4.7,39.3,6.5,57.2,0,0,57.9,1,1,13086,1,1098,364,491,6293,4603,5722,7211,6206,8396,1,14058,9289,13273,3429,7196,12854,7924,8459,20053,4776,500,9364,1596,2246,150,1035,1,38:31
2024-25,1627832,Fred VanVleet,Fred,1610612745,HOU,Houston Rockets,0022401015,2025-03-21T00:00:00,HOU @ MIA,W,36.15833333333333,12.9,16.9,0.765,9.0,11.0,0.818,2.0,4.0,0.5,0.0,0.0,0.0,3.0,1.0,3.0,0.0,1.0,3.0,3.0,36.8,2.0,49.3,0,0,54.8,1,1,13086,1,2565,1053,5884,2095,304,2539,1387,10683,7877,10625,14058,22137,23286,12982,15884,3190,8263,7969,10789,9311,715,11625,3508,2246,150,1495,1,36:10
2024-25,1629023,P.J. Washington,P.J.,1610612742,DAL,Dallas Mavericks,0022401019,2025-03-21T00:00:00,DAL vs. DET,W,38.36666666666667,8.4,15.0,0.563,4.7,7.5,0.625,3.8,5.6,0.667,0.0,2.8,2.8,0.0,8.4,1.9,3.8,0.9,1.9,3.8,25.3,4.7,37.2,0,0,44.1,1,1,13086,1,1178,5724,8589,7127,2743,7380,2868,6176,5001,9425,14058,17354,20210,19908,511,6877,1057,8431,15803,6978,4035,10289,9574,2246,150,4642,1,38:22
2024-25,1626145,Tyus Jones,Tyus,1610612756,PHX,Phoenix Suns,0022401021,2025-03-21T00:00:00,PHX vs. CLE,W,24.5,8.8,16.2,0.545,5.9,13.2,0.444,0.0,0.0,0.0,1.5,2.9,4.4,4.4,0.0,2.9,0.0,0.0,1.5,1.5,23.5,5.9,44.2,0,0,44.1,1,1,13086,1,12473,5045,6882,7695,1400,1195,7211,13505,14344,13505,10441,16940,16268,8856,16469,3299,8263,8846,17347,15131,5120,9671,5559,2246,150,4643,1,24:30
2024-25,1641810,Antonio Reeves,Antonio,1610612740,NOP,New Orleans Pelicans,0022401016,2025-03-21T00:00:00,NOP @ MIN,L,12.333333333333334,14.6,14.6,1.0,2.9,2.9,1.0,0.0,0.0,0.0,0.0,0.0,0.0,0.0,2.9,2.9,0.0,0.0,0.0,0.0,32.1,-49.6,37.9,0,0,40.9,1,13222,1,13222,21084,564,9207,1,6798,17821,1,13505,14344,13505,14058,22137,23286,19908,6771,3350,8263,8846,20257,17725,1505,25384,9052,2246,150,6288,1,12:20
2024-25,203915,Spencer Dinwiddie,Spencer,1610612742,DAL,Dallas Mavericks,0022401019,2025-03-21T00:00:00,DAL vs. DET,W,38.65,8.4,11.2,0.75,1.9,4.7,0.4,10.2,12.1,0.846,0.9,1.9,2.8,6.5,0.9,1.9,0.0,0.0,0.0,6.5,28.9,-0.9,46.7,0,0,43.8,1,1,13086,1,1035,5833,15059,2107,10814,14064,7874,640,740,7255,13764,20071,20264,4682,16240,6967,8263,8846,20257,2066,2460,13484,4459,2246,150,4790,1,38:39
2024-25,1628983,Shai Gilgeous-Alexander,Shai,1610612760,OKC,Oklahoma City Thunder,0022401017,2025-03-21T00:00:00,OKC vs. CHA,W,29.6,15.8,21.9,0.722,2.4,2.4,1.0,2.4,2.4,1.0,0.0,7.3,7.3,10.9,1.2,1.2,0.0,1.2,2.4,2.4,36.5,37.7,64.1,0,0,59.6,1,1,13086,1,8140,375,1869,2738,8361,18747,1,9231,11378,1,14058,5827,9576,1014,14317,10041,8263,6148,13060,11214,757,1146,773,2246,150,861,1,29:36
2024-25,1631094,Paolo Banchero,Paolo,1610612753,ORL,Orlando Magic,0022401014,2025-03-21T00:00:00,ORL @ WAS,W,30.516666666666666,13.0,26.0,0.5,3.5,5.9,0.6,5.9,7.1,0.833,1.2,8.3,9.4,5.9,2.4,1.2,0.0,2.4,0.0,5.9,35.4,36.6,56.7,0,0,56.6,1,1,13086,1,7300,1043,648,8526,5062,10945,2992,2961,3293,7275,11933,4345,6126,5672,8817,10346,8263,2313,20257,2747,914,1241,1683,2246,150,1206,1,30:31
2024-25,201587,Nicolas Batum,Nicolas,1610612746,LAC,LA Clippers,0022401023,2025-03-21T00:00:00,LAC vs. MEM,W,12.483333333333333,5.8,11.5,0.5,2.9,8.7,0.333,0.0,0.0,0.0,2.9,2.9,5.8,5.8,0.0,5.8,5.8,0.0,2.9,0.0,14.4,5.8,64.6,0,0,51.9,1,1,13086,1,21003,12208,14414,8526,6924,5342,9209,13505,14344,13505,5629,17136,12846,5916,16469,544,350,8846,11249,17725,13485,9720,730,2246,150,2062,1,12:29
2024-25,1641740,Jaylen Clark,Jaylen,1610612750,MIN,Minnesota Timberwolves,0022401016,2025-03-21T00:00:00,MIN vs. NOP,W,14.023333333333333,10.3,12.8,0.8,7.7,7.7,1.0,0.0,0.0,0.0,0.0,2.6,2.6,2.6,2.6,5.1,0.0,2.6,0.0,0.0,28.2,28.2,48.0,0,0,51.3,1,1,13086,1,20185,2943,12148,1688,532,7000,1,13505,14344,13505,14058,18017,20685,14317,7993,817,8263,1922,20257,17725,2696,2219,3971,2246,150,2189,1,14:01
2024-25,1629750,Javonte Green,Javonte,1610612739,CLE,Cleveland Cavaliers,0022401021,2025-03-21T00:00:00,CLE @ PHX,L,7.016666666666667,5.1,25.7,0.2,5.1,10.3,0.5,0.0,0.0,0.0,15.4,0.0,15.4,5.1,0.0,5.1,0.0,0.0,10.3,0.0,15.4,-10.3,57.0,0,0,51.3,1,13222,1,13222,23162,14004,701,21401,2123,3196,3944,13505,14344,13505,119,22137,1609,7172,16469,818,8263,8846,653,17725,12526,18001,1645,2246,150,2203,1,7:01
2024-25,1641774,Tristan Vukcevic,Tristan,1610612764,WAS,Washington Wizards,0022401014,2025-03-21T00:00:00,WAS vs. ORL,L,20.916666666666668,8.6,17.2,0.5,6.9,6.9,1.0,5.2,5.2,1.0,1.7,8.6,10.3,5.2,0.0,5.2,1.7,5.2,0.0,5.2,29.3,13.8,70.0,0,0,65.4,1,13222,1,13222,15345,5422,5562,8526,803,8703,1,3805,5656,1,9504,3929,5090,7104,16469,810,4248,332,20257,3828,2357,6091,434,2246,150,464,1,20:55
2024-25,1628369,Jayson Tatum,Jayson,1610612738,BOS,Boston Celtics,0022401020,2025-03-21T00:00:00,BOS @ UTA,W,33.46666666666667,11.8,26.9,0.44,3.2,10.8,0.3,1.1,1.1,1.0,0.0,6.5,6.5,6.5,6.5,3.2,0.0,1.1,1.1,1.1,28.0,19.4,48.6,0,0,50.6,1,1,13086,1,4761,1631,510,13537,5875,2714,11319,12985,14079,1,14058,7406,11265,4783,1149,2684,8263,7261,19238,17026,2802,4152,3768,2246,150,2376,1,33:28
2024-25,203952,Andrew Wiggins,Andrew,1610612748,MIA,Miami Heat,0022401015,2025-03-21T00:00:00,MIA vs. HOU,L,29.608333333333334,12.2,15.8,0.769,2.4,4.9,0.5,9.7,10.9,0.889,0.0,2.4,2.4,3.6,4.9,1.2,1.2,0.0,3.6,4.9,36.5,4.9,47.3,0,0,49.9,1,13222,1,13222,8137,1428,7405,2080,8365,13523,3944,775,1041,6857,14058,18388,20930,10943,2509,10045,6079,8846,8271,4366,761,10183,4213,2246,150,2578,1,29:37
2024-25,1629640,Keldon Johnson,Keldon,1610612759,SAS,San Antonio Spurs,0022401018,2025-03-21T00:00:00,SAS vs. PHI,W,26.4,8.2,13.6,0.6,2.7,4.1,0.667,5.5,6.8,0.8,1.4,5.5,6.8,4.1,0.0,4.1,2.7,1.4,2.7,4.1,24.5,12.3,59.3,0,0,51.8,1,1,13086,1,10812,6242,10761,5394,7458,15372,1957,3472,3551,7681,10910,9658,10493,9680,16469,1549,2038,5342,11924,6070,4454,6683,1279,2246,150,2078,1,26:24
2024-25,203944,Julius Randle,Julius,1610612750,MIN,Minnesota Timberwolves,0022401016,2025-03-21T00:00:00,MIN vs. NOP,W,25.21,10.0,15.7,0.636,2.9,7.1,0.4,5.7,5.7,1.0,5.7,2.9,8.6,7.1,2.9,2.9,0.0,0.0,4.3,7.1,28.6,18.6,55.3,0,0,52.8,1,1,13086,1,11829,3229,7537,4689,7031,8165,7874,3173,4875,1,1806,17221,7367,3834,7006,3533,8263,8846,6329,1553,2580,4387,1942,2246,150,1844,1,25:13
2024-25,1630703,Scoot Henderson,Scoot,1610612757,POR,Portland Trail Blazers,0022401022,2025-03-21T00:00:00,POR vs. DEN,W,19.786666666666665,10.9,23.7,0.462,5.5,9.1,0.6,1.8,3.6,0.5,3.6,0.0,3.6,7.3,9.1,1.8,0.0,1.8,7.3,3.6,29.1,-1.8,40.8,0,0,49.1,1,1,13086,1,16189,2335,1167,12428,1777,4676,2992,11199,8608,10625,4145,22137,18228,3645,408,7165,8263,3838,1784,7287,2394,13928,7303,2246,150,2791,1,19:47
2024-25,1641741,Ricky Council IV,Ricky,1610612755,PHI,Philadelphia 76ers,0022401018,2025-03-21T00:00:00,PHI @ SAS,L,24.1,9.0,13.4,0.667,4.5,7.5,0.6,7.5,9.0,0.833,0.0,12.0,12.0,1.5,1.5,1.5,0.0,0.0,1.5,6.0,29.9,-12.0,49.4,0,0,50.8,1,13222,1,13222,12800,4776,11095,3281,3093,7471,2992,1687,1891,7275,14058,1388,3535,18005,12777,8440,8263,8846,17247,2656,2127,18718,3442,2246,150,2319,1,24:06
2024-25,1630625,Dalano Banton,Dalano,1610612757,POR,Portland Trail Blazers,0022401022,2025-03-21T00:00:00,POR vs. DEN,W,29.383333333333333,7.4,12.3,0.6,2.5,6.1,0.4,6.1,7.4,0.833,0.0,3.7,3.7,6.1,2.5,3.7,3.7,0.0,0.0,4.9,23.3,17.2,56.5,0,0,50.2,1,1,13086,1,8324,8121,13167,5394,8320,10371,7874,2754,3050,7275,14058,14716,18140,5287,8451,1998,1104,8846,20257,4293,5310,4854,1733,2246,150,2464,1,29:23
2024-25,1641816,Hunter Tyson,Hunter,1610612743,DEN,Denver Nuggets,0022401022,2025-03-21T00:00:00,DEN @ POR,L,4.316666666666666,8.3,16.7,0.5,8.3,8.3,1.0,0.0,0.0,0.0,25.0,0.0,25.0,8.3,0.0,0.0,0.0,0.0,0.0,0.0,25.0,25.0,67.6,0,0,66.7,1,13222,1,13222,24318,5908,6204,8526,394,5844,1,13505,14344,13505,29,22137,192,2564,16469,12854,8263,8846,20257,17725,4209,2811,538,2246,150,405,1,4:19
2024-25,1641708,Amen Thompson,Amen,1610612745,HOU,Houston Rockets,0022401015,2025-03-21T00:00:00,HOU @ MIA,W,34.516666666666666,8.3,14.6,0.571,0.0,0.0,0.0,2.1,3.1,0.667,3.1,6.3,9.4,5.2,2.1,7.3,1.0,1.0,1.0,2.1,18.8,20.9,60.8,0,0,50.1,1,1,13086,1,3842,5901,9203,6538,15070,20945,15070,10338,9648,9425,5079,7773,6202,7007,10065,264,7177,7548,19453,12678,9056,3732,1095,2246,150,2514,1,34:31
2024-25,1630568,Luka Garza,Luka,1610612750,MIN,Minnesota Timberwolves,0022401016,2025-03-21T00:00:00,MIN vs. NOP,W,7.866666666666666,18.3,18.3,1.0,4.6,4.6,1.0,0.0,0.0,0.0,0.0,4.6,4.6,0.0,0.0,0.0,0.0,0.0,0.0,4.6,41.2,36.6,46.7,0,0,50.3,1,1,13086,1,22856,197,4363,1,2928,14247,1,13505,14344,13505,14058,12057,15870,19908,16469,12854,8263,8846,20257,4990,387,1229,4451,2246,150,2437,1,7:52
2024-25,1641842,Ronald Holland II,Ronald,1610612765,DET,Detroit Pistons,0022401019,2025-03-21T00:00:00,DET @ DAL,L,12.401666666666667,14.5,26.1,0.556,2.9,11.6,0.25,2.9,2.9,1.0,2.9,11.6,14.5,2.9,11.6,5.8,0.0,2.9,5.8,2.9,34.8,-14.5,62.4,0,0,66.8,1,13222,1,13222,21046,581,626,7248,6861,2027,11902,8091,10229,1,5586,1557,1990,13267,224,532,8263,1464,3215,9588,988,19714,925,2246,150,404,1,12:24
2024-25,203110,Draymond Green,Draymond,1610612744,GSW,Golden State Warriors,0022401005,2025-03-20T00:00:00,GSW vs. TOR,W,31.465,8.0,20.6,0.389,5.7,16.0,0.357,2.3,2.3,1.0,4.6,3.4,8.0,5.7,4.6,4.6,0.0,1.1,4.6,2.3,24.0,-5.7,51.4,0,0,52.6,1,1,13086,1,6446,6622,2581,16009,1545,523,9188,9669,11824,1,2832,15432,8254,6010,2884,1169,8263,6686,5598,11801,4786,15933,2876,2246,150,1897,1,31:28
2024-25,1631109,Mark Williams,Mark,1610612766,CHA,Charlotte Hornets,0022401010,2025-03-20T00:00:00,CHA vs. NYK,W,31.166666666666668,9.2,16.2,0.571,0.0,0.0,0.0,3.5,3.5,1.0,8.1,8.1,16.2,4.6,1.2,0.0,3.5,0.0,1.2,4.6,21.9,5.8,57.5,1,0,49.7,1,1,13086,1,6734,4296,6877,6538,15070,20945,15070,6765,8951,1,757,4585,1372,8369,14759,12854,1257,8846,18785,4897,6260,9718,1552,1,150,2622,1,31:10
2024-25,1641753,Chris Livingston,Chris,1610612749,MIL,Milwaukee Bucks,0022400996,2025-03-20T00:00:00,MIL @ LAL,W,4.383333333333334,8.2,8.2,1.0,0.0,0.0,0.0,16.4,16.4,1.0,8.2,0.0,8.2,0.0,0.0,0.0,0.0,0.0,0.0,8.2,32.9,-16.4,42.7,0,0,41.1,1,1,13086,1,24293,6174,19923,1,15070,20945,15070,130,246,1,718,22137,7916,19908,16469,12854,8263,8846,20257,923,1354,20416,6268,2246,150,6168,1,4:23
2024-25,1626167,Myles Turner,Myles,1610612754,IND,Indiana Pacers,0022401011,2025-03-20T00:00:00,IND vs. BKN,W,39.55,7.3,10.0,0.727,1.8,4.6,0.4,4.6,4.6,1.0,1.8,7.3,9.1,0.9,2.7,0.9,4.6,0.0,1.8,4.6,20.9,11.8,46.9,1,0,43.7,1,1,13086,1,707,8257,17034,2666,10993,14319,7874,4754,6745,1,9167,5853,6585,19853,7434,12614,669,8846,16081,5041,7134,6868,4356,1,150,4837,1,39:33
2024-25,1641817,Anton Watson,Anton,1610612752,NYK,New York Knicks,0022401010,2025-03-20T00:00:00,NYK @ CHA,L,2.0,18.0,36.0,0.5,0.0,0.0,0.0,0.0,0.0,0.0,18.0,0.0,18.0,0.0,0.0,0.0,0.0,0.0,0.0,0.0,36.0,36.0,57.6,0,0,54.0,1,13222,1,13222,25452,213,120,8526,15070,20945,15070,13505,14344,13505,82,22137,898,19908,16469,12854,8263,8846,20257,17725,825,1287,1534,2246,150,1619,1,2:00
2024-25,1630699,MarJon Beauchamp,MarJon,1610612752,NYK,New York Knicks,0022401010,2025-03-20T00:00:00,NYK @ CHA,L,2.0,18.0,36.0,0.5,0.0,18.0,0.0,0.0,0.0,0.0,18.0,0.0,18.0,0.0,0.0,0.0,0.0,0.0,0.0,0.0,36.0,36.0,57.6,0,0,54.0,1,13222,1,13222,25452,213,120,8526,15070,332,15070,13505,14344,13505,82,22137,898,19908,16469,12854,8263,8846,20257,17725,825,1287,1534,2246,150,1619,1,2:00
2024-25,203994,Jusuf Nurkić,Jusuf,1610612766,CHA,Charlotte Hornets,0022401010,2025-03-20T00:00:00,CHA vs. NYK,W,14.876666666666667,7.3,7.3,1.0,4.8,4.8,1.0,2.4,4.8,0.5,0.0,16.9,16.9,0.0,2.4,0.0,0.0,0.0,0.0,4.8,21.8,38.7,39.7,0,0,43.6,1,1,13086,1,19656,8319,21262,1,2506,13598,1,9280,6218,10625,14058,336,1141,19908,8575,12854,8263,8846,20257,4415,6396,1067,7969,2246,150,4896,1,14:53
2024-25,1641748,Andre Jackson Jr.,Andre,1610612749,MIL,Milwaukee Bucks,0022400996,2025-03-20T00:00:00,MIL @ LAL,W,6.883333333333334,5.2,5.2,1.0,0.0,0.0,0.0,5.2,10.5,0.5,5.2,5.2,10.5,5.2,0.0,10.5,0.0,0.0,0.0,5.2,15.7,20.9,67.5,0,0,52.3,1,1,13086,1,23215,13730,23303,1,15070,20945,15070,3731,1203,10625,2169,10213,4950,6982,16469,110,8263,8846,20257,3727,12235,3717,545,2246,150,1970,1,6:53
2024-25,1626168,Trey Lyles,Trey,1610612758,SAC,Sacramento Kings,0022401013,2025-03-20T00:00:00,SAC vs. CHI,L,24.2,8.9,16.4,0.545,6.0,10.4,0.571,8.9,8.9,1.0,3.0,6.0,8.9,4.5,1.5,0.0,1.5,0.0,1.5,4.5,32.7,-8.9,53.1,0,0,55.0,1,13222,1,13222,12726,4839,6592,7695,1340,3054,3506,1024,1910,1,5405,8447,6849,8734,12804,12854,4898,8846,17271,5217,1376,17392,2418,2246,150,1451,1,24:12
2024-25,1630567,Scottie Barnes,Scottie,1610612761,TOR,Toronto Raptors,0022401005,2025-03-20T00:00:00,TOR @ GSW,L,33.516666666666666,11.8,17.2,0.688,1.1,2.1,0.5,6.4,8.6,0.75,0.0,10.7,10.7,6.4,3.2,0.0,1.1,0.0,1.1,6.4,31.1,-1.1,53.7,1,0,51.6,1,13222,1,13222,4717,1647,5590,3227,14104,19274,3944,2456,2129,8186,14058,2055,4662,4794,5752,12854,6948,8846,19248,2132,1741,13590,2272,1,150,2131,1,33:31
2024-25,202696,Nikola Vučević,Nikola,1610612741,CHI,Chicago Bulls,0022401013,2025-03-20T00:00:00,CHI @ SAC,W,32.28333333333333,10.0,15.6,0.643,4.5,5.6,0.8,2.2,2.2,1.0,6.7,8.9,15.6,8.9,0.0,0.0,0.0,0.0,0.0,3.3,26.8,20.1,58.9,1,0,55.8,1,1,13086,1,5753,3184,7680,4607,3127,11780,1389,9834,11989,1,1282,3593,1547,2087,16469,12854,8263,8846,20257,8104,3320,3927,1352,1,150,1350,1,32:17
2024-25,203507,Giannis Antetokounmpo,Giannis,1610612749,MIL,Milwaukee Bucks,0022400996,2025-03-20T00:00:00,MIL @ LAL,W,29.05,11.2,18.6,0.6,0.0,0.0,0.0,12.4,14.9,0.833,1.2,7.4,8.7,5.0,3.7,2.5,1.2,0.0,1.2,11.2,34.7,23.5,60.0,0,0,55.8,1,1,13086,1,8631,2139,4132,5394,15070,20945,15070,306,363,7275,11541,5608,7196,7556,4513,4440,5948,8846,18328,261,1007,3138,1197,2246,150,1347,1,29:03
2024-25,1628989,Kevin Huerter,Kevin,1610612741,CHI,Chicago Bulls,0022401013,2025-03-20T00:00:00,CHI @ SAC,W,37.35,9.6,15.4,0.625,4.8,8.7,0.556,0.0,0.0,0.0,1.0,3.9,4.8,6.7,1.0,3.9,1.0,0.0,1.9,1.0,24.1,15.4,53.5,0,0,50.1,1,1,13086,1,1768,3672,7933,4899,2530,5306,3747,13505,14344,13505,13545,14168,15251,4357,16066,1788,7728,8846,15535,17506,4735,5465,2334,2246,150,2499,1,37:21
2024-25,1642366,Quinten Post,Quinten,1610612744,GSW,Golden State Warriors,0022401005,2025-03-20T00:00:00,GSW vs. TOR,W,21.988333333333333,9.8,16.4,0.6,9.8,14.7,0.667,0.0,0.0,0.0,0.0,3.3,3.3,0.0,0.0,1.6,1.6,1.6,3.3,0.0,29.5,8.2,43.2,0,0,49.1,1,1,13086,1,14514,3439,6584,5394,219,755,1957,13505,14344,13505,14058,15871,19054,19908,16469,7865,4460,4340,9547,17725,2272,8539,6026,2246,150,2794,1,21:59
2024-25,1630163,LaMelo Ball,LaMelo,1610612766,CHA,Charlotte Hornets,0022401010,2025-03-20T00:00:00,CHA vs. NYK,W,27.516666666666666,13.1,30.1,0.435,6.5,13.1,0.5,0.0,0.0,0.0,2.6,3.9,6.5,10.5,2.6,0.0,0.0,0.0,5.2,1.3,32.7,2.6,53.6,0,0,56.3,1,1,13086,1,9931,997,268,13702,981,1256,3944,13505,14344,13505,6306,13953,11085,1218,7815,12854,8263,8846,4140,15867,1382,11313,2289,2246,150,1263,1,27:31
2024-25,201959,Taj Gibson,Taj,1610612766,CHA,Charlotte Hornets,0022401010,2025-03-20T00:00:00,CHA vs. NYK,W,1.3333333333333333,27.0,27.0,1.0,0.0,0.0,0.0,0.0,0.0,0.0,27.0,0.0,27.0,0.0,0.0,0.0,0.0,0.0,0.0,0.0,54.0,-54.0,86.4,0,0,81.0,1,1,13086,1,25896,46,499,1,15070,20945,15070,13505,14344,13505,20,22137,135,19908,16469,12854,8263,8846,20257,17725,116,25540,118,2246,150,146,1,1:20
2024-25,1630193,Immanuel Quickley,Immanuel,1610612761,TOR,Toronto Raptors,0022401005,2025-03-20T00:00:00,TOR @ GSW,L,30.85,9.3,19.8,0.471,3.5,8.2,0.429,2.3,3.5,0.667,1.2,3.5,4.7,9.3,5.8,3.5,0.0,2.3,3.5,2.3,24.5,-2.3,48.8,0,0,49.0,1,13222,1,13222,6992,4150,3073,12143,5149,6144,7394,9514,8886,9425,12013,15241,15653,1793,1521,2239,8263,2361,8746,11614,4486,14224,3709,2246,150,2828,1,30:51
2024-25,1629018,Gary Trent Jr.,Gary,1610612749,MIL,Milwaukee Bucks,0022400996,2025-03-20T00:00:00,MIL @ LAL,W,27.033333333333335,8.0,13.3,0.6,8.0,13.3,0.6,6.7,6.7,1.0,0.0,4.0,4.0,4.0,0.0,2.7,0.0,0.0,1.3,4.0,30.6,37.3,49.4,0,0,51.9,1,1,13086,1,10306,6650,11272,5394,454,1159,2992,2271,3703,1,14058,13741,17332,9950,16469,3986,8263,8846,17901,6322,1881,1176,3459,2246,150,2055,1,27:02
2024-25,1641763,Julian Phillips,Julian,1610612741,CHI,Chicago Bulls,0022401013,2025-03-20T00:00:00,CHI @ SAC,W,27.366666666666667,1.3,10.5,0.125,0.0,6.6,0.0,0.0,0.0,0.0,1.3,6.6,7.9,0.0,0.0,1.3,0.0,0.0,2.6,1.3,2.6,23.7,16.0,0,0,13.2,1,1,13086,1,10046,22388,16171,22420,15070,9367,15070,13505,14344,13505,11125,7150,8474,19908,16469,9377,8263,8846,12318,15831,23042,3109,22835,2246,150,23663,1,27:22
2024-25,202066,Garrett Temple,Garrett,1610612761,TOR,Toronto Raptors,0022401005,2025-03-20T00:00:00,TOR @ GSW,L,4.833333333333333,0.0,0.0,0.0,0.0,0.0,0.0,0.0,0.0,0.0,0.0,7.4,7.4,7.4,7.4,0.0,0.0,0.0,0.0,0.0,0.0,-7.4,12.7,0,0,14.9,1,13222,1,13222,24068,22635,24836,22635,15070,20945,15070,13505,14344,13505,14058,5585,9271,3461,726,12854,8263,8846,20257,17725,23200,16703,23852,2246,150,23093,1,4:50
2024-25,1630658,Colin Castleton,Colin,1610612761,TOR,Toronto Raptors,0022401005,2025-03-20T00:00:00,TOR @ GSW,L,19.423333333333332,3.7,7.4,0.5,0.0,0.0,0.0,5.6,7.4,0.75,1.9,3.7,5.6,3.7,1.9,3.7,0.0,1.9,1.9,5.6,13.0,-14.8,34.5,0,0,29.7,1,13222,1,13222,16481,17820,21054,8526,15070,20945,15070,3354,2987,8186,9030,14611,13396,10773,11303,1960,8263,3728,15924,3250,15117,19837,11468,2246,150,14198,1,19:25
2024-25,1626157,Karl-Anthony Towns,Karl-Anthony,1610612752,NYK,New York Knicks,0022401010,2025-03-20T00:00:00,NYK @ CHA,L,35.81666666666667,10.1,21.1,0.476,2.0,4.0,0.5,2.0,2.0,1.0,1.0,9.0,10.1,3.0,1.0,0.0,0.0,1.0,2.0,3.0,24.1,-15.1,39.7,1,0,39.2,1,13222,1,13222,2811,3165,2270,12010,10123,15536,3944,10612,12701,1,13219,3469,5372,12872,15815,12854,8263,7878,15084,9180,4720,19936,7957,1,150,7273,1,35:49
2024-25,1642269,Devin Carter,Devin,1610612758,SAC,Sacramento Kings,0022401013,2025-03-20T00:00:00,SAC vs. CHI,L,20.133333333333333,3.6,8.9,0.4,0.0,3.6,0.0,0.0,3.6,0.0,0.0,3.6,3.6,3.6,0.0,0.0,0.0,0.0,1.8,3.6,7.2,8.9,16.8,0,0,14.3,1,13222,1,13222,15915,18138,18808,14933,15070,16493,15070,13505,8732,13505,14058,15003,18380,11154,16469,12854,8263,8846,16241,7463,20597,8208,22561,2246,150,23320,1,20:08
2024-25,202693,Markieff Morris,Markieff,1610612747,LAL,Los Angeles Lakers,0022400996,2025-03-20T00:00:00,LAL vs. MIL,L,28.416666666666668,3.8,13.9,0.273,1.3,8.9,0.143,2.5,2.5,1.0,1.3,3.8,5.1,2.5,0.0,0.0,1.3,1.3,2.5,2.5,11.4,8.9,25.1,0,0,22.8,1,13222,1,13222,9198,17561,10266,20048,12995,4999,14649,8953,11118,1,11381,14317,14614,14429,16469,12854,5815,5831,12658,10862,16790,8237,18228,2246,150,19140,1,28:25
2024-25,1641733,Nick Smith Jr.,Nick,1610612766,CHA,Charlotte Hornets,0022401010,2025-03-20T00:00:00,CHA vs. NYK,W,26.9,5.4,13.4,0.4,2.7,5.4,0.5,4.0,4.0,1.0,0.0,5.4,5.4,4.0,1.3,0.0,0.0,1.3,1.3,4.0,17.4,21.4,28.5,0,0,29.4,1,1,13086,1,10417,13393,11173,14933,7603,12321,3944,5671,7811,1,14058,9892,13911,9896,13628,12854,8263,5453,17868,6267,10432,3592,15875,2246,150,14368,1,26:54
2024-25,1630533,Ziaire Williams,Ziaire,1610612751,BKN,Brooklyn Nets,0022401011,2025-03-20T00:00:00,BKN @ IND,L,34.65,8.3,15.6,0.533,6.2,12.5,0.5,0.0,1.0,0.0,0.0,5.2,5.2,1.0,2.1,2.1,0.0,0.0,1.0,3.1,22.9,-5.2,34.8,0,0,39.5,1,13222,1,13222,3736,5967,7716,8140,1143,1541,3944,13505,14157,13505,14058,10292,14288,19563,10110,5883,8263,8846,19477,8824,5583,15697,11193,2246,150,7082,1,34:39
2024-25,1641767,Ben Sheppard,Ben,1610612754,IND,Indiana Pacers,0022401011,2025-03-20T00:00:00,IND vs. BKN,W,22.35,0.0,9.7,0.0,0.0,6.4,0.0,0.0,0.0,0.0,1.6,11.3,12.9,3.2,0.0,1.6,1.6,1.6,3.2,0.0,0.0,-17.7,30.0,0,0,22.6,1,1,13086,1,14231,22635,17638,22635,15070,9669,15070,13505,14344,13505,9879,1766,2882,12225,16469,7946,4523,4406,9772,17725,23200,20840,14824,2246,150,19324,1,22:21
2024-25,1629632,Coby White,Coby,1610612741,CHI,Chicago Bulls,0022401013,2025-03-20T00:00:00,CHI @ SAC,W,38.21666666666667,9.4,17.0,0.556,1.9,4.7,0.4,12.2,13.2,0.929,0.9,0.0,0.9,4.7,1.9,0.0,0.0,1.9,3.8,8.5,33.0,9.4,39.3,0,0,40.5,1,1,13086,1,1260,3994,5850,7248,10704,13929,7874,319,566,6719,13708,22137,23249,8166,11138,12854,8263,3618,7845,840,1331,7980,8207,2246,150,6494,1,38:13
2024-25,1642278,Tyler Kolek,Tyler,1610612752,NYK,New York Knicks,0022401010,2025-03-20T00:00:00,NYK @ CHA,L,2.0,0.0,18.0,0.0,0.0,0.0,0.0,0.0,0.0,0.0,0.0,0.0,0.0,0.0,0.0,0.0,0.0,0.0,0.0,18.0,0.0,36.0,0.0,0,0,0.0,1,13222,1,13222,25452,22635,4664,22635,15070,20945,15070,13505,14344,13505,14058,22137,23286,19908,16469,12854,8263,8846,20257,62,23200,1287,25228,2246,150,25259,1,2:00
2024-25,1642355,Bronny James,Bronny,1610612747,LAL,Los Angeles Lakers,0022400996,2025-03-20T00:00:00,LAL vs. MIL,L,29.883333333333333,8.4,12.0,0.7,2.4,4.8,0.5,1.2,1.2,1.0,0.0,3.6,3.6,6.0,4.8,0.0,1.2,0.0,4.8,1.2,20.5,-43.4,32.6,0,0,34.9,1,13222,1,13222,7889,5742,13515,3045,8454,13646,3944,12568,13875,1,14058,14884,18289,5443,2552,12854,6140,8846,5013,16378,7516,25088,12846,2246,150,10143,1,29:53
2024-25,1630228,Jonathan Kuminga,Jonathan,1610612744,GSW,Golden State Warriors,0022401005,2025-03-20T00:00:00,GSW vs. TOR,W,25.241666666666667,10.0,21.4,0.467,1.4,7.1,0.2,1.4,1.4,1.0,0.0,5.7,5.7,4.3,2.9,2.9,0.0,0.0,4.3,2.9,22.8,-2.9,41.8,0,0,39.9,1,1,13086,1,11801,3241,2095,12249,12346,8189,13429,11964,13567,1,14058,9029,13007,9188,7017,3543,8263,8846,6348,9760,5619,14485,6729,2246,150,6815,1,25:15
2024-25,201942,DeMar DeRozan,DeMar,1610612758,SAC,Sacramento Kings,0022401013,2025-03-20T00:00:00,SAC vs. CHI,L,35.63333333333333,9.1,22.2,0.409,2.0,6.1,0.333,2.0,4.0,0.5,0.0,3.0,3.0,5.1,1.0,1.0,0.0,2.0,1.0,3.0,22.2,-21.2,35.5,0,0,34.3,1,13222,1,13222,2960,4545,1721,14895,10063,10536,9209,10569,7754,10625,14058,16617,19633,7348,15777,11857,8263,3158,19646,9122,6062,21889,10757,2246,150,10568,1,35:38
2024-25,1629614,Andrew Nembhard,Andrew,1610612754,IND,Indiana Pacers,0022401011,2025-03-20T00:00:00,IND vs. BKN,W,30.783333333333335,4.7,14.0,0.333,1.2,4.7,0.25,0.0,0.0,0.0,0.0,3.5,3.5,4.7,7.0,0.0,0.0,0.0,3.5,3.5,10.5,3.5,14.7,0,0,19.9,1,1,13086,1,7055,15292,10122,17395,13538,14016,11902,13505,14344,13505,14058,15212,18531,8237,884,12854,8263,8846,8723,7638,17634,10890,23270,2246,150,20926,1,30:47
2024-25,1627752,Taurean Prince,Taurean,1610612749,MIL,Milwaukee Bucks,0022400996,2025-03-20T00:00:00,MIL @ LAL,W,25.266666666666666,2.8,7.1,0.4,0.0,2.8,0.0,2.8,2.8,1.0,0.0,2.8,2.8,1.4,1.4,0.0,0.0,0.0,1.4,1.4,8.5,0.0,12.7,0,0,12.8,1,1,13086,1,11769,19771,21414,14933,15070,17959,15070,8213,10360,1,14058,17239,20115,18253,13140,12854,8263,8846,17527,15346,19465,12240,23848,2246,150,23768,1,25:16
2024-25,1641998,Trey Jemison III,Trey,1610612747,LAL,Los Angeles Lakers,0022400996,2025-03-20T00:00:00,LAL vs. MIL,L,16.316666666666666,4.4,6.6,0.667,0.0,0.0,0.0,0.0,0.0,0.0,4.4,6.6,11.0,0.0,2.2,0.0,0.0,0.0,2.2,2.2,8.8,-41.9,19.9,0,0,19.9,1,13222,1,13222,18711,16031,21995,3281,15070,20945,15070,13505,14344,13505,3035,7060,4384,19908,9485,12854,8263,8846,14064,12133,19248,24971,21234,2246,150,20940,1,16:19
2024-25,1631165,Keon Ellis,Keon,1610612758,SAC,Sacramento Kings,0022401013,2025-03-20T00:00:00,SAC vs. CHI,L,17.583333333333332,0.0,4.1,0.0,0.0,4.1,0.0,0.0,0.0,0.0,0.0,4.1,4.1,0.0,4.1,4.1,0.0,0.0,8.2,0.0,0.0,-12.3,13.1,0,0,12.3,1,13222,1,13222,17865,22635,24050,22635,15070,15358,15070,13505,14344,13505,14058,13430,17078,19908,3682,1545,8263,8846,1274,17725,23200,18850,23738,2246,150,23918,1,17:35
2024-25,1627783,Pascal Siakam,Pascal,1610612754,IND,Indiana Pacers,0022401011,2025-03-20T00:00:00,IND vs. BKN,W,35.416666666666664,2.0,8.1,0.25,0.0,2.0,0.0,2.0,3.0,0.667,0.0,6.1,6.1,5.1,4.1,1.0,0.0,0.0,3.0,3.0,6.1,11.2,20.0,0,0,19.3,1,1,13086,1,3137,21342,20043,20233,15070,19491,15070,10520,9850,9425,14058,8104,12058,7281,3752,11799,8263,8846,10495,9078,21318,7146,21151,2246,150,21243,1,35:25
2024-25,201939,Stephen Curry,Stephen,1610612744,GSW,Golden State Warriors,0022401005,2025-03-20T00:00:00,GSW vs. TOR,W,25.016666666666666,8.6,11.5,0.75,2.9,5.8,0.5,4.3,7.2,0.6,0.0,2.9,2.9,1.4,4.3,0.0,1.4,0.0,0.0,7.2,24.5,-10.1,30.1,0,0,34.5,1,1,13086,1,11990,5372,14451,2107,6948,11312,3944,5123,3174,10343,14058,17155,20048,18209,3282,12854,5077,8846,20257,1515,4512,17915,14745,2246,150,10418,1,25:01
2024-25,1641890,Tyler Smith,Tyler,1610612749,MIL,Milwaukee Bucks,0022400996,2025-03-20T00:00:00,MIL @ LAL,W,3.35,0.0,10.7,0.0,0.0,10.7,0.0,0.0,0.0,0.0,0.0,0.0,0.0,0.0,0.0,0.0,0.0,0.0,10.7,0.0,0.0,-64.5,0.0,0,0,0.0,1,1,13086,1,24817,22635,15790,22635,15070,2725,15070,13505,14344,13505,14058,22137,23286,19908,16469,12854,8263,8846,569,17725,23200,25784,25228,2246,150,25259,1,3:21
2024-25,1630182,Josh Green,Josh,1610612766,CHA,Charlotte Hornets,0022401010,2025-03-20T00:00:00,CHA vs. NYK,W,21.166666666666668,3.4,8.5,0.4,1.7,6.8,0.25,0.0,0.0,0.0,0.0,0.0,0.0,1.7,1.7,0.0,0.0,0.0,8.5,3.4,8.5,13.6,9.4,0,0,11.9,1,1,13086,1,15170,18541,19486,14933,11399,8896,11902,13505,14344,13505,14058,22137,23286,17362,11916,12854,8263,8846,1134,7948,19512,6161,24514,2246,150,24004,1,21:10
2024-25,1631250,Pete Nance,Pete,1610612749,MIL,Milwaukee Bucks,0022400996,2025-03-20T00:00:00,MIL @ LAL,W,7.316666666666666,4.9,14.8,0.333,0.0,9.8,0.0,0.0,0.0,0.0,0.0,0.0,0.0,0.0,0.0,0.0,0.0,0.0,0.0,0.0,9.8,4.9,9.8,0,0,9.8,1,1,13086,1,23056,14631,8971,17395,15070,3675,15070,13505,14344,13505,14058,22137,23286,19908,16469,12854,8263,8846,20257,17725,18320,10152,24446,2246,150,24458,1,7:19
2024-25,1630611,Gui Santos,Gui,1610612744,GSW,Golden State Warriors,0022401005,2025-03-20T00:00:00,GSW vs. TOR,W,10.2,0.0,0.0,0.0,0.0,0.0,0.0,0.0,0.0,0.0,0.0,3.5,3.5,7.1,0.0,0.0,0.0,0.0,0.0,0.0,0.0,-10.6,14.8,0,0,10.6,1,1,13086,1,22028,22635,24836,22635,15070,20945,15070,13505,14344,13505,14058,15141,18486,3941,16469,12854,8263,8846,20257,17725,23200,18143,23230,2246,150,24313,1,10:12
2024-25,1628398,Kyle Kuzma,Kyle,1610612749,MIL,Milwaukee Bucks,0022400996,2025-03-20T00:00:00,MIL @ LAL,W,31.316666666666666,10.3,18.4,0.563,0.0,4.6,0.0,2.3,5.7,0.4,2.3,3.4,5.7,5.7,0.0,0.0,0.0,0.0,0.0,3.4,23.0,26.4,38.5,0,0,34.5,1,1,13086,1,6594,2873,4296,7127,15070,14199,15070,9623,4818,13061,7247,15377,12911,5951,16469,12854,8263,8846,20257,7810,5486,2534,8705,2246,150,10465,1,31:19
2024-25,1630549,Day'Ron Sharpe,Day'Ron,1610612751,BKN,Brooklyn Nets,0022401011,2025-03-20T00:00:00,BKN @ IND,L,22.5,4.8,12.8,0.375,0.0,3.2,0.0,0.0,0.0,0.0,6.4,8.0,14.4,3.2,1.6,0.0,3.2,1.6,0.0,0.0,9.6,9.6,39.7,0,0,33.6,1,13222,1,13222,14100,14944,12207,16299,15070,17269,15070,13505,14344,13505,1418,4702,2044,12310,12335,12854,1477,4435,20257,17725,18545,7891,7971,2246,150,11161,1,22:30
2024-25,1629216,Gabe Vincent,Gabe,1610612747,LAL,Los Angeles Lakers,0022400996,2025-03-20T00:00:00,LAL vs. MIL,L,25.05,4.3,17.2,0.25,2.9,10.1,0.286,1.4,2.9,0.5,0.0,2.9,2.9,5.7,2.9,0.0,0.0,1.4,5.7,2.9,12.9,-8.6,22.1,0,0,24.4,1,13222,1,13222,11963,16288,5520,20233,6970,3426,11433,11932,10298,10625,14058,17170,20056,5949,6944,12854,8263,5035,3321,9675,15163,17245,20059,2246,150,18053,1,25:03
2024-25,1630534,Ochai Agbaji,Ochai,1610612761,TOR,Toronto Raptors,0022401005,2025-03-20T00:00:00,TOR @ GSW,L,25.786666666666665,5.6,8.4,0.667,1.4,4.2,0.333,0.0,0.0,0.0,4.2,2.8,7.0,1.4,2.8,0.0,1.4,0.0,8.4,0.0,12.6,-15.4,24.4,0,0,25.1,1,13222,1,13222,11341,12749,19673,3281,12466,15144,9209,13505,14344,13505,3315,17425,10172,18355,7248,12854,5245,8846,1191,17725,15529,20033,18669,2246,150,17578,1,25:47
2024-25,202685,Jonas Valančiūnas,Jonas,1610612758,SAC,Sacramento Kings,0022401013,2025-03-20T00:00:00,SAC vs. CHI,L,15.216666666666667,7.1,16.6,0.429,0.0,0.0,0.0,0.0,0.0,0.0,0.0,11.8,11.8,2.4,0.0,0.0,2.4,0.0,4.7,0.0,14.2,-7.1,39.0,0,0,33.1,1,13222,1,13222,19426,8708,6356,13735,15070,20945,15070,13505,14344,13505,14058,1456,3630,14996,16469,12854,2613,8846,5207,17725,13734,16554,8380,2246,150,11553,1,15:13
2024-25,1631097,Bennedict Mathurin,Bennedict,1610612754,IND,Indiana Pacers,0022401011,2025-03-20T00:00:00,IND vs. BKN,W,39.3,9.2,15.6,0.588,1.8,3.7,0.5,5.5,6.4,0.857,4.6,10.1,14.7,2.7,2.7,1.8,0.0,1.8,0.0,3.7,25.6,15.6,50.1,1,0,48.5,1,1,13086,1,779,4422,7730,6229,10945,16300,3944,3414,3988,7071,2826,2521,1934,13753,7377,7105,8263,3793,20257,7224,3853,5399,3242,1,150,2971,1,39:18
2024-25,1642261,Dalton Knecht,Dalton,1610612747,LAL,Los Angeles Lakers,0022400996,2025-03-20T00:00:00,LAL vs. MIL,L,31.066666666666666,5.8,16.2,0.357,3.5,7.0,0.5,4.6,5.8,0.8,0.0,4.6,4.6,3.5,3.5,1.2,0.0,1.2,0.0,2.3,19.7,-11.6,30.5,0,0,33.6,1,13222,1,13222,6822,12127,6799,17140,5202,8561,3944,4614,4759,7681,14058,11892,15738,11465,5070,10510,8263,6561,20257,11669,8159,18566,14435,2246,150,11155,1,31:04
2024-25,1630692,Jordan Goodwin,Jordan,1610612747,LAL,Los Angeles Lakers,0022400996,2025-03-20T00:00:00,LAL vs. MIL,L,31.05,3.5,9.3,0.375,2.3,3.5,0.667,0.0,0.0,0.0,1.2,8.1,9.3,5.8,3.5,1.2,2.3,0.0,0.0,1.2,9.3,-20.9,36.1,0,0,33.6,1,13222,1,13222,6839,18368,18299,16299,8779,16693,1957,13505,14344,13505,12048,4539,6347,5860,5061,10507,2701,8846,20257,16600,18832,21800,10328,2246,150,11137,1,31:03
2024-25,1641716,Jarace Walker,Jarace,1610612754,IND,Indiana Pacers,0022401011,2025-03-20T00:00:00,IND vs. BKN,W,9.683333333333334,11.2,22.3,0.5,3.7,11.2,0.333,3.7,3.7,1.0,0.0,0.0,0.0,3.7,3.7,0.0,0.0,0.0,0.0,3.7,29.7,3.7,31.6,0,0,37.2,1,1,13086,1,22225,2139,1672,8526,4654,2369,9209,6252,8446,1,14058,22137,23286,10739,4513,12854,8263,8846,20257,7088,2180,10798,13610,2246,150,8596,1,9:41
2024-25,1627741,Buddy Hield,Buddy,1610612744,GSW,Golden State Warriors,0022401005,2025-03-20T00:00:00,GSW vs. TOR,W,19.388333333333332,1.9,7.4,0.25,1.9,5.6,0.333,9.3,9.3,1.0,3.7,5.6,9.3,7.4,3.7,1.9,0.0,0.0,3.7,3.7,14.9,13.0,39.0,0,0,37.1,1,1,13086,1,16509,21648,21031,20233,10847,11793,9209,914,1720,1,4014,9362,6340,3481,4525,6997,8263,8846,8026,7100,13060,6403,8415,2246,150,8628,1,19:23
2024-25,1630200,Tre Jones,Tre,1610612741,CHI,Chicago Bulls,0022401013,2025-03-20T00:00:00,CHI @ SAC,W,33.43333333333333,6.5,10.8,0.6,1.1,2.2,0.5,2.2,2.2,1.0,1.1,3.2,4.3,7.5,3.2,2.2,0.0,2.2,3.2,3.2,16.2,8.6,35.9,0,0,33.4,1,1,13086,1,4782,10283,15752,5394,14086,19257,3944,10110,12239,1,12661,15990,16514,3353,5732,5570,8263,2755,9737,8460,11772,8352,10470,2246,150,11339,1,33:26
2024-25,203458,Alex Len,Alex,1610612747,LAL,Los Angeles Lakers,0022400996,2025-03-20T00:00:00,LAL vs. MIL,L,17.283333333333335,8.3,14.6,0.571,2.1,4.2,0.5,2.1,8.3,0.25,8.3,10.4,18.7,2.1,6.2,2.1,0.0,2.1,8.3,4.2,20.8,-8.3,46.4,0,0,47.9,1,13222,1,13222,18086,5919,9233,6538,9755,15197,3944,10349,2303,13358,695,2280,741,16055,1248,5856,8263,2966,1209,5913,7215,17110,4556,2246,150,3178,1,17:17
2024-25,1628370,Malik Monk,Malik,1610612758,SAC,Sacramento Kings,0022401013,2025-03-20T00:00:00,SAC vs. CHI,L,34.4,12.6,19.9,0.632,5.2,10.5,0.5,5.2,5.2,1.0,1.0,0.0,1.0,5.2,2.1,0.0,0.0,0.0,4.2,7.3,35.6,-5.2,42.6,0,0,47.1,1,13222,1,13222,3923,1218,3046,4871,2018,3011,3944,3726,5548,1,12904,22137,23167,6978,10032,12854,8263,8846,6590,1434,893,15716,6313,2246,150,3442,1,34:24
2024-25,1641764,Brandin Podziemski,Brandin,1610612744,GSW,Golden State Warriors,0022401005,2025-03-20T00:00:00,GSW vs. TOR,W,34.85,6.2,14.5,0.429,3.1,7.2,0.429,0.0,0.0,0.0,1.0,2.1,3.1,1.0,0.0,1.0,0.0,1.0,1.0,1.0,15.5,7.2,23.9,0,0,24.8,1,1,13086,1,3581,10976,9415,13735,6218,7980,7394,13505,14344,13505,13000,19464,19478,19584,16469,11651,8263,7636,19509,17260,12423,9026,19054,2246,150,17832,1,34:51
2024-25,1642347,Jamal Shead,Jamal,1610612761,TOR,Toronto Raptors,0022401005,2025-03-20T00:00:00,TOR @ GSW,L,26.633333333333333,5.4,9.5,0.571,2.7,4.1,0.667,1.4,1.4,1.0,0.0,5.4,5.4,8.1,6.8,1.4,0.0,1.4,4.1,1.4,14.9,8.1,30.8,0,0,33.8,1,13222,1,13222,10618,13254,18018,6538,7530,15467,1957,12160,13658,1,14058,9769,13798,2779,997,9181,8263,5392,6985,15666,13044,8580,14190,2246,150,11004,1,26:38
2024-25,1629610,DaQuan Jeffries,DaQuan,1610612766,CHA,Charlotte Hornets,0022401010,2025-03-20T00:00:00,CHA vs. NYK,W,33.25,4.3,7.6,0.571,3.2,5.4,0.6,3.2,4.3,0.75,0.0,4.3,4.3,0.0,1.1,1.1,0.0,0.0,4.3,2.2,15.2,8.7,22.5,0,0,24.9,1,1,13086,1,4943,16246,20817,6538,5815,12178,2992,7205,7141,8186,14058,12710,16456,19908,15258,11163,8263,8846,6194,12315,12750,8333,19859,2246,150,17752,1,33:15
2024-25,1628970,Miles Bridges,Miles,1610612766,CHA,Charlotte Hornets,0022401010,2025-03-20T00:00:00,CHA vs. NYK,W,33.406666666666666,6.5,18.3,0.353,2.2,5.4,0.4,1.1,1.1,1.0,0.0,10.8,10.8,4.3,2.2,0.0,0.0,1.1,0.0,2.2,16.2,21.6,33.4,1,0,33.4,1,1,13086,1,4810,10276,4354,17268,9424,12237,7874,12979,14076,1,14058,2031,4625,9099,9704,12854,8263,7251,20257,12372,11765,3567,12259,1,150,11313,1,33:24
2024-25,1630570,Trendon Watford,Trendon,1610612751,BKN,Brooklyn Nets,0022401011,2025-03-20T00:00:00,BKN @ IND,L,26.55,8.1,14.9,0.545,1.4,1.4,1.0,2.7,5.4,0.5,1.4,5.4,6.8,2.7,1.4,1.4,0.0,2.7,2.7,5.4,20.3,10.8,35.3,0,0,33.9,1,13222,1,13222,10687,6335,8730,7695,12625,20428,1,8547,5282,10625,10951,9731,10577,13871,13537,9156,8263,1723,11992,3445,7625,7305,10896,2246,150,10926,1,26:33
2024-25,202710,Jimmy Butler III,Jimmy,1610612744,GSW,Golden State Warriors,0022401005,2025-03-20T00:00:00,GSW vs. TOR,W,35.85,4.0,15.1,0.267,1.0,2.0,0.5,7.0,10.0,0.7,3.0,8.0,11.0,12.1,2.0,2.0,2.0,1.0,2.0,9.0,16.1,5.0,57.4,1,1,48.2,1,1,13086,1,2786,17053,8499,20170,14528,19539,3944,1988,1346,9366,5307,4654,4367,707,10476,6215,3462,7882,15092,640,11854,10098,1565,1,1,3083,1,35:51
2024-25,1626192,Pat Connaughton,Pat,1610612749,MIL,Milwaukee Bucks,0022400996,2025-03-20T00:00:00,MIL @ LAL,W,6.883333333333334,5.2,15.7,0.333,0.0,10.5,0.0,0.0,0.0,0.0,0.0,10.5,10.5,15.7,5.2,5.2,0.0,0.0,0.0,0.0,10.5,20.9,57.0,0,0,47.1,1,1,13086,1,23215,13730,7559,17395,15070,3016,15070,13505,14344,13505,14058,2260,4950,235,2086,771,8263,8846,20257,17725,17701,3717,1638,2246,150,3446,1,6:53
2024-25,1630541,Moses Moody,Moses,1610612744,GSW,Golden State Warriors,0022401005,2025-03-20T00:00:00,GSW vs. TOR,W,27.421666666666667,0.0,6.6,0.0,0.0,3.9,0.0,5.3,5.3,1.0,0.0,1.3,1.3,2.6,1.3,2.6,1.3,0.0,1.3,2.6,5.3,5.3,21.3,0,0,17.1,1,1,13086,1,9999,22635,22050,22635,15070,15695,15070,3705,5526,1,14058,21262,22802,14136,13750,4083,5596,8846,17988,10565,21879,9979,20558,2246,150,22276,1,27:25
2024-25,1641721,Maxwell Lewis,Maxwell,1610612751,BKN,Brooklyn Nets,0022401011,2025-03-20T00:00:00,BKN @ IND,L,21.85,4.9,9.9,0.5,3.3,3.3,1.0,0.0,0.0,0.0,1.6,1.6,3.3,3.3,0.0,1.6,0.0,1.6,0.0,0.0,13.2,9.9,27.0,0,0,26.4,1,13222,1,13222,14613,14570,17271,8526,5680,17082,1,13505,14344,13505,9755,20573,19003,11999,16469,7827,8263,4305,20257,17725,14899,7742,16925,2246,150,16659,1,21:51
2024-25,1630172,Patrick Williams,Patrick,1610612741,CHI,Chicago Bulls,0022401013,2025-03-20T00:00:00,CHI @ SAC,W,28.65,2.5,6.3,0.4,0.0,1.3,0.0,3.8,5.0,0.75,0.0,1.3,1.3,3.8,1.3,1.3,0.0,0.0,2.5,2.5,8.8,2.5,18.5,0,0,16.3,1,1,13086,1,8973,20446,22338,14933,15070,20550,15070,6146,5873,8186,14058,21375,22868,10589,14057,9747,8263,8846,12741,10942,19273,11360,21902,2246,150,22572,1,28:39
2024-25,201572,Brook Lopez,Brook,1610612749,MIL,Milwaukee Bucks,0022400996,2025-03-20T00:00:00,MIL @ LAL,W,31.666666666666668,4.5,9.1,0.5,1.1,3.4,0.333,2.3,2.3,1.0,3.4,4.5,8.0,0.0,1.1,0.0,2.3,1.1,3.4,1.1,12.5,19.3,27.7,0,0,26.1,1,1,13086,1,6258,15628,18571,8526,13734,16847,9209,9713,11865,1,4517,12127,8347,19908,14893,12854,2792,6739,9041,16731,15588,4166,16402,2246,150,16836,1,31:40
2024-25,1626156,D'Angelo Russell,D'Angelo,1610612751,BKN,Brooklyn Nets,0022401011,2025-03-20T00:00:00,BKN @ IND,L,32.36666666666667,7.8,24.5,0.318,3.3,13.3,0.25,5.6,6.7,0.833,0.0,1.1,1.1,6.7,1.1,1.1,0.0,0.0,4.4,6.7,24.5,-2.2,38.0,0,0,37.8,1,13222,1,13222,5670,7093,933,19142,5553,1151,11902,3352,3690,7275,14058,21730,23066,4465,15048,10921,8263,8846,5890,1928,4507,14160,9003,2246,150,8159,1,32:22
2024-25,1628404,Josh Hart,Josh,1610612752,NYK,New York Knicks,0022401010,2025-03-20T00:00:00,NYK @ CHA,L,39.46,4.6,7.3,0.625,2.7,2.7,1.0,0.0,0.0,0.0,1.8,1.8,3.6,5.5,0.9,0.9,0.0,0.0,3.6,0.9,11.9,-14.6,26.3,0,0,25.5,1,13222,1,13222,730,15599,21206,4899,7430,18194,1,13505,14344,13505,9154,20180,18206,6480,16314,12608,8263,8846,8261,17639,16283,19746,17428,2246,150,17251,1,39:28
2024-25,1642419,Jamison Battle,Jamison,1610612761,TOR,Toronto Raptors,0022401005,2025-03-20T00:00:00,TOR @ GSW,L,33.03,5.4,13.1,0.417,4.4,10.9,0.4,0.0,0.0,0.0,0.0,2.2,2.2,2.2,1.1,1.1,0.0,0.0,4.4,0.0,15.3,-2.2,23.3,0,0,26.2,1,13222,1,13222,5131,13134,11716,14532,3304,2588,7874,13505,14344,13505,14058,19127,21452,15692,15199,11103,8263,8846,6123,17725,12646,14143,19360,2246,150,16827,1,33:02
2024-25,1631099,Keegan Murray,Keegan,1610612758,SAC,Sacramento Kings,0022401013,2025-03-20T00:00:00,SAC vs. CHI,L,38.31666666666667,3.8,7.5,0.5,1.9,4.7,0.4,0.0,0.0,0.0,2.8,5.6,8.5,2.8,1.9,0.0,1.9,0.0,3.8,0.9,9.4,-18.8,27.5,0,0,26.3,1,13222,1,13222,1206,17684,20906,8526,10721,13959,7874,13505,14344,13505,5813,9201,7540,13526,11164,12854,3829,8846,7887,17578,18729,21177,16563,2246,150,16709,1,38:19
2024-25,204456,T.J. McConnell,T.J.,1610612754,IND,Indiana Pacers,0022401011,2025-03-20T00:00:00,IND vs. BKN,W,17.833333333333332,2.0,6.1,0.333,0.0,0.0,0.0,10.1,12.1,0.833,0.0,2.0,2.0,2.0,4.0,4.0,0.0,0.0,2.0,6.1,14.1,-4.0,27.7,0,0,26.2,1,1,13086,1,17681,21377,22549,17395,15070,20945,15070,670,737,7275,14058,19599,21761,16304,3803,1597,8263,8846,15035,2552,13809,15087,16454,2246,150,16759,1,17:50
2024-25,1629629,Cam Reddish,Cam,1610612747,LAL,Los Angeles Lakers,0022400996,2025-03-20T00:00:00,LAL vs. MIL,L,22.35,1.6,9.7,0.167,0.0,1.6,0.0,0.0,0.0,0.0,3.2,3.2,6.4,0.0,0.0,3.2,0.0,0.0,0.0,1.6,3.2,-27.4,20.6,0,0,16.1,1,13222,1,13222,14231,22017,17638,21938,15070,20151,15070,13505,14344,13505,4899,16013,11296,19908,16469,2694,8263,8846,20257,14591,22883,23318,20892,2246,150,22666,1,22:21
2024-25,1629637,Jaxson Hayes,Jaxson,1610612747,LAL,Los Angeles Lakers,0022400996,2025-03-20T00:00:00,LAL vs. MIL,L,16.083333333333332,9.0,11.2,0.8,0.0,2.2,0.0,2.2,4.5,0.5,0.0,11.2,11.2,6.7,2.2,0.0,0.0,0.0,9.0,4.5,20.1,-11.2,41.4,0,0,38.1,1,13222,1,13222,18872,4799,15032,1688,15070,19100,15070,9815,6882,10625,14058,1803,4241,4406,9353,12854,8263,8846,978,5195,7797,18402,6926,2246,150,7994,1,16:05
2024-25,1626172,Kevon Looney,Kevon,1610612744,GSW,Golden State Warriors,0022401005,2025-03-20T00:00:00,GSW vs. TOR,W,8.578333333333333,4.2,4.2,1.0,0.0,0.0,0.0,0.0,4.2,0.0,4.2,4.2,8.4,0.0,0.0,0.0,0.0,0.0,0.0,4.2,8.4,16.8,18.5,0,0,16.8,1,1,13086,1,22606,16606,23996,1,15070,20945,15070,13505,7417,13505,3306,13131,7634,19908,16469,12854,8263,8846,20257,5853,19597,4974,21906,2246,150,22391,1,8:35
2024-25,1641730,Noah Clowney,Noah,1610612751,BKN,Brooklyn Nets,0022401011,2025-03-20T00:00:00,BKN @ IND,L,19.0,5.7,18.9,0.3,1.9,13.3,0.143,5.7,5.7,1.0,1.9,3.8,5.7,1.9,3.8,1.9,0.0,0.0,9.5,7.6,18.9,-1.9,30.5,0,0,32.2,1,13222,1,13222,16826,12461,3801,19363,10653,1176,14649,3196,4910,1,8840,14352,13062,16767,4347,6793,8263,8846,821,1276,8912,13976,14426,2246,150,12208,1,19:00
2024-25,1631222,Jake LaRavia,Jake,1610612758,SAC,Sacramento Kings,0022401013,2025-03-20T00:00:00,SAC vs. CHI,L,21.666666666666668,5.0,5.0,1.0,1.7,1.7,1.0,5.0,5.0,1.0,5.0,6.6,11.6,5.0,1.7,0.0,1.7,0.0,6.6,3.3,16.6,0.0,41.4,0,0,38.2,1,13222,1,13222,14776,14433,23478,1,11505,20094,1,4064,5950,1,2391,7002,3818,7502,12088,12854,4397,8846,2272,8186,11266,12240,6945,2246,150,7883,1,21:40
2024-25,203552,Seth Curry,Seth,1610612766,CHA,Charlotte Hornets,0022401010,2025-03-20T00:00:00,CHA vs. NYK,W,18.383333333333333,3.9,5.9,0.667,0.0,0.0,0.0,0.0,0.0,0.0,0.0,2.0,2.0,5.9,2.0,0.0,0.0,0.0,3.9,0.0,7.8,15.7,17.0,0,0,15.7,1,1,13086,1,17292,17282,22738,3281,15070,20945,15070,13505,14344,13505,14058,19799,21889,5714,10734,12854,8263,8846,7390,17725,20059,5363,22470,2246,150,22833,1,18:23
2024-25,1631111,Wendell Moore Jr.,Wendell,1610612766,CHA,Charlotte Hornets,0022401010,2025-03-20T00:00:00,CHA vs. NYK,W,19.9,1.8,3.6,0.5,0.0,1.8,0.0,0.0,0.0,0.0,0.0,1.8,1.8,3.6,1.8,0.0,0.0,0.0,3.6,0.0,3.6,0.0,9.4,0,0,9.0,1,1,13086,1,16094,21741,24263,8526,15070,19907,15070,13505,14344,13505,14058,20218,22149,11036,11507,12854,8263,8846,8369,17725,22732,12240,24510,2246,150,24596,1,19:54
2024-25,1631245,Quenton Jackson,Quenton,1610612754,IND,Indiana Pacers,0022401011,2025-03-20T00:00:00,IND vs. BKN,W,4.383333333333334,0.0,0.0,0.0,0.0,0.0,0.0,0.0,0.0,0.0,0.0,8.2,8.2,0.0,0.0,0.0,0.0,0.0,8.2,8.2,0.0,41.1,9.9,0,0,8.2,1,1,13086,1,24293,22635,24836,22635,15070,20945,15070,13505,14344,13505,14058,4404,7916,19908,16469,12854,8263,8846,1263,923,23200,903,24444,2246,150,24733,1,4:23
2024-25,1629013,Landry Shamet,Landry,1610612752,NYK,New York Knicks,0022401010,2025-03-20T00:00:00,NYK @ CHA,L,19.2,0.0,5.6,0.0,0.0,5.6,0.0,0.0,0.0,0.0,0.0,0.0,0.0,0.0,1.9,1.9,0.0,0.0,0.0,0.0,0.0,-16.9,3.8,0,0,3.8,1,13222,1,13222,16670,22635,22968,22635,15070,11644,15070,13505,14344,13505,14058,22137,23286,19908,11182,6889,8263,8846,20257,17725,23200,20570,25096,2246,150,25197,1,19:12
2024-25,1630592,Jalen Wilson,Jalen,1610612751,BKN,Brooklyn Nets,0022401011,2025-03-20T00:00:00,BKN @ IND,L,19.25,0.0,7.5,0.0,0.0,5.6,0.0,0.0,0.0,0.0,0.0,1.9,1.9,0.0,1.9,0.0,0.0,0.0,1.9,0.0,0.0,-9.4,0.4,0,0,1.9,1,13222,1,13222,16627,22635,20956,22635,15070,11686,15070,13505,14344,13505,14058,20043,22048,19908,11220,12854,8263,8846,15829,17725,23200,17607,25225,2246,150,25255,1,19:15
2024-25,1642367,Jonathan Mogbo,Jonathan,1610612761,TOR,Toronto Raptors,0022401005,2025-03-20T00:00:00,TOR @ GSW,L,27.971666666666668,2.6,6.4,0.4,0.0,0.0,0.0,1.3,1.3,1.0,1.3,5.1,6.4,5.1,3.9,0.0,0.0,1.3,1.3,1.3,6.4,1.3,18.0,0,0,18.0,1,13222,1,13222,9568,20324,22169,14933,15070,20945,15070,12336,13750,1,11256,10427,11307,7138,4168,12854,8263,5720,18089,15964,21100,11958,22084,2246,150,21854,1,27:58
2024-25,1630639,A.J. Lawson,A.J.,1610612761,TOR,Toronto Raptors,0022401005,2025-03-20T00:00:00,TOR @ GSW,L,10.328333333333333,0.0,7.0,0.0,0.0,3.5,0.0,0.0,0.0,0.0,0.0,7.0,7.0,0.0,0.0,0.0,0.0,0.0,3.5,0.0,0.0,0.0,8.4,0,0,7.0,1,13222,1,13222,21998,22635,21597,22635,15070,16684,15070,13505,14344,13505,14058,6413,10193,19908,16469,12854,8263,8846,8788,17725,23200,12240,24648,2246,150,24894,1,10:20
2024-25,203897,Zach LaVine,Zach,1610612758,SAC,Sacramento Kings,0022401013,2025-03-20T00:00:00,SAC vs. CHI,L,32.85,2.2,9.9,0.222,1.1,6.6,0.167,3.3,3.3,1.0,0.0,1.1,1.1,5.5,2.2,1.1,0.0,0.0,1.1,1.1,8.8,-4.4,19.4,0,0,18.6,1,13222,1,13222,5284,21056,17308,21205,13964,9376,14236,7133,9338,1,14058,21758,23085,6471,9544,11055,8263,8846,19126,16926,19293,15261,21459,2246,150,21562,1,32:51
2024-25,1631213,Tyrese Martin,Tyrese,1610612751,BKN,Brooklyn Nets,0022401011,2025-03-20T00:00:00,BKN @ IND,L,30.9,1.2,9.3,0.125,0.0,5.8,0.0,2.3,2.3,1.0,0.0,4.7,4.7,4.7,3.5,2.3,0.0,1.2,3.5,1.2,4.7,-12.8,20.7,0,0,18.6,1,13222,1,13222,6960,22525,18245,22420,15070,11143,15070,9524,11691,1,14058,11824,15669,8275,5019,4935,8263,6517,8761,16573,22208,19061,20821,2246,150,21558,1,30:54
2024-25,1631207,Dalen Terry,Dalen,1610612741,CHI,Chicago Bulls,0022401013,2025-03-20T00:00:00,CHI @ SAC,W,20.1,3.6,10.7,0.333,3.6,5.4,0.667,5.4,7.2,0.75,1.8,7.2,9.0,3.6,3.6,1.8,0.0,1.8,5.4,3.6,16.1,10.7,34.0,0,0,35.8,1,1,13086,1,15948,18120,15790,17395,4961,12269,1957,3557,3207,8186,9272,6073,6815,11134,4815,7294,8263,3923,3881,7449,11794,7346,11778,2246,150,9504,1,20:06
2024-25,1626166,Cameron Payne,Cameron,1610612752,NYK,New York Knicks,0022401010,2025-03-20T00:00:00,NYK @ CHA,L,16.1,4.5,17.9,0.25,2.2,8.9,0.25,0.0,0.0,0.0,0.0,6.7,6.7,6.7,0.0,0.0,0.0,0.0,2.2,4.5,11.2,-20.1,29.3,0,0,26.8,1,13222,1,13222,18858,15857,4819,20233,9093,4907,11902,13505,14344,13505,14058,6879,10716,4413,16469,12854,8263,8846,13941,5205,17011,21582,15291,2246,150,16289,1,16:06
2024-25,1629651,Nic Claxton,Nic,1610612751,BKN,Brooklyn Nets,0022401011,2025-03-20T00:00:00,BKN @ IND,L,30.5,3.5,5.9,0.6,0.0,0.0,0.0,0.0,0.0,0.0,7.1,9.4,16.5,0.0,5.9,1.2,2.4,0.0,3.5,1.2,7.1,-14.2,31.6,0,0,30.7,1,13222,1,13222,7321,18228,22705,5394,15070,20945,15070,13505,14344,13505,1109,3080,1257,19908,1451,10340,2621,8846,8631,16503,20658,19567,13589,2246,150,13404,1,30:30
2024-25,1631260,AJ Green,AJ,1610612749,MIL,Milwaukee Bucks,0022400996,2025-03-20T00:00:00,MIL @ LAL,W,20.216666666666665,3.6,8.9,0.4,3.6,7.1,0.5,0.0,0.0,0.0,1.8,3.6,5.3,3.6,0.0,1.8,0.0,0.0,5.3,1.8,10.7,49.9,27.8,0,0,26.7,1,1,13086,1,15849,18171,18859,14933,5008,8210,3944,13505,14344,13505,9317,15049,13931,11207,16469,7329,8263,8846,3941,13998,17492,552,16381,2246,150,16390,1,20:13
2024-25,1630540,Miles McBride,Miles,1610612752,NYK,New York Knicks,0022401010,2025-03-20T00:00:00,NYK @ CHA,L,35.916666666666664,4.0,10.0,0.4,1.0,6.0,0.167,0.0,0.0,0.0,0.0,3.0,3.0,6.0,0.0,0.0,1.0,0.0,4.0,1.0,9.0,-11.0,24.7,0,0,21.0,1,13222,1,13222,2742,17071,17010,14933,14541,10659,14236,13505,14344,13505,14058,16691,19706,5463,16469,12854,7468,8846,7113,17389,19058,18331,18519,2246,150,20254,1,35:55
2024-25,1630553,Keon Johnson,Keon,1610612751,BKN,Brooklyn Nets,0022401011,2025-03-20T00:00:00,BKN @ IND,L,27.433333333333334,2.6,15.7,0.167,1.3,7.9,0.167,1.3,2.6,0.5,1.3,2.6,3.9,2.6,0.0,2.6,0.0,3.9,6.6,2.6,7.9,-18.4,24.4,0,0,21.0,1,13222,1,13222,9990,20236,7478,21938,12816,6665,14236,12271,10920,10625,11142,17886,17478,14138,16469,4084,8263,669,2358,10567,20023,21036,18682,2246,150,20285,1,27:26
2024-25,1628969,Mikal Bridges,Mikal,1610612752,NYK,New York Knicks,0022401010,2025-03-20T00:00:00,NYK @ CHA,L,32.68333333333333,5.5,12.1,0.455,0.0,4.4,0.0,6.6,8.8,0.75,0.0,4.4,4.4,6.6,1.1,3.3,0.0,0.0,0.0,6.6,17.6,-9.9,41.6,0,0,35.2,1,13222,1,13222,5409,12965,13387,12676,15070,14668,15070,2311,1978,8186,14058,12515,16271,4566,15123,2557,8263,8846,20257,1977,10195,17857,6810,2246,150,9920,1,32:41
2024-25,1641824,Matas Buzelis,Matas,1610612741,CHI,Chicago Bulls,0022401013,2025-03-20T00:00:00,CHI @ SAC,W,14.933333333333334,4.8,12.1,0.4,2.4,9.6,0.25,0.0,0.0,0.0,0.0,2.4,2.4,0.0,2.4,0.0,2.4,0.0,2.4,0.0,12.1,-24.1,19.8,0,0,21.7,1,1,13086,1,19616,14881,13502,14933,8447,3918,11902,13505,14344,13505,14058,18446,20985,19908,8606,12854,2532,8846,13145,17725,16092,22602,21278,2246,150,19845,1,14:56
2024-25,1631157,Ryan Rollins,Ryan,1610612749,MIL,Milwaukee Bucks,0022400996,2025-03-20T00:00:00,MIL @ LAL,W,29.2,3.7,13.6,0.273,2.5,8.6,0.286,2.5,2.5,1.0,1.2,4.9,6.2,4.9,1.2,3.7,1.2,1.2,3.7,4.9,12.3,14.8,40.7,0,0,35.8,1,1,13086,1,8496,17833,10894,20048,8265,5374,11433,9149,11300,1,11587,11079,11908,7615,14211,1965,5980,6036,8077,4235,15791,5707,7341,2246,150,9543,1,29:12
2024-25,1628418,Thomas Bryant,Thomas,1610612754,IND,Indiana Pacers,0022401011,2025-03-20T00:00:00,IND vs. BKN,W,13.45,2.7,8.0,0.333,0.0,2.7,0.0,2.7,5.4,0.5,0.0,8.0,8.0,0.0,0.0,0.0,5.4,0.0,5.4,2.7,8.0,-18.7,33.7,0,0,26.8,1,1,13086,1,20511,20137,20206,17395,15070,18300,15070,8623,5380,10625,14058,4659,8213,19908,16469,12854,426,8846,3921,10386,19897,21154,12028,2246,150,16346,1,13:27
2024-25,1629645,Kevin Porter Jr.,Kevin,1610612749,MIL,Milwaukee Bucks,0022400996,2025-03-20T00:00:00,MIL @ LAL,W,17.433333333333334,2.1,10.3,0.2,0.0,0.0,0.0,2.1,4.1,0.5,0.0,8.3,8.3,2.1,4.1,2.1,0.0,4.1,2.1,2.1,6.2,35.1,21.3,0,0,20.7,1,1,13086,1,17972,21289,16513,21401,15070,20945,15070,10422,7567,10625,14058,4337,7834,16136,3607,5932,8263,610,14781,12781,21253,1389,20557,2246,150,20482,1,17:26
2024-25,1630167,Obi Toppin,Obi,1610612754,IND,Indiana Pacers,0022401011,2025-03-20T00:00:00,IND vs. BKN,W,17.583333333333332,4.1,12.3,0.333,0.0,4.1,0.0,6.1,6.1,1.0,2.0,4.1,6.1,2.0,2.0,2.0,0.0,0.0,4.1,2.0,14.3,-10.2,28.9,0,0,26.6,1,1,13086,1,17865,16857,13112,17395,15070,15358,15070,2736,4295,1,8175,13430,11950,16199,10275,6019,8263,8846,6857,12849,13572,17993,15584,2246,150,16452,1,17:35
2024-25,1630174,Aaron Nesmith,Aaron,1610612754,IND,Indiana Pacers,0022401011,2025-03-20T00:00:00,IND vs. BKN,W,34.666666666666664,4.2,9.3,0.444,2.1,6.2,0.333,4.2,4.2,1.0,1.0,5.2,6.2,0.0,2.1,2.1,0.0,1.0,5.2,2.1,14.5,5.2,26.2,0,0,27.0,1,1,13086,1,3721,16718,18203,13045,9779,10129,9209,5432,7515,1,12954,10298,11754,19908,10114,5884,8263,7589,4208,12725,13365,10010,17494,2246,150,16146,1,34:40
2024-25,1630173,Precious Achiuwa,Precious,1610612752,NYK,New York Knicks,0022401010,2025-03-20T00:00:00,NYK @ CHA,L,17.30666666666667,2.1,10.4,0.2,0.0,4.2,0.0,0.0,4.2,0.0,4.2,8.3,12.5,0.0,4.2,2.1,0.0,0.0,6.2,2.1,4.2,-10.4,21.2,0,0,20.8,1,13222,1,13222,18069,21268,16387,21401,15070,15208,15070,13505,7501,13505,3354,4255,3141,19908,3564,5871,8263,8846,2670,12710,22481,18070,20589,2246,150,20406,1,17:18
2024-25,1629003,Shake Milton,Shake,1610612747,LAL,Los Angeles Lakers,0022400996,2025-03-20T00:00:00,LAL vs. MIL,L,22.5,3.2,9.6,0.333,0.0,1.6,0.0,0.0,0.0,0.0,6.4,3.2,9.6,4.8,3.2,0.0,0.0,0.0,9.6,0.0,6.4,-59.2,21.9,0,0,20.8,1,13222,1,13222,14100,18998,17768,17395,15070,20168,15070,13505,14344,13505,1418,16089,5919,7920,5817,12854,8263,8846,789,17725,21123,25673,20195,2246,150,20407,1,22:30
2024-25,1627751,Jakob Poeltl,Jakob,1610612761,TOR,Toronto Raptors,0022401005,2025-03-20T00:00:00,TOR @ GSW,L,27.626666666666665,10.4,11.7,0.889,0.0,0.0,0.0,2.6,2.6,1.0,1.3,9.1,10.4,2.6,2.6,0.0,2.6,0.0,5.2,2.6,23.5,3.9,45.1,0,0,41.7,1,13222,1,13222,9851,2791,14064,1318,15070,20945,15070,8792,10960,1,11188,3385,4983,14195,7855,12854,2212,8846,4172,10621,5165,10699,5137,2246,150,5799,1,27:38
2024-25,1628384,OG Anunoby,OG,1610612752,NYK,New York Knicks,0022401010,2025-03-20T00:00:00,NYK @ CHA,L,37.516666666666666,6.7,18.2,0.368,2.9,11.5,0.25,7.7,7.7,1.0,1.9,3.8,5.8,1.9,1.0,2.9,1.0,1.9,3.8,4.8,24.0,-16.3,44.3,0,0,42.2,1,13222,1,13222,1673,9646,4426,16823,6947,2089,11902,1567,2759,1,8745,14210,12883,16680,16092,3467,7751,3481,7633,4508,4809,20380,5504,2246,150,5539,1,37:31
2024-25,1631217,Moussa Diabaté,Moussa,1610612766,CHA,Charlotte Hornets,0022401010,2025-03-20T00:00:00,CHA vs. NYK,W,12.1,6.0,8.9,0.667,0.0,3.0,0.0,8.9,11.9,0.75,3.0,11.9,14.9,0.0,0.0,0.0,0.0,0.0,3.0,6.0,20.8,11.9,38.7,0,0,35.7,1,1,13086,1,21189,11651,18828,3281,15070,17712,15070,1024,786,8186,5405,1412,1831,19908,16469,12854,8263,8846,10831,2684,7218,6834,8609,2246,150,9571,1,12:06
2024-25,1628380,Zach Collins,Zach,1610612741,CHI,Chicago Bulls,0022401013,2025-03-20T00:00:00,CHI @ SAC,W,7.666666666666667,14.1,18.8,0.75,0.0,4.7,0.0,0.0,0.0,0.0,4.7,9.4,14.1,0.0,9.4,0.0,0.0,0.0,9.4,4.7,28.2,-37.6,35.7,0,0,42.3,1,1,13086,1,22933,685,3943,2107,15070,13963,15070,13505,14344,13505,2677,3119,2193,19908,382,12854,8263,8846,842,4726,2719,24659,10586,2246,150,5513,1,7:40
2024-25,1628427,Vlatko Čančar,Vlatko,1610612743,DEN,Denver Nuggets,0022401006,2025-03-19T00:00:00,DEN @ LAL,L,22.036666666666665,1.6,6.5,0.25,0.0,3.3,0.0,0.0,0.0,0.0,0.0,13.1,13.1,4.9,3.3,0.0,0.0,0.0,3.3,1.6,3.3,0.0,23.0,0,0,21.2,1,13222,1,13222,14473,21992,22073,20233,15070,17144,15070,13505,14344,13505,14058,991,2760,7685,5614,12854,8263,8846,9586,14514,22862,12240,19542,2246,150,20141,1,22:02
2024-25,1629216,Gabe Vincent,Gabe,1610612747,LAL,Los Angeles Lakers,0022401006,2025-03-19T00:00:00,LAL vs. DEN,W,22.833333333333332,6.3,9.5,0.667,6.3,9.5,0.667,0.0,0.0,0.0,0.0,0.0,0.0,1.6,1.6,0.0,0.0,0.0,3.2,1.6,18.9,11.0,19.7,0,0,26.8,1,1,13086,1,13849,10686,18020,3281,1111,4162,1957,13505,14344,13505,14058,22137,23286,17720,12435,12854,8263,8846,10063,14706,8932,7221,21308,2246,150,16319,1,22:50
2024-25,1628380,Zach Collins,Zach,1610612741,CHI,Chicago Bulls,0022401007,2025-03-19T00:00:00,CHI @ PHX,L,18.316666666666666,7.9,11.8,0.667,0.0,0.0,0.0,0.0,0.0,0.0,7.9,5.9,13.8,2.0,3.9,0.0,2.0,2.0,2.0,2.0,15.7,-3.9,37.1,0,0,35.4,1,13222,1,13222,17345,6928,13951,3281,15070,20945,15070,13505,14344,13505,826,8552,2356,16496,4014,12854,3580,3332,15325,13238,12196,15030,9587,2246,150,9816,1,18:19
2024-25,1629614,Andrew Nembhard,Andrew,1610612754,IND,Indiana Pacers,0022400998,2025-03-19T00:00:00,IND vs. DAL,W,31.6,8.0,15.9,0.5,2.3,5.7,0.4,6.8,10.3,0.667,0.0,3.4,3.4,9.1,2.3,0.0,1.1,0.0,4.6,5.7,25.1,1.1,44.0,0,0,42.2,1,1,13086,1,6334,6680,7179,8526,8930,11457,7874,2132,1273,9425,14058,15470,18745,1931,9166,12854,6544,8846,5653,3036,4182,12052,5688,2246,150,5570,1,31:36
2024-25,1630558,Davion Mitchell,Davion,1610612748,MIA,Miami Heat,0022401000,2025-03-19T00:00:00,MIA vs. DET,L,31.933333333333334,5.6,6.8,0.833,0.0,1.1,0.0,2.3,3.4,0.667,0.0,1.1,1.1,4.5,1.1,1.1,0.0,1.1,2.3,3.4,13.5,-12.4,23.9,0,0,21.4,1,13222,1,13222,6032,12593,21821,1514,15070,20713,15070,9768,9136,9425,14058,21690,23040,8629,14957,10796,8263,6814,13851,8006,14469,18902,19020,2246,150,20021,1,31:56
2024-25,1630173,Precious Achiuwa,Precious,1610612752,NYK,New York Knicks,0022401003,2025-03-19T00:00:00,NYK @ SAS,L,7.15,10.1,15.1,0.667,0.0,0.0,0.0,0.0,0.0,0.0,5.0,5.0,10.1,0.0,0.0,0.0,0.0,0.0,0.0,0.0,20.1,-70.5,32.2,0,0,30.2,1,13222,1,13222,23111,3146,8412,3281,15070,20945,15070,13505,14344,13505,2345,10772,5350,19908,16469,12854,8263,8846,20257,17725,7806,25894,13152,2246,150,13788,1,7:09
2024-25,1629643,Chuma Okeke,Chuma,1610612755,PHI,Philadelphia 76ers,0022401002,2025-03-19T00:00:00,PHI @ OKC,L,37.03333333333333,4.9,5.8,0.833,3.9,4.9,0.8,0.0,0.0,0.0,6.8,7.8,14.6,1.9,0.0,0.0,1.0,0.0,0.0,0.0,13.6,-13.6,36.9,1,0,36.0,1,13222,1,13222,1966,14775,22780,1514,4222,13533,1389,13505,14344,13505,1229,5037,1967,16584,16469,12854,7676,8846,20257,17725,14370,19341,9737,1,150,9400,1,37:02
2024-25,1642261,Dalton Knecht,Dalton,1610612747,LAL,Los Angeles Lakers,0022401006,2025-03-19T00:00:00,LAL vs. DEN,W,25.216666666666665,5.7,14.3,0.4,4.3,10.0,0.429,1.4,2.9,0.5,0.0,4.3,4.3,1.4,0.0,0.0,0.0,0.0,1.4,2.9,17.1,-8.6,24.4,0,0,27.1,1,1,13086,1,11820,12384,9731,14933,3423,3482,7394,11961,10341,10625,14058,12856,16581,18239,16469,12854,8263,8846,17516,9748,10699,17212,18677,2246,150,16068,1,25:13
2024-25,1630167,Obi Toppin,Obi,1610612754,IND,Indiana Pacers,0022400998,2025-03-19T00:00:00,IND vs. DAL,W,22.578333333333333,6.4,9.6,0.667,4.8,6.4,0.75,3.2,3.2,1.0,1.6,4.8,6.4,3.2,1.6,0.0,0.0,0.0,0.0,1.6,20.7,11.2,31.6,0,0,35.1,1,1,13086,1,14059,10499,17826,3281,2590,9806,1542,7357,9539,1,9946,11479,11453,12361,12355,12854,8263,8846,20257,14652,7296,7156,13629,2246,150,10039,1,22:35
2024-25,1642358,AJ Johnson,AJ,1610612764,WAS,Washington Wizards,0022400627,2025-03-19T00:00:00,WAS @ UTA,L,28.416666666666668,6.3,12.7,0.5,1.3,6.3,0.2,1.3,1.3,1.0,1.3,0.0,1.3,7.6,1.3,2.5,0.0,0.0,5.1,2.5,15.2,2.5,34.5,0,0,30.4,1,13222,1,13222,9198,10602,12441,8526,12995,9902,13429,12396,13788,1,11381,22137,22854,3284,13990,4292,8263,8846,4454,10862,12709,11349,11475,2246,150,13629,1,28:25
2024-25,1628404,Josh Hart,Josh,1610612752,NYK,New York Knicks,0022401003,2025-03-19T00:00:00,NYK @ SAS,L,34.983333333333334,1.0,4.1,0.25,0.0,3.1,0.0,0.0,0.0,0.0,3.1,4.1,7.2,7.2,2.1,3.1,2.1,0.0,5.1,0.0,2.1,-26.8,34.9,0,0,26.8,1,13222,1,13222,3475,22609,24040,20233,15070,17474,15070,13505,14344,13505,5156,13367,9735,3757,10221,2960,3327,8846,4290,17725,23151,23196,11134,2246,150,16353,1,34:59
2024-25,203935,Marcus Smart,Marcus,1610612764,WAS,Washington Wizards,0022400627,2025-03-19T00:00:00,WAS @ UTA,L,13.65,0.0,15.8,0.0,0.0,10.5,0.0,0.0,0.0,0.0,0.0,0.0,0.0,10.5,2.6,2.6,2.6,0.0,0.0,0.0,0.0,-29.0,29.0,0,0,21.1,1,13222,1,13222,20388,22635,7387,22635,15070,2929,15070,13505,14344,13505,14058,22137,23286,1180,7744,4050,2166,8846,20257,17725,23200,23591,15479,2246,150,20219,1,13:39
2024-25,201942,DeMar DeRozan,DeMar,1610612758,SAC,Sacramento Kings,0022401009,2025-03-19T00:00:00,SAC vs. CLE,W,36.483333333333334,9.9,18.7,0.526,2.0,4.9,0.4,4.9,5.9,0.833,0.0,1.0,1.0,3.9,1.0,1.0,0.0,0.0,3.0,5.9,26.6,1.0,35.7,0,0,35.5,1,1,13086,1,2347,3382,3974,8379,10272,13359,7874,4144,4587,7275,14058,21987,23219,10079,15929,12065,8263,8846,10898,2723,3367,12168,10564,2246,150,9719,1,36:29
2024-25,1628370,Malik Monk,Malik,1610612758,SAC,Sacramento Kings,0022401009,2025-03-19T00:00:00,SAC vs. CLE,W,39.45,7.3,16.4,0.444,3.7,6.4,0.571,1.8,1.8,1.0,2.7,2.7,5.5,7.3,2.7,1.8,0.9,0.9,0.9,0.9,20.1,-5.5,43.1,0,0,42.0,1,1,13086,1,731,8221,6510,13045,4803,9785,3506,11183,13161,1,6015,17587,13606,3614,7418,7134,8035,8600,20112,17638,7860,15821,6105,2246,150,5662,1,39:27
2024-25,203471,Dennis Schröder,Dennis,1610612765,DET,Detroit Pistons,0022401000,2025-03-19T00:00:00,DET @ MIA,W,18.796666666666667,1.9,15.3,0.125,0.0,3.8,0.0,11.5,11.5,1.0,0.0,1.9,1.9,5.7,0.0,0.0,1.9,1.9,0.0,5.7,15.3,-1.9,32.0,0,0,26.8,1,1,13086,1,16973,21557,8070,22420,15070,15933,15070,403,891,1,14058,19931,21974,5957,16469,12854,3721,3493,20257,2975,12596,13990,13333,2246,150,16310,1,18:48
2024-25,1630264,Anthony Gill,Anthony,1610612764,WAS,Washington Wizards,0022400627,2025-03-19T00:00:00,WAS @ UTA,L,23.533333333333335,4.6,9.2,0.5,1.5,4.6,0.333,4.6,6.1,0.75,1.5,0.0,1.5,3.1,3.1,0.0,0.0,0.0,4.6,4.6,15.3,-9.2,18.7,0,0,21.4,1,13222,1,13222,13284,15526,18445,8526,11926,14221,9209,4699,4326,8186,10191,22137,22534,12727,6256,12854,8263,8846,5567,4969,12618,17516,21812,2246,150,20023,1,23:32
2024-25,202699,Tobias Harris,Tobias,1610612765,DET,Detroit Pistons,0022401000,2025-03-19T00:00:00,DET @ MIA,W,35.233333333333334,6.1,9.2,0.667,0.0,1.0,0.0,1.0,2.0,0.5,0.0,5.1,5.1,2.0,1.0,1.0,4.1,0.0,0.0,1.0,13.3,-4.1,36.8,0,0,30.7,1,1,13086,1,3286,11140,18410,3281,15070,20839,15070,13166,12594,10625,14058,10540,14494,16214,15698,11742,872,8846,20257,17310,14771,15112,9850,2246,150,13438,1,35:14
2024-25,204456,T.J. McConnell,T.J.,1610612754,IND,Indiana Pacers,0022400998,2025-03-19T00:00:00,IND vs. DAL,W,16.4,2.2,13.2,0.167,2.2,4.4,0.5,0.0,0.0,0.0,0.0,4.4,4.4,17.6,0.0,0.0,0.0,0.0,4.4,2.2,6.6,6.6,38.2,0,0,30.7,1,1,13086,1,18654,21050,11530,21938,9256,14705,3944,13505,14344,13505,14058,12550,16310,147,16469,12854,8263,8846,6040,12177,20996,9343,8894,2246,150,13372,1,16:24
2024-25,1626166,Cameron Payne,Cameron,1610612752,NYK,New York Knicks,0022401003,2025-03-19T00:00:00,NYK @ SAS,L,17.383333333333333,8.3,18.6,0.444,6.2,12.4,0.5,0.0,0.0,0.0,0.0,0.0,0.0,8.3,0.0,0.0,2.1,0.0,4.1,0.0,22.8,-6.2,41.4,0,0,41.4,1,13222,1,13222,18012,6015,4083,13045,1156,1561,3944,13505,14344,13505,14058,22137,23286,2630,16469,12854,3283,8846,6710,17725,5647,16166,6921,2246,150,5971,1,17:23
2024-25,1642505,Alex Ducas,Alex,1610612760,OKC,Oklahoma City Thunder,0022401002,2025-03-19T00:00:00,OKC vs. PHI,W,14.416666666666666,2.5,5.0,0.5,2.5,2.5,1.0,0.0,0.0,0.0,2.5,7.5,10.0,2.5,0.0,2.5,0.0,0.0,0.0,0.0,7.5,-20.0,30.7,0,0,27.5,1,1,13086,1,19942,20461,23467,8526,8154,18627,1,13505,14344,13505,6615,5510,5442,14552,16469,4390,8263,8846,20257,17725,20327,21541,14268,2246,150,15817,1,14:25
2024-25,1628969,Mikal Bridges,Mikal,1610612752,NYK,New York Knicks,0022401003,2025-03-19T00:00:00,NYK @ SAS,L,32.3,5.6,14.5,0.385,1.1,4.5,0.25,3.3,3.3,1.0,3.3,2.2,5.6,7.8,3.3,0.0,0.0,1.1,1.1,3.3,15.6,-3.3,30.7,0,0,30.1,1,13222,1,13222,5727,12785,9374,16070,13864,14552,11902,7008,9202,1,4649,18981,13353,3079,5371,12854,8263,6919,19016,8108,12316,14733,14311,2246,150,13874,1,32:18
2024-25,1641794,Dillon Jones,Dillon,1610612760,OKC,Oklahoma City Thunder,0022401002,2025-03-19T00:00:00,OKC vs. PHI,W,36.21666666666667,3.0,7.0,0.429,2.0,6.0,0.333,3.0,4.0,0.75,0.0,5.0,5.0,5.0,2.0,2.0,0.0,0.0,2.0,2.0,10.9,19.9,28.3,0,0,26.8,1,1,13086,1,2521,19469,21611,13735,10220,10777,9209,7863,7884,8186,14058,10966,14876,7537,10576,6312,8263,8846,15220,13135,17231,3987,15970,2246,150,16277,1,36:13
2024-25,203944,Julius Randle,Julius,1610612750,MIN,Minnesota Timberwolves,0022401001,2025-03-19T00:00:00,MIN vs. NOP,L,27.548333333333332,9.1,13.1,0.7,2.6,5.2,0.5,1.3,2.6,0.5,0.0,3.9,3.9,3.9,7.8,0.0,1.3,0.0,2.6,1.3,22.2,-26.1,28.9,0,0,35.3,1,13222,1,13222,9921,4447,11746,3045,7779,12644,3944,12283,10945,10625,14058,13966,17512,10164,623,12854,5618,8846,12376,15875,6068,23060,15569,2246,150,9887,1,27:33
2024-25,1631212,Peyton Watson,Peyton,1610612743,DEN,Denver Nuggets,0022401006,2025-03-19T00:00:00,DEN @ LAL,L,25.13,7.2,11.5,0.625,1.4,2.9,0.5,1.4,5.7,0.25,1.4,1.4,2.9,2.9,4.3,0.0,1.4,0.0,2.9,2.9,17.2,-17.2,24.9,0,0,27.2,1,13222,1,13222,11892,8554,14547,4899,12327,17927,3944,11947,4850,13358,10612,21022,20084,13399,3336,12854,5110,8846,11339,9710,10643,20687,18343,2246,150,16007,1,25:08
2024-25,1642267,Bub Carrington,Bub,1610612764,WAS,Washington Wizards,0022400627,2025-03-19T00:00:00,WAS @ UTA,L,22.583333333333332,4.8,8.0,0.6,0.0,3.2,0.0,0.0,0.0,0.0,0.0,8.0,8.0,6.4,1.6,1.6,1.6,0.0,0.0,0.0,9.6,-8.0,36.7,0,0,30.3,1,13222,1,13222,14045,15002,20298,5394,15070,17290,15070,13505,14344,13505,14058,4738,8320,4887,12356,8008,4573,8846,20257,17725,18577,16964,9911,2246,150,13727,1,22:35
2024-25,1628978,Donte DiVincenzo,Donte,1610612750,MIN,Minnesota Timberwolves,0022401001,2025-03-19T00:00:00,MIN vs. NOP,L,23.566666666666666,6.1,13.7,0.444,3.1,7.6,0.4,1.5,3.1,0.5,1.5,9.2,10.7,1.5,3.1,1.5,0.0,0.0,3.1,1.5,16.8,-7.6,33.5,0,0,35.1,1,13222,1,13222,13257,11196,10574,13045,6335,7108,7874,11735,9827,10625,10199,3343,4705,17877,6266,8284,8263,8846,10459,14883,11065,16804,12221,2246,150,10004,1,23:34
2024-25,1630198,Isaiah Joe,Isaiah,1610612760,OKC,Oklahoma City Thunder,0022401002,2025-03-19T00:00:00,OKC vs. PHI,W,29.316666666666666,8.6,16.0,0.538,6.1,11.1,0.556,2.5,2.5,1.0,0.0,3.7,3.7,6.1,3.7,0.0,0.0,0.0,0.0,2.5,25.8,43.0,35.7,0,0,41.8,1,1,13086,1,8382,5450,7161,7978,1201,2441,3747,9181,11324,1,14058,14688,18112,5265,4591,12854,8263,8846,20257,11142,3781,778,10556,2246,150,5775,1,29:19
2024-25,1628418,Thomas Bryant,Thomas,1610612754,IND,Indiana Pacers,0022400998,2025-03-19T00:00:00,IND vs. DAL,W,11.266666666666667,9.6,12.8,0.75,3.2,6.4,0.5,0.0,0.0,0.0,6.4,3.2,9.6,0.0,0.0,0.0,0.0,0.0,9.6,3.2,22.4,0.0,33.9,0,0,35.1,1,1,13086,1,21593,3747,12246,2107,5967,9779,3944,13505,14344,13505,1423,16103,5936,19908,16469,12854,8263,8846,791,8584,5953,12240,11914,2246,150,9993,1,11:16
2024-25,1630631,Jose Alvarado,Jose,1610612740,NOP,New Orleans Pelicans,0022401001,2025-03-19T00:00:00,NOP @ MIN,W,25.7,4.2,7.0,0.6,2.8,5.6,0.5,0.0,0.0,0.0,0.0,4.2,4.2,8.4,2.8,0.0,0.0,0.0,0.0,1.4,11.2,2.8,26.1,0,0,26.6,1,1,13086,1,11405,16589,21558,5394,7206,11714,3944,13505,14344,13505,14058,13111,16795,2504,7208,12854,8263,8846,20257,15449,16992,11225,17579,2246,150,16454,1,25:42
2024-25,1630692,Jordan Goodwin,Jordan,1610612747,LAL,Los Angeles Lakers,0022401006,2025-03-19T00:00:00,LAL vs. DEN,W,26.466666666666665,2.7,9.5,0.286,0.0,4.1,0.0,5.4,5.4,1.0,1.4,2.7,4.1,4.1,1.4,5.4,0.0,0.0,1.4,2.7,10.9,1.4,36.9,0,0,29.9,1,1,13086,1,10757,20039,17904,19630,15070,15397,15070,3482,5258,1,10926,17633,17116,9702,13512,660,8263,8846,17790,10255,17281,11929,9791,2246,150,14001,1,26:28
2024-25,202709,Cory Joseph,Cory,1610612753,ORL,Orlando Magic,0022400999,2025-03-19T00:00:00,ORL vs. HOU,L,26.116666666666667,6.9,12.4,0.556,2.8,8.3,0.333,1.4,1.4,1.0,1.4,0.0,1.4,2.8,1.4,2.8,0.0,0.0,5.5,4.1,17.9,4.1,30.6,0,0,30.3,1,13222,1,13222,11073,9184,12884,7248,7361,5967,9209,12074,13620,1,10841,22137,22724,13726,13410,3790,8263,8846,3681,5976,9917,10577,14345,2246,150,13691,1,26:07
2024-25,1630526,Jeremiah Robinson-Earl,Jeremiah,1610612740,NOP,New Orleans Pelicans,0022401001,2025-03-19T00:00:00,NOP @ MIN,W,22.416666666666668,3.2,8.0,0.4,1.6,1.6,1.0,0.0,0.0,0.0,3.2,8.0,11.2,0.0,1.6,0.0,0.0,3.2,3.2,0.0,8.0,4.8,19.9,0,0,20.9,1,1,13086,1,14177,18968,20209,14933,11653,20159,1,13505,14344,13505,4917,4662,4206,19908,12309,12854,8263,1145,9811,17725,19899,10202,21205,2246,150,20357,1,22:25
2024-25,1631170,Jaime Jaquez Jr.,Jaime,1610612748,MIA,Miami Heat,0022401000,2025-03-19T00:00:00,MIA vs. DET,L,27.923333333333332,3.9,12.9,0.3,0.0,0.0,0.0,1.3,2.6,0.5,5.2,0.0,5.2,2.6,5.2,2.6,0.0,6.4,0.0,3.9,9.0,7.7,21.7,0,0,21.9,1,13222,1,13222,9611,17411,12057,19363,15070,20945,15070,12329,11029,10625,2239,22137,14381,14284,2162,4184,8263,192,20257,6658,19052,8758,20339,2246,150,19717,1,27:55
2024-25,1630183,Jaden McDaniels,Jaden,1610612750,MIN,Minnesota Timberwolves,0022401001,2025-03-19T00:00:00,MIN vs. NOP,L,24.15,3.0,6.0,0.5,1.5,3.0,0.5,0.0,0.0,0.0,0.0,0.0,0.0,6.0,0.0,0.0,3.0,1.5,6.0,0.0,7.5,-19.4,25.3,0,0,20.9,1,13222,1,13222,12762,19470,22642,8526,12074,17705,3944,13505,14344,13505,14058,22137,23286,5571,16469,12854,1727,4810,3001,17725,20363,21371,18043,2246,150,20358,1,24:09
2024-25,203084,Harrison Barnes,Harrison,1610612759,SAS,San Antonio Spurs,0022401003,2025-03-19T00:00:00,SAS vs. NYK,W,20.25,7.1,14.2,0.5,3.6,8.9,0.4,1.8,3.6,0.5,0.0,7.1,7.1,1.8,0.0,0.0,1.8,0.0,1.8,3.6,19.6,23.1,36.1,0,0,35.6,1,1,13086,1,15822,8672,9795,8526,5014,4977,7874,11286,8775,10625,14058,6154,9934,17151,16469,12854,4105,8846,16276,7518,8304,3238,10305,2246,150,9690,1,20:15
2024-25,1630643,Jay Huff,Jay,1610612763,MEM,Memphis Grizzlies,0022401008,2025-03-19T00:00:00,MEM @ POR,L,13.041666666666666,5.5,11.0,0.5,2.8,8.3,0.333,8.3,11.0,0.75,2.8,5.5,8.3,5.5,2.8,2.8,5.5,0.0,2.8,5.5,22.1,30.4,62.4,0,0,55.2,1,13222,1,13222,20724,12938,15297,8526,7354,5947,9209,1282,1010,8186,5950,9470,7797,6386,7344,3779,390,8846,11799,3306,6141,1924,928,2246,150,1430,1,13:03
2024-25,1642278,Tyler Kolek,Tyler,1610612752,NYK,New York Knicks,0022401003,2025-03-19T00:00:00,NYK @ SAS,L,1.7833333333333334,20.2,20.2,1.0,0.0,0.0,0.0,0.0,0.0,0.0,0.0,0.0,0.0,20.2,0.0,0.0,0.0,0.0,0.0,0.0,40.4,40.4,70.7,0,0,60.6,1,13222,1,13222,25622,138,2833,1,15070,20945,15070,13505,14344,13505,14058,22137,23286,79,16469,12854,8263,8846,20257,17725,425,957,411,2246,150,778,1,1:47
2024-25,1630581,Josh Giddey,Josh,1610612741,CHI,Chicago Bulls,0022401007,2025-03-19T00:00:00,CHI @ PHX,L,30.65,11.7,17.6,0.667,2.3,4.7,0.5,0.0,0.0,0.0,1.2,7.0,8.2,8.2,1.2,2.3,1.2,1.2,0.0,0.0,25.8,2.3,57.4,0,0,51.7,1,13222,1,13222,7168,1694,5118,3281,8672,13958,3944,13505,14344,13505,11966,6281,7904,2677,14633,4873,6338,6448,20257,17725,3755,11439,1566,2246,150,2110,1,30:39
2024-25,1641740,Jaylen Clark,Jaylen,1610612750,MIN,Minnesota Timberwolves,0022401001,2025-03-19T00:00:00,MIN vs. NOP,L,11.761666666666667,12.2,15.3,0.8,3.1,6.1,0.5,0.0,0.0,0.0,0.0,6.1,6.1,0.0,0.0,3.1,0.0,0.0,6.1,6.1,27.5,36.7,44.1,0,0,42.9,1,13222,1,13222,21392,1381,8109,1688,6320,10385,3944,13505,14344,13505,14058,8052,11990,19908,16469,3026,8263,8846,2798,2481,2958,1219,5632,2246,150,5222,1,11:46
2024-25,1630559,Austin Reaves,Austin,1610612747,LAL,Los Angeles Lakers,0022401006,2025-03-19T00:00:00,LAL vs. DEN,W,36.11666666666667,8.0,15.9,0.5,2.0,7.0,0.286,4.0,4.0,1.0,0.0,5.0,5.0,8.0,1.0,2.0,1.0,0.0,2.0,2.0,21.9,13.0,47.8,0,0,42.9,1,1,13086,1,2598,6683,7182,8526,10193,8506,11433,5714,7861,1,14058,10923,14834,2913,15870,6277,7495,8846,15181,13110,6269,6412,4028,2246,150,5215,1,36:07
2024-25,1628389,Bam Adebayo,Bam,1610612748,MIA,Miami Heat,0022401000,2025-03-19T00:00:00,MIA vs. DET,L,37.016666666666666,11.7,23.3,0.5,1.9,4.9,0.4,3.9,3.9,1.0,2.9,5.8,8.8,7.8,1.9,1.0,1.0,0.0,2.9,5.8,29.2,-1.9,55.2,0,0,51.5,1,13222,1,13222,1975,1740,1268,8526,10434,13525,7874,5896,8054,1,5545,8712,7098,3103,10820,12190,7673,8846,11106,2842,2381,14011,1947,2246,150,2134,1,37:01
2024-25,1629627,Zion Williamson,Zion,1610612740,NOP,New Orleans Pelicans,0022401001,2025-03-19T00:00:00,NOP @ MIN,W,30.266666666666666,14.3,19.0,0.75,0.0,0.0,0.0,5.9,10.7,0.556,0.0,5.9,5.9,9.5,3.6,3.6,0.0,0.0,5.9,9.5,34.5,10.7,63.0,0,0,57.1,1,1,13086,1,7529,628,3728,2107,15070,20945,15070,2918,1110,10597,14058,8456,12414,1694,4850,2144,8263,8846,3020,519,1044,7370,872,2246,150,1150,1,30:16
2024-25,1631119,Jaylin Williams,Jaylin,1610612760,OKC,Oklahoma City Thunder,0022401002,2025-03-19T00:00:00,OKC vs. PHI,W,37.766666666666666,6.7,10.5,0.636,2.9,4.8,0.6,1.9,1.9,1.0,3.8,12.4,16.2,10.5,2.9,1.9,0.0,0.0,2.9,1.0,18.1,31.5,56.1,1,1,51.5,1,1,13086,1,1530,9757,16237,4689,7023,13797,2992,10925,12963,1,3865,1194,1358,1205,6997,6729,8263,8846,11367,17536,9723,1786,1781,1,1,2151,1,37:46
2024-25,1630595,Cade Cunningham,Cade,1610612765,DET,Detroit Pistons,0022401000,2025-03-19T00:00:00,DET @ MIA,W,35.638333333333335,11.1,25.3,0.44,3.0,4.0,0.75,0.0,0.0,0.0,4.0,8.1,12.1,11.1,5.1,1.0,2.0,4.0,3.0,1.0,25.3,-3.0,60.5,1,1,57.6,1,1,13086,1,2959,2179,777,13537,6401,15497,1542,13505,14344,13505,3548,4592,3405,961,2276,11861,3418,638,10577,17357,4085,14586,1129,1,1,1089,1,35:38
2024-25,1630598,Aaron Wiggins,Aaron,1610612760,OKC,Oklahoma City Thunder,0022401002,2025-03-19T00:00:00,OKC vs. PHI,W,28.816666666666666,12.5,22.5,0.556,5.0,12.5,0.4,2.5,3.7,0.667,0.0,5.0,5.0,7.5,1.2,0.0,0.0,1.2,2.5,3.7,32.5,40.0,48.5,0,0,50.0,1,1,13086,1,8827,1249,1592,7248,2274,1525,7874,9051,8378,9425,14058,10888,14795,3410,14102,12854,8263,5939,12801,6992,1418,989,3817,2246,150,2539,1,28:49
2024-25,1628378,Donovan Mitchell,Donovan,1610612739,CLE,Cleveland Cavaliers,0022401009,2025-03-19T00:00:00,CLE @ SAC,L,33.3,8.6,18.4,0.471,1.1,6.5,0.167,9.7,9.7,1.0,0.0,5.4,5.4,4.3,3.2,1.1,0.0,0.0,2.2,8.6,28.1,-1.1,41.1,0,0,41.1,1,13222,1,13222,4899,5346,4310,12143,14064,9576,14236,772,1492,1,14058,9773,13805,9069,5686,11185,8263,8846,14288,771,2741,13595,7126,2246,150,6152,1,33:18
2024-25,1630596,Evan Mobley,Evan,1610612739,CLE,Cleveland Cavaliers,0022401009,2025-03-19T00:00:00,CLE @ SAC,L,31.566666666666666,14.8,20.5,0.722,4.6,5.7,0.8,1.1,1.1,1.0,3.4,8.0,11.4,2.3,2.3,1.1,0.0,0.0,2.3,2.3,35.4,3.4,53.6,1,0,55.9,1,13222,1,13222,6365,523,2621,2738,2954,11440,1389,12783,13977,1,4500,4727,4047,15296,9154,10674,8263,8846,13717,11814,919,10922,2298,1,150,1326,1,31:34
2024-25,1642259,Alex Sarr,Alex,1610612764,WAS,Washington Wizards,0022400627,2025-03-19T00:00:00,WAS @ UTA,L,23.2,10.9,21.7,0.5,6.2,12.4,0.5,6.2,6.2,1.0,7.8,6.2,14.0,3.1,3.1,3.1,0.0,0.0,0.0,4.7,34.1,-10.9,61.8,0,0,63.6,1,13222,1,13222,13550,2372,1944,8526,1161,1565,3944,2671,4222,1,866,7878,2253,12597,6115,2927,8263,8846,20257,4817,1104,18263,992,2246,150,542,1,23:12
2024-25,1629618,Jalen Pickett,Jalen,1610612743,DEN,Denver Nuggets,0022401006,2025-03-19T00:00:00,DEN @ LAL,L,19.366666666666667,9.3,16.7,0.556,7.4,11.2,0.667,0.0,0.0,0.0,1.9,5.6,7.4,9.3,0.0,3.7,0.0,0.0,1.9,0.0,26.0,5.6,60.0,0,0,57.6,1,13222,1,13222,16522,4210,6145,7248,617,2369,1957,13505,14344,13505,8994,9345,9293,1811,16469,1946,8263,8846,15895,17725,3666,9807,1188,2246,150,1081,1,19:22
2024-25,1642271,Kyle Filipowski,Kyle,1610612762,UTA,Utah Jazz,0022400627,2025-03-19T00:00:00,UTA vs. WAS,W,21.433333333333334,13.4,18.5,0.727,6.7,10.1,0.667,1.7,6.7,0.25,1.7,5.0,6.7,3.4,3.4,0.0,0.0,0.0,5.0,3.4,35.3,10.1,45.0,0,0,52.1,1,1,13086,1,14969,864,4234,2666,884,3407,1957,11457,3640,13358,9645,10761,10702,11792,5335,12854,8263,8846,4526,8076,927,7663,5172,2246,150,2023,1,21:26
2024-25,1642382,Branden Carlson,Branden,1610612760,OKC,Oklahoma City Thunder,0022401002,2025-03-19T00:00:00,OKC vs. PHI,W,23.05,9.4,15.6,0.6,4.7,10.9,0.429,1.6,4.7,0.333,6.2,3.1,9.4,3.1,1.6,3.1,3.1,0.0,3.1,3.1,25.0,1.6,58.1,0,0,54.7,1,1,13086,1,13682,4079,7667,5394,2749,2561,7394,11663,6503,13132,1505,16344,6229,12544,12498,2881,1547,8846,10188,8798,4218,11845,1461,2246,150,1516,1,23:03
2024-25,1626164,Devin Booker,Devin,1610612756,PHX,Phoenix Suns,0022401007,2025-03-19T00:00:00,PHX vs. CHI,W,36.193333333333335,13.9,25.9,0.538,6.0,11.9,0.5,7.0,7.0,1.0,1.0,3.0,4.0,7.0,4.0,0.0,0.0,0.0,0.0,6.0,40.8,9.9,52.0,0,0,57.7,1,1,13086,1,2542,725,665,7978,1323,1814,3944,2028,3398,1,13305,16790,17363,4048,3921,12854,8263,8846,20257,2666,406,7722,2705,2246,150,1066,1,36:12
2024-25,1631094,Paolo Banchero,Paolo,1610612753,ORL,Orlando Magic,0022400999,2025-03-19T00:00:00,ORL vs. HOU,L,39.38333333333333,9.1,19.2,0.476,2.7,7.3,0.375,7.3,7.3,1.0,1.8,3.7,5.5,4.6,1.8,0.9,0.0,0.9,2.7,3.7,28.3,-6.4,42.7,0,0,43.0,1,13222,1,13222,751,4460,3595,12010,7413,7793,8800,1795,3084,1,9137,14769,13577,8481,11417,12598,8263,8591,11878,7246,2661,16246,6274,2246,150,5163,1,39:23
2024-25,1641790,PJ Hall,PJ,1610612743,DEN,Denver Nuggets,0022401006,2025-03-19T00:00:00,DEN @ LAL,L,8.316666666666666,8.7,8.7,1.0,4.3,4.3,1.0,0.0,0.0,0.0,4.3,4.3,8.7,4.3,0.0,0.0,8.7,0.0,13.0,0.0,21.6,47.6,64.5,0,0,56.3,1,13222,1,13222,22703,5332,19261,1,3341,14846,1,13505,14344,13505,3127,12715,7215,9058,16469,12854,113,8846,344,17725,6509,620,739,2246,150,1261,1,8:19
2024-25,1641732,Colby Jones,Colby,1610612764,WAS,Washington Wizards,0022400627,2025-03-19T00:00:00,WAS @ UTA,L,26.3,12.3,15.1,0.818,5.5,5.5,1.0,2.7,4.1,0.667,1.4,4.1,5.5,4.1,1.4,4.1,0.0,0.0,2.7,2.7,32.9,-19.2,56.5,0,0,56.1,1,13222,1,13222,10902,1342,8508,1653,1762,12020,1,8490,7615,9425,10890,13403,13606,9650,13465,1535,8263,8846,11892,10200,1354,21291,1721,2246,150,1285,1,26:18
2024-25,1630572,Sandro Mamukelashvili,Sandro,1610612759,SAS,San Antonio Spurs,0022401003,2025-03-19T00:00:00,SAS vs. NYK,W,19.436666666666667,24.1,25.9,0.929,13.0,13.0,1.0,1.9,1.9,1.0,9.3,7.4,16.7,5.6,0.0,1.9,0.0,1.9,1.9,1.9,63.0,40.7,96.9,0,0,101.9,1,1,13086,1,16469,77,651,1285,109,1315,1,11114,13106,1,508,5669,1220,6327,16469,7025,8263,3733,15934,13727,71,937,75,2246,150,58,1,19:26
2024-25,1641722,Jordan Hawkins,Jordan,1610612740,NOP,New Orleans Pelicans,0022401001,2025-03-19T00:00:00,NOP @ MIN,W,22.85,6.3,15.8,0.4,3.2,9.5,0.333,4.7,6.3,0.75,0.0,9.5,9.5,1.6,1.6,1.6,1.6,0.0,6.3,4.7,20.5,6.3,42.1,0,0,41.0,1,1,13086,1,13831,10707,7470,14933,6093,4179,9209,4473,4126,8186,14058,3072,6113,17722,12439,8083,4620,8846,2601,4670,7512,9468,6584,2246,150,6223,1,22:51
2024-25,1630539,Kai Jones,Kai,1610612742,DAL,Dallas Mavericks,0022400998,2025-03-19T00:00:00,DAL @ IND,L,24.438333333333333,11.8,13.3,0.889,0.0,0.0,0.0,2.9,2.9,1.0,5.9,10.3,16.2,1.5,1.5,0.0,0.0,0.0,1.5,4.4,26.5,17.7,46.7,1,0,44.2,1,13222,1,13222,12538,1674,11377,1318,15070,20945,15070,7964,10103,1,1677,2344,1359,18082,12887,12854,8263,8846,17334,5305,3423,4681,4444,1,150,4595,1,24:26
2024-25,202696,Nikola Vučević,Nikola,1610612741,CHI,Chicago Bulls,0022401007,2025-03-19T00:00:00,CHI @ PHX,L,29.683333333333334,12.1,20.6,0.588,4.9,9.7,0.5,0.0,2.4,0.0,2.4,4.9,7.3,2.4,1.2,0.0,3.6,0.0,2.4,1.2,29.1,-4.9,51.2,0,0,50.9,1,13222,1,13222,8057,1445,2565,6229,2492,3846,3944,13505,11404,13505,6851,11277,9613,14792,14341,12854,1122,8846,13094,16338,2396,15503,2937,2246,150,2283,1,29:41
2024-25,1629011,Mitchell Robinson,Mitchell,1610612752,NYK,New York Knicks,0022401003,2025-03-19T00:00:00,NYK @ SAS,L,17.233333333333334,10.4,12.5,0.833,0.0,0.0,0.0,6.3,12.5,0.5,10.4,12.5,23.0,0.0,0.0,2.1,4.2,2.1,2.1,6.3,27.2,6.3,73.5,1,0,62.7,1,13222,1,13222,18112,2763,12677,1514,15070,20945,15070,2623,664,10625,350,1147,264,19908,16469,5838,825,2954,14659,2316,3134,9487,320,1,150,599,1,17:14
2024-25,1628963,Marvin Bagley III,Marvin,1610612763,MEM,Memphis Grizzlies,0022401008,2025-03-19T00:00:00,MEM @ POR,L,2.0,18.0,18.0,1.0,0.0,0.0,0.0,0.0,0.0,0.0,18.0,0.0,18.0,0.0,0.0,0.0,0.0,0.0,0.0,0.0,36.0,90.0,57.6,0,0,54.0,1,13222,1,13222,25452,213,4664,1,15070,20945,15070,13505,14344,13505,82,22137,898,19908,16469,12854,8263,8846,20257,17725,825,107,1534,2246,150,1619,1,2:00
2024-25,203932,Aaron Gordon,Aaron,1610612743,DEN,Denver Nuggets,0022401006,2025-03-19T00:00:00,DEN @ LAL,L,30.05,10.8,16.8,0.643,6.0,10.8,0.556,3.6,4.8,0.75,1.2,12.0,13.2,0.0,4.8,1.2,0.0,0.0,2.4,4.8,31.1,-26.4,45.8,1,0,52.7,1,13222,1,13222,7740,2428,6086,4607,1311,2691,3747,6498,6311,8186,11801,1372,2685,19908,2592,10184,8263,8846,13227,4517,1742,23101,4831,1,150,1872,1,30:03
2024-25,1641871,Duop Reath,Duop,1610612757,POR,Portland Trail Blazers,0022401008,2025-03-19T00:00:00,POR vs. MEM,W,19.64666666666667,9.2,16.5,0.556,5.5,9.2,0.6,0.0,0.0,0.0,11.0,5.5,16.5,0.0,1.8,0.0,1.8,0.0,7.3,0.0,23.8,3.7,47.3,0,0,49.5,1,1,13086,1,16312,4421,6433,7248,1737,4592,2992,13505,14344,13505,311,9538,1270,19908,11401,12854,3979,8846,1759,17725,4924,10829,4218,2246,150,2675,1,19:39
2024-25,1630166,Deni Avdija,Deni,1610612757,POR,Portland Trail Blazers,0022401008,2025-03-19T00:00:00,POR vs. MEM,W,38.75,8.4,16.7,0.5,4.6,7.4,0.625,7.4,8.4,0.889,2.8,12.1,14.9,7.4,3.7,0.0,1.9,1.9,2.8,9.3,28.8,25.1,59.6,1,0,59.5,1,1,13086,1,985,5870,6151,8526,2813,7532,2868,1712,2282,6857,5891,1313,1837,3477,4521,12854,3910,3710,11692,574,2484,2798,1230,1,150,875,1,38:45
2024-25,201142,Kevin Durant,Kevin,1610612756,PHX,Phoenix Suns,0022401007,2025-03-19T00:00:00,PHX vs. CHI,W,36.13333333333333,8.0,14.9,0.533,3.0,7.0,0.429,7.0,8.0,0.875,0.0,4.0,4.0,8.0,1.0,0.0,0.0,1.0,1.0,5.0,25.9,12.0,41.6,0,0,40.8,1,1,13086,1,2581,6686,8691,8140,6559,8512,7394,2021,2538,6931,14058,13767,17349,2914,15877,12854,8263,7959,19725,4150,3728,6814,6806,2246,150,6298,1,36:08
2024-25,1628365,Markelle Fultz,Markelle,1610612758,SAC,Sacramento Kings,0022401009,2025-03-19T00:00:00,SAC vs. CLE,W,7.316666666666666,9.8,29.5,0.333,4.9,4.9,1.0,0.0,0.0,0.0,0.0,0.0,0.0,4.9,0.0,4.9,0.0,0.0,0.0,0.0,24.6,29.5,46.7,0,0,44.3,1,1,13086,1,23056,3411,301,17395,2373,13389,1,13505,14344,13505,14058,22137,23286,7642,16469,942,8263,8846,20257,17725,4426,2027,4429,2246,150,4562,1,7:19
2024-25,1629029,Luka Dončić,Luka,1610612747,LAL,Los Angeles Lakers,0022401006,2025-03-19T00:00:00,LAL vs. DEN,W,32.266666666666666,11.2,23.4,0.476,4.5,10.0,0.444,7.8,11.2,0.7,0.0,8.9,8.9,7.8,6.7,2.2,1.1,1.1,3.3,6.7,34.6,22.3,60.4,0,0,62.5,1,1,13086,1,5765,2135,1237,12010,3121,3440,7211,1503,980,9366,14058,3586,6849,3072,1025,5268,6691,6905,9258,1902,1030,3397,1146,2246,150,618,1,32:16
2024-25,1629656,Quentin Grimes,Quentin,1610612755,PHI,Philadelphia 76ers,0022401002,2025-03-19T00:00:00,PHI @ OKC,L,32.18333333333333,11.2,23.5,0.476,3.4,7.8,0.429,5.6,6.7,0.833,2.2,0.0,2.2,5.6,5.6,3.4,0.0,1.1,3.4,4.5,31.3,-25.7,46.9,0,0,49.2,1,13222,1,13222,5816,2115,1225,12010,5500,6748,7394,3324,3650,7275,7467,22137,21343,6265,1734,2463,8263,6883,9232,5199,1690,22970,4363,2246,150,2756,1,32:11
2024-25,1629012,Collin Sexton,Collin,1610612762,UTA,Utah Jazz,0022400627,2025-03-19T00:00:00,UTA vs. WAS,W,19.016666666666666,13.3,15.1,0.875,3.8,3.8,1.0,3.8,7.6,0.5,1.9,3.8,5.7,9.5,5.7,0.0,0.0,0.0,3.8,3.8,34.1,26.5,49.4,0,0,53.0,1,1,13086,1,16808,923,8350,1353,4480,16027,1,6112,2838,10625,8848,14369,13081,1719,1657,12854,8263,8846,7784,6886,1121,2519,3456,2246,150,1797,1,19:01
2024-25,1641824,Matas Buzelis,Matas,1610612741,CHI,Chicago Bulls,0022401007,2025-03-19T00:00:00,CHI @ PHX,L,24.933333333333334,1.4,8.7,0.167,0.0,4.3,0.0,4.3,4.3,1.0,0.0,0.0,0.0,1.4,1.4,1.4,0.0,2.9,1.4,2.9,7.2,-8.7,12.3,0,0,11.6,1,13222,1,13222,12062,22234,19253,21938,15070,14839,15070,5097,7139,1,14058,22137,23286,18196,13033,8666,8263,1484,17461,9626,20544,17270,23950,2246,150,24099,1,24:56
2024-25,1641767,Ben Sheppard,Ben,1610612754,IND,Indiana Pacers,0022400998,2025-03-19T00:00:00,IND vs. DAL,W,25.848333333333333,2.8,8.4,0.333,0.0,5.6,0.0,1.4,2.8,0.5,1.4,7.0,8.4,1.4,0.0,1.4,0.0,0.0,1.4,1.4,7.0,11.1,23.3,0,0,19.5,1,1,13086,1,11301,19909,19712,17395,15070,11791,15070,12032,10518,10625,10774,6430,7684,18366,16469,8941,8263,8846,17653,15483,20752,7167,19400,2246,150,21150,1,25:51
2024-25,203500,Steven Adams,Steven,1610612745,HOU,Houston Rockets,0022400999,2025-03-19T00:00:00,HOU @ ORL,W,22.816666666666666,1.6,3.2,0.5,0.0,0.0,0.0,1.6,1.6,1.0,1.6,7.9,9.5,0.0,6.3,1.6,1.6,0.0,1.6,1.6,4.7,34.7,19.2,0,0,20.5,1,1,13086,1,13863,22066,24434,8526,15070,20945,15070,11632,13413,1,10009,4878,6102,19908,1219,8072,4610,8846,16934,14700,22164,1425,21518,2246,150,20571,1,22:49
2024-25,1629312,Haywood Highsmith,Haywood,1610612748,MIA,Miami Heat,0022401000,2025-03-19T00:00:00,MIA vs. DET,L,25.7,1.4,5.6,0.25,1.4,4.2,0.333,0.0,0.0,0.0,1.4,2.8,4.2,4.2,0.0,1.4,1.4,1.4,4.2,1.4,4.2,-2.8,24.0,0,0,19.6,1,13222,1,13222,11405,22294,22997,20233,12450,15112,9209,13505,14344,13505,10746,17393,16795,9374,16469,8892,5228,5175,6544,15449,22463,14455,18987,2246,150,21088,1,25:42
2024-25,1631216,Caleb Houstan,Caleb,1610612753,ORL,Orlando Magic,0022400999,2025-03-19T00:00:00,ORL vs. HOU,L,5.083333333333333,0.0,0.0,0.0,0.0,0.0,0.0,0.0,0.0,0.0,0.0,0.0,0.0,0.0,0.0,0.0,0.0,0.0,0.0,0.0,0.0,0.0,0.0,0,0,0.0,1,13222,1,13222,23956,22635,24836,22635,15070,20945,15070,13505,14344,13505,14058,22137,23286,19908,16469,12854,8263,8846,20257,17725,23200,12240,25228,2246,150,25259,1,5:05
2024-25,1641712,Rayan Rupert,Rayan,1610612757,POR,Portland Trail Blazers,0022401008,2025-03-19T00:00:00,POR vs. MEM,W,2.0,0.0,0.0,0.0,0.0,0.0,0.0,0.0,0.0,0.0,0.0,0.0,0.0,0.0,0.0,0.0,0.0,0.0,0.0,0.0,0.0,-90.0,0.0,0,0,0.0,1,1,13086,1,25452,22635,24836,22635,15070,20945,15070,13505,14344,13505,14058,22137,23286,19908,16469,12854,8263,8846,20257,17725,23200,26088,25228,2246,150,25259,1,2:00
2024-25,1641796,Pelle Larsson,Pelle,1610612748,MIA,Miami Heat,0022401000,2025-03-19T00:00:00,MIA vs. DET,L,3.65,0.0,19.7,0.0,0.0,9.9,0.0,0.0,0.0,0.0,0.0,0.0,0.0,9.9,0.0,0.0,0.0,0.0,0.0,0.0,0.0,-69.0,14.8,0,0,9.9,1,13222,1,13222,24649,22635,3162,22635,15070,3644,15070,13505,14344,13505,14058,22137,23286,1502,16469,12854,8263,8846,20257,17725,23200,25872,23240,2246,150,24453,1,3:39
2024-25,200782,P.J. Tucker,P.J.,1610612752,NYK,New York Knicks,0022401003,2025-03-19T00:00:00,NYK @ SAS,L,1.7833333333333334,0.0,0.0,0.0,0.0,0.0,0.0,0.0,0.0,0.0,0.0,0.0,0.0,0.0,0.0,0.0,0.0,0.0,0.0,0.0,0.0,40.4,0.0,0,0,0.0,1,13222,1,13222,25622,22635,24836,22635,15070,20945,15070,13505,14344,13505,14058,22137,23286,19908,16469,12854,8263,8846,20257,17725,23200,957,25228,2246,150,25259,1,1:47
2024-25,1642270,Donovan Clingan,Donovan,1610612757,POR,Portland Trail Blazers,0022401008,2025-03-19T00:00:00,POR vs. MEM,W,26.058333333333334,2.8,5.5,0.5,1.4,1.4,1.0,2.8,2.8,1.0,5.5,9.7,15.2,0.0,1.4,0.0,4.1,1.4,6.9,1.4,9.7,29.0,39.0,0,0,34.5,1,1,13086,1,11125,19952,23068,8526,12515,20394,1,8428,10580,1,1934,2849,1687,19908,13395,12854,840,5257,2051,15524,18468,2107,8438,2246,150,10417,1,26:04
2024-25,1630545,Terrence Shannon Jr.,Terrence,1610612750,MIN,Minnesota Timberwolves,0022401001,2025-03-19T00:00:00,MIN vs. NOP,L,1.0666666666666667,0.0,0.0,0.0,0.0,0.0,0.0,0.0,0.0,0.0,0.0,0.0,0.0,0.0,0.0,0.0,0.0,0.0,0.0,0.0,0.0,-67.5,0.0,0,0,0.0,1,13222,1,13222,26041,22635,24836,22635,15070,20945,15070,13505,14344,13505,14058,22137,23286,19908,16469,12854,8263,8846,20257,17725,23200,25841,25228,2246,150,25259,1,1:04
2024-25,1642285,Cam Spencer,Cam,1610612763,MEM,Memphis Grizzlies,0022401008,2025-03-19T00:00:00,MEM @ POR,L,2.0,0.0,0.0,0.0,0.0,0.0,0.0,0.0,0.0,0.0,0.0,0.0,0.0,0.0,0.0,0.0,0.0,0.0,0.0,0.0,0.0,90.0,0.0,0,0,0.0,1,13222,1,13222,25452,22635,24836,22635,15070,20945,15070,13505,14344,13505,14058,22137,23286,19908,16469,12854,8263,8846,20257,17725,23200,107,25228,2246,150,25259,1,2:00
2024-25,1627824,Guerschon Yabusele,Guerschon,1610612755,PHI,Philadelphia 76ers,0022401002,2025-03-19T00:00:00,PHI @ OKC,L,19.65,7.3,16.5,0.444,5.5,14.7,0.375,0.0,0.0,0.0,3.7,3.7,7.3,3.7,1.8,1.8,0.0,0.0,3.7,0.0,20.2,-18.3,38.1,0,0,40.3,1,13222,1,13222,16300,8171,6434,13045,1738,772,8800,13505,14344,13505,4099,14743,9515,10890,11404,7105,8263,8846,8210,17725,7789,21023,8957,2246,150,6599,1,19:39
2024-25,1641709,Ausar Thompson,Ausar,1610612765,DET,Detroit Pistons,0022401000,2025-03-19T00:00:00,DET @ MIA,W,28.6,8.8,12.6,0.7,0.0,0.0,0.0,0.0,0.0,0.0,3.8,3.8,7.6,1.3,3.8,2.5,1.3,0.0,3.8,0.0,17.6,-1.3,36.1,0,0,34.0,1,1,13086,1,9035,5061,12600,3045,15070,20945,15070,13505,14344,13505,3918,14398,9062,18803,4376,4335,5857,8846,7813,17725,10196,13695,10284,2246,150,10863,1,28:36
2024-25,1626153,Delon Wright,Delon,1610612752,NYK,New York Knicks,0022401003,2025-03-19T00:00:00,NYK @ SAS,L,1.7833333333333334,0.0,0.0,0.0,0.0,0.0,0.0,0.0,0.0,0.0,0.0,0.0,0.0,20.2,0.0,0.0,0.0,0.0,0.0,0.0,0.0,40.4,30.3,0,0,20.2,1,13222,1,13222,25622,22635,24836,22635,15070,20945,15070,13505,14344,13505,14058,22137,23286,79,16469,12854,8263,8846,20257,17725,23200,957,14595,2246,150,20750,1,1:47
2024-25,1631110,Jeremy Sochan,Jeremy,1610612759,SAS,San Antonio Spurs,0022401003,2025-03-19T00:00:00,SAS vs. NYK,W,37.95333333333333,4.7,13.3,0.357,0.0,2.8,0.0,0.0,0.0,0.0,1.9,3.8,5.7,2.8,1.9,0.9,0.0,2.8,3.8,0.0,9.5,4.7,21.5,0,0,19.9,1,1,13086,1,1411,15142,11340,17140,15070,17970,15070,13505,14344,13505,8829,14338,13047,13460,11061,12363,8263,1537,7761,17725,18655,10258,20391,2246,150,20902,1,37:57
2024-25,1630625,Dalano Banton,Dalano,1610612757,POR,Portland Trail Blazers,0022401008,2025-03-19T00:00:00,POR vs. MEM,W,2.0,0.0,0.0,0.0,0.0,0.0,0.0,0.0,0.0,0.0,0.0,0.0,0.0,0.0,0.0,0.0,0.0,0.0,0.0,0.0,0.0,-90.0,0.0,0,0,0.0,1,1,13086,1,25452,22635,24836,22635,15070,20945,15070,13505,14344,13505,14058,22137,23286,19908,16469,12854,8263,8846,20257,17725,23200,26088,25228,2246,150,25259,1,2:00
2024-25,203484,Kentavious Caldwell-Pope,Kentavious,1610612753,ORL,Orlando Magic,0022400999,2025-03-19T00:00:00,ORL vs. HOU,L,32.2,4.5,13.4,0.333,2.2,8.9,0.25,0.0,0.0,0.0,1.1,1.1,2.2,4.5,0.0,0.0,0.0,0.0,0.0,0.0,11.2,-3.4,20.6,0,0,20.1,1,13222,1,13222,5800,15857,11134,17395,9093,4907,11902,13505,14344,13505,12345,21716,21347,8721,16469,12854,8263,8846,20257,17725,17011,14740,20911,2246,150,20781,1,32:12
2024-25,1641817,Anton Watson,Anton,1610612752,NYK,New York Knicks,0022401003,2025-03-19T00:00:00,NYK @ SAS,L,1.7833333333333334,0.0,0.0,0.0,0.0,0.0,0.0,0.0,0.0,0.0,0.0,0.0,0.0,0.0,0.0,0.0,0.0,0.0,0.0,0.0,0.0,40.4,0.0,0,0,0.0,1,13222,1,13222,25622,22635,24836,22635,15070,20945,15070,13505,14344,13505,14058,22137,23286,19908,16469,12854,8263,8846,20257,17725,23200,957,25228,2246,150,25259,1,1:47
2024-25,1630532,Franz Wagner,Franz,1610612753,ORL,Orlando Magic,0022400999,2025-03-19T00:00:00,ORL vs. HOU,L,38.05,7.6,18.0,0.421,1.9,4.7,0.4,1.9,1.9,1.0,0.0,7.6,7.6,6.6,5.7,0.0,0.0,2.8,1.9,3.8,18.9,17.0,32.3,0,0,35.0,1,13222,1,13222,1355,7605,4724,14442,10667,13889,7874,10985,13003,1,14058,5381,9032,4542,1659,12854,8263,1546,15731,6895,8931,4895,13118,2246,150,10089,1,38:03
2024-25,1631105,Jalen Duren,Jalen,1610612765,DET,Detroit Pistons,0022401000,2025-03-19T00:00:00,DET @ MIA,W,27.933333333333334,7.7,11.6,0.667,0.0,0.0,0.0,3.9,5.2,0.75,6.4,7.7,14.2,1.3,0.0,0.0,0.0,0.0,6.4,3.9,19.3,21.9,38.3,1,0,34.8,1,1,13086,1,9595,7195,14308,3281,15070,20945,15070,5946,5673,8186,1395,5115,2158,18699,16469,12854,8263,8846,2451,6664,8522,3478,8846,1,150,10231,1,27:56
2024-25,1631101,Shaedon Sharpe,Shaedon,1610612757,POR,Portland Trail Blazers,0022401008,2025-03-19T00:00:00,POR vs. MEM,W,30.32,7.1,15.4,0.462,3.6,9.5,0.375,2.4,2.4,1.0,0.0,8.3,8.3,5.9,2.4,1.2,0.0,0.0,1.2,1.2,20.2,26.1,40.3,0,0,40.4,1,1,13086,1,7478,8647,7913,12428,5007,4111,8800,9403,11561,1,14058,4266,7751,5612,8755,10292,8263,8846,18611,16468,7757,2600,7597,2246,150,6569,1,30:19
2024-25,1631323,Simone Fontecchio,Simone,1610612765,DET,Detroit Pistons,0022401000,2025-03-19T00:00:00,DET @ MIA,W,12.816666666666666,2.8,8.4,0.333,0.0,2.8,0.0,0.0,0.0,0.0,0.0,5.6,5.6,0.0,0.0,0.0,0.0,0.0,8.4,0.0,5.6,5.6,12.4,0,0,11.2,1,1,13086,1,20831,19857,19598,17395,15070,18041,15070,13505,14344,13505,14058,9269,13245,19908,16469,12854,8263,8846,1173,17725,21655,9785,23930,2246,150,24168,1,12:49
2024-25,203915,Spencer Dinwiddie,Spencer,1610612742,DAL,Dallas Mavericks,0022400998,2025-03-19T00:00:00,DAL @ IND,L,42.13333333333333,5.1,13.7,0.375,1.7,6.0,0.286,2.6,2.6,1.0,0.9,1.7,2.6,10.3,0.9,2.6,0.0,0.9,2.6,2.6,14.5,0.9,39.8,1,0,34.2,1,13222,1,13222,247,14016,10690,16299,11370,10741,11433,8897,11062,1,13993,20438,20687,1309,16419,4222,8263,8765,12553,10750,13379,12228,7868,1,150,10715,1,42:08
2024-25,1626220,Royce O'Neale,Royce,1610612756,PHX,Phoenix Suns,0022401007,2025-03-19T00:00:00,PHX vs. CHI,W,26.256666666666668,2.7,9.6,0.286,1.4,5.5,0.25,0.0,0.0,0.0,1.4,12.3,13.7,6.9,0.0,1.4,1.4,1.4,1.4,0.0,6.9,-1.4,41.8,0,0,34.3,1,1,13086,1,10947,19994,17783,19630,12558,11993,11902,13505,14344,13505,10881,1214,2378,4205,16469,9071,5358,5306,17741,17725,20818,13743,6718,2246,150,10635,1,26:15
2024-25,1629014,Anfernee Simons,Anfernee,1610612757,POR,Portland Trail Blazers,0022401008,2025-03-19T00:00:00,POR vs. MEM,W,35.99666666666667,8.0,24.0,0.333,2.0,9.0,0.222,4.0,4.0,1.0,3.0,2.0,5.0,3.0,2.0,1.0,0.0,0.0,1.0,3.0,22.0,23.0,33.5,0,0,34.0,1,1,13086,1,2690,6632,1049,17395,10161,4826,13288,5688,7841,1,5328,19664,14787,12924,10524,11960,8263,8846,19707,9235,6213,3266,12193,2246,150,10848,1,35:60
2024-25,1642355,Bronny James,Bronny,1610612747,LAL,Los Angeles Lakers,0022401006,2025-03-19T00:00:00,LAL vs. DEN,W,3.966666666666667,0.0,0.0,0.0,0.0,0.0,0.0,0.0,0.0,0.0,0.0,0.0,0.0,0.0,0.0,0.0,0.0,0.0,0.0,0.0,0.0,-36.3,0.0,0,0,0.0,1,1,13086,1,24503,22635,24836,22635,15070,20945,15070,13505,14344,13505,14058,22137,23286,19908,16469,12854,8263,8846,20257,17725,23200,24552,25228,2246,150,25259,1,3:58
2024-25,1631200,Kris Murray,Kris,1610612757,POR,Portland Trail Blazers,0022401008,2025-03-19T00:00:00,POR vs. MEM,W,18.22,2.0,5.9,0.333,0.0,4.0,0.0,0.0,0.0,0.0,2.0,5.9,7.9,0.0,4.0,0.0,0.0,0.0,0.0,0.0,4.0,-9.9,9.5,0,0,11.9,1,1,13086,1,17427,21449,22681,17395,15070,15674,15070,13505,14344,13505,8502,8488,8454,19908,3968,12854,8263,8846,20257,17725,22571,17833,24497,2246,150,24016,1,18:13
2024-25,1629003,Shake Milton,Shake,1610612747,LAL,Los Angeles Lakers,0022401006,2025-03-19T00:00:00,LAL vs. DEN,W,6.583333333333333,0.0,21.9,0.0,0.0,5.5,0.0,5.5,10.9,0.5,5.5,0.0,5.5,0.0,0.0,0.0,0.0,10.9,5.5,5.5,5.5,-60.2,12.0,0,0,10.9,1,1,13086,1,23334,22635,1877,22635,15070,12035,15070,3447,1042,10625,1964,22137,13625,19908,16469,12854,8263,56,3750,3380,21752,25694,23998,2246,150,24237,1,6:35
2024-25,1630695,Micah Potter,Micah,1610612762,UTA,Utah Jazz,0022400627,2025-03-19T00:00:00,UTA vs. WAS,W,15.416666666666666,0.0,2.3,0.0,0.0,2.3,0.0,0.0,0.0,0.0,2.3,4.7,7.0,2.3,2.3,2.3,0.0,0.0,2.3,0.0,0.0,9.3,16.6,0,0,14.0,1,1,13086,1,19296,22635,24690,22635,15070,18927,15070,13505,14344,13505,7133,11799,10141,15100,8922,4915,8263,8846,13503,17725,23200,8024,22628,2246,150,23423,1,15:25
2024-25,1628386,Jarrett Allen,Jarrett,1610612739,CLE,Cleveland Cavaliers,0022401009,2025-03-19T00:00:00,CLE @ SAC,L,29.75,4.8,6.1,0.8,0.0,0.0,0.0,2.4,4.8,0.5,1.2,4.8,6.1,2.4,2.4,1.2,0.0,0.0,1.2,4.8,12.1,3.6,24.2,0,0,23.0,1,13222,1,13222,8001,14834,22551,1688,15070,20945,15070,9277,6215,10625,11723,11301,12158,14808,8573,10090,8263,8846,18477,4412,16035,10844,18813,2246,150,19030,1,29:45
2024-25,1641763,Julian Phillips,Julian,1610612741,CHI,Chicago Bulls,0022401007,2025-03-19T00:00:00,CHI @ PHX,L,14.7,4.9,9.8,0.5,4.9,7.3,0.667,0.0,0.0,0.0,0.0,4.9,4.9,0.0,0.0,2.4,0.0,0.0,4.9,0.0,14.7,-14.7,27.9,0,0,29.4,1,13222,1,13222,19772,14676,17403,8526,2408,7729,1957,13505,14344,13505,14058,11163,15066,19908,16469,4539,8263,8846,4839,17725,13203,19783,16285,2246,150,14419,1,14:42
2024-25,1630548,Johnny Juzang,Johnny,1610612762,UTA,Utah Jazz,0022400627,2025-03-19T00:00:00,UTA vs. WAS,W,22.283333333333335,6.5,11.3,0.571,1.6,6.5,0.25,0.0,0.0,0.0,1.6,8.1,9.7,3.2,0.0,0.0,0.0,0.0,0.0,0.0,14.5,9.7,31.0,0,0,29.1,1,1,13086,1,14287,10279,14814,6538,11634,9620,11902,13505,14344,13505,9859,4597,5808,12193,16469,12854,8263,8846,20257,17725,13363,7840,14047,2246,150,14639,1,22:17
2024-25,1629723,John Konchar,John,1610612763,MEM,Memphis Grizzlies,0022401008,2025-03-19T00:00:00,MEM @ POR,L,20.333333333333332,1.8,5.3,0.333,1.8,3.5,0.5,0.0,0.0,0.0,1.8,3.5,5.3,3.5,0.0,1.8,1.8,0.0,1.8,0.0,5.3,-14.2,27.6,0,0,23.0,1,13222,1,13222,15758,21799,23250,17395,11185,16566,3944,13505,14344,13505,9352,15105,14017,11269,16469,7373,4123,8846,16305,17725,21844,19569,16487,2246,150,19008,1,20:20
2024-25,203501,Tim Hardaway Jr.,Tim,1610612765,DET,Detroit Pistons,0022401000,2025-03-19T00:00:00,DET @ MIA,W,19.855,5.4,14.5,0.375,1.8,7.3,0.25,5.4,5.4,1.0,0.0,3.6,3.6,1.8,1.8,0.0,1.8,0.0,0.0,1.8,18.1,1.8,28.8,0,0,29.0,1,1,13086,1,16139,13158,9352,16299,11024,7931,11902,3484,5262,1,14058,14854,18261,17047,11486,12854,4028,8846,20257,13885,9701,11730,15609,2246,150,14694,1,19:51
2024-25,1630241,Sam Merrill,Sam,1610612739,CLE,Cleveland Cavaliers,0022401009,2025-03-19T00:00:00,CLE @ SAC,L,12.408333333333333,0.0,0.0,0.0,0.0,0.0,0.0,0.0,0.0,0.0,2.9,0.0,2.9,11.6,2.9,0.0,0.0,0.0,0.0,0.0,0.0,-40.6,18.0,0,0,14.5,1,13222,1,13222,21042,22635,24836,22635,15070,20945,15070,13505,14344,13505,5589,22137,19992,812,6836,12854,8263,8846,20257,17725,23200,24890,22101,2246,150,23253,1,12:25
2024-25,1630556,Kessler Edwards,Kessler,1610612742,DAL,Dallas Mavericks,0022400998,2025-03-19T00:00:00,DAL @ IND,L,21.071666666666665,5.1,8.5,0.6,5.1,6.8,0.75,0.0,0.0,0.0,0.0,3.4,3.4,1.7,1.7,1.7,0.0,0.0,8.5,0.0,15.4,-25.6,25.5,0,0,29.0,1,13222,1,13222,15239,14018,19428,5394,2133,8824,1542,13505,14344,13505,14058,15473,18750,17347,11885,7578,8263,8846,1119,17725,12542,22943,17961,2246,150,14665,1,21:04
2024-25,1631131,Oscar Tshiebwe,Oscar,1610612762,UTA,Utah Jazz,0022400627,2025-03-19T00:00:00,UTA vs. WAS,W,18.483333333333334,1.9,5.8,0.333,0.0,0.0,0.0,3.9,3.9,1.0,3.9,15.6,19.5,3.9,1.9,0.0,0.0,1.9,0.0,5.8,7.8,19.5,35.1,0,0,31.2,1,1,13086,1,17211,21499,22769,17395,15070,20945,15070,5887,8042,1,3733,482,599,10244,10799,12854,8263,3389,20257,2827,20089,4115,11015,2246,150,13029,1,18:29
2024-25,202685,Jonas Valančiūnas,Jonas,1610612758,SAC,Sacramento Kings,0022401009,2025-03-19T00:00:00,SAC vs. CLE,W,24.933333333333334,7.2,15.9,0.455,0.0,1.4,0.0,2.9,2.9,1.0,7.2,11.6,18.8,2.9,2.9,0.0,0.0,0.0,5.8,4.3,17.3,-24.5,41.3,1,0,39.0,1,1,13086,1,12062,8403,7290,12676,15070,20331,15070,8121,10262,1,1053,1591,739,13319,6889,12854,8263,8846,3262,5515,10503,22704,6993,1,150,7390,1,24:56
2024-25,1641798,Jaylen Martin,Jaylen,1610612764,WAS,Washington Wizards,0022400627,2025-03-19T00:00:00,WAS @ UTA,L,31.35,4.6,12.6,0.364,1.1,3.4,0.333,2.3,2.3,1.0,2.3,5.7,8.0,1.1,3.4,0.0,0.0,0.0,1.1,1.1,12.6,-20.7,20.6,0,0,23.0,1,13222,1,13222,6549,15520,12507,16861,13656,16780,9209,9638,11794,1,7256,8948,8202,19196,5141,12854,8263,8846,18828,16657,15454,21748,20915,2246,150,19056,1,31:21
2024-25,1641710,Anthony Black,Anthony,1610612753,ORL,Orlando Magic,0022400999,2025-03-19T00:00:00,ORL vs. HOU,L,21.883333333333333,4.9,11.5,0.429,0.0,6.6,0.0,1.6,1.6,1.0,0.0,6.6,6.6,4.9,4.9,1.6,1.6,0.0,1.6,1.6,11.5,-18.1,31.8,0,0,29.6,1,13222,1,13222,14589,14590,14447,13735,15070,9361,15070,11518,13348,1,14058,7144,10996,7606,2417,7831,4443,8846,16732,14474,16655,20963,13513,2246,150,14240,1,21:53
2024-25,1641716,Jarace Walker,Jarace,1610612754,IND,Indiana Pacers,0022400998,2025-03-19T00:00:00,IND vs. DAL,W,6.183333333333334,5.8,11.6,0.5,5.8,11.6,0.5,0.0,0.0,0.0,0.0,5.8,5.8,0.0,0.0,0.0,0.0,0.0,5.8,0.0,17.5,-11.6,24.5,0,0,29.1,1,1,13086,1,23525,12044,14230,8526,1458,2001,3944,13505,14344,13505,14058,8740,12714,19908,16469,12854,8263,8846,3184,17725,10352,18594,18650,2246,150,14615,1,6:11
2024-25,1631165,Keon Ellis,Keon,1610612758,SAC,Sacramento Kings,0022401009,2025-03-19T00:00:00,SAC vs. CLE,W,29.966666666666665,4.8,6.0,0.8,3.6,4.8,0.75,2.4,2.4,1.0,2.4,2.4,4.8,2.4,1.2,1.2,0.0,0.0,6.0,1.2,15.6,4.8,27.4,0,0,28.8,1,1,13086,1,7812,14926,22585,1688,4918,13690,1542,9327,11479,1,6910,18472,15284,14872,14432,10162,8263,8846,2930,16394,12302,10210,16671,2246,150,14835,1,29:58
2024-25,1631128,Christian Braun,Christian,1610612743,DEN,Denver Nuggets,0022401006,2025-03-19T00:00:00,DEN @ LAL,L,27.713333333333335,5.2,7.8,0.667,0.0,1.3,0.0,2.6,5.2,0.5,0.0,5.2,5.2,3.9,2.6,0.0,0.0,0.0,1.3,2.6,13.0,-19.5,22.5,0,0,22.1,1,13222,1,13222,9785,13833,20541,3281,15070,20493,15070,8807,5618,10625,14058,10288,14286,10240,7891,12854,8263,8846,18036,10652,15099,21396,19895,2246,150,19630,1,27:43
2024-25,1628384,OG Anunoby,OG,1610612752,NYK,New York Knicks,0022401003,2025-03-19T00:00:00,NYK @ SAS,L,37.458333333333336,4.8,14.4,0.333,1.9,5.8,0.333,1.9,2.9,0.667,0.0,4.8,4.8,1.0,0.0,1.9,1.9,2.9,2.9,4.8,13.5,-18.3,32.2,0,0,28.8,1,13222,1,13222,1708,14933,9495,17395,10542,11285,9209,10883,10277,9425,14058,11421,15292,19788,16469,6658,3701,1492,11260,4492,14567,21005,13178,2246,150,14838,1,37:28
2024-25,1631246,Vince Williams Jr.,Vince,1610612763,MEM,Memphis Grizzlies,0022401008,2025-03-19T00:00:00,MEM @ POR,L,17.925,4.0,8.0,0.5,0.0,4.0,0.0,0.0,0.0,0.0,0.0,4.0,4.0,6.0,0.0,0.0,2.0,0.0,0.0,2.0,8.0,0.0,27.9,0,0,22.1,1,13222,1,13222,17622,17053,20202,8526,15070,15544,15070,13505,14344,13505,14058,13670,17277,5440,16469,12854,3462,8846,20257,13044,19892,12240,16287,2246,150,19622,1,17:56
2024-25,1631097,Bennedict Mathurin,Bennedict,1610612754,IND,Indiana Pacers,0022400998,2025-03-19T00:00:00,IND vs. DAL,W,31.533333333333335,6.8,13.7,0.5,1.1,4.6,0.25,11.4,13.7,0.833,0.0,8.0,8.0,1.1,1.1,1.1,0.0,0.0,4.6,6.8,26.3,5.7,39.8,0,0,38.8,1,1,13086,1,6391,9294,10657,8526,13696,14273,11902,417,496,7275,14058,4714,8282,19219,14851,10658,8263,8846,5625,1779,3554,9749,7852,2246,150,7503,1,31:32
2024-25,1628989,Kevin Huerter,Kevin,1610612741,CHI,Chicago Bulls,0022401007,2025-03-19T00:00:00,CHI @ PHX,L,31.833333333333332,6.8,12.4,0.545,3.4,9.0,0.375,0.0,0.0,0.0,0.0,2.3,2.3,4.5,1.1,0.0,1.1,0.0,4.5,1.1,17.0,1.1,28.7,0,0,29.4,1,13222,1,13222,6121,9459,12835,7695,5398,4744,8800,13505,14344,13505,14058,18883,21290,8590,14928,12854,6601,8846,5721,16760,10882,12062,15697,2246,150,14402,1,31:50
2024-25,1630171,Isaac Okoro,Isaac,1610612739,CLE,Cleveland Cavaliers,0022401009,2025-03-19T00:00:00,CLE @ SAC,L,15.625,4.6,6.9,0.667,2.3,4.6,0.5,0.0,0.0,0.0,0.0,0.0,0.0,0.0,2.3,2.3,2.3,0.0,2.3,0.0,11.5,-13.8,23.0,0,0,23.0,1,13222,1,13222,19184,15471,21659,3281,8832,14177,3944,13505,14344,13505,14058,22137,23286,19908,9047,5023,2738,8846,13628,17725,16648,19431,19537,2246,150,18988,1,15:38
2024-25,1641745,Adam Flagler,Adam,1610612760,OKC,Oklahoma City Thunder,0022401002,2025-03-19T00:00:00,OKC vs. PHI,W,22.75,3.2,14.2,0.222,1.6,9.5,0.167,0.0,0.0,0.0,1.6,4.7,6.3,6.3,3.2,3.2,1.6,1.6,1.6,0.0,7.9,22.2,36.1,0,0,31.6,1,1,13086,1,13906,19070,9774,21205,11740,4115,14236,13505,14344,13505,9989,11577,11543,4979,5927,2808,4601,4478,16924,17725,19985,3424,10311,2246,150,12669,1,22:45
2024-25,1629632,Coby White,Coby,1610612741,CHI,Chicago Bulls,0022401007,2025-03-19T00:00:00,CHI @ PHX,L,35.31666666666667,9.2,18.3,0.5,3.1,9.2,0.333,3.1,4.1,0.75,0.0,6.1,6.1,5.1,2.0,0.0,0.0,2.0,3.1,3.1,24.5,-9.2,37.4,0,0,38.7,1,13222,1,13222,3216,4403,4334,8526,6329,4576,9209,7651,7684,8186,14058,8064,12012,7256,10314,12854,8263,3103,10445,9040,4511,17515,9402,2246,150,7565,1,35:19
2024-25,1630230,Naji Marshall,Naji,1610612742,DAL,Dallas Mavericks,0022400998,2025-03-19T00:00:00,DAL @ IND,L,38.766666666666666,7.4,13.9,0.533,0.0,0.9,0.0,3.7,6.5,0.571,1.9,6.5,8.4,2.8,1.9,0.0,0.0,0.9,1.9,4.6,18.6,-12.1,30.9,0,0,29.7,1,13222,1,13222,979,7935,10287,8140,15070,20914,15070,6260,3885,10536,9002,7305,7682,13630,11287,12854,8263,8508,15906,4851,9244,18766,14110,2246,150,14156,1,38:46
2024-25,1641783,Tristan da Silva,Tristan,1610612753,ORL,Orlando Magic,0022400999,2025-03-19T00:00:00,ORL vs. HOU,L,16.166666666666668,2.2,6.7,0.333,0.0,0.0,0.0,0.0,0.0,0.0,0.0,4.5,4.5,4.5,0.0,0.0,0.0,0.0,0.0,0.0,4.5,-42.3,16.5,0,0,13.4,1,13222,1,13222,18815,20989,21917,17395,15070,20945,15070,13505,14344,13505,14058,12395,16164,8760,16469,12854,8263,8846,20257,17725,22317,25001,22677,2246,150,23595,1,16:10
2024-25,1629631,De'Andre Hunter,De'Andre,1610612739,CLE,Cleveland Cavaliers,0022401009,2025-03-19T00:00:00,CLE @ SAC,L,30.706666666666667,3.5,9.4,0.375,2.3,5.9,0.4,0.0,0.0,0.0,0.0,4.7,4.7,3.5,0.0,1.2,0.0,0.0,1.2,2.3,9.4,-14.1,23.8,0,0,22.3,1,13222,1,13222,7120,18289,18150,16299,8692,11046,7874,13505,14344,13505,14058,11734,15595,11345,16469,10419,8263,8846,18705,11570,18747,19532,19097,2246,150,19502,1,30:42
2024-25,1630174,Aaron Nesmith,Aaron,1610612754,IND,Indiana Pacers,0022400998,2025-03-19T00:00:00,IND vs. DAL,W,34.9,6.2,9.3,0.667,3.1,5.2,0.6,3.1,3.1,1.0,0.0,5.2,5.2,2.1,2.1,1.0,0.0,0.0,4.1,4.1,18.6,3.1,28.9,0,0,30.9,1,1,13086,1,3538,10993,18289,3281,6229,12804,2992,7558,9734,1,14058,10399,14378,16144,10193,11662,8263,8846,6749,5993,9249,11060,15565,2246,150,13206,1,34:54
2024-25,1627736,Malik Beasley,Malik,1610612765,DET,Detroit Pistons,0022401000,2025-03-19T00:00:00,DET @ MIA,W,28.665,6.3,13.8,0.455,6.3,12.6,0.5,1.3,2.5,0.5,0.0,1.3,1.3,3.8,0.0,0.0,0.0,0.0,2.5,1.3,20.1,8.8,27.3,0,0,31.4,1,1,13086,1,8968,10769,10466,12676,1127,1498,3944,12434,11177,10625,14058,21381,22872,10597,16469,12854,8263,8846,12750,16104,7842,8281,16779,2246,150,12860,1,28:40
2024-25,1629680,Matisse Thybulle,Matisse,1610612757,POR,Portland Trail Blazers,0022401008,2025-03-19T00:00:00,POR vs. MEM,W,11.186666666666667,3.2,9.7,0.333,0.0,3.2,0.0,3.2,6.4,0.5,6.4,12.9,19.3,3.2,0.0,3.2,0.0,0.0,0.0,6.4,9.7,0.0,47.3,0,0,38.6,1,1,13086,1,21628,18954,17663,17395,15070,17235,15070,7286,3954,10625,1401,1057,624,12234,16469,2701,8263,8846,20257,2143,18487,12240,4211,2246,150,7631,1,11:11
2024-25,1631104,Blake Wesley,Blake,1610612759,SAS,San Antonio Spurs,0022401003,2025-03-19T00:00:00,SAS vs. NYK,W,15.58,4.6,11.6,0.4,0.0,2.3,0.0,4.6,6.9,0.667,0.0,4.6,4.6,6.9,2.3,6.9,0.0,0.0,0.0,6.9,13.9,41.6,48.3,0,0,39.3,1,1,13086,1,19206,15435,14382,14933,15070,18962,15070,4646,3440,9425,14058,11925,15770,4097,9024,310,8263,8846,20257,1705,14086,869,3879,2246,150,7209,1,15:35
2024-25,1628976,Wendell Carter Jr.,Wendell,1610612753,ORL,Orlando Magic,0022400999,2025-03-19T00:00:00,ORL vs. HOU,L,19.033333333333335,1.9,7.6,0.25,0.0,3.8,0.0,3.8,3.8,1.0,3.8,7.6,11.3,0.0,0.0,0.0,1.9,0.0,9.5,3.8,7.6,-7.6,26.9,0,0,22.7,1,13222,1,13222,16794,21598,20840,20233,15070,16035,15070,6122,8293,1,3911,5386,4093,19908,16469,12854,3786,8846,826,6899,20268,16764,17052,2246,150,19217,1,19:02
2024-25,1631132,Christian Koloko,Christian,1610612747,LAL,Los Angeles Lakers,0022401006,2025-03-19T00:00:00,LAL vs. DEN,W,14.0,5.1,5.1,1.0,0.0,0.0,0.0,0.0,0.0,0.0,5.1,7.7,12.9,0.0,2.6,0.0,0.0,0.0,7.7,0.0,10.3,-7.7,23.1,0,0,23.1,1,1,13086,1,20196,13969,23358,1,15070,20945,15070,13505,14344,13505,2251,5141,2901,19908,7975,12854,8263,8846,1503,17725,17866,16839,19468,2246,150,18899,1,14:00
2024-25,1629008,Michael Porter Jr.,Michael,1610612743,DEN,Denver Nuggets,0022401006,2025-03-19T00:00:00,DEN @ LAL,L,27.506666666666668,6.5,13.1,0.5,1.3,6.5,0.2,1.3,1.3,1.0,2.6,2.6,5.2,1.3,2.6,3.9,0.0,0.0,1.3,1.3,15.7,-20.9,33.1,0,0,31.4,1,13222,1,13222,9941,10087,11696,8526,12827,9447,13429,12281,13717,1,6304,17908,14203,18629,7813,1711,8263,8846,18001,15866,12218,21816,12504,2246,150,12851,1,27:30
2024-25,1642274,Yves Missi,Yves,1610612740,NOP,New Orleans Pelicans,0022401001,2025-03-19T00:00:00,NOP @ MIN,W,26.083333333333332,8.3,16.6,0.5,0.0,0.0,0.0,1.4,5.5,0.25,4.1,5.5,9.7,2.8,0.0,0.0,4.1,4.1,1.4,4.1,17.9,-11.0,46.1,0,0,38.6,1,1,13086,1,11099,6020,6354,8526,15070,20945,15070,12070,5159,13358,3383,9470,5855,13717,16469,12854,842,606,17702,5961,9898,18340,4704,2246,150,7619,1,26:05
2024-25,1631099,Keegan Murray,Keegan,1610612758,SAC,Sacramento Kings,0022401009,2025-03-19T00:00:00,SAC vs. CLE,W,36.516666666666666,4.9,10.8,0.455,3.0,6.9,0.429,0.0,0.0,0.0,0.0,3.9,3.9,3.0,1.0,0.0,0.0,0.0,3.0,1.0,12.8,14.8,21.0,0,0,22.7,1,1,13086,1,2328,14609,15622,12676,6655,8662,7394,13505,14344,13505,14058,13903,17459,13066,15936,12854,8263,8846,10913,17441,15272,5711,20688,2246,150,19236,1,36:31
2024-25,203903,Jordan Clarkson,Jordan,1610612762,UTA,Utah Jazz,0022400627,2025-03-19T00:00:00,UTA vs. WAS,W,20.266666666666666,8.9,19.5,0.455,1.8,7.1,0.25,5.3,7.1,0.75,0.0,5.3,5.3,7.1,8.9,0.0,0.0,0.0,0.0,5.3,24.9,17.8,33.0,0,0,39.1,1,1,13086,1,15810,4916,3321,12676,11162,8243,11902,3617,3259,8186,14058,9962,13976,3878,437,12854,8263,8846,20257,3592,4270,4639,12565,2246,150,7330,1,20:16
2024-25,1629660,Ty Jerome,Ty,1610612739,CLE,Cleveland Cavaliers,0022401009,2025-03-19T00:00:00,CLE @ SAC,L,26.391666666666666,9.5,20.5,0.467,0.0,6.8,0.0,0.0,0.0,0.0,1.4,0.0,1.4,8.2,2.7,1.4,0.0,0.0,1.4,1.4,19.1,-13.6,34.4,0,0,31.4,1,13222,1,13222,10825,3819,2664,12249,15070,8855,15070,13505,14344,13505,10909,22137,22745,2715,7444,9118,8263,8846,17773,15605,8763,19357,11535,2246,150,12875,1,26:24
2024-25,1628379,Luke Kennard,Luke,1610612763,MEM,Memphis Grizzlies,0022401008,2025-03-19T00:00:00,MEM @ POR,L,25.35,4.3,9.9,0.429,0.0,2.8,0.0,0.0,0.0,0.0,0.0,4.3,4.3,4.3,0.0,2.8,0.0,1.4,0.0,1.4,8.5,-31.2,28.5,0,0,22.7,1,13222,1,13222,11699,16430,17170,13735,15070,17978,15070,13505,14344,13505,14058,12935,16643,9230,16469,3574,8263,5101,20257,15367,19501,23926,15845,2246,150,19196,1,25:21
2024-25,1630215,Jared Butler,Jared,1610612755,PHI,Philadelphia 76ers,0022401002,2025-03-19T00:00:00,PHI @ OKC,L,23.666666666666668,4.6,19.8,0.231,1.5,12.2,0.125,0.0,0.0,0.0,0.0,3.0,3.0,6.1,0.0,1.5,0.0,1.5,1.5,0.0,10.6,-27.4,28.0,0,0,24.3,1,13222,1,13222,13171,15592,3135,21157,11960,1682,14886,13505,14344,13505,14058,16576,19601,5342,16469,8320,8263,4687,17141,17725,17518,23317,16233,2246,150,18113,1,23:40
2024-25,1642403,Isaac Jones,Isaac,1610612758,SAC,Sacramento Kings,0022401009,2025-03-19T00:00:00,SAC vs. CLE,W,4.383333333333334,8.2,8.2,1.0,0.0,0.0,0.0,0.0,0.0,0.0,8.2,0.0,8.2,0.0,8.2,0.0,0.0,0.0,0.0,0.0,16.4,0.0,18.1,0,0,24.6,1,1,13086,1,24293,6174,19923,1,15070,20945,15070,13505,14344,13505,718,22137,7916,19908,548,12854,8263,8846,20257,17725,11475,12240,22062,2246,150,17928,1,4:23
2024-25,1629637,Jaxson Hayes,Jaxson,1610612747,LAL,Los Angeles Lakers,0022401006,2025-03-19T00:00:00,LAL vs. DEN,W,24.183333333333334,4.5,6.0,0.75,0.0,0.0,0.0,0.0,3.0,0.0,3.0,7.4,10.4,0.0,0.0,1.5,1.5,0.0,1.5,1.5,8.9,16.4,30.4,0,0,25.3,1,1,13086,1,12740,15876,22652,2107,15070,20945,15070,13505,10031,13505,5400,5596,4987,19908,16469,8462,4894,8846,17269,15045,19153,5116,14525,2246,150,17427,1,24:11
2024-25,1630170,Devin Vassell,Devin,1610612759,SAS,San Antonio Spurs,0022401003,2025-03-19T00:00:00,SAS vs. NYK,W,33.34166666666667,3.2,9.7,0.333,1.1,4.3,0.25,3.2,4.3,0.75,1.1,3.2,4.3,3.2,1.1,0.0,4.3,1.1,2.2,3.2,10.8,4.3,32.7,0,0,28.1,1,1,13086,1,4866,18916,17546,17395,14073,14865,11902,7234,7171,8186,12637,15966,16488,12177,15278,12854,746,7228,14305,8436,17379,10469,12788,2246,150,15376,1,33:21
2024-25,1628371,Jonathan Isaac,Jonathan,1610612753,ORL,Orlando Magic,0022400999,2025-03-19T00:00:00,ORL vs. HOU,L,8.35,4.3,25.9,0.167,0.0,4.3,0.0,0.0,0.0,0.0,8.6,4.3,12.9,0.0,0.0,8.6,4.3,4.3,0.0,0.0,8.6,25.9,62.9,0,0,47.4,1,13222,1,13222,22685,16288,663,21938,15070,14881,15070,13505,14344,13505,636,12760,2843,19908,16469,169,754,540,20257,17725,19408,2634,882,2246,150,3333,1,8:21
2024-25,1626157,Karl-Anthony Towns,Karl-Anthony,1610612752,NYK,New York Knicks,0022401003,2025-03-19T00:00:00,NYK @ SAS,L,35.175,11.3,21.5,0.524,2.0,5.1,0.4,8.2,9.2,0.889,4.1,5.1,9.2,2.0,3.1,1.0,0.0,0.0,1.0,7.2,32.8,-13.3,46.9,0,0,48.1,1,13222,1,13222,3334,2044,2030,8439,9929,12911,7874,1326,1758,6857,3459,10513,6427,16205,6225,11733,8263,8846,19555,1538,1371,19229,4361,2246,150,3108,1,35:11
2024-25,1641729,Brice Sensabaugh,Brice,1610612762,UTA,Utah Jazz,0022400627,2025-03-19T00:00:00,UTA vs. WAS,W,22.7,11.1,17.4,0.636,4.8,9.5,0.5,0.0,0.0,0.0,0.0,0.0,0.0,1.6,0.0,0.0,0.0,0.0,1.6,0.0,27.0,25.4,29.3,0,0,33.3,1,1,13086,1,13953,2187,5309,4689,2626,4079,3944,13505,14344,13505,14058,22137,23286,17692,16469,12854,8263,8846,16910,17725,3226,2732,15254,2246,150,11398,1,22:42
2024-25,1629048,Goga Bitadze,Goga,1610612753,ORL,Orlando Magic,0022400999,2025-03-19T00:00:00,ORL vs. HOU,L,23.016666666666666,12.5,15.6,0.8,0.0,0.0,0.0,4.7,9.4,0.5,9.4,3.1,12.5,0.0,0.0,1.6,1.6,0.0,6.3,6.3,29.7,-28.2,54.1,0,0,48.5,1,13222,1,13222,13711,1235,7635,1688,15070,20945,15070,4526,1670,10625,490,16338,3124,19908,16469,8132,4659,8846,2649,2329,2188,23468,2177,2246,150,2992,1,23:01
2024-25,1630702,Jaden Hardy,Jaden,1610612742,DAL,Dallas Mavericks,0022400998,2025-03-19T00:00:00,DAL @ IND,L,23.49,12.3,19.9,0.615,4.6,9.2,0.5,7.7,9.2,0.833,0.0,3.1,3.1,3.1,3.1,0.0,0.0,0.0,7.7,4.6,36.8,15.3,42.0,0,0,47.5,1,13222,1,13222,13317,1376,3020,5246,2897,4543,3944,1571,1769,7275,14058,16510,19551,12712,6244,12854,8263,8846,1536,4948,720,5494,6622,2246,150,3298,1,23:29
2024-25,202687,Bismack Biyombo,Bismack,1610612759,SAS,San Antonio Spurs,0022401003,2025-03-19T00:00:00,SAS vs. NYK,W,10.121666666666666,7.1,10.7,0.667,0.0,0.0,0.0,0.0,0.0,0.0,7.1,7.1,14.2,0.0,3.6,0.0,0.0,3.6,7.1,0.0,14.2,10.7,27.7,0,0,28.5,1,1,13086,1,22066,8668,15940,3281,15070,20945,15070,13505,14344,13505,1100,6151,2134,19908,4890,12854,8263,872,1883,17725,13698,7383,16399,2246,150,15109,1,10:07
2024-25,203497,Rudy Gobert,Rudy,1610612750,MIN,Minnesota Timberwolves,0022401001,2025-03-19T00:00:00,MIN vs. NOP,L,31.14,3.5,4.6,0.75,0.0,0.0,0.0,4.6,6.9,0.667,2.3,8.1,10.4,1.2,0.0,0.0,1.2,1.2,4.6,4.6,11.6,4.6,29.2,0,0,25.4,1,13222,1,13222,6757,18389,23731,2107,15070,20945,15070,4641,3431,9425,7211,4574,5000,19158,16469,12854,6448,6588,5482,4887,16607,10327,15323,2246,150,17329,1,31:08
2024-25,1628396,Tony Bradley,Tony,1610612754,IND,Indiana Pacers,0022400998,2025-03-19T00:00:00,IND vs. DAL,W,3.933333333333333,9.2,9.2,1.0,9.2,9.2,1.0,0.0,0.0,0.0,0.0,0.0,0.0,0.0,0.0,0.0,0.0,0.0,0.0,0.0,27.5,-45.8,27.5,0,0,36.6,1,1,13086,1,24527,4432,18474,1,280,4599,1,13505,14344,13505,14058,22137,23286,19908,16469,12854,8263,8846,20257,17725,2998,25218,16624,2246,150,8968,1,3:56
2024-25,1630590,Scotty Pippen Jr.,Scotty,1610612763,MEM,Memphis Grizzlies,0022401008,2025-03-19T00:00:00,MEM @ POR,L,31.14666666666667,8.1,19.6,0.412,0.0,3.5,0.0,4.6,5.8,0.8,1.2,5.8,6.9,4.6,0.0,2.3,0.0,1.2,3.5,5.8,20.8,-4.6,43.0,0,0,37.0,1,13222,1,13222,6754,6438,3227,14791,15070,16713,15070,4643,4780,7681,12065,8838,10269,8366,16469,4996,8263,6589,8846,2926,7232,15381,6140,2246,150,8729,1,31:09
2024-25,1628991,Jaren Jackson Jr.,Jaren,1610612763,MEM,Memphis Grizzlies,0022401008,2025-03-19T00:00:00,MEM @ POR,L,28.508333333333333,6.3,22.7,0.278,2.5,6.3,0.4,2.5,2.5,1.0,0.0,6.3,6.3,2.5,6.3,3.8,0.0,3.8,6.3,2.5,17.7,-29.0,34.1,0,0,36.6,1,13222,1,13222,9115,10665,1486,20025,8060,9952,7874,8975,11144,1,14058,7669,11575,14455,1217,1862,8263,739,2590,10893,10138,23593,11734,2246,150,8963,1,28:31
2024-25,1629675,Naz Reid,Naz,1610612750,MIN,Minnesota Timberwolves,0022401001,2025-03-19T00:00:00,MIN vs. NOP,L,33.571666666666665,3.2,11.8,0.273,2.1,7.5,0.286,1.1,2.1,0.5,2.1,5.4,7.5,4.3,1.1,1.1,1.1,1.1,1.1,1.1,9.7,6.4,30.5,0,0,27.9,1,13222,1,13222,4667,18957,13947,20048,9488,7387,11433,12994,12277,10625,7783,9868,9156,9161,15322,11257,6968,7290,19260,17051,18491,9403,14453,2246,150,15519,1,33:34
2024-25,202692,Alec Burks,Alec,1610612748,MIA,Miami Heat,0022401000,2025-03-19T00:00:00,MIA vs. DET,L,14.133333333333333,2.5,10.2,0.25,2.5,10.2,0.25,2.5,2.5,1.0,0.0,7.6,7.6,5.1,0.0,0.0,0.0,2.5,0.0,2.5,10.2,-10.2,27.0,0,0,25.5,1,13222,1,13222,20122,20373,16746,20233,7980,3286,11902,8923,11089,1,14058,5254,8893,7260,16469,12854,8263,1957,20257,10811,17964,17969,16932,2246,150,17303,1,14:08
2024-25,1628971,Bruce Brown,Bruce,1610612740,NOP,New Orleans Pelicans,0022401001,2025-03-19T00:00:00,NOP @ MIN,W,31.1,5.8,12.7,0.455,4.6,8.1,0.571,1.2,2.3,0.5,3.5,4.6,8.1,6.9,1.2,0.0,0.0,1.2,4.6,1.2,17.4,10.4,36.3,0,0,37.0,1,1,13086,1,6796,12146,12327,12676,2838,6282,3506,12730,11735,10625,4415,11910,8094,4070,14743,12854,8263,6573,5465,16612,10457,7502,10121,2246,150,8701,1,31:06
2024-25,1626145,Tyus Jones,Tyus,1610612756,PHX,Phoenix Suns,0022401007,2025-03-19T00:00:00,PHX vs. CHI,W,21.388333333333332,3.4,11.8,0.286,3.4,11.8,0.286,0.0,0.0,0.0,1.7,0.0,1.7,3.4,1.7,5.0,0.0,0.0,1.7,1.7,10.1,3.4,30.6,0,0,28.6,1,1,13086,1,15003,18607,13972,19630,5467,1909,11433,13505,14344,13505,9635,22137,22324,11774,11991,871,8263,8846,16591,14332,18050,10939,14322,2246,150,14977,1,21:23
2024-25,203468,CJ McCollum,CJ,1610612740,NOP,New Orleans Pelicans,0022401001,2025-03-19T00:00:00,NOP @ MIN,W,32.45,7.8,20.0,0.389,3.3,10.0,0.333,1.1,2.2,0.5,1.1,5.5,6.7,3.3,2.2,0.0,0.0,0.0,3.3,1.1,20.0,-1.1,30.7,0,0,33.3,1,1,13086,1,5597,7134,2995,16009,5583,3496,9209,12890,12025,10625,12395,9417,10830,11889,9436,12854,8263,8846,9346,16866,7945,13621,14252,2246,150,11424,1,32:27
2024-25,1626168,Trey Lyles,Trey,1610612758,SAC,Sacramento Kings,0022401009,2025-03-19T00:00:00,SAC vs. CLE,W,30.166666666666668,6.0,10.7,0.556,1.2,4.8,0.25,2.4,2.4,1.0,2.4,6.0,8.4,6.0,1.2,1.2,0.0,0.0,2.4,1.2,15.5,11.9,36.9,0,0,33.4,1,1,13086,1,7621,11607,15814,7248,13410,13777,11902,9380,11530,1,6965,8412,7692,5560,14489,10226,8263,8846,13279,16437,12407,6823,9787,2246,150,11303,1,30:10
2024-25,1630191,Isaiah Stewart,Isaiah,1610612765,DET,Detroit Pistons,0022401000,2025-03-19T00:00:00,DET @ MIA,W,20.066666666666666,5.4,7.2,0.75,0.0,0.0,0.0,0.0,0.0,0.0,1.8,9.0,10.8,3.6,1.8,0.0,0.0,0.0,3.6,1.8,10.8,-25.1,27.3,0,0,25.1,1,1,13086,1,15970,13318,21347,2107,15070,20945,15070,13505,14344,13505,9258,3545,4633,11120,11574,12854,8263,8846,8462,13954,17402,22838,16765,2246,150,17582,1,20:04
2024-25,1642024,Alex Reese,Alex,1610612755,PHI,Philadelphia 76ers,0022401002,2025-03-19T00:00:00,PHI @ OKC,L,24.233333333333334,4.5,11.9,0.375,4.5,10.4,0.429,3.0,3.0,1.0,0.0,7.4,7.4,0.0,1.5,0.0,0.0,1.5,3.0,1.5,16.3,-44.6,23.8,0,0,28.2,1,13222,1,13222,12695,15908,13788,16299,3137,3064,7394,7890,10043,1,14058,5626,9305,19908,12816,12854,8263,4828,10843,15058,11564,25155,19115,2246,150,15275,1,24:14
2024-25,201144,Mike Conley,Mike,1610612750,MIN,Minnesota Timberwolves,0022401001,2025-03-19T00:00:00,MIN vs. NOP,L,28.333333333333332,7.6,10.2,0.75,5.1,7.6,0.667,0.0,0.0,0.0,0.0,2.5,2.5,2.5,1.3,1.3,0.0,0.0,1.3,2.5,20.3,6.4,29.7,0,0,33.0,1,13222,1,13222,9268,7454,16791,2107,2178,7130,1957,13505,14344,13505,14058,18079,20723,14394,13964,9646,8263,8846,18166,10834,7633,9447,15001,2246,150,11632,1,28:20
2024-25,1641744,Zach Edey,Zach,1610612763,MEM,Memphis Grizzlies,0022401008,2025-03-19T00:00:00,MEM @ POR,L,10.941666666666666,6.6,13.2,0.5,0.0,0.0,0.0,6.6,6.6,1.0,6.6,3.3,9.9,6.6,6.6,0.0,0.0,0.0,16.5,3.3,19.7,-62.5,34.9,0,0,36.2,1,13222,1,13222,21735,9986,11564,8526,15070,20945,15070,2337,3794,1,1343,15823,5573,4591,1089,12854,8263,8846,196,8278,8128,25736,11138,2246,150,9233,1,10:57
2024-25,1630224,Jalen Green,Jalen,1610612745,HOU,Houston Rockets,0022400999,2025-03-19T00:00:00,HOU @ ORL,W,37.15,7.8,17.4,0.444,2.9,10.7,0.273,6.8,9.7,0.7,1.0,5.8,6.8,1.9,2.9,0.0,0.0,1.0,1.0,3.9,25.2,18.4,33.3,0,0,36.8,1,1,13086,1,1884,7161,5310,13045,6846,2825,11838,2174,1509,9366,13504,8765,10569,16613,6810,12854,8263,8194,19861,6637,4129,4438,12316,2246,150,8825,1,37:09
2024-25,1631108,Max Christie,Max,1610612742,DAL,Dallas Mavericks,0022400998,2025-03-19T00:00:00,DAL @ IND,L,36.35,5.9,10.9,0.545,1.0,3.0,0.333,4.0,4.0,1.0,0.0,7.9,7.9,1.0,2.0,1.0,0.0,1.0,5.0,3.0,16.8,-8.9,28.8,0,0,28.7,1,13222,1,13222,2443,11675,15542,7695,14601,17721,9209,5766,7918,1,14058,4820,8422,19704,10612,12032,8263,8001,4722,9355,11020,17387,15617,2246,150,14912,1,36:21
2024-25,1629130,Duncan Robinson,Duncan,1610612748,MIA,Miami Heat,0022401000,2025-03-19T00:00:00,MIA vs. DET,L,30.428333333333335,5.9,11.8,0.5,3.5,8.3,0.429,1.2,2.4,0.5,0.0,1.2,1.2,1.2,1.2,1.2,0.0,1.2,3.5,2.4,16.6,-4.7,22.1,0,0,24.8,1,13222,1,13222,7389,11763,13890,8526,5035,5946,7394,12656,11581,10625,14058,21561,22967,19077,14560,10321,8263,6386,8606,11480,11324,15436,20066,2246,150,17799,1,30:26
2024-25,1630217,Desmond Bane,Desmond,1610612763,MEM,Memphis Grizzlies,0022401008,2025-03-19T00:00:00,MEM @ POR,L,35.69166666666667,7.1,16.1,0.438,2.0,7.1,0.286,4.0,5.0,0.8,2.0,5.0,7.1,4.0,2.0,2.0,0.0,1.0,4.0,3.0,20.2,-15.1,38.7,0,0,37.3,1,13222,1,13222,2916,8785,6917,13558,10089,8333,11433,5638,5836,7681,8310,10746,10037,9850,10441,6172,8263,7842,7046,9142,7768,19953,8574,2246,150,8491,1,35:42
2024-25,1631096,Chet Holmgren,Chet,1610612760,OKC,Oklahoma City Thunder,0022401002,2025-03-19T00:00:00,OKC vs. PHI,W,23.383333333333333,9.2,16.9,0.545,3.1,6.2,0.5,7.7,9.2,0.833,1.5,9.2,10.8,1.5,0.0,0.0,1.5,1.5,1.5,7.7,29.3,29.3,49.1,0,0,47.7,1,1,13086,1,13392,4301,5876,7695,6275,10300,3944,1560,1746,7275,10157,3263,4624,17844,16469,12854,4726,4624,17086,1200,2359,2075,3577,2246,150,3245,1,23:23
2024-25,1627832,Fred VanVleet,Fred,1610612745,HOU,Houston Rockets,0022400999,2025-03-19T00:00:00,HOU @ ORL,W,35.65,4.0,15.1,0.267,3.0,9.1,0.333,8.1,8.1,1.0,0.0,6.1,6.1,3.0,1.0,1.0,0.0,1.0,3.0,5.0,19.2,-1.0,33.0,0,0,33.3,1,1,13086,1,2946,16996,8341,20170,6403,4687,9209,1372,2465,1,14058,8201,12142,12831,15780,11863,8263,7832,10580,4017,8664,13545,12577,2246,150,11379,1,35:39
2024-25,101108,Chris Paul,Chris,1610612759,SAS,San Antonio Spurs,0022401003,2025-03-19T00:00:00,SAS vs. NYK,W,30.716666666666665,5.9,9.4,0.625,2.3,4.7,0.5,0.0,0.0,0.0,1.2,5.9,7.0,10.5,4.7,0.0,1.2,0.0,4.7,0.0,14.1,-3.5,37.2,0,0,36.3,1,1,13086,1,7112,11921,18153,4899,8693,13989,3944,13505,14344,13505,11982,8643,10097,1183,2732,12854,6349,8846,5315,17725,13877,14808,9579,2246,150,9141,1,30:43
2024-25,1629640,Keldon Johnson,Keldon,1610612759,SAS,San Antonio Spurs,0022401003,2025-03-19T00:00:00,SAS vs. NYK,W,25.983333333333334,2.8,12.5,0.222,1.4,5.5,0.25,1.4,2.8,0.5,1.4,12.5,13.9,1.4,0.0,0.0,0.0,0.0,4.2,2.8,8.3,18.0,27.0,0,0,24.9,1,1,13086,1,11176,19937,12782,21205,12504,11866,11902,12050,10556,10625,10814,1168,2302,18390,16469,12854,8263,8846,6677,10073,19646,4557,16926,2246,150,17733,1,25:59
2024-25,1631221,Collin Gillespie,Collin,1610612756,PHX,Phoenix Suns,0022401007,2025-03-19T00:00:00,PHX vs. CHI,W,25.84,1.4,8.4,0.167,0.0,4.2,0.0,2.8,2.8,1.0,1.4,5.6,7.0,9.8,0.0,1.4,0.0,0.0,1.4,1.4,5.6,15.3,32.7,0,0,25.1,1,1,13086,1,11303,22299,19706,21938,15070,15172,15070,8370,10517,1,10773,9357,10214,1564,16469,8939,8263,8846,17652,15482,21681,5495,12771,2246,150,17627,1,25:50
2024-25,1630703,Scoot Henderson,Scoot,1610612757,POR,Portland Trail Blazers,0022401008,2025-03-19T00:00:00,POR vs. MEM,W,19.863333333333333,3.6,18.1,0.2,1.8,12.7,0.143,0.0,0.0,0.0,1.8,3.6,5.4,9.1,5.4,0.0,0.0,1.8,3.6,0.0,9.1,-16.3,23.7,0,0,25.4,1,1,13086,1,16138,18020,4538,21401,11025,1435,14649,13505,14344,13505,9199,14859,13708,1971,1867,12854,8263,3861,8343,17725,19018,20377,19132,2246,150,17376,1,19:52
2024-25,1630172,Patrick Williams,Patrick,1610612741,CHI,Chicago Bulls,0022401007,2025-03-19T00:00:00,CHI @ PHX,L,17.9,4.0,10.1,0.4,2.0,6.0,0.333,0.0,2.0,0.0,0.0,4.0,4.0,0.0,4.0,2.0,2.0,0.0,4.0,4.0,10.1,-4.0,22.9,0,0,24.1,1,13222,1,13222,17630,17037,16948,14933,10115,10608,9209,13505,12694,13505,14058,13651,17262,19908,3837,6201,3451,8846,7081,6243,18104,15080,19606,2246,150,18239,1,17:54
2024-25,1631303,Justin Minaya,Justin,1610612757,POR,Portland Trail Blazers,0022401008,2025-03-19T00:00:00,POR vs. MEM,W,2.0,0.0,0.0,0.0,0.0,0.0,0.0,0.0,0.0,0.0,0.0,18.0,18.0,0.0,0.0,0.0,0.0,0.0,0.0,0.0,0.0,-90.0,21.6,0,0,18.0,1,1,13086,1,25452,22635,24836,22635,15070,20945,15070,13505,14344,13505,14058,255,898,19908,16469,12854,8263,8846,20257,17725,23200,26088,20357,2246,150,21859,1,2:00
2024-25,1630550,JT Thor,JT,1610612764,WAS,Washington Wizards,0022400627,2025-03-19T00:00:00,WAS @ UTA,L,30.416666666666668,3.6,9.5,0.375,0.0,3.6,0.0,2.4,2.4,1.0,2.4,1.2,3.6,3.6,0.0,3.6,0.0,1.2,2.4,1.2,9.5,-23.7,29.7,0,0,23.7,1,13222,1,13222,7392,18201,18003,16299,15070,16545,15070,9410,11577,1,7023,21556,18443,11246,16469,2172,8263,6382,13358,16489,18671,22492,15022,2246,150,18566,1,30:25
2024-25,1642377,Jaylen Wells,Jaylen,1610612763,MEM,Memphis Grizzlies,0022401008,2025-03-19T00:00:00,MEM @ POR,L,20.92,1.7,12.0,0.143,0.0,3.4,0.0,0.0,0.0,0.0,1.7,0.0,1.7,0.0,0.0,0.0,0.0,0.0,1.7,0.0,3.4,-15.5,5.5,0,0,5.2,1,13222,1,13222,15344,21873,13518,22260,15070,16785,15070,13505,14344,13505,9508,22137,22276,19908,16469,12854,8263,8846,16465,17725,22792,20092,24965,2246,150,25089,1,20:55
2024-25,1630192,Zeke Nnaji,Zeke,1610612743,DEN,Denver Nuggets,0022401006,2025-03-19T00:00:00,DEN @ LAL,L,9.633333333333333,0.0,22.4,0.0,0.0,7.5,0.0,0.0,0.0,0.0,0.0,7.5,7.5,0.0,0.0,0.0,0.0,3.7,0.0,0.0,0.0,-3.7,9.0,0,0,7.5,1,13222,1,13222,22233,22635,1623,22635,15070,7458,15070,13505,14344,13505,14058,5544,9218,19908,16469,12854,8263,777,20257,17725,23200,14910,24573,2246,150,24840,1,9:38
2024-25,1628988,Aaron Holiday,Aaron,1610612745,HOU,Houston Rockets,0022400999,2025-03-19T00:00:00,HOU @ ORL,W,4.0,0.0,18.0,0.0,0.0,18.0,0.0,0.0,0.0,0.0,0.0,0.0,0.0,0.0,9.0,0.0,9.0,0.0,0.0,0.0,0.0,-99.0,18.0,0,0,18.0,1,1,13086,1,24480,22635,4664,22635,15070,332,15070,13505,14344,13505,14058,22137,23286,19908,421,12854,97,8846,20257,17725,23200,26141,22091,2246,150,21859,1,4:00
2024-25,203914,Gary Harris,Gary,1610612753,ORL,Orlando Magic,0022400999,2025-03-19T00:00:00,ORL vs. HOU,L,10.716666666666667,0.0,3.4,0.0,0.0,3.4,0.0,0.0,0.0,0.0,0.0,3.4,3.4,0.0,0.0,0.0,0.0,0.0,3.4,0.0,0.0,-16.8,4.0,0,0,3.4,1,13222,1,13222,21837,22635,24364,22635,15070,16955,15070,13505,14344,13505,14058,15621,18852,19908,16469,12854,8263,8846,9223,17725,23200,20547,25079,2246,150,25215,1,10:43
2024-25,1631255,Karlo Matković,Karlo,1610612740,NOP,New Orleans Pelicans,0022401001,2025-03-19T00:00:00,NOP @ MIN,W,19.25,3.7,7.5,0.5,0.0,1.9,0.0,1.9,1.9,1.0,0.0,1.9,1.9,3.7,1.9,0.0,1.9,0.0,3.7,3.7,9.4,13.1,20.9,0,0,18.7,1,1,13086,1,16627,17733,20956,8526,15070,19793,15070,11047,13062,1,14058,20043,22048,10681,11220,12854,3863,8846,7940,7015,18777,6358,20715,2246,150,21534,1,19:15
2024-25,1641854,Craig Porter Jr.,Craig,1610612739,CLE,Cleveland Cavaliers,0022401009,2025-03-19T00:00:00,CLE @ SAC,L,7.61,0.0,0.0,0.0,0.0,0.0,0.0,4.7,9.5,0.5,0.0,0.0,0.0,0.0,0.0,0.0,0.0,0.0,4.7,9.5,4.7,18.9,4.7,0,0,4.7,1,13222,1,13222,22951,22635,24836,22635,15070,20945,15070,4460,1623,10625,14058,22137,23286,19908,16469,12854,8263,8846,5213,533,22167,4284,25028,2246,150,25133,1,7:37
2024-25,1641720,Jalen Hood-Schifino,Jalen,1610612755,PHI,Philadelphia 76ers,0022401002,2025-03-19T00:00:00,PHI @ OKC,L,28.283333333333335,2.5,11.5,0.222,1.3,5.1,0.25,1.3,2.5,0.5,0.0,1.3,1.3,6.4,1.3,0.0,1.3,1.3,1.3,2.5,7.6,-22.9,21.3,0,0,19.1,1,13222,1,13222,9310,20382,14561,21205,12972,12981,11902,12377,11095,10625,14058,21337,22847,4908,13950,12854,5779,5793,18155,10820,20210,22311,20568,2246,150,21353,1,28:17
2024-25,1631121,Bryce McGowens,Bryce,1610612757,POR,Portland Trail Blazers,0022401008,2025-03-19T00:00:00,POR vs. MEM,W,2.0,0.0,18.0,0.0,0.0,0.0,0.0,0.0,0.0,0.0,18.0,0.0,18.0,0.0,18.0,0.0,0.0,0.0,0.0,0.0,0.0,-90.0,3.6,0,0,18.0,1,1,13086,1,25452,22635,4664,22635,15070,20945,15070,13505,14344,13505,82,22137,898,19908,73,12854,8263,8846,20257,17725,23200,26088,25103,2246,150,21859,1,2:00
2024-25,1629013,Landry Shamet,Landry,1610612752,NYK,New York Knicks,0022401003,2025-03-19T00:00:00,NYK @ SAS,L,20.566666666666666,1.8,10.5,0.167,0.0,8.8,0.0,0.0,0.0,0.0,0.0,3.5,3.5,0.0,1.8,0.0,0.0,0.0,3.5,3.5,3.5,7.0,6.0,0,0,7.0,1,13222,1,13222,15592,21829,16212,21938,15070,5178,15070,13505,14344,13505,14058,15239,18547,19908,11732,12854,8263,8846,8742,7656,22777,9134,24925,2246,150,24893,1,20:34
2024-25,1629634,Brandon Clarke,Brandon,1610612763,MEM,Memphis Grizzlies,0022401008,2025-03-19T00:00:00,MEM @ POR,L,5.433333333333334,0.0,6.6,0.0,0.0,0.0,0.0,0.0,0.0,0.0,0.0,6.6,6.6,0.0,0.0,0.0,0.0,0.0,0.0,0.0,0.0,0.0,8.0,0,0,6.6,1,13222,1,13222,23813,22635,21978,22635,15070,20945,15070,13505,14344,13505,14058,7040,10885,19908,16469,12854,8263,8846,20257,17725,23200,12240,24702,2246,150,24933,1,5:26
2024-25,1641816,Hunter Tyson,Hunter,1610612743,DEN,Denver Nuggets,0022401006,2025-03-19T00:00:00,DEN @ LAL,L,12.33,5.8,17.5,0.333,0.0,11.7,0.0,5.8,5.8,1.0,2.9,0.0,2.9,2.9,2.9,0.0,0.0,0.0,0.0,5.8,17.5,40.9,22.5,0,0,23.4,1,13222,1,13222,21090,11989,5237,17395,15070,1979,15070,3038,4701,1,5539,22137,19943,13205,6770,12854,8263,8846,20257,2832,10308,919,19888,2246,150,18763,1,12:20
2024-25,1642345,Oso Ighodaro,Oso,1610612756,PHX,Phoenix Suns,0022401007,2025-03-19T00:00:00,PHX vs. CHI,W,19.726666666666667,3.6,3.6,1.0,0.0,0.0,0.0,0.0,0.0,0.0,5.5,5.5,10.9,5.5,1.8,0.0,0.0,0.0,3.6,1.8,7.3,-5.5,26.8,0,0,23.7,1,1,13086,1,16243,17970,24252,1,15070,20945,15070,13505,14344,13505,1962,9608,4458,6479,11438,12854,8263,8846,8260,13830,20486,15820,17071,2246,150,18523,1,19:44
2024-25,203939,Dwight Powell,Dwight,1610612742,DAL,Dallas Mavericks,0022400998,2025-03-19T00:00:00,DAL @ IND,L,15.366666666666667,0.0,2.3,0.0,0.0,0.0,0.0,0.0,0.0,0.0,0.0,2.3,2.3,7.0,0.0,0.0,0.0,0.0,4.7,2.3,0.0,-2.3,13.4,0,0,9.4,1,13222,1,13222,19327,22635,24688,22635,15070,20945,15070,13505,14344,13505,14058,18650,21116,3980,16469,12854,8263,8846,5319,11573,23200,14231,23674,2246,150,24544,1,15:22
2024-25,1642262,Cody Williams,Cody,1610612762,UTA,Utah Jazz,0022400627,2025-03-19T00:00:00,UTA vs. WAS,W,28.266666666666666,1.3,8.9,0.143,0.0,6.4,0.0,0.0,0.0,0.0,0.0,1.3,1.3,1.3,1.3,1.3,0.0,0.0,3.8,0.0,2.5,1.3,8.5,0,0,7.6,1,1,13086,1,9325,22427,18849,22260,15070,9828,15070,13505,14344,13505,14058,21334,22845,18743,13947,9623,8263,8846,7674,17725,23063,11964,24630,2246,150,24815,1,28:16
2024-25,201145,Jeff Green,Jeff,1610612745,HOU,Houston Rockets,0022400999,2025-03-19T00:00:00,HOU @ ORL,W,9.35,0.0,0.0,0.0,0.0,0.0,0.0,7.7,7.7,1.0,0.0,0.0,0.0,0.0,0.0,0.0,0.0,0.0,3.9,3.9,7.7,-57.8,7.7,0,0,7.7,1,1,13086,1,22333,22635,24836,22635,15070,20945,15070,1558,2743,1,14058,22137,23286,19908,16469,12854,8263,8846,7601,6704,20161,25628,24733,2246,150,24808,1,9:21
2024-25,1629026,Kenrich Williams,Kenrich,1610612760,OKC,Oklahoma City Thunder,0022401002,2025-03-19T00:00:00,OKC vs. PHI,W,24.283333333333335,7.4,13.3,0.556,4.4,5.9,0.75,0.0,0.0,0.0,0.0,7.4,7.4,1.5,0.0,1.5,1.5,0.0,1.5,0.0,19.3,28.2,39.3,0,0,38.5,1,1,13086,1,12662,7984,11224,7248,3156,10860,1542,13505,14344,13505,14058,5663,9348,18046,16469,8484,4912,8846,17286,17725,8577,2238,8202,2246,150,7678,1,24:17
2024-25,1627827,Dorian Finney-Smith,Dorian,1610612747,LAL,Los Angeles Lakers,0022401006,2025-03-19T00:00:00,LAL vs. DEN,W,30.2,6.0,8.3,0.714,3.6,4.8,0.75,1.2,2.4,0.5,1.2,3.6,4.8,4.8,0.0,1.2,0.0,0.0,1.2,1.2,16.7,31.0,33.1,0,0,32.2,1,1,13086,1,7586,11626,19729,2752,4973,13787,1542,12622,11537,10625,11850,15003,15372,7999,16469,10240,8263,8846,18577,16441,11183,1834,12480,2246,150,12230,1,30:12
2024-25,1629622,Max Strus,Max,1610612739,CLE,Cleveland Cavaliers,0022401009,2025-03-19T00:00:00,CLE @ SAC,L,29.633333333333333,6.1,12.1,0.5,1.2,6.1,0.2,1.2,2.4,0.5,1.2,3.6,4.9,2.4,1.2,1.2,0.0,1.2,3.6,1.2,14.6,-4.9,26.5,0,0,25.5,1,13222,1,13222,8100,11300,13332,8526,13285,10508,13429,12544,11388,10625,11694,14807,15160,14776,14328,10053,8263,6155,8281,16329,13317,15505,17301,2246,150,17272,1,29:38
2024-25,1642346,Ryan Dunn,Ryan,1610612756,PHX,Phoenix Suns,0022401007,2025-03-19T00:00:00,PHX vs. CHI,W,29.493333333333332,8.5,13.4,0.636,2.4,4.9,0.5,0.0,1.2,0.0,1.2,4.9,6.1,0.0,0.0,1.2,1.2,0.0,2.4,1.2,19.5,-2.4,34.2,0,0,33.0,1,1,13086,1,8235,5538,11114,4689,8342,13488,3944,13505,13854,13505,11658,11200,12046,19908,16469,10012,6050,8846,13028,16295,8334,14284,11665,2246,150,11682,1,29:30
2024-25,203482,Kelly Olynyk,Kelly,1610612740,NOP,New Orleans Pelicans,0022401001,2025-03-19T00:00:00,NOP @ MIN,W,29.883333333333333,7.2,9.6,0.75,1.2,1.2,1.0,0.0,0.0,0.0,2.4,2.4,4.8,0.0,2.4,1.2,1.2,0.0,4.8,0.0,15.7,-6.0,26.3,0,0,26.5,1,1,13086,1,7889,8382,17697,2107,13332,20617,1,13505,14344,13505,6888,18454,15252,19908,8613,10133,6140,8846,5013,17725,12256,16074,17435,2246,150,16538,1,29:53
2024-25,1641739,Toumani Camara,Toumani,1610612757,POR,Portland Trail Blazers,0022401008,2025-03-19T00:00:00,POR vs. MEM,W,31.958333333333332,6.8,12.4,0.545,3.4,5.6,0.6,0.0,2.3,0.0,1.1,1.1,2.3,3.4,1.1,0.0,0.0,0.0,1.1,3.4,16.9,21.4,23.5,0,0,25.9,1,1,13086,1,6013,9534,12907,7695,5435,11625,2992,13505,11926,13505,12283,21694,21308,11741,14966,12854,8263,8846,18950,8020,10963,3595,19232,2246,150,17000,1,31:58
2024-25,1641718,Keyonte George,Keyonte,1610612762,UTA,Utah Jazz,0022400627,2025-03-19T00:00:00,UTA vs. WAS,W,29.15,8.6,14.8,0.583,3.7,6.2,0.6,3.7,4.9,0.75,0.0,4.9,4.9,4.9,2.5,0.0,0.0,0.0,2.5,3.7,24.7,6.2,35.6,0,0,38.3,1,1,13086,1,8543,5356,8864,6296,4690,10254,2992,6281,6049,8186,14058,11054,14953,7597,8367,12854,8263,8846,12911,7119,4369,9531,10682,2246,150,7835,1,29:09
2024-25,1630208,Nick Richards,Nick,1610612756,PHX,Phoenix Suns,0022401007,2025-03-19T00:00:00,PHX vs. CHI,W,27.833333333333332,10.3,20.7,0.5,0.0,0.0,0.0,2.6,2.6,1.0,6.5,5.2,11.6,2.6,2.6,0.0,3.9,6.5,1.3,2.6,23.3,9.1,50.2,0,0,45.3,1,1,13086,1,9684,2871,2518,8526,15070,20945,15070,8835,11006,1,1385,10346,3815,14256,7925,12854,985,188,18056,10681,5304,8155,3219,2246,150,4116,1,27:50
2024-25,1629639,Tyler Herro,Tyler,1610612748,MIA,Miami Heat,0022401000,2025-03-19T00:00:00,MIA vs. DET,L,36.68333333333333,9.8,19.6,0.5,2.9,8.8,0.333,5.9,5.9,1.0,0.0,3.9,3.9,2.9,2.0,0.0,0.0,1.0,1.0,3.9,28.5,7.9,35.6,0,0,38.3,1,13222,1,13222,2212,3457,3253,8526,6706,5052,9209,2977,4622,1,14058,13949,17502,13112,10710,12854,8263,8080,19801,6500,2609,8708,10632,2246,150,7849,1,36:41
2024-25,1642264,Stephon Castle,Stephon,1610612759,SAS,San Antonio Spurs,0022401003,2025-03-19T00:00:00,SAS vs. NYK,W,26.866666666666667,10.7,21.4,0.5,2.7,5.4,0.5,5.4,8.0,0.667,0.0,4.0,4.0,4.0,4.0,1.3,1.3,0.0,2.7,8.0,29.5,2.7,44.4,0,0,45.6,1,1,13086,1,10444,2490,2067,8526,7591,12304,3944,3573,2497,9425,14058,13663,17272,9885,3846,9241,5484,8846,12119,990,2270,11276,5493,2246,150,4002,1,26:52
2024-25,1630540,Miles McBride,Miles,1610612752,NYK,New York Knicks,0022401003,2025-03-19T00:00:00,NYK @ SAS,L,30.616666666666667,4.7,16.5,0.286,3.5,9.4,0.375,0.0,0.0,0.0,1.2,2.4,3.5,5.9,1.2,0.0,0.0,2.4,3.5,2.4,12.9,-14.1,24.8,0,0,25.9,1,13222,1,13222,7200,15233,6473,19630,5088,4247,8800,13505,14344,13505,11954,18620,18495,5710,14615,12854,8263,2333,8678,11535,15163,19553,18417,2246,150,17029,1,30:37
2024-25,201566,Russell Westbrook,Russell,1610612743,DEN,Denver Nuggets,0022401006,2025-03-19T00:00:00,DEN @ LAL,L,28.633333333333333,5.0,17.6,0.286,1.3,5.0,0.25,3.8,6.3,0.6,3.8,1.3,5.0,11.3,3.8,2.5,0.0,2.5,2.5,5.0,15.1,-18.9,41.9,0,0,37.7,1,13222,1,13222,8997,14296,5130,19630,13050,13137,11902,6143,4147,10343,3921,21371,14725,891,4390,4338,8263,2019,12733,4061,12816,21192,6695,2246,150,8213,1,28:38
2024-25,1629731,Dean Wade,Dean,1610612739,CLE,Cleveland Cavaliers,0022401009,2025-03-19T00:00:00,CLE @ SAC,L,23.008333333333333,6.3,12.5,0.5,6.3,9.4,0.667,0.0,0.0,0.0,1.6,9.4,11.0,1.6,0.0,0.0,0.0,0.0,3.1,0.0,18.8,26.6,34.3,0,0,37.6,1,13222,1,13222,13721,10825,12698,8526,1132,4270,1957,13505,14344,13505,10058,3123,4453,17753,16469,12854,8263,8846,10171,17725,9055,2501,11610,2246,150,8331,1,23:01
2024-25,1629020,Jarred Vanderbilt,Jarred,1610612747,LAL,Los Angeles Lakers,0022401006,2025-03-19T00:00:00,LAL vs. DEN,W,18.166666666666668,7.9,11.9,0.667,0.0,2.0,0.0,4.0,4.0,1.0,2.0,2.0,4.0,2.0,5.9,5.9,0.0,2.0,4.0,2.0,19.8,11.9,39.4,0,0,37.7,1,1,13086,1,17460,6798,13778,3281,15070,19590,15070,5761,7913,1,8469,19723,17404,16443,1418,490,8263,3285,7239,13156,8053,6837,8110,2246,150,8249,1,18:10
2024-25,1630578,Alperen Sengun,Alperen,1610612745,HOU,Houston Rockets,0022400999,2025-03-19T00:00:00,HOU @ ORL,W,37.29,8.7,17.4,0.5,1.0,1.9,0.5,2.9,2.9,1.0,4.8,6.8,11.6,3.9,2.9,0.0,0.0,1.9,4.8,2.9,21.2,-4.8,38.0,1,0,37.7,1,1,13086,1,1805,5280,5372,8526,14725,19681,3944,8103,10246,1,2532,6774,3864,10336,6864,12854,8263,3448,5002,9603,6895,15486,9004,1,150,8251,1,37:17
2024-25,1630200,Tre Jones,Tre,1610612741,CHI,Chicago Bulls,0022401007,2025-03-19T00:00:00,CHI @ PHX,L,31.85,5.7,7.9,0.714,0.0,0.0,0.0,2.3,2.3,1.0,1.1,5.7,6.8,10.2,1.1,0.0,1.1,0.0,3.4,3.4,13.6,-6.8,39.2,0,0,32.8,1,13222,1,13222,6101,12554,20399,2752,15070,20945,15070,9751,11899,1,12257,9165,10571,1349,14933,12854,6605,8846,9109,7974,14422,16411,8254,2246,150,11820,1,31:51
2024-25,1641842,Ronald Holland II,Ronald,1610612765,DET,Detroit Pistons,0022401000,2025-03-19T00:00:00,DET @ MIA,W,12.395,8.7,11.6,0.75,0.0,2.9,0.0,2.9,2.9,1.0,0.0,2.9,2.9,2.9,2.9,0.0,2.9,0.0,5.8,11.6,20.3,31.9,34.0,0,0,31.9,1,1,13086,1,21053,5245,14276,2107,15070,17859,15070,8085,10225,1,14058,17073,19988,13263,6827,12854,1819,8846,3206,224,7632,1740,11833,2246,150,12427,1,12:24
2024-25,1626167,Myles Turner,Myles,1610612754,IND,Indiana Pacers,0022400998,2025-03-19T00:00:00,IND vs. DAL,W,22.151666666666667,4.9,9.8,0.5,0.0,3.3,0.0,4.9,6.5,0.75,3.3,6.5,9.8,3.3,3.3,0.0,4.9,0.0,4.9,6.5,14.6,-6.5,42.6,0,0,37.4,1,1,13086,1,14385,14730,17471,8526,15070,17177,15070,4230,3884,8186,4843,7304,5733,12144,5661,12854,550,8846,4896,2086,13273,16294,6327,2246,150,8447,1,22:09
2024-25,1642276,Kel'el Ware,Kel'el,1610612748,MIA,Miami Heat,0022401000,2025-03-19T00:00:00,MIA vs. DET,L,32.531666666666666,7.7,11.1,0.7,0.0,2.2,0.0,0.0,0.0,0.0,3.3,10.0,13.3,0.0,3.3,1.1,3.3,0.0,3.3,0.0,15.5,1.1,41.4,1,0,37.6,1,13222,1,13222,5536,7178,15255,3045,15070,19143,15070,13505,14344,13505,4714,2615,2618,19908,5456,10965,1381,8846,9386,17725,12427,12075,6935,1,150,8272,1,32:32
2024-25,1642268,Isaiah Collier,Isaiah,1610612762,UTA,Utah Jazz,0022400627,2025-03-19T00:00:00,UTA vs. WAS,W,27.733333333333334,9.1,13.0,0.7,2.6,3.9,0.667,0.0,0.0,0.0,1.3,2.6,3.9,7.8,1.3,5.2,0.0,2.6,1.3,0.0,20.8,7.8,51.4,0,0,45.4,1,1,13086,1,9768,4556,11887,3045,7841,15807,1957,13505,14344,13505,11205,17955,17583,3093,13803,788,8263,1884,18037,17725,7250,8737,2868,2246,150,4055,1,27:44
2024-25,1629673,Jordan Poole,Jordan,1610612764,WAS,Washington Wizards,0022400627,2025-03-19T00:00:00,WAS @ UTA,L,19.583333333333332,1.8,20.2,0.091,0.0,16.5,0.0,0.0,0.0,0.0,0.0,3.7,3.7,9.2,3.7,0.0,0.0,0.0,0.0,5.5,3.7,-1.8,18.2,0,0,16.5,1,13222,1,13222,16344,21688,2816,22599,15070,451,15070,13505,14344,13505,14058,14711,18135,1868,4611,12854,8263,8846,20257,3318,22702,13939,22002,2246,150,22488,1,19:35
2024-25,1630162,Anthony Edwards,Anthony,1610612750,MIN,Minnesota Timberwolves,0022401001,2025-03-19T00:00:00,MIN vs. NOP,L,37.71666666666667,4.8,18.1,0.263,3.8,9.5,0.4,14.3,16.2,0.882,1.9,3.8,5.7,3.8,1.9,1.0,1.0,1.9,0.0,7.6,27.7,-5.7,44.1,0,0,44.9,1,13222,1,13222,1557,15046,4528,20219,4387,4044,7874,194,261,6930,8776,14270,12943,10457,10996,12312,7788,3515,20257,1233,2898,15936,5619,2246,150,4328,1,37:43
2024-25,1631117,Walker Kessler,Walker,1610612762,UTA,Utah Jazz,0022400627,2025-03-19T00:00:00,UTA vs. WAS,W,15.25,7.1,18.9,0.375,2.4,14.2,0.167,0.0,0.0,0.0,4.7,7.1,11.8,4.7,0.0,2.4,2.4,2.4,7.1,0.0,16.5,4.7,51.9,0,0,44.9,1,1,13086,1,19408,8739,3861,16299,8627,882,14236,13505,14344,13505,2648,6212,3657,8129,16469,4829,2621,2308,1914,17725,11371,10269,2718,2246,150,4329,1,15:15
2024-25,1629023,P.J. Washington,P.J.,1610612742,DAL,Dallas Mavericks,0022400998,2025-03-19T00:00:00,DAL @ IND,L,38.38333333333333,8.4,16.9,0.5,1.9,5.6,0.333,5.6,9.4,0.6,0.0,4.7,4.7,0.0,2.8,0.9,0.0,1.9,2.8,7.5,24.4,-4.7,30.0,0,0,32.8,1,13222,1,13222,1170,5730,5937,8526,10740,11639,9209,3282,1673,10343,14058,11734,15595,19908,7169,12454,8263,3643,11582,1326,4559,15415,14786,2246,150,11784,1,38:23
2024-25,1642461,Spencer Jones,Spencer,1610612743,DEN,Denver Nuggets,0022401006,2025-03-19T00:00:00,DEN @ LAL,L,29.283333333333335,4.9,9.8,0.5,0.0,3.7,0.0,1.2,1.2,1.0,2.5,1.2,3.7,0.0,1.2,0.0,1.2,0.0,3.7,1.2,11.1,-8.6,17.9,0,0,17.2,1,13222,1,13222,8415,14641,17344,8526,15070,16246,15070,12504,13840,1,6753,21444,18101,19908,14236,12854,5997,8846,8130,16245,17128,17235,22116,2246,150,22212,1,29:17
2024-25,1631207,Dalen Terry,Dalen,1610612741,CHI,Chicago Bulls,0022401007,2025-03-19T00:00:00,CHI @ PHX,L,4.816666666666666,0.0,7.5,0.0,0.0,0.0,0.0,0.0,0.0,0.0,0.0,14.9,14.9,0.0,14.9,14.9,0.0,0.0,7.5,0.0,0.0,14.9,47.8,0,0,44.8,1,13222,1,13222,24081,22635,20967,22635,15070,20945,15070,13505,14344,13505,14058,582,1792,19908,112,47,8263,8846,1659,17725,23200,5645,4038,2246,150,4333,1,4:49
2024-25,1629638,Nickeil Alexander-Walker,Nickeil,1610612750,MIN,Minnesota Timberwolves,0022401001,2025-03-19T00:00:00,MIN vs. NOP,L,21.145,1.7,11.9,0.143,0.0,5.1,0.0,11.9,11.9,1.0,3.4,3.4,6.8,3.4,3.4,3.4,0.0,1.7,5.1,10.2,15.3,-1.7,35.4,0,0,32.3,1,13222,1,13222,15192,21897,13730,22260,15070,12927,15070,346,783,1,4534,15509,10507,11678,5220,2375,8263,4146,4359,379,12595,13877,10790,2246,150,12110,1,21:09
2024-25,1630583,Santi Aldama,Santi,1610612763,MEM,Memphis Grizzlies,0022401008,2025-03-19T00:00:00,MEM @ POR,L,26.708333333333332,8.1,13.5,0.6,2.7,5.4,0.5,2.7,4.0,0.667,1.3,5.4,6.7,1.3,0.0,0.0,0.0,0.0,0.0,2.7,21.6,-1.3,31.7,0,0,32.3,1,13222,1,13222,10562,6458,11037,5394,7554,12233,3944,8588,7750,9425,10988,9807,10654,18510,16469,12854,8263,8846,20257,10328,6582,13731,13566,2246,150,12109,1,26:43
2024-25,1630577,Julian Champagnie,Julian,1610612759,SAS,San Antonio Spurs,0022401003,2025-03-19T00:00:00,SAS vs. NYK,W,19.75,1.8,7.3,0.25,1.8,5.5,0.333,3.6,3.6,1.0,5.5,1.8,7.3,3.6,1.8,1.8,0.0,1.8,5.5,1.8,9.1,-3.6,27.0,0,0,25.5,1,1,13086,1,16221,21715,21218,20233,10979,12035,9209,6394,8592,1,1964,20184,9588,10950,11443,7141,8263,3821,3750,13836,18974,14870,16966,2246,150,17266,1,19:45
2024-25,1628998,Cody Martin,Cody,1610612756,PHX,Phoenix Suns,0022401007,2025-03-19T00:00:00,PHX vs. CHI,W,17.135,6.3,12.6,0.5,2.1,6.3,0.333,0.0,0.0,0.0,0.0,4.2,4.2,0.0,4.2,6.3,2.1,2.1,8.4,4.2,14.7,-12.6,40.8,0,0,37.8,1,1,13086,1,18174,10705,12560,8526,9680,9976,9209,13505,14344,13505,14058,13118,16804,19908,3502,412,3205,2922,1186,5837,13190,18982,7302,2246,150,8158,1,17:08
2024-25,1629052,Oshae Brissett,Oshae,1610612755,PHI,Philadelphia 76ers,0022401002,2025-03-19T00:00:00,PHI @ OKC,L,20.133333333333333,0.0,7.2,0.0,0.0,3.6,0.0,0.0,0.0,0.0,1.8,8.9,10.7,1.8,0.0,1.8,0.0,0.0,7.2,1.8,0.0,-26.8,20.9,0,0,16.1,1,13222,1,13222,15915,22635,21376,22635,15070,16493,15070,13505,14344,13505,9284,3578,4673,17120,16469,7303,8263,8846,1852,13972,23200,23204,20725,2246,150,22669,1,20:08
2024-25,1627783,Pascal Siakam,Pascal,1610612754,IND,Indiana Pacers,0022400998,2025-03-19T00:00:00,IND vs. DAL,W,33.605,11.8,17.1,0.688,3.2,4.3,0.75,4.3,5.4,0.8,0.0,1.1,1.1,5.4,3.2,1.1,1.1,0.0,4.3,3.2,31.1,4.3,43.6,0,0,45.0,1,1,13086,1,4638,1676,5652,3227,5919,14958,1542,5190,5376,7681,14058,21821,23123,6713,5785,11266,6975,8846,6328,8513,1765,10488,5852,2246,150,4278,1,33:36
2024-25,1631095,Jabari Smith Jr.,Jabari,1610612745,HOU,Houston Rockets,0022400999,2025-03-19T00:00:00,HOU @ ORL,W,25.69333333333333,5.6,8.4,0.667,1.4,4.2,0.333,5.6,5.6,1.0,2.8,1.4,4.2,2.8,2.8,2.8,2.8,0.0,1.4,5.6,18.2,16.8,41.5,0,0,37.8,1,1,13086,1,11415,12692,19632,3281,12449,15110,9209,3310,5041,1,5858,21077,16792,13580,7205,3687,1951,8846,17618,3186,9612,4968,6896,2246,150,8147,1,25:42
2024-25,1631106,Tari Eason,Tari,1610612745,HOU,Houston Rockets,0022400999,2025-03-19T00:00:00,HOU @ ORL,W,32.13333333333333,7.8,11.2,0.7,0.0,2.2,0.0,2.2,2.2,1.0,3.4,6.7,10.1,4.5,0.0,5.6,1.1,0.0,2.2,1.1,17.9,9.0,56.9,0,0,45.9,1,1,13086,1,5859,6981,15013,3045,15070,19098,15070,9804,11964,1,4614,6852,5342,8700,16469,602,6666,8846,13922,16820,9911,8196,1657,2246,150,3844,1,32:08
2024-25,1642348,Justin Edwards,Justin,1610612755,PHI,Philadelphia 76ers,0022401002,2025-03-19T00:00:00,PHI @ OKC,L,30.4,8.3,16.6,0.5,3.6,9.5,0.375,2.4,2.4,1.0,0.0,2.4,2.4,2.4,2.4,2.4,1.2,0.0,1.2,1.2,22.5,-18.9,37.2,0,0,37.9,1,13222,1,13222,7411,6006,6328,8526,5020,4137,8800,9409,11575,1,14058,18578,21065,14988,8777,4802,6276,8846,18629,16486,5850,21225,9548,2246,150,8084,1,30:24
2024-25,1641774,Tristan Vukcevic,Tristan,1610612764,WAS,Washington Wizards,0022400627,2025-03-19T00:00:00,WAS @ UTA,L,20.966666666666665,13.7,18.9,0.727,1.7,6.9,0.25,0.0,3.4,0.0,1.7,6.9,8.6,0.0,0.0,0.0,3.4,0.0,1.7,1.7,29.2,0.0,49.8,0,0,46.4,1,13222,1,13222,15314,778,3858,2666,11349,8734,11902,13505,9019,13505,9515,6585,7338,19908,16469,12854,1277,8846,16476,14217,2374,12240,3330,2246,150,3705,1,20:58
2024-25,1642269,Devin Carter,Devin,1610612758,SAC,Sacramento Kings,0022401009,2025-03-19T00:00:00,SAC vs. CLE,W,30.783333333333335,7.0,12.9,0.545,2.3,7.0,0.333,2.3,2.3,1.0,1.2,4.7,5.8,3.5,1.2,3.5,0.0,0.0,2.3,1.2,18.7,8.2,40.3,0,0,37.4,1,1,13086,1,7055,8885,12101,7695,8706,8428,9209,9493,11666,1,11999,11775,12644,11365,14665,2229,8263,8846,13486,16554,9114,8538,7542,2246,150,8415,1,30:47
2024-25,1641741,Ricky Council IV,Ricky,1610612755,PHI,Philadelphia 76ers,0022401002,2025-03-19T00:00:00,PHI @ OKC,L,24.416666666666668,1.5,16.2,0.091,0.0,11.8,0.0,2.9,5.9,0.5,0.0,5.9,5.9,4.4,2.9,0.0,0.0,1.5,1.5,4.4,5.9,-31.0,16.7,0,0,16.2,1,13222,1,13222,12550,22200,6807,22599,15070,1901,15070,7956,4609,10625,14058,8550,12534,8823,6643,12854,8263,4865,17326,5294,21457,23880,22607,2246,150,22627,1,24:25
2024-25,1628415,Dillon Brooks,Dillon,1610612745,HOU,Houston Rockets,0022400999,2025-03-19T00:00:00,HOU @ ORL,W,35.916666666666664,5.0,10.0,0.5,3.0,6.0,0.5,2.0,2.0,1.0,0.0,3.0,3.0,3.0,1.0,1.0,0.0,0.0,4.0,1.0,15.0,11.0,25.2,0,0,26.1,1,1,13086,1,2742,14351,17010,8526,6482,10659,3944,10632,12710,1,14058,16691,19706,12900,15829,11935,8263,8846,7113,17389,12868,7225,18173,2246,150,16890,1,35:55
2024-25,201935,James Harden,James,1610612746,LAC,LA Clippers,0022400997,2025-03-18T00:00:00,LAC vs. CLE,W,38.516666666666666,4.7,16.8,0.278,1.9,10.3,0.182,9.3,10.3,0.909,0.9,2.8,3.7,8.4,0.0,0.9,0.9,0.0,2.8,5.6,20.6,2.8,43.3,0,0,38.3,1,1,13086,1,1098,15306,6007,20025,10784,3179,14207,886,1265,6764,13748,17389,17965,2499,16469,12481,7924,8846,11632,3178,7435,11223,5998,2246,150,7813,1,38:31
2024-25,1630596,Evan Mobley,Evan,1610612739,CLE,Cleveland Cavaliers,0022400997,2025-03-18T00:00:00,CLE @ LAC,L,31.216666666666665,8.1,13.8,0.583,0.0,2.3,0.0,3.5,6.9,0.5,0.0,3.5,3.5,1.2,1.2,1.2,0.0,0.0,4.6,3.5,19.6,-31.1,27.8,0,0,26.5,1,13222,1,13222,6684,6482,10438,6296,15070,18971,15070,6777,3456,10625,14058,15353,18638,19172,14773,10554,8263,8846,5511,7780,8256,23913,16368,2246,150,16524,1,31:13
2024-25,1641764,Brandin Podziemski,Brandin,1610612744,GSW,Golden State Warriors,0022401012,2025-03-18T00:00:00,GSW vs. MIL,W,29.05,7.4,12.4,0.6,5.0,8.7,0.571,1.2,2.5,0.5,1.2,7.4,8.7,1.2,2.5,1.2,0.0,0.0,0.0,1.2,21.1,3.7,34.6,0,0,38.4,1,1,13086,1,8631,7923,12906,5394,2330,5306,3506,12476,11257,10625,11541,5608,7196,18885,8335,9871,8263,8846,20257,16184,7031,10798,11397,2246,150,7761,1,29:03
2024-25,1641733,Nick Smith Jr.,Nick,1610612766,CHA,Charlotte Hornets,0022400993,2025-03-18T00:00:00,CHA vs. ATL,L,27.133333333333333,5.3,17.2,0.308,0.0,6.6,0.0,4.0,5.3,0.75,2.7,4.0,6.6,5.3,2.7,0.0,0.0,1.3,1.3,1.3,14.6,2.7,27.9,0,0,26.5,1,13222,1,13222,10243,13511,5517,19226,15070,9245,15070,5726,5451,8186,6220,13784,10878,6801,7678,12854,8263,5512,17916,15777,13291,11295,16326,2246,150,16510,1,27:08
2024-25,1629645,Kevin Porter Jr.,Kevin,1610612749,MIL,Milwaukee Bucks,0022401012,2025-03-18T00:00:00,MIL @ GSW,L,15.0,2.4,9.6,0.25,0.0,4.8,0.0,0.0,0.0,0.0,0.0,12.0,12.0,4.8,2.4,2.4,0.0,2.4,2.4,2.4,4.8,-24.0,31.2,0,0,26.4,1,13222,1,13222,19560,20666,17768,20233,15070,13705,15070,13505,14344,13505,14058,1347,3485,7920,8654,4700,8263,2220,13205,11348,22130,22572,13900,2246,150,16621,1,15:00
2024-25,1630541,Moses Moody,Moses,1610612744,GSW,Golden State Warriors,0022401012,2025-03-18T00:00:00,GSW vs. MIL,W,24.536666666666665,2.9,13.2,0.222,1.5,7.3,0.2,2.9,2.9,1.0,2.9,7.3,10.3,4.4,0.0,0.0,0.0,1.5,2.9,2.9,10.3,0.0,29.2,0,0,26.4,1,1,13086,1,12447,19568,11471,21205,12176,7751,13429,8000,10133,1,5499,5771,5154,8876,16469,12854,8263,4901,11012,9478,17886,12240,15361,2246,150,16614,1,24:32
2024-25,1629660,Ty Jerome,Ty,1610612739,CLE,Cleveland Cavaliers,0022400997,2025-03-18T00:00:00,CLE @ LAC,L,19.516666666666666,7.4,16.6,0.444,0.0,7.4,0.0,3.7,9.2,0.4,0.0,0.0,0.0,7.4,0.0,0.0,0.0,0.0,0.0,7.4,18.4,-25.8,29.5,0,0,25.8,1,13222,1,13222,16401,8060,6298,13045,15070,7664,15070,6310,1755,13061,14058,22137,23286,3537,16469,12854,8263,8846,20257,1403,9370,22990,15139,2246,150,17051,1,19:31
2024-25,1631217,Moussa Diabaté,Moussa,1610612766,CHA,Charlotte Hornets,0022400993,2025-03-18T00:00:00,CHA vs. ATL,L,17.828333333333333,2.0,6.1,0.333,0.0,2.0,0.0,0.0,0.0,0.0,0.0,4.0,4.0,0.0,2.0,0.0,4.0,0.0,4.0,0.0,4.0,-14.1,19.0,0,0,16.2,1,13222,1,13222,17692,21375,22547,17395,15070,19519,15070,13505,14344,13505,14058,13603,17219,19908,10432,12854,899,8846,7031,17725,22536,19564,21651,2246,150,22652,1,17:50
2024-25,1631218,Trayce Jackson-Davis,Trayce,1610612744,GSW,Golden State Warriors,0022401012,2025-03-18T00:00:00,GSW vs. MIL,W,4.366666666666666,0.0,8.2,0.0,0.0,0.0,0.0,8.2,16.5,0.5,0.0,8.2,8.2,0.0,0.0,0.0,0.0,0.0,8.2,8.2,8.2,57.7,18.1,0,0,16.5,1,1,13086,1,24304,22635,19870,22635,15070,20945,15070,1302,243,10625,14058,4357,7863,19908,16469,12854,8263,8846,1248,910,19705,399,22036,2246,150,22510,1,4:22
2024-25,1641721,Maxwell Lewis,Maxwell,1610612751,BKN,Brooklyn Nets,0022400994,2025-03-18T00:00:00,BKN @ BOS,L,19.3,1.9,7.5,0.25,0.0,3.7,0.0,1.9,3.7,0.5,0.0,7.5,7.5,0.0,0.0,1.9,0.0,0.0,1.9,1.9,5.6,3.7,20.1,0,0,16.8,1,13222,1,13222,16572,21635,20988,20233,15070,16138,15070,11066,8410,10625,14058,5565,9247,19908,16469,6945,8263,8846,15861,13666,21668,10786,21085,2246,150,22388,1,19:18
2024-25,1628378,Donovan Mitchell,Donovan,1610612739,CLE,Cleveland Cavaliers,0022400997,2025-03-18T00:00:00,CLE @ LAC,L,33.55,5.4,19.3,0.278,2.1,9.7,0.222,6.4,6.4,1.0,1.1,3.2,4.3,11.8,2.1,0.0,0.0,2.1,1.1,3.2,19.3,-20.4,40.0,1,0,37.6,1,13222,1,13222,4683,13355,3486,20025,9481,3903,13288,2461,3951,1,12697,16024,16555,760,9747,12854,8263,2778,19255,8491,8540,21666,7750,1,150,8326,1,33:33
2024-25,1629622,Max Strus,Max,1610612739,CLE,Cleveland Cavaliers,0022400997,2025-03-18T00:00:00,CLE @ LAC,L,26.39,10.9,16.4,0.667,6.8,10.9,0.625,4.1,4.1,1.0,2.7,2.7,5.5,1.4,0.0,0.0,0.0,0.0,4.1,5.5,32.7,-2.7,41.3,0,0,46.4,1,13222,1,13222,10827,2339,6586,3281,833,2577,2868,5539,7649,1,6037,17614,13656,18455,16469,12854,8263,8846,6867,3405,1374,14420,6973,2246,150,3702,1,26:23
2024-25,203992,Bogdan Bogdanović,Bogdan,1610612746,LAC,LA Clippers,0022400997,2025-03-18T00:00:00,LAC vs. CLE,W,29.45,9.8,9.8,1.0,4.9,4.9,1.0,0.0,0.0,0.0,0.0,4.9,4.9,8.6,2.4,1.2,0.0,0.0,3.7,1.2,24.4,23.2,44.4,0,0,45.2,1,1,13086,1,8267,3502,17425,1,2422,13466,1,13505,14344,13505,14058,11185,15092,2377,8467,9994,8263,8846,8199,16284,4522,3211,5479,2246,150,4146,1,29:27
2024-25,1626156,D'Angelo Russell,D'Angelo,1610612751,BKN,Brooklyn Nets,0022400994,2025-03-18T00:00:00,BKN @ BOS,L,28.7,7.5,22.6,0.333,5.0,16.3,0.308,2.5,3.8,0.667,1.3,5.0,6.3,8.8,2.5,1.3,0.0,1.3,1.3,2.5,22.6,-12.5,44.5,0,0,45.2,1,13222,1,13222,8920,7695,1553,17395,2254,478,11292,9023,8340,9425,11460,10829,11675,2195,8212,9764,8263,5908,18250,10961,5802,18960,5408,2246,150,4177,1,28:42
2024-25,1630249,Vít Krejčí,Vít,1610612737,ATL,Atlanta Hawks,0022400993,2025-03-18T00:00:00,ATL @ CHA,W,30.733333333333334,1.2,4.7,0.25,1.2,4.7,0.25,2.3,2.3,1.0,1.2,3.5,4.7,2.3,0.0,0.0,1.2,0.0,2.3,2.3,5.9,5.9,18.5,0,0,16.4,1,1,13086,1,7100,22517,23691,20233,13526,13992,11902,9473,11649,1,11986,15194,15604,15074,16469,12854,6352,8846,13468,11573,21485,9680,21884,2246,150,22550,1,30:44
2024-25,201950,Jrue Holiday,Jrue,1610612738,BOS,Boston Celtics,0022400994,2025-03-18T00:00:00,BOS vs. BKN,W,37.88333333333333,4.8,13.3,0.357,0.0,4.8,0.0,1.9,1.9,1.0,1.0,4.8,5.7,7.6,1.9,2.9,1.0,0.0,1.9,1.9,11.4,12.4,39.2,0,0,32.3,1,1,13086,1,1453,15110,11295,17140,15070,13833,15070,10946,12973,1,13646,11568,13015,3282,11037,3549,7827,8846,15667,13507,16788,6655,8295,2246,150,12136,1,37:53
2024-25,1627732,Ben Simmons,Ben,1610612746,LAC,LA Clippers,0022400997,2025-03-18T00:00:00,LAC vs. CLE,W,12.7,0.0,2.8,0.0,0.0,0.0,0.0,0.0,0.0,0.0,2.8,2.8,5.7,5.7,2.8,2.8,0.0,0.0,2.8,0.0,0.0,48.2,21.0,0,0,17.0,1,1,13086,1,20897,22635,24546,22635,15070,20945,15070,13505,14344,13505,5768,17284,13106,6100,7091,3584,8263,8846,11484,17725,23200,598,20703,2246,150,22299,1,12:42
2024-25,1631111,Wendell Moore Jr.,Wendell,1610612766,CHA,Charlotte Hornets,0022400993,2025-03-18T00:00:00,CHA vs. ATL,L,21.133333333333333,6.8,13.6,0.5,0.0,5.1,0.0,5.1,8.5,0.6,3.4,6.8,10.2,5.1,1.7,1.7,0.0,1.7,0.0,6.8,18.7,-13.6,42.1,0,0,37.5,1,13222,1,13222,15195,9387,10779,8526,15070,12921,15070,3870,2177,10343,4527,6680,5206,7224,11902,7596,8263,4140,20257,1806,9095,19345,6577,2246,150,8382,1,21:08
2024-25,1630553,Keon Johnson,Keon,1610612751,BKN,Brooklyn Nets,0022400994,2025-03-18T00:00:00,BKN @ BOS,L,23.05,7.8,18.7,0.417,4.7,9.4,0.5,0.0,0.0,0.0,0.0,4.7,4.7,1.6,1.6,3.1,0.0,4.7,6.2,0.0,20.3,-15.6,36.1,0,0,37.5,1,13222,1,13222,13682,7045,3977,14532,2749,4288,3944,13505,14344,13505,14058,11744,15604,17761,12498,2881,8263,441,2659,17725,7655,20126,10312,2246,150,8374,1,23:03
2024-25,1629631,De'Andre Hunter,De'Andre,1610612739,CLE,Cleveland Cavaliers,0022400997,2025-03-18T00:00:00,CLE @ LAC,L,20.01,12.6,18.0,0.7,5.4,10.8,0.5,0.0,1.8,0.0,0.0,1.8,1.8,0.0,0.0,0.0,0.0,0.0,7.2,1.8,30.6,-5.4,32.7,0,0,37.8,1,13222,1,13222,16010,1204,4705,3045,1855,2681,3944,13505,13194,13505,14058,20246,22161,19908,16469,12854,8263,8846,1828,13942,1901,15782,12766,2246,150,8182,1,20:01
2024-25,1630570,Trendon Watford,Trendon,1610612751,BKN,Brooklyn Nets,0022400994,2025-03-18T00:00:00,BKN @ BOS,L,19.9,9.0,16.3,0.556,0.0,3.6,0.0,1.8,5.4,0.333,0.0,0.0,0.0,7.2,3.6,1.8,0.0,0.0,5.4,3.6,19.9,-5.4,32.6,0,0,30.8,1,13222,1,13222,16094,4618,6714,7248,15070,16398,15070,11220,5276,13132,14058,22137,23286,3707,4742,7208,8263,8846,3802,7339,7998,15797,12905,2246,150,13355,1,19:54
2024-25,1641878,Damion Baugh,Damion,1610612766,CHA,Charlotte Hornets,0022400993,2025-03-18T00:00:00,CHA vs. ATL,L,33.05,4.4,12.0,0.364,1.1,3.3,0.333,2.2,2.2,1.0,1.1,8.7,9.8,5.4,3.3,1.1,0.0,1.1,2.2,2.2,12.0,-21.8,31.9,0,0,30.5,1,13222,1,13222,5110,16182,13620,16861,14009,17139,9209,10034,12156,1,12557,3821,5671,6543,5609,11110,8263,7151,14198,12252,16163,22023,13391,2246,150,13547,1,33:03
2024-25,1627752,Taurean Prince,Taurean,1610612749,MIL,Milwaukee Bucks,0022401012,2025-03-18T00:00:00,MIL @ GSW,L,32.2,2.2,4.5,0.5,2.2,3.4,0.667,0.0,0.0,0.0,1.1,7.8,8.9,1.1,3.4,1.1,0.0,1.1,3.4,2.2,6.7,6.7,19.1,0,0,21.2,1,13222,1,13222,5800,20975,23822,8526,9093,16960,1957,13505,14344,13505,12345,4974,6828,19301,5349,10878,8263,6889,9237,12003,20916,9287,21586,2246,150,20138,1,32:12
2024-25,1630573,Sam Hauser,Sam,1610612738,BOS,Boston Celtics,0022400994,2025-03-18T00:00:00,BOS vs. BKN,W,29.333333333333332,3.7,9.8,0.375,2.5,8.6,0.286,0.0,0.0,0.0,0.0,8.6,8.6,0.0,0.0,0.0,0.0,0.0,4.9,0.0,9.8,-8.6,20.1,0,0,20.9,1,1,13086,1,8364,17887,17365,16299,8305,5434,11433,13505,14344,13505,14058,3952,7329,19908,16469,12854,8263,8846,4818,17725,18338,17226,21096,2246,150,20361,1,29:20
2024-25,203081,Damian Lillard,Damian,1610612749,MIL,Milwaukee Bucks,0022401012,2025-03-18T00:00:00,MIL @ GSW,L,38.2,5.7,17.0,0.333,1.9,8.5,0.222,1.9,3.8,0.5,0.0,2.8,2.8,3.8,1.9,0.9,0.9,1.9,1.9,5.7,15.1,-7.5,27.9,0,0,27.3,1,13222,1,13222,1272,12549,5840,17395,10698,5616,13288,11005,8322,10625,14058,17309,20175,10590,11128,12422,7878,3610,15767,3113,12825,16754,16303,2246,150,15924,1,38:12
2024-25,1630533,Ziaire Williams,Ziaire,1610612751,BKN,Brooklyn Nets,0022400994,2025-03-18T00:00:00,BKN @ BOS,L,28.1,6.4,14.1,0.455,3.8,9.0,0.429,2.6,2.6,1.0,1.3,3.8,5.1,0.0,1.3,1.3,0.0,0.0,6.4,3.8,19.2,-6.4,27.9,0,0,30.7,1,13222,1,13222,9459,10424,10021,12676,4332,4879,7394,8898,11063,1,11285,14195,14450,19908,13898,9574,8263,8846,2486,6730,8635,16249,16276,2246,150,13359,1,28:06
2024-25,1629611,Terance Mann,Terance,1610612737,ATL,Atlanta Hawks,0022400993,2025-03-18T00:00:00,ATL @ CHA,W,22.18166666666667,8.1,13.0,0.625,3.2,4.9,0.667,0.0,0.0,0.0,1.6,4.9,6.5,3.2,0.0,0.0,1.6,3.2,1.6,3.2,19.5,1.6,37.0,0,0,35.7,1,1,13086,1,14367,6376,11885,4899,5831,13510,1957,13505,14344,13505,9830,11241,11196,12161,16469,12854,4497,1107,16801,8419,8399,11824,9695,2246,150,9570,1,22:11
2024-25,1628386,Jarrett Allen,Jarrett,1610612739,CLE,Cleveland Cavaliers,0022400997,2025-03-18T00:00:00,CLE @ LAC,L,31.783333333333335,4.5,7.9,0.571,0.0,0.0,0.0,0.0,2.3,0.0,3.4,5.7,9.1,1.1,0.0,1.1,0.0,1.1,2.3,5.7,9.1,9.1,25.0,0,0,21.5,1,13222,1,13222,6172,15677,20374,6538,15070,20945,15070,13505,11884,13505,4544,9134,6644,19252,16469,10738,8263,6766,13800,3091,19019,8146,18267,2246,150,19946,1,31:47
2024-25,1642366,Quinten Post,Quinten,1610612744,GSW,Golden State Warriors,0022401012,2025-03-18T00:00:00,GSW vs. MIL,W,23.113333333333333,7.8,15.6,0.5,6.2,14.0,0.444,0.0,0.0,0.0,1.6,4.7,6.2,4.7,4.7,1.6,0.0,0.0,7.8,0.0,21.8,14.0,36.3,0,0,42.1,1,1,13086,1,13628,7091,7727,8526,1145,920,7211,13505,14344,13505,10095,11797,11756,8253,2754,8164,8263,8846,1466,17725,6377,6001,10170,2246,150,5611,1,23:07
2024-25,1631213,Tyrese Martin,Tyrese,1610612751,BKN,Brooklyn Nets,0022400994,2025-03-18T00:00:00,BKN @ BOS,L,19.3,5.6,9.3,0.6,1.9,5.6,0.333,3.7,3.7,1.0,0.0,5.6,5.6,1.9,0.0,1.9,0.0,0.0,3.7,3.7,16.8,3.7,31.9,0,0,29.8,1,13222,1,13222,16572,12714,18236,5394,10805,11735,9209,6218,8410,1,14058,9304,13296,16876,16469,6945,8263,8846,7969,7048,11085,10786,13406,2246,150,14066,1,19:18
2024-25,1629661,Cameron Johnson,Cameron,1610612751,BKN,Brooklyn Nets,0022400994,2025-03-18T00:00:00,BKN @ BOS,L,28.7,5.0,11.3,0.444,1.3,6.3,0.2,2.5,3.8,0.667,1.3,1.3,2.5,5.0,0.0,2.5,1.3,0.0,2.5,1.3,13.8,-12.5,35.6,0,0,30.1,1,13222,1,13222,8920,14334,14846,13045,13074,10040,13429,9023,8340,9425,11460,21388,20797,7423,16469,4361,5881,8846,12766,16109,14163,18960,10633,2246,150,13862,1,28:42
2024-25,1630228,Jonathan Kuminga,Jonathan,1610612744,GSW,Golden State Warriors,0022401012,2025-03-18T00:00:00,GSW vs. MIL,W,23.783333333333335,3.0,15.1,0.2,0.0,3.0,0.0,9.1,9.1,1.0,1.5,1.5,3.0,3.0,3.0,0.0,0.0,3.0,6.1,4.5,15.1,-16.7,20.3,0,0,21.2,1,1,13086,1,13086,19365,8369,21401,15070,17594,15070,975,1827,1,10258,20849,19642,12838,6364,12854,8263,1304,2868,5055,12772,20496,21034,2246,150,20160,1,23:47
2024-25,1627741,Buddy Hield,Buddy,1610612744,GSW,Golden State Warriors,0022401012,2025-03-18T00:00:00,GSW vs. MIL,W,23.5,7.7,10.7,0.714,6.1,9.2,0.667,1.5,1.5,1.0,0.0,9.2,9.2,0.0,3.1,1.5,0.0,0.0,3.1,0.0,23.0,16.9,35.5,0,0,41.4,1,1,13086,1,13305,7353,15847,2752,1210,4544,1957,11730,13456,1,14058,3313,6457,19908,6246,8269,8263,8846,10417,17725,5491,4957,10702,2246,150,5994,1,23:30
2024-25,1628398,Kyle Kuzma,Kyle,1610612749,MIL,Milwaukee Bucks,0022401012,2025-03-18T00:00:00,MIL @ GSW,L,37.11666666666667,6.8,15.5,0.438,4.8,12.6,0.385,2.9,2.9,1.0,0.0,1.9,1.9,1.9,1.0,0.0,0.0,0.0,3.9,1.9,21.3,-7.8,25.6,0,0,30.1,1,13222,1,13222,1911,9444,7799,13558,2493,1470,8766,8062,10206,1,14058,19861,21933,16609,16026,12854,8263,8846,7514,13366,6781,16861,17877,2246,150,13897,1,37:07
2024-25,201572,Brook Lopez,Brook,1610612749,MIL,Milwaukee Bucks,0022401012,2025-03-18T00:00:00,MIL @ GSW,L,32.983333333333334,7.6,10.9,0.7,2.2,4.4,0.5,0.0,0.0,0.0,1.1,3.3,4.4,1.1,0.0,1.1,0.0,0.0,0.0,0.0,17.5,-6.5,27.6,0,0,27.3,1,13222,1,13222,5158,7411,15506,3045,9304,14771,3944,13505,14344,13505,12541,15872,16371,19377,16469,11091,8263,8846,20257,17725,10360,16311,16492,2246,150,15963,1,32:59
2024-25,203507,Giannis Antetokounmpo,Giannis,1610612749,MIL,Milwaukee Bucks,0022401012,2025-03-18T00:00:00,MIL @ GSW,L,38.88333333333333,4.6,14.8,0.313,0.0,0.9,0.0,9.3,13.9,0.667,1.9,6.5,8.3,6.5,0.9,2.8,1.9,1.9,1.9,9.3,18.5,-6.5,51.2,0,0,42.6,1,13222,1,13222,922,15422,8884,19175,15070,20919,15070,925,466,9425,9036,7351,7717,4745,16260,3737,3927,3734,15936,581,9308,16283,2930,2246,150,5356,1,38:53
2024-25,202710,Jimmy Butler III,Jimmy,1610612744,GSW,Golden State Warriors,0022401012,2025-03-18T00:00:00,GSW vs. MIL,W,36.983333333333334,5.8,12.7,0.462,1.0,3.9,0.25,10.7,10.7,1.0,1.9,5.8,7.8,9.7,4.9,0.0,0.0,1.0,1.9,5.8,23.4,13.6,42.4,1,0,41.9,1,1,13086,1,1997,11987,12476,12428,14689,15809,11902,533,1109,1,8635,8693,8640,1570,2504,12854,8263,8157,15428,2831,5233,6155,6404,1,150,5726,1,36:59
2024-25,1627780,Gary Payton II,Gary,1610612744,GSW,Golden State Warriors,0022401012,2025-03-18T00:00:00,GSW vs. MIL,W,17.45,6.2,14.4,0.429,4.1,10.3,0.4,0.0,0.0,0.0,0.0,0.0,0.0,2.1,0.0,2.1,0.0,0.0,2.1,0.0,16.5,14.4,25.8,0,0,26.8,1,1,13086,1,17959,10993,9447,13735,3724,3140,7874,13505,14344,13505,14058,22137,23286,16144,16469,5945,8263,8846,14796,17725,11387,5845,17759,2246,150,16304,1,17:27
2024-25,1629610,DaQuan Jeffries,DaQuan,1610612766,CHA,Charlotte Hornets,0022400993,2025-03-18T00:00:00,CHA vs. ATL,L,32.138333333333335,9.0,13.4,0.667,3.4,5.6,0.6,0.0,0.0,0.0,3.4,2.2,5.6,1.1,2.2,0.0,2.2,1.1,4.5,1.1,21.3,-35.8,34.2,0,0,35.8,1,13222,1,13222,5858,4789,11099,3281,5487,11722,2992,13505,14344,13505,4616,18951,13286,19294,9351,12854,2862,6875,5824,16822,6841,24507,11677,2246,150,9487,1,32:08
2024-25,1629651,Nic Claxton,Nic,1610612751,BKN,Brooklyn Nets,0022400994,2025-03-18T00:00:00,BKN @ BOS,L,28.7,3.8,7.5,0.5,0.0,0.0,0.0,0.0,0.0,0.0,1.3,10.0,11.3,2.5,0.0,0.0,0.0,1.3,1.3,0.0,7.5,-12.5,24.8,0,0,21.3,1,13222,1,13222,8920,17661,20887,8526,15070,20945,15070,13505,14344,13505,11460,2551,4149,14514,16469,12854,8263,5908,18250,17725,20296,18960,18395,2246,150,20088,1,28:42
2024-25,1641854,Craig Porter Jr.,Craig,1610612739,CLE,Cleveland Cavaliers,0022400997,2025-03-18T00:00:00,CLE @ LAC,L,1.2833333333333334,0.0,0.0,0.0,0.0,0.0,0.0,0.0,0.0,0.0,0.0,0.0,0.0,0.0,0.0,0.0,0.0,0.0,0.0,0.0,0.0,0.0,0.0,0,0,0.0,1,13222,1,13222,25922,22635,24836,22635,15070,20945,15070,13505,14344,13505,14058,22137,23286,19908,16469,12854,8263,8846,20257,17725,23200,12240,25228,2246,150,25259,1,1:17
2024-25,1629750,Javonte Green,Javonte,1610612739,CLE,Cleveland Cavaliers,0022400997,2025-03-18T00:00:00,CLE @ LAC,L,1.2833333333333334,0.0,0.0,0.0,0.0,0.0,0.0,0.0,0.0,0.0,0.0,0.0,0.0,0.0,0.0,0.0,0.0,0.0,0.0,0.0,0.0,0.0,0.0,0,0,0.0,1,13222,1,13222,25922,22635,24836,22635,15070,20945,15070,13505,14344,13505,14058,22137,23286,19908,16469,12854,8263,8846,20257,17725,23200,12240,25228,2246,150,25259,1,1:17
2024-25,1630182,Josh Green,Josh,1610612766,CHA,Charlotte Hornets,0022400993,2025-03-18T00:00:00,CHA vs. ATL,L,19.7,1.8,11.0,0.167,0.0,5.5,0.0,0.0,0.0,0.0,0.0,3.7,3.7,5.5,5.5,0.0,0.0,0.0,3.7,0.0,3.7,-43.9,10.8,0,0,12.8,1,13222,1,13222,16262,21710,15414,21938,15070,11995,15070,13505,14344,13505,14058,14772,18188,6462,1825,12854,8263,8846,8244,17725,22716,25112,24288,2246,150,23780,1,19:42
2024-25,1630202,Payton Pritchard,Payton,1610612738,BOS,Boston Celtics,0022400994,2025-03-18T00:00:00,BOS vs. BKN,W,33.61666666666667,3.2,9.6,0.333,3.2,7.5,0.429,1.1,1.1,1.0,1.1,3.2,4.3,2.1,0.0,0.0,0.0,1.1,0.0,2.1,10.7,15.0,19.1,0,0,20.3,1,1,13086,1,4618,18967,17695,17395,5921,7414,7394,12997,14084,1,12707,16045,16578,15854,16469,12854,8263,7300,20257,12433,17467,5630,21607,2246,150,20664,1,33:37
2024-25,1628401,Derrick White,Derrick,1610612738,BOS,Boston Celtics,0022400994,2025-03-18T00:00:00,BOS vs. BKN,W,33.4,6.5,20.5,0.316,3.2,11.9,0.273,3.2,3.2,1.0,0.0,5.4,5.4,4.3,4.3,0.0,1.1,1.1,3.2,3.2,19.4,2.2,31.3,0,0,34.5,1,1,13086,1,4812,10270,2651,19148,5862,1862,11838,7248,9449,1,14058,9811,13836,9092,3293,12854,6926,7246,9723,8444,8468,11535,13861,2246,150,10458,1,33:24
2024-25,1627739,Kris Dunn,Kris,1610612746,LAC,LA Clippers,0022400997,2025-03-18T00:00:00,LAC vs. CLE,W,17.066666666666666,0.0,4.2,0.0,0.0,4.2,0.0,4.2,4.2,1.0,0.0,2.1,2.1,0.0,2.1,0.0,2.1,0.0,8.4,2.1,4.2,-14.8,11.0,0,0,10.5,1,1,13086,1,18215,22635,23981,22635,15070,15074,15070,5312,7377,1,14058,19337,21592,19908,9956,12854,3178,8846,1162,12572,22454,19809,24248,2246,150,24324,1,17:04
2024-25,203552,Seth Curry,Seth,1610612766,CHA,Charlotte Hornets,0022400993,2025-03-18T00:00:00,CHA vs. ATL,L,25.4,8.5,15.6,0.545,5.7,8.5,0.667,4.3,4.3,1.0,0.0,0.0,0.0,1.4,0.0,0.0,0.0,1.4,1.4,2.8,26.9,-38.3,29.1,0,0,34.0,1,13222,1,13222,11651,5605,7709,7695,1588,5575,1957,5255,7313,1,14058,22137,23286,18282,16469,12854,8263,5116,17553,9845,3238,24724,15450,2246,150,10833,1,25:24
2024-25,1642281,Jaylon Tyson,Jaylon,1610612739,CLE,Cleveland Cavaliers,0022400997,2025-03-18T00:00:00,CLE @ LAC,L,1.2833333333333334,0.0,0.0,0.0,0.0,0.0,0.0,0.0,0.0,0.0,0.0,0.0,0.0,0.0,0.0,0.0,0.0,0.0,0.0,0.0,0.0,0.0,0.0,0,0,0.0,1,13222,1,13222,25922,22635,24836,22635,15070,20945,15070,13505,14344,13505,14058,22137,23286,19908,16469,12854,8263,8846,20257,17725,23200,12240,25228,2246,150,25259,1,1:17
2024-25,1631109,Mark Williams,Mark,1610612766,CHA,Charlotte Hornets,0022400993,2025-03-18T00:00:00,CHA vs. ATL,L,22.833333333333332,1.6,4.7,0.333,0.0,0.0,0.0,3.2,3.2,1.0,1.6,6.3,7.9,7.9,4.7,3.2,3.2,0.0,1.6,3.2,6.3,-37.8,41.8,0,0,34.7,1,13222,1,13222,13849,22067,23656,17395,15070,20945,15070,7428,9604,1,10014,7684,8489,3011,2677,2825,1517,8846,16937,8716,21181,24680,6734,2246,150,10306,1,22:50
2024-25,1630585,Marcus Garrett,Marcus,1610612766,CHA,Charlotte Hornets,0022400993,2025-03-18T00:00:00,CHA vs. ATL,L,24.233333333333334,7.4,14.9,0.5,1.5,4.5,0.333,1.5,3.0,0.5,0.0,4.5,4.5,4.5,3.0,4.5,1.5,3.0,3.0,1.5,17.8,-20.8,44.7,0,0,40.1,1,13222,1,13222,12695,7937,8812,8526,12096,14558,9209,11821,10043,10625,14058,12385,16158,8755,6586,1254,4903,1375,10843,15058,10003,21779,5323,2246,150,6719,1,24:14
2024-25,203994,Jusuf Nurkić,Jusuf,1610612766,CHA,Charlotte Hornets,0022400993,2025-03-18T00:00:00,CHA vs. ATL,L,16.55,8.7,15.2,0.571,2.2,2.2,1.0,4.4,6.5,0.667,2.2,2.2,4.4,0.0,0.0,0.0,2.2,2.2,2.2,8.7,23.9,-13.1,35.7,0,0,34.8,1,13222,1,13222,18569,5266,8205,6538,9329,19212,1,5068,3854,9425,7669,19144,16405,19908,16469,12854,3000,2700,14218,753,4852,19146,10596,2246,150,10225,1,16:33
2024-25,1630311,Pat Spencer,Pat,1610612744,GSW,Golden State Warriors,0022401012,2025-03-18T00:00:00,GSW vs. MIL,W,6.3,5.7,11.4,0.5,0.0,0.0,0.0,0.0,0.0,0.0,0.0,11.4,11.4,0.0,0.0,5.7,0.0,0.0,0.0,0.0,11.4,40.0,42.3,0,0,34.3,1,1,13086,1,23456,12371,14607,8526,15070,20945,15070,13505,14344,13505,14058,1682,4029,19908,16469,564,8263,8846,20257,17725,16749,984,6480,2246,150,10617,1,6:18
2024-25,1631243,Mouhamed Gueye,Mouhamed,1610612737,ATL,Atlanta Hawks,0022400993,2025-03-18T00:00:00,ATL @ CHA,W,23.483333333333334,1.5,9.2,0.167,1.5,7.7,0.2,1.5,3.1,0.5,1.5,3.1,4.6,1.5,0.0,3.1,0.0,1.5,3.1,1.5,6.1,32.2,23.1,0,0,19.9,1,1,13086,1,13320,22130,18408,21938,11917,7057,13429,11726,9805,10625,10181,16503,15810,17861,16469,3010,8263,4650,10406,14862,21298,1710,19464,2246,150,20896,1,23:29
2024-25,1631260,AJ Green,AJ,1610612749,MIL,Milwaukee Bucks,0022401012,2025-03-18T00:00:00,MIL @ GSW,L,14.2,0.0,5.1,0.0,0.0,5.1,0.0,2.5,5.1,0.5,0.0,5.1,5.1,0.0,2.5,2.5,0.0,0.0,5.1,2.5,2.5,-12.7,13.7,0,0,12.7,1,13222,1,13222,20077,22635,23410,22635,15070,13024,15070,8946,5798,10625,14058,10663,14603,19908,8097,4285,8263,8846,4446,10857,23067,19005,23575,2246,150,23815,1,14:12
2024-25,1630241,Sam Merrill,Sam,1610612739,CLE,Cleveland Cavaliers,0022400997,2025-03-18T00:00:00,CLE @ LAC,L,13.866666666666667,2.6,7.8,0.333,2.6,7.8,0.333,0.0,0.0,0.0,2.6,0.0,2.6,0.0,2.6,0.0,0.0,0.0,5.2,0.0,7.8,-44.1,8.3,0,0,13.0,1,13222,1,13222,20260,20282,20548,17395,7841,6819,9209,13505,14344,13505,6356,22137,20645,19908,7895,12854,8263,8846,4208,17725,20091,25129,24660,2246,150,23724,1,13:52
2024-25,204001,Kristaps Porziņģis,Kristaps,1610612738,BOS,Boston Celtics,0022400994,2025-03-18T00:00:00,BOS vs. BKN,W,29.145,11.1,16.1,0.692,1.2,4.9,0.25,7.4,9.9,0.75,2.5,13.6,16.1,3.7,4.9,1.2,3.7,0.0,0.0,9.9,30.9,14.8,65.6,1,0,61.8,1,1,13086,1,8551,2170,7041,3171,13176,13343,11902,1726,1418,8186,6714,850,1412,10774,2411,9909,1079,8846,20257,437,1810,5700,660,1,150,667,1,29:09
2024-25,1627826,Ivica Zubac,Ivica,1610612746,LAC,LA Clippers,0022400997,2025-03-18T00:00:00,LAC vs. CLE,W,35.3,13.3,18.4,0.722,0.0,0.0,0.0,2.0,5.1,0.4,8.2,12.2,20.4,1.0,1.0,0.0,1.0,0.0,3.1,3.1,28.6,-4.1,56.6,1,0,52.0,1,1,13086,1,3234,919,4324,2738,15070,20945,15070,10490,5757,13061,731,1255,480,19619,15713,12854,7347,8846,10434,9034,2582,15107,1708,1,150,2040,1,35:18
2024-25,1631230,Dominick Barlow,Dominick,1610612737,ATL,Atlanta Hawks,0022400993,2025-03-18T00:00:00,ATL @ CHA,W,20.883333333333333,10.3,19.0,0.545,0.0,1.7,0.0,0.0,0.0,0.0,5.2,5.2,10.3,1.7,1.7,1.7,3.4,1.7,6.9,0.0,20.7,-5.2,49.5,0,0,43.1,1,1,13086,1,15366,2874,3785,7695,15070,20016,15070,13505,14344,13505,2222,10352,5067,17296,11824,7532,1267,4084,2062,17725,7327,15683,3430,2246,150,5091,1,20:53
2024-25,1629636,Darius Garland,Darius,1610612739,CLE,Cleveland Cavaliers,0022400997,2025-03-18T00:00:00,CLE @ LAC,L,31.783333333333335,6.8,15.9,0.429,2.3,6.8,0.333,3.4,3.4,1.0,2.3,3.4,5.7,9.1,2.3,2.3,0.0,1.1,1.1,5.7,19.3,9.1,44.2,0,0,40.8,1,13222,1,13222,6172,9430,7333,13735,8989,8905,9209,6900,9094,1,7364,15527,13125,1972,9232,5165,8263,6766,18901,3091,8589,8146,5589,2246,150,6344,1,31:47
2024-25,1642258,Zaccharie Risacher,Zaccharie,1610612737,ATL,Atlanta Hawks,0022400993,2025-03-18T00:00:00,ATL @ CHA,W,23.566666666666666,10.7,22.9,0.467,7.6,13.7,0.556,3.1,3.1,1.0,1.5,10.7,12.2,3.1,1.5,0.0,1.5,3.1,0.0,1.5,32.1,39.7,54.4,0,0,58.0,1,1,13086,1,13257,2511,1415,12249,544,1007,3747,7658,9827,1,10199,2077,3328,12740,12622,12854,4752,1279,20257,14883,1510,998,2121,2246,150,1019,1,23:34
2024-25,202695,Kawhi Leonard,Kawhi,1610612746,LAC,LA Clippers,0022400997,2025-03-18T00:00:00,LAC vs. CLE,W,35.3,12.2,19.4,0.632,5.1,6.1,0.833,4.1,4.1,1.0,1.0,6.1,7.1,4.1,2.0,4.1,0.0,0.0,2.0,7.1,33.7,9.2,58.5,0,0,58.1,1,1,13086,1,3234,1384,3438,4871,2154,10388,1341,5559,7670,1,13093,8053,9882,9706,10300,1559,8263,8846,14919,1554,1190,8100,1405,2246,150,1010,1,35:18
2024-25,1629027,Trae Young,Trae,1610612737,ATL,Atlanta Hawks,0022400993,2025-03-18T00:00:00,ATL @ CHA,W,30.5,13.0,23.6,0.55,5.9,10.6,0.556,4.7,4.7,1.0,0.0,2.4,2.4,9.4,4.7,3.5,0.0,2.4,3.5,4.7,36.6,37.8,59.5,0,0,61.4,1,1,13086,1,7321,1042,1186,7655,1375,2858,3747,4479,6441,1,14058,18594,21078,1732,2692,2194,8263,2308,8631,4680,743,1139,1257,2246,150,699,1,30:30
2024-25,1630700,Dyson Daniels,Dyson,1610612737,ATL,Atlanta Hawks,0022400993,2025-03-18T00:00:00,ATL @ CHA,W,27.6,13.0,15.7,0.833,1.3,2.6,0.5,1.3,3.9,0.333,2.6,6.5,9.1,9.1,3.9,3.9,1.3,0.0,0.0,5.2,28.7,32.6,65.1,0,0,58.7,1,1,13086,1,9868,1018,7621,1514,12841,18436,3944,12288,8020,13132,6322,7260,6538,1913,4060,1726,5626,8846,20257,3752,2529,1669,693,2246,150,943,1,27:36
2024-25,1630168,Onyeka Okongwu,Onyeka,1610612737,ATL,Atlanta Hawks,0022400993,2025-03-18T00:00:00,ATL @ CHA,W,27.116666666666667,6.6,13.3,0.5,4.0,8.0,0.5,2.7,2.7,1.0,2.7,10.6,13.3,4.0,1.3,4.0,0.0,0.0,5.3,1.3,19.9,46.5,52.4,1,0,49.1,1,1,13086,1,10256,9850,11349,8526,4025,6511,3944,8674,10848,1,6213,2137,2620,9975,13679,1655,8263,8846,4006,15772,7986,654,2603,1,150,2793,1,27:07
2024-25,1631248,Baylor Scheierman,Baylor,1610612738,BOS,Boston Celtics,0022400994,2025-03-18T00:00:00,BOS vs. BKN,W,15.916666666666666,15.8,18.1,0.875,13.6,15.8,0.857,0.0,0.0,0.0,4.5,2.3,6.8,2.3,0.0,4.5,0.0,0.0,2.3,0.0,45.2,9.0,70.3,0,0,76.9,1,1,13086,1,18986,373,4569,1353,95,545,1329,13505,14344,13505,2896,18883,10561,15379,16469,1211,8263,8846,13810,17725,247,8158,420,2246,150,200,1,15:55
2024-25,203110,Draymond Green,Draymond,1610612744,GSW,Golden State Warriors,0022401012,2025-03-18T00:00:00,GSW vs. MIL,W,36.163333333333334,1.0,6.0,0.167,0.0,5.0,0.0,1.0,2.0,0.5,0.0,10.0,10.0,4.0,2.0,2.0,4.0,0.0,5.0,2.0,3.0,13.9,36.8,0,0,28.9,1,1,13086,1,2563,22620,22634,21938,15070,13259,15070,13249,12755,10625,14058,2619,5486,9976,10559,6295,930,8846,4663,13123,22961,6034,9816,2246,150,14805,1,36:10
2024-25,1629599,Amir Coffey,Amir,1610612746,LAC,LA Clippers,0022400997,2025-03-18T00:00:00,LAC vs. CLE,W,16.45,2.2,8.8,0.25,2.2,6.6,0.333,0.0,0.0,0.0,2.2,2.2,4.4,2.2,0.0,0.0,0.0,0.0,4.4,0.0,6.6,24.1,15.1,0,0,15.3,1,1,13086,1,18625,21063,19097,20233,9274,9396,9209,13505,14344,13505,7617,19104,16344,15667,16469,12854,8263,8846,6080,17725,21013,3008,23146,2246,150,22942,1,16:27
2024-25,1627777,Georges Niang,Georges,1610612737,ATL,Atlanta Hawks,0022400993,2025-03-18T00:00:00,ATL @ CHA,W,23.968333333333334,3.0,6.0,0.5,3.0,4.5,0.667,0.0,0.0,0.0,0.0,0.0,0.0,0.0,0.0,0.0,1.5,0.0,1.5,1.5,9.0,18.0,13.5,0,0,15.0,1,1,13086,1,12928,19409,22584,8526,6491,14415,1957,13505,14344,13505,14058,22137,23286,19908,16469,12854,4848,8846,17211,14996,19067,4552,23627,2246,150,23055,1,23:58
2024-25,1630611,Gui Santos,Gui,1610612744,GSW,Golden State Warriors,0022401012,2025-03-18T00:00:00,GSW vs. MIL,W,8.366666666666667,4.3,4.3,1.0,4.3,4.3,1.0,0.0,0.0,0.0,8.6,8.6,17.2,4.3,8.6,0.0,0.0,0.0,4.3,0.0,12.9,-25.8,31.4,0,0,38.7,1,1,13086,1,22676,16315,23922,1,3384,14905,1,13505,14344,13505,641,3929,1078,9116,481,12854,8263,8846,6276,17725,15189,22989,13742,2246,150,7574,1,8:22
2024-25,1629018,Gary Trent Jr.,Gary,1610612749,MIL,Milwaukee Bucks,0022401012,2025-03-18T00:00:00,MIL @ GSW,L,25.966666666666665,4.2,12.5,0.333,1.4,5.5,0.25,4.2,4.2,1.0,0.0,1.4,1.4,0.0,0.0,1.4,1.4,0.0,0.0,2.8,13.9,-22.2,23.8,0,0,22.2,1,13222,1,13222,11188,16707,12766,17395,12501,11857,11902,5421,7503,1,14058,21114,22714,19908,16469,8978,5287,8846,20257,10067,14084,22126,19062,2246,150,19567,1,25:58
2024-25,1631157,Ryan Rollins,Ryan,1610612749,MIL,Milwaukee Bucks,0022401012,2025-03-18T00:00:00,MIL @ GSW,L,5.45,0.0,0.0,0.0,0.0,0.0,0.0,0.0,0.0,0.0,0.0,0.0,0.0,13.2,0.0,0.0,0.0,0.0,6.6,0.0,0.0,-6.6,19.8,0,0,13.2,1,13222,1,13222,23808,22635,24836,22635,15070,20945,15070,13505,14344,13505,14058,22137,23286,496,16469,12854,8263,8846,2312,17725,23200,16338,21253,2246,150,23644,1,5:27
2024-25,1641730,Noah Clowney,Noah,1610612751,BKN,Brooklyn Nets,0022400994,2025-03-18T00:00:00,BKN @ BOS,L,17.833333333333332,0.0,10.1,0.0,0.0,6.1,0.0,2.0,4.0,0.5,0.0,4.0,4.0,2.0,0.0,0.0,0.0,0.0,0.0,4.0,2.0,8.1,9.9,0,0,8.1,1,13222,1,13222,17681,22635,16902,22635,15070,10554,15070,10576,7765,10625,14058,13604,17220,16304,16469,12854,8263,8846,20257,6215,23155,8599,24438,2246,150,24757,1,17:50
2024-25,1630592,Jalen Wilson,Jalen,1610612751,BKN,Brooklyn Nets,0022400994,2025-03-18T00:00:00,BKN @ BOS,L,7.116666666666666,0.0,15.2,0.0,0.0,15.2,0.0,0.0,0.0,0.0,0.0,0.0,0.0,0.0,0.0,0.0,0.0,0.0,0.0,0.0,0.0,-10.1,0.0,0,0,0.0,1,13222,1,13222,23127,22635,8296,22635,15070,656,15070,13505,14344,13505,14058,22137,23286,19908,16469,12854,8263,8846,20257,17725,23200,17935,25228,2246,150,25259,1,7:07
2024-25,1628436,Luke Kornet,Luke,1610612738,BOS,Boston Celtics,0022400994,2025-03-18T00:00:00,BOS vs. BKN,W,12.266666666666667,0.0,0.0,0.0,0.0,0.0,0.0,2.9,5.9,0.5,0.0,2.9,2.9,0.0,2.9,0.0,0.0,0.0,2.9,2.9,2.9,-29.3,3.5,0,0,5.9,1,1,13086,1,21118,22635,24836,22635,15070,20945,15070,7997,4657,10625,14058,16953,19901,19908,6702,12854,8263,8846,11007,9475,22972,23635,25107,2246,150,25015,1,12:16
2024-25,1629731,Dean Wade,Dean,1610612739,CLE,Cleveland Cavaliers,0022400997,2025-03-18T00:00:00,CLE @ LAC,L,15.833333333333334,2.3,2.3,1.0,0.0,0.0,0.0,0.0,0.0,0.0,2.3,4.5,6.8,2.3,0.0,2.3,0.0,0.0,4.5,2.3,4.5,-13.6,23.0,0,0,18.2,1,13222,1,13222,19040,20899,24700,1,15070,20945,15070,13505,14344,13505,7332,12127,10486,15331,16469,5130,8263,8846,5669,11848,22268,19359,19583,2246,150,21778,1,15:50
2024-25,1630171,Isaac Okoro,Isaac,1610612739,CLE,Cleveland Cavaliers,0022400997,2025-03-18T00:00:00,CLE @ LAC,L,12.2,3.0,11.8,0.25,3.0,8.9,0.333,0.0,0.0,0.0,0.0,0.0,0.0,5.9,5.9,3.0,0.0,3.0,5.9,0.0,8.9,20.7,20.7,0,0,23.6,1,13222,1,13222,21156,19528,13924,20233,6672,5015,9209,13505,14344,13505,14058,22137,23286,5665,1451,3270,8263,1391,3069,17725,19216,3771,20868,2246,150,18604,1,12:12
2024-25,1628470,Torrey Craig,Torrey,1610612738,BOS,Boston Celtics,0022400994,2025-03-18T00:00:00,BOS vs. BKN,W,8.138333333333334,0.0,8.8,0.0,0.0,8.8,0.0,8.8,8.8,1.0,0.0,8.8,8.8,0.0,0.0,0.0,0.0,0.0,4.4,4.4,8.8,-4.4,19.5,0,0,17.7,1,1,13086,1,22767,22635,18941,22635,15070,5033,15070,1060,1951,1,14058,3666,6950,19908,16469,12854,8263,8846,5960,5293,19227,15284,21425,2246,150,21988,1,8:08
2024-25,201143,Al Horford,Al,1610612738,BOS,Boston Celtics,0022400994,2025-03-18T00:00:00,BOS vs. BKN,W,31.6,1.1,5.7,0.2,1.1,5.7,0.2,1.1,2.3,0.5,0.0,5.7,5.7,6.8,2.3,0.0,0.0,0.0,2.3,1.1,4.6,20.5,19.4,0,0,18.2,1,1,13086,1,6334,22547,22904,21401,13715,11457,13429,12788,11846,10625,14058,9052,13029,4237,9166,12854,8263,8846,13730,16712,22259,3813,21473,2246,150,21759,1,31:36
2024-25,1626172,Kevon Looney,Kevon,1610612744,GSW,Golden State Warriors,0022401012,2025-03-18T00:00:00,GSW vs. MIL,W,6.386666666666667,0.0,5.6,0.0,0.0,0.0,0.0,0.0,0.0,0.0,0.0,5.6,5.6,0.0,0.0,0.0,11.3,0.0,5.6,0.0,0.0,0.0,40.6,0,0,28.2,1,1,13086,1,23418,22635,22959,22635,15070,20945,15070,13505,14344,13505,14058,9203,13188,19908,16469,12854,48,8846,3488,17725,23200,12240,7404,2246,150,15309,1,6:23
2024-25,1627884,Derrick Jones Jr.,Derrick,1610612746,LAC,LA Clippers,0022400997,2025-03-18T00:00:00,LAC vs. CLE,W,20.416666666666668,5.3,10.6,0.5,3.5,8.8,0.4,3.5,3.5,1.0,1.8,3.5,5.3,0.0,1.8,0.0,3.5,0.0,1.8,1.8,17.6,30.0,32.8,0,0,33.5,1,1,13086,1,15698,13565,16093,8526,5092,5081,7874,6654,8839,1,9373,15153,14066,19908,11691,12854,1206,8846,16329,14063,10185,1966,12726,2246,150,11238,1,20:25
2024-25,1630549,Day'Ron Sharpe,Day'Ron,1610612751,BKN,Brooklyn Nets,0022400994,2025-03-18T00:00:00,BKN @ BOS,L,19.3,7.5,11.2,0.667,1.9,1.9,1.0,0.0,0.0,0.0,7.5,5.6,13.1,1.9,3.7,0.0,1.9,0.0,0.0,1.9,16.8,3.7,37.1,0,0,37.3,1,13222,1,13222,16572,7867,15036,3281,10805,19802,1,13505,14344,13505,971,9304,2766,16876,4479,12854,3879,8846,20257,13666,11085,10786,9612,2246,150,8503,1,19:18
2024-25,1629674,Neemias Queta,Neemias,1610612738,BOS,Boston Celtics,0022400994,2025-03-18T00:00:00,BOS vs. BKN,W,8.7,4.1,4.1,1.0,0.0,0.0,0.0,8.3,8.3,1.0,0.0,8.3,8.3,0.0,0.0,0.0,0.0,0.0,0.0,4.1,16.6,-20.7,26.5,0,0,24.8,1,1,13086,1,22564,16748,24028,1,15070,20945,15070,1284,2333,1,14058,4312,7801,19908,16469,12854,8263,8846,20257,5963,11333,21755,17303,2246,150,17805,1,8:42
2024-25,1629726,Garrison Mathews,Garrison,1610612737,ATL,Atlanta Hawks,0022400993,2025-03-18T00:00:00,ATL @ CHA,W,9.966666666666667,7.2,10.8,0.667,7.2,10.8,0.667,0.0,0.0,0.0,0.0,7.2,7.2,3.6,0.0,0.0,3.6,0.0,0.0,0.0,21.7,21.7,46.6,0,0,47.0,1,1,13086,1,22117,8397,15632,3281,692,2635,1957,13505,14344,13505,14058,5958,9698,11054,16469,12854,1138,8846,20257,17725,6482,3542,4495,2246,150,3488,1,9:58
2024-25,201587,Nicolas Batum,Nicolas,1610612746,LAC,LA Clippers,0022400997,2025-03-18T00:00:00,LAC vs. CLE,W,17.15,2.1,4.2,0.5,2.1,4.2,0.5,0.0,0.0,0.0,2.1,8.4,10.5,6.3,4.2,0.0,0.0,0.0,6.3,0.0,6.3,14.7,24.1,0,0,25.2,1,1,13086,1,18166,21236,23995,8526,9688,15129,3944,13505,14344,13505,7953,4168,4912,5018,3508,12854,8263,8846,2605,17725,21186,5743,18842,2246,150,17521,1,17:09
2024-25,1626181,Norman Powell,Norman,1610612746,LAC,LA Clippers,0022400997,2025-03-18T00:00:00,LAC vs. CLE,W,17.65,6.1,12.2,0.5,2.0,4.1,0.5,8.2,8.2,1.0,0.0,2.0,2.0,2.0,4.1,0.0,0.0,0.0,8.2,4.1,22.4,-14.3,23.9,0,0,28.6,1,1,13086,1,17819,11164,13190,8526,9963,15400,3944,1337,2403,1,14058,19529,21720,16221,3715,12854,8263,8846,1297,6094,5893,19609,19050,2246,150,15022,1,17:39
2024-25,1630228,Jonathan Kuminga,Jonathan,1610612744,GSW,Golden State Warriors,0022400990,2025-03-17T00:00:00,GSW vs. DEN,L,27.6,5.2,14.3,0.364,0.0,2.6,0.0,6.5,10.4,0.625,0.0,3.9,3.9,5.2,3.9,1.3,0.0,1.3,3.9,7.8,17.0,7.8,29.5,0,0,28.7,1,13222,1,13222,9868,13767,9623,16861,15070,18436,15070,2383,1211,10271,14058,13989,17536,6997,4060,9430,8263,5628,7402,1113,10897,8720,15166,2246,150,14932,1,27:36
2024-25,1631200,Kris Murray,Kris,1610612757,POR,Portland Trail Blazers,0022400995,2025-03-17T00:00:00,POR vs. WAS,W,36.85,2.0,7.8,0.25,0.0,2.9,0.0,1.0,2.0,0.5,1.0,8.8,9.8,2.9,0.0,3.9,0.0,1.0,2.0,1.0,4.9,11.7,32.7,0,0,25.4,1,1,13086,1,2096,21489,20518,20233,15070,17798,15070,13300,12848,10625,13443,3733,5717,13158,16469,1734,8263,8124,15387,17462,22073,6919,12780,2246,150,17357,1,36:51
2024-25,1628379,Luke Kennard,Luke,1610612763,MEM,Memphis Grizzlies,0022400992,2025-03-17T00:00:00,MEM @ SAC,L,28.236666666666668,5.1,14.0,0.364,0.0,5.1,0.0,0.0,0.0,0.0,0.0,2.5,2.5,10.2,2.5,2.5,0.0,1.3,1.3,1.3,10.2,-20.4,33.7,0,0,28.0,1,13222,1,13222,9355,14094,10137,16861,15070,12957,15070,13505,14344,13505,14058,18057,20706,1337,8047,4261,8263,5786,18145,16009,17955,21672,12070,2246,150,15394,1,28:14
2024-25,1629680,Matisse Thybulle,Matisse,1610612757,POR,Portland Trail Blazers,0022400995,2025-03-17T00:00:00,POR vs. WAS,W,22.083333333333332,6.5,14.7,0.444,1.6,8.2,0.2,0.0,0.0,0.0,1.6,4.9,6.5,4.9,0.0,8.2,1.6,0.0,0.0,1.6,14.7,22.8,59.2,0,0,47.3,1,1,13086,1,14427,10134,9096,13045,11596,6169,13429,13505,14344,13505,9810,11183,11128,7704,16469,199,4480,8846,20257,14526,13224,3294,1303,2246,150,3381,1,22:05
2024-25,1629639,Tyler Herro,Tyler,1610612748,MIA,Miami Heat,0022400984,2025-03-17T00:00:00,MIA @ NYK,L,30.373333333333335,11.9,21.3,0.556,0.0,3.6,0.0,0.0,0.0,0.0,1.2,2.4,3.6,1.2,2.4,0.0,0.0,1.2,0.0,0.0,23.7,-10.7,27.4,0,0,28.4,1,13222,1,13222,7440,1620,2136,7248,15070,16539,15070,13505,14344,13505,11895,18573,18429,19066,8771,12854,8263,6372,20257,17725,4978,18169,16676,2246,150,15112,1,30:22
2024-25,202710,Jimmy Butler III,Jimmy,1610612744,GSW,Golden State Warriors,0022400990,2025-03-17T00:00:00,GSW vs. DEN,L,33.36666666666667,8.6,17.3,0.5,1.1,4.3,0.25,6.5,10.8,0.6,3.2,5.4,8.6,6.5,2.2,2.2,1.1,3.2,2.2,9.7,24.8,-9.7,52.4,0,0,47.5,1,13222,1,13222,4841,5375,5495,8526,14077,14870,11902,2421,1087,10343,4868,9800,7257,4754,9691,5548,6919,1120,14310,473,4298,17763,2604,2246,150,3310,1,33:22
2024-25,1631132,Christian Koloko,Christian,1610612747,LAL,Los Angeles Lakers,0022400537,2025-03-17T00:00:00,LAL vs. SAS,W,8.833333333333334,8.2,8.2,1.0,0.0,0.0,0.0,0.0,0.0,0.0,0.0,8.2,8.2,4.1,4.1,0.0,0.0,0.0,0.0,0.0,16.3,-16.3,28.1,0,0,28.5,1,1,13086,1,22517,6299,20013,1,15070,20945,15070,13505,14344,13505,14058,4483,8004,9722,3727,12854,8263,8846,20257,17725,11602,20366,16118,2246,150,15049,1,8:50
2024-25,1631097,Bennedict Mathurin,Bennedict,1610612754,IND,Indiana Pacers,0022400986,2025-03-17T00:00:00,IND @ MIN,W,35.14333333333333,6.1,17.4,0.353,3.1,7.2,0.429,7.2,8.2,0.875,1.0,2.0,3.1,1.0,2.0,1.0,1.0,3.1,6.1,7.2,22.5,4.1,31.9,0,0,33.8,1,1,13086,1,3356,11100,5345,17268,6286,8101,7394,1892,2388,6931,13061,19511,19541,19605,10269,11723,7315,1259,2770,1529,5833,10595,13434,2246,150,10998,1,35:09
2024-25,1628374,Lauri Markkanen,Lauri,1610612762,UTA,Utah Jazz,0022400989,2025-03-17T00:00:00,UTA vs. CHI,L,23.75,10.6,24.3,0.438,1.5,12.1,0.125,1.5,1.5,1.0,0.0,3.0,3.0,1.5,1.5,0.0,1.5,1.5,1.5,1.5,24.3,-25.8,33.2,0,0,33.3,1,13222,1,13222,13112,2609,997,13558,11976,1715,14886,11761,13470,1,14058,16612,19629,17916,12676,12854,4793,4709,17155,14939,4641,22979,12429,2246,150,11361,1,23:45
2024-25,1630625,Dalano Banton,Dalano,1610612757,POR,Portland Trail Blazers,0022400995,2025-03-17T00:00:00,POR vs. WAS,W,20.483333333333334,0.0,3.5,0.0,0.0,1.8,0.0,0.0,0.0,0.0,0.0,1.8,1.8,8.8,0.0,5.3,1.8,0.0,0.0,1.8,0.0,-10.5,36.4,0,0,24.6,1,1,13086,1,15651,22635,24306,22635,15070,19977,15070,13505,14344,13505,14058,20336,22219,2193,16469,752,4149,8846,20257,14082,23200,18129,10093,2246,150,17945,1,20:29
2024-25,1630162,Anthony Edwards,Anthony,1610612750,MIN,Minnesota Timberwolves,0022400986,2025-03-17T00:00:00,MIN vs. IND,L,41.11666666666667,7.9,21.0,0.375,0.9,9.6,0.091,16.6,17.5,0.95,0.0,2.6,2.6,4.4,2.6,1.8,1.8,0.9,2.6,9.6,33.3,-6.1,50.9,0,0,48.2,1,13222,1,13222,353,6886,2326,16299,15003,3938,15062,124,205,6704,14058,17883,20592,8939,7783,7437,4164,8725,12340,489,1272,16123,3021,2246,150,3099,1,41:07
2024-25,1642278,Tyler Kolek,Tyler,1610612752,NYK,New York Knicks,0022400984,2025-03-17T00:00:00,NYK vs. MIA,W,2.9,12.4,12.4,1.0,0.0,0.0,0.0,0.0,0.0,0.0,0.0,0.0,0.0,12.4,0.0,0.0,0.0,0.0,0.0,0.0,24.8,-24.8,43.4,0,0,37.2,1,1,13086,1,25027,1288,12868,1,15070,20945,15070,13505,14344,13505,14058,22137,23286,629,16469,12854,8263,8846,20257,17725,4288,22764,5907,2246,150,8555,1,2:54
2024-25,1628989,Kevin Huerter,Kevin,1610612741,CHI,Chicago Bulls,0022400989,2025-03-17T00:00:00,CHI @ UTA,W,35.75,6.0,11.1,0.545,5.0,9.1,0.556,0.0,0.0,0.0,0.0,9.1,9.1,2.0,0.0,1.0,1.0,0.0,1.0,1.0,17.1,23.2,37.1,0,0,37.3,1,1,13086,1,2860,11399,15229,7695,2228,4720,3747,13505,14344,13505,14058,3447,6641,16325,16469,11891,7446,8846,19667,17375,10718,3229,9656,2246,150,8539,1,35:45
2024-25,1641817,Anton Watson,Anton,1610612752,NYK,New York Knicks,0022400984,2025-03-17T00:00:00,NYK vs. MIA,W,2.9,12.4,12.4,1.0,0.0,0.0,0.0,0.0,0.0,0.0,0.0,0.0,0.0,12.4,0.0,0.0,0.0,0.0,0.0,0.0,24.8,-24.8,43.4,0,0,37.2,1,1,13086,1,25027,1288,12868,1,15070,20945,15070,13505,14344,13505,14058,22137,23286,629,16469,12854,8263,8846,20257,17725,4288,22764,5907,2246,150,8555,1,2:54
2024-25,1642264,Stephon Castle,Stephon,1610612759,SAS,San Antonio Spurs,0022400537,2025-03-17T00:00:00,SAS @ LAL,L,27.55,10.5,24.8,0.421,3.9,7.8,0.5,5.2,7.8,0.667,2.6,7.8,10.5,3.9,2.6,0.0,0.0,0.0,6.5,3.9,30.1,-10.5,45.9,0,0,48.3,1,13222,1,13222,9909,2756,862,14442,4163,6737,3944,3737,2635,9425,6313,4958,4960,10165,7821,12854,8263,8846,2371,6510,2064,18086,4798,2246,150,3031,1,27:33
2024-25,1642348,Justin Edwards,Justin,1610612755,PHI,Philadelphia 76ers,0022400985,2025-03-17T00:00:00,PHI @ HOU,L,39.63333333333333,6.4,13.6,0.467,3.6,6.4,0.571,0.0,0.0,0.0,0.9,1.8,2.7,3.6,0.0,0.9,0.0,1.8,0.9,0.9,16.3,-18.2,27.8,0,0,28.2,1,13222,1,13222,674,10545,10790,12249,4841,9853,3506,13505,14344,13505,13871,20199,20397,10984,16469,12629,8263,3847,20126,17645,11550,20982,16363,2246,150,15324,1,39:38
2024-25,204456,T.J. McConnell,T.J.,1610612754,IND,Indiana Pacers,0022400986,2025-03-17T00:00:00,IND @ MIN,W,30.116666666666667,6.0,14.3,0.417,0.0,0.0,0.0,1.2,2.4,0.5,1.2,3.6,4.8,15.5,2.4,0.0,0.0,1.2,1.2,2.4,13.1,-4.8,39.8,1,0,33.5,1,1,13086,1,7664,11591,9628,14532,15070,20945,15070,12610,11517,10625,11818,14966,15341,247,8698,12854,8263,6296,18559,11389,14938,15461,7880,1,150,11266,1,30:07
2024-25,1631207,Dalen Terry,Dalen,1610612741,CHI,Chicago Bulls,0022400989,2025-03-17T00:00:00,CHI @ UTA,W,15.1,11.9,16.7,0.714,0.0,4.8,0.0,4.8,4.8,1.0,2.4,4.8,7.2,2.4,0.0,4.8,0.0,0.0,2.4,2.4,28.6,-16.7,55.1,0,0,47.7,1,1,13086,1,19500,1571,6193,2752,15070,13787,15070,4396,6358,1,6970,11516,9844,14929,16469,1039,8263,8846,13289,11411,2565,20511,1974,2246,150,3256,1,15:06
2024-25,1630551,Justin Champagnie,Justin,1610612764,WAS,Washington Wizards,0022400995,2025-03-17T00:00:00,WAS @ POR,L,19.05,3.8,17.0,0.222,1.9,7.6,0.25,0.0,0.0,0.0,3.8,5.7,9.4,3.8,0.0,1.9,0.0,3.8,3.8,1.9,9.4,-17.0,32.1,0,0,28.3,1,13222,1,13222,16782,17620,5803,21205,10678,7255,11902,13505,14344,13505,3915,9122,6116,10563,16469,6811,8263,744,7807,13557,18688,20623,13238,2246,150,15178,1,19:03
2024-25,1642270,Donovan Clingan,Donovan,1610612757,POR,Portland Trail Blazers,0022400995,2025-03-17T00:00:00,POR vs. WAS,W,25.116666666666667,7.2,12.9,0.556,0.0,0.0,0.0,1.4,5.7,0.25,10.0,8.6,18.6,2.9,0.0,0.0,0.0,0.0,1.4,2.9,15.8,25.8,42.4,1,0,37.3,1,1,13086,1,11895,8541,12036,7248,15070,20945,15070,11944,4843,13358,400,3936,761,13387,16469,12854,8263,8846,17500,9705,12153,2653,6412,1,150,8532,1,25:07
2024-25,1630595,Cade Cunningham,Cade,1610612765,DET,Detroit Pistons,0022400987,2025-03-17T00:00:00,DET @ NOP,W,29.545,12.2,19.5,0.625,1.2,2.4,0.5,3.7,4.9,0.75,0.0,4.9,4.9,9.7,4.9,1.2,0.0,1.2,3.7,3.7,29.2,25.6,48.5,0,0,47.5,1,1,13086,1,8190,1411,3345,4899,13270,18737,3944,6375,6162,8186,14058,11228,15128,1567,2496,10027,8263,6137,8242,7250,2362,2697,3813,2246,150,3295,1,29:33
2024-25,1629723,John Konchar,John,1610612763,MEM,Memphis Grizzlies,0022400992,2025-03-17T00:00:00,MEM @ SAC,L,17.35,4.1,4.1,1.0,4.1,4.1,1.0,4.1,4.1,1.0,4.1,12.4,16.6,2.1,0.0,2.1,2.1,0.0,4.1,2.1,16.6,18.7,52.1,0,0,47.7,1,13222,1,13222,18042,16729,24025,1,3673,15233,1,5440,7522,1,3369,1176,1235,16095,16469,5891,3270,8846,6693,12737,11284,4352,2687,2246,150,3246,1,17:21
2024-25,1630224,Jalen Green,Jalen,1610612745,HOU,Houston Rockets,0022400985,2025-03-17T00:00:00,HOU vs. PHI,W,45.295,7.9,20.7,0.385,4.0,13.5,0.294,4.0,4.0,1.0,0.0,5.6,5.6,10.3,3.2,1.6,0.8,0.0,0.8,4.0,23.8,11.9,50.0,1,0,48.5,1,1,13086,1,51,6740,2538,16070,4043,1090,11430,5739,7890,1,14058,9379,13383,1270,5877,8028,8246,8846,20244,6381,4913,6829,3274,1,150,2995,1,45:18
2024-25,1631095,Jabari Smith Jr.,Jabari,1610612745,HOU,Houston Rockets,0022400985,2025-03-17T00:00:00,HOU vs. PHI,W,38.6,10.3,15.9,0.647,4.7,6.5,0.714,2.8,3.7,0.75,0.9,6.5,7.5,2.8,3.7,1.9,0.0,0.9,1.9,2.8,28.0,5.6,43.0,0,0,46.6,1,1,13086,1,1058,2955,7339,4571,2792,9482,1861,8355,8410,8186,13760,7242,9247,13592,4479,6945,8263,8472,15861,9967,2795,9794,6141,2246,150,3615,1,38:36
2024-25,1630692,Jordan Goodwin,Jordan,1610612747,LAL,Los Angeles Lakers,0022400537,2025-03-17T00:00:00,LAL vs. SAS,W,32.666666666666664,6.6,9.9,0.667,3.3,6.6,0.5,0.0,0.0,0.0,1.1,3.3,4.4,3.3,0.0,3.3,1.1,0.0,2.2,0.0,16.5,9.9,40.0,0,0,36.4,1,1,13086,1,5424,9892,17206,3281,5638,9289,3944,13505,14344,13505,12452,15776,16262,11958,16469,2552,6777,8846,14073,17725,11358,7731,7760,2246,150,9122,1,32:40
2024-25,1630173,Precious Achiuwa,Precious,1610612752,NYK,New York Knicks,0022400984,2025-03-17T00:00:00,NYK vs. MIA,W,10.016666666666667,7.2,10.8,0.667,0.0,0.0,0.0,0.0,0.0,0.0,0.0,10.8,10.8,0.0,0.0,0.0,0.0,0.0,3.6,0.0,14.4,35.9,27.3,0,0,25.2,1,1,13086,1,22099,8485,15727,3281,15070,20945,15070,13505,14344,13505,14058,2029,4618,19908,16469,12854,8263,8846,8443,17725,13527,1300,16731,2246,150,17554,1,10:01
2024-25,1630578,Alperen Sengun,Alperen,1610612745,HOU,Houston Rockets,0022400985,2025-03-17T00:00:00,HOU vs. PHI,W,21.955,8.2,14.8,0.556,0.0,0.0,0.0,4.9,8.2,0.6,11.5,6.6,18.0,8.2,6.6,0.0,0.0,0.0,6.6,6.6,21.3,3.3,48.7,1,0,47.6,1,1,13086,1,14536,6211,8975,7248,15070,20945,15070,4162,2383,10343,278,7184,890,2698,1102,12854,8263,8846,2360,2023,6808,10987,3741,1,150,3285,1,21:57
2024-25,1630322,Lindy Waters III,Lindy,1610612765,DET,Detroit Pistons,0022400987,2025-03-17T00:00:00,DET @ NOP,W,6.383333333333334,0.0,11.3,0.0,0.0,5.6,0.0,0.0,0.0,0.0,0.0,11.3,11.3,11.3,5.6,5.6,0.0,5.6,0.0,0.0,0.0,90.2,41.7,0,0,33.8,1,1,13086,1,23420,22635,14867,22635,15070,11604,15070,13505,14344,13505,14058,1758,4162,906,1686,589,8263,254,20257,17725,23200,106,6759,2246,150,10972,1,6:23
2024-25,203471,Dennis Schröder,Dennis,1610612765,DET,Detroit Pistons,0022400987,2025-03-17T00:00:00,DET @ NOP,W,18.783333333333335,3.8,7.7,0.5,0.0,0.0,0.0,15.3,17.2,0.889,0.0,0.0,0.0,9.6,1.9,1.9,0.0,1.9,0.0,7.7,23.0,32.6,41.2,0,0,36.4,1,1,13086,1,16980,17485,20695,8526,15070,20945,15070,161,217,6857,14058,22137,23286,1656,10959,6680,8263,3486,20257,1221,5475,1673,7048,2246,150,9090,1,18:47
2024-25,1626220,Royce O'Neale,Royce,1610612756,PHX,Phoenix Suns,0022400991,2025-03-17T00:00:00,PHX vs. TOR,W,23.783333333333335,6.1,12.1,0.5,4.5,9.1,0.5,0.0,0.0,0.0,1.5,13.6,15.1,4.5,0.0,1.5,1.5,0.0,3.0,1.5,16.7,57.5,50.7,1,0,46.9,1,1,13086,1,13086,11352,13398,8526,2994,4698,3944,13505,14344,13505,10258,845,1710,8554,16469,8349,4797,8846,10592,14951,11222,400,3068,1,150,3515,1,23:47
2024-25,203486,Mason Plumlee,Mason,1610612756,PHX,Phoenix Suns,0022400991,2025-03-17T00:00:00,PHX vs. TOR,W,4.266666666666667,0.0,0.0,0.0,0.0,0.0,0.0,0.0,0.0,0.0,8.4,25.3,33.8,0.0,16.9,0.0,0.0,0.0,8.4,0.0,0.0,-25.3,23.6,0,0,33.8,1,1,13086,1,24349,22635,24836,22635,15070,20945,15070,13505,14344,13505,671,76,58,19908,86,12854,8263,8846,1162,17725,23200,22872,19185,2246,150,11030,1,4:16
2024-25,1629614,Andrew Nembhard,Andrew,1610612754,IND,Indiana Pacers,0022400986,2025-03-17T00:00:00,IND @ MIN,W,19.35,9.3,14.9,0.625,1.9,3.7,0.5,1.9,3.7,0.5,0.0,3.7,3.7,5.6,3.7,0.0,0.0,0.0,1.9,7.4,22.3,7.4,31.4,0,0,33.5,1,1,13086,1,16540,4198,8776,4899,10827,16164,3944,11091,8439,10625,14058,14563,18016,6295,4504,12854,8263,8846,15887,1354,5990,8913,13711,2246,150,11255,1,19:21
2024-25,203497,Rudy Gobert,Rudy,1610612750,MIN,Minnesota Timberwolves,0022400986,2025-03-17T00:00:00,MIN vs. IND,L,21.5,1.7,3.3,0.5,0.0,0.0,0.0,1.7,3.3,0.5,5.0,6.7,11.7,1.7,0.0,0.0,5.0,0.0,1.7,3.3,5.0,0.0,36.7,0,0,28.5,1,13222,1,13222,14935,21927,24366,8526,15070,20945,15070,11461,9196,10625,2354,6894,3738,17430,16469,12854,507,8846,16607,8095,21991,12240,9906,2246,150,15099,1,21:30
2024-25,1631204,Marcus Sasser,Marcus,1610612765,DET,Detroit Pistons,0022400987,2025-03-17T00:00:00,DET @ NOP,W,6.966666666666667,5.2,15.5,0.333,5.2,15.5,0.333,0.0,0.0,0.0,5.2,5.2,10.3,5.2,0.0,0.0,0.0,0.0,0.0,0.0,15.5,77.5,35.7,0,0,36.2,1,1,13086,1,23184,13896,7819,17395,2084,595,9209,13505,14344,13505,2223,10362,5071,7093,16469,12854,8263,8846,20257,17725,12418,183,10615,2246,150,9243,1,6:58
2024-25,1641740,Jaylen Clark,Jaylen,1610612750,MIN,Minnesota Timberwolves,0022400986,2025-03-17T00:00:00,MIN vs. IND,L,8.5,4.2,12.7,0.333,0.0,0.0,0.0,0.0,0.0,0.0,4.2,4.2,8.5,0.0,0.0,8.5,0.0,0.0,0.0,0.0,8.5,8.5,44.0,0,0,33.9,1,13222,1,13222,22629,16491,12373,17395,15070,20945,15070,13505,14344,13505,3261,13015,7513,19908,16469,180,8263,8846,20257,17725,19537,8409,5642,2246,150,10935,1,8:30
2024-25,1630215,Jared Butler,Jared,1610612755,PHI,Philadelphia 76ers,0022400985,2025-03-17T00:00:00,PHI @ HOU,L,37.111666666666665,6.8,14.6,0.467,1.0,4.9,0.2,5.8,5.8,1.0,0.0,1.9,1.9,4.9,1.0,1.9,1.0,0.0,4.9,2.9,20.4,1.9,37.7,0,0,34.0,1,13222,1,13222,1919,9443,9277,12249,14705,13565,13429,3066,4731,1,14058,19860,21932,7798,16025,6563,7687,8846,4950,9560,7605,11654,9200,2246,150,10894,1,37:07
2024-25,1642024,Alex Reese,Alex,1610612755,PHI,Philadelphia 76ers,0022400985,2025-03-17T00:00:00,PHI @ HOU,L,13.15,5.5,11.0,0.5,5.5,11.0,0.5,0.0,0.0,0.0,0.0,2.7,2.7,0.0,0.0,0.0,0.0,0.0,2.7,2.7,16.4,21.9,19.7,0,0,24.6,1,13222,1,13222,20672,13052,15449,8526,1762,2540,3944,13505,14344,13505,14058,17587,20379,19908,16469,12854,8263,8846,11892,10200,11475,3482,21306,2246,150,17928,1,13:09
2024-25,1642273,Kyshawn George,Kyshawn,1610612764,WAS,Washington Wizards,0022400995,2025-03-17T00:00:00,WAS @ POR,L,19.5,9.2,20.3,0.455,1.8,5.5,0.333,0.0,0.0,0.0,0.0,5.5,5.5,0.0,1.8,0.0,0.0,0.0,3.7,0.0,20.3,-7.4,25.1,0,0,27.7,1,13222,1,13222,16419,4312,2758,12676,10892,11870,9209,13505,14344,13505,14058,9430,13446,19908,11337,12854,8263,8846,8110,17725,7650,16674,18211,2246,150,15637,1,19:30
2024-25,1630567,Scottie Barnes,Scottie,1610612761,TOR,Toronto Raptors,0022400991,2025-03-17T00:00:00,TOR @ PHX,L,30.55,5.9,15.3,0.385,1.2,2.4,0.5,5.9,9.4,0.625,2.4,2.4,4.7,3.5,5.9,0.0,0.0,0.0,3.5,9.4,18.9,-24.7,23.9,0,0,28.3,1,13222,1,13222,7274,11825,8085,16070,13482,18891,3944,2967,1650,10271,7064,18601,15520,11286,1462,12854,8263,8846,8644,543,8991,22753,19006,2246,150,15220,1,30:33
2024-25,1641798,Jaylen Martin,Jaylen,1610612764,WAS,Washington Wizards,0022400995,2025-03-17T00:00:00,WAS @ POR,L,27.9,6.5,12.9,0.5,1.3,3.9,0.333,0.0,0.0,0.0,2.6,5.2,7.7,3.9,3.9,2.6,0.0,0.0,0.0,0.0,14.2,-3.9,33.2,0,0,32.3,1,13222,1,13222,9625,10307,12032,8526,12896,15861,9209,13505,14344,13505,6400,10390,8733,10303,4146,4177,8263,8846,20257,17725,13737,14989,12462,2246,150,12162,1,27:54
2024-25,1629640,Keldon Johnson,Keldon,1610612759,SAS,San Antonio Spurs,0022400537,2025-03-17T00:00:00,SAS @ LAL,L,27.983333333333334,5.1,12.9,0.4,0.0,2.6,0.0,3.9,3.9,1.0,1.3,3.9,5.1,2.6,3.9,2.6,2.6,0.0,2.6,2.6,14.2,-9.0,35.8,0,0,32.2,1,13222,1,13222,9556,13966,12100,14933,15070,18493,15070,5961,8112,1,11259,14154,14410,14301,4171,4197,2256,8846,12521,10725,13787,17424,10530,2246,150,12254,1,27:59
2024-25,1630183,Jaden McDaniels,Jaden,1610612750,MIN,Minnesota Timberwolves,0022400986,2025-03-17T00:00:00,MIN vs. IND,L,32.541666666666664,6.6,15.5,0.429,1.1,6.6,0.167,0.0,0.0,0.0,2.2,5.5,7.7,4.4,3.3,1.1,1.1,1.1,5.5,1.1,14.4,-6.6,33.6,0,0,32.1,1,13222,1,13222,5528,9852,7838,13735,13910,9240,14236,13505,14344,13505,7553,9450,8728,8822,5459,10969,6751,6994,3657,16882,13519,16357,12088,2246,150,12316,1,32:33
2024-25,1631165,Keon Ellis,Keon,1610612758,SAC,Sacramento Kings,0022400992,2025-03-17T00:00:00,SAC vs. MEM,W,19.12,5.6,11.3,0.5,5.6,11.3,0.5,0.0,0.0,0.0,0.0,0.0,0.0,5.6,0.0,1.9,0.0,0.0,3.8,0.0,16.9,24.5,31.1,0,0,32.0,1,1,13086,1,16736,12564,14835,8526,1615,2258,3944,13505,14344,13505,14058,22137,23286,6150,16469,6849,8263,8846,7861,17725,10908,2930,14008,2246,150,12386,1,19:07
2024-25,1630167,Obi Toppin,Obi,1610612754,IND,Indiana Pacers,0022400986,2025-03-17T00:00:00,IND @ MIN,W,44.526666666666664,9.7,15.4,0.632,5.7,8.1,0.7,2.4,3.2,0.75,1.6,6.5,8.1,1.6,1.6,0.8,0.8,0.0,0.0,1.6,27.5,8.1,42.9,1,0,46.1,1,1,13086,1,69,3600,8018,4871,1601,6315,1937,9263,9448,8186,9852,7382,8121,17602,12267,12834,8238,8846,20257,14570,2981,8595,6193,1,150,3788,1,44:32
2024-25,1631222,Jake LaRavia,Jake,1610612758,SAC,Sacramento Kings,0022400992,2025-03-17T00:00:00,SAC vs. MEM,W,23.466666666666665,6.1,10.7,0.571,3.1,6.1,0.5,3.1,3.1,1.0,1.5,1.5,3.1,1.5,4.6,3.1,0.0,0.0,9.2,3.1,18.4,12.3,29.0,0,0,32.2,1,1,13086,1,13330,11124,15815,6538,6299,10347,3944,7625,9801,1,10174,20804,19546,17858,2845,3002,8263,8846,896,9005,9408,6683,15490,2246,150,12204,1,23:28
2024-25,1641729,Brice Sensabaugh,Brice,1610612762,UTA,Utah Jazz,0022400989,2025-03-17T00:00:00,UTA vs. CHI,L,20.2,7.1,12.5,0.571,5.3,8.9,0.6,3.6,3.6,1.0,0.0,10.7,10.7,1.8,1.8,1.8,0.0,0.0,1.8,1.8,23.2,10.7,42.2,0,0,44.6,1,13222,1,13222,15862,8628,12767,6538,1897,4949,2992,6569,8757,1,14058,2077,4705,17142,11627,7323,8263,8846,16262,13994,5373,7371,6509,2246,150,4437,1,20:12
2024-25,201144,Mike Conley,Mike,1610612750,MIN,Minnesota Timberwolves,0022400986,2025-03-17T00:00:00,MIN vs. IND,L,31.81833333333333,2.3,3.4,0.667,2.3,2.3,1.0,3.4,4.5,0.75,0.0,3.4,3.4,5.7,1.1,2.3,0.0,1.1,3.4,3.4,10.2,27.2,28.4,0,0,26.0,1,13222,1,13222,6139,20923,24347,3281,9000,19063,1,6912,6795,8186,14058,15538,18791,6132,14925,5174,8263,6780,9101,7966,17971,2397,15939,2246,150,16921,1,31:49
2024-25,1641842,Ronald Holland II,Ronald,1610612765,DET,Detroit Pistons,0022400987,2025-03-17T00:00:00,DET @ NOP,W,19.9,5.4,7.2,0.75,0.0,1.8,0.0,7.2,10.9,0.667,1.8,1.8,3.6,5.4,0.0,3.6,1.8,0.0,5.4,5.4,18.1,61.5,46.9,0,0,38.0,1,1,13086,1,16094,13193,21278,2107,15070,19907,15070,1841,1066,9425,9208,20218,18277,6577,16469,2069,4039,8846,3802,3436,9746,333,4372,2246,150,8038,1,19:54
2024-25,1642347,Jamal Shead,Jamal,1610612761,TOR,Toronto Raptors,0022400991,2025-03-17T00:00:00,TOR @ PHX,L,23.15,1.6,12.4,0.125,0.0,7.8,0.0,1.6,1.6,1.0,0.0,1.6,1.6,6.2,1.6,1.6,0.0,1.6,1.6,1.6,4.7,-38.9,19.0,0,0,15.6,1,13222,1,13222,13600,22099,12831,22420,15070,6847,15070,11679,13438,1,14058,20759,22497,5133,12525,8169,8263,4572,17018,14777,22203,24764,21656,2246,150,22866,1,23:09
2024-25,1630541,Moses Moody,Moses,1610612744,GSW,Golden State Warriors,0022400990,2025-03-17T00:00:00,GSW vs. DEN,L,25.325,5.7,12.8,0.444,1.4,5.7,0.25,0.0,0.0,0.0,2.8,0.0,2.8,0.0,0.0,2.8,1.4,1.4,2.8,1.4,12.8,-17.1,29.0,0,0,25.6,1,13222,1,13222,11726,12460,12225,13045,12361,11486,11902,13505,14344,13505,5752,22137,20138,19908,16469,3567,5143,5094,11448,15363,15296,20650,15489,2246,150,17220,1,25:20
2024-25,1630548,Johnny Juzang,Johnny,1610612762,UTA,Utah Jazz,0022400989,2025-03-17T00:00:00,UTA vs. CHI,L,15.7,6.9,13.8,0.5,4.6,9.2,0.5,0.0,0.0,0.0,0.0,4.6,4.6,0.0,0.0,2.3,0.0,0.0,9.2,0.0,18.3,-41.3,30.7,0,0,32.1,1,13222,1,13222,19130,9213,10554,8526,2915,4579,3944,13505,14344,13505,14058,12021,15841,19908,16469,5066,8263,8846,906,17725,9470,24927,14257,2246,150,12297,1,15:42
2024-25,1630540,Miles McBride,Miles,1610612752,NYK,New York Knicks,0022400984,2025-03-17T00:00:00,NYK vs. MIA,W,29.416666666666668,4.9,14.7,0.333,2.4,4.9,0.5,0.0,0.0,0.0,1.2,1.2,2.4,3.7,0.0,2.4,0.0,1.2,1.2,2.4,12.2,11.0,28.0,0,0,25.7,1,1,13086,1,8296,14685,9078,17395,8327,13451,3944,13505,14344,13505,11640,21458,20903,10877,16469,4544,8263,6103,18410,11169,15886,7232,16213,2246,150,17143,1,29:25
2024-25,1629675,Naz Reid,Naz,1610612750,MIN,Minnesota Timberwolves,0022400986,2025-03-17T00:00:00,MIN vs. IND,L,30.215,10.7,19.1,0.563,3.6,8.3,0.429,0.0,0.0,0.0,1.2,3.6,4.8,0.0,2.4,1.2,1.2,0.0,3.6,0.0,25.0,6.0,35.5,0,0,38.1,1,13222,1,13222,7581,2487,3702,7127,4974,5842,7394,13505,14344,13505,11858,15017,15385,19908,8729,10246,6229,8846,8511,17725,4208,9638,10723,2246,150,7941,1,30:13
2024-25,1641732,Colby Jones,Colby,1610612764,WAS,Washington Wizards,0022400995,2025-03-17T00:00:00,WAS @ POR,L,24.766666666666666,1.5,5.8,0.25,0.0,2.9,0.0,0.0,0.0,0.0,2.9,2.9,5.8,4.4,1.5,0.0,1.5,0.0,2.9,0.0,2.9,-23.3,19.3,0,0,16.0,1,13222,1,13222,12199,22226,22797,20233,15070,17851,15070,13505,14344,13505,5571,17055,12735,8981,12993,12854,5026,8846,11160,17725,22977,22399,21483,2246,150,22712,1,24:46
2024-25,1630256,Jae'Sean Tate,Jae'Sean,1610612745,HOU,Houston Rockets,0022400985,2025-03-17T00:00:00,HOU vs. PHI,W,21.75,5.0,8.3,0.6,1.7,3.3,0.5,0.0,0.0,0.0,6.6,5.0,11.6,1.7,0.0,0.0,0.0,1.7,6.6,0.0,11.6,49.7,28.0,0,0,26.5,1,1,13086,1,14717,14489,19831,5394,11522,17048,3944,13505,14344,13505,1314,10974,3862,17487,16469,12854,8263,4269,2298,17725,16584,559,16251,2246,150,16555,1,21:45
2024-25,1627734,Domantas Sabonis,Domantas,1610612758,SAC,Sacramento Kings,0022400992,2025-03-17T00:00:00,SAC vs. MEM,W,12.066666666666666,9.0,11.9,0.75,0.0,0.0,0.0,0.0,3.0,0.0,3.0,0.0,3.0,11.9,3.0,0.0,0.0,3.0,0.0,6.0,17.9,9.0,36.4,0,0,32.8,1,1,13086,1,21199,4810,13703,2107,15070,20945,15070,13505,10016,13505,5383,22137,19785,735,6554,12854,8263,1364,20257,2667,9931,8206,10083,2246,150,11792,1,12:04
2024-25,1629637,Jaxson Hayes,Jaxson,1610612747,LAL,Los Angeles Lakers,0022400537,2025-03-17T00:00:00,LAL vs. SAS,W,27.6,3.9,6.5,0.6,0.0,0.0,0.0,3.9,5.2,0.75,2.6,11.7,14.3,3.9,2.6,2.6,1.3,1.3,1.3,6.5,11.7,27.4,44.0,0,0,37.8,1,1,13086,1,9868,17294,22087,5394,15070,20945,15070,5856,5575,8186,6322,1508,2078,10195,7841,4120,5626,5628,18012,2062,16409,2359,5693,2246,150,8151,1,27:36
2024-25,1629003,Shake Milton,Shake,1610612747,LAL,Los Angeles Lakers,0022400537,2025-03-17T00:00:00,LAL vs. SAS,W,7.05,5.1,5.1,1.0,0.0,0.0,0.0,0.0,0.0,0.0,0.0,0.0,0.0,5.1,0.0,5.1,0.0,0.0,0.0,0.0,10.2,20.4,33.2,0,0,25.5,1,1,13086,1,23144,14065,23383,1,15070,20945,15070,13505,14344,13505,14058,22137,23286,7229,16469,830,8263,8846,20257,17725,17940,3838,12435,2246,150,17260,1,7:03
2024-25,1641720,Jalen Hood-Schifino,Jalen,1610612755,PHI,Philadelphia 76ers,0022400985,2025-03-17T00:00:00,PHI @ HOU,L,31.483333333333334,5.7,10.3,0.556,2.3,4.6,0.5,0.0,0.0,0.0,0.0,4.6,4.6,1.1,0.0,2.3,0.0,0.0,4.6,3.4,13.7,-19.4,27.8,0,0,26.3,1,13222,1,13222,6421,12365,16575,7248,8901,14259,3944,13505,14344,13505,14058,12065,15874,19215,16469,5087,8263,8846,5611,7866,14250,21384,16375,2246,150,16717,1,31:29
2024-25,202687,Bismack Biyombo,Bismack,1610612759,SAS,San Antonio Spurs,0022400537,2025-03-17T00:00:00,SAS @ LAL,L,19.85,3.6,5.4,0.667,0.0,0.0,0.0,0.0,0.0,0.0,0.0,7.3,7.3,1.8,0.0,0.0,0.0,0.0,5.4,0.0,7.3,-12.7,18.7,0,0,16.3,1,13222,1,13222,16140,18016,23132,3281,15070,20945,15070,13505,14344,13505,14058,5898,9650,17046,16469,12854,8263,8846,3785,17725,20525,19012,21805,2246,150,22577,1,19:51
2024-25,1641871,Duop Reath,Duop,1610612757,POR,Portland Trail Blazers,0022400995,2025-03-17T00:00:00,POR vs. WAS,W,22.883333333333333,7.9,17.3,0.455,4.7,9.4,0.5,3.1,3.1,1.0,3.1,3.1,6.3,4.7,1.6,1.6,1.6,3.1,4.7,1.6,23.6,-4.7,46.1,0,0,45.6,1,1,13086,1,13803,6922,5449,12676,2699,4203,3944,7446,9619,1,5050,16281,11626,8139,12450,8096,4628,1200,5240,14716,5059,15430,4707,2246,150,3967,1,22:53
2024-25,1628978,Donte DiVincenzo,Donte,1610612750,MIN,Minnesota Timberwolves,0022400986,2025-03-17T00:00:00,MIN vs. IND,L,31.766666666666666,7.9,18.1,0.438,5.7,12.5,0.455,0.0,0.0,0.0,0.0,3.4,3.4,3.4,0.0,2.3,0.0,1.1,4.5,1.1,21.5,-22.7,37.5,0,0,38.5,1,13222,1,13222,6187,6783,4531,13558,1594,1544,7148,13505,14344,13505,14058,15523,18784,11689,16469,5157,8263,6763,5701,16748,6611,22260,9336,2246,150,7687,1,31:46
2024-25,1629008,Michael Porter Jr.,Michael,1610612743,DEN,Denver Nuggets,0022400990,2025-03-17T00:00:00,DEN @ GSW,W,40.876666666666665,6.2,15.9,0.389,2.6,8.8,0.3,3.5,3.5,1.0,0.9,7.9,8.8,4.4,0.0,1.8,0.0,1.8,2.6,3.5,18.5,17.6,41.0,1,0,37.9,1,1,13086,1,394,11060,7342,16009,7707,5095,11319,6664,8847,1,13952,4815,7013,8874,16469,7403,8263,4003,12274,7603,9324,4704,7194,1,150,8115,1,40:53
2024-25,1628418,Thomas Bryant,Thomas,1610612754,IND,Indiana Pacers,0022400986,2025-03-17T00:00:00,IND @ MIN,W,32.66,4.4,13.2,0.333,1.1,7.7,0.143,1.1,1.1,1.0,1.1,6.6,7.7,0.0,4.4,1.1,2.2,2.2,1.1,2.2,11.0,3.3,25.8,0,0,26.5,1,1,13086,1,5438,16040,11437,17395,13931,6967,14649,12906,14039,1,12451,7069,8776,19908,3126,11003,2935,2629,19082,12145,17160,10969,17755,2246,150,16575,1,32:40
2024-25,1630208,Nick Richards,Nick,1610612756,PHX,Phoenix Suns,0022400991,2025-03-17T00:00:00,PHX vs. TOR,W,11.966666666666667,12.0,24.1,0.5,0.0,0.0,0.0,6.0,6.0,1.0,3.0,9.0,12.0,3.0,0.0,0.0,0.0,0.0,6.0,3.0,30.1,-12.0,49.0,0,0,45.1,1,1,13086,1,21302,1500,1037,8526,15070,20945,15070,2837,4447,1,5314,3492,3461,12895,16469,12854,8263,8846,2917,9208,2054,18749,3617,2246,150,4200,1,11:58
2024-25,1630194,Paul Reed,Paul,1610612765,DET,Detroit Pistons,0022400987,2025-03-17T00:00:00,DET @ NOP,W,10.383333333333333,3.5,6.9,0.5,3.5,3.5,1.0,0.0,0.0,0.0,6.9,6.9,13.9,3.5,6.9,6.9,0.0,0.0,3.5,0.0,10.4,62.4,46.1,0,0,45.1,1,1,13086,1,21969,18392,21635,8526,5222,16714,1,13505,14344,13505,1166,6479,2296,11498,916,308,8263,8846,8847,17725,17756,329,4693,2246,150,4233,1,10:23
2024-25,1641722,Jordan Hawkins,Jordan,1610612740,NOP,New Orleans Pelicans,0022400987,2025-03-17T00:00:00,NOP vs. DET,L,27.833333333333332,2.6,14.2,0.182,2.6,9.1,0.286,0.0,0.0,0.0,0.0,2.6,2.6,1.3,3.9,0.0,1.3,1.3,0.0,0.0,7.8,-54.3,12.8,0,0,16.8,1,13222,1,13222,9684,20295,9786,21891,7871,4733,11433,13505,14344,13505,14058,17973,20659,18683,4132,12854,5677,5688,20257,17725,20117,25549,23820,2246,150,22373,1,27:50
2024-25,1642276,Kel'el Ware,Kel'el,1610612748,MIA,Miami Heat,0022400984,2025-03-17T00:00:00,MIA @ NYK,L,19.253333333333334,9.3,11.2,0.833,0.0,1.9,0.0,0.0,0.0,0.0,1.9,9.3,11.2,0.0,3.7,1.9,1.9,0.0,3.7,0.0,18.7,-50.5,39.6,0,0,37.4,1,13222,1,13222,16624,4132,14996,1514,15070,19796,15070,13505,14344,13505,8950,3166,4226,19908,4463,6923,3866,8846,7941,17725,9123,25416,8000,2246,150,8437,1,19:15
2024-25,1630695,Micah Potter,Micah,1610612762,UTA,Utah Jazz,0022400989,2025-03-17T00:00:00,UTA vs. CHI,L,23.1,0.0,3.1,0.0,0.0,3.1,0.0,3.1,3.1,1.0,1.6,9.4,10.9,1.6,3.1,0.0,0.0,0.0,1.6,1.6,3.1,1.6,15.4,0,0,15.6,1,13222,1,13222,13631,22635,24452,22635,15070,17430,15070,7501,9680,1,10086,3158,4495,17773,6075,12854,8263,8846,17008,14763,22918,11848,23048,2246,150,22851,1,23:06
2024-25,1630577,Julian Champagnie,Julian,1610612759,SAS,San Antonio Spurs,0022400537,2025-03-17T00:00:00,SAS @ LAL,L,28.516666666666666,2.5,10.1,0.25,2.5,8.8,0.286,0.0,0.0,0.0,0.0,5.0,5.0,6.3,1.3,1.3,1.3,0.0,1.3,0.0,7.6,-5.0,29.4,0,0,26.5,1,13222,1,13222,9103,20416,16894,20233,8061,5046,11433,13505,14344,13505,14058,10728,14669,5002,14024,9700,5840,8846,18208,17725,20264,15616,15203,2246,150,16535,1,28:31
2024-25,201942,DeMar DeRozan,DeMar,1610612758,SAC,Sacramento Kings,0022400992,2025-03-17T00:00:00,SAC vs. MEM,W,32.61666666666667,7.7,21.0,0.368,3.3,6.6,0.5,5.5,7.7,0.714,3.3,3.3,6.6,8.8,1.1,0.0,1.1,3.3,2.2,4.4,24.3,-1.1,47.7,0,0,45.3,1,1,13086,1,5465,7211,2348,16823,5624,9270,3944,3392,2727,9244,4723,15762,10896,2151,15108,12854,6765,1055,14060,5309,4624,13617,4077,2246,150,4125,1,32:37
2024-25,1641718,Keyonte George,Keyonte,1610612762,UTA,Utah Jazz,0022400989,2025-03-17T00:00:00,UTA vs. CHI,L,27.316666666666666,5.3,9.2,0.571,1.3,4.0,0.333,9.2,9.2,1.0,0.0,2.6,2.6,2.6,5.3,2.6,0.0,0.0,4.0,5.3,21.1,-9.2,30.8,0,0,32.9,1,13222,1,13222,10084,13619,18364,6538,12793,15671,9209,933,1753,1,14058,17868,20573,14097,2041,4054,8263,8846,7269,3675,7017,17539,14178,2246,150,11698,1,27:19
2024-25,1626164,Devin Booker,Devin,1610612756,PHX,Phoenix Suns,0022400991,2025-03-17T00:00:00,PHX vs. TOR,W,32.083333333333336,9.0,16.8,0.533,3.4,6.7,0.5,9.0,9.0,1.0,0.0,4.5,4.5,6.7,1.1,0.0,0.0,0.0,3.4,4.5,30.3,25.8,44.7,0,0,44.9,1,1,13086,1,5901,4752,6001,8140,5468,9048,3944,1012,1884,1,14058,12288,16078,4379,14995,12854,8263,8846,9195,5171,1984,2650,5347,2246,150,4322,1,32:05
2024-25,1629643,Chuma Okeke,Chuma,1610612755,PHI,Philadelphia 76ers,0022400985,2025-03-17T00:00:00,PHI @ HOU,L,17.321666666666665,2.1,4.2,0.5,0.0,2.1,0.0,0.0,0.0,0.0,6.2,0.0,6.2,2.1,2.1,2.1,0.0,0.0,0.0,2.1,4.2,-6.2,18.9,0,0,16.6,1,13222,1,13222,18058,21274,24021,8526,15070,19407,15070,13505,14344,13505,1511,22137,11745,16084,10108,5882,8263,8846,20257,12720,22483,16180,21692,2246,150,22457,1,17:19
2024-25,1630572,Sandro Mamukelashvili,Sandro,1610612759,SAS,San Antonio Spurs,0022400537,2025-03-17T00:00:00,SAS @ LAL,L,12.766666666666667,8.5,16.9,0.5,5.6,11.3,0.5,5.6,5.6,1.0,5.6,0.0,5.6,0.0,2.8,2.8,0.0,2.8,2.8,2.8,28.2,0.0,40.6,0,0,45.1,1,13222,1,13222,20855,5689,5891,8526,1625,2271,3944,3260,4983,1,1850,22137,13176,19908,7147,3638,8263,1574,11549,9891,2708,12240,7392,2246,150,4212,1,12:46
2024-25,1642359,Pacôme Dadiet,Pacôme,1610612752,NYK,New York Knicks,0022400984,2025-03-17T00:00:00,NYK vs. MIA,W,2.9,0.0,12.4,0.0,0.0,12.4,0.0,0.0,0.0,0.0,0.0,0.0,0.0,0.0,0.0,0.0,0.0,0.0,12.4,0.0,0.0,-24.8,0.0,0,0,0.0,1,1,13086,1,25027,22635,12868,22635,15070,1565,15070,13505,14344,13505,14058,22137,23286,19908,16469,12854,8263,8846,383,17725,23200,22764,25228,2246,150,25259,1,2:54
2024-25,1630170,Devin Vassell,Devin,1610612759,SAS,San Antonio Spurs,0022400537,2025-03-17T00:00:00,SAS @ LAL,L,33.5,6.4,14.0,0.462,3.2,8.6,0.375,2.1,2.1,1.0,0.0,8.6,8.6,2.1,2.1,0.0,1.1,1.1,2.1,1.1,18.3,-16.1,32.9,0,0,34.4,1,13222,1,13222,4727,10317,10211,12428,5891,5422,8800,10132,12256,1,14058,3941,7319,15822,9729,12854,6944,7271,14360,17034,9555,20290,12668,2246,150,10538,1,33:30
2024-25,1630530,Trey Murphy III,Trey,1610612740,NOP,New Orleans Pelicans,0022400987,2025-03-17T00:00:00,NOP vs. DET,L,0.8166666666666667,0.0,0.0,0.0,0.0,0.0,0.0,0.0,0.0,0.0,0.0,0.0,0.0,0.0,44.1,0.0,0.0,0.0,0.0,0.0,0.0,-44.1,-44.1,0,0,0.0,1,13222,1,13222,26127,22635,24836,22635,15070,20945,15070,13505,14344,13505,14058,22137,23286,19908,4,12854,8263,8846,20257,17725,23200,25126,26304,2246,150,25259,1,0:49
2024-25,1630526,Jeremiah Robinson-Earl,Jeremiah,1610612740,NOP,New Orleans Pelicans,0022400987,2025-03-17T00:00:00,NOP vs. DET,L,18.361666666666668,5.9,7.8,0.75,0.0,2.0,0.0,0.0,0.0,0.0,0.0,2.0,2.0,2.0,3.9,2.0,0.0,0.0,3.9,0.0,11.8,-58.8,19.0,0,0,19.6,1,13222,1,13222,17314,11857,20486,2107,15070,19628,15070,13505,14344,13505,14058,19791,21885,16516,4034,6451,8263,8846,7380,17725,16383,25655,21632,2246,150,21089,1,18:22
2024-25,1630264,Anthony Gill,Anthony,1610612764,WAS,Washington Wizards,0022400995,2025-03-17T00:00:00,WAS @ POR,L,21.416666666666668,5.0,8.4,0.6,0.0,0.0,0.0,1.7,3.4,0.5,0.0,6.7,6.7,1.7,1.7,0.0,0.0,0.0,3.4,3.4,11.8,-6.7,20.7,0,0,20.2,1,13222,1,13222,14979,14258,19633,5394,15070,20945,15070,11451,9177,10625,14058,6850,10694,17419,12002,12854,8263,8846,9212,8071,16381,16389,20855,2246,150,20769,1,21:25
2024-25,1641767,Ben Sheppard,Ben,1610612754,IND,Indiana Pacers,0022400986,2025-03-17T00:00:00,IND @ MIN,W,29.166666666666668,1.2,3.7,0.333,1.2,2.5,0.5,0.0,0.0,0.0,2.5,4.9,7.4,7.4,0.0,0.0,0.0,0.0,4.9,0.0,3.7,-1.2,23.7,0,0,19.7,1,1,13086,1,8534,22463,24226,17395,13178,18683,3944,13505,14344,13505,6715,11061,9357,3505,16469,12854,8263,8846,4756,17725,22688,13689,19154,2246,150,21012,1,29:10
2024-25,1631303,Justin Minaya,Justin,1610612757,POR,Portland Trail Blazers,0022400995,2025-03-17T00:00:00,POR vs. WAS,W,1.25,0.0,0.0,0.0,0.0,0.0,0.0,0.0,0.0,0.0,0.0,0.0,0.0,0.0,0.0,0.0,0.0,0.0,0.0,0.0,0.0,0.0,0.0,0,0,0.0,1,1,13086,1,25934,22635,24836,22635,15070,20945,15070,13505,14344,13505,14058,22137,23286,19908,16469,12854,8263,8846,20257,17725,23200,12240,25228,2246,150,25259,1,1:15
2024-25,1631246,Vince Williams Jr.,Vince,1610612763,MEM,Memphis Grizzlies,0022400992,2025-03-17T00:00:00,MEM @ SAC,L,16.73,0.0,6.5,0.0,0.0,6.5,0.0,4.3,4.3,1.0,0.0,6.5,6.5,0.0,4.3,2.2,2.2,0.0,4.3,4.3,4.3,-32.3,20.7,0,0,19.4,1,13222,1,13222,18441,22635,22150,22635,15070,9638,15070,5142,7201,1,14058,7404,11264,19908,3320,5584,3063,8846,6275,5574,22406,24065,20866,2246,150,21224,1,16:44
2024-25,1627814,Damion Lee,Damion,1610612756,PHX,Phoenix Suns,0022400991,2025-03-17T00:00:00,PHX vs. TOR,W,5.533333333333333,6.5,6.5,1.0,0.0,0.0,0.0,0.0,0.0,0.0,0.0,0.0,0.0,6.5,6.5,0.0,0.0,0.0,0.0,0.0,13.0,52.0,16.3,0,0,19.5,1,1,13086,1,23768,10175,22103,1,15070,20945,15070,13505,14344,13505,14058,22137,23286,4699,1128,12854,8263,8846,20257,17725,15075,501,22751,2246,150,21140,1,5:32
2024-25,1626145,Tyus Jones,Tyus,1610612756,PHX,Phoenix Suns,0022400991,2025-03-17T00:00:00,PHX vs. TOR,W,27.283333333333335,6.6,15.8,0.417,5.3,9.2,0.571,1.3,1.3,1.0,1.3,2.6,4.0,5.3,1.3,0.0,0.0,0.0,1.3,1.3,19.8,43.5,31.1,0,0,34.3,1,1,13086,1,10113,9939,7370,14532,1971,4475,3506,12250,13701,1,11103,17855,17418,6870,13715,12854,8263,8846,17956,15811,8079,755,13959,2246,150,10608,1,27:17
2024-25,203937,Kyle Anderson,Kyle,1610612748,MIA,Miami Heat,0022400984,2025-03-17T00:00:00,MIA @ NYK,L,16.883333333333333,6.4,12.8,0.5,0.0,0.0,0.0,2.1,2.1,1.0,0.0,2.1,2.1,2.1,0.0,0.0,0.0,2.1,6.4,4.3,14.9,-23.5,20.7,0,0,19.2,1,13222,1,13222,18330,10458,12225,8526,15070,20945,15070,10198,12317,1,14058,19262,21547,15881,16469,12854,8263,2826,2491,5687,12991,22452,20850,2246,150,21293,1,16:53
2024-25,1630643,Jay Huff,Jay,1610612763,MEM,Memphis Grizzlies,0022400992,2025-03-17T00:00:00,MEM @ SAC,L,3.5833333333333335,0.0,10.0,0.0,0.0,10.0,0.0,0.0,0.0,0.0,0.0,20.1,20.1,0.0,0.0,0.0,0.0,0.0,0.0,0.0,0.0,30.1,24.1,0,0,20.1,1,13222,1,13222,24677,22635,16959,22635,15070,3433,15070,13505,14344,13505,14058,168,514,19908,16469,12854,8263,8846,20257,17725,23200,1948,18868,2246,150,20804,1,3:35
2024-25,1630166,Deni Avdija,Deni,1610612757,POR,Portland Trail Blazers,0022400995,2025-03-17T00:00:00,POR vs. WAS,W,27.3,6.6,14.5,0.455,4.0,9.2,0.429,2.6,2.6,1.0,0.0,7.9,7.9,2.6,2.6,0.0,0.0,1.3,1.3,2.6,19.8,2.6,30.6,0,0,34.3,1,1,13086,1,10100,9949,9349,12676,4084,4485,7394,8719,10891,1,14058,4845,8439,14090,7744,12854,8263,5558,17963,10522,8090,11300,14357,2246,150,10617,1,27:18
2024-25,1629052,Oshae Brissett,Oshae,1610612755,PHI,Philadelphia 76ers,0022400985,2025-03-17T00:00:00,PHI @ HOU,L,42.858333333333334,3.4,7.6,0.444,0.8,3.4,0.25,1.7,4.2,0.4,1.7,2.5,4.2,1.7,3.4,0.0,1.7,0.8,3.4,4.2,9.2,2.5,18.5,0,0,19.3,1,13222,1,13222,163,18621,20845,13045,15042,16952,11902,11455,7410,13061,9644,18138,16809,17422,5332,12854,4341,8787,9219,5841,18868,11356,21896,2246,150,21241,1,42:52
2024-25,203897,Zach LaVine,Zach,1610612758,SAC,Sacramento Kings,0022400992,2025-03-17T00:00:00,SAC vs. MEM,W,37.33,6.8,10.6,0.636,4.8,7.7,0.625,3.9,4.8,0.8,1.0,1.0,1.9,5.8,1.9,0.0,0.0,0.0,1.0,3.9,22.2,-1.0,31.2,0,0,34.7,1,1,13086,1,1781,9562,16031,4689,2525,6969,2868,5966,6252,7681,13539,22032,21949,5882,10908,12854,8263,8846,19883,6685,6084,13511,13870,2246,150,10282,1,37:20
2024-25,1631115,Orlando Robinson,Orlando,1610612761,TOR,Toronto Raptors,0022400991,2025-03-17T00:00:00,TOR @ PHX,L,20.883333333333333,10.3,20.7,0.5,0.0,0.0,0.0,0.0,0.0,0.0,6.9,6.9,13.8,5.2,0.0,0.0,0.0,1.7,5.2,3.4,20.7,-36.2,45.0,0,0,39.6,1,13222,1,13222,15366,2874,2524,8526,15070,20945,15070,13505,14344,13505,1180,6542,2338,7086,16469,12854,8263,4084,4249,7814,7327,24541,5185,2246,150,6978,1,20:53
2024-25,1628380,Zach Collins,Zach,1610612741,CHI,Chicago Bulls,0022400989,2025-03-17T00:00:00,CHI @ UTA,W,17.166666666666668,0.0,12.6,0.0,0.0,6.3,0.0,0.0,0.0,0.0,4.2,2.1,6.3,2.1,4.2,2.1,0.0,0.0,4.2,2.1,0.0,-6.3,12.8,0,0,12.6,1,1,13086,1,18157,22635,12605,22635,15070,9997,15070,13505,14344,13505,3308,19368,11629,16009,3514,5800,8263,8846,6570,12622,23200,16202,23824,2246,150,23846,1,17:10
2024-25,1641810,Antonio Reeves,Antonio,1610612740,NOP,New Orleans Pelicans,0022400987,2025-03-17T00:00:00,NOP vs. DET,L,17.05,2.1,12.7,0.167,2.1,8.4,0.25,0.0,0.0,0.0,0.0,0.0,0.0,0.0,6.3,2.1,0.0,2.1,2.1,0.0,6.3,-46.5,6.3,0,0,12.7,1,13222,1,13222,18224,21222,12441,21938,9634,5673,11902,13505,14344,13505,14058,22137,23286,19908,1205,5734,8263,2894,14558,17725,21161,25246,24882,2246,150,23816,1,17:03
2024-25,1642261,Dalton Knecht,Dalton,1610612747,LAL,Los Angeles Lakers,0022400537,2025-03-17T00:00:00,LAL vs. SAS,W,20.4,7.1,17.6,0.4,3.5,12.4,0.286,5.3,7.1,0.75,1.8,3.5,5.3,5.3,0.0,0.0,1.8,0.0,1.8,3.5,22.9,-8.8,42.5,0,0,40.6,1,1,13086,1,15715,8787,5074,14933,5082,1591,11433,3660,3308,8186,9370,15141,14048,6829,16469,12854,4133,8846,16324,7587,5530,17341,6352,2246,150,6453,1,20:24
2024-25,1641824,Matas Buzelis,Matas,1610612741,CHI,Chicago Bulls,0022400989,2025-03-17T00:00:00,CHI @ UTA,W,29.766666666666666,8.5,15.7,0.538,3.6,8.5,0.429,0.0,0.0,0.0,1.2,9.7,10.9,2.4,1.2,0.0,1.2,1.2,1.2,2.4,20.6,24.2,39.7,0,0,39.9,1,1,13086,1,7993,5680,7510,7978,4850,5649,7394,13505,14344,13505,11732,2845,4513,14812,14373,12854,6114,6191,18483,11271,7439,2987,7980,2246,150,6830,1,29:46
2024-25,1630631,Jose Alvarado,Jose,1610612740,NOP,New Orleans Pelicans,0022400987,2025-03-17T00:00:00,NOP vs. DET,L,28.183333333333334,1.3,12.8,0.1,1.3,11.5,0.111,0.0,1.3,0.0,0.0,1.3,1.3,5.1,0.0,0.0,0.0,0.0,3.8,1.3,3.8,-26.8,13.0,0,0,11.5,1,13222,1,13222,9395,22421,12267,22561,12945,2103,15003,13505,13764,13505,14058,21330,22842,7226,16469,12854,8263,8846,7645,15999,22638,23205,23760,2246,150,24113,1,28:11
2024-25,1630205,Lamar Stevens,Lamar,1610612763,MEM,Memphis Grizzlies,0022400992,2025-03-17T00:00:00,MEM @ SAC,L,3.47,0.0,20.7,0.0,0.0,0.0,0.0,0.0,0.0,0.0,0.0,10.4,10.4,0.0,31.1,0.0,0.0,10.4,20.7,0.0,0.0,-72.6,-18.7,0,0,10.4,1,13222,1,13222,24727,22635,2487,22635,15070,20945,15070,13505,14344,13505,14058,2306,5034,19908,13,12854,8263,59,112,17725,23200,25917,26274,2246,150,24359,1,3:28
2024-25,1626172,Kevon Looney,Kevon,1610612744,GSW,Golden State Warriors,0022400990,2025-03-17T00:00:00,GSW vs. DEN,L,15.213333333333333,7.1,7.1,1.0,0.0,0.0,0.0,0.0,7.1,0.0,9.5,7.1,16.6,0.0,2.4,2.4,2.4,0.0,7.1,4.7,14.2,-9.5,45.9,0,0,40.2,1,13222,1,13222,19435,8705,21441,1,15070,20945,15070,13505,3270,13505,481,6180,1248,19908,8787,4807,2611,8846,1900,4655,13728,17652,4776,2246,150,6659,1,15:13
2024-25,203500,Steven Adams,Steven,1610612745,HOU,Houston Rockets,0022400985,2025-03-17T00:00:00,HOU vs. PHI,W,0.021666666666666667,0.0,0.0,0.0,0.0,0.0,0.0,0.0,0.0,0.0,0.0,0.0,0.0,0.0,0.0,0.0,0.0,0.0,0.0,0.0,0.0,3323.1,0.0,0,0,0.0,1,1,13086,1,26295,22635,24836,22635,15070,20945,15070,13505,14344,13505,14058,22137,23286,19908,16469,12854,8263,8846,20257,17725,23200,1,25228,2246,150,25259,1,0:01
2024-25,203995,Vasilije Micić,Vasilije,1610612756,PHX,Phoenix Suns,0022400991,2025-03-17T00:00:00,PHX vs. TOR,W,5.533333333333333,0.0,0.0,0.0,0.0,0.0,0.0,0.0,0.0,0.0,0.0,13.0,13.0,0.0,0.0,0.0,0.0,0.0,0.0,0.0,0.0,52.0,15.6,0,0,13.0,1,1,13086,1,23768,22635,24836,22635,15070,20945,15070,13505,14344,13505,14058,1006,2796,19908,16469,12854,8263,8846,20257,17725,23200,501,22989,2246,150,23709,1,5:32
2024-25,1629020,Jarred Vanderbilt,Jarred,1610612747,LAL,Los Angeles Lakers,0022400537,2025-03-17T00:00:00,LAL vs. SAS,W,14.9,2.4,4.8,0.5,0.0,0.0,0.0,0.0,0.0,0.0,0.0,2.4,2.4,2.4,2.4,0.0,0.0,0.0,2.4,0.0,4.8,-4.8,8.9,0,0,9.7,1,1,13086,1,19635,20628,23580,8526,15070,20945,15070,13505,14344,13505,14058,18437,20972,14826,8586,12854,8263,8846,13123,17725,22108,15491,24576,2246,150,24497,1,14:54
2024-25,1642345,Oso Ighodaro,Oso,1610612756,PHX,Phoenix Suns,0022400991,2025-03-17T00:00:00,PHX vs. TOR,W,26.233333333333334,5.5,8.2,0.667,0.0,0.0,0.0,1.4,1.4,1.0,4.1,8.2,12.4,5.5,0.0,1.4,1.4,1.4,4.1,2.7,12.4,53.5,43.6,0,0,35.7,1,1,13086,1,10963,13009,19895,3281,15070,20945,15070,12094,13629,1,3416,4375,3234,6449,16469,9057,5348,5296,6777,10176,15759,472,5831,2246,150,9599,1,26:14
2024-25,1628969,Mikal Bridges,Mikal,1610612752,NYK,New York Knicks,0022400984,2025-03-17T00:00:00,NYK vs. MIA,W,32.333333333333336,11.1,15.6,0.714,4.5,6.7,0.667,4.5,4.5,1.0,0.0,1.1,1.1,3.3,3.3,1.1,0.0,0.0,1.1,2.2,31.2,13.4,37.5,0,0,42.3,1,1,13086,1,5701,2153,7712,2752,3144,9140,1957,4903,6928,1,14058,21728,23064,11855,5390,10912,8263,8846,19026,12042,1738,6239,9328,2246,150,5496,1,32:20
2024-25,1630191,Isaiah Stewart,Isaiah,1610612765,DET,Detroit Pistons,0022400987,2025-03-17T00:00:00,DET @ NOP,W,15.65,6.9,6.9,1.0,0.0,0.0,0.0,0.0,0.0,0.0,4.6,6.9,11.5,2.3,0.0,2.3,4.6,0.0,6.9,0.0,13.8,39.1,51.8,0,0,41.4,1,1,13086,1,19166,9153,21665,1,15070,20945,15070,13505,14344,13505,2803,6528,3944,15227,16469,5033,647,8846,2057,17725,14152,1033,2768,2246,150,5975,1,15:39
2024-25,1629011,Mitchell Robinson,Mitchell,1610612752,NYK,New York Knicks,0022400984,2025-03-17T00:00:00,NYK vs. MIA,W,23.726666666666667,7.6,10.6,0.714,0.0,0.0,0.0,0.0,0.0,0.0,7.6,6.1,13.7,1.5,0.0,3.0,3.0,0.0,0.0,1.5,15.2,12.1,52.0,0,0,42.5,1,1,13086,1,13136,7551,16019,2752,15070,20945,15070,13505,14344,13505,918,8179,2407,17911,16469,3072,1652,8846,20257,14932,12741,6737,2696,2246,150,5417,1,23:44
2024-25,1629130,Duncan Robinson,Duncan,1610612748,MIA,Miami Heat,0022400984,2025-03-17T00:00:00,MIA @ NYK,L,27.85333333333333,10.3,15.5,0.667,6.5,11.6,0.556,1.3,1.3,1.0,1.3,1.3,2.6,2.6,2.6,1.3,0.0,0.0,1.3,2.6,28.4,-20.7,36.7,0,0,42.7,1,13222,1,13222,9670,2878,7808,3281,1022,2010,3747,12320,13741,1,11232,21294,20667,14265,7933,9505,8263,8846,18063,10691,2618,21751,9885,2246,150,5330,1,27:51
2024-25,1641796,Pelle Larsson,Pelle,1610612748,MIA,Miami Heat,0022400984,2025-03-17T00:00:00,MIA @ NYK,L,13.95,2.6,5.2,0.5,2.6,2.6,1.0,2.6,5.2,0.5,0.0,7.7,7.7,0.0,2.6,0.0,0.0,0.0,0.0,2.6,10.3,-12.9,17.0,0,0,20.6,1,13222,1,13222,20220,20306,23349,8526,7889,18479,1,8853,5660,10625,14058,5091,8733,19908,7944,12854,8263,8846,20257,10701,17838,19092,22472,2246,150,20487,1,13:57
2024-25,1631212,Peyton Watson,Peyton,1610612743,DEN,Denver Nuggets,0022400990,2025-03-17T00:00:00,DEN @ GSW,W,35.43333333333333,5.1,8.1,0.625,1.0,2.0,0.5,2.0,6.1,0.333,0.0,5.1,5.1,1.0,1.0,1.0,4.1,1.0,3.0,5.1,13.2,14.2,35.1,0,0,30.5,1,1,13086,1,3125,14150,20046,4899,14451,19492,3944,10524,4357,13132,14058,10637,14578,19629,15739,11803,885,7763,10498,3952,14863,5925,11021,2246,150,13560,1,35:26
2024-25,1628427,Vlatko Čančar,Vlatko,1610612743,DEN,Denver Nuggets,0022400990,2025-03-17T00:00:00,DEN @ GSW,W,23.9,3.0,6.0,0.5,1.5,3.0,0.5,0.0,0.0,0.0,4.5,7.5,12.1,3.0,4.5,1.5,0.0,0.0,1.5,3.0,7.5,4.5,26.5,0,0,27.1,1,1,13086,1,12991,19386,22570,8526,12001,17614,3944,13505,14344,13505,2901,5438,3449,12881,2971,8382,8263,8846,17187,9191,20292,10380,17288,2246,150,16074,1,23:54
2024-25,201939,Stephen Curry,Stephen,1610612744,GSW,Golden State Warriors,0022400990,2025-03-17T00:00:00,GSW vs. DEN,L,35.74,6.0,21.2,0.286,4.0,14.1,0.286,4.0,4.0,1.0,0.0,4.0,4.0,7.1,7.1,3.0,0.0,2.0,2.0,3.0,20.1,-7.1,37.6,0,0,41.3,1,13222,1,13222,2870,11389,2244,19630,3944,902,11433,5651,7787,1,14058,13634,17252,3954,876,3102,8263,3189,15066,9158,7796,16526,9305,2246,150,6029,1,35:44
2024-25,1642271,Kyle Filipowski,Kyle,1610612762,UTA,Utah Jazz,0022400989,2025-03-17T00:00:00,UTA vs. CHI,L,23.783333333333335,6.1,13.6,0.444,0.0,6.1,0.0,0.0,0.0,0.0,0.0,7.6,7.6,1.5,1.5,0.0,0.0,1.5,0.0,0.0,12.1,-7.6,21.9,0,0,21.2,1,13222,1,13222,13086,11352,10794,13045,15070,10557,15070,13505,14344,13505,14058,5383,9035,17928,12684,12854,8263,4722,20257,17725,16023,16766,20175,2246,150,20160,1,23:47
2024-25,203482,Kelly Olynyk,Kelly,1610612740,NOP,New Orleans Pelicans,0022400987,2025-03-17T00:00:00,NOP vs. DET,L,23.65,4.6,9.1,0.5,1.5,4.6,0.333,3.0,3.0,1.0,0.0,4.6,4.6,4.6,1.5,1.5,1.5,1.5,4.6,3.0,13.7,-15.2,33.6,0,0,30.4,1,13222,1,13222,13186,15576,18504,8526,11954,14273,9209,7680,9860,1,14058,12074,15884,8488,12650,8308,4769,4684,5625,9086,14279,19983,12079,2246,150,13588,1,23:39
2024-25,203903,Jordan Clarkson,Jordan,1610612762,UTA,Utah Jazz,0022400989,2025-03-17T00:00:00,UTA vs. CHI,L,21.55,8.4,16.7,0.5,1.7,8.4,0.2,5.0,8.4,0.6,1.7,3.3,5.0,5.0,6.7,0.0,0.0,0.0,1.7,5.0,23.4,5.0,30.2,0,0,35.1,1,13222,1,13222,14889,5882,6169,8526,11481,5822,13429,4022,2292,10343,9673,15664,14766,7445,1035,12854,8263,8846,16621,4094,5212,10104,14637,2246,150,10036,1,21:33
2024-25,1631105,Jalen Duren,Jalen,1610612765,DET,Detroit Pistons,0022400987,2025-03-17T00:00:00,DET @ NOP,W,21.966666666666665,6.6,9.8,0.667,0.0,0.0,0.0,1.6,3.3,0.5,1.6,9.8,11.5,9.8,0.0,0.0,3.3,1.6,4.9,1.6,14.7,18.0,53.1,0,0,42.6,1,1,13086,1,14528,10047,17348,3281,15070,20945,15070,11527,9361,10625,9787,2698,3983,1518,16469,12854,1412,4338,4804,14492,13156,4550,2420,2246,150,5346,1,21:58
2024-25,1629632,Coby White,Coby,1610612741,CHI,Chicago Bulls,0022400989,2025-03-17T00:00:00,CHI @ UTA,W,35.38333333333333,9.2,19.3,0.474,2.0,10.2,0.2,6.1,7.1,0.857,0.0,3.1,3.1,4.1,2.0,0.0,0.0,0.0,0.0,6.1,26.5,16.3,34.2,0,0,35.6,1,1,13086,1,3158,4429,3471,12072,9986,3307,13429,2774,3248,7071,14058,16547,19579,9746,10333,12854,8263,8846,20257,2497,3454,5150,11659,2246,150,9654,1,35:23
2024-25,1631101,Shaedon Sharpe,Shaedon,1610612757,POR,Portland Trail Blazers,0022400995,2025-03-17T00:00:00,POR vs. WAS,W,25.266666666666666,8.5,19.9,0.429,2.8,10.0,0.286,2.8,5.7,0.5,1.4,5.7,7.1,2.8,2.8,2.8,0.0,1.4,0.0,2.8,22.8,-4.3,41.3,0,0,41.3,1,1,13086,1,11769,5528,3006,13735,7047,3517,11433,8213,4886,10625,10649,9042,9907,13443,7028,3551,8263,5077,20257,9777,5632,15210,6978,2246,150,6014,1,25:16
2024-25,1631117,Walker Kessler,Walker,1610612762,UTA,Utah Jazz,0022400989,2025-03-17T00:00:00,UTA vs. CHI,L,30.766666666666666,3.5,12.9,0.273,0.0,5.9,0.0,1.2,1.2,1.0,2.3,11.7,14.0,1.2,0.0,0.0,3.5,1.2,4.7,1.2,8.2,-10.5,37.3,0,0,30.4,1,13222,1,13222,7073,18306,12088,20048,15070,11074,15070,12699,13938,1,7120,1525,2211,19115,16469,12854,1220,6480,5337,16553,19757,18122,9455,2246,150,13602,1,30:46
2024-25,1629013,Landry Shamet,Landry,1610612752,NYK,New York Knicks,0022400984,2025-03-17T00:00:00,NYK vs. MIA,W,25.2,4.3,12.9,0.333,4.3,8.6,0.5,0.0,0.0,0.0,1.4,2.9,4.3,0.0,1.4,2.9,0.0,2.9,2.9,2.9,12.9,20.0,25.1,0,0,27.1,1,1,13086,1,11832,16357,12107,17395,3413,5458,3944,13505,14344,13505,10634,17212,16568,19908,13117,3527,8263,1525,11375,9737,15231,3947,18184,2246,150,16060,1,25:12
2024-25,202699,Tobias Harris,Tobias,1610612765,DET,Detroit Pistons,0022400987,2025-03-17T00:00:00,DET @ NOP,W,25.3,4.3,11.4,0.375,0.0,5.7,0.0,4.3,5.7,0.75,1.4,7.1,8.5,0.0,0.0,0.0,0.0,0.0,2.8,2.8,12.8,22.8,23.1,0,0,21.3,1,1,13086,1,11743,16403,14692,16299,15070,11472,15070,5217,4902,8186,10655,6146,7418,19908,16469,12854,8263,8846,11437,9793,15283,3302,19529,2246,150,20079,1,25:18
2024-25,1631170,Jaime Jaquez Jr.,Jaime,1610612748,MIA,Miami Heat,0022400984,2025-03-17T00:00:00,MIA @ NYK,L,30.0,3.6,9.6,0.375,0.0,2.4,0.0,0.0,0.0,0.0,2.4,10.8,13.2,8.4,3.6,1.2,2.4,1.2,0.0,0.0,7.2,-1.2,42.8,0,0,36.0,1,13222,1,13222,7781,18082,17768,16299,15070,18805,15070,13505,14344,13505,6919,2016,2667,2510,4775,10173,2557,6258,20257,17725,20560,13676,6202,2246,150,9360,1,30:00
2024-25,1642419,Jamison Battle,Jamison,1610612761,TOR,Toronto Raptors,0022400991,2025-03-17T00:00:00,TOR @ PHX,L,29.55,6.1,17.1,0.357,4.9,14.6,0.333,0.0,0.0,0.0,0.0,3.7,3.7,1.2,0.0,0.0,0.0,0.0,0.0,0.0,17.1,-20.7,23.3,0,0,26.8,1,13222,1,13222,8180,11248,5740,17140,2452,778,9209,13505,14344,13505,14058,14777,18191,18955,16469,12854,8263,8846,20257,17725,10795,21759,19394,2246,150,16320,1,29:33
2024-25,1629216,Gabe Vincent,Gabe,1610612747,LAL,Los Angeles Lakers,0022400537,2025-03-17T00:00:00,LAL vs. SAS,W,27.966666666666665,5.1,7.7,0.667,3.9,6.4,0.6,0.0,0.0,0.0,0.0,2.6,2.6,1.3,0.0,2.6,0.0,0.0,3.9,1.3,14.2,11.6,26.9,0,0,27.0,1,1,13086,1,9569,13952,20624,3281,4292,9677,2992,13505,14344,13505,14058,18001,20677,18702,16469,4191,8263,8846,7573,15960,13778,6975,17024,2246,150,16128,1,27:58
2024-25,1631110,Jeremy Sochan,Jeremy,1610612759,SAS,San Antonio Spurs,0022400537,2025-03-17T00:00:00,SAS @ LAL,L,26.1,9.7,12.4,0.778,1.4,4.1,0.333,0.0,0.0,0.0,2.8,1.4,4.1,1.4,4.1,0.0,0.0,0.0,4.1,2.8,20.7,-15.2,23.6,0,0,27.6,1,13222,1,13222,11088,3656,12868,1994,12524,15257,9209,13505,14344,13505,5953,21128,16981,18406,3597,12854,8263,8846,6719,10110,7323,19965,19210,2246,150,15729,1,26:06
2024-25,202696,Nikola Vučević,Nikola,1610612741,CHI,Chicago Bulls,0022400989,2025-03-17T00:00:00,CHI @ UTA,W,30.833333333333332,3.5,17.5,0.2,2.3,7.0,0.333,2.3,2.3,1.0,1.2,10.5,11.7,4.7,1.2,1.2,1.2,1.2,2.3,3.5,11.7,19.8,38.5,1,0,35.0,1,1,13086,1,7013,18321,5240,21401,8721,8454,9209,9509,11680,1,12010,2223,3779,8256,14677,10449,6379,6498,13503,7652,16488,3997,8685,1,150,10067,1,30:50
2024-25,1642377,Jaylen Wells,Jaylen,1610612763,MEM,Memphis Grizzlies,0022400992,2025-03-17T00:00:00,MEM @ SAC,L,33.64666666666667,4.3,11.8,0.364,3.2,8.6,0.375,3.2,3.2,1.0,0.0,4.3,4.3,2.1,0.0,1.1,0.0,2.1,5.3,2.1,15.0,3.2,26.5,0,0,26.7,1,13222,1,13222,4600,16373,13999,16861,5928,5485,8800,7306,9501,1,14058,12868,16587,15861,16469,11281,8263,2803,3924,12439,12925,11013,17272,2246,150,16360,1,33:39
2024-25,1629638,Nickeil Alexander-Walker,Nickeil,1610612750,MIN,Minnesota Timberwolves,0022400986,2025-03-17T00:00:00,MIN vs. IND,L,26.925,5.3,10.7,0.5,0.0,4.0,0.0,0.0,0.0,0.0,1.3,10.7,12.0,4.0,1.3,0.0,0.0,1.3,1.3,0.0,10.7,-2.7,29.8,0,0,26.7,1,13222,1,13222,10398,13413,15887,8526,15070,15559,15070,13505,14344,13505,11033,2076,3461,9906,13637,12854,8263,5462,17877,17725,17475,14389,14930,2246,150,16365,1,26:56
2024-25,1631099,Keegan Murray,Keegan,1610612758,SAC,Sacramento Kings,0022400992,2025-03-17T00:00:00,SAC vs. MEM,W,33.27,6.5,15.1,0.429,3.2,8.7,0.375,1.1,1.1,1.0,1.1,8.7,9.7,1.1,0.0,2.2,0.0,1.1,4.3,1.1,17.3,1.1,37.1,0,0,35.7,1,1,13086,1,4927,10208,8340,13735,5830,5335,8800,12961,14067,1,12618,3877,5747,19405,16469,5530,8263,7212,6199,16994,10517,12091,9620,2246,150,9568,1,33:16
2024-25,1641816,Hunter Tyson,Hunter,1610612743,DEN,Denver Nuggets,0022400990,2025-03-17T00:00:00,DEN @ GSW,W,19.733333333333334,7.3,16.4,0.444,1.8,7.3,0.25,0.0,0.0,0.0,7.3,5.5,12.8,3.6,0.0,3.6,0.0,3.6,5.5,0.0,16.4,-5.5,48.2,0,0,42.0,1,1,13086,1,16233,8225,6525,13045,10974,7822,11902,13505,14344,13505,1025,9610,2958,10936,16469,2030,8263,819,3747,17725,11483,15818,3927,2246,150,5673,1,19:44
2024-25,1630172,Patrick Williams,Patrick,1610612741,CHI,Chicago Bulls,0022400989,2025-03-17T00:00:00,CHI @ UTA,W,20.2,3.6,17.8,0.2,0.0,5.3,0.0,1.8,3.6,0.5,3.6,7.1,10.7,3.6,3.6,1.8,0.0,1.8,5.3,3.6,8.9,1.8,28.9,0,0,26.7,1,1,13086,1,15862,18164,4890,21401,15070,12331,15070,11280,8757,10625,4275,6120,4705,11191,4866,7323,8263,3947,3926,7494,19173,11748,15578,2246,150,16375,1,20:12
2024-25,1641716,Jarace Walker,Jarace,1610612754,IND,Indiana Pacers,0022400986,2025-03-17T00:00:00,IND @ MIN,W,35.056666666666665,5.1,12.3,0.417,3.1,8.2,0.375,0.0,0.0,0.0,1.0,4.1,5.1,1.0,5.1,2.1,0.0,0.0,5.1,1.0,13.3,2.1,22.1,0,0,26.7,1,1,13086,1,3417,13997,13041,14532,6272,6063,8800,13505,14344,13505,13050,13402,14437,19599,2195,5996,8263,8846,4310,17284,14688,11597,20097,2246,150,16400,1,35:03
2024-25,1628998,Cody Martin,Cody,1610612756,PHX,Phoenix Suns,0022400991,2025-03-17T00:00:00,PHX vs. TOR,W,19.1,1.9,11.3,0.167,0.0,5.7,0.0,0.0,0.0,0.0,3.8,5.7,9.4,11.3,0.0,5.7,0.0,1.9,7.5,1.9,3.8,45.2,49.0,0,0,35.8,1,1,13086,1,16751,21605,14814,21938,15070,11571,15070,13505,14344,13505,3929,9160,6148,897,16469,586,8263,3610,1608,13567,22658,698,3624,2246,150,9511,1,19:06
2024-25,1642366,Quinten Post,Quinten,1610612744,GSW,Golden State Warriors,0022400990,2025-03-17T00:00:00,GSW vs. DEN,L,8.44,8.5,12.8,0.667,0.0,4.3,0.0,0.0,0.0,0.0,0.0,4.3,4.3,0.0,0.0,4.3,0.0,0.0,0.0,0.0,17.1,-38.4,35.0,0,0,29.9,1,13222,1,13222,22648,5561,12216,3281,15070,14986,15070,13505,14344,13505,14058,12917,16627,19908,16469,1406,8263,8846,20257,17725,10794,24734,11069,2246,150,14060,1,8:26
2024-25,1642346,Ryan Dunn,Ryan,1610612756,PHX,Phoenix Suns,0022400991,2025-03-17T00:00:00,PHX vs. TOR,W,24.316666666666666,10.4,23.7,0.438,4.4,10.4,0.429,0.0,0.0,0.0,4.4,4.4,8.9,0.0,1.5,0.0,1.5,0.0,3.0,0.0,25.2,5.9,38.8,0,0,41.5,1,1,13086,1,12630,2856,1157,13558,3167,3088,7394,13505,14344,13505,2994,12428,6911,19908,12846,12854,4920,8846,10894,17725,4146,9648,8542,2246,150,5949,1,24:19
2024-25,1630639,A.J. Lawson,A.J.,1610612761,TOR,Toronto Raptors,0022400991,2025-03-17T00:00:00,TOR @ PHX,L,24.966666666666665,5.8,13.0,0.444,2.9,7.2,0.4,2.9,2.9,1.0,0.0,4.3,4.3,0.0,1.4,1.4,0.0,0.0,2.9,1.4,17.3,-46.1,25.4,0,0,27.4,1,13222,1,13222,12032,12208,11902,13045,6924,8030,7874,8134,10274,1,14058,12730,16471,19908,13048,8685,8263,8846,11249,15269,10525,25237,18022,2246,150,15867,1,24:58
2024-25,1631245,Quenton Jackson,Quenton,1610612754,IND,Indiana Pacers,0022400986,2025-03-17T00:00:00,IND @ MIN,W,18.3,7.9,11.8,0.667,2.0,2.0,1.0,7.9,7.9,1.0,2.0,2.0,3.9,0.0,0.0,2.0,0.0,0.0,9.8,5.9,25.6,-11.8,36.2,0,0,35.4,1,1,13086,1,17361,6914,13937,3281,10308,19610,1,1470,2614,1,8535,19762,17481,19908,16469,6400,8263,8846,738,2742,3891,18661,10242,2246,150,9785,1,18:18
2024-25,1642268,Isaiah Collier,Isaiah,1610612762,UTA,Utah Jazz,0022400989,2025-03-17T00:00:00,UTA vs. CHI,L,26.45,4.1,13.6,0.3,0.0,1.4,0.0,2.7,2.7,1.0,0.0,8.2,8.2,10.9,1.4,0.0,0.0,0.0,1.4,2.7,10.9,-23.1,35.7,0,0,29.9,1,13222,1,13222,10776,16879,10814,19363,15070,20423,15070,8520,10686,1,14058,4466,7980,1037,13504,12854,8263,8846,17781,10248,17276,22362,10610,2246,150,13985,1,26:27
2024-25,1630558,Davion Mitchell,Davion,1610612748,MIA,Miami Heat,0022400984,2025-03-17T00:00:00,MIA @ NYK,L,34.873333333333335,3.1,10.3,0.3,0.0,2.1,0.0,6.2,6.2,1.0,2.1,2.1,4.1,5.2,3.1,3.1,1.0,1.0,2.1,6.2,12.4,-19.6,34.4,0,0,29.9,1,13222,1,13222,3561,19204,16516,19363,15070,19434,15070,2681,4235,1,8105,19467,17009,7110,6138,2938,7257,7643,14792,2400,15734,21436,11534,2246,150,13988,1,34:52
2024-25,1631104,Blake Wesley,Blake,1610612759,SAS,San Antonio Spurs,0022400537,2025-03-17T00:00:00,SAS @ LAL,L,22.35,4.8,11.3,0.429,1.6,4.8,0.333,0.0,0.0,0.0,0.0,4.8,4.8,8.1,3.2,3.2,1.6,0.0,1.6,0.0,11.3,-4.8,40.4,0,0,35.4,1,13222,1,13222,14231,14851,14877,13735,11643,13617,9209,13505,14344,13505,14058,11326,15216,2834,5757,2694,4523,8846,16831,17725,16917,15491,7504,2246,150,9767,1,22:21
2024-25,1641763,Julian Phillips,Julian,1610612741,CHI,Chicago Bulls,0022400989,2025-03-17T00:00:00,CHI @ UTA,W,16.033333333333335,4.5,6.7,0.667,2.2,4.5,0.5,0.0,0.0,0.0,2.2,0.0,2.2,2.2,0.0,4.5,0.0,0.0,4.5,2.2,11.2,4.5,30.8,0,0,26.9,1,1,13086,1,18900,15812,21849,3281,9068,14459,3944,13505,14344,13505,7436,22137,21327,15455,16469,1233,8263,8846,5801,11960,16973,10396,14231,2246,150,16191,1,16:02
2024-25,1628389,Bam Adebayo,Bam,1610612748,MIA,Miami Heat,0022400984,2025-03-17T00:00:00,MIA @ NYK,L,33.99666666666667,5.3,12.7,0.417,0.0,1.1,0.0,2.1,2.1,1.0,2.1,5.3,7.4,4.2,4.2,1.1,2.1,2.1,2.1,3.2,12.7,-5.3,33.3,0,0,30.7,1,13222,1,13222,4275,13541,12371,14532,15070,20792,15070,10234,12360,1,7895,10037,9348,9289,3433,11401,3156,2868,14525,8639,15382,15745,12390,2246,150,13392,1,33:60
2024-25,1642285,Cam Spencer,Cam,1610612763,MEM,Memphis Grizzlies,0022400992,2025-03-17T00:00:00,MEM @ SAC,L,15.256666666666666,4.7,11.8,0.4,2.4,7.1,0.333,4.7,4.7,1.0,2.4,4.7,7.1,4.7,0.0,0.0,0.0,0.0,0.0,4.7,16.5,-40.1,32.1,0,0,30.7,1,13222,1,13222,19406,15194,13943,14933,8631,8293,9209,4486,6448,1,7055,11651,9999,8145,16469,12854,8263,8846,20257,4684,11379,24849,13260,2246,150,13413,1,15:15
2024-25,1628384,OG Anunoby,OG,1610612752,NYK,New York Knicks,0022400984,2025-03-17T00:00:00,NYK vs. MIA,W,31.696666666666665,3.4,14.8,0.231,1.1,6.8,0.167,2.3,2.3,1.0,0.0,1.1,1.1,2.3,1.1,1.1,2.3,2.3,4.5,2.3,10.2,-1.1,24.1,0,0,21.6,1,1,13086,1,6241,18529,8965,21157,13740,8869,14236,9721,11871,1,14058,21669,23030,15341,14904,10715,2797,2498,5684,11858,17929,13637,18892,2246,150,19913,1,31:42
2024-25,203944,Julius Randle,Julius,1610612750,MIN,Minnesota Timberwolves,0022400986,2025-03-17T00:00:00,MIN vs. IND,L,40.61666666666667,4.4,9.7,0.455,0.9,1.8,0.5,5.3,8.9,0.6,0.9,4.4,5.3,3.5,3.5,0.9,0.0,0.9,1.8,6.2,15.1,-5.3,25.9,0,0,26.6,1,13222,1,13222,430,15978,17472,12676,14988,19959,3944,3631,1943,10343,13939,12452,13995,11263,4919,12715,8263,8708,16294,2386,12840,15757,17695,2246,150,16474,1,40:37
2024-25,1628415,Dillon Brooks,Dillon,1610612745,HOU,Houston Rockets,0022400985,2025-03-17T00:00:00,HOU vs. PHI,W,40.44166666666667,7.1,16.9,0.421,4.5,9.8,0.455,3.6,3.6,1.0,1.8,3.6,5.3,4.5,0.0,1.8,0.9,0.0,5.3,2.7,22.3,10.7,43.4,0,0,41.8,1,1,13086,1,463,8656,5901,14442,3153,3736,7148,6581,8769,1,9321,15053,13936,8766,16469,7335,8117,8846,3942,10406,6043,7377,5962,2246,150,5736,1,40:27
2024-25,1629627,Zion Williamson,Zion,1610612740,NOP,New Orleans Pelicans,0022400987,2025-03-17T00:00:00,NOP vs. DET,L,27.966666666666665,11.6,23.2,0.5,0.0,0.0,0.0,15.4,19.3,0.8,2.6,5.1,7.7,3.9,3.9,0.0,2.6,1.3,3.9,11.6,38.6,-23.2,57.5,0,0,55.4,1,13222,1,13222,9569,1816,1331,8526,15070,20945,15070,156,153,7681,6413,10422,8767,10333,4167,12854,2254,5718,7573,227,542,22371,1549,2246,150,1404,1,27:58
2024-25,101108,Chris Paul,Chris,1610612759,SAS,San Antonio Spurs,0022400537,2025-03-17T00:00:00,SAS @ LAL,L,22.083333333333332,4.9,11.4,0.429,3.3,4.9,0.667,1.6,1.6,1.0,1.6,8.2,9.8,13.0,3.3,0.0,0.0,1.6,0.0,0.0,14.7,-19.6,42.7,0,0,40.8,1,13222,1,13222,14427,14694,14638,13735,5781,13461,1957,11544,13363,1,9810,4483,5703,525,5632,12854,8263,4362,20257,17725,13224,21417,6267,2246,150,6347,1,22:05
2024-25,1631102,TyTy Washington Jr.,TyTy,1610612756,PHX,Phoenix Suns,0022400991,2025-03-17T00:00:00,PHX vs. TOR,W,6.183333333333334,5.8,11.6,0.5,5.8,11.6,0.5,0.0,0.0,0.0,0.0,0.0,0.0,17.5,0.0,0.0,0.0,0.0,5.8,0.0,17.5,58.2,43.7,0,0,40.8,1,1,13086,1,23525,12044,14230,8526,1458,2001,3944,13505,14344,13505,14058,22137,23286,153,16469,12854,8263,8846,3184,17725,10352,391,5823,2246,150,6347,1,6:11
2024-25,1629014,Anfernee Simons,Anfernee,1610612757,POR,Portland Trail Blazers,0022400995,2025-03-17T00:00:00,POR vs. WAS,W,23.066666666666666,15.6,26.5,0.588,7.8,17.2,0.455,7.8,7.8,1.0,0.0,1.6,1.6,3.1,1.6,0.0,0.0,0.0,0.0,4.7,46.8,32.8,51.8,0,0,59.3,1,1,13086,1,13659,403,555,6229,514,399,7148,1505,2663,1,14058,20750,22491,12553,12505,12854,8263,8846,20257,4755,211,1650,2759,2246,150,889,1,23:04
2024-25,1642274,Yves Missi,Yves,1610612740,NOP,New Orleans Pelicans,0022400987,2025-03-17T00:00:00,NOP vs. DET,L,21.55,6.7,11.7,0.571,0.0,0.0,0.0,6.7,10.0,0.667,3.3,13.4,16.7,0.0,0.0,0.0,3.3,1.7,0.0,5.0,20.0,-26.7,50.1,1,0,43.4,1,13222,1,13222,14889,9728,14133,6538,15070,20945,15070,2254,1361,9425,4662,906,1204,19908,16469,12854,1356,4219,20257,4094,7889,23186,3239,1,150,4951,1,21:33
2024-25,1630559,Austin Reaves,Austin,1610612747,LAL,Los Angeles Lakers,0022400537,2025-03-17T00:00:00,LAL vs. SAS,W,36.166666666666664,11.9,20.9,0.571,5.0,12.9,0.385,1.0,1.0,1.0,0.0,7.0,7.0,6.0,2.0,2.0,0.0,1.0,0.0,2.0,29.9,17.9,51.2,0,0,51.8,1,1,13086,1,2557,1557,2399,6538,2305,1330,8766,13250,14224,1,14058,6418,10201,5548,10560,6296,8263,7971,20257,13124,2132,4586,2940,2246,150,2089,1,36:10
2024-25,1642402,Enrique Freeman,Enrique,1610612754,IND,Indiana Pacers,0022400986,2025-03-17T00:00:00,IND @ MIN,W,0.4166666666666667,0.0,0.0,0.0,0.0,0.0,0.0,172.8,172.8,1.0,0.0,0.0,0.0,0.0,0.0,0.0,0.0,0.0,0.0,0.0,172.8,-86.4,172.8,0,0,172.8,1,1,13086,1,26231,22635,24836,22635,15070,20945,15070,2,2,1,14058,22137,23286,19908,16469,12854,8263,8846,20257,17725,4,26060,15,2246,150,11,1,0:25
2024-25,1642384,Isaiah Crawford,Isaiah,1610612758,SAC,Sacramento Kings,0022400992,2025-03-17T00:00:00,SAC vs. MEM,W,0.13333333333333333,0.0,0.0,0.0,0.0,0.0,0.0,270.0,540.0,0.5,0.0,0.0,0.0,0.0,0.0,0.0,0.0,0.0,270.0,0.0,270.0,810.0,270.0,0,0,270.0,1,1,13086,1,26275,22635,24836,22635,15070,20945,15070,1,1,10625,14058,22137,23286,19908,16469,12854,8263,8846,3,17725,1,4,5,2246,150,5,1,0:08
2024-25,1641744,Zach Edey,Zach,1610612763,MEM,Memphis Grizzlies,0022400992,2025-03-17T00:00:00,MEM @ SAC,L,24.386666666666667,8.9,16.2,0.545,0.0,0.0,0.0,0.0,0.0,0.0,8.9,3.0,11.8,1.5,0.0,0.0,5.9,1.5,4.4,1.5,17.7,-20.7,51.8,0,0,42.8,1,13222,1,13222,12576,4961,6780,7695,15070,20945,15070,13505,14344,13505,585,16884,3654,18070,16469,12854,326,4860,5946,15107,10121,21747,2758,2246,150,5246,1,24:23
2024-25,1641709,Ausar Thompson,Ausar,1610612765,DET,Detroit Pistons,0022400987,2025-03-17T00:00:00,DET @ NOP,W,18.22833333333333,5.9,7.9,0.75,0.0,2.0,0.0,5.9,7.9,0.75,2.0,5.9,7.9,5.9,2.0,2.0,3.9,0.0,2.0,3.9,17.8,7.9,51.9,0,0,43.4,1,1,13086,1,17424,11731,20415,2107,15070,19598,15070,2944,2592,8186,8505,8496,8463,5634,10640,6367,945,8846,15278,6448,10057,8685,2716,2246,150,4940,1,18:14
2024-25,1641774,Tristan Vukcevic,Tristan,1610612764,WAS,Washington Wizards,0022400995,2025-03-17T00:00:00,WAS @ POR,L,24.3,8.9,19.3,0.462,4.4,8.9,0.5,3.0,3.0,1.0,1.5,10.4,11.9,3.0,4.4,1.5,3.0,0.0,3.0,1.5,25.2,-7.4,52.7,0,0,53.3,1,13222,1,13222,12648,4904,3538,12428,3160,4977,3944,7913,10059,1,10384,2310,3614,13046,3080,8488,1743,8846,10888,15077,4137,16686,2522,2246,150,1733,1,24:18
2024-25,1628404,Josh Hart,Josh,1610612752,NYK,New York Knicks,0022400984,2025-03-17T00:00:00,NYK vs. MIA,W,29.283333333333335,6.1,11.1,0.556,2.5,6.1,0.4,0.0,0.0,0.0,2.5,13.5,16.0,13.5,2.5,4.9,1.2,0.0,0.0,0.0,14.8,38.1,70.2,1,1,59.0,1,1,13086,1,8415,11098,15258,7248,8291,10327,7874,13505,14344,13505,6753,871,1440,445,8418,947,5997,8846,20257,17725,13152,1107,426,1,1,917,1,29:17
2024-25,1629634,Brandon Clarke,Brandon,1610612763,MEM,Memphis Grizzlies,0022400992,2025-03-17T00:00:00,MEM @ SAC,L,24.9,8.7,11.6,0.75,0.0,0.0,0.0,4.3,4.3,1.0,8.7,2.9,11.6,4.3,4.3,1.4,1.4,1.4,0.0,2.9,21.7,5.8,46.4,0,0,43.4,1,13222,1,13222,12089,5298,14362,2107,15070,20945,15070,5091,7132,1,623,17110,3878,9041,3240,8660,5054,4998,20257,9613,6471,9709,4577,2246,150,4975,1,24:54
2024-25,1629111,Jock Landale,Jock,1610612745,HOU,Houston Rockets,0022400985,2025-03-17T00:00:00,HOU vs. PHI,W,5.566666666666666,19.4,19.4,1.0,6.5,6.5,1.0,0.0,0.0,0.0,12.9,6.5,19.4,6.5,0.0,0.0,0.0,0.0,0.0,0.0,45.3,-25.9,78.3,0,0,77.6,1,1,13086,1,23756,159,3416,1,1018,9606,1,13505,14344,13505,195,7383,610,4761,16469,12854,8263,8846,20257,17725,245,22999,233,2246,150,192,1,5:34
2024-25,1630192,Zeke Nnaji,Zeke,1610612743,DEN,Denver Nuggets,0022400990,2025-03-17T00:00:00,DEN @ GSW,W,10.933333333333334,6.6,6.6,1.0,3.3,3.3,1.0,6.6,6.6,1.0,3.3,6.6,9.9,0.0,0.0,3.3,0.0,0.0,3.3,6.6,23.0,-13.2,44.8,0,0,42.8,1,1,13086,1,21736,9969,22028,1,5690,17086,1,2333,3791,1,4760,7130,5565,19908,16469,2576,8263,8846,9481,2004,5451,19182,5290,2246,150,5248,1,10:56
2024-25,1628420,Monté Morris,Monté,1610612756,PHX,Phoenix Suns,0022400991,2025-03-17T00:00:00,PHX vs. TOR,W,5.533333333333333,26.0,32.5,0.8,26.0,26.0,1.0,0.0,0.0,0.0,0.0,6.5,6.5,0.0,0.0,6.5,0.0,0.0,0.0,6.5,78.1,52.0,105.4,0,0,123.6,1,1,13086,1,23768,56,178,1688,11,103,1,13505,14344,13505,14058,7288,11158,19908,16469,372,8263,8846,20257,2079,38,501,60,2246,150,28,1,5:32
2024-25,1629656,Quentin Grimes,Quentin,1610612755,PHI,Philadelphia 76ers,0022400985,2025-03-17T00:00:00,PHI @ HOU,L,43.00833333333333,12.6,22.6,0.556,6.7,11.7,0.571,6.7,10.9,0.615,1.7,9.2,10.9,3.3,5.0,1.7,0.8,0.8,2.5,10.0,38.5,-5.0,59.1,1,0,64.5,1,13222,1,13222,151,1221,1545,7248,896,1949,3506,2241,1062,10337,9659,3302,4516,11822,2315,7704,8211,8790,12760,404,554,15599,1315,1,150,500,1,43:01
2024-25,1631323,Simone Fontecchio,Simone,1610612765,DET,Detroit Pistons,0022400987,2025-03-17T00:00:00,DET @ NOP,W,21.533333333333335,15.0,16.7,0.9,8.4,8.4,1.0,0.0,0.0,0.0,1.7,10.0,11.7,0.0,1.7,1.7,0.0,0.0,3.3,0.0,38.5,40.1,55.8,0,0,61.9,1,1,13086,1,14913,488,6158,1303,391,5811,1,13505,14344,13505,9665,2555,3754,19908,12030,7711,8263,8846,9274,17725,561,973,1834,2246,150,652,1,21:32
2024-25,1630288,Jeff Dowtin Jr.,Jeff,1610612755,PHI,Philadelphia 76ers,0022400985,2025-03-17T00:00:00,PHI @ HOU,L,15.866666666666667,9.1,18.2,0.5,6.8,11.3,0.6,0.0,0.0,0.0,0.0,6.8,6.8,4.5,6.8,0.0,0.0,2.3,2.3,2.3,25.0,-15.9,33.1,0,0,43.1,1,13222,1,13222,19018,4565,4501,8526,841,2225,2992,13505,14344,13505,14058,6696,10513,8557,976,12854,8263,2507,13784,11865,4233,20223,12491,2246,150,5081,1,15:52
2024-25,1628396,Tony Bradley,Tony,1610612754,IND,Indiana Pacers,0022400986,2025-03-17T00:00:00,IND @ MIN,W,20.263333333333332,10.7,14.2,0.75,0.0,0.0,0.0,0.0,0.0,0.0,8.9,7.1,16.0,3.6,5.3,1.8,3.6,1.8,3.6,1.8,21.3,-1.8,56.5,0,0,51.5,1,1,13086,1,15816,2551,9809,2107,15070,20945,15070,13505,14344,13505,583,6159,1437,11240,1979,7350,1186,3962,8591,14017,6806,13912,1729,2246,150,2136,1,20:16
2024-25,202685,Jonas Valančiūnas,Jonas,1610612758,SAC,Sacramento Kings,0022400992,2025-03-17T00:00:00,SAC vs. MEM,W,16.02,9.0,11.2,0.8,0.0,0.0,0.0,0.0,0.0,0.0,4.5,6.7,11.2,6.7,2.2,0.0,6.7,0.0,4.5,6.7,18.0,20.2,59.6,0,0,49.4,1,1,13086,1,18912,4730,14967,1688,15070,20945,15070,13505,14344,13505,2928,6811,4208,4364,9320,12854,220,8846,5791,1869,9869,3886,1246,2246,150,2688,1,16:01
2024-25,1630217,Desmond Bane,Desmond,1610612763,MEM,Memphis Grizzlies,0022400992,2025-03-17T00:00:00,MEM @ SAC,L,41.33,13.1,21.8,0.6,6.1,6.1,1.0,6.1,6.1,1.0,0.0,5.2,5.2,3.5,3.5,0.9,0.0,0.9,1.7,4.4,38.3,0.0,49.0,0,0,54.9,1,13222,1,13222,322,1011,1916,5394,1237,10446,1,2780,4356,1,14058,10221,14218,11431,5045,12754,8263,8736,16408,5462,576,12240,3639,2246,150,1477,1,41:20
2024-25,1628370,Malik Monk,Malik,1610612758,SAC,Sacramento Kings,0022400992,2025-03-17T00:00:00,SAC vs. MEM,W,35.68,10.1,17.2,0.588,4.0,8.1,0.5,4.0,4.0,1.0,0.0,3.0,3.0,7.1,3.0,1.0,3.0,2.0,1.0,2.0,28.3,8.1,51.6,0,0,50.4,1,1,13086,1,2925,3126,5634,6229,3927,6334,3944,5635,7771,1,14058,16627,19644,3937,6366,11874,1660,3172,19655,12993,2689,8601,2821,2246,150,2409,1,35:41
2024-25,1627780,Gary Payton II,Gary,1610612744,GSW,Golden State Warriors,0022400990,2025-03-17T00:00:00,GSW vs. DEN,L,26.376666666666665,10.9,13.6,0.8,2.7,4.1,0.667,0.0,1.4,0.0,1.4,2.7,4.1,1.4,0.0,4.1,1.4,0.0,4.1,1.4,24.6,-1.4,47.9,0,0,43.7,1,13222,1,13222,10843,2332,10742,1688,7447,15361,1957,13505,13639,13505,10903,17607,17083,18450,16469,1547,5391,8846,6862,15599,4442,13737,4008,2246,150,4843,1,26:23
2024-25,1642355,Bronny James,Bronny,1610612747,LAL,Los Angeles Lakers,0022400537,2025-03-17T00:00:00,LAL vs. SAS,W,2.5,14.4,28.8,0.5,14.4,28.8,0.5,0.0,0.0,0.0,0.0,0.0,0.0,0.0,0.0,0.0,0.0,0.0,0.0,0.0,43.2,-28.8,43.2,0,0,57.6,1,1,13086,1,25215,600,337,8526,81,76,3944,13505,14344,13505,14058,22137,23286,19908,16469,12854,8263,8846,20257,17725,305,23551,6030,2246,150,1083,1,2:30
2024-25,1642269,Devin Carter,Devin,1610612758,SAC,Sacramento Kings,0022400992,2025-03-17T00:00:00,SAC vs. MEM,W,10.516666666666667,0.0,3.4,0.0,0.0,0.0,0.0,6.8,20.5,0.333,0.0,3.4,3.4,6.8,0.0,13.7,0.0,0.0,3.4,10.3,6.8,41.1,62.3,0,0,44.5,1,1,13086,1,21908,22635,24336,22635,15070,20945,15070,2123,134,13132,14058,15451,18723,4217,16469,54,8263,8846,8988,369,20828,902,938,2246,150,4472,1,10:31
2024-25,1626157,Karl-Anthony Towns,Karl-Anthony,1610612752,NYK,New York Knicks,0022400984,2025-03-17T00:00:00,NYK vs. MIA,W,31.043333333333333,11.6,19.7,0.588,3.5,5.8,0.6,0.0,0.0,0.0,3.5,4.6,8.1,3.5,3.5,0.0,1.2,0.0,3.5,1.2,26.7,18.6,41.6,0,0,44.1,1,1,13086,1,6851,1812,3171,6229,5194,11208,2992,13505,14344,13505,4405,11884,8063,11454,5060,12854,6423,8846,8802,16599,3355,4391,6811,2246,150,4660,1,31:03
2024-25,1630200,Tre Jones,Tre,1610612741,CHI,Chicago Bulls,0022400989,2025-03-17T00:00:00,CHI @ UTA,W,33.53333333333333,8.6,10.7,0.8,1.1,2.1,0.5,1.1,1.1,1.0,1.1,3.2,4.3,12.9,1.1,3.2,0.0,0.0,1.1,1.1,19.3,6.4,52.4,1,0,44.0,1,1,13086,1,4698,5461,15825,1688,14107,19276,3944,12988,14081,1,12689,16016,16544,553,15311,2697,8263,8846,19251,17040,8531,9397,2621,1,150,4686,1,33:32
2024-25,1642259,Alex Sarr,Alex,1610612764,WAS,Washington Wizards,0022400995,2025-03-17T00:00:00,WAS @ POR,L,21.766666666666666,11.6,26.5,0.438,5.0,14.9,0.333,5.0,5.0,1.0,6.6,0.0,6.6,5.0,0.0,1.7,3.3,0.0,1.7,3.3,33.1,-11.6,63.3,0,0,59.5,1,13222,1,13222,14698,1819,566,13558,2325,720,9209,4102,6012,1,1316,22137,10913,7549,16469,7790,1388,8846,16687,8226,1303,18558,851,2246,150,869,1,21:46
2024-25,1629673,Jordan Poole,Jordan,1610612764,WAS,Washington Wizards,0022400995,2025-03-17T00:00:00,WAS @ POR,L,10.516666666666667,10.3,20.5,0.5,6.8,17.1,0.4,3.4,3.4,1.0,0.0,3.4,3.4,3.4,0.0,3.4,0.0,3.4,3.4,3.4,30.8,-17.1,50.3,0,0,51.3,1,13222,1,13222,21908,2942,2615,8526,819,404,7874,6847,9038,1,14058,15451,18723,11623,16469,2341,8263,978,8988,7885,1829,20665,3176,2246,150,2188,1,10:31
2024-25,1629029,Luka Dončić,Luka,1610612747,LAL,Los Angeles Lakers,0022400537,2025-03-17T00:00:00,LAL vs. SAS,W,33.93333333333333,5.3,21.2,0.25,1.1,7.4,0.143,10.6,13.8,0.769,2.1,7.4,9.5,14.9,3.2,3.2,1.1,1.1,1.1,7.4,22.3,20.2,65.6,1,0,56.2,1,1,13086,1,4325,13519,2199,20233,14193,7550,14649,548,481,8170,7878,5630,5995,305,5874,2778,7056,7391,19332,1367,6015,3906,664,1,150,1267,1,33:56
2024-25,203110,Draymond Green,Draymond,1610612744,GSW,Golden State Warriors,0022400990,2025-03-17T00:00:00,GSW vs. DEN,L,32.513333333333335,5.5,6.6,0.833,0.0,1.1,0.0,0.0,1.1,0.0,0.0,6.6,6.6,5.5,4.4,3.3,5.5,0.0,5.5,2.2,11.1,-5.5,49.5,0,0,41.0,1,13222,1,13222,5550,12892,21968,1514,15070,20738,15070,13505,14033,13505,14058,7011,10863,6364,3104,2525,388,8846,3652,12102,17125,15847,3420,2246,150,6220,1,32:31
2024-25,203932,Aaron Gordon,Aaron,1610612743,DEN,Denver Nuggets,0022400990,2025-03-17T00:00:00,DEN @ GSW,W,37.06666666666667,13.6,22.3,0.609,3.9,5.8,0.667,5.8,5.8,1.0,4.9,1.0,5.8,2.9,6.8,0.0,0.0,2.9,1.9,7.8,36.9,12.6,41.5,0,0,49.5,1,1,13086,1,1945,829,1658,5384,4231,11136,1957,3055,4718,1,2498,22018,12707,13229,980,12854,8263,1442,15445,1151,705,6552,6898,2246,150,2661,1,37:04
2024-25,201566,Russell Westbrook,Russell,1610612743,DEN,Denver Nuggets,0022400990,2025-03-17T00:00:00,DEN @ GSW,W,42.20666666666666,4.3,15.4,0.278,1.7,7.7,0.222,0.0,0.0,0.0,3.4,6.8,10.2,13.6,6.0,2.6,1.7,0.9,3.4,0.0,10.2,4.3,49.8,1,1,44.4,1,1,13086,1,241,16412,8030,20025,11383,7039,13288,13505,14344,13505,4516,6672,5194,427,1405,4233,4278,8767,9037,17725,17914,10509,3324,1,1,4529,1,42:12
2024-25,203468,CJ McCollum,CJ,1610612740,NOP,New Orleans Pelicans,0022400987,2025-03-17T00:00:00,NOP vs. DET,L,30.455,1.2,17.7,0.067,0.0,8.3,0.0,1.2,5.9,0.2,2.4,2.4,4.7,5.9,0.0,2.4,0.0,1.2,0.0,3.5,3.5,-22.5,25.2,0,0,18.9,1,13222,1,13222,7366,22510,4977,22634,15070,5962,15070,12659,4596,13489,7034,18587,15487,5656,16469,4817,8263,6391,20257,7540,22758,22212,18154,2246,150,21424,1,30:27
2024-25,1630658,Colin Castleton,Colin,1610612761,TOR,Toronto Raptors,0022400991,2025-03-17T00:00:00,TOR @ PHX,L,30.366666666666667,3.6,4.7,0.75,0.0,0.0,0.0,4.7,7.1,0.667,4.7,2.4,7.1,0.0,2.4,0.0,2.4,0.0,1.2,3.6,11.9,-33.2,25.1,0,0,23.7,1,13222,1,13222,7443,18187,23649,2107,15070,20945,15070,4443,3252,9425,2621,18569,9928,19908,8766,12854,2605,8846,18619,7517,16288,24194,18195,2246,150,18534,1,30:22
2024-25,1627741,Buddy Hield,Buddy,1610612744,GSW,Golden State Warriors,0022400990,2025-03-17T00:00:00,GSW vs. DEN,L,20.983333333333334,1.7,6.9,0.25,0.0,5.1,0.0,0.0,0.0,0.0,0.0,0.0,0.0,1.7,0.0,0.0,0.0,0.0,0.0,0.0,3.4,0.0,6.0,0,0,5.1,1,13222,1,13222,15304,21881,21722,20233,15070,12832,15070,13505,14344,13505,14058,22137,23286,17323,16469,12854,8263,8846,20257,17725,22795,12240,24919,2246,150,25090,1,20:59
2024-25,1631121,Bryce McGowens,Bryce,1610612757,POR,Portland Trail Blazers,0022400995,2025-03-17T00:00:00,POR vs. WAS,W,4.55,0.0,31.6,0.0,0.0,7.9,0.0,0.0,0.0,0.0,0.0,7.9,7.9,0.0,0.0,0.0,0.0,7.9,0.0,0.0,0.0,23.7,9.5,0,0,7.9,1,1,13086,1,24199,22635,215,22635,15070,6595,15070,13505,14344,13505,14058,4838,8432,19908,16469,12854,8263,111,20257,17725,23200,3083,24494,2246,150,24773,1,4:33
2024-25,1641741,Ricky Council IV,Ricky,1610612755,PHI,Philadelphia 76ers,0022400985,2025-03-17T00:00:00,PHI @ HOU,L,24.566666666666666,4.4,8.8,0.5,4.4,7.3,0.6,1.5,1.5,1.0,0.0,1.5,1.5,2.9,1.5,0.0,0.0,0.0,1.5,0.0,14.7,7.3,19.3,0,0,23.4,1,13222,1,13222,12410,16073,19036,8526,3243,7767,2992,11860,13517,1,14058,20951,22613,13158,12927,12854,8263,8846,17368,17725,13243,8971,21477,2246,150,18706,1,24:34
2024-25,1642267,Bub Carrington,Bub,1610612764,WAS,Washington Wizards,0022400995,2025-03-17T00:00:00,WAS @ POR,L,25.483333333333334,1.4,9.9,0.143,0.0,5.7,0.0,1.4,2.8,0.5,0.0,5.7,5.7,11.3,1.4,0.0,1.4,0.0,2.8,2.8,4.2,-19.8,30.8,0,0,24.0,1,13222,1,13222,11598,22276,17266,22260,15070,11580,15070,11990,10417,10625,14058,9167,13154,899,13211,12854,5175,8846,11524,9874,22444,21485,14205,2246,150,18315,1,25:29
2024-25,1628971,Bruce Brown,Bruce,1610612740,NOP,New Orleans Pelicans,0022400987,2025-03-17T00:00:00,NOP vs. DET,L,15.716666666666667,2.3,9.2,0.25,0.0,0.0,0.0,0.0,0.0,0.0,2.3,0.0,2.3,0.0,2.3,0.0,0.0,2.3,2.3,0.0,4.6,-43.5,5.0,0,0,6.9,1,13222,1,13222,19121,20871,18466,20233,15070,20945,15070,13505,14344,13505,7273,22137,21222,19908,9118,12854,8263,2451,13691,17725,22246,25094,25005,2246,150,24906,1,15:43
2024-25,1626179,Terry Rozier,Terry,1610612748,MIA,Miami Heat,0022400984,2025-03-17T00:00:00,MIA @ NYK,L,5.626666666666667,0.0,19.2,0.0,0.0,12.8,0.0,0.0,0.0,0.0,0.0,0.0,0.0,6.4,6.4,0.0,0.0,0.0,0.0,0.0,0.0,-96.0,3.2,0,0,6.4,1,13222,1,13222,23733,22635,3599,22635,15070,1393,15070,13505,14344,13505,14058,22137,23286,4856,1181,12854,8263,8846,20257,17725,23200,26121,25119,2246,150,24961,1,5:38
2024-25,203114,Khris Middleton,Khris,1610612764,WAS,Washington Wizards,0022400995,2025-03-17T00:00:00,WAS @ POR,L,10.516666666666667,6.8,10.3,0.667,0.0,0.0,0.0,0.0,0.0,0.0,0.0,10.3,10.3,0.0,0.0,0.0,0.0,0.0,3.4,0.0,13.7,-17.1,26.0,0,0,24.0,1,13222,1,13222,21908,9306,16616,3281,15070,20945,15070,13505,14344,13505,14058,2376,5155,19908,16469,12854,8263,8846,8988,17725,14291,20665,17607,2246,150,18356,1,10:31
2024-25,1642367,Jonathan Mogbo,Jonathan,1610612761,TOR,Toronto Raptors,0022400991,2025-03-17T00:00:00,TOR @ PHX,L,26.833333333333332,1.3,9.4,0.143,0.0,0.0,0.0,0.0,0.0,0.0,2.7,5.4,8.0,2.7,0.0,0.0,0.0,1.3,0.0,1.3,2.7,-16.1,16.4,0,0,13.4,1,13222,1,13222,10465,22354,18127,22260,15070,20945,15070,13505,14344,13505,6141,9863,8171,13955,16469,12854,8263,5441,20257,15718,23029,20284,22720,2246,150,23578,1,26:50
2024-25,1626168,Trey Lyles,Trey,1610612758,SAC,Sacramento Kings,0022400992,2025-03-17T00:00:00,SAC vs. MEM,W,19.78,3.6,7.3,0.5,0.0,1.8,0.0,1.8,3.6,0.5,1.8,14.6,16.4,0.0,1.8,1.8,0.0,0.0,1.8,1.8,9.1,-9.1,32.4,0,0,29.1,1,1,13086,1,16204,17988,21231,8526,15070,19884,15070,11194,8602,10625,9168,649,1300,19908,11451,7159,8263,8846,16083,13847,18983,17477,13021,2246,150,14611,1,19:47
2024-25,1628964,Mo Bamba,Mo,1610612740,NOP,New Orleans Pelicans,0022400987,2025-03-17T00:00:00,NOP vs. DET,L,8.05,0.0,4.5,0.0,0.0,4.5,0.0,0.0,0.0,0.0,8.9,8.9,17.9,4.5,4.5,0.0,0.0,0.0,0.0,0.0,0.0,-67.1,23.7,0,0,22.4,1,13222,1,13222,22805,22635,23822,22635,15070,14517,15070,13505,14344,13505,565,3569,931,8721,3039,12854,8263,8846,20257,17725,23200,25837,19151,2246,150,19446,1,8:03
2024-25,1631221,Collin Gillespie,Collin,1610612756,PHX,Phoenix Suns,0022400991,2025-03-17T00:00:00,PHX vs. TOR,W,16.3,2.2,8.8,0.25,2.2,6.6,0.333,0.0,0.0,0.0,0.0,4.4,4.4,4.4,0.0,0.0,2.2,0.0,2.2,2.2,6.6,-2.2,25.2,0,0,22.1,1,1,13086,1,18725,21017,18963,20233,9210,9261,9209,13505,14344,13505,14058,12486,16245,8837,16469,12854,2928,8846,14056,12125,20971,14148,18156,2246,150,19627,1,16:18
2024-25,1627827,Dorian Finney-Smith,Dorian,1610612747,LAL,Los Angeles Lakers,0022400537,2025-03-17T00:00:00,LAL vs. SAS,W,27.983333333333334,6.4,15.4,0.417,5.1,10.3,0.5,1.3,2.6,0.5,2.6,1.3,3.9,1.3,0.0,0.0,0.0,2.6,1.3,1.3,19.3,16.7,25.9,0,0,29.6,1,1,13086,1,9556,10353,7910,14532,2114,3162,3944,12337,11043,10625,6420,21308,17686,18705,16469,12854,8263,1914,18092,15965,8556,4996,17707,2246,150,14268,1,27:59
2024-25,1630703,Scoot Henderson,Scoot,1610612757,POR,Portland Trail Blazers,0022400995,2025-03-17T00:00:00,POR vs. WAS,W,31.15,5.8,16.2,0.357,1.2,5.8,0.2,0.0,0.0,0.0,2.3,3.5,5.8,3.5,2.3,0.0,0.0,1.2,3.5,3.5,12.7,19.6,22.5,0,0,23.1,1,1,13086,1,6744,12175,6859,17140,13620,11258,13429,13505,14344,13505,7213,15328,12814,11498,9022,12854,8263,6591,8847,7751,15376,4054,19851,2246,150,18926,1,31:09
2024-25,1626166,Cameron Payne,Cameron,1610612752,NYK,New York Knicks,0022400984,2025-03-17T00:00:00,NYK vs. MIA,W,18.583333333333332,5.8,15.5,0.375,1.9,1.9,1.0,0.0,0.0,0.0,1.9,1.9,3.9,9.7,5.8,0.0,0.0,1.9,1.9,1.9,13.6,23.2,26.9,0,0,29.1,1,1,13086,1,17123,12083,7824,16299,10471,19664,1,13505,14344,13505,8674,19872,17640,1591,1546,12854,8263,3429,15476,13378,14427,3207,17004,2246,150,14653,1,18:35
2024-25,1627736,Malik Beasley,Malik,1610612765,DET,Detroit Pistons,0022400987,2025-03-17T00:00:00,DET @ NOP,W,24.35,5.9,20.7,0.286,4.4,17.7,0.25,0.0,0.0,0.0,1.5,4.4,5.9,4.4,4.4,0.0,0.0,0.0,1.5,0.0,16.3,45.8,25.6,0,0,31.0,1,1,13086,1,12606,11766,2517,19630,3177,362,11902,13505,14344,13505,10399,12436,12491,8800,3094,12854,8263,8846,17307,17725,11642,674,17892,2246,150,13122,1,24:21
2024-25,1642358,AJ Johnson,AJ,1610612764,WAS,Washington Wizards,0022400995,2025-03-17T00:00:00,WAS @ POR,L,34.78333333333333,3.1,8.3,0.375,1.0,4.1,0.25,1.0,2.1,0.5,0.0,7.2,7.2,4.1,6.2,0.0,1.0,0.0,1.0,1.0,8.3,-3.1,20.1,0,0,22.8,1,13222,1,13222,3627,19190,19825,16299,14339,15251,11902,13127,12516,10625,14058,5918,9664,9547,1266,12854,7236,8846,19500,17246,19669,14626,21128,2246,150,19157,1,34:47
2024-25,1630611,Gui Santos,Gui,1610612744,GSW,Golden State Warriors,0022400990,2025-03-17T00:00:00,GSW vs. DEN,L,14.441666666666666,0.0,2.5,0.0,0.0,2.5,0.0,0.0,0.0,0.0,2.5,7.5,10.0,0.0,7.5,0.0,2.5,0.0,2.5,0.0,0.0,-10.0,12.0,0,0,15.0,1,13222,1,13222,19927,22635,24645,22635,15070,18636,15070,13505,14344,13505,6625,5537,5459,19908,717,12854,2390,8846,12827,17725,23200,17881,24013,2246,150,23073,1,14:27
2024-25,1629659,Talen Horton-Tucker,Talen,1610612741,CHI,Chicago Bulls,0022400989,2025-03-17T00:00:00,CHI @ UTA,W,6.233333333333333,0.0,17.3,0.0,0.0,5.8,0.0,5.8,11.6,0.5,0.0,5.8,5.8,0.0,0.0,5.8,0.0,5.8,5.8,5.8,5.8,-28.9,30.0,0,0,23.1,1,1,13086,1,23489,22635,5424,22635,15070,11265,15070,3107,880,10625,14058,8843,12821,19908,16469,539,8263,237,3262,2932,21546,23569,14768,2246,150,18933,1,6:14
2024-25,1628988,Aaron Holiday,Aaron,1610612745,HOU,Houston Rockets,0022400985,2025-03-17T00:00:00,HOU vs. PHI,W,13.77,5.2,7.8,0.667,5.2,7.8,0.667,5.2,5.2,1.0,2.6,0.0,2.6,2.6,0.0,0.0,0.0,0.0,0.0,2.6,20.9,-13.1,28.0,0,0,31.4,1,1,13086,1,20321,13737,20485,3281,2024,6733,1957,3735,5555,1,6312,22137,20615,14171,16469,12854,8263,8846,20257,10596,7148,19152,16250,2246,150,12877,1,13:46
2024-25,202066,Garrett Temple,Garrett,1610612761,TOR,Toronto Raptors,0022400991,2025-03-17T00:00:00,TOR @ PHX,L,23.6,1.5,9.2,0.167,1.5,6.1,0.25,3.1,3.1,1.0,0.0,3.1,3.1,0.0,1.5,1.5,0.0,1.5,4.6,1.5,7.6,-35.1,14.3,0,0,15.3,1,13222,1,13222,13227,22138,18481,21938,11941,10436,11902,7668,9845,1,14058,16553,19582,19908,12635,8293,8263,4675,5609,14896,20220,24417,23388,2246,150,22972,1,23:36
2024-25,1631255,Karlo Matković,Karlo,1610612740,NOP,New Orleans Pelicans,0022400987,2025-03-17T00:00:00,NOP vs. DET,L,20.366666666666667,5.3,7.1,0.75,0.0,0.0,0.0,1.8,1.8,1.0,7.1,5.3,12.4,0.0,1.8,3.5,0.0,0.0,3.5,1.8,12.4,-30.0,36.1,0,0,31.8,1,13222,1,13222,15741,13523,21474,2107,15070,20945,15070,11299,13226,1,1114,10019,3218,19908,11674,2199,8263,8846,8644,14043,15747,23746,10327,2246,150,12524,1,20:22
2024-25,1630193,Immanuel Quickley,Immanuel,1610612761,TOR,Toronto Raptors,0022400991,2025-03-17T00:00:00,TOR @ PHX,L,30.1,6.0,16.7,0.357,2.4,8.4,0.286,3.6,4.8,0.75,0.0,8.4,8.4,8.4,1.2,1.2,0.0,0.0,2.4,4.8,17.9,-25.1,42.9,0,0,39.5,1,13222,1,13222,7690,11574,6128,17140,8510,5794,11433,6509,6333,8186,14058,4193,7663,2541,14467,10206,8263,8846,13253,4536,9900,22831,6156,2246,150,7089,1,30:06
2024-25,1629626,Bol Bol,Bol,1610612756,PHX,Phoenix Suns,0022400991,2025-03-17T00:00:00,PHX vs. TOR,W,5.533333333333333,13.0,13.0,1.0,0.0,0.0,0.0,0.0,0.0,0.0,0.0,6.5,6.5,6.5,0.0,0.0,0.0,0.0,0.0,0.0,26.0,52.0,43.6,0,0,39.0,1,1,13086,1,23768,1029,11829,1,15070,20945,15070,13505,14344,13505,14058,7288,11158,4699,16469,12854,8263,8846,20257,17725,3666,501,5856,2246,150,7361,1,5:32
2024-25,1629312,Haywood Highsmith,Haywood,1610612748,MIA,Miami Heat,0022400984,2025-03-17T00:00:00,MIA @ NYK,L,27.19,1.3,6.6,0.2,0.0,2.6,0.0,0.0,0.0,0.0,0.0,2.6,2.6,2.6,2.6,2.6,0.0,0.0,1.3,0.0,2.6,4.0,15.1,0,0,13.2,1,13222,1,13222,10203,22373,21992,21401,15070,18353,15070,13505,14344,13505,14058,17823,20545,14056,7705,4023,8263,8846,17935,17725,23036,10667,23149,2246,150,23639,1,27:11
2024-25,1642461,Spencer Jones,Spencer,1610612743,DEN,Denver Nuggets,0022400990,2025-03-17T00:00:00,DEN @ GSW,W,18.873333333333335,5.7,7.6,0.75,0.0,1.9,0.0,0.0,0.0,0.0,1.9,0.0,1.9,1.9,0.0,1.9,1.9,0.0,7.6,0.0,11.4,5.7,28.0,0,0,22.9,1,1,13086,1,16927,12350,20744,2107,15070,19723,15070,13505,14344,13505,8787,22137,21986,16723,16469,6726,3742,8846,1556,17725,16737,9740,16195,2246,150,19083,1,18:52
2024-25,201142,Kevin Durant,Kevin,1610612756,PHX,Phoenix Suns,0022400991,2025-03-17T00:00:00,PHX vs. TOR,W,26.35,6.8,9.6,0.714,1.4,1.4,1.0,4.1,4.1,1.0,0.0,4.1,4.1,4.1,5.5,1.4,0.0,0.0,1.4,4.1,19.1,6.8,28.8,0,0,31.4,1,1,13086,1,10858,9346,17829,2752,12579,20414,1,5526,7631,1,14058,13417,17065,9666,1840,9103,8263,8846,17758,6056,8716,9215,15611,2246,150,12835,1,26:21
2024-25,1642262,Cody Williams,Cody,1610612762,UTA,Utah Jazz,0022400989,2025-03-17T00:00:00,UTA vs. CHI,L,27.383333333333333,2.6,10.5,0.25,1.3,6.6,0.2,0.0,2.6,0.0,0.0,3.9,3.9,2.6,3.9,0.0,0.0,0.0,3.9,1.3,6.6,-9.2,11.3,0,0,14.5,1,13222,1,13222,10029,20226,16187,20233,12805,9379,13429,13505,10907,13505,14058,13895,17455,14118,3981,12854,8263,8846,7298,15839,21007,17529,24175,2246,150,23269,1,27:23
2024-25,1627832,Fred VanVleet,Fred,1610612745,HOU,Houston Rockets,0022400985,2025-03-17T00:00:00,HOU vs. PHI,W,38.458333333333336,0.9,5.6,0.167,0.9,4.7,0.2,0.0,0.0,0.0,0.0,6.6,6.6,4.7,1.9,1.9,1.9,0.0,3.7,0.9,2.8,-6.6,27.1,0,0,22.5,1,1,13086,1,1133,22630,22983,21938,14850,14014,13429,13505,14344,13505,14058,7197,11058,8234,11205,6909,3852,8846,7929,17593,22996,16314,16896,2246,150,19384,1,38:28
2024-25,203084,Harrison Barnes,Harrison,1610612759,SAS,San Antonio Spurs,0022400537,2025-03-17T00:00:00,SAS @ LAL,L,19.3,5.6,11.2,0.5,1.9,3.7,0.5,0.0,0.0,0.0,1.9,1.9,3.7,5.6,1.9,0.0,0.0,1.9,0.0,1.9,13.1,-24.2,24.1,0,0,24.2,1,13222,1,13222,16572,12714,15036,8526,10805,16138,3944,13505,14344,13505,8964,20060,17987,6256,11245,12854,8263,3690,20257,13666,15030,22632,18911,2246,150,18169,1,19:18
2024-25,1628991,Jaren Jackson Jr.,Jaren,1610612763,MEM,Memphis Grizzlies,0022400992,2025-03-17T00:00:00,MEM @ SAC,L,31.11,5.8,12.7,0.455,0.0,2.3,0.0,2.3,2.3,1.0,0.0,3.5,3.5,3.5,3.5,1.2,0.0,0.0,5.8,5.8,13.9,0.0,23.3,0,0,23.1,1,13222,1,13222,6792,12150,12335,12676,15070,18958,15070,9573,11739,1,14058,15318,18615,11487,5081,10522,8263,8846,3248,2919,14063,12240,19398,2246,150,18898,1,31:07
2024-25,203501,Tim Hardaway Jr.,Tim,1610612765,DET,Detroit Pistons,0022400987,2025-03-17T00:00:00,DET @ NOP,W,21.01,5.1,13.7,0.375,3.4,8.6,0.4,0.0,0.0,0.0,0.0,5.1,5.1,0.0,0.0,0.0,0.0,3.4,0.0,0.0,13.7,10.3,19.9,0,0,22.3,1,1,13086,1,15293,13979,10645,16299,5319,5473,7874,13505,14344,13505,14058,10446,14419,19908,16469,12854,8263,975,20257,17725,14272,7568,21225,2246,150,19503,1,21:01
2024-25,1629618,Jalen Pickett,Jalen,1610612743,DEN,Denver Nuggets,0022400990,2025-03-17T00:00:00,DEN @ GSW,W,10.976666666666667,3.3,19.7,0.167,3.3,13.1,0.25,0.0,0.0,0.0,0.0,3.3,3.3,6.6,6.6,3.3,0.0,3.3,9.8,0.0,9.8,-19.7,26.9,0,0,29.5,1,1,13086,1,21722,18805,3202,21938,5731,1241,11902,13505,14344,13505,14058,15854,19041,4627,1101,2602,8263,1078,735,17725,18325,21462,17027,2246,150,14313,1,10:59
2024-25,1631106,Tari Eason,Tari,1610612745,HOU,Houston Rockets,0022400985,2025-03-17T00:00:00,HOU vs. PHI,W,39.141666666666666,7.4,17.5,0.421,1.8,6.4,0.286,2.8,3.7,0.75,5.5,1.8,7.4,0.9,0.9,0.0,0.9,1.8,5.5,2.8,19.3,-14.7,31.4,0,0,31.3,1,1,13086,1,833,8108,5273,14442,10928,9673,11433,8441,8530,8186,1942,20140,9458,19847,16288,12854,8004,3772,3674,10109,8540,19793,13778,2246,150,12952,1,39:09
2024-25,1629637,Jaxson Hayes,Jaxson,1610612747,LAL,Los Angeles Lakers,0022400977,2025-03-16T00:00:00,LAL vs. PHX,W,29.333333333333332,9.8,12.3,0.8,0.0,0.0,0.0,3.7,8.6,0.429,2.5,4.9,7.4,3.7,0.0,1.2,1.2,0.0,4.9,7.4,23.3,8.6,45.0,0,0,39.3,1,1,13086,1,8364,3440,13125,1688,15070,20945,15070,6326,2132,13040,6767,11134,9449,10841,16469,9961,6008,8846,4818,1410,5270,8367,5154,2246,150,7211,1,29:20
2024-25,1631096,Chet Holmgren,Chet,1610612760,OKC,Oklahoma City Thunder,0022400982,2025-03-16T00:00:00,OKC @ MIL,W,35.468333333333334,6.1,9.1,0.667,2.0,4.1,0.5,2.0,4.1,0.5,1.0,7.1,8.1,3.0,2.0,0.0,0.0,1.0,3.0,4.1,16.2,4.1,28.5,0,0,29.4,1,1,13086,1,3101,11256,18502,3281,10017,15457,3944,10537,7718,10625,13135,6166,8062,12777,10373,12854,8263,7776,10512,6146,11678,10613,15866,2246,150,14376,1,35:28
2024-25,1630198,Isaiah Joe,Isaiah,1610612760,OKC,Oklahoma City Thunder,0022400982,2025-03-16T00:00:00,OKC @ MIL,W,29.641666666666666,7.3,14.6,0.5,6.1,10.9,0.556,2.4,2.4,1.0,0.0,7.3,7.3,2.4,1.2,0.0,0.0,2.4,1.2,2.4,23.1,4.9,34.2,0,0,38.9,1,1,13086,1,8097,8248,9246,8526,1253,2563,3747,9245,11392,1,14058,5849,9597,14785,14333,12854,8263,2158,18452,11232,5434,10185,11616,2246,150,7476,1,29:39
2024-25,1630163,LaMelo Ball,LaMelo,1610612766,CHA,Charlotte Hornets,0022400538,2025-03-16T00:00:00,CHA @ LAC,L,30.85,5.8,21.0,0.278,2.3,9.3,0.25,4.7,5.8,0.8,0.0,2.3,2.3,5.8,4.7,0.0,0.0,0.0,3.5,3.5,18.7,-39.7,25.6,0,0,29.2,1,13222,1,13222,6992,12009,2329,20025,8728,4326,11902,4562,4710,7681,14058,18665,21127,5786,2759,12854,8263,8846,8746,7662,9149,24822,17901,2246,150,14568,1,30:51
2024-25,1626145,Tyus Jones,Tyus,1610612756,PHX,Phoenix Suns,0022400977,2025-03-16T00:00:00,PHX @ LAL,L,23.516666666666666,4.6,10.7,0.429,3.1,9.2,0.333,0.0,0.0,0.0,0.0,0.0,0.0,7.7,0.0,0.0,0.0,0.0,0.0,0.0,12.2,-1.5,23.7,0,0,23.0,1,13222,1,13222,13298,15521,15857,13735,6318,4562,9209,13505,14344,13505,14058,22137,23286,3220,16469,12854,8263,8846,20257,17725,15871,13814,19147,2246,150,19060,1,23:31
2024-25,1631119,Jaylin Williams,Jaylin,1610612760,OKC,Oklahoma City Thunder,0022400982,2025-03-16T00:00:00,OKC @ MIL,W,13.781666666666666,2.6,2.6,1.0,2.6,2.6,1.0,0.0,0.0,0.0,0.0,2.6,2.6,0.0,0.0,0.0,0.0,0.0,10.4,0.0,7.8,-15.7,11.0,0,0,13.1,1,1,13086,1,20318,20259,24615,1,7785,18427,1,13505,14344,13505,14058,17919,20618,19908,16469,12854,8263,8846,620,17725,20054,20138,24247,2246,150,23694,1,13:47
2024-25,203992,Bogdan Bogdanović,Bogdan,1610612746,LAC,LA Clippers,0022400538,2025-03-16T00:00:00,LAC vs. CHA,W,19.233333333333334,5.6,7.5,0.75,1.9,1.9,1.0,0.0,0.0,0.0,0.0,7.5,7.5,1.9,1.9,0.0,0.0,0.0,1.9,0.0,13.1,26.2,23.0,0,0,24.3,1,1,13086,1,16641,12665,20942,2107,10769,19790,1,13505,14344,13505,14058,5516,9192,16848,11206,12854,8263,8846,15822,17725,14978,2581,19552,2246,150,18117,1,19:14
2024-25,203484,Kentavious Caldwell-Pope,Kentavious,1610612753,ORL,Orlando Magic,0022400979,2025-03-16T00:00:00,ORL @ CLE,W,30.266666666666666,5.9,10.7,0.556,3.6,5.9,0.6,2.4,2.4,1.0,0.0,2.4,2.4,3.6,1.2,1.2,0.0,0.0,5.9,1.2,17.8,8.3,28.4,0,0,29.7,1,1,13086,1,7529,11665,15874,7248,4987,10818,2992,9389,11545,1,14058,18545,21049,11177,14518,10267,8263,8846,3020,16450,9988,8473,15921,2246,150,14145,1,30:16
2024-25,203497,Rudy Gobert,Rudy,1610612750,MIN,Minnesota Timberwolves,0022400981,2025-03-16T00:00:00,MIN vs. UTA,W,25.9,4.2,6.9,0.6,0.0,0.0,0.0,1.4,2.8,0.5,4.2,4.2,8.3,0.0,1.4,2.8,2.8,0.0,1.4,1.4,9.7,36.1,35.0,0,0,29.2,1,1,13086,1,11244,16673,21620,5394,15070,20945,15070,12043,10538,10625,3337,13205,7705,19908,13336,3733,1982,8846,17667,15495,18415,1272,11035,2246,150,14548,1,25:54
2024-25,1630568,Luka Garza,Luka,1610612750,MIN,Minnesota Timberwolves,0022400981,2025-03-16T00:00:00,MIN vs. UTA,W,9.4,3.8,19.1,0.2,3.8,7.7,0.5,0.0,0.0,0.0,0.0,0.0,0.0,7.7,3.8,0.0,0.0,0.0,3.8,0.0,11.5,-15.3,19.1,0,0,23.0,1,1,13086,1,22312,17495,3621,21401,4362,7066,3944,13505,14344,13505,14058,22137,23286,3217,4236,12854,8263,8846,7653,17725,16681,20015,21576,2246,150,19033,1,9:24
2024-25,202684,Tristan Thompson,Tristan,1610612739,CLE,Cleveland Cavaliers,0022400979,2025-03-16T00:00:00,CLE vs. ORL,L,10.675,0.0,3.4,0.0,0.0,0.0,0.0,0.0,0.0,0.0,3.4,6.7,10.1,3.4,0.0,0.0,0.0,3.4,10.1,3.4,0.0,10.1,17.2,0,0,13.5,1,13222,1,13222,21852,22635,24358,22635,15070,20945,15070,13505,14344,13505,4595,6805,5307,11764,16469,12854,8263,1014,679,8039,23200,7641,22411,2246,150,23558,1,10:41
2024-25,1641748,Andre Jackson Jr.,Andre,1610612749,MIL,Milwaukee Bucks,0022400982,2025-03-16T00:00:00,MIL vs. OKC,L,4.616666666666666,7.8,15.6,0.5,0.0,7.8,0.0,0.0,0.0,0.0,7.8,7.8,15.6,0.0,7.8,0.0,0.0,0.0,15.6,0.0,15.6,15.6,26.5,0,0,31.2,1,13222,1,13222,24173,7065,7699,8526,15070,6797,15070,13505,14344,13505,846,5010,1552,19908,631,12854,8263,8846,223,17725,12324,5389,17285,2246,150,13005,1,4:37
2024-25,1629643,Chuma Okeke,Chuma,1610612755,PHI,Philadelphia 76ers,0022400976,2025-03-16T00:00:00,PHI @ DAL,W,15.933333333333334,4.5,9.0,0.5,2.3,6.8,0.333,0.0,0.0,0.0,2.3,6.8,9.0,2.3,0.0,2.3,0.0,0.0,2.3,0.0,11.3,-20.3,32.3,0,0,29.4,1,1,13086,1,18975,15718,18660,8526,9016,8943,9209,13505,14344,13505,7384,6739,6677,15395,16469,5183,8263,8846,13824,17725,16895,21642,13080,2246,150,14433,1,15:56
2024-25,1629631,De'Andre Hunter,De'Andre,1610612739,CLE,Cleveland Cavaliers,0022400979,2025-03-16T00:00:00,CLE vs. ORL,L,29.183333333333334,2.5,13.6,0.182,1.2,6.2,0.2,4.9,4.9,1.0,3.7,2.5,6.2,1.2,1.2,1.2,0.0,0.0,4.9,3.7,11.1,-6.2,22.8,0,0,22.2,1,13222,1,13222,8521,20518,10881,21891,13181,10274,13429,4143,6058,1,4034,18275,11900,18900,14205,9915,8263,8846,4761,7128,17081,16138,19671,2246,150,19555,1,29:11
2024-25,1630538,Bones Hyland,Bones,1610612750,MIN,Minnesota Timberwolves,0022400981,2025-03-16T00:00:00,MIN vs. UTA,W,7.016666666666667,5.1,10.3,0.5,0.0,5.1,0.0,0.0,0.0,0.0,0.0,0.0,0.0,5.1,0.0,0.0,0.0,0.0,5.1,0.0,10.3,-25.7,18.0,0,0,15.4,1,1,13086,1,23162,14004,16635,8526,15070,12874,15070,13505,14344,13505,14058,22137,23286,7172,16469,12854,8263,8846,4317,17725,17894,22947,22110,2246,150,22918,1,7:01
2024-25,1629622,Max Strus,Max,1610612739,CLE,Cleveland Cavaliers,0022400979,2025-03-16T00:00:00,CLE vs. ORL,L,27.216666666666665,5.3,10.6,0.5,1.3,5.3,0.25,1.3,2.6,0.5,1.3,6.6,7.9,6.6,0.0,0.0,0.0,0.0,2.6,4.0,13.2,2.6,32.7,0,0,29.1,1,13222,1,13222,10176,13560,16082,8526,12764,12485,11902,12240,10870,10625,11084,7071,8395,4559,16469,12854,8263,8846,12255,6404,14841,11297,12825,2246,150,14621,1,27:13
2024-25,1629018,Gary Trent Jr.,Gary,1610612749,MIL,Milwaukee Bucks,0022400982,2025-03-16T00:00:00,MIL vs. OKC,L,25.166666666666668,5.7,15.7,0.364,4.3,12.9,0.333,1.4,2.9,0.5,0.0,1.4,1.4,2.9,0.0,2.9,0.0,0.0,2.9,1.4,17.2,-15.7,31.8,0,0,31.5,1,13222,1,13222,11859,12351,7498,16861,3407,1358,9209,11949,10328,10625,14058,21026,22658,13410,16469,3511,8263,8846,11357,15320,10665,20171,13507,2246,150,12799,1,25:10
2024-25,1628374,Lauri Markkanen,Lauri,1610612762,UTA,Utah Jazz,0022400981,2025-03-16T00:00:00,UTA @ MIN,L,26.35,6.8,16.4,0.417,5.5,15.0,0.364,2.7,2.7,1.0,0.0,1.4,1.4,2.7,4.1,0.0,0.0,0.0,1.4,2.7,21.9,-30.1,23.5,0,0,31.4,1,13222,1,13222,10858,9346,6552,14532,1770,687,9100,8502,10658,1,14058,21156,22740,13812,3674,12854,8263,8846,17758,10220,6318,23748,19260,2246,150,12835,1,26:21
2024-25,1642261,Dalton Knecht,Dalton,1610612747,LAL,Los Angeles Lakers,0022400977,2025-03-16T00:00:00,LAL vs. PHX,W,15.571666666666667,2.3,11.6,0.2,2.3,6.9,0.333,0.0,0.0,0.0,0.0,4.6,4.6,0.0,2.3,0.0,0.0,0.0,4.6,0.0,6.9,-9.2,10.2,0,0,13.9,1,1,13086,1,19209,20832,14374,21401,8813,8601,9209,13505,14344,13505,14058,11924,15765,19908,9021,12854,8263,8846,5483,17725,20770,17548,24382,2246,150,23455,1,15:34
2024-25,203078,Bradley Beal,Bradley,1610612756,PHX,Phoenix Suns,0022400977,2025-03-16T00:00:00,PHX @ LAL,L,15.2,4.7,14.2,0.333,0.0,4.7,0.0,0.0,0.0,0.0,0.0,4.7,4.7,0.0,2.4,0.0,0.0,0.0,2.4,0.0,9.5,-28.4,12.8,0,0,14.2,1,13222,1,13222,19439,15151,9810,17395,15070,13876,15070,13505,14344,13505,14058,11595,15469,19908,8777,12854,8263,8846,13353,17725,18661,23500,23825,2246,150,23354,1,15:12
2024-25,201587,Nicolas Batum,Nicolas,1610612746,LAC,LA Clippers,0022400538,2025-03-16T00:00:00,LAC vs. CHA,W,14.966666666666667,2.4,2.4,1.0,2.4,2.4,1.0,0.0,0.0,0.0,2.4,9.6,12.0,2.4,0.0,2.4,0.0,0.0,4.8,0.0,7.2,62.5,32.5,0,0,28.9,1,1,13086,1,19587,20650,24670,1,8470,18795,1,13505,14344,13505,6901,2897,3468,14860,16469,4677,8263,8846,5027,17725,20548,326,12966,2246,150,14808,1,14:58
2024-25,201988,Patty Mills,Patty,1610612746,LAC,LA Clippers,0022400538,2025-03-16T00:00:00,LAC vs. CHA,W,7.366666666666666,4.9,4.9,1.0,4.9,4.9,1.0,9.8,9.8,1.0,0.0,0.0,0.0,0.0,0.0,0.0,0.0,0.0,4.9,9.8,24.4,0.0,24.4,0,0,29.3,1,1,13086,1,23041,14701,23538,1,2427,13471,1,758,1470,1,14058,22137,23286,19908,16469,12854,8263,8846,4864,459,4531,12240,18660,2246,150,14462,1,7:22
2024-25,1641738,Kobe Brown,Kobe,1610612746,LAC,LA Clippers,0022400538,2025-03-16T00:00:00,LAC vs. CHA,W,7.366666666666666,4.9,4.9,1.0,0.0,0.0,0.0,0.0,0.0,0.0,0.0,4.9,4.9,4.9,0.0,4.9,0.0,0.0,9.8,0.0,9.8,0.0,37.6,0,0,29.3,1,1,13086,1,23041,14701,23538,1,15070,20945,15070,13505,14344,13505,14058,11192,15095,7711,16469,969,8263,8846,749,17725,18373,12240,9266,2246,150,14462,1,7:22
2024-25,1641717,Cason Wallace,Cason,1610612760,OKC,Oklahoma City Thunder,0022400982,2025-03-16T00:00:00,OKC @ MIL,W,27.016666666666666,5.3,9.3,0.571,1.3,2.7,0.5,0.0,0.0,0.0,1.3,4.0,5.3,1.3,1.3,1.3,0.0,0.0,2.7,0.0,12.0,5.3,23.1,0,0,22.7,1,1,13086,1,10318,13469,18234,6538,12725,18324,3944,13505,14344,13505,11051,13731,13971,18559,13662,9291,8263,8846,12185,17725,16150,9930,19528,2246,150,19245,1,27:01
2024-25,1630592,Jalen Wilson,Jalen,1610612751,BKN,Brooklyn Nets,0022400978,2025-03-16T00:00:00,BKN vs. ATL,W,30.2,6.0,13.1,0.455,2.4,4.8,0.5,1.2,1.2,1.0,3.6,1.2,4.8,7.2,0.0,0.0,0.0,1.2,1.2,1.2,15.5,-7.2,31.9,0,0,29.8,1,1,13086,1,7586,11626,11653,12676,8537,13787,3944,12622,13897,1,4251,21530,15372,3820,16469,12854,8263,6323,18577,16441,12422,16583,13364,2246,150,14099,1,30:12
2024-25,1630658,Colin Castleton,Colin,1610612761,TOR,Toronto Raptors,0022400980,2025-03-16T00:00:00,TOR @ POR,L,27.366666666666667,3.9,13.2,0.3,0.0,2.6,0.0,2.6,2.6,1.0,11.8,3.9,15.8,2.6,6.6,0.0,0.0,2.6,3.9,1.3,10.5,-19.7,26.8,0,0,28.9,1,13222,1,13222,10046,17211,11569,19363,15070,18393,15070,8732,10898,1,250,13884,1491,14109,1090,12854,8263,1833,7289,15831,17635,21472,17063,2246,150,14752,1,27:22
2024-25,1630585,Marcus Garrett,Marcus,1610612766,CHA,Charlotte Hornets,0022400538,2025-03-16T00:00:00,CHA @ LAC,L,17.15,6.3,10.5,0.6,2.1,4.2,0.5,0.0,0.0,0.0,0.0,2.1,2.1,4.2,0.0,0.0,0.0,0.0,6.3,0.0,14.7,-2.1,23.5,0,0,23.1,1,13222,1,13222,18166,10723,16221,5394,9688,15129,3944,13505,14344,13505,14058,19366,21616,9391,16469,12854,8263,8846,2605,17725,13200,14101,19254,2246,150,18950,1,17:09
2024-25,1630215,Jared Butler,Jared,1610612755,PHI,Philadelphia 76ers,0022400976,2025-03-16T00:00:00,PHI @ DAL,W,28.033333333333335,2.6,9.0,0.286,0.0,2.6,0.0,5.1,5.1,1.0,0.0,1.3,1.3,9.0,0.0,1.3,0.0,0.0,2.6,3.9,10.3,7.7,29.2,0,0,23.1,1,1,13086,1,9519,20334,18742,19630,15070,18502,15070,3837,5697,1,14058,21313,22829,2035,16469,9547,8263,8846,12535,6698,17880,8765,15392,2246,150,18921,1,28:02
2024-25,202066,Garrett Temple,Garrett,1610612761,TOR,Toronto Raptors,0022400980,2025-03-16T00:00:00,TOR @ POR,L,23.975,1.5,10.5,0.143,0.0,4.5,0.0,0.0,0.0,0.0,0.0,3.0,3.0,1.5,0.0,3.0,0.0,0.0,3.0,6.0,3.0,-19.5,17.9,0,0,13.5,1,13222,1,13222,12924,22161,16203,22260,15070,14419,15070,13505,14344,13505,14058,16706,19721,17966,16469,3134,8263,8846,10701,2614,22956,21404,22156,2246,150,23552,1,23:59
2024-25,1627777,Georges Niang,Georges,1610612737,ATL,Atlanta Hawks,0022400978,2025-03-16T00:00:00,ATL @ BKN,L,26.583333333333332,5.4,19.0,0.286,2.7,12.2,0.222,2.7,2.7,1.0,2.7,2.7,5.4,1.4,1.4,1.4,0.0,0.0,4.1,1.4,16.3,1.4,27.5,0,0,28.4,1,13222,1,13222,10652,13223,3788,19630,7511,1676,13288,8558,10724,1,6079,17672,13766,18485,13550,9168,8263,8846,6963,15651,11652,11931,16589,2246,150,15118,1,26:35
2024-25,1629026,Kenrich Williams,Kenrich,1610612760,OKC,Oklahoma City Thunder,0022400982,2025-03-16T00:00:00,OKC @ MIL,W,18.633333333333333,0.0,5.8,0.0,0.0,3.9,0.0,0.0,0.0,0.0,1.9,9.7,11.6,9.7,1.9,1.9,0.0,0.0,5.8,0.0,0.0,30.9,32.3,0,0,25.1,1,1,13086,1,17085,22635,22814,22635,15070,15871,15070,13505,14344,13505,8697,2859,3853,1610,10888,6609,8263,8846,3228,17725,23200,1844,13116,2246,150,17582,1,18:38
2024-25,1628970,Miles Bridges,Miles,1610612766,CHA,Charlotte Hornets,0022400538,2025-03-16T00:00:00,CHA @ LAC,L,25.016666666666666,4.3,14.4,0.3,1.4,10.1,0.143,0.0,0.0,0.0,0.0,5.8,5.8,4.3,2.9,0.0,1.4,1.4,2.9,1.4,10.1,-14.4,24.9,0,0,24.5,1,13222,1,13222,11990,16273,9551,19363,12298,3413,14649,13505,14344,13505,14058,8898,12886,9081,6926,12854,5077,5026,11285,15282,18086,19650,18361,2246,150,18027,1,25:01
2024-25,1628976,Wendell Carter Jr.,Wendell,1610612753,ORL,Orlando Magic,0022400979,2025-03-16T00:00:00,ORL @ CLE,W,35.13333333333333,6.1,13.3,0.462,2.0,4.1,0.5,2.0,3.1,0.667,6.1,8.2,14.3,1.0,1.0,0.0,0.0,0.0,3.1,3.1,16.4,5.1,34.1,1,0,33.8,1,1,13086,1,3358,11095,11264,12428,9916,15347,3944,10463,9787,9425,1544,4424,2080,19604,15675,12854,8263,8846,10377,8981,11502,10044,11712,1,150,10991,1,35:08
2024-25,1629651,Nic Claxton,Nic,1610612751,BKN,Brooklyn Nets,0022400978,2025-03-16T00:00:00,BKN vs. ATL,W,30.05,3.6,7.2,0.5,0.0,0.0,0.0,1.2,4.8,0.25,3.6,3.6,7.2,2.4,1.2,2.4,1.2,0.0,2.4,2.4,8.4,-14.4,30.2,0,0,25.2,1,1,13086,1,7740,18094,21331,8526,15070,20945,15070,12597,6311,13358,4219,14943,9772,14891,14456,4708,6183,8846,13227,11368,19602,19647,14673,2246,150,17554,1,30:03
2024-25,201142,Kevin Durant,Kevin,1610612756,PHX,Phoenix Suns,0022400977,2025-03-16T00:00:00,PHX @ LAL,L,36.75,5.9,16.7,0.353,2.0,6.9,0.286,6.9,9.8,0.7,0.0,8.8,8.8,2.0,4.9,0.0,0.0,1.0,2.9,8.8,20.6,-11.8,29.2,0,0,33.3,1,13222,1,13222,2159,11868,6237,17268,10354,8760,11433,2113,1454,9366,14058,3703,6992,16525,2467,12854,8263,8097,10987,713,7422,18648,15363,2246,150,11397,1,36:45
2024-25,1642270,Donovan Clingan,Donovan,1610612757,POR,Portland Trail Blazers,0022400980,2025-03-16T00:00:00,POR vs. TOR,W,30.191666666666666,2.4,7.2,0.333,0.0,1.2,0.0,1.2,2.4,0.5,8.3,8.3,16.7,1.2,1.2,1.2,3.6,0.0,2.4,2.4,6.0,-2.4,40.9,0,0,33.4,1,1,13086,1,7603,20700,21374,17395,15070,20630,15070,12621,11536,10625,691,4224,1209,19038,14500,10239,1170,8846,13288,11410,21425,14250,7226,2246,150,11332,1,30:12
2024-25,1627824,Guerschon Yabusele,Guerschon,1610612755,PHI,Philadelphia 76ers,0022400976,2025-03-16T00:00:00,PHI @ DAL,W,29.116666666666667,6.2,12.4,0.5,2.5,3.7,0.667,2.5,2.5,1.0,1.2,6.2,7.4,1.2,2.5,2.5,0.0,0.0,4.9,2.5,17.3,12.4,33.0,0,0,33.4,1,1,13086,1,8571,11015,12959,8526,8244,16193,1957,9128,11277,1,11561,7941,9333,18894,8355,4461,8263,8846,4736,11087,10521,6650,12585,2246,150,11337,1,29:07
2024-25,1629645,Kevin Porter Jr.,Kevin,1610612749,MIL,Milwaukee Bucks,0022400982,2025-03-16T00:00:00,MIL vs. OKC,L,18.55,5.8,17.5,0.333,5.8,7.8,0.75,3.9,3.9,1.0,0.0,7.8,7.8,1.9,0.0,0.0,0.0,1.9,3.9,1.9,21.3,9.7,33.6,0,0,36.9,1,13222,1,13222,17147,12044,5278,17395,1458,6869,1542,5908,8073,1,14058,5060,8690,16602,16469,12854,8263,3421,7505,13358,6773,7836,12136,2246,150,8804,1,18:33
2024-25,1629027,Trae Young,Trae,1610612737,ATL,Atlanta Hawks,0022400978,2025-03-16T00:00:00,ATL @ BKN,L,39.03333333333333,8.3,16.6,0.5,2.8,4.6,0.6,6.5,7.4,0.875,0.0,5.5,5.5,11.1,5.5,1.8,0.0,0.9,0.9,4.6,25.8,0.0,49.1,1,0,48.9,1,13222,1,13222,873,5979,6298,8526,7333,14169,2992,2442,3016,6931,14058,9445,13459,982,1783,7054,8263,8542,20089,4916,3759,12240,3606,1,150,2862,1,39:02
2024-25,1641710,Anthony Black,Anthony,1610612753,ORL,Orlando Magic,0022400979,2025-03-16T00:00:00,ORL @ CLE,W,22.333333333333332,8.1,11.3,0.714,4.8,4.8,1.0,6.4,9.7,0.667,0.0,4.8,4.8,3.2,3.2,3.2,0.0,0.0,3.2,6.4,27.4,14.5,44.5,0,0,46.7,1,1,13086,1,14245,6502,14856,2752,2508,13608,1,2451,1516,9425,14058,11315,15207,12216,5742,2691,8263,8846,9761,2127,3022,5821,5428,2246,150,3570,1,22:20
2024-25,1628998,Cody Martin,Cody,1610612756,PHX,Phoenix Suns,0022400977,2025-03-16T00:00:00,PHX @ LAL,L,8.421666666666667,4.3,12.8,0.333,0.0,4.3,0.0,4.3,4.3,1.0,8.5,17.1,25.6,0.0,4.3,0.0,4.3,4.3,4.3,4.3,12.8,17.1,52.2,0,0,47.0,1,13222,1,13222,22654,16389,12175,17395,15070,14973,15070,5208,7259,1,650,325,184,19908,3376,12854,775,556,6359,5662,15266,4867,2676,2246,150,3469,1,8:25
2024-25,1631260,AJ Green,AJ,1610612749,MIL,Milwaukee Bucks,0022400982,2025-03-16T00:00:00,MIL vs. OKC,L,18.65,5.8,9.7,0.6,3.9,7.7,0.5,0.0,0.0,0.0,0.0,3.9,3.9,1.9,1.9,0.0,0.0,0.0,5.8,0.0,15.4,-19.3,21.0,0,0,25.1,1,13222,1,13222,17073,12132,17671,5394,4298,6958,3944,13505,14344,13505,14058,14149,17680,16640,10894,12854,8263,8846,3234,17725,12470,21344,20663,2246,150,17609,1,18:39
2024-25,202709,Cory Joseph,Cory,1610612753,ORL,Orlando Magic,0022400979,2025-03-16T00:00:00,ORL @ CLE,W,24.491666666666667,1.5,5.9,0.25,1.5,4.4,0.333,0.0,0.0,0.0,1.5,2.9,4.4,5.9,0.0,4.4,0.0,1.5,5.9,1.5,4.4,-5.9,31.7,0,0,25.0,1,1,13086,1,12490,22204,22733,20233,12165,14655,9209,13505,14344,13505,10440,16939,16261,5709,16469,1294,8263,4885,3101,15130,22341,16009,13515,2246,150,17696,1,24:30
2024-25,1629656,Quentin Grimes,Quentin,1610612755,PHI,Philadelphia 76ers,0022400976,2025-03-16T00:00:00,PHI @ DAL,W,32.21666666666667,11.2,21.2,0.526,2.2,7.8,0.286,6.7,10.1,0.667,0.0,2.2,2.2,6.7,3.4,2.2,0.0,1.1,4.5,8.9,31.3,15.6,47.4,0,0,46.9,1,1,13086,1,5792,2125,2190,8379,9102,6767,11433,2236,1341,9425,14058,18969,21350,4422,5352,5262,8263,6894,5844,679,1699,5370,4185,2246,150,3508,1,32:13
2024-25,1629599,Amir Coffey,Amir,1610612746,LAC,LA Clippers,0022400538,2025-03-16T00:00:00,LAC vs. CHA,W,20.136666666666667,7.2,23.2,0.308,1.8,7.2,0.25,0.0,0.0,0.0,3.6,1.8,5.4,1.8,0.0,1.8,0.0,1.8,0.0,1.8,16.1,10.7,30.6,0,0,28.6,1,1,13086,1,15914,8580,1306,19226,11123,8147,11902,13505,14344,13505,4256,20277,13890,17125,16469,7305,8263,3937,20257,13976,11828,7358,14367,2246,150,14990,1,20:08
2024-25,1631200,Kris Murray,Kris,1610612757,POR,Portland Trail Blazers,0022400980,2025-03-16T00:00:00,POR vs. TOR,W,17.058333333333334,6.3,14.8,0.429,2.1,8.4,0.25,0.0,0.0,0.0,6.3,8.4,14.8,2.1,4.2,0.0,0.0,0.0,6.3,2.1,14.8,12.7,31.4,0,0,33.8,1,1,13086,1,18223,10613,8947,13735,9640,5680,11902,13505,14344,13505,1458,4126,1887,15965,3468,12854,8263,8846,2567,12565,13139,6535,13709,2246,150,11023,1,17:04
2024-25,1641745,Adam Flagler,Adam,1610612760,OKC,Oklahoma City Thunder,0022400982,2025-03-16T00:00:00,OKC @ MIL,W,1.0833333333333333,0.0,33.2,0.0,0.0,33.2,0.0,0.0,0.0,0.0,0.0,33.2,33.2,0.0,0.0,0.0,0.0,0.0,33.2,0.0,0.0,33.2,39.9,0,0,33.2,1,1,13086,1,26029,22635,160,22635,15070,37,15070,13505,14344,13505,14058,25,59,19908,16469,12854,8263,8846,29,17725,23200,1600,7835,2246,150,11458,1,1:05
2024-25,1627827,Dorian Finney-Smith,Dorian,1610612747,LAL,Los Angeles Lakers,0022400977,2025-03-16T00:00:00,LAL vs. PHX,W,35.9,3.0,7.0,0.429,2.0,6.0,0.333,2.0,4.0,0.5,1.0,5.0,6.0,3.0,0.0,1.0,1.0,0.0,1.0,3.0,10.0,16.0,27.8,0,0,25.1,1,1,13086,1,2753,19394,21535,13735,10134,10648,9209,10627,7820,10625,13231,10845,12233,12894,16469,11932,7463,8846,19692,9207,18138,5234,16384,2246,150,17634,1,35:54
2024-25,1642348,Justin Edwards,Justin,1610612755,PHI,Philadelphia 76ers,0022400976,2025-03-16T00:00:00,PHI @ DAL,W,21.316666666666666,8.4,16.9,0.5,0.0,6.8,0.0,0.0,0.0,0.0,3.4,3.4,6.8,0.0,1.7,3.4,1.7,0.0,5.1,0.0,16.9,-5.1,38.5,0,0,33.8,1,1,13086,1,15054,5728,5929,8526,15070,9005,15070,13505,14344,13505,4588,15579,10623,19908,11964,2427,4319,8846,4455,17725,10974,15633,8711,2246,150,11015,1,21:19
2024-25,1641741,Ricky Council IV,Ricky,1610612755,PHI,Philadelphia 76ers,0022400976,2025-03-16T00:00:00,PHI @ DAL,W,27.55,5.2,10.5,0.5,1.3,3.9,0.333,5.2,5.2,1.0,1.3,11.8,13.1,0.0,2.6,1.3,1.3,1.3,1.3,3.9,17.0,-9.1,37.9,1,0,36.6,1,1,13086,1,9909,13744,16303,8526,12832,15732,9209,3737,5558,1,11166,1491,2763,19908,7821,9419,5619,5616,18004,6510,10858,17499,9086,1,150,8992,1,27:33
2024-25,1627936,Alex Caruso,Alex,1610612760,OKC,Oklahoma City Thunder,0022400982,2025-03-16T00:00:00,OKC @ MIL,W,22.958333333333332,6.3,9.4,0.667,0.0,1.6,0.0,3.1,4.7,0.667,0.0,4.7,4.7,7.8,1.6,1.6,1.6,1.6,3.1,7.8,15.7,15.7,40.9,0,0,34.5,1,1,13086,1,13749,10794,18100,3281,15070,20208,15070,7464,6472,9425,14058,11688,15552,3054,12472,8118,4652,4532,10151,1104,12243,5358,7215,2246,150,10454,1,22:58
2024-25,1641871,Duop Reath,Duop,1610612757,POR,Portland Trail Blazers,0022400980,2025-03-16T00:00:00,POR vs. TOR,W,17.716666666666665,6.1,16.3,0.375,2.0,8.1,0.25,4.1,4.1,1.0,6.1,4.1,10.2,0.0,2.0,0.0,2.0,0.0,4.1,2.0,18.3,10.2,34.5,0,0,34.5,1,1,13086,1,17765,11233,6744,16299,10002,6228,11902,5585,7709,1,1565,13533,5269,19908,10349,12854,3392,8846,6957,12916,9538,7616,11416,2246,150,10410,1,17:43
2024-25,1641890,Tyler Smith,Tyler,1610612749,MIL,Milwaukee Bucks,0022400982,2025-03-16T00:00:00,MIL vs. OKC,L,1.9666666666666666,0.0,18.3,0.0,0.0,0.0,0.0,0.0,0.0,0.0,0.0,0.0,0.0,0.0,0.0,0.0,0.0,0.0,0.0,0.0,0.0,-36.6,0.0,0,0,0.0,1,13222,1,13222,25476,22635,4363,22635,15070,20945,15070,13505,14344,13505,14058,22137,23286,19908,16469,12854,8263,8846,20257,17725,23200,24577,25228,2246,150,25259,1,1:58
2024-25,1641753,Chris Livingston,Chris,1610612749,MIL,Milwaukee Bucks,0022400982,2025-03-16T00:00:00,MIL vs. OKC,L,1.9666666666666666,0.0,0.0,0.0,0.0,0.0,0.0,0.0,0.0,0.0,0.0,0.0,0.0,0.0,0.0,0.0,0.0,0.0,0.0,0.0,0.0,-36.6,0.0,0,0,0.0,1,13222,1,13222,25476,22635,24836,22635,15070,20945,15070,13505,14344,13505,14058,22137,23286,19908,16469,12854,8263,8846,20257,17725,23200,24577,25228,2246,150,25259,1,1:58
2024-25,1626164,Devin Booker,Devin,1610612756,PHX,Phoenix Suns,0022400977,2025-03-16T00:00:00,PHX @ LAL,L,39.745,5.4,15.4,0.353,0.0,2.7,0.0,6.3,6.3,1.0,2.7,2.7,5.4,10.0,2.7,0.9,0.0,0.0,4.5,5.4,17.2,-11.8,38.7,1,0,34.4,1,13222,1,13222,637,13171,7963,17268,15070,18224,15070,2547,4078,1,6050,17643,13714,1457,7474,12644,8263,8846,5709,3426,10621,18654,8611,1,150,10513,1,39:45
2024-25,1630700,Dyson Daniels,Dyson,1610612737,ATL,Atlanta Hawks,0022400978,2025-03-16T00:00:00,ATL @ BKN,L,34.31666666666667,6.3,11.5,0.545,1.0,2.1,0.5,1.0,4.2,0.25,3.1,3.1,6.3,7.3,3.1,4.2,1.0,2.1,1.0,4.2,14.7,8.4,45.8,0,0,39.9,1,13222,1,13222,3991,10739,14409,7695,14259,19370,3944,13082,7420,13358,5045,16276,11621,3574,5994,1461,7144,2929,19411,5856,13206,8443,4808,2246,150,6858,1,34:19
2024-25,203944,Julius Randle,Julius,1610612750,MIN,Minnesota Timberwolves,0022400981,2025-03-16T00:00:00,MIN vs. UTA,W,19.783333333333335,7.3,16.4,0.444,1.8,3.6,0.5,3.6,7.3,0.5,3.6,1.8,5.5,7.3,1.8,0.0,0.0,0.0,3.6,5.5,20.0,25.5,35.7,0,0,34.6,1,1,13086,1,16192,8268,6571,13045,10996,16354,3944,6407,3110,10625,4140,20191,13648,3644,11452,12854,8263,8846,8293,3399,7907,2713,10603,2246,150,10383,1,19:47
2024-25,1629052,Oshae Brissett,Oshae,1610612755,PHI,Philadelphia 76ers,0022400976,2025-03-16T00:00:00,PHI @ DAL,W,24.983333333333334,8.6,13.0,0.667,1.4,4.3,0.333,0.0,0.0,0.0,4.3,2.9,7.2,1.4,2.9,2.9,0.0,0.0,1.4,0.0,18.7,5.8,35.3,0,0,34.6,1,1,13086,1,12017,5355,11915,3281,12289,14855,9209,13505,14344,13505,3134,17144,9730,18204,6915,3458,8263,8846,17474,17725,9104,9724,10869,2246,150,10381,1,24:59
2024-25,203552,Seth Curry,Seth,1610612766,CHA,Charlotte Hornets,0022400538,2025-03-16T00:00:00,CHA @ LAC,L,12.45,0.0,8.7,0.0,0.0,2.9,0.0,0.0,0.0,0.0,0.0,2.9,2.9,2.9,0.0,2.9,0.0,0.0,0.0,2.9,0.0,-23.1,16.5,0,0,11.6,1,13222,1,13222,21022,22635,19229,22635,15070,17878,15070,13505,14344,13505,14058,17110,20015,13306,16469,3434,8263,8846,20257,9613,23200,22359,22676,2246,150,24094,1,12:27
2024-25,1642265,Rob Dillingham,Rob,1610612750,MIN,Minnesota Timberwolves,0022400981,2025-03-16T00:00:00,MIN vs. UTA,W,9.4,3.8,11.5,0.333,0.0,7.7,0.0,0.0,0.0,0.0,0.0,3.8,3.8,0.0,0.0,0.0,0.0,0.0,0.0,0.0,7.7,-15.3,12.3,0,0,11.5,1,1,13086,1,22312,17495,14490,17395,15070,7066,15070,13505,14344,13505,14058,14233,17750,19908,16469,12854,8263,8846,20257,17725,20192,20015,23955,2246,150,24115,1,9:24
2024-25,1629020,Jarred Vanderbilt,Jarred,1610612747,LAL,Los Angeles Lakers,0022400977,2025-03-16T00:00:00,LAL vs. PHX,W,9.783333333333333,0.0,3.7,0.0,0.0,3.7,0.0,0.0,0.0,0.0,0.0,11.0,11.0,0.0,0.0,0.0,0.0,0.0,3.7,0.0,0.0,-18.4,13.2,0,0,11.0,1,1,13086,1,22179,22635,24237,22635,15070,16263,15070,13505,14344,13505,14058,1888,4373,19908,16469,12854,8263,8846,8165,17725,23200,21044,23708,2246,150,24212,1,9:47
2024-25,1630625,Dalano Banton,Dalano,1610612757,POR,Portland Trail Blazers,0022400980,2025-03-16T00:00:00,POR vs. TOR,W,3.9166666666666665,0.0,0.0,0.0,0.0,0.0,0.0,0.0,0.0,0.0,0.0,0.0,0.0,0.0,0.0,0.0,0.0,0.0,0.0,0.0,0.0,-27.6,0.0,0,0,0.0,1,1,13086,1,24535,22635,24836,22635,15070,20945,15070,13505,14344,13505,14058,22137,23286,19908,16469,12854,8263,8846,20257,17725,23200,23351,25228,2246,150,25259,1,3:55
2024-25,1628386,Jarrett Allen,Jarrett,1610612739,CLE,Cleveland Cavaliers,0022400979,2025-03-16T00:00:00,CLE vs. ORL,L,32.333333333333336,8.9,12.2,0.727,0.0,0.0,0.0,4.5,6.7,0.667,3.3,10.0,13.4,2.2,0.0,0.0,1.1,0.0,4.5,7.8,22.3,-3.3,45.0,1,0,40.1,1,13222,1,13222,5701,4876,13175,2666,15070,20945,15070,4903,3678,9425,4666,2569,2572,15523,16469,12854,6704,8846,5879,1138,6027,14729,5191,1,150,6737,1,32:20
2024-25,1631115,Orlando Robinson,Orlando,1610612761,TOR,Toronto Raptors,0022400980,2025-03-16T00:00:00,TOR @ POR,L,29.983333333333334,4.8,14.4,0.333,0.0,3.6,0.0,2.4,2.4,1.0,1.2,3.6,4.8,2.4,4.8,0.0,0.0,2.4,4.8,2.4,12.0,-32.4,16.6,0,0,19.2,1,13222,1,13222,7797,14939,9509,17395,15070,16434,15070,9334,11486,1,11790,14923,15298,14875,2579,12854,8263,2217,5051,11344,16130,24092,22633,2246,150,21285,1,29:59
2024-25,1630692,Jordan Goodwin,Jordan,1610612747,LAL,Los Angeles Lakers,0022400977,2025-03-16T00:00:00,LAL vs. PHX,W,28.095,1.3,6.4,0.2,0.0,3.8,0.0,0.0,0.0,0.0,2.6,1.3,3.8,1.3,0.0,0.0,2.6,0.0,5.1,0.0,2.6,-3.8,16.8,0,0,12.8,1,1,13086,1,9474,22418,22200,21401,15070,15910,15070,13505,14344,13505,6444,21324,17720,18719,16469,12854,2270,8846,4330,17725,23059,14975,22565,2246,150,23772,1,28:06
2024-25,1631216,Caleb Houstan,Caleb,1610612753,ORL,Orlando Magic,0022400979,2025-03-16T00:00:00,ORL @ CLE,W,6.966666666666667,5.2,5.2,1.0,0.0,0.0,0.0,0.0,0.0,0.0,0.0,0.0,0.0,0.0,5.2,0.0,0.0,0.0,5.2,0.0,10.3,-10.3,5.2,0,0,10.3,1,1,13086,1,23184,13896,23345,1,15070,20945,15070,13505,14344,13505,14058,22137,23286,19908,2142,12854,8263,8846,4253,17725,17819,18045,24997,2246,150,24367,1,6:58
2024-25,1630534,Ochai Agbaji,Ochai,1610612761,TOR,Toronto Raptors,0022400980,2025-03-16T00:00:00,TOR @ POR,L,25.033333333333335,10.1,21.6,0.467,2.9,7.2,0.4,4.3,4.3,1.0,0.0,4.3,4.3,2.9,0.0,1.4,0.0,2.9,0.0,1.4,27.3,10.1,41.1,0,0,40.3,1,13222,1,13222,11975,3149,2000,12249,6959,8063,7874,5125,7183,1,14058,12755,16495,13354,16469,8709,8263,1496,20257,15287,3059,7669,7099,2246,150,6637,1,25:02
2024-25,1642353,Cam Christie,Cam,1610612746,LAC,LA Clippers,0022400538,2025-03-16T00:00:00,LAC vs. CHA,W,7.366666666666666,0.0,9.8,0.0,0.0,9.8,0.0,0.0,0.0,0.0,0.0,0.0,0.0,9.8,0.0,4.9,0.0,0.0,0.0,0.0,0.0,0.0,29.3,0,0,19.5,1,1,13086,1,23041,22635,17428,22635,15070,3749,15070,13505,14344,13505,14058,22137,23286,1551,16469,969,8263,8846,20257,17725,23200,12240,15267,2246,150,21123,1,7:22
2024-25,1631117,Walker Kessler,Walker,1610612762,UTA,Utah Jazz,0022400981,2025-03-16T00:00:00,UTA @ MIN,L,31.1,6.9,17.4,0.4,1.2,6.9,0.167,2.3,2.3,1.0,5.8,16.2,22.0,0.0,2.3,0.0,0.0,3.5,3.5,2.3,17.4,-26.6,41.4,1,0,40.5,1,13222,1,13222,6796,9056,5389,14933,13607,8579,14236,9570,11735,1,1753,412,339,19908,9009,12854,8263,939,8827,11687,10457,23158,6906,1,150,6492,1,31:06
2024-25,1629048,Goga Bitadze,Goga,1610612753,ORL,Orlando Magic,0022400979,2025-03-16T00:00:00,ORL @ CLE,W,6.216666666666667,0.0,0.0,0.0,0.0,0.0,0.0,17.4,23.2,0.75,0.0,0.0,0.0,5.8,0.0,0.0,5.8,0.0,5.8,11.6,17.4,17.4,43.4,0,0,34.7,1,1,13086,1,23504,22635,24836,22635,15070,20945,15070,111,96,8186,14058,22137,23286,5870,16469,12854,346,8846,3234,228,10450,4782,5916,2246,150,10261,1,6:13
2024-25,1630182,Josh Green,Josh,1610612766,CHA,Charlotte Hornets,0022400538,2025-03-16T00:00:00,CHA @ LAC,L,27.216666666666665,4.0,10.6,0.375,0.0,5.3,0.0,2.6,2.6,1.0,1.3,0.0,1.3,2.6,0.0,1.3,1.3,1.3,2.6,1.3,10.6,-35.7,24.1,0,0,19.8,1,13222,1,13222,10176,17167,16082,16299,15070,12485,15070,8699,10870,1,11084,22137,22790,14063,16469,9329,5548,5530,12255,15793,17581,24494,18897,2246,150,20951,1,27:13
2024-25,1630545,Terrence Shannon Jr.,Terrence,1610612750,MIN,Minnesota Timberwolves,0022400981,2025-03-16T00:00:00,MIN vs. UTA,W,19.366666666666667,3.7,7.4,0.5,0.0,0.0,0.0,0.0,0.0,0.0,0.0,7.4,7.4,1.9,0.0,1.9,0.0,0.0,3.7,0.0,7.4,-9.3,24.7,0,0,20.4,1,1,13086,1,16522,17784,21020,8526,15070,20945,15070,13505,14344,13505,14058,5608,9293,16898,16469,6979,8263,8846,8013,17725,20374,17578,18476,2246,150,20611,1,19:22
2024-25,1630288,Jeff Dowtin Jr.,Jeff,1610612755,PHI,Philadelphia 76ers,0022400976,2025-03-16T00:00:00,PHI @ DAL,W,19.966666666666665,10.8,21.6,0.5,0.0,0.0,0.0,3.6,5.4,0.667,1.8,3.6,5.4,5.4,1.8,1.8,0.0,1.8,1.8,3.6,25.2,-1.8,43.5,0,0,39.7,1,1,13086,1,16042,2401,1967,8526,15070,20945,15070,6475,5302,9425,9226,14901,13793,6617,11538,7238,8263,3892,16172,7374,4094,13921,5904,2246,150,6970,1,19:58
2024-25,1629012,Collin Sexton,Collin,1610612762,UTA,Utah Jazz,0022400981,2025-03-16T00:00:00,UTA @ MIN,L,34.18333333333333,9.5,19.0,0.5,1.1,2.1,0.5,3.2,5.3,0.6,0.0,4.2,4.2,4.2,2.1,1.1,0.0,2.1,3.2,5.3,23.2,-17.9,35.6,0,0,34.8,1,13222,1,13222,4106,3908,3790,8526,14230,19357,3944,7416,5508,10343,14058,13077,16768,9356,9966,11460,8263,2905,10041,3682,5371,20909,10663,2246,150,10257,1,34:11
2024-25,1642258,Zaccharie Risacher,Zaccharie,1610612737,ATL,Atlanta Hawks,0022400978,2025-03-16T00:00:00,ATL @ BKN,L,22.583333333333332,11.2,20.7,0.538,3.2,12.8,0.25,0.0,0.0,0.0,1.6,1.6,3.2,0.0,3.2,0.0,0.0,0.0,4.8,0.0,25.5,-19.1,26.1,0,0,31.9,1,13222,1,13222,14045,2134,2505,7978,5983,1406,11902,13505,14344,13505,9948,20689,19263,19908,5860,12854,8263,8846,5101,17725,3936,21281,17526,2246,150,12467,1,22:35
2024-25,1641740,Jaylen Clark,Jaylen,1610612750,MIN,Minnesota Timberwolves,0022400981,2025-03-16T00:00:00,MIN vs. UTA,W,16.933333333333334,2.1,4.3,0.5,0.0,2.1,0.0,12.8,17.0,0.75,6.4,0.0,6.4,8.5,0.0,6.4,0.0,0.0,2.1,8.5,17.0,14.9,56.6,0,0,44.6,1,1,13086,1,18290,21196,23959,8526,15070,19317,15070,278,227,8186,1432,22137,11448,2419,16469,401,8263,8846,14483,828,10839,5675,1717,2246,150,4409,1,16:56
2024-25,1630249,Vít Krejčí,Vít,1610612737,ATL,Atlanta Hawks,0022400978,2025-03-16T00:00:00,ATL @ BKN,L,26.65,4.1,8.1,0.5,2.7,6.8,0.4,0.0,0.0,0.0,0.0,1.4,1.4,2.7,0.0,2.7,1.4,0.0,4.1,1.4,10.8,-2.7,28.6,0,0,25.7,1,13222,1,13222,10604,16963,20077,8526,7535,9010,7874,13505,14344,13505,14058,21182,22757,13903,16469,3907,5441,8846,6989,15675,17364,14402,15775,2246,150,17160,1,26:39
2024-25,1641794,Dillon Jones,Dillon,1610612760,OKC,Oklahoma City Thunder,0022400982,2025-03-16T00:00:00,OKC @ MIL,W,6.216666666666667,0.0,0.0,0.0,0.0,0.0,0.0,0.0,0.0,0.0,0.0,17.4,17.4,0.0,0.0,0.0,0.0,0.0,0.0,0.0,0.0,40.5,20.8,0,0,17.4,1,1,13086,1,23504,22635,24836,22635,15070,20945,15070,13505,14344,13505,14058,307,1039,19908,16469,12854,8263,8846,20257,17725,23200,951,20767,2246,150,22137,1,6:13
2024-25,1628371,Jonathan Isaac,Jonathan,1610612753,ORL,Orlando Magic,0022400979,2025-03-16T00:00:00,ORL @ CLE,W,6.65,5.4,10.8,0.5,0.0,5.4,0.0,0.0,0.0,0.0,0.0,5.4,5.4,0.0,0.0,5.4,5.4,0.0,0.0,0.0,10.8,-16.2,49.8,0,0,37.9,1,1,13086,1,23303,13231,15644,8526,15070,12178,15070,13505,14344,13505,14058,9750,13773,19908,16469,676,415,8846,20257,17725,17332,20334,3326,2246,150,8092,1,6:39
2024-25,1630639,A.J. Lawson,A.J.,1610612761,TOR,Toronto Raptors,0022400980,2025-03-16T00:00:00,TOR @ POR,L,33.1,4.4,15.2,0.286,1.1,6.5,0.167,0.0,0.0,0.0,2.2,6.5,8.7,6.5,1.1,0.0,0.0,1.1,3.3,0.0,9.8,-10.9,28.9,0,0,26.1,1,13222,1,13222,5069,16199,8205,19630,14017,9487,14236,13505,14344,13505,7669,7246,7168,4668,15216,12854,8263,7167,9599,17725,18359,18271,15543,2246,150,16865,1,33:06
2024-25,1631213,Tyrese Martin,Tyrese,1610612751,BKN,Brooklyn Nets,0022400978,2025-03-16T00:00:00,BKN vs. ATL,W,32.983333333333334,6.5,14.2,0.462,3.3,7.6,0.429,1.1,2.2,0.5,1.1,5.5,6.5,3.3,2.2,1.1,0.0,2.2,3.3,2.2,17.5,8.7,31.3,0,0,32.7,1,1,13086,1,5158,10067,9853,12428,5743,7101,7394,12929,12140,10625,12541,9653,11067,12067,9581,11091,8263,2687,9548,12236,10360,8309,13808,2246,150,11844,1,32:59
2024-25,202691,Klay Thompson,Klay,1610612742,DAL,Dallas Mavericks,0022400976,2025-03-16T00:00:00,DAL vs. PHI,L,34.9,9.3,15.5,0.6,3.1,7.2,0.429,0.0,0.0,0.0,0.0,3.1,3.1,2.1,2.1,1.0,0.0,1.0,1.0,0.0,21.7,-6.2,29.5,0,0,32.0,1,13222,1,13222,3538,4228,7864,5394,6229,8004,7394,13505,14344,13505,14058,16420,19486,16144,10193,11662,8263,7649,19520,17725,6493,16149,15148,2246,150,12410,1,34:54
2024-25,203994,Jusuf Nurkić,Jusuf,1610612766,CHA,Charlotte Hornets,0022400538,2025-03-16T00:00:00,CHA @ LAC,L,12.016666666666667,6.0,18.0,0.333,0.0,3.0,0.0,0.0,0.0,0.0,0.0,15.0,15.0,0.0,6.0,3.0,0.0,3.0,3.0,0.0,12.0,-30.0,33.0,0,0,33.0,1,13222,1,13222,21220,11546,4725,17395,15070,17667,15070,13505,14344,13505,14058,576,1779,19908,1386,3161,8263,1347,10755,17725,16159,23730,12622,2246,150,11685,1,12:01
2024-25,1642268,Isaiah Collier,Isaiah,1610612762,UTA,Utah Jazz,0022400981,2025-03-16T00:00:00,UTA @ MIN,L,31.44,4.6,10.3,0.444,0.0,0.0,0.0,3.4,3.4,1.0,2.3,4.6,6.9,6.9,5.7,0.0,0.0,0.0,2.3,3.4,12.6,-25.2,25.4,0,0,26.3,1,13222,1,13222,6463,15545,16554,13045,15070,20945,15070,6825,9018,1,7279,12050,10386,4179,1625,12854,8263,8846,13694,7857,15500,22851,17978,2246,150,16695,1,31:26
2024-25,1642345,Oso Ighodaro,Oso,1610612756,PHX,Phoenix Suns,0022400977,2025-03-16T00:00:00,PHX @ LAL,L,23.066666666666666,3.1,4.7,0.667,0.0,0.0,0.0,0.0,0.0,0.0,0.0,6.2,6.2,3.1,1.6,0.0,0.0,1.6,6.2,0.0,6.2,3.1,16.9,0,0,15.6,1,13222,1,13222,13659,19146,23696,3281,15070,20945,15070,13505,14344,13505,14058,7801,11720,12553,12505,12854,8263,4550,2664,17725,21215,11049,22544,2246,150,22846,1,23:04
2024-25,203081,Damian Lillard,Damian,1610612749,MIL,Milwaukee Bucks,0022400982,2025-03-16T00:00:00,MIL vs. OKC,L,29.116666666666667,3.7,11.1,0.333,2.5,4.9,0.5,13.6,13.6,1.0,0.0,1.2,1.2,2.5,1.2,1.2,0.0,0.0,0.0,8.7,23.5,-18.5,31.2,0,0,32.1,1,13222,1,13222,8571,17809,15148,17395,8244,13324,3944,228,516,1,14058,21428,22894,14641,14190,9896,8263,8846,20257,769,5138,21081,13938,2246,150,12267,1,29:07
2024-25,1631132,Christian Koloko,Christian,1610612747,LAL,Los Angeles Lakers,0022400977,2025-03-16T00:00:00,LAL vs. PHX,W,14.833333333333334,2.4,12.1,0.2,0.0,0.0,0.0,2.4,4.9,0.5,0.0,9.7,9.7,0.0,2.4,0.0,0.0,4.9,0.0,4.9,7.3,-2.4,16.5,0,0,17.0,1,1,13086,1,19683,20596,13345,21401,15070,20945,15070,9250,6191,10625,14058,2809,5788,19908,8543,12854,8263,395,20257,4384,20498,14273,22664,2246,150,22314,1,14:50
2024-25,1642347,Jamal Shead,Jamal,1610612761,TOR,Toronto Raptors,0022400980,2025-03-16T00:00:00,TOR @ POR,L,25.233333333333334,4.3,7.1,0.6,4.3,7.1,0.6,1.4,2.9,0.5,0.0,2.9,2.9,8.6,0.0,1.4,0.0,0.0,4.3,2.9,14.3,30.0,34.8,0,0,32.8,1,13222,1,13222,11804,16372,21400,5394,3427,8181,2992,11962,10350,10625,14058,17228,20107,2376,16469,8771,8263,8846,6342,9753,13645,1967,11187,2246,150,11798,1,25:14
2024-25,1631094,Paolo Banchero,Paolo,1610612753,ORL,Orlando Magic,0022400979,2025-03-16T00:00:00,ORL @ CLE,W,38.083333333333336,5.7,20.8,0.273,2.8,7.6,0.375,8.5,10.4,0.818,1.9,8.5,10.4,6.6,1.9,0.9,0.9,0.0,0.9,6.6,22.7,2.8,48.9,1,0,46.3,1,1,13086,1,1336,12502,2456,20048,7099,7247,8800,1183,1222,7652,8860,4051,5010,4549,11101,12398,7864,8846,19995,1967,5717,11204,3672,1,150,3715,1,38:05
2024-25,1630166,Deni Avdija,Deni,1610612757,POR,Portland Trail Blazers,0022400980,2025-03-16T00:00:00,POR vs. TOR,W,33.666666666666664,4.3,8.6,0.5,3.2,6.4,0.5,8.6,9.6,0.889,1.1,5.3,6.4,6.4,3.2,1.1,0.0,0.0,2.1,10.7,20.3,-2.1,37.6,0,0,38.5,1,1,13086,1,4576,16379,19418,8526,5932,9714,3944,1158,1536,6857,12718,9906,11350,4831,5798,11286,8263,8846,14413,305,7645,14118,9258,2246,150,7706,1,33:40
2024-25,1629680,Matisse Thybulle,Matisse,1610612757,POR,Portland Trail Blazers,0022400980,2025-03-16T00:00:00,POR vs. TOR,W,6.208333333333333,0.0,0.0,0.0,0.0,0.0,0.0,0.0,0.0,0.0,0.0,11.6,11.6,0.0,0.0,11.6,5.8,0.0,0.0,0.0,0.0,40.6,66.1,0,0,46.4,1,1,13086,1,23516,22635,24836,22635,15070,20945,15070,13505,14344,13505,14058,1563,3849,19908,16469,79,345,8846,20257,17725,23200,940,624,2246,150,3698,1,6:13
2024-25,1628983,Shai Gilgeous-Alexander,Shai,1610612760,OKC,Oklahoma City Thunder,0022400982,2025-03-16T00:00:00,OKC @ MIL,W,33.583333333333336,11.8,28.9,0.407,0.0,5.4,0.0,9.6,11.8,0.818,1.1,1.1,2.1,8.6,1.1,0.0,1.1,2.1,1.1,7.5,33.2,8.6,50.8,0,0,46.1,1,1,13086,1,4656,1670,331,14925,15070,12304,15070,794,812,7652,12702,21820,21526,2363,15325,12854,6970,2787,19262,1325,1283,8373,3042,2246,150,3783,1,33:35
2024-25,1629636,Darius Garland,Darius,1610612739,CLE,Cleveland Cavaliers,0022400979,2025-03-16T00:00:00,CLE vs. ORL,L,33.075,8.7,17.4,0.5,2.2,5.4,0.4,1.1,2.2,0.5,1.1,5.4,6.5,4.4,5.4,2.2,0.0,1.1,2.2,2.2,20.7,1.1,36.1,0,0,38.1,1,13222,1,13222,5093,5260,5344,8526,9326,12099,7874,12941,12165,10625,12565,9690,11104,9004,1862,5486,8263,7162,14213,12261,7332,12085,10277,2246,150,7964,1,33:05
2024-25,1641739,Toumani Camara,Toumani,1610612757,POR,Portland Trail Blazers,0022400980,2025-03-16T00:00:00,POR vs. TOR,W,35.333333333333336,8.2,16.3,0.5,5.1,10.2,0.5,0.0,0.0,0.0,3.1,4.1,7.1,3.1,1.0,2.0,2.0,0.0,3.1,3.1,21.4,-2.0,45.7,0,0,44.8,1,1,13086,1,3201,6299,6680,8526,2165,3291,3944,13505,14344,13505,5218,13494,9890,12737,15721,6073,3379,8846,10452,9046,6737,14064,4842,2246,150,4342,1,35:20
2024-25,1629675,Naz Reid,Naz,1610612750,MIN,Minnesota Timberwolves,0022400981,2025-03-16T00:00:00,MIN vs. UTA,W,19.883333333333333,3.6,18.1,0.2,0.0,9.1,0.0,1.8,3.6,0.5,7.2,9.1,16.3,5.4,5.4,5.4,1.8,0.0,1.8,1.8,9.1,19.9,53.0,0,0,45.3,1,1,13086,1,16109,18030,4554,21401,15070,4736,15070,11217,8643,10625,1045,3455,1324,6563,1872,667,4036,8846,16122,13890,19028,3979,2436,2246,150,4119,1,19:53
2024-25,1627732,Ben Simmons,Ben,1610612746,LAC,LA Clippers,0022400538,2025-03-16T00:00:00,LAC vs. CHA,W,14.85,0.0,7.3,0.0,0.0,0.0,0.0,0.0,0.0,0.0,4.8,0.0,4.8,7.3,0.0,0.0,2.4,0.0,2.4,0.0,0.0,17.0,24.0,0,0,17.0,1,1,13086,1,19667,22635,21242,22635,15070,20945,15070,13505,14344,13505,2509,22137,15185,3653,16469,12854,2511,8846,13099,17725,23200,4920,18937,2246,150,22319,1,14:51
2024-25,1629731,Dean Wade,Dean,1610612739,CLE,Cleveland Cavaliers,0022400979,2025-03-16T00:00:00,CLE vs. ORL,L,21.916666666666668,1.6,3.3,0.5,1.6,3.3,0.5,0.0,0.0,0.0,3.3,6.6,9.9,0.0,1.6,4.9,0.0,0.0,3.3,0.0,4.9,-6.6,29.9,0,0,26.3,1,13222,1,13222,14561,21978,24400,8526,11557,17098,3944,13505,14344,13505,4775,7161,5594,19908,12169,937,8263,8846,9500,17725,22048,16323,14877,2246,150,16732,1,21:55
2024-25,203939,Dwight Powell,Dwight,1610612742,DAL,Dallas Mavericks,0022400976,2025-03-16T00:00:00,DAL vs. PHI,L,12.933333333333334,2.8,2.8,1.0,0.0,0.0,0.0,0.0,0.0,0.0,0.0,2.8,2.8,8.4,0.0,0.0,0.0,0.0,5.6,0.0,5.6,-33.4,21.4,0,0,16.7,1,13222,1,13222,20774,19914,24561,1,15070,20945,15070,13505,14344,13505,14058,17451,20290,2555,16469,12854,8263,8846,3599,17725,21683,24217,20454,2246,150,22425,1,12:56
2024-25,1630570,Trendon Watford,Trendon,1610612751,BKN,Brooklyn Nets,0022400978,2025-03-16T00:00:00,BKN vs. ATL,W,26.683333333333334,5.4,10.8,0.5,1.3,2.7,0.5,5.4,5.4,1.0,0.0,1.3,1.3,6.7,5.4,1.3,1.3,2.7,2.7,4.0,17.5,9.4,32.0,0,0,32.4,1,1,13086,1,10574,13283,15704,8526,12657,18267,3944,3535,5320,1,14058,21188,22760,4359,1905,9194,5447,1746,12053,6178,10282,7967,13344,2246,150,12083,1,26:41
2024-25,1630241,Sam Merrill,Sam,1610612739,CLE,Cleveland Cavaliers,0022400979,2025-03-16T00:00:00,CLE vs. ORL,L,18.816666666666666,3.8,15.3,0.25,1.9,13.4,0.143,0.0,0.0,0.0,0.0,1.9,1.9,3.8,0.0,0.0,0.0,0.0,1.9,0.0,9.6,0.0,17.6,0,0,17.2,1,13222,1,13222,16954,17503,8106,20233,10574,1135,14649,13505,14344,13505,14058,19933,21976,10433,16469,12854,8263,8846,15605,17725,18576,12240,22264,2246,150,22208,1,18:49
2024-25,1628978,Donte DiVincenzo,Donte,1610612750,MIN,Minnesota Timberwolves,0022400981,2025-03-16T00:00:00,MIN vs. UTA,W,24.283333333333335,5.9,13.3,0.444,4.4,11.9,0.375,0.0,0.0,0.0,0.0,1.5,1.5,10.4,1.5,3.0,0.0,0.0,3.0,3.0,16.3,26.7,41.1,0,0,38.5,1,1,13086,1,12662,11708,11224,13045,3156,1860,8800,13505,14344,13505,14058,20906,22587,1250,12832,3231,8263,8846,10875,9377,11599,2485,7139,2246,150,7678,1,24:17
2024-25,1642346,Ryan Dunn,Ryan,1610612756,PHX,Phoenix Suns,0022400977,2025-03-16T00:00:00,PHX @ LAL,L,23.216666666666665,7.8,18.6,0.417,3.1,12.4,0.25,1.6,3.1,0.5,0.0,4.7,4.7,1.6,0.0,4.7,3.1,1.6,6.2,1.6,20.2,1.6,51.3,0,0,45.0,1,13222,1,13222,13533,7157,4115,14532,6213,1572,11902,11690,9720,10625,14058,11852,15699,17807,16469,1120,1570,4589,2706,14802,7784,11849,2892,2246,150,4288,1,23:13
2024-25,1630230,Naji Marshall,Naji,1610612742,DAL,Dallas Mavericks,0022400976,2025-03-16T00:00:00,DAL vs. PHI,L,35.88333333333333,8.0,20.1,0.4,1.0,7.0,0.143,4.0,6.0,0.667,4.0,4.0,8.0,6.0,1.0,1.0,0.0,1.0,3.0,3.0,21.1,3.0,41.7,0,0,38.1,1,13222,1,13222,2764,6582,2923,14933,14533,8419,14649,5676,4444,9425,3579,13683,8223,5450,15819,11928,8263,7891,10668,9201,7030,11109,6758,2246,150,7943,1,35:53
2024-25,1631108,Max Christie,Max,1610612742,DAL,Dallas Mavericks,0022400976,2025-03-16T00:00:00,DAL vs. PHI,L,30.05,7.2,9.6,0.75,4.8,7.2,0.667,2.4,4.8,0.5,0.0,9.6,9.6,3.6,3.6,0.0,1.2,0.0,4.8,2.4,21.6,1.2,38.5,0,0,41.9,1,13222,1,13222,7740,8485,17806,2107,2575,8068,1957,9348,6311,10625,14058,2935,5939,11099,4790,12854,6183,8846,5080,11368,6584,12017,8734,2246,150,5686,1,30:03
2024-25,1629216,Gabe Vincent,Gabe,1610612747,LAL,Los Angeles Lakers,0022400977,2025-03-16T00:00:00,LAL vs. PHX,W,27.383333333333333,3.9,9.2,0.429,3.9,6.6,0.6,0.0,0.0,0.0,1.3,0.0,1.3,1.3,0.0,1.3,0.0,0.0,3.9,0.0,11.8,19.7,19.3,0,0,21.0,1,1,13086,1,10029,17217,18403,13735,4104,9379,2992,13505,14344,13505,11132,22137,22799,18612,16469,9384,8263,8846,7298,17725,16312,4035,21487,2246,150,20261,1,27:23
2024-25,1641721,Maxwell Lewis,Maxwell,1610612751,BKN,Brooklyn Nets,0022400978,2025-03-16T00:00:00,BKN vs. ATL,W,22.383333333333333,6.4,11.3,0.571,3.2,6.4,0.5,0.0,0.0,0.0,0.0,1.6,1.6,3.2,1.6,3.2,0.0,0.0,1.6,0.0,16.1,27.3,30.9,0,0,30.6,1,1,13086,1,14203,10347,14910,6538,5911,9686,3944,13505,14344,13505,14058,20656,22428,12239,12300,2704,8263,8846,16838,17725,11843,2364,14141,2246,150,13507,1,22:23
2024-25,201572,Brook Lopez,Brook,1610612749,MIL,Milwaukee Bucks,0022400982,2025-03-16T00:00:00,MIL vs. OKC,L,32.71666666666667,3.3,8.8,0.375,0.0,3.3,0.0,2.2,2.2,1.0,2.2,3.3,5.5,0.0,2.2,1.1,2.2,0.0,3.3,2.2,8.8,-12.1,23.1,0,0,20.9,1,13222,1,13222,5388,18752,19016,16299,15070,17069,15070,9942,12085,1,7581,15790,13535,19908,9502,11016,2942,8846,9453,12160,19267,18777,19491,2246,150,20340,1,32:43
2024-25,1629660,Ty Jerome,Ty,1610612739,CLE,Cleveland Cavaliers,0022400979,2025-03-16T00:00:00,CLE vs. ORL,L,24.683333333333334,7.3,13.1,0.556,1.5,2.9,0.5,1.5,5.8,0.25,1.5,0.0,1.5,1.5,4.4,0.0,0.0,0.0,0.0,2.9,17.5,-13.1,17.1,0,0,21.9,1,13222,1,13222,12289,8239,11627,7248,12219,17826,3944,11885,4712,13358,10499,22137,22622,18143,3186,12854,8263,8846,20257,9537,10322,19171,22458,2246,150,19740,1,24:41
2024-25,1631217,Moussa Diabaté,Moussa,1610612766,CHA,Charlotte Hornets,0022400538,2025-03-16T00:00:00,CHA @ LAC,L,13.083333333333334,5.5,11.0,0.5,0.0,0.0,0.0,5.5,5.5,1.0,8.3,0.0,8.3,2.8,0.0,0.0,0.0,0.0,2.8,11.0,16.5,-35.8,30.5,0,0,27.5,1,13222,1,13222,20706,12968,15342,8526,15070,20945,15070,3412,5185,1,712,22137,7846,13745,16469,12854,8263,8846,11832,278,11384,24503,14398,2246,150,15784,1,13:05
2024-25,1642024,Alex Reese,Alex,1610612755,PHI,Philadelphia 76ers,0022400976,2025-03-16T00:00:00,PHI @ DAL,W,17.416666666666668,4.1,4.1,1.0,4.1,4.1,1.0,0.0,0.0,0.0,0.0,4.1,4.1,2.1,0.0,2.1,0.0,0.0,6.2,0.0,12.4,10.3,26.7,0,0,26.9,1,1,13086,1,17986,16762,24031,1,3709,15264,1,13505,14344,13505,14058,13320,16992,16127,16469,5926,8263,8846,2709,17725,15710,7545,17175,2246,150,16253,1,17:25
2024-25,1631230,Dominick Barlow,Dominick,1610612737,ATL,Atlanta Hawks,0022400978,2025-03-16T00:00:00,ATL @ BKN,L,15.55,0.0,2.3,0.0,0.0,0.0,0.0,0.0,0.0,0.0,0.0,2.3,2.3,4.6,0.0,0.0,6.9,2.3,2.3,0.0,0.0,-39.4,30.6,0,0,20.8,1,13222,1,13222,19219,22635,24693,22635,15070,20945,15070,13505,14344,13505,14058,18719,21167,8350,16469,12854,208,2395,13581,17725,23200,24793,14378,2246,150,20379,1,15:33
2024-25,1629611,Terance Mann,Terance,1610612737,ATL,Atlanta Hawks,0022400978,2025-03-16T00:00:00,ATL @ BKN,L,25.916666666666668,6.9,16.7,0.417,0.0,4.2,0.0,4.2,4.2,1.0,1.4,0.0,1.4,1.4,1.4,0.0,0.0,1.4,0.0,2.8,18.1,-20.8,20.4,0,0,20.8,1,13222,1,13222,11230,9056,6223,14532,15070,15193,15070,5400,7478,1,10796,22137,22710,18377,13341,12854,8263,5218,20257,10043,9787,21794,20975,2246,150,20379,1,25:55
2024-25,1629004,Svi Mykhailiuk,Svi,1610612762,UTA,Utah Jazz,0022400981,2025-03-16T00:00:00,UTA @ MIN,L,25.933333333333334,4.2,9.7,0.429,2.8,5.6,0.5,0.0,0.0,0.0,0.0,4.2,4.2,2.8,2.8,0.0,0.0,1.4,5.6,0.0,11.1,-9.7,17.5,0,0,20.8,1,13222,1,13222,11215,16687,17547,13735,7295,11835,3944,13505,14344,13505,14058,13225,16898,13662,7303,12854,8263,5224,3625,17725,17079,17766,22295,2246,150,20390,1,25:56
2024-25,1626220,Royce O'Neale,Royce,1610612756,PHX,Phoenix Suns,0022400977,2025-03-16T00:00:00,PHX @ LAL,L,21.683333333333334,6.6,18.3,0.364,3.3,13.3,0.25,0.0,0.0,0.0,1.7,6.6,8.3,1.7,3.3,0.0,0.0,0.0,5.0,0.0,16.6,-14.9,25.7,0,0,29.9,1,13222,1,13222,14767,9842,4396,16861,5603,1172,11902,13505,14344,13505,9716,7014,7768,17477,5451,12854,8263,8846,4653,17725,11280,19882,17795,2246,150,14040,1,21:41
2024-25,1631101,Shaedon Sharpe,Shaedon,1610612757,POR,Portland Trail Blazers,0022400980,2025-03-16T00:00:00,POR vs. TOR,W,33.708333333333336,7.5,17.1,0.438,1.1,8.5,0.125,2.1,2.1,1.0,1.1,3.2,4.3,1.1,4.3,1.1,0.0,0.0,1.1,3.2,18.2,2.1,23.8,0,0,26.7,1,1,13086,1,4543,7820,5708,13558,14143,5507,14886,10183,12302,1,12730,16072,16607,19453,3381,11306,8263,8846,19285,8552,9668,11549,19085,2246,150,16402,1,33:43
2024-25,203915,Spencer Dinwiddie,Spencer,1610612742,DAL,Dallas Mavericks,0022400976,2025-03-16T00:00:00,DAL vs. PHI,L,35.56666666666667,6.1,15.2,0.4,1.0,6.1,0.167,5.1,6.1,0.833,1.0,3.0,4.0,7.1,1.0,0.0,0.0,0.0,2.0,5.1,18.2,-6.1,32.7,0,0,30.4,1,13222,1,13222,3020,11308,8287,14933,14473,10512,14236,3944,4379,7275,13158,16599,17191,3905,15763,12854,8263,8846,14997,3994,9607,16096,12806,2246,150,13663,1,35:34
2024-25,1627884,Derrick Jones Jr.,Derrick,1610612746,LAC,LA Clippers,0022400538,2025-03-16T00:00:00,LAC vs. CHA,W,27.863333333333333,6.5,9.0,0.714,1.3,2.6,0.5,1.3,2.6,0.5,1.3,2.6,3.9,0.0,0.0,0.0,0.0,0.0,1.3,1.3,15.5,37.5,20.2,0,0,20.7,1,1,13086,1,9667,10289,18650,2752,12888,18472,3944,12321,11013,10625,11234,17987,17638,19908,16469,12854,8263,8846,18065,15943,12416,1161,21079,2246,150,20471,1,27:52
2024-25,1630579,Jericho Sims,Jericho,1610612749,MIL,Milwaukee Bucks,0022400982,2025-03-16T00:00:00,MIL vs. OKC,L,11.966666666666667,0.0,6.0,0.0,0.0,0.0,0.0,0.0,0.0,0.0,9.0,3.0,12.0,3.0,3.0,0.0,3.0,3.0,6.0,0.0,0.0,3.0,25.0,0,0,21.1,1,13222,1,13222,21302,22635,22579,22635,15070,20945,15070,13505,14344,13505,549,16684,3461,12895,6440,12854,1682,1322,2917,17725,23200,11110,18313,2246,150,20247,1,11:58
2024-25,1630314,Brandon Williams,Brandon,1610612742,DAL,Dallas Mavericks,0022400976,2025-03-16T00:00:00,DAL vs. PHI,L,32.13333333333333,3.4,9.0,0.375,0.0,3.4,0.0,5.6,5.6,1.0,2.2,0.0,2.2,2.2,3.4,1.1,1.1,1.1,2.2,5.6,12.3,1.1,21.7,0,0,21.3,1,13222,1,13222,5859,18619,18775,16299,15070,16950,15070,3314,5047,1,7450,22137,21337,15473,5330,10861,6666,6870,13922,3190,15803,12069,20299,2246,150,20106,1,32:08
2024-25,1630532,Franz Wagner,Franz,1610612753,ORL,Orlando Magic,0022400979,2025-03-16T00:00:00,ORL @ CLE,W,35.78333333333333,8.0,19.1,0.421,1.0,6.0,0.167,5.0,6.0,0.833,3.0,5.0,8.0,2.0,7.0,1.0,0.0,0.0,3.0,3.0,22.1,-1.0,30.8,0,0,35.2,1,1,13086,1,2834,6534,3648,14442,14510,10606,14236,3986,4423,7275,5295,10790,8176,16331,878,11898,8263,8846,10629,9171,6111,13544,14213,2246,150,9940,1,35:47
2024-25,1629638,Nickeil Alexander-Walker,Nickeil,1610612750,MIN,Minnesota Timberwolves,0022400981,2025-03-16T00:00:00,MIN vs. UTA,W,21.316666666666666,5.1,10.1,0.5,1.7,6.8,0.25,3.4,3.4,1.0,1.7,8.4,10.1,5.1,1.7,0.0,1.7,0.0,5.1,5.1,15.2,23.6,38.3,0,0,35.5,1,1,13086,1,15054,14194,16859,8526,11436,9005,11902,6940,9147,1,9620,4121,5289,7319,11964,12854,4319,8846,4455,3981,12710,3117,8816,2246,150,9752,1,21:19
2024-25,1641729,Brice Sensabaugh,Brice,1610612762,UTA,Utah Jazz,0022400981,2025-03-16T00:00:00,UTA @ MIN,L,23.716666666666665,3.0,6.1,0.5,1.5,3.0,0.5,1.5,3.0,0.5,0.0,7.6,7.6,3.0,7.6,0.0,0.0,0.0,1.5,1.5,9.1,-6.1,15.2,0,0,21.3,1,13222,1,13222,13138,19349,22537,8526,11973,17579,3944,11758,9887,10625,14058,5344,8992,12807,681,12854,8263,8846,17152,14929,18980,16095,23120,2246,150,20130,1,23:43
2024-25,1631111,Wendell Moore Jr.,Wendell,1610612766,CHA,Charlotte Hornets,0022400538,2025-03-16T00:00:00,CHA @ LAC,L,21.166666666666668,6.8,8.5,0.8,0.0,1.7,0.0,0.0,0.0,0.0,1.7,8.5,10.2,3.4,1.7,1.7,0.0,0.0,5.1,1.7,13.6,-8.5,34.4,0,0,30.6,1,13222,1,13222,15170,9410,19486,1688,15070,20045,15070,13505,14344,13505,9574,4054,5227,11684,11916,7604,8263,8846,4375,14263,14373,17184,11553,2246,150,13467,1,21:10
2024-25,1630556,Kessler Edwards,Kessler,1610612742,DAL,Dallas Mavericks,0022400976,2025-03-16T00:00:00,DAL vs. PHI,L,26.566666666666666,2.7,4.1,0.667,1.4,2.7,0.5,0.0,0.0,0.0,0.0,9.5,9.5,1.4,1.4,0.0,1.4,0.0,5.4,1.4,6.8,-2.7,22.9,0,0,21.7,1,13222,1,13222,10668,20063,24066,3281,12629,18243,3944,13505,14344,13505,14058,3033,6085,18482,13546,12854,5425,8846,3819,15646,20878,14410,19620,2246,150,19851,1,26:34
2024-25,1630208,Nick Richards,Nick,1610612756,PHX,Phoenix Suns,0022400977,2025-03-16T00:00:00,PHX @ LAL,L,19.3,9.3,11.2,0.833,0.0,0.0,0.0,1.9,1.9,1.0,7.5,3.7,11.2,0.0,1.9,0.0,1.9,0.0,1.9,3.7,20.5,5.6,37.7,0,0,35.4,1,13222,1,13222,16572,4167,15036,1514,15070,20945,15070,11066,13079,1,971,14534,4243,19908,11245,12854,3879,8846,15861,7048,7474,9794,9242,2246,150,9765,1,19:18
2024-25,1629014,Anfernee Simons,Anfernee,1610612757,POR,Portland Trail Blazers,0022400980,2025-03-16T00:00:00,POR vs. TOR,W,32.208333333333336,7.8,16.8,0.467,6.7,13.4,0.5,2.2,3.4,0.667,0.0,1.1,1.1,4.5,2.2,2.2,0.0,0.0,4.5,1.1,24.6,0.0,37.1,0,0,41.4,1,1,13086,1,5798,7022,6094,12249,893,1128,3944,9829,9193,9425,14058,21718,23059,8726,9374,5261,8263,8846,5843,16836,4429,12240,9625,2246,150,5998,1,32:13
2024-25,1631169,Josh Minott,Josh,1610612750,MIN,Minnesota Timberwolves,0022400981,2025-03-16T00:00:00,MIN vs. UTA,W,9.4,7.7,7.7,1.0,3.8,3.8,1.0,0.0,0.0,0.0,0.0,7.7,7.7,3.8,0.0,3.8,0.0,0.0,3.8,3.8,19.1,-15.3,45.6,0,0,42.1,1,1,13086,1,22312,7360,20704,1,4362,15936,1,13505,14344,13505,14058,5225,8861,10424,16469,1816,8263,8846,7653,6768,8695,20015,4906,2246,150,5584,1,9:24
2024-25,1630549,Day'Ron Sharpe,Day'Ron,1610612751,BKN,Brooklyn Nets,0022400978,2025-03-16T00:00:00,BKN vs. ATL,W,17.95,8.0,14.0,0.571,0.0,0.0,0.0,0.0,0.0,0.0,0.0,14.0,14.0,4.0,2.0,0.0,4.0,0.0,4.0,2.0,16.0,40.1,48.9,0,0,42.1,1,1,13086,1,17593,6587,10113,6538,15070,20945,15070,13505,14344,13505,14058,757,2213,9906,10494,12854,911,8846,7106,13057,11875,975,3651,2246,150,5587,1,17:57
2024-25,1630703,Scoot Henderson,Scoot,1610612757,POR,Portland Trail Blazers,0022400980,2025-03-16T00:00:00,POR vs. TOR,W,29.991666666666667,2.4,14.4,0.167,1.2,6.0,0.2,0.0,0.0,0.0,1.2,4.8,6.0,6.0,7.2,1.2,0.0,0.0,3.6,1.2,6.0,4.8,18.6,0,0,21.6,1,1,13086,1,7793,20665,9518,21938,13365,10682,13429,13505,14344,13505,11794,11432,12270,5484,814,10172,8263,8846,8424,16406,21386,10215,21843,2246,150,19890,1,29:60
2024-25,1641733,Nick Smith Jr.,Nick,1610612766,CHA,Charlotte Hornets,0022400538,2025-03-16T00:00:00,CHA @ LAC,L,20.016666666666666,7.2,16.2,0.444,1.8,5.4,0.333,0.0,0.0,0.0,0.0,1.8,1.8,1.8,1.8,0.0,0.0,0.0,0.0,1.8,16.2,-25.2,19.2,0,0,21.6,1,13222,1,13222,16001,8472,6850,13045,11083,12224,9209,13505,14344,13505,14058,20247,22162,17090,11561,12854,8263,8846,20257,13947,11740,22847,21521,2246,150,19911,1,20:01
2024-25,1630598,Aaron Wiggins,Aaron,1610612760,OKC,Oklahoma City Thunder,0022400982,2025-03-16T00:00:00,OKC @ MIL,W,19.183333333333334,5.6,15.0,0.375,1.9,7.5,0.25,3.8,3.8,1.0,3.8,3.8,7.5,5.6,0.0,0.0,1.9,1.9,0.0,3.8,16.9,16.9,40.0,0,0,35.7,1,1,13086,1,16683,12615,8589,16299,10731,7380,11902,6176,8363,1,3961,14458,9154,6190,16469,12854,3839,3638,20257,6978,10972,4943,7782,2246,150,9620,1,19:11
2024-25,1631221,Collin Gillespie,Collin,1610612756,PHX,Phoenix Suns,0022400977,2025-03-16T00:00:00,PHX @ LAL,L,23.466666666666665,1.5,10.7,0.143,1.5,9.2,0.167,0.0,0.0,0.0,4.6,6.1,10.7,4.6,0.0,0.0,0.0,1.5,7.7,0.0,4.6,-3.1,24.4,0,0,21.5,1,13222,1,13222,13330,22129,15815,22260,11914,4517,14236,13505,14344,13505,2801,8026,4667,8405,16469,12854,8263,4646,1530,17725,22232,14606,18687,2246,150,19988,1,23:28
2024-25,1629610,DaQuan Jeffries,DaQuan,1610612766,CHA,Charlotte Hornets,0022400538,2025-03-16T00:00:00,CHA @ LAC,L,36.45,2.0,10.9,0.182,1.0,5.9,0.167,0.0,0.0,0.0,1.0,4.0,4.9,3.0,0.0,0.0,2.0,1.0,0.0,0.0,4.9,-34.6,21.2,0,0,17.8,1,13222,1,13222,2364,21450,15581,21891,14620,10870,14236,13505,14344,13505,13351,13876,14956,13046,16469,12854,3552,8028,20257,17725,22039,24366,20579,2246,150,21956,1,36:27
2024-25,1642262,Cody Williams,Cody,1610612762,UTA,Utah Jazz,0022400981,2025-03-16T00:00:00,UTA @ MIN,L,19.643333333333334,1.8,7.3,0.25,0.0,5.5,0.0,0.0,0.0,0.0,1.8,0.0,1.8,1.8,0.0,0.0,0.0,0.0,3.7,0.0,3.7,-44.0,8.6,0,0,7.3,1,13222,1,13222,16313,21701,21166,20233,15070,11948,15070,13505,14344,13505,9117,22137,22110,16983,16469,12854,8263,8846,8205,17725,22711,25120,24623,2246,150,24861,1,19:39
2024-25,1627752,Taurean Prince,Taurean,1610612749,MIL,Milwaukee Bucks,0022400982,2025-03-16T00:00:00,MIL vs. OKC,L,24.683333333333334,4.4,8.8,0.5,0.0,2.9,0.0,0.0,1.5,0.0,0.0,1.5,1.5,1.5,1.5,2.9,0.0,0.0,1.5,1.5,8.8,-21.9,20.0,0,0,17.5,1,13222,1,13222,12289,16137,19100,8526,15070,17826,15070,13505,13526,13505,14058,20969,22622,18143,12964,3363,8263,8846,17405,15196,19303,22045,21181,2246,150,22076,1,24:41
2024-25,203914,Gary Harris,Gary,1610612753,ORL,Orlando Magic,0022400979,2025-03-16T00:00:00,ORL @ CLE,W,20.05,1.8,1.8,1.0,0.0,0.0,0.0,0.0,0.0,0.0,0.0,5.4,5.4,1.8,0.0,3.6,0.0,0.0,0.0,0.0,3.6,30.5,23.5,0,0,18.0,1,1,13086,1,15985,21764,24793,1,15070,20945,15070,13505,14344,13505,14058,9816,13840,17095,16469,2103,8263,8846,20257,17725,22744,1895,19247,2246,150,21889,1,20:03
2024-25,1642419,Jamison Battle,Jamison,1610612761,TOR,Toronto Raptors,0022400980,2025-03-16T00:00:00,TOR @ POR,L,22.791666666666668,4.7,11.1,0.429,4.7,7.9,0.6,0.0,0.0,0.0,0.0,3.2,3.2,1.6,0.0,0.0,0.0,0.0,9.5,1.6,14.2,9.5,20.4,0,0,23.7,1,13222,1,13222,13885,15149,15270,13735,2662,6629,2992,13505,14344,13505,14058,16229,19347,17712,16469,12854,8263,8846,818,14695,13708,7956,20994,2246,150,18544,1,22:48
2024-25,1628398,Kyle Kuzma,Kyle,1610612749,MIL,Milwaukee Bucks,0022400982,2025-03-16T00:00:00,MIL vs. OKC,L,26.2,5.5,15.1,0.364,2.7,6.9,0.4,0.0,0.0,0.0,0.0,1.4,1.4,2.7,1.4,0.0,1.4,1.4,6.9,0.0,13.7,-16.5,22.3,0,0,23.4,1,13222,1,13222,11004,12981,8402,16861,7380,8729,7874,13505,14344,13505,14058,21142,22731,13753,13433,12854,5336,5284,2086,17725,14234,20442,20003,2246,150,18762,1,26:12
2024-25,1631243,Mouhamed Gueye,Mouhamed,1610612737,ATL,Atlanta Hawks,0022400978,2025-03-16T00:00:00,ATL @ BKN,L,16.916666666666668,2.1,8.5,0.25,0.0,6.4,0.0,0.0,0.0,0.0,2.1,2.1,4.3,2.1,0.0,0.0,6.4,0.0,4.3,2.1,4.3,-25.5,31.7,0,0,23.4,1,13222,1,13222,18307,21189,19472,20233,15070,9790,15070,13505,14344,13505,7858,19277,16659,15903,16469,12854,254,8846,6413,12489,22432,22923,13541,2246,150,18727,1,16:55
2024-25,203486,Mason Plumlee,Mason,1610612756,PHX,Phoenix Suns,0022400977,2025-03-16T00:00:00,PHX @ LAL,L,5.633333333333334,0.0,0.0,0.0,0.0,0.0,0.0,0.0,0.0,0.0,6.4,12.8,19.2,0.0,0.0,0.0,0.0,0.0,0.0,6.4,0.0,-102.2,23.0,0,0,19.2,1,13222,1,13222,23727,22635,24836,22635,15070,20945,15070,13505,14344,13505,1423,1085,652,19908,16469,12854,8263,8846,20257,2190,23200,26157,19562,2246,150,21302,1,5:38
2024-25,1626181,Norman Powell,Norman,1610612746,LAC,LA Clippers,0022400538,2025-03-16T00:00:00,LAC vs. CHA,W,22.666666666666668,4.8,20.6,0.231,1.6,6.4,0.25,0.0,0.0,0.0,0.0,1.6,1.6,0.0,0.0,1.6,0.0,3.2,0.0,1.6,11.1,7.9,17.8,0,0,17.5,1,1,13086,1,13977,15068,2544,21157,11714,9865,11902,13505,14344,13505,14058,20703,22458,19908,16469,8032,8263,1171,20257,14668,17064,8665,22184,2246,150,22090,1,22:40
2024-25,1630175,Cole Anthony,Cole,1610612753,ORL,Orlando Magic,0022400979,2025-03-16T00:00:00,ORL @ CLE,W,6.008333333333334,0.0,6.0,0.0,0.0,0.0,0.0,12.0,12.0,1.0,0.0,6.0,6.0,0.0,6.0,0.0,0.0,0.0,0.0,6.0,12.0,-41.9,13.2,0,0,18.0,1,1,13086,1,23597,22635,22613,22635,15070,20945,15070,342,771,1,14058,8345,12306,19908,1386,12854,8263,8846,20257,2635,16159,24973,23724,2246,150,21881,1,6:01
2024-25,1630171,Isaac Okoro,Isaac,1610612739,CLE,Cleveland Cavaliers,0022400979,2025-03-16T00:00:00,CLE vs. ORL,L,7.883333333333334,4.6,9.1,0.5,0.0,4.6,0.0,0.0,0.0,0.0,4.6,4.6,9.1,0.0,0.0,0.0,0.0,0.0,4.6,0.0,9.1,-59.4,20.1,0,0,18.3,1,13222,1,13222,22842,15576,18504,8526,15070,14273,15070,13505,14344,13505,2846,12074,6524,19908,16469,12854,8263,8846,5625,17725,18957,25674,21117,2246,150,21733,1,7:53
2024-25,1641736,Reece Beekman,Reece,1610612751,BKN,Brooklyn Nets,0022400978,2025-03-16T00:00:00,BKN vs. ATL,W,15.016666666666667,4.8,4.8,1.0,2.4,2.4,1.0,0.0,0.0,0.0,4.8,2.4,7.2,2.4,0.0,0.0,0.0,0.0,2.4,0.0,12.0,0.0,24.2,0,0,24.0,1,1,13086,1,19551,14965,23609,1,8500,18815,1,13505,14344,13505,2569,18495,9765,14886,16469,12854,8263,8846,13220,17725,16157,12240,18798,2246,150,18346,1,15:01
2024-25,1626192,Pat Connaughton,Pat,1610612749,MIL,Milwaukee Bucks,0022400982,2025-03-16T00:00:00,MIL vs. OKC,L,4.616666666666666,0.0,7.8,0.0,0.0,0.0,0.0,15.6,15.6,1.0,0.0,0.0,0.0,7.8,0.0,0.0,0.0,0.0,7.8,7.8,15.6,15.6,27.3,0,0,23.4,1,13222,1,13222,24173,22635,20534,22635,15070,20945,15070,151,306,1,14058,22137,23286,3081,16469,12854,8263,8846,1459,1132,12324,5389,16751,2246,150,18738,1,4:37
2024-25,1630548,Johnny Juzang,Johnny,1610612762,UTA,Utah Jazz,0022400981,2025-03-16T00:00:00,UTA @ MIN,L,28.916666666666668,6.2,17.4,0.357,1.2,7.5,0.167,1.2,1.2,1.0,0.0,1.2,1.2,3.7,0.0,1.2,0.0,0.0,1.2,1.2,14.9,-3.7,25.8,0,0,23.7,1,13222,1,13222,8740,10902,5320,17140,13124,7468,14236,12463,13820,1,14058,21411,22886,10695,16469,9833,8263,8846,18302,16157,12973,14908,17767,2246,150,18575,1,28:55
2024-25,1641783,Tristan da Silva,Tristan,1610612753,ORL,Orlando Magic,0022400979,2025-03-16T00:00:00,ORL @ CLE,W,8.016666666666667,0.0,9.0,0.0,0.0,4.5,0.0,0.0,0.0,0.0,4.5,0.0,4.5,0.0,0.0,0.0,0.0,0.0,0.0,0.0,0.0,-9.0,5.4,0,0,4.5,1,1,13086,1,22811,22635,18755,22635,15070,14459,15070,13505,14344,13505,2933,22137,16072,19908,16469,12854,8263,8846,20257,17725,23200,17412,24973,2246,150,25149,1,8:01
2024-25,1629661,Cameron Johnson,Cameron,1610612751,BKN,Brooklyn Nets,0022400978,2025-03-16T00:00:00,BKN vs. ATL,W,35.85,7.0,16.1,0.438,4.0,8.0,0.5,10.0,10.0,1.0,0.0,4.0,4.0,7.0,3.0,0.0,0.0,2.0,2.0,7.0,28.1,3.0,40.5,0,0,43.2,1,1,13086,1,2786,8856,7026,13558,3961,6400,3944,688,1346,1,14058,13670,17277,3978,6420,12854,8263,3203,15092,1640,2738,11107,7478,2246,150,5053,1,35:51
2024-25,1630183,Jaden McDaniels,Jaden,1610612750,MIN,Minnesota Timberwolves,0022400981,2025-03-16T00:00:00,MIN vs. UTA,W,26.716666666666665,10.8,17.5,0.615,2.7,4.0,0.667,2.7,2.7,1.0,4.0,12.1,16.2,2.7,0.0,1.3,2.7,0.0,0.0,1.3,26.9,41.8,62.5,1,0,56.6,1,1,13086,1,10552,2432,5238,5246,7556,15495,1957,8591,10760,1,3546,1298,1373,13924,16469,9201,2091,8846,20257,15692,3232,861,915,1,150,1212,1,26:43
2024-25,1630567,Scottie Barnes,Scottie,1610612761,TOR,Toronto Raptors,0022400980,2025-03-16T00:00:00,TOR @ POR,L,27.683333333333334,5.2,14.3,0.364,0.0,1.3,0.0,10.4,11.7,0.889,2.6,5.2,7.8,7.8,6.5,7.8,0.0,0.0,0.0,9.1,20.8,5.2,58.8,0,0,52.0,1,13222,1,13222,9805,13811,9676,16861,15070,20491,15070,582,834,6857,6342,10273,8612,3078,1129,225,8263,8846,20257,618,7230,10003,1364,2246,150,2039,1,27:41
2024-25,1641720,Jalen Hood-Schifino,Jalen,1610612755,PHI,Philadelphia 76ers,0022400976,2025-03-16T00:00:00,PHI @ DAL,W,23.466666666666665,9.2,16.9,0.545,7.7,13.8,0.556,3.1,3.1,1.0,0.0,3.1,3.1,1.5,0.0,0.0,1.5,0.0,1.5,1.5,29.1,9.2,39.7,0,0,44.5,1,1,13086,1,13330,4349,5941,7695,539,989,3747,7625,9801,1,14058,16493,19546,17858,16469,12854,4739,8846,17100,14856,2389,8087,7937,2246,150,4478,1,23:28
2024-25,203507,Giannis Antetokounmpo,Giannis,1610612749,MIL,Milwaukee Bucks,0022400982,2025-03-16T00:00:00,MIL vs. OKC,L,35.95,7.0,15.0,0.467,0.0,0.0,0.0,7.0,12.0,0.583,3.0,9.0,12.0,10.0,1.0,1.0,2.0,0.0,1.0,6.0,21.0,-13.0,58.5,1,1,49.1,1,13222,1,13222,2713,8906,8581,12249,15070,20945,15070,2004,760,10530,5323,3508,3477,1427,15834,11944,3486,8846,19700,2611,7062,19138,1410,1,1,2817,1,35:57
2024-25,1628392,Isaiah Hartenstein,Isaiah,1610612760,OKC,Oklahoma City Thunder,0022400982,2025-03-16T00:00:00,OKC @ MIL,W,32.43333333333333,12.2,16.6,0.733,0.0,0.0,0.0,2.2,3.3,0.667,2.2,11.1,13.3,3.3,2.2,0.0,0.0,1.1,3.3,3.3,26.6,25.5,45.4,1,0,43.3,1,1,13086,1,5612,1399,6242,2644,15070,20945,15070,9868,9241,9425,7532,1854,2592,11881,9431,12854,8263,6968,9339,8159,3370,2711,4993,1,150,5005,1,32:26
2024-25,1630168,Onyeka Okongwu,Onyeka,1610612737,ATL,Atlanta Hawks,0022400978,2025-03-16T00:00:00,ATL @ BKN,L,32.45,7.8,12.2,0.636,1.1,2.2,0.5,6.7,7.8,0.857,2.2,14.4,16.6,1.1,1.1,3.3,3.3,0.0,3.3,4.4,23.3,10.0,63.8,1,0,55.5,1,13222,1,13222,5597,7134,13258,4689,13889,19135,3944,2276,2695,7071,7537,670,1227,19322,15066,2511,1371,8846,9346,5268,5296,7703,811,1,150,1391,1,32:27
2024-25,1642271,Kyle Filipowski,Kyle,1610612762,UTA,Utah Jazz,0022400981,2025-03-16T00:00:00,UTA @ MIN,L,18.716666666666665,7.7,13.5,0.571,3.8,7.7,0.5,0.0,0.0,0.0,3.8,3.8,7.7,5.8,5.8,3.8,0.0,0.0,5.8,3.8,19.2,-15.4,42.9,0,0,44.2,1,13222,1,13222,17025,7285,11062,6538,4324,7015,3944,13505,14344,13505,3814,14190,8813,5909,1590,1794,8263,8846,3276,6721,8619,20047,6177,2246,150,4580,1,18:43
2024-25,1630553,Keon Johnson,Keon,1610612751,BKN,Brooklyn Nets,0022400978,2025-03-16T00:00:00,BKN vs. ATL,W,28.883333333333333,10.0,24.9,0.4,5.0,11.2,0.444,2.5,2.5,1.0,3.7,6.2,10.0,6.2,3.7,1.2,1.2,5.0,5.0,1.2,27.4,3.7,52.5,0,0,53.6,1,1,13086,1,8775,3252,841,14933,2293,2314,7211,9067,11226,1,3979,7826,5459,5109,4464,9823,5911,374,4635,16145,3011,10784,2594,2246,150,1687,1,28:53
2024-25,1630162,Anthony Edwards,Anthony,1610612750,MIN,Minnesota Timberwolves,0022400981,2025-03-16T00:00:00,MIN vs. UTA,W,30.6,18.8,31.8,0.593,5.9,16.5,0.357,4.7,7.1,0.667,0.0,2.4,2.4,2.4,1.2,1.2,0.0,0.0,1.2,4.7,48.2,36.5,56.9,0,0,61.2,1,1,13086,1,7219,180,212,6215,1394,465,9188,4505,3311,9425,14058,18611,21093,15043,14607,10377,8263,8846,18677,4704,184,1249,1649,2246,150,715,1,30:36
2024-25,1629234,Drew Eubanks,Drew,1610612746,LAC,LA Clippers,0022400538,2025-03-16T00:00:00,LAC vs. CHA,W,12.0,6.0,9.0,0.667,0.0,0.0,0.0,9.0,12.0,0.75,12.0,15.0,27.0,3.0,3.0,0.0,3.0,3.0,3.0,6.0,21.0,6.0,63.9,0,0,57.0,1,1,13086,1,21228,11500,18708,3281,15070,20945,15070,1001,766,8186,244,568,135,12925,6468,12854,1691,1329,10710,2615,7080,9610,790,2246,150,1158,1,12:00
2024-25,202695,Kawhi Leonard,Kawhi,1610612746,LAC,LA Clippers,0022400538,2025-03-16T00:00:00,LAC vs. CHA,W,26.833333333333332,12.1,21.5,0.563,4.0,5.4,0.75,2.7,2.7,1.0,1.3,6.7,8.0,6.7,1.3,2.7,1.3,0.0,1.3,2.7,30.9,28.2,61.3,0,0,57.7,1,1,13086,1,10465,1480,2060,7127,3951,12294,1542,8615,10788,1,11009,6874,8171,4411,13612,3947,5480,8846,17857,10367,1814,2235,1040,2246,150,1067,1,26:50
2024-25,1631109,Mark Williams,Mark,1610612766,CHA,Charlotte Hornets,0022400538,2025-03-16T00:00:00,CHA @ LAC,L,24.583333333333332,13.2,22.0,0.6,0.0,0.0,0.0,0.0,0.0,0.0,7.3,14.6,22.0,10.3,1.5,1.5,1.5,1.5,4.4,0.0,26.4,-26.4,75.4,1,0,64.4,1,13222,1,13222,12389,958,1832,5394,15070,20945,15070,13505,14344,13505,1016,635,342,1311,12934,8556,4977,4915,6035,17725,3500,23102,286,1,150,501,1,24:35
2024-25,1627751,Jakob Poeltl,Jakob,1610612761,TOR,Toronto Raptors,0022400980,2025-03-16T00:00:00,TOR @ POR,L,24.833333333333332,13.0,18.8,0.692,1.4,1.4,1.0,0.0,2.9,0.0,7.2,4.3,11.6,4.3,4.3,2.9,0.0,0.0,1.4,2.9,27.5,17.4,52.3,0,0,50.7,1,13222,1,13222,12147,1016,3887,3171,12253,20326,1,13505,10238,13505,1042,12652,3849,9010,3223,3411,8263,8846,17446,9591,2962,4774,2633,2246,150,2331,1,24:50
2024-25,1631157,Ryan Rollins,Ryan,1610612749,MIL,Milwaukee Bucks,0022400982,2025-03-16T00:00:00,MIL vs. OKC,L,3.8333333333333335,18.8,28.2,0.667,9.4,18.8,0.5,9.4,9.4,1.0,0.0,9.4,9.4,0.0,0.0,0.0,18.8,0.0,9.4,9.4,56.3,9.4,124.0,0,0,112.7,1,13222,1,13222,24568,181,382,3281,258,291,3944,876,1664,1,14058,3119,6198,19908,16469,12854,9,8846,842,549,100,7993,30,2246,150,38,1,3:50
2024-25,1629023,P.J. Washington,P.J.,1610612742,DAL,Dallas Mavericks,0022400976,2025-03-16T00:00:00,DAL vs. PHI,L,31.966666666666665,12.4,19.1,0.647,0.0,3.4,0.0,7.9,10.1,0.778,3.4,10.1,13.5,2.3,4.5,1.1,0.0,0.0,1.1,5.6,32.7,-4.5,51.1,1,0,50.7,1,13222,1,13222,5995,1306,3624,4571,15070,16913,15070,1461,1317,8092,4584,2474,2480,15425,2994,10810,8263,8846,18951,3150,1390,15327,2956,1,150,2348,1,31:58
2024-25,1628378,Donovan Mitchell,Donovan,1610612739,CLE,Cleveland Cavaliers,0022400979,2025-03-16T00:00:00,CLE vs. ORL,L,34.21666666666667,9.5,29.5,0.321,3.2,14.7,0.214,2.1,2.1,1.0,3.2,3.2,6.3,5.3,3.2,1.1,0.0,1.1,3.2,2.1,24.2,3.2,39.7,0,0,41.0,1,13222,1,13222,4083,3923,307,19138,6066,756,13424,10277,12405,1,5026,16237,11577,6911,5956,11468,8263,7472,10051,12590,4680,11038,7983,2246,150,6178,1,34:13
2024-25,1630559,Austin Reaves,Austin,1610612747,LAL,Los Angeles Lakers,0022400977,2025-03-16T00:00:00,LAL vs. PHX,W,39.416666666666664,9.1,19.2,0.476,3.7,9.1,0.4,3.7,4.6,0.8,0.0,3.7,3.7,5.5,1.8,1.8,0.9,1.8,0.9,6.4,25.6,12.8,44.6,0,0,43.8,1,1,13086,1,740,4474,3608,12010,4797,4623,7874,6379,6711,7681,14058,14782,18194,6470,11424,7127,8027,3810,20107,2188,3892,6481,5377,2246,150,4767,1,39:25
2024-25,1629029,Luka Dončić,Luka,1610612747,LAL,Los Angeles Lakers,0022400977,2025-03-16T00:00:00,LAL vs. PHX,W,39.68333333333333,7.3,18.1,0.4,3.6,10.0,0.364,11.8,12.7,0.929,0.9,9.1,10.0,7.3,3.6,1.8,0.0,0.0,3.6,8.2,29.9,14.5,54.6,1,0,54.4,1,1,13086,1,657,8321,4516,14933,4849,3505,9100,365,632,6719,13876,3439,5453,3678,4717,7186,8263,8846,8333,939,2102,5818,2065,1,150,1554,1,39:41
2024-25,1627826,Ivica Zubac,Ivica,1610612746,LAC,LA Clippers,0022400538,2025-03-16T00:00:00,LAC vs. CHA,W,27.95,9.0,18.0,0.5,0.0,0.0,0.0,3.9,5.2,0.75,6.4,11.6,18.0,10.3,6.4,1.3,2.6,0.0,1.3,6.4,21.9,37.4,64.1,1,0,58.0,1,1,13086,1,9582,4677,4630,8526,15070,20945,15070,5947,5680,8186,1397,1565,892,1283,1160,9530,2252,8846,18080,2137,6288,1170,767,1,150,1033,1,27:57
2024-25,201935,James Harden,James,1610612746,LAC,LA Clippers,0022400538,2025-03-16T00:00:00,LAC vs. CHA,W,31.4,10.3,17.2,0.6,4.6,8.0,0.571,10.3,10.3,1.0,1.1,10.3,11.5,8.0,2.3,2.3,0.0,1.1,1.1,4.6,35.5,41.3,65.9,1,0,64.2,1,1,13086,1,6506,2898,5578,5394,2915,6406,3506,613,1250,1,12141,2340,3992,2865,9103,5066,8263,6660,18833,4974,896,888,640,1,150,512,1,31:24
2024-25,1630217,Desmond Bane,Desmond,1610612763,MEM,Memphis Grizzlies,0022400971,2025-03-15T00:00:00,MEM vs. MIA,W,30.45,10.6,18.9,0.563,4.7,5.9,0.8,0.0,0.0,0.0,0.0,11.8,11.8,9.5,2.4,2.4,0.0,2.4,1.2,3.5,26.0,37.8,59.1,1,0,56.7,1,1,13086,1,7367,2564,3827,7127,2679,10913,1389,13505,14344,13505,14058,1459,3639,1723,8799,4816,8263,2297,18639,7537,3677,1133,1312,1,150,1195,1,30:27
2024-25,1641721,Maxwell Lewis,Maxwell,1610612751,BKN,Brooklyn Nets,0022400968,2025-03-15T00:00:00,BKN vs. BOS,L,16.005,13.5,15.7,0.857,6.7,6.7,1.0,0.0,0.0,0.0,2.2,2.2,4.5,2.2,0.0,0.0,2.2,2.2,11.2,0.0,33.7,24.7,49.3,0,0,51.7,1,13222,1,13222,18928,853,7480,1412,868,9024,1,13505,14344,13505,7426,18922,16058,15439,16469,12854,2841,2556,505,17725,1180,2873,3519,2246,150,2096,1,16:00
2024-25,1626157,Karl-Anthony Towns,Karl-Anthony,1610612752,NYK,New York Knicks,0022400974,2025-03-15T00:00:00,NYK @ GSW,L,29.84,14.5,25.3,0.571,3.6,6.0,0.6,2.4,2.4,1.0,6.0,8.4,14.5,3.6,2.4,0.0,1.2,0.0,7.2,2.4,35.0,-1.2,59.0,1,0,59.1,1,13222,1,13222,7935,584,763,6538,4875,10615,2992,9298,11446,1,1599,4120,2010,11034,8603,12854,6130,8846,1810,11299,960,13679,1335,1,150,904,1,29:50
2024-25,1629645,Kevin Porter Jr.,Kevin,1610612749,MIL,Milwaukee Bucks,0022400972,2025-03-15T00:00:00,MIL vs. IND,W,18.983333333333334,5.7,13.3,0.429,1.9,7.6,0.25,17.1,17.1,1.0,1.9,9.5,11.4,7.6,0.0,0.0,0.0,0.0,0.0,7.6,30.3,24.7,55.4,0,0,51.2,1,1,13086,1,16837,12452,11350,13735,10648,7204,11902,118,224,1,8831,3035,4067,3300,16469,12854,8263,8846,20257,1272,1969,2887,1912,2246,150,2232,1,18:59
2024-25,1630572,Sandro Mamukelashvili,Sandro,1610612759,SAS,San Antonio Spurs,0022400973,2025-03-15T00:00:00,SAS vs. NOP,W,11.9,12.1,21.2,0.571,6.1,12.1,0.5,0.0,0.0,0.0,6.1,15.1,21.2,3.0,0.0,0.0,0.0,0.0,6.1,3.0,30.3,18.2,60.2,0,0,60.5,1,1,13086,1,21332,1460,2220,6538,1267,1732,3944,13505,14344,13505,1590,544,401,12842,16469,12854,8263,8846,2874,9143,2004,4504,1169,2246,150,783,1,11:54
2024-25,1631207,Dalen Terry,Dalen,1610612741,CHI,Chicago Bulls,0022400970,2025-03-15T00:00:00,CHI @ HOU,L,13.116666666666667,11.0,13.7,0.8,8.2,8.2,1.0,0.0,0.0,0.0,0.0,2.7,2.7,8.2,2.7,2.7,2.7,2.7,8.2,2.7,30.2,16.5,59.6,0,0,60.4,1,13222,1,13222,20687,2275,10612,1688,411,6026,1,13505,14344,13505,14058,17568,20365,2669,7397,3816,2024,1676,1257,10176,2020,5083,1245,2246,150,793,1,13:07
2024-25,1630191,Isaiah Stewart,Isaiah,1610612765,DET,Detroit Pistons,0022400969,2025-03-15T00:00:00,DET vs. OKC,L,18.286666666666665,7.9,7.9,1.0,2.0,2.0,1.0,0.0,0.0,0.0,3.9,9.8,13.8,0.0,2.0,3.9,5.9,0.0,5.9,3.9,17.7,11.8,61.8,0,0,53.2,1,13222,1,13222,17378,6901,20446,1,10306,19609,1,13505,14344,13505,3675,2695,2346,19908,10673,1700,325,8846,3066,6470,10117,6877,985,2246,150,1775,1,18:17
2024-25,1628983,Shai Gilgeous-Alexander,Shai,1610612760,OKC,Oklahoma City Thunder,0022400969,2025-03-15T00:00:00,OKC @ DET,W,37.916666666666664,16.1,24.7,0.654,3.8,5.7,0.667,9.5,9.5,1.0,0.0,3.8,3.8,5.7,1.9,2.8,0.9,0.9,0.9,5.7,45.6,17.1,68.2,0,0,66.5,1,1,13086,1,1431,348,894,4554,4444,11455,1957,839,1598,1,14058,14324,17824,6048,11052,3555,7833,8347,19972,3034,232,4873,516,2246,150,414,1,37:55
2024-25,1641842,Ronald Holland II,Ronald,1610612765,DET,Detroit Pistons,0022400969,2025-03-15T00:00:00,DET vs. OKC,L,9.55,11.3,15.1,0.75,0.0,3.8,0.0,0.0,0.0,0.0,0.0,11.3,11.3,7.5,11.3,3.8,0.0,0.0,18.8,7.5,22.6,7.5,47.5,0,0,49.0,1,13222,1,13222,22263,2004,8468,2107,15070,16063,15070,13505,14344,13505,14058,1744,4134,3350,237,1884,8263,8846,135,1300,5767,8863,4140,2246,150,2832,1,9:33
2024-25,203468,CJ McCollum,CJ,1610612740,NOP,New Orleans Pelicans,0022400973,2025-03-15T00:00:00,NOP @ SAS,L,33.35,10.8,23.7,0.455,5.4,13.0,0.417,1.1,1.1,1.0,1.1,6.5,7.6,9.7,4.3,1.1,0.0,0.0,1.1,1.1,28.1,17.3,50.6,0,0,52.9,1,13222,1,13222,4857,2418,1136,12676,1855,1320,7826,12972,14072,1,12641,7357,9059,1582,3281,11197,8263,8846,19217,17006,2757,4816,3091,2246,150,1827,1,33:21
2024-25,1630578,Alperen Sengun,Alperen,1610612745,HOU,Houston Rockets,0022400970,2025-03-15T00:00:00,HOU vs. CHI,W,37.165,8.7,17.4,0.5,0.0,1.0,0.0,5.8,7.7,0.75,3.9,10.7,14.5,3.9,2.9,1.9,1.9,1.0,1.9,4.8,23.2,11.6,55.2,1,0,49.4,1,1,13086,1,1880,5235,5318,8526,15070,20884,15070,3073,2709,8186,3773,2116,1987,10296,6820,6578,3658,8198,15475,4402,5331,6962,1953,1,150,2695,1,37:10
2024-25,1630590,Scotty Pippen Jr.,Scotty,1610612763,MEM,Memphis Grizzlies,0022400971,2025-03-15T00:00:00,MEM vs. MIA,W,29.4,4.9,12.2,0.4,2.4,3.7,0.667,1.2,1.2,1.0,1.2,6.1,7.3,13.5,1.2,2.4,1.2,1.2,2.4,1.2,13.5,26.9,52.3,1,0,44.1,1,1,13086,1,8307,14676,13180,14933,8322,16279,1957,12514,13848,1,11636,8049,9478,455,14265,4539,6024,6099,12985,16271,14551,2441,2646,1,150,4643,1,29:24
2024-25,1641713,GG Jackson,GG,1610612763,MEM,Memphis Grizzlies,0022400971,2025-03-15T00:00:00,MEM vs. MIA,W,8.183333333333334,4.4,17.6,0.25,4.4,17.6,0.25,8.8,8.8,1.0,0.0,8.8,8.8,0.0,0.0,4.4,0.0,0.0,4.4,4.4,22.0,13.2,45.8,0,0,44.0,1,1,13086,1,22745,16060,5138,20233,3231,369,11902,1075,1986,1,14058,3726,7028,19908,16469,1302,8263,8846,6019,5347,6218,6305,4838,2246,150,4689,1,8:11
2024-25,1630174,Aaron Nesmith,Aaron,1610612754,IND,Indiana Pacers,0022400972,2025-03-15T00:00:00,IND @ MIL,L,36.1,11.0,16.0,0.688,6.0,7.0,0.857,2.0,2.0,1.0,2.0,2.0,4.0,2.0,0.0,1.0,0.0,2.0,3.0,3.0,29.9,26.9,40.7,0,0,43.9,1,13222,1,13222,2612,2281,7172,3227,1315,8500,1329,10666,12742,1,8412,19683,17345,16395,16469,11985,8263,3245,10773,9290,2108,2442,7337,2246,150,4749,1,36:06
2024-25,203471,Dennis Schröder,Dennis,1610612765,DET,Detroit Pistons,0022400969,2025-03-15T00:00:00,DET vs. OKC,L,26.783333333333335,8.1,16.1,0.5,5.4,10.8,0.5,1.3,2.7,0.5,0.0,4.0,4.0,14.8,0.0,1.3,0.0,0.0,2.7,5.4,22.9,28.2,53.9,1,0,49.7,1,13222,1,13222,10503,6494,6929,8526,1869,2717,3944,12188,10780,10625,14058,13620,17238,315,16469,9219,8263,8846,12084,3513,5596,2225,2228,1,150,2605,1,26:47
2024-25,1629661,Cameron Johnson,Cameron,1610612751,BKN,Brooklyn Nets,0022400968,2025-03-15T00:00:00,BKN vs. BOS,L,35.25,9.2,19.4,0.474,2.0,8.2,0.25,3.1,3.1,1.0,3.1,7.1,10.2,6.1,4.1,0.0,1.0,1.0,1.0,3.1,23.5,-7.1,43.9,1,0,43.9,1,13222,1,13222,3274,4369,3413,12072,9951,6140,11902,7635,9811,1,5202,6098,5220,5282,3705,12854,7337,7732,19566,9020,5141,16582,5711,1,150,4736,1,35:15
2024-25,203507,Giannis Antetokounmpo,Giannis,1610612749,MIL,Milwaukee Bucks,0022400972,2025-03-15T00:00:00,MIL vs. IND,W,34.55,14.6,19.8,0.737,0.0,0.0,0.0,6.3,6.3,1.0,1.0,9.4,10.4,7.3,6.3,1.0,3.1,1.0,6.3,4.2,35.4,2.1,65.1,1,0,61.5,1,1,13086,1,3812,567,3117,2641,15070,20945,15070,2633,4174,1,12930,3130,4988,3622,1245,11571,1545,7561,2653,5910,910,11584,689,1,150,693,1,34:33
2024-25,1630202,Payton Pritchard,Payton,1610612738,BOS,Boston Celtics,0022400968,2025-03-15T00:00:00,BOS @ BKN,W,32.96666666666667,7.6,12.0,0.636,5.5,8.7,0.625,3.3,4.4,0.75,2.2,4.4,6.6,3.3,2.2,2.2,0.0,1.1,1.1,2.2,24.0,6.6,41.2,0,0,43.7,1,1,13086,1,5178,7396,13564,4689,1774,5206,2868,7151,7077,8186,7637,12608,11059,12063,9573,5460,8263,7119,19146,12227,4788,9358,7070,2246,150,4841,1,32:58
2024-25,1628392,Isaiah Hartenstein,Isaiah,1610612760,OKC,Oklahoma City Thunder,0022400969,2025-03-15T00:00:00,OKC @ DET,W,30.583333333333332,5.9,10.6,0.556,0.0,0.0,0.0,2.4,4.7,0.5,4.7,7.1,11.8,5.9,5.9,2.4,3.5,0.0,4.7,3.5,14.1,-1.2,48.9,1,0,43.6,1,1,13086,1,7243,11843,16052,7248,15070,20945,15070,9436,6464,10625,2664,6250,3695,5696,1472,4851,1202,8846,5257,7581,13819,13663,3678,1,150,4897,1,30:35
2024-25,1642259,Alex Sarr,Alex,1610612764,WAS,Washington Wizards,0022400975,2025-03-15T00:00:00,WAS @ DEN,W,31.733333333333334,13.6,31.8,0.429,5.7,10.2,0.556,5.7,5.7,1.0,4.5,2.3,6.8,5.7,2.3,1.1,1.1,4.5,4.5,3.4,38.6,9.1,59.8,0,0,61.3,1,1,13086,1,6208,824,212,13735,1586,3262,3747,3218,4929,1,2881,18860,10513,6095,9220,10724,6578,477,5689,7941,545,8136,1217,2246,150,712,1,31:44
2024-25,1630169,Tyrese Haliburton,Tyrese,1610612754,IND,Indiana Pacers,0022400972,2025-03-15T00:00:00,IND @ MIL,L,36.57,8.9,15.8,0.563,2.0,5.9,0.333,3.9,4.9,0.8,0.0,5.9,5.9,14.8,0.0,4.9,0.0,0.0,1.0,4.9,23.6,11.8,67.6,1,0,56.1,1,13222,1,13222,2292,4955,7475,7127,10305,10924,9209,5816,6078,7681,14058,8532,12510,316,16469,941,8263,8846,19791,4258,5035,6876,536,1,150,1286,1,36:34
2024-25,203999,Nikola Jokić,Nikola,1610612743,DEN,Denver Nuggets,0022400975,2025-03-15T00:00:00,DEN vs. WAS,L,39.21333333333333,14.7,27.5,0.533,0.9,7.3,0.125,6.4,6.4,1.0,2.8,9.2,11.9,8.3,2.8,0.9,1.8,0.9,2.8,9.2,36.7,5.5,68.9,1,0,63.3,1,13222,1,13222,810,552,443,8140,14910,7736,14886,2475,3975,1,5971,3331,3549,2644,7364,12578,3970,8567,11825,599,727,9843,481,1,150,558,1,39:13
2024-25,1642366,Quinten Post,Quinten,1610612744,GSW,Golden State Warriors,0022400974,2025-03-15T00:00:00,GSW vs. NYK,W,19.441666666666666,3.7,7.4,0.5,1.9,5.6,0.333,0.0,0.0,0.0,3.7,7.4,11.1,3.7,0.0,0.0,1.9,0.0,3.7,0.0,9.3,3.7,33.7,0,0,29.6,1,1,13086,1,16467,17824,21061,8526,10872,11831,9209,13505,14344,13505,4032,5673,4313,10782,16469,12854,3927,8846,8066,17725,18854,10807,12041,2246,150,14228,1,19:27
2024-25,1629673,Jordan Poole,Jordan,1610612764,WAS,Washington Wizards,0022400975,2025-03-15T00:00:00,WAS @ DEN,W,30.25,8.3,13.1,0.636,4.8,8.3,0.571,1.2,2.4,0.5,0.0,0.0,0.0,7.1,7.1,1.2,1.2,1.2,1.2,2.4,22.6,-3.6,33.3,0,0,39.3,1,1,13086,1,7548,5922,11682,4689,2624,5865,3506,12626,11540,10625,14058,22137,23286,3833,835,10259,6240,6334,18586,11428,5772,14829,12329,2246,150,7211,1,30:15
2024-25,1630256,Jae'Sean Tate,Jae'Sean,1610612745,HOU,Houston Rockets,0022400970,2025-03-15T00:00:00,HOU vs. CHI,W,19.551666666666666,3.7,5.5,0.667,1.8,3.7,0.5,3.7,3.7,1.0,5.5,1.8,7.4,1.8,0.0,0.0,3.7,0.0,3.7,5.5,12.9,-9.2,35.5,0,0,31.3,1,1,13086,1,16378,17886,23071,3281,10919,16259,3944,6324,8518,1,1936,20131,9445,16962,16469,12854,1095,8846,8159,3302,15210,17532,10704,2246,150,12937,1,19:33
2024-25,1630200,Tre Jones,Tre,1610612741,CHI,Chicago Bulls,0022400970,2025-03-15T00:00:00,CHI @ HOU,L,33.4,8.6,14.0,0.615,2.2,2.2,1.0,1.1,2.2,0.5,0.0,2.2,2.2,6.5,1.1,0.0,0.0,1.1,0.0,2.2,20.5,-18.3,31.7,0,0,31.3,1,13222,1,13222,4812,5392,10156,5246,9416,19250,1,12977,12229,10625,14058,19188,21503,4761,15289,12854,8263,7246,20257,12365,7518,21024,13557,2246,150,12961,1,33:24
2024-25,1626179,Terry Rozier,Terry,1610612748,MIA,Miami Heat,0022400971,2025-03-15T00:00:00,MIA @ MEM,L,26.566666666666666,2.7,12.2,0.222,1.4,8.1,0.167,0.0,0.0,0.0,0.0,4.1,4.1,2.7,1.4,0.0,0.0,1.4,0.0,0.0,6.8,-21.7,14.4,0,0,14.9,1,13222,1,13222,10668,20063,13270,21205,12629,6217,14236,13505,14344,13505,14058,13526,17145,13880,13546,12854,8263,5379,20257,17725,20878,22008,23376,2246,150,23090,1,26:34
2024-25,1630192,Zeke Nnaji,Zeke,1610612743,DEN,Denver Nuggets,0022400975,2025-03-15T00:00:00,DEN vs. WAS,L,20.668333333333333,3.5,8.7,0.4,0.0,3.5,0.0,3.5,5.2,0.667,0.0,1.7,1.7,3.5,3.5,1.7,5.2,0.0,7.0,5.2,10.5,7.0,35.2,0,0,29.6,1,13222,1,13222,15514,18362,19180,14933,15070,16689,15070,6733,5562,9425,14058,20377,22244,11442,5052,7482,463,8846,2003,3735,17714,9154,10944,2246,150,14241,1,20:40
2024-25,202687,Bismack Biyombo,Bismack,1610612759,SAS,San Antonio Spurs,0022400973,2025-03-15T00:00:00,SAS vs. NOP,W,12.3,0.0,2.9,0.0,0.0,0.0,0.0,5.9,5.9,1.0,0.0,5.9,5.9,2.9,2.9,0.0,0.0,0.0,5.9,2.9,5.9,-20.5,14.3,0,0,14.6,1,1,13086,1,21100,22635,24514,22635,15070,20945,15070,3017,4677,1,14058,8656,12621,13177,6734,12854,8263,8846,3135,9498,21486,21704,23386,2246,150,23202,1,12:18
2024-25,1628963,Marvin Bagley III,Marvin,1610612763,MEM,Memphis Grizzlies,0022400971,2025-03-15T00:00:00,MEM vs. MIA,W,2.6333333333333333,0.0,0.0,0.0,0.0,0.0,0.0,0.0,0.0,0.0,0.0,13.7,13.7,0.0,0.0,0.0,0.0,0.0,0.0,0.0,0.0,109.4,16.4,0,0,13.7,1,1,13086,1,25160,22635,24836,22635,15070,20945,15070,13505,14344,13505,14058,828,2391,19908,16469,12854,8263,8846,20257,17725,23200,55,22699,2246,150,23512,1,2:38
2024-25,1630558,Davion Mitchell,Davion,1610612748,MIA,Miami Heat,0022400971,2025-03-15T00:00:00,MIA @ MEM,L,19.536666666666665,1.8,7.4,0.25,1.8,3.7,0.5,0.0,0.0,0.0,1.8,1.8,3.7,3.7,3.7,1.8,1.8,1.8,1.8,3.7,5.5,-1.8,22.8,0,0,22.1,1,13222,1,13222,16384,21677,21115,20233,10912,16253,3944,13505,14344,13505,9083,20128,18109,10830,4588,7069,3950,3764,15978,7171,21713,13941,19651,2246,150,19611,1,19:32
2024-25,1631212,Peyton Watson,Peyton,1610612743,DEN,Denver Nuggets,0022400975,2025-03-15T00:00:00,DEN vs. WAS,L,22.805,1.6,4.7,0.333,0.0,0.0,0.0,0.0,0.0,0.0,1.6,3.2,4.7,4.7,1.6,1.6,3.2,1.6,4.7,0.0,3.2,-34.7,28.6,0,0,22.1,1,13222,1,13222,13873,22065,23652,17395,15070,20945,15070,13505,14344,13505,10008,16236,15473,8088,12430,8071,1515,4496,5201,17725,22909,24381,15815,2246,150,19618,1,22:48
2024-25,1630540,Miles McBride,Miles,1610612752,NYK,New York Knicks,0022400974,2025-03-15T00:00:00,NYK @ GSW,L,37.708333333333336,7.6,16.2,0.471,2.9,5.7,0.5,0.0,0.0,0.0,1.0,3.8,4.8,3.8,1.9,0.0,1.0,1.0,2.9,0.0,18.1,2.9,30.6,0,0,31.5,1,13222,1,13222,1566,7419,6791,12143,7012,11391,3944,13505,14344,13505,13608,14267,15364,10452,10995,12854,7786,8301,11346,17725,9693,11185,14391,2246,150,12770,1,37:43
2024-25,1630228,Jonathan Kuminga,Jonathan,1610612744,GSW,Golden State Warriors,0022400974,2025-03-15T00:00:00,GSW vs. NYK,W,20.416666666666668,5.3,14.1,0.375,0.0,0.0,0.0,7.1,10.6,0.667,5.3,3.5,8.8,8.8,1.8,0.0,1.8,3.5,1.8,5.3,17.6,-17.6,45.0,0,0,38.8,1,1,13086,1,15698,13565,9997,16299,15070,20945,15070,1975,1168,9425,2104,15153,6992,2171,11691,12854,4136,894,16329,3648,10185,20815,5200,2246,150,7524,1,20:25
2024-25,203500,Steven Adams,Steven,1610612745,HOU,Houston Rockets,0022400970,2025-03-15T00:00:00,HOU vs. CHI,W,22.45,3.2,6.4,0.5,0.0,0.0,0.0,0.0,6.4,0.0,6.4,8.0,14.4,4.8,1.6,1.6,0.0,0.0,1.6,4.8,6.4,4.8,34.2,0,0,28.9,1,1,13086,1,14153,18976,22186,8526,15070,20945,15070,13505,3984,13505,1408,4682,2030,7891,12315,7968,8263,8846,16861,4476,21112,10205,11683,2246,150,14806,1,22:27
2024-25,1631119,Jaylin Williams,Jaylin,1610612760,OKC,Oklahoma City Thunder,0022400969,2025-03-15T00:00:00,OKC @ DET,W,17.416666666666668,0.0,10.3,0.0,0.0,8.3,0.0,4.1,8.3,0.5,0.0,16.5,16.5,2.1,2.1,0.0,4.1,0.0,2.1,8.3,4.1,14.5,37.4,0,0,31.0,1,1,13086,1,17986,22635,16498,22635,15070,5974,15070,5468,2339,10625,14058,373,1254,16127,10172,12854,845,8846,14769,903,22489,5830,9401,2246,150,13163,1,17:25
2024-25,1628380,Zach Collins,Zach,1610612741,CHI,Chicago Bulls,0022400970,2025-03-15T00:00:00,CHI @ HOU,L,19.066666666666666,3.8,9.4,0.4,0.0,3.8,0.0,1.9,1.9,1.0,5.7,3.8,9.4,0.0,3.8,0.0,1.9,0.0,9.4,5.7,9.4,-1.9,22.7,0,0,22.7,1,13222,1,13222,16774,17629,18057,14933,15070,16045,15070,10996,13013,1,1834,14398,6124,19908,4376,12854,3799,8846,832,3085,18697,13970,19775,2246,150,19239,1,19:04
2024-25,1630611,Gui Santos,Gui,1610612744,GSW,Golden State Warriors,0022400974,2025-03-15T00:00:00,GSW vs. NYK,W,20.883333333333333,3.4,6.9,0.5,1.7,3.4,0.5,0.0,1.7,0.0,0.0,12.1,12.1,0.0,0.0,0.0,0.0,1.7,1.7,1.7,8.6,-1.7,23.1,0,0,22.4,1,1,13086,1,15366,18434,21677,8526,11330,16765,3944,13505,13277,13505,14058,1316,3434,19908,16469,12854,8263,4084,16450,14201,19413,13885,19497,2246,150,19415,1,20:53
2024-25,1642273,Kyshawn George,Kyshawn,1610612764,WAS,Washington Wizards,0022400975,2025-03-15T00:00:00,WAS @ DEN,W,39.95,5.4,9.9,0.545,3.6,7.2,0.5,2.7,3.6,0.75,0.9,5.4,6.3,4.5,1.8,2.7,0.9,0.9,3.6,4.5,17.1,-2.7,40.5,0,0,38.7,1,1,13086,1,571,13260,17219,7695,4917,8031,3944,8577,8681,8186,13903,9772,11588,8641,11549,3905,8082,8657,8414,5128,10715,14406,7483,2246,150,7558,1,39:57
2024-25,1626166,Cameron Payne,Cameron,1610612752,NYK,New York Knicks,0022400974,2025-03-15T00:00:00,NYK @ GSW,L,10.291666666666666,0.0,14.0,0.0,0.0,14.0,0.0,0.0,0.0,0.0,0.0,3.5,3.5,3.5,0.0,0.0,3.5,0.0,3.5,0.0,0.0,-21.0,19.9,0,0,14.0,1,13222,1,13222,22005,22635,10183,22635,15070,928,15070,13505,14344,13505,14058,15246,18556,11395,16469,12854,1231,8846,8756,17725,23200,21828,21196,2246,150,23426,1,10:18
2024-25,1630592,Jalen Wilson,Jalen,1610612751,BKN,Brooklyn Nets,0022400968,2025-03-15T00:00:00,BKN vs. BOS,L,24.511666666666667,7.3,16.2,0.455,5.9,11.7,0.5,1.5,2.9,0.5,0.0,0.0,0.0,1.5,1.5,0.0,0.0,0.0,1.5,1.5,22.0,-27.9,22.8,0,0,29.4,1,13222,1,13222,12469,8137,6893,12676,1406,1928,3944,11851,10126,10625,14058,22137,23286,18100,12911,12854,8263,8846,17353,15137,6191,23415,19710,2246,150,14431,1,24:31
2024-25,201572,Brook Lopez,Brook,1610612749,MIL,Milwaukee Bucks,0022400972,2025-03-15T00:00:00,MIL vs. IND,W,32.931666666666665,4.4,5.5,0.8,1.1,1.1,1.0,1.1,1.1,1.0,0.0,2.2,2.2,1.1,4.4,0.0,0.0,0.0,2.2,1.1,10.9,-5.5,10.8,0,0,15.3,1,1,13086,1,5226,16140,23113,1688,13977,20753,1,12921,14048,1,14058,19109,21441,19367,3190,12854,8263,8846,14151,16940,17234,15815,24274,2246,150,22955,1,32:56
2024-25,202710,Jimmy Butler III,Jimmy,1610612744,GSW,Golden State Warriors,0022400974,2025-03-15T00:00:00,GSW vs. NYK,W,32.666666666666664,3.3,12.1,0.273,1.1,2.2,0.5,4.4,4.4,1.0,3.3,3.3,6.6,7.7,1.1,1.1,0.0,1.1,2.2,4.4,12.1,11.0,33.8,0,0,29.8,1,1,13086,1,5424,18741,13376,20048,13932,19164,3944,4974,7016,1,4740,15776,10918,3165,15120,11005,8263,7029,14073,5322,16010,7226,11948,2246,150,14131,1,32:40
2024-25,1626167,Myles Turner,Myles,1610612754,IND,Indiana Pacers,0022400972,2025-03-15T00:00:00,IND @ MIL,L,29.766666666666666,4.8,15.7,0.308,2.4,12.1,0.2,4.8,4.8,1.0,2.4,2.4,4.8,2.4,1.2,1.2,0.0,1.2,1.2,2.4,16.9,4.8,28.8,0,0,29.0,1,13222,1,13222,7993,14840,7510,19226,8417,1734,13429,4281,6222,1,6865,18430,15202,14812,14373,10097,8263,6191,18483,11271,10927,10192,15655,2246,150,14681,1,29:46
2024-25,1629618,Jalen Pickett,Jalen,1610612743,DEN,Denver Nuggets,0022400975,2025-03-15T00:00:00,DEN vs. WAS,L,9.433333333333334,0.0,3.8,0.0,0.0,0.0,0.0,0.0,0.0,0.0,0.0,3.8,3.8,11.4,3.8,0.0,0.0,0.0,3.8,0.0,0.0,-26.7,17.9,0,0,15.3,1,13222,1,13222,22299,22635,24181,22635,15070,20945,15070,13505,14344,13505,14058,14273,17783,854,4274,12854,8263,8846,7682,17725,23200,23182,22124,2246,150,22966,1,9:26
2024-25,1630205,Lamar Stevens,Lamar,1610612763,MEM,Memphis Grizzlies,0022400971,2025-03-15T00:00:00,MEM vs. MIA,W,19.3,5.6,11.2,0.5,0.0,3.7,0.0,1.9,1.9,1.0,1.9,7.5,9.3,1.9,0.0,1.9,1.9,0.0,0.0,1.9,13.1,39.2,38.2,0,0,31.7,1,1,13086,1,16572,12714,15036,8526,15070,16138,15070,11066,13079,1,8964,5565,6284,16876,16469,6945,3879,8846,20257,13666,15030,1029,8867,2246,150,12616,1,19:18
2024-25,1629013,Landry Shamet,Landry,1610612752,NYK,New York Knicks,0022400974,2025-03-15T00:00:00,NYK @ GSW,L,20.566666666666666,1.8,7.0,0.25,0.0,1.8,0.0,0.0,0.0,0.0,0.0,5.3,5.3,0.0,0.0,1.8,0.0,0.0,1.8,0.0,3.5,-14.0,15.1,0,0,12.3,1,13222,1,13222,15592,21829,21560,20233,15070,19984,15070,13505,14344,13505,14058,10156,14156,19908,16469,7439,8263,8846,16367,17725,22777,19503,23163,2246,150,23927,1,20:34
2024-25,1641748,Andre Jackson Jr.,Andre,1610612749,MIL,Milwaukee Bucks,0022400972,2025-03-15T00:00:00,MIL vs. IND,W,0.15333333333333332,0.0,0.0,0.0,0.0,0.0,0.0,0.0,0.0,0.0,0.0,0.0,0.0,0.0,0.0,0.0,0.0,0.0,234.8,0.0,0.0,0.0,0.0,0,0,0.0,1,1,13086,1,26271,22635,24836,22635,15070,20945,15070,13505,14344,13505,14058,22137,23286,19908,16469,12854,8263,8846,5,17725,23200,12240,25228,2246,150,25259,1,0:09
2024-25,1629674,Neemias Queta,Neemias,1610612738,BOS,Boston Celtics,0022400968,2025-03-15T00:00:00,BOS @ BKN,W,13.1,5.5,5.5,1.0,0.0,0.0,0.0,5.5,8.2,0.667,2.7,0.0,2.7,0.0,0.0,0.0,0.0,0.0,5.5,5.5,16.5,22.0,19.8,0,0,19.2,1,1,13086,1,20693,12981,23089,1,15070,20945,15070,3414,2355,9425,5979,22137,20358,19908,16469,12854,8263,8846,3703,3343,11400,3458,21268,2246,150,21274,1,13:06
2024-25,1628427,Vlatko Čančar,Vlatko,1610612743,DEN,Denver Nuggets,0022400975,2025-03-15T00:00:00,DEN vs. WAS,L,2.566666666666667,0.0,14.0,0.0,0.0,14.0,0.0,0.0,0.0,0.0,0.0,0.0,0.0,0.0,14.0,0.0,0.0,0.0,14.0,0.0,0.0,0.0,-14.0,0,0,0.0,1,13222,1,13222,25189,22635,10131,22635,15070,915,15070,13505,14344,13505,14058,22137,23286,19908,135,12854,8263,8846,283,17725,23200,12240,26252,2246,150,25259,1,2:34
2024-25,1642377,Jaylen Wells,Jaylen,1610612763,MEM,Memphis Grizzlies,0022400971,2025-03-15T00:00:00,MEM vs. MIA,W,26.131666666666668,4.1,12.4,0.333,1.4,6.9,0.2,1.4,2.8,0.5,0.0,4.1,4.1,2.8,1.4,0.0,0.0,1.4,1.4,2.8,11.0,24.8,18.7,0,0,19.3,1,1,13086,1,11069,16766,12898,17395,12531,8693,13429,12078,10597,10625,14058,13325,16996,13731,13415,12854,8263,5271,17718,10126,17163,2862,21785,2246,150,21247,1,26:08
2024-25,1642358,AJ Johnson,AJ,1610612764,WAS,Washington Wizards,0022400975,2025-03-15T00:00:00,WAS @ DEN,W,17.75,6.1,8.1,0.75,2.0,4.1,0.5,4.1,4.1,1.0,0.0,4.1,4.1,8.1,2.0,4.1,0.0,0.0,2.0,2.0,18.3,14.2,45.4,0,0,40.6,1,1,13086,1,17741,11266,20067,2107,10023,15464,3944,5595,7724,1,14058,13557,17169,2774,10378,1578,8263,8846,14976,12946,9572,5936,4983,2246,150,6468,1,17:45
2024-25,1630198,Isaiah Joe,Isaiah,1610612760,OKC,Oklahoma City Thunder,0022400969,2025-03-15T00:00:00,OKC @ DET,W,33.413333333333334,4.3,14.0,0.308,3.2,11.9,0.273,0.0,0.0,0.0,1.1,3.2,4.3,1.1,0.0,0.0,0.0,0.0,1.1,2.2,11.9,-5.4,18.6,0,0,20.5,1,1,13086,1,4807,16300,10169,19226,5864,1867,11838,13505,14344,13505,12658,15986,16507,19422,16469,12854,8263,8846,19232,12373,16294,15780,21823,2246,150,20595,1,33:25
2024-25,1641745,Adam Flagler,Adam,1610612760,OKC,Oklahoma City Thunder,0022400969,2025-03-15T00:00:00,OKC @ DET,W,0.42333333333333334,0.0,0.0,0.0,0.0,0.0,0.0,0.0,0.0,0.0,0.0,0.0,0.0,0.0,0.0,0.0,0.0,0.0,0.0,0.0,0.0,0.0,0.0,0,0,0.0,1,1,13086,1,26228,22635,24836,22635,15070,20945,15070,13505,14344,13505,14058,22137,23286,19908,16469,12854,8263,8846,20257,17725,23200,12240,25228,2246,150,25259,1,0:25
2024-25,202696,Nikola Vučević,Nikola,1610612741,CHI,Chicago Bulls,0022400970,2025-03-15T00:00:00,CHI @ HOU,L,29.316666666666666,7.4,12.3,0.6,3.7,4.9,0.75,0.0,0.0,0.0,1.2,7.4,8.6,3.7,0.0,0.0,0.0,0.0,4.9,1.2,18.4,-2.5,34.3,0,0,34.4,1,13222,1,13222,8382,8084,13114,5394,4732,13407,1542,13505,14344,13505,11618,5726,7323,10834,16469,12854,8263,8846,4813,16252,9396,14288,11612,2246,150,10540,1,29:19
2024-25,1630173,Precious Achiuwa,Precious,1610612752,NYK,New York Knicks,0022400974,2025-03-15T00:00:00,NYK @ GSW,L,10.366666666666667,0.0,3.5,0.0,0.0,0.0,0.0,0.0,0.0,0.0,0.0,3.5,3.5,0.0,3.5,3.5,0.0,0.0,0.0,0.0,0.0,-10.4,11.1,0,0,10.4,1,13222,1,13222,21976,22635,24322,22635,15070,20945,15070,13505,14344,13505,14058,15313,18613,19908,5074,2274,8263,8846,20257,17725,23200,18073,24222,2246,150,24353,1,10:22
2024-25,203114,Khris Middleton,Khris,1610612764,WAS,Washington Wizards,0022400975,2025-03-15T00:00:00,WAS @ DEN,W,19.866666666666667,7.2,18.1,0.4,3.6,10.9,0.333,0.0,0.0,0.0,1.8,5.4,7.2,7.2,0.0,1.8,0.0,0.0,3.6,3.6,18.1,-10.9,43.1,0,0,39.9,1,1,13086,1,16126,8338,4540,14933,4858,2610,9209,13505,14344,13505,9200,9701,9654,3686,16469,7194,8263,8846,8345,7319,9713,18266,6071,2246,150,6856,1,19:52
2024-25,1629614,Andrew Nembhard,Andrew,1610612754,IND,Indiana Pacers,0022400972,2025-03-15T00:00:00,IND @ MIL,L,31.566666666666666,3.4,8.0,0.429,1.1,2.3,0.5,0.0,0.0,0.0,0.0,3.4,3.4,2.3,2.3,1.1,1.1,0.0,3.4,2.3,8.0,30.8,20.1,0,0,19.4,1,13222,1,13222,6365,18496,20288,13735,13708,19025,3944,13505,14344,13505,14058,15461,18734,15296,9154,10674,6538,8846,9001,11814,19934,1862,21132,2246,150,21212,1,31:34
2024-25,1629011,Mitchell Robinson,Mitchell,1610612752,NYK,New York Knicks,0022400974,2025-03-15T00:00:00,NYK @ GSW,L,16.36,2.2,6.6,0.333,0.0,0.0,0.0,0.0,0.0,0.0,6.6,4.4,11.0,0.0,0.0,0.0,2.2,0.0,2.2,2.2,4.4,8.8,24.2,0,0,19.8,1,13222,1,13222,18689,21038,22015,17395,15070,20945,15070,13505,14344,13505,1323,12522,4406,19908,16469,12854,2945,8846,14090,12162,22345,8271,18809,2246,150,20978,1,16:22
2024-25,203482,Kelly Olynyk,Kelly,1610612740,NOP,New Orleans Pelicans,0022400973,2025-03-15T00:00:00,NOP @ SAS,L,30.596666666666668,8.2,14.1,0.583,0.0,0.0,0.0,0.0,0.0,0.0,2.4,4.7,7.1,8.2,2.4,1.2,0.0,0.0,5.9,4.7,16.5,18.8,38.5,0,0,34.1,1,13222,1,13222,7236,6127,9966,6296,15070,20945,15070,13505,14344,13505,7079,11680,10038,2667,8847,10375,8263,8846,3096,4703,11418,4305,8723,2246,150,10759,1,30:36
2024-25,1631172,Ousmane Dieng,Ousmane,1610612760,OKC,Oklahoma City Thunder,0022400969,2025-03-15T00:00:00,OKC @ DET,W,1.75,0.0,20.6,0.0,0.0,0.0,0.0,0.0,0.0,0.0,0.0,0.0,0.0,0.0,0.0,0.0,0.0,20.6,20.6,0.0,0.0,-123.4,0.0,0,0,0.0,1,1,13086,1,25645,22635,2591,22635,15070,20945,15070,13505,14344,13505,14058,22137,23286,19908,16469,12854,8263,15,115,17725,23200,26235,25228,2246,150,25259,1,1:45
2024-25,1627741,Buddy Hield,Buddy,1610612744,GSW,Golden State Warriors,0022400974,2025-03-15T00:00:00,GSW vs. NYK,W,14.558333333333334,2.5,17.3,0.143,2.5,17.3,0.143,0.0,0.0,0.0,0.0,4.9,4.9,0.0,2.5,2.5,0.0,0.0,0.0,0.0,7.4,-12.4,18.3,0,0,19.8,1,1,13086,1,19852,20507,5444,22260,8244,388,14649,13505,14344,13505,14058,11038,14938,19908,8355,4461,8263,8846,20257,17725,20391,18886,21969,2246,150,20994,1,14:34
2024-25,1630577,Julian Champagnie,Julian,1610612759,SAS,San Antonio Spurs,0022400973,2025-03-15T00:00:00,SAS vs. NOP,W,24.666666666666668,4.4,10.2,0.429,4.4,8.8,0.5,4.4,5.8,0.75,1.5,4.4,5.8,4.4,1.5,0.0,1.5,1.5,5.8,2.9,17.5,32.1,34.0,0,0,35.0,1,1,13086,1,12303,16128,16703,13735,3268,5169,3944,5028,4702,8186,10490,12579,12673,8934,12959,12854,4999,4942,3159,9526,10312,1719,11805,2246,150,10070,1,24:40
2024-25,1641796,Pelle Larsson,Pelle,1610612748,MIA,Miami Heat,0022400971,2025-03-15T00:00:00,MIA @ MEM,L,14.133333333333333,5.1,12.7,0.4,0.0,5.1,0.0,0.0,0.0,0.0,2.5,2.5,5.1,5.1,0.0,0.0,0.0,0.0,5.1,2.5,10.2,-35.7,23.9,0,0,20.4,1,13222,1,13222,20122,14110,12320,14933,15070,12969,15070,13505,14344,13505,6476,18064,14535,7260,16469,12854,8263,8846,4387,10811,17964,24479,18995,2246,150,20639,1,14:08
2024-25,1630551,Justin Champagnie,Justin,1610612764,WAS,Washington Wizards,0022400975,2025-03-15T00:00:00,WAS @ DEN,W,39.11666666666667,5.5,9.2,0.6,1.8,4.6,0.4,1.8,1.8,1.0,2.8,9.2,12.0,1.8,0.9,1.8,0.0,0.0,0.9,0.9,14.7,12.0,36.4,1,0,34.1,1,1,13086,1,839,12933,18402,5394,10920,14192,7874,11147,13130,1,5949,3308,3524,16963,16285,7074,8263,8846,20093,17624,13172,6810,10061,1,150,10808,1,39:07
2024-25,1630530,Trey Murphy III,Trey,1610612740,NOP,New Orleans Pelicans,0022400973,2025-03-15T00:00:00,NOP @ SAS,L,37.00333333333333,6.8,15.6,0.438,3.9,10.7,0.364,1.9,1.9,1.0,1.0,4.9,5.8,2.9,1.9,0.0,1.0,0.0,3.9,3.9,19.5,-5.8,31.8,0,0,34.1,1,13222,1,13222,1986,9401,7737,13558,4215,2770,9100,10818,12871,1,13477,11249,12690,13213,10818,12854,7671,8846,7473,6594,8416,15994,13469,2246,150,10810,1,37:00
2024-25,1641722,Jordan Hawkins,Jordan,1610612740,NOP,New Orleans Pelicans,0022400973,2025-03-15T00:00:00,NOP @ SAS,L,18.1,0.0,9.9,0.0,0.0,8.0,0.0,0.0,0.0,0.0,0.0,2.0,2.0,4.0,0.0,0.0,2.0,2.0,0.0,0.0,0.0,-43.8,14.3,0,0,9.9,1,13222,1,13222,17498,22635,17157,22635,15070,6527,15070,13505,14344,13505,14058,19700,21819,9990,16469,12854,3519,3264,20257,17725,23200,25106,23396,2246,150,24438,1,18:06
2024-25,1641736,Reece Beekman,Reece,1610612751,BKN,Brooklyn Nets,0022400968,2025-03-15T00:00:00,BKN vs. BOS,L,18.611666666666668,0.0,9.7,0.0,0.0,1.9,0.0,0.0,0.0,0.0,1.9,1.9,3.9,5.8,0.0,0.0,0.0,1.9,1.9,1.9,0.0,3.9,13.3,0,0,9.7,1,13222,1,13222,17103,22635,17629,22635,15070,19676,15070,13505,14344,13505,8690,19879,17659,5851,16469,12854,8263,3439,15493,13390,23200,10717,23679,2246,150,24494,1,18:37
2024-25,1626172,Kevon Looney,Kevon,1610612744,GSW,Golden State Warriors,0022400974,2025-03-15T00:00:00,GSW vs. NYK,W,6.308333333333334,5.7,5.7,1.0,0.0,0.0,0.0,0.0,0.0,0.0,5.7,11.4,17.1,0.0,0.0,0.0,0.0,0.0,5.7,0.0,11.4,0.0,32.0,0,0,28.5,1,1,13086,1,23455,12396,22899,1,15070,20945,15070,13505,14344,13505,1809,1690,1098,19908,16469,12854,8263,8846,3379,17725,16772,12240,13356,2246,150,15042,1,6:19
2024-25,1626156,D'Angelo Russell,D'Angelo,1610612751,BKN,Brooklyn Nets,0022400968,2025-03-15T00:00:00,BKN vs. BOS,L,27.221666666666668,4.0,10.6,0.375,1.3,6.6,0.2,5.3,7.9,0.667,1.3,2.6,4.0,10.6,1.3,1.3,0.0,0.0,4.0,6.6,14.5,-2.6,37.8,0,0,33.1,1,13222,1,13222,10174,17170,16092,16299,12769,9288,13429,3668,2562,9425,11089,17835,17395,1173,13703,9335,8263,8846,7226,1972,13354,14381,9145,2246,150,11609,1,27:13
2024-25,1631170,Jaime Jaquez Jr.,Jaime,1610612748,MIA,Miami Heat,0022400971,2025-03-15T00:00:00,MIA @ MEM,L,26.766666666666666,5.4,13.4,0.4,0.0,2.7,0.0,6.7,8.1,0.833,4.0,2.7,6.7,4.0,2.7,0.0,0.0,1.3,1.3,4.0,17.5,-22.9,28.9,0,0,28.2,1,13222,1,13222,10516,13322,11085,14933,15070,18281,15070,2217,2469,7275,3555,17727,10691,9848,7561,12854,8263,5421,17844,6220,10342,22302,15548,2246,150,15256,1,26:46
2024-25,1642267,Bub Carrington,Bub,1610612764,WAS,Washington Wizards,0022400975,2025-03-15T00:00:00,WAS @ DEN,W,30.033333333333335,4.8,14.4,0.333,1.2,7.2,0.167,0.0,0.0,0.0,0.0,4.8,4.8,8.4,4.8,0.0,0.0,0.0,2.4,4.8,10.8,12.0,24.3,0,0,25.2,1,1,13086,1,7755,14965,9561,17395,13372,8058,14236,13505,14344,13505,14058,11455,15315,2521,2590,12854,8263,8846,13220,4511,17382,6803,18731,2246,150,17536,1,30:02
2024-25,1628379,Luke Kennard,Luke,1610612763,MEM,Memphis Grizzlies,0022400971,2025-03-15T00:00:00,MEM vs. MIA,W,29.2,6.2,9.9,0.625,1.2,3.7,0.333,0.0,0.0,0.0,1.2,3.7,4.9,4.9,1.2,0.0,0.0,0.0,2.5,1.2,13.6,14.8,25.6,0,0,24.7,1,1,13086,1,8496,11061,17308,4899,13185,16212,9209,13505,14344,13505,11587,14633,14975,7615,14211,12854,8263,8846,12925,16218,14425,5707,17851,2246,150,17918,1,29:12
2024-25,1631260,AJ Green,AJ,1610612749,MIL,Milwaukee Bucks,0022400972,2025-03-15T00:00:00,MIL vs. IND,W,15.316666666666666,4.7,16.5,0.286,4.7,14.1,0.333,0.0,2.4,0.0,2.4,0.0,2.4,7.1,2.4,0.0,0.0,0.0,0.0,0.0,14.1,4.7,25.1,0,0,28.2,1,1,13086,1,19361,15239,6485,19630,2730,901,9209,13505,11624,13505,7090,22137,21102,3953,8862,12854,8263,8846,20257,17725,13846,10280,18178,2246,150,15290,1,15:19
2024-25,1631095,Jabari Smith Jr.,Jabari,1610612745,HOU,Houston Rockets,0022400970,2025-03-15T00:00:00,HOU vs. CHI,W,32.05,4.5,12.4,0.364,1.1,5.6,0.2,3.4,4.5,0.75,2.2,7.9,10.1,1.1,1.1,1.1,0.0,1.1,3.4,4.5,13.5,7.9,29.5,0,0,28.1,1,1,13086,1,5928,15803,12969,16861,13819,11671,13429,6961,6855,8186,7434,4923,5314,19281,14989,10840,8263,6846,9185,5159,14531,8703,15113,2246,150,15369,1,32:03
2024-25,1628964,Mo Bamba,Mo,1610612740,NOP,New Orleans Pelicans,0022400973,2025-03-15T00:00:00,NOP @ SAS,L,12.35,8.7,8.7,1.0,0.0,0.0,0.0,5.8,5.8,1.0,2.9,14.6,17.5,0.0,0.0,0.0,2.9,0.0,8.7,2.9,23.3,-23.3,53.1,0,0,46.6,1,13222,1,13222,21073,5190,19106,1,15070,20945,15070,3052,4716,1,5548,643,1013,19908,16469,12854,1797,8846,1048,9544,5268,22417,2432,2246,150,3611,1,12:21
2024-25,1628369,Jayson Tatum,Jayson,1610612738,BOS,Boston Celtics,0022400968,2025-03-15T00:00:00,BOS @ BKN,W,36.38333333333333,7.9,18.8,0.421,1.0,6.9,0.143,3.0,3.0,1.0,0.0,7.9,7.9,7.9,2.0,0.0,0.0,1.0,3.0,2.0,19.8,-14.8,39.2,0,0,36.6,1,1,13086,1,2419,6820,3931,14442,14605,8616,14649,7901,10050,1,14058,4836,8430,2980,10620,12854,8263,8011,10859,13170,8082,19842,8282,2246,150,8968,1,36:23
2024-25,1641717,Cason Wallace,Cason,1610612760,OKC,Oklahoma City Thunder,0022400969,2025-03-15T00:00:00,OKC @ DET,W,35.74166666666667,9.1,15.1,0.6,2.0,4.0,0.5,0.0,0.0,0.0,1.0,4.0,5.0,0.0,3.0,3.0,0.0,1.0,4.0,0.0,20.1,0.0,32.2,0,0,33.2,1,1,13086,1,2869,4583,8409,5394,10105,15521,3944,13505,14344,13505,13207,13635,14710,19908,6388,3103,8263,7861,7069,17725,7799,12240,13144,2246,150,11456,1,35:45
2024-25,1627752,Taurean Prince,Taurean,1610612749,MIL,Milwaukee Bucks,0022400972,2025-03-15T00:00:00,MIL vs. IND,W,34.88333333333333,4.1,6.2,0.667,2.1,4.1,0.5,4.1,4.1,1.0,1.0,2.1,3.1,1.0,1.0,5.2,1.0,0.0,1.0,3.1,14.4,-3.1,37.3,0,0,33.0,1,1,13086,1,3553,16778,22432,3281,9845,15280,3944,5476,7573,1,13013,19468,19485,19586,15620,811,7259,8846,19516,8897,13458,14621,9492,2246,150,11638,1,34:53
2024-25,1631323,Simone Fontecchio,Simone,1610612765,DET,Detroit Pistons,0022400969,2025-03-15T00:00:00,DET vs. OKC,L,12.65,5.7,11.4,0.5,0.0,2.8,0.0,0.0,0.0,0.0,0.0,5.7,5.7,5.7,0.0,2.8,0.0,0.0,5.7,2.8,11.4,42.7,35.3,0,0,28.5,1,13222,1,13222,20920,12443,14692,8526,15070,17969,15070,13505,14344,13505,14058,9067,13043,6057,16469,3562,8263,8846,3402,9793,16811,793,10878,2246,150,15105,1,12:39
2024-25,204001,Kristaps Porziņģis,Kristaps,1610612738,BOS,Boston Celtics,0022400968,2025-03-15T00:00:00,BOS @ BKN,W,31.616666666666667,10.2,18.2,0.563,1.1,8.0,0.143,5.7,6.8,0.833,0.0,2.3,2.3,0.0,0.0,0.0,1.1,0.0,1.1,11.4,27.3,14.8,33.5,0,0,33.0,1,1,13086,1,6321,2967,4442,7127,13718,6498,14649,3186,3538,7275,14058,18836,21256,19908,16469,12854,6547,8846,18868,247,3057,5705,12203,2246,150,11641,1,31:37
2024-25,101108,Chris Paul,Chris,1610612759,SAS,San Antonio Spurs,0022400973,2025-03-15T00:00:00,SAS vs. NOP,W,22.1,3.3,8.1,0.4,0.0,4.9,0.0,0.0,0.0,0.0,0.0,4.9,4.9,9.8,0.0,1.6,0.0,0.0,0.0,0.0,6.5,-26.1,31.9,0,0,24.4,1,1,13086,1,14414,18865,20033,14933,15070,13476,15070,13505,14344,13505,14058,11195,15099,1554,16469,7892,8263,8846,20257,17725,21042,23044,13380,2246,150,18052,1,22:06
2024-25,203081,Damian Lillard,Damian,1610612749,MIL,Milwaukee Bucks,0022400972,2025-03-15T00:00:00,MIL vs. IND,W,36.54666666666667,6.9,14.8,0.467,5.9,11.8,0.5,4.9,4.9,1.0,1.0,8.9,9.9,7.9,2.0,0.0,0.0,1.0,3.0,2.0,24.6,-9.9,46.3,1,0,48.3,1,1,13086,1,2312,9175,8945,12249,1370,1890,3944,4155,6075,1,13375,3647,5601,3017,10665,12854,8263,8052,10919,13215,4409,17813,4626,1,150,3058,1,36:33
2024-25,1628398,Kyle Kuzma,Kyle,1610612749,MIL,Milwaukee Bucks,0022400972,2025-03-15T00:00:00,MIL vs. IND,W,31.716666666666665,4.5,12.5,0.364,0.0,4.5,0.0,0.0,0.0,0.0,2.3,6.8,9.1,0.0,1.1,3.4,0.0,1.1,2.3,1.1,9.1,-5.7,29.1,0,0,25.0,1,1,13086,1,6220,15652,12745,16861,15070,14342,15070,13505,14344,13505,7349,6692,6618,19908,14908,2373,8263,6751,13778,16740,18997,15910,15446,2246,150,17706,1,31:43
2024-25,1627750,Jamal Murray,Jamal,1610612743,DEN,Denver Nuggets,0022400975,2025-03-15T00:00:00,DEN vs. WAS,L,36.545,8.9,15.8,0.563,3.0,7.9,0.375,3.0,3.0,1.0,3.0,3.0,5.9,6.9,3.0,3.9,0.0,0.0,2.0,0.0,23.6,18.7,49.9,0,0,47.3,1,13222,1,13222,2313,4938,7465,7127,6661,6658,8800,7936,10082,1,5443,16875,12499,4140,6627,1695,8263,8846,15302,17725,5026,4339,3281,2246,150,3379,1,36:33
2024-25,1641744,Zach Edey,Zach,1610612763,MEM,Memphis Grizzlies,0022400971,2025-03-15T00:00:00,MEM vs. MIA,W,27.198333333333334,6.6,11.9,0.556,0.0,1.3,0.0,2.6,2.6,1.0,6.6,4.0,10.6,1.3,2.6,0.0,2.6,0.0,5.3,1.3,15.9,14.6,35.9,0,0,33.1,1,1,13086,1,10202,9885,13734,7248,15070,20474,15070,8694,10865,1,1315,13809,4821,18577,7706,12854,2155,8846,4026,15791,12035,5801,10458,2246,150,11582,1,27:12
2024-25,1630526,Jeremiah Robinson-Earl,Jeremiah,1610612740,NOP,New Orleans Pelicans,0022400973,2025-03-15T00:00:00,NOP @ SAS,L,15.533333333333333,2.3,4.6,0.5,0.0,0.0,0.0,9.3,9.3,1.0,4.6,13.9,18.5,4.6,0.0,0.0,0.0,0.0,0.0,4.6,13.9,-16.2,43.1,0,0,37.1,1,13222,1,13222,19234,20814,23725,8526,15070,20945,15070,920,1730,1,2761,779,785,8335,16469,12854,8263,8846,20257,4866,14038,20329,6087,2246,150,8665,1,15:32
2024-25,1641709,Ausar Thompson,Ausar,1610612765,DET,Detroit Pistons,0022400969,2025-03-15T00:00:00,DET vs. OKC,L,20.663333333333334,5.2,12.2,0.429,1.7,1.7,1.0,1.7,3.5,0.5,5.2,1.7,7.0,1.7,5.2,1.7,0.0,1.7,5.2,5.2,13.9,-27.9,24.9,0,0,27.9,1,13222,1,13222,15519,13747,13272,13735,11274,19997,1,11344,8917,10625,2172,20374,10198,17256,2092,7478,8263,4048,4148,3733,14004,23412,18352,2246,150,15528,1,20:40
2024-25,1630595,Cade Cunningham,Cade,1610612765,DET,Detroit Pistons,0022400969,2025-03-15T00:00:00,DET vs. OKC,L,29.008333333333333,6.2,22.3,0.278,0.0,5.0,0.0,1.2,1.2,1.0,0.0,8.7,8.7,11.2,3.7,0.0,0.0,3.7,0.0,1.2,13.7,-34.7,37.1,0,0,33.5,1,13222,1,13222,8669,10964,1657,20025,15070,13288,15070,12473,13823,1,14058,3853,7184,945,4500,12854,8263,787,20257,16178,14321,24383,9630,2246,150,11233,1,29:01
2024-25,1641763,Julian Phillips,Julian,1610612741,CHI,Chicago Bulls,0022400970,2025-03-15T00:00:00,CHI @ HOU,L,19.283333333333335,3.7,11.2,0.333,1.9,3.7,0.5,5.6,5.6,1.0,1.9,0.0,1.9,1.9,0.0,3.7,0.0,5.6,3.7,3.7,14.9,20.5,31.2,0,0,28.0,1,13222,1,13222,16596,17743,15019,17395,10794,16134,3944,3315,5048,1,8953,22137,22054,16868,16469,1928,8263,264,7960,7036,12978,3803,13922,2246,150,15419,1,19:17
2024-25,1627736,Malik Beasley,Malik,1610612765,DET,Detroit Pistons,0022400969,2025-03-15T00:00:00,DET vs. OKC,L,27.9,7.7,14.2,0.545,3.9,9.0,0.429,0.0,0.0,0.0,0.0,0.0,0.0,2.6,5.2,1.3,0.0,0.0,1.3,0.0,19.4,12.9,21.9,0,0,28.4,1,13222,1,13222,9625,7181,9842,7695,4263,4772,7394,13505,14344,13505,14058,22137,23286,14278,2154,9517,8263,8846,18073,17725,8503,6439,20183,2246,150,15155,1,27:54
2024-25,1628991,Jaren Jackson Jr.,Jaren,1610612763,MEM,Memphis Grizzlies,0022400971,2025-03-15T00:00:00,MEM vs. MIA,W,32.95,14.2,19.7,0.722,1.1,4.4,0.25,4.4,4.4,1.0,1.1,5.5,6.6,1.1,3.3,0.0,2.2,0.0,3.3,6.6,33.9,12.0,46.7,0,0,47.0,1,1,13086,1,5189,652,3211,2738,13981,14758,11902,5040,7072,1,12529,9637,11048,19370,5568,12854,2980,8846,9533,2029,1152,6787,4467,2246,150,3483,1,32:57
2024-25,201939,Stephen Curry,Stephen,1610612744,GSW,Golden State Warriors,0022400974,2025-03-15T00:00:00,GSW vs. NYK,W,35.0,8.2,20.6,0.4,4.1,13.4,0.308,8.2,9.3,0.889,0.0,7.2,7.2,5.1,3.1,0.0,1.0,1.0,2.1,4.1,28.8,-5.1,45.2,0,0,47.3,1,1,13086,1,3460,6146,2591,14933,3749,1142,11292,1313,1738,6857,14058,5993,9739,7145,6166,12854,7279,7676,14830,6017,2484,15673,5099,2246,150,3370,1,35:00
2024-25,202699,Tobias Harris,Tobias,1610612765,DET,Detroit Pistons,0022400969,2025-03-15T00:00:00,DET vs. OKC,L,34.4,6.3,12.6,0.5,2.1,3.1,0.667,4.2,4.2,1.0,0.0,7.3,7.3,0.0,0.0,0.0,0.0,1.0,1.0,3.1,18.8,-15.7,27.6,0,0,28.3,1,13222,1,13222,3923,10770,12641,8526,9719,17383,1957,5364,7435,1,14058,5793,9520,19908,16469,12854,8263,7524,19437,8763,9003,20154,16474,2246,150,15245,1,34:24
2024-25,1628436,Luke Kornet,Luke,1610612738,BOS,Boston Celtics,0022400968,2025-03-15T00:00:00,BOS @ BKN,W,24.55,7.3,10.3,0.714,0.0,0.0,0.0,0.0,1.5,0.0,7.3,4.4,11.7,1.5,0.0,0.0,2.9,1.5,1.5,1.5,14.7,0.0,39.7,0,0,33.7,1,1,13086,1,12423,8164,16630,2752,15070,20945,15070,13505,13514,13505,1014,12524,3728,18106,16469,12854,1769,4904,17362,15146,13230,12240,7929,2246,150,11054,1,24:33
2024-25,1641810,Antonio Reeves,Antonio,1610612740,NOP,New Orleans Pelicans,0022400973,2025-03-15T00:00:00,NOP @ SAS,L,5.616666666666666,6.4,6.4,1.0,6.4,6.4,1.0,0.0,0.0,0.0,6.4,0.0,6.4,0.0,6.4,0.0,0.0,0.0,0.0,0.0,19.2,-38.5,20.5,0,0,32.0,1,13222,1,13222,23734,10411,22191,1,1050,9726,1,13505,14344,13505,1410,22137,11368,19908,1172,12854,8263,8846,20257,17725,8626,24742,20940,2246,150,12345,1,5:37
2024-25,1630170,Devin Vassell,Devin,1610612759,SAS,San Antonio Spurs,0022400973,2025-03-15T00:00:00,SAS vs. NOP,W,35.6,6.1,17.2,0.353,4.0,9.1,0.444,6.1,7.1,0.857,0.0,5.1,5.1,1.0,0.0,3.0,0.0,1.0,1.0,5.1,22.2,6.1,38.9,0,0,38.4,1,1,13086,1,2992,11321,5584,17268,3899,4665,7211,2800,3292,7071,14058,10714,14653,19644,16469,3075,8263,7816,19635,4004,6049,9583,8459,2246,150,7753,1,35:36
2024-25,204456,T.J. McConnell,T.J.,1610612754,IND,Indiana Pacers,0022400972,2025-03-15T00:00:00,IND @ MIL,L,16.28,4.4,17.7,0.25,0.0,2.2,0.0,0.0,0.0,0.0,2.2,0.0,2.2,4.4,0.0,0.0,0.0,0.0,4.4,0.0,8.8,-75.2,18.1,0,0,15.5,1,13222,1,13222,18743,16004,5025,20233,15070,19144,15070,13505,14344,13505,7554,22137,21389,8825,16469,12854,8263,8846,5965,17725,19229,25959,22040,2246,150,22892,1,16:17
2024-25,1630557,Corey Kispert,Corey,1610612764,WAS,Washington Wizards,0022400975,2025-03-15T00:00:00,WAS @ DEN,W,15.033333333333333,4.8,12.0,0.4,0.0,4.8,0.0,0.0,0.0,0.0,0.0,4.8,4.8,2.4,0.0,0.0,0.0,0.0,0.0,2.4,9.6,-14.4,18.9,0,0,16.8,1,1,13086,1,19532,14976,13639,14933,15070,13731,15070,13505,14344,13505,14058,11462,15322,14894,16469,12854,8263,8846,20257,11375,18560,19640,21688,2246,150,22400,1,15:02
2024-25,201145,Jeff Green,Jeff,1610612745,HOU,Houston Rockets,0022400970,2025-03-15T00:00:00,HOU vs. CHI,W,10.378333333333334,3.5,6.9,0.5,0.0,0.0,0.0,0.0,0.0,0.0,3.5,0.0,3.5,6.9,3.5,0.0,0.0,3.5,0.0,0.0,6.9,-13.9,18.0,0,0,17.3,1,1,13086,1,21975,18388,21633,8526,15070,20945,15070,13505,14344,13505,4421,22137,18621,4086,5089,12854,8263,943,20257,17725,20767,19452,22077,2246,150,22151,1,10:23
2024-25,1630167,Obi Toppin,Obi,1610612754,IND,Indiana Pacers,0022400972,2025-03-15T00:00:00,IND @ MIL,L,22.566666666666666,4.8,14.4,0.333,3.2,9.6,0.333,0.0,1.6,0.0,0.0,4.8,4.8,4.8,4.8,1.6,1.6,0.0,1.6,4.8,12.8,-3.2,30.5,0,0,31.9,1,13222,1,13222,14063,14992,9603,17395,5974,4011,9209,13505,13397,13505,14058,11473,15334,7961,2609,8001,4568,8846,16888,4534,15326,14667,14440,2246,150,12450,1,22:34
2024-25,1642285,Cam Spencer,Cam,1610612763,MEM,Memphis Grizzlies,0022400971,2025-03-15T00:00:00,MEM vs. MIA,W,18.001666666666665,4.0,10.0,0.4,4.0,8.0,0.5,0.0,0.0,0.0,2.0,2.0,4.0,6.0,0.0,0.0,0.0,0.0,2.0,0.0,12.0,14.0,25.8,0,0,26.0,1,1,13086,1,17557,17093,17058,14933,4004,6455,3944,13505,14344,13505,8390,19668,17319,5511,16469,12854,8263,8846,15149,17725,16148,6012,17750,2246,150,16934,1,18:00
2024-25,1629639,Tyler Herro,Tyler,1610612748,MIA,Miami Heat,0022400971,2025-03-15T00:00:00,MIA @ MEM,L,22.466666666666665,4.8,19.2,0.25,1.6,6.4,0.25,1.6,1.6,1.0,0.0,3.2,3.2,11.2,1.6,3.2,1.6,0.0,0.0,0.0,12.8,-36.9,46.3,0,0,38.5,1,13222,1,13222,14137,14920,3569,20233,11663,9726,11902,11595,13389,1,14058,16063,19217,935,12319,2728,4539,8846,20257,17725,15270,24603,4618,2246,150,7727,1,22:28
2024-25,203952,Andrew Wiggins,Andrew,1610612748,MIA,Miami Heat,0022400971,2025-03-15T00:00:00,MIA @ MEM,L,21.7,5.0,13.3,0.375,1.7,8.3,0.2,1.7,1.7,1.0,0.0,0.0,0.0,1.7,1.7,0.0,0.0,1.7,5.0,3.3,13.3,-33.2,14.1,0,0,16.6,1,13222,1,13222,14753,14462,11357,16299,11511,5928,13429,11490,13332,1,14058,22137,23286,17479,12097,12854,8263,4258,4664,8200,14782,24191,23468,2246,150,22473,1,21:42
2024-25,1627783,Pascal Siakam,Pascal,1610612754,IND,Indiana Pacers,0022400972,2025-03-15T00:00:00,IND @ MIL,L,39.0,11.1,20.3,0.545,1.8,6.5,0.286,0.0,0.9,0.0,3.7,2.8,6.5,1.8,3.7,0.0,1.8,0.9,2.8,0.9,24.0,-1.8,36.4,0,0,37.8,1,13222,1,13222,882,2200,2758,7695,10892,9623,11433,13505,14298,13505,4048,17508,11250,16944,4568,12854,3938,8539,11769,17618,4793,13944,10103,2246,150,8135,1,39:00
2024-25,1629632,Coby White,Coby,1610612741,CHI,Chicago Bulls,0022400970,2025-03-15T00:00:00,CHI @ HOU,L,38.53333333333333,6.5,19.6,0.333,0.9,6.5,0.143,7.5,7.5,1.0,0.0,6.5,6.5,3.7,1.9,0.0,0.0,0.9,1.9,3.7,21.5,4.7,33.1,0,0,32.7,1,13222,1,13222,1092,10090,3260,17395,14859,9452,14649,1679,2926,1,14058,7225,11089,10688,11233,12854,8263,8462,15842,7024,6653,10302,12535,2246,150,11881,1,38:32
2024-25,1628389,Bam Adebayo,Bam,1610612748,MIA,Miami Heat,0022400971,2025-03-15T00:00:00,MIA @ MEM,L,29.983333333333334,8.4,18.0,0.467,2.4,4.8,0.5,2.4,2.4,1.0,2.4,4.8,7.2,0.0,3.6,1.2,2.4,0.0,1.2,2.4,21.6,-34.8,37.5,0,0,38.4,1,13222,1,13222,7797,5787,4658,12249,8484,13700,3944,9334,11486,1,6915,11427,9732,19908,4772,10167,2552,8846,18533,11344,6536,24386,9370,2246,150,7758,1,29:59
2024-25,1629008,Michael Porter Jr.,Michael,1610612743,DEN,Denver Nuggets,0022400975,2025-03-15T00:00:00,DEN vs. WAS,L,36.861666666666665,6.8,15.6,0.438,2.9,5.9,0.5,2.9,3.9,0.75,2.0,8.8,10.7,1.0,0.0,1.0,1.0,1.0,3.9,3.9,19.5,-12.7,39.7,1,0,38.1,1,13222,1,13222,2091,9327,7653,13558,6761,11050,3944,8015,8030,8186,8603,3737,4661,19746,16469,12154,7647,8132,7423,6544,8332,19016,7921,1,150,7969,1,36:52
2024-25,1630188,Jalen Smith,Jalen,1610612741,CHI,Chicago Bulls,0022400970,2025-03-15T00:00:00,CHI @ HOU,L,12.416666666666666,5.8,20.3,0.286,0.0,14.5,0.0,0.0,0.0,0.0,0.0,17.4,17.4,2.9,0.0,0.0,0.0,0.0,0.0,0.0,11.6,8.7,36.8,0,0,31.9,1,13222,1,13222,21035,12115,2767,19630,15070,802,15070,13505,14344,13505,14058,303,1036,13276,16469,12854,8263,8846,20257,17725,16573,8325,9823,2246,150,12464,1,12:25
2024-25,203084,Harrison Barnes,Harrison,1610612759,SAS,San Antonio Spurs,0022400973,2025-03-15T00:00:00,SAS vs. NOP,W,26.55,8.1,12.2,0.667,4.1,8.1,0.5,5.4,5.4,1.0,2.7,2.7,5.4,0.0,0.0,1.4,0.0,0.0,0.0,2.7,25.8,4.1,36.3,0,0,38.0,1,1,13086,1,10687,6335,13258,3281,3854,6205,3944,3508,5282,1,6069,17661,13750,19908,16469,9156,8263,8846,20257,10287,3800,10606,10127,2246,150,8047,1,26:33
2024-25,1631110,Jeremy Sochan,Jeremy,1610612759,SAS,San Antonio Spurs,0022400973,2025-03-15T00:00:00,SAS vs. NOP,W,30.616666666666667,7.1,9.4,0.75,1.2,1.2,1.0,1.2,3.5,0.333,1.2,4.7,5.9,4.7,3.5,1.2,1.2,0.0,2.4,2.4,16.5,12.9,34.1,0,0,32.9,1,1,13086,1,7200,8800,18104,2107,13502,20658,1,12681,8834,13132,11954,11692,12570,8180,4957,10384,6327,8846,13431,11535,11432,6425,11731,2246,150,11712,1,30:37
2024-25,1628404,Josh Hart,Josh,1610612752,NYK,New York Knicks,0022400974,2025-03-15T00:00:00,NYK @ GSW,L,38.516666666666666,0.0,6.5,0.0,0.0,1.9,0.0,0.0,0.0,0.0,0.9,5.6,6.5,6.5,1.9,0.9,0.9,1.9,0.0,0.0,0.0,-4.7,21.4,0,0,16.8,1,13222,1,13222,1098,22635,22065,22635,15070,19797,15070,13505,14344,13505,13748,9289,11081,4643,11230,12481,7924,3672,20257,17725,23200,15399,20471,2246,150,22372,1,38:31
2024-25,1628988,Aaron Holiday,Aaron,1610612745,HOU,Houston Rockets,0022400970,2025-03-15T00:00:00,HOU vs. CHI,W,12.385,2.9,8.7,0.333,2.9,8.7,0.333,2.9,5.8,0.5,0.0,2.9,2.9,0.0,0.0,0.0,0.0,0.0,0.0,2.9,11.6,14.5,15.1,0,0,17.4,1,1,13086,1,21054,19651,19155,17395,6853,5235,9209,8076,4737,10625,14058,17065,19983,19908,16469,12854,8263,8846,20257,9577,16550,5808,23141,2246,150,22108,1,12:23
2024-25,1627780,Gary Payton II,Gary,1610612744,GSW,Golden State Warriors,0022400974,2025-03-15T00:00:00,GSW vs. NYK,W,24.933333333333334,4.3,7.2,0.6,0.0,1.4,0.0,0.0,0.0,0.0,0.0,5.8,5.8,2.9,0.0,2.9,1.4,0.0,1.4,0.0,8.7,17.3,32.9,0,0,26.0,1,1,13086,1,12062,16243,21297,5394,15070,20331,15070,13505,14344,13505,14058,8843,12821,13319,16469,3440,5061,8846,17461,17725,19385,4797,12647,2246,150,16941,1,24:56
2024-25,203937,Kyle Anderson,Kyle,1610612748,MIA,Miami Heat,0022400971,2025-03-15T00:00:00,MIA @ MEM,L,29.816666666666666,6.0,9.7,0.625,1.2,3.6,0.333,2.4,2.4,1.0,1.2,6.0,7.2,6.0,2.4,1.2,0.0,0.0,1.2,2.4,15.7,-26.6,34.7,0,0,32.6,1,13222,1,13222,7950,11411,17654,4899,13319,16391,9209,9292,11437,1,11744,8253,9665,5421,8592,10115,8263,8846,18494,11287,12228,23144,11330,2246,150,11938,1,29:49
2024-25,1631248,Baylor Scheierman,Baylor,1610612738,BOS,Boston Celtics,0022400968,2025-03-15T00:00:00,BOS @ BKN,W,10.766666666666667,3.3,6.7,0.5,3.3,6.7,0.5,0.0,0.0,0.0,0.0,0.0,0.0,3.3,3.3,0.0,0.0,0.0,3.3,3.3,10.0,-26.7,11.7,0,0,16.7,1,1,13086,1,21817,18650,21905,8526,5528,9129,3944,13505,14344,13505,14058,22137,23286,11838,5376,12854,8263,8846,9274,8113,18131,23190,24084,2246,150,22421,1,10:46
2024-25,1630631,Jose Alvarado,Jose,1610612740,NOP,New Orleans Pelicans,0022400973,2025-03-15T00:00:00,NOP @ SAS,L,27.625,3.9,10.4,0.375,1.3,3.9,0.333,0.0,0.0,0.0,0.0,0.0,0.0,6.5,2.6,0.0,0.0,1.3,2.6,1.3,9.1,-10.4,16.3,0,0,16.9,1,13222,1,13222,9852,17297,16347,16299,12850,15765,9209,13505,14344,13505,14058,22137,23286,4688,7854,12854,8263,5638,12407,15895,18971,18075,22746,2246,150,22331,1,27:38
2024-25,1629652,Luguentz Dort,Luguentz,1610612760,OKC,Oklahoma City Thunder,0022400969,2025-03-15T00:00:00,OKC @ DET,W,26.791666666666668,4.0,8.1,0.5,1.3,5.4,0.25,0.0,0.0,0.0,2.7,6.7,9.4,1.3,4.0,0.0,1.3,0.0,2.7,2.7,9.4,36.3,22.7,0,0,24.2,1,1,13086,1,10501,17018,20159,8526,12678,12266,11902,13505,14344,13505,6132,6860,6177,18525,3823,12854,5471,8846,12089,10347,18722,1265,19743,2246,150,18220,1,26:48
2024-25,1641767,Ben Sheppard,Ben,1610612754,IND,Indiana Pacers,0022400972,2025-03-15T00:00:00,IND @ MIL,L,11.583333333333334,0.0,3.1,0.0,0.0,3.1,0.0,0.0,0.0,0.0,3.1,3.1,6.2,3.1,0.0,0.0,0.0,0.0,3.1,0.0,0.0,-59.1,12.1,0,0,9.3,1,13222,1,13222,21452,22635,24457,22635,15070,17444,15070,13505,14344,13505,5116,16384,11788,12583,16469,12854,8263,8846,10243,17725,23200,25661,23979,2246,150,24553,1,11:35
2024-25,1628418,Thomas Bryant,Thomas,1610612754,IND,Indiana Pacers,0022400972,2025-03-15T00:00:00,IND @ MIL,L,4.666666666666667,0.0,7.7,0.0,0.0,7.7,0.0,0.0,0.0,0.0,0.0,7.7,7.7,0.0,0.0,0.0,0.0,0.0,0.0,0.0,0.0,-108.0,9.3,0,0,7.7,1,13222,1,13222,24152,22635,20635,22635,15070,6975,15070,13505,14344,13505,14058,5149,8781,19908,16469,12854,8263,8846,20257,17725,23200,26185,24533,2246,150,24805,1,4:40
2024-25,203501,Tim Hardaway Jr.,Tim,1610612765,DET,Detroit Pistons,0022400969,2025-03-15T00:00:00,DET vs. OKC,L,32.19166666666667,4.5,11.2,0.4,3.4,7.8,0.429,0.0,0.0,0.0,0.0,1.1,1.1,0.0,0.0,1.1,0.0,1.1,1.1,2.2,12.3,-11.2,17.0,0,0,19.0,1,13222,1,13222,5812,15855,15052,14933,5503,6753,7394,13505,14344,13505,14058,21715,23057,19908,16469,10877,8263,6888,18997,12002,15822,18397,22488,2246,150,21386,1,32:12
2024-25,203110,Draymond Green,Draymond,1610612744,GSW,Golden State Warriors,0022400974,2025-03-15T00:00:00,GSW vs. NYK,W,32.3,3.3,10.0,0.333,1.1,5.6,0.2,2.2,2.2,1.0,1.1,3.3,4.5,3.3,3.3,1.1,1.1,0.0,3.3,3.3,10.0,2.2,23.7,0,0,23.4,1,1,13086,1,5727,18648,16992,17395,13864,11787,13429,9838,11995,1,12362,15651,16151,11832,5371,10903,6697,8846,9267,8108,18130,11500,19133,2246,150,18732,1,32:18
2024-25,1631128,Christian Braun,Christian,1610612743,DEN,Denver Nuggets,0022400975,2025-03-15T00:00:00,DEN vs. WAS,L,34.92,4.1,4.1,1.0,1.0,1.0,1.0,0.0,0.0,0.0,1.0,2.1,3.1,4.1,3.1,3.1,0.0,0.0,0.0,0.0,9.3,-2.1,25.4,0,0,23.7,1,13222,1,13222,3526,16792,24037,1,14358,20827,1,13505,14344,13505,13024,19473,19492,9600,6147,2944,8263,8846,20257,17725,18830,14080,18034,2246,150,18533,1,34:55
2024-25,1628415,Dillon Brooks,Dillon,1610612745,HOU,Houston Rockets,0022400970,2025-03-15T00:00:00,HOU vs. CHI,W,32.86666666666667,6.6,13.1,0.5,1.1,6.6,0.167,0.0,0.0,0.0,0.0,5.5,5.5,3.3,3.3,0.0,0.0,0.0,5.5,2.2,14.2,-5.5,22.5,0,0,24.1,1,1,13086,1,5276,10009,11588,8526,13968,9381,14236,13505,14344,13505,14058,9598,13604,12036,5540,12854,8263,8846,3738,12200,13683,15822,19901,2246,150,18260,1,32:52
2024-25,1631213,Tyrese Martin,Tyrese,1610612751,BKN,Brooklyn Nets,0022400968,2025-03-15T00:00:00,BKN vs. BOS,L,22.616666666666667,3.2,9.6,0.333,1.6,8.0,0.2,0.0,0.0,0.0,0.0,1.6,1.6,9.6,0.0,1.6,0.0,0.0,3.2,0.0,8.0,-9.6,29.0,0,0,23.9,1,13222,1,13222,14015,19027,17855,17395,11702,6522,13429,13505,14344,13505,14058,20696,22449,1675,16469,8022,8263,8846,9929,17725,19955,17695,15508,2246,150,18415,1,22:37
2024-25,1630579,Jericho Sims,Jericho,1610612749,MIL,Milwaukee Bucks,0022400972,2025-03-15T00:00:00,MIL vs. IND,W,11.435,0.0,0.0,0.0,0.0,0.0,0.0,0.0,0.0,0.0,0.0,3.1,3.1,3.1,0.0,0.0,0.0,0.0,0.0,0.0,0.0,56.7,8.5,0,0,6.3,1,1,13086,1,21514,22635,24836,22635,15070,20945,15070,13505,14344,13505,14058,16274,19378,12487,16469,12854,8263,8846,20257,17725,23200,410,24634,2246,150,24972,1,11:26
2024-25,1628989,Kevin Huerter,Kevin,1610612741,CHI,Chicago Bulls,0022400970,2025-03-15T00:00:00,CHI @ HOU,L,33.56666666666667,4.3,11.8,0.364,1.1,6.4,0.167,0.0,0.0,0.0,0.0,1.1,1.1,4.3,2.1,1.1,0.0,0.0,4.3,1.1,9.7,-7.5,18.4,0,0,18.2,1,13222,1,13222,4670,16347,13945,16861,14115,9682,14236,13505,14344,13505,14058,21818,23122,9159,9750,11253,8263,8846,6314,17047,18489,16739,21915,2246,150,21753,1,33:34
2024-25,1631105,Jalen Duren,Jalen,1610612765,DET,Detroit Pistons,0022400969,2025-03-15T00:00:00,DET vs. OKC,L,28.566666666666666,3.8,7.6,0.5,0.0,0.0,0.0,2.5,5.0,0.5,1.3,5.0,6.3,2.5,3.8,0.0,0.0,2.5,3.8,2.5,10.1,-18.9,17.6,0,0,18.9,1,13222,1,13222,9061,17619,20842,8526,15070,20945,15070,8990,5837,10625,11414,10754,11605,14469,4371,12854,8263,2010,7805,10909,18075,21213,22240,2246,150,21430,1,28:34
2024-25,1641794,Dillon Jones,Dillon,1610612760,OKC,Oklahoma City Thunder,0022400969,2025-03-15T00:00:00,OKC @ DET,W,3.933333333333333,0.0,9.2,0.0,0.0,0.0,0.0,0.0,0.0,0.0,0.0,9.2,9.2,9.2,0.0,0.0,0.0,0.0,18.3,0.0,0.0,-45.8,24.7,0,0,18.3,1,1,13086,1,24527,22635,18474,22635,15070,20945,15070,13505,14344,13505,14058,3354,6503,1895,16469,12854,8263,8846,143,17725,23200,25218,18481,2246,150,21710,1,3:56
2024-25,1629130,Duncan Robinson,Duncan,1610612748,MIA,Miami Heat,0022400971,2025-03-15T00:00:00,MIA @ MEM,L,13.296666666666667,0.0,8.1,0.0,0.0,8.1,0.0,0.0,0.0,0.0,0.0,0.0,0.0,2.7,2.7,0.0,0.0,2.7,5.4,0.0,0.0,-37.9,1.4,0,0,2.7,1,13222,1,13222,20608,22635,20049,22635,15070,6235,15070,13505,14344,13505,14058,22137,23286,13889,7510,12854,8263,1731,3830,17725,23200,24690,25192,2246,150,25241,1,13:18
2024-25,1629026,Kenrich Williams,Kenrich,1610612760,OKC,Oklahoma City Thunder,0022400969,2025-03-15T00:00:00,OKC @ DET,W,31.143333333333334,5.8,10.4,0.556,0.0,4.6,0.0,0.0,0.0,0.0,2.3,3.5,5.8,1.2,1.2,0.0,0.0,0.0,3.5,0.0,11.6,13.9,19.1,0,0,18.5,1,1,13086,1,6755,12169,16376,7248,15070,14150,15070,13505,14344,13505,7212,15327,12812,19159,14753,12854,8263,8846,8845,17725,16609,6052,21599,2246,150,21630,1,31:09
2024-25,1631104,Blake Wesley,Blake,1610612759,SAS,San Antonio Spurs,0022400973,2025-03-15T00:00:00,SAS vs. NOP,W,10.4,0.0,10.4,0.0,0.0,3.5,0.0,0.0,6.9,0.0,0.0,3.5,3.5,3.5,3.5,0.0,0.0,3.5,0.0,3.5,0.0,41.5,5.9,0,0,6.9,1,1,13086,1,21961,22635,16407,22635,15070,16727,15070,13505,3449,13505,14058,15345,18633,11516,5100,12854,8263,947,20257,7772,23200,871,24929,2246,150,24899,1,10:24
2024-25,1630172,Patrick Williams,Patrick,1610612741,CHI,Chicago Bulls,0022400970,2025-03-15T00:00:00,CHI @ HOU,L,22.616666666666667,6.4,8.0,0.8,1.6,3.2,0.5,1.6,3.2,0.5,0.0,4.8,4.8,1.6,0.0,1.6,1.6,0.0,3.2,3.2,15.9,-9.6,33.6,0,0,30.2,1,13222,1,13222,14015,10523,20329,1688,11702,17302,3944,11618,9547,10625,14058,11497,15357,17676,16469,8022,4581,8846,9929,8613,12004,17695,12121,2246,150,13759,1,22:37
2024-25,1642264,Stephon Castle,Stephon,1610612759,SAS,San Antonio Spurs,0022400973,2025-03-15T00:00:00,SAS vs. NOP,W,35.916666666666664,5.0,15.0,0.333,0.0,5.0,0.0,7.0,8.0,0.875,0.0,1.0,1.0,7.0,3.0,1.0,0.0,0.0,4.0,4.0,17.0,-24.1,28.8,0,0,27.1,1,1,13086,1,2742,14351,8552,17395,15070,13181,15070,1998,2506,6931,14058,21970,23206,3996,6445,11935,8263,8846,7113,6284,10810,22593,15664,2246,150,16112,1,35:55
2024-25,1630533,Ziaire Williams,Ziaire,1610612751,BKN,Brooklyn Nets,0022400968,2025-03-15T00:00:00,BKN vs. BOS,L,34.63333333333333,5.2,9.4,0.556,4.2,7.3,0.571,0.0,0.0,0.0,1.0,4.2,5.2,2.1,3.1,1.0,1.0,1.0,1.0,2.1,14.6,15.6,27.0,0,0,30.1,1,13222,1,13222,3749,13830,18191,7248,3656,7877,3506,13505,14344,13505,12947,13245,14282,16075,6072,11589,7195,7580,19469,12714,13347,5393,16923,2246,150,13841,1,34:38
2024-25,1627936,Alex Caruso,Alex,1610612760,OKC,Oklahoma City Thunder,0022400969,2025-03-15T00:00:00,OKC @ DET,W,20.886666666666667,0.0,6.9,0.0,0.0,1.7,0.0,5.2,6.9,0.75,0.0,0.0,0.0,1.7,3.4,5.2,1.7,0.0,1.7,6.9,5.2,-29.3,25.0,0,0,20.7,1,1,13086,1,15364,22635,21682,22635,15070,20018,15070,3797,3479,8186,14058,22137,23286,17301,5132,802,4243,8846,16456,1742,21926,23629,18297,2246,150,20467,1,20:53
2024-25,1631097,Bennedict Mathurin,Bennedict,1610612754,IND,Indiana Pacers,0022400972,2025-03-15T00:00:00,IND @ MIL,L,11.9,6.1,9.1,0.667,6.1,6.1,1.0,0.0,0.0,0.0,0.0,3.0,3.0,0.0,3.0,0.0,0.0,0.0,0.0,0.0,18.2,-102.9,18.8,0,0,27.2,1,13222,1,13222,21332,11360,18597,3281,1267,10563,1,13505,14344,13505,14058,16629,19647,19908,6369,12854,8263,8846,20257,17725,9673,26159,21775,2246,150,16000,1,11:54
2024-25,1628971,Bruce Brown,Bruce,1610612740,NOP,New Orleans Pelicans,0022400973,2025-03-15T00:00:00,NOP @ SAS,L,32.45,8.9,14.4,0.615,1.1,3.3,0.333,2.2,2.2,1.0,2.2,4.4,6.7,6.7,0.0,0.0,0.0,0.0,3.3,1.1,21.1,3.3,39.1,0,0,35.5,1,13222,1,13222,5597,4924,9482,5246,13889,17007,9209,9877,12025,1,7537,12434,10830,4496,16469,12854,8263,8846,9346,16866,7021,10958,8367,2246,150,9727,1,32:27
2024-25,1629723,John Konchar,John,1610612763,MEM,Memphis Grizzlies,0022400971,2025-03-15T00:00:00,MEM vs. MIA,W,2.6333333333333333,0.0,0.0,0.0,0.0,0.0,0.0,0.0,0.0,0.0,0.0,27.3,27.3,0.0,0.0,0.0,0.0,0.0,0.0,0.0,0.0,109.4,32.8,0,0,27.3,1,1,13086,1,25160,22635,24836,22635,15070,20945,15070,13505,14344,13505,14058,54,124,19908,16469,12854,8263,8846,20257,17725,23200,55,12713,2246,150,15905,1,2:38
2024-25,1630553,Keon Johnson,Keon,1610612751,BKN,Brooklyn Nets,0022400968,2025-03-15T00:00:00,BKN vs. BOS,L,30.6,9.4,17.6,0.533,5.9,10.6,0.556,0.0,0.0,0.0,1.2,5.9,7.1,2.4,0.0,1.2,0.0,1.2,2.4,0.0,24.7,4.7,40.2,0,0,42.4,1,13222,1,13222,7219,4005,5077,8140,1394,2884,3747,13505,14344,13505,11948,8586,10046,15043,16469,10377,8263,6430,13424,17725,4363,10276,7608,2246,150,5472,1,30:36
2024-25,1629634,Brandon Clarke,Brandon,1610612763,MEM,Memphis Grizzlies,0022400971,2025-03-15T00:00:00,MEM vs. MIA,W,13.918333333333333,15.5,18.1,0.857,0.0,0.0,0.0,0.0,0.0,0.0,2.6,2.6,5.2,0.0,0.0,2.6,0.0,0.0,2.6,0.0,31.0,44.0,45.0,0,0,41.4,1,1,13086,1,20236,414,4554,1412,15070,20945,15070,13505,14344,13505,6387,17980,14334,19908,16469,4164,8263,8846,12472,17725,1769,744,5177,2246,150,5984,1,13:55
2024-25,1626158,Richaun Holmes,Richaun,1610612764,WAS,Washington Wizards,0022400975,2025-03-15T00:00:00,WAS @ DEN,W,16.266666666666666,4.4,8.9,0.5,0.0,0.0,0.0,4.4,4.4,1.0,8.9,4.4,13.3,0.0,2.2,2.2,2.2,4.4,4.4,2.2,13.3,-11.1,40.3,0,0,35.4,1,1,13086,1,18746,15991,18928,8526,15070,20945,15070,4946,6981,1,586,12463,2619,19908,9460,5347,2920,504,5949,12104,14775,18346,7586,2246,150,9785,1,16:16
2024-25,1641824,Matas Buzelis,Matas,1610612741,CHI,Chicago Bulls,0022400970,2025-03-15T00:00:00,CHI @ HOU,L,18.683333333333334,7.7,19.3,0.4,3.9,9.6,0.4,0.0,0.0,0.0,0.0,5.8,5.8,1.9,3.9,1.9,3.9,0.0,1.9,3.9,19.3,-13.5,42.6,0,0,42.4,1,13222,1,13222,17048,7257,3532,14933,4308,3930,7874,13505,14344,13505,14058,8833,12808,16651,4181,6634,1006,8846,15540,6695,8581,19300,6320,2246,150,5456,1,18:41
2024-25,1629640,Keldon Johnson,Keldon,1610612759,SAS,San Antonio Spurs,0022400973,2025-03-15T00:00:00,SAS vs. NOP,W,29.95,8.4,14.4,0.583,3.6,4.8,0.75,2.4,3.6,0.667,2.4,3.6,6.0,2.4,1.2,3.6,0.0,0.0,0.0,2.4,22.8,8.4,43.3,0,0,42.1,1,1,13086,1,7825,5772,9477,6296,4910,13684,1542,9324,8672,9425,6908,14901,12250,14866,14429,2085,8263,8846,20257,11335,5605,8431,5999,2246,150,5605,1,29:57
2024-25,1630541,Moses Moody,Moses,1610612744,GSW,Golden State Warriors,0022400974,2025-03-15T00:00:00,GSW vs. NYK,W,33.49166666666667,7.5,15.0,0.5,4.3,8.6,0.5,0.0,0.0,0.0,0.0,1.1,1.1,1.1,0.0,2.1,0.0,1.1,0.0,1.1,19.3,10.7,28.7,0,0,30.1,1,1,13086,1,4740,7716,8526,8526,3393,5420,3944,13505,14344,13505,14058,21814,23121,19432,16469,5600,8263,7269,20257,17032,8506,7341,15717,2246,150,13871,1,33:30
2024-25,1630573,Sam Hauser,Sam,1610612738,BOS,Boston Celtics,0022400968,2025-03-15T00:00:00,BOS @ BKN,W,28.266666666666666,5.1,8.9,0.571,3.8,7.6,0.5,0.0,0.0,0.0,1.3,1.3,2.5,1.3,0.0,0.0,0.0,0.0,1.3,0.0,14.0,-11.5,19.0,0,0,21.7,1,1,13086,1,9325,14110,18849,6538,4381,7096,3944,13505,14344,13505,11337,21334,20711,18743,16469,12854,8263,8846,18151,17725,13927,18514,21654,2246,150,19865,1,28:16
2024-25,1642276,Kel'el Ware,Kel'el,1610612748,MIA,Miami Heat,0022400971,2025-03-15T00:00:00,MIA @ MEM,L,35.733333333333334,8.1,14.1,0.571,2.0,6.0,0.333,1.0,3.0,0.333,2.0,9.1,11.1,1.0,1.0,1.0,0.0,1.0,5.0,4.0,19.1,-14.1,36.0,1,0,35.3,1,13222,1,13222,2875,6507,10001,6538,10098,10588,9209,13219,9924,13132,8320,3441,4335,19656,15796,11886,8263,7855,4530,6229,8701,19545,10386,1,150,9905,1,35:44
2024-25,201566,Russell Westbrook,Russell,1610612743,DEN,Denver Nuggets,0022400975,2025-03-15T00:00:00,DEN vs. WAS,L,36.986666666666665,8.8,18.5,0.474,3.9,7.8,0.5,0.0,0.0,0.0,0.0,3.9,3.9,10.7,2.9,1.0,0.0,1.0,1.9,0.0,21.4,0.0,42.1,1,0,41.9,1,13222,1,13222,1996,5159,4224,12072,4208,6822,3944,13505,14344,13505,14058,14043,17586,1104,6769,12188,8263,8163,15431,17725,6721,12240,6545,1,150,5730,1,36:59
2024-25,1629018,Gary Trent Jr.,Gary,1610612749,MIL,Milwaukee Bucks,0022400972,2025-03-15T00:00:00,MIL vs. IND,W,23.483333333333334,7.7,13.8,0.556,4.6,9.2,0.5,0.0,0.0,0.0,0.0,6.1,6.1,4.6,0.0,0.0,0.0,1.5,1.5,0.0,19.9,35.3,34.2,0,0,35.3,1,1,13086,1,13320,7340,10492,7248,2891,4534,3944,13505,14344,13505,14058,8036,11972,8416,16469,12854,8263,4650,17106,17725,7972,1367,11658,2246,150,9906,1,23:29
2024-25,1627759,Jaylen Brown,Jaylen,1610612738,BOS,Boston Celtics,0022400968,2025-03-15T00:00:00,BOS @ BKN,W,24.416666666666668,4.4,11.8,0.375,1.5,4.4,0.333,1.5,2.9,0.5,0.0,8.8,8.8,4.4,0.0,1.5,2.9,0.0,0.0,1.5,11.8,13.3,42.3,0,0,35.4,1,1,13086,1,12550,16001,13948,16299,12143,14631,9209,11841,10096,10625,14058,3667,6951,8823,16469,8515,1758,8846,20257,15110,16349,6273,6467,2246,150,9807,1,24:25
2024-25,1630549,Day'Ron Sharpe,Day'Ron,1610612751,BKN,Brooklyn Nets,0022400968,2025-03-15T00:00:00,BKN vs. BOS,L,30.55,4.7,11.8,0.4,0.0,0.0,0.0,1.2,2.4,0.5,11.8,7.1,18.9,5.9,0.0,0.0,0.0,2.4,5.9,2.4,10.6,-9.4,42.1,0,0,35.4,1,13222,1,13222,7274,15205,13969,14933,15070,20945,15070,12669,11603,10625,258,6227,723,5678,16469,12854,8263,2321,3081,11509,17548,17632,6582,2246,150,9836,1,30:33
2024-25,1628969,Mikal Bridges,Mikal,1610612752,NYK,New York Knicks,0022400974,2025-03-15T00:00:00,NYK @ GSW,L,38.03333333333333,7.6,13.3,0.571,0.9,2.8,0.333,1.9,1.9,1.0,0.0,5.7,5.7,2.8,3.8,0.0,0.0,0.0,0.9,2.8,18.0,1.9,25.3,0,0,27.4,1,13222,1,13222,1365,7588,11383,6538,14806,17980,9209,10981,13001,1,14058,9092,13081,13475,4359,12854,8263,8846,19986,9821,9860,11689,18095,2246,150,15830,1,38:02
2024-25,201950,Jrue Holiday,Jrue,1610612738,BOS,Boston Celtics,0022400968,2025-03-15T00:00:00,BOS @ BKN,W,37.93333333333333,4.7,11.4,0.417,0.9,4.7,0.2,0.0,0.0,0.0,3.8,0.9,4.7,11.4,1.9,1.9,1.9,0.0,3.8,1.9,10.4,5.7,42.7,1,0,35.1,1,1,13086,1,1416,15137,14682,14532,14796,13855,13429,13505,14344,13505,3892,22053,15459,870,11055,6775,3770,8846,7750,13520,17719,9757,6269,1,150,10017,1,37:56
2024-25,1627832,Fred VanVleet,Fred,1610612745,HOU,Houston Rockets,0022400970,2025-03-15T00:00:00,HOU vs. CHI,W,34.73833333333334,8.3,20.7,0.4,5.2,14.5,0.357,2.1,4.1,0.5,0.0,4.1,4.1,7.3,1.0,0.0,1.0,1.0,2.1,3.1,23.8,-2.1,41.8,0,0,42.5,1,1,13086,1,3662,6003,2503,14933,2068,797,9188,10389,7536,10625,14058,13290,16959,3683,15591,12854,7227,7610,14744,8855,4915,14087,6745,2246,150,5413,1,34:44
2024-25,1631255,Karlo Matković,Karlo,1610612740,NOP,New Orleans Pelicans,0022400973,2025-03-15T00:00:00,NOP @ SAS,L,27.375,7.9,13.2,0.6,0.0,1.3,0.0,0.0,0.0,0.0,2.6,11.8,14.5,0.0,5.3,0.0,0.0,0.0,2.6,1.3,15.8,2.6,27.9,1,0,30.2,1,13222,1,13222,10043,6862,11581,5394,15070,20482,15070,13505,14344,13505,6273,1453,2017,19908,2052,12854,8263,8846,12325,15838,12139,11305,16314,1,150,13757,1,27:23
2024-25,1628384,OG Anunoby,OG,1610612752,NYK,New York Knicks,0022400974,2025-03-15T00:00:00,NYK @ GSW,L,38.31666666666667,6.6,14.1,0.467,1.9,2.8,0.667,6.6,8.5,0.778,2.8,5.6,8.5,1.9,1.9,2.8,0.9,1.9,2.8,6.6,21.6,-0.9,44.0,0,0,41.3,1,13222,1,13222,1206,9995,10020,12249,10721,18027,1957,2342,2224,8092,5813,9201,7540,16817,11164,3644,7898,3632,11559,2008,6539,13489,5690,2246,150,6008,1,38:19
2024-25,1630224,Jalen Green,Jalen,1610612745,HOU,Houston Rockets,0022400970,2025-03-15T00:00:00,HOU vs. CHI,W,38.415,10.3,23.4,0.44,4.7,12.2,0.385,0.9,1.9,0.5,1.9,3.7,5.6,2.8,0.9,0.0,0.9,0.9,2.8,1.9,26.2,3.7,39.1,0,0,41.2,1,1,13086,1,1163,2908,1238,13537,2748,1679,8766,13402,13044,10625,8927,14472,13232,13552,16215,12854,7911,8437,11590,13616,3566,10779,8350,2246,150,6056,1,38:25
2024-25,1630288,Jeff Dowtin Jr.,Jeff,1610612755,PHI,Philadelphia 76ers,0022400959,2025-03-14T00:00:00,PHI vs. IND,L,40.1,9.9,18.0,0.55,0.9,4.5,0.2,0.9,0.9,1.0,1.8,2.7,4.5,3.6,0.0,1.8,0.9,0.9,0.9,1.8,21.5,-12.6,40.4,0,0,35.9,1,13222,1,13222,542,3367,4746,7655,14965,14469,13429,13454,14319,1,9253,17718,16077,11110,16469,7277,8093,8671,20151,13952,6596,18973,7517,2246,150,9442,1,40:06
2024-25,1641729,Brice Sensabaugh,Brice,1610612762,UTA,Utah Jazz,0022400966,2025-03-14T00:00:00,UTA vs. TOR,L,21.3,8.5,11.8,0.714,5.1,6.8,0.75,0.0,0.0,0.0,0.0,1.7,1.7,0.0,1.7,3.4,0.0,0.0,3.4,1.7,22.0,-15.2,32.5,0,0,35.5,1,13222,1,13222,15068,5710,13891,2752,2192,8985,1542,13505,14344,13505,14058,20488,22318,19908,11959,2421,8263,8846,9151,14309,6244,19979,12986,2246,150,9734,1,21:18
2024-25,1630230,Naji Marshall,Naji,1610612742,DAL,Dallas Mavericks,0022400961,2025-03-14T00:00:00,DAL @ HOU,L,34.31666666666667,8.4,15.7,0.533,1.0,2.1,0.5,4.2,4.2,1.0,0.0,5.2,5.2,3.1,1.0,1.0,1.0,1.0,0.0,2.1,22.0,-31.5,38.3,0,0,35.7,1,13222,1,13222,3991,5816,7497,8140,14259,19370,3944,5353,7420,1,14058,10173,14172,12488,15496,11502,7144,7500,20257,12620,6192,23961,8836,2246,150,9612,1,34:19
2024-25,203078,Bradley Beal,Bradley,1610612756,PHX,Phoenix Suns,0022400967,2025-03-14T00:00:00,PHX vs. SAC,W,26.366666666666667,6.8,12.3,0.556,5.5,9.6,0.571,1.4,4.1,0.333,0.0,4.1,4.1,2.7,1.4,1.4,0.0,0.0,2.7,1.4,20.5,-1.4,32.2,0,0,35.5,1,1,13086,1,10846,9355,13101,7248,1771,4024,3506,12120,7636,13132,14058,13427,17075,13818,13482,9110,8263,8846,11910,15598,7515,13738,13155,2246,150,9730,1,26:22
2024-25,203497,Rudy Gobert,Rudy,1610612750,MIN,Minnesota Timberwolves,0022400963,2025-03-14T00:00:00,MIN vs. ORL,W,35.0,5.1,7.2,0.714,0.0,0.0,0.0,2.1,4.1,0.5,4.1,8.2,12.3,1.0,1.0,2.1,0.0,2.1,2.1,4.1,12.3,16.5,33.8,1,0,29.8,1,1,13086,1,3460,13969,21317,2752,15070,20945,15070,10446,7599,10625,3419,4381,3235,19591,15643,5973,8263,3031,14830,6017,15764,5088,11941,1,150,14075,1,35:00
2024-25,1629622,Max Strus,Max,1610612739,CLE,Cleveland Cavaliers,0022400962,2025-03-14T00:00:00,CLE @ MEM,W,22.1,3.3,6.5,0.5,3.3,6.5,0.5,4.9,4.9,1.0,0.0,6.5,6.5,8.1,0.0,1.6,0.0,0.0,0.0,4.9,14.7,11.4,39.6,0,0,35.8,1,1,13086,1,14414,18865,22093,8526,5786,9516,3944,4212,6137,1,14058,7273,11144,2750,16469,7892,8263,8846,20257,4323,13236,7056,8023,2246,150,9490,1,22:06
2024-25,1630558,Davion Mitchell,Davion,1610612748,MIA,Miami Heat,0022400958,2025-03-14T00:00:00,MIA vs. BOS,L,35.35,4.1,8.1,0.5,3.1,5.1,0.6,1.0,3.1,0.333,0.0,9.2,9.2,4.1,3.1,1.0,0.0,0.0,3.1,4.1,12.2,-4.1,29.3,0,0,30.6,1,13222,1,13222,3191,16918,20029,8526,6338,12980,2992,13177,9830,13132,14058,3343,6490,9732,6269,11775,8263,8846,10468,6115,15903,15105,15261,2246,150,13512,1,35:21
2024-25,1630202,Payton Pritchard,Payton,1610612738,BOS,Boston Celtics,0022400958,2025-03-14T00:00:00,BOS @ MIA,W,27.165,5.3,15.9,0.333,4.0,11.9,0.333,0.0,0.0,0.0,1.3,2.7,4.0,0.0,2.7,4.0,0.0,1.3,2.7,1.3,14.6,0.0,28.6,0,0,30.5,1,1,13086,1,10230,13528,7260,17395,4038,1820,9209,13505,14344,13505,11071,17811,17379,19908,7690,1664,8263,5519,12239,15783,13318,12240,15785,2246,150,13559,1,27:10
2024-25,1630532,Franz Wagner,Franz,1610612753,ORL,Orlando Magic,0022400963,2025-03-14T00:00:00,ORL @ MIN,L,34.083333333333336,4.2,16.9,0.25,0.0,2.1,0.0,8.4,8.4,1.0,1.1,3.2,4.2,4.2,5.3,1.1,0.0,4.2,1.1,4.2,16.9,-16.9,26.2,0,0,27.5,1,13222,1,13222,4178,16532,5910,20233,15070,19351,15070,1209,2230,1,12827,16197,16749,9327,2031,11433,8263,577,19372,5779,10961,20584,17482,2246,150,15822,1,34:05
2024-25,1631230,Dominick Barlow,Dominick,1610612737,ATL,Atlanta Hawks,0022400960,2025-03-14T00:00:00,ATL vs. LAC,L,16.35,11.0,17.6,0.625,0.0,4.4,0.0,0.0,2.2,0.0,2.2,6.6,8.8,0.0,0.0,0.0,0.0,0.0,6.6,4.4,22.0,-15.4,32.6,0,0,30.8,1,13222,1,13222,18692,2255,5121,4899,15070,14672,15070,13505,12081,13505,7577,7087,7009,19908,16469,12854,8263,8846,2312,5337,6200,20060,12892,2246,150,13311,1,16:21
2024-25,201587,Nicolas Batum,Nicolas,1610612746,LAC,LA Clippers,0022400960,2025-03-14T00:00:00,LAC @ ATL,W,22.716666666666665,6.3,12.7,0.5,4.8,7.9,0.6,0.0,0.0,0.0,4.8,6.3,11.1,3.2,1.6,1.6,1.6,0.0,1.6,0.0,17.4,11.1,43.4,0,0,42.8,1,1,13086,1,13938,10590,12422,8526,2637,6582,2992,13505,14344,13505,2610,7621,4324,12423,12401,8042,4597,8846,16915,17725,10394,7194,5922,2246,150,5258,1,22:43
2024-25,1630658,Colin Castleton,Colin,1610612761,TOR,Toronto Raptors,0022400966,2025-03-14T00:00:00,TOR @ UTA,W,23.55,7.6,7.6,1.0,1.5,1.5,1.0,3.1,3.1,1.0,3.1,7.6,10.7,3.1,6.1,0.0,0.0,0.0,6.1,1.5,19.9,1.5,31.2,0,0,35.2,1,1,13086,1,13273,7399,20724,1,11928,20245,1,7654,9825,1,5217,5248,4699,12735,1316,12854,8263,8846,2806,14879,8017,11859,13910,2246,150,9982,1,23:33
2024-25,1630256,Jae'Sean Tate,Jae'Sean,1610612745,HOU,Houston Rockets,0022400961,2025-03-14T00:00:00,HOU vs. DAL,W,6.866666666666666,5.2,15.7,0.333,0.0,0.0,0.0,0.0,0.0,0.0,5.2,21.0,26.2,5.2,5.2,0.0,0.0,0.0,0.0,0.0,10.5,5.2,44.6,0,0,41.9,1,1,13086,1,23223,13687,7504,17395,15070,20945,15070,13505,14344,13505,2152,142,167,6955,2067,12854,8263,8846,20257,17725,17673,9982,5382,2246,150,5679,1,6:52
2024-25,1641710,Anthony Black,Anthony,1610612753,ORL,Orlando Magic,0022400963,2025-03-14T00:00:00,ORL @ MIN,L,20.483333333333334,3.5,14.1,0.25,0.0,3.5,0.0,3.5,3.5,1.0,3.5,3.5,7.0,3.5,0.0,0.0,0.0,0.0,1.8,1.8,10.5,7.0,24.3,0,0,21.1,1,13222,1,13222,15651,18292,10077,20233,15070,16625,15070,6677,8860,1,4352,15190,10100,11349,16469,12854,8263,8846,16349,14082,17617,9121,18771,2246,150,20228,1,20:29
2024-25,1631127,Harrison Ingram,Harrison,1610612759,SAS,San Antonio Spurs,0022400964,2025-03-14T00:00:00,SAS vs. CHA,L,6.733333333333333,5.3,5.3,1.0,0.0,0.0,0.0,0.0,0.0,0.0,5.3,10.7,16.0,5.3,0.0,5.3,0.0,0.0,5.3,0.0,10.7,80.2,54.0,0,0,42.8,1,13222,1,13222,23265,13414,23219,1,15070,20945,15070,13505,14344,13505,2044,2077,1419,6726,16469,716,8263,8846,3926,17725,17476,158,2201,2246,150,5266,1,6:44
2024-25,1629162,Jordan McLaughlin,Jordan,1610612759,SAS,San Antonio Spurs,0022400964,2025-03-14T00:00:00,SAS vs. CHA,L,6.733333333333333,5.3,5.3,1.0,5.3,5.3,1.0,0.0,0.0,0.0,0.0,10.7,10.7,10.7,5.3,0.0,0.0,0.0,0.0,0.0,16.0,80.2,39.6,0,0,42.8,1,13222,1,13222,23265,13414,23219,1,1897,12331,1,13505,14344,13505,14058,2077,4705,1109,1957,12854,8263,8846,20257,17725,11880,158,8032,2246,150,5266,1,6:44
2024-25,1628418,Thomas Bryant,Thomas,1610612754,IND,Indiana Pacers,0022400959,2025-03-14T00:00:00,IND @ PHI,W,12.716666666666667,8.5,11.3,0.75,0.0,2.8,0.0,0.0,0.0,0.0,0.0,17.0,17.0,2.8,0.0,0.0,2.8,0.0,5.7,2.8,17.0,-28.3,50.1,0,0,42.5,1,1,13086,1,20884,5625,14788,2107,15070,17992,15070,13505,14344,13505,14058,332,1132,13494,16469,12854,1903,8846,3449,9857,10859,23485,3241,2246,150,5426,1,12:43
2024-25,1629008,Michael Porter Jr.,Michael,1610612743,DEN,Denver Nuggets,0022400965,2025-03-14T00:00:00,DEN vs. LAL,W,33.333333333333336,5.4,11.9,0.455,1.1,4.3,0.25,2.2,2.2,1.0,0.0,4.3,4.3,2.2,1.1,0.0,0.0,0.0,3.2,1.1,14.0,11.9,21.4,0,0,21.6,1,1,13086,1,4870,13272,13802,12676,14069,14862,11902,10079,12215,1,14058,12744,16484,15766,15276,12854,8263,8846,9693,17003,13892,6843,20482,2246,150,19898,1,33:20
2024-25,1641783,Tristan da Silva,Tristan,1610612753,ORL,Orlando Magic,0022400963,2025-03-14T00:00:00,ORL @ MIN,L,21.916666666666668,4.9,9.9,0.5,3.3,4.9,0.667,0.0,0.0,0.0,0.0,4.9,4.9,0.0,1.6,0.0,0.0,0.0,1.6,0.0,13.1,-9.9,17.4,0,0,21.4,1,13222,1,13222,14561,14611,17317,8526,5717,13371,1957,13505,14344,13505,14058,11090,14988,19908,12169,12854,8263,8846,16739,17725,14942,17817,22334,2246,150,20070,1,21:55
2024-25,1642347,Jamal Shead,Jamal,1610612761,TOR,Toronto Raptors,0022400966,2025-03-14T00:00:00,TOR @ UTA,W,26.633333333333333,5.4,12.2,0.444,4.1,5.4,0.75,0.0,0.0,0.0,1.4,1.4,2.7,6.8,2.7,4.1,2.7,0.0,4.1,1.4,14.9,2.7,45.8,0,0,41.9,1,1,13086,1,10618,13254,13310,13045,3880,12197,1542,13505,14344,13505,10971,21179,20442,4342,7522,1580,2078,8846,6985,15666,13044,11260,4813,2246,150,5699,1,26:38
2024-25,1631170,Jaime Jaquez Jr.,Jaime,1610612748,MIA,Miami Heat,0022400958,2025-03-14T00:00:00,MIA vs. BOS,L,30.865,5.8,11.7,0.5,2.3,3.5,0.667,1.2,3.5,0.333,2.3,3.5,5.8,3.5,0.0,0.0,0.0,2.3,0.0,3.5,15.2,-9.3,27.4,0,0,26.8,1,13222,1,13222,6991,12019,14192,8526,8735,16654,1957,12707,8888,13132,7141,15244,12699,11389,16469,12854,8263,2364,20257,7667,12746,17597,16650,2246,150,16295,1,30:52
2024-25,1641854,Craig Porter Jr.,Craig,1610612739,CLE,Cleveland Cavaliers,0022400962,2025-03-14T00:00:00,CLE @ MEM,W,3.9833333333333334,0.0,9.0,0.0,0.0,0.0,0.0,9.0,18.1,0.5,0.0,0.0,0.0,0.0,0.0,0.0,9.0,0.0,0.0,9.0,9.0,-99.4,36.2,0,0,27.1,1,1,13086,1,24489,22635,18660,22635,15070,20945,15070,990,187,10625,14058,22137,23286,19908,16469,12854,95,8846,20257,640,19042,26146,10265,2246,150,16078,1,3:59
2024-25,1642281,Jaylon Tyson,Jaylon,1610612739,CLE,Cleveland Cavaliers,0022400962,2025-03-14T00:00:00,CLE @ MEM,W,3.9833333333333334,0.0,36.2,0.0,0.0,27.1,0.0,18.1,18.1,1.0,9.0,0.0,9.0,0.0,0.0,0.0,0.0,0.0,0.0,9.0,18.1,-99.4,28.9,0,0,27.1,1,1,13086,1,24489,22635,119,22635,15070,93,15070,102,187,1,542,22137,6677,19908,16469,12854,8263,8846,20257,640,9762,26146,15545,2246,150,16078,1,3:59
2024-25,1631132,Christian Koloko,Christian,1610612747,LAL,Los Angeles Lakers,0022400965,2025-03-14T00:00:00,LAL @ DEN,L,19.5,7.4,12.9,0.571,0.0,0.0,0.0,0.0,0.0,0.0,3.7,9.2,12.9,3.7,1.8,0.0,1.8,0.0,9.2,1.8,14.8,24.0,39.5,0,0,35.1,1,13222,1,13222,16419,8043,11994,6538,15070,20945,15070,13505,14344,13505,4048,3275,2857,10805,11337,12854,3938,8846,891,13750,13144,3019,8074,2246,150,10040,1,19:30
2024-25,201142,Kevin Durant,Kevin,1610612756,PHX,Phoenix Suns,0022400967,2025-03-14T00:00:00,PHX vs. SAC,W,36.43333333333333,6.9,14.8,0.467,4.0,5.9,0.667,4.0,4.0,1.0,2.0,2.0,4.0,5.9,4.0,1.0,2.0,0.0,0.0,6.9,21.7,13.8,40.3,0,0,41.5,1,1,13086,1,2379,9133,8861,12249,4092,10863,1957,5790,7939,1,8494,19739,17437,5629,3965,12051,3547,8846,20257,1717,6432,6068,7563,2246,150,5914,1,36:26
2024-25,204456,T.J. McConnell,T.J.,1610612754,IND,Indiana Pacers,0022400959,2025-03-14T00:00:00,IND @ PHI,W,17.2,8.4,8.4,1.0,0.0,0.0,0.0,0.0,0.0,0.0,2.1,2.1,4.2,0.0,10.5,0.0,0.0,0.0,0.0,0.0,16.7,-20.9,11.3,0,0,20.9,1,1,13086,1,18139,5851,19677,1,15070,20945,15070,13505,14344,13505,7977,19380,16837,19908,297,12854,8263,8846,20257,17725,11125,21814,24178,2246,150,20327,1,17:12
2024-25,1631110,Jeremy Sochan,Jeremy,1610612759,SAS,San Antonio Spurs,0022400964,2025-03-14T00:00:00,SAS vs. CHA,L,16.133333333333333,8.9,20.1,0.444,2.2,8.9,0.25,11.2,13.4,0.833,8.9,0.0,8.9,4.5,0.0,4.5,0.0,0.0,2.2,6.7,31.2,-42.4,62.0,0,0,55.8,1,13222,1,13222,18839,4839,2903,13045,9112,4928,11902,454,545,7275,566,22137,6849,8734,16469,1249,8263,8846,13955,1902,1716,25015,961,2246,150,1344,1,16:08
2024-25,1642403,Isaac Jones,Isaac,1610612758,SAC,Sacramento Kings,0022400967,2025-03-14T00:00:00,SAC @ PHX,L,1.3333333333333333,27.0,27.0,1.0,0.0,0.0,0.0,0.0,0.0,0.0,27.0,0.0,27.0,0.0,0.0,0.0,0.0,0.0,0.0,0.0,54.0,54.0,86.4,0,0,81.0,1,13222,1,13222,25896,46,499,1,15070,20945,15070,13505,14344,13505,20,22137,135,19908,16469,12854,8263,8846,20257,17725,116,450,118,2246,150,146,1,1:20
2024-25,1630578,Alperen Sengun,Alperen,1610612745,HOU,Houston Rockets,0022400961,2025-03-14T00:00:00,HOU vs. DAL,W,25.016666666666666,10.1,23.0,0.438,0.0,1.4,0.0,2.9,4.3,0.667,11.5,10.1,21.6,5.8,2.9,1.4,0.0,2.9,2.9,4.3,23.0,31.7,59.0,1,0,53.2,1,1,13086,1,11990,3142,1377,13558,15070,20336,15070,8151,7173,9425,273,2523,365,5938,6926,8703,8263,1494,11285,5541,5462,1767,1332,1,150,1750,1,25:01
2024-25,1630224,Jalen Green,Jalen,1610612745,HOU,Houston Rockets,0022400961,2025-03-14T00:00:00,HOU vs. DAL,W,31.833333333333332,10.2,21.5,0.474,4.5,9.0,0.5,1.1,2.3,0.5,1.1,9.0,10.2,5.7,2.3,1.1,2.3,1.1,2.3,1.1,26.0,30.5,54.6,0,0,53.2,1,1,13086,1,6121,3038,2044,12072,3027,4744,3944,12812,11893,10625,12253,3463,5252,6133,9254,10758,2819,6781,13810,16760,3676,1894,2063,2246,150,1777,1,31:50
2024-25,1630168,Onyeka Okongwu,Onyeka,1610612737,ATL,Atlanta Hawks,0022400960,2025-03-14T00:00:00,ATL vs. LAC,L,31.65,6.8,11.4,0.6,0.0,1.1,0.0,6.8,6.8,1.0,4.5,6.8,11.4,3.4,0.0,1.1,3.4,1.1,1.1,3.4,20.5,-18.2,52.9,1,0,44.4,1,13222,1,13222,6279,9357,14707,5394,15070,20698,15070,2140,3543,1,2872,6664,4071,11652,16469,10705,1293,6734,18877,7912,7523,20990,2481,1,150,4524,1,31:39
2024-25,1630567,Scottie Barnes,Scottie,1610612761,TOR,Toronto Raptors,0022400966,2025-03-14T00:00:00,TOR @ UTA,W,24.3,11.9,23.7,0.5,1.5,3.0,0.5,4.4,8.9,0.5,1.5,13.3,14.8,4.4,1.5,1.5,0.0,0.0,1.5,8.9,29.6,19.3,57.0,1,0,53.3,1,1,13086,1,12648,1621,1155,8526,12113,17733,3944,4914,1929,10625,10384,916,1863,8773,12839,8488,8263,8846,17294,695,2220,4183,1630,1,150,1733,1,24:18
2024-25,1629020,Jarred Vanderbilt,Jarred,1610612747,LAL,Los Angeles Lakers,0022400965,2025-03-14T00:00:00,LAL @ DEN,L,24.35,4.4,8.9,0.5,1.5,3.0,0.5,3.0,5.9,0.5,5.9,4.4,10.3,10.3,1.5,4.4,0.0,0.0,5.9,4.4,13.3,-19.2,53.1,0,0,44.4,1,13222,1,13222,12606,15964,18907,8526,12128,17741,3944,7931,4592,10625,1666,12436,5061,1259,12860,1274,8263,8846,3056,5273,14746,21315,2428,2246,150,4530,1,24:21
2024-25,1630596,Evan Mobley,Evan,1610612739,CLE,Cleveland Cavaliers,0022400962,2025-03-14T00:00:00,CLE @ MEM,W,31.633333333333333,10.2,18.2,0.563,3.4,6.8,0.5,1.1,2.3,0.5,2.3,10.2,12.5,3.4,2.3,1.1,2.3,1.1,0.0,2.3,25.0,18.2,53.1,1,0,51.2,1,1,13086,1,6299,2975,4448,7127,5348,8831,3944,12791,11851,10625,7321,2397,3120,11648,9179,10696,2783,6725,20257,11834,4200,4490,2404,1,150,2229,1,31:38
2024-25,1642353,Cam Christie,Cam,1610612746,LAC,LA Clippers,0022400960,2025-03-14T00:00:00,LAC @ ATL,W,2.1666666666666665,16.6,16.6,1.0,0.0,0.0,0.0,0.0,0.0,0.0,0.0,16.6,16.6,16.6,0.0,0.0,0.0,0.0,0.0,0.0,33.2,66.5,78.1,0,0,66.5,1,1,13086,1,25387,307,6279,1,15070,20945,15070,13505,14344,13505,14058,365,1229,177,16469,12854,8263,8846,20257,17725,1276,269,237,2246,150,414,1,2:10
2024-25,1630572,Sandro Mamukelashvili,Sandro,1610612759,SAS,San Antonio Spurs,0022400964,2025-03-14T00:00:00,SAS vs. CHA,L,17.116666666666667,10.5,25.2,0.417,6.3,14.7,0.429,0.0,0.0,0.0,6.3,0.0,6.3,2.1,0.0,4.2,4.2,0.0,4.2,0.0,27.3,4.2,63.3,0,0,58.9,1,13222,1,13222,18188,2702,779,14532,1109,758,7394,13505,14344,13505,1468,22137,11584,15988,16469,1450,811,8846,6533,17725,3038,10540,854,2246,150,929,1,17:07
2024-25,202695,Kawhi Leonard,Kawhi,1610612746,LAC,LA Clippers,0022400960,2025-03-14T00:00:00,LAC @ ATL,W,35.86666666666667,11.0,21.1,0.524,1.0,4.0,0.25,2.0,4.0,0.5,2.0,4.0,6.0,2.0,3.0,5.0,0.0,2.0,3.0,3.0,25.1,3.0,47.4,0,0,44.2,1,1,13086,1,2776,2224,2292,8439,14531,15551,11902,10621,7814,10625,8356,13677,12224,16346,6428,887,8263,3207,10664,9197,4171,11108,4186,2246,150,4609,1,35:52
2024-25,1627747,Caris LeVert,Caris,1610612737,ATL,Atlanta Hawks,0022400960,2025-03-14T00:00:00,ATL vs. LAC,L,21.216666666666665,6.8,15.3,0.444,3.4,6.8,0.5,3.4,3.4,1.0,0.0,6.8,6.8,3.4,0.0,3.4,1.7,0.0,3.4,1.7,20.4,-20.4,48.9,0,0,44.1,1,13222,1,13222,15144,9454,8149,13045,5395,8927,3944,6914,9107,1,14058,6725,10559,11699,16469,2393,4299,8846,9102,14280,7609,21655,3674,2246,150,4632,1,21:13
2024-25,1641715,Cam Whitmore,Cam,1610612745,HOU,Houston Rockets,0022400961,2025-03-14T00:00:00,HOU vs. DAL,W,6.866666666666666,21.0,31.5,0.667,10.5,15.7,0.667,0.0,0.0,0.0,0.0,0.0,0.0,5.2,0.0,0.0,0.0,0.0,0.0,0.0,52.4,5.2,60.3,0,0,68.2,1,1,13086,1,23223,121,218,3281,187,561,1957,13505,14344,13505,14058,22137,23286,6955,16469,12854,8263,8846,20257,17725,133,9982,1159,2246,150,371,1,6:52
2024-25,1641738,Kobe Brown,Kobe,1610612746,LAC,LA Clippers,0022400960,2025-03-14T00:00:00,LAC @ ATL,W,2.1666666666666665,0.0,0.0,0.0,0.0,0.0,0.0,0.0,0.0,0.0,0.0,16.6,16.6,16.6,0.0,16.6,0.0,0.0,0.0,0.0,0.0,66.5,94.7,0,0,66.5,1,1,13086,1,25387,22635,24836,22635,15070,20945,15070,13505,14344,13505,14058,365,1229,177,16469,35,8263,8846,20257,17725,23200,269,81,2246,150,414,1,2:10
2024-25,1628988,Aaron Holiday,Aaron,1610612745,HOU,Houston Rockets,0022400961,2025-03-14T00:00:00,HOU vs. DAL,W,16.166666666666668,11.1,20.0,0.556,6.7,11.1,0.6,0.0,0.0,0.0,0.0,6.7,6.7,8.9,0.0,0.0,0.0,0.0,6.7,2.2,28.9,22.3,50.3,0,0,51.2,1,1,13086,1,18815,2153,2946,7248,905,2383,2992,13505,14344,13505,14058,6931,10771,2105,16469,12854,8263,8846,2236,12042,2440,3406,3175,2246,150,2228,1,16:10
2024-25,1629636,Darius Garland,Darius,1610612739,CLE,Cleveland Cavaliers,0022400962,2025-03-14T00:00:00,CLE @ MEM,W,29.8,8.5,20.5,0.412,3.6,13.3,0.273,3.6,3.6,1.0,0.0,2.4,2.4,10.9,3.6,4.8,0.0,1.2,1.2,6.0,24.2,20.5,54.2,0,0,50.7,1,1,13086,1,7964,5699,2617,14791,4858,1168,11838,6441,8638,1,14058,18437,20972,1042,4726,1000,8263,6201,18491,2574,4697,3801,2154,2246,150,2332,1,29:48
2024-25,203944,Julius Randle,Julius,1610612750,MIN,Minnesota Timberwolves,0022400963,2025-03-14T00:00:00,MIN vs. ORL,W,28.633333333333333,8.8,16.3,0.538,1.3,3.8,0.333,8.8,10.1,0.875,2.5,6.3,8.8,6.3,3.8,0.0,0.0,1.3,5.0,7.5,27.7,-8.8,43.9,0,0,44.0,1,1,13086,1,8997,5078,6622,7978,13050,16056,9209,1073,1339,6931,6564,7717,7024,5048,4390,12854,8263,5888,4540,1297,2908,17333,5732,2246,150,4688,1,28:38
2024-25,1627783,Pascal Siakam,Pascal,1610612754,IND,Indiana Pacers,0022400959,2025-03-14T00:00:00,IND @ PHI,W,28.666666666666668,15.1,25.1,0.6,1.3,5.0,0.25,2.5,3.8,0.667,2.5,6.3,8.8,5.0,2.5,1.3,2.5,3.8,2.5,2.5,33.9,35.2,60.8,0,0,56.5,1,1,13086,1,8958,483,799,5394,13063,13151,11902,9012,8330,9425,6578,7732,7043,7402,8192,9756,2352,756,12751,10947,1145,1378,1101,2246,150,1228,1,28:40
2024-25,1641733,Nick Smith Jr.,Nick,1610612766,CHA,Charlotte Hornets,0022400964,2025-03-14T00:00:00,CHA @ SAS,W,27.383333333333333,11.8,15.8,0.75,7.9,9.2,0.857,2.6,2.6,1.0,0.0,3.9,3.9,6.6,5.3,0.0,0.0,0.0,3.9,1.3,34.2,2.6,43.5,0,0,52.6,1,1,13086,1,10029,1632,7436,2107,488,4523,1329,8737,10907,1,14058,13895,17455,4600,2053,12854,8263,8846,7298,15839,1091,11306,5880,2246,150,1911,1,27:23
2024-25,201950,Jrue Holiday,Jrue,1610612738,BOS,Boston Celtics,0022400958,2025-03-14T00:00:00,BOS @ MIA,W,35.3,10.2,15.3,0.667,5.1,8.2,0.625,0.0,0.0,0.0,1.0,3.1,4.1,3.1,1.0,1.0,2.0,2.0,2.0,0.0,25.5,12.2,43.1,0,0,43.9,1,1,13086,1,3234,3015,8117,3281,2154,6156,2868,13505,14344,13505,13093,16523,17119,12724,15713,11762,3368,3095,14919,17725,3943,6698,6065,2246,150,4761,1,35:18
2024-25,1630590,Scotty Pippen Jr.,Scotty,1610612763,MEM,Memphis Grizzlies,0022400962,2025-03-14T00:00:00,MEM vs. CLE,L,22.2,4.9,9.7,0.5,3.2,6.5,0.5,0.0,0.0,0.0,0.0,4.9,4.9,9.7,0.0,4.9,1.6,0.0,1.6,0.0,13.0,-4.9,52.9,0,0,43.8,1,13222,1,13222,14344,14759,17510,8526,5838,9576,3944,13505,14344,13505,14058,11246,15144,1571,16469,985,4501,8846,16804,17725,15118,15508,2494,2246,150,4786,1,22:12
2024-25,1631103,Malaki Branham,Malaki,1610612759,SAS,San Antonio Spurs,0022400964,2025-03-14T00:00:00,SAS vs. CHA,L,6.733333333333333,10.7,10.7,1.0,10.7,10.7,1.0,5.3,10.7,0.5,0.0,0.0,0.0,5.3,5.3,5.3,0.0,0.0,5.3,5.3,37.4,80.2,56.1,0,0,64.2,1,13222,1,13222,23265,2511,15888,1,173,2777,1,3593,1114,10625,14058,22137,23286,6726,1957,716,8263,8846,3926,3562,661,158,1782,2246,150,515,1,6:44
2024-25,1631094,Paolo Banchero,Paolo,1610612753,ORL,Orlando Magic,0022400963,2025-03-14T00:00:00,ORL @ MIN,L,37.38333333333333,15.4,30.8,0.5,1.9,6.7,0.286,8.7,10.6,0.818,1.0,8.7,9.6,2.9,1.0,0.0,0.0,0.0,1.9,8.7,41.4,-1.9,56.3,1,0,55.9,1,13222,1,13222,1750,433,239,8526,10521,9034,11433,1122,1159,7652,13551,3866,5889,13315,16068,12854,8263,8846,15546,764,378,13998,1755,1,150,1333,1,37:23
2024-25,1628369,Jayson Tatum,Jayson,1610612738,BOS,Boston Celtics,0022400958,2025-03-14T00:00:00,BOS @ MIA,W,36.88333333333333,7.8,20.5,0.381,4.9,11.7,0.417,6.8,6.8,1.0,0.0,3.9,3.9,4.9,4.9,1.0,0.0,0.0,2.0,3.9,27.3,9.8,37.4,0,0,42.9,1,1,13086,1,2069,7047,2644,16250,2441,1955,7826,2135,3537,1,14058,14012,17560,7733,2490,12158,8263,8846,15395,6556,3053,7814,9425,2246,150,5174,1,36:53
2024-25,1629750,Javonte Green,Javonte,1610612739,CLE,Cleveland Cavaliers,0022400962,2025-03-14T00:00:00,CLE @ MEM,W,14.433333333333334,7.5,24.9,0.3,5.0,20.0,0.25,5.0,5.0,1.0,5.0,5.0,10.0,5.0,0.0,2.5,0.0,0.0,5.0,7.5,24.9,-17.5,51.9,0,0,49.9,1,1,13086,1,19928,7804,839,19363,2286,238,11902,4053,5938,1,2387,10909,5456,7491,16469,4394,8263,8846,4627,1335,4239,20771,2734,2246,150,2568,1,14:26
2024-25,203994,Jusuf Nurkić,Jusuf,1610612766,CHA,Charlotte Hornets,0022400964,2025-03-14T00:00:00,CHA @ SAS,W,12.833333333333334,16.8,19.6,0.857,0.0,2.8,0.0,5.6,5.6,1.0,0.0,8.4,8.4,2.8,5.6,0.0,0.0,0.0,11.2,2.8,39.3,11.2,48.0,0,0,50.5,1,1,13086,1,20823,290,3233,1412,15070,18049,15070,3303,5033,1,14058,4144,7598,13571,1715,12854,8263,8846,509,9949,490,7127,3993,2246,150,2395,1,12:50
2024-25,1628386,Jarrett Allen,Jarrett,1610612739,CLE,Cleveland Cavaliers,0022400962,2025-03-14T00:00:00,CLE @ MEM,W,25.366666666666667,8.5,9.9,0.857,0.0,0.0,0.0,5.7,11.4,0.5,0.0,8.5,8.5,4.3,2.8,1.4,1.4,0.0,4.3,5.7,22.7,14.2,45.0,0,0,41.2,1,1,13086,1,11682,5584,17184,1412,15070,20945,15070,3212,936,10625,14058,4039,7451,9235,7071,8804,5152,8846,6410,3068,5698,5940,5187,2246,150,6106,1,25:22
2024-25,1631106,Tari Eason,Tari,1610612745,HOU,Houston Rockets,0022400961,2025-03-14T00:00:00,HOU vs. DAL,W,31.116666666666667,12.7,17.4,0.733,2.3,3.5,0.667,6.9,6.9,1.0,2.3,6.9,9.3,2.3,1.2,1.2,2.3,2.3,0.0,4.6,34.7,42.8,58.5,0,0,55.5,1,1,13086,1,6775,1136,5399,2644,8800,16708,1957,2046,3423,1,7205,6463,6381,15180,14748,10524,2714,2396,20257,4881,1006,783,1402,2246,150,1385,1,31:07
2024-25,1629660,Ty Jerome,Ty,1610612739,CLE,Cleveland Cavaliers,0022400962,2025-03-14T00:00:00,CLE @ MEM,W,16.583333333333332,8.7,17.4,0.5,2.2,8.7,0.25,6.5,6.5,1.0,0.0,4.3,4.3,10.9,6.5,0.0,0.0,0.0,6.5,4.3,26.1,10.9,41.0,0,0,43.4,1,1,13086,1,18538,5293,5385,8526,9361,5294,11902,2388,3868,1,14058,12679,16431,1049,1125,12854,8263,8846,2394,5488,3656,7295,7158,2246,150,4955,1,16:35
2024-25,1630163,LaMelo Ball,LaMelo,1610612766,CHA,Charlotte Hornets,0022400964,2025-03-14T00:00:00,CHA @ SAS,W,29.116666666666667,11.1,16.1,0.692,8.7,13.6,0.636,2.5,2.5,1.0,1.2,2.5,3.7,18.5,4.9,1.2,0.0,0.0,0.0,1.2,33.4,33.4,64.4,1,0,66.8,1,1,13086,1,8571,2162,7017,3171,341,1058,2842,9128,11277,1,11561,18259,18049,122,2403,9896,8263,8846,20257,16200,1244,1585,749,1,150,403,1,29:07
2024-25,201935,James Harden,James,1610612746,LAC,LA Clippers,0022400960,2025-03-14T00:00:00,LAC @ ATL,W,36.3,7.9,13.9,0.571,4.0,7.9,0.5,5.0,6.0,0.833,0.0,7.9,7.9,6.9,6.0,2.0,2.0,1.0,2.0,4.0,24.8,23.8,50.7,0,0,51.6,1,1,13086,1,2463,6779,10371,6538,4060,6559,3944,4110,4545,7275,14058,4802,8400,4077,1414,6325,3525,7994,15239,6408,4312,3072,3074,2246,150,2129,1,36:18
2024-25,1630559,Austin Reaves,Austin,1610612747,LAL,Los Angeles Lakers,0022400965,2025-03-14T00:00:00,LAL @ DEN,L,39.28333333333333,11.9,23.8,0.5,3.7,9.2,0.4,6.4,6.4,1.0,0.0,7.3,7.3,11.9,3.7,3.7,0.0,1.8,2.7,6.4,33.9,0.0,67.9,1,0,64.1,1,13222,1,13222,788,1577,1111,8526,4768,4588,7874,2484,3983,1,14058,5779,9512,736,4639,2012,8263,3790,11843,2166,1144,12240,526,1,150,518,1,39:17
2024-25,1629630,Ja Morant,Ja,1610612763,MEM,Memphis Grizzlies,0022400962,2025-03-14T00:00:00,MEM vs. CLE,L,35.36666666666667,17.3,22.4,0.773,1.0,4.1,0.25,9.2,10.2,0.9,0.0,8.1,8.1,7.1,2.0,1.0,0.0,0.0,3.1,6.1,44.8,-6.1,66.3,0,0,63.1,1,13222,1,13222,3176,255,1636,2077,14436,15425,11902,949,1299,6805,14058,4498,8019,3856,10327,11780,8263,8846,10471,2494,262,16114,616,2246,150,571,1,35:22
2024-25,1626164,Devin Booker,Devin,1610612756,PHX,Phoenix Suns,0022400967,2025-03-14T00:00:00,PHX vs. SAC,W,37.166666666666664,7.7,16.5,0.471,3.9,9.7,0.4,1.9,1.9,1.0,1.0,2.9,3.9,12.6,2.9,1.0,0.0,0.0,1.0,2.9,21.3,8.7,44.8,1,0,43.6,1,1,13086,1,1873,7166,6469,12143,4256,3867,7874,10844,12891,1,13509,17066,17640,603,6821,12221,8263,8846,19865,9578,6816,8318,5247,1,150,4880,1,37:10
2024-25,1628970,Miles Bridges,Miles,1610612766,CHA,Charlotte Hornets,0022400964,2025-03-14T00:00:00,CHA @ SAS,W,28.766666666666666,8.8,17.5,0.5,2.5,8.8,0.286,6.3,8.8,0.714,1.3,7.5,8.8,10.0,1.3,0.0,1.3,2.5,1.3,6.3,26.3,15.0,54.3,0,0,50.1,1,1,13086,1,8867,5158,5232,8526,8138,5167,11433,2629,2009,9244,11476,5484,7087,1429,14090,12854,5891,2041,18269,2326,3543,5620,2137,2246,150,2517,1,28:46
2024-25,1629626,Bol Bol,Bol,1610612756,PHX,Phoenix Suns,0022400967,2025-03-14T00:00:00,PHX vs. SAC,W,0.72,0.0,0.0,0.0,0.0,0.0,0.0,0.0,0.0,0.0,0.0,50.0,50.0,0.0,0.0,0.0,0.0,0.0,0.0,0.0,0.0,0.0,60.0,0,0,50.0,1,1,13086,1,26157,22635,24836,22635,15070,20945,15070,13505,14344,13505,14058,10,19,19908,16469,12854,8263,8846,20257,17725,23200,12240,1193,2246,150,2529,1,0:43
2024-25,1627734,Domantas Sabonis,Domantas,1610612758,SAC,Sacramento Kings,0022400967,2025-03-14T00:00:00,SAC @ PHX,L,30.083333333333332,4.8,13.2,0.364,0.0,2.4,0.0,4.8,4.8,1.0,1.2,12.0,13.2,14.4,2.4,3.6,1.2,1.2,2.4,4.8,14.4,-9.6,63.7,1,1,51.5,1,13222,1,13222,7702,14990,11563,16861,15070,18827,15070,4366,6329,1,11807,1379,2696,348,8688,2105,6195,6284,13248,4532,13544,17709,824,1,1,2156,1,30:05
2024-25,201145,Jeff Green,Jeff,1610612745,HOU,Houston Rockets,0022400961,2025-03-14T00:00:00,HOU vs. DAL,W,15.3,0.0,0.0,0.0,0.0,0.0,0.0,0.0,0.0,0.0,0.0,9.4,9.4,2.4,2.4,0.0,0.0,0.0,2.4,2.4,0.0,42.4,12.5,0,0,11.8,1,1,13086,1,19374,22635,24836,22635,15070,20945,15070,13505,14344,13505,14058,3099,6164,15043,8848,12854,8263,8846,13424,11525,23200,814,23905,2246,150,24044,1,15:18
2024-25,203952,Andrew Wiggins,Andrew,1610612748,MIA,Miami Heat,0022400958,2025-03-14T00:00:00,MIA vs. BOS,L,37.13333333333333,8.7,20.4,0.429,2.9,7.8,0.375,1.9,3.9,0.5,0.0,3.9,3.9,2.9,3.9,3.9,0.0,0.0,1.9,2.9,22.3,-10.7,39.1,0,0,39.7,1,13222,1,13222,1898,5226,2717,13735,6844,6887,8800,10840,8082,10625,14058,14099,17631,13251,4136,1759,8263,8846,15464,9566,6005,18166,8357,2246,150,6924,1,37:08
2024-25,1629629,Cam Reddish,Cam,1610612747,LAL,Los Angeles Lakers,0022400965,2025-03-14T00:00:00,LAL @ DEN,L,6.733333333333333,0.0,10.7,0.0,0.0,5.3,0.0,0.0,0.0,0.0,0.0,0.0,0.0,0.0,0.0,0.0,0.0,0.0,0.0,0.0,0.0,-64.2,0.0,0,0,0.0,1,13222,1,13222,23265,22635,15888,22635,15070,12331,15070,13505,14344,13505,14058,22137,23286,19908,16469,12854,8263,8846,20257,17725,23200,25773,25228,2246,150,25259,1,6:44
2024-25,1630531,Jaden Springer,Jaden,1610612762,UTA,Utah Jazz,0022400966,2025-03-14T00:00:00,UTA vs. TOR,L,16.666666666666668,4.3,8.6,0.5,0.0,4.3,0.0,4.3,8.6,0.5,0.0,2.2,2.2,6.5,2.2,4.3,2.2,0.0,8.6,6.5,13.0,13.0,42.6,0,0,34.6,1,13222,1,13222,18490,16270,19287,8526,15070,14862,15070,5117,2098,10625,14058,19178,21493,4747,9684,1357,3044,8846,1082,2104,15134,6411,6343,2246,150,10401,1,16:40
2024-25,1631217,Moussa Diabaté,Moussa,1610612766,CHA,Charlotte Hornets,0022400964,2025-03-14T00:00:00,CHA @ SAS,W,6.05,0.0,11.9,0.0,0.0,0.0,0.0,0.0,0.0,0.0,6.0,6.0,11.9,0.0,6.0,0.0,0.0,6.0,0.0,6.0,0.0,-47.6,8.3,0,0,11.9,1,1,13086,1,23581,22635,13758,22635,15070,20945,15070,13505,14344,13505,1646,8447,3582,19908,1414,12854,8263,221,20257,2684,23200,25294,24655,2246,150,24005,1,6:03
2024-25,1641720,Jalen Hood-Schifino,Jalen,1610612755,PHI,Philadelphia 76ers,0022400959,2025-03-14T00:00:00,PHI vs. IND,L,19.533333333333335,3.7,14.7,0.25,0.0,7.4,0.0,1.8,3.7,0.5,1.8,3.7,5.5,5.5,1.8,0.0,0.0,0.0,3.7,1.8,9.2,1.8,22.3,0,0,20.3,1,13222,1,13222,16387,17872,8986,20233,15070,7674,15070,11137,8504,10625,9077,14673,13469,6373,11354,12854,8263,8846,8136,13760,18887,11711,19984,2246,150,20707,1,19:32
2024-25,1631221,Collin Gillespie,Collin,1610612756,PHX,Phoenix Suns,0022400967,2025-03-14T00:00:00,PHX vs. SAC,W,11.45,3.1,9.4,0.333,3.1,3.1,1.0,6.3,6.3,1.0,0.0,3.1,3.1,6.3,0.0,3.1,0.0,0.0,3.1,3.1,15.7,47.2,38.4,0,0,34.6,1,1,13086,1,21504,19111,18066,17395,6110,17375,1,2606,4143,1,14058,16290,19388,5044,16469,2845,8263,8846,10120,8748,12198,633,8799,2246,150,10378,1,11:27
2024-25,1630577,Julian Champagnie,Julian,1610612759,SAS,San Antonio Spurs,0022400964,2025-03-14T00:00:00,SAS vs. CHA,L,19.883333333333333,7.2,14.5,0.5,5.4,9.1,0.6,1.8,1.8,1.0,3.6,5.4,9.1,3.6,1.8,0.0,0.0,1.8,1.8,1.8,21.7,-14.5,36.2,0,0,39.8,1,13222,1,13222,16109,8352,9385,8526,1812,4736,2992,11217,13177,1,4173,9709,6657,11027,11496,12854,8263,3867,16122,13890,6447,19702,10228,2246,150,6877,1,19:53
2024-25,1629618,Jalen Pickett,Jalen,1610612743,DEN,Denver Nuggets,0022400965,2025-03-14T00:00:00,DEN vs. LAL,W,2.21,0.0,0.0,0.0,0.0,0.0,0.0,0.0,0.0,0.0,0.0,0.0,0.0,0.0,0.0,0.0,0.0,0.0,16.3,0.0,0.0,-16.3,0.0,0,0,0.0,1,1,13086,1,25365,22635,24836,22635,15070,20945,15070,13505,14344,13505,14058,22137,23286,19908,16469,12854,8263,8846,199,17725,23200,20362,25228,2246,150,25259,1,2:13
2024-25,1629111,Jock Landale,Jock,1610612745,HOU,Houston Rockets,0022400961,2025-03-14T00:00:00,HOU vs. DAL,W,22.983333333333334,4.7,6.3,0.75,0.0,0.0,0.0,0.0,0.0,0.0,4.7,3.1,7.8,0.0,1.6,1.6,0.0,1.6,4.7,0.0,9.4,23.5,21.9,0,0,20.4,1,1,13086,1,13735,15248,22360,2107,15070,20945,15070,13505,14344,13505,2675,16325,8567,19908,12474,8121,8263,4534,5290,17725,18727,3149,20189,2246,150,20651,1,22:59
2024-25,1630241,Sam Merrill,Sam,1610612739,CLE,Cleveland Cavaliers,0022400962,2025-03-14T00:00:00,CLE @ MEM,W,21.916666666666668,8.2,11.5,0.714,6.6,8.2,0.8,0.0,0.0,0.0,1.6,0.0,1.6,3.3,3.3,0.0,0.0,1.6,1.6,0.0,23.0,21.4,26.6,0,0,34.5,1,1,13086,1,14561,6174,14474,2752,960,6064,1389,13505,14344,13505,9775,22137,22374,12037,5542,12854,8263,4319,16739,17725,5480,3612,17210,2246,150,10455,1,21:55
2024-25,1628976,Wendell Carter Jr.,Wendell,1610612753,ORL,Orlando Magic,0022400963,2025-03-14T00:00:00,ORL @ MIN,L,31.326666666666668,2.3,5.7,0.4,0.0,2.3,0.0,0.0,0.0,0.0,1.1,1.1,2.3,2.3,2.3,0.0,1.1,0.0,5.7,2.3,4.6,-9.2,12.0,0,0,11.5,1,13222,1,13222,6588,20853,22865,14933,15070,18988,15070,13505,14344,13505,12111,21634,21206,15237,9079,12854,6493,8846,3324,11749,22233,17525,24017,2246,150,24114,1,31:20
2024-25,202684,Tristan Thompson,Tristan,1610612739,CLE,Cleveland Cavaliers,0022400962,2025-03-14T00:00:00,CLE @ MEM,W,3.9833333333333334,0.0,0.0,0.0,0.0,0.0,0.0,0.0,0.0,0.0,0.0,0.0,0.0,0.0,0.0,0.0,0.0,0.0,0.0,0.0,0.0,-99.4,0.0,0,0,0.0,1,1,13086,1,24489,22635,24836,22635,15070,20945,15070,13505,14344,13505,14058,22137,23286,19908,16469,12854,8263,8846,20257,17725,23200,26146,25228,2246,150,25259,1,3:59
2024-25,1629003,Shake Milton,Shake,1610612747,LAL,Los Angeles Lakers,0022400965,2025-03-14T00:00:00,LAL @ DEN,L,28.333333333333332,8.9,14.0,0.636,1.3,2.5,0.5,1.3,1.3,1.0,1.3,5.1,6.4,3.8,2.5,1.3,0.0,0.0,1.3,1.3,20.3,12.7,34.9,0,0,34.3,1,13222,1,13222,9268,4897,10206,4689,12978,18551,3944,12384,13780,1,11355,10628,11496,10468,8074,9646,8263,8846,18166,16027,7633,6515,11095,2246,150,10612,1,28:20
2024-25,1631095,Jabari Smith Jr.,Jabari,1610612745,HOU,Houston Rockets,0022400961,2025-03-14T00:00:00,HOU vs. DAL,W,24.083333333333332,9.0,14.9,0.6,0.0,3.0,0.0,1.5,1.5,1.0,3.0,9.0,12.0,3.0,3.0,0.0,3.0,0.0,1.5,1.5,19.4,19.4,44.2,0,0,40.4,1,1,13086,1,12811,4766,8683,5394,15070,17689,15070,11810,13493,1,5370,3546,3529,12971,6526,12854,1716,8846,17241,15024,8436,4130,5544,2246,150,6571,1,24:05
2024-25,1626220,Royce O'Neale,Royce,1610612756,PHX,Phoenix Suns,0022400967,2025-03-14T00:00:00,PHX vs. SAC,W,20.6,5.2,7.0,0.75,5.2,7.0,0.75,0.0,0.0,0.0,0.0,5.2,5.2,1.7,1.7,3.5,0.0,0.0,3.5,0.0,15.7,17.5,33.4,0,0,35.0,1,1,13086,1,15566,13691,21573,2107,2008,8485,1542,13505,14344,13505,14058,10182,14184,17238,11752,2245,8263,8846,8763,17725,12191,4745,12279,2246,150,10130,1,20:36
2024-25,1641740,Jaylen Clark,Jaylen,1610612750,MIN,Minnesota Timberwolves,0022400963,2025-03-14T00:00:00,MIN vs. ORL,W,5.166666666666667,7.0,7.0,1.0,0.0,0.0,0.0,0.0,0.0,0.0,0.0,0.0,0.0,7.0,0.0,7.0,0.0,0.0,0.0,0.0,13.9,13.9,45.3,0,0,34.8,1,1,13086,1,23920,8999,21599,1,15070,20945,15070,13505,14344,13505,14058,22137,23286,4041,16469,299,8263,8846,20257,17725,14006,6035,5043,2246,150,10198,1,5:10
2024-25,1629234,Drew Eubanks,Drew,1610612746,LAC,LA Clippers,0022400960,2025-03-14T00:00:00,LAC @ ATL,W,2.1666666666666665,0.0,0.0,0.0,0.0,0.0,0.0,0.0,0.0,0.0,0.0,0.0,0.0,0.0,0.0,0.0,0.0,0.0,0.0,0.0,0.0,66.5,0.0,0,0,0.0,1,1,13086,1,25387,22635,24836,22635,15070,20945,15070,13505,14344,13505,14058,22137,23286,19908,16469,12854,8263,8846,20257,17725,23200,269,25228,2246,150,25259,1,2:10
2024-25,1629052,Oshae Brissett,Oshae,1610612755,PHI,Philadelphia 76ers,0022400959,2025-03-14T00:00:00,PHI vs. IND,L,22.733333333333334,7.9,12.7,0.625,4.8,7.9,0.6,1.6,4.8,0.333,1.6,0.0,1.6,0.0,3.2,1.6,1.6,0.0,3.2,4.8,22.2,-15.8,30.4,0,0,34.8,1,13222,1,13222,13923,6816,12441,4899,2642,6590,2992,11627,6398,13132,9984,22137,22462,19908,5916,8047,4599,8846,10007,4614,6089,20209,14496,2246,150,10198,1,22:44
2024-25,1627739,Kris Dunn,Kris,1610612746,LAC,LA Clippers,0022400960,2025-03-14T00:00:00,LAC @ ATL,W,22.35,0.0,6.4,0.0,0.0,1.6,0.0,0.0,0.0,0.0,0.0,4.8,4.8,1.6,0.0,1.6,1.6,0.0,3.2,0.0,0.0,4.8,17.9,0,0,12.9,1,1,13086,1,14231,22635,22159,22635,15070,20151,15070,13505,14344,13505,14058,11326,15216,17617,16469,7946,4523,8846,9772,17725,23200,10196,22149,2246,150,23747,1,22:21
2024-25,203552,Seth Curry,Seth,1610612766,CHA,Charlotte Hornets,0022400964,2025-03-14T00:00:00,CHA @ SAS,W,18.6,3.9,7.7,0.5,1.9,3.9,0.5,0.0,0.0,0.0,0.0,3.9,3.9,3.9,1.9,0.0,0.0,0.0,0.0,0.0,9.7,21.3,18.2,0,0,19.4,1,1,13086,1,17106,17405,20606,8526,10478,15862,3944,13505,14344,13505,14058,14122,17652,10306,10871,12854,8263,8846,20257,17725,18462,3625,22006,2246,150,21229,1,18:36
2024-25,201988,Patty Mills,Patty,1610612746,LAC,LA Clippers,0022400960,2025-03-14T00:00:00,LAC @ ATL,W,1.85,0.0,0.0,0.0,0.0,0.0,0.0,0.0,0.0,0.0,0.0,0.0,0.0,19.5,0.0,0.0,0.0,0.0,0.0,0.0,0.0,116.8,29.2,0,0,19.5,1,1,13086,1,25566,22635,24836,22635,15070,20945,15070,13505,14344,13505,14058,22137,23286,98,16469,12854,8263,8846,20257,17725,23200,44,15364,2246,150,21172,1,1:51
2024-25,1631466,Nate Williams,Nate,1610612745,HOU,Houston Rockets,0022400961,2025-03-14T00:00:00,HOU vs. DAL,W,6.866666666666666,0.0,10.5,0.0,0.0,10.5,0.0,0.0,0.0,0.0,0.0,5.2,5.2,5.2,0.0,0.0,0.0,0.0,0.0,0.0,0.0,5.2,14.2,0,0,10.5,1,1,13086,1,23223,22635,16237,22635,15070,2986,15070,13505,14344,13505,14058,10176,14178,6955,16469,12854,8263,8846,20257,17725,23200,9982,23451,2246,150,24333,1,6:52
2024-25,1631115,Orlando Robinson,Orlando,1610612761,TOR,Toronto Raptors,0022400966,2025-03-14T00:00:00,TOR @ UTA,W,34.3,4.2,10.5,0.4,0.0,0.0,0.0,6.3,8.4,0.75,3.1,7.3,10.5,5.2,2.1,0.0,2.1,0.0,4.2,4.2,14.7,4.2,39.4,1,0,34.6,1,1,13086,1,4009,16603,16221,14933,15070,20945,15070,2596,2260,8186,5042,5754,4912,6944,10003,12854,3211,8846,6563,5849,13200,10544,8168,1,150,10340,1,34:18
2024-25,1641767,Ben Sheppard,Ben,1610612754,IND,Indiana Pacers,0022400959,2025-03-14T00:00:00,IND @ PHI,W,16.383333333333333,2.2,8.8,0.25,0.0,4.4,0.0,0.0,0.0,0.0,0.0,8.8,8.8,2.2,0.0,2.2,0.0,2.2,11.0,0.0,4.4,-24.2,24.8,0,0,19.8,1,1,13086,1,18664,21044,19043,20233,15070,14695,15070,13505,14344,13505,14058,3738,7046,15634,16469,5401,8263,2646,542,17725,22349,22619,18401,2246,150,20997,1,16:23
2024-25,1630170,Devin Vassell,Devin,1610612759,SAS,San Antonio Spurs,0022400964,2025-03-14T00:00:00,SAS vs. CHA,L,31.366666666666667,10.3,18.4,0.563,3.4,8.0,0.429,1.1,1.1,1.0,1.1,2.3,3.4,3.4,0.0,1.1,1.1,1.1,3.4,1.1,25.2,-16.1,41.4,0,0,40.2,1,13222,1,13222,6536,2893,4320,7127,5277,6394,7394,12763,13967,1,12129,18775,18676,11576,16469,10604,6507,6656,8924,16662,4088,20273,6916,2246,150,6691,1,31:22
2024-25,1629012,Collin Sexton,Collin,1610612762,UTA,Utah Jazz,0022400966,2025-03-14T00:00:00,UTA vs. TOR,L,20.183333333333334,5.4,23.2,0.231,0.0,5.4,0.0,3.6,5.4,0.667,1.8,0.0,1.8,3.6,5.4,0.0,0.0,3.6,1.8,7.1,14.3,-42.8,16.4,0,0,19.6,1,13222,1,13222,15876,13404,1324,21157,15070,12328,15070,6558,5387,9425,9304,22137,22182,11179,1955,12854,8263,865,16257,1558,13642,25035,22698,2246,150,21084,1,20:11
2024-25,1642384,Isaiah Crawford,Isaiah,1610612758,SAC,Sacramento Kings,0022400967,2025-03-14T00:00:00,SAC @ PHX,L,1.3333333333333333,0.0,0.0,0.0,0.0,0.0,0.0,0.0,0.0,0.0,0.0,0.0,0.0,0.0,0.0,0.0,0.0,0.0,0.0,0.0,0.0,54.0,0.0,0,0,0.0,1,13222,1,13222,25896,22635,24836,22635,15070,20945,15070,13505,14344,13505,14058,22137,23286,19908,16469,12854,8263,8846,20257,17725,23200,450,25228,2246,150,25259,1,1:20
2024-25,1642419,Jamison Battle,Jamison,1610612761,TOR,Toronto Raptors,0022400966,2025-03-14T00:00:00,TOR @ UTA,W,36.45,3.0,10.9,0.273,1.0,5.9,0.167,0.0,0.0,0.0,0.0,5.9,5.9,0.0,0.0,1.0,2.0,2.0,3.0,1.0,6.9,-10.9,22.9,0,0,19.8,1,1,13086,1,2364,19502,15581,20048,14620,10870,14236,13505,14344,13505,14058,8493,12462,19908,16469,12056,3552,3299,10888,17435,20781,18264,19616,2246,150,21010,1,36:27
2024-25,1629675,Naz Reid,Naz,1610612750,MIN,Minnesota Timberwolves,0022400963,2025-03-14T00:00:00,MIN vs. ORL,W,27.366666666666667,3.9,11.8,0.333,2.6,7.9,0.333,0.0,2.6,0.0,0.0,9.2,9.2,3.9,2.6,1.3,2.6,0.0,5.3,1.3,10.5,9.2,36.7,0,0,34.2,1,1,13086,1,10046,17211,13878,17395,7737,6634,9209,13505,10898,13505,14058,3301,6436,10083,7763,9377,2177,8846,4082,15831,17635,8086,9888,2246,150,10697,1,27:22
2024-25,203957,Danté Exum,Danté,1610612742,DAL,Dallas Mavericks,0022400961,2025-03-14T00:00:00,DAL @ HOU,L,6.65,5.4,16.2,0.333,0.0,0.0,0.0,0.0,0.0,0.0,0.0,0.0,0.0,0.0,0.0,0.0,0.0,5.4,0.0,0.0,10.8,-5.4,10.8,0,0,10.8,1,13222,1,13222,23303,13231,6763,17395,15070,20945,15070,13505,14344,13505,14058,22137,23286,19908,16469,12854,8263,291,20257,17725,17332,15790,24273,2246,150,24262,1,6:39
2024-25,1628365,Markelle Fultz,Markelle,1610612758,SAC,Sacramento Kings,0022400967,2025-03-14T00:00:00,SAC @ PHX,L,1.3333333333333333,0.0,27.0,0.0,0.0,0.0,0.0,0.0,0.0,0.0,0.0,0.0,0.0,0.0,0.0,0.0,0.0,0.0,0.0,0.0,0.0,54.0,0.0,0,0,0.0,1,13222,1,13222,25896,22635,499,22635,15070,20945,15070,13505,14344,13505,14058,22137,23286,19908,16469,12854,8263,8846,20257,17725,23200,450,25228,2246,150,25259,1,1:20
2024-25,1631102,TyTy Washington Jr.,TyTy,1610612756,PHX,Phoenix Suns,0022400967,2025-03-14T00:00:00,PHX vs. SAC,W,1.3333333333333333,0.0,0.0,0.0,0.0,0.0,0.0,0.0,0.0,0.0,0.0,0.0,0.0,0.0,0.0,0.0,0.0,0.0,0.0,0.0,0.0,-54.0,0.0,0,0,0.0,1,1,13086,1,25896,22635,24836,22635,15070,20945,15070,13505,14344,13505,14058,22137,23286,19908,16469,12854,8263,8846,20257,17725,23200,25540,25228,2246,150,25259,1,1:20
2024-25,1630167,Obi Toppin,Obi,1610612754,IND,Indiana Pacers,0022400959,2025-03-14T00:00:00,IND @ PHI,W,25.233333333333334,5.7,10.0,0.571,0.0,2.9,0.0,4.3,5.7,0.75,2.9,8.6,11.4,4.3,0.0,1.4,0.0,0.0,2.9,2.9,15.7,-20.0,40.1,0,0,34.2,1,1,13086,1,11804,12396,17077,6538,15070,17953,15070,5196,4882,8186,5718,3980,4041,9183,16469,8771,8263,8846,11392,9753,12232,21540,7703,2246,150,10663,1,25:14
2024-25,203992,Bogdan Bogdanović,Bogdan,1610612746,LAC,LA Clippers,0022400960,2025-03-14T00:00:00,LAC @ ATL,W,21.183333333333334,6.8,10.2,0.667,3.4,3.4,1.0,3.4,3.4,1.0,0.0,5.1,5.1,5.1,1.7,0.0,0.0,0.0,1.7,3.4,20.4,22.1,32.5,0,0,34.0,1,1,13086,1,15162,9424,16738,3281,5382,16865,1,6899,9091,1,14058,10578,14525,7253,11924,12854,8263,8846,16540,7955,7586,3435,12975,2246,150,10859,1,21:11
2024-25,1628396,Tony Bradley,Tony,1610612754,IND,Indiana Pacers,0022400959,2025-03-14T00:00:00,IND @ PHI,W,1.5166666666666666,0.0,0.0,0.0,0.0,0.0,0.0,0.0,0.0,0.0,0.0,0.0,0.0,0.0,0.0,0.0,0.0,0.0,0.0,0.0,0.0,0.0,0.0,0,0,0.0,1,1,13086,1,25778,22635,24836,22635,15070,20945,15070,13505,14344,13505,14058,22137,23286,19908,16469,12854,8263,8846,20257,17725,23200,12240,25228,2246,150,25259,1,1:31
2024-25,201143,Al Horford,Al,1610612738,BOS,Boston Celtics,0022400958,2025-03-14T00:00:00,BOS @ MIA,W,31.633333333333333,3.4,8.0,0.429,1.1,4.6,0.25,2.3,2.3,1.0,3.4,6.8,10.2,5.7,1.1,0.0,1.1,0.0,1.1,1.1,10.2,17.1,33.3,0,0,29.6,1,1,13086,1,6299,18508,20315,13735,13721,14316,11902,9704,11851,1,4509,6662,5185,6060,14880,12854,6550,8846,18872,16718,17904,4882,12308,2246,150,14247,1,31:38
2024-25,1642268,Isaiah Collier,Isaiah,1610612762,UTA,Utah Jazz,0022400966,2025-03-14T00:00:00,UTA vs. TOR,L,36.13333333333333,6.0,11.0,0.545,0.0,0.0,0.0,4.0,5.0,0.8,1.0,4.0,5.0,8.0,1.0,1.0,0.0,1.0,1.0,4.0,15.9,12.0,35.9,0,0,30.9,1,13222,1,13222,2581,11584,15431,7695,15070,20945,15070,5717,5959,7681,13286,13767,14841,2914,15877,11992,8263,7959,19725,6342,11976,6814,10460,2246,150,13263,1,36:08
2024-25,1627832,Fred VanVleet,Fred,1610612745,HOU,Houston Rockets,0022400961,2025-03-14T00:00:00,HOU vs. DAL,W,25.2,4.3,11.4,0.375,2.9,5.7,0.5,0.0,0.0,0.0,0.0,10.0,10.0,4.3,0.0,1.4,0.0,0.0,0.0,0.0,11.4,27.1,34.1,0,0,31.4,1,1,13086,1,11832,16357,14607,16299,7027,11412,3944,13505,14344,13505,14058,2587,5429,9167,16469,8760,8263,8846,20257,17725,16749,2401,11692,2246,150,12831,1,25:12
2024-25,1630171,Isaac Okoro,Isaac,1610612739,CLE,Cleveland Cavaliers,0022400962,2025-03-14T00:00:00,CLE @ MEM,W,20.8,5.2,6.9,0.75,1.7,3.5,0.5,0.0,0.0,0.0,1.7,3.5,5.2,3.5,3.5,0.0,0.0,0.0,3.5,0.0,12.1,12.1,20.1,0,0,22.5,1,1,13086,1,15426,13839,21640,2107,11307,16727,3944,13505,14344,13505,9471,15345,14295,11516,5100,12854,8263,8846,8861,17725,16017,6745,21129,2246,150,19354,1,20:48
2024-25,1626167,Myles Turner,Myles,1610612754,IND,Indiana Pacers,0022400959,2025-03-14T00:00:00,IND @ PHI,W,27.866666666666667,9.0,16.8,0.538,2.6,3.9,0.667,2.6,2.6,1.0,5.2,3.9,9.0,1.3,0.0,0.0,1.3,1.3,0.0,2.6,23.3,25.8,39.9,0,0,38.8,1,1,13086,1,9653,4626,6049,7978,7882,15858,1957,8843,11014,1,2223,14108,6670,18687,16469,12854,5683,5694,20257,10693,5328,2643,7812,2246,150,7549,1,27:52
2024-25,1628991,Jaren Jackson Jr.,Jaren,1610612763,MEM,Memphis Grizzlies,0022400962,2025-03-14T00:00:00,MEM vs. CLE,L,28.45,5.1,12.7,0.4,3.8,6.3,0.6,2.5,2.5,1.0,0.0,3.8,3.8,0.0,0.0,5.1,2.5,2.5,6.3,3.8,16.4,-26.6,43.8,0,0,39.2,1,13222,1,13222,9165,14204,12478,14933,4451,9927,2992,8960,11125,1,14058,14329,17829,19908,16469,864,2318,1988,2571,6860,11447,23145,5776,2246,150,7256,1,28:27
2024-25,1642261,Dalton Knecht,Dalton,1610612747,LAL,Los Angeles Lakers,0022400965,2025-03-14T00:00:00,LAL @ DEN,L,36.86666666666667,12.7,26.4,0.481,4.9,12.7,0.385,1.0,2.0,0.5,1.0,1.0,2.0,1.0,0.0,0.0,0.0,1.0,4.9,1.0,31.2,-9.8,35.1,0,0,39.1,1,13222,1,13222,2081,1155,581,11953,2436,1430,8766,13305,12851,10625,13446,22003,21902,19747,16469,12854,8263,8133,4872,17464,1712,17779,11017,2246,150,7343,1,36:52
2024-25,1631099,Keegan Murray,Keegan,1610612758,SAC,Sacramento Kings,0022400967,2025-03-14T00:00:00,SAC @ PHX,L,37.24166666666667,5.8,12.6,0.462,1.9,7.7,0.25,0.0,0.0,0.0,2.9,4.8,7.7,1.9,1.0,1.9,0.0,0.0,1.0,1.0,13.5,-1.9,30.5,0,0,29.0,1,13222,1,13222,1838,12114,12634,12428,10489,6932,11902,13505,14344,13505,5595,11324,8752,16632,16052,6606,8263,8846,19873,17496,14463,14004,14395,2246,150,14705,1,37:15
2024-25,1631222,Jake LaRavia,Jake,1610612758,SAC,Sacramento Kings,0022400967,2025-03-14T00:00:00,SAC @ PHX,L,16.283333333333335,2.2,8.8,0.25,2.2,6.6,0.333,0.0,0.0,0.0,0.0,4.4,4.4,0.0,0.0,0.0,0.0,0.0,6.6,0.0,6.6,-24.3,11.9,0,0,13.3,1,13222,1,13222,18734,21015,18946,20233,9195,9248,9209,13505,14344,13505,14058,12475,16236,19908,16469,12854,8263,8846,2287,17725,20968,22646,24018,2246,150,23629,1,16:17
2024-25,1629634,Brandon Clarke,Brandon,1610612763,MEM,Memphis Grizzlies,0022400962,2025-03-14T00:00:00,MEM vs. CLE,L,19.416666666666668,9.3,13.0,0.714,0.0,0.0,0.0,5.6,9.3,0.6,1.9,7.4,9.3,1.9,1.9,1.9,0.0,0.0,5.6,5.6,24.1,-11.1,41.7,0,0,38.9,1,13222,1,13222,16483,4258,11895,2752,15070,20945,15070,3351,1734,10343,9024,5658,6359,16916,11297,7008,8263,8846,3608,3245,4731,18374,6769,2246,150,7421,1,19:25
2024-25,1630162,Anthony Edwards,Anthony,1610612750,MIN,Minnesota Timberwolves,0022400963,2025-03-14T00:00:00,MIN vs. ORL,W,39.03333333333333,8.3,17.5,0.474,2.8,7.4,0.375,6.5,7.4,0.875,0.0,3.7,3.7,4.6,2.8,0.0,0.9,0.9,1.8,3.7,25.8,-4.6,37.2,0,0,38.7,1,1,13086,1,873,5979,5229,12072,7333,7664,8800,2442,3016,6931,14058,14666,18095,8387,7329,12854,7993,8542,15966,7157,3759,15374,9567,2246,150,7563,1,39:02
2024-25,1630249,Vít Krejčí,Vít,1610612737,ATL,Atlanta Hawks,0022400960,2025-03-14T00:00:00,ATL vs. LAC,L,17.4,4.1,8.3,0.5,4.1,8.3,0.5,0.0,0.0,0.0,0.0,4.1,4.1,4.1,2.1,0.0,2.1,0.0,0.0,0.0,12.4,-16.6,27.7,0,0,29.0,1,13222,1,13222,18004,16748,19831,8526,3697,5951,3944,13505,14344,13505,14058,13309,16977,9551,10159,12854,3289,8846,20257,17725,15692,20462,16411,2246,150,14736,1,17:24
2024-25,1629639,Tyler Herro,Tyler,1610612748,MIA,Miami Heat,0022400958,2025-03-14T00:00:00,MIA vs. BOS,L,37.763333333333335,6.7,14.3,0.467,2.9,7.6,0.375,1.9,1.9,1.0,1.0,3.8,4.8,5.7,3.8,1.9,1.9,1.0,1.0,1.9,18.1,-5.7,40.0,0,0,39.1,1,13222,1,13222,1535,9756,9695,12249,7022,7127,8800,10924,12962,1,13618,14281,15384,6011,4283,6728,3745,8313,19949,13485,9722,15932,7742,2246,150,7328,1,37:46
2024-25,1642024,Alex Reese,Alex,1610612755,PHI,Philadelphia 76ers,0022400959,2025-03-14T00:00:00,PHI vs. IND,L,18.5,3.9,9.7,0.4,1.9,7.8,0.25,0.0,0.0,0.0,0.0,5.8,5.8,0.0,1.9,1.9,3.9,0.0,3.9,0.0,9.7,0.0,32.3,0,0,29.2,1,13222,1,13222,17195,17345,17510,14933,10427,6827,11902,13505,14344,13505,14058,8697,12673,19908,10811,6528,976,8846,7467,17725,18415,12240,13085,2246,150,14548,1,18:30
2024-25,1630643,Jay Huff,Jay,1610612763,MEM,Memphis Grizzlies,0022400962,2025-03-14T00:00:00,MEM vs. CLE,L,3.6666666666666665,9.8,9.8,1.0,0.0,0.0,0.0,0.0,0.0,0.0,0.0,0.0,0.0,0.0,0.0,9.8,0.0,0.0,0.0,0.0,19.6,9.8,49.1,0,0,39.3,1,13222,1,13222,24637,3440,17365,1,15070,20945,15070,13505,14344,13505,14058,22137,23286,19908,16469,119,8263,8846,20257,17725,8217,7777,3588,2246,150,7211,1,3:40
2024-25,202693,Markieff Morris,Markieff,1610612747,LAL,Los Angeles Lakers,0022400965,2025-03-14T00:00:00,LAL @ DEN,L,23.683333333333334,4.6,16.7,0.273,1.5,6.1,0.25,0.0,0.0,0.0,3.0,4.6,7.6,4.6,0.0,0.0,0.0,1.5,3.0,0.0,10.6,-7.6,26.6,0,0,24.3,1,13222,1,13222,13161,15601,6154,20048,11962,10493,11902,13505,14344,13505,5247,12099,8975,8509,16469,12854,8263,4692,10535,17725,17520,16783,17216,2246,150,18125,1,23:41
2024-25,1629610,DaQuan Jeffries,DaQuan,1610612766,CHA,Charlotte Hornets,0022400964,2025-03-14T00:00:00,CHA @ SAS,W,32.733333333333334,5.5,9.9,0.556,3.3,7.7,0.429,0.0,0.0,0.0,0.0,1.1,1.1,1.1,1.1,1.1,0.0,0.0,4.4,1.1,14.3,4.4,19.5,0,0,22.0,1,1,13086,1,5376,12975,17244,7248,5665,7009,7394,13505,14344,13505,14058,21751,23082,19347,15132,11019,8263,8846,6019,16906,13610,10429,21424,2246,150,19679,1,32:44
2024-25,1630556,Kessler Edwards,Kessler,1610612742,DAL,Dallas Mavericks,0022400961,2025-03-14T00:00:00,DAL @ HOU,L,34.916666666666664,4.1,10.3,0.4,2.1,5.2,0.4,2.1,2.1,1.0,1.0,5.2,6.2,0.0,1.0,1.0,4.1,1.0,2.1,1.0,12.4,-19.6,34.2,0,0,30.9,1,13222,1,13222,3527,16789,16539,14933,9858,12808,7874,10432,12546,1,13022,10404,11859,19908,15626,11667,853,7654,14803,17271,15748,21429,11633,2246,150,13222,1,34:55
2024-25,202709,Cory Joseph,Cory,1610612753,ORL,Orlando Magic,0022400963,2025-03-14T00:00:00,ORL @ MIN,L,28.05,5.1,7.7,0.667,0.0,1.3,0.0,0.0,1.3,0.0,0.0,3.9,3.9,3.9,0.0,1.3,1.3,0.0,5.1,5.1,10.3,-16.7,28.4,0,0,23.1,1,13222,1,13222,9509,13998,20654,3281,15070,20514,15070,13505,13752,13505,14058,14186,17711,10370,16469,9556,5720,8846,4311,3876,17892,20509,15955,2246,150,18933,1,28:03
2024-25,1629048,Goga Bitadze,Goga,1610612753,ORL,Orlando Magic,0022400963,2025-03-14T00:00:00,ORL @ MIN,L,5.566666666666666,0.0,0.0,0.0,0.0,0.0,0.0,0.0,0.0,0.0,0.0,6.5,6.5,6.5,0.0,6.5,6.5,0.0,12.9,0.0,0.0,38.8,56.3,0,0,38.8,1,13222,1,13222,23756,22635,24836,22635,15070,20945,15070,13505,14344,13505,14058,7383,11241,4761,16469,376,248,8846,349,17725,23200,1055,1767,2246,150,7508,1,5:34
2024-25,1628389,Bam Adebayo,Bam,1610612748,MIA,Miami Heat,0022400958,2025-03-14T00:00:00,MIA vs. BOS,L,32.61666666666667,3.3,7.7,0.429,0.0,1.1,0.0,3.3,3.3,1.0,3.3,6.6,9.9,2.2,2.2,0.0,1.1,1.1,2.2,3.3,9.9,-14.3,26.3,0,0,24.3,1,13222,1,13222,5465,18726,20623,13735,15070,20740,15070,7081,9278,1,4723,7053,5510,15600,9481,12854,6765,7010,14060,8216,18218,19631,17432,2246,150,18147,1,32:37
2024-25,1630231,KJ Martin,KJ,1610612762,UTA,Utah Jazz,0022400966,2025-03-14T00:00:00,UTA vs. TOR,L,20.966666666666665,1.7,5.2,0.333,0.0,1.7,0.0,0.0,0.0,0.0,0.0,1.7,1.7,5.2,0.0,1.7,0.0,0.0,6.9,0.0,3.4,-49.8,18.4,0,0,13.7,1,13222,1,13222,15314,21878,23355,17395,15070,20025,15070,13505,14344,13505,14058,20423,22282,7131,16469,7550,8263,8846,2088,17725,22794,25389,21937,2246,150,23490,1,20:58
2024-25,203486,Mason Plumlee,Mason,1610612756,PHX,Phoenix Suns,0022400967,2025-03-14T00:00:00,PHX vs. SAC,W,15.7,2.3,6.9,0.333,0.0,0.0,0.0,0.0,0.0,0.0,2.3,9.2,11.5,2.3,0.0,2.3,0.0,0.0,6.9,0.0,4.6,-16.1,28.7,0,0,22.9,1,1,13086,1,19130,20865,21698,17395,15070,20945,15070,13505,14344,13505,7267,3337,3992,15260,16469,5066,8263,8846,2078,17725,22243,20268,15750,2246,150,19068,1,15:42
2024-25,203897,Zach LaVine,Zach,1610612758,SAC,Sacramento Kings,0022400967,2025-03-14T00:00:00,SAC @ PHX,L,36.221666666666664,7.0,12.9,0.538,2.0,6.0,0.333,5.0,6.0,0.833,0.0,3.0,3.0,2.0,2.0,1.0,0.0,0.0,3.0,3.0,20.9,-20.9,28.4,0,0,29.8,1,13222,1,13222,2518,9028,12001,7978,10224,10778,9209,4088,4528,7275,14058,16799,19790,16424,10579,12011,8263,8846,10808,9332,7184,21801,15922,2246,150,14087,1,36:13
2024-25,1630217,Desmond Bane,Desmond,1610612763,MEM,Memphis Grizzlies,0022400962,2025-03-14T00:00:00,MEM vs. CLE,L,26.483333333333334,6.8,21.7,0.313,2.7,12.2,0.222,0.0,1.4,0.0,4.1,4.1,8.2,4.1,6.8,0.0,0.0,0.0,5.4,1.4,16.3,-32.6,25.4,0,0,31.3,1,13222,1,13222,10745,9428,1925,19175,7485,1657,13288,13505,13648,13505,3484,13488,7997,9712,981,12854,8263,8846,3789,15624,11594,24115,17979,2246,150,12957,1,26:29
2024-25,1627826,Ivica Zubac,Ivica,1610612746,LAC,LA Clippers,0022400960,2025-03-14T00:00:00,LAC @ ATL,W,30.105,9.6,10.8,0.889,0.0,0.0,0.0,2.4,3.6,0.667,1.2,6.0,7.2,2.4,2.4,0.0,0.0,1.2,2.4,4.8,21.5,21.5,31.3,0,0,31.1,1,1,13086,1,7684,3780,15762,1318,15070,20945,15070,9360,8709,9425,11816,8381,9800,14909,8696,12854,8263,6293,13260,4540,6616,3574,13803,2246,150,13083,1,30:06
2024-25,1642377,Jaylen Wells,Jaylen,1610612763,MEM,Memphis Grizzlies,0022400962,2025-03-14T00:00:00,MEM vs. CLE,L,16.65,6.5,10.8,0.6,0.0,2.2,0.0,2.2,2.2,1.0,0.0,0.0,0.0,0.0,2.2,0.0,0.0,2.2,2.2,2.2,15.1,-8.6,13.0,0,0,15.1,1,13222,1,13222,18502,10216,15678,5394,15070,19237,15070,10074,12207,1,14058,22137,23286,19908,9676,12854,8263,2733,14288,12334,12776,17265,23778,2246,150,23013,1,16:39
2024-25,1629027,Trae Young,Trae,1610612737,ATL,Atlanta Hawks,0022400960,2025-03-14T00:00:00,ATL vs. LAC,L,34.46666666666667,6.3,18.8,0.333,2.1,6.3,0.333,3.1,4.2,0.75,3.1,1.0,4.2,7.3,7.3,0.0,0.0,2.1,0.0,4.2,17.8,-15.7,26.4,0,0,31.3,1,13222,1,13222,3877,10809,3927,17395,9733,10048,9209,7467,7455,8186,5070,21891,16857,3607,774,12854,8263,2954,20257,5883,10078,20137,17334,2246,150,12904,1,34:28
2024-25,1629611,Terance Mann,Terance,1610612737,ATL,Atlanta Hawks,0022400960,2025-03-14T00:00:00,ATL vs. LAC,L,26.566666666666666,5.4,10.8,0.5,1.4,6.8,0.2,0.0,0.0,0.0,0.0,4.1,4.1,5.4,0.0,0.0,0.0,0.0,4.1,1.4,12.2,-25.7,25.2,0,0,23.0,1,13222,1,13222,10668,13213,15629,8526,12629,8950,13429,13505,14344,13505,14058,13526,17145,6588,16469,12854,8263,8846,6951,15646,15923,22972,18144,2246,150,18994,1,26:34
2024-25,1642355,Bronny James,Bronny,1610612747,LAL,Los Angeles Lakers,0022400965,2025-03-14T00:00:00,LAL @ DEN,L,15.716666666666667,2.3,11.5,0.2,2.3,11.5,0.2,4.6,4.6,1.0,4.6,0.0,4.6,0.0,0.0,2.3,0.0,0.0,0.0,2.3,11.5,18.3,23.8,0,0,22.9,1,13222,1,13222,19121,20871,14565,21401,8888,2136,13429,4709,6687,1,2821,22137,15851,19908,16469,5076,8263,8846,20257,11792,16727,4454,19080,2246,150,19075,1,15:43
2024-25,202066,Garrett Temple,Garrett,1610612761,TOR,Toronto Raptors,0022400966,2025-03-14T00:00:00,TOR @ UTA,W,20.466666666666665,1.8,5.3,0.333,1.8,3.5,0.5,5.3,7.0,0.75,1.8,5.3,7.0,5.3,1.8,3.5,0.0,0.0,7.0,7.0,10.6,12.3,35.7,0,0,31.7,1,1,13086,1,15662,21817,23276,17395,11229,16617,3944,3683,3329,8186,9386,10082,10087,6875,11705,2220,8263,8846,1950,1632,17608,6671,10571,2246,150,12659,1,20:28
2024-25,1630585,Marcus Garrett,Marcus,1610612766,CHA,Charlotte Hornets,0022400964,2025-03-14T00:00:00,CHA @ SAS,W,18.883333333333333,1.9,11.4,0.167,1.9,3.8,0.5,3.8,3.8,1.0,1.9,0.0,1.9,5.7,1.9,0.0,1.9,1.9,3.8,1.9,9.5,-30.5,24.2,0,0,22.9,1,1,13086,1,16915,21572,14596,21938,10600,15972,3944,6057,8215,1,8789,22137,21988,6012,11007,12854,3747,3524,7697,13486,18602,23818,18801,2246,150,19087,1,18:53
2024-25,1629599,Amir Coffey,Amir,1610612746,LAC,LA Clippers,0022400960,2025-03-14T00:00:00,LAC @ ATL,W,23.216666666666665,7.8,14.0,0.556,3.1,4.7,0.667,0.0,0.0,0.0,0.0,1.6,1.6,4.7,0.0,1.6,0.0,1.6,1.6,0.0,18.6,10.9,32.1,0,0,31.0,1,1,13086,1,13533,7157,10235,7248,6213,14076,1957,13505,14344,13505,14058,20772,22504,8305,16469,8192,8263,4589,17041,17725,9208,7295,13256,2246,150,13149,1,23:13
2024-25,203915,Spencer Dinwiddie,Spencer,1610612742,DAL,Dallas Mavericks,0022400961,2025-03-14T00:00:00,DAL @ HOU,L,34.63333333333333,9.4,15.6,0.6,2.1,3.1,0.667,0.0,1.0,0.0,0.0,3.1,3.1,2.1,1.0,0.0,0.0,1.0,1.0,1.0,20.8,-30.1,26.6,0,0,28.1,1,13222,1,13222,3749,4112,7706,5394,9773,17428,1957,13505,14153,13505,14058,16366,19439,16075,15566,12854,8263,7580,19469,17217,7238,23764,17209,2246,150,15384,1,34:38
2024-25,1641713,GG Jackson,GG,1610612763,MEM,Memphis Grizzlies,0022400962,2025-03-14T00:00:00,MEM vs. CLE,L,14.016666666666667,5.1,23.1,0.222,0.0,5.1,0.0,0.0,0.0,0.0,5.1,10.3,15.4,2.6,0.0,0.0,0.0,2.6,0.0,2.6,10.3,2.6,32.6,0,0,28.3,1,13222,1,13222,20187,13985,1346,21205,15070,12857,15070,13505,14344,13505,2255,2374,1606,14310,16469,12854,8263,1919,20257,10734,17880,11334,12870,2246,150,15248,1,14:01
2024-25,201942,DeMar DeRozan,DeMar,1610612758,SAC,Sacramento Kings,0022400967,2025-03-14T00:00:00,SAC @ PHX,L,33.83833333333333,9.6,13.8,0.692,3.2,5.3,0.6,2.1,3.2,0.667,0.0,0.0,0.0,1.1,5.3,0.0,0.0,1.1,0.0,2.1,24.5,-11.7,20.7,0,0,28.7,1,13222,1,13222,4410,3767,10449,3171,5973,12418,2992,10208,9536,9425,14058,22137,23286,19468,1989,12854,8263,7372,20257,12494,4509,18620,20818,2246,150,14910,1,33:50
2024-25,1630174,Aaron Nesmith,Aaron,1610612754,IND,Indiana Pacers,0022400959,2025-03-14T00:00:00,IND @ PHI,W,27.95,7.7,14.2,0.545,3.9,7.7,0.5,1.3,2.6,0.5,1.3,2.6,3.9,2.6,0.0,1.3,0.0,1.3,3.9,3.9,20.6,29.6,33.0,0,0,33.5,1,1,13086,1,9582,7200,9883,7695,4285,6938,3944,12333,11033,10625,11251,17998,17671,14289,16469,9530,8263,5713,7566,6666,7391,2014,12610,2246,150,11249,1,27:57
2024-25,1641737,Adem Bona,Adem,1610612755,PHI,Philadelphia 76ers,0022400959,2025-03-14T00:00:00,PHI vs. IND,L,33.6,5.4,8.6,0.625,0.0,0.0,0.0,6.4,7.5,0.857,4.3,5.4,9.6,0.0,2.1,2.1,1.1,1.1,5.4,5.4,17.1,-8.6,36.2,0,0,33.2,1,13222,1,13222,4641,13379,19388,4899,15070,20945,15070,2472,2908,7071,3186,9881,5880,19908,9763,5621,6973,7296,3917,3543,10684,17213,10226,2246,150,11483,1,33:36
2024-25,203932,Aaron Gordon,Aaron,1610612743,DEN,Denver Nuggets,0022400965,2025-03-14T00:00:00,DEN vs. LAL,W,31.473333333333333,3.4,6.9,0.5,2.3,4.6,0.5,10.3,11.4,0.9,1.1,6.9,8.0,4.6,0.0,0.0,1.1,0.0,1.1,5.7,19.4,18.3,39.3,0,0,36.6,1,1,13086,1,6434,18473,21721,8526,8900,14254,3944,620,906,6805,12168,6602,8260,8467,16469,12854,6523,8846,18846,3011,8424,4464,8176,2246,150,8983,1,31:28
2024-25,1630548,Johnny Juzang,Johnny,1610612762,UTA,Utah Jazz,0022400966,2025-03-14T00:00:00,UTA vs. TOR,L,24.1,7.5,17.9,0.417,3.0,12.0,0.25,3.0,3.0,1.0,0.0,6.0,6.0,1.5,3.0,3.0,0.0,0.0,6.0,3.0,20.9,-14.9,36.3,0,0,37.3,1,13222,1,13222,12800,7844,4778,14532,6564,1804,11902,7848,10009,1,14058,8393,12351,18005,6536,3186,8263,8846,2983,9301,7149,19879,10165,2246,150,8475,1,24:06
2024-25,1641724,Jett Howard,Jett,1610612753,ORL,Orlando Magic,0022400963,2025-03-14T00:00:00,ORL @ MIN,L,4.283333333333333,8.4,16.8,0.5,0.0,8.4,0.0,0.0,0.0,0.0,0.0,8.4,8.4,0.0,8.4,0.0,0.0,0.0,0.0,0.0,16.8,-33.6,18.5,0,0,25.2,1,13222,1,13222,24336,5787,6026,8526,15070,5728,15070,13505,14344,13505,14058,4155,7611,19908,519,12854,8263,8846,20257,17725,11049,24248,21890,2246,150,17504,1,4:17
2024-25,1627732,Ben Simmons,Ben,1610612746,LAC,LA Clippers,0022400960,2025-03-14T00:00:00,LAC @ ATL,W,17.411666666666665,2.1,8.3,0.25,0.0,0.0,0.0,0.0,0.0,0.0,0.0,4.1,4.1,8.3,0.0,4.1,0.0,0.0,0.0,0.0,4.1,20.7,33.9,0,0,24.8,1,1,13086,1,17998,21284,19843,20233,15070,20945,15070,13505,14344,13505,14058,13319,16991,2639,16469,1511,8263,8846,20257,17725,22488,3767,11883,2246,150,17819,1,17:25
2024-25,1641741,Ricky Council IV,Ricky,1610612755,PHI,Philadelphia 76ers,0022400959,2025-03-14T00:00:00,PHI vs. IND,L,36.85,4.9,13.7,0.357,2.0,7.8,0.25,2.0,2.9,0.667,1.0,2.9,3.9,0.0,2.0,0.0,2.9,1.0,2.9,2.9,13.7,-11.7,25.2,0,0,25.4,1,13222,1,13222,2096,14712,10686,17140,10372,6776,11902,10793,10143,9425,13443,16962,17550,19908,10762,12854,1772,8124,11023,9488,14302,18633,18143,2246,150,17357,1,36:51
2024-25,1626145,Tyus Jones,Tyus,1610612756,PHX,Phoenix Suns,0022400967,2025-03-14T00:00:00,PHX vs. SAC,W,24.435,8.8,10.3,0.857,8.8,8.8,1.0,2.9,2.9,1.0,0.0,2.9,2.9,5.9,0.0,0.0,0.0,0.0,0.0,1.5,29.5,20.6,41.8,0,0,47.1,1,1,13086,1,12540,4989,16536,1412,317,5042,1,7963,10102,1,14058,16903,19866,5677,16469,12854,8263,8846,20257,15113,2273,3778,6709,2246,150,3418,1,24:26
2024-25,1628374,Lauri Markkanen,Lauri,1610612762,UTA,Utah Jazz,0022400966,2025-03-14T00:00:00,UTA vs. TOR,L,18.616666666666667,9.7,27.1,0.357,7.7,15.5,0.5,3.9,3.9,1.0,0.0,9.7,9.7,0.0,3.9,0.0,0.0,1.9,1.9,5.8,30.9,19.3,38.7,0,0,48.3,1,13222,1,13222,17095,3638,495,17140,528,605,3944,5940,8098,1,14058,2850,5839,19908,4153,12854,8263,3440,15494,2897,1790,4160,8614,2246,150,3032,1,18:37
2024-25,1641744,Zach Edey,Zach,1610612763,MEM,Memphis Grizzlies,0022400962,2025-03-14T00:00:00,MEM vs. CLE,L,10.8,6.7,13.3,0.5,0.0,0.0,0.0,6.7,6.7,1.0,10.0,0.0,10.0,3.3,3.3,0.0,0.0,0.0,6.7,3.3,20.0,-53.3,33.7,0,0,33.3,1,13222,1,13222,21797,9781,11241,8526,15070,20945,15070,2265,3693,1,404,22137,5429,11873,5405,12854,8263,8846,2252,8147,7917,25521,12059,2246,150,11371,1,10:48
2024-25,1642258,Zaccharie Risacher,Zaccharie,1610612737,ATL,Atlanta Hawks,0022400960,2025-03-14T00:00:00,ATL vs. LAC,L,36.45,5.9,9.9,0.6,1.0,3.0,0.333,2.0,2.0,1.0,2.0,4.9,6.9,1.0,3.0,2.0,0.0,0.0,4.0,2.0,14.8,-7.9,27.6,0,0,27.7,1,13222,1,13222,2364,11725,17294,5394,14620,17733,9209,10729,12790,1,8503,11056,10306,19711,6611,6363,8263,8846,7282,13186,13104,16931,16534,2246,150,15678,1,36:27
2024-25,1642346,Ryan Dunn,Ryan,1610612756,PHX,Phoenix Suns,0022400967,2025-03-14T00:00:00,PHX vs. SAC,W,33.495,6.4,17.2,0.375,2.1,9.7,0.222,2.1,2.1,1.0,2.1,3.2,5.4,3.2,1.1,4.3,0.0,1.1,3.2,1.1,17.2,5.4,40.3,0,0,36.5,1,1,13086,1,4738,10315,5579,16299,9461,3887,13288,10129,12255,1,7759,16008,13869,12214,15304,1375,8263,7270,9760,17033,10637,9906,7569,2246,150,9019,1,33:30
2024-25,1627824,Guerschon Yabusele,Guerschon,1610612755,PHI,Philadelphia 76ers,0022400959,2025-03-14T00:00:00,PHI vs. IND,L,36.016666666666666,1.0,6.0,0.167,1.0,3.0,0.333,2.0,4.0,0.5,2.0,13.0,15.0,2.0,2.0,1.0,0.0,1.0,1.0,2.0,5.0,-3.0,27.0,0,0,25.0,1,13222,1,13222,2671,22619,22607,21938,14555,17661,9209,10648,7847,10625,8391,1019,1773,16378,10528,11963,8263,7923,19709,13090,22004,14569,16959,2246,150,17694,1,36:01
2024-25,1629640,Keldon Johnson,Keldon,1610612759,SAS,San Antonio Spurs,0022400964,2025-03-14T00:00:00,SAS vs. CHA,L,22.383333333333333,6.4,17.7,0.364,1.6,6.4,0.25,4.8,4.8,1.0,3.2,4.8,8.0,4.8,0.0,1.6,0.0,0.0,1.6,4.8,19.3,-8.0,41.0,0,0,37.0,1,13222,1,13222,14203,10347,5023,16861,11648,9686,11902,4303,6248,1,4909,11352,8193,7846,16469,7951,8263,8846,16838,4447,8552,16992,7167,2246,150,8726,1,22:23
2024-25,1630205,Lamar Stevens,Lamar,1610612763,MEM,Memphis Grizzlies,0022400962,2025-03-14T00:00:00,MEM vs. CLE,L,15.2,7.1,9.5,0.75,2.4,4.7,0.5,0.0,0.0,0.0,0.0,11.8,11.8,2.4,0.0,0.0,0.0,0.0,2.4,0.0,16.6,18.9,34.3,0,0,33.2,1,13222,1,13222,19439,8690,17986,2107,8601,13876,3944,13505,14344,13505,14058,1448,3622,14988,16469,12854,8263,8846,13353,17725,11305,4275,11560,2246,150,11522,1,15:12
2024-25,1628415,Dillon Brooks,Dillon,1610612745,HOU,Houston Rockets,0022400961,2025-03-14T00:00:00,HOU vs. DAL,W,27.7,6.5,16.9,0.385,2.6,3.9,0.667,0.0,0.0,0.0,0.0,2.6,2.6,3.9,0.0,0.0,0.0,0.0,1.3,0.0,15.6,27.3,24.6,0,0,24.7,1,1,13086,1,9787,10192,5919,16070,7829,15795,1957,13505,14344,13505,14058,17948,20642,10234,16469,12854,8263,8846,18032,17725,12330,2378,18564,2246,150,17895,1,27:42
2024-25,1631109,Mark Williams,Mark,1610612766,CHA,Charlotte Hornets,0022400964,2025-03-14T00:00:00,CHA @ SAS,W,28.633333333333333,6.3,7.5,0.833,0.0,0.0,0.0,5.0,5.0,1.0,2.5,10.1,12.6,3.8,3.8,1.3,0.0,0.0,2.5,5.0,17.6,17.6,38.3,1,0,36.5,1,1,13086,1,8997,10757,20867,1514,15070,20945,15070,3990,5865,1,6564,2533,3082,10581,4390,9738,8263,8846,12733,4061,10221,4708,8811,1,150,9069,1,28:38
2024-25,1642345,Oso Ighodaro,Oso,1610612756,PHX,Phoenix Suns,0022400967,2025-03-14T00:00:00,PHX vs. SAC,W,32.3,4.5,5.6,0.8,0.0,0.0,0.0,3.3,4.5,0.75,1.1,5.6,6.7,1.1,1.1,1.1,1.1,0.0,3.3,4.5,12.3,25.6,27.5,0,0,24.5,1,1,13086,1,5727,15899,23025,1688,15070,20945,15070,7008,6918,8186,12362,9357,10747,19307,15031,10903,6697,8846,9267,5230,15861,2686,16561,2246,150,17995,1,32:18
2024-25,203903,Jordan Clarkson,Jordan,1610612762,UTA,Utah Jazz,0022400966,2025-03-14T00:00:00,UTA vs. TOR,L,22.833333333333332,7.9,14.2,0.556,3.2,4.7,0.667,11.0,14.2,0.778,1.6,1.6,3.2,4.7,3.2,3.2,0.0,0.0,1.6,9.5,30.0,-22.1,47.1,0,0,47.3,1,13222,1,13222,13849,6873,9850,7248,6082,13890,1957,484,428,8092,10014,20726,19357,8104,5966,2825,8263,8846,16937,535,2100,22081,4264,2246,150,3373,1,22:50
2024-25,1630183,Jaden McDaniels,Jaden,1610612750,MIN,Minnesota Timberwolves,0022400963,2025-03-14T00:00:00,MIN vs. ORL,W,31.916666666666668,4.5,6.8,0.667,2.3,3.4,0.667,1.1,2.3,0.5,0.0,9.0,9.0,2.3,2.3,3.4,2.3,0.0,4.5,1.1,12.4,18.0,41.3,0,0,37.2,1,1,13086,1,6045,15742,21818,3281,9030,16901,1957,12825,11914,10625,14058,3495,6694,15410,9280,2415,2829,8846,5757,16780,15703,4542,7001,2246,150,8573,1,31:55
2024-25,1630193,Immanuel Quickley,Immanuel,1610612761,TOR,Toronto Raptors,0022400966,2025-03-14T00:00:00,TOR @ UTA,W,25.133333333333333,8.6,18.6,0.462,2.9,11.5,0.25,8.6,8.6,1.0,1.4,5.7,7.2,7.2,2.9,1.4,0.0,0.0,2.9,4.3,28.6,20.1,49.4,0,0,48.7,1,1,13086,1,11883,5454,4096,12428,7008,2134,11902,1149,2128,1,10613,8969,9831,3815,6977,8746,8263,8846,11342,5593,2547,3933,3451,2246,150,2922,1,25:08
2024-25,1628978,Donte DiVincenzo,Donte,1610612750,MIN,Minnesota Timberwolves,0022400963,2025-03-14T00:00:00,MIN vs. ORL,W,30.03,7.2,13.2,0.545,2.4,6.0,0.4,0.0,0.0,0.0,0.0,3.6,3.6,6.0,1.2,1.2,1.2,0.0,4.8,2.4,16.8,-4.8,36.1,0,0,33.6,1,1,13086,1,7761,8474,11504,7695,8499,10719,7874,13505,14344,13505,14058,14941,18335,5516,14451,10181,6176,8846,5072,11364,11092,15467,10308,2246,150,11190,1,30:02
2024-25,1642277,Johnny Furphy,Johnny,1610612754,IND,Indiana Pacers,0022400959,2025-03-14T00:00:00,IND @ PHI,W,1.5166666666666666,0.0,0.0,0.0,0.0,0.0,0.0,0.0,0.0,0.0,0.0,0.0,0.0,0.0,0.0,23.7,0.0,0.0,23.7,0.0,0.0,0.0,71.2,0,0,47.5,1,1,13086,1,25778,22635,24836,22635,15070,20945,15070,13505,14344,13505,14058,22137,23286,19908,16469,11,8263,8846,74,17725,23200,12240,394,2246,150,3310,1,1:31
2024-25,1628401,Derrick White,Derrick,1610612738,BOS,Boston Celtics,0022400958,2025-03-14T00:00:00,BOS @ MIA,W,36.65,6.9,17.7,0.389,2.9,10.8,0.273,1.0,2.0,0.5,1.0,3.9,4.9,3.9,2.0,2.0,0.0,1.0,0.0,3.9,17.7,11.8,33.4,0,0,33.4,1,1,13086,1,2246,9229,5033,16009,6689,2671,11838,13285,12819,10625,13398,13938,15030,10139,10694,6424,8263,8065,20257,6492,10137,6884,12267,2246,150,11325,1,36:39
2024-25,1631104,Blake Wesley,Blake,1610612759,SAS,San Antonio Spurs,0022400964,2025-03-14T00:00:00,SAS vs. CHA,L,23.6,4.6,9.2,0.5,1.5,3.1,0.5,4.6,6.1,0.75,1.5,4.6,6.1,4.6,3.1,3.1,0.0,0.0,1.5,4.6,15.3,10.7,35.5,0,0,33.6,1,13222,1,13222,13227,15559,18481,8526,11941,17550,3944,4726,4348,8186,10211,12062,12052,8465,6283,3052,8263,8846,17127,4994,12652,7379,10698,2246,150,11195,1,23:36
2024-25,1629723,John Konchar,John,1610612763,MEM,Memphis Grizzlies,0022400962,2025-03-14T00:00:00,MEM vs. CLE,L,3.9833333333333334,9.0,9.0,1.0,0.0,0.0,0.0,0.0,0.0,0.0,0.0,9.0,9.0,9.0,0.0,0.0,0.0,0.0,0.0,0.0,18.1,99.4,42.5,0,0,36.2,1,13222,1,13222,24489,4632,18660,1,15070,20945,15070,13505,14344,13505,14058,3476,6677,1986,16469,12854,8263,8846,20257,17725,9762,70,6384,2246,150,9260,1,3:59
2024-25,1629638,Nickeil Alexander-Walker,Nickeil,1610612750,MIN,Minnesota Timberwolves,0022400963,2025-03-14T00:00:00,MIN vs. ORL,W,18.433333333333334,7.8,15.6,0.5,2.0,5.9,0.333,5.9,7.8,0.75,0.0,5.9,5.9,2.0,5.9,0.0,0.0,2.0,0.0,3.9,23.4,-19.5,27.5,0,0,33.2,1,1,13086,1,17258,7040,7654,8526,10376,11051,9209,3014,2655,8186,14058,8646,12613,16548,1497,12854,8263,3377,20257,6546,5173,21406,16552,2246,150,11496,1,18:26
2024-25,1630314,Brandon Williams,Brandon,1610612742,DAL,Dallas Mavericks,0022400961,2025-03-14T00:00:00,DAL @ HOU,L,26.0,15.2,19.4,0.786,2.8,5.5,0.5,1.4,1.4,1.0,0.0,5.5,5.5,2.8,1.4,1.4,0.0,0.0,2.8,2.8,34.6,-19.4,48.2,0,0,48.5,1,13222,1,13222,11159,452,3434,1975,7321,11870,3944,12054,13608,1,14058,9430,13446,13692,13378,8986,8263,8846,11769,10078,1027,21372,3917,2246,150,2999,1,26:00
2024-25,1630182,Josh Green,Josh,1610612766,CHA,Charlotte Hornets,0022400964,2025-03-14T00:00:00,CHA @ SAS,W,28.366666666666667,8.9,14.0,0.636,7.6,11.4,0.667,0.0,0.0,0.0,1.3,0.0,1.3,3.8,0.0,5.1,0.0,1.3,1.3,2.5,25.4,8.9,47.8,0,0,48.2,1,1,13086,1,9243,4914,10229,4689,549,2156,1957,13505,14344,13505,11367,22137,22851,10478,16469,854,8263,5816,18174,10843,4007,8231,4029,2246,150,3073,1,28:22
2024-25,202691,Klay Thompson,Klay,1610612742,DAL,Dallas Mavericks,0022400961,2025-03-14T00:00:00,DAL @ HOU,L,26.016666666666666,2.8,22.1,0.125,0.0,4.2,0.0,1.4,1.4,1.0,4.2,8.3,12.5,4.2,1.4,0.0,0.0,0.0,1.4,0.0,6.9,-45.7,26.7,0,0,23.5,1,13222,1,13222,11148,19942,1760,22420,15070,15231,15070,12058,13611,1,3367,4282,3155,9522,13384,12854,8263,8846,17685,17725,20777,25211,17152,2246,150,18657,1,26:01
2024-25,1630192,Zeke Nnaji,Zeke,1610612743,DEN,Denver Nuggets,0022400965,2025-03-14T00:00:00,DEN vs. LAL,W,16.983333333333334,4.2,10.6,0.4,0.0,0.0,0.0,0.0,0.0,0.0,10.6,0.0,10.6,0.0,0.0,0.0,2.1,0.0,0.0,0.0,8.5,-23.3,27.6,0,0,23.3,1,1,13086,1,18265,16484,16048,14933,15070,20945,15070,13505,14344,13505,334,22137,4816,19908,16469,12854,3149,8846,20257,17725,19533,22416,16532,2246,150,18789,1,16:59
2024-25,1631108,Max Christie,Max,1610612742,DAL,Dallas Mavericks,0022400961,2025-03-14T00:00:00,DAL @ HOU,L,34.03333333333333,1.1,13.8,0.077,0.0,4.2,0.0,0.0,0.0,0.0,0.0,4.2,4.2,0.0,0.0,0.0,0.0,2.1,0.0,2.1,2.1,-24.3,7.2,0,0,6.3,1,13222,1,13222,4225,22597,10569,22628,15070,15047,15070,13505,14344,13505,14058,13029,16728,19908,16469,12854,8263,2877,20257,12541,23148,22648,24802,2246,150,24965,1,34:02
2024-25,1631245,Quenton Jackson,Quenton,1610612754,IND,Indiana Pacers,0022400959,2025-03-14T00:00:00,IND @ PHI,W,1.5166666666666666,0.0,0.0,0.0,0.0,0.0,0.0,0.0,0.0,0.0,0.0,0.0,0.0,23.7,0.0,0.0,0.0,0.0,0.0,0.0,0.0,0.0,35.6,0,0,23.7,1,1,13086,1,25778,22635,24836,22635,15070,20945,15070,13505,14344,13505,14058,22137,23286,46,16469,12854,8263,8846,20257,17725,23200,12240,10651,2246,150,18500,1,1:31
2024-25,1628963,Marvin Bagley III,Marvin,1610612763,MEM,Memphis Grizzlies,0022400962,2025-03-14T00:00:00,MEM vs. CLE,L,3.9833333333333334,0.0,9.0,0.0,0.0,0.0,0.0,0.0,0.0,0.0,0.0,9.0,9.0,0.0,0.0,0.0,0.0,0.0,0.0,0.0,0.0,99.4,10.8,0,0,9.0,1,13222,1,13222,24489,22635,18660,22635,15070,20945,15070,13505,14344,13505,14058,3476,6677,19908,16469,12854,8263,8846,20257,17725,23200,70,24270,2246,150,24598,1,3:59
2024-25,203084,Harrison Barnes,Harrison,1610612759,SAS,San Antonio Spurs,0022400964,2025-03-14T00:00:00,SAS vs. CHA,L,21.383333333333333,6.7,15.2,0.444,3.4,10.1,0.333,0.0,1.7,0.0,1.7,0.0,1.7,1.7,0.0,0.0,0.0,0.0,1.7,1.7,16.8,-30.3,21.4,0,0,23.6,1,13222,1,13222,15006,9609,8333,13045,5464,3376,9209,13505,13312,13505,9633,22137,22323,17415,16469,12854,8263,8846,16587,14326,11021,23786,20485,2246,150,18633,1,21:23
2024-25,1641796,Pelle Larsson,Pelle,1610612748,MIA,Miami Heat,0022400958,2025-03-14T00:00:00,MIA vs. BOS,L,15.683333333333334,2.3,4.6,0.5,0.0,2.3,0.0,0.0,0.0,0.0,0.0,0.0,0.0,0.0,2.3,0.0,0.0,0.0,2.3,2.3,4.6,-9.2,2.3,0,0,4.6,1,13222,1,13222,19141,20861,23749,8526,15070,18993,15070,13505,14344,13505,14058,22137,23286,19908,9094,12854,8263,8846,13669,11765,22239,17518,25151,2246,150,25143,1,15:41
2024-25,1629312,Haywood Highsmith,Haywood,1610612748,MIA,Miami Heat,0022400958,2025-03-14T00:00:00,MIA vs. BOS,L,8.983333333333333,0.0,8.0,0.0,0.0,4.0,0.0,0.0,0.0,0.0,0.0,0.0,0.0,0.0,4.0,4.0,0.0,0.0,0.0,0.0,0.0,12.0,8.0,0,0,8.0,1,13222,1,13222,22457,22635,20238,22635,15070,15569,15070,13505,14344,13505,14058,22137,23286,19908,3869,1626,8263,8846,20257,17725,23200,6785,24695,2246,150,24765,1,8:59
2024-25,1628997,Caleb Martin,Caleb,1610612742,DAL,Dallas Mavericks,0022400961,2025-03-14T00:00:00,DAL @ HOU,L,23.6,4.6,10.7,0.429,1.5,1.5,1.0,1.5,1.5,1.0,0.0,1.5,1.5,3.1,1.5,0.0,0.0,0.0,3.1,4.6,12.2,-25.9,17.1,0,0,18.3,1,13222,1,13222,13227,15559,15932,13735,11941,20246,1,11742,13460,1,14058,20821,22541,12763,12635,12854,8263,8846,10491,4994,15919,23013,22450,2246,150,21721,1,23:36
2024-25,203458,Alex Len,Alex,1610612747,LAL,Los Angeles Lakers,0022400965,2025-03-14T00:00:00,LAL @ DEN,L,11.966666666666667,3.0,6.0,0.5,0.0,0.0,0.0,0.0,0.0,0.0,12.0,3.0,15.0,3.0,0.0,0.0,0.0,0.0,9.0,0.0,6.0,-24.1,28.6,0,0,24.1,1,13222,1,13222,21302,19395,22579,8526,15070,20945,15070,13505,14344,13505,241,16684,1754,12895,16469,12854,8263,8846,955,17725,21375,22595,15809,2246,150,18280,1,11:58
2024-25,1627777,Georges Niang,Georges,1610612737,ATL,Atlanta Hawks,0022400960,2025-03-14T00:00:00,ATL vs. LAC,L,13.116666666666667,0.0,13.7,0.0,0.0,8.2,0.0,0.0,0.0,0.0,0.0,0.0,0.0,2.7,8.2,0.0,0.0,0.0,2.7,0.0,0.0,-54.9,-4.1,0,0,2.7,1,13222,1,13222,20687,22635,10612,22635,15070,6026,15070,13505,14344,13505,14058,22137,23286,13769,545,12854,8263,8846,11863,17725,23200,25564,26165,2246,150,25239,1,13:07
2024-25,1629674,Neemias Queta,Neemias,1610612738,BOS,Boston Celtics,0022400958,2025-03-14T00:00:00,BOS @ MIA,W,22.551666666666666,0.0,3.2,0.0,0.0,0.0,0.0,3.2,3.2,1.0,4.8,8.0,12.8,0.0,4.8,0.0,1.6,0.0,6.4,3.2,3.2,14.4,18.5,0,0,19.2,1,1,13086,1,14073,22635,24424,22635,15070,20945,15070,7348,9534,1,2582,4728,2957,19908,2606,12854,4567,8846,2508,8589,22893,5871,21882,2246,150,21313,1,22:33
2024-25,1630573,Sam Hauser,Sam,1610612738,BOS,Boston Celtics,0022400958,2025-03-14T00:00:00,BOS @ MIA,W,21.1,3.4,6.8,0.5,3.4,6.8,0.5,0.0,0.0,0.0,0.0,5.1,5.1,0.0,0.0,0.0,0.0,0.0,3.4,0.0,10.2,-3.4,16.4,0,0,18.8,1,1,13086,1,15227,18515,21761,8526,5354,8840,3944,13505,14344,13505,14058,10509,14465,19908,16469,12854,8263,8846,9033,17725,17910,14761,22712,2246,150,21502,1,21:06
2024-25,201144,Mike Conley,Mike,1610612750,MIN,Minnesota Timberwolves,0022400963,2025-03-14T00:00:00,MIN vs. ORL,W,24.42,4.4,8.8,0.5,4.4,7.4,0.6,0.0,0.0,0.0,0.0,1.5,1.5,4.4,0.0,0.0,0.0,0.0,1.5,2.9,13.3,29.5,21.7,0,0,23.6,1,1,13086,1,12549,16004,18944,8526,3202,7682,2992,13505,14344,13505,14058,20932,22603,8825,16469,12854,8263,8846,17329,9427,14789,2032,20334,2246,150,18621,1,24:25
2024-25,1631097,Bennedict Mathurin,Bennedict,1610612754,IND,Indiana Pacers,0022400959,2025-03-14T00:00:00,IND @ PHI,W,15.35,2.3,16.4,0.143,2.3,9.4,0.25,4.7,4.7,1.0,0.0,2.3,2.3,2.3,4.7,0.0,0.0,7.0,2.3,4.7,11.7,-16.4,13.4,0,0,18.8,1,1,13086,1,19342,20768,6528,22260,8687,4278,11902,4528,6495,1,14058,18644,21111,15069,2727,12854,8263,154,13461,4736,16419,20414,23671,2246,150,21506,1,15:21
2024-25,1629731,Dean Wade,Dean,1610612739,CLE,Cleveland Cavaliers,0022400962,2025-03-14T00:00:00,CLE @ MEM,W,22.633333333333333,1.6,6.4,0.25,0.0,4.8,0.0,0.0,0.0,0.0,1.6,4.8,6.4,0.0,0.0,0.0,0.0,0.0,0.0,0.0,3.2,-1.6,10.8,0,0,9.5,1,1,13086,1,14002,22044,22254,20233,15070,13781,15070,13505,14344,13505,9961,11509,11480,19908,16469,12854,8263,8846,20257,17725,22900,13836,24276,2246,150,24521,1,22:38
2024-25,1642269,Devin Carter,Devin,1610612758,SAC,Sacramento Kings,0022400967,2025-03-14T00:00:00,SAC @ PHX,L,6.4,0.0,0.0,0.0,0.0,0.0,0.0,0.0,0.0,0.0,0.0,5.6,5.6,0.0,0.0,0.0,0.0,0.0,5.6,0.0,0.0,22.5,6.8,0,0,5.6,1,13222,1,13222,23409,22635,24836,22635,15070,20945,15070,13505,14344,13505,14058,9240,13224,19908,16469,12854,8263,8846,3504,17725,23200,3366,24839,2246,150,25043,1,6:24
2024-25,1628379,Luke Kennard,Luke,1610612763,MEM,Memphis Grizzlies,0022400962,2025-03-14T00:00:00,MEM vs. CLE,L,15.368333333333334,0.0,11.7,0.0,0.0,9.4,0.0,0.0,0.0,0.0,2.3,0.0,2.3,0.0,7.0,2.3,0.0,0.0,2.3,0.0,0.0,-37.5,2.8,0,0,7.0,1,13222,1,13222,19325,22635,14090,22635,15070,4293,15070,13505,14344,13505,7117,22137,21118,19908,882,4892,8263,8846,13475,17725,23200,24654,25133,2246,150,24890,1,15:22
2024-25,1631165,Keon Ellis,Keon,1610612758,SAC,Sacramento Kings,0022400967,2025-03-14T00:00:00,SAC @ PHX,L,21.598333333333333,3.3,3.3,1.0,0.0,0.0,0.0,5.0,5.0,1.0,0.0,1.7,1.7,1.7,3.3,1.7,0.0,0.0,5.0,3.3,11.7,-30.0,17.8,0,0,18.3,1,13222,1,13222,14858,18672,24375,1,15070,20945,15070,4038,5920,1,14058,20522,22342,17451,5403,7735,8263,8846,4603,8140,16503,23741,22168,2246,150,21696,1,21:36
2024-25,1641775,Jordan Walsh,Jordan,1610612738,BOS,Boston Celtics,0022400958,2025-03-14T00:00:00,BOS @ MIA,W,7.116666666666666,0.0,5.1,0.0,0.0,5.1,0.0,0.0,0.0,0.0,0.0,5.1,5.1,0.0,0.0,0.0,0.0,0.0,5.1,0.0,0.0,-30.4,6.1,0,0,5.1,1,1,13086,1,23127,22635,23421,22635,15070,13049,15070,13505,14344,13505,14058,10700,14638,19908,16469,12854,8263,8846,4475,17725,23200,23793,24906,2246,150,25099,1,7:07
2024-25,1631111,Wendell Moore Jr.,Wendell,1610612766,CHA,Charlotte Hornets,0022400964,2025-03-14T00:00:00,CHA @ SAS,W,8.633333333333333,0.0,4.2,0.0,0.0,0.0,0.0,0.0,0.0,0.0,4.2,0.0,4.2,4.2,0.0,0.0,0.0,0.0,0.0,0.0,0.0,-8.3,11.3,0,0,8.3,1,1,13086,1,22586,22635,24010,22635,15070,20945,15070,13505,14344,13505,3337,22137,16883,9470,16469,12854,8263,8846,20257,17725,23200,17115,24187,2246,150,24707,1,8:38
2024-25,1629130,Duncan Robinson,Duncan,1610612748,MIA,Miami Heat,0022400958,2025-03-14T00:00:00,MIA vs. BOS,L,26.221666666666668,2.7,8.2,0.333,2.7,8.2,0.333,0.0,0.0,0.0,0.0,4.1,4.1,0.0,2.7,1.4,0.0,0.0,4.1,0.0,8.2,-24.7,14.6,0,0,17.8,1,13222,1,13222,10985,19987,19887,17395,7400,6022,9209,13505,14344,13505,14058,13359,17024,19908,7393,9055,8263,8846,6772,17725,19718,22748,23316,2246,150,21936,1,26:13
2024-25,1628436,Luke Kornet,Luke,1610612738,BOS,Boston Celtics,0022400958,2025-03-14T00:00:00,BOS @ MIA,W,21.6,3.3,5.0,0.667,0.0,1.7,0.0,0.0,0.0,0.0,0.0,6.7,6.7,1.7,0.0,1.7,0.0,0.0,5.0,0.0,6.7,16.7,22.2,0,0,18.3,1,1,13086,1,14851,18675,23463,3281,15070,20084,15070,13505,14344,13505,14058,6969,10807,17452,16469,7736,8263,8846,4604,17725,20947,5013,20044,2246,150,21697,1,21:36
2024-25,1631246,Vince Williams Jr.,Vince,1610612763,MEM,Memphis Grizzlies,0022400962,2025-03-14T00:00:00,MEM vs. CLE,L,17.731666666666666,2.0,4.1,0.5,2.0,2.0,1.0,0.0,0.0,0.0,0.0,6.1,6.1,4.1,2.0,0.0,0.0,0.0,4.1,2.0,6.1,8.1,17.5,0,0,18.3,1,13222,1,13222,17764,21345,24067,8526,10010,19496,1,13505,14344,13505,14058,8121,12070,9774,10365,12854,8263,8846,6971,12927,21321,8570,22307,2246,150,21729,1,17:44
2024-25,202687,Bismack Biyombo,Bismack,1610612759,SAS,San Antonio Spurs,0022400964,2025-03-14T00:00:00,SAS vs. CHA,L,21.483333333333334,0.0,0.0,0.0,0.0,0.0,0.0,0.0,0.0,0.0,1.7,1.7,3.4,6.7,3.4,5.0,1.7,0.0,1.7,0.0,0.0,-18.4,30.8,0,0,23.5,1,13222,1,13222,14946,22635,24836,22635,15070,20945,15070,13505,14344,13505,9653,20511,18867,4425,5355,884,4344,8846,16605,17725,23200,21052,14179,2246,150,18693,1,21:29
2024-25,1628370,Malik Monk,Malik,1610612758,SAC,Sacramento Kings,0022400967,2025-03-14T00:00:00,SAC @ PHX,L,42.03333333333333,6.9,15.4,0.444,0.0,6.9,0.0,1.7,1.7,1.0,1.7,5.1,6.9,4.3,3.4,0.0,0.0,0.9,1.7,1.7,15.4,-3.4,26.6,0,0,26.6,1,13222,1,13222,257,9291,7944,13045,15070,8776,15070,11392,13286,1,9528,10452,10427,9178,5172,12854,8263,8761,16488,14225,12500,14769,17191,2246,150,16503,1,42:02
2024-25,1627750,Jamal Murray,Jamal,1610612743,DEN,Denver Nuggets,0022400965,2025-03-14T00:00:00,DEN vs. LAL,W,39.42333333333333,8.2,14.6,0.563,4.6,8.2,0.556,2.7,2.7,1.0,0.0,3.7,3.7,4.6,1.8,0.0,0.9,0.0,1.8,2.7,23.7,5.5,35.9,0,0,38.4,1,1,13086,1,739,6170,9187,7127,2950,6055,3747,8486,10643,1,14058,14784,18197,8495,11430,12854,8032,8846,16057,10193,4962,9858,10443,2246,150,7794,1,39:25
2024-25,1630700,Dyson Daniels,Dyson,1610612737,ATL,Atlanta Hawks,0022400960,2025-03-14T00:00:00,ATL vs. LAC,L,31.366666666666667,2.3,13.8,0.167,0.0,4.6,0.0,2.3,2.3,1.0,2.3,4.6,6.9,5.7,3.4,3.4,0.0,2.3,3.4,2.3,6.9,-3.4,30.6,0,0,26.4,1,13222,1,13222,6536,20861,10538,21938,15070,14215,15070,9644,11800,1,7262,12007,10349,5972,5145,2316,8263,2439,8924,11765,20800,14771,14315,2246,150,16623,1,31:22
2024-25,1631128,Christian Braun,Christian,1610612743,DEN,Denver Nuggets,0022400965,2025-03-14T00:00:00,DEN vs. LAL,W,34.54,9.4,10.4,0.9,2.1,3.1,0.667,2.1,2.1,1.0,1.0,4.2,5.2,6.3,1.0,1.0,0.0,0.0,1.0,1.0,22.9,8.3,40.6,0,0,38.6,1,1,13086,1,3819,4063,16353,1303,9753,17408,1957,10348,12476,1,12928,13215,14250,5088,15544,11570,8263,8846,19461,17212,5535,8468,7364,2246,150,7671,1,34:32
2024-25,203999,Nikola Jokić,Nikola,1610612743,DEN,Denver Nuggets,0022400965,2025-03-14T00:00:00,DEN vs. LAL,W,37.778333333333336,7.6,15.2,0.5,0.0,3.8,0.0,11.4,16.2,0.706,1.0,5.7,6.7,4.8,3.8,2.9,1.0,0.0,4.8,11.4,26.7,1.9,49.5,0,0,45.7,1,1,13086,1,1526,7457,8184,8526,15070,15975,15070,415,267,9364,13620,9004,10794,8007,4288,3522,7799,8846,5145,242,3352,11679,3438,2246,150,3918,1,37:47
2024-25,1629631,De'Andre Hunter,De'Andre,1610612739,CLE,Cleveland Cavaliers,0022400962,2025-03-14T00:00:00,CLE @ MEM,W,22.783333333333335,6.3,9.5,0.667,4.7,7.9,0.6,11.1,12.6,0.875,0.0,7.9,7.9,1.6,1.6,1.6,0.0,0.0,7.9,6.3,28.4,17.4,43.5,0,0,45.8,1,1,13086,1,13887,10652,17980,3281,2659,6625,2992,477,644,6931,14058,4859,8460,17709,12422,8062,8263,8846,1408,2264,2615,4779,5903,2246,150,3889,1,22:47
2024-25,203939,Dwight Powell,Dwight,1610612742,DAL,Dallas Mavericks,0022400961,2025-03-14T00:00:00,DAL @ HOU,L,19.833333333333332,0.0,1.8,0.0,0.0,0.0,0.0,1.8,3.6,0.5,3.6,0.0,3.6,3.6,1.8,1.8,1.8,0.0,5.4,3.6,1.8,-34.5,20.7,0,0,16.3,1,13222,1,13222,16152,22635,24792,22635,15070,20945,15070,11210,8628,10625,4160,22137,18251,10994,11479,7179,4023,8846,3781,7307,23167,24361,20841,2246,150,22571,1,19:50
2024-25,1629628,RJ Barrett,RJ,1610612761,TOR,Toronto Raptors,0022400966,2025-03-14T00:00:00,TOR @ UTA,W,25.316666666666666,10.0,19.9,0.5,1.4,5.7,0.25,2.8,4.3,0.667,0.0,2.8,2.8,7.1,2.8,1.4,0.0,0.0,4.3,2.8,24.2,0.0,39.7,0,0,38.4,1,1,13086,1,11729,3269,3030,8526,12359,11483,11902,8229,7279,9425,14058,17258,20133,3875,7045,8787,8263,8846,6388,9800,4695,12240,7975,2246,150,7773,1,25:19
2024-25,1627884,Derrick Jones Jr.,Derrick,1610612746,LAC,LA Clippers,0022400960,2025-03-14T00:00:00,LAC @ ATL,W,22.5,8.0,16.0,0.5,0.0,6.4,0.0,6.4,8.0,0.8,1.6,1.6,3.2,0.0,0.0,1.6,1.6,1.6,4.8,8.0,22.4,19.2,35.8,0,0,32.0,1,1,13086,1,14100,6633,7106,8526,15070,9750,15070,2501,2522,7681,9921,20677,19237,19908,16469,7984,4552,4435,5056,1020,5920,4202,10481,2246,150,12387,1,22:30
2024-25,1630639,A.J. Lawson,A.J.,1610612761,TOR,Toronto Raptors,0022400966,2025-03-14T00:00:00,TOR @ UTA,W,23.85,9.1,15.1,0.6,3.0,7.5,0.4,6.0,9.1,0.667,1.5,6.0,7.5,0.0,1.5,0.0,0.0,0.0,3.0,4.5,27.2,15.1,34.7,0,0,37.7,1,1,13086,1,13031,4596,8442,5394,6434,7283,7874,2826,1838,9425,10276,8252,9078,19908,12703,12854,8263,8846,10625,5072,3130,5595,11274,2246,150,8207,1,23:51
2024-25,1628371,Jonathan Isaac,Jonathan,1610612753,ORL,Orlando Magic,0022400963,2025-03-14T00:00:00,ORL @ MIN,L,9.4,3.8,11.5,0.333,3.8,3.8,1.0,0.0,0.0,0.0,3.8,0.0,3.8,3.8,3.8,7.7,0.0,3.8,7.7,3.8,11.5,-11.5,41.0,0,0,38.3,1,13222,1,13222,22312,17495,14490,17395,4362,15936,1,13505,14344,13505,3838,22137,17750,10424,4236,234,8263,716,1538,6768,16681,18528,7182,2246,150,7827,1,9:24
2024-25,1630169,Tyrese Haliburton,Tyrese,1610612754,IND,Indiana Pacers,0022400959,2025-03-14T00:00:00,IND @ PHI,W,31.366666666666667,5.7,14.9,0.385,2.3,8.0,0.286,2.3,3.4,0.667,2.3,3.4,5.7,11.5,1.1,1.1,0.0,0.0,0.0,2.3,16.1,17.2,42.5,1,0,37.9,1,1,13086,1,6536,12300,8725,16070,8871,6394,11433,9644,9004,9425,7262,15396,12929,846,14809,10604,8263,8846,20257,11765,11853,4833,6390,1,150,8113,1,31:22
2024-25,1642276,Kel'el Ware,Kel'el,1610612748,MIA,Miami Heat,0022400958,2025-03-14T00:00:00,MIA vs. BOS,L,15.383333333333333,7.0,9.4,0.75,0.0,2.3,0.0,2.3,4.7,0.5,2.3,4.7,7.0,0.0,0.0,2.3,2.3,0.0,0.0,2.3,16.4,2.3,38.8,0,0,32.8,1,13222,1,13222,19316,8878,18182,2107,15070,18916,15070,9491,6516,10625,7120,11770,10115,19908,16469,4898,2663,8846,20257,11586,11518,11442,8514,2246,150,11830,1,15:23
2024-25,101108,Chris Paul,Chris,1610612759,SAS,San Antonio Spurs,0022400964,2025-03-14T00:00:00,SAS vs. CHA,L,17.5,2.1,6.2,0.333,2.1,2.1,1.0,0.0,0.0,0.0,0.0,2.1,2.1,6.2,4.1,0.0,0.0,0.0,4.1,0.0,6.2,-37.0,13.8,0,0,16.5,1,13222,1,13222,17920,21300,22448,17395,9883,19443,1,13505,14344,13505,14058,19486,21684,5205,3639,12854,8263,8846,6785,17725,21260,24618,23554,2246,150,22526,1,17:30
2024-25,203914,Gary Harris,Gary,1610612753,ORL,Orlando Magic,0022400963,2025-03-14T00:00:00,ORL @ MIN,L,20.973333333333333,1.7,3.4,0.5,1.7,1.7,1.0,0.0,0.0,0.0,0.0,1.7,1.7,1.7,0.0,0.0,3.4,0.0,5.1,0.0,5.1,1.7,20.1,0,0,17.2,1,13222,1,13222,15311,21880,24333,8526,11352,20027,1,13505,14344,13505,14058,20426,22283,17322,16469,12854,1279,8846,4283,17725,21935,11785,21126,2246,150,22232,1,20:58
2024-25,1630692,Jordan Goodwin,Jordan,1610612747,LAL,Los Angeles Lakers,0022400965,2025-03-14T00:00:00,LAL @ DEN,L,33.56666666666667,4.3,8.6,0.5,2.1,3.2,0.667,0.0,0.0,0.0,3.2,3.2,6.4,2.1,0.0,1.1,1.1,1.1,2.1,1.1,10.7,-8.6,28.1,0,0,25.7,1,13222,1,13222,4670,16347,19385,8526,9482,17236,1957,13505,14344,13505,4907,16032,11308,15840,16469,11253,6965,7287,14384,17047,17449,17220,16139,2246,150,17110,1,33:34
2024-25,1629614,Andrew Nembhard,Andrew,1610612754,IND,Indiana Pacers,0022400959,2025-03-14T00:00:00,IND @ PHI,W,32.71666666666667,1.1,6.6,0.167,1.1,6.6,0.167,2.2,2.2,1.0,0.0,2.2,2.2,7.7,0.0,0.0,0.0,0.0,1.1,5.5,5.5,28.6,19.7,0,0,16.5,1,1,13086,1,5388,22578,22013,21938,13942,9312,14236,9942,12085,1,14058,19062,21408,3183,16469,12854,8263,8846,19100,3336,21733,2168,21314,2246,150,22504,1,32:43
2024-25,201566,Russell Westbrook,Russell,1610612743,DEN,Denver Nuggets,0022400965,2025-03-14T00:00:00,DEN vs. LAL,W,27.793333333333333,9.1,20.7,0.438,3.9,7.8,0.5,0.0,0.0,0.0,1.3,6.5,7.8,9.1,5.2,1.3,0.0,1.3,2.6,1.3,22.0,2.6,43.7,0,0,45.3,1,1,13086,1,9728,4582,2504,13558,4230,6852,3944,13505,14344,13505,11217,7361,8670,1969,2134,9485,8263,5674,12457,15928,6199,11322,5828,2246,150,4094,1,27:48
2024-25,1631216,Caleb Houstan,Caleb,1610612753,ORL,Orlando Magic,0022400963,2025-03-14T00:00:00,ORL @ MIN,L,26.533333333333335,8.1,12.2,0.667,8.1,10.9,0.75,0.0,0.0,0.0,0.0,1.4,1.4,1.4,0.0,5.4,0.0,1.4,1.4,0.0,24.4,8.1,44.4,0,0,46.1,1,13222,1,13222,10701,6329,13241,3281,425,2628,1542,13505,14344,13505,14058,21173,22753,18478,16469,670,8263,5369,17798,17725,4540,8556,5486,2246,150,3773,1,26:32
2024-25,1642271,Kyle Filipowski,Kyle,1610612762,UTA,Utah Jazz,0022400966,2025-03-14T00:00:00,UTA vs. TOR,L,32.983333333333334,5.5,12.0,0.455,3.3,5.5,0.6,5.5,6.5,0.833,3.3,8.7,12.0,3.3,2.2,2.2,1.1,2.2,3.3,3.3,19.6,15.3,46.6,1,0,44.7,1,13222,1,13222,5158,13113,13573,12676,5743,12068,2992,3466,3833,7275,4796,3799,3481,12067,9581,5467,6854,2687,9548,8330,8209,5510,4491,1,150,4373,1,32:59
2024-25,1631243,Mouhamed Gueye,Mouhamed,1610612737,ATL,Atlanta Hawks,0022400960,2025-03-14T00:00:00,ATL vs. LAC,L,11.416666666666666,6.3,12.6,0.5,3.2,3.2,1.0,0.0,0.0,0.0,3.2,9.5,12.6,0.0,3.2,0.0,3.2,0.0,3.2,0.0,15.8,-22.1,37.2,0,0,37.8,1,13222,1,13222,21525,10686,12542,8526,6082,17355,1,13505,14344,13505,5030,3063,3057,19908,5966,12854,1517,8846,10063,17725,12153,22081,9527,2246,150,8138,1,11:25
2024-25,1642262,Cody Williams,Cody,1610612762,UTA,Utah Jazz,0022400966,2025-03-14T00:00:00,UTA vs. TOR,L,26.216666666666665,2.7,6.9,0.4,2.7,5.5,0.5,0.0,0.0,0.0,0.0,5.5,5.5,0.0,2.7,0.0,0.0,0.0,5.5,0.0,8.2,5.5,12.1,0,0,16.5,1,13222,1,13222,10987,19986,21719,14933,7397,11964,3944,13505,14344,13505,14058,9553,13554,19908,7386,12854,8263,8846,3709,17725,19714,9849,23985,2246,150,22518,1,26:13
2024-25,1630215,Jared Butler,Jared,1610612755,PHI,Philadelphia 76ers,0022400959,2025-03-14T00:00:00,PHI vs. IND,L,32.666666666666664,6.6,14.3,0.462,3.3,9.9,0.333,2.2,2.2,1.0,0.0,3.3,3.3,4.4,4.4,0.0,1.1,0.0,3.3,1.1,18.7,-15.4,28.2,0,0,32.0,1,13222,1,13222,5424,9892,9647,12428,5638,3592,9209,9934,12076,1,14058,15776,18978,8852,3127,12854,6777,8846,9435,16898,9100,20068,16061,2246,150,12420,1,32:40
2024-25,1642264,Stephon Castle,Stephon,1610612759,SAS,San Antonio Spurs,0022400964,2025-03-14T00:00:00,SAS vs. CHA,L,28.95,12.4,21.1,0.588,3.7,8.7,0.429,3.7,5.0,0.75,1.2,2.5,3.7,1.2,5.0,1.2,1.2,0.0,2.5,5.0,32.3,-19.9,41.2,0,0,46.0,1,13222,1,13222,8713,1279,2251,6229,4620,5265,7394,6218,5976,8186,11514,18224,17987,18868,2376,9841,5926,8846,12854,4168,1455,21525,7075,2246,150,3812,1,28:57
2024-25,1642285,Cam Spencer,Cam,1610612763,MEM,Memphis Grizzlies,0022400962,2025-03-14T00:00:00,MEM vs. CLE,L,6.683333333333334,5.4,21.5,0.25,5.4,21.5,0.25,0.0,0.0,0.0,0.0,0.0,0.0,10.8,0.0,0.0,0.0,0.0,10.8,0.0,16.2,80.8,32.3,0,0,32.3,1,13222,1,13222,23293,13309,2007,20233,1862,188,11902,13505,14344,13505,14058,22137,23286,1078,16469,12854,8263,8846,566,17725,11767,152,13074,2246,150,12130,1,6:41
2024-25,202685,Jonas Valančiūnas,Jonas,1610612758,SAC,Sacramento Kings,0022400967,2025-03-14T00:00:00,SAC @ PHX,L,12.3,5.9,14.6,0.4,0.0,0.0,0.0,5.9,5.9,1.0,14.6,0.0,14.6,5.9,8.8,0.0,0.0,0.0,8.8,2.9,17.6,-43.9,35.1,0,0,38.0,1,13222,1,13222,21100,11936,9153,14933,15070,20945,15070,3017,4677,1,142,22137,1945,5753,458,12854,8263,8846,1035,9498,10261,25115,10982,2246,150,7996,1,12:18
2024-25,1631212,Peyton Watson,Peyton,1610612743,DEN,Denver Nuggets,0022400965,2025-03-14T00:00:00,DEN vs. LAL,W,16.465,2.2,10.9,0.2,0.0,2.2,0.0,4.4,8.7,0.5,0.0,2.2,2.2,2.2,0.0,4.4,2.2,2.2,0.0,4.4,8.7,-17.5,34.3,0,0,26.2,1,1,13086,1,18623,21068,15474,21401,15070,19192,15070,5037,2021,10625,14058,19108,21440,15677,16469,1323,2976,2680,20257,5412,19304,20779,11570,2246,150,16765,1,16:28
2024-25,1641753,Chris Livingston,Chris,1610612749,MIL,Milwaukee Bucks,0022400955,2025-03-13T00:00:00,MIL vs. LAL,W,2.216666666666667,0.0,48.7,0.0,0.0,16.2,0.0,0.0,0.0,0.0,0.0,16.2,16.2,0.0,0.0,0.0,0.0,32.5,0.0,0.0,0.0,-16.2,19.5,0,0,16.2,1,1,13086,1,25342,22635,34,22635,15070,490,15070,13505,14344,13505,14058,403,1344,19908,16469,12854,8263,5,20257,17725,23200,20334,21412,2246,150,22608,1,2:13
2024-25,201942,DeMar DeRozan,DeMar,1610612758,SAC,Sacramento Kings,0022400957,2025-03-13T00:00:00,SAC @ GSW,L,34.96666666666667,8.2,13.4,0.615,0.0,2.1,0.0,7.2,8.2,0.875,0.0,5.1,5.1,7.2,1.0,1.0,0.0,0.0,1.0,8.2,23.7,-11.3,42.7,0,0,38.1,1,13222,1,13222,3489,6123,11172,5246,15070,19439,15070,1866,2362,6931,14058,10430,14407,3752,15637,11679,8263,8846,19535,914,4993,18446,6257,2246,150,7967,1,34:58
2024-25,1630579,Jericho Sims,Jericho,1610612749,MIL,Milwaukee Bucks,0022400955,2025-03-13T00:00:00,MIL vs. LAL,W,17.75,4.1,4.1,1.0,0.0,0.0,0.0,0.0,0.0,0.0,4.1,18.3,22.3,2.0,0.0,0.0,0.0,0.0,6.1,2.0,8.1,-4.1,37.9,0,0,32.5,1,1,13086,1,17741,16959,24072,1,15070,20945,15070,13505,14344,13505,3514,241,319,16273,16469,12854,8263,8846,2838,12946,19827,15093,9063,2246,150,12029,1,17:45
2024-25,1630631,Jose Alvarado,Jose,1610612740,NOP,New Orleans Pelicans,0022401141,2025-03-13T00:00:00,NOP vs. ORL,L,24.966666666666665,7.2,14.4,0.5,2.9,8.7,0.333,0.0,1.4,0.0,0.0,2.9,2.9,5.8,2.9,4.3,0.0,0.0,1.4,1.4,17.3,-15.9,39.5,0,0,37.5,1,13222,1,13222,12032,8432,9484,8526,6924,5342,9209,13505,13546,13505,14058,17136,20033,5916,6903,1353,8263,8846,17472,15269,10525,20221,8072,2246,150,8370,1,24:58
2024-25,1630530,Trey Murphy III,Trey,1610612740,NOP,New Orleans Pelicans,0022401141,2025-03-13T00:00:00,NOP vs. ORL,L,34.43333333333333,5.2,12.5,0.417,1.0,4.2,0.25,6.3,6.3,1.0,1.0,4.2,5.2,2.1,2.1,0.0,0.0,1.0,2.1,8.4,17.8,-15.7,25.1,0,0,26.1,1,13222,1,13222,3903,13741,12664,14532,14279,15157,11902,2617,4157,1,12907,13157,14215,16031,10038,12854,8263,7529,14648,872,10059,20148,18218,2246,150,16846,1,34:26
2024-25,202710,Jimmy Butler III,Jimmy,1610612744,GSW,Golden State Warriors,0022400957,2025-03-13T00:00:00,GSW vs. SAC,W,28.166666666666668,2.6,6.4,0.4,0.0,0.0,0.0,2.6,2.6,1.0,1.3,5.1,6.4,8.9,2.6,1.3,0.0,1.3,0.0,1.3,7.7,2.6,30.0,0,0,25.6,1,1,13086,1,9408,20355,22221,14933,15070,20945,15070,8906,11074,1,11310,10523,11423,2065,8024,9593,8263,5764,20257,15997,20182,11339,14766,2246,150,17231,1,28:10
2024-25,1630172,Patrick Williams,Patrick,1610612741,CHI,Chicago Bulls,0022400956,2025-03-13T00:00:00,CHI vs. BKN,W,23.2,6.2,12.4,0.5,3.1,7.8,0.4,0.0,0.0,0.0,0.0,3.1,3.1,1.6,0.0,1.6,0.0,1.6,1.6,1.6,15.5,21.7,26.2,0,0,26.4,1,1,13086,1,13550,10957,12868,8526,6208,6883,7874,13505,14344,13505,14058,16399,19469,17802,16469,8188,8263,4584,17037,14797,12402,3527,17465,2246,150,16641,1,23:12
2024-25,1630541,Moses Moody,Moses,1610612744,GSW,Golden State Warriors,0022400957,2025-03-13T00:00:00,GSW vs. SAC,W,29.65,4.9,8.5,0.571,4.9,7.3,0.667,6.1,7.3,0.833,1.2,3.6,4.9,7.3,1.2,2.4,1.2,0.0,3.6,3.6,20.6,14.6,47.1,0,0,44.9,1,1,13086,1,8089,14785,19495,6538,2480,7851,1957,2797,3107,7275,11701,14812,15169,3630,14334,4600,6089,8846,8284,7275,7359,5790,4281,2246,150,4303,1,29:39
2024-25,1626172,Kevon Looney,Kevon,1610612744,GSW,Golden State Warriors,0022400957,2025-03-13T00:00:00,GSW vs. SAC,W,16.8,4.3,6.4,0.667,0.0,0.0,0.0,4.3,4.3,1.0,2.1,10.7,12.9,2.1,2.1,0.0,2.1,0.0,8.6,2.1,12.9,23.6,35.8,0,0,32.1,1,1,13086,1,18385,16357,22177,3281,15070,20945,15070,5181,7236,1,7784,2070,2910,15848,9763,12854,3090,8846,1108,12425,15235,3134,10519,2246,150,12270,1,16:48
2024-25,1631260,AJ Green,AJ,1610612749,MIL,Milwaukee Bucks,0022400955,2025-03-13T00:00:00,MIL vs. LAL,W,21.333333333333332,1.7,3.4,0.5,1.7,3.4,0.5,0.0,0.0,0.0,0.0,0.0,0.0,3.4,0.0,3.4,0.0,0.0,1.7,0.0,5.1,20.3,20.3,0,0,16.9,1,1,13086,1,15046,21915,24355,8526,11439,16921,3944,13505,14344,13505,14058,22137,23286,11752,16469,2433,8263,8846,16574,17725,21974,3881,21041,2246,150,22359,1,21:20
2024-25,1631218,Trayce Jackson-Davis,Trayce,1610612744,GSW,Golden State Warriors,0022400957,2025-03-13T00:00:00,GSW vs. SAC,W,3.3666666666666667,0.0,0.0,0.0,0.0,0.0,0.0,0.0,0.0,0.0,10.7,10.7,21.4,10.7,0.0,0.0,0.0,0.0,0.0,0.0,0.0,64.2,41.7,0,0,32.1,1,1,13086,1,24790,22635,24836,22635,15070,20945,15070,13505,14344,13505,325,2077,377,1109,16469,12854,8263,8846,20257,17725,23200,298,6775,2246,150,12318,1,3:22
2024-25,1641748,Andre Jackson Jr.,Andre,1610612749,MIL,Milwaukee Bucks,0022400955,2025-03-13T00:00:00,MIL vs. LAL,W,2.216666666666667,0.0,0.0,0.0,0.0,0.0,0.0,0.0,0.0,0.0,0.0,16.2,16.2,0.0,0.0,0.0,0.0,0.0,0.0,0.0,0.0,-16.2,19.5,0,0,16.2,1,1,13086,1,25342,22635,24836,22635,15070,20945,15070,13505,14344,13505,14058,403,1344,19908,16469,12854,8263,8846,20257,17725,23200,20334,21412,2246,150,22608,1,2:13
2024-25,1630570,Trendon Watford,Trendon,1610612751,BKN,Brooklyn Nets,0022400956,2025-03-13T00:00:00,BKN @ CHI,L,18.166666666666668,2.0,13.9,0.143,0.0,4.0,0.0,9.9,11.9,0.833,2.0,4.0,5.9,5.9,0.0,0.0,0.0,2.0,4.0,5.9,13.9,-11.9,29.9,0,0,25.8,1,13222,1,13222,17460,21440,10396,22260,15070,15658,15070,723,791,7275,8469,13829,12417,5595,16469,12854,8263,3285,7239,2693,14078,18703,14853,2246,150,17097,1,18:10
2024-25,1629003,Shake Milton,Shake,1610612747,LAL,Los Angeles Lakers,0022400955,2025-03-13T00:00:00,LAL @ MIL,L,4.1,0.0,17.6,0.0,0.0,8.8,0.0,0.0,0.0,0.0,0.0,8.8,8.8,0.0,0.0,8.8,0.0,8.8,0.0,8.8,0.0,0.0,36.9,0,0,26.3,1,13222,1,13222,24435,22635,5182,22635,15070,5139,15070,13505,14344,13505,14058,3746,7057,19908,16469,160,8263,88,20257,726,23200,12240,9783,2246,150,16671,1,4:06
2024-25,202699,Tobias Harris,Tobias,1610612765,DET,Detroit Pistons,0022400954,2025-03-13T00:00:00,DET vs. WAS,L,36.13333333333333,5.0,12.0,0.417,2.0,4.0,0.5,2.0,3.0,0.667,2.0,4.0,6.0,3.0,2.0,3.0,1.0,0.0,2.0,2.0,13.9,-13.9,35.6,0,0,32.9,1,13222,1,13222,2581,14446,13669,14532,10196,15609,3944,10671,10007,9425,8417,13767,12339,12973,10553,3183,7500,8846,15186,13114,13988,19485,10681,2246,150,11747,1,36:08
2024-25,1629018,Gary Trent Jr.,Gary,1610612749,MIL,Milwaukee Bucks,0022400955,2025-03-13T00:00:00,MIL vs. LAL,W,23.508333333333333,9.2,21.4,0.429,6.1,13.8,0.444,0.0,0.0,0.0,0.0,0.0,0.0,1.5,1.5,0.0,0.0,0.0,0.0,0.0,24.5,7.7,25.3,0,0,32.2,1,1,13086,1,13304,4385,2067,13735,1211,999,7211,13505,14344,13505,14058,22137,23286,17867,12611,12854,8263,8846,20257,17725,4490,8797,18099,2246,150,12256,1,23:31
2024-25,1642261,Dalton Knecht,Dalton,1610612747,LAL,Los Angeles Lakers,0022400955,2025-03-13T00:00:00,LAL @ MIL,L,21.9,6.6,11.5,0.571,3.3,6.6,0.5,0.0,0.0,0.0,0.0,8.2,8.2,4.9,1.6,0.0,0.0,0.0,4.9,0.0,16.4,-4.9,32.1,0,0,32.9,1,13222,1,13222,14579,9998,14459,6538,5707,9373,3944,13505,14344,13505,14058,4398,7908,7615,12167,12854,8263,8846,4769,17725,11458,15549,13285,2246,150,11748,1,21:54
2024-25,1631132,Christian Koloko,Christian,1610612747,LAL,Los Angeles Lakers,0022400955,2025-03-13T00:00:00,LAL @ MIL,L,14.783333333333333,2.4,7.3,0.333,0.0,2.4,0.0,0.0,0.0,0.0,0.0,0.0,0.0,2.4,2.4,0.0,4.9,2.4,4.9,4.9,4.9,-2.4,20.7,0,0,17.0,1,13222,1,13222,19717,20583,21199,17395,15070,18739,15070,13505,14344,13505,14058,22137,23286,14754,8504,12854,551,2144,4900,4352,22083,14278,20839,2246,150,22287,1,14:47
2024-25,1628370,Malik Monk,Malik,1610612758,SAC,Sacramento Kings,0022400957,2025-03-13T00:00:00,SAC @ GSW,L,32.4,3.3,14.4,0.231,0.0,5.6,0.0,1.1,3.3,0.333,1.1,3.3,4.4,6.7,4.4,2.2,1.1,1.1,3.3,3.3,7.8,-1.1,28.7,0,0,25.6,1,13222,1,13222,5635,18673,9441,21157,15070,11828,15070,12887,9230,13132,12385,15684,16178,4473,3080,5303,6716,6956,9320,8141,20098,13623,15749,2246,150,17239,1,32:24
2024-25,203081,Damian Lillard,Damian,1610612749,MIL,Milwaukee Bucks,0022400955,2025-03-13T00:00:00,MIL vs. LAL,W,34.46666666666667,6.3,14.6,0.429,2.1,8.4,0.25,8.4,8.4,1.0,0.0,6.3,6.3,10.4,0.0,2.1,0.0,0.0,0.0,5.2,23.0,6.3,52.4,1,0,46.0,1,1,13086,1,3877,10809,9170,13735,9733,5817,11902,1248,2285,1,14058,7758,11684,1228,16469,5838,8263,8846,20257,3743,5491,9487,2606,1,150,3825,1,34:28
2024-25,1629632,Coby White,Coby,1610612741,CHI,Chicago Bulls,0022400956,2025-03-13T00:00:00,CHI vs. BKN,W,36.416666666666664,11.9,23.7,0.5,3.0,7.9,0.375,4.0,4.0,1.0,1.0,5.9,6.9,4.0,3.0,1.0,0.0,1.0,3.0,5.9,30.6,6.9,44.9,0,0,46.5,1,1,13086,1,2394,1611,1144,8526,6631,6612,8800,5784,7935,1,13343,8483,10290,10054,6600,12047,8263,8017,10867,2707,1874,9177,5231,2246,150,3670,1,36:25
2024-25,1642259,Alex Sarr,Alex,1610612764,WAS,Washington Wizards,0022400954,2025-03-13T00:00:00,WAS @ DET,W,30.083333333333332,8.4,14.4,0.583,3.6,7.2,0.5,2.4,2.4,1.0,1.2,4.8,6.0,3.6,4.8,0.0,4.8,2.4,3.6,1.2,22.7,7.2,44.9,0,0,45.5,1,1,13086,1,7702,5841,9599,6296,4940,8085,3944,9356,11507,1,11807,11469,12322,11112,2608,12854,579,2240,8458,16419,5667,9056,5234,2246,150,4023,1,30:05
2024-25,1642403,Isaac Jones,Isaac,1610612758,SAC,Sacramento Kings,0022400957,2025-03-13T00:00:00,SAC @ GSW,L,3.3666666666666667,0.0,0.0,0.0,0.0,0.0,0.0,21.4,21.4,1.0,0.0,10.7,10.7,0.0,0.0,0.0,0.0,0.0,0.0,10.7,21.4,-64.2,34.2,0,0,32.1,1,13222,1,13222,24790,22635,24836,22635,15070,20945,15070,63,116,1,14058,2077,4705,19908,16469,12854,8263,8846,20257,305,6740,25773,11641,2246,150,12318,1,3:22
2024-25,1641763,Julian Phillips,Julian,1610612741,CHI,Chicago Bulls,0022400956,2025-03-13T00:00:00,CHI vs. BKN,W,34.3,5.2,10.5,0.5,2.1,5.2,0.4,4.2,4.2,1.0,4.2,3.1,7.3,5.2,0.0,1.0,1.0,0.0,2.1,3.1,16.8,19.9,39.8,0,0,35.7,1,1,13086,1,4009,13672,16221,8526,9688,12597,7874,5348,7413,1,3303,16263,9476,6944,16469,11497,7140,8846,14616,8739,11079,3969,7900,2246,150,9593,1,34:18
2024-25,1631222,Jake LaRavia,Jake,1610612758,SAC,Sacramento Kings,0022400957,2025-03-13T00:00:00,SAC @ GSW,L,21.283333333333335,8.5,11.8,0.714,3.4,6.8,0.5,1.7,3.4,0.5,0.0,0.0,0.0,1.7,0.0,1.7,0.0,0.0,0.0,1.7,22.0,-28.8,29.6,0,0,30.4,1,13222,1,13222,15078,5697,13876,2752,5426,8970,3944,11430,9131,10625,14058,22137,23286,17396,16469,7642,8263,8846,20257,14302,6228,23546,15080,2246,150,13585,1,21:17
2024-25,1629627,Zion Williamson,Zion,1610612740,NOP,New Orleans Pelicans,0022401141,2025-03-13T00:00:00,NOP vs. ORL,L,28.066666666666666,10.3,19.2,0.533,0.0,0.0,0.0,5.1,7.7,0.667,3.8,6.4,10.3,6.4,2.6,0.0,0.0,2.6,2.6,7.7,25.7,-18.0,45.0,0,0,42.3,1,13222,1,13222,9490,2951,3555,8140,15070,20945,15070,3850,2748,9425,3810,7481,5159,4834,7998,12854,8263,1923,12544,1201,3848,20918,5168,2246,150,5487,1,28:04
2024-25,1629651,Nic Claxton,Nic,1610612751,BKN,Brooklyn Nets,0022400956,2025-03-13T00:00:00,BKN @ CHI,L,33.666666666666664,8.6,13.9,0.615,0.0,0.0,0.0,2.1,4.3,0.5,3.2,11.8,15.0,5.3,0.0,1.1,0.0,0.0,5.3,5.3,19.2,-3.2,48.4,1,0,41.7,1,13222,1,13222,4576,5517,10339,5246,15070,20945,15070,10169,7250,10625,4924,1490,1782,6726,16469,11286,8263,8846,3926,3562,8598,14675,3833,1,150,5798,1,33:40
2024-25,1629048,Goga Bitadze,Goga,1610612753,ORL,Orlando Magic,0022401141,2025-03-13T00:00:00,ORL @ NOP,W,5.166666666666667,0.0,0.0,0.0,0.0,0.0,0.0,0.0,0.0,0.0,7.0,0.0,7.0,13.9,7.0,0.0,0.0,0.0,13.9,0.0,0.0,34.8,22.3,0,0,20.9,1,1,13086,1,23920,22635,24836,22635,15070,20945,15070,13505,14344,13505,1160,22137,10201,398,901,12854,8263,8846,287,17725,23200,1406,19985,2246,150,20344,1,5:10
2024-25,1630311,Pat Spencer,Pat,1610612744,GSW,Golden State Warriors,0022400957,2025-03-13T00:00:00,GSW vs. SAC,W,3.3666666666666667,10.7,32.1,0.333,0.0,0.0,0.0,0.0,0.0,0.0,0.0,0.0,0.0,0.0,0.0,0.0,0.0,0.0,10.7,0.0,21.4,64.2,21.4,0,0,21.4,1,1,13086,1,24790,2511,198,17395,15070,20945,15070,13505,14344,13505,14058,22137,23286,19908,16469,12854,8263,8846,579,17725,6740,298,20476,2246,150,20032,1,3:22
2024-25,1631105,Jalen Duren,Jalen,1610612765,DET,Detroit Pistons,0022400954,2025-03-13T00:00:00,DET vs. WAS,L,29.516666666666666,9.8,12.2,0.8,0.0,0.0,0.0,2.4,2.4,1.0,4.9,12.2,17.1,0.0,0.0,0.0,1.2,1.2,2.4,2.4,22.0,-13.4,46.1,1,0,41.5,1,13222,1,13222,8205,3525,13269,1688,15070,20945,15070,9221,11364,1,2477,1275,1109,19908,16469,12854,6056,6126,13036,11205,6255,19273,4703,1,150,5935,1,29:31
2024-25,1630191,Isaiah Stewart,Isaiah,1610612765,DET,Detroit Pistons,0022400954,2025-03-13T00:00:00,DET vs. WAS,L,18.483333333333334,1.9,1.9,1.0,0.0,0.0,0.0,3.9,3.9,1.0,0.0,1.9,1.9,3.9,1.9,1.9,1.9,0.0,5.8,1.9,7.8,13.6,25.7,0,0,21.4,1,13222,1,13222,17211,21499,24769,1,15070,20945,15070,5887,8042,1,14058,19832,21911,10244,10799,6515,3634,8846,3148,13329,20089,6152,17814,2246,150,20019,1,18:29
2024-25,1630532,Franz Wagner,Franz,1610612753,ORL,Orlando Magic,0022401141,2025-03-13T00:00:00,ORL @ NOP,W,35.45,11.2,17.3,0.647,1.0,2.0,0.5,4.1,4.1,1.0,0.0,6.1,6.1,5.1,2.0,1.0,0.0,1.0,3.0,2.0,27.4,12.2,43.4,0,0,41.6,1,1,13086,1,3112,2130,5493,4571,14454,19495,3944,5589,7711,1,14058,8118,12066,7299,10361,11807,8263,7767,10506,12924,3013,6719,5953,2246,150,5828,1,35:27
2024-25,1631255,Karlo Matković,Karlo,1610612740,NOP,New Orleans Pelicans,0022401141,2025-03-13T00:00:00,NOP vs. ORL,L,25.566666666666666,5.6,11.3,0.5,0.0,0.0,0.0,0.0,0.0,0.0,4.2,4.2,8.4,1.4,2.8,0.0,2.8,1.4,5.6,0.0,11.3,-42.2,29.1,0,0,26.8,1,13222,1,13222,11516,12606,14899,8526,15070,20945,15070,13505,14344,13505,3280,13048,7549,18321,7161,12854,1928,5152,3493,17725,16933,24998,15395,2246,150,16355,1,25:34
2024-25,1626158,Richaun Holmes,Richaun,1610612764,WAS,Washington Wizards,0022400954,2025-03-13T00:00:00,WAS @ DET,W,17.716666666666665,4.1,6.1,0.667,0.0,0.0,0.0,4.1,6.1,0.667,4.1,8.1,12.2,2.0,2.0,0.0,2.0,2.0,0.0,4.1,12.2,-10.2,33.9,0,0,30.5,1,1,13086,1,17765,16941,22515,3281,15070,20945,15070,5585,4357,9425,3503,4519,3353,16254,10349,12854,3392,3121,20257,6133,15926,17954,11870,2246,150,13560,1,17:43
2024-25,1626168,Trey Lyles,Trey,1610612758,SAC,Sacramento Kings,0022400957,2025-03-13T00:00:00,SAC @ GSW,L,21.983333333333334,6.6,9.8,0.667,3.3,4.9,0.667,1.6,1.6,1.0,1.6,6.6,8.2,0.0,1.6,3.3,0.0,0.0,1.6,1.6,18.0,6.6,36.0,0,0,36.0,1,13222,1,13222,14516,10058,17359,3281,5740,13404,1957,11529,13355,1,9788,7202,7951,19908,12185,2611,8263,8846,16754,14494,9822,9361,10351,2246,150,9349,1,21:59
2024-25,203471,Dennis Schröder,Dennis,1610612765,DET,Detroit Pistons,0022400954,2025-03-13T00:00:00,DET vs. WAS,L,20.15,5.4,10.7,0.5,1.8,5.4,0.333,7.1,7.1,1.0,1.8,1.8,3.6,5.4,0.0,0.0,0.0,0.0,1.8,5.4,19.7,14.3,32.0,0,0,30.4,1,13222,1,13222,15903,13367,15851,8526,11125,12304,9209,1912,3227,1,9291,20279,18390,6704,16469,12854,8263,8846,16246,3533,8201,5893,13341,2246,150,13653,1,20:09
2024-25,1630526,Jeremiah Robinson-Earl,Jeremiah,1610612740,NOP,New Orleans Pelicans,0022401141,2025-03-13T00:00:00,NOP vs. ORL,L,26.2,5.5,9.6,0.571,2.7,5.5,0.5,1.4,2.7,0.5,1.4,6.9,8.2,4.1,0.0,0.0,0.0,0.0,1.4,2.7,15.1,9.6,31.2,0,0,30.2,1,13222,1,13222,11004,12981,17727,6538,7380,11950,3944,12088,10610,10625,10859,6580,7863,9601,16469,12854,8263,8846,17722,10152,12792,7877,13904,2246,150,13772,1,26:12
2024-25,1628976,Wendell Carter Jr.,Wendell,1610612753,ORL,Orlando Magic,0022401141,2025-03-13T00:00:00,ORL @ NOP,W,26.75,4.0,9.4,0.429,0.0,2.7,0.0,2.7,2.7,1.0,1.3,4.0,5.4,2.7,1.3,0.0,1.3,0.0,2.7,4.0,10.8,6.7,24.0,0,0,21.5,1,1,13086,1,10526,17001,18082,13735,15070,18280,15070,8595,10769,1,10991,13611,13849,13932,13595,12854,5463,8846,12075,6218,17400,9274,18985,2246,150,19939,1,26:45
2024-25,1628989,Kevin Huerter,Kevin,1610612741,CHI,Chicago Bulls,0022400956,2025-03-13T00:00:00,CHI vs. BKN,W,32.65,7.7,17.6,0.438,2.2,8.8,0.25,2.2,2.2,1.0,2.2,7.7,9.9,3.3,1.1,0.0,0.0,1.1,1.1,2.2,19.8,-3.3,35.6,0,0,35.3,1,1,13086,1,5446,7232,5083,13558,9221,5068,11902,9929,12072,1,7570,5135,5526,11949,15116,12854,8263,7023,19080,12140,8032,14716,10638,2246,150,9888,1,32:39
2024-25,1630551,Justin Champagnie,Justin,1610612764,WAS,Washington Wizards,0022400954,2025-03-13T00:00:00,WAS @ DET,W,32.67333333333333,6.6,9.9,0.667,3.3,4.4,0.75,2.2,2.2,1.0,3.3,6.6,9.9,1.1,0.0,3.3,0.0,2.2,5.5,2.2,18.7,5.5,42.2,0,0,39.7,1,1,13086,1,5421,9897,17213,3281,5643,14665,1542,9935,12078,1,4741,7077,5535,19345,16469,2555,8263,2632,3692,12150,9106,9841,6527,2246,150,6971,1,32:40
2024-25,1630243,Trevelin Queen,Trevelin,1610612753,ORL,Orlando Magic,0022401141,2025-03-13T00:00:00,ORL @ NOP,W,1.3166666666666667,0.0,0.0,0.0,0.0,0.0,0.0,0.0,0.0,0.0,0.0,0.0,0.0,0.0,27.3,0.0,0.0,0.0,0.0,0.0,0.0,-54.7,-27.3,0,0,0.0,1,1,13086,1,25907,22635,24836,22635,15070,20945,15070,13505,14344,13505,14058,22137,23286,19908,20,12854,8263,8846,20257,17725,23200,25560,26293,2246,150,25259,1,1:19
2024-25,1631250,Pete Nance,Pete,1610612749,MIL,Milwaukee Bucks,0022400955,2025-03-13T00:00:00,MIL vs. LAL,W,1.95,0.0,0.0,0.0,0.0,0.0,0.0,0.0,0.0,0.0,0.0,0.0,0.0,0.0,0.0,0.0,0.0,0.0,0.0,0.0,0.0,-18.5,0.0,0,0,0.0,1,1,13086,1,25490,22635,24836,22635,15070,20945,15070,13505,14344,13505,14058,22137,23286,19908,16469,12854,8263,8846,20257,17725,23200,21058,25228,2246,150,25259,1,1:57
2024-25,1641709,Ausar Thompson,Ausar,1610612765,DET,Detroit Pistons,0022400954,2025-03-13T00:00:00,DET vs. WAS,L,18.793333333333333,7.7,11.5,0.667,1.9,1.9,1.0,1.9,3.8,0.5,1.9,5.7,7.7,1.9,3.8,0.0,1.9,0.0,5.7,3.8,19.2,-9.6,33.1,0,0,34.5,1,13222,1,13222,16976,7350,14486,3281,10562,19709,1,10902,8176,10625,8756,8930,8857,16698,4233,12854,3720,8846,3322,6767,8689,17711,12479,2246,150,10469,1,18:48
2024-25,1631288,Jamal Cain,Jamal,1610612740,NOP,New Orleans Pelicans,0022401141,2025-03-13T00:00:00,NOP vs. ORL,L,4.266666666666667,0.0,0.0,0.0,0.0,0.0,0.0,0.0,0.0,0.0,0.0,0.0,0.0,0.0,0.0,0.0,0.0,0.0,0.0,0.0,0.0,0.0,0.0,0,0,0.0,1,13222,1,13222,24349,22635,24836,22635,15070,20945,15070,13505,14344,13505,14058,22137,23286,19908,16469,12854,8263,8846,20257,17725,23200,12240,25228,2246,150,25259,1,4:16
2024-25,1628380,Zach Collins,Zach,1610612741,CHI,Chicago Bulls,0022400956,2025-03-13T00:00:00,CHI vs. BKN,W,25.016666666666666,2.9,5.8,0.5,1.4,2.9,0.5,5.8,5.8,1.0,2.9,10.1,13.0,1.4,1.4,1.4,4.3,1.4,4.3,7.2,13.0,21.6,46.5,0,0,40.3,1,1,13086,1,11990,19712,22861,8526,12298,17900,3944,3130,4808,1,5645,2523,2832,18209,13062,8703,747,5026,6224,1515,15141,3560,4546,2246,150,6616,1,25:01
2024-25,1628365,Markelle Fultz,Markelle,1610612758,SAC,Sacramento Kings,0022400957,2025-03-13T00:00:00,SAC @ GSW,L,3.3666666666666667,0.0,21.4,0.0,0.0,0.0,0.0,0.0,0.0,0.0,0.0,0.0,0.0,0.0,0.0,0.0,0.0,0.0,10.7,0.0,0.0,-64.2,0.0,0,0,0.0,1,13222,1,13222,24790,22635,2096,22635,15070,20945,15070,13505,14344,13505,14058,22137,23286,19908,16469,12854,8263,8846,579,17725,23200,25773,25228,2246,150,25259,1,3:22
2024-25,1630264,Anthony Gill,Anthony,1610612764,WAS,Washington Wizards,0022400954,2025-03-13T00:00:00,WAS @ DET,W,0.12,0.0,0.0,0.0,0.0,0.0,0.0,0.0,0.0,0.0,0.0,0.0,0.0,0.0,0.0,0.0,0.0,0.0,0.0,0.0,0.0,0.0,0.0,0,0,0.0,1,1,13086,1,26280,22635,24836,22635,15070,20945,15070,13505,14344,13505,14058,22137,23286,19908,16469,12854,8263,8846,20257,17725,23200,12240,25228,2246,150,25259,1,0:07
2024-25,203926,Doug McDermott,Doug,1610612758,SAC,Sacramento Kings,0022400957,2025-03-13T00:00:00,SAC @ GSW,L,3.3666666666666667,0.0,10.7,0.0,0.0,10.7,0.0,0.0,0.0,0.0,0.0,0.0,0.0,0.0,0.0,0.0,0.0,0.0,0.0,0.0,0.0,-64.2,0.0,0,0,0.0,1,13222,1,13222,24790,22635,15888,22635,15070,2777,15070,13505,14344,13505,14058,22137,23286,19908,16469,12854,8263,8846,20257,17725,23200,25773,25228,2246,150,25259,1,3:22
2024-25,202696,Nikola Vučević,Nikola,1610612741,CHI,Chicago Bulls,0022400956,2025-03-13T00:00:00,CHI vs. BKN,W,22.983333333333334,4.7,9.4,0.5,0.0,3.1,0.0,1.6,3.1,0.5,0.0,4.7,4.7,4.7,1.6,0.0,0.0,0.0,3.1,1.6,11.0,-14.1,22.1,0,0,20.4,1,1,13086,1,13735,15248,18123,8526,15070,17395,15070,11654,9639,10625,14058,11708,15571,8189,12474,12854,8263,8846,10158,14739,17210,19543,20095,2246,150,20651,1,22:59
2024-25,1630692,Jordan Goodwin,Jordan,1610612747,LAL,Los Angeles Lakers,0022400955,2025-03-13T00:00:00,LAL @ MIL,L,25.75,0.0,2.8,0.0,0.0,1.4,0.0,0.0,0.0,0.0,1.4,4.2,5.6,4.2,0.0,0.0,1.4,0.0,4.2,1.4,0.0,-23.8,17.2,0,0,12.6,1,13222,1,13222,11366,22635,24557,22635,15070,20382,15070,13505,14344,13505,10760,13134,13311,9403,16469,12854,5240,8846,6570,15463,23200,22516,22414,2246,150,23846,1,25:45
2024-25,1642384,Isaiah Crawford,Isaiah,1610612758,SAC,Sacramento Kings,0022400957,2025-03-13T00:00:00,SAC @ GSW,L,3.3666666666666667,0.0,10.7,0.0,0.0,10.7,0.0,0.0,0.0,0.0,0.0,0.0,0.0,0.0,0.0,0.0,0.0,0.0,0.0,0.0,0.0,-64.2,0.0,0,0,0.0,1,13222,1,13222,24790,22635,15888,22635,15070,2777,15070,13505,14344,13505,14058,22137,23286,19908,16469,12854,8263,8846,20257,17725,23200,25773,25228,2246,150,25259,1,3:22
2024-25,1628971,Bruce Brown,Bruce,1610612740,NOP,New Orleans Pelicans,0022401141,2025-03-13T00:00:00,NOP vs. ORL,L,14.45,0.0,7.5,0.0,0.0,2.5,0.0,0.0,0.0,0.0,0.0,0.0,0.0,5.0,10.0,0.0,2.5,2.5,0.0,0.0,0.0,-59.8,5.0,0,0,10.0,1,13222,1,13222,19913,22635,20967,22635,15070,18640,15070,13505,14344,13505,14058,22137,23286,7509,332,12854,2394,2055,20257,17725,23200,25683,25009,2246,150,24431,1,14:27
2024-25,1641783,Tristan da Silva,Tristan,1610612753,ORL,Orlando Magic,0022401141,2025-03-13T00:00:00,ORL @ NOP,W,16.633333333333333,2.2,10.8,0.2,2.2,8.7,0.25,0.0,0.0,0.0,0.0,4.3,4.3,2.2,2.2,0.0,2.2,0.0,2.2,0.0,6.5,-4.3,19.3,0,0,19.5,1,1,13086,1,18513,21109,15659,21401,9379,5330,11902,13505,14344,13505,14058,12715,16459,15746,9666,12854,3034,8846,14275,17725,21054,15238,21512,2246,150,21162,1,16:38
2024-25,1629659,Talen Horton-Tucker,Talen,1610612741,CHI,Chicago Bulls,0022400956,2025-03-13T00:00:00,CHI vs. BKN,W,3.966666666666667,0.0,0.0,0.0,0.0,0.0,0.0,0.0,0.0,0.0,0.0,0.0,0.0,0.0,9.1,0.0,0.0,0.0,0.0,9.1,0.0,-27.2,-9.1,0,0,0.0,1,1,13086,1,24503,22635,24836,22635,15070,20945,15070,13505,14344,13505,14058,22137,23286,19908,413,12854,8263,8846,20257,627,23200,23277,26215,2246,150,25259,1,3:58
2024-25,1630592,Jalen Wilson,Jalen,1610612751,BKN,Brooklyn Nets,0022400956,2025-03-13T00:00:00,BKN @ CHI,L,12.81,2.8,8.4,0.333,0.0,2.8,0.0,0.0,0.0,0.0,0.0,5.6,5.6,0.0,5.6,0.0,0.0,0.0,2.8,0.0,5.6,-2.8,6.7,0,0,11.2,1,13222,1,13222,20836,19855,19594,17395,15070,18039,15070,13505,14344,13505,14058,9262,13238,19908,1710,12854,8263,8846,11598,17725,21651,14461,24840,2246,150,24167,1,12:49
2024-25,1641722,Jordan Hawkins,Jordan,1610612740,NOP,New Orleans Pelicans,0022401141,2025-03-13T00:00:00,NOP vs. ORL,L,24.183333333333334,6.0,11.9,0.5,1.5,6.0,0.25,3.0,3.0,1.0,0.0,0.0,0.0,1.5,0.0,0.0,0.0,0.0,0.0,1.5,16.4,7.4,18.6,0,0,19.4,1,13222,1,13222,12740,11645,13743,8526,12084,10798,11902,7880,10031,1,14058,22137,23286,18023,16469,12854,8263,8846,20257,15045,11523,8912,21842,2246,150,21231,1,24:11
2024-25,1629020,Jarred Vanderbilt,Jarred,1610612747,LAL,Los Angeles Lakers,0022400955,2025-03-13T00:00:00,LAL @ MIL,L,14.933333333333334,4.8,9.6,0.5,0.0,2.4,0.0,0.0,0.0,0.0,2.4,4.8,7.2,2.4,0.0,0.0,0.0,2.4,0.0,0.0,9.6,-33.8,21.9,0,0,19.3,1,13222,1,13222,19616,14881,17685,8526,15070,18784,15070,13505,14344,13505,6884,11365,9683,14843,16469,12854,8263,2193,20257,17725,18502,24270,20182,2246,150,21250,1,14:56
2024-25,1628398,Kyle Kuzma,Kyle,1610612749,MIL,Milwaukee Bucks,0022400955,2025-03-13T00:00:00,MIL vs. LAL,W,31.083333333333332,2.3,10.4,0.222,1.2,4.6,0.25,0.0,0.0,0.0,1.2,3.5,4.6,0.0,3.5,0.0,0.0,1.2,3.5,1.2,5.8,11.6,7.9,0,0,11.6,1,1,13086,1,6807,20817,16349,21205,13604,14128,11902,13505,14344,13505,12057,15309,15745,19908,5073,12854,8263,6566,8821,16606,21530,6976,24712,2246,150,24088,1,31:05
2024-25,1631165,Keon Ellis,Keon,1610612758,SAC,Sacramento Kings,0022400957,2025-03-13T00:00:00,SAC @ GSW,L,28.066666666666666,9.0,15.4,0.583,3.8,10.3,0.375,1.3,2.6,0.5,0.0,0.0,0.0,5.1,2.6,1.3,0.0,0.0,2.6,3.8,23.1,-7.7,32.1,0,0,34.6,1,13222,1,13222,9490,4749,7970,6296,4322,3196,8800,12347,11060,10625,14058,22137,23286,7172,7998,9563,8263,8846,12544,6716,5425,16825,13275,2246,150,10347,1,28:04
2024-25,1630533,Ziaire Williams,Ziaire,1610612751,BKN,Brooklyn Nets,0022400956,2025-03-13T00:00:00,BKN @ CHI,L,29.833333333333332,6.0,8.4,0.714,1.2,2.4,0.5,0.0,0.0,0.0,1.2,3.6,4.8,1.2,1.2,0.0,0.0,1.2,0.0,1.2,13.3,0.0,19.7,0,0,20.5,1,13222,1,13222,7938,11417,19577,2752,13322,18779,3944,13505,14344,13505,11750,14870,15230,18995,14389,12854,8263,6207,20257,16368,14781,12240,21330,2246,150,20569,1,29:50
2024-25,203501,Tim Hardaway Jr.,Tim,1610612765,DET,Detroit Pistons,0022400954,2025-03-13T00:00:00,DET vs. WAS,L,28.04,3.9,14.1,0.273,2.6,7.7,0.333,2.6,3.9,0.667,0.0,3.9,3.9,1.3,0.0,0.0,0.0,1.3,5.1,3.9,12.8,-14.1,19.4,0,0,20.5,1,13222,1,13222,9516,17446,9965,20048,7926,6994,9209,8885,8132,9425,14058,14180,17705,18712,16469,12854,8263,5734,4308,6702,15251,19561,21462,2246,150,20553,1,28:02
2024-25,1627780,Gary Payton II,Gary,1610612744,GSW,Golden State Warriors,0022400957,2025-03-13T00:00:00,GSW vs. SAC,W,20.983333333333334,6.9,10.3,0.667,5.1,6.9,0.75,0.0,0.0,0.0,1.7,5.1,6.9,3.4,1.7,0.0,0.0,1.7,1.7,0.0,18.9,18.9,30.5,0,0,34.3,1,1,13086,1,15304,9265,16570,3281,2112,8751,1542,13505,14344,13505,9518,10431,10405,11600,11860,12854,8263,4104,16480,17725,8973,4293,14404,2246,150,10597,1,20:59
2024-25,203458,Alex Len,Alex,1610612747,LAL,Los Angeles Lakers,0022400955,2025-03-13T00:00:00,LAL @ MIL,L,19.483333333333334,1.8,5.5,0.333,0.0,0.0,0.0,0.0,0.0,0.0,1.8,3.7,5.5,1.8,1.8,0.0,0.0,1.8,1.8,0.0,3.7,-27.7,11.3,0,0,11.1,1,13222,1,13222,16431,21667,23050,17395,15070,20945,15070,13505,14344,13505,9050,14647,13433,16938,11331,12854,8263,3749,15951,17725,22691,23377,24184,2246,150,24203,1,19:29
2024-25,1629216,Gabe Vincent,Gabe,1610612747,LAL,Los Angeles Lakers,0022400955,2025-03-13T00:00:00,LAL @ MIL,L,26.183333333333334,4.1,13.7,0.3,0.0,6.9,0.0,0.0,0.0,0.0,0.0,1.4,1.4,1.4,0.0,0.0,0.0,0.0,1.4,1.4,8.2,-16.5,12.0,0,0,11.0,1,13222,1,13222,11021,16786,10572,19363,15070,8724,15070,13505,14344,13505,14058,21140,22730,18419,16469,12854,8263,8846,17721,15548,19701,20447,24014,2246,150,24221,1,26:11
2024-25,1629029,Luka Dončić,Luka,1610612747,LAL,Los Angeles Lakers,0022400955,2025-03-13T00:00:00,LAL @ MIL,L,35.666666666666664,14.1,27.3,0.519,7.1,13.1,0.538,10.1,12.1,0.833,1.0,10.1,11.1,3.0,6.1,2.0,1.0,0.0,2.0,11.1,45.4,-16.1,66.3,1,0,72.7,1,13222,1,13222,2928,665,473,8506,734,1240,3915,670,737,7275,13184,2502,4317,12834,1347,6163,7420,8846,15035,266,241,20303,612,1,150,267,1,35:40
2024-25,1631094,Paolo Banchero,Paolo,1610612753,ORL,Orlando Magic,0022401141,2025-03-13T00:00:00,ORL @ NOP,W,34.016666666666666,14.8,23.3,0.636,4.2,8.5,0.5,2.1,2.1,1.0,1.1,10.6,11.6,4.2,1.1,4.2,1.1,1.1,3.2,5.3,36.0,33.9,71.1,1,0,66.7,1,1,13086,1,4244,526,1284,4689,3512,5646,3944,10238,12364,1,12803,2165,3813,9298,15433,1431,7067,7419,9981,3641,834,1522,398,1,150,407,1,34:01
2024-25,1642269,Devin Carter,Devin,1610612758,SAC,Sacramento Kings,0022400957,2025-03-13T00:00:00,SAC @ GSW,L,7.416666666666667,4.9,4.9,1.0,4.9,4.9,1.0,9.7,9.7,1.0,4.9,0.0,4.9,9.7,0.0,0.0,0.0,0.0,9.7,4.9,24.3,-48.5,44.7,0,0,43.7,1,13222,1,13222,23027,14794,23566,1,2486,13550,1,779,1502,1,2500,22137,15173,1586,16469,12854,8263,8846,761,4384,4629,25343,5349,2246,150,4839,1,7:25
2024-25,1630228,Jonathan Kuminga,Jonathan,1610612744,GSW,Golden State Warriors,0022400957,2025-03-13T00:00:00,GSW vs. SAC,W,19.916666666666668,12.7,18.1,0.7,0.0,1.8,0.0,7.2,10.8,0.667,0.0,5.4,5.4,1.8,0.0,1.8,0.0,0.0,3.6,5.4,32.5,14.5,47.2,0,0,43.4,1,1,13086,1,16083,1171,4586,3045,15070,19912,15070,1846,1072,9425,14058,9735,13754,17058,16469,7214,8263,8846,8387,3446,1407,5833,4251,2246,150,4973,1,19:55
2024-25,1630560,Cam Thomas,Cam,1610612751,BKN,Brooklyn Nets,0022400956,2025-03-13T00:00:00,BKN @ CHI,L,32.49,8.9,25.5,0.348,3.3,10.0,0.333,5.5,6.6,0.833,3.3,3.3,6.6,11.1,3.3,1.1,1.1,0.0,2.2,4.4,26.6,-5.5,54.5,1,0,52.1,1,13222,1,13222,5563,4944,725,17377,5594,3519,9209,3373,3715,7275,4701,15721,10849,972,5440,10957,6742,8846,14028,5280,3390,15848,2084,1,150,2021,1,32:29
2024-25,1627741,Buddy Hield,Buddy,1610612744,GSW,Golden State Warriors,0022400957,2025-03-13T00:00:00,GSW vs. SAC,W,19.583333333333332,11.0,18.4,0.6,7.4,11.0,0.667,0.0,1.8,0.0,0.0,7.4,7.4,9.2,0.0,1.8,0.0,1.8,0.0,1.8,29.4,31.3,57.5,0,0,57.0,1,1,13086,1,16344,2233,4301,5394,654,2456,1957,13505,13132,13505,14058,5747,9465,1868,16469,7087,8263,3773,20257,13782,2295,1801,1550,2246,150,1163,1,19:35
2024-25,1631213,Tyrese Martin,Tyrese,1610612751,BKN,Brooklyn Nets,0022400956,2025-03-13T00:00:00,BKN @ CHI,L,22.226666666666667,11.3,21.1,0.538,8.1,13.0,0.625,0.0,0.0,0.0,3.2,3.2,6.5,4.9,0.0,0.0,0.0,0.0,3.2,0.0,30.8,3.2,45.8,0,0,50.2,1,13222,1,13222,14334,1979,2307,7978,435,1318,2868,13505,14344,13505,4862,15965,11222,7779,16469,12854,8263,8846,9700,17725,1838,10996,4811,2246,150,2478,1,22:14
2024-25,1628371,Jonathan Isaac,Jonathan,1610612753,ORL,Orlando Magic,0022401141,2025-03-13T00:00:00,ORL @ NOP,W,14.766666666666667,4.9,7.3,0.667,0.0,2.4,0.0,9.8,19.5,0.5,4.9,2.4,7.3,2.4,0.0,2.4,4.9,0.0,4.9,9.8,19.5,29.3,53.9,0,0,43.9,1,1,13086,1,19725,14725,21187,3281,15070,18735,15070,768,149,10625,2479,18366,9543,14746,16469,4567,549,8846,4888,469,8371,2073,2233,2246,150,4748,1,14:46
2024-25,1631323,Simone Fontecchio,Simone,1610612765,DET,Detroit Pistons,0022400954,2025-03-13T00:00:00,DET vs. WAS,L,10.166666666666666,10.6,17.7,0.6,7.1,14.2,0.5,3.5,3.5,1.0,0.0,7.1,7.1,3.5,3.5,0.0,0.0,0.0,3.5,7.1,31.9,14.2,42.1,0,0,49.6,1,13222,1,13222,22047,2593,4999,5394,730,879,3944,6618,8807,1,14058,6208,9986,11269,4930,12854,8263,8846,8628,1593,1557,5955,6550,2246,150,2646,1,10:10
2024-25,1630611,Gui Santos,Gui,1610612744,GSW,Golden State Warriors,0022400957,2025-03-13T00:00:00,GSW vs. SAC,W,17.666666666666668,8.2,8.2,1.0,4.1,4.1,1.0,0.0,0.0,0.0,2.0,8.2,10.2,6.1,2.0,0.0,0.0,0.0,0.0,2.0,20.4,42.8,39.7,0,0,40.8,1,1,13086,1,17805,6299,20013,1,3843,15407,1,13505,14344,13505,8216,4483,5242,5310,10318,12854,8263,8846,20257,12890,7604,785,7934,2246,150,6363,1,17:40
2024-25,1629645,Kevin Porter Jr.,Kevin,1610612749,MIL,Milwaukee Bucks,0022400955,2025-03-13T00:00:00,MIL vs. LAL,W,16.891666666666666,10.7,21.3,0.5,10.7,14.9,0.714,14.9,14.9,1.0,0.0,6.4,6.4,2.1,4.3,4.3,4.3,0.0,8.5,6.4,46.9,32.0,79.1,0,0,83.1,1,1,13086,1,18328,2553,2149,8526,176,711,1861,177,359,1,14058,7518,11413,15890,3395,1410,784,8846,1129,2186,210,1737,210,2246,150,130,1,16:54
2024-25,203507,Giannis Antetokounmpo,Giannis,1610612749,MIL,Milwaukee Bucks,0022400955,2025-03-13T00:00:00,MIL vs. LAL,W,30.283333333333335,9.5,20.2,0.471,0.0,1.2,0.0,9.5,15.5,0.615,2.4,11.9,14.3,10.7,3.6,1.2,1.2,1.2,1.2,10.7,28.5,26.2,65.3,1,0,58.2,1,1,13086,1,7510,3869,2822,12143,15070,20635,15070,835,320,10337,6994,1422,2113,1107,4856,10274,6246,6347,18599,304,2588,2593,681,1,150,994,1,30:17
2024-25,201572,Brook Lopez,Brook,1610612749,MIL,Milwaukee Bucks,0022400955,2025-03-13T00:00:00,MIL vs. LAL,W,30.25,9.5,10.7,0.889,3.6,4.8,0.75,4.8,6.0,0.8,1.2,3.6,4.8,6.0,0.0,1.2,4.8,0.0,3.6,4.8,27.4,26.2,59.9,0,0,53.6,1,1,13086,1,7548,3851,15864,1318,4979,13808,1542,4415,4547,7681,11865,15022,15404,5588,16469,10259,595,8846,8521,4590,3031,2587,1211,2246,150,1694,1,30:15
2024-25,1630549,Day'Ron Sharpe,Day'Ron,1610612751,BKN,Brooklyn Nets,0022400956,2025-03-13T00:00:00,BKN @ CHI,L,14.333333333333334,7.5,12.6,0.6,0.0,0.0,0.0,2.5,5.0,0.5,7.5,7.5,15.1,7.5,0.0,2.5,5.0,2.5,5.0,5.0,17.6,-7.5,69.6,0,0,55.3,1,13222,1,13222,19991,7681,12645,5394,15070,20945,15070,9012,5877,10625,937,5433,1742,3354,16469,4345,507,2026,4554,4070,10240,16752,450,2246,150,1423,1,14:20
2024-25,1630595,Cade Cunningham,Cade,1610612765,DET,Detroit Pistons,0022400954,2025-03-13T00:00:00,DET vs. WAS,L,38.483333333333334,8.4,23.4,0.36,0.0,6.5,0.0,18.7,19.6,0.952,0.0,2.8,2.8,9.4,3.7,1.9,1.9,1.9,4.7,10.3,35.5,4.7,60.4,1,0,55.2,1,13222,1,13222,1114,5762,1255,17134,15070,9434,15070,91,145,6703,14058,17381,20239,1783,4458,6919,3859,3663,5346,362,894,10298,1140,1,150,1433,1,38:29
2024-25,1629673,Jordan Poole,Jordan,1610612764,WAS,Washington Wizards,0022400954,2025-03-13T00:00:00,WAS @ DET,W,24.01,6.0,19.5,0.308,6.0,15.0,0.4,7.5,9.0,0.833,1.5,7.5,9.0,6.0,4.5,1.5,0.0,0.0,6.0,6.0,25.5,1.5,45.3,0,0,49.5,1,1,13086,1,12897,11530,3351,19226,1306,694,7874,1667,1872,7275,10326,5500,6753,5512,3001,8410,8263,8846,2953,2625,3945,11867,5049,2246,150,2674,1,24:01
2024-25,202685,Jonas Valančiūnas,Jonas,1610612758,SAC,Sacramento Kings,0022400957,2025-03-13T00:00:00,SAC @ GSW,L,14.016666666666667,5.1,18.0,0.286,0.0,0.0,0.0,2.6,5.1,0.5,2.6,20.5,23.1,0.0,0.0,0.0,2.6,5.1,5.1,5.1,12.8,-43.7,48.3,0,0,41.1,1,13222,1,13222,20187,13985,4719,19630,15070,20945,15070,8883,5697,10625,6433,154,261,19908,16469,12854,2264,338,4304,3871,15249,25100,3882,2246,150,6142,1,14:01
2024-25,1630559,Austin Reaves,Austin,1610612747,LAL,Los Angeles Lakers,0022400955,2025-03-13T00:00:00,LAL @ MIL,L,35.63333333333333,10.1,17.2,0.588,4.0,7.1,0.571,4.0,4.0,1.0,0.0,8.1,8.1,3.0,3.0,0.0,0.0,2.0,3.0,4.0,28.3,-6.1,39.5,0,0,43.4,1,13222,1,13222,2960,3108,5605,6229,3914,8312,3506,5623,7754,1,14058,4589,8126,12828,6353,12854,8263,3158,10575,6202,2676,16090,8077,2246,150,4945,1,35:38
2024-25,1631207,Dalen Terry,Dalen,1610612741,CHI,Chicago Bulls,0022400956,2025-03-13T00:00:00,CHI vs. BKN,W,10.6,0.0,10.2,0.0,0.0,6.8,0.0,3.4,6.8,0.5,0.0,3.4,3.4,0.0,0.0,3.4,0.0,3.4,0.0,3.4,3.4,0.0,17.7,0,0,13.6,1,1,13086,1,21875,22635,16746,22635,15070,8908,15070,6904,3571,10625,14058,15531,18788,19908,16469,2389,8263,995,20257,7959,22808,12240,22233,2246,150,23533,1,10:36
2024-25,1641710,Anthony Black,Anthony,1610612753,ORL,Orlando Magic,0022401141,2025-03-13T00:00:00,ORL @ NOP,W,18.15,4.0,7.9,0.5,4.0,6.0,0.667,0.0,0.0,0.0,0.0,2.0,2.0,4.0,2.0,2.0,2.0,2.0,2.0,2.0,11.9,0.0,30.1,0,0,29.8,1,1,13086,1,17469,17171,20364,8526,4060,10804,1957,13505,14344,13505,14058,19718,21832,10015,10598,6325,3525,3278,15239,13151,16240,12240,14699,2246,150,14132,1,18:09
2024-25,1631216,Caleb Houstan,Caleb,1610612753,ORL,Orlando Magic,0022401141,2025-03-13T00:00:00,ORL @ NOP,W,15.433333333333334,2.3,4.7,0.5,2.3,4.7,0.5,0.0,0.0,0.0,0.0,2.3,2.3,2.3,0.0,0.0,0.0,0.0,7.0,0.0,7.0,-21.0,13.3,0,0,14.0,1,1,13086,1,19289,20792,23705,8526,8736,14047,3944,13505,14344,13505,14058,18668,21130,15107,16469,12854,8263,8846,1979,17725,20732,21830,23696,2246,150,23424,1,15:26
2024-25,1627736,Malik Beasley,Malik,1610612765,DET,Detroit Pistons,0022400954,2025-03-13T00:00:00,DET vs. WAS,L,29.016666666666666,2.5,6.2,0.4,2.5,3.7,0.667,2.5,5.0,0.5,0.0,2.5,2.5,2.5,2.5,2.5,0.0,1.2,2.5,2.5,9.9,0.0,21.6,0,0,22.3,1,13222,1,13222,8656,20496,22424,14933,8216,16161,1957,9103,6011,10625,14058,18242,20846,14611,8327,4434,8263,5993,12874,11061,18234,12240,20368,2246,150,19463,1,29:01
2024-25,1641842,Ronald Holland II,Ronald,1610612765,DET,Detroit Pistons,0022400954,2025-03-13T00:00:00,DET vs. WAS,L,11.216666666666667,3.2,12.8,0.25,0.0,6.4,0.0,3.2,3.2,1.0,3.2,9.6,12.8,0.0,0.0,0.0,0.0,0.0,0.0,3.2,9.6,-9.6,25.0,0,0,22.5,1,13222,1,13222,21618,18973,12143,20233,15070,9710,15070,7307,9502,1,4920,2892,2918,19908,16469,12854,8263,8846,20257,8529,18517,17731,18264,2246,150,19383,1,11:13
2024-25,1642267,Bub Carrington,Bub,1610612764,WAS,Washington Wizards,0022400954,2025-03-13T00:00:00,WAS @ DET,W,27.296666666666667,7.9,15.8,0.5,1.3,5.3,0.25,4.0,4.0,1.0,1.3,4.0,5.3,4.0,4.0,0.0,0.0,0.0,6.6,2.6,21.1,9.2,29.4,0,0,31.7,1,1,13086,1,10110,6821,7380,8526,12790,12535,11902,5776,7929,1,11108,13850,14105,10048,3960,12854,8263,8846,2325,10520,7000,8077,15205,2246,150,12664,1,27:18
2024-25,1641810,Antonio Reeves,Antonio,1610612740,NOP,New Orleans Pelicans,0022401141,2025-03-13T00:00:00,NOP vs. ORL,L,9.55,3.8,11.3,0.333,0.0,3.8,0.0,3.8,7.5,0.5,3.8,7.5,11.3,0.0,3.8,0.0,0.0,3.8,0.0,3.8,11.3,-15.1,21.1,0,0,22.6,1,13222,1,13222,22263,17647,14814,17395,15070,16063,15070,6149,2860,10625,3929,5428,4134,19908,4395,12854,8263,753,20257,6935,16882,19937,20631,2246,150,19269,1,9:33
2024-25,1630553,Keon Johnson,Keon,1610612751,BKN,Brooklyn Nets,0022400956,2025-03-13T00:00:00,BKN @ CHI,L,16.36,2.2,8.8,0.25,0.0,4.4,0.0,0.0,0.0,0.0,2.2,2.2,4.4,4.4,0.0,0.0,4.4,2.2,6.6,2.2,4.4,-6.6,29.5,0,0,22.0,1,13222,1,13222,18689,21038,19017,20233,15070,14680,15070,13505,14344,13505,7583,19063,16279,8879,16469,12854,714,2640,2318,12162,22345,16337,15161,2246,150,19677,1,16:22
2024-25,1631157,Ryan Rollins,Ryan,1610612749,MIL,Milwaukee Bucks,0022400955,2025-03-13T00:00:00,MIL vs. LAL,W,2.433333333333333,0.0,0.0,0.0,0.0,0.0,0.0,0.0,0.0,0.0,14.8,14.8,29.6,0.0,29.6,0.0,0.0,0.0,29.6,0.0,0.0,-14.8,5.9,0,0,29.6,1,1,13086,1,25245,22635,24836,22635,15070,20945,15070,13505,14344,13505,137,607,88,19908,15,12854,8263,8846,42,17725,23200,19816,24927,2246,150,14247,1,2:26
2024-25,1626156,D'Angelo Russell,D'Angelo,1610612751,BKN,Brooklyn Nets,0022400956,2025-03-13T00:00:00,BKN @ CHI,L,24.923333333333332,2.9,13.0,0.222,0.0,8.7,0.0,0.0,0.0,0.0,0.0,4.3,4.3,5.8,2.9,0.0,1.4,0.0,8.7,0.0,5.8,-8.7,21.1,0,0,18.8,1,13222,1,13222,12081,19683,11855,21205,15070,5314,15070,13505,14344,13505,14058,12703,16448,5896,6886,12854,5058,8846,1076,17725,21544,17272,20640,2246,150,21494,1,24:55
2024-25,1628964,Mo Bamba,Mo,1610612740,NOP,New Orleans Pelicans,0022401141,2025-03-13T00:00:00,NOP vs. ORL,L,25.566666666666666,1.4,4.2,0.333,0.0,1.4,0.0,0.0,0.0,0.0,2.8,8.4,11.3,1.4,0.0,0.0,1.4,0.0,2.8,0.0,2.8,-1.4,22.7,0,0,18.3,1,13222,1,13222,11516,22287,23978,17395,15070,20374,15070,13505,14344,13505,5819,4116,4183,18321,16469,12854,5201,8846,11568,17725,22993,13762,19764,2246,150,21710,1,25:34
2024-25,1627752,Taurean Prince,Taurean,1610612749,MIL,Milwaukee Bucks,0022400955,2025-03-13T00:00:00,MIL vs. LAL,W,25.616666666666667,4.2,8.4,0.5,1.4,5.6,0.25,0.0,0.0,0.0,0.0,5.6,5.6,1.4,0.0,1.4,1.4,0.0,5.6,0.0,9.8,19.7,27.1,0,0,23.9,1,1,13086,1,11477,16551,19592,8526,12428,11658,11902,13505,14344,13505,14058,9259,13236,18331,16469,8869,5211,8846,3513,17725,18328,4045,16864,2246,150,18405,1,25:37
2024-25,1631099,Keegan Murray,Keegan,1610612758,SAC,Sacramento Kings,0022400957,2025-03-13T00:00:00,SAC @ GSW,L,34.483333333333334,2.1,10.4,0.2,2.1,8.4,0.25,0.0,0.0,0.0,1.0,3.1,4.2,2.1,1.0,0.0,2.1,1.0,1.0,1.0,6.3,-14.6,19.6,0,0,18.8,1,13222,1,13222,3866,21252,16320,21401,9737,5825,11902,13505,14344,13505,12916,16327,16865,16040,15530,12854,3239,7537,19450,17198,21203,19754,21354,2246,150,21483,1,34:29
2024-25,202693,Markieff Morris,Markieff,1610612747,LAL,Los Angeles Lakers,0022400955,2025-03-13T00:00:00,LAL @ MIL,L,12.0,3.0,12.0,0.25,3.0,6.0,0.5,3.0,6.0,0.5,0.0,3.0,3.0,6.0,0.0,0.0,0.0,0.0,9.0,3.0,12.0,0.0,24.6,0,0,24.0,1,13222,1,13222,21228,19415,13575,20233,6500,10684,3944,7799,4464,10625,14058,16717,19729,5485,16469,12854,8263,8846,963,9236,16132,12240,18544,2246,150,18317,1,12:00
2024-25,1627827,Dorian Finney-Smith,Dorian,1610612747,LAL,Los Angeles Lakers,0022400955,2025-03-13T00:00:00,LAL @ MIL,L,29.566666666666666,2.4,9.7,0.25,1.2,6.1,0.2,0.0,0.0,0.0,1.2,0.0,1.2,0.0,1.2,0.0,0.0,2.4,6.1,0.0,6.1,-19.5,6.3,0,0,8.5,1,13222,1,13222,8168,20583,17489,20233,13274,10471,13429,13505,14344,13505,11674,22137,22921,19908,14309,12854,8263,2144,2836,17725,21326,21394,24883,2246,150,24681,1,29:34
2024-25,1641724,Jett Howard,Jett,1610612753,ORL,Orlando Magic,0022401141,2025-03-13T00:00:00,ORL @ NOP,W,10.866666666666667,0.0,13.3,0.0,0.0,9.9,0.0,0.0,0.0,0.0,0.0,3.3,3.3,3.3,0.0,0.0,0.0,0.0,3.3,0.0,0.0,-3.3,8.9,0,0,6.6,1,1,13086,1,21769,22635,11383,22635,15070,3569,15070,13505,14344,13505,14058,15752,18961,11932,16469,12854,8263,8846,9406,17725,23200,14719,24575,2246,150,24933,1,10:52
2024-25,203110,Draymond Green,Draymond,1610612744,GSW,Golden State Warriors,0022400957,2025-03-13T00:00:00,GSW vs. SAC,W,29.366666666666667,9.8,17.2,0.571,4.9,8.6,0.571,3.7,4.9,0.75,0.0,4.9,4.9,4.9,4.9,1.2,1.2,0.0,4.9,4.9,28.2,14.7,43.9,0,0,47.8,1,1,13086,1,8334,3466,5618,6538,2400,5449,3506,6335,6111,8186,14058,11151,15052,7682,2464,9977,6019,8846,4828,4290,2711,5735,5727,2246,150,3219,1,29:22
2024-25,1629661,Cameron Johnson,Cameron,1610612751,BKN,Brooklyn Nets,0022400956,2025-03-13T00:00:00,BKN @ CHI,L,35.19,7.2,12.3,0.583,2.0,4.1,0.5,0.0,0.0,0.0,1.0,5.1,6.1,1.0,1.0,3.1,1.0,0.0,3.1,0.0,16.4,-5.1,36.5,0,0,33.8,1,13222,1,13222,3323,8559,13121,6296,9936,15371,3944,13505,14344,13505,13074,10518,11959,19612,15688,3001,7325,8846,10394,17725,11534,15657,10016,2246,150,11026,1,35:11
2024-25,203935,Marcus Smart,Marcus,1610612764,WAS,Washington Wizards,0022400954,2025-03-13T00:00:00,WAS @ DET,W,23.773333333333333,7.6,19.7,0.385,4.5,9.1,0.5,3.0,6.1,0.5,0.0,6.1,6.1,10.6,1.5,1.5,0.0,0.0,4.5,7.6,22.7,-10.6,48.9,0,0,46.9,1,1,13086,1,13097,7594,3193,16070,2989,4692,3944,7732,4393,10625,14058,8212,12150,1164,12682,8347,8263,8846,5685,1284,5693,18146,3660,2246,150,3503,1,23:46
2024-25,203897,Zach LaVine,Zach,1610612758,SAC,Sacramento Kings,0022400957,2025-03-13T00:00:00,SAC @ GSW,L,31.916666666666668,5.6,6.8,0.833,4.5,4.5,1.0,0.0,0.0,0.0,0.0,1.1,1.1,3.4,5.6,0.0,0.0,1.1,2.3,0.0,15.8,-38.3,16.6,0,0,24.8,1,13222,1,13222,6045,12582,21818,1514,3048,14407,1,13505,14344,13505,14058,21688,23039,11723,1686,12854,8263,6808,13844,17725,12130,24730,22627,2246,150,17818,1,31:55
2024-25,201939,Stephen Curry,Stephen,1610612744,GSW,Golden State Warriors,0022400957,2025-03-13T00:00:00,GSW vs. SAC,W,30.266666666666666,4.8,10.7,0.444,2.4,7.1,0.333,1.2,1.2,1.0,0.0,2.4,2.4,5.9,2.4,1.2,1.2,1.2,4.8,0.0,13.1,17.8,29.6,0,0,28.5,1,1,13086,1,7529,15088,15874,13045,8555,8171,9209,12630,13900,1,14058,18545,21049,5590,8734,10267,6242,6339,5157,17725,15004,4609,15072,2246,150,15027,1,30:16
2024-25,203114,Khris Middleton,Khris,1610612764,WAS,Washington Wizards,0022400954,2025-03-13T00:00:00,WAS @ DET,W,26.683333333333334,8.1,17.5,0.462,1.3,5.4,0.25,4.0,4.0,1.0,2.7,6.7,9.4,10.8,1.3,2.7,0.0,1.3,0.0,5.4,21.6,2.7,55.9,0,0,48.6,1,1,13086,1,10574,6428,5216,12428,12657,12222,11902,5610,7743,1,6108,6800,6119,1072,13573,3913,8263,5403,20257,3487,6561,11262,1832,2246,150,2967,1,26:41
2024-25,1641824,Matas Buzelis,Matas,1610612741,CHI,Chicago Bulls,0022400956,2025-03-13T00:00:00,CHI vs. BKN,W,14.583333333333334,4.9,17.3,0.286,0.0,7.4,0.0,4.9,4.9,1.0,2.5,4.9,7.4,2.5,0.0,0.0,0.0,0.0,7.4,2.5,14.8,-29.6,27.4,0,0,24.7,1,1,13086,1,19839,14584,5476,19630,15070,7604,15070,4139,6055,1,6715,11061,9357,14648,16469,12854,8263,8846,1707,11103,13106,23677,16659,2246,150,17902,1,14:35
2024-25,1642273,Kyshawn George,Kyshawn,1610612764,WAS,Washington Wizards,0022400954,2025-03-13T00:00:00,WAS @ DET,W,29.4,3.7,9.8,0.375,3.7,7.3,0.5,0.0,0.0,0.0,0.0,4.9,4.9,1.2,1.2,3.7,0.0,0.0,6.1,1.2,11.0,9.8,28.5,0,0,28.2,1,1,13086,1,8307,17906,17403,16299,4747,7729,3944,13505,14344,13505,14058,11163,15066,18940,14265,2000,8263,8846,2795,16271,17164,7791,15854,2246,150,15320,1,29:24
2024-25,1642366,Quinten Post,Quinten,1610612744,GSW,Golden State Warriors,0022400957,2025-03-13T00:00:00,GSW vs. SAC,W,20.866666666666667,5.2,12.1,0.429,5.2,12.1,0.429,1.7,3.5,0.5,1.7,5.2,6.9,0.0,3.5,1.7,1.7,0.0,3.5,1.7,17.3,15.5,32.4,0,0,36.2,1,1,13086,1,15383,13876,13462,13735,2075,1745,7394,11368,8984,10625,9487,10342,10322,19908,5120,7527,4235,8846,8886,14193,10573,5422,12993,2246,150,9201,1,20:52
2024-25,1630557,Corey Kispert,Corey,1610612764,WAS,Washington Wizards,0022400954,2025-03-13T00:00:00,WAS @ DET,W,28.243333333333332,5.1,8.9,0.571,2.5,6.4,0.4,5.1,5.1,1.0,0.0,2.5,2.5,2.5,1.3,0.0,0.0,0.0,5.1,2.5,17.8,3.8,23.5,0,0,25.5,1,1,13086,1,9353,14099,18839,6538,7974,9814,7874,3891,5759,1,14058,18059,20708,14370,13939,12854,8263,8846,4379,10804,9984,10738,19282,2246,150,17288,1,28:15
2024-25,1630200,Tre Jones,Tre,1610612741,CHI,Chicago Bulls,0022400956,2025-03-13T00:00:00,CHI vs. BKN,W,36.28333333333333,6.0,11.9,0.5,1.0,2.0,0.5,5.0,6.0,0.833,3.0,3.0,6.0,6.0,1.0,3.0,0.0,2.0,1.0,5.0,17.9,2.0,41.9,0,0,36.7,1,1,13086,1,2476,11649,13751,8526,14591,19584,3944,4104,4539,7275,5402,16810,12400,5583,15903,3210,8263,3276,19755,4194,9963,11631,6690,2246,150,8911,1,36:17
2024-25,203468,CJ McCollum,CJ,1610612740,NOP,New Orleans Pelicans,0022401141,2025-03-13T00:00:00,NOP vs. ORL,L,22.75,4.7,15.8,0.3,1.6,6.3,0.25,3.2,3.2,1.0,0.0,3.2,3.2,6.3,0.0,0.0,0.0,1.6,6.3,1.6,14.2,-20.6,27.5,0,0,25.3,1,13222,1,13222,13906,15116,7381,19363,11740,9921,11902,7399,9578,1,14058,16215,19325,4979,16469,12854,8263,4478,2568,14684,13677,21717,16554,2246,150,17417,1,22:45
2024-25,202709,Cory Joseph,Cory,1610612753,ORL,Orlando Magic,0022401141,2025-03-13T00:00:00,ORL @ NOP,W,29.85,4.8,10.9,0.444,2.4,4.8,0.5,2.4,2.4,1.0,2.4,4.8,7.2,3.6,0.0,0.0,0.0,1.2,2.4,1.2,14.5,24.1,28.6,0,0,27.7,1,1,13086,1,7920,14874,15599,13045,8443,13636,3944,9300,11448,1,6880,11354,9678,11041,16469,12854,8263,6210,13140,16371,13440,3000,15808,2246,150,15617,1,29:51
2024-25,203484,Kentavious Caldwell-Pope,Kentavious,1610612753,ORL,Orlando Magic,0022401141,2025-03-13T00:00:00,ORL @ NOP,W,31.6,5.7,11.4,0.5,2.3,4.6,0.5,0.0,0.0,0.0,1.1,2.3,3.4,3.4,0.0,0.0,1.1,0.0,0.0,0.0,13.7,31.9,26.3,0,0,25.1,1,1,13086,1,6334,12429,14674,8526,8930,14306,3944,13505,14344,13505,12196,18830,18745,11636,16469,12854,6544,8846,20257,17725,14306,1746,17407,2246,150,17637,1,31:36
2024-25,1642345,Oso Ighodaro,Oso,1610612756,PHX,Phoenix Suns,0022400949,2025-03-12T00:00:00,PHX @ HOU,L,28.35,5.1,5.1,1.0,0.0,0.0,0.0,0.0,0.0,0.0,2.5,5.1,7.6,0.0,3.8,0.0,5.1,0.0,5.1,1.3,10.2,-5.1,30.7,0,0,27.9,1,13222,1,13222,9255,14151,23408,1,15070,20945,15070,13505,14344,13505,6497,10639,8936,19908,4297,12854,496,8846,4428,16031,17997,15637,14253,2246,150,15469,1,28:21
2024-25,1627747,Caris LeVert,Caris,1610612737,ATL,Atlanta Hawks,0022400945,2025-03-12T00:00:00,ATL vs. CHA,W,26.4,6.8,12.3,0.556,5.5,10.9,0.5,1.4,1.4,1.0,0.0,5.5,5.5,2.7,2.7,1.4,0.0,0.0,1.4,2.7,20.5,16.4,32.5,0,0,36.8,1,1,13086,1,10812,9377,13125,7248,1779,2579,3944,12127,13642,1,14058,9658,13659,13828,7446,9120,8263,8846,17775,10236,7541,5119,12980,2246,150,8826,1,26:24
2024-25,1626162,Kelly Oubre Jr.,Kelly,1610612755,PHI,Philadelphia 76ers,0022400947,2025-03-12T00:00:00,PHI @ TOR,L,25.54,7.0,16.9,0.417,0.0,2.8,0.0,4.2,8.5,0.5,2.8,4.2,7.0,0.0,0.0,4.2,1.4,0.0,2.8,5.6,18.3,-24.0,43.7,0,0,36.6,1,13222,1,13222,11554,8818,5899,14532,15070,18026,15070,5295,2222,10625,5812,13035,10061,19908,16469,1435,5191,8846,11558,3137,9496,22564,5811,2246,150,8949,1,25:32
2024-25,1631111,Wendell Moore Jr.,Wendell,1610612766,CHA,Charlotte Hornets,0022400945,2025-03-12T00:00:00,CHA @ ATL,L,14.216666666666667,2.5,5.1,0.5,2.5,2.5,1.0,0.0,0.0,0.0,0.0,5.1,5.1,5.1,5.1,2.5,0.0,2.5,2.5,0.0,7.6,-7.6,23.8,0,0,25.3,1,13222,1,13222,20066,20402,23413,8526,8041,18566,1,13505,14344,13505,14058,10682,14622,7323,2259,4295,8263,1985,12660,17725,20248,16780,19091,2246,150,17415,1,14:13
2024-25,1626157,Karl-Anthony Towns,Karl-Anthony,1610612752,NYK,New York Knicks,0022400953,2025-03-12T00:00:00,NYK @ POR,W,38.586666666666666,7.5,11.2,0.667,1.9,3.7,0.5,2.8,3.7,0.75,2.8,3.7,6.5,3.7,2.8,1.9,0.9,1.9,2.8,5.6,19.6,11.2,38.6,0,0,37.3,1,1,13086,1,1067,7861,15030,3281,10803,16137,3944,8354,8408,8186,5864,14532,11103,10707,7220,6942,7940,3688,11654,3195,8270,7141,8636,2246,150,8493,1,38:35
2024-25,203903,Jordan Clarkson,Jordan,1610612762,UTA,Utah Jazz,0022400950,2025-03-12T00:00:00,UTA @ MEM,L,23.8,4.5,15.1,0.3,3.0,7.6,0.4,6.1,7.6,0.8,1.5,4.5,6.1,3.0,7.6,3.0,0.0,1.5,0.0,4.5,18.2,-19.7,31.5,0,0,36.3,1,13222,1,13222,13075,15658,8385,19363,6418,7245,7874,2817,2845,7681,10262,12154,12158,12842,689,3097,8263,4725,20257,5057,9673,21455,13698,2246,150,9154,1,23:48
2024-25,1629618,Jalen Pickett,Jalen,1610612743,DEN,Denver Nuggets,0022400952,2025-03-12T00:00:00,DEN vs. MIN,L,16.983333333333334,2.1,10.6,0.2,2.1,8.5,0.25,0.0,0.0,0.0,2.1,2.1,4.2,4.2,0.0,4.2,0.0,0.0,2.1,0.0,6.4,4.2,30.5,0,0,25.4,1,13222,1,13222,18265,21207,16048,21401,9593,5624,11902,13505,14344,13505,7889,19307,16709,9280,16469,1425,8263,8846,14520,17725,21148,10523,14413,2246,150,17324,1,16:59
2024-25,1641871,Duop Reath,Duop,1610612757,POR,Portland Trail Blazers,0022400953,2025-03-12T00:00:00,POR vs. NYK,L,18.866666666666667,3.8,11.4,0.333,3.8,11.4,0.333,0.0,0.0,0.0,0.0,3.8,3.8,1.9,1.9,1.9,5.7,0.0,1.9,0.0,11.4,7.6,39.9,0,0,36.3,1,13222,1,13222,16929,17522,14571,17395,4389,2139,9209,13505,14344,13505,14058,14273,17783,16720,10999,6724,357,8846,15627,17725,16731,8812,7834,2246,150,9186,1,18:52
2024-25,1630578,Alperen Sengun,Alperen,1610612745,HOU,Houston Rockets,0022400949,2025-03-12T00:00:00,HOU vs. PHX,W,33.02166666666667,7.6,7.6,1.0,1.1,1.1,1.0,5.5,6.5,0.833,2.2,2.2,4.4,7.6,5.5,1.1,0.0,0.0,4.4,6.5,21.8,16.4,36.3,0,0,37.1,1,1,13086,1,5135,7439,20742,1,14005,20758,1,3475,3842,7275,7652,19126,16381,3247,1853,11101,8263,8846,6118,2042,6378,5125,10155,2246,150,8683,1,33:01
2024-25,1631217,Moussa Diabaté,Moussa,1610612766,CHA,Charlotte Hornets,0022400945,2025-03-12T00:00:00,CHA @ ATL,L,11.566666666666666,3.1,3.1,1.0,0.0,0.0,0.0,0.0,0.0,0.0,9.3,6.2,15.6,6.2,0.0,0.0,0.0,0.0,9.3,3.1,6.2,9.3,34.2,0,0,28.0,1,13222,1,13222,21464,19166,24455,1,15070,20945,15070,13505,14344,13505,497,7836,1560,5117,16469,12854,8263,8846,859,8843,21235,8027,11624,2246,150,15414,1,11:34
2024-25,1629638,Nickeil Alexander-Walker,Nickeil,1610612750,MIN,Minnesota Timberwolves,0022400952,2025-03-12T00:00:00,MIN @ DEN,W,15.616666666666667,2.3,6.9,0.333,2.3,2.3,1.0,0.0,0.0,0.0,2.3,4.6,6.9,9.2,0.0,0.0,0.0,0.0,0.0,4.6,6.9,23.1,29.0,0,0,25.4,1,1,13086,1,19188,20842,21653,17395,8828,18972,1,13505,14344,13505,7226,11958,10299,1854,16469,12854,8263,8846,20257,4918,20778,3253,15452,2246,150,17385,1,15:37
2024-25,1626220,Royce O'Neale,Royce,1610612756,PHX,Phoenix Suns,0022400949,2025-03-12T00:00:00,PHX @ HOU,L,28.466666666666665,1.3,7.6,0.167,0.0,6.3,0.0,0.0,0.0,0.0,0.0,5.1,5.1,10.1,2.5,3.8,1.3,0.0,2.5,2.5,2.5,-2.5,36.4,0,0,27.8,1,13222,1,13222,9147,22438,20811,21938,15070,9931,15070,13505,14344,13505,14058,10700,14638,1376,8119,1855,5826,8846,12674,10875,23071,14322,10077,2246,150,15564,1,28:28
2024-25,1642276,Kel'el Ware,Kel'el,1610612748,MIA,Miami Heat,0022400948,2025-03-12T00:00:00,MIA vs. LAC,L,18.4,3.9,7.8,0.5,0.0,0.0,0.0,0.0,0.0,0.0,7.8,5.9,13.7,3.9,2.0,0.0,0.0,0.0,2.0,2.0,7.8,-19.6,28.2,0,0,25.4,1,13222,1,13222,17275,17286,20500,8526,15070,20945,15070,13505,14344,13505,837,8615,2384,10189,10742,12854,8263,8846,15371,13289,20062,21419,16090,2246,150,17327,1,18:24
2024-25,1629111,Jock Landale,Jock,1610612745,HOU,Houston Rockets,0022400949,2025-03-12T00:00:00,HOU vs. PHX,W,9.1,4.0,11.9,0.333,0.0,0.0,0.0,4.0,4.0,1.0,4.0,7.9,11.9,4.0,0.0,0.0,0.0,0.0,7.9,4.0,11.9,4.0,32.0,0,0,27.7,1,1,13086,1,22413,17193,13824,17395,15070,20945,15070,5777,7930,1,3650,4838,3600,10050,16469,12854,8263,8846,1399,6436,16266,10673,13290,2246,150,15637,1,9:06
2024-25,1629634,Brandon Clarke,Brandon,1610612763,MEM,Memphis Grizzlies,0022400950,2025-03-12T00:00:00,MEM vs. UTA,W,18.508333333333333,7.8,13.6,0.571,0.0,0.0,0.0,0.0,0.0,0.0,3.9,3.9,7.8,1.9,0.0,5.8,0.0,0.0,7.8,0.0,15.6,9.7,45.3,0,0,37.0,1,1,13086,1,17193,7103,10806,6538,15070,20945,15070,13505,14344,13505,3742,14059,8659,16580,16469,520,8263,8846,1474,17725,12363,7827,5028,2246,150,8753,1,18:31
2024-25,1630556,Kessler Edwards,Kessler,1610612742,DAL,Dallas Mavericks,0022400951,2025-03-12T00:00:00,DAL @ SAS,L,28.383333333333333,7.6,10.1,0.75,2.5,2.5,1.0,1.3,2.5,0.5,0.0,3.8,3.8,0.0,2.5,1.3,0.0,1.3,3.8,3.8,19.0,-21.6,24.9,0,0,27.9,1,13222,1,13222,9227,7484,16828,2107,8019,18557,1,12389,11111,10625,14058,14305,17806,19908,8091,9661,8263,5820,7717,6836,8831,21983,18382,2246,150,15494,1,28:23
2024-25,1641733,Nick Smith Jr.,Nick,1610612766,CHA,Charlotte Hornets,0022400945,2025-03-12T00:00:00,CHA @ ATL,L,19.083333333333332,5.7,13.2,0.429,1.9,7.5,0.25,0.0,0.0,0.0,0.0,5.7,5.7,3.8,5.7,0.0,0.0,0.0,3.8,0.0,13.2,-18.9,20.0,0,0,24.5,1,13222,1,13222,16762,12535,11469,13735,10694,7286,11902,13505,14344,13505,14058,9144,13137,10576,1674,12854,8263,8846,7824,17725,14865,21195,21173,2246,150,17991,1,19:05
2024-25,1629675,Naz Reid,Naz,1610612750,MIN,Minnesota Timberwolves,0022400952,2025-03-12T00:00:00,MIN @ DEN,W,26.283333333333335,4.1,9.6,0.429,2.7,6.8,0.4,0.0,0.0,0.0,0.0,6.8,6.8,2.7,4.1,1.4,1.4,0.0,5.5,1.4,11.0,23.3,27.4,0,0,28.8,1,1,13086,1,10915,16826,17798,13735,7422,8781,7874,13505,14344,13505,14058,6623,10431,13791,3657,9078,5363,8846,3735,15574,17214,3200,16666,2246,150,14883,1,26:17
2024-25,1631243,Mouhamed Gueye,Mouhamed,1610612737,ATL,Atlanta Hawks,0022400945,2025-03-12T00:00:00,ATL vs. CHA,W,14.45,5.0,7.5,0.667,2.5,5.0,0.5,2.5,5.0,0.5,2.5,5.0,7.5,2.5,0.0,5.0,5.0,0.0,2.5,2.5,14.9,17.4,57.6,0,0,47.3,1,1,13086,1,19913,14439,20967,3281,8168,13245,3944,9074,5953,10625,6632,10927,9218,14568,16469,909,518,8846,12836,11019,12955,4762,1546,2246,150,3361,1,14:27
2024-25,201935,James Harden,James,1610612746,LAC,LA Clippers,0022400948,2025-03-12T00:00:00,LAC @ MIA,W,38.516666666666666,5.6,18.7,0.3,2.8,7.5,0.375,8.4,12.2,0.692,2.8,4.7,7.5,10.3,2.8,1.9,0.0,1.9,0.9,6.5,22.4,14.0,49.6,1,0,46.7,1,1,13086,1,1098,12686,4031,19363,7203,7456,8800,1222,727,9414,5853,11791,9213,1297,7196,6924,8263,3672,20053,2040,5899,5999,3378,1,150,3580,1,38:31
2024-25,1627750,Jamal Murray,Jamal,1610612743,DEN,Denver Nuggets,0022400952,2025-03-12T00:00:00,DEN vs. MIN,L,35.358333333333334,4.1,15.3,0.267,1.0,5.1,0.2,3.1,3.1,1.0,1.0,4.1,5.1,8.1,0.0,1.0,0.0,0.0,2.0,3.1,12.2,-19.3,33.6,0,0,28.5,1,13222,1,13222,3189,16921,8148,20170,14434,12983,13429,7661,9833,1,13109,13506,14546,2749,16469,11779,8263,8846,14938,9058,15905,21355,12109,2246,150,15063,1,35:22
2024-25,1631096,Chet Holmgren,Chet,1610612760,OKC,Oklahoma City Thunder,0022400946,2025-03-12T00:00:00,OKC @ BOS,W,33.71,8.5,15.0,0.571,3.2,6.4,0.5,4.3,7.5,0.571,4.3,11.7,16.0,2.1,1.1,0.0,1.1,4.3,3.2,6.4,24.6,9.6,49.1,1,0,48.1,1,1,13086,1,4542,5539,8682,6538,5947,9734,3944,5212,2925,10536,3208,1503,1427,15870,15364,12854,7002,557,9850,2175,4446,7881,3573,1,150,3121,1,33:43
2024-25,203999,Nikola Jokić,Nikola,1610612743,DEN,Denver Nuggets,0022400952,2025-03-12T00:00:00,DEN vs. MIN,L,38.266666666666666,12.2,21.6,0.565,1.9,5.6,0.333,5.6,7.5,0.75,2.8,4.7,7.5,3.8,2.8,0.9,0.0,0.9,2.8,4.7,32.0,-22.6,46.7,0,0,47.0,1,13222,1,13222,1236,1391,1965,7102,10711,11592,9209,3257,2875,8186,5799,11689,9113,10613,7134,12433,8263,8415,11539,4711,1535,22240,4461,2246,150,3462,1,38:16
2024-25,1628368,De'Aaron Fox,De'Aaron,1610612759,SAS,San Antonio Spurs,0022400951,2025-03-12T00:00:00,SAS vs. DAL,W,41.36666666666667,10.4,21.8,0.48,1.7,6.1,0.286,5.2,5.2,1.0,1.7,6.1,7.8,9.6,2.6,0.9,0.0,0.0,4.4,2.6,27.8,16.5,51.6,1,0,48.7,1,1,13086,1,313,2768,1923,11962,11278,10458,11433,3745,5567,1,9443,8119,8566,1661,7837,12756,8263,8846,6138,10603,2839,5059,2805,1,150,2910,1,41:22
2024-25,1631108,Max Christie,Max,1610612742,DAL,Dallas Mavericks,0022400951,2025-03-12T00:00:00,DAL @ SAS,L,26.385,2.7,8.2,0.333,2.7,8.2,0.333,0.0,0.0,0.0,0.0,5.5,5.5,5.5,4.1,1.4,0.0,0.0,1.4,0.0,8.2,-20.5,22.9,0,0,24.6,1,13222,1,13222,10830,20028,19963,17395,7452,6103,9209,13505,14344,13505,14058,9652,13652,6519,3687,9116,8263,8846,17770,17725,19761,21698,19608,2246,150,17972,1,26:23
2024-25,1631106,Tari Eason,Tari,1610612745,HOU,Houston Rockets,0022400949,2025-03-12T00:00:00,HOU vs. PHX,W,26.133333333333333,8.3,17.9,0.462,2.8,6.9,0.4,1.4,2.8,0.5,2.8,11.0,13.8,1.4,0.0,1.4,2.8,2.8,5.5,1.4,20.7,5.5,51.7,1,0,46.8,1,1,13086,1,11058,6050,4800,12428,7364,8694,7874,12079,10598,10625,5966,1894,2347,18411,16469,9025,2013,1660,3686,15538,7345,9837,2786,1,150,3537,1,26:08
2024-25,1628983,Shai Gilgeous-Alexander,Shai,1610612760,OKC,Oklahoma City Thunder,0022400946,2025-03-12T00:00:00,OKC @ BOS,W,38.583333333333336,10.3,18.7,0.55,1.9,6.5,0.286,9.3,10.3,0.909,0.9,3.7,4.7,6.5,4.7,0.9,0.0,0.0,2.8,9.3,31.7,2.8,45.3,0,0,46.7,1,1,13086,1,1068,2949,4059,7655,10800,9475,11433,891,1270,6764,13758,14527,15657,4660,2765,12487,8263,8846,11653,561,1580,11229,5065,2246,150,3607,1,38:35
2024-25,1641717,Cason Wallace,Cason,1610612760,OKC,Oklahoma City Thunder,0022400946,2025-03-12T00:00:00,OKC @ BOS,W,30.466666666666665,5.9,7.1,0.833,1.2,1.2,1.0,3.5,4.7,0.75,0.0,4.7,4.7,3.5,3.5,2.4,1.2,0.0,2.4,3.5,16.5,15.4,34.6,0,0,33.1,1,1,13086,1,7345,11782,21452,1514,13463,20644,1,6608,6432,8186,14058,11623,15490,11264,4921,4819,6293,8846,13379,7544,11344,5484,11354,2246,150,11587,1,30:28
2024-25,201143,Al Horford,Al,1610612738,BOS,Boston Celtics,0022400946,2025-03-12T00:00:00,BOS vs. OKC,L,33.961666666666666,6.4,14.8,0.429,6.4,12.7,0.5,0.0,0.0,0.0,3.2,7.4,10.6,6.4,2.1,1.1,2.1,0.0,1.1,2.1,19.1,-9.5,48.8,1,0,48.8,1,13222,1,13222,4303,10541,8840,13735,1079,1417,3944,13505,14344,13505,4980,5646,4815,4914,9907,11393,3147,8846,19343,12528,8777,17691,3713,1,150,2903,1,33:58
2024-25,1641744,Zach Edey,Zach,1610612763,MEM,Memphis Grizzlies,0022400950,2025-03-12T00:00:00,MEM vs. UTA,W,20.1,7.2,12.5,0.571,0.0,0.0,0.0,0.0,1.8,0.0,3.6,3.6,7.2,0.0,0.0,0.0,1.8,1.8,3.6,1.8,14.3,-10.7,28.3,0,0,25.1,1,1,13086,1,15948,8549,12673,6538,15070,20945,15070,13505,13201,13505,4237,14981,9826,19908,16469,12854,4078,3923,8485,13964,13576,18202,15994,2246,150,17630,1,20:06
2024-25,201566,Russell Westbrook,Russell,1610612743,DEN,Denver Nuggets,0022400952,2025-03-12T00:00:00,DEN vs. MIN,L,33.34166666666667,8.6,13.0,0.667,1.1,4.3,0.25,2.2,2.2,1.0,1.1,3.2,4.3,1.1,4.3,3.2,0.0,0.0,2.2,2.2,20.5,-23.8,32.7,0,0,33.5,1,13222,1,13222,4866,5369,11933,3281,14073,14865,11902,10082,12216,1,12637,15966,16488,19415,3280,2664,8263,8846,14305,12349,7481,22513,12788,2246,150,11264,1,33:21
2024-25,1630162,Anthony Edwards,Anthony,1610612750,MIN,Minnesota Timberwolves,0022400952,2025-03-12T00:00:00,MIN @ DEN,W,34.666666666666664,10.4,22.8,0.455,5.2,12.5,0.417,4.2,5.2,0.8,0.0,4.2,4.2,6.2,3.1,1.0,0.0,1.0,2.1,3.1,30.1,10.4,44.4,0,0,47.8,1,1,13086,1,3721,2835,1436,12676,2061,1546,7826,5432,5623,7681,14058,13257,16928,5113,6081,11601,8263,7589,14715,8834,2040,7519,5442,2246,150,3237,1,34:40
2024-25,1630198,Isaiah Joe,Isaiah,1610612760,OKC,Oklahoma City Thunder,0022400946,2025-03-12T00:00:00,OKC @ BOS,W,24.733333333333334,4.4,10.2,0.429,2.9,8.7,0.333,4.4,4.4,1.0,0.0,2.9,2.9,2.9,1.5,0.0,0.0,0.0,2.9,1.5,16.0,1.5,22.4,0,0,24.7,1,1,13086,1,12237,16158,16746,13735,6827,5212,9209,5046,7081,1,14058,17040,19961,13238,12985,12854,8263,8846,11134,15215,11912,11893,19919,2246,150,17860,1,24:44
2024-25,1629630,Ja Morant,Ja,1610612763,MEM,Memphis Grizzlies,0022400950,2025-03-12T00:00:00,MEM vs. UTA,W,31.358333333333334,9.2,19.5,0.471,4.6,8.0,0.571,9.2,12.6,0.727,0.0,1.1,1.1,8.0,2.3,1.1,0.0,1.1,0.0,8.0,32.1,3.4,46.7,0,0,48.2,1,1,13086,1,6546,4390,3331,12143,2908,6391,3506,944,648,9223,14058,21636,23014,2853,9092,10603,8263,6655,20257,991,1499,10916,4438,2246,150,3077,1,31:22
2024-25,1628384,OG Anunoby,OG,1610612752,NYK,New York Knicks,0022400953,2025-03-12T00:00:00,NYK @ POR,W,43.18333333333333,6.7,16.7,0.4,2.5,6.7,0.375,3.3,5.0,0.667,0.8,5.0,5.8,2.5,0.8,0.8,0.8,1.7,0.8,2.5,19.2,6.7,34.1,0,0,33.3,1,1,13086,1,138,9767,6213,14933,8146,9167,8800,7040,5916,9425,14019,10879,12694,14544,16439,12815,8218,4232,20232,10985,8676,9302,11732,2246,150,11362,1,43:11
2024-25,201144,Mike Conley,Mike,1610612750,MIN,Minnesota Timberwolves,0022400952,2025-03-12T00:00:00,MIN @ DEN,W,20.383333333333333,5.3,8.8,0.6,1.8,3.5,0.5,1.8,1.8,1.0,1.8,0.0,1.8,8.8,3.5,3.5,0.0,1.8,0.0,0.0,14.1,21.2,36.6,0,0,33.6,1,1,13086,1,15731,13535,18969,5394,11201,16585,3944,11303,13229,1,9364,22137,22208,2149,4945,2204,8263,3987,20257,17725,13811,3651,9995,2246,150,11199,1,20:23
2024-25,1630224,Jalen Green,Jalen,1610612745,HOU,Houston Rockets,0022400949,2025-03-12T00:00:00,HOU vs. PHX,W,36.83833333333333,7.8,15.6,0.5,2.9,5.9,0.5,9.8,10.7,0.909,0.0,6.8,6.8,3.9,2.0,2.9,0.0,2.0,0.0,4.9,28.3,15.6,49.3,0,0,47.9,1,1,13086,1,2106,7032,7640,8526,6756,11044,3944,763,1098,6764,14058,6636,10444,10205,10760,3318,8263,3376,20257,4326,2657,5374,3525,2246,150,3191,1,36:50
2024-25,1631246,Vince Williams Jr.,Vince,1610612763,MEM,Memphis Grizzlies,0022400950,2025-03-12T00:00:00,MEM vs. UTA,W,17.433333333333334,2.1,10.3,0.2,0.0,8.3,0.0,0.0,0.0,0.0,0.0,6.2,6.2,6.2,2.1,4.1,0.0,0.0,6.2,2.1,4.1,-8.3,31.2,0,0,24.8,1,1,13086,1,17972,21289,16513,21401,15070,5984,15070,13505,14344,13505,14058,7902,11835,5166,10183,1515,8263,8846,2716,12781,22494,17078,13915,2246,150,17841,1,17:26
2024-25,1629012,Collin Sexton,Collin,1610612762,UTA,Utah Jazz,0022400950,2025-03-12T00:00:00,UTA @ MEM,L,30.166666666666668,10.7,20.3,0.529,1.2,4.8,0.25,3.6,6.0,0.6,4.8,4.8,9.5,8.4,4.8,0.0,0.0,0.0,4.8,3.6,26.3,-3.6,45.5,0,0,45.3,1,13222,1,13222,7621,2471,2774,8281,13410,13777,11902,6530,4515,10343,2599,11502,5999,2552,2626,12854,8263,8846,5125,7453,3556,14836,4961,2246,150,4090,1,30:10
2024-25,203078,Bradley Beal,Bradley,1610612756,PHX,Phoenix Suns,0022400949,2025-03-12T00:00:00,PHX @ HOU,L,32.833333333333336,9.9,15.4,0.643,0.0,4.4,0.0,7.7,7.7,1.0,0.0,0.0,0.0,3.3,2.2,1.1,0.0,0.0,4.4,4.4,27.4,-16.4,33.4,0,0,32.9,1,13222,1,13222,5298,3379,8035,4607,15070,14718,15070,1569,2763,1,14058,22137,23286,12020,9534,11047,8263,8846,6050,5387,3017,20427,12228,2246,150,11733,1,32:50
2024-25,1626166,Cameron Payne,Cameron,1610612752,NYK,New York Knicks,0022400953,2025-03-12T00:00:00,NYK @ POR,W,14.866666666666667,7.3,14.5,0.5,0.0,2.4,0.0,0.0,0.0,0.0,0.0,0.0,0.0,2.4,0.0,0.0,0.0,0.0,0.0,4.8,14.5,7.3,18.2,0,0,17.0,1,1,13086,1,19657,8305,9308,8526,15070,18765,15070,13505,14344,13505,14058,22137,23286,14805,16469,12854,8263,8846,20257,4404,13376,9010,22024,2246,150,22328,1,14:52
2024-25,203992,Bogdan Bogdanović,Bogdan,1610612746,LAC,LA Clippers,0022400948,2025-03-12T00:00:00,LAC @ MIA,W,38.56666666666667,10.3,14.9,0.688,3.7,6.5,0.571,3.7,3.7,1.0,0.0,9.3,9.3,3.7,4.7,0.0,0.0,0.0,0.9,2.8,28.0,17.7,40.1,1,0,44.8,1,1,13086,1,1075,2944,8707,3227,4614,9466,3506,6215,8403,1,14058,3174,6274,10697,2763,12854,8263,8846,20056,9961,2780,4649,7672,1,150,4350,1,38:34
2024-25,1641737,Adem Bona,Adem,1610612755,PHI,Philadelphia 76ers,0022400947,2025-03-12T00:00:00,PHI @ TOR,L,22.6,8.0,11.2,0.714,0.0,0.0,0.0,4.8,6.4,0.75,6.4,8.0,14.3,1.6,0.0,1.6,3.2,0.0,1.6,4.8,20.7,19.1,54.6,0,0,46.2,1,13222,1,13222,14030,6709,15102,2752,15070,20945,15070,4376,4036,8186,1440,4758,2089,17672,16469,8014,1492,8846,16894,4556,7311,4233,2062,2246,150,3744,1,22:36
2024-25,1629611,Terance Mann,Terance,1610612737,ATL,Atlanta Hawks,0022400945,2025-03-12T00:00:00,ATL vs. CHA,W,20.716666666666665,7.0,13.9,0.5,1.7,7.0,0.25,1.7,3.5,0.5,0.0,3.5,3.5,3.5,0.0,0.0,0.0,1.7,3.5,1.7,17.4,-1.7,26.8,0,0,26.1,1,1,13086,1,15477,9047,10336,8526,11289,8566,11902,11354,8933,10625,14058,15305,18608,11469,16469,12854,8263,4053,8818,14157,10444,13889,17109,2246,150,16887,1,20:43
2024-25,203952,Andrew Wiggins,Andrew,1610612748,MIA,Miami Heat,0022400948,2025-03-12T00:00:00,MIA vs. LAC,L,35.833333333333336,9.0,17.1,0.529,2.0,7.0,0.286,2.0,5.0,0.4,2.0,1.0,3.0,5.0,4.0,0.0,3.0,0.0,4.0,3.0,22.1,-9.0,38.3,0,0,38.2,1,13222,1,13222,2802,4629,5717,8281,10124,8397,11433,10614,5877,13061,8350,21964,19688,7402,3847,12854,1674,8846,7091,9190,6131,17447,8845,2246,150,7917,1,35:50
2024-25,1630166,Deni Avdija,Deni,1610612757,POR,Portland Trail Blazers,0022400953,2025-03-12T00:00:00,POR vs. NYK,L,40.833333333333336,7.1,15.9,0.444,3.5,7.1,0.5,6.2,9.7,0.636,4.4,8.8,13.2,4.4,6.2,0.0,0.0,3.5,0.9,8.8,23.8,-1.8,40.1,1,0,45.0,1,13222,1,13222,398,8808,7313,13045,5092,8354,3944,2712,1506,10256,3045,3703,2654,8856,1284,12854,8263,894,20180,713,4935,13904,7683,1,150,4289,1,40:50
2024-25,1628436,Luke Kornet,Luke,1610612738,BOS,Boston Celtics,0022400946,2025-03-12T00:00:00,BOS vs. OKC,L,14.66,7.4,7.4,1.0,0.0,0.0,0.0,7.4,9.8,0.75,9.8,0.0,9.8,0.0,0.0,0.0,0.0,0.0,7.4,4.9,22.1,-2.5,33.9,0,0,31.9,1,13222,1,13222,19789,8087,21117,1,15070,20945,15070,1756,1443,8186,422,22137,5641,19908,16469,12854,8263,8846,1732,4273,6133,14287,11898,2246,150,12438,1,14:40
2024-25,1628381,John Collins,John,1610612762,UTA,Utah Jazz,0022400950,2025-03-12T00:00:00,UTA @ MEM,L,28.466666666666665,10.1,15.2,0.667,1.3,3.8,0.333,6.3,8.9,0.714,2.5,6.3,8.9,0.0,1.3,0.0,0.0,1.3,2.5,5.1,27.8,1.3,37.2,0,0,37.9,1,13222,1,13222,9147,3092,8296,3281,13011,16011,9209,2566,1948,9244,6525,7652,6944,19908,14011,12854,8263,5842,12674,3996,2850,11966,9554,2246,150,8067,1,28:28
2024-25,1631172,Ousmane Dieng,Ousmane,1610612760,OKC,Oklahoma City Thunder,0022400946,2025-03-12T00:00:00,OKC @ BOS,W,6.25,5.8,5.8,1.0,0.0,0.0,0.0,0.0,0.0,0.0,0.0,5.8,5.8,0.0,0.0,0.0,0.0,0.0,0.0,0.0,11.5,17.3,18.4,0,0,17.3,1,1,13086,1,23477,12230,22854,1,15070,20945,15070,13505,14344,13505,14058,8882,12868,19908,16469,12854,8263,8846,20257,17725,16648,4812,21920,2246,150,22180,1,6:15
2024-25,101108,Chris Paul,Chris,1610612759,SAS,San Antonio Spurs,0022400951,2025-03-12T00:00:00,SAS vs. DAL,W,25.333333333333332,4.3,8.5,0.5,4.3,8.5,0.5,0.0,0.0,0.0,0.0,2.8,2.8,12.8,5.7,2.8,0.0,0.0,2.8,0.0,12.8,19.9,38.2,0,0,38.4,1,1,13086,1,11714,16419,19451,8526,3463,5534,3944,13505,14344,13505,14058,17264,20140,565,1647,3568,8263,8846,11449,17725,15306,3983,8877,2246,150,7786,1,25:20
2024-25,1642271,Kyle Filipowski,Kyle,1610612762,UTA,Utah Jazz,0022400950,2025-03-12T00:00:00,UTA @ MEM,L,15.833333333333334,6.8,15.9,0.429,0.0,2.3,0.0,6.8,9.1,0.75,6.8,11.4,18.2,6.8,0.0,0.0,0.0,0.0,9.1,9.1,20.5,-6.8,52.5,0,0,45.5,1,13222,1,13222,19040,9366,7230,13735,15070,19041,15070,2143,1817,8186,1216,1710,858,4263,16469,12854,8263,8846,936,619,7535,16434,2587,2246,150,4023,1,15:50
2024-25,203915,Spencer Dinwiddie,Spencer,1610612742,DAL,Dallas Mavericks,0022400951,2025-03-12T00:00:00,DAL @ SAS,L,35.4,5.1,10.2,0.5,2.0,4.1,0.5,2.0,2.0,1.0,0.0,4.1,4.1,4.1,2.0,1.0,0.0,0.0,1.0,3.1,14.2,4.1,26.2,0,0,26.4,1,13222,1,13222,3147,14134,16782,8526,9991,15433,3944,10514,12620,1,14058,13515,17140,9751,10335,11792,8263,8846,19597,9068,13686,10606,17455,2246,150,16587,1,35:24
2024-25,1630202,Payton Pritchard,Payton,1610612738,BOS,Boston Celtics,0022400946,2025-03-12T00:00:00,BOS vs. OKC,L,24.951666666666668,4.3,14.4,0.3,2.9,13.0,0.222,0.0,0.0,0.0,1.4,0.0,1.4,1.4,1.4,0.0,0.0,0.0,1.4,0.0,11.5,1.4,14.0,0,0,17.3,1,13222,1,13222,12049,16252,9472,19363,6918,1305,13288,13505,14344,13505,10570,22137,22645,18201,13044,12854,8263,8846,17468,17725,16624,11902,23505,2246,150,22167,1,24:57
2024-25,1642347,Jamal Shead,Jamal,1610612761,TOR,Toronto Raptors,0022400947,2025-03-12T00:00:00,TOR vs. PHI,W,12.316666666666666,5.8,17.5,0.333,2.9,11.7,0.25,0.0,0.0,0.0,0.0,0.0,0.0,14.6,2.9,0.0,0.0,0.0,2.9,2.9,14.6,49.7,33.6,0,0,32.2,1,1,13086,1,21092,11968,5220,17395,6781,1965,11902,13505,14344,13505,14058,22137,23286,326,6752,12854,8263,8846,11073,9511,13279,557,12103,2246,150,12261,1,12:19
2024-25,1630577,Julian Champagnie,Julian,1610612759,SAS,San Antonio Spurs,0022400951,2025-03-12T00:00:00,SAS vs. DAL,W,18.066666666666666,6.0,17.9,0.333,0.0,6.0,0.0,2.0,2.0,1.0,0.0,4.0,4.0,0.0,0.0,4.0,0.0,0.0,2.0,4.0,13.9,0.0,30.7,0,0,25.9,1,1,13086,1,17524,11584,4769,17395,15070,10746,15070,10671,12745,1,14058,13767,17349,19908,16469,1649,8263,8846,15186,6342,13988,12240,14279,2246,150,17002,1,18:04
2024-25,1631197,Jared Rhoden,Jared,1610612761,TOR,Toronto Raptors,0022400947,2025-03-12T00:00:00,TOR vs. PHI,W,42.766666666666666,7.6,16.0,0.474,3.4,8.4,0.4,2.5,3.4,0.75,3.4,6.7,10.1,4.2,2.5,3.4,0.0,2.5,0.8,1.7,21.0,11.8,47.1,1,0,45.5,1,1,13086,1,172,7574,7125,12072,5464,5716,7874,8976,9168,8186,4604,6825,5327,9366,8138,2445,8263,2002,20224,14326,7053,6885,4294,1,150,4037,1,42:46
2024-25,203939,Dwight Powell,Dwight,1610612742,DAL,Dallas Mavericks,0022400951,2025-03-12T00:00:00,DAL @ SAS,L,16.783333333333335,10.7,12.9,0.833,0.0,0.0,0.0,2.1,2.1,1.0,4.3,4.3,8.6,0.0,2.1,0.0,0.0,0.0,2.1,4.3,23.6,27.9,31.7,0,0,32.2,1,13222,1,13222,18397,2483,12090,1514,15070,20945,15070,10148,12274,1,3182,12836,7349,19908,9750,12854,8263,8846,14384,5616,5061,2285,13520,2246,150,12245,1,16:47
2024-25,1628470,Torrey Craig,Torrey,1610612738,BOS,Boston Celtics,0022400946,2025-03-12T00:00:00,BOS vs. OKC,L,4.225,0.0,8.5,0.0,0.0,8.5,0.0,0.0,0.0,0.0,0.0,0.0,0.0,0.0,0.0,8.5,0.0,0.0,25.6,0.0,0.0,-17.0,25.6,0,0,17.0,1,13222,1,13222,24366,22635,19460,22635,15070,5550,15070,13505,14344,13505,14058,22137,23286,19908,16469,176,8263,8846,63,17725,23200,20639,17895,2246,150,22289,1,4:14
2024-25,1629610,DaQuan Jeffries,DaQuan,1610612766,CHA,Charlotte Hornets,0022400945,2025-03-12T00:00:00,CHA @ ATL,L,31.75,9.1,17.0,0.533,4.5,10.2,0.444,0.0,0.0,0.0,0.0,0.0,0.0,1.1,2.3,0.0,2.3,0.0,6.8,0.0,22.7,-9.1,28.9,0,0,32.9,1,13222,1,13222,6199,4573,5795,8140,3001,3266,7211,13505,14344,13505,14058,22137,23286,19248,9223,12854,2805,8846,2142,17725,5722,17464,15554,2246,150,11744,1,31:45
2024-25,1630658,Colin Castleton,Colin,1610612761,TOR,Toronto Raptors,0022400947,2025-03-12T00:00:00,TOR vs. PHI,W,39.833333333333336,2.7,7.2,0.375,0.0,0.0,0.0,0.9,0.9,1.0,3.6,9.0,12.7,1.8,1.8,0.0,2.7,1.8,1.8,2.7,6.3,12.7,30.5,0,0,26.2,1,1,13086,1,605,20059,21285,16299,15070,20945,15070,13450,14318,1,4190,3476,3029,17058,11518,12854,2067,3878,16145,10291,21173,6538,14393,2246,150,16793,1,39:50
2024-25,1627777,Georges Niang,Georges,1610612737,ATL,Atlanta Hawks,0022400945,2025-03-12T00:00:00,ATL vs. CHA,W,25.716666666666665,4.2,7.0,0.6,2.8,5.6,0.5,5.6,5.6,1.0,1.4,4.2,5.6,4.2,1.4,1.4,0.0,1.4,2.8,4.2,16.8,2.8,32.6,0,0,32.2,1,1,13086,1,11386,16600,21565,5394,7215,11725,3944,3317,5049,1,10750,13123,13288,9385,13283,8900,8263,5179,11643,5843,11071,11227,12875,2246,150,12218,1,25:43
2024-25,1628369,Jayson Tatum,Jayson,1610612738,BOS,Boston Celtics,0022400946,2025-03-12T00:00:00,BOS vs. OKC,L,41.25,10.5,20.1,0.522,3.5,11.3,0.308,4.4,4.4,1.0,1.7,5.2,7.0,7.0,3.5,0.0,0.0,0.0,1.7,4.4,28.8,3.5,44.2,0,0,46.3,1,13222,1,13222,332,2745,2915,8473,5163,2222,11292,5048,7086,1,9432,10196,10170,4021,5033,12854,8263,8846,16385,5436,2484,10894,5599,2246,150,3727,1,41:15
2024-25,1630703,Scoot Henderson,Scoot,1610612757,POR,Portland Trail Blazers,0022400953,2025-03-12T00:00:00,POR vs. NYK,L,37.016666666666666,9.7,15.6,0.625,3.9,3.9,1.0,5.8,9.7,0.6,1.9,1.0,2.9,1.9,2.9,1.0,0.0,2.9,1.9,6.8,29.2,0.0,35.6,0,0,39.9,1,13222,1,13222,1975,3575,7747,4899,4216,15821,1,3044,1494,10343,8644,22014,19950,16580,6780,12190,8263,1434,15436,1818,2381,12240,10665,2246,150,6850,1,37:01
2024-25,1629234,Drew Eubanks,Drew,1610612746,LAC,LA Clippers,0022400948,2025-03-12T00:00:00,LAC @ MIA,W,9.426666666666666,11.5,11.5,1.0,0.0,0.0,0.0,0.0,0.0,0.0,0.0,7.6,7.6,3.8,3.8,0.0,0.0,0.0,7.6,0.0,22.9,30.6,34.0,0,0,34.4,1,1,13086,1,22304,1899,14560,1,15070,20945,15070,13505,14344,13505,14058,5259,8901,10451,4271,12854,8263,8846,1550,17725,5546,1891,11827,2246,150,10551,1,9:26
2024-25,1630590,Scotty Pippen Jr.,Scotty,1610612763,MEM,Memphis Grizzlies,0022400950,2025-03-12T00:00:00,MEM vs. UTA,W,25.975,4.2,11.1,0.375,2.8,5.5,0.5,4.2,5.5,0.75,0.0,0.0,0.0,8.3,1.4,5.5,1.4,1.4,5.5,4.2,15.2,5.5,47.1,0,0,40.2,1,1,13086,1,11186,16709,15216,16299,7315,11863,3944,5424,5134,8186,14058,22137,23286,2594,13371,617,5288,5236,3638,5934,12663,9822,4275,2246,150,6677,1,25:59
2024-25,1630231,KJ Martin,KJ,1610612762,UTA,Utah Jazz,0022400950,2025-03-12T00:00:00,UTA @ MEM,L,12.366666666666667,0.0,8.7,0.0,0.0,5.8,0.0,0.0,0.0,0.0,0.0,0.0,0.0,0.0,2.9,0.0,0.0,0.0,2.9,0.0,0.0,-32.0,-2.9,0,0,0.0,1,13222,1,13222,21065,22635,19128,22635,15070,11147,15070,13505,14344,13505,14058,22137,23286,19908,6792,12854,8263,8846,11134,17725,23200,24031,26158,2246,150,25259,1,12:22
2024-25,1641715,Cam Whitmore,Cam,1610612745,HOU,Houston Rockets,0022400949,2025-03-12T00:00:00,HOU vs. PHX,W,5.616666666666666,0.0,32.0,0.0,0.0,12.8,0.0,0.0,0.0,0.0,6.4,0.0,6.4,0.0,0.0,6.4,0.0,12.8,0.0,0.0,0.0,-64.1,26.9,0,0,19.2,1,1,13086,1,23734,22635,201,22635,15070,1378,15070,13505,14344,13505,1410,22137,11368,19908,16469,393,8263,40,20257,17725,23200,25771,17010,2246,150,21277,1,5:37
2024-25,1628978,Donte DiVincenzo,Donte,1610612750,MIN,Minnesota Timberwolves,0022400952,2025-03-12T00:00:00,MIN @ DEN,W,25.016666666666666,5.8,14.4,0.4,2.9,8.6,0.333,0.0,0.0,0.0,1.4,7.2,8.6,8.6,0.0,0.0,2.9,0.0,1.4,0.0,14.4,33.1,46.3,0,0,40.3,1,1,13086,1,11990,12249,9551,14933,6948,5366,9209,13505,14344,13505,10581,6009,7252,2315,16469,12854,1851,8846,17481,17725,13513,1615,4605,2246,150,6616,1,25:01
2024-25,1630598,Aaron Wiggins,Aaron,1610612760,OKC,Oklahoma City Thunder,0022400946,2025-03-12T00:00:00,OKC @ BOS,W,20.388333333333332,0.0,15.9,0.0,0.0,7.1,0.0,0.0,0.0,0.0,1.8,3.5,5.3,1.8,0.0,1.8,0.0,1.8,1.8,0.0,0.0,14.1,14.3,0,0,10.6,1,1,13086,1,15726,22635,7284,22635,15070,8327,15070,13505,14344,13505,9369,15135,14045,17182,16469,7385,8263,3992,16323,17725,23200,5964,23402,2246,150,24311,1,20:23
2024-25,1641713,GG Jackson,GG,1610612763,MEM,Memphis Grizzlies,0022400950,2025-03-12T00:00:00,MEM vs. UTA,W,16.733333333333334,6.5,12.9,0.5,4.3,8.6,0.5,0.0,0.0,0.0,0.0,8.6,8.6,0.0,0.0,2.2,0.0,2.2,2.2,0.0,17.2,-32.3,34.0,0,0,34.4,1,1,13086,1,18432,10300,12020,8526,3384,5411,3944,13505,14344,13505,14058,3929,7301,19908,16469,5585,8263,2764,14351,17725,10615,24064,11821,2246,150,10507,1,16:44
2024-25,1629626,Bol Bol,Bol,1610612756,PHX,Phoenix Suns,0022400949,2025-03-12T00:00:00,PHX @ HOU,L,16.721666666666668,4.3,15.1,0.286,2.2,6.5,0.333,4.3,4.3,1.0,2.2,4.3,6.5,2.2,4.3,4.3,0.0,0.0,4.3,2.2,15.1,-15.1,34.7,0,0,34.4,1,13222,1,13222,18447,16309,8483,19630,9440,9630,9209,5138,7199,1,7743,12783,11257,15806,3313,1368,8263,8846,6268,12381,12834,19931,11326,2246,150,10492,1,16:43
2024-25,1631466,Nate Williams,Nate,1610612745,HOU,Houston Rockets,0022400949,2025-03-12T00:00:00,HOU vs. PHX,W,1.5166666666666666,0.0,0.0,0.0,0.0,0.0,0.0,0.0,0.0,0.0,0.0,0.0,0.0,0.0,0.0,0.0,0.0,0.0,0.0,0.0,0.0,-142.4,0.0,0,0,0.0,1,1,13086,1,25778,22635,24836,22635,15070,20945,15070,13505,14344,13505,14058,22137,23286,19908,16469,12854,8263,8846,20257,17725,23200,26254,25228,2246,150,25259,1,1:31
2024-25,201988,Patty Mills,Patty,1610612746,LAC,LA Clippers,0022400948,2025-03-12T00:00:00,LAC @ MIA,W,2.283333333333333,0.0,0.0,0.0,0.0,0.0,0.0,0.0,0.0,0.0,0.0,0.0,0.0,0.0,0.0,0.0,0.0,0.0,0.0,0.0,0.0,-15.8,0.0,0,0,0.0,1,1,13086,1,25327,22635,24836,22635,15070,20945,15070,13505,14344,13505,14058,22137,23286,19908,16469,12854,8263,8846,20257,17725,23200,20180,25228,2246,150,25259,1,2:17
2024-25,1629014,Anfernee Simons,Anfernee,1610612757,POR,Portland Trail Blazers,0022400953,2025-03-12T00:00:00,POR vs. NYK,L,31.138333333333332,2.3,12.7,0.182,2.3,9.2,0.25,0.0,0.0,0.0,0.0,4.6,4.6,5.8,2.3,0.0,0.0,0.0,1.2,0.0,6.9,1.2,18.8,0,0,19.7,1,13222,1,13222,6758,20831,12354,21891,8812,4458,11902,13505,14344,13505,14058,11923,15764,5893,9020,12854,8263,8846,18781,17725,20768,12043,21733,2246,150,21062,1,31:08
2024-25,1627832,Fred VanVleet,Fred,1610612745,HOU,Houston Rockets,0022400949,2025-03-12T00:00:00,HOU vs. PHX,W,27.516666666666666,5.2,11.8,0.444,2.6,7.8,0.333,0.0,0.0,0.0,0.0,2.6,2.6,5.2,0.0,5.2,0.0,0.0,2.6,1.3,13.1,20.9,39.8,0,0,34.0,1,1,13086,1,9931,13719,13988,13045,7771,6716,9209,13505,14344,13505,14058,17910,20611,6977,16469,770,8263,8846,12370,15867,15006,3712,7904,2246,150,10833,1,27:31
2024-25,1630256,Jae'Sean Tate,Jae'Sean,1610612745,HOU,Houston Rockets,0022400949,2025-03-12T00:00:00,HOU vs. PHX,W,1.85,0.0,0.0,0.0,0.0,0.0,0.0,0.0,0.0,0.0,0.0,0.0,0.0,0.0,0.0,0.0,0.0,0.0,0.0,0.0,0.0,-155.7,0.0,0,0,0.0,1,1,13086,1,25566,22635,24836,22635,15070,20945,15070,13505,14344,13505,14058,22137,23286,19908,16469,12854,8263,8846,20257,17725,23200,26261,25228,2246,150,25259,1,1:51
2024-25,1630182,Josh Green,Josh,1610612766,CHA,Charlotte Hornets,0022400945,2025-03-12T00:00:00,CHA @ ATL,L,30.033333333333335,1.2,6.0,0.2,0.0,1.2,0.0,0.0,0.0,0.0,1.2,2.4,3.6,0.0,1.2,2.4,0.0,1.2,3.6,0.0,2.4,-7.2,12.7,0,0,10.8,1,13222,1,13222,7755,22496,22612,21401,15070,20622,15070,13505,14344,13505,11799,18495,18336,19908,14452,4707,8263,6273,8439,17725,23098,16591,23842,2246,150,24269,1,30:02
2024-25,1641741,Ricky Council IV,Ricky,1610612755,PHI,Philadelphia 76ers,0022400947,2025-03-12T00:00:00,PHI @ TOR,L,32.93333333333333,3.3,15.3,0.214,1.1,7.7,0.143,4.4,4.4,1.0,1.1,2.2,3.3,1.1,0.0,1.1,0.0,0.0,2.2,4.4,12.0,7.7,20.9,0,0,19.7,1,13222,1,13222,5210,18806,8110,21369,13978,7076,14649,5038,7069,1,12524,19110,19042,19368,16469,11075,8263,8846,14152,5413,16109,8802,20755,2246,150,21048,1,32:56
2024-25,1631128,Christian Braun,Christian,1610612743,DEN,Denver Nuggets,0022400952,2025-03-12T00:00:00,DEN vs. MIN,L,32.88333333333333,3.3,10.9,0.3,0.0,2.2,0.0,0.0,2.2,0.0,1.1,3.3,4.4,0.0,0.0,0.0,0.0,2.2,2.2,1.1,6.6,-17.5,11.8,0,0,10.9,1,13222,1,13222,5255,18793,15451,19363,15070,19188,15070,13505,12117,13505,12508,15839,16340,19908,16469,12854,8263,2670,14140,16932,21012,20787,24055,2246,150,24234,1,32:53
2024-25,1629026,Kenrich Williams,Kenrich,1610612760,OKC,Oklahoma City Thunder,0022400946,2025-03-12T00:00:00,OKC @ BOS,W,21.813333333333333,5.0,9.9,0.5,3.3,8.3,0.4,3.3,6.6,0.5,3.3,3.3,6.6,1.7,0.0,3.3,0.0,0.0,6.6,3.3,16.5,-14.9,36.8,0,0,34.7,1,1,13086,1,14666,14540,17236,8526,5658,5994,7874,7106,3769,10625,4749,15792,10942,17503,16469,2564,8263,8846,2318,8250,11389,19850,9838,2246,150,10329,1,21:49
2024-25,1641790,PJ Hall,PJ,1610612743,DEN,Denver Nuggets,0022400952,2025-03-12T00:00:00,DEN vs. MIN,L,3.1166666666666667,11.6,11.6,1.0,0.0,0.0,0.0,0.0,0.0,0.0,0.0,11.6,11.6,0.0,0.0,0.0,0.0,0.0,11.6,0.0,23.1,-34.7,37.0,0,0,34.7,1,13222,1,13222,24935,1837,14384,1,15070,20945,15070,13505,14344,13505,14058,1591,3896,19908,16469,12854,8263,8846,463,17725,5415,24371,9722,2246,150,10332,1,3:07
2024-25,1631102,TyTy Washington Jr.,TyTy,1610612756,PHX,Phoenix Suns,0022400949,2025-03-12T00:00:00,PHX @ HOU,L,2.3333333333333335,0.0,15.4,0.0,0.0,0.0,0.0,0.0,0.0,0.0,0.0,0.0,0.0,0.0,0.0,0.0,0.0,0.0,0.0,0.0,0.0,108.0,0.0,0,0,0.0,1,13222,1,13222,25302,22635,7920,22635,15070,20945,15070,13505,14344,13505,14058,22137,23286,19908,16469,12854,8263,8846,20257,17725,23200,60,25228,2246,150,25259,1,2:20
2024-25,1630540,Miles McBride,Miles,1610612752,NYK,New York Knicks,0022400953,2025-03-12T00:00:00,NYK @ POR,W,38.13333333333333,3.8,11.3,0.333,2.8,6.6,0.429,0.0,0.0,0.0,0.0,0.9,0.9,4.7,1.9,3.8,1.9,0.0,2.8,0.0,10.4,-1.9,33.7,0,0,30.2,1,1,13086,1,1305,17629,14780,17395,7112,9299,7394,13505,14344,13505,14058,22061,23247,8137,11110,1876,3799,8846,11504,17725,17772,13970,12039,2246,150,13788,1,38:08
2024-25,1630639,A.J. Lawson,A.J.,1610612761,TOR,Toronto Raptors,0022400947,2025-03-12T00:00:00,TOR vs. PHI,W,35.516666666666666,10.1,20.3,0.5,4.1,9.1,0.444,4.1,6.1,0.667,1.0,5.1,6.1,4.1,3.0,0.0,0.0,2.0,4.1,5.1,28.4,1.0,38.7,0,0,42.6,1,1,13086,1,3054,3075,2788,8526,3881,4639,7211,5598,4372,9425,13144,10671,12091,9791,6310,12854,8263,3137,6987,3977,2640,12146,8578,2246,150,5362,1,35:31
2024-25,1626164,Devin Booker,Devin,1610612756,PHX,Phoenix Suns,0022400949,2025-03-12T00:00:00,PHX @ HOU,L,37.416666666666664,6.7,14.4,0.467,1.9,4.8,0.4,2.9,4.8,0.6,0.0,2.9,2.9,3.8,1.9,0.0,0.0,1.9,2.9,5.8,18.3,-4.8,25.6,0,0,26.9,1,13222,1,13222,1729,9608,9463,12249,10527,13666,7874,8128,6279,10343,14058,17129,20028,10374,10931,12854,8263,3465,11236,2940,9547,15477,17884,2246,150,16199,1,37:25
2024-25,203083,Andre Drummond,Andre,1610612755,PHI,Philadelphia 76ers,0022400947,2025-03-12T00:00:00,PHI @ TOR,L,25.4,2.8,8.5,0.333,0.0,1.4,0.0,0.0,0.0,0.0,2.8,5.7,8.5,1.4,0.0,0.0,2.8,2.8,2.8,0.0,5.7,-35.4,26.5,0,0,21.3,1,13222,1,13222,11651,19801,19480,17395,15070,20363,15070,13505,14344,13505,5768,9119,7461,18282,16469,12854,1900,1550,11484,17725,21613,24463,17291,2246,150,20122,1,25:24
2024-25,1630217,Desmond Bane,Desmond,1610612763,MEM,Memphis Grizzlies,0022400950,2025-03-12T00:00:00,MEM vs. UTA,W,32.82333333333333,6.6,15.4,0.429,3.3,4.4,0.75,2.2,2.2,1.0,0.0,5.5,5.5,9.9,0.0,1.1,1.1,2.2,2.2,2.2,18.6,11.0,46.6,0,0,41.7,1,1,13086,1,5314,9984,8027,13735,5699,14716,1542,9977,12112,1,14058,9573,13579,1500,16469,11046,6809,2658,14129,12188,9168,7253,4488,2246,150,5809,1,32:49
2024-25,1629011,Mitchell Robinson,Mitchell,1610612752,NYK,New York Knicks,0022400953,2025-03-12T00:00:00,NYK @ POR,W,18.78,1.9,1.9,1.0,0.0,0.0,0.0,1.9,3.8,0.5,5.8,1.9,7.7,1.9,3.8,3.8,3.8,0.0,7.7,1.9,5.8,-19.2,37.0,0,0,30.7,1,1,13086,1,16993,21550,24774,1,15070,20945,15070,10895,8169,10625,1775,19926,8849,16685,4221,1811,1015,8846,1534,13447,21567,21294,9699,2246,150,13416,1,18:47
2024-25,1628988,Aaron Holiday,Aaron,1610612745,HOU,Houston Rockets,0022400949,2025-03-12T00:00:00,HOU vs. PHX,W,12.945,5.6,16.7,0.333,5.6,13.9,0.4,0.0,0.0,0.0,0.0,2.8,2.8,0.0,0.0,0.0,2.8,0.0,2.8,0.0,16.7,-30.6,28.4,0,0,30.6,1,1,13086,1,20773,12815,6199,17395,1692,951,7874,13505,14344,13505,14058,17461,20298,19908,16469,12854,1980,8846,11727,17725,11186,23826,15954,2246,150,13488,1,12:57
2024-25,1630288,Jeff Dowtin Jr.,Jeff,1610612755,PHI,Philadelphia 76ers,0022400947,2025-03-12T00:00:00,PHI @ TOR,L,26.766666666666666,12.1,18.8,0.643,2.7,5.4,0.5,0.0,0.0,0.0,1.3,1.3,2.7,4.0,0.0,2.7,0.0,1.3,1.3,1.3,26.9,-4.0,44.2,0,0,41.7,1,13222,1,13222,10516,1457,3903,4607,7569,12255,3944,13505,14344,13505,10993,21197,20470,9848,16469,3934,8263,5421,17844,15704,3253,15086,5541,2246,150,5803,1,26:46
2024-25,1630170,Devin Vassell,Devin,1610612759,SAS,San Antonio Spurs,0022400951,2025-03-12T00:00:00,SAS vs. DAL,W,33.916666666666664,6.4,14.9,0.429,2.1,8.5,0.25,2.1,2.1,1.0,1.1,9.6,10.6,6.4,1.1,2.1,1.1,0.0,1.1,1.1,17.0,13.8,47.8,1,0,42.5,1,1,13086,1,4334,10518,8806,13735,9579,5599,11902,10222,12344,1,12784,2959,4798,4903,15414,5689,7050,8846,19328,17111,10862,6082,4059,1,150,5428,1,33:55
2024-25,1630230,Naji Marshall,Naji,1610612742,DAL,Dallas Mavericks,0022400951,2025-03-12T00:00:00,DAL @ SAS,L,34.166666666666664,7.4,15.8,0.467,1.1,6.3,0.167,0.0,1.1,0.0,0.0,3.2,3.2,3.2,3.2,2.1,0.0,0.0,2.1,1.1,15.8,-11.6,27.5,0,0,27.4,1,13222,1,13222,4116,8066,7406,12249,14228,9934,14236,13505,14127,13505,14058,16225,19339,12446,5945,5751,8263,8846,14578,17155,12114,18568,16579,2246,150,15868,1,34:10
2024-25,1628969,Mikal Bridges,Mikal,1610612752,NYK,New York Knicks,0022400953,2025-03-12T00:00:00,NYK @ POR,W,40.71666666666667,11.5,18.6,0.619,1.8,3.5,0.5,4.4,5.3,0.833,0.0,3.5,3.5,3.5,2.7,0.9,0.9,0.0,4.4,2.7,29.2,1.8,41.4,0,0,41.6,1,1,13086,1,413,1871,4159,5227,11197,16576,3944,4956,5456,7275,14058,15124,18474,11285,7683,12721,8130,8846,5967,10468,2379,11760,6940,2246,150,5878,1,40:43
2024-25,1642461,Spencer Jones,Spencer,1610612743,DEN,Denver Nuggets,0022400952,2025-03-12T00:00:00,DEN vs. MIN,L,5.083333333333333,0.0,7.1,0.0,0.0,0.0,0.0,0.0,0.0,0.0,0.0,7.1,7.1,7.1,0.0,7.1,7.1,0.0,0.0,0.0,0.0,42.5,61.6,0,0,42.5,1,13222,1,13222,23956,22635,21460,22635,15070,20945,15070,13505,14344,13505,14058,6208,9986,3907,16469,282,196,8846,20257,17725,23200,807,1011,2246,150,5406,1,5:05
2024-25,1628404,Josh Hart,Josh,1610612752,NYK,New York Knicks,0022400953,2025-03-12T00:00:00,NYK @ POR,W,42.166666666666664,3.4,12.0,0.286,1.7,5.1,0.333,0.9,1.7,0.5,2.6,6.8,9.4,7.7,2.6,0.9,0.0,1.7,1.7,2.6,9.4,2.6,32.2,1,0,29.9,1,1,13086,1,243,18506,13679,19630,11378,12902,9209,13481,13288,10625,6452,6661,6195,3203,8014,12779,8263,4127,16513,10756,18733,11338,13187,1,150,14043,1,42:10
2024-25,1642262,Cody Williams,Cody,1610612762,UTA,Utah Jazz,0022400950,2025-03-12T00:00:00,UTA @ MEM,L,27.316666666666666,2.6,6.6,0.4,1.3,4.0,0.333,0.0,0.0,0.0,2.6,5.3,7.9,0.0,1.3,1.3,1.3,1.3,2.6,1.3,6.6,-14.5,22.7,0,0,21.1,1,13222,1,13222,10084,20211,22026,14933,12793,15671,9209,13505,14344,13505,6261,10098,8446,19908,13726,9360,5571,5566,12305,15818,20995,19704,19767,2246,150,20230,1,27:19
2024-25,1628415,Dillon Brooks,Dillon,1610612745,HOU,Houston Rockets,0022400949,2025-03-12T00:00:00,HOU vs. PHX,W,34.6,8.3,14.6,0.571,2.1,5.2,0.4,1.0,3.1,0.333,0.0,1.0,1.0,4.2,1.0,0.0,0.0,1.0,2.1,2.1,19.8,14.6,26.2,0,0,27.1,1,1,13086,1,3784,5936,9257,6538,9760,12697,7874,13108,9665,13132,14058,21897,23172,9488,15555,12854,8263,7568,14694,12699,8102,5793,17468,2246,150,16117,1,34:36
2024-25,1642419,Jamison Battle,Jamison,1610612761,TOR,Toronto Raptors,0022400947,2025-03-12T00:00:00,TOR vs. PHI,W,38.3,3.8,14.1,0.267,2.8,11.3,0.25,0.0,0.0,0.0,0.9,6.6,7.5,0.9,2.8,0.0,0.0,0.0,1.9,0.9,10.3,0.0,18.0,0,0,21.6,1,1,13086,1,1212,17676,10011,20170,7157,2269,11902,13505,14344,13505,13721,7145,9132,19816,7142,12854,8263,8846,15789,17574,17816,12240,22114,2246,150,19881,1,38:18
2024-25,1631221,Collin Gillespie,Collin,1610612756,PHX,Phoenix Suns,0022400949,2025-03-12T00:00:00,PHX @ HOU,L,5.05,0.0,0.0,0.0,0.0,0.0,0.0,14.3,14.3,1.0,7.1,7.1,14.3,14.3,0.0,0.0,0.0,0.0,0.0,7.1,14.3,64.2,52.8,0,0,42.8,1,13222,1,13222,23973,22635,24836,22635,15070,20945,15070,198,418,1,1093,6120,2120,364,16469,12854,8263,8846,20257,1561,13652,298,2518,2246,150,5266,1,5:03
2024-25,1630249,Vít Krejčí,Vít,1610612737,ATL,Atlanta Hawks,0022400945,2025-03-12T00:00:00,ATL vs. CHA,W,14.566666666666666,7.4,9.9,0.75,7.4,7.4,1.0,4.9,7.4,0.667,0.0,2.5,2.5,0.0,4.9,2.5,0.0,0.0,2.5,2.5,27.2,4.9,32.6,0,0,42.0,1,1,13086,1,19845,7978,17271,2107,630,7578,1,4127,2985,9425,14058,18262,20859,19908,2406,4465,8263,8846,12906,11095,3118,10142,12865,2246,150,5634,1,14:34
2024-25,1627759,Jaylen Brown,Jaylen,1610612738,BOS,Boston Celtics,0022400946,2025-03-12T00:00:00,BOS vs. OKC,L,37.983333333333334,4.7,14.2,0.333,0.0,4.7,0.0,0.0,0.0,0.0,0.9,3.8,4.7,1.9,1.9,1.9,0.9,1.9,5.7,3.8,9.5,-1.9,24.6,0,0,21.8,1,13222,1,13222,1394,15147,9805,17395,15070,13872,15070,13505,14344,13505,13668,14348,15466,16766,11071,6791,7844,3566,3412,6871,18660,13977,18528,2246,150,19792,1,37:59
2024-25,1628389,Bam Adebayo,Bam,1610612748,MIA,Miami Heat,0022400948,2025-03-12T00:00:00,MIA vs. LAC,L,35.25,2.0,7.1,0.286,0.0,1.0,0.0,2.0,2.0,1.0,1.0,6.1,7.1,7.1,1.0,5.1,0.0,0.0,3.1,1.0,6.1,-14.3,39.7,0,0,30.6,1,13222,1,13222,3274,21329,21384,19630,15070,20840,15070,10483,12599,1,13080,8043,9857,3824,15699,830,8263,8846,10417,17313,21300,19616,7942,2246,150,13448,1,35:15
2024-25,201950,Jrue Holiday,Jrue,1610612738,BOS,Boston Celtics,0022400946,2025-03-12T00:00:00,BOS vs. OKC,L,34.60666666666667,4.2,10.4,0.4,1.0,7.3,0.143,0.0,0.0,0.0,2.1,1.0,3.1,2.1,0.0,3.1,0.0,0.0,2.1,0.0,9.4,-14.6,25.6,0,0,21.8,1,13222,1,13222,3782,16704,16381,14933,14303,7858,14649,13505,14344,13505,8030,21899,19432,16068,16469,2892,8263,8846,14704,17725,18769,19735,17885,2246,150,19761,1,34:36
2024-25,1642024,Alex Reese,Alex,1610612755,PHI,Philadelphia 76ers,0022400947,2025-03-12T00:00:00,PHI @ TOR,L,18.466666666666665,1.9,5.8,0.333,0.0,3.9,0.0,0.0,0.0,0.0,0.0,5.8,5.8,0.0,1.9,0.0,5.8,0.0,5.8,0.0,3.9,27.3,26.5,0,0,21.4,1,13222,1,13222,17225,21497,22759,17395,15070,15790,15070,13505,14344,13505,14058,8669,12638,19908,10782,12854,338,8846,3141,17725,22597,2377,17285,2246,150,20008,1,18:28
2024-25,203486,Mason Plumlee,Mason,1610612756,PHX,Phoenix Suns,0022400949,2025-03-12T00:00:00,PHX @ HOU,L,13.266666666666667,5.4,5.4,1.0,0.0,0.0,0.0,0.0,0.0,0.0,2.7,13.6,16.3,0.0,0.0,0.0,0.0,0.0,0.0,0.0,10.9,-8.1,30.4,0,0,27.1,1,13222,1,13222,20616,13198,23146,1,15070,20945,15070,13505,14344,13505,6062,859,1329,19908,16469,12854,8263,8846,20257,17725,17314,17031,14504,2246,150,16064,1,13:16
2024-25,1630183,Jaden McDaniels,Jaden,1610612750,MIN,Minnesota Timberwolves,0022400952,2025-03-12T00:00:00,MIN @ DEN,W,31.55,8.0,14.8,0.538,2.3,4.6,0.5,0.0,0.0,0.0,3.4,5.7,9.1,1.1,0.0,1.1,1.1,0.0,2.3,1.1,18.3,17.1,37.8,0,0,35.4,1,1,13086,1,6376,6659,8847,7978,8914,14287,3944,13505,14344,13505,4495,9027,6541,19222,16469,10667,6533,8846,13714,16702,9568,4861,9180,2246,150,9821,1,31:33
2024-25,1630205,Lamar Stevens,Lamar,1610612763,MEM,Memphis Grizzlies,0022400950,2025-03-12T00:00:00,MEM vs. UTA,W,12.248333333333333,0.0,8.8,0.0,0.0,5.9,0.0,5.9,5.9,1.0,2.9,14.7,17.6,0.0,2.9,2.9,2.9,2.9,5.9,2.9,5.9,26.5,41.7,0,0,35.3,1,1,13086,1,21131,22635,18988,22635,15070,10999,15070,2993,4642,1,5481,624,981,19908,6677,3298,1766,1406,3103,9463,21473,2530,6757,2246,150,9897,1,12:15
2024-25,202066,Garrett Temple,Garrett,1610612761,TOR,Toronto Raptors,0022400947,2025-03-12T00:00:00,TOR vs. PHI,W,22.183333333333334,4.9,11.4,0.429,3.2,3.2,1.0,0.0,0.0,0.0,1.6,1.6,3.2,13.0,4.9,1.6,0.0,3.2,6.5,3.2,13.0,14.6,36.4,0,0,35.7,1,1,13086,1,14357,14747,14740,13735,5832,17185,1,13505,14344,13505,9831,20625,19123,535,2503,7909,8263,1108,2408,8421,15109,5778,10118,2246,150,9571,1,22:11
2024-25,1629599,Amir Coffey,Amir,1610612746,LAC,LA Clippers,0022400948,2025-03-12T00:00:00,LAC @ MIA,W,25.266666666666666,7.1,10.0,0.714,4.3,5.7,0.75,0.0,0.0,0.0,0.0,2.8,2.8,1.4,0.0,0.0,0.0,1.4,0.0,0.0,18.5,7.1,24.1,0,0,27.1,1,1,13086,1,11769,8646,17099,2752,3438,11446,1542,13505,14344,13505,14058,17239,20115,18253,16469,12854,8263,5077,20257,17725,9303,9082,18890,2246,150,16104,1,25:16
2024-25,1642270,Donovan Clingan,Donovan,1610612757,POR,Portland Trail Blazers,0022400953,2025-03-12T00:00:00,POR vs. NYK,L,33.835,3.2,7.4,0.429,0.0,1.1,0.0,0.0,0.0,0.0,4.3,8.5,12.8,1.1,2.1,0.0,3.2,0.0,5.3,0.0,6.4,-8.5,30.7,0,0,26.6,1,13222,1,13222,4411,19015,21009,13735,15070,20785,15070,13505,14344,13505,3241,4042,2961,19467,9863,12854,1488,8846,3989,17725,21138,17191,14239,2246,150,16468,1,33:50
2024-25,1630314,Brandon Williams,Brandon,1610612742,DAL,Dallas Mavericks,0022400951,2025-03-12T00:00:00,DAL @ SAS,L,28.2,7.7,15.3,0.5,2.6,6.4,0.4,6.4,7.7,0.833,0.0,3.8,3.8,7.7,1.3,2.6,0.0,1.3,2.6,7.7,24.3,5.1,46.7,0,0,43.4,1,13222,1,13222,9378,7353,8071,8526,7959,9793,7874,2517,2772,7275,14058,14230,17746,3215,13926,4244,8263,5778,12594,1225,4638,10050,4439,2246,150,4961,1,28:12
2024-25,1630163,LaMelo Ball,LaMelo,1610612766,CHA,Charlotte Hornets,0022400945,2025-03-12T00:00:00,CHA @ ATL,L,30.4,7.1,24.9,0.286,3.6,13.0,0.273,11.8,11.8,1.0,2.4,0.0,2.4,10.7,3.6,2.4,1.2,1.2,3.6,8.3,29.6,-7.1,55.5,0,0,53.3,1,13222,1,13222,7411,8690,855,19630,5020,1290,11838,359,798,1,7018,22137,21065,1135,4904,4802,6276,6378,8592,897,2231,16559,1890,2246,150,1743,1,30:24
2024-25,1641816,Hunter Tyson,Hunter,1610612743,DEN,Denver Nuggets,0022400952,2025-03-12T00:00:00,DEN vs. MIN,L,5.083333333333333,21.2,35.4,0.6,14.2,28.3,0.5,0.0,0.0,0.0,0.0,0.0,0.0,0.0,0.0,7.1,0.0,0.0,0.0,0.0,56.7,42.5,77.9,0,0,85.0,1,13222,1,13222,23956,115,128,5394,87,83,3944,13505,14344,13505,14058,22137,23286,19908,16469,282,8263,8846,20257,17725,99,807,240,2246,150,117,1,5:05
2024-25,1629639,Tyler Herro,Tyler,1610612748,MIA,Miami Heat,0022400948,2025-03-12T00:00:00,MIA vs. LAC,L,41.95,11.2,19.7,0.565,1.7,6.0,0.286,2.6,2.6,1.0,0.9,4.3,5.1,6.0,0.9,1.7,0.0,0.0,0.0,1.7,26.6,-12.0,46.1,0,0,42.9,1,13222,1,13222,258,2137,3160,7102,11353,10673,11433,8871,11040,1,13988,12833,14404,5476,16415,7555,8263,8846,20257,14219,3385,18740,4713,2246,150,5191,1,41:57
2024-25,1631230,Dominick Barlow,Dominick,1610612737,ATL,Atlanta Hawks,0022400945,2025-03-12T00:00:00,ATL vs. CHA,W,17.5,4.1,12.3,0.333,0.0,2.1,0.0,10.3,12.3,0.833,0.0,6.2,6.2,4.1,0.0,4.1,2.1,2.1,2.1,12.3,18.5,8.2,50.6,0,0,41.1,1,1,13086,1,17920,16810,12991,17395,15070,19443,15070,623,693,7275,14058,7960,11883,9624,16469,1528,3328,3031,14830,179,9311,8517,3097,2246,150,6110,1,17:30
2024-25,1631109,Mark Williams,Mark,1610612766,CHA,Charlotte Hornets,0022400945,2025-03-12T00:00:00,CHA @ ATL,L,25.533333333333335,8.5,12.7,0.667,0.0,0.0,0.0,2.8,2.8,1.0,4.2,15.5,19.7,2.8,4.2,1.4,2.8,1.4,4.2,4.2,19.7,-16.9,56.1,1,0,50.8,1,13222,1,13222,11556,5689,12402,3281,15070,20945,15070,8290,10429,1,3273,490,573,13521,3447,8838,1921,5137,6473,5763,8132,20588,1787,1,150,2326,1,25:32
2024-25,1631110,Jeremy Sochan,Jeremy,1610612759,SAS,San Antonio Spurs,0022400951,2025-03-12T00:00:00,SAS vs. DAL,W,23.55,12.2,19.9,0.615,3.1,7.6,0.4,0.0,0.0,0.0,6.1,4.6,10.7,3.1,0.0,0.0,0.0,0.0,4.6,0.0,27.5,-12.2,44.9,0,0,44.3,1,1,13086,1,13273,1392,3049,5246,6331,7090,7874,13505,14344,13505,1558,12021,4699,12735,16469,12854,8263,8846,5571,17725,2973,18831,5209,2246,150,4540,1,23:33
2024-25,1628401,Derrick White,Derrick,1610612738,BOS,Boston Celtics,0022400946,2025-03-12T00:00:00,BOS vs. OKC,L,37.31666666666667,6.8,13.5,0.5,5.8,11.6,0.5,1.9,2.9,0.667,1.9,5.8,7.7,4.8,2.9,1.9,2.9,0.0,5.8,3.9,21.2,-12.5,49.3,0,0,49.2,1,13222,1,13222,1783,9557,10996,8526,1486,2047,3944,10868,10250,9425,8710,8816,8773,7851,6870,6624,1832,8846,3244,6681,6906,18959,3498,2246,150,2765,1,37:19
2024-25,1628379,Luke Kennard,Luke,1610612763,MEM,Memphis Grizzlies,0022400950,2025-03-12T00:00:00,MEM vs. UTA,W,30.936666666666667,12.8,16.3,0.786,8.1,10.5,0.778,1.2,1.2,1.0,0.0,4.7,4.7,1.2,3.5,1.2,1.2,0.0,2.3,1.2,34.9,22.1,45.7,0,0,53.5,1,1,13086,1,6929,1108,6702,1975,424,3006,1530,12714,13947,1,14058,11843,15690,19142,5032,10478,6401,8846,13536,16580,976,3431,4850,2246,150,1704,1,30:56
2024-25,1629027,Trae Young,Trae,1610612737,ATL,Atlanta Hawks,0022400945,2025-03-12T00:00:00,ATL vs. CHA,W,35.483333333333334,7.1,20.3,0.35,0.0,5.1,0.0,21.3,21.3,1.0,2.0,5.1,7.1,12.2,5.1,1.0,0.0,2.0,1.0,10.1,35.5,6.1,60.3,1,0,56.8,1,1,13086,1,3087,8698,2771,17337,15070,13022,15070,64,117,1,8266,10655,9948,681,2252,11814,8263,3131,19611,387,900,9575,1163,1,150,1185,1,35:29
2024-25,203944,Julius Randle,Julius,1610612750,MIN,Minnesota Timberwolves,0022400952,2025-03-12T00:00:00,MIN @ DEN,W,27.883333333333333,11.6,15.5,0.75,3.9,6.5,0.6,5.2,7.7,0.667,1.3,3.9,5.2,3.9,5.2,2.6,0.0,1.3,3.9,6.5,32.3,21.9,46.9,0,0,50.4,1,1,13086,1,9638,1795,7831,2107,4261,9635,2992,3804,2713,9425,11237,14115,14365,10300,2149,4175,8263,5697,7537,2123,1462,3467,4365,2246,150,2433,1,27:53
2024-25,1630568,Luka Garza,Luka,1610612750,MIN,Minnesota Timberwolves,0022400952,2025-03-12T00:00:00,MIN @ DEN,W,4.783333333333333,15.1,37.6,0.4,7.5,15.1,0.5,0.0,0.0,0.0,7.5,7.5,15.1,0.0,0.0,0.0,0.0,0.0,0.0,0.0,37.6,-30.1,55.7,0,0,60.2,1,1,13086,1,24099,485,100,14933,586,681,3944,13505,14344,13505,941,5444,1750,19908,16469,12854,8263,8846,20257,17725,637,23755,1861,2246,150,808,1,4:47
2024-25,1627814,Damion Lee,Damion,1610612756,PHX,Phoenix Suns,0022400949,2025-03-12T00:00:00,PHX @ HOU,L,1.85,19.5,19.5,1.0,19.5,19.5,1.0,0.0,0.0,0.0,0.0,0.0,0.0,0.0,0.0,0.0,0.0,0.0,0.0,0.0,58.4,155.7,58.4,0,0,77.8,1,13222,1,13222,25566,157,3369,1,33,261,1,13505,14344,13505,14058,22137,23286,19908,16469,12854,8263,8846,20257,17725,96,25,1420,2246,150,188,1,1:51
2024-25,1629022,Lonnie Walker IV,Lonnie,1610612755,PHI,Philadelphia 76ers,0022400947,2025-03-12T00:00:00,PHI @ TOR,L,0.3333333333333333,0.0,0.0,0.0,0.0,0.0,0.0,0.0,0.0,0.0,0.0,108.0,108.0,0.0,0.0,0.0,0.0,0.0,0.0,108.0,0.0,0.0,129.6,0,0,108.0,1,13222,1,13222,26248,22635,24836,22635,15070,20945,15070,13505,14344,13505,14058,3,5,19908,16469,12854,8263,8846,20257,1,23200,12240,24,2246,150,44,1,0:20
2024-25,1627751,Jakob Poeltl,Jakob,1610612761,TOR,Toronto Raptors,0022400947,2025-03-12T00:00:00,TOR vs. PHI,W,17.05,8.4,12.7,0.667,0.0,0.0,0.0,2.1,2.1,1.0,2.1,8.4,10.6,4.2,8.4,4.2,4.2,4.2,0.0,4.2,19.0,16.9,54.9,0,0,50.7,1,1,13086,1,18224,5720,12441,3281,15070,20945,15070,10257,12387,1,7915,4118,4854,9333,510,1443,805,578,20257,5783,8856,4942,2011,2246,150,2351,1,17:03
2024-25,1629640,Keldon Johnson,Keldon,1610612759,SAS,San Antonio Spurs,0022400951,2025-03-12T00:00:00,SAS vs. DAL,W,17.066666666666666,14.8,19.0,0.778,0.0,0.0,0.0,8.4,8.4,1.0,4.2,6.3,10.5,4.2,2.1,2.1,0.0,0.0,2.1,4.2,38.0,2.1,61.2,0,0,57.0,1,1,13086,1,18215,539,3771,1994,15070,20945,15070,1214,2238,1,3284,7641,4865,9339,9956,5744,8263,8846,14569,5794,612,11565,1052,2246,150,1170,1,17:04
2024-25,1631115,Orlando Robinson,Orlando,1610612761,TOR,Toronto Raptors,0022400947,2025-03-12T00:00:00,TOR vs. PHI,W,32.03333333333333,10.1,21.4,0.474,2.2,3.4,0.667,5.6,6.7,0.833,5.6,7.9,13.5,6.7,1.1,0.0,0.0,0.0,3.4,4.5,28.1,2.2,53.3,1,0,50.6,1,1,13086,1,5940,3095,2127,12072,9054,16928,1957,3297,3615,7275,1868,4919,2492,4362,14985,12854,8263,8846,9181,5156,2748,11489,2383,1,150,2369,1,32:02
2024-25,1631117,Walker Kessler,Walker,1610612762,UTA,Utah Jazz,0022400950,2025-03-12T00:00:00,UTA @ MEM,L,29.198333333333334,4.9,6.2,0.8,0.0,0.0,0.0,1.2,2.5,0.5,4.9,12.3,17.3,6.2,2.5,2.5,7.4,1.2,0.0,2.5,11.1,1.2,68.2,0,0,54.2,1,13222,1,13222,8513,14600,22459,1688,15070,20945,15070,12494,11299,10625,2435,1218,1067,5227,8378,4487,178,6035,20257,11113,17092,11986,514,2246,150,1581,1,29:12
2024-25,1641738,Kobe Brown,Kobe,1610612746,LAC,LA Clippers,0022400948,2025-03-12T00:00:00,LAC @ MIA,W,0.5733333333333334,0.0,62.8,0.0,0.0,0.0,0.0,0.0,0.0,0.0,62.8,0.0,62.8,0.0,62.8,0.0,0.0,0.0,0.0,0.0,0.0,125.6,12.6,0,0,62.8,1,1,13086,1,26193,22635,11,22635,15070,20945,15070,13505,14344,13505,3,22137,10,19908,3,12854,8263,8846,20257,17725,23200,32,23885,2246,150,589,1,0:34
2024-25,1629656,Quentin Grimes,Quentin,1610612755,PHI,Philadelphia 76ers,0022400947,2025-03-12T00:00:00,PHI @ TOR,L,30.533333333333335,13.0,27.1,0.478,2.4,9.4,0.25,5.9,7.1,0.833,0.0,4.7,4.7,3.5,7.1,3.5,2.4,0.0,2.4,3.5,34.2,-13.0,55.8,0,0,56.6,1,13222,1,13222,7291,1047,486,11986,8634,4212,11902,2963,3298,7275,14058,11660,15518,11281,858,2198,2629,8846,13404,7570,1090,19117,1844,2246,150,1213,1,30:32
2024-25,1641729,Brice Sensabaugh,Brice,1610612762,UTA,Utah Jazz,0022400950,2025-03-12T00:00:00,UTA @ MEM,L,16.525,8.7,19.6,0.444,6.5,10.9,0.6,0.0,0.0,0.0,0.0,6.5,6.5,2.2,2.2,0.0,2.2,0.0,2.2,0.0,24.0,10.9,39.4,0,0,43.6,1,13222,1,13222,18591,5241,3271,13045,984,2591,2992,13505,14344,13505,14058,7229,11093,15698,9604,12854,2994,8846,14198,17725,4832,7281,8112,2246,150,4888,1,16:32
2024-25,203957,Danté Exum,Danté,1610612742,DAL,Dallas Mavericks,0022400951,2025-03-12T00:00:00,DAL @ SAS,L,22.216666666666665,9.7,11.3,0.857,3.2,4.9,0.667,4.9,4.9,1.0,0.0,4.9,4.9,4.9,3.2,1.6,0.0,0.0,1.6,3.2,27.5,-25.9,42.3,0,0,43.8,1,13222,1,13222,14337,3578,14758,1412,5845,13531,1957,4250,6175,1,14058,11253,15156,7772,5698,7915,8263,8846,16808,8433,2959,23012,6476,2246,150,4800,1,22:13
2024-25,1630643,Jay Huff,Jay,1610612763,MEM,Memphis Grizzlies,0022400950,2025-03-12T00:00:00,MEM vs. UTA,W,9.391666666666667,7.7,23.0,0.333,3.8,15.3,0.25,0.0,0.0,0.0,0.0,15.3,15.3,3.8,0.0,0.0,3.8,0.0,0.0,3.8,19.2,30.7,54.8,0,0,49.8,1,1,13086,1,22320,7336,1383,17395,4351,624,11902,13505,14344,13505,14058,512,1638,10410,16469,12854,1016,8846,20257,6759,8680,1873,2029,2246,150,2584,1,9:24
2024-25,1628970,Miles Bridges,Miles,1610612766,CHA,Charlotte Hornets,0022400945,2025-03-12T00:00:00,CHA @ ATL,L,36.61666666666667,10.8,18.7,0.579,4.9,7.9,0.625,3.9,5.9,0.667,0.0,10.8,10.8,4.9,2.9,2.0,3.9,2.0,0.0,3.9,30.5,-5.9,65.6,1,0,62.9,1,13222,1,13222,2270,2407,4042,6486,2384,6681,2868,5821,4608,9425,14058,2012,4582,7656,6640,6409,953,3329,20257,6481,1930,16018,661,1,150,579,1,36:37
2024-25,1630173,Precious Achiuwa,Precious,1610612752,NYK,New York Knicks,0022400953,2025-03-12T00:00:00,NYK @ POR,W,8.833333333333334,0.0,8.2,0.0,0.0,0.0,0.0,0.0,0.0,0.0,4.1,4.1,8.2,0.0,0.0,0.0,0.0,0.0,0.0,0.0,0.0,-16.3,9.8,0,0,8.2,1,1,13086,1,22517,22635,20013,22635,15070,20945,15070,13505,14344,13505,3488,13494,8004,19908,16469,12854,8263,8846,20257,17725,23200,20366,24454,2246,150,24743,1,8:50
2024-25,203084,Harrison Barnes,Harrison,1610612759,SAS,San Antonio Spurs,0022400951,2025-03-12T00:00:00,SAS vs. DAL,W,31.4,6.9,8.0,0.857,1.1,1.1,1.0,1.1,2.3,0.5,1.1,2.3,3.4,1.1,1.1,1.1,0.0,0.0,0.0,2.3,16.1,18.3,24.2,0,0,24.1,1,1,13086,1,6506,9213,20222,1412,13667,20687,1,12767,11807,10625,12141,18781,18687,19201,14819,10619,8263,8846,20257,11777,11872,4449,18820,2246,150,18271,1,31:24
2024-25,1631095,Jabari Smith Jr.,Jabari,1610612745,HOU,Houston Rockets,0022400949,2025-03-12T00:00:00,HOU vs. PHX,W,33.06666666666667,4.4,13.1,0.333,0.0,6.5,0.0,0.0,0.0,0.0,3.3,1.1,4.4,3.3,1.1,1.1,0.0,1.1,3.3,1.1,8.7,12.0,21.0,0,0,18.5,1,1,13086,1,5096,16185,11751,17395,15070,9470,15070,13505,14344,13505,4810,21778,16396,12091,15205,11114,8263,7155,9588,16956,19336,6805,20681,2246,150,21621,1,33:04
2024-25,1642377,Jaylen Wells,Jaylen,1610612763,MEM,Memphis Grizzlies,0022400950,2025-03-12T00:00:00,MEM vs. UTA,W,24.491666666666667,1.5,10.3,0.143,1.5,8.8,0.167,0.0,0.0,0.0,0.0,5.9,5.9,2.9,1.5,1.5,0.0,1.5,1.5,0.0,4.4,2.9,18.8,0,0,17.6,1,1,13086,1,12490,22204,16577,22260,12165,5069,14236,13505,14344,13505,14058,8595,12569,13132,12904,8532,8263,4885,17346,17725,22341,11154,21752,2246,150,22012,1,24:30
2024-25,1630585,Marcus Garrett,Marcus,1610612766,CHA,Charlotte Hornets,0022400945,2025-03-12T00:00:00,CHA @ ATL,L,19.116666666666667,3.8,11.3,0.333,0.0,1.9,0.0,0.0,0.0,0.0,0.0,1.9,1.9,9.4,5.6,0.0,0.0,0.0,5.6,1.9,7.5,-15.1,18.3,0,0,18.8,1,13222,1,13222,16737,17656,14829,17395,15070,19769,15070,13505,14344,13505,14058,20021,22032,1751,1678,12854,8263,8846,3469,13576,20291,19927,21982,2246,150,21469,1,19:07
2024-25,1629013,Landry Shamet,Landry,1610612752,NYK,New York Knicks,0022400953,2025-03-12T00:00:00,NYK @ POR,W,19.733333333333334,5.5,10.9,0.5,0.0,1.8,0.0,0.0,0.0,0.0,0.0,3.6,3.6,0.0,1.8,1.8,0.0,0.0,5.5,0.0,10.9,-12.8,19.0,0,0,18.2,1,1,13086,1,16233,13061,15454,8526,15070,19875,15070,13505,14344,13505,14058,14791,18208,19908,11439,7137,8263,8846,3747,17725,17222,19043,21655,2246,150,21747,1,19:44
2024-25,1631133,Jabari Walker,Jabari,1610612757,POR,Portland Trail Blazers,0022400953,2025-03-12T00:00:00,POR vs. NYK,L,11.416666666666666,0.0,3.2,0.0,0.0,3.2,0.0,0.0,0.0,0.0,3.2,3.2,6.3,0.0,3.2,0.0,0.0,0.0,3.2,0.0,0.0,0.0,4.4,0,0,6.3,1,13222,1,13222,21525,22635,24436,22635,15070,17355,15070,13505,14344,13505,5030,16245,11590,19908,5966,12854,8263,8846,10063,17725,23200,12240,25057,2246,150,24970,1,11:25
2024-25,203500,Steven Adams,Steven,1610612745,HOU,Houston Rockets,0022400949,2025-03-12T00:00:00,HOU vs. PHX,W,11.283333333333333,0.0,3.2,0.0,0.0,0.0,0.0,3.2,6.4,0.5,6.4,6.4,12.8,3.2,0.0,0.0,0.0,0.0,3.2,3.2,3.2,3.2,23.3,0,0,19.1,1,1,13086,1,21589,22635,24425,22635,15070,20945,15070,7351,4026,10625,1430,7539,2965,12351,16469,12854,8263,8846,9898,8593,22894,11023,19380,2246,150,21322,1,11:17
2024-25,201145,Jeff Green,Jeff,1610612745,HOU,Houston Rockets,0022400949,2025-03-12T00:00:00,HOU vs. PHX,W,6.511666666666667,0.0,11.1,0.0,0.0,11.1,0.0,0.0,0.0,0.0,0.0,5.5,5.5,0.0,0.0,0.0,0.0,0.0,0.0,0.0,0.0,-44.2,6.6,0,0,5.5,1,1,13086,1,23364,22635,15269,22635,15070,2439,15070,13505,14344,13505,14058,9458,13471,19908,16469,12854,8263,8846,20257,17725,23200,25133,24849,2246,150,25052,1,6:31
2024-25,1641739,Toumani Camara,Toumani,1610612757,POR,Portland Trail Blazers,0022400953,2025-03-12T00:00:00,POR vs. NYK,L,34.345,6.3,10.5,0.6,2.1,5.2,0.4,0.0,0.0,0.0,3.1,0.0,3.1,4.2,1.0,0.0,0.0,0.0,6.3,2.1,14.7,1.0,23.7,0,0,24.1,1,13222,1,13222,3973,10750,16257,5394,9704,12614,7874,13505,14344,13505,5053,22137,19387,9409,15504,12854,8263,8846,2616,12628,13220,12122,19156,2246,150,18256,1,34:21
2024-25,1641740,Jaylen Clark,Jaylen,1610612750,MIN,Minnesota Timberwolves,0022400952,2025-03-12T00:00:00,MIN @ DEN,W,9.383333333333333,0.0,7.7,0.0,0.0,7.7,0.0,0.0,0.0,0.0,0.0,0.0,0.0,0.0,0.0,0.0,0.0,0.0,0.0,0.0,0.0,-15.3,0.0,0,0,0.0,1,1,13086,1,22322,22635,20683,22635,15070,7043,15070,13505,14344,13505,14058,22137,23286,19908,16469,12854,8263,8846,20257,17725,23200,20027,25228,2246,150,25259,1,9:23
2024-25,1628997,Caleb Martin,Caleb,1610612742,DAL,Dallas Mavericks,0022400951,2025-03-12T00:00:00,DAL @ SAS,L,20.2,5.3,14.3,0.375,0.0,3.6,0.0,1.8,3.6,0.5,1.8,3.6,5.3,5.3,1.8,0.0,0.0,0.0,0.0,3.6,12.5,12.5,25.1,0,0,23.2,1,13222,1,13222,15862,13414,9757,16299,15070,16521,15070,11280,8757,10625,9311,15040,13920,6726,11627,12854,8263,8846,20257,7494,15625,6605,18198,2246,150,18876,1,20:12
2024-25,1630572,Sandro Mamukelashvili,Sandro,1610612759,SAS,San Antonio Spurs,0022400951,2025-03-12T00:00:00,SAS vs. DAL,W,4.9,0.0,14.7,0.0,0.0,14.7,0.0,0.0,0.0,0.0,7.3,0.0,7.3,0.0,0.0,0.0,0.0,0.0,0.0,0.0,0.0,-80.8,8.8,0,0,7.3,1,1,13086,1,24020,22635,9065,22635,15070,766,15070,13505,14344,13505,1009,22137,9483,19908,16469,12854,8263,8846,20257,17725,23200,26013,24601,2246,150,24859,1,4:54
2024-25,1642348,Justin Edwards,Justin,1610612755,PHI,Philadelphia 76ers,0022400947,2025-03-12T00:00:00,PHI @ TOR,L,22.093333333333334,3.3,13.0,0.25,0.0,8.1,0.0,0.0,0.0,0.0,0.0,1.6,1.6,3.3,0.0,1.6,1.6,0.0,4.9,0.0,6.5,-42.4,23.1,0,0,17.9,1,13222,1,13222,14424,18862,11793,20233,15070,6189,15070,13505,14344,13505,14058,20611,22400,12122,16469,7891,4483,8846,4861,17725,21040,25012,19474,2246,150,21905,1,22:06
2024-25,1642346,Ryan Dunn,Ryan,1610612756,PHX,Phoenix Suns,0022400949,2025-03-12T00:00:00,PHX @ HOU,L,16.783333333333335,2.1,6.4,0.333,2.1,4.3,0.5,2.1,4.3,0.5,0.0,4.3,4.3,0.0,0.0,0.0,4.3,2.1,2.1,2.1,8.6,-19.3,26.6,0,0,23.6,1,13222,1,13222,18397,21156,22170,17395,9482,14939,3944,10148,7230,10625,14058,12836,16559,19908,16469,12854,761,2782,14384,12422,19448,21345,17219,2246,150,18617,1,16:47
2024-25,1629652,Luguentz Dort,Luguentz,1610612760,OKC,Oklahoma City Thunder,0022400946,2025-03-12T00:00:00,OKC @ BOS,W,38.958333333333336,4.6,11.1,0.417,2.8,7.4,0.375,0.0,1.8,0.0,0.9,2.8,3.7,0.0,0.9,0.0,0.0,0.0,0.9,0.9,12.0,0.9,15.5,0,0,18.5,1,1,13086,1,897,15438,15213,14532,7314,7637,8800,13505,13115,13505,13813,17504,18084,19908,16269,12854,8263,8846,20084,17615,16120,12204,23020,2246,150,21638,1,38:58
2024-25,1630545,Terrence Shannon Jr.,Terrence,1610612750,MIN,Minnesota Timberwolves,0022400952,2025-03-12T00:00:00,MIN @ DEN,W,4.783333333333333,0.0,0.0,0.0,0.0,0.0,0.0,0.0,0.0,0.0,0.0,0.0,0.0,7.5,0.0,0.0,0.0,0.0,7.5,7.5,0.0,-30.1,11.3,0,0,7.5,1,1,13086,1,24099,22635,24836,22635,15070,20945,15070,13505,14344,13505,14058,22137,23286,3358,16469,12854,8263,8846,1621,1311,23200,23755,24183,2246,150,24830,1,4:47
2024-25,1642264,Stephon Castle,Stephon,1610612759,SAS,San Antonio Spurs,0022400951,2025-03-12T00:00:00,SAS vs. DAL,W,27.133333333333333,4.0,9.3,0.429,1.3,4.0,0.333,1.3,1.3,1.0,0.0,2.7,2.7,1.3,5.3,1.3,0.0,0.0,5.3,1.3,10.6,-10.6,14.5,0,0,18.6,1,1,13086,1,10243,17140,18284,13735,12742,15617,9209,12233,13691,1,14058,17804,20531,18572,1995,9314,8263,8846,4008,15777,17541,18150,23342,2246,150,21597,1,27:08
2024-25,1630558,Davion Mitchell,Davion,1610612748,MIA,Miami Heat,0022400948,2025-03-12T00:00:00,MIA vs. LAC,L,17.233333333333334,4.2,8.4,0.5,2.1,2.1,1.0,2.1,4.2,0.5,0.0,0.0,0.0,0.0,2.1,4.2,0.0,0.0,2.1,2.1,12.5,-23.0,23.0,0,0,23.0,1,13222,1,13222,18112,16650,19713,8526,9733,19386,1,10327,7455,10625,14058,22137,23286,19908,10051,1473,8263,8846,14659,12664,15559,22328,19576,2246,150,19033,1,17:14
2024-25,201587,Nicolas Batum,Nicolas,1610612746,LAC,LA Clippers,0022400948,2025-03-12T00:00:00,LAC @ MIA,W,32.86666666666667,2.2,6.6,0.333,2.2,6.6,0.333,0.0,0.0,0.0,0.0,2.2,2.2,2.2,1.1,1.1,0.0,0.0,1.1,1.1,6.6,4.4,14.7,0,0,15.3,1,1,13086,1,5276,21058,22041,17395,9265,9381,9209,13505,14344,13505,14058,19096,21430,15661,15163,11057,8263,8846,19131,16929,21008,10438,23290,2246,150,22937,1,32:52
2024-25,1631169,Josh Minott,Josh,1610612750,MIN,Minnesota Timberwolves,0022400952,2025-03-12T00:00:00,MIN @ DEN,W,4.783333333333333,0.0,15.1,0.0,0.0,7.5,0.0,0.0,0.0,0.0,7.5,15.1,22.6,0.0,7.5,0.0,0.0,7.5,0.0,0.0,0.0,-30.1,19.6,0,0,22.6,1,1,13086,1,24099,22635,8509,22635,15070,7334,15070,13505,14344,13505,941,558,292,19908,702,12854,8263,127,20257,17725,23200,23755,21375,2246,150,19300,1,4:47
2024-25,1629312,Haywood Highsmith,Haywood,1610612748,MIA,Miami Heat,0022400948,2025-03-12T00:00:00,MIA vs. LAC,L,14.083333333333334,0.0,7.7,0.0,0.0,7.7,0.0,0.0,0.0,0.0,0.0,7.7,7.7,2.6,2.6,2.6,0.0,0.0,10.2,0.0,0.0,-28.1,18.1,0,0,15.3,1,13222,1,13222,20151,22635,20690,22635,15070,7049,15070,13505,14344,13505,14058,5212,8844,14345,8024,4237,8263,8846,660,17725,23200,23453,22031,2246,150,22935,1,14:05
2024-25,1631200,Kris Murray,Kris,1610612757,POR,Portland Trail Blazers,0022400953,2025-03-12T00:00:00,POR vs. NYK,L,15.148333333333333,2.4,7.1,0.333,0.0,2.4,0.0,2.4,4.8,0.5,4.8,0.0,4.8,0.0,4.8,9.5,0.0,0.0,0.0,2.4,7.1,-7.1,36.6,0,0,30.9,1,13222,1,13222,19474,20711,21402,17395,15070,18855,15070,9394,6391,10625,2611,22137,15434,19908,2652,131,8263,8846,20257,11442,20610,16569,9965,2246,150,13254,1,15:09
2024-25,1642265,Rob Dillingham,Rob,1610612750,MIN,Minnesota Timberwolves,0022400952,2025-03-12T00:00:00,MIN @ DEN,W,4.783333333333333,0.0,7.5,0.0,0.0,0.0,0.0,0.0,0.0,0.0,0.0,15.1,15.1,0.0,15.1,0.0,0.0,0.0,0.0,0.0,0.0,-30.1,3.0,0,0,15.1,1,1,13086,1,24099,22635,20887,22635,15070,20945,15070,13505,14344,13505,14058,558,1750,19908,110,12854,8263,8846,20257,17725,23200,23755,25126,2246,150,23044,1,4:47
2024-25,1626179,Terry Rozier,Terry,1610612748,MIA,Miami Heat,0022400948,2025-03-12T00:00:00,MIA vs. LAC,L,16.133333333333333,6.7,17.9,0.375,2.2,6.7,0.333,0.0,0.0,0.0,2.2,0.0,2.2,8.9,0.0,0.0,0.0,0.0,0.0,0.0,15.6,0.0,31.7,0,0,29.0,1,13222,1,13222,18839,9696,4847,16299,9112,9111,9209,13505,14344,13505,7484,22137,21354,2075,16469,12854,8263,8846,20257,17725,12301,12240,13558,2246,150,14696,1,16:08
2024-25,1628374,Lauri Markkanen,Lauri,1610612762,UTA,Utah Jazz,0022400950,2025-03-12T00:00:00,UTA @ MEM,L,28.45,6.3,17.7,0.357,3.8,11.4,0.333,1.3,1.3,1.0,1.3,6.3,7.6,0.0,1.3,0.0,0.0,1.3,0.0,1.3,17.7,-5.1,25.6,0,0,29.1,1,13222,1,13222,9165,10632,4995,17140,4451,2184,9209,12403,13792,1,11387,7645,8983,19908,14000,12854,8263,5837,20257,16057,10120,15629,17897,2246,150,14619,1,28:27
2024-25,1629130,Duncan Robinson,Duncan,1610612748,MIA,Miami Heat,0022400948,2025-03-12T00:00:00,MIA vs. LAC,L,26.8,6.7,12.1,0.556,6.7,12.1,0.556,0.0,0.0,0.0,0.0,1.3,1.3,0.0,1.3,1.3,0.0,0.0,0.0,1.3,20.1,-13.4,24.4,0,0,30.9,1,13222,1,13222,10488,9648,13434,7248,886,1737,3747,13505,14344,13505,14058,21201,22766,19908,13605,9224,8263,8846,20257,15711,7790,19282,18655,2246,150,13251,1,26:48
2024-25,1630168,Onyeka Okongwu,Onyeka,1610612737,ATL,Atlanta Hawks,0022400945,2025-03-12T00:00:00,ATL vs. CHA,W,30.5,3.5,14.2,0.25,1.2,3.5,0.333,0.0,0.0,0.0,8.3,3.5,11.8,1.2,0.0,0.0,0.0,4.7,5.9,1.2,8.3,10.6,24.2,0,0,22.4,1,1,13086,1,7321,18228,9897,20233,13472,16570,9209,13505,14344,13505,708,15112,3657,19084,16469,12854,8263,433,3069,16503,19687,7406,18815,2246,150,19407,1,30:30
2024-25,1630192,Zeke Nnaji,Zeke,1610612743,DEN,Denver Nuggets,0022400952,2025-03-12T00:00:00,DEN vs. MIN,L,11.016666666666667,0.0,3.3,0.0,0.0,0.0,0.0,0.0,0.0,0.0,6.5,3.3,9.8,0.0,3.3,0.0,6.5,3.3,3.3,0.0,0.0,0.0,28.1,0,0,22.9,1,13222,1,13222,21700,22635,24403,22635,15070,20945,15070,13505,14344,13505,1359,15888,5672,19908,5610,12854,243,1087,9580,17725,23200,12240,16136,2246,150,19090,1,11:01
2024-25,203994,Jusuf Nurkić,Jusuf,1610612766,CHA,Charlotte Hornets,0022400945,2025-03-12T00:00:00,CHA @ ATL,L,10.9,3.3,6.6,0.5,0.0,0.0,0.0,0.0,0.0,0.0,3.3,13.2,16.5,0.0,3.3,0.0,0.0,0.0,3.3,0.0,6.6,-13.2,23.1,0,0,23.1,1,13222,1,13222,21753,18746,22006,8526,15070,20945,15070,13505,14344,13505,4745,951,1262,19908,5498,12854,8263,8846,9444,17725,20985,19197,19484,2246,150,18917,1,10:54
2024-25,1641796,Pelle Larsson,Pelle,1610612748,MIA,Miami Heat,0022400948,2025-03-12T00:00:00,MIA vs. LAC,L,28.266666666666666,3.8,10.2,0.375,2.5,6.4,0.4,2.5,2.5,1.0,0.0,0.0,0.0,1.3,0.0,3.8,0.0,0.0,5.1,1.3,12.7,6.4,26.1,0,0,24.2,1,13222,1,13222,9325,17516,16746,16299,7980,9828,7874,8923,11089,1,14058,22137,23286,18743,16469,1825,8263,8846,4387,16015,15350,9438,17558,2246,150,18209,1,28:16
2024-25,1630215,Jared Butler,Jared,1610612755,PHI,Philadelphia 76ers,0022400947,2025-03-12T00:00:00,PHI @ TOR,L,35.333333333333336,3.1,9.2,0.333,2.0,6.1,0.333,1.0,2.0,0.5,0.0,6.1,6.1,8.2,2.0,2.0,0.0,2.0,4.1,1.0,9.2,-16.3,32.8,0,0,29.5,1,13222,1,13222,3201,19303,18458,17395,9975,10411,9209,13175,12609,10625,14058,8074,12019,2738,10318,6073,8263,3105,6918,17319,18922,20366,12717,2246,150,14288,1,35:20
2024-25,1627739,Kris Dunn,Kris,1610612746,LAC,LA Clippers,0022400948,2025-03-12T00:00:00,LAC @ MIA,W,23.833333333333332,3.0,4.5,0.667,0.0,1.5,0.0,0.0,0.0,0.0,1.5,1.5,3.0,4.5,1.5,4.5,0.0,0.0,3.0,0.0,6.0,6.0,28.5,0,0,22.7,1,1,13086,1,13048,19374,23786,3281,15070,20256,15070,13505,14344,13505,10269,20854,19668,8571,12698,1207,8263,8846,10619,17725,21365,9593,15841,2246,150,19238,1,23:50
2024-25,1627884,Derrick Jones Jr.,Derrick,1610612746,LAC,LA Clippers,0022400948,2025-03-12T00:00:00,LAC @ MIA,W,23.433333333333334,4.6,4.6,1.0,1.5,1.5,1.0,1.5,6.1,0.25,0.0,6.1,6.1,0.0,3.1,1.5,0.0,0.0,0.0,3.1,12.3,7.7,21.2,0,0,23.0,1,1,13086,1,13361,15469,23739,1,11908,20238,1,11721,4289,13358,14058,8010,11942,19908,6211,8248,8263,8846,20257,8985,15837,8781,20596,2246,150,18986,1,23:26
2024-25,203497,Rudy Gobert,Rudy,1610612750,MIN,Minnesota Timberwolves,0022400952,2025-03-12T00:00:00,MIN @ DEN,W,30.083333333333332,4.8,9.6,0.5,0.0,0.0,0.0,3.6,4.8,0.75,3.6,8.4,12.0,3.6,0.0,0.0,1.2,0.0,3.6,3.6,13.2,19.1,36.5,1,0,31.1,1,1,13086,1,7702,14990,17818,8526,15070,20945,15070,6507,6329,8186,4226,4190,3522,11112,16469,12854,6195,8846,8458,7418,14924,4213,10035,1,150,13064,1,30:05
2024-25,1642268,Isaiah Collier,Isaiah,1610612762,UTA,Utah Jazz,0022400950,2025-03-12T00:00:00,UTA @ MEM,L,27.876666666666665,5.2,10.3,0.5,1.3,2.6,0.5,2.6,5.2,0.5,0.0,5.2,5.2,7.7,9.0,1.3,0.0,1.3,3.9,3.9,14.2,3.9,26.9,0,0,31.0,1,13222,1,13222,9650,13909,16507,8526,12891,18476,3944,8848,5652,10625,14058,10380,14361,3134,418,9510,8263,5696,7534,6643,13721,10715,17048,2246,150,13170,1,27:53
2024-25,202687,Bismack Biyombo,Bismack,1610612759,SAS,San Antonio Spurs,0022400951,2025-03-12T00:00:00,SAS vs. DAL,W,17.266666666666666,4.2,4.2,1.0,0.0,0.0,0.0,0.0,0.0,0.0,4.2,8.3,12.5,0.0,4.2,2.1,2.1,0.0,4.2,2.1,8.3,29.2,31.7,0,0,29.2,1,1,13086,1,18098,16673,24010,1,15070,20945,15070,13505,14344,13505,3337,4227,3127,19908,3550,5851,3244,8846,6635,12682,19630,2080,13554,2246,150,14548,1,17:16
2024-25,1629008,Michael Porter Jr.,Michael,1610612743,DEN,Denver Nuggets,0022400952,2025-03-12T00:00:00,DEN vs. MIN,L,32.81666666666667,3.3,11.0,0.3,0.0,3.3,0.0,4.4,5.5,0.8,3.3,6.6,9.9,2.2,1.1,0.0,0.0,0.0,1.1,4.4,11.0,-34.0,25.0,0,0,23.0,1,13222,1,13222,5319,18777,15411,19363,15070,17089,15070,5012,5207,7681,4768,7142,5570,15648,15145,12854,8263,8846,19113,5383,17206,24305,18279,2246,150,18993,1,32:49
2024-25,1641757,Jordan Miller,Jordan,1610612746,LAC,LA Clippers,0022400948,2025-03-12T00:00:00,LAC @ MIA,W,7.233333333333333,5.0,5.0,1.0,0.0,0.0,0.0,0.0,0.0,0.0,0.0,0.0,0.0,5.0,0.0,0.0,0.0,0.0,5.0,5.0,10.0,44.8,17.4,0,0,14.9,1,1,13086,1,23081,14462,23482,1,15070,20945,15070,13505,14344,13505,14058,22137,23286,7520,16469,12854,8263,8846,4664,4162,18197,718,22327,2246,150,23083,1,7:14
2024-25,1630573,Sam Hauser,Sam,1610612738,BOS,Boston Celtics,0022400946,2025-03-12T00:00:00,BOS vs. OKC,L,11.045,3.3,13.0,0.25,3.3,13.0,0.25,0.0,0.0,0.0,0.0,6.5,6.5,3.3,3.3,0.0,0.0,0.0,3.3,0.0,9.8,19.6,19.2,0,0,22.8,1,13222,1,13222,21690,18860,11791,20233,5785,1283,11902,13505,14344,13505,14058,7268,11135,12121,5638,12854,8263,8846,9620,17725,18370,4087,21530,2246,150,19133,1,11:03
2024-25,1628427,Vlatko Čančar,Vlatko,1610612743,DEN,Denver Nuggets,0022400952,2025-03-12T00:00:00,DEN vs. MIN,L,5.083333333333333,0.0,0.0,0.0,0.0,0.0,0.0,0.0,0.0,0.0,0.0,14.2,14.2,0.0,0.0,0.0,0.0,0.0,0.0,0.0,0.0,42.5,17.0,0,0,14.2,1,13222,1,13222,23956,22635,24836,22635,15070,20945,15070,13505,14344,13505,14058,725,2160,19908,16469,12854,8263,8846,20257,17725,23200,807,22489,2246,150,23368,1,5:05
2024-25,1630700,Dyson Daniels,Dyson,1610612737,ATL,Atlanta Hawks,0022400945,2025-03-12T00:00:00,ATL vs. CHA,W,34.016666666666666,5.3,14.8,0.357,0.0,1.1,0.0,0.0,0.0,0.0,2.1,3.2,5.3,3.2,2.1,4.2,2.1,0.0,1.1,1.1,10.6,14.8,38.6,0,0,31.7,1,1,13086,1,4244,13556,8872,17140,15070,20794,15070,13505,14344,13505,7898,16177,14059,12406,9923,1431,3161,8846,19354,17129,17577,5702,8632,2246,150,12581,1,34:01
2024-25,201142,Kevin Durant,Kevin,1610612756,PHX,Phoenix Suns,0022400949,2025-03-12T00:00:00,PHX @ HOU,L,36.65,7.9,11.8,0.667,2.0,2.0,1.0,1.0,2.0,0.5,0.0,6.9,6.9,0.0,4.9,1.0,1.0,0.0,1.0,2.9,18.7,-12.8,27.9,0,0,31.4,1,13222,1,13222,2246,6933,13960,3281,10322,19620,1,13285,12819,10625,14058,6572,10368,19908,2451,12100,7588,8846,19795,9430,9155,19041,16302,2246,150,12828,1,36:39
2024-25,1641725,Trey Alexander,Trey,1610612743,DEN,Denver Nuggets,0022400952,2025-03-12T00:00:00,DEN vs. MIN,L,5.083333333333333,0.0,14.2,0.0,0.0,0.0,0.0,7.1,14.2,0.5,0.0,0.0,0.0,7.1,0.0,0.0,0.0,0.0,0.0,7.1,7.1,42.5,17.7,0,0,14.2,1,13222,1,13222,23956,22635,9888,22635,15070,20945,15070,1955,432,10625,14058,22137,23286,3907,16469,12854,8263,8846,20257,1593,20653,807,22214,2246,150,23368,1,5:05
2024-25,1631101,Shaedon Sharpe,Shaedon,1610612757,POR,Portland Trail Blazers,0022400953,2025-03-12T00:00:00,POR vs. NYK,L,42.4,6.8,15.3,0.444,2.5,6.8,0.375,1.7,1.7,1.0,3.4,4.2,7.6,1.7,3.4,0.0,0.0,0.0,0.8,0.8,17.8,1.7,26.2,0,0,29.7,1,13222,1,13222,214,9434,8135,13045,7980,8908,8800,11418,13295,1,4548,12986,8893,17373,5236,12854,8263,8846,20212,17704,9999,11790,17518,2246,150,14155,1,42:24
2024-25,1642258,Zaccharie Risacher,Zaccharie,1610612737,ATL,Atlanta Hawks,0022400945,2025-03-12T00:00:00,ATL vs. CHA,W,20.65,5.2,12.2,0.429,3.5,8.7,0.4,0.0,0.0,0.0,0.0,7.0,7.0,0.0,1.7,1.7,1.7,0.0,1.7,0.0,13.9,17.4,31.0,0,0,31.4,1,1,13086,1,15523,13723,13250,13735,5176,5241,7874,13505,14344,13505,14058,6407,10186,19908,11771,7473,4185,8846,16398,17725,13992,4764,14037,2246,150,12867,1,20:39
2024-25,1627826,Ivica Zubac,Ivica,1610612746,LAC,LA Clippers,0022400948,2025-03-12T00:00:00,LAC @ MIA,W,38.0,11.4,15.2,0.75,0.0,0.0,0.0,1.9,2.8,0.667,5.7,7.6,13.3,0.9,1.9,0.0,0.0,0.0,1.9,2.8,24.6,4.7,40.1,1,0,38.8,1,1,13086,1,1387,1958,8323,2107,15070,20945,15070,10971,10381,9425,1819,5357,2629,19804,11073,12854,8263,8846,15711,9805,4405,10263,7714,1,150,7489,1,38:00
2024-25,1628392,Isaiah Hartenstein,Isaiah,1610612760,OKC,Oklahoma City Thunder,0022400946,2025-03-12T00:00:00,OKC @ BOS,W,25.096666666666668,5.7,10.0,0.571,0.0,0.0,0.0,4.3,5.7,0.75,2.9,5.7,8.6,4.3,1.4,1.4,0.0,1.4,1.4,2.9,15.8,1.4,35.4,0,0,31.6,1,1,13086,1,11926,12302,16975,6538,15070,20945,15070,5143,4835,8186,5671,8953,7300,9115,13081,8730,8263,5042,17494,9694,12144,11904,10784,2246,150,12732,1,25:06
2024-25,202691,Klay Thompson,Klay,1610612742,DAL,Dallas Mavericks,0022400951,2025-03-12T00:00:00,DAL @ SAS,L,28.265,6.4,11.5,0.556,2.5,5.1,0.5,0.0,0.0,0.0,0.0,5.1,5.1,8.9,2.5,0.0,0.0,0.0,1.3,0.0,15.3,-24.2,32.2,0,0,31.8,1,13222,1,13222,9335,10519,14542,7248,7979,12967,3944,13505,14344,13505,14058,10584,14534,2093,8052,12854,8263,8846,18150,17725,12631,22622,13153,2246,150,12503,1,28:16
2024-25,1631170,Jaime Jaquez Jr.,Jaime,1610612748,MIA,Miami Heat,0022400948,2025-03-12T00:00:00,MIA vs. LAC,L,6.05,6.0,6.0,1.0,6.0,6.0,1.0,0.0,0.0,0.0,0.0,6.0,6.0,0.0,0.0,0.0,0.0,0.0,0.0,0.0,17.9,-6.0,25.0,0,0,29.8,1,13222,1,13222,23581,11651,22655,1,1340,10804,1,13505,14344,13505,14058,8447,12404,19908,16469,12854,8263,8846,20257,17725,9967,16036,18298,2246,150,14134,1,6:03
2024-25,203552,Seth Curry,Seth,1610612766,CHA,Charlotte Hornets,0022400945,2025-03-12T00:00:00,CHA @ ATL,L,10.783333333333333,0.0,3.3,0.0,0.0,0.0,0.0,0.0,0.0,0.0,0.0,3.3,3.3,3.3,0.0,3.3,0.0,0.0,3.3,0.0,0.0,-16.7,19.0,0,0,13.4,1,13222,1,13222,21804,22635,24372,22635,15070,20945,15070,13505,14344,13505,14058,15670,18892,11857,16469,2485,8263,8846,9295,17725,23200,20512,21629,2246,150,23597,1,10:47
2024-25,1626145,Tyus Jones,Tyus,1610612756,PHX,Phoenix Suns,0022400949,2025-03-12T00:00:00,PHX @ HOU,L,20.278333333333332,7.1,14.2,0.5,5.3,10.7,0.5,0.0,0.0,0.0,0.0,7.1,7.1,7.1,0.0,0.0,0.0,0.0,1.8,0.0,19.5,-1.8,38.7,0,0,39.1,1,13222,1,13222,15805,8701,9832,8526,1928,2830,3944,13505,14344,13505,14058,6173,9953,3884,16469,12854,8263,8846,16285,17725,8335,13911,8597,2246,150,7346,1,20:17
2024-25,1631212,Peyton Watson,Peyton,1610612743,DEN,Denver Nuggets,0022400952,2025-03-12T00:00:00,DEN vs. MIN,L,15.883333333333333,0.0,9.1,0.0,0.0,4.5,0.0,0.0,0.0,0.0,0.0,6.8,6.8,2.3,2.3,0.0,2.3,2.3,6.8,0.0,0.0,-24.9,16.1,0,0,13.6,1,13222,1,13222,19006,22635,18622,22635,15070,14352,15070,13505,14344,13505,14058,6705,10530,15357,9228,12854,2808,2514,2147,17725,23200,22795,22817,2246,150,23530,1,15:53
2024-25,1628418,Thomas Bryant,Thomas,1610612754,IND,Indiana Pacers,0022400942,2025-03-11T00:00:00,IND vs. MIL,W,19.433333333333334,7.4,13.0,0.571,1.9,5.6,0.333,1.9,3.7,0.5,0.0,5.6,5.6,0.0,0.0,1.9,0.0,0.0,5.6,1.9,18.5,7.4,30.8,0,0,29.6,1,1,13086,1,16470,7995,11917,6538,10866,11821,9209,11112,8471,10625,14058,9400,13402,19908,16469,7018,8263,8846,3618,13722,9298,8931,14238,2246,150,14217,1,19:26
2024-25,1630551,Justin Champagnie,Justin,1610612764,WAS,Washington Wizards,0022400941,2025-03-11T00:00:00,WAS @ DET,L,30.986666666666668,2.3,9.3,0.25,1.2,4.6,0.25,0.0,0.0,0.0,2.3,7.0,9.3,1.2,0.0,1.2,1.2,1.2,3.5,1.2,5.8,-29.0,25.7,0,0,22.1,1,13222,1,13222,6892,20807,18279,20233,13585,14095,11902,13505,14344,13505,7170,6416,6322,19146,16469,10493,6413,6539,8789,16591,21520,23594,17833,2246,150,19635,1,30:59
2024-25,1629599,Amir Coffey,Amir,1610612746,LAC,LA Clippers,0022400943,2025-03-11T00:00:00,LAC @ NOP,L,19.783333333333335,7.3,14.6,0.5,1.8,7.3,0.25,0.0,0.0,0.0,0.0,1.8,1.8,1.8,0.0,3.6,0.0,0.0,0.0,0.0,16.4,-36.4,32.2,0,0,29.1,1,13222,1,13222,16192,8268,9270,8526,10996,7868,11902,13505,14344,13505,14058,20191,22131,17024,16469,2044,8263,8846,20257,17725,11520,24557,13166,2246,150,14614,1,19:47
2024-25,203081,Damian Lillard,Damian,1610612749,MIL,Milwaukee Bucks,0022400942,2025-03-11T00:00:00,MIL @ IND,L,37.458333333333336,3.8,13.5,0.286,1.9,6.7,0.286,4.8,5.8,0.833,0.0,2.9,2.9,10.6,2.9,0.0,0.0,0.0,1.0,3.8,14.4,9.6,30.9,1,0,29.8,1,13222,1,13222,1708,17466,11076,19630,10542,9061,11433,4338,4793,7275,14058,17141,20035,1174,6911,12854,8263,8846,19905,6729,13489,7882,14171,1,150,14108,1,37:28
2024-25,1631204,Marcus Sasser,Marcus,1610612765,DET,Detroit Pistons,0022400941,2025-03-11T00:00:00,DET vs. WAS,W,2.45,0.0,0.0,0.0,0.0,0.0,0.0,0.0,0.0,0.0,0.0,0.0,0.0,14.7,0.0,0.0,0.0,0.0,0.0,0.0,0.0,44.1,22.0,0,0,14.7,1,1,13086,1,25225,22635,24836,22635,15070,20945,15070,13505,14344,13505,14058,22137,23286,319,16469,12854,8263,8846,20257,17725,23200,737,20117,2246,150,23177,1,2:27
2024-25,201587,Nicolas Batum,Nicolas,1610612746,LAC,LA Clippers,0022400943,2025-03-11T00:00:00,LAC @ NOP,L,28.4,3.8,11.4,0.333,2.5,10.1,0.25,0.0,0.0,0.0,1.3,1.3,2.5,0.0,0.0,1.3,2.5,0.0,1.3,0.0,10.1,-2.5,24.6,0,0,22.8,1,13222,1,13222,9212,17554,14643,17395,8029,3338,11902,13505,14344,13505,11377,21346,20736,19908,16469,9672,2309,8846,18183,17725,18012,14326,18550,2246,150,19128,1,28:24
2024-25,1627736,Malik Beasley,Malik,1610612765,DET,Detroit Pistons,0022400941,2025-03-11T00:00:00,DET vs. WAS,W,21.966666666666665,8.2,16.4,0.5,6.6,9.8,0.667,0.0,0.0,0.0,3.3,3.3,6.6,3.3,0.0,0.0,0.0,0.0,1.6,0.0,22.9,1.6,35.7,0,0,39.3,1,1,13086,1,14528,6219,6560,8526,973,3683,1957,13505,14344,13505,4789,15858,11047,12054,16469,12854,8263,8846,16752,17725,5527,11815,10559,2246,150,7173,1,21:58
2024-25,1630264,Anthony Gill,Anthony,1610612764,WAS,Washington Wizards,0022400941,2025-03-11T00:00:00,WAS @ DET,L,2.45,0.0,14.7,0.0,0.0,14.7,0.0,0.0,0.0,0.0,0.0,0.0,0.0,29.4,0.0,0.0,0.0,0.0,0.0,0.0,0.0,-44.1,44.1,0,0,29.4,1,13222,1,13222,25225,22635,9065,22635,15070,766,15070,13505,14344,13505,14058,22137,23286,24,16469,12854,8263,8846,20257,17725,23200,25122,5628,2246,150,14422,1,2:27
2024-25,1630553,Keon Johnson,Keon,1610612751,BKN,Brooklyn Nets,0022400940,2025-03-11T00:00:00,BKN @ CLE,L,28.866666666666667,0.0,5.0,0.0,0.0,3.7,0.0,1.2,2.5,0.5,1.2,7.5,8.7,2.5,5.0,1.2,0.0,0.0,1.2,1.2,1.2,-5.0,14.2,0,0,15.0,1,13222,1,13222,8793,22635,23471,22635,15070,16122,15070,12457,11222,10625,11494,5529,7129,14561,2354,9820,8263,8846,18289,16141,23193,15584,23425,2246,150,23070,1,28:52
2024-25,1630194,Paul Reed,Paul,1610612765,DET,Detroit Pistons,0022400941,2025-03-11T00:00:00,DET vs. WAS,W,2.45,0.0,14.7,0.0,0.0,0.0,0.0,0.0,0.0,0.0,0.0,29.4,29.4,0.0,0.0,0.0,0.0,0.0,0.0,0.0,0.0,44.1,35.3,0,0,29.4,1,1,13086,1,25225,22635,9065,22635,15070,20945,15070,13505,14344,13505,14058,45,99,19908,16469,12854,8263,8846,20257,17725,23200,737,10891,2246,150,14422,1,2:27
2024-25,1630191,Isaiah Stewart,Isaiah,1610612765,DET,Detroit Pistons,0022400941,2025-03-11T00:00:00,DET vs. WAS,W,20.816666666666666,5.2,10.4,0.5,0.0,1.7,0.0,1.7,1.7,1.0,6.9,5.2,12.1,6.9,0.0,0.0,0.0,0.0,3.5,1.7,12.1,-3.5,37.0,0,0,31.1,1,1,13086,1,15419,13849,16425,8526,15070,20010,15070,11365,13272,1,1173,10316,3413,4114,16469,12854,8263,8846,8867,14180,16031,14777,9690,2246,150,13056,1,20:49
2024-25,1642259,Alex Sarr,Alex,1610612764,WAS,Washington Wizards,0022400941,2025-03-11T00:00:00,WAS @ DET,L,22.816666666666666,3.2,14.2,0.222,1.6,4.7,0.333,4.7,9.5,0.5,3.2,7.9,11.0,3.2,6.3,0.0,1.6,1.6,1.6,4.7,12.6,-34.7,29.0,0,0,31.6,1,13222,1,13222,13863,19090,9835,21205,11761,13883,9209,4456,1616,10625,5027,4878,4368,12464,1219,12854,4610,4497,16934,4653,15464,24379,15464,2246,150,12733,1,22:49
2024-25,1630579,Jericho Sims,Jericho,1610612749,MIL,Milwaukee Bucks,0022400942,2025-03-11T00:00:00,MIL @ IND,L,11.95,9.0,9.0,1.0,0.0,0.0,0.0,0.0,0.0,0.0,3.0,6.0,9.0,0.0,3.0,3.0,3.0,0.0,3.0,0.0,18.1,-51.2,44.0,0,0,39.2,1,13222,1,13222,21308,4631,18657,1,15070,20945,15070,13505,14344,13505,5303,8270,6675,19908,6415,3119,1675,8846,10652,17725,9761,25437,5682,2246,150,7295,1,11:57
2024-25,1629750,Javonte Green,Javonte,1610612739,CLE,Cleveland Cavaliers,0022400940,2025-03-11T00:00:00,CLE vs. BKN,W,6.466666666666667,5.6,16.7,0.333,5.6,5.6,1.0,0.0,0.0,0.0,0.0,5.6,5.6,0.0,0.0,0.0,0.0,0.0,0.0,5.6,16.7,-44.5,23.4,0,0,27.8,1,1,13086,1,23380,12799,6172,17395,1685,11801,1,13505,14344,13505,14058,9367,13367,19908,16469,12854,8263,8846,20257,3238,11169,25151,19323,2246,150,15550,1,6:28
2024-25,1642273,Kyshawn George,Kyshawn,1610612764,WAS,Washington Wizards,0022400941,2025-03-11T00:00:00,WAS @ DET,L,30.966666666666665,4.7,10.5,0.444,2.3,5.8,0.4,2.3,2.3,1.0,1.2,4.7,5.8,2.3,0.0,3.5,1.2,1.2,4.7,4.7,14.0,-4.7,38.4,0,0,33.7,1,13222,1,13222,6903,15365,16285,13045,8761,11179,7874,9542,11705,1,12032,11855,12739,15138,16469,2252,6408,6535,5412,4830,13986,15391,8798,2246,150,11066,1,30:58
2024-25,1629622,Max Strus,Max,1610612739,CLE,Cleveland Cavaliers,0022400940,2025-03-11T00:00:00,CLE vs. BKN,W,30.783333333333335,2.3,11.7,0.2,2.3,10.5,0.222,4.7,4.7,1.0,0.0,5.8,5.8,4.7,2.3,0.0,0.0,0.0,1.2,3.5,11.7,-9.4,23.4,0,0,24.6,1,1,13086,1,7055,20782,14130,21401,8706,2953,13288,4545,6523,1,14058,8675,12644,8237,8905,12854,8263,8846,18720,7638,16465,17610,19319,2246,150,17973,1,30:47
2024-25,1631323,Simone Fontecchio,Simone,1610612765,DET,Detroit Pistons,0022400941,2025-03-11T00:00:00,DET vs. WAS,W,18.416666666666668,5.9,9.8,0.6,3.9,7.8,0.5,0.0,0.0,0.0,2.0,7.8,9.8,3.9,2.0,0.0,0.0,0.0,0.0,0.0,15.6,3.9,31.3,0,0,33.2,1,1,13086,1,17266,11906,17432,5394,4180,6772,3944,13505,14344,13505,8596,4979,5712,10200,10755,12854,8263,8846,20257,17725,12276,10697,13846,2246,150,11472,1,18:25
2024-25,203507,Giannis Antetokounmpo,Giannis,1610612749,MIL,Milwaukee Bucks,0022400942,2025-03-11T00:00:00,MIL @ IND,L,34.1,9.5,14.8,0.643,0.0,1.1,0.0,1.1,3.2,0.333,2.1,15.8,17.9,7.4,3.2,0.0,1.1,1.1,3.2,4.2,20.1,10.6,52.7,1,0,47.5,1,13222,1,13222,4167,3879,8938,4607,15070,20799,15070,13061,9574,13132,7915,451,920,3524,5916,12854,7093,7439,10007,5783,7878,7444,2539,1,150,3301,1,34:06
2024-25,1629018,Gary Trent Jr.,Gary,1610612749,MIL,Milwaukee Bucks,0022400942,2025-03-11T00:00:00,MIL @ IND,L,19.51,5.5,12.9,0.429,5.5,11.1,0.5,0.0,0.0,0.0,0.0,1.8,1.8,0.0,0.0,1.8,0.0,0.0,7.4,0.0,16.6,7.4,24.4,0,0,27.7,1,13222,1,13222,16416,12894,12009,13735,1708,2428,3944,13505,14344,13505,14058,20121,22093,19908,16469,7053,8263,8846,1720,17725,11274,8946,18705,2246,150,15659,1,19:31
2024-25,201935,James Harden,James,1610612746,LAC,LA Clippers,0022400943,2025-03-11T00:00:00,LAC @ NOP,L,39.88333333333333,5.4,13.5,0.4,3.6,9.9,0.364,8.1,8.1,1.0,0.0,3.6,3.6,15.3,5.4,1.8,0.0,0.9,2.7,5.4,22.6,4.5,49.9,1,0,48.7,1,13222,1,13222,588,13227,10941,14933,4901,3582,9100,1348,2432,1,14058,14894,18298,265,1884,7228,8263,8651,12013,3457,5813,10381,3293,1,150,2907,1,39:53
2024-25,203468,CJ McCollum,CJ,1610612740,NOP,New Orleans Pelicans,0022400943,2025-03-11T00:00:00,NOP vs. LAC,W,32.656666666666666,8.8,17.6,0.5,5.5,9.9,0.556,2.2,2.2,1.0,1.1,2.2,3.3,7.7,3.3,3.3,0.0,0.0,4.4,1.1,25.4,8.8,47.5,0,0,48.5,1,1,13086,1,5441,5033,5089,8526,1726,3586,3747,9932,12075,1,12450,19056,18976,3163,5490,2550,8263,8846,5998,16897,4022,8263,4134,2246,150,2987,1,32:39
2024-25,1630557,Corey Kispert,Corey,1610612764,WAS,Washington Wizards,0022400941,2025-03-11T00:00:00,WAS @ DET,L,25.78,4.2,12.6,0.333,1.4,8.4,0.167,4.2,4.2,1.0,1.4,7.0,8.4,4.2,1.4,0.0,0.0,0.0,0.0,2.8,14.0,-7.0,28.9,0,0,27.9,1,13222,1,13222,11349,16621,12630,17395,12463,5785,14236,5361,7431,1,10764,6392,7652,9413,13301,12854,8263,8846,20257,9988,13976,16497,15559,2246,150,15478,1,25:47
2024-25,1627884,Derrick Jones Jr.,Derrick,1610612746,LAC,LA Clippers,0022400943,2025-03-11T00:00:00,LAC @ NOP,L,25.716666666666665,5.6,9.8,0.571,1.4,5.6,0.25,2.8,4.2,0.667,1.4,2.8,4.2,1.4,1.4,0.0,1.4,0.0,2.8,2.8,15.4,-2.8,25.3,0,0,25.2,1,13222,1,13222,11386,12701,17399,6538,12453,11725,11902,8350,7411,9425,10750,17399,16811,18344,13283,12854,5230,8846,11643,9963,12518,14454,18048,2246,150,17517,1,25:43
2024-25,1631105,Jalen Duren,Jalen,1610612765,DET,Detroit Pistons,0022400941,2025-03-11T00:00:00,DET vs. WAS,W,24.733333333333334,10.2,16.0,0.636,0.0,0.0,0.0,1.5,2.9,0.5,7.3,11.6,18.9,0.0,1.5,0.0,2.9,0.0,2.9,5.8,21.8,27.7,51.8,1,0,46.6,1,1,13086,1,12237,3024,7099,4689,15070,20945,15070,11896,10199,10625,1032,1547,714,19908,12985,12854,1806,8846,11134,2859,6345,2318,2756,1,150,3637,1,24:44
2024-25,1628971,Bruce Brown,Bruce,1610612740,NOP,New Orleans Pelicans,0022400943,2025-03-11T00:00:00,NOP vs. LAC,W,29.75,6.1,10.9,0.556,1.2,2.4,0.5,1.2,1.2,1.0,1.2,4.8,6.1,6.1,0.0,0.0,0.0,0.0,1.2,1.2,14.5,-7.3,30.9,0,0,27.8,1,1,13086,1,8001,11360,15546,7248,13310,18766,3944,12553,13869,1,11723,11301,12158,5395,16469,12854,8263,8846,18477,16352,13387,16620,14155,2246,150,15553,1,29:45
2024-25,1629645,Kevin Porter Jr.,Kevin,1610612749,MIL,Milwaukee Bucks,0022400942,2025-03-11T00:00:00,MIL @ IND,L,16.55,4.4,10.9,0.4,2.2,4.4,0.5,8.7,10.9,0.8,0.0,4.4,4.4,8.7,4.4,0.0,0.0,2.2,6.5,6.5,19.6,-13.1,33.5,0,0,34.8,1,13222,1,13222,18569,16199,15556,14933,9329,14791,3944,1106,1063,7681,14058,12649,16405,2272,3219,12854,8263,2700,2374,2048,8281,19146,12194,2246,150,10225,1,16:33
2024-25,1630167,Obi Toppin,Obi,1610612754,IND,Indiana Pacers,0022400942,2025-03-11T00:00:00,IND vs. MIL,W,5.523333333333333,6.5,13.0,0.5,0.0,6.5,0.0,6.5,6.5,1.0,0.0,0.0,0.0,0.0,0.0,0.0,0.0,0.0,6.5,6.5,19.6,13.0,19.6,0,0,19.6,1,1,13086,1,23780,10142,11793,8526,15070,9512,15070,2385,3864,1,14058,22137,23286,19908,16469,12854,8263,8846,2387,2069,8305,6384,21380,2246,150,21122,1,5:31
2024-25,1627826,Ivica Zubac,Ivica,1610612746,LAC,LA Clippers,0022400943,2025-03-11T00:00:00,LAC @ NOP,L,38.416666666666664,8.4,11.2,0.75,0.0,0.0,0.0,0.9,1.9,0.5,4.7,5.6,10.3,4.7,0.9,0.0,3.7,0.0,2.8,3.7,17.8,6.6,47.5,1,0,40.3,1,13222,1,13222,1155,5737,14946,2107,15070,20945,15070,13403,13045,10625,2686,9255,5109,8214,16216,12854,1060,8846,11591,6991,10023,9356,4135,1,150,6611,1,38:25
2024-25,1630174,Aaron Nesmith,Aaron,1610612754,IND,Indiana Pacers,0022400942,2025-03-11T00:00:00,IND vs. MIL,W,31.446666666666665,4.6,12.6,0.364,1.1,4.6,0.25,0.0,0.0,0.0,0.0,4.6,4.6,1.1,1.1,1.1,0.0,0.0,3.4,0.0,10.3,-14.9,19.8,0,0,19.5,1,1,13086,1,6461,15548,12591,16861,13682,14243,11902,13505,14344,13505,14058,12054,15863,19212,14831,10639,8263,8846,8958,17725,17855,19860,21255,2246,150,21170,1,31:27
2024-25,202699,Tobias Harris,Tobias,1610612765,DET,Detroit Pistons,0022400941,2025-03-11T00:00:00,DET vs. WAS,W,30.7,5.9,14.1,0.417,2.3,4.7,0.5,0.0,0.0,0.0,1.2,8.2,9.4,1.2,2.3,3.5,0.0,0.0,1.2,1.2,14.1,32.8,35.3,0,0,34.0,1,1,13086,1,7123,11912,10052,14532,8687,13982,3944,13505,14344,13505,11980,4414,6215,19109,8885,2220,8263,8846,18703,16539,13869,1640,10873,2246,150,10845,1,30:42
2024-25,1641798,Jaylen Martin,Jaylen,1610612764,WAS,Washington Wizards,0022400941,2025-03-11T00:00:00,WAS @ DET,L,2.45,0.0,14.7,0.0,0.0,0.0,0.0,0.0,0.0,0.0,0.0,0.0,0.0,0.0,0.0,0.0,0.0,0.0,0.0,0.0,0.0,-44.1,0.0,0,0,0.0,1,13222,1,13222,25225,22635,9065,22635,15070,20945,15070,13505,14344,13505,14058,22137,23286,19908,16469,12854,8263,8846,20257,17725,23200,25122,25228,2246,150,25259,1,2:27
2024-25,1641732,Colby Jones,Colby,1610612764,WAS,Washington Wizards,0022400941,2025-03-11T00:00:00,WAS @ DET,L,2.45,0.0,0.0,0.0,0.0,0.0,0.0,0.0,0.0,0.0,0.0,0.0,0.0,0.0,0.0,0.0,0.0,0.0,0.0,0.0,0.0,-44.1,0.0,0,0,0.0,1,13222,1,13222,25225,22635,24836,22635,15070,20945,15070,13505,14344,13505,14058,22137,23286,19908,16469,12854,8263,8846,20257,17725,23200,25122,25228,2246,150,25259,1,2:27
2024-25,1629731,Dean Wade,Dean,1610612739,CLE,Cleveland Cavaliers,0022400940,2025-03-11T00:00:00,CLE vs. BKN,W,24.15,1.5,6.0,0.25,1.5,6.0,0.25,0.0,0.0,0.0,0.0,1.5,1.5,1.5,1.5,1.5,0.0,1.5,1.5,0.0,4.5,11.9,11.5,0,0,11.9,1,1,13086,1,12762,22181,22642,20233,12074,10779,11902,13505,14344,13505,14058,20892,22578,18014,12789,8451,8263,4810,17260,17725,22307,6827,24133,2246,150,24000,1,24:09
2024-25,203471,Dennis Schröder,Dennis,1610612765,DET,Detroit Pistons,0022400941,2025-03-11T00:00:00,DET vs. WAS,W,23.133333333333333,6.2,17.1,0.364,3.1,9.3,0.333,1.6,3.1,0.5,0.0,1.6,1.6,6.2,1.6,1.6,1.6,0.0,3.1,1.6,17.1,-14.0,36.1,0,0,34.2,1,1,13086,1,13610,10902,5678,16861,6185,4324,9209,11677,9687,10625,14058,20755,22495,5117,12520,8167,4689,8846,10229,14773,10721,19504,10296,2246,150,10671,1,23:08
2024-25,201572,Brook Lopez,Brook,1610612749,MIL,Milwaukee Bucks,0022400942,2025-03-11T00:00:00,MIL @ IND,L,36.05,9.0,11.0,0.818,2.0,4.0,0.5,3.0,3.0,1.0,2.0,5.0,7.0,1.0,1.0,1.0,0.0,0.0,1.0,6.0,23.0,16.0,34.9,0,0,35.0,1,13222,1,13222,2646,4732,15375,1653,10176,15595,3944,7822,9988,1,8399,10898,10158,19680,15857,11972,8263,8846,19712,2634,5506,5257,11156,2246,150,10129,1,36:03
2024-25,1631213,Tyrese Martin,Tyrese,1610612751,BKN,Brooklyn Nets,0022400940,2025-03-11T00:00:00,BKN @ CLE,L,21.096666666666668,3.4,13.7,0.25,1.7,6.8,0.25,0.0,0.0,0.0,1.7,1.7,3.4,3.4,0.0,1.7,0.0,1.7,3.4,0.0,8.5,-3.4,22.9,0,0,20.5,1,13222,1,13222,15234,18511,10733,20233,11381,8837,11902,13505,14344,13505,9556,20445,18756,11651,16469,7581,8263,4129,9026,17725,19492,14763,19638,2246,150,20590,1,21:06
2024-25,1641842,Ronald Holland II,Ronald,1610612765,DET,Detroit Pistons,0022400941,2025-03-11T00:00:00,DET vs. WAS,W,17.933333333333334,4.0,14.1,0.286,0.0,4.0,0.0,0.0,0.0,0.0,0.0,8.0,8.0,4.0,4.0,0.0,0.0,0.0,2.0,2.0,8.0,-14.1,19.7,0,0,20.1,1,1,13086,1,17607,17059,10090,19630,15070,15551,15070,13505,14344,13505,14058,4662,8219,9897,3859,12854,8263,8846,15101,13051,19899,19520,21326,2246,150,20821,1,17:56
2024-25,1630560,Cam Thomas,Cam,1610612751,BKN,Brooklyn Nets,0022400940,2025-03-11T00:00:00,BKN @ CLE,L,31.666666666666668,11.4,25.0,0.455,4.5,12.5,0.364,3.4,3.4,1.0,0.0,1.1,1.1,3.4,1.1,0.0,0.0,0.0,0.0,4.5,30.7,-6.8,36.0,0,0,39.8,1,13222,1,13222,6258,1958,826,12676,2974,1518,9100,6876,9066,1,14058,21664,23027,11658,14893,12854,8263,8846,20257,5046,1863,16434,10342,2246,150,6899,1,31:40
2024-25,1630533,Ziaire Williams,Ziaire,1610612751,BKN,Brooklyn Nets,0022400940,2025-03-11T00:00:00,BKN @ CLE,L,30.37,5.9,13.0,0.455,4.7,10.7,0.444,0.0,0.0,0.0,0.0,7.1,7.1,3.6,0.0,1.2,0.0,1.2,7.1,0.0,16.6,-15.4,34.0,0,0,34.4,1,13222,1,13222,7441,11724,11786,12676,2656,2811,7211,13505,14344,13505,14058,6153,9931,11227,16469,10304,8263,6370,1886,17725,11287,20057,11787,2246,150,10547,1,30:22
2024-25,1627783,Pascal Siakam,Pascal,1610612754,IND,Indiana Pacers,0022400942,2025-03-11T00:00:00,IND vs. MIL,W,37.39333333333333,9.6,14.4,0.667,2.9,6.7,0.429,1.9,2.9,0.667,1.9,9.6,11.6,4.8,2.9,1.0,0.0,1.0,2.9,5.8,24.1,8.7,45.2,1,0,45.2,1,1,13086,1,1747,3688,9452,3281,6901,9040,7394,10878,10260,9425,8724,2894,3894,7884,6887,12258,8263,8242,11229,2931,4758,8332,5101,1,150,4129,1,37:24
2024-25,1641722,Jordan Hawkins,Jordan,1610612740,NOP,New Orleans Pelicans,0022400943,2025-03-11T00:00:00,NOP vs. LAC,W,22.466666666666665,6.4,11.2,0.571,4.8,8.0,0.6,0.0,0.0,0.0,1.6,3.2,4.8,1.6,1.6,0.0,1.6,0.0,4.8,0.0,17.6,25.6,29.0,0,0,32.0,1,1,13086,1,14137,10411,14999,6538,2544,6425,2992,13505,14344,13505,9908,16063,15280,17641,12319,12854,4539,8846,5039,17725,10193,2685,15485,2246,150,12345,1,22:28
2024-25,1630171,Isaac Okoro,Isaac,1610612739,CLE,Cleveland Cavaliers,0022400940,2025-03-11T00:00:00,CLE vs. BKN,W,32.74166666666667,3.3,11.0,0.3,0.0,5.5,0.0,0.0,2.2,0.0,3.3,2.2,5.5,0.0,1.1,2.2,0.0,1.1,4.4,1.1,6.6,7.7,18.7,0,0,16.5,1,1,13086,1,5374,18761,15361,19363,15070,11949,15070,13505,12093,13505,4753,19068,13541,19908,15133,5397,8263,7047,6025,16909,20992,8772,21801,2246,150,22509,1,32:45
2024-25,1628386,Jarrett Allen,Jarrett,1610612739,CLE,Cleveland Cavaliers,0022400940,2025-03-11T00:00:00,CLE vs. BKN,W,34.06666666666667,7.4,12.7,0.583,0.0,0.0,0.0,9.5,11.6,0.818,6.3,7.4,13.7,1.1,1.1,0.0,3.2,1.1,1.1,9.5,24.3,9.5,50.8,1,0,45.4,1,1,13086,1,4190,8019,12416,6296,15070,20945,15070,834,861,7652,1452,5694,2367,19503,15449,12854,1508,7434,19369,522,4611,7939,3035,1,150,4049,1,34:04
2024-25,1626167,Myles Turner,Myles,1610612754,IND,Indiana Pacers,0022400942,2025-03-11T00:00:00,IND vs. MIL,W,28.461666666666666,6.3,15.2,0.417,1.3,10.1,0.125,2.5,3.8,0.667,1.3,6.3,7.6,2.5,1.3,0.0,2.5,0.0,5.1,2.5,16.4,-1.3,35.7,0,0,32.9,1,1,13086,1,9160,10641,8294,14532,13010,3356,14886,8963,8266,9425,11390,7651,8993,14446,14010,12854,2322,8846,4473,10874,11454,13701,10602,2246,150,11740,1,28:28
2024-25,1641709,Ausar Thompson,Ausar,1610612765,DET,Detroit Pistons,0022400941,2025-03-11T00:00:00,DET vs. WAS,W,20.133333333333333,5.4,14.3,0.375,0.0,1.8,0.0,3.6,3.6,1.0,7.2,1.8,8.9,1.8,1.8,0.0,3.6,0.0,7.2,5.4,14.3,39.3,36.7,0,0,32.2,1,1,13086,1,15915,13357,9676,16299,15070,19932,15070,6540,8732,1,1081,20273,6836,17120,11605,12854,1171,8846,1852,3527,13599,1022,9918,2246,150,12230,1,20:08
2024-25,1629614,Andrew Nembhard,Andrew,1610612754,IND,Indiana Pacers,0022400942,2025-03-11T00:00:00,IND vs. MIL,W,28.616666666666667,5.0,7.5,0.667,2.5,5.0,0.5,2.5,3.8,0.667,1.3,1.3,2.5,3.8,0.0,1.3,0.0,0.0,1.3,2.5,15.1,-16.4,27.6,0,0,26.4,1,1,13086,1,9022,14291,20862,3281,8089,13124,3944,9001,8308,9425,11429,21367,20775,10574,16469,9730,8263,8846,18227,10927,12810,20398,16539,2246,150,16607,1,28:37
2024-25,1629651,Nic Claxton,Nic,1610612751,BKN,Brooklyn Nets,0022400940,2025-03-11T00:00:00,BKN @ CLE,L,28.883333333333333,5.0,10.0,0.5,0.0,1.2,0.0,1.2,2.5,0.5,0.0,5.0,5.0,5.0,1.2,0.0,2.5,1.2,3.7,1.2,11.2,-3.7,30.9,0,0,26.2,1,13222,1,13222,8775,14427,17101,8526,15070,20563,15070,12458,11226,10625,14058,10917,14827,7499,14115,12854,2390,5950,7942,16145,16982,14913,14122,2246,150,16816,1,28:53
2024-25,1629661,Cameron Johnson,Cameron,1610612751,BKN,Brooklyn Nets,0022400940,2025-03-11T00:00:00,BKN @ CLE,L,28.466666666666665,7.6,12.6,0.6,3.8,8.9,0.429,2.5,2.5,1.0,2.5,3.8,6.3,6.3,2.5,2.5,1.3,0.0,5.1,2.5,21.5,-2.5,47.4,0,0,45.5,1,13222,1,13222,9147,7546,12488,5394,4461,5015,7394,8964,11133,1,6525,14339,11561,4994,8119,4308,5826,8846,4475,10875,6638,14322,4168,2246,150,4011,1,28:28
2024-25,1641854,Craig Porter Jr.,Craig,1610612739,CLE,Cleveland Cavaliers,0022400940,2025-03-11T00:00:00,CLE vs. BKN,W,14.3,7.6,15.1,0.5,2.5,7.6,0.333,0.0,0.0,0.0,2.5,7.6,10.1,7.6,2.5,0.0,0.0,0.0,0.0,2.5,17.6,-15.1,38.5,0,0,37.8,1,1,13086,1,20016,7634,8412,8526,8082,7266,9209,13505,14344,13505,6556,5399,5350,3332,8169,12854,8263,8846,20257,10924,10196,19944,8700,2246,150,8192,1,14:18
2024-25,1630169,Tyrese Haliburton,Tyrese,1610612754,IND,Indiana Pacers,0022400942,2025-03-11T00:00:00,IND vs. MIL,W,31.68166666666667,5.7,13.6,0.417,2.3,6.8,0.333,2.3,2.3,1.0,1.1,2.3,3.4,11.4,1.1,2.3,0.0,0.0,0.0,3.4,15.9,-3.4,42.7,1,0,37.5,1,1,13086,1,6254,12472,10767,14532,8967,8864,9209,9718,11869,1,12218,18853,18766,881,14901,5139,8263,8846,20257,7925,12016,14760,6262,1,150,8366,1,31:41
2024-25,1642274,Yves Missi,Yves,1610612740,NOP,New Orleans Pelicans,0022400943,2025-03-11T00:00:00,NOP vs. LAC,W,26.483333333333334,4.1,8.2,0.5,0.0,0.0,0.0,4.1,6.8,0.6,8.2,2.7,10.9,1.4,4.1,0.0,2.7,1.4,0.0,5.4,12.2,-5.4,31.4,0,0,29.9,1,1,13086,1,10745,16901,20010,8526,15070,20945,15070,5567,3570,10343,732,17640,4528,18471,3721,12854,2050,5362,20257,3423,15891,15803,13750,2246,150,14023,1,26:29
2024-25,203501,Tim Hardaway Jr.,Tim,1610612765,DET,Detroit Pistons,0022400941,2025-03-11T00:00:00,DET vs. WAS,W,23.283333333333335,4.6,12.4,0.375,4.6,10.8,0.429,3.1,4.6,0.667,0.0,6.2,6.2,1.5,0.0,3.1,0.0,0.0,0.0,3.1,17.0,32.5,36.0,0,0,35.6,1,1,13086,1,13481,15395,12945,16299,2822,2655,7394,7564,6595,9425,14058,7936,11863,17816,16469,2945,8263,8846,20257,8910,10839,1682,10355,2246,150,9686,1,23:17
2024-25,203935,Marcus Smart,Marcus,1610612764,WAS,Washington Wizards,0022400941,2025-03-11T00:00:00,WAS @ DET,L,20.8,10.4,17.3,0.6,3.5,5.2,0.667,3.5,5.2,0.667,1.7,1.7,3.5,3.5,1.7,0.0,1.7,0.0,1.7,3.5,27.7,5.2,40.5,0,0,41.5,1,13222,1,13222,15426,2835,5446,5394,5236,12716,1957,6773,5623,9425,9471,20402,18633,11516,11806,12854,4222,8846,16430,7772,2896,10010,7464,2246,150,5884,1,20:48
2024-25,1627752,Taurean Prince,Taurean,1610612749,MIL,Milwaukee Bucks,0022400942,2025-03-11T00:00:00,MIL @ IND,L,33.61666666666667,7.5,17.1,0.438,4.3,8.6,0.5,0.0,0.0,0.0,1.1,5.4,6.4,3.2,2.1,1.1,0.0,0.0,2.1,0.0,19.3,4.3,32.9,0,0,35.3,1,13222,1,13222,4618,7775,5655,13558,3421,5475,3944,13505,14344,13505,12707,9889,11330,12253,9770,11269,8263,8846,14403,17725,8572,10489,12672,2246,150,9847,1,33:37
2024-25,1630530,Trey Murphy III,Trey,1610612740,NOP,New Orleans Pelicans,0022400943,2025-03-11T00:00:00,NOP vs. LAC,W,35.96666666666667,8.0,19.0,0.421,3.0,7.0,0.429,2.0,2.0,1.0,0.0,4.0,4.0,3.0,3.0,2.0,0.0,3.0,2.0,2.0,21.0,2.0,33.3,0,0,35.0,1,1,13086,1,2700,6623,3747,14442,6495,8453,7394,10640,12719,1,14058,13710,17306,12917,6461,6245,8263,1327,15135,13070,7066,11623,12324,2246,150,10066,1,35:58
2024-25,1627739,Kris Dunn,Kris,1610612746,LAC,LA Clippers,0022400943,2025-03-11T00:00:00,LAC @ NOP,L,31.185,5.8,12.7,0.455,1.2,2.3,0.5,0.0,0.0,0.0,1.2,2.3,3.5,5.8,1.2,3.5,0.0,4.6,4.6,0.0,12.7,4.6,34.7,0,0,30.0,1,13222,1,13222,6714,12196,12389,12676,13626,18967,3944,13505,14344,13505,12074,18737,18630,5906,14764,2292,8263,460,5499,17725,15393,10330,11251,2246,150,13935,1,31:11
2024-25,1630570,Trendon Watford,Trendon,1610612751,BKN,Brooklyn Nets,0022400940,2025-03-11T00:00:00,BKN @ CLE,L,19.533333333333335,1.8,5.5,0.333,0.0,0.0,0.0,0.0,0.0,0.0,1.8,7.4,9.2,11.1,5.5,1.8,0.0,1.8,5.5,0.0,3.7,-5.5,31.3,0,0,27.6,1,13222,1,13222,16387,21675,23067,17395,15070,20945,15070,13505,14344,13505,9077,5716,6419,986,1788,7064,8263,3762,3662,17725,22696,15845,13802,2246,150,15685,1,19:32
2024-25,1629673,Jordan Poole,Jordan,1610612764,WAS,Washington Wizards,0022400941,2025-03-11T00:00:00,WAS @ DET,L,25.516666666666666,7.1,21.2,0.333,4.2,12.7,0.333,2.8,2.8,1.0,0.0,7.1,7.1,4.2,1.4,2.8,0.0,2.8,1.4,2.8,21.2,-31.0,43.0,0,0,42.3,1,13222,1,13222,11578,8804,2240,17395,3513,1427,9209,8282,10426,1,14058,6273,10051,9300,13217,3631,8263,1569,17579,9886,6954,23890,6128,2246,150,5489,1,25:31
2024-25,1630549,Day'Ron Sharpe,Day'Ron,1610612751,BKN,Brooklyn Nets,0022400940,2025-03-11T00:00:00,BKN @ CLE,L,19.116666666666667,7.5,11.3,0.667,0.0,0.0,0.0,0.0,0.0,0.0,3.8,9.4,13.2,3.8,1.9,1.9,0.0,0.0,0.0,0.0,15.1,-3.8,40.3,0,0,35.8,1,13222,1,13222,16737,7689,14829,3281,15070,20945,15070,13505,14344,13505,3937,3097,2677,10603,11141,6845,8263,8846,20257,17725,12841,14930,7572,2246,150,9530,1,19:07
2024-25,1628964,Mo Bamba,Mo,1610612740,NOP,New Orleans Pelicans,0022400943,2025-03-11T00:00:00,NOP vs. LAC,W,15.066666666666666,0.0,4.8,0.0,0.0,4.8,0.0,0.0,0.0,0.0,2.4,14.3,16.7,0.0,0.0,0.0,2.4,0.0,4.8,0.0,0.0,4.8,27.2,0,0,21.5,1,1,13086,1,19517,22635,23624,22635,15070,13760,15070,13505,14344,13505,6958,686,1200,19908,16469,12854,2577,8846,5111,17725,23200,10231,16796,2246,150,19957,1,15:04
2024-25,1642267,Bub Carrington,Bub,1610612764,WAS,Washington Wizards,0022400941,2025-03-11T00:00:00,WAS @ DET,L,31.316666666666666,6.9,12.6,0.545,3.4,5.7,0.6,0.0,0.0,0.0,1.1,2.3,3.4,3.4,3.4,0.0,0.0,0.0,3.4,1.1,17.2,-5.7,23.1,0,0,27.6,1,13222,1,13222,6594,9168,12491,7695,5259,11339,2992,13505,14344,13505,12108,18763,18663,11559,5127,12854,8263,8846,8896,16650,10584,15944,19493,2246,150,15724,1,31:19
2024-25,1626158,Richaun Holmes,Richaun,1610612764,WAS,Washington Wizards,0022400941,2025-03-11T00:00:00,WAS @ DET,L,21.966666666666665,9.8,16.4,0.6,0.0,0.0,0.0,3.3,3.3,1.0,4.9,8.2,13.1,3.3,1.6,1.6,0.0,0.0,4.9,3.3,22.9,11.5,46.9,0,0,42.6,1,13222,1,13222,14528,3425,6560,5394,15070,20945,15070,7147,9361,1,2449,4430,2732,12054,12184,7857,8263,8846,4804,8315,5527,7024,4362,2246,150,5346,1,21:58
2024-25,1641730,Noah Clowney,Noah,1610612751,BKN,Brooklyn Nets,0022400940,2025-03-11T00:00:00,BKN @ CLE,L,17.066666666666666,8.4,14.8,0.571,6.3,12.7,0.5,2.1,4.2,0.5,2.1,0.0,2.1,2.1,0.0,0.0,0.0,0.0,0.0,2.1,25.3,14.8,31.0,0,0,35.9,1,13222,1,13222,18215,5732,8962,6538,1100,1448,3944,10264,7377,10625,7924,22137,21592,15969,16469,12854,8263,8846,20257,12572,4050,5717,14056,2246,150,9473,1,17:04
2024-25,1631097,Bennedict Mathurin,Bennedict,1610612754,IND,Indiana Pacers,0022400942,2025-03-11T00:00:00,IND vs. MIL,W,21.633333333333333,8.3,20.0,0.417,5.0,8.3,0.6,6.7,6.7,1.0,0.0,6.7,6.7,1.7,1.7,0.0,0.0,1.7,1.7,6.7,28.3,6.7,37.1,0,0,41.6,1,1,13086,1,14814,5947,2994,14532,2282,5881,2992,2274,3704,1,14058,6984,10825,17461,12069,12854,8263,4237,16644,1942,2674,9309,9624,2246,150,5852,1,21:38
2024-25,203992,Bogdan Bogdanović,Bogdan,1610612746,LAC,LA Clippers,0022400943,2025-03-11T00:00:00,LAC @ NOP,L,15.831666666666667,6.8,20.5,0.333,2.3,9.1,0.25,2.3,2.3,1.0,4.5,0.0,4.5,2.3,2.3,0.0,0.0,2.3,2.3,4.5,18.2,-43.2,24.8,0,0,27.3,1,13222,1,13222,19054,9365,2660,17395,8951,4678,11902,9712,11864,1,2875,22137,15927,15330,9190,12854,8263,2490,13755,5045,9636,25072,18431,2246,150,15961,1,15:50
2024-25,1631260,AJ Green,AJ,1610612749,MIL,Milwaukee Bucks,0022400942,2025-03-11T00:00:00,MIL @ IND,L,20.2,3.6,8.9,0.4,3.6,8.9,0.4,0.0,0.0,0.0,0.0,1.8,1.8,7.1,0.0,0.0,0.0,0.0,5.3,0.0,10.7,-14.3,23.5,0,0,23.2,1,13222,1,13222,15862,18164,18853,14933,4998,4949,7874,13505,14344,13505,14058,20296,22188,3850,16469,12854,8263,8846,3926,17725,17476,19603,19244,2246,150,18876,1,20:12
2024-25,203114,Khris Middleton,Khris,1610612764,WAS,Washington Wizards,0022400941,2025-03-11T00:00:00,WAS @ DET,L,22.5,4.8,14.4,0.333,0.0,4.8,0.0,3.2,3.2,1.0,1.6,3.2,4.8,0.0,3.2,0.0,0.0,0.0,3.2,1.6,12.8,-28.8,15.4,0,0,17.6,1,13222,1,13222,14100,14944,9521,17395,15070,13705,15070,7335,9523,1,9921,16089,15301,19908,5817,12854,8263,8846,9863,14634,15289,23551,23071,2246,150,22038,1,22:30
2024-25,1628398,Kyle Kuzma,Kyle,1610612749,MIL,Milwaukee Bucks,0022400942,2025-03-11T00:00:00,MIL @ IND,L,30.565,4.7,10.6,0.444,0.0,3.5,0.0,1.2,2.4,0.5,0.0,4.7,4.7,2.4,3.5,0.0,0.0,1.2,1.2,3.5,10.6,-21.2,16.3,0,0,17.7,1,13222,1,13222,7270,15212,16043,13045,15070,16582,15070,12672,11606,10625,14058,11669,15529,15033,4944,12854,8263,6419,18670,7577,17558,21887,22755,2246,150,22002,1,30:34
2024-25,1630241,Sam Merrill,Sam,1610612739,CLE,Cleveland Cavaliers,0022400940,2025-03-11T00:00:00,CLE vs. BKN,W,26.741666666666667,2.7,9.4,0.286,1.3,8.1,0.167,1.3,1.3,1.0,0.0,8.1,8.1,0.0,1.3,0.0,0.0,0.0,2.7,2.7,8.1,12.1,16.4,0,0,17.5,1,1,13086,1,10538,20109,18077,19630,12666,6323,14236,12184,13668,1,14058,4598,8133,19908,13593,12854,8263,8846,12071,10336,19860,6744,22691,2246,150,22077,1,26:45
2024-25,1641767,Ben Sheppard,Ben,1610612754,IND,Indiana Pacers,0022400942,2025-03-11T00:00:00,IND vs. MIL,W,14.958333333333334,0.0,2.4,0.0,0.0,2.4,0.0,0.0,0.0,0.0,0.0,2.4,2.4,2.4,4.8,2.4,0.0,0.0,7.2,0.0,0.0,14.4,8.9,0,0,9.6,1,1,13086,1,19600,22635,24668,22635,15070,18792,15070,13505,14344,13505,14058,18467,20999,14855,2558,4674,8263,8846,1817,17725,23200,5847,24586,2246,150,24505,1,14:58
2024-25,1641738,Kobe Brown,Kobe,1610612746,LAC,LA Clippers,0022400943,2025-03-11T00:00:00,LAC @ NOP,L,4.466666666666667,0.0,8.1,0.0,0.0,8.1,0.0,0.0,0.0,0.0,0.0,0.0,0.0,8.1,0.0,0.0,0.0,0.0,0.0,0.0,0.0,-72.5,12.1,0,0,8.1,1,13222,1,13222,24251,22635,20163,22635,15070,6349,15070,13505,14344,13505,14058,22137,23286,2826,16469,12854,8263,8846,20257,17725,23200,25915,23984,2246,150,24758,1,4:28
2024-25,1630631,Jose Alvarado,Jose,1610612740,NOP,New Orleans Pelicans,0022400943,2025-03-11T00:00:00,NOP vs. LAC,W,24.69333333333333,7.3,8.7,0.833,5.8,7.3,0.8,0.0,0.0,0.0,0.0,2.9,2.9,5.8,5.8,2.9,0.0,0.0,1.5,0.0,20.4,1.5,35.6,0,0,40.8,1,1,13086,1,12286,8242,19104,1514,1452,7841,1389,13505,14344,13505,14058,17026,19951,5792,1525,3366,8263,8846,17409,17725,7573,11890,10679,2246,150,6310,1,24:42
2024-25,1630596,Evan Mobley,Evan,1610612739,CLE,Cleveland Cavaliers,0022400940,2025-03-11T00:00:00,CLE vs. BKN,W,34.31666666666667,9.4,13.6,0.692,1.0,3.1,0.333,2.1,2.1,1.0,2.1,7.3,9.4,6.3,4.2,0.0,1.0,0.0,1.0,1.0,22.0,2.1,41.8,0,0,40.9,1,1,13086,1,3991,3964,10760,3171,14259,17370,9209,10297,12428,1,7958,5759,6122,5032,3513,12854,7144,8846,19411,17175,6192,11571,6749,2246,150,6261,1,34:19
2024-25,1631255,Karlo Matković,Karlo,1610612740,NOP,New Orleans Pelicans,0022400943,2025-03-11T00:00:00,NOP vs. LAC,W,20.35,10.6,12.4,0.857,1.8,1.8,1.0,3.5,3.5,1.0,1.8,5.3,7.1,1.8,0.0,0.0,3.5,0.0,1.8,1.8,26.5,17.7,48.3,0,0,44.2,1,1,13086,1,15748,2605,12923,1412,11192,19962,1,6622,8813,1,9358,10012,10003,17174,16469,12854,1198,8846,16311,14039,3413,4673,3878,2246,150,4582,1,20:21
2024-25,1628396,Tony Bradley,Tony,1610612754,IND,Indiana Pacers,0022400942,2025-03-11T00:00:00,IND vs. MIL,W,0.0033333333333333335,0.0,0.0,0.0,0.0,0.0,0.0,0.0,0.0,0.0,0.0,10800.0,10800.0,0.0,0.0,0.0,0.0,0.0,0.0,0.0,0.0,0.0,12960.0,0,0,10800.0,1,1,13086,1,26303,22635,24836,22635,15070,20945,15070,13505,14344,13505,14058,1,1,19908,16469,12854,8263,8846,20257,17725,23200,12240,1,2246,150,1,1,0:00
2024-25,204456,T.J. McConnell,T.J.,1610612754,IND,Indiana Pacers,0022400942,2025-03-11T00:00:00,IND vs. MIL,W,20.848333333333333,10.4,15.5,0.667,0.0,0.0,0.0,0.0,0.0,0.0,0.0,3.5,3.5,12.1,0.0,6.9,1.7,0.0,1.7,0.0,20.7,17.3,68.9,0,0,53.5,1,1,13086,1,15404,2861,7765,3281,15070,20945,15070,13505,14344,13505,14058,15362,18650,700,16469,314,4230,8846,16439,17725,7302,4817,487,2246,150,1703,1,20:51
2024-25,202695,Kawhi Leonard,Kawhi,1610612746,LAC,LA Clippers,0022400943,2025-03-11T00:00:00,LAC @ NOP,L,36.31666666666667,11.9,19.8,0.6,4.0,7.9,0.5,1.0,3.0,0.333,1.0,6.9,7.9,3.0,1.0,2.0,1.0,1.0,2.0,2.0,28.7,1.0,50.7,0,0,49.6,1,13222,1,13222,2458,1590,3083,5394,4065,6572,3944,13262,10040,13132,13328,6467,8406,13018,15907,6335,7531,7997,15248,13155,2508,12163,3083,2246,150,2649,1,36:19
2024-25,1630592,Jalen Wilson,Jalen,1610612751,BKN,Brooklyn Nets,0022400940,2025-03-11T00:00:00,BKN @ CLE,L,14.933333333333334,7.2,12.1,0.6,2.4,7.2,0.333,4.8,7.2,0.667,0.0,0.0,0.0,7.2,0.0,4.8,0.0,0.0,4.8,2.4,21.7,7.2,47.0,0,0,41.0,1,13222,1,13222,19616,8375,13502,5394,8447,7974,9209,4309,3146,9425,14058,22137,23286,3714,16469,1007,8263,8846,5006,11304,6469,9025,4311,2246,150,6212,1,14:56
2024-25,1629627,Zion Williamson,Zion,1610612740,NOP,New Orleans Pelicans,0022400943,2025-03-11T00:00:00,NOP vs. LAC,W,32.56666666666667,8.8,14.4,0.615,0.0,0.0,0.0,6.6,6.6,1.0,1.1,9.9,11.1,13.3,5.5,0.0,1.1,4.4,2.2,7.7,24.3,6.6,55.3,1,1,50.8,1,1,13086,1,5509,4981,9577,5246,15070,20945,15070,2292,3726,1,12424,2622,4363,481,1790,12854,6754,506,14046,1173,4598,9316,1939,1,1,2303,1,32:34
2024-25,1629636,Darius Garland,Darius,1610612739,CLE,Cleveland Cavaliers,0022400940,2025-03-11T00:00:00,CLE vs. BKN,W,36.43333333333333,10.9,23.7,0.458,3.0,10.9,0.273,4.9,4.9,1.0,0.0,4.0,4.0,7.9,3.0,4.0,0.0,0.0,0.0,3.0,29.6,11.9,55.1,0,0,52.4,1,1,13086,1,2379,2366,1150,12650,6637,2615,11838,4134,6046,1,14058,13870,17437,2994,6605,1682,8263,8846,20257,9382,2217,6857,1963,2246,150,1955,1,36:26
2024-25,1630595,Cade Cunningham,Cade,1610612765,DET,Detroit Pistons,0022400941,2025-03-11T00:00:00,DET vs. WAS,W,31.533333333333335,12.6,26.3,0.478,1.1,5.7,0.2,4.6,5.7,0.8,1.1,8.0,9.1,11.4,3.4,1.1,0.0,4.6,5.7,5.7,30.8,18.3,58.9,1,0,54.8,1,1,13086,1,6391,1219,602,11986,13696,11429,13429,4733,4880,7681,12181,4714,6524,864,5173,10658,8263,469,3375,3025,1825,4470,1346,1,150,1489,1,31:32
2024-25,1630322,Lindy Waters III,Lindy,1610612765,DET,Detroit Pistons,0022400941,2025-03-11T00:00:00,DET vs. WAS,W,2.45,29.4,29.4,1.0,29.4,29.4,1.0,0.0,0.0,0.0,0.0,0.0,0.0,14.7,14.7,0.0,0.0,0.0,0.0,0.0,88.2,44.1,95.5,0,0,132.2,1,1,13086,1,25225,36,311,1,6,72,1,13505,14344,13505,14058,22137,23286,319,122,12854,8263,8846,20257,17725,20,737,79,2246,150,19,1,2:27
2024-25,1629630,Ja Morant,Ja,1610612763,MEM,Memphis Grizzlies,0022400935,2025-03-10T00:00:00,MEM vs. PHX,W,33.80166666666667,9.6,13.8,0.692,1.1,5.3,0.2,10.7,10.7,1.0,1.1,3.2,4.3,12.8,5.3,1.1,0.0,0.0,3.2,7.5,30.9,16.0,53.0,1,0,51.1,1,1,13086,1,4439,3749,10433,3171,14165,12404,13429,539,1130,1,12757,16111,16646,570,1983,11346,8263,8846,9891,1350,1807,5259,2443,1,150,2248,1,33:48
2024-25,1631243,Mouhamed Gueye,Mouhamed,1610612737,ATL,Atlanta Hawks,0022400928,2025-03-10T00:00:00,ATL vs. PHI,W,21.3,6.8,13.5,0.5,3.4,6.8,0.5,6.8,6.8,1.0,5.1,6.8,11.8,3.4,0.0,1.7,3.4,0.0,0.0,3.4,23.7,23.7,58.1,0,0,52.4,1,1,13086,1,15068,9527,10969,8526,5433,8985,3944,2185,3598,1,2305,6768,3629,11732,16469,7650,1325,8846,20257,8014,5009,3115,1458,2246,150,1947,1,21:18
2024-25,1628371,Jonathan Isaac,Jonathan,1610612753,ORL,Orlando Magic,0022400934,2025-03-10T00:00:00,ORL @ HOU,L,14.333333333333334,5.0,10.0,0.5,5.0,10.0,0.5,5.0,5.0,1.0,2.5,5.0,7.5,0.0,2.5,7.5,2.5,0.0,2.5,2.5,20.1,5.0,56.8,0,0,52.7,1,13222,1,13222,19991,14310,16959,8526,2242,3433,3944,3998,5877,1,6578,10813,9102,19908,8192,242,2352,8846,12751,10947,7843,10094,1682,2246,150,1865,1,14:20
2024-25,1627741,Buddy Hield,Buddy,1610612744,GSW,Golden State Warriors,0022400938,2025-03-10T00:00:00,GSW vs. POR,W,25.0,10.1,14.4,0.7,8.6,13.0,0.667,0.0,0.0,0.0,2.9,0.0,2.9,10.1,4.3,2.9,1.4,0.0,2.9,0.0,28.8,23.0,56.0,0,0,59.0,1,1,13086,1,12008,3136,9521,3045,343,1316,1957,13505,14344,13505,5640,22137,20041,1398,3272,3462,5075,8846,11276,17725,2484,3257,1804,2246,150,913,1,25:00
2024-25,1642484,RayJ Dennis,RayJ,1610612754,IND,Indiana Pacers,0022400933,2025-03-10T00:00:00,IND @ CHI,L,7.533333333333333,4.8,23.9,0.2,0.0,14.3,0.0,0.0,0.0,0.0,4.8,4.8,9.6,14.3,4.8,4.8,0.0,0.0,0.0,0.0,9.6,4.8,52.1,0,0,43.0,1,13222,1,13222,22982,15015,1090,21401,15070,843,15070,13505,14344,13505,2587,11488,5973,353,2614,1034,8263,8846,20257,17725,18582,10231,2685,2246,150,5136,1,7:32
2024-25,1630166,Deni Avdija,Deni,1610612757,POR,Portland Trail Blazers,0022400938,2025-03-10T00:00:00,POR @ GSW,L,40.6,9.8,13.3,0.733,4.4,6.2,0.714,6.2,6.2,1.0,0.9,13.3,14.2,5.3,5.3,1.8,0.0,0.0,1.8,4.4,30.1,-2.7,55.2,1,0,57.6,1,13222,1,13222,435,3533,11304,2644,3181,10184,1861,2671,4222,1,13938,928,2154,6779,1986,7359,8263,8846,16290,5276,2026,14386,1962,1,150,1079,1,40:36
2024-25,1641717,Cason Wallace,Cason,1610612760,OKC,Oklahoma City Thunder,0022400936,2025-03-10T00:00:00,OKC vs. DEN,L,29.116666666666667,6.2,9.9,0.625,2.5,3.7,0.667,0.0,0.0,0.0,3.7,0.0,3.7,9.9,1.2,3.7,1.2,0.0,1.2,1.2,14.8,-7.4,47.7,0,0,40.8,1,13222,1,13222,8571,11015,17258,4899,8244,16193,1957,13505,14344,13505,4024,22137,18049,1497,14190,1955,5960,8846,18345,16200,13083,16689,4065,2246,150,6330,1,29:07
2024-25,1630540,Miles McBride,Miles,1610612752,NYK,New York Knicks,0022400939,2025-03-10T00:00:00,NYK @ SAC,W,31.75,7.9,12.5,0.636,4.5,5.7,0.8,3.4,5.7,0.6,0.0,3.4,3.4,7.9,0.0,2.3,0.0,0.0,3.4,3.4,23.8,36.3,46.6,0,0,44.2,1,1,13086,1,6199,6771,12772,4689,3001,11528,1389,6890,4938,10343,14058,15516,18781,2957,16469,5155,8263,8846,9072,7944,4931,1264,4492,2246,150,4584,1,31:45
2024-25,1628970,Miles Bridges,Miles,1610612766,CHA,Charlotte Hornets,0022400931,2025-03-10T00:00:00,CHA @ MIA,W,37.31666666666667,11.6,18.3,0.632,4.8,10.6,0.455,5.8,5.8,1.0,0.0,4.8,4.8,4.8,1.9,0.0,1.9,1.0,1.9,3.9,33.8,6.8,50.6,0,0,52.1,1,1,13086,1,1783,1820,4349,4871,2524,2866,7148,3097,4768,1,14058,11358,15237,7851,10902,12854,3683,8229,15524,6681,1172,9263,3086,2246,150,2015,1,37:19
2024-25,1631114,Jalen Williams,Jalen,1610612760,OKC,Oklahoma City Thunder,0022400936,2025-03-10T00:00:00,OKC vs. DEN,L,13.55,13.3,26.6,0.5,2.7,8.0,0.333,2.7,5.3,0.5,0.0,5.3,5.3,15.9,2.7,0.0,0.0,0.0,0.0,8.0,31.9,21.3,59.5,0,0,55.8,1,13222,1,13222,20458,906,549,8526,7662,6498,9209,8669,5442,10625,14058,9998,14008,219,7666,12854,8263,8846,20257,1039,1556,3639,1254,2246,150,1342,1,13:33
2024-25,1628392,Isaiah Hartenstein,Isaiah,1610612760,OKC,Oklahoma City Thunder,0022400936,2025-03-10T00:00:00,OKC vs. DEN,L,25.666666666666668,11.2,22.4,0.5,0.0,1.4,0.0,5.6,5.6,1.0,2.8,7.0,9.8,2.8,0.0,0.0,0.0,1.4,5.6,4.2,28.1,1.4,44.0,0,0,40.7,1,13222,1,13222,11427,2075,1613,8526,15070,20380,15070,3303,5033,1,5847,6334,5646,13571,16469,12854,8263,5168,3530,5821,2761,11916,5650,2246,150,6396,1,25:40
2024-25,1629014,Anfernee Simons,Anfernee,1610612757,POR,Portland Trail Blazers,0022400938,2025-03-10T00:00:00,POR @ GSW,L,38.61666666666667,11.2,19.6,0.571,5.6,9.3,0.6,1.9,1.9,1.0,0.0,1.9,1.9,1.9,2.8,1.9,0.0,0.0,0.0,1.9,29.8,-4.7,37.7,0,0,42.9,1,13222,1,13222,1053,2114,3291,6538,1669,4348,2992,11074,13083,1,14058,20065,22058,16881,7231,6955,8263,8846,20257,13675,2147,15394,9245,2246,150,5202,1,38:37
2024-25,1628384,OG Anunoby,OG,1610612752,NYK,New York Knicks,0022400939,2025-03-10T00:00:00,NYK @ SAC,W,37.3,6.8,14.5,0.467,2.9,6.8,0.429,6.8,7.7,0.875,0.0,6.8,6.8,7.7,1.0,4.8,0.0,1.0,1.9,4.8,23.2,22.2,56.4,0,0,50.2,1,1,13086,1,1795,9542,9392,12249,6878,9003,7394,2191,2729,6931,14058,6779,10620,3156,16058,1006,8263,8224,15515,4445,5375,3417,1750,2246,150,2484,1,37:18
2024-25,1629628,RJ Barrett,RJ,1610612761,TOR,Toronto Raptors,0022400932,2025-03-10T00:00:00,TOR vs. WAS,W,27.183333333333334,7.9,23.8,0.333,1.3,7.9,0.167,1.3,5.3,0.25,5.3,7.9,13.2,10.6,2.6,0.0,0.0,1.3,1.3,2.6,18.5,18.5,47.7,1,0,43.7,1,1,13086,1,10204,6743,1108,17395,12755,6540,14236,12238,5469,13358,2093,4787,2643,1166,7702,12854,8263,5523,17931,10479,9277,4396,4078,1,150,4833,1,27:11
2024-25,1631172,Ousmane Dieng,Ousmane,1610612760,OKC,Oklahoma City Thunder,0022400936,2025-03-10T00:00:00,OKC vs. DEN,L,1.7666666666666666,0.0,0.0,0.0,0.0,0.0,0.0,0.0,0.0,0.0,20.4,0.0,20.4,20.4,0.0,0.0,0.0,0.0,0.0,0.0,0.0,61.1,55.0,0,0,40.8,1,13222,1,13222,25637,22635,24836,22635,15070,20945,15070,13505,14344,13505,52,22137,483,76,16469,12854,8263,8846,20257,17725,23200,341,1979,2246,150,6347,1,1:46
2024-25,1642259,Alex Sarr,Alex,1610612764,WAS,Washington Wizards,0022400932,2025-03-10T00:00:00,WAS @ TOR,L,30.366666666666667,5.9,22.5,0.263,2.4,8.3,0.286,4.7,5.9,0.8,5.9,7.1,13.0,2.4,0.0,0.0,3.6,0.0,1.2,4.7,19.0,-17.8,48.8,1,0,43.9,1,13222,1,13222,7443,11719,1572,20219,8590,5917,11433,4443,4580,7681,1659,6152,2781,14978,16469,12854,1183,8846,18619,4634,8889,20862,3680,1,150,4755,1,30:22
2024-25,1630639,A.J. Lawson,A.J.,1610612761,TOR,Toronto Raptors,0022400932,2025-03-10T00:00:00,TOR vs. WAS,W,33.208333333333336,9.8,22.8,0.429,7.6,15.2,0.5,7.6,11.9,0.636,3.3,9.8,13.0,0.0,1.1,1.1,0.0,2.2,4.3,5.4,34.7,16.3,52.5,1,0,57.5,1,1,13086,1,4985,3528,1461,13735,566,655,3944,1616,782,10256,4838,2765,2804,19908,15244,11154,8263,2721,6182,3451,1008,5153,2596,1,150,1107,1,33:13
2024-25,203999,Nikola Jokić,Nikola,1610612743,DEN,Denver Nuggets,0022400936,2025-03-10T00:00:00,DEN @ OKC,W,39.6,13.6,18.2,0.75,0.9,1.8,0.5,3.6,4.5,0.8,1.8,14.5,16.4,7.3,0.9,0.9,0.9,0.0,3.6,5.5,31.8,7.3,66.9,1,0,60.0,1,1,13086,1,686,817,4478,2107,14933,19891,3944,6413,6756,7681,9175,651,1303,3653,16326,12621,8051,8846,8304,3408,1570,9004,575,1,150,827,1,39:36
2024-25,1628396,Tony Bradley,Tony,1610612754,IND,Indiana Pacers,0022400933,2025-03-10T00:00:00,IND @ CHI,L,7.533333333333333,14.3,14.3,1.0,0.0,0.0,0.0,0.0,9.6,0.0,9.6,0.0,9.6,4.8,0.0,0.0,4.8,0.0,0.0,4.8,28.7,4.8,61.6,0,0,52.6,1,13222,1,13222,22982,616,9639,1,15070,20945,15070,13505,1567,13505,459,22137,5973,7971,16469,12854,582,8846,20257,4548,2537,10231,1006,2246,150,1915,1,7:32
2024-25,1628380,Zach Collins,Zach,1610612741,CHI,Chicago Bulls,0022400933,2025-03-10T00:00:00,CHI vs. IND,W,22.566666666666666,4.8,6.4,0.75,1.6,3.2,0.5,0.0,0.0,0.0,3.2,11.2,14.4,9.6,3.2,1.6,1.6,0.0,1.6,1.6,11.2,27.1,49.1,0,0,43.1,1,1,13086,1,14063,14992,22231,2107,11688,17284,3944,13505,14344,13505,4960,1816,2069,1662,5849,8001,4568,8846,16888,14648,17021,2408,3568,2246,150,5107,1,22:34
2024-25,1642285,Cam Spencer,Cam,1610612763,MEM,Memphis Grizzlies,0022400935,2025-03-10T00:00:00,MEM vs. PHX,W,19.795,9.1,16.4,0.556,7.3,12.7,0.571,3.6,3.6,1.0,3.6,1.8,5.5,1.8,0.0,5.5,0.0,0.0,5.5,1.8,29.1,-1.8,54.7,0,0,54.6,1,1,13086,1,16186,4544,6590,7248,678,1410,3506,6412,8611,1,4148,20197,13657,17029,16469,657,8263,8846,3768,13858,2399,13927,2041,2246,150,1537,1,19:48
2024-25,1641774,Tristan Vukcevic,Tristan,1610612764,WAS,Washington Wizards,0022400932,2025-03-10T00:00:00,WAS @ TOR,L,24.85,8.7,21.7,0.4,2.9,11.6,0.25,1.4,1.4,1.0,2.9,7.2,10.1,2.9,1.4,1.4,1.4,0.0,7.2,2.9,21.7,0.0,45.5,0,0,43.5,1,13222,1,13222,12131,5276,1942,14933,6874,2042,11902,11910,13539,1,5602,5922,5285,13291,13015,8644,5042,8846,1806,9600,6442,12240,4942,2246,150,4936,1,24:51
2024-25,1628983,Shai Gilgeous-Alexander,Shai,1610612760,OKC,Oklahoma City Thunder,0022400936,2025-03-10T00:00:00,OKC vs. DEN,L,36.21666666666667,8.0,13.9,0.571,3.0,7.0,0.429,6.0,6.0,1.0,1.0,2.0,3.0,7.0,3.0,1.0,2.0,1.0,2.0,6.0,24.9,-17.9,44.8,0,0,43.7,1,13222,1,13222,2521,6729,10310,6538,6583,8551,7394,2903,4524,1,13311,19705,19789,4054,6560,12010,3521,7979,15220,2672,4276,20900,5254,2246,150,4813,1,36:13
2024-25,1630581,Josh Giddey,Josh,1610612741,CHI,Chicago Bulls,0022400933,2025-03-10T00:00:00,CHI vs. IND,W,27.866666666666667,14.2,23.3,0.611,2.6,6.5,0.4,6.5,6.5,1.0,0.0,12.9,12.9,5.2,3.9,0.0,1.3,0.0,1.3,5.2,37.5,33.6,60.7,1,0,60.7,1,1,13086,1,9653,649,1300,5351,7882,9626,7874,2440,3924,1,14058,1045,2862,7093,4139,12854,5683,8846,18066,3820,656,1559,1108,1,150,759,1,27:52
2024-25,1642270,Donovan Clingan,Donovan,1610612757,POR,Portland Trail Blazers,0022400938,2025-03-10T00:00:00,POR @ GSW,L,31.861666666666668,6.8,10.2,0.667,1.1,2.3,0.5,2.3,4.5,0.5,6.8,3.4,10.2,6.8,0.0,0.0,4.5,1.1,3.4,4.5,16.9,4.5,52.9,0,0,44.1,1,13222,1,13222,6098,9475,16787,3281,13768,19066,3944,9754,6805,10625,1241,15548,5261,4318,16469,12854,678,6794,9119,5092,10906,10378,2489,2246,150,4661,1,31:52
2024-25,1630573,Sam Hauser,Sam,1610612738,BOS,Boston Celtics,0022400929,2025-03-10T00:00:00,BOS vs. UTA,W,35.49333333333333,11.2,23.3,0.478,9.1,19.3,0.474,2.0,2.0,1.0,3.0,3.0,6.1,1.0,0.0,1.0,0.0,1.0,0.0,1.0,33.5,13.2,45.3,0,0,51.7,1,1,13086,1,3082,2135,1273,11986,282,274,7104,10542,12643,1,5243,16574,12082,19632,16469,11820,8263,7784,20257,17337,1221,6309,5019,2246,150,2097,1,35:30
2024-25,202685,Jonas Valančiūnas,Jonas,1610612758,SAC,Sacramento Kings,0022400939,2025-03-10T00:00:00,SAC vs. NYK,L,21.85,6.6,13.2,0.5,0.0,1.6,0.0,3.3,3.3,1.0,8.2,13.2,21.4,1.6,1.6,0.0,1.6,0.0,4.9,1.6,16.5,-14.8,47.9,1,0,42.8,1,13222,1,13222,14613,9958,11517,8526,15070,20115,15070,7121,9322,1,717,960,375,17514,12152,12854,4429,8846,4742,14464,11414,19838,4000,1,150,5231,1,21:51
2024-25,1628975,Jevon Carter,Jevon,1610612741,CHI,Chicago Bulls,0022400933,2025-03-10T00:00:00,CHI vs. IND,W,2.9,24.8,37.2,0.667,12.4,24.8,0.5,0.0,0.0,0.0,0.0,0.0,0.0,12.4,0.0,0.0,0.0,0.0,0.0,0.0,62.1,-74.5,80.7,0,0,86.9,1,1,13086,1,25027,67,106,3281,122,113,3944,13505,14344,13505,14058,22137,23286,629,16469,12854,8263,8846,20257,17725,75,25945,185,2246,150,105,1,2:54
2024-25,1642384,Isaiah Crawford,Isaiah,1610612758,SAC,Sacramento Kings,0022400939,2025-03-10T00:00:00,SAC vs. NYK,L,5.883333333333334,12.2,12.2,1.0,6.1,6.1,1.0,0.0,0.0,0.0,6.1,0.0,6.1,0.0,6.1,0.0,0.0,0.0,0.0,0.0,30.6,0.0,31.8,0,0,42.8,1,13222,1,13222,23632,1385,13199,1,1218,10394,1,13505,14344,13505,1554,22137,12001,19908,1311,12854,8263,8846,20257,17725,1896,12240,13464,2246,150,5235,1,5:53
2024-25,1642366,Quinten Post,Quinten,1610612744,GSW,Golden State Warriors,0022400938,2025-03-10T00:00:00,GSW vs. POR,W,25.35,5.7,14.2,0.4,4.3,7.1,0.6,0.0,0.0,0.0,1.4,8.5,9.9,2.8,1.4,1.4,4.3,2.8,7.1,0.0,15.6,-2.8,47.4,0,0,44.0,1,1,13086,1,11699,12476,9834,14933,3466,8254,2992,13505,14344,13505,10665,4036,5503,13473,13168,8797,786,1545,1897,17725,12299,14480,4164,2246,150,4682,1,25:21
2024-25,1630567,Scottie Barnes,Scottie,1610612761,TOR,Toronto Raptors,0022400932,2025-03-10T00:00:00,TOR vs. WAS,W,25.533333333333335,8.5,26.8,0.316,0.0,2.8,0.0,2.8,5.6,0.5,5.6,12.7,18.3,2.8,1.4,0.0,0.0,4.2,0.0,2.8,19.7,-2.8,44.6,1,0,40.9,1,1,13086,1,11556,5689,526,19148,15070,18018,15070,8290,4983,10625,1850,1103,826,13521,13222,12854,8263,575,20257,9891,8132,14468,5391,1,150,6279,1,25:32
2024-25,1631109,Mark Williams,Mark,1610612766,CHA,Charlotte Hornets,0022400931,2025-03-10T00:00:00,CHA @ MIA,W,28.826666666666668,11.2,16.2,0.692,0.0,0.0,0.0,7.5,8.7,0.857,3.7,8.7,12.5,2.5,0.0,2.5,2.5,0.0,1.2,5.0,30.0,16.2,63.7,1,0,54.9,1,1,13086,1,8824,2064,6783,3171,15070,20945,15070,1672,2023,7071,3974,3788,3134,14549,16469,4388,2379,8846,18279,4126,2096,5171,822,1,150,1465,1,28:50
2024-25,1629652,Luguentz Dort,Luguentz,1610612760,OKC,Oklahoma City Thunder,0022400936,2025-03-10T00:00:00,OKC vs. DEN,L,34.25,9.5,16.8,0.563,8.4,14.7,0.571,0.0,0.0,0.0,3.2,4.2,7.4,0.0,0.0,4.2,1.1,0.0,3.2,1.1,27.3,-8.4,51.9,0,0,53.6,1,13222,1,13222,4058,3939,6014,7127,379,763,3506,13505,14344,13505,5030,13106,9459,19908,16469,1452,7126,8846,10063,17166,3055,17144,2719,2246,150,1686,1,34:15
2024-25,1629656,Quentin Grimes,Quentin,1610612755,PHI,Philadelphia 76ers,0022400928,2025-03-10T00:00:00,PHI @ ATL,L,39.416666666666664,12.8,22.8,0.56,4.6,10.0,0.455,1.8,1.8,1.0,0.9,5.5,6.4,4.6,3.7,2.7,0.9,0.9,1.8,2.7,32.0,-9.1,53.8,0,0,54.8,1,13222,1,13222,740,1118,1440,7232,2943,3433,7148,11177,13155,1,13850,9588,11414,8488,4669,3828,8027,8593,16053,10191,1538,17491,2253,2246,150,1488,1,39:25
2024-25,1626157,Karl-Anthony Towns,Karl-Anthony,1610612752,NYK,New York Knicks,0022400939,2025-03-10T00:00:00,NYK @ SAC,W,27.69,10.4,19.5,0.533,3.9,7.8,0.5,9.1,11.7,0.778,2.6,9.1,11.7,3.9,5.2,1.3,1.3,1.3,6.5,7.8,33.8,10.4,56.3,0,0,58.5,1,1,13086,1,9803,2822,3340,8140,4194,6793,3944,967,835,8092,6349,3406,3755,10225,2114,9452,5646,5652,2402,1130,1165,7510,1762,2246,150,964,1,27:41
2024-25,1630700,Dyson Daniels,Dyson,1610612737,ATL,Atlanta Hawks,0022400928,2025-03-10T00:00:00,ATL vs. PHI,W,33.1,10.9,15.2,0.714,1.1,2.2,0.5,4.4,5.4,0.8,1.1,5.4,6.5,9.8,4.4,2.2,0.0,0.0,3.3,4.4,27.2,-4.4,51.9,0,0,48.9,1,1,13086,1,5069,2359,8205,2752,14017,19212,3944,5068,5264,7681,12569,9699,11111,1544,3219,5492,8263,8846,9599,5469,3115,15248,2735,2246,150,2848,1,33:06
2024-25,1641729,Brice Sensabaugh,Brice,1610612762,UTA,Utah Jazz,0022400929,2025-03-10T00:00:00,UTA @ BOS,L,24.716666666666665,11.7,16.0,0.727,7.3,10.2,0.714,1.5,1.5,1.0,0.0,5.8,5.8,7.3,1.5,1.5,0.0,0.0,1.5,2.9,32.0,14.6,52.9,0,0,55.3,1,13222,1,13222,12256,1760,7085,2666,674,3284,1861,11893,13530,1,14058,8730,12709,3633,12974,8600,8263,8846,17414,9547,1520,5796,2492,2246,150,1406,1,24:43
2024-25,1630217,Desmond Bane,Desmond,1610612763,MEM,Memphis Grizzlies,0022400935,2025-03-10T00:00:00,MEM vs. PHX,W,34.19833333333333,4.2,11.6,0.364,1.1,3.2,0.333,1.1,2.1,0.5,1.1,6.3,7.4,3.2,2.1,0.0,1.1,1.1,3.2,1.1,10.5,-15.8,25.2,0,0,24.2,1,1,13086,1,4102,16560,14348,16861,14236,17345,9209,13071,12402,10625,12857,7661,9437,12454,9971,12854,7114,7468,10045,17161,17633,20192,18172,2246,150,18199,1,34:12
2024-25,1630548,Johnny Juzang,Johnny,1610612762,UTA,Utah Jazz,0022400929,2025-03-10T00:00:00,UTA @ BOS,L,19.465,3.7,9.2,0.4,0.0,3.7,0.0,0.0,0.0,0.0,0.0,7.4,7.4,0.0,0.0,0.0,0.0,0.0,3.7,0.0,7.4,-24.0,16.3,0,0,14.8,1,13222,1,13222,16457,17831,18338,14933,15070,16211,15070,13505,14344,13505,14058,5680,9368,19908,16469,12854,8263,8846,8075,17725,20410,22588,22748,2246,150,23132,1,19:28
2024-25,1628969,Mikal Bridges,Mikal,1610612752,NYK,New York Knicks,0022400939,2025-03-10T00:00:00,NYK @ SAC,W,33.516666666666666,6.4,10.7,0.6,1.1,3.2,0.333,2.1,2.1,1.0,1.1,2.1,3.2,8.6,0.0,0.0,0.0,1.1,1.1,2.1,16.1,31.1,32.9,0,0,29.0,1,1,13086,1,4717,10327,15813,5394,14104,17227,9209,10139,12262,1,12682,19214,19166,2350,16469,12854,8263,7273,19248,12408,11806,1814,12679,2246,150,14704,1,33:31
2024-25,1641824,Matas Buzelis,Matas,1610612741,CHI,Chicago Bulls,0022400933,2025-03-10T00:00:00,CHI vs. IND,W,24.183333333333334,6.0,13.4,0.444,0.0,4.5,0.0,0.0,0.0,0.0,0.0,6.0,6.0,1.5,3.0,0.0,1.5,1.5,4.5,1.5,11.9,6.0,22.8,0,0,22.3,1,1,13086,1,12740,11645,11154,13045,15070,14533,15070,13505,14344,13505,14058,8438,12396,18023,6569,12854,4894,4816,5853,15045,16234,9640,19703,2246,150,19465,1,24:11
2024-25,201950,Jrue Holiday,Jrue,1610612738,BOS,Boston Celtics,0022400929,2025-03-10T00:00:00,BOS vs. UTA,W,31.666666666666668,4.5,10.2,0.444,2.3,5.7,0.4,0.0,0.0,0.0,2.3,4.5,6.8,4.5,1.1,2.3,1.1,0.0,1.1,0.0,11.4,17.1,35.5,0,0,31.8,1,1,13086,1,6258,15628,16684,13045,8952,11488,7874,13505,14344,13505,7332,12127,10486,8532,14893,5130,6561,8846,18881,17725,16824,4891,10753,2246,150,12508,1,31:40
2024-25,1630556,Kessler Edwards,Kessler,1610612742,DAL,Dallas Mavericks,0022400937,2025-03-10T00:00:00,DAL @ SAS,W,34.63333333333333,9.4,12.5,0.75,0.0,1.0,0.0,4.2,4.2,1.0,4.2,7.3,11.4,3.1,0.0,1.0,0.0,1.0,3.1,3.1,22.9,11.4,44.4,1,0,39.5,1,1,13086,1,3749,4112,12771,2107,15070,20820,15070,5424,7507,1,3357,5866,4027,12566,16469,11589,8263,7580,10206,8821,5580,7042,5474,1,150,7069,1,34:38
2024-25,1628963,Marvin Bagley III,Marvin,1610612763,MEM,Memphis Grizzlies,0022400935,2025-03-10T00:00:00,MEM vs. PHX,W,22.323333333333334,4.8,11.3,0.429,0.0,3.2,0.0,4.8,6.5,0.75,4.8,3.2,8.1,0.0,0.0,0.0,3.2,0.0,1.6,3.2,14.5,-4.8,33.9,0,0,29.0,1,1,13086,1,14260,14839,14851,13735,15070,17223,15070,4280,3942,8186,2522,16006,8152,19908,16469,12854,1451,8846,16825,8478,13395,15496,11918,2246,150,14679,1,22:19
2024-25,1642348,Justin Edwards,Justin,1610612755,PHI,Philadelphia 76ers,0022400928,2025-03-10T00:00:00,PHI @ ATL,L,20.463333333333335,3.5,10.6,0.333,1.8,3.5,0.5,1.8,3.5,0.5,1.8,0.0,1.8,1.8,1.8,1.8,1.8,0.0,0.0,3.5,10.6,-14.1,24.1,0,0,22.9,1,13222,1,13222,15673,18285,16126,17395,11228,16616,3944,11315,8854,10625,9385,22137,22216,17203,11704,7406,4145,8846,20257,7614,17607,19533,18879,2246,150,19093,1,20:28
2024-25,1630541,Moses Moody,Moses,1610612744,GSW,Golden State Warriors,0022400938,2025-03-10T00:00:00,GSW vs. POR,W,29.75,8.5,12.1,0.7,2.4,6.1,0.4,4.8,4.8,1.0,0.0,2.4,2.4,0.0,0.0,1.2,0.0,0.0,0.0,3.6,24.2,-2.4,30.7,0,0,31.5,1,1,13086,1,8001,5666,13413,3045,8413,10563,7874,4276,6215,1,14058,18426,20964,19908,16469,10090,8263,8846,20257,7310,4678,14267,14250,2246,150,12803,1,29:45
2024-25,1641733,Nick Smith Jr.,Nick,1610612766,CHA,Charlotte Hornets,0022400931,2025-03-10T00:00:00,CHA @ MIA,W,15.911666666666667,4.5,13.6,0.333,0.0,4.5,0.0,0.0,0.0,0.0,0.0,2.3,2.3,2.3,2.3,0.0,0.0,0.0,2.3,0.0,9.0,-43.0,12.9,0,0,13.6,1,1,13086,1,18995,15698,10873,17395,15070,14371,15070,13505,14344,13505,14058,18882,21289,15378,9253,12854,8263,8846,13809,17725,19032,25055,23795,2246,150,23537,1,15:55
2024-25,1630168,Onyeka Okongwu,Onyeka,1610612737,ATL,Atlanta Hawks,0022400928,2025-03-10T00:00:00,ATL vs. PHI,W,29.85,7.2,10.9,0.667,3.6,3.6,1.0,0.0,0.0,0.0,3.6,2.4,6.0,3.6,1.2,0.0,0.0,1.2,2.4,1.2,18.1,0.0,29.5,0,0,31.4,1,1,13086,1,7920,8366,15599,3281,4879,16402,1,13505,14344,13505,4185,18445,12209,11041,14393,12854,8263,6210,13140,16371,9747,12240,15108,2246,150,12891,1,29:51
2024-25,1629639,Tyler Herro,Tyler,1610612748,MIA,Miami Heat,0022400931,2025-03-10T00:00:00,MIA vs. CHA,L,32.81666666666667,9.9,18.6,0.529,1.1,5.5,0.2,2.2,4.4,0.5,1.1,2.2,3.3,2.2,3.3,1.1,0.0,0.0,1.1,3.3,23.0,-17.6,30.3,0,0,31.8,1,13222,1,13222,5319,3371,4070,8281,13955,11988,13429,9975,7054,10625,12487,19085,19013,15648,5530,11043,8263,8846,19113,8277,5458,20797,14603,2246,150,12526,1,32:49
2024-25,204456,T.J. McConnell,T.J.,1610612754,IND,Indiana Pacers,0022400933,2025-03-10T00:00:00,IND @ CHI,L,8.566666666666666,12.6,25.2,0.5,0.0,4.2,0.0,0.0,0.0,0.0,0.0,0.0,0.0,4.2,4.2,0.0,0.0,0.0,0.0,0.0,25.2,-29.4,27.3,0,0,29.4,1,13222,1,13222,22608,1192,785,8526,15070,15112,15070,13505,14344,13505,14058,22137,23286,9374,3494,12854,8263,8846,20257,17725,4109,23646,16730,2246,150,14389,1,8:34
2024-25,1641715,Cam Whitmore,Cam,1610612745,HOU,Houston Rockets,0022400934,2025-03-10T00:00:00,HOU vs. ORL,W,2.45,0.0,0.0,0.0,0.0,0.0,0.0,0.0,0.0,0.0,0.0,14.7,14.7,0.0,0.0,0.0,0.0,0.0,0.0,0.0,0.0,-73.5,17.6,0,0,14.7,1,1,13086,1,25225,22635,24836,22635,15070,20945,15070,13505,14344,13505,14058,625,1916,19908,16469,12854,8263,8846,20257,17725,23200,25931,22247,2246,150,23177,1,2:27
2024-25,1630288,Jeff Dowtin Jr.,Jeff,1610612755,PHI,Philadelphia 76ers,0022400928,2025-03-10T00:00:00,PHI @ ATL,L,27.998333333333335,7.7,11.6,0.667,5.1,7.7,0.667,1.3,1.3,1.0,0.0,3.9,3.9,5.1,0.0,1.3,0.0,0.0,1.3,1.3,21.9,12.9,38.1,0,0,38.6,1,13222,1,13222,9554,7238,14354,3281,2116,6970,1957,12338,13751,1,14058,14162,17690,7144,16469,9540,8263,8846,18095,15967,6320,6453,8991,2246,150,7648,1,27:60
2024-25,1629013,Landry Shamet,Landry,1610612752,NYK,New York Knicks,0022400939,2025-03-10T00:00:00,NYK @ SAC,W,23.883333333333333,7.5,10.6,0.714,4.5,6.0,0.75,0.0,0.0,0.0,0.0,4.5,4.5,0.0,0.0,1.5,0.0,0.0,1.5,1.5,19.6,24.1,29.5,0,0,31.7,1,1,13086,1,13003,7676,16131,2752,3032,10622,1542,13505,14344,13505,14058,12203,15990,19908,16469,8380,8263,8846,17184,14978,8267,3001,15112,2246,150,12662,1,23:53
2024-25,1630572,Sandro Mamukelashvili,Sandro,1610612759,SAS,San Antonio Spurs,0022400937,2025-03-10T00:00:00,SAS vs. DAL,L,10.2,3.5,10.6,0.333,0.0,0.0,0.0,3.5,7.1,0.5,3.5,10.6,14.1,7.1,0.0,0.0,0.0,0.0,7.1,3.5,10.6,-17.6,38.1,0,0,31.8,1,13222,1,13222,22028,18251,16057,17395,15070,20945,15070,6643,3308,10625,4326,2155,2174,3941,16469,12854,8263,8846,1935,7587,17566,20820,8945,2246,150,12561,1,10:12
2024-25,1642269,Devin Carter,Devin,1610612758,SAC,Sacramento Kings,0022400939,2025-03-10T00:00:00,SAC vs. NYK,L,12.49,2.9,5.8,0.5,0.0,2.9,0.0,2.9,5.8,0.5,2.9,8.6,11.5,2.9,5.8,2.9,0.0,0.0,2.9,11.5,8.6,5.8,29.7,0,0,28.8,1,13222,1,13222,21001,19705,22853,8526,15070,17896,15070,8142,4795,10625,5639,3889,3919,13342,1596,3457,8263,8846,11267,234,19393,9723,15037,2246,150,14846,1,12:29
2024-25,1629674,Neemias Queta,Neemias,1610612738,BOS,Boston Celtics,0022400929,2025-03-10T00:00:00,BOS vs. UTA,W,17.47833333333333,8.2,8.2,1.0,0.0,0.0,0.0,0.0,0.0,0.0,2.1,14.4,16.5,2.1,6.2,0.0,2.1,0.0,4.1,0.0,16.5,-10.3,39.3,0,0,39.1,1,1,13086,1,17948,6119,19884,1,15070,20945,15070,13505,14344,13505,8121,672,1281,16156,1281,12854,3321,8846,6770,17725,11411,18029,8179,2246,150,7302,1,17:29
2024-25,1631104,Blake Wesley,Blake,1610612759,SAS,San Antonio Spurs,0022400937,2025-03-10T00:00:00,SAS vs. DAL,L,10.983333333333333,3.3,6.6,0.5,3.3,3.3,1.0,0.0,0.0,0.0,0.0,0.0,0.0,0.0,0.0,0.0,0.0,0.0,3.3,3.3,9.8,-22.9,9.8,0,0,13.1,1,13222,1,13222,21715,18811,22052,8526,5735,17113,1,13505,14344,13505,14058,22137,23286,19908,16469,12854,8263,8846,9530,8315,18330,22321,24448,2246,150,23680,1,10:59
2024-25,1630230,Naji Marshall,Naji,1610612742,DAL,Dallas Mavericks,0022400937,2025-03-10T00:00:00,DAL @ SAS,W,39.36666666666667,7.3,14.6,0.5,0.9,4.6,0.2,5.5,5.5,1.0,0.9,3.7,4.6,2.7,4.6,0.9,0.0,0.0,0.0,2.7,21.0,-0.9,28.8,0,0,31.1,1,1,13086,1,761,8197,9157,8526,14919,14264,13429,3425,5206,1,13842,14763,15877,13775,2895,12595,8263,8846,20257,10183,7061,13472,15627,2246,150,13082,1,39:22
2024-25,1629651,Nic Claxton,Nic,1610612751,BKN,Brooklyn Nets,0022400930,2025-03-10T00:00:00,BKN vs. LAL,W,31.241666666666667,6.9,8.1,0.857,0.0,0.0,0.0,0.0,0.0,0.0,3.5,3.5,6.9,1.2,1.2,0.0,1.2,0.0,2.3,1.2,13.8,-2.3,26.2,0,0,24.2,1,1,13086,1,6667,9138,20151,1412,15070,20945,15070,13505,14344,13505,4444,15358,10305,19175,14781,12854,6471,8846,13626,16634,14122,14210,17509,2246,150,18208,1,31:15
2024-25,1630533,Ziaire Williams,Ziaire,1610612751,BKN,Brooklyn Nets,0022400930,2025-03-10T00:00:00,BKN vs. LAL,W,31.05,2.3,11.6,0.2,1.2,9.3,0.125,2.3,2.3,1.0,2.3,8.1,10.4,2.3,0.0,2.3,2.3,1.2,3.5,1.2,8.1,0.0,38.0,0,0,31.3,1,1,13086,1,6839,20812,14318,21401,13594,4413,14886,9560,11720,1,7178,4539,4972,15158,16469,4962,2701,6554,8805,16600,19825,12240,9009,2246,150,12922,1,31:03
2024-25,1630173,Precious Achiuwa,Precious,1610612752,NYK,New York Knicks,0022400939,2025-03-10T00:00:00,NYK @ SAC,W,5.0,7.2,14.4,0.5,0.0,7.2,0.0,0.0,0.0,0.0,0.0,0.0,0.0,0.0,0.0,0.0,0.0,0.0,7.2,0.0,14.4,-21.6,14.4,0,0,14.4,1,1,13086,1,23993,8449,9521,8526,15070,8048,15070,13505,14344,13505,14058,22137,23286,19908,16469,12854,8263,8846,1826,17725,13498,21993,23361,2246,150,23288,1,5:00
2024-25,1627783,Pascal Siakam,Pascal,1610612754,IND,Indiana Pacers,0022400933,2025-03-10T00:00:00,IND @ CHI,L,24.216666666666665,8.9,17.8,0.5,1.5,5.9,0.25,0.0,3.0,0.0,0.0,1.5,1.5,5.9,1.5,1.5,0.0,1.5,1.5,1.5,19.3,-8.9,33.0,0,0,31.2,1,13222,1,13222,12715,4860,4871,8526,12088,10820,11902,13505,10042,13505,14058,20898,22582,5593,12808,8469,8263,4824,17273,15053,8528,17390,12597,2246,150,12986,1,24:13
2024-25,1626167,Myles Turner,Myles,1610612754,IND,Indiana Pacers,0022400933,2025-03-10T00:00:00,IND @ CHI,L,23.066666666666666,7.8,18.7,0.417,3.1,7.8,0.4,4.7,6.2,0.75,0.0,6.2,6.2,3.1,0.0,0.0,1.6,1.6,0.0,3.1,23.4,-28.1,40.3,0,0,39.0,1,13222,1,13222,13659,7054,3998,14532,6163,6790,7874,4542,4182,8186,14058,7801,11720,12553,16469,12854,4671,4550,20257,8809,5194,23446,7592,2246,150,7367,1,23:04
2024-25,1628976,Wendell Carter Jr.,Wendell,1610612753,ORL,Orlando Magic,0022400934,2025-03-10T00:00:00,ORL @ HOU,L,29.866666666666667,2.4,9.6,0.25,1.2,4.8,0.25,3.6,3.6,1.0,6.0,8.4,14.5,1.2,0.0,0.0,1.2,2.4,3.6,2.4,9.6,-16.9,32.4,0,0,28.9,1,13222,1,13222,7907,20641,17685,20233,13329,13642,11902,6460,8654,1,1602,4129,2018,18998,16469,12854,6136,2193,8381,11304,18502,20570,12997,2246,150,14762,1,29:52
2024-25,1626168,Trey Lyles,Trey,1610612758,SAC,Sacramento Kings,0022400939,2025-03-10T00:00:00,SAC vs. NYK,L,14.15,2.5,10.2,0.25,2.5,7.6,0.333,0.0,0.0,0.0,2.5,0.0,2.5,2.5,5.1,0.0,0.0,2.5,7.6,2.5,7.6,-43.3,9.4,0,0,15.3,1,13222,1,13222,20109,20387,16773,20233,7996,7116,9209,13505,14344,13505,6484,22137,20718,14383,2238,12854,8263,1965,1552,10822,20214,25077,24508,2246,150,22966,1,14:09
2024-25,1630200,Tre Jones,Tre,1610612741,CHI,Chicago Bulls,0022400933,2025-03-10T00:00:00,CHI vs. IND,W,33.666666666666664,4.3,12.8,0.333,0.0,1.1,0.0,0.0,0.0,0.0,1.1,2.1,3.2,8.6,1.1,0.0,1.1,2.1,3.2,0.0,8.6,26.7,27.4,0,0,22.5,1,1,13086,1,4576,16379,12156,17395,15070,20777,15070,13505,14344,13505,12718,19242,19211,2379,15348,12854,6988,2805,9827,17725,19463,2478,16680,2246,150,19389,1,33:40
2024-25,1631108,Max Christie,Max,1610612742,DAL,Dallas Mavericks,0022400937,2025-03-10T00:00:00,DAL @ SAS,W,28.316666666666666,5.1,19.1,0.267,2.5,14.0,0.182,2.5,2.5,1.0,0.0,5.1,5.1,6.4,2.5,1.3,0.0,1.3,0.0,2.5,15.3,-11.4,32.2,0,0,31.8,1,1,13086,1,9285,14131,3694,20170,8004,930,14207,8930,11099,1,14058,10620,14560,4920,8070,9641,8263,5801,20257,10828,12650,18504,13207,2246,150,12553,1,28:19
2024-25,1628436,Luke Kornet,Luke,1610612738,BOS,Boston Celtics,0022400929,2025-03-10T00:00:00,BOS vs. UTA,W,30.06833333333333,2.4,4.8,0.5,0.0,0.0,0.0,1.2,2.4,0.5,3.6,6.0,9.6,0.0,0.0,2.4,1.2,1.2,2.4,1.2,6.0,15.6,28.3,0,0,22.7,1,1,13086,1,7722,20683,23617,8526,15070,20945,15070,12603,11506,10625,4224,8363,5958,19908,16469,4716,6192,6281,13246,16417,21409,5402,16035,2246,150,19172,1,30:04
2024-25,203957,Danté Exum,Danté,1610612742,DAL,Dallas Mavericks,0022400937,2025-03-10T00:00:00,DAL @ SAS,W,23.666666666666668,6.1,13.7,0.444,3.0,6.1,0.5,0.0,0.0,0.0,0.0,3.0,3.0,1.5,1.5,0.0,0.0,0.0,7.6,1.5,15.2,24.3,19.6,0,0,22.8,1,1,13086,1,13171,11266,10669,13045,6367,10478,3944,13505,14344,13505,14058,16576,19601,17899,12655,12854,8263,8846,1569,14918,12696,2957,21357,2246,150,19128,1,23:40
2024-25,1630256,Jae'Sean Tate,Jae'Sean,1610612745,HOU,Houston Rockets,0022400934,2025-03-10T00:00:00,HOU vs. ORL,W,2.45,0.0,0.0,0.0,0.0,0.0,0.0,0.0,0.0,0.0,0.0,0.0,0.0,0.0,0.0,0.0,14.7,0.0,0.0,0.0,0.0,-73.5,44.1,0,0,29.4,1,1,13086,1,25225,22635,24836,22635,15070,20945,15070,13505,14344,13505,14058,22137,23286,19908,16469,12854,24,8846,20257,17725,23200,25931,5628,2246,150,14422,1,2:27
2024-25,1641796,Pelle Larsson,Pelle,1610612748,MIA,Miami Heat,0022400931,2025-03-10T00:00:00,MIA vs. CHA,L,3.566666666666667,0.0,0.0,0.0,0.0,0.0,0.0,0.0,0.0,0.0,0.0,0.0,0.0,10.1,0.0,0.0,0.0,0.0,0.0,0.0,0.0,-70.7,15.1,0,0,10.1,1,13222,1,13222,24684,22635,24836,22635,15070,20945,15070,13505,14344,13505,14058,22137,23286,1389,16469,12854,8263,8846,20257,17725,23200,25897,23134,2246,150,24406,1,3:34
2024-25,1626179,Terry Rozier,Terry,1610612748,MIA,Miami Heat,0022400931,2025-03-10T00:00:00,MIA vs. CHA,L,14.306666666666667,2.5,12.6,0.2,2.5,7.5,0.333,2.5,5.0,0.5,2.5,12.6,15.1,2.5,2.5,5.0,0.0,2.5,0.0,7.5,10.1,22.6,44.5,0,0,40.3,1,13222,1,13222,20014,20435,12608,21401,8087,7277,9209,9000,5853,10625,6559,1133,1735,14479,8175,882,8263,2018,20257,1295,18094,3332,5401,2246,150,6641,1,14:18
2024-25,1641736,Reece Beekman,Reece,1610612751,BKN,Brooklyn Nets,0022400930,2025-03-10T00:00:00,BKN vs. LAL,W,8.868333333333334,4.1,12.2,0.333,4.1,8.1,0.5,0.0,0.0,0.0,0.0,4.1,4.1,0.0,0.0,0.0,0.0,0.0,8.1,0.0,12.2,-28.4,17.0,0,0,20.3,1,1,13086,1,22507,16953,13293,17395,3874,6253,3944,13505,14344,13505,14058,13551,17164,19908,16469,12854,8263,8846,1316,17725,15944,23498,22466,2246,150,20693,1,8:52
2024-25,1642278,Tyler Kolek,Tyler,1610612752,NYK,New York Knicks,0022400939,2025-03-10T00:00:00,NYK @ SAC,W,4.733333333333333,0.0,15.2,0.0,0.0,15.2,0.0,0.0,0.0,0.0,0.0,0.0,0.0,0.0,0.0,0.0,0.0,0.0,7.6,0.0,0.0,-38.0,0.0,0,0,0.0,1,1,13086,1,24123,22635,8230,22635,15070,646,15070,13505,14344,13505,14058,22137,23286,19908,16469,12854,8263,8846,1569,17725,23200,24701,25228,2246,150,25259,1,4:44
2024-25,1642347,Jamal Shead,Jamal,1610612761,TOR,Toronto Raptors,0022400932,2025-03-10T00:00:00,TOR vs. WAS,W,26.633333333333333,5.4,12.2,0.444,0.0,4.1,0.0,0.0,0.0,0.0,4.1,1.4,5.4,1.4,0.0,0.0,1.4,0.0,2.7,2.7,10.8,6.8,23.4,0,0,20.3,1,1,13086,1,10618,13254,13310,13045,15070,15467,15070,13505,14344,13505,3518,21179,13798,18492,16469,12854,5437,8846,12028,10309,17354,9261,19320,2246,150,20704,1,26:38
2024-25,1642258,Zaccharie Risacher,Zaccharie,1610612737,ATL,Atlanta Hawks,0022400928,2025-03-10T00:00:00,ATL vs. PHI,W,31.265,10.4,18.4,0.563,3.5,9.2,0.375,1.2,1.2,1.0,1.2,8.1,9.2,2.3,4.6,0.0,0.0,0.0,1.2,1.2,25.3,-13.8,35.2,0,0,40.3,1,1,13086,1,6658,2858,4271,7127,5248,4506,8800,12746,13959,1,12090,4615,6426,15218,2836,12854,8263,8846,18803,16638,4037,19429,10914,2246,150,6601,1,31:16
2024-25,201949,James Johnson,James,1610612754,IND,Indiana Pacers,0022400933,2025-03-10T00:00:00,IND @ CHI,L,3.6666666666666665,0.0,19.6,0.0,0.0,0.0,0.0,0.0,0.0,0.0,0.0,9.8,9.8,0.0,0.0,0.0,0.0,0.0,9.8,0.0,0.0,-49.1,11.8,0,0,9.8,1,13222,1,13222,24637,22635,3233,22635,15070,20945,15070,13505,14344,13505,14058,2713,5646,19908,16469,12854,8263,8846,743,17725,23200,25363,24066,2246,150,24466,1,3:40
2024-25,1641724,Jett Howard,Jett,1610612753,ORL,Orlando Magic,0022400934,2025-03-10T00:00:00,ORL @ HOU,L,3.0166666666666666,0.0,35.8,0.0,0.0,23.9,0.0,0.0,0.0,0.0,0.0,11.9,11.9,0.0,0.0,0.0,0.0,0.0,11.9,0.0,0.0,59.7,14.3,0,0,11.9,1,13222,1,13222,24984,22635,125,22635,15070,127,15070,13505,14344,13505,14058,1397,3550,19908,16469,12854,8263,8846,430,17725,23200,372,23395,2246,150,23996,1,3:01
2024-25,1629659,Talen Horton-Tucker,Talen,1610612741,CHI,Chicago Bulls,0022400933,2025-03-10T00:00:00,CHI vs. IND,W,2.9,0.0,0.0,0.0,0.0,0.0,0.0,0.0,0.0,0.0,0.0,12.4,12.4,0.0,0.0,0.0,0.0,0.0,0.0,0.0,0.0,-74.5,14.9,0,0,12.4,1,1,13086,1,25027,22635,24836,22635,15070,20945,15070,13505,14344,13505,14058,1184,3182,19908,16469,12854,8263,8846,20257,17725,23200,25945,23214,2246,150,23895,1,2:54
2024-25,1627746,Skal Labissiere,Skal,1610612758,SAC,Sacramento Kings,0022400939,2025-03-10T00:00:00,SAC vs. NYK,L,5.883333333333334,0.0,12.2,0.0,0.0,0.0,0.0,0.0,0.0,0.0,0.0,12.2,12.2,0.0,0.0,0.0,0.0,0.0,0.0,0.0,0.0,0.0,14.7,0,0,12.2,1,13222,1,13222,23632,22635,13199,22635,15070,20945,15070,13505,14344,13505,14058,1256,3318,19908,16469,12854,8263,8846,20257,17725,23200,12240,23285,2246,150,23931,1,5:53
2024-25,1629216,Gabe Vincent,Gabe,1610612747,LAL,Los Angeles Lakers,0022400930,2025-03-10T00:00:00,LAL @ BKN,L,33.96666666666667,8.5,12.7,0.667,6.4,9.5,0.667,2.1,2.1,1.0,0.0,0.0,0.0,3.2,1.1,0.0,0.0,1.1,4.2,1.1,25.4,-1.1,29.1,0,0,35.0,1,13222,1,13222,4292,5653,12353,3281,1080,4053,1957,10230,12353,1,14058,22137,23286,12392,15425,12854,8263,7399,6448,17118,3970,13581,15396,2246,150,10111,1,33:58
2024-25,1629611,Terance Mann,Terance,1610612737,ATL,Atlanta Hawks,0022400928,2025-03-10T00:00:00,ATL vs. PHI,W,32.82,9.9,14.3,0.692,0.0,2.2,0.0,1.1,1.1,1.0,1.1,5.5,6.6,4.4,1.1,0.0,1.1,1.1,1.1,2.2,20.8,12.1,37.5,0,0,34.0,1,1,13086,1,5317,3373,9755,3171,15070,19180,15070,12915,14043,1,12490,9571,10993,8922,15148,12854,6807,7070,19116,12187,7209,6771,9332,2246,150,10847,1,32:49
2024-25,1631119,Jaylin Williams,Jaylin,1610612760,OKC,Oklahoma City Thunder,0022400936,2025-03-10T00:00:00,OKC vs. DEN,L,10.35,0.0,13.9,0.0,0.0,10.4,0.0,0.0,0.0,0.0,0.0,10.4,10.4,0.0,0.0,0.0,0.0,0.0,7.0,0.0,0.0,-10.4,12.5,0,0,10.4,1,13222,1,13222,21984,22635,10318,22635,15070,3031,15070,13505,14344,13505,14058,2271,4972,19908,16469,12854,8263,8846,2010,17725,23200,18077,23889,2246,150,24350,1,10:21
2024-25,201939,Stephen Curry,Stephen,1610612744,GSW,Golden State Warriors,0022400938,2025-03-10T00:00:00,GSW vs. POR,W,34.016666666666666,6.3,14.8,0.429,5.3,11.6,0.455,7.4,7.4,1.0,1.1,1.1,2.1,3.2,4.2,2.1,0.0,1.1,0.0,3.2,25.4,6.3,34.8,0,0,40.2,1,1,13086,1,4244,10564,8872,13735,1960,2005,7148,1728,2993,1,12803,21856,21584,12406,3437,5709,8263,7419,20257,8649,3999,9451,11182,2246,150,6668,1,34:01
2024-25,1628997,Caleb Martin,Caleb,1610612742,DAL,Dallas Mavericks,0022400937,2025-03-10T00:00:00,DAL @ SAS,W,20.083333333333332,1.8,1.8,1.0,0.0,0.0,0.0,1.8,3.6,0.5,0.0,5.4,5.4,1.8,0.0,1.8,1.8,0.0,3.6,1.8,5.4,5.4,25.3,0,0,19.7,1,1,13086,1,15960,21767,24795,1,15070,20945,15070,11254,8714,10625,14058,9838,13861,17104,16469,7288,4074,8846,8478,13959,21807,9904,18091,2246,150,21026,1,20:05
2024-25,1630557,Corey Kispert,Corey,1610612764,WAS,Washington Wizards,0022400932,2025-03-10T00:00:00,WAS @ TOR,L,22.25,8.1,19.4,0.417,4.9,12.9,0.375,0.0,0.0,0.0,0.0,1.6,1.6,3.2,0.0,0.0,1.6,0.0,3.2,0.0,21.0,8.1,32.7,0,0,34.0,1,13222,1,13222,14313,6440,3405,14532,2485,1329,8800,13505,14344,13505,14058,20636,22414,12181,16469,12854,4506,8846,9715,17725,7059,8586,12811,2246,150,10869,1,22:15
2024-25,1630231,KJ Martin,KJ,1610612762,UTA,Utah Jazz,0022400929,2025-03-10T00:00:00,UTA @ BOS,L,13.666666666666666,0.0,2.6,0.0,0.0,2.6,0.0,0.0,0.0,0.0,2.6,5.3,7.9,2.6,2.6,0.0,0.0,0.0,5.3,0.0,0.0,-21.1,10.8,0,0,10.5,1,13222,1,13222,20381,22635,24603,22635,15070,18388,15070,13505,14344,13505,6266,10104,8456,14101,7755,12854,8263,8846,4077,17725,23200,21848,24281,2246,150,24327,1,13:40
2024-25,1628370,Malik Monk,Malik,1610612758,SAC,Sacramento Kings,0022400939,2025-03-10T00:00:00,SAC vs. NYK,L,29.5,8.5,22.0,0.389,3.7,9.8,0.375,4.9,7.3,0.667,0.0,1.2,1.2,3.7,2.4,0.0,0.0,0.0,3.7,6.1,25.6,-25.6,30.1,0,0,34.2,1,13222,1,13222,8222,5542,1834,16009,4776,3767,8800,4218,3074,9425,14058,21465,22917,10897,8487,12854,8263,8846,8223,2505,3861,22944,14706,2246,150,10725,1,29:30
2024-25,1630215,Jared Butler,Jared,1610612755,PHI,Philadelphia 76ers,0022400928,2025-03-10T00:00:00,PHI @ ATL,L,23.81833333333333,6.0,13.6,0.444,4.5,9.1,0.5,0.0,0.0,0.0,0.0,4.5,4.5,9.1,1.5,0.0,0.0,1.5,3.0,1.5,16.6,-31.7,34.2,0,0,34.8,1,13222,1,13222,13060,11382,10827,13045,3008,4712,3944,13505,14344,13505,14058,12165,15960,1967,12697,12854,8263,4734,10611,14958,11247,23995,11681,2246,150,10255,1,23:49
2024-25,1631111,Wendell Moore Jr.,Wendell,1610612766,CHA,Charlotte Hornets,0022400931,2025-03-10T00:00:00,CHA @ MIA,W,7.483333333333333,4.8,9.6,0.5,4.8,9.6,0.5,0.0,0.0,0.0,0.0,0.0,0.0,0.0,0.0,0.0,0.0,0.0,0.0,0.0,14.4,-48.1,14.4,0,0,19.2,1,1,13086,1,23006,14909,17721,8526,2538,3949,3944,13505,14344,13505,14058,22137,23286,19908,16469,12854,8263,8846,20257,17725,13474,25322,23354,2246,150,21271,1,7:29
2024-25,1626172,Kevon Looney,Kevon,1610612744,GSW,Golden State Warriors,0022400938,2025-03-10T00:00:00,GSW vs. POR,W,19.75,5.5,10.9,0.5,0.0,0.0,0.0,0.0,0.0,0.0,3.6,7.3,10.9,5.5,1.8,3.6,0.0,0.0,1.8,0.0,10.9,10.9,41.4,0,0,34.6,1,1,13086,1,16221,13070,15464,8526,15070,20945,15070,13505,14344,13505,4127,5842,4468,6489,11443,2037,8263,8846,16070,17725,17227,7262,6941,2246,150,10344,1,19:45
2024-25,203991,Clint Capela,Clint,1610612737,ATL,Atlanta Hawks,0022400928,2025-03-10T00:00:00,ATL vs. PHI,W,18.15,4.0,9.9,0.4,0.0,0.0,0.0,0.0,0.0,0.0,6.0,11.9,17.9,2.0,0.0,2.0,4.0,0.0,0.0,4.0,7.9,17.9,50.2,0,0,39.7,1,1,13086,1,17469,17171,17208,14933,15070,20945,15070,13505,14344,13505,1646,1412,933,16438,16469,6325,936,8846,20257,6408,19974,4604,3220,2246,150,6968,1,18:09
2024-25,1630163,LaMelo Ball,LaMelo,1610612766,CHA,Charlotte Hornets,0022400931,2025-03-10T00:00:00,CHA @ MIA,W,36.181666666666665,5.0,20.9,0.238,2.0,11.9,0.167,3.0,3.0,1.0,2.0,4.0,6.0,9.9,4.0,1.0,0.0,2.0,2.0,2.0,14.9,6.0,36.0,1,0,34.8,1,1,13086,1,2552,14472,2407,21138,10210,1813,14236,7854,10014,1,8434,13787,12364,1466,3920,12006,8263,3260,15206,13130,12995,9634,10358,1,150,10213,1,36:11
2024-25,1631207,Dalen Terry,Dalen,1610612741,CHI,Chicago Bulls,0022400933,2025-03-10T00:00:00,CHI vs. IND,W,3.5,0.0,10.3,0.0,0.0,0.0,0.0,0.0,0.0,0.0,0.0,0.0,0.0,20.6,0.0,0.0,0.0,0.0,0.0,0.0,0.0,-41.1,30.9,0,0,20.6,1,1,13086,1,24704,22635,16579,22635,15070,20945,15070,13505,14344,13505,14058,22137,23286,73,16469,12854,8263,8846,20257,17725,23200,24918,14155,2246,150,20526,1,3:30
2024-25,1626145,Tyus Jones,Tyus,1610612756,PHX,Phoenix Suns,0022400935,2025-03-10T00:00:00,PHX @ MEM,L,28.831666666666667,5.0,11.2,0.444,5.0,6.2,0.8,0.0,0.0,0.0,1.2,2.5,3.7,8.7,1.2,1.2,0.0,0.0,0.0,0.0,15.0,-16.2,35.1,0,0,35.0,1,13222,1,13222,8822,14397,14966,13045,2276,10094,1389,13505,14344,13505,11489,18192,17943,2236,14106,9811,8263,8846,20257,17725,12922,20332,11000,2246,150,10123,1,28:50
2024-25,1641794,Dillon Jones,Dillon,1610612760,OKC,Oklahoma City Thunder,0022400936,2025-03-10T00:00:00,OKC vs. DEN,L,1.7666666666666666,0.0,0.0,0.0,0.0,0.0,0.0,0.0,0.0,0.0,0.0,0.0,0.0,0.0,0.0,0.0,0.0,0.0,0.0,0.0,0.0,61.1,0.0,0,0,0.0,1,13222,1,13222,25637,22635,24836,22635,15070,20945,15070,13505,14344,13505,14058,22137,23286,19908,16469,12854,8263,8846,20257,17725,23200,341,25228,2246,150,25259,1,1:46
2024-25,1631466,Nate Williams,Nate,1610612745,HOU,Houston Rockets,0022400934,2025-03-10T00:00:00,HOU vs. ORL,W,2.45,0.0,0.0,0.0,0.0,0.0,0.0,0.0,0.0,0.0,0.0,0.0,0.0,0.0,14.7,0.0,0.0,0.0,14.7,0.0,0.0,-73.5,-14.7,0,0,0.0,1,1,13086,1,25225,22635,24836,22635,15070,20945,15070,13505,14344,13505,14058,22137,23286,19908,122,12854,8263,8846,259,17725,23200,25931,26255,2246,150,25259,1,2:27
2024-25,1641739,Toumani Camara,Toumani,1610612757,POR,Portland Trail Blazers,0022400938,2025-03-10T00:00:00,POR @ GSW,L,36.78333333333333,2.9,8.8,0.333,1.0,5.9,0.167,0.0,0.0,0.0,0.0,1.0,1.0,2.0,2.0,3.9,1.0,1.0,2.0,2.0,6.9,-6.9,23.7,0,0,20.6,1,13222,1,13222,2130,19565,19007,17395,14664,11019,14236,13505,14344,13505,14058,21998,23223,16534,10740,1725,7636,8113,15368,13288,20823,16450,19159,2246,150,20548,1,36:47
2024-25,1642346,Ryan Dunn,Ryan,1610612756,PHX,Phoenix Suns,0022400935,2025-03-10T00:00:00,PHX @ MEM,L,0.4633333333333333,0.0,0.0,0.0,0.0,0.0,0.0,0.0,0.0,0.0,0.0,0.0,0.0,0.0,0.0,0.0,0.0,0.0,0.0,0.0,0.0,-155.4,0.0,0,0,0.0,1,13222,1,13222,26211,22635,24836,22635,15070,20945,15070,13505,14344,13505,14058,22137,23286,19908,16469,12854,8263,8846,20257,17725,23200,26260,25228,2246,150,25259,1,0:28
2024-25,1630175,Cole Anthony,Cole,1610612753,ORL,Orlando Magic,0022400934,2025-03-10T00:00:00,ORL @ HOU,L,30.616666666666667,4.7,15.3,0.308,1.2,7.1,0.167,0.0,0.0,0.0,0.0,4.7,4.7,3.5,2.4,0.0,0.0,0.0,1.2,2.4,10.6,-11.8,19.2,0,0,20.0,1,13222,1,13222,7200,15233,8131,19226,13502,8350,14236,13505,14344,13505,14058,11692,15555,11318,8858,12854,8263,8846,18683,11535,17579,18650,21570,2246,150,20868,1,30:37
2024-25,1630198,Isaiah Joe,Isaiah,1610612760,OKC,Oklahoma City Thunder,0022400936,2025-03-10T00:00:00,OKC vs. DEN,L,16.2,2.2,11.1,0.2,2.2,6.7,0.333,0.0,0.0,0.0,4.4,0.0,4.4,6.7,2.2,0.0,0.0,2.2,4.4,0.0,6.7,8.9,19.8,0,0,20.0,1,13222,1,13222,18788,20997,15174,21401,9151,9170,9209,13505,14344,13505,2990,22137,16178,4473,9418,12854,8263,2601,5902,17725,20945,8228,21275,2246,150,20849,1,16:12
2024-25,203994,Jusuf Nurkić,Jusuf,1610612766,CHA,Charlotte Hornets,0022400931,2025-03-10T00:00:00,CHA @ MIA,W,10.403333333333334,6.9,10.4,0.667,0.0,3.5,0.0,6.9,6.9,1.0,0.0,6.9,6.9,0.0,0.0,3.5,0.0,0.0,6.9,3.5,20.8,-38.1,39.4,0,0,34.6,1,1,13086,1,21960,9125,16419,3281,15070,16734,15070,2060,3453,1,14058,6502,10288,19908,16469,2296,8263,8846,2038,7778,7264,24707,8106,2246,150,10364,1,10:24
2024-25,203939,Dwight Powell,Dwight,1610612742,DAL,Dallas Mavericks,0022400937,2025-03-10T00:00:00,DAL @ SAS,W,20.6,7.0,8.7,0.8,0.0,1.7,0.0,1.7,5.2,0.333,3.5,7.0,10.5,5.2,0.0,0.0,1.7,0.0,5.2,5.2,15.7,1.7,41.4,0,0,35.0,1,1,13086,1,15566,8957,19123,1688,15070,19988,15070,11333,5540,13132,4382,6376,4922,6961,16469,12854,4172,8846,4122,3715,12191,11773,6922,2246,150,10130,1,20:36
2024-25,1630550,JT Thor,JT,1610612764,WAS,Washington Wizards,0022400932,2025-03-10T00:00:00,WAS @ TOR,L,8.133333333333333,4.4,13.3,0.333,4.4,8.9,0.5,0.0,0.0,0.0,13.3,8.9,22.1,0.0,0.0,0.0,0.0,0.0,4.4,0.0,13.3,17.7,39.8,0,0,39.8,1,13222,1,13222,22768,15991,11341,17395,3194,5015,3944,13505,14344,13505,180,3660,330,19908,16469,12854,8263,8846,5949,17725,14775,4658,7854,2246,150,6876,1,8:08
2024-25,203926,Doug McDermott,Doug,1610612758,SAC,Sacramento Kings,0022400939,2025-03-10T00:00:00,SAC vs. NYK,L,5.25,0.0,13.7,0.0,0.0,13.7,0.0,0.0,0.0,0.0,0.0,0.0,0.0,0.0,0.0,0.0,0.0,0.0,0.0,0.0,0.0,13.7,0.0,0,0,0.0,1,13222,1,13222,23889,22635,10629,22635,15070,1016,15070,13505,14344,13505,14058,22137,23286,19908,16469,12854,8263,8846,20257,17725,23200,6119,25228,2246,150,25259,1,5:15
2024-25,203937,Kyle Anderson,Kyle,1610612748,MIA,Miami Heat,0022400931,2025-03-10T00:00:00,MIA vs. CHA,L,0.075,0.0,0.0,0.0,0.0,0.0,0.0,0.0,0.0,0.0,0.0,0.0,0.0,0.0,0.0,0.0,0.0,0.0,0.0,0.0,0.0,0.0,0.0,0,0,0.0,1,13222,1,13222,26284,22635,24836,22635,15070,20945,15070,13505,14344,13505,14058,22137,23286,19908,16469,12854,8263,8846,20257,17725,23200,12240,25228,2246,150,25259,1,0:05
2024-25,1630174,Aaron Nesmith,Aaron,1610612754,IND,Indiana Pacers,0022400933,2025-03-10T00:00:00,IND @ CHI,L,22.5,4.8,14.4,0.333,4.8,11.2,0.429,0.0,0.0,0.0,1.6,6.4,8.0,3.2,0.0,1.6,1.6,1.6,1.6,0.0,14.4,-28.8,38.4,0,0,36.8,1,13222,1,13222,14100,14944,9521,17395,2556,2327,7394,13505,14344,13505,9921,7507,8265,12310,16469,7984,4552,4435,16875,17725,13498,23551,8770,2246,150,8843,1,22:30
2024-25,202691,Klay Thompson,Klay,1610612742,DAL,Dallas Mavericks,0022400937,2025-03-10T00:00:00,DAL @ SAS,W,36.03333333333333,8.0,14.0,0.571,3.0,8.0,0.375,7.0,7.0,1.0,1.0,1.0,2.0,3.0,0.0,0.0,0.0,0.0,2.0,5.0,26.0,-3.0,32.9,0,0,34.0,1,1,13086,1,2659,6646,10191,6538,6532,6462,8800,2010,3365,1,13257,21975,21804,12945,16469,12854,8263,8846,15154,4124,3697,14568,12676,2246,150,10878,1,36:02
2024-25,201942,DeMar DeRozan,DeMar,1610612758,SAC,Sacramento Kings,0022400939,2025-03-10T00:00:00,SAC vs. NYK,L,27.96,5.2,12.9,0.4,0.0,1.3,0.0,3.9,3.9,1.0,1.3,0.0,1.3,6.4,2.6,1.3,0.0,0.0,2.6,5.2,14.2,-16.7,26.7,0,0,24.5,1,13222,1,13222,9581,13950,12082,14933,15070,20510,15070,5955,8109,1,11253,22137,22825,4803,7966,9536,8263,8846,12512,3851,13776,20529,17182,2246,150,18029,1,27:58
2024-25,1626153,Delon Wright,Delon,1610612752,NYK,New York Knicks,0022400939,2025-03-10T00:00:00,NYK @ SAC,W,5.883333333333334,6.1,6.1,1.0,6.1,6.1,1.0,0.0,0.0,0.0,6.1,6.1,12.2,0.0,6.1,0.0,0.0,0.0,0.0,0.0,18.4,0.0,26.9,0,0,36.7,1,1,13086,1,23632,11174,22497,1,1218,10394,1,13505,14344,13505,1554,8056,3318,19908,1311,12854,8263,8846,20257,17725,9462,12240,17007,2246,150,8910,1,5:53
2024-25,1630243,Trevelin Queen,Trevelin,1610612753,ORL,Orlando Magic,0022400934,2025-03-10T00:00:00,ORL @ HOU,L,12.0,3.0,12.0,0.25,0.0,3.0,0.0,6.0,6.0,1.0,6.0,3.0,9.0,0.0,0.0,6.0,0.0,6.0,3.0,3.0,12.0,0.0,40.8,0,0,33.0,1,13222,1,13222,21228,19415,13575,20233,15070,17643,15070,2855,4464,1,1612,16717,6730,19908,16469,465,8263,219,10710,9236,16132,12240,7275,2246,150,11653,1,12:00
2024-25,1629614,Andrew Nembhard,Andrew,1610612754,IND,Indiana Pacers,0022400933,2025-03-10T00:00:00,IND @ CHI,L,21.716666666666665,5.0,11.6,0.429,0.0,3.3,0.0,3.3,3.3,1.0,1.7,3.3,5.0,5.0,1.7,5.0,0.0,0.0,3.3,5.0,13.3,-21.6,40.0,0,0,33.2,1,13222,1,13222,14741,14473,14299,13735,15070,17033,15070,7074,9269,1,9723,15744,14867,7531,12102,920,8263,8846,9397,4170,14793,21980,7794,2246,150,11524,1,21:43
2024-25,1629008,Michael Porter Jr.,Michael,1610612743,DEN,Denver Nuggets,0022400936,2025-03-10T00:00:00,DEN @ OKC,W,38.18333333333333,6.6,11.3,0.583,2.8,5.7,0.5,0.0,0.0,0.0,0.0,5.7,5.7,1.9,0.9,0.9,0.0,1.9,0.9,0.0,16.0,9.4,27.5,0,0,28.3,1,1,13086,1,1281,9930,14804,6296,7123,11560,3944,13505,14344,13505,14058,9151,13141,16802,16180,12420,8263,3608,20005,17725,11895,7975,16560,2246,150,15217,1,38:11
2024-25,1627936,Alex Caruso,Alex,1610612760,OKC,Oklahoma City Thunder,0022400936,2025-03-10T00:00:00,OKC vs. DEN,L,20.25,8.9,14.2,0.625,3.6,7.1,0.5,1.8,1.8,1.0,0.0,1.8,1.8,0.0,5.3,0.0,0.0,0.0,0.0,3.6,23.1,-35.6,19.9,0,0,28.4,1,13222,1,13222,15822,4904,9795,4899,5014,8231,3944,11286,13216,1,14058,20303,22193,19908,1973,12854,8263,8846,20257,7518,5409,24470,21209,2246,150,15114,1,20:15
2024-25,1629011,Mitchell Robinson,Mitchell,1610612752,NYK,New York Knicks,0022400939,2025-03-10T00:00:00,NYK @ SAC,W,15.893333333333333,2.3,2.3,1.0,0.0,0.0,0.0,0.0,0.0,0.0,4.5,6.8,11.3,2.3,4.5,9.1,0.0,0.0,6.8,0.0,4.5,58.9,44.2,0,0,36.2,1,1,13086,1,19005,20918,24704,1,15070,20945,15070,13505,14344,13505,2888,6715,4109,15367,2952,144,8263,8846,2150,17725,22281,386,5594,2246,150,9193,1,15:54
2024-25,1642271,Kyle Filipowski,Kyle,1610612762,UTA,Utah Jazz,0022400929,2025-03-10T00:00:00,UTA @ BOS,L,16.411666666666665,6.6,17.5,0.375,0.0,6.6,0.0,0.0,0.0,0.0,0.0,11.0,11.0,0.0,0.0,0.0,2.2,4.4,2.2,2.2,13.2,4.4,32.9,0,0,28.5,1,13222,1,13222,18650,9984,5205,16299,15070,9360,15070,13505,14344,13505,14058,1921,4434,19908,16469,12854,2959,518,14129,12188,14926,10437,12656,2246,150,15060,1,16:25
2024-25,1630202,Payton Pritchard,Payton,1610612738,BOS,Boston Celtics,0022400929,2025-03-10T00:00:00,BOS vs. UTA,W,25.926666666666666,4.2,15.3,0.273,2.8,11.1,0.25,0.0,0.0,0.0,0.0,1.4,1.4,4.2,0.0,2.8,0.0,0.0,1.4,0.0,11.1,-5.6,27.4,0,0,25.0,1,1,13086,1,11225,16684,8146,20048,7293,2408,11902,13505,14344,13505,14058,21107,22711,9481,16469,3741,8263,8846,17669,17725,17077,15857,16694,2246,150,17683,1,25:56
2024-25,1630249,Vít Krejčí,Vít,1610612737,ATL,Atlanta Hawks,0022400928,2025-03-10T00:00:00,ATL vs. PHI,W,16.666666666666668,6.5,13.0,0.5,4.3,10.8,0.4,0.0,0.0,0.0,0.0,2.2,2.2,8.6,4.3,0.0,2.2,0.0,8.6,0.0,17.3,41.0,35.0,0,0,36.7,1,1,13086,1,18490,10231,11924,8526,3350,2675,7874,13505,14344,13505,14058,19178,21493,2311,3273,12854,3044,8846,1082,17725,10549,904,11059,2246,150,8901,1,16:40
2024-25,1627780,Gary Payton II,Gary,1610612744,GSW,Golden State Warriors,0022400938,2025-03-10T00:00:00,GSW vs. POR,W,28.383333333333333,14.0,20.3,0.688,5.1,7.6,0.667,0.0,0.0,0.0,1.3,1.3,2.5,1.3,1.3,1.3,1.3,1.3,2.5,1.3,33.0,17.8,44.3,0,0,46.9,1,1,13086,1,9227,716,2769,3227,2188,7153,1957,13505,14344,13505,11372,21343,20733,18763,13977,9661,5806,5820,12644,16039,1325,4641,5532,2246,150,3510,1,28:23
2024-25,1631213,Tyrese Martin,Tyrese,1610612751,BKN,Brooklyn Nets,0022400930,2025-03-10T00:00:00,BKN vs. LAL,W,27.233333333333334,6.6,18.5,0.357,5.3,10.6,0.5,0.0,0.0,0.0,1.3,2.6,4.0,4.0,1.3,1.3,1.3,1.3,0.0,0.0,18.5,15.9,35.8,0,0,37.0,1,1,13086,1,10157,9902,4208,17140,1963,2902,3944,13505,14344,13505,11091,17837,17401,10022,13705,9337,5552,5537,20257,17725,9316,5303,10494,2246,150,8713,1,27:14
2024-25,1631133,Jabari Walker,Jabari,1610612757,POR,Portland Trail Blazers,0022400938,2025-03-10T00:00:00,POR @ GSW,L,11.355,9.5,12.7,0.75,9.5,9.5,1.0,0.0,0.0,0.0,3.2,3.2,6.3,3.2,0.0,0.0,0.0,0.0,6.3,0.0,28.5,-28.5,40.9,0,0,47.6,1,13222,1,13222,21557,3866,12415,2107,252,4093,1,13505,14344,13505,5006,16188,11522,12420,16469,12854,8263,8846,2551,17725,2587,23517,7227,2246,150,3284,1,11:21
2024-25,1641716,Jarace Walker,Jarace,1610612754,IND,Indiana Pacers,0022400933,2025-03-10T00:00:00,IND @ CHI,L,14.066666666666666,5.1,12.8,0.4,2.6,5.1,0.5,2.6,5.1,0.5,0.0,5.1,5.1,5.1,2.6,0.0,0.0,2.6,0.0,2.6,15.4,15.4,26.6,0,0,28.2,1,13222,1,13222,20163,14031,12216,14933,7946,12906,3944,8902,5724,10625,14058,10503,14461,7205,8019,12854,8263,1935,20257,10761,12563,5485,17203,2246,150,15329,1,14:04
2024-25,1630205,Lamar Stevens,Lamar,1610612763,MEM,Memphis Grizzlies,0022400935,2025-03-10T00:00:00,MEM vs. PHX,W,22.371666666666666,6.4,11.3,0.571,6.4,9.7,0.667,1.6,3.2,0.5,0.0,8.0,8.0,4.8,1.6,1.6,1.6,0.0,6.4,4.8,20.9,9.7,45.9,0,0,46.7,1,1,13086,1,14220,10340,14903,6538,1029,3907,1957,11584,9484,10625,14058,4638,8181,7842,12297,7950,4529,8846,2459,4442,7145,7862,4800,2246,150,3602,1,22:22
2024-25,1630222,Mason Jones,Mason,1610612758,SAC,Sacramento Kings,0022400939,2025-03-10T00:00:00,SAC vs. NYK,L,5.883333333333334,0.0,6.1,0.0,0.0,6.1,0.0,12.2,12.2,1.0,0.0,0.0,0.0,0.0,0.0,0.0,6.1,0.0,0.0,6.1,12.2,0.0,30.6,0,0,24.5,1,13222,1,13222,23632,22635,22497,22635,15070,10394,15070,320,711,1,14058,22137,23286,19908,16469,12854,291,8846,20257,2483,15886,12240,14356,2246,150,18020,1,5:53
2024-25,1630692,Jordan Goodwin,Jordan,1610612747,LAL,Los Angeles Lakers,0022400930,2025-03-10T00:00:00,LAL @ BKN,L,24.216666666666665,8.9,11.9,0.75,7.4,8.9,0.833,0.0,0.0,0.0,1.5,10.4,11.9,0.0,3.0,1.5,0.0,1.5,4.5,0.0,25.3,-4.5,41.0,0,0,47.6,1,13222,1,13222,12715,4860,13774,2107,618,4937,1341,13505,14344,13505,10368,2282,3591,19908,6584,8469,8263,4824,5866,17725,4074,15306,7157,2246,150,3281,1,24:13
2024-25,1630549,Day'Ron Sharpe,Day'Ron,1610612751,BKN,Brooklyn Nets,0022400930,2025-03-10T00:00:00,BKN vs. LAL,W,16.683333333333334,6.5,15.1,0.429,2.2,2.2,1.0,2.2,4.3,0.5,8.6,6.5,15.1,2.2,2.2,0.0,0.0,2.2,2.2,4.3,17.3,4.3,36.5,0,0,36.7,1,1,13086,1,18477,10251,8412,13735,9403,19242,1,10089,7175,10625,633,7364,1722,15775,9691,12854,8263,2744,14310,5543,10561,10471,10049,2246,150,8930,1,16:41
2024-25,1629130,Duncan Robinson,Duncan,1610612748,MIA,Miami Heat,0022400931,2025-03-10T00:00:00,MIA vs. CHA,L,25.838333333333335,5.6,12.5,0.444,4.2,9.8,0.429,4.2,4.2,1.0,0.0,0.0,0.0,1.4,0.0,0.0,0.0,0.0,2.8,1.4,19.5,12.5,21.6,0,0,25.1,1,13222,1,13222,11304,12784,12671,13045,3611,3776,7394,5378,7452,1,14058,22137,23286,18363,16469,12854,8263,8846,11698,15480,8368,6586,20364,2246,150,17624,1,25:50
2024-25,1626220,Royce O'Neale,Royce,1610612756,PHX,Phoenix Suns,0022400935,2025-03-10T00:00:00,PHX @ MEM,L,27.531666666666666,3.9,7.8,0.5,3.9,7.8,0.5,0.0,0.0,0.0,1.3,3.9,5.2,2.6,1.3,2.6,0.0,0.0,2.6,0.0,11.8,-9.2,28.5,0,0,28.8,1,13222,1,13222,9929,17265,20482,8526,4158,6728,3944,13505,14344,13505,11161,13958,14213,14165,13769,4106,8263,8846,12372,17725,16379,17506,15876,2246,150,14882,1,27:32
2024-25,1642277,Johnny Furphy,Johnny,1610612754,IND,Indiana Pacers,0022400933,2025-03-10T00:00:00,IND @ CHI,L,17.9,4.0,10.1,0.4,0.0,6.0,0.0,0.0,0.0,0.0,0.0,16.1,16.1,0.0,0.0,6.0,0.0,0.0,2.0,0.0,8.0,4.0,45.5,0,0,36.2,1,13222,1,13222,17630,17037,16948,14933,15070,10608,15070,13505,14344,13505,14058,427,1397,19908,16469,458,8263,8846,15078,17725,19880,10634,4970,2246,150,9224,1,17:54
2024-25,201566,Russell Westbrook,Russell,1610612743,DEN,Denver Nuggets,0022400936,2025-03-10T00:00:00,DEN @ OKC,W,32.733333333333334,6.6,11.0,0.6,3.3,5.5,0.6,1.1,2.2,0.5,2.2,3.3,5.5,7.7,2.2,0.0,1.1,0.0,3.3,1.1,17.6,2.2,36.8,0,0,36.3,1,1,13086,1,5376,9933,15357,5394,5665,11945,2992,12912,12088,10625,7585,15797,13540,3186,9505,12854,6786,8846,9460,16906,10225,11511,9806,2246,150,9164,1,32:44
2024-25,1630201,Malachi Flynn,Malachi,1610612766,CHA,Charlotte Hornets,0022400931,2025-03-10T00:00:00,CHA @ MIA,W,14.7,2.4,12.2,0.2,0.0,7.3,0.0,7.3,7.3,1.0,2.4,2.4,4.9,9.8,2.4,4.9,0.0,0.0,2.4,2.4,12.2,7.3,45.1,0,0,36.7,1,1,13086,1,19772,20556,13180,21401,15070,7729,15070,1767,3053,1,6779,18328,15066,1539,8458,959,8263,8846,12985,11164,15876,8963,5147,2246,150,8894,1,14:42
2024-25,1631217,Moussa Diabaté,Moussa,1610612766,CHA,Charlotte Hornets,0022400931,2025-03-10T00:00:00,CHA @ MIA,W,8.765,4.1,12.3,0.333,0.0,0.0,0.0,0.0,0.0,0.0,0.0,0.0,0.0,0.0,0.0,8.2,0.0,0.0,0.0,0.0,8.2,4.1,32.9,0,0,24.6,1,1,13086,1,22543,16831,13045,17395,15070,20945,15070,13505,14344,13505,14058,22137,23286,19908,16469,192,8263,8846,20257,17725,19737,10592,12685,2246,150,17926,1,8:46
2024-25,1628368,De'Aaron Fox,De'Aaron,1610612759,SAS,San Antonio Spurs,0022400937,2025-03-10T00:00:00,SAS vs. DAL,L,33.833333333333336,6.4,13.8,0.462,1.1,4.3,0.25,1.1,2.1,0.5,0.0,4.3,4.3,8.5,3.2,0.0,0.0,0.0,3.2,1.1,14.9,2.1,29.6,0,0,28.7,1,13222,1,13222,4412,10483,10444,12428,14169,15000,11902,13031,12327,10625,14058,12949,16659,2410,5844,12854,8263,8846,9896,17098,13020,11555,15094,2246,150,14907,1,33:50
2024-25,1630578,Alperen Sengun,Alperen,1610612745,HOU,Houston Rockets,0022400934,2025-03-10T00:00:00,HOU vs. ORL,W,37.715,4.8,8.6,0.556,1.0,1.0,1.0,2.9,3.8,0.75,5.7,7.6,13.4,3.8,5.7,0.0,1.0,1.0,2.9,1.9,13.4,15.3,32.3,1,0,33.4,1,1,13086,1,1564,15045,19368,7248,14772,20895,1,8186,8206,8186,1799,5261,2570,10456,1624,12854,7787,8302,11348,13478,14668,5515,13117,1,150,11311,1,37:43
2024-25,1630551,Justin Champagnie,Justin,1610612764,WAS,Washington Wizards,0022400932,2025-03-10T00:00:00,WAS @ TOR,L,24.133333333333333,4.5,13.4,0.333,0.0,3.0,0.0,0.0,0.0,0.0,6.0,7.5,13.4,3.0,3.0,3.0,3.0,1.5,3.0,0.0,9.0,-19.4,44.5,0,0,37.3,1,13222,1,13222,12774,15849,11116,17395,15070,17697,15070,13505,14344,13505,1643,5572,2526,12988,6554,3196,1723,4805,10798,17725,19131,21374,5441,2246,150,8508,1,24:08
2024-25,1630598,Aaron Wiggins,Aaron,1610612760,OKC,Oklahoma City Thunder,0022400936,2025-03-10T00:00:00,OKC vs. DEN,L,22.016666666666666,4.9,13.1,0.375,3.3,6.5,0.5,0.0,0.0,0.0,1.6,4.9,6.5,1.6,0.0,1.6,0.0,0.0,1.6,0.0,13.1,-14.7,28.3,0,0,27.8,1,13222,1,13222,14487,14663,11708,16299,5755,9450,3944,13505,14344,13505,9796,11146,11086,17550,16469,7870,8263,8846,16762,17725,15009,19794,16003,2246,150,15585,1,22:01
2024-25,203486,Mason Plumlee,Mason,1610612756,PHX,Phoenix Suns,0022400935,2025-03-10T00:00:00,PHX @ MEM,L,26.305,5.5,6.8,0.8,0.0,0.0,0.0,2.7,8.2,0.333,6.8,4.1,10.9,1.4,4.1,1.4,0.0,0.0,4.1,4.1,13.7,8.2,28.9,0,0,28.7,1,13222,1,13222,10897,13057,21737,1688,15070,20945,15070,8495,2380,13132,1204,13412,4459,18437,3669,9088,8263,8846,6825,6047,14297,8529,15571,2246,150,14899,1,26:18
2024-25,1628381,John Collins,John,1610612762,UTA,Utah Jazz,0022400929,2025-03-10T00:00:00,UTA @ BOS,L,34.333333333333336,12.6,31.5,0.4,2.1,11.5,0.182,2.1,2.1,1.0,5.2,5.2,10.5,2.1,2.1,2.1,0.0,3.1,3.1,1.0,29.4,2.1,49.3,1,0,48.2,1,13222,1,13222,3975,1209,220,14933,9696,2077,14207,10301,12431,1,2155,10182,4922,16009,10011,5800,8263,1201,10115,17177,2315,11573,3510,1,150,3071,1,34:20
2024-25,202696,Nikola Vučević,Nikola,1610612741,CHI,Chicago Bulls,0022400933,2025-03-10T00:00:00,CHI vs. IND,W,23.6,7.6,12.2,0.625,1.5,1.5,1.0,0.0,0.0,0.0,3.1,13.7,16.8,1.5,3.1,0.0,0.0,0.0,3.1,0.0,16.8,9.2,36.2,1,0,36.6,1,1,13086,1,13227,7445,13258,4899,11941,20246,1,13505,14344,13505,5228,818,1178,17889,6283,12854,8263,8846,10491,17725,11098,8113,10264,1,150,8981,1,23:36
2024-25,1631212,Peyton Watson,Peyton,1610612743,DEN,Denver Nuggets,0022400936,2025-03-10T00:00:00,DEN @ OKC,W,24.46,8.8,10.3,0.857,5.9,5.9,1.0,0.0,0.0,0.0,0.0,1.5,1.5,0.0,2.9,0.0,2.9,0.0,4.4,1.5,23.5,10.3,31.2,0,0,36.8,1,1,13086,1,12525,5003,16558,1412,1387,10978,1,13505,14344,13505,14058,20935,22605,19908,6665,12854,1763,8846,5984,15117,5095,7561,13896,2246,150,8852,1,24:28
2024-25,1642024,Alex Reese,Alex,1610612755,PHI,Philadelphia 76ers,0022400928,2025-03-10T00:00:00,PHI @ ATL,L,17.683333333333334,4.1,10.2,0.4,0.0,6.1,0.0,2.0,4.1,0.5,0.0,6.1,6.1,0.0,2.0,4.1,0.0,0.0,6.1,2.0,10.2,-16.3,27.7,0,0,24.4,1,13222,1,13222,17794,16923,16770,14933,15070,10422,15070,10504,7696,10625,14058,8083,12037,19908,10327,1567,8263,8846,2813,12899,17974,20361,16436,2246,150,18054,1,17:41
2024-25,1629618,Jalen Pickett,Jalen,1610612743,DEN,Denver Nuggets,0022400936,2025-03-10T00:00:00,DEN @ OKC,W,17.866666666666667,6.0,8.1,0.75,4.0,6.0,0.667,0.0,0.0,0.0,0.0,2.0,2.0,2.0,4.0,2.0,0.0,0.0,2.0,2.0,16.1,18.1,23.6,0,0,28.2,1,1,13086,1,17651,11384,20163,2107,3939,10588,1957,13505,14344,13505,14058,19615,21769,16320,3825,6186,8263,8846,15061,13010,11794,4512,19218,2246,150,15286,1,17:52
2024-25,1631128,Christian Braun,Christian,1610612743,DEN,Denver Nuggets,0022400936,2025-03-10T00:00:00,DEN @ OKC,W,35.9,4.0,11.0,0.364,2.0,5.0,0.4,4.0,4.0,1.0,2.0,3.0,5.0,5.0,1.0,0.0,1.0,2.0,1.0,2.0,14.0,6.0,29.6,0,0,28.1,1,1,13086,1,2753,17065,15313,16861,10134,13177,7874,5678,7820,1,8361,16683,14758,7438,15822,12854,7463,3213,19692,13057,13894,9604,15091,2246,150,15373,1,35:54
2024-25,1628365,Markelle Fultz,Markelle,1610612758,SAC,Sacramento Kings,0022400939,2025-03-10T00:00:00,SAC vs. NYK,L,7.766666666666667,4.6,18.5,0.25,0.0,4.6,0.0,0.0,0.0,0.0,0.0,0.0,0.0,9.3,0.0,4.6,0.0,0.0,0.0,0.0,9.3,-23.2,37.1,0,0,27.8,1,13222,1,13222,22900,15402,4181,20233,15070,14121,15070,13505,14344,13505,14058,22137,23286,1821,16469,1128,8263,8846,20257,17725,18835,22374,9642,2246,150,15569,1,7:46
2024-25,1631165,Keon Ellis,Keon,1610612758,SAC,Sacramento Kings,0022400939,2025-03-10T00:00:00,SAC vs. NYK,L,18.466666666666665,7.8,13.6,0.571,1.9,5.8,0.333,0.0,0.0,0.0,1.9,3.9,5.8,0.0,0.0,1.9,1.9,0.0,7.8,0.0,17.5,-37.0,36.3,0,0,33.1,1,13222,1,13222,17225,7065,10745,6538,10398,11081,9209,13505,14344,13505,8623,14027,12638,19908,16469,6503,3628,8846,1459,17725,10275,24620,10187,2246,150,11538,1,18:28
2024-25,1629640,Keldon Johnson,Keldon,1610612759,SAS,San Antonio Spurs,0022400937,2025-03-10T00:00:00,SAS vs. DAL,L,28.95,12.4,19.9,0.625,5.0,7.5,0.667,5.0,6.2,0.8,3.7,2.5,6.2,0.0,1.2,1.2,0.0,1.2,2.5,5.0,34.8,-6.2,44.8,0,0,48.5,1,13222,1,13222,8713,1279,3038,4899,2315,7483,1957,4080,4211,7681,3990,18224,11783,19908,14140,9841,8263,5972,12854,4168,989,16169,5295,2246,150,2988,1,28:57
2024-25,1629004,Svi Mykhailiuk,Svi,1610612762,UTA,Utah Jazz,0022400929,2025-03-10T00:00:00,UTA @ BOS,L,22.8,4.7,12.6,0.375,3.2,9.5,0.333,0.0,0.0,0.0,1.6,4.7,6.3,3.2,1.6,0.0,0.0,0.0,1.6,0.0,12.6,-14.2,23.4,0,0,25.3,1,13222,1,13222,13875,15155,12507,16299,6061,4145,9209,13505,14344,13505,10002,11597,11569,12455,12425,12854,8263,8846,16932,17725,15454,19585,19333,2246,150,17462,1,22:48
2024-25,1642262,Cody Williams,Cody,1610612762,UTA,Utah Jazz,0022400929,2025-03-10T00:00:00,UTA @ BOS,L,16.283333333333335,4.4,8.8,0.5,2.2,4.4,0.5,0.0,0.0,0.0,0.0,8.8,8.8,2.2,0.0,0.0,2.2,2.2,0.0,0.0,11.1,31.0,31.6,0,0,28.7,1,13222,1,13222,18734,16006,18946,8526,9195,14633,3944,13505,14344,13505,14058,3673,6956,15587,16469,12854,2924,2618,20257,17725,17138,1839,13599,2246,150,14897,1,16:17
2024-25,1641730,Noah Clowney,Noah,1610612751,BKN,Brooklyn Nets,0022400930,2025-03-10T00:00:00,BKN vs. LAL,W,22.855,7.9,17.3,0.455,4.7,12.6,0.375,9.5,11.0,0.857,3.2,4.7,7.9,0.0,0.0,1.6,1.6,0.0,1.6,9.5,29.9,4.7,48.8,0,0,48.8,1,1,13086,1,13830,6897,5423,12676,2692,1476,8800,859,1018,7071,5038,11636,8510,19908,16469,8088,4623,8846,16945,537,2107,10267,3686,2246,150,2883,1,22:51
2024-25,1631170,Jaime Jaquez Jr.,Jaime,1610612748,MIA,Miami Heat,0022400931,2025-03-10T00:00:00,MIA vs. CHA,L,13.716666666666667,5.2,13.1,0.4,0.0,2.6,0.0,2.6,5.2,0.5,0.0,10.5,10.5,2.6,10.5,2.6,2.6,2.6,2.6,2.6,13.1,31.5,34.9,0,0,36.7,1,13222,1,13222,20351,13665,11631,14933,15070,18407,15070,8747,5528,10625,14058,2231,4909,14138,293,4084,2188,1844,12345,10567,14957,1782,11123,2246,150,8888,1,13:43
2024-25,202066,Garrett Temple,Garrett,1610612761,TOR,Toronto Raptors,0022400932,2025-03-10T00:00:00,TOR vs. WAS,W,8.583333333333334,0.0,4.2,0.0,0.0,4.2,0.0,0.0,0.0,0.0,4.2,4.2,8.4,8.4,0.0,4.2,0.0,0.0,0.0,0.0,0.0,50.3,35.2,0,0,25.2,1,1,13086,1,22603,22635,23997,22635,15070,15133,15070,13505,14344,13505,3308,13134,7639,2522,16469,1462,8263,8846,20257,17725,23200,541,10915,2246,150,17546,1,8:35
2024-25,1631221,Collin Gillespie,Collin,1610612756,PHX,Phoenix Suns,0022400935,2025-03-10T00:00:00,PHX @ MEM,L,12.883333333333333,0.0,11.2,0.0,0.0,8.4,0.0,0.0,0.0,0.0,5.6,5.6,11.2,14.0,2.8,0.0,0.0,2.8,5.6,2.8,0.0,14.0,31.6,0,0,25.1,1,13222,1,13222,20803,22635,15059,22635,15070,5776,15070,13505,14344,13505,1889,9329,4254,393,7235,12854,8263,1605,3567,9977,23200,6024,13628,2246,150,17562,1,12:53
2024-25,1626166,Cameron Payne,Cameron,1610612752,NYK,New York Knicks,0022400939,2025-03-10T00:00:00,NYK @ SAC,W,14.2,5.1,7.6,0.667,5.1,7.6,0.667,0.0,0.0,0.0,0.0,0.0,0.0,7.6,5.1,0.0,0.0,0.0,10.1,2.5,15.2,0.0,21.5,0,0,27.9,1,1,13086,1,20077,14176,20782,3281,2190,7161,1957,13505,14344,13505,14058,22137,23286,3275,2253,12854,8263,8846,672,10857,12689,12240,20384,2246,150,15508,1,14:12
2024-25,201142,Kevin Durant,Kevin,1610612756,PHX,Phoenix Suns,0022400935,2025-03-10T00:00:00,PHX @ MEM,L,41.41833333333334,9.6,20.9,0.458,6.1,7.8,0.778,5.2,5.2,1.0,0.9,3.5,4.3,4.3,2.6,0.0,0.9,0.9,2.6,4.3,30.4,-0.9,42.2,0,0,46.9,1,13222,1,13222,307,3795,2427,12650,1247,6765,1530,3757,5588,1,13974,15301,16423,9022,7850,12854,8162,8743,12400,5484,1947,13459,6542,2246,150,3505,1,41:25
2024-25,1642377,Jaylen Wells,Jaylen,1610612763,MEM,Memphis Grizzlies,0022400935,2025-03-10T00:00:00,MEM vs. PHX,W,23.251666666666665,1.5,13.9,0.111,0.0,7.7,0.0,0.0,0.0,0.0,3.1,6.2,9.3,3.1,0.0,0.0,0.0,0.0,3.1,3.1,3.1,6.2,18.9,0,0,15.5,1,1,13086,1,13511,22117,10283,22520,15070,6920,15070,13505,14344,13505,5139,7908,6333,12620,16469,12854,8263,8846,10284,8896,22928,9519,21708,2246,150,22891,1,23:15
2024-25,203952,Andrew Wiggins,Andrew,1610612748,MIA,Miami Heat,0022400931,2025-03-10T00:00:00,MIA vs. CHA,L,34.28333333333333,8.4,17.9,0.471,1.1,5.3,0.2,2.1,2.1,1.0,3.2,4.2,7.4,2.1,3.2,0.0,1.1,3.2,1.1,2.1,20.0,-15.8,31.9,0,0,32.6,1,13222,1,13222,4024,5802,4847,12143,14249,12590,13429,10292,12420,1,5039,13120,9475,16000,5983,12854,7135,1196,19408,12608,7959,20175,13384,2246,150,11971,1,34:17
2024-25,1627777,Georges Niang,Georges,1610612737,ATL,Atlanta Hawks,0022400928,2025-03-10T00:00:00,ATL vs. PHI,W,26.273333333333333,9.6,21.9,0.438,4.1,11.0,0.375,1.4,4.1,0.333,1.4,4.1,5.5,4.1,2.7,0.0,0.0,1.4,4.1,2.7,24.7,-9.6,34.7,0,0,38.4,1,1,13086,1,10934,3741,1858,13558,3764,2531,8800,12104,7606,13132,10882,13386,13591,9639,7411,12854,8263,5309,6804,10189,4384,17717,11325,2246,150,7787,1,26:16
2024-25,1627750,Jamal Murray,Jamal,1610612743,DEN,Denver Nuggets,0022400936,2025-03-10T00:00:00,DEN @ OKC,W,39.99,9.9,19.8,0.5,2.7,6.3,0.429,8.1,8.1,1.0,1.8,1.8,3.6,5.4,0.0,1.8,0.0,1.8,2.7,4.5,30.6,12.6,48.4,0,0,45.9,1,1,13086,1,564,3324,3106,8526,7536,9981,7394,1361,2444,1,9241,20244,18323,6634,16469,7259,8263,3903,12042,5139,1889,6563,3837,2246,150,3849,1,39:59
2024-25,1628470,Torrey Craig,Torrey,1610612738,BOS,Boston Celtics,0022400929,2025-03-10T00:00:00,BOS vs. UTA,W,12.35,5.8,14.6,0.4,5.8,11.7,0.5,0.0,0.0,0.0,5.8,2.9,8.7,0.0,2.9,0.0,2.9,0.0,2.9,0.0,17.5,-32.1,33.8,0,0,37.9,1,1,13086,1,21073,12024,9244,14933,1454,1992,3944,13505,14344,13505,1726,17027,7106,19908,6785,12854,1797,8846,11116,17725,10330,24040,11957,2246,150,8084,1,12:21
2024-25,1641737,Adem Bona,Adem,1610612755,PHI,Philadelphia 76ers,0022400928,2025-03-10T00:00:00,PHI @ ATL,L,23.856666666666666,7.5,7.5,1.0,0.0,0.0,0.0,3.0,3.0,1.0,1.5,1.5,3.0,1.5,0.0,0.0,1.5,0.0,3.0,4.5,18.1,-18.1,28.5,0,0,25.7,1,13222,1,13222,13027,7653,20865,1,15070,20945,15070,7757,9931,1,10284,20860,19674,17942,16469,12854,4809,8846,10633,5081,9726,20968,15868,2246,150,17167,1,23:51
2024-25,1629012,Collin Sexton,Collin,1610612762,UTA,Utah Jazz,0022400929,2025-03-10T00:00:00,UTA @ BOS,L,32.583333333333336,6.6,17.7,0.375,2.2,4.4,0.5,2.2,2.2,1.0,1.1,2.2,3.3,14.4,6.6,0.0,0.0,1.1,2.2,3.3,17.7,-6.6,36.6,1,0,37.6,1,13222,1,13222,5492,9862,5036,16299,9204,14638,3944,9910,12058,1,12431,19046,18957,346,1065,12854,8263,7003,14053,8207,10140,16353,9988,1,150,8316,1,32:35
2024-25,1627759,Jaylen Brown,Jaylen,1610612738,BOS,Boston Celtics,0022400929,2025-03-10T00:00:00,BOS vs. UTA,W,38.4,7.5,18.8,0.4,0.0,4.7,0.0,9.4,10.3,0.909,0.0,7.5,7.5,6.6,2.8,2.8,0.9,1.9,0.9,6.6,24.4,15.9,51.7,0,0,45.9,1,1,13086,1,1165,7762,3971,14933,15070,13990,15070,881,1254,6764,14058,5495,9165,4625,7171,3653,7909,3647,20036,2019,4565,5273,2787,2246,150,3841,1,38:24
2024-25,1630559,Austin Reaves,Austin,1610612747,LAL,Los Angeles Lakers,0022400930,2025-03-10T00:00:00,LAL @ BKN,L,36.04833333333333,3.0,14.0,0.214,1.0,5.0,0.2,10.0,11.0,0.909,2.0,6.0,8.0,10.0,3.0,0.0,1.0,1.0,3.0,6.0,17.0,-10.0,41.5,1,0,37.9,1,13222,1,13222,2653,19442,10198,21369,14561,13219,13429,702,1029,6764,8398,8344,8289,1446,6508,12854,7484,7937,10754,2633,10868,17885,6863,1,150,8062,1,36:03
2024-25,1630182,Josh Green,Josh,1610612766,CHA,Charlotte Hornets,0022400931,2025-03-10T00:00:00,CHA @ MIA,W,31.633333333333333,1.1,4.6,0.25,1.1,3.4,0.333,0.0,0.0,0.0,2.3,4.6,6.8,2.3,1.1,1.1,0.0,0.0,2.3,0.0,3.4,17.1,17.3,0,0,15.9,1,1,13086,1,6299,22549,23772,20233,13721,16839,9209,13505,14344,13505,7321,12118,10466,15315,14880,10696,8263,8846,13741,17725,22803,4882,22374,2246,150,22731,1,31:38
2024-25,1630193,Immanuel Quickley,Immanuel,1610612761,TOR,Toronto Raptors,0022400932,2025-03-10T00:00:00,TOR vs. WAS,W,28.216666666666665,6.4,15.3,0.417,3.8,11.5,0.333,2.6,5.1,0.5,1.3,6.4,7.7,7.7,1.3,0.0,0.0,0.0,1.3,3.8,19.1,-2.6,38.5,0,0,38.3,1,1,13086,1,9369,10494,8099,14532,4366,2119,9209,8915,5749,10625,11326,7544,8867,3219,13931,12854,8263,8846,18139,6776,8705,14335,8684,2246,150,7848,1,28:13
2024-25,1630658,Colin Castleton,Colin,1610612761,TOR,Toronto Raptors,0022400932,2025-03-10T00:00:00,TOR vs. WAS,W,26.583333333333332,4.1,6.8,0.6,0.0,0.0,0.0,1.4,2.7,0.5,4.1,8.1,12.2,4.1,2.7,0.0,0.0,2.7,4.1,4.1,9.5,-1.4,27.5,0,0,25.7,1,1,13086,1,10652,16944,21808,5394,15070,20945,15070,12154,10724,10625,3507,4524,3356,9771,7504,12854,8263,1727,6963,6138,18657,13734,16589,2246,150,17124,1,26:35
2024-25,1628389,Bam Adebayo,Bam,1610612748,MIA,Miami Heat,0022400931,2025-03-10T00:00:00,MIA vs. CHA,L,38.31666666666667,7.5,15.0,0.5,1.9,3.8,0.5,4.7,6.6,0.714,3.8,9.4,13.2,7.5,0.9,0.9,0.0,0.0,0.9,4.7,21.6,6.6,50.5,1,0,46.0,1,13222,1,13222,1206,7731,8560,8526,10721,16084,3944,4516,3798,9244,3955,3114,2700,3376,16200,12443,8263,8846,20026,4723,6539,9347,3116,1,150,3804,1,38:19
2024-25,1630703,Scoot Henderson,Scoot,1610612757,POR,Portland Trail Blazers,0022400938,2025-03-10T00:00:00,POR @ GSW,L,29.533333333333335,6.1,15.8,0.385,1.2,6.1,0.2,1.2,1.2,1.0,2.4,0.0,2.4,4.9,3.7,1.2,0.0,0.0,2.4,1.2,14.6,-21.9,24.9,0,0,25.6,1,13222,1,13222,8194,11243,7352,16070,13269,10449,13429,12533,13858,1,6811,22137,20921,7742,4662,10024,8263,8846,13043,16302,13272,22056,18375,2246,150,17210,1,29:32
2024-25,1630577,Julian Champagnie,Julian,1610612759,SAS,San Antonio Spurs,0022400937,2025-03-10T00:00:00,SAS vs. DAL,L,14.956666666666667,4.8,14.4,0.333,2.4,12.0,0.2,0.0,0.0,0.0,0.0,2.4,2.4,0.0,2.4,0.0,0.0,0.0,2.4,0.0,12.0,-24.1,12.5,0,0,16.8,1,13222,1,13222,19601,14906,9446,17395,8468,1760,13429,13505,14344,13505,14058,18466,20998,19908,8629,12854,8263,8846,13168,17725,16104,22597,23895,2246,150,22366,1,14:57
2024-25,1631245,Quenton Jackson,Quenton,1610612754,IND,Indiana Pacers,0022400933,2025-03-10T00:00:00,IND @ CHI,L,14.05,5.1,20.5,0.25,2.6,7.7,0.333,0.0,0.0,0.0,0.0,7.7,7.7,12.8,2.6,5.1,0.0,0.0,0.0,0.0,12.8,17.9,54.1,0,0,46.1,1,13222,1,13222,20169,14020,2642,20233,7938,7022,9209,13505,14344,13505,14058,5178,8819,561,8008,824,8263,8846,20257,17725,15274,4579,2189,2246,150,3776,1,14:03
2024-25,1630192,Zeke Nnaji,Zeke,1610612743,DEN,Denver Nuggets,0022400936,2025-03-10T00:00:00,DEN @ OKC,W,11.266666666666667,0.0,0.0,0.0,0.0,0.0,0.0,0.0,0.0,0.0,3.2,6.4,9.6,9.6,9.6,3.2,0.0,0.0,6.4,0.0,0.0,28.8,25.9,0,0,25.6,1,1,13086,1,21593,22635,24836,22635,15070,20945,15070,13505,14344,13505,4951,7523,5936,1654,361,2751,8263,8846,2500,17725,23200,2140,17693,2246,150,17231,1,11:16
2024-25,1626156,D'Angelo Russell,D'Angelo,1610612751,BKN,Brooklyn Nets,0022400930,2025-03-10T00:00:00,BKN vs. LAL,W,28.651666666666667,2.5,11.3,0.222,2.5,7.5,0.333,2.5,5.0,0.5,1.3,2.5,3.8,8.8,1.3,2.5,1.3,0.0,2.5,2.5,10.1,0.0,37.8,0,0,32.7,1,1,13086,1,8971,20448,14820,21205,8103,7307,9209,9009,5876,10625,11450,18154,17899,2192,14063,4344,5872,8846,12749,10945,18110,12240,9147,2246,150,11895,1,28:39
2024-25,1631197,Jared Rhoden,Jared,1610612761,TOR,Toronto Raptors,0022400932,2025-03-10T00:00:00,TOR vs. WAS,W,25.858333333333334,4.2,12.5,0.333,4.2,11.1,0.375,2.8,2.8,1.0,0.0,4.2,4.2,0.0,0.0,1.4,0.0,1.4,7.0,1.4,15.3,13.9,24.5,0,0,26.5,1,1,13086,1,11286,16661,12687,17395,3619,2380,8800,8377,10523,1,14058,13179,16864,19908,16469,8948,8263,5205,2007,15485,12609,6040,18608,2246,150,16576,1,25:52
2024-25,1631099,Keegan Murray,Keegan,1610612758,SAC,Sacramento Kings,0022400939,2025-03-10T00:00:00,SAC vs. NYK,L,29.933333333333334,4.8,13.2,0.364,1.2,7.2,0.167,0.0,0.0,0.0,2.4,0.0,2.4,0.0,0.0,1.2,0.0,0.0,3.6,0.0,10.8,-28.9,17.3,0,0,16.8,1,13222,1,13222,7840,14909,11429,16861,13346,8016,14236,13505,14344,13505,6901,22137,21000,19908,16469,10152,8263,8846,8402,17725,17341,23565,22360,2246,150,22368,1,29:56
2024-25,1631097,Bennedict Mathurin,Bennedict,1610612754,IND,Indiana Pacers,0022400933,2025-03-10T00:00:00,IND @ CHI,L,22.883333333333333,3.1,14.2,0.222,0.0,1.6,0.0,1.6,1.6,1.0,1.6,1.6,3.1,4.7,3.1,0.0,0.0,1.6,3.1,7.9,7.9,-17.3,15.6,0,0,15.7,1,13222,1,13222,13803,19107,9909,21205,15070,20203,15070,11641,13419,1,10031,20731,19381,8139,5997,12854,8263,4513,10110,1089,20031,20712,23000,2246,150,22812,1,22:53
2024-25,1629048,Goga Bitadze,Goga,1610612753,ORL,Orlando Magic,0022400934,2025-03-10T00:00:00,ORL @ HOU,L,12.233333333333333,2.9,5.9,0.5,2.9,2.9,1.0,2.9,5.9,0.5,5.9,0.0,5.9,0.0,2.9,0.0,5.9,0.0,14.7,2.9,11.8,-32.4,33.5,0,0,32.4,1,13222,1,13222,21135,19549,22720,8526,6713,17768,1,7972,4624,10625,1680,22137,12550,19908,6667,12854,329,8846,258,9444,16375,24082,12158,2246,150,12090,1,12:14
2024-25,1629029,Luka Dončić,Luka,1610612747,LAL,Los Angeles Lakers,0022400930,2025-03-10T00:00:00,LAL @ BKN,L,41.3,7.0,22.7,0.308,2.6,8.7,0.3,2.6,3.5,0.75,0.9,9.6,10.5,10.5,4.4,1.7,0.0,2.6,0.9,3.5,19.2,2.6,48.3,1,1,46.2,1,13222,1,13222,324,8993,1515,19226,7774,5241,11319,8768,8913,8186,13970,2930,4948,1220,3210,7473,8263,1855,20197,7698,8672,11314,3880,1,1,3743,1,41:18
2024-25,1631095,Jabari Smith Jr.,Jabari,1610612745,HOU,Houston Rockets,0022400934,2025-03-10T00:00:00,HOU vs. ORL,W,32.18333333333333,5.6,14.5,0.385,5.6,11.2,0.5,5.6,7.8,0.714,0.0,7.8,7.8,0.0,0.0,0.0,1.1,0.0,1.1,6.7,22.4,-2.2,35.1,0,0,38.0,1,1,13086,1,5816,12729,9294,16070,1670,2349,3944,3324,2644,9244,14058,4967,8569,19908,16469,12854,6677,8846,18994,1891,5949,14166,10978,2246,150,8008,1,32:11
2024-25,203458,Alex Len,Alex,1610612747,LAL,Los Angeles Lakers,0022400930,2025-03-10T00:00:00,LAL @ BKN,L,13.316666666666666,0.0,2.7,0.0,0.0,0.0,0.0,0.0,0.0,0.0,5.4,0.0,5.4,5.4,2.7,0.0,2.7,0.0,8.1,0.0,0.0,-10.8,20.0,0,0,16.2,1,13222,1,13222,20588,22635,24585,22635,15070,20945,15070,13505,14344,13505,2011,22137,13798,6624,7522,12854,2078,8846,1319,17725,23200,18238,21165,2246,150,22626,1,13:19
2024-25,1629673,Jordan Poole,Jordan,1610612764,WAS,Washington Wizards,0022400932,2025-03-10T00:00:00,WAS @ TOR,L,23.016666666666666,9.4,18.8,0.5,3.1,10.9,0.286,3.1,3.1,1.0,0.0,4.7,4.7,1.6,3.1,1.6,0.0,0.0,4.7,7.8,25.0,-23.5,34.6,0,0,37.5,1,13222,1,13222,13711,4052,3956,8526,6142,2541,11433,7476,9650,1,14058,11729,15589,17756,6042,8132,8263,8846,5302,1116,4206,22453,11401,2246,150,8336,1,23:01
2024-25,1630167,Obi Toppin,Obi,1610612754,IND,Indiana Pacers,0022400933,2025-03-10T00:00:00,IND @ CHI,L,20.316666666666666,7.1,14.2,0.5,0.0,3.5,0.0,3.5,3.5,1.0,1.8,3.5,5.3,1.8,1.8,3.5,0.0,0.0,1.8,3.5,17.7,-19.5,35.6,0,0,31.9,1,13222,1,13222,15769,8729,9875,8526,15070,16559,15070,6612,8798,1,9344,15103,14000,17164,11660,2189,8263,8846,16297,7548,10115,21398,10636,2246,150,12463,1,20:19
2024-25,1642264,Stephon Castle,Stephon,1610612759,SAS,San Antonio Spurs,0022400937,2025-03-10T00:00:00,SAS vs. DAL,L,29.616666666666667,4.9,14.6,0.333,2.4,8.5,0.286,4.9,9.7,0.5,1.2,4.9,6.1,7.3,2.4,2.4,0.0,0.0,6.1,4.9,17.0,-15.8,40.1,0,0,37.7,1,13222,1,13222,8126,14771,9227,17395,8366,5570,11433,4247,1496,10625,11688,11250,12100,3624,8525,4588,8263,8846,2847,4367,10830,20195,7688,2246,150,8235,1,29:37
2024-25,1628415,Dillon Brooks,Dillon,1610612745,HOU,Houston Rockets,0022400934,2025-03-10T00:00:00,HOU vs. ORL,W,37.1,6.8,20.4,0.333,2.9,8.7,0.333,0.0,0.0,0.0,1.0,2.9,3.9,1.0,1.9,1.0,0.0,1.0,1.9,1.0,16.5,19.4,23.6,0,0,26.2,1,1,13086,1,1922,9441,2704,17395,6827,5212,9209,13505,14344,13505,13489,17040,17614,19768,10845,12207,8263,8181,15457,17486,11395,4139,19216,2246,150,16796,1,37:06
2024-25,1630532,Franz Wagner,Franz,1610612753,ORL,Orlando Magic,0022400934,2025-03-10T00:00:00,ORL @ HOU,L,33.95,6.4,18.0,0.353,0.0,2.1,0.0,3.2,4.2,0.75,1.1,6.4,7.4,5.3,2.1,2.1,0.0,0.0,3.2,2.1,15.9,5.3,37.0,0,0,32.9,1,13222,1,13222,4306,10535,4633,17268,15070,19335,15070,7368,7334,8186,12790,7573,9324,6814,9903,5695,8263,8846,9948,12526,12020,9951,9691,2246,150,11752,1,33:57
2024-25,203500,Steven Adams,Steven,1610612745,HOU,Houston Rockets,0022400934,2025-03-10T00:00:00,HOU vs. ORL,W,23.233333333333334,7.7,9.3,0.833,0.0,0.0,0.0,1.5,4.6,0.333,17.0,9.3,26.3,1.5,4.6,0.0,0.0,0.0,0.0,7.7,17.0,26.3,46.3,1,0,44.9,1,1,13086,1,13518,7173,18276,1514,15070,20945,15070,11693,6581,13132,94,3206,157,17811,2785,12854,8263,8846,20257,1164,10803,2543,4607,1,150,4296,1,23:14
2024-25,1629632,Coby White,Coby,1610612741,CHI,Chicago Bulls,0022400933,2025-03-10T00:00:00,CHI vs. IND,W,34.483333333333334,11.5,20.9,0.55,3.1,6.3,0.5,4.2,5.2,0.8,1.0,6.3,7.3,4.2,3.1,0.0,0.0,0.0,2.1,5.2,30.3,0.0,42.2,0,0,44.9,1,1,13086,1,3866,1879,2413,7655,6133,10055,3944,5386,5570,7681,12916,7768,9557,9452,6037,12854,8263,8846,14666,3748,1995,12240,6534,2246,150,4318,1,34:29
2024-25,1641871,Duop Reath,Duop,1610612757,POR,Portland Trail Blazers,0022400938,2025-03-10T00:00:00,POR @ GSW,L,14.55,2.5,12.4,0.2,0.0,9.9,0.0,0.0,0.0,0.0,2.5,4.9,7.4,4.9,0.0,0.0,0.0,0.0,0.0,0.0,4.9,-19.8,21.3,0,0,17.3,1,13222,1,13222,19855,20503,12941,21401,15070,3610,15070,13505,14344,13505,6691,11029,9324,7571,16469,12854,8263,8846,20257,17725,22034,21491,20549,2246,150,22164,1,14:33
2024-25,1641710,Anthony Black,Anthony,1610612753,ORL,Orlando Magic,0022400934,2025-03-10T00:00:00,ORL @ HOU,L,19.783333333333335,0.0,7.3,0.0,0.0,1.8,0.0,5.5,7.3,0.75,0.0,3.6,3.6,3.6,0.0,1.8,0.0,0.0,3.6,7.3,5.5,-7.3,20.7,0,0,16.4,1,13222,1,13222,16192,22635,21232,22635,15070,19886,15070,3460,3110,8186,14058,14820,18226,10963,16469,7160,8263,8846,8293,1459,21758,16630,20820,2246,150,22557,1,19:47
2024-25,1630172,Patrick Williams,Patrick,1610612741,CHI,Chicago Bulls,0022400933,2025-03-10T00:00:00,CHI vs. IND,W,12.666666666666666,2.8,8.5,0.333,0.0,5.7,0.0,0.0,5.7,0.0,2.8,5.7,8.5,2.8,8.5,0.0,0.0,0.0,5.7,2.8,5.7,5.7,11.7,0,0,17.1,1,1,13086,1,20909,19786,19451,17395,15070,11488,15070,13505,4910,13505,5753,9077,7440,13464,500,12854,8263,8846,3414,9805,21603,9763,24098,2246,150,22281,1,12:40
2024-25,1630699,MarJon Beauchamp,MarJon,1610612752,NYK,New York Knicks,0022400939,2025-03-10T00:00:00,NYK @ SAC,W,4.733333333333333,7.6,22.8,0.333,7.6,15.2,0.5,0.0,0.0,0.0,0.0,15.2,15.2,0.0,7.6,0.0,0.0,0.0,7.6,0.0,22.8,-38.0,33.5,0,0,45.6,1,1,13086,1,24123,7499,1446,17395,552,646,3944,13505,14344,13505,14058,530,1677,19908,674,12854,8263,8846,1569,17725,5620,24701,12210,2246,150,3961,1,4:44
2024-25,1641798,Jaylen Martin,Jaylen,1610612764,WAS,Washington Wizards,0022400932,2025-03-10T00:00:00,WAS @ TOR,L,8.616666666666667,8.4,20.9,0.4,4.2,8.4,0.5,0.0,0.0,0.0,0.0,12.5,12.5,0.0,0.0,0.0,0.0,0.0,0.0,4.2,20.9,-16.7,35.9,0,0,37.6,1,13222,1,13222,22589,5874,2408,14933,3612,5817,3944,13505,14344,13505,14058,1147,3106,19908,16469,12854,8263,8846,20257,5883,7171,20521,10409,2246,150,8289,1,8:37
2024-25,1630170,Devin Vassell,Devin,1610612759,SAS,San Antonio Spurs,0022400937,2025-03-10T00:00:00,SAS vs. DAL,L,34.26,10.5,23.1,0.455,3.2,8.4,0.375,1.1,1.1,1.0,1.1,3.2,4.2,3.2,0.0,1.1,0.0,1.1,6.3,1.1,25.2,3.2,38.1,0,0,37.8,1,13222,1,13222,4053,2709,1345,12676,6089,5727,8800,13078,14134,1,12869,16252,16793,12471,16469,11486,8263,7483,2597,17171,4107,11039,8929,2246,150,8148,1,34:16
2024-25,1641713,GG Jackson,GG,1610612763,MEM,Memphis Grizzlies,0022400935,2025-03-10T00:00:00,MEM vs. PHX,W,25.868333333333332,8.3,16.7,0.5,2.8,8.3,0.333,0.0,0.0,0.0,2.8,2.8,5.6,4.2,2.8,2.8,0.0,1.4,1.4,0.0,19.5,-2.8,38.0,0,0,37.6,1,1,13086,1,11268,5886,6174,8526,7270,5827,9209,13505,14344,13505,5907,17454,13376,9458,7279,3726,8263,5212,17662,17725,8392,14444,9033,2246,150,8307,1,25:52
2024-25,203915,Spencer Dinwiddie,Spencer,1610612742,DAL,Dallas Mavericks,0022400937,2025-03-10T00:00:00,DAL @ SAS,W,37.3,8.7,15.4,0.563,3.9,7.7,0.5,5.8,5.8,1.0,1.9,4.8,6.8,5.8,1.9,1.0,0.0,0.0,2.9,5.8,27.0,1.9,44.8,0,0,45.4,1,1,13086,1,1795,5286,7902,7127,4298,6958,3944,3093,4761,1,8705,11350,10620,5870,10894,12239,8263,8846,11210,2908,3196,11663,5288,2246,150,4085,1,37:18
2024-25,1631094,Paolo Banchero,Paolo,1610612753,ORL,Orlando Magic,0022400934,2025-03-10T00:00:00,ORL @ HOU,L,36.483333333333334,9.9,22.7,0.435,2.0,5.9,0.333,3.0,3.9,0.75,2.0,3.0,4.9,3.0,1.0,1.0,1.0,0.0,1.0,3.0,24.7,-10.9,40.0,0,0,38.5,1,13222,1,13222,2347,3382,1504,13702,10272,10882,9209,7925,7953,8186,8510,16857,14968,13057,15929,12065,7558,8846,19781,9392,4379,18253,7786,2246,150,7713,1,36:29
2024-25,101108,Chris Paul,Chris,1610612759,SAS,San Antonio Spurs,0022400937,2025-03-10T00:00:00,SAS vs. DAL,L,22.45,3.2,8.0,0.4,1.6,6.4,0.25,1.6,1.6,1.0,0.0,3.2,3.2,14.4,1.6,1.6,0.0,0.0,3.2,0.0,9.6,11.2,38.3,0,0,32.1,1,13222,1,13222,14153,18976,20234,14933,11660,9717,11902,11592,13387,1,14058,16057,19213,338,12315,7968,8263,8846,9830,17725,18520,7126,8822,2246,150,12330,1,22:27
2024-25,1628418,Thomas Bryant,Thomas,1610612754,IND,Indiana Pacers,0022400933,2025-03-10T00:00:00,IND @ CHI,L,10.866666666666667,0.0,9.9,0.0,0.0,9.9,0.0,6.6,6.6,1.0,0.0,3.3,3.3,0.0,0.0,0.0,3.3,0.0,3.3,6.6,6.6,-19.9,20.5,0,0,16.6,1,13222,1,13222,21769,22635,17175,22635,15070,3569,15070,2296,3735,1,14058,15752,18961,19908,16469,12854,1385,8846,9406,1961,20971,21518,20921,2246,150,22479,1,10:52
2024-25,1629111,Jock Landale,Jock,1610612745,HOU,Houston Rockets,0022400934,2025-03-10T00:00:00,HOU vs. ORL,W,2.216666666666667,0.0,0.0,0.0,0.0,0.0,0.0,0.0,0.0,0.0,0.0,16.2,16.2,0.0,0.0,0.0,0.0,0.0,16.2,0.0,0.0,-81.2,19.5,0,0,16.2,1,1,13086,1,25342,22635,24836,22635,15070,20945,15070,13505,14344,13505,14058,403,1344,19908,16469,12854,8263,8846,200,17725,23200,26014,21412,2246,150,22608,1,2:13
2024-25,203484,Kentavious Caldwell-Pope,Kentavious,1610612753,ORL,Orlando Magic,0022400934,2025-03-10T00:00:00,ORL @ HOU,L,21.25,0.0,0.0,0.0,0.0,0.0,0.0,0.0,0.0,0.0,0.0,1.7,1.7,0.0,1.7,0.0,0.0,0.0,0.0,0.0,0.0,-15.2,0.3,0,0,1.7,1,13222,1,13222,15114,22635,24836,22635,15070,20945,15070,13505,14344,13505,14058,20472,22307,19908,11939,12854,8263,8846,20257,17725,23200,19993,25227,2246,150,25258,1,21:15
2024-25,1628988,Aaron Holiday,Aaron,1610612745,HOU,Houston Rockets,0022400934,2025-03-10T00:00:00,HOU vs. ORL,W,16.45,2.2,6.6,0.333,2.2,4.4,0.5,4.4,8.8,0.5,0.0,2.2,2.2,8.8,4.4,0.0,0.0,0.0,6.6,6.6,10.9,-6.6,22.3,0,0,24.1,1,1,13086,1,18625,21063,22046,17395,9274,14742,3944,5030,2015,10625,14058,19104,21435,2219,3185,12854,8263,8846,2349,2015,17223,16319,19970,2246,150,18273,1,16:27
2024-25,1627824,Guerschon Yabusele,Guerschon,1610612755,PHI,Philadelphia 76ers,0022400928,2025-03-10T00:00:00,PHI @ ATL,L,27.023333333333333,2.7,6.7,0.4,0.0,2.7,0.0,4.0,5.3,0.75,2.7,1.3,4.0,5.3,1.3,0.0,0.0,1.3,5.3,2.7,9.3,10.7,20.8,0,0,18.7,1,13222,1,13222,10315,20166,21940,14933,15070,18325,15070,5701,5421,8186,6195,21230,17326,6765,13667,12854,8263,5494,3972,10427,18790,7391,20798,2246,150,21551,1,27:01
2024-25,203552,Seth Curry,Seth,1610612766,CHA,Charlotte Hornets,0022400931,2025-03-10T00:00:00,CHA @ MIA,W,14.406666666666666,0.0,7.5,0.0,0.0,7.5,0.0,0.0,0.0,0.0,0.0,2.5,2.5,2.5,2.5,0.0,0.0,0.0,2.5,2.5,0.0,-30.0,4.2,0,0,5.0,1,1,13086,1,19951,22635,20934,22635,15070,7413,15070,13505,14344,13505,14058,18190,20817,14547,8247,12854,8263,8846,12800,10992,23200,23731,25069,2246,150,25106,1,14:24
2024-25,1630592,Jalen Wilson,Jalen,1610612751,BKN,Brooklyn Nets,0022400930,2025-03-10T00:00:00,BKN vs. LAL,W,15.366666666666667,2.3,11.7,0.2,2.3,11.7,0.2,2.3,2.3,1.0,2.3,4.7,7.0,0.0,2.3,0.0,0.0,0.0,4.7,0.0,9.4,-2.3,15.5,0,0,18.7,1,1,13086,1,19327,20775,14081,21401,8696,1954,13429,9473,11649,1,7110,11744,10102,19908,8891,12854,8263,8846,5319,17725,18754,14231,23034,2246,150,21516,1,15:22
2024-25,1630625,Dalano Banton,Dalano,1610612757,POR,Portland Trail Blazers,0022400938,2025-03-10T00:00:00,POR @ GSW,L,7.25,0.0,24.8,0.0,0.0,5.0,0.0,0.0,0.0,0.0,5.0,0.0,5.0,0.0,0.0,0.0,0.0,14.9,0.0,0.0,0.0,-5.0,6.0,0,0,5.0,1,13222,1,13222,23075,22635,862,22635,15070,13284,15070,13505,14344,13505,2408,22137,14882,19908,16469,12854,8263,28,20257,17725,23200,15568,24924,2246,150,25109,1,7:15
2024-25,1642267,Bub Carrington,Bub,1610612764,WAS,Washington Wizards,0022400932,2025-03-10T00:00:00,WAS @ TOR,L,25.883333333333333,2.8,15.3,0.182,1.4,11.1,0.125,0.0,0.0,0.0,0.0,5.6,5.6,7.0,1.4,1.4,0.0,0.0,1.4,1.4,7.0,-18.1,26.8,0,0,23.6,1,13222,1,13222,11254,19919,8115,21891,12482,2390,14886,13505,14344,13505,14058,9380,13384,4058,13332,8954,8263,8846,17664,15490,20755,20958,17060,2246,150,18582,1,25:53
2024-25,1628960,Grayson Allen,Grayson,1610612756,PHX,Phoenix Suns,0022400935,2025-03-10T00:00:00,PHX @ MEM,L,25.466666666666665,2.8,7.1,0.4,2.8,5.7,0.5,4.2,5.7,0.75,1.4,0.0,1.4,4.2,1.4,1.4,0.0,0.0,5.7,4.2,12.7,-8.5,23.6,0,0,24.0,1,13222,1,13222,11613,19820,21477,14933,7127,11563,3944,5278,4969,8186,10683,22137,22671,9274,13206,8824,8263,8846,3460,5740,15365,17175,19198,2246,150,18306,1,25:28
2024-25,1629723,John Konchar,John,1610612763,MEM,Memphis Grizzlies,0022400935,2025-03-10T00:00:00,MEM vs. PHX,W,6.066666666666666,0.0,0.0,0.0,0.0,0.0,0.0,0.0,0.0,0.0,0.0,5.9,5.9,0.0,0.0,0.0,0.0,0.0,5.9,0.0,0.0,0.0,7.1,0,0,5.9,1,1,13086,1,23571,22635,24836,22635,15070,20945,15070,13505,14344,13505,14058,8474,12442,19908,16469,12854,8263,8846,3033,17725,23200,12240,24810,2246,150,25011,1,6:04
2024-25,1641817,Anton Watson,Anton,1610612752,NYK,New York Knicks,0022400939,2025-03-10T00:00:00,NYK @ SAC,W,4.416666666666667,0.0,24.5,0.0,0.0,0.0,0.0,0.0,0.0,0.0,0.0,0.0,0.0,8.2,8.2,0.0,0.0,8.2,0.0,0.0,0.0,-40.8,4.1,0,0,8.2,1,1,13086,1,24278,22635,934,22635,15070,20945,15070,13505,14344,13505,14058,22137,23286,2738,559,12854,8263,101,20257,17725,23200,24897,25074,2246,150,24743,1,4:25
2024-25,202687,Bismack Biyombo,Bismack,1610612759,SAS,San Antonio Spurs,0022400937,2025-03-10T00:00:00,SAS vs. DAL,L,16.733333333333334,2.2,2.2,1.0,0.0,0.0,0.0,2.2,4.3,0.5,0.0,10.8,10.8,2.2,0.0,0.0,2.2,0.0,0.0,2.2,6.5,2.2,29.0,0,0,23.7,1,13222,1,13222,18432,21140,24733,1,15070,20945,15070,10122,7202,10625,14058,2040,4641,15812,16469,12854,3065,8846,20257,12388,21083,11537,15455,2246,150,18569,1,16:44
2024-25,1630811,Keaton Wallace,Keaton,1610612737,ATL,Atlanta Hawks,0022400928,2025-03-10T00:00:00,ATL vs. PHI,W,30.575,3.5,13.0,0.273,1.2,5.9,0.2,0.0,0.0,0.0,1.2,1.2,2.4,7.1,1.2,0.0,0.0,0.0,4.7,1.2,8.2,17.7,20.5,0,0,18.8,1,1,13086,1,7259,18248,11939,20048,13488,10978,13429,13505,14344,13505,11942,21570,21087,3935,14601,12854,8263,8846,5255,16515,19711,4684,20954,2246,150,21464,1,30:35
2024-25,1641783,Tristan da Silva,Tristan,1610612753,ORL,Orlando Magic,0022400934,2025-03-10T00:00:00,ORL @ HOU,L,9.716666666666667,0.0,11.1,0.0,0.0,3.7,0.0,0.0,0.0,0.0,0.0,3.7,3.7,0.0,0.0,0.0,0.0,0.0,0.0,0.0,0.0,-18.5,4.4,0,0,3.7,1,13222,1,13222,22211,22635,15166,22635,15070,16205,15070,13505,14344,13505,14058,14615,18060,19908,16469,12854,8263,8846,20257,17725,23200,21073,25054,2246,150,25199,1,9:43
2024-25,1642358,AJ Johnson,AJ,1610612764,WAS,Washington Wizards,0022400932,2025-03-10T00:00:00,WAS @ TOR,L,23.266666666666666,1.5,10.8,0.143,0.0,6.2,0.0,1.5,1.5,1.0,1.5,3.1,4.6,9.3,0.0,0.0,0.0,0.0,1.5,1.5,4.6,-15.5,24.1,0,0,18.6,1,13222,1,13222,13494,22118,15638,22260,15070,10221,15070,11697,13441,1,10125,16420,15724,1814,16469,12854,8263,8846,17059,14813,22217,20086,18846,2246,150,21599,1,23:16
2024-25,1642268,Isaiah Collier,Isaiah,1610612762,UTA,Utah Jazz,0022400929,2025-03-10T00:00:00,UTA @ BOS,L,28.416666666666668,3.8,6.3,0.6,1.3,2.5,0.5,1.3,2.5,0.5,0.0,1.3,1.3,5.1,0.0,0.0,0.0,0.0,0.0,1.3,10.1,-17.7,19.3,0,0,17.7,1,13222,1,13222,9198,17561,22285,5394,12995,18562,3944,12396,11118,10625,14058,21349,22854,7317,16469,12854,8263,8846,20257,16048,18017,20848,21515,2246,150,21972,1,28:25
2024-25,1642261,Dalton Knecht,Dalton,1610612747,LAL,Los Angeles Lakers,0022400930,2025-03-10T00:00:00,LAL @ BKN,L,41.013333333333335,7.0,15.8,0.444,2.6,7.9,0.333,0.0,1.8,0.0,0.0,3.5,3.5,0.9,0.9,0.0,0.0,0.0,1.8,2.6,16.7,8.8,21.3,0,0,23.7,1,13222,1,13222,368,8876,7412,13045,7733,6626,9209,13505,13240,13505,14058,15207,18525,19877,16387,12854,8263,8846,16356,10535,11199,8290,20515,2246,150,18539,1,41:01
2024-25,1629003,Shake Milton,Shake,1610612747,LAL,Los Angeles Lakers,0022400930,2025-03-10T00:00:00,LAL @ BKN,L,5.651666666666666,0.0,0.0,0.0,0.0,0.0,0.0,0.0,0.0,0.0,0.0,0.0,0.0,6.4,0.0,0.0,0.0,0.0,0.0,0.0,0.0,-25.5,9.6,0,0,6.4,1,13222,1,13222,23720,22635,24836,22635,15070,20945,15070,13505,14344,13505,14058,22137,23286,4900,16469,12854,8263,8846,20257,17725,23200,22913,24492,2246,150,24964,1,5:39
2024-25,1629312,Haywood Highsmith,Haywood,1610612748,MIA,Miami Heat,0022400931,2025-03-10T00:00:00,MIA vs. CHA,L,30.946666666666665,3.5,4.7,0.75,1.2,1.2,1.0,0.0,0.0,0.0,1.2,3.5,4.7,2.3,1.2,1.2,0.0,0.0,3.5,0.0,8.1,7.0,19.5,0,0,18.6,1,13222,1,13222,6925,18348,23713,2107,13576,20669,1,13505,14344,13505,12028,15269,15692,15133,14706,10480,8263,8846,8778,17725,19801,9148,21385,2246,150,21580,1,30:57
2024-25,1631248,Baylor Scheierman,Baylor,1610612738,BOS,Boston Celtics,0022400929,2025-03-10T00:00:00,BOS vs. UTA,W,12.35,0.0,2.9,0.0,0.0,2.9,0.0,0.0,0.0,0.0,2.9,2.9,5.8,5.8,0.0,2.9,0.0,0.0,5.8,0.0,0.0,-32.1,24.5,0,0,17.5,1,1,13086,1,21073,22635,24516,22635,15070,17829,15070,13505,14344,13505,5548,17027,12703,5794,16469,3367,8263,8846,3173,17725,23200,24040,18624,2246,150,22080,1,12:21
2024-25,1629020,Jarred Vanderbilt,Jarred,1610612747,LAL,Los Angeles Lakers,0022400930,2025-03-10T00:00:00,LAL @ BKN,L,26.87,4.0,4.0,1.0,1.3,1.3,1.0,0.0,0.0,0.0,1.3,6.7,8.0,2.7,1.3,1.3,0.0,0.0,0.0,2.7,9.4,-9.4,25.7,0,0,24.1,1,13222,1,13222,10442,17046,24087,1,12692,20452,1,13505,14344,13505,11017,6893,8201,13970,13624,9248,8263,8846,20257,10380,18748,17617,17798,2246,150,18252,1,26:52
2024-25,1641998,Trey Jemison III,Trey,1610612747,LAL,Los Angeles Lakers,0022400930,2025-03-10T00:00:00,LAL @ BKN,L,17.616666666666667,2.0,6.1,0.333,0.0,0.0,0.0,0.0,0.0,0.0,2.0,4.1,6.1,0.0,2.0,0.0,4.1,0.0,8.2,0.0,4.1,2.0,21.7,0,0,18.4,1,13222,1,13222,17847,21327,22489,17395,15070,20945,15070,13505,14344,13505,8190,13457,11976,19908,10287,12854,872,8846,1289,17725,22512,11602,20338,2246,150,21672,1,17:37
2024-25,1641767,Ben Sheppard,Ben,1610612754,IND,Indiana Pacers,0022400933,2025-03-10T00:00:00,IND @ CHI,L,21.116666666666667,6.8,11.9,0.571,3.4,6.8,0.5,3.4,3.4,1.0,1.7,1.7,3.4,5.1,0.0,1.7,0.0,1.7,5.1,3.4,20.5,-20.5,37.3,0,0,35.8,1,13222,1,13222,15206,9371,13703,6538,5359,8858,3944,6878,9069,1,9562,20450,18761,7213,16469,7591,8263,4133,4350,7919,7538,21694,9447,2246,150,9513,1,21:07
2024-25,1628989,Kevin Huerter,Kevin,1610612741,CHI,Chicago Bulls,0022400933,2025-03-10T00:00:00,CHI vs. IND,W,34.266666666666666,5.3,15.8,0.333,3.2,10.5,0.3,0.0,0.0,0.0,0.0,4.2,4.2,1.1,2.1,3.2,1.1,1.1,4.2,0.0,13.7,27.3,30.8,0,0,30.5,1,1,13086,1,4042,13661,7468,17395,6091,2972,11319,13505,14344,13505,14058,13111,16795,19521,9989,2830,7131,7484,6544,17725,14317,2375,14215,2246,150,13568,1,34:16
2024-25,1631117,Walker Kessler,Walker,1610612762,UTA,Utah Jazz,0022400929,2025-03-10T00:00:00,UTA @ BOS,L,31.323333333333334,4.6,8.0,0.571,0.0,0.0,0.0,3.4,5.7,0.6,6.9,4.6,11.5,1.1,1.1,0.0,2.3,1.1,1.1,4.6,12.6,-9.2,33.9,1,0,29.9,1,13222,1,13222,6591,15509,20179,6538,15070,20945,15070,6797,4819,10343,1179,11987,3953,19191,14800,12854,2749,6641,18820,4949,15448,17526,11885,1,150,14042,1,31:19
2024-25,1629661,Cameron Johnson,Cameron,1610612751,BKN,Brooklyn Nets,0022400930,2025-03-10T00:00:00,BKN vs. LAL,W,32.9,6.6,15.3,0.429,2.2,3.3,0.667,4.4,8.8,0.5,2.2,5.5,7.7,5.5,1.1,3.3,0.0,1.1,2.2,4.4,19.7,12.0,45.8,0,0,41.6,1,1,13086,1,5243,10021,8071,13735,9274,17105,1957,5030,2015,10625,7617,9616,8858,6486,15172,2597,8263,7094,14145,5407,8160,6781,4807,2246,150,5865,1,32:54
2024-25,201145,Jeff Green,Jeff,1610612745,HOU,Houston Rockets,0022400934,2025-03-10T00:00:00,HOU vs. ORL,W,19.083333333333332,5.7,13.2,0.429,5.7,11.3,0.5,0.0,0.0,0.0,0.0,7.5,7.5,0.0,0.0,0.0,0.0,0.0,7.5,0.0,17.0,7.5,26.0,0,0,30.2,1,1,13086,1,16762,12535,11469,13735,1602,2240,3944,13505,14344,13505,14058,5414,9080,19908,16469,12854,8263,8846,1602,17725,10867,8860,17598,2246,150,13813,1,19:05
2024-25,1628404,Josh Hart,Josh,1610612752,NYK,New York Knicks,0022400939,2025-03-10T00:00:00,NYK @ SAC,W,31.0,7.0,12.8,0.545,4.6,7.0,0.667,2.3,2.3,1.0,0.0,7.0,7.0,3.5,3.5,0.0,0.0,0.0,2.3,2.3,20.9,33.7,31.0,0,0,36.0,1,1,13086,1,6873,8999,12264,7695,2813,8521,1957,9553,11713,1,14058,6418,10201,11433,5047,12854,8263,8846,13553,11657,7164,1550,14057,2246,150,9360,1,31:00
2024-25,203897,Zach LaVine,Zach,1610612758,SAC,Sacramento Kings,0022400939,2025-03-10T00:00:00,SAC vs. NYK,L,36.05,5.0,10.0,0.5,2.0,4.0,0.5,5.0,5.0,1.0,0.0,4.0,4.0,3.0,5.0,1.0,1.0,0.0,1.0,4.0,17.0,-31.0,27.3,0,0,30.0,1,13222,1,13222,2646,14401,17079,8526,10176,15595,3944,4046,5927,1,14058,13744,17336,12947,2346,11972,7485,8846,19712,6325,10871,23879,16771,2246,150,13972,1,36:03
2024-25,1630558,Davion Mitchell,Davion,1610612748,MIA,Miami Heat,0022400931,2025-03-10T00:00:00,MIA vs. CHA,L,23.1,4.7,9.4,0.5,1.6,4.7,0.333,0.0,0.0,0.0,1.6,3.1,4.7,4.7,3.1,0.0,0.0,0.0,1.6,1.6,10.9,-12.5,20.4,0,0,21.8,1,13222,1,13222,13631,15297,18195,8526,11835,14023,9209,13505,14344,13505,10086,16369,15624,8242,6075,12854,8263,8846,17008,14763,17260,18928,20978,2246,150,19780,1,23:06
2024-25,1631096,Chet Holmgren,Chet,1610612760,OKC,Oklahoma City Thunder,0022400936,2025-03-10T00:00:00,OKC vs. DEN,L,28.85,3.7,13.7,0.273,0.0,6.2,0.0,2.5,3.7,0.667,0.0,5.0,5.0,1.2,1.2,0.0,2.5,2.5,1.2,2.5,10.0,-25.0,24.1,0,0,21.2,1,13222,1,13222,8805,17725,10609,20048,15070,10109,15070,9060,8385,9425,14058,10900,14807,18852,14109,12854,2384,2051,18284,11003,18171,22798,18889,2246,150,20151,1,28:51
2024-25,1630208,Nick Richards,Nick,1610612756,PHX,Phoenix Suns,0022400935,2025-03-10T00:00:00,PHX @ MEM,L,20.383333333333333,8.8,15.9,0.556,0.0,0.0,0.0,0.0,0.0,0.0,3.5,17.7,21.2,3.5,1.8,0.0,0.0,3.5,5.3,5.3,17.7,-3.5,46.6,1,0,42.4,1,13222,1,13222,15731,5003,7272,7248,15070,20945,15070,13505,14344,13505,4320,278,397,11296,11679,12854,8263,892,4023,3634,10153,14814,4480,1,150,5459,1,20:23
2024-25,1630224,Jalen Green,Jalen,1610612745,HOU,Houston Rockets,0022400934,2025-03-10T00:00:00,HOU vs. ORL,W,31.618333333333332,6.8,20.5,0.333,3.4,10.2,0.333,0.0,0.0,0.0,1.1,6.8,8.0,9.1,4.6,2.3,0.0,2.3,1.1,1.1,17.1,18.2,42.6,0,0,42.1,1,1,13086,1,6320,9345,2645,17395,5346,3215,9209,13505,14344,13505,12201,6659,8330,1936,2920,5123,8263,2482,18871,16716,10773,4488,6322,2246,150,5585,1,31:37
2024-25,1630590,Scotty Pippen Jr.,Scotty,1610612763,MEM,Memphis Grizzlies,0022400935,2025-03-10T00:00:00,MEM vs. PHX,W,27.405,3.9,9.2,0.429,1.3,5.3,0.25,7.9,9.2,0.857,0.0,1.3,1.3,2.6,2.6,2.6,1.3,0.0,1.3,6.6,17.1,1.3,31.8,0,0,30.2,1,1,13086,1,10014,17231,18412,13735,12811,12585,11902,1465,1770,7071,14058,21259,22801,14132,7782,4077,5593,8846,17982,2014,10775,11948,13484,2246,150,13787,1,27:24
2024-25,1630264,Anthony Gill,Anthony,1610612764,WAS,Washington Wizards,0022400932,2025-03-10T00:00:00,WAS @ TOR,L,13.5,5.3,8.0,0.667,2.7,5.3,0.5,0.0,2.7,0.0,2.7,5.3,8.0,2.7,0.0,0.0,0.0,0.0,2.7,2.7,13.3,2.7,26.9,0,0,26.7,1,13222,1,13222,20491,13448,20259,3281,7628,12367,3944,13505,10822,13505,6188,9937,8265,13995,16469,12854,8263,8846,12174,10419,14702,11285,17001,2246,150,16410,1,13:30
2024-25,1631101,Shaedon Sharpe,Shaedon,1610612757,POR,Portland Trail Blazers,0022400938,2025-03-10T00:00:00,POR @ GSW,L,29.45,3.7,12.2,0.3,1.2,4.9,0.25,2.4,3.7,0.667,3.7,4.9,8.6,9.8,6.1,0.0,0.0,0.0,2.4,2.4,11.0,-3.7,29.8,0,0,30.6,1,13222,1,13222,8267,17925,13223,19363,13251,13466,11902,9209,8549,9425,4089,11185,7384,1550,1319,12854,8263,8846,13004,11180,17177,14881,14922,2246,150,13505,1,29:27
2024-25,202710,Jimmy Butler III,Jimmy,1610612744,GSW,Golden State Warriors,0022400938,2025-03-10T00:00:00,GSW vs. POR,W,35.0,4.1,10.3,0.4,0.0,0.0,0.0,7.2,8.2,0.875,4.1,6.2,10.3,10.3,1.0,3.1,0.0,1.0,0.0,5.1,15.4,1.0,51.4,1,1,42.2,1,1,13086,1,3460,16810,16579,14933,15070,20945,15070,1873,2367,6931,3419,7960,5131,1292,15643,2961,8263,7676,20257,3859,12491,12137,2854,1,1,5562,1,35:00
2024-25,1641731,Bilal Coulibaly,Bilal,1610612764,WAS,Washington Wizards,0022400932,2025-03-10T00:00:00,WAS @ TOR,L,8.45,4.3,4.3,1.0,0.0,0.0,0.0,8.5,12.8,0.667,0.0,8.5,8.5,4.3,4.3,0.0,0.0,0.0,0.0,8.5,17.0,-8.5,29.4,0,0,29.8,1,13222,1,13222,22644,16425,23954,1,15070,20945,15070,1175,617,9425,14058,4034,7449,9226,3397,12854,8263,8846,20257,819,10806,17194,15219,2246,150,14078,1,8:27
2024-25,1642273,Kyshawn George,Kyshawn,1610612764,WAS,Washington Wizards,0022400932,2025-03-10T00:00:00,WAS @ TOR,L,27.533333333333335,5.2,10.5,0.5,3.9,6.5,0.6,2.6,2.6,1.0,0.0,3.9,3.9,3.9,1.3,0.0,6.5,1.3,3.9,1.3,17.0,-17.0,45.9,0,0,41.8,1,13222,1,13222,9922,13730,16290,8526,4159,9460,2992,8769,10941,1,14058,13959,17506,10158,13770,12854,242,5612,7375,15871,10849,20621,4784,2246,150,5733,1,27:32
2024-25,1642403,Isaac Jones,Isaac,1610612758,SAC,Sacramento Kings,0022400939,2025-03-10T00:00:00,SAC vs. NYK,L,18.933333333333334,5.7,9.5,0.6,1.9,3.8,0.5,9.5,11.4,0.833,3.8,5.7,9.5,3.8,1.9,1.9,0.0,0.0,0.0,7.6,22.8,-19.0,43.7,0,0,41.8,1,13222,1,13222,16882,12405,17936,5394,10631,15989,3944,836,915,7275,3882,9030,6054,10489,11030,6757,8263,8846,20257,1251,5620,21244,5796,2246,150,5737,1,18:56
2024-25,203110,Draymond Green,Draymond,1610612744,GSW,Golden State Warriors,0022400938,2025-03-10T00:00:00,GSW vs. POR,W,28.25,1.3,3.8,0.333,1.3,2.5,0.5,1.3,2.5,0.5,0.0,5.1,5.1,8.9,3.8,5.1,0.0,0.0,1.3,1.3,5.1,5.1,36.1,0,0,30.6,1,1,13086,1,9340,22424,24177,17395,12967,18543,3944,12369,11084,10625,14058,10580,14528,2090,4256,839,8263,8846,18147,16011,21955,10057,10323,2246,150,13491,1,28:15
2024-25,1628401,Derrick White,Derrick,1610612738,BOS,Boston Celtics,0022400929,2025-03-10T00:00:00,BOS vs. UTA,W,36.266666666666666,6.0,15.9,0.375,3.0,10.9,0.273,3.0,3.0,1.0,0.0,5.0,5.0,9.9,1.0,0.0,3.0,0.0,2.0,4.0,17.9,3.0,46.7,1,0,41.7,1,1,13086,1,2491,11640,7290,16299,6595,2571,11838,7876,10028,1,14058,10986,14894,1481,15900,12854,1730,8846,15229,6388,9952,11133,4465,1,150,5806,1,36:16
2024-25,1631216,Caleb Houstan,Caleb,1610612753,ORL,Orlando Magic,0022400934,2025-03-10T00:00:00,ORL @ HOU,L,6.033333333333333,6.0,11.9,0.5,0.0,6.0,0.0,17.9,17.9,1.0,0.0,0.0,0.0,0.0,0.0,0.0,0.0,0.0,6.0,11.9,29.8,-17.9,29.8,0,0,29.8,1,13222,1,13222,23589,11607,13703,8526,15070,10762,15070,106,196,1,14058,22137,23286,19908,16469,12854,8263,8846,2997,202,2143,20906,14916,2246,150,14072,1,6:02
2024-25,1642276,Kel'el Ware,Kel'el,1610612748,MIA,Miami Heat,0022400931,2025-03-10T00:00:00,MIA vs. CHA,L,23.033333333333335,1.6,9.4,0.167,0.0,3.1,0.0,0.0,0.0,0.0,0.0,7.8,7.8,4.7,1.6,1.6,1.6,1.6,7.8,0.0,3.1,-18.8,27.4,0,0,21.9,1,13222,1,13222,13699,22088,18151,21938,15070,17409,15070,13505,14344,13505,14058,4986,8589,8209,12494,8138,4661,4545,1447,17725,22914,21162,16697,2246,150,19736,1,23:02
2024-25,1629626,Bol Bol,Bol,1610612756,PHX,Phoenix Suns,0022400935,2025-03-10T00:00:00,PHX @ MEM,L,16.566666666666666,6.5,15.2,0.429,2.2,6.5,0.333,0.0,0.0,0.0,0.0,0.0,0.0,0.0,0.0,0.0,2.2,0.0,2.2,0.0,15.2,6.5,21.7,0,0,21.7,1,13222,1,13222,18554,10136,8227,13735,9347,9509,9209,13505,14344,13505,14058,22137,23286,19908,16469,12854,3006,8846,14229,17725,12689,9370,20300,2246,150,19825,1,16:34
2024-25,1630611,Gui Santos,Gui,1610612744,GSW,Golden State Warriors,0022400938,2025-03-10T00:00:00,GSW vs. POR,W,14.5,5.0,14.9,0.333,0.0,7.4,0.0,0.0,0.0,0.0,2.5,9.9,12.4,5.0,7.4,0.0,0.0,0.0,12.4,0.0,9.9,17.4,24.8,0,0,27.3,1,1,13086,1,19877,14489,8761,17395,15070,7509,15070,13505,14344,13505,6665,2635,3182,7541,728,12854,8263,8846,383,17725,18222,4780,18402,2246,150,15940,1,14:30
2024-25,1629022,Lonnie Walker IV,Lonnie,1610612755,PHI,Philadelphia 76ers,0022400928,2025-03-10T00:00:00,PHI @ ATL,L,30.39,4.7,16.6,0.286,2.4,8.3,0.286,1.2,3.6,0.333,1.2,4.7,5.9,5.9,2.4,0.0,0.0,2.4,0.0,1.2,13.0,-15.4,26.7,0,0,27.2,1,13222,1,13222,7421,15150,6322,19630,8600,5931,11433,12650,8780,13132,11902,11594,12473,5637,8776,12854,8263,2289,20257,16485,15061,20054,17180,2246,150,15987,1,30:23
2024-25,1631115,Orlando Robinson,Orlando,1610612761,TOR,Toronto Raptors,0022400932,2025-03-10T00:00:00,TOR vs. WAS,W,26.2,6.9,12.4,0.556,1.4,2.7,0.5,2.7,2.7,1.0,9.6,5.5,15.1,5.5,1.4,0.0,1.4,2.7,1.4,2.7,17.9,23.4,47.0,1,0,42.6,1,1,13086,1,11004,9247,12948,7248,12543,18163,3944,8458,10610,1,453,9540,1718,6430,13433,12854,5336,1670,17722,10152,9957,3175,4314,1,150,5354,1,26:12
2024-25,203914,Gary Harris,Gary,1610612753,ORL,Orlando Magic,0022400934,2025-03-10T00:00:00,ORL @ HOU,L,10.716666666666667,3.4,10.1,0.333,3.4,10.1,0.333,0.0,0.0,0.0,0.0,3.4,3.4,3.4,0.0,3.4,0.0,0.0,0.0,0.0,10.1,-33.6,29.2,0,0,26.9,1,13222,1,13222,21837,18624,16925,17395,5491,3407,9209,13505,14344,13505,14058,15621,18852,11792,16469,2461,8263,8846,20257,17725,18080,24243,15340,2246,150,16250,1,10:43
2024-25,1631106,Tari Eason,Tari,1610612745,HOU,Houston Rockets,0022400934,2025-03-10T00:00:00,HOU vs. ORL,W,33.05,3.3,13.1,0.25,0.0,6.5,0.0,0.0,0.0,0.0,1.1,6.5,7.6,2.2,1.1,1.1,1.1,1.1,2.2,1.1,6.5,18.5,24.4,0,0,20.7,1,1,13086,1,5110,18834,11732,20233,15070,9464,15070,13505,14344,13505,12557,7229,8928,15698,15202,11110,6870,7151,14198,16954,21026,4404,18684,2246,150,20462,1,33:03
2024-25,1626164,Devin Booker,Devin,1610612756,PHX,Phoenix Suns,0022400935,2025-03-10T00:00:00,PHX @ MEM,L,40.15,8.1,18.8,0.429,2.7,7.2,0.375,4.5,5.4,0.833,1.8,6.3,8.1,5.4,4.5,0.9,0.0,2.7,3.6,6.3,23.3,6.3,39.3,0,0,41.2,1,13222,1,13222,528,6486,3903,13735,7569,8095,8800,4863,5341,7275,9263,7740,8138,6669,3019,12681,8263,1757,8473,2307,5279,9482,8210,2246,150,6050,1,40:09
2024-25,1629610,DaQuan Jeffries,DaQuan,1610612766,CHA,Charlotte Hornets,0022400931,2025-03-10T00:00:00,CHA @ MIA,W,34.37166666666667,2.1,7.3,0.286,2.1,7.3,0.286,2.1,2.1,1.0,1.0,2.1,3.1,1.0,0.0,1.0,2.1,0.0,4.2,2.1,8.4,23.0,23.1,0,0,20.9,1,1,13086,1,3948,21244,21165,19630,9716,7762,11433,10312,12440,1,12900,19376,19395,19535,16469,11523,3225,8846,6587,12635,19607,3256,19465,2246,150,20311,1,34:22
2024-25,1642419,Jamison Battle,Jamison,1610612761,TOR,Toronto Raptors,0022400932,2025-03-10T00:00:00,TOR vs. WAS,W,12.0,6.0,18.0,0.333,3.0,12.0,0.25,0.0,0.0,0.0,6.0,3.0,9.0,0.0,0.0,0.0,0.0,3.0,3.0,0.0,15.0,21.0,25.8,0,0,27.0,1,1,13086,1,21228,11500,4664,17395,6500,1779,11902,13505,14344,13505,1612,16717,6730,19908,16469,12854,8263,1329,10710,17725,12895,3695,17747,2246,150,16149,1,12:00
2024-25,1641763,Julian Phillips,Julian,1610612741,CHI,Chicago Bulls,0022400933,2025-03-10T00:00:00,CHI vs. IND,W,17.4,6.2,10.3,0.6,2.1,2.1,1.0,4.1,4.1,1.0,6.2,2.1,8.3,2.1,0.0,0.0,2.1,0.0,2.1,2.1,18.6,0.0,37.9,0,0,35.2,1,1,13086,1,18004,10955,16472,5394,9822,19426,1,5461,7556,1,1521,19452,7801,16118,16469,12854,3289,8846,14758,12768,9185,12240,9115,2246,150,9971,1,17:24
2024-25,1641741,Ricky Council IV,Ricky,1610612755,PHI,Philadelphia 76ers,0022400928,2025-03-10T00:00:00,PHI @ ATL,L,29.35,8.6,15.9,0.538,1.2,6.1,0.2,4.9,4.9,1.0,0.0,4.9,4.9,3.7,0.0,1.2,0.0,1.2,1.2,4.9,23.3,11.0,38.4,0,0,35.6,1,13222,1,13222,8346,5468,7188,7978,13224,10358,13429,4183,6101,1,14058,11142,15045,10846,16469,9966,8263,6081,18397,4282,5287,7217,8777,2246,150,9681,1,29:21
2024-25,1630643,Jay Huff,Jay,1610612763,MEM,Memphis Grizzlies,0022400935,2025-03-10T00:00:00,MEM vs. PHX,W,24.918333333333333,7.2,15.9,0.455,5.8,11.6,0.5,0.0,0.0,0.0,0.0,4.3,4.3,0.0,1.4,0.0,2.9,0.0,4.3,1.4,20.2,7.2,32.7,0,0,36.1,1,1,13086,1,12083,8399,7283,12676,1504,2060,3944,13505,14344,13505,14058,12701,16447,19908,13032,12854,1836,8846,6187,15259,7715,9032,12842,2246,150,9287,1,24:55
2024-25,1630553,Keon Johnson,Keon,1610612751,BKN,Brooklyn Nets,0022400930,2025-03-10T00:00:00,BKN vs. LAL,W,25.15,8.6,14.3,0.6,4.3,5.7,0.75,4.3,8.6,0.5,0.0,4.3,4.3,4.3,1.4,1.4,0.0,0.0,1.4,5.7,25.8,-4.3,40.2,0,0,41.5,1,1,13086,1,11876,5461,9663,5394,3394,11397,1542,5161,2133,10625,14058,12819,16544,9135,13098,8748,8263,8846,17507,3003,3799,15219,7616,2246,150,5905,1,25:09
2024-25,203084,Harrison Barnes,Harrison,1610612759,SAS,San Antonio Spurs,0022400937,2025-03-10T00:00:00,SAS vs. DAL,L,38.016666666666666,11.4,13.3,0.857,3.8,5.7,0.667,0.9,2.8,0.333,5.7,1.9,7.6,0.0,0.9,0.9,0.9,0.0,1.9,4.7,27.5,6.6,41.3,0,0,42.6,1,13222,1,13222,1375,1966,11380,1412,4477,11504,1957,13378,10386,13132,1824,19993,9016,19908,16164,12373,7848,8846,15720,4651,2997,9320,6995,2246,150,5343,1,38:01
2024-25,1630170,Devin Vassell,Devin,1610612759,SAS,San Antonio Spurs,0022400925,2025-03-09T00:00:00,SAS @ MIN,L,32.8,4.4,8.8,0.5,3.3,5.5,0.6,2.2,2.2,1.0,0.0,4.4,4.4,2.2,3.3,2.2,1.1,0.0,2.2,1.1,14.3,-18.7,29.4,0,0,30.7,1,13222,1,13222,5326,16091,19054,8526,5688,11980,2992,9965,12104,1,14058,12550,16310,15643,5525,5410,6801,8846,14120,16917,13644,21120,15202,2246,150,13372,1,32:48
2024-25,1630598,Aaron Wiggins,Aaron,1610612760,OKC,Oklahoma City Thunder,0022400920,2025-03-09T00:00:00,OKC vs. DEN,W,18.366666666666667,3.9,9.8,0.4,0.0,3.9,0.0,0.0,0.0,0.0,0.0,13.7,13.7,2.0,2.0,2.0,0.0,0.0,0.0,0.0,7.8,23.5,31.2,0,0,27.4,1,1,13086,1,17303,17267,17396,14933,15070,15732,15070,13505,14344,13505,14058,821,2374,16517,10723,6454,8263,8846,20257,17725,20049,3141,13929,2246,150,15835,1,18:22
2024-25,1629660,Ty Jerome,Ty,1610612739,CLE,Cleveland Cavaliers,0022400922,2025-03-09T00:00:00,CLE @ MIL,W,18.383333333333333,5.9,17.6,0.333,2.0,5.9,0.333,3.9,3.9,1.0,0.0,2.0,2.0,2.0,0.0,2.0,0.0,0.0,5.9,2.0,17.6,13.7,28.8,0,0,27.4,1,1,13086,1,17292,11882,5112,17395,10359,11013,9209,5848,8013,1,14058,19799,21889,16529,16469,6461,8263,8846,3109,13280,10194,6122,15652,2246,150,15856,1,18:23
2024-25,1629636,Darius Garland,Darius,1610612739,CLE,Cleveland Cavaliers,0022400922,2025-03-09T00:00:00,CLE @ MIL,W,28.6,5.0,16.4,0.308,1.3,10.1,0.125,5.0,5.0,1.0,1.3,5.0,6.3,6.3,3.8,0.0,0.0,0.0,2.5,3.8,16.4,13.8,29.6,0,0,30.2,1,1,13086,1,9035,14282,6592,19226,13042,3417,14886,3974,5847,1,11426,10772,11623,5034,4376,12854,8263,8846,12719,6913,11540,6063,15093,2246,150,13788,1,28:36
2024-25,1630556,Kessler Edwards,Kessler,1610612742,DAL,Dallas Mavericks,0022400921,2025-03-09T00:00:00,DAL vs. PHX,L,31.46,4.6,11.4,0.4,2.3,4.6,0.5,0.0,0.0,0.0,0.0,3.4,3.4,2.3,0.0,0.0,1.1,1.1,3.4,1.1,11.4,4.6,22.4,0,0,21.7,1,13222,1,13222,6448,15553,14588,14933,8896,14245,3944,13505,14344,13505,14058,15431,18701,15280,16469,12854,6518,6685,8968,16688,16739,10353,19914,2246,150,19820,1,31:28
2024-25,201566,Russell Westbrook,Russell,1610612743,DEN,Denver Nuggets,0022400920,2025-03-09T00:00:00,DEN @ OKC,L,30.94,1.2,10.5,0.111,1.2,5.8,0.2,1.2,2.3,0.5,8.1,4.7,12.8,5.8,1.2,0.0,1.2,1.2,2.3,3.5,4.7,-19.8,31.1,0,0,26.8,1,13222,1,13222,6927,22527,16275,22520,13575,11167,13429,12716,11703,10625,734,11845,2940,5821,14705,12854,6402,6531,13538,7687,22213,21487,14009,2246,150,16348,1,30:56
2024-25,203932,Aaron Gordon,Aaron,1610612743,DEN,Denver Nuggets,0022400920,2025-03-09T00:00:00,DEN @ OKC,L,6.733333333333333,10.7,16.0,0.667,5.3,5.3,1.0,0.0,5.3,0.0,5.3,5.3,10.7,0.0,0.0,0.0,0.0,5.3,0.0,10.7,26.7,21.4,39.6,0,0,42.8,1,13222,1,13222,23265,2511,7057,3281,1897,12331,1,13505,5395,13505,2044,9906,4705,19908,16469,12854,8263,307,20257,305,3334,3601,8032,2246,150,5266,1,6:44
2024-25,203078,Bradley Beal,Bradley,1610612756,PHX,Phoenix Suns,0022400921,2025-03-09T00:00:00,PHX @ DAL,W,28.55,8.8,12.6,0.7,3.8,6.3,0.6,2.5,2.5,1.0,0.0,3.8,3.8,7.6,0.0,1.3,0.0,0.0,0.0,1.3,24.0,8.8,43.6,0,0,41.6,1,1,13086,1,9073,5017,12547,3045,4492,9968,2992,8985,11152,1,14058,14378,17868,3319,16469,9715,8263,8846,20257,16080,4834,8259,5836,2246,150,5845,1,28:33
2024-25,1629008,Michael Porter Jr.,Michael,1610612743,DEN,Denver Nuggets,0022400920,2025-03-09T00:00:00,DEN @ OKC,L,38.215,9.4,17.9,0.526,2.8,7.5,0.375,0.9,1.9,0.5,2.8,11.3,14.1,0.0,1.9,0.0,0.9,1.9,3.8,0.9,22.6,-31.1,40.5,1,0,41.4,1,13222,1,13222,1267,3993,4808,8379,7134,7315,8800,13392,13018,10625,5789,1747,2171,19908,11137,12854,7882,3617,7844,17564,5775,23904,7460,1,150,5951,1,38:13
2024-25,1629645,Kevin Porter Jr.,Kevin,1610612749,MIL,Milwaukee Bucks,0022400922,2025-03-09T00:00:00,MIL vs. CLE,L,10.15,3.5,10.6,0.333,0.0,0.0,0.0,0.0,0.0,0.0,0.0,7.1,7.1,7.1,7.1,0.0,0.0,0.0,3.5,7.1,7.1,-39.0,19.2,0,0,21.3,1,13222,1,13222,22055,18211,15978,17395,15070,20945,15070,13505,14344,13505,14058,6188,9967,3892,848,12854,8263,8846,8617,1585,20641,24774,21574,2246,150,20109,1,10:09
2024-25,1630162,Anthony Edwards,Anthony,1610612750,MIN,Minnesota Timberwolves,0022400925,2025-03-09T00:00:00,MIN vs. SAS,W,30.2,11.9,17.9,0.667,2.4,6.0,0.4,3.6,3.6,1.0,1.2,2.4,3.6,3.6,3.6,1.2,0.0,0.0,0.0,2.4,29.8,13.1,39.5,0,0,41.7,1,1,13086,1,7586,1571,4823,3281,8537,10785,7874,6540,8732,1,11850,18527,18380,11154,4822,10240,8263,8846,20257,11411,2159,6344,8098,2246,150,5789,1,30:12
2024-25,201942,DeMar DeRozan,DeMar,1610612758,SAC,Sacramento Kings,0022400927,2025-03-09T00:00:00,SAC @ LAC,L,44.251666666666665,7.3,16.3,0.45,0.8,5.7,0.143,9.8,9.8,1.0,0.8,4.9,5.7,8.1,0.8,0.8,0.0,0.0,2.4,8.1,25.2,-0.8,45.9,1,0,41.5,1,13222,1,13222,82,8187,6729,12982,15058,11466,14649,765,1476,1,14035,11210,13034,2757,16450,12827,8263,8846,13033,949,4106,13450,4792,1,150,5920,1,44:15
2024-25,203501,Tim Hardaway Jr.,Tim,1610612765,DET,Detroit Pistons,0022400926,2025-03-09T00:00:00,DET @ POR,W,27.008333333333333,6.7,14.7,0.455,4.0,10.7,0.375,0.0,0.0,0.0,2.7,6.7,9.3,2.7,1.3,1.3,0.0,0.0,0.0,1.3,17.3,9.3,35.2,0,0,36.0,1,1,13086,1,10330,9790,9113,12676,4005,2819,8800,13505,14344,13505,6191,6972,6278,14000,13659,9288,8263,8846,20257,15754,10501,8034,10938,2246,150,9391,1,27:01
2024-25,1642377,Jaylen Wells,Jaylen,1610612763,MEM,Memphis Grizzlies,0022400923,2025-03-09T00:00:00,MEM @ NOP,W,32.655,3.3,13.2,0.25,3.3,11.0,0.3,0.0,2.2,0.0,4.4,3.3,7.7,2.2,4.4,1.1,1.1,1.1,3.3,2.2,9.9,-1.1,24.7,0,0,27.6,1,1,13086,1,5443,18740,11431,20233,5635,2463,11319,13505,12074,13505,3042,15773,8774,15608,3125,11002,6775,7027,9432,12144,18240,13615,18492,2246,150,15749,1,32:39
2024-25,1630191,Isaiah Stewart,Isaiah,1610612765,DET,Detroit Pistons,0022400926,2025-03-09T00:00:00,DET @ POR,W,19.416666666666668,3.7,11.1,0.333,0.0,1.9,0.0,1.9,7.4,0.25,5.6,5.6,11.1,3.7,0.0,0.0,9.3,1.9,0.0,5.6,9.3,-3.7,56.0,0,0,42.6,1,1,13086,1,16483,17815,15152,17395,15070,19824,15070,11108,2984,13358,1904,9383,4301,10767,16469,12854,85,3723,20257,3245,18840,14892,1809,2246,150,5336,1,19:25
2024-25,1627936,Alex Caruso,Alex,1610612760,OKC,Oklahoma City Thunder,0022400920,2025-03-09T00:00:00,OKC vs. DEN,W,16.52166666666667,6.5,10.9,0.6,2.2,6.5,0.333,2.2,2.2,1.0,0.0,4.4,4.4,4.4,0.0,2.2,4.4,0.0,4.4,2.2,17.4,24.0,48.8,0,0,41.4,1,1,13086,1,18593,10097,15541,5394,9319,9462,9209,10033,12155,1,14058,12631,16392,8990,16469,5480,731,8846,6125,12251,10396,3035,3693,2246,150,5977,1,16:31
2024-25,1631255,Karlo Matković,Karlo,1610612740,NOP,New Orleans Pelicans,0022400923,2025-03-09T00:00:00,NOP vs. MEM,L,26.233333333333334,6.9,9.6,0.714,2.7,5.5,0.5,1.4,2.7,0.5,1.4,13.7,15.1,1.4,1.4,1.4,1.4,0.0,4.1,1.4,17.8,15.1,44.9,1,0,42.5,1,13222,1,13222,10963,9266,17757,2752,7402,11974,3944,12094,10623,10625,10869,820,1738,18425,13446,9057,5348,8846,6777,15558,9990,5594,5235,1,150,5381,1,26:14
2024-25,1630579,Jericho Sims,Jericho,1610612749,MIL,Milwaukee Bucks,0022400922,2025-03-09T00:00:00,MIL vs. CLE,L,18.033333333333335,0.0,2.0,0.0,0.0,0.0,0.0,0.0,0.0,0.0,8.0,12.0,20.0,6.0,0.0,2.0,0.0,0.0,0.0,0.0,0.0,-12.0,38.9,0,0,29.9,1,13222,1,13222,17542,22635,24760,22635,15070,20945,15070,13505,14344,13505,789,1373,539,5521,16469,6266,8263,8846,20257,17725,23200,18727,8460,2246,150,13983,1,18:02
2024-25,1629640,Keldon Johnson,Keldon,1610612759,SAS,San Antonio Spurs,0022400925,2025-03-09T00:00:00,SAS @ MIN,L,24.833333333333332,8.7,14.5,0.6,0.0,4.3,0.0,1.4,2.9,0.5,0.0,5.8,5.8,2.9,2.9,0.0,0.0,0.0,0.0,1.4,18.8,-23.2,27.3,0,0,27.5,1,13222,1,13222,12147,5270,9359,5394,15070,14795,15070,11908,10238,10625,14058,8796,12763,13276,6845,12854,8263,8846,20257,15246,8997,22381,16778,2246,150,15757,1,24:50
2024-25,202699,Tobias Harris,Tobias,1610612765,DET,Detroit Pistons,0022400926,2025-03-09T00:00:00,DET @ POR,W,36.93333333333333,8.8,12.7,0.692,1.0,2.9,0.333,1.0,1.9,0.5,1.9,6.8,8.8,1.9,0.0,0.0,1.9,1.0,2.9,1.9,19.5,11.7,38.8,0,0,35.1,1,1,13086,1,2028,5133,12438,3171,14683,17813,9209,13314,12860,10625,8623,6674,7069,16561,16469,12854,3628,8145,11068,13320,8376,6928,8537,2246,150,10032,1,36:56
2024-25,1631101,Shaedon Sharpe,Shaedon,1610612757,POR,Portland Trail Blazers,0022400926,2025-03-09T00:00:00,POR vs. DET,L,27.866666666666667,5.2,14.2,0.364,0.0,6.5,0.0,5.2,6.5,0.8,0.0,5.2,5.2,1.3,2.6,0.0,0.0,0.0,6.5,3.9,15.5,-23.3,21.1,0,0,22.0,1,13222,1,13222,9653,13896,9818,16861,15070,9626,15070,3798,3924,7681,14058,10362,14349,18687,7936,12854,8263,8846,2434,6638,12418,22397,20651,2246,150,19696,1,27:52
2024-25,1629638,Nickeil Alexander-Walker,Nickeil,1610612750,MIN,Minnesota Timberwolves,0022400925,2025-03-09T00:00:00,MIN vs. SAS,W,24.151666666666667,4.5,8.9,0.5,3.0,4.5,0.667,3.0,3.0,1.0,0.0,3.0,3.0,3.0,1.5,1.5,0.0,0.0,0.0,1.5,14.9,19.4,25.9,0,0,26.8,1,1,13086,1,12760,15869,18806,8526,6589,14522,1957,7871,10024,1,14058,16801,19793,12995,12795,8456,8263,8846,20257,15039,13011,4146,17657,2246,150,16294,1,24:09
2024-25,1630577,Julian Champagnie,Julian,1610612759,SAS,San Antonio Spurs,0022400925,2025-03-09T00:00:00,SAS @ MIN,L,17.3,2.1,14.6,0.143,0.0,8.3,0.0,4.2,4.2,1.0,4.2,6.2,10.4,2.1,0.0,0.0,0.0,4.2,2.1,2.1,8.3,-2.1,23.9,0,0,20.8,1,13222,1,13222,18072,21262,9257,22260,15070,5871,15070,5409,7488,1,3348,7801,5001,16061,16469,12854,8263,596,14694,12699,19640,14091,19001,2246,150,20400,1,17:18
2024-25,1641748,Andre Jackson Jr.,Andre,1610612749,MIL,Milwaukee Bucks,0022400922,2025-03-09T00:00:00,MIL vs. CLE,L,3.05,0.0,0.0,0.0,0.0,0.0,0.0,0.0,0.0,0.0,11.8,11.8,23.6,11.8,0.0,0.0,0.0,0.0,11.8,0.0,0.0,82.6,46.0,0,0,35.4,1,13222,1,13222,24957,22635,24836,22635,15070,20945,15070,13505,14344,13505,252,1465,242,760,16469,12854,8263,8846,439,17725,23200,137,4735,2246,150,9785,1,3:03
2024-25,203083,Andre Drummond,Andre,1610612755,PHI,Philadelphia 76ers,0022400924,2025-03-09T00:00:00,PHI vs. UTA,W,10.0,7.2,21.6,0.333,0.0,3.6,0.0,7.2,7.2,1.0,7.2,0.0,7.2,0.0,0.0,0.0,3.6,3.6,0.0,7.2,21.6,-36.0,41.0,0,0,36.0,1,1,13086,1,22105,8449,1984,17395,15070,16439,15070,1873,3169,1,1062,22137,9739,19908,16469,12854,1147,846,20257,1512,6543,24522,7150,2246,150,9360,1,10:00
2024-25,1630241,Sam Merrill,Sam,1610612739,CLE,Cleveland Cavaliers,0022400922,2025-03-09T00:00:00,CLE @ MIL,W,19.933333333333334,5.4,10.8,0.5,5.4,9.0,0.6,0.0,0.0,0.0,0.0,3.6,3.6,1.8,0.0,1.8,0.0,0.0,1.8,0.0,16.3,12.6,28.7,0,0,30.7,1,1,13086,1,16074,13222,15632,8526,1824,4775,2992,13505,14344,13505,14058,14892,18294,17066,16469,7224,8263,8846,16155,17725,11650,6542,15702,2246,150,13393,1,19:56
2024-25,203944,Julius Randle,Julius,1610612750,MIN,Minnesota Timberwolves,0022400925,2025-03-09T00:00:00,MIN vs. SAS,W,29.866666666666667,6.0,16.9,0.357,2.4,7.2,0.333,2.4,2.4,1.0,7.2,1.2,8.4,12.1,0.0,0.0,1.2,1.2,2.4,1.2,16.9,12.1,48.7,1,0,42.2,1,1,13086,1,7907,11434,5941,17140,8447,7974,9209,9305,11453,1,1048,21495,7568,706,16469,12854,6136,6217,13145,16376,10983,6776,3743,1,150,5552,1,29:52
2024-25,1629731,Dean Wade,Dean,1610612739,CLE,Cleveland Cavaliers,0022400922,2025-03-09T00:00:00,CLE @ MIL,W,15.216666666666667,7.1,7.1,1.0,7.1,7.1,1.0,0.0,0.0,0.0,0.0,7.1,7.1,2.4,0.0,2.4,0.0,0.0,2.4,0.0,21.3,54.4,40.5,0,0,42.6,1,1,13086,1,19426,8708,21443,1,726,8258,1,13505,14344,13505,14058,6181,9959,14996,16469,4808,8263,8846,13368,17725,6832,442,7489,2246,150,5357,1,15:13
2024-25,203507,Giannis Antetokounmpo,Giannis,1610612749,MIL,Milwaukee Bucks,0022400922,2025-03-09T00:00:00,MIL vs. CLE,L,33.666666666666664,13.9,25.7,0.542,0.0,0.0,0.0,4.3,8.6,0.5,4.3,5.3,9.6,3.2,4.3,2.1,0.0,1.1,1.1,4.3,32.1,-13.9,50.6,0,0,49.2,1,13222,1,13222,4576,732,700,7965,15070,20945,15070,5201,2150,10625,3196,9906,5897,12274,3364,5638,8263,7317,19277,5651,1510,19465,3105,2246,150,2769,1,33:40
2024-25,1630230,Naji Marshall,Naji,1610612742,DAL,Dallas Mavericks,0022400921,2025-03-09T00:00:00,DAL vs. PHX,L,40.61666666666667,11.5,19.5,0.591,2.7,6.2,0.429,4.4,5.3,0.833,0.9,7.1,8.0,8.9,1.8,1.8,0.0,1.8,0.9,3.5,30.1,4.4,56.5,1,0,53.2,1,13222,1,13222,430,1855,3342,6217,7655,10193,7394,4937,5433,7275,13939,6196,8309,2124,11657,7362,8263,3971,20171,7543,2032,10417,1718,1,150,1769,1,40:37
2024-25,1630568,Luka Garza,Luka,1610612750,MIN,Minnesota Timberwolves,0022400925,2025-03-09T00:00:00,MIN vs. SAS,W,2.566666666666667,14.0,28.1,0.5,0.0,14.0,0.0,28.1,28.1,1.0,14.0,0.0,14.0,0.0,0.0,0.0,0.0,0.0,0.0,14.0,56.1,14.0,72.9,0,0,70.1,1,1,13086,1,25189,699,393,8526,15070,915,15070,37,62,1,157,22137,2224,19908,16469,12854,8263,8846,20257,123,103,5996,347,2246,150,315,1,2:34
2024-25,1631169,Josh Minott,Josh,1610612750,MIN,Minnesota Timberwolves,0022400925,2025-03-09T00:00:00,MIN vs. SAS,W,2.3,15.7,31.3,0.5,15.7,15.7,1.0,0.0,0.0,0.0,0.0,0.0,0.0,0.0,15.7,15.7,15.7,0.0,0.0,0.0,47.0,-15.7,125.2,0,0,125.2,1,1,13086,1,25316,395,224,8526,67,571,1,13505,14344,13505,14058,22137,23286,19908,97,42,20,8846,20257,17725,204,20134,28,2246,150,24,1,2:18
2024-25,1631157,Ryan Rollins,Ryan,1610612749,MIL,Milwaukee Bucks,0022400922,2025-03-09T00:00:00,MIL vs. CLE,L,3.05,47.2,59.0,0.8,23.6,35.4,0.667,0.0,0.0,0.0,0.0,11.8,11.8,0.0,0.0,0.0,0.0,0.0,0.0,0.0,118.0,82.6,132.2,0,0,153.4,1,13222,1,13222,24957,6,15,1688,17,25,1957,13505,14344,13505,14058,1465,3657,19908,16469,12854,8263,8846,20257,17725,6,137,21,2246,150,14,1,3:03
2024-25,1642271,Kyle Filipowski,Kyle,1610612762,UTA,Utah Jazz,0022400924,2025-03-09T00:00:00,UTA @ PHI,L,30.666666666666668,9.4,18.8,0.5,4.7,10.6,0.444,5.9,8.2,0.714,3.5,4.7,8.2,3.5,1.2,3.5,0.0,1.2,5.9,4.7,29.3,22.3,53.9,0,0,52.8,1,13222,1,13222,7151,4039,3943,8526,2737,2914,7211,3004,2375,9244,4341,11715,7913,11333,14636,2216,8263,6455,3116,4726,2319,3400,2231,2246,150,1847,1,30:40
2024-25,1631096,Chet Holmgren,Chet,1610612760,OKC,Oklahoma City Thunder,0022400920,2025-03-09T00:00:00,OKC vs. DEN,W,25.866666666666667,8.4,13.9,0.6,1.4,2.8,0.5,1.4,1.4,1.0,2.8,8.4,11.1,1.4,0.0,0.0,5.6,1.4,7.0,1.4,19.5,44.5,51.6,0,0,44.5,1,1,13086,1,11270,5883,10307,5394,12479,18097,3944,12034,13600,1,5906,4217,4288,18370,16469,12854,383,5207,2008,15487,8390,726,2796,2246,150,4447,1,25:52
2024-25,1630596,Evan Mobley,Evan,1610612739,CLE,Cleveland Cavaliers,0022400922,2025-03-09T00:00:00,CLE @ MIL,W,28.316666666666666,6.4,12.7,0.5,2.5,5.1,0.5,1.3,2.5,0.5,2.5,6.4,8.9,2.5,3.8,3.8,1.3,1.3,1.3,2.5,16.5,3.8,42.5,0,0,40.7,1,1,13086,1,9285,10550,12361,8526,8004,12992,3944,12383,11099,10625,6488,7584,6888,14391,4280,1834,5786,5801,18162,10828,11365,10744,6394,2246,150,6392,1,28:19
2024-25,1631133,Jabari Walker,Jabari,1610612757,POR,Portland Trail Blazers,0022400926,2025-03-09T00:00:00,POR vs. DET,L,13.608333333333333,7.9,21.2,0.375,5.3,5.3,1.0,2.6,5.3,0.5,7.9,15.9,23.8,2.6,0.0,0.0,0.0,5.3,2.6,2.6,23.8,7.9,56.3,0,0,55.6,1,13222,1,13222,20418,6772,2238,16299,1961,12485,1,8699,5481,10625,805,446,227,14063,16469,12854,8263,313,12255,10491,4934,8667,1754,2246,150,1381,1,13:37
2024-25,201935,James Harden,James,1610612746,LAC,LA Clippers,0022400927,2025-03-09T00:00:00,LAC vs. SAC,W,43.583333333333336,8.3,15.7,0.526,2.5,9.1,0.273,5.0,6.6,0.75,0.0,7.4,7.4,9.1,4.1,0.0,0.0,0.0,0.0,4.1,24.0,-4.1,42.4,1,0,43.0,1,1,13086,1,111,6063,7554,8379,8225,4690,11838,4117,3758,8186,14058,5615,9296,1949,3607,12854,8263,8846,20257,5982,4837,15138,6444,1,150,5170,1,43:35
2024-25,1628368,De'Aaron Fox,De'Aaron,1610612759,SAS,San Antonio Spurs,0022400925,2025-03-09T00:00:00,SAS @ MIN,L,27.166666666666668,10.6,15.9,0.667,5.3,8.0,0.667,2.7,2.7,1.0,0.0,2.7,2.7,4.0,1.3,0.0,0.0,0.0,2.7,1.3,29.2,-30.5,37.0,0,0,41.1,1,13222,1,13222,10216,2624,7263,3281,1949,6533,1957,8685,10859,1,14058,17812,20537,9999,13688,12854,8263,8846,12240,15784,2386,23812,9715,2246,150,6153,1,27:10
2024-25,1629622,Max Strus,Max,1610612739,CLE,Cleveland Cavaliers,0022400922,2025-03-09T00:00:00,CLE @ MIL,W,22.256666666666668,9.7,17.8,0.545,8.1,14.6,0.556,0.0,0.0,0.0,6.5,8.1,14.6,3.2,3.2,1.6,0.0,0.0,3.2,0.0,27.5,27.5,51.4,0,0,56.6,1,1,13086,1,14312,3596,4911,7695,440,787,3747,13505,14344,13505,1383,4584,1977,12187,5720,7923,8263,8846,9720,17725,2978,2344,2852,2246,150,1211,1,22:15
2024-25,1629014,Anfernee Simons,Anfernee,1610612757,POR,Portland Trail Blazers,0022400926,2025-03-09T00:00:00,POR vs. DET,L,35.75,14.1,26.2,0.538,4.0,13.1,0.308,2.0,2.0,1.0,0.0,2.0,2.0,1.0,1.0,1.0,0.0,2.0,2.0,4.0,34.2,-13.1,40.2,0,0,43.3,1,13222,1,13222,2860,684,617,7978,3946,1250,11292,10599,12685,1,14058,19622,21771,19660,15799,11891,8263,3192,15068,6235,1083,19157,7646,2246,150,4998,1,35:45
2024-25,1631221,Collin Gillespie,Collin,1610612756,PHX,Phoenix Suns,0022400921,2025-03-09T00:00:00,PHX @ DAL,W,2.8,12.9,25.7,0.5,12.9,12.9,1.0,0.0,0.0,0.0,0.0,0.0,0.0,0.0,12.9,0.0,0.0,0.0,0.0,0.0,38.6,-51.4,25.7,0,0,51.4,1,1,13086,1,25062,1078,687,8526,110,1364,1,13505,14344,13505,14058,22137,23286,19908,175,12854,8263,8846,20257,17725,544,25442,17804,2246,150,2162,1,2:48
2024-25,1631119,Jaylin Williams,Jaylin,1610612760,OKC,Oklahoma City Thunder,0022400920,2025-03-09T00:00:00,OKC vs. DEN,W,9.793333333333333,11.0,18.4,0.6,11.0,18.4,0.6,0.0,7.4,0.0,3.7,14.7,18.4,3.7,0.0,0.0,0.0,0.0,7.4,3.7,33.1,44.1,60.7,0,0,66.2,1,1,13086,1,22177,2237,4309,5394,158,307,2992,13505,3048,13505,4075,622,813,10861,16469,12854,8263,8846,1741,7197,1301,736,1117,2246,150,433,1,9:48
2024-25,1630217,Desmond Bane,Desmond,1610612763,MEM,Memphis Grizzlies,0022400923,2025-03-09T00:00:00,MEM @ NOP,W,37.96666666666667,12.3,21.8,0.565,1.9,7.6,0.25,1.9,1.9,1.0,0.9,7.6,8.5,7.6,1.9,1.9,0.0,1.9,2.8,0.9,28.4,3.8,53.9,0,0,50.3,1,1,13086,1,1402,1339,1898,7102,10648,7204,11902,10965,12989,1,13664,5348,7432,3300,11063,6785,8263,3558,11442,17551,2614,10756,2238,2246,150,2462,1,37:58
2024-25,1628983,Shai Gilgeous-Alexander,Shai,1610612760,OKC,Oklahoma City Thunder,0022400920,2025-03-09T00:00:00,OKC vs. DEN,W,35.416666666666664,15.2,32.5,0.469,2.0,11.2,0.182,8.1,8.1,1.0,2.0,6.1,8.1,5.1,1.0,0.0,3.0,1.0,3.0,6.1,40.7,11.2,66.2,0,0,62.0,1,1,13086,1,3137,449,179,12247,9998,2355,14207,1347,2422,1,8245,8104,8041,7281,15735,12854,1633,7759,10495,2506,410,7146,619,2246,150,643,1,35:25
2024-25,203497,Rudy Gobert,Rudy,1610612750,MIN,Minnesota Timberwolves,0022400925,2025-03-09T00:00:00,MIN vs. SAS,W,19.8,12.7,14.5,0.875,0.0,0.0,0.0,3.6,3.6,1.0,5.5,9.1,14.5,3.6,1.8,3.6,0.0,0.0,7.3,3.6,29.1,32.7,61.1,0,0,54.5,1,1,13086,1,16175,1135,9281,1353,15070,20945,15070,6413,8612,1,1975,3416,1980,10977,11460,2051,8263,8846,1787,7294,2405,1653,1066,2246,150,1540,1,19:48
2024-25,203939,Dwight Powell,Dwight,1610612742,DAL,Dallas Mavericks,0022400921,2025-03-09T00:00:00,DAL vs. PHX,L,6.126666666666667,5.9,5.9,1.0,0.0,0.0,0.0,0.0,0.0,0.0,5.9,11.8,17.6,0.0,5.9,0.0,5.9,0.0,0.0,0.0,11.8,-52.9,44.7,0,0,41.1,1,13222,1,13222,23557,11879,22737,1,15070,20945,15070,13505,14344,13505,1694,1501,985,19908,1483,12854,333,8846,20257,17725,16401,25509,5348,2246,150,6125,1,6:08
2024-25,1642024,Alex Reese,Alex,1610612755,PHI,Philadelphia 76ers,0022400924,2025-03-09T00:00:00,PHI vs. UTA,W,15.033333333333333,4.8,7.2,0.667,2.4,4.8,0.5,2.4,4.8,0.5,4.8,16.8,21.6,0.0,2.4,7.2,2.4,0.0,2.4,4.8,14.4,69.4,66.6,0,0,57.5,1,1,13086,1,19532,14976,21336,3281,8505,13731,3944,9351,6319,10625,2578,346,368,19908,8679,272,2565,8846,13233,4521,13536,247,600,2246,150,1105,1,15:02
2024-25,1630643,Jay Huff,Jay,1610612763,MEM,Memphis Grizzlies,0022400923,2025-03-09T00:00:00,MEM @ NOP,W,14.34,7.5,17.6,0.429,5.0,15.1,0.333,0.0,0.0,0.0,2.5,7.5,10.0,5.0,0.0,2.5,2.5,0.0,5.0,2.5,20.1,35.1,54.7,0,0,50.2,1,1,13086,1,19988,7691,5168,13735,2248,679,9209,13505,14344,13505,6584,5439,5384,7416,16469,4353,2358,8846,4562,10956,7852,1379,2046,2246,150,2480,1,14:20
2024-25,1630572,Sandro Mamukelashvili,Sandro,1610612759,SAS,San Antonio Spurs,0022400925,2025-03-09T00:00:00,SAS @ MIN,L,13.866666666666667,10.4,13.0,0.8,0.0,2.6,0.0,0.0,0.0,0.0,2.6,5.2,7.8,5.2,0.0,2.6,2.6,0.0,0.0,0.0,20.8,0.0,53.5,0,0,44.1,1,13222,1,13222,20260,2835,11887,1688,15070,18458,15070,13505,14344,13505,6356,10298,8633,7043,16469,4148,2222,8846,20257,17725,7250,12240,2338,2246,150,4627,1,13:52
2024-25,1642346,Ryan Dunn,Ryan,1610612756,PHX,Phoenix Suns,0022400921,2025-03-09T00:00:00,PHX @ DAL,W,1.5,0.0,0.0,0.0,0.0,0.0,0.0,0.0,0.0,0.0,0.0,24.0,24.0,0.0,0.0,24.0,0.0,0.0,0.0,0.0,0.0,-72.0,100.8,0,0,72.0,1,1,13086,1,25800,22635,24836,22635,15070,20945,15070,13505,14344,13505,14058,88,221,19908,16469,10,8263,8846,20257,17725,23200,25910,65,2246,150,280,1,1:30
2024-25,1629630,Ja Morant,Ja,1610612763,MEM,Memphis Grizzlies,0022400923,2025-03-09T00:00:00,MEM @ NOP,W,36.58833333333333,10.8,22.6,0.478,3.0,8.9,0.333,6.9,10.8,0.636,1.0,3.0,3.9,5.9,1.0,3.0,0.0,0.0,3.0,6.9,31.5,10.8,52.9,0,0,50.2,1,1,13086,1,2288,2400,1532,11986,6670,5014,9209,2087,1081,10256,13386,16886,17480,5663,15948,3268,8263,8846,10931,1747,1645,7317,2468,2246,150,2485,1,36:35
2024-25,1629675,Naz Reid,Naz,1610612750,MIN,Minnesota Timberwolves,0022400925,2025-03-09T00:00:00,MIN vs. SAS,W,26.9,10.7,20.1,0.533,5.4,10.7,0.5,0.0,0.0,0.0,1.3,8.0,9.4,5.4,2.7,0.0,2.7,0.0,2.7,1.3,26.8,9.4,51.4,0,0,52.2,1,1,13086,1,10417,2499,2912,8140,1893,2766,3944,13505,14344,13505,11021,4659,6240,6715,7597,12854,2110,8846,12134,15727,3317,8006,2871,2246,150,1998,1,26:54
2024-25,1629656,Quentin Grimes,Quentin,1610612755,PHI,Philadelphia 76ers,0022400924,2025-03-09T00:00:00,PHI vs. UTA,W,27.383333333333333,7.9,17.1,0.462,5.3,11.8,0.444,11.8,11.8,1.0,0.0,1.3,1.3,7.9,3.9,2.6,1.3,0.0,5.3,6.6,32.9,-22.3,54.2,0,0,55.2,1,1,13086,1,10029,6868,5706,12428,1984,1882,7211,360,802,1,14058,21257,22799,3009,3981,4064,5587,8846,4086,2010,1352,22179,2164,2246,150,1429,1,27:23
2024-25,1641737,Adem Bona,Adem,1610612755,PHI,Philadelphia 76ers,0022400924,2025-03-09T00:00:00,PHI vs. UTA,W,31.666666666666668,8.0,14.8,0.538,0.0,0.0,0.0,0.0,0.0,0.0,8.0,9.1,17.1,1.1,3.4,2.3,5.7,1.1,2.3,0.0,15.9,25.0,58.5,1,0,50.0,1,1,13086,1,6258,6718,8942,7978,15070,20945,15070,13505,14344,13505,797,3409,1115,19239,5210,5130,368,6739,13756,17725,12005,2816,1401,1,150,2527,1,31:40
2024-25,1642264,Stephon Castle,Stephon,1610612759,SAS,San Antonio Spurs,0022400925,2025-03-09T00:00:00,SAS @ MIN,L,27.633333333333333,9.1,19.5,0.467,0.0,2.6,0.0,7.8,11.7,0.667,5.2,3.9,9.1,5.2,0.0,1.3,0.0,1.3,2.6,7.8,26.1,-16.9,48.7,0,0,43.0,1,13222,1,13222,9840,4497,3316,12249,15070,18446,15070,1498,821,9425,2182,14000,6555,7014,16469,9437,8263,5639,12408,1119,3653,20594,3730,2246,150,5145,1,27:38
2024-25,1628427,Vlatko Čančar,Vlatko,1610612743,DEN,Denver Nuggets,0022400920,2025-03-09T00:00:00,DEN @ OKC,L,1.2166666666666666,0.0,0.0,0.0,0.0,0.0,0.0,0.0,0.0,0.0,0.0,0.0,0.0,0.0,0.0,0.0,0.0,0.0,0.0,0.0,0.0,-59.2,0.0,0,0,0.0,1,13222,1,13222,25950,22635,24836,22635,15070,20945,15070,13505,14344,13505,14058,22137,23286,19908,16469,12854,8263,8846,20257,17725,23200,25667,25228,2246,150,25259,1,1:13
2024-25,203924,Jerami Grant,Jerami,1610612757,POR,Portland Trail Blazers,0022400926,2025-03-09T00:00:00,POR vs. DET,L,35.541666666666664,6.1,12.2,0.5,6.1,11.1,0.545,7.1,7.1,1.0,0.0,2.0,2.0,1.0,2.0,0.0,0.0,1.0,2.0,3.0,25.3,-10.1,27.2,0,0,34.4,1,13222,1,13222,3039,11288,13322,8526,1251,2378,3863,1950,3283,1,14058,19573,21752,19637,10401,12854,8263,7801,14992,9101,4043,17941,16788,2246,150,10500,1,35:33
2024-25,1642281,Jaylon Tyson,Jaylon,1610612739,CLE,Cleveland Cavaliers,0022400922,2025-03-09T00:00:00,CLE @ MIL,W,3.05,0.0,11.8,0.0,0.0,0.0,0.0,0.0,0.0,0.0,0.0,0.0,0.0,11.8,0.0,0.0,0.0,0.0,0.0,0.0,0.0,-82.6,17.7,0,0,11.8,1,1,13086,1,24957,22635,13924,22635,15070,20945,15070,13505,14344,13505,14058,22137,23286,760,16469,12854,8263,8846,20257,17725,23200,26029,22214,2246,150,24028,1,3:03
2024-25,1627826,Ivica Zubac,Ivica,1610612746,LAC,LA Clippers,0022400927,2025-03-09T00:00:00,LAC vs. SAC,W,44.06666666666667,7.4,11.4,0.643,0.0,0.0,0.0,3.3,6.5,0.5,0.8,10.6,11.4,1.6,0.0,0.8,0.8,0.8,1.6,3.3,18.0,2.5,39.0,1,0,34.3,1,1,13086,1,88,8117,14601,4607,15070,20945,15070,7167,3846,10625,14034,2140,4022,17555,16469,12823,8230,8817,16767,8353,9878,11396,8368,1,150,10598,1,44:04
2024-25,1642270,Donovan Clingan,Donovan,1610612757,POR,Portland Trail Blazers,0022400926,2025-03-09T00:00:00,POR vs. DET,L,21.983333333333334,1.6,4.9,0.333,0.0,1.6,0.0,1.6,4.9,0.333,1.6,13.1,14.7,4.9,4.9,1.6,3.3,0.0,8.2,3.3,4.9,-19.7,39.8,0,0,34.4,1,13222,1,13222,14516,21989,23523,17395,15070,20126,15070,11529,6089,13132,9788,979,1896,7661,2449,7859,1415,8846,1277,8327,22060,21448,7886,2246,150,10535,1,21:59
2024-25,201144,Mike Conley,Mike,1610612750,MIN,Minnesota Timberwolves,0022400925,2025-03-09T00:00:00,MIN vs. SAS,W,23.333333333333332,6.2,12.3,0.5,4.6,7.7,0.6,3.1,3.1,1.0,0.0,7.7,7.7,7.7,0.0,0.0,0.0,0.0,4.6,6.2,20.1,26.2,40.9,0,0,40.1,1,1,13086,1,13435,11041,12991,8526,2841,6971,2992,7580,9753,1,14058,5141,8778,3165,16469,12854,8263,8846,5470,2424,7881,2576,7236,2246,150,6714,1,23:20
2024-25,1629723,John Konchar,John,1610612763,MEM,Memphis Grizzlies,0022400923,2025-03-09T00:00:00,MEM @ NOP,W,10.011666666666667,0.0,0.0,0.0,0.0,0.0,0.0,0.0,0.0,0.0,7.2,3.6,10.8,0.0,3.6,0.0,0.0,0.0,3.6,0.0,0.0,-46.7,9.3,0,0,10.8,1,1,13086,1,22103,22635,24836,22635,15070,20945,15070,13505,14344,13505,1065,14942,4611,19908,4789,12854,8263,8846,8440,17725,23200,25257,24515,2246,150,24270,1,10:01
2024-25,1631212,Peyton Watson,Peyton,1610612743,DEN,Denver Nuggets,0022400920,2025-03-09T00:00:00,DEN @ OKC,L,5.866666666666666,0.0,6.1,0.0,0.0,6.1,0.0,0.0,0.0,0.0,0.0,0.0,0.0,0.0,0.0,0.0,0.0,0.0,6.1,0.0,0.0,-61.4,0.0,0,0,0.0,1,13222,1,13222,23641,22635,22483,22635,15070,10347,15070,13505,14344,13505,14058,22137,23286,19908,16469,12854,8263,8846,2780,17725,23200,25725,25228,2246,150,25259,1,5:52
2024-25,1628978,Donte DiVincenzo,Donte,1610612750,MIN,Minnesota Timberwolves,0022400925,2025-03-09T00:00:00,MIN vs. SAS,W,27.231666666666666,7.9,13.2,0.6,5.3,10.6,0.5,1.3,2.6,0.5,0.0,2.6,2.6,4.0,2.6,0.0,0.0,1.3,5.3,2.6,22.5,5.3,29.0,0,0,34.4,1,1,13086,1,10171,6786,11448,5394,1962,2900,3944,12242,10875,10625,14058,17836,20554,10021,7720,12854,8263,5536,4045,10494,5870,9964,15522,2246,150,10550,1,27:14
2024-25,1630590,Scotty Pippen Jr.,Scotty,1610612763,MEM,Memphis Grizzlies,0022400923,2025-03-09T00:00:00,MEM @ NOP,W,28.976666666666667,5.0,7.5,0.667,2.5,3.7,0.667,2.5,2.5,1.0,3.7,3.7,7.5,2.5,1.2,2.5,1.2,1.2,3.7,1.2,14.9,9.9,37.5,0,0,34.8,1,1,13086,1,8694,14482,20993,3281,8206,16149,1957,9098,11248,1,4003,14545,9262,14595,14151,4426,5935,5983,7980,16168,13007,7726,9331,2246,150,10240,1,28:59
2024-25,1626145,Tyus Jones,Tyus,1610612756,PHX,Phoenix Suns,0022400921,2025-03-09T00:00:00,PHX @ DAL,W,22.733333333333334,1.6,6.3,0.25,0.0,3.2,0.0,0.0,0.0,0.0,0.0,3.2,3.2,6.3,0.0,0.0,0.0,0.0,0.0,0.0,3.2,6.3,16.5,0,0,12.7,1,1,13086,1,13923,22054,22285,20233,15070,17327,15070,13505,14344,13505,14058,16201,19316,4968,16469,12854,8263,8846,20257,17725,22904,9457,22680,2246,150,23816,1,22:44
2024-25,1641854,Craig Porter Jr.,Craig,1610612739,CLE,Cleveland Cavaliers,0022400922,2025-03-09T00:00:00,CLE @ MIL,W,3.05,0.0,0.0,0.0,0.0,0.0,0.0,0.0,0.0,0.0,0.0,0.0,0.0,0.0,11.8,0.0,0.0,0.0,0.0,0.0,0.0,-82.6,-11.8,0,0,0.0,1,1,13086,1,24957,22635,24836,22635,15070,20945,15070,13505,14344,13505,14058,22137,23286,19908,211,12854,8263,8846,20257,17725,23200,26029,26240,2246,150,25259,1,3:03
2024-25,1630192,Zeke Nnaji,Zeke,1610612743,DEN,Denver Nuggets,0022400920,2025-03-09T00:00:00,DEN @ OKC,L,21.618333333333332,0.0,1.7,0.0,0.0,0.0,0.0,5.0,6.7,0.75,0.0,1.7,1.7,0.0,0.0,0.0,1.7,1.7,3.3,6.7,5.0,-10.0,12.0,0,0,10.0,1,13222,1,13222,14833,22635,24807,22635,15070,20945,15070,4044,3700,8186,14058,20528,22346,19908,16469,12854,4383,4235,9338,1935,22007,17889,24006,2246,150,24424,1,21:37
2024-25,1631323,Simone Fontecchio,Simone,1610612765,DET,Detroit Pistons,0022400926,2025-03-09T00:00:00,DET @ POR,W,11.316666666666666,3.2,3.2,1.0,3.2,3.2,1.0,6.4,6.4,1.0,0.0,9.5,9.5,6.4,0.0,0.0,0.0,0.0,6.4,3.2,15.9,-12.7,36.9,0,0,35.0,1,1,13086,1,21578,19028,24428,1,6004,17306,1,2533,4051,1,14058,2967,6001,4910,16469,12854,8263,8846,2529,8622,12018,19029,9767,2246,150,10098,1,11:19
2024-25,1641725,Trey Alexander,Trey,1610612743,DEN,Denver Nuggets,0022400920,2025-03-09T00:00:00,DEN @ OKC,L,1.2166666666666666,0.0,0.0,0.0,0.0,0.0,0.0,0.0,0.0,0.0,0.0,0.0,0.0,0.0,0.0,0.0,0.0,0.0,0.0,0.0,0.0,-59.2,0.0,0,0,0.0,1,13222,1,13222,25950,22635,24836,22635,15070,20945,15070,13505,14344,13505,14058,22137,23286,19908,16469,12854,8263,8846,20257,17725,23200,25667,25228,2246,150,25259,1,1:13
2024-25,203486,Mason Plumlee,Mason,1610612756,PHX,Phoenix Suns,0022400921,2025-03-09T00:00:00,PHX @ DAL,W,20.083333333333332,9.0,10.8,0.833,0.0,0.0,0.0,5.4,7.2,0.75,1.8,7.2,9.0,1.8,0.0,0.0,0.0,0.0,1.8,3.6,23.3,19.7,36.7,0,0,34.1,1,1,13086,1,15960,4776,15773,1514,15070,20945,15070,3552,3194,8186,9265,6061,6799,17104,16469,12854,8263,8846,16217,7437,5291,4036,9867,2246,150,10806,1,20:05
2024-25,1641816,Hunter Tyson,Hunter,1610612743,DEN,Denver Nuggets,0022400920,2025-03-09T00:00:00,DEN @ OKC,L,1.2166666666666666,0.0,0.0,0.0,0.0,0.0,0.0,0.0,0.0,0.0,0.0,0.0,0.0,0.0,0.0,0.0,0.0,0.0,0.0,0.0,0.0,-59.2,0.0,0,0,0.0,1,13222,1,13222,25950,22635,24836,22635,15070,20945,15070,13505,14344,13505,14058,22137,23286,19908,16469,12854,8263,8846,20257,17725,23200,25667,25228,2246,150,25259,1,1:13
2024-25,1628378,Donovan Mitchell,Donovan,1610612739,CLE,Cleveland Cavaliers,0022400922,2025-03-09T00:00:00,CLE @ MIL,W,29.883333333333333,4.8,18.1,0.267,1.2,8.4,0.143,7.2,8.4,0.857,1.2,4.8,6.0,7.2,4.8,1.2,0.0,1.2,0.0,4.8,18.1,2.4,34.9,0,0,34.9,1,1,13086,1,7889,14892,4596,20170,13332,5691,14649,1848,2241,7071,11762,11380,12219,3718,2552,10133,8263,6221,20257,4464,9768,11411,11097,2246,150,10143,1,29:53
2024-25,1641890,Tyler Smith,Tyler,1610612749,MIL,Milwaukee Bucks,0022400922,2025-03-09T00:00:00,MIL vs. CLE,L,3.05,0.0,11.8,0.0,0.0,0.0,0.0,0.0,0.0,0.0,0.0,0.0,0.0,0.0,0.0,0.0,0.0,0.0,0.0,0.0,0.0,82.6,0.0,0,0,0.0,1,13222,1,13222,24957,22635,13924,22635,15070,20945,15070,13505,14344,13505,14058,22137,23286,19908,16469,12854,8263,8846,20257,17725,23200,137,25228,2246,150,25259,1,3:03
2024-25,1631108,Max Christie,Max,1610612742,DAL,Dallas Mavericks,0022400921,2025-03-09T00:00:00,DAL vs. PHX,L,37.406666666666666,3.8,4.8,0.8,3.8,4.8,0.8,0.0,0.0,0.0,0.0,2.9,2.9,1.9,0.0,0.0,0.0,0.0,1.0,0.0,11.5,0.0,17.9,0,0,20.2,1,13222,1,13222,1735,17454,23596,1688,4319,13665,1389,13505,14344,13505,14058,17127,20027,16664,16469,12854,8263,8846,19900,17725,16621,12240,22138,2246,150,20742,1,37:24
2024-25,1630631,Jose Alvarado,Jose,1610612740,NOP,New Orleans Pelicans,0022400923,2025-03-09T00:00:00,NOP vs. MEM,L,31.933333333333334,3.4,15.8,0.214,3.4,6.8,0.5,2.3,2.3,1.0,0.0,0.0,0.0,12.4,3.4,1.1,2.3,3.4,1.1,3.4,12.4,0.0,37.8,1,0,34.9,1,13222,1,13222,6032,18583,7429,21369,5429,8973,3944,9768,11919,1,14058,22137,23286,636,5280,10796,2831,1009,18943,8006,15713,12240,9182,1,150,10134,1,31:56
2024-25,1631110,Jeremy Sochan,Jeremy,1610612759,SAS,San Antonio Spurs,0022400925,2025-03-09T00:00:00,SAS @ MIN,L,17.583333333333332,4.1,10.2,0.4,0.0,0.0,0.0,2.0,4.1,0.5,2.0,4.1,6.1,0.0,4.1,2.0,0.0,2.0,2.0,2.0,10.2,-6.1,19.7,0,0,20.5,1,13222,1,13222,17865,16857,16668,14933,15070,20945,15070,10469,7639,10625,8175,13430,11950,19908,3682,6019,8263,3066,14889,12849,17906,16128,21339,2246,150,20591,1,17:35
2024-25,1631099,Keegan Murray,Keegan,1610612758,SAC,Sacramento Kings,0022400927,2025-03-09T00:00:00,SAC @ LAC,L,47.38333333333333,4.6,9.1,0.5,2.3,4.6,0.5,0.0,0.0,0.0,1.5,3.0,4.6,1.5,0.8,0.0,0.0,0.8,3.8,0.0,11.4,-5.3,18.4,0,0,19.8,1,13222,1,13222,21,15605,18527,8526,8928,14299,3944,13505,14344,13505,10240,16591,15902,17906,16465,12854,8263,8835,7742,17725,16799,15758,21935,2246,150,21009,1,47:23
2024-25,1631172,Ousmane Dieng,Ousmane,1610612760,OKC,Oklahoma City Thunder,0022400920,2025-03-09T00:00:00,OKC vs. DEN,W,1.2166666666666666,0.0,0.0,0.0,0.0,0.0,0.0,0.0,0.0,0.0,0.0,0.0,0.0,0.0,0.0,0.0,0.0,0.0,0.0,0.0,0.0,59.2,0.0,0,0,0.0,1,1,13086,1,25950,22635,24836,22635,15070,20945,15070,13505,14344,13505,14058,22137,23286,19908,16469,12854,8263,8846,20257,17725,23200,378,25228,2246,150,25259,1,1:13
2024-25,1628365,Markelle Fultz,Markelle,1610612758,SAC,Sacramento Kings,0022400927,2025-03-09T00:00:00,SAC @ LAC,L,2.3,0.0,15.7,0.0,0.0,15.7,0.0,0.0,0.0,0.0,0.0,0.0,0.0,0.0,0.0,0.0,0.0,0.0,0.0,0.0,0.0,62.6,0.0,0,0,0.0,1,13222,1,13222,25316,22635,7604,22635,15070,571,15070,13505,14344,13505,14058,22137,23286,19908,16469,12854,8263,8846,20257,17725,23200,322,25228,2246,150,25259,1,2:18
2024-25,1629026,Kenrich Williams,Kenrich,1610612760,OKC,Oklahoma City Thunder,0022400920,2025-03-09T00:00:00,OKC vs. DEN,W,3.5,0.0,0.0,0.0,0.0,0.0,0.0,0.0,0.0,0.0,0.0,0.0,0.0,0.0,0.0,0.0,0.0,0.0,10.3,0.0,0.0,51.4,0.0,0,0,0.0,1,1,13086,1,24704,22635,24836,22635,15070,20945,15070,13505,14344,13505,14058,22137,23286,19908,16469,12854,8263,8846,643,17725,23200,515,25228,2246,150,25259,1,3:30
2024-25,1642461,Spencer Jones,Spencer,1610612743,DEN,Denver Nuggets,0022400920,2025-03-09T00:00:00,DEN @ OKC,L,1.2166666666666666,0.0,29.6,0.0,0.0,29.6,0.0,0.0,0.0,0.0,0.0,0.0,0.0,0.0,0.0,0.0,0.0,0.0,0.0,0.0,0.0,-59.2,0.0,0,0,0.0,1,13222,1,13222,25950,22635,291,22635,15070,68,15070,13505,14344,13505,14058,22137,23286,19908,16469,12854,8263,8846,20257,17725,23200,25667,25228,2246,150,25259,1,1:13
2024-25,201142,Kevin Durant,Kevin,1610612756,PHX,Phoenix Suns,0022400921,2025-03-09T00:00:00,PHX @ DAL,W,37.85,7.6,14.3,0.533,1.0,2.9,0.333,3.8,3.8,1.0,1.0,7.6,8.6,7.6,5.7,0.0,1.0,1.9,0.0,4.8,20.0,10.5,38.8,0,0,39.0,1,1,13086,1,1480,7489,9744,8140,14787,17953,9209,6075,8240,1,13637,5310,7377,3273,1634,12854,7820,3538,20257,4601,7938,7485,8530,2246,150,7384,1,37:51
2024-25,1627750,Jamal Murray,Jamal,1610612743,DEN,Denver Nuggets,0022400920,2025-03-09T00:00:00,DEN @ OKC,L,42.14333333333333,5.1,14.5,0.353,0.9,4.3,0.2,3.4,3.4,1.0,0.0,1.7,1.7,3.4,0.9,0.9,0.0,0.9,1.7,2.6,14.5,-14.5,23.4,0,0,22.2,1,13222,1,13222,246,14018,9321,17268,15029,14976,13429,6864,9056,1,14058,20441,22290,11641,16420,12777,8263,8766,16510,10751,13383,19717,19312,2246,150,19551,1,42:09
2024-25,202685,Jonas Valančiūnas,Jonas,1610612758,SAC,Sacramento Kings,0022400927,2025-03-09T00:00:00,SAC @ LAC,L,41.81666666666667,2.6,8.6,0.3,0.0,1.7,0.0,2.6,3.4,0.75,0.9,13.8,14.6,6.0,2.6,0.9,0.9,1.7,4.3,2.6,7.7,0.0,36.9,0,0,31.9,1,13222,1,13222,267,20304,19345,19363,15070,20020,15070,8849,9003,8186,13986,810,1943,5437,7938,12771,8172,4090,6271,10697,20131,12240,9746,2246,150,12493,1,41:49
2024-25,1629618,Jalen Pickett,Jalen,1610612743,DEN,Denver Nuggets,0022400920,2025-03-09T00:00:00,DEN @ OKC,L,16.366666666666667,6.6,17.6,0.375,2.2,8.8,0.25,0.0,0.0,0.0,0.0,2.2,2.2,4.4,0.0,0.0,0.0,2.2,2.2,0.0,15.4,-15.4,24.6,0,0,24.2,1,13222,1,13222,18676,9933,5138,16299,9240,5108,11902,13505,14344,13505,14058,19065,21410,8884,16469,12854,8263,2642,14092,17725,12522,20052,18531,2246,150,18214,1,16:22
2024-25,1641741,Ricky Council IV,Ricky,1610612755,PHI,Philadelphia 76ers,0022400924,2025-03-09T00:00:00,PHI vs. UTA,W,20.616666666666667,5.2,12.2,0.429,3.5,8.7,0.4,0.0,0.0,0.0,0.0,5.2,5.2,3.5,1.7,1.7,0.0,0.0,5.2,0.0,14.0,36.7,29.0,0,0,29.7,1,1,13086,1,15553,13702,13226,13735,5159,5217,7874,13505,14344,13505,14058,10191,14195,11404,11757,7457,8263,8846,4129,17725,13969,1227,15499,2246,150,14173,1,20:37
2024-25,1642268,Isaiah Collier,Isaiah,1610612762,UTA,Utah Jazz,0022400924,2025-03-09T00:00:00,UTA @ PHI,L,29.5,4.9,12.2,0.4,0.0,1.2,0.0,6.1,6.1,1.0,1.2,4.9,6.1,12.2,8.5,2.4,0.0,1.2,4.9,4.9,15.9,28.1,40.3,1,0,39.1,1,13222,1,13222,8222,14717,13258,14933,15070,20600,15070,2778,4348,1,11659,11203,12052,677,493,4561,8263,6122,4874,4331,12067,2259,7589,1,150,7349,1,29:30
2024-25,1641810,Antonio Reeves,Antonio,1610612740,NOP,New Orleans Pelicans,0022400923,2025-03-09T00:00:00,NOP vs. MEM,L,22.02166666666667,4.9,8.2,0.6,4.9,4.9,1.0,3.3,3.3,1.0,3.3,0.0,3.3,4.9,1.6,0.0,0.0,1.6,1.6,1.6,18.0,19.6,27.6,0,0,31.1,1,13222,1,13222,14484,14670,19985,5394,2399,13432,1,7165,9379,1,4808,22137,19066,7680,12197,12854,8263,4351,16765,14511,9865,4069,16478,2246,150,13113,1,22:01
2024-25,1642274,Yves Missi,Yves,1610612740,NOP,New Orleans Pelicans,0022400923,2025-03-09T00:00:00,NOP vs. MEM,L,28.051666666666666,5.1,10.3,0.5,0.0,0.0,0.0,2.6,3.9,0.667,3.9,7.7,11.6,0.0,3.9,1.3,1.3,0.0,2.6,3.9,12.8,-18.0,30.5,0,0,29.5,1,13222,1,13222,9507,13999,16623,8526,15070,20945,15070,8890,8137,9425,3809,5165,3907,19908,4189,9560,5722,8846,12542,6711,15256,20923,14397,2246,150,14314,1,28:03
2024-25,1641709,Ausar Thompson,Ausar,1610612765,DET,Detroit Pistons,0022400926,2025-03-09T00:00:00,DET @ POR,W,20.675,3.5,8.7,0.4,0.0,0.0,0.0,1.7,7.0,0.25,3.5,7.0,10.4,3.5,1.7,3.5,0.0,0.0,8.7,7.0,8.7,24.4,35.2,0,0,29.6,1,1,13086,1,15512,18363,19181,14933,15070,20945,15070,11345,3395,13358,4402,6428,4966,11444,11779,2259,8263,8846,1068,1682,19341,2950,10955,2246,150,14245,1,20:41
2024-25,1630205,Lamar Stevens,Lamar,1610612763,MEM,Memphis Grizzlies,0022400923,2025-03-09T00:00:00,MEM @ NOP,W,4.448333333333333,0.0,8.1,0.0,0.0,8.1,0.0,8.1,16.2,0.5,0.0,16.2,16.2,0.0,0.0,0.0,0.0,0.0,0.0,8.1,8.1,24.3,27.5,0,0,24.3,1,1,13086,1,24270,22635,20101,22635,15070,6303,15070,1365,268,10625,14058,415,1362,19908,16469,12854,8263,8846,20257,971,19837,2968,16569,2246,150,18150,1,4:27
2024-25,1642265,Rob Dillingham,Rob,1610612750,MIN,Minnesota Timberwolves,0022400925,2025-03-09T00:00:00,MIN vs. SAS,W,2.566666666666667,0.0,14.0,0.0,0.0,0.0,0.0,0.0,0.0,0.0,0.0,0.0,0.0,14.0,14.0,0.0,0.0,0.0,0.0,0.0,0.0,14.0,7.0,0,0,14.0,1,1,13086,1,25189,22635,10131,22635,15070,20945,15070,13505,14344,13505,14058,22137,23286,389,135,12854,8263,8846,20257,17725,23200,5996,24820,2246,150,23418,1,2:34
2024-25,1642262,Cody Williams,Cody,1610612762,UTA,Utah Jazz,0022400924,2025-03-09T00:00:00,UTA @ PHI,L,16.083333333333332,4.5,9.0,0.5,2.2,4.5,0.5,4.5,4.5,1.0,2.2,6.7,9.0,0.0,2.2,0.0,2.2,0.0,0.0,4.5,15.7,-44.8,30.9,0,0,31.3,1,13222,1,13222,18872,15847,18789,8526,9090,14504,3944,4871,6882,1,7461,6867,6818,19908,9353,12854,2865,8846,20257,5195,12250,25174,14133,2246,150,12902,1,16:05
2024-25,1630288,Jeff Dowtin Jr.,Jeff,1610612755,PHI,Philadelphia 76ers,0022400924,2025-03-09T00:00:00,PHI vs. UTA,W,11.866666666666667,12.1,15.2,0.8,6.1,9.1,0.667,0.0,0.0,0.0,0.0,3.0,3.0,0.0,3.0,0.0,0.0,0.0,0.0,3.0,30.3,30.3,30.9,0,0,39.4,1,1,13086,1,21351,1438,8309,1688,1258,4665,1957,13505,14344,13505,14058,16608,19623,19908,6338,12854,8263,8846,20257,9114,1970,1928,14092,2246,150,7109,1,11:52
2024-25,1630530,Trey Murphy III,Trey,1610612740,NOP,New Orleans Pelicans,0022400923,2025-03-09T00:00:00,NOP vs. MEM,L,36.695,8.8,20.6,0.429,2.0,8.8,0.222,6.9,8.8,0.778,2.0,2.9,4.9,2.0,2.9,0.0,2.0,1.0,1.0,6.9,26.5,-25.5,38.3,0,0,39.2,1,13222,1,13222,2206,5008,2574,13735,10338,5057,13288,2105,1961,8092,8563,16916,15048,16511,6666,12854,3596,8086,19806,1769,3437,22918,8852,2246,150,7244,1,36:42
2024-25,1627884,Derrick Jones Jr.,Derrick,1610612746,LAC,LA Clippers,0022400927,2025-03-09T00:00:00,LAC vs. SAC,W,27.613333333333333,9.1,11.7,0.778,2.6,3.9,0.667,1.3,3.9,0.333,2.6,1.3,3.9,0.0,0.0,1.3,0.0,0.0,3.9,2.6,22.2,10.4,30.8,0,0,31.3,1,1,13086,1,9864,4493,14050,1994,7803,15760,1957,12291,8024,13132,6326,21277,17542,19908,16469,9435,8263,8846,7411,10615,6094,7496,14226,2246,150,12942,1,27:37
2024-25,1628971,Bruce Brown,Bruce,1610612740,NOP,New Orleans Pelicans,0022400923,2025-03-09T00:00:00,NOP vs. MEM,L,19.713333333333335,1.8,12.8,0.143,0.0,1.8,0.0,5.5,5.5,1.0,0.0,1.8,1.8,3.7,1.8,0.0,0.0,1.8,1.8,3.7,9.1,-18.3,15.0,0,0,14.6,1,13222,1,13222,16258,21712,12242,22260,15070,19871,15070,3434,5215,1,14058,20173,22123,10927,11431,12854,8263,3812,16058,7256,18965,21006,23186,2246,150,23212,1,19:43
2024-25,1627736,Malik Beasley,Malik,1610612765,DET,Detroit Pistons,0022400926,2025-03-09T00:00:00,DET @ POR,W,25.775,5.6,15.4,0.364,2.8,11.2,0.25,0.0,0.0,0.0,0.0,2.8,2.8,0.0,2.8,1.4,0.0,0.0,1.4,0.0,14.0,-8.4,18.7,0,0,22.3,1,1,13086,1,11351,12742,8014,16861,7238,2358,11902,13505,14344,13505,14058,17421,20272,19908,7242,8923,8263,8846,17632,17725,13973,17131,21795,2246,150,19456,1,25:47
2024-25,1631222,Jake LaRavia,Jake,1610612758,SAC,Sacramento Kings,0022400927,2025-03-09T00:00:00,SAC @ LAC,L,30.6,3.5,5.9,0.6,1.2,2.4,0.5,0.0,0.0,0.0,0.0,3.5,3.5,2.4,0.0,3.5,0.0,0.0,2.4,0.0,8.2,-3.5,26.6,0,0,22.4,1,13222,1,13222,7219,18253,22726,5394,13495,18898,3944,13505,14344,13505,14058,15146,18491,15043,16469,2207,8263,8846,13424,17725,19720,14812,17223,2246,150,19453,1,30:36
2024-25,1629631,De'Andre Hunter,De'Andre,1610612739,CLE,Cleveland Cavaliers,0022400922,2025-03-09T00:00:00,CLE @ MIL,W,18.666666666666668,3.9,11.6,0.333,1.9,7.7,0.25,1.9,3.9,0.5,1.9,3.9,5.8,3.9,0.0,0.0,0.0,0.0,1.9,3.9,11.6,-3.9,24.3,0,0,23.1,1,1,13086,1,17057,17431,14355,17395,10510,6975,11902,10872,8119,10625,8714,14165,12794,10353,16469,12854,8263,8846,15529,6688,16598,14980,18747,2246,150,18899,1,18:40
2024-25,1641871,Duop Reath,Duop,1610612757,POR,Portland Trail Blazers,0022400926,2025-03-09T00:00:00,POR vs. DET,L,25.4,1.4,12.8,0.111,1.4,11.3,0.125,2.8,2.8,1.0,2.8,1.4,4.3,1.4,0.0,4.3,0.0,1.4,2.8,2.8,7.1,15.6,27.1,0,0,22.7,1,13222,1,13222,11651,22272,12284,22520,12379,2228,14886,8256,10404,1,5768,21045,16672,18282,16469,1415,8263,5116,11484,9845,20651,5395,16889,2246,150,19232,1,25:24
2024-25,101108,Chris Paul,Chris,1610612759,SAS,San Antonio Spurs,0022400925,2025-03-09T00:00:00,SAS @ MIN,L,25.333333333333332,4.3,7.1,0.6,1.4,1.4,1.0,0.0,0.0,0.0,0.0,1.4,1.4,9.9,0.0,2.8,1.4,0.0,0.0,2.8,9.9,-15.6,39.4,0,0,31.3,1,13222,1,13222,11714,16419,21431,5394,12362,20358,1,13505,14344,13505,14058,21036,22664,1469,16469,3568,5144,8846,20257,9805,18204,20132,8161,2246,150,12958,1,25:20
2024-25,1630183,Jaden McDaniels,Jaden,1610612750,MIN,Minnesota Timberwolves,0022400925,2025-03-09T00:00:00,MIN vs. SAS,W,30.266666666666666,8.3,14.3,0.583,2.4,3.6,0.667,0.0,0.0,0.0,2.4,2.4,4.8,8.3,1.2,2.4,0.0,1.2,1.2,0.0,19.0,7.1,43.2,0,0,39.3,1,1,13086,1,7529,5933,9734,6296,8555,16514,1957,13505,14344,13505,6985,18545,15410,2581,14518,4764,8263,6339,18593,17725,8822,9075,6049,2246,150,7237,1,30:16
2024-25,1630198,Isaiah Joe,Isaiah,1610612760,OKC,Oklahoma City Thunder,0022400920,2025-03-09T00:00:00,OKC vs. DEN,W,12.795,5.6,11.3,0.5,2.8,5.6,0.5,0.0,0.0,0.0,0.0,0.0,0.0,5.6,0.0,0.0,0.0,2.8,0.0,2.8,14.1,-16.9,22.5,0,0,22.5,1,1,13086,1,20846,12626,14922,8526,7175,11641,3944,13505,14344,13505,14058,22137,23286,6194,16469,12854,8263,1585,20257,9921,13873,20575,19867,2246,150,19351,1,12:48
2024-25,1630595,Cade Cunningham,Cade,1610612765,DET,Detroit Pistons,0022400926,2025-03-09T00:00:00,DET @ POR,W,36.19166666666667,9.0,16.9,0.529,2.0,4.0,0.5,8.0,9.0,0.889,1.0,3.0,4.0,5.0,8.0,0.0,0.0,0.0,3.0,7.0,27.9,9.0,32.1,0,0,38.8,1,1,13086,1,2544,4805,5903,8281,10212,15622,3944,1430,1898,6857,13303,16789,17362,7529,599,12854,8263,8846,10796,1684,2837,8204,13235,2246,150,7523,1,36:12
2024-25,1630231,KJ Martin,KJ,1610612762,UTA,Utah Jazz,0022400924,2025-03-09T00:00:00,UTA @ PHI,L,35.821666666666665,5.0,8.0,0.625,1.0,2.0,0.5,3.0,3.0,1.0,2.0,5.0,7.0,3.0,0.0,0.0,2.0,0.0,5.0,3.0,14.1,5.0,33.1,0,0,29.1,1,13222,1,13222,2810,14308,20191,4899,14524,19536,3944,7761,9936,1,8349,10812,10096,12875,16469,12854,3458,8846,4553,9183,13871,10093,12542,2246,150,14592,1,35:49
2024-25,1642348,Justin Edwards,Justin,1610612755,PHI,Philadelphia 76ers,0022400924,2025-03-09T00:00:00,PHI vs. UTA,W,28.703333333333333,3.8,16.3,0.231,1.3,10.0,0.125,5.0,5.0,1.0,1.3,3.8,5.0,2.5,2.5,1.3,0.0,1.3,5.0,2.5,13.8,-42.6,24.8,0,0,25.1,1,1,13086,1,8919,17670,6679,21157,13078,3453,14886,4011,5890,1,11464,14441,14751,14520,8219,9771,8263,5913,4570,10966,14167,25026,18399,2246,150,17617,1,28:42
2024-25,1631114,Jalen Williams,Jalen,1610612760,OKC,Oklahoma City Thunder,0022400920,2025-03-09T00:00:00,OKC vs. DEN,W,38.18333333333333,6.6,13.2,0.5,1.9,3.8,0.5,9.4,10.4,0.909,1.9,6.6,8.5,7.5,0.9,1.9,0.9,0.9,0.0,5.7,24.5,16.0,53.6,0,0,48.1,1,1,13086,1,1281,9930,11483,8526,10697,16058,3944,868,1230,6764,8878,7107,7492,3342,16180,6831,7875,8394,20257,3106,4481,5238,2314,2246,150,3114,1,38:11
2024-25,1628398,Kyle Kuzma,Kyle,1610612749,MIL,Milwaukee Bucks,0022400922,2025-03-09T00:00:00,MIL vs. CLE,L,31.983333333333334,6.8,14.6,0.462,2.3,5.6,0.4,0.0,0.0,0.0,0.0,6.8,6.8,1.1,4.5,1.1,0.0,1.1,1.1,1.1,15.8,-13.5,24.4,0,0,28.1,1,13222,1,13222,5982,9552,9154,12428,9041,11638,7874,13505,14344,13505,14058,6784,10628,19272,2998,10817,8263,6830,18958,16798,12168,19307,18671,2246,150,15335,1,31:59
2024-25,1629022,Lonnie Walker IV,Lonnie,1610612755,PHI,Philadelphia 76ers,0022400924,2025-03-09T00:00:00,PHI vs. UTA,W,34.05,8.5,19.0,0.444,3.2,9.5,0.333,6.3,6.3,1.0,1.1,10.6,11.6,5.3,2.1,1.1,0.0,1.1,1.1,5.3,26.4,8.5,49.4,1,0,48.6,1,1,13086,1,4210,5694,3728,13045,6028,4079,9209,2544,4073,1,12811,2175,3820,6854,9933,11423,8263,7429,19361,3652,3464,8414,3472,1,150,2942,1,34:03
2024-25,203471,Dennis Schröder,Dennis,1610612765,DET,Detroit Pistons,0022400926,2025-03-09T00:00:00,DET @ POR,W,24.016666666666666,4.5,15.0,0.3,0.0,4.5,0.0,9.0,9.0,1.0,0.0,6.0,6.0,6.0,0.0,1.5,0.0,0.0,7.5,9.0,18.0,-4.5,38.7,0,0,33.0,1,1,13086,1,12885,15793,8633,19363,15070,14432,15070,1008,1875,1,14058,8337,12297,5514,16469,8412,8263,8846,1647,663,9857,15324,8615,2246,150,11664,1,24:01
2024-25,1641729,Brice Sensabaugh,Brice,1610612762,UTA,Utah Jazz,0022400924,2025-03-09T00:00:00,UTA @ PHI,L,30.566666666666666,5.9,14.1,0.417,4.7,8.2,0.571,0.0,0.0,0.0,1.2,4.7,5.9,4.7,2.4,2.4,0.0,1.2,1.2,0.0,16.5,16.5,35.3,0,0,36.5,1,13222,1,13222,7262,11833,9948,14532,2713,6000,3506,13505,14344,13505,11939,11670,12546,8159,8832,4845,8263,6420,18671,17725,11400,5075,10845,2246,150,9040,1,30:34
2024-25,1629652,Luguentz Dort,Luguentz,1610612760,OKC,Oklahoma City Thunder,0022400920,2025-03-09T00:00:00,OKC vs. DEN,W,30.3,2.4,9.5,0.25,2.4,5.9,0.4,0.0,0.0,0.0,2.4,4.8,7.1,3.6,1.2,1.2,1.2,1.2,1.2,1.2,7.1,13.1,27.0,0,0,25.0,1,1,13086,1,7493,20712,17940,20233,8561,10838,7874,13505,14344,13505,6997,11564,9893,11191,14534,10283,6251,6352,18603,16460,20611,6367,16974,2246,150,17727,1,30:18
2024-25,1641722,Jordan Hawkins,Jordan,1610612740,NOP,New Orleans Pelicans,0022400923,2025-03-09T00:00:00,NOP vs. MEM,L,23.878333333333334,7.5,15.1,0.5,3.0,7.5,0.4,0.0,0.0,0.0,1.5,6.0,7.5,0.0,1.5,0.0,0.0,0.0,0.0,1.5,18.1,-18.1,25.6,0,0,28.6,1,13222,1,13222,13013,7673,8474,8526,6450,7310,7874,13505,14344,13505,10290,8265,9098,19908,12715,12854,8263,8846,20257,14977,9745,20961,17861,2246,150,14969,1,23:53
2024-25,202695,Kawhi Leonard,Kawhi,1610612746,LAC,LA Clippers,0022400927,2025-03-09T00:00:00,LAC vs. SAC,W,40.18333333333333,6.3,17.0,0.368,0.9,6.3,0.143,1.8,3.6,0.5,0.0,3.6,3.6,1.8,1.8,0.9,0.9,0.0,1.8,4.5,15.2,-2.7,25.8,0,0,25.1,1,1,13086,1,517,10796,5785,16823,14972,10042,14649,11257,8719,10625,14058,14976,18359,17108,11587,12684,8100,8846,16222,5190,12677,14398,17745,2246,150,17616,1,40:11
2024-25,1629626,Bol Bol,Bol,1610612756,PHX,Phoenix Suns,0022400921,2025-03-09T00:00:00,PHX @ DAL,W,17.316666666666666,6.2,10.4,0.6,0.0,2.1,0.0,0.0,0.0,0.0,4.2,6.2,10.4,2.1,0.0,0.0,0.0,0.0,2.1,0.0,12.5,8.3,28.1,0,0,24.9,1,1,13086,1,18060,10871,16395,5394,15070,19405,15070,13505,14344,13505,3357,7816,5012,16075,16469,12854,8263,8846,14708,17725,15627,8480,16169,2246,150,17729,1,17:19
2024-25,203084,Harrison Barnes,Harrison,1610612759,SAS,San Antonio Spurs,0022400925,2025-03-09T00:00:00,SAS @ MIN,L,21.55,6.7,13.4,0.5,3.3,8.4,0.4,8.4,8.4,1.0,1.7,1.7,3.3,1.7,1.7,0.0,0.0,0.0,5.0,5.0,25.1,-20.0,29.9,0,0,33.4,1,13222,1,13222,14889,9728,11194,8526,5539,5822,7874,1252,2292,1,9673,20516,18889,17441,12041,12854,8263,8846,4577,4094,4187,21564,14872,2246,150,11306,1,21:33
2024-25,1631104,Blake Wesley,Blake,1610612759,SAS,San Antonio Spurs,0022400925,2025-03-09T00:00:00,SAS @ MIN,L,8.616666666666667,4.2,8.4,0.5,0.0,4.2,0.0,0.0,0.0,0.0,0.0,4.2,4.2,12.5,8.4,4.2,0.0,0.0,8.4,0.0,8.4,33.4,36.3,0,0,33.4,1,13222,1,13222,22589,16650,19713,8526,15070,15174,15070,13505,14344,13505,14058,13169,16857,607,525,1473,8263,8846,1200,17725,19618,1582,10119,2246,150,11295,1,8:37
2024-25,203999,Nikola Jokić,Nikola,1610612743,DEN,Denver Nuggets,0022400920,2025-03-09T00:00:00,DEN @ OKC,L,41.233333333333334,8.7,20.1,0.435,1.7,8.7,0.2,1.7,5.2,0.333,1.7,9.6,11.4,7.9,1.7,0.9,2.6,1.7,2.6,5.2,21.0,-11.4,55.1,1,0,48.9,1,13222,1,13222,334,5216,2906,13702,11263,5217,13429,11336,5544,13132,9426,2914,4092,3042,11757,12750,2198,4034,12362,3719,7124,18457,1970,1,150,2858,1,41:14
2024-25,1641717,Cason Wallace,Cason,1610612760,OKC,Oklahoma City Thunder,0022400920,2025-03-09T00:00:00,OKC vs. DEN,W,16.85,2.1,10.7,0.2,2.1,8.5,0.25,4.3,4.3,1.0,0.0,0.0,0.0,2.1,0.0,0.0,6.4,2.1,4.3,2.1,10.7,23.5,33.1,0,0,27.8,1,1,13086,1,18354,21168,15920,21401,9521,5502,11902,5209,7261,1,14058,22137,23286,15864,16469,12854,251,2811,6364,12453,17496,3147,12502,2246,150,15598,1,16:51
2024-25,202687,Bismack Biyombo,Bismack,1610612759,SAS,San Antonio Spurs,0022400925,2025-03-09T00:00:00,SAS @ MIN,L,17.7,10.2,10.2,1.0,0.0,0.0,0.0,0.0,0.0,0.0,4.1,4.1,8.1,0.0,2.0,0.0,0.0,0.0,2.0,2.0,20.3,-8.1,28.1,0,0,28.5,1,13222,1,13222,17779,3046,16782,1,15070,20945,15070,13505,14344,13505,3496,13515,8031,19908,10335,12854,8263,8846,14948,12911,7625,17029,16168,2246,150,15091,1,17:42
2024-25,1626164,Devin Booker,Devin,1610612756,PHX,Phoenix Suns,0022400921,2025-03-09T00:00:00,PHX @ DAL,W,37.63333333333333,9.6,20.1,0.476,0.0,5.7,0.0,3.8,3.8,1.0,0.0,2.9,2.9,5.7,1.0,1.0,0.0,0.0,2.9,2.9,23.0,7.7,36.9,0,0,33.5,1,1,13086,1,1610,3782,2896,12010,15070,11360,15070,6030,8187,1,14058,17178,20064,5969,16109,12297,8263,8846,11311,9690,5515,8801,9753,2246,150,11259,1,37:38
2024-25,201572,Brook Lopez,Brook,1610612749,MIL,Milwaukee Bucks,0022400922,2025-03-09T00:00:00,MIL vs. CLE,L,29.966666666666665,2.4,6.0,0.4,1.2,4.8,0.25,2.4,2.4,1.0,4.8,6.0,10.8,0.0,3.6,0.0,2.4,0.0,4.8,1.2,8.4,-7.2,25.0,0,0,25.2,1,13222,1,13222,7812,20657,22585,14933,13356,13690,11902,9327,11479,1,2554,8302,4585,19908,4769,12854,2545,8846,5042,16394,19591,16595,18302,2246,150,17490,1,29:58
2024-25,203992,Bogdan Bogdanović,Bogdan,1610612746,LAC,LA Clippers,0022400927,2025-03-09T00:00:00,LAC vs. SAC,W,22.765,4.7,7.9,0.6,1.6,1.6,1.0,3.2,3.2,1.0,0.0,3.2,3.2,6.3,1.6,0.0,1.6,0.0,3.2,1.6,14.2,-4.7,30.7,0,0,28.5,1,1,13086,1,13902,15139,20405,5394,11749,20190,1,7410,9588,1,14058,16219,19332,4991,12415,12854,4603,8846,10029,14689,13694,15442,14292,2246,150,15100,1,22:46
2024-25,202684,Tristan Thompson,Tristan,1610612739,CLE,Cleveland Cavaliers,0022400922,2025-03-09T00:00:00,CLE @ MIL,W,3.05,11.8,35.4,0.333,0.0,0.0,0.0,0.0,0.0,0.0,11.8,11.8,23.6,0.0,0.0,0.0,0.0,0.0,0.0,0.0,23.6,-82.6,51.9,0,0,47.2,1,1,13086,1,24957,1654,128,17395,15070,20945,15070,13505,14344,13505,252,1465,242,19908,16469,12854,8263,8846,20257,17725,5048,26029,2717,2246,150,3394,1,3:03
2024-25,203482,Kelly Olynyk,Kelly,1610612740,NOP,New Orleans Pelicans,0022400923,2025-03-09T00:00:00,NOP vs. MEM,L,31.185,4.6,8.1,0.571,0.0,3.5,0.0,4.6,6.9,0.667,1.2,3.5,4.6,4.6,1.2,2.3,0.0,0.0,4.6,4.6,13.9,11.5,32.1,0,0,27.7,1,13222,1,13222,6714,15445,20121,6538,15070,16725,15070,4652,3446,9425,12074,15341,15780,8372,14764,5006,8263,8846,5499,4904,14096,6986,13259,2246,150,15634,1,31:11
2024-25,1629750,Javonte Green,Javonte,1610612739,CLE,Cleveland Cavaliers,0022400922,2025-03-09T00:00:00,CLE @ MIL,W,3.05,11.8,23.6,0.5,11.8,23.6,0.5,0.0,0.0,0.0,0.0,0.0,0.0,0.0,0.0,0.0,0.0,0.0,0.0,11.8,35.4,-82.6,35.4,0,0,47.2,1,1,13086,1,24957,1654,1186,8526,137,132,3944,13505,14344,13505,14058,22137,23286,19908,16469,12854,8263,8846,20257,209,911,26029,10791,2246,150,3394,1,3:03
2024-25,1641753,Chris Livingston,Chris,1610612749,MIL,Milwaukee Bucks,0022400922,2025-03-09T00:00:00,MIL vs. CLE,L,3.05,11.8,11.8,1.0,0.0,0.0,0.0,0.0,0.0,0.0,0.0,0.0,0.0,0.0,0.0,11.8,0.0,0.0,0.0,0.0,23.6,82.6,59.0,0,0,47.2,1,13222,1,13222,24957,1654,13924,1,15070,20945,15070,13505,14344,13505,14058,22137,23286,19908,16469,75,8263,8846,20257,17725,5048,137,1328,2246,150,3394,1,3:03
2024-25,1628386,Jarrett Allen,Jarrett,1610612739,CLE,Cleveland Cavaliers,0022400922,2025-03-09T00:00:00,CLE @ MIL,W,30.46,5.9,7.1,0.833,0.0,0.0,0.0,1.2,2.4,0.5,2.4,4.7,7.1,3.5,1.2,3.5,1.2,0.0,3.5,2.4,13.0,10.6,39.8,0,0,33.1,1,1,13086,1,7363,11780,21450,1514,15070,20945,15070,12661,11588,10625,7035,11619,9974,11261,14568,2185,6292,8846,8621,11486,15092,7400,7861,2246,150,11580,1,30:28
2024-25,203081,Damian Lillard,Damian,1610612749,MIL,Milwaukee Bucks,0022400922,2025-03-09T00:00:00,MIL vs. CLE,L,34.8,8.3,19.7,0.421,1.0,7.2,0.143,5.2,6.2,0.833,1.0,4.1,5.2,4.1,2.1,2.1,0.0,0.0,2.1,6.2,22.8,-8.3,39.3,0,0,37.2,1,13222,1,13222,3612,6026,3222,14442,14341,7955,14649,3795,4219,7275,12986,13309,14335,9551,10159,5914,8263,8846,14758,2382,5657,17084,8191,2246,150,8546,1,34:48
2024-25,1641842,Ronald Holland II,Ronald,1610612765,DET,Detroit Pistons,0022400926,2025-03-09T00:00:00,DET @ POR,W,10.083333333333334,3.6,10.7,0.333,0.0,0.0,0.0,3.6,3.6,1.0,0.0,3.6,3.6,3.6,0.0,0.0,3.6,0.0,0.0,3.6,10.7,-3.6,31.1,0,0,25.0,1,1,13086,1,22077,18153,15864,17395,15070,20945,15070,6552,8742,1,14058,15025,18399,11170,16469,12854,1176,8846,20257,7477,17464,14828,14015,2246,150,17685,1,10:05
2024-25,202691,Klay Thompson,Klay,1610612742,DAL,Dallas Mavericks,0022400921,2025-03-09T00:00:00,DAL vs. PHX,L,31.783333333333335,9.1,22.7,0.4,5.7,15.9,0.357,5.7,5.7,1.0,0.0,5.7,5.7,4.5,2.3,1.1,0.0,0.0,1.1,2.3,29.4,-12.5,44.2,0,0,47.6,1,13222,1,13222,6172,4587,1523,14933,1597,542,9188,3231,4952,1,14058,9134,13125,8572,9232,10738,8263,8846,18901,11877,2279,18925,5589,2246,150,3280,1,31:47
2024-25,1630208,Nick Richards,Nick,1610612756,PHX,Phoenix Suns,0022400921,2025-03-09T00:00:00,PHX @ DAL,W,18.916666666666668,11.4,13.3,0.857,0.0,0.0,0.0,3.8,3.8,1.0,1.9,15.2,17.1,0.0,3.8,0.0,1.9,0.0,5.7,1.9,26.6,-5.7,49.1,0,0,47.6,1,1,13086,1,16893,1924,11262,1412,15070,20945,15070,6067,8233,1,8797,528,1094,19908,4301,12854,3752,8846,3374,13496,3366,15927,3586,2246,150,3279,1,18:55
2024-25,1628392,Isaiah Hartenstein,Isaiah,1610612760,OKC,Oklahoma City Thunder,0022400920,2025-03-09T00:00:00,OKC vs. DEN,W,31.19,5.8,6.9,0.833,0.0,0.0,0.0,0.0,0.0,0.0,1.2,11.5,12.7,1.2,1.2,0.0,0.0,0.0,4.6,0.0,11.5,2.3,27.4,1,0,25.4,1,1,13086,1,6711,12199,21638,1514,15070,20945,15070,13505,14344,13505,12076,1602,3003,19170,14767,12854,8263,8846,5501,17725,16625,11460,16693,1,150,17364,1,31:11
2024-25,1631260,AJ Green,AJ,1610612749,MIL,Milwaukee Bucks,0022400922,2025-03-09T00:00:00,MIL vs. CLE,L,19.583333333333332,1.8,5.5,0.333,0.0,3.7,0.0,0.0,0.0,0.0,0.0,5.5,5.5,0.0,1.8,0.0,0.0,0.0,3.7,0.0,3.7,-14.7,8.5,0,0,9.2,1,13222,1,13222,16344,21688,23079,17395,15070,16271,15070,13505,14344,13505,14058,9489,13499,19908,11371,12854,8263,8846,8179,17725,22702,19788,24637,2246,150,24571,1,19:35
2024-25,1627752,Taurean Prince,Taurean,1610612749,MIL,Milwaukee Bucks,0022400922,2025-03-09T00:00:00,MIL vs. CLE,L,29.766666666666666,2.4,8.5,0.286,2.4,7.3,0.333,0.0,0.0,0.0,0.0,2.4,2.4,3.6,2.4,1.2,0.0,0.0,2.4,0.0,7.3,-20.6,16.8,0,0,18.1,1,13222,1,13222,7993,20619,19544,19630,8417,7922,9209,13505,14344,13505,14058,18430,20966,11000,8576,10097,8263,8846,13116,17725,20524,21715,22558,2246,150,21799,1,29:46
2024-25,1630545,Terrence Shannon Jr.,Terrence,1610612750,MIN,Minnesota Timberwolves,0022400925,2025-03-09T00:00:00,MIN vs. SAS,W,7.75,0.0,4.6,0.0,0.0,4.6,0.0,0.0,0.0,0.0,0.0,9.3,9.3,0.0,0.0,0.0,0.0,0.0,4.6,0.0,0.0,-9.3,11.1,0,0,9.3,1,1,13086,1,22906,22635,23720,22635,15070,14100,15070,13505,14344,13505,14058,3213,6329,19908,16469,12854,8263,8846,5424,17725,23200,17575,24213,2246,150,24559,1,7:45
2024-25,1627739,Kris Dunn,Kris,1610612746,LAC,LA Clippers,0022400927,2025-03-09T00:00:00,LAC vs. SAC,W,27.371666666666666,2.6,9.2,0.286,0.0,5.3,0.0,0.0,0.0,0.0,0.0,2.6,2.6,5.3,1.3,1.3,1.3,0.0,6.6,0.0,5.3,5.3,22.9,0,0,18.4,1,1,13086,1,10045,20224,18396,19630,15070,12565,15070,13505,14344,13505,14058,17875,20584,6910,13738,9382,5586,8846,2342,17725,21873,9975,19630,2246,150,21667,1,27:22
2024-25,1631246,Vince Williams Jr.,Vince,1610612763,MEM,Memphis Grizzlies,0022400923,2025-03-09T00:00:00,MEM @ NOP,W,23.966666666666665,4.5,18.0,0.25,1.5,12.0,0.125,0.0,0.0,0.0,3.0,3.0,6.0,3.0,1.5,0.0,1.5,1.5,1.5,1.5,10.5,-10.5,25.2,0,0,24.0,1,1,13086,1,12929,15759,4634,20233,12020,1774,14886,13505,14344,13505,5319,16702,12252,12906,12731,12854,4840,4771,17208,14993,17651,18110,18122,2246,150,18302,1,23:58
2024-25,1641713,GG Jackson,GG,1610612763,MEM,Memphis Grizzlies,0022400923,2025-03-09T00:00:00,MEM @ NOP,W,11.695,0.0,12.3,0.0,0.0,12.3,0.0,0.0,0.0,0.0,0.0,3.1,3.1,0.0,3.1,0.0,0.0,0.0,3.1,3.1,0.0,3.1,0.6,0,0,3.1,1,1,13086,1,21420,22635,13054,22635,15070,1614,15070,13505,14344,13505,14058,16471,19533,19908,6195,12854,8263,8846,10364,8968,23200,11075,25219,2246,150,25229,1,11:42
2024-25,201587,Nicolas Batum,Nicolas,1610612746,LAC,LA Clippers,0022400927,2025-03-09T00:00:00,LAC vs. SAC,W,27.966666666666665,3.9,3.9,1.0,3.9,3.9,1.0,0.0,0.0,0.0,0.0,5.1,5.1,0.0,0.0,0.0,1.3,0.0,1.3,0.0,11.6,2.6,21.6,0,0,23.2,1,1,13086,1,9569,17422,24153,1,4292,15875,1,13505,14344,13505,14058,10422,14400,19908,16469,12854,5704,8846,18085,17725,16586,11329,20349,2246,150,18875,1,27:58
2024-25,1629634,Brandon Clarke,Brandon,1610612763,MEM,Memphis Grizzlies,0022400923,2025-03-09T00:00:00,MEM @ NOP,W,16.72833333333333,2.2,8.6,0.25,0.0,0.0,0.0,0.0,0.0,0.0,4.3,6.5,10.8,0.0,2.2,2.2,2.2,0.0,6.5,0.0,4.3,4.3,28.0,0,0,23.7,1,1,13086,1,18442,21137,19346,20233,15070,20945,15070,13505,14344,13505,3160,7400,4638,19908,9717,5582,3062,8846,2435,17725,22405,10479,16248,2246,150,18561,1,16:44
2024-25,1629004,Svi Mykhailiuk,Svi,1610612762,UTA,Utah Jazz,0022400924,2025-03-09T00:00:00,UTA @ PHI,L,19.133333333333333,0.0,3.8,0.0,0.0,3.8,0.0,0.0,0.0,0.0,1.9,0.0,1.9,1.9,0.0,1.9,0.0,0.0,0.0,0.0,0.0,-54.6,10.7,0,0,7.5,1,13222,1,13222,16723,22635,24200,22635,15070,16073,15070,13505,14344,13505,8887,22137,22034,16811,16469,6850,8263,8846,20257,17725,23200,25556,24295,2246,150,24830,1,19:08
2024-25,1629599,Amir Coffey,Amir,1610612746,LAC,LA Clippers,0022400927,2025-03-09T00:00:00,LAC vs. SAC,W,27.366666666666667,1.3,5.3,0.25,0.0,2.6,0.0,0.0,0.0,0.0,0.0,0.0,0.0,0.0,0.0,0.0,0.0,0.0,3.9,2.6,2.6,-1.3,2.6,0,0,2.6,1,1,13086,1,10046,22388,23283,20233,15070,18393,15070,13505,14344,13505,14058,22137,23286,19908,16469,12854,8263,8846,7289,10540,23042,13725,25140,2246,150,25243,1,27:22
2024-25,1630625,Dalano Banton,Dalano,1610612757,POR,Portland Trail Blazers,0022400926,2025-03-09T00:00:00,POR vs. DET,L,15.033333333333333,2.4,9.6,0.25,0.0,4.8,0.0,0.0,0.0,0.0,2.4,2.4,4.8,4.8,0.0,2.4,0.0,2.4,2.4,0.0,4.8,-2.4,24.9,0,0,19.2,1,13222,1,13222,19532,20676,17811,20233,15070,13731,15070,13505,14344,13505,6937,18501,15322,7944,16469,4710,8263,2235,13233,17725,22136,14255,18356,2246,150,21307,1,15:02
2024-25,203915,Spencer Dinwiddie,Spencer,1610612742,DAL,Dallas Mavericks,0022400921,2025-03-09T00:00:00,DAL vs. PHX,L,29.426666666666666,2.4,7.3,0.333,0.0,3.7,0.0,0.0,2.4,0.0,0.0,1.2,1.2,2.4,0.0,0.0,0.0,0.0,1.2,1.2,4.9,-11.0,10.0,0,0,8.6,1,13222,1,13222,8293,20561,21156,17395,15070,16287,15070,13505,11346,13505,14058,21460,22915,14714,16469,12854,8263,8846,18413,16280,22067,18325,24411,2246,150,24671,1,29:26
2024-25,1626162,Kelly Oubre Jr.,Kelly,1610612755,PHI,Philadelphia 76ers,0022400924,2025-03-09T00:00:00,PHI vs. UTA,W,19.596666666666668,5.5,12.9,0.429,0.0,3.7,0.0,0.0,0.0,0.0,0.0,3.7,3.7,3.7,0.0,0.0,0.0,0.0,7.3,1.8,11.0,-12.9,20.9,0,0,18.4,1,1,13086,1,16340,12957,12105,13735,15070,16278,15070,13505,14344,13505,14058,14720,18147,10866,16469,12854,8263,8846,1743,13786,17161,19081,20719,2246,150,21680,1,19:36
2024-25,1630526,Jeremiah Robinson-Earl,Jeremiah,1610612740,NOP,New Orleans Pelicans,0022400923,2025-03-09T00:00:00,NOP vs. MEM,L,8.983333333333333,0.0,12.0,0.0,0.0,4.0,0.0,0.0,0.0,0.0,0.0,4.0,4.0,4.0,0.0,0.0,0.0,0.0,4.0,0.0,0.0,-36.1,10.8,0,0,8.0,1,13222,1,13222,22457,22635,13546,22635,15070,15569,15070,13505,14344,13505,14058,13695,17297,9915,16469,12854,8263,8846,7118,17725,23200,24532,24275,2246,150,24765,1,8:59
2024-25,1630171,Isaac Okoro,Isaac,1610612739,CLE,Cleveland Cavaliers,0022400922,2025-03-09T00:00:00,CLE @ MIL,W,16.083333333333332,4.5,6.7,0.667,2.2,4.5,0.5,0.0,0.0,0.0,2.2,0.0,2.2,2.2,2.2,0.0,0.0,0.0,2.2,0.0,11.2,24.6,15.0,0,0,17.9,1,1,13086,1,18872,15847,21877,3281,9090,14504,3944,13505,14344,13505,7461,22137,21340,15483,9353,12854,8263,8846,13932,17725,16999,2895,23179,2246,150,21912,1,16:05
2024-25,1627824,Guerschon Yabusele,Guerschon,1610612755,PHI,Philadelphia 76ers,0022400924,2025-03-09T00:00:00,PHI vs. UTA,W,11.65,0.0,9.3,0.0,0.0,6.2,0.0,0.0,0.0,0.0,3.1,3.1,6.2,0.0,3.1,0.0,0.0,0.0,3.1,3.1,0.0,-55.6,4.3,0,0,6.2,1,1,13086,1,21433,22635,18308,22635,15070,10239,15070,13505,14344,13505,5147,16435,11872,19908,6152,12854,8263,8846,10308,8918,23200,25581,25059,2246,150,24988,1,11:39
2024-25,1641738,Kobe Brown,Kobe,1610612746,LAC,LA Clippers,0022400927,2025-03-09T00:00:00,LAC vs. SAC,W,4.083333333333333,8.8,8.8,1.0,0.0,0.0,0.0,0.0,0.0,0.0,0.0,0.0,0.0,0.0,0.0,0.0,0.0,0.0,17.6,0.0,17.6,0.0,17.6,0,0,17.6,1,1,13086,1,24444,5036,18989,1,15070,20945,15070,13505,14344,13505,14058,22137,23286,19908,16469,12854,8263,8846,162,17725,10179,12240,22246,2246,150,22014,1,4:05
2024-25,1631105,Jalen Duren,Jalen,1610612765,DET,Detroit Pistons,0022400926,2025-03-09T00:00:00,DET @ POR,W,28.583333333333332,8.8,12.6,0.7,0.0,0.0,0.0,5.0,5.0,1.0,2.5,12.6,15.1,2.5,1.3,2.5,0.0,2.5,6.3,2.5,22.7,11.3,50.9,1,0,45.3,1,1,13086,1,9046,5036,12585,3045,15070,20945,15070,3971,5843,1,6551,1127,1720,14473,14040,4329,8263,2012,2605,10919,5726,7082,3017,1,150,4092,1,28:35
2024-25,1641744,Zach Edey,Zach,1610612763,MEM,Memphis Grizzlies,0022400923,2025-03-09T00:00:00,MEM @ NOP,W,22.623333333333335,4.8,11.1,0.429,0.0,0.0,0.0,0.0,0.0,0.0,11.1,8.0,19.1,3.2,0.0,1.6,1.6,1.6,3.2,0.0,9.5,-11.1,46.8,0,0,38.2,1,1,13086,1,14012,15041,15130,13735,15070,20945,15070,13505,14344,13505,299,4767,683,12384,16469,8025,4584,4459,9936,17725,18593,18382,4410,2246,150,7908,1,22:37
2024-25,203957,Danté Exum,Danté,1610612742,DAL,Dallas Mavericks,0022400921,2025-03-09T00:00:00,DAL vs. PHX,L,21.84,8.2,13.2,0.625,3.3,4.9,0.667,0.0,0.0,0.0,1.6,1.6,3.3,3.3,0.0,1.6,0.0,0.0,4.9,0.0,19.8,-23.1,33.6,0,0,33.0,1,13222,1,13222,14626,6108,11504,4899,5676,13328,1957,13505,14344,13505,9754,20571,19000,11995,16469,7825,8263,8846,4741,17725,8090,22349,12094,2246,150,11675,1,21:50
2024-25,1642269,Devin Carter,Devin,1610612758,SAC,Sacramento Kings,0022400927,2025-03-09T00:00:00,SAC @ LAC,L,12.3,8.8,11.7,0.75,2.9,2.9,1.0,2.9,11.7,0.25,5.9,2.9,8.8,2.9,0.0,0.0,0.0,0.0,2.9,5.9,23.4,-11.7,38.3,0,0,38.0,1,13222,1,13222,21100,5123,14099,2107,6766,17807,1,8020,829,13358,1703,16985,7063,13177,16469,12854,8263,8846,11050,2810,5190,18623,8813,2246,150,7996,1,12:18
2024-25,1629018,Gary Trent Jr.,Gary,1610612749,MIL,Milwaukee Bucks,0022400922,2025-03-09T00:00:00,MIL vs. CLE,L,19.85,1.8,16.3,0.111,1.8,7.3,0.25,3.6,3.6,1.0,1.8,0.0,1.8,0.0,0.0,1.8,0.0,0.0,1.8,1.8,9.1,-12.7,16.7,0,0,16.3,1,13222,1,13222,16140,21728,6645,22520,11021,7926,11902,6437,8636,1,9193,22137,22138,19908,16469,7190,8263,8846,16114,13881,19009,19012,22598,2246,150,22577,1,19:51
2024-25,1631165,Keon Ellis,Keon,1610612758,SAC,Sacramento Kings,0022400927,2025-03-09T00:00:00,SAC @ LAC,L,31.148333333333333,3.5,10.4,0.333,2.3,6.9,0.333,0.0,0.0,0.0,0.0,0.0,0.0,2.3,0.0,1.2,0.0,0.0,2.3,0.0,9.2,2.3,16.2,0,0,16.2,1,13222,1,13222,6752,18391,16382,17395,8815,8603,9209,13505,14344,13505,14058,22137,23286,15192,16469,10537,8263,8846,13599,17725,18865,11458,22778,2246,150,22641,1,31:09
2024-25,1630215,Jared Butler,Jared,1610612755,PHI,Philadelphia 76ers,0022400924,2025-03-09T00:00:00,PHI vs. UTA,W,29.433333333333334,6.1,9.8,0.625,3.7,7.3,0.5,2.4,2.4,1.0,0.0,0.0,0.0,11.0,3.7,1.2,1.2,0.0,3.7,2.4,18.3,19.6,38.5,0,0,37.9,1,1,13086,1,8281,11182,17414,4899,4760,7744,3944,9203,11347,1,14058,22137,23286,1002,4630,9989,6032,8846,8197,11172,9468,4083,8688,2246,150,8078,1,29:26
2024-25,1628997,Caleb Martin,Caleb,1610612742,DAL,Dallas Mavericks,0022400921,2025-03-09T00:00:00,DAL vs. PHX,L,17.733333333333334,2.0,12.2,0.167,0.0,6.1,0.0,2.0,2.0,1.0,2.0,0.0,2.0,4.1,2.0,2.0,0.0,2.0,4.1,2.0,6.1,-20.3,18.7,0,0,16.2,1,13222,1,13222,17752,21346,13288,21938,15070,10461,15070,10530,12634,1,8256,22137,21744,9775,10366,6107,8263,3128,6972,12928,21322,21631,21807,2246,150,22608,1,17:44
2024-25,1631288,Jamal Cain,Jamal,1610612740,NOP,New Orleans Pelicans,0022400923,2025-03-09T00:00:00,NOP vs. MEM,L,11.305,3.2,9.6,0.333,3.2,6.4,0.5,0.0,0.0,0.0,0.0,3.2,3.2,0.0,0.0,0.0,0.0,0.0,3.2,0.0,9.6,73.2,13.4,0,0,15.9,1,13222,1,13222,21584,19023,17852,17395,5997,9826,3944,13505,14344,13505,14058,16146,19279,19908,16469,12854,8263,8846,9925,17725,18586,213,23667,2246,150,22738,1,11:18
2024-25,1630703,Scoot Henderson,Scoot,1610612757,POR,Portland Trail Blazers,0022400926,2025-03-09T00:00:00,POR vs. DET,L,31.583333333333332,4.6,16.0,0.286,1.1,6.8,0.167,6.8,8.0,0.857,2.3,3.4,5.7,2.3,3.4,0.0,0.0,1.1,4.6,5.7,17.1,19.4,23.9,0,0,26.2,1,13222,1,13222,6350,15602,7169,19630,13711,8804,14236,2130,2532,7071,7310,15466,13019,15301,5189,12854,8263,6713,5648,3031,10743,4147,18999,2246,150,16789,1,31:35
2024-25,1630695,Micah Potter,Micah,1610612762,UTA,Utah Jazz,0022400924,2025-03-09T00:00:00,UTA @ PHI,L,16.2,6.7,20.0,0.333,4.4,13.3,0.333,2.2,4.4,0.5,0.0,4.4,4.4,0.0,4.4,2.2,2.2,4.4,4.4,4.4,20.0,-42.2,34.2,0,0,37.8,1,13222,1,13222,18788,9769,2966,17395,3160,1154,9209,9861,6945,10625,14058,12416,16178,19908,3080,5303,2900,497,5902,5250,7917,24997,11637,2246,150,8188,1,16:12
2024-25,1641739,Toumani Camara,Toumani,1610612757,POR,Portland Trail Blazers,0022400926,2025-03-09T00:00:00,POR vs. DET,L,33.233333333333334,2.2,6.5,0.333,1.1,2.2,0.5,2.2,4.3,0.5,1.1,4.3,5.4,5.4,1.1,1.1,2.2,0.0,5.4,4.3,7.6,-13.0,30.9,0,0,26.0,1,13222,1,13222,4963,21107,22114,17395,14052,19227,3944,10060,7137,10625,12604,12704,13770,6597,15248,11157,3026,8846,3826,5512,20258,19129,14146,2246,150,16933,1,33:14
2024-25,203897,Zach LaVine,Zach,1610612758,SAC,Sacramento Kings,0022400927,2025-03-09T00:00:00,SAC @ LAC,L,44.016666666666666,9.8,18.0,0.545,0.8,5.7,0.143,4.1,4.1,1.0,0.8,4.9,5.7,1.6,2.5,0.0,0.0,0.8,0.8,2.5,24.5,4.1,31.4,0,0,32.7,1,13222,1,13222,89,3456,4700,7695,15057,11399,14649,5546,7658,1,14033,11138,12954,17547,8437,12854,8263,8816,20240,11151,4468,10597,13745,2246,150,11866,1,44:01
2024-25,1626220,Royce O'Neale,Royce,1610612756,PHX,Phoenix Suns,0022400921,2025-03-09T00:00:00,PHX @ DAL,W,29.35,2.5,4.9,0.5,2.5,4.9,0.5,0.0,0.0,0.0,1.2,8.6,9.8,3.7,0.0,1.2,0.0,0.0,2.5,0.0,7.4,7.4,28.3,0,0,25.8,1,1,13086,1,8346,20547,23526,8526,8311,13423,3944,13505,14344,13505,11625,3957,5658,10846,16469,9966,8263,8846,12971,17725,20436,8956,15968,2246,150,17101,1,29:21
2024-25,1631128,Christian Braun,Christian,1610612743,DEN,Denver Nuggets,0022400920,2025-03-09T00:00:00,DEN @ OKC,L,32.016666666666666,9.0,16.9,0.533,3.4,5.6,0.6,0.0,1.1,0.0,1.1,2.2,3.4,2.2,1.1,1.1,0.0,5.6,3.4,1.1,21.4,-14.6,31.0,0,0,32.6,1,13222,1,13222,5953,4720,5964,8140,5448,11655,2992,13505,14006,13505,12300,18924,18820,15441,14982,10829,8263,260,9175,16807,6764,19755,14035,2246,150,11933,1,32:01
2024-25,1628960,Grayson Allen,Grayson,1610612756,PHX,Phoenix Suns,0022400921,2025-03-09T00:00:00,PHX @ DAL,W,23.266666666666666,9.3,15.5,0.6,4.6,9.3,0.5,3.1,3.1,1.0,0.0,1.5,1.5,6.2,1.5,0.0,3.1,0.0,0.0,1.5,26.3,6.2,45.2,0,0,44.9,1,1,13086,1,13494,4228,7864,5394,2818,4402,3944,7558,9734,1,14058,20777,22508,5173,12555,12854,1574,8846,20257,14813,3532,9520,5091,2246,150,4323,1,23:16
2024-25,1630314,Brandon Williams,Brandon,1610612742,DAL,Dallas Mavericks,0022400921,2025-03-09T00:00:00,DAL vs. PHX,L,23.606666666666666,7.6,15.2,0.5,1.5,4.6,0.333,3.0,3.0,1.0,1.5,6.1,7.6,7.6,0.0,4.6,0.0,0.0,1.5,1.5,19.8,-1.5,54.1,0,0,45.7,1,13222,1,13222,13225,7451,8179,8526,11946,14257,9209,7673,9848,1,10214,8102,8927,3254,16469,1174,8263,8846,17130,14899,8050,13811,2171,2246,150,3913,1,23:36
2024-25,1629162,Jordan McLaughlin,Jordan,1610612759,SAS,San Antonio Spurs,0022400925,2025-03-09T00:00:00,SAS @ MIN,L,5.616666666666666,12.8,19.2,0.667,6.4,12.8,0.5,0.0,0.0,0.0,0.0,0.0,0.0,6.4,0.0,0.0,0.0,0.0,0.0,0.0,32.0,44.9,41.7,0,0,44.9,1,13222,1,13222,23734,1097,3569,3281,1050,1378,3944,13505,14344,13505,14058,22137,23286,4840,16469,12854,8263,8846,20257,17725,1517,714,6795,2246,150,4326,1,5:37
2024-25,1641740,Jaylen Clark,Jaylen,1610612750,MIN,Minnesota Timberwolves,0022400925,2025-03-09T00:00:00,MIN vs. SAS,W,13.066666666666666,2.8,2.8,1.0,2.8,2.8,1.0,0.0,0.0,0.0,0.0,2.8,2.8,2.8,0.0,0.0,0.0,0.0,0.0,0.0,8.3,0.0,15.7,0,0,16.5,1,1,13086,1,20710,19966,24568,1,7364,18153,1,13505,14344,13505,14058,17546,20345,13733,16469,12854,8263,8846,20257,17725,19682,12240,22950,2246,150,22496,1,13:04
2024-25,1641718,Keyonte George,Keyonte,1610612762,UTA,Utah Jazz,0022400924,2025-03-09T00:00:00,UTA @ PHI,L,33.45,7.5,21.5,0.35,3.2,10.8,0.3,8.6,10.8,0.8,1.1,5.4,6.5,3.2,4.3,3.2,0.0,3.2,2.2,5.4,26.9,-15.1,44.9,0,0,46.3,1,13222,1,13222,4768,7686,2016,17337,5874,2710,11319,1144,1096,7681,12669,9826,11261,12203,3317,2682,8263,1128,14342,3505,3249,19928,5232,2246,150,3721,1,33:27
2024-25,1630548,Johnny Juzang,Johnny,1610612762,UTA,Utah Jazz,0022400924,2025-03-09T00:00:00,UTA @ PHI,L,28.578333333333333,6.3,15.1,0.417,3.8,8.8,0.429,2.5,2.5,1.0,0.0,8.8,8.8,1.3,0.0,0.0,0.0,1.3,2.5,3.8,18.9,1.3,31.4,0,0,32.8,1,13222,1,13222,9057,10721,8399,14532,4506,5071,7394,8995,11162,1,14058,3696,6986,18800,16469,12854,8263,5871,12714,6910,8951,11971,13773,2246,150,11840,1,28:35
2024-25,1626168,Trey Lyles,Trey,1610612758,SAC,Sacramento Kings,0022400927,2025-03-09T00:00:00,SAC @ LAC,L,11.183333333333334,3.2,12.9,0.25,0.0,6.4,0.0,0.0,0.0,0.0,3.2,12.9,16.1,3.2,0.0,0.0,0.0,3.2,0.0,6.4,6.4,-3.2,30.6,0,0,25.8,1,13222,1,13222,21631,18952,12080,20233,15070,9673,15070,13505,14344,13505,4904,1055,1395,12230,16469,12854,8263,1139,20257,2140,21097,14685,14362,2246,150,17104,1,11:11
2024-25,1630188,Jalen Smith,Jalen,1610612741,CHI,Chicago Bulls,0022400916,2025-03-08T00:00:00,CHI @ MIA,W,16.046666666666667,6.7,20.2,0.333,2.2,13.5,0.167,0.0,0.0,0.0,2.2,6.7,9.0,2.2,0.0,0.0,4.5,0.0,2.2,0.0,15.7,-17.9,43.3,0,0,38.1,1,1,13086,1,18899,9622,2831,17395,9076,1113,14236,13505,14344,13505,7447,6829,6786,15461,16469,12854,685,8846,13909,17725,12220,20915,5984,2246,150,7933,1,16:03
2024-25,1630551,Justin Champagnie,Justin,1610612764,WAS,Washington Wizards,0022400915,2025-03-08T00:00:00,WAS @ TOR,W,4.135,0.0,0.0,0.0,0.0,0.0,0.0,0.0,0.0,0.0,0.0,0.0,0.0,0.0,0.0,0.0,8.7,0.0,0.0,0.0,0.0,-52.2,26.1,0,0,17.4,1,1,13086,1,24405,22635,24836,22635,15070,20945,15070,13505,14344,13505,14058,22137,23286,19908,16469,12854,110,8846,20257,17725,23200,25479,17544,2246,150,22130,1,4:08
2024-25,1629627,Zion Williamson,Zion,1610612740,NOP,New Orleans Pelicans,0022400913,2025-03-08T00:00:00,NOP @ HOU,L,27.65,13.0,24.7,0.526,0.0,0.0,0.0,0.0,2.6,0.0,2.6,0.0,2.6,3.9,5.2,2.6,0.0,2.6,2.6,2.6,26.0,-48.2,37.6,0,0,37.8,1,13222,1,13222,9830,1027,887,8379,15070,20945,15070,13505,10964,13505,6334,22137,20633,10210,2106,4132,8263,1870,12416,10630,3658,25324,9269,2246,150,8195,1,27:39
2024-25,1628380,Zach Collins,Zach,1610612741,CHI,Chicago Bulls,0022400916,2025-03-08T00:00:00,CHI @ MIA,W,31.953333333333333,6.8,12.4,0.545,4.5,6.8,0.667,2.3,2.3,1.0,2.3,14.6,16.9,3.4,0.0,0.0,0.0,0.0,2.3,1.1,20.3,14.6,45.6,1,0,45.1,1,1,13086,1,6017,9533,12904,7695,3063,8989,1957,9773,11924,1,7402,634,1145,11738,16469,12854,8263,8846,13862,16792,7680,5763,4885,1,150,4239,1,31:57
2024-25,1626167,Myles Turner,Myles,1610612754,IND,Indiana Pacers,0022400914,2025-03-08T00:00:00,IND @ ATL,L,33.55,4.3,10.7,0.4,0.0,3.2,0.0,6.4,7.5,0.857,3.2,3.2,6.4,2.1,3.2,2.1,2.1,1.1,1.1,6.4,15.0,-5.4,35.6,0,0,32.2,1,13222,1,13222,4683,16344,15836,14933,15070,17231,15070,2461,2899,7071,4902,16024,11302,15836,5764,5614,3085,7281,19255,2138,12880,15770,10631,2246,150,12224,1,33:33
2024-25,1630256,Jae'Sean Tate,Jae'Sean,1610612745,HOU,Houston Rockets,0022400913,2025-03-08T00:00:00,HOU vs. NOP,W,5.516666666666667,6.5,6.5,1.0,0.0,0.0,0.0,13.1,13.1,1.0,6.5,0.0,6.5,0.0,0.0,6.5,0.0,0.0,13.1,6.5,26.1,-26.1,53.5,0,0,45.7,1,1,13086,1,23782,10121,22077,1,15070,20945,15070,261,579,1,1362,22137,11111,19908,16469,367,8263,8846,339,2048,3627,23054,2331,2246,150,3941,1,5:31
2024-25,1628988,Aaron Holiday,Aaron,1610612745,HOU,Houston Rockets,0022400913,2025-03-08T00:00:00,HOU vs. NOP,W,24.183333333333334,10.4,20.8,0.5,6.0,13.4,0.444,3.0,3.0,1.0,0.0,6.0,6.0,3.0,3.0,0.0,0.0,0.0,0.0,3.0,29.8,34.2,38.4,0,0,44.7,1,1,13086,1,12740,2798,2434,8526,1338,1134,7211,7880,10031,1,14058,8438,12396,13007,6569,12854,8263,8846,20257,9340,2169,1477,8768,2246,150,4407,1,24:11
2024-25,1631255,Karlo Matković,Karlo,1610612740,NOP,New Orleans Pelicans,0022400913,2025-03-08T00:00:00,NOP @ HOU,L,23.1,7.8,7.8,1.0,0.0,0.0,0.0,1.6,1.6,1.0,4.7,6.2,10.9,1.6,0.0,1.6,0.0,0.0,6.2,3.1,17.1,-20.3,37.2,0,0,32.7,1,13222,1,13222,13631,7080,20544,1,15070,20945,15070,11674,13434,1,2707,7823,4495,17773,16469,8160,8263,8846,2673,8827,10684,21626,9498,2246,150,11849,1,23:06
2024-25,1630570,Trendon Watford,Trendon,1610612751,BKN,Brooklyn Nets,0022400912,2025-03-08T00:00:00,BKN @ CHA,L,21.131666666666668,8.5,18.7,0.455,3.4,13.6,0.25,0.0,0.0,0.0,1.7,5.1,6.8,3.4,3.4,0.0,1.7,0.0,1.7,0.0,20.4,3.4,35.4,0,0,37.5,1,13222,1,13222,15202,5581,3985,12676,5362,1047,11902,13505,14344,13505,9566,10532,10496,11668,5214,12854,4285,8846,16528,17725,7553,10929,10778,2246,150,8380,1,21:08
2024-25,203935,Marcus Smart,Marcus,1610612764,WAS,Washington Wizards,0022400915,2025-03-08T00:00:00,WAS @ TOR,W,17.52166666666667,4.1,14.4,0.286,0.0,4.1,0.0,10.3,12.3,0.833,2.1,0.0,2.1,8.2,0.0,2.1,0.0,0.0,4.1,8.2,18.5,4.1,39.4,0,0,32.9,1,1,13086,1,17907,16825,9564,19630,15070,15322,15070,630,699,7275,8144,22137,21693,2680,16469,5993,8263,8846,6807,921,9326,10590,8107,2246,150,11751,1,17:31
2024-25,1642275,Tidjane Salaün,Tidjane,1610612766,CHA,Charlotte Hornets,0022400912,2025-03-08T00:00:00,CHA vs. BKN,W,18.918333333333333,5.7,15.2,0.375,1.9,7.6,0.25,3.8,3.8,1.0,1.9,3.8,5.7,3.8,1.9,1.9,0.0,3.8,0.0,5.7,17.1,5.7,33.5,0,0,32.3,1,1,13086,1,16892,12393,8211,16299,10625,7150,11902,6071,8237,1,8804,14304,12992,10483,11026,6751,8263,727,20257,3024,10707,9748,12198,2246,150,12108,1,18:55
2024-25,203114,Khris Middleton,Khris,1610612764,WAS,Washington Wizards,0022400915,2025-03-08T00:00:00,WAS @ TOR,W,24.311666666666667,5.9,13.3,0.444,1.5,7.4,0.2,4.4,5.9,0.75,1.5,3.0,4.4,3.0,3.0,3.0,0.0,0.0,1.5,3.0,17.8,10.4,33.5,0,0,32.6,1,1,13086,1,12644,11741,11251,13045,12116,7609,13429,4920,4584,8186,10388,16849,16190,13052,6614,3244,8263,8846,17299,9390,10065,7529,12209,2246,150,11957,1,24:19
2024-25,1641767,Ben Sheppard,Ben,1610612754,IND,Indiana Pacers,0022400914,2025-03-08T00:00:00,IND @ ATL,L,18.683333333333334,3.9,9.6,0.4,0.0,5.8,0.0,1.9,1.9,1.0,1.9,5.8,7.7,0.0,0.0,0.0,0.0,0.0,5.8,1.9,9.6,-28.9,18.9,0,0,17.3,1,13222,1,13222,17048,17438,17704,14933,15070,11251,15070,10876,12914,1,8717,8833,8789,19908,16469,12854,8263,8846,3255,13416,18511,23571,21712,2246,150,22153,1,18:41
2024-25,1631095,Jabari Smith Jr.,Jabari,1610612745,HOU,Houston Rockets,0022400913,2025-03-08T00:00:00,HOU vs. NOP,W,24.608333333333334,8.8,13.2,0.667,2.9,5.9,0.5,0.0,0.0,0.0,1.5,5.9,7.3,1.5,1.5,2.9,0.0,0.0,1.5,1.5,20.5,32.2,38.8,0,0,38.0,1,1,13086,1,12375,5125,11561,3281,6775,11070,3944,13505,14344,13505,10472,8662,9541,18122,12943,3330,8263,8846,17381,15167,7514,1715,8558,2246,150,8005,1,24:37
2024-25,1641842,Ronald Holland II,Ronald,1610612765,DET,Detroit Pistons,0022400919,2025-03-08T00:00:00,DET @ GSW,L,10.55,6.8,17.1,0.4,0.0,6.8,0.0,0.0,0.0,0.0,3.4,0.0,3.4,0.0,0.0,0.0,0.0,0.0,0.0,0.0,13.6,0.0,17.7,0,0,17.1,1,13222,1,13222,21898,9359,5734,14933,15070,8840,15070,13505,14344,13505,4514,22137,18758,19908,16469,12854,8263,8846,20257,17725,14323,12240,22202,2246,150,22278,1,10:33
2024-25,1642267,Bub Carrington,Bub,1610612764,WAS,Washington Wizards,0022400915,2025-03-08T00:00:00,WAS @ TOR,W,20.581666666666667,5.2,15.7,0.333,3.5,8.7,0.4,0.0,0.0,0.0,1.7,1.7,3.5,5.2,3.5,0.0,0.0,3.5,5.2,0.0,14.0,-12.2,22.6,0,0,26.2,1,1,13086,1,15588,13674,7485,17395,5153,5186,7874,13505,14344,13505,9414,20350,18555,6948,5015,12854,8263,916,4112,17725,13945,18837,19839,2246,150,16766,1,20:35
2024-25,1630639,A.J. Lawson,A.J.,1610612761,TOR,Toronto Raptors,0022400915,2025-03-08T00:00:00,TOR vs. WAS,L,32.05,2.2,12.4,0.182,1.1,7.9,0.143,2.2,2.2,1.0,2.2,1.1,3.4,2.2,0.0,1.1,0.0,0.0,3.4,1.1,7.9,-9.0,18.6,0,0,16.8,1,13222,1,13222,5928,20954,12969,21891,13819,6683,14649,9792,11944,1,7434,21702,18825,15452,16469,10840,8263,8846,9185,16809,20033,17418,21819,2246,150,22365,1,32:03
2024-25,203482,Kelly Olynyk,Kelly,1610612740,NOP,New Orleans Pelicans,0022400913,2025-03-08T00:00:00,NOP @ HOU,L,22.383333333333333,0.0,8.0,0.0,0.0,1.6,0.0,0.0,0.0,0.0,0.0,9.7,9.7,9.7,3.2,0.0,3.2,1.6,1.6,1.6,0.0,-14.5,32.5,0,0,25.7,1,13222,1,13222,14203,22635,20188,22635,15070,20155,15070,13505,14344,13505,14058,2871,5871,1614,5774,12854,1459,4410,16838,14599,23200,19697,12951,2246,150,17117,1,22:23
2024-25,1631097,Bennedict Mathurin,Bennedict,1610612754,IND,Indiana Pacers,0022400914,2025-03-08T00:00:00,IND @ ATL,L,39.88333333333333,8.1,18.1,0.45,3.6,5.4,0.667,7.2,9.0,0.8,2.7,4.5,7.2,4.5,2.7,1.8,0.0,1.8,2.7,4.5,27.1,6.3,45.2,0,0,46.0,1,13222,1,13222,588,6362,4616,12982,4901,12172,1957,1855,1851,7681,6083,12232,9703,8625,7509,7228,8263,3884,12013,5111,3172,9462,5077,2246,150,3805,1,39:53
2024-25,203484,Kentavious Caldwell-Pope,Kentavious,1610612753,ORL,Orlando Magic,0022400917,2025-03-08T00:00:00,ORL @ MIL,W,36.65,2.9,7.9,0.375,1.0,2.9,0.333,2.0,2.0,1.0,0.0,2.9,2.9,1.0,1.0,0.0,1.0,0.0,2.0,2.0,8.8,-3.9,15.8,0,0,15.7,1,1,13086,1,2246,19537,20466,16299,14641,17761,9209,10762,12819,1,14058,16898,19861,19721,15959,12854,7588,8846,15331,13246,19234,15027,22920,2246,150,22816,1,36:39
2024-25,1631207,Dalen Terry,Dalen,1610612741,CHI,Chicago Bulls,0022400916,2025-03-08T00:00:00,CHI @ MIA,W,8.4,4.3,4.3,1.0,0.0,0.0,0.0,4.3,4.3,1.0,0.0,4.3,4.3,0.0,0.0,0.0,0.0,0.0,4.3,4.3,12.9,-98.6,18.0,0,0,17.1,1,1,13086,1,22661,16357,23937,1,15070,20945,15070,5181,7236,1,14058,12844,16568,19908,16469,12854,8263,8846,6325,5628,15235,26140,22098,2246,150,22237,1,8:24
2024-25,1641722,Jordan Hawkins,Jordan,1610612740,NOP,New Orleans Pelicans,0022400913,2025-03-08T00:00:00,NOP @ HOU,L,27.683333333333334,5.2,15.6,0.333,5.2,13.0,0.4,1.3,2.6,0.5,2.6,0.0,2.6,1.3,0.0,0.0,0.0,2.6,3.9,1.3,16.9,-22.1,22.0,0,0,26.0,1,13222,1,13222,9805,13811,7688,17395,2054,1299,7874,12297,10967,10625,6342,22137,20638,18655,16469,12854,8263,1875,7442,15903,10955,22094,20161,2246,150,16926,1,27:41
2024-25,1627827,Dorian Finney-Smith,Dorian,1610612747,LAL,Los Angeles Lakers,0022400918,2025-03-08T00:00:00,LAL @ BOS,L,36.416666666666664,3.0,7.9,0.375,2.0,6.9,0.286,0.0,0.0,0.0,0.0,4.0,4.0,0.0,0.0,1.0,0.0,0.0,4.9,0.0,7.9,-9.9,15.6,0,0,15.8,1,13222,1,13222,2394,19497,20402,16299,10257,8624,11433,13505,14344,13505,14058,13862,17431,19908,16469,12047,8263,8846,4742,17725,19989,17838,22988,2246,150,22783,1,36:25
2024-25,1630560,Cam Thomas,Cam,1610612751,BKN,Brooklyn Nets,0022400912,2025-03-08T00:00:00,BKN @ CHA,L,29.25,8.6,22.2,0.389,1.2,9.8,0.125,1.2,1.2,1.0,0.0,2.5,2.5,3.7,2.5,0.0,0.0,1.2,1.2,4.9,19.7,-4.9,25.7,0,0,27.1,1,13222,1,13222,8450,5411,1750,16009,13203,3667,14886,12499,13835,1,14058,18296,20877,10805,8402,12854,8263,6050,18373,4257,8169,15545,17800,2246,150,16099,1,29:15
2024-25,201959,Taj Gibson,Taj,1610612766,CHA,Charlotte Hornets,0022400912,2025-03-08T00:00:00,CHA vs. BKN,W,11.478333333333333,6.3,12.5,0.5,0.0,0.0,0.0,0.0,0.0,0.0,3.1,3.1,6.3,3.1,3.1,0.0,0.0,0.0,9.4,0.0,12.5,22.0,21.6,0,0,22.0,1,1,13086,1,21497,10792,12668,8526,15070,20945,15070,13505,14344,13505,5068,16320,11674,12517,6031,12854,8263,8846,838,17725,15549,3465,20343,2246,150,19700,1,11:29
2024-25,1631094,Paolo Banchero,Paolo,1610612753,ORL,Orlando Magic,0022400917,2025-03-08T00:00:00,ORL @ MIL,W,37.016666666666666,8.8,15.6,0.563,3.9,6.8,0.571,6.8,9.7,0.7,0.0,5.8,5.8,1.9,1.9,1.0,0.0,1.0,3.9,5.8,28.2,-1.9,39.1,0,0,41.8,1,1,13086,1,1975,5174,7747,7127,4216,8889,3506,2153,1494,9366,14058,8712,12695,16580,10820,12190,8263,8171,7474,2842,2706,14011,8343,2246,150,5747,1,37:01
2024-25,1641731,Bilal Coulibaly,Bilal,1610612764,WAS,Washington Wizards,0022400915,2025-03-08T00:00:00,WAS @ TOR,W,35.60166666666667,7.1,15.2,0.467,1.0,2.0,0.5,3.0,4.0,0.75,8.1,2.0,10.1,4.0,4.0,4.0,0.0,0.0,2.0,2.0,18.2,8.1,44.5,1,0,41.5,1,1,13086,1,2991,8744,8313,12249,14480,19517,3944,7711,7749,8186,756,19587,5312,9825,3793,1594,8263,8846,15014,12978,9625,8592,5427,1,150,5943,1,35:36
2024-25,1627747,Caris LeVert,Caris,1610612737,ATL,Atlanta Hawks,0022400914,2025-03-08T00:00:00,ATL vs. IND,W,33.1,10.9,18.5,0.588,4.4,7.6,0.571,2.2,2.2,1.0,0.0,3.3,3.3,1.1,1.1,0.0,2.2,1.1,1.1,1.1,28.3,8.7,39.3,0,0,41.3,1,1,13086,1,5069,2359,4226,6229,3313,7147,3506,10041,12167,1,14058,15896,19074,19388,15216,12854,3000,7167,19169,16962,2680,8324,8225,2246,150,6012,1,33:06
2024-25,1630533,Ziaire Williams,Ziaire,1610612751,BKN,Brooklyn Nets,0022400912,2025-03-08T00:00:00,BKN @ CHA,L,31.651666666666667,6.8,12.5,0.545,4.5,10.2,0.444,3.4,3.4,1.0,2.3,1.1,3.4,1.1,2.3,0.0,2.3,0.0,3.4,1.1,21.6,-2.3,32.0,0,0,35.3,1,13222,1,13222,6278,9362,12710,7695,2972,3229,7211,6875,9065,1,7331,21663,18759,19237,9188,12854,2791,8846,9036,16729,6538,14189,13355,2246,150,9907,1,31:39
2024-25,1630200,Tre Jones,Tre,1610612741,CHI,Chicago Bulls,0022400916,2025-03-08T00:00:00,CHI @ MIA,W,32.78333333333333,7.7,12.1,0.636,1.1,1.1,1.0,0.0,0.0,0.0,1.1,4.4,5.5,5.5,0.0,2.2,1.1,1.1,2.2,0.0,16.5,15.4,41.2,0,0,35.1,1,1,13086,1,5340,7295,13457,4689,13951,20746,1,13505,14344,13505,12482,12548,13561,6446,16469,5406,6798,7056,14116,17725,11419,5475,7061,2246,150,9998,1,32:47
2024-25,1641878,Damion Baugh,Damion,1610612766,CHA,Charlotte Hornets,0022400912,2025-03-08T00:00:00,CHA vs. BKN,W,29.336666666666666,7.4,20.9,0.353,2.5,7.4,0.333,0.0,1.2,0.0,1.2,1.2,2.5,4.9,2.5,0.0,0.0,1.2,0.0,3.7,17.2,3.7,25.0,0,0,27.0,1,1,13086,1,8363,8096,2424,17268,8310,7701,9209,13505,13845,13505,11624,21453,20894,7675,8436,12854,8263,6080,20257,7181,10653,10820,18265,2246,150,16165,1,29:20
2024-25,202710,Jimmy Butler III,Jimmy,1610612744,GSW,Golden State Warriors,0022400919,2025-03-08T00:00:00,GSW vs. DET,W,36.56666666666667,8.9,16.7,0.529,2.0,3.9,0.5,5.9,6.9,0.857,1.0,7.9,8.9,4.9,3.9,0.0,0.0,0.0,0.0,5.9,25.6,0.0,39.7,0,0,41.3,1,1,13086,1,2294,4952,6138,8281,10301,15696,3944,2956,3481,7071,13382,4901,6937,7638,4000,12854,8263,8846,20257,2737,3881,12240,7973,2246,150,6000,1,36:34
2024-25,1641783,Tristan da Silva,Tristan,1610612753,ORL,Orlando Magic,0022400917,2025-03-08T00:00:00,ORL @ MIL,W,10.983333333333333,6.6,13.1,0.5,0.0,6.6,0.0,3.3,3.3,1.0,0.0,9.8,9.8,3.3,0.0,3.3,0.0,0.0,0.0,3.3,16.4,13.1,42.9,0,0,36.1,1,1,13086,1,21715,10047,11656,8526,15070,9423,15070,7147,9361,1,14058,2698,5626,12054,16469,2604,8263,8846,20257,8315,11511,6346,6154,2246,150,9331,1,10:59
2024-25,1627741,Buddy Hield,Buddy,1610612744,GSW,Golden State Warriors,0022400919,2025-03-08T00:00:00,GSW vs. DET,W,19.023333333333333,5.7,13.2,0.429,1.9,9.5,0.2,1.9,3.8,0.5,1.9,5.7,7.6,3.8,1.9,1.9,1.9,0.0,0.0,1.9,15.1,3.8,39.4,0,0,36.0,1,1,13086,1,16805,12490,11402,13735,10666,4160,13429,10984,8288,10625,8852,9099,9030,10548,11088,6806,3784,8846,20257,13549,12771,10761,8166,2246,150,9412,1,19:01
2024-25,201572,Brook Lopez,Brook,1610612749,MIL,Milwaukee Bucks,0022400917,2025-03-08T00:00:00,MIL vs. ORL,L,26.555,4.1,5.4,0.75,2.7,2.7,1.0,0.0,0.0,0.0,0.0,2.7,2.7,0.0,1.4,1.4,1.4,0.0,4.1,0.0,10.8,-14.9,20.9,0,0,21.7,1,13222,1,13222,10684,16935,23151,2107,7504,18241,1,13505,14344,13505,14058,17663,20425,19908,13544,9162,5424,8846,6945,17725,17320,19872,20756,2246,150,19846,1,26:33
2024-25,1641709,Ausar Thompson,Ausar,1610612765,DET,Detroit Pistons,0022400919,2025-03-08T00:00:00,DET @ GSW,L,17.638333333333332,4.1,12.2,0.333,0.0,0.0,0.0,4.1,4.1,1.0,10.2,0.0,10.2,0.0,8.2,2.0,2.0,0.0,10.2,4.1,12.2,-2.0,28.6,0,0,30.6,1,13222,1,13222,17838,16889,13178,17395,15070,20945,15070,5557,7666,1,373,22137,5226,19908,557,6051,3367,8846,662,6091,15873,14069,15814,2246,150,13465,1,17:38
2024-25,1642347,Jamal Shead,Jamal,1610612761,TOR,Toronto Raptors,0022400915,2025-03-08T00:00:00,TOR vs. WAS,L,28.716666666666665,6.3,15.0,0.417,1.3,2.5,0.5,0.0,0.0,0.0,3.8,2.5,6.3,11.3,1.3,1.3,0.0,2.5,2.5,0.0,13.8,2.5,40.7,0,0,35.1,1,13222,1,13222,8903,10803,8534,14532,13079,18608,3944,13505,14344,13505,3952,18168,11682,905,14076,9775,8263,2032,12774,17725,14174,11365,7310,2246,150,10026,1,28:43
2024-25,1642261,Dalton Knecht,Dalton,1610612747,LAL,Los Angeles Lakers,0022400918,2025-03-08T00:00:00,LAL @ BOS,L,23.816666666666666,6.0,9.1,0.667,1.5,4.5,0.333,0.0,0.0,0.0,1.5,6.0,7.6,1.5,0.0,0.0,1.5,0.0,0.0,0.0,13.6,13.6,29.5,0,0,27.2,1,13222,1,13222,13062,11378,18615,3281,11989,14348,9209,13505,14344,13505,10265,8233,9054,17933,16469,12854,4800,8846,20257,17725,14377,6163,15168,2246,150,16017,1,23:49
2024-25,1627759,Jaylen Brown,Jaylen,1610612738,BOS,Boston Celtics,0022400918,2025-03-08T00:00:00,BOS vs. LAL,W,41.61666666666667,11.2,21.6,0.52,2.6,5.2,0.5,1.7,3.5,0.5,0.9,4.3,5.2,1.7,1.7,2.6,0.0,0.9,1.7,4.3,26.8,9.5,41.7,0,0,41.5,1,1,13086,1,288,2060,1972,8497,7847,12731,3944,11363,8965,10625,13979,12732,14302,17282,11807,4150,8263,8744,16433,5531,3291,7936,6777,2246,150,5899,1,41:37
2024-25,1627736,Malik Beasley,Malik,1610612765,DET,Detroit Pistons,0022400919,2025-03-08T00:00:00,DET @ GSW,L,27.766666666666666,7.8,18.2,0.429,2.6,9.1,0.286,3.9,7.8,0.5,0.0,2.6,2.6,1.3,1.3,5.2,1.3,0.0,3.9,5.2,22.0,-5.2,45.2,0,0,41.5,1,13222,1,13222,9742,7106,4501,13735,7851,4702,11433,5898,2682,10625,14058,17963,20649,18670,13809,792,5664,8846,7475,3789,6178,15690,5067,2246,150,5922,1,27:46
2024-25,1630167,Obi Toppin,Obi,1610612754,IND,Indiana Pacers,0022400914,2025-03-08T00:00:00,IND @ ATL,L,17.983333333333334,6.0,12.0,0.5,0.0,4.0,0.0,6.0,8.0,0.75,2.0,4.0,6.0,2.0,0.0,0.0,2.0,2.0,0.0,4.0,18.0,-26.0,34.2,0,0,30.0,1,13222,1,13222,17566,11488,13567,8526,15070,15576,15070,2853,2518,8186,8377,13710,12257,16367,16469,12854,3488,3227,20257,6295,9820,23033,11631,2246,150,13922,1,17:59
2024-25,1628401,Derrick White,Derrick,1610612738,BOS,Boston Celtics,0022400918,2025-03-08T00:00:00,BOS vs. LAL,W,36.15,3.0,7.0,0.429,1.0,5.0,0.2,3.0,3.0,1.0,1.0,4.0,5.0,7.0,2.0,1.0,1.0,0.0,0.0,1.0,10.0,16.9,30.4,0,0,26.9,1,1,13086,1,2569,19459,21598,13735,14576,13258,13429,7848,10009,1,13292,13778,14852,4038,10556,11998,7504,8846,20257,17413,18194,4928,14520,2246,150,16235,1,36:09
2024-25,203471,Dennis Schröder,Dennis,1610612765,DET,Detroit Pistons,0022400919,2025-03-08T00:00:00,DET @ GSW,L,24.816666666666666,7.3,11.6,0.625,0.0,2.9,0.0,1.5,2.9,0.5,0.0,0.0,0.0,5.8,2.9,2.9,0.0,1.5,4.4,5.8,16.0,-10.2,30.5,0,0,27.6,1,13222,1,13222,12165,8328,14297,4899,15070,17866,15070,11905,10234,10625,14058,22137,23286,5852,6836,3407,8263,4982,6136,2896,11960,17951,14444,2246,150,15746,1,24:49
2024-25,1641710,Anthony Black,Anthony,1610612753,ORL,Orlando Magic,0022400917,2025-03-08T00:00:00,ORL @ MIL,W,18.453333333333333,9.8,17.6,0.556,2.0,3.9,0.5,0.0,0.0,0.0,0.0,3.9,3.9,0.0,3.9,2.0,2.0,3.9,2.0,2.0,21.5,-11.7,33.9,0,0,35.1,1,1,13086,1,17246,3531,5201,7248,10391,15782,3944,13505,14344,13505,14058,14019,17565,19908,4084,6499,3625,684,15404,13314,6679,18622,11864,2246,150,10016,1,18:27
2024-25,1630201,Malachi Flynn,Malachi,1610612766,CHA,Charlotte Hornets,0022400912,2025-03-08T00:00:00,CHA vs. BKN,W,18.663333333333334,5.8,13.5,0.429,1.9,1.9,1.0,3.9,5.8,0.667,3.9,5.8,9.6,1.9,1.9,1.9,0.0,0.0,5.8,7.7,17.4,0.0,35.7,0,0,34.7,1,1,13086,1,17069,12149,11001,13735,10509,19687,1,5965,4770,9425,3797,8820,5877,16644,10907,6628,8263,8846,3246,1183,10462,12240,10590,2246,150,10279,1,18:40
2024-25,1627777,Georges Niang,Georges,1610612737,ATL,Atlanta Hawks,0022400914,2025-03-08T00:00:00,ATL vs. IND,W,24.86,2.9,8.7,0.333,1.4,4.3,0.333,1.4,1.4,1.0,0.0,5.8,5.8,1.4,1.4,0.0,1.4,0.0,5.8,4.3,8.7,15.9,20.7,0,0,20.3,1,1,13086,1,12129,19664,19212,17395,12262,14812,9209,11912,13540,1,14058,8804,12776,18185,13018,12854,5045,8846,3231,5485,19358,5275,20834,2246,150,20706,1,24:52
2024-25,201143,Al Horford,Al,1610612738,BOS,Boston Celtics,0022400918,2025-03-08T00:00:00,BOS vs. LAL,W,37.321666666666665,4.8,8.7,0.556,1.0,2.9,0.333,2.9,3.9,0.75,1.0,7.7,8.7,3.9,0.0,2.9,1.0,0.0,1.0,1.9,13.5,15.4,41.3,0,0,34.7,1,1,13086,1,1782,14877,19219,7248,14731,17877,9209,8107,8117,8186,13538,5139,7190,10347,16469,3427,7725,8846,19882,13407,14499,5458,6999,2246,150,10276,1,37:19
2024-25,204456,T.J. McConnell,T.J.,1610612754,IND,Indiana Pacers,0022400914,2025-03-08T00:00:00,IND @ ATL,L,0.31666666666666665,0.0,0.0,0.0,0.0,0.0,0.0,0.0,0.0,0.0,0.0,0.0,0.0,0.0,0.0,0.0,0.0,0.0,0.0,0.0,0.0,-227.4,0.0,0,0,0.0,1,13222,1,13222,26253,22635,24836,22635,15070,20945,15070,13505,14344,13505,14058,22137,23286,19908,16469,12854,8263,8846,20257,17725,23200,26285,25228,2246,150,25259,1,0:19
2024-25,1641716,Jarace Walker,Jarace,1610612754,IND,Indiana Pacers,0022400914,2025-03-08T00:00:00,IND @ ATL,L,3.183333333333333,0.0,0.0,0.0,0.0,0.0,0.0,0.0,0.0,0.0,0.0,0.0,0.0,0.0,0.0,0.0,0.0,0.0,0.0,0.0,0.0,-135.7,0.0,0,0,0.0,1,13222,1,13222,24904,22635,24836,22635,15070,20945,15070,13505,14344,13505,14058,22137,23286,19908,16469,12854,8263,8846,20257,17725,23200,26242,25228,2246,150,25259,1,3:11
2024-25,1641708,Amen Thompson,Amen,1610612745,HOU,Houston Rockets,0022400913,2025-03-08T00:00:00,HOU vs. NOP,W,33.266666666666666,7.6,11.9,0.636,0.0,1.1,0.0,1.1,2.2,0.5,4.3,5.4,9.7,11.9,3.2,0.0,1.1,0.0,1.1,2.2,16.2,42.2,45.8,1,0,40.0,1,1,13086,1,4928,7578,13755,4689,15070,20762,15070,12959,12200,10625,3127,9762,5745,737,5676,12854,6905,8846,19201,12319,11684,824,4827,1,150,6756,1,33:16
2024-25,1630558,Davion Mitchell,Davion,1610612748,MIA,Miami Heat,0022400916,2025-03-08T00:00:00,MIA vs. CHI,L,29.783333333333335,2.4,6.0,0.4,0.0,2.4,0.0,0.0,2.4,0.0,0.0,3.6,3.6,9.7,0.0,1.2,0.0,0.0,4.8,1.2,4.8,-9.7,27.3,0,0,20.5,1,13222,1,13222,7977,20625,22559,14933,15070,18772,15070,13505,11430,13505,14058,14855,18262,1603,16469,10101,8263,8846,4983,16356,22106,17746,16727,2246,150,20550,1,29:47
2024-25,1630311,Pat Spencer,Pat,1610612744,GSW,Golden State Warriors,0022400919,2025-03-08T00:00:00,GSW vs. DET,W,2.3333333333333335,0.0,0.0,0.0,0.0,0.0,0.0,0.0,0.0,0.0,0.0,0.0,0.0,0.0,15.4,0.0,0.0,0.0,15.4,0.0,0.0,-108.0,-15.4,0,0,0.0,1,1,13086,1,25302,22635,24836,22635,15070,20945,15070,13505,14344,13505,14058,22137,23286,19908,102,12854,8263,8846,229,17725,23200,26185,26260,2246,150,25259,1,2:20
2024-25,1631115,Orlando Robinson,Orlando,1610612761,TOR,Toronto Raptors,0022400915,2025-03-08T00:00:00,TOR vs. WAS,L,24.083333333333332,3.0,7.5,0.4,0.0,1.5,0.0,4.5,6.0,0.75,4.5,6.0,10.5,1.5,1.5,3.0,3.0,0.0,4.5,3.0,10.5,-3.0,41.7,0,0,34.4,1,13222,1,13222,12811,19457,20967,14933,15070,20278,15070,4861,4503,8186,2944,8379,4945,18002,12771,3182,1716,8846,5813,9298,17698,14565,6772,2246,150,10544,1,24:05
2024-25,1630202,Payton Pritchard,Payton,1610612738,BOS,Boston Celtics,0022400918,2025-03-08T00:00:00,BOS vs. LAL,W,22.5,1.6,8.0,0.2,1.6,6.4,0.25,0.0,0.0,0.0,0.0,3.2,3.2,3.2,0.0,0.0,3.2,0.0,1.6,1.6,4.8,-3.2,23.0,0,0,19.2,1,1,13086,1,14100,22032,20259,21401,11676,9750,11902,13505,14344,13505,14058,16089,19237,12310,16469,12854,1477,8846,16875,14634,22130,14671,19537,2246,150,21289,1,22:30
2024-25,1628976,Wendell Carter Jr.,Wendell,1610612753,ORL,Orlando Magic,0022400917,2025-03-08T00:00:00,ORL @ MIL,W,30.916666666666668,3.5,8.2,0.429,0.0,3.5,0.0,1.2,1.2,1.0,1.2,3.5,4.7,0.0,2.3,0.0,0.0,0.0,4.7,3.5,8.2,7.0,11.4,0,0,12.8,1,1,13086,1,6943,18338,20013,13735,15070,16666,15070,12711,13944,1,12022,15254,15677,19908,8950,12854,8263,8846,5389,7679,19787,9143,24151,2246,150,23776,1,30:55
2024-25,1631217,Moussa Diabaté,Moussa,1610612766,CHA,Charlotte Hornets,0022400912,2025-03-08T00:00:00,CHA vs. BKN,W,36.52166666666667,7.9,11.8,0.667,0.0,0.0,0.0,0.0,0.0,0.0,9.9,4.9,14.8,2.0,2.0,1.0,0.0,2.0,2.0,2.0,15.8,-3.9,37.5,1,0,34.5,1,1,13086,1,2326,6870,13896,3281,15070,20945,15070,13505,14344,13505,420,11088,1884,16471,10655,12079,8263,3309,15296,13205,12152,15038,9373,1,150,10450,1,36:31
2024-25,1630811,Keaton Wallace,Keaton,1610612737,ATL,Atlanta Hawks,0022400914,2025-03-08T00:00:00,ATL vs. IND,W,2.433333333333333,0.0,0.0,0.0,0.0,0.0,0.0,0.0,0.0,0.0,0.0,0.0,0.0,0.0,0.0,0.0,0.0,0.0,0.0,0.0,0.0,-74.0,0.0,0,0,0.0,1,1,13086,1,25245,22635,24836,22635,15070,20945,15070,13505,14344,13505,14058,22137,23286,19908,16469,12854,8263,8846,20257,17725,23200,25940,25228,2246,150,25259,1,2:26
2024-25,1642366,Quinten Post,Quinten,1610612744,GSW,Golden State Warriors,0022400919,2025-03-08T00:00:00,GSW vs. DET,W,20.201666666666668,5.3,17.8,0.3,0.0,8.9,0.0,0.0,0.0,0.0,0.0,3.6,3.6,1.8,0.0,1.8,0.0,0.0,8.9,0.0,10.7,0.0,23.0,0,0,19.6,1,1,13086,1,15861,13424,4895,19363,15070,4954,15070,13505,14344,13505,14058,15044,18414,17145,16469,7327,8263,8846,996,17725,17483,12240,19573,2246,150,21090,1,20:12
2024-25,1629614,Andrew Nembhard,Andrew,1610612754,IND,Indiana Pacers,0022400914,2025-03-08T00:00:00,IND @ ATL,L,31.266666666666666,5.8,12.7,0.455,1.2,5.8,0.2,0.0,0.0,0.0,1.2,4.6,5.8,13.8,3.5,3.5,0.0,2.3,5.8,0.0,12.7,-11.5,47.2,1,0,40.3,1,13222,1,13222,6650,12245,12456,12676,13640,11311,13429,13505,14344,13505,12091,11964,12884,407,5113,2302,8263,2423,3301,17725,15431,18539,4242,1,150,6605,1,31:16
2024-25,1629639,Tyler Herro,Tyler,1610612748,MIA,Miami Heat,0022400916,2025-03-08T00:00:00,MIA vs. CHI,L,36.53333333333333,7.9,18.7,0.421,2.0,6.9,0.286,3.0,3.0,1.0,0.0,7.9,7.9,5.9,1.0,0.0,2.0,1.0,0.0,2.0,20.7,-5.9,43.9,0,0,40.4,1,13222,1,13222,2317,6873,4009,14442,10294,8673,11433,7934,10080,1,14058,4883,8489,5651,15938,12854,3561,8047,20257,13208,7322,16021,5696,2246,150,6544,1,36:32
2024-25,1641998,Trey Jemison III,Trey,1610612747,LAL,Los Angeles Lakers,0022400918,2025-03-08T00:00:00,LAL @ BOS,L,5.845,0.0,6.2,0.0,0.0,0.0,0.0,0.0,0.0,0.0,0.0,0.0,0.0,0.0,0.0,0.0,0.0,0.0,6.2,0.0,0.0,30.8,0.0,0,0,0.0,1,13222,1,13222,23648,22635,22467,22635,15070,20945,15070,13505,14344,13505,14058,22137,23286,19908,16469,12854,8263,8846,2759,17725,23200,1860,25228,2246,150,25259,1,5:51
2024-25,1630182,Josh Green,Josh,1610612766,CHA,Charlotte Hornets,0022400912,2025-03-08T00:00:00,CHA vs. BKN,W,25.198333333333334,0.0,7.1,0.0,0.0,5.7,0.0,0.0,0.0,0.0,2.9,2.9,5.7,7.1,1.4,0.0,0.0,1.4,4.3,0.0,0.0,-2.9,16.1,0,0,12.9,1,1,13086,1,11841,22635,21388,22635,15070,11411,15070,13505,14344,13505,5708,17211,12974,3831,13115,12854,8263,5063,6324,17725,23200,14490,22791,2246,150,23753,1,25:12
2024-25,1629048,Goga Bitadze,Goga,1610612753,ORL,Orlando Magic,0022400917,2025-03-08T00:00:00,ORL @ MIL,W,9.25,3.9,3.9,1.0,0.0,0.0,0.0,3.9,7.8,0.5,3.9,3.9,7.8,0.0,0.0,0.0,0.0,0.0,7.8,3.9,11.7,-35.0,21.0,0,0,19.5,1,1,13086,1,22365,17345,24140,1,15070,20945,15070,5893,2678,10625,3736,14045,8647,19908,16469,12854,8263,8846,1467,6586,16488,24409,20678,2246,150,21172,1,9:15
2024-25,1629312,Haywood Highsmith,Haywood,1610612748,MIA,Miami Heat,0022400916,2025-03-08T00:00:00,MIA vs. CHI,L,21.25,0.0,8.5,0.0,0.0,6.8,0.0,3.4,3.4,1.0,3.4,1.7,5.1,3.4,1.7,0.0,0.0,0.0,3.4,1.7,3.4,-5.1,12.9,0,0,11.9,1,13222,1,13222,15114,22635,19529,22635,15070,8948,15070,6928,9121,1,4563,20472,14572,11714,11939,12854,8263,8846,9125,14291,22813,15639,23800,2246,150,24014,1,21:15
2024-25,1631170,Jaime Jaquez Jr.,Jaime,1610612748,MIA,Miami Heat,0022400916,2025-03-08T00:00:00,MIA vs. CHI,L,10.55,6.8,10.2,0.667,0.0,0.0,0.0,0.0,0.0,0.0,0.0,13.6,13.6,6.8,3.4,0.0,0.0,3.4,10.2,3.4,13.6,-6.8,36.9,0,0,34.1,1,13222,1,13222,21898,9359,16676,3281,15070,20945,15070,13505,14344,13505,14058,841,2413,4259,5205,12854,8263,984,657,7914,14323,16437,9800,2246,150,10756,1,10:33
2024-25,1630557,Corey Kispert,Corey,1610612764,WAS,Washington Wizards,0022400915,2025-03-08T00:00:00,WAS @ TOR,W,27.43166666666667,5.2,9.2,0.571,1.3,5.2,0.25,3.9,5.2,0.75,0.0,1.3,1.3,1.3,0.0,0.0,0.0,0.0,0.0,2.6,15.7,-2.6,19.3,0,0,19.7,1,1,13086,1,9996,13664,18432,6538,12815,12594,11902,5817,5527,8186,14058,21263,22803,18621,16469,12854,8263,8846,20257,10566,12179,14372,21504,2246,150,21046,1,27:26
2024-25,1630224,Jalen Green,Jalen,1610612745,HOU,Houston Rockets,0022400913,2025-03-08T00:00:00,HOU vs. NOP,W,27.533333333333335,6.5,19.6,0.333,2.6,9.2,0.286,2.6,2.6,1.0,0.0,9.2,9.2,3.9,0.0,0.0,0.0,0.0,0.0,1.3,18.3,20.9,35.2,0,0,34.0,1,1,13086,1,9922,10094,3267,17395,7776,4603,11433,8769,10941,1,14058,3357,6506,10158,16469,12854,8263,8846,20257,15871,9528,3717,10956,2246,150,10855,1,27:32
2024-25,1630631,Jose Alvarado,Jose,1610612740,NOP,New Orleans Pelicans,0022400913,2025-03-08T00:00:00,NOP @ HOU,L,23.383333333333333,10.8,24.6,0.438,3.1,10.8,0.286,1.5,1.5,1.0,1.5,4.6,6.2,10.8,0.0,1.5,0.0,1.5,0.0,1.5,26.2,-24.6,54.3,0,0,49.3,1,13222,1,13222,13392,2435,905,13558,6275,2696,11433,11716,13450,1,10157,11931,11923,1076,16469,8240,8263,4624,20257,14836,3596,22729,2130,2246,150,2740,1,23:23
2024-25,1626158,Richaun Holmes,Richaun,1610612764,WAS,Washington Wizards,0022400915,2025-03-08T00:00:00,WAS @ TOR,W,19.866666666666667,9.1,19.9,0.455,0.0,0.0,0.0,0.0,0.0,0.0,12.7,7.2,19.9,7.2,0.0,3.6,1.8,1.8,3.6,1.8,18.1,-10.9,69.2,1,0,56.2,1,1,13086,1,16126,4588,3013,12676,15070,20945,15070,13505,14344,13505,209,5909,548,3686,16469,2062,4032,3862,8345,13886,9713,18266,466,1,150,1272,1,19:52
2024-25,1627751,Jakob Poeltl,Jakob,1610612761,TOR,Toronto Raptors,0022400915,2025-03-08T00:00:00,TOR vs. WAS,L,24.2,13.4,19.3,0.692,0.0,0.0,0.0,4.5,4.5,1.0,3.0,4.5,7.4,7.4,3.0,3.0,0.0,1.5,6.0,3.0,31.2,1.5,57.3,0,0,52.1,1,13222,1,13222,12726,878,3467,3171,15070,20945,15070,4888,6908,1,5405,12356,9289,3472,6575,3212,8263,4819,3011,9346,1716,11872,1588,2246,150,2024,1,24:12
2024-25,1629628,RJ Barrett,RJ,1610612761,TOR,Toronto Raptors,0022400915,2025-03-08T00:00:00,TOR vs. WAS,L,27.75,9.1,22.1,0.412,5.2,6.5,0.8,6.5,6.5,1.0,2.6,9.1,11.7,3.9,6.5,1.3,1.3,0.0,1.3,3.9,29.8,-19.5,51.0,0,0,55.8,1,13222,1,13222,9757,4559,1794,14791,2063,9576,1389,2414,3898,1,6362,3423,3779,10253,1136,9468,5658,8846,18043,6586,2142,21387,2990,2246,150,1345,1,27:45
2024-25,1630168,Onyeka Okongwu,Onyeka,1610612737,ATL,Atlanta Hawks,0022400914,2025-03-08T00:00:00,ATL vs. IND,W,31.833333333333332,7.9,13.6,0.583,0.0,1.1,0.0,2.3,2.3,1.0,9.0,9.0,18.1,2.3,2.3,3.4,3.4,0.0,2.3,3.4,18.1,4.5,61.3,1,0,52.0,1,1,13086,1,6121,6819,10877,6296,15070,20709,15070,9747,11893,1,541,3463,873,15379,9254,2398,1313,8846,13810,7970,9742,10377,1043,1,150,2035,1,31:50
2024-25,1631218,Trayce Jackson-Davis,Trayce,1610612744,GSW,Golden State Warriors,0022400919,2025-03-08T00:00:00,GSW vs. DET,W,2.15,0.0,0.0,0.0,0.0,0.0,0.0,0.0,33.5,0.0,0.0,0.0,0.0,16.7,0.0,0.0,16.7,0.0,0.0,16.7,0.0,-33.5,75.3,0,0,50.2,1,1,13086,1,25393,22635,24836,22635,15070,20945,15070,13505,42,13505,14058,22137,23286,171,16469,12854,18,8846,20257,71,23200,24229,290,2246,150,2464,1,2:09
2024-25,203507,Giannis Antetokounmpo,Giannis,1610612749,MIL,Milwaukee Bucks,0022400917,2025-03-08T00:00:00,MIL vs. ORL,L,35.0,15.4,23.7,0.652,0.0,0.0,0.0,7.2,11.3,0.636,4.1,7.2,11.3,4.1,1.0,1.0,0.0,2.1,1.0,7.2,38.1,2.1,59.9,1,0,55.5,1,13222,1,13222,3460,426,1165,4556,15070,20945,15070,1873,944,10256,3419,5993,4117,9624,15643,11686,8263,3031,19537,1512,607,11595,1210,1,150,1383,1,35:00
2024-25,203081,Damian Lillard,Damian,1610612749,MIL,Milwaukee Bucks,0022400917,2025-03-08T00:00:00,MIL vs. ORL,L,35.666666666666664,9.1,18.2,0.5,4.0,9.1,0.444,4.0,4.0,1.0,0.0,7.1,7.1,4.0,4.0,1.0,0.0,2.0,4.0,7.1,26.2,-19.2,39.8,0,0,43.4,1,13222,1,13222,2928,4557,4484,8526,3920,4695,7211,5628,7765,1,14058,6245,10022,9840,3803,11869,8263,3165,7034,1609,3563,21299,7905,2246,150,4962,1,35:40
2024-25,1628369,Jayson Tatum,Jayson,1610612738,BOS,Boston Celtics,0022400918,2025-03-08T00:00:00,BOS vs. LAL,W,45.43333333333333,9.5,22.2,0.429,4.8,12.7,0.375,7.9,9.5,0.833,0.8,8.7,9.5,6.3,2.4,1.6,0.8,0.0,2.4,5.5,31.7,9.5,57.4,1,0,57.1,1,1,13086,1,45,3872,1735,13735,2637,1439,8800,1448,1593,7275,14046,3819,6051,4962,8741,8042,8250,8846,13320,3273,1584,7941,1576,1,150,1154,1,45:26
2024-25,1629673,Jordan Poole,Jordan,1610612764,WAS,Washington Wizards,0022400915,2025-03-08T00:00:00,WAS @ TOR,W,31.411666666666665,13.8,22.9,0.6,8.0,13.8,0.583,3.4,3.4,1.0,1.1,1.1,2.3,5.7,2.3,3.4,1.1,1.1,2.3,3.4,39.0,6.9,61.8,0,0,64.2,1,1,13086,1,6502,775,1412,5394,451,1005,3489,6819,9015,1,12145,21642,21216,5988,9111,2322,6511,6665,13686,7847,522,9197,990,2246,150,513,1,31:25
2024-25,203110,Draymond Green,Draymond,1610612744,GSW,Golden State Warriors,0022400919,2025-03-08T00:00:00,GSW vs. DET,W,31.35,3.4,8.0,0.429,2.3,5.7,0.4,4.6,6.9,0.667,1.1,9.2,10.3,8.0,4.6,3.4,1.1,1.1,3.4,6.9,13.8,12.6,47.4,0,0,43.6,1,1,13086,1,6549,18448,20195,13735,8867,11356,7874,4692,3483,9425,12122,3324,5082,2851,2862,2315,6501,6648,8914,1746,14193,6548,4167,2246,150,4863,1,31:21
2024-25,201145,Jeff Green,Jeff,1610612745,HOU,Houston Rockets,0022400913,2025-03-08T00:00:00,HOU vs. NOP,W,5.716666666666667,6.3,6.3,1.0,6.3,6.3,1.0,0.0,0.0,0.0,0.0,12.6,12.6,6.3,0.0,0.0,6.3,0.0,0.0,0.0,18.9,44.1,62.3,0,0,56.7,1,1,13086,1,23692,10723,22322,1,1115,9983,1,13505,14344,13505,14058,1127,3066,5018,16469,12854,263,8846,20257,17725,8952,737,936,2246,150,1202,1,5:43
2024-25,1628970,Miles Bridges,Miles,1610612766,CHA,Charlotte Hornets,0022400912,2025-03-08T00:00:00,CHA vs. BKN,W,35.45,9.1,20.3,0.45,2.0,6.1,0.333,6.1,6.1,1.0,3.0,9.1,12.2,5.1,2.0,1.0,1.0,2.0,1.0,5.1,26.4,2.0,52.7,1,0,49.8,1,1,13086,1,3112,4462,2756,12982,10009,10456,9209,2783,4360,1,5238,3369,3358,7299,10361,11807,7383,3125,19606,3958,3481,11606,2528,1,150,2597,1,35:27
2024-25,1631111,Wendell Moore Jr.,Wendell,1610612766,CHA,Charlotte Hornets,0022400912,2025-03-08T00:00:00,CHA vs. BKN,W,11.033333333333333,6.5,13.1,0.5,3.3,3.3,1.0,0.0,0.0,0.0,6.5,9.8,16.3,6.5,0.0,0.0,3.3,0.0,0.0,0.0,16.3,13.1,55.5,0,0,48.9,1,1,13086,1,21693,10121,11771,8526,5772,17150,1,13505,14344,13505,1362,2736,1321,4668,16469,12854,1425,8846,20257,17725,11590,6374,1898,2246,150,2848,1,11:02
2024-25,1629029,Luka Dončić,Luka,1610612747,LAL,Los Angeles Lakers,0022400918,2025-03-08T00:00:00,LAL @ BOS,L,36.68833333333333,10.8,21.6,0.5,4.9,9.8,0.5,6.9,7.8,0.875,1.0,6.9,7.8,2.9,4.9,1.0,0.0,2.0,2.0,3.9,33.4,-18.6,45.2,0,0,51.0,1,13222,1,13222,2211,2420,1996,8526,2397,3718,3944,2104,2628,6931,13413,6584,8546,13114,2459,12116,8263,3350,15346,6503,1252,21117,5071,2246,150,2266,1,36:41
2024-25,1627783,Pascal Siakam,Pascal,1610612754,IND,Indiana Pacers,0022400914,2025-03-08T00:00:00,IND @ ATL,L,33.63333333333333,8.6,20.3,0.421,1.1,5.4,0.2,6.4,6.4,1.0,2.1,5.4,7.5,3.2,1.1,2.1,1.1,1.1,3.2,6.4,24.6,13.9,47.0,0,0,42.8,1,13222,1,13222,4603,5500,2738,14442,14124,12325,13429,2478,3978,1,7796,9899,9186,12261,15331,5631,6982,7308,9814,2157,4415,6044,4315,2246,150,5242,1,33:38
2024-25,1630581,Josh Giddey,Josh,1610612741,CHI,Chicago Bulls,0022400916,2025-03-08T00:00:00,CHI @ MIA,W,37.03333333333333,8.7,14.6,0.6,2.9,3.9,0.75,4.9,5.8,0.833,0.0,9.7,9.7,11.7,3.9,1.0,1.0,2.9,2.9,4.9,25.3,25.3,56.4,1,1,53.5,1,1,13086,1,1966,5187,9231,5394,6809,15823,1542,4251,4713,7275,14058,2796,5770,796,4107,12193,7676,1437,11110,4369,4072,2753,1747,1,1,1715,1,37:02
2024-25,1631288,Jamal Cain,Jamal,1610612740,NOP,New Orleans Pelicans,0022400913,2025-03-08T00:00:00,NOP @ HOU,L,7.733333333333333,4.7,18.6,0.25,4.7,9.3,0.5,9.3,18.6,0.5,4.7,9.3,14.0,9.3,9.3,4.7,0.0,0.0,9.3,9.3,23.3,18.6,58.7,0,0,60.5,1,13222,1,13222,22912,15347,4096,20233,2802,4367,3944,901,165,10625,2738,3193,2254,1801,388,1114,8263,8846,868,564,5314,4372,1385,2246,150,782,1,7:44
2024-25,1630567,Scottie Barnes,Scottie,1610612761,TOR,Toronto Raptors,0022400915,2025-03-08T00:00:00,TOR vs. WAS,L,27.166666666666668,5.3,21.2,0.25,1.3,4.0,0.333,11.9,13.3,0.9,0.0,2.7,2.7,5.3,2.7,5.3,0.0,5.3,0.0,8.0,23.9,-1.3,48.2,0,0,43.7,1,13222,1,13222,10216,13529,2206,20233,12749,15633,9209,345,557,6805,14058,17812,20537,6816,7691,738,8263,311,20257,1049,4904,13727,3903,2246,150,4818,1,27:10
2024-25,1630175,Cole Anthony,Cole,1610612753,ORL,Orlando Magic,0022400917,2025-03-08T00:00:00,ORL @ MIL,W,30.68,9.4,15.3,0.615,4.7,7.0,0.667,2.3,2.3,1.0,1.2,3.5,4.7,10.6,2.3,1.2,3.5,0.0,5.9,2.3,25.8,9.4,59.0,0,0,55.1,1,1,13086,1,7146,4048,8172,5246,2740,8376,1957,9463,11638,1,11973,15178,15586,1177,8880,10411,1215,8846,3124,11561,3767,7998,1327,2246,150,1438,1,30:41
2024-25,1626156,D'Angelo Russell,D'Angelo,1610612751,BKN,Brooklyn Nets,0022400912,2025-03-08T00:00:00,BKN @ CHA,L,29.461666666666666,12.2,22.0,0.556,4.9,13.4,0.364,4.9,7.3,0.667,0.0,7.3,7.3,8.6,1.2,1.2,1.2,0.0,2.4,4.9,34.2,11.0,62.0,0,0,59.9,1,13222,1,13222,8263,1394,1825,7248,2426,1120,9100,4208,3065,9425,14058,5778,9511,2381,14278,9998,6041,8846,13010,4319,1085,7239,967,2246,150,839,1,29:28
2024-25,203991,Clint Capela,Clint,1610612737,ATL,Atlanta Hawks,0022400914,2025-03-08T00:00:00,ATL vs. IND,W,16.196666666666665,8.9,20.0,0.444,0.0,0.0,0.0,0.0,0.0,0.0,8.9,11.1,20.0,2.2,2.2,2.2,0.0,4.4,4.4,0.0,17.8,-4.4,49.6,0,0,44.5,1,1,13086,1,18802,4901,2964,13045,15070,20945,15070,13505,14344,13505,578,1842,527,15546,9417,5302,8263,496,5898,17725,10051,15298,3393,2246,150,4490,1,16:12
2024-25,1630578,Alperen Sengun,Alperen,1610612745,HOU,Houston Rockets,0022400913,2025-03-08T00:00:00,HOU vs. NOP,W,31.775,7.9,12.5,0.636,0.0,0.0,0.0,6.8,7.9,0.857,4.5,1.1,5.7,6.8,2.3,2.3,2.3,2.3,3.4,6.8,22.7,20.4,51.0,0,0,44.2,1,1,13086,1,6185,6790,12796,4689,15070,20945,15070,2162,2568,7071,2885,21675,13120,4289,9231,5164,2811,2516,9084,1825,5730,3844,2991,2246,150,4601,1,31:47
2024-25,1628415,Dillon Brooks,Dillon,1610612745,HOU,Houston Rockets,0022400913,2025-03-08T00:00:00,HOU vs. NOP,W,25.116666666666667,12.9,20.1,0.643,10.0,15.8,0.636,2.9,2.9,1.0,1.4,4.3,5.7,4.3,0.0,1.4,0.0,0.0,2.9,1.4,38.7,22.9,56.3,0,0,61.6,1,1,13086,1,11895,1068,2922,4607,208,553,2842,8179,10317,1,10604,12809,12934,9124,16469,8739,8263,8846,11331,15310,538,3283,1757,2246,150,684,1,25:07
2024-25,1629027,Trae Young,Trae,1610612737,ATL,Atlanta Hawks,0022400914,2025-03-08T00:00:00,ATL vs. IND,W,33.38666666666666,11.9,25.9,0.458,3.2,12.9,0.25,11.9,12.9,0.917,0.0,4.3,4.3,8.6,7.5,0.0,0.0,0.0,2.2,10.8,38.8,3.2,49.4,0,0,55.0,1,1,13086,1,4823,1615,661,12650,5860,1331,11902,354,594,6748,14058,12757,16499,2321,695,12854,8263,8846,14322,296,532,11000,3468,2246,150,1459,1,33:23
2024-25,1628418,Thomas Bryant,Thomas,1610612754,IND,Indiana Pacers,0022400914,2025-03-08T00:00:00,IND @ ATL,L,14.383333333333333,7.5,17.5,0.429,5.0,5.0,1.0,5.0,5.0,1.0,7.5,5.0,12.5,2.5,2.5,0.0,5.0,2.5,5.0,5.0,25.0,12.5,56.3,0,0,55.1,1,13222,1,13222,19958,7747,5232,13735,2264,13200,1,4030,5908,1,954,10872,3123,14537,8235,12854,515,2041,4595,4109,4205,6591,1759,2246,150,1445,1,14:23
2024-25,1630658,Colin Castleton,Colin,1610612761,TOR,Toronto Raptors,0022400915,2025-03-08T00:00:00,TOR vs. WAS,L,25.933333333333334,4.2,8.3,0.5,0.0,1.4,0.0,0.0,0.0,0.0,5.6,2.8,8.3,0.0,0.0,0.0,2.8,0.0,2.8,0.0,8.3,9.7,26.7,0,0,22.2,1,13222,1,13222,11215,16687,19752,8526,15070,20389,15070,13505,14344,13505,1914,17479,7724,19908,16469,12854,1988,8846,11741,17725,19637,7829,17181,2246,150,19547,1,25:56
2024-25,1629130,Duncan Robinson,Duncan,1610612748,MIA,Miami Heat,0022400916,2025-03-08T00:00:00,MIA vs. CHI,L,21.583333333333332,6.7,25.0,0.267,3.3,16.7,0.2,3.3,3.3,1.0,1.7,0.0,1.7,6.7,1.7,0.0,0.0,1.7,3.3,1.7,20.0,-3.3,30.4,0,0,31.7,1,13222,1,13222,14862,9758,821,20170,5557,438,13429,7037,9227,1,9689,22137,22340,4468,12058,12854,8263,4230,9315,14377,7910,14727,14532,2246,150,12632,1,21:35
2024-25,1629632,Coby White,Coby,1610612741,CHI,Chicago Bulls,0022400916,2025-03-08T00:00:00,CHI @ MIA,W,33.233333333333334,6.5,17.3,0.375,0.0,8.7,0.0,9.7,9.7,1.0,0.0,3.2,3.2,3.2,2.2,0.0,0.0,1.1,2.2,6.5,22.7,-11.9,29.4,0,0,29.2,1,1,13086,1,4963,10184,5414,16299,15070,5315,15070,769,1486,1,14058,15935,19105,12145,9653,12854,8263,7198,14263,2087,5664,18709,15241,2246,150,14512,1,33:14
2024-25,203468,CJ McCollum,CJ,1610612740,NOP,New Orleans Pelicans,0022400913,2025-03-08T00:00:00,NOP @ HOU,L,27.8,7.8,16.8,0.462,5.2,9.1,0.571,1.3,2.6,0.5,2.6,3.9,6.5,2.6,2.6,1.3,0.0,1.3,0.0,1.3,22.0,-20.7,35.0,0,0,38.8,1,13222,1,13222,9716,7120,5996,12428,2070,4716,3506,12314,10997,10625,6372,14070,11229,14241,7916,9487,8263,5675,20257,15929,6203,21761,11077,2246,150,7482,1,27:48
2024-25,1630692,Jordan Goodwin,Jordan,1610612747,LAL,Los Angeles Lakers,0022400918,2025-03-08T00:00:00,LAL @ BOS,L,15.761666666666667,4.6,13.7,0.333,4.6,6.9,0.667,0.0,0.0,0.0,4.6,2.3,6.9,0.0,4.6,2.3,0.0,2.3,0.0,0.0,13.7,13.7,24.2,0,0,29.7,1,13222,1,13222,19099,15574,10650,17395,2942,8775,1957,13505,14344,13505,2845,18813,10426,19908,2898,5096,8263,2462,20257,17725,14276,6125,18803,2246,150,14168,1,15:46
2024-25,1631243,Mouhamed Gueye,Mouhamed,1610612737,ATL,Atlanta Hawks,0022400914,2025-03-08T00:00:00,ATL vs. IND,W,22.016666666666666,3.3,8.2,0.4,0.0,1.6,0.0,3.3,3.3,1.0,0.0,0.0,0.0,3.3,3.3,1.6,3.3,0.0,8.2,1.6,9.8,-9.8,26.2,0,0,22.9,1,1,13086,1,14487,18828,19981,14933,15070,20129,15070,7163,9376,1,14058,22137,23286,12076,5597,7870,1418,8846,1286,14502,18344,17798,17499,2246,150,19080,1,22:01
2024-25,1627752,Taurean Prince,Taurean,1610612749,MIL,Milwaukee Bucks,0022400917,2025-03-08T00:00:00,MIL vs. ORL,L,40.06666666666667,4.5,9.0,0.5,2.7,4.5,0.6,0.0,0.0,0.0,0.0,3.6,3.6,2.7,0.9,0.9,0.0,0.9,1.8,0.9,11.7,5.4,21.8,0,0,22.5,1,13222,1,13222,546,15805,18748,8526,7555,14448,2992,13505,14344,13505,14058,14943,18337,13923,16350,12672,8263,8667,16201,17665,16484,9894,20242,2246,150,19387,1,40:04
2024-25,1631245,Quenton Jackson,Quenton,1610612754,IND,Indiana Pacers,0022400914,2025-03-08T00:00:00,IND @ ATL,L,13.35,2.7,10.8,0.25,0.0,2.7,0.0,0.0,0.0,0.0,2.7,2.7,5.4,8.1,5.4,2.7,0.0,2.7,2.7,0.0,5.4,37.8,26.7,0,0,24.3,1,13222,1,13222,20566,20095,15721,20233,15070,18270,15070,13505,14344,13505,6115,17709,13829,2792,1907,3917,8263,1748,12058,17725,21801,1142,17158,2246,150,18155,1,13:21
2024-25,1630532,Franz Wagner,Franz,1610612753,ORL,Orlando Magic,0022400917,2025-03-08T00:00:00,ORL @ MIL,W,37.916666666666664,7.6,16.1,0.471,0.9,3.8,0.25,0.9,0.9,1.0,0.9,5.7,6.6,4.7,0.0,0.9,0.0,0.9,2.8,1.9,17.1,-3.8,35.0,0,0,31.3,1,1,13086,1,1431,7527,6913,12143,14792,16000,11902,13370,14281,1,13653,9050,10850,8057,16469,12352,8263,8347,11425,13518,10752,14950,11032,2246,150,12907,1,37:55
2024-25,1631260,AJ Green,AJ,1610612749,MIL,Milwaukee Bucks,0022400917,2025-03-08T00:00:00,MIL vs. ORL,L,28.303333333333335,0.0,3.8,0.0,0.0,3.8,0.0,0.0,0.0,0.0,0.0,2.5,2.5,5.1,1.3,3.8,0.0,0.0,2.5,3.8,0.0,6.4,20.9,0,0,15.3,1,13222,1,13222,9298,22635,24182,22635,15070,15967,15070,13505,14344,13505,14058,18075,20721,7273,13961,1832,8263,8846,12628,6810,23200,9444,20764,2246,150,22970,1,28:18
2024-25,1641730,Noah Clowney,Noah,1610612751,BKN,Brooklyn Nets,0022400912,2025-03-08T00:00:00,BKN @ CHA,L,18.1,0.0,9.9,0.0,0.0,9.9,0.0,0.0,0.0,0.0,0.0,8.0,8.0,2.0,0.0,2.0,0.0,2.0,2.0,2.0,0.0,-2.0,18.5,0,0,13.9,1,13222,1,13222,17498,22635,17157,22635,15070,3556,15070,13505,14344,13505,14058,4768,8353,16419,16469,6306,8263,3264,15212,13132,23200,14039,21886,2246,150,23440,1,18:06
2024-25,1630549,Day'Ron Sharpe,Day'Ron,1610612751,BKN,Brooklyn Nets,0022400912,2025-03-08T00:00:00,BKN @ CHA,L,19.35,1.9,5.6,0.333,0.0,3.7,0.0,3.7,3.7,1.0,1.9,3.7,5.6,1.9,1.9,3.7,3.7,0.0,1.9,1.9,7.4,1.9,37.4,0,0,29.8,1,13222,1,13222,16540,21641,23016,17395,15070,16164,15070,6242,8439,1,8986,14563,13329,16892,11271,1941,1072,8846,15887,13689,20372,11702,9413,2246,150,14125,1,19:21
2024-25,1631106,Tari Eason,Tari,1610612745,HOU,Houston Rockets,0022400913,2025-03-08T00:00:00,HOU vs. NOP,W,24.283333333333335,8.9,16.3,0.545,0.0,4.4,0.0,0.0,0.0,0.0,1.5,1.5,3.0,1.5,1.5,0.0,0.0,1.5,0.0,0.0,17.8,11.9,22.1,0,0,22.2,1,1,13086,1,12662,4894,6671,7695,15070,14573,15070,13505,14344,13505,10379,20906,19819,18046,12832,12854,8263,4837,20257,17725,10038,6855,20092,2246,150,19530,1,24:17
2024-25,1642273,Kyshawn George,Kyshawn,1610612764,WAS,Washington Wizards,0022400915,2025-03-08T00:00:00,WAS @ TOR,W,31.005,2.3,7.0,0.333,1.2,5.8,0.2,0.0,0.0,0.0,0.0,7.0,7.0,3.5,2.3,0.0,3.5,1.2,4.6,0.0,5.8,-4.6,27.5,0,0,24.4,1,1,13086,1,6871,20811,21606,17395,13591,11194,13429,13505,14344,13505,14058,6426,10213,11443,8981,12854,1242,6549,5429,17725,21524,15390,16567,2246,150,18090,1,31:00
2024-25,1630553,Keon Johnson,Keon,1610612751,BKN,Brooklyn Nets,0022400912,2025-03-08T00:00:00,BKN @ CHA,L,25.19,0.0,2.9,0.0,0.0,1.4,0.0,1.4,2.9,0.5,1.4,2.9,4.3,2.9,0.0,1.4,1.4,0.0,2.9,1.4,1.4,-8.6,19.4,0,0,14.3,1,13222,1,13222,11845,22635,24537,22635,15070,20350,15070,11957,10334,10625,10631,17210,16564,13421,16469,8759,5118,8846,11374,15327,23182,17218,21437,2246,150,23329,1,25:11
2024-25,1630541,Moses Moody,Moses,1610612744,GSW,Golden State Warriors,0022400919,2025-03-08T00:00:00,GSW vs. DET,W,36.43333333333333,3.0,10.9,0.273,2.0,4.9,0.4,4.0,4.0,1.0,4.0,3.0,6.9,3.0,2.0,3.0,0.0,1.0,3.0,2.0,11.9,2.0,31.5,0,0,29.6,1,1,13086,1,2379,19501,15568,20048,10262,13344,7874,5790,7939,1,3655,16840,10297,13042,10633,3237,8263,8023,10882,13176,16285,11637,13665,2246,150,14212,1,36:26
2024-25,1631213,Tyrese Martin,Tyrese,1610612751,BKN,Brooklyn Nets,0022400912,2025-03-08T00:00:00,BKN @ CHA,L,18.465,5.8,9.7,0.6,1.9,5.8,0.333,0.0,0.0,0.0,0.0,9.7,9.7,1.9,3.9,0.0,1.9,0.0,5.8,0.0,13.6,-21.4,30.2,0,0,31.2,1,13222,1,13222,17241,11956,17476,5394,10397,11079,9209,13505,14344,13505,14058,2773,5737,16560,4090,12854,3627,8846,3140,17725,14326,21951,14654,2246,150,13003,1,18:28
2024-25,202699,Tobias Harris,Tobias,1610612765,DET,Detroit Pistons,0022400919,2025-03-08T00:00:00,DET @ GSW,L,35.995,4.0,11.0,0.364,0.0,2.0,0.0,7.0,8.0,0.875,1.0,11.0,12.0,2.0,1.0,0.0,0.0,2.0,2.0,4.0,15.0,-6.0,31.4,1,0,29.0,1,13222,1,13222,2691,17086,15353,16861,15070,19562,15070,2008,2520,6931,13247,1900,3484,16373,15846,12854,8263,3234,15143,6302,12894,16063,13747,1,150,14699,1,35:60
2024-25,1630579,Jericho Sims,Jericho,1610612749,MIL,Milwaukee Bucks,0022400917,2025-03-08T00:00:00,MIL vs. ORL,L,12.5,2.9,2.9,1.0,0.0,0.0,0.0,0.0,0.0,0.0,0.0,5.8,5.8,0.0,2.9,0.0,8.6,0.0,2.9,0.0,5.8,-5.8,35.7,0,0,28.8,1,13222,1,13222,20992,19710,24529,1,15070,20945,15070,13505,14344,13505,14058,8882,12868,19908,6918,12854,115,8846,11276,17725,21559,15952,10570,2246,150,14855,1,12:30
2024-25,1629020,Jarred Vanderbilt,Jarred,1610612747,LAL,Los Angeles Lakers,0022400918,2025-03-08T00:00:00,LAL @ BOS,L,28.988333333333333,2.5,6.2,0.4,0.0,1.2,0.0,0.0,1.2,0.0,2.5,7.5,9.9,2.5,2.5,2.5,0.0,1.2,5.0,2.5,5.0,0.0,25.6,0,0,22.4,1,13222,1,13222,8685,20494,22413,14933,15070,20566,15070,13505,13821,13505,6663,5583,5506,14599,8315,4428,8263,5986,4688,11053,22029,12240,17889,2246,150,19452,1,28:59
2024-25,1630592,Jalen Wilson,Jalen,1610612751,BKN,Brooklyn Nets,0022400912,2025-03-08T00:00:00,BKN @ CHA,L,18.75,3.8,7.7,0.5,3.8,5.8,0.667,1.9,1.9,1.0,0.0,1.9,1.9,0.0,1.9,1.9,0.0,0.0,5.8,0.0,13.4,1.9,19.6,0,0,23.0,1,13222,1,13222,17005,17475,20677,8526,4340,11296,1957,10888,12931,1,14058,19919,21967,19908,10944,6665,8263,8846,3292,17725,14578,11669,21368,2246,150,18988,1,18:45
2024-25,1631216,Caleb Houstan,Caleb,1610612753,ORL,Orlando Magic,0022400917,2025-03-08T00:00:00,ORL @ MIL,W,6.416666666666667,5.6,22.4,0.25,5.6,22.4,0.25,0.0,0.0,0.0,0.0,0.0,0.0,0.0,0.0,0.0,0.0,0.0,5.6,0.0,16.8,28.1,16.8,0,0,22.4,1,1,13086,1,23402,12673,1613,20233,1656,160,11902,13505,14344,13505,14058,22137,23286,19908,16469,12854,8263,8846,3530,17725,11024,2260,22553,2246,150,19395,1,6:25
2024-25,1626172,Kevon Looney,Kevon,1610612744,GSW,Golden State Warriors,0022400919,2025-03-08T00:00:00,GSW vs. DET,W,11.173333333333334,3.2,3.2,1.0,0.0,0.0,0.0,0.0,0.0,0.0,3.2,9.7,12.9,3.2,3.2,0.0,0.0,0.0,9.7,0.0,6.4,-22.6,23.5,0,0,22.6,1,1,13086,1,21638,18947,24417,1,15070,20945,15070,13505,14344,13505,4898,2854,2881,12223,5756,12854,8263,8846,777,17725,21091,22231,19248,2246,150,19320,1,11:10
2024-25,201950,Jrue Holiday,Jrue,1610612738,BOS,Boston Celtics,0022400918,2025-03-08T00:00:00,BOS vs. LAL,W,34.7,3.1,6.2,0.5,1.0,3.1,0.333,0.0,0.0,0.0,4.1,1.0,5.2,1.0,2.1,0.0,0.0,0.0,2.1,0.0,7.3,9.3,13.0,0,0,14.5,1,1,13086,1,3691,19169,22395,8526,14324,17436,9209,13505,14344,13505,3369,21902,14305,19568,10129,12854,8263,8846,14727,17725,20516,8028,23779,2246,150,23246,1,34:42
2024-25,1641824,Matas Buzelis,Matas,1610612741,CHI,Chicago Bulls,0022400916,2025-03-08T00:00:00,CHI @ MIA,W,32.28666666666667,4.5,10.0,0.444,1.1,5.6,0.2,4.5,4.5,1.0,0.0,5.6,5.6,1.1,2.2,0.0,0.0,0.0,2.2,2.2,14.5,10.0,20.6,0,0,22.3,1,1,13086,1,5750,15893,16985,13045,13862,11783,13429,4894,6915,1,14058,9350,13346,19306,9384,12854,8263,8846,13961,12030,13421,7684,20889,2246,150,19491,1,32:17
2024-25,1641733,Nick Smith Jr.,Nick,1610612766,CHA,Charlotte Hornets,0022400912,2025-03-08T00:00:00,CHA vs. BKN,W,32.18333333333333,6.7,17.9,0.375,3.4,10.1,0.333,4.5,4.5,1.0,0.0,2.2,2.2,2.2,0.0,0.0,0.0,0.0,1.1,2.2,21.3,4.5,27.3,0,0,29.1,1,1,13086,1,5816,9658,4810,16299,5500,3422,9209,4873,6885,1,14058,18962,21343,15489,16469,12854,8263,8846,18994,11995,6877,10400,16749,2246,150,14636,1,32:11
2024-25,1630191,Isaiah Stewart,Isaiah,1610612765,DET,Detroit Pistons,0022400919,2025-03-08T00:00:00,DET @ GSW,L,17.133333333333333,4.2,6.3,0.667,0.0,0.0,0.0,6.3,6.3,1.0,0.0,6.3,6.3,2.1,4.2,0.0,0.0,0.0,8.4,6.3,14.7,12.6,21.2,0,0,23.1,1,13222,1,13222,18175,16589,22315,3281,15070,20945,15070,2589,4124,1,14058,7689,11596,15993,3494,12854,8263,8846,1183,2278,13188,6560,20585,2246,150,18927,1,17:08
2024-25,1630526,Jeremiah Robinson-Earl,Jeremiah,1610612740,NOP,New Orleans Pelicans,0022400913,2025-03-08T00:00:00,NOP @ HOU,L,20.983333333333334,5.1,10.3,0.5,1.7,5.1,0.333,0.0,0.0,0.0,1.7,5.1,6.9,1.7,0.0,0.0,0.0,0.0,1.7,0.0,12.0,-32.6,22.8,0,0,22.3,1,13222,1,13222,15304,13961,16570,8526,11354,12832,9209,13505,14344,13505,9518,10431,10405,17323,16469,12854,8263,8846,16480,17725,16124,24108,19672,2246,150,19488,1,20:59
2024-25,1629645,Kevin Porter Jr.,Kevin,1610612749,MIL,Milwaukee Bucks,0022400917,2025-03-08T00:00:00,MIL vs. ORL,L,22.785,7.9,9.5,0.833,3.2,3.2,1.0,0.0,0.0,0.0,0.0,3.2,3.2,3.2,3.2,1.6,0.0,0.0,4.7,1.6,19.0,9.5,29.1,0,0,31.6,1,13222,1,13222,13886,6850,17981,1514,6059,17343,1,13505,14344,13505,14058,16227,19345,12452,5951,8064,8263,8846,5193,14694,8897,7953,15439,2246,150,12705,1,22:47
2024-25,203952,Andrew Wiggins,Andrew,1610612748,MIA,Miami Heat,0022400916,2025-03-08T00:00:00,MIA vs. CHI,L,28.45,11.4,21.5,0.529,3.8,6.3,0.6,1.3,2.5,0.5,0.0,3.8,3.8,1.3,1.3,0.0,1.3,1.3,1.3,2.5,27.8,-5.1,36.8,0,0,39.2,1,13222,1,13222,9165,1950,2020,8281,4451,9927,2992,12403,11125,10625,14058,14329,17829,18772,14000,12854,5821,5837,18191,10870,2844,15629,9821,2246,150,7256,1,28:27
2024-25,1628371,Jonathan Isaac,Jonathan,1610612753,ORL,Orlando Magic,0022400917,2025-03-08T00:00:00,ORL @ MIL,W,9.483333333333333,7.6,7.6,1.0,0.0,0.0,0.0,0.0,0.0,0.0,0.0,3.8,3.8,0.0,3.8,0.0,0.0,0.0,3.8,0.0,15.2,22.8,15.9,0,0,19.0,1,1,13086,1,22281,7532,20802,1,15070,20945,15070,13505,14344,13505,14058,14329,17829,19908,4329,12854,8263,8846,7750,17725,12724,3300,22878,2246,150,21401,1,9:29
2024-25,203501,Tim Hardaway Jr.,Tim,1610612765,DET,Detroit Pistons,0022400919,2025-03-08T00:00:00,DET @ GSW,L,29.333333333333332,2.5,11.0,0.222,1.2,7.4,0.167,1.2,2.5,0.5,0.0,2.5,2.5,2.5,0.0,2.5,0.0,0.0,2.5,2.5,7.4,-4.9,21.4,0,0,18.4,1,13222,1,13222,8364,20546,15293,21205,13223,7697,14236,12510,11328,10625,14058,18315,20891,14697,16469,4525,8263,8846,12966,11145,20433,15533,20497,2246,150,21668,1,29:20
2024-25,1627780,Gary Payton II,Gary,1610612744,GSW,Golden State Warriors,0022400919,2025-03-08T00:00:00,GSW vs. DET,W,22.475,0.0,1.6,0.0,0.0,0.0,0.0,3.2,3.2,1.0,0.0,3.2,3.2,1.6,0.0,4.8,0.0,0.0,8.0,1.6,3.2,4.8,23.9,0,0,17.6,1,1,13086,1,14135,22635,24814,22635,15070,20945,15070,7325,9514,1,14058,16073,19226,17646,16469,1020,8263,8846,1362,14626,22890,10211,19046,2246,150,22026,1,22:29
2024-25,1629111,Jock Landale,Jock,1610612745,HOU,Houston Rockets,0022400913,2025-03-08T00:00:00,HOU vs. NOP,W,6.0,0.0,0.0,0.0,0.0,0.0,0.0,0.0,0.0,0.0,0.0,6.0,6.0,0.0,0.0,0.0,0.0,0.0,6.0,0.0,0.0,-36.0,7.2,0,0,6.0,1,1,13086,1,23599,22635,24836,22635,15070,20945,15070,13505,14344,13505,14058,8311,12271,19908,16469,12854,8263,8846,2940,17725,23200,24522,24799,2246,150,25006,1,6:00
2024-25,203914,Gary Harris,Gary,1610612753,ORL,Orlando Magic,0022400917,2025-03-08T00:00:00,ORL @ MIL,W,12.233333333333333,0.0,2.9,0.0,0.0,2.9,0.0,0.0,0.0,0.0,2.9,2.9,5.9,2.9,0.0,0.0,0.0,0.0,2.9,0.0,0.0,17.7,11.5,0,0,8.8,1,1,13086,1,21135,22635,24508,22635,15070,17768,15070,13505,14344,13505,5471,16917,12550,13118,16469,12854,8263,8846,10962,17725,23200,4688,24134,2246,150,24641,1,12:14
2024-25,1631197,Jared Rhoden,Jared,1610612761,TOR,Toronto Raptors,0022400915,2025-03-08T00:00:00,TOR vs. WAS,L,28.9,5.0,10.0,0.5,0.0,2.5,0.0,6.2,7.5,0.833,2.5,2.5,5.0,0.0,3.7,0.0,1.2,0.0,1.2,5.0,16.2,7.5,22.2,0,0,23.7,1,13222,1,13222,8761,14439,17111,8526,15070,18640,15070,2655,2926,7275,6632,18205,14836,19908,4469,12854,5915,8846,18296,4147,11730,8891,20041,2246,150,18567,1,28:54
2024-25,1628398,Kyle Kuzma,Kyle,1610612749,MIL,Milwaukee Bucks,0022400917,2025-03-08T00:00:00,MIL vs. ORL,L,39.123333333333335,2.8,9.2,0.3,0.0,1.8,0.0,4.6,7.4,0.625,0.0,7.4,7.4,0.0,0.9,0.0,0.0,0.0,1.8,4.6,10.1,2.8,18.0,0,0,17.5,1,13222,1,13222,838,19960,18406,19363,15070,19850,15070,4683,3035,10271,14058,5735,9450,19908,16287,12854,8263,8846,15989,4940,18028,11240,22079,2246,150,22088,1,39:07
2024-25,1629610,DaQuan Jeffries,DaQuan,1610612766,CHA,Charlotte Hornets,0022400912,2025-03-08T00:00:00,CHA vs. BKN,W,21.216666666666665,1.7,8.5,0.2,1.7,5.1,0.333,0.0,0.0,0.0,0.0,0.0,0.0,1.7,0.0,0.0,0.0,3.4,0.0,0.0,5.1,-3.4,7.6,0,0,8.5,1,1,13086,1,15144,21901,19514,21401,11409,12984,9209,13505,14344,13505,14058,22137,23286,17376,16469,12854,8263,998,20257,17725,21960,14754,24740,2246,150,24687,1,21:13
2024-25,1629216,Gabe Vincent,Gabe,1610612747,LAL,Los Angeles Lakers,0022400918,2025-03-08T00:00:00,LAL @ BOS,L,19.428333333333335,1.9,7.4,0.25,0.0,5.6,0.0,0.0,0.0,0.0,0.0,0.0,0.0,1.9,1.9,0.0,0.0,0.0,3.7,1.9,3.7,-33.4,4.6,0,0,5.6,1,13222,1,13222,16480,21657,21057,20233,15070,11819,15070,13505,14344,13505,14058,22137,23286,16921,11306,12854,8263,8846,8060,13720,22687,24211,25034,2246,150,25051,1,19:26
2024-25,1631323,Simone Fontecchio,Simone,1610612765,DET,Detroit Pistons,0022400919,2025-03-08T00:00:00,DET @ GSW,L,9.85,0.0,3.7,0.0,0.0,3.7,0.0,0.0,0.0,0.0,3.7,3.7,7.3,0.0,0.0,0.0,0.0,0.0,11.0,0.0,0.0,11.0,8.8,0,0,7.3,1,13222,1,13222,22150,22635,24248,22635,15070,16316,15070,13505,14344,13505,4113,14772,9554,19908,16469,12854,8263,8846,544,17725,23200,7254,24608,2246,150,24864,1,9:51
2024-25,1641763,Julian Phillips,Julian,1610612741,CHI,Chicago Bulls,0022400916,2025-03-08T00:00:00,CHI @ MIA,W,12.53,0.0,5.7,0.0,0.0,5.7,0.0,0.0,0.0,0.0,2.9,5.7,8.6,0.0,0.0,0.0,0.0,0.0,0.0,0.0,0.0,-28.7,10.3,0,0,8.6,1,1,13086,1,20980,22635,22864,22635,15070,11342,15070,13505,14344,13505,5658,8931,7276,19908,16469,12854,8263,8846,20257,17725,23200,23543,24360,2246,150,24660,1,12:32
2024-25,1630573,Sam Hauser,Sam,1610612738,BOS,Boston Celtics,0022400918,2025-03-08T00:00:00,BOS vs. LAL,W,11.5,0.0,3.1,0.0,0.0,3.1,0.0,0.0,0.0,0.0,0.0,0.0,0.0,0.0,0.0,0.0,0.0,0.0,3.1,0.0,0.0,-21.9,0.0,0,0,0.0,1,1,13086,1,21490,22635,24449,22635,15070,17401,15070,13505,14344,13505,14058,22137,23286,19908,16469,12854,8263,8846,10164,17725,23200,22048,25228,2246,150,25259,1,11:30
2024-25,1642258,Zaccharie Risacher,Zaccharie,1610612737,ATL,Atlanta Hawks,0022400914,2025-03-08T00:00:00,ATL vs. IND,W,22.333333333333332,4.8,11.3,0.429,0.0,4.8,0.0,0.0,0.0,0.0,1.6,0.0,1.6,0.0,3.2,0.0,3.2,1.6,1.6,0.0,9.7,-25.8,18.1,0,0,17.7,1,1,13086,1,14245,14845,14856,13735,15070,13608,15070,13505,14344,13505,9875,22137,22426,19908,5742,12854,1452,4403,16826,17725,18465,22984,22069,2246,150,21975,1,22:20
2024-25,1629659,Talen Horton-Tucker,Talen,1610612741,CHI,Chicago Bulls,0022400916,2025-03-08T00:00:00,CHI @ MIA,W,5.833333333333333,0.0,6.2,0.0,0.0,6.2,0.0,0.0,0.0,0.0,0.0,12.3,12.3,12.3,0.0,0.0,0.0,0.0,0.0,0.0,0.0,6.2,33.3,0,0,24.7,1,1,13086,1,23649,22635,22448,22635,15070,10258,15070,13505,14344,13505,14058,1209,3235,646,16469,12854,8263,8846,20257,17725,23200,9532,12326,2246,150,17899,1,5:50
2024-25,1630559,Austin Reaves,Austin,1610612747,LAL,Los Angeles Lakers,0022400918,2025-03-08T00:00:00,LAL @ BOS,L,38.555,4.7,11.2,0.417,3.7,6.5,0.571,1.9,1.9,1.0,0.9,1.9,2.8,1.9,0.9,0.9,0.0,0.0,0.0,0.9,14.9,-11.2,23.0,0,0,25.2,1,13222,1,13222,1084,15319,15012,14532,4611,9463,3506,11059,13072,1,13754,20052,20252,16866,16226,12485,8263,8846,20257,17596,12972,18407,19582,2246,150,17508,1,38:33
2024-25,1630700,Dyson Daniels,Dyson,1610612737,ATL,Atlanta Hawks,0022400914,2025-03-08T00:00:00,ATL vs. IND,W,34.7,4.1,10.4,0.4,2.1,3.1,0.667,0.0,0.0,0.0,1.0,5.2,6.2,4.1,0.0,5.2,0.0,1.0,2.1,2.1,10.4,16.6,39.6,0,0,33.2,1,1,13086,1,3691,16729,16426,14933,9795,17436,1957,13505,14344,13505,12963,10319,11772,9526,16469,791,8263,7600,14727,12737,17785,5040,8003,2246,150,11500,1,34:42
2024-25,1642276,Kel'el Ware,Kel'el,1610612748,MIA,Miami Heat,0022400916,2025-03-08T00:00:00,MIA vs. CHI,L,26.5,4.1,9.5,0.429,0.0,2.7,0.0,1.4,2.7,0.5,2.7,13.6,16.3,0.0,2.7,2.7,2.7,0.0,4.1,1.4,9.5,6.8,42.7,0,0,36.7,1,13222,1,13222,10724,16905,17929,13735,15070,18225,15070,12141,10696,10625,6051,851,1322,19908,7476,3869,2053,8846,6918,15628,18626,9239,6282,2246,150,8932,1,26:30
2024-25,1642259,Alex Sarr,Alex,1610612764,WAS,Washington Wizards,0022400915,2025-03-08T00:00:00,WAS @ TOR,W,28.133333333333333,6.4,20.5,0.313,0.0,3.8,0.0,0.0,2.6,0.0,3.8,14.1,17.9,3.8,3.8,0.0,1.3,1.3,2.6,3.8,12.8,9.0,40.1,1,0,37.1,1,1,13086,1,9432,10455,2652,19175,15070,15918,15070,13505,11069,13505,3823,746,928,10396,4207,12854,5739,5758,12567,6745,15294,8201,7730,1,150,8643,1,28:08
2024-25,1628389,Bam Adebayo,Bam,1610612748,MIA,Miami Heat,0022400916,2025-03-08T00:00:00,MIA vs. CHI,L,38.06666666666667,7.6,16.1,0.471,0.9,3.8,0.25,4.7,5.7,0.833,0.9,4.7,5.7,1.9,1.9,1.9,0.0,0.0,0.9,3.8,20.8,-3.8,34.2,0,0,33.1,1,13222,1,13222,1345,7613,7006,12143,14808,16035,11902,4462,4926,7275,13682,11618,13097,16783,11095,6810,8263,8846,19991,6899,7231,14938,11626,2246,150,11573,1,38:04
2024-25,1631105,Jalen Duren,Jalen,1610612765,DET,Detroit Pistons,0022400919,2025-03-08T00:00:00,DET @ GSW,L,29.35,7.4,13.5,0.545,0.0,0.0,0.0,1.2,3.7,0.333,6.1,9.8,15.9,2.5,1.2,1.2,0.0,1.2,6.1,2.5,15.9,-19.6,41.2,1,0,36.8,1,13222,1,13222,8346,8103,11019,7695,15070,20945,15070,12511,8528,13132,1549,2718,1448,14702,14253,9966,8263,6081,2785,11152,11972,21441,7043,1,150,8848,1,29:21
2024-25,1642274,Yves Missi,Yves,1610612740,NOP,New Orleans Pelicans,0022400913,2025-03-08T00:00:00,NOP @ HOU,L,27.95,7.7,9.0,0.857,0.0,0.0,0.0,2.6,2.6,1.0,5.2,2.6,7.7,5.2,1.3,1.3,0.0,0.0,2.6,1.3,18.0,-9.0,37.6,0,0,33.5,1,13222,1,13222,9582,7200,18691,1412,15070,20945,15070,8865,11033,1,2246,17998,8758,7130,13862,9530,8263,8846,12509,15958,9804,17430,9281,2246,150,11249,1,27:57
2024-25,1642419,Jamison Battle,Jamison,1610612761,TOR,Toronto Raptors,0022400915,2025-03-08T00:00:00,TOR vs. WAS,L,21.2,6.8,11.9,0.571,5.1,8.5,0.6,0.0,0.0,0.0,6.8,6.8,13.6,0.0,1.7,0.0,0.0,0.0,1.7,0.0,18.7,8.5,33.3,0,0,37.4,1,13222,1,13222,15154,9434,13785,6538,2160,5600,2992,13505,14344,13505,1231,6716,2439,19908,11929,12854,8263,8846,16543,17725,9140,8404,12364,2246,150,8467,1,21:12
2024-25,1641715,Cam Whitmore,Cam,1610612745,HOU,Houston Rockets,0022400913,2025-03-08T00:00:00,HOU vs. NOP,W,7.733333333333333,9.3,14.0,0.667,0.0,4.7,0.0,18.6,18.6,1.0,0.0,0.0,0.0,9.3,0.0,0.0,0.0,0.0,0.0,9.3,37.2,-18.6,51.2,0,0,46.6,1,1,13086,1,22912,4184,10220,3281,15070,14066,15070,93,165,1,14058,22137,23286,1801,16469,12854,8263,8846,20257,564,672,21104,2927,2246,150,3648,1,7:44
2024-25,1629611,Terance Mann,Terance,1610612737,ATL,Atlanta Hawks,0022400914,2025-03-08T00:00:00,ATL vs. IND,W,19.14,3.8,13.2,0.286,0.0,7.5,0.0,3.8,3.8,1.0,3.8,5.6,9.4,7.5,0.0,0.0,0.0,1.9,5.6,1.9,11.3,-5.6,33.9,0,0,28.2,1,1,13086,1,16722,17671,11562,19630,15070,7353,15070,6164,8346,1,3951,9184,6179,3368,16469,12854,8263,3623,3478,13586,16904,15896,11926,2246,150,15282,1,19:08
2024-25,1628436,Luke Kornet,Luke,1610612738,BOS,Boston Celtics,0022400918,2025-03-08T00:00:00,BOS vs. LAL,W,10.778333333333334,10.0,10.0,1.0,0.0,0.0,0.0,0.0,6.7,0.0,10.0,3.3,13.4,0.0,0.0,0.0,0.0,0.0,3.3,3.3,20.0,-20.0,36.1,0,0,33.4,1,1,13086,1,21813,3202,17022,1,15070,20945,15070,13505,3680,13505,401,15668,2573,19908,16469,12854,8263,8846,9293,8126,7894,21561,10315,2246,150,11324,1,10:47
2024-25,2544,LeBron James,LeBron,1610612747,LAL,Los Angeles Lakers,0022400918,2025-03-08T00:00:00,LAL @ BOS,L,34.5,11.5,24.0,0.478,0.0,6.3,0.0,0.0,3.1,0.0,2.1,12.5,14.6,9.4,1.0,0.0,0.0,1.0,3.1,3.1,23.0,-11.5,53.5,1,0,47.0,1,13222,1,13222,3852,1883,1050,11986,15070,10057,15070,13505,9642,13505,8003,1151,1957,1763,15533,12854,8263,7541,10164,8781,5520,18525,2321,1,150,3488,1,34:30
2024-25,1629651,Nic Claxton,Nic,1610612751,BKN,Brooklyn Nets,0022400912,2025-03-08T00:00:00,BKN @ CHA,L,28.65,5.0,6.3,0.8,0.0,0.0,0.0,0.0,0.0,0.0,3.8,3.8,7.5,2.5,0.0,0.0,2.5,0.0,2.5,1.3,10.1,-5.0,30.4,0,0,25.1,1,13222,1,13222,8973,14302,22338,1688,15070,20945,15070,13505,14344,13505,3927,14413,9093,14495,16469,12854,2348,8846,12741,16100,18108,15602,14494,2246,150,17576,1,28:39
2024-25,201939,Stephen Curry,Stephen,1610612744,GSW,Golden State Warriors,0022400919,2025-03-08T00:00:00,GSW vs. DET,W,33.44833333333333,8.6,23.7,0.364,4.3,16.1,0.267,12.9,12.9,1.0,1.1,2.2,3.2,4.3,4.3,1.1,0.0,1.1,1.1,7.5,34.4,11.8,43.7,0,0,48.4,1,1,13086,1,4777,5420,1159,16861,3380,509,11897,267,600,1,12668,19200,19151,9112,3316,11225,8263,7259,19237,1307,1051,6865,5810,2246,150,3005,1,33:27
2024-25,1626179,Terry Rozier,Terry,1610612748,MIA,Miami Heat,0022400916,2025-03-08T00:00:00,MIA vs. CHI,L,27.283333333333335,6.6,11.9,0.556,6.6,11.9,0.556,0.0,0.0,0.0,1.3,4.0,5.3,0.0,0.0,2.6,0.0,0.0,1.3,1.3,19.8,-1.3,34.0,0,0,36.9,1,13222,1,13222,10113,9939,13815,7248,948,1851,3747,13505,14344,13505,11103,13844,14098,19908,16469,4047,8263,8846,17956,15811,8079,13726,11770,2246,150,8762,1,27:17
2024-25,1630174,Aaron Nesmith,Aaron,1610612754,IND,Indiana Pacers,0022400914,2025-03-08T00:00:00,IND @ ATL,L,33.766666666666666,6.4,12.8,0.5,2.1,6.4,0.333,0.0,0.0,0.0,0.0,1.1,1.1,2.1,2.1,2.1,0.0,1.1,3.2,0.0,14.9,8.5,23.7,0,0,24.5,1,13222,1,13222,4465,10458,12225,8526,9545,9758,9209,13505,14344,13505,14058,21836,23132,15881,9829,5646,8263,7355,9877,17725,12991,8392,19167,2246,150,17993,1,33:46
2024-25,1630530,Trey Murphy III,Trey,1610612740,NOP,New Orleans Pelicans,0022400913,2025-03-08T00:00:00,NOP @ HOU,L,31.333333333333332,6.9,13.8,0.5,0.0,4.6,0.0,1.1,2.3,0.5,2.3,3.4,5.7,2.3,2.3,0.0,1.1,0.0,2.3,2.3,14.9,-17.2,26.4,0,0,25.3,1,13222,1,13222,6570,9176,10513,8526,15070,14200,15070,12758,11784,10625,7250,15381,12915,15238,9080,12854,6495,8846,13658,11750,12976,20698,17333,2246,150,17454,1,31:20
2024-25,1630611,Gui Santos,Gui,1610612744,GSW,Golden State Warriors,0022400919,2025-03-08T00:00:00,GSW vs. DET,W,24.845,7.2,11.6,0.625,1.4,2.9,0.5,5.8,8.7,0.667,2.9,5.8,8.7,1.4,0.0,0.0,1.4,1.4,8.7,7.2,21.7,17.4,38.7,0,0,36.2,1,1,13086,1,12144,8348,14323,4899,12256,17872,3944,3089,2055,9425,5601,8800,7175,18181,16469,12854,5040,4989,1070,1482,6438,4777,8603,2246,150,9207,1,24:51
2024-25,203500,Steven Adams,Steven,1610612745,HOU,Houston Rockets,0022400913,2025-03-08T00:00:00,HOU vs. NOP,W,18.266666666666666,5.9,9.9,0.6,0.0,0.0,0.0,0.0,0.0,0.0,5.9,9.9,15.8,3.9,2.0,3.9,3.9,0.0,3.9,2.0,11.8,31.5,58.3,0,0,47.3,1,1,13086,1,17395,11770,17321,5394,15070,20945,15070,13505,14344,13505,1667,2686,1494,10100,10657,1690,949,8846,7305,13208,16317,1778,1426,2246,150,3373,1,18:16
2024-25,1628989,Kevin Huerter,Kevin,1610612741,CHI,Chicago Bulls,0022400916,2025-03-08T00:00:00,CHI @ MIA,W,29.9,4.8,15.7,0.308,1.2,10.8,0.111,2.4,4.8,0.5,0.0,3.6,3.6,0.0,2.4,3.6,0.0,0.0,1.2,2.4,13.2,16.9,26.0,0,0,25.3,1,1,13086,1,7869,14897,7614,19226,13339,2635,15003,9317,6265,10625,14058,14889,18292,19908,8619,2080,8263,8846,18514,11318,14819,4955,17612,2246,150,17449,1,29:54
2024-25,1631466,Nate Williams,Nate,1610612745,HOU,Houston Rockets,0022400913,2025-03-08T00:00:00,HOU vs. NOP,W,6.0,6.0,24.0,0.25,6.0,18.0,0.333,0.0,0.0,0.0,0.0,0.0,0.0,0.0,0.0,6.0,6.0,0.0,6.0,0.0,18.0,-36.0,54.0,0,0,48.0,1,1,13086,1,23599,11500,1050,20233,1297,332,9209,13505,14344,13505,14058,22137,23286,19908,16469,465,310,8846,2940,17725,9827,24522,2201,2246,150,3132,1,6:00
2024-25,1630595,Cade Cunningham,Cade,1610612765,DET,Detroit Pistons,0022400919,2025-03-08T00:00:00,DET @ GSW,L,37.56666666666667,9.6,16.3,0.588,1.9,2.9,0.667,8.6,9.6,0.9,0.0,3.8,3.8,4.8,8.6,1.9,1.9,0.0,1.9,5.7,29.7,3.8,44.4,0,0,47.9,1,13222,1,13222,1648,3752,6703,6229,10558,17907,1957,1137,1552,6805,14058,14224,17740,7940,478,6680,3715,8846,15582,2972,2190,10735,5482,2246,150,3172,1,37:34
2024-25,1631321,Sidy Cissoko,Sidy,1610612757,POR,Portland Trail Blazers,0022400908,2025-03-07T00:00:00,POR @ OKC,L,1.4166666666666667,0.0,0.0,0.0,0.0,0.0,0.0,0.0,0.0,0.0,25.4,0.0,25.4,0.0,0.0,0.0,0.0,0.0,0.0,0.0,0.0,-50.8,30.5,0,0,25.4,1,13222,1,13222,25854,22635,24836,22635,15070,20945,15070,13505,14344,13505,27,22137,186,19908,16469,12854,8263,8846,20257,17725,23200,25425,14430,2246,150,17343,1,1:25
2024-25,1641713,GG Jackson,GG,1610612763,MEM,Memphis Grizzlies,0022400906,2025-03-07T00:00:00,MEM @ DAL,W,12.678333333333333,5.7,11.4,0.5,2.8,2.8,1.0,0.0,0.0,0.0,0.0,5.7,5.7,0.0,2.8,0.0,2.8,0.0,0.0,2.8,14.2,-17.0,26.7,0,0,28.4,1,1,13086,1,20908,12486,14742,8526,7086,17981,1,13505,14344,13505,14058,9096,13087,19908,7068,12854,1896,8846,20257,9823,13730,20636,17161,2246,150,15152,1,12:41
2024-25,1628969,Mikal Bridges,Mikal,1610612752,NYK,New York Knicks,0022400911,2025-03-07T00:00:00,NYK @ LAC,L,42.595,6.8,10.1,0.667,0.0,0.8,0.0,5.1,5.1,1.0,1.7,1.7,3.4,4.2,3.4,0.0,0.8,0.8,1.7,4.2,18.6,-6.8,28.1,0,0,27.9,1,13222,1,13222,192,9524,16835,3281,15070,20938,15070,3931,5797,1,9611,20487,18814,9326,5283,12854,8197,8778,16562,5778,9227,16402,16109,2246,150,15504,1,42:36
2024-25,1626168,Trey Lyles,Trey,1610612758,SAC,Sacramento Kings,0022400910,2025-03-07T00:00:00,SAC vs. SAS,W,16.016666666666666,4.5,11.2,0.4,2.2,6.7,0.333,2.2,9.0,0.25,2.2,4.5,6.7,11.2,0.0,0.0,0.0,0.0,2.2,6.7,13.5,-13.5,38.4,0,0,33.7,1,1,13086,1,18915,15796,14961,14933,9054,9030,9209,9788,1879,13358,7429,12273,10649,925,16469,12854,8263,8846,13888,1867,14519,19299,8751,2246,150,11064,1,16:01
2024-25,1631099,Keegan Murray,Keegan,1610612758,SAC,Sacramento Kings,0022400910,2025-03-07T00:00:00,SAC vs. SAS,W,34.925,7.2,14.4,0.5,3.1,7.2,0.429,2.1,2.1,1.0,2.1,7.2,9.3,1.0,0.0,0.0,2.1,0.0,1.0,2.1,19.6,19.6,38.4,0,0,37.1,1,1,13086,1,3525,8417,9469,8526,6235,8018,7394,10434,12549,1,8116,5976,6344,19587,16469,12854,3314,8846,19525,12797,8277,4078,8741,2246,150,8644,1,34:56
2024-25,1628978,Donte DiVincenzo,Donte,1610612750,MIN,Minnesota Timberwolves,0022400907,2025-03-07T00:00:00,MIN @ MIA,W,31.075,7.0,15.1,0.462,3.5,10.4,0.333,0.0,2.3,0.0,2.3,4.6,7.0,4.6,1.2,1.2,1.2,0.0,0.0,2.3,17.4,-2.3,38.5,0,0,37.1,1,1,13086,1,6820,9047,8503,12428,5205,3040,9209,13505,11731,13505,7187,11901,10236,8341,14740,10515,6433,8846,20257,11681,10444,14217,8729,2246,150,8678,1,31:05
2024-25,1631101,Shaedon Sharpe,Shaedon,1610612757,POR,Portland Trail Blazers,0022400908,2025-03-07T00:00:00,POR @ OKC,L,35.8,7.0,14.1,0.5,2.0,7.0,0.286,3.0,3.0,1.0,0.0,3.0,3.0,2.0,5.0,1.0,0.0,0.0,1.0,3.0,19.1,-18.1,23.7,0,0,28.2,1,13222,1,13222,2822,8840,10043,8526,10115,8378,11433,7759,9933,1,14058,16655,19676,16333,2307,11904,8263,8846,19675,9173,8751,20965,19142,2246,150,15326,1,35:48
2024-25,1641740,Jaylen Clark,Jaylen,1610612750,MIN,Minnesota Timberwolves,0022400907,2025-03-07T00:00:00,MIN @ MIA,W,11.55,6.2,6.2,1.0,0.0,0.0,0.0,0.0,0.0,0.0,0.0,0.0,0.0,0.0,0.0,6.2,0.0,0.0,9.4,0.0,12.5,-18.7,31.2,0,0,24.9,1,1,13086,1,21471,10880,22384,1,15070,20945,15070,13505,14344,13505,14058,22137,23286,19908,16469,423,8263,8846,855,17725,15631,21141,13928,2246,150,17735,1,11:33
2024-25,1631104,Blake Wesley,Blake,1610612759,SAS,San Antonio Spurs,0022400910,2025-03-07T00:00:00,SAS @ SAC,L,2.216666666666667,16.2,16.2,1.0,0.0,0.0,0.0,0.0,0.0,0.0,0.0,0.0,0.0,16.2,0.0,0.0,0.0,0.0,0.0,0.0,32.5,0.0,56.8,0,0,48.7,1,13222,1,13222,25342,335,6763,1,15070,20945,15070,13505,14344,13505,14058,22137,23286,196,16469,12854,8263,8846,20257,17725,1419,12240,1669,2246,150,2913,1,2:13
2024-25,203084,Harrison Barnes,Harrison,1610612759,SAS,San Antonio Spurs,0022400910,2025-03-07T00:00:00,SAS @ SAC,L,25.7,5.6,8.4,0.667,5.6,7.0,0.8,0.0,2.8,0.0,0.0,2.8,2.8,0.0,1.4,1.4,0.0,0.0,0.0,1.4,16.8,-26.6,23.0,0,0,28.0,1,13222,1,13222,11405,12695,19633,3281,1663,8457,1389,13505,10486,13505,14058,17393,20249,19908,13277,8892,8263,8846,20257,15449,11049,23153,19580,2246,150,15412,1,25:42
2024-25,1641871,Duop Reath,Duop,1610612757,POR,Portland Trail Blazers,0022400908,2025-03-07T00:00:00,POR @ OKC,L,20.633333333333333,5.2,10.5,0.5,3.5,8.7,0.4,0.0,0.0,0.0,3.5,1.7,5.2,3.5,1.7,1.7,1.7,0.0,1.7,0.0,14.0,10.5,34.2,0,0,33.2,1,13222,1,13222,15533,13715,16278,8526,5165,5228,7874,13505,14344,13505,4389,20363,14204,11415,11766,7468,4178,8846,16388,17725,13981,7481,11653,2246,150,11529,1,20:38
2024-25,202695,Kawhi Leonard,Kawhi,1610612746,LAC,LA Clippers,0022400911,2025-03-07T00:00:00,LAC vs. NYK,W,37.065,5.8,17.5,0.333,1.0,5.8,0.167,6.8,7.8,0.875,1.9,4.9,6.8,5.8,1.9,1.9,0.0,0.0,1.9,4.9,19.4,2.9,40.2,0,0,36.9,1,1,13086,1,1954,12031,5263,17395,14695,11135,14236,2161,2691,6931,8653,11264,10533,5800,10836,6549,8263,8846,15444,4378,8440,11167,7628,2246,150,8784,1,37:04
2024-25,1628379,Luke Kennard,Luke,1610612763,MEM,Memphis Grizzlies,0022400906,2025-03-07T00:00:00,MEM @ DAL,W,25.796666666666667,4.2,9.8,0.429,1.4,4.2,0.333,0.0,0.0,0.0,0.0,1.4,1.4,4.2,2.8,2.8,1.4,0.0,0.0,0.0,9.8,18.1,27.5,0,0,25.1,1,1,13086,1,11338,16626,17440,13735,12467,15149,9209,13505,14344,13505,14058,21099,22702,9421,7254,3708,5246,8846,20257,17725,18379,4507,16587,2246,150,17581,1,25:48
2024-25,1641729,Brice Sensabaugh,Brice,1610612762,UTA,Utah Jazz,0022400905,2025-03-07T00:00:00,UTA @ TOR,L,22.716666666666665,6.3,14.3,0.444,4.8,9.5,0.5,0.0,0.0,0.0,1.6,4.8,6.3,0.0,1.6,0.0,0.0,0.0,1.6,0.0,17.4,-23.8,23.5,0,0,28.5,1,13222,1,13222,13938,10590,9750,13045,2637,4097,3944,13505,14344,13505,9980,11560,11524,19908,12401,12854,8263,8846,16915,17725,10394,22518,19281,2246,150,15056,1,22:43
2024-25,1629634,Brandon Clarke,Brandon,1610612763,MEM,Memphis Grizzlies,0022400906,2025-03-07T00:00:00,MEM @ DAL,W,26.245,8.2,13.7,0.6,0.0,0.0,0.0,6.9,8.2,0.833,2.7,8.2,11.0,2.7,0.0,0.0,5.5,1.4,2.7,4.1,23.3,9.6,57.1,0,0,48.0,1,1,13086,1,10960,6144,10626,5394,15070,20945,15070,2112,2366,7275,5998,4380,4430,13777,16469,12854,397,5300,11872,6016,5269,7890,1623,2246,150,3131,1,26:15
2024-25,1629130,Duncan Robinson,Duncan,1610612748,MIA,Miami Heat,0022400907,2025-03-07T00:00:00,MIA vs. MIN,L,27.803333333333335,6.5,11.7,0.556,5.2,9.1,0.571,1.3,2.6,0.5,0.0,5.2,5.2,1.3,1.3,2.6,0.0,0.0,1.3,3.9,19.4,29.8,34.1,0,0,36.3,1,13222,1,13222,9715,10249,14211,7248,2072,4718,3506,12316,11002,10625,14058,10337,14322,18676,13824,4157,8263,8846,18050,6618,8444,1996,11759,2246,150,9185,1,27:48
2024-25,1641739,Toumani Camara,Toumani,1610612757,POR,Portland Trail Blazers,0022400908,2025-03-07T00:00:00,POR @ OKC,L,33.733333333333334,2.1,13.9,0.154,1.1,6.4,0.167,2.1,4.3,0.5,3.2,7.5,10.7,2.1,2.1,1.1,2.1,0.0,1.1,1.1,7.5,-34.2,30.9,0,0,27.7,1,13222,1,13222,4498,21173,10390,22243,14148,9741,14236,10189,7272,10625,4940,5554,4745,15873,9819,11321,3111,8846,19298,17079,20343,24325,14088,2246,150,15613,1,33:44
2024-25,1630183,Jaden McDaniels,Jaden,1610612750,MIN,Minnesota Timberwolves,0022400907,2025-03-07T00:00:00,MIN @ MIA,W,34.93333333333333,6.2,12.4,0.5,1.0,4.1,0.25,0.0,0.0,0.0,1.0,5.2,6.2,4.1,0.0,0.0,0.0,1.0,3.1,0.0,13.4,9.3,27.0,0,0,24.7,1,1,13086,1,3514,11011,12948,8526,14360,15293,11902,13505,14344,13505,13025,10414,11865,9601,16469,12854,8263,7658,10304,17725,14619,8058,16932,2246,150,17867,1,34:56
2024-25,1631115,Orlando Robinson,Orlando,1610612761,TOR,Toronto Raptors,0022400905,2025-03-07T00:00:00,TOR vs. UTA,W,24.666666666666668,4.4,14.6,0.3,1.5,2.9,0.5,0.0,0.0,0.0,2.9,7.3,10.2,2.9,2.9,2.9,1.5,2.9,2.9,0.0,10.2,11.7,37.1,0,0,33.6,1,1,13086,1,12303,16128,9207,19363,12213,17821,3944,13505,14344,13505,5540,5827,5217,13206,6771,3350,4999,1428,11095,17725,17935,6941,9650,2246,150,11188,1,24:40
2024-25,201587,Nicolas Batum,Nicolas,1610612746,LAC,LA Clippers,0022400911,2025-03-07T00:00:00,LAC vs. NYK,W,34.28333333333333,6.3,9.5,0.667,5.3,7.4,0.714,0.0,0.0,0.0,1.1,3.2,4.2,1.1,3.2,2.1,2.1,0.0,2.1,0.0,17.9,7.4,33.9,0,0,36.8,1,1,13086,1,4024,10711,18039,3281,1998,7723,1861,13505,14344,13505,12873,16257,16806,19526,5983,5783,3208,8846,14610,17725,9967,8960,11878,2246,150,8876,1,34:17
2024-25,201566,Russell Westbrook,Russell,1610612743,DEN,Denver Nuggets,0022400909,2025-03-07T00:00:00,DEN vs. PHX,W,25.745,8.4,15.4,0.545,1.4,2.8,0.5,1.4,1.4,1.0,2.8,1.4,4.2,5.6,2.8,1.4,0.0,0.0,2.8,1.4,19.6,-15.4,34.4,0,0,33.6,1,1,13086,1,11370,5821,7989,7695,12460,18064,3944,12019,13594,1,5872,21092,16826,6264,7232,8914,8263,8846,11663,15462,8283,20046,11512,2246,150,11194,1,25:45
2024-25,203897,Zach LaVine,Zach,1610612758,SAC,Sacramento Kings,0022400910,2025-03-07T00:00:00,SAC vs. SAS,W,38.63333333333333,13.0,20.5,0.636,6.5,10.3,0.636,0.9,0.9,1.0,0.0,3.7,3.7,2.8,0.9,0.0,0.0,0.9,1.9,0.9,33.5,21.4,41.3,0,0,46.6,1,1,13086,1,1042,1017,2641,4689,994,3211,2842,13411,14294,1,14058,14544,17999,13599,16237,12854,8263,8479,15871,17598,1207,3586,7002,2246,150,3633,1,38:38
2024-25,201942,DeMar DeRozan,DeMar,1610612758,SAC,Sacramento Kings,0022400910,2025-03-07T00:00:00,SAC vs. SAS,W,38.1,7.6,18.0,0.421,0.9,3.8,0.25,4.7,5.7,0.833,1.9,6.6,8.5,6.6,2.8,0.0,0.0,0.9,2.8,4.7,20.8,11.3,38.1,0,0,36.9,1,1,13086,1,1325,7625,4750,14442,14813,16041,11902,4476,4938,7275,8861,7067,7465,4557,7096,12854,8263,8379,11489,4673,7243,7080,8975,2246,150,8813,1,38:06
2024-25,1629630,Ja Morant,Ja,1610612763,MEM,Memphis Grizzlies,0022400906,2025-03-07T00:00:00,MEM @ DAL,W,35.335,13.2,29.5,0.448,1.0,5.1,0.2,4.1,5.1,0.8,1.0,3.1,4.1,8.2,3.1,1.0,0.0,2.0,3.1,3.1,31.6,16.3,48.7,0,0,46.9,1,1,13086,1,3200,935,300,13041,14429,12979,13429,5574,5770,7681,13105,16532,17134,2745,6264,11774,8263,3107,10456,9049,1615,5142,3742,2246,150,3530,1,35:20
2024-25,1631110,Jeremy Sochan,Jeremy,1610612759,SAS,San Antonio Spurs,0022400910,2025-03-07T00:00:00,SAS @ SAC,L,24.6,5.9,13.2,0.444,0.0,1.5,0.0,1.5,5.9,0.25,4.4,7.3,11.7,2.9,1.5,0.0,0.0,2.9,4.4,4.4,13.2,1.5,30.1,0,0,27.8,1,13222,1,13222,12377,11936,11539,13045,15070,20306,15070,11868,4677,13358,3066,5811,3748,13177,12941,12854,8263,1421,6044,5380,14914,11886,14703,2246,150,15580,1,24:36
2024-25,1629626,Bol Bol,Bol,1610612756,PHX,Phoenix Suns,0022400909,2025-03-07T00:00:00,PHX @ DEN,L,13.633333333333333,5.3,15.8,0.333,2.6,13.2,0.2,0.0,0.0,0.0,2.6,10.6,13.2,2.6,0.0,2.6,0.0,0.0,2.6,0.0,13.2,-18.5,40.9,0,0,37.0,1,13222,1,13222,20399,13588,7357,17395,7709,1205,13429,13505,14344,13505,6243,2184,2665,14080,16469,4041,8263,8846,12276,17725,14867,21062,7211,2246,150,8740,1,13:38
2024-25,1630658,Colin Castleton,Colin,1610612761,TOR,Toronto Raptors,0022400905,2025-03-07T00:00:00,TOR vs. UTA,W,23.333333333333332,1.5,4.6,0.333,0.0,0.0,0.0,0.0,0.0,0.0,3.1,7.7,10.8,7.7,1.5,3.1,0.0,1.5,9.3,0.0,3.1,1.5,35.3,0,0,27.8,1,1,13086,1,13435,22124,23727,17395,15070,20945,15070,13505,14344,13505,5160,5141,4592,3165,12569,2961,8263,4613,886,17725,22933,11853,10847,2246,150,15600,1,23:20
2024-25,1642275,Tidjane Salaün,Tidjane,1610612766,CHA,Charlotte Hornets,0022400904,2025-03-07T00:00:00,CHA vs. CLE,L,17.645,6.1,10.2,0.6,6.1,10.2,0.6,0.0,0.0,0.0,4.1,8.2,12.2,6.1,2.0,2.0,0.0,0.0,2.0,0.0,18.4,4.1,46.3,0,0,46.9,1,13222,1,13222,17835,11161,16730,5394,1214,3274,2992,13505,14344,13505,3479,4473,3313,5294,10298,6056,8263,8846,14916,17725,9452,10603,4615,2246,150,3514,1,17:39
2024-25,1630170,Devin Vassell,Devin,1610612759,SAS,San Antonio Spurs,0022400910,2025-03-07T00:00:00,SAS @ SAC,L,33.95,4.2,13.8,0.308,2.1,8.5,0.25,0.0,0.0,0.0,0.0,2.1,2.1,3.2,0.0,3.2,2.1,0.0,1.1,0.0,10.6,-13.8,33.8,0,0,28.6,1,13222,1,13222,4306,16480,10522,19226,9589,5613,11902,13505,14344,13505,14058,19303,21576,12390,16469,2783,3145,8846,19337,17725,17553,19415,11953,2246,150,14975,1,33:57
2024-25,1630230,Naji Marshall,Naji,1610612742,DAL,Dallas Mavericks,0022400906,2025-03-07T00:00:00,DAL vs. MEM,L,39.855,9.0,20.8,0.435,0.9,5.4,0.167,7.2,8.1,0.889,5.4,9.9,15.4,1.8,1.8,1.8,0.0,2.7,2.7,5.4,26.2,-14.5,50.9,1,0,47.9,1,13222,1,13222,596,4646,2467,13702,14953,12165,14236,1852,2427,6857,1996,2632,1625,17064,11523,7220,8263,1725,12006,3452,3587,19685,3004,1,150,3195,1,39:51
2024-25,101108,Chris Paul,Chris,1610612759,SAS,San Antonio Spurs,0022400910,2025-03-07T00:00:00,SAS @ SAC,L,28.433333333333334,3.8,8.9,0.429,3.8,6.3,0.6,0.0,0.0,0.0,0.0,5.1,5.1,7.6,1.3,0.0,0.0,0.0,0.0,0.0,11.4,-21.5,27.6,0,0,27.9,1,13222,1,13222,9184,17571,18918,13735,4439,9918,2992,13505,14344,13505,14058,10682,14622,3290,13993,12854,8263,8846,20257,17725,16800,21973,16498,2246,150,15535,1,28:26
2024-25,203924,Jerami Grant,Jerami,1610612757,POR,Portland Trail Blazers,0022400908,2025-03-07T00:00:00,POR @ OKC,L,23.866666666666667,3.0,15.1,0.2,0.0,9.1,0.0,0.0,0.0,0.0,0.0,7.5,7.5,0.0,1.5,1.5,0.0,0.0,4.5,0.0,6.0,-33.2,18.1,0,0,16.6,1,13222,1,13222,13016,19381,8458,21401,15070,4739,15070,13505,14344,13505,14058,5421,9086,19908,12707,8376,8263,8846,5719,17725,21368,24193,22051,2246,150,22472,1,23:52
2024-25,1626164,Devin Booker,Devin,1610612756,PHX,Phoenix Suns,0022400909,2025-03-07T00:00:00,PHX @ DEN,L,43.85,8.2,15.6,0.526,4.1,8.2,0.5,7.4,7.4,1.0,0.8,4.1,4.9,5.7,3.3,1.6,0.0,0.0,2.5,5.7,27.9,-10.7,44.1,0,0,46.0,1,13222,1,13222,96,6191,7698,8379,3778,6070,3944,1743,3006,1,14030,13413,14992,5955,5548,7845,8263,8846,12931,2974,2824,18170,5624,2246,150,3822,1,43:51
2024-25,203992,Bogdan Bogdanović,Bogdan,1610612746,LAC,LA Clippers,0022400911,2025-03-07T00:00:00,LAC vs. NYK,W,27.4,5.3,11.8,0.444,0.0,5.3,0.0,0.0,0.0,0.0,3.9,11.8,15.8,3.9,0.0,1.3,0.0,0.0,3.9,1.3,10.5,9.2,39.3,0,0,32.8,1,1,13086,1,10016,13650,13900,13045,15070,12577,15070,13505,14344,13505,3667,1458,1494,10100,16469,9389,8263,8846,7305,15846,17655,8091,8204,2246,150,11767,1,27:24
2024-25,1629162,Jordan McLaughlin,Jordan,1610612759,SAS,San Antonio Spurs,0022400910,2025-03-07T00:00:00,SAS @ SAC,L,2.216666666666667,0.0,0.0,0.0,0.0,0.0,0.0,32.5,32.5,1.0,0.0,0.0,0.0,0.0,0.0,0.0,0.0,0.0,0.0,16.2,32.5,0.0,32.5,0,0,32.5,1,13222,1,13222,25342,22635,24836,22635,15070,20945,15070,24,45,1,14058,22137,23286,19908,16469,12854,8263,8846,20257,76,1419,12240,12958,2246,150,12002,1,2:13
2024-25,1630703,Scoot Henderson,Scoot,1610612757,POR,Portland Trail Blazers,0022400908,2025-03-07T00:00:00,POR @ OKC,L,24.733333333333334,11.6,21.8,0.533,2.9,7.3,0.4,5.8,7.3,0.8,0.0,5.8,5.8,4.4,5.8,0.0,0.0,2.9,1.5,5.8,32.0,-5.8,39.7,0,0,45.1,1,13222,1,13222,12237,1766,1890,8140,6827,7873,7874,3059,3113,7681,14058,8740,12714,8969,1533,12854,8263,1449,17421,2859,1526,15982,7934,2246,150,4206,1,24:44
2024-25,1628404,Josh Hart,Josh,1610612752,NYK,New York Knicks,0022400911,2025-03-07T00:00:00,NYK @ LAC,L,45.858333333333334,4.7,10.2,0.462,0.8,3.1,0.25,0.8,1.6,0.5,1.6,14.1,15.7,4.7,1.6,0.0,0.0,0.0,1.6,2.4,11.0,-4.7,35.3,1,0,32.2,1,13222,1,13222,36,15216,16723,12428,15064,17382,11902,13502,13423,10625,10044,735,1521,8165,12461,12854,8263,8846,16961,11516,17187,15425,10851,1,150,12229,1,45:52
2024-25,201567,Kevin Love,Kevin,1610612748,MIA,Miami Heat,0022400907,2025-03-07T00:00:00,MIA vs. MIN,L,10.35,7.0,13.9,0.5,7.0,10.4,0.667,0.0,0.0,0.0,3.5,3.5,7.0,3.5,0.0,0.0,0.0,3.5,3.5,0.0,20.9,-38.3,34.4,0,0,38.3,1,13222,1,13222,21984,9031,10318,8526,779,3031,1957,13505,14344,13505,4406,15295,10226,11456,16469,12854,8263,932,8805,17725,7186,24722,11490,2246,150,7859,1,10:21
2024-25,1631133,Jabari Walker,Jabari,1610612757,POR,Portland Trail Blazers,0022400908,2025-03-07T00:00:00,POR @ OKC,L,22.383333333333333,3.2,12.9,0.25,0.0,3.2,0.0,1.6,1.6,1.0,4.8,9.7,14.5,0.0,0.0,1.6,0.0,4.8,6.4,1.6,8.0,9.7,30.2,0,0,25.7,1,13222,1,13222,14203,18958,12095,20233,15070,17238,15070,11586,13383,1,2535,2871,2013,19908,16469,7951,8263,402,2463,14599,19885,7864,14636,2246,150,17117,1,22:23
2024-25,1630162,Anthony Edwards,Anthony,1610612750,MIN,Minnesota Timberwolves,0022400907,2025-03-07T00:00:00,MIN @ MIA,W,38.86666666666667,3.7,9.3,0.4,2.8,7.4,0.375,1.9,3.7,0.5,0.9,11.1,12.0,5.6,1.9,0.0,0.0,0.0,0.9,3.7,12.0,0.0,33.0,1,0,32.4,1,1,13086,1,929,17821,18320,14933,7286,7591,8800,11112,8471,10625,13796,1840,3455,6324,11307,12854,8263,8846,20078,7121,16101,12240,12608,1,150,12048,1,38:52
2024-25,1642382,Branden Carlson,Branden,1610612760,OKC,Oklahoma City Thunder,0022400908,2025-03-07T00:00:00,OKC vs. POR,W,13.875,0.0,10.4,0.0,0.0,7.8,0.0,5.2,5.2,1.0,0.0,7.8,7.8,2.6,0.0,0.0,5.2,2.6,2.6,5.2,5.2,-51.9,34.0,0,0,25.9,1,1,13086,1,20258,22635,16423,22635,15070,6827,15070,3778,5628,1,14058,5029,8647,14230,16469,12854,468,1888,12444,3786,21917,25466,11826,2246,150,16981,1,13:53
2024-25,1627826,Ivica Zubac,Ivica,1610612746,LAC,LA Clippers,0022400911,2025-03-07T00:00:00,LAC vs. NYK,W,39.08166666666666,7.4,16.6,0.444,0.0,0.0,0.0,0.0,0.0,0.0,1.8,11.1,12.9,2.8,0.9,0.0,0.9,0.9,2.8,1.8,14.7,17.5,36.2,1,0,32.2,1,1,13086,1,857,8081,6327,13045,15070,20945,15070,13505,14344,13505,9084,1881,2874,13709,16278,12854,7999,8552,11786,13764,13162,4739,10238,1,150,12170,1,39:05
2024-25,1629636,Darius Garland,Darius,1610612739,CLE,Cleveland Cavaliers,0022400904,2025-03-07T00:00:00,CLE @ CHA,W,31.325,4.6,11.5,0.4,3.4,6.9,0.5,10.3,10.3,1.0,0.0,1.1,1.1,2.3,2.3,1.1,0.0,0.0,5.7,6.9,23.0,4.6,29.0,0,0,32.2,1,1,13086,1,6590,15511,14487,14933,5264,8683,3944,601,1241,1,14058,21633,23011,15236,9078,10585,8263,8846,3323,1739,5489,10339,15515,2246,150,12237,1,31:20
2024-25,1629013,Landry Shamet,Landry,1610612752,NYK,New York Knicks,0022400911,2025-03-07T00:00:00,NYK @ LAC,L,16.755,2.1,8.6,0.25,0.0,4.3,0.0,4.3,4.3,1.0,0.0,4.3,4.3,0.0,0.0,2.1,0.0,0.0,4.3,2.1,8.6,4.3,20.2,0,0,17.2,1,13222,1,13222,18415,21148,19361,20233,15070,14920,15070,5158,7219,1,14058,12816,16538,19908,16469,5609,8263,8846,6294,12407,19436,10485,21061,2246,150,22220,1,16:45
2024-25,1642269,Devin Carter,Devin,1610612758,SAC,Sacramento Kings,0022400910,2025-03-07T00:00:00,SAC vs. SAS,W,14.391666666666667,7.5,12.5,0.6,2.5,7.5,0.333,2.5,5.0,0.5,2.5,2.5,5.0,5.0,2.5,0.0,0.0,0.0,2.5,5.0,20.0,0.0,31.0,0,0,32.5,1,1,13086,1,19956,7755,12718,5394,8143,7388,9209,9044,5913,10625,6605,18181,14786,7466,8240,12854,8263,8846,12790,4112,7911,12240,14048,2246,150,11983,1,14:24
2024-25,1642270,Donovan Clingan,Donovan,1610612757,POR,Portland Trail Blazers,0022400908,2025-03-07T00:00:00,POR @ OKC,L,22.0,4.9,9.8,0.5,0.0,3.3,0.0,3.3,3.3,1.0,6.5,13.1,19.6,1.6,1.6,0.0,1.6,0.0,3.3,3.3,13.1,-24.5,42.4,0,0,37.6,1,13222,1,13222,14502,14654,17365,8526,15070,17128,15070,7159,9368,1,1354,982,582,17546,12191,12854,4463,8846,9557,8334,14990,22704,6438,2246,150,8261,1,22:00
2024-25,1628997,Caleb Martin,Caleb,1610612742,DAL,Dallas Mavericks,0022400906,2025-03-07T00:00:00,DAL vs. MEM,L,14.45,2.5,2.5,1.0,0.0,0.0,0.0,0.0,0.0,0.0,0.0,10.0,10.0,7.5,2.5,2.5,2.5,0.0,0.0,0.0,5.0,19.9,40.6,0,0,32.4,1,13222,1,13222,19913,20477,24648,1,15070,20945,15070,13505,14344,13505,14058,2609,5466,3432,8279,4405,2394,8846,20257,17725,22021,3973,7391,2246,150,12073,1,14:27
2024-25,1630241,Sam Merrill,Sam,1610612739,CLE,Cleveland Cavaliers,0022400904,2025-03-07T00:00:00,CLE @ CHA,W,19.11,7.5,7.5,1.0,7.5,7.5,1.0,0.0,0.0,0.0,0.0,1.9,1.9,0.0,0.0,0.0,0.0,0.0,3.8,1.9,22.6,9.4,24.9,0,0,32.0,1,1,13086,1,16749,7680,20880,1,584,7317,1,13505,14344,13505,14058,20018,22028,19908,16469,12854,8263,8846,7847,13571,5777,7981,18377,2246,150,12371,1,19:07
2024-25,1628368,De'Aaron Fox,De'Aaron,1610612759,SAS,San Antonio Spurs,0022400910,2025-03-07T00:00:00,SAS @ SAC,L,33.083333333333336,6.5,18.5,0.353,0.0,6.5,0.0,4.4,5.4,0.8,0.0,4.4,4.4,8.7,2.2,1.1,0.0,1.1,1.1,3.3,17.4,-20.7,36.8,0,0,32.6,1,13222,1,13222,5083,10116,4219,17268,15070,9480,15070,5063,5261,7681,14058,12644,16402,2270,9613,11118,8263,7163,19164,8368,10420,21750,9852,2246,150,11910,1,33:05
2024-25,1629640,Keldon Johnson,Keldon,1610612759,SAS,San Antonio Spurs,0022400910,2025-03-07T00:00:00,SAS @ SAC,L,23.1,6.2,12.5,0.5,4.7,10.9,0.429,0.0,0.0,0.0,0.0,6.2,6.2,1.6,1.6,0.0,1.6,0.0,0.0,1.6,17.1,9.4,30.1,0,0,32.7,1,13222,1,13222,13631,10880,12784,8526,2770,2584,7394,13505,14344,13505,14058,7823,11747,17773,12515,12854,4679,8846,20257,14763,10684,8018,14744,2246,150,11849,1,23:06
2024-25,201935,James Harden,James,1610612746,LAC,LA Clippers,0022400911,2025-03-07T00:00:00,LAC vs. NYK,W,36.166666666666664,7.0,19.9,0.35,5.0,11.9,0.417,8.0,9.0,0.889,1.0,2.0,3.0,7.0,4.0,0.0,2.0,2.0,1.0,6.0,26.9,13.9,42.9,0,0,45.8,1,1,13086,1,2557,8999,3028,17337,2305,1809,7826,1429,1896,6857,13296,19693,19778,4041,3915,12854,3516,3252,19733,2661,3260,6035,6173,2246,150,3898,1,36:10
2024-25,1627884,Derrick Jones Jr.,Derrick,1610612746,LAC,LA Clippers,0022400911,2025-03-07T00:00:00,LAC vs. NYK,W,17.651666666666667,6.1,10.2,0.6,4.1,6.1,0.667,2.0,4.1,0.5,0.0,6.1,6.1,0.0,0.0,0.0,2.0,0.0,2.0,2.0,18.4,-2.0,31.8,0,0,32.6,1,1,13086,1,17818,11177,16737,5394,3838,10401,1957,10495,7681,10625,14058,8061,12007,19908,16469,12854,3374,8846,14927,12885,9464,14066,13466,2246,150,11922,1,17:39
2024-25,1626166,Cameron Payne,Cameron,1610612752,NYK,New York Knicks,0022400911,2025-03-07T00:00:00,NYK @ LAC,L,14.366666666666667,5.0,17.5,0.286,2.5,7.5,0.333,0.0,0.0,0.0,0.0,5.0,5.0,7.5,5.0,0.0,2.5,0.0,0.0,2.5,12.5,0.0,32.3,0,0,32.6,1,13222,1,13222,19961,14354,5212,19630,8131,7363,9209,13505,14344,13505,14058,10852,14766,3374,2325,12854,2369,8846,20257,10970,15567,12240,13070,2246,150,11958,1,14:22
2024-25,203994,Jusuf Nurkić,Jusuf,1610612766,CHA,Charlotte Hornets,0022400904,2025-03-07T00:00:00,CHA vs. CLE,L,28.261666666666667,7.6,14.0,0.545,0.0,1.3,0.0,0.0,2.5,0.0,6.4,12.7,19.1,6.4,1.3,1.3,1.3,0.0,6.4,1.3,15.3,22.9,54.1,1,0,45.9,1,13222,1,13222,9337,7402,10158,7695,15070,20529,15070,13505,11088,13505,1441,1094,679,4901,13945,9622,5771,8846,2525,16014,12628,3285,2172,1,150,3878,1,28:16
2024-25,1631165,Keon Ellis,Keon,1610612758,SAC,Sacramento Kings,0022400910,2025-03-07T00:00:00,SAC vs. SAS,W,32.56666666666667,4.4,9.9,0.444,2.2,5.5,0.4,0.0,0.0,0.0,1.1,2.2,3.3,4.4,0.0,4.4,1.1,1.1,2.2,0.0,11.1,25.4,38.2,0,0,32.1,1,1,13086,1,5509,16006,17150,13045,9195,11898,7874,13505,14344,13505,12424,19039,18953,8827,16469,1286,6754,6997,14046,17725,17138,2723,8859,2246,150,12339,1,32:34
2024-25,1631103,Malaki Branham,Malaki,1610612759,SAS,San Antonio Spurs,0022400910,2025-03-07T00:00:00,SAS @ SAC,L,2.216666666666667,0.0,0.0,0.0,0.0,0.0,0.0,0.0,0.0,0.0,0.0,0.0,0.0,0.0,0.0,0.0,0.0,0.0,0.0,0.0,0.0,0.0,0.0,0,0,0.0,1,13222,1,13222,25342,22635,24836,22635,15070,20945,15070,13505,14344,13505,14058,22137,23286,19908,16469,12854,8263,8846,20257,17725,23200,12240,25228,2246,150,25259,1,2:13
2024-25,1628365,Markelle Fultz,Markelle,1610612758,SAC,Sacramento Kings,0022400910,2025-03-07T00:00:00,SAC vs. SAS,W,3.683333333333333,0.0,19.5,0.0,0.0,0.0,0.0,0.0,0.0,0.0,9.8,0.0,9.8,0.0,0.0,0.0,0.0,0.0,0.0,0.0,0.0,-58.6,11.7,0,0,9.8,1,1,13086,1,24631,22635,3306,22635,15070,20945,15070,13505,14344,13505,433,22137,5708,19908,16469,12854,8263,8846,20257,17725,23200,25647,24076,2246,150,24476,1,3:41
2024-25,202066,Garrett Temple,Garrett,1610612761,TOR,Toronto Raptors,0022400905,2025-03-07T00:00:00,TOR vs. UTA,W,9.35,0.0,7.7,0.0,0.0,3.9,0.0,0.0,0.0,0.0,0.0,3.9,3.9,0.0,0.0,3.9,0.0,0.0,11.6,0.0,0.0,-11.6,16.2,0,0,11.6,1,1,13086,1,22333,22635,20652,22635,15070,15898,15070,13505,14344,13505,14058,14181,17708,19908,16469,1790,8263,8846,463,17725,23200,18548,22783,2246,150,24099,1,9:21
2024-25,203944,Julius Randle,Julius,1610612750,MIN,Minnesota Timberwolves,0022400907,2025-03-07T00:00:00,MIN @ MIA,W,33.571666666666665,4.3,9.7,0.444,0.0,1.1,0.0,5.4,6.4,0.833,1.1,9.7,10.7,9.7,5.4,0.0,0.0,0.0,1.1,5.4,13.9,0.0,35.9,1,0,34.3,1,1,13086,1,4667,16351,17674,13045,15070,20775,15070,3571,3956,7275,12700,2870,4677,1613,1942,12854,8263,8846,19260,3531,14000,12240,10415,1,150,10596,1,33:34
2024-25,1630173,Precious Achiuwa,Precious,1610612752,NYK,New York Knicks,0022400911,2025-03-07T00:00:00,NYK @ LAC,L,16.066666666666666,9.0,13.4,0.667,0.0,0.0,0.0,2.2,2.2,1.0,2.2,9.0,11.2,4.5,0.0,0.0,2.2,2.2,0.0,4.5,20.2,6.7,47.1,0,0,40.3,1,13222,1,13222,18879,4776,11093,3281,15070,20945,15070,9804,11964,1,7450,3552,4235,8700,16469,12854,2857,2573,20257,5182,7774,9279,4295,2246,150,6587,1,16:04
2024-25,1642384,Isaiah Crawford,Isaiah,1610612758,SAC,Sacramento Kings,0022400910,2025-03-07T00:00:00,SAC vs. SAS,W,1.95,0.0,0.0,0.0,0.0,0.0,0.0,0.0,0.0,0.0,0.0,0.0,0.0,0.0,0.0,0.0,0.0,0.0,0.0,0.0,0.0,0.0,0.0,0,0,0.0,1,1,13086,1,25490,22635,24836,22635,15070,20945,15070,13505,14344,13505,14058,22137,23286,19908,16469,12854,8263,8846,20257,17725,23200,12240,25228,2246,150,25259,1,1:57
2024-25,203937,Kyle Anderson,Kyle,1610612748,MIA,Miami Heat,0022400907,2025-03-07T00:00:00,MIA vs. MIN,L,8.926666666666666,4.0,12.1,0.333,0.0,0.0,0.0,0.0,0.0,0.0,0.0,0.0,0.0,4.0,4.0,4.0,0.0,0.0,8.1,0.0,8.1,0.0,22.2,0,0,20.2,1,13222,1,13222,22482,17014,13424,17395,15070,20945,15070,13505,14344,13505,14058,22137,23286,9859,3817,1603,8263,8846,1335,17725,19867,12240,20036,2246,150,20771,1,8:56
2024-25,1642403,Isaac Jones,Isaac,1610612758,SAC,Sacramento Kings,0022400910,2025-03-07T00:00:00,SAC vs. SAS,W,1.95,0.0,0.0,0.0,0.0,0.0,0.0,0.0,0.0,0.0,0.0,0.0,0.0,0.0,0.0,0.0,0.0,0.0,18.5,0.0,0.0,0.0,0.0,0,0,0.0,1,1,13086,1,25490,22635,24836,22635,15070,20945,15070,13505,14344,13505,14058,22137,23286,19908,16469,12854,8263,8846,142,17725,23200,12240,25228,2246,150,25259,1,1:57
2024-25,1641796,Pelle Larsson,Pelle,1610612748,MIA,Miami Heat,0022400907,2025-03-07T00:00:00,MIA vs. MIN,L,18.263333333333332,3.9,15.8,0.25,0.0,7.9,0.0,2.0,2.0,1.0,3.9,3.9,7.9,2.0,0.0,0.0,0.0,2.0,2.0,2.0,9.9,-25.6,22.3,0,0,19.7,1,13222,1,13222,17401,17226,7444,20233,15070,6649,15070,10741,12801,1,3666,13905,8488,16472,16469,12854,8263,3311,15297,13207,18302,22942,19996,2246,150,21029,1,18:16
2024-25,1631303,Justin Minaya,Justin,1610612757,POR,Portland Trail Blazers,0022400908,2025-03-07T00:00:00,POR @ OKC,L,1.4166666666666667,0.0,25.4,0.0,0.0,25.4,0.0,0.0,0.0,0.0,0.0,0.0,0.0,0.0,0.0,0.0,0.0,0.0,0.0,0.0,0.0,-50.8,0.0,0,0,0.0,1,13222,1,13222,25854,22635,743,22635,15070,106,15070,13505,14344,13505,14058,22137,23286,19908,16469,12854,8263,8846,20257,17725,23200,25425,25228,2246,150,25259,1,1:25
2024-25,1630540,Miles McBride,Miles,1610612752,NYK,New York Knicks,0022400911,2025-03-07T00:00:00,NYK @ LAC,L,33.63333333333333,2.1,13.9,0.154,2.1,9.6,0.222,1.1,2.1,0.5,0.0,2.1,2.1,6.4,1.1,1.1,0.0,2.1,3.2,1.1,7.5,-10.7,21.8,0,0,20.3,1,13222,1,13222,4603,21161,10313,22243,9503,3931,13288,12999,12286,10625,14058,19236,21535,4826,15331,11277,8263,2799,9814,17059,20326,18185,20239,2246,150,20669,1,33:38
2024-25,1630545,Terrence Shannon Jr.,Terrence,1610612750,MIN,Minnesota Timberwolves,0022400907,2025-03-07T00:00:00,MIN @ MIA,W,8.408333333333333,8.6,8.6,1.0,8.6,8.6,1.0,0.0,0.0,0.0,0.0,0.0,0.0,0.0,4.3,0.0,0.0,0.0,4.3,0.0,25.7,-25.7,21.4,0,0,34.3,1,1,13086,1,22660,5500,19405,1,361,5480,1,13505,14344,13505,14058,22137,23286,19908,3357,12854,8263,8846,6338,17725,3836,22957,20465,2246,150,10651,1,8:25
2024-25,1629731,Dean Wade,Dean,1610612739,CLE,Cleveland Cavaliers,0022400904,2025-03-07T00:00:00,CLE @ CHA,W,11.266666666666667,0.0,9.6,0.0,0.0,9.6,0.0,0.0,0.0,0.0,0.0,9.6,9.6,3.2,0.0,0.0,0.0,0.0,6.4,3.2,0.0,-16.0,16.3,0,0,12.8,1,1,13086,1,21593,22635,17801,22635,15070,3994,15070,13505,14344,13505,14058,2933,5936,12339,16469,12854,8263,8846,2500,8584,23200,20250,22744,2246,150,23783,1,11:16
2024-25,1641718,Keyonte George,Keyonte,1610612762,UTA,Utah Jazz,0022400905,2025-03-07T00:00:00,UTA @ TOR,L,31.466666666666665,4.6,16.0,0.286,1.1,9.2,0.125,10.3,14.9,0.692,0.0,6.9,6.9,9.2,2.3,1.1,0.0,2.3,1.1,10.3,20.6,-6.9,43.7,0,0,40.0,1,13222,1,13222,6437,15554,7091,19630,13685,4599,14886,619,362,9414,14058,6596,10399,1895,9134,10644,8263,2455,18845,361,7404,16454,5806,2246,150,6753,1,31:28
2024-25,1630222,Mason Jones,Mason,1610612758,SAC,Sacramento Kings,0022400910,2025-03-07T00:00:00,SAC vs. SAS,W,1.95,0.0,18.5,0.0,0.0,18.5,0.0,0.0,0.0,0.0,0.0,0.0,0.0,0.0,0.0,0.0,0.0,0.0,0.0,0.0,0.0,0.0,0.0,0,0,0.0,1,1,13086,1,25490,22635,4246,22635,15070,302,15070,13505,14344,13505,14058,22137,23286,19908,16469,12854,8263,8846,20257,17725,23200,12240,25228,2246,150,25259,1,1:57
2024-25,1626145,Tyus Jones,Tyus,1610612756,PHX,Phoenix Suns,0022400909,2025-03-07T00:00:00,PHX @ DEN,L,14.366666666666667,5.0,17.5,0.286,5.0,10.0,0.5,0.0,0.0,0.0,0.0,2.5,2.5,12.5,0.0,2.5,0.0,5.0,2.5,0.0,15.0,5.0,44.4,0,0,40.1,1,13222,1,13222,19961,14354,5212,19630,2259,3462,3944,13505,14344,13505,14058,18173,20804,610,16469,4369,8263,370,12777,17725,12869,10104,5492,2246,150,6731,1,14:22
2024-25,1631121,Bryce McGowens,Bryce,1610612757,POR,Portland Trail Blazers,0022400908,2025-03-07T00:00:00,POR @ OKC,L,1.4166666666666667,0.0,25.4,0.0,0.0,25.4,0.0,0.0,0.0,0.0,0.0,0.0,0.0,0.0,0.0,0.0,0.0,0.0,0.0,0.0,0.0,-50.8,0.0,0,0,0.0,1,13222,1,13222,25854,22635,743,22635,15070,106,15070,13505,14344,13505,14058,22137,23286,19908,16469,12854,8263,8846,20257,17725,23200,25425,25228,2246,150,25259,1,1:25
2024-25,1641733,Nick Smith Jr.,Nick,1610612766,CHA,Charlotte Hornets,0022400904,2025-03-07T00:00:00,CHA vs. CLE,L,25.378333333333334,5.7,12.8,0.444,1.4,5.7,0.25,0.0,0.0,0.0,1.4,1.4,2.8,2.8,1.4,0.0,0.0,0.0,2.8,0.0,12.8,-2.8,19.0,0,0,19.9,1,13222,1,13222,11679,12497,12274,13045,12375,11517,11902,13505,14344,13505,10673,21042,20155,13481,13180,12854,8263,8846,11474,17725,15323,14478,21636,2246,150,20939,1,25:23
2024-25,1630208,Nick Richards,Nick,1610612756,PHX,Phoenix Suns,0022400909,2025-03-07T00:00:00,PHX @ DEN,L,26.316666666666666,12.3,17.8,0.692,0.0,0.0,0.0,0.0,1.4,0.0,4.1,2.7,6.8,0.0,1.4,0.0,1.4,0.0,2.7,1.4,24.6,-26.0,35.6,0,0,34.2,1,13222,1,13222,10888,1349,4923,3171,15070,20945,15070,13505,13635,13505,3443,17594,10445,19908,13473,12854,5373,8846,11896,15586,4413,23026,10683,2246,150,10698,1,26:19
2024-25,1630182,Josh Green,Josh,1610612766,CHA,Charlotte Hornets,0022400904,2025-03-07T00:00:00,CHA vs. CLE,L,30.105,1.2,4.8,0.25,0.0,3.6,0.0,1.2,2.4,0.5,0.0,3.6,3.6,1.2,2.4,1.2,0.0,0.0,2.4,1.2,3.6,-4.8,10.9,0,0,10.8,1,13222,1,13222,7684,22500,23620,20233,15070,16473,15070,12609,11515,10625,14058,14965,18350,19028,8696,10212,8263,8846,13260,16426,22746,15463,24259,2246,150,24278,1,30:06
2024-25,204060,Joe Ingles,Joe,1610612750,MIN,Minnesota Timberwolves,0022400907,2025-03-07T00:00:00,MIN @ MIA,W,0.058333333333333334,0.0,0.0,0.0,0.0,0.0,0.0,0.0,0.0,0.0,0.0,0.0,0.0,0.0,0.0,0.0,0.0,0.0,0.0,0.0,0.0,617.1,0.0,0,0,0.0,1,1,13086,1,26285,22635,24836,22635,15070,20945,15070,13505,14344,13505,14058,22137,23286,19908,16469,12854,8263,8846,20257,17725,23200,6,25228,2246,150,25259,1,0:04
2024-25,1629622,Max Strus,Max,1610612739,CLE,Cleveland Cavaliers,0022400904,2025-03-07T00:00:00,CLE @ CHA,W,21.641666666666666,0.0,5.0,0.0,0.0,5.0,0.0,5.0,5.0,1.0,1.7,3.3,5.0,1.7,1.7,0.0,0.0,0.0,1.7,1.7,5.0,-23.3,11.8,0,0,11.6,1,1,13086,1,14812,22635,23469,22635,15070,13223,15070,4051,5937,1,9707,15714,14813,17466,12080,12854,8263,8846,16652,14399,22013,22410,24059,2246,150,24071,1,21:39
2024-25,1641712,Rayan Rupert,Rayan,1610612757,POR,Portland Trail Blazers,0022400908,2025-03-07T00:00:00,POR @ OKC,L,1.4166666666666667,0.0,25.4,0.0,0.0,0.0,0.0,0.0,0.0,0.0,0.0,0.0,0.0,0.0,0.0,0.0,0.0,0.0,0.0,0.0,0.0,-50.8,0.0,0,0,0.0,1,13222,1,13222,25854,22635,743,22635,15070,20945,15070,13505,14344,13505,14058,22137,23286,19908,16469,12854,8263,8846,20257,17725,23200,25425,25228,2246,150,25259,1,1:25
2024-25,203957,Danté Exum,Danté,1610612742,DAL,Dallas Mavericks,0022400906,2025-03-07T00:00:00,DAL vs. MEM,L,20.421666666666667,1.8,10.6,0.167,1.8,5.3,0.333,0.0,0.0,0.0,1.8,1.8,3.5,1.8,0.0,0.0,0.0,3.5,3.5,1.8,5.3,-33.5,12.2,0,0,12.3,1,13222,1,13222,15697,21813,16098,21938,11216,12497,9209,13505,14344,13505,9378,20327,18497,17189,16469,12854,8263,898,8684,14068,21859,24233,23970,2246,150,23912,1,20:25
2024-25,1630556,Kessler Edwards,Kessler,1610612742,DAL,Dallas Mavericks,0022400906,2025-03-07T00:00:00,DAL vs. MEM,L,28.595,5.0,11.3,0.444,3.8,5.0,0.75,2.5,2.5,1.0,1.3,2.5,3.8,3.8,1.3,2.5,1.3,1.3,2.5,1.3,16.4,1.3,36.6,0,0,35.3,1,13222,1,13222,9042,14280,14777,13045,4509,13115,1542,8997,11164,1,11425,18145,17879,10567,14042,4334,5855,5877,12717,16091,11536,11972,9929,2246,150,9916,1,28:36
2024-25,1642347,Jamal Shead,Jamal,1610612761,TOR,Toronto Raptors,0022400905,2025-03-07T00:00:00,TOR vs. UTA,W,25.95,4.2,12.5,0.333,0.0,5.5,0.0,2.8,2.8,1.0,1.4,1.4,2.8,6.9,1.4,0.0,0.0,1.4,6.9,2.8,11.1,-15.3,23.4,0,0,20.8,1,1,13086,1,11194,16693,12745,17395,15070,11848,15070,8400,10546,1,10807,21109,20308,4088,13355,12854,8263,5227,2026,10057,17089,19999,19286,2246,150,20397,1,25:57
2024-25,1628384,OG Anunoby,OG,1610612752,NYK,New York Knicks,0022400911,2025-03-07T00:00:00,NYK @ LAC,L,36.65,3.9,14.7,0.267,2.0,7.9,0.25,1.0,1.0,1.0,6.9,1.0,7.9,1.0,2.9,2.0,1.0,2.0,2.9,2.0,10.8,-13.8,27.6,0,0,27.5,1,13222,1,13222,2246,17253,8993,20170,10322,6696,11902,13285,14241,1,1191,21992,8531,19721,6645,6424,7588,3338,10943,13246,17367,19401,16497,2246,150,15791,1,36:39
2024-25,1631221,Collin Gillespie,Collin,1610612756,PHX,Phoenix Suns,0022400909,2025-03-07T00:00:00,PHX @ DEN,L,4.7,7.7,7.7,1.0,7.7,7.7,1.0,0.0,0.0,0.0,0.0,0.0,0.0,0.0,0.0,0.0,0.0,0.0,0.0,0.0,23.0,-76.6,23.0,0,0,30.6,1,13222,1,13222,24143,7360,20704,1,541,7066,1,13505,14344,13505,14058,22137,23286,19908,16469,12854,8263,8846,20257,17725,5491,25973,19576,2246,150,13450,1,4:42
2024-25,1630590,Scotty Pippen Jr.,Scotty,1610612763,MEM,Memphis Grizzlies,0022400906,2025-03-07T00:00:00,MEM @ DAL,W,14.07,5.1,12.8,0.4,0.0,0.0,0.0,0.0,0.0,0.0,2.6,2.6,5.1,10.2,5.1,5.1,0.0,2.6,2.6,2.6,10.2,7.7,42.0,0,0,35.8,1,1,13086,1,20162,14039,12229,14933,15070,20945,15070,13505,14344,13505,6454,18038,14469,1319,2205,826,8263,1938,12572,10767,17915,8785,6641,2246,150,9504,1,14:04
2024-25,1629675,Naz Reid,Naz,1610612750,MIN,Minnesota Timberwolves,0022400907,2025-03-07T00:00:00,MIN @ MIA,W,33.983333333333334,6.4,13.8,0.462,3.2,7.4,0.429,0.0,0.0,0.0,1.1,3.2,4.2,3.2,1.1,0.0,2.1,0.0,3.2,2.1,15.9,20.1,31.0,0,0,30.7,1,1,13086,1,4278,10551,10540,12428,6014,7577,7394,13505,14344,13505,12796,16166,16716,12397,15429,12854,3152,8846,9961,12532,12033,3916,14032,2246,150,13386,1,33:59
2024-25,202691,Klay Thompson,Klay,1610612742,DAL,Dallas Mavericks,0022400906,2025-03-07T00:00:00,DAL vs. MEM,L,29.0,7.4,23.6,0.316,3.7,11.2,0.333,0.0,0.0,0.0,1.2,3.7,5.0,1.2,1.2,0.0,3.7,2.5,0.0,1.2,18.6,-11.2,36.4,0,0,36.0,1,13222,1,13222,8672,7896,1202,19148,4643,2359,9209,13505,14344,13505,11529,14559,14882,18879,14157,12854,1071,2067,20257,16174,9188,18394,10101,2246,150,9360,1,29:00
2024-25,1628960,Grayson Allen,Grayson,1610612756,PHX,Phoenix Suns,0022400909,2025-03-07T00:00:00,PHX @ DEN,L,29.116666666666667,3.7,4.9,0.75,2.5,2.5,1.0,3.7,6.2,0.6,0.0,0.0,0.0,4.9,2.5,0.0,0.0,1.2,1.2,3.7,13.6,8.7,18.5,0,0,21.0,1,13222,1,13222,8571,17809,23501,2107,8244,18677,1,6270,4249,10343,14058,22137,23286,7583,8355,12854,8263,6014,18345,7109,14380,8339,21866,2246,150,20272,1,29:07
2024-25,1630192,Zeke Nnaji,Zeke,1610612743,DEN,Denver Nuggets,0022400909,2025-03-07T00:00:00,DEN vs. PHX,W,13.416666666666666,5.4,10.7,0.5,2.7,5.4,0.5,2.7,5.4,0.5,0.0,2.7,2.7,0.0,0.0,0.0,0.0,0.0,2.7,2.7,16.1,-10.7,19.3,0,0,21.5,1,1,13086,1,20527,13353,15829,8526,7584,12294,3944,8615,5360,10625,14058,17743,20489,19908,16469,12854,8263,8846,12109,10367,11819,18196,21493,2246,150,19995,1,13:25
2024-25,1630596,Evan Mobley,Evan,1610612739,CLE,Cleveland Cavaliers,0022400904,2025-03-07T00:00:00,CLE @ CHA,W,33.75,6.4,13.9,0.462,1.1,5.3,0.2,6.4,7.5,0.857,2.1,8.5,10.7,4.3,1.1,1.1,2.1,0.0,0.0,4.3,20.3,6.4,48.0,1,0,42.7,1,1,13086,1,4481,10447,10402,12428,14153,12367,13429,2501,2943,7071,7837,4015,4751,9213,15372,11327,3117,8846,20257,5681,7688,9423,3973,1,150,5328,1,33:45
2024-25,1642419,Jamison Battle,Jamison,1610612761,TOR,Toronto Raptors,0022400905,2025-03-07T00:00:00,TOR vs. UTA,W,22.816666666666666,6.3,9.5,0.667,4.7,7.9,0.6,0.0,0.0,0.0,0.0,1.6,1.6,0.0,0.0,0.0,1.6,0.0,6.3,1.6,17.4,-17.4,24.0,0,0,26.8,1,1,13086,1,13863,10672,18007,3281,2671,6642,2992,13505,14344,13505,14058,20723,22471,19908,16469,12854,4610,8846,2592,14700,10467,20728,18964,2246,150,16300,1,22:49
2024-25,1629638,Nickeil Alexander-Walker,Nickeil,1610612750,MIN,Minnesota Timberwolves,0022400907,2025-03-07T00:00:00,MIN @ MIA,W,22.925,6.3,17.3,0.364,4.7,14.1,0.333,1.6,3.1,0.5,0.0,3.1,3.1,0.0,1.6,1.6,3.1,1.6,0.0,4.7,18.8,-7.9,35.2,0,0,36.1,1,1,13086,1,13777,10767,5483,16861,2713,887,9209,11646,9628,10625,14058,16306,19401,19908,12460,8106,1533,4526,20257,4699,8999,16901,10953,2246,150,9288,1,22:56
2024-25,1628378,Donovan Mitchell,Donovan,1610612739,CLE,Cleveland Cavaliers,0022400904,2025-03-07T00:00:00,CLE @ CHA,W,35.95,6.0,19.0,0.316,0.0,6.0,0.0,12.0,18.0,0.667,0.0,3.0,3.0,1.0,3.0,0.0,1.0,2.0,2.0,9.0,24.0,1.0,29.1,0,0,30.0,1,1,13086,1,2713,11481,3737,19148,15070,10671,15070,339,191,9425,14058,16704,19718,19670,6457,12854,7474,3223,15129,652,4779,12154,15400,2246,150,13911,1,35:57
2024-25,203932,Aaron Gordon,Aaron,1610612743,DEN,Denver Nuggets,0022400909,2025-03-07T00:00:00,DEN vs. PHX,W,38.718333333333334,8.4,13.9,0.6,6.5,9.3,0.7,1.9,1.9,1.0,0.9,1.9,2.8,0.9,0.9,0.0,0.0,0.0,1.9,1.9,25.1,12.1,28.9,0,0,35.3,1,1,13086,1,1002,5861,10252,5394,1001,4381,1937,11097,13096,1,13772,20083,20278,19831,16246,12854,8263,8846,15893,13696,4168,6762,15549,2246,150,9856,1,38:43
2024-25,1630695,Micah Potter,Micah,1610612762,UTA,Utah Jazz,0022400905,2025-03-07T00:00:00,UTA @ TOR,L,13.333333333333334,2.7,8.1,0.333,0.0,2.7,0.0,0.0,0.0,0.0,0.0,10.8,10.8,0.0,0.0,2.7,0.0,0.0,5.4,0.0,5.4,21.6,26.5,0,0,21.6,1,13222,1,13222,20575,20089,20087,17395,15070,18262,15070,13505,14344,13505,14058,2018,4594,19908,16469,3909,8263,8846,3851,17725,21795,3553,17313,2246,150,19898,1,13:20
2024-25,1628386,Jarrett Allen,Jarrett,1610612739,CLE,Cleveland Cavaliers,0022400904,2025-03-07T00:00:00,CLE @ CHA,W,31.915,4.5,11.3,0.4,0.0,0.0,0.0,6.8,6.8,1.0,3.4,9.0,12.4,0.0,1.1,5.6,1.1,0.0,0.0,4.5,15.8,-4.5,49.9,1,0,41.7,1,1,13086,1,6059,15741,14864,14933,15070,20945,15070,2182,3593,1,4574,3493,3186,19908,14951,588,6623,8846,20257,5114,12129,15329,3311,1,150,5780,1,31:55
2024-25,1630171,Isaac Okoro,Isaac,1610612739,CLE,Cleveland Cavaliers,0022400904,2025-03-07T00:00:00,CLE @ CHA,W,13.258333333333333,5.4,10.9,0.5,2.7,8.1,0.333,0.0,0.0,0.0,5.4,0.0,5.4,0.0,2.7,0.0,0.0,0.0,8.1,5.4,13.6,-38.0,17.4,0,0,21.7,1,1,13086,1,20623,13188,15588,8526,7493,6190,9209,13505,14344,13505,1990,22137,13731,19908,7481,12854,8263,8846,1307,3430,14406,24698,22345,2246,150,19828,1,13:16
2024-25,1629012,Collin Sexton,Collin,1610612762,UTA,Utah Jazz,0022400905,2025-03-07T00:00:00,UTA @ TOR,L,24.05,9.0,22.5,0.4,0.0,4.5,0.0,7.5,12.0,0.625,1.5,1.5,3.0,4.5,9.0,0.0,1.5,0.0,3.0,9.0,25.4,-9.0,31.3,0,0,35.9,1,13222,1,13222,12844,4746,1606,14933,15070,14456,15070,1677,773,10271,10335,20881,19764,8675,428,12854,4865,8846,10765,665,3965,17415,13837,2246,150,9430,1,24:03
2024-25,1631212,Peyton Watson,Peyton,1610612743,DEN,Denver Nuggets,0022400909,2025-03-07T00:00:00,DEN vs. PHX,W,23.823333333333334,6.0,10.6,0.571,4.5,7.6,0.6,0.0,0.0,0.0,0.0,3.0,3.0,3.0,0.0,0.0,1.5,1.5,6.0,0.0,16.6,-12.1,29.3,0,0,30.2,1,1,13086,1,13057,11388,16097,6538,3011,7263,2992,13505,14344,13505,14058,16645,19666,12854,16469,12854,4805,4735,2885,17725,11251,18768,15271,2246,150,13782,1,23:49
2024-25,1631197,Jared Rhoden,Jared,1610612761,TOR,Toronto Raptors,0022400905,2025-03-07T00:00:00,TOR vs. UTA,W,27.633333333333333,5.2,13.0,0.4,1.3,3.9,0.333,6.5,7.8,0.833,3.9,2.6,6.5,1.3,0.0,1.3,0.0,1.3,3.9,3.9,18.2,-3.9,31.9,0,0,30.0,1,1,13086,1,9840,13788,11805,14933,12851,15767,9209,2387,2651,7275,3709,17934,11148,18650,16469,9437,8263,5639,7418,6540,9584,15019,13387,2246,150,13968,1,27:38
2024-25,1627750,Jamal Murray,Jamal,1610612743,DEN,Denver Nuggets,0022400909,2025-03-07T00:00:00,DEN vs. PHX,W,41.57666666666667,6.9,12.1,0.571,0.9,3.5,0.25,1.7,1.7,1.0,0.9,0.0,0.9,6.9,0.9,2.6,0.0,0.0,0.0,2.6,16.5,13.0,34.8,0,0,30.3,1,1,13086,1,293,9104,13377,6538,15017,16723,11902,11360,13269,1,13977,22137,23276,4102,16403,4146,8263,8846,20257,10655,11446,6405,11191,2246,150,13714,1,41:35
2024-25,1629599,Amir Coffey,Amir,1610612746,LAC,LA Clippers,0022400911,2025-03-07T00:00:00,LAC vs. NYK,W,15.235,4.7,9.5,0.5,4.7,9.5,0.5,0.0,0.0,0.0,0.0,2.4,2.4,0.0,0.0,0.0,0.0,0.0,7.1,0.0,14.2,0.0,17.0,0,0,21.3,1,1,13086,1,19416,15181,18038,8526,2691,4181,3944,13505,14344,13505,14058,18591,21075,19908,16469,12854,8263,8846,1906,17725,13751,12240,22479,2246,150,20119,1,15:14
2024-25,201142,Kevin Durant,Kevin,1610612756,PHX,Phoenix Suns,0022400909,2025-03-07T00:00:00,PHX @ DEN,L,45.833333333333336,7.9,12.6,0.625,2.4,5.5,0.429,4.7,5.5,0.857,0.0,7.1,7.1,3.9,2.4,0.0,0.0,0.0,0.8,4.7,22.8,-3.9,34.8,0,0,36.1,1,13222,1,13222,37,6944,12632,4899,8640,11947,7394,4497,5191,7071,14058,6234,10015,10149,8830,12854,8263,8846,20247,4695,5649,15024,11204,2246,150,9278,1,45:50
2024-25,1630558,Davion Mitchell,Davion,1610612748,MIA,Miami Heat,0022400907,2025-03-07T00:00:00,MIA vs. MIN,L,38.215,2.8,8.5,0.333,0.9,1.9,0.5,0.0,0.0,0.0,1.9,1.9,3.8,9.4,0.9,0.0,0.0,0.9,0.9,0.0,6.6,-4.7,24.3,0,0,20.7,1,13222,1,13222,1267,19825,19524,17395,14827,19768,3944,13505,14344,13505,8881,20017,17901,1748,16189,12854,8263,8403,20011,17725,20994,15426,18744,2246,150,20450,1,38:13
2024-25,1629014,Anfernee Simons,Anfernee,1610612757,POR,Portland Trail Blazers,0022400908,2025-03-07T00:00:00,POR @ OKC,L,36.36666666666667,4.9,15.8,0.313,1.0,5.9,0.167,3.0,3.0,1.0,1.0,4.0,4.9,4.9,2.0,1.0,0.0,3.0,2.0,2.0,13.9,-4.0,28.2,0,0,26.7,1,13222,1,13222,2428,14549,7365,19175,14602,10841,14236,7895,10048,1,13335,13839,14928,7568,10613,12036,8263,1378,15256,13160,14090,15045,16060,2246,150,16380,1,36:22
2024-25,201144,Mike Conley,Mike,1610612750,MIN,Minnesota Timberwolves,0022400907,2025-03-07T00:00:00,MIN @ MIA,W,24.628333333333334,8.8,13.2,0.667,4.4,7.3,0.6,0.0,0.0,0.0,1.5,1.5,2.9,2.9,2.9,2.9,1.5,0.0,0.0,0.0,21.9,0.0,40.1,0,0,40.9,1,1,13086,1,12358,5142,11568,3281,3258,7802,2992,13505,14344,13505,10477,20958,19929,13191,6751,3336,4986,8846,20257,17725,6271,12240,7732,2246,150,6248,1,24:38
2024-25,1642266,Ja'Kobe Walter,Ja'Kobe,1610612761,TOR,Toronto Raptors,0022400905,2025-03-07T00:00:00,TOR vs. UTA,W,18.283333333333335,9.8,23.6,0.417,3.9,11.8,0.333,3.9,3.9,1.0,5.9,3.9,9.8,3.9,0.0,2.0,0.0,2.0,5.9,2.0,27.6,21.7,51.2,0,0,49.2,1,1,13086,1,17380,3406,1180,14532,4117,1893,9209,5811,7969,1,1673,13916,5607,10111,16469,6393,8263,3316,3064,13217,2950,3544,2931,2246,150,2752,1,18:17
2024-25,1630217,Desmond Bane,Desmond,1610612763,MEM,Memphis Grizzlies,0022400906,2025-03-07T00:00:00,MEM @ DAL,W,37.7,10.5,22.9,0.458,1.9,5.7,0.333,2.9,2.9,1.0,0.0,15.3,15.3,5.7,1.0,2.9,1.9,0.0,3.8,2.9,25.8,12.4,66.1,1,0,58.2,1,1,13086,1,1568,2712,1413,12650,10587,11381,9209,8181,10320,1,14058,523,1655,5990,16116,3498,3739,8846,7675,9711,3788,6627,627,1,150,995,1,37:42
2024-25,1630567,Scottie Barnes,Scottie,1610612761,TOR,Toronto Raptors,0022400905,2025-03-07T00:00:00,TOR vs. UTA,W,32.36666666666667,8.9,21.1,0.421,0.0,3.3,0.0,6.7,8.9,0.75,7.8,5.6,13.3,6.7,3.3,2.2,3.3,1.1,0.0,6.7,24.5,20.0,63.8,1,0,55.6,1,1,13086,1,5670,4889,2256,14442,15070,16992,15070,2263,1925,8186,853,9387,2578,4465,5395,5295,1362,6944,20257,1928,4507,3944,803,1,150,1373,1,32:22
2024-25,202685,Jonas Valančiūnas,Jonas,1610612758,SAC,Sacramento Kings,0022400910,2025-03-07T00:00:00,SAC vs. SAS,W,27.15,9.3,10.6,0.875,0.0,0.0,0.0,1.3,2.7,0.5,4.0,11.9,15.9,8.0,2.7,2.7,1.3,0.0,5.3,4.0,19.9,25.2,60.2,1,0,51.7,1,1,13086,1,10234,4236,16032,1353,15070,20945,15070,12236,10855,10625,3624,1395,1457,2935,7684,4013,5537,8846,4013,6364,8005,2773,1172,1,150,2103,1,27:09
2024-25,1630193,Immanuel Quickley,Immanuel,1610612761,TOR,Toronto Raptors,0022400905,2025-03-07T00:00:00,TOR vs. UTA,W,29.016666666666666,12.4,24.8,0.5,7.4,16.1,0.462,9.9,9.9,1.0,2.5,3.7,6.2,6.2,1.2,3.7,0.0,1.2,0.0,5.0,42.2,26.1,68.9,0,0,69.5,1,1,13086,1,8656,1294,870,8526,614,512,7119,718,1401,1,6672,14560,11817,5158,14158,1940,8263,5993,20257,4190,348,2607,488,2246,150,336,1,29:01
2024-25,1631117,Walker Kessler,Walker,1610612762,UTA,Utah Jazz,0022400905,2025-03-07T00:00:00,UTA @ TOR,L,33.2,8.7,11.9,0.727,0.0,0.0,0.0,2.2,7.6,0.286,14.1,13.0,27.1,0.0,4.3,0.0,8.7,0.0,2.2,4.3,19.5,-19.5,73.7,1,0,64.0,1,13222,1,13222,4987,5300,13719,2666,15070,20945,15070,10055,2824,13350,156,1012,134,19908,3242,12854,111,8846,14251,5504,8354,21402,316,1,150,526,1,33:12
2024-25,1629639,Tyler Herro,Tyler,1610612748,MIA,Miami Heat,0022400907,2025-03-07T00:00:00,MIA vs. MIN,L,39.26,8.3,19.3,0.429,3.7,7.3,0.5,0.0,0.9,0.0,0.0,5.5,5.5,6.4,1.8,1.8,1.8,1.8,0.9,1.8,20.2,0.0,45.6,0,0,43.1,1,13222,1,13222,793,6079,3540,13735,4764,7752,3944,13505,14302,13505,14058,9527,13534,4830,11396,7101,3975,3784,20101,13792,7767,12240,4907,2246,150,5090,1,39:16
2024-25,1626157,Karl-Anthony Towns,Karl-Anthony,1610612752,NYK,New York Knicks,0022400911,2025-03-07T00:00:00,NYK @ LAC,L,34.075,8.5,22.2,0.381,3.2,7.4,0.429,4.2,4.2,1.0,2.1,8.5,10.6,2.1,3.2,2.1,0.0,2.1,3.2,2.1,24.3,-18.0,43.3,1,0,44.4,1,13222,1,13222,4188,5707,1736,16250,6040,7632,7394,5300,7367,1,7913,4114,4848,15959,5911,5729,8263,2891,10003,12554,4614,20921,5977,1,150,4518,1,34:05
2024-25,1630163,LaMelo Ball,LaMelo,1610612766,CHA,Charlotte Hornets,0022400904,2025-03-07T00:00:00,CHA vs. CLE,L,22.828333333333333,6.3,20.5,0.308,4.7,15.8,0.3,3.2,3.2,1.0,0.0,1.6,1.6,11.0,1.6,1.6,0.0,1.6,9.5,6.3,20.5,-26.8,42.1,0,0,41.0,1,13222,1,13222,13860,10684,2640,19226,2676,552,11319,7427,9603,1,14058,20725,22473,989,12434,8077,8263,4500,824,2272,7495,23202,6565,2246,150,6200,1,22:50
2024-25,1642264,Stephon Castle,Stephon,1610612759,SAS,San Antonio Spurs,0022400910,2025-03-07T00:00:00,SAS @ SAC,L,26.383333333333333,13.6,23.2,0.588,2.7,6.8,0.4,4.1,4.1,1.0,2.7,0.0,2.7,4.1,1.4,0.0,0.0,0.0,8.2,4.1,34.1,-10.9,42.2,0,0,43.7,1,13222,1,13222,10831,815,1321,6229,7448,8848,7874,5534,7645,1,6033,22137,20392,9675,13487,12854,8263,8846,1278,6065,1115,18286,6539,2246,150,4849,1,26:23
2024-25,1630598,Aaron Wiggins,Aaron,1610612760,OKC,Oklahoma City Thunder,0022400908,2025-03-07T00:00:00,OKC vs. POR,W,31.533333333333335,14.8,29.7,0.5,2.3,10.3,0.222,2.3,2.3,1.0,2.3,3.4,5.7,3.4,2.3,1.1,1.1,3.4,0.0,1.1,34.2,6.8,50.8,0,0,50.2,1,1,13086,1,6391,519,289,8526,8909,3187,13288,9677,11831,1,7296,15444,12993,11618,9148,10658,6530,976,20257,16700,1081,9207,3046,2246,150,2468,1,31:32
2024-25,1631119,Jaylin Williams,Jaylin,1610612760,OKC,Oklahoma City Thunder,0022400908,2025-03-07T00:00:00,OKC vs. POR,W,35.93333333333333,4.0,7.0,0.571,2.0,4.0,0.5,0.0,0.0,0.0,1.0,10.0,11.0,11.0,3.0,3.0,2.0,0.0,1.0,0.0,10.0,35.1,51.8,1,1,44.1,1,1,13086,1,2731,17072,21542,6538,10145,15569,3944,13505,14344,13505,13239,2571,4392,991,6450,3129,3483,8846,19697,17725,18145,1392,2761,1,1,4643,1,35:56
2024-25,1627936,Alex Caruso,Alex,1610612760,OKC,Oklahoma City Thunder,0022400908,2025-03-07T00:00:00,OKC vs. POR,W,24.283333333333335,8.9,11.9,0.75,3.0,3.0,1.0,4.4,5.9,0.75,0.0,1.5,1.5,1.5,1.5,4.4,1.5,0.0,1.5,7.4,25.2,-7.4,45.5,0,0,43.0,1,1,13086,1,12662,4894,13849,2107,6633,17730,1,4912,4576,8186,14058,20906,22587,18046,12832,1264,4912,8846,17286,1381,4120,16688,4934,2246,150,5144,1,24:17
2024-25,1627746,Skal Labissiere,Skal,1610612758,SAC,Sacramento Kings,0022400910,2025-03-07T00:00:00,SAC vs. SAS,W,1.95,36.9,36.9,1.0,18.5,18.5,1.0,0.0,0.0,0.0,0.0,0.0,0.0,0.0,0.0,0.0,0.0,0.0,0.0,0.0,92.3,0.0,92.3,0,0,110.8,1,1,13086,1,25490,14,108,1,38,302,1,13505,14344,13505,14058,22137,23286,19908,16469,12854,8263,8846,20257,17725,14,12240,90,2246,150,39,1,1:57
2024-25,1630572,Sandro Mamukelashvili,Sandro,1610612759,SAS,San Antonio Spurs,0022400910,2025-03-07T00:00:00,SAS @ SAC,L,7.983333333333333,9.0,13.5,0.667,9.0,13.5,0.667,4.5,9.0,0.5,0.0,9.0,9.0,4.5,0.0,0.0,0.0,0.0,9.0,9.0,31.6,9.0,49.2,0,0,54.1,1,13222,1,13222,22816,4676,10959,3281,295,1080,1957,4818,1855,10625,14058,3498,6702,8629,16469,12854,8263,8846,957,651,1622,8171,3559,2246,150,1598,1,7:59
2024-25,1630314,Brandon Williams,Brandon,1610612742,DAL,Dallas Mavericks,0022400906,2025-03-07T00:00:00,DAL vs. MEM,L,33.95,10.6,15.9,0.667,4.2,8.5,0.5,7.4,8.5,0.875,1.1,4.2,5.3,6.4,2.1,1.1,0.0,1.1,1.1,5.3,32.9,5.3,49.8,0,0,50.9,1,13222,1,13222,4306,2620,7253,3281,3498,5613,3944,1720,2203,6931,12790,13001,14038,4911,9903,11386,8263,7393,19337,3627,1350,9951,3318,2246,150,2288,1,33:57
2024-25,203999,Nikola Jokić,Nikola,1610612743,DEN,Denver Nuggets,0022400909,2025-03-07T00:00:00,DEN vs. PHX,W,44.915,10.4,17.6,0.591,2.4,5.6,0.429,1.6,2.4,0.667,3.2,13.6,16.8,17.6,3.2,2.4,0.0,0.8,2.4,5.6,24.8,6.4,75.5,1,1,66.5,1,1,13086,1,64,2800,5094,6217,8475,11685,7394,11594,11476,9425,4928,844,1166,146,5806,4685,8263,8825,13187,3173,4278,9414,285,1,1,412,1,44:55
2024-25,203486,Mason Plumlee,Mason,1610612756,PHX,Phoenix Suns,0022400909,2025-03-07T00:00:00,PHX @ DEN,L,26.683333333333334,9.4,10.8,0.875,0.0,0.0,0.0,5.4,6.7,0.8,2.7,12.1,14.8,0.0,1.3,1.3,1.3,0.0,5.4,4.0,24.3,14.8,48.8,1,0,44.5,1,13222,1,13222,10574,3960,15704,1353,15070,20945,15070,3535,3613,7681,6108,1292,1852,19908,13573,9194,5447,8846,3856,6178,4619,5690,3683,1,150,4461,1,26:41
2024-25,1641744,Zach Edey,Zach,1610612763,MEM,Memphis Grizzlies,0022400906,2025-03-07T00:00:00,MEM @ DAL,W,21.755,6.6,18.2,0.364,0.0,0.0,0.0,0.0,0.0,0.0,14.9,5.0,19.9,0.0,1.7,0.0,5.0,1.7,6.6,0.0,13.2,6.6,50.3,0,0,43.0,1,1,13086,1,14714,9881,4454,16861,15070,20945,15070,13505,14344,13505,136,10983,556,19908,12115,12854,526,4273,2299,17725,14827,9324,3178,2246,150,5129,1,21:45
2024-25,1631217,Moussa Diabaté,Moussa,1610612766,CHA,Charlotte Hornets,0022400904,2025-03-07T00:00:00,CHA vs. CLE,L,10.685,10.1,16.8,0.6,0.0,0.0,0.0,0.0,0.0,0.0,3.4,6.7,10.1,6.7,10.1,0.0,3.4,3.4,16.8,3.4,20.2,-53.9,42.5,0,0,43.8,1,13222,1,13222,21848,3102,5986,5394,15070,20945,15070,13505,14344,13505,4600,6816,5317,4367,323,12854,1335,1017,184,8050,7725,25538,6397,2246,150,4781,1,10:41
2024-25,1628389,Bam Adebayo,Bam,1610612748,MIA,Miami Heat,0022400907,2025-03-07T00:00:00,MIA vs. MIN,L,43.06666666666667,9.2,17.6,0.524,0.8,4.2,0.2,5.0,5.9,0.857,0.8,10.0,10.9,3.3,1.7,0.8,0.0,0.0,2.5,5.0,24.2,-1.7,43.1,1,0,41.0,1,13222,1,13222,145,4366,5202,8439,15046,15173,13429,4014,4684,7071,14016,2555,4537,11838,12030,12813,8263,8846,12773,4086,4649,13865,6067,1,150,6224,1,43:04
2024-25,1628970,Miles Bridges,Miles,1610612766,CHA,Charlotte Hornets,0022400904,2025-03-07T00:00:00,CHA vs. CLE,L,38.955,13.9,29.6,0.469,3.7,9.2,0.4,11.1,12.0,0.923,0.9,6.5,7.4,1.8,0.9,1.8,0.0,1.8,3.7,7.4,42.5,4.6,58.8,0,0,59.1,1,13222,1,13222,898,745,299,12247,4709,4467,7874,470,763,6735,13812,7380,9387,16937,16268,7044,8263,3747,8094,1396,336,10329,1365,2246,150,902,1,38:57
2024-25,1642271,Kyle Filipowski,Kyle,1610612762,UTA,Utah Jazz,0022400905,2025-03-07T00:00:00,UTA @ TOR,L,27.283333333333335,9.2,13.2,0.7,2.6,5.3,0.5,1.3,2.6,0.5,4.0,2.6,6.6,4.0,4.0,2.6,0.0,0.0,2.6,4.0,22.4,9.2,40.2,0,0,40.9,1,13222,1,13222,10113,4303,11488,3045,7713,12526,3944,12250,10887,10625,3648,17855,10958,10045,3958,4047,8263,8846,12290,6432,5900,8076,7603,2246,150,6266,1,27:17
2024-25,1627739,Kris Dunn,Kris,1610612746,LAC,LA Clippers,0022400911,2025-03-07T00:00:00,LAC vs. NYK,W,29.066666666666666,1.2,3.7,0.333,0.0,2.5,0.0,0.0,0.0,0.0,0.0,2.5,2.5,3.7,1.2,2.5,2.5,0.0,0.0,0.0,2.5,2.5,24.6,0,0,18.6,1,1,13086,1,8620,22459,24219,17395,15070,18670,15070,13505,14344,13505,14058,18250,20849,10746,14173,4444,2416,8846,20257,17725,23081,11385,18526,2246,150,21596,1,29:04
2024-25,1629312,Haywood Highsmith,Haywood,1610612748,MIA,Miami Heat,0022400907,2025-03-07T00:00:00,MIA vs. MIN,L,31.466666666666665,4.6,8.0,0.571,1.1,3.4,0.333,0.0,0.0,0.0,1.1,4.6,5.7,4.6,1.1,1.1,0.0,0.0,4.6,0.0,10.3,11.4,26.3,0,0,24.0,1,13222,1,13222,6437,15554,20249,6538,13685,16809,9209,13505,14344,13505,12166,12057,12966,8459,14836,10644,8263,8846,5599,17725,17862,7038,17411,2246,150,18311,1,31:28
2024-25,1642377,Jaylen Wells,Jaylen,1610612763,MEM,Memphis Grizzlies,0022400906,2025-03-07T00:00:00,MEM @ DAL,W,21.02,3.4,6.9,0.5,1.7,3.4,0.5,0.0,0.0,0.0,3.4,5.1,8.6,1.7,0.0,0.0,1.7,0.0,3.4,0.0,8.6,-5.1,26.5,0,0,24.0,1,1,13086,1,15279,18484,21729,8526,11365,16819,3944,13505,14344,13505,4491,10457,7375,17329,16469,12854,4263,8846,8983,17725,19456,15670,17261,2246,150,18339,1,21:01
2024-25,1642262,Cody Williams,Cody,1610612762,UTA,Utah Jazz,0022400905,2025-03-07T00:00:00,UTA @ TOR,L,21.55,6.7,13.4,0.5,3.3,10.0,0.333,0.0,0.0,0.0,0.0,3.3,3.3,0.0,0.0,0.0,0.0,0.0,1.7,0.0,16.7,8.4,20.7,0,0,23.4,1,13222,1,13222,14889,9728,11194,8526,5539,3462,9209,13505,14344,13505,14058,15664,18889,19908,16469,12854,8263,8846,16621,17725,11165,8460,20832,2246,150,18744,1,21:33
2024-25,1631108,Max Christie,Max,1610612742,DAL,Dallas Mavericks,0022400906,2025-03-07T00:00:00,DAL vs. MEM,L,34.028333333333336,3.2,11.6,0.273,2.1,5.3,0.4,0.0,0.0,0.0,1.1,4.2,5.3,3.2,2.1,1.1,1.1,3.2,3.2,0.0,8.5,-18.0,23.8,0,0,23.3,1,13222,1,13222,4236,19050,14247,20048,9619,12492,7874,13505,14344,13505,12808,13028,14073,12410,9925,11417,7072,1175,9988,17725,19550,20929,19089,2246,150,18819,1,34:02
2024-25,1629234,Drew Eubanks,Drew,1610612746,LAC,LA Clippers,0022400911,2025-03-07T00:00:00,LAC vs. NYK,W,4.05,0.0,17.8,0.0,0.0,0.0,0.0,0.0,0.0,0.0,0.0,8.9,8.9,0.0,8.9,0.0,0.0,8.9,17.8,0.0,0.0,-8.9,1.8,0,0,8.9,1,1,13086,1,24455,22635,4926,22635,15070,20945,15070,13505,14344,13505,14058,3614,6898,19908,435,12854,8263,86,160,17725,23200,17377,25175,2246,150,24630,1,4:03
2024-25,1641745,Adam Flagler,Adam,1610612760,OKC,Oklahoma City Thunder,0022400908,2025-03-07T00:00:00,OKC vs. POR,W,8.091666666666667,0.0,4.4,0.0,0.0,4.4,0.0,0.0,0.0,0.0,0.0,4.4,4.4,0.0,0.0,0.0,0.0,0.0,4.4,0.0,0.0,-31.1,5.3,0,0,4.4,1,1,13086,1,22784,22635,23832,22635,15070,14569,15070,13505,14344,13505,14058,12405,16172,19908,16469,12854,8263,8846,5890,17725,23200,23914,24978,2246,150,25156,1,8:06
2024-25,1629008,Michael Porter Jr.,Michael,1610612743,DEN,Denver Nuggets,0022400909,2025-03-07T00:00:00,DEN vs. PHX,W,39.18666666666667,6.4,11.9,0.538,0.9,4.6,0.2,0.9,1.8,0.5,0.0,1.8,1.8,2.8,0.0,0.9,0.9,0.0,5.5,0.9,14.7,13.8,26.5,0,0,23.9,1,1,13086,1,816,10358,13690,7978,14907,14211,13429,13431,13136,10625,14058,20148,22105,13730,16469,12575,8011,8846,3683,17629,13199,6087,17257,2246,150,18409,1,39:11
2024-25,203078,Bradley Beal,Bradley,1610612756,PHX,Phoenix Suns,0022400909,2025-03-07T00:00:00,PHX @ DEN,L,40.776666666666664,4.4,11.5,0.385,0.0,4.4,0.0,0.9,1.8,0.5,0.0,0.9,0.9,7.9,0.0,0.0,0.0,0.0,3.5,1.8,9.7,-11.5,22.7,0,0,18.5,1,13222,1,13222,404,16024,14516,16070,15070,14644,15070,13466,13230,10625,14058,22116,23273,2945,16469,12854,8263,8846,8655,14055,18436,18524,19755,2246,150,21609,1,40:47
2024-25,1641794,Dillon Jones,Dillon,1610612760,OKC,Oklahoma City Thunder,0022400908,2025-03-07T00:00:00,OKC vs. POR,W,25.066666666666666,4.3,10.1,0.429,0.0,1.4,0.0,0.0,0.0,0.0,0.0,5.7,5.7,1.4,1.4,1.4,0.0,0.0,1.4,1.4,8.6,14.4,20.5,0,0,18.7,1,1,13086,1,11944,16301,16952,13735,15070,20339,15070,13505,14344,13505,14058,8934,12915,18215,13071,8716,8263,8846,17488,15295,19418,5872,20924,2246,150,21546,1,25:04
2024-25,1630577,Julian Champagnie,Julian,1610612759,SAS,San Antonio Spurs,0022400910,2025-03-07T00:00:00,SAS @ SAC,L,11.533333333333333,0.0,6.2,0.0,0.0,6.2,0.0,3.1,3.1,1.0,3.1,9.4,12.5,3.1,0.0,0.0,0.0,0.0,3.1,0.0,3.1,-6.2,22.8,0,0,18.7,1,13222,1,13222,21478,22635,22375,22635,15070,10096,15070,7489,9665,1,5092,3150,3136,12553,16469,12854,8263,8846,10192,17725,22915,16185,19695,2246,150,21522,1,11:32
2024-25,1642268,Isaiah Collier,Isaiah,1610612762,UTA,Utah Jazz,0022400905,2025-03-07T00:00:00,UTA @ TOR,L,29.85,1.2,4.8,0.25,0.0,1.2,0.0,4.8,7.2,0.667,0.0,3.6,3.6,7.2,4.8,0.0,0.0,0.0,3.6,4.8,7.2,-13.3,17.6,0,0,18.1,1,13222,1,13222,7920,22487,23586,20233,15070,20615,15070,4307,3143,9425,14058,14879,18283,3710,2543,12854,8263,8846,8375,4449,20536,19210,22260,2246,150,21822,1,29:51
2024-25,1630583,Santi Aldama,Santi,1610612763,MEM,Memphis Grizzlies,0022400906,2025-03-07T00:00:00,MEM @ DAL,W,21.233333333333334,5.1,10.2,0.5,0.0,1.7,0.0,0.0,0.0,0.0,1.7,6.8,8.5,5.1,1.7,0.0,0.0,1.7,5.1,1.7,10.2,18.6,26.3,0,0,23.7,1,1,13086,1,15129,14129,16776,8526,15070,20050,15070,13505,14344,13505,9589,6732,7506,7275,11934,12854,8263,4160,4409,14284,17978,4361,17427,2246,150,18515,1,21:14
2024-25,1630231,KJ Martin,KJ,1610612762,UTA,Utah Jazz,0022400905,2025-03-07T00:00:00,UTA @ TOR,L,22.183333333333334,3.2,8.1,0.4,0.0,0.0,0.0,1.6,1.6,1.0,0.0,4.9,4.9,1.6,1.6,0.0,1.6,4.9,4.9,1.6,8.1,-24.3,19.6,0,0,17.9,1,13222,1,13222,14357,18903,20066,14933,15070,20945,15070,11558,13371,1,14058,11242,15139,17588,12243,12854,4498,392,4903,14550,19826,22650,21344,2246,150,21930,1,22:11
2024-25,203552,Seth Curry,Seth,1610612766,CHA,Charlotte Hornets,0022400904,2025-03-07T00:00:00,CHA vs. CLE,L,13.686666666666667,5.3,5.3,1.0,2.6,2.6,1.0,0.0,0.0,0.0,0.0,5.3,5.3,2.6,0.0,0.0,0.0,0.0,2.6,5.3,13.2,2.6,23.4,0,0,23.7,1,13222,1,13222,20371,13641,23284,1,7742,18399,1,13505,14344,13505,14058,10132,14136,14114,16469,12854,8263,8846,12324,3687,14934,11304,19308,2246,150,18560,1,13:41
2024-25,1631170,Jaime Jaquez Jr.,Jaime,1610612748,MIA,Miami Heat,0022400907,2025-03-07T00:00:00,MIA vs. MIN,L,10.156666666666666,7.1,14.2,0.5,0.0,3.5,0.0,0.0,0.0,0.0,0.0,3.5,3.5,0.0,3.5,0.0,0.0,3.5,3.5,0.0,14.2,-14.2,14.9,0,0,17.7,1,13222,1,13222,22054,8726,9874,8526,15070,16557,15070,13505,14344,13505,14058,15102,18460,19908,4924,12854,8263,883,8623,17725,13751,19574,23217,2246,150,21981,1,10:09
2024-25,1630639,A.J. Lawson,A.J.,1610612761,TOR,Toronto Raptors,0022400905,2025-03-07T00:00:00,TOR vs. UTA,W,26.583333333333332,2.7,17.6,0.154,1.4,12.2,0.111,1.4,2.7,0.5,2.7,1.4,4.1,1.4,0.0,1.4,0.0,2.7,4.1,1.4,8.1,19.0,19.1,0,0,17.6,1,1,13086,1,10652,20069,5128,22243,12639,1676,15003,12154,10724,10625,6079,21176,17154,18485,16469,9168,8263,1727,6963,15651,19814,4273,21590,2246,150,22034,1,26:35
2024-25,201959,Taj Gibson,Taj,1610612766,CHA,Charlotte Hornets,0022400904,2025-03-07T00:00:00,CHA vs. CLE,L,4.533333333333333,7.9,7.9,1.0,0.0,0.0,0.0,0.0,0.0,0.0,0.0,0.0,0.0,7.9,0.0,0.0,0.0,0.0,7.9,0.0,15.9,-31.8,27.8,0,0,23.8,1,13222,1,13222,24213,6751,20351,1,15070,20945,15070,13505,14344,13505,14058,22137,23286,2949,16469,12854,8263,8846,1387,17725,12036,23999,16365,2246,150,18449,1,4:32
2024-25,1631200,Kris Murray,Kris,1610612757,POR,Portland Trail Blazers,0022400908,2025-03-07T00:00:00,POR @ OKC,L,14.816666666666666,2.4,9.7,0.25,0.0,4.9,0.0,0.0,0.0,0.0,0.0,2.4,2.4,0.0,2.4,0.0,0.0,0.0,2.4,0.0,4.9,2.4,5.3,0,0,7.3,1,13222,1,13222,19696,20591,17540,20233,15070,13537,15070,13505,14344,13505,14058,18396,20934,19908,8529,12854,8263,8846,13071,17725,22087,11402,24977,2246,150,24868,1,14:49
2024-25,1631172,Ousmane Dieng,Ousmane,1610612760,OKC,Oklahoma City Thunder,0022400908,2025-03-07T00:00:00,OKC vs. POR,W,35.516666666666666,6.1,10.1,0.6,4.1,6.1,0.667,0.0,0.0,0.0,1.0,5.1,6.1,1.0,3.0,2.0,0.0,0.0,3.0,1.0,16.2,14.2,28.1,0,0,31.4,1,1,13086,1,3054,11278,16854,5394,3881,10489,1957,13505,14344,13505,13144,10671,12091,19635,6310,6126,8263,8846,10532,17339,11710,5942,16157,2246,150,12838,1,35:31
2024-25,203939,Dwight Powell,Dwight,1610612742,DAL,Dallas Mavericks,0022400906,2025-03-07T00:00:00,DAL vs. MEM,L,8.183333333333334,0.0,0.0,0.0,0.0,0.0,0.0,0.0,0.0,0.0,0.0,8.8,8.8,4.4,4.4,0.0,0.0,0.0,8.8,4.4,0.0,0.0,12.8,0,0,13.2,1,13222,1,13222,22745,22635,24836,22635,15070,20945,15070,13505,14344,13505,14058,3726,7028,8884,3143,12854,8263,8846,1025,5347,23200,12240,23831,2246,150,23651,1,8:11
2024-25,202687,Bismack Biyombo,Bismack,1610612759,SAS,San Antonio Spurs,0022400910,2025-03-07T00:00:00,SAS @ SAC,L,18.583333333333332,3.9,7.7,0.5,0.0,0.0,0.0,1.9,7.7,0.25,5.8,1.9,7.7,1.9,0.0,3.9,1.9,1.9,5.8,3.9,9.7,-40.7,39.3,0,0,31.0,1,13222,1,13222,17123,17395,20600,8526,15070,20945,15070,10844,2710,13358,1735,19872,8721,16615,16469,1766,3659,3429,3200,6641,18451,24895,8186,2246,150,13169,1,18:35
2024-25,1626179,Terry Rozier,Terry,1610612748,MIA,Miami Heat,0022400907,2025-03-07T00:00:00,MIA vs. MIN,L,12.491666666666667,5.8,8.6,0.667,2.9,2.9,1.0,0.0,0.0,0.0,0.0,5.8,5.8,0.0,0.0,0.0,0.0,0.0,2.9,0.0,14.4,-23.1,21.3,0,0,23.1,1,13222,1,13222,21000,12222,19282,3281,6935,17897,1,13505,14344,13505,14058,8874,12860,19908,16469,12854,8263,8846,11268,17725,13496,22346,20517,2246,150,18976,1,12:30
2024-25,1641878,Damion Baugh,Damion,1610612766,CHA,Charlotte Hornets,0022400904,2025-03-07T00:00:00,CHA vs. CLE,L,26.105,4.1,9.7,0.429,0.0,2.8,0.0,0.0,0.0,0.0,0.0,1.4,1.4,5.5,2.8,0.0,0.0,0.0,5.5,1.4,8.3,15.2,15.4,0,0,15.2,1,13222,1,13222,11087,16754,17668,13735,15070,18149,15070,13505,14344,13505,14058,21130,22723,6394,7350,12854,8263,8846,3677,15533,19675,5557,23043,2246,150,23001,1,26:06
2024-25,1629631,De'Andre Hunter,De'Andre,1610612739,CLE,Cleveland Cavaliers,0022400904,2025-03-07T00:00:00,CLE @ CHA,W,24.766666666666666,5.8,8.7,0.667,2.9,5.8,0.5,7.3,8.7,0.833,1.5,7.3,8.7,5.8,2.9,0.0,0.0,0.0,4.4,4.4,21.8,24.7,38.1,0,0,39.2,1,1,13086,1,12199,12076,19150,3281,6846,11172,3944,1819,2036,7275,10522,5882,7136,5829,6810,12854,8263,8846,6119,5447,6379,2878,8972,2246,150,7241,1,24:46
2024-25,1630548,Johnny Juzang,Johnny,1610612762,UTA,Utah Jazz,0022400905,2025-03-07T00:00:00,UTA @ TOR,L,14.366666666666667,5.0,12.5,0.4,0.0,5.0,0.0,2.5,5.0,0.5,2.5,2.5,5.0,0.0,7.5,2.5,0.0,0.0,2.5,5.0,12.5,15.0,18.5,0,0,22.6,1,13222,1,13222,19961,14354,12688,14933,15070,13184,15070,9034,5899,10625,6600,18173,14766,19908,708,4369,8263,8846,12777,4094,15567,5618,21868,2246,150,19322,1,14:22
2024-25,1631246,Vince Williams Jr.,Vince,1610612763,MEM,Memphis Grizzlies,0022400906,2025-03-07T00:00:00,MEM @ DAL,W,24.166666666666668,6.0,8.9,0.667,3.0,4.5,0.667,3.0,3.0,1.0,1.5,4.5,6.0,1.5,0.0,1.5,0.0,1.5,1.5,1.5,17.9,-4.5,31.7,0,0,31.3,1,1,13086,1,12748,11634,18812,3281,6591,14525,1957,7874,10027,1,10360,12340,12390,18020,16469,8458,8263,4814,17266,15043,9948,15311,13528,2246,150,12946,1,24:10
2024-25,203915,Spencer Dinwiddie,Spencer,1610612742,DAL,Dallas Mavericks,0022400906,2025-03-07T00:00:00,DAL vs. MEM,L,31.516666666666666,2.3,13.7,0.167,1.1,6.9,0.167,5.7,5.7,1.0,0.0,3.4,3.4,4.6,2.3,0.0,1.1,0.0,0.0,5.7,11.4,-9.1,23.5,0,0,22.8,1,13222,1,13222,6406,20883,10646,21938,13694,8771,14236,3174,4876,1,14058,15440,18706,8485,9145,12854,6528,8846,20257,3020,16760,17494,19243,2246,150,19107,1,31:31
2024-25,1630198,Isaiah Joe,Isaiah,1610612760,OKC,Oklahoma City Thunder,0022400908,2025-03-07T00:00:00,OKC vs. POR,W,34.05,4.2,12.7,0.333,3.2,9.5,0.333,5.3,5.3,1.0,0.0,6.3,6.3,6.3,1.1,2.1,1.1,0.0,3.2,3.2,16.9,29.6,42.5,0,0,39.1,1,1,13086,1,4210,16519,12406,17395,6028,4079,9209,3674,5485,1,14058,7609,11515,4946,15443,5720,7077,8846,9992,8658,10946,2016,6367,2246,150,7312,1,34:03
2024-25,1629026,Kenrich Williams,Kenrich,1610612760,OKC,Oklahoma City Thunder,0022400908,2025-03-07T00:00:00,OKC vs. POR,W,31.65,3.4,10.2,0.333,1.1,3.4,0.333,3.4,4.5,0.75,0.0,6.8,6.8,1.1,0.0,0.0,1.1,0.0,2.3,3.4,11.4,33.0,24.7,0,0,22.7,1,1,13086,1,6279,18512,16668,17395,13729,16841,9209,6872,6748,8186,14058,6664,10474,19235,16469,12854,6555,8846,13751,7912,16819,1631,18501,2246,150,19171,1,31:39
2024-25,1626220,Royce O'Neale,Royce,1610612756,PHX,Phoenix Suns,0022400909,2025-03-07T00:00:00,PHX @ DEN,L,19.723333333333333,3.7,7.3,0.5,3.7,7.3,0.5,0.0,0.0,0.0,0.0,1.8,1.8,9.1,0.0,1.8,0.0,0.0,1.8,0.0,11.0,12.8,32.3,0,0,29.2,1,13222,1,13222,16244,17968,21205,8526,4802,7819,3944,13505,14344,13505,14058,20179,22125,1919,16469,7133,8263,8846,16064,17725,17216,6491,13081,2246,150,14542,1,19:43
2024-25,1629660,Ty Jerome,Ty,1610612739,CLE,Cleveland Cavaliers,0022400904,2025-03-07T00:00:00,CLE @ CHA,W,17.016666666666666,4.2,8.5,0.5,0.0,0.0,0.0,4.2,4.2,1.0,0.0,10.6,10.6,6.3,4.2,0.0,0.0,2.1,2.1,4.2,12.7,19.0,30.7,0,0,29.6,1,1,13086,1,18243,16506,19553,8526,15070,20945,15070,5290,7355,1,14058,2170,4835,4939,3443,12854,8263,2877,14539,5759,15398,4249,14297,2246,150,14236,1,17:01
2024-25,1629610,DaQuan Jeffries,DaQuan,1610612766,CHA,Charlotte Hornets,0022400904,2025-03-07T00:00:00,CHA vs. CLE,L,21.816666666666666,3.3,5.0,0.667,1.7,1.7,1.0,1.7,3.3,0.5,0.0,3.3,3.3,1.7,0.0,1.7,1.7,0.0,3.3,1.7,9.9,1.7,26.2,0,0,23.1,1,13222,1,13222,14648,18755,23500,3281,11535,20108,1,11505,9305,10625,14058,15793,18989,17504,16469,7812,4417,8846,9454,14448,18255,11808,17456,2246,150,18933,1,21:49
2024-25,1631222,Jake LaRavia,Jake,1610612758,SAC,Sacramento Kings,0022400910,2025-03-07T00:00:00,SAC vs. SAS,W,26.733333333333334,2.7,12.1,0.222,1.3,4.0,0.333,1.3,2.7,0.5,6.7,4.0,10.8,4.0,1.3,0.0,0.0,1.3,1.3,1.3,8.1,8.1,25.7,0,0,24.2,1,1,13086,1,10540,20102,13381,21205,12663,15500,9209,12180,10766,10625,1262,13595,4628,9831,13587,12854,8263,5412,17834,15697,19853,8596,17801,2246,150,18176,1,26:44
2024-25,1631128,Christian Braun,Christian,1610612743,DEN,Denver Nuggets,0022400909,2025-03-07T00:00:00,DEN vs. PHX,W,37.61833333333333,7.7,10.5,0.727,3.8,4.8,0.8,4.8,5.7,0.833,0.0,4.8,4.8,4.8,1.0,0.0,1.0,0.0,3.8,2.9,23.9,11.5,38.8,0,0,39.2,1,1,13086,1,1621,7371,16167,2666,4365,13745,1389,4369,4828,7275,14058,11476,15335,7963,16108,12854,7770,8846,7659,9687,4853,7017,8563,2246,150,7249,1,37:37
2024-25,1628436,Luke Kornet,Luke,1610612738,BOS,Boston Celtics,0022400900,2025-03-06T00:00:00,BOS vs. PHI,W,32.483333333333334,4.4,4.4,1.0,0.0,0.0,0.0,1.1,2.2,0.5,3.3,4.4,7.8,4.4,1.1,0.0,4.4,0.0,2.2,2.2,10.0,28.8,38.1,0,0,31.0,1,1,13086,1,5567,15970,23837,1,15070,20945,15070,12894,12035,10625,4699,12447,8704,8806,15078,12854,705,8846,14023,12094,18180,2131,8943,2246,150,13132,1,32:29
2024-25,1629611,Terance Mann,Terance,1610612737,ATL,Atlanta Hawks,0022400899,2025-03-06T00:00:00,ATL vs. IND,W,21.916666666666668,8.2,14.8,0.556,1.6,6.6,0.25,1.6,3.3,0.5,1.6,0.0,1.6,0.0,1.6,0.0,0.0,1.6,4.9,1.6,19.7,19.7,20.0,0,0,23.0,1,1,13086,1,14561,6174,8935,7248,11557,9385,11902,11520,9341,10625,9775,22137,22374,19908,12169,12854,8263,4319,4780,14483,8147,4038,21146,2246,150,19028,1,21:55
2024-25,1631248,Baylor Scheierman,Baylor,1610612738,BOS,Boston Celtics,0022400900,2025-03-06T00:00:00,BOS vs. PHI,W,29.783333333333335,6.0,12.1,0.5,3.6,8.5,0.429,2.4,2.4,1.0,1.2,2.4,3.6,3.6,0.0,1.2,0.0,0.0,1.2,3.6,18.1,21.8,31.5,0,0,31.4,1,1,13086,1,7977,11389,13441,8526,4853,5653,7394,9284,11430,1,11733,18434,18262,11005,16469,10101,8263,8846,18487,7315,9702,3516,13645,2246,150,12833,1,29:47
2024-25,1642258,Zaccharie Risacher,Zaccharie,1610612737,ATL,Atlanta Hawks,0022400899,2025-03-06T00:00:00,ATL vs. IND,W,24.916666666666668,5.8,13.0,0.444,4.3,4.3,1.0,0.0,0.0,0.0,2.9,2.9,5.8,2.9,2.9,0.0,1.4,1.4,1.4,0.0,15.9,23.1,28.6,0,0,31.8,1,1,13086,1,12084,12170,11849,13045,3335,14834,1,13505,14344,13505,5612,17118,12813,13313,6883,12854,5057,5001,17460,17725,12032,3236,15794,2246,150,12552,1,24:55
2024-25,1630288,Jeff Dowtin Jr.,Jeff,1610612755,PHI,Philadelphia 76ers,0022400900,2025-03-06T00:00:00,PHI @ BOS,L,17.516666666666666,8.2,12.3,0.667,4.1,4.1,1.0,0.0,0.0,0.0,0.0,2.1,2.1,4.1,0.0,2.1,2.1,0.0,0.0,2.1,20.6,12.3,41.5,0,0,39.0,1,13222,1,13222,17908,6167,13029,3281,3765,15320,1,13505,14344,13505,14058,19492,21690,9640,16469,5987,3334,8846,20257,12827,7444,6664,6879,2246,150,7354,1,17:31
2024-25,1642263,Reed Sheppard,Reed,1610612745,HOU,Houston Rockets,0022400902,2025-03-06T00:00:00,HOU @ NOP,W,11.85,3.0,15.2,0.2,0.0,3.0,0.0,0.0,0.0,0.0,0.0,9.1,9.1,9.1,3.0,0.0,0.0,6.1,6.1,0.0,6.1,0.0,27.6,0,0,24.3,1,1,13086,1,21361,19343,8271,21401,15070,17575,15070,13505,14344,13505,14058,3390,6562,1929,6319,12854,8263,213,2849,17725,21333,12240,16462,2246,150,18134,1,11:51
2024-25,1631216,Caleb Houstan,Caleb,1610612753,ORL,Orlando Magic,0022400944,2025-03-06T00:00:00,ORL vs. CHI,L,7.5,4.8,9.6,0.5,4.8,9.6,0.5,0.0,0.0,0.0,0.0,9.6,9.6,0.0,0.0,0.0,0.0,0.0,0.0,0.0,14.4,-28.8,25.9,0,0,28.8,1,13222,1,13222,22999,14944,17768,8526,2556,3978,3944,13505,14344,13505,14058,2915,5919,19908,16469,12854,8263,8846,20257,17725,13498,23551,17665,2246,150,14855,1,7:30
2024-25,203991,Clint Capela,Clint,1610612737,ATL,Atlanta Hawks,0022400899,2025-03-06T00:00:00,ATL vs. IND,W,13.6,7.9,15.9,0.5,0.0,0.0,0.0,0.0,0.0,0.0,7.9,5.3,13.2,0.0,0.0,0.0,0.0,0.0,2.6,0.0,15.9,-13.2,31.8,0,0,29.1,1,1,13086,1,20422,6751,7290,8526,15070,20945,15070,13505,14344,13505,801,10040,2646,19908,16469,12854,8263,8846,12249,17725,12036,19202,13497,2246,150,14613,1,13:36
2024-25,1642348,Justin Edwards,Justin,1610612755,PHI,Philadelphia 76ers,0022400900,2025-03-06T00:00:00,PHI @ BOS,L,29.95,6.0,8.4,0.714,2.4,3.6,0.667,2.4,2.4,1.0,1.2,3.6,4.8,2.4,1.2,0.0,1.2,1.2,2.4,1.2,16.8,-26.4,28.6,0,0,28.8,1,13222,1,13222,7825,11478,19623,2752,8476,16423,1957,9324,11477,1,11783,14901,15279,14866,14429,12854,6160,6244,13188,16391,11029,23121,15793,2246,150,14826,1,29:57
2024-25,1641763,Julian Phillips,Julian,1610612741,CHI,Chicago Bulls,0022400944,2025-03-06T00:00:00,CHI @ ORL,W,19.705,3.7,3.7,1.0,0.0,0.0,0.0,0.0,0.0,0.0,0.0,1.8,1.8,1.8,3.7,0.0,1.8,0.0,5.5,1.8,7.3,9.1,14.1,0,0,14.6,1,1,13086,1,16261,17959,24249,1,15070,20945,15070,13505,14344,13505,14058,20170,22121,17006,4667,12854,3991,8846,3732,13823,20481,8118,23486,2246,150,23210,1,19:42
2024-25,1629656,Quentin Grimes,Quentin,1610612755,PHI,Philadelphia 76ers,0022400900,2025-03-06T00:00:00,PHI @ BOS,L,32.7,2.2,12.1,0.182,1.1,5.5,0.2,1.1,2.2,0.5,2.2,6.6,8.8,5.5,3.3,1.1,0.0,0.0,1.1,3.3,6.6,-14.3,25.4,0,0,24.2,1,13222,1,13222,5400,21033,13397,21891,13939,11934,13429,12910,12081,10625,7577,7087,7009,6417,5498,11012,8263,8846,19095,8239,20985,19618,17972,2246,150,18192,1,32:42
2024-25,1627824,Guerschon Yabusele,Guerschon,1610612755,PHI,Philadelphia 76ers,0022400900,2025-03-06T00:00:00,PHI @ BOS,L,31.45,2.3,8.0,0.286,0.0,3.4,0.0,0.0,0.0,0.0,2.3,2.3,4.6,4.6,2.3,0.0,0.0,1.1,3.4,1.1,4.6,-17.2,14.7,0,0,13.7,1,13222,1,13222,6450,20876,20243,19630,15070,16802,15070,13505,14344,13505,7282,18797,15864,8457,9130,12854,8263,6680,8959,16683,22248,20678,23297,2246,150,23490,1,31:27
2024-25,1629048,Goga Bitadze,Goga,1610612753,ORL,Orlando Magic,0022400944,2025-03-06T00:00:00,ORL vs. CHI,L,17.233333333333334,6.3,6.3,1.0,0.0,0.0,0.0,4.2,4.2,1.0,2.1,0.0,2.1,6.3,0.0,0.0,2.1,0.0,2.1,4.2,16.7,-12.5,34.9,0,0,29.2,1,13222,1,13222,18112,10809,22357,1,15070,20945,15070,5379,7455,1,7994,22137,21635,5069,16469,12854,3236,8846,14659,5883,11155,18953,11132,2246,150,14514,1,17:14
2024-25,1628971,Bruce Brown,Bruce,1610612740,NOP,New Orleans Pelicans,0022400902,2025-03-06T00:00:00,NOP vs. HOU,L,19.46,0.0,3.7,0.0,0.0,1.8,0.0,0.0,0.0,0.0,1.8,1.8,3.7,3.7,1.8,3.7,0.0,0.0,1.8,0.0,0.0,-24.0,19.2,0,0,14.8,1,13222,1,13222,16460,22635,24227,22635,15070,19829,15070,13505,14344,13505,9044,20108,18073,10787,11321,1964,8263,8846,15945,17725,23200,22591,21525,2246,150,23131,1,19:28
2024-25,1641998,Trey Jemison III,Trey,1610612747,LAL,Los Angeles Lakers,0022400903,2025-03-06T00:00:00,LAL vs. NYK,W,13.413333333333334,8.1,10.7,0.75,0.0,0.0,0.0,2.7,5.4,0.5,2.7,8.1,10.7,0.0,5.4,0.0,0.0,0.0,10.7,2.7,18.8,-5.4,26.3,0,0,29.5,1,1,13086,1,20535,6525,15827,2107,15070,20945,15070,8613,5358,10625,6140,4626,4669,19908,1938,12854,8263,8846,576,10364,9043,15772,17414,2246,150,14309,1,13:25
2024-25,1628969,Mikal Bridges,Mikal,1610612752,NYK,New York Knicks,0022400903,2025-03-06T00:00:00,NYK @ LAL,L,43.016666666666666,2.5,5.0,0.5,0.0,0.8,0.0,0.0,0.0,0.0,0.8,1.7,2.5,2.5,0.8,2.5,0.0,0.0,0.8,0.0,5.0,-10.0,18.5,0,0,15.1,1,13222,1,13222,150,20454,23447,8526,15070,20942,15070,13505,14344,13505,14014,20513,20790,14504,16436,4351,8263,8846,20230,17725,21993,17906,21888,2246,150,23040,1,43:01
2024-25,202709,Cory Joseph,Cory,1610612753,ORL,Orlando Magic,0022400944,2025-03-06T00:00:00,ORL vs. CHI,L,8.233333333333333,0.0,8.7,0.0,0.0,8.7,0.0,0.0,0.0,0.0,0.0,4.4,4.4,8.7,0.0,0.0,0.0,0.0,4.4,4.4,0.0,13.1,18.4,0,0,13.1,1,13222,1,13222,22725,22635,19106,22635,15070,5187,15070,13505,14344,13505,14058,12593,16352,2224,16469,12854,8263,8846,6094,5413,23200,6338,21939,2246,150,23675,1,8:14
2024-25,1628973,Jalen Brunson,Jalen,1610612752,NYK,New York Knicks,0022400903,2025-03-06T00:00:00,NYK @ LAL,L,41.181666666666665,11.4,22.7,0.5,0.9,6.1,0.143,10.5,11.4,0.923,0.0,3.5,3.5,8.7,2.6,0.0,0.0,0.9,1.7,8.7,34.1,-7.0,48.8,1,0,47.2,1,13222,1,13222,343,1965,1487,8526,15007,10387,14649,567,930,6735,14058,15249,18559,2235,7794,12854,8263,8731,16377,739,1119,16500,3706,1,150,3399,1,41:11
2024-25,203482,Kelly Olynyk,Kelly,1610612740,NOP,New Orleans Pelicans,0022400902,2025-03-06T00:00:00,NOP vs. HOU,L,22.766666666666666,3.2,7.9,0.4,1.6,1.6,1.0,4.7,6.3,0.75,3.2,4.7,7.9,3.2,3.2,0.0,1.6,1.6,6.3,4.7,12.7,14.2,28.5,0,0,28.5,1,13222,1,13222,13894,19079,20406,14933,11750,20191,1,4442,4096,8186,5017,11588,8447,12444,5940,12854,4604,4485,2575,4632,15444,5919,15900,2246,150,15101,1,22:46
2024-25,1629013,Landry Shamet,Landry,1610612752,NYK,New York Knicks,0022400903,2025-03-06T00:00:00,NYK @ LAL,L,5.866666666666666,12.3,18.4,0.667,6.1,12.3,0.5,0.0,0.0,0.0,0.0,0.0,0.0,0.0,0.0,0.0,0.0,0.0,12.3,6.1,30.7,36.8,30.7,0,0,36.8,1,13222,1,13222,23641,1367,4280,3281,1204,1631,3944,13505,14344,13505,14058,22137,23286,19908,16469,12854,8263,8846,396,2461,1867,1214,14287,2246,150,8826,1,5:52
2024-25,1631095,Jabari Smith Jr.,Jabari,1610612745,HOU,Houston Rockets,0022400902,2025-03-06T00:00:00,HOU @ NOP,W,28.083333333333332,7.7,16.7,0.462,2.6,10.3,0.25,2.6,5.1,0.5,0.0,6.4,6.4,1.3,0.0,0.0,1.3,0.0,2.6,6.4,20.5,5.1,34.0,0,0,33.3,1,1,13086,1,9476,7290,6228,12428,7936,3207,11902,8894,5715,10625,14058,7486,11368,18717,16469,12854,5730,8846,12552,2171,7485,10041,11841,2246,150,11376,1,28:05
2024-25,1641716,Jarace Walker,Jarace,1610612754,IND,Indiana Pacers,0022400899,2025-03-06T00:00:00,IND @ ATL,L,25.48,5.7,12.7,0.444,0.0,2.8,0.0,0.0,0.0,0.0,4.2,5.7,9.9,1.4,1.4,0.0,1.4,0.0,1.4,1.4,11.3,-4.2,28.1,0,0,25.4,1,13222,1,13222,11606,12554,12357,13045,15070,18005,15070,13505,14344,13505,3260,9165,5553,18301,13210,12854,5174,8846,17574,15393,16892,15195,16123,2246,150,17330,1,25:29
2024-25,1626167,Myles Turner,Myles,1610612754,IND,Indiana Pacers,0022400899,2025-03-06T00:00:00,IND @ ATL,L,33.64666666666667,6.4,8.6,0.75,1.1,2.1,0.5,4.3,4.3,1.0,0.0,9.6,9.6,1.1,1.1,1.1,2.1,0.0,4.3,3.2,18.2,-3.2,39.9,0,0,36.4,1,13222,1,13222,4600,10388,19408,2107,14131,19289,3944,5197,7247,1,14058,2891,5890,19446,15340,11281,3096,8846,6345,8528,9639,14680,7818,2246,150,9118,1,33:39
2024-25,1630174,Aaron Nesmith,Aaron,1610612754,IND,Indiana Pacers,0022400899,2025-03-06T00:00:00,IND @ ATL,L,35.00333333333333,8.2,15.4,0.533,4.1,9.3,0.444,1.0,1.0,1.0,0.0,3.1,3.1,2.1,1.0,1.0,2.1,0.0,3.1,1.0,21.6,1.0,36.6,0,0,37.0,1,13222,1,13222,3459,6156,7928,8140,3759,4446,7211,13148,14173,1,14058,16450,19512,16168,15650,11687,3332,8846,10331,17280,6555,12138,9945,2246,150,8706,1,35:00
2024-25,1629614,Andrew Nembhard,Andrew,1610612754,IND,Indiana Pacers,0022400899,2025-03-06T00:00:00,IND @ ATL,L,30.35,5.9,15.4,0.385,2.4,5.9,0.4,3.6,3.6,1.0,0.0,1.2,1.2,11.9,2.4,0.0,0.0,1.2,4.7,2.4,17.8,-17.8,34.6,1,0,33.2,1,13222,1,13222,7456,11706,7940,16070,8585,10859,7874,6585,8771,1,14058,21548,22957,749,8762,12854,8263,6365,5189,11459,10035,20865,11343,1,150,11487,1,30:21
2024-25,1642261,Dalton Knecht,Dalton,1610612747,LAL,Los Angeles Lakers,0022400903,2025-03-06T00:00:00,LAL vs. NYK,W,20.55,7.0,14.0,0.5,5.3,12.3,0.429,0.0,0.0,0.0,1.8,5.3,7.0,1.8,1.8,0.0,0.0,1.8,0.0,1.8,19.3,-1.8,28.6,0,0,33.3,1,1,13086,1,15607,8916,10148,8526,1989,1642,7394,13505,14344,13505,9406,10144,10140,17223,11728,12854,8263,4024,20257,14107,8580,13895,15834,2246,150,11418,1,20:33
2024-25,1629011,Mitchell Robinson,Mitchell,1610612752,NYK,New York Knicks,0022400903,2025-03-06T00:00:00,NYK @ LAL,L,13.051666666666666,5.5,8.3,0.667,0.0,0.0,0.0,5.5,5.5,1.0,5.5,5.5,11.0,0.0,0.0,2.8,0.0,0.0,2.8,2.8,16.5,5.5,38.1,0,0,33.1,1,13222,1,13222,20716,12950,19837,3281,15070,20945,15070,3399,5168,1,1944,9483,4383,19908,16469,3789,8263,8846,11809,10116,11338,9834,8986,2246,150,11577,1,13:03
2024-25,1630214,Xavier Tillman,Xavier,1610612738,BOS,Boston Celtics,0022400900,2025-03-06T00:00:00,BOS vs. PHI,W,6.533333333333333,11.0,22.0,0.5,5.5,16.5,0.333,0.0,0.0,0.0,0.0,0.0,0.0,0.0,5.5,0.0,0.0,0.0,5.5,0.0,27.6,-33.1,22.0,0,0,33.1,1,1,13086,1,23356,2241,1795,8526,1727,455,9209,13505,14344,13505,14058,22137,23286,19908,1805,12854,8263,8846,3686,17725,2957,24172,20115,2246,150,11610,1,6:32
2024-25,1630553,Keon Johnson,Keon,1610612751,BKN,Brooklyn Nets,0022400901,2025-03-06T00:00:00,BKN vs. GSW,L,24.183333333333334,7.4,10.4,0.714,3.0,4.5,0.667,0.0,0.0,0.0,0.0,1.5,1.5,3.0,1.5,1.5,0.0,0.0,7.4,1.5,17.9,23.8,27.1,0,0,28.3,1,13222,1,13222,12740,7910,16358,2752,6598,14533,1957,13505,14344,13505,14058,20896,22580,13007,12800,8462,8263,8846,1683,15045,9954,3068,16878,2246,150,15218,1,24:11
2024-25,1641708,Amen Thompson,Amen,1610612745,HOU,Houston Rockets,0022400902,2025-03-06T00:00:00,HOU @ NOP,W,38.49,9.4,12.2,0.769,0.0,0.9,0.0,0.9,3.7,0.25,2.8,7.5,10.3,1.9,2.8,0.0,0.9,0.0,1.9,2.8,19.6,9.4,34.8,1,0,33.7,1,1,13086,1,1112,4118,13317,2080,15070,20909,15070,13407,8392,13358,5845,5531,5130,16856,7194,12854,7922,8846,15827,9948,8214,8017,11206,1,150,11099,1,38:29
2024-25,1628470,Torrey Craig,Torrey,1610612738,BOS,Boston Celtics,0022400900,2025-03-06T00:00:00,BOS vs. PHI,W,20.216666666666665,7.1,8.9,0.8,3.6,3.6,1.0,3.6,3.6,1.0,7.1,0.0,7.1,1.8,0.0,0.0,0.0,0.0,3.6,1.8,21.4,5.3,32.6,0,0,33.8,1,1,13086,1,15849,8651,18859,1688,5008,16526,1,6576,8766,1,1095,22137,9908,17146,16469,12854,8263,8846,8557,13998,6760,9921,12893,2246,150,10978,1,20:13
2024-25,1630560,Cam Thomas,Cam,1610612751,BKN,Brooklyn Nets,0022400901,2025-03-06T00:00:00,BKN vs. GSW,L,26.51,10.9,24.4,0.444,2.7,8.1,0.333,6.8,8.1,0.833,0.0,4.1,4.1,9.5,1.4,0.0,0.0,0.0,4.1,6.8,31.2,-12.2,49.0,0,0,47.5,1,13222,1,13222,10721,2370,940,13045,7492,6188,9209,2169,2410,7275,14058,13503,17135,1702,13529,12854,8263,8846,6929,1833,1719,18825,3620,2246,150,3293,1,26:31
2024-25,1628384,OG Anunoby,OG,1610612752,NYK,New York Knicks,0022400903,2025-03-06T00:00:00,NYK @ LAL,L,44.45,5.7,14.6,0.389,3.2,8.9,0.364,1.6,2.4,0.667,0.8,2.4,3.2,0.8,1.6,0.0,0.8,0.0,3.2,2.4,16.2,-10.5,22.1,0,0,25.1,1,13222,1,13222,76,12509,9240,16009,5853,4956,9100,11564,11388,9425,14036,18396,19134,19900,12255,12854,8235,8846,9698,11226,11727,18121,20076,2246,150,17599,1,44:27
2024-25,1629020,Jarred Vanderbilt,Jarred,1610612747,LAL,Los Angeles Lakers,0022400903,2025-03-06T00:00:00,LAL vs. NYK,W,16.746666666666666,2.1,6.4,0.333,0.0,2.1,0.0,0.0,0.0,0.0,4.3,6.4,10.7,0.0,0.0,4.3,2.1,0.0,6.4,0.0,4.3,-23.6,36.5,0,0,27.9,1,1,13086,1,18427,21143,22154,17395,15070,19269,15070,13505,14344,13505,3167,7412,4648,19908,16469,1374,3073,8846,2441,17725,22411,22485,9998,2246,150,15463,1,16:45
2024-25,1629022,Lonnie Walker IV,Lonnie,1610612755,PHI,Philadelphia 76ers,0022400900,2025-03-06T00:00:00,PHI @ BOS,L,27.566666666666666,7.8,17.0,0.462,6.5,13.1,0.5,0.0,0.0,0.0,1.3,0.0,1.3,3.9,2.6,0.0,0.0,0.0,1.3,0.0,22.2,-32.6,27.0,0,0,34.0,1,13222,1,13222,9899,6994,5832,12428,989,1269,3944,13505,14344,13505,11170,22137,22809,10178,7827,12854,8263,8846,18006,17725,6075,24121,16915,2246,150,10892,1,27:34
2024-25,203500,Steven Adams,Steven,1610612745,HOU,Houston Rockets,0022400902,2025-03-06T00:00:00,HOU @ NOP,W,18.733333333333334,1.9,3.8,0.5,0.0,0.0,0.0,1.9,3.8,0.5,5.8,9.6,15.4,11.5,3.8,1.9,0.0,1.9,5.8,1.9,5.8,32.7,43.4,0,0,36.5,1,1,13086,1,17015,21546,24165,8526,15070,20945,15070,10884,8148,10625,1766,2910,1617,833,4200,6659,8263,3473,3288,13435,21557,1662,5918,2246,150,9037,1,18:44
2024-25,1626166,Cameron Payne,Cameron,1610612752,NYK,New York Knicks,0022400903,2025-03-06T00:00:00,NYK @ LAL,L,10.266666666666667,3.5,21.0,0.167,3.5,21.0,0.167,0.0,0.0,0.0,0.0,7.0,7.0,3.5,3.5,0.0,0.0,0.0,0.0,0.0,10.5,28.1,20.7,0,0,24.5,1,13222,1,13222,22006,18311,2316,21938,5129,199,14236,13505,14344,13505,14058,6338,10124,11371,4996,12854,8263,8846,20257,17725,17643,2265,20847,2246,150,17984,1,10:16
2024-25,1641741,Ricky Council IV,Ricky,1610612755,PHI,Philadelphia 76ers,0022400900,2025-03-06T00:00:00,PHI @ BOS,L,7.85,9.2,32.1,0.286,0.0,18.3,0.0,0.0,0.0,0.0,4.6,4.6,9.2,9.2,0.0,0.0,0.0,0.0,0.0,0.0,18.3,45.9,43.1,0,0,36.7,1,13222,1,13222,22867,4405,196,19630,15070,308,15070,13505,14344,13505,2819,12021,6480,1884,16469,12854,8263,8846,20257,17725,9470,673,6086,2246,150,8924,1,7:51
2024-25,1642274,Yves Missi,Yves,1610612740,NOP,New Orleans Pelicans,0022400902,2025-03-06T00:00:00,NOP vs. HOU,L,27.56,3.9,6.5,0.6,0.0,0.0,0.0,5.2,7.8,0.667,2.6,2.6,5.2,1.3,0.0,0.0,0.0,0.0,2.6,3.9,13.1,-9.1,21.3,0,0,19.6,1,13222,1,13222,9906,17276,22075,5394,15070,20945,15070,3739,2638,9425,6318,17918,14223,18637,16469,12854,8263,8846,12380,6519,15027,17498,20538,2246,150,21100,1,27:34
2024-25,1631213,Tyrese Martin,Tyrese,1610612751,BKN,Brooklyn Nets,0022400901,2025-03-06T00:00:00,BKN vs. GSW,L,24.04,10.5,18.0,0.583,4.5,9.0,0.5,0.0,0.0,0.0,0.0,3.0,3.0,1.5,0.0,0.0,0.0,0.0,1.5,0.0,25.5,7.5,31.3,0,0,34.4,1,13222,1,13222,12866,2735,4729,6296,3082,4860,3944,13505,14344,13505,14058,16758,19759,17989,16469,12854,8263,8846,17227,17725,3962,8882,13826,2246,150,10493,1,24:02
2024-25,1641783,Tristan da Silva,Tristan,1610612753,ORL,Orlando Magic,0022400944,2025-03-06T00:00:00,ORL vs. CHI,L,20.533333333333335,1.8,12.3,0.143,0.0,5.3,0.0,7.0,7.0,1.0,0.0,3.5,3.5,5.3,1.8,0.0,0.0,0.0,1.8,3.5,10.5,-8.8,20.9,0,0,19.3,1,13222,1,13222,15619,21825,13136,22260,15070,12568,15070,2001,3356,1,14058,15220,18533,6916,11721,12854,8263,8846,16360,7645,17643,17314,20761,2246,150,21250,1,20:32
2024-25,1626172,Kevon Looney,Kevon,1610612744,GSW,Golden State Warriors,0022400901,2025-03-06T00:00:00,GSW @ BKN,W,11.583333333333334,3.1,12.4,0.25,0.0,3.1,0.0,9.3,12.4,0.75,6.2,9.3,15.5,3.1,0.0,0.0,3.1,3.1,9.3,6.2,15.5,15.5,48.2,0,0,40.4,1,1,13086,1,21452,19177,12850,20233,15070,17444,15070,894,676,8186,1519,3183,1566,12583,16469,12854,1562,1229,864,2374,12384,5415,3922,2246,150,6542,1,11:35
2024-25,1628415,Dillon Brooks,Dillon,1610612745,HOU,Houston Rockets,0022400902,2025-03-06T00:00:00,HOU @ NOP,W,36.25,6.0,8.9,0.667,1.0,4.0,0.25,1.0,2.0,0.5,1.0,3.0,4.0,1.0,1.0,0.0,0.0,0.0,5.0,3.0,13.9,-1.0,19.2,0,0,19.9,1,1,13086,1,2502,11633,18812,3281,14587,15640,11902,13259,12768,10625,13319,16805,17385,19697,15899,12854,8263,8846,4692,9334,14043,13534,21568,2246,150,20936,1,36:15
2024-25,1628401,Derrick White,Derrick,1610612738,BOS,Boston Celtics,0022400900,2025-03-06T00:00:00,BOS vs. PHI,W,24.183333333333334,6.0,20.8,0.286,3.0,14.9,0.2,3.0,3.0,1.0,0.0,4.5,4.5,8.9,0.0,0.0,0.0,0.0,3.0,7.4,17.9,13.4,36.6,0,0,34.2,1,1,13086,1,12740,11645,2434,19630,6598,719,13429,7880,10031,1,14058,12348,16131,2073,16469,12854,8263,8846,10823,1353,9954,6228,9941,2246,150,10667,1,24:11
2024-25,1630533,Ziaire Williams,Ziaire,1610612751,BKN,Brooklyn Nets,0022400901,2025-03-06T00:00:00,BKN vs. GSW,L,24.55,5.9,11.7,0.5,2.9,7.3,0.4,0.0,0.0,0.0,1.5,0.0,1.5,1.5,0.0,0.0,0.0,1.5,1.5,1.5,14.7,-27.9,18.6,0,0,20.5,1,13222,1,13222,12423,11899,14054,8526,6751,7758,7874,13505,14344,13505,10450,22137,22612,18106,16469,12854,8263,4904,17362,15146,13230,23406,21831,2246,150,20560,1,24:33
2024-25,1641764,Brandin Podziemski,Brandin,1610612744,GSW,Golden State Warriors,0022400901,2025-03-06T00:00:00,GSW @ BKN,W,0.7333333333333333,0.0,0.0,0.0,0.0,0.0,0.0,0.0,0.0,0.0,0.0,0.0,0.0,0.0,0.0,0.0,0.0,0.0,0.0,0.0,0.0,-49.1,0.0,0,0,0.0,1,1,13086,1,26156,22635,24836,22635,15070,20945,15070,13505,14344,13505,14058,22137,23286,19908,16469,12854,8263,8846,20257,17725,23200,25363,25228,2246,150,25259,1,0:44
2024-25,1630631,Jose Alvarado,Jose,1610612740,NOP,New Orleans Pelicans,0022400902,2025-03-06T00:00:00,NOP vs. HOU,L,23.083333333333332,4.7,14.0,0.333,1.6,6.2,0.25,0.0,0.0,0.0,0.0,3.1,3.1,6.2,0.0,6.2,0.0,0.0,3.1,1.6,10.9,3.1,42.7,0,0,34.3,1,13222,1,13222,13647,15289,10118,17395,11830,10114,11902,13505,14344,13505,14058,16363,19435,5101,16469,420,8263,8846,10201,14756,17248,11052,6254,2246,150,10601,1,23:05
2024-25,203083,Andre Drummond,Andre,1610612755,PHI,Philadelphia 76ers,0022400900,2025-03-06T00:00:00,PHI @ BOS,L,24.733333333333334,5.8,14.6,0.4,1.5,2.9,0.5,0.0,0.0,0.0,5.8,8.7,14.6,2.9,2.9,1.5,0.0,1.5,2.9,0.0,13.1,-30.6,36.4,0,0,34.9,1,13222,1,13222,12237,12044,9271,14933,12229,17836,3944,13505,14344,13505,1730,3795,1978,13238,6792,8607,8263,4961,11134,17725,14980,23824,10088,2246,150,10147,1,24:44
2024-25,1630581,Josh Giddey,Josh,1610612741,CHI,Chicago Bulls,0022400944,2025-03-06T00:00:00,CHI @ ORL,W,38.81666666666667,5.6,13.0,0.429,0.0,2.8,0.0,6.5,7.4,0.875,3.7,8.3,12.1,8.3,1.9,0.9,0.0,0.0,1.9,4.6,17.6,-2.8,45.5,1,0,39.9,1,1,13086,1,955,12808,11882,13735,15070,18100,15070,2410,2981,6931,4021,4223,3446,2559,11294,12524,8263,8846,15916,4859,10201,14442,4923,1,150,6847,1,38:49
2024-25,1641722,Jordan Hawkins,Jordan,1610612740,NOP,New Orleans Pelicans,0022400902,2025-03-06T00:00:00,NOP vs. HOU,L,20.823333333333334,3.5,13.8,0.25,1.7,6.9,0.25,3.5,3.5,1.0,3.5,5.2,8.6,0.0,5.2,1.7,0.0,1.7,3.5,1.7,12.1,-13.8,22.5,0,0,25.9,1,13222,1,13222,15415,18410,10448,20233,11312,8637,11902,6784,8973,1,4443,10320,7238,19908,2128,7519,8263,4076,8873,14188,16034,19442,19892,2246,150,16992,1,20:49
2024-25,1629674,Neemias Queta,Neemias,1610612738,BOS,Boston Celtics,0022400900,2025-03-06T00:00:00,BOS vs. PHI,W,24.066666666666666,6.0,15.0,0.4,0.0,0.0,0.0,0.0,0.0,0.0,6.0,7.5,13.5,6.0,3.0,0.0,3.0,3.0,3.0,0.0,12.0,10.5,43.1,0,0,37.4,1,1,13086,1,12825,11564,8667,14933,15070,20945,15070,13505,14344,13505,1633,5534,2501,5527,6520,12854,1713,1351,10773,17725,16176,7480,6100,2246,150,8435,1,24:04
2024-25,1630559,Austin Reaves,Austin,1610612747,LAL,Los Angeles Lakers,0022400903,2025-03-06T00:00:00,LAL vs. NYK,W,31.983333333333334,2.3,14.6,0.154,1.1,7.9,0.143,3.4,4.5,0.75,2.3,4.5,6.8,0.0,2.3,0.0,0.0,0.0,3.4,3.4,9.0,-7.9,14.9,0,0,16.9,1,1,13086,1,5982,20945,9154,22243,13800,6660,14649,6943,6835,8186,7411,12257,10628,19908,9304,12854,8263,8846,9162,8027,19077,16916,23225,2246,150,22358,1,31:59
2024-25,1630215,Jared Butler,Jared,1610612755,PHI,Philadelphia 76ers,0022400900,2025-03-06T00:00:00,PHI @ BOS,L,11.4,6.3,15.8,0.4,3.2,9.5,0.333,0.0,0.0,0.0,0.0,15.8,15.8,3.2,3.2,0.0,0.0,0.0,3.2,3.2,15.8,9.5,36.3,0,0,37.9,1,13222,1,13222,21538,10659,7424,14933,6061,4145,9209,13505,14344,13505,14058,460,1490,12455,5953,12854,8263,8846,10046,8706,12131,7957,10144,2246,150,8092,1,11:24
2024-25,203110,Draymond Green,Draymond,1610612744,GSW,Golden State Warriors,0022400901,2025-03-06T00:00:00,GSW @ BKN,W,33.666666666666664,2.1,5.3,0.4,0.0,0.0,0.0,3.2,3.2,1.0,2.1,5.3,7.5,10.7,3.2,0.0,0.0,0.0,5.3,4.3,7.5,-7.5,29.3,0,0,25.7,1,1,13086,1,4576,21164,23219,14933,15070,20945,15070,7312,9506,1,7805,9906,9197,1109,5798,12854,8263,8846,3926,5651,20334,16725,15283,2246,150,17163,1,33:40
2024-25,1641809,Drew Peterson,Drew,1610612738,BOS,Boston Celtics,0022400900,2025-03-06T00:00:00,BOS vs. PHI,W,15.683333333333334,0.0,6.9,0.0,0.0,6.9,0.0,0.0,0.0,0.0,0.0,6.9,6.9,4.6,0.0,2.3,0.0,0.0,2.3,2.3,0.0,9.2,22.0,0,0,16.1,1,1,13086,1,19141,22635,21689,22635,15070,8697,15070,13505,14344,13505,14058,6556,10349,8434,16469,5055,8263,8846,13669,11765,23200,8098,20123,2246,150,22677,1,15:41
2024-25,204456,T.J. McConnell,T.J.,1610612754,IND,Indiana Pacers,0022400899,2025-03-06T00:00:00,IND @ ATL,L,26.245,5.5,13.7,0.4,1.4,5.5,0.25,0.0,0.0,0.0,1.4,4.1,5.5,8.2,0.0,2.7,0.0,1.4,0.0,1.4,12.3,15.1,39.5,0,0,32.9,1,13222,1,13222,10960,13025,10626,14933,12554,11986,11902,13505,14344,13505,10877,13372,13574,2671,16469,3820,8263,5300,20257,15564,15762,5597,8076,2246,150,11714,1,26:15
2024-25,1627780,Gary Payton II,Gary,1610612744,GSW,Golden State Warriors,0022400901,2025-03-06T00:00:00,GSW @ BKN,W,20.64,12.2,20.9,0.583,0.0,3.5,0.0,3.5,3.5,1.0,5.2,10.5,15.7,1.7,3.5,0.0,0.0,3.5,5.2,1.7,27.9,-26.2,45.9,0,0,45.3,1,1,13086,1,15531,1400,2383,6296,15070,16677,15070,6724,8911,1,2166,2256,1522,17253,5038,12854,8263,923,4143,14139,2826,23064,4795,2246,150,4089,1,20:38
2024-25,1630200,Tre Jones,Tre,1610612741,CHI,Chicago Bulls,0022400944,2025-03-06T00:00:00,CHI @ ORL,W,30.45,8.3,14.2,0.583,1.2,2.4,0.5,5.9,5.9,1.0,2.4,3.5,5.9,4.7,1.2,1.2,0.0,2.4,1.2,4.7,23.6,-4.7,40.2,0,0,37.8,1,1,13086,1,7367,6026,9858,6296,13462,18877,3944,2953,4595,1,7033,15093,12497,8109,14567,10330,8263,2297,18639,4661,5024,15435,7640,2246,150,8145,1,30:27
2024-25,1641824,Matas Buzelis,Matas,1610612741,CHI,Chicago Bulls,0022400944,2025-03-06T00:00:00,CHI @ ORL,W,29.295,4.9,9.8,0.5,2.5,4.9,0.5,1.2,1.2,1.0,2.5,3.7,6.1,2.5,3.7,0.0,3.7,0.0,6.1,1.2,13.5,9.8,32.0,0,0,32.0,1,1,13086,1,8411,14644,17352,8526,8292,13398,3944,12506,13842,1,6757,14672,11945,14690,4579,12854,1088,8846,2773,16249,14481,7774,13361,2246,150,12426,1,29:18
2024-25,1626157,Karl-Anthony Towns,Karl-Anthony,1610612752,NYK,New York Knicks,0022400903,2025-03-06T00:00:00,NYK @ LAL,L,42.265,2.6,11.1,0.231,0.9,5.1,0.167,4.3,6.0,0.714,2.6,9.4,11.9,0.9,1.7,0.9,0.0,1.7,4.3,3.4,10.2,-0.9,26.7,1,0,25.6,1,13222,1,13222,234,20360,15246,21157,15032,12920,14236,5239,4530,9244,6463,3142,3563,19888,11901,12783,8263,4139,6406,7930,17930,13458,17178,1,150,17243,1,42:16
2024-25,1628404,Josh Hart,Josh,1610612752,NYK,New York Knicks,0022400903,2025-03-06T00:00:00,NYK @ LAL,L,43.88333333333333,4.9,10.7,0.462,1.6,4.9,0.333,3.3,5.7,0.571,4.1,4.1,8.2,1.6,2.5,3.3,0.0,0.8,3.3,5.7,14.8,-4.9,34.5,1,0,32.8,1,13222,1,13222,93,14630,15953,12428,11565,13388,9209,7145,4827,10536,3445,13416,7930,17536,8404,2600,8263,8813,9520,2987,13145,15544,11477,1,150,11796,1,43:53
2024-25,1630167,Obi Toppin,Obi,1610612754,IND,Indiana Pacers,0022400899,2025-03-06T00:00:00,IND @ ATL,L,19.27,1.9,9.3,0.2,1.9,5.6,0.333,0.0,0.0,0.0,0.0,3.7,3.7,5.6,3.7,0.0,0.0,0.0,3.7,1.9,5.6,-22.4,14.8,0,0,16.8,1,13222,1,13222,16613,21631,18212,21401,10789,11709,9209,13505,14344,13505,14058,14510,17973,6240,4471,12854,8263,8846,7951,13654,21663,22198,23256,2246,150,22376,1,19:16
2024-25,1641710,Anthony Black,Anthony,1610612753,ORL,Orlando Magic,0022400944,2025-03-06T00:00:00,ORL vs. CHI,L,19.758333333333333,5.5,7.3,0.75,3.6,5.5,0.667,0.0,3.6,0.0,0.0,5.5,5.5,3.6,3.6,3.6,1.8,0.0,0.0,1.8,14.6,-16.4,39.4,0,0,38.3,1,13222,1,13222,16220,13084,21225,2107,4819,12043,1957,13505,8597,13505,14058,9625,13629,10958,4688,2041,4003,8846,20257,13840,13320,20411,8171,2246,150,7858,1,19:46
2024-25,1628989,Kevin Huerter,Kevin,1610612741,CHI,Chicago Bulls,0022400944,2025-03-06T00:00:00,CHI @ ORL,W,24.916666666666668,5.8,13.0,0.444,4.3,10.1,0.429,2.9,2.9,1.0,1.4,5.8,7.2,4.3,4.3,1.4,0.0,0.0,2.9,1.4,18.8,1.4,34.0,0,0,37.6,1,1,13086,1,12084,12170,11849,13045,3335,3361,7394,8117,10256,1,10559,8837,9698,9046,3246,8665,8263,8846,11223,15258,9051,11900,11857,2246,150,8316,1,24:55
2024-25,2544,LeBron James,LeBron,1610612747,LAL,Los Angeles Lakers,0022400903,2025-03-06T00:00:00,LAL vs. NYK,W,43.88333333333333,9.0,18.9,0.478,1.6,6.6,0.25,5.7,6.6,0.875,0.8,9.0,9.8,6.6,0.8,0.0,0.8,0.0,2.5,5.7,25.4,3.3,48.7,1,0,45.1,1,1,13086,1,93,4665,3870,11986,11565,9407,11902,3146,3820,6931,14031,3494,5612,4624,16448,12854,8228,8846,12945,2987,3974,10985,3728,1,150,4210,1,43:53
2024-25,1629651,Nic Claxton,Nic,1610612751,BKN,Brooklyn Nets,0022400901,2025-03-06T00:00:00,BKN vs. GSW,L,30.5,4.7,8.3,0.571,0.0,0.0,0.0,0.0,0.0,0.0,2.4,8.3,10.6,11.8,2.4,2.4,2.4,0.0,5.9,3.5,9.4,21.2,51.7,0,0,41.3,1,13222,1,13222,7321,15186,19852,6538,15070,20945,15070,13505,14344,13505,7047,4334,4792,760,8812,4829,2621,8846,3069,7559,18692,3641,2780,2246,150,6021,1,30:30
2024-25,1630202,Payton Pritchard,Payton,1610612738,BOS,Boston Celtics,0022400900,2025-03-06T00:00:00,BOS vs. PHI,W,32.291666666666664,6.7,14.5,0.462,4.5,8.9,0.5,3.3,3.3,1.0,3.3,1.1,4.5,6.7,0.0,2.2,0.0,3.3,1.1,2.2,21.2,15.6,43.3,0,0,41.2,1,1,13086,1,5747,9711,9369,12428,3132,4938,3944,7007,9201,1,4648,21722,16149,4443,16469,5271,8263,1031,19015,12032,6936,5386,6010,2246,150,6047,1,32:18
2024-25,1641767,Ben Sheppard,Ben,1610612754,IND,Indiana Pacers,0022400899,2025-03-06T00:00:00,IND @ ATL,L,22.655,4.8,12.7,0.375,3.2,7.9,0.4,0.0,0.0,0.0,3.2,0.0,3.2,1.6,0.0,0.0,0.0,3.2,4.8,0.0,12.7,-20.7,18.9,0,0,20.7,1,13222,1,13222,13986,15066,12365,16299,6013,6542,7874,13505,14344,13505,4986,22137,19291,17682,16469,12854,8263,1168,5143,17725,15379,21745,21696,2246,150,20479,1,22:39
2024-25,1629216,Gabe Vincent,Gabe,1610612747,LAL,Los Angeles Lakers,0022400903,2025-03-06T00:00:00,LAL vs. NYK,W,23.833333333333332,6.0,7.6,0.8,6.0,6.0,1.0,0.0,0.0,0.0,0.0,1.5,1.5,1.5,1.5,0.0,0.0,0.0,4.5,0.0,18.1,6.0,20.7,0,0,27.2,1,1,13086,1,13048,11394,20851,1688,1277,10597,1,13505,14344,13505,14058,20854,22559,17938,12698,12854,8263,8846,5706,17725,9706,9593,20840,2246,150,16025,1,23:50
2024-25,1629027,Trae Young,Trae,1610612737,ATL,Atlanta Hawks,0022400899,2025-03-06T00:00:00,ATL vs. IND,W,35.88333333333333,7.0,17.1,0.412,1.0,5.0,0.2,7.0,7.0,1.0,0.0,3.0,3.0,16.1,1.0,0.0,0.0,1.0,2.0,8.0,22.1,7.0,48.8,1,0,42.1,1,1,13086,1,2764,8874,5741,14791,14533,13170,13429,1994,3347,1,14058,16679,19697,211,15819,12854,8263,7891,15109,999,6152,9123,3714,1,150,5581,1,35:53
2024-25,201145,Jeff Green,Jeff,1610612745,HOU,Houston Rockets,0022400902,2025-03-06T00:00:00,HOU @ NOP,W,5.133333333333334,7.0,7.0,1.0,0.0,0.0,0.0,0.0,0.0,0.0,0.0,0.0,0.0,0.0,7.0,7.0,7.0,0.0,7.0,0.0,14.0,-14.0,49.1,0,0,42.1,1,1,13086,1,23930,8901,21546,1,15070,20945,15070,13505,14344,13505,14058,22137,23286,19908,886,295,205,8846,1967,17725,13911,19510,3590,2246,150,5601,1,5:08
2024-25,1630700,Dyson Daniels,Dyson,1610612737,ATL,Atlanta Hawks,0022400899,2025-03-06T00:00:00,ATL vs. IND,W,34.71666666666667,8.3,12.4,0.667,1.0,1.0,1.0,0.0,0.0,0.0,0.0,4.1,4.1,5.2,3.1,1.0,0.0,1.0,3.1,1.0,17.6,-8.3,30.4,0,0,30.1,1,1,13086,1,3675,5989,12826,3281,14328,20822,1,13505,14344,13505,14058,13280,16950,7065,6091,11620,8263,7605,10236,17238,10190,17092,14509,2246,150,13894,1,34:43
2024-25,1627747,Caris LeVert,Caris,1610612737,ATL,Atlanta Hawks,0022400899,2025-03-06T00:00:00,ATL vs. IND,W,26.883333333333333,5.4,14.7,0.364,0.0,5.4,0.0,0.0,2.7,0.0,0.0,2.7,2.7,5.4,0.0,0.0,1.3,1.3,1.3,5.4,10.7,-10.7,26.0,0,0,21.4,1,1,13086,1,10435,13381,8998,16861,15070,12315,15070,13505,10796,13505,14058,17752,20499,6711,16469,12854,5488,5449,17864,3548,17463,18191,17630,2246,150,20018,1,26:53
2024-25,1629637,Jaxson Hayes,Jaxson,1610612747,LAL,Los Angeles Lakers,0022400903,2025-03-06T00:00:00,LAL vs. NYK,W,33.486666666666665,3.2,5.4,0.6,0.0,0.0,0.0,2.2,2.2,1.0,1.1,4.3,5.4,3.2,2.2,0.0,2.2,0.0,6.5,1.1,8.6,5.4,24.2,0,0,21.5,1,1,13086,1,4744,18939,23202,5394,15070,20945,15070,10128,12254,1,12677,12808,13867,12212,9726,12854,3072,8846,2440,17030,19428,9905,18823,2246,150,19959,1,33:29
2024-25,203484,Kentavious Caldwell-Pope,Kentavious,1610612753,ORL,Orlando Magic,0022400944,2025-03-06T00:00:00,ORL vs. CHI,L,31.666666666666668,9.1,11.4,0.8,2.3,4.5,0.5,1.1,2.3,0.5,1.1,3.4,4.5,2.3,2.3,2.3,0.0,0.0,4.5,2.3,21.6,5.7,35.0,0,0,35.2,1,13222,1,13222,6258,4536,14711,1688,8952,14324,3944,12796,11865,10625,12214,15489,15928,15331,9191,5130,8263,8846,5669,11848,6549,9763,11046,2246,150,9923,1,31:40
2024-25,1641724,Jett Howard,Jett,1610612753,ORL,Orlando Magic,0022400944,2025-03-06T00:00:00,ORL vs. CHI,L,9.566666666666666,7.5,22.6,0.333,0.0,11.3,0.0,0.0,0.0,0.0,0.0,0.0,0.0,0.0,0.0,7.5,0.0,3.8,3.8,0.0,15.1,-11.3,37.6,0,0,30.1,1,13222,1,13222,22255,7695,1553,17395,15070,2263,15070,13505,14344,13505,14058,22137,23286,19908,16469,243,8263,759,7866,17725,12853,18436,9264,2246,150,13862,1,9:34
2024-25,1630311,Pat Spencer,Pat,1610612744,GSW,Golden State Warriors,0022400901,2025-03-06T00:00:00,GSW @ BKN,W,5.926666666666667,6.1,6.1,1.0,0.0,0.0,0.0,0.0,0.0,0.0,6.1,6.1,12.1,6.1,6.1,0.0,0.0,0.0,0.0,0.0,12.1,54.7,29.8,0,0,30.4,1,1,13086,1,23624,11300,22533,1,15070,20945,15070,13505,14344,13505,1576,8164,3381,5357,1333,12854,8263,8846,20257,17725,15981,437,14967,2246,150,13654,1,5:56
2024-25,1630549,Day'Ron Sharpe,Day'Ron,1610612751,BKN,Brooklyn Nets,0022400901,2025-03-06T00:00:00,BKN vs. GSW,L,17.5,2.1,8.2,0.25,0.0,0.0,0.0,0.0,0.0,0.0,2.1,8.2,10.3,0.0,2.1,2.1,4.1,4.1,4.1,2.1,4.1,-41.1,32.9,0,0,26.7,1,13222,1,13222,17920,21300,19900,20233,15070,20945,15070,13505,14344,13505,8126,4381,5131,19908,10225,5973,857,613,6785,12811,22501,24918,12653,2246,150,16363,1,17:30
2024-25,1630532,Franz Wagner,Franz,1610612753,ORL,Orlando Magic,0022400944,2025-03-06T00:00:00,ORL vs. CHI,L,37.961666666666666,5.7,16.1,0.353,0.0,2.8,0.0,5.7,6.6,0.857,0.9,0.9,1.9,5.7,1.9,1.9,0.9,3.8,2.8,7.6,17.1,1.9,34.5,0,0,30.3,1,13222,1,13222,1408,12451,6942,17268,15070,17971,15070,3189,3720,7071,13662,22055,22007,6064,11062,6784,7841,737,11441,1271,10786,11685,11434,2246,150,13676,1,37:58
2024-25,1631207,Dalen Terry,Dalen,1610612741,CHI,Chicago Bulls,0022400944,2025-03-06T00:00:00,CHI @ ORL,W,12.916666666666666,5.6,11.1,0.5,2.8,5.6,0.5,0.0,0.0,0.0,2.8,2.8,5.6,2.8,2.8,0.0,2.8,2.8,5.6,0.0,13.9,11.1,30.4,0,0,30.7,1,1,13086,1,20783,12773,15105,8526,7255,11784,3944,13505,14344,13505,5891,17439,13348,13625,7264,12854,1972,1611,3587,17725,14006,7162,14514,2246,150,13429,1,12:55
2024-25,1631094,Paolo Banchero,Paolo,1610612753,ORL,Orlando Magic,0022400944,2025-03-06T00:00:00,ORL vs. CHI,L,37.65,4.8,14.3,0.333,0.0,4.8,0.0,9.6,10.5,0.909,1.9,6.7,8.6,2.9,2.9,0.0,0.0,1.0,1.0,6.7,19.1,-2.9,30.9,0,0,30.6,1,13222,1,13222,1602,15009,9629,17395,15070,13752,15070,817,1181,6764,8763,6898,7301,13378,6961,12854,8263,8290,19929,1904,8721,14496,14139,2246,150,13485,1,37:39
2024-25,1631255,Karlo Matković,Karlo,1610612740,NOP,New Orleans Pelicans,0022400902,2025-03-06T00:00:00,NOP vs. HOU,L,21.39,3.4,15.1,0.222,0.0,5.0,0.0,3.4,6.7,0.5,5.0,5.0,10.1,5.0,1.7,1.7,3.4,1.7,6.7,5.0,10.1,-13.5,43.3,0,0,35.3,1,13222,1,13222,15002,18609,8346,21205,15070,13077,15070,6973,3621,10625,2328,10730,5332,7357,11992,7676,1339,4191,2189,4017,18051,19289,6012,2246,150,9843,1,21:23
2024-25,1630530,Trey Murphy III,Trey,1610612740,NOP,New Orleans Pelicans,0022400902,2025-03-06T00:00:00,NOP vs. HOU,L,38.85,8.3,13.9,0.6,2.8,7.4,0.375,4.6,4.6,1.0,0.9,3.7,4.6,0.0,1.9,0.0,1.9,0.0,0.9,2.8,24.1,-8.3,33.4,0,0,35.2,1,13222,1,13222,941,5912,10345,5394,7283,7583,8800,4621,6608,1,13794,14612,15744,19908,11305,12854,3919,8846,20076,10041,4737,17114,12292,2246,150,9939,1,38:51
2024-25,1641775,Jordan Walsh,Jordan,1610612738,BOS,Boston Celtics,0022400900,2025-03-06T00:00:00,BOS vs. PHI,W,12.7,5.7,8.5,0.667,2.8,5.7,0.5,0.0,0.0,0.0,0.0,11.3,11.3,8.5,5.7,2.8,0.0,0.0,5.7,0.0,14.2,17.0,43.4,0,0,42.5,1,1,13086,1,20897,12503,19480,3281,7102,11525,3944,13505,14344,13505,14058,1728,4100,2417,1666,3584,8263,8846,3439,17725,13759,4904,5947,2246,150,5394,1,12:42
2024-25,1628976,Wendell Carter Jr.,Wendell,1610612753,ORL,Orlando Magic,0022400944,2025-03-06T00:00:00,ORL vs. CHI,L,25.988333333333333,6.9,12.5,0.556,2.8,4.2,0.667,6.9,8.3,0.833,4.2,2.8,6.9,2.8,0.0,1.4,1.4,1.4,6.9,5.5,23.5,8.3,44.3,0,0,41.6,1,13222,1,13222,11173,9108,12789,7248,7318,15217,1957,2057,2316,7275,3360,17506,10282,13690,16469,8985,5294,5239,2033,3279,5094,8486,5507,2246,150,5876,1,25:59
2024-25,1630592,Jalen Wilson,Jalen,1610612751,BKN,Brooklyn Nets,0022400901,2025-03-06T00:00:00,BKN vs. GSW,L,17.456666666666667,2.1,6.2,0.333,2.1,4.1,0.5,12.4,12.4,1.0,0.0,6.2,6.2,0.0,0.0,0.0,0.0,2.1,0.0,6.2,18.6,28.9,26.0,0,0,26.8,1,13222,1,13222,17957,21295,22438,17395,9857,15288,3944,308,686,1,14058,7929,11858,19908,16469,12854,8263,3020,20257,2408,9258,2123,17626,2246,150,16313,1,17:27
2024-25,1641737,Adem Bona,Adem,1610612755,PHI,Philadelphia 76ers,0022400900,2025-03-06T00:00:00,PHI @ BOS,L,13.25,8.2,13.6,0.6,0.0,0.0,0.0,0.0,0.0,0.0,5.4,0.0,5.4,2.7,2.7,0.0,2.7,0.0,0.0,2.7,16.3,-10.9,32.3,0,0,29.9,1,13222,1,13222,20626,6299,10847,5394,15070,20945,15070,13505,14344,13505,1987,22137,13716,13854,7476,12854,2053,8846,20257,10267,11602,18265,13063,2246,150,14037,1,13:15
2024-25,203468,CJ McCollum,CJ,1610612740,NOP,New Orleans Pelicans,0022400902,2025-03-06T00:00:00,NOP vs. HOU,L,33.766666666666666,5.3,16.0,0.333,3.2,6.4,0.5,0.0,0.0,0.0,0.0,2.1,2.1,2.1,2.1,0.0,0.0,0.0,0.0,1.1,13.9,-8.5,17.5,0,0,21.3,1,13222,1,13222,4465,13465,7126,17395,5961,9758,3944,13505,14344,13505,14058,19262,21547,15881,9829,12854,8263,8846,20257,17088,14089,17198,22299,2246,150,20090,1,33:46
2024-25,1628380,Zach Collins,Zach,1610612741,CHI,Chicago Bulls,0022400944,2025-03-06T00:00:00,CHI @ ORL,W,12.016666666666667,0.0,3.0,0.0,0.0,3.0,0.0,9.0,12.0,0.75,3.0,3.0,6.0,0.0,6.0,0.0,3.0,0.0,18.0,6.0,9.0,-36.0,19.2,0,0,21.0,1,1,13086,1,21220,22635,24493,22635,15070,17667,15070,1010,771,8186,5353,16750,12306,19908,1386,12854,1706,8846,157,2635,19099,24516,21563,2246,150,20300,1,12:01
2024-25,1630611,Gui Santos,Gui,1610612744,GSW,Golden State Warriors,0022400901,2025-03-06T00:00:00,GSW @ BKN,W,24.033333333333335,3.0,6.0,0.5,0.0,1.5,0.0,3.0,3.0,1.0,1.5,3.0,4.5,4.5,1.5,0.0,1.5,0.0,6.0,1.5,9.0,18.0,24.1,0,0,21.0,1,1,13086,1,12869,19444,22613,8526,15070,20271,15070,7823,9989,1,10329,16750,16067,8667,12749,12854,4862,8846,2959,15006,19099,4567,18865,2246,150,20300,1,24:02
2024-25,1631243,Mouhamed Gueye,Mouhamed,1610612737,ATL,Atlanta Hawks,0022400899,2025-03-06T00:00:00,ATL vs. IND,W,22.891666666666666,3.1,11.0,0.286,0.0,6.3,0.0,0.0,0.0,0.0,0.0,7.9,7.9,0.0,0.0,4.7,1.6,0.0,4.7,0.0,6.3,9.4,34.6,0,0,26.7,1,1,13086,1,13801,19110,15341,19630,15070,10002,15070,13505,14344,13505,14058,4922,8525,19908,16469,1069,4636,8846,5243,17725,21190,7969,11379,2246,150,16374,1,22:54
2024-25,1642366,Quinten Post,Quinten,1610612744,GSW,Golden State Warriors,0022400901,2025-03-06T00:00:00,GSW @ BKN,W,21.143333333333334,6.8,13.6,0.5,3.4,6.8,0.5,0.0,3.4,0.0,5.1,6.8,11.9,3.4,0.0,0.0,3.4,1.7,0.0,3.4,17.0,22.1,46.7,0,0,42.6,1,1,13086,1,15193,9399,10796,8526,5370,8885,3944,13505,9081,13505,2280,6691,3569,11676,16469,12854,1305,4145,20257,7935,10819,3427,4466,2246,150,5367,1,21:09
2024-25,1631120,JD Davison,JD,1610612738,BOS,Boston Celtics,0022400900,2025-03-06T00:00:00,BOS vs. PHI,W,6.558333333333334,5.5,11.0,0.5,5.5,11.0,0.5,0.0,0.0,0.0,0.0,0.0,0.0,5.5,0.0,0.0,0.0,0.0,0.0,0.0,16.5,-32.9,24.7,0,0,27.4,1,1,13086,1,23352,13009,15392,8526,1748,2514,3944,13505,14344,13505,14058,22137,23286,6449,16469,12854,8263,8846,20257,17725,11421,24153,18488,2246,150,15833,1,6:34
2024-25,1630224,Jalen Green,Jalen,1610612745,HOU,Houston Rockets,0022400902,2025-03-06T00:00:00,HOU @ NOP,W,34.233333333333334,3.2,10.5,0.3,2.1,7.4,0.286,1.1,1.1,1.0,0.0,2.1,2.1,8.4,2.1,0.0,1.1,1.1,0.0,2.1,9.5,8.4,25.7,0,0,24.2,1,1,13086,1,4072,19095,16188,19363,9668,7702,11433,13074,14132,1,14058,19350,21602,2496,9984,12854,7121,7476,20257,12594,18675,8433,17843,2246,150,18219,1,34:14
2024-25,1630188,Jalen Smith,Jalen,1610612741,CHI,Chicago Bulls,0022400944,2025-03-06T00:00:00,CHI @ ORL,W,26.05,1.4,8.3,0.167,0.0,5.5,0.0,1.4,2.8,0.5,2.8,9.7,12.4,4.1,1.4,0.0,1.4,0.0,8.3,1.4,4.1,9.7,28.1,0,0,23.5,1,1,13086,1,11127,22310,19804,21938,15070,11896,15070,12064,10578,10625,5939,2847,3166,9533,13393,12854,5307,8846,1233,15523,22485,7854,16185,2246,150,18677,1,26:03
2024-25,1630540,Miles McBride,Miles,1610612752,NYK,New York Knicks,0022400903,2025-03-06T00:00:00,NYK @ LAL,L,21.018333333333334,0.0,10.3,0.0,0.0,6.9,0.0,0.0,0.0,0.0,3.4,5.1,8.6,3.4,1.7,1.7,1.7,0.0,3.4,3.4,0.0,6.9,24.0,0,0,18.8,1,13222,1,13222,15281,22635,16601,22635,15070,8777,15070,13505,14344,13505,4490,10456,7374,11617,11870,7564,4262,8846,8982,7876,23200,9205,18966,2246,150,21462,1,21:01
2024-25,1628418,Thomas Bryant,Thomas,1610612754,IND,Indiana Pacers,0022400899,2025-03-06T00:00:00,IND @ ATL,L,13.733333333333333,2.6,13.1,0.2,0.0,10.5,0.0,0.0,0.0,0.0,5.2,7.9,13.1,0.0,2.6,2.6,0.0,0.0,0.0,2.6,5.2,-10.5,26.2,0,0,23.6,1,13222,1,13222,20341,20242,11661,21401,15070,2986,15070,13505,14344,13505,2152,4921,2735,19908,7796,4091,8263,8846,20257,10577,21885,18098,17472,2246,150,18618,1,13:44
2024-25,1630570,Trendon Watford,Trendon,1610612751,BKN,Brooklyn Nets,0022400901,2025-03-06T00:00:00,BKN vs. GSW,L,16.75,4.3,10.7,0.4,2.1,2.1,1.0,0.0,0.0,0.0,4.3,0.0,4.3,2.1,4.3,2.1,0.0,0.0,2.1,0.0,10.7,-38.7,21.3,0,0,23.6,1,13222,1,13222,18416,16328,15783,14933,9463,19271,1,13505,14344,13505,3170,22137,16537,15822,3334,5602,8263,8846,14360,17725,17421,24756,20551,2246,150,18586,1,16:45
2024-25,1629659,Talen Horton-Tucker,Talen,1610612741,CHI,Chicago Bulls,0022400944,2025-03-06T00:00:00,CHI @ ORL,W,9.283333333333333,3.9,7.8,0.5,3.9,7.8,0.5,0.0,7.8,0.0,0.0,3.9,3.9,3.9,7.8,0.0,0.0,0.0,3.9,3.9,11.6,7.8,14.3,0,0,23.3,1,1,13086,1,22353,17382,20584,8526,4245,6887,3944,13505,2702,13505,14058,14099,17631,10287,645,12854,8263,8846,7518,6631,16542,8749,23383,2246,150,18826,1,9:17
2024-25,1627741,Buddy Hield,Buddy,1610612744,GSW,Golden State Warriors,0022400901,2025-03-06T00:00:00,GSW @ BKN,W,22.873333333333335,0.0,12.6,0.0,0.0,7.9,0.0,0.0,0.0,0.0,0.0,1.6,1.6,1.6,3.1,0.0,0.0,0.0,0.0,0.0,0.0,-17.3,1.1,0,0,3.1,1,1,13086,1,13817,22635,12595,22635,15070,6672,15070,13505,14344,13505,14058,20730,22476,17732,5993,12854,8263,8846,20257,17725,23200,20717,25200,2246,150,25226,1,22:52
2024-25,1627827,Dorian Finney-Smith,Dorian,1610612747,LAL,Los Angeles Lakers,0022400903,2025-03-06T00:00:00,LAL vs. NYK,W,37.85333333333333,1.0,4.8,0.2,0.0,2.9,0.0,0.0,0.0,0.0,3.8,1.0,4.8,0.0,1.9,1.0,0.0,0.0,1.0,0.0,1.9,11.4,8.6,0,0,8.6,1,1,13086,1,1478,22627,23639,21401,15070,17957,15070,13505,14344,13505,3878,22051,15425,19908,11028,12341,8263,8846,19963,17725,23163,7051,24625,2246,150,24672,1,37:51
2024-25,1641936,Miles Norris,Miles,1610612738,BOS,Boston Celtics,0022400900,2025-03-06T00:00:00,BOS vs. PHI,W,4.016666666666667,0.0,0.0,0.0,0.0,0.0,0.0,0.0,0.0,0.0,0.0,17.9,17.9,0.0,0.0,0.0,0.0,0.0,0.0,0.0,0.0,-35.9,21.5,0,0,17.9,1,1,13086,1,24471,22635,24836,22635,15070,20945,15070,13505,14344,13505,14058,267,924,19908,16469,12854,8263,8846,20257,17725,23200,24508,20404,2246,150,21903,1,4:01
2024-25,1626156,D'Angelo Russell,D'Angelo,1610612751,BKN,Brooklyn Nets,0022400901,2025-03-06T00:00:00,BKN vs. GSW,L,24.166666666666668,4.5,10.4,0.429,1.5,4.5,0.333,0.0,0.0,0.0,0.0,0.0,0.0,6.0,4.5,1.5,1.5,0.0,3.0,1.5,10.4,-11.9,23.8,0,0,23.8,1,13222,1,13222,12748,15870,16345,13735,12082,14525,9209,13505,14344,13505,14058,22137,23286,5574,3041,8458,4892,8846,10815,15043,17730,18710,19072,2246,150,18445,1,24:10
2024-25,1630541,Moses Moody,Moses,1610612744,GSW,Golden State Warriors,0022400901,2025-03-06T00:00:00,GSW @ BKN,W,28.69333333333333,5.0,8.8,0.571,2.5,6.3,0.4,0.0,0.0,0.0,0.0,6.3,6.3,2.5,1.3,0.0,0.0,0.0,1.3,0.0,12.5,5.0,22.6,0,0,23.8,1,1,13086,1,8935,14332,19053,6538,8117,10035,7874,13505,14344,13505,14058,7747,11666,14513,14072,12854,8263,8846,18249,17725,15546,10099,19827,2246,150,18443,1,28:42
2024-25,1628369,Jayson Tatum,Jayson,1610612738,BOS,Boston Celtics,0022400900,2025-03-06T00:00:00,BOS vs. PHI,W,31.483333333333334,16.0,26.3,0.609,5.7,12.6,0.455,2.3,2.3,1.0,1.1,6.9,8.0,2.3,4.6,3.4,0.0,0.0,2.3,1.1,40.0,21.7,58.8,0,0,62.9,1,1,13086,1,6421,357,597,5384,1548,1491,7148,9671,11826,1,12170,6607,8262,15284,2891,2330,8263,8846,13703,16692,445,3526,1366,2246,150,584,1,31:29
2024-25,1630578,Alperen Sengun,Alperen,1610612745,HOU,Houston Rockets,0022400902,2025-03-06T00:00:00,HOU @ NOP,W,36.36,10.9,13.9,0.786,0.0,0.0,0.0,0.0,3.0,0.0,1.0,5.0,5.9,7.9,4.0,3.0,1.0,1.0,5.0,4.0,21.8,14.9,48.7,0,0,43.6,1,1,13086,1,2441,2352,10408,1975,15070,20945,15070,13505,10047,13505,13334,11025,12431,2974,3952,3219,7538,8004,4724,6427,6394,5687,3738,2246,150,4891,1,36:22
2024-25,1642024,Alex Reese,Alex,1610612755,PHI,Philadelphia 76ers,0022400900,2025-03-06T00:00:00,PHI @ BOS,L,9.733333333333333,3.7,14.8,0.25,0.0,7.4,0.0,3.7,3.7,1.0,11.1,0.0,11.1,3.7,0.0,0.0,7.4,0.0,0.0,7.4,11.1,37.0,52.2,0,0,40.7,1,13222,1,13222,22198,17833,8908,20233,15070,7618,15070,6292,8479,1,303,22137,4320,10788,16469,12854,179,8846,20257,1390,17093,1203,2677,2246,150,6389,1,9:44
2024-25,1630175,Cole Anthony,Cole,1610612753,ORL,Orlando Magic,0022400944,2025-03-06T00:00:00,ORL vs. CHI,L,23.908333333333335,9.0,18.1,0.5,3.0,7.5,0.4,9.0,9.0,1.0,1.5,4.5,6.0,4.5,3.0,1.5,1.5,0.0,6.0,6.0,30.1,9.0,50.1,0,0,49.7,1,13222,1,13222,12987,4640,4599,8526,6468,7331,7874,994,1848,1,10295,12220,12222,8614,6426,8385,4826,8846,2906,2589,2041,8164,3231,2246,150,2616,1,23:55
2024-25,1629661,Cameron Johnson,Cameron,1610612751,BKN,Brooklyn Nets,0022400901,2025-03-06T00:00:00,BKN vs. GSW,L,34.343333333333334,9.4,16.8,0.563,3.1,7.3,0.429,5.2,6.3,0.833,2.1,4.2,6.3,4.2,1.0,1.0,0.0,0.0,4.2,4.2,27.3,11.5,43.2,0,0,43.0,1,13222,1,13222,3974,3971,6088,7127,6109,7749,7394,3722,4140,7275,7967,13142,11636,9408,15503,11512,8263,8846,6577,5865,3088,6990,6047,2246,150,5158,1,34:21
2024-25,1629627,Zion Williamson,Zion,1610612740,NOP,New Orleans Pelicans,0022400902,2025-03-06T00:00:00,NOP vs. HOU,L,32.3,5.6,16.7,0.333,0.0,0.0,0.0,11.1,13.4,0.833,4.5,6.7,11.1,3.3,4.5,1.1,2.2,3.3,3.3,10.0,22.3,-20.1,46.3,1,0,43.5,1,13222,1,13222,5727,12785,6157,17395,15070,20945,15070,457,546,7275,2972,6907,4280,11832,3059,10903,2886,1032,9267,407,6007,21568,4645,1,150,4929,1,32:18
2024-25,1630168,Onyeka Okongwu,Onyeka,1610612737,ATL,Atlanta Hawks,0022400899,2025-03-06T00:00:00,ATL vs. IND,W,34.4,7.3,8.4,0.875,0.0,1.0,0.0,6.3,7.3,0.857,4.2,9.4,13.6,2.1,0.0,1.0,1.0,0.0,2.1,4.2,20.9,11.5,46.7,1,0,40.8,1,1,13086,1,3923,8175,19677,1353,15070,20813,15070,2613,3072,7071,3317,3095,2429,16027,16469,11529,7157,8846,14640,5874,7136,7006,4454,1,150,6318,1,34:24
2024-25,1629029,Luka Dončić,Luka,1610612747,LAL,Los Angeles Lakers,0022400903,2025-03-06T00:00:00,LAL vs. NYK,W,43.25,7.5,19.1,0.391,3.3,10.0,0.333,8.3,10.0,0.833,0.0,5.8,5.8,10.0,4.2,3.3,0.0,0.8,4.2,6.7,26.6,13.3,54.4,1,0,52.4,1,1,13086,1,132,7786,3626,15984,5578,3490,9209,1269,1378,7275,14058,8728,12708,1445,3559,2503,8263,8798,6664,1938,3371,6253,2105,1,150,1936,1,43:15
2024-25,201939,Stephen Curry,Stephen,1610612744,GSW,Golden State Warriors,0022400901,2025-03-06T00:00:00,GSW @ BKN,W,35.6,12.1,20.2,0.6,7.1,13.1,0.538,9.1,9.1,1.0,2.0,2.0,4.0,4.0,5.1,0.0,0.0,0.0,3.0,6.1,40.4,-16.2,46.3,0,0,55.6,1,1,13086,1,2992,1438,2813,5394,731,1230,3915,966,1812,1,8286,19582,17200,9818,2273,12854,8263,8846,10561,2536,420,20316,4614,2246,150,1372,1,35:36
2024-25,1629632,Coby White,Coby,1610612741,CHI,Chicago Bulls,0022400944,2025-03-06T00:00:00,CHI @ ORL,W,36.55,15.8,27.6,0.571,6.9,14.8,0.467,4.9,5.9,0.833,0.0,4.9,4.9,1.0,1.0,2.0,0.0,2.0,3.0,4.9,43.3,2.0,55.6,0,0,60.1,1,1,13086,1,2304,383,439,6538,797,750,7108,4156,4597,7275,14058,11102,14997,19717,15943,6392,8263,3315,10920,4254,302,11641,1867,2246,150,823,1,36:33
2024-25,1626162,Kelly Oubre Jr.,Kelly,1610612755,PHI,Philadelphia 76ers,0022400900,2025-03-06T00:00:00,PHI @ BOS,L,33.85,9.6,21.3,0.45,3.2,5.3,0.6,6.4,7.4,0.857,2.1,3.2,5.3,6.4,3.2,3.2,0.0,3.2,5.3,6.4,28.7,-20.2,51.0,0,0,50.0,1,13222,1,13222,4399,3771,2177,12982,5976,12421,2992,2518,2960,7071,7862,16119,13996,4877,5854,2763,8263,1160,3990,2204,2519,21611,2979,2246,150,2535,1,33:51
2024-25,1627777,Georges Niang,Georges,1610612737,ATL,Atlanta Hawks,0022400899,2025-03-06T00:00:00,ATL vs. IND,W,24.791666666666668,14.5,21.8,0.667,5.8,11.6,0.5,0.0,0.0,0.0,1.5,7.3,8.7,4.4,1.5,0.0,0.0,0.0,0.0,0.0,34.9,-1.5,50.4,0,0,53.7,1,1,13086,1,12184,579,1912,3281,1470,2019,3944,13505,14344,13505,10532,5890,7147,8995,13004,12854,8263,8846,20257,17725,981,13779,3154,2246,150,1667,1,24:48
2024-25,202710,Jimmy Butler III,Jimmy,1610612744,GSW,Golden State Warriors,0022400901,2025-03-06T00:00:00,GSW @ BKN,W,35.10666666666667,7.2,13.3,0.538,1.0,1.0,1.0,10.3,10.3,1.0,1.0,1.0,2.1,6.2,1.0,3.1,0.0,1.0,0.0,8.2,25.6,17.4,45.5,0,0,41.0,1,1,13086,1,3383,8516,11247,7978,14394,20832,1,636,1272,1,13055,21928,21701,5246,15669,2989,8263,7703,20257,928,3859,4765,4930,2246,150,6184,1,35:06
2024-25,1631106,Tari Eason,Tari,1610612745,HOU,Houston Rockets,0022400902,2025-03-06T00:00:00,HOU @ NOP,W,30.866666666666667,8.2,16.3,0.5,4.7,9.3,0.5,2.3,2.3,1.0,1.2,1.2,2.3,4.7,5.8,5.8,1.2,2.3,4.7,1.2,23.3,10.5,48.3,0,0,49.0,1,1,13086,1,6979,6275,6639,8526,2785,4333,3944,9519,11687,1,12018,21600,21130,8270,1525,522,6388,2365,5372,16568,5262,7469,3883,2246,150,2838,1,30:52
2024-25,1627783,Pascal Siakam,Pascal,1610612754,IND,Indiana Pacers,0022400899,2025-03-06T00:00:00,IND @ ATL,L,33.61666666666667,12.9,19.3,0.667,3.2,5.4,0.6,8.6,9.6,0.889,2.1,7.5,9.6,3.2,3.2,0.0,0.0,0.0,1.1,6.4,37.5,8.6,50.7,0,0,53.5,1,13222,1,13222,4618,1087,3525,3281,5921,12319,2992,1157,1531,6857,7792,5503,5885,12253,5787,12854,8263,8846,19266,2154,654,8376,3084,2246,150,1698,1,33:37
2024-25,201567,Kevin Love,Kevin,1610612748,MIA,Miami Heat,0022400893,2025-03-05T00:00:00,MIA @ CLE,L,16.333333333333332,6.6,17.6,0.375,2.2,8.8,0.25,6.6,8.8,0.75,6.6,6.6,13.2,2.2,2.2,2.2,4.4,2.2,4.4,8.8,22.0,-6.6,58.8,0,0,52.9,1,13222,1,13222,18704,9892,5095,16299,9223,5072,11902,2307,1968,8186,1319,7073,2652,15609,9493,5376,710,2630,5999,712,6178,16347,1357,2246,150,1825,1,16:20
2024-25,201935,James Harden,James,1610612746,LAC,LA Clippers,0022400898,2025-03-05T00:00:00,LAC vs. DET,W,38.45,13.1,22.5,0.583,5.6,12.2,0.462,15.0,18.7,0.8,0.0,3.7,3.7,4.7,4.7,0.9,0.9,0.0,1.9,9.4,46.8,12.2,59.3,0,0,64.6,1,1,13086,1,1135,985,1598,6296,1654,1680,7119,173,163,7681,14058,14484,17946,8229,2746,12466,7915,8846,15820,556,212,6725,1290,2246,150,495,1,38:27
2024-25,203935,Marcus Smart,Marcus,1610612764,WAS,Washington Wizards,0022400894,2025-03-05T00:00:00,WAS vs. UTA,W,18.215,7.9,17.8,0.444,5.9,13.8,0.429,4.0,4.0,1.0,0.0,7.9,7.9,9.9,0.0,0.0,0.0,0.0,2.0,5.9,25.7,-9.9,50.0,0,0,49.4,1,1,13086,1,17435,6839,4917,13045,1359,978,7394,5788,7938,1,14058,4849,8448,1498,16469,12854,8263,8846,15270,2710,3835,17837,3272,2246,150,2694,1,18:13
2024-25,1630548,Johnny Juzang,Johnny,1610612762,UTA,Utah Jazz,0022400894,2025-03-05T00:00:00,UTA @ WAS,L,29.683333333333334,12.1,18.2,0.667,6.1,10.9,0.556,2.4,3.6,0.667,1.2,7.3,8.5,2.4,1.2,0.0,1.2,0.0,4.9,2.4,32.7,1.2,49.0,0,0,52.2,1,13222,1,13222,8057,1445,4467,3281,1262,2574,3747,9257,8609,9425,11705,5863,7484,14792,14341,12854,6094,8846,4947,11244,1372,12003,3627,2246,150,2004,1,29:41
2024-25,1629645,Kevin Porter Jr.,Kevin,1610612749,MIL,Milwaukee Bucks,0022400897,2025-03-05T00:00:00,MIL vs. DAL,W,26.2,5.5,15.1,0.364,0.0,6.9,0.0,2.7,4.1,0.667,1.4,13.7,15.1,19.2,4.1,1.4,0.0,0.0,0.0,2.7,13.7,15.1,60.7,1,1,50.8,1,1,13086,1,11004,12981,8402,16861,15070,8729,15070,8458,7582,9425,10859,815,1718,104,3623,9042,8263,8846,20257,10152,14234,5581,1107,1,1,2306,1,26:12
2024-25,1628983,Shai Gilgeous-Alexander,Shai,1610612760,OKC,Oklahoma City Thunder,0022400895,2025-03-05T00:00:00,OKC @ MEM,W,34.705,14.5,25.9,0.56,3.1,5.2,0.6,10.4,10.4,1.0,0.0,2.1,2.1,8.3,4.1,2.1,0.0,0.0,5.2,9.3,42.5,19.7,59.5,0,0,60.2,1,1,13086,1,3688,578,650,7232,6189,12739,2992,594,1229,1,14058,19439,21661,2619,3584,5895,8263,8846,4221,558,334,4039,1249,2246,150,814,1,34:42
2024-25,1630230,Naji Marshall,Naji,1610612742,DAL,Dallas Mavericks,0022400897,2025-03-05T00:00:00,DAL @ MIL,L,32.28333333333333,11.2,20.1,0.556,2.2,6.7,0.333,0.0,1.1,0.0,2.2,10.0,12.3,2.2,3.3,1.1,0.0,2.2,1.1,3.3,24.5,-17.8,42.6,1,0,43.5,1,13222,1,13222,5753,2142,2916,7248,9117,9116,9209,13505,14018,13505,7488,2549,3295,15510,5368,10896,8263,2582,19010,8104,4470,20882,6309,1,150,4920,1,32:17
2024-25,1630590,Scotty Pippen Jr.,Scotty,1610612763,MEM,Memphis Grizzlies,0022400895,2025-03-05T00:00:00,MEM vs. OKC,L,21.05,10.3,15.4,0.667,3.4,5.1,0.667,1.7,1.7,1.0,1.7,6.8,8.6,5.1,5.1,5.1,0.0,0.0,3.4,3.4,25.7,17.1,53.9,0,0,53.0,1,13222,1,13222,15255,2951,7970,3281,5336,12874,1957,11395,13287,1,9543,6635,7398,7172,2196,818,8263,8846,9004,7895,3848,4866,2234,2246,150,1796,1,21:03
2024-25,203507,Giannis Antetokounmpo,Giannis,1610612749,MIL,Milwaukee Bucks,0022400897,2025-03-05T00:00:00,MIL vs. DAL,W,24.833333333333332,18.8,29.0,0.65,0.0,0.0,0.0,8.7,8.7,1.0,5.8,15.9,21.7,5.8,4.3,1.4,0.0,1.4,4.3,4.3,46.4,43.5,81.2,1,0,76.8,1,1,13086,1,12147,179,329,4562,15070,20945,15070,1109,2049,1,1744,435,352,5856,3223,8634,8263,4986,6142,5471,218,758,177,1,150,202,1,24:50
2024-25,203471,Dennis Schröder,Dennis,1610612765,DET,Detroit Pistons,0022400898,2025-03-05T00:00:00,DET @ LAC,L,28.1,10.2,17.9,0.571,6.4,11.5,0.556,0.0,0.0,0.0,1.3,6.4,7.7,9.0,0.0,0.0,0.0,1.3,1.3,0.0,26.9,10.2,49.6,0,0,50.0,1,13222,1,13222,9459,2966,4766,6538,1058,2080,3747,13505,14344,13505,11285,7495,8819,2051,16469,12854,8263,5746,18119,17725,3250,7584,3387,2246,150,2541,1,28:06
2024-25,203081,Damian Lillard,Damian,1610612749,MIL,Milwaukee Bucks,0022400897,2025-03-05T00:00:00,MIL vs. DAL,W,26.733333333333334,14.8,20.2,0.733,6.7,10.8,0.625,9.4,9.4,1.0,0.0,4.0,4.0,6.7,2.7,2.7,0.0,0.0,0.0,4.0,45.8,37.7,66.1,0,0,68.7,1,1,13086,1,10540,527,2826,2644,875,2698,2868,869,1652,1,14058,13595,17214,4375,7552,3926,8263,8846,20257,6205,231,1145,622,2246,150,353,1,26:44
2024-25,1641748,Andre Jackson Jr.,Andre,1610612749,MIL,Milwaukee Bucks,0022400897,2025-03-05T00:00:00,MIL vs. DAL,W,9.05,11.9,27.8,0.429,8.0,11.9,0.667,0.0,0.0,0.0,0.0,4.0,4.0,0.0,4.0,4.0,0.0,4.0,0.0,0.0,31.8,-19.9,44.6,0,0,51.7,1,1,13086,1,22430,1563,410,13735,469,1816,1957,13505,14344,13505,14058,13793,17366,19908,3923,1660,8263,659,20257,17725,1569,21522,5392,2246,150,2104,1,9:03
2024-25,1630202,Payton Pritchard,Payton,1610612738,BOS,Boston Celtics,0022400891,2025-03-05T00:00:00,BOS vs. POR,W,42.85,11.8,16.8,0.7,8.4,13.4,0.625,4.2,4.2,1.0,3.4,5.0,8.4,4.2,0.0,0.0,0.0,0.8,1.7,4.2,36.1,10.1,52.5,1,0,57.1,1,1,13086,1,164,1688,6039,3045,382,1119,2868,5343,7409,1,4615,10754,7624,9382,16469,12854,8263,8786,16598,5839,806,7662,2590,1,150,1147,1,42:51
2024-25,1630595,Cade Cunningham,Cade,1610612765,DET,Detroit Pistons,0022400898,2025-03-05T00:00:00,DET @ LAC,L,38.89833333333333,13.9,23.1,0.6,1.9,6.5,0.286,4.6,5.6,0.833,0.0,6.5,6.5,9.3,4.6,0.9,0.0,0.9,4.6,2.8,34.2,-9.3,54.0,1,0,53.7,1,13222,1,13222,919,740,1338,5394,10877,9593,11433,4636,5120,7275,14058,7355,11225,1837,2815,12535,8263,8529,5472,10052,1082,17552,2190,1,150,1674,1,38:54
2024-25,1642265,Rob Dillingham,Rob,1610612750,MIN,Minnesota Timberwolves,0022400892,2025-03-05T00:00:00,MIN @ CHA,W,5.88,6.1,6.1,1.0,6.1,6.1,1.0,0.0,0.0,0.0,0.0,0.0,0.0,12.2,0.0,0.0,6.1,0.0,6.1,12.2,18.4,-18.4,55.1,0,0,49.0,1,1,13086,1,23640,11159,22493,1,1213,10382,1,13505,14344,13505,14058,22137,23286,666,16469,12854,289,8846,2796,187,9448,21035,1968,2246,150,2840,1,5:53
2024-25,1628389,Bam Adebayo,Bam,1610612748,MIA,Miami Heat,0022400893,2025-03-05T00:00:00,MIA @ CLE,L,37.55,10.5,17.3,0.611,2.9,4.8,0.6,8.6,8.6,1.0,1.9,9.6,11.5,4.8,1.9,1.9,0.0,1.0,1.0,4.8,32.6,-1.0,57.4,1,0,55.6,1,13222,1,13222,1655,2672,5502,5351,6957,13723,2992,1131,2105,1,8748,2932,3939,7936,10956,6678,8263,8276,19914,4514,1400,13507,1569,1,150,1374,1,37:33
2024-25,1628401,Derrick White,Derrick,1610612738,BOS,Boston Celtics,0022400891,2025-03-05T00:00:00,BOS vs. POR,W,39.20166666666667,12.9,23.9,0.538,8.3,15.6,0.529,3.7,3.7,1.0,0.0,2.8,2.8,1.8,0.9,2.8,0.9,0.0,0.0,2.8,37.7,7.3,53.8,0,0,57.9,1,1,13086,1,812,1084,1098,7978,403,583,3943,6347,8545,1,14058,17549,20347,16978,16292,3798,8012,8846,20257,10130,634,8965,2250,2246,150,1048,1,39:12
2024-25,1631222,Jake LaRavia,Jake,1610612758,SAC,Sacramento Kings,0022400896,2025-03-05T00:00:00,SAC @ DEN,L,23.52166666666667,9.2,15.3,0.6,4.6,9.2,0.5,0.0,0.0,0.0,3.1,4.6,7.7,1.5,1.5,3.1,0.0,1.5,7.7,3.1,23.0,-10.7,42.1,0,0,42.9,1,13222,1,13222,13296,4393,8107,5394,2910,4565,3944,13505,14344,13505,5209,12005,8874,17871,12613,3025,8263,4658,1541,9028,5519,18192,6570,2246,150,5220,1,23:31
2024-25,1629014,Anfernee Simons,Anfernee,1610612757,POR,Portland Trail Blazers,0022400891,2025-03-05T00:00:00,POR @ BOS,L,38.333333333333336,11.3,19.7,0.571,2.8,9.4,0.3,2.8,2.8,1.0,0.0,0.9,0.9,5.6,0.0,0.9,0.0,0.9,0.9,0.9,28.2,-10.3,40.6,0,0,39.4,1,13222,1,13222,1200,2034,3166,6538,7166,4267,11319,8304,10444,1,14058,22069,23250,6177,16469,12445,8263,8426,20027,17579,2719,18043,7416,2246,150,7104,1,38:20
2024-25,1630598,Aaron Wiggins,Aaron,1610612760,OKC,Oklahoma City Thunder,0022400895,2025-03-05T00:00:00,OKC @ MEM,W,30.383333333333333,7.1,10.7,0.667,3.6,4.7,0.75,1.2,2.4,0.5,0.0,1.2,1.2,3.6,0.0,1.2,0.0,0.0,0.0,1.2,19.0,23.7,29.3,0,0,29.6,1,1,13086,1,7425,8680,15954,3281,5018,13870,1542,12644,11569,10625,14058,21551,22958,11234,16469,10306,8263,8846,20257,16482,8898,3102,15312,2246,150,14234,1,30:23
2024-25,1631108,Max Christie,Max,1610612742,DAL,Dallas Mavericks,0022400897,2025-03-05T00:00:00,DAL @ MIL,L,35.95,5.0,16.0,0.313,2.0,9.0,0.222,1.0,1.0,1.0,0.0,2.0,2.0,1.0,1.0,2.0,0.0,0.0,1.0,0.0,13.0,-21.0,21.9,0,0,22.0,1,13222,1,13222,2713,14372,7084,19175,10147,4803,13288,13230,14214,1,14058,19652,21793,19670,15834,6239,8263,8846,19700,17725,15073,21838,20187,2246,150,19663,1,35:57
2024-25,1641775,Jordan Walsh,Jordan,1610612738,BOS,Boston Celtics,0022400891,2025-03-05T00:00:00,BOS vs. POR,W,20.515,1.8,1.8,1.0,1.8,1.8,1.0,0.0,0.0,0.0,5.3,5.3,10.5,1.8,0.0,0.0,1.8,0.0,5.3,0.0,5.3,-1.8,25.8,0,0,22.8,1,1,13086,1,15634,21822,24800,1,11241,19979,1,13505,14344,13505,2129,10113,4887,17214,16469,12854,4156,8846,4081,17725,21869,13898,17753,2246,150,19135,1,20:31
2024-25,203915,Spencer Dinwiddie,Spencer,1610612742,DAL,Dallas Mavericks,0022400897,2025-03-05T00:00:00,DAL @ MIL,L,29.45,3.7,8.6,0.429,1.2,3.7,0.333,1.2,4.9,0.25,0.0,1.2,1.2,7.3,1.2,4.9,1.2,1.2,2.4,2.4,9.8,-28.1,39.4,0,0,31.8,1,13222,1,13222,8267,17925,19413,13735,13251,16291,9209,12520,6131,13358,14058,21461,22916,3581,14275,968,6035,6107,13004,11180,18369,23451,8167,2246,150,12554,1,29:27
2024-25,1631105,Jalen Duren,Jalen,1610612765,DET,Detroit Pistons,0022400898,2025-03-05T00:00:00,DET @ LAC,L,25.601666666666667,2.8,4.2,0.667,0.0,0.0,0.0,4.2,8.4,0.5,0.0,4.2,4.2,5.6,2.8,1.4,0.0,0.0,8.4,8.4,9.8,-21.1,24.7,0,0,22.5,1,13222,1,13222,11488,19852,23982,3281,15070,20945,15070,5319,2239,10625,14058,13063,16760,6203,7173,8867,8263,8846,1169,853,18319,21857,18457,2246,150,19371,1,25:36
2024-25,1629618,Jalen Pickett,Jalen,1610612743,DEN,Denver Nuggets,0022400896,2025-03-05T00:00:00,DEN vs. SAC,W,17.95,4.0,10.0,0.4,2.0,6.0,0.333,0.0,0.0,0.0,0.0,4.0,4.0,6.0,0.0,0.0,0.0,0.0,4.0,0.0,10.0,-18.1,23.9,0,0,22.1,1,1,13086,1,17593,17065,17002,14933,10134,10648,9209,13505,14344,13505,14058,13689,17291,5455,16469,12854,8263,8846,7106,17725,18138,20948,19047,2246,150,19643,1,17:57
2024-25,1629652,Luguentz Dort,Luguentz,1610612760,OKC,Oklahoma City Thunder,0022400895,2025-03-05T00:00:00,OKC @ MEM,W,33.7,1.1,7.5,0.143,1.1,7.5,0.143,0.0,0.0,0.0,0.0,4.3,4.3,3.2,1.1,1.1,0.0,0.0,4.3,3.2,3.2,37.4,15.3,0,0,13.9,1,1,13086,1,4549,22592,20964,22260,14140,7454,14649,13505,14344,13505,14058,12885,16604,12287,15358,11299,8263,8846,6364,8545,22889,1168,23094,2246,150,23451,1,33:42
2024-25,1628436,Luke Kornet,Luke,1610612738,BOS,Boston Celtics,0022400891,2025-03-05T00:00:00,BOS vs. POR,W,22.516666666666666,1.6,6.4,0.25,0.0,0.0,0.0,0.0,0.0,0.0,4.8,4.8,9.6,6.4,4.8,0.0,1.6,1.6,3.2,1.6,3.2,-6.4,24.3,0,0,22.4,1,1,13086,1,14094,22034,22217,20233,15070,20945,15070,13505,14344,13505,2567,11448,5933,4861,2588,12854,4557,4439,9883,14640,22892,16243,18746,2246,150,19433,1,22:31
2024-25,1641740,Jaylen Clark,Jaylen,1610612750,MIN,Minnesota Timberwolves,0022400892,2025-03-05T00:00:00,MIN @ CHA,W,14.183333333333334,2.5,7.6,0.333,2.5,5.1,0.5,0.0,0.0,0.0,0.0,2.5,2.5,0.0,0.0,5.1,0.0,0.0,5.1,2.5,7.6,-7.6,25.9,0,0,22.8,1,1,13086,1,20092,20395,20767,17395,8014,13011,3944,13505,14344,13505,14058,18085,20729,19908,16469,854,8263,8846,4433,10843,20230,16794,17690,2246,150,19108,1,14:11
2024-25,203501,Tim Hardaway Jr.,Tim,1610612765,DET,Detroit Pistons,0022400898,2025-03-05T00:00:00,DET @ LAC,L,33.733333333333334,3.2,6.4,0.5,0.0,3.2,0.0,1.1,1.1,1.0,0.0,4.3,4.3,1.1,1.1,1.1,0.0,0.0,1.1,1.1,7.5,-11.7,16.3,0,0,14.9,1,13222,1,13222,4498,18994,22207,8526,15070,17266,15070,13013,14096,1,14058,12901,16615,19457,15370,11321,8263,8846,19298,17079,20343,18640,22729,2246,150,23079,1,33:44
2024-25,1631123,Jamaree Bouyea,Jamaree,1610612749,MIL,Milwaukee Bucks,0022400897,2025-03-05T00:00:00,MIL vs. DAL,W,4.566666666666666,7.9,7.9,1.0,0.0,0.0,0.0,0.0,0.0,0.0,0.0,0.0,0.0,7.9,7.9,7.9,0.0,0.0,0.0,0.0,15.8,-7.9,43.4,0,0,39.4,1,1,13086,1,24188,6873,20429,1,15070,20945,15070,13505,14344,13505,14058,22137,23286,3011,613,222,8263,8846,20257,17725,12153,16917,5954,2246,150,7123,1,4:34
2024-25,1642275,Tidjane Salaün,Tidjane,1610612766,CHA,Charlotte Hornets,0022400892,2025-03-05T00:00:00,CHA vs. MIN,L,16.3,2.2,4.4,0.5,0.0,2.2,0.0,4.4,4.4,1.0,4.4,11.0,15.5,6.6,6.6,0.0,0.0,0.0,4.4,2.2,8.8,-17.7,30.7,0,0,30.9,1,13222,1,13222,18725,21017,23849,8526,15070,19149,15070,4963,7002,1,3029,1884,1586,4534,1066,12854,8263,8846,5977,12125,19241,20830,14274,2246,150,13233,1,16:18
2024-25,1641729,Brice Sensabaugh,Brice,1610612762,UTA,Utah Jazz,0022400894,2025-03-05T00:00:00,UTA @ WAS,L,30.12,6.0,17.9,0.333,2.4,10.8,0.222,3.6,3.6,1.0,1.2,3.6,4.8,3.6,4.8,0.0,1.2,2.4,4.8,3.6,17.9,-14.3,27.8,0,0,31.1,1,13222,1,13222,7663,11593,4776,17395,8523,2714,13288,6517,8713,1,11827,14971,15343,11129,2613,12854,6208,2249,5108,7435,9910,19630,16336,2246,150,13097,1,30:07
2024-25,201587,Nicolas Batum,Nicolas,1610612746,LAC,LA Clippers,0022400898,2025-03-05T00:00:00,LAC vs. DET,W,24.31833333333333,1.5,1.5,1.0,1.5,1.5,1.0,3.0,3.0,1.0,0.0,4.4,4.4,0.0,0.0,1.5,3.0,0.0,4.4,1.5,7.4,13.3,26.1,0,0,22.2,1,1,13086,1,12629,22193,24821,1,12122,20290,1,7924,10070,1,14058,12430,16196,19908,16469,8498,1745,8846,5916,15089,20406,6251,17581,2246,150,19554,1,24:19
2024-25,1629674,Neemias Queta,Neemias,1610612738,BOS,Boston Celtics,0022400891,2025-03-05T00:00:00,BOS vs. POR,W,11.3,6.4,15.9,0.4,0.0,3.2,0.0,0.0,0.0,0.0,9.6,3.2,12.7,0.0,0.0,0.0,3.2,0.0,0.0,0.0,12.7,-12.7,37.6,0,0,31.9,1,1,13086,1,21585,10511,7219,14933,15070,17297,15070,13505,14344,13505,464,16136,2972,19908,16469,12854,1492,8846,20257,17725,15343,19036,9288,2246,150,12486,1,11:18
2024-25,1641796,Pelle Larsson,Pelle,1610612748,MIA,Miami Heat,0022400893,2025-03-05T00:00:00,MIA @ CLE,L,12.116666666666667,3.0,8.9,0.333,3.0,5.9,0.5,0.0,0.0,0.0,0.0,0.0,0.0,3.0,0.0,0.0,0.0,3.0,5.9,0.0,8.9,-32.7,13.4,0,0,14.9,1,13222,1,13222,21184,19487,18851,17395,6617,10834,3944,13505,14344,13505,14058,22137,23286,13022,16469,12854,8263,1375,3024,17725,19169,24125,23670,2246,150,23108,1,12:07
2024-25,1628963,Marvin Bagley III,Marvin,1610612763,MEM,Memphis Grizzlies,0022400895,2025-03-05T00:00:00,MEM vs. OKC,L,15.205,2.4,4.7,0.5,2.4,4.7,0.5,0.0,0.0,0.0,0.0,4.7,4.7,0.0,0.0,0.0,0.0,0.0,2.4,0.0,7.1,-21.3,12.8,0,0,14.2,1,13222,1,13222,19437,20727,23653,8526,8605,13880,3944,13505,14344,13505,14058,11603,15474,19908,16469,12854,8263,8846,13357,17725,20632,21913,23827,2246,150,23361,1,15:12
2024-25,1628970,Miles Bridges,Miles,1610612766,CHA,Charlotte Hornets,0022400892,2025-03-05T00:00:00,CHA vs. MIN,L,34.63333333333333,9.4,20.8,0.45,1.0,8.3,0.125,4.2,6.2,0.667,1.0,8.3,9.4,5.2,1.0,0.0,0.0,1.0,1.0,4.2,23.9,2.1,41.9,0,0,39.5,1,13222,1,13222,3749,4112,2461,12982,14308,5889,14886,5424,4192,9425,12947,4259,6255,7036,15566,12854,8263,7580,19469,5934,4869,11586,6677,2246,150,7069,1,34:38
2024-25,1631128,Christian Braun,Christian,1610612743,DEN,Denver Nuggets,0022400896,2025-03-05T00:00:00,DEN vs. SAC,W,38.245,4.7,9.4,0.5,2.8,5.6,0.5,1.9,1.9,1.0,1.9,0.0,1.9,6.6,1.9,0.9,0.9,0.0,0.0,0.9,14.1,7.5,30.0,0,0,29.2,1,1,13086,1,1251,15223,18092,8526,7141,11584,3944,11009,13023,1,8886,22137,22033,4580,11145,12428,7887,8846,20257,17569,13823,8869,14774,2246,150,14565,1,38:15
2024-25,1630545,Terrence Shannon Jr.,Terrence,1610612750,MIN,Minnesota Timberwolves,0022400892,2025-03-05T00:00:00,MIN @ CHA,W,12.55,2.9,8.6,0.333,2.9,2.9,1.0,2.9,5.7,0.5,0.0,0.0,0.0,0.0,0.0,0.0,0.0,2.9,2.9,5.7,11.5,8.6,11.5,0,0,14.3,1,1,13086,1,20962,19735,19349,17395,6988,17918,1,8172,4837,10625,14058,22137,23286,19908,16469,12854,8263,1506,11317,2994,16705,8360,24136,2246,150,23308,1,12:33
2024-25,1628398,Kyle Kuzma,Kyle,1610612749,MIL,Milwaukee Bucks,0022400897,2025-03-05T00:00:00,MIL vs. DAL,W,26.666666666666668,9.5,12.1,0.778,2.7,2.7,1.0,1.3,1.3,1.0,0.0,5.4,5.4,0.0,4.1,0.0,0.0,0.0,1.3,2.7,23.0,18.9,25.4,0,0,31.1,1,1,13086,1,10590,3955,13330,1994,7537,18262,1,12166,13663,1,14058,9783,13812,19908,3783,12854,8263,8846,17821,10316,5523,4288,18019,2246,150,13119,1,26:40
2024-25,1631246,Vince Williams Jr.,Vince,1610612763,MEM,Memphis Grizzlies,0022400895,2025-03-05T00:00:00,MEM vs. OKC,L,24.951666666666668,7.2,17.3,0.417,1.4,10.1,0.143,1.4,1.4,1.0,0.0,4.3,4.3,2.9,1.4,1.4,0.0,0.0,2.9,1.4,17.3,-13.0,29.7,0,0,28.9,1,13222,1,13222,12049,8418,5440,14532,12283,3378,14649,11922,13545,1,14058,12726,16468,13327,13044,8680,8263,8846,11244,15268,10516,19121,15010,2246,150,14818,1,24:57
2024-25,1630649,Stanley Umude,Stanley,1610612749,MIL,Milwaukee Bucks,0022400897,2025-03-05T00:00:00,MIL vs. DAL,W,4.566666666666666,0.0,23.6,0.0,0.0,15.8,0.0,0.0,0.0,0.0,0.0,7.9,7.9,7.9,0.0,0.0,7.9,0.0,0.0,0.0,0.0,-7.9,44.9,0,0,31.5,1,1,13086,1,24188,22635,1168,22635,15070,553,15070,13505,14344,13505,14058,4883,8489,3011,16469,12854,145,8846,20257,17725,23200,16917,5213,2246,150,12747,1,4:34
2024-25,1630217,Desmond Bane,Desmond,1610612763,MEM,Memphis Grizzlies,0022400895,2025-03-05T00:00:00,MEM vs. OKC,L,32.9,5.5,15.3,0.357,1.1,3.3,0.333,4.4,5.5,0.8,0.0,6.6,6.6,1.1,1.1,1.1,1.1,2.2,1.1,4.4,16.4,2.2,31.4,0,0,29.5,1,13222,1,13222,5243,13067,8071,17140,13974,17105,9209,5030,5226,7681,14058,7171,11027,19364,15172,11070,6825,2674,19135,5407,11486,11514,13748,2246,150,14292,1,32:54
2024-25,1630166,Deni Avdija,Deni,1610612757,POR,Portland Trail Blazers,0022400891,2025-03-05T00:00:00,POR @ BOS,L,23.051666666666666,7.8,15.6,0.5,1.6,4.7,0.333,1.6,3.1,0.5,4.7,4.7,9.4,3.1,3.1,0.0,3.1,1.6,1.6,3.1,18.7,-32.8,40.9,0,0,39.0,1,13222,1,13222,13679,7046,7673,8526,11821,14003,9209,11664,9661,10625,2696,11757,6238,12546,6053,12854,1550,4549,16996,8803,9092,24138,7216,2246,150,7358,1,23:03
2024-25,1631217,Moussa Diabaté,Moussa,1610612766,CHA,Charlotte Hornets,0022400892,2025-03-05T00:00:00,CHA vs. MIN,L,11.846666666666666,6.1,9.1,0.667,0.0,0.0,0.0,6.1,6.1,1.0,9.1,3.0,12.2,3.0,0.0,0.0,3.0,0.0,6.1,9.1,18.2,-15.2,46.5,0,0,39.5,1,13222,1,13222,21368,11286,18528,3281,15070,20945,15070,2794,4374,1,526,16592,3376,12798,16469,12854,1645,8846,2847,612,9594,19972,4535,2246,150,7066,1,11:51
2024-25,1642377,Jaylen Wells,Jaylen,1610612763,MEM,Memphis Grizzlies,0022400895,2025-03-05T00:00:00,MEM vs. OKC,L,25.833333333333332,0.0,7.0,0.0,0.0,7.0,0.0,4.2,5.6,0.75,2.8,4.2,7.0,1.4,2.8,1.4,0.0,0.0,1.4,5.6,4.2,-25.1,16.0,0,0,15.3,1,13222,1,13222,11308,22635,21599,22635,15070,8521,15070,5374,5079,8186,5891,13163,10201,18361,7264,8936,8263,8846,17648,3225,22474,22823,22844,2246,150,22939,1,25:50
2024-25,1629599,Amir Coffey,Amir,1610612746,LAC,LA Clippers,0022400898,2025-03-05T00:00:00,LAC vs. DET,W,27.066666666666666,4.0,9.3,0.429,1.3,1.3,1.0,0.0,0.0,0.0,0.0,2.7,2.7,0.0,0.0,0.0,0.0,0.0,2.7,1.3,9.3,-2.7,12.5,0,0,13.3,1,1,13086,1,10288,17117,18257,13735,12734,20464,1,13505,14344,13505,14058,17790,20521,19908,16469,12854,8263,8846,12201,15764,18803,14386,23899,2246,150,23617,1,27:04
2024-25,201572,Brook Lopez,Brook,1610612749,MIL,Milwaukee Bucks,0022400897,2025-03-05T00:00:00,MIL vs. DAL,W,22.983333333333334,1.6,1.6,1.0,0.0,0.0,0.0,0.0,0.0,0.0,0.0,3.1,3.1,1.6,0.0,0.0,3.1,0.0,1.6,1.6,3.1,43.9,18.6,0,0,14.1,1,1,13086,1,13735,22083,24817,1,15070,20945,15070,13505,14344,13505,14058,16325,19413,17749,16469,12854,1539,8846,16974,14739,22911,747,21822,2246,150,23397,1,22:59
2024-25,203939,Dwight Powell,Dwight,1610612742,DAL,Dallas Mavericks,0022400897,2025-03-05T00:00:00,DAL @ MIL,L,23.783333333333335,4.5,6.1,0.75,0.0,0.0,0.0,0.0,0.0,0.0,3.0,1.5,4.5,6.1,1.5,0.0,1.5,0.0,6.1,1.5,9.1,-12.1,26.6,0,0,22.7,1,13222,1,13222,13086,15649,22550,2107,15070,20945,15070,13505,14344,13505,5272,20849,15947,5392,12684,12854,4797,8846,2868,14951,18996,18780,17188,2246,150,19210,1,23:47
2024-25,1627736,Malik Beasley,Malik,1610612765,DET,Detroit Pistons,0022400898,2025-03-05T00:00:00,DET @ LAC,L,32.9,5.5,13.1,0.417,4.4,10.9,0.4,0.0,0.0,0.0,0.0,0.0,0.0,0.0,2.2,0.0,0.0,0.0,3.3,0.0,15.3,-17.5,13.1,0,0,19.7,1,13222,1,13222,5243,13067,11616,14532,3271,2548,7874,13505,14344,13505,14058,22137,23286,19908,9554,12854,8263,8846,9510,17725,12600,20783,23732,2246,150,21035,1,32:54
2024-25,1641753,Chris Livingston,Chris,1610612749,MIL,Milwaukee Bucks,0022400897,2025-03-05T00:00:00,MIL vs. DAL,W,9.05,0.0,4.0,0.0,0.0,4.0,0.0,4.0,8.0,0.5,4.0,8.0,11.9,4.0,0.0,0.0,0.0,0.0,4.0,4.0,4.0,-19.9,24.3,0,0,19.9,1,1,13086,1,22430,22635,24100,22635,15070,15623,15070,5730,2549,10625,3625,4768,3550,9990,16469,12854,8263,8846,7198,6367,22563,21522,18763,2246,150,20923,1,9:03
2024-25,1631323,Simone Fontecchio,Simone,1610612765,DET,Detroit Pistons,0022400898,2025-03-05T00:00:00,DET @ LAC,L,15.066666666666666,2.4,9.6,0.25,0.0,7.2,0.0,0.0,0.0,0.0,0.0,4.8,4.8,2.4,0.0,0.0,0.0,0.0,0.0,0.0,4.8,19.1,14.1,0,0,11.9,1,13222,1,13222,19517,20695,17834,20233,15070,8107,15070,13505,14344,13505,14058,11488,15347,14915,16469,12854,8263,8846,20257,17725,22143,4223,23470,2246,150,23991,1,15:04
2024-25,203937,Kyle Anderson,Kyle,1610612748,MIA,Miami Heat,0022400893,2025-03-05T00:00:00,MIA @ CLE,L,25.866666666666667,4.2,11.1,0.375,0.0,0.0,0.0,1.4,2.8,0.5,5.6,9.7,15.3,9.7,1.4,0.0,0.0,1.4,2.8,2.8,9.7,7.0,41.3,0,0,34.8,1,13222,1,13222,11270,16664,15133,16299,15070,20945,15070,12034,10524,10625,1899,2782,1648,1568,13322,12854,8263,5207,11712,10021,18404,9157,6972,2246,150,10234,1,25:52
2024-25,1641745,Adam Flagler,Adam,1610612760,OKC,Oklahoma City Thunder,0022400895,2025-03-05T00:00:00,OKC @ MEM,W,1.5,0.0,0.0,0.0,0.0,0.0,0.0,0.0,0.0,0.0,0.0,0.0,0.0,0.0,0.0,0.0,0.0,0.0,24.0,0.0,0.0,-48.0,0.0,0,0,0.0,1,1,13086,1,25800,22635,24836,22635,15070,20945,15070,13505,14344,13505,14058,22137,23286,19908,16469,12854,8263,8846,69,17725,23200,25312,25228,2246,150,25259,1,1:30
2024-25,1627752,Taurean Prince,Taurean,1610612749,MIL,Milwaukee Bucks,0022400897,2025-03-05T00:00:00,MIL vs. DAL,W,29.45,1.2,7.3,0.167,1.2,6.1,0.2,0.0,0.0,0.0,0.0,4.9,4.9,0.0,3.7,0.0,0.0,0.0,0.0,0.0,3.7,33.0,5.9,0,0,9.8,1,1,13086,1,8267,22475,21161,21938,13251,10413,13429,13505,14344,13505,14058,11185,15092,19908,4634,12854,8263,8846,20257,17725,22709,1625,24931,2246,150,24475,1,29:27
2024-25,1628365,Markelle Fultz,Markelle,1610612758,SAC,Sacramento Kings,0022400896,2025-03-05T00:00:00,SAC @ DEN,L,9.621666666666666,0.0,7.5,0.0,0.0,0.0,0.0,0.0,0.0,0.0,0.0,3.7,3.7,0.0,3.7,0.0,3.7,3.7,0.0,0.0,0.0,-3.7,12.0,0,0,11.2,1,13222,1,13222,22235,22635,20953,22635,15070,20945,15070,13505,14344,13505,14058,14491,17954,19908,4460,12854,1063,775,20257,17725,23200,14916,24011,2246,150,24171,1,9:37
2024-25,1630625,Dalano Banton,Dalano,1610612757,POR,Portland Trail Blazers,0022400891,2025-03-05T00:00:00,POR @ BOS,L,6.866666666666666,0.0,5.2,0.0,0.0,0.0,0.0,0.0,0.0,0.0,0.0,5.2,5.2,5.2,0.0,0.0,0.0,0.0,0.0,0.0,0.0,0.0,14.2,0,0,10.5,1,13222,1,13222,23223,22635,23295,22635,15070,20945,15070,13505,14344,13505,14058,10176,14178,6955,16469,12854,8263,8846,20257,17725,23200,12240,23451,2246,150,24333,1,6:52
2024-25,1629731,Dean Wade,Dean,1610612739,CLE,Cleveland Cavaliers,0022400893,2025-03-05T00:00:00,CLE vs. MIA,W,11.033333333333333,3.3,6.5,0.5,0.0,0.0,0.0,0.0,0.0,0.0,0.0,0.0,0.0,3.3,3.3,0.0,0.0,0.0,6.5,3.3,6.5,-6.5,8.2,0,0,9.8,1,1,13086,1,21693,18845,22077,8526,15070,20945,15070,13505,14344,13505,14058,22137,23286,12100,5624,12854,8263,8846,2374,8370,21031,16304,24677,2246,150,24473,1,11:02
2024-25,1629026,Kenrich Williams,Kenrich,1610612760,OKC,Oklahoma City Thunder,0022400895,2025-03-05T00:00:00,OKC @ MEM,W,12.916666666666666,0.0,8.4,0.0,0.0,2.8,0.0,0.0,0.0,0.0,0.0,0.0,0.0,0.0,0.0,0.0,0.0,0.0,2.8,0.0,0.0,-25.1,0.0,0,0,0.0,1,1,13086,1,20783,22635,19702,22635,15070,18087,15070,13505,14344,13505,14058,22137,23286,19908,16469,12854,8263,8846,11692,17725,23200,22823,25228,2246,150,25259,1,12:55
2024-25,1642268,Isaiah Collier,Isaiah,1610612762,UTA,Utah Jazz,0022400894,2025-03-05T00:00:00,UTA @ WAS,L,31.366666666666667,8.0,16.1,0.5,0.0,2.3,0.0,5.7,10.3,0.556,1.1,5.7,6.9,6.9,4.6,2.3,0.0,3.4,4.6,8.0,21.8,-10.3,42.7,0,0,40.2,1,13222,1,13222,6536,6566,7023,8526,15070,18993,15070,3150,1248,10597,12129,8952,10349,4155,2864,5055,8263,963,5563,992,6374,18042,6272,2246,150,6691,1,31:22
2024-25,1629004,Svi Mykhailiuk,Svi,1610612762,UTA,Utah Jazz,0022400894,2025-03-05T00:00:00,UTA @ WAS,L,18.883333333333333,7.6,28.6,0.267,5.7,15.3,0.375,0.0,0.0,0.0,0.0,1.9,1.9,11.4,1.9,0.0,0.0,5.7,1.9,0.0,21.0,15.3,38.5,0,0,40.0,1,13222,1,13222,16915,7447,355,20170,1547,641,8800,13505,14344,13505,14058,19951,21988,857,11007,12854,8263,242,15639,17725,7101,5523,8704,2246,150,6761,1,18:53
2024-25,1642273,Kyshawn George,Kyshawn,1610612764,WAS,Washington Wizards,0022400894,2025-03-05T00:00:00,WAS vs. UTA,W,34.888333333333335,8.3,17.5,0.471,3.1,9.3,0.333,4.1,5.2,0.8,1.0,6.2,7.2,2.1,3.1,1.0,1.0,2.1,2.1,3.1,23.7,9.3,38.6,0,0,40.2,1,1,13086,1,3552,6074,5211,12143,6227,4400,9209,5477,5666,7681,13016,7914,9701,16142,6142,11661,7262,3016,14793,8900,4969,8052,8650,2246,150,6648,1,34:53
2024-25,1641733,Nick Smith Jr.,Nick,1610612766,CHA,Charlotte Hornets,0022400892,2025-03-05T00:00:00,CHA vs. MIN,L,36.666666666666664,3.9,9.8,0.4,2.9,7.9,0.375,0.0,0.0,0.0,1.0,2.9,3.9,2.9,1.0,0.0,0.0,0.0,1.0,0.0,10.8,-10.8,18.9,0,0,20.6,1,13222,1,13222,2230,17256,17365,14933,6702,6698,8800,13505,14344,13505,13401,16908,17496,13107,15962,12854,8263,8846,19798,17725,17370,18233,21668,2246,150,20511,1,36:40
2024-25,1631212,Peyton Watson,Peyton,1610612743,DEN,Denver Nuggets,0022400896,2025-03-05T00:00:00,DEN vs. SAC,W,16.9,2.1,8.5,0.25,0.0,2.1,0.0,0.0,4.3,0.0,0.0,6.4,6.4,2.1,0.0,0.0,0.0,2.1,4.3,4.3,4.3,0.0,15.1,0,0,12.8,1,1,13086,1,18320,21184,19460,20233,15070,19309,15070,13505,7289,13505,14058,7521,11419,15893,16469,12854,8263,2832,6399,5699,22431,12240,23138,2246,150,23781,1,16:54
2024-25,1630596,Evan Mobley,Evan,1610612739,CLE,Cleveland Cavaliers,0022400893,2025-03-05T00:00:00,CLE vs. MIA,W,35.516666666666666,7.1,10.1,0.7,0.0,0.0,0.0,2.0,7.1,0.286,4.1,9.1,13.2,3.0,3.0,0.0,1.0,0.0,3.0,5.1,16.2,12.2,36.6,1,0,34.5,1,1,13086,1,3054,8714,16854,3045,15070,20945,15070,10547,3278,13350,3519,3384,2687,12796,6310,12854,7395,8846,10532,3977,11710,6727,9975,1,150,10479,1,35:31
2024-25,1631120,JD Davison,JD,1610612738,BOS,Boston Celtics,0022400891,2025-03-05T00:00:00,BOS vs. POR,W,0.20666666666666667,0.0,0.0,0.0,0.0,0.0,0.0,0.0,0.0,0.0,0.0,0.0,0.0,0.0,0.0,0.0,0.0,0.0,0.0,0.0,0.0,348.4,0.0,0,0,0.0,1,1,13086,1,26262,22635,24836,22635,15070,20945,15070,13505,14344,13505,14058,22137,23286,19908,16469,12854,8263,8846,20257,17725,23200,8,25228,2246,150,25259,1,0:12
2024-25,1641717,Cason Wallace,Cason,1610612760,OKC,Oklahoma City Thunder,0022400895,2025-03-05T00:00:00,OKC @ MEM,W,19.461666666666666,3.7,5.5,0.667,0.0,1.8,0.0,0.0,0.0,0.0,0.0,7.4,7.4,1.8,1.8,1.8,0.0,0.0,1.8,0.0,7.4,-37.0,22.8,0,0,20.3,1,1,13086,1,16459,17830,23047,3281,15070,19830,15070,13505,14344,13505,14058,5678,9367,16927,11324,7034,8263,8846,15946,17725,20409,24615,19716,2246,150,20663,1,19:28
2024-25,1629638,Nickeil Alexander-Walker,Nickeil,1610612750,MIN,Minnesota Timberwolves,0022400892,2025-03-05T00:00:00,MIN @ CHA,W,29.716666666666665,1.2,6.1,0.2,1.2,4.8,0.25,0.0,0.0,0.0,1.2,3.6,4.8,3.6,0.0,2.4,1.2,0.0,1.2,0.0,3.6,3.6,25.8,0,0,20.6,1,1,13086,1,8027,22484,22548,21401,13306,13584,11902,13505,14344,13505,11715,14838,15190,10983,16469,4623,6105,8846,18469,17725,22724,10842,17742,2246,150,20522,1,29:43
2024-25,1630643,Jay Huff,Jay,1610612763,MEM,Memphis Grizzlies,0022400895,2025-03-05T00:00:00,MEM vs. OKC,L,1.5,0.0,0.0,0.0,0.0,0.0,0.0,0.0,0.0,0.0,0.0,0.0,0.0,0.0,0.0,0.0,0.0,0.0,0.0,0.0,0.0,48.0,0.0,0,0,0.0,1,13222,1,13222,25800,22635,24836,22635,15070,20945,15070,13505,14344,13505,14058,22137,23286,19908,16469,12854,8263,8846,20257,17725,23200,604,25228,2246,150,25259,1,1:30
2024-25,1641809,Drew Peterson,Drew,1610612738,BOS,Boston Celtics,0022400891,2025-03-05T00:00:00,BOS vs. POR,W,0.20666666666666667,0.0,0.0,0.0,0.0,0.0,0.0,0.0,0.0,0.0,0.0,0.0,0.0,0.0,0.0,0.0,0.0,0.0,0.0,0.0,0.0,348.4,0.0,0,0,0.0,1,1,13086,1,26262,22635,24836,22635,15070,20945,15070,13505,14344,13505,14058,22137,23286,19908,16469,12854,8263,8846,20257,17725,23200,8,25228,2246,150,25259,1,0:12
2024-25,1641842,Ronald Holland II,Ronald,1610612765,DET,Detroit Pistons,0022400898,2025-03-05T00:00:00,DET @ LAC,L,12.366666666666667,5.8,8.7,0.667,0.0,2.9,0.0,8.7,11.6,0.75,0.0,0.0,0.0,0.0,0.0,0.0,0.0,0.0,2.9,5.8,20.4,-2.9,20.4,0,0,20.4,1,13222,1,13222,21065,12044,19128,3281,15070,17836,15070,1097,855,8186,14058,22137,23286,19908,16469,12854,8263,8846,11134,2859,7595,14519,20992,2246,150,20639,1,12:22
2024-25,1629008,Michael Porter Jr.,Michael,1610612743,DEN,Denver Nuggets,0022400896,2025-03-05T00:00:00,DEN vs. SAC,W,36.153333333333336,5.0,12.9,0.385,1.0,7.0,0.143,2.0,2.0,1.0,2.0,10.0,11.9,0.0,0.0,0.0,1.0,1.0,1.0,1.0,12.9,2.0,30.3,1,0,27.9,1,1,13086,1,2566,14460,11952,16070,14578,8520,14649,10681,12754,1,8427,2618,3538,19908,16469,12854,7506,7968,19732,17415,15149,11624,14611,1,150,15518,1,36:09
2024-25,1629622,Max Strus,Max,1610612739,CLE,Cleveland Cavaliers,0022400893,2025-03-05T00:00:00,CLE vs. MIA,W,26.0,5.5,11.1,0.5,4.2,9.7,0.429,0.0,0.0,0.0,0.0,2.8,2.8,2.8,0.0,1.4,0.0,0.0,4.2,1.4,15.2,6.9,26.9,0,0,27.7,1,1,13086,1,11159,12880,15229,8526,3664,3860,7394,13505,14344,13505,14058,17508,20322,13692,16469,8986,8263,8846,6683,15514,12674,9175,17047,2246,150,15637,1,26:00
2024-25,1642285,Cam Spencer,Cam,1610612763,MEM,Memphis Grizzlies,0022400895,2025-03-05T00:00:00,MEM vs. OKC,L,1.5,0.0,0.0,0.0,0.0,0.0,0.0,48.0,48.0,1.0,0.0,0.0,0.0,0.0,0.0,0.0,0.0,0.0,0.0,24.0,48.0,48.0,48.0,0,0,48.0,1,13222,1,13222,25800,22635,24836,22635,15070,20945,15070,8,17,1,14058,22137,23286,19908,16469,12854,8263,8846,20257,23,186,604,3973,2246,150,3132,1,1:30
2024-25,1630205,Lamar Stevens,Lamar,1610612763,MEM,Memphis Grizzlies,0022400895,2025-03-05T00:00:00,MEM vs. OKC,L,1.5,24.0,24.0,1.0,0.0,0.0,0.0,0.0,0.0,0.0,0.0,0.0,0.0,0.0,0.0,0.0,0.0,0.0,0.0,0.0,48.0,48.0,48.0,0,0,48.0,1,13222,1,13222,25800,78,1050,1,15070,20945,15070,13505,14344,13505,14058,22137,23286,19908,16469,12854,8263,8846,20257,17725,186,604,3973,2246,150,3132,1,1:30
2024-25,1641731,Bilal Coulibaly,Bilal,1610612764,WAS,Washington Wizards,0022400894,2025-03-05T00:00:00,WAS vs. UTA,W,34.33,5.2,10.5,0.5,1.0,2.1,0.5,0.0,0.0,0.0,2.1,3.1,5.2,0.0,1.0,2.1,3.1,0.0,2.1,0.0,11.5,-2.1,32.5,0,0,28.3,1,1,13086,1,3989,13686,16236,8526,14264,19372,3944,13505,14344,13505,7961,16286,14177,19908,15499,5799,1529,8846,14620,17725,16636,14100,12944,2246,150,15200,1,34:20
2024-25,1630183,Jaden McDaniels,Jaden,1610612750,MIN,Minnesota Timberwolves,0022400892,2025-03-05T00:00:00,MIN @ CHA,W,37.57,12.5,20.1,0.619,2.9,8.6,0.333,0.0,0.0,0.0,3.8,5.7,9.6,3.8,1.0,1.9,0.0,0.0,1.9,1.0,27.8,11.5,49.8,1,0,47.9,1,1,13086,1,1647,1270,2885,5227,6969,5381,9209,13505,14344,13505,3832,8923,5944,10413,16098,6686,8263,8846,15590,17522,2866,7010,3321,1,150,3175,1,37:34
2024-25,202685,Jonas Valančiūnas,Jonas,1610612758,SAC,Sacramento Kings,0022400896,2025-03-05T00:00:00,SAC @ DEN,L,31.616666666666667,9.1,15.9,0.571,0.0,0.0,0.0,3.4,4.6,0.75,4.6,10.2,14.8,6.8,2.3,2.3,0.0,2.3,2.3,3.4,21.6,-3.4,54.2,1,0,47.8,1,13222,1,13222,6321,4515,7204,6538,15070,20945,15070,6865,6741,8186,2867,2394,1869,4247,9175,5121,8263,2480,13737,7905,6519,14765,2156,1,150,3212,1,31:37
2024-25,1630191,Isaiah Stewart,Isaiah,1610612765,DET,Detroit Pistons,0022400898,2025-03-05T00:00:00,DET @ LAC,L,22.398333333333333,6.4,9.6,0.667,0.0,1.6,0.0,3.2,3.2,1.0,0.0,9.6,9.6,4.8,1.6,1.6,1.6,1.6,1.6,4.8,16.1,11.3,42.9,0,0,37.0,1,13222,1,13222,14199,10361,17683,3281,15070,20156,15070,7292,9491,1,14058,2878,5879,7859,12304,7960,4534,4416,16847,4454,11850,7120,6168,2246,150,8743,1,22:24
2024-25,1631101,Shaedon Sharpe,Shaedon,1610612757,POR,Portland Trail Blazers,0022400891,2025-03-05T00:00:00,POR @ BOS,L,40.38333333333333,9.8,16.0,0.611,2.7,6.2,0.429,0.0,0.0,0.0,0.0,5.3,5.3,1.8,0.0,0.9,0.0,0.9,2.7,2.7,22.3,5.3,34.1,0,0,33.9,1,13222,1,13222,476,3467,7055,5351,7613,10106,7394,13505,14344,13505,14058,9905,13919,17140,16469,12700,8263,8695,12147,10397,6010,9917,11758,2246,150,10946,1,40:23
2024-25,1630163,LaMelo Ball,LaMelo,1610612766,CHA,Charlotte Hornets,0022400892,2025-03-05T00:00:00,CHA vs. MIN,L,36.35,10.9,27.7,0.393,4.0,11.9,0.333,2.0,2.0,1.0,2.0,7.9,9.9,5.9,4.0,0.0,0.0,1.0,5.9,3.0,27.7,-1.0,44.6,1,0,47.5,1,13222,1,13222,2443,2351,418,15980,4070,1848,9209,10713,12778,1,8475,4820,5544,5599,3948,12854,8263,8001,3024,9355,2887,13531,5380,1,150,3289,1,36:21
2024-25,1627739,Kris Dunn,Kris,1610612746,LAC,LA Clippers,0022400898,2025-03-05T00:00:00,LAC vs. DET,W,30.333333333333332,3.6,3.6,1.0,2.4,2.4,1.0,0.0,0.0,0.0,0.0,4.7,4.7,7.1,0.0,3.6,1.2,0.0,1.2,0.0,9.5,20.2,40.1,0,0,33.2,1,1,13086,1,7467,18173,24286,1,8577,18857,1,13505,14344,13505,14058,11577,15448,3860,16469,2154,6265,8846,18613,17725,18640,3901,7683,2246,150,11458,1,30:20
2024-25,1629130,Duncan Robinson,Duncan,1610612748,MIA,Miami Heat,0022400893,2025-03-05T00:00:00,MIA @ CLE,L,28.998333333333335,6.2,12.4,0.5,5.0,9.9,0.5,0.0,0.0,0.0,0.0,3.7,3.7,2.5,3.7,0.0,0.0,0.0,3.7,1.2,17.4,-16.1,21.8,0,0,28.6,1,13222,1,13222,8680,10954,12865,8526,2321,3577,3944,13505,14344,13505,14058,14550,18003,14601,4497,12854,8263,8846,7984,16173,10443,20300,20232,2246,150,15023,1,28:60
2024-25,1642271,Kyle Filipowski,Kyle,1610612762,UTA,Utah Jazz,0022400894,2025-03-05T00:00:00,UTA @ WAS,L,28.75,12.5,21.3,0.588,1.3,5.0,0.25,2.5,3.8,0.667,6.3,10.0,16.3,0.0,1.3,0.0,1.3,1.3,2.5,5.0,28.8,-3.8,50.8,1,0,48.8,1,13222,1,13222,8877,1232,2165,6229,13089,13197,11902,9039,8355,9425,1497,2573,1330,19908,14085,12854,5887,5920,12784,4104,2484,14926,3033,1,150,2880,1,28:45
2024-25,1631172,Ousmane Dieng,Ousmane,1610612760,OKC,Oklahoma City Thunder,0022400895,2025-03-05T00:00:00,OKC @ MEM,W,8.883333333333333,8.1,12.2,0.667,4.1,8.1,0.5,0.0,0.0,0.0,0.0,4.1,4.1,0.0,0.0,0.0,0.0,0.0,4.1,0.0,20.3,0.0,25.1,0,0,28.4,1,1,13086,1,22498,6397,13318,3281,3884,6273,3944,13505,14344,13505,14058,13565,17178,19908,16469,12854,8263,8846,6989,17725,7692,12240,18200,2246,150,15166,1,8:53
2024-25,203944,Julius Randle,Julius,1610612750,MIN,Minnesota Timberwolves,0022400892,2025-03-05T00:00:00,MIN @ CHA,W,35.56666666666667,8.1,18.2,0.444,2.0,7.1,0.286,7.1,8.1,0.875,4.0,6.1,10.1,9.1,2.0,0.0,0.0,1.0,3.0,5.1,25.3,14.2,49.1,1,0,46.6,1,1,13086,1,3020,6420,4441,13045,10044,8278,11433,1954,2448,6931,3531,8173,5303,1935,10405,12854,8263,7805,10555,3994,4055,5952,3590,1,150,3646,1,35:34
2024-25,1630162,Anthony Edwards,Anthony,1610612750,MIN,Minnesota Timberwolves,0022400892,2025-03-05T00:00:00,MIN @ CHA,W,38.21666666666667,8.5,18.8,0.45,5.7,12.2,0.462,4.7,7.5,0.625,0.0,2.8,2.8,5.7,0.0,1.9,0.9,0.0,1.9,3.8,27.3,11.3,47.7,0,0,47.1,1,1,13086,1,1260,5655,3892,12982,1609,1652,7119,4499,2864,10271,14058,17314,20179,6141,16469,6839,7883,8846,15771,6941,3061,7094,4081,2246,150,3440,1,38:13
2024-25,1629631,De'Andre Hunter,De'Andre,1610612739,CLE,Cleveland Cavaliers,0022400893,2025-03-05T00:00:00,CLE vs. MIA,W,24.133333333333333,9.0,17.9,0.5,0.0,6.0,0.0,6.0,6.0,1.0,3.0,4.5,7.5,3.0,0.0,0.0,1.5,1.5,4.5,6.0,23.9,26.9,41.8,0,0,37.3,1,1,13086,1,12774,4810,4806,8526,15070,10762,15070,2897,4515,1,5383,12323,9253,12988,16469,12854,4884,4805,5829,2667,4896,2455,6741,2246,150,8508,1,24:08
2024-25,1630171,Isaac Okoro,Isaac,1610612739,CLE,Cleveland Cavaliers,0022400893,2025-03-05T00:00:00,CLE vs. MIA,W,10.05,10.7,17.9,0.6,3.6,7.2,0.5,0.0,0.0,0.0,3.6,3.6,7.2,3.6,0.0,3.6,0.0,0.0,3.6,0.0,25.1,3.6,49.8,0,0,46.6,1,1,13086,1,22090,2455,4795,5394,4961,8117,3944,13505,14344,13505,4237,14981,9826,11134,16469,2116,8263,8846,8485,17725,4179,10863,3332,2246,150,3641,1,10:03
2024-25,1631165,Keon Ellis,Keon,1610612758,SAC,Sacramento Kings,0022400896,2025-03-05T00:00:00,SAC @ DEN,L,38.7,3.7,8.4,0.444,0.9,3.7,0.25,1.9,1.9,1.0,0.9,5.6,6.5,2.8,0.9,1.9,1.9,0.9,4.7,0.9,10.2,3.7,32.5,0,0,27.9,1,13222,1,13222,1010,17775,19683,13045,14868,16164,11902,11091,13092,1,13768,9339,11152,13615,16245,6971,3903,8494,5409,17603,17916,10794,12972,2246,150,15492,1,38:42
2024-25,1642259,Alex Sarr,Alex,1610612764,WAS,Washington Wizards,0022400894,2025-03-05T00:00:00,WAS vs. UTA,W,29.185,9.9,14.8,0.667,2.5,4.9,0.5,3.7,4.9,0.75,2.5,3.7,6.2,4.9,1.2,1.2,2.5,0.0,4.9,3.7,25.9,9.9,50.6,0,0,46.9,1,1,13086,1,8519,3378,8901,3281,8262,13357,3944,6290,6060,8186,6725,14630,11903,7612,14209,9919,2437,8846,4762,7130,3729,7752,3106,2246,150,3527,1,29:11
2024-25,1629636,Darius Garland,Darius,1610612739,CLE,Cleveland Cavaliers,0022400893,2025-03-05T00:00:00,CLE vs. MIA,W,31.866666666666667,5.6,13.6,0.417,3.4,10.2,0.333,2.3,2.3,1.0,1.1,2.3,3.4,11.3,2.3,1.1,0.0,0.0,1.1,2.3,16.9,2.3,39.1,1,0,37.3,1,1,13086,1,6086,12563,10906,14532,5408,3312,9209,9755,11905,1,12264,18892,18802,901,9265,10772,8263,8846,18931,11899,10908,11483,8347,1,150,8521,1,31:52
2024-25,1642262,Cody Williams,Cody,1610612762,UTA,Utah Jazz,0022400894,2025-03-05T00:00:00,UTA @ WAS,L,32.9,4.4,9.8,0.444,2.2,4.4,0.5,2.2,2.2,1.0,2.2,1.1,3.3,2.2,2.2,2.2,0.0,1.1,4.4,2.2,13.1,2.2,24.7,0,0,25.2,1,13222,1,13222,5243,16132,17328,13045,9274,14742,3944,9989,12119,1,7617,21764,19030,15667,9554,5444,8263,7094,6080,12205,14947,11514,18469,2246,150,17544,1,32:54
2024-25,1641709,Ausar Thompson,Ausar,1610612765,DET,Detroit Pistons,0022400898,2025-03-05T00:00:00,DET @ LAC,L,30.935,5.8,15.1,0.385,0.0,1.2,0.0,0.0,0.0,0.0,4.7,2.3,7.0,1.2,1.2,1.2,1.2,3.5,2.3,1.2,11.6,-11.6,27.6,0,0,24.4,1,13222,1,13222,6931,12066,8382,16070,15070,20668,15070,13505,14344,13505,2741,18687,10169,19141,14703,10477,6400,920,13535,16579,16540,18590,16514,2246,150,18047,1,30:56
2024-25,1641774,Tristan Vukcevic,Tristan,1610612764,WAS,Washington Wizards,0022400894,2025-03-05T00:00:00,WAS vs. UTA,W,17.845,4.0,20.2,0.2,4.0,16.1,0.25,4.0,4.0,1.0,6.1,8.1,14.1,2.0,2.0,2.0,4.0,0.0,2.0,2.0,16.1,-6.1,52.2,0,0,48.4,1,1,13086,1,17675,17008,2856,21401,3931,510,11902,5637,7773,1,1588,4609,2172,16310,10440,6171,901,8846,15049,12998,11779,16086,2656,2246,150,3013,1,17:51
2024-25,203992,Bogdan Bogdanović,Bogdan,1610612746,LAC,LA Clippers,0022400898,2025-03-05T00:00:00,LAC vs. DET,W,39.166666666666664,7.4,14.7,0.5,2.8,5.5,0.5,3.7,3.7,1.0,0.0,2.8,2.8,2.8,2.8,0.9,0.9,0.9,0.0,3.7,21.1,15.6,31.3,0,0,33.1,1,1,13086,1,826,8114,9043,8526,7360,11918,3944,6336,8532,1,14058,17540,20339,13725,7351,12569,8006,8562,20257,7192,6965,5377,13786,2246,150,11583,1,39:10
2024-25,1629675,Naz Reid,Naz,1610612750,MIN,Minnesota Timberwolves,0022400892,2025-03-05T00:00:00,MIN @ CHA,W,34.733333333333334,5.2,12.4,0.417,2.1,7.3,0.286,1.0,2.1,0.5,1.0,9.3,10.4,2.1,1.0,0.0,0.0,0.0,3.1,1.0,13.5,20.7,28.0,1,0,28.0,1,1,13086,1,3666,13865,12839,14532,9803,7924,11433,13123,12507,10625,12972,3179,5041,16103,15588,12854,8263,8846,10239,17241,14541,3751,16237,1,150,15432,1,34:44
2024-25,1631119,Jaylin Williams,Jaylin,1610612760,OKC,Oklahoma City Thunder,0022400895,2025-03-05T00:00:00,OKC @ MEM,W,19.253333333333334,7.5,7.5,1.0,7.5,7.5,1.0,1.9,3.7,0.5,0.0,7.5,7.5,0.0,0.0,0.0,3.7,0.0,1.9,1.9,24.3,0.0,44.5,0,0,46.7,1,1,13086,1,16624,7811,20959,1,599,7450,1,11052,8395,10625,14058,5534,9209,19908,16469,12854,1064,8846,15838,13644,4609,12240,5425,2246,150,3572,1,19:15
2024-25,1630231,KJ Martin,KJ,1610612762,UTA,Utah Jazz,0022400894,2025-03-05T00:00:00,UTA @ WAS,L,27.613333333333333,2.6,7.8,0.333,1.3,2.6,0.5,0.0,0.0,0.0,1.3,5.2,6.5,1.3,0.0,0.0,0.0,1.3,0.0,0.0,6.5,-7.8,16.3,0,0,15.6,1,13222,1,13222,9864,20269,20512,17395,12845,18444,3944,13505,14344,13505,11181,10250,11137,18645,16469,12854,8263,5634,20257,17725,21038,16887,22743,2246,150,22838,1,27:37
2024-25,1629634,Brandon Clarke,Brandon,1610612763,MEM,Memphis Grizzlies,0022400895,2025-03-05T00:00:00,MEM vs. OKC,L,26.666666666666668,6.8,9.5,0.714,0.0,0.0,0.0,4.1,4.1,1.0,4.1,10.8,14.9,2.7,1.3,1.3,0.0,0.0,2.7,2.7,17.6,-12.1,42.1,1,0,37.8,1,13222,1,13222,10590,9563,18041,2752,15070,20945,15070,5606,7739,1,3527,2018,1845,13907,13566,9190,8263,8846,12044,10316,10271,18795,6557,1,150,8168,1,26:40
2024-25,1627759,Jaylen Brown,Jaylen,1610612738,BOS,Boston Celtics,0022400891,2025-03-05T00:00:00,BOS vs. POR,W,39.96,6.3,20.7,0.304,0.0,3.6,0.0,3.6,5.4,0.667,2.7,4.5,7.2,7.2,2.7,0.9,0.0,0.9,1.8,5.4,16.2,13.5,35.7,0,0,32.4,1,1,13086,1,570,10692,2507,19355,15070,16430,15070,6481,5308,9425,6099,12254,9723,3750,7529,12665,8263,8658,16180,3470,11712,6200,10595,2246,150,12035,1,39:58
2024-25,203552,Seth Curry,Seth,1610612766,CHA,Charlotte Hornets,0022400892,2025-03-05T00:00:00,CHA vs. MIN,L,25.833333333333332,7.0,15.3,0.455,5.6,12.5,0.444,0.0,0.0,0.0,4.2,5.6,9.8,2.8,0.0,0.0,0.0,1.4,1.4,0.0,19.5,-2.8,35.4,0,0,37.6,1,13222,1,13222,11308,8999,8060,12676,1680,1504,7211,13505,14344,13505,3327,9352,5731,13625,16469,12854,8263,5200,17648,17725,8363,14447,10809,2246,150,8271,1,25:50
2024-25,203114,Khris Middleton,Khris,1610612764,WAS,Washington Wizards,0022400894,2025-03-05T00:00:00,WAS vs. UTA,W,25.633333333333333,7.0,16.9,0.417,1.4,4.2,0.333,4.2,4.2,1.0,1.4,7.0,8.4,8.4,1.4,2.8,1.4,1.4,2.8,4.2,19.7,8.4,53.6,0,0,46.3,1,1,13086,1,11458,8876,5978,14532,12434,15083,9209,5328,7393,1,10730,6323,7585,2485,13255,3663,5216,5163,11605,5804,8193,8426,2286,2246,150,3708,1,25:38
2024-25,201566,Russell Westbrook,Russell,1610612743,DEN,Denver Nuggets,0022400896,2025-03-05T00:00:00,DEN vs. SAC,W,35.4,10.2,20.3,0.5,4.1,7.1,0.571,1.0,1.0,1.0,1.0,4.1,5.1,3.1,4.1,2.0,2.0,2.0,2.0,1.0,25.4,6.1,44.2,0,0,45.8,1,1,13086,1,3147,3046,2733,8526,3854,8221,3506,13186,14189,1,13119,13515,14563,12759,3745,6089,3386,3114,14948,17324,3980,9568,5552,2246,150,3904,1,35:24
2024-25,1631200,Kris Murray,Kris,1610612757,POR,Portland Trail Blazers,0022400891,2025-03-05T00:00:00,POR @ BOS,L,14.69,2.5,9.8,0.25,0.0,2.5,0.0,0.0,0.0,0.0,7.4,2.5,9.8,2.5,2.5,0.0,0.0,0.0,0.0,0.0,4.9,-41.7,17.9,0,0,17.2,1,13222,1,13222,19777,20553,17395,20233,15070,18713,15070,13505,14344,13505,1008,18325,5677,14707,8450,12854,8263,8846,20257,17725,22065,24954,22144,2246,150,22235,1,14:41
2024-25,1630573,Sam Hauser,Sam,1610612738,BOS,Boston Celtics,0022400891,2025-03-05T00:00:00,BOS vs. POR,W,31.883333333333333,2.3,10.2,0.222,1.1,9.0,0.125,0.0,0.0,0.0,1.1,5.6,6.8,0.0,0.0,1.1,0.0,0.0,2.3,0.0,5.6,9.0,17.2,0,0,15.8,1,1,13086,1,6069,20934,16800,21205,13774,4770,14886,13505,14344,13505,12268,9179,10586,19908,16469,10777,8263,8846,13833,17725,21633,8165,22426,2246,150,22786,1,31:53
2024-25,1631260,AJ Green,AJ,1610612749,MIL,Milwaukee Bucks,0022400897,2025-03-05T00:00:00,MIL vs. DAL,W,30.883333333333333,7.0,10.5,0.667,7.0,10.5,0.667,0.0,0.0,0.0,0.0,2.3,2.3,2.3,0.0,0.0,0.0,0.0,2.3,1.2,21.0,25.6,27.3,0,0,32.6,1,1,13086,1,6971,8949,16233,3281,766,2983,1957,13505,14344,13505,14058,18677,21135,15116,16469,12854,8263,8846,13521,16571,7094,2683,16762,2246,150,11913,1,30:53
2024-25,1628978,Donte DiVincenzo,Donte,1610612750,MIN,Minnesota Timberwolves,0022400892,2025-03-05T00:00:00,MIN @ CHA,W,31.583333333333332,5.7,8.0,0.714,4.6,5.7,0.8,2.3,2.3,1.0,0.0,5.7,5.7,1.1,1.1,1.1,0.0,0.0,2.3,2.3,18.2,19.4,29.1,0,0,31.9,1,1,13086,1,6350,12420,20292,2752,2957,11446,1389,9689,11842,1,14058,9042,13019,19225,14866,10678,8263,8846,13724,11820,9587,4147,15442,2246,150,12445,1,31:35
2024-25,1626179,Terry Rozier,Terry,1610612748,MIA,Miami Heat,0022400893,2025-03-05T00:00:00,MIA @ CLE,L,40.28333333333333,2.7,12.5,0.214,0.9,7.1,0.125,4.5,4.5,1.0,0.0,0.9,0.9,1.8,3.6,0.9,0.0,0.0,0.9,3.6,10.7,-2.7,13.6,0,0,16.1,1,13222,1,13222,498,20131,12709,21369,14977,8150,14886,4882,6901,1,14058,22105,23269,17127,4830,12692,8263,8846,20162,7470,17450,14392,23612,2246,150,22673,1,40:17
2024-25,1631099,Keegan Murray,Keegan,1610612758,SAC,Sacramento Kings,0022400896,2025-03-05T00:00:00,SAC @ DEN,L,29.111666666666668,3.7,8.7,0.429,0.0,2.5,0.0,0.0,0.0,0.0,2.5,1.2,3.7,0.0,1.2,0.0,2.5,1.2,6.2,0.0,7.4,-4.9,18.1,0,0,16.1,1,13222,1,13222,8589,17807,19266,13735,15070,18676,15070,13505,14344,13505,6699,21427,18045,19908,14189,12854,2428,6013,2726,17725,20389,15559,22068,2246,150,22676,1,29:07
2024-25,1628392,Isaiah Hartenstein,Isaiah,1610612760,OKC,Oklahoma City Thunder,0022400895,2025-03-05T00:00:00,OKC @ MEM,W,28.145,6.4,11.5,0.556,0.0,0.0,0.0,0.0,0.0,0.0,2.6,16.6,19.2,2.6,0.0,3.8,1.3,1.3,3.8,1.3,12.8,21.7,55.0,1,0,44.8,1,1,13086,1,9428,10461,14453,7248,15070,20945,15070,13505,14344,13505,6455,364,650,14342,16469,1807,5741,5761,7635,15993,15304,3522,1983,1,150,4358,1,28:09
2024-25,1641757,Jordan Miller,Jordan,1610612746,LAC,LA Clippers,0022400898,2025-03-05T00:00:00,LAC vs. DET,W,16.716666666666665,2.2,4.3,0.5,0.0,0.0,0.0,0.0,0.0,0.0,2.2,2.2,4.3,0.0,2.2,4.3,0.0,0.0,2.2,2.2,4.3,-23.7,20.2,0,0,17.2,1,1,13086,1,18448,21131,23916,8526,15070,20945,15070,13505,14344,13505,7738,19191,16514,19908,9708,1365,8263,8846,14333,12376,22400,22496,21045,2246,150,22202,1,16:43
2024-25,1629610,DaQuan Jeffries,DaQuan,1610612766,CHA,Charlotte Hornets,0022400892,2025-03-05T00:00:00,CHA vs. MIN,L,27.383333333333333,3.9,6.6,0.6,0.0,1.3,0.0,0.0,0.0,0.0,2.6,0.0,2.6,2.6,1.3,1.3,0.0,0.0,2.6,1.3,7.9,-28.9,17.6,0,0,15.8,1,13222,1,13222,10029,17217,22039,5394,15070,20483,15070,13505,14344,13505,6274,22137,20585,14118,13740,9384,8263,8846,12327,15839,20006,23576,22254,2246,150,22794,1,27:23
2024-25,1627750,Jamal Murray,Jamal,1610612743,DEN,Denver Nuggets,0022400896,2025-03-05T00:00:00,DEN vs. SAC,W,38.3,3.8,9.4,0.4,1.9,5.6,0.333,13.2,14.1,0.933,0.0,3.8,3.8,7.5,0.0,0.0,0.9,0.0,2.8,6.6,22.6,19.7,41.2,0,0,37.6,1,1,13086,1,1212,17676,18118,14933,10716,11600,9209,255,440,6716,14058,14447,17919,3371,16469,12854,7893,8846,11547,2007,5817,4029,7068,2246,150,8296,1,38:18
2024-25,1630198,Isaiah Joe,Isaiah,1610612760,OKC,Oklahoma City Thunder,0022400895,2025-03-05T00:00:00,OKC @ MEM,W,15.566666666666666,6.9,16.2,0.429,4.6,13.9,0.333,0.0,0.0,0.0,2.3,4.6,6.9,2.3,2.3,0.0,0.0,0.0,4.6,0.0,18.5,9.3,28.0,0,0,32.4,1,1,13086,1,19210,9074,6845,13735,2846,965,9209,13505,14344,13505,7210,11918,10261,15184,9016,12854,8263,8846,5475,17725,9321,8066,16240,2246,150,12085,1,15:34
2024-25,1630314,Brandon Williams,Brandon,1610612742,DAL,Dallas Mavericks,0022400897,2025-03-05T00:00:00,DAL @ MIL,L,34.166666666666664,7.4,15.8,0.467,0.0,4.2,0.0,0.0,0.0,0.0,0.0,5.3,5.3,8.4,3.2,2.1,0.0,1.1,2.1,1.1,14.8,-16.9,36.9,0,0,32.7,1,13222,1,13222,4116,8066,7406,12249,15070,15080,15070,13505,14344,13505,14058,10104,14119,2483,5945,5751,8263,7461,14578,17155,13153,20566,9782,2246,150,11900,1,34:10
2024-25,1628378,Donovan Mitchell,Donovan,1610612739,CLE,Cleveland Cavaliers,0022400893,2025-03-05T00:00:00,CLE vs. MIA,W,35.666666666666664,8.1,17.2,0.471,4.0,11.1,0.364,6.1,7.1,0.857,1.0,6.1,7.1,5.0,5.0,2.0,0.0,0.0,2.0,4.0,26.2,-3.0,43.3,0,0,46.4,1,1,13086,1,2928,6474,5620,12143,3920,2411,9100,2811,3304,7071,13184,8216,10022,7361,2283,6163,8263,8846,15035,6215,3563,14583,5983,2246,150,3684,1,35:40
2024-25,1628379,Luke Kennard,Luke,1610612763,MEM,Memphis Grizzlies,0022400895,2025-03-05T00:00:00,MEM vs. OKC,L,17.533333333333335,2.1,8.2,0.25,0.0,4.1,0.0,0.0,0.0,0.0,0.0,4.1,4.1,8.2,2.1,0.0,0.0,0.0,0.0,2.1,4.1,-63.7,19.3,0,0,16.4,1,13222,1,13222,17895,21312,19923,20233,15070,15327,15070,13505,14344,13505,14058,13403,17054,2683,10244,12854,8263,8846,20257,12837,22506,25757,21501,2246,150,22540,1,17:32
2024-25,1629660,Ty Jerome,Ty,1610612739,CLE,Cleveland Cavaliers,0022400893,2025-03-05T00:00:00,CLE vs. MIA,W,24.366666666666667,5.9,17.7,0.333,3.0,7.4,0.4,3.0,3.0,1.0,1.5,5.9,7.4,1.5,1.5,1.5,0.0,0.0,0.0,3.0,17.7,1.5,31.8,0,0,32.5,1,1,13086,1,12590,11776,4979,17395,6662,7649,7874,7937,10083,1,10404,8522,9395,18062,12864,8505,8263,8846,20257,9404,10105,11877,13497,2246,150,11989,1,24:22
2024-25,202691,Klay Thompson,Klay,1610612742,DAL,Dallas Mavericks,0022400897,2025-03-05T00:00:00,DAL @ MIL,L,34.06666666666667,11.6,28.5,0.407,6.3,14.8,0.429,0.0,0.0,0.0,1.1,3.2,4.2,4.2,0.0,1.1,0.0,0.0,0.0,0.0,29.6,-31.7,44.2,0,0,46.5,1,13222,1,13222,4190,1790,360,14925,1094,748,7394,13505,14344,13505,12818,16189,16736,9320,16469,11427,8263,8846,20257,17725,2245,23992,5592,2246,150,3660,1,34:04
2024-25,1627826,Ivica Zubac,Ivica,1610612746,LAC,LA Clippers,0022400898,2025-03-05T00:00:00,LAC vs. DET,W,34.498333333333335,11.5,20.9,0.55,0.0,0.0,0.0,0.0,0.0,0.0,3.1,8.3,11.5,3.1,0.0,0.0,0.0,0.0,4.2,3.1,23.0,18.8,41.4,1,0,37.6,1,1,13086,1,3861,1882,2417,7655,15070,20945,15070,13505,14344,13505,5075,4220,3978,12532,16469,12854,8263,8846,6626,8780,5518,4320,6917,1,150,8312,1,34:30
2024-25,1641713,GG Jackson,GG,1610612763,MEM,Memphis Grizzlies,0022400895,2025-03-05T00:00:00,MEM vs. OKC,L,19.816666666666666,3.6,12.7,0.286,3.6,5.4,0.667,0.0,0.0,0.0,1.8,3.6,5.4,3.6,0.0,0.0,0.0,0.0,5.4,0.0,10.9,7.3,22.9,0,0,23.6,1,13222,1,13222,16160,18002,12356,19630,4841,12080,1957,13505,14344,13505,9180,14839,13674,10984,16469,12854,8263,8846,3777,17725,17265,9009,19628,2246,150,18600,1,19:49
2024-25,1629234,Drew Eubanks,Drew,1610612746,LAC,LA Clippers,0022400898,2025-03-05T00:00:00,LAC vs. DET,W,12.733333333333333,2.8,8.5,0.333,0.0,0.0,0.0,0.0,0.0,0.0,0.0,0.0,0.0,0.0,0.0,0.0,0.0,2.8,8.5,0.0,5.7,-28.3,5.7,0,0,5.7,1,1,13086,1,20878,19820,19518,17395,15070,20945,15070,13505,14344,13505,14058,22137,23286,19908,16469,12854,8263,1559,1143,17725,21623,23483,24952,2246,150,25039,1,12:44
2024-25,1641871,Duop Reath,Duop,1610612757,POR,Portland Trail Blazers,0022400891,2025-03-05T00:00:00,POR @ BOS,L,8.666666666666666,0.0,8.3,0.0,0.0,8.3,0.0,0.0,0.0,0.0,0.0,8.3,8.3,0.0,4.2,0.0,0.0,0.0,0.0,0.0,0.0,-12.5,5.8,0,0,8.3,1,13222,1,13222,22574,22635,19782,22635,15070,5899,15070,13505,14344,13505,14058,4269,7753,19908,3573,12854,8263,8846,20257,17725,23200,18926,24935,2246,150,24717,1,8:40
2024-25,1641765,Olivier-Maxence Prosper,Olivier-Maxence,1610612742,DAL,Dallas Mavericks,0022400897,2025-03-05T00:00:00,DAL @ MIL,L,24.783333333333335,4.4,10.2,0.429,1.5,1.5,1.0,2.9,5.8,0.5,0.0,2.9,2.9,2.9,0.0,1.5,0.0,0.0,0.0,2.9,13.1,-20.3,25.3,0,0,23.2,1,13222,1,13222,12187,16179,16788,13735,12241,20322,1,8081,4741,10625,14058,17068,19985,13259,16469,8622,8263,8846,20257,9581,15017,21643,18089,2246,150,18844,1,24:47
2024-25,202692,Alec Burks,Alec,1610612748,MIA,Miami Heat,0022400893,2025-03-05T00:00:00,MIA @ CLE,L,25.165,2.9,11.4,0.25,1.4,7.2,0.2,0.0,1.4,0.0,0.0,7.2,7.2,2.9,0.0,0.0,0.0,0.0,0.0,1.4,7.2,12.9,20.0,0,0,18.6,1,13222,1,13222,11869,19747,14583,20233,12333,8135,13429,13505,13560,13505,14058,6086,9843,13409,16469,12854,8263,8846,20257,15319,20596,6446,21150,2246,150,21588,1,25:10
2024-25,1627746,Skal Labissiere,Skal,1610612758,SAC,Sacramento Kings,0022400896,2025-03-05T00:00:00,SAC @ DEN,L,0.01,0.0,0.0,0.0,0.0,0.0,0.0,0.0,0.0,0.0,0.0,0.0,0.0,0.0,0.0,0.0,0.0,0.0,0.0,0.0,0.0,0.0,0.0,0,0,0.0,1,13222,1,13222,26301,22635,24836,22635,15070,20945,15070,13505,14344,13505,14058,22137,23286,19908,16469,12854,8263,8846,20257,17725,23200,12240,25228,2246,150,25259,1,0:01
2024-25,1630557,Corey Kispert,Corey,1610612764,WAS,Washington Wizards,0022400894,2025-03-05T00:00:00,WAS vs. UTA,W,23.045,1.6,9.4,0.167,1.6,6.2,0.25,4.7,7.8,0.6,1.6,3.1,4.7,4.7,0.0,0.0,1.6,0.0,1.6,3.1,9.4,-1.6,26.7,0,0,23.4,1,1,13086,1,13695,22091,18161,21938,11817,10082,11902,4534,2658,10343,10068,16343,15600,8212,16469,12854,4664,8846,16988,8796,18753,13822,17150,2246,150,18716,1,23:03
2024-25,1630241,Sam Merrill,Sam,1610612739,CLE,Cleveland Cavaliers,0022400893,2025-03-05T00:00:00,CLE vs. MIA,W,15.916666666666666,2.3,6.8,0.333,2.3,4.5,0.5,0.0,0.0,0.0,0.0,4.5,4.5,0.0,0.0,2.3,0.0,0.0,4.5,0.0,6.8,6.8,19.0,0,0,18.1,1,1,13086,1,18986,20925,21796,17395,9004,14373,3944,13505,14344,13505,14058,12196,15987,19908,16469,5176,8263,8846,5721,17725,20870,9245,21640,2246,150,21819,1,15:55
2024-25,1628386,Jarrett Allen,Jarrett,1610612739,CLE,Cleveland Cavaliers,0022400893,2025-03-05T00:00:00,CLE vs. MIA,W,25.45,2.8,8.5,0.333,0.0,0.0,0.0,0.0,0.0,0.0,0.0,11.3,11.3,1.4,1.4,0.0,2.8,1.4,2.8,0.0,5.7,-17.0,28.4,0,0,24.0,1,1,13086,1,11624,19815,19508,17395,15070,20945,15070,13505,14344,13505,14058,1736,4114,18291,13199,12854,1910,5123,11513,17725,21621,20609,15917,2246,150,18290,1,25:27
2024-25,1626168,Trey Lyles,Trey,1610612758,SAC,Sacramento Kings,0022400896,2025-03-05T00:00:00,SAC @ DEN,L,18.533333333333335,3.9,11.7,0.333,0.0,3.9,0.0,0.0,0.0,0.0,1.9,7.8,9.7,1.9,1.9,1.9,0.0,0.0,3.9,0.0,7.8,-5.8,26.2,0,0,23.3,1,13222,1,13222,17163,17363,14207,17395,15070,15831,15070,13505,14344,13505,8654,5049,5782,16592,10837,6550,8263,8846,7493,17725,20104,15986,17466,2246,150,18794,1,18:32
2024-25,1641739,Toumani Camara,Toumani,1610612757,POR,Portland Trail Blazers,0022400891,2025-03-05T00:00:00,POR @ BOS,L,31.05,3.5,12.8,0.273,2.3,9.3,0.25,4.6,5.8,0.8,1.2,3.5,4.6,2.3,0.0,0.0,0.0,1.2,3.5,4.6,13.9,9.3,23.0,0,0,23.2,1,13222,1,13222,6839,18368,12292,20048,8779,4413,11902,4610,4753,7681,12048,15295,15732,15158,16469,12854,8263,6554,8805,4857,14033,8057,19588,2246,150,18867,1,31:03
2024-25,1641890,Tyler Smith,Tyler,1610612749,MIL,Milwaukee Bucks,0022400897,2025-03-05T00:00:00,MIL vs. DAL,W,4.566666666666666,0.0,7.9,0.0,0.0,0.0,0.0,0.0,0.0,0.0,0.0,7.9,7.9,0.0,0.0,0.0,0.0,7.9,0.0,0.0,0.0,-7.9,9.5,0,0,7.9,1,1,13086,1,24188,22635,20429,22635,15070,20945,15070,13505,14344,13505,14058,4883,8489,19908,16469,12854,8263,112,20257,17725,23200,16917,24503,2246,150,24777,1,4:34
2024-25,1641738,Kobe Brown,Kobe,1610612746,LAC,LA Clippers,0022400898,2025-03-05T00:00:00,LAC vs. DET,W,16.716666666666665,4.3,8.6,0.5,0.0,2.2,0.0,0.0,0.0,0.0,4.3,4.3,8.6,2.2,0.0,0.0,2.2,0.0,0.0,0.0,8.6,-23.7,28.6,0,0,23.7,1,1,13086,1,18448,16305,19336,8526,15070,19257,15070,13505,14344,13505,3153,12778,7289,15802,16469,12854,3058,8846,20257,17725,19420,22496,15771,2246,150,18548,1,16:43
2024-25,1631109,Mark Williams,Mark,1610612766,CHA,Charlotte Hornets,0022400892,2025-03-05T00:00:00,CHA vs. MIN,L,24.25,7.4,10.4,0.714,0.0,0.0,0.0,3.0,5.9,0.5,3.0,8.9,11.9,3.0,3.0,0.0,1.5,0.0,3.0,5.9,17.8,8.9,38.0,0,0,35.6,1,13222,1,13222,12688,7948,16399,2752,15070,20945,15070,7900,4563,10625,5421,3599,3598,13027,6593,12854,4907,8846,10856,2702,10013,8220,9025,2246,150,9643,1,24:15
2024-25,1642270,Donovan Clingan,Donovan,1610612757,POR,Portland Trail Blazers,0022400891,2025-03-05T00:00:00,POR @ BOS,L,19.965,1.8,5.4,0.333,0.0,0.0,0.0,0.0,0.0,0.0,1.8,10.8,12.6,1.8,1.8,0.0,1.8,0.0,1.8,0.0,3.6,-28.9,25.1,0,0,21.6,1,13222,1,13222,16054,21751,23170,17395,15070,20945,15070,13505,14344,13505,9225,2004,3050,17072,11537,12854,4052,8846,16171,17725,22738,23564,18240,2246,150,19873,1,19:58
2024-25,1642267,Bub Carrington,Bub,1610612764,WAS,Washington Wizards,0022400894,2025-03-05T00:00:00,WAS vs. UTA,W,34.36666666666667,4.2,10.5,0.4,0.0,3.1,0.0,4.2,5.2,0.8,0.0,5.2,5.2,9.4,1.0,2.1,2.1,0.0,4.2,3.1,12.6,4.2,44.5,0,0,35.6,1,1,13086,1,3950,16619,16269,14933,15070,17380,15070,5358,5545,7681,14058,10194,14197,1741,15508,5810,3222,8846,6583,8752,15522,10549,5411,2246,150,9649,1,34:22
2024-25,1631114,Jalen Williams,Jalen,1610612760,OKC,Oklahoma City Thunder,0022400895,2025-03-05T00:00:00,OKC @ MEM,W,35.485,7.1,17.2,0.412,1.0,6.1,0.167,5.1,5.1,1.0,0.0,5.1,5.1,9.1,4.1,2.0,1.0,0.0,3.0,3.0,20.3,21.3,45.1,0,0,41.6,1,1,13086,1,3086,8700,5519,14791,14462,10475,14236,3929,5794,1,14058,10658,14596,1912,3765,6117,7388,8846,10524,9090,7668,3620,5106,2246,150,5859,1,35:29
2024-25,1629630,Ja Morant,Ja,1610612763,MEM,Memphis Grizzlies,0022400895,2025-03-05T00:00:00,MEM vs. OKC,L,31.71,9.1,25.0,0.364,2.3,10.2,0.222,6.8,6.8,1.0,0.0,3.4,3.4,6.8,5.7,1.1,0.0,2.3,5.7,6.8,27.2,-23.8,39.3,0,0,42.0,1,13222,1,13222,6232,4558,832,16861,8974,3252,13288,2150,3558,1,14058,15505,18773,4277,1662,10721,8263,2503,3433,1814,3090,22532,8208,2246,150,5641,1,31:43
2024-25,1630556,Kessler Edwards,Kessler,1610612742,DAL,Dallas Mavericks,0022400897,2025-03-05T00:00:00,DAL @ MIL,L,25.516666666666666,4.2,5.6,0.75,1.4,2.8,0.5,0.0,0.0,0.0,0.0,2.8,2.8,4.2,1.4,2.8,1.4,0.0,4.2,0.0,9.9,-31.0,30.9,0,0,26.8,1,13222,1,13222,11578,16502,22949,2107,12399,18013,3944,13505,14344,13505,14058,17327,20191,9300,13217,3631,5181,8846,6463,17725,18277,23890,14130,2246,150,16318,1,25:31
2024-25,203994,Jusuf Nurkić,Jusuf,1610612766,CHA,Charlotte Hornets,0022400892,2025-03-05T00:00:00,CHA vs. MIN,L,11.903333333333334,0.0,12.1,0.0,0.0,3.0,0.0,6.0,6.0,1.0,9.1,6.0,15.1,0.0,3.0,3.0,0.0,0.0,0.0,3.0,6.0,-48.4,30.2,0,0,27.2,1,13222,1,13222,21331,22635,13426,22635,15070,17600,15070,2821,4407,1,538,8231,1715,19908,6376,3099,8263,8846,20257,9150,21361,25333,14628,2246,150,16005,1,11:54
2024-25,203926,Doug McDermott,Doug,1610612758,SAC,Sacramento Kings,0022400896,2025-03-05T00:00:00,SAC @ DEN,L,5.0,0.0,0.0,0.0,0.0,0.0,0.0,0.0,0.0,0.0,0.0,7.2,7.2,0.0,0.0,0.0,7.2,0.0,0.0,0.0,0.0,-28.8,30.2,0,0,21.6,1,13222,1,13222,23993,22635,24836,22635,15070,20945,15070,13505,14344,13505,14058,5993,9739,19908,16469,12854,190,8846,20257,17725,23200,23551,14632,2246,150,19892,1,5:00
2024-25,1630551,Justin Champagnie,Justin,1610612764,WAS,Washington Wizards,0022400894,2025-03-05T00:00:00,WAS vs. UTA,W,22.491666666666667,8.0,14.4,0.556,6.4,11.2,0.571,4.8,4.8,1.0,0.0,4.8,4.8,3.2,1.6,0.0,0.0,0.0,1.6,1.6,27.2,-1.6,36.2,0,0,41.6,1,1,13086,1,14119,6630,9516,7248,1061,2324,3506,4344,6301,1,14058,11431,15300,12308,12333,12854,8263,8846,16874,14632,3105,13839,10254,2246,150,5842,1,22:30
2024-25,201942,DeMar DeRozan,DeMar,1610612758,SAC,Sacramento Kings,0022400896,2025-03-05T00:00:00,SAC @ DEN,L,42.49,11.9,27.1,0.438,3.4,5.1,0.667,2.5,3.4,0.75,3.4,1.7,5.1,4.2,2.5,0.0,0.0,0.8,0.8,4.2,29.7,-6.8,39.6,0,0,42.4,1,13222,1,13222,204,1612,490,13558,5410,12996,1957,8932,9120,8186,4562,20471,14566,9287,8073,12854,8263,8776,20215,5749,2211,16409,8031,2246,150,5469,1,42:29
2024-25,1629312,Haywood Highsmith,Haywood,1610612748,MIA,Miami Heat,0022400893,2025-03-05T00:00:00,MIA @ CLE,L,27.401666666666667,6.6,11.8,0.556,1.3,3.9,0.333,2.6,2.6,1.0,0.0,3.9,3.9,2.6,0.0,2.6,0.0,0.0,6.6,1.3,17.1,-17.1,33.6,0,0,30.2,1,13222,1,13222,10015,10015,13903,7248,12810,15692,9209,8743,10914,1,14058,13911,17469,14131,16469,4075,8263,8846,2348,15849,10770,20658,12086,2246,150,13786,1,27:24
2024-25,1631131,Oscar Tshiebwe,Oscar,1610612762,UTA,Utah Jazz,0022400894,2025-03-05T00:00:00,UTA @ WAS,L,19.25,5.6,11.2,0.5,0.0,0.0,0.0,0.0,0.0,0.0,7.5,16.8,24.3,0.0,0.0,0.0,0.0,1.9,0.0,0.0,11.2,0.0,40.4,0,0,35.5,1,13222,1,13222,16627,12673,14989,8526,15070,20945,15070,13505,14344,13505,963,341,212,19908,16469,12854,8263,3666,20257,17725,16979,12240,7519,2246,150,9714,1,19:15
2024-25,1630192,Zeke Nnaji,Zeke,1610612743,DEN,Denver Nuggets,0022400896,2025-03-05T00:00:00,DEN vs. SAC,W,18.93,7.6,13.3,0.571,1.9,5.7,0.333,1.9,3.8,0.5,1.9,3.8,5.7,0.0,0.0,1.9,5.7,0.0,1.9,1.9,19.0,17.1,48.7,0,0,41.8,1,1,13086,1,16889,7492,11284,6538,10629,11435,9209,10940,8242,10625,8807,14309,13006,19908,16469,6756,363,8846,15662,13503,8843,4861,3750,2246,150,5735,1,18:56
2024-25,1630558,Davion Mitchell,Davion,1610612748,MIA,Miami Heat,0022400893,2025-03-05T00:00:00,MIA @ CLE,L,26.285,4.1,6.8,0.6,1.4,1.4,1.0,2.7,2.7,1.0,0.0,1.4,1.4,9.6,2.7,1.4,0.0,0.0,4.1,1.4,12.3,6.8,29.7,0,0,27.4,1,13222,1,13222,10914,16829,21733,5394,12567,20409,1,8488,10646,1,14058,21152,22739,1653,7415,9083,8263,8846,6814,15581,15796,9208,15012,2246,150,15870,1,26:17
2024-25,201143,Al Horford,Al,1610612738,BOS,Boston Celtics,0022400891,2025-03-05T00:00:00,BOS vs. POR,W,31.36,4.6,10.3,0.444,2.3,8.0,0.286,2.3,2.3,1.0,1.1,9.2,10.3,4.6,2.3,0.0,2.3,0.0,3.4,1.1,13.8,13.8,37.7,0,0,35.6,1,1,13086,1,6545,15522,16505,13045,8869,6392,11433,9643,11799,1,12128,3326,5087,8433,9093,12854,2757,8846,8921,16661,14197,6090,9248,2246,150,9673,1,31:22
2024-25,1641744,Zach Edey,Zach,1610612763,MEM,Memphis Grizzlies,0022400895,2025-03-05T00:00:00,MEM vs. OKC,L,19.833333333333332,5.4,14.5,0.375,0.0,0.0,0.0,0.0,0.0,0.0,7.3,9.1,16.3,0.0,1.8,1.8,0.0,0.0,1.8,1.8,10.9,-18.2,34.1,0,0,30.9,1,13222,1,13222,16152,13145,9323,16299,15070,20945,15070,13505,14344,13505,1036,3430,1316,19908,11479,7179,8263,8846,16107,13873,17272,20976,11710,2246,150,13283,1,19:50
2024-25,1630703,Scoot Henderson,Scoot,1610612757,POR,Portland Trail Blazers,0022400891,2025-03-05T00:00:00,POR @ BOS,L,26.293333333333333,5.5,15.1,0.364,1.4,4.1,0.333,5.5,6.8,0.8,0.0,2.7,2.7,5.5,4.1,1.4,0.0,1.4,8.2,4.1,17.8,-1.4,29.3,0,0,30.1,1,13222,1,13222,10911,13044,8502,16861,12568,15325,9209,3436,3525,7681,14058,17586,20378,6476,3662,9084,8263,5315,1262,6037,10028,13741,15281,2246,150,13852,1,26:18
2024-25,1630695,Micah Potter,Micah,1610612762,UTA,Utah Jazz,0022400894,2025-03-05T00:00:00,UTA @ WAS,L,21.433333333333334,3.4,6.7,0.5,0.0,3.4,0.0,0.0,0.0,0.0,3.4,6.7,10.1,1.7,1.7,1.7,0.0,0.0,0.0,0.0,6.7,6.7,24.7,0,0,21.8,1,13222,1,13222,14969,18624,21874,8526,15070,16955,15070,13505,14344,13505,4621,6860,5346,17424,12009,7685,8263,8846,20257,17725,20909,9282,18498,2246,150,19766,1,21:26
2024-25,1630579,Jericho Sims,Jericho,1610612749,MIL,Milwaukee Bucks,0022400897,2025-03-05T00:00:00,MIL vs. DAL,W,20.45,8.8,8.8,1.0,0.0,0.0,0.0,0.0,0.0,0.0,3.5,10.6,14.1,0.0,1.8,0.0,1.8,0.0,1.8,0.0,17.6,5.3,38.0,0,0,35.2,1,1,13086,1,15675,5074,19017,1,15070,20945,15070,13505,14344,13505,4347,2184,2196,19908,11700,12854,4142,8846,16342,17725,10220,9966,9011,2246,150,9944,1,20:27
2024-25,1641878,Damion Baugh,Damion,1610612766,CHA,Charlotte Hornets,0022400892,2025-03-05T00:00:00,CHA vs. MIN,L,14.833333333333334,4.9,12.1,0.4,0.0,4.9,0.0,0.0,0.0,0.0,2.4,0.0,2.4,4.9,0.0,2.4,0.0,0.0,2.4,0.0,9.7,-43.7,27.2,0,0,21.8,1,13222,1,13222,19683,14794,13345,14933,15070,13550,15070,13505,14344,13505,6845,22137,20945,7787,16469,4603,8263,8846,13084,17725,18439,25102,16828,2246,150,19763,1,14:50
2024-25,203897,Zach LaVine,Zach,1610612758,SAC,Sacramento Kings,0022400896,2025-03-05T00:00:00,SAC @ DEN,L,41.395,6.1,13.9,0.438,2.6,6.1,0.429,2.6,3.5,0.75,0.0,3.5,3.5,5.2,1.7,0.9,0.0,0.9,0.0,2.6,17.4,-3.5,30.3,0,0,30.4,1,13222,1,13222,311,11260,10315,13558,7793,10472,7394,8783,8926,8186,14058,15292,18596,6996,11784,12759,8263,8741,20257,10606,10436,14785,14614,2246,150,13596,1,41:24
2024-25,1631133,Jabari Walker,Jabari,1610612757,POR,Portland Trail Blazers,0022400891,2025-03-05T00:00:00,POR @ BOS,L,30.7,9.4,10.6,0.889,7.0,7.0,1.0,0.0,2.3,0.0,0.0,7.0,7.0,0.0,0.0,1.2,0.0,1.2,1.2,1.2,25.8,5.9,37.8,0,0,42.2,1,13222,1,13222,7123,4058,16129,1318,745,8382,1,13505,11641,13505,14058,6296,10087,19908,16469,10416,8263,6465,18703,16539,3773,9677,9187,2246,150,5542,1,30:42
2024-25,203999,Nikola Jokić,Nikola,1610612743,DEN,Denver Nuggets,0022400896,2025-03-05T00:00:00,DEN vs. SAC,W,38.12166666666667,8.5,17.0,0.5,0.0,1.9,0.0,3.8,5.7,0.667,4.7,9.4,14.2,5.7,6.6,0.9,0.0,1.9,2.8,6.6,20.8,-6.6,42.5,1,0,42.5,1,1,13086,1,1315,5614,5816,8526,15070,19761,15070,6130,4947,9425,2647,3079,2159,6112,1075,12409,8263,3600,11498,1976,7249,16345,6372,1,150,5405,1,38:07
2024-25,1642443,Jahmir Young,Jahmir,1610612741,CHI,Chicago Bulls,0022400886,2025-03-04T00:00:00,CHI vs. CLE,L,2.3833333333333333,0.0,0.0,0.0,0.0,0.0,0.0,0.0,0.0,0.0,0.0,15.1,15.1,15.1,0.0,0.0,0.0,0.0,0.0,0.0,0.0,-45.3,40.8,0,0,30.2,1,13222,1,13222,25270,22635,24836,22635,15070,20945,15070,13505,14344,13505,14058,546,1722,281,16469,12854,8263,8846,20257,17725,23200,25195,7287,2246,150,13788,1,2:23
2024-25,1629632,Coby White,Coby,1610612741,CHI,Chicago Bulls,0022400886,2025-03-04T00:00:00,CHI vs. CLE,L,38.53333333333333,8.4,21.5,0.391,2.8,11.2,0.25,3.7,4.7,0.8,0.0,3.7,3.7,6.5,1.9,1.9,0.9,1.9,0.0,5.6,23.4,-17.8,44.2,0,0,42.0,1,13222,1,13222,1092,5783,2043,15984,7205,2318,11902,6208,6538,7681,14058,14504,17968,4647,11233,6926,7927,3674,20257,3182,5235,20851,5580,2246,150,5618,1,38:32
2024-25,1629003,Shake Milton,Shake,1610612747,LAL,Los Angeles Lakers,0022400890,2025-03-04T00:00:00,LAL vs. NOP,W,18.701666666666668,9.6,13.5,0.714,3.8,7.7,0.5,0.0,0.0,0.0,1.9,1.9,3.8,3.8,1.9,3.8,0.0,0.0,0.0,0.0,23.1,57.7,43.1,0,0,42.3,1,1,13086,1,17034,3692,11043,2752,4316,7005,3944,13505,14344,13505,8731,19908,17713,10371,10930,1793,8263,8846,20257,17725,5420,398,6076,2246,150,5480,1,18:42
2024-25,1642261,Dalton Knecht,Dalton,1610612747,LAL,Los Angeles Lakers,0022400890,2025-03-04T00:00:00,LAL vs. NOP,W,26.233333333333334,6.9,12.4,0.556,2.7,8.2,0.333,1.4,2.7,0.5,1.4,4.1,5.5,4.1,0.0,0.0,0.0,0.0,1.4,2.7,17.8,2.7,30.6,0,0,30.2,1,1,13086,1,10963,9266,12978,7248,7402,6026,9209,12094,10623,10625,10869,13364,13566,9617,16469,12854,8263,8846,17731,10176,9990,11244,14342,2246,150,13806,1,26:14
2024-25,1642264,Stephon Castle,Stephon,1610612759,SAS,San Antonio Spurs,0022400888,2025-03-04T00:00:00,SAS vs. BKN,W,27.033333333333335,10.7,20.0,0.533,1.3,6.7,0.2,0.0,5.3,0.0,2.7,2.7,5.3,8.0,4.0,2.7,0.0,0.0,1.3,6.7,22.6,-2.7,45.0,0,0,42.6,1,1,13086,1,10306,2555,2990,8140,12729,9197,13429,13505,5424,13505,6197,17783,13983,2897,3892,3986,8263,8846,17901,1940,5747,14388,5174,2246,150,5341,1,27:02
2024-25,202331,Paul George,Paul,1610612755,PHI,Philadelphia 76ers,0022400887,2025-03-04T00:00:00,PHI @ MIN,L,29.633333333333333,3.6,13.4,0.273,1.2,7.3,0.167,0.0,0.0,0.0,0.0,8.5,8.5,7.3,2.4,2.4,0.0,0.0,1.2,0.0,8.5,8.5,34.5,0,0,30.4,1,13222,1,13222,8100,17977,11197,20048,13285,7842,14236,13505,14344,13505,14058,4052,7461,3626,8529,4589,8263,8846,18448,17725,19509,8400,11450,2246,150,13654,1,29:38
2024-25,1628973,Jalen Brunson,Jalen,1610612752,NYK,New York Knicks,0022400885,2025-03-04T00:00:00,NYK vs. GSW,L,37.28333333333333,8.7,17.4,0.5,1.0,6.8,0.143,5.8,6.8,0.857,0.0,1.9,1.9,6.8,3.9,1.0,0.0,0.0,1.0,4.8,24.1,-14.5,35.6,0,0,35.7,1,13222,1,13222,1807,5279,5369,8526,14724,8990,14649,3092,3601,7071,14058,19889,21944,4340,4164,12237,8263,8846,19877,4440,4709,19701,10623,2246,150,9555,1,37:17
2024-25,203110,Draymond Green,Draymond,1610612744,GSW,Golden State Warriors,0022400885,2025-03-04T00:00:00,GSW @ NYK,W,34.6,2.1,4.2,0.5,0.0,1.0,0.0,4.2,4.2,1.0,2.1,7.3,9.4,8.3,1.0,2.1,0.0,0.0,4.2,3.1,8.3,14.6,37.2,0,0,30.2,1,1,13086,1,3784,21262,24017,8526,15070,20816,15070,5409,7488,1,8023,5851,6246,2583,15555,5864,8263,8846,6664,8809,19640,5793,9497,2246,150,13819,1,34:36
2024-25,203486,Mason Plumlee,Mason,1610612756,PHX,Phoenix Suns,0022400889,2025-03-04T00:00:00,PHX vs. LAC,W,24.538333333333334,5.9,10.3,0.571,0.0,1.5,0.0,8.8,8.8,1.0,1.5,7.3,8.8,5.9,0.0,0.0,0.0,1.5,5.9,5.9,20.5,27.9,39.9,0,0,35.2,1,1,13086,1,12445,11898,16614,6538,15070,20301,15070,1070,1982,1,10449,5772,7020,5731,16469,12854,8263,4902,3123,2791,7456,2289,7822,2246,150,9943,1,24:32
2024-25,1630168,Onyeka Okongwu,Onyeka,1610612737,ATL,Atlanta Hawks,0022400884,2025-03-04T00:00:00,ATL vs. MIL,L,27.453333333333333,3.9,9.2,0.429,0.0,1.3,0.0,0.0,0.0,0.0,3.9,7.9,11.8,2.6,1.3,1.3,2.6,0.0,5.2,0.0,7.9,-11.8,36.5,0,0,30.2,1,13222,1,13222,9975,17244,18444,13735,15070,20484,15070,13505,14344,13505,3682,4918,3673,14147,13759,9403,2193,8846,4115,17725,20028,18659,10056,2246,150,13826,1,27:27
2024-25,1629750,Javonte Green,Javonte,1610612739,CLE,Cleveland Cavaliers,0022400886,2025-03-04T00:00:00,CLE @ CHI,W,18.1,8.0,9.9,0.8,4.0,6.0,0.667,2.0,6.0,0.333,2.0,9.9,11.9,4.0,2.0,0.0,0.0,0.0,4.0,4.0,21.9,47.7,40.2,0,0,41.8,1,1,13086,1,17498,6721,17157,1688,4031,10762,1957,10694,4515,13132,8437,2625,3550,9990,10570,12854,8263,8846,7198,6367,6301,618,7648,2246,150,5768,1,18:06
2024-25,1630578,Alperen Sengun,Alperen,1610612745,HOU,Houston Rockets,0022400882,2025-03-04T00:00:00,HOU @ IND,L,35.32,12.2,19.4,0.632,0.0,0.0,0.0,1.0,2.0,0.5,3.1,6.1,9.2,7.1,4.1,0.0,0.0,2.0,3.1,2.0,25.5,-2.0,43.1,0,0,41.8,1,13222,1,13222,3214,1389,3449,4871,15070,20945,15070,13174,12608,10625,5216,8068,6478,3844,3725,12854,8263,3104,10448,12889,3949,14065,6078,2246,150,5757,1,35:19
2024-25,1629234,Drew Eubanks,Drew,1610612746,LAC,LA Clippers,0022400889,2025-03-04T00:00:00,LAC @ PHX,L,11.33,3.2,12.7,0.25,0.0,0.0,0.0,15.9,19.1,0.833,6.4,6.4,12.7,0.0,0.0,0.0,3.2,3.2,0.0,9.5,22.2,-76.3,47.0,0,0,41.3,1,13222,1,13222,21572,19041,12368,20233,15070,20945,15070,144,158,7275,1449,7588,2991,19908,16469,12854,1498,1170,20257,514,6053,25971,4303,2246,150,6025,1,11:20
2024-25,1641708,Amen Thompson,Amen,1610612745,HOU,Houston Rockets,0022400882,2025-03-04T00:00:00,HOU @ IND,L,39.666666666666664,4.5,11.8,0.385,0.0,2.7,0.0,2.7,5.4,0.5,2.7,8.2,10.9,3.6,0.9,1.8,0.0,0.0,0.9,4.5,11.8,0.0,34.9,1,0,29.9,1,13222,1,13222,664,15658,13942,16070,15070,18215,15070,8519,5254,10625,6043,4465,4508,10994,16332,7179,8263,8846,20130,5057,16347,12240,11159,1,150,13978,1,39:40
2024-25,1642366,Quinten Post,Quinten,1610612744,GSW,Golden State Warriors,0022400885,2025-03-04T00:00:00,GSW @ NYK,W,14.858333333333333,2.4,9.7,0.25,2.4,4.8,0.5,0.0,0.0,0.0,0.0,7.3,7.3,0.0,7.3,0.0,2.4,0.0,7.3,0.0,7.3,12.1,16.0,0,0,21.8,1,1,13086,1,19666,20610,17596,20233,8404,13584,3944,13505,14344,13505,14058,5878,9632,19908,785,12854,2517,8846,1793,17725,20510,6746,22861,2246,150,19786,1,14:52
2024-25,1630173,Precious Achiuwa,Precious,1610612752,NYK,New York Knicks,0022400885,2025-03-04T00:00:00,NYK vs. GSW,L,30.033333333333335,4.8,12.0,0.4,0.0,1.2,0.0,0.0,0.0,0.0,4.8,13.2,18.0,0.0,0.0,0.0,1.2,4.8,2.4,1.2,9.6,-2.4,34.8,0,0,30.0,1,13222,1,13222,7755,14965,13608,14933,15070,20622,15070,13505,14344,13505,2569,958,918,19908,16469,12854,6178,409,13220,16411,18551,14256,11232,2246,150,13967,1,30:02
2024-25,1641764,Brandin Podziemski,Brandin,1610612744,GSW,Golden State Warriors,0022400885,2025-03-04T00:00:00,GSW @ NYK,W,31.883333333333333,9.0,18.1,0.5,2.3,6.8,0.333,1.1,1.1,1.0,1.1,4.5,5.6,4.5,1.1,1.1,0.0,0.0,1.1,1.1,21.5,-3.4,37.3,0,0,36.1,1,1,13086,1,6069,4644,4601,8526,9021,8951,9209,12819,13996,1,12268,12222,13164,8615,14944,10777,8263,8846,18933,16776,6687,14751,9491,2246,150,9276,1,31:53
2024-25,1630208,Nick Richards,Nick,1610612756,PHX,Phoenix Suns,0022400889,2025-03-04T00:00:00,PHX vs. LAC,W,23.43,12.3,15.4,0.8,0.0,0.0,0.0,0.0,0.0,0.0,3.1,7.7,10.8,0.0,0.0,0.0,0.0,1.5,3.1,0.0,24.6,-24.6,37.5,0,0,35.3,1,1,13086,1,13371,1358,8012,1688,15070,20945,15070,13505,14344,13505,5185,5188,4643,19908,16469,12854,8263,4638,10379,17725,4436,22717,9348,2246,150,9850,1,23:26
2024-25,1642263,Reed Sheppard,Reed,1610612745,HOU,Houston Rockets,0022400882,2025-03-04T00:00:00,HOU @ IND,L,14.666666666666666,4.9,14.7,0.333,0.0,2.5,0.0,0.0,4.9,0.0,0.0,2.5,2.5,4.9,0.0,4.9,0.0,0.0,2.5,2.5,9.8,-14.7,34.9,0,0,27.0,1,13222,1,13222,19783,14654,9001,17395,15070,18708,15070,13505,6095,13505,14058,18315,20891,7667,16469,955,8263,8846,12966,11145,18338,19798,11153,2246,150,16149,1,14:40
2024-25,1626164,Devin Booker,Devin,1610612756,PHX,Phoenix Suns,0022400889,2025-03-04T00:00:00,PHX vs. LAC,W,40.983333333333334,5.3,9.7,0.545,0.9,3.5,0.25,3.5,7.0,0.5,0.9,3.5,4.4,7.0,4.4,0.0,0.0,0.0,3.5,9.7,14.9,-7.9,26.4,0,0,27.2,1,1,13086,1,373,13624,17646,7695,14999,16630,11902,6678,3335,10625,13960,15195,16308,3984,3157,12854,8263,8846,8712,484,12984,16934,17385,2246,150,15997,1,40:59
2024-25,1630611,Gui Santos,Gui,1610612744,GSW,Golden State Warriors,0022400885,2025-03-04T00:00:00,GSW @ NYK,W,14.733333333333333,9.8,14.7,0.667,2.4,2.4,1.0,0.0,0.0,0.0,0.0,2.4,2.4,4.9,2.4,2.4,2.4,0.0,0.0,0.0,22.0,34.2,44.5,0,0,41.5,1,1,13086,1,19747,3506,9115,3281,8334,18723,1,13505,14344,13505,14058,18348,20910,7711,8473,4552,2475,8846,20257,17725,6227,1478,5434,2246,150,5884,1,14:44
2024-25,204456,T.J. McConnell,T.J.,1610612754,IND,Indiana Pacers,0022400882,2025-03-04T00:00:00,IND vs. HOU,W,13.4,2.7,10.7,0.25,0.0,2.7,0.0,0.0,0.0,0.0,2.7,0.0,2.7,8.1,0.0,5.4,0.0,0.0,2.7,0.0,5.4,-18.8,36.8,0,0,26.9,1,1,13086,1,20538,20117,15790,20233,15070,18285,15070,13505,14344,13505,6133,22137,20483,2826,16469,695,8263,8846,12092,17725,21810,21181,9836,2246,150,16257,1,13:24
2024-25,1626220,Royce O'Neale,Royce,1610612756,PHX,Phoenix Suns,0022400889,2025-03-04T00:00:00,PHX vs. LAC,W,28.79,5.0,11.3,0.444,5.0,8.8,0.571,0.0,0.0,0.0,1.3,2.5,3.8,3.8,0.0,0.0,0.0,0.0,2.5,0.0,15.0,2.5,25.1,0,0,27.5,1,1,13086,1,8850,14381,14924,13045,2268,5177,3506,13505,14344,13505,11482,18184,17931,10645,16469,12854,8263,8846,12796,17725,12893,11370,18190,2246,150,15787,1,28:47
2024-25,1631288,Jamal Cain,Jamal,1610612740,NOP,New Orleans Pelicans,0022400890,2025-03-04T00:00:00,NOP @ LAL,L,4.016666666666667,0.0,0.0,0.0,0.0,0.0,0.0,0.0,0.0,0.0,9.0,0.0,9.0,17.9,0.0,0.0,0.0,0.0,0.0,0.0,0.0,17.9,37.6,0,0,26.9,1,13222,1,13222,24471,22635,24836,22635,15070,20945,15070,13505,14344,13505,563,22137,6799,143,16469,12854,8263,8846,20257,17725,23200,4583,9256,2246,150,16235,1,4:01
2024-25,1641715,Cam Whitmore,Cam,1610612745,HOU,Houston Rockets,0022400882,2025-03-04T00:00:00,HOU @ IND,L,6.68,5.4,10.8,0.5,5.4,5.4,1.0,0.0,0.0,0.0,0.0,5.4,5.4,0.0,0.0,0.0,0.0,0.0,0.0,0.0,16.2,-32.3,22.6,0,0,26.9,1,13222,1,13222,23295,13306,15735,8526,1859,12236,1,13505,14344,13505,14058,9811,13836,19908,16469,12854,8263,8846,20257,17725,11763,24071,19792,2246,150,16186,1,6:41
2024-25,1642355,Bronny James,Bronny,1610612747,LAL,Los Angeles Lakers,0022400890,2025-03-04T00:00:00,LAL vs. NOP,W,4.016666666666667,9.0,26.9,0.333,0.0,17.9,0.0,0.0,0.0,0.0,0.0,9.0,9.0,0.0,9.0,0.0,0.0,0.0,0.0,0.0,17.9,-17.9,19.7,0,0,26.9,1,1,13086,1,24471,4776,511,17395,15070,348,15070,13505,14344,13505,14058,3552,6799,19908,429,12854,8263,8846,20257,17725,9911,20912,21301,2246,150,16235,1,4:01
2024-25,1630533,Ziaire Williams,Ziaire,1610612751,BKN,Brooklyn Nets,0022400888,2025-03-04T00:00:00,BKN @ SAS,L,19.905,3.6,12.7,0.286,1.8,9.0,0.2,3.6,3.6,1.0,3.6,1.8,5.4,1.8,1.8,0.0,0.0,0.0,3.6,1.8,12.7,-54.3,20.1,0,0,21.7,1,13222,1,13222,16092,18042,12464,19630,11045,4751,13429,6458,8653,1,4189,20221,13746,17055,11514,12854,8263,8846,8378,13903,15434,25548,21130,2246,150,19839,1,19:54
2024-25,1631221,Collin Gillespie,Collin,1610612756,PHX,Phoenix Suns,0022400889,2025-03-04T00:00:00,PHX vs. LAC,W,14.586666666666666,9.9,14.8,0.667,4.9,7.4,0.667,0.0,0.0,0.0,2.5,2.5,4.9,7.4,0.0,0.0,0.0,2.5,2.5,0.0,24.7,51.8,41.7,0,0,42.0,1,1,13086,1,19837,3372,8892,3281,2357,7608,1957,13505,14344,13505,6722,18271,14961,3506,16469,12854,8263,2091,12919,17725,4374,508,6771,2246,150,5676,1,14:35
2024-25,1629029,Luka Dončić,Luka,1610612747,LAL,Los Angeles Lakers,0022400890,2025-03-04T00:00:00,LAL vs. NOP,W,34.11666666666667,9.5,20.0,0.474,6.3,13.7,0.462,6.3,11.6,0.545,1.1,7.4,8.4,15.8,5.3,1.1,1.1,0.0,0.0,5.3,31.7,39.0,66.6,1,0,66.5,1,1,13086,1,4155,3886,2937,12072,1098,1015,7119,2558,867,10618,12834,5706,7564,226,2037,11441,7096,8846,20257,3670,1593,1037,598,1,150,413,1,34:07
2024-25,1629636,Darius Garland,Darius,1610612739,CLE,Cleveland Cavaliers,0022400886,2025-03-04T00:00:00,CLE @ CHI,W,30.166666666666668,8.4,26.3,0.318,6.0,13.1,0.455,0.0,0.0,0.0,0.0,3.6,3.6,8.4,1.2,1.2,0.0,2.4,0.0,0.0,22.7,26.3,41.9,0,0,43.0,1,1,13086,1,7621,5880,605,19142,1325,1235,7148,13505,14344,13505,14058,14987,18366,2552,14489,10226,8263,2256,20257,17725,5724,2567,6680,2246,150,5164,1,30:10
2024-25,1629656,Quentin Grimes,Quentin,1610612755,PHI,Philadelphia 76ers,0022400887,2025-03-04T00:00:00,PHI @ MIN,L,38.5,11.2,16.8,0.667,2.8,6.5,0.429,2.8,2.8,1.0,0.9,1.9,2.8,1.9,1.9,2.8,0.0,0.9,1.9,1.9,28.1,-13.1,40.8,0,0,41.1,1,13222,1,13222,1107,2075,6001,3281,7194,9437,7394,8342,10480,1,13743,20043,20243,16858,11220,3674,8263,8456,15829,13638,2761,19157,7296,2246,150,6110,1,38:30
2024-25,203991,Clint Capela,Clint,1610612737,ATL,Atlanta Hawks,0022400884,2025-03-04T00:00:00,ATL vs. MIL,L,20.546666666666667,7.0,14.0,0.5,0.0,0.0,0.0,0.0,0.0,0.0,7.0,7.0,14.0,1.8,0.0,3.5,3.5,0.0,7.0,0.0,14.0,5.3,54.5,0,0,43.8,1,13222,1,13222,15615,8910,10142,8526,15070,20945,15070,13505,14344,13505,1146,6343,2228,17221,16469,2236,1225,8846,1972,17725,13915,9977,2090,2246,150,4779,1,20:33
2024-25,1630170,Devin Vassell,Devin,1610612759,SAS,San Antonio Spurs,0022400888,2025-03-04T00:00:00,SAS vs. BKN,W,35.38333333333333,14.2,20.3,0.7,8.1,11.2,0.727,1.0,1.0,1.0,2.0,9.2,11.2,5.1,2.0,4.1,1.0,0.0,2.0,2.0,37.6,34.6,71.9,1,0,72.2,1,1,13086,1,3158,633,2724,3045,426,2338,1855,13184,14187,1,8228,3353,4241,7274,10333,1568,7368,8846,14944,12909,635,1437,372,1,150,275,1,35:23
2024-25,1628386,Jarrett Allen,Jarrett,1610612739,CLE,Cleveland Cavaliers,0022400886,2025-03-04T00:00:00,CLE @ CHI,W,30.166666666666668,11.9,13.1,0.909,0.0,0.0,0.0,6.0,6.0,1.0,3.6,16.7,20.3,3.6,1.2,2.4,0.0,1.2,1.2,4.8,29.8,26.3,65.5,1,0,58.5,1,1,13086,1,7621,1563,11626,1292,15070,20945,15070,2897,4515,1,4242,356,490,11144,14489,4741,8263,6313,18570,4563,2143,2567,665,1,150,968,1,30:10
2024-25,201144,Mike Conley,Mike,1610612750,MIN,Minnesota Timberwolves,0022400887,2025-03-04T00:00:00,MIN vs. PHI,W,24.53,5.9,8.8,0.667,4.4,7.3,0.6,1.5,1.5,1.0,1.5,8.8,10.3,8.8,2.9,0.0,0.0,0.0,1.5,0.0,17.6,29.4,40.2,0,0,41.1,1,1,13086,1,12457,11889,19012,3281,3227,7748,2992,11852,13512,1,10445,3719,5152,2183,6700,12854,8263,8846,17358,17725,10215,2058,7625,2246,150,6144,1,24:32
2024-25,1631094,Paolo Banchero,Paolo,1610612753,ORL,Orlando Magic,0022400883,2025-03-04T00:00:00,ORL vs. TOR,L,39.57333333333333,12.7,18.2,0.7,3.6,4.5,0.8,8.2,9.1,0.9,0.0,7.3,7.3,7.3,2.7,3.6,0.9,0.9,1.8,6.4,37.3,-5.5,67.9,0,0,64.6,1,13222,1,13222,697,1134,4463,3045,4830,14322,1389,1327,1815,6805,14058,5861,9611,3645,7441,2048,8046,8608,16087,2221,671,15809,527,2246,150,496,1,39:34
2024-25,1631106,Tari Eason,Tari,1610612745,HOU,Houston Rockets,0022400882,2025-03-04T00:00:00,HOU @ IND,L,25.523333333333333,9.9,19.7,0.5,2.8,5.6,0.5,0.0,0.0,0.0,11.3,8.5,19.7,5.6,2.8,0.0,0.0,2.8,1.4,0.0,22.6,-2.8,51.9,1,0,50.8,1,13222,1,13222,11575,3370,3152,8526,7154,11598,3944,13505,14344,13505,289,4097,571,6158,7140,12854,8263,1573,17582,17725,5811,14471,2724,1,150,2321,1,25:31
2024-25,1628380,Zach Collins,Zach,1610612741,CHI,Chicago Bulls,0022400886,2025-03-04T00:00:00,CHI vs. CLE,L,28.083333333333332,12.8,20.5,0.625,0.0,2.6,0.0,0.0,0.0,0.0,5.1,10.3,15.4,2.6,1.3,3.8,1.3,0.0,5.1,1.3,25.6,-28.2,62.0,1,0,53.8,1,13222,1,13222,9476,1097,2629,4899,15070,18514,15070,13505,14344,13505,2261,2390,1613,14326,13894,1797,5730,8846,4324,15983,3856,23474,960,1,150,1650,1,28:05
2024-25,1627826,Ivica Zubac,Ivica,1610612746,LAC,LA Clippers,0022400889,2025-03-04T00:00:00,LAC @ PHX,L,36.733333333333334,14.7,18.6,0.789,0.0,0.0,0.0,4.9,5.9,0.833,1.0,8.8,9.8,2.9,0.0,1.0,1.0,2.0,3.9,3.9,34.3,21.6,56.4,1,0,51.0,1,13222,1,13222,2168,548,4096,1973,15070,20945,15070,4193,4640,7275,13426,3695,5680,13130,16469,12126,7619,3357,7382,6510,1072,3564,1753,1,150,2276,1,36:44
2024-25,1629627,Zion Williamson,Zion,1610612740,NOP,New Orleans Pelicans,0022400890,2025-03-04T00:00:00,NOP @ LAL,L,26.18166666666667,23.4,31.6,0.739,0.0,0.0,0.0,4.1,8.3,0.5,1.4,4.1,5.5,8.3,0.0,1.4,1.4,1.4,4.1,5.5,50.9,17.9,78.1,0,0,70.1,1,13222,1,13222,11029,88,217,2640,15070,20945,15070,5482,2353,10625,10856,13341,13538,2654,16469,9038,5332,5280,6756,3338,151,4598,236,2246,150,316,1,26:11
2024-25,1630526,Jeremiah Robinson-Earl,Jeremiah,1610612740,NOP,New Orleans Pelicans,0022400890,2025-03-04T00:00:00,NOP @ LAL,L,4.016666666666667,17.9,26.9,0.667,9.0,17.9,0.5,0.0,0.0,0.0,0.0,0.0,0.0,0.0,0.0,0.0,0.0,0.0,0.0,0.0,44.8,17.9,44.8,0,0,53.8,1,13222,1,13222,24471,220,511,3281,303,348,3944,13505,14344,13505,14058,22137,23286,19908,16469,12854,8263,8846,20257,17725,261,4583,5268,2246,150,1658,1,4:01
2024-25,1630188,Jalen Smith,Jalen,1610612741,CHI,Chicago Bulls,0022400886,2025-03-04T00:00:00,CHI vs. CLE,L,17.533333333333335,8.2,14.4,0.571,4.1,8.2,0.5,6.2,8.2,0.75,2.1,20.5,22.6,0.0,0.0,0.0,2.1,0.0,2.1,4.1,26.7,6.2,60.0,1,0,57.5,1,13222,1,13222,17895,6174,9574,6538,3775,6064,3944,2718,2377,8186,8154,156,290,19908,16469,12854,3339,8846,14856,6039,3347,9545,1201,1,150,1102,1,17:32
2024-25,1629020,Jarred Vanderbilt,Jarred,1610612747,LAL,Los Angeles Lakers,0022400890,2025-03-04T00:00:00,LAL vs. NOP,W,20.033333333333335,7.2,12.6,0.571,3.6,7.2,0.5,3.6,3.6,1.0,5.4,9.0,14.4,1.8,0.0,1.8,3.6,0.0,3.6,1.8,21.6,48.5,57.7,0,0,52.1,1,1,13086,1,15994,8485,12614,6538,4934,8068,3944,6498,8699,1,2018,3537,2056,17092,16469,7272,1148,8846,8443,13950,6584,590,1520,2246,150,2011,1,20:02
2024-25,203507,Giannis Antetokounmpo,Giannis,1610612749,MIL,Milwaukee Bucks,0022400884,2025-03-04T00:00:00,MIL @ ATL,W,33.81666666666667,9.6,19.2,0.5,0.0,2.1,0.0,8.5,12.8,0.667,3.2,9.6,12.8,10.6,3.2,1.1,0.0,1.1,2.1,9.6,27.7,9.6,59.0,1,1,53.2,1,1,13086,1,4424,3758,3618,8526,15070,19310,15070,1177,618,9425,4955,2938,2953,1142,5839,11347,8263,7366,14469,499,2901,7904,1336,1,1,1753,1,33:49
2024-25,1626166,Cameron Payne,Cameron,1610612752,NYK,New York Knicks,0022400885,2025-03-04T00:00:00,NYK vs. GSW,L,10.716666666666667,6.7,20.2,0.333,3.4,10.1,0.333,0.0,0.0,0.0,0.0,3.4,3.4,13.4,0.0,6.7,0.0,0.0,6.7,0.0,16.8,10.1,61.1,0,0,50.4,1,13222,1,13222,21837,9645,2873,17395,5491,3407,9209,13505,14344,13505,14058,15621,18852,457,16469,342,8263,8846,2203,17725,11074,7663,1055,2246,150,2425,1,10:43
2024-25,202687,Bismack Biyombo,Bismack,1610612759,SAS,San Antonio Spurs,0022400888,2025-03-04T00:00:00,SAS vs. BKN,W,26.261666666666667,8.2,13.7,0.6,0.0,0.0,0.0,1.4,2.7,0.5,4.1,15.1,19.2,4.1,2.7,1.4,2.7,0.0,4.1,4.1,17.8,23.3,56.6,1,0,49.3,1,1,13086,1,10946,6165,10642,5394,15070,20945,15070,12101,10636,10625,3431,556,648,9634,7407,9072,2027,8846,6797,6027,10009,3194,1706,1,150,2713,1,26:16
2024-25,1629645,Kevin Porter Jr.,Kevin,1610612749,MIL,Milwaukee Bucks,0022400884,2025-03-04T00:00:00,MIL @ ATL,W,11.883333333333333,18.2,21.2,0.857,3.0,3.0,1.0,6.1,6.1,1.0,0.0,6.1,6.1,6.1,9.1,3.0,0.0,3.0,0.0,9.1,45.4,-12.1,61.8,0,0,66.6,1,1,13086,1,21343,207,2205,1412,6403,17587,1,2808,4389,1,14058,8201,12142,5382,410,3087,8263,1302,20257,622,238,18782,986,2246,150,408,1,11:53
2024-25,1628378,Donovan Mitchell,Donovan,1610612739,CLE,Cleveland Cavaliers,0022400886,2025-03-04T00:00:00,CLE @ CHI,W,27.766666666666666,9.1,22.0,0.412,1.3,7.8,0.167,16.9,18.2,0.929,1.3,7.8,9.1,6.5,1.3,1.3,0.0,1.3,3.9,9.1,36.3,7.8,59.5,0,0,55.8,1,1,13086,1,9742,4565,1795,14791,12870,6840,14236,119,181,6719,11210,5034,6620,4743,13809,9475,8263,5668,7475,627,775,8739,1255,2246,150,1351,1,27:46
2024-25,1630169,Tyrese Haliburton,Tyrese,1610612754,IND,Indiana Pacers,0022400882,2025-03-04T00:00:00,IND vs. HOU,W,36.06666666666667,9.0,16.0,0.563,5.0,8.0,0.625,5.0,5.0,1.0,0.0,3.0,3.0,15.0,2.0,1.0,0.0,0.0,1.0,4.0,27.9,20.0,55.0,1,0,52.9,1,1,13086,1,2629,4743,7152,7127,2285,6472,2868,4050,5936,1,14058,16759,19761,292,10543,11978,8263,8846,19718,6333,2808,3961,1986,1,150,1824,1,36:04
2024-25,1631243,Mouhamed Gueye,Mouhamed,1610612737,ATL,Atlanta Hawks,0022400884,2025-03-04T00:00:00,ATL vs. MIL,L,25.215,7.1,10.0,0.714,5.7,8.6,0.667,1.4,2.9,0.5,2.9,4.3,7.1,1.4,0.0,2.9,1.4,0.0,4.3,1.4,21.4,-12.8,45.0,0,0,44.3,1,13222,1,13222,11828,8609,17064,2752,1550,5478,1957,11960,10340,10625,5714,12854,9883,18238,16469,3536,5121,8846,6335,15332,6720,19078,5196,2246,150,4571,1,25:13
2024-25,1630570,Trendon Watford,Trendon,1610612751,BKN,Brooklyn Nets,0022400888,2025-03-04T00:00:00,BKN @ SAS,L,23.461666666666666,6.1,12.3,0.5,1.5,3.1,0.5,4.6,6.1,0.75,4.6,10.7,15.3,7.7,3.1,4.6,0.0,1.5,3.1,3.1,18.4,27.6,59.1,1,0,52.2,1,13222,1,13222,13343,11123,13123,8526,11913,17516,3944,4678,4302,8186,2798,2055,1634,3210,6231,1145,8263,4645,10395,9003,9403,2322,1318,1,150,2001,1,23:28
2024-25,1630567,Scottie Barnes,Scottie,1610612761,TOR,Toronto Raptors,0022400883,2025-03-04T00:00:00,TOR @ ORL,W,29.888333333333332,7.2,15.7,0.462,1.2,6.0,0.2,4.8,6.0,0.8,6.0,9.6,15.7,6.0,4.8,3.6,1.2,0.0,2.4,6.0,20.5,2.4,57.9,1,0,53.0,1,1,13086,1,7887,8387,7601,12428,13337,10637,13429,4319,4437,7681,1605,2886,1534,5444,2554,2075,6144,8846,13157,2591,7521,11412,1481,1,150,1804,1,29:53
2024-25,1628978,Donte DiVincenzo,Donte,1610612750,MIN,Minnesota Timberwolves,0022400887,2025-03-04T00:00:00,MIN vs. PHI,W,23.216666666666665,6.2,14.0,0.444,6.2,10.9,0.571,0.0,0.0,0.0,0.0,3.1,3.1,12.4,1.6,1.6,0.0,0.0,7.8,0.0,18.6,18.6,44.0,0,0,43.4,1,1,13086,1,13533,10969,10235,13045,1163,2625,3506,13505,14344,13505,14058,16407,19475,634,12546,8192,8263,8846,1492,17725,9208,4381,5653,2246,150,4955,1,23:13
2024-25,1629675,Naz Reid,Naz,1610612750,MIN,Minnesota Timberwolves,0022400887,2025-03-04T00:00:00,MIN vs. PHI,W,32.75,9.9,19.8,0.5,5.5,11.0,0.5,0.0,0.0,0.0,1.1,5.5,6.6,2.2,3.3,1.1,1.1,0.0,2.2,1.1,25.3,13.2,39.8,0,0,44.0,1,1,13086,1,5365,3340,3127,8526,1738,2491,3944,13505,14344,13505,12470,9540,10964,15629,5514,11025,6793,8846,14102,16910,4067,6306,7887,2246,150,4704,1,32:45
2024-25,2544,LeBron James,LeBron,1610612747,LAL,Los Angeles Lakers,0022400890,2025-03-04T00:00:00,LAL vs. NOP,W,33.25,10.8,19.5,0.556,5.4,10.8,0.5,9.7,9.7,1.0,1.1,7.6,8.7,6.5,4.3,1.1,2.2,1.1,1.1,5.4,36.8,7.6,62.4,0,0,63.9,1,1,13086,1,4943,2393,3352,7248,1829,2648,3944,770,1488,1,12609,5357,7210,4719,3252,11163,3031,7202,19197,3458,717,8844,932,2246,150,532,1,33:15
2024-25,1629637,Jaxson Hayes,Jaxson,1610612747,LAL,Los Angeles Lakers,0022400890,2025-03-04T00:00:00,LAL vs. NOP,W,23.583333333333332,12.2,12.2,1.0,0.0,0.0,0.0,4.6,4.6,1.0,4.6,10.7,15.3,0.0,1.5,0.0,0.0,0.0,7.6,3.1,29.0,6.1,45.8,1,0,44.3,1,1,13086,1,13240,1398,13239,1,15070,20945,15070,4715,6694,1,2829,2096,1660,19908,12628,12854,8263,8846,1552,9060,2426,9567,4821,1,150,4567,1,23:35
2024-25,1629638,Nickeil Alexander-Walker,Nickeil,1610612750,MIN,Minnesota Timberwolves,0022400887,2025-03-04T00:00:00,MIN vs. PHI,W,27.383333333333333,10.5,14.5,0.727,3.9,7.9,0.5,1.3,1.3,1.0,0.0,3.9,3.9,3.9,0.0,2.6,0.0,0.0,0.0,1.3,26.3,42.1,44.8,0,0,43.4,1,1,13086,1,10029,2699,9418,2666,4104,6645,3944,12262,13708,1,14058,13895,17455,10093,16469,4064,8263,8846,20257,15839,3535,836,5253,2246,150,4972,1,27:23
2024-25,201939,Stephen Curry,Stephen,1610612744,GSW,Golden State Warriors,0022400885,2025-03-04T00:00:00,GSW @ NYK,W,33.1,10.9,22.8,0.476,5.4,9.8,0.556,3.3,3.3,1.0,0.0,7.6,7.6,9.8,2.2,2.2,0.0,2.2,0.0,4.4,30.5,25.0,58.6,0,0,57.6,1,1,13086,1,5069,2359,1438,12010,1803,3740,3747,7176,9395,1,14058,5301,8948,1544,9615,5492,8263,2700,20257,5469,1933,2814,1391,2246,150,1075,1,33:06
2024-25,1641727,Dariq Whitehead,Dariq,1610612751,BKN,Brooklyn Nets,0022400888,2025-03-04T00:00:00,BKN @ SAS,L,2.033333333333333,17.7,35.4,0.5,17.7,35.4,0.5,0.0,0.0,0.0,0.0,0.0,0.0,0.0,0.0,0.0,0.0,0.0,0.0,0.0,53.1,53.1,53.1,0,0,70.8,1,13222,1,13222,25436,234,128,8526,45,25,3944,13505,14344,13505,14058,22137,23286,19908,16469,12854,8263,8846,20257,17725,124,482,2415,2246,150,301,1,2:02
2024-25,1642399,Jesse Edwards,Jesse,1610612750,MIN,Minnesota Timberwolves,0022400887,2025-03-04T00:00:00,MIN vs. PHI,W,3.0833333333333335,0.0,0.0,0.0,0.0,0.0,0.0,0.0,0.0,0.0,0.0,0.0,0.0,11.7,0.0,0.0,0.0,0.0,23.4,11.7,0.0,-81.7,17.5,0,0,11.7,1,1,13086,1,24947,22635,24836,22635,15070,20945,15070,13505,14344,13505,14058,22137,23286,793,16469,12854,8263,8846,78,220,23200,26018,22290,2246,150,24064,1,3:05
2024-25,1631104,Blake Wesley,Blake,1610612759,SAS,San Antonio Spurs,0022400888,2025-03-04T00:00:00,SAS vs. BKN,W,1.5666666666666667,0.0,23.0,0.0,0.0,0.0,0.0,0.0,0.0,0.0,0.0,0.0,0.0,0.0,0.0,0.0,0.0,0.0,0.0,0.0,0.0,-68.9,0.0,0,0,0.0,1,1,13086,1,25750,22635,1386,22635,15070,20945,15070,13505,14344,13505,14058,22137,23286,19908,16469,12854,8263,8846,20257,17725,23200,25867,25228,2246,150,25259,1,1:34
2024-25,1630604,E.J. Liddell,E.J.,1610612741,CHI,Chicago Bulls,0022400886,2025-03-04T00:00:00,CHI vs. CLE,L,2.3833333333333333,0.0,30.2,0.0,0.0,30.2,0.0,0.0,0.0,0.0,0.0,0.0,0.0,0.0,0.0,0.0,0.0,0.0,0.0,0.0,0.0,-45.3,0.0,0,0,0.0,1,13222,1,13222,25270,22635,264,22635,15070,61,15070,13505,14344,13505,14058,22137,23286,19908,16469,12854,8263,8846,20257,17725,23200,25195,25228,2246,150,25259,1,2:23
2024-25,1642277,Johnny Furphy,Johnny,1610612754,IND,Indiana Pacers,0022400882,2025-03-04T00:00:00,IND vs. HOU,W,1.5,0.0,24.0,0.0,0.0,24.0,0.0,0.0,0.0,0.0,0.0,0.0,0.0,0.0,0.0,0.0,0.0,0.0,24.0,0.0,0.0,-24.0,0.0,0,0,0.0,1,1,13086,1,25800,22635,1050,22635,15070,118,15070,13505,14344,13505,14058,22137,23286,19908,16469,12854,8263,8846,69,17725,23200,22572,25228,2246,150,25259,1,1:30
2024-25,1631103,Malaki Branham,Malaki,1610612759,SAS,San Antonio Spurs,0022400888,2025-03-04T00:00:00,SAS vs. BKN,W,1.5666666666666667,0.0,0.0,0.0,0.0,0.0,0.0,0.0,0.0,0.0,0.0,0.0,0.0,0.0,0.0,0.0,0.0,0.0,0.0,0.0,0.0,-68.9,0.0,0,0,0.0,1,1,13086,1,25750,22635,24836,22635,15070,20945,15070,13505,14344,13505,14058,22137,23286,19908,16469,12854,8263,8846,20257,17725,23200,25867,25228,2246,150,25259,1,1:34
2024-25,1631169,Josh Minott,Josh,1610612750,MIN,Minnesota Timberwolves,0022400887,2025-03-04T00:00:00,MIN vs. PHI,W,3.2333333333333334,0.0,0.0,0.0,0.0,0.0,0.0,0.0,0.0,0.0,0.0,0.0,0.0,0.0,0.0,0.0,0.0,0.0,0.0,0.0,0.0,-89.1,0.0,0,0,0.0,1,1,13086,1,24875,22635,24836,22635,15070,20945,15070,13505,14344,13505,14058,22137,23286,19908,16469,12854,8263,8846,20257,17725,23200,26081,25228,2246,150,25259,1,3:14
2024-25,1629660,Ty Jerome,Ty,1610612739,CLE,Cleveland Cavaliers,0022400886,2025-03-04T00:00:00,CLE @ CHI,W,22.916666666666668,4.7,15.7,0.3,1.6,9.4,0.167,14.1,14.1,1.0,1.6,3.1,4.7,3.1,3.1,0.0,0.0,3.1,3.1,7.9,25.1,-15.7,32.4,0,0,34.6,1,1,13086,1,13780,15208,7531,19363,11786,4218,14236,202,434,1,10039,16299,15527,12503,6013,12854,8263,1203,10133,1094,4153,20157,13041,2246,150,10401,1,22:55
2024-25,1641767,Ben Sheppard,Ben,1610612754,IND,Indiana Pacers,0022400882,2025-03-04T00:00:00,IND vs. HOU,W,14.833333333333334,4.9,9.7,0.5,2.4,7.3,0.333,0.0,0.0,0.0,0.0,7.3,7.3,7.3,0.0,2.4,0.0,0.0,2.4,0.0,12.1,-12.1,39.1,0,0,34.0,1,1,13086,1,19683,14794,17562,8526,8383,7861,9209,13505,14344,13505,14058,5855,9604,3637,16469,4603,8263,8846,13084,17725,15993,18787,8354,2246,150,10869,1,14:50
2024-25,203458,Alex Len,Alex,1610612747,LAL,Los Angeles Lakers,0022400890,2025-03-04T00:00:00,LAL vs. NOP,W,4.55,0.0,0.0,0.0,0.0,0.0,0.0,0.0,0.0,0.0,0.0,0.0,0.0,0.0,0.0,0.0,0.0,0.0,0.0,0.0,0.0,-31.6,0.0,0,0,0.0,1,1,13086,1,24199,22635,24836,22635,15070,20945,15070,13505,14344,13505,14058,22137,23286,19908,16469,12854,8263,8846,20257,17725,23200,23986,25228,2246,150,25259,1,4:33
2024-25,1642024,Alex Reese,Alex,1610612755,PHI,Philadelphia 76ers,0022400887,2025-03-04T00:00:00,PHI @ MIN,L,4.116666666666666,8.7,8.7,1.0,8.7,8.7,1.0,0.0,0.0,0.0,0.0,0.0,0.0,0.0,0.0,0.0,0.0,0.0,0.0,0.0,26.2,26.2,26.2,0,0,35.0,1,13222,1,13222,24422,5190,19106,1,325,5187,1,13505,14344,13505,14058,22137,23286,19908,16469,12854,8263,8846,20257,17725,3568,2574,17458,2246,150,10104,1,4:07
2024-25,1641724,Jett Howard,Jett,1610612753,ORL,Orlando Magic,0022400883,2025-03-04T00:00:00,ORL vs. TOR,L,10.446666666666667,0.0,13.8,0.0,0.0,10.3,0.0,0.0,0.0,0.0,0.0,0.0,0.0,3.4,3.4,3.4,0.0,0.0,3.4,0.0,0.0,-6.9,12.1,0,0,10.3,1,13222,1,13222,21943,22635,10525,22635,15070,3115,15070,13505,14344,13505,14058,22137,23286,11570,5136,2312,8263,8846,8911,17725,23200,16470,23992,2246,150,24366,1,10:27
2024-25,1641801,Emanuel Miller,Emanuel,1610612741,CHI,Chicago Bulls,0022400886,2025-03-04T00:00:00,CHI vs. CLE,L,2.3833333333333333,0.0,0.0,0.0,0.0,0.0,0.0,0.0,0.0,0.0,0.0,0.0,0.0,0.0,0.0,0.0,0.0,0.0,0.0,0.0,0.0,-45.3,0.0,0,0,0.0,1,13222,1,13222,25270,22635,24836,22635,15070,20945,15070,13505,14344,13505,14058,22137,23286,19908,16469,12854,8263,8846,20257,17725,23200,25195,25228,2246,150,25259,1,2:23
2024-25,1629216,Gabe Vincent,Gabe,1610612747,LAL,Los Angeles Lakers,0022400890,2025-03-04T00:00:00,LAL vs. NOP,W,28.648333333333333,1.3,8.8,0.143,0.0,7.5,0.0,0.0,0.0,0.0,0.0,0.0,0.0,3.8,0.0,2.5,0.0,0.0,0.0,0.0,2.5,-10.1,15.7,0,0,11.3,1,1,13086,1,8990,22445,19031,22260,15070,7300,15070,13505,14344,13505,14058,22137,23286,10588,16469,4342,8263,8846,20257,17725,23074,17909,22948,2246,150,24151,1,28:39
2024-25,1627739,Kris Dunn,Kris,1610612746,LAC,LA Clippers,0022400889,2025-03-04T00:00:00,LAC @ PHX,L,31.671666666666667,1.1,6.8,0.167,0.0,5.7,0.0,0.0,0.0,0.0,0.0,1.1,1.1,3.4,0.0,2.3,0.0,0.0,5.7,0.0,2.3,3.4,15.6,0,0,11.4,1,13222,1,13222,6256,22553,21767,21938,15070,11502,15070,13505,14344,13505,14058,21668,23029,11660,16469,5138,8263,8846,3422,17725,23121,10928,23002,2246,150,24143,1,31:40
2024-25,1629626,Bol Bol,Bol,1610612756,PHX,Phoenix Suns,0022400889,2025-03-04T00:00:00,PHX vs. LAC,W,9.083333333333334,4.0,19.8,0.2,0.0,7.9,0.0,0.0,0.0,0.0,0.0,4.0,4.0,0.0,4.0,0.0,0.0,0.0,7.9,0.0,7.9,-63.4,8.7,0,0,11.9,1,1,13086,1,22416,17183,3087,21401,15070,6580,15070,13505,14344,13505,14058,13829,17404,19908,3945,12854,8263,8846,1392,17725,19977,25755,24612,2246,150,24008,1,9:05
2024-25,1641824,Matas Buzelis,Matas,1610612741,CHI,Chicago Bulls,0022400886,2025-03-04T00:00:00,CHI vs. CLE,L,31.116666666666667,8.1,19.7,0.412,1.2,8.1,0.143,2.3,2.3,1.0,3.5,4.6,8.1,3.5,0.0,0.0,1.2,1.2,5.8,2.3,19.7,-22.0,38.1,0,0,34.7,1,13222,1,13222,6775,6416,3210,14791,13612,6286,14649,9575,11740,1,4418,11914,8100,11491,16469,12854,6440,6576,3251,11692,8188,22066,8987,2246,150,10293,1,31:07
2024-25,1630568,Luka Garza,Luka,1610612750,MIN,Minnesota Timberwolves,0022400887,2025-03-04T00:00:00,MIN vs. PHI,W,3.2333333333333334,0.0,0.0,0.0,0.0,0.0,0.0,0.0,0.0,0.0,0.0,0.0,0.0,0.0,11.1,0.0,0.0,0.0,11.1,0.0,0.0,-89.1,-11.1,0,0,0.0,1,1,13086,1,24875,22635,24836,22635,15070,20945,15070,13505,14344,13505,14058,22137,23286,19908,246,12854,8263,8846,521,17725,23200,26081,26234,2246,150,25259,1,3:14
2024-25,1628368,De'Aaron Fox,De'Aaron,1610612759,SAS,San Antonio Spurs,0022400888,2025-03-04T00:00:00,SAS vs. BKN,W,27.3,9.2,15.8,0.583,1.3,4.0,0.333,0.0,0.0,0.0,1.3,2.6,4.0,9.2,1.3,0.0,0.0,0.0,0.0,0.0,19.8,4.0,37.1,0,0,34.3,1,1,13086,1,10100,4312,7387,6296,12791,15669,9209,13505,14344,13505,11109,17863,17427,1851,13719,12854,8263,8846,20257,17725,8090,10674,9660,2246,150,10617,1,27:18
2024-25,1641854,Craig Porter Jr.,Craig,1610612739,CLE,Cleveland Cavaliers,0022400886,2025-03-04T00:00:00,CLE @ CHI,W,2.3833333333333333,0.0,0.0,0.0,0.0,0.0,0.0,0.0,0.0,0.0,0.0,0.0,0.0,0.0,0.0,0.0,0.0,0.0,0.0,0.0,0.0,45.3,0.0,0,0,0.0,1,1,13086,1,25270,22635,24836,22635,15070,20945,15070,13505,14344,13505,14058,22137,23286,19908,16469,12854,8263,8846,20257,17725,23200,691,25228,2246,150,25259,1,2:23
2024-25,1630171,Isaac Okoro,Isaac,1610612739,CLE,Cleveland Cavaliers,0022400886,2025-03-04T00:00:00,CLE @ CHI,W,20.466666666666665,3.5,7.0,0.5,0.0,1.8,0.0,0.0,0.0,0.0,0.0,1.8,1.8,1.8,0.0,0.0,0.0,0.0,5.3,1.8,7.0,14.1,11.8,0,0,10.6,1,1,13086,1,15662,18286,21516,8526,15070,19974,15070,13505,14344,13505,14058,20332,22217,17204,16469,12854,8263,8846,4064,14079,20696,5975,24065,2246,150,24323,1,20:28
2024-25,1628976,Wendell Carter Jr.,Wendell,1610612753,ORL,Orlando Magic,0022400883,2025-03-04T00:00:00,ORL vs. TOR,L,23.608333333333334,1.5,7.6,0.2,0.0,3.0,0.0,0.0,0.0,0.0,3.0,6.1,9.1,4.6,1.5,1.5,0.0,0.0,7.6,3.0,3.0,-9.1,23.9,0,0,19.8,1,13222,1,13222,13224,22140,20751,21401,15070,17552,15070,13505,14344,13505,5231,8103,6512,8468,12639,8297,8263,8846,1559,9077,22941,17501,18997,2246,150,20959,1,23:37
2024-25,1627741,Buddy Hield,Buddy,1610612744,GSW,Golden State Warriors,0022400885,2025-03-04T00:00:00,GSW @ NYK,W,23.041666666666668,9.4,20.3,0.462,4.7,15.6,0.3,0.0,0.0,0.0,1.6,7.8,9.4,0.0,3.1,0.0,1.6,0.0,1.6,0.0,23.4,-6.2,36.2,0,0,40.6,1,1,13086,1,13696,4074,2755,12428,2747,582,11319,13505,14344,13505,10067,4993,6225,19908,6051,12854,4663,8846,16986,17725,5173,16189,10198,2246,150,6429,1,23:03
2024-25,1629659,Talen Horton-Tucker,Talen,1610612741,CHI,Chicago Bulls,0022400886,2025-03-04T00:00:00,CHI vs. CLE,L,31.433333333333334,10.3,20.6,0.5,3.4,6.9,0.5,1.1,2.3,0.5,1.1,3.4,4.6,6.9,2.3,0.0,0.0,1.1,3.4,1.1,25.2,-10.3,38.7,0,0,40.1,1,13222,1,13222,6467,2910,2566,8526,5298,8728,3944,12771,11817,10625,12156,15418,15851,4177,9118,12854,8263,6675,8951,16677,4127,18033,8589,2246,150,6736,1,31:26
2024-25,1630700,Dyson Daniels,Dyson,1610612737,ATL,Atlanta Hawks,0022400884,2025-03-04T00:00:00,ATL vs. MIL,L,33.516666666666666,7.5,15.0,0.5,2.1,4.3,0.5,0.0,2.1,0.0,0.0,9.7,9.7,6.4,3.2,2.1,0.0,0.0,2.1,1.1,17.2,-15.0,41.7,0,0,39.7,1,13222,1,13222,4717,7725,8549,8526,9469,14922,3944,13505,12262,13505,14058,2853,5847,4794,5752,5610,8263,8846,14370,17039,10648,19919,6785,2246,150,6928,1,33:31
2024-25,1629022,Lonnie Walker IV,Lonnie,1610612755,PHI,Philadelphia 76ers,0022400887,2025-03-04T00:00:00,PHI @ MIN,L,21.61,3.3,11.7,0.286,1.7,6.7,0.25,1.7,1.7,1.0,1.7,1.7,3.3,1.7,3.3,1.7,0.0,0.0,3.3,3.3,10.0,-41.6,18.2,0,0,20.0,1,13222,1,13222,14848,18678,14196,19630,11495,9184,11902,11474,13325,1,9696,20525,18912,17457,5411,7738,8263,8846,9330,8152,18163,24953,22025,2246,150,20867,1,21:37
2024-25,1627752,Taurean Prince,Taurean,1610612749,MIL,Milwaukee Bucks,0022400884,2025-03-04T00:00:00,MIL @ ATL,W,28.78,3.8,11.3,0.333,2.5,6.3,0.4,0.0,0.0,0.0,0.0,2.5,2.5,2.5,1.3,1.3,0.0,1.3,5.0,1.3,10.0,5.0,19.3,0,0,20.0,1,1,13086,1,8863,17703,14913,17395,8142,10074,7874,13505,14344,13505,14058,18180,20811,14541,14093,9796,8263,5928,4598,16128,18157,10111,21511,2246,150,20846,1,28:47
2024-25,1628988,Aaron Holiday,Aaron,1610612745,HOU,Houston Rockets,0022400882,2025-03-04T00:00:00,HOU @ IND,L,1.5,0.0,0.0,0.0,0.0,0.0,0.0,0.0,0.0,0.0,0.0,0.0,0.0,0.0,0.0,0.0,0.0,0.0,0.0,0.0,0.0,24.0,0.0,0,0,0.0,1,13222,1,13222,25800,22635,24836,22635,15070,20945,15070,13505,14344,13505,14058,22137,23286,19908,16469,12854,8263,8846,20257,17725,23200,3019,25228,2246,150,25259,1,1:30
2024-25,1641722,Jordan Hawkins,Jordan,1610612740,NOP,New Orleans Pelicans,0022400890,2025-03-04T00:00:00,NOP @ LAL,L,29.416666666666668,7.3,17.1,0.429,4.9,12.2,0.4,1.2,2.4,0.5,0.0,4.9,4.9,1.2,1.2,1.2,0.0,2.4,1.2,1.2,20.8,-9.8,31.0,0,0,34.3,1,13222,1,13222,8296,8140,5661,13735,2414,1655,7874,12517,11345,10625,14058,11173,15077,18943,14270,9985,8263,2124,18410,16278,7233,17792,14079,2246,150,10640,1,29:25
2024-25,1629631,De'Andre Hunter,De'Andre,1610612739,CLE,Cleveland Cavaliers,0022400886,2025-03-04T00:00:00,CLE @ CHI,W,23.666666666666668,3.0,10.6,0.286,0.0,3.0,0.0,3.0,3.0,1.0,0.0,7.6,7.6,0.0,0.0,0.0,1.5,0.0,0.0,1.5,9.1,18.3,22.8,0,0,19.8,1,1,13086,1,13171,19335,15970,19630,15070,17567,15070,7686,9866,1,14058,5316,8961,19908,16469,12854,4774,8846,20257,14918,18969,4473,19673,2246,150,20998,1,23:40
2024-25,1630193,Immanuel Quickley,Immanuel,1610612761,TOR,Toronto Raptors,0022400883,2025-03-04T00:00:00,TOR @ ORL,W,26.2,5.5,12.4,0.444,2.7,5.5,0.5,6.9,9.6,0.714,0.0,5.5,5.5,5.5,4.1,0.0,0.0,1.4,2.7,4.1,20.6,2.7,31.3,0,0,34.4,1,1,13086,1,11004,12981,12948,13045,7380,11950,3944,2100,1541,9244,14058,9540,13543,6430,3623,12854,8263,5284,11846,5999,7388,11243,13805,2246,150,10565,1,26:12
2024-25,203078,Bradley Beal,Bradley,1610612756,PHX,Phoenix Suns,0022400889,2025-03-04T00:00:00,PHX vs. LAC,W,14.666666666666666,0.0,9.8,0.0,0.0,2.5,0.0,0.0,0.0,0.0,2.5,2.5,4.9,4.9,4.9,2.5,2.5,0.0,0.0,0.0,0.0,-44.2,23.1,0,0,19.6,1,1,13086,1,19783,22635,17365,22635,15070,18708,15070,13505,14344,13505,6767,18315,15035,7667,2454,4525,2463,8846,20257,17725,23200,25132,19517,2246,150,21072,1,14:40
2024-25,1627747,Caris LeVert,Caris,1610612737,ATL,Atlanta Hawks,0022400884,2025-03-04T00:00:00,ATL vs. MIL,L,29.033333333333335,9.9,16.1,0.615,2.5,5.0,0.5,3.7,3.7,1.0,0.0,3.7,3.7,5.0,0.0,1.2,0.0,0.0,1.2,1.2,26.0,6.2,41.7,0,0,39.7,1,13222,1,13222,8644,3306,6946,5246,8218,13295,3944,6247,8443,1,14058,14571,18021,7552,16469,9865,8263,8846,18326,16181,3659,9515,6794,2246,150,6959,1,29:02
2024-25,1631095,Jabari Smith Jr.,Jabari,1610612745,HOU,Houston Rockets,0022400882,2025-03-04T00:00:00,HOU @ IND,L,37.05,3.9,10.7,0.364,1.9,4.9,0.4,1.9,3.9,0.5,4.9,3.9,8.7,0.0,0.0,0.0,0.0,1.0,2.9,3.9,11.7,-18.5,22.2,0,0,22.3,1,13222,1,13222,1957,17361,15911,16861,10440,13542,7874,10826,8063,10625,2496,14067,7106,19908,16469,12854,8263,8173,11112,6612,16510,21058,20050,2246,150,19455,1,37:03
2024-25,1630530,Trey Murphy III,Trey,1610612740,NOP,New Orleans Pelicans,0022400890,2025-03-04T00:00:00,NOP @ LAL,L,32.5,6.6,13.3,0.5,1.1,6.6,0.167,6.6,7.8,0.857,2.2,4.4,6.6,5.5,3.3,2.2,0.0,0.0,3.3,3.3,21.0,-32.1,40.7,0,0,38.8,1,13222,1,13222,5553,9830,11314,8526,13899,9221,14236,2285,2705,7071,7545,12453,10850,6358,5441,5337,8263,8846,9374,8185,7050,24050,7361,2246,150,7537,1,32:30
2024-25,1641737,Adem Bona,Adem,1610612755,PHI,Philadelphia 76ers,0022400887,2025-03-04T00:00:00,PHI @ MIN,L,7.916666666666667,0.0,0.0,0.0,0.0,0.0,0.0,4.5,9.1,0.5,0.0,4.5,4.5,4.5,0.0,4.5,0.0,0.0,4.5,9.1,4.5,22.7,30.5,0,0,22.7,1,13222,1,13222,22835,22635,24836,22635,15070,20945,15070,4757,1817,10625,14058,12127,15928,8532,16469,1192,8263,8846,5669,619,22268,3308,14442,2246,150,19176,1,7:55
2024-25,203083,Andre Drummond,Andre,1610612755,PHI,Philadelphia 76ers,0022400887,2025-03-04T00:00:00,PHI @ MIN,L,19.316666666666666,1.9,9.3,0.2,0.0,1.9,0.0,3.7,3.7,1.0,5.6,7.5,13.0,5.6,0.0,0.0,1.9,3.7,7.5,5.6,7.5,-28.0,37.1,0,0,29.8,1,13222,1,13222,16563,21638,18248,21401,15070,19806,15070,6230,8424,1,1886,5575,2777,6270,16469,12854,3891,782,1673,3206,20360,23422,9637,2246,150,14084,1,19:19
2024-25,1630639,A.J. Lawson,A.J.,1610612761,TOR,Toronto Raptors,0022400883,2025-03-04T00:00:00,TOR @ ORL,W,26.35,6.8,8.2,0.833,4.1,5.5,0.75,0.0,0.0,0.0,0.0,2.7,2.7,1.4,0.0,0.0,2.7,0.0,4.1,0.0,17.8,-10.9,31.3,0,0,31.4,1,1,13086,1,10858,9346,19946,1514,3789,12046,1542,13505,14344,13505,14058,17599,20385,18444,16469,12854,2034,8846,6840,17725,10070,18290,13836,2246,150,12835,1,26:21
2024-25,1630553,Keon Johnson,Keon,1610612751,BKN,Brooklyn Nets,0022400888,2025-03-04T00:00:00,BKN @ SAS,L,17.671666666666667,4.1,10.2,0.4,2.0,8.1,0.25,6.1,6.1,1.0,0.0,14.3,14.3,2.0,4.1,2.0,0.0,0.0,4.1,4.1,16.3,-26.5,38.5,0,0,38.7,1,13222,1,13222,17803,16916,16762,14933,9979,6187,11902,2768,4337,1,14058,705,2118,16237,3734,6078,8263,8846,6928,6114,11614,23132,8714,2246,150,7587,1,17:40
2024-25,1630200,Tre Jones,Tre,1610612741,CHI,Chicago Bulls,0022400886,2025-03-04T00:00:00,CHI vs. CLE,L,33.53333333333333,4.3,9.7,0.444,1.1,2.1,0.5,0.0,2.1,0.0,1.1,7.5,8.6,7.5,2.1,0.0,1.1,0.0,0.0,1.1,9.7,-27.9,32.3,0,0,29.0,1,13222,1,13222,4698,16332,17647,13045,14107,19276,3944,13505,12267,13505,12689,5471,7330,3380,9738,12854,6955,8846,20257,17040,18484,23418,13077,2246,150,14717,1,33:32
2024-25,203482,Kelly Olynyk,Kelly,1610612740,NOP,New Orleans Pelicans,0022400890,2025-03-04T00:00:00,NOP @ LAL,L,27.22,5.3,11.9,0.444,1.3,2.6,0.5,2.6,2.6,1.0,2.6,2.6,5.3,2.6,2.6,1.3,1.3,1.3,5.3,1.3,14.5,-14.5,30.2,0,0,29.1,1,13222,1,13222,10175,13564,13757,13045,12768,18367,3944,8704,10874,1,6232,17834,14065,14069,7719,9334,5551,5535,4041,15797,13352,19729,14697,2246,150,14627,1,27:13
2024-25,1630541,Moses Moody,Moses,1610612744,GSW,Golden State Warriors,0022400885,2025-03-04T00:00:00,GSW @ NYK,W,26.616666666666667,5.4,10.8,0.5,1.4,5.4,0.25,0.0,0.0,0.0,2.7,2.7,5.4,2.7,0.0,1.4,0.0,0.0,1.4,0.0,12.2,28.4,26.8,0,0,24.3,1,1,13086,1,10633,13246,15662,8526,12645,12193,11902,13505,14344,13505,6090,17686,13790,13894,16469,9175,8263,8846,17813,17725,15955,2198,17101,2246,150,18111,1,26:37
2024-25,1630545,Terrence Shannon Jr.,Terrence,1610612750,MIN,Minnesota Timberwolves,0022400887,2025-03-04T00:00:00,MIN vs. PHI,W,10.45,3.4,3.4,1.0,0.0,0.0,0.0,0.0,0.0,0.0,3.4,3.4,6.9,0.0,3.4,0.0,0.0,0.0,6.9,0.0,6.9,41.3,11.7,0,0,13.8,1,1,13086,1,21938,18444,24332,1,15070,20945,15070,13505,14344,13505,4464,15387,10339,19908,5137,12854,8263,8846,2068,17725,20797,883,24079,2246,150,23481,1,10:27
2024-25,1630224,Jalen Green,Jalen,1610612745,HOU,Houston Rockets,0022400882,2025-03-04T00:00:00,HOU @ IND,L,32.61333333333334,4.4,14.3,0.308,2.2,7.7,0.286,2.2,4.4,0.5,0.0,4.4,4.4,2.2,5.5,1.1,0.0,1.1,2.2,2.2,13.2,-24.3,19.6,0,0,24.3,1,13222,1,13222,5478,16022,9618,19226,9215,6946,11433,9922,7005,10625,14058,12489,16249,15599,1798,10986,8263,7009,14059,12128,14815,22641,21342,2246,150,18146,1,32:37
2024-25,1628415,Dillon Brooks,Dillon,1610612745,HOU,Houston Rockets,0022400882,2025-03-04T00:00:00,HOU @ IND,L,28.5,5.1,20.2,0.25,2.5,11.4,0.222,3.8,5.1,0.75,3.8,1.3,5.1,2.5,2.5,1.3,0.0,0.0,3.8,2.5,16.4,-13.9,27.5,0,0,29.1,1,13222,1,13222,9119,14228,2821,20233,8054,2197,13288,6103,5819,8186,3901,21355,14662,14451,8127,9693,8263,8846,7769,10886,11481,19461,16553,2246,150,14661,1,28:30
2024-25,1626162,Kelly Oubre Jr.,Kelly,1610612755,PHI,Philadelphia 76ers,0022400887,2025-03-04T00:00:00,PHI @ MIN,L,39.57333333333333,10.0,17.3,0.579,0.9,3.6,0.25,0.9,2.7,0.333,0.9,1.8,2.7,1.8,2.7,0.9,0.9,0.9,1.8,2.7,21.8,-10.9,30.6,0,0,30.9,1,13222,1,13222,697,3214,5469,6486,14929,16358,11902,13441,10670,13132,13865,20196,20391,17026,7441,12618,8046,8608,16087,10234,6345,18287,14369,2246,150,13225,1,39:34
2024-25,101108,Chris Paul,Chris,1610612759,SAS,San Antonio Spurs,0022400888,2025-03-04T00:00:00,SAS vs. BKN,W,28.65,5.0,6.3,0.8,3.8,3.8,1.0,0.0,0.0,0.0,0.0,0.0,0.0,8.8,0.0,2.5,0.0,0.0,1.3,1.3,13.8,39.0,34.6,0,0,31.4,1,1,13086,1,8973,14302,22338,1688,4524,16061,1,13505,14344,13505,14058,22137,23286,2189,16469,4343,8263,8846,18237,16100,14129,1045,11407,2246,150,12847,1,28:39
2024-25,203992,Bogdan Bogdanović,Bogdan,1610612746,LAC,LA Clippers,0022400889,2025-03-04T00:00:00,LAC @ PHX,L,36.901666666666664,4.9,6.8,0.714,2.9,3.9,0.75,0.0,0.0,0.0,0.0,3.9,3.9,2.9,1.0,0.0,0.0,0.0,4.9,1.0,12.7,18.5,20.8,0,0,22.4,1,13222,1,13222,2057,14724,21757,2752,6773,15781,1542,13505,14344,13505,14058,14018,17564,13180,15995,12854,8263,8846,4882,17472,15409,4398,20801,2246,150,19401,1,36:54
2024-25,1628396,Tony Bradley,Tony,1610612754,IND,Indiana Pacers,0022400882,2025-03-04T00:00:00,IND vs. HOU,W,0.9116666666666666,0.0,0.0,0.0,0.0,0.0,0.0,0.0,0.0,0.0,0.0,39.5,39.5,0.0,0.0,0.0,0.0,0.0,0.0,0.0,0.0,79.0,47.4,0,0,39.5,1,1,13086,1,26084,22635,24836,22635,15070,20945,15070,13505,14344,13505,14058,13,29,19908,16469,12854,8263,8846,20257,17725,23200,173,4184,2246,150,7077,1,0:55
2024-25,1630572,Sandro Mamukelashvili,Sandro,1610612759,SAS,San Antonio Spurs,0022400888,2025-03-04T00:00:00,SAS vs. BKN,W,1.5666666666666667,0.0,0.0,0.0,0.0,0.0,0.0,0.0,0.0,0.0,0.0,23.0,23.0,0.0,0.0,0.0,0.0,0.0,0.0,0.0,0.0,-68.9,27.6,0,0,23.0,1,1,13086,1,25750,22635,24836,22635,15070,20945,15070,13505,14344,13505,14058,102,264,19908,16469,12854,8263,8846,20257,17725,23200,25867,16520,2246,150,19033,1,1:34
2024-25,1628371,Jonathan Isaac,Jonathan,1610612753,ORL,Orlando Magic,0022400883,2025-03-04T00:00:00,ORL vs. TOR,L,18.235,2.0,7.9,0.25,2.0,5.9,0.333,0.0,0.0,0.0,0.0,5.9,5.9,2.0,0.0,2.0,5.9,0.0,5.9,2.0,5.9,15.8,39.7,0,0,31.6,1,13222,1,13222,17416,21452,20419,20233,10271,10876,9209,13505,14344,13505,14058,8501,12474,16467,16469,6374,321,8846,3047,13193,21442,5328,7970,2246,150,12713,1,18:14
2024-25,1628404,Josh Hart,Josh,1610612752,NYK,New York Knicks,0022400885,2025-03-04T00:00:00,NYK vs. GSW,L,33.083333333333336,1.1,8.7,0.125,0.0,4.4,0.0,0.0,0.0,0.0,1.1,7.6,8.7,3.3,2.2,0.0,0.0,1.1,1.1,1.1,2.2,-23.9,15.3,0,0,14.1,1,13222,1,13222,5083,22583,19185,22420,15070,14788,15070,13505,14344,13505,12566,5293,7164,12096,9613,12854,8263,7163,19164,16960,23139,22556,23077,2246,150,23377,1,33:05
2024-25,203484,Kentavious Caldwell-Pope,Kentavious,1610612753,ORL,Orlando Magic,0022400883,2025-03-04T00:00:00,ORL vs. TOR,L,26.933333333333334,6.7,14.7,0.455,1.3,4.0,0.333,1.3,1.3,1.0,0.0,2.7,2.7,4.0,1.3,2.7,0.0,1.3,1.3,1.3,16.0,-13.4,31.9,0,0,29.4,1,13222,1,13222,10388,9726,9052,12676,12703,15565,9209,12209,13682,1,14058,17760,20507,9909,13638,3965,8263,5463,17878,15734,11880,19258,13365,2246,150,14399,1,26:56
2024-25,1631260,AJ Green,AJ,1610612749,MIL,Milwaukee Bucks,0022400884,2025-03-04T00:00:00,MIL @ ATL,W,23.336666666666666,4.6,12.3,0.375,3.1,9.3,0.333,0.0,0.0,0.0,0.0,6.2,6.2,1.5,1.5,0.0,0.0,0.0,0.0,0.0,12.3,1.5,20.5,0,0,23.1,1,1,13086,1,13432,15425,13013,16299,6258,4447,9209,13505,14344,13505,14058,7972,11893,17831,12572,12854,8263,8846,20257,17725,15776,11854,20932,2246,150,18905,1,23:20
2024-25,1641716,Jarace Walker,Jarace,1610612754,IND,Indiana Pacers,0022400882,2025-03-04T00:00:00,IND vs. HOU,W,10.123333333333333,3.6,3.6,1.0,0.0,0.0,0.0,0.0,0.0,0.0,0.0,0.0,0.0,7.1,3.6,0.0,0.0,0.0,3.6,0.0,7.1,-7.1,14.2,0,0,14.2,1,1,13086,1,22065,18188,24287,1,15070,20945,15070,13505,14344,13505,14058,22137,23286,3872,4892,12854,8263,8846,8579,17725,20624,16562,23423,2246,150,23351,1,10:07
2024-25,1629614,Andrew Nembhard,Andrew,1610612754,IND,Indiana Pacers,0022400882,2025-03-04T00:00:00,IND vs. HOU,W,34.6,2.1,6.2,0.333,1.0,3.1,0.333,0.0,0.0,0.0,1.0,5.2,6.2,6.2,1.0,4.2,2.1,0.0,2.1,2.1,5.2,20.8,39.7,0,0,31.2,1,1,13086,1,3784,21262,22375,17395,14300,17415,9209,13505,14344,13505,12937,10272,11720,5096,15555,1487,3252,8846,14694,12699,21908,3745,7923,2246,150,12990,1,34:36
2024-25,1631110,Jeremy Sochan,Jeremy,1610612759,SAS,San Antonio Spurs,0022400888,2025-03-04T00:00:00,SAS vs. BKN,W,21.633333333333333,1.7,6.7,0.25,0.0,1.7,0.0,0.0,0.0,0.0,0.0,3.3,3.3,5.0,0.0,0.0,1.7,3.3,6.7,1.7,3.3,-8.3,19.8,0,0,15.0,1,1,13086,1,14814,21942,21944,20233,15070,20088,15070,13505,14344,13505,14058,15699,18919,7482,16469,12854,4386,1047,2261,14395,22836,17103,21256,2246,150,23068,1,21:38
2024-25,1630162,Anthony Edwards,Anthony,1610612750,MIN,Minnesota Timberwolves,0022400887,2025-03-04T00:00:00,MIN vs. PHI,W,29.9,6.0,13.2,0.455,2.4,7.2,0.333,7.2,8.4,0.857,0.0,6.0,6.0,1.2,2.4,0.0,0.0,2.4,2.4,7.2,21.7,-3.6,28.3,0,0,31.3,1,1,13086,1,7869,11451,11407,12676,8461,7995,9209,1853,2245,7071,14058,8282,12228,19005,8619,12854,8263,2201,13159,1494,6482,14853,15998,2246,150,12922,1,29:54
2024-25,1631197,Jared Rhoden,Jared,1610612761,TOR,Toronto Raptors,0022400883,2025-03-04T00:00:00,TOR @ ORL,W,20.511666666666667,3.5,8.8,0.4,0.0,5.3,0.0,0.0,0.0,0.0,0.0,3.5,3.5,0.0,0.0,0.0,1.8,0.0,3.5,0.0,7.0,-5.3,16.5,0,0,14.0,1,1,13086,1,15636,18308,19067,14933,15070,12554,15070,13505,14344,13505,14058,15209,18528,19908,16469,12854,4155,8846,8719,17725,20711,15731,22669,2246,150,23412,1,20:31
2024-25,1642367,Jonathan Mogbo,Jonathan,1610612761,TOR,Toronto Raptors,0022400883,2025-03-04T00:00:00,TOR @ ORL,W,7.233333333333333,0.0,10.0,0.0,0.0,0.0,0.0,0.0,0.0,0.0,5.0,10.0,14.9,0.0,5.0,0.0,0.0,5.0,5.0,0.0,0.0,10.0,12.9,0,0,14.9,1,1,13086,1,23081,22635,17138,22635,15070,20945,15070,13505,14344,13505,2397,2620,1802,19908,2367,12854,8263,375,4664,17725,23200,7720,23787,2246,150,23083,1,7:14
2024-25,1641783,Tristan da Silva,Tristan,1610612753,ORL,Orlando Magic,0022400883,2025-03-04T00:00:00,ORL vs. TOR,L,28.075,5.1,6.4,0.8,5.1,6.4,0.8,0.0,0.0,0.0,1.3,2.6,3.8,2.6,1.3,1.3,0.0,0.0,2.6,0.0,15.4,10.3,26.4,0,0,29.5,1,13222,1,13222,9485,14013,22189,1688,2127,9725,1389,13505,14344,13505,11283,18025,17719,14324,13892,9568,8263,8846,12551,17725,12534,7580,17337,2246,150,14328,1,28:05
2024-25,1628975,Jevon Carter,Jevon,1610612741,CHI,Chicago Bulls,0022400886,2025-03-04T00:00:00,CHI vs. CLE,L,15.866666666666667,2.3,11.3,0.2,2.3,11.3,0.2,0.0,0.0,0.0,0.0,4.5,4.5,6.8,0.0,2.3,2.3,0.0,2.3,0.0,6.8,2.3,36.1,0,0,29.5,1,13222,1,13222,19018,20911,14756,21401,8977,2225,13429,13505,14344,13505,14058,12154,15952,4281,16469,5150,2801,8846,13784,17725,20858,11480,10314,2246,150,14325,1,15:52
2024-25,1630579,Jericho Sims,Jericho,1610612749,MIL,Milwaukee Bucks,0022400884,2025-03-04T00:00:00,MIL @ ATL,W,14.616666666666667,2.5,4.9,0.5,0.0,0.0,0.0,0.0,0.0,0.0,4.9,2.5,7.4,2.5,4.9,0.0,0.0,2.5,4.9,2.5,4.9,-2.5,12.6,0,0,14.8,1,1,13086,1,19811,20530,23511,8526,15070,20945,15070,13505,14344,13505,2438,18287,9392,14671,2427,12854,8263,2101,4784,11120,22049,14291,23884,2246,150,23143,1,14:37
2024-25,1627824,Guerschon Yabusele,Guerschon,1610612755,PHI,Philadelphia 76ers,0022400887,2025-03-04T00:00:00,PHI @ MIN,L,36.42,6.9,13.8,0.5,1.0,4.9,0.2,3.0,4.0,0.75,3.0,4.0,6.9,0.0,1.0,2.0,0.0,1.0,3.0,3.0,17.8,-6.9,31.0,0,0,29.7,1,13222,1,13222,2392,9129,10439,8526,14614,13342,13429,7907,7937,8186,5426,13866,10294,19908,15918,6354,8263,8022,10874,9376,10035,16483,14033,2246,150,14199,1,36:25
2024-25,1641710,Anthony Black,Anthony,1610612753,ORL,Orlando Magic,0022400883,2025-03-04T00:00:00,ORL vs. TOR,L,14.866666666666667,2.4,9.7,0.25,0.0,4.8,0.0,7.3,9.7,0.75,4.8,0.0,4.8,2.4,2.4,2.4,0.0,2.4,7.3,7.3,12.1,2.4,26.4,0,0,24.2,1,13222,1,13222,19657,20613,17601,20233,15070,13590,15070,1821,1512,8186,2516,22137,15192,14805,8566,4628,8263,2174,1796,1469,16025,11406,17355,2246,150,18196,1,14:52
2024-25,203468,CJ McCollum,CJ,1610612740,NOP,New Orleans Pelicans,0022400890,2025-03-04T00:00:00,NOP @ LAL,L,25.4,5.7,15.6,0.364,1.4,7.1,0.2,1.4,1.4,1.0,0.0,4.3,4.3,7.1,1.4,1.4,0.0,0.0,1.4,1.4,14.2,-41.1,32.7,0,0,29.8,1,13222,1,13222,11651,12503,7709,16861,12379,8277,13429,11982,13574,1,14058,12960,16672,3904,13188,8817,8263,8846,17553,15378,13759,24917,12769,2246,150,14129,1,25:24
2024-25,1628418,Thomas Bryant,Thomas,1610612754,IND,Indiana Pacers,0022400882,2025-03-04T00:00:00,IND vs. HOU,W,20.89,6.9,8.6,0.8,3.4,5.2,0.667,0.0,0.0,0.0,1.7,6.9,8.6,1.7,1.7,0.0,0.0,0.0,3.4,3.4,17.2,-5.2,28.4,0,0,31.0,1,1,13086,1,15363,9180,19334,1688,5270,12772,1957,13505,14344,13505,9499,6547,7287,17302,11835,12854,8263,8846,8908,7820,10596,15680,15915,2246,150,13142,1,20:53
2024-25,1631207,Dalen Terry,Dalen,1610612741,CHI,Chicago Bulls,0022400886,2025-03-04T00:00:00,CHI vs. CLE,L,16.466666666666665,4.4,10.9,0.4,0.0,4.4,0.0,0.0,0.0,0.0,0.0,2.2,2.2,4.4,0.0,0.0,0.0,0.0,6.6,0.0,8.7,-19.7,17.9,0,0,15.3,1,13222,1,13222,18617,16141,15475,14933,15070,14752,15070,13505,14344,13505,14058,19110,21442,8954,16469,12854,8263,8846,2361,17725,19305,21461,22127,2246,150,22956,1,16:28
2024-25,201572,Brook Lopez,Brook,1610612749,MIL,Milwaukee Bucks,0022400884,2025-03-04T00:00:00,MIL @ ATL,W,33.38333333333333,5.4,15.1,0.357,1.1,5.4,0.2,2.2,2.2,1.0,4.3,9.7,14.0,3.2,1.1,1.1,1.1,2.2,1.1,2.2,14.0,7.5,41.1,1,0,36.7,1,1,13086,1,4824,13300,8437,17140,14080,12230,13429,10098,12226,1,3143,2814,2226,12184,15286,11207,6923,2748,19225,12362,13913,8859,7125,1,150,8938,1,33:23
2024-25,1629011,Mitchell Robinson,Mitchell,1610612752,NYK,New York Knicks,0022400885,2025-03-04T00:00:00,NYK vs. GSW,L,15.316666666666666,7.1,14.1,0.5,0.0,0.0,0.0,2.4,2.4,1.0,9.4,2.4,11.8,0.0,2.4,0.0,0.0,0.0,4.7,2.4,16.5,-23.5,28.2,0,0,28.2,1,13222,1,13222,19361,8814,10004,8526,15070,20945,15070,9448,11624,1,489,18624,3714,19908,8862,12854,8263,8846,5281,11541,11441,22463,16068,2246,150,15290,1,15:19
2024-25,1630532,Franz Wagner,Franz,1610612753,ORL,Orlando Magic,0022400883,2025-03-04T00:00:00,ORL vs. TOR,L,35.85333333333333,11.0,23.1,0.478,3.0,7.0,0.429,3.0,4.0,0.75,0.0,5.0,5.0,1.0,4.0,0.0,0.0,5.0,4.0,6.0,28.1,8.0,31.6,0,0,37.2,1,13222,1,13222,2784,2223,1358,11986,6465,8403,7394,7771,7808,8186,14058,10824,14744,19666,3854,12854,8263,368,7094,2586,2740,8620,13593,2246,150,8616,1,35:51
2024-25,1628960,Grayson Allen,Grayson,1610612756,PHX,Phoenix Suns,0022400889,2025-03-04T00:00:00,PHX vs. LAC,W,23.971666666666668,4.5,4.5,1.0,3.0,3.0,1.0,0.0,0.0,0.0,0.0,4.5,4.5,3.0,0.0,3.0,0.0,0.0,3.0,0.0,12.0,24.0,30.9,0,0,28.5,1,1,13086,1,12927,15765,23806,1,6492,17633,1,13505,14344,13505,14058,12250,16045,12916,16469,3132,8263,8846,10700,17725,16117,3014,14099,2246,150,15042,1,23:58
2024-25,1629018,Gary Trent Jr.,Gary,1610612749,MIL,Milwaukee Bucks,0022400884,2025-03-04T00:00:00,MIL @ ATL,W,24.57,8.8,14.7,0.6,2.9,8.8,0.333,1.5,1.5,1.0,0.0,0.0,0.0,2.9,1.5,2.9,0.0,0.0,2.9,1.5,22.0,1.5,33.7,0,0,33.7,1,1,13086,1,12407,5097,9132,5394,6760,5125,9209,11863,13520,1,14058,22137,23286,13167,12932,3322,8263,8846,11033,15154,6238,11884,12042,2246,150,11075,1,24:34
2024-25,1630183,Jaden McDaniels,Jaden,1610612750,MIN,Minnesota Timberwolves,0022400887,2025-03-04T00:00:00,MIN vs. PHI,W,37.266666666666666,6.8,9.7,0.7,1.0,1.9,0.5,1.9,1.9,1.0,1.0,1.9,2.9,1.9,1.0,1.9,3.9,0.0,1.9,1.0,16.4,15.5,39.2,0,0,33.8,1,1,13086,1,1815,9523,17652,3045,14721,19680,3944,10858,12903,1,13526,19887,20000,16636,16055,6609,997,8846,15505,17500,11479,5449,8255,2246,150,10992,1,37:16
2024-25,1629731,Dean Wade,Dean,1610612739,CLE,Cleveland Cavaliers,0022400886,2025-03-04T00:00:00,CLE @ CHI,W,19.9,3.6,12.7,0.286,3.6,12.7,0.286,0.0,0.0,0.0,3.6,3.6,7.2,0.0,3.6,0.0,1.8,0.0,1.8,0.0,10.9,-9.0,21.3,0,0,25.3,1,1,13086,1,16094,18037,12460,19630,4876,1446,11433,13505,14344,13505,4182,14873,9674,19908,4742,12854,4039,8846,16138,17725,17309,17448,20503,2246,150,17412,1,19:54
2024-25,1626156,D'Angelo Russell,D'Angelo,1610612751,BKN,Brooklyn Nets,0022400888,2025-03-04T00:00:00,BKN @ SAS,L,25.111666666666668,5.7,15.8,0.364,2.9,11.5,0.25,2.9,2.9,1.0,1.4,0.0,1.4,5.7,1.4,1.4,1.4,0.0,0.0,1.4,17.2,10.0,34.7,0,0,33.0,1,13222,1,13222,11912,12318,7443,16861,6999,2128,11902,8178,10316,1,10603,22137,22653,5984,13088,8738,5104,8846,20257,15309,10624,7683,11297,2246,150,11672,1,25:07
2024-25,1641741,Ricky Council IV,Ricky,1610612755,PHI,Philadelphia 76ers,0022400887,2025-03-04T00:00:00,PHI @ MIN,L,7.233333333333333,5.0,19.9,0.25,5.0,10.0,0.5,0.0,0.0,0.0,0.0,0.0,0.0,5.0,0.0,0.0,0.0,0.0,0.0,0.0,14.9,-5.0,22.4,0,0,24.9,1,13222,1,13222,23081,14462,3030,20233,2307,3541,3944,13505,14344,13505,14058,22137,23286,7520,16469,12854,8263,8846,20257,17725,12985,15570,19930,2246,150,17766,1,7:14
2024-25,1631159,Leonard Miller,Leonard,1610612750,MIN,Minnesota Timberwolves,0022400887,2025-03-04T00:00:00,MIN vs. PHI,W,3.2333333333333334,11.1,11.1,1.0,0.0,0.0,0.0,0.0,0.0,0.0,0.0,11.1,11.1,0.0,0.0,0.0,0.0,0.0,0.0,0.0,22.3,-89.1,35.6,0,0,33.4,1,1,13086,1,24875,2153,15133,1,15070,20945,15070,13505,14344,13505,14058,1830,4288,19908,16469,12854,8263,8846,20257,17725,6027,26081,10625,2246,150,11316,1,3:14
2024-25,1629027,Trae Young,Trae,1610612737,ATL,Atlanta Hawks,0022400884,2025-03-04T00:00:00,ATL vs. MIL,L,35.40833333333333,9.2,24.4,0.375,1.0,6.1,0.167,9.2,9.2,1.0,0.0,2.0,2.0,13.2,4.1,1.0,0.0,0.0,2.0,8.1,28.5,-10.2,49.7,1,0,46.8,1,13222,1,13222,3145,4443,952,16299,14448,10442,14236,952,1794,1,14058,19553,21738,495,3750,11798,8263,8846,14959,950,2606,17958,3348,1,150,3562,1,35:25
2024-25,1630241,Sam Merrill,Sam,1610612739,CLE,Cleveland Cavaliers,0022400886,2025-03-04T00:00:00,CLE @ CHI,W,15.116666666666667,9.5,14.3,0.667,7.1,11.9,0.6,0.0,0.0,0.0,0.0,4.8,4.8,0.0,0.0,0.0,4.8,0.0,0.0,0.0,26.2,-9.5,46.2,0,0,47.6,1,1,13086,1,19484,3839,9709,3281,712,1828,2992,13505,14344,13505,14058,11536,15395,19908,16469,12854,589,8846,20257,17725,3585,17684,4664,2246,150,3271,1,15:07
2024-25,1629611,Terance Mann,Terance,1610612737,ATL,Atlanta Hawks,0022400884,2025-03-04T00:00:00,ATL vs. MIL,L,21.15,6.8,11.9,0.571,6.8,10.2,0.667,0.0,0.0,0.0,1.7,5.1,6.8,6.8,5.1,1.7,1.7,0.0,1.7,1.7,20.4,11.9,43.9,0,0,47.7,1,13222,1,13222,15185,9403,13732,6538,839,3257,1957,13505,14344,13505,9572,10548,10511,4280,2217,7601,4287,8846,16532,14259,7563,6830,5711,2246,150,3264,1,21:09
2024-25,1631213,Tyrese Martin,Tyrese,1610612751,BKN,Brooklyn Nets,0022400888,2025-03-04T00:00:00,BKN @ SAS,L,22.888333333333332,6.3,12.6,0.5,1.6,7.9,0.2,0.0,0.0,0.0,1.6,3.1,4.7,4.7,1.6,0.0,0.0,0.0,3.1,0.0,14.2,-33.0,25.3,0,0,25.2,1,13222,1,13222,13802,10745,12604,8526,11781,6682,13429,13505,14344,13505,10034,16287,15512,8147,12454,12854,8263,8846,10114,17725,13782,24167,18058,2246,150,17545,1,22:53
2024-25,1627751,Jakob Poeltl,Jakob,1610612761,TOR,Toronto Raptors,0022400883,2025-03-04T00:00:00,TOR @ ORL,W,23.623333333333335,9.1,12.2,0.75,0.0,0.0,0.0,7.6,7.6,1.0,3.0,7.6,10.7,3.0,0.0,3.0,1.5,0.0,7.6,7.6,25.9,21.3,57.0,0,0,48.8,1,1,13086,1,13214,4456,13277,2107,15070,20945,15070,1591,2796,1,5233,5287,4750,12770,16469,3055,4766,8846,1563,1242,3727,3615,1640,2246,150,2901,1,23:37
2024-25,1626145,Tyus Jones,Tyus,1610612756,PHX,Phoenix Suns,0022400889,2025-03-04T00:00:00,PHX vs. LAC,W,18.816666666666666,1.9,5.7,0.333,1.9,5.7,0.333,5.7,5.7,1.0,0.0,1.9,1.9,9.6,1.9,1.9,0.0,0.0,1.9,3.8,11.5,-9.6,32.0,0,0,28.7,1,1,13086,1,16954,21565,22872,17395,10574,11360,9209,3149,4834,1,14058,19933,21976,1666,10976,6698,8263,8846,15605,6779,16699,17705,13362,2246,150,14930,1,18:49
2024-25,1642347,Jamal Shead,Jamal,1610612761,TOR,Toronto Raptors,0022400883,2025-03-04T00:00:00,TOR @ ORL,W,21.8,5.0,16.5,0.3,1.7,6.6,0.25,1.7,1.7,1.0,0.0,1.7,1.7,8.3,5.0,1.7,0.0,1.7,8.3,1.7,13.2,-1.7,27.6,0,0,28.1,1,1,13086,1,14669,14524,6402,19363,11531,9302,11902,11500,13339,1,14058,20562,22365,2650,2399,7805,8263,4286,1246,14439,14858,13857,16517,2246,150,15375,1,21:48
2024-25,202709,Cory Joseph,Cory,1610612753,ORL,Orlando Magic,0022400883,2025-03-04T00:00:00,ORL vs. TOR,L,26.125,4.1,9.6,0.429,2.8,8.3,0.333,0.0,0.0,0.0,0.0,1.4,1.4,6.9,1.4,1.4,0.0,0.0,4.1,1.4,11.0,-1.4,25.8,0,0,24.8,1,13222,1,13222,11072,16761,17681,13735,7363,5973,9209,13505,14344,13505,14058,21132,22725,4149,13414,9024,8263,8846,6726,15537,17159,13748,17770,2246,150,17825,1,26:08
2024-25,1628384,OG Anunoby,OG,1610612752,NYK,New York Knicks,0022400885,2025-03-04T00:00:00,NYK vs. GSW,L,41.766666666666666,9.5,16.4,0.579,3.4,7.8,0.444,2.6,4.3,0.6,1.7,0.9,2.6,2.6,3.4,0.0,0.0,0.0,3.4,3.4,25.0,-8.6,28.5,0,0,33.6,1,13222,1,13222,274,3905,6574,6486,5264,6886,7211,8841,7188,10343,9491,22123,20664,14262,5130,12854,8263,8846,8900,7814,4217,17243,15856,2246,150,11147,1,41:46
2024-25,1629628,RJ Barrett,RJ,1610612761,TOR,Toronto Raptors,0022400883,2025-03-04T00:00:00,TOR @ ORL,W,31.7,7.9,15.9,0.5,3.4,6.8,0.5,4.5,10.2,0.444,0.0,9.1,9.1,10.2,2.3,0.0,1.1,1.1,2.3,6.8,23.8,6.8,51.2,0,0,48.8,1,1,13086,1,6233,6736,7268,8526,5363,8870,3944,4768,1285,13035,14058,3422,6608,1325,9208,12854,6571,6749,13770,1806,4907,9227,2922,2246,150,2882,1,31:42
2024-25,1627783,Pascal Siakam,Pascal,1610612754,IND,Indiana Pacers,0022400882,2025-03-04T00:00:00,IND vs. HOU,W,31.416666666666668,9.2,21.8,0.421,0.0,5.7,0.0,2.3,2.3,1.0,1.1,1.1,2.3,2.3,2.3,0.0,0.0,0.0,2.3,1.1,20.6,-10.3,24.5,0,0,25.2,1,1,13086,1,6487,4411,1917,14442,15070,11381,15070,9656,11810,1,12148,21643,21217,15266,9112,12854,8263,8846,13688,16672,7372,18037,18592,2246,150,17510,1,31:25
2024-25,1630560,Cam Thomas,Cam,1610612751,BKN,Brooklyn Nets,0022400888,2025-03-04T00:00:00,BKN @ SAS,L,25.778333333333332,11.2,26.5,0.421,5.6,18.2,0.308,5.6,5.6,1.0,0.0,1.4,1.4,8.4,1.4,0.0,0.0,1.4,0.0,2.8,33.5,-5.6,46.4,0,0,48.9,1,13222,1,13222,11350,2128,554,14442,1672,321,11292,3330,5065,1,14058,21095,22700,2533,13300,12854,8263,5189,20257,9987,1211,15874,4594,2246,150,2864,1,25:47
2024-25,1630592,Jalen Wilson,Jalen,1610612751,BKN,Brooklyn Nets,0022400888,2025-03-04T00:00:00,BKN @ SAS,L,21.955,6.6,11.5,0.571,4.9,8.2,0.6,3.3,3.3,1.0,0.0,0.0,0.0,1.6,1.6,0.0,0.0,0.0,1.6,3.3,21.3,0.0,22.1,0,0,27.9,1,13222,1,13222,14536,10040,14515,6538,2381,6086,2992,7146,9357,1,14058,22137,23286,17538,12183,12854,8263,8846,16751,8311,6808,12240,20056,2246,150,15529,1,21:57
2024-25,1630288,Jeff Dowtin Jr.,Jeff,1610612755,PHI,Philadelphia 76ers,0022400887,2025-03-04T00:00:00,PHI @ MIN,L,10.84,0.0,0.0,0.0,0.0,0.0,0.0,16.6,26.6,0.625,6.6,3.3,10.0,6.6,0.0,0.0,0.0,0.0,3.3,13.3,16.6,-19.9,38.5,0,0,33.2,1,13222,1,13222,21779,22635,24836,22635,15070,20945,15070,127,76,10271,1307,15734,5470,4515,16469,12854,8263,8846,9384,144,11278,21530,8693,2246,150,11489,1,10:50
2024-25,1631255,Karlo Matković,Karlo,1610612740,NOP,New Orleans Pelicans,0022400890,2025-03-04T00:00:00,NOP @ LAL,L,17.881666666666668,4.0,8.1,0.5,0.0,2.0,0.0,2.0,2.0,1.0,2.0,6.0,8.1,6.0,2.0,0.0,2.0,0.0,0.0,2.0,10.1,-10.1,32.8,0,0,28.2,1,13222,1,13222,17647,17032,20174,8526,15070,19533,15070,10602,12688,1,8328,8249,8169,5416,10457,12854,3447,8846,20257,13023,18093,17914,12711,2246,150,15307,1,17:53
2024-25,202710,Jimmy Butler III,Jimmy,1610612744,GSW,Golden State Warriors,0022400885,2025-03-04T00:00:00,GSW @ NYK,W,34.86666666666667,6.2,12.4,0.5,0.0,3.1,0.0,7.2,9.3,0.778,1.0,3.1,4.1,4.1,1.0,0.0,0.0,0.0,2.1,8.3,19.6,1.0,29.7,0,0,27.9,1,1,13086,1,3564,10986,12908,8526,15070,17462,15070,1849,1714,8092,13006,16416,17004,9575,15618,12854,8263,8846,14781,907,8243,12130,14995,2246,150,15526,1,34:52
2024-25,1642266,Ja'Kobe Walter,Ja'Kobe,1610612761,TOR,Toronto Raptors,0022400883,2025-03-04T00:00:00,TOR @ ORL,W,28.316666666666666,5.1,12.7,0.4,2.5,5.1,0.5,8.9,10.2,0.875,1.3,2.5,3.8,0.0,5.1,1.3,1.3,0.0,1.3,6.4,21.6,5.1,28.7,0,0,33.1,1,1,13086,1,9285,14131,12361,14933,8004,12992,3944,1042,1305,6931,11350,18076,17789,19908,2239,9641,5786,8846,18162,2232,6535,10064,15693,2246,150,11616,1,28:19
2024-25,201142,Kevin Durant,Kevin,1610612756,PHX,Phoenix Suns,0022400889,2025-03-04T00:00:00,PHX vs. LAC,W,41.13333333333333,8.8,19.3,0.455,3.5,9.6,0.364,8.8,8.8,1.0,0.0,6.1,6.1,3.5,1.8,0.9,1.8,0.0,1.8,4.4,29.8,14.0,48.5,0,0,48.1,1,1,13086,1,351,5176,3541,12676,5147,3943,9100,1091,2018,1,14058,8044,11984,11384,11732,12746,4165,8846,16367,5410,2179,6009,3814,2246,150,3101,1,41:08
2024-25,1629661,Cameron Johnson,Cameron,1610612751,BKN,Brooklyn Nets,0022400888,2025-03-04T00:00:00,BKN @ SAS,L,31.161666666666665,6.9,11.6,0.6,3.5,6.9,0.5,2.3,2.3,1.0,1.2,2.3,3.5,4.6,2.3,1.2,0.0,1.2,1.2,1.2,19.6,-22.0,31.9,0,0,33.5,1,13222,1,13222,6741,9094,14383,5394,5227,8608,3944,9585,11750,1,12068,18734,18625,8368,9026,10542,8263,6594,18784,16620,8215,22057,13413,2246,150,11237,1,31:10
2024-25,1630167,Obi Toppin,Obi,1610612754,IND,Indiana Pacers,0022400882,2025-03-04T00:00:00,IND vs. HOU,W,16.43166666666667,8.8,13.1,0.667,6.6,8.8,0.75,4.4,4.4,1.0,2.2,8.8,11.0,2.2,4.4,0.0,0.0,0.0,4.4,2.2,28.5,39.4,40.5,0,0,48.2,1,1,13086,1,18641,5151,11587,3281,959,5160,1542,5022,7061,1,7608,3759,4450,15659,3167,12854,8263,8846,6061,12198,2600,1016,7441,2246,150,3084,1,16:26
2024-25,1641721,Maxwell Lewis,Maxwell,1610612751,BKN,Brooklyn Nets,0022400888,2025-03-04T00:00:00,BKN @ SAS,L,2.033333333333333,0.0,0.0,0.0,0.0,0.0,0.0,0.0,0.0,0.0,0.0,17.7,17.7,0.0,0.0,0.0,0.0,0.0,0.0,0.0,0.0,53.1,21.2,0,0,17.7,1,13222,1,13222,25436,22635,24836,22635,15070,20945,15070,13505,14344,13505,14058,275,962,19908,16469,12854,8263,8846,20257,17725,23200,482,20575,2246,150,21984,1,2:02
2024-25,1628971,Bruce Brown,Bruce,1610612740,NOP,New Orleans Pelicans,0022400890,2025-03-04T00:00:00,NOP @ LAL,L,24.08,3.0,7.5,0.4,0.0,3.0,0.0,0.0,0.0,0.0,3.0,4.5,7.5,1.5,1.5,1.5,0.0,0.0,4.5,0.0,6.0,-25.4,20.2,0,0,17.9,1,13222,1,13222,12822,19456,20966,14933,15070,17688,15070,13505,14344,13505,5368,12298,9217,18001,12770,8433,8263,8846,5811,17725,21416,22899,21070,2246,150,21898,1,24:05
2024-25,1630256,Jae'Sean Tate,Jae'Sean,1610612745,HOU,Houston Rockets,0022400882,2025-03-04T00:00:00,HOU @ IND,L,1.5,0.0,0.0,0.0,0.0,0.0,0.0,0.0,0.0,0.0,0.0,24.0,24.0,0.0,0.0,0.0,0.0,0.0,0.0,0.0,0.0,24.0,28.8,0,0,24.0,1,13222,1,13222,25800,22635,24836,22635,15070,20945,15070,13505,14344,13505,14058,88,221,19908,16469,12854,8263,8846,20257,17725,23200,3019,15629,2246,150,18317,1,1:30
2024-25,1641998,Trey Jemison III,Trey,1610612747,LAL,Los Angeles Lakers,0022400890,2025-03-04T00:00:00,LAL vs. NOP,W,16.983333333333334,4.2,4.2,1.0,0.0,0.0,0.0,0.0,0.0,0.0,6.4,4.2,10.6,4.2,0.0,0.0,0.0,0.0,4.2,0.0,8.5,14.8,27.6,0,0,23.3,1,1,13086,1,18265,16484,23969,1,15070,20945,15070,13505,14344,13505,1447,13006,4816,9280,16469,12854,8263,8846,6448,17725,19533,5692,16532,2246,150,18789,1,16:59
2024-25,1641740,Jaylen Clark,Jaylen,1610612750,MIN,Minnesota Timberwolves,0022400887,2025-03-04T00:00:00,MIN vs. PHI,W,8.853333333333333,0.0,4.1,0.0,0.0,4.1,0.0,0.0,0.0,0.0,0.0,0.0,0.0,4.1,4.1,0.0,0.0,0.0,12.2,0.0,0.0,8.1,2.0,0,0,4.1,1,1,13086,1,22510,22635,24065,22635,15070,15440,15070,13505,14344,13505,14058,22137,23286,9764,3751,12854,8263,8846,405,17725,23200,8564,25158,2246,150,25178,1,8:51
2024-25,1630549,Day'Ron Sharpe,Day'Ron,1610612751,BKN,Brooklyn Nets,0022400888,2025-03-04T00:00:00,BKN @ SAS,L,16.033333333333335,2.2,4.5,0.5,0.0,0.0,0.0,0.0,0.0,0.0,2.2,6.7,9.0,0.0,0.0,0.0,2.2,0.0,9.0,6.7,4.5,6.7,22.0,0,0,18.0,1,13222,1,13222,18900,20955,23811,8526,15070,20945,15070,13505,14344,13505,7436,6820,6779,19908,16469,12854,2850,8846,971,1872,22297,9271,20147,2246,150,21886,1,16:02
2024-25,1631466,Nate Williams,Nate,1610612745,HOU,Houston Rockets,0022400882,2025-03-04T00:00:00,HOU @ IND,L,1.5,0.0,24.0,0.0,0.0,0.0,0.0,24.0,48.0,0.5,0.0,0.0,0.0,0.0,0.0,0.0,0.0,0.0,0.0,24.0,24.0,24.0,24.0,0,0,24.0,1,13222,1,13222,25800,22635,1050,22635,15070,20945,15070,50,17,10625,14058,22137,23286,19908,16469,12854,8263,8846,20257,23,4793,3019,18937,2246,150,18317,1,1:30
2024-25,1628995,Kevin Knox II,Kevin,1610612744,GSW,Golden State Warriors,0022400885,2025-03-04T00:00:00,GSW @ NYK,W,12.233333333333333,2.9,8.8,0.333,0.0,2.9,0.0,0.0,0.0,0.0,2.9,0.0,2.9,2.9,0.0,0.0,5.9,0.0,2.9,0.0,5.9,-14.7,31.5,0,0,23.5,1,1,13086,1,21135,19549,18974,17395,15070,17768,15070,13505,14344,13505,5471,22137,19873,13118,16469,12854,329,8846,10962,17725,21467,19792,13680,2246,150,18646,1,12:14
2024-25,1641763,Julian Phillips,Julian,1610612741,CHI,Chicago Bulls,0022400886,2025-03-04T00:00:00,CHI vs. CLE,L,20.283333333333335,1.8,7.1,0.25,0.0,3.5,0.0,3.5,3.5,1.0,0.0,0.0,0.0,1.8,0.0,0.0,0.0,0.0,7.1,1.8,7.1,-1.8,9.8,0,0,8.9,1,13222,1,13222,15795,21791,21440,20233,15070,16548,15070,6602,8788,1,14058,22137,23286,17156,16469,12854,8263,8846,1898,14022,20636,13909,24458,2246,150,24633,1,20:17
2024-25,1629651,Nic Claxton,Nic,1610612751,BKN,Brooklyn Nets,0022400888,2025-03-04T00:00:00,BKN @ SAS,L,31.966666666666665,3.4,7.9,0.429,0.0,0.0,0.0,0.0,2.3,0.0,2.3,5.6,7.9,4.5,2.3,2.3,0.0,1.1,2.3,1.1,6.8,-19.1,27.5,0,0,23.6,1,13222,1,13222,5995,18590,20429,13735,15070,20945,15070,13505,11928,13505,7406,9222,8489,8645,9296,5208,8263,6825,13867,16795,20890,21288,16599,2246,150,18577,1,31:58
2024-25,1630631,Jose Alvarado,Jose,1610612740,NOP,New Orleans Pelicans,0022400890,2025-03-04T00:00:00,NOP @ LAL,L,25.65,2.8,11.2,0.25,1.4,8.4,0.167,0.0,0.0,0.0,0.0,2.8,2.8,4.2,0.0,1.4,0.0,0.0,1.4,0.0,7.0,2.8,20.9,0,0,18.2,1,13222,1,13222,11448,19863,14980,20233,12440,5709,14236,13505,14344,13505,14058,17377,20236,9360,16469,8879,8263,8846,17608,17725,20712,11219,20729,2246,150,21743,1,25:39
2024-25,201587,Nicolas Batum,Nicolas,1610612746,LAC,LA Clippers,0022400889,2025-03-04T00:00:00,LAC @ PHX,L,16.9,2.1,8.5,0.25,2.1,8.5,0.25,0.0,0.0,0.0,4.3,2.1,6.4,4.3,2.1,0.0,0.0,0.0,2.1,0.0,6.4,-17.0,18.3,0,0,19.2,1,13222,1,13222,18320,21184,19460,20233,9555,5550,11902,13505,14344,13505,3232,19272,11419,9226,9843,12854,8263,8846,14466,17725,21129,20639,21958,2246,150,21302,1,16:54
2024-25,1630577,Julian Champagnie,Julian,1610612759,SAS,San Antonio Spurs,0022400888,2025-03-04T00:00:00,SAS vs. BKN,W,19.471666666666668,5.5,14.8,0.375,3.7,11.1,0.333,0.0,0.0,0.0,1.8,0.0,1.8,3.7,1.8,0.0,0.0,0.0,5.5,1.8,14.8,-33.3,20.7,0,0,24.0,1,1,13086,1,16444,12866,8927,16299,4708,2418,9209,13505,14344,13505,9048,22137,22086,10795,11329,12854,8263,8846,3632,13740,13128,24206,20835,2246,150,18301,1,19:28
2024-25,1627777,Georges Niang,Georges,1610612737,ATL,Atlanta Hawks,0022400884,2025-03-04T00:00:00,ATL vs. MIL,L,22.691666666666666,4.8,17.5,0.273,3.2,12.7,0.25,0.0,0.0,0.0,1.6,3.2,4.8,3.2,0.0,0.0,0.0,0.0,4.8,0.0,12.7,4.8,23.2,0,0,23.8,1,13222,1,13222,13963,15087,5301,20048,6026,1431,11902,13505,14344,13505,9976,16185,15408,12412,16469,12854,8263,8846,5156,17725,15402,10248,19453,2246,150,18467,1,22:42
2024-25,1641757,Jordan Miller,Jordan,1610612746,LAC,LA Clippers,0022400889,2025-03-04T00:00:00,LAC @ PHX,L,9.983333333333333,3.6,3.6,1.0,0.0,0.0,0.0,0.0,0.0,0.0,0.0,10.8,10.8,0.0,3.6,0.0,0.0,0.0,3.6,0.0,7.2,-39.7,16.6,0,0,18.0,1,13222,1,13222,22110,18068,24267,1,15070,20945,15070,13505,14344,13505,14058,2005,4578,19908,4763,12854,8263,8846,8405,17725,20553,24820,22625,2246,150,21846,1,9:59
2024-25,1627827,Dorian Finney-Smith,Dorian,1610612747,LAL,Los Angeles Lakers,0022400890,2025-03-04T00:00:00,LAL vs. NOP,W,29.883333333333333,3.6,12.0,0.3,2.4,8.4,0.286,0.0,0.0,0.0,4.8,1.2,6.0,0.0,2.4,0.0,0.0,2.4,1.2,2.4,9.6,6.0,14.5,0,0,18.1,1,1,13086,1,7889,18049,13515,19363,8454,5691,11433,13505,14344,13505,2540,21499,12219,19908,8613,12854,8263,2198,18506,11312,18508,9602,23347,2246,150,21828,1,29:53
2024-25,1629013,Landry Shamet,Landry,1610612752,NYK,New York Knicks,0022400885,2025-03-04T00:00:00,NYK vs. GSW,L,12.3,5.9,8.8,0.667,2.9,5.9,0.5,0.0,0.0,0.0,0.0,0.0,0.0,0.0,2.9,0.0,0.0,0.0,0.0,0.0,14.6,26.3,11.7,0,0,17.6,1,13222,1,13222,21100,11936,19061,3281,6766,11060,3944,13505,14344,13505,14058,22137,23286,19908,6734,12854,8263,8846,20257,17725,13264,2543,24081,2246,150,22051,1,12:18
2024-25,1628398,Kyle Kuzma,Kyle,1610612749,MIL,Milwaukee Bucks,0022400884,2025-03-04T00:00:00,MIL @ ATL,W,33.49666666666667,7.5,10.7,0.7,1.1,2.1,0.5,2.1,3.2,0.667,0.0,10.7,10.7,2.1,1.1,0.0,0.0,0.0,0.0,2.1,18.3,3.2,33.3,1,0,32.2,1,1,13086,1,4737,7717,15782,3045,14099,19270,3944,10131,9469,9425,14058,2043,4649,15821,15306,12854,8263,8846,20257,12399,9554,11005,12333,1,150,12168,1,33:30
2024-25,1631115,Orlando Robinson,Orlando,1610612761,TOR,Toronto Raptors,0022400883,2025-03-04T00:00:00,TOR @ ORL,W,24.376666666666665,1.5,4.4,0.333,0.0,0.0,0.0,0.0,0.0,0.0,5.9,1.5,7.4,3.0,4.4,0.0,1.5,1.5,3.0,3.0,3.0,-19.2,16.2,0,0,16.2,1,1,13086,1,12587,22197,23840,17395,15070,20945,15070,13505,14344,13505,1672,20924,9404,13076,3102,12854,4937,4855,10926,9410,22967,21304,22757,2246,150,22605,1,24:23
2024-25,1629599,Amir Coffey,Amir,1610612746,LAC,LA Clippers,0022400889,2025-03-04T00:00:00,LAC @ PHX,L,22.22,8.1,13.0,0.625,1.6,3.2,0.5,3.2,3.2,1.0,0.0,3.2,3.2,0.0,0.0,3.2,0.0,0.0,4.9,1.6,21.1,-16.2,34.7,0,0,32.4,1,13222,1,13222,14336,6411,11922,4899,11622,17196,3944,7229,9438,1,14058,15960,19132,19908,16469,2661,8263,8846,4922,14562,7035,20324,11318,2246,150,12060,1,22:13
2024-25,202695,Kawhi Leonard,Kawhi,1610612746,LAC,LA Clippers,0022400889,2025-03-04T00:00:00,LAC @ PHX,L,36.66,8.8,19.6,0.45,1.0,5.9,0.167,2.0,2.0,1.0,2.0,2.0,3.9,2.9,2.0,1.0,1.0,0.0,2.0,3.9,20.6,3.9,33.7,0,0,32.4,1,13222,1,13222,2243,4991,3231,12982,14642,10959,14236,10764,12824,1,8553,19781,17495,13105,10697,12103,7595,8846,15336,6496,7380,10690,12049,2246,150,12057,1,36:40
2024-25,203500,Steven Adams,Steven,1610612745,HOU,Houston Rockets,0022400882,2025-03-04T00:00:00,HOU @ IND,L,15.48,2.3,7.0,0.333,0.0,0.0,0.0,2.3,4.7,0.5,4.7,2.3,7.0,2.3,0.0,0.0,0.0,0.0,0.0,4.7,7.0,0.0,18.8,0,0,16.3,1,13222,1,13222,19266,20804,21589,17395,15070,20945,15070,9541,6574,10625,2747,18690,10180,15135,16469,12854,8263,8846,20257,4829,20746,12240,21740,2246,150,22596,1,15:29
2024-25,203081,Damian Lillard,Damian,1610612749,MIL,Milwaukee Bucks,0022400884,2025-03-04T00:00:00,MIL @ ATL,W,36.11666666666667,9.0,17.9,0.5,2.0,10.0,0.2,3.0,3.0,1.0,0.0,5.0,5.0,4.0,1.0,2.0,0.0,0.0,2.0,2.0,22.9,10.0,39.9,0,0,37.9,1,1,13086,1,2598,4760,4759,8526,10193,3525,13429,7841,10004,1,14058,10923,14834,9964,15870,6277,8263,8846,15181,13110,5536,7709,7841,2246,150,8111,1,36:07
2024-25,1630215,Jared Butler,Jared,1610612755,PHI,Philadelphia 76ers,0022400887,2025-03-04T00:00:00,PHI @ MIN,L,24.84,5.8,10.1,0.571,0.0,2.9,0.0,4.3,5.8,0.75,1.4,2.9,4.3,5.8,4.3,0.0,0.0,0.0,0.0,2.9,15.9,-7.2,25.5,0,0,26.1,1,13222,1,13222,12146,12120,16829,6538,15070,17870,15070,5073,4753,8186,10541,17091,16414,5860,3228,12854,8263,8846,20257,9596,11974,16613,17934,2246,150,16875,1,24:50
2024-25,1626172,Kevon Looney,Kevon,1610612744,GSW,Golden State Warriors,0022400885,2025-03-04T00:00:00,GSW @ NYK,W,14.066666666666666,2.6,2.6,1.0,0.0,0.0,0.0,0.0,5.1,0.0,2.6,7.7,10.2,0.0,0.0,0.0,5.1,0.0,2.6,2.6,5.1,-15.4,32.8,0,0,25.6,1,1,13086,1,20163,20352,24625,1,15070,20945,15070,13505,5724,13505,6453,5195,5191,19908,16469,12854,486,8846,12567,10761,21947,20031,12759,2246,150,17214,1,14:04
2024-25,1629622,Max Strus,Max,1610612739,CLE,Cleveland Cavaliers,0022400886,2025-03-04T00:00:00,CLE @ CHI,W,24.583333333333332,5.9,10.3,0.571,4.4,8.8,0.5,0.0,0.0,0.0,2.9,1.5,4.4,7.3,0.0,0.0,0.0,0.0,2.9,1.5,16.1,38.1,32.4,0,0,32.2,1,1,13086,1,12389,11926,16646,6538,3250,5133,3944,13505,14344,13505,5515,20953,16304,3596,16469,12854,8263,8846,11039,15155,11809,1111,13039,2246,150,12202,1,24:35
2024-25,1642274,Yves Missi,Yves,1610612740,NOP,New Orleans Pelicans,0022400890,2025-03-04T00:00:00,NOP @ LAL,L,23.636666666666667,1.5,6.1,0.25,0.0,0.0,0.0,0.0,3.0,0.0,1.5,1.5,3.0,1.5,0.0,4.6,0.0,1.5,1.5,1.5,3.0,-38.1,22.7,0,0,16.8,1,13222,1,13222,13199,22143,22518,20233,15070,20945,15070,13505,9859,13505,10221,20827,19596,17895,16469,1178,8263,4683,17136,14910,22944,24709,19751,2246,150,22406,1,23:38
2024-25,1629640,Keldon Johnson,Keldon,1610612759,SAS,San Antonio Spurs,0022400888,2025-03-04T00:00:00,SAS vs. BKN,W,27.4,7.9,18.4,0.429,1.3,6.6,0.2,2.6,2.6,1.0,5.3,5.3,10.5,1.3,2.6,0.0,0.0,0.0,1.3,2.6,19.7,3.9,31.7,0,0,32.8,1,1,13086,1,10016,6873,4295,13735,12807,9389,13429,8739,10912,1,2133,10138,4895,18613,7773,12854,8263,8846,17978,10550,8152,10682,13573,2246,150,11767,1,27:24
2024-25,1642258,Zaccharie Risacher,Zaccharie,1610612737,ATL,Atlanta Hawks,0022400884,2025-03-04T00:00:00,ATL vs. MIL,L,24.985,4.3,14.4,0.3,1.4,8.6,0.167,0.0,1.4,0.0,0.0,5.8,5.8,0.0,0.0,0.0,0.0,1.4,1.4,1.4,10.1,-8.6,17.0,0,0,17.3,1,13222,1,13222,12016,16267,9507,19363,12294,5352,14236,13505,13548,13505,14058,8877,12864,19908,16469,12854,8263,5021,17477,15276,18071,17262,22485,2246,150,22179,1,24:59
2024-25,202684,Tristan Thompson,Tristan,1610612739,CLE,Cleveland Cavaliers,0022400886,2025-03-04T00:00:00,CLE @ CHI,W,2.3833333333333333,0.0,0.0,0.0,0.0,0.0,0.0,0.0,0.0,0.0,15.1,15.1,30.2,15.1,0.0,0.0,0.0,0.0,0.0,0.0,0.0,45.3,58.9,0,0,45.3,1,1,13086,1,25270,22635,24836,22635,15070,20945,15070,13505,14344,13505,129,546,84,281,16469,12854,8263,8846,20257,17725,23200,691,1345,2246,150,4098,1,2:23
2024-25,1642281,Jaylon Tyson,Jaylon,1610612739,CLE,Cleveland Cavaliers,0022400886,2025-03-04T00:00:00,CLE @ CHI,W,2.3833333333333333,15.1,30.2,0.5,0.0,15.1,0.0,0.0,0.0,0.0,0.0,0.0,0.0,15.1,0.0,0.0,0.0,0.0,0.0,0.0,30.2,45.3,52.9,0,0,45.3,1,1,13086,1,25270,474,264,8526,15070,664,15070,13505,14344,13505,14058,22137,23286,281,16469,12854,8263,8846,20257,17725,2013,691,2493,2246,150,4098,1,2:23
2024-25,1630174,Aaron Nesmith,Aaron,1610612754,IND,Indiana Pacers,0022400882,2025-03-04T00:00:00,IND vs. HOU,W,33.68333333333333,7.5,13.9,0.538,1.1,6.4,0.167,1.1,1.1,1.0,0.0,5.3,5.3,0.0,0.0,1.1,0.0,0.0,2.1,2.1,17.1,19.2,26.7,0,0,25.7,1,1,13086,1,4564,7807,10353,7978,14136,9722,14236,13006,14090,1,14058,9917,13927,19908,16469,11292,8263,8846,14420,12447,10742,4193,17142,2246,150,17172,1,33:41
2024-25,1630540,Miles McBride,Miles,1610612752,NYK,New York Knicks,0022400885,2025-03-04T00:00:00,NYK vs. GSW,L,23.8,3.0,10.6,0.286,0.0,3.0,0.0,3.0,3.0,1.0,3.0,3.0,6.1,7.6,0.0,1.5,0.0,1.5,3.0,1.5,9.1,12.1,32.2,0,0,25.7,1,13222,1,13222,13075,19369,16062,19630,15070,17598,15070,7734,9914,1,5276,16629,12158,3322,16469,8355,8263,4725,10598,14954,19000,6754,13159,2246,150,17135,1,23:48
2024-25,1626167,Myles Turner,Myles,1610612754,IND,Indiana Pacers,0022400882,2025-03-04T00:00:00,IND vs. HOU,W,26.143333333333334,8.3,15.1,0.545,5.5,11.0,0.5,0.0,0.0,0.0,0.0,5.5,5.5,1.4,2.8,0.0,5.5,0.0,5.5,2.8,22.0,19.3,44.5,0,0,45.4,1,1,13086,1,11052,6057,8346,7695,1729,2474,3944,13505,14344,13505,14058,9518,13522,18417,7365,12854,393,8846,3693,10134,6189,4179,5431,2246,150,4045,1,26:09
2024-25,203084,Harrison Barnes,Harrison,1610612759,SAS,San Antonio Spurs,0022400888,2025-03-04T00:00:00,SAS vs. BKN,W,22.166666666666668,4.9,9.7,0.5,3.2,8.1,0.4,1.6,1.6,1.0,0.0,3.2,3.2,4.9,3.2,0.0,0.0,0.0,0.0,1.6,14.6,26.0,22.6,0,0,26.0,1,1,13086,1,14372,14736,17481,8526,5815,6239,7874,11553,13369,1,14058,15938,19111,7752,5663,12854,8263,8846,20257,14544,13278,2618,19832,2246,150,16945,1,22:10
2024-25,1642265,Rob Dillingham,Rob,1610612750,MIN,Minnesota Timberwolves,0022400887,2025-03-04T00:00:00,MIN vs. PHI,W,3.2333333333333334,22.3,44.5,0.5,0.0,0.0,0.0,0.0,0.0,0.0,0.0,0.0,0.0,0.0,0.0,0.0,0.0,0.0,0.0,0.0,44.5,-89.1,44.5,0,0,44.5,1,1,13086,1,24875,102,51,8526,15070,20945,15070,13505,14344,13505,14058,22137,23286,19908,16469,12854,8263,8846,20257,17725,266,26081,5402,2246,150,4447,1,3:14
2024-25,203944,Julius Randle,Julius,1610612750,MIN,Minnesota Timberwolves,0022400887,2025-03-04T00:00:00,MIN vs. PHI,W,29.633333333333333,6.1,10.9,0.556,0.0,3.6,0.0,7.3,7.3,1.0,3.6,6.1,9.7,6.1,6.1,1.2,0.0,0.0,1.2,7.3,19.4,7.3,37.8,0,0,37.7,1,1,13086,1,8100,11300,15471,7248,15070,16342,15070,1808,3104,1,4132,8164,5773,5357,1333,10053,8263,8846,18448,1454,8430,8992,9175,2246,150,8245,1,29:38
2024-25,1628969,Mikal Bridges,Mikal,1610612752,NYK,New York Knicks,0022400885,2025-03-04T00:00:00,NYK vs. GSW,L,35.7,7.1,15.1,0.467,1.0,5.0,0.2,0.0,0.0,0.0,1.0,3.0,4.0,4.0,1.0,0.0,1.0,1.0,3.0,1.0,15.1,-21.2,28.0,0,0,26.2,1,13222,1,13222,2904,8796,8385,12249,14495,13099,13429,13505,14344,13505,13192,16629,17232,9853,15787,12854,7426,7843,10598,17366,12781,21879,16207,2246,150,16784,1,35:42
2024-25,201935,James Harden,James,1610612746,LAC,LA Clippers,0022400889,2025-03-04T00:00:00,LAC @ PHX,L,37.6,4.8,13.4,0.357,1.9,8.6,0.222,8.6,10.5,0.818,0.0,5.7,5.7,14.4,1.0,1.9,0.0,0.0,1.0,6.7,20.1,-4.8,53.3,1,0,46.0,1,13222,1,13222,1632,14989,11146,17140,10564,5389,13288,1140,1178,7652,14058,8934,12915,347,16103,6688,8263,8846,19923,1897,7831,15465,2366,1,150,3825,1,37:36
2024-25,1629048,Goga Bitadze,Goga,1610612753,ORL,Orlando Magic,0022400883,2025-03-04T00:00:00,ORL vs. TOR,L,16.283333333333335,0.0,0.0,0.0,0.0,0.0,0.0,4.4,8.8,0.5,4.4,6.6,11.1,6.6,2.2,0.0,2.2,0.0,6.6,8.8,4.4,-11.1,32.1,0,0,26.5,1,13222,1,13222,18734,22635,24836,22635,15070,20945,15070,4952,1952,10625,3024,7029,4363,4528,9467,12854,2924,8846,2287,706,22334,18343,13282,2246,150,16517,1,16:17
2024-25,1641713,GG Jackson,GG,1610612763,MEM,Memphis Grizzlies,0022400878,2025-03-03T00:00:00,MEM vs. ATL,L,28.05666666666667,3.8,14.1,0.273,2.6,7.7,0.333,3.8,5.1,0.75,2.6,6.4,9.0,3.8,6.4,0.0,1.3,1.3,1.3,3.8,14.1,-2.6,28.1,0,0,32.1,1,13222,1,13222,9503,17455,9984,20048,7929,7008,9209,5981,5705,8186,6437,7473,6775,10373,1170,12854,5724,5738,18107,6713,13835,14342,16138,2246,150,12324,1,28:03
2024-25,1626172,Kevon Looney,Kevon,1610612744,GSW,Golden State Warriors,0022400875,2025-03-03T00:00:00,GSW @ CHA,W,14.45,5.0,10.0,0.5,0.0,0.0,0.0,0.0,0.0,0.0,0.0,14.9,14.9,7.5,0.0,0.0,2.5,0.0,5.0,2.5,10.0,10.0,46.6,0,0,37.4,1,1,13086,1,19913,14439,17111,8526,15070,20945,15070,13505,14344,13505,14058,582,1792,3432,16469,12854,2394,8846,4643,11019,18189,7710,4497,2246,150,8452,1,14:27
2024-25,1641774,Tristan Vukcevic,Tristan,1610612764,WAS,Washington Wizards,0022400877,2025-03-03T00:00:00,WAS @ MIA,L,2.3833333333333333,15.1,15.1,1.0,0.0,0.0,0.0,15.1,15.1,1.0,0.0,0.0,0.0,0.0,0.0,0.0,0.0,0.0,0.0,15.1,45.3,60.4,45.3,0,0,45.3,1,13222,1,13222,25270,474,8412,1,15070,20945,15070,169,344,1,14058,22137,23286,19908,16469,12854,8263,8846,20257,97,243,359,5031,2246,150,4098,1,2:23
2024-25,1630264,Anthony Gill,Anthony,1610612764,WAS,Washington Wizards,0022400877,2025-03-03T00:00:00,WAS @ MIA,L,2.3833333333333333,0.0,0.0,0.0,0.0,0.0,0.0,30.2,30.2,1.0,0.0,15.1,15.1,0.0,0.0,0.0,0.0,0.0,0.0,15.1,30.2,60.4,48.3,0,0,45.3,1,13222,1,13222,25270,22635,24836,22635,15070,20945,15070,31,55,1,14058,546,1722,19908,16469,12854,8263,8846,20257,97,2013,359,3870,2246,150,4098,1,2:23
2024-25,1642348,Justin Edwards,Justin,1610612755,PHI,Philadelphia 76ers,0022400876,2025-03-03T00:00:00,PHI vs. POR,L,36.88333333333333,6.8,14.6,0.467,2.0,4.9,0.4,0.0,0.0,0.0,2.9,2.9,5.9,1.0,2.9,1.0,0.0,0.0,2.9,0.0,15.6,-15.6,24.1,0,0,26.4,1,13222,1,13222,2069,9341,9145,12249,10381,13493,7874,13505,14344,13505,5517,16981,12616,19748,6730,12158,8263,8846,11046,17725,12304,20125,18875,2246,150,16665,1,36:53
2024-25,1630700,Dyson Daniels,Dyson,1610612737,ATL,Atlanta Hawks,0022400878,2025-03-03T00:00:00,ATL @ MEM,W,33.36,6.5,10.8,0.6,0.0,0.0,0.0,2.2,4.3,0.5,0.0,3.2,3.2,7.6,2.2,3.2,0.0,0.0,5.4,2.2,15.1,17.3,37.9,0,0,32.4,1,1,13086,1,4853,10245,15711,5394,15070,20945,15070,10087,7174,10625,14058,15975,19138,3331,9690,2670,8263,8846,3857,12355,12798,4818,9104,2246,150,12087,1,33:22
2024-25,1627936,Alex Caruso,Alex,1610612760,OKC,Oklahoma City Thunder,0022400879,2025-03-03T00:00:00,OKC vs. HOU,W,4.783333333333333,0.0,7.5,0.0,0.0,7.5,0.0,0.0,0.0,0.0,0.0,22.6,22.6,7.5,0.0,7.5,0.0,0.0,0.0,0.0,0.0,-67.7,61.0,0,0,45.2,1,1,13086,1,24099,22635,20887,22635,15070,7334,15070,13505,14344,13505,14058,111,292,3358,16469,243,8263,8846,20257,17725,23200,25846,1077,2246,150,4177,1,4:47
2024-25,1630703,Scoot Henderson,Scoot,1610612757,POR,Portland Trail Blazers,0022400876,2025-03-03T00:00:00,POR @ PHI,W,21.9,4.9,14.8,0.333,0.0,6.6,0.0,1.6,3.3,0.5,1.6,3.3,4.9,9.9,3.3,0.0,0.0,0.0,4.9,1.6,11.5,6.6,28.9,0,0,26.3,1,1,13086,1,14579,14601,8908,17395,15070,9373,15070,11519,9336,10625,9769,15827,14975,1502,5534,12854,8263,8846,4769,14479,16668,9348,15542,2246,150,16712,1,21:54
2024-25,1628392,Isaiah Hartenstein,Isaiah,1610612760,OKC,Oklahoma City Thunder,0022400879,2025-03-03T00:00:00,OKC vs. HOU,W,25.216666666666665,4.3,5.7,0.75,0.0,0.0,0.0,2.9,2.9,1.0,1.4,5.7,7.1,8.6,2.9,1.4,1.4,0.0,5.7,4.3,11.4,11.4,38.5,0,0,32.8,1,1,13086,1,11820,16364,22894,2107,15070,20945,15070,8200,10341,1,10639,9017,9884,2373,7009,8765,5122,8846,3372,5638,16761,7049,8678,2246,150,11776,1,25:13
2024-25,202685,Jonas Valančiūnas,Jonas,1610612758,SAC,Sacramento Kings,0022400880,2025-03-03T00:00:00,SAC @ DAL,W,23.4,9.2,23.1,0.4,0.0,0.0,0.0,3.1,3.1,1.0,4.6,9.2,13.8,4.6,0.0,0.0,3.1,1.5,3.1,4.6,21.5,30.8,54.3,0,0,46.2,1,1,13086,1,13381,4306,1364,14933,15070,20945,15070,7602,9777,1,2777,3269,2305,8374,16469,12854,1602,4630,10366,4907,6603,1864,2138,2246,150,3758,1,23:24
2024-25,1628370,Malik Monk,Malik,1610612758,SAC,Sacramento Kings,0022400880,2025-03-03T00:00:00,SAC @ DAL,W,23.283333333333335,7.7,15.5,0.5,4.6,7.7,0.6,0.0,0.0,0.0,0.0,1.5,1.5,12.4,0.0,3.1,0.0,0.0,1.5,0.0,20.1,34.0,49.8,0,0,44.8,1,1,13086,1,13481,7198,7880,8526,2822,6936,2992,13505,14344,13505,14058,20781,22512,640,16469,2945,8263,8846,17065,17725,7838,1502,3333,2246,150,4335,1,23:17
2024-25,1631101,Shaedon Sharpe,Shaedon,1610612757,POR,Portland Trail Blazers,0022400876,2025-03-03T00:00:00,POR @ PHI,W,37.17,7.7,16.5,0.471,1.0,6.8,0.143,2.9,2.9,1.0,2.9,7.7,10.7,4.8,1.0,1.0,0.0,0.0,0.0,1.9,19.4,15.5,41.4,1,0,37.8,1,1,13086,1,1872,7170,6472,12143,14713,8942,14649,8080,10220,1,5576,5085,4759,7813,16042,12224,8263,8846,20257,13382,8494,5437,6960,1,150,8190,1,37:10
2024-25,202710,Jimmy Butler III,Jimmy,1610612744,GSW,Golden State Warriors,0022400875,2025-03-03T00:00:00,GSW @ CHA,W,31.333333333333332,3.4,8.0,0.429,1.1,3.4,0.333,6.9,6.9,1.0,1.1,2.3,3.4,4.6,3.4,1.1,0.0,0.0,1.1,3.4,14.9,12.6,26.0,0,0,26.4,1,1,13086,1,6570,18439,20186,13735,13653,16771,9209,2081,3480,1,12114,18766,18667,8423,5133,10588,8263,8846,18823,7819,12976,6544,17640,2246,150,16599,1,31:20
2024-25,1630168,Onyeka Okongwu,Onyeka,1610612737,ATL,Atlanta Hawks,0022400878,2025-03-03T00:00:00,ATL @ MEM,W,31.833333333333332,9.0,13.6,0.667,0.0,1.1,0.0,0.0,2.3,0.0,5.7,7.9,13.6,2.3,1.1,1.1,1.1,0.0,3.4,2.3,18.1,12.4,43.4,1,0,38.5,1,1,13086,1,6121,4616,10877,3281,15070,20709,15070,13505,11893,13505,1840,4833,2453,15379,14928,10758,6601,8846,9107,11894,9742,6615,5920,1,150,7734,1,31:50
2024-25,1641718,Keyonte George,Keyonte,1610612762,UTA,Utah Jazz,0022400881,2025-03-03T00:00:00,UTA vs. DET,L,28.5,5.1,12.6,0.4,3.8,7.6,0.5,1.3,1.3,1.0,0.0,3.8,3.8,3.8,2.5,0.0,0.0,2.5,2.5,1.3,15.2,-27.8,22.9,0,0,26.5,1,13222,1,13222,9119,14228,12507,14933,4470,7213,3944,12410,13796,1,14058,14352,17851,10522,8127,12854,8263,1996,12685,16072,12750,23388,19641,2246,150,16520,1,28:30
2024-25,1641764,Brandin Podziemski,Brandin,1610612744,GSW,Golden State Warriors,0022400875,2025-03-03T00:00:00,GSW @ CHA,W,31.816666666666666,6.8,18.1,0.375,4.5,12.4,0.364,3.4,4.5,0.75,4.5,7.9,12.4,2.3,1.1,2.3,0.0,1.1,3.4,3.4,21.5,19.2,45.5,1,0,45.3,1,1,13086,1,6140,9446,4557,16299,3025,1556,9100,6910,6792,8186,2893,4826,3161,15374,14923,5173,8263,6778,9099,7965,6640,4194,4947,1,150,4122,1,31:49
2024-25,1627824,Guerschon Yabusele,Guerschon,1610612755,PHI,Philadelphia 76ers,0022400876,2025-03-03T00:00:00,PHI vs. POR,L,35.35333333333333,3.1,5.1,0.6,2.0,4.1,0.5,1.0,2.0,0.5,1.0,2.0,3.1,3.1,0.0,0.0,0.0,0.0,1.0,3.1,9.2,-4.1,17.4,0,0,17.3,1,13222,1,13222,3190,19311,23395,5394,9981,15418,3944,13181,12614,10625,13108,19546,19574,12749,16469,12854,8263,8846,19588,9057,18929,15104,22333,2246,150,22169,1,35:21
2024-25,203991,Clint Capela,Clint,1610612737,ATL,Atlanta Hawks,0022400878,2025-03-03T00:00:00,ATL @ MEM,W,16.166666666666668,8.9,15.6,0.571,0.0,0.0,0.0,6.7,13.4,0.5,4.5,4.5,8.9,2.2,0.0,2.2,2.2,0.0,4.5,6.7,24.5,-20.0,51.9,0,0,44.5,1,1,13086,1,18815,4876,7712,6538,15070,20945,15070,2256,551,10625,2977,12395,6875,15523,16469,5284,2893,8846,5879,1917,4492,21562,2731,2246,150,4447,1,16:10
2024-25,203114,Khris Middleton,Khris,1610612764,WAS,Washington Wizards,0022400877,2025-03-03T00:00:00,WAS @ MIA,L,22.688333333333333,9.5,14.3,0.667,1.6,3.2,0.5,4.8,6.3,0.75,0.0,4.8,4.8,4.8,1.6,4.8,0.0,0.0,4.8,4.8,25.4,3.2,50.9,0,0,46.0,1,13222,1,13222,13964,3852,9722,3281,11724,17321,3944,4416,4070,8186,14058,11547,15406,8022,12396,1044,8263,8846,5154,4592,4004,11031,3006,2246,150,3810,1,22:41
2024-25,1628379,Luke Kennard,Luke,1610612763,MEM,Memphis Grizzlies,0022400878,2025-03-03T00:00:00,MEM vs. ATL,L,34.94,8.2,15.5,0.533,1.0,4.1,0.25,0.0,0.0,0.0,2.1,1.0,3.1,7.2,1.0,2.1,0.0,1.0,1.0,5.2,17.5,-8.2,37.2,0,0,33.0,1,13222,1,13222,3512,6107,7890,8140,14363,15299,11902,13505,14344,13505,8119,21915,19498,3738,15631,5960,8263,7663,19529,3848,10311,17068,9536,2246,150,11673,1,34:56
2024-25,203957,Danté Exum,Danté,1610612742,DAL,Dallas Mavericks,0022400880,2025-03-03T00:00:00,DAL vs. SAC,L,22.066666666666666,3.3,16.3,0.2,1.6,4.9,0.333,0.0,0.0,0.0,0.0,0.0,0.0,6.5,6.5,0.0,0.0,1.6,3.3,0.0,8.2,-27.7,11.4,0,0,16.3,1,13222,1,13222,14445,18845,6656,21401,11590,13453,9209,13505,14344,13505,14058,22137,23286,4668,1115,12854,8263,4358,9599,17725,19783,23381,24146,2246,150,22579,1,22:04
2024-25,1629111,Jock Landale,Jock,1610612745,HOU,Houston Rockets,0022400879,2025-03-03T00:00:00,HOU @ OKC,L,21.25,5.1,10.2,0.5,0.0,1.7,0.0,0.0,0.0,0.0,1.7,3.4,5.1,1.7,3.4,0.0,0.0,0.0,5.1,1.7,10.2,-18.6,15.4,0,0,16.9,1,13222,1,13222,15114,14145,16796,8526,15070,20052,15070,13505,14344,13505,9594,15555,14572,17384,5259,12854,8263,8846,4425,14291,17988,21114,23050,2246,150,22331,1,21:15
2024-25,1642270,Donovan Clingan,Donovan,1610612757,POR,Portland Trail Blazers,0022400876,2025-03-03T00:00:00,POR @ PHI,W,28.733333333333334,7.5,15.0,0.5,0.0,1.3,0.0,1.3,2.5,0.5,8.8,7.5,16.3,2.5,1.3,1.3,3.8,0.0,3.8,2.5,16.3,12.5,53.4,1,0,45.1,1,1,13086,1,8889,7728,8554,8526,15070,20557,15070,12445,11195,10625,599,5465,1327,14531,14082,9784,1056,8846,7886,10970,11619,6588,2360,1,150,4219,1,28:44
2024-25,1630311,Pat Spencer,Pat,1610612744,GSW,Golden State Warriors,0022400875,2025-03-03T00:00:00,GSW @ CHA,W,1.8666666666666667,19.3,19.3,1.0,0.0,0.0,0.0,0.0,0.0,0.0,0.0,0.0,0.0,0.0,0.0,0.0,0.0,0.0,0.0,0.0,38.6,0.0,38.6,0,0,38.6,1,1,13086,1,25549,161,3504,1,15070,20945,15070,13505,14344,13505,14058,22137,23286,19908,16469,12854,8263,8846,20257,17725,545,12240,8659,2246,150,7653,1,1:52
2024-25,1642267,Bub Carrington,Bub,1610612764,WAS,Washington Wizards,0022400877,2025-03-03T00:00:00,WAS @ MIA,L,35.21666666666667,5.1,15.3,0.333,4.1,8.2,0.5,0.0,0.0,0.0,2.0,3.1,5.1,7.2,3.1,1.0,0.0,0.0,1.0,1.0,14.3,-6.1,31.2,0,0,32.7,1,13222,1,13222,3299,14052,8052,17395,3810,6126,3944,13505,14344,13505,8185,16499,14490,3818,6238,11739,8263,8846,19560,17306,13592,16124,13920,2246,150,11869,1,35:13
2024-25,203501,Tim Hardaway Jr.,Tim,1610612765,DET,Detroit Pistons,0022400881,2025-03-03T00:00:00,DET @ UTA,W,30.718333333333334,4.7,11.7,0.4,1.2,7.0,0.167,4.7,4.7,1.0,2.3,5.9,8.2,3.5,1.2,2.3,0.0,0.0,2.3,3.5,15.2,34.0,36.2,0,0,32.8,1,1,13086,1,7111,15267,14072,14933,13525,8398,14236,4533,6501,1,7109,8645,7930,11348,14649,4885,8263,8846,13467,7620,12670,1506,10227,2246,150,11796,1,30:43
2024-25,1630551,Justin Champagnie,Justin,1610612764,WAS,Washington Wizards,0022400877,2025-03-03T00:00:00,WAS @ MIA,L,22.383333333333333,3.2,8.0,0.4,0.0,4.8,0.0,4.8,4.8,1.0,3.2,9.7,12.9,1.6,0.0,0.0,0.0,0.0,3.2,3.2,11.3,-29.0,29.1,0,0,25.7,1,13222,1,13222,14203,18958,20188,14933,15070,13634,15070,4303,6248,1,4909,2871,2899,17623,16469,12854,8263,8846,9794,8500,16940,23580,15413,2246,150,17117,1,22:23
2024-25,1641741,Ricky Council IV,Ricky,1610612755,PHI,Philadelphia 76ers,0022400876,2025-03-03T00:00:00,PHI vs. POR,L,18.45,2.0,11.7,0.167,2.0,7.8,0.25,0.0,0.0,0.0,2.0,2.0,3.9,3.9,0.0,0.0,0.0,0.0,0.0,0.0,5.9,-25.4,16.4,0,0,15.6,1,13222,1,13222,17247,21493,14099,21938,10388,6788,11902,13505,14344,13505,8614,19818,17562,10219,16469,12854,8263,8846,20257,17725,21486,22880,22711,2246,150,22845,1,18:27
2024-25,1631323,Simone Fontecchio,Simone,1610612765,DET,Detroit Pistons,0022400881,2025-03-03T00:00:00,DET @ UTA,W,21.898333333333333,6.6,14.8,0.444,3.3,8.2,0.4,0.0,3.3,0.0,0.0,6.6,6.6,1.6,1.6,3.3,1.6,0.0,1.6,1.6,16.4,9.9,39.9,0,0,37.8,1,1,13086,1,14588,9997,8907,13045,5706,6052,7874,13505,9335,13505,14058,7152,11007,17525,12166,2583,4444,8846,16735,14478,11456,7756,7799,2246,150,8164,1,21:54
2024-25,1641842,Ronald Holland II,Ronald,1610612765,DET,Detroit Pistons,0022400881,2025-03-03T00:00:00,DET @ UTA,W,18.248333333333335,3.9,3.9,1.0,0.0,0.0,0.0,7.9,11.8,0.667,0.0,2.0,2.0,3.9,0.0,0.0,0.0,0.0,5.9,5.9,15.8,5.9,24.1,0,0,21.7,1,1,13086,1,17414,17213,24109,1,15070,20945,15070,1457,799,9425,14058,19748,21851,10087,16469,12854,8263,8846,3049,2725,12137,9651,18903,2246,150,19842,1,18:15
2024-25,1629026,Kenrich Williams,Kenrich,1610612760,OKC,Oklahoma City Thunder,0022400879,2025-03-03T00:00:00,OKC vs. HOU,W,17.266666666666666,6.3,12.5,0.5,2.1,2.1,1.0,0.0,0.0,0.0,10.4,4.2,14.6,4.2,2.1,0.0,0.0,4.2,4.2,2.1,14.6,10.4,36.3,0,0,35.4,1,1,13086,1,18098,10833,12711,8526,9746,19390,1,13505,14344,13505,354,13205,1962,9470,10072,12854,8263,593,6635,12682,13291,7499,10178,2246,150,9763,1,17:16
2024-25,1642275,Tidjane Salaün,Tidjane,1610612766,CHA,Charlotte Hornets,0022400875,2025-03-03T00:00:00,CHA vs. GSW,L,15.076666666666666,7.2,7.2,1.0,7.2,7.2,1.0,2.4,7.2,0.333,0.0,4.8,4.8,0.0,2.4,0.0,0.0,0.0,0.0,4.8,23.9,4.8,27.2,0,0,35.8,1,13222,1,13222,19514,8553,21367,1,707,8118,1,9379,3211,13132,14058,11496,15356,19908,8712,12854,8263,8846,20257,4559,4892,10236,16808,2246,150,9507,1,15:05
2024-25,1631222,Jake LaRavia,Jake,1610612758,SAC,Sacramento Kings,0022400880,2025-03-03T00:00:00,SAC @ DAL,W,27.766666666666666,2.6,7.8,0.333,2.6,5.2,0.5,2.6,2.6,1.0,3.9,1.3,5.2,2.6,1.3,0.0,0.0,0.0,3.9,3.9,10.4,-1.3,19.2,0,0,20.7,1,1,13086,1,9742,20286,20558,17395,7851,12740,3944,8819,10989,1,3743,21288,14307,14233,13809,12854,8263,8846,7475,6598,17787,13715,21555,2246,150,20441,1,27:46
2024-25,1630702,Jaden Hardy,Jaden,1610612742,DAL,Dallas Mavericks,0022400880,2025-03-03T00:00:00,DAL vs. SAC,L,15.948333333333334,6.8,13.5,0.5,4.5,9.0,0.5,0.0,0.0,0.0,2.3,2.3,4.5,4.5,0.0,2.3,0.0,2.3,2.3,0.0,18.1,-22.6,37.0,0,0,36.1,1,13222,1,13222,18972,9490,10929,8526,3043,4778,3944,13505,14344,13505,7389,18897,16017,8620,16469,5193,8263,2533,13838,17725,9786,22238,9683,2246,150,9289,1,15:57
2024-25,1642366,Quinten Post,Quinten,1610612744,GSW,Golden State Warriors,0022400875,2025-03-03T00:00:00,GSW @ CHA,W,17.133333333333333,4.2,12.6,0.333,4.2,6.3,0.667,0.0,0.0,0.0,2.1,4.2,6.3,4.2,2.1,2.1,2.1,2.1,4.2,0.0,12.6,-4.2,37.0,0,0,35.7,1,1,13086,1,18175,16589,12550,17395,3555,9970,1957,13505,14344,13505,7943,13111,11596,9374,9989,5778,3200,2920,6544,17725,15487,15181,9711,2246,150,9560,1,17:08
2024-25,1630288,Jeff Dowtin Jr.,Jeff,1610612755,PHI,Philadelphia 76ers,0022400876,2025-03-03T00:00:00,PHI vs. POR,L,18.801666666666666,9.6,17.2,0.556,1.9,3.8,0.5,0.0,0.0,0.0,0.0,3.8,3.8,3.8,1.9,0.0,0.0,1.9,1.9,0.0,21.1,1.9,29.5,0,0,30.6,1,13222,1,13222,16963,3769,5540,7248,10567,15942,3944,13505,14344,13505,14058,14240,17756,10428,10972,12854,8263,3497,15600,17725,7036,11675,15160,2246,150,13457,1,18:48
2024-25,1629723,John Konchar,John,1610612763,MEM,Memphis Grizzlies,0022400878,2025-03-03T00:00:00,MEM vs. ATL,L,14.841666666666667,4.9,7.3,0.667,2.4,2.4,1.0,0.0,0.0,0.0,2.4,0.0,2.4,0.0,2.4,2.4,0.0,2.4,0.0,0.0,12.1,21.8,19.9,0,0,21.8,1,13222,1,13222,19680,14805,21238,3281,8389,18755,1,13505,14344,13505,6851,22137,20949,19908,8552,4609,8263,2165,20257,17725,15999,3495,21216,2246,150,19770,1,14:51
2024-25,1629634,Brandon Clarke,Brandon,1610612763,MEM,Memphis Grizzlies,0022400878,2025-03-03T00:00:00,MEM vs. ATL,L,21.156666666666666,8.5,11.9,0.714,0.0,0.0,0.0,1.7,3.4,0.5,6.8,5.1,11.9,1.7,0.0,0.0,1.7,0.0,3.4,1.7,18.7,-10.2,40.7,0,0,35.7,1,13222,1,13222,15184,5602,13739,2752,15070,20945,15070,11410,9083,10625,1227,10559,3573,17360,16469,12854,4289,8846,9071,14260,9111,17982,7348,2246,150,9552,1,21:09
2024-25,1626158,Richaun Holmes,Richaun,1610612764,WAS,Washington Wizards,0022400877,2025-03-03T00:00:00,WAS @ MIA,L,20.183333333333334,5.4,10.7,0.5,0.0,0.0,0.0,1.8,3.6,0.5,1.8,12.5,14.3,3.6,0.0,0.0,0.0,1.8,0.0,5.4,12.5,-33.9,35.0,0,0,30.3,1,13222,1,13222,15876,13404,15882,8526,15070,20945,15070,11273,8749,10625,9304,1161,2110,11179,16469,12854,8263,3943,20257,3553,15604,24287,11080,2246,150,13694,1,20:11
2024-25,1630590,Scotty Pippen Jr.,Scotty,1610612763,MEM,Memphis Grizzlies,0022400878,2025-03-03T00:00:00,MEM vs. ATL,L,16.326666666666668,8.8,17.6,0.5,0.0,2.2,0.0,2.2,2.2,1.0,4.4,4.4,8.8,8.8,2.2,2.2,0.0,2.2,2.2,2.2,19.8,-8.8,48.1,0,0,41.9,1,13222,1,13222,18710,5031,5086,8526,15070,19162,15070,9931,12073,1,3040,12500,6983,2162,9490,5373,8263,2628,14072,12142,8034,17338,3955,2246,150,5706,1,16:20
2024-25,1630166,Deni Avdija,Deni,1610612757,POR,Portland Trail Blazers,0022400876,2025-03-03T00:00:00,POR @ PHI,W,32.67,3.3,15.4,0.214,0.0,4.4,0.0,3.3,6.6,0.5,1.1,5.5,6.6,4.4,2.2,0.0,0.0,2.2,3.3,5.5,9.9,5.5,22.3,0,0,20.9,1,1,13086,1,5423,18743,7929,21369,15070,14664,15070,7098,3754,10625,12457,9515,10924,8864,9495,12854,8263,2631,9438,3327,18244,9840,20005,2246,150,20323,1,32:40
2024-25,1631095,Jabari Smith Jr.,Jabari,1610612745,HOU,Houston Rockets,0022400879,2025-03-03T00:00:00,HOU @ OKC,L,27.616666666666667,6.5,18.2,0.357,1.3,3.9,0.333,0.0,0.0,0.0,5.2,5.2,10.4,1.3,0.0,0.0,1.3,0.0,2.6,0.0,14.3,-11.7,32.7,0,0,30.0,1,13222,1,13222,9855,10142,4410,17140,12846,15761,9209,13505,14344,13505,2180,10252,4982,18646,16469,12854,5632,8846,12401,17725,13562,18638,12787,2246,150,13961,1,27:37
2024-25,1629656,Quentin Grimes,Quentin,1610612755,PHI,Philadelphia 76ers,0022400876,2025-03-03T00:00:00,PHI vs. POR,L,38.11666666666667,5.7,14.2,0.4,0.0,4.7,0.0,1.9,1.9,1.0,1.9,3.8,5.7,8.5,2.8,0.0,0.0,1.9,2.8,4.7,13.2,-9.4,29.9,0,0,27.4,1,13222,1,13222,1316,12519,9885,14933,15070,13905,15070,10993,13010,1,8868,14396,13115,2421,7100,12854,8263,3597,11493,4678,14848,17643,14844,2246,150,15876,1,38:07
2024-25,1629098,Jack McVeigh,Jack,1610612745,HOU,Houston Rockets,0022400879,2025-03-03T00:00:00,HOU @ OKC,L,6.95,10.4,10.4,1.0,10.4,10.4,1.0,0.0,0.0,0.0,0.0,0.0,0.0,0.0,0.0,0.0,0.0,0.0,0.0,0.0,31.1,25.9,31.1,0,0,41.4,1,13222,1,13222,23197,2862,16445,1,193,3094,1,13505,14344,13505,14058,22137,23286,19908,16469,12854,8263,8846,20257,17725,1760,2631,14001,2246,150,5954,1,6:57
2024-25,1641765,Olivier-Maxence Prosper,Olivier-Maxence,1610612742,DAL,Dallas Mavericks,0022400880,2025-03-03T00:00:00,DAL vs. SAC,L,16.651666666666667,2.2,6.5,0.333,2.2,6.5,0.333,10.8,13.0,0.833,0.0,8.6,8.6,2.2,0.0,0.0,0.0,0.0,2.2,6.5,17.3,-10.8,30.9,0,0,30.3,1,13222,1,13222,18500,21114,22135,17395,9393,9585,9209,514,590,7275,14058,3887,7233,15761,16469,12854,8263,8846,14291,2101,10534,18237,14115,2246,150,13745,1,16:39
2024-25,1631108,Max Christie,Max,1610612742,DAL,Dallas Mavericks,0022400880,2025-03-03T00:00:00,DAL vs. SAC,L,29.05,5.0,13.6,0.364,1.2,6.2,0.2,1.2,1.2,1.0,0.0,6.2,6.2,5.0,1.2,1.2,0.0,1.2,0.0,0.0,12.4,-13.6,29.7,0,0,27.3,1,13222,1,13222,8631,14520,10774,16861,13157,10207,13429,12476,13826,1,14058,7899,11832,7556,14168,9871,8263,6004,20257,17725,15726,19349,14989,2246,150,15979,1,29:03
2024-25,1630178,Tyrese Maxey,Tyrese,1610612755,PHI,Philadelphia 76ers,0022400876,2025-03-03T00:00:00,PHI vs. POR,L,23.18166666666667,3.1,20.2,0.154,1.6,10.9,0.143,0.0,0.0,0.0,0.0,0.0,0.0,9.3,0.0,1.6,0.0,1.6,0.0,0.0,7.8,-23.3,26.4,0,0,21.7,1,13222,1,13222,13576,19187,2832,22243,11852,2611,14649,13505,14344,13505,14058,22137,23286,1797,16469,8182,8263,4579,20257,17725,20112,22412,17350,2246,150,19821,1,23:11
2024-25,1631096,Chet Holmgren,Chet,1610612760,OKC,Oklahoma City Thunder,0022400879,2025-03-03T00:00:00,OKC vs. HOU,W,30.05,4.8,13.2,0.364,0.0,3.6,0.0,3.6,4.8,0.75,3.6,9.6,13.2,3.6,4.8,2.4,3.6,1.2,4.8,3.6,13.2,8.4,47.6,1,0,41.9,1,1,13086,1,7740,14972,11523,16861,15070,16454,15070,6498,6311,8186,4219,2935,2685,11099,2592,4708,1148,6277,5080,7400,14903,8449,4120,1,150,5686,1,30:03
2024-25,1642273,Kyshawn George,Kyshawn,1610612764,WAS,Washington Wizards,0022400877,2025-03-03T00:00:00,WAS @ MIA,L,32.11666666666667,4.5,15.7,0.286,2.2,9.0,0.25,0.0,0.0,0.0,0.0,9.0,9.0,5.6,3.4,1.1,0.0,2.2,3.4,1.1,11.2,-5.6,30.4,0,0,30.3,1,13222,1,13222,5871,15831,7557,19630,9080,4880,11902,13505,14344,13505,14058,3549,6796,6240,5325,10858,8263,2571,9208,16817,16988,15879,14516,2246,150,13749,1,32:07
2024-25,1631133,Jabari Walker,Jabari,1610612757,POR,Portland Trail Blazers,0022400876,2025-03-03T00:00:00,POR @ PHI,W,9.45,7.6,7.6,1.0,0.0,0.0,0.0,7.6,7.6,1.0,3.8,7.6,11.4,0.0,0.0,0.0,3.8,0.0,3.8,3.8,22.9,-11.4,48.0,0,0,41.9,1,1,13086,1,22292,7461,20760,1,15070,20945,15070,1592,2797,1,3869,5288,4029,19908,16469,12854,1024,8846,7703,6821,5583,18494,3972,2246,150,5698,1,9:27
2024-25,1642358,AJ Johnson,AJ,1610612764,WAS,Washington Wizards,0022400877,2025-03-03T00:00:00,WAS @ MIA,L,4.283333333333333,8.4,8.4,1.0,0.0,0.0,0.0,8.4,8.4,1.0,0.0,0.0,0.0,0.0,0.0,8.4,0.0,0.0,0.0,8.4,25.2,50.4,50.4,0,0,42.0,1,13222,1,13222,24336,5787,19633,1,15070,20945,15070,1225,2253,1,14058,22137,23286,19908,16469,183,8263,8846,20257,859,4109,539,3143,2246,150,5627,1,4:17
2024-25,201567,Kevin Love,Kevin,1610612748,MIA,Miami Heat,0022400877,2025-03-03T00:00:00,MIA vs. WAS,W,12.283333333333333,2.9,11.7,0.25,0.0,5.9,0.0,0.0,0.0,0.0,2.9,23.4,26.4,2.9,0.0,0.0,0.0,0.0,0.0,2.9,5.9,-11.7,41.9,0,0,35.2,1,1,13086,1,21109,19574,14067,20233,15070,11047,15070,13505,14344,13505,5505,97,155,13158,16469,12854,8263,8846,20257,9488,21482,18633,6661,2246,150,9974,1,12:17
2024-25,1630598,Aaron Wiggins,Aaron,1610612760,OKC,Oklahoma City Thunder,0022400879,2025-03-03T00:00:00,OKC vs. HOU,W,25.116666666666667,4.3,12.9,0.333,2.9,7.2,0.4,0.0,0.0,0.0,2.9,7.2,10.0,2.9,2.9,1.4,0.0,1.4,1.4,0.0,11.5,-4.3,29.2,0,0,30.1,1,1,13086,1,11895,16323,12036,17395,7000,8111,7874,13505,14344,13505,5679,6065,5397,13387,6973,8739,8263,5048,17500,17725,16715,15222,15334,2246,150,13869,1,25:07
2024-25,1627741,Buddy Hield,Buddy,1610612744,GSW,Golden State Warriors,0022400875,2025-03-03T00:00:00,GSW @ CHA,W,31.233333333333334,9.2,16.1,0.571,5.8,10.4,0.556,1.2,1.2,1.0,0.0,5.8,5.8,2.3,1.2,1.2,0.0,0.0,2.3,2.3,25.4,10.4,38.0,0,0,41.5,1,1,13086,1,6669,4329,6918,6538,1516,3079,3747,12741,13957,1,14058,8878,12865,15214,14778,10557,8263,8846,13621,11719,4021,7526,9006,2246,150,5917,1,31:14
2024-25,1631131,Oscar Tshiebwe,Oscar,1610612762,UTA,Utah Jazz,0022400881,2025-03-03T00:00:00,UTA vs. DET,L,5.883333333333334,0.0,12.2,0.0,0.0,0.0,0.0,6.1,12.2,0.5,6.1,12.2,18.4,6.1,6.1,0.0,0.0,0.0,6.1,6.1,6.1,-30.6,31.2,0,0,30.6,1,13222,1,13222,23632,22635,13199,22635,15070,20945,15070,2762,711,10625,1554,1256,815,5300,1311,12854,8263,8846,2803,2483,21307,23828,13894,2246,150,13487,1,5:53
2024-25,202681,Kyrie Irving,Kyrie,1610612742,DAL,Dallas Mavericks,0022400880,2025-03-03T00:00:00,DAL vs. SAC,L,9.416666666666666,7.6,15.3,0.5,0.0,0.0,0.0,11.5,11.5,1.0,0.0,3.8,3.8,3.8,3.8,0.0,0.0,0.0,0.0,7.6,26.8,-22.9,33.3,0,0,34.4,1,13222,1,13222,22306,7392,8123,8526,15070,20945,15070,406,897,1,14058,14253,17767,10438,4256,12854,8263,8846,20257,1229,3321,22318,12384,2246,150,10520,1,9:25
2024-25,1641733,Nick Smith Jr.,Nick,1610612766,CHA,Charlotte Hornets,0022400875,2025-03-03T00:00:00,CHA vs. GSW,L,28.973333333333333,3.7,14.9,0.25,0.0,9.9,0.0,0.0,0.0,0.0,0.0,0.0,0.0,1.2,3.7,1.2,0.0,1.2,3.7,0.0,7.5,-28.6,9.3,0,0,11.2,1,13222,1,13222,8695,17755,8736,20233,15070,3565,15070,13505,14344,13505,14058,22137,23286,18876,4491,9852,8263,5982,7976,17725,20359,23522,24520,2246,150,24178,1,28:58
2024-25,1631218,Trayce Jackson-Davis,Trayce,1610612744,GSW,Golden State Warriors,0022400875,2025-03-03T00:00:00,GSW @ CHA,W,1.8666666666666667,0.0,0.0,0.0,0.0,0.0,0.0,0.0,0.0,0.0,0.0,0.0,0.0,0.0,0.0,0.0,0.0,0.0,19.3,0.0,0.0,0.0,0.0,0,0,0.0,1,1,13086,1,25549,22635,24836,22635,15070,20945,15070,13505,14344,13505,14058,22137,23286,19908,16469,12854,8263,8846,128,17725,23200,12240,25228,2246,150,25259,1,1:52
2024-25,1628991,Jaren Jackson Jr.,Jaren,1610612763,MEM,Memphis Grizzlies,0022400878,2025-03-03T00:00:00,MEM vs. ATL,L,1.65,0.0,0.0,0.0,0.0,0.0,0.0,0.0,0.0,0.0,0.0,0.0,0.0,0.0,0.0,0.0,0.0,0.0,21.8,0.0,0.0,-65.5,0.0,0,0,0.0,1,13222,1,13222,25691,22635,24836,22635,15070,20945,15070,13505,14344,13505,14058,22137,23286,19908,16469,12854,8263,8846,99,17725,23200,25802,25228,2246,150,25259,1,1:39
2024-25,1631321,Sidy Cissoko,Sidy,1610612757,POR,Portland Trail Blazers,0022400876,2025-03-03T00:00:00,POR @ PHI,W,1.0666666666666667,0.0,0.0,0.0,0.0,0.0,0.0,0.0,0.0,0.0,0.0,0.0,0.0,0.0,0.0,0.0,0.0,0.0,0.0,0.0,0.0,33.8,0.0,0,0,0.0,1,1,13086,1,26041,22635,24836,22635,15070,20945,15070,13505,14344,13505,14058,22137,23286,19908,16469,12854,8263,8846,20257,17725,23200,1533,25228,2246,150,25259,1,1:04
2024-25,1641712,Rayan Rupert,Rayan,1610612757,POR,Portland Trail Blazers,0022400876,2025-03-03T00:00:00,POR @ PHI,W,1.0666666666666667,0.0,0.0,0.0,0.0,0.0,0.0,0.0,0.0,0.0,0.0,0.0,0.0,0.0,0.0,0.0,0.0,0.0,0.0,0.0,0.0,33.8,0.0,0,0,0.0,1,1,13086,1,26041,22635,24836,22635,15070,20945,15070,13505,14344,13505,14058,22137,23286,19908,16469,12854,8263,8846,20257,17725,23200,1533,25228,2246,150,25259,1,1:04
2024-25,1631246,Vince Williams Jr.,Vince,1610612763,MEM,Memphis Grizzlies,0022400878,2025-03-03T00:00:00,MEM vs. ATL,L,24.871666666666666,8.7,13.0,0.667,4.3,7.2,0.6,0.0,0.0,0.0,0.0,4.3,4.3,4.3,5.8,0.0,0.0,0.0,2.9,0.0,21.7,7.2,27.6,0,0,34.7,1,13222,1,13222,12120,5292,11810,3281,3328,7965,2992,13505,14344,13505,14058,12678,16430,9029,1571,12854,8263,8846,11213,17725,6460,9023,16461,2246,150,10267,1,24:52
2024-25,1630611,Gui Santos,Gui,1610612744,GSW,Golden State Warriors,0022400875,2025-03-03T00:00:00,GSW @ CHA,W,18.633333333333333,0.0,5.8,0.0,0.0,5.8,0.0,0.0,0.0,0.0,1.9,3.9,5.8,5.8,0.0,0.0,0.0,0.0,3.9,0.0,0.0,1.9,15.6,0,0,11.6,1,1,13086,1,17085,22635,22814,22635,15070,11211,15070,13505,14344,13505,8697,14140,12767,5864,16469,12854,8263,8846,7566,17725,23200,11659,22972,2246,150,24083,1,18:38
2024-25,1631121,Bryce McGowens,Bryce,1610612757,POR,Portland Trail Blazers,0022400876,2025-03-03T00:00:00,POR @ PHI,W,1.0666666666666667,0.0,0.0,0.0,0.0,0.0,0.0,0.0,0.0,0.0,0.0,0.0,0.0,0.0,0.0,0.0,0.0,0.0,0.0,0.0,0.0,33.8,0.0,0,0,0.0,1,1,13086,1,26041,22635,24836,22635,15070,20945,15070,13505,14344,13505,14058,22137,23286,19908,16469,12854,8263,8846,20257,17725,23200,1533,25228,2246,150,25259,1,1:04
2024-25,202691,Klay Thompson,Klay,1610612742,DAL,Dallas Mavericks,0022400880,2025-03-03T00:00:00,DAL vs. SAC,L,24.65,1.5,5.8,0.25,1.5,4.4,0.333,0.0,0.0,0.0,0.0,4.4,4.4,0.0,2.9,0.0,0.0,0.0,1.5,1.5,4.4,-43.8,6.7,0,0,10.2,1,13222,1,13222,12326,22220,22772,20233,12208,14725,9209,13505,14344,13505,14058,12569,16330,19908,6761,12854,8263,8846,17392,15182,22357,25111,24841,2246,150,24383,1,24:39
2024-25,1630194,Paul Reed,Paul,1610612765,DET,Detroit Pistons,0022400881,2025-03-03T00:00:00,DET @ UTA,W,16.683333333333334,6.5,8.6,0.75,0.0,0.0,0.0,0.0,0.0,0.0,4.3,4.3,8.6,4.3,0.0,2.2,2.2,0.0,6.5,0.0,12.9,-4.3,42.7,0,0,34.5,1,1,13086,1,18477,10251,19297,2107,15070,20945,15070,13505,14344,13505,3138,12753,7257,9085,16469,5548,3049,8846,2421,17725,15145,15234,6259,2246,150,10423,1,16:41
2024-25,203994,Jusuf Nurkić,Jusuf,1610612766,CHA,Charlotte Hornets,0022400875,2025-03-03T00:00:00,CHA vs. GSW,L,14.76,2.4,7.3,0.333,0.0,4.9,0.0,7.3,14.6,0.5,2.4,9.8,12.2,4.9,2.4,0.0,2.4,0.0,4.9,12.2,12.2,0.0,39.0,0,0,34.1,1,13222,1,13222,19730,20576,21185,17395,15070,13496,15070,1790,379,10625,6810,2766,3352,7738,8498,12854,2486,8846,4881,189,15924,12240,8388,2246,150,10739,1,14:46
2024-25,1630201,Malachi Flynn,Malachi,1610612766,CHA,Charlotte Hornets,0022400875,2025-03-03T00:00:00,CHA vs. GSW,L,1.8666666666666667,0.0,0.0,0.0,0.0,0.0,0.0,0.0,0.0,0.0,0.0,0.0,0.0,0.0,0.0,0.0,0.0,0.0,0.0,0.0,0.0,0.0,0.0,0,0,0.0,1,13222,1,13222,25549,22635,24836,22635,15070,20945,15070,13505,14344,13505,14058,22137,23286,19908,16469,12854,8263,8846,20257,17725,23200,12240,25228,2246,150,25259,1,1:52
2024-25,1631217,Moussa Diabaté,Moussa,1610612766,CHA,Charlotte Hornets,0022400875,2025-03-03T00:00:00,CHA vs. GSW,L,1.89,0.0,0.0,0.0,0.0,0.0,0.0,0.0,0.0,0.0,0.0,0.0,0.0,0.0,0.0,0.0,0.0,0.0,0.0,0.0,0.0,0.0,0.0,0,0,0.0,1,13222,1,13222,25522,22635,24836,22635,15070,20945,15070,13505,14344,13505,14058,22137,23286,19908,16469,12854,8263,8846,20257,17725,23200,12240,25228,2246,150,25259,1,1:53
2024-25,1630230,Naji Marshall,Naji,1610612742,DAL,Dallas Mavericks,0022400880,2025-03-03T00:00:00,DAL vs. SAC,L,29.716666666666665,8.5,15.7,0.538,0.0,3.6,0.0,4.8,4.8,1.0,1.2,4.8,6.1,7.3,1.2,2.4,0.0,0.0,1.2,3.6,21.8,-3.6,46.0,0,0,40.0,1,13222,1,13222,8027,5650,7477,7978,15070,16368,15070,4271,6206,1,11715,11291,12147,3664,14363,4623,8263,8846,18469,7297,6375,14865,4734,2246,150,6798,1,29:43
2024-25,1641717,Cason Wallace,Cason,1610612760,OKC,Oklahoma City Thunder,0022400879,2025-03-03T00:00:00,OKC vs. HOU,W,32.3,4.5,10.0,0.444,2.2,5.6,0.4,4.5,4.5,1.0,1.1,4.5,5.6,4.5,1.1,3.3,0.0,1.1,1.1,3.3,15.6,6.7,37.9,0,0,34.6,1,1,13086,1,5727,15899,16992,13045,9123,11787,7874,4896,6918,1,12362,12379,13353,8749,15031,2476,8263,6919,19016,8108,12316,9293,9084,2246,150,10408,1,32:18
2024-25,1630541,Moses Moody,Moses,1610612744,GSW,Golden State Warriors,0022400875,2025-03-03T00:00:00,GSW @ CHA,W,21.1,1.7,10.2,0.167,0.0,3.4,0.0,5.1,5.1,1.0,1.7,6.8,8.5,0.0,1.7,1.7,0.0,1.7,1.7,3.4,8.5,18.8,22.2,0,0,20.5,1,1,13086,1,15227,21892,16676,21938,15070,16844,15070,3861,5728,1,9557,6669,7437,19908,11890,7582,8263,4130,16515,7914,19493,4325,20038,2246,150,20594,1,21:06
2024-25,1641796,Pelle Larsson,Pelle,1610612748,MIA,Miami Heat,0022400877,2025-03-03T00:00:00,MIA vs. WAS,W,27.516666666666666,7.8,14.4,0.545,1.3,5.2,0.25,3.9,6.5,0.6,1.3,3.9,5.2,6.5,1.3,0.0,0.0,0.0,6.5,3.9,20.9,17.0,35.7,0,0,34.0,1,1,13086,1,9931,6959,9550,7695,12828,12633,11902,5835,3841,10343,11159,13953,14207,4644,13768,12854,8263,8846,2367,6504,7135,4904,10569,2246,150,10833,1,27:31
2024-25,1629610,DaQuan Jeffries,DaQuan,1610612766,CHA,Charlotte Hornets,0022400875,2025-03-03T00:00:00,CHA vs. GSW,L,15.783333333333333,0.0,11.4,0.0,0.0,4.6,0.0,0.0,0.0,0.0,4.6,6.8,11.4,0.0,0.0,0.0,0.0,2.3,4.6,0.0,0.0,0.0,13.7,0,0,11.4,1,13222,1,13222,19079,22635,14649,22635,15070,14290,15070,13505,14344,13505,2857,6630,4047,19908,16469,12854,8263,2468,5645,17725,23200,12240,23577,2246,150,24131,1,15:47
2024-25,1630531,Jaden Springer,Jaden,1610612762,UTA,Utah Jazz,0022400881,2025-03-03T00:00:00,UTA vs. DET,L,14.016666666666667,0.0,5.1,0.0,0.0,2.6,0.0,0.0,0.0,0.0,2.6,5.1,7.7,2.6,5.1,0.0,0.0,0.0,0.0,2.6,0.0,-59.1,8.0,0,0,10.3,1,13222,1,13222,20187,22635,23370,22635,15070,18502,15070,13505,14344,13505,6433,10458,8797,14310,2189,12854,8263,8846,20257,10734,23200,25662,24701,2246,150,24373,1,14:01
2024-25,201145,Jeff Green,Jeff,1610612745,HOU,Houston Rockets,0022400879,2025-03-03T00:00:00,HOU @ OKC,L,15.866666666666667,2.3,4.5,0.5,2.3,4.5,0.5,0.0,0.0,0.0,0.0,9.1,9.1,2.3,0.0,0.0,0.0,0.0,0.0,0.0,6.8,0.0,21.1,0,0,20.4,1,13222,1,13222,19018,20911,23780,8526,8977,14343,3944,13505,14344,13505,14058,3430,6620,15354,16469,12854,8263,8846,20257,17725,20858,12240,20635,2246,150,20622,1,15:52
2024-25,1641737,Adem Bona,Adem,1610612755,PHI,Philadelphia 76ers,0022400876,2025-03-03T00:00:00,PHI vs. POR,L,7.18,10.0,15.0,0.667,0.0,0.0,0.0,10.0,15.0,0.667,5.0,5.0,10.0,0.0,5.0,0.0,5.0,0.0,5.0,10.0,30.1,-40.1,52.1,0,0,50.1,1,13222,1,13222,23106,3193,8538,3281,15070,20945,15070,691,349,9425,2368,10845,5403,19908,2323,12854,511,8846,4574,408,2054,24848,2679,2246,150,2495,1,7:11
2024-25,1641715,Cam Whitmore,Cam,1610612745,HOU,Houston Rockets,0022400879,2025-03-03T00:00:00,HOU @ OKC,L,39.776666666666664,9.1,17.2,0.526,3.6,5.4,0.667,2.7,3.6,0.75,3.6,6.3,10.0,2.7,0.0,1.8,2.7,1.8,1.8,1.8,24.4,-3.6,54.0,1,0,49.8,1,13222,1,13222,630,4610,5580,8379,4871,12139,1957,8538,8645,8186,4178,7629,5484,13865,16469,7206,2062,3870,16130,13896,4530,14859,2195,1,150,2591,1,39:47
2024-25,1628970,Miles Bridges,Miles,1610612766,CHA,Charlotte Hornets,0022400875,2025-03-03T00:00:00,CHA vs. GSW,L,33.733333333333334,11.7,21.3,0.55,4.3,9.6,0.444,9.6,9.6,1.0,1.1,8.5,9.6,3.2,3.2,0.0,2.1,0.0,2.1,7.5,37.4,-21.3,56.9,0,0,58.7,1,13222,1,13222,4498,1696,2131,7655,3446,3976,7211,805,1546,1,12739,4003,5916,12306,5814,12854,3111,8846,14434,1340,670,21922,1662,2246,150,943,1,33:44
2024-25,1630595,Cade Cunningham,Cade,1610612765,DET,Detroit Pistons,0022400881,2025-03-03T00:00:00,DET @ UTA,W,30.401666666666667,14.2,28.4,0.5,1.2,9.5,0.125,4.7,4.7,1.0,0.0,1.2,1.2,10.7,7.1,4.7,0.0,1.2,4.7,5.9,34.3,18.9,58.9,0,0,56.8,1,1,13086,1,7410,651,371,8526,13453,4149,14886,4449,6419,1,14058,21555,22963,1136,847,1064,8263,6380,5199,2722,1067,4281,1356,2246,150,1184,1,30:24
2024-25,1627747,Caris LeVert,Caris,1610612737,ATL,Atlanta Hawks,0022400878,2025-03-03T00:00:00,ATL @ MEM,W,31.833333333333332,12.4,21.5,0.579,3.4,9.0,0.375,0.0,0.0,0.0,2.3,1.1,3.4,5.7,2.3,3.4,1.1,0.0,2.3,1.1,28.3,14.7,52.1,0,0,49.8,1,1,13086,1,6121,1276,2044,6486,5398,4744,8800,13505,14344,13505,7374,21681,18795,6133,9254,2398,6601,8846,13810,16760,2681,5740,2681,2246,150,2598,1,31:50
2024-25,1630163,LaMelo Ball,LaMelo,1610612766,CHA,Charlotte Hornets,0022400875,2025-03-03T00:00:00,CHA vs. GSW,L,34.415,8.4,22.0,0.381,4.2,9.4,0.444,5.2,8.4,0.625,2.1,7.3,9.4,7.3,6.3,1.0,1.0,0.0,4.2,5.2,26.2,0.0,48.4,0,0,51.3,1,13222,1,13222,3919,5860,1831,16250,3597,4233,7211,3728,2278,10271,7984,5798,6159,3595,1236,11534,7160,8846,6595,3725,3606,12240,3835,2246,150,2212,1,34:25
2024-25,1629014,Anfernee Simons,Anfernee,1610612757,POR,Portland Trail Blazers,0022400876,2025-03-03T00:00:00,POR @ PHI,W,31.916666666666668,14.7,29.3,0.5,6.8,12.4,0.545,2.3,2.3,1.0,2.3,2.3,4.5,3.4,2.3,2.3,0.0,1.1,1.1,1.1,38.3,24.8,53.4,0,0,57.5,1,1,13086,1,6045,556,316,8526,861,1571,3863,9767,11914,1,7394,18904,16028,11723,9280,5202,8263,6808,18939,16780,573,2858,2364,2246,150,1096,1,31:55
2024-25,1642271,Kyle Filipowski,Kyle,1610612762,UTA,Utah Jazz,0022400881,2025-03-03T00:00:00,UTA vs. DET,L,24.4,10.3,19.2,0.538,5.9,10.3,0.571,10.3,11.8,0.875,0.0,11.8,11.8,1.5,5.9,0.0,0.0,3.0,5.9,5.9,36.9,-16.2,47.4,0,0,56.1,1,13222,1,13222,12564,2894,3607,7978,1375,3127,3506,609,808,6931,14058,1465,3657,18072,1451,12854,8263,1391,3069,2739,708,20331,4189,2246,150,1300,1,24:24
2024-25,1631105,Jalen Duren,Jalen,1610612765,DET,Detroit Pistons,0022400881,2025-03-03T00:00:00,DET @ UTA,W,29.916666666666668,6.0,6.0,1.0,0.0,0.0,0.0,7.2,9.6,0.75,1.2,13.2,14.4,2.4,3.6,2.4,4.8,0.0,2.4,6.0,19.3,37.3,58.2,1,0,50.5,1,1,13086,1,7855,11458,22579,1,15070,20945,15070,1856,1535,8186,11773,944,2028,14855,4756,4674,567,8846,13169,2600,8594,1174,1444,1,150,2381,1,29:55
2024-25,1628995,Kevin Knox II,Kevin,1610612744,GSW,Golden State Warriors,0022400875,2025-03-03T00:00:00,GSW @ CHA,W,1.8666666666666667,19.3,38.6,0.5,0.0,0.0,0.0,0.0,0.0,0.0,0.0,19.3,19.3,0.0,0.0,0.0,0.0,0.0,0.0,0.0,38.6,0.0,61.7,0,0,57.9,1,1,13086,1,25549,161,88,8526,15070,20945,15070,13505,14344,13505,14058,193,625,19908,16469,12854,8263,8846,20257,17725,545,12240,999,2246,150,1046,1,1:52
2024-25,1631099,Keegan Murray,Keegan,1610612758,SAC,Sacramento Kings,0022400880,2025-03-03T00:00:00,SAC @ DAL,W,24.55,8.8,14.7,0.6,5.9,11.7,0.5,2.9,2.9,1.0,1.5,5.9,7.3,4.4,1.5,0.0,0.0,0.0,1.5,5.9,26.4,42.5,40.3,0,0,44.0,1,1,13086,1,12423,5084,9108,5394,1418,1938,3944,8001,10134,1,10450,8630,9508,8884,12919,12854,8263,8846,17362,2797,3485,805,7554,2246,150,4689,1,24:33
2024-25,1629639,Tyler Herro,Tyler,1610612748,MIA,Miami Heat,0022400877,2025-03-03T00:00:00,MIA vs. WAS,W,26.116666666666667,8.3,13.8,0.6,4.1,6.9,0.6,1.4,1.4,1.0,0.0,4.1,4.1,8.3,4.1,1.4,1.4,0.0,1.4,5.5,22.1,5.5,43.6,0,0,44.1,1,1,13086,1,11073,6040,10525,5394,3707,8690,2992,12074,13620,1,14058,13317,16987,2637,3599,9016,5320,8846,17710,3321,6167,9836,5869,2246,150,4636,1,26:07
2024-25,1630322,Lindy Waters III,Lindy,1610612765,DET,Detroit Pistons,0022400881,2025-03-03T00:00:00,DET @ UTA,W,5.116666666666666,21.1,28.1,0.75,14.1,21.1,0.667,0.0,0.0,0.0,0.0,0.0,0.0,0.0,0.0,7.0,0.0,0.0,0.0,0.0,56.3,42.2,77.4,0,0,84.4,1,1,13086,1,23934,118,386,2107,90,197,1957,13505,14344,13505,14058,22137,23286,19908,16469,290,8263,8846,20257,17725,101,823,250,2246,150,119,1,5:07
2024-25,203083,Andre Drummond,Andre,1610612755,PHI,Philadelphia 76ers,0022400876,2025-03-03T00:00:00,PHI vs. POR,L,28.733333333333334,13.8,23.8,0.579,1.3,2.5,0.5,2.5,5.0,0.5,7.5,15.0,22.6,1.3,0.0,2.5,0.0,2.5,5.0,2.5,31.3,-12.5,67.8,1,0,61.4,1,13222,1,13222,8889,767,1120,6486,13084,18614,3944,9034,5899,10625,950,564,297,18833,16469,4369,8263,2036,4577,10970,1689,18952,530,1,150,698,1,28:44
2024-25,1628983,Shai Gilgeous-Alexander,Shai,1610612760,OKC,Oklahoma City Thunder,0022400879,2025-03-03T00:00:00,OKC vs. HOU,W,35.63333333333333,18.2,30.3,0.6,5.1,9.1,0.556,10.1,10.1,1.0,2.0,3.0,5.1,7.1,2.0,1.0,1.0,0.0,1.0,5.1,51.5,6.1,72.2,0,0,72.7,1,1,13086,1,2960,206,262,5394,2208,4681,3747,668,1327,1,8294,16617,14666,3926,10419,11857,7416,8846,19646,4014,144,9587,364,2246,150,266,1,35:38
2024-25,203897,Zach LaVine,Zach,1610612758,SAC,Sacramento Kings,0022400880,2025-03-03T00:00:00,SAC @ DAL,W,29.216666666666665,9.9,14.8,0.667,4.9,6.2,0.8,2.5,2.5,1.0,0.0,3.7,3.7,2.5,1.2,1.2,0.0,0.0,0.0,1.2,27.1,34.5,37.7,0,0,40.7,1,1,13086,1,8478,3393,8931,3281,2365,10293,1389,9156,11305,1,14058,14646,18082,14667,14222,9928,8263,8846,20257,16226,3159,1447,9224,2246,150,6403,1,29:13
2024-25,203926,Doug McDermott,Doug,1610612758,SAC,Sacramento Kings,0022400880,2025-03-03T00:00:00,SAC @ DAL,W,5.233333333333333,13.8,20.6,0.667,13.8,20.6,0.667,0.0,0.0,0.0,0.0,0.0,0.0,0.0,0.0,0.0,0.0,0.0,0.0,0.0,41.3,-13.8,41.3,0,0,55.0,1,1,13086,1,23896,773,2549,3281,93,212,1957,13505,14344,13505,14058,22137,23286,19908,16469,12854,8263,8846,20257,17725,383,19404,7006,2246,150,1452,1,5:14
2024-25,1631204,Marcus Sasser,Marcus,1610612765,DET,Detroit Pistons,0022400881,2025-03-03T00:00:00,DET @ UTA,W,7.616666666666666,9.5,9.5,1.0,4.7,4.7,1.0,0.0,0.0,0.0,0.0,0.0,0.0,14.2,4.7,4.7,0.0,0.0,4.7,0.0,23.6,23.6,54.4,0,0,52.0,1,1,13086,1,22943,3951,18030,1,2683,13895,1,13505,14344,13505,14058,22137,23286,375,2681,1065,8263,8846,5219,17725,5030,3120,2129,2246,150,2045,1,7:37
2024-25,203110,Draymond Green,Draymond,1610612744,GSW,Golden State Warriors,0022400875,2025-03-03T00:00:00,GSW @ CHA,W,28.4,7.6,19.0,0.4,2.5,7.6,0.333,2.5,2.5,1.0,3.8,11.4,15.2,8.9,0.0,2.5,0.0,2.5,5.1,1.3,20.3,25.4,59.5,1,0,52.0,1,1,13086,1,9212,7493,3749,14933,8029,7161,9209,8946,11115,1,3880,1692,1674,2119,16469,4285,8263,1979,4446,16045,7672,2734,1260,1,150,2048,1,28:24
2024-25,1631114,Jalen Williams,Jalen,1610612760,OKC,Oklahoma City Thunder,0022400879,2025-03-03T00:00:00,OKC vs. HOU,W,31.85,9.0,18.1,0.5,4.5,5.7,0.8,4.5,6.8,0.667,0.0,4.5,4.5,3.4,1.1,1.1,1.1,2.3,3.4,4.5,27.1,14.7,43.3,0,0,44.1,1,1,13086,1,6101,4628,4575,8526,3034,11577,1389,4799,3578,9425,14058,12208,15991,11702,14933,10767,6605,2526,9109,5090,3150,5744,5989,2246,150,4656,1,31:51
2024-25,1630811,Keaton Wallace,Keaton,1610612737,ATL,Atlanta Hawks,0022400878,2025-03-03T00:00:00,ATL @ MEM,W,2.8333333333333335,12.7,38.1,0.333,12.7,25.4,0.5,0.0,0.0,0.0,12.7,0.0,12.7,12.7,0.0,0.0,0.0,0.0,12.7,12.7,38.1,-63.5,72.4,0,0,76.2,1,1,13086,1,25050,1147,96,17395,114,106,3944,13505,14344,13505,207,22137,2992,585,16469,12854,8263,8846,363,169,598,25756,361,2246,150,216,1,2:50
2024-25,1641871,Duop Reath,Duop,1610612757,POR,Portland Trail Blazers,0022400876,2025-03-03T00:00:00,POR @ PHI,W,18.2,9.9,11.9,0.833,5.9,7.9,0.75,0.0,0.0,0.0,2.0,7.9,9.9,4.0,2.0,2.0,4.0,0.0,0.0,0.0,25.7,11.9,59.3,0,0,57.4,1,1,13086,1,17440,3346,13824,1514,1352,6595,1542,13505,14344,13505,8485,4838,5553,10050,10623,6350,943,8846,20257,17725,3816,6847,1274,2246,150,1121,1,18:12
2024-25,1628389,Bam Adebayo,Bam,1610612748,MIA,Miami Heat,0022400877,2025-03-03T00:00:00,MIA vs. WAS,W,31.185,8.1,18.5,0.438,0.0,2.3,0.0,5.8,6.9,0.833,3.5,13.9,17.3,5.8,2.3,2.3,1.2,0.0,1.2,5.8,21.9,12.7,59.5,1,0,51.9,1,1,13086,1,6714,6467,4239,13558,15070,18967,15070,3111,3446,7275,4429,795,1058,5906,9033,5006,6455,8846,18788,2941,6265,6520,1259,1,150,2052,1,31:11
2024-25,1641709,Ausar Thompson,Ausar,1610612765,DET,Detroit Pistons,0022400881,2025-03-03T00:00:00,DET @ UTA,W,30.233333333333334,8.3,8.3,1.0,0.0,0.0,0.0,3.6,3.6,1.0,2.4,4.8,7.1,6.0,0.0,3.6,1.2,0.0,1.2,2.4,20.2,23.8,52.0,0,0,42.9,1,1,13086,1,7566,5914,19742,1,15070,20945,15070,6547,8740,1,6977,11536,9863,5582,16469,2134,6234,8846,18584,11423,7703,3069,2699,2246,150,5210,1,30:14
2024-25,1630217,Desmond Bane,Desmond,1610612763,MEM,Memphis Grizzlies,0022400878,2025-03-03T00:00:00,MEM vs. ATL,L,35.888333333333335,9.0,19.1,0.474,3.0,8.0,0.375,14.0,14.0,1.0,3.0,7.0,10.0,10.0,5.0,0.0,0.0,1.0,3.0,8.0,35.1,-3.0,57.2,1,1,58.2,1,13222,1,13222,2763,4655,3708,12072,6476,6407,8800,207,449,1,5313,6326,5399,1417,2319,12854,8263,7897,10672,1003,943,14575,1602,1,1,1006,1,35:53
2024-25,1629726,Garrison Mathews,Garrison,1610612737,ATL,Atlanta Hawks,0022400878,2025-03-03T00:00:00,ATL @ MEM,W,13.826666666666666,10.4,15.6,0.667,7.8,13.0,0.6,0.0,2.6,0.0,0.0,5.2,5.2,2.6,0.0,0.0,5.2,0.0,7.8,2.6,28.6,-20.8,54.4,0,0,54.7,1,1,13086,1,20288,2807,7659,3281,511,1293,2992,13505,10965,13505,14058,10263,14260,14204,16469,12854,466,8846,1449,10632,2554,21790,2111,2246,150,1512,1,13:50
2024-25,1627780,Gary Payton II,Gary,1610612744,GSW,Golden State Warriors,0022400875,2025-03-03T00:00:00,GSW @ CHA,W,10.056666666666667,14.3,25.1,0.571,3.6,14.3,0.25,0.0,0.0,0.0,0.0,7.2,7.2,0.0,0.0,3.6,3.6,0.0,7.2,0.0,32.2,21.5,62.3,0,0,57.3,1,1,13086,1,22089,622,811,6538,4966,846,11902,13505,14344,13505,14058,6077,9834,19908,16469,2119,1162,8846,1850,17725,1477,3583,939,2246,150,1133,1,10:03
2024-25,1626168,Trey Lyles,Trey,1610612758,SAC,Sacramento Kings,0022400880,2025-03-03T00:00:00,SAC @ DAL,W,20.483333333333334,7.0,7.0,1.0,1.8,1.8,1.0,0.0,0.0,0.0,1.8,14.1,15.8,10.5,0.0,0.0,0.0,0.0,1.8,0.0,15.8,8.8,50.6,0,0,43.9,1,1,13086,1,15651,8854,21526,1,11234,19977,1,13505,14344,13505,9391,749,1481,1186,16469,12854,8263,8846,16349,17725,12104,8287,3094,2246,150,4722,1,20:29
2024-25,1629652,Luguentz Dort,Luguentz,1610612760,OKC,Oklahoma City Thunder,0022400879,2025-03-03T00:00:00,OKC vs. HOU,W,28.683333333333334,5.0,10.0,0.5,3.8,8.8,0.429,0.0,0.0,0.0,0.0,0.0,0.0,2.5,0.0,1.3,0.0,0.0,2.5,1.3,13.8,8.8,21.3,0,0,22.6,1,1,13086,1,8938,14322,16976,8526,4538,5134,7394,13505,14344,13505,14058,22137,23286,14505,16469,9759,8263,8846,12761,16106,14147,8288,20510,2246,150,19289,1,28:41
2024-25,1627736,Malik Beasley,Malik,1610612765,DET,Detroit Pistons,0022400881,2025-03-03T00:00:00,DET @ UTA,W,32.55,6.6,18.8,0.353,3.3,15.5,0.214,0.0,0.0,0.0,0.0,1.1,1.1,1.1,0.0,0.0,0.0,0.0,4.4,2.2,16.6,24.3,19.6,0,0,22.1,1,1,13086,1,5517,9853,3926,17268,5605,602,13424,13505,14344,13505,14058,21741,23075,19333,16469,12854,8263,8846,5957,12108,11296,2959,21372,2246,150,19606,1,32:33
2024-25,1642262,Cody Williams,Cody,1610612762,UTA,Utah Jazz,0022400881,2025-03-03T00:00:00,UTA vs. DET,L,15.75,2.3,6.9,0.333,0.0,2.3,0.0,9.1,11.4,0.8,2.3,0.0,2.3,6.9,6.9,0.0,0.0,0.0,4.6,6.9,13.7,-25.1,19.9,0,0,22.9,1,13222,1,13222,19100,20881,21724,17395,15070,19015,15070,955,910,7681,7292,22137,21233,4199,956,12854,8263,8846,5619,1773,14256,22842,21219,2246,150,19097,1,15:45
2024-25,201942,DeMar DeRozan,DeMar,1610612758,SAC,Sacramento Kings,0022400880,2025-03-03T00:00:00,SAC @ DAL,W,30.2,9.5,17.9,0.533,0.0,2.4,0.0,4.8,4.8,1.0,0.0,2.4,2.4,4.8,1.2,0.0,0.0,0.0,2.4,2.4,23.8,27.4,32.7,0,0,31.0,1,1,13086,1,7586,3827,4823,8140,15070,18847,15070,4396,6358,1,14058,18527,21039,7999,14502,12854,8263,8846,13289,11411,4914,2355,12832,2246,150,13171,1,30:12
2024-25,1630215,Jared Butler,Jared,1610612755,PHI,Philadelphia 76ers,0022400876,2025-03-03T00:00:00,PHI vs. POR,L,5.1,0.0,14.1,0.0,0.0,0.0,0.0,0.0,0.0,0.0,0.0,7.1,7.1,7.1,0.0,0.0,0.0,0.0,0.0,0.0,0.0,-7.1,19.1,0,0,14.1,1,13222,1,13222,23941,22635,9968,22635,15070,20945,15070,13505,14344,13505,14058,6259,10039,3941,16469,12854,8263,8846,20257,17725,23200,16535,21609,2246,150,23389,1,5:06
2024-25,1631200,Kris Murray,Kris,1610612757,POR,Portland Trail Blazers,0022400876,2025-03-03T00:00:00,POR @ PHI,W,13.946666666666667,5.2,7.7,0.667,0.0,2.6,0.0,0.0,5.2,0.0,5.2,10.3,15.5,5.2,2.6,0.0,0.0,0.0,0.0,2.6,10.3,43.9,34.1,0,0,31.0,1,1,13086,1,20227,13916,20604,3281,15070,18478,15070,13505,5658,13505,2237,2338,1578,7109,7942,12854,8263,8846,20257,10700,17836,746,11747,2246,150,13188,1,13:57
2024-25,1630556,Kessler Edwards,Kessler,1610612742,DAL,Dallas Mavericks,0022400880,2025-03-03T00:00:00,DAL vs. SAC,L,22.066666666666666,4.9,4.9,1.0,0.0,0.0,0.0,0.0,0.0,0.0,3.3,3.3,6.5,6.5,0.0,0.0,0.0,0.0,1.6,0.0,9.8,-19.6,27.4,0,0,22.8,1,13222,1,13222,14445,14687,23534,1,15070,20945,15070,13505,14344,13505,4813,15896,11111,4668,16469,12854,8263,8846,16775,17725,18359,21423,16651,2246,150,19111,1,22:04
2024-25,1630256,Jae'Sean Tate,Jae'Sean,1610612745,HOU,Houston Rockets,0022400879,2025-03-03T00:00:00,HOU @ OKC,L,11.323333333333334,3.2,12.7,0.25,0.0,3.2,0.0,0.0,0.0,0.0,6.4,6.4,12.7,6.4,0.0,3.2,0.0,0.0,3.2,6.4,6.4,-9.5,40.7,0,0,31.8,1,13222,1,13222,21576,19033,12355,20233,15070,17310,15070,13505,14344,13505,1448,7579,2985,4916,16469,2785,8263,8846,9957,2231,21149,17689,7331,2246,150,12549,1,11:19
2024-25,1631466,Nate Williams,Nate,1610612745,HOU,Houston Rockets,0022400879,2025-03-03T00:00:00,HOU @ OKC,L,23.466666666666665,3.1,13.8,0.222,0.0,3.1,0.0,3.1,3.1,1.0,0.0,1.5,1.5,0.0,4.6,1.5,0.0,0.0,6.1,1.5,9.2,-9.2,11.0,0,0,13.8,1,13222,1,13222,13330,19285,10479,21205,15070,17517,15070,7625,9801,1,14058,20804,22530,19908,2845,8261,8263,8846,2780,14856,18899,17531,24234,2246,150,23473,1,23:28
2024-25,1629130,Duncan Robinson,Duncan,1610612748,MIA,Miami Heat,0022400877,2025-03-03T00:00:00,MIA vs. WAS,W,30.3,8.3,15.4,0.538,3.6,8.3,0.429,0.0,0.0,0.0,0.0,3.6,3.6,1.2,0.0,1.2,0.0,0.0,1.2,1.2,20.2,25.0,29.8,0,0,30.9,1,1,13086,1,7493,5953,7899,7978,4998,5888,7394,13505,14344,13505,14058,15040,18412,19058,16469,10283,8263,8846,18603,16460,7740,2832,14924,2246,150,13258,1,30:18
2024-25,203939,Dwight Powell,Dwight,1610612742,DAL,Dallas Mavericks,0022400880,2025-03-03T00:00:00,DAL vs. SAC,L,9.566666666666666,3.8,3.8,1.0,0.0,0.0,0.0,0.0,0.0,0.0,3.8,3.8,7.5,0.0,0.0,0.0,0.0,0.0,3.8,3.8,7.5,-37.6,16.6,0,0,15.1,1,13222,1,13222,22255,17661,24200,1,15070,20945,15070,13505,14344,13505,3944,14433,9113,19908,16469,12854,8263,8846,7866,6951,20296,24664,22636,2246,150,23044,1,9:34
2024-25,1630625,Dalano Banton,Dalano,1610612757,POR,Portland Trail Blazers,0022400876,2025-03-03T00:00:00,POR @ PHI,W,9.366666666666667,3.8,7.7,0.5,0.0,0.0,0.0,0.0,0.0,0.0,0.0,3.8,3.8,3.8,0.0,3.8,0.0,0.0,0.0,0.0,7.7,-7.7,29.6,0,0,23.1,1,1,13086,1,22327,17468,20666,8526,15070,20945,15070,13505,14344,13505,14058,14195,17721,10381,16469,1799,8263,8846,20257,17725,20170,16819,15084,2246,150,18970,1,9:22
2024-25,203937,Kyle Anderson,Kyle,1610612748,MIA,Miami Heat,0022400877,2025-03-03T00:00:00,MIA vs. WAS,W,24.865,2.9,5.8,0.5,0.0,1.4,0.0,0.0,0.0,0.0,0.0,4.3,4.3,7.2,1.4,4.3,2.9,0.0,2.9,0.0,5.8,26.1,42.1,0,0,31.9,1,1,13086,1,12127,19665,22818,8526,15070,20329,15070,13505,14344,13505,14058,12674,16427,3704,13019,1344,1829,8846,11209,17725,21529,2606,6552,2246,150,12495,1,24:52
2024-25,1628988,Aaron Holiday,Aaron,1610612745,HOU,Houston Rockets,0022400879,2025-03-03T00:00:00,HOU @ OKC,L,19.25,9.4,15.0,0.625,7.5,11.2,0.667,0.0,0.0,0.0,0.0,1.9,1.9,3.7,9.4,0.0,0.0,1.9,1.9,3.7,26.2,-7.5,24.7,0,0,39.3,1,13222,1,13222,16627,4119,8663,4899,597,2307,1957,13505,14344,13505,14058,20043,22048,10681,385,12854,8263,3666,15829,7015,3590,16721,18499,2246,150,7211,1,19:15
2024-25,203915,Spencer Dinwiddie,Spencer,1610612742,DAL,Dallas Mavericks,0022400880,2025-03-03T00:00:00,DAL vs. SAC,L,27.216666666666665,2.6,15.9,0.167,1.3,6.6,0.2,6.6,7.9,0.833,0.0,4.0,4.0,7.9,4.0,1.3,0.0,1.3,4.0,4.0,13.2,-9.3,29.9,0,0,29.1,1,13222,1,13222,10176,20199,7308,21938,12764,9285,13429,2305,2559,7275,14058,13820,17393,2959,3940,9329,8263,5530,7224,6404,14841,17555,14879,2246,150,14621,1,27:13
2024-25,1631230,Dominick Barlow,Dominick,1610612737,ATL,Atlanta Hawks,0022400878,2025-03-03T00:00:00,ATL @ MEM,W,12.766666666666667,5.6,8.5,0.667,0.0,2.8,0.0,5.6,5.6,1.0,2.8,2.8,5.6,0.0,0.0,0.0,0.0,0.0,2.8,2.8,16.9,-8.5,23.7,0,0,22.6,1,1,13086,1,20855,12582,19557,3281,15070,18018,15070,3260,4983,1,5807,17334,13176,19908,16469,12854,8263,8846,11549,9891,10940,17163,19158,2246,150,19312,1,12:46
2024-25,1630231,KJ Martin,KJ,1610612762,UTA,Utah Jazz,0022400881,2025-03-03T00:00:00,UTA vs. DET,L,17.7,4.1,4.1,1.0,0.0,0.0,0.0,2.0,6.1,0.333,2.0,2.0,4.1,0.0,2.0,0.0,0.0,0.0,8.1,4.1,10.2,-22.4,13.0,0,0,14.2,1,13222,1,13222,17779,16929,24062,1,15070,20945,15070,10514,4346,13132,8235,19551,17140,19908,10335,12854,8263,8846,1310,6122,17981,22186,23767,2246,150,23346,1,17:42
2024-25,1642268,Isaiah Collier,Isaiah,1610612762,UTA,Utah Jazz,0022400881,2025-03-03T00:00:00,UTA vs. DET,L,31.866666666666667,4.5,13.6,0.333,0.0,2.3,0.0,3.4,4.5,0.75,0.0,3.4,3.4,2.3,3.4,2.3,0.0,3.4,2.3,4.5,12.4,-24.9,23.3,0,0,22.6,1,13222,1,13222,6086,15718,10906,17395,15070,19069,15070,6927,6807,8186,14058,15549,18802,15395,5257,5183,8263,1004,13824,5095,15682,22777,19391,2246,150,19287,1,31:52
2024-25,1627746,Skal Labissiere,Skal,1610612758,SAC,Sacramento Kings,0022400880,2025-03-03T00:00:00,SAC @ DAL,W,4.116666666666666,0.0,0.0,0.0,0.0,0.0,0.0,0.0,0.0,0.0,8.7,0.0,8.7,8.7,0.0,0.0,0.0,0.0,8.7,0.0,0.0,-8.7,23.6,0,0,17.5,1,1,13086,1,24422,22635,24836,22635,15070,20945,15070,13505,14344,13505,605,22137,7106,2224,16469,12854,8263,8846,1048,17725,23200,17303,19194,2246,150,22080,1,4:07
2024-25,1629611,Terance Mann,Terance,1610612737,ATL,Atlanta Hawks,0022400878,2025-03-03T00:00:00,ATL @ MEM,W,29.0,3.7,7.4,0.5,1.2,2.5,0.5,0.0,0.0,0.0,2.5,0.0,2.5,3.7,0.0,0.0,1.2,0.0,3.7,0.0,8.7,-3.7,21.0,0,0,18.6,1,1,13086,1,8672,17770,21005,8526,13145,18661,3944,13505,14344,13505,6665,22137,20844,10727,16469,12854,5940,8846,7989,17725,19356,14903,20701,2246,150,21571,1,29:00
2024-25,1631119,Jaylin Williams,Jaylin,1610612760,OKC,Oklahoma City Thunder,0022400879,2025-03-03T00:00:00,OKC vs. HOU,W,9.1,4.0,11.9,0.333,0.0,4.0,0.0,4.0,4.0,1.0,0.0,7.9,7.9,4.0,0.0,0.0,0.0,0.0,0.0,4.0,11.9,19.8,27.3,0,0,23.7,1,1,13086,1,22413,17193,13824,17395,15070,15667,15070,5777,7930,1,14058,4838,8432,10050,16469,12854,8263,8846,20257,6436,16266,4021,16746,2246,150,18500,1,9:06
2024-25,1629312,Haywood Highsmith,Haywood,1610612748,MIA,Miami Heat,0022400877,2025-03-03T00:00:00,MIA vs. WAS,W,26.048333333333332,2.8,6.9,0.4,2.8,2.8,1.0,2.8,2.8,1.0,0.0,4.1,4.1,2.8,0.0,1.4,0.0,0.0,5.5,1.4,11.1,8.3,24.3,0,0,23.5,1,1,13086,1,11132,19950,21660,14933,7342,18131,1,8424,10577,1,14058,13285,16955,13707,16469,9001,8263,8846,3664,15522,17137,8493,18737,2246,150,18676,1,26:03
2024-25,1641731,Bilal Coulibaly,Bilal,1610612764,WAS,Washington Wizards,0022400877,2025-03-03T00:00:00,WAS @ MIA,L,33.05,1.1,6.5,0.167,0.0,2.2,0.0,1.1,2.2,0.5,1.1,2.2,3.3,0.0,2.2,1.1,0.0,0.0,2.2,1.1,3.3,-5.4,8.3,0,0,8.7,1,13222,1,13222,5110,22581,22071,21938,15070,19207,15070,12936,12156,10625,12557,19133,19069,19908,9604,11110,8263,8846,14198,16954,22861,15805,24663,2246,150,24650,1,33:03
2024-25,203552,Seth Curry,Seth,1610612766,CHA,Charlotte Hornets,0022400875,2025-03-03T00:00:00,CHA vs. GSW,L,7.816666666666666,0.0,4.6,0.0,0.0,0.0,0.0,0.0,0.0,0.0,0.0,4.6,4.6,0.0,4.6,0.0,0.0,0.0,4.6,0.0,0.0,-46.1,0.9,0,0,4.6,1,13222,1,13222,22880,22635,23740,22635,15070,20945,15070,13505,14344,13505,14058,11964,15796,19908,2837,12854,8263,8846,5524,17725,23200,25232,25213,2246,150,25140,1,7:49
2024-25,1642259,Alex Sarr,Alex,1610612764,WAS,Washington Wizards,0022400877,2025-03-03T00:00:00,WAS @ MIA,L,25.433333333333334,4.2,17.0,0.25,1.4,5.7,0.25,2.8,2.8,1.0,1.4,4.2,5.7,4.2,0.0,0.0,0.0,0.0,1.4,1.4,12.7,-1.4,25.9,0,0,24.1,1,13222,1,13222,11634,16470,5822,20233,12383,11544,11902,8261,10407,1,10678,12980,13129,9259,16469,12854,8263,8846,17559,15384,15348,13768,17682,2246,150,18283,1,25:26
2024-25,1630182,Josh Green,Josh,1610612766,CHA,Charlotte Hornets,0022400875,2025-03-03T00:00:00,CHA vs. GSW,L,26.083333333333332,0.0,4.1,0.0,0.0,2.8,0.0,2.8,4.1,0.667,0.0,1.4,1.4,0.0,0.0,0.0,0.0,0.0,2.8,1.4,2.8,-22.1,4.4,0,0,4.1,1,13222,1,13222,11099,22635,24027,22635,15070,18140,15070,8437,7548,9425,14058,21126,22721,19908,16469,12854,8263,8846,11799,15528,23006,22087,25056,2246,150,25176,1,26:05
2024-25,1641878,Damion Baugh,Damion,1610612766,CHA,Charlotte Hornets,0022400875,2025-03-03T00:00:00,CHA vs. GSW,L,28.251666666666665,3.8,12.7,0.3,0.0,6.4,0.0,0.0,0.0,0.0,0.0,2.5,2.5,7.6,1.3,0.0,0.0,1.3,3.8,1.3,7.6,-6.4,20.9,0,0,17.8,1,13222,1,13222,9338,17515,12310,19363,15070,9822,15070,13505,14344,13505,14058,18062,20710,3229,13944,12854,8263,5790,7672,16012,20202,16234,20743,2246,150,21937,1,28:15
2024-25,1641739,Toumani Camara,Toumani,1610612757,POR,Portland Trail Blazers,0022400876,2025-03-03T00:00:00,POR @ PHI,W,33.446666666666665,5.4,8.6,0.625,1.1,3.2,0.333,0.0,0.0,0.0,4.3,5.4,9.7,1.1,0.0,0.0,0.0,0.0,2.2,2.2,11.8,7.5,25.1,0,0,23.7,1,1,13086,1,4778,13321,19341,4899,14089,17212,9209,13505,14344,13505,3158,9825,5813,19428,16469,12854,8263,8846,14341,12382,16304,8867,18230,2246,150,18555,1,33:27
2024-25,1630557,Corey Kispert,Corey,1610612764,WAS,Washington Wizards,0022400877,2025-03-03T00:00:00,WAS @ MIA,L,21.366666666666667,5.1,13.5,0.375,1.7,6.7,0.25,1.7,1.7,1.0,0.0,3.4,3.4,0.0,1.7,0.0,0.0,1.7,3.4,0.0,13.5,-37.1,15.8,0,0,18.5,1,13222,1,13222,15018,14220,11038,16299,11448,9038,11902,11445,13310,1,14058,15597,18827,19908,11981,12854,8263,4187,9187,17725,14533,24622,22913,2246,150,21610,1,21:22
2024-25,1631165,Keon Ellis,Keon,1610612758,SAC,Sacramento Kings,0022400880,2025-03-03T00:00:00,SAC @ DAL,W,26.883333333333333,0.0,9.4,0.0,0.0,8.0,0.0,0.0,0.0,0.0,0.0,2.7,2.7,1.3,0.0,0.0,2.7,0.0,5.4,0.0,0.0,2.7,13.3,0,0,9.4,1,1,13086,1,10435,22635,18159,22635,15070,6393,15070,13505,14344,13505,14058,17752,20499,18536,16469,12854,2107,8846,3918,17725,23200,11278,23705,2246,150,24543,1,26:53
2024-25,1641729,Brice Sensabaugh,Brice,1610612762,UTA,Utah Jazz,0022400881,2025-03-03T00:00:00,UTA vs. DET,L,16.166666666666668,0.0,11.1,0.0,0.0,8.9,0.0,0.0,0.0,0.0,0.0,4.5,4.5,0.0,11.1,0.0,0.0,0.0,2.2,0.0,0.0,-4.5,-5.8,0,0,4.5,1,13222,1,13222,18815,22635,15133,22635,15070,4957,15070,13505,14344,13505,14058,12395,16164,19908,246,12854,8263,8846,13976,17725,23200,15303,26183,2246,150,25154,1,16:10
2024-25,1629022,Lonnie Walker IV,Lonnie,1610612755,PHI,Philadelphia 76ers,0022400876,2025-03-03T00:00:00,PHI vs. POR,L,28.2,5.1,10.2,0.5,3.8,7.7,0.5,2.6,2.6,1.0,0.0,3.8,3.8,2.6,0.0,2.6,2.6,0.0,2.6,1.3,16.6,-11.5,40.3,0,0,37.0,1,13222,1,13222,9378,14065,16707,8526,4360,7062,3944,8913,11078,1,14058,14230,17746,14356,16469,4244,2288,8846,12594,16003,11285,18528,7548,2246,150,8708,1,28:12
2024-25,203935,Marcus Smart,Marcus,1610612764,WAS,Washington Wizards,0022400877,2025-03-03T00:00:00,WAS @ MIA,L,18.511666666666667,3.9,13.6,0.286,1.9,7.8,0.25,5.8,7.8,0.75,0.0,1.9,1.9,1.9,5.8,1.9,0.0,0.0,5.8,7.8,15.6,-38.9,20.8,0,0,25.3,1,13222,1,13222,17192,17353,10811,19630,10435,6844,11902,3047,2683,8186,14058,19844,21921,16583,1522,6538,8263,8846,3171,1146,12366,24766,20784,2246,150,17450,1,18:31
2024-25,202692,Alec Burks,Alec,1610612748,MIA,Miami Heat,0022400877,2025-03-03T00:00:00,MIA vs. WAS,W,26.418333333333333,4.1,9.5,0.429,4.1,9.5,0.429,0.0,0.0,0.0,0.0,4.1,4.1,1.4,1.4,1.4,0.0,0.0,4.1,0.0,12.3,0.0,21.9,0,0,24.5,1,1,13086,1,10802,16871,17874,13735,3813,4052,7394,13505,14344,13505,14058,13455,17102,18459,13498,9127,8263,8846,6878,17725,15859,12240,20181,2246,150,17987,1,26:25
2024-25,1630224,Jalen Green,Jalen,1610612745,HOU,Houston Rockets,0022400879,2025-03-03T00:00:00,HOU @ OKC,L,24.533333333333335,8.8,20.5,0.429,1.5,7.3,0.2,7.3,8.8,0.833,0.0,8.8,8.8,5.9,2.9,2.9,0.0,2.9,4.4,10.3,26.4,-4.4,51.7,0,0,48.4,1,13222,1,13222,12449,5069,2613,13735,12173,7750,13429,1777,1981,7275,14058,3721,7017,5726,6702,3311,8263,1412,6014,368,3475,15272,2789,2246,150,3012,1,24:32
2024-25,1631117,Walker Kessler,Walker,1610612762,UTA,Utah Jazz,0022400881,2025-03-03T00:00:00,UTA vs. DET,L,27.6,9.1,11.7,0.778,0.0,0.0,0.0,0.0,0.0,0.0,5.2,6.5,11.7,1.3,2.6,0.0,1.3,0.0,3.9,0.0,18.3,-28.7,35.6,0,0,33.9,1,13222,1,13222,9868,4485,14039,1994,15070,20945,15070,13505,14344,13505,2178,7260,3721,18641,7841,12854,5626,8846,7402,17725,9564,23537,10648,2246,150,10914,1,27:36
2024-25,1629027,Trae Young,Trae,1610612737,ATL,Atlanta Hawks,0022400878,2025-03-03T00:00:00,ATL @ MEM,W,36.29666666666667,5.0,16.9,0.294,0.0,2.0,0.0,2.0,2.0,1.0,0.0,2.0,2.0,14.9,5.0,0.0,0.0,3.0,2.0,5.0,11.9,5.0,31.6,1,0,28.8,1,1,13086,1,2473,14518,5968,19598,15070,19585,15070,10704,12772,1,14058,19717,21831,302,2394,12854,8263,1368,15238,4195,16239,10138,13586,1,150,14884,1,36:18
2024-25,1629012,Collin Sexton,Collin,1610612762,UTA,Utah Jazz,0022400881,2025-03-03T00:00:00,UTA vs. DET,L,20.066666666666666,9.0,21.5,0.417,0.0,5.4,0.0,10.8,10.8,1.0,0.0,1.8,1.8,5.4,3.6,5.4,0.0,1.8,1.8,9.0,28.7,-7.2,51.5,0,0,46.6,1,13222,1,13222,15970,4763,2013,14532,15070,12251,15070,523,1094,1,14058,20256,22170,6665,4800,690,8263,3915,16210,668,2525,16588,2842,2246,150,3610,1,20:04
2024-25,1642403,Isaac Jones,Isaac,1610612758,SAC,Sacramento Kings,0022400880,2025-03-03T00:00:00,SAC @ DAL,W,8.583333333333334,12.6,12.6,1.0,0.0,0.0,0.0,0.0,0.0,0.0,0.0,0.0,0.0,0.0,0.0,0.0,0.0,0.0,0.0,0.0,25.2,-25.2,25.2,0,0,25.2,1,1,13086,1,22603,1209,12605,1,15070,20945,15070,13505,14344,13505,14058,22137,23286,19908,16469,12854,8263,8846,20257,17725,4148,22844,18166,2246,150,17546,1,8:35
2024-25,1630548,Johnny Juzang,Johnny,1610612762,UTA,Utah Jazz,0022400881,2025-03-03T00:00:00,UTA vs. DET,L,23.383333333333333,3.1,12.3,0.25,3.1,10.8,0.286,3.1,3.1,1.0,1.5,4.6,6.2,0.0,0.0,3.1,0.0,0.0,1.5,1.5,12.3,-24.6,28.9,0,0,27.7,1,13222,1,13222,13392,19253,13049,20233,6275,2696,11433,7598,9773,1,10157,11931,11923,19908,16469,2980,8263,8846,17086,14836,15810,22729,15531,2246,150,15629,1,23:23
2024-25,1628365,Markelle Fultz,Markelle,1610612758,SAC,Sacramento Kings,0022400880,2025-03-03T00:00:00,SAC @ DAL,W,16.283333333333335,6.6,11.1,0.6,0.0,0.0,0.0,0.0,0.0,0.0,0.0,2.2,2.2,8.8,6.6,2.2,0.0,0.0,2.2,0.0,13.3,2.2,29.2,0,0,28.7,1,1,13086,1,18734,9857,15272,5394,15070,20945,15070,13505,14344,13505,14058,19039,21390,2136,1062,5355,8263,8846,14046,17725,14790,11505,15372,2246,150,14897,1,16:17
2024-25,1631109,Mark Williams,Mark,1610612766,CHA,Charlotte Hornets,0022400875,2025-03-03T00:00:00,CHA vs. GSW,L,31.35,5.7,9.2,0.625,0.0,0.0,0.0,2.3,4.6,0.5,2.3,12.6,14.9,1.1,1.1,1.1,2.3,1.1,0.0,2.3,13.8,-20.7,42.6,1,0,36.7,1,13222,1,13222,6549,12295,18430,4899,15070,20945,15070,9638,6666,10625,7256,1114,1804,19196,14804,10595,2756,6648,20257,11761,14193,21748,6305,1,150,8886,1,31:21
2024-25,1630205,Lamar Stevens,Lamar,1610612763,MEM,Memphis Grizzlies,0022400878,2025-03-03T00:00:00,MEM vs. ATL,L,2.901666666666667,0.0,24.8,0.0,0.0,0.0,0.0,0.0,0.0,0.0,0.0,12.4,12.4,0.0,12.4,12.4,0.0,24.8,0.0,0.0,0.0,-12.4,39.7,0,0,37.2,1,13222,1,13222,25026,22635,871,22635,15070,20945,15070,13505,14344,13505,14058,1189,3188,19908,194,70,8263,13,20257,17725,23200,18904,7958,2246,150,8574,1,2:54
2024-25,203471,Dennis Schröder,Dennis,1610612765,DET,Detroit Pistons,0022400881,2025-03-03T00:00:00,DET @ UTA,W,16.616666666666667,6.5,17.3,0.375,2.2,8.7,0.25,0.0,2.2,0.0,2.2,4.3,6.5,8.7,2.2,0.0,2.2,0.0,4.3,4.3,15.2,8.7,40.3,0,0,36.8,1,1,13086,1,18517,10184,5414,16299,9373,5315,11902,13505,12189,13505,7698,12704,11179,2295,9653,12854,3026,8846,6188,5512,12745,8331,7576,2246,150,8821,1,16:37
2024-25,1641744,Zach Edey,Zach,1610612763,MEM,Memphis Grizzlies,0022400878,2025-03-03T00:00:00,MEM vs. ATL,L,26.775,8.1,10.8,0.75,1.3,1.3,1.0,2.7,2.7,1.0,1.3,5.4,6.7,2.7,0.0,0.0,1.3,0.0,2.7,5.4,20.2,5.4,36.3,0,0,33.6,1,13222,1,13222,10512,6492,15771,2107,12675,20444,1,8602,10778,1,10998,9836,10697,13940,16469,12854,5470,8846,12082,3509,7771,9903,10156,2246,150,11151,1,26:47
2024-25,1629004,Svi Mykhailiuk,Svi,1610612762,UTA,Utah Jazz,0022400881,2025-03-03T00:00:00,UTA vs. DET,L,14.666666666666666,7.4,9.8,0.75,2.5,4.9,0.5,2.5,2.5,1.0,0.0,4.9,4.9,9.8,4.9,0.0,0.0,0.0,4.9,2.5,19.6,22.1,35.3,0,0,36.8,1,13222,1,13222,19783,8093,17365,2107,8305,13414,3944,9186,11328,1,14058,11134,15035,1523,2454,12854,8263,8846,4818,11145,8217,3436,10836,2246,150,8826,1,14:40
2024-25,201939,Stephen Curry,Stephen,1610612744,GSW,Golden State Warriors,0022400875,2025-03-03T00:00:00,GSW @ CHA,W,30.243333333333332,7.1,16.7,0.429,3.6,10.7,0.333,7.1,9.5,0.75,1.2,2.4,3.6,11.9,1.2,1.2,1.2,1.2,3.6,8.3,25.0,15.5,53.1,1,0,48.8,1,1,13086,1,7561,8601,6227,13735,4978,2756,9209,1916,1590,8186,11863,18542,18396,738,14513,10257,6238,6332,8519,883,4215,5443,2421,1,150,2888,1,30:15
2024-25,1630539,Kai Jones,Kai,1610612742,DAL,Dallas Mavericks,0022400880,2025-03-03T00:00:00,DAL vs. SAC,L,33.65,9.6,10.7,0.9,0.0,0.0,0.0,3.2,4.3,0.75,2.1,6.4,8.6,0.0,1.1,0.0,1.1,0.0,2.1,3.2,22.5,-9.6,34.9,0,0,33.2,1,13222,1,13222,4593,3685,15885,1303,15070,20945,15070,7307,7248,8186,7800,7463,7380,19908,15342,12854,6985,8846,14412,8529,5872,17731,11137,2246,150,11520,1,33:39
2024-25,1626179,Terry Rozier,Terry,1610612748,MIA,Miami Heat,0022400877,2025-03-03T00:00:00,MIA vs. WAS,W,35.266666666666666,5.1,12.2,0.417,1.0,7.1,0.143,4.1,4.1,1.0,0.0,5.1,5.1,5.1,3.1,1.0,0.0,0.0,2.0,2.0,15.3,11.2,29.1,0,0,28.6,1,1,13086,1,3262,14074,13169,14532,14415,8155,14649,5553,7660,1,14058,10561,14508,7238,6250,11752,8263,8846,14911,12868,12610,7125,15419,2246,150,15002,1,35:16
2024-25,1642377,Jaylen Wells,Jaylen,1610612763,MEM,Memphis Grizzlies,0022400878,2025-03-03T00:00:00,MEM vs. ATL,L,32.59166666666667,4.4,12.2,0.364,2.2,7.7,0.286,2.2,2.2,1.0,2.2,0.0,2.2,6.6,1.1,2.2,0.0,0.0,3.3,2.2,13.3,-1.1,31.4,0,0,28.7,1,13222,1,13222,5489,16016,13329,16861,9209,6934,11433,9916,12061,1,7557,22137,21396,4533,15106,5362,8263,8846,9404,12124,14802,13619,13768,2246,150,14917,1,32:36
2024-25,1642263,Reed Sheppard,Reed,1610612745,HOU,Houston Rockets,0022400879,2025-03-03T00:00:00,HOU @ OKC,L,31.416666666666668,11.5,19.5,0.588,3.4,8.0,0.429,2.3,2.3,1.0,0.0,2.3,2.3,5.7,3.4,2.3,1.1,1.1,1.1,1.1,28.6,-13.8,46.9,0,0,47.0,1,13222,1,13222,6487,1894,3360,6229,5295,6414,7394,9656,11810,1,14058,18787,21217,5990,5154,5073,6512,6668,18837,16672,2549,19399,4364,2246,150,3481,1,31:25
2024-25,1642258,Zaccharie Risacher,Zaccharie,1610612737,ATL,Atlanta Hawks,0022400878,2025-03-03T00:00:00,ATL @ MEM,W,32.083333333333336,12.3,14.6,0.846,5.6,7.9,0.714,0.0,0.0,0.0,1.1,0.0,1.1,0.0,2.2,4.5,1.1,0.0,2.2,0.0,30.3,-7.9,46.2,0,0,48.2,1,1,13086,1,5901,1332,9226,1505,1661,6710,1861,13505,14344,13505,12316,22137,23049,19908,9332,1237,6652,8846,13903,17725,1984,16902,4656,2246,150,3064,1,32:05
2024-25,1642368,N'Faly Dante,N'Faly,1610612745,HOU,Houston Rockets,0022400879,2025-03-03T00:00:00,HOU @ OKC,L,18.55,7.8,11.6,0.667,0.0,0.0,0.0,3.9,5.8,0.667,7.8,9.7,17.5,1.9,1.9,0.0,3.9,0.0,7.8,3.9,19.4,3.9,53.0,0,0,46.6,1,13222,1,13222,17147,7141,14230,3281,15070,20945,15070,5908,4724,9425,863,2815,1022,16602,10845,12854,984,8846,1487,6625,8464,10710,2457,2246,150,3637,1,18:33
2024-25,1627826,Ivica Zubac,Ivica,1610612746,LAC,LA Clippers,0022400874,2025-03-02T00:00:00,LAC @ LAL,L,34.473333333333336,5.2,9.4,0.556,0.0,0.0,0.0,2.1,2.1,1.0,2.1,8.4,10.4,3.1,2.1,1.0,0.0,1.0,6.3,2.1,12.5,-17.8,30.8,1,0,28.2,1,13222,1,13222,3876,13761,18122,7248,15070,20945,15070,10332,12461,1,7999,4214,4969,12528,10057,11546,8263,7536,2638,12673,15565,20853,14196,1,150,15299,1,34:28
2024-25,202709,Cory Joseph,Cory,1610612753,ORL,Orlando Magic,0022400870,2025-03-02T00:00:00,ORL vs. TOR,L,10.216666666666667,3.5,3.5,1.0,3.5,3.5,1.0,7.0,7.0,1.0,0.0,7.0,7.0,0.0,0.0,0.0,0.0,0.0,0.0,7.0,17.6,49.3,26.1,0,0,28.2,1,13222,1,13222,22023,18266,24299,1,5098,16607,1,1978,3322,1,14058,6282,10062,19908,16469,12854,8263,8846,20257,1625,10203,571,17567,2246,150,15303,1,10:13
2024-25,1641710,Anthony Black,Anthony,1610612753,ORL,Orlando Magic,0022400870,2025-03-02T00:00:00,ORL vs. TOR,L,14.333333333333334,2.5,15.1,0.167,0.0,0.0,0.0,12.6,15.1,0.833,0.0,2.5,2.5,5.0,2.5,0.0,0.0,5.0,7.5,7.5,17.6,-52.7,25.6,0,0,25.1,1,13222,1,13222,19991,20450,8484,21938,15070,20945,15070,293,346,7275,14058,18155,20784,7402,8192,12854,8263,367,1613,1303,10240,25502,17869,2246,150,17584,1,14:20
2024-25,1641722,Jordan Hawkins,Jordan,1610612740,NOP,New Orleans Pelicans,0022400872,2025-03-02T00:00:00,NOP @ UTA,W,21.883333333333333,4.9,13.2,0.375,3.3,9.9,0.333,0.0,0.0,0.0,1.6,4.9,6.6,4.9,3.3,0.0,0.0,1.6,1.6,0.0,13.2,-4.9,25.2,0,0,28.0,1,1,13086,1,14589,14590,11564,16299,5700,3637,9209,13505,14344,13505,9765,11069,10996,7606,5532,12854,8263,4314,16732,17725,14927,15552,18159,2246,150,15446,1,21:53
2024-25,1629216,Gabe Vincent,Gabe,1610612747,LAL,Los Angeles Lakers,0022400874,2025-03-02T00:00:00,LAL vs. LAC,W,30.503333333333334,3.5,11.8,0.3,3.5,7.1,0.5,0.0,0.0,0.0,0.0,3.5,3.5,2.4,0.0,1.2,1.2,0.0,3.5,1.2,10.6,2.4,25.5,0,0,24.8,1,1,13086,1,7320,18233,13939,19363,5059,8289,3944,13505,14344,13505,14058,15115,18469,15015,16469,10343,6301,8846,8634,16507,17535,11433,17942,2246,150,17837,1,30:30
2024-25,1630202,Payton Pritchard,Payton,1610612738,BOS,Boston Celtics,0022400866,2025-03-02T00:00:00,BOS vs. DEN,W,25.783333333333335,5.6,9.8,0.571,4.2,7.0,0.6,0.0,0.0,0.0,0.0,1.4,1.4,4.2,0.0,0.0,0.0,0.0,1.4,0.0,15.4,14.0,23.3,0,0,25.1,1,1,13086,1,11342,12747,17432,6538,3586,8498,2992,13505,14344,13505,14058,21096,22701,9417,16469,12854,8263,8846,17633,17725,12560,6030,19363,2246,150,17574,1,25:47
2024-25,1628971,Bruce Brown,Bruce,1610612740,NOP,New Orleans Pelicans,0022400872,2025-03-02T00:00:00,NOP @ UTA,W,22.223333333333333,4.9,9.7,0.5,1.6,3.2,0.5,1.6,3.2,0.5,1.6,11.3,13.0,3.2,0.0,3.2,0.0,1.6,1.6,1.6,13.0,-14.6,43.1,0,0,37.3,1,1,13086,1,14335,14777,17539,8526,11623,17197,3944,11563,9439,10625,9847,1727,2828,12176,16469,2662,8263,4381,16810,14563,15135,19741,6098,2246,150,8540,1,22:13
2024-25,1628389,Bam Adebayo,Bam,1610612748,MIA,Miami Heat,0022400869,2025-03-02T00:00:00,MIA vs. NYK,L,42.266666666666666,10.2,13.6,0.75,0.0,1.7,0.0,5.1,6.8,0.75,1.7,4.3,6.0,3.4,2.6,0.9,0.0,1.7,3.4,5.1,25.6,-0.9,37.8,0,0,36.6,1,13222,1,13222,233,3000,10779,2107,15070,20042,15070,3870,3555,8186,9567,12943,12380,11669,8030,12784,8263,4140,9054,3905,3907,13457,9151,2246,150,8962,1,42:16
2024-25,1628401,Derrick White,Derrick,1610612738,BOS,Boston Celtics,0022400866,2025-03-02T00:00:00,BOS vs. DEN,W,33.28333333333333,6.5,14.1,0.462,5.4,11.9,0.455,0.0,0.0,0.0,1.1,2.2,3.2,2.2,0.0,2.2,0.0,1.1,2.2,0.0,18.4,6.5,32.0,0,0,33.5,1,1,13086,1,4911,10211,10075,12428,1839,1839,7148,13505,14344,13505,12620,19173,19125,15750,16469,5532,8263,7213,14283,17725,9427,9379,13310,2246,150,11218,1,33:17
2024-25,1630174,Aaron Nesmith,Aaron,1610612754,IND,Indiana Pacers,0022400868,2025-03-02T00:00:00,IND vs. CHI,W,29.3,11.1,19.7,0.563,7.4,13.5,0.545,3.7,4.9,0.75,2.5,3.7,6.1,1.2,1.2,0.0,0.0,1.2,3.7,4.9,33.2,34.4,41.2,0,0,47.9,1,1,13086,1,8400,2214,3217,7127,644,1087,3863,6316,6084,8186,6758,14673,11948,18921,14241,12854,8263,6069,8136,4266,1290,1457,7076,2246,150,3170,1,29:18
2024-25,1628371,Jonathan Isaac,Jonathan,1610612753,ORL,Orlando Magic,0022400870,2025-03-02T00:00:00,ORL vs. TOR,L,8.881666666666666,0.0,4.1,0.0,0.0,0.0,0.0,4.1,8.1,0.5,0.0,24.3,24.3,0.0,0.0,0.0,0.0,0.0,8.1,4.1,4.1,-56.7,33.2,0,0,28.4,1,13222,1,13222,22505,22635,24074,22635,15070,20945,15070,5600,2440,10625,14058,87,211,19908,16469,12854,8263,8846,1320,6159,22529,25602,12398,2246,150,15164,1,8:53
2024-25,1630581,Josh Giddey,Josh,1610612741,CHI,Chicago Bulls,0022400868,2025-03-02T00:00:00,CHI @ IND,L,33.85,5.3,16.0,0.333,0.0,4.3,0.0,8.5,11.7,0.727,3.2,6.4,9.6,7.4,2.1,0.0,0.0,1.1,1.1,6.4,19.1,-22.3,39.7,0,0,36.2,1,13222,1,13222,4399,13493,7177,17395,15070,15006,15070,1182,837,9223,4963,7542,5961,3466,9867,12854,8263,7373,19317,2204,8699,22174,7979,2246,150,9253,1,33:51
2024-25,1641717,Cason Wallace,Cason,1610612760,OKC,Oklahoma City Thunder,0022400871,2025-03-02T00:00:00,OKC @ SAS,W,34.766666666666666,7.2,14.5,0.5,4.1,8.3,0.5,1.0,1.0,1.0,0.0,3.1,3.1,4.1,1.0,1.0,0.0,0.0,2.1,2.1,19.7,21.7,31.7,0,0,33.1,1,1,13086,1,3641,8338,9359,8526,3686,5940,3944,13125,14163,1,14058,16389,19463,9541,15596,11632,8263,8846,14747,12758,8181,3520,13559,2246,150,11546,1,34:46
2024-25,203468,CJ McCollum,CJ,1610612740,NOP,New Orleans Pelicans,0022400872,2025-03-02T00:00:00,NOP @ UTA,W,32.583333333333336,11.0,19.9,0.556,5.5,13.3,0.417,0.0,0.0,0.0,1.1,2.2,3.3,8.8,3.3,0.0,1.1,0.0,4.4,2.2,27.6,17.7,44.9,0,0,47.5,1,1,13086,1,5492,2220,3044,7248,1715,1178,7826,13505,14344,13505,12431,19046,18957,2142,5471,12854,6760,8846,5971,12120,2926,4680,5241,2246,150,3299,1,32:35
2024-25,201587,Nicolas Batum,Nicolas,1610612746,LAC,LA Clippers,0022400874,2025-03-02T00:00:00,LAC @ LAL,L,16.383333333333333,4.4,6.6,0.667,4.4,6.6,0.667,0.0,0.0,0.0,0.0,2.2,2.2,0.0,0.0,4.4,0.0,0.0,2.2,2.2,13.2,41.7,29.0,0,0,28.6,1,13222,1,13222,18664,16075,22023,3281,3246,9334,1957,13505,14344,13505,14058,19072,21414,19908,16469,1307,8263,8846,14108,12171,14894,863,15482,2246,150,15016,1,16:23
2024-25,1641718,Keyonte George,Keyonte,1610612762,UTA,Utah Jazz,0022400872,2025-03-02T00:00:00,UTA vs. NOP,L,31.116666666666667,10.4,24.3,0.429,5.8,12.7,0.455,5.8,6.9,0.833,0.0,3.5,3.5,6.9,3.5,0.0,0.0,2.3,1.2,3.5,32.4,-2.3,43.5,0,0,48.6,1,13222,1,13222,6775,2809,979,13735,1494,1412,7148,3101,3423,7275,14058,15321,18617,4078,5082,12854,8263,2396,18773,7736,1439,14215,5886,2246,150,2958,1,31:07
2024-25,1630573,Sam Hauser,Sam,1610612738,BOS,Boston Celtics,0022400866,2025-03-02T00:00:00,BOS vs. DEN,W,17.316666666666666,6.2,8.3,0.75,4.2,6.2,0.667,0.0,0.0,0.0,2.1,4.2,6.2,2.1,2.1,0.0,2.1,0.0,0.0,0.0,16.6,6.2,31.4,0,0,33.3,1,1,13086,1,18060,10871,19773,2107,3656,10117,1957,13505,14344,13505,8035,13245,11741,16075,10102,12854,3261,8846,20257,17725,11241,9500,13755,2246,150,11439,1,17:19
2024-25,203084,Harrison Barnes,Harrison,1610612759,SAS,San Antonio Spurs,0022400871,2025-03-02T00:00:00,SAS vs. OKC,L,28.716666666666665,6.3,11.3,0.556,3.8,6.3,0.6,1.3,2.5,0.5,0.0,1.3,1.3,2.5,0.0,0.0,0.0,0.0,1.3,1.3,17.6,-18.8,22.8,0,0,25.1,1,13222,1,13222,8903,10803,14859,7248,4552,10046,2992,12439,11190,10625,14058,21390,22873,14521,16469,12854,8263,8846,18257,16114,10270,21179,19675,2246,150,17632,1,28:43
2024-25,203944,Julius Randle,Julius,1610612750,MIN,Minnesota Timberwolves,0022400873,2025-03-02T00:00:00,MIN @ PHX,W,33.75,8.5,14.9,0.571,2.1,5.3,0.4,2.1,2.1,1.0,2.1,4.3,6.4,3.2,2.1,0.0,0.0,1.1,4.3,1.1,21.3,0.0,31.7,0,0,33.1,1,1,13086,1,4481,5558,8711,6538,9540,12367,7874,10194,12311,1,7837,12911,11401,12310,9825,12854,8263,7349,6385,17082,6785,12240,13560,2246,150,11607,1,33:45
2024-25,1642274,Yves Missi,Yves,1610612740,NOP,New Orleans Pelicans,0022400872,2025-03-02T00:00:00,NOP @ UTA,W,27.86,5.2,7.8,0.667,0.0,0.0,0.0,0.0,0.0,0.0,2.6,6.5,9.0,0.0,0.0,1.3,1.3,0.0,1.3,0.0,10.3,12.9,28.9,0,0,24.6,1,1,13086,1,9668,13895,20593,3281,15070,20945,15070,13505,14344,13505,6391,7396,6667,19908,16469,9506,5682,8846,18064,17725,17817,6429,15530,2246,150,17974,1,27:52
2024-25,1626179,Terry Rozier,Terry,1610612748,MIA,Miami Heat,0022400869,2025-03-02T00:00:00,MIA vs. NYK,L,15.625,4.6,13.8,0.333,0.0,4.6,0.0,2.3,4.6,0.5,0.0,2.3,2.3,6.9,0.0,2.3,0.0,2.3,0.0,6.9,11.5,-18.4,31.6,0,0,25.3,1,13222,1,13222,19184,15471,10457,17395,15070,14177,15070,9603,6644,10625,14058,18750,21195,4117,16469,5023,8263,2421,20257,1722,16648,21050,13635,2246,150,17396,1,15:38
2024-25,1627751,Jakob Poeltl,Jakob,1610612761,TOR,Toronto Raptors,0022400870,2025-03-02T00:00:00,TOR @ ORL,W,26.15,8.3,13.8,0.6,0.0,0.0,0.0,5.5,6.9,0.8,8.3,6.9,15.1,4.1,1.4,1.4,1.4,0.0,6.9,5.5,22.0,13.8,53.3,1,0,46.8,1,1,13086,1,11042,6061,10547,5394,15070,20945,15070,3409,3491,7681,709,6561,1704,9573,13421,9031,5329,8846,2071,3331,6197,6093,2381,1,150,3550,1,26:09
2024-25,1626145,Tyus Jones,Tyus,1610612756,PHX,Phoenix Suns,0022400873,2025-03-02T00:00:00,PHX vs. MIN,L,17.091666666666665,8.4,8.4,1.0,4.2,4.2,1.0,0.0,0.0,0.0,0.0,2.1,2.1,2.1,2.1,2.1,0.0,0.0,0.0,2.1,21.1,-4.2,31.0,0,0,33.7,1,13222,1,13222,18206,5755,19604,1,3539,15090,1,13505,14344,13505,14058,19344,21597,15980,9966,5759,8263,8846,20257,12584,7034,15186,14077,2246,150,11073,1,17:06
2024-25,1642268,Isaiah Collier,Isaiah,1610612762,UTA,Utah Jazz,0022400872,2025-03-02T00:00:00,UTA vs. NOP,L,28.85,3.7,10.0,0.375,0.0,2.5,0.0,6.2,6.2,1.0,0.0,2.5,2.5,10.0,0.0,1.2,2.5,1.2,2.5,5.0,13.7,-27.5,42.9,0,0,33.7,1,13222,1,13222,8805,17725,17084,16299,15070,18631,15070,2643,4189,1,14058,18197,20822,1450,16469,9816,2384,5944,12814,4134,14248,23335,6162,2246,150,11081,1,28:51
2024-25,1630188,Jalen Smith,Jalen,1610612741,CHI,Chicago Bulls,0022400868,2025-03-02T00:00:00,CHI @ IND,L,17.8,8.1,14.2,0.571,4.0,6.1,0.667,0.0,0.0,0.0,4.0,8.1,12.1,4.0,2.0,4.0,0.0,2.0,4.0,0.0,20.2,10.1,51.0,0,0,48.5,1,13222,1,13222,17706,6440,9912,6538,3899,10518,1957,13505,14344,13505,3536,4575,3386,9818,10412,1590,8263,3149,7010,17725,7716,7643,2998,2246,150,2975,1,17:48
2024-25,1626164,Devin Booker,Devin,1610612756,PHX,Phoenix Suns,0022400873,2025-03-02T00:00:00,PHX vs. MIN,L,34.641666666666666,5.2,12.5,0.417,3.1,7.3,0.429,4.2,4.2,1.0,1.0,3.1,4.2,5.2,6.2,1.0,0.0,0.0,3.1,3.1,17.7,-27.0,27.3,0,0,32.2,1,13222,1,13222,3746,13833,12781,14532,6174,7881,7394,5429,7513,1,12952,16367,16923,7040,1255,11596,8263,8846,10209,8823,10149,23243,16718,2246,150,12206,1,34:39
2024-25,1630695,Micah Potter,Micah,1610612762,UTA,Utah Jazz,0022400872,2025-03-02T00:00:00,UTA vs. NOP,L,21.9,4.9,11.5,0.429,3.3,9.9,0.333,0.0,0.0,0.0,1.6,8.2,9.9,4.9,0.0,1.6,1.6,0.0,0.0,0.0,13.2,6.6,42.2,0,0,37.8,1,13222,1,13222,14579,14601,14459,13735,5707,3644,9209,13505,14344,13505,9769,4398,5580,7615,16469,7833,4445,8846,20257,17725,14935,9348,6503,2246,150,8167,1,21:54
2024-25,1630703,Scoot Henderson,Scoot,1610612757,POR,Portland Trail Blazers,0022400867,2025-03-02T00:00:00,POR @ CLE,L,32.86666666666667,5.5,13.1,0.417,3.3,5.5,0.6,2.2,4.4,0.5,1.1,3.3,4.4,6.6,1.1,1.1,0.0,1.1,4.4,3.3,16.4,8.8,33.7,0,0,32.9,1,13222,1,13222,5276,13044,11588,14532,5715,12016,2992,9983,7063,10625,12504,15836,16333,4602,15163,11057,8263,7080,6063,8291,11472,8297,12020,2246,150,11758,1,32:52
2024-25,1630567,Scottie Barnes,Scottie,1610612761,TOR,Toronto Raptors,0022400870,2025-03-02T00:00:00,TOR @ ORL,W,28.983333333333334,6.2,14.9,0.417,0.0,0.0,0.0,0.0,0.0,0.0,1.2,2.5,3.7,5.0,2.5,1.2,1.2,0.0,6.2,2.5,12.4,-6.2,29.3,0,0,26.1,1,1,13086,1,8688,10947,8741,14532,15070,20945,15070,13505,14344,13505,11523,18233,18001,7538,8313,9853,5937,8846,2698,11051,15687,16165,15272,2246,150,16877,1,28:59
2024-25,202687,Bismack Biyombo,Bismack,1610612759,SAS,San Antonio Spurs,0022400871,2025-03-02T00:00:00,SAS vs. OKC,L,18.346666666666668,2.0,3.9,0.5,0.0,0.0,0.0,0.0,0.0,0.0,3.9,3.9,7.8,3.9,0.0,0.0,0.0,2.0,3.9,2.0,3.9,-37.3,19.2,0,0,15.7,1,13222,1,13222,17325,21471,24125,8526,15070,20945,15070,13505,14344,13505,3691,13956,8548,10152,16469,12854,8263,3351,7372,13263,22584,24640,21532,2246,150,22822,1,18:21
2024-25,1630531,Jaden Springer,Jaden,1610612762,UTA,Utah Jazz,0022400872,2025-03-02T00:00:00,UTA vs. NOP,L,17.833333333333332,4.0,8.1,0.5,2.0,4.0,0.5,4.0,8.1,0.5,0.0,0.0,0.0,6.1,0.0,0.0,2.0,0.0,6.1,10.1,14.1,22.2,29.3,0,0,26.2,1,13222,1,13222,17681,16999,20131,8526,10076,15505,3944,5628,2466,10625,14058,22137,23286,5386,16469,12854,3424,8846,2867,393,13809,3415,15308,2246,150,16759,1,17:50
2024-25,1627936,Alex Caruso,Alex,1610612760,OKC,Oklahoma City Thunder,0022400871,2025-03-02T00:00:00,OKC @ SAS,W,20.25,7.1,12.4,0.571,1.8,7.1,0.25,1.8,1.8,1.0,1.8,0.0,1.8,3.6,1.8,1.8,1.8,0.0,0.0,1.8,17.8,1.8,34.1,0,0,32.0,1,1,13086,1,15822,8672,12822,6538,11151,8231,11902,11286,13216,1,9327,22137,22193,11228,11639,7343,4105,8846,20257,14007,10052,11752,11703,2246,150,12387,1,20:15
2024-25,1630192,Zeke Nnaji,Zeke,1610612743,DEN,Denver Nuggets,0022400866,2025-03-02T00:00:00,DEN @ BOS,L,8.35,4.3,4.3,1.0,4.3,4.3,1.0,0.0,0.0,0.0,0.0,0.0,0.0,0.0,0.0,4.3,0.0,0.0,17.2,0.0,12.9,17.2,25.9,0,0,25.9,1,13222,1,13222,22685,16288,23910,1,3363,14881,1,13505,14344,13505,14058,22137,23286,19908,16469,1359,8263,8846,172,17725,15156,4824,17701,2246,150,17026,1,8:21
2024-25,1629675,Naz Reid,Naz,1610612750,MIN,Minnesota Timberwolves,0022400873,2025-03-02T00:00:00,MIN @ PHX,W,39.305,2.7,13.7,0.2,0.9,7.3,0.125,0.0,1.8,0.0,0.0,9.2,9.2,4.6,0.9,1.8,0.9,1.8,2.7,2.7,6.4,23.8,31.6,0,0,26.6,1,1,13086,1,777,19984,10589,21401,14916,7766,14886,13505,13149,13505,14058,3352,6497,8454,16297,7110,8020,3798,11856,10167,21114,3070,13613,2246,150,16494,1,39:18
2024-25,1631094,Paolo Banchero,Paolo,1610612753,ORL,Orlando Magic,0022400870,2025-03-02T00:00:00,ORL vs. TOR,L,39.13333333333333,4.6,8.3,0.556,0.9,2.8,0.333,11.0,13.8,0.8,0.9,2.8,3.7,4.6,3.7,0.9,0.0,0.9,1.8,8.3,21.2,11.0,31.6,0,0,32.2,1,13222,1,13222,834,15497,19828,7248,14901,18142,9209,483,480,7681,13830,17531,18122,8415,4598,12566,8263,8558,15990,900,6959,7217,13639,2246,150,12216,1,39:08
2024-25,1630596,Evan Mobley,Evan,1610612739,CLE,Cleveland Cavaliers,0022400867,2025-03-02T00:00:00,CLE vs. POR,W,32.28333333333333,6.7,15.6,0.429,1.1,3.3,0.333,7.8,11.2,0.7,2.2,6.7,8.9,3.3,4.5,0.0,1.1,1.1,6.7,8.9,22.3,-1.1,36.9,0,0,37.9,1,1,13086,1,5753,9705,7680,13735,13859,16967,9209,1504,982,9366,7488,6904,6863,11830,3054,12854,6693,6911,2225,687,6002,13626,9764,2246,150,8079,1,32:17
2024-25,1628368,De'Aaron Fox,De'Aaron,1610612759,SAS,San Antonio Spurs,0022400871,2025-03-02T00:00:00,SAS vs. OKC,L,33.85,8.5,19.1,0.444,2.1,8.5,0.25,2.1,2.1,1.0,0.0,4.3,4.3,4.3,1.1,0.0,0.0,1.1,3.2,2.1,21.3,-23.4,31.7,0,0,31.9,1,13222,1,13222,4399,5601,3628,13045,9567,5571,11902,10209,12330,1,14058,12955,16669,9244,15392,12854,8263,7373,9901,12497,6859,22442,13553,2246,150,12451,1,33:51
2024-25,1626181,Norman Powell,Norman,1610612746,LAC,LA Clippers,0022400874,2025-03-02T00:00:00,LAC @ LAL,L,8.783333333333333,4.1,20.5,0.2,0.0,12.3,0.0,8.2,8.2,1.0,0.0,4.1,4.1,4.1,0.0,4.1,0.0,4.1,0.0,8.2,16.4,-32.8,39.8,0,0,32.8,1,13222,1,13222,22537,16846,2646,21401,15070,1625,15070,1318,2384,1,14058,13417,17065,9666,16469,1539,8263,622,20257,929,11502,24137,7913,2246,150,11816,1,8:47
2024-25,1642367,Jonathan Mogbo,Jonathan,1610612761,TOR,Toronto Raptors,0022400870,2025-03-02T00:00:00,TOR @ ORL,W,19.171666666666667,3.8,7.5,0.5,0.0,1.9,0.0,1.9,3.8,0.5,1.9,7.5,9.4,1.9,0.0,3.8,1.9,0.0,5.6,1.9,9.4,13.1,40.4,0,0,31.9,1,1,13086,1,16701,17694,20910,8526,15070,19779,15070,11019,8358,10625,8908,5481,6201,16823,16469,1909,3837,8846,3491,13595,18740,6324,7529,2246,150,12439,1,19:10
2024-25,1641854,Craig Porter Jr.,Craig,1610612739,CLE,Cleveland Cavaliers,0022400867,2025-03-02T00:00:00,CLE vs. POR,W,4.733333333333333,0.0,0.0,0.0,0.0,0.0,0.0,0.0,0.0,0.0,0.0,7.6,7.6,15.2,7.6,0.0,7.6,0.0,0.0,0.0,0.0,7.6,47.2,0,0,38.0,1,1,13086,1,24123,22635,24836,22635,15070,20945,15070,13505,14344,13505,14058,5316,8961,277,674,12854,159,8846,20257,17725,23200,8828,4257,2246,150,8011,1,4:44
2024-25,1629622,Max Strus,Max,1610612739,CLE,Cleveland Cavaliers,0022400867,2025-03-02T00:00:00,CLE vs. POR,W,36.38333333333333,4.9,14.8,0.333,4.0,10.9,0.364,0.0,0.0,0.0,2.0,5.9,7.9,3.0,2.0,2.0,0.0,0.0,4.9,0.0,13.9,0.0,31.8,0,0,32.7,1,1,13086,1,2419,14560,8838,17395,4081,2600,9100,13505,14344,13505,8481,8470,8430,13028,10620,6347,8263,8846,4734,17725,14097,12240,13502,2246,150,11905,1,36:23
2024-25,1628369,Jayson Tatum,Jayson,1610612738,BOS,Boston Celtics,0022400866,2025-03-02T00:00:00,BOS vs. DEN,W,38.28333333333333,3.8,14.1,0.267,0.9,6.6,0.143,6.6,7.5,0.875,0.0,10.3,10.3,6.6,5.6,0.0,0.0,0.9,4.7,4.7,15.0,-1.9,31.7,1,0,32.9,1,1,13086,1,1228,17672,10000,20170,14833,9358,14649,2334,2883,6931,14058,2326,5065,4589,1685,12854,8263,8419,5279,4713,12865,13965,13556,1,150,11722,1,38:17
2024-25,204456,T.J. McConnell,T.J.,1610612754,IND,Indiana Pacers,0022400868,2025-03-02T00:00:00,IND vs. CHI,W,16.283333333333335,8.8,11.1,0.8,2.2,2.2,1.0,4.4,6.6,0.667,0.0,2.2,2.2,13.3,4.4,2.2,0.0,0.0,0.0,8.8,24.3,-2.2,49.1,0,0,46.4,1,1,13086,1,18734,4981,15272,1688,9195,19145,1,4952,3726,9425,14058,19039,21390,481,3110,5355,8263,8846,20257,706,4598,14150,3598,2246,150,3687,1,16:17
2024-25,1630171,Isaac Okoro,Isaac,1610612739,CLE,Cleveland Cavaliers,0022400867,2025-03-02T00:00:00,CLE vs. POR,W,18.585,1.9,5.8,0.333,1.9,5.8,0.333,0.0,0.0,0.0,1.9,3.9,5.8,0.0,0.0,0.0,1.9,0.0,3.9,0.0,5.8,-3.9,18.6,0,0,17.4,1,1,13086,1,17121,21522,22800,17395,10474,11186,9209,13505,14344,13505,8680,14112,12742,19908,16469,12854,3664,8846,7535,17725,21519,14991,21846,2246,150,22113,1,18:35
2024-25,1629234,Drew Eubanks,Drew,1610612746,LAC,LA Clippers,0022400874,2025-03-02T00:00:00,LAC @ LAL,L,12.226666666666667,5.9,11.8,0.5,0.0,0.0,0.0,0.0,0.0,0.0,5.9,8.8,14.7,5.9,0.0,2.9,0.0,2.9,0.0,0.0,11.8,38.3,47.1,0,0,38.3,1,13222,1,13222,21143,11833,13981,8526,15070,20945,15070,13505,14344,13505,1678,3685,1902,5686,16469,3283,8263,1400,20257,17725,16367,1097,4278,2246,150,7846,1,12:14
2024-25,1641763,Julian Phillips,Julian,1610612741,CHI,Chicago Bulls,0022400868,2025-03-02T00:00:00,CHI @ IND,L,20.333333333333332,1.8,5.3,0.333,0.0,3.5,0.0,1.8,3.5,0.5,3.5,3.5,7.1,0.0,0.0,0.0,1.8,0.0,1.8,3.5,5.3,12.4,19.1,0,0,15.9,1,13222,1,13222,15758,21799,23250,17395,15070,16566,15070,11295,8807,10625,4308,15105,9986,19908,16469,12854,4123,8846,16305,7557,21844,6639,21584,2246,150,22729,1,20:20
2024-25,203999,Nikola Jokić,Nikola,1610612743,DEN,Denver Nuggets,0022400866,2025-03-02T00:00:00,DEN @ BOS,L,39.38333333333333,8.2,13.7,0.6,1.8,2.7,0.667,0.0,0.0,0.0,2.7,10.1,12.8,8.2,1.8,1.8,0.0,0.0,1.8,5.5,18.3,0.0,49.6,1,0,44.8,1,13222,1,13222,751,6160,10637,5394,10956,18180,1957,13505,14344,13505,6002,2534,2942,2675,11417,7122,8263,8846,16048,3365,9545,12240,3376,1,150,4353,1,39:23
2024-25,201599,DeAndre Jordan,DeAndre,1610612743,DEN,Denver Nuggets,0022400866,2025-03-02T00:00:00,DEN @ BOS,L,8.616666666666667,0.0,4.2,0.0,0.0,0.0,0.0,4.2,8.4,0.5,8.4,4.2,12.5,0.0,0.0,0.0,0.0,4.2,0.0,4.2,4.2,-29.2,19.2,0,0,16.7,1,13222,1,13222,22589,22635,24008,22635,15070,20945,15070,5379,2285,10625,687,13169,3106,19908,16469,12854,8263,590,20257,5883,22475,23621,21537,2246,150,22424,1,8:37
2024-25,1630166,Deni Avdija,Deni,1610612757,POR,Portland Trail Blazers,0022400867,2025-03-02T00:00:00,POR @ CLE,L,42.1,6.8,11.1,0.615,0.9,2.6,0.333,11.1,11.1,1.0,0.9,9.4,10.3,8.6,4.3,0.0,0.0,0.9,3.4,9.4,25.7,6.0,46.5,1,1,45.3,1,13222,1,13222,250,9318,15165,5246,15028,18510,9209,463,992,1,13992,3106,5159,2384,3374,12854,8263,8764,9004,546,3848,9625,4526,1,1,4096,1,42:06
2024-25,1642261,Dalton Knecht,Dalton,1610612747,LAL,Los Angeles Lakers,0022400874,2025-03-02T00:00:00,LAL vs. LAC,W,24.92,10.1,14.4,0.7,7.2,11.6,0.625,0.0,0.0,0.0,1.4,4.3,5.8,0.0,0.0,2.9,0.0,0.0,0.0,0.0,27.4,-18.8,43.0,0,0,46.2,1,1,13086,1,12082,3099,9440,3045,694,2061,2868,13505,14344,13505,10560,12702,12815,19908,16469,3438,8263,8846,20257,17725,3004,21170,6116,2246,150,3736,1,24:55
2024-25,1631115,Orlando Robinson,Orlando,1610612761,TOR,Toronto Raptors,0022400870,2025-03-02T00:00:00,TOR @ ORL,W,21.031666666666666,3.4,6.8,0.5,0.0,1.7,0.0,3.4,3.4,1.0,1.7,10.3,12.0,0.0,1.7,0.0,1.7,1.7,10.3,1.7,10.3,-10.3,28.1,0,0,25.7,1,1,13086,1,15277,18486,21735,8526,15070,20033,15070,6845,9037,1,9536,2375,3509,19908,11871,12854,4265,4114,651,14231,17887,18008,16164,2246,150,17154,1,21:02
2024-25,1629003,Shake Milton,Shake,1610612747,LAL,Los Angeles Lakers,0022400874,2025-03-02T00:00:00,LAL vs. LAC,W,8.483333333333333,8.5,12.7,0.667,8.5,8.5,1.0,0.0,0.0,0.0,0.0,4.2,4.2,0.0,0.0,0.0,0.0,0.0,4.2,0.0,25.5,-67.9,30.6,0,0,38.2,1,1,13086,1,22635,5633,12331,3281,371,5605,1,13505,14344,13505,14058,12988,16698,19908,16469,12854,8263,8846,6439,17725,3960,25848,14388,2246,150,7904,1,8:29
2024-25,2544,LeBron James,LeBron,1610612747,LAL,Los Angeles Lakers,0022400874,2025-03-02T00:00:00,LAL vs. LAC,W,35.53333333333333,6.1,17.2,0.353,1.0,6.1,0.167,4.1,4.1,1.0,1.0,4.1,5.1,9.1,8.1,2.0,1.0,1.0,2.0,6.1,17.2,-5.1,38.0,0,0,38.5,1,1,13086,1,3044,11282,5550,17268,14469,10495,14236,5602,7730,1,13150,13565,14621,1926,566,6131,7400,7795,14985,2525,10604,15632,9031,2246,150,7703,1,35:32
2024-25,201142,Kevin Durant,Kevin,1610612756,PHX,Phoenix Suns,0022400873,2025-03-02T00:00:00,PHX vs. MIN,L,37.61666666666667,9.6,22.0,0.435,2.9,8.6,0.333,2.9,6.7,0.429,1.0,8.6,9.6,3.8,3.8,0.0,1.9,0.0,1.9,3.8,24.9,-15.3,44.0,1,0,45.0,1,13222,1,13222,1622,3774,1819,13702,6983,5400,9209,8163,3656,13040,13590,3925,5962,10430,4243,12854,3725,8846,15602,6774,4264,20013,5664,1,150,4283,1,37:37
2024-25,1629048,Goga Bitadze,Goga,1610612753,ORL,Orlando Magic,0022400870,2025-03-02T00:00:00,ORL vs. TOR,L,16.231666666666666,0.0,8.9,0.0,0.0,4.4,0.0,2.2,4.4,0.5,2.2,2.2,4.4,4.4,2.2,0.0,2.2,2.2,6.7,2.2,2.2,-4.4,18.6,0,0,15.5,1,13222,1,13222,18776,22635,18906,22635,15070,14605,15070,9883,6964,10625,7539,19019,16204,8799,9441,12854,2911,2607,2263,12085,23131,15292,21827,2246,150,22869,1,16:14
2024-25,1641783,Tristan da Silva,Tristan,1610612753,ORL,Orlando Magic,0022400870,2025-03-02T00:00:00,ORL vs. TOR,L,5.633333333333334,6.4,6.4,1.0,0.0,0.0,0.0,0.0,0.0,0.0,6.4,6.4,12.8,0.0,0.0,0.0,6.4,0.0,12.8,0.0,12.8,-44.7,47.3,0,0,38.3,1,13222,1,13222,23727,10470,22221,1,15070,20945,15070,13505,14344,13505,1423,7523,2947,19908,16469,12854,253,8846,360,17725,15311,25171,4215,2246,150,7802,1,5:38
2024-25,1628975,Jevon Carter,Jevon,1610612741,CHI,Chicago Bulls,0022400868,2025-03-02T00:00:00,CHI @ IND,L,13.8,2.6,7.8,0.333,0.0,2.6,0.0,0.0,0.0,0.0,0.0,2.6,2.6,2.6,0.0,2.6,0.0,0.0,5.2,0.0,5.2,-26.1,20.1,0,0,15.7,1,13222,1,13222,20303,20263,20507,17395,15070,18436,15070,13505,14344,13505,14058,17927,20623,14185,16469,4120,8263,8846,4162,17725,21901,23052,21123,2246,150,22836,1,13:48
2024-25,1629011,Mitchell Robinson,Mitchell,1610612752,NYK,New York Knicks,0022400869,2025-03-02T00:00:00,NYK @ MIA,W,13.255,2.7,2.7,1.0,0.0,0.0,0.0,0.0,0.0,0.0,5.4,0.0,5.4,0.0,0.0,0.0,2.7,0.0,2.7,2.7,5.4,-16.3,20.1,0,0,16.3,1,1,13086,1,20625,20048,24579,1,15070,20945,15070,13505,14344,13505,1989,22137,13725,19908,16469,12854,2058,8846,11973,10275,21774,20363,21115,2246,150,22591,1,13:15
2024-25,1631119,Jaylin Williams,Jaylin,1610612760,OKC,Oklahoma City Thunder,0022400871,2025-03-02T00:00:00,OKC @ SAS,W,13.45,2.7,8.0,0.333,0.0,5.4,0.0,0.0,0.0,0.0,2.7,5.4,8.0,2.7,0.0,0.0,0.0,0.0,2.7,0.0,5.4,-18.7,19.0,0,0,16.1,1,1,13086,1,20511,20137,20206,17395,15070,12321,15070,13505,14344,13505,6154,9892,8213,13973,16469,12854,8263,8846,12134,17725,21823,21154,21637,2246,150,22681,1,13:27
2024-25,1630639,A.J. Lawson,A.J.,1610612761,TOR,Toronto Raptors,0022400870,2025-03-02T00:00:00,TOR @ ORL,W,14.28,0.0,5.0,0.0,0.0,0.0,0.0,0.0,0.0,0.0,0.0,0.0,0.0,0.0,2.5,0.0,0.0,2.5,5.0,2.5,0.0,40.3,-2.5,0,0,0.0,1,1,13086,1,20037,22635,23436,22635,15070,20945,15070,13505,14344,13505,14058,22137,23286,19908,8154,12854,8263,2007,4523,10907,23200,965,26156,2246,150,25259,1,14:17
2024-25,1631124,Julian Strawther,Julian,1610612743,DEN,Denver Nuggets,0022400866,2025-03-02T00:00:00,DEN @ BOS,L,14.266666666666667,2.5,10.1,0.25,0.0,2.5,0.0,5.0,5.0,1.0,0.0,0.0,0.0,0.0,2.5,0.0,0.0,0.0,2.5,2.5,10.1,-45.4,7.6,0,0,10.1,1,13222,1,13222,20041,20419,16902,20233,15070,18579,15070,3958,5829,1,14058,22137,23286,19908,8142,12854,8263,8846,12693,10898,18054,25203,24747,2246,150,24406,1,14:16
2024-25,1642505,Alex Ducas,Alex,1610612760,OKC,Oklahoma City Thunder,0022400871,2025-03-02T00:00:00,OKC @ SAS,W,1.95,0.0,0.0,0.0,0.0,0.0,0.0,0.0,0.0,0.0,0.0,0.0,0.0,0.0,18.5,0.0,0.0,0.0,36.9,0.0,0.0,-92.3,-18.5,0,0,0.0,1,1,13086,1,25490,22635,24836,22635,15070,20945,15070,13505,14344,13505,14058,22137,23286,19908,69,12854,8263,8846,21,17725,23200,26102,26273,2246,150,25259,1,1:57
2024-25,1641998,Trey Jemison III,Trey,1610612747,LAL,Los Angeles Lakers,0022400874,2025-03-02T00:00:00,LAL vs. LAC,W,18.266666666666666,2.0,3.9,0.5,0.0,0.0,0.0,2.0,3.9,0.5,2.0,2.0,3.9,0.0,0.0,0.0,0.0,0.0,9.9,2.0,5.9,-3.9,10.6,0,0,9.9,1,1,13086,1,17395,21454,24112,8526,15070,20945,15070,10742,7965,10625,8522,19752,17463,19908,16469,12854,8263,8846,732,13208,21450,15036,24315,2246,150,24455,1,18:16
2024-25,1630568,Luka Garza,Luka,1610612750,MIN,Minnesota Timberwolves,0022400873,2025-03-02T00:00:00,MIN @ PHX,W,1.5833333333333333,0.0,22.7,0.0,0.0,0.0,0.0,0.0,0.0,0.0,0.0,0.0,0.0,0.0,0.0,0.0,0.0,0.0,0.0,0.0,0.0,-68.2,0.0,0,0,0.0,1,1,13086,1,25736,22635,1473,22635,15070,20945,15070,13505,14344,13505,14058,22137,23286,19908,16469,12854,8263,8846,20257,17725,23200,25851,25228,2246,150,25259,1,1:35
2024-25,1642265,Rob Dillingham,Rob,1610612750,MIN,Minnesota Timberwolves,0022400873,2025-03-02T00:00:00,MIN @ PHX,W,1.5833333333333333,0.0,0.0,0.0,0.0,0.0,0.0,0.0,45.5,0.0,0.0,0.0,0.0,0.0,0.0,0.0,0.0,0.0,0.0,22.7,0.0,-68.2,0.0,0,0,0.0,1,1,13086,1,25736,22635,24836,22635,15070,20945,15070,13505,21,13505,14058,22137,23286,19908,16469,12854,8263,8846,20257,27,23200,25851,25228,2246,150,25259,1,1:35
2024-25,1631169,Josh Minott,Josh,1610612750,MIN,Minnesota Timberwolves,0022400873,2025-03-02T00:00:00,MIN @ PHX,W,1.5833333333333333,0.0,22.7,0.0,0.0,22.7,0.0,0.0,0.0,0.0,0.0,0.0,0.0,0.0,0.0,0.0,0.0,0.0,0.0,0.0,0.0,-68.2,0.0,0,0,0.0,1,1,13086,1,25736,22635,1473,22635,15070,150,15070,13505,14344,13505,14058,22137,23286,19908,16469,12854,8263,8846,20257,17725,23200,25851,25228,2246,150,25259,1,1:35
2024-25,1642399,Jesse Edwards,Jesse,1610612750,MIN,Minnesota Timberwolves,0022400873,2025-03-02T00:00:00,MIN @ PHX,W,1.5833333333333333,0.0,0.0,0.0,0.0,0.0,0.0,0.0,0.0,0.0,0.0,0.0,0.0,0.0,0.0,0.0,0.0,0.0,0.0,0.0,0.0,-68.2,0.0,0,0,0.0,1,1,13086,1,25736,22635,24836,22635,15070,20945,15070,13505,14344,13505,14058,22137,23286,19908,16469,12854,8263,8846,20257,17725,23200,25851,25228,2246,150,25259,1,1:35
2024-25,1629626,Bol Bol,Bol,1610612756,PHX,Phoenix Suns,0022400873,2025-03-02T00:00:00,PHX vs. MIN,L,25.166666666666668,5.7,12.9,0.444,1.4,7.2,0.2,0.0,0.0,0.0,1.4,14.3,15.7,4.3,0.0,0.0,0.0,0.0,0.0,0.0,12.9,-1.4,38.2,0,0,34.3,1,13222,1,13222,11859,12351,12083,13045,12335,8143,13429,13505,14344,13505,10620,695,1510,9152,16469,12854,8263,8846,20257,17725,15221,13773,8895,2246,150,10577,1,25:10
2024-25,1628396,Tony Bradley,Tony,1610612754,IND,Indiana Pacers,0022400868,2025-03-02T00:00:00,IND vs. CHI,W,1.0333333333333334,0.0,0.0,0.0,0.0,0.0,0.0,0.0,0.0,0.0,0.0,0.0,0.0,0.0,0.0,0.0,0.0,0.0,0.0,0.0,0.0,0.0,0.0,0,0,0.0,1,1,13086,1,26048,22635,24836,22635,15070,20945,15070,13505,14344,13505,14058,22137,23286,19908,16469,12854,8263,8846,20257,17725,23200,12240,25228,2246,150,25259,1,1:02
2024-25,201143,Al Horford,Al,1610612738,BOS,Boston Celtics,0022400866,2025-03-02T00:00:00,BOS vs. DEN,W,34.95666666666666,7.2,12.4,0.583,1.0,3.1,0.333,4.1,4.1,1.0,3.1,5.1,8.2,0.0,2.1,3.1,0.0,0.0,1.0,3.1,19.6,4.1,36.7,0,0,35.0,1,1,13086,1,3498,8433,12965,6296,14364,17472,9209,5496,7592,1,5154,10421,7880,19908,10214,2956,8263,8846,19534,8930,8291,10586,9912,2246,150,10083,1,34:57
2024-25,1631200,Kris Murray,Kris,1610612757,POR,Portland Trail Blazers,0022400867,2025-03-02T00:00:00,POR @ CLE,L,9.736666666666666,0.0,11.1,0.0,0.0,3.7,0.0,0.0,0.0,0.0,3.7,7.4,11.1,0.0,0.0,0.0,0.0,0.0,7.4,0.0,0.0,-55.5,13.3,0,0,11.1,1,13222,1,13222,22197,22635,15207,22635,15070,16225,15070,13505,14344,13505,4042,5697,4328,19908,16469,12854,8263,8846,1715,17725,23200,25576,23689,2246,150,24200,1,9:44
2024-25,1626167,Myles Turner,Myles,1610612754,IND,Indiana Pacers,0022400868,2025-03-02T00:00:00,IND vs. CHI,W,31.266666666666666,6.9,16.1,0.429,2.3,8.1,0.286,2.3,2.3,1.0,0.0,6.9,6.9,2.3,0.0,1.2,1.2,1.2,1.2,1.2,18.4,23.0,37.1,0,0,34.5,1,1,13086,1,6650,9145,6943,13735,8837,6347,11433,9606,11764,1,14058,6515,10312,15219,16469,10566,6473,6620,18804,16639,9389,3261,9647,2246,150,10414,1,31:16
2024-25,1641740,Jaylen Clark,Jaylen,1610612750,MIN,Minnesota Timberwolves,0022400873,2025-03-02T00:00:00,MIN @ PHX,W,10.766666666666667,3.3,10.0,0.333,3.3,6.7,0.5,0.0,0.0,0.0,3.3,3.3,6.7,0.0,0.0,0.0,0.0,3.3,3.3,0.0,10.0,13.4,18.1,0,0,20.1,1,1,13086,1,21817,18650,16996,17395,5528,9129,3944,13505,14344,13505,4653,15653,10755,19908,16469,12854,8263,1033,9274,17725,18131,6236,22065,2246,150,20829,1,10:46
2024-25,1642346,Ryan Dunn,Ryan,1610612756,PHX,Phoenix Suns,0022400873,2025-03-02T00:00:00,PHX vs. MIN,L,10.775,6.7,20.0,0.333,3.3,16.7,0.2,0.0,0.0,0.0,3.3,6.7,10.0,3.3,3.3,0.0,3.3,3.3,6.7,0.0,16.7,-16.7,40.4,0,0,40.1,1,13222,1,13222,21814,9728,2938,17395,5539,437,13429,13505,14344,13505,4662,6925,5406,11850,5385,12854,1356,1034,2235,17725,11165,20518,7506,2246,150,6731,1,10:47
2024-25,1630193,Immanuel Quickley,Immanuel,1610612761,TOR,Toronto Raptors,0022400870,2025-03-02T00:00:00,TOR @ ORL,W,33.07333333333333,8.7,20.7,0.421,2.2,7.6,0.286,6.5,6.5,1.0,1.1,1.1,2.2,4.4,1.1,0.0,0.0,1.1,3.3,6.5,26.1,2.2,34.2,0,0,34.8,1,1,13086,1,5094,5259,2527,14442,9325,7138,11433,2373,3850,1,12564,21781,21465,9003,15209,12854,8263,7161,9594,2045,3618,11522,11663,2246,150,10210,1,33:04
2024-25,1630530,Trey Murphy III,Trey,1610612740,NOP,New Orleans Pelicans,0022400872,2025-03-02T00:00:00,NOP @ UTA,W,36.36666666666667,7.9,19.8,0.4,3.0,12.9,0.231,1.0,1.0,1.0,2.0,4.0,5.9,5.9,4.0,2.0,1.0,0.0,2.0,2.0,19.8,11.9,40.8,0,0,40.6,1,1,13086,1,2428,6812,3116,14933,6621,1359,13279,13264,14230,1,8476,13839,12432,5607,3954,6341,7539,8846,15256,13160,8074,6844,7286,2246,150,6454,1,36:22
2024-25,1630577,Julian Champagnie,Julian,1610612759,SAS,San Antonio Spurs,0022400871,2025-03-02T00:00:00,SAS vs. OKC,L,10.816666666666666,10.0,13.3,0.75,6.7,10.0,0.667,0.0,0.0,0.0,0.0,0.0,0.0,6.7,3.3,0.0,0.0,0.0,0.0,0.0,26.6,16.6,33.3,0,0,39.9,1,13222,1,13222,21789,3239,11279,2107,922,3493,1957,13505,14344,13505,14058,22137,23286,4491,5425,12854,8263,8846,20257,17725,3375,5021,12366,2246,150,6811,1,10:49
2024-25,1626157,Karl-Anthony Towns,Karl-Anthony,1610612752,NYK,New York Knicks,0022400869,2025-03-02T00:00:00,NYK @ MIA,W,39.745,5.4,10.0,0.545,0.9,3.6,0.25,5.4,6.3,0.857,3.6,10.9,14.5,0.0,2.7,0.0,0.9,0.0,3.6,3.6,17.2,9.1,34.6,1,0,34.4,1,1,13086,1,637,13171,17118,7695,14944,16390,11902,3493,4078,7071,4170,1973,1999,19908,7474,12854,8067,8846,8357,7325,10621,8149,11377,1,150,10513,1,39:45
2024-25,203995,Vasilije Micić,Vasilije,1610612756,PHX,Phoenix Suns,0022400873,2025-03-02T00:00:00,PHX vs. MIN,L,1.5833333333333333,0.0,0.0,0.0,0.0,0.0,0.0,0.0,0.0,0.0,0.0,0.0,0.0,0.0,0.0,0.0,0.0,0.0,0.0,0.0,0.0,68.2,0.0,0,0,0.0,1,13222,1,13222,25736,22635,24836,22635,15070,20945,15070,13505,14344,13505,14058,22137,23286,19908,16469,12854,8263,8846,20257,17725,23200,249,25228,2246,150,25259,1,1:35
2024-25,1642277,Johnny Furphy,Johnny,1610612754,IND,Indiana Pacers,0022400868,2025-03-02T00:00:00,IND vs. CHI,W,1.0333333333333334,0.0,0.0,0.0,0.0,0.0,0.0,0.0,0.0,0.0,0.0,0.0,0.0,0.0,0.0,0.0,0.0,0.0,0.0,0.0,0.0,0.0,0.0,0,0,0.0,1,1,13086,1,26048,22635,24836,22635,15070,20945,15070,13505,14344,13505,14058,22137,23286,19908,16469,12854,8263,8846,20257,17725,23200,12240,25228,2246,150,25259,1,1:02
2024-25,1630545,Terrence Shannon Jr.,Terrence,1610612750,MIN,Minnesota Timberwolves,0022400873,2025-03-02T00:00:00,MIN @ PHX,W,6.5,0.0,16.6,0.0,0.0,0.0,0.0,0.0,0.0,0.0,0.0,0.0,0.0,0.0,0.0,0.0,0.0,11.1,0.0,0.0,0.0,-22.2,0.0,0,0,0.0,1,1,13086,1,23365,22635,6279,22635,15070,20945,15070,13505,14344,13505,14058,22137,23286,19908,16469,12854,8263,55,20257,17725,23200,22113,25228,2246,150,25259,1,6:30
2024-25,1631128,Christian Braun,Christian,1610612743,DEN,Denver Nuggets,0022400866,2025-03-02T00:00:00,DEN @ BOS,L,46.8,7.7,16.9,0.455,1.5,6.2,0.25,1.5,1.5,1.0,0.0,4.6,4.6,2.3,0.8,3.1,0.8,1.5,2.3,3.1,18.5,-1.5,38.2,0,0,34.6,1,13222,1,13222,25,7288,5887,12676,11900,10307,11902,11718,13451,1,14058,11943,15782,15206,16464,2985,8257,4630,13612,8969,9350,13815,8872,2246,150,10356,1,46:48
2024-25,1631104,Blake Wesley,Blake,1610612759,SAS,San Antonio Spurs,0022400871,2025-03-02T00:00:00,SAS vs. OKC,L,2.345,0.0,0.0,0.0,0.0,0.0,0.0,0.0,0.0,0.0,0.0,0.0,0.0,0.0,0.0,0.0,0.0,0.0,15.4,15.4,0.0,76.8,0.0,0,0,0.0,1,13222,1,13222,25301,22635,24836,22635,15070,20945,15070,13505,14344,13505,14058,22137,23286,19908,16469,12854,8263,8846,230,92,23200,193,25228,2246,150,25259,1,2:21
2024-25,1641794,Dillon Jones,Dillon,1610612760,OKC,Oklahoma City Thunder,0022400871,2025-03-02T00:00:00,OKC @ SAS,W,1.95,0.0,0.0,0.0,0.0,0.0,0.0,0.0,0.0,0.0,0.0,0.0,0.0,0.0,0.0,0.0,0.0,0.0,0.0,0.0,0.0,-92.3,0.0,0,0,0.0,1,1,13086,1,25490,22635,24836,22635,15070,20945,15070,13505,14344,13505,14058,22137,23286,19908,16469,12854,8263,8846,20257,17725,23200,26102,25228,2246,150,25259,1,1:57
2024-25,1629312,Haywood Highsmith,Haywood,1610612748,MIA,Miami Heat,0022400869,2025-03-02T00:00:00,MIA vs. NYK,L,37.03,2.9,4.9,0.6,1.9,3.9,0.5,0.0,0.0,0.0,0.0,1.9,1.9,1.0,1.9,0.0,0.0,0.0,3.9,0.0,7.8,-10.7,9.6,0,0,12.6,1,13222,1,13222,1974,19615,23565,5394,10436,15822,3944,13505,14344,13505,14058,19845,21922,19762,10824,12854,8263,8846,7479,17725,20099,18182,24480,2246,150,23825,1,37:02
2024-25,201949,James Johnson,James,1610612754,IND,Indiana Pacers,0022400868,2025-03-02T00:00:00,IND vs. CHI,W,1.0333333333333334,0.0,0.0,0.0,0.0,0.0,0.0,0.0,0.0,0.0,0.0,0.0,0.0,0.0,0.0,0.0,0.0,0.0,0.0,0.0,0.0,0.0,0.0,0,0,0.0,1,1,13086,1,26048,22635,24836,22635,15070,20945,15070,13505,14344,13505,14058,22137,23286,19908,16469,12854,8263,8846,20257,17725,23200,12240,25228,2246,150,25259,1,1:02
2024-25,1627739,Kris Dunn,Kris,1610612746,LAC,LA Clippers,0022400874,2025-03-02T00:00:00,LAC @ LAL,L,26.773333333333333,9.4,16.1,0.583,1.3,6.7,0.2,0.0,0.0,0.0,1.3,1.3,2.7,5.4,4.0,1.3,1.3,1.3,4.0,0.0,20.2,-6.7,35.5,0,0,35.0,1,13222,1,13222,10513,4004,6919,6296,12674,9068,13429,13505,14344,13505,10997,21199,20477,6670,3810,9218,5469,5425,7047,17725,7770,16388,10727,2246,150,10125,1,26:46
2024-25,1626166,Cameron Payne,Cameron,1610612752,NYK,New York Knicks,0022400869,2025-03-02T00:00:00,NYK @ MIA,W,10.166666666666666,7.1,10.6,0.667,3.5,7.1,0.5,0.0,0.0,0.0,0.0,3.5,3.5,10.6,0.0,3.5,0.0,0.0,3.5,0.0,17.7,-17.7,48.5,0,0,42.5,1,1,13086,1,22047,8734,16013,3281,5053,8280,3944,13505,14344,13505,14058,15105,18462,1156,16469,2190,8263,8846,8628,17725,10124,20838,3806,2246,150,5406,1,10:10
2024-25,203992,Bogdan Bogdanović,Bogdan,1610612746,LAC,LA Clippers,0022400874,2025-03-02T00:00:00,LAC @ LAL,L,30.583333333333332,4.7,18.8,0.25,4.7,12.9,0.364,0.0,0.0,0.0,1.2,3.5,4.7,3.5,1.2,0.0,0.0,1.2,4.7,0.0,14.1,11.8,23.9,0,0,27.1,1,13222,1,13222,7243,15219,3900,20233,2719,1327,9100,13505,14344,13505,11943,15137,15538,11300,14602,12854,8263,6425,5257,17725,13819,6896,19021,2246,150,16101,1,30:35
2024-25,1626220,Royce O'Neale,Royce,1610612756,PHX,Phoenix Suns,0022400873,2025-03-02T00:00:00,PHX vs. MIN,L,13.55,0.0,8.0,0.0,0.0,8.0,0.0,0.0,0.0,0.0,5.3,8.0,13.3,2.7,0.0,0.0,2.7,0.0,0.0,0.0,0.0,-39.9,27.9,0,0,21.3,1,13222,1,13222,20458,22635,20310,22635,15070,6498,15070,13505,14344,13505,2080,4748,2615,14020,16469,12854,2139,8846,20257,17725,23200,24832,16301,2246,150,20128,1,13:33
2024-25,1628392,Isaiah Hartenstein,Isaiah,1610612760,OKC,Oklahoma City Thunder,0022400871,2025-03-02T00:00:00,OKC @ SAS,W,28.966666666666665,6.2,9.9,0.625,0.0,0.0,0.0,0.0,0.0,0.0,3.7,9.9,13.7,7.5,2.5,0.0,1.2,1.2,2.5,2.5,12.4,21.1,41.3,1,0,36.0,1,1,13086,1,8697,10933,17165,4899,15070,20945,15070,13505,14344,13505,3996,2627,2391,3452,8307,12854,5933,5977,12860,11043,15679,3670,7012,1,150,9340,1,28:58
2024-25,1641739,Toumani Camara,Toumani,1610612757,POR,Portland Trail Blazers,0022400867,2025-03-02T00:00:00,POR @ CLE,L,43.333333333333336,5.8,9.1,0.636,2.5,4.2,0.6,1.7,1.7,1.0,1.7,2.5,4.2,1.7,3.3,3.3,0.0,0.0,1.7,3.3,15.8,8.3,29.9,0,0,30.7,1,13222,1,13222,125,12075,18498,4689,8167,15225,2992,11483,13330,1,9713,18202,16935,17475,5443,2520,8263,8846,16660,8186,12135,8489,14866,2246,150,13369,1,43:20
2024-25,1630625,Dalano Banton,Dalano,1610612757,POR,Portland Trail Blazers,0022400867,2025-03-02T00:00:00,POR @ CLE,L,17.033333333333335,6.3,10.6,0.6,2.1,6.3,0.333,0.0,0.0,0.0,6.3,2.1,8.5,2.1,6.3,0.0,0.0,0.0,4.2,0.0,14.8,-27.5,21.8,0,0,27.5,1,13222,1,13222,18234,10588,16110,5394,9627,9886,9209,13505,14344,13505,1452,19324,7542,15956,1203,12854,8263,8846,6480,17725,13126,23340,20281,2246,150,15809,1,17:02
2024-25,202695,Kawhi Leonard,Kawhi,1610612746,LAC,LA Clippers,0022400874,2025-03-02T00:00:00,LAC @ LAL,L,39.78333333333333,11.8,20.8,0.565,2.7,6.3,0.429,3.6,4.5,0.8,3.6,5.4,9.0,0.0,2.7,0.0,0.0,0.0,1.8,5.4,29.9,-9.0,38.0,1,0,41.6,1,13222,1,13222,623,1685,2449,7102,7495,9901,7394,6451,6797,7681,4180,9719,6664,19908,7482,12854,8263,8846,16132,3433,2132,17451,9022,1,150,5834,1,39:47
2024-25,1642271,Kyle Filipowski,Kyle,1610612762,UTA,Utah Jazz,0022400872,2025-03-02T00:00:00,UTA vs. NOP,L,27.616666666666667,6.5,15.6,0.417,2.6,5.2,0.5,0.0,1.3,0.0,2.6,11.7,14.3,9.1,3.9,0.0,0.0,1.3,2.6,1.3,15.6,-41.7,42.6,1,0,41.7,1,13222,1,13222,9855,10142,7634,14532,7804,12669,3944,13505,13722,13505,6327,1513,2084,1920,4066,12854,8263,5635,12401,15894,12270,24959,6294,1,150,5795,1,27:37
2024-25,1630167,Obi Toppin,Obi,1610612754,IND,Indiana Pacers,0022400868,2025-03-02T00:00:00,IND vs. CHI,W,16.2,6.7,11.1,0.6,0.0,2.2,0.0,0.0,0.0,0.0,0.0,11.1,11.1,2.2,2.2,0.0,0.0,0.0,4.4,0.0,13.3,0.0,27.8,0,0,26.7,1,1,13086,1,18788,9769,15174,5394,15070,19129,15070,13505,14344,13505,14058,1845,4311,15547,9418,12854,8263,8846,5902,17725,14702,12240,16383,2246,150,16410,1,16:12
2024-25,1631101,Shaedon Sharpe,Shaedon,1610612757,POR,Portland Trail Blazers,0022400867,2025-03-02T00:00:00,POR @ CLE,L,38.49666666666667,6.5,18.7,0.35,0.9,5.6,0.167,2.8,2.8,1.0,1.9,3.7,5.6,1.9,1.9,0.9,0.0,1.9,1.9,1.9,16.8,-1.9,27.3,0,0,27.1,1,13222,1,13222,1111,10074,4022,17337,14856,11683,14236,8341,10479,1,8949,14494,13256,16857,11219,12476,8263,3665,15828,13637,11023,13961,16741,2246,150,16072,1,38:30
2024-25,1628973,Jalen Brunson,Jalen,1610612752,NYK,New York Knicks,0022400869,2025-03-02T00:00:00,NYK @ MIA,W,42.39666666666667,11.0,21.2,0.52,2.5,9.3,0.273,1.7,3.4,0.5,0.8,3.4,4.2,5.1,2.5,1.7,0.0,0.8,4.2,5.9,26.3,10.2,41.6,0,0,41.6,1,1,13086,1,216,2227,2192,8497,7978,4321,11838,11417,9098,10625,14001,15530,16695,7259,8051,7613,8263,8773,6438,2695,3525,7606,6827,2246,150,5847,1,42:24
2024-25,1628418,Thomas Bryant,Thomas,1610612754,IND,Indiana Pacers,0022400868,2025-03-02T00:00:00,IND vs. CHI,W,15.7,6.9,16.1,0.429,2.3,6.9,0.333,0.0,0.0,0.0,2.3,2.3,4.6,0.0,2.3,0.0,2.3,2.3,2.3,2.3,16.1,-11.5,26.1,0,0,27.5,1,1,13086,1,19130,9213,7048,13735,8878,8711,9209,13505,14344,13505,7267,18781,15841,19908,9103,12854,2763,2445,13681,11777,11872,18518,17528,2246,150,15779,1,15:42
2024-25,1641729,Brice Sensabaugh,Brice,1610612762,UTA,Utah Jazz,0022400872,2025-03-02T00:00:00,UTA vs. NOP,L,30.7,10.6,21.1,0.5,3.5,10.6,0.333,0.0,0.0,0.0,1.2,1.2,2.3,4.7,1.2,0.0,0.0,0.0,0.0,1.2,24.6,-18.8,33.3,0,0,35.2,1,13222,1,13222,7123,2663,2270,8526,5111,2926,9209,13505,14344,13505,11980,21585,21111,8206,14646,12854,8263,8846,20257,16539,4410,21165,12347,2246,150,9963,1,30:42
2024-25,1629026,Kenrich Williams,Kenrich,1610612760,OKC,Oklahoma City Thunder,0022400871,2025-03-02T00:00:00,OKC @ SAS,W,10.116666666666667,0.0,0.0,0.0,0.0,0.0,0.0,0.0,0.0,0.0,3.6,7.1,10.7,3.6,0.0,3.6,0.0,0.0,3.6,3.6,0.0,10.7,28.8,0,0,21.4,1,1,13086,1,22067,22635,24836,22635,15070,20945,15070,13505,14344,13505,4289,6143,4743,11217,16469,2155,8263,8846,8567,7509,23200,7380,15614,2246,150,20073,1,10:07
2024-25,1629639,Tyler Herro,Tyler,1610612748,MIA,Miami Heat,0022400869,2025-03-02T00:00:00,MIA vs. NYK,L,41.0,7.0,21.1,0.333,1.8,9.7,0.182,3.5,3.5,1.0,0.0,3.5,3.5,6.1,0.0,0.0,0.0,1.8,0.9,3.5,19.3,-5.3,32.8,0,0,30.7,1,13222,1,13222,369,8869,2293,17395,11238,3902,14207,6679,8864,1,14058,15198,18520,5253,16469,12854,8263,4019,20186,7625,8539,15732,12763,2246,150,13375,1,41:00
2024-25,1629640,Keldon Johnson,Keldon,1610612759,SAS,San Antonio Spurs,0022400871,2025-03-02T00:00:00,SAS vs. OKC,L,19.208333333333332,5.6,9.4,0.6,1.9,3.7,0.5,0.0,0.0,0.0,0.0,11.2,11.2,9.4,3.7,0.0,0.0,1.9,9.4,1.9,13.1,3.7,36.9,0,0,35.6,1,13222,1,13222,16667,12643,18162,5394,10754,16105,3944,13505,14344,13505,14058,1781,4205,1772,4439,12854,8263,3649,849,13617,14962,10780,9756,2246,150,9656,1,19:13
2024-25,1629014,Anfernee Simons,Anfernee,1610612757,POR,Portland Trail Blazers,0022400867,2025-03-02T00:00:00,POR @ CLE,L,41.78333333333333,6.9,19.8,0.348,3.4,10.3,0.333,6.0,6.0,1.0,0.0,1.7,1.7,1.7,1.7,0.0,0.0,0.9,1.7,3.4,23.3,-12.1,26.2,0,0,30.2,1,13222,1,13222,270,9182,3085,17377,5271,3112,9209,2830,4427,1,14058,20412,22273,17303,11836,12854,8263,8754,16457,7823,5323,18761,17483,2246,150,13831,1,41:47
2024-25,1628384,OG Anunoby,OG,1610612752,NYK,New York Knicks,0022400869,2025-03-02T00:00:00,NYK @ MIA,W,42.96666666666667,7.5,15.1,0.5,3.4,7.5,0.444,0.8,1.7,0.5,2.5,5.0,7.5,4.2,0.8,1.7,2.5,1.7,0.8,1.7,19.3,6.7,46.3,0,0,42.7,1,1,13086,1,156,7664,8462,8526,5511,7297,7211,13487,13316,10625,6571,10804,9091,9413,16435,7695,2347,4205,20228,14346,8579,9288,4606,2246,150,5299,1,42:58
2024-25,203937,Kyle Anderson,Kyle,1610612748,MIA,Miami Heat,0022400869,2025-03-02T00:00:00,MIA vs. NYK,L,6.033333333333333,6.0,11.9,0.5,0.0,0.0,0.0,0.0,0.0,0.0,0.0,11.9,11.9,6.0,0.0,0.0,0.0,0.0,6.0,0.0,11.9,-11.9,35.2,0,0,29.8,1,13222,1,13222,23589,11607,13703,8526,15070,20945,15070,13505,14344,13505,14058,1397,3550,5560,16469,12854,8263,8846,2997,17725,16212,18713,10931,2246,150,14072,1,6:02
2024-25,1630175,Cole Anthony,Cole,1610612753,ORL,Orlando Magic,0022400870,2025-03-02T00:00:00,ORL vs. TOR,L,23.45,4.6,16.9,0.273,1.5,4.6,0.333,0.0,0.0,0.0,0.0,1.5,1.5,1.5,4.6,1.5,1.5,0.0,7.7,3.1,10.7,7.7,19.5,0,0,21.5,1,13222,1,13222,13346,15477,5931,20048,11911,14182,9209,13505,14344,13505,14058,20802,22528,17853,2837,8253,4733,8846,1523,8994,17421,8785,21407,2246,150,19964,1,23:27
2024-25,1628380,Zach Collins,Zach,1610612741,CHI,Chicago Bulls,0022400868,2025-03-02T00:00:00,CHI @ IND,L,29.166666666666668,7.4,11.1,0.667,2.5,6.2,0.4,2.5,2.5,1.0,2.5,3.7,6.2,2.5,3.7,0.0,0.0,0.0,1.2,2.5,19.7,-24.7,27.2,0,0,30.9,1,13222,1,13222,8534,7999,15180,3281,8256,10271,7874,9141,11288,1,6715,14622,11891,14648,4551,12854,8263,8846,18356,11103,8122,22741,16848,2246,150,13283,1,29:10
2024-25,202692,Alec Burks,Alec,1610612748,MIA,Miami Heat,0022400869,2025-03-02T00:00:00,MIA vs. NYK,L,24.575,5.9,7.3,0.8,5.9,7.3,0.8,0.0,0.0,0.0,0.0,4.4,4.4,4.4,1.5,1.5,0.0,0.0,0.0,0.0,17.6,8.8,32.4,0,0,35.2,1,13222,1,13222,12405,11923,21171,1688,1427,7775,1389,13505,14344,13505,14058,12540,16300,8898,12933,8555,8263,8846,20257,17725,10244,8284,13030,2246,150,9984,1,24:35
2024-25,1629652,Luguentz Dort,Luguentz,1610612760,OKC,Oklahoma City Thunder,0022400871,2025-03-02T00:00:00,OKC @ SAS,W,23.5,6.1,13.8,0.444,1.5,9.2,0.167,0.0,0.0,0.0,6.1,7.7,13.8,3.1,0.0,1.5,0.0,0.0,3.1,0.0,13.8,13.8,39.5,0,0,35.2,1,1,13086,1,13305,11146,10520,13045,11921,4544,14236,13505,14344,13505,1552,5222,2343,12714,16469,8269,8263,8846,10417,17725,14183,6084,8054,2246,150,9926,1,23:30
2024-25,201935,James Harden,James,1610612746,LAC,LA Clippers,0022400874,2025-03-02T00:00:00,LAC @ LAL,L,38.266666666666666,3.8,13.2,0.286,1.9,8.5,0.222,2.8,3.8,0.75,0.0,1.9,1.9,7.5,2.8,1.9,0.0,0.9,3.8,2.8,12.2,-16.9,28.6,0,0,27.3,1,13222,1,13222,1236,17661,11530,19630,10711,5645,13288,8281,8340,8186,14058,20022,22034,3358,7134,6850,8263,8415,7866,9885,15893,20592,15797,2246,150,15965,1,38:16
2024-25,1630183,Jaden McDaniels,Jaden,1610612750,MIN,Minnesota Timberwolves,0022400873,2025-03-02T00:00:00,MIN @ PHX,W,32.675,5.5,9.9,0.556,2.2,4.4,0.5,1.1,1.1,1.0,2.2,5.5,7.7,4.4,1.1,3.3,0.0,0.0,1.1,2.2,14.3,27.5,39.0,0,0,35.3,1,1,13086,1,5420,12963,17214,7248,9227,14667,3944,12909,14041,1,7573,9517,8785,8865,15122,2556,8263,8846,19091,12152,13584,2339,8403,2246,150,9910,1,32:41
2024-25,1629632,Coby White,Coby,1610612741,CHI,Chicago Bulls,0022400868,2025-03-02T00:00:00,CHI @ IND,L,34.4,10.5,18.8,0.556,4.2,9.4,0.444,2.1,2.1,1.0,1.0,6.3,7.3,1.0,3.1,1.0,0.0,1.0,2.1,3.1,27.2,4.2,37.6,0,0,41.9,1,13222,1,13222,3923,2751,3895,7248,3591,4228,7211,10319,12446,1,12904,7730,9520,19539,6022,11529,8263,7524,14640,8763,3106,10552,9306,2246,150,5721,1,34:24
2024-25,1630170,Devin Vassell,Devin,1610612759,SAS,San Antonio Spurs,0022400871,2025-03-02T00:00:00,SAS vs. OKC,L,32.71666666666667,7.7,17.6,0.438,1.1,7.7,0.143,0.0,0.0,0.0,0.0,3.3,3.3,5.5,0.0,1.1,1.1,1.1,1.1,1.1,16.5,-27.5,35.3,0,0,30.8,1,13222,1,13222,5388,7269,5127,13558,13942,6997,14649,13505,14344,13505,14058,15790,18988,6422,16469,11016,6785,7041,19100,16903,11386,23345,10856,2246,150,13321,1,32:43
2024-25,1628976,Wendell Carter Jr.,Wendell,1610612753,ORL,Orlando Magic,0022400870,2025-03-02T00:00:00,ORL vs. TOR,L,31.69,3.4,6.8,0.5,1.1,3.4,0.333,8.0,9.1,0.875,2.3,8.0,10.2,5.7,3.4,0.0,1.1,0.0,3.4,6.8,15.9,0.0,36.7,0,0,35.2,1,13222,1,13222,6243,18528,21769,8526,13739,16853,9209,1433,1821,6931,7343,4776,5203,6082,5213,12854,6570,8846,9053,1805,12023,12240,9894,2246,150,9937,1,31:41
2024-25,1630561,David Duke Jr.,David,1610612759,SAS,San Antonio Spurs,0022400871,2025-03-02T00:00:00,SAS vs. OKC,L,2.3333333333333335,0.0,0.0,0.0,0.0,0.0,0.0,0.0,0.0,0.0,0.0,15.4,15.4,15.4,0.0,0.0,0.0,0.0,0.0,0.0,0.0,77.1,41.7,0,0,30.9,1,13222,1,13222,25302,22635,24836,22635,15070,20945,15070,13505,14344,13505,14058,499,1598,259,16469,12854,8263,8846,20257,17725,23200,184,6796,2246,150,13293,1,2:20
2024-25,1642270,Donovan Clingan,Donovan,1610612757,POR,Portland Trail Blazers,0022400867,2025-03-02T00:00:00,POR @ CLE,L,11.066666666666666,3.3,6.5,0.5,0.0,0.0,0.0,6.5,13.0,0.5,3.3,6.5,9.8,6.5,0.0,3.3,0.0,0.0,19.5,6.5,13.0,-32.5,44.2,0,0,35.8,1,13222,1,13222,21681,18877,22103,8526,15070,20945,15070,2395,585,10625,4836,7288,5728,4699,16469,2644,8263,8846,123,2079,15075,24103,5548,2246,150,9527,1,11:04
2024-25,1630532,Franz Wagner,Franz,1610612753,ORL,Orlando Magic,0022400870,2025-03-02T00:00:00,ORL vs. TOR,L,37.18333333333333,8.7,16.5,0.529,1.0,3.9,0.25,5.8,5.8,1.0,1.0,2.9,3.9,1.0,0.0,0.0,0.0,0.0,1.0,5.8,24.2,-1.0,30.3,0,0,30.0,1,13222,1,13222,1867,5244,6477,8281,14715,15860,11902,3076,4742,1,13514,17072,17649,19774,16469,12854,8263,8846,19869,2885,4676,13514,14573,2246,150,13937,1,37:11
2024-25,1628404,Josh Hart,Josh,1610612752,NYK,New York Knicks,0022400869,2025-03-02T00:00:00,NYK @ MIA,W,43.09166666666667,5.8,10.0,0.583,0.0,1.7,0.0,0.0,0.0,0.0,0.0,5.8,5.8,2.5,0.8,0.0,0.8,1.7,0.0,0.0,11.7,0.8,24.1,0,0,21.7,1,1,13086,1,143,11965,17009,6296,15070,20078,15070,13505,14344,13505,14058,8674,12643,14528,16437,12854,8215,4218,20257,17725,16463,12231,18840,2246,150,19829,1,43:06
2024-25,1629020,Jarred Vanderbilt,Jarred,1610612747,LAL,Los Angeles Lakers,0022400874,2025-03-02T00:00:00,LAL vs. LAC,W,22.39666666666667,6.4,11.3,0.571,0.0,4.8,0.0,0.0,0.0,0.0,8.0,6.4,14.5,1.6,0.0,0.0,3.2,0.0,1.6,0.0,12.9,16.1,42.3,0,0,35.4,1,1,13086,1,14200,10359,14927,6538,15070,13639,15070,13505,14344,13505,772,7442,2016,17627,16469,12854,1462,8846,16846,17725,15230,5226,6487,2246,150,9829,1,22:24
2024-25,1630572,Sandro Mamukelashvili,Sandro,1610612759,SAS,San Antonio Spurs,0022400871,2025-03-02T00:00:00,SAS vs. OKC,L,2.3333333333333335,15.4,30.9,0.5,15.4,30.9,0.5,30.9,30.9,1.0,0.0,0.0,0.0,0.0,0.0,0.0,0.0,0.0,0.0,15.4,77.1,77.1,77.1,0,0,92.6,1,13222,1,13222,25302,427,237,8526,70,56,3944,30,52,1,14058,22137,23286,19908,16469,12854,8263,8846,20257,90,40,184,255,2246,150,83,1,2:20
2024-25,1631131,Oscar Tshiebwe,Oscar,1610612762,UTA,Utah Jazz,0022400872,2025-03-02T00:00:00,UTA vs. NOP,L,20.383333333333333,14.1,15.9,0.889,0.0,0.0,0.0,0.0,0.0,0.0,7.1,15.9,23.0,1.8,0.0,1.8,0.0,0.0,1.8,0.0,28.3,44.2,63.8,1,0,56.5,1,13222,1,13222,15731,666,7272,1318,15070,20945,15070,13505,14344,13505,1120,440,272,17180,16469,7379,8263,8846,16320,17725,2685,734,815,1,150,1226,1,20:23
2024-25,1629660,Ty Jerome,Ty,1610612739,CLE,Cleveland Cavaliers,0022400867,2025-03-02T00:00:00,CLE vs. POR,W,35.498333333333335,8.1,17.2,0.471,2.0,4.1,0.5,7.1,7.1,1.0,1.0,4.1,5.1,6.1,1.0,6.1,0.0,0.0,2.0,5.1,25.4,14.2,57.8,0,0,50.7,1,1,13086,1,3080,6381,5529,12143,10022,15463,3944,1942,3271,1,13139,13556,14602,5341,15755,448,8263,8846,14975,3967,4023,5935,1497,2246,150,2338,1,35:30
2024-25,1627783,Pascal Siakam,Pascal,1610612754,IND,Indiana Pacers,0022400868,2025-03-02T00:00:00,IND vs. CHI,W,30.766666666666666,9.4,16.4,0.571,1.2,5.9,0.2,3.5,8.2,0.429,1.2,5.9,7.0,4.7,3.5,0.0,2.3,0.0,3.5,5.9,23.4,17.6,42.4,0,0,41.0,1,1,13086,1,7073,4102,6568,6538,13536,11074,13429,6686,2389,13040,11994,8665,10115,8232,4990,12854,2663,8846,8717,2817,5199,4722,6451,2246,150,6230,1,30:46
2024-25,1629029,Luka Dončić,Luka,1610612747,LAL,Los Angeles Lakers,0022400874,2025-03-02T00:00:00,LAL vs. LAC,W,36.96333333333333,8.8,16.6,0.529,4.9,11.7,0.417,5.8,8.8,0.667,0.0,5.8,5.8,8.8,5.8,1.9,0.0,0.0,1.9,7.8,28.2,18.5,48.4,0,0,51.6,1,1,13086,1,2015,5149,6361,8281,2458,1970,7826,3034,2007,9425,14058,8684,12662,2211,1510,6514,8263,8846,15422,1141,2694,4408,3848,2246,150,2116,1,36:58
2024-25,1630162,Anthony Edwards,Anthony,1610612750,MIN,Minnesota Timberwolves,0022400873,2025-03-02T00:00:00,MIN @ PHX,W,36.266666666666666,11.9,21.8,0.545,6.0,13.9,0.429,13.9,13.9,1.0,0.0,5.0,5.0,6.9,1.0,2.0,0.0,0.0,0.0,7.9,43.7,21.8,65.0,0,0,65.5,1,1,13086,1,2491,1578,1888,7695,1337,954,7394,209,462,1,14058,10986,14894,4065,15900,6319,8263,8846,20257,1052,291,3493,696,2246,150,460,1,36:16
2024-25,1631110,Jeremy Sochan,Jeremy,1610612759,SAS,San Antonio Spurs,0022400871,2025-03-02T00:00:00,SAS vs. OKC,L,24.5,10.3,13.2,0.778,1.5,2.9,0.5,2.9,2.9,1.0,0.0,5.9,5.9,5.9,4.4,1.5,1.5,1.5,1.5,2.9,25.0,0.0,45.3,0,0,44.1,1,13222,1,13222,12473,2923,11440,1994,12167,17780,3944,7980,10115,1,14058,8597,12573,5713,3131,8533,4962,4887,17347,9464,4223,12240,5062,2246,150,4643,1,24:30
2024-25,1642264,Stephon Castle,Stephon,1610612759,SAS,San Antonio Spurs,0022400871,2025-03-02T00:00:00,SAS vs. OKC,L,31.933333333333334,13.5,23.7,0.571,4.5,11.3,0.4,4.5,7.9,0.571,4.5,4.5,9.0,3.4,4.5,0.0,0.0,1.1,2.3,5.6,36.1,0.0,47.5,0,0,53.0,1,13222,1,13222,6032,844,1161,6538,3051,2278,7874,4818,2595,10536,2913,12239,6702,11728,2988,12854,8263,6814,13851,3139,815,12240,4152,2246,150,1807,1,31:56
2024-25,1627759,Jaylen Brown,Jaylen,1610612738,BOS,Boston Celtics,0022400866,2025-03-02T00:00:00,BOS vs. DEN,W,36.6,5.9,14.8,0.4,2.0,3.9,0.5,7.9,8.9,0.889,0.0,4.9,4.9,7.9,4.9,2.0,2.0,0.0,2.0,5.9,21.6,9.8,46.2,0,0,44.3,1,1,13086,1,2279,11803,8981,14933,10308,15703,3944,1470,1948,6857,14058,11116,15015,3028,2443,6400,3573,8846,15315,2742,6513,7773,4657,2246,150,4570,1,36:36
2024-25,1630598,Aaron Wiggins,Aaron,1610612760,OKC,Oklahoma City Thunder,0022400871,2025-03-02T00:00:00,OKC @ SAS,W,24.116666666666667,9.0,17.9,0.5,7.5,11.9,0.625,0.0,3.0,0.0,0.0,4.5,4.5,3.0,3.0,1.5,0.0,1.5,3.0,1.5,25.4,14.9,36.7,0,0,43.3,1,1,13086,1,12787,4797,4792,8526,606,1811,2868,13505,10012,13505,14058,12313,16100,12984,6548,8443,8263,4800,10792,15031,4011,5657,9878,2246,150,5004,1,24:07
2024-25,1630169,Tyrese Haliburton,Tyrese,1610612754,IND,Indiana Pacers,0022400868,2025-03-02T00:00:00,IND vs. CHI,W,30.683333333333334,8.2,14.1,0.583,2.3,4.7,0.5,1.2,1.2,1.0,1.2,4.7,5.9,14.1,1.2,3.5,0.0,1.2,1.2,2.3,19.9,18.8,57.5,1,0,49.3,1,1,13086,1,7138,6174,10041,6296,8680,13977,3944,12688,13932,1,11976,11727,12601,385,14644,2219,8263,6460,18700,11562,7964,4324,1556,1,150,2736,1,30:41
2024-25,1629162,Jordan McLaughlin,Jordan,1610612759,SAS,San Antonio Spurs,0022400871,2025-03-02T00:00:00,SAS vs. OKC,L,2.3333333333333335,15.4,15.4,1.0,0.0,0.0,0.0,15.4,15.4,1.0,0.0,0.0,0.0,30.9,0.0,0.0,0.0,0.0,0.0,15.4,46.3,77.1,92.6,0,0,77.1,1,13222,1,13222,25302,427,7920,1,15070,20945,15070,157,322,1,14058,22137,23286,17,16469,12854,8263,8846,20257,90,219,184,87,2246,150,198,1,2:20
2024-25,1628978,Donte DiVincenzo,Donte,1610612750,MIN,Minnesota Timberwolves,0022400873,2025-03-02T00:00:00,MIN @ PHX,W,27.133333333333333,10.6,18.6,0.571,10.6,17.2,0.615,0.0,0.0,0.0,0.0,2.7,2.7,2.7,1.3,6.6,0.0,0.0,2.7,0.0,31.8,34.5,57.6,0,0,61.0,1,1,13086,1,10243,2600,4148,6538,179,390,2984,13505,14344,13505,14058,17804,20531,14034,13683,352,8263,8846,12228,17725,1562,1449,1542,2246,150,729,1,27:08
2024-25,1631103,Malaki Branham,Malaki,1610612759,SAS,San Antonio Spurs,0022400871,2025-03-02T00:00:00,SAS vs. OKC,L,2.3333333333333335,15.4,30.9,0.5,15.4,30.9,0.5,0.0,0.0,0.0,0.0,15.4,15.4,0.0,0.0,0.0,0.0,0.0,0.0,0.0,46.3,77.1,64.8,0,0,77.1,1,13222,1,13222,25302,427,237,8526,70,56,3944,13505,14344,13505,14058,499,1598,19908,16469,12854,8263,8846,20257,17725,219,184,711,2246,150,198,1,2:20
2024-25,1629674,Neemias Queta,Neemias,1610612738,BOS,Boston Celtics,0022400866,2025-03-02T00:00:00,BOS vs. DEN,W,16.683333333333334,8.6,10.8,0.8,0.0,0.0,0.0,0.0,0.0,0.0,6.5,15.1,21.6,2.2,0.0,0.0,0.0,0.0,8.6,0.0,17.3,23.7,46.4,0,0,41.0,1,1,13086,1,18477,5375,15717,1688,15070,20945,15070,13505,14344,13505,1381,546,366,15775,16469,12854,8263,8846,1087,17725,10561,3083,4581,2246,150,6202,1,16:41
2024-25,1629631,De'Andre Hunter,De'Andre,1610612739,CLE,Cleveland Cavaliers,0022400867,2025-03-02T00:00:00,CLE vs. POR,W,31.533333333333335,9.1,17.1,0.533,5.7,10.3,0.556,12.6,13.7,0.917,2.3,5.7,8.0,0.0,1.1,1.1,0.0,0.0,4.6,6.8,36.5,3.4,48.4,0,0,52.5,1,1,13086,1,6391,4474,5670,8140,1552,3187,3747,293,496,6748,7296,9020,8282,19908,14851,10658,8263,8846,5625,1779,748,10920,3846,2246,150,1923,1,31:32
2024-25,1628386,Jarrett Allen,Jarrett,1610612739,CLE,Cleveland Cavaliers,0022400867,2025-03-02T00:00:00,CLE vs. POR,W,26.005,6.9,9.7,0.714,0.0,0.0,0.0,2.8,2.8,1.0,4.2,9.7,13.8,5.5,2.8,1.4,2.8,0.0,2.8,2.8,16.6,-16.6,51.2,1,0,44.3,1,1,13086,1,11157,9124,17598,2752,15070,20945,15070,8415,10565,1,3364,2830,2311,6362,7326,8992,1999,8846,11773,10079,11271,20482,2921,1,150,4558,1,26:00
2024-25,203482,Kelly Olynyk,Kelly,1610612740,NOP,New Orleans Pelicans,0022400872,2025-03-02T00:00:00,NOP @ UTA,W,26.033333333333335,13.8,19.4,0.714,4.1,5.5,0.75,4.1,6.9,0.6,4.1,8.3,12.4,5.5,1.4,1.4,0.0,0.0,1.4,4.1,36.0,26.3,62.0,0,0,60.8,1,1,13086,1,11133,753,3454,2752,3674,11886,1542,5442,3462,10343,3372,4290,3162,6370,13387,8997,8263,8846,17689,5950,838,2561,968,2246,150,743,1,26:02
2024-25,1631114,Jalen Williams,Jalen,1610612760,OKC,Oklahoma City Thunder,0022400871,2025-03-02T00:00:00,OKC @ SAS,W,32.93333333333333,16.4,26.2,0.625,4.4,8.7,0.5,7.7,7.7,1.0,0.0,6.6,6.6,7.7,0.0,1.1,1.1,0.0,2.2,5.5,44.8,13.1,70.7,0,0,67.8,1,1,13086,1,5210,327,609,4899,3278,5187,3944,1574,2776,1,14058,7185,11038,3222,16469,11075,6833,8846,14152,3386,259,6338,407,2246,150,379,1,32:56
2024-25,1631159,Leonard Miller,Leonard,1610612750,MIN,Minnesota Timberwolves,0022400873,2025-03-02T00:00:00,MIN @ PHX,W,1.5833333333333333,22.7,22.7,1.0,0.0,0.0,0.0,0.0,0.0,0.0,0.0,0.0,0.0,0.0,0.0,22.7,0.0,0.0,0.0,0.0,45.5,-68.2,113.7,0,0,90.9,1,1,13086,1,25736,95,1473,1,15070,20945,15070,13505,14344,13505,14058,22137,23286,19908,16469,13,8263,8846,20257,17725,233,25851,46,2246,150,89,1,1:35
2024-25,1629627,Zion Williamson,Zion,1610612740,NOP,New Orleans Pelicans,0022400872,2025-03-02T00:00:00,NOP @ UTA,W,29.43,13.5,22.0,0.611,0.0,1.2,0.0,2.4,3.7,0.667,1.2,6.1,7.3,11.0,1.2,2.4,0.0,2.4,1.2,4.9,29.4,2.4,60.8,0,0,52.6,1,1,13086,1,8291,859,1818,5351,15070,20591,15070,9202,8548,9425,11643,8063,9496,1000,14273,4547,8263,2125,18414,4308,2317,11398,1097,2246,150,1907,1,29:26
2024-25,1642347,Jamal Shead,Jamal,1610612761,TOR,Toronto Raptors,0022400870,2025-03-02T00:00:00,TOR @ ORL,W,17.41,8.3,16.5,0.5,4.1,10.3,0.4,4.1,6.2,0.667,2.1,2.1,4.1,8.3,2.1,4.1,0.0,0.0,4.1,4.1,24.8,20.7,52.5,0,0,49.6,1,1,13086,1,17999,6039,6375,8526,3706,3113,7874,5467,4225,9425,8091,19460,16986,2636,10171,1509,8263,8846,6724,5974,4299,3766,2588,2246,150,2631,1,17:25
2024-25,1628983,Shai Gilgeous-Alexander,Shai,1610612760,OKC,Oklahoma City Thunder,0022400871,2025-03-02T00:00:00,OKC @ SAS,W,31.8,11.3,21.5,0.526,3.4,5.7,0.6,9.1,10.2,0.889,2.3,2.3,4.5,9.1,0.0,1.1,2.3,1.1,1.1,5.7,35.1,17.0,64.3,0,0,58.9,1,1,13086,1,6154,1989,2023,8379,5388,11551,2992,984,1296,6857,7366,18873,15974,1977,16469,10742,2812,6773,18906,3099,945,4917,754,2246,150,930,1,31:48
2024-25,1641716,Jarace Walker,Jarace,1610612754,IND,Indiana Pacers,0022400868,2025-03-02T00:00:00,IND vs. CHI,W,8.933333333333334,4.0,12.1,0.333,4.0,12.1,0.333,0.0,0.0,0.0,0.0,0.0,0.0,8.1,0.0,0.0,0.0,0.0,0.0,0.0,12.1,-60.4,24.2,0,0,24.2,1,1,13086,1,22477,17021,13434,17395,3939,1737,9209,13505,14344,13505,14058,22137,23286,2826,16469,12854,8263,8846,20257,17725,16045,25702,18827,2246,150,18221,1,8:56
2024-25,1627827,Dorian Finney-Smith,Dorian,1610612747,LAL,Los Angeles Lakers,0022400874,2025-03-02T00:00:00,LAL vs. LAC,W,36.86666666666667,3.9,8.8,0.444,2.0,4.9,0.4,1.0,2.0,0.5,1.0,2.9,3.9,0.0,0.0,1.0,0.0,0.0,0.0,1.0,10.7,23.4,18.4,0,0,18.6,1,1,13086,1,2081,17304,19045,13045,10376,13488,7874,13305,12851,10625,13446,16970,17552,19908,16469,12155,8263,8846,20257,17464,17438,3168,21943,2246,150,21602,1,36:52
2024-25,1631133,Jabari Walker,Jabari,1610612757,POR,Portland Trail Blazers,0022400867,2025-03-02T00:00:00,POR @ CLE,L,7.883333333333334,4.6,9.1,0.5,0.0,4.6,0.0,0.0,0.0,0.0,4.6,4.6,9.1,0.0,4.6,0.0,0.0,0.0,4.6,0.0,9.1,4.6,15.5,0,0,18.3,1,13222,1,13222,22842,15576,18504,8526,15070,14273,15070,13505,14344,13505,2846,12074,6524,19908,2899,12854,8263,8846,5625,17725,18957,10355,23018,2246,150,21733,1,7:53
2024-25,1641757,Jordan Miller,Jordan,1610612746,LAC,LA Clippers,0022400874,2025-03-02T00:00:00,LAC @ LAL,L,5.166666666666667,0.0,7.0,0.0,0.0,7.0,0.0,0.0,0.0,0.0,0.0,7.0,7.0,0.0,0.0,0.0,0.0,0.0,0.0,0.0,0.0,-62.7,8.4,0,0,7.0,1,13222,1,13222,23920,22635,21599,22635,15070,8521,15070,13505,14344,13505,14058,6418,10201,19908,16469,12854,8263,8846,20257,17725,23200,25742,24649,2246,150,24896,1,5:10
2024-25,1641738,Kobe Brown,Kobe,1610612746,LAC,LA Clippers,0022400874,2025-03-02T00:00:00,LAC @ LAL,L,5.166666666666667,0.0,7.0,0.0,0.0,0.0,0.0,0.0,0.0,0.0,0.0,7.0,7.0,0.0,0.0,0.0,0.0,0.0,0.0,0.0,0.0,-62.7,8.4,0,0,7.0,1,13222,1,13222,23920,22635,21599,22635,15070,20945,15070,13505,14344,13505,14058,6418,10201,19908,16469,12854,8263,8846,20257,17725,23200,25742,24649,2246,150,24896,1,5:10
2024-25,1630631,Jose Alvarado,Jose,1610612740,NOP,New Orleans Pelicans,0022400872,2025-03-02T00:00:00,NOP @ UTA,W,23.816666666666666,1.5,10.6,0.143,1.5,7.6,0.2,0.0,0.0,0.0,0.0,0.0,0.0,3.0,0.0,0.0,0.0,0.0,0.0,1.5,4.5,-9.1,9.1,0,0,9.1,1,1,13086,1,13062,22153,16089,22260,11989,7260,13429,13505,14344,13505,14058,22137,23286,12851,16469,12854,8263,8846,20257,14956,22279,17461,24560,2246,150,24592,1,23:49
2024-25,1641711,Gradey Dick,Gradey,1610612761,TOR,Toronto Raptors,0022400870,2025-03-02T00:00:00,TOR @ ORL,W,16.316666666666666,2.2,8.8,0.25,0.0,2.2,0.0,0.0,0.0,0.0,0.0,2.2,2.2,0.0,0.0,0.0,0.0,0.0,4.4,0.0,4.4,-17.7,7.1,0,0,6.6,1,1,13086,1,18711,21025,18976,20233,15070,19157,15070,13505,14344,13505,14058,19052,21401,19908,16469,12854,8263,8846,5988,17725,22339,20822,24813,2246,150,24935,1,16:19
2024-25,1628436,Luke Kornet,Luke,1610612738,BOS,Boston Celtics,0022400866,2025-03-02T00:00:00,BOS vs. DEN,W,30.76,3.5,5.9,0.6,0.0,0.0,0.0,2.3,4.7,0.5,1.2,0.0,1.2,4.7,0.0,0.0,1.2,0.0,2.3,3.5,9.4,-4.7,21.3,0,0,17.6,1,1,13086,1,7084,18302,22754,5394,15070,20945,15070,9488,6514,10625,11991,22137,22984,8229,16469,12854,6360,8846,13479,7635,18768,15408,20533,2246,150,22054,1,30:46
2024-25,1642266,Ja'Kobe Walter,Ja'Kobe,1610612761,TOR,Toronto Raptors,0022400870,2025-03-02T00:00:00,TOR @ ORL,W,30.8,2.3,4.7,0.5,1.2,2.3,0.5,2.3,2.3,1.0,1.2,3.5,4.7,1.2,2.3,1.2,0.0,1.2,2.3,2.3,8.2,-1.2,16.7,0,0,17.5,1,1,13086,1,7043,20784,23701,8526,13542,18922,3944,9499,11673,1,12003,15219,15624,19118,8912,10439,8263,6487,13492,11596,19763,13654,22591,2246,150,22062,1,30:48
2024-25,1630548,Johnny Juzang,Johnny,1610612762,UTA,Utah Jazz,0022400872,2025-03-02T00:00:00,UTA vs. NOP,L,18.415,5.9,17.6,0.333,2.0,13.7,0.143,2.0,2.0,1.0,0.0,3.9,3.9,2.0,2.0,0.0,0.0,0.0,3.9,2.0,15.6,-5.9,21.3,0,0,23.5,1,13222,1,13222,17273,11905,5142,17395,10369,1025,14649,10792,12847,1,14058,13997,17545,16542,10754,12854,8263,8846,7413,13299,12274,16003,20528,2246,150,18694,1,18:25
2024-25,1630558,Davion Mitchell,Davion,1610612748,MIA,Miami Heat,0022400869,2025-03-02T00:00:00,MIA vs. NYK,L,37.375,4.8,8.7,0.556,1.0,3.9,0.25,0.0,1.9,0.0,0.0,3.9,3.9,4.8,2.9,1.9,0.0,0.0,2.9,1.9,10.6,3.9,25.3,0,0,24.1,1,13222,1,13222,1755,14897,19242,7248,14736,15892,11902,13505,12917,13505,14058,14175,17699,7878,6883,6639,8263,8846,11223,13420,17562,10724,18053,2246,150,18269,1,37:23
2024-25,1629637,Jaxson Hayes,Jaxson,1610612747,LAL,Los Angeles Lakers,0022400874,2025-03-02T00:00:00,LAL vs. LAC,W,26.066666666666666,2.8,2.8,1.0,0.0,0.0,0.0,2.8,4.1,0.667,2.8,6.9,9.7,0.0,2.8,0.0,2.8,0.0,2.8,6.9,8.3,15.2,25.4,0,0,23.5,1,1,13086,1,11112,19953,24566,1,15070,20945,15070,8429,7539,9425,5942,6519,5842,19908,7340,12854,2004,8846,11789,1725,19666,5549,17991,2246,150,18680,1,26:04
2024-25,1629618,Jalen Pickett,Jalen,1610612743,DEN,Denver Nuggets,0022400866,2025-03-02T00:00:00,DEN @ BOS,L,7.683333333333334,4.7,4.7,1.0,4.7,4.7,1.0,0.0,0.0,0.0,0.0,4.7,4.7,0.0,0.0,0.0,0.0,0.0,0.0,0.0,14.1,23.4,19.7,0,0,23.4,1,13222,1,13222,22925,15269,23691,1,2749,13992,1,13505,14344,13505,14058,11744,15604,19908,16469,12854,8263,8846,20257,17725,13880,3169,21322,2246,150,18719,1,7:41
2024-25,1629636,Darius Garland,Darius,1610612739,CLE,Cleveland Cavaliers,0022400867,2025-03-02T00:00:00,CLE vs. POR,W,39.1,3.7,14.7,0.25,1.8,6.4,0.286,2.8,3.7,0.75,0.9,0.9,1.8,6.4,1.8,0.9,0.0,0.0,3.7,3.7,12.0,-9.2,24.8,0,0,23.9,1,1,13086,1,842,17884,8997,20233,10916,9662,11433,8429,8513,8186,13827,22089,22100,4793,11360,12560,8263,8846,8155,7178,16172,17533,18440,2246,150,18373,1,39:06
2024-25,1629008,Michael Porter Jr.,Michael,1610612743,DEN,Denver Nuggets,0022400866,2025-03-02T00:00:00,DEN @ BOS,L,39.65,2.7,8.2,0.333,1.8,5.4,0.333,1.8,3.6,0.5,0.0,4.5,4.5,1.8,0.9,0.9,0.0,0.9,1.8,1.8,9.1,-10.0,19.1,0,0,19.1,1,13222,1,13222,668,20037,19986,17395,11014,12086,9209,11208,8624,10625,14058,12152,15950,17039,16330,12632,8263,8618,16106,13871,18999,17886,21604,2246,150,21366,1,39:39
2024-25,1631207,Dalen Terry,Dalen,1610612741,CHI,Chicago Bulls,0022400868,2025-03-02T00:00:00,CHI @ IND,L,18.616666666666667,1.9,9.7,0.2,0.0,3.9,0.0,0.0,0.0,0.0,0.0,1.9,1.9,1.9,1.9,0.0,0.0,0.0,1.9,0.0,3.9,-34.8,7.2,0,0,7.7,1,13222,1,13222,17095,21528,17635,21401,15070,15866,15070,13505,14344,13505,14058,19880,21941,16627,10880,12854,8263,8846,15494,17725,22621,24385,24805,2246,150,24801,1,18:37
2024-25,203484,Kentavious Caldwell-Pope,Kentavious,1610612753,ORL,Orlando Magic,0022400870,2025-03-02T00:00:00,ORL vs. TOR,L,39.13333333333333,4.6,6.4,0.714,0.9,1.8,0.5,0.9,0.9,1.0,0.0,2.8,2.8,0.9,1.8,0.9,0.0,0.0,2.8,2.8,11.0,11.0,16.7,0,0,17.5,1,13222,1,13222,834,15497,22164,2752,14901,19851,3944,13428,14300,1,14058,17531,20336,19846,11364,12566,8263,8846,11803,10108,17150,7217,22611,2246,150,22089,1,39:08
2024-25,201144,Mike Conley,Mike,1610612750,MIN,Minnesota Timberwolves,0022400873,2025-03-02T00:00:00,MIN @ PHX,W,19.866666666666667,1.8,5.4,0.333,1.8,3.6,0.5,0.0,0.0,0.0,0.0,1.8,1.8,1.8,1.8,3.6,0.0,0.0,9.1,0.0,5.4,-9.1,19.4,0,0,18.1,1,1,13086,1,16126,21734,23138,17395,11026,16384,3944,13505,14344,13505,14058,20209,22140,17049,11488,2062,8263,8846,946,17725,21771,17458,21461,2246,150,21808,1,19:52
2024-25,1629599,Amir Coffey,Amir,1610612746,LAC,LA Clippers,0022400874,2025-03-02T00:00:00,LAC @ LAL,L,22.393333333333334,0.0,0.0,0.0,0.0,0.0,0.0,4.8,6.4,0.75,0.0,4.8,4.8,4.8,0.0,1.6,0.0,0.0,3.2,3.2,4.8,6.4,22.7,0,0,17.7,1,13222,1,13222,14202,22635,24836,22635,15070,20945,15070,4308,3963,8186,14058,11359,15239,7857,16469,7958,8263,8846,9799,8509,22113,9405,19768,2246,150,21993,1,22:24
2024-25,1629638,Nickeil Alexander-Walker,Nickeil,1610612750,MIN,Minnesota Timberwolves,0022400873,2025-03-02T00:00:00,MIN @ PHX,W,25.82,0.0,8.4,0.0,0.0,4.2,0.0,0.0,0.0,0.0,0.0,2.8,2.8,8.4,1.4,4.2,1.4,1.4,1.4,1.4,0.0,15.3,31.2,0,0,22.3,1,1,13086,1,11321,22635,19694,22635,15070,15156,15070,13505,14344,13505,14058,17436,20281,2546,13310,1471,5251,5197,17647,15475,23200,5488,13879,2246,150,19485,1,25:49
2024-25,1629130,Duncan Robinson,Duncan,1610612748,MIA,Miami Heat,0022400869,2025-03-02T00:00:00,MIA vs. NYK,L,31.836666666666666,4.5,11.3,0.4,2.3,6.8,0.333,0.0,0.0,0.0,0.0,3.4,3.4,5.7,1.1,0.0,0.0,1.1,1.1,0.0,11.3,-2.3,22.7,0,0,22.6,1,13222,1,13222,6119,15705,14821,14933,9011,8935,9209,13505,14344,13505,14058,15539,18796,6138,14932,12854,8263,6787,18920,17725,16889,14182,19735,2246,150,19275,1,31:50
2024-25,1629731,Dean Wade,Dean,1610612739,CLE,Cleveland Cavaliers,0022400867,2025-03-02T00:00:00,CLE vs. POR,W,20.058333333333334,3.6,5.4,0.667,1.8,3.6,0.5,0.0,0.0,0.0,0.0,1.8,1.8,1.8,0.0,0.0,0.0,0.0,1.8,0.0,9.0,16.2,13.8,0,0,14.4,1,1,13086,1,15982,18106,23194,3281,11098,16465,3944,13505,14344,13505,14058,20254,22168,17099,16469,12854,8263,8846,16208,17725,19112,5201,23543,2246,150,23304,1,20:04
2024-25,1629614,Andrew Nembhard,Andrew,1610612754,IND,Indiana Pacers,0022400868,2025-03-02T00:00:00,IND vs. CHI,W,37.15,3.9,4.8,0.8,1.9,2.9,0.667,1.0,1.0,1.0,0.0,1.9,1.9,3.9,1.0,1.9,0.0,0.0,1.9,0.0,10.7,17.4,23.6,0,0,22.3,1,1,13086,1,1884,17390,23572,1688,10468,17851,1957,13328,14262,1,14058,19868,21937,10292,16035,6576,8263,8846,15472,17725,17508,4759,19175,2246,150,19494,1,37:09
2024-25,1629013,Landry Shamet,Landry,1610612752,NYK,New York Knicks,0022400869,2025-03-02T00:00:00,NYK @ MIA,W,14.425,5.0,10.0,0.5,2.5,7.5,0.333,0.0,0.0,0.0,0.0,0.0,0.0,0.0,2.5,0.0,0.0,0.0,5.0,0.0,12.5,-15.0,10.0,0,0,15.0,1,1,13086,1,19940,14407,17084,8526,8157,7434,9209,13505,14344,13505,14058,22137,23286,19908,8262,12854,8263,8846,4620,17725,15622,19891,24421,2246,150,23069,1,14:26
2024-25,203078,Bradley Beal,Bradley,1610612756,PHX,Phoenix Suns,0022400873,2025-03-02T00:00:00,PHX vs. MIN,L,33.49166666666667,8.6,16.1,0.533,2.1,5.4,0.4,0.0,0.0,0.0,2.1,2.1,4.3,3.2,4.3,0.0,0.0,0.0,3.2,2.1,19.3,-17.2,25.0,0,0,29.0,1,13222,1,13222,4740,5444,6940,8140,9459,12267,7874,13505,14344,13505,7758,19209,16535,12213,3332,12854,8263,8846,9759,12397,8506,20692,18254,2246,150,14683,1,33:30
2024-25,1641871,Duop Reath,Duop,1610612757,POR,Portland Trail Blazers,0022400867,2025-03-02T00:00:00,POR @ CLE,L,20.7,3.5,8.7,0.4,1.7,7.0,0.25,3.5,3.5,1.0,1.7,7.0,8.7,0.0,1.7,1.7,1.7,0.0,1.7,1.7,12.2,13.9,31.3,0,0,29.6,1,13222,1,13222,15489,18368,19200,14933,11285,8552,11902,6739,8927,1,9447,6435,7173,19908,11786,7489,4195,8846,16416,14150,15953,6045,13821,2246,150,14278,1,20:42
2024-25,201566,Russell Westbrook,Russell,1610612743,DEN,Denver Nuggets,0022400866,2025-03-02T00:00:00,DEN @ BOS,L,35.733333333333334,5.0,13.1,0.385,2.0,8.1,0.25,0.0,1.0,0.0,1.0,2.0,3.0,6.0,3.0,2.0,1.0,0.0,3.0,1.0,12.1,-3.0,30.8,0,0,29.2,1,13222,1,13222,2875,14278,11678,16070,10098,6349,11902,13505,14207,13505,13203,19615,19663,5404,6383,6186,7441,8846,10612,17373,16045,14581,14182,2246,150,14537,1,35:44
2024-25,101108,Chris Paul,Chris,1610612759,SAS,San Antonio Spurs,0022400871,2025-03-02T00:00:00,SAS vs. OKC,L,28.233333333333334,2.6,2.6,1.0,2.6,2.6,1.0,0.0,0.0,0.0,0.0,3.8,3.8,7.7,1.3,0.0,1.3,0.0,1.3,0.0,7.7,-26.8,26.3,0,0,24.2,1,13222,1,13222,9357,20368,24628,1,7969,18539,1,13505,14344,13505,14058,14247,17764,3224,13935,12854,5762,8846,18143,17725,20199,23199,17433,2246,150,18185,1,28:14
2024-25,1630208,Nick Richards,Nick,1610612756,PHX,Phoenix Suns,0022400873,2025-03-02T00:00:00,PHX vs. MIN,L,25.4,0.0,0.0,0.0,0.0,0.0,0.0,5.7,5.7,1.0,2.8,8.5,11.3,2.8,2.8,0.0,1.4,0.0,5.7,2.8,5.7,-11.3,24.9,0,0,22.7,1,13222,1,13222,11651,22635,24836,22635,15070,20945,15070,3221,4935,1,5768,4052,4100,13484,7091,12854,5160,8846,3439,9845,21613,18451,18332,2246,150,19232,1,25:24
2024-25,1641767,Ben Sheppard,Ben,1610612754,IND,Indiana Pacers,0022400868,2025-03-02T00:00:00,IND vs. CHI,W,20.616666666666667,5.2,10.5,0.5,5.2,10.5,0.5,0.0,0.0,0.0,0.0,7.0,7.0,3.5,0.0,0.0,0.0,0.0,5.2,0.0,15.7,-1.7,29.3,0,0,31.4,1,1,13086,1,15553,13702,16265,8526,2012,3003,3944,13505,14344,13505,14058,6385,10166,11404,16469,12854,8263,8846,4129,17725,12204,13892,15257,2246,150,12829,1,20:37
2024-25,1642276,Kel'el Ware,Kel'el,1610612748,MIA,Miami Heat,0022400869,2025-03-02T00:00:00,MIA vs. NYK,L,29.258333333333333,7.4,8.6,0.857,0.0,1.2,0.0,0.0,0.0,0.0,1.2,8.6,9.8,0.0,2.5,0.0,7.4,0.0,2.5,1.2,14.8,0.0,46.3,0,0,39.4,1,13222,1,13222,8446,8051,19338,1412,15070,20582,15070,13505,14344,13505,11604,3927,5616,19908,8405,12854,182,8846,12947,16239,13146,12240,4642,2246,150,7149,1,29:16
2024-25,203486,Mason Plumlee,Mason,1610612756,PHX,Phoenix Suns,0022400873,2025-03-02T00:00:00,PHX vs. MIN,L,21.016666666666666,1.7,3.4,0.5,0.0,0.0,0.0,3.4,3.4,1.0,0.0,12.0,12.0,3.4,0.0,0.0,0.0,1.7,1.7,3.4,6.9,-22.3,26.4,0,0,22.3,1,13222,1,13222,15282,21886,24335,8526,15070,20945,15070,6836,9032,1,14058,1366,3505,11613,16469,12854,8263,4109,16488,7875,20821,22150,17363,2246,150,19506,1,21:01
2024-25,1630200,Tre Jones,Tre,1610612741,CHI,Chicago Bulls,0022400868,2025-03-02T00:00:00,CHI @ IND,L,26.983333333333334,6.7,8.0,0.833,0.0,0.0,0.0,1.3,1.3,1.0,0.0,0.0,0.0,8.0,1.3,0.0,0.0,0.0,4.0,2.7,14.7,-13.3,25.3,0,0,22.7,1,13222,1,13222,10349,9760,20255,1514,15070,20945,15070,12216,13685,1,14058,22137,23286,2883,13647,12854,8263,8846,7135,10415,13219,19249,18041,2246,150,19230,1,26:59
2024-25,1628960,Grayson Allen,Grayson,1610612756,PHX,Phoenix Suns,0022400873,2025-03-02T00:00:00,PHX vs. MIN,L,14.916666666666666,2.4,9.7,0.25,2.4,9.7,0.25,4.8,4.8,1.0,0.0,4.8,4.8,2.4,2.4,0.0,4.8,0.0,0.0,7.2,12.1,0.0,33.5,0,0,31.4,1,13222,1,13222,19626,20635,17665,20233,8440,3909,11902,4300,6244,1,14058,11346,15230,14833,8598,12854,562,8846,20257,1486,16074,12240,12159,2246,150,12872,1,14:55
2024-25,1641724,Jett Howard,Jett,1610612753,ORL,Orlando Magic,0022400870,2025-03-02T00:00:00,ORL vs. TOR,L,14.113333333333333,5.1,10.2,0.5,2.6,7.7,0.333,0.0,0.0,0.0,2.6,0.0,2.6,0.0,0.0,0.0,2.6,0.0,5.1,0.0,12.8,-20.4,23.5,0,0,23.0,1,13222,1,13222,20142,14085,16725,8526,7967,7075,9209,13505,14344,13505,6472,22137,20704,19908,16469,12854,2293,8846,4376,17725,15332,21679,19276,2246,150,19061,1,14:07
2024-25,1641824,Matas Buzelis,Matas,1610612741,CHI,Chicago Bulls,0022400868,2025-03-02T00:00:00,CHI @ IND,L,30.216666666666665,9.5,19.1,0.5,2.4,7.1,0.333,0.0,0.0,0.0,2.4,4.8,7.1,3.6,1.2,1.2,1.2,1.2,2.4,1.2,21.4,-28.6,41.3,0,0,39.3,1,13222,1,13222,7573,3838,3705,8526,8544,8151,9209,13505,14344,13505,6972,11529,9859,11162,14506,10248,6231,6328,13298,16444,6694,23523,6967,2246,150,7183,1,30:13
2024-25,1629628,RJ Barrett,RJ,1610612761,TOR,Toronto Raptors,0022400870,2025-03-02T00:00:00,TOR @ ORL,W,32.78333333333333,7.7,14.3,0.538,2.2,5.5,0.4,6.6,11.0,0.6,0.0,5.5,5.5,5.5,5.5,1.1,0.0,1.1,3.3,7.7,24.2,-16.5,36.8,0,0,39.5,1,1,13086,1,5340,7295,9733,7978,9254,11969,7874,2329,1030,10343,14058,9558,13561,6446,1817,11037,8263,7056,9475,1205,4698,20436,9846,2246,150,7049,1,32:47
2024-25,1630231,KJ Martin,KJ,1610612762,UTA,Utah Jazz,0022400872,2025-03-02T00:00:00,UTA vs. NOP,L,25.885,2.8,5.6,0.5,1.4,2.8,0.5,0.0,0.0,0.0,1.4,1.4,2.8,1.4,4.2,1.4,0.0,0.0,4.2,0.0,7.0,-12.5,12.4,0,0,15.3,1,13222,1,13222,11253,19921,23035,8526,12484,18108,3944,13505,14344,13505,10791,21105,20295,18374,3547,8959,8263,8846,6631,17725,20756,18947,23926,2246,150,22957,1,25:53
2024-25,1628969,Mikal Bridges,Mikal,1610612752,NYK,New York Knicks,0022400869,2025-03-02T00:00:00,NYK @ MIA,W,28.491666666666667,2.5,13.9,0.182,1.3,7.6,0.167,0.0,0.0,0.0,1.3,3.8,5.1,10.1,0.0,0.0,0.0,1.3,0.0,1.3,6.3,-6.3,27.5,0,0,22.7,1,1,13086,1,9133,20409,10347,21891,13019,7212,14236,13505,14344,13505,11395,14351,14659,1381,16469,12854,8263,5850,20257,16071,21176,16212,16545,2246,150,19173,1,28:30
2024-25,1629659,Talen Horton-Tucker,Talen,1610612741,CHI,Chicago Bulls,0022400868,2025-03-02T00:00:00,CHI @ IND,L,14.833333333333334,7.3,14.6,0.5,0.0,2.4,0.0,0.0,0.0,0.0,0.0,7.3,7.3,2.4,0.0,2.4,4.9,0.0,4.9,0.0,14.6,29.1,48.8,0,0,38.8,1,13222,1,13222,19683,8259,9263,8526,15070,18753,15070,13505,14344,13505,14058,5855,9604,14787,16469,4603,555,8846,4940,17725,13335,2086,3703,2246,150,7496,1,14:50
2024-25,1630241,Sam Merrill,Sam,1610612739,CLE,Cleveland Cavaliers,0022400867,2025-03-02T00:00:00,CLE vs. POR,W,20.82,5.2,12.1,0.429,5.2,12.1,0.429,0.0,0.0,0.0,1.7,1.7,3.5,1.7,0.0,1.7,0.0,0.0,1.7,1.7,15.6,31.1,27.5,0,0,29.4,1,1,13086,1,15417,13852,13408,13735,2065,1731,7394,13505,14344,13505,9478,20404,18643,17284,16469,7518,8263,8846,16434,14185,12361,1816,16585,2246,150,14414,1,20:49
2024-25,1631221,Collin Gillespie,Collin,1610612756,PHX,Phoenix Suns,0022400873,2025-03-02T00:00:00,PHX vs. MIN,L,1.5833333333333333,0.0,22.7,0.0,0.0,22.7,0.0,0.0,0.0,0.0,0.0,22.7,22.7,0.0,0.0,0.0,0.0,0.0,22.7,0.0,0.0,68.2,27.3,0,0,22.7,1,13222,1,13222,25736,22635,1473,22635,15070,150,15070,13505,14344,13505,14058,106,276,19908,16469,12854,8263,8846,87,17725,23200,249,16755,2246,150,19176,1,1:35
2024-25,1631255,Karlo Matković,Karlo,1610612740,NOP,New Orleans Pelicans,0022400872,2025-03-02T00:00:00,NOP @ UTA,W,19.803333333333335,5.5,9.1,0.6,0.0,1.8,0.0,0.0,3.6,0.0,3.6,5.5,9.1,1.8,0.0,0.0,3.6,0.0,7.3,1.8,10.9,-10.9,35.4,0,0,29.1,1,1,13086,1,16173,13127,18577,5394,15070,19894,15070,13505,8619,13505,4155,9668,6600,17034,16469,12854,1126,8846,1791,13865,17262,18280,10768,2246,150,14633,1,19:48
2024-25,1627750,Jamal Murray,Jamal,1610612743,DEN,Denver Nuggets,0022400866,2025-03-02T00:00:00,DEN @ BOS,L,39.516666666666666,10.0,18.2,0.55,1.8,6.4,0.286,1.8,1.8,1.0,1.8,3.6,5.5,6.4,2.7,0.9,0.0,0.0,2.7,2.7,23.7,-2.7,39.8,0,0,39.2,1,13222,1,13222,713,3201,4440,7655,10982,9807,11433,11188,13164,1,9163,14809,13629,4886,7430,12611,8263,8846,11903,10218,4990,14424,7875,2246,150,7290,1,39:31
2024-25,1627814,Damion Lee,Damion,1610612756,PHX,Phoenix Suns,0022400873,2025-03-02T00:00:00,PHX vs. MIN,L,1.5833333333333333,0.0,22.7,0.0,0.0,22.7,0.0,0.0,0.0,0.0,0.0,22.7,22.7,0.0,22.7,0.0,0.0,0.0,0.0,0.0,0.0,68.2,4.5,0,0,22.7,1,13222,1,13222,25736,22635,1473,22635,15070,150,15070,13505,14344,13505,14058,106,276,19908,37,12854,8263,8846,20257,17725,23200,249,25042,2246,150,19176,1,1:35
2024-25,1631172,Ousmane Dieng,Ousmane,1610612760,OKC,Oklahoma City Thunder,0022400871,2025-03-02T00:00:00,OKC @ SAS,W,16.2,6.7,11.1,0.6,2.2,6.7,0.333,0.0,0.0,0.0,0.0,4.4,4.4,2.2,0.0,0.0,2.2,0.0,2.2,0.0,15.6,-2.2,30.9,0,0,28.9,1,1,13086,1,18788,9769,15174,5394,9151,9170,9209,13505,14344,13505,14058,12416,16178,15547,16469,12854,2900,8846,13994,17725,12368,14158,14134,2246,150,14790,1,16:12
2024-25,1642262,Cody Williams,Cody,1610612762,UTA,Utah Jazz,0022400872,2025-03-02T00:00:00,UTA vs. NOP,L,17.3,4.2,8.3,0.5,2.1,2.1,1.0,0.0,0.0,0.0,0.0,0.0,0.0,2.1,0.0,0.0,0.0,2.1,0.0,0.0,10.4,18.7,13.5,0,0,14.6,1,13222,1,13222,18072,16693,19757,8526,9760,19396,1,13505,14344,13505,14058,22137,23286,16061,16469,12854,8263,2969,20257,17725,17750,4335,23624,2246,150,23231,1,17:18
2024-25,1630540,Miles McBride,Miles,1610612752,NYK,New York Knicks,0022400869,2025-03-02T00:00:00,NYK @ MIA,W,30.461666666666666,4.7,11.8,0.4,3.5,8.3,0.429,1.2,2.4,0.5,0.0,2.4,2.4,2.4,1.2,0.0,0.0,0.0,2.4,1.2,14.2,13.0,19.4,0,0,22.5,1,1,13086,1,7362,15170,13910,14933,5042,5963,7394,12662,11589,10625,14058,18588,21071,15008,14569,12854,8263,8846,13378,16497,13745,6398,21465,2246,150,19390,1,30:28
2024-25,1642345,Oso Ighodaro,Oso,1610612756,PHX,Phoenix Suns,0022400873,2025-03-02T00:00:00,PHX vs. MIN,L,1.5833333333333333,0.0,0.0,0.0,0.0,0.0,0.0,0.0,0.0,0.0,0.0,0.0,0.0,22.7,0.0,0.0,0.0,0.0,0.0,0.0,0.0,68.2,34.1,0,0,22.7,1,13222,1,13222,25736,22635,24836,22635,15070,20945,15070,13505,14344,13505,14058,22137,23286,55,16469,12854,8263,8846,20257,17725,23200,249,11720,2246,150,19176,1,1:35
2024-25,1628470,Torrey Craig,Torrey,1610612738,BOS,Boston Celtics,0022400866,2025-03-02T00:00:00,BOS vs. DEN,W,6.333333333333333,0.0,11.4,0.0,0.0,5.7,0.0,5.7,11.4,0.5,5.7,11.4,17.1,0.0,0.0,0.0,0.0,0.0,5.7,5.7,5.7,-17.1,26.1,0,0,22.7,1,1,13086,1,23441,22635,14711,22635,15070,11488,15070,3196,926,10625,1819,1710,1114,19908,16469,12854,8263,8846,3414,3054,21603,20643,17520,2246,150,19176,1,6:20
2024-25,203939,Dwight Powell,Dwight,1610612742,DAL,Dallas Mavericks,0022400865,2025-03-01T00:00:00,DAL vs. MIL,L,12.316666666666666,2.9,2.9,1.0,0.0,0.0,0.0,0.0,2.9,0.0,0.0,8.8,8.8,8.8,2.9,0.0,2.9,0.0,5.8,2.9,5.8,-11.7,35.4,0,0,29.2,1,13222,1,13222,21092,19595,24515,1,15070,20945,15070,13505,10165,13505,14058,3758,7075,2209,6752,12854,1787,8846,3142,9511,21491,18616,10824,2246,150,14530,1,12:19
2024-25,1630557,Corey Kispert,Corey,1610612764,WAS,Washington Wizards,0022400860,2025-03-01T00:00:00,WAS @ CHA,W,24.976666666666667,7.2,11.5,0.625,4.3,8.6,0.5,0.0,0.0,0.0,0.0,7.2,7.2,5.8,4.3,0.0,1.4,0.0,0.0,0.0,18.7,24.5,36.0,0,0,38.9,1,1,13086,1,12027,8440,14420,4899,3345,5350,3944,13505,14344,13505,14058,5982,9725,5924,3266,12854,5069,8846,20257,17725,9096,2920,10347,2246,150,7446,1,24:59
2024-25,1630163,LaMelo Ball,LaMelo,1610612766,CHA,Charlotte Hornets,0022400860,2025-03-01T00:00:00,CHA vs. WAS,L,32.395,7.8,21.1,0.368,5.6,14.4,0.385,1.1,1.1,1.0,1.1,6.7,7.8,3.3,6.7,0.0,0.0,1.1,4.4,3.3,22.2,6.7,29.9,0,0,38.9,1,13222,1,13222,5653,7107,2265,16823,1695,813,8766,12886,14025,1,12383,6963,8660,11869,1044,12854,8263,6955,5900,8139,6063,9303,14878,2246,150,7454,1,32:24
2024-25,1630553,Keon Johnson,Keon,1610612751,BKN,Brooklyn Nets,0022400861,2025-03-01T00:00:00,BKN @ DET,L,29.816666666666666,3.6,18.1,0.2,2.4,10.9,0.222,2.4,2.4,1.0,4.8,4.8,9.7,2.4,3.6,1.2,1.2,2.4,2.4,1.2,12.1,-22.9,30.9,0,0,31.4,1,13222,1,13222,7950,18029,4547,21401,8435,2618,13288,9292,11437,1,2529,11338,5858,14829,4729,10115,6122,2186,13130,16366,16069,22319,14123,2246,150,12862,1,29:49
2024-25,1641752,Bobi Klintman,Bobi,1610612765,DET,Detroit Pistons,0022400861,2025-03-01T00:00:00,DET vs. BKN,W,2.7666666666666666,0.0,0.0,0.0,0.0,0.0,0.0,0.0,0.0,0.0,0.0,13.0,13.0,0.0,13.0,0.0,13.0,0.0,0.0,0.0,0.0,13.0,41.6,0,0,39.0,1,1,13086,1,25079,22635,24836,22635,15070,20945,15070,13505,14344,13505,14058,1006,2796,19908,167,12854,35,8846,20257,17725,23200,6389,6807,2246,150,7361,1,2:46
2024-25,203110,Draymond Green,Draymond,1610612744,GSW,Golden State Warriors,0022400864,2025-03-01T00:00:00,GSW @ PHI,L,36.105,5.0,13.0,0.385,0.0,2.0,0.0,3.0,4.0,0.75,2.0,6.0,8.0,8.0,3.0,0.0,0.0,0.0,4.0,4.0,13.0,3.0,31.5,0,0,28.9,1,13222,1,13222,2610,14431,11921,16070,15070,19570,15070,7839,7859,8186,8414,8374,8310,2912,6523,12854,8263,8846,7179,6339,15132,11127,13671,2246,150,14770,1,36:06
2024-25,1631222,Jake LaRavia,Jake,1610612758,SAC,Sacramento Kings,0022400862,2025-03-01T00:00:00,SAC @ HOU,W,16.35,4.4,13.2,0.333,2.2,8.8,0.25,0.0,0.0,0.0,2.2,6.6,8.8,2.2,0.0,0.0,0.0,2.2,2.2,0.0,11.0,4.4,24.9,0,0,24.2,1,1,13086,1,18692,16053,11463,17395,9231,5094,11902,13505,14344,13505,7577,7087,7009,15617,16469,12854,8263,2634,14081,17725,17172,10427,18367,2246,150,18192,1,16:21
2024-25,1641736,Reece Beekman,Reece,1610612751,BKN,Brooklyn Nets,0022400861,2025-03-01T00:00:00,BKN @ DET,L,26.9,1.3,6.7,0.2,0.0,2.7,0.0,1.3,2.7,0.5,0.0,1.3,1.3,1.3,1.3,4.0,0.0,0.0,2.7,4.0,4.0,-8.0,18.3,0,0,14.7,1,13222,1,13222,10417,22359,21900,21401,15070,18300,15070,12203,10797,10625,14058,21215,22774,18539,13628,1620,8263,8846,12134,6267,22548,16984,21951,2246,150,23165,1,26:54
2024-25,1642273,Kyshawn George,Kyshawn,1610612764,WAS,Washington Wizards,0022400860,2025-03-01T00:00:00,WAS @ CHA,W,34.89333333333333,3.1,10.3,0.3,2.1,7.2,0.286,0.0,0.0,0.0,1.0,3.1,4.1,8.3,3.1,2.1,1.0,1.0,2.1,1.0,8.3,9.3,31.8,0,0,28.9,1,1,13086,1,3551,19209,16528,19363,9848,8003,11433,13505,14344,13505,13017,16419,17011,2652,6143,5943,7263,7647,14794,17266,19695,8054,13493,2246,150,14791,1,34:54
2024-25,1629661,Cameron Johnson,Cameron,1610612751,BKN,Brooklyn Nets,0022400861,2025-03-01T00:00:00,BKN @ DET,L,30.216666666666665,3.6,23.8,0.15,0.0,11.9,0.0,8.3,9.5,0.875,1.2,3.6,4.8,0.0,3.6,1.2,0.0,7.1,2.4,6.0,15.5,-20.3,21.2,0,0,22.6,1,13222,1,13222,7573,18144,1110,22259,15070,1825,15070,1260,1584,6931,11859,15018,15386,19908,4831,10248,8263,146,13298,2680,12431,21625,20594,2246,150,19252,1,30:13
2024-25,1631165,Keon Ellis,Keon,1610612758,SAC,Sacramento Kings,0022400862,2025-03-01T00:00:00,SAC @ HOU,W,27.366666666666667,5.3,6.6,0.8,1.3,2.6,0.5,3.9,3.9,1.0,1.3,5.3,6.6,0.0,1.3,6.6,1.3,0.0,5.3,2.6,15.8,-2.6,46.0,0,0,39.5,1,1,13086,1,10046,13636,22033,1688,12802,18393,3944,5805,7955,1,11125,10122,11004,19908,13737,357,5584,8846,4082,10540,12134,14375,4730,2246,150,7092,1,27:22
2024-25,1630205,Lamar Stevens,Lamar,1610612763,MEM,Memphis Grizzlies,0022400863,2025-03-01T00:00:00,MEM vs. SAS,L,15.833333333333334,4.5,13.6,0.333,0.0,4.5,0.0,4.5,4.5,1.0,2.3,6.8,9.1,0.0,0.0,0.0,0.0,2.3,2.3,2.3,13.6,13.6,24.6,0,0,22.7,1,13222,1,13222,19040,15628,10751,17395,15070,14324,15070,4757,6751,1,7332,6677,6592,19908,16469,12854,8263,2491,13756,11848,14335,6151,18566,2246,150,19176,1,15:50
2024-25,1631204,Marcus Sasser,Marcus,1610612765,DET,Detroit Pistons,0022400861,2025-03-01T00:00:00,DET vs. BKN,W,4.45,0.0,0.0,0.0,0.0,0.0,0.0,16.2,16.2,1.0,0.0,0.0,0.0,8.1,0.0,0.0,0.0,0.0,16.2,8.1,16.2,0.0,28.3,0,0,24.3,1,1,13086,1,24257,22635,24836,22635,15070,20945,15070,137,269,1,14058,22137,23286,2792,16469,12854,8263,8846,203,972,11745,12240,15981,2246,150,18155,1,4:27
2024-25,1630592,Jalen Wilson,Jalen,1610612751,BKN,Brooklyn Nets,0022400861,2025-03-01T00:00:00,BKN @ DET,L,25.816666666666666,4.2,7.0,0.6,1.4,2.8,0.5,9.8,11.2,0.875,0.0,4.2,4.2,4.2,0.0,0.0,0.0,0.0,2.8,5.6,19.5,12.6,30.8,0,0,29.3,1,13222,1,13222,11322,16638,21594,5394,12470,18080,3944,766,981,6931,14058,13154,16845,9430,16469,12854,8263,8846,11688,3220,8347,6584,14191,2246,150,14490,1,25:49
2024-25,203084,Harrison Barnes,Harrison,1610612759,SAS,San Antonio Spurs,0022400863,2025-03-01T00:00:00,SAS @ MEM,W,17.75,4.1,10.1,0.4,2.0,6.1,0.333,0.0,0.0,0.0,0.0,0.0,0.0,2.0,2.0,0.0,0.0,2.0,0.0,0.0,10.1,-22.3,11.2,0,0,14.2,1,1,13086,1,17741,16959,16838,14933,10023,10478,9209,13505,14344,13505,14058,22137,23286,16273,10378,12854,8263,3134,20257,17725,18012,22166,24208,2246,150,23362,1,17:45
2024-25,1642259,Alex Sarr,Alex,1610612764,WAS,Washington Wizards,0022400860,2025-03-01T00:00:00,WAS @ CHA,W,25.666666666666668,5.6,15.4,0.364,2.8,9.8,0.286,0.0,0.0,0.0,1.4,2.8,4.2,2.8,1.4,2.8,0.0,0.0,1.4,0.0,14.0,4.2,30.3,0,0,29.5,1,1,13086,1,11427,12673,7920,16861,7194,3702,11433,13505,14344,13505,10736,17385,16780,13571,13270,3674,8263,8846,17611,17725,13906,10537,14580,2246,150,14363,1,25:40
2024-25,1627752,Taurean Prince,Taurean,1610612749,MIL,Milwaukee Bucks,0022400865,2025-03-01T00:00:00,MIL @ DAL,W,30.95,3.5,9.3,0.375,2.3,7.0,0.333,1.2,1.2,1.0,1.2,7.0,8.1,5.8,0.0,0.0,1.2,0.0,4.7,1.2,10.5,17.4,32.5,0,0,29.1,1,1,13086,1,6918,18349,18268,16299,8758,8501,9209,12717,13948,1,12029,6394,8021,5828,16469,12854,6404,8846,5407,16582,17692,4756,12983,2246,150,14640,1,30:57
2024-25,1628415,Dillon Brooks,Dillon,1610612745,HOU,Houston Rockets,0022400862,2025-03-01T00:00:00,HOU vs. SAC,L,30.483333333333334,4.7,15.4,0.308,2.4,9.4,0.25,2.4,2.4,1.0,1.2,0.0,1.2,0.0,2.4,2.4,0.0,0.0,2.4,3.5,14.2,-16.5,20.3,0,0,22.4,1,13222,1,13222,7334,15184,8031,19226,8625,4188,11902,9420,11594,1,11925,22137,22969,19908,8809,4827,8263,8846,13390,7556,13762,20456,21019,2246,150,19400,1,30:29
2024-25,1630194,Paul Reed,Paul,1610612765,DET,Detroit Pistons,0022400861,2025-03-01T00:00:00,DET vs. BKN,W,3.65,0.0,0.0,0.0,0.0,0.0,0.0,19.7,19.7,1.0,0.0,19.7,19.7,0.0,19.7,0.0,0.0,0.0,0.0,9.9,19.7,9.9,23.7,0,0,39.5,1,1,13086,1,24649,22635,24836,22635,15070,20945,15070,76,143,1,14058,185,576,19908,53,12854,8263,8846,20257,440,8140,7757,19164,2246,150,7098,1,3:39
2024-25,1630590,Scotty Pippen Jr.,Scotty,1610612763,MEM,Memphis Grizzlies,0022400863,2025-03-01T00:00:00,MEM vs. SAS,L,28.248333333333335,6.4,15.3,0.417,1.3,7.6,0.167,1.3,1.3,1.0,1.3,3.8,5.1,8.9,2.5,1.3,0.0,0.0,5.1,2.5,15.3,-7.6,36.1,0,0,33.1,1,13222,1,13222,9352,10504,8122,14532,12966,7087,14236,12368,13769,1,11331,14252,14527,2089,8048,9613,8263,8846,4380,10805,12621,16808,10319,2246,150,11547,1,28:15
2024-25,1641709,Ausar Thompson,Ausar,1610612765,DET,Detroit Pistons,0022400861,2025-03-01T00:00:00,DET vs. BKN,W,22.583333333333332,9.6,14.3,0.667,0.0,0.0,0.0,1.6,3.2,0.5,1.6,6.4,8.0,4.8,1.6,0.0,1.6,4.8,4.8,1.6,20.7,31.9,40.6,0,0,36.7,1,1,13086,1,14045,3787,9626,3281,15070,20945,15070,11612,9541,10625,9948,7547,8320,7968,12356,12854,4573,417,5101,14653,7300,1750,7362,2246,150,8940,1,22:35
2024-25,1630230,Naji Marshall,Naji,1610612742,DAL,Dallas Mavericks,0022400865,2025-03-01T00:00:00,DAL vs. MIL,L,29.5,3.7,8.5,0.429,0.0,4.9,0.0,1.2,1.2,1.0,1.2,3.7,4.9,4.9,3.7,4.9,0.0,0.0,1.2,1.2,8.5,-3.7,32.7,0,0,28.1,1,13222,1,13222,8222,17937,19427,13735,15070,13491,15070,12530,13855,1,11659,14751,15106,7731,4648,976,8263,8846,18422,16296,19475,14875,12796,2246,150,15381,1,29:30
2024-25,1629640,Keldon Johnson,Keldon,1610612759,SAS,San Antonio Spurs,0022400863,2025-03-01T00:00:00,SAS @ MEM,W,30.25,7.1,15.5,0.462,2.4,3.6,0.667,1.2,4.8,0.25,3.6,3.6,7.1,1.2,0.0,1.2,1.2,0.0,1.2,3.6,17.9,15.5,35.3,0,0,33.3,1,1,13086,1,7548,8602,7868,12428,8553,16509,1957,12626,6374,13358,4265,15022,9874,19048,16469,10259,6240,8846,18586,7476,9967,5444,10836,2246,150,11386,1,30:15
2024-25,1630224,Jalen Green,Jalen,1610612745,HOU,Houston Rockets,0022400862,2025-03-01T00:00:00,HOU vs. SAC,L,36.93333333333333,8.8,19.5,0.45,3.9,9.7,0.4,1.9,1.9,1.0,1.0,1.0,1.9,1.9,1.9,1.0,0.0,1.9,1.9,1.0,23.4,-3.9,29.6,0,0,33.1,1,13222,1,13222,2028,5133,3346,12982,4198,3788,7874,10803,12860,1,13460,22011,21906,16561,10782,12172,8263,3384,15407,17476,5210,15012,15064,2246,150,11538,1,36:56
2024-25,1641842,Ronald Holland II,Ronald,1610612765,DET,Detroit Pistons,0022400861,2025-03-01T00:00:00,DET vs. BKN,W,15.633333333333333,9.2,9.2,1.0,0.0,0.0,0.0,4.6,4.6,1.0,0.0,4.6,4.6,4.6,2.3,2.3,0.0,0.0,2.3,2.3,23.0,-16.1,40.1,0,0,36.8,1,1,13086,1,19175,4338,18385,1,15070,20945,15070,4669,6645,1,14058,11964,15796,8397,9055,5027,8263,8846,13631,11728,5459,20296,7716,2246,150,8818,1,15:38
2024-25,201572,Brook Lopez,Brook,1610612749,MIL,Milwaukee Bucks,0022400865,2025-03-01T00:00:00,MIL @ DAL,W,29.4,7.3,12.2,0.6,1.2,3.7,0.333,0.0,0.0,0.0,4.9,2.4,7.3,3.7,0.0,0.0,2.4,0.0,2.4,0.0,15.9,24.5,37.6,0,0,33.1,1,1,13086,1,8307,8128,13180,5394,13239,16279,9209,13505,14344,13505,2461,18328,9478,10868,16469,12854,2468,8846,12985,17725,12003,2924,9290,2246,150,11610,1,29:24
2024-25,203471,Dennis Schröder,Dennis,1610612765,DET,Detroit Pistons,0022400861,2025-03-01T00:00:00,DET vs. BKN,W,18.3,5.9,9.8,0.6,2.0,5.9,0.333,0.0,0.0,0.0,0.0,3.9,3.9,9.8,3.9,0.0,2.0,0.0,3.9,3.9,13.8,0.0,35.2,0,0,33.4,1,1,13086,1,17361,11803,17342,5394,10308,10937,9209,13505,14344,13505,14058,13929,17481,1515,4008,12854,3573,8846,7330,6474,14201,12240,10922,2246,150,11285,1,18:18
2024-25,1630549,Day'Ron Sharpe,Day'Ron,1610612751,BKN,Brooklyn Nets,0022400861,2025-03-01T00:00:00,BKN @ DET,L,19.316666666666666,3.7,11.2,0.333,0.0,1.9,0.0,0.0,0.0,0.0,3.7,5.6,9.3,11.2,3.7,7.5,1.9,0.0,11.2,1.9,7.5,3.7,59.6,0,0,46.6,1,13222,1,13222,16563,17756,15053,17395,15070,19806,15070,13505,14344,13505,3999,9323,6295,941,4492,253,3891,8846,519,13676,20360,10790,1233,2246,150,3633,1,19:19
2024-25,202691,Klay Thompson,Klay,1610612742,DAL,Dallas Mavericks,0022400865,2025-03-01T00:00:00,DAL vs. MIL,L,28.56,6.3,17.6,0.357,5.0,11.3,0.444,2.5,2.5,1.0,0.0,2.5,2.5,6.3,2.5,1.3,0.0,2.5,2.5,1.3,20.2,1.3,33.9,0,0,36.6,1,13222,1,13222,9070,10706,5074,17140,2220,2223,7211,8989,11157,1,14058,18131,20764,5013,8154,9719,8263,2007,12705,16082,7771,11970,11884,2246,150,9011,1,28:34
2024-25,1642377,Jaylen Wells,Jaylen,1610612763,MEM,Memphis Grizzlies,0022400863,2025-03-01T00:00:00,MEM vs. SAS,L,38.61833333333333,6.5,13.1,0.5,3.7,9.3,0.4,0.0,0.0,0.0,0.0,1.9,1.9,2.8,0.0,0.0,0.0,0.9,0.9,3.7,16.8,5.6,23.2,0,0,25.2,1,13222,1,13222,1052,10126,11777,8526,4632,4350,7874,13505,14344,13505,14058,20067,22060,13596,16469,12854,8263,8477,20063,7060,11099,9798,19429,2246,150,17542,1,38:37
2024-25,203081,Damian Lillard,Damian,1610612749,MIL,Milwaukee Bucks,0022400865,2025-03-01T00:00:00,MIL @ DAL,W,35.6,8.1,17.2,0.471,4.0,12.1,0.333,8.1,8.1,1.0,0.0,6.1,6.1,6.1,3.0,2.0,0.0,0.0,1.0,4.0,28.3,22.2,47.7,0,0,48.5,1,1,13086,1,2992,6440,5584,12143,3899,1705,9209,1367,2453,1,14058,8181,12120,5366,6338,6144,8263,8846,19635,6184,2666,3412,4064,2246,150,2975,1,35:36
2024-25,1629018,Gary Trent Jr.,Gary,1610612749,MIL,Milwaukee Bucks,0022400865,2025-03-01T00:00:00,MIL @ DAL,W,30.366666666666667,8.3,19.0,0.438,4.7,14.2,0.333,2.4,2.4,1.0,3.6,2.4,5.9,2.4,1.2,0.0,0.0,0.0,2.4,2.4,23.7,4.7,33.2,0,0,36.8,1,1,13086,1,7443,5983,3780,13558,2654,867,9209,9404,11567,1,4294,18569,12459,14978,14546,12854,8263,8846,13343,11461,4975,10259,12431,2246,150,8880,1,30:22
2024-25,203935,Marcus Smart,Marcus,1610612764,WAS,Washington Wizards,0022400860,2025-03-01T00:00:00,WAS @ CHA,W,20.283333333333335,8.9,16.0,0.556,3.5,8.9,0.4,0.0,0.0,0.0,1.8,1.8,3.5,1.8,3.5,3.5,0.0,0.0,3.5,1.8,21.3,3.5,35.3,0,0,37.3,1,1,13086,1,15795,4926,7148,7248,5032,4996,7874,13505,14344,13505,9336,20308,18447,17156,4909,2175,8263,8846,8604,14022,6827,10876,10857,2246,150,8528,1,20:17
2024-25,1629022,Lonnie Walker IV,Lonnie,1610612755,PHI,Philadelphia 76ers,0022400864,2025-03-01T00:00:00,PHI vs. GSW,W,5.656666666666666,6.4,12.7,0.5,6.4,6.4,1.0,0.0,0.0,0.0,0.0,0.0,0.0,0.0,6.4,0.0,0.0,0.0,0.0,0.0,19.1,31.8,12.7,0,0,25.5,1,1,13086,1,23719,10530,12336,8526,1077,9836,1,13505,14344,13505,14058,22137,23286,19908,1193,12854,8263,8846,20257,17725,8768,1757,23837,2246,150,17313,1,5:39
2024-25,1627734,Domantas Sabonis,Domantas,1610612758,SAC,Sacramento Kings,0022400862,2025-03-01T00:00:00,SAC @ HOU,W,1.2666666666666666,0.0,0.0,0.0,0.0,0.0,0.0,28.4,56.8,0.5,0.0,0.0,0.0,0.0,0.0,0.0,0.0,0.0,0.0,28.4,28.4,28.4,28.4,0,0,28.4,1,1,13086,1,25930,22635,24836,22635,15070,20945,15070,36,10,10625,14058,22137,23286,19908,16469,12854,8263,8846,20257,10,2620,2196,15923,2246,150,15129,1,1:16
2024-25,1631109,Mark Williams,Mark,1610612766,CHA,Charlotte Hornets,0022400860,2025-03-01T00:00:00,CHA vs. WAS,L,34.281666666666666,11.6,14.7,0.786,0.0,0.0,0.0,2.1,2.1,1.0,2.1,10.5,12.6,3.2,3.2,1.1,2.1,1.1,3.2,2.1,25.2,-6.3,51.4,1,0,47.3,1,13222,1,13222,4040,1836,9053,1975,15070,20945,15070,10291,12419,1,7948,2228,3063,12477,5982,11492,3207,7489,10084,12607,4119,16205,2880,1,150,3385,1,34:17
2024-25,1630182,Josh Green,Josh,1610612766,CHA,Charlotte Hornets,0022400860,2025-03-01T00:00:00,CHA vs. WAS,L,32.15,5.6,11.2,0.5,3.4,6.7,0.5,0.0,2.2,0.0,2.2,2.2,4.5,5.6,0.0,3.4,1.1,1.1,2.2,1.1,14.6,-11.2,41.8,0,0,37.0,1,13222,1,13222,5846,12706,15025,8526,5489,9076,3944,13505,11969,13505,7459,18953,16099,6252,16469,2460,6673,6878,13929,16824,13343,18403,6743,2246,150,8758,1,32:09
2024-25,1627736,Malik Beasley,Malik,1610612765,DET,Detroit Pistons,0022400861,2025-03-01T00:00:00,DET vs. BKN,W,23.716666666666665,9.1,15.2,0.6,7.6,12.1,0.625,1.5,3.0,0.5,0.0,0.0,0.0,1.5,3.0,0.0,0.0,1.5,0.0,1.5,27.3,6.1,26.6,0,0,36.4,1,1,13086,1,13138,4518,8292,5394,565,1703,2868,11758,9887,10625,14058,22137,23286,17909,6331,12854,8263,4702,20257,14929,3060,9582,17243,2246,150,9081,1,23:43
2024-25,1641731,Bilal Coulibaly,Bilal,1610612764,WAS,Washington Wizards,0022400860,2025-03-01T00:00:00,WAS @ CHA,W,33.60666666666667,6.4,19.3,0.333,3.2,11.8,0.273,2.1,2.1,1.0,3.2,4.3,7.5,3.2,1.1,1.1,1.1,2.1,1.1,2.1,18.2,6.4,37.4,0,0,36.4,1,1,13086,1,4637,10372,3521,17395,5920,1908,11838,10157,12281,1,4915,12850,9176,12251,15329,11267,6977,2797,19265,12430,9619,9408,9417,2246,150,9087,1,33:36
2024-25,1627741,Buddy Hield,Buddy,1610612744,GSW,Golden State Warriors,0022400864,2025-03-01T00:00:00,GSW @ PHI,L,16.58,6.5,19.5,0.333,0.0,13.0,0.0,0.0,0.0,0.0,4.3,0.0,4.3,6.5,6.5,2.2,0.0,0.0,0.0,0.0,13.0,6.5,28.0,0,0,28.2,1,13222,1,13222,18548,10159,3316,17395,15070,1287,15070,13505,14344,13505,3116,22137,16429,4689,1124,5507,8263,8846,20257,17725,15062,9371,16229,2246,150,15273,1,16:35
2024-25,1626158,Richaun Holmes,Richaun,1610612764,WAS,Washington Wizards,0022400860,2025-03-01T00:00:00,WAS @ CHA,W,22.333333333333332,8.1,9.7,0.833,0.0,0.0,0.0,8.1,8.1,1.0,1.6,12.9,14.5,4.8,1.6,1.6,0.0,0.0,3.2,4.8,24.2,16.1,52.1,0,0,46.7,1,1,13086,1,14245,6502,17625,1514,15070,20945,15070,1381,2478,1,9875,1049,1992,7823,12289,7941,8263,8846,9761,4422,4689,5208,2690,2246,150,3570,1,22:20
2024-25,1629651,Nic Claxton,Nic,1610612751,BKN,Brooklyn Nets,0022400861,2025-03-01T00:00:00,BKN @ DET,L,24.233333333333334,4.5,13.4,0.333,0.0,0.0,0.0,4.5,5.9,0.75,4.5,4.5,8.9,3.0,1.5,0.0,7.4,3.0,4.5,7.4,13.4,-34.2,49.3,0,0,40.1,1,13222,1,13222,12695,15908,11190,17395,15070,20945,15070,4899,4556,8186,2974,12385,6871,13022,12816,12854,175,1375,5874,1364,14659,24328,3495,2246,150,6719,1,24:14
2024-25,1630579,Jericho Sims,Jericho,1610612749,MIL,Milwaukee Bucks,0022400865,2025-03-01T00:00:00,MIL @ DAL,W,18.6,5.8,5.8,1.0,0.0,0.0,0.0,0.0,0.0,0.0,3.9,11.6,15.5,3.9,5.8,0.0,1.9,0.0,1.9,0.0,11.6,-9.7,36.0,0,0,34.8,1,1,13086,1,17106,12100,22805,1,15070,20945,15070,13505,14344,13505,3778,1555,1580,10306,1552,12854,3667,8846,15484,17725,16560,17749,10366,2246,150,10198,1,18:36
2024-25,1630322,Lindy Waters III,Lindy,1610612765,DET,Detroit Pistons,0022400861,2025-03-01T00:00:00,DET vs. BKN,W,4.216666666666667,0.0,8.5,0.0,0.0,8.5,0.0,0.0,0.0,0.0,0.0,0.0,0.0,0.0,0.0,0.0,0.0,0.0,8.5,0.0,0.0,17.1,0.0,0,0,0.0,1,1,13086,1,24368,22635,19432,22635,15070,5516,15070,13505,14344,13505,14058,22137,23286,19908,16469,12854,8263,8846,1122,17725,23200,4879,25228,2246,150,25259,1,4:13
2024-25,1631323,Simone Fontecchio,Simone,1610612765,DET,Detroit Pistons,0022400861,2025-03-01T00:00:00,DET vs. BKN,W,14.033333333333333,0.0,5.1,0.0,0.0,5.1,0.0,0.0,0.0,0.0,2.6,5.1,7.7,7.7,2.6,2.6,0.0,0.0,5.1,2.6,0.0,-18.0,25.9,0,0,20.5,1,1,13086,1,20182,22635,23371,22635,15070,12874,15070,13505,14344,13505,6439,10475,8810,3189,7998,4212,8263,8846,4317,10744,23200,20918,17680,2246,150,20563,1,14:02
2024-25,1642285,Cam Spencer,Cam,1610612763,MEM,Memphis Grizzlies,0022400863,2025-03-01T00:00:00,MEM vs. SAS,L,5.05,0.0,7.1,0.0,0.0,0.0,0.0,0.0,0.0,0.0,0.0,0.0,0.0,0.0,0.0,0.0,0.0,0.0,7.1,0.0,0.0,-106.9,0.0,0,0,0.0,1,13222,1,13222,23973,22635,21403,22635,15070,20945,15070,13505,14344,13505,14058,22137,23286,19908,16469,12854,8263,8846,1870,17725,23200,26182,25228,2246,150,25259,1,5:03
2024-25,1630311,Pat Spencer,Pat,1610612744,GSW,Golden State Warriors,0022400864,2025-03-01T00:00:00,GSW @ PHI,L,3.3333333333333335,0.0,21.6,0.0,0.0,10.8,0.0,0.0,0.0,0.0,0.0,10.8,10.8,0.0,0.0,0.0,0.0,0.0,0.0,0.0,0.0,-97.2,13.0,0,0,10.8,1,13222,1,13222,24839,22635,1986,22635,15070,2675,15070,13505,14344,13505,14058,2018,4594,19908,16469,12854,8263,8846,20257,17725,23200,26129,23780,2246,150,24265,1,3:20
2024-25,1629610,DaQuan Jeffries,DaQuan,1610612766,CHA,Charlotte Hornets,0022400860,2025-03-01T00:00:00,CHA vs. WAS,L,11.186666666666667,3.2,9.7,0.333,0.0,6.4,0.0,0.0,0.0,0.0,0.0,3.2,3.2,3.2,3.2,0.0,0.0,0.0,6.4,0.0,6.4,-41.8,11.9,0,0,12.9,1,13222,1,13222,21628,18954,17663,17395,15070,9679,15070,13505,14344,13505,14058,16031,19181,12234,5771,12854,8263,8846,2460,17725,21099,24966,24031,2246,150,23751,1,11:11
2024-25,1628995,Kevin Knox II,Kevin,1610612744,GSW,Golden State Warriors,0022400864,2025-03-01T00:00:00,GSW @ PHI,L,7.405,0.0,9.7,0.0,0.0,4.9,0.0,4.9,9.7,0.5,4.9,0.0,4.9,0.0,0.0,0.0,0.0,0.0,0.0,4.9,4.9,-68.1,10.7,0,0,9.7,1,13222,1,13222,23031,22635,17530,22635,15070,13529,15070,4249,1497,10625,2493,22137,15155,19908,16469,12854,8263,8846,20257,4368,22086,25849,24300,2246,150,24483,1,7:24
2024-25,1642348,Justin Edwards,Justin,1610612755,PHI,Philadelphia 76ers,0022400864,2025-03-01T00:00:00,PHI vs. GSW,W,15.7,4.6,6.9,0.667,0.0,2.3,0.0,0.0,0.0,0.0,0.0,2.3,2.3,0.0,0.0,0.0,0.0,0.0,9.2,2.3,9.2,-2.3,11.9,0,0,11.5,1,1,13086,1,19130,15534,21698,3281,15070,18998,15070,13505,14344,13505,14058,18781,21213,19908,16469,12854,8263,8846,906,11777,18916,14203,24024,2246,150,24123,1,15:42
2024-25,1629667,Jalen McDaniels,Jalen,1610612764,WAS,Washington Wizards,0022400860,2025-03-01T00:00:00,WAS @ CHA,W,0.6116666666666667,0.0,0.0,0.0,0.0,0.0,0.0,0.0,0.0,0.0,0.0,0.0,0.0,0.0,0.0,0.0,0.0,0.0,0.0,0.0,0.0,-117.7,0.0,0,0,0.0,1,1,13086,1,26179,22635,24836,22635,15070,20945,15070,13505,14344,13505,14058,22137,23286,19908,16469,12854,8263,8846,20257,17725,23200,26221,25228,2246,150,25259,1,0:37
2024-25,1629723,John Konchar,John,1610612763,MEM,Memphis Grizzlies,0022400863,2025-03-01T00:00:00,MEM vs. SAS,L,16.648333333333333,0.0,6.5,0.0,0.0,6.5,0.0,0.0,0.0,0.0,0.0,6.5,6.5,4.3,4.3,2.2,2.2,0.0,0.0,0.0,0.0,19.5,22.9,0,0,19.5,1,13222,1,13222,18509,22635,22129,22635,15070,9574,15070,13505,14344,13505,14058,7335,11202,9068,3263,5537,3038,8846,20257,17725,23200,4120,19610,2246,150,21171,1,16:39
2024-25,1631106,Tari Eason,Tari,1610612745,HOU,Houston Rockets,0022400862,2025-03-01T00:00:00,HOU vs. SAC,L,22.566666666666666,8.0,12.8,0.625,4.8,8.0,0.6,1.6,1.6,1.0,1.6,4.8,6.4,3.2,3.2,1.6,0.0,1.6,6.4,1.6,22.3,0.0,36.4,0,0,39.9,1,13222,1,13222,14063,6676,12280,4899,2586,6481,2992,11605,13397,1,9942,11473,11442,12351,5849,8001,8263,4446,2514,14648,5981,12240,10102,2246,150,6845,1,22:34
2024-25,202681,Kyrie Irving,Kyrie,1610612742,DAL,Dallas Mavericks,0022400865,2025-03-01T00:00:00,DAL vs. MIL,L,38.43333333333333,8.4,21.5,0.391,1.9,8.4,0.222,10.3,10.3,1.0,3.7,0.9,4.7,2.8,1.9,0.9,0.0,0.9,0.9,5.6,29.0,-10.3,39.8,0,0,40.3,1,13222,1,13222,1144,5745,2010,15984,10763,5699,13288,618,1256,1,3970,22074,15613,13553,11193,12465,8263,8442,20040,3166,2413,18031,7877,2246,150,6627,1,38:26
2024-25,203957,Danté Exum,Danté,1610612742,DAL,Dallas Mavericks,0022400865,2025-03-01T00:00:00,DAL vs. MIL,L,11.328333333333333,3.2,9.5,0.333,0.0,0.0,0.0,6.4,6.4,1.0,0.0,3.2,3.2,0.0,3.2,0.0,0.0,3.2,12.7,3.2,12.7,-6.4,13.3,0,0,15.9,1,13222,1,13222,21573,19039,17885,17395,15070,20945,15070,2538,4059,1,14058,16167,19292,19908,5884,12854,8263,1169,362,8637,15381,16226,23677,2246,150,22754,1,11:20
2024-25,1626162,Kelly Oubre Jr.,Kelly,1610612755,PHI,Philadelphia 76ers,0022400864,2025-03-01T00:00:00,PHI vs. GSW,W,41.74,5.2,11.2,0.462,2.6,5.2,0.5,4.3,6.0,0.714,0.9,0.9,1.7,0.9,1.7,0.9,0.9,1.7,1.7,3.4,17.2,0.9,24.1,0,0,25.9,1,1,13086,1,279,13882,15007,12428,7868,12762,3944,5127,4421,9244,13982,22121,22269,19884,11822,12769,8169,4082,16447,7807,10577,12226,18906,2246,150,17024,1,41:44
2024-25,1641721,Maxwell Lewis,Maxwell,1610612751,BKN,Brooklyn Nets,0022400861,2025-03-01T00:00:00,BKN @ DET,L,9.55,3.8,15.1,0.25,3.8,7.5,0.5,0.0,0.0,0.0,3.8,7.5,11.3,0.0,0.0,0.0,0.0,3.8,7.5,0.0,11.3,-37.7,24.9,0,0,26.4,1,13222,1,13222,22263,17647,8468,20233,4526,7302,3944,13505,14344,13505,3929,5428,4134,19908,16469,12854,8263,753,1608,17725,16882,24671,18369,2246,150,16632,1,9:33
2024-25,1631099,Keegan Murray,Keegan,1610612758,SAC,Sacramento Kings,0022400862,2025-03-01T00:00:00,SAC @ HOU,W,33.35,5.4,11.9,0.455,2.2,6.5,0.333,1.1,1.1,1.0,1.1,4.3,5.4,2.2,0.0,1.1,0.0,0.0,1.1,1.1,14.0,3.2,27.0,0,0,25.9,1,1,13086,1,4857,13282,13816,12676,9399,9597,9209,12972,14072,1,12641,12749,13821,15771,16469,11197,8263,8846,19217,17006,13900,10997,16960,2246,150,17001,1,33:21
2024-25,1630201,Malachi Flynn,Malachi,1610612766,CHA,Charlotte Hornets,0022400860,2025-03-01T00:00:00,CHA vs. WAS,L,8.45,4.3,4.3,1.0,0.0,0.0,0.0,0.0,0.0,0.0,0.0,0.0,0.0,8.5,8.5,0.0,0.0,0.0,0.0,0.0,8.5,-8.5,12.8,0,0,17.0,1,13222,1,13222,22644,16425,23954,1,15070,20945,15070,13505,14344,13505,14058,22137,23286,2406,502,12854,8263,8846,20257,17725,19499,17194,23828,2246,150,22289,1,8:27
2024-25,1630170,Devin Vassell,Devin,1610612759,SAS,San Antonio Spurs,0022400863,2025-03-01T00:00:00,SAS @ MEM,W,33.13333333333333,9.8,20.6,0.474,2.2,9.8,0.222,0.0,1.1,0.0,0.0,6.5,6.5,3.3,1.1,1.1,1.1,1.1,3.3,0.0,21.7,-22.8,39.9,0,0,38.0,1,1,13086,1,5043,3504,2547,12072,9347,3748,13288,13505,14057,13505,14058,7266,11133,12117,15226,11131,6883,7175,9618,17725,6440,22292,7838,2246,150,8011,1,33:08
2024-25,1630541,Moses Moody,Moses,1610612744,GSW,Golden State Warriors,0022400864,2025-03-01T00:00:00,GSW @ PHI,L,38.016666666666666,2.8,7.6,0.375,1.9,3.8,0.5,1.9,2.8,0.667,0.0,1.9,1.9,0.0,0.0,0.9,0.9,0.9,0.9,2.8,9.5,-9.5,17.4,0,0,17.0,1,13222,1,13222,1375,19790,20826,16299,10659,16022,3944,10977,10386,9425,14058,19993,22010,19908,16469,12373,7848,8364,19980,9817,18669,17654,22325,2246,150,22288,1,38:01
2024-25,1628398,Kyle Kuzma,Kyle,1610612749,MIL,Milwaukee Bucks,0022400865,2025-03-01T00:00:00,MIL @ DAL,W,31.916666666666668,4.5,11.3,0.4,1.1,2.3,0.5,1.1,2.3,0.5,1.1,7.9,9.0,2.3,3.4,1.1,0.0,0.0,2.3,1.1,11.3,6.8,25.5,0,0,25.9,1,1,13086,1,6045,15742,14867,14933,13781,19072,3944,12825,11914,10625,12275,4870,6694,15410,5273,10790,8263,8846,13844,16780,16911,9258,17943,2246,150,16984,1,31:55
2024-25,1628970,Miles Bridges,Miles,1610612766,CHA,Charlotte Hornets,0022400860,2025-03-01T00:00:00,CHA vs. WAS,L,35.51833333333333,7.1,16.2,0.438,3.0,6.1,0.5,1.0,1.0,1.0,4.1,3.0,7.1,7.1,2.0,0.0,1.0,2.0,1.0,1.0,18.2,-19.3,38.4,0,0,37.5,1,13222,1,13222,3053,8715,6809,13558,6376,10492,3944,13201,14197,1,3520,16587,9966,3891,10388,12854,7399,3139,19624,17341,9581,21330,8765,2246,150,8362,1,35:31
2024-25,203083,Andre Drummond,Andre,1610612755,PHI,Philadelphia 76ers,0022400864,2025-03-01T00:00:00,PHI vs. GSW,W,20.85,5.2,8.6,0.6,0.0,1.7,0.0,6.9,10.4,0.667,8.6,15.5,24.2,3.5,3.5,0.0,0.0,0.0,6.9,5.2,17.3,5.2,48.0,1,0,44.9,1,1,13086,1,15397,13867,19294,5394,15070,20012,15070,2068,1233,9425,632,485,216,11540,5114,12854,8263,8846,2052,3799,10556,10014,3983,1,150,4317,1,20:51
2024-25,203915,Spencer Dinwiddie,Spencer,1610612742,DAL,Dallas Mavericks,0022400865,2025-03-01T00:00:00,DAL vs. MIL,L,20.466666666666665,8.8,15.8,0.556,0.0,5.3,0.0,3.5,8.8,0.4,0.0,0.0,0.0,5.3,1.8,0.0,0.0,0.0,3.5,8.8,21.1,-24.6,27.3,0,0,26.4,1,13222,1,13222,15662,5093,7376,7248,15070,12532,15070,6671,1993,13061,14058,22137,23286,6875,11705,12854,8263,8846,8700,721,6989,22727,16769,2246,150,16635,1,20:28
2024-25,1641878,Damion Baugh,Damion,1610612766,CHA,Charlotte Hornets,0022400860,2025-03-01T00:00:00,CHA vs. WAS,L,19.785,3.6,10.9,0.333,1.8,7.3,0.25,0.0,0.0,0.0,3.6,5.5,9.1,3.6,0.0,5.5,1.8,0.0,0.0,3.6,9.1,-12.7,47.3,0,0,38.2,1,13222,1,13222,16190,17989,15502,17395,11002,7870,11902,13505,14344,13505,4144,9649,6590,10969,16469,656,4012,8846,20257,7286,18984,19035,4206,2246,150,7888,1,19:47
2024-25,1631260,AJ Green,AJ,1610612749,MIL,Milwaukee Bucks,0022400865,2025-03-01T00:00:00,MIL @ DAL,W,18.733333333333334,1.9,5.8,0.333,1.9,5.8,0.333,5.8,5.8,1.0,0.0,1.9,1.9,1.9,1.9,0.0,0.0,0.0,7.7,3.8,11.5,-3.8,14.8,0,0,17.3,1,1,13086,1,17015,21546,22851,17395,10544,11287,9209,3121,4794,1,14058,19914,21964,16668,10937,12854,8263,8846,1513,6730,16639,14974,23239,2246,150,22177,1,18:44
2024-25,1631095,Jabari Smith Jr.,Jabari,1610612745,HOU,Houston Rockets,0022400862,2025-03-01T00:00:00,HOU vs. SAC,L,20.483333333333334,3.5,10.5,0.333,1.8,5.3,0.333,0.0,0.0,0.0,1.8,10.5,12.3,0.0,0.0,0.0,1.8,0.0,5.3,0.0,8.8,3.5,28.8,0,0,26.4,1,13222,1,13222,15651,18292,16140,17395,11234,12540,9209,13505,14344,13505,9391,2194,3267,19908,16469,12854,4149,8846,4073,17725,19280,10887,15615,2246,150,16656,1,20:29
2024-25,1627824,Guerschon Yabusele,Guerschon,1610612755,PHI,Philadelphia 76ers,0022400864,2025-03-01T00:00:00,PHI vs. GSW,W,27.15,6.6,10.6,0.625,6.6,9.3,0.714,4.0,5.3,0.75,1.3,6.6,8.0,6.6,2.7,0.0,0.0,0.0,1.3,4.0,23.9,5.3,40.7,0,0,45.1,1,1,13086,1,10234,9860,16032,4899,936,4405,1861,5728,5460,8186,11067,7036,8352,4531,7684,12854,8263,8846,17921,6364,4895,9949,7324,2246,150,4230,1,27:09
2024-25,1630578,Alperen Sengun,Alperen,1610612745,HOU,Houston Rockets,0022400862,2025-03-01T00:00:00,HOU vs. SAC,L,37.11666666666667,9.7,15.5,0.625,0.0,0.0,0.0,9.7,16.5,0.588,3.9,5.8,9.7,4.8,5.8,0.0,1.0,0.0,2.9,10.7,29.1,-3.9,45.1,1,0,45.6,1,13222,1,13222,1911,3603,7799,4899,15070,20945,15070,783,243,10528,3763,8756,5799,7799,1536,12854,7688,8846,11151,310,2400,14996,5129,1,150,3989,1,37:07
2024-25,1631213,Tyrese Martin,Tyrese,1610612751,BKN,Brooklyn Nets,0022400861,2025-03-01T00:00:00,BKN @ DET,L,23.1,10.9,17.1,0.636,3.1,7.8,0.4,10.9,10.9,1.0,1.6,0.0,1.6,1.6,0.0,0.0,1.6,1.6,0.0,6.2,35.8,-6.2,44.7,0,0,45.2,1,13222,1,13222,13631,2345,5641,4689,6177,6811,7874,501,1053,1,10086,22137,22494,17773,16469,12854,4679,4559,20257,2348,852,16178,5319,2246,150,4161,1,23:06
2024-25,1641708,Amen Thompson,Amen,1610612745,HOU,Houston Rockets,0022400862,2025-03-01T00:00:00,HOU vs. SAC,L,41.333333333333336,2.6,8.7,0.3,0.0,0.0,0.0,0.0,0.0,0.0,3.5,6.1,9.6,2.6,1.7,0.0,0.0,1.7,0.9,0.9,5.2,-10.5,18.9,0,0,17.4,1,13222,1,13222,320,20258,19167,19363,15070,20945,15070,13505,14344,13505,4399,8109,5948,14174,11777,12854,8263,4049,20198,17695,21895,18084,21703,2246,150,22121,1,41:20
2024-25,1630583,Santi Aldama,Santi,1610612763,MEM,Memphis Grizzlies,0022400863,2025-03-01T00:00:00,MEM vs. SAS,L,37.251666666666665,6.8,15.5,0.438,1.0,7.7,0.125,0.0,0.0,0.0,1.0,6.8,7.7,10.6,1.0,1.0,1.0,0.0,1.9,0.0,14.5,14.5,44.6,1,0,37.7,1,13222,1,13222,1833,9518,7879,13558,14719,6935,14886,13505,14344,13505,13525,6761,8755,1152,16053,12230,7717,8846,15502,17725,13419,5827,5394,1,150,8231,1,37:15
2024-25,1642267,Bub Carrington,Bub,1610612764,WAS,Washington Wizards,0022400860,2025-03-01T00:00:00,WAS @ CHA,W,31.833333333333332,3.4,12.4,0.273,3.4,9.0,0.375,2.3,2.3,1.0,1.1,4.5,5.7,4.5,0.0,1.1,1.1,1.1,1.1,3.4,12.4,12.4,32.8,0,0,30.5,1,1,13086,1,6121,18557,12835,20048,5398,4744,8800,9747,11893,1,12253,12196,13143,8590,16469,10758,6601,6781,18917,7970,15667,6615,12728,2246,150,13524,1,31:50
2024-25,201942,DeMar DeRozan,DeMar,1610612758,SAC,Sacramento Kings,0022400862,2025-03-01T00:00:00,SAC @ HOU,W,40.21666666666667,6.3,16.1,0.389,0.9,4.5,0.2,5.4,6.3,0.857,0.9,0.9,1.8,5.4,1.8,0.0,0.0,0.0,3.6,5.4,18.8,11.6,27.2,0,0,26.9,1,1,13086,1,509,10813,6964,16009,14974,14508,13429,3562,4164,7071,13921,22102,22173,6688,11593,12854,8263,8846,8493,3520,9039,6955,16812,2246,150,16268,1,40:13
2024-25,1641713,GG Jackson,GG,1610612763,MEM,Memphis Grizzlies,0022400863,2025-03-01T00:00:00,MEM vs. SAS,L,9.933333333333334,3.6,7.2,0.5,0.0,0.0,0.0,7.2,7.2,1.0,0.0,3.6,3.6,3.6,0.0,0.0,0.0,3.6,3.6,3.6,14.5,-36.2,24.3,0,0,21.7,1,13222,1,13222,22128,18022,21271,8526,15070,20945,15070,1830,3131,1,14058,14861,18265,11009,16469,12854,8263,829,8345,7319,13412,24547,18757,2246,150,19816,1,9:56
2024-25,1629023,P.J. Washington,P.J.,1610612742,DAL,Dallas Mavericks,0022400865,2025-03-01T00:00:00,DAL vs. MIL,L,15.356666666666667,4.7,18.8,0.25,0.0,9.4,0.0,0.0,2.3,0.0,0.0,11.7,11.7,0.0,2.3,0.0,0.0,2.3,7.0,2.3,9.4,-49.2,21.1,0,0,21.1,1,13222,1,13222,19340,15266,3969,20233,15070,4281,15070,13505,11645,13505,14058,1518,3737,19908,8889,12854,8263,2346,1956,11572,18750,25379,20637,2246,150,20222,1,15:21
2024-25,202331,Paul George,Paul,1610612755,PHI,Philadelphia 76ers,0022400864,2025-03-01T00:00:00,PHI vs. GSW,W,38.56,5.6,12.1,0.462,2.8,4.7,0.6,1.9,1.9,1.0,0.9,6.5,7.5,3.7,2.8,1.9,0.9,0.9,3.7,1.9,15.9,13.1,36.0,0,0,35.5,1,1,13086,1,1082,12698,13341,12428,7212,14042,2992,11060,13073,1,13757,7233,9235,10696,7212,6934,7931,8468,7959,13657,12062,6366,10343,2246,150,9747,1,38:34
2024-25,1628370,Malik Monk,Malik,1610612758,SAC,Sacramento Kings,0022400862,2025-03-01T00:00:00,SAC @ HOU,W,34.0,7.4,13.8,0.538,1.1,4.2,0.25,1.1,1.1,1.0,0.0,5.3,5.3,4.2,5.3,0.0,0.0,0.0,1.1,1.1,16.9,-2.1,24.4,0,0,27.5,1,1,13086,1,4265,7988,10549,7978,14200,15033,11902,13048,14114,1,14058,10040,14051,9290,2008,12854,8263,8846,19349,17123,10911,14107,18708,2246,150,15770,1,34:00
2024-25,1630533,Ziaire Williams,Ziaire,1610612751,BKN,Brooklyn Nets,0022400861,2025-03-01T00:00:00,BKN @ DET,L,25.5,7.1,19.8,0.357,0.0,8.5,0.0,1.4,2.8,0.5,1.4,2.8,4.2,1.4,1.4,2.8,0.0,2.8,5.6,4.2,15.5,-31.1,29.8,0,0,26.8,1,13222,1,13222,11588,8796,3140,17140,15070,5630,15070,11993,10421,10625,10691,17319,16718,18304,13213,3624,8263,1562,3471,5750,12392,23896,14952,2246,150,16299,1,25:30
2024-25,202699,Tobias Harris,Tobias,1610612765,DET,Detroit Pistons,0022400861,2025-03-01T00:00:00,DET vs. BKN,W,32.36666666666667,6.7,13.3,0.5,1.1,2.2,0.5,5.6,5.6,1.0,0.0,10.0,10.0,2.2,2.2,1.1,0.0,2.2,2.2,3.3,20.0,31.1,36.5,0,0,35.6,1,1,13086,1,5670,9753,11216,8526,13878,19126,3944,3352,5101,1,14058,2580,5421,15535,9405,10921,8263,2592,13985,8135,7905,1815,10043,2246,150,9669,1,32:22
2024-25,1641764,Brandin Podziemski,Brandin,1610612744,GSW,Golden State Warriors,0022400864,2025-03-01T00:00:00,GSW @ PHI,L,25.061666666666667,2.9,11.5,0.25,0.0,4.3,0.0,1.4,1.4,1.0,2.9,5.7,8.6,2.9,2.9,0.0,1.4,0.0,1.4,4.3,7.2,-23.0,23.3,0,0,21.5,1,13222,1,13222,11961,19727,14488,20233,15070,14893,15070,11935,13553,1,5659,8933,7282,13366,6949,12854,5091,8846,17487,5562,20573,22335,19392,2246,150,19934,1,25:04
2024-25,202687,Bismack Biyombo,Bismack,1610612759,SAS,San Antonio Spurs,0022400863,2025-03-01T00:00:00,SAS @ MEM,W,18.286666666666665,5.9,7.9,0.75,0.0,0.0,0.0,0.0,0.0,0.0,0.0,5.9,5.9,2.0,2.0,2.0,2.0,2.0,5.9,0.0,11.8,5.9,31.7,0,0,27.6,1,1,13086,1,17378,11791,20446,2107,15070,20945,15070,13505,14344,13505,14058,8533,12511,16483,10673,6398,3570,3320,3066,17725,16333,9659,13551,2246,150,15748,1,18:17
2024-25,1630191,Isaiah Stewart,Isaiah,1610612765,DET,Detroit Pistons,0022400861,2025-03-01T00:00:00,DET vs. BKN,W,13.965,2.6,10.3,0.25,0.0,0.0,0.0,2.6,5.2,0.5,2.6,7.7,10.3,2.6,7.7,0.0,10.3,2.6,12.9,5.2,7.7,-23.2,47.2,0,0,41.2,1,1,13086,1,20218,20314,16538,20233,15070,20945,15070,8860,5669,10625,6405,5113,5103,14285,655,12854,61,1907,351,3842,20143,22385,4253,2246,150,6049,1,13:58
2024-25,1628988,Aaron Holiday,Aaron,1610612745,HOU,Houston Rockets,0022400862,2025-03-01T00:00:00,HOU vs. SAC,L,8.583333333333334,8.4,8.4,1.0,8.4,8.4,1.0,4.2,4.2,1.0,0.0,4.2,4.2,0.0,0.0,0.0,0.0,0.0,0.0,0.0,29.4,-8.4,34.4,0,0,41.9,1,13222,1,13222,22603,5823,19653,1,387,5765,1,5354,7422,1,14058,13134,16827,19908,16469,12854,8263,8846,20257,17725,2315,17133,11516,2246,150,5685,1,8:35
2024-25,1630643,Jay Huff,Jay,1610612763,MEM,Memphis Grizzlies,0022400863,2025-03-01T00:00:00,MEM vs. SAS,L,3.3666666666666667,0.0,0.0,0.0,0.0,0.0,0.0,0.0,0.0,0.0,0.0,0.0,0.0,0.0,0.0,0.0,10.7,0.0,0.0,0.0,0.0,-160.4,32.1,0,0,21.4,1,13222,1,13222,24790,22635,24836,22635,15070,20945,15070,13505,14344,13505,14058,22137,23286,19908,16469,12854,57,8846,20257,17725,23200,26262,13265,2246,150,20032,1,3:22
2024-25,1627832,Fred VanVleet,Fred,1610612745,HOU,Houston Rockets,0022400862,2025-03-01T00:00:00,HOU vs. SAC,L,34.75,1.0,8.3,0.125,1.0,7.3,0.143,0.0,0.0,0.0,0.0,5.2,5.2,5.2,1.0,3.1,0.0,0.0,1.0,0.0,3.1,-10.4,25.4,0,0,20.7,1,13222,1,13222,3654,22606,19814,22420,14335,7934,14649,13505,14344,13505,14058,10331,14314,7070,15592,2918,8263,8846,19493,17725,22920,18055,18018,2246,150,20453,1,34:45
2024-25,1642264,Stephon Castle,Stephon,1610612759,SAS,San Antonio Spurs,0022400863,2025-03-01T00:00:00,SAS @ MEM,W,32.483333333333334,8.9,17.7,0.5,2.2,6.6,0.333,6.6,6.6,1.0,0.0,3.3,3.3,7.8,1.1,1.1,0.0,1.1,4.4,5.5,26.6,14.4,44.4,0,0,42.1,1,1,13086,1,5567,4937,4975,8526,9179,9217,9209,2283,3714,1,14058,15718,18933,3126,15078,10953,8263,6981,5933,3277,3386,5857,5446,2246,150,5590,1,32:29
2024-25,1641733,Nick Smith Jr.,Nick,1610612766,CHA,Charlotte Hornets,0022400860,2025-03-01T00:00:00,CHA vs. WAS,L,37.983333333333334,4.7,15.2,0.313,1.9,8.5,0.222,0.0,0.0,0.0,0.0,3.8,3.8,3.8,2.8,0.0,0.0,1.9,1.9,0.9,11.4,-13.3,18.8,0,0,20.9,1,13222,1,13222,1394,15147,8317,19175,10652,5527,13288,13505,14344,13505,14058,14348,17849,10521,7048,12854,8263,3566,15706,17553,16821,19212,21771,2246,150,20371,1,37:59
2024-25,1631110,Jeremy Sochan,Jeremy,1610612759,SAS,San Antonio Spurs,0022400863,2025-03-01T00:00:00,SAS @ MEM,W,29.666666666666668,8.5,10.9,0.778,1.2,1.2,1.0,3.6,4.9,0.75,8.5,4.9,13.3,3.6,2.4,1.2,0.0,2.4,2.4,4.9,21.8,-1.2,44.5,1,0,42.5,1,1,13086,1,8079,5623,15494,1994,13296,20606,1,6406,6191,8186,662,11266,2577,10962,8543,10064,8263,2160,13084,4384,6336,13682,5405,1,150,5421,1,29:40
2024-25,1630702,Jaden Hardy,Jaden,1610612742,DAL,Dallas Mavericks,0022400865,2025-03-01T00:00:00,DAL vs. MIL,L,21.566666666666666,10.0,16.7,0.6,6.7,11.7,0.571,0.0,0.0,0.0,0.0,1.7,1.7,6.7,0.0,0.0,0.0,0.0,3.3,1.7,26.7,5.0,38.7,0,0,41.7,1,13222,1,13222,14874,3207,6181,5394,907,1971,3506,13505,14344,13505,14058,20519,22337,4458,16469,12854,8263,8846,9295,14367,3343,10109,8576,2246,150,5784,1,21:34
2024-25,203897,Zach LaVine,Zach,1610612758,SAC,Sacramento Kings,0022400862,2025-03-01T00:00:00,SAC @ HOU,W,36.733333333333334,7.8,15.7,0.5,2.0,4.9,0.4,2.0,2.9,0.667,1.0,4.9,5.9,3.9,3.9,2.0,0.0,0.0,0.0,2.0,19.6,20.6,34.5,0,0,35.3,1,1,13086,1,2168,6985,7573,8526,10348,13440,7874,10779,10113,9425,13426,11158,12566,10165,4035,6454,8263,8846,20257,13273,8261,3788,11455,2246,150,9889,1,36:44
2024-25,1626168,Trey Lyles,Trey,1610612758,SAC,Sacramento Kings,0022400862,2025-03-01T00:00:00,SAC @ HOU,W,16.95,4.2,12.7,0.333,2.1,4.2,0.5,0.0,4.2,0.0,6.4,4.2,10.6,4.2,0.0,2.1,2.1,0.0,2.1,2.1,10.6,6.4,42.5,0,0,36.1,1,1,13086,1,18283,16467,12305,17395,9578,15013,3944,13505,7322,13505,1439,12975,4795,9257,16469,5681,3137,8846,14502,12513,17537,9434,6383,2246,150,9298,1,16:57
2024-25,1628368,De'Aaron Fox,De'Aaron,1610612759,SAS,San Antonio Spurs,0022400863,2025-03-01T00:00:00,SAS @ MEM,W,35.08,7.2,17.4,0.412,1.0,5.1,0.2,5.1,5.1,1.0,0.0,3.1,3.1,7.2,3.1,1.0,1.0,1.0,3.1,3.1,20.5,-2.1,38.1,0,0,35.9,1,1,13086,1,3401,8501,5308,14791,14388,12873,13429,3849,5708,1,14058,16470,19532,3786,6194,11706,7302,7699,10362,8963,7470,14075,8979,2246,150,9436,1,35:05
2024-25,1630178,Tyrese Maxey,Tyrese,1610612755,PHI,Philadelphia 76ers,0022400864,2025-03-01T00:00:00,PHI vs. GSW,W,39.81,1.8,12.7,0.143,0.0,1.8,0.0,0.9,0.9,1.0,0.9,1.8,2.7,9.9,1.8,1.8,0.0,0.9,0.9,1.8,4.5,1.8,26.3,0,0,20.8,1,1,13086,1,616,21743,12464,22260,15070,19910,15070,13448,14316,1,13891,20221,20420,1470,11514,7210,8263,8642,20139,13903,22283,11733,17410,2246,150,20409,1,39:49
2024-25,1631217,Moussa Diabaté,Moussa,1610612766,CHA,Charlotte Hornets,0022400860,2025-03-01T00:00:00,CHA vs. WAS,L,12.916666666666666,5.6,13.9,0.4,0.0,0.0,0.0,0.0,0.0,0.0,0.0,5.6,5.6,2.8,0.0,5.6,0.0,0.0,0.0,0.0,11.1,-25.1,38.7,0,0,30.7,1,13222,1,13222,20783,12773,10266,14933,15070,20945,15070,13505,14344,13505,14058,9352,13348,13625,16469,611,8263,8846,20257,17725,17039,22823,8570,2246,150,13429,1,12:55
2024-25,1630595,Cade Cunningham,Cade,1610612765,DET,Detroit Pistons,0022400861,2025-03-01T00:00:00,DET vs. BKN,W,31.55,4.6,10.3,0.444,2.3,3.4,0.667,5.7,6.8,0.833,2.3,5.7,8.0,10.3,5.7,0.0,2.3,1.1,4.6,5.7,17.1,30.8,43.2,0,0,42.2,1,1,13086,1,6376,15589,16616,13045,8914,16823,1957,3179,3522,7275,7301,9027,8290,1303,1637,12854,2774,6706,5636,3028,10724,1857,6017,2246,150,5540,1,31:33
2024-25,1641765,Olivier-Maxence Prosper,Olivier-Maxence,1610612742,DAL,Dallas Mavericks,0022400865,2025-03-01T00:00:00,DAL vs. MIL,L,13.85,2.6,2.6,1.0,0.0,0.0,0.0,0.0,0.0,0.0,0.0,2.6,2.6,0.0,0.0,0.0,0.0,0.0,0.0,0.0,5.2,18.2,8.3,0,0,7.8,1,13222,1,13222,20270,20279,24618,1,15070,20945,15070,13505,14344,13505,14058,17948,20642,19908,16469,12854,8263,8846,20257,17725,21911,4494,24658,2246,150,24789,1,13:51
2024-25,1630165,Killian Hayes,Killian,1610612751,BKN,Brooklyn Nets,0022400861,2025-03-01T00:00:00,BKN @ DET,L,25.55,1.4,8.5,0.167,0.0,2.8,0.0,2.8,2.8,1.0,1.4,4.2,5.6,4.2,1.4,1.4,0.0,1.4,1.4,4.2,5.6,-21.1,21.6,0,0,18.3,1,13222,1,13222,11534,22281,19565,21938,15070,18028,15070,8297,10436,1,10704,13036,13192,9320,13230,8847,8263,5145,17587,5768,21637,21868,20379,2246,150,21707,1,25:33
2024-25,1631108,Max Christie,Max,1610612742,DAL,Dallas Mavericks,0022400865,2025-03-01T00:00:00,DAL vs. MIL,L,26.788333333333334,2.7,8.1,0.333,1.3,5.4,0.25,0.0,0.0,0.0,0.0,2.7,2.7,4.0,0.0,1.3,0.0,0.0,1.3,0.0,6.7,-17.5,20.0,0,0,17.5,1,13222,1,13222,10502,20116,20155,17395,12677,12263,11902,13505,14344,13505,14058,17735,20479,9864,16469,9223,8263,8846,17853,17725,20908,20773,21153,2246,150,22091,1,26:47
2024-25,203501,Tim Hardaway Jr.,Tim,1610612765,DET,Detroit Pistons,0022400861,2025-03-01T00:00:00,DET vs. BKN,W,22.383333333333333,4.8,14.5,0.333,4.8,14.5,0.333,0.0,0.0,0.0,0.0,1.6,1.6,3.2,0.0,0.0,0.0,0.0,3.2,1.6,14.5,25.7,21.2,0,0,24.1,1,1,13086,1,14203,14871,9395,17395,2522,808,9209,13505,14344,13505,14058,20656,22428,12239,16469,12854,8263,8846,9794,14599,13435,2665,20581,2246,150,18248,1,22:23
2024-25,203500,Steven Adams,Steven,1610612745,HOU,Houston Rockets,0022400862,2025-03-01T00:00:00,HOU vs. SAC,L,7.75,4.6,13.9,0.333,0.0,0.0,0.0,0.0,0.0,0.0,4.6,4.6,9.3,4.6,0.0,0.0,0.0,0.0,0.0,0.0,9.3,-27.9,27.4,0,0,23.2,1,13222,1,13222,22906,15377,10266,17395,15070,20945,15070,13505,14344,13505,2755,11868,6329,8315,16469,12854,8263,8846,20257,17725,18818,23407,16654,2246,150,18848,1,7:45
2024-25,1642275,Tidjane Salaün,Tidjane,1610612766,CHA,Charlotte Hornets,0022400860,2025-03-01T00:00:00,CHA vs. WAS,L,15.333333333333334,0.0,7.0,0.0,0.0,4.7,0.0,0.0,0.0,0.0,0.0,4.7,4.7,0.0,0.0,0.0,0.0,0.0,0.0,0.0,0.0,21.1,5.6,0,0,4.7,1,13222,1,13222,19352,22635,21511,22635,15070,13963,15070,13505,14344,13505,14058,11715,15577,19908,16469,12854,8263,8846,20257,17725,23200,3668,24954,2246,150,25135,1,15:20
2024-25,1630288,Jeff Dowtin Jr.,Jeff,1610612755,PHI,Philadelphia 76ers,0022400864,2025-03-01T00:00:00,PHI vs. GSW,W,13.816666666666666,5.2,7.8,0.667,2.6,2.6,1.0,0.0,0.0,0.0,0.0,0.0,0.0,7.8,0.0,0.0,0.0,0.0,0.0,0.0,13.0,31.3,24.8,0,0,23.4,1,1,13086,1,20292,13788,20515,3281,7808,18446,1,13505,14344,13505,14058,22137,23286,3068,16469,12854,8263,8846,20257,17725,15062,1799,18454,2246,150,18701,1,13:49
2024-25,1630611,Gui Santos,Gui,1610612744,GSW,Golden State Warriors,0022400864,2025-03-01T00:00:00,GSW @ PHI,L,17.458333333333332,12.4,16.5,0.75,2.1,4.1,0.5,2.1,2.1,1.0,4.1,4.1,8.2,4.1,2.1,4.1,0.0,0.0,4.1,4.1,28.9,0.0,55.3,0,0,51.6,1,13222,1,13222,17955,1314,6429,2107,9858,15289,3944,10432,12546,1,3401,13342,7858,9597,10201,1521,8263,8846,6757,5998,2461,12240,1943,2246,150,2132,1,17:28
2024-25,1627780,Gary Payton II,Gary,1610612744,GSW,Golden State Warriors,0022400864,2025-03-01T00:00:00,GSW @ PHI,L,23.075,10.9,17.2,0.636,0.0,3.1,0.0,1.6,3.1,0.5,6.2,4.7,10.9,6.2,0.0,1.6,0.0,1.6,3.1,3.1,23.4,12.5,50.5,0,0,43.7,1,13222,1,13222,13658,2330,5619,4689,15070,17422,15070,11669,9674,10625,1510,11770,4482,5100,16469,8154,8263,4555,10197,8817,5199,6603,3114,2246,150,4840,1,23:05
2024-25,1628379,Luke Kennard,Luke,1610612763,MEM,Memphis Grizzlies,0022400863,2025-03-01T00:00:00,MEM vs. SAS,L,24.035,9.0,13.5,0.667,0.0,1.5,0.0,3.0,4.5,0.667,3.0,6.0,9.0,7.5,3.0,3.0,0.0,0.0,0.0,3.0,21.0,-7.5,49.0,0,0,43.4,1,13222,1,13222,12867,4738,11034,3281,15070,20275,15070,7827,6854,9425,5357,8350,6769,3415,6511,3164,8263,8846,20257,9279,7120,16730,3633,2246,150,4950,1,24:02
2024-25,203507,Giannis Antetokounmpo,Giannis,1610612749,MIL,Milwaukee Bucks,0022400865,2025-03-01T00:00:00,MIL @ DAL,W,32.03333333333333,10.1,15.7,0.643,0.0,1.1,0.0,12.4,14.6,0.846,2.2,7.9,10.1,10.1,0.0,1.1,2.2,0.0,2.2,9.0,32.6,24.7,70.0,0,0,59.6,1,1,13086,1,5940,3095,7499,4607,15070,20718,15070,310,381,7255,7429,4919,5309,1379,16469,10834,2843,8846,13888,664,1401,2876,435,2246,150,864,1,32:02
2024-25,1629645,Kevin Porter Jr.,Kevin,1610612749,MIL,Milwaukee Bucks,0022400865,2025-03-01T00:00:00,MIL @ DAL,W,12.4,8.7,17.4,0.5,0.0,0.0,0.0,14.5,17.4,0.833,2.9,2.9,5.8,8.7,5.8,5.8,0.0,2.9,2.9,14.5,31.9,-20.3,63.6,0,0,58.1,1,1,13086,1,21047,5246,5328,8526,15070,20945,15070,188,209,7275,5579,17077,12747,2262,1548,530,8263,1462,11175,112,1544,21641,831,2246,150,1015,1,12:24
2024-25,1631105,Jalen Duren,Jalen,1610612765,DET,Detroit Pistons,0022400861,2025-03-01T00:00:00,DET vs. BKN,W,30.385,7.1,8.3,0.857,0.0,0.0,0.0,7.1,7.1,1.0,1.2,11.8,13.0,2.4,3.6,2.4,7.1,0.0,5.9,5.9,21.3,34.4,65.4,1,0,55.7,1,1,13086,1,7424,8684,19803,1412,15070,20945,15070,1933,3257,1,11900,1444,2785,14985,4902,4801,195,8846,3045,2717,6796,1465,674,1,150,1366,1,30:23
2024-25,203114,Khris Middleton,Khris,1610612764,WAS,Washington Wizards,0022400860,2025-03-01T00:00:00,WAS @ CHA,W,24.061666666666667,7.5,13.5,0.556,1.5,4.5,0.333,9.0,9.0,1.0,1.5,6.0,7.5,9.0,6.0,3.0,0.0,1.5,1.5,4.5,25.4,1.5,50.9,0,0,49.4,1,1,13086,1,12839,7809,11059,7248,12049,14470,9209,1011,1883,1,10343,8367,9206,2043,1396,3175,8263,4792,17235,5170,3972,11869,3022,2246,150,2702,1,24:04
2024-25,1629650,Moses Brown,Moses,1610612742,DAL,Dallas Mavericks,0022400865,2025-03-01T00:00:00,DAL vs. MIL,L,21.833333333333332,13.2,14.8,0.889,0.0,0.0,0.0,3.3,3.3,1.0,4.9,9.9,14.8,0.0,0.0,0.0,0.0,1.6,8.2,3.3,29.7,-29.7,47.5,0,0,44.5,1,13222,1,13222,14630,954,8842,1318,15070,20945,15070,7114,9315,1,2426,2658,1854,19908,16469,12854,8263,4302,1248,8259,2199,23689,4144,2246,150,4466,1,21:50
2024-25,202685,Jonas Valančiūnas,Jonas,1610612758,SAC,Sacramento Kings,0022400862,2025-03-01T00:00:00,SAC @ HOU,W,29.783333333333335,8.5,12.1,0.7,0.0,0.0,0.0,1.2,1.2,1.0,6.0,10.9,16.9,1.2,1.2,4.8,3.6,1.2,6.0,1.2,18.1,7.3,64.4,1,0,53.2,1,1,13086,1,7977,5686,13441,3045,15070,20945,15070,12558,13871,1,1594,1966,1143,18991,14377,998,1130,6194,2886,16356,9702,9015,747,1,150,1767,1,29:47
2024-25,1630577,Julian Champagnie,Julian,1610612759,SAS,San Antonio Spurs,0022400863,2025-03-01T00:00:00,SAS @ MEM,W,23.1,7.8,12.5,0.625,4.7,7.8,0.6,1.6,1.6,1.0,3.1,7.8,10.9,3.1,0.0,1.6,0.0,1.6,0.0,0.0,21.8,43.6,44.3,0,0,43.6,1,1,13086,1,13631,7080,12784,4899,2770,6811,2992,11674,13434,1,5102,5020,4495,12567,16469,8160,8263,4559,20257,17725,6365,753,5533,2246,150,4863,1,23:06
2024-25,1629656,Quentin Grimes,Quentin,1610612755,PHI,Philadelphia 76ers,0022400864,2025-03-01T00:00:00,PHI vs. GSW,W,36.71666666666667,17.6,23.5,0.75,5.9,8.8,0.667,2.0,7.8,0.25,1.0,4.9,5.9,1.0,2.0,2.9,1.0,0.0,2.9,3.9,43.1,-4.9,61.5,0,0,63.7,1,1,13086,1,2182,235,1217,2107,1392,5063,1957,10775,2632,13358,13420,11153,12559,19734,10719,3293,7614,8846,10974,6508,308,15531,1027,2246,150,541,1,36:43
2024-25,1641744,Zach Edey,Zach,1610612763,MEM,Memphis Grizzlies,0022400863,2025-03-01T00:00:00,MEM vs. SAS,L,26.215,9.6,9.6,1.0,0.0,0.0,0.0,4.1,5.5,0.75,8.2,4.1,12.4,0.0,4.1,0.0,4.1,0.0,4.1,4.1,23.3,-6.9,46.4,0,0,43.9,1,13222,1,13222,11000,3704,17743,1,15070,20945,15070,5494,5198,8186,716,13353,3227,19908,3630,12854,855,8846,6764,6005,5247,16456,4573,2246,150,4716,1,26:13
2024-25,1628991,Jaren Jackson Jr.,Jaren,1610612763,MEM,Memphis Grizzlies,0022400863,2025-03-01T00:00:00,MEM vs. SAS,L,34.8,15.5,25.9,0.6,5.2,8.3,0.625,7.2,8.3,0.875,1.0,3.1,4.1,2.1,2.1,2.1,2.1,1.0,3.1,5.2,43.4,10.3,61.9,0,0,63.1,1,13222,1,13222,3612,415,664,5394,2080,5951,2868,1836,2333,6931,12986,16398,16977,16118,10159,5914,3289,7626,10261,3816,298,7540,982,2246,150,572,1,34:48
2024-25,1630551,Justin Champagnie,Justin,1610612764,WAS,Washington Wizards,0022400860,2025-03-01T00:00:00,WAS @ CHA,W,21.733333333333334,6.6,9.9,0.667,1.7,5.0,0.333,1.7,3.3,0.5,5.0,8.3,13.3,3.3,0.0,3.3,5.0,0.0,0.0,1.7,16.6,13.3,62.3,0,0,51.3,1,1,13086,1,14727,9868,17175,3281,11518,13276,9209,11492,9275,10625,2405,4308,2636,11932,16469,2537,524,8846,20257,14422,11321,6277,940,2246,150,2187,1,21:44
2024-25,201939,Stephen Curry,Stephen,1610612744,GSW,Golden State Warriors,0022400864,2025-03-01T00:00:00,GSW @ PHI,L,36.45333333333333,9.9,17.8,0.556,4.9,11.9,0.417,4.0,4.0,1.0,1.0,4.0,4.9,12.8,3.0,1.0,0.0,0.0,2.0,3.0,28.6,11.9,53.8,1,0,53.3,1,13222,1,13222,2363,3365,4932,7248,2355,1868,7826,5796,7945,1,13355,13879,14958,557,6613,12061,8263,8846,15277,9388,2555,6859,2247,1,150,1736,1,36:27
2024-25,1642366,Quinten Post,Quinten,1610612744,GSW,Golden State Warriors,0022400864,2025-03-01T00:00:00,GSW @ PHI,L,24.975,8.6,21.6,0.4,5.8,13.0,0.444,0.0,0.0,0.0,1.4,11.5,13.0,1.4,2.9,1.4,1.4,1.4,5.8,0.0,23.1,-2.9,46.6,0,0,49.0,1,13222,1,13222,12028,5349,1976,14933,1514,1312,7211,13505,14344,13505,10575,1611,2823,18203,6912,8690,5068,5019,3287,17725,5441,14502,4509,2246,150,2830,1,24:59
2024-25,1628365,Markelle Fultz,Markelle,1610612758,SAC,Sacramento Kings,0022400862,2025-03-01T00:00:00,SAC @ HOU,W,3.9833333333333334,18.1,18.1,1.0,0.0,0.0,0.0,9.0,9.0,1.0,0.0,0.0,0.0,9.0,0.0,0.0,0.0,0.0,0.0,9.0,45.2,45.2,58.7,0,0,54.2,1,1,13086,1,24489,209,4586,1,15070,20945,15070,990,1844,1,14058,22137,23286,1986,16469,12854,8263,8846,20257,640,248,699,1371,2246,150,1584,1,3:59
2024-25,101108,Chris Paul,Chris,1610612759,SAS,San Antonio Spurs,0022400863,2025-03-01T00:00:00,SAS @ MEM,W,20.25,5.3,8.9,0.6,3.6,7.1,0.5,0.0,1.8,0.0,1.8,3.6,5.3,14.2,3.6,1.8,0.0,0.0,3.6,1.8,14.2,-21.3,43.7,0,0,40.9,1,1,13086,1,15822,13448,18876,5394,5014,8231,3944,13505,13216,13505,9327,15069,13954,367,4893,7343,8263,8846,8581,14007,13703,21919,5795,2246,150,6276,1,20:15
2024-25,1626172,Kevon Looney,Kevon,1610612744,GSW,Golden State Warriors,0022400864,2025-03-01T00:00:00,GSW @ PHI,L,11.536666666666667,12.5,18.7,0.667,0.0,0.0,0.0,6.2,6.2,1.0,9.4,3.1,12.5,0.0,3.1,0.0,3.1,0.0,9.4,3.1,31.2,-31.2,52.4,0,0,49.9,1,13222,1,13222,21477,1258,4008,3281,15070,20945,15070,2642,4188,1,495,16360,3139,19908,6062,12854,1552,8846,854,8816,1730,23920,2611,2246,150,2552,1,11:32
2024-25,1631105,Jalen Duren,Jalen,1610612765,DET,Detroit Pistons,0022400850,2025-02-28T00:00:00,DET vs. DEN,L,16.366666666666667,6.6,11.0,0.6,0.0,0.0,0.0,4.4,8.8,0.5,6.6,11.0,17.6,4.4,2.2,2.2,0.0,2.2,8.8,4.4,17.6,-33.0,49.7,0,0,44.0,1,13222,1,13222,18676,9933,15357,5394,15070,20945,15070,4991,1986,10625,1325,1903,992,8884,9505,5392,8263,2642,1025,5347,10225,24164,3352,2246,150,4689,1,16:22
2024-25,1629008,Michael Porter Jr.,Michael,1610612743,DEN,Denver Nuggets,0022400850,2025-02-28T00:00:00,DEN @ DET,W,38.43333333333333,9.4,14.1,0.667,5.6,6.6,0.857,1.9,1.9,1.0,1.9,6.6,8.4,0.9,1.9,0.0,0.0,0.0,2.8,0.9,26.2,32.8,35.9,0,0,41.2,1,1,13086,1,1144,4093,10094,3281,1650,9421,1329,11034,13047,1,8932,7189,7578,19824,11193,12854,8263,8846,11599,17590,3575,1647,10453,2246,150,6066,1,38:26
2024-25,1642271,Kyle Filipowski,Kyle,1610612762,UTA,Utah Jazz,0022400858,2025-02-28T00:00:00,UTA vs. MIN,W,22.483333333333334,8.0,16.0,0.5,1.6,6.4,0.25,0.0,1.6,0.0,8.0,12.8,20.8,3.2,8.0,0.0,0.0,0.0,4.8,3.2,17.6,-35.2,39.4,1,0,43.2,1,1,13086,1,14123,6624,7096,8526,11668,9738,11902,13505,13390,13505,782,1076,438,12298,584,12854,8263,8846,5047,8557,10209,24438,8138,1,150,5030,1,22:29
2024-25,1628389,Bam Adebayo,Bam,1610612748,MIA,Miami Heat,0022400854,2025-02-28T00:00:00,MIA vs. IND,W,31.2,9.2,16.2,0.571,2.3,4.6,0.5,0.0,0.0,0.0,2.3,5.8,8.1,8.1,0.0,2.3,0.0,0.0,1.2,1.2,20.8,-2.3,49.5,0,0,43.8,1,1,13086,1,6701,4306,6895,6538,8821,14160,3944,13505,14344,13505,7221,8860,8135,2810,16469,5009,8263,8846,18790,16628,7250,14212,3418,2246,150,4763,1,31:12
2024-25,1629626,Bol Bol,Bol,1610612756,PHX,Phoenix Suns,0022400857,2025-02-28T00:00:00,PHX vs. NOP,W,26.135,12.4,16.5,0.75,6.9,11.0,0.625,2.8,2.8,1.0,1.4,2.8,4.1,2.8,1.4,0.0,2.8,0.0,2.8,1.4,34.4,5.5,50.4,0,0,53.7,1,1,13086,1,11057,1301,6387,2107,800,2473,2868,8449,10602,1,10849,17550,16999,13739,13418,12854,2016,8846,11822,15542,1052,9839,3148,2246,150,1669,1,26:08
2024-25,204456,T.J. McConnell,T.J.,1610612754,IND,Indiana Pacers,0022400854,2025-02-28T00:00:00,IND @ MIA,L,13.216666666666667,8.2,21.8,0.375,2.7,2.7,1.0,0.0,0.0,0.0,0.0,0.0,0.0,13.6,5.4,2.7,0.0,2.7,0.0,2.7,19.1,-21.8,42.2,0,0,40.9,1,13222,1,13222,20647,6261,1907,16299,7467,18213,1,13505,14344,13505,14058,22137,23286,430,1856,3856,8263,1709,20257,10245,8786,22024,6516,2246,150,6294,1,13:13
2024-25,1641709,Ausar Thompson,Ausar,1610612765,DET,Detroit Pistons,0022400850,2025-02-28T00:00:00,DET vs. DEN,L,25.95,8.3,15.3,0.545,0.0,0.0,0.0,1.4,2.8,0.5,4.2,1.4,5.5,6.9,1.4,6.9,0.0,1.4,0.0,1.4,18.0,-41.6,54.5,0,0,44.4,1,13222,1,13222,11194,5936,8164,7695,15070,20945,15070,12048,10546,10625,3348,21109,13423,4088,13355,307,8263,5227,20257,15507,9801,24950,2082,2246,150,4510,1,25:57
2024-25,1627759,Jaylen Brown,Jaylen,1610612738,BOS,Boston Celtics,0022400852,2025-02-28T00:00:00,BOS vs. CLE,L,33.916666666666664,13.8,25.5,0.542,4.2,6.4,0.667,7.4,10.6,0.7,4.2,1.1,5.3,2.1,3.2,0.0,0.0,1.1,4.2,8.5,39.3,10.6,45.6,0,0,50.9,1,13222,1,13222,4334,761,728,7965,3491,9827,1957,1714,1146,9366,3251,21849,14027,15919,5870,12854,8263,7387,6436,835,490,7411,4877,2246,150,2278,1,33:55
2024-25,1627783,Pascal Siakam,Pascal,1610612754,IND,Indiana Pacers,0022400854,2025-02-28T00:00:00,IND @ MIA,L,32.46333333333333,14.4,23.3,0.619,8.9,12.2,0.727,2.2,4.4,0.5,1.1,5.5,6.7,2.2,1.1,2.2,0.0,0.0,3.3,5.5,39.9,-8.9,56.8,0,0,62.1,1,13222,1,13222,5590,597,1282,5227,310,1669,1855,9883,6964,10625,12401,9420,10840,15561,15072,5326,8263,8846,9353,3275,452,17367,1678,2246,150,635,1,32:28
2024-25,1630217,Desmond Bane,Desmond,1610612763,MEM,Memphis Grizzlies,0022400856,2025-02-28T00:00:00,MEM vs. NYK,L,35.06166666666667,9.2,17.5,0.529,0.0,4.1,0.0,6.2,6.2,1.0,4.1,8.2,12.3,4.1,6.2,1.0,0.0,2.1,3.1,3.1,24.6,6.2,42.5,1,0,43.1,1,13222,1,13222,3414,4294,5296,8281,15070,15326,15070,2717,4273,1,3439,4403,3252,9649,1291,11698,8263,3049,10356,8957,4398,9544,6362,1,150,5077,1,35:04
2024-25,1630198,Isaiah Joe,Isaiah,1610612760,OKC,Oklahoma City Thunder,0022400851,2025-02-28T00:00:00,OKC @ ATL,W,11.411666666666667,12.6,25.2,0.5,12.6,25.2,0.5,0.0,0.0,0.0,0.0,0.0,0.0,0.0,0.0,0.0,0.0,3.2,9.5,0.0,37.9,-18.9,37.9,0,0,50.5,1,1,13086,1,21535,1186,780,8526,117,110,3944,13505,14344,13505,14058,22137,23286,19908,16469,12854,8263,1191,823,17725,616,21218,9120,2246,150,2403,1,11:25
2024-25,1630534,Ochai Agbaji,Ochai,1610612761,TOR,Toronto Raptors,0022400855,2025-02-28T00:00:00,TOR @ CHI,L,1.25,28.8,28.8,1.0,28.8,28.8,1.0,0.0,0.0,0.0,0.0,0.0,0.0,0.0,0.0,0.0,0.0,0.0,0.0,0.0,86.4,0.0,86.4,0,0,115.2,1,13222,1,13222,25934,37,337,1,7,76,1,13505,14344,13505,14058,22137,23286,19908,16469,12854,8263,8846,20257,17725,21,12240,118,2246,150,35,1,1:15
2024-25,203999,Nikola Jokić,Nikola,1610612743,DEN,Denver Nuggets,0022400850,2025-02-28T00:00:00,DEN @ DET,W,34.166666666666664,6.3,12.6,0.5,0.0,3.2,0.0,11.6,12.6,0.917,0.0,17.9,17.9,15.8,7.4,1.1,2.1,1.1,2.1,9.5,24.2,34.8,71.5,1,1,64.3,1,1,13086,1,4116,10647,12493,8526,15070,17341,15070,388,643,6748,14058,269,929,227,749,11455,3183,7461,14578,527,4658,1416,384,1,1,508,1,34:10
2024-25,1641745,Adam Flagler,Adam,1610612760,OKC,Oklahoma City Thunder,0022400851,2025-02-28T00:00:00,OKC @ ATL,W,1.3666666666666667,26.3,26.3,1.0,26.3,26.3,1.0,0.0,0.0,0.0,0.0,0.0,0.0,0.0,0.0,0.0,0.0,0.0,0.0,0.0,79.0,79.0,79.0,0,0,105.4,1,1,13086,1,25879,51,582,1,10,96,1,13505,14344,13505,14058,22137,23286,19908,16469,12854,8263,8846,20257,17725,36,169,213,2246,150,46,1,1:22
2024-25,1629634,Brandon Clarke,Brandon,1610612763,MEM,Memphis Grizzlies,0022400856,2025-02-28T00:00:00,MEM vs. NYK,L,16.671666666666667,10.8,10.8,1.0,0.0,0.0,0.0,2.2,2.2,1.0,8.6,6.5,15.1,4.3,2.2,0.0,0.0,0.0,4.3,2.2,23.8,-15.1,46.2,0,0,43.2,1,13222,1,13222,18489,2416,15702,1,15070,20945,15070,10084,12218,1,631,7356,1717,9080,9687,12854,8263,8846,6221,12350,4959,19947,4660,2246,150,5052,1,16:40
2024-25,1627750,Jamal Murray,Jamal,1610612743,DEN,Denver Nuggets,0022400850,2025-02-28T00:00:00,DEN @ DET,W,34.95,10.3,22.7,0.455,5.2,9.3,0.556,6.2,7.2,0.857,1.0,2.1,3.1,4.1,2.1,2.1,1.0,1.0,1.0,3.1,31.9,23.7,49.0,0,0,50.5,1,1,13086,1,3500,2913,1517,12676,2108,4427,3747,2697,3159,7071,13029,19477,19500,9609,10211,5962,7271,7665,19531,8918,1545,3104,3619,2246,150,2404,1,34:57
2024-25,1641729,Brice Sensabaugh,Brice,1610612762,UTA,Utah Jazz,0022400858,2025-02-28T00:00:00,UTA vs. MIN,W,22.705,9.5,15.9,0.6,7.9,12.7,0.625,0.0,0.0,0.0,0.0,4.8,4.8,3.2,4.8,0.0,0.0,0.0,3.2,0.0,27.0,-9.5,32.7,0,0,42.8,1,1,13086,1,13951,3864,7336,5394,478,1437,2868,13505,14344,13505,14058,11557,15422,12419,2648,12854,8263,8846,9997,17725,3228,17679,12831,2246,150,5247,1,22:42
2024-25,1627736,Malik Beasley,Malik,1610612765,DET,Detroit Pistons,0022400850,2025-02-28T00:00:00,DET vs. DEN,L,25.666666666666668,8.4,25.2,0.333,5.6,15.4,0.364,0.0,0.0,0.0,1.4,4.2,5.6,4.2,0.0,2.8,0.0,2.8,2.8,0.0,22.4,4.2,43.9,0,0,43.5,1,13222,1,13222,11427,5770,778,17395,1656,610,9100,13505,14344,13505,10736,13092,13258,9369,16469,3674,8263,1598,11624,17725,5890,10537,5718,2246,150,4922,1,25:40
2024-25,1630193,Immanuel Quickley,Immanuel,1610612761,TOR,Toronto Raptors,0022400855,2025-02-28T00:00:00,TOR @ CHI,L,32.483333333333334,6.6,17.7,0.375,4.4,12.2,0.364,7.8,8.9,0.875,0.0,5.5,5.5,5.5,2.2,0.0,0.0,1.1,6.6,5.5,25.5,10.0,38.2,0,0,41.0,1,13222,1,13222,5567,9822,4975,16299,3182,1672,9100,1534,1939,6931,14058,9426,13440,6355,9452,12854,8263,6981,2267,3277,3944,7707,8869,2246,150,6198,1,32:29
2024-25,1628378,Donovan Mitchell,Donovan,1610612739,CLE,Cleveland Cavaliers,0022400852,2025-02-28T00:00:00,CLE @ BOS,W,35.13333333333333,13.3,26.6,0.5,5.1,12.3,0.417,10.2,11.3,0.909,0.0,3.1,3.1,5.1,2.0,1.0,0.0,0.0,1.0,6.1,42.0,0.0,54.4,0,0,57.4,1,1,13086,1,3358,896,543,8526,2135,1625,7826,637,959,6764,14058,16480,19539,7196,10263,11719,8263,8846,19548,2446,353,12240,2112,2246,150,1120,1,35:08
2024-25,1628369,Jayson Tatum,Jayson,1610612738,BOS,Boston Celtics,0022400852,2025-02-28T00:00:00,BOS vs. CLE,L,40.583333333333336,16.9,32.8,0.514,3.5,10.6,0.333,3.5,4.4,0.8,4.4,9.8,14.2,8.0,2.7,0.0,2.7,0.9,3.5,2.7,40.8,4.4,75.1,1,0,71.9,1,13222,1,13222,438,289,172,8525,5038,2835,9209,6606,6966,7681,3002,2764,2151,2906,7652,12854,2136,8707,8612,10435,405,10415,294,1,150,286,1,40:35
2024-25,1630567,Scottie Barnes,Scottie,1610612761,TOR,Toronto Raptors,0022400855,2025-02-28T00:00:00,TOR @ CHI,L,35.85,10.0,19.1,0.526,2.0,3.0,0.667,2.0,2.0,1.0,3.0,5.0,8.0,6.0,2.0,1.0,1.0,1.0,2.0,3.0,24.1,0.0,46.8,0,0,44.2,1,13222,1,13222,2786,3176,3690,8379,10127,17617,1957,10617,12704,1,5307,10822,8208,5440,10476,11918,7457,7882,15092,9194,4732,12240,4403,2246,150,4602,1,35:51
2024-25,1629630,Ja Morant,Ja,1610612763,MEM,Memphis Grizzlies,0022400856,2025-02-28T00:00:00,MEM vs. NYK,L,31.428333333333335,10.3,25.2,0.409,0.0,6.9,0.0,8.0,8.0,1.0,0.0,4.6,4.6,8.0,4.6,1.1,0.0,3.4,3.4,8.0,28.6,9.2,45.0,0,0,43.5,1,13222,1,13222,6481,2907,790,14895,15070,8727,15070,1409,2508,1,14058,12038,15848,2872,2875,10633,8263,968,8949,1009,2556,8106,5171,2246,150,4912,1,31:26
2024-25,1630200,Tre Jones,Tre,1610612741,CHI,Chicago Bulls,0022400855,2025-02-28T00:00:00,CHI vs. TOR,W,12.366666666666667,11.6,17.5,0.667,0.0,2.9,0.0,5.8,5.8,1.0,2.9,0.0,2.9,5.8,0.0,2.9,0.0,0.0,2.9,8.7,29.1,0.0,50.1,0,0,43.7,1,1,13086,1,21065,1766,5278,3281,15070,17836,15070,3059,4724,1,5562,22137,19961,5806,16469,3376,8263,8846,11134,743,2395,12240,3252,2246,150,4846,1,12:22
2024-25,1629027,Trae Young,Trae,1610612737,ATL,Atlanta Hawks,0022400851,2025-02-28T00:00:00,ATL vs. OKC,L,35.25,5.1,14.3,0.357,2.0,5.1,0.4,7.1,7.1,1.0,0.0,3.1,3.1,12.3,3.1,3.1,0.0,0.0,1.0,4.1,19.4,-4.1,47.6,1,0,42.9,1,13222,1,13222,3274,14065,9699,17140,9951,12929,7874,1909,3224,1,14058,16512,19553,661,6246,3018,8263,8846,19566,6081,8467,15111,4111,1,150,5196,1,35:15
2024-25,1630811,Keaton Wallace,Keaton,1610612737,ATL,Atlanta Hawks,0022400851,2025-02-28T00:00:00,ATL vs. OKC,L,2.0166666666666666,17.9,17.9,1.0,17.9,17.9,1.0,0.0,0.0,0.0,0.0,0.0,0.0,0.0,0.0,0.0,0.0,0.0,0.0,0.0,53.6,-17.9,53.6,0,0,71.4,1,13222,1,13222,25446,223,4847,1,44,353,1,13505,14344,13505,14058,22137,23286,19908,16469,12854,8263,8846,20257,17725,122,20885,2312,2246,150,293,1,2:01
2024-25,1630208,Nick Richards,Nick,1610612756,PHX,Phoenix Suns,0022400857,2025-02-28T00:00:00,PHX vs. NOP,W,28.583333333333332,10.1,13.9,0.727,0.0,0.0,0.0,3.8,5.0,0.75,1.3,13.9,15.1,2.5,2.5,0.0,1.3,1.3,1.3,3.8,23.9,-5.0,47.1,1,0,44.1,1,1,13086,1,9046,3138,10420,2666,15070,20945,15070,6128,5843,8186,11421,794,1720,14473,8162,12854,5853,5872,18221,6911,4851,15608,4285,1,150,4643,1,28:35
2024-25,1630625,Dalano Banton,Dalano,1610612757,POR,Portland Trail Blazers,0022400853,2025-02-28T00:00:00,POR @ BKN,W,24.55,11.7,16.1,0.727,4.4,5.9,0.75,5.9,7.3,0.8,1.5,10.3,11.7,0.0,4.4,1.5,0.0,0.0,1.5,2.9,33.7,16.1,47.8,0,0,52.8,1,1,13086,1,12423,1704,6925,2666,3231,11039,1542,3009,3064,7681,10450,2380,3728,19908,3143,8547,8263,8846,17362,9480,1182,5205,4046,2246,150,1854,1,24:33
2024-25,1630194,Paul Reed,Paul,1610612765,DET,Detroit Pistons,0022400850,2025-02-28T00:00:00,DET vs. DEN,L,12.0,12.0,18.0,0.667,0.0,0.0,0.0,0.0,0.0,0.0,3.0,9.0,12.0,6.0,0.0,6.0,0.0,0.0,3.0,0.0,24.0,15.0,65.4,0,0,54.0,1,13222,1,13222,21228,1516,4664,3281,15070,20945,15070,13505,14344,13505,5329,3516,3485,5485,16469,465,8263,8846,10710,17725,4793,5626,675,2246,150,1619,1,12:00
2024-25,1642274,Yves Missi,Yves,1610612740,NOP,New Orleans Pelicans,0022400857,2025-02-28T00:00:00,NOP @ PHX,L,25.883333333333333,15.3,19.5,0.786,0.0,0.0,0.0,2.8,4.2,0.667,4.2,2.8,7.0,1.4,2.8,0.0,1.4,2.8,0.0,2.8,33.4,-4.2,45.2,0,0,44.5,1,13222,1,13222,11254,446,3365,1975,15070,20945,15070,8384,7470,9425,3331,17457,10231,18371,7282,12854,5266,1622,20257,10031,1246,15166,5081,2246,150,4470,1,25:53
2024-25,1631204,Marcus Sasser,Marcus,1610612765,DET,Detroit Pistons,0022400850,2025-02-28T00:00:00,DET vs. DEN,L,4.183333333333334,17.2,25.8,0.667,8.6,17.2,0.5,8.6,8.6,1.0,0.0,0.0,0.0,17.2,0.0,0.0,0.0,0.0,0.0,25.8,51.6,60.2,77.5,0,0,77.5,1,13222,1,13222,24388,258,677,3281,349,394,3944,1145,2120,1,14058,22137,23286,157,16469,12854,8263,8846,20257,18,143,361,248,2246,150,194,1,4:11
2024-25,1629675,Naz Reid,Naz,1610612750,MIN,Minnesota Timberwolves,0022400858,2025-02-28T00:00:00,MIN @ UTA,L,41.1,8.8,21.9,0.4,5.3,13.1,0.4,0.9,1.8,0.5,3.5,6.1,9.6,4.4,1.8,2.6,0.9,0.9,2.6,0.9,23.6,-4.4,50.5,1,0,49.9,1,13222,1,13222,356,5160,1867,14933,1989,1233,7874,13469,13246,10625,4373,8038,5886,8931,11728,4073,8150,8723,12336,17689,5023,15260,3118,1,150,2553,1,41:06
2024-25,1628381,John Collins,John,1610612762,UTA,Utah Jazz,0022400858,2025-02-28T00:00:00,UTA vs. MIN,W,26.966666666666665,16.0,24.0,0.667,4.0,8.0,0.5,2.7,4.0,0.667,4.0,12.0,16.0,1.3,4.0,0.0,1.3,1.3,4.0,5.3,38.7,14.7,59.9,1,0,62.7,1,1,13086,1,10359,356,1046,3281,3987,6429,3944,8641,7836,9425,3591,1344,1425,18549,3875,12854,5501,5476,7126,3572,537,5749,1205,1,150,595,1,26:58
2024-25,1629614,Andrew Nembhard,Andrew,1610612754,IND,Indiana Pacers,0022400854,2025-02-28T00:00:00,IND @ MIA,L,37.4,3.9,6.7,0.571,1.0,1.9,0.5,0.0,0.0,0.0,1.0,1.9,2.9,10.6,1.9,1.0,1.9,1.0,1.0,0.0,8.7,1.0,34.7,0,0,28.9,1,13222,1,13222,1739,17449,21848,6538,14741,19694,3944,13505,14344,13505,13554,19905,20021,1167,10929,12261,3692,8244,19898,17725,19384,12182,11250,2246,150,14797,1,37:24
2024-25,1630245,Ayo Dosunmu,Ayo,1610612741,CHI,Chicago Bulls,0022400855,2025-02-28T00:00:00,CHI vs. TOR,W,22.655,7.9,14.3,0.556,0.0,3.2,0.0,1.6,3.2,0.5,0.0,7.9,7.9,3.2,1.6,1.6,0.0,0.0,3.2,1.6,17.5,14.3,35.0,0,0,31.8,1,1,13086,1,13986,6746,9694,7248,15070,17312,15070,11621,9555,10625,14058,4788,8374,12396,12387,8031,8263,8846,9960,14665,10346,5889,11081,2246,150,12556,1,22:39
2024-25,1641744,Zach Edey,Zach,1610612763,MEM,Memphis Grizzlies,0022400856,2025-02-28T00:00:00,MEM vs. NYK,L,23.668333333333333,6.1,7.6,0.8,0.0,0.0,0.0,3.0,3.0,1.0,7.6,9.1,16.7,1.5,0.0,0.0,3.0,1.5,4.6,1.5,15.2,7.6,46.7,1,0,39.5,1,13222,1,13222,13169,11275,20792,1688,15070,20945,15070,7689,9871,1,913,3382,1199,17900,16469,12854,1641,4691,5642,14923,12706,8833,4447,1,150,7040,1,23:40
2024-25,1629622,Max Strus,Max,1610612739,CLE,Cleveland Cavaliers,0022400852,2025-02-28T00:00:00,CLE @ BOS,W,21.616666666666667,1.7,5.0,0.333,0.0,3.3,0.0,0.0,0.0,0.0,1.7,5.0,6.7,3.3,0.0,0.0,0.0,0.0,3.3,1.7,3.3,-31.6,16.3,0,0,13.3,1,1,13086,1,14834,21940,23466,17395,15070,17002,15070,13505,14344,13505,9699,10890,10821,11877,16469,12854,8263,8846,9337,14389,22835,23982,22732,2246,150,23608,1,21:37
2024-25,1630231,KJ Martin,KJ,1610612762,UTA,Utah Jazz,0022400858,2025-02-28T00:00:00,UTA vs. MIN,W,21.611666666666668,8.3,8.3,1.0,0.0,0.0,0.0,1.7,3.3,0.5,1.7,5.0,6.7,0.0,1.7,1.7,1.7,0.0,0.0,1.7,18.3,-13.3,34.6,0,0,31.6,1,1,13086,1,14846,5927,19753,1,15070,20945,15070,11475,9236,10625,9698,10887,10816,19908,12061,7740,4376,8846,20257,14388,9498,19237,11334,2246,150,12668,1,21:37
2024-25,1629638,Nickeil Alexander-Walker,Nickeil,1610612750,MIN,Minnesota Timberwolves,0022400858,2025-02-28T00:00:00,MIN @ UTA,L,34.88333333333333,4.1,10.3,0.4,2.1,5.2,0.4,2.1,2.1,1.0,1.0,1.0,2.1,2.1,1.0,1.0,1.0,0.0,1.0,2.1,12.4,-14.4,23.1,0,0,22.7,1,13222,1,13222,3553,16778,16523,14933,9845,12800,7874,10427,12540,1,13013,21914,21673,16140,15620,11658,7259,8846,19516,12787,15737,19683,19486,2246,150,19212,1,34:53
2024-25,202699,Tobias Harris,Tobias,1610612765,DET,Detroit Pistons,0022400850,2025-02-28T00:00:00,DET vs. DEN,L,25.616666666666667,7.0,14.1,0.5,2.8,5.6,0.5,0.0,0.0,0.0,1.4,1.4,2.8,4.2,1.4,1.4,0.0,0.0,2.8,0.0,16.9,-37.9,29.4,0,0,29.5,1,13222,1,13222,11477,8864,10086,8526,7180,11658,3944,13505,14344,13505,10724,21067,20223,9345,13248,8869,8263,8846,11593,17725,10994,24692,15231,2246,150,14316,1,25:37
2024-25,203992,Bogdan Bogdanović,Bogdan,1610612746,LAC,LA Clippers,0022400859,2025-02-28T00:00:00,LAC @ LAL,L,19.643333333333334,3.7,14.7,0.25,1.8,11.0,0.167,1.8,3.7,0.5,0.0,0.0,0.0,1.8,1.8,0.0,0.0,0.0,1.8,1.8,11.0,-36.7,11.9,0,0,14.7,1,13222,1,13222,16313,17928,9114,20233,10943,2490,14236,11167,8554,10625,14058,22137,23286,16983,11400,12854,8263,8846,16022,13795,17183,24583,24027,2246,150,23192,1,19:39
2024-25,1630570,Trendon Watford,Trendon,1610612751,BKN,Brooklyn Nets,0022400853,2025-02-28T00:00:00,BKN vs. POR,L,16.183333333333334,4.4,13.3,0.333,0.0,0.0,0.0,2.2,4.4,0.5,0.0,6.7,6.7,4.4,6.7,4.4,0.0,2.2,6.7,2.2,11.1,-17.8,32.5,0,0,31.1,1,13222,1,13222,18806,15930,11216,17395,15070,20945,15070,9851,6937,10625,14058,6952,10788,8768,1042,1263,8263,2592,2244,12054,17061,20867,12960,2246,150,13046,1,16:11
2024-25,1630573,Sam Hauser,Sam,1610612738,BOS,Boston Celtics,0022400852,2025-02-28T00:00:00,BOS vs. CLE,L,37.72833333333333,1.9,7.6,0.25,1.9,5.7,0.333,0.0,0.0,0.0,1.9,3.8,5.7,1.0,0.0,0.0,0.0,0.0,1.9,0.0,5.7,17.2,14.0,0,0,14.3,1,13222,1,13222,1555,21569,20735,20233,10596,11398,9209,13505,14344,13505,8781,14272,12953,19797,16469,12854,8263,8846,15626,17725,21577,4846,23494,2246,150,23317,1,37:44
2024-25,1642347,Jamal Shead,Jamal,1610612761,TOR,Toronto Raptors,0022400855,2025-02-28T00:00:00,TOR @ CHI,L,23.4,3.1,12.3,0.25,1.5,9.2,0.167,0.0,0.0,0.0,0.0,3.1,3.1,3.1,1.5,0.0,0.0,0.0,4.6,0.0,7.7,-26.2,14.5,0,0,15.4,1,13222,1,13222,13381,19257,13058,20233,11900,4481,14236,13505,14344,13505,14058,16473,19535,12675,12586,12854,8263,8846,5503,17725,20169,23063,23343,2246,150,22924,1,23:24
2024-25,1630553,Keon Johnson,Keon,1610612751,BKN,Brooklyn Nets,0022400853,2025-02-28T00:00:00,BKN vs. POR,L,29.683333333333334,3.6,9.7,0.375,1.2,3.6,0.333,3.6,4.9,0.75,4.9,2.4,7.3,0.0,3.6,1.2,0.0,1.2,2.4,3.6,12.1,-10.9,20.9,0,0,23.0,1,13222,1,13222,8057,17991,17573,16299,13299,16359,9209,6410,6198,8186,2505,18411,9613,19908,4699,10066,8263,6167,13094,7289,15999,18284,20763,2246,150,18987,1,29:41
2024-25,1630595,Cade Cunningham,Cade,1610612765,DET,Detroit Pistons,0022400850,2025-02-28T00:00:00,DET vs. DEN,L,28.003333333333334,3.9,15.4,0.25,0.0,2.6,0.0,6.4,6.4,1.0,0.0,3.9,3.9,6.4,2.6,2.6,0.0,1.3,3.9,3.9,14.1,-25.7,33.6,0,0,29.6,1,13222,1,13222,9542,17433,7930,20233,15070,18499,15070,2474,3974,1,14058,14167,17692,4821,7983,4202,8263,5726,7590,6692,13797,22961,12157,2246,150,14276,1,28:00
2024-25,1629013,Landry Shamet,Landry,1610612752,NYK,New York Knicks,0022400856,2025-02-28T00:00:00,NYK @ MEM,W,15.616666666666667,4.6,4.6,1.0,2.3,2.3,1.0,0.0,0.0,0.0,0.0,0.0,0.0,4.6,0.0,2.3,0.0,0.0,0.0,0.0,11.5,-4.6,25.4,0,0,23.1,1,1,13086,1,19188,15460,23737,1,8828,18972,1,13505,14344,13505,14058,22137,23286,8390,16469,5016,8263,8846,20257,17725,16645,15373,18037,2246,150,18979,1,15:37
2024-25,1631124,Julian Strawther,Julian,1610612743,DEN,Denver Nuggets,0022400850,2025-02-28T00:00:00,DEN @ DET,W,26.715,4.0,9.4,0.429,0.0,4.0,0.0,0.0,1.3,0.0,0.0,1.3,1.3,1.3,2.7,1.3,0.0,0.0,0.0,1.3,8.1,-16.2,13.1,0,0,13.5,1,1,13086,1,10561,16990,18065,13735,15070,15493,15070,13505,13665,13505,14058,21192,22762,18511,7547,9200,8263,8846,20257,15691,19846,20315,23747,2246,150,23561,1,26:43
2024-25,1629652,Luguentz Dort,Luguentz,1610612760,OKC,Oklahoma City Thunder,0022400851,2025-02-28T00:00:00,OKC @ ATL,W,32.18333333333333,7.8,14.5,0.538,6.7,12.3,0.545,0.0,0.0,0.0,1.1,3.4,4.5,1.1,0.0,2.2,0.0,0.0,3.4,2.2,22.4,16.8,36.1,0,0,39.2,1,1,13086,1,5816,7007,9294,7978,891,1620,3863,13505,14344,13505,12337,15626,16111,19297,16469,5254,8263,8846,9232,11995,5949,4977,10281,2246,150,7298,1,32:11
2024-25,1629599,Amir Coffey,Amir,1610612746,LAC,LA Clippers,0022400859,2025-02-28T00:00:00,LAC @ LAL,L,22.166666666666668,1.6,11.4,0.143,0.0,8.1,0.0,3.2,3.2,1.0,0.0,1.6,1.6,3.2,3.2,1.6,0.0,1.6,3.2,1.6,6.5,-22.7,14.9,0,0,14.6,1,13222,1,13222,14372,22000,14711,22260,15070,6239,15070,7205,9418,1,14058,20622,22408,12147,5663,7903,8263,4373,9653,14544,21048,22274,23201,2246,150,23209,1,22:10
2024-25,1631115,Orlando Robinson,Orlando,1610612761,TOR,Toronto Raptors,0022400855,2025-02-28T00:00:00,TOR @ CHI,L,24.141666666666666,6.0,16.4,0.364,1.5,4.5,0.333,4.5,6.0,0.75,4.5,7.5,11.9,4.5,1.5,0.0,1.5,0.0,1.5,4.5,17.9,-23.9,41.9,0,0,38.8,1,13222,1,13222,12772,11619,6544,16861,12073,14512,9209,4877,4523,8186,2956,5573,3561,8717,12788,12854,4888,8846,17259,5202,9936,22538,6666,2246,150,7536,1,24:09
2024-25,1631255,Karlo Matković,Karlo,1610612740,NOP,New Orleans Pelicans,0022400857,2025-02-28T00:00:00,NOP @ PHX,L,21.65,1.7,13.3,0.125,0.0,3.3,0.0,0.0,0.0,0.0,3.3,5.0,8.3,1.7,3.3,0.0,0.0,0.0,1.7,1.7,3.3,-15.0,12.5,0,0,13.3,1,13222,1,13222,14796,21944,11298,22420,15070,17011,15070,13505,14344,13505,4696,10904,7747,17469,5436,12854,8263,8846,16653,14401,22839,19889,23904,2246,150,23616,1,21:39
2024-25,203991,Clint Capela,Clint,1610612737,ATL,Atlanta Hawks,0022400851,2025-02-28T00:00:00,ATL vs. OKC,L,10.58,0.0,6.8,0.0,0.0,0.0,0.0,0.0,0.0,0.0,6.8,6.8,13.6,0.0,3.4,0.0,0.0,0.0,0.0,0.0,0.0,-44.2,12.9,0,0,13.6,1,13222,1,13222,21882,22635,21782,22635,15070,20945,15070,13505,14344,13505,1228,6697,2424,19908,5226,12854,8263,8846,20257,17725,23200,25135,23789,2246,150,23527,1,10:35
2024-25,1627777,Georges Niang,Georges,1610612737,ATL,Atlanta Hawks,0022400851,2025-02-28T00:00:00,ATL vs. OKC,L,28.216666666666665,5.1,15.3,0.333,3.8,11.5,0.333,3.8,5.1,0.75,0.0,5.1,5.1,2.6,0.0,0.0,0.0,0.0,1.3,5.1,17.9,-6.4,27.8,0,0,29.3,1,13222,1,13222,9369,14076,8099,17395,4366,2119,9209,6028,5749,8186,14058,10562,14509,14359,16469,12854,8263,8846,18139,3920,9959,16240,16353,2246,150,14452,1,28:13
2024-25,1641763,Julian Phillips,Julian,1610612741,CHI,Chicago Bulls,0022400855,2025-02-28T00:00:00,CHI vs. TOR,W,7.95,4.5,4.5,1.0,4.5,4.5,1.0,0.0,0.0,0.0,0.0,4.5,4.5,0.0,0.0,0.0,0.0,0.0,0.0,0.0,13.6,-13.6,19.0,0,0,22.6,1,1,13086,1,22828,15678,23788,1,3020,14359,1,13505,14344,13505,14058,12179,15974,19908,16469,12854,8263,8846,20257,17725,14391,19332,21631,2246,150,19248,1,7:57
2024-25,1630533,Ziaire Williams,Ziaire,1610612751,BKN,Brooklyn Nets,0022400853,2025-02-28T00:00:00,BKN vs. POR,L,10.466666666666667,6.9,13.8,0.5,3.4,6.9,0.5,0.0,0.0,0.0,0.0,0.0,0.0,3.4,0.0,3.4,0.0,0.0,0.0,0.0,17.2,-44.7,32.7,0,0,31.0,1,13222,1,13222,21929,9213,10554,8526,5288,8711,3944,13505,14344,13505,14058,22137,23286,11580,16469,2319,8263,8846,20257,17725,10635,25169,12820,2246,150,13198,1,10:28
2024-25,201143,Al Horford,Al,1610612738,BOS,Boston Celtics,0022400852,2025-02-28T00:00:00,BOS vs. CLE,L,37.571666666666665,1.9,3.8,0.5,1.0,1.0,1.0,0.0,0.0,0.0,1.0,5.7,6.7,1.9,1.0,0.0,0.0,1.0,0.0,0.0,4.8,3.8,14.8,0,0,14.4,1,13222,1,13222,1646,21555,24171,8526,14758,20893,1,13505,14344,13505,13586,8924,10722,16694,16099,12854,8263,8280,20257,17725,22135,10736,23259,2246,150,23297,1,37:34
2024-25,1641810,Antonio Reeves,Antonio,1610612740,NOP,New Orleans Pelicans,0022400857,2025-02-28T00:00:00,NOP @ PHX,L,20.75,6.9,12.1,0.571,3.5,6.9,0.5,1.7,1.7,1.0,1.7,1.7,3.5,1.7,1.7,1.7,0.0,0.0,5.2,1.7,19.1,-20.8,29.3,0,0,31.2,1,13222,1,13222,15455,9071,13336,6538,5219,8593,3944,11357,13264,1,9461,20394,18618,17271,11798,7502,8263,8846,4180,14169,8772,21786,15269,2246,150,12975,1,20:45
2024-25,1628379,Luke Kennard,Luke,1610612763,MEM,Memphis Grizzlies,0022400856,2025-02-28T00:00:00,MEM vs. NYK,L,23.625,4.6,10.7,0.429,0.0,6.1,0.0,0.0,0.0,0.0,0.0,1.5,1.5,4.6,1.5,0.0,0.0,0.0,0.0,0.0,9.1,-1.5,16.3,0,0,15.2,1,13222,1,13222,13211,15567,15944,13735,15070,10448,15070,13505,14344,13505,14058,20824,22544,8475,12645,12854,8263,8846,20257,17725,18951,13810,22736,2246,150,22977,1,23:38
2024-25,203501,Tim Hardaway Jr.,Tim,1610612765,DET,Detroit Pistons,0022400850,2025-02-28T00:00:00,DET vs. DEN,L,17.483333333333334,8.2,22.7,0.364,2.1,14.4,0.143,2.1,2.1,1.0,0.0,2.1,2.1,4.1,2.1,0.0,0.0,4.1,2.1,2.1,20.6,-43.2,27.2,0,0,28.8,1,13222,1,13222,17940,6123,1525,16861,9876,822,14649,10441,12558,1,14058,19481,21681,9612,10217,12854,8263,612,14816,12804,7406,25076,16831,2246,150,14843,1,17:29
2024-25,1631288,Jamal Cain,Jamal,1610612740,NOP,New Orleans Pelicans,0022400857,2025-02-28T00:00:00,NOP @ PHX,L,12.083333333333334,3.0,6.0,0.5,3.0,3.0,1.0,3.0,6.0,0.5,3.0,0.0,3.0,3.0,0.0,8.9,0.0,0.0,0.0,6.0,11.9,20.9,46.8,0,0,38.7,1,13222,1,13222,21195,19476,22648,8526,6591,17707,1,7874,4534,10625,5396,22137,19794,13002,16469,149,8263,8846,20257,2678,16225,3733,4414,2246,150,7571,1,12:05
2024-25,1629014,Anfernee Simons,Anfernee,1610612757,POR,Portland Trail Blazers,0022400853,2025-02-28T00:00:00,POR @ BKN,W,31.416666666666668,6.9,12.6,0.545,2.3,6.9,0.333,0.0,0.0,0.0,1.1,2.3,3.4,6.9,2.3,1.1,0.0,0.0,0.0,2.3,16.0,17.2,31.6,0,0,30.9,1,1,13086,1,6487,9232,12563,7695,8883,8723,9209,13505,14344,13505,12148,18787,18694,4174,9112,10625,8263,8846,20257,11784,11877,4843,13594,2246,150,13217,1,31:25
2024-25,1630191,Isaiah Stewart,Isaiah,1610612765,DET,Detroit Pistons,0022400850,2025-02-28T00:00:00,DET vs. DEN,L,19.513333333333332,3.7,3.7,1.0,1.8,1.8,1.0,3.7,7.4,0.5,1.8,7.4,9.2,0.0,0.0,0.0,3.7,0.0,9.2,3.7,12.9,-7.4,35.1,0,0,31.4,1,13222,1,13222,16415,17867,24232,1,10899,19840,1,6309,3015,10625,9065,5710,6409,19908,16469,12854,1085,8846,892,7155,15186,16672,11018,2246,150,12885,1,19:31
2024-25,1631101,Shaedon Sharpe,Shaedon,1610612757,POR,Portland Trail Blazers,0022400853,2025-02-28T00:00:00,POR @ BKN,W,35.88333333333333,9.0,14.0,0.643,4.0,6.0,0.667,3.0,5.0,0.6,1.0,3.0,4.0,5.0,3.0,0.0,1.0,1.0,3.0,4.0,25.1,15.0,37.4,0,0,40.1,1,1,13086,1,2764,4652,10101,4607,3971,10644,1957,7775,5891,10343,13228,16679,17287,7429,6435,12854,7460,7891,10668,6275,4176,5614,9396,2246,150,6708,1,35:53
2024-25,1642266,Ja'Kobe Walter,Ja'Kobe,1610612761,TOR,Toronto Raptors,0022400855,2025-02-28T00:00:00,TOR @ CHI,L,21.816666666666666,5.0,11.6,0.429,0.0,1.7,0.0,1.7,1.7,1.0,5.0,1.7,6.6,1.7,1.7,0.0,0.0,0.0,5.0,1.7,11.6,3.3,20.3,0,0,19.8,1,13222,1,13222,14648,14545,14384,13735,15070,20108,15070,11505,13341,1,2421,20565,10945,17504,12135,12854,8263,8846,4725,14448,16613,10972,21026,2246,150,20981,1,21:49
2024-25,1629012,Collin Sexton,Collin,1610612762,UTA,Utah Jazz,0022400858,2025-02-28T00:00:00,UTA vs. MIN,W,16.933333333333334,10.6,23.4,0.455,4.3,8.5,0.5,2.1,2.1,1.0,0.0,2.1,2.1,6.4,0.0,0.0,0.0,0.0,0.0,4.3,27.6,27.6,39.8,0,0,40.4,1,1,13086,1,18290,2581,1256,12676,3481,5577,3944,10212,12333,1,14058,19284,21560,4882,16469,12854,8263,8846,20257,5718,2915,2320,7914,2246,150,6550,1,16:56
2024-25,1641816,Hunter Tyson,Hunter,1610612743,DEN,Denver Nuggets,0022400850,2025-02-28T00:00:00,DEN @ DET,W,3.6,0.0,0.0,0.0,0.0,0.0,0.0,0.0,0.0,0.0,0.0,0.0,0.0,0.0,0.0,0.0,0.0,0.0,10.0,0.0,0.0,-90.0,0.0,0,0,0.0,1,1,13086,1,24663,22635,24836,22635,15070,20945,15070,13505,14344,13505,14058,22137,23286,19908,16469,12854,8263,8846,701,17725,23200,26088,25228,2246,150,25259,1,3:36
2024-25,1631117,Walker Kessler,Walker,1610612762,UTA,Utah Jazz,0022400858,2025-02-28T00:00:00,UTA vs. MIN,W,25.883333333333333,5.6,9.7,0.571,0.0,0.0,0.0,1.4,2.8,0.5,4.2,13.9,18.1,1.4,0.0,1.4,2.8,1.4,0.0,1.4,12.5,32.0,48.8,0,0,40.3,1,1,13086,1,11254,12812,17502,6538,15070,20945,15070,12039,10530,10625,3331,778,874,18371,16469,8954,1978,5214,20257,15490,15578,1735,3691,2246,150,6586,1,25:53
2024-25,1641871,Duop Reath,Duop,1610612757,POR,Portland Trail Blazers,0022400853,2025-02-28T00:00:00,POR @ BKN,W,2.783333333333333,0.0,12.9,0.0,0.0,12.9,0.0,0.0,0.0,0.0,0.0,0.0,0.0,0.0,0.0,0.0,0.0,0.0,0.0,0.0,0.0,-77.6,0.0,0,0,0.0,1,1,13086,1,25072,22635,11965,22635,15070,1333,15070,13505,14344,13505,14058,22137,23286,19908,16469,12854,8263,8846,20257,17725,23200,25983,25228,2246,150,25259,1,2:47
2024-25,1642461,Spencer Jones,Spencer,1610612743,DEN,Denver Nuggets,0022400850,2025-02-28T00:00:00,DEN @ DET,W,3.5,0.0,0.0,0.0,0.0,0.0,0.0,0.0,0.0,0.0,0.0,10.3,10.3,0.0,0.0,0.0,0.0,0.0,10.3,0.0,0.0,-92.6,12.3,0,0,10.3,1,1,13086,1,24704,22635,24836,22635,15070,20945,15070,13505,14344,13505,14058,2361,5131,19908,16469,12854,8263,8846,643,17725,23200,26105,23935,2246,150,24372,1,3:30
2024-25,1629011,Mitchell Robinson,Mitchell,1610612752,NYK,New York Knicks,0022400856,2025-02-28T00:00:00,NYK @ MEM,W,12.346666666666666,8.7,11.7,0.75,0.0,0.0,0.0,0.0,0.0,0.0,2.9,11.7,14.6,2.9,0.0,0.0,0.0,0.0,2.9,0.0,17.5,32.1,39.4,0,0,35.0,1,1,13086,1,21080,5189,14193,2107,15070,20945,15070,13505,14344,13505,5547,1538,1968,13220,16469,12854,8263,8846,11111,17725,10328,1726,8162,2246,150,10102,1,12:21
2024-25,1641809,Drew Peterson,Drew,1610612738,BOS,Boston Celtics,0022400852,2025-02-28T00:00:00,BOS vs. CLE,L,1.45,0.0,0.0,0.0,0.0,0.0,0.0,0.0,0.0,0.0,0.0,0.0,0.0,0.0,0.0,0.0,0.0,0.0,0.0,0.0,0.0,0.0,0.0,0,0,0.0,1,13222,1,13222,25835,22635,24836,22635,15070,20945,15070,13505,14344,13505,14058,22137,23286,19908,16469,12854,8263,8846,20257,17725,23200,12240,25228,2246,150,25259,1,1:27
2024-25,1641740,Jaylen Clark,Jaylen,1610612750,MIN,Minnesota Timberwolves,0022400858,2025-02-28T00:00:00,MIN @ UTA,L,15.833333333333334,4.5,11.4,0.4,2.3,6.8,0.333,0.0,0.0,0.0,2.3,0.0,2.3,4.5,2.3,6.8,0.0,0.0,4.5,0.0,11.4,31.8,39.1,0,0,34.1,1,13222,1,13222,19040,15628,14711,14933,8952,8849,9209,13505,14344,13505,7332,22137,21258,8532,9191,333,8263,8846,5669,17725,16824,1755,8334,2246,150,10772,1,15:50
2024-25,1631207,Dalen Terry,Dalen,1610612741,CHI,Chicago Bulls,0022400855,2025-02-28T00:00:00,CHI vs. TOR,W,4.0,0.0,9.0,0.0,0.0,0.0,0.0,0.0,0.0,0.0,0.0,0.0,0.0,0.0,0.0,0.0,0.0,9.0,9.0,0.0,0.0,-63.0,0.0,0,0,0.0,1,1,13086,1,24480,22635,18708,22635,15070,20945,15070,13505,14344,13505,14058,22137,23286,19908,16469,12854,8263,85,963,17725,23200,25749,25228,2246,150,25259,1,4:00
2024-25,203937,Kyle Anderson,Kyle,1610612748,MIA,Miami Heat,0022400854,2025-02-28T00:00:00,MIA vs. IND,W,6.23,5.8,5.8,1.0,5.8,5.8,1.0,0.0,0.0,0.0,0.0,5.8,5.8,5.8,5.8,0.0,0.0,0.0,5.8,0.0,17.3,-34.7,27.2,0,0,34.7,1,1,13086,1,23501,12176,22833,1,1505,11259,1,13505,14344,13505,14058,8839,12815,5895,1581,12854,8263,8846,3259,17725,10491,24374,16845,2246,150,10321,1,6:14
2024-25,1642265,Rob Dillingham,Rob,1610612750,MIN,Minnesota Timberwolves,0022400858,2025-02-28T00:00:00,MIN @ UTA,L,17.966666666666665,4.0,8.0,0.5,0.0,2.0,0.0,0.0,0.0,0.0,2.0,4.0,6.0,8.0,2.0,6.0,0.0,0.0,2.0,2.0,8.0,22.0,43.3,0,0,34.1,1,13222,1,13222,17583,17072,20238,8526,15070,19553,15070,13505,14344,13505,8365,13695,12246,2874,10505,462,8263,8846,15126,13062,19910,3449,5996,2246,150,10800,1,17:58
2024-25,1628470,Torrey Craig,Torrey,1610612738,BOS,Boston Celtics,0022400852,2025-02-28T00:00:00,BOS vs. CLE,L,2.9516666666666667,0.0,0.0,0.0,0.0,0.0,0.0,0.0,0.0,0.0,0.0,0.0,0.0,0.0,0.0,0.0,0.0,0.0,0.0,0.0,0.0,-97.6,0.0,0,0,0.0,1,13222,1,13222,25006,22635,24836,22635,15070,20945,15070,13505,14344,13505,14058,22137,23286,19908,16469,12854,8263,8846,20257,17725,23200,26134,25228,2246,150,25259,1,2:57
2024-25,1631321,Sidy Cissoko,Sidy,1610612757,POR,Portland Trail Blazers,0022400853,2025-02-28T00:00:00,POR @ BKN,W,3.9833333333333334,0.0,0.0,0.0,0.0,0.0,0.0,0.0,0.0,0.0,0.0,0.0,0.0,0.0,9.0,0.0,0.0,0.0,9.0,0.0,0.0,-45.2,-9.0,0,0,0.0,1,1,13086,1,24489,22635,24836,22635,15070,20945,15070,13505,14344,13505,14058,22137,23286,19908,419,12854,8263,8846,950,17725,23200,25190,26213,2246,150,25259,1,3:59
2024-25,1630322,Lindy Waters III,Lindy,1610612765,DET,Detroit Pistons,0022400850,2025-02-28T00:00:00,DET vs. DEN,L,4.183333333333334,0.0,17.2,0.0,0.0,17.2,0.0,0.0,0.0,0.0,0.0,0.0,0.0,0.0,8.6,0.0,0.0,0.0,0.0,0.0,0.0,60.2,-8.6,0,0,0.0,1,13222,1,13222,24388,22635,5562,22635,15070,394,15070,13505,14344,13505,14058,22137,23286,19908,481,12854,8263,8846,20257,17725,23200,361,26209,2246,150,25259,1,4:11
2024-25,1641712,Rayan Rupert,Rayan,1610612757,POR,Portland Trail Blazers,0022400853,2025-02-28T00:00:00,POR @ BKN,W,3.9833333333333334,0.0,9.0,0.0,0.0,9.0,0.0,0.0,0.0,0.0,0.0,0.0,0.0,0.0,9.0,0.0,0.0,0.0,18.1,0.0,0.0,-45.2,-9.0,0,0,0.0,1,1,13086,1,24489,22635,18660,22635,15070,4762,15070,13505,14344,13505,14058,22137,23286,19908,419,12854,8263,8846,150,17725,23200,25190,26213,2246,150,25259,1,3:59
2024-25,1642367,Jonathan Mogbo,Jonathan,1610612761,TOR,Toronto Raptors,0022400855,2025-02-28T00:00:00,TOR @ CHI,L,28.466666666666665,0.0,5.1,0.0,0.0,2.5,0.0,0.0,0.0,0.0,2.5,2.5,5.1,1.3,0.0,1.3,1.3,0.0,2.5,0.0,0.0,-5.1,15.6,0,0,11.4,1,13222,1,13222,9147,22635,23421,22635,15070,18576,15070,13505,14344,13505,6525,18108,14638,18775,16469,9687,5826,8846,12674,17725,23200,15626,23009,2246,150,24136,1,28:28
2024-25,1642377,Jaylen Wells,Jaylen,1610612763,MEM,Memphis Grizzlies,0022400856,2025-02-28T00:00:00,MEM vs. NYK,L,22.111666666666668,1.6,4.9,0.333,1.6,4.9,0.333,0.0,0.0,0.0,0.0,1.6,1.6,3.3,1.6,0.0,0.0,0.0,3.3,0.0,4.9,14.7,10.1,0,0,11.4,1,13222,1,13222,14412,21997,23544,17395,11606,13482,9209,13505,14344,13505,14058,20613,22402,12134,12225,12854,8263,8846,9631,17725,22075,5761,24398,2246,150,24134,1,22:07
2024-25,1631102,TyTy Washington Jr.,TyTy,1610612756,PHX,Phoenix Suns,0022400857,2025-02-28T00:00:00,PHX vs. NOP,W,1.7333333333333334,0.0,20.8,0.0,0.0,20.8,0.0,0.0,0.0,0.0,0.0,0.0,0.0,0.0,20.8,0.0,0.0,0.0,0.0,0.0,0.0,-83.1,-20.8,0,0,0.0,1,1,13086,1,25646,22635,2468,22635,15070,207,15070,13505,14344,13505,14058,22137,23286,19908,46,12854,8263,8846,20257,17725,23200,26034,26281,2246,150,25259,1,1:44
2024-25,203967,Dario Šarić,Dario,1610612743,DEN,Denver Nuggets,0022400850,2025-02-28T00:00:00,DEN @ DET,W,3.6,10.0,20.0,0.5,10.0,20.0,0.5,0.0,0.0,0.0,0.0,0.0,0.0,0.0,0.0,0.0,0.0,0.0,0.0,0.0,30.0,-90.0,30.0,0,0,40.0,1,1,13086,1,24663,3221,2966,8526,210,232,3944,13505,14344,13505,14058,22137,23286,19908,16469,12854,8263,8846,20257,17725,2081,26088,14793,2246,150,6780,1,3:36
2024-25,1626166,Cameron Payne,Cameron,1610612752,NYK,New York Knicks,0022400856,2025-02-28T00:00:00,NYK @ MEM,W,11.528333333333334,3.1,15.6,0.2,3.1,12.5,0.25,0.0,0.0,0.0,0.0,6.2,6.2,9.4,3.1,6.2,0.0,0.0,3.1,0.0,9.4,18.7,46.5,0,0,40.6,1,1,13086,1,21482,19145,7678,21401,6160,1528,11902,13505,14344,13505,14058,7798,11719,1776,6057,419,8263,8846,10191,17725,18760,4332,4523,2246,150,6444,1,11:32
2024-25,1630559,Austin Reaves,Austin,1610612747,LAL,Los Angeles Lakers,0022400859,2025-02-28T00:00:00,LAL vs. LAC,W,9.033333333333333,8.0,15.9,0.5,8.0,15.9,0.5,0.0,0.0,0.0,0.0,0.0,0.0,0.0,0.0,0.0,4.0,0.0,0.0,0.0,23.9,-31.9,35.9,0,0,39.9,1,1,13086,1,22439,6686,7194,8526,460,531,3944,13505,14344,13505,14058,22137,23286,19908,16469,12854,925,8846,20257,17725,4864,24016,10460,2246,150,6861,1,9:02
2024-25,1630581,Josh Giddey,Josh,1610612741,CHI,Chicago Bulls,0022400855,2025-02-28T00:00:00,CHI vs. TOR,W,40.483333333333334,6.2,15.1,0.412,1.8,5.3,0.333,2.7,3.6,0.75,0.0,7.1,7.1,10.7,0.9,0.9,0.9,0.9,2.7,3.6,16.9,14.2,45.9,1,0,40.0,1,1,13086,1,453,10902,8398,14791,11150,12366,9209,8649,8774,8186,14058,6150,9926,1129,16368,12710,8120,8704,12173,7516,10966,5923,4789,1,150,6773,1,40:29
2024-25,202692,Alec Burks,Alec,1610612748,MIA,Miami Heat,0022400854,2025-02-28T00:00:00,MIA vs. IND,W,20.6,8.7,15.7,0.556,5.2,8.7,0.6,0.0,0.0,0.0,0.0,5.2,5.2,1.7,5.2,0.0,0.0,0.0,1.7,0.0,22.7,21.0,26.4,0,0,35.0,1,1,13086,1,15566,5208,7506,7248,2008,5205,2992,13505,14344,13505,14058,10182,14184,17238,2070,12854,8263,8846,16380,17725,5691,3704,17357,2246,150,10130,1,20:36
2024-25,1630545,Terrence Shannon Jr.,Terrence,1610612750,MIN,Minnesota Timberwolves,0022400858,2025-02-28T00:00:00,MIN @ UTA,L,28.15,9.0,20.5,0.438,3.8,6.4,0.6,0.0,1.3,0.0,1.3,3.8,5.1,6.4,0.0,0.0,1.3,2.6,1.3,1.3,21.7,-7.7,41.3,0,0,39.6,1,13222,1,13222,9420,4807,2663,13558,4343,9768,2992,13505,13762,13505,11305,14213,14474,4862,16469,12854,5743,1940,18130,15994,6431,16817,6988,2246,150,6984,1,28:09
2024-25,1628418,Thomas Bryant,Thomas,1610612754,IND,Indiana Pacers,0022400854,2025-02-28T00:00:00,IND @ MIA,L,12.716666666666667,11.3,28.3,0.4,0.0,8.5,0.0,0.0,0.0,0.0,11.3,2.8,14.2,2.8,0.0,0.0,0.0,0.0,8.5,0.0,22.6,-17.0,43.9,0,0,39.6,1,13222,1,13222,20884,1987,373,14933,15070,5592,15070,13505,14344,13505,286,17292,2165,13494,16469,12854,8263,8846,1137,17725,5740,20614,5730,2246,150,6986,1,12:43
2024-25,1628436,Luke Kornet,Luke,1610612738,BOS,Boston Celtics,0022400852,2025-02-28T00:00:00,BOS vs. CLE,L,19.285,0.0,0.0,0.0,0.0,0.0,0.0,0.0,0.0,0.0,3.7,5.6,9.3,0.0,1.9,1.9,3.7,0.0,7.5,1.9,0.0,-48.5,26.1,0,0,20.5,1,13222,1,13222,16595,22635,24836,22635,15070,20945,15070,13505,14344,13505,3989,9303,6276,19908,11241,6941,1067,8846,1666,13663,23200,25342,17535,2246,150,20558,1,19:17
2024-25,1629632,Coby White,Coby,1610612741,CHI,Chicago Bulls,0022400855,2025-02-28T00:00:00,CHI vs. TOR,W,36.833333333333336,7.8,18.6,0.421,2.0,8.8,0.222,5.9,5.9,1.0,0.0,3.9,3.9,2.9,2.0,3.9,0.0,0.0,2.0,5.9,23.5,10.8,42.3,0,0,40.1,1,1,13086,1,2107,7029,4152,14442,10370,5115,13288,3010,4662,1,14058,13998,17546,13157,10755,1732,8263,8846,15381,2798,5163,7339,6464,2246,150,6744,1,36:50
2024-25,1630540,Miles McBride,Miles,1610612752,NYK,New York Knicks,0022400856,2025-02-28T00:00:00,NYK @ MEM,W,28.14666666666667,9.0,14.1,0.636,3.8,6.4,0.6,0.0,0.0,0.0,2.6,2.6,5.1,3.8,0.0,2.6,0.0,0.0,0.0,2.6,21.7,11.5,41.3,0,0,39.6,1,1,13086,1,9427,4803,10063,4689,4342,9767,2992,13505,14344,13505,6457,18039,14473,10399,16469,4235,8263,8846,20257,10770,6429,7007,6982,2246,150,6977,1,28:09
2024-25,201144,Mike Conley,Mike,1610612750,MIN,Minnesota Timberwolves,0022400858,2025-02-28T00:00:00,MIN @ UTA,L,23.55,1.5,7.6,0.2,1.5,6.1,0.25,0.0,0.0,0.0,0.0,1.5,1.5,9.2,0.0,1.5,0.0,0.0,1.5,1.5,4.6,-24.5,24.8,0,0,19.9,1,13222,1,13222,13273,22135,20724,21401,11928,10410,11902,13505,14344,13505,14058,20813,22536,1884,16469,8279,8263,8846,17118,14879,22243,22682,18445,2246,150,20929,1,23:33
2024-25,1631170,Jaime Jaquez Jr.,Jaime,1610612748,MIA,Miami Heat,0022400854,2025-02-28T00:00:00,MIA vs. IND,W,14.033333333333333,10.3,10.3,1.0,2.6,2.6,1.0,5.1,5.1,1.0,5.1,5.1,10.3,2.6,5.1,2.6,0.0,0.0,0.0,5.1,28.2,-2.6,46.9,0,0,48.7,1,1,13086,1,20182,2951,16635,1,7931,18510,1,3850,5709,1,2258,10475,5159,14322,2196,4212,8263,8846,20257,3877,2704,14341,4335,2246,150,2908,1,14:02
2024-25,1630173,Precious Achiuwa,Precious,1610612752,NYK,New York Knicks,0022400856,2025-02-28T00:00:00,NYK @ MEM,W,4.35,8.3,16.6,0.5,0.0,0.0,0.0,8.3,8.3,1.0,8.3,0.0,8.3,0.0,0.0,0.0,0.0,0.0,16.6,8.3,24.8,0.0,34.8,0,0,33.1,1,1,13086,1,24306,6026,6364,8526,15070,20945,15070,1284,2333,1,703,22137,7801,19908,16469,12854,8263,8846,190,901,4286,12240,11234,2246,150,11567,1,4:21
2024-25,1629312,Haywood Highsmith,Haywood,1610612748,MIA,Miami Heat,0022400854,2025-02-28T00:00:00,MIA vs. IND,W,29.241666666666667,4.9,7.4,0.667,1.2,3.7,0.333,0.0,0.0,0.0,1.2,2.5,3.7,1.2,0.0,1.2,2.5,0.0,2.5,1.2,11.1,2.5,28.4,0,0,24.6,1,1,13086,1,8461,14622,21094,3281,13202,16232,9209,13505,14344,13505,11600,18294,18086,18913,16469,9935,2445,8846,12941,16236,17115,11390,15913,2246,150,17937,1,29:15
2024-25,1627739,Kris Dunn,Kris,1610612746,LAC,LA Clippers,0022400859,2025-02-28T00:00:00,LAC @ LAL,L,29.323333333333334,7.4,11.0,0.667,2.5,3.7,0.667,0.0,0.0,0.0,2.5,8.6,11.0,7.4,1.2,4.9,0.0,0.0,6.1,0.0,17.2,14.7,55.0,0,0,47.9,1,13222,1,13222,8378,8088,15282,3281,8301,16257,1957,13505,14344,13505,6765,3949,4366,3551,14249,953,8263,8846,2779,17725,10646,5730,1984,2246,150,3193,1,29:19
2024-25,1628983,Shai Gilgeous-Alexander,Shai,1610612760,OKC,Oklahoma City Thunder,0022400851,2025-02-28T00:00:00,OKC @ ATL,W,34.416666666666664,12.6,24.1,0.522,3.1,7.3,0.429,4.2,4.2,1.0,0.0,3.1,3.1,5.2,1.0,2.1,0.0,0.0,0.0,4.2,32.4,24.1,49.3,0,0,48.1,1,1,13086,1,3913,1223,1039,8473,6123,7778,7394,5369,7441,1,14058,16312,19404,6980,15517,5825,8263,8846,20257,5878,1432,3011,3517,2246,150,3106,1,34:25
2024-25,1629611,Terance Mann,Terance,1610612737,ATL,Atlanta Hawks,0022400851,2025-02-28T00:00:00,ATL vs. OKC,L,26.2,6.9,12.4,0.556,4.1,5.5,0.75,0.0,0.0,0.0,5.5,1.4,6.9,4.1,1.4,0.0,0.0,0.0,1.4,0.0,17.9,-23.4,30.9,0,0,33.0,1,13222,1,13222,11004,9247,12948,7248,3731,11950,1542,13505,14344,13505,1947,21142,10382,9601,13433,12854,8263,8846,17722,17725,9957,22438,14114,2246,150,11664,1,26:12
2024-25,1629636,Darius Garland,Darius,1610612739,CLE,Cleveland Cavaliers,0022400852,2025-02-28T00:00:00,CLE @ BOS,W,31.536666666666665,10.3,26.3,0.391,2.3,8.0,0.286,0.0,0.0,0.0,1.1,2.3,3.4,8.0,1.1,0.0,0.0,2.3,0.0,4.6,22.8,-19.4,37.8,0,0,36.5,1,1,13086,1,6389,2938,604,15984,8913,6464,11433,13505,14344,13505,12186,18816,18716,2895,14854,12854,8263,2466,20257,5020,5610,21380,9172,2246,150,9029,1,31:32
2024-25,1631119,Jaylin Williams,Jaylin,1610612760,OKC,Oklahoma City Thunder,0022400851,2025-02-28T00:00:00,OKC @ ATL,W,12.833333333333334,2.8,2.8,1.0,2.8,2.8,1.0,0.0,0.0,0.0,2.8,8.4,11.2,8.4,0.0,2.8,0.0,0.0,2.8,5.6,8.4,47.7,42.9,0,0,36.5,1,1,13086,1,20823,19865,24554,1,7194,18049,1,13505,14344,13505,5847,4144,4220,2493,16469,3674,8263,8846,11624,3174,19585,619,6165,2246,150,9066,1,12:50
2024-25,1642268,Isaiah Collier,Isaiah,1610612762,UTA,Utah Jazz,0022400858,2025-02-28T00:00:00,UTA vs. MIN,W,30.183333333333334,4.8,9.5,0.5,0.0,2.4,0.0,3.6,4.8,0.75,0.0,3.6,3.6,16.7,7.2,0.0,0.0,0.0,1.2,2.4,13.1,19.1,35.3,1,0,33.4,1,1,13086,1,7604,15051,17870,8526,15070,18844,15070,6536,6351,8186,14058,14993,18373,174,830,12854,8263,8846,18572,11406,14960,4239,10867,1,150,11326,1,30:11
2024-25,1642261,Dalton Knecht,Dalton,1610612747,LAL,Los Angeles Lakers,0022400859,2025-02-28T00:00:00,LAL vs. LAC,W,17.89666666666667,6.0,12.1,0.5,4.0,6.0,0.667,0.0,0.0,0.0,2.0,0.0,2.0,2.0,2.0,2.0,0.0,0.0,6.0,0.0,16.1,4.0,25.5,0,0,28.2,1,1,13086,1,17640,11416,13471,8526,3955,10607,1957,13505,14344,13505,8338,22137,21775,16332,10463,6200,8263,8846,2897,17725,11826,10633,17908,2246,150,15322,1,17:54
2024-25,1642276,Kel'el Ware,Kel'el,1610612748,MIA,Miami Heat,0022400854,2025-02-28T00:00:00,MIA vs. IND,W,28.25,2.5,3.8,0.667,0.0,0.0,0.0,5.1,5.1,1.0,3.8,11.5,15.3,0.0,2.5,1.3,0.0,0.0,0.0,2.5,10.2,8.9,29.8,0,0,28.0,1,1,13086,1,9340,20371,24177,3281,15070,20945,15070,3894,5761,1,3847,1656,1651,19908,8049,9614,8263,8846,20257,10806,17959,8215,14927,2246,150,15401,1,28:15
2024-25,1629029,Luka Dončić,Luka,1610612747,LAL,Los Angeles Lakers,0022400859,2025-02-28T00:00:00,LAL vs. LAC,W,35.09,9.2,22.6,0.409,3.1,9.2,0.333,10.3,11.3,0.909,1.0,1.0,2.1,5.1,6.2,3.1,0.0,0.0,5.1,9.2,31.8,-13.3,45.0,0,0,48.2,1,1,13086,1,3395,4304,1558,14895,6281,4479,9209,635,953,6764,13053,21927,21697,7182,1292,2983,8263,8846,4322,585,1572,19248,5157,2246,150,3076,1,35:05
2024-25,1641722,Jordan Hawkins,Jordan,1610612740,NOP,New Orleans Pelicans,0022400857,2025-02-28T00:00:00,NOP @ PHX,L,31.033333333333335,11.6,19.7,0.588,3.5,8.1,0.429,1.2,2.3,0.5,2.3,0.0,2.3,4.6,2.3,3.5,1.2,0.0,0.0,3.5,27.8,-4.6,49.2,0,0,47.6,1,13222,1,13222,6853,1808,3167,6229,5189,6239,7394,12721,11717,10625,7174,22137,21153,8327,8983,2262,6421,8846,20257,7713,2842,15389,3546,2246,150,3283,1,31:02
2024-25,1628978,Donte DiVincenzo,Donte,1610612750,MIN,Minnesota Timberwolves,0022400858,2025-02-28T00:00:00,MIN @ UTA,L,26.066666666666666,5.5,18.0,0.308,5.5,13.8,0.4,0.0,0.0,0.0,0.0,9.7,9.7,6.9,0.0,2.8,1.4,0.0,2.8,2.8,16.6,19.3,51.0,0,0,47.0,1,13222,1,13222,11112,12922,4748,19226,1715,987,7874,13505,14344,13505,14058,2852,5842,4123,16469,3773,5309,8846,11789,10094,11308,4163,2999,2246,150,3488,1,26:04
2024-25,1626179,Terry Rozier,Terry,1610612748,MIA,Miami Heat,0022400854,2025-02-28T00:00:00,MIA vs. IND,W,11.363333333333333,6.3,15.8,0.4,0.0,0.0,0.0,0.0,0.0,0.0,0.0,3.2,3.2,9.5,0.0,0.0,0.0,0.0,6.3,0.0,12.7,-3.2,30.7,0,0,25.3,1,1,13086,1,21556,10599,7363,14933,15070,20945,15070,13505,14344,13505,14058,16199,19314,1703,16469,12854,8263,8846,2559,17725,15424,14659,14251,2246,150,17395,1,11:22
2024-25,201142,Kevin Durant,Kevin,1610612756,PHX,Phoenix Suns,0022400857,2025-02-28T00:00:00,PHX vs. NOP,W,35.25,7.1,10.2,0.7,2.0,2.0,1.0,1.0,1.0,1.0,1.0,1.0,2.0,6.1,2.0,3.1,0.0,0.0,3.1,2.0,17.4,22.5,36.2,0,0,33.7,1,1,13086,1,3274,8582,16707,3045,9951,19470,1,13169,14183,1,13080,21930,21713,5282,10293,3018,8263,8846,10417,12866,10460,3374,10263,2246,150,11072,1,35:15
2024-25,1642258,Zaccharie Risacher,Zaccharie,1610612737,ATL,Atlanta Hawks,0022400851,2025-02-28T00:00:00,ATL vs. OKC,L,31.816666666666666,4.5,11.3,0.4,2.3,6.8,0.333,2.3,4.5,0.5,1.1,9.1,10.2,2.3,7.9,0.0,0.0,1.1,4.5,2.3,13.6,-12.4,21.3,0,0,28.3,1,13222,1,13222,6140,15694,14801,14933,8996,8923,9209,9743,6792,10625,12248,3457,5246,15374,607,12854,8263,6778,5717,11888,14403,18920,20555,2246,150,15215,1,31:49
2024-25,1628401,Derrick White,Derrick,1610612738,BOS,Boston Celtics,0022400852,2025-02-28T00:00:00,BOS vs. CLE,L,41.1,4.4,10.5,0.417,3.5,8.8,0.4,1.8,1.8,1.0,0.0,0.9,0.9,4.4,0.9,2.6,0.0,0.0,2.6,1.8,14.0,-1.8,28.6,0,0,28.0,1,13222,1,13222,356,16127,16203,14532,5138,5168,7874,11326,13246,1,14058,22119,23275,8931,16389,4073,8263,8846,12336,14107,13917,13895,15770,2246,150,15404,1,41:06
2024-25,1628404,Josh Hart,Josh,1610612752,NYK,New York Knicks,0022400856,2025-02-28T00:00:00,NYK @ MEM,W,28.641666666666666,2.5,7.5,0.333,1.3,2.5,0.5,8.8,10.1,0.875,0.0,5.0,5.0,7.5,3.8,1.3,1.3,1.3,6.3,6.3,15.1,-5.0,36.2,0,0,33.9,1,1,13086,1,8992,20445,20872,17395,13056,18599,3944,1074,1343,6931,14058,10802,14730,3345,4393,9744,5869,5894,2621,2300,12823,15603,10240,2246,150,10902,1,28:39
2024-25,1629631,De'Andre Hunter,De'Andre,1610612739,CLE,Cleveland Cavaliers,0022400852,2025-02-28T00:00:00,CLE @ BOS,W,28.85,5.0,7.5,0.667,3.7,3.7,1.0,1.2,2.5,0.5,0.0,6.2,6.2,1.2,1.2,0.0,1.2,0.0,1.2,2.5,15.0,26.2,26.8,0,0,28.7,1,1,13086,1,8805,14407,20942,3281,4588,16114,1,12455,11219,10625,14058,7809,11733,18852,14109,12854,5906,8846,18284,11003,12932,2581,17068,2246,150,14928,1,28:51
2024-25,1629639,Tyler Herro,Tyler,1610612748,MIA,Miami Heat,0022400854,2025-02-28T00:00:00,MIA vs. IND,W,33.85333333333333,11.7,26.6,0.44,3.2,10.6,0.3,4.3,5.3,0.8,2.1,1.1,3.2,7.4,1.1,0.0,1.1,3.2,1.1,2.1,30.8,8.5,48.0,0,0,46.8,1,1,13086,1,4396,1722,546,13537,5981,2847,11319,5252,5435,7681,7863,21843,19259,3467,15396,12854,7037,1161,19318,12501,1823,8399,3995,2246,150,3554,1,33:51
2024-25,1628989,Kevin Huerter,Kevin,1610612741,CHI,Chicago Bulls,0022400855,2025-02-28T00:00:00,CHI vs. TOR,W,28.278333333333332,5.1,12.7,0.4,5.1,10.2,0.5,3.8,3.8,1.0,0.0,1.3,1.3,2.5,0.0,1.3,1.3,0.0,1.3,1.3,19.1,16.5,32.1,0,0,33.1,1,1,13086,1,9321,14117,12333,14933,2167,3296,3944,6042,8204,1,14058,21336,22846,14376,16469,9631,5778,8846,18154,16019,8765,5055,13264,2246,150,11574,1,28:17
2024-25,1642270,Donovan Clingan,Donovan,1610612757,POR,Portland Trail Blazers,0022400853,2025-02-28T00:00:00,POR @ BKN,W,27.983333333333334,6.4,10.3,0.625,0.0,0.0,0.0,2.6,9.0,0.286,3.9,5.1,9.0,3.9,1.3,0.0,2.6,0.0,3.9,6.4,15.4,28.3,38.5,0,0,33.4,1,1,13086,1,9556,10353,16574,4899,15070,20945,15070,8874,1863,13350,3795,10433,6726,10345,13873,12854,2256,8846,7579,2145,12477,2210,8727,2246,150,11281,1,27:59
2024-25,1629020,Jarred Vanderbilt,Jarred,1610612747,LAL,Los Angeles Lakers,0022400859,2025-02-28T00:00:00,LAL vs. LAC,W,14.71,0.0,2.4,0.0,0.0,0.0,0.0,7.3,9.8,0.75,2.4,9.8,12.2,0.0,0.0,2.4,0.0,0.0,2.4,4.9,7.3,48.9,29.4,0,0,24.5,1,1,13086,1,19766,22635,24657,22635,15070,20945,15070,1772,1460,8186,6784,2735,3322,19908,16469,4546,8263,8846,12997,4303,20452,580,15234,2246,150,18022,1,14:43
2024-25,1630700,Dyson Daniels,Dyson,1610612737,ATL,Atlanta Hawks,0022400851,2025-02-28T00:00:00,ATL vs. OKC,L,32.45333333333333,5.5,11.1,0.5,0.0,0.0,0.0,0.0,2.2,0.0,1.1,3.3,4.4,3.3,1.1,2.2,2.2,0.0,1.1,2.2,11.1,-7.8,33.6,0,0,27.7,1,13222,1,13222,5595,12867,15205,8526,15070,20945,15070,13505,12028,13505,12399,15710,16201,11893,15070,5324,2909,8846,19051,12083,17105,16864,12104,2246,150,15620,1,32:27
2024-25,1628366,Lonzo Ball,Lonzo,1610612741,CHI,Chicago Bulls,0022400855,2025-02-28T00:00:00,CHI vs. TOR,W,34.416666666666664,5.2,13.6,0.385,4.2,10.5,0.4,0.0,0.0,0.0,2.1,0.0,2.1,2.1,2.1,1.0,0.0,0.0,1.0,0.0,14.6,12.6,21.3,0,0,25.1,1,1,13086,1,3913,13723,10837,16070,3598,3015,7874,13505,14344,13505,7985,22137,21627,16029,10036,11535,8263,8846,19442,17725,13251,6583,20508,2246,150,17601,1,34:25
2024-25,1631246,Vince Williams Jr.,Vince,1610612763,MEM,Memphis Grizzlies,0022400856,2025-02-28T00:00:00,MEM vs. NYK,L,20.18,5.4,10.7,0.5,1.8,3.6,0.5,0.0,0.0,0.0,0.0,12.5,12.5,7.1,3.6,0.0,0.0,1.8,0.0,0.0,12.5,-33.9,34.6,0,0,33.9,1,13222,1,13222,15887,13398,15878,8526,11134,16517,3944,13505,14344,13505,14058,1160,3135,3840,4853,12854,8263,3942,20257,17725,15601,24288,11369,2246,150,10928,1,20:11
2024-25,1630598,Aaron Wiggins,Aaron,1610612760,OKC,Oklahoma City Thunder,0022400851,2025-02-28T00:00:00,OKC @ ATL,W,25.866666666666667,7.0,13.9,0.5,4.2,7.0,0.6,0.0,0.0,0.0,4.2,4.2,8.4,2.8,1.4,0.0,0.0,0.0,0.0,0.0,18.1,5.6,30.9,0,0,33.4,1,1,13086,1,11270,9023,10307,8526,3623,8547,2992,13505,14344,13505,3330,13183,7695,13638,13322,12854,8263,8846,20257,17725,9744,9811,14131,2246,150,11316,1,25:52
2024-25,1627751,Jakob Poeltl,Jakob,1610612761,TOR,Toronto Raptors,0022400855,2025-02-28T00:00:00,TOR @ CHI,L,22.408333333333335,8.0,11.2,0.714,0.0,0.0,0.0,0.0,0.0,0.0,1.6,4.8,6.4,4.8,4.8,3.2,0.0,0.0,1.6,1.6,16.1,19.3,35.8,0,0,33.7,1,13222,1,13222,14188,6569,14944,2752,15070,20945,15070,13505,14344,13505,9893,11378,11329,7865,2550,2713,8263,8846,16853,14607,11857,4178,10492,2246,150,11048,1,22:25
2024-25,1641824,Matas Buzelis,Matas,1610612741,CHI,Chicago Bulls,0022400855,2025-02-28T00:00:00,CHI vs. TOR,W,25.016666666666666,5.8,11.5,0.5,0.0,5.8,0.0,2.9,2.9,1.0,0.0,5.8,5.8,4.3,4.3,0.0,0.0,0.0,1.4,2.9,14.4,-15.8,23.5,0,0,24.5,1,1,13086,1,11990,12249,14451,8526,15070,11312,15070,8151,10287,1,14058,8898,12886,9081,3282,12854,8263,8846,17481,9663,13513,20205,19280,2246,150,18027,1,25:01
2024-25,1631200,Kris Murray,Kris,1610612757,POR,Portland Trail Blazers,0022400853,2025-02-28T00:00:00,POR @ BKN,W,29.883333333333333,6.0,9.6,0.625,1.2,4.8,0.25,0.0,0.0,0.0,0.0,2.4,2.4,1.2,2.4,3.6,0.0,0.0,1.2,0.0,13.3,0.0,26.4,0,0,25.3,1,1,13086,1,7889,11444,17697,4899,13332,13646,11902,13505,14344,13505,14058,18454,20990,19001,8613,2073,8263,8846,18506,17725,14804,12240,17361,2246,150,17435,1,29:53
2024-25,1628380,Zach Collins,Zach,1610612741,CHI,Chicago Bulls,0022400855,2025-02-28T00:00:00,CHI vs. TOR,W,40.05,4.5,9.0,0.5,0.0,3.6,0.0,4.5,5.4,0.833,4.5,7.2,11.7,4.5,0.9,0.9,0.9,0.0,1.8,2.7,13.5,25.2,38.7,1,0,33.3,1,1,13086,1,549,15799,18744,8526,15070,16451,15070,4846,5325,7275,2928,6018,3772,8666,16349,12670,8091,8846,16200,10326,14524,2778,8569,1,150,11446,1,40:03
2024-25,1630583,Santi Aldama,Santi,1610612763,MEM,Memphis Grizzlies,0022400856,2025-02-28T00:00:00,MEM vs. NYK,L,21.35333333333333,6.7,18.5,0.364,1.7,10.1,0.167,0.0,0.0,0.0,5.1,3.4,8.4,3.4,1.7,0.0,0.0,0.0,0.0,0.0,15.2,-8.4,28.7,0,0,28.7,1,13222,1,13222,15031,9588,4179,16861,11446,3360,14236,13505,14344,13505,2317,15590,7580,11766,11979,12854,8263,8846,20257,17725,12740,17151,15752,2246,150,14955,1,21:21
2024-25,202695,Kawhi Leonard,Kawhi,1610612746,LAC,LA Clippers,0022400859,2025-02-28T00:00:00,LAC @ LAL,L,37.71666666666667,7.6,16.2,0.471,2.9,7.6,0.375,1.9,5.7,0.333,1.9,1.9,3.8,2.9,1.9,1.9,0.0,0.0,1.0,4.8,20.0,6.7,32.7,0,0,33.4,1,13222,1,13222,1557,7425,6797,12143,7013,7112,8800,10917,4858,13132,8776,19947,17781,13404,10996,6721,8263,8846,19942,4567,7891,9297,12773,2246,150,11312,1,37:43
2024-25,1630530,Trey Murphy III,Trey,1610612740,NOP,New Orleans Pelicans,0022400857,2025-02-28T00:00:00,NOP @ PHX,L,34.61666666666667,3.1,8.3,0.375,2.1,5.2,0.4,2.1,2.1,1.0,0.0,3.1,3.1,8.3,4.2,1.0,1.0,0.0,2.1,2.1,10.4,-19.8,28.7,0,0,28.1,1,13222,1,13222,3771,19153,19766,16299,9770,12704,7874,10355,12481,1,14058,16361,19434,2591,3565,11584,7192,8846,14706,12711,17759,21481,15711,2246,150,15372,1,34:37
2024-25,1629026,Kenrich Williams,Kenrich,1610612760,OKC,Oklahoma City Thunder,0022400851,2025-02-28T00:00:00,OKC @ ATL,W,18.855,3.8,7.6,0.5,1.9,5.7,0.333,0.0,0.0,0.0,1.9,5.7,7.6,9.5,3.8,0.0,0.0,0.0,3.8,0.0,9.5,17.2,29.2,0,0,28.6,1,1,13086,1,16937,17520,20733,8526,10592,11392,9209,13505,14344,13505,8775,8977,8903,1678,4272,12854,8263,8846,7679,17725,18594,4844,15347,2246,150,14973,1,18:51
2024-25,1629651,Nic Claxton,Nic,1610612751,BKN,Brooklyn Nets,0022400853,2025-02-28T00:00:00,BKN vs. POR,L,23.25,9.3,13.9,0.667,0.0,0.0,0.0,6.2,7.7,0.8,3.1,4.6,7.7,4.6,0.0,0.0,0.0,0.0,1.5,4.6,24.8,-17.0,41.0,0,0,37.2,1,13222,1,13222,13513,4217,10266,3281,15070,20945,15070,2682,2716,7681,5138,11868,8733,8315,16469,12854,8263,8846,17056,4843,4326,20633,7156,2246,150,8607,1,23:15
2024-25,1630568,Luka Garza,Luka,1610612750,MIN,Minnesota Timberwolves,0022400858,2025-02-28T00:00:00,MIN @ UTA,L,17.5,10.3,14.4,0.714,2.1,6.2,0.333,10.3,18.5,0.556,2.1,0.0,2.1,2.1,0.0,4.1,0.0,0.0,0.0,10.3,32.9,22.6,50.8,0,0,47.3,1,13222,1,13222,17920,2923,9521,2752,9883,10258,9209,623,171,10597,8126,22137,21684,16161,16469,1528,8263,8846,20257,363,1342,3339,3041,2246,150,3370,1,17:30
2024-25,1631096,Chet Holmgren,Chet,1610612760,OKC,Oklahoma City Thunder,0022400851,2025-02-28T00:00:00,OKC @ ATL,W,14.833333333333334,7.3,19.4,0.375,0.0,9.7,0.0,2.4,4.9,0.5,0.0,9.7,9.7,7.3,2.4,0.0,0.0,4.9,0.0,7.3,17.0,29.1,37.1,0,0,34.0,1,1,13086,1,19683,8259,3407,16299,15070,3842,15070,9250,6191,10625,14058,2809,5788,3637,8543,12854,8263,395,20257,1457,10856,2086,9602,2246,150,10869,1,14:50
2024-25,1641717,Cason Wallace,Cason,1610612760,OKC,Oklahoma City Thunder,0022400851,2025-02-28T00:00:00,OKC @ ATL,W,27.976666666666667,5.1,11.6,0.444,0.0,2.6,0.0,0.0,0.0,0.0,0.0,3.9,3.9,5.1,1.3,2.6,0.0,1.3,3.9,0.0,10.3,9.0,29.1,0,0,24.4,1,1,13086,1,9566,13960,14346,13045,15070,18492,15070,13505,14344,13505,14058,14152,17685,7140,13869,4195,8263,5721,7577,17725,17864,8177,15430,2246,150,18040,1,27:59
2024-25,1627747,Caris LeVert,Caris,1610612737,ATL,Atlanta Hawks,0022400851,2025-02-28T00:00:00,ATL vs. OKC,L,27.4,11.8,21.0,0.563,3.9,11.8,0.333,2.6,2.6,1.0,0.0,3.9,3.9,3.9,3.9,2.6,0.0,0.0,1.3,2.6,30.2,-6.6,44.8,0,0,47.3,1,13222,1,13222,10016,1638,2322,7127,4110,1885,9209,8739,10912,1,14058,13907,17463,10100,3986,4067,8263,8846,17978,10550,2011,16322,5273,2246,150,3373,1,27:24
2024-25,203471,Dennis Schröder,Dennis,1610612765,DET,Detroit Pistons,0022400850,2025-02-28T00:00:00,DET vs. DEN,L,23.65,4.6,10.7,0.429,3.0,6.1,0.5,0.0,0.0,0.0,4.6,4.6,9.1,10.7,4.6,1.5,0.0,0.0,1.5,1.5,12.2,-7.6,39.1,0,0,38.1,1,13222,1,13222,13186,15576,15964,13735,6360,10467,3944,13505,14344,13505,2846,12074,6524,1137,2899,8308,8263,8846,17137,14911,15946,16792,8319,2246,150,7991,1,23:39
2024-25,1626167,Myles Turner,Myles,1610612754,IND,Indiana Pacers,0022400854,2025-02-28T00:00:00,IND @ MIA,L,35.28333333333333,7.1,12.2,0.583,5.1,9.2,0.556,3.1,4.1,0.75,0.0,3.1,3.1,3.1,1.0,2.0,0.0,0.0,0.0,2.0,22.4,1.0,35.8,0,0,37.8,1,13222,1,13222,3254,8599,13188,6296,2150,4566,3747,7642,7667,8186,14058,16519,19563,12720,15706,6052,8263,8846,20257,12874,5889,12140,10500,2246,150,8198,1,35:17
2024-25,1628991,Jaren Jackson Jr.,Jaren,1610612763,MEM,Memphis Grizzlies,0022400856,2025-02-28T00:00:00,MEM vs. NYK,L,33.91166666666667,6.4,17.0,0.375,1.1,5.3,0.2,5.3,6.4,0.833,1.1,6.4,7.4,1.1,1.1,0.0,2.1,0.0,1.1,4.2,19.1,5.3,34.9,0,0,32.9,1,13222,1,13222,4346,10516,5825,16299,14187,12443,13429,3641,4038,7275,12783,7559,9299,19479,15413,12854,3139,8846,19327,5732,8748,9944,11103,2246,150,11724,1,33:55
2024-25,1629637,Jaxson Hayes,Jaxson,1610612747,LAL,Los Angeles Lakers,0022400859,2025-02-28T00:00:00,LAL vs. LAC,W,25.986666666666668,2.8,4.2,0.667,0.0,0.0,0.0,1.4,2.8,0.5,0.0,1.4,1.4,2.8,2.8,0.0,2.8,0.0,1.4,4.2,6.9,-20.8,18.3,0,0,16.6,1,1,13086,1,11174,19938,24022,3281,15070,20945,15070,12053,10560,10625,14058,21116,22717,13689,7319,12854,1997,8846,17680,5940,20773,21775,21972,2246,150,22459,1,25:59
2024-25,1630703,Scoot Henderson,Scoot,1610612757,POR,Portland Trail Blazers,0022400853,2025-02-28T00:00:00,POR @ BKN,W,26.666666666666668,5.4,12.1,0.444,1.3,8.1,0.167,4.1,5.4,0.75,0.0,4.1,4.1,12.1,5.4,4.1,1.3,0.0,4.1,6.8,16.2,24.3,50.1,0,0,44.6,1,1,13086,1,10590,13272,13330,13045,12652,6284,14236,5606,5313,8186,14058,13572,17188,688,1900,1586,5443,8846,7002,1858,11725,2965,3249,2246,150,4439,1,26:40
2024-25,1628392,Isaiah Hartenstein,Isaiah,1610612760,OKC,Oklahoma City Thunder,0022400851,2025-02-28T00:00:00,OKC @ ATL,W,27.116666666666667,8.0,10.6,0.75,0.0,0.0,0.0,1.3,2.7,0.5,2.7,10.6,13.3,8.0,2.7,2.7,1.3,0.0,6.6,1.3,17.3,-17.3,54.4,1,0,46.5,1,1,13086,1,10256,6707,16020,2107,15070,20945,15070,12232,10848,10625,6213,2137,2620,2927,7674,4004,5527,8846,2283,15772,10569,20706,2108,1,150,3667,1,27:07
2024-25,1628384,OG Anunoby,OG,1610612752,NYK,New York Knicks,0022400856,2025-02-28T00:00:00,NYK @ MEM,W,38.358333333333334,6.6,16.0,0.412,3.8,9.4,0.4,0.9,0.9,1.0,1.9,0.9,2.8,2.8,0.0,0.9,1.9,0.0,0.0,0.0,17.8,-3.8,33.9,0,0,32.8,1,1,13086,1,1188,10014,7173,14791,4562,4273,7874,13399,14292,1,8912,22071,20209,13537,16469,12449,3838,8846,20257,17725,9998,14922,11907,2246,150,11766,1,38:22
2024-25,201935,James Harden,James,1610612746,LAC,LA Clippers,0022400859,2025-02-28T00:00:00,LAC @ LAL,L,39.05,4.6,20.3,0.227,0.9,9.2,0.1,6.5,6.5,1.0,1.8,4.6,6.5,8.3,5.5,2.8,0.0,2.8,0.9,2.8,16.6,-0.9,39.5,0,0,37.8,1,13222,1,13222,864,15465,2776,21201,14895,4499,15047,2449,3938,1,9074,11961,11270,2621,1787,3764,8263,1646,20090,10086,11289,13478,8044,2246,150,8171,1,39:03
2024-25,1630558,Davion Mitchell,Davion,1610612748,MIA,Miami Heat,0022400854,2025-02-28T00:00:00,MIA vs. IND,W,36.63666666666666,2.9,6.9,0.429,2.0,2.0,1.0,2.0,2.0,1.0,2.0,1.0,2.9,7.9,2.9,1.0,1.0,0.0,2.0,2.0,9.8,5.9,28.1,0,0,26.5,1,1,13086,1,2262,19536,21706,13735,10320,19619,1,10761,12818,1,8550,21991,19859,3033,6644,12096,7586,8846,15329,13243,18336,9661,16135,2246,150,16516,1,36:38
2024-25,1642262,Cody Williams,Cody,1610612762,UTA,Utah Jazz,0022400858,2025-02-28T00:00:00,UTA vs. MIN,W,17.65,6.1,14.3,0.429,6.1,8.2,0.75,0.0,0.0,0.0,0.0,0.0,0.0,2.0,2.0,0.0,0.0,2.0,4.1,0.0,18.4,-20.4,19.4,0,0,26.5,1,1,13086,1,17819,11164,9727,13735,1216,6156,1542,13505,14344,13505,14058,22137,23286,16221,10300,12854,8263,3095,6901,17725,9458,21671,21469,2246,150,16529,1,17:39
2024-25,203486,Mason Plumlee,Mason,1610612756,PHX,Phoenix Suns,0022400857,2025-02-28T00:00:00,PHX vs. NOP,W,17.298333333333332,4.2,10.4,0.4,0.0,0.0,0.0,4.2,4.2,1.0,2.1,16.6,18.7,6.2,0.0,0.0,0.0,4.2,4.2,2.1,12.5,52.0,44.3,0,0,37.5,1,1,13086,1,18083,16692,16372,14933,15070,20945,15070,5408,7487,1,8022,362,746,5095,16469,12854,8263,595,6663,12698,15602,506,5506,2246,150,8392,1,17:18
2024-25,1630596,Evan Mobley,Evan,1610612739,CLE,Cleveland Cavaliers,0022400852,2025-02-28T00:00:00,CLE @ BOS,W,28.95,7.5,14.9,0.5,2.5,6.2,0.4,3.7,5.0,0.75,6.2,8.7,14.9,3.7,2.5,0.0,1.2,0.0,5.0,3.7,21.1,2.5,45.9,1,0,44.8,1,1,13086,1,8713,7867,8723,8526,8198,10157,7874,6218,5976,8186,1518,3837,1809,10709,8303,12854,5926,8846,4675,7048,6966,11379,4787,1,150,4359,1,28:57
2024-25,1631243,Mouhamed Gueye,Mouhamed,1610612737,ATL,Atlanta Hawks,0022400851,2025-02-28T00:00:00,ATL vs. OKC,L,9.516666666666667,3.8,7.6,0.5,0.0,0.0,0.0,0.0,0.0,0.0,0.0,3.8,3.8,0.0,0.0,0.0,7.6,0.0,3.8,0.0,7.6,-53.0,34.8,0,0,26.5,1,13222,1,13222,22276,17613,20840,8526,15070,20945,15070,13505,14344,13505,14058,14381,17870,19908,16469,12854,165,8846,7797,17725,20268,25511,11196,2246,150,16558,1,9:31
2024-25,1631133,Jabari Walker,Jabari,1610612757,POR,Portland Trail Blazers,0022400853,2025-02-28T00:00:00,POR @ BKN,W,17.233333333333334,4.2,8.4,0.5,0.0,2.1,0.0,2.1,4.2,0.5,6.3,6.3,12.5,6.3,2.1,4.2,0.0,0.0,6.3,2.1,10.4,6.3,45.3,0,0,37.6,1,1,13086,1,18112,16650,19713,8526,15070,19386,15070,10327,7455,10625,1494,7758,3106,5069,10051,1473,8263,8846,2634,12664,17717,9487,5024,2246,150,8289,1,17:14
2024-25,2544,LeBron James,LeBron,1610612747,LAL,Los Angeles Lakers,0022400859,2025-02-28T00:00:00,LAL vs. LAC,W,37.28333333333333,11.6,20.3,0.571,1.9,6.8,0.286,1.9,2.9,0.667,1.0,11.6,12.6,2.9,3.9,1.0,0.0,1.0,0.0,2.9,27.0,-1.0,45.5,1,0,46.3,1,1,13086,1,1807,1814,2784,6538,10500,8990,11433,10862,10244,9425,13531,1571,3101,13292,4164,12237,8263,8222,20257,9602,3193,13512,4951,1,150,3707,1,37:17
2024-25,1626157,Karl-Anthony Towns,Karl-Anthony,1610612752,NYK,New York Knicks,0022400856,2025-02-28T00:00:00,NYK @ MEM,W,31.286666666666665,4.6,12.7,0.364,1.2,5.8,0.2,2.3,3.5,0.667,1.2,6.9,8.1,2.3,1.2,0.0,1.2,3.5,5.8,3.5,12.7,-11.5,28.1,0,0,26.5,1,1,13086,1,6629,15492,12470,16861,13646,11322,13429,9612,8980,9425,12100,6526,8167,15225,14790,12854,6483,954,3309,7797,15436,18538,16158,2246,150,16569,1,31:17
2024-25,203482,Kelly Olynyk,Kelly,1610612740,NOP,New Orleans Pelicans,0022400857,2025-02-28T00:00:00,NOP @ PHX,L,26.55,6.8,13.6,0.5,1.4,4.1,0.333,0.0,0.0,0.0,0.0,9.5,9.5,6.8,1.4,0.0,0.0,1.4,5.4,2.7,14.9,-4.1,35.1,0,0,32.5,1,13222,1,13222,10687,9473,10900,8526,12625,15433,9209,13505,14344,13505,14058,3025,6082,4316,13537,12854,8263,5374,3812,10287,13002,15101,10983,2246,150,11975,1,26:33
2024-25,1641718,Keyonte George,Keyonte,1610612762,UTA,Utah Jazz,0022400858,2025-02-28T00:00:00,UTA vs. MIN,W,24.666666666666668,2.9,11.7,0.25,0.0,4.4,0.0,1.5,1.5,1.0,1.5,4.4,5.8,13.1,0.0,0.0,0.0,0.0,0.0,1.5,7.3,-33.6,34.0,0,0,26.3,1,1,13086,1,12303,19605,14159,20233,15070,14738,15070,11879,13524,1,10490,12579,12673,505,16469,12854,8263,8846,20257,15188,20487,24238,11805,2246,150,16737,1,24:40
2024-25,1641842,Ronald Holland II,Ronald,1610612765,DET,Detroit Pistons,0022400850,2025-02-28T00:00:00,DET vs. DEN,L,20.45,5.3,8.8,0.6,0.0,1.8,0.0,3.5,3.5,1.0,1.8,5.3,7.0,1.8,0.0,0.0,1.8,0.0,5.3,3.5,14.1,10.6,30.5,0,0,26.4,1,13222,1,13222,15675,13588,19017,5394,15070,19971,15070,6667,8849,1,9383,10069,10077,17196,16469,12854,4142,8846,4056,7609,13862,7440,14450,2246,150,16617,1,20:27
2024-25,1641767,Ben Sheppard,Ben,1610612754,IND,Indiana Pacers,0022400854,2025-02-28T00:00:00,IND @ MIA,L,14.966666666666667,4.8,7.2,0.667,2.4,4.8,0.5,0.0,0.0,0.0,2.4,7.2,9.6,2.4,4.8,0.0,0.0,0.0,2.4,0.0,12.0,-33.7,22.4,0,0,26.5,1,13222,1,13222,19587,14909,21301,3281,8470,13669,3944,13505,14344,13505,6901,5971,5899,14860,2561,12854,8263,8846,13173,17725,16108,24256,19940,2246,150,16572,1,14:58
2024-25,201566,Russell Westbrook,Russell,1610612743,DEN,Denver Nuggets,0022400850,2025-02-28T00:00:00,DEN @ DET,W,21.35,5.1,11.8,0.429,1.7,3.4,0.5,1.7,3.4,0.5,3.4,3.4,6.7,3.4,6.7,1.7,1.7,0.0,6.7,5.1,13.5,-27.0,30.0,0,0,32.0,1,1,13086,1,15033,14212,13937,13735,11442,16926,3944,11443,9157,10625,4595,15589,10642,11764,1001,7662,4326,8846,2181,4000,14517,23237,14784,2246,150,12361,1,21:21
2024-25,1630560,Cam Thomas,Cam,1610612751,BKN,Brooklyn Nets,0022400853,2025-02-28T00:00:00,BKN vs. POR,L,21.3,11.8,28.7,0.412,0.0,6.8,0.0,3.4,3.4,1.0,3.4,0.0,3.4,1.7,5.1,0.0,0.0,1.7,3.4,3.4,27.0,-22.0,28.6,0,0,32.1,1,13222,1,13222,15068,1633,346,14791,15070,8985,15070,6936,9140,1,4580,22137,18815,17398,2257,12854,8263,4174,9151,8014,3189,22065,15828,2246,150,12290,1,21:18
2024-25,1628969,Mikal Bridges,Mikal,1610612752,NYK,New York Knicks,0022400856,2025-02-28T00:00:00,NYK @ MEM,W,33.483333333333334,7.5,15.1,0.5,0.0,5.4,0.0,1.1,2.2,0.5,0.0,2.2,2.2,3.2,0.0,0.0,2.2,0.0,1.1,1.1,16.1,1.1,30.0,0,0,25.8,1,1,13086,1,4745,7711,8522,8526,15070,12261,15070,12986,12251,10625,14058,19207,21513,12209,16469,12854,3070,8846,19240,17029,11790,12096,14799,2246,150,17068,1,33:29
2024-25,1630692,Jordan Goodwin,Jordan,1610612747,LAL,Los Angeles Lakers,0022400859,2025-02-28T00:00:00,LAL vs. LAC,W,21.30666666666667,5.1,11.8,0.429,0.0,5.1,0.0,0.0,0.0,0.0,5.1,3.4,8.4,3.4,1.7,5.1,0.0,0.0,3.4,0.0,10.1,23.7,38.9,0,0,32.1,1,1,13086,1,15067,14190,13898,13735,15070,13034,15070,13505,14344,13505,2307,15577,7554,11742,11962,860,8263,8846,9156,17725,18016,3116,8499,2246,150,12295,1,21:18
2024-25,1628973,Jalen Brunson,Jalen,1610612752,NYK,New York Knicks,0022400856,2025-02-28T00:00:00,NYK @ MEM,W,36.24166666666667,9.9,22.8,0.435,2.0,6.0,0.333,1.0,1.0,1.0,1.0,6.0,7.0,6.0,3.0,3.0,1.0,0.0,1.0,5.0,22.8,-2.0,49.1,0,0,45.7,1,1,13086,1,2510,3289,1435,13702,10230,10789,9209,13258,14229,1,13317,8425,10234,5573,6566,3205,7515,8846,19749,4183,5601,14037,3603,2246,150,3936,1,36:15
2024-25,1630202,Payton Pritchard,Payton,1610612738,BOS,Boston Celtics,0022400852,2025-02-28T00:00:00,BOS vs. CLE,L,25.413333333333334,2.8,5.7,0.5,2.8,5.7,0.5,0.0,0.0,0.0,0.0,0.0,0.0,1.4,2.8,1.4,0.0,0.0,2.8,0.0,8.5,-51.0,12.0,0,0,15.6,1,13222,1,13222,11648,19804,22929,8526,7110,11536,3944,13505,14344,13505,14058,22137,23286,18287,7104,8819,8263,8846,11497,17725,19518,25432,23995,2246,150,22854,1,25:25
2024-25,1631213,Tyrese Martin,Tyrese,1610612751,BKN,Brooklyn Nets,0022400853,2025-02-28T00:00:00,BKN vs. POR,L,24.95,2.9,11.5,0.25,1.4,7.2,0.2,0.0,0.0,0.0,5.8,0.0,5.8,2.9,2.9,4.3,0.0,1.4,1.4,0.0,7.2,-10.1,28.6,0,0,26.0,1,13222,1,13222,12051,19693,14402,20233,12281,8019,13429,13505,14344,13505,1763,22137,12833,13325,6897,1350,8263,5008,17467,17725,20549,17930,15819,2246,150,16955,1,24:57
2024-25,1630592,Jalen Wilson,Jalen,1610612751,BKN,Brooklyn Nets,0022400853,2025-02-28T00:00:00,BKN vs. POR,L,23.166666666666668,3.1,12.4,0.25,0.0,6.2,0.0,7.8,9.3,0.833,3.1,4.7,7.8,1.6,3.1,1.6,0.0,0.0,7.8,6.2,14.0,3.1,27.2,0,0,26.4,1,13222,1,13222,13583,19177,12850,20233,15070,10162,15070,1528,1694,7275,5116,11819,8672,17792,6097,8172,8263,8846,1479,2374,13951,11057,16824,2246,150,16608,1,23:10
2024-25,1630171,Isaac Okoro,Isaac,1610612739,CLE,Cleveland Cavaliers,0022400852,2025-02-28T00:00:00,CLE @ BOS,W,12.143333333333333,5.9,11.9,0.5,3.0,8.9,0.333,0.0,0.0,0.0,0.0,8.9,8.9,0.0,0.0,0.0,3.0,0.0,3.0,0.0,14.8,8.9,34.4,0,0,32.6,1,1,13086,1,21175,11712,13854,8526,6636,4973,9209,13505,14344,13505,14058,3612,6896,19908,16469,12854,1742,8846,10881,17725,13090,8227,11520,2246,150,11931,1,12:09
2024-25,1629660,Ty Jerome,Ty,1610612739,CLE,Cleveland Cavaliers,0022400852,2025-02-28T00:00:00,CLE @ BOS,W,21.14,5.1,17.0,0.3,3.4,5.1,0.667,0.0,0.0,0.0,1.7,5.1,6.8,5.1,0.0,1.7,0.0,5.1,0.0,0.0,13.6,57.9,34.6,0,0,32.4,1,1,13086,1,15194,14061,5770,19363,5369,12926,1957,13505,14344,13505,9569,10540,10504,7228,16469,7599,8263,343,20257,17725,14360,397,11399,2246,150,12103,1,21:08
2024-25,1641739,Toumani Camara,Toumani,1610612757,POR,Portland Trail Blazers,0022400853,2025-02-28T00:00:00,POR @ BKN,W,35.63333333333333,6.1,11.1,0.545,4.0,7.1,0.571,3.0,4.0,0.75,0.0,3.0,3.0,4.0,2.0,1.0,0.0,1.0,3.0,4.0,19.2,27.3,29.9,0,0,32.3,1,1,13086,1,2960,11335,15172,7695,3914,8312,3506,7719,7754,8186,14058,16617,19633,9828,10419,11857,8263,7827,10575,6202,8657,2380,14869,2246,150,12124,1,35:38
2024-25,1630526,Jeremiah Robinson-Earl,Jeremiah,1610612740,NOP,New Orleans Pelicans,0022400857,2025-02-28T00:00:00,NOP @ PHX,L,15.35,9.4,11.7,0.8,2.3,4.7,0.5,0.0,2.3,0.0,0.0,2.3,2.3,0.0,0.0,0.0,0.0,0.0,0.0,2.3,21.1,-35.2,23.9,0,0,25.8,1,13222,1,13222,19342,4058,14066,1688,8687,13982,3944,13505,11641,13505,14058,18644,21111,19908,16469,12854,8263,8846,20257,11565,6994,24426,19004,2246,150,17074,1,15:21
2024-25,1642346,Ryan Dunn,Ryan,1610612756,PHX,Phoenix Suns,0022400857,2025-02-28T00:00:00,PHX vs. NOP,W,16.848333333333333,4.3,4.3,1.0,2.1,2.1,1.0,0.0,4.3,0.0,2.1,2.1,4.3,0.0,8.5,0.0,0.0,0.0,6.4,2.1,10.7,4.3,7.3,0,0,17.1,1,1,13086,1,18363,16392,23945,1,9520,19297,1,13505,7260,13505,7816,19248,16603,19908,492,12854,8263,8846,2475,12451,17494,10500,24788,2246,150,22265,1,16:51
2024-25,1628386,Jarrett Allen,Jarrett,1610612739,CLE,Cleveland Cavaliers,0022400852,2025-02-28T00:00:00,CLE @ BOS,W,23.716666666666665,6.1,6.1,1.0,0.0,0.0,0.0,3.0,3.0,1.0,4.6,1.5,6.1,1.5,1.5,1.5,0.0,0.0,3.0,3.0,15.2,-34.9,27.8,0,0,25.8,1,1,13086,1,13138,11314,22537,1,15070,20945,15070,7702,9887,1,2869,20839,12114,17909,12666,8332,8263,8846,10556,9110,12734,24397,16382,2246,150,17065,1,23:43
2024-25,201587,Nicolas Batum,Nicolas,1610612746,LAC,LA Clippers,0022400859,2025-02-28T00:00:00,LAC @ LAL,L,9.26,0.0,3.9,0.0,0.0,3.9,0.0,7.8,7.8,1.0,0.0,0.0,0.0,0.0,0.0,0.0,0.0,0.0,3.9,3.9,7.8,-50.5,7.8,0,0,7.8,1,13222,1,13222,22363,22635,24142,22635,15070,15829,15070,1523,2686,1,14058,22137,23286,19908,16469,12854,8263,8846,7487,6608,20102,25417,24723,2246,150,24791,1,9:16
2024-25,1626145,Tyus Jones,Tyus,1610612756,PHX,Phoenix Suns,0022400857,2025-02-28T00:00:00,PHX vs. NOP,W,31.95,3.4,12.4,0.273,3.4,9.0,0.375,0.0,0.0,0.0,0.0,1.1,1.1,6.8,2.3,1.1,0.0,0.0,0.0,1.1,10.1,13.5,22.8,0,0,23.7,1,1,13086,1,6020,18586,12903,20048,5433,4798,8800,13505,14344,13505,14058,21692,23042,4338,9293,10805,8263,8846,20257,16790,18012,6197,19713,2246,150,18570,1,31:57
2024-25,1630174,Aaron Nesmith,Aaron,1610612754,IND,Indiana Pacers,0022400854,2025-02-28T00:00:00,IND @ MIA,L,35.35,3.1,8.1,0.375,1.0,4.1,0.25,0.0,0.0,0.0,2.0,4.1,6.1,2.0,0.0,0.0,1.0,1.0,1.0,0.0,7.1,4.1,20.6,0,0,18.3,1,13222,1,13222,3191,19310,20029,16299,14430,15415,11902,13505,14344,13505,8220,13504,12031,16238,16469,12854,7360,7748,19585,17725,20611,10605,20902,2246,150,21699,1,35:21
2024-25,1641721,Maxwell Lewis,Maxwell,1610612751,BKN,Brooklyn Nets,0022400853,2025-02-28T00:00:00,BKN vs. POR,L,6.066666666666666,0.0,5.9,0.0,0.0,5.9,0.0,0.0,0.0,0.0,0.0,17.8,17.8,5.9,5.9,0.0,0.0,0.0,0.0,0.0,0.0,23.7,24.3,0,0,23.7,1,13222,1,13222,23571,22635,22670,22635,15070,10848,15070,13505,14344,13505,14058,273,944,5614,1425,12854,8263,8846,20257,17725,23200,3083,18733,2246,150,18500,1,6:04
2024-25,1630531,Jaden Springer,Jaden,1610612762,UTA,Utah Jazz,0022400858,2025-02-28T00:00:00,UTA vs. MIN,W,9.616666666666667,0.0,7.5,0.0,0.0,3.7,0.0,0.0,0.0,0.0,0.0,3.7,3.7,3.7,3.7,0.0,0.0,0.0,3.7,0.0,0.0,-3.7,6.4,0,0,7.5,1,1,13086,1,22237,22635,20942,22635,15070,16114,15070,13505,14344,13505,14058,14487,17948,10670,4449,12854,8263,8846,7930,17725,23200,14918,24878,2246,150,24839,1,9:37
2024-25,1641752,Bobi Klintman,Bobi,1610612765,DET,Detroit Pistons,0022400850,2025-02-28T00:00:00,DET vs. DEN,L,4.183333333333334,0.0,0.0,0.0,0.0,0.0,0.0,0.0,0.0,0.0,0.0,8.6,8.6,0.0,0.0,0.0,0.0,0.0,0.0,0.0,0.0,60.2,10.3,0,0,8.6,1,13222,1,13222,24388,22635,24836,22635,15070,20945,15070,13505,14344,13505,14058,3929,7301,19908,16469,12854,8263,8846,20257,17725,23200,361,24364,2246,150,24661,1,4:11
2024-25,1627732,Ben Simmons,Ben,1610612746,LAC,LA Clippers,0022400859,2025-02-28T00:00:00,LAC @ LAL,L,16.45,2.2,2.2,1.0,0.0,0.0,0.0,0.0,0.0,0.0,2.2,4.4,6.6,6.6,0.0,0.0,0.0,0.0,6.6,2.2,4.4,-41.6,22.1,0,0,17.5,1,13222,1,13222,18625,21063,24725,1,15070,20945,15070,13505,14344,13505,7617,12583,11027,4615,16469,12854,8263,8846,2349,12205,22360,24946,20078,2246,150,22074,1,16:27
2024-25,1630590,Scotty Pippen Jr.,Scotty,1610612763,MEM,Memphis Grizzlies,0022400856,2025-02-28T00:00:00,MEM vs. NYK,L,11.988333333333333,0.0,6.0,0.0,0.0,3.0,0.0,0.0,0.0,0.0,6.0,3.0,9.0,0.0,3.0,0.0,0.0,0.0,9.0,0.0,0.0,-18.0,7.8,0,0,9.0,1,13222,1,13222,21298,22635,22588,22635,15070,17635,15070,13505,14344,13505,1610,16708,6718,19908,6460,12854,8263,8846,961,17725,23200,20940,24721,2246,150,24605,1,11:59
2024-25,1630631,Jose Alvarado,Jose,1610612740,NOP,New Orleans Pelicans,0022400857,2025-02-28T00:00:00,NOP @ PHX,L,22.683333333333334,1.6,9.5,0.167,0.0,3.2,0.0,1.6,3.2,0.5,3.2,4.8,7.9,6.3,0.0,0.0,0.0,0.0,1.6,4.8,4.8,-25.4,23.8,0,0,19.0,1,13222,1,13222,13966,22049,17903,21938,15070,17318,15070,11624,9559,10625,5001,11545,8398,4934,16469,12854,8263,8846,16907,4589,22151,22887,19087,2246,150,21373,1,22:41
2024-25,1629731,Dean Wade,Dean,1610612739,CLE,Cleveland Cavaliers,0022400852,2025-02-28T00:00:00,CLE @ BOS,W,19.18,3.8,9.4,0.4,1.9,5.6,0.333,0.0,0.0,0.0,1.9,3.8,5.6,1.9,0.0,0.0,0.0,0.0,3.8,0.0,9.4,22.5,19.0,0,0,18.8,1,1,13086,1,16698,17697,18141,14933,10728,11633,9209,13505,14344,13505,8913,14456,13206,16828,16469,12854,8263,8846,7896,17725,18743,3361,21664,2246,150,21499,1,19:11
2024-25,1629618,Jalen Pickett,Jalen,1610612743,DEN,Denver Nuggets,0022400850,2025-02-28T00:00:00,DEN @ DET,W,7.733333333333333,0.0,0.0,0.0,0.0,0.0,0.0,0.0,0.0,0.0,0.0,4.7,4.7,4.7,4.7,0.0,0.0,0.0,4.7,0.0,0.0,-41.9,7.9,0,0,9.3,1,1,13086,1,22912,22635,24836,22635,15070,20945,15070,13505,14344,13505,14058,11837,15684,8288,2776,12854,8263,8846,5395,17725,23200,24969,24705,2246,150,24555,1,7:44
2024-25,1641716,Jarace Walker,Jarace,1610612754,IND,Indiana Pacers,0022400854,2025-02-28T00:00:00,IND @ MIA,L,7.066666666666666,0.0,0.0,0.0,0.0,0.0,0.0,0.0,0.0,0.0,0.0,0.0,0.0,0.0,0.0,0.0,0.0,0.0,0.0,0.0,0.0,-5.1,0.0,0,0,0.0,1,13222,1,13222,23140,22635,24836,22635,15070,20945,15070,13505,14344,13505,14058,22137,23286,19908,16469,12854,8263,8846,20257,17725,23200,15646,25228,2246,150,25259,1,7:04
2024-25,1630548,Johnny Juzang,Johnny,1610612762,UTA,Utah Jazz,0022400858,2025-02-28T00:00:00,UTA vs. MIN,W,21.3,1.7,10.1,0.167,0.0,5.1,0.0,0.0,0.0,0.0,3.4,6.8,10.1,1.7,0.0,1.7,0.0,1.7,1.7,0.0,3.4,20.3,23.2,0,0,18.6,1,1,13086,1,15068,21914,16849,21938,15070,13029,15070,13505,14344,13505,4580,6768,5285,17398,16469,7650,8263,4174,16563,17725,22818,3872,19460,2246,150,21589,1,21:18
2024-25,1641736,Reece Beekman,Reece,1610612751,BKN,Brooklyn Nets,0022400853,2025-02-28T00:00:00,BKN vs. POR,L,11.283333333333333,0.0,6.4,0.0,0.0,3.2,0.0,0.0,0.0,0.0,0.0,6.4,6.4,0.0,3.2,6.4,0.0,0.0,0.0,3.2,0.0,-12.8,23.6,0,0,19.1,1,13222,1,13222,21589,22635,22231,22635,15070,17284,15070,13505,14344,13505,14058,7539,11442,19908,5849,400,8263,8846,20257,8593,23200,19040,19196,2246,150,21322,1,11:17
2024-25,1630241,Sam Merrill,Sam,1610612739,CLE,Cleveland Cavaliers,0022400852,2025-02-28T00:00:00,CLE @ BOS,W,17.733333333333334,2.0,2.0,1.0,2.0,2.0,1.0,0.0,0.0,0.0,4.1,2.0,6.1,0.0,0.0,2.0,0.0,0.0,2.0,2.0,6.1,44.7,19.5,0,0,18.3,1,1,13086,1,17752,21346,24754,1,10011,19497,1,13505,14344,13505,3510,19561,12071,19908,16469,6107,8263,8846,14967,12928,21322,723,21412,2246,150,21730,1,17:44
2024-25,201599,DeAndre Jordan,DeAndre,1610612743,DEN,Denver Nuggets,0022400850,2025-02-28T00:00:00,DEN @ DET,W,10.235,7.0,10.6,0.667,0.0,0.0,0.0,0.0,7.0,0.0,7.0,14.1,21.1,0.0,3.5,0.0,0.0,0.0,3.5,3.5,14.1,-31.7,35.9,0,0,35.2,1,1,13086,1,22017,8851,16130,3281,15070,20945,15070,13505,3331,13505,1135,747,409,19908,4977,12854,8263,8846,8708,7616,13872,23987,10451,2246,150,9970,1,10:14
2024-25,1630167,Obi Toppin,Obi,1610612754,IND,Indiana Pacers,0022400854,2025-02-28T00:00:00,IND @ MIA,L,15.536666666666667,7.0,9.3,0.75,2.3,4.6,0.5,0.0,0.0,0.0,0.0,2.3,2.3,0.0,2.3,0.0,0.0,0.0,2.3,0.0,16.2,7.0,16.7,0,0,20.9,1,13222,1,13222,19232,9046,18313,2107,8790,14126,3944,13505,14344,13505,14058,18716,21163,19908,8998,12854,8263,8846,13575,17725,11706,9162,22599,2246,150,20367,1,15:32
2024-25,1630169,Tyrese Haliburton,Tyrese,1610612754,IND,Indiana Pacers,0022400854,2025-02-28T00:00:00,IND @ MIA,L,36.0,8.0,15.0,0.533,3.0,5.0,0.6,0.0,0.0,0.0,0.0,2.0,2.0,10.0,1.0,4.0,0.0,1.0,1.0,3.0,19.0,3.0,47.4,1,0,42.0,1,13222,1,13222,2683,6633,8606,8140,6500,13210,2992,13505,14344,13505,14058,19665,21801,1434,15847,1636,8263,7919,19708,9236,8859,11118,4178,1,150,5645,1,36:00
2024-25,1630188,Jalen Smith,Jalen,1610612741,CHI,Chicago Bulls,0022400855,2025-02-28T00:00:00,CHI vs. TOR,W,12.95,5.6,19.5,0.286,0.0,11.1,0.0,0.0,0.0,0.0,5.6,11.1,16.7,2.8,2.8,2.8,2.8,2.8,5.6,2.8,11.1,-50.0,49.2,0,0,41.7,1,1,13086,1,20763,12819,3369,19630,15070,2397,15070,13505,14344,13505,1905,1838,1212,13647,7288,3733,1982,1624,3611,10035,17063,25399,3539,2246,150,5799,1,12:57
2024-25,1631114,Jalen Williams,Jalen,1610612760,OKC,Oklahoma City Thunder,0022400851,2025-02-28T00:00:00,OKC @ ATL,W,33.14,6.5,17.4,0.375,4.3,8.7,0.5,4.3,4.3,1.0,1.1,4.3,5.4,8.7,3.3,1.1,0.0,1.1,1.1,2.2,21.7,9.8,41.3,0,0,42.4,1,1,13086,1,5042,10142,5368,16299,3323,5285,3944,5082,7119,1,12581,12669,13729,2278,5639,11135,8263,7179,19178,12282,6448,7802,7003,2246,150,5467,1,33:08
2024-25,1629216,Gabe Vincent,Gabe,1610612747,LAL,Los Angeles Lakers,0022400859,2025-02-28T00:00:00,LAL vs. LAC,W,25.826666666666668,4.2,9.8,0.429,1.4,5.6,0.25,0.0,0.0,0.0,0.0,1.4,1.4,4.2,0.0,5.6,1.4,0.0,0.0,0.0,9.8,15.3,38.6,0,0,30.7,1,1,13086,1,11316,16643,17461,13735,12473,11780,11902,13505,14344,13505,14058,21102,22705,9439,16469,609,5252,8846,20257,17725,18385,5489,8643,2246,150,13422,1,25:50
2024-25,1641998,Trey Jemison III,Trey,1610612747,LAL,Los Angeles Lakers,0022400859,2025-02-28T00:00:00,LAL vs. LAC,W,22.0,3.3,4.9,0.667,0.0,0.0,0.0,1.6,3.3,0.5,1.6,8.2,9.8,0.0,0.0,0.0,1.6,0.0,3.3,3.3,8.2,31.1,24.9,0,0,21.3,1,1,13086,1,14502,18824,23525,3281,15070,20945,15070,11531,9368,10625,9794,4444,5646,19908,16469,12854,4463,8846,9557,8334,19763,1823,18372,2246,150,20115,1,22:00
2024-25,1628971,Bruce Brown,Bruce,1610612740,NOP,New Orleans Pelicans,0022400857,2025-02-28T00:00:00,NOP @ PHX,L,29.4,4.9,12.2,0.4,1.2,2.4,0.5,1.2,2.4,0.5,2.4,2.4,4.9,3.7,2.4,2.4,0.0,0.0,2.4,1.2,12.2,-13.5,28.5,0,0,26.9,1,13222,1,13222,8307,14676,13180,14933,13239,18714,3944,12514,11341,10625,6779,18328,15066,10868,8458,4539,8263,8846,12985,16271,15876,19291,15854,2246,150,16201,1,29:24
2024-25,1630183,Jaden McDaniels,Jaden,1610612750,MIN,Minnesota Timberwolves,0022400858,2025-02-28T00:00:00,MIN @ UTA,L,34.95,9.3,16.5,0.563,2.1,6.2,0.333,0.0,0.0,0.0,2.1,8.2,10.3,5.2,2.1,2.1,0.0,1.0,2.1,0.0,20.6,-14.4,44.8,1,0,42.2,1,13222,1,13222,3500,4258,6452,7127,9872,10239,9209,13505,14344,13505,8120,4367,5118,7132,10211,5962,8263,7665,14812,17725,7397,19669,5271,1,150,5533,1,34:57
2024-25,1630192,Zeke Nnaji,Zeke,1610612743,DEN,Denver Nuggets,0022400850,2025-02-28T00:00:00,DEN @ DET,W,20.533333333333335,3.5,3.5,1.0,3.5,3.5,1.0,3.5,7.0,0.5,3.5,0.0,3.5,3.5,0.0,0.0,5.3,0.0,7.0,5.3,14.0,47.3,39.3,0,0,35.1,1,1,13086,1,15619,18311,24310,1,5129,16640,1,6692,3356,10625,4368,22137,18533,11371,16469,12854,448,8846,1967,3689,13911,629,8219,2246,150,10047,1,20:32
2024-25,1627827,Dorian Finney-Smith,Dorian,1610612747,LAL,Los Angeles Lakers,0022400859,2025-02-28T00:00:00,LAL vs. LAC,W,30.866666666666667,3.5,7.0,0.5,1.2,3.5,0.333,0.0,0.0,0.0,2.3,3.5,5.8,3.5,1.2,1.2,0.0,0.0,0.0,0.0,8.2,-10.5,22.7,0,0,21.0,1,1,13086,1,6979,18331,21567,8526,13557,16655,9209,13505,14344,13505,7142,15245,12700,11391,14685,10457,8263,8846,20257,17725,19776,18102,19720,2246,150,20286,1,30:52
2024-25,1631323,Simone Fontecchio,Simone,1610612765,DET,Detroit Pistons,0022400850,2025-02-28T00:00:00,DET vs. DEN,L,12.75,11.3,19.8,0.571,2.8,8.5,0.333,8.5,11.3,0.75,0.0,0.0,0.0,0.0,0.0,2.8,0.0,2.8,0.0,8.5,33.9,33.9,42.4,0,0,42.4,1,13222,1,13222,20863,2017,3140,6538,7142,5630,9209,1196,951,8186,14058,22137,23286,19908,16469,3624,8263,1562,20257,841,1150,1519,6454,2246,150,5472,1,12:45
2024-25,1641711,Gradey Dick,Gradey,1610612761,TOR,Toronto Raptors,0022400855,2025-02-28T00:00:00,TOR @ CHI,L,34.78333333333333,4.1,11.4,0.364,3.1,6.2,0.5,2.1,4.1,0.5,2.1,7.2,9.3,1.0,1.0,0.0,0.0,1.0,1.0,2.1,13.5,-12.4,25.1,0,0,26.9,1,13222,1,13222,3627,16744,14690,16861,6204,10179,3944,10400,7550,10625,8080,5918,6300,19577,15601,12854,8263,7618,19500,12765,14568,18911,18176,2246,150,16218,1,34:47
2024-25,1626220,Royce O'Neale,Royce,1610612756,PHX,Phoenix Suns,0022400857,2025-02-28T00:00:00,PHX vs. NOP,W,25.716666666666665,8.4,12.6,0.667,8.4,12.6,0.667,0.0,0.0,0.0,0.0,4.2,4.2,4.2,1.4,0.0,0.0,0.0,1.4,0.0,25.2,16.8,35.1,0,0,42.0,1,1,13086,1,11386,5804,12577,3281,383,1477,1957,13505,14344,13505,14058,13123,16811,9385,13283,12854,8263,8846,17623,17725,4125,4971,10970,2246,150,5652,1,25:43
2024-25,1631221,Collin Gillespie,Collin,1610612756,PHX,Phoenix Suns,0022400857,2025-02-28T00:00:00,PHX vs. NOP,W,18.0,8.0,10.0,0.8,2.0,4.0,0.5,0.0,0.0,0.0,0.0,4.0,4.0,8.0,2.0,2.0,0.0,0.0,6.0,4.0,18.0,14.0,38.8,0,0,36.0,1,1,13086,1,17558,6633,17047,1688,10162,15583,3944,13505,14344,13505,14058,13720,17311,2886,10525,6249,8263,8846,2940,6303,9827,6010,8534,2246,150,9360,1,18:00
2024-25,1627826,Ivica Zubac,Ivica,1610612746,LAC,LA Clippers,0022400859,2025-02-28T00:00:00,LAC @ LAL,L,37.89,12.4,14.3,0.867,0.0,0.0,0.0,1.0,1.9,0.5,5.7,9.5,15.2,0.0,2.9,0.0,1.0,0.0,3.8,1.9,25.7,8.6,43.9,1,0,42.8,1,13222,1,13222,1450,1325,9763,1408,15070,20945,15070,13368,12976,10625,1813,3008,1685,19908,7026,12854,7829,8846,7737,13509,3848,8381,5723,1,150,5283,1,37:53
2024-25,1627884,Derrick Jones Jr.,Derrick,1610612746,LAC,LA Clippers,0022400859,2025-02-28T00:00:00,LAC @ LAL,L,28.5,3.8,8.8,0.429,2.5,5.1,0.5,0.0,0.0,0.0,2.5,2.5,5.1,1.3,2.5,1.3,0.0,1.3,1.3,0.0,10.1,24.0,19.3,0,0,21.5,1,13222,1,13222,9119,17596,18951,13735,8054,13064,3944,13505,14344,13505,6534,18113,14662,18786,8127,9693,8263,5852,18203,17725,18044,3019,21485,2246,150,19991,1,28:30
2024-25,1629130,Duncan Robinson,Duncan,1610612748,MIA,Miami Heat,0022400854,2025-02-28T00:00:00,MIA vs. IND,W,28.591666666666665,10.1,12.6,0.8,5.0,7.6,0.667,0.0,0.0,0.0,0.0,2.5,2.5,6.3,2.5,1.3,0.0,0.0,1.3,1.3,25.2,0.0,38.9,0,0,41.6,1,1,13086,1,9044,3143,12594,1688,2226,7265,1957,13505,14344,13505,14058,18144,20772,5030,8168,9726,8263,8846,18224,16090,4139,12240,8475,2246,150,5879,1,28:36
2024-25,1629661,Cameron Johnson,Cameron,1610612751,BKN,Brooklyn Nets,0022400853,2025-02-28T00:00:00,BKN vs. POR,L,24.283333333333335,5.9,16.3,0.364,3.0,8.9,0.333,5.9,5.9,1.0,1.5,4.4,5.9,5.9,4.4,3.0,0.0,0.0,3.0,3.0,20.8,-20.8,41.2,0,0,41.5,1,13222,1,13222,12662,11708,6671,16861,6633,4970,9209,2939,4576,1,10379,12411,12454,5625,3075,3231,8263,8846,10875,9377,7271,21767,7042,2246,150,5907,1,24:17
2024-25,1631230,Dominick Barlow,Dominick,1610612737,ATL,Atlanta Hawks,0022400851,2025-02-28T00:00:00,ATL vs. OKC,L,2.0166666666666666,0.0,0.0,0.0,0.0,0.0,0.0,0.0,0.0,0.0,0.0,0.0,0.0,0.0,0.0,17.9,0.0,0.0,0.0,0.0,0.0,-17.9,53.6,0,0,35.7,1,13222,1,13222,25446,22635,24836,22635,15070,20945,15070,13505,14344,13505,14058,22137,23286,19908,16469,32,8263,8846,20257,17725,23200,20885,2312,2246,150,9571,1,2:01
2024-25,1629628,RJ Barrett,RJ,1610612761,TOR,Toronto Raptors,0022400855,2025-02-28T00:00:00,TOR @ CHI,L,40.4,7.1,16.9,0.421,0.9,3.6,0.25,0.9,0.9,1.0,1.8,4.5,6.2,7.1,2.7,0.0,0.0,0.9,1.8,0.9,16.0,-21.4,31.5,0,0,30.3,1,13222,1,13222,472,8628,5881,14442,14982,16521,11902,13459,14325,1,9311,12392,11739,3850,7607,12854,8263,8699,16262,17674,11880,21932,13646,2246,150,13719,1,40:24
2024-25,1630549,Day'Ron Sharpe,Day'Ron,1610612751,BKN,Brooklyn Nets,0022400853,2025-02-28T00:00:00,BKN vs. POR,L,18.966666666666665,5.7,9.5,0.6,0.0,0.0,0.0,0.0,0.0,0.0,7.6,5.7,13.3,1.9,1.9,0.0,1.9,0.0,11.4,1.9,11.4,-19.0,34.0,0,0,30.4,1,13222,1,13222,16851,12437,17966,5394,15070,20945,15070,13505,14344,13505,916,9059,2614,16758,11055,12854,3770,8846,492,13520,16807,21235,11838,2246,150,13656,1,18:58
2024-25,1626164,Devin Booker,Devin,1610612756,PHX,Phoenix Suns,0022400857,2025-02-28T00:00:00,PHX vs. NOP,W,36.751666666666665,5.9,12.7,0.462,2.9,8.8,0.333,2.0,2.0,1.0,0.0,0.0,0.0,8.8,1.0,1.0,0.0,0.0,2.9,2.0,16.7,12.7,31.8,0,0,30.4,1,1,13086,1,2157,11873,12325,12428,6734,5088,9209,10782,12838,1,14058,22137,23286,2175,15980,12132,8263,8846,10998,13279,11220,6505,13450,2246,150,13662,1,36:45
2024-25,1630168,Onyeka Okongwu,Onyeka,1610612737,ATL,Atlanta Hawks,0022400851,2025-02-28T00:00:00,ATL vs. OKC,L,34.53333333333333,9.4,12.5,0.75,1.0,2.1,0.5,4.2,4.2,1.0,2.1,11.5,13.6,2.1,3.1,0.0,1.0,0.0,4.2,4.2,24.0,-2.1,43.4,1,0,42.7,1,13222,1,13222,3822,4054,12711,2107,14293,19390,3944,5395,7472,1,8006,1658,2464,16046,6046,12854,7182,8846,6635,5905,4817,14094,5948,1,150,5295,1,34:32
2024-25,1630165,Killian Hayes,Killian,1610612751,BKN,Brooklyn Nets,0022400853,2025-02-28T00:00:00,BKN vs. POR,L,30.4,5.9,9.5,0.625,2.4,3.6,0.667,4.7,4.7,1.0,2.4,2.4,4.7,4.7,2.4,1.2,1.2,0.0,1.2,3.6,18.9,-14.2,36.5,0,0,35.5,1,13222,1,13222,7411,11746,17986,4899,8601,16544,1957,4447,6418,1,7018,18578,15469,8082,8777,10314,6276,8846,18629,7522,8907,19586,10047,2246,150,9716,1,30:24
2024-25,1642345,Oso Ighodaro,Oso,1610612756,PHX,Phoenix Suns,0022400857,2025-02-28T00:00:00,PHX vs. NOP,W,1.7333333333333334,0.0,0.0,0.0,0.0,0.0,0.0,0.0,0.0,0.0,0.0,20.8,20.8,0.0,0.0,0.0,0.0,0.0,0.0,0.0,0.0,-83.1,24.9,0,0,20.8,1,1,13086,1,25646,22635,24836,22635,15070,20945,15070,13505,14344,13505,14058,147,441,19908,16469,12854,8263,8846,20257,17725,23200,26034,18346,2246,150,20420,1,1:44
2024-25,1631128,Christian Braun,Christian,1610612743,DEN,Denver Nuggets,0022400850,2025-02-28T00:00:00,DEN @ DET,W,35.18333333333333,10.2,14.3,0.714,2.0,3.1,0.667,1.0,1.0,1.0,1.0,5.1,6.1,2.0,0.0,0.0,1.0,1.0,0.0,1.0,23.5,30.7,37.0,0,0,35.8,1,1,13086,1,3324,2989,9651,2752,9931,17512,1957,13160,14180,1,13069,10515,11957,16206,16469,12854,7322,7721,20257,17299,5104,1871,9670,2246,150,9510,1,35:11
2024-25,1642274,Yves Missi,Yves,1610612740,NOP,New Orleans Pelicans,0022400848,2025-02-27T00:00:00,NOP @ PHX,W,29.051666666666666,6.2,13.6,0.455,0.0,0.0,0.0,1.2,3.7,0.333,6.2,6.2,12.4,1.2,0.0,0.0,0.0,3.7,1.2,2.5,13.6,-13.6,30.4,1,0,27.3,1,1,13086,1,8630,10984,10776,12676,15070,20945,15070,12479,8449,13132,1523,7900,3200,18886,16469,12854,8263,790,18334,11075,14352,19348,14530,1,150,15980,1,29:03
2024-25,1629626,Bol Bol,Bol,1610612756,PHX,Phoenix Suns,0022400848,2025-02-27T00:00:00,PHX vs. NOP,L,28.9,7.5,12.5,0.6,3.7,7.5,0.5,0.0,0.0,0.0,0.0,7.5,7.5,1.2,1.2,0.0,2.5,0.0,1.2,1.2,18.7,18.7,35.8,0,0,36.1,1,13222,1,13222,8761,7821,12804,5394,4604,7458,3944,13505,14344,13505,14058,5544,9218,18858,14122,12854,2394,8846,18296,16151,9134,4348,10539,2246,150,9284,1,28:54
2024-25,1626220,Royce O'Neale,Royce,1610612756,PHX,Phoenix Suns,0022400848,2025-02-27T00:00:00,PHX vs. NOP,L,10.563333333333333,6.8,10.2,0.667,6.8,6.8,1.0,0.0,0.0,0.0,0.0,3.4,3.4,0.0,0.0,0.0,0.0,0.0,3.4,0.0,20.4,-27.3,24.5,0,0,30.7,1,13222,1,13222,21896,9386,16691,3281,835,8867,1,13505,14344,13505,14058,15500,18767,19908,16469,12854,8263,8846,9052,17725,7547,23291,18583,2246,150,13415,1,10:34
2024-25,1630530,Trey Murphy III,Trey,1610612740,NOP,New Orleans Pelicans,0022400848,2025-02-27T00:00:00,NOP @ PHX,W,35.571666666666665,6.1,18.2,0.333,5.1,13.2,0.385,1.0,1.0,1.0,0.0,4.0,4.0,1.0,1.0,0.0,1.0,1.0,2.0,1.0,18.2,-9.1,26.6,0,0,30.4,1,1,13086,1,3019,11312,4446,17395,2200,1227,8766,13207,14201,1,14058,13578,17194,19642,15765,12854,7405,7807,15005,17348,9611,17479,17202,2246,150,13667,1,35:34
2024-25,1629048,Goga Bitadze,Goga,1610612753,ORL,Orlando Magic,0022400845,2025-02-27T00:00:00,ORL vs. GSW,L,21.5,5.0,5.0,1.0,0.0,0.0,0.0,1.7,1.7,1.0,5.0,3.3,8.4,1.7,1.7,0.0,0.0,0.0,3.3,1.7,11.7,0.0,22.6,0,0,21.8,1,13222,1,13222,14935,14310,23445,1,15070,20945,15070,11461,13317,1,2354,15639,7657,17430,12019,12854,8263,8846,9251,14351,16426,12240,19810,2246,150,19809,1,21:30
2024-25,1626172,Kevon Looney,Kevon,1610612744,GSW,Golden State Warriors,0022400845,2025-02-27T00:00:00,GSW @ ORL,W,13.546666666666667,0.0,0.0,0.0,0.0,0.0,0.0,0.0,0.0,0.0,8.0,10.6,18.6,2.7,0.0,0.0,0.0,0.0,5.3,0.0,0.0,-18.6,26.3,0,0,21.3,1,1,13086,1,20466,22635,24836,22635,15070,20945,15070,13505,14344,13505,792,2129,775,14019,16469,12854,8263,8846,3997,17725,23200,21099,17413,2246,150,20122,1,13:33
2024-25,201959,Taj Gibson,Taj,1610612766,CHA,Charlotte Hornets,0022400847,2025-02-27T00:00:00,CHA @ DAL,L,4.216666666666667,17.1,17.1,1.0,0.0,0.0,0.0,0.0,0.0,0.0,8.5,0.0,8.5,0.0,8.5,0.0,0.0,0.0,0.0,0.0,34.2,8.5,35.9,0,0,42.7,1,13222,1,13222,24368,270,5719,1,15070,20945,15070,13505,14344,13505,654,22137,7418,19908,494,12854,8263,8846,20257,17725,1100,8388,10467,2246,150,5315,1,4:13
2024-25,1631108,Max Christie,Max,1610612742,DAL,Dallas Mavericks,0022400847,2025-02-27T00:00:00,DAL vs. CHA,W,34.0,3.2,8.5,0.375,2.1,3.2,0.667,0.0,0.0,0.0,0.0,4.2,4.2,4.2,0.0,1.1,0.0,0.0,1.1,3.2,8.5,10.6,23.1,0,0,21.2,1,1,13086,1,4265,19042,19529,16299,9606,17314,1957,13505,14344,13505,14058,13015,16718,9290,16469,11402,8263,8846,19349,8641,19537,7424,19511,2246,150,20169,1,34:00
2024-25,1629060,Rui Hachimura,Rui,1610612747,LAL,Los Angeles Lakers,0022400849,2025-02-27T00:00:00,LAL vs. MIN,W,18.45,3.9,11.7,0.333,2.0,7.8,0.25,0.0,0.0,0.0,2.0,3.9,5.9,3.9,0.0,0.0,0.0,0.0,0.0,0.0,9.8,41.0,22.6,0,0,21.5,1,1,13086,1,17247,17313,14099,17395,10388,6788,11902,13505,14344,13505,8614,14015,12621,10219,16469,12854,8263,8846,20257,17725,18387,910,19793,2246,150,20000,1,18:27
2024-25,203486,Mason Plumlee,Mason,1610612756,PHX,Phoenix Suns,0022400848,2025-02-27T00:00:00,PHX vs. NOP,L,16.613333333333333,2.2,2.2,1.0,0.0,0.0,0.0,4.3,8.7,0.5,6.5,10.8,17.3,0.0,0.0,0.0,2.2,0.0,2.2,4.3,8.7,-45.5,36.0,0,0,30.3,1,13222,1,13222,18526,21106,24731,1,15070,20945,15070,5094,2076,10625,1369,1992,1053,19908,16469,12854,3025,8846,14262,5511,19381,25204,10383,2246,150,13682,1,16:37
2024-25,1641724,Jett Howard,Jett,1610612753,ORL,Orlando Magic,0022400845,2025-02-27T00:00:00,ORL vs. GSW,L,20.316666666666666,3.5,7.1,0.5,3.5,7.1,0.5,0.0,0.0,0.0,0.0,1.8,1.8,1.8,3.5,1.8,0.0,1.8,3.5,0.0,10.6,-15.9,17.2,0,0,21.3,1,13222,1,13222,15769,18219,21455,8526,5047,8274,3944,13505,14344,13505,14058,20312,22202,17164,4925,7364,8263,3973,8624,17725,17528,20242,22418,2246,150,20121,1,20:19
2024-25,1627780,Gary Payton II,Gary,1610612744,GSW,Golden State Warriors,0022400845,2025-02-27T00:00:00,GSW @ ORL,W,16.963333333333335,4.2,6.4,0.667,0.0,2.1,0.0,2.1,4.2,0.5,0.0,2.1,2.1,2.1,0.0,4.2,2.1,0.0,2.1,2.1,10.6,6.4,35.4,0,0,27.6,1,1,13086,1,18281,16474,22250,3281,15070,19329,15070,10224,7327,10625,14058,19297,21571,15921,16469,1421,3140,8846,14513,12517,17545,9439,10774,2246,150,15725,1,16:58
2024-25,1630611,Gui Santos,Gui,1610612744,GSW,Golden State Warriors,0022400845,2025-02-27T00:00:00,GSW @ ORL,W,6.916666666666667,5.2,10.4,0.5,0.0,5.2,0.0,0.0,0.0,0.0,0.0,0.0,0.0,0.0,0.0,5.2,0.0,0.0,5.2,5.2,10.4,-10.4,26.0,0,0,20.8,1,1,13086,1,23209,13803,16365,8526,15070,12690,15070,13505,14344,13505,14058,22137,23286,19908,16469,782,8263,8846,4180,3769,17744,18072,17604,2246,150,20391,1,6:55
2024-25,1630631,Jose Alvarado,Jose,1610612740,NOP,New Orleans Pelicans,0022400848,2025-02-27T00:00:00,NOP @ PHX,W,20.211666666666666,8.9,16.0,0.556,3.6,7.1,0.5,3.6,3.6,1.0,0.0,1.8,1.8,8.9,0.0,5.3,0.0,0.0,1.8,5.3,24.9,17.8,56.5,0,0,49.9,1,1,13086,1,15860,4881,7069,7248,5006,8207,3944,6573,8764,1,14058,20298,22189,2107,16469,720,8263,8846,16265,3568,4246,4618,1737,2246,150,2572,1,20:13
2024-25,203957,Danté Exum,Danté,1610612742,DAL,Dallas Mavericks,0022400847,2025-02-27T00:00:00,DAL vs. CHA,W,25.44333333333333,4.2,5.7,0.75,1.4,1.4,1.0,7.1,7.1,1.0,0.0,4.2,4.2,4.2,1.4,5.7,1.4,0.0,1.4,5.7,17.0,-1.4,48.2,0,0,41.0,1,1,13086,1,11633,16473,22936,2107,12386,20366,1,1966,3297,1,14058,12987,16696,9264,13197,583,5167,8846,17563,3102,10866,13767,3895,2246,150,6180,1,25:27
2024-25,201142,Kevin Durant,Kevin,1610612756,PHX,Phoenix Suns,0022400848,2025-02-27T00:00:00,PHX vs. NOP,L,35.85,12.1,23.1,0.522,4.0,13.1,0.308,0.0,0.0,0.0,0.0,5.0,5.0,2.0,2.0,1.0,1.0,1.0,2.0,1.0,28.1,-2.0,41.2,0,0,43.2,1,13222,1,13222,2786,1495,1355,8473,3961,1274,11292,13505,14344,13505,14058,10822,14742,16341,10476,11918,7457,7882,15092,17384,2738,14050,7065,2246,150,5053,1,35:51
2024-25,203507,Giannis Antetokounmpo,Giannis,1610612749,MIL,Milwaukee Bucks,0022400846,2025-02-27T00:00:00,MIL vs. DEN,W,32.61666666666667,12.1,25.4,0.478,1.1,2.2,0.5,5.5,8.8,0.625,2.2,18.8,21.0,7.7,2.2,0.0,1.1,1.1,3.3,5.5,30.9,8.8,68.8,1,0,62.9,1,1,13086,1,5465,1435,752,11986,13923,19154,3944,3392,1958,10271,7561,217,421,3153,9481,12854,6765,7010,9415,3310,1800,8258,493,1,150,582,1,32:37
2024-25,201939,Stephen Curry,Stephen,1610612744,GSW,Golden State Warriors,0022400845,2025-02-27T00:00:00,GSW @ ORL,W,34.3,16.8,26.2,0.64,12.6,19.9,0.632,12.6,12.6,1.0,0.0,4.2,4.2,3.1,4.2,2.1,0.0,0.0,0.0,5.2,58.8,15.7,70.6,0,0,82.9,1,1,13086,1,4009,295,608,4685,118,239,2867,291,655,1,14058,13126,16817,12480,3508,5791,8263,8846,20257,3706,93,5340,412,2246,150,132,1,34:18
2024-25,1629627,Zion Williamson,Zion,1610612740,NOP,New Orleans Pelicans,0022400848,2025-02-27T00:00:00,NOP @ PHX,W,31.065,15.1,19.7,0.765,0.0,0.0,0.0,1.2,4.6,0.25,4.6,7.0,11.6,12.7,2.3,0.0,2.3,1.2,1.2,4.6,31.3,19.7,69.0,1,1,60.3,1,1,13086,1,6833,484,3180,2095,15070,20945,15070,12725,6597,13358,2760,6441,3860,577,8994,12854,2705,6560,18768,4865,1698,4043,479,1,1,805,1,31:04
2024-25,1628371,Jonathan Isaac,Jonathan,1610612753,ORL,Orlando Magic,0022400845,2025-02-27T00:00:00,ORL vs. GSW,L,13.17,8.2,13.7,0.6,2.7,5.5,0.5,0.0,0.0,0.0,8.2,10.9,19.1,2.7,2.7,0.0,0.0,2.7,2.7,2.7,19.1,2.7,43.5,0,0,43.7,1,13222,1,13222,20669,6206,10717,5394,7438,12041,3944,13505,14344,13505,721,1938,660,13810,7429,12854,8263,1695,11901,10217,8710,11245,5900,2246,150,4814,1,13:10
2024-25,1631094,Paolo Banchero,Paolo,1610612753,ORL,Orlando Magic,0022400845,2025-02-27T00:00:00,ORL vs. GSW,L,36.083333333333336,16.0,26.9,0.593,4.0,10.0,0.4,5.0,8.0,0.625,0.0,6.0,6.0,5.0,5.0,2.0,0.0,0.0,4.0,6.0,40.9,-12.0,56.6,0,0,59.9,1,13222,1,13222,2619,361,506,6215,4018,3509,7874,4053,2531,10271,14058,8364,12320,7491,2354,6269,8263,8846,7174,2644,402,18726,1712,2246,150,841,1,36:05
2024-25,1626164,Devin Booker,Devin,1610612756,PHX,Phoenix Suns,0022400848,2025-02-27T00:00:00,PHX vs. NOP,L,41.516666666666666,11.3,25.1,0.448,5.2,13.9,0.375,3.5,3.5,1.0,2.6,3.5,6.1,7.8,3.5,0.9,0.0,1.7,2.6,4.3,31.2,-5.2,49.3,0,0,52.0,1,13222,1,13222,298,2033,793,13041,2050,967,8800,6758,8948,1,6339,15326,12116,3077,5090,12762,8263,4069,12423,5507,1724,15701,3490,2246,150,2031,1,41:31
2024-25,1631217,Moussa Diabaté,Moussa,1610612766,CHA,Charlotte Hornets,0022400847,2025-02-27T00:00:00,CHA @ DAL,L,12.961666666666666,11.1,19.4,0.571,0.0,0.0,0.0,0.0,2.8,0.0,11.1,5.6,16.7,0.0,2.8,2.8,0.0,0.0,5.6,2.8,22.2,-16.7,47.8,0,0,44.4,1,13222,1,13222,20762,2182,3389,6538,15070,20945,15070,13505,10544,13505,302,9405,1223,19908,7300,3739,8263,8846,3623,10049,6065,20500,4056,2246,150,4498,1,12:58
2024-25,1630568,Luka Garza,Luka,1610612750,MIN,Minnesota Timberwolves,0022400849,2025-02-27T00:00:00,MIN @ LAL,L,5.116666666666666,0.0,0.0,0.0,0.0,0.0,0.0,7.0,14.1,0.5,7.0,0.0,7.0,7.0,0.0,7.0,7.0,0.0,7.0,7.0,7.0,7.0,68.2,0,0,49.3,1,13222,1,13222,23934,22635,24836,22635,15070,20945,15070,1985,443,10625,1130,22137,10087,3971,16469,290,202,8846,1950,1632,20696,9118,513,2246,150,2744,1,5:07
2024-25,203999,Nikola Jokić,Nikola,1610612743,DEN,Denver Nuggets,0022400846,2025-02-27T00:00:00,DEN @ MIL,L,37.51833333333333,12.5,15.4,0.813,1.0,1.9,0.5,4.8,6.7,0.714,1.0,12.5,13.4,9.6,4.8,1.0,0.0,0.0,3.8,5.8,30.7,-4.8,59.3,1,1,56.6,1,13222,1,13222,1672,1263,8033,1683,14755,19704,3944,4349,3643,9244,13578,1165,2518,1650,2585,12282,8263,8846,7634,2962,1862,15472,1282,1,1,1210,1,37:31
2024-25,1631109,Mark Williams,Mark,1610612766,CHA,Charlotte Hornets,0022400847,2025-02-27T00:00:00,CHA @ DAL,L,30.595,11.8,21.2,0.556,0.0,0.0,0.0,7.1,8.2,0.857,4.7,14.1,18.8,3.5,3.5,0.0,1.2,0.0,5.9,5.9,30.6,-2.4,58.5,1,0,55.3,1,13222,1,13222,7237,1684,2216,7248,15070,20945,15070,1970,2361,7071,2667,737,725,11306,4952,12854,6322,8846,3095,2773,1897,14235,1411,1,150,1416,1,30:36
2024-25,2544,LeBron James,LeBron,1610612747,LAL,Los Angeles Lakers,0022400849,2025-02-27T00:00:00,LAL vs. MIN,W,37.43333333333333,10.6,20.2,0.524,3.8,8.7,0.444,6.7,9.6,0.7,4.8,11.5,16.3,5.8,3.8,1.0,1.0,1.0,1.0,6.7,31.7,11.5,61.9,1,0,61.5,1,1,13086,1,1716,2643,2829,8439,4324,5337,7211,2213,1543,9366,2553,1604,1313,5909,4194,12265,7739,8253,19902,1876,1578,6987,972,1,150,688,1,37:26
2024-25,1630545,Terrence Shannon Jr.,Terrence,1610612750,MIN,Minnesota Timberwolves,0022400849,2025-02-27T00:00:00,MIN @ LAL,L,29.016666666666666,11.2,18.6,0.6,1.2,3.7,0.333,7.4,7.4,1.0,1.2,5.0,6.2,2.5,3.7,0.0,0.0,1.2,3.7,3.7,31.0,13.6,38.5,0,0,40.9,1,13222,1,13222,8656,2131,4112,5394,13147,16161,9209,1705,2962,1,11533,10991,11817,14611,4502,12854,8263,5993,7993,7079,1773,6150,8730,2246,150,6239,1,29:01
2024-25,1628976,Wendell Carter Jr.,Wendell,1610612753,ORL,Orlando Magic,0022400845,2025-02-27T00:00:00,ORL vs. GSW,L,26.5,5.4,10.9,0.5,1.4,2.7,0.5,0.0,0.0,0.0,6.8,12.2,19.0,5.4,5.4,1.4,0.0,0.0,6.8,1.4,12.2,-8.2,41.8,0,0,40.8,1,13222,1,13222,10724,13173,15570,8526,12608,18225,3944,13505,14344,13505,1231,1263,694,6559,1870,9144,8263,8846,2151,15628,15896,17034,6710,2246,150,6347,1,26:30
2024-25,1629018,Gary Trent Jr.,Gary,1610612749,MIL,Milwaukee Bucks,0022400846,2025-02-27T00:00:00,MIL vs. DEN,W,24.466666666666665,8.8,11.8,0.75,4.4,5.9,0.75,0.0,0.0,0.0,1.5,1.5,2.9,1.5,1.5,4.4,0.0,0.0,0.0,0.0,22.1,-2.9,39.6,0,0,39.7,1,1,13086,1,12511,5009,13993,2107,3211,10981,1542,13505,14344,13505,10427,20937,19873,18087,12892,1291,8263,8846,20257,17725,6153,14544,8025,2246,150,6935,1,24:28
2024-25,1628960,Grayson Allen,Grayson,1610612756,PHX,Phoenix Suns,0022400848,2025-02-27T00:00:00,PHX vs. NOP,L,15.833333333333334,0.0,15.9,0.0,0.0,13.6,0.0,0.0,0.0,0.0,0.0,2.3,2.3,4.5,2.3,2.3,0.0,2.3,2.3,0.0,0.0,-50.0,14.1,0,0,11.4,1,13222,1,13222,19040,22635,7230,22635,15070,1043,15070,13505,14344,13505,14058,18843,21258,8532,9191,5130,8263,2491,13756,17725,23200,25397,23471,2246,150,24138,1,15:50
2024-25,1630702,Jaden Hardy,Jaden,1610612742,DAL,Dallas Mavericks,0022400847,2025-02-27T00:00:00,DAL vs. CHA,W,2.566666666666667,0.0,28.1,0.0,0.0,14.0,0.0,0.0,0.0,0.0,0.0,0.0,0.0,0.0,0.0,0.0,0.0,0.0,0.0,0.0,0.0,-112.2,0.0,0,0,0.0,1,1,13086,1,25189,22635,393,22635,15070,915,15070,13505,14344,13505,14058,22137,23286,19908,16469,12854,8263,8846,20257,17725,23200,26204,25228,2246,150,25259,1,2:34
2024-25,1630579,Jericho Sims,Jericho,1610612749,MIL,Milwaukee Bucks,0022400846,2025-02-27T00:00:00,MIL vs. DEN,W,10.7,3.4,13.5,0.25,0.0,0.0,0.0,0.0,0.0,0.0,3.4,10.1,13.5,0.0,0.0,0.0,0.0,0.0,0.0,0.0,6.7,10.1,22.9,0,0,20.2,1,1,13086,1,21842,18610,11068,20233,15070,20945,15070,13505,14344,13505,4607,2502,2502,19908,16469,12854,8263,8846,20257,17725,20901,7655,19632,2246,150,20750,1,10:42
2024-25,201566,Russell Westbrook,Russell,1610612743,DEN,Denver Nuggets,0022400846,2025-02-27T00:00:00,DEN @ MIL,L,25.183333333333334,5.7,18.6,0.308,1.4,5.7,0.25,1.4,1.4,1.0,2.9,5.7,8.6,7.1,1.4,1.4,0.0,0.0,2.9,1.4,14.3,10.0,38.2,0,0,34.3,1,13222,1,13222,11850,12361,4136,19226,12337,11407,11902,11955,13564,1,5704,9003,7354,3826,13111,8758,8263,8846,11368,15325,13613,7696,8910,2246,150,10606,1,25:11
2024-25,1630230,Naji Marshall,Naji,1610612742,DAL,Dallas Mavericks,0022400847,2025-02-27T00:00:00,DAL vs. CHA,W,33.06666666666667,1.1,12.0,0.091,0.0,6.5,0.0,1.1,2.2,0.5,2.2,7.6,9.8,6.5,2.2,0.0,0.0,0.0,1.1,1.1,3.3,8.7,22.6,0,0,19.6,1,1,13086,1,5096,22582,13635,22599,15070,9470,15070,12939,12159,10625,7662,5285,5682,4657,9608,12854,8263,8846,19162,16956,22863,8319,19788,2246,150,21096,1,33:04
2024-25,203081,Damian Lillard,Damian,1610612749,MIL,Milwaukee Bucks,0022400846,2025-02-27T00:00:00,MIL vs. DEN,W,35.31666666666667,5.1,9.2,0.556,3.1,6.1,0.5,6.1,6.1,1.0,1.0,3.1,4.1,4.1,4.1,2.0,0.0,0.0,0.0,3.1,19.4,9.2,32.4,0,0,34.7,1,1,13086,1,3216,14106,18452,7248,6329,10404,3944,2763,4331,1,13099,16528,17122,9716,3722,6068,8263,8846,20257,9040,8496,8102,13003,2246,150,10327,1,35:19
2024-25,1630692,Jordan Goodwin,Jordan,1610612747,LAL,Los Angeles Lakers,0022400849,2025-02-27T00:00:00,LAL vs. MIN,W,12.55,8.6,14.3,0.6,2.9,5.7,0.5,0.0,0.0,0.0,0.0,2.9,2.9,2.9,2.9,5.7,0.0,0.0,2.9,0.0,20.1,22.9,42.2,0,0,40.2,1,1,13086,1,20962,5422,9629,5394,6988,11365,3944,13505,14344,13505,14058,17182,20067,13380,6962,559,8263,8846,11317,17725,7855,3281,6537,2246,150,6695,1,12:33
2024-25,1641878,Damion Baugh,Damion,1610612766,CHA,Charlotte Hornets,0022400847,2025-02-27T00:00:00,CHA @ DAL,L,21.69333333333333,1.7,13.3,0.125,0.0,3.3,0.0,0.0,0.0,0.0,1.7,1.7,3.3,3.3,5.0,0.0,0.0,1.7,0.0,0.0,3.3,-8.3,7.3,0,0,10.0,1,13222,1,13222,14763,21952,11348,22420,15070,17028,15070,13505,14344,13505,9719,20541,18948,11919,2364,12854,8263,4257,20257,17725,22843,17096,24781,2246,150,24433,1,21:42
2024-25,1629029,Luka Dončić,Luka,1610612747,LAL,Los Angeles Lakers,0022400849,2025-02-27T00:00:00,LAL vs. MIN,W,35.766666666666666,6.0,20.1,0.3,1.0,9.1,0.111,8.1,12.1,0.667,2.0,11.1,13.1,5.0,3.0,0.0,0.0,0.0,2.0,8.1,21.1,0.0,41.4,1,0,40.3,1,1,13086,1,2851,11404,2883,19363,14507,4727,15003,1389,749,9425,8330,1875,2751,7392,6396,12854,8263,8846,15072,986,6969,12240,6950,1,150,6641,1,35:46
2024-25,1631102,TyTy Washington Jr.,TyTy,1610612756,PHX,Phoenix Suns,0022400848,2025-02-27T00:00:00,PHX vs. NOP,L,2.6666666666666665,0.0,13.5,0.0,0.0,13.5,0.0,0.0,0.0,0.0,0.0,0.0,0.0,0.0,0.0,0.0,0.0,0.0,27.0,0.0,0.0,-108.0,0.0,0,0,0.0,1,13222,1,13222,25146,22635,11006,22635,15070,1095,15070,13505,14344,13505,14058,22137,23286,19908,16469,12854,8263,8846,56,17725,23200,26185,25228,2246,150,25259,1,2:40
2024-25,1630541,Moses Moody,Moses,1610612744,GSW,Golden State Warriors,0022400845,2025-02-27T00:00:00,GSW @ ORL,W,25.483333333333334,1.4,7.1,0.2,1.4,7.1,0.2,9.9,9.9,1.0,0.0,1.4,1.4,0.0,0.0,0.0,1.4,0.0,2.8,4.2,14.1,-9.9,20.1,0,0,19.8,1,1,13086,1,11598,22276,21486,21401,12393,8323,13429,731,1416,1,14058,21050,22672,19908,16469,12854,5175,8846,11524,5747,13814,17844,21134,2246,150,20995,1,25:29
2024-25,1642346,Ryan Dunn,Ryan,1610612756,PHX,Phoenix Suns,0022400848,2025-02-27T00:00:00,PHX vs. NOP,L,13.551666666666666,0.0,13.3,0.0,0.0,8.0,0.0,0.0,0.0,0.0,2.7,2.7,5.3,0.0,0.0,0.0,2.7,2.7,2.7,2.7,0.0,-23.9,14.3,0,0,10.6,1,13222,1,13222,20457,22635,11337,22635,15070,6503,15070,13505,14344,13505,6212,17800,14013,19908,16469,12854,2143,1801,12222,10456,23200,22546,23384,2246,150,24308,1,13:33
2024-25,1629675,Naz Reid,Naz,1610612750,MIN,Minnesota Timberwolves,0022400849,2025-02-27T00:00:00,MIN @ LAL,L,30.838333333333335,1.2,11.7,0.1,0.0,5.8,0.0,1.2,2.3,0.5,4.7,9.3,14.0,2.3,3.5,0.0,0.0,1.2,4.7,1.2,3.5,-10.5,20.3,0,0,19.8,1,13222,1,13222,7011,22524,14179,22561,15070,11119,15070,12706,11682,10625,2725,3170,2236,15105,5008,12854,8263,6501,5365,16563,22776,18107,21021,2246,150,20949,1,30:50
2024-25,1630208,Nick Richards,Nick,1610612756,PHX,Phoenix Suns,0022400848,2025-02-27T00:00:00,PHX vs. NOP,L,31.3,5.8,6.9,0.833,0.0,0.0,0.0,0.0,0.0,0.0,6.9,11.5,18.4,2.3,2.3,0.0,1.2,0.0,3.5,0.0,11.5,17.3,38.2,1,0,34.5,1,13222,1,13222,6607,12264,21665,1514,15070,20945,15070,13505,14344,13505,1176,1627,807,15227,9066,12854,6486,8846,8886,17725,16673,4823,8902,1,150,10441,1,31:18
2024-25,1629645,Kevin Porter Jr.,Kevin,1610612749,MIL,Milwaukee Bucks,0022400846,2025-02-27T00:00:00,MIL vs. DEN,W,12.683333333333334,2.8,11.4,0.25,2.8,8.5,0.333,0.0,0.0,0.0,0.0,2.8,2.8,5.7,5.7,0.0,0.0,2.8,2.8,0.0,8.5,0.0,14.8,0,0,19.9,1,1,13086,1,20904,19792,14746,20233,7091,5564,9209,13505,14344,13505,14058,17275,20152,6084,1660,12854,8263,1547,11467,17725,19502,12240,23255,2246,150,20931,1,12:41
2024-25,1631128,Christian Braun,Christian,1610612743,DEN,Denver Nuggets,0022400846,2025-02-27T00:00:00,DEN @ MIL,L,31.183333333333334,5.8,12.7,0.455,0.0,2.3,0.0,3.5,3.5,1.0,1.2,10.4,11.5,3.5,0.0,2.3,0.0,0.0,4.6,2.3,15.0,-13.9,41.0,1,0,34.6,1,13222,1,13222,6717,12193,12387,12676,15070,18964,15070,6769,8955,1,12070,2292,3909,11509,16469,5003,8263,8846,5497,11708,12890,19449,7180,1,150,10343,1,31:11
2024-25,202710,Jimmy Butler III,Jimmy,1610612744,GSW,Golden State Warriors,0022400845,2025-02-27T00:00:00,GSW @ ORL,W,32.35,1.1,7.8,0.143,0.0,3.3,0.0,3.3,4.5,0.75,2.2,2.2,4.5,7.8,2.2,0.0,1.1,1.1,1.1,6.7,5.6,-7.8,23.7,0,0,20.0,1,1,13086,1,5691,22570,20546,22260,15070,16984,15070,7027,6933,8186,7510,18994,16167,3092,9399,12854,6706,6940,19027,1920,21689,16878,19150,2246,150,20843,1,32:21
2024-25,1629008,Michael Porter Jr.,Michael,1610612743,DEN,Denver Nuggets,0022400846,2025-02-27T00:00:00,DEN @ MIL,L,35.03333333333333,5.1,22.6,0.227,2.1,11.3,0.182,0.0,0.0,0.0,6.2,4.1,10.3,3.1,1.0,1.0,0.0,2.1,2.1,0.0,12.3,-20.6,31.3,1,0,29.8,1,13222,1,13222,3435,13983,1542,21201,9897,2250,14207,13505,14344,13505,1534,13387,5145,12657,15654,11691,8263,3040,14843,17725,15783,21713,13791,1,150,14100,1,35:02
2024-25,1631288,Jamal Cain,Jamal,1610612740,NOP,New Orleans Pelicans,0022400848,2025-02-27T00:00:00,NOP @ PHX,W,9.95,3.6,14.5,0.25,3.6,14.5,0.25,0.0,0.0,0.0,0.0,0.0,0.0,0.0,0.0,0.0,0.0,0.0,3.6,0.0,10.9,-10.9,10.9,0,0,14.5,1,1,13086,1,22122,18037,9397,20233,4876,809,11902,13505,14344,13505,14058,22137,23286,19908,16469,12854,8263,8846,8369,17725,17309,18258,24267,2246,150,23261,1,9:57
2024-25,1631255,Karlo Matković,Karlo,1610612740,NOP,New Orleans Pelicans,0022400848,2025-02-27T00:00:00,NOP @ PHX,W,35.598333333333336,7.1,13.1,0.538,3.0,7.1,0.429,0.0,0.0,0.0,3.0,7.1,10.1,1.0,0.0,0.0,0.0,1.0,2.0,1.0,17.2,4.0,30.8,1,0,31.3,1,1,13086,1,3002,8742,11586,7978,6390,8292,7394,13505,14344,13505,5259,6216,5311,19643,16469,12854,8263,7815,15011,17351,10641,10621,14172,1,150,12895,1,35:36
2024-25,1627741,Buddy Hield,Buddy,1610612744,GSW,Golden State Warriors,0022400845,2025-02-27T00:00:00,GSW @ ORL,W,17.591666666666665,2.0,10.2,0.2,2.0,6.1,0.333,0.0,0.0,0.0,2.0,0.0,2.0,4.1,0.0,2.0,2.0,2.0,0.0,0.0,6.1,26.6,27.0,0,0,22.5,1,1,13086,1,17862,21322,16683,21401,9931,10345,9209,13505,14344,13505,8180,22137,21706,9679,16469,6028,3356,3071,20257,17725,21295,2500,16931,2246,150,19349,1,17:36
2024-25,1627750,Jamal Murray,Jamal,1610612743,DEN,Denver Nuggets,0022400846,2025-02-27T00:00:00,DEN @ MIL,L,39.63333333333333,8.2,18.2,0.45,1.8,4.5,0.4,0.0,0.0,0.0,0.9,1.8,2.7,4.5,1.8,0.9,0.0,0.0,0.0,0.9,18.2,-11.8,29.2,0,0,29.1,1,13222,1,13222,674,6257,4487,12982,11010,14341,7874,13505,14344,13505,13871,20199,20397,8553,11469,12629,8263,8846,20257,17645,9657,18667,15389,2246,150,14649,1,39:38
2024-25,1628995,Kevin Knox II,Kevin,1610612744,GSW,Golden State Warriors,0022400845,2025-02-27T00:00:00,GSW @ ORL,W,4.733333333333333,7.6,22.8,0.333,0.0,15.2,0.0,0.0,0.0,0.0,7.6,0.0,7.6,0.0,7.6,0.0,0.0,0.0,15.2,7.6,15.2,30.4,16.7,0,0,22.8,1,1,13086,1,24123,7499,1446,17395,15070,646,15070,13505,14344,13505,908,22137,8961,19908,674,12854,8263,8846,234,1251,12696,1911,22584,2246,150,19128,1,4:44
2024-25,203468,CJ McCollum,CJ,1610612740,NOP,New Orleans Pelicans,0022400848,2025-02-27T00:00:00,NOP @ PHX,W,34.485,7.3,18.8,0.389,3.1,9.4,0.333,2.1,2.1,1.0,2.1,2.1,4.2,2.1,0.0,0.0,0.0,0.0,2.1,1.0,19.8,-12.5,28.0,0,0,29.2,1,1,13086,1,3865,8209,3936,16009,6134,4260,9209,10337,12466,1,8001,19395,16866,16041,16469,12854,8263,8846,14667,17200,8041,18951,16246,2246,150,14529,1,34:29
2024-25,1628978,Donte DiVincenzo,Donte,1610612750,MIN,Minnesota Timberwolves,0022400849,2025-02-27T00:00:00,MIN @ LAL,L,23.166666666666668,4.7,9.3,0.5,4.7,9.3,0.5,0.0,0.0,0.0,0.0,7.8,7.8,9.3,0.0,1.6,0.0,0.0,4.7,1.6,14.0,23.3,42.0,0,0,38.8,1,13222,1,13222,13583,15335,18243,8526,2794,4344,3944,13505,14344,13505,14058,5049,8672,1795,16469,8172,8263,8846,5376,14783,13951,3192,6642,2246,150,7482,1,23:10
2024-25,1630182,Josh Green,Josh,1610612766,CHA,Charlotte Hornets,0022400847,2025-02-27T00:00:00,CHA @ DAL,L,35.733333333333334,2.0,6.0,0.333,2.0,5.0,0.4,1.0,2.0,0.5,0.0,2.0,2.0,2.0,0.0,0.0,0.0,1.0,3.0,2.0,7.1,-7.1,12.5,0,0,13.1,1,13222,1,13222,2875,21384,22556,17395,10098,13111,7874,13219,12681,10625,14058,19615,21769,16320,16469,12854,8263,7855,10612,13010,20681,16529,23900,2246,150,23682,1,35:44
2024-25,203932,Aaron Gordon,Aaron,1610612743,DEN,Denver Nuggets,0022400846,2025-02-27T00:00:00,DEN @ MIL,L,32.848333333333336,4.4,14.2,0.308,1.1,6.6,0.167,0.0,0.0,0.0,1.1,4.4,5.5,2.2,2.2,1.1,1.1,2.2,2.2,0.0,9.9,-15.3,24.1,0,0,23.0,1,13222,1,13222,5293,16113,9767,19226,13963,9372,14236,13505,14344,13505,12500,12568,13592,15657,9543,11054,6817,2664,14132,17725,18292,20024,18871,2246,150,19012,1,32:51
2024-25,201572,Brook Lopez,Brook,1610612749,MIL,Milwaukee Bucks,0022400846,2025-02-27T00:00:00,MIL vs. DEN,W,37.3,6.8,15.4,0.438,1.0,5.8,0.167,6.8,7.7,0.875,1.0,2.9,3.9,2.9,1.0,0.0,1.0,0.0,3.9,5.8,21.2,5.8,32.1,0,0,30.9,1,1,13086,1,1795,9542,7902,13558,14726,11223,14236,2191,2729,6931,13534,17099,17680,13293,16058,12854,7722,8846,7576,2908,6900,9702,13225,2246,150,13264,1,37:18
2024-25,1630175,Cole Anthony,Cole,1610612753,ORL,Orlando Magic,0022400845,2025-02-27T00:00:00,ORL vs. GSW,L,26.413333333333334,4.1,8.2,0.5,1.4,1.4,1.0,5.5,5.5,1.0,4.1,5.5,9.5,5.5,2.7,0.0,4.1,2.7,4.1,4.1,15.0,-9.5,44.2,0,0,39.5,1,13222,1,13222,10810,16869,19975,8526,12595,20420,1,3474,5246,1,3468,9670,6005,6530,7454,12854,871,1702,6876,6077,12918,17692,5600,2246,150,7055,1,26:25
2024-25,1642354,KJ Simpson,KJ,1610612766,CHA,Charlotte Hornets,0022400847,2025-02-27T00:00:00,CHA @ DAL,L,30.616666666666667,5.9,11.8,0.5,1.2,3.5,0.333,0.0,0.0,0.0,1.2,3.5,4.7,5.9,2.4,2.4,0.0,2.4,0.0,2.4,12.9,-9.4,32.1,0,0,29.4,1,13222,1,13222,7200,11865,14016,8526,13502,16599,9209,13505,14344,13505,11954,15150,15555,5710,8858,4866,8263,2333,20257,11535,15163,17623,13252,2246,150,14413,1,30:37
2024-25,1629610,DaQuan Jeffries,DaQuan,1610612766,CHA,Charlotte Hornets,0022400847,2025-02-27T00:00:00,CHA @ DAL,L,17.2,4.2,16.7,0.25,0.0,6.3,0.0,4.2,4.2,1.0,4.2,12.6,16.7,0.0,2.1,0.0,0.0,2.1,2.1,2.1,12.6,6.3,30.6,0,0,29.3,1,13222,1,13222,18139,16627,6115,20233,15070,10022,15070,5364,7435,1,3317,1138,1189,19908,10032,12854,8263,2941,14640,12642,15532,9481,14382,2246,150,14474,1,17:12
2024-25,1629020,Jarred Vanderbilt,Jarred,1610612747,LAL,Los Angeles Lakers,0022400849,2025-02-27T00:00:00,LAL vs. MIN,W,13.1,5.5,8.2,0.667,2.7,5.5,0.5,0.0,5.5,0.0,0.0,5.5,5.5,2.7,0.0,0.0,0.0,0.0,5.5,2.7,13.7,-46.7,24.5,0,0,24.7,1,1,13086,1,20693,12981,19870,3281,7380,11950,3944,13505,5192,13505,14058,9540,13543,13753,16469,12854,8263,8846,3703,10152,14234,25256,18646,2246,150,17867,1,13:06
2024-25,201599,DeAndre Jordan,DeAndre,1610612743,DEN,Denver Nuggets,0022400846,2025-02-27T00:00:00,DEN @ MIL,L,10.25,3.5,3.5,1.0,0.0,0.0,0.0,0.0,0.0,0.0,3.5,14.0,17.6,0.0,0.0,0.0,0.0,0.0,3.5,0.0,7.0,-3.5,28.1,0,0,24.6,1,13222,1,13222,22011,18298,24308,1,15070,20945,15070,13505,14344,13505,4357,754,999,19908,16469,12854,8263,8846,8714,17725,20705,14806,16143,2246,150,17956,1,10:15
2024-25,1641783,Tristan da Silva,Tristan,1610612753,ORL,Orlando Magic,0022400845,2025-02-27T00:00:00,ORL vs. GSW,L,2.5833333333333335,13.9,13.9,1.0,0.0,0.0,0.0,0.0,0.0,0.0,0.0,0.0,0.0,0.0,0.0,0.0,0.0,0.0,0.0,13.9,27.9,97.5,27.9,0,0,27.9,1,13222,1,13222,25183,720,10266,1,15070,20945,15070,13505,14344,13505,14058,22137,23286,19908,16469,12854,8263,8846,20257,126,2831,76,16319,2246,150,15530,1,2:35
2024-25,1629650,Moses Brown,Moses,1610612742,DAL,Dallas Mavericks,0022400847,2025-02-27T00:00:00,DAL vs. CHA,W,30.64,10.6,16.4,0.643,0.0,0.0,0.0,2.3,3.5,0.667,2.3,10.6,12.9,0.0,0.0,3.5,2.3,0.0,4.7,2.3,23.5,16.4,56.6,1,0,48.2,1,1,13086,1,7177,2646,6488,4607,15070,20945,15070,9453,8841,9425,7098,2174,2856,19908,16469,2213,2646,8846,5287,11550,5132,5093,1704,1,150,3091,1,30:38
2024-25,1630183,Jaden McDaniels,Jaden,1610612750,MIN,Minnesota Timberwolves,0022400849,2025-02-27T00:00:00,MIN @ LAL,L,37.01166666666666,5.8,17.5,0.333,1.0,4.9,0.2,1.9,2.9,0.667,1.9,5.8,7.8,1.0,0.0,1.9,0.0,0.0,4.9,1.9,14.6,-12.6,31.2,0,0,28.2,1,13222,1,13222,1983,12006,5253,17395,14691,13524,13429,10820,10185,9425,8643,8711,8658,19760,16469,6535,8263,8846,4919,13339,13305,18995,13887,2246,150,15288,1,37:01
2024-25,1626145,Tyus Jones,Tyus,1610612756,PHX,Phoenix Suns,0022400848,2025-02-27T00:00:00,PHX vs. NOP,L,38.73833333333334,4.6,6.5,0.714,4.6,5.6,0.833,0.0,0.0,0.0,0.0,4.6,4.6,11.2,0.0,0.9,0.0,0.0,0.0,0.9,13.9,13.9,39.0,1,0,36.2,1,13222,1,13222,991,15376,22112,2752,2811,11779,1341,13505,14344,13505,14058,11864,15711,949,16469,12514,8263,8846,20257,17604,14001,6033,8384,1,150,9192,1,38:44
2024-25,1641764,Brandin Podziemski,Brandin,1610612744,GSW,Golden State Warriors,0022400845,2025-02-27T00:00:00,GSW @ ORL,W,32.145,3.4,13.4,0.25,2.2,6.7,0.333,0.0,0.0,0.0,0.0,4.5,4.5,7.8,1.1,0.0,2.2,1.1,2.2,1.1,9.0,-11.2,31.7,0,0,28.0,1,1,13086,1,5854,18622,11103,20233,9086,9075,9209,13505,14344,13505,14058,12309,16098,3056,15006,12854,2863,6877,13928,16823,19128,18405,13552,2246,150,15422,1,32:09
2024-25,202691,Klay Thompson,Klay,1610612742,DAL,Dallas Mavericks,0022400847,2025-02-27T00:00:00,DAL vs. CHA,W,27.816666666666666,7.8,15.5,0.5,5.2,9.1,0.571,2.6,3.9,0.667,1.3,1.3,2.6,0.0,0.0,0.0,2.6,0.0,0.0,3.9,23.3,7.8,34.2,0,0,36.2,1,1,13086,1,9700,7137,7784,8526,2074,4725,3506,8829,8072,9425,11224,21291,20656,19908,16469,12854,2233,8846,20257,6623,5297,8745,11674,2246,150,9195,1,27:49
2024-25,1642265,Rob Dillingham,Rob,1610612750,MIN,Minnesota Timberwolves,0022400849,2025-02-27T00:00:00,MIN @ LAL,L,11.621666666666666,6.2,15.5,0.4,0.0,6.2,0.0,0.0,0.0,0.0,3.1,0.0,3.1,6.2,6.2,3.1,0.0,0.0,6.2,0.0,12.4,-15.5,28.5,0,0,27.9,1,13222,1,13222,21444,10985,7837,14933,15070,10210,15070,13505,14344,13505,5136,22137,19482,5165,1271,2937,8263,8846,2715,17725,15728,20093,15878,2246,150,15521,1,11:37
2024-25,1629638,Nickeil Alexander-Walker,Nickeil,1610612750,MIN,Minnesota Timberwolves,0022400849,2025-02-27T00:00:00,MIN @ LAL,L,34.5,4.2,10.4,0.4,2.1,8.3,0.25,4.2,7.3,0.571,0.0,2.1,2.1,2.1,2.1,1.0,1.0,0.0,3.1,7.3,14.6,-1.0,24.4,0,0,25.0,1,13222,1,13222,3852,16666,16325,14933,9740,5831,11902,5389,3090,10536,14058,19397,21639,16042,10060,11553,7172,8846,10164,1444,13283,13566,18672,2246,150,17647,1,34:30
2024-25,203939,Dwight Powell,Dwight,1610612742,DAL,Dallas Mavericks,0022400847,2025-02-27T00:00:00,DAL vs. CHA,W,16.133333333333333,6.7,13.4,0.5,0.0,0.0,0.0,0.0,0.0,0.0,8.9,4.5,13.4,6.7,0.0,0.0,0.0,2.2,2.2,0.0,13.4,-11.2,39.5,0,0,33.5,1,1,13086,1,18839,9696,11165,8526,15070,20945,15070,13505,14344,13505,566,12356,2555,4436,16469,12854,8263,2581,13955,17725,14628,18389,8080,2246,150,11265,1,16:08
2024-25,1630532,Franz Wagner,Franz,1610612753,ORL,Orlando Magic,0022400845,2025-02-27T00:00:00,ORL vs. GSW,L,38.833333333333336,10.2,20.4,0.5,0.9,3.7,0.25,3.7,4.6,0.8,0.0,1.9,1.9,3.7,2.8,2.8,0.0,1.9,2.8,3.7,25.0,3.7,38.4,0,0,37.1,1,13222,1,13222,945,3018,2695,8526,14882,16197,11902,6274,6604,7681,14058,20101,22079,10767,7284,3730,8263,3723,11724,7112,4204,10804,8785,2246,150,8669,1,38:50
2024-25,1627752,Taurean Prince,Taurean,1610612749,MIL,Milwaukee Bucks,0022400846,2025-02-27T00:00:00,MIL vs. DEN,W,29.766666666666666,4.8,8.5,0.571,2.4,6.0,0.4,0.0,0.0,0.0,0.0,4.8,4.8,1.2,0.0,2.4,0.0,0.0,1.2,0.0,12.1,12.1,27.0,0,0,25.4,1,1,13086,1,7993,14840,19544,6538,8417,10582,7874,13505,14344,13505,14058,11307,15202,18989,16469,4635,8263,8846,18483,17725,16041,6755,16975,2246,150,17360,1,29:46
2024-25,1631124,Julian Strawther,Julian,1610612743,DEN,Denver Nuggets,0022400846,2025-02-27T00:00:00,DEN @ MIL,L,19.8,9.1,14.5,0.625,3.6,7.3,0.5,0.0,0.0,0.0,0.0,0.0,0.0,0.0,3.6,0.0,0.0,0.0,1.8,1.8,21.8,10.9,18.2,0,0,25.5,1,13222,1,13222,16175,4548,9281,4899,4834,7883,3944,13505,14344,13505,14058,22137,23286,19908,4701,12854,8263,8846,16093,13860,6365,7275,22012,2246,150,17316,1,19:48
2024-25,1641722,Jordan Hawkins,Jordan,1610612740,NOP,New Orleans Pelicans,0022400848,2025-02-27T00:00:00,NOP @ PHX,W,23.266666666666666,6.2,13.9,0.444,3.1,10.8,0.286,0.0,0.0,0.0,0.0,7.7,7.7,4.6,4.6,0.0,3.1,0.0,1.5,4.6,15.5,34.0,36.4,0,0,37.1,1,1,13086,1,13494,10993,10294,13045,6229,2643,11433,13505,14344,13505,14058,5106,8748,8324,2791,12854,1574,8846,17059,4852,12443,1498,10107,2246,150,8629,1,23:16
2024-25,1641765,Olivier-Maxence Prosper,Olivier-Maxence,1610612742,DAL,Dallas Mavericks,0022400847,2025-02-27T00:00:00,DAL vs. CHA,W,3.8,0.0,28.4,0.0,0.0,9.5,0.0,0.0,0.0,0.0,0.0,9.5,9.5,0.0,0.0,9.5,0.0,0.0,0.0,0.0,0.0,-9.5,39.8,0,0,28.4,1,1,13086,1,24574,22635,364,22635,15070,4137,15070,13505,14344,13505,14058,3039,6091,19908,16469,133,8263,8846,20257,17725,23200,17657,7890,2246,150,15129,1,3:48
2024-25,1630192,Zeke Nnaji,Zeke,1610612743,DEN,Denver Nuggets,0022400846,2025-02-27T00:00:00,DEN @ MIL,L,8.55,4.2,4.2,1.0,0.0,0.0,0.0,0.0,0.0,0.0,4.2,4.2,8.4,0.0,0.0,4.2,4.2,0.0,4.2,0.0,8.4,29.5,43.8,0,0,33.7,1,13222,1,13222,22616,16562,23984,1,15070,20945,15070,13505,14344,13505,3290,13081,7589,19908,16469,1447,808,8846,6523,17725,19578,2034,5772,2246,150,11089,1,8:33
2024-25,1629637,Jaxson Hayes,Jaxson,1610612747,LAL,Los Angeles Lakers,0022400849,2025-02-27T00:00:00,LAL vs. MIN,W,22.833333333333332,4.7,7.9,0.6,0.0,0.0,0.0,6.3,9.5,0.667,6.3,4.7,11.0,0.0,0.0,1.6,1.6,1.6,4.7,6.3,15.8,28.4,38.5,0,0,33.1,1,1,13086,1,13849,15168,20429,5394,15070,20945,15070,2586,1624,9425,1469,11615,4377,19908,16469,8078,4618,4501,5214,2274,12153,2202,8725,2246,150,11562,1,22:50
2024-25,1630556,Kessler Edwards,Kessler,1610612742,DAL,Dallas Mavericks,0022400847,2025-02-27T00:00:00,DAL vs. CHA,W,4.833333333333333,7.4,29.8,0.25,7.4,22.3,0.333,0.0,0.0,0.0,0.0,7.4,7.4,0.0,7.4,0.0,0.0,0.0,0.0,0.0,22.3,-37.2,23.8,0,0,37.2,1,1,13086,1,24068,7887,285,20233,609,162,9209,13505,14344,13505,14058,5585,9271,19908,726,12854,8263,8846,20257,17725,5968,24636,19071,2246,150,8546,1,4:50
2024-25,1628398,Kyle Kuzma,Kyle,1610612749,MIL,Milwaukee Bucks,0022400846,2025-02-27T00:00:00,MIL vs. DEN,W,37.483333333333334,4.8,14.4,0.333,1.0,4.8,0.2,4.8,5.8,0.833,1.0,7.7,8.6,4.8,1.0,0.0,1.9,0.0,0.0,2.9,15.4,18.2,37.7,0,0,33.6,1,1,13086,1,1690,14943,9512,17395,14749,13704,13429,4342,4798,7275,13568,5187,7240,7916,16085,12854,3704,8846,20257,9655,12552,4477,9198,2246,150,11148,1,37:29
2024-25,1641710,Anthony Black,Anthony,1610612753,ORL,Orlando Magic,0022400845,2025-02-27T00:00:00,ORL vs. GSW,L,20.333333333333332,3.5,17.7,0.2,1.8,7.1,0.25,0.0,0.0,0.0,1.8,1.8,3.5,3.5,0.0,3.5,0.0,1.8,1.8,1.8,8.9,10.6,29.0,0,0,24.8,1,13222,1,13222,15758,18223,4999,21401,11185,8280,11902,13505,14344,13505,9352,20318,18462,11269,16469,2190,8263,3978,16305,14037,19216,7405,15460,2246,150,17835,1,20:20
2024-25,203915,Spencer Dinwiddie,Spencer,1610612742,DAL,Dallas Mavericks,0022400847,2025-02-27T00:00:00,DAL vs. CHA,W,23.233333333333334,4.6,13.9,0.333,1.5,7.7,0.2,1.5,3.1,0.5,0.0,3.1,3.1,3.1,1.5,1.5,0.0,1.5,0.0,1.5,12.4,-6.2,23.9,0,0,23.2,1,1,13086,1,13518,15369,10253,17395,11863,6906,13429,11693,9726,10625,14058,16410,19478,12613,12548,8199,8263,4593,20257,14806,15721,16158,19055,2246,150,18843,1,23:14
2024-25,1627827,Dorian Finney-Smith,Dorian,1610612747,LAL,Los Angeles Lakers,0022400849,2025-02-27T00:00:00,LAL vs. MIN,W,30.516666666666666,1.2,4.7,0.25,1.2,4.7,0.25,0.0,0.0,0.0,1.2,0.0,1.2,1.2,0.0,1.2,0.0,0.0,4.7,0.0,3.5,1.2,10.3,0,0,9.4,1,1,13086,1,7300,22511,23662,20233,13477,13914,11902,13505,14344,13505,11933,22137,22971,19087,16469,10346,8263,8846,5242,17725,22759,12028,24372,2246,150,24540,1,30:31
2024-25,1629216,Gabe Vincent,Gabe,1610612747,LAL,Los Angeles Lakers,0022400849,2025-02-27T00:00:00,LAL vs. MIN,W,20.316666666666666,1.8,10.6,0.167,0.0,8.9,0.0,3.5,3.5,1.0,0.0,1.8,1.8,0.0,0.0,0.0,0.0,0.0,1.8,3.5,7.1,-8.9,9.2,0,0,8.9,1,1,13086,1,15769,21795,15998,21938,15070,5010,15070,6612,8798,1,14058,20312,22202,19908,16469,12854,8263,8846,16297,7548,20650,17359,24540,2246,150,24636,1,20:19
2024-25,203484,Kentavious Caldwell-Pope,Kentavious,1610612753,ORL,Orlando Magic,0022400845,2025-02-27T00:00:00,ORL vs. GSW,L,34.266666666666666,0.0,3.2,0.0,0.0,1.1,0.0,0.0,0.0,0.0,0.0,2.1,2.1,1.1,0.0,0.0,1.1,0.0,4.2,0.0,0.0,-14.7,7.2,0,0,5.3,1,13222,1,13222,4042,22635,24441,22635,15070,20808,15070,13505,14344,13505,14058,19356,21607,19521,16469,12854,7131,8846,6544,17725,23200,19789,24792,2246,150,25081,1,34:16
2024-25,203552,Seth Curry,Seth,1610612766,CHA,Charlotte Hornets,0022400847,2025-02-27T00:00:00,CHA @ DAL,L,13.933333333333334,0.0,2.6,0.0,0.0,2.6,0.0,0.0,2.6,0.0,0.0,5.2,5.2,0.0,0.0,0.0,0.0,0.0,0.0,0.0,0.0,7.8,6.2,0,0,5.2,1,13222,1,13222,20229,22635,24620,22635,15070,18473,15070,13505,11014,13505,14058,10362,14349,19908,16469,12854,8263,8846,20257,17725,23200,8752,24897,2246,150,25088,1,13:56
2024-25,1641740,Jaylen Clark,Jaylen,1610612750,MIN,Minnesota Timberwolves,0022400849,2025-02-27T00:00:00,MIN @ LAL,L,16.986666666666668,2.1,6.4,0.333,2.1,4.2,0.5,0.0,0.0,0.0,0.0,0.0,0.0,0.0,0.0,0.0,0.0,0.0,10.6,0.0,6.4,-29.7,6.4,0,0,8.5,1,13222,1,13222,18264,21208,22260,17395,9599,15030,3944,13505,14344,13505,14058,22137,23286,19908,16469,12854,8263,8846,599,17725,21150,23688,24879,2246,150,24688,1,16:59
2024-25,1631260,AJ Green,AJ,1610612749,MIL,Milwaukee Bucks,0022400846,2025-02-27T00:00:00,MIL vs. DEN,W,19.666666666666668,3.7,7.3,0.5,3.7,5.5,0.667,0.0,0.0,0.0,0.0,1.8,1.8,3.7,0.0,1.8,0.0,0.0,3.7,0.0,11.0,-14.6,24.2,0,0,23.8,1,1,13086,1,16285,17938,21175,8526,4777,11966,1957,13505,14344,13505,14058,20159,22112,10901,16469,7112,8263,8846,8224,17725,17190,19763,18834,2246,150,18468,1,19:40
2024-25,1642261,Dalton Knecht,Dalton,1610612747,LAL,Los Angeles Lakers,0022400849,2025-02-27T00:00:00,LAL vs. MIN,W,11.0,0.0,6.5,0.0,0.0,3.3,0.0,0.0,6.5,0.0,0.0,3.3,3.3,0.0,0.0,0.0,0.0,0.0,3.3,3.3,0.0,-6.5,3.9,0,0,3.3,1,1,13086,1,21708,22635,22057,22635,15070,17128,15070,13505,3838,13505,14058,15875,19057,19908,16469,12854,8263,8846,9557,8334,23200,16309,25083,2246,150,25219,1,11:00
2024-25,1641733,Nick Smith Jr.,Nick,1610612766,CHA,Charlotte Hornets,0022400847,2025-02-27T00:00:00,CHA @ DAL,L,33.266666666666666,5.4,15.2,0.357,2.2,5.4,0.4,0.0,0.0,0.0,1.1,2.2,3.2,7.6,0.0,0.0,0.0,1.1,2.2,0.0,13.0,-10.8,28.2,0,0,26.0,1,13222,1,13222,4928,13243,8338,17140,9379,12188,7874,13505,14344,13505,12615,19171,19121,3313,16469,12854,8263,7210,14275,17725,15103,18240,16044,2246,150,16955,1,33:16
2024-25,1642366,Quinten Post,Quinten,1610612744,GSW,Golden State Warriors,0022400845,2025-02-27T00:00:00,GSW @ ORL,W,24.136666666666667,10.4,13.4,0.778,3.0,6.0,0.5,3.0,3.0,1.0,1.5,6.0,7.5,1.5,0.0,1.5,1.5,0.0,4.5,1.5,26.8,32.8,47.0,0,0,44.7,1,1,13086,1,12773,2772,11118,1994,6582,10774,3944,7862,10020,1,10358,8414,9254,18013,16469,8450,4887,8846,5832,15038,3273,1642,4319,2246,150,4375,1,24:08
2024-25,1631221,Collin Gillespie,Collin,1610612756,PHX,Phoenix Suns,0022400848,2025-02-27T00:00:00,PHX vs. NOP,L,4.466666666666667,0.0,16.1,0.0,0.0,0.0,0.0,16.1,16.1,1.0,8.1,0.0,8.1,8.1,0.0,0.0,0.0,8.1,0.0,8.1,16.1,-72.5,37.9,0,0,32.2,1,13222,1,13222,24251,22635,6946,22635,15070,20945,15070,139,273,1,766,22137,8154,2826,16469,12854,8263,106,20257,983,11794,25915,9103,2246,150,12176,1,4:28
2024-25,203110,Draymond Green,Draymond,1610612744,GSW,Golden State Warriors,0022400845,2025-02-27T00:00:00,GSW @ ORL,W,31.833333333333332,3.4,9.0,0.375,1.1,1.1,1.0,5.7,7.9,0.714,3.4,7.9,11.3,4.5,4.5,1.1,0.0,1.1,4.5,6.8,13.6,6.8,32.8,1,0,32.8,1,1,13086,1,6121,18557,18645,16299,13760,20709,1,3247,2576,9244,4554,4833,4123,8590,2963,10758,8263,6781,5721,1837,14412,9245,12728,1,150,11810,1,31:50
2024-25,201144,Mike Conley,Mike,1610612750,MIN,Minnesota Timberwolves,0022400849,2025-02-27T00:00:00,MIN @ LAL,L,25.625,4.2,7.0,0.6,2.8,5.6,0.5,2.8,2.8,1.0,1.4,0.0,1.4,5.6,0.0,2.8,1.4,0.0,2.8,1.4,14.0,-23.9,36.8,0,0,32.3,1,13222,1,13222,11472,16555,21531,5394,7184,11665,3944,8326,10465,1,10729,22137,22682,6214,16469,3661,5215,8846,11604,15432,13887,22541,9835,2246,150,12135,1,25:38
2024-25,1630526,Jeremiah Robinson-Earl,Jeremiah,1610612740,NOP,New Orleans Pelicans,0022400848,2025-02-27T00:00:00,NOP @ PHX,W,20.8,3.5,8.7,0.4,1.7,5.2,0.333,0.0,0.0,0.0,3.5,6.9,10.4,1.7,0.0,0.0,1.7,0.0,1.7,0.0,8.7,38.1,28.9,0,0,26.0,1,1,13086,1,15426,18401,19269,14933,11307,12716,9209,13505,14344,13505,4431,6497,5018,17278,16469,12854,4222,8846,16430,17725,19390,1110,15560,2246,150,16965,1,20:48
2024-25,202681,Kyrie Irving,Kyrie,1610612742,DAL,Dallas Mavericks,0022400847,2025-02-27T00:00:00,DAL vs. CHA,W,38.46666666666667,10.3,22.5,0.458,1.9,8.4,0.222,0.9,0.9,1.0,0.9,7.5,8.4,4.7,1.9,1.9,1.9,0.0,2.8,1.9,23.4,19.7,49.9,0,0,45.9,1,1,13086,1,1124,2919,1601,12650,10769,5706,13288,13406,14293,1,13737,5516,7588,8235,11206,6910,3853,8846,11614,13631,5207,4053,3304,2246,150,3876,1,38:28
2024-25,1630559,Austin Reaves,Austin,1610612747,LAL,Los Angeles Lakers,0022400849,2025-02-27T00:00:00,LAL vs. MIN,W,38.03333333333333,4.7,9.5,0.5,1.9,4.7,0.4,10.4,11.4,0.917,2.8,2.8,5.7,4.7,3.8,1.9,0.0,0.9,2.8,5.7,21.8,8.5,37.6,0,0,37.9,1,1,13086,1,1365,15165,18011,8526,10661,13884,7874,579,932,6748,5762,17272,13081,8096,4359,6799,8263,8367,11463,3062,6404,8398,9302,2246,150,8119,1,38:02
2024-25,1628970,Miles Bridges,Miles,1610612766,CHA,Charlotte Hornets,0022400847,2025-02-27T00:00:00,CHA @ DAL,L,39.78333333333333,8.1,21.7,0.375,1.8,7.2,0.25,0.0,0.0,0.0,0.0,10.9,10.9,5.4,3.6,0.0,0.9,0.9,2.7,0.0,18.1,-3.6,38.4,1,0,38.0,1,13222,1,13222,623,6323,1945,16299,11038,7960,11902,13505,14344,13505,14058,1975,4540,6574,4739,12854,8071,8635,11980,17725,9738,14858,8796,1,150,8026,1,39:47
2024-25,1630162,Anthony Edwards,Anthony,1610612750,MIN,Minnesota Timberwolves,0022400849,2025-02-27T00:00:00,MIN @ LAL,L,26.116666666666667,8.3,16.5,0.5,2.8,8.3,0.333,5.5,5.5,1.0,0.0,8.3,8.3,6.9,0.0,1.4,0.0,0.0,1.4,2.8,24.8,-17.9,49.2,0,0,45.5,1,13222,1,13222,11073,6040,6376,8526,7361,5967,9209,3402,5174,1,14058,4323,7822,4146,16469,9016,8263,8846,17710,10118,4301,20911,3537,2246,150,4021,1,26:07
2024-25,1629130,Duncan Robinson,Duncan,1610612748,MIA,Miami Heat,0022400841,2025-02-26T00:00:00,MIA vs. ATL,W,32.681666666666665,9.9,17.6,0.563,6.6,14.3,0.462,0.0,0.0,0.0,1.1,4.4,5.5,6.6,3.3,0.0,0.0,0.0,0.0,0.0,26.4,29.7,39.7,0,0,45.2,1,1,13086,1,5419,3314,5114,7127,941,845,7119,13505,14344,13505,12458,12514,13523,4565,5496,12854,8263,8846,20257,17725,3461,2003,7989,2246,150,4172,1,32:41
2024-25,1642277,Johnny Furphy,Johnny,1610612754,IND,Indiana Pacers,0022400837,2025-02-26T00:00:00,IND vs. TOR,W,2.716666666666667,0.0,0.0,0.0,0.0,0.0,0.0,0.0,0.0,0.0,0.0,0.0,0.0,0.0,0.0,13.3,0.0,0.0,0.0,0.0,0.0,13.3,39.8,0,0,26.5,1,1,13086,1,25110,22635,24836,22635,15070,20945,15070,13505,14344,13505,14058,22137,23286,19908,16469,60,8263,8846,20257,17725,23200,6277,7915,2246,150,16538,1,2:43
2024-25,1641716,Jarace Walker,Jarace,1610612754,IND,Indiana Pacers,0022400837,2025-02-26T00:00:00,IND vs. TOR,W,2.716666666666667,0.0,13.3,0.0,0.0,0.0,0.0,0.0,0.0,0.0,0.0,0.0,0.0,0.0,0.0,13.3,0.0,0.0,26.5,0.0,0.0,13.3,39.8,0,0,26.5,1,1,13086,1,25110,22635,11383,22635,15070,20945,15070,13505,14344,13505,14058,22137,23286,19908,16469,60,8263,8846,57,17725,23200,6277,7915,2246,150,16538,1,2:43
2024-25,1629640,Keldon Johnson,Keldon,1610612759,SAS,San Antonio Spurs,0022400844,2025-02-26T00:00:00,SAS @ HOU,L,29.166666666666668,9.9,16.0,0.615,0.0,3.7,0.0,7.4,7.4,1.0,2.5,3.7,6.2,2.5,1.2,1.2,0.0,0.0,0.0,4.9,27.2,-9.9,40.7,0,0,38.3,1,13222,1,13222,8534,3368,7056,5246,15070,16207,15070,1731,2994,1,6715,14622,11891,14648,14203,9913,8263,8846,20257,4229,3135,17830,7317,2246,150,7856,1,29:10
2024-25,1641718,Keyonte George,Keyonte,1610612762,UTA,Utah Jazz,0022400843,2025-02-26T00:00:00,UTA vs. SAC,L,32.766666666666666,4.4,13.2,0.333,3.3,8.8,0.375,0.0,0.0,0.0,0.0,3.3,3.3,5.5,3.3,0.0,1.1,2.2,0.0,0.0,12.1,-14.3,24.3,0,0,26.4,1,13222,1,13222,5353,16075,11508,17395,5677,5129,8800,13505,14344,13505,14058,15807,19001,6436,5519,12854,6796,2646,20257,17725,16055,19612,18758,2246,150,16651,1,32:46
2024-25,1629673,Jordan Poole,Jordan,1610612764,WAS,Washington Wizards,0022400839,2025-02-26T00:00:00,WAS vs. POR,L,30.59,9.4,20.0,0.471,3.5,10.6,0.333,5.9,5.9,1.0,2.4,3.5,5.9,3.5,2.4,1.2,1.2,0.0,3.5,7.1,28.2,-1.2,45.3,0,0,45.9,1,13222,1,13222,7241,4002,2963,12143,5080,2880,9209,2985,4632,1,7075,15139,12557,11303,8844,10374,6319,8846,8662,1613,2693,13662,5033,2246,150,3857,1,30:35
2024-25,1627826,Ivica Zubac,Ivica,1610612746,LAC,LA Clippers,0022400842,2025-02-26T00:00:00,LAC @ CHI,W,29.676666666666666,6.1,9.7,0.625,0.0,0.0,0.0,0.0,2.4,0.0,3.6,8.5,12.1,3.6,1.2,0.0,2.4,0.0,2.4,2.4,12.1,-12.1,38.2,1,0,32.8,1,1,13086,1,8077,11326,17569,4899,15070,20945,15070,13505,11401,13505,4143,4062,3395,10968,14339,12854,2509,8846,13091,11242,15998,18786,8886,1,150,11839,1,29:41
2024-25,1630191,Isaiah Stewart,Isaiah,1610612765,DET,Detroit Pistons,0022400836,2025-02-26T00:00:00,DET vs. BOS,W,19.65,1.8,3.7,0.5,0.0,0.0,0.0,3.7,7.3,0.5,1.8,7.3,9.2,1.8,0.0,0.0,3.7,0.0,3.7,5.5,7.3,34.8,32.1,0,0,25.6,1,1,13086,1,16300,21702,24247,8526,15070,20945,15070,6359,3069,10625,9119,5786,6495,16985,16469,12854,1110,8846,8210,3343,20461,1411,13278,2246,150,17176,1,19:39
2024-25,1629661,Cameron Johnson,Cameron,1610612751,BKN,Brooklyn Nets,0022400840,2025-02-26T00:00:00,BKN vs. OKC,L,32.983333333333334,6.5,14.2,0.462,4.4,7.6,0.571,3.3,4.4,0.75,1.1,2.2,3.3,7.6,0.0,1.1,0.0,0.0,2.2,4.4,20.7,13.1,39.4,0,0,38.2,1,13222,1,13222,5158,10067,9853,12428,3293,7101,3506,7154,7083,8186,12541,19123,19055,3235,16469,11091,8263,8846,14176,5433,7282,6354,8131,2246,150,7900,1,32:59
2024-25,1629614,Andrew Nembhard,Andrew,1610612754,IND,Indiana Pacers,0022400837,2025-02-26T00:00:00,IND vs. TOR,W,27.583333333333332,3.9,9.1,0.429,0.0,5.2,0.0,1.3,2.6,0.5,0.0,0.0,0.0,3.9,7.8,1.3,0.0,0.0,6.5,1.3,9.1,18.3,11.1,0,0,15.7,1,1,13086,1,9888,17283,18501,13735,15070,12656,15070,12286,10952,10625,14058,22137,23286,10186,626,9426,8263,8846,2374,15886,18955,4469,24228,2246,150,22834,1,27:35
2024-25,1629599,Amir Coffey,Amir,1610612746,LAC,LA Clippers,0022400842,2025-02-26T00:00:00,LAC @ CHI,W,26.866666666666667,9.4,14.7,0.636,2.7,6.7,0.4,5.4,5.4,1.0,1.3,2.7,4.0,1.3,0.0,1.3,0.0,0.0,0.0,5.4,26.8,12.1,37.7,0,0,37.5,1,1,13086,1,10444,4066,8989,4689,7591,9105,7874,3573,5369,1,11015,17747,17272,18535,16469,9241,8263,8846,20257,3533,3297,6772,9249,2246,150,8349,1,26:52
2024-25,1630224,Jalen Green,Jalen,1610612745,HOU,Houston Rockets,0022400844,2025-02-26T00:00:00,HOU vs. SAS,W,27.633333333333333,11.7,22.1,0.529,3.9,10.4,0.375,0.0,0.0,0.0,0.0,9.1,9.1,5.2,3.9,0.0,0.0,0.0,1.3,2.6,27.4,31.3,42.2,0,0,45.6,1,1,13086,1,9840,1708,1758,8281,4183,3043,8800,13505,14344,13505,14058,3386,6555,7014,4070,12854,8263,8846,18017,10622,3035,1799,6522,2246,150,3979,1,27:38
2024-25,1641842,Ronald Holland II,Ronald,1610612765,DET,Detroit Pistons,0022400836,2025-02-26T00:00:00,DET vs. BOS,W,18.966666666666665,7.6,15.2,0.5,0.0,5.7,0.0,0.0,0.0,0.0,1.9,3.8,5.7,5.7,3.8,5.7,0.0,0.0,1.9,1.9,15.2,15.2,43.8,0,0,38.0,1,1,13086,1,16851,7532,8282,8526,15070,11467,15070,13505,14344,13505,8821,14329,13036,6053,4329,571,8263,8846,15682,13520,12724,5553,5744,2246,150,8050,1,18:58
2024-25,202687,Bismack Biyombo,Bismack,1610612759,SAS,San Antonio Spurs,0022400844,2025-02-26T00:00:00,SAS @ HOU,L,13.866666666666667,5.2,13.0,0.4,0.0,0.0,0.0,0.0,0.0,0.0,5.2,2.6,7.8,2.6,0.0,0.0,2.6,0.0,5.2,0.0,10.4,-54.5,31.4,0,0,26.0,1,13222,1,13222,20260,13839,11887,14933,15070,20945,15070,13505,14344,13505,2202,17955,8633,14226,16469,12854,2222,8846,4208,17725,17772,25555,13738,2246,150,16965,1,13:52
2024-25,1630193,Immanuel Quickley,Immanuel,1610612761,TOR,Toronto Raptors,0022400837,2025-02-26T00:00:00,TOR @ IND,L,30.025,9.6,18.0,0.533,1.2,4.8,0.25,1.2,3.6,0.333,0.0,2.4,2.4,7.2,0.0,0.0,0.0,0.0,1.2,3.6,21.6,-13.2,35.3,0,0,32.4,1,13222,1,13222,7764,3740,4714,8140,13370,13719,11902,12596,8692,13132,14058,18492,21011,3771,16469,12854,8263,8846,18545,7396,6565,19191,10902,2246,150,12088,1,30:02
2024-25,1641767,Ben Sheppard,Ben,1610612754,IND,Indiana Pacers,0022400837,2025-02-26T00:00:00,IND vs. TOR,W,29.206666666666667,2.5,4.9,0.5,0.0,2.5,0.0,0.0,0.0,0.0,0.0,6.2,6.2,3.7,1.2,0.0,1.2,0.0,0.0,0.0,4.9,8.6,20.3,0,0,17.3,1,1,13086,1,8493,20526,23508,8526,15070,18691,15070,13505,14344,13505,14058,7985,11911,10794,14219,12854,5988,8846,20257,17725,22046,8346,21007,2246,150,22189,1,29:12
2024-25,1630703,Scoot Henderson,Scoot,1610612757,POR,Portland Trail Blazers,0022400839,2025-02-26T00:00:00,POR @ WAS,W,25.63,7.0,18.3,0.385,5.6,9.8,0.571,2.8,2.8,1.0,0.0,2.8,2.8,1.4,1.4,2.8,0.0,2.8,7.0,1.4,22.5,26.7,35.0,0,0,37.9,1,1,13086,1,11471,8872,4398,16070,1653,3686,3506,8327,10466,1,14058,17368,20227,18334,13254,3662,8263,1592,1962,15433,5871,2484,11071,2246,150,8074,1,25:38
2024-25,1631466,Nate Williams,Nate,1610612745,HOU,Houston Rockets,0022400844,2025-02-26T00:00:00,HOU vs. SAS,W,4.5,8.0,32.0,0.25,0.0,24.0,0.0,0.0,0.0,0.0,0.0,0.0,0.0,0.0,8.0,0.0,0.0,0.0,8.0,8.0,16.0,-80.0,8.0,0,0,16.0,1,1,13086,1,24240,6633,204,20233,15070,118,15070,13505,14344,13505,14058,22137,23286,19908,585,12854,8263,8846,1366,1020,11919,26000,24698,2246,150,22705,1,4:30
2024-25,1629111,Jock Landale,Jock,1610612745,HOU,Houston Rockets,0022400844,2025-02-26T00:00:00,HOU vs. SAS,W,7.533333333333333,9.6,19.1,0.5,0.0,4.8,0.0,4.8,9.6,0.5,4.8,9.6,14.3,0.0,0.0,0.0,0.0,0.0,0.0,4.8,23.9,-52.6,41.1,0,0,38.2,1,1,13086,1,22982,3796,3648,8526,15070,13760,15070,4374,1567,10625,2587,2954,2088,19908,16469,12854,8263,8846,20257,4548,4881,25489,7120,2246,150,7870,1,7:32
2024-25,1641809,Drew Peterson,Drew,1610612738,BOS,Boston Celtics,0022400836,2025-02-26T00:00:00,BOS @ DET,L,4.666666666666667,7.7,7.7,1.0,7.7,7.7,1.0,0.0,0.0,0.0,0.0,0.0,0.0,0.0,7.7,7.7,0.0,0.0,0.0,7.7,23.1,-15.4,38.6,0,0,46.3,1,13222,1,13222,24152,7244,20635,1,531,6975,1,13505,14344,13505,14058,22137,23286,19908,661,230,8263,8846,20257,1186,5385,20064,8659,2246,150,3720,1,4:40
2024-25,1641824,Matas Buzelis,Matas,1610612741,CHI,Chicago Bulls,0022400842,2025-02-26T00:00:00,CHI vs. LAC,L,25.8,2.8,9.8,0.286,1.4,4.2,0.333,0.0,0.0,0.0,2.8,2.8,5.6,2.8,2.8,0.0,0.0,1.4,1.4,1.4,7.0,-25.1,15.1,0,0,16.7,1,13222,1,13222,11331,19899,17443,19630,12468,15154,9209,13505,14344,13505,5886,17428,13324,13611,7255,12854,8263,5190,17638,15470,20746,22831,23155,2246,150,22410,1,25:48
2024-25,1642348,Justin Edwards,Justin,1610612755,PHI,Philadelphia 76ers,0022400838,2025-02-26T00:00:00,PHI @ NYK,L,28.113333333333333,2.6,7.7,0.333,2.6,5.1,0.5,0.0,0.0,0.0,0.0,1.3,1.3,2.6,1.3,1.3,0.0,1.3,3.8,0.0,7.7,1.3,15.6,0,0,16.6,1,13222,1,13222,9455,20349,20672,17395,7944,12903,3944,13505,14344,13505,14058,21327,22841,14336,13906,9578,8263,5752,7624,17725,20175,11962,22985,2246,150,22450,1,28:07
2024-25,1629652,Luguentz Dort,Luguentz,1610612760,OKC,Oklahoma City Thunder,0022400840,2025-02-26T00:00:00,OKC @ BKN,W,20.733333333333334,1.7,12.2,0.143,1.7,8.7,0.2,0.0,0.0,0.0,0.0,1.7,1.7,3.5,3.5,1.7,0.0,1.7,3.5,3.5,5.2,-33.0,14.2,0,0,15.6,1,1,13086,1,15468,21854,13323,22260,11294,5300,13429,13505,14344,13505,14058,20391,22253,11480,5074,7496,8263,4060,8827,7732,21905,24162,23419,2246,150,22841,1,20:44
2024-25,1630581,Josh Giddey,Josh,1610612741,CHI,Chicago Bulls,0022400842,2025-02-26T00:00:00,CHI vs. LAC,L,36.63333333333333,7.9,13.8,0.571,3.9,3.9,1.0,1.0,2.0,0.5,2.0,5.9,7.9,11.8,4.9,1.0,0.0,2.0,1.0,2.9,20.6,7.9,45.8,1,0,46.2,1,13222,1,13222,2264,6928,10554,6538,4133,15710,1,13281,12815,10625,8544,8552,8528,767,2447,12093,8263,3332,19794,9428,7362,8704,4823,1,150,3749,1,36:38
2024-25,1628366,Lonzo Ball,Lonzo,1610612741,CHI,Chicago Bulls,0022400842,2025-02-26T00:00:00,CHI vs. LAC,L,28.283333333333335,7.6,12.7,0.6,2.5,6.4,0.4,1.3,1.3,1.0,2.5,2.5,5.1,3.8,0.0,2.5,1.3,0.0,2.5,1.3,19.1,7.6,42.4,0,0,38.2,1,13222,1,13222,9310,7420,12337,5394,7990,9838,7874,12377,13777,1,6482,18070,14542,10453,16469,4267,5779,8846,12617,16020,8768,8809,6433,2246,150,7911,1,28:17
2024-25,1629022,Lonnie Walker IV,Lonnie,1610612755,PHI,Philadelphia 76ers,0022400838,2025-02-26T00:00:00,PHI @ NYK,L,10.833333333333334,3.3,13.3,0.25,0.0,6.6,0.0,0.0,0.0,0.0,0.0,3.3,3.3,0.0,0.0,0.0,3.3,0.0,0.0,0.0,6.6,-16.6,20.6,0,0,16.6,1,13222,1,13222,21781,18695,11317,20233,15070,9226,15070,13505,14344,13505,14058,15727,18936,19908,16469,12854,1376,8846,20257,17725,20960,20483,20897,2246,150,22466,1,10:50
2024-25,203924,Jerami Grant,Jerami,1610612757,POR,Portland Trail Blazers,0022400839,2025-02-26T00:00:00,POR @ WAS,W,36.95,3.9,13.6,0.286,1.0,6.8,0.143,5.8,6.8,0.857,1.0,4.9,5.8,1.0,1.9,1.0,1.0,1.0,1.0,4.9,14.6,0.0,27.0,0,0,26.3,1,1,13086,1,2019,17332,10757,19630,14687,8856,14649,3032,3547,7071,13466,11235,12655,19753,10796,12177,7660,8151,19840,4350,13279,12240,16956,2246,150,16711,1,36:57
2024-25,1628983,Shai Gilgeous-Alexander,Shai,1610612760,OKC,Oklahoma City Thunder,0022400840,2025-02-26T00:00:00,OKC @ BKN,W,33.5,7.5,11.8,0.636,1.1,2.1,0.5,12.9,14.0,0.923,2.1,4.3,6.4,5.4,3.2,2.1,0.0,0.0,2.1,10.7,29.0,-16.1,48.0,0,0,46.2,1,1,13086,1,4727,7719,13906,4689,14100,19271,3944,270,455,6735,7760,12812,11281,6677,5742,5602,8263,8846,14360,297,2422,20290,3962,2246,150,3740,1,33:30
2024-25,1629312,Haywood Highsmith,Haywood,1610612748,MIA,Miami Heat,0022400841,2025-02-26T00:00:00,MIA vs. ATL,W,27.066666666666666,5.3,6.7,0.8,5.3,6.7,0.8,2.7,2.7,1.0,5.3,4.0,9.3,6.7,0.0,1.3,1.3,0.0,4.0,1.3,18.6,41.2,47.7,0,0,45.2,1,1,13086,1,10288,13488,21953,1688,1929,9216,1389,8664,10840,1,2076,13758,6304,4506,16469,9297,5518,8846,7176,15764,9188,890,4061,2246,150,4148,1,27:04
2024-25,202695,Kawhi Leonard,Kawhi,1610612746,LAC,LA Clippers,0022400842,2025-02-26T00:00:00,LAC @ CHI,W,32.9,6.6,15.3,0.429,3.3,5.5,0.6,2.2,2.2,1.0,2.2,6.6,8.8,4.4,3.3,4.4,1.1,0.0,1.1,1.1,18.6,-12.0,48.8,0,0,46.0,1,1,13086,1,5243,10021,8071,13735,5724,12030,2992,9989,12119,1,7617,7171,7097,8940,5551,1321,6825,8846,19135,16936,9221,18752,3695,2246,150,3825,1,32:54
2024-25,1628415,Dillon Brooks,Dillon,1610612745,HOU,Houston Rockets,0022400844,2025-02-26T00:00:00,HOU vs. SAS,W,29.333333333333332,8.6,16.0,0.538,6.1,9.8,0.625,0.0,0.0,0.0,0.0,4.9,4.9,1.2,0.0,1.2,0.0,2.5,2.5,0.0,23.3,23.3,34.7,0,0,38.0,1,1,13086,1,8364,5459,7174,7978,1204,3702,2868,13505,14344,13505,14058,11134,15035,18931,16469,9961,8263,2119,12966,17725,5270,3189,11260,2246,150,8000,1,29:20
2024-25,1629656,Quentin Grimes,Quentin,1610612755,PHI,Philadelphia 76ers,0022400838,2025-02-26T00:00:00,PHI @ NYK,L,20.636666666666667,1.7,7.0,0.25,1.7,5.2,0.333,0.0,0.0,0.0,0.0,1.7,1.7,0.0,1.7,1.7,1.7,1.7,1.7,0.0,5.2,-7.0,16.0,0,0,15.7,1,13222,1,13222,15532,21842,21588,20233,11271,12632,9209,13505,14344,13505,14058,20368,22238,19908,11770,7471,4184,4043,16397,17725,21891,16495,22834,2246,150,22821,1,20:38
2024-25,1641739,Toumani Camara,Toumani,1610612757,POR,Portland Trail Blazers,0022400839,2025-02-26T00:00:00,POR @ WAS,W,31.53,4.6,9.1,0.5,0.0,2.3,0.0,3.4,4.6,0.75,5.7,0.0,5.7,2.3,1.1,3.4,0.0,1.1,6.9,4.6,12.6,-8.0,32.0,0,0,27.4,1,1,13086,1,6404,15575,18503,8526,15070,19017,15070,6840,6710,8186,1808,22137,12991,15290,14849,2336,8263,6702,2105,5006,15531,16970,13351,2246,150,15862,1,31:32
2024-25,1630170,Devin Vassell,Devin,1610612759,SAS,San Antonio Spurs,0022400844,2025-02-26T00:00:00,SAS @ HOU,L,23.85,6.0,13.6,0.444,1.5,6.0,0.25,0.0,1.5,0.0,0.0,7.5,7.5,4.5,3.0,0.0,0.0,0.0,0.0,1.5,13.6,-27.2,26.4,0,0,27.2,1,13222,1,13222,13031,11409,10864,13045,11994,10604,11902,13505,13478,13505,14058,5411,9078,8574,6399,12854,8263,8846,20257,14966,14400,23271,17336,2246,150,16045,1,23:51
2024-25,1629628,RJ Barrett,RJ,1610612761,TOR,Toronto Raptors,0022400837,2025-02-26T00:00:00,TOR @ IND,L,31.75,5.7,17.0,0.333,1.1,6.8,0.167,5.7,5.7,1.0,0.0,2.3,2.3,5.7,2.3,0.0,0.0,2.3,2.3,3.4,18.1,-17.0,27.1,0,0,27.2,1,13222,1,13222,6199,12509,5795,17395,13745,8895,14236,3225,4938,1,14058,18863,21276,6104,9223,12854,8263,2512,13790,7944,9688,20625,16874,2246,150,16011,1,31:45
2024-25,1630553,Keon Johnson,Keon,1610612751,BKN,Brooklyn Nets,0022400840,2025-02-26T00:00:00,BKN vs. OKC,L,29.45,4.9,14.7,0.333,4.9,13.4,0.364,4.9,4.9,1.0,2.4,1.2,3.7,4.9,1.2,3.7,1.2,1.2,6.1,3.7,19.6,11.0,44.7,0,0,42.8,1,13222,1,13222,8267,14698,9101,17395,2422,1118,9100,4206,6131,1,6790,21461,18161,7707,14275,2007,6035,6107,2808,7213,8300,7236,5313,2246,150,5262,1,29:27
2024-25,202331,Paul George,Paul,1610612755,PHI,Philadelphia 76ers,0022400838,2025-02-26T00:00:00,PHI @ NYK,L,42.083333333333336,7.7,17.1,0.45,3.4,7.7,0.444,2.6,3.4,0.75,1.7,5.1,6.8,6.0,6.0,2.6,0.0,0.0,2.6,2.6,21.4,-3.4,40.3,0,0,42.8,1,13222,1,13222,252,7274,5690,12982,5333,7007,7211,8891,9041,8186,9541,10474,10442,5523,1391,4211,8263,8846,12543,10742,6752,14767,7581,2246,150,5276,1,42:05
2024-25,1631114,Jalen Williams,Jalen,1610612760,OKC,Oklahoma City Thunder,0022400840,2025-02-26T00:00:00,OKC @ BKN,W,33.876666666666665,8.5,17.0,0.5,1.1,5.3,0.2,5.3,7.4,0.714,1.1,4.3,5.3,4.3,2.1,0.0,1.1,0.0,5.3,5.3,23.4,10.6,37.2,0,0,36.1,1,1,13086,1,4380,5612,5812,8526,14179,12432,13429,3638,2966,9244,12774,12969,14012,9251,9879,12854,7042,8846,4001,3610,5220,7403,9540,2246,150,9277,1,33:53
2024-25,1631097,Bennedict Mathurin,Bennedict,1610612754,IND,Indiana Pacers,0022400837,2025-02-26T00:00:00,IND vs. TOR,W,23.616666666666667,4.6,13.7,0.333,0.0,4.6,0.0,6.1,6.1,1.0,0.0,6.1,6.1,3.0,3.0,0.0,1.5,0.0,1.5,3.0,15.2,13.7,28.7,0,0,27.4,1,1,13086,1,13215,15563,10622,17395,15070,14263,15070,2779,4355,1,14058,8106,12060,12767,6289,12854,4764,8846,17131,9080,12664,6117,15756,2246,150,15842,1,23:37
2024-25,1630178,Tyrese Maxey,Tyrese,1610612755,PHI,Philadelphia 76ers,0022400838,2025-02-26T00:00:00,PHI @ NYK,L,43.5,9.9,26.5,0.375,0.0,8.3,0.0,5.0,5.0,1.0,0.8,2.5,3.3,4.1,0.8,0.8,0.8,3.3,1.7,4.1,24.8,-2.5,39.1,0,0,35.6,1,13222,1,13222,116,3291,563,16299,15070,5951,15070,4094,5997,1,14025,18235,18970,9551,16443,12818,8223,1056,16681,5963,4288,14300,8304,2246,150,9674,1,43:30
2024-25,1630574,Ariel Hukporti,Ariel,1610612752,NYK,New York Knicks,0022400838,2025-02-26T00:00:00,NYK vs. PHI,W,16.051666666666666,9.0,11.2,0.8,0.0,0.0,0.0,0.0,0.0,0.0,4.5,0.0,4.5,0.0,6.7,0.0,2.2,0.0,6.7,0.0,17.9,2.2,23.3,0,0,26.9,1,1,13086,1,18892,4759,15004,1688,15070,20945,15070,13505,14344,13505,2942,22137,16088,19908,1011,12854,2854,8846,2196,17725,9899,11491,19359,2246,150,16216,1,16:03
2024-25,1630557,Corey Kispert,Corey,1610612764,WAS,Washington Wizards,0022400839,2025-02-26T00:00:00,WAS vs. POR,L,26.416666666666668,8.2,17.7,0.462,6.8,8.2,0.833,4.1,5.5,0.75,0.0,4.1,4.1,1.4,0.0,0.0,1.4,2.7,6.8,1.4,27.3,-12.3,38.3,0,0,42.2,1,13222,1,13222,10803,6254,4994,12428,838,6128,1341,5549,5248,8186,14058,13453,17098,18457,16469,12854,5397,1704,2136,15609,3087,18843,8833,2246,150,5525,1,26:25
2024-25,1630572,Sandro Mamukelashvili,Sandro,1610612759,SAS,San Antonio Spurs,0022400844,2025-02-26T00:00:00,SAS @ HOU,L,20.466666666666665,8.8,21.1,0.417,3.5,14.1,0.25,0.0,0.0,0.0,1.8,5.3,7.0,0.0,0.0,5.3,0.0,1.8,5.3,0.0,21.1,14.1,45.4,0,0,42.2,1,13222,1,13222,15662,5093,2267,14532,5111,905,11902,13505,14344,13505,9386,10082,10087,19908,16469,749,8263,4009,4064,17725,6989,5975,5000,2246,150,5541,1,20:28
2024-25,203500,Steven Adams,Steven,1610612745,HOU,Houston Rockets,0022400844,2025-02-26T00:00:00,HOU vs. SAS,W,18.95,3.8,11.4,0.333,0.0,1.9,0.0,0.0,0.0,0.0,3.8,5.7,9.5,9.5,1.9,3.8,3.8,1.9,0.0,1.9,7.6,11.4,54.1,0,0,41.8,1,1,13086,1,16868,17566,14660,17395,15070,19740,15070,13505,14344,13505,3888,9042,6067,1704,11041,1850,1030,3546,20257,13510,20243,7059,2169,2246,150,5755,1,18:57
2024-25,201145,Jeff Green,Jeff,1610612745,HOU,Houston Rockets,0022400844,2025-02-26T00:00:00,HOU vs. SAS,W,20.466666666666665,10.6,21.1,0.5,1.8,7.0,0.25,0.0,0.0,0.0,5.3,0.0,5.3,0.0,0.0,0.0,0.0,1.8,1.8,0.0,22.9,0.0,29.2,0,0,29.9,1,1,13086,1,15662,2662,2267,8526,11229,8382,11902,13505,14344,13505,2117,22137,14103,19908,16469,12854,8263,4009,16345,17725,5581,12240,15360,2246,150,14026,1,20:28
2024-25,1628989,Kevin Huerter,Kevin,1610612741,CHI,Chicago Bulls,0022400842,2025-02-26T00:00:00,CHI vs. LAC,L,28.445,6.3,19.0,0.333,3.8,11.4,0.333,0.0,0.0,0.0,0.0,2.5,2.5,3.8,2.5,0.0,0.0,2.5,1.3,0.0,16.5,-11.4,22.7,0,0,26.6,1,13222,1,13222,9179,10628,3773,17395,4448,2181,9209,13505,14344,13505,14058,18103,20747,10502,8113,12854,8263,1987,18190,17725,11440,18480,19780,2246,150,16482,1,28:27
2024-25,1628389,Bam Adebayo,Bam,1610612748,MIA,Miami Heat,0022400841,2025-02-26T00:00:00,MIA vs. ATL,W,35.3,9.2,12.2,0.75,1.0,2.0,0.5,1.0,2.0,0.5,1.0,8.2,9.2,3.1,2.0,0.0,1.0,0.0,4.1,2.0,20.4,16.3,37.0,0,0,35.7,1,1,13086,1,3234,4399,13190,2107,14419,19477,3944,13171,12603,10625,13093,4474,6471,12724,10300,12854,7347,8846,6901,12876,7583,5137,9682,2246,150,9586,1,35:18
2024-25,1641711,Gradey Dick,Gradey,1610612761,TOR,Toronto Raptors,0022400837,2025-02-26T00:00:00,TOR @ IND,L,27.683333333333334,5.2,15.6,0.333,2.6,9.1,0.286,0.0,0.0,0.0,1.3,5.2,6.5,5.2,2.6,1.3,0.0,1.3,2.6,2.6,13.0,-28.6,29.9,0,0,29.9,1,13222,1,13222,9805,13811,7688,17395,7823,4661,11433,13505,14344,13505,11196,10273,11172,7028,7876,9448,8263,5649,12426,10642,15087,23525,14860,2246,150,14018,1,27:41
2024-25,203897,Zach LaVine,Zach,1610612758,SAC,Sacramento Kings,0022400843,2025-02-26T00:00:00,SAC @ UTA,W,37.766666666666666,8.6,17.2,0.5,3.8,7.6,0.5,0.0,0.0,0.0,0.0,7.6,7.6,2.9,2.9,0.0,0.0,1.0,0.0,1.0,21.0,9.5,31.6,0,0,35.3,1,1,13086,1,1530,5477,5622,8526,4399,7128,3944,13505,14344,13505,14058,5277,8923,13417,6997,12854,8263,8314,20257,17536,7101,7927,13642,2246,150,9899,1,37:46
2024-25,101108,Chris Paul,Chris,1610612759,SAS,San Antonio Spurs,0022400844,2025-02-26T00:00:00,SAS @ HOU,L,21.933333333333334,1.6,8.2,0.2,0.0,3.3,0.0,3.3,3.3,1.0,1.6,0.0,1.6,6.6,1.6,3.3,0.0,1.6,1.6,1.6,6.6,-32.8,26.6,0,0,21.3,1,13222,1,13222,14543,21983,19942,21401,15070,17108,15070,7140,9350,1,9782,22137,22380,4618,12177,2598,8263,4326,16745,14487,21015,24144,17222,2246,150,20081,1,21:56
2024-25,1630548,Johnny Juzang,Johnny,1610612762,UTA,Utah Jazz,0022400843,2025-02-26T00:00:00,UTA vs. SAC,L,16.383333333333333,6.6,11.0,0.6,4.4,8.8,0.5,2.2,4.4,0.5,2.2,0.0,2.2,0.0,0.0,0.0,2.2,0.0,2.2,4.4,19.8,-15.4,29.0,0,0,30.8,1,13222,1,13222,18664,9951,15372,5394,3246,5129,3944,9956,7035,10625,7590,22137,21414,19908,16469,12854,2952,8846,14108,5362,8096,20045,15482,2246,150,13348,1,16:23
2024-25,1642258,Zaccharie Risacher,Zaccharie,1610612737,ATL,Atlanta Hawks,0022400841,2025-02-26T00:00:00,ATL @ MIA,L,25.633333333333333,5.6,8.4,0.667,2.8,4.2,0.667,1.4,2.8,0.5,0.0,4.2,4.2,4.2,2.8,0.0,0.0,0.0,4.2,1.4,15.4,-25.3,24.0,0,0,26.7,1,13222,1,13222,11458,12656,19598,3281,7185,15083,1957,12009,10467,10625,14058,13073,16764,9354,7181,12854,8263,8846,6517,15434,12462,22869,18931,2246,150,16407,1,25:38
2024-25,1628404,Josh Hart,Josh,1610612752,NYK,New York Knicks,0022400838,2025-02-26T00:00:00,NYK vs. PHI,W,38.6,2.8,4.7,0.6,0.0,0.0,0.0,0.9,3.7,0.25,2.8,13.1,15.9,3.7,6.5,0.9,0.9,0.9,1.9,1.9,6.5,10.3,30.2,0,0,29.8,1,1,13086,1,1058,19879,23708,5394,15070,20945,15070,13410,8410,13358,5865,993,1472,10709,1113,12491,7941,8472,15861,13666,21030,7578,14655,2246,150,14066,1,38:36
2024-25,1641731,Bilal Coulibaly,Bilal,1610612764,WAS,Washington Wizards,0022400839,2025-02-26T00:00:00,WAS vs. POR,L,35.19833333333333,7.2,9.2,0.778,0.0,2.0,0.0,2.0,6.1,0.333,0.0,2.0,2.0,3.1,3.1,2.0,1.0,0.0,1.0,6.1,16.4,-5.1,29.6,0,0,27.6,1,13222,1,13222,3321,8563,18399,1994,15070,19464,15070,10476,4303,13132,14058,19518,21709,12693,6232,6033,7327,8846,19558,2460,11539,15655,15103,2246,150,15708,1,35:12
2024-25,1630173,Precious Achiuwa,Precious,1610612752,NYK,New York Knicks,0022400838,2025-02-26T00:00:00,NYK vs. PHI,W,30.938333333333333,3.5,7.0,0.5,0.0,0.0,0.0,1.2,2.3,0.5,2.3,4.7,7.0,2.3,2.3,0.0,4.7,0.0,2.3,1.2,8.1,3.5,31.7,0,0,26.8,1,1,13086,1,6928,18344,21582,8526,15070,20945,15070,12715,11702,10625,7160,11844,10171,15131,8959,12854,630,8846,13537,16581,19796,10895,13579,2246,150,16347,1,30:56
2024-25,203952,Andrew Wiggins,Andrew,1610612748,MIA,Miami Heat,0022400841,2025-02-26T00:00:00,MIA vs. ATL,W,28.75,3.8,11.3,0.333,1.3,6.3,0.2,10.0,12.5,0.8,0.0,2.5,2.5,7.5,3.8,2.5,0.0,1.3,0.0,7.5,18.8,11.3,36.8,0,0,35.1,1,1,13086,1,8877,17686,14889,17395,13089,10057,13429,695,668,7681,14058,18177,20807,3383,4419,4377,8263,5920,20257,1318,9044,7112,9832,2246,150,10051,1,28:45
2024-25,1627884,Derrick Jones Jr.,Derrick,1610612746,LAC,LA Clippers,0022400842,2025-02-26T00:00:00,LAC @ CHI,W,23.218333333333334,9.3,14.0,0.667,3.1,7.8,0.4,3.1,3.1,1.0,0.0,6.2,6.2,1.6,0.0,1.6,1.6,0.0,3.1,1.6,24.8,-9.3,43.9,0,0,41.9,1,1,13086,1,13531,4197,10240,3281,6216,6896,7874,7544,9723,1,14058,7889,11822,17809,16469,8197,4709,8846,10271,14805,4306,17585,5731,2246,150,5720,1,23:13
2024-25,1630700,Dyson Daniels,Dyson,1610612737,ATL,Atlanta Hawks,0022400841,2025-02-26T00:00:00,ATL @ MIA,L,33.016666666666666,8.7,10.9,0.8,1.1,1.1,1.0,1.1,2.2,0.5,2.2,3.3,5.5,5.5,3.3,2.2,0.0,1.1,1.1,1.1,19.6,-6.5,37.6,0,0,36.0,1,13222,1,13222,5136,5229,15528,1688,14002,20756,1,12932,12148,10625,7649,15879,13668,6530,5594,5475,8263,7140,19155,16949,8236,16307,9276,2246,150,9396,1,33:01
2024-25,1628392,Isaiah Hartenstein,Isaiah,1610612760,OKC,Oklahoma City Thunder,0022400840,2025-02-26T00:00:00,OKC @ BKN,W,23.82,9.1,13.6,0.667,0.0,0.0,0.0,1.5,3.0,0.5,0.0,3.0,3.0,4.5,0.0,1.5,0.0,0.0,6.0,1.5,19.6,-33.2,34.6,0,0,30.2,1,1,13086,1,13059,4578,10831,3281,15070,20945,15070,11774,9923,10625,14058,16641,19662,8569,16469,8365,8263,8846,2884,14960,8207,24203,11366,2246,150,13777,1,23:49
2024-25,1630625,Dalano Banton,Dalano,1610612757,POR,Portland Trail Blazers,0022400839,2025-02-26T00:00:00,POR @ WAS,W,10.803333333333333,0.0,3.3,0.0,0.0,3.3,0.0,6.7,6.7,1.0,0.0,3.3,3.3,13.3,3.3,3.3,0.0,0.0,3.3,3.3,6.7,16.7,37.3,0,0,30.0,1,1,13086,1,21796,22635,24377,22635,15070,17000,15070,2268,3697,1,14058,15691,18910,475,5410,2495,8263,8846,9328,8151,20951,5015,9458,2246,150,13957,1,10:48
2024-25,1642266,Ja'Kobe Walter,Ja'Kobe,1610612761,TOR,Toronto Raptors,0022400837,2025-02-26T00:00:00,TOR @ IND,L,23.383333333333333,1.5,9.2,0.167,0.0,1.5,0.0,1.5,3.1,0.5,4.6,7.7,12.3,1.5,3.1,1.5,0.0,4.6,3.1,4.6,4.6,-6.2,23.2,0,0,21.6,1,13222,1,13222,13392,22126,18349,21938,15070,20233,15070,11716,9773,10625,2773,5172,3255,17844,6191,8240,8263,459,10358,4902,22223,16135,19412,2246,150,19930,1,23:23
2024-25,1630534,Ochai Agbaji,Ochai,1610612761,TOR,Toronto Raptors,0022400837,2025-02-26T00:00:00,TOR @ IND,L,30.633333333333333,4.7,11.8,0.4,2.4,5.9,0.4,0.0,0.0,0.0,1.2,3.5,4.7,0.0,3.5,1.2,0.0,0.0,2.4,0.0,11.8,-9.4,17.4,0,0,21.2,1,13222,1,13222,7181,15239,14024,14933,8664,11006,7874,13505,14344,13505,11961,15159,15561,19908,4961,10391,8263,8846,13435,17725,16397,17622,22342,2246,150,20188,1,30:38
2024-25,1641774,Tristan Vukcevic,Tristan,1610612764,WAS,Washington Wizards,0022400839,2025-02-26T00:00:00,WAS vs. POR,L,18.78,5.8,13.4,0.429,1.9,5.8,0.333,1.9,3.8,0.5,0.0,3.8,3.8,1.9,3.8,0.0,1.9,1.9,3.8,3.8,15.3,-24.9,24.7,0,0,26.8,1,13222,1,13222,16993,12264,11121,13735,10557,11330,9209,10895,8169,10625,14058,14222,17739,16685,4221,12854,3714,3483,7639,6757,12587,22791,18471,2246,150,16279,1,18:47
2024-25,1630214,Xavier Tillman,Xavier,1610612738,BOS,Boston Celtics,0022400836,2025-02-26T00:00:00,BOS @ DET,L,4.666666666666667,0.0,7.7,0.0,0.0,7.7,0.0,0.0,0.0,0.0,7.7,7.7,15.4,0.0,15.4,7.7,0.0,0.0,0.0,0.0,0.0,-15.4,26.2,0,0,30.9,1,13222,1,13222,24152,22635,20635,22635,15070,6975,15070,13505,14344,13505,875,5149,1598,19908,102,230,8263,8846,20257,17725,23200,20064,17462,2246,150,13293,1,4:40
2024-25,204001,Kristaps Porziņģis,Kristaps,1610612738,BOS,Boston Celtics,0022400836,2025-02-26T00:00:00,BOS @ DET,L,25.933333333333334,5.6,15.3,0.364,2.8,4.2,0.667,1.4,4.2,0.333,0.0,2.8,2.8,1.4,2.8,4.2,0.0,2.8,6.9,5.6,15.3,-33.3,30.4,0,0,30.5,1,13222,1,13222,11215,12837,8150,16861,7295,15201,1957,12047,7483,13132,14058,17479,20304,18382,7303,1483,8263,1633,2023,3263,12637,24209,14497,2246,150,13520,1,25:56
2024-25,1631110,Jeremy Sochan,Jeremy,1610612759,SAS,San Antonio Spurs,0022400844,2025-02-26T00:00:00,SAS @ HOU,L,12.066666666666666,9.0,14.9,0.6,0.0,3.0,0.0,3.0,6.0,0.5,3.0,11.9,14.9,0.0,3.0,0.0,0.0,0.0,3.0,3.0,20.9,-3.0,35.8,0,0,35.8,1,13222,1,13222,21199,4810,8726,5394,15070,17697,15070,7857,4515,10625,5383,1397,1813,19908,6554,12854,8263,8846,10798,9320,7178,14564,10507,2246,150,9513,1,12:04
2024-25,1631243,Mouhamed Gueye,Mouhamed,1610612737,ATL,Atlanta Hawks,0022400841,2025-02-26T00:00:00,ATL @ MIA,L,11.966666666666667,6.0,9.0,0.667,3.0,3.0,1.0,0.0,0.0,0.0,3.0,0.0,3.0,0.0,3.0,0.0,0.0,3.0,9.0,0.0,15.0,-21.1,15.6,0,0,21.1,1,13222,1,13222,21302,11458,18677,3281,6478,17623,1,13505,14344,13505,5314,22137,19701,19908,6440,12854,8263,1322,955,17725,12866,21845,22974,2246,150,20247,1,11:58
2024-25,201143,Al Horford,Al,1610612738,BOS,Boston Celtics,0022400836,2025-02-26T00:00:00,BOS @ DET,L,30.083333333333332,3.6,12.0,0.3,3.6,10.8,0.333,0.0,0.0,0.0,1.2,10.8,12.0,2.4,0.0,2.4,1.2,0.0,1.2,0.0,10.8,-16.8,39.5,0,0,35.9,1,13222,1,13222,7702,18104,13650,19363,4940,2703,9209,13505,14344,13505,11807,2033,3522,14902,16469,4718,6195,8846,18553,17725,17397,20534,8085,2246,150,9451,1,30:05
2024-25,1630558,Davion Mitchell,Davion,1610612748,MIA,Miami Heat,0022400841,2025-02-26T00:00:00,MIA vs. ATL,W,37.03333333333333,6.8,7.8,0.875,4.9,4.9,1.0,1.0,1.0,1.0,0.0,0.0,0.0,5.8,1.9,1.9,0.0,1.0,1.0,1.9,19.4,10.7,32.1,0,0,34.0,1,1,13086,1,1966,9407,20562,1353,2472,13533,1,13322,14259,1,14058,22137,23286,5789,10825,6539,8263,8172,19850,13341,8428,7371,13265,2246,150,10829,1,37:02
2024-25,203937,Kyle Anderson,Kyle,1610612748,MIA,Miami Heat,0022400841,2025-02-26T00:00:00,MIA vs. ATL,W,1.8,0.0,0.0,0.0,0.0,0.0,0.0,0.0,0.0,0.0,0.0,0.0,0.0,0.0,0.0,0.0,0.0,0.0,20.0,0.0,0.0,-100.0,0.0,0,0,0.0,1,1,13086,1,25607,22635,24836,22635,15070,20945,15070,13505,14344,13505,14058,22137,23286,19908,16469,12854,8263,8846,120,17725,23200,26150,25228,2246,150,25259,1,1:48
2024-25,1630165,Killian Hayes,Killian,1610612751,BKN,Brooklyn Nets,0022400840,2025-02-26T00:00:00,BKN vs. OKC,L,33.95,7.4,13.8,0.538,5.3,10.6,0.5,0.0,0.0,0.0,0.0,2.1,2.1,7.4,2.1,0.0,0.0,0.0,4.2,0.0,20.1,10.6,31.7,0,0,35.0,1,13222,1,13222,4306,7965,10522,7978,1947,2872,3944,13505,14344,13505,14058,19303,21576,3491,9903,12854,8263,8846,6445,17725,7794,7416,13544,2246,150,10099,1,33:57
2024-25,1631103,Malaki Branham,Malaki,1610612759,SAS,San Antonio Spurs,0022400844,2025-02-26T00:00:00,SAS @ HOU,L,6.1,0.0,5.9,0.0,0.0,5.9,0.0,0.0,0.0,0.0,0.0,11.8,11.8,0.0,0.0,0.0,0.0,0.0,0.0,0.0,0.0,70.8,14.2,0,0,11.8,1,13222,1,13222,23562,22635,22705,22635,15070,10930,15070,13505,14344,13505,14058,1465,3657,19908,16469,12854,8263,8846,20257,17725,23200,234,23443,2246,150,24028,1,6:06
2024-25,1630551,Justin Champagnie,Justin,1610612764,WAS,Washington Wizards,0022400839,2025-02-26T00:00:00,WAS vs. POR,L,12.486666666666666,0.0,2.9,0.0,0.0,2.9,0.0,0.0,0.0,0.0,2.9,11.5,14.4,2.9,8.6,5.8,2.9,0.0,0.0,0.0,0.0,-2.9,38.9,0,0,34.6,1,13222,1,13222,21002,22635,24528,22635,15070,17894,15070,13505,14344,13505,5636,1610,2037,13338,475,547,1848,8846,20257,17725,23200,14503,8467,2246,150,10368,1,12:29
2024-25,1631104,Blake Wesley,Blake,1610612759,SAS,San Antonio Spurs,0022400844,2025-02-26T00:00:00,SAS @ HOU,L,11.333333333333334,6.4,12.7,0.5,0.0,3.2,0.0,3.2,12.7,0.25,0.0,3.2,3.2,15.9,0.0,0.0,0.0,0.0,3.2,9.5,15.9,34.9,43.5,0,0,34.9,1,13222,1,13222,21566,10554,12373,8526,15070,17314,15070,7381,630,13358,14058,16169,19293,223,16469,12854,8263,8846,9965,515,12052,1402,5878,2246,150,10137,1,11:20
2024-25,1629674,Neemias Queta,Neemias,1610612738,BOS,Boston Celtics,0022400836,2025-02-26T00:00:00,BOS @ DET,L,11.083333333333334,0.0,0.0,0.0,0.0,0.0,0.0,0.0,0.0,0.0,0.0,3.2,3.2,3.2,3.2,3.2,0.0,0.0,3.2,3.2,0.0,-6.5,15.3,0,0,13.0,1,13222,1,13222,21667,22635,24836,22635,15070,20945,15070,13505,14344,13505,14058,15938,19111,12147,5663,2648,8263,8846,9653,8406,23200,16289,23097,2246,150,23720,1,11:05
2024-25,1642262,Cody Williams,Cody,1610612762,UTA,Utah Jazz,0022400843,2025-02-26T00:00:00,UTA vs. SAC,L,17.983333333333334,2.0,14.0,0.143,2.0,6.0,0.333,0.0,0.0,0.0,2.0,2.0,4.0,0.0,2.0,0.0,0.0,0.0,4.0,0.0,6.0,-42.0,8.8,0,0,12.0,1,13222,1,13222,17566,21407,10152,22260,10153,10677,9209,13505,14344,13505,8377,19658,17306,19908,10518,12854,8263,8846,7131,17725,21382,24977,24602,2246,150,23969,1,17:59
2024-25,1641715,Cam Whitmore,Cam,1610612745,HOU,Houston Rockets,0022400844,2025-02-26T00:00:00,HOU vs. SAS,W,4.5,0.0,0.0,0.0,0.0,0.0,0.0,0.0,0.0,0.0,0.0,0.0,0.0,0.0,8.0,0.0,0.0,0.0,0.0,0.0,0.0,-80.0,-8.0,0,0,0.0,1,1,13086,1,24240,22635,24836,22635,15070,20945,15070,13505,14344,13505,14058,22137,23286,19908,585,12854,8263,8846,20257,17725,23200,26000,26204,2246,150,25259,1,4:30
2024-25,1627739,Kris Dunn,Kris,1610612746,LAC,LA Clippers,0022400842,2025-02-26T00:00:00,LAC @ CHI,W,26.578333333333333,1.4,5.4,0.25,1.4,1.4,1.0,2.7,2.7,1.0,0.0,5.4,5.4,4.1,0.0,1.4,0.0,0.0,1.4,2.7,6.8,-5.4,23.4,0,0,20.3,1,1,13086,1,10665,22346,23157,20233,12638,20432,1,8557,10723,1,14058,9740,13763,9770,16469,9167,8263,8846,17808,10298,20881,15792,19294,2246,150,20681,1,26:35
2024-25,203084,Harrison Barnes,Harrison,1610612759,SAS,San Antonio Spurs,0022400844,2025-02-26T00:00:00,SAS @ HOU,L,17.783333333333335,2.0,8.1,0.25,2.0,4.0,0.5,0.0,0.0,0.0,0.0,2.0,2.0,2.0,0.0,0.0,0.0,0.0,2.0,0.0,6.1,-34.4,11.5,0,0,12.1,1,13222,1,13222,17716,21359,20091,20233,10044,15479,3944,13505,14344,13505,14058,19577,21753,16285,16469,12854,8263,8846,14997,17725,21338,24349,24124,2246,150,23944,1,17:47
2024-25,1642267,Bub Carrington,Bub,1610612764,WAS,Washington Wizards,0022400839,2025-02-26T00:00:00,WAS vs. POR,L,26.216666666666665,4.1,8.2,0.5,1.4,4.1,0.333,1.4,2.7,0.5,1.4,9.6,11.0,5.5,2.7,2.7,0.0,0.0,0.0,4.1,11.0,-16.5,37.9,0,0,34.3,1,13222,1,13222,10987,16801,19883,8526,12545,15301,9209,12091,10616,10625,10864,2907,4424,6437,7386,3811,8263,8846,20257,6006,17189,20438,9081,2246,150,10580,1,26:13
2024-25,1642271,Kyle Filipowski,Kyle,1610612762,UTA,Utah Jazz,0022400843,2025-02-26T00:00:00,UTA vs. SAC,L,14.183333333333334,7.6,12.7,0.6,7.6,10.2,0.75,0.0,5.1,0.0,0.0,2.5,2.5,7.6,2.5,0.0,0.0,0.0,12.7,2.5,22.8,-38.1,34.8,0,0,40.6,1,13222,1,13222,20092,7470,12398,5394,549,3329,1542,13505,5789,13505,14058,18085,20729,3268,8087,12854,8263,8846,366,10843,5602,24708,11223,2246,150,6434,1,14:11
2024-25,1642270,Donovan Clingan,Donovan,1610612757,POR,Portland Trail Blazers,0022400839,2025-02-26T00:00:00,POR @ WAS,W,17.5,4.1,8.2,0.5,0.0,0.0,0.0,0.0,0.0,0.0,6.2,10.3,16.5,6.2,2.1,2.1,0.0,0.0,10.3,0.0,8.2,-22.6,41.3,0,0,35.0,1,1,13086,1,17920,16810,19900,8526,15070,20945,15070,13505,14344,13505,1531,2361,1284,5205,10225,5973,8263,8846,643,17725,19726,22256,6963,2246,150,10115,1,17:30
2024-25,1629162,Jordan McLaughlin,Jordan,1610612759,SAS,San Antonio Spurs,0022400844,2025-02-26T00:00:00,SAS @ HOU,L,4.5,0.0,0.0,0.0,0.0,0.0,0.0,0.0,0.0,0.0,0.0,0.0,0.0,24.0,0.0,8.0,0.0,0.0,0.0,0.0,0.0,80.0,60.0,0,0,40.0,1,13222,1,13222,24240,22635,24836,22635,15070,20945,15070,13505,14344,13505,14058,22137,23286,44,16469,211,8263,8846,20257,17725,23200,161,1194,2246,150,6780,1,4:30
2024-25,1642268,Isaiah Collier,Isaiah,1610612762,UTA,Utah Jazz,0022400843,2025-02-26T00:00:00,UTA vs. SAC,L,26.383333333333333,4.1,8.2,0.5,2.7,5.5,0.5,1.4,5.5,0.25,1.4,2.7,4.1,9.6,0.0,2.7,0.0,1.4,1.4,2.7,12.3,-19.1,39.7,0,0,34.1,1,13222,1,13222,10831,16861,19961,8526,7448,12062,3944,12122,5240,13358,10904,17611,17086,1674,16469,3851,8263,5336,17768,10235,15846,21264,7951,2246,150,10768,1,26:23
2024-25,1628449,Chris Boucher,Chris,1610612761,TOR,Toronto Raptors,0022400837,2025-02-26T00:00:00,TOR @ IND,L,18.583333333333332,0.0,5.8,0.0,0.0,3.9,0.0,0.0,0.0,0.0,0.0,7.7,7.7,0.0,0.0,0.0,1.9,0.0,0.0,1.9,0.0,-3.9,15.1,0,0,11.6,1,13222,1,13222,17123,22635,22799,22635,15070,15859,15070,13505,14344,13505,14058,5079,8721,19908,16469,12854,3659,8846,20257,13378,23200,14992,23142,2246,150,24077,1,18:35
2024-25,1642276,Kel'el Ware,Kel'el,1610612748,MIA,Miami Heat,0022400841,2025-02-26T00:00:00,MIA vs. ATL,W,29.355,6.1,7.4,0.833,2.5,2.5,1.0,0.0,0.0,0.0,1.2,8.6,9.8,2.5,1.2,2.5,0.0,0.0,3.7,0.0,14.7,9.8,36.3,0,0,34.3,1,1,13086,1,8343,11138,21129,1514,8314,18711,1,13505,14344,13505,11629,3960,5660,14704,14258,4531,8263,8846,8174,17725,13181,7781,10160,2246,150,10573,1,29:21
2024-25,1629667,Jalen McDaniels,Jalen,1610612764,WAS,Washington Wizards,0022400839,2025-02-26T00:00:00,WAS vs. POR,L,0.14333333333333334,0.0,0.0,0.0,0.0,0.0,0.0,0.0,0.0,0.0,0.0,0.0,0.0,0.0,0.0,0.0,0.0,0.0,0.0,0.0,0.0,0.0,0.0,0,0,0.0,1,13222,1,13222,26273,22635,24836,22635,15070,20945,15070,13505,14344,13505,14058,22137,23286,19908,16469,12854,8263,8846,20257,17725,23200,12240,25228,2246,150,25259,1,0:09
2024-25,1628418,Thomas Bryant,Thomas,1610612754,IND,Indiana Pacers,0022400837,2025-02-26T00:00:00,IND vs. TOR,W,18.566666666666666,5.8,7.8,0.75,1.9,3.9,0.5,1.9,3.9,0.5,1.9,5.8,7.8,1.9,5.8,3.9,0.0,0.0,3.9,3.9,15.5,-7.8,33.5,0,0,34.9,1,1,13086,1,17135,12069,20584,2107,10459,15851,3944,10840,8082,10625,8666,8762,8707,16610,1540,1759,8263,8846,7518,6631,12409,16859,12162,2246,150,10163,1,18:34
2024-25,1631222,Jake LaRavia,Jake,1610612758,SAC,Sacramento Kings,0022400843,2025-02-26T00:00:00,SAC @ UTA,W,14.516666666666667,0.0,7.4,0.0,0.0,5.0,0.0,0.0,0.0,0.0,0.0,0.0,0.0,0.0,2.5,0.0,0.0,0.0,9.9,0.0,0.0,27.3,-2.5,0,0,0.0,1,1,13086,1,19870,22635,21016,22635,15070,13295,15070,13505,14344,13505,14058,22137,23286,19908,8332,12854,8263,8846,719,17725,23200,2379,26155,2246,150,25259,1,14:31
2024-25,1631213,Tyrese Martin,Tyrese,1610612751,BKN,Brooklyn Nets,0022400840,2025-02-26T00:00:00,BKN vs. OKC,L,18.55,1.9,9.7,0.2,1.9,7.8,0.25,0.0,0.0,0.0,1.9,1.9,3.9,0.0,1.9,0.0,0.0,0.0,0.0,1.9,5.8,-33.0,8.5,0,0,11.6,1,13222,1,13222,17147,21512,17570,21401,10453,6869,11902,13505,14344,13505,8660,19858,17614,19908,10845,12854,8263,8846,20257,13358,21507,24163,24629,2246,150,24072,1,18:33
2024-25,1628368,De'Aaron Fox,De'Aaron,1610612759,SAS,San Antonio Spurs,0022400844,2025-02-26T00:00:00,SAS @ HOU,L,27.933333333333334,3.9,15.5,0.25,1.3,6.4,0.2,0.0,0.0,0.0,0.0,3.9,3.9,3.9,2.6,0.0,1.3,1.3,2.6,0.0,9.0,-25.8,20.7,0,0,20.6,1,13222,1,13222,9595,17414,7874,20233,12901,9666,13429,13505,14344,13505,14058,14135,17665,10320,7956,12854,5698,5708,12501,17725,19056,22982,20817,2246,150,20504,1,27:56
2024-25,1641796,Pelle Larsson,Pelle,1610612748,MIA,Miami Heat,0022400841,2025-02-26T00:00:00,MIA vs. ATL,W,0.72,0.0,0.0,0.0,0.0,0.0,0.0,0.0,0.0,0.0,0.0,0.0,0.0,0.0,0.0,0.0,0.0,0.0,0.0,0.0,0.0,0.0,0.0,0,0,0.0,1,1,13086,1,26157,22635,24836,22635,15070,20945,15070,13505,14344,13505,14058,22137,23286,19908,16469,12854,8263,8846,20257,17725,23200,12240,25228,2246,150,25259,1,0:43
2024-25,1630531,Jaden Springer,Jaden,1610612762,UTA,Utah Jazz,0022400843,2025-02-26T00:00:00,UTA vs. SAC,L,10.566666666666666,6.8,13.6,0.5,3.4,6.8,0.5,0.0,0.0,0.0,3.4,0.0,3.4,6.8,0.0,10.2,0.0,0.0,3.4,3.4,17.0,-20.4,62.0,0,0,51.1,1,13222,1,13222,21884,9387,10779,8526,5363,8870,3944,13505,14344,13505,4527,22137,18768,4268,16469,113,8263,8846,9054,7931,10816,21689,964,2246,150,2252,1,10:34
2024-25,1630322,Lindy Waters III,Lindy,1610612765,DET,Detroit Pistons,0022400836,2025-02-26T00:00:00,DET vs. BOS,W,2.716666666666667,13.3,13.3,1.0,13.3,13.3,1.0,0.0,0.0,0.0,0.0,0.0,0.0,0.0,0.0,13.3,0.0,0.0,13.3,0.0,39.8,13.3,79.5,0,0,79.5,1,1,13086,1,25110,923,11383,1,98,1181,1,13505,14344,13505,14058,22137,23286,19908,16469,60,8263,8846,321,17725,463,6277,204,2246,150,163,1,2:43
2024-25,1631117,Walker Kessler,Walker,1610612762,UTA,Utah Jazz,0022400843,2025-02-26T00:00:00,UTA vs. SAC,L,33.81666666666667,10.6,10.6,1.0,0.0,0.0,0.0,5.3,7.5,0.714,2.1,12.8,14.9,5.3,0.0,2.1,0.0,0.0,2.1,4.3,26.6,-2.1,58.9,1,0,51.1,1,13222,1,13222,4424,2560,15976,1,15070,20945,15070,3625,2955,9244,7851,1086,1815,6776,16469,5663,8263,8846,14469,5704,3382,14115,1353,1,150,2255,1,33:49
2024-25,201942,DeMar DeRozan,DeMar,1610612758,SAC,Sacramento Kings,0022400843,2025-02-26T00:00:00,SAC @ UTA,W,33.63333333333333,8.6,15.0,0.571,1.1,2.1,0.5,2.1,2.1,1.0,1.1,5.4,6.4,8.6,0.0,2.1,1.1,0.0,1.1,1.1,20.3,1.1,50.5,0,0,42.8,1,1,13086,1,4603,5500,8641,6538,14124,19287,3944,10163,12286,1,12713,9899,11340,2375,16469,5631,6982,8846,19272,17059,7629,12102,3126,2246,150,5242,1,33:38
2024-25,1627732,Ben Simmons,Ben,1610612746,LAC,LA Clippers,0022400842,2025-02-26T00:00:00,LAC @ CHI,W,18.323333333333334,5.9,15.7,0.375,0.0,0.0,0.0,0.0,0.0,0.0,7.9,7.9,15.7,15.7,2.0,2.0,2.0,0.0,3.9,0.0,11.8,29.5,64.0,0,0,51.1,1,1,13086,1,17343,11816,7519,16299,15070,20945,15070,13505,14344,13505,828,4932,1515,233,10692,6422,3586,8846,7349,17725,16354,2035,777,2246,150,2256,1,18:19
2024-25,1630194,Paul Reed,Paul,1610612765,DET,Detroit Pistons,0022400836,2025-02-26T00:00:00,DET vs. BOS,W,2.716666666666667,13.3,39.8,0.333,0.0,0.0,0.0,0.0,13.3,0.0,26.5,13.3,39.8,13.3,13.3,0.0,0.0,0.0,0.0,13.3,26.5,13.3,80.8,0,0,79.5,1,1,13086,1,25110,923,80,17395,15070,20945,15070,13505,557,13505,23,938,28,486,152,12854,8263,8846,20257,145,3429,6277,181,2246,150,163,1,2:43
2024-25,1631115,Orlando Robinson,Orlando,1610612761,TOR,Toronto Raptors,0022400837,2025-02-26T00:00:00,TOR @ IND,L,12.133333333333333,11.9,14.8,0.8,0.0,0.0,0.0,0.0,0.0,0.0,8.9,0.0,8.9,3.0,0.0,8.9,0.0,0.0,0.0,0.0,23.7,-17.8,65.6,0,0,53.4,1,13222,1,13222,21178,1603,8844,1688,15070,20945,15070,13505,14344,13505,576,22137,6887,13031,16469,153,8263,8846,20257,17725,4964,20870,662,2246,150,1723,1,12:08
2024-25,202685,Jonas Valančiūnas,Jonas,1610612758,SAC,Sacramento Kings,0022400843,2025-02-26T00:00:00,SAC @ UTA,W,13.983333333333333,15.4,18.0,0.857,2.6,2.6,1.0,5.1,5.1,1.0,7.7,10.3,18.0,5.1,2.6,0.0,0.0,2.6,2.6,10.3,38.6,36.0,65.4,0,0,64.4,1,1,13086,1,20207,423,4640,1412,7900,18489,1,3819,5683,1,872,2352,896,7133,7967,12854,8263,1909,12513,360,542,1282,676,2246,150,504,1,13:59
2024-25,1626158,Richaun Holmes,Richaun,1610612764,WAS,Washington Wizards,0022400839,2025-02-26T00:00:00,WAS vs. POR,L,18.933333333333334,13.3,13.3,1.0,0.0,0.0,0.0,11.4,11.4,1.0,3.8,5.7,9.5,3.8,1.9,0.0,0.0,0.0,7.6,7.6,38.0,22.8,53.2,0,0,51.3,1,13222,1,13222,16882,899,11288,1,15070,20945,15070,420,915,1,3882,9030,6054,10489,11030,12854,8263,8846,1569,1251,609,3296,2388,2246,150,2190,1,18:56
2024-25,201935,James Harden,James,1610612746,LAC,LA Clippers,0022400842,2025-02-26T00:00:00,LAC @ CHI,W,36.0,9.0,20.0,0.45,7.0,14.0,0.5,5.0,5.0,1.0,1.0,1.0,2.0,6.0,6.0,1.0,1.0,1.0,2.0,2.0,30.0,-4.0,41.4,0,0,49.0,1,1,13086,1,2683,4700,2966,12982,756,924,3944,4039,5921,1,13248,21972,21801,5485,1378,11961,7479,7919,15144,13081,2081,15063,6930,2246,150,2834,1,36:00
2024-25,1631101,Shaedon Sharpe,Shaedon,1610612757,POR,Portland Trail Blazers,0022400839,2025-02-26T00:00:00,POR @ WAS,W,33.25,14.1,28.2,0.5,3.2,7.6,0.429,7.6,10.8,0.7,3.2,5.4,8.7,5.4,3.2,1.1,1.1,2.2,3.2,6.5,39.0,3.2,60.7,0,0,60.6,1,1,13086,1,4943,687,384,8526,5815,7213,7394,1622,1077,9366,4844,9750,7210,6604,5663,11163,6903,2725,9653,2089,521,10994,1106,2246,150,766,1,33:15
2024-25,1630169,Tyrese Haliburton,Tyrese,1610612754,IND,Indiana Pacers,0022400837,2025-02-26T00:00:00,IND vs. TOR,W,33.17666666666667,13.0,16.3,0.8,7.6,9.8,0.778,2.2,2.2,1.0,0.0,3.3,3.3,11.9,1.1,3.3,2.2,0.0,0.0,2.2,35.8,26.0,72.8,1,0,69.4,1,1,13086,1,5009,1026,6721,1688,561,3765,1530,10050,12181,1,14058,15921,19095,733,15238,2643,3017,8846,20257,12296,861,2610,348,1,150,338,1,33:11
2024-25,1630166,Deni Avdija,Deni,1610612757,POR,Portland Trail Blazers,0022400839,2025-02-26T00:00:00,POR @ WAS,W,5.7,12.6,25.3,0.5,0.0,6.3,0.0,6.3,12.6,0.5,6.3,6.3,12.6,6.3,12.6,0.0,0.0,0.0,6.3,18.9,31.6,-6.3,43.6,0,0,50.5,1,1,13086,1,23701,1179,774,8526,15070,9944,15070,2572,646,10625,1465,7662,3041,4997,186,12854,8263,8846,2582,55,1618,16211,5861,2246,150,2384,1,5:42
2024-25,1627736,Malik Beasley,Malik,1610612765,DET,Detroit Pistons,0022400836,2025-02-26T00:00:00,DET vs. BOS,W,21.65,16.6,24.9,0.667,10.0,18.3,0.545,0.0,0.0,0.0,3.3,5.0,8.3,3.3,0.0,1.7,1.7,0.0,0.0,1.7,43.2,20.0,68.2,0,0,71.5,1,1,13086,1,14796,306,838,3281,212,315,3863,13505,14344,13505,4696,10904,7747,11897,16469,7754,4392,8846,20257,14401,304,3966,515,2246,150,291,1,21:39
2024-25,1642264,Stephon Castle,Stephon,1610612759,SAS,San Antonio Spurs,0022400844,2025-02-26T00:00:00,SAS @ HOU,L,29.933333333333334,10.8,26.5,0.409,1.2,8.4,0.143,3.6,4.8,0.75,4.8,3.6,8.4,6.0,0.0,3.6,0.0,2.4,2.4,3.6,26.5,1.2,56.4,0,0,49.3,1,13222,1,13222,7840,2396,567,14895,13346,5713,14649,6474,6280,8186,2548,14896,7595,5464,16469,2083,8263,2206,13173,7372,3449,12012,1743,2246,150,2729,1,29:56
2024-25,1628369,Jayson Tatum,Jayson,1610612738,BOS,Boston Celtics,0022400836,2025-02-26T00:00:00,BOS @ DET,L,33.15,10.9,20.6,0.526,4.3,9.8,0.444,3.3,4.3,0.75,1.1,5.4,6.5,3.3,4.3,0.0,0.0,0.0,1.1,3.3,29.3,-11.9,37.7,0,0,43.4,1,13222,1,13222,5027,2374,2554,8379,3325,3749,7211,7189,7121,8186,12584,9717,11144,12123,3234,12854,8263,8846,19180,8385,2335,18715,9238,2246,150,4947,1,33:09
2024-25,1630549,Day'Ron Sharpe,Day'Ron,1610612751,BKN,Brooklyn Nets,0022400840,2025-02-26T00:00:00,BKN vs. OKC,L,31.025,9.3,11.6,0.8,2.3,3.5,0.667,8.1,8.1,1.0,8.1,9.3,17.4,5.8,2.3,2.3,3.5,1.2,4.6,8.1,29.0,23.2,73.7,1,0,66.1,1,13222,1,13222,6863,4234,14300,1688,8774,16691,1957,1349,2433,1,740,3224,1035,5855,8982,4957,1243,6552,5436,953,2423,3221,317,1,150,436,1,31:02
2024-25,1641708,Amen Thompson,Amen,1610612745,HOU,Houston Rockets,0022400844,2025-02-26T00:00:00,HOU vs. SAS,W,29.983333333333334,14.4,18.0,0.8,1.2,3.6,0.333,0.0,0.0,0.0,4.8,6.0,10.8,6.0,2.4,0.0,2.4,0.0,4.8,0.0,30.0,31.2,56.8,0,0,52.8,1,1,13086,1,7797,598,4658,1688,13361,16434,9209,13505,14344,13505,2559,8309,4590,5479,8648,12854,2552,8846,5051,17725,2078,1807,1675,2246,150,1845,1,29:59
2024-25,1630598,Aaron Wiggins,Aaron,1610612760,OKC,Oklahoma City Thunder,0022400840,2025-02-26T00:00:00,OKC @ BKN,W,28.52,13.9,24.0,0.579,2.5,8.8,0.286,0.0,0.0,0.0,2.5,3.8,6.3,3.8,1.3,0.0,0.0,0.0,1.3,0.0,30.3,32.8,42.3,0,0,42.9,1,1,13086,1,9099,739,1070,6486,8065,5049,11433,13505,14344,13505,6541,14367,11581,10539,14029,12854,8263,8846,18212,17725,1986,1641,6479,2246,150,5185,1,28:31
2024-25,1629234,Drew Eubanks,Drew,1610612746,LAC,LA Clippers,0022400842,2025-02-26T00:00:00,LAC @ CHI,W,4.371666666666667,16.5,16.5,1.0,0.0,0.0,0.0,0.0,0.0,0.0,0.0,24.7,24.7,0.0,8.2,0.0,8.2,0.0,8.2,0.0,32.9,107.1,79.1,0,0,74.1,1,1,13086,1,24303,321,6465,1,15070,20945,15070,13505,14344,13505,14058,81,203,19908,544,12854,135,8846,1256,17725,1339,62,211,2246,150,246,1,4:22
2024-25,1630578,Alperen Sengun,Alperen,1610612745,HOU,Houston Rockets,0022400844,2025-02-26T00:00:00,HOU vs. SAS,W,18.566666666666666,1.9,9.7,0.2,0.0,0.0,0.0,13.6,15.5,0.875,9.7,11.6,21.3,5.8,5.8,1.9,1.9,0.0,5.8,9.7,17.5,38.8,57.6,0,0,52.4,1,1,13086,1,17135,21516,17588,21401,15070,20945,15070,230,314,6931,442,1549,387,5823,1540,6569,3654,8846,3192,475,10376,1060,1541,2246,150,1960,1,18:34
2024-25,1631096,Chet Holmgren,Chet,1610612760,OKC,Oklahoma City Thunder,0022400840,2025-02-26T00:00:00,OKC @ BKN,W,32.05833333333333,7.9,13.5,0.583,2.2,4.5,0.5,6.7,7.9,0.857,4.5,14.6,19.1,4.5,0.0,2.2,3.4,1.1,1.1,6.7,24.7,15.7,71.2,1,0,61.8,1,1,13086,1,5924,6930,11041,6296,9065,14452,3944,2210,2620,7071,2930,639,684,8673,16469,5231,1336,6854,18975,1871,4364,5346,396,1,150,666,1,32:04
2024-25,1630533,Ziaire Williams,Ziaire,1610612751,BKN,Brooklyn Nets,0022400840,2025-02-26T00:00:00,BKN vs. OKC,L,29.143333333333334,7.4,18.5,0.4,6.2,16.1,0.385,1.2,2.5,0.5,2.5,9.9,12.4,1.2,2.5,0.0,1.2,0.0,3.7,1.2,22.2,12.4,40.1,1,0,44.5,1,13222,1,13222,8552,7991,4193,14933,1179,521,8766,12488,11284,10625,6713,2666,3232,18897,8366,12854,5970,8846,8061,16208,6056,6657,7668,1,150,4484,1,29:09
2024-25,1641741,Ricky Council IV,Ricky,1610612755,PHI,Philadelphia 76ers,0022400838,2025-02-26T00:00:00,PHI @ NYK,L,6.386666666666667,0.0,0.0,0.0,0.0,0.0,0.0,0.0,0.0,0.0,0.0,5.6,5.6,5.6,0.0,5.6,0.0,0.0,0.0,5.6,0.0,11.3,32.1,0,0,22.5,1,13222,1,13222,23418,22635,24836,22635,15070,20945,15070,13505,14344,13505,14058,9203,13188,6173,16469,593,8263,8846,20257,3139,23200,7108,13234,2246,150,19325,1,6:23
2024-25,1629014,Anfernee Simons,Anfernee,1610612757,POR,Portland Trail Blazers,0022400839,2025-02-26T00:00:00,POR @ WAS,W,36.45,4.9,12.8,0.385,3.0,6.9,0.429,3.0,3.0,1.0,0.0,4.0,4.0,4.9,4.0,2.0,0.0,1.0,2.0,2.0,15.8,4.0,29.9,0,0,31.6,1,1,13086,1,2364,14583,12141,16070,6641,8640,7394,7913,10059,1,14058,13876,17442,7602,3969,6363,8263,8028,15276,13186,12115,10678,14851,2246,150,12698,1,36:27
2024-25,1630595,Cade Cunningham,Cade,1610612765,DET,Detroit Pistons,0022400836,2025-02-26T00:00:00,DET vs. BOS,W,34.11666666666667,9.5,22.2,0.429,1.1,4.2,0.25,2.1,2.1,1.0,0.0,4.2,4.2,11.6,4.2,0.0,0.0,0.0,3.2,1.1,22.2,12.7,40.4,1,0,39.0,1,1,13086,1,4155,3886,1749,13735,14219,15072,11902,10261,12391,1,14058,13057,16756,811,3468,12854,8263,8846,10018,17150,6097,6535,7511,1,150,7359,1,34:07
2024-25,1631165,Keon Ellis,Keon,1610612758,SAC,Sacramento Kings,0022400843,2025-02-26T00:00:00,SAC @ UTA,W,33.37833333333333,4.3,5.4,0.8,3.2,4.3,0.75,0.0,0.0,0.0,1.1,0.0,1.1,2.2,1.1,2.2,3.2,0.0,3.2,1.1,11.9,23.7,31.5,0,0,29.1,1,1,13086,1,4835,16283,23188,1688,5857,14878,1542,13505,14344,13505,12652,22137,23117,15784,15285,5556,1439,8846,9718,17010,16279,3096,13676,2246,150,14610,1,33:23
2024-25,1641717,Cason Wallace,Cason,1610612760,OKC,Oklahoma City Thunder,0022400840,2025-02-26T00:00:00,OKC @ BKN,W,30.376666666666665,7.1,11.9,0.6,1.2,3.6,0.333,0.0,0.0,0.0,0.0,3.6,3.6,2.4,3.6,3.6,0.0,2.4,3.6,1.2,15.4,20.1,30.3,0,0,29.6,1,1,13086,1,7438,8674,13861,5394,13447,16540,9209,13505,14344,13505,14058,15072,18434,14983,4899,2163,8263,2285,8583,16481,12510,3908,14548,2246,150,14227,1,30:23
2024-25,1627747,Caris LeVert,Caris,1610612737,ATL,Atlanta Hawks,0022400841,2025-02-26T00:00:00,ATL @ MIA,L,32.35,6.7,13.4,0.5,3.3,8.9,0.375,2.2,2.2,1.0,0.0,2.2,2.2,2.2,1.1,2.2,0.0,0.0,1.1,1.1,18.9,-10.0,30.5,0,0,31.2,1,13222,1,13222,5691,9742,11209,8526,5545,4967,8800,9846,12004,1,14058,18994,21364,15528,15042,5289,8263,8846,19027,16852,8934,17895,14431,2246,150,13031,1,32:21
2024-25,1641737,Adem Bona,Adem,1610612755,PHI,Philadelphia 76ers,0022400838,2025-02-26T00:00:00,PHI @ NYK,L,17.3,4.2,4.2,1.0,0.0,0.0,0.0,2.1,4.2,0.5,2.1,8.3,10.4,0.0,2.1,2.1,2.1,0.0,10.4,2.1,10.4,-6.2,33.3,0,0,29.1,1,13222,1,13222,18072,16693,24017,1,15070,20945,15070,10351,7488,10625,8023,4248,5001,19908,10089,5864,3252,8846,626,12699,17750,16185,12356,2246,150,14601,1,17:18
2024-25,1631133,Jabari Walker,Jabari,1610612757,POR,Portland Trail Blazers,0022400839,2025-02-26T00:00:00,POR @ WAS,W,18.5,9.7,17.5,0.556,0.0,3.9,0.0,3.9,5.8,0.667,3.9,3.9,7.8,7.8,0.0,0.0,0.0,0.0,5.8,5.8,23.4,33.1,44.4,0,0,38.9,1,1,13086,1,17195,3561,5241,7248,15070,15813,15070,5893,4702,9425,3736,14045,8647,3098,16469,12854,8263,8846,3159,2834,5237,1617,5485,2246,150,7432,1,18:30
2024-25,1631120,JD Davison,JD,1610612738,BOS,Boston Celtics,0022400836,2025-02-26T00:00:00,BOS @ DET,L,4.666666666666667,0.0,7.7,0.0,0.0,7.7,0.0,23.1,23.1,1.0,0.0,0.0,0.0,0.0,0.0,0.0,0.0,0.0,0.0,7.7,23.1,-15.4,23.1,0,0,23.1,1,13222,1,13222,24152,22635,20635,22635,15070,6975,15070,56,97,1,14058,22137,23286,19908,16469,12854,8263,8846,20257,1186,5385,20064,19468,2246,150,18899,1,4:40
2024-25,1630592,Jalen Wilson,Jalen,1610612751,BKN,Brooklyn Nets,0022400840,2025-02-26T00:00:00,BKN vs. OKC,L,17.7,4.1,10.2,0.4,2.0,8.1,0.25,4.1,4.1,1.0,2.0,0.0,2.0,4.1,0.0,0.0,0.0,0.0,8.1,4.1,14.2,-44.7,22.8,0,0,22.4,1,13222,1,13222,17779,16929,16782,14933,9991,6205,11902,5579,7702,1,8235,22137,21736,9751,16469,12854,8263,8846,1310,6122,13686,25173,19700,2246,150,19439,1,17:42
2024-25,1631095,Jabari Smith Jr.,Jabari,1610612745,HOU,Houston Rockets,0022400844,2025-02-26T00:00:00,HOU vs. SAS,W,32.18333333333333,4.5,16.8,0.267,0.0,5.6,0.0,1.1,2.2,0.5,3.4,7.8,11.2,1.1,2.2,0.0,0.0,1.1,1.1,2.2,10.1,23.5,22.9,0,0,22.4,1,1,13086,1,5816,15852,6072,20170,15070,11743,15070,12861,11978,10625,4628,4967,4251,19297,9363,12854,8263,6883,18994,11995,18091,3151,19602,2246,150,19441,1,32:11
2024-25,1630577,Julian Champagnie,Julian,1610612759,SAS,San Antonio Spurs,0022400844,2025-02-26T00:00:00,SAS @ HOU,L,21.066666666666666,6.8,13.7,0.5,1.7,8.5,0.2,3.4,3.4,1.0,1.7,5.1,6.8,1.7,1.7,0.0,5.1,0.0,1.7,1.7,18.8,5.1,43.2,0,0,39.3,1,13222,1,13222,15243,9329,10690,8526,11370,5505,13429,6855,9049,1,9550,10486,10450,17341,11882,12854,484,8846,16505,14238,9040,10042,6021,2246,150,7195,1,21:04
2024-25,1628370,Malik Monk,Malik,1610612758,SAC,Sacramento Kings,0022400843,2025-02-26T00:00:00,SAC @ UTA,W,35.455,5.1,12.2,0.417,1.0,5.1,0.2,2.0,2.0,1.0,1.0,8.1,9.1,6.1,3.0,1.0,0.0,0.0,0.0,1.0,13.2,13.2,33.3,0,0,31.5,1,1,13086,1,3110,14154,13285,14532,14457,13010,13429,10528,12632,1,13131,4528,6522,5333,6296,11809,8263,8846,20257,17333,14870,6304,12346,2246,150,12794,1,35:27
2024-25,1627734,Domantas Sabonis,Domantas,1610612758,SAC,Sacramento Kings,0022400843,2025-02-26T00:00:00,SAC @ UTA,W,34.016666666666666,5.3,12.7,0.417,0.0,4.2,0.0,2.1,2.1,1.0,0.0,9.5,9.5,5.3,3.2,1.1,1.1,0.0,3.2,3.2,12.7,3.2,35.2,0,0,31.7,1,1,13086,1,4244,13556,12385,14532,15070,15039,15070,10238,12364,1,14058,2982,6024,6841,5892,11408,7067,8846,9981,8649,15392,11030,10908,2246,150,12581,1,34:01
2024-25,1641787,Tosan Evbuomwan,Tosan,1610612751,BKN,Brooklyn Nets,0022400840,2025-02-26T00:00:00,BKN vs. OKC,L,15.108333333333333,4.8,19.1,0.25,2.4,9.5,0.25,9.5,9.5,1.0,2.4,4.8,7.1,0.0,0.0,0.0,0.0,4.8,2.4,4.8,21.4,-47.7,30.0,0,0,31.0,1,13222,1,13222,19499,15067,3705,20233,8544,4067,11902,831,1584,1,6972,11529,9859,19908,16469,12854,8263,421,13298,4580,6694,25298,14776,2246,150,13187,1,15:07
2024-25,1626162,Kelly Oubre Jr.,Kelly,1610612755,PHI,Philadelphia 76ers,0022400838,2025-02-26T00:00:00,PHI @ NYK,L,41.78333333333333,7.8,12.1,0.643,3.4,5.2,0.667,4.3,5.2,0.833,0.9,3.4,4.3,0.9,0.9,2.6,0.9,0.9,3.4,3.4,23.3,-7.8,39.2,0,0,38.8,1,13222,1,13222,270,7156,13489,4607,5271,12777,1957,5135,5648,7275,13985,15386,16513,19886,16412,4168,8171,8754,8910,7823,5323,16857,8268,2246,150,7535,1,41:47
2024-25,203903,Jordan Clarkson,Jordan,1610612762,UTA,Utah Jazz,0022400843,2025-02-26T00:00:00,UTA vs. SAC,L,31.316666666666666,1.1,16.1,0.071,0.0,9.2,0.0,0.0,0.0,0.0,0.0,0.0,0.0,6.9,3.4,2.3,0.0,3.4,1.1,2.3,2.3,2.3,16.1,0,0,13.8,1,13222,1,13222,6594,22540,6981,22631,15070,4540,15070,13505,14344,13505,14058,22137,23286,4137,5127,5042,8263,960,18819,11745,23115,11462,22816,2246,150,23477,1,31:19
2024-25,201950,Jrue Holiday,Jrue,1610612738,BOS,Boston Celtics,0022400836,2025-02-26T00:00:00,BOS @ DET,L,31.283333333333335,2.3,11.5,0.2,0.0,5.8,0.0,0.0,0.0,0.0,0.0,2.3,2.3,6.9,3.5,0.0,0.0,0.0,2.3,2.3,4.6,-12.7,14.3,0,0,13.8,1,13222,1,13222,6630,20850,14456,21401,15070,11320,15070,13505,14344,13505,14058,18755,21200,4126,5118,12854,8263,8846,13636,11731,22231,19001,23410,2246,150,23472,1,31:17
2024-25,1630167,Obi Toppin,Obi,1610612754,IND,Indiana Pacers,0022400837,2025-02-26T00:00:00,IND vs. TOR,W,13.733333333333333,5.2,21.0,0.25,0.0,13.1,0.0,0.0,0.0,0.0,0.0,2.6,2.6,0.0,2.6,5.2,2.6,2.6,0.0,5.2,10.5,5.2,34.6,0,0,28.8,1,1,13086,1,20341,13687,2348,20233,15070,1246,15070,13505,14344,13505,14058,17893,20601,19908,7796,767,2194,1851,20257,3711,17673,9982,11374,2246,150,14833,1,13:44
2024-25,1631105,Jalen Duren,Jalen,1610612765,DET,Detroit Pistons,0022400836,2025-02-26T00:00:00,DET vs. BOS,W,25.633333333333333,8.4,9.8,0.857,0.0,0.0,0.0,1.4,2.8,0.5,5.6,9.8,15.4,2.8,1.4,1.4,0.0,0.0,4.2,1.4,18.3,0.0,43.8,1,0,39.3,1,1,13086,1,11458,5751,17353,1412,15070,20945,15070,12009,10467,10625,1869,2701,1590,13555,13255,8875,8263,8846,6517,15434,9567,12240,5759,1,150,7179,1,25:38
2024-25,203935,Marcus Smart,Marcus,1610612764,WAS,Washington Wizards,0022400839,2025-02-26T00:00:00,WAS vs. POR,L,20.395,7.1,15.9,0.444,1.8,7.1,0.25,1.8,3.5,0.5,0.0,3.5,3.5,5.3,3.5,1.8,0.0,0.0,7.1,3.5,17.7,-14.1,31.6,0,0,31.8,1,13222,1,13222,15723,8784,7288,13045,11205,8332,11902,11304,8829,10625,14058,15140,18484,6828,4951,7386,8263,8846,1934,7585,10166,19560,13615,2246,150,12559,1,20:24
2024-25,1629611,Terance Mann,Terance,1610612737,ATL,Atlanta Hawks,0022400841,2025-02-26T00:00:00,ATL @ MIA,L,29.033333333333335,5.0,8.7,0.571,2.5,5.0,0.5,3.7,5.0,0.75,1.2,3.7,5.0,5.0,1.2,1.2,0.0,0.0,3.7,2.5,16.1,-22.3,32.0,0,0,31.0,1,13222,1,13222,8644,14513,19222,6538,8218,13295,3944,6247,6016,8186,11535,14571,14905,7552,14162,9865,8263,8846,8003,11064,11794,22169,13330,2246,150,13168,1,29:02
2024-25,1626166,Cameron Payne,Cameron,1610612752,NYK,New York Knicks,0022400838,2025-02-26T00:00:00,NYK vs. PHI,W,11.463333333333333,6.3,15.7,0.4,0.0,0.0,0.0,0.0,0.0,0.0,0.0,3.1,3.1,6.3,0.0,0.0,0.0,3.1,0.0,0.0,12.6,12.6,25.8,0,0,22.0,1,1,13086,1,21500,10768,7544,14933,15070,20945,15070,13505,14344,13505,14058,16307,19402,5052,16469,12854,8263,1206,20257,17725,15530,6579,17782,2246,150,19689,1,11:28
2024-25,203991,Clint Capela,Clint,1610612737,ATL,Atlanta Hawks,0022400841,2025-02-26T00:00:00,ATL @ MIA,L,16.183333333333334,8.9,13.3,0.667,0.0,2.2,0.0,0.0,0.0,0.0,0.0,6.7,6.7,4.4,0.0,0.0,0.0,0.0,2.2,0.0,17.8,-42.3,32.5,0,0,28.9,1,13222,1,13222,18806,4889,11216,3281,15070,19126,15070,13505,14344,13505,14058,6952,10788,8768,16469,12854,8263,8846,13985,17725,10030,24999,12960,2246,150,14766,1,16:11
2024-25,1631170,Jaime Jaquez Jr.,Jaime,1610612748,MIA,Miami Heat,0022400841,2025-02-26T00:00:00,MIA vs. ATL,W,7.963333333333333,4.5,9.0,0.5,0.0,0.0,0.0,0.0,0.0,0.0,4.5,4.5,9.0,4.5,4.5,0.0,0.0,4.5,0.0,0.0,9.0,13.6,22.2,0,0,22.6,1,1,13086,1,22826,15712,18655,8526,15070,20945,15070,13505,14344,13505,2899,12210,6672,8598,2969,12854,8263,479,20257,17725,19039,6184,20052,2246,150,19284,1,7:58
2024-25,1631119,Jaylin Williams,Jaylin,1610612760,OKC,Oklahoma City Thunder,0022400840,2025-02-26T00:00:00,OKC @ BKN,W,4.85,0.0,7.4,0.0,0.0,7.4,0.0,0.0,0.0,0.0,0.0,14.8,14.8,7.4,0.0,0.0,0.0,0.0,0.0,0.0,0.0,37.1,28.9,0,0,22.3,1,1,13086,1,24045,22635,21036,22635,15070,7554,15070,13505,14344,13505,14058,604,1846,3484,16469,12854,8263,8846,20257,17725,23200,1191,15526,2246,150,19506,1,4:51
2024-25,201587,Nicolas Batum,Nicolas,1610612746,LAC,LA Clippers,0022400842,2025-02-26T00:00:00,LAC @ CHI,W,17.0,0.0,4.2,0.0,0.0,4.2,0.0,0.0,0.0,0.0,0.0,4.2,4.2,2.1,0.0,0.0,4.2,0.0,2.1,0.0,0.0,21.2,21.0,0,0,14.8,1,1,13086,1,18255,22635,23971,22635,15070,15033,15070,13505,14344,13505,14058,13015,16718,15936,16469,12854,798,8846,14526,17725,23200,3654,20710,2246,150,23119,1,17:00
2024-25,203501,Tim Hardaway Jr.,Tim,1610612765,DET,Detroit Pistons,0022400836,2025-02-26T00:00:00,DET vs. BOS,W,28.7,3.8,10.0,0.375,1.3,5.0,0.25,2.5,2.5,1.0,2.5,2.5,5.0,2.5,0.0,1.3,0.0,0.0,0.0,3.8,11.3,-1.3,24.8,0,0,22.6,1,1,13086,1,8920,17661,16986,16299,13074,13164,11902,9023,11186,1,6588,18163,14747,14514,16469,9764,8263,8846,20257,6951,16902,13694,18395,2246,150,19300,1,28:42
2024-25,1627777,Georges Niang,Georges,1610612737,ATL,Atlanta Hawks,0022400841,2025-02-26T00:00:00,ATL @ MIA,L,24.3,4.4,14.8,0.3,1.5,8.9,0.167,0.0,0.0,0.0,0.0,5.9,5.9,3.0,1.5,0.0,1.5,0.0,0.0,1.5,10.4,-28.1,24.9,0,0,23.7,1,13222,1,13222,12648,15941,8876,19363,12113,4977,14236,13505,14344,13505,14058,8493,12462,13046,12839,12854,4916,8846,20257,15077,17790,23466,18363,2246,150,18537,1,24:18
2024-25,1642450,Daniss Jenkins,Daniss,1610612765,DET,Detroit Pistons,0022400836,2025-02-26T00:00:00,DET vs. BOS,W,1.5833333333333333,0.0,0.0,0.0,0.0,0.0,0.0,0.0,0.0,0.0,0.0,0.0,0.0,0.0,0.0,0.0,0.0,0.0,22.7,0.0,0.0,0.0,0.0,0,0,0.0,1,1,13086,1,25736,22635,24836,22635,15070,20945,15070,13505,14344,13505,14058,22137,23286,19908,16469,12854,8263,8846,87,17725,23200,12240,25228,2246,150,25259,1,1:35
2024-25,1641752,Bobi Klintman,Bobi,1610612765,DET,Detroit Pistons,0022400836,2025-02-26T00:00:00,DET vs. BOS,W,2.716666666666667,0.0,0.0,0.0,0.0,0.0,0.0,0.0,0.0,0.0,0.0,0.0,0.0,0.0,0.0,0.0,0.0,0.0,0.0,0.0,0.0,13.3,0.0,0,0,0.0,1,1,13086,1,25110,22635,24836,22635,15070,20945,15070,13505,14344,13505,14058,22137,23286,19908,16469,12854,8263,8846,20257,17725,23200,6277,25228,2246,150,25259,1,2:43
2024-25,1630198,Isaiah Joe,Isaiah,1610612760,OKC,Oklahoma City Thunder,0022400840,2025-02-26T00:00:00,OKC @ BKN,W,12.283333333333333,0.0,5.9,0.0,0.0,5.9,0.0,0.0,0.0,0.0,2.9,2.9,5.9,0.0,0.0,0.0,0.0,0.0,2.9,0.0,0.0,-8.8,7.0,0,0,5.9,1,1,13086,1,21109,22635,22749,22635,15070,11047,15070,13505,14344,13505,5505,16962,12608,19908,16469,12854,8263,8846,11023,17725,23200,17328,24817,2246,150,25017,1,12:17
2024-25,1642347,Jamal Shead,Jamal,1610612761,TOR,Toronto Raptors,0022400837,2025-02-26T00:00:00,TOR @ IND,L,19.891666666666666,0.0,3.6,0.0,0.0,1.8,0.0,0.0,0.0,0.0,0.0,1.8,1.8,7.2,12.7,0.0,0.0,0.0,5.4,3.6,0.0,-21.7,0.4,0,0,9.0,1,13222,1,13222,16105,22635,24262,22635,15070,19906,15070,13505,14344,13505,14058,20214,22145,3702,183,12854,8263,8846,3800,7334,23200,22013,25226,2246,150,24595,1,19:54
2024-25,1629013,Landry Shamet,Landry,1610612752,NYK,New York Knicks,0022400838,2025-02-26T00:00:00,NYK vs. PHI,W,5.92,0.0,12.2,0.0,0.0,12.2,0.0,0.0,0.0,0.0,0.0,6.1,6.1,0.0,0.0,0.0,0.0,0.0,0.0,0.0,0.0,6.1,7.3,0,0,6.1,1,1,13086,1,23625,22635,13313,22635,15070,1692,15070,13505,14344,13505,14058,8151,12094,19908,16469,12854,8263,8846,20257,17725,23200,9578,24782,2246,150,24998,1,5:55
2024-25,1627936,Alex Caruso,Alex,1610612760,OKC,Oklahoma City Thunder,0022400840,2025-02-26T00:00:00,OKC @ BKN,W,19.981666666666666,3.6,5.4,0.667,1.8,1.8,1.0,0.0,0.0,0.0,1.8,1.8,3.6,5.4,0.0,1.8,0.0,1.8,3.6,0.0,9.0,48.6,26.8,0,0,23.4,1,1,13086,1,16039,18073,23175,3281,11070,19917,1,13505,14344,13505,9234,20240,18314,6627,16469,7248,8263,3897,8416,17725,19071,586,17059,2246,150,18722,1,19:59
2024-25,1630573,Sam Hauser,Sam,1610612738,BOS,Boston Celtics,0022400836,2025-02-26T00:00:00,BOS @ DET,L,12.05,3.0,3.0,1.0,3.0,3.0,1.0,0.0,0.0,0.0,0.0,3.0,3.0,3.0,3.0,0.0,0.0,0.0,3.0,0.0,9.0,-20.9,14.0,0,0,17.9,1,13222,1,13222,21207,19459,24498,1,6564,17691,1,13505,14344,13505,14058,16778,19772,12975,6536,12854,8263,8846,10783,17725,19122,21809,23491,2246,150,21903,1,12:03
2024-25,1642484,RayJ Dennis,RayJ,1610612754,IND,Indiana Pacers,0022400837,2025-02-26T00:00:00,IND vs. TOR,W,3.933333333333333,0.0,18.3,0.0,0.0,9.2,0.0,0.0,0.0,0.0,0.0,9.2,9.2,9.2,9.2,0.0,0.0,0.0,18.3,0.0,0.0,-45.8,15.6,0,0,18.3,1,1,13086,1,24527,22635,4363,22635,15070,4599,15070,13505,14344,13505,14058,3354,6503,1895,406,12854,8263,8846,143,17725,23200,25218,23007,2246,150,21710,1,3:56
2024-25,1628365,Markelle Fultz,Markelle,1610612758,SAC,Sacramento Kings,0022400843,2025-02-26T00:00:00,SAC @ UTA,W,4.4,0.0,0.0,0.0,0.0,0.0,0.0,0.0,0.0,0.0,0.0,8.2,8.2,0.0,0.0,0.0,0.0,0.0,0.0,0.0,0.0,40.9,9.8,0,0,8.2,1,1,13086,1,24286,22635,24836,22635,15070,20945,15070,13505,14344,13505,14058,4444,7957,19908,16469,12854,8263,8846,20257,17725,23200,916,24449,2246,150,24736,1,4:24
2024-25,1641775,Jordan Walsh,Jordan,1610612738,BOS,Boston Celtics,0022400836,2025-02-26T00:00:00,BOS @ DET,L,15.083333333333334,0.0,7.2,0.0,0.0,2.4,0.0,0.0,0.0,0.0,4.8,0.0,4.8,0.0,0.0,0.0,0.0,2.4,4.8,0.0,0.0,-16.7,5.7,0,0,4.8,1,13222,1,13222,19506,22635,21370,22635,15070,18840,15070,13505,14344,13505,2599,22137,15361,19908,16469,12854,8263,2256,5125,17725,23200,20519,24944,2246,150,25125,1,15:05
2024-25,202692,Alec Burks,Alec,1610612748,MIA,Miami Heat,0022400841,2025-02-26T00:00:00,MIA vs. ATL,W,4.95,0.0,14.5,0.0,0.0,14.5,0.0,0.0,0.0,0.0,0.0,0.0,0.0,0.0,0.0,0.0,0.0,0.0,0.0,0.0,0.0,7.3,0.0,0,0,0.0,1,1,13086,1,24010,22635,9281,22635,15070,790,15070,13505,14344,13505,14058,22137,23286,19908,16469,12854,8263,8846,20257,17725,23200,9004,25228,2246,150,25259,1,4:57
2024-25,1641763,Julian Phillips,Julian,1610612741,CHI,Chicago Bulls,0022400842,2025-02-26T00:00:00,CHI vs. LAC,L,15.666666666666666,2.3,9.2,0.25,0.0,4.6,0.0,0.0,0.0,0.0,0.0,4.6,4.6,0.0,4.6,0.0,0.0,2.3,0.0,0.0,4.6,-25.3,5.5,0,0,9.2,1,13222,1,13222,19151,20854,18419,20233,15070,14200,15070,13505,14344,13505,14058,11992,15818,19908,2854,12854,8263,2429,20257,17725,22234,22868,24963,2246,150,24571,1,15:40
2024-25,1630256,Jae'Sean Tate,Jae'Sean,1610612745,HOU,Houston Rockets,0022400844,2025-02-26T00:00:00,HOU vs. SAS,W,24.383333333333333,4.4,10.3,0.429,1.5,3.0,0.5,0.0,0.0,0.0,3.0,5.9,8.9,3.0,0.0,0.0,0.0,0.0,1.5,1.5,10.3,-16.2,25.4,0,0,23.6,1,1,13086,1,12578,15983,16487,13735,12136,17749,3944,13505,14344,13505,5448,8534,6940,13080,16469,12854,8263,8846,17317,15103,17819,20347,18008,2246,150,18593,1,24:23
2024-25,1631204,Marcus Sasser,Marcus,1610612765,DET,Detroit Pistons,0022400836,2025-02-26T00:00:00,DET vs. BOS,W,20.933333333333334,5.2,13.8,0.375,3.4,10.3,0.333,0.0,3.4,0.0,0.0,1.7,1.7,5.2,0.0,0.0,0.0,1.7,1.7,3.4,13.8,32.7,23.6,0,0,24.1,1,1,13086,1,15335,13928,10554,16299,5288,3137,9209,13505,9011,13505,14058,20417,22278,7116,16469,12854,8263,4096,16469,7838,14212,1660,19226,2246,150,18272,1,20:56
2024-25,1628988,Aaron Holiday,Aaron,1610612745,HOU,Houston Rockets,0022400844,2025-02-26T00:00:00,HOU vs. SAS,W,15.866666666666667,2.3,9.1,0.25,0.0,6.8,0.0,0.0,0.0,0.0,0.0,2.3,2.3,0.0,0.0,0.0,0.0,0.0,0.0,0.0,4.5,-4.5,7.3,0,0,6.8,1,1,13086,1,19018,20911,18597,20233,15070,8890,15070,13505,14344,13505,14058,18860,21273,19908,16469,12854,8263,8846,20257,17725,22278,15341,24790,2246,150,24916,1,15:52
2024-25,1631248,Baylor Scheierman,Baylor,1610612738,BOS,Boston Celtics,0022400836,2025-02-26T00:00:00,BOS @ DET,L,4.666666666666667,0.0,7.7,0.0,0.0,0.0,0.0,7.7,15.4,0.5,0.0,0.0,0.0,0.0,0.0,0.0,0.0,0.0,0.0,7.7,7.7,-15.4,7.7,0,0,7.7,1,13222,1,13222,24152,22635,20635,22635,15070,20945,15070,1548,322,10625,14058,22137,23286,19908,16469,12854,8263,8846,20257,1186,20157,20064,24732,2246,150,24805,1,4:40
2024-25,1641736,Reece Beekman,Reece,1610612751,BKN,Brooklyn Nets,0022400840,2025-02-26T00:00:00,BKN vs. OKC,L,14.05,2.6,12.8,0.2,0.0,5.1,0.0,0.0,0.0,0.0,0.0,5.1,5.1,2.6,5.1,2.6,0.0,0.0,2.6,0.0,5.1,-46.1,17.7,0,0,17.9,1,13222,1,13222,20169,20343,12185,21401,15070,12889,15070,13505,14344,13505,14058,10490,14450,14329,2201,4224,8263,8846,12555,17725,21943,25235,22224,2246,150,21900,1,14:03
2024-25,1630570,Trendon Watford,Trendon,1610612751,BKN,Brooklyn Nets,0022400840,2025-02-26T00:00:00,BKN vs. OKC,L,18.04,2.0,14.0,0.143,0.0,6.0,0.0,2.0,4.0,0.5,6.0,4.0,10.0,8.0,8.0,0.0,0.0,0.0,2.0,2.0,6.0,-47.9,22.0,0,0,23.9,1,13222,1,13222,17541,21420,10216,22260,15070,10731,15070,10663,7854,10625,1632,13754,5455,2907,592,12854,8263,8846,15171,13102,21406,25310,20173,2246,150,18366,1,18:02
2024-25,1642263,Reed Sheppard,Reed,1610612745,HOU,Houston Rockets,0022400844,2025-02-26T00:00:00,HOU vs. SAS,W,6.1,0.0,0.0,0.0,0.0,0.0,0.0,11.8,11.8,1.0,0.0,5.9,5.9,5.9,5.9,0.0,0.0,0.0,0.0,5.9,11.8,-70.8,21.8,0,0,23.6,1,1,13086,1,23562,22635,24836,22635,15070,20945,15070,364,808,1,14058,8539,12517,5665,1451,12854,8263,8846,20257,2739,16338,25899,20238,2246,150,18604,1,6:06
2024-25,1630540,Miles McBride,Miles,1610612752,NYK,New York Knicks,0022400838,2025-02-26T00:00:00,NYK vs. PHI,W,17.101666666666667,6.3,8.4,0.75,0.0,2.1,0.0,0.0,0.0,0.0,0.0,4.2,4.2,2.1,0.0,0.0,2.1,0.0,8.4,0.0,12.6,-6.3,27.2,0,0,23.2,1,1,13086,1,18198,10663,19613,2107,15070,19360,15070,13505,14344,13505,14058,13087,16777,15983,16469,12854,3193,8846,1181,17725,15462,16210,16847,2246,150,18887,1,17:06
2024-25,1629639,Tyler Herro,Tyler,1610612748,MIA,Miami Heat,0022400841,2025-02-26T00:00:00,MIA vs. ATL,W,34.38,7.3,16.8,0.438,4.2,8.4,0.5,6.3,7.3,0.857,0.0,2.1,2.1,10.5,2.1,3.1,0.0,0.0,1.0,4.2,25.1,9.4,50.7,1,0,48.2,1,1,13086,1,3945,8170,6108,13558,3588,5786,3944,2612,3067,7071,14058,19377,21623,1216,10026,2854,8263,8846,19429,5872,4154,7976,3072,1,150,3093,1,34:23
2024-25,1628380,Zach Collins,Zach,1610612741,CHI,Chicago Bulls,0022400842,2025-02-26T00:00:00,CHI vs. LAC,L,38.11666666666667,7.6,13.2,0.571,1.9,3.8,0.5,2.8,4.7,0.6,6.6,9.4,16.1,6.6,2.8,1.9,0.0,0.9,2.8,4.7,19.8,5.7,51.9,1,0,48.2,1,13222,1,13222,1316,7631,11445,6538,10686,16044,3944,8260,6440,10343,1320,3078,1413,4562,7100,6817,8263,8382,11493,4678,8043,9771,2746,1,150,3092,1,38:07
2024-25,1641729,Brice Sensabaugh,Brice,1610612762,UTA,Utah Jazz,0022400843,2025-02-26T00:00:00,UTA vs. SAC,L,22.616666666666667,8.0,17.5,0.455,3.2,11.1,0.286,0.0,0.0,0.0,0.0,6.4,6.4,0.0,1.6,0.0,0.0,0.0,0.0,0.0,19.1,-22.3,25.1,0,0,28.7,1,13222,1,13222,14015,6717,5252,12676,5999,2376,11433,13505,14344,13505,14058,7563,11471,19908,12374,12854,8263,8846,20257,17725,8757,22159,18177,2246,150,14963,1,22:37
2024-25,202699,Tobias Harris,Tobias,1610612765,DET,Detroit Pistons,0022400836,2025-02-26T00:00:00,DET vs. BOS,W,34.016666666666666,6.3,10.6,0.6,2.1,4.2,0.5,2.1,2.1,1.0,2.1,7.4,9.5,2.1,1.1,1.1,2.1,0.0,2.1,1.1,16.9,13.8,40.0,0,0,37.0,1,1,13086,1,4244,10564,16078,5394,9612,15039,3944,10238,12364,1,7898,5670,6024,15941,15433,11408,3161,8846,14531,17129,10924,6097,7761,2246,150,8702,1,34:01
2024-25,1630202,Payton Pritchard,Payton,1610612738,BOS,Boston Celtics,0022400836,2025-02-26T00:00:00,BOS @ DET,L,31.383333333333333,6.9,11.5,0.6,5.7,9.2,0.625,1.1,1.1,1.0,1.1,2.3,3.4,4.6,1.1,1.1,0.0,2.3,0.0,2.3,20.6,-5.7,34.0,0,0,36.7,1,13222,1,13222,6521,9208,14520,5394,1537,4571,2868,12765,13968,1,12133,18778,18684,8441,14814,10610,8263,2442,20257,11773,7355,15938,11855,2246,150,8912,1,31:23
2024-25,1630231,KJ Martin,KJ,1610612762,UTA,Utah Jazz,0022400843,2025-02-26T00:00:00,UTA vs. SAC,L,33.983333333333334,6.4,10.6,0.6,2.1,4.2,0.5,2.1,2.1,1.0,1.1,4.2,5.3,4.2,0.0,0.0,0.0,1.1,0.0,1.1,16.9,5.3,29.7,0,0,28.6,1,13222,1,13222,4278,10551,16054,5394,9600,15031,3944,10232,12356,1,12796,13012,14046,9284,16469,12854,8263,7405,20257,17120,10903,9954,15046,2246,150,14992,1,33:59
2024-25,1641709,Ausar Thompson,Ausar,1610612765,DET,Detroit Pistons,0022400836,2025-02-26T00:00:00,DET vs. BOS,W,26.6,4.1,8.1,0.5,0.0,0.0,0.0,1.4,2.7,0.5,0.0,8.1,8.1,2.7,4.1,6.8,0.0,0.0,2.7,1.4,9.5,20.3,39.5,0,0,33.8,1,1,13086,1,10642,16948,20050,8526,15070,20945,15070,12156,10732,10625,14058,4530,8052,13890,3760,336,8263,8846,12015,15659,18664,3868,8062,2246,150,10977,1,26:36
2024-25,1642273,Kyshawn George,Kyshawn,1610612764,WAS,Washington Wizards,0022400839,2025-02-26T00:00:00,WAS vs. POR,L,26.823333333333334,2.7,6.7,0.4,1.3,5.4,0.25,2.7,2.7,1.0,1.3,5.4,6.7,2.7,5.4,1.3,2.7,0.0,6.7,2.7,9.4,-17.4,28.2,0,0,28.2,1,13222,1,13222,10472,20121,21881,14933,12683,12289,11902,8612,10787,1,11008,9858,10710,13953,1937,9234,2103,8846,2206,10363,18731,20765,16081,2246,150,15308,1,26:49
2024-25,1630200,Tre Jones,Tre,1610612741,CHI,Chicago Bulls,0022400842,2025-02-26T00:00:00,CHI vs. LAC,L,17.9,14.1,18.1,0.778,4.0,4.0,1.0,0.0,0.0,0.0,2.0,2.0,4.0,4.0,0.0,2.0,0.0,4.0,0.0,2.0,32.2,12.1,49.1,0,0,48.3,1,13222,1,13222,17630,686,4559,1994,3956,15527,1,13505,14344,13505,8339,19626,17262,9879,16469,6201,8263,643,20257,13034,1488,6767,3601,2246,150,3057,1,17:54
2024-25,1631099,Keegan Murray,Keegan,1610612758,SAC,Sacramento Kings,0022400843,2025-02-26T00:00:00,SAC @ UTA,W,32.85,9.9,17.5,0.563,5.5,11.0,0.5,3.3,4.4,0.75,1.1,5.5,6.6,2.2,0.0,0.0,2.2,0.0,1.1,2.2,28.5,6.6,46.2,0,0,47.1,1,1,13086,1,5284,3386,5222,7127,1759,2534,3944,7133,7059,8186,12501,9589,11010,15658,16469,12854,2965,8846,19126,12195,2598,9350,4650,2246,150,3428,1,32:51
2024-25,1628973,Jalen Brunson,Jalen,1610612752,NYK,New York Knicks,0022400838,2025-02-26T00:00:00,NYK vs. PHI,W,36.47833333333333,7.9,16.8,0.471,3.0,4.9,0.6,14.8,15.8,0.938,0.0,3.0,3.0,6.9,2.0,1.0,0.0,2.0,1.0,9.9,33.6,3.0,48.5,0,0,48.4,1,1,13086,1,2357,6856,6077,12143,6650,13353,2992,182,292,6713,14058,16856,19831,4122,10644,12064,8263,3303,19780,439,1206,11140,3821,2246,150,3029,1,36:29
2024-25,1629632,Coby White,Coby,1610612741,CHI,Chicago Bulls,0022400842,2025-02-26T00:00:00,CHI vs. LAC,L,31.421666666666667,8.0,18.3,0.438,4.6,12.6,0.364,1.1,1.1,1.0,0.0,1.1,1.1,3.4,2.3,1.1,0.0,1.1,4.6,4.6,21.8,-17.2,29.4,0,0,33.2,1,13222,1,13222,6485,6596,4347,13558,2918,1474,9100,12769,13971,1,14058,21646,23017,11586,9115,10631,8263,6672,5583,4980,6408,20683,15184,2246,150,11479,1,31:25
2024-25,1628384,OG Anunoby,OG,1610612752,NYK,New York Knicks,0022400838,2025-02-26T00:00:00,NYK vs. PHI,W,42.08,4.3,12.8,0.333,0.9,5.1,0.167,4.3,4.3,1.0,0.0,7.7,7.7,2.6,0.9,1.7,0.0,1.7,1.7,3.4,13.7,3.4,31.1,0,0,28.2,1,1,13086,1,254,16378,12153,17395,15026,12867,14236,5200,7249,1,14058,5167,8806,14321,16417,7568,8263,4118,16498,7891,14296,10921,14020,2246,150,15269,1,42:05
2024-25,1629027,Trae Young,Trae,1610612737,ATL,Atlanta Hawks,0022400841,2025-02-26T00:00:00,ATL @ MIA,L,35.7,4.0,12.1,0.333,1.0,6.1,0.167,8.1,8.1,1.0,0.0,2.0,2.0,8.1,4.0,0.0,0.0,0.0,2.0,5.0,17.1,-11.1,27.6,0,0,28.2,1,13222,1,13222,2904,17009,13413,17395,14495,10563,14236,1376,2472,1,14058,19604,21766,2819,3811,12854,8263,8846,15051,4036,10684,18360,16473,2246,150,15263,1,35:42
2024-25,1628969,Mikal Bridges,Mikal,1610612752,NYK,New York Knicks,0022400838,2025-02-26T00:00:00,NYK vs. PHI,W,41.36666666666667,10.4,15.7,0.667,2.6,4.4,0.6,0.9,1.7,0.5,0.0,1.7,1.7,2.6,0.9,1.7,0.9,0.0,0.9,1.7,24.4,0.9,37.3,0,0,36.6,1,1,13086,1,313,2768,7593,3281,7789,14790,2992,13474,13257,10625,14058,20379,22246,14180,16397,7483,8159,8846,20199,14143,4568,12222,9448,2246,150,9013,1,41:22
2024-25,1630168,Onyeka Okongwu,Onyeka,1610612737,ATL,Atlanta Hawks,0022400841,2025-02-26T00:00:00,ATL @ MIA,L,31.816666666666666,6.8,17.0,0.4,1.1,2.3,0.5,0.0,1.1,0.0,5.7,4.5,10.2,3.4,2.3,1.1,2.3,0.0,1.1,2.3,14.7,-3.4,39.9,0,0,36.2,1,13222,1,13222,6140,9446,5835,14933,13758,19061,3944,13505,13992,13505,1838,12191,5246,11698,9249,10752,2816,8846,18911,11888,13187,14755,7803,2246,150,9221,1,31:49
2024-25,203083,Andre Drummond,Andre,1610612755,PHI,Philadelphia 76ers,0022400838,2025-02-26T00:00:00,PHI @ NYK,L,29.363333333333333,3.7,7.4,0.5,0.0,0.0,0.0,1.2,2.5,0.5,4.9,6.1,11.0,6.1,1.2,2.5,1.2,1.2,1.2,1.2,8.6,0.0,40.8,0,0,33.1,1,13222,1,13222,8340,17898,21133,8526,15070,20945,15070,12512,11335,10625,2458,8040,4382,5281,14261,4533,6017,6091,18402,16266,19445,12240,7266,2246,150,11572,1,29:22
2024-25,1626167,Myles Turner,Myles,1610612754,IND,Indiana Pacers,0022400837,2025-02-26T00:00:00,IND vs. TOR,W,29.433333333333334,7.3,9.8,0.75,6.1,6.1,1.0,1.2,2.4,0.5,1.2,11.0,12.2,2.4,0.0,0.0,2.4,0.0,1.2,2.4,22.0,29.4,47.7,1,0,47.7,1,1,13086,1,8281,8151,17414,2107,1222,10407,1,12518,11347,10625,11644,1898,3325,14715,16469,12854,2471,8846,18415,11172,6202,2057,4072,1,150,3253,1,29:26
2024-25,203992,Bogdan Bogdanović,Bogdan,1610612746,LAC,LA Clippers,0022400842,2025-02-26T00:00:00,LAC @ CHI,W,25.065,7.2,10.1,0.714,5.7,7.2,0.8,0.0,0.0,0.0,0.0,0.0,0.0,8.6,4.3,0.0,1.4,0.0,5.7,0.0,20.1,18.7,33.0,0,0,37.3,1,1,13086,1,11960,8506,16951,2752,1528,8082,1389,13505,14344,13505,14058,22137,23286,2330,3304,12854,5092,8846,3325,17725,7829,4354,12569,2246,150,8477,1,25:04
2024-25,1628401,Derrick White,Derrick,1610612738,BOS,Boston Celtics,0022400836,2025-02-26T00:00:00,BOS @ DET,L,31.283333333333335,6.9,13.8,0.5,5.8,11.5,0.5,1.2,2.3,0.5,1.2,2.3,3.5,3.5,2.3,0.0,0.0,0.0,2.3,1.2,20.7,-12.7,27.7,0,0,33.4,1,13222,1,13222,6630,9149,10473,8526,1523,2093,3944,12749,11766,10625,12094,18755,18651,11544,9061,12854,8263,8846,13636,16642,7305,19001,16406,2246,150,11345,1,31:17
2024-25,203114,Khris Middleton,Khris,1610612764,WAS,Washington Wizards,0022400839,2025-02-26T00:00:00,WAS vs. POR,L,24.016666666666666,4.5,13.5,0.333,0.0,6.0,0.0,3.0,6.0,0.5,0.0,6.0,6.0,7.5,0.0,0.0,1.5,1.5,3.0,3.0,12.0,15.0,34.9,0,0,28.5,1,13222,1,13222,12885,15793,11020,17395,15070,10714,15070,7817,4488,10625,14058,8337,12297,3411,16469,12854,4860,4779,10748,9270,16151,5631,11104,2246,150,15085,1,24:01
2024-25,1627751,Jakob Poeltl,Jakob,1610612761,TOR,Toronto Raptors,0022400837,2025-02-26T00:00:00,TOR @ IND,L,24.366666666666667,5.9,11.8,0.5,0.0,0.0,0.0,3.0,5.9,0.5,1.5,5.9,7.4,3.0,0.0,0.0,0.0,1.5,0.0,3.0,14.8,-7.4,28.1,0,0,25.1,1,13222,1,13222,12590,11776,13907,8526,15070,20945,15070,7937,4598,10625,10404,8522,9395,13071,16469,12854,8263,4849,20257,9404,13138,16676,16165,2246,150,17584,1,24:22
2024-25,1631207,Dalen Terry,Dalen,1610612741,CHI,Chicago Bulls,0022400842,2025-02-26T00:00:00,CHI vs. LAC,L,17.733333333333334,4.1,10.2,0.4,2.0,4.1,0.5,0.0,4.1,0.0,2.0,0.0,2.0,6.1,0.0,4.1,0.0,0.0,0.0,2.0,10.2,4.1,33.9,0,0,28.4,1,13222,1,13222,17752,16948,16821,14933,10011,15455,3944,13505,7713,13505,8256,22137,21744,5337,16469,1576,8263,8846,20257,12928,18006,10611,11886,2246,150,15140,1,17:44
2024-25,1631200,Kris Murray,Kris,1610612757,POR,Portland Trail Blazers,0022400839,2025-02-26T00:00:00,POR @ WAS,W,23.686666666666667,7.6,13.7,0.556,1.5,4.6,0.333,1.5,3.0,0.5,3.0,6.1,9.1,1.5,0.0,0.0,3.0,1.5,1.5,1.5,18.2,16.7,40.6,0,0,36.5,1,1,13086,1,13159,7520,10683,7248,11966,14295,9209,11753,9877,10625,5248,8153,6558,17904,16469,12854,1644,4695,17145,14926,9586,4997,7410,2246,150,9062,1,23:41
2024-25,1642367,Jonathan Mogbo,Jonathan,1610612761,TOR,Toronto Raptors,0022400837,2025-02-26T00:00:00,TOR @ IND,L,21.55,11.7,18.4,0.636,0.0,1.7,0.0,3.3,3.3,1.0,3.3,6.7,10.0,0.0,3.3,3.3,1.7,0.0,5.0,3.3,26.7,-25.1,50.5,0,0,46.8,1,13222,1,13222,14889,1725,4312,4689,15070,20079,15070,7021,9208,1,4662,6925,5406,19908,5385,2482,4362,8846,4577,8123,3336,22817,3139,2246,150,3559,1,21:33
2024-25,1627783,Pascal Siakam,Pascal,1610612754,IND,Indiana Pacers,0022400837,2025-02-26T00:00:00,IND vs. TOR,W,31.55,8.0,16.0,0.5,0.0,1.1,0.0,1.1,4.6,0.25,1.1,8.0,9.1,2.3,0.0,0.0,0.0,0.0,2.3,3.4,17.1,19.4,31.5,0,0,28.5,1,1,13086,1,6376,6659,7145,8526,15070,20691,15070,12781,6720,13358,12187,4720,6541,15293,16469,12854,8263,8846,13714,7882,10724,4140,13677,2246,150,15054,1,31:33
2024-25,1630174,Aaron Nesmith,Aaron,1610612754,IND,Indiana Pacers,0022400837,2025-02-26T00:00:00,IND vs. TOR,W,23.766666666666666,7.6,13.6,0.556,3.0,7.6,0.4,0.0,0.0,0.0,1.5,6.1,7.6,4.5,6.1,0.0,0.0,1.5,4.5,1.5,18.2,15.1,28.0,0,0,33.3,1,1,13086,1,13100,7582,10772,7248,6403,7228,7874,13505,14344,13505,10255,8201,9019,8549,1345,12854,8263,4716,5682,14946,9645,5570,16215,2246,150,11379,1,23:46
2024-25,1630611,Gui Santos,Gui,1610612744,GSW,Golden State Warriors,0022400834,2025-02-25T00:00:00,GSW vs. CHA,W,19.351666666666667,1.9,9.3,0.2,0.0,3.7,0.0,1.9,1.9,1.0,5.6,3.7,9.3,11.2,3.7,3.7,0.0,3.7,3.7,1.9,5.6,31.6,40.9,0,0,33.5,1,1,13086,1,16539,21644,18270,21401,15070,16168,15070,11095,13095,1,1895,14569,6315,947,4506,1942,8263,788,8001,13693,21678,1773,7214,2246,150,11258,1,19:21
2024-25,1642377,Jaylen Wells,Jaylen,1610612763,MEM,Memphis Grizzlies,0022400832,2025-02-25T00:00:00,MEM vs. PHX,W,39.61,6.4,10.9,0.583,4.5,6.4,0.714,0.0,0.0,0.0,0.0,4.5,4.5,1.8,0.0,0.0,0.0,0.9,0.9,1.8,17.3,5.5,25.4,0,0,28.2,1,1,13086,1,684,10537,15526,6296,2983,9846,1861,13505,14344,13505,14058,12140,15942,17035,16469,12854,8263,8615,20125,13866,10554,9865,17965,2246,150,15313,1,39:37
2024-25,1628369,Jayson Tatum,Jayson,1610612738,BOS,Boston Celtics,0022400829,2025-02-25T00:00:00,BOS @ TOR,W,40.333333333333336,6.2,16.1,0.389,2.7,10.7,0.25,1.8,1.8,1.0,0.9,4.5,5.4,9.8,5.4,0.9,0.0,0.0,1.8,1.8,17.0,17.9,35.4,1,0,36.6,1,1,13086,1,489,10854,7028,16009,7602,2759,11902,11266,13206,1,13928,12375,13906,1523,1948,12695,8263,8846,16252,13982,10893,4607,10779,1,150,8985,1,40:20
2024-25,1642366,Quinten Post,Quinten,1610612744,GSW,Golden State Warriors,0022400834,2025-02-25T00:00:00,GSW vs. CHA,W,17.698333333333334,6.1,16.3,0.375,2.0,8.1,0.25,2.0,4.1,0.5,2.0,4.1,6.1,4.1,4.1,4.1,0.0,2.0,8.1,4.1,16.3,12.2,37.8,0,0,36.6,1,1,13086,1,17792,11217,6725,16299,9990,6204,11902,10513,7701,10625,8234,13514,12048,9750,3744,1569,8263,3113,1309,6121,11637,6709,9135,2246,150,8967,1,17:42
2024-25,1641772,Nae'Qwan Tomlin,Nae'Qwan,1610612739,CLE,Cleveland Cavaliers,0022400830,2025-02-25T00:00:00,CLE @ ORL,W,3.8666666666666667,9.3,27.9,0.333,0.0,0.0,0.0,0.0,0.0,0.0,0.0,18.6,18.6,0.0,0.0,0.0,0.0,9.3,0.0,0.0,18.6,18.6,41.0,0,0,37.2,1,1,13086,1,24555,4184,402,17395,15070,20945,15070,13505,14344,13505,14058,220,766,19908,16469,12854,8263,79,20257,17725,9188,4372,7190,2246,150,8555,1,3:52
2024-25,1630193,Immanuel Quickley,Immanuel,1610612761,TOR,Toronto Raptors,0022400829,2025-02-25T00:00:00,TOR vs. BOS,L,32.85,4.4,14.2,0.308,0.0,6.6,0.0,2.2,3.3,0.667,0.0,6.6,6.6,7.7,2.2,0.0,0.0,1.1,4.4,2.2,11.0,-3.3,28.2,0,0,25.2,1,13222,1,13222,5284,16114,9768,19226,15070,9376,15070,9981,9338,9425,14058,7157,11010,3211,9544,12854,8263,7076,6059,12195,17212,14710,16097,2246,150,17513,1,32:51
2024-25,1630541,Moses Moody,Moses,1610612744,GSW,Golden State Warriors,0022400834,2025-02-25T00:00:00,GSW vs. CHA,W,22.653333333333332,6.4,7.9,0.8,4.8,4.8,1.0,3.2,3.2,1.0,0.0,1.6,1.6,1.6,1.6,0.0,0.0,1.6,3.2,1.6,20.7,39.7,23.4,0,0,28.6,1,1,13086,1,13988,10549,20350,1688,2612,13796,1,7377,9554,1,14058,20702,22457,17681,12385,12854,8263,4464,9959,14663,7348,997,19337,2246,150,14989,1,22:39
2024-25,1629060,Rui Hachimura,Rui,1610612747,LAL,Los Angeles Lakers,0022400835,2025-02-25T00:00:00,LAL vs. DAL,W,38.43666666666667,5.6,11.2,0.5,1.9,5.6,0.333,0.9,1.9,0.5,0.9,4.7,5.6,0.0,0.9,0.0,1.9,0.9,0.9,0.9,14.0,17.8,25.5,0,0,25.3,1,1,13086,1,1143,12655,14960,8526,10767,11664,9209,13404,13052,10625,13736,11762,13243,19908,16220,12854,3850,8443,20042,17592,13886,4627,17950,2246,150,17447,1,38:26
2024-25,101108,Chris Paul,Chris,1610612759,SAS,San Antonio Spurs,0022400833,2025-02-25T00:00:00,SAS @ NOP,L,33.18333333333333,4.3,7.6,0.571,3.3,6.5,0.5,1.1,1.1,1.0,0.0,0.0,0.0,10.8,2.2,2.2,1.1,0.0,3.3,0.0,13.0,0.0,36.9,1,0,33.6,1,13222,1,13222,4996,16231,20800,6538,5801,9530,3944,12952,14061,1,14058,22137,23286,1054,9638,5512,6891,8846,9635,17725,15072,12240,9779,1,150,11131,1,33:11
2024-25,1641775,Jordan Walsh,Jordan,1610612738,BOS,Boston Celtics,0022400829,2025-02-25T00:00:00,BOS @ TOR,W,5.35,6.7,6.7,1.0,0.0,0.0,0.0,0.0,0.0,0.0,6.7,6.7,13.5,6.7,0.0,0.0,0.0,0.0,0.0,0.0,13.5,-26.9,39.7,0,0,33.6,1,1,13086,1,23840,9624,21854,1,15070,20945,15070,13505,14344,13505,1263,6830,2502,4384,16469,12854,8263,8846,20257,17725,14562,23227,7959,2246,150,11114,1,5:21
2024-25,1641764,Brandin Podziemski,Brandin,1610612744,GSW,Golden State Warriors,0022400834,2025-02-25T00:00:00,GSW vs. CHA,W,24.583333333333332,5.9,8.8,0.667,0.0,1.5,0.0,2.9,2.9,1.0,0.0,7.3,7.3,2.9,0.0,1.5,0.0,0.0,2.9,1.5,14.6,35.1,32.2,0,0,27.8,1,1,13086,1,12389,11926,19047,3281,15070,20304,15070,8017,10148,1,14058,5802,9526,13169,16469,8556,8263,8846,11039,15155,13252,1380,13161,2246,150,15563,1,24:35
2024-25,1628970,Miles Bridges,Miles,1610612766,CHA,Charlotte Hornets,0022400834,2025-02-25T00:00:00,CHA @ GSW,L,26.066666666666666,2.8,15.2,0.182,0.0,6.9,0.0,6.9,8.3,0.833,1.4,8.3,9.7,2.8,8.3,0.0,0.0,1.4,2.8,4.1,12.4,-38.7,19.9,0,0,24.9,1,13222,1,13222,11112,19953,8265,21891,15070,8650,15070,2069,2329,7275,10832,4304,5842,13710,538,12854,8263,5258,11789,5956,15676,24753,21218,2246,150,17788,1,26:04
2024-25,1630217,Desmond Bane,Desmond,1610612763,MEM,Memphis Grizzlies,0022400832,2025-02-25T00:00:00,MEM vs. PHX,W,42.7,6.7,12.6,0.533,2.5,7.6,0.333,5.1,5.1,1.0,0.8,1.7,2.5,7.6,0.8,1.7,0.0,1.7,0.8,2.5,21.1,10.1,39.7,0,0,37.1,1,1,13086,1,180,9583,12490,8140,8051,7202,9209,3947,5813,1,14009,20495,20750,3299,16432,7662,8263,4184,20222,10880,7023,7641,7950,2246,150,8657,1,42:42
2024-25,1626172,Kevon Looney,Kevon,1610612744,GSW,Golden State Warriors,0022400834,2025-02-25T00:00:00,GSW vs. CHA,W,13.05,2.8,8.3,0.333,0.0,0.0,0.0,5.5,5.5,1.0,2.8,5.5,8.3,2.8,0.0,2.8,2.8,0.0,8.3,2.8,11.0,49.7,41.7,0,0,33.1,1,1,13086,1,20717,19962,19835,17395,15070,20945,15070,3395,5163,1,5953,9479,7810,13719,16469,3782,2008,8846,1241,10110,17155,559,6799,2246,150,11569,1,13:03
2024-25,203486,Mason Plumlee,Mason,1610612756,PHX,Phoenix Suns,0022400832,2025-02-25T00:00:00,PHX @ MEM,L,33.545,3.2,3.2,1.0,0.0,0.0,0.0,1.1,2.1,0.5,3.2,4.3,7.5,3.2,0.0,2.1,1.1,0.0,4.3,3.2,7.5,-3.2,31.0,0,0,24.7,1,13222,1,13222,4693,18951,24418,1,15070,20945,15070,12991,12270,10625,4901,12829,9149,12228,16469,5613,6961,8846,6309,8490,20310,14686,14053,2246,150,17903,1,33:33
2024-25,1628379,Luke Kennard,Luke,1610612763,MEM,Memphis Grizzlies,0022400832,2025-02-25T00:00:00,MEM vs. PHX,W,18.875,3.8,9.5,0.4,3.8,9.5,0.4,0.0,0.0,0.0,0.0,0.0,0.0,9.5,0.0,1.9,0.0,0.0,1.9,0.0,11.4,-9.5,31.5,0,0,28.6,1,1,13086,1,16926,17527,17876,14933,4396,4055,7874,13505,14344,13505,14058,22137,23286,1685,16469,6727,8263,8846,15637,17725,16738,17687,13692,2246,150,14978,1,18:53
2024-25,202684,Tristan Thompson,Tristan,1610612739,CLE,Cleveland Cavaliers,0022400830,2025-02-25T00:00:00,CLE @ ORL,W,3.8666666666666667,9.3,9.3,1.0,0.0,0.0,0.0,0.0,0.0,0.0,9.3,0.0,9.3,0.0,0.0,0.0,0.0,0.0,0.0,0.0,18.6,18.6,29.8,0,0,27.9,1,1,13086,1,24555,4184,18257,1,15070,20945,15070,13505,14344,13505,501,22137,6304,19908,16469,12854,8263,8846,20257,17725,9188,4372,14948,2246,150,15475,1,3:52
2024-25,1641744,Zach Edey,Zach,1610612763,MEM,Memphis Grizzlies,0022400832,2025-02-25T00:00:00,MEM vs. PHX,W,20.14,5.4,7.1,0.75,0.0,0.0,0.0,3.6,3.6,1.0,3.6,10.7,14.3,1.8,1.8,0.0,1.8,0.0,3.6,1.8,14.3,-16.1,37.7,0,0,34.0,1,1,13086,1,15913,13362,21382,2107,15070,20945,15070,6544,8737,1,4258,2062,2103,17126,11609,12854,4084,8846,8510,13977,13608,20280,9213,2246,150,10880,1,20:08
2024-25,1642266,Ja'Kobe Walter,Ja'Kobe,1610612761,TOR,Toronto Raptors,0022400829,2025-02-25T00:00:00,TOR vs. BOS,L,15.95,6.8,18.1,0.375,0.0,4.5,0.0,0.0,0.0,0.0,4.5,2.3,6.8,0.0,0.0,2.3,0.0,2.3,2.3,2.3,13.5,13.5,28.4,0,0,24.8,1,13222,1,13222,18962,9492,4611,16299,15070,14397,15070,13505,14344,13505,2907,18898,10591,19908,16469,5194,8263,2534,13839,11908,14450,6188,15913,2246,150,17806,1,15:57
2024-25,1629020,Jarred Vanderbilt,Jarred,1610612747,LAL,Los Angeles Lakers,0022400835,2025-02-25T00:00:00,LAL vs. DAL,W,14.133333333333333,7.6,12.7,0.6,5.1,7.6,0.667,0.0,0.0,0.0,2.5,5.1,7.6,5.1,0.0,0.0,0.0,2.5,5.1,0.0,20.4,-2.5,37.2,0,0,38.2,1,1,13086,1,20122,7404,12320,5394,2160,7096,1957,13505,14344,13505,6476,10585,8893,7260,16469,12854,8263,1957,4387,17725,7595,14333,9544,2246,150,7891,1,14:08
2024-25,1631216,Caleb Houstan,Caleb,1610612753,ORL,Orlando Magic,0022400830,2025-02-25T00:00:00,ORL vs. CLE,L,6.3,5.7,11.4,0.5,0.0,5.7,0.0,0.0,0.0,0.0,0.0,0.0,0.0,5.7,0.0,0.0,0.0,0.0,0.0,0.0,11.4,-45.7,20.0,0,0,17.1,1,13222,1,13222,23456,12371,14607,8526,15070,11412,15070,13505,14344,13505,14058,22137,23286,6017,16469,12854,8263,8846,20257,17725,16749,25214,21168,2246,150,22237,1,6:18
2024-25,1631120,JD Davison,JD,1610612738,BOS,Boston Celtics,0022400829,2025-02-25T00:00:00,BOS @ TOR,W,3.7516666666666665,0.0,9.6,0.0,0.0,0.0,0.0,0.0,0.0,0.0,0.0,9.6,9.6,9.6,0.0,9.6,0.0,0.0,0.0,0.0,0.0,-38.4,54.7,0,0,38.4,1,1,13086,1,24600,22635,17784,22635,15070,20945,15070,13505,14344,13505,14058,2927,5930,1649,16469,129,8263,8846,20257,17725,23200,24733,2049,2246,150,7779,1,3:45
2024-25,1641713,GG Jackson,GG,1610612763,MEM,Memphis Grizzlies,0022400832,2025-02-25T00:00:00,MEM vs. PHX,W,8.433333333333334,0.0,0.0,0.0,0.0,0.0,0.0,0.0,0.0,0.0,0.0,4.3,4.3,12.8,4.3,0.0,0.0,0.0,4.3,0.0,0.0,-4.3,20.1,0,0,17.1,1,1,13086,1,22649,22635,24836,22635,15070,20945,15070,13505,14344,13505,14058,12901,16615,562,3385,12854,8263,8846,6379,17725,23200,15206,21133,2246,150,22270,1,8:26
2024-25,201572,Brook Lopez,Brook,1610612749,MIL,Milwaukee Bucks,0022400831,2025-02-25T00:00:00,MIL @ HOU,L,35.266666666666666,4.1,10.2,0.4,1.0,6.1,0.167,3.1,3.1,1.0,1.0,7.1,8.2,3.1,0.0,1.0,3.1,0.0,3.1,2.0,12.2,6.1,38.9,0,0,32.7,1,13222,1,13222,3262,16879,16722,14933,14415,10373,14236,7640,9816,1,13085,6101,7980,12717,16469,11752,1616,8846,10426,12868,15868,9556,8481,2246,150,11897,1,35:16
2024-25,1630241,Sam Merrill,Sam,1610612739,CLE,Cleveland Cavaliers,0022400830,2025-02-25T00:00:00,CLE @ ORL,W,18.783333333333335,1.9,7.7,0.25,1.9,7.7,0.25,3.8,3.8,1.0,0.0,3.8,3.8,1.9,0.0,0.0,0.0,1.9,3.8,1.9,9.6,34.5,17.1,0,0,17.2,1,1,13086,1,16980,21552,20695,20233,10558,7051,11902,6014,8171,1,14058,14224,17740,16688,16469,12854,8263,3486,7641,13448,18557,1448,22459,2246,150,22193,1,18:47
2024-25,1630202,Payton Pritchard,Payton,1610612738,BOS,Boston Celtics,0022400829,2025-02-25T00:00:00,BOS @ TOR,W,34.73166666666667,8.3,17.6,0.471,4.1,13.5,0.308,0.0,0.0,0.0,2.1,5.2,7.3,2.1,1.0,2.1,0.0,0.0,1.0,2.1,20.7,4.1,37.7,0,0,38.4,1,1,13086,1,3671,5997,5116,12143,3678,1108,11292,13505,14344,13505,8065,10329,9649,16102,15587,5903,8263,8846,19492,12746,7292,10571,9203,2246,150,7796,1,34:44
2024-25,1628971,Bruce Brown,Bruce,1610612740,NOP,New Orleans Pelicans,0022400833,2025-02-25T00:00:00,NOP vs. SAS,W,28.616666666666667,3.8,10.1,0.375,0.0,1.3,0.0,2.5,3.8,0.667,2.5,5.0,7.5,7.5,1.3,3.8,0.0,0.0,1.3,3.8,10.1,25.2,40.5,0,0,32.7,1,1,13086,1,9022,17637,16940,16299,15070,20548,15070,9001,8308,9425,6560,10783,9077,3337,14046,1877,8263,8846,18227,6922,18095,2780,7459,2246,150,11875,1,28:37
2024-25,1630631,Jose Alvarado,Jose,1610612740,NOP,New Orleans Pelicans,0022400833,2025-02-25T00:00:00,NOP vs. SAS,W,19.966666666666665,5.4,9.0,0.6,0.0,3.6,0.0,1.8,1.8,1.0,1.8,7.2,9.0,7.2,3.6,1.8,0.0,1.8,1.8,1.8,12.6,25.2,36.1,0,0,32.5,1,1,13086,1,16042,13248,18692,5394,15070,16423,15070,11231,13189,1,9226,5978,6707,3739,4763,7238,8263,3892,16172,13926,15466,2761,10326,2246,150,12024,1,19:58
2024-25,202691,Klay Thompson,Klay,1610612742,DAL,Dallas Mavericks,0022400835,2025-02-25T00:00:00,DAL @ LAL,L,30.336666666666666,9.5,20.2,0.471,5.9,11.9,0.5,1.2,2.4,0.5,5.9,3.6,9.5,1.2,1.2,1.2,0.0,0.0,1.2,1.2,26.1,-23.7,41.7,0,0,45.1,1,13222,1,13222,7466,3896,2857,12143,1357,1857,3944,12642,11564,10625,1656,15058,6078,19063,14543,10297,8263,8846,18615,16473,3625,22506,6801,2246,150,4226,1,30:20
2024-25,2544,LeBron James,LeBron,1610612747,LAL,Los Angeles Lakers,0022400835,2025-02-25T00:00:00,LAL vs. DAL,W,37.06666666666667,10.7,16.5,0.647,1.9,3.9,0.5,2.9,3.9,0.75,2.9,8.7,11.7,2.9,5.8,1.0,0.0,1.0,1.9,2.9,26.2,-4.9,41.7,1,0,44.7,1,1,13086,1,1945,2530,6410,4571,10444,15831,3944,8051,8066,8186,5556,3789,3799,13229,1529,12198,8263,8177,15445,9545,3577,15504,6792,1,150,4404,1,37:04
2024-25,1628368,De'Aaron Fox,De'Aaron,1610612759,SAS,San Antonio Spurs,0022400833,2025-02-25T00:00:00,SAS @ NOP,L,38.00833333333333,5.7,19.9,0.286,0.9,8.5,0.111,1.9,2.8,0.667,1.9,0.9,2.8,8.5,5.7,5.7,0.0,0.9,1.9,3.8,14.2,3.8,41.8,0,0,37.9,1,13222,1,13222,1384,12469,3042,19630,14803,5543,15003,10976,10385,9425,8845,22058,20146,2403,1654,579,8263,8363,15719,6876,13719,10758,6740,2246,150,8107,1,38:01
2024-25,1631094,Paolo Banchero,Paolo,1610612753,ORL,Orlando Magic,0022400830,2025-02-25T00:00:00,ORL vs. CLE,L,32.3,10.0,24.5,0.409,1.1,7.8,0.143,7.8,10.0,0.778,1.1,4.5,5.6,4.5,2.2,1.1,1.1,1.1,1.1,5.6,29.0,-24.5,46.8,0,0,44.6,1,13222,1,13222,5727,3189,928,14895,13864,6791,14649,1507,1354,8092,12362,12379,13353,8749,9385,10903,6697,6919,19016,3229,2431,22696,4393,2246,150,4430,1,32:18
2024-25,1628470,Torrey Craig,Torrey,1610612738,BOS,Boston Celtics,0022400829,2025-02-25T00:00:00,BOS @ TOR,W,14.616666666666667,4.9,17.2,0.286,0.0,12.3,0.0,0.0,0.0,0.0,4.9,2.5,7.4,0.0,2.5,0.0,0.0,0.0,4.9,0.0,9.9,9.9,16.3,0,0,17.2,1,1,13086,1,19811,14616,5525,19630,15070,1612,15070,13505,14344,13505,2438,18287,9392,19908,8393,12854,8263,8846,4784,17725,18309,7765,22754,2246,150,22196,1,14:37
2024-25,1629645,Kevin Porter Jr.,Kevin,1610612749,MIL,Milwaukee Bucks,0022400831,2025-02-25T00:00:00,MIL @ HOU,L,11.113333333333333,6.5,22.7,0.286,0.0,3.2,0.0,0.0,0.0,0.0,0.0,0.0,0.0,0.0,13.0,9.7,0.0,9.7,0.0,3.2,13.0,-16.2,29.2,0,0,32.4,1,13222,1,13222,21656,10236,1509,19630,15070,17199,15070,13505,14344,13505,14058,22137,23286,19908,172,124,8263,72,20257,8435,15137,20322,15391,2246,150,12068,1,11:07
2024-25,1641724,Jett Howard,Jett,1610612753,ORL,Orlando Magic,0022400830,2025-02-25T00:00:00,ORL vs. CLE,L,16.25,2.2,6.6,0.333,0.0,4.4,0.0,0.0,0.0,0.0,0.0,4.4,4.4,2.2,0.0,0.0,2.2,0.0,2.2,2.2,4.4,-42.1,19.7,0,0,15.5,1,13222,1,13222,18753,21006,21957,17395,15070,14618,15070,13505,14344,13505,14058,12453,16213,15572,16469,12854,2914,8846,14031,12095,22330,24984,21302,2246,150,22879,1,16:15
2024-25,1629622,Max Strus,Max,1610612739,CLE,Cleveland Cavaliers,0022400830,2025-02-25T00:00:00,CLE @ ORL,W,20.933333333333334,10.3,15.5,0.667,8.6,12.0,0.714,0.0,0.0,0.0,1.7,0.0,1.7,3.4,1.7,1.7,0.0,1.7,1.7,0.0,29.2,24.1,39.9,0,0,46.4,1,1,13086,1,15335,2898,7856,3281,354,1757,1861,13505,14344,13505,9511,22137,22278,11580,11845,7546,8263,4096,16469,17725,2365,3007,7823,2246,150,3680,1,20:56
2024-25,1629023,P.J. Washington,P.J.,1610612742,DAL,Dallas Mavericks,0022400835,2025-02-25T00:00:00,DAL @ LAL,L,34.7,0.0,9.3,0.0,0.0,2.1,0.0,0.0,0.0,0.0,2.1,8.3,10.4,5.2,3.1,1.0,4.1,2.1,2.1,3.1,0.0,-4.1,32.7,0,0,25.9,1,13222,1,13222,3691,22635,18222,22635,15070,19412,15070,13505,14344,13505,8055,4285,5034,7056,6087,11614,837,2986,14727,8846,23200,15149,12816,2246,150,16989,1,34:42
2024-25,1627759,Jaylen Brown,Jaylen,1610612738,BOS,Boston Celtics,0022400829,2025-02-25T00:00:00,BOS @ TOR,W,33.416666666666664,10.8,19.4,0.556,0.0,5.4,0.0,4.3,4.3,1.0,1.1,4.3,5.4,4.3,3.2,1.1,0.0,0.0,1.1,5.4,25.9,5.4,38.8,0,0,37.7,1,1,13086,1,4795,2437,3426,7248,15070,12240,15070,5130,7189,1,12659,12769,13840,9101,5726,11214,8263,8846,19233,3498,3746,9896,8550,2246,150,8219,1,33:25
2024-25,1628386,Jarrett Allen,Jarrett,1610612739,CLE,Cleveland Cavaliers,0022400830,2025-02-25T00:00:00,CLE @ ORL,W,24.65,5.8,10.2,0.571,0.0,0.0,0.0,0.0,0.0,0.0,1.5,8.8,10.2,1.5,0.0,0.0,1.5,0.0,0.0,0.0,11.7,21.9,30.5,0,0,26.3,1,1,13086,1,12326,11983,16693,6538,15070,20945,15070,13505,14344,13505,10481,3760,5204,18133,16469,12854,4995,8846,20257,17725,16478,3479,14415,2246,150,16726,1,24:39
2024-25,1630208,Nick Richards,Nick,1610612756,PHX,Phoenix Suns,0022400832,2025-02-25T00:00:00,PHX @ MEM,L,16.366666666666667,6.6,15.4,0.429,0.0,0.0,0.0,0.0,0.0,0.0,0.0,8.8,8.8,0.0,0.0,0.0,2.2,6.6,11.0,2.2,13.2,8.8,30.4,0,0,26.4,1,13222,1,13222,18676,9933,7965,13735,15070,20945,15070,13505,14344,13505,14058,3726,7028,19908,16469,12854,2946,182,539,12164,14872,8273,14535,2246,150,16624,1,16:22
2024-25,1628415,Dillon Brooks,Dillon,1610612745,HOU,Houston Rockets,0022400831,2025-02-25T00:00:00,HOU vs. MIL,W,34.5,6.3,13.6,0.462,4.2,8.3,0.5,0.0,0.0,0.0,0.0,8.3,8.3,4.2,1.0,1.0,1.0,0.0,3.1,0.0,16.7,3.1,38.2,0,0,37.6,1,1,13086,1,3852,10818,10889,12428,3627,5831,3944,13505,14344,13505,14058,4221,7699,9459,15533,11553,7172,8846,10164,17725,11176,11045,8896,2246,150,8313,1,34:30
2024-25,1631260,AJ Green,AJ,1610612749,MIL,Milwaukee Bucks,0022400831,2025-02-25T00:00:00,MIL @ HOU,L,32.75333333333333,4.4,8.8,0.5,4.4,8.8,0.5,0.0,0.0,0.0,1.1,4.4,5.5,1.1,0.0,1.1,0.0,0.0,3.3,0.0,13.2,7.7,24.7,0,0,26.4,1,13222,1,13222,5362,16070,19034,8526,3242,5121,3944,13505,14344,13505,12474,12537,13549,19350,16469,11029,8263,8846,9468,17725,14888,8775,18466,2246,150,16643,1,32:45
2024-25,1628988,Aaron Holiday,Aaron,1610612745,HOU,Houston Rockets,0022400831,2025-02-25T00:00:00,HOU vs. MIL,W,11.006666666666666,0.0,6.5,0.0,0.0,3.3,0.0,0.0,3.3,0.0,6.5,0.0,6.5,0.0,0.0,3.3,3.3,3.3,0.0,3.3,0.0,29.4,27.5,0,0,19.6,1,1,13086,1,21707,22635,22066,22635,15070,17134,15070,13505,9375,13505,1357,22137,11084,19908,16469,2616,1417,1085,20257,8343,23200,2045,16603,2246,150,21082,1,11:00
2024-25,1629018,Gary Trent Jr.,Gary,1610612749,MIL,Milwaukee Bucks,0022400831,2025-02-25T00:00:00,MIL @ HOU,L,19.816666666666666,3.6,10.9,0.333,0.0,1.8,0.0,1.8,3.6,0.5,0.0,3.6,3.6,0.0,1.8,0.0,0.0,1.8,1.8,3.6,9.1,-7.3,11.6,0,0,12.7,1,13222,1,13222,16160,18002,15533,17395,15070,19895,15070,11205,8621,10625,14058,14839,18246,19908,11469,12854,8263,3847,16099,7300,18993,16622,24102,2246,150,23799,1,19:49
2024-25,1629631,De'Andre Hunter,De'Andre,1610612739,CLE,Cleveland Cavaliers,0022400830,2025-02-25T00:00:00,CLE @ ORL,W,26.75,6.7,10.8,0.625,5.4,6.7,0.8,4.0,5.4,0.75,0.0,4.0,4.0,2.7,0.0,0.0,0.0,1.3,1.3,5.4,22.9,25.6,31.8,0,0,35.0,1,1,13086,1,10526,9631,15756,4899,1865,9059,1389,5633,5337,8186,14058,13611,17226,13932,16469,12854,8263,5416,17838,3502,5573,2700,13504,2246,150,10101,1,26:45
2024-25,203500,Steven Adams,Steven,1610612745,HOU,Houston Rockets,0022400831,2025-02-25T00:00:00,HOU vs. MIL,W,0.0,0.0,0.0,0.0,0.0,0.0,0.0,0.0,0.0,0.0,0.0,0.0,0.0,0.0,0.0,0.0,0.0,0.0,0.0,0.0,0.0,0.0,0.0,0,0,0.0,1,1,13086,1,26304,22635,24836,22635,15070,20945,15070,13505,14344,13505,14058,22137,23286,19908,16469,12854,8263,8846,20257,17725,23200,12240,25228,2246,150,25259,1,0:00
2024-25,1641765,Olivier-Maxence Prosper,Olivier-Maxence,1610612742,DAL,Dallas Mavericks,0022400835,2025-02-25T00:00:00,DAL @ LAL,L,7.35,0.0,4.9,0.0,0.0,0.0,0.0,0.0,0.0,0.0,0.0,9.8,9.8,0.0,0.0,0.0,4.9,0.0,4.9,4.9,0.0,29.4,26.4,0,0,19.6,1,13222,1,13222,23049,22635,23529,22635,15070,20945,15070,13505,14344,13505,14058,2729,5685,19908,16469,12854,542,8846,4839,4295,23200,2053,17321,2246,150,21101,1,7:21
2024-25,1631108,Max Christie,Max,1610612742,DAL,Dallas Mavericks,0022400835,2025-02-25T00:00:00,DAL @ LAL,L,37.06666666666667,3.9,12.6,0.308,1.9,3.9,0.5,0.0,0.0,0.0,0.0,1.0,1.0,5.8,1.0,0.0,1.0,2.9,1.9,1.0,9.7,-2.9,21.6,0,0,20.4,1,13222,1,13222,1945,17363,12519,19226,10444,15831,3944,13505,14344,13505,14058,22018,23233,5801,16015,12854,7680,1442,15445,17484,18435,14523,20377,2246,150,20633,1,37:04
2024-25,203939,Dwight Powell,Dwight,1610612742,DAL,Dallas Mavericks,0022400835,2025-02-25T00:00:00,DAL @ LAL,L,16.116666666666667,2.2,4.5,0.5,0.0,0.0,0.0,0.0,0.0,0.0,6.7,4.5,11.2,0.0,2.2,0.0,2.2,0.0,4.5,2.2,4.5,-13.4,22.3,0,0,20.1,1,13222,1,13222,18846,20978,23826,8526,15070,20945,15070,13505,14344,13505,1277,12344,4264,19908,9378,12854,2876,8846,5849,12012,22311,19270,19962,2246,150,20797,1,16:07
2024-25,1641748,Andre Jackson Jr.,Andre,1610612749,MIL,Milwaukee Bucks,0022400831,2025-02-25T00:00:00,MIL @ HOU,L,0.04666666666666667,0.0,0.0,0.0,0.0,0.0,0.0,0.0,0.0,0.0,0.0,0.0,0.0,0.0,0.0,0.0,0.0,0.0,0.0,0.0,0.0,0.0,0.0,0,0,0.0,1,13222,1,13222,26289,22635,24836,22635,15070,20945,15070,13505,14344,13505,14058,22137,23286,19908,16469,12854,8263,8846,20257,17725,23200,12240,25228,2246,150,25259,1,0:03
2024-25,1629750,Javonte Green,Javonte,1610612739,CLE,Cleveland Cavaliers,0022400830,2025-02-25T00:00:00,CLE @ ORL,W,6.3,11.4,11.4,1.0,0.0,0.0,0.0,0.0,0.0,0.0,0.0,17.1,17.1,0.0,0.0,0.0,0.0,0.0,0.0,0.0,22.9,45.7,43.4,0,0,40.0,1,1,13086,1,23456,1915,14607,1,15070,20945,15070,13505,14344,13505,14058,319,1086,19908,16469,12854,8263,8846,20257,17725,5583,677,5919,2246,150,6780,1,6:18
2024-25,1641733,Nick Smith Jr.,Nick,1610612766,CHA,Charlotte Hornets,0022400834,2025-02-25T00:00:00,CHA @ GSW,L,32.63333333333333,3.3,12.1,0.273,1.1,8.8,0.125,2.2,2.2,1.0,0.0,2.2,2.2,2.2,2.2,1.1,1.1,1.1,4.4,4.4,9.9,-19.9,20.3,0,0,19.9,1,13222,1,13222,5451,18732,13345,20048,13925,5062,14886,9926,12068,1,14058,19052,21401,15603,9485,10994,6772,7017,5988,5313,18232,21510,21025,2246,150,20940,1,32:38
2024-25,1630256,Jae'Sean Tate,Jae'Sean,1610612745,HOU,Houston Rockets,0022400831,2025-02-25T00:00:00,HOU vs. MIL,W,1.6666666666666667,0.0,43.2,0.0,0.0,21.6,0.0,0.0,0.0,0.0,0.0,0.0,0.0,0.0,21.6,0.0,0.0,0.0,21.6,0.0,0.0,86.4,-21.6,0,0,0.0,1,1,13086,1,25675,22635,60,22635,15070,181,15070,13505,14344,13505,14058,22137,23286,19908,43,12854,8263,8846,100,17725,23200,125,26282,2246,150,25259,1,1:40
2024-25,203484,Kentavious Caldwell-Pope,Kentavious,1610612753,ORL,Orlando Magic,0022400830,2025-02-25T00:00:00,ORL vs. CLE,L,22.483333333333334,6.4,8.0,0.8,1.6,1.6,1.0,0.0,0.0,0.0,0.0,0.0,0.0,3.2,0.0,0.0,0.0,0.0,1.6,1.6,14.4,-12.8,19.2,0,0,19.2,1,13222,1,13222,14123,10429,20254,1688,11668,20165,1,13505,14344,13505,14058,22137,23286,12298,16469,12854,8263,8846,16871,14628,13494,19058,21539,2246,150,21284,1,22:29
2024-25,202710,Jimmy Butler III,Jimmy,1610612744,GSW,Golden State Warriors,0022400834,2025-02-25T00:00:00,GSW vs. CHA,W,18.883333333333333,5.7,15.3,0.375,0.0,1.9,0.0,0.0,1.9,0.0,3.8,11.4,15.3,9.5,0.0,1.9,0.0,1.9,0.0,1.9,11.4,32.4,49.8,0,0,40.0,1,1,13086,1,16915,12358,8177,16299,15070,19725,15070,13505,12963,13505,3865,1678,1667,1691,16469,6729,8263,3524,20257,13486,16742,1690,3338,2246,150,6761,1,18:53
2024-25,1641710,Anthony Black,Anthony,1610612753,ORL,Orlando Magic,0022400830,2025-02-25T00:00:00,ORL vs. CLE,L,21.666666666666668,1.7,8.3,0.2,0.0,3.3,0.0,0.0,0.0,0.0,0.0,6.6,6.6,3.3,6.6,1.7,1.7,0.0,1.7,3.3,3.3,-38.2,19.6,0,0,19.9,1,13222,1,13222,14776,21950,19791,21401,15070,17017,15070,13505,14344,13505,14058,7002,10857,11907,1057,7761,4397,8846,16660,8186,22842,24719,21361,2246,150,20894,1,21:40
2024-25,1630556,Kessler Edwards,Kessler,1610612742,DAL,Dallas Mavericks,0022400835,2025-02-25T00:00:00,DAL @ LAL,L,12.6,5.7,14.3,0.4,0.0,2.9,0.0,0.0,0.0,0.0,5.7,2.9,8.6,0.0,0.0,0.0,0.0,2.9,5.7,0.0,11.4,-42.9,21.7,0,0,20.0,1,13222,1,13222,20943,12371,9714,14933,15070,17945,15070,13505,14344,13505,1804,17212,7359,19908,16469,12854,8263,1525,3362,17725,16749,25038,20310,2246,150,20849,1,12:36
2024-25,1630224,Jalen Green,Jalen,1610612745,HOU,Houston Rockets,0022400831,2025-02-25T00:00:00,HOU vs. MIL,W,37.06666666666667,8.7,19.4,0.45,4.9,10.7,0.455,1.9,1.9,1.0,0.0,7.8,7.8,2.9,3.9,0.0,0.0,2.9,1.9,1.9,24.3,-5.8,34.1,0,0,39.8,1,1,13086,1,1945,5204,3399,12982,2481,2799,7148,10827,12875,1,14058,5049,8672,13229,4114,12854,8263,1442,15445,13351,4626,15986,11737,2246,150,6883,1,37:04
2024-25,1630532,Franz Wagner,Franz,1610612753,ORL,Orlando Magic,0022400830,2025-02-25T00:00:00,ORL vs. CLE,L,34.5,9.4,21.9,0.429,1.0,3.1,0.333,0.0,0.0,0.0,1.0,4.2,5.2,4.2,2.1,1.0,1.0,1.0,4.2,0.0,19.8,-18.8,36.5,0,0,34.4,1,13222,1,13222,3852,4035,1863,13735,14288,17401,9209,13505,14344,13505,12921,13190,14234,9459,10060,11553,7172,7541,6627,17725,8049,21174,10017,2246,150,10502,1,34:30
2024-25,1630243,Trevelin Queen,Trevelin,1610612753,ORL,Orlando Magic,0022400830,2025-02-25T00:00:00,ORL vs. CLE,L,6.3,11.4,28.6,0.4,0.0,5.7,0.0,0.0,0.0,0.0,0.0,0.0,0.0,0.0,0.0,0.0,5.7,0.0,0.0,0.0,22.9,-45.7,40.0,0,0,34.3,1,13222,1,13222,23456,1915,357,14933,15070,11412,15070,13505,14344,13505,14058,22137,23286,19908,16469,12854,359,8846,20257,17725,5583,25214,7763,2246,150,10617,1,6:18
2024-25,1628398,Kyle Kuzma,Kyle,1610612749,MIL,Milwaukee Bucks,0022400831,2025-02-25T00:00:00,MIL @ HOU,L,34.38333333333333,4.2,10.5,0.4,1.0,4.2,0.25,0.0,1.0,0.0,1.0,5.2,6.3,1.0,3.1,1.0,0.0,1.0,1.0,1.0,9.4,-10.5,18.5,0,0,19.9,1,13222,1,13222,3934,16623,16277,14933,14272,15145,11902,13505,14138,13505,12902,10202,11654,19537,6018,11524,8263,7520,19430,17186,18708,18090,21872,2246,150,20918,1,34:23
2024-25,1631106,Tari Eason,Tari,1610612745,HOU,Houston Rockets,0022400831,2025-02-25T00:00:00,HOU vs. MIL,W,32.46666666666667,5.5,13.3,0.417,2.2,6.7,0.333,0.0,0.0,0.0,2.2,4.4,6.7,1.1,3.3,2.2,1.1,1.1,3.3,0.0,13.3,7.8,29.6,0,0,29.9,1,1,13086,1,5579,12873,11292,14532,9171,9209,9209,13505,14344,13505,7540,12436,10842,19323,5433,5327,6732,6975,9355,17725,14746,8747,15077,2246,150,13986,1,32:28
2024-25,1642050,Jackson Rowe,Jackson,1610612744,GSW,Golden State Warriors,0022400834,2025-02-25T00:00:00,GSW vs. CHA,W,8.366666666666667,8.6,12.9,0.667,0.0,0.0,0.0,8.6,8.6,1.0,0.0,4.3,4.3,0.0,4.3,0.0,0.0,0.0,0.0,4.3,25.8,8.6,26.7,0,0,30.1,1,1,13086,1,22676,5422,12020,3281,15070,20945,15070,1145,2120,1,14058,12793,16522,19908,3321,12854,8263,8846,20257,5575,3763,8360,17166,2246,150,13854,1,8:22
2024-25,203084,Harrison Barnes,Harrison,1610612759,SAS,San Antonio Spurs,0022400833,2025-02-25T00:00:00,SAS @ NOP,L,30.8,4.7,10.5,0.444,4.7,9.4,0.5,3.5,4.7,0.75,0.0,5.8,5.8,2.3,0.0,0.0,0.0,1.2,0.0,3.5,17.5,1.2,28.1,0,0,30.4,1,13222,1,13222,7043,15297,16179,13045,2770,4303,3944,6690,6526,8186,14058,8682,12660,15092,16469,12854,8263,6487,20257,7643,10289,12038,16187,2246,150,13641,1,30:48
2024-25,1630170,Devin Vassell,Devin,1610612759,SAS,San Antonio Spurs,0022400833,2025-02-25T00:00:00,SAS @ NOP,L,32.766666666666666,6.6,17.6,0.375,2.2,6.6,0.333,6.6,6.6,1.0,1.1,4.4,5.5,3.3,2.2,1.1,0.0,0.0,1.1,4.4,22.0,7.7,34.6,0,0,35.2,1,13222,1,13222,5353,9951,5161,16299,9248,9334,9209,2325,3783,1,12476,12540,13552,11997,9515,11030,8263,8846,19108,5362,6241,8777,11370,2246,150,9984,1,32:46
2024-25,203078,Bradley Beal,Bradley,1610612756,PHX,Phoenix Suns,0022400832,2025-02-25T00:00:00,PHX @ MEM,L,43.0,7.5,16.7,0.45,3.3,5.0,0.667,1.7,1.7,1.0,0.0,4.2,4.2,9.2,1.7,1.7,0.8,0.8,1.7,1.7,20.1,-0.8,44.8,1,0,41.9,1,13222,1,13222,152,7681,6115,12982,5514,13151,1957,11461,13317,1,14058,13148,16837,1863,12019,7698,8208,8789,16607,14351,7843,13452,5284,1,150,5721,1,43:00
2024-25,1631246,Vince Williams Jr.,Vince,1610612763,MEM,Memphis Grizzlies,0022400832,2025-02-25T00:00:00,MEM vs. PHX,W,13.366666666666667,5.4,16.2,0.333,2.7,13.5,0.2,0.0,0.0,0.0,0.0,0.0,0.0,0.0,2.7,2.7,0.0,0.0,2.7,2.7,13.5,-8.1,18.9,0,0,21.5,1,1,13086,1,20556,13309,6886,17395,7562,1110,13429,13505,14344,13505,14058,22137,23286,19908,7552,3926,8263,8846,12066,10333,14556,17008,21727,2246,150,19935,1,13:22
2024-25,1641854,Craig Porter Jr.,Craig,1610612739,CLE,Cleveland Cavaliers,0022400830,2025-02-25T00:00:00,CLE @ ORL,W,11.183333333333334,3.2,9.7,0.333,0.0,3.2,0.0,0.0,0.0,0.0,0.0,6.4,6.4,16.1,3.2,0.0,3.2,0.0,0.0,3.2,6.4,25.8,44.7,0,0,35.4,1,1,13086,1,21631,18952,17658,17395,15070,17233,15070,13505,14344,13505,14058,7432,11303,210,5767,12854,1454,8846,20257,8492,21097,2662,5306,2246,150,9785,1,11:11
2024-25,1627752,Taurean Prince,Taurean,1610612749,MIL,Milwaukee Bucks,0022400831,2025-02-25T00:00:00,MIL @ HOU,L,25.266666666666666,2.8,7.1,0.4,2.8,7.1,0.4,0.0,0.0,0.0,0.0,2.8,2.8,7.1,1.4,4.3,0.0,0.0,0.0,0.0,8.5,-4.3,34.1,0,0,29.9,1,13222,1,13222,11769,19771,21414,14933,7047,8208,7874,13505,14344,13505,14058,17239,20115,3857,13140,1396,8263,8846,20257,17725,19465,15210,11760,2246,150,14008,1,25:16
2024-25,1631217,Moussa Diabaté,Moussa,1610612766,CHA,Charlotte Hornets,0022400834,2025-02-25T00:00:00,CHA @ GSW,L,22.515,1.6,3.2,0.5,0.0,0.0,0.0,4.8,6.4,0.75,3.2,4.8,8.0,4.8,1.6,0.0,3.2,0.0,1.6,6.4,8.0,-28.8,32.8,0,0,27.2,1,13222,1,13222,14099,22033,24423,8526,15070,20945,15070,4351,4014,8186,4950,11447,8280,7930,12340,12854,1482,8846,16879,2184,19928,23548,12742,2246,150,16033,1,22:31
2024-25,1631111,Wendell Moore Jr.,Wendell,1610612766,CHA,Charlotte Hornets,0022400834,2025-02-25T00:00:00,CHA @ GSW,L,28.03,6.4,10.3,0.625,2.6,5.1,0.5,0.0,0.0,0.0,6.4,6.4,12.8,0.0,3.9,0.0,0.0,0.0,2.6,0.0,15.4,-24.4,27.0,1,0,30.8,1,13222,1,13222,9530,10384,16607,4899,7920,12856,3944,13505,14344,13505,1406,7461,2916,19908,4182,12854,8263,8846,12533,17725,12503,22666,16971,1,150,13314,1,28:02
2024-25,1642261,Dalton Knecht,Dalton,1610612747,LAL,Los Angeles Lakers,0022400835,2025-02-25T00:00:00,LAL vs. DAL,W,10.0,7.2,18.0,0.4,3.6,14.4,0.25,0.0,0.0,0.0,0.0,0.0,0.0,0.0,0.0,0.0,0.0,0.0,0.0,0.0,18.0,0.0,18.0,0,0,21.6,1,1,13086,1,22105,8449,4664,14933,4925,824,11902,13505,14344,13505,14058,22137,23286,19908,16469,12854,8263,8846,20257,17725,9827,12240,22091,2246,150,19892,1,10:00
2024-25,1642281,Jaylon Tyson,Jaylon,1610612739,CLE,Cleveland Cavaliers,0022400830,2025-02-25T00:00:00,CLE @ ORL,W,8.383333333333333,8.6,12.9,0.667,0.0,0.0,0.0,0.0,0.0,0.0,4.3,4.3,8.6,4.3,0.0,0.0,0.0,4.3,4.3,0.0,17.2,47.2,33.9,0,0,30.1,1,1,13086,1,22666,5461,12069,3281,15070,20945,15070,13505,14344,13505,3173,12819,7330,9135,16469,12854,8263,548,6298,17725,10654,631,11873,2246,150,13900,1,8:23
2024-25,201145,Jeff Green,Jeff,1610612745,HOU,Houston Rockets,0022400831,2025-02-25T00:00:00,HOU vs. MIL,W,11.783333333333333,3.1,12.2,0.25,0.0,6.1,0.0,0.0,0.0,0.0,0.0,0.0,0.0,3.1,0.0,3.1,3.1,0.0,3.1,3.1,6.1,3.1,29.0,0,0,21.4,1,1,13086,1,21382,19305,13227,20233,15070,10415,15070,13505,14344,13505,14058,22137,23286,12740,16469,3040,1623,8846,10459,9051,21310,11085,15470,2246,150,20032,1,11:47
2024-25,1629637,Jaxson Hayes,Jaxson,1610612747,LAL,Los Angeles Lakers,0022400835,2025-02-25T00:00:00,LAL vs. DAL,W,16.85,8.5,10.7,0.8,0.0,0.0,0.0,0.0,0.0,0.0,2.1,15.0,17.1,0.0,2.1,0.0,4.3,2.1,6.4,0.0,17.1,17.1,48.3,0,0,42.7,1,1,13086,1,18354,5532,15920,1688,15070,20945,15070,13505,14344,13505,7818,581,1105,19908,9797,12854,776,2811,2482,17725,10750,4872,3884,2246,150,5300,1,16:51
2024-25,1642264,Stephon Castle,Stephon,1610612759,SAS,San Antonio Spurs,0022400833,2025-02-25T00:00:00,SAS @ NOP,L,11.891666666666667,3.0,12.1,0.25,3.0,6.1,0.5,3.0,6.1,0.5,0.0,12.1,12.1,0.0,9.1,0.0,0.0,0.0,12.1,3.0,12.1,-48.4,17.6,0,0,27.2,1,13222,1,13222,21342,19365,13398,20233,6414,10557,3944,7733,4396,10625,14058,1304,3412,19908,412,12854,8263,8846,414,9134,16023,25336,22278,2246,150,15986,1,11:54
2024-25,1641879,Yuri Collins,Yuri,1610612744,GSW,Golden State Warriors,0022400834,2025-02-25T00:00:00,GSW vs. CHA,W,10.116666666666667,0.0,0.0,0.0,0.0,0.0,0.0,0.0,0.0,0.0,3.6,0.0,3.6,10.7,0.0,3.6,0.0,0.0,7.1,3.6,0.0,-3.6,31.0,0,0,21.4,1,1,13086,1,22067,22635,24836,22635,15070,20945,15070,13505,14344,13505,4289,22137,18419,1126,16469,2155,8263,8846,1880,7509,23200,14822,14082,2246,150,20073,1,10:07
2024-25,1628960,Grayson Allen,Grayson,1610612756,PHX,Phoenix Suns,0022400832,2025-02-25T00:00:00,PHX @ MEM,L,29.808333333333334,7.2,12.1,0.6,7.2,10.9,0.667,3.6,6.0,0.6,0.0,3.6,3.6,3.6,2.4,0.0,1.2,0.0,4.8,2.4,25.4,1.2,36.4,0,0,42.3,1,13222,1,13222,7962,8347,13461,5394,685,2614,1957,6443,4419,10343,14058,14866,18271,11021,8590,12854,6121,8846,4994,11286,4018,12009,10117,2246,150,5510,1,29:49
2024-25,1629627,Zion Williamson,Zion,1610612740,NOP,New Orleans Pelicans,0022400833,2025-02-25T00:00:00,NOP vs. SAS,W,29.256666666666668,9.8,18.5,0.533,0.0,0.0,0.0,2.5,3.7,0.667,4.9,2.5,7.4,3.7,7.4,1.2,0.0,1.2,2.5,3.7,22.1,2.5,32.9,0,0,35.7,1,1,13086,1,8448,3409,4256,8140,15070,20945,15070,9168,8495,9425,2444,18299,9405,10811,747,9940,8263,6052,12946,7153,6103,11392,12689,2246,150,9595,1,29:15
2024-25,203468,CJ McCollum,CJ,1610612740,NOP,New Orleans Pelicans,0022400833,2025-02-25T00:00:00,NOP vs. SAS,W,29.383333333333333,6.1,17.2,0.357,1.2,7.4,0.167,2.5,2.5,1.0,1.2,3.7,4.9,6.1,2.5,1.2,0.0,0.0,2.5,1.2,15.9,-7.4,32.2,0,0,30.6,1,1,13086,1,8324,11150,5632,17140,13236,7721,14236,9196,11337,1,11633,14716,15057,5287,8451,9979,8263,8846,12982,16269,11999,16658,13156,2246,150,13460,1,29:23
2024-25,1630567,Scottie Barnes,Scottie,1610612761,TOR,Toronto Raptors,0022400829,2025-02-25T00:00:00,TOR vs. BOS,L,34.03333333333333,7.4,14.8,0.5,0.0,5.3,0.0,7.4,9.5,0.778,2.1,1.1,3.2,6.3,2.1,2.1,0.0,0.0,1.1,5.3,22.2,-6.3,39.8,0,0,36.0,1,13222,1,13222,4225,8001,8890,8526,15070,12493,15070,1733,1591,8092,7901,21860,19300,4939,9927,5712,8263,8846,19358,3649,6070,16222,7903,2246,150,9403,1,34:02
2024-25,1630596,Evan Mobley,Evan,1610612739,CLE,Cleveland Cavaliers,0022400830,2025-02-25T00:00:00,CLE @ ORL,W,27.8,7.8,11.7,0.667,1.3,2.6,0.5,5.2,7.8,0.667,1.3,9.1,10.4,2.6,3.9,0.0,2.6,1.3,0.0,5.2,22.0,24.6,42.2,0,0,41.4,1,1,13086,1,9716,7120,14206,3281,12878,18465,3944,3786,2692,9425,11218,3444,5048,14241,4114,12854,2231,5675,20257,3799,6203,2896,6518,2246,150,5954,1,27:48
2024-25,1628976,Wendell Carter Jr.,Wendell,1610612753,ORL,Orlando Magic,0022400830,2025-02-25T00:00:00,ORL vs. CLE,L,26.1,5.5,13.8,0.4,0.0,1.4,0.0,1.4,1.4,1.0,5.5,2.8,8.3,1.4,1.4,1.4,1.4,0.0,2.8,2.8,12.4,-30.3,31.3,0,0,27.6,1,13222,1,13222,11088,12945,10500,14933,15070,20395,15070,12072,13618,1,1943,17533,7810,18406,13407,9013,5317,8846,11805,10110,15694,23792,13816,2246,150,15729,1,26:06
2024-25,1641878,Damion Baugh,Damion,1610612766,CHA,Charlotte Hornets,0022400834,2025-02-25T00:00:00,CHA @ GSW,L,28.583333333333332,2.5,16.4,0.154,1.3,8.8,0.143,5.0,5.0,1.0,1.3,5.0,6.3,6.3,6.3,2.5,0.0,1.3,1.3,2.5,11.3,-27.7,29.6,0,0,30.2,1,13222,1,13222,9046,20426,6580,22243,13037,5072,14649,3971,5843,1,11421,10765,11608,5018,1226,4329,8263,5872,18221,10919,16851,23376,15082,2246,150,13776,1,28:35
2024-25,1630534,Ochai Agbaji,Ochai,1610612761,TOR,Toronto Raptors,0022400829,2025-02-25T00:00:00,TOR vs. BOS,L,23.983333333333334,4.5,7.5,0.6,3.0,3.0,1.0,0.0,0.0,0.0,1.5,6.0,7.5,1.5,0.0,1.5,0.0,0.0,1.5,0.0,12.0,4.5,27.8,0,0,27.0,1,13222,1,13222,12912,15773,20919,5394,6498,17638,1,13505,14344,13505,10320,8307,9158,17968,16469,8403,8263,8846,17214,17725,16126,10386,16387,2246,150,16141,1,23:59
2024-25,1630171,Isaac Okoro,Isaac,1610612739,CLE,Cleveland Cavaliers,0022400830,2025-02-25T00:00:00,CLE @ ORL,W,23.65,3.0,6.1,0.5,3.0,3.0,1.0,3.0,3.0,1.0,3.0,3.0,6.1,3.0,0.0,1.5,1.5,1.5,3.0,3.0,12.2,38.1,33.2,0,0,30.4,1,1,13086,1,13186,19331,22522,8526,6360,17562,1,7680,9860,1,5240,16571,12076,12778,16469,8308,4769,4684,10513,9086,15946,1113,12444,2246,150,13588,1,23:39
2024-25,1628449,Chris Boucher,Chris,1610612761,TOR,Toronto Raptors,0022400829,2025-02-25T00:00:00,TOR vs. BOS,L,14.25,10.1,15.2,0.667,0.0,5.1,0.0,0.0,0.0,0.0,5.1,0.0,5.1,0.0,2.5,2.5,0.0,0.0,0.0,2.5,20.2,17.7,31.3,0,0,30.3,1,13222,1,13222,20052,3106,8323,3281,15070,13064,15070,13505,14344,13505,2320,22137,14662,19908,8127,4315,8263,8846,20257,10886,7729,4676,13806,2246,150,13700,1,14:15
2024-25,202687,Bismack Biyombo,Bismack,1610612759,SAS,San Antonio Spurs,0022400833,2025-02-25T00:00:00,SAS @ NOP,L,23.01,7.8,11.0,0.714,0.0,0.0,0.0,0.0,0.0,0.0,6.3,12.5,18.8,1.6,3.1,0.0,0.0,1.6,1.6,1.6,15.6,25.0,37.4,1,0,36.0,1,13222,1,13222,13720,7024,15446,2752,15070,20945,15070,13505,14344,13505,1501,1154,738,17754,6041,12854,8263,4539,16981,14745,12268,2810,9415,1,150,9393,1,23:01
2024-25,1629731,Dean Wade,Dean,1610612739,CLE,Cleveland Cavaliers,0022400830,2025-02-25T00:00:00,CLE @ ORL,W,19.483333333333334,3.7,5.5,0.667,1.8,1.8,1.0,0.0,0.0,0.0,1.8,11.1,12.9,3.7,1.8,3.7,0.0,1.8,3.7,0.0,9.2,42.5,39.5,0,0,35.1,1,1,13086,1,16431,17849,23050,3281,10885,19835,1,13505,14344,13505,9050,1860,2851,10800,11331,1971,8263,3749,8100,17725,18869,806,8048,2246,150,10024,1,19:29
2024-25,1630230,Naji Marshall,Naji,1610612742,DAL,Dallas Mavericks,0022400835,2025-02-25T00:00:00,DAL @ LAL,L,24.0,3.0,10.5,0.286,1.5,7.5,0.2,6.0,6.0,1.0,1.5,6.0,7.5,4.5,3.0,3.0,1.5,0.0,4.5,3.0,13.5,13.5,39.8,0,0,36.0,1,13222,1,13222,12899,19415,16216,19630,12029,7397,13429,2855,4464,1,10323,8311,9165,8651,6468,3139,4855,8846,5775,9236,14501,6204,7920,2246,150,9360,1,24:00
2024-25,1630692,Jordan Goodwin,Jordan,1610612747,LAL,Los Angeles Lakers,0022400835,2025-02-25T00:00:00,LAL vs. DAL,W,5.95,0.0,12.1,0.0,0.0,6.1,0.0,6.1,12.1,0.5,6.1,6.1,12.1,0.0,6.1,0.0,6.1,0.0,0.0,6.1,6.1,-12.1,32.7,0,0,30.3,1,1,13086,1,23613,22635,13413,22635,15070,10563,15070,2817,742,10625,1590,8223,3415,19908,1350,12854,302,8846,20257,2556,21357,18773,12823,2246,150,13754,1,5:57
2024-25,1629674,Neemias Queta,Neemias,1610612738,BOS,Boston Celtics,0022400829,2025-02-25T00:00:00,BOS @ TOR,W,19.695,7.3,11.0,0.667,0.0,0.0,0.0,0.0,0.0,0.0,3.7,5.5,9.1,0.0,0.0,0.0,1.8,0.0,9.1,1.8,14.6,-1.8,31.1,0,0,27.4,1,1,13086,1,16271,8204,15413,3281,15070,20945,15070,13505,14344,13505,4112,9574,6520,19908,16469,12854,3989,8846,923,13817,13275,13935,14004,2246,150,15855,1,19:42
2024-25,1641711,Gradey Dick,Gradey,1610612761,TOR,Toronto Raptors,0022400829,2025-02-25T00:00:00,TOR vs. BOS,L,32.05,4.5,11.2,0.4,2.2,7.9,0.286,2.2,2.2,1.0,0.0,5.6,5.6,1.1,1.1,2.2,0.0,1.1,2.2,2.2,13.5,-18.0,27.5,0,0,27.0,1,13222,1,13222,5928,15803,14973,14933,9061,6683,11433,9792,11944,1,14058,9272,13249,19281,14989,5229,8263,6846,13893,11958,14531,20925,16566,2246,150,16180,1,32:03
2024-25,203507,Giannis Antetokounmpo,Giannis,1610612749,MIL,Milwaukee Bucks,0022400831,2025-02-25T00:00:00,MIL @ HOU,L,31.733333333333334,10.2,19.3,0.529,0.0,1.1,0.0,10.2,13.6,0.75,1.1,10.2,11.3,6.8,1.1,1.1,1.1,3.4,2.3,6.8,30.6,1.1,60.1,1,0,53.3,1,13222,1,13222,6208,3010,3504,8281,15070,20703,15070,647,512,8186,12230,2420,4096,4281,14910,10724,6578,989,13784,1819,1880,12057,1180,1,150,1738,1,31:44
2024-25,1631110,Jeremy Sochan,Jeremy,1610612759,SAS,San Antonio Spurs,0022400833,2025-02-25T00:00:00,SAS @ NOP,L,18.933333333333334,11.4,20.9,0.545,0.0,1.9,0.0,0.0,0.0,0.0,7.6,9.5,17.1,3.8,3.8,0.0,3.8,3.8,5.7,3.8,22.8,-32.3,56.7,0,0,51.3,1,13222,1,13222,16882,1928,2395,7695,15070,19735,15070,13505,14344,13505,908,3003,1102,10489,4310,12854,1027,730,3386,6840,5620,24069,1699,2246,150,2190,1,18:56
2024-25,1629626,Bol Bol,Bol,1610612756,PHX,Phoenix Suns,0022400832,2025-02-25T00:00:00,PHX @ MEM,L,31.695,9.1,12.5,0.727,2.3,4.5,0.5,5.7,6.8,0.833,0.0,9.1,9.1,1.1,1.1,0.0,2.3,0.0,2.3,3.4,26.1,-13.6,44.4,0,0,43.2,1,13222,1,13222,6242,4555,12738,2666,8970,14338,3944,3209,3554,7275,14058,3421,6607,19246,14903,12854,2796,8846,13769,7929,3617,19347,5458,2246,150,5065,1,31:42
2024-25,1630530,Trey Murphy III,Trey,1610612740,NOP,New Orleans Pelicans,0022400833,2025-02-25T00:00:00,NOP vs. SAS,W,36.13333333333333,9.0,20.9,0.429,3.0,10.0,0.3,3.0,4.0,0.75,2.0,2.0,4.0,4.0,3.0,2.0,2.0,1.0,1.0,2.0,23.9,-5.0,43.6,0,0,42.8,1,1,13086,1,2581,4772,2389,13735,6559,3533,11319,7846,7865,8186,8417,19686,17349,9967,6531,6282,3512,7959,19725,13114,4864,15578,5832,2246,150,5228,1,36:08
2024-25,203552,Seth Curry,Seth,1610612766,CHA,Charlotte Hornets,0022400834,2025-02-25T00:00:00,CHA @ GSW,L,16.801666666666666,10.7,21.4,0.5,8.6,12.9,0.667,0.0,2.1,0.0,2.1,2.1,4.3,2.1,2.1,2.1,2.1,2.1,2.1,0.0,30.0,-27.9,49.1,0,0,53.6,1,13222,1,13222,18384,2494,2077,8526,359,1372,1957,13505,12280,13505,7790,19234,16575,15853,9768,5626,3092,2796,14401,17725,2091,23403,3605,2246,150,1693,1,16:48
2024-25,1631109,Mark Williams,Mark,1610612766,CHA,Charlotte Hornets,0022400834,2025-02-25T00:00:00,CHA @ GSW,L,25.066666666666666,8.6,17.2,0.5,0.0,0.0,0.0,0.0,0.0,0.0,5.7,11.5,17.2,0.0,4.3,0.0,4.3,0.0,4.3,4.3,17.2,-25.9,46.5,1,0,43.1,1,13222,1,13222,11944,5407,5537,8526,15070,20945,15070,13505,14344,13505,1779,1635,1074,19908,3305,12854,756,8846,6257,5564,10591,22993,4520,1,150,5098,1,25:04
2024-25,1629660,Ty Jerome,Ty,1610612739,CLE,Cleveland Cavaliers,0022400830,2025-02-25T00:00:00,CLE @ ORL,W,21.116666666666667,11.9,20.5,0.583,6.8,10.2,0.667,3.4,3.4,1.0,0.0,3.4,3.4,3.4,5.1,1.7,0.0,0.0,5.1,1.7,34.1,34.1,43.3,0,0,51.1,1,1,13086,1,15206,1563,2667,6296,834,3238,1957,6878,9069,1,14058,15490,18761,11661,2208,7591,8263,8846,4350,14250,1118,1491,5981,2246,150,2243,1,21:07
2024-25,202681,Kyrie Irving,Kyrie,1610612742,DAL,Dallas Mavericks,0022400835,2025-02-25T00:00:00,DAL @ LAL,L,39.833333333333336,10.8,24.4,0.444,4.5,9.9,0.455,5.4,5.4,1.0,0.9,5.4,6.3,3.6,3.6,2.7,1.8,1.8,0.9,1.8,31.6,-9.0,54.6,0,0,55.1,1,13222,1,13222,605,2384,950,13045,3036,3559,7148,3509,5284,1,13893,9735,11557,11047,4749,3882,4043,3878,20141,13907,1599,17440,2069,2246,150,1442,1,39:50
2024-25,1630583,Santi Aldama,Santi,1610612763,MEM,Memphis Grizzlies,0022400832,2025-02-25T00:00:00,MEM vs. PHX,W,31.783333333333335,6.8,10.2,0.667,5.7,7.9,0.714,0.0,0.0,0.0,0.0,6.8,6.8,5.7,1.1,3.4,0.0,0.0,1.1,0.0,19.3,6.8,45.0,0,0,44.2,1,1,13086,1,6172,9430,16744,3281,1597,6575,1861,13505,14344,13505,14058,6713,10537,6116,14916,2384,8263,8846,18901,17725,8589,9236,5199,2246,150,4604,1,31:47
2024-25,1641810,Antonio Reeves,Antonio,1610612740,NOP,New Orleans Pelicans,0022400833,2025-02-25T00:00:00,NOP vs. SAS,W,3.7,9.7,19.5,0.5,9.7,19.5,0.5,0.0,0.0,0.0,0.0,0.0,0.0,0.0,0.0,0.0,9.7,0.0,0.0,0.0,29.2,38.9,58.4,0,0,58.4,1,1,13086,1,24623,3561,3369,8526,228,261,3944,13505,14344,13505,14058,22137,23286,19908,16469,12854,73,8846,20257,17725,2375,1051,1420,2246,150,977,1,3:42
2024-25,1628991,Jaren Jackson Jr.,Jaren,1610612763,MEM,Memphis Grizzlies,0022400832,2025-02-25T00:00:00,MEM vs. PHX,W,31.813333333333333,12.4,14.7,0.846,3.4,3.4,1.0,3.4,5.7,0.6,1.1,5.7,6.8,1.1,2.3,1.1,2.3,0.0,6.8,7.9,31.7,-2.3,49.5,0,0,49.8,1,1,13086,1,6150,1274,9037,1505,5392,16872,1,6909,4966,10343,12247,9148,10554,19256,9247,10751,2815,8846,2157,1067,1587,14184,3440,2246,150,2590,1,31:49
2024-25,1627741,Buddy Hield,Buddy,1610612744,GSW,Golden State Warriors,0022400834,2025-02-25T00:00:00,GSW vs. CHA,W,19.533333333333335,11.1,20.3,0.545,7.4,16.6,0.444,0.0,1.8,0.0,1.8,1.8,3.7,1.8,3.7,3.7,0.0,0.0,0.0,1.8,29.5,31.3,44.0,0,0,49.8,1,1,13086,1,16387,2214,2787,7695,644,449,7211,13505,13124,13505,9077,20127,18102,16957,4580,1987,8263,8846,20257,13760,2267,1795,5641,2246,150,2596,1,19:32
2024-25,1628401,Derrick White,Derrick,1610612738,BOS,Boston Celtics,0022400829,2025-02-25T00:00:00,BOS @ TOR,W,37.87166666666667,6.7,14.3,0.467,5.7,10.5,0.545,1.9,1.9,1.0,0.0,2.9,2.9,4.8,1.9,2.9,1.9,1.0,1.9,2.9,20.9,4.8,43.8,0,0,43.7,1,1,13086,1,1461,9818,9756,12249,1556,3021,3863,10945,12972,1,14058,17234,20113,8042,11036,3545,3761,8339,15666,9768,7151,10253,5755,2246,150,4820,1,37:52
2024-25,1627780,Gary Payton II,Gary,1610612744,GSW,Golden State Warriors,0022400834,2025-02-25T00:00:00,GSW vs. CHA,W,14.313333333333333,15.1,22.6,0.667,5.0,5.0,1.0,0.0,0.0,0.0,0.0,5.0,5.0,10.1,0.0,2.5,0.0,0.0,0.0,0.0,35.2,27.7,63.9,0,0,60.4,1,1,13086,1,20013,480,1531,3281,2235,13132,1,13505,14344,13505,14058,10790,14722,1405,16469,4337,8263,8846,20257,17725,933,2315,793,2246,150,796,1,14:19
2024-25,1630578,Alperen Sengun,Alperen,1610612745,HOU,Houston Rockets,0022400831,2025-02-25T00:00:00,HOU vs. MIL,W,35.14333333333333,8.2,16.4,0.5,0.0,0.0,0.0,7.2,9.2,0.778,3.1,8.2,11.3,3.1,1.0,0.0,3.1,0.0,2.0,6.1,23.6,14.3,49.9,1,0,44.0,1,1,13086,1,3356,6217,6558,8526,15070,20945,15070,1892,1757,8092,5184,4429,4177,12683,15678,12854,1606,8846,14884,2450,5085,5881,3300,1,150,4670,1,35:09
2024-25,1629029,Luka Dončić,Luka,1610612747,LAL,Los Angeles Lakers,0022400835,2025-02-25T00:00:00,LAL vs. DAL,W,35.3,6.1,17.3,0.353,1.0,7.1,0.143,6.1,8.2,0.75,2.0,13.3,15.3,12.2,2.0,3.1,2.0,3.1,2.0,4.1,19.4,8.2,69.3,1,1,58.1,1,1,13086,1,3234,11164,5410,17268,14419,8166,14649,2760,2403,8186,8206,937,1650,669,10300,3027,3368,1275,14919,6094,8485,8545,457,1,1,1010,1,35:18
2024-25,1626220,Royce O'Neale,Royce,1610612756,PHX,Phoenix Suns,0022400832,2025-02-25T00:00:00,PHX @ MEM,L,14.593333333333334,7.4,12.3,0.6,7.4,9.9,0.75,2.5,4.9,0.5,4.9,4.9,9.9,2.5,0.0,2.5,0.0,0.0,0.0,2.5,24.7,4.9,47.6,0,0,49.3,1,13222,1,13222,19831,8012,13022,5394,633,3641,1542,9146,6061,10625,2434,11075,5578,14659,16469,4484,8263,8846,20257,11111,4379,10145,4108,2246,150,2720,1,14:36
2024-25,1626164,Devin Booker,Devin,1610612756,PHX,Phoenix Suns,0022400832,2025-02-25T00:00:00,PHX @ MEM,L,34.983333333333334,12.3,20.6,0.6,2.1,4.1,0.5,2.1,2.1,1.0,2.1,1.0,3.1,10.3,5.1,0.0,0.0,0.0,6.2,2.1,28.8,3.1,42.8,1,0,44.2,1,13222,1,13222,3475,1328,2587,5394,9880,15308,3944,10445,12561,1,8124,21919,19507,1290,2176,12854,8263,8846,2731,12808,2481,11068,6217,1,150,4575,1,34:59
2024-25,203957,Danté Exum,Danté,1610612742,DAL,Dallas Mavericks,0022400835,2025-02-25T00:00:00,DAL @ LAL,L,11.463333333333333,9.4,28.3,0.333,6.3,22.0,0.286,0.0,0.0,0.0,0.0,9.4,9.4,3.1,0.0,0.0,0.0,0.0,0.0,3.1,25.1,9.4,41.1,0,0,44.0,1,13222,1,13222,21500,3992,377,17395,1126,175,11433,13505,14344,13505,14058,3094,6152,12507,16469,12854,8263,8846,20257,8762,4159,7979,7093,2246,150,4706,1,11:28
2024-25,203110,Draymond Green,Draymond,1610612744,GSW,Golden State Warriors,0022400834,2025-02-25T00:00:00,GSW vs. CHA,W,22.95,9.4,18.8,0.5,1.6,7.8,0.2,3.1,3.1,1.0,1.6,7.8,9.4,9.4,1.6,4.7,3.1,0.0,3.1,4.7,23.5,22.0,70.9,0,0,59.6,1,1,13086,1,13753,4005,3906,8526,11795,6733,13429,7461,9632,1,10049,4954,6164,1752,12466,1081,1535,8846,10142,4704,5106,3464,404,2246,150,860,1,22:57
2024-25,201939,Stephen Curry,Stephen,1610612744,GSW,Golden State Warriors,0022400834,2025-02-25T00:00:00,GSW vs. CHA,W,23.65,9.1,21.3,0.429,3.0,13.7,0.222,1.5,1.5,1.0,0.0,6.1,6.1,9.1,3.0,1.5,0.0,1.5,3.0,1.5,22.8,39.6,45.4,0,0,44.1,1,1,13086,1,13186,4474,2150,13735,6360,1022,13288,11747,13464,1,14058,8129,12076,1908,6297,8308,8263,4684,10513,14911,5607,1010,5005,2246,150,4620,1,23:39
2024-25,1628995,Kevin Knox II,Kevin,1610612744,GSW,Golden State Warriors,0022400834,2025-02-25T00:00:00,GSW vs. CHA,W,14.733333333333333,9.8,17.1,0.571,4.9,9.8,0.5,4.9,4.9,1.0,4.9,7.3,12.2,7.3,0.0,2.4,4.9,0.0,2.4,2.4,29.3,12.2,77.0,0,0,68.4,1,1,13086,1,19747,3506,5695,6538,2427,3749,3944,4209,6135,1,2470,5780,3332,3586,16469,4552,545,8846,13011,11186,2335,6706,261,2246,150,361,1,14:44
2024-25,1629630,Ja Morant,Ja,1610612763,MEM,Memphis Grizzlies,0022400832,2025-02-25T00:00:00,MEM vs. PHX,W,37.37,6.7,24.1,0.28,1.0,11.6,0.083,13.5,13.5,1.0,0.0,3.9,3.9,7.7,4.8,1.9,0.0,1.9,4.8,7.7,27.9,5.8,45.1,0,0,44.3,1,1,13086,1,1758,9589,1034,20023,14735,2059,15068,238,535,1,14058,14173,17698,3179,2555,6638,8263,3461,5018,1194,2815,9715,5138,2246,150,4549,1,37:22
2024-25,1629048,Goga Bitadze,Goga,1610612753,ORL,Orlando Magic,0022400830,2025-02-25T00:00:00,ORL vs. CLE,L,7.616666666666666,0.0,0.0,0.0,0.0,0.0,0.0,4.7,9.5,0.5,0.0,4.7,4.7,0.0,0.0,0.0,4.7,0.0,4.7,4.7,4.7,-37.8,24.6,0,0,18.9,1,13222,1,13222,22943,22635,24836,22635,15070,20945,15070,4466,1631,10625,14058,11623,15490,19908,16469,12854,605,8846,5219,4664,22168,24678,18556,2246,150,21427,1,7:37
2024-25,1631115,Orlando Robinson,Orlando,1610612761,TOR,Toronto Raptors,0022400829,2025-02-25T00:00:00,TOR vs. BOS,L,13.728333333333333,5.2,5.2,1.0,0.0,0.0,0.0,0.0,0.0,0.0,0.0,5.2,5.2,2.6,7.9,0.0,0.0,0.0,0.0,2.6,10.5,-10.5,12.8,0,0,18.4,1,13222,1,13222,20347,13685,23294,1,15070,20945,15070,13505,14344,13505,14058,10174,14174,14148,620,12854,8263,8846,20257,10575,17672,18099,23810,2246,150,21685,1,13:44
2024-25,1631095,Jabari Smith Jr.,Jabari,1610612745,HOU,Houston Rockets,0022400831,2025-02-25T00:00:00,HOU vs. MIL,W,33.333333333333336,4.3,10.8,0.4,1.1,5.4,0.2,4.3,4.3,1.0,6.5,2.2,8.6,0.0,3.2,0.0,0.0,0.0,1.1,2.2,14.0,-7.6,21.2,0,0,23.8,1,1,13086,1,4870,16270,15695,14933,14069,12211,13429,5117,7164,1,1379,19178,7244,19908,5699,12854,8263,8846,19215,12342,13892,16760,20610,2246,150,18488,1,33:20
2024-25,203914,Gary Harris,Gary,1610612753,ORL,Orlando Magic,0022400830,2025-02-25T00:00:00,ORL vs. CLE,L,11.15,0.0,9.7,0.0,0.0,3.2,0.0,0.0,0.0,0.0,0.0,0.0,0.0,0.0,0.0,3.2,0.0,3.2,0.0,0.0,0.0,-61.3,9.7,0,0,6.5,1,13222,1,13222,21645,22635,17601,22635,15070,17213,15070,13505,14344,13505,14058,22137,23286,19908,16469,2678,8263,1126,20257,17725,23200,25723,24467,2246,150,24950,1,11:09
2024-25,1629111,Jock Landale,Jock,1610612745,HOU,Houston Rockets,0022400831,2025-02-25T00:00:00,HOU vs. MIL,W,8.566666666666666,0.0,16.8,0.0,0.0,4.2,0.0,0.0,0.0,0.0,0.0,4.2,4.2,0.0,0.0,0.0,0.0,0.0,4.2,0.0,0.0,-37.8,5.0,0,0,4.2,1,1,13086,1,22608,22635,6026,22635,15070,15112,15070,13505,14344,13505,14058,13111,16795,19908,16469,12854,8263,8846,6544,17725,23200,24679,25003,2246,150,25172,1,8:34
2024-25,1642346,Ryan Dunn,Ryan,1610612756,PHX,Phoenix Suns,0022400832,2025-02-25T00:00:00,PHX @ MEM,L,6.195,0.0,5.8,0.0,0.0,0.0,0.0,0.0,0.0,0.0,5.8,0.0,5.8,0.0,0.0,0.0,0.0,0.0,5.8,5.8,0.0,-17.4,7.0,0,0,5.8,1,13222,1,13222,23522,22635,22800,22635,15070,20945,15070,13505,14344,13505,1736,22137,12742,19908,16469,12854,8263,8846,3201,2881,23200,20757,24824,2246,150,25024,1,6:12
2024-25,1641783,Tristan da Silva,Tristan,1610612753,ORL,Orlando Magic,0022400830,2025-02-25T00:00:00,ORL vs. CLE,L,21.033333333333335,0.0,8.6,0.0,0.0,6.8,0.0,0.0,0.0,0.0,1.7,1.7,3.4,1.7,1.7,0.0,1.7,0.0,3.4,0.0,0.0,-44.5,10.1,0,0,8.6,1,13222,1,13222,15267,22635,19410,22635,15070,8787,15070,13505,14344,13505,9537,20432,18723,17331,11872,12854,4266,8846,8988,17725,23200,25150,24397,2246,150,24673,1,21:02
2024-25,1630182,Josh Green,Josh,1610612766,CHA,Charlotte Hornets,0022400834,2025-02-25T00:00:00,CHA @ GSW,L,24.7,2.9,5.8,0.5,2.9,4.4,0.667,0.0,0.0,0.0,0.0,1.5,1.5,4.4,0.0,1.5,1.5,0.0,0.0,0.0,8.7,-20.4,25.8,0,0,23.3,1,13222,1,13222,12272,19617,22783,8526,6814,14752,1957,13505,14344,13505,14058,20972,22625,8954,16469,8592,5012,8846,20257,17725,19305,21676,17751,2246,150,18788,1,24:42
2024-25,1629216,Gabe Vincent,Gabe,1610612747,LAL,Los Angeles Lakers,0022400835,2025-02-25T00:00:00,LAL vs. DAL,W,16.166666666666668,2.2,13.4,0.167,0.0,8.9,0.0,0.0,0.0,0.0,0.0,0.0,0.0,0.0,2.2,2.2,0.0,0.0,2.2,0.0,4.5,-4.5,8.9,0,0,8.9,1,1,13086,1,18815,20989,11202,21938,15070,4957,15070,13505,14344,13505,14058,22137,23286,19908,9395,5284,8263,8846,13976,17725,22317,15303,24584,2246,150,24626,1,16:10
2024-25,1630573,Sam Hauser,Sam,1610612738,BOS,Boston Celtics,0022400829,2025-02-25T00:00:00,BOS @ TOR,W,39.63333333333333,3.6,5.4,0.667,1.8,3.6,0.5,0.0,0.0,0.0,1.8,2.7,4.5,0.0,0.9,0.9,0.9,0.0,2.7,0.0,9.1,17.3,19.1,0,0,19.1,1,1,13086,1,674,18002,23121,3281,11010,16371,3944,13505,14344,13505,9180,17624,15946,19908,16328,12629,8054,8846,11936,17725,18993,4822,21596,2246,150,21363,1,39:38
2024-25,1630572,Sandro Mamukelashvili,Sandro,1610612759,SAS,San Antonio Spurs,0022400833,2025-02-25T00:00:00,SAS @ NOP,L,12.466666666666667,2.9,17.3,0.167,0.0,14.4,0.0,0.0,0.0,0.0,0.0,2.9,2.9,2.9,2.9,2.9,2.9,0.0,5.8,2.9,5.8,-11.6,28.0,0,0,23.1,1,13222,1,13222,21015,19685,5424,21938,15070,816,15070,13505,14344,13505,14058,17121,20021,13319,6889,3440,1837,8846,3262,9626,21546,18548,16227,2246,150,18933,1,12:28
2024-25,203915,Spencer Dinwiddie,Spencer,1610612742,DAL,Dallas Mavericks,0022400835,2025-02-25T00:00:00,DAL @ LAL,L,26.533333333333335,4.1,10.9,0.375,2.7,5.4,0.5,1.4,1.4,1.0,0.0,1.4,1.4,4.1,0.0,0.0,1.4,0.0,0.0,1.4,12.2,0.0,24.0,0,0,23.1,1,13222,1,13222,10701,16928,15599,16299,7499,12148,3944,12147,13655,1,14058,21173,22753,9742,16469,12854,5420,8846,20257,15638,15914,12240,18933,2246,150,18969,1,26:32
2024-25,1642274,Yves Missi,Yves,1610612740,NOP,New Orleans Pelicans,0022400833,2025-02-25T00:00:00,NOP vs. SAS,W,28.276666666666667,5.1,10.2,0.5,0.0,0.0,0.0,2.5,2.5,1.0,6.4,7.6,14.0,0.0,1.3,1.3,1.3,0.0,5.1,3.8,12.7,-11.5,35.9,1,0,31.8,1,1,13086,1,9322,14116,16764,8526,15070,20945,15070,8928,11094,1,1443,5258,2238,19908,13949,9630,5777,8846,4399,6793,15356,18510,10432,1,150,12513,1,28:17
2024-25,1630559,Austin Reaves,Austin,1610612747,LAL,Los Angeles Lakers,0022400835,2025-02-25T00:00:00,LAL vs. DAL,W,37.7,4.8,11.5,0.417,2.9,7.6,0.375,6.7,7.6,0.875,0.0,2.9,2.9,4.8,1.0,0.0,0.0,1.0,1.9,4.8,19.1,15.3,28.7,0,0,29.6,1,1,13086,1,1568,15037,14549,14532,7008,7106,8800,2252,2782,6931,14058,17198,20087,7989,16116,12854,8263,8299,15622,4561,8760,5513,15684,2246,150,14244,1,37:42
2024-25,1628378,Donovan Mitchell,Donovan,1610612739,CLE,Cleveland Cavaliers,0022400830,2025-02-25T00:00:00,CLE @ ORL,W,23.233333333333334,7.7,18.6,0.417,1.5,6.2,0.25,0.0,0.0,0.0,1.5,3.1,4.6,7.7,3.1,0.0,0.0,0.0,1.5,1.5,17.0,24.8,31.1,0,0,31.0,1,1,13086,1,13518,7173,4127,14532,11863,10202,11902,13505,14344,13505,10121,16410,15705,3136,6129,12854,8263,8846,17050,14806,10803,2864,13950,2246,150,13174,1,23:14
2024-25,1641708,Amen Thompson,Amen,1610612745,HOU,Houston Rockets,0022400831,2025-02-25T00:00:00,HOU vs. MIL,W,34.46666666666667,4.2,8.4,0.5,0.0,0.0,0.0,1.0,2.1,0.5,3.1,6.3,9.4,6.3,2.1,1.0,2.1,0.0,3.1,1.0,9.4,-1.0,37.4,0,0,31.3,1,1,13086,1,3877,16650,19713,8526,15070,20945,15070,13097,12456,10625,5070,7758,6184,5069,10051,11542,3236,8846,10154,17195,18725,13567,9414,2246,150,12904,1,34:28
2024-25,1630579,Jericho Sims,Jericho,1610612749,MIL,Milwaukee Bucks,0022400831,2025-02-25T00:00:00,MIL @ HOU,L,12.733333333333333,0.0,0.0,0.0,0.0,0.0,0.0,0.0,0.0,0.0,0.0,8.5,8.5,0.0,0.0,0.0,2.8,0.0,8.5,0.0,0.0,-25.4,18.7,0,0,14.1,1,13222,1,13222,20878,22635,24836,22635,15070,20945,15070,13505,14344,13505,14058,4070,7500,19908,16469,12854,1913,8846,1143,17725,23200,22905,21814,2246,150,23381,1,12:44
2024-25,1629634,Brandon Clarke,Brandon,1610612763,MEM,Memphis Grizzlies,0022400832,2025-02-25T00:00:00,MEM vs. PHX,W,20.908333333333335,10.3,17.2,0.6,0.0,0.0,0.0,3.4,5.2,0.667,5.2,3.4,8.6,3.4,0.0,0.0,1.7,1.7,5.2,5.2,24.1,8.6,44.8,0,0,39.6,1,1,13086,1,15356,2892,5556,5394,15070,20945,15070,6807,5653,9425,2234,15395,7297,11575,16469,12854,4247,4090,4258,3825,4729,8358,5296,2246,150,7016,1,20:55
2024-25,1642347,Jamal Shead,Jamal,1610612761,TOR,Toronto Raptors,0022400829,2025-02-25T00:00:00,TOR vs. BOS,L,18.433333333333334,5.9,9.8,0.6,0.0,3.9,0.0,0.0,0.0,0.0,2.0,2.0,3.9,11.7,2.0,0.0,2.0,0.0,3.9,0.0,11.7,-15.6,37.9,0,0,31.2,1,13222,1,13222,17258,11924,17445,5394,15070,15771,15070,13505,14344,13505,8605,19816,17552,784,10767,12854,3621,8846,7424,17725,16427,20129,9093,2246,150,12965,1,18:26
2024-25,1626145,Tyus Jones,Tyus,1610612756,PHX,Phoenix Suns,0022400832,2025-02-25T00:00:00,PHX @ MEM,L,12.23,2.9,8.8,0.333,2.9,8.8,0.333,0.0,0.0,0.0,0.0,8.8,8.8,8.8,5.9,0.0,0.0,0.0,0.0,0.0,8.8,8.8,26.8,0,0,29.4,1,13222,1,13222,21142,19546,18969,17395,6710,5054,9209,13505,14344,13505,14058,3686,6972,2149,1468,12854,8263,8846,20257,17725,19244,8255,17093,2246,150,14375,1,12:14
2024-25,1629640,Keldon Johnson,Keldon,1610612759,SAS,San Antonio Spurs,0022400833,2025-02-25T00:00:00,SAS @ NOP,L,24.35,5.9,10.3,0.571,3.0,5.9,0.5,1.5,3.0,0.5,1.5,4.4,5.9,0.0,3.0,3.0,0.0,0.0,4.4,1.5,16.3,-13.3,29.3,0,0,31.0,1,13222,1,13222,12606,11766,16465,6538,6657,10909,3944,11832,10077,10625,10399,12436,12491,19908,6625,3255,8263,8846,5929,15096,11642,19230,15306,2246,150,13122,1,24:21
2024-25,1631255,Karlo Matković,Karlo,1610612740,NOP,New Orleans Pelicans,0022400833,2025-02-25T00:00:00,NOP vs. SAS,W,17.766666666666666,4.1,4.1,1.0,2.0,2.0,1.0,6.1,8.1,0.75,0.0,4.1,4.1,0.0,2.0,0.0,0.0,0.0,4.1,4.1,16.2,24.3,19.0,0,0,22.3,1,1,13086,1,17729,16963,24075,1,10031,19509,1,2793,2441,8186,14058,13565,17178,19908,10389,12854,8263,8846,6989,6161,11717,2961,21617,2246,150,19493,1,17:46
2024-25,1641722,Jordan Hawkins,Jordan,1610612740,NOP,New Orleans Pelicans,0022400833,2025-02-25T00:00:00,NOP vs. SAS,W,23.833333333333332,7.6,19.6,0.385,1.5,10.6,0.143,1.5,1.5,1.0,0.0,6.0,6.0,0.0,3.0,1.5,1.5,1.5,1.5,0.0,18.1,6.0,31.4,0,0,31.7,1,1,13086,1,13048,7634,3233,16070,11993,2907,14649,11775,13477,1,14058,8244,12185,19908,6389,8366,4806,4736,17169,17725,9706,9593,13732,2246,150,12606,1,23:50
2024-25,1630577,Julian Champagnie,Julian,1610612759,SAS,San Antonio Spurs,0022400833,2025-02-25T00:00:00,SAS @ NOP,L,14.59,2.5,12.3,0.2,0.0,7.4,0.0,0.0,0.0,0.0,2.5,2.5,4.9,2.5,0.0,4.9,0.0,2.5,0.0,0.0,4.9,-29.6,29.4,0,0,22.2,1,13222,1,13222,19835,20517,13014,21401,15070,7611,15070,13505,14344,13505,6723,18273,14963,14656,16469,931,8263,2093,20257,17725,22041,23673,15237,2246,150,19552,1,14:35
2024-25,1630311,Pat Spencer,Pat,1610612744,GSW,Golden State Warriors,0022400834,2025-02-25T00:00:00,GSW vs. CHA,W,10.116666666666667,10.7,32.0,0.333,0.0,7.1,0.0,0.0,0.0,0.0,14.2,3.6,17.8,0.0,0.0,0.0,0.0,7.1,0.0,0.0,21.4,-3.6,42.7,0,0,39.1,1,1,13086,1,22067,2538,202,17395,15070,8223,15070,13505,14344,13505,154,15060,946,19908,16469,12854,8263,148,20257,17725,6771,14822,6270,2246,150,7300,1,10:07
2024-25,203482,Kelly Olynyk,Kelly,1610612740,NOP,New Orleans Pelicans,0022400833,2025-02-25T00:00:00,NOP vs. SAS,W,23.066666666666666,1.6,9.4,0.167,0.0,3.1,0.0,6.2,7.8,0.8,7.8,10.9,18.7,4.7,1.6,1.6,1.6,0.0,4.7,6.2,9.4,-9.4,46.7,0,0,39.0,1,1,13086,1,13659,22093,18177,21938,15070,17415,15070,2638,2663,7681,845,1944,748,8225,12505,8151,4671,8846,5332,2339,18765,17613,4460,2246,150,7367,1,23:04
2024-25,1627827,Dorian Finney-Smith,Dorian,1610612747,LAL,Los Angeles Lakers,0022400835,2025-02-25T00:00:00,LAL vs. DAL,W,28.39666666666667,1.3,7.6,0.167,0.0,3.8,0.0,0.0,0.0,0.0,5.1,5.1,10.1,2.5,1.3,2.5,1.3,3.8,0.0,0.0,2.5,-1.3,28.7,0,0,22.8,1,1,13086,1,9219,22433,20781,21938,15070,15988,15070,13505,14344,13505,2302,10661,5279,14420,13985,4284,5811,729,20257,17725,23066,13703,15765,2246,150,19127,1,28:24
2024-25,201142,Kevin Durant,Kevin,1610612756,PHX,Phoenix Suns,0022400832,2025-02-25T00:00:00,PHX @ MEM,L,42.583333333333336,6.8,16.1,0.421,2.5,5.9,0.429,5.9,5.9,1.0,0.0,6.8,6.8,5.9,3.4,0.8,0.0,0.0,0.8,5.9,22.0,-7.6,38.1,0,0,38.9,1,13222,1,13222,194,9522,7035,14442,8025,10894,7394,2950,4590,1,14058,6765,10611,5644,5282,12797,8263,8846,20218,2730,6236,16790,8941,2246,150,7456,1,42:35
2024-25,1642354,KJ Simpson,KJ,1610612766,CHA,Charlotte Hornets,0022400834,2025-02-25T00:00:00,CHA @ GSW,L,35.60333333333333,7.1,18.2,0.389,1.0,7.1,0.143,1.0,1.0,1.0,4.0,2.0,6.1,2.0,3.0,2.0,0.0,1.0,1.0,4.0,16.2,-30.3,29.5,0,0,29.3,1,13222,1,13222,2990,8746,4459,16009,14481,8298,14649,13210,14204,1,3544,19588,12130,16293,6344,6150,8263,7817,19640,6195,11757,23789,15126,2246,150,14460,1,35:36
2024-25,203081,Damian Lillard,Damian,1610612749,MIL,Milwaukee Bucks,0022400831,2025-02-25T00:00:00,MIL @ HOU,L,36.88666666666666,6.8,21.5,0.318,3.9,10.7,0.364,3.9,4.9,0.8,0.0,1.0,1.0,2.9,2.9,1.0,0.0,1.0,0.0,4.9,21.5,2.0,27.0,0,0,31.2,1,13222,1,13222,2068,9344,2054,19142,4191,2747,9100,5873,6156,7681,14058,22006,23227,13175,6732,12162,8263,8138,20257,4334,6671,11648,16914,2246,150,12974,1,36:53
2024-25,1631248,Baylor Scheierman,Baylor,1610612738,BOS,Boston Celtics,0022400829,2025-02-25T00:00:00,BOS @ TOR,W,10.6,3.4,13.6,0.25,0.0,3.4,0.0,0.0,0.0,0.0,3.4,3.4,6.8,0.0,0.0,0.0,0.0,0.0,0.0,3.4,6.8,6.8,14.9,0,0,13.6,1,1,13086,1,21875,18546,10847,20233,15070,16869,15070,13505,14344,13505,4548,15531,10541,19908,16469,12854,8263,8846,20257,7959,20863,9239,23200,2246,150,23533,1,10:36
2024-25,1628371,Jonathan Isaac,Jonathan,1610612753,ORL,Orlando Magic,0022400830,2025-02-25T00:00:00,ORL vs. CLE,L,13.666666666666666,0.0,7.9,0.0,0.0,5.3,0.0,5.3,5.3,1.0,10.5,2.6,13.2,2.6,0.0,5.3,0.0,2.6,0.0,2.6,5.3,-21.1,40.8,0,0,31.6,1,13222,1,13222,20381,22635,20411,22635,15070,12545,15070,3692,5506,1,340,17869,2688,14101,16469,753,8263,1827,20257,10533,21868,21848,7263,2246,150,12695,1,13:40
2024-25,1642367,Jonathan Mogbo,Jonathan,1610612761,TOR,Toronto Raptors,0022400829,2025-02-25T00:00:00,TOR vs. BOS,L,21.905,3.3,6.6,0.5,0.0,3.3,0.0,0.0,0.0,0.0,1.6,4.9,6.6,3.3,3.3,3.3,0.0,0.0,1.6,3.3,6.6,-23.0,26.0,0,0,23.0,1,13222,1,13222,14578,18788,22038,8526,15070,17096,15070,13505,14344,13505,9773,11085,11013,12034,5538,2589,8263,8846,16738,8290,21006,22338,17639,2246,150,19016,1,21:54
2024-25,1630175,Cole Anthony,Cole,1610612753,ORL,Orlando Magic,0022400830,2025-02-25T00:00:00,ORL vs. CLE,L,20.633333333333333,3.5,10.5,0.333,3.5,5.2,0.667,0.0,0.0,0.0,1.7,7.0,8.7,7.0,0.0,0.0,0.0,1.7,1.7,0.0,10.5,-19.2,31.4,0,0,29.7,1,13222,1,13222,15533,18349,16278,17395,5165,12625,1957,13505,14344,13505,9434,6394,7134,4024,16469,12854,8263,4036,16388,17725,17692,21303,13746,2246,150,14193,1,20:38
2024-25,1629628,RJ Barrett,RJ,1610612761,TOR,Toronto Raptors,0022400829,2025-02-25T00:00:00,TOR vs. BOS,L,32.81666666666667,11.0,17.6,0.625,1.1,5.5,0.2,1.1,2.2,0.5,1.1,7.7,8.8,3.3,4.4,1.1,0.0,1.1,2.2,2.2,24.1,-16.5,38.5,0,0,39.5,1,13222,1,13222,5319,2280,5203,4899,13955,11988,13429,12914,12110,10625,12487,5193,7066,12018,3161,11043,8263,7067,14127,12185,4716,20429,8712,2246,150,7075,1,32:49
2024-25,201566,Russell Westbrook,Russell,1610612743,DEN,Denver Nuggets,0022400822,2025-02-24T00:00:00,DEN @ IND,W,23.383333333333333,3.1,12.3,0.25,0.0,4.6,0.0,4.6,6.2,0.75,0.0,4.6,4.6,7.7,4.6,0.0,0.0,1.5,4.6,3.1,10.8,-7.7,23.2,0,0,23.1,1,1,13086,1,13392,19253,13049,20233,15070,14156,15070,4650,4277,8186,14058,11931,15776,3187,2821,12854,8263,4624,5495,8960,17391,16826,19412,2246,150,18946,1,23:23
2024-25,1630178,Tyrese Maxey,Tyrese,1610612755,PHI,Philadelphia 76ers,0022400823,2025-02-24T00:00:00,PHI vs. CHI,L,28.826666666666668,3.7,12.5,0.3,1.2,2.5,0.5,7.5,8.7,0.857,0.0,0.0,0.0,2.5,2.5,0.0,1.2,0.0,2.5,5.0,16.2,-33.7,21.2,0,0,22.5,1,13222,1,13222,8824,17719,12744,19363,13105,18625,3944,1672,2023,7071,14058,22137,23286,14549,8252,12854,5903,8846,12807,4126,11681,24266,20580,2246,150,19375,1,28:50
2024-25,1641739,Toumani Camara,Toumani,1610612757,POR,Portland Trail Blazers,0022400827,2025-02-24T00:00:00,POR @ UTA,W,36.233333333333334,4.0,10.9,0.364,0.0,2.0,0.0,0.0,0.0,0.0,4.0,4.0,7.9,3.0,1.0,1.0,1.0,0.0,4.0,2.0,7.9,13.9,26.9,0,0,22.9,1,1,13086,1,2511,17150,15479,16861,15070,19581,15070,13505,14344,13505,3631,13805,8371,12998,15896,12013,7513,8846,7208,13139,19965,6047,17006,2246,150,19104,1,36:14
2024-25,1630549,Day'Ron Sharpe,Day'Ron,1610612751,BKN,Brooklyn Nets,0022400824,2025-02-24T00:00:00,BKN @ WAS,L,17.166666666666668,4.2,8.4,0.5,0.0,0.0,0.0,6.3,12.6,0.5,4.2,8.4,12.6,4.2,4.2,0.0,0.0,2.1,6.3,8.4,14.7,8.4,31.9,0,0,31.5,1,13222,1,13222,18157,16609,19653,8526,15070,20945,15070,2604,657,10625,3308,4171,3076,9403,3514,12854,8263,2930,2614,865,13213,8446,13418,2246,150,12807,1,17:10
2024-25,1641763,Julian Phillips,Julian,1610612741,CHI,Chicago Bulls,0022400823,2025-02-24T00:00:00,CHI @ PHI,W,20.666666666666668,3.5,13.9,0.25,0.0,5.2,0.0,7.0,10.5,0.667,3.5,1.7,5.2,0.0,0.0,1.7,0.0,1.7,1.7,7.0,13.9,-7.0,25.4,0,0,22.6,1,1,13086,1,15515,18357,10266,20233,15070,12645,15070,2025,1205,9425,4399,20375,14220,19908,16469,7479,8263,4049,16409,1677,14006,16493,17970,2246,150,19247,1,20:40
2024-25,1628365,Markelle Fultz,Markelle,1610612758,SAC,Sacramento Kings,0022400828,2025-02-24T00:00:00,SAC vs. CHA,W,18.198333333333334,4.0,13.8,0.286,2.0,4.0,0.5,0.0,0.0,0.0,2.0,4.0,5.9,2.0,5.9,5.9,0.0,2.0,5.9,2.0,9.9,23.7,31.8,0,0,31.7,1,1,13086,1,17447,17192,10423,19630,10253,15666,3944,13505,14344,13505,8484,13851,12440,16450,1424,493,8263,3290,3032,13171,18266,3082,13442,2246,150,12666,1,18:12
2024-25,1630592,Jalen Wilson,Jalen,1610612751,BKN,Brooklyn Nets,0022400824,2025-02-24T00:00:00,BKN @ WAS,L,21.933333333333334,3.3,14.8,0.222,3.3,13.1,0.25,0.0,1.6,0.0,0.0,3.3,3.3,3.3,1.6,1.6,0.0,1.6,8.2,0.0,9.8,9.8,22.0,0,0,23.0,1,13222,1,13222,14543,18798,8949,21205,5726,1234,11902,13505,13350,13505,14058,15842,19031,12045,12177,7846,8263,4326,1268,17725,18313,7767,20152,2246,150,19033,1,21:56
2024-25,1629639,Tyler Herro,Tyler,1610612748,MIA,Miami Heat,0022400825,2025-02-24T00:00:00,MIA @ ATL,L,35.483333333333334,4.1,19.3,0.211,0.0,9.1,0.0,3.0,3.0,1.0,0.0,6.1,6.1,3.0,4.1,2.0,0.0,1.0,0.0,1.0,11.2,-4.1,25.1,0,0,24.3,1,13222,1,13222,3087,16955,3523,21398,15070,4630,15070,7683,9863,1,14058,8132,12080,12782,3764,6116,8263,7777,20257,17336,17026,15097,18243,2246,150,18109,1,35:29
2024-25,1629611,Terance Mann,Terance,1610612737,ATL,Atlanta Hawks,0022400825,2025-02-24T00:00:00,ATL vs. MIA,W,26.133333333333333,8.3,12.4,0.667,2.8,6.9,0.4,1.4,4.1,0.333,1.4,1.4,2.8,2.8,4.1,1.4,0.0,0.0,2.8,1.4,20.7,8.3,28.1,0,0,31.7,1,1,13086,1,11058,6050,12901,3281,7364,8694,7874,12079,7563,13132,10846,21134,20345,13733,3603,9025,8263,8846,11817,15538,7345,8504,16137,2246,150,12639,1,26:08
2024-25,1630703,Scoot Henderson,Scoot,1610612757,POR,Portland Trail Blazers,0022400827,2025-02-24T00:00:00,POR @ UTA,W,30.083333333333332,8.4,18.0,0.467,3.6,9.6,0.375,0.0,0.0,0.0,2.4,3.6,6.0,7.2,7.2,1.2,0.0,0.0,2.4,2.4,20.3,3.6,34.7,0,0,39.5,1,1,13086,1,7702,5841,4751,12249,4940,4010,8800,13505,14344,13505,6944,14950,12322,3791,824,10202,8263,8846,13248,11380,7621,10858,11288,2246,150,7076,1,30:05
2024-25,1630163,LaMelo Ball,LaMelo,1610612766,CHA,Charlotte Hornets,0022400828,2025-02-24T00:00:00,CHA @ SAC,L,28.583333333333332,3.8,16.4,0.231,1.3,8.8,0.143,7.6,7.6,1.0,3.8,3.8,7.6,11.3,3.8,1.3,0.0,0.0,5.0,6.3,16.4,-40.3,42.4,0,0,39.0,1,13222,1,13222,9046,17623,6580,21157,13037,5072,14649,1635,2846,1,3917,14393,9056,887,4374,9723,8263,8846,4527,2284,11527,24860,6401,2246,150,7357,1,28:35
2024-25,1630174,Aaron Nesmith,Aaron,1610612754,IND,Indiana Pacers,0022400822,2025-02-24T00:00:00,IND vs. DEN,L,32.99666666666667,5.5,10.9,0.5,2.2,6.5,0.333,5.5,5.5,1.0,0.0,4.4,4.4,0.0,2.2,1.1,2.2,1.1,1.1,2.2,18.5,1.1,31.4,0,0,31.6,1,13222,1,13222,5153,13119,15511,8526,9307,9436,9209,3471,5243,1,14058,12616,16375,19908,9587,11094,2986,7135,19152,12239,9272,12083,13729,2246,150,12681,1,32:60
2024-25,1630548,Johnny Juzang,Johnny,1610612762,UTA,Utah Jazz,0022400827,2025-02-24T00:00:00,UTA vs. POR,L,16.561666666666667,4.3,15.2,0.286,2.2,10.9,0.2,0.0,0.0,0.0,0.0,0.0,0.0,0.0,0.0,0.0,0.0,0.0,4.3,0.0,10.9,-37.0,10.9,0,0,13.0,1,13222,1,13222,18566,16209,8222,19630,9343,2617,13429,13505,14344,13505,14058,22137,23286,19908,16469,12854,8263,8846,6149,17725,17296,24613,24262,2246,150,23700,1,16:34
2024-25,1627734,Domantas Sabonis,Domantas,1610612758,SAC,Sacramento Kings,0022400828,2025-02-24T00:00:00,SAC vs. CHA,W,27.283333333333335,4.0,9.2,0.429,0.0,2.6,0.0,1.3,2.6,0.5,2.6,10.6,13.2,9.2,5.3,0.0,0.0,1.3,2.6,2.6,9.2,11.9,33.6,0,0,31.7,1,1,13086,1,10113,17188,18351,13735,15070,18379,15070,12250,10887,10625,6253,2188,2669,1844,2032,12854,8263,5553,12290,10515,18870,6846,12075,2246,150,12653,1,27:17
2024-25,1627750,Jamal Murray,Jamal,1610612743,DEN,Denver Nuggets,0022400822,2025-02-24T00:00:00,DEN @ IND,W,33.23833333333334,6.5,13.0,0.5,4.3,4.3,1.0,0.0,0.0,0.0,0.0,1.1,1.1,6.5,3.2,1.1,0.0,0.0,3.2,1.1,17.3,18.4,28.4,0,0,31.4,1,1,13086,1,4962,10191,11861,8526,3338,14836,1,13505,14344,13505,14058,21797,23108,4718,5662,11161,8263,8846,9649,16988,10497,4437,15950,2246,150,12852,1,33:14
2024-25,1628392,Isaiah Hartenstein,Isaiah,1610612760,OKC,Oklahoma City Thunder,0022400826,2025-02-24T00:00:00,OKC vs. MIN,L,15.716666666666667,2.3,9.2,0.25,0.0,2.3,0.0,4.6,4.6,1.0,9.2,2.3,11.5,4.6,2.3,0.0,2.3,2.3,6.9,2.3,9.2,29.8,34.4,0,0,29.8,1,13222,1,13222,19121,20871,18466,20233,15070,19006,15070,4709,6687,1,521,18791,4004,8449,9118,12854,2766,2451,2084,11792,18932,1997,11548,2246,150,14119,1,15:43
2024-25,1641740,Jaylen Clark,Jaylen,1610612750,MIN,Minnesota Timberwolves,0022400826,2025-02-24T00:00:00,MIN @ OKC,W,28.641666666666666,1.3,3.8,0.333,1.3,2.5,0.5,2.5,2.5,1.0,1.3,0.0,1.3,2.5,0.0,1.3,0.0,0.0,5.0,1.3,6.3,-22.6,15.3,0,0,13.8,1,1,13086,1,8992,22444,24198,17395,13056,18599,3944,9004,11170,1,11443,22137,22867,14492,16469,9744,8263,8846,4546,16098,21197,22254,23080,2246,150,23465,1,28:39
2024-25,204060,Joe Ingles,Joe,1610612750,MIN,Minnesota Timberwolves,0022400826,2025-02-24T00:00:00,MIN @ OKC,W,5.213333333333333,0.0,6.9,0.0,0.0,6.9,0.0,0.0,0.0,0.0,0.0,0.0,0.0,13.8,6.9,0.0,0.0,0.0,0.0,0.0,0.0,6.9,13.8,0,0,13.8,1,1,13086,1,23908,22635,21662,22635,15070,8650,15070,13505,14344,13505,14058,22137,23286,409,930,12854,8263,8846,20257,17725,23200,9183,23545,2246,150,23471,1,5:13
2024-25,1642275,Tidjane Salaün,Tidjane,1610612766,CHA,Charlotte Hornets,0022400828,2025-02-24T00:00:00,CHA @ SAC,L,23.233333333333334,1.5,7.7,0.2,0.0,4.6,0.0,3.1,3.1,1.0,4.6,0.0,4.6,0.0,3.1,0.0,1.5,0.0,1.5,3.1,6.2,-34.1,13.3,0,0,13.9,1,13222,1,13222,13518,22115,20602,21401,15070,14089,15070,7549,9726,1,2750,22137,15705,19908,6129,12854,4710,8846,17050,8888,21251,24314,23687,2246,150,23435,1,23:14
2024-25,1629659,Talen Horton-Tucker,Talen,1610612741,CHI,Chicago Bulls,0022400823,2025-02-24T00:00:00,CHI @ PHI,W,7.033333333333333,0.0,15.4,0.0,0.0,10.2,0.0,0.0,0.0,0.0,0.0,10.2,10.2,5.1,10.2,0.0,0.0,0.0,10.2,0.0,0.0,-71.7,9.7,0,0,15.4,1,1,13086,1,23154,22635,8024,22635,15070,3222,15070,13505,14344,13505,14058,2399,5191,7205,312,12854,8263,8846,655,17725,23200,25907,24461,2246,150,22931,1,7:02
2024-25,201988,Patty Mills,Patty,1610612746,LAC,LA Clippers,0022400821,2025-02-24T00:00:00,LAC @ DET,L,9.833333333333334,7.3,14.6,0.5,7.3,14.6,0.5,0.0,0.0,0.0,0.0,0.0,0.0,0.0,3.7,0.0,0.0,0.0,14.6,0.0,22.0,-40.3,18.3,0,0,29.3,1,13222,1,13222,22156,8182,9139,8526,659,774,3944,13505,14344,13505,14058,22137,23286,19908,4649,12854,8263,8846,267,17725,6250,24859,21965,2246,150,14485,1,9:50
2024-25,1629599,Amir Coffey,Amir,1610612746,LAC,LA Clippers,0022400821,2025-02-24T00:00:00,LAC @ DET,L,29.283333333333335,3.7,9.8,0.375,1.2,4.9,0.25,3.7,3.7,1.0,2.5,2.5,4.9,3.7,1.2,0.0,0.0,1.2,3.7,3.7,12.3,-12.3,22.5,0,0,22.1,1,13222,1,13222,8415,17871,17344,16299,13212,13397,11902,6314,8502,1,6753,18307,15016,10819,14236,12854,8263,6064,8130,7160,15833,18854,19877,2246,150,19599,1,29:17
2024-25,1631099,Keegan Murray,Keegan,1610612758,SAC,Sacramento Kings,0022400828,2025-02-24T00:00:00,SAC vs. CHA,W,25.35,5.7,12.8,0.444,2.8,8.5,0.333,0.0,0.0,0.0,2.8,4.3,7.1,0.0,0.0,2.8,0.0,0.0,2.8,1.4,14.2,12.8,31.2,0,0,29.8,1,1,13086,1,11699,12476,12246,13045,7082,5554,9209,13505,14344,13505,5760,12935,9954,19908,16469,3574,8263,8846,11460,15367,13725,6486,13871,2246,150,14079,1,25:21
2024-25,1631165,Keon Ellis,Keon,1610612758,SAC,Sacramento Kings,0022400828,2025-02-24T00:00:00,SAC vs. CHA,W,9.3,7.7,7.7,1.0,7.7,7.7,1.0,0.0,0.0,0.0,0.0,0.0,0.0,0.0,0.0,0.0,0.0,0.0,3.9,0.0,23.2,42.6,23.2,0,0,31.0,1,1,13086,1,22347,7182,20606,1,525,6916,1,13505,14344,13505,14058,22137,23286,19908,16469,12854,8263,8846,7544,17725,5345,800,19424,2246,150,13194,1,9:18
2024-25,1631170,Jaime Jaquez Jr.,Jaime,1610612748,MIA,Miami Heat,0022400825,2025-02-24T00:00:00,MIA @ ATL,L,7.133333333333334,5.0,15.1,0.333,0.0,5.0,0.0,0.0,0.0,0.0,0.0,5.0,5.0,0.0,0.0,0.0,0.0,0.0,0.0,0.0,10.1,-30.3,16.1,0,0,15.1,1,13222,1,13222,23116,14240,8360,17395,15070,13081,15070,13505,14344,13505,14058,10733,14676,19908,16469,12854,8263,8846,20257,17725,18054,23783,22789,2246,150,23010,1,7:08
2024-25,1630700,Dyson Daniels,Dyson,1610612737,ATL,Atlanta Hawks,0022400825,2025-02-24T00:00:00,ATL vs. MIA,W,33.8,5.3,12.8,0.417,0.0,3.2,0.0,0.0,0.0,0.0,2.1,9.6,11.7,2.1,2.1,7.5,0.0,0.0,4.3,1.1,10.7,7.5,48.1,1,0,39.4,1,1,13086,1,4440,13480,12243,14532,15070,17277,15070,13505,14344,13505,7845,2933,3742,15893,9843,252,8263,8846,6399,17095,17513,8906,3934,1,150,7126,1,33:48
2024-25,1630200,Tre Jones,Tre,1610612741,CHI,Chicago Bulls,0022400823,2025-02-24T00:00:00,CHI @ PHI,W,18.5,0.0,1.9,0.0,0.0,0.0,0.0,7.8,7.8,1.0,1.9,5.8,7.8,9.7,1.9,1.9,0.0,0.0,0.0,3.9,7.8,-17.5,35.6,0,0,29.2,1,1,13086,1,17195,22635,24770,22635,15070,20945,15070,1519,2678,1,8638,8697,8647,1571,10811,6528,8263,8846,20257,6586,20096,20785,10645,2246,150,14548,1,18:30
2024-25,1628380,Zach Collins,Zach,1610612741,CHI,Chicago Bulls,0022400823,2025-02-24T00:00:00,CHI @ PHI,W,27.733333333333334,7.8,13.0,0.6,1.3,3.9,0.333,7.8,7.8,1.0,3.9,2.6,6.5,1.3,1.3,1.3,1.3,1.3,3.9,3.9,24.7,53.2,40.9,0,0,38.9,1,1,13086,1,9768,7087,11887,5394,12863,15807,9209,1516,2676,1,3734,17955,11199,18666,13803,9464,5654,5663,7462,6582,4385,480,7231,2246,150,7417,1,27:44
2024-25,1631217,Moussa Diabaté,Moussa,1610612766,CHA,Charlotte Hornets,0022400828,2025-02-24T00:00:00,CHA @ SAC,L,21.116666666666667,8.5,17.0,0.5,0.0,0.0,0.0,3.4,6.8,0.5,8.5,3.4,11.9,0.0,1.7,3.4,0.0,1.7,1.7,3.4,20.5,-39.2,43.3,0,0,39.2,1,13222,1,13222,15206,5573,5748,8526,15070,20945,15070,6878,3548,10625,658,15490,3550,19908,11895,2362,8263,4133,16520,7919,7538,24787,5981,2246,150,7265,1,21:07
2024-25,1629661,Cameron Johnson,Cameron,1610612751,BKN,Brooklyn Nets,0022400824,2025-02-24T00:00:00,BKN @ WAS,L,32.4,5.6,14.4,0.385,2.2,5.6,0.4,5.6,5.6,1.0,2.2,2.2,4.4,1.1,2.2,1.1,1.1,1.1,2.2,6.7,18.9,-12.2,30.3,0,0,31.1,1,13222,1,13222,5635,12829,9441,16070,9151,11828,7874,3362,5114,1,7524,19004,16178,19317,9418,10930,6716,6956,13994,1933,8957,18826,14551,2246,150,13065,1,32:24
2024-25,203901,Elfrid Payton,Elfrid,1610612766,CHA,Charlotte Hornets,0022400828,2025-02-24T00:00:00,CHA @ SAC,L,14.45,0.0,5.0,0.0,0.0,0.0,0.0,0.0,0.0,0.0,0.0,5.0,5.0,7.5,0.0,2.5,2.5,0.0,5.0,0.0,0.0,-10.0,32.1,0,0,22.4,1,13222,1,13222,19913,22635,23480,22635,15070,20945,15070,13505,14344,13505,14058,10927,14836,3432,16469,4405,2394,8846,4643,17725,23200,17878,13226,2246,150,19410,1,14:27
2024-25,1641842,Ronald Holland II,Ronald,1610612765,DET,Detroit Pistons,0022400821,2025-02-24T00:00:00,DET vs. LAC,W,12.683333333333334,5.7,8.5,0.667,0.0,0.0,0.0,8.5,14.2,0.6,2.8,2.8,5.7,0.0,0.0,2.8,0.0,0.0,2.8,8.5,19.9,-14.2,35.2,0,0,31.2,1,1,13086,1,20904,12492,19468,3281,15070,20945,15070,1178,427,10343,5763,17275,13091,19908,16469,3579,8263,8846,11467,822,8019,19581,10933,2246,150,12980,1,12:41
2024-25,1642267,Bub Carrington,Bub,1610612764,WAS,Washington Wizards,0022400824,2025-02-24T00:00:00,WAS vs. BKN,W,24.666666666666668,2.9,11.7,0.25,1.5,7.3,0.2,0.0,0.0,0.0,0.0,1.5,1.5,2.9,2.9,0.0,0.0,1.5,5.8,1.5,7.3,-8.8,10.5,0,0,13.1,1,1,13086,1,12303,19605,14159,20233,12213,7822,13429,13505,14344,13505,14058,20964,22618,13206,6771,12854,8263,4942,3159,15188,20487,17307,24337,2246,150,23670,1,24:40
2024-25,203501,Tim Hardaway Jr.,Tim,1610612765,DET,Detroit Pistons,0022400821,2025-02-24T00:00:00,DET vs. LAC,W,34.63333333333333,2.1,7.3,0.286,0.0,5.2,0.0,2.1,2.1,1.0,0.0,2.1,2.1,2.1,1.0,1.0,1.0,0.0,0.0,1.0,6.2,1.0,17.0,0,0,14.6,1,1,13086,1,3749,21271,21240,19630,15070,12706,15070,10362,12485,1,14058,19426,21654,16075,15566,11589,7195,8846,20257,17217,21222,12126,22467,2246,150,23233,1,34:38
2024-25,1627783,Pascal Siakam,Pascal,1610612754,IND,Indiana Pacers,0022400822,2025-02-24T00:00:00,IND vs. DEN,L,30.916666666666668,8.2,21.0,0.389,2.3,5.8,0.4,3.5,7.0,0.5,4.7,5.8,10.5,2.3,2.3,0.0,0.0,2.3,2.3,5.8,22.1,-8.2,35.9,0,0,37.3,1,13222,1,13222,6943,6299,2363,16009,8744,11147,7874,6718,3374,10625,2737,8740,4928,15124,8950,12854,8263,2375,13529,2859,6116,17034,10462,2246,150,8536,1,30:55
2024-25,1641709,Ausar Thompson,Ausar,1610612765,DET,Detroit Pistons,0022400821,2025-02-24T00:00:00,DET vs. LAC,W,26.983333333333334,6.7,9.3,0.714,0.0,0.0,0.0,0.0,0.0,0.0,1.3,2.7,4.0,4.0,0.0,5.3,2.7,0.0,5.3,4.0,13.3,16.0,48.2,0,0,37.4,1,1,13086,1,10349,9760,18219,2752,15070,20945,15070,13505,14344,13505,11043,17772,17310,9933,16469,722,2127,8846,3951,6297,14698,5244,3926,2246,150,8468,1,26:59
2024-25,1630568,Luka Garza,Luka,1610612750,MIN,Minnesota Timberwolves,0022400826,2025-02-24T00:00:00,MIN @ OKC,W,8.65,4.2,16.6,0.25,0.0,12.5,0.0,0.0,0.0,0.0,0.0,0.0,0.0,0.0,0.0,4.2,4.2,0.0,0.0,0.0,8.3,-29.1,33.3,0,0,25.0,1,1,13086,1,22579,16693,6244,20233,15070,1529,15070,13505,14344,13505,14058,22137,23286,19908,16469,1487,832,8846,20257,17725,19640,23605,12356,2246,150,17706,1,8:39
2024-25,1630553,Keon Johnson,Keon,1610612751,BKN,Brooklyn Nets,0022400824,2025-02-24T00:00:00,BKN @ WAS,L,26.066666666666666,5.5,15.2,0.364,1.4,4.1,0.333,0.0,0.0,0.0,0.0,2.8,2.8,6.9,1.4,5.5,1.4,4.1,4.1,2.8,12.4,-19.3,45.4,0,0,37.3,1,13222,1,13222,11112,12922,8265,16861,12516,15244,9209,13505,14344,13505,14058,17523,20330,4123,13396,623,5309,604,6708,10094,15676,21351,4978,2246,150,8513,1,26:04
2024-25,203935,Marcus Smart,Marcus,1610612764,WAS,Washington Wizards,0022400824,2025-02-24T00:00:00,WAS vs. BKN,W,21.633333333333333,6.7,10.0,0.667,0.0,1.7,0.0,3.3,3.3,1.0,0.0,1.7,1.7,3.3,3.3,1.7,0.0,0.0,3.3,3.3,16.6,1.7,25.3,0,0,25.0,1,1,13086,1,14814,9810,17080,3281,15070,20088,15070,7053,9243,1,14058,20530,22348,11885,5425,7745,8263,8846,9341,8162,11233,11804,18077,2246,150,17717,1,21:38
2024-25,1630695,Micah Potter,Micah,1610612762,UTA,Utah Jazz,0022400827,2025-02-24T00:00:00,UTA vs. POR,L,25.85,5.6,8.4,0.667,2.8,4.2,0.667,2.8,2.8,1.0,7.0,2.8,9.7,1.4,1.4,1.4,0.0,0.0,4.2,2.8,16.7,20.9,33.3,0,0,33.4,1,13222,1,13222,11287,12792,19713,3281,7259,15174,1957,8371,10519,1,1161,17443,5735,18367,13315,8942,8263,8846,6612,10014,11155,3726,12363,2246,150,11295,1,25:51
2024-25,201144,Mike Conley,Mike,1610612750,MIN,Minnesota Timberwolves,0022400826,2025-02-24T00:00:00,MIN @ OKC,W,14.116666666666667,7.7,12.8,0.6,5.1,10.2,0.5,0.0,0.0,0.0,0.0,0.0,0.0,2.6,2.6,0.0,0.0,0.0,7.7,2.6,20.4,-20.4,21.7,0,0,28.1,1,1,13086,1,20137,7379,12296,5394,2153,3276,3944,13505,14344,13505,14058,22137,23286,14364,8042,12854,8263,8846,1542,10795,7579,21674,20331,2246,150,15386,1,14:07
2024-25,1626168,Trey Lyles,Trey,1610612758,SAC,Sacramento Kings,0022400828,2025-02-24T00:00:00,SAC vs. CHA,W,12.983333333333333,8.3,8.3,1.0,5.5,5.5,1.0,0.0,0.0,0.0,2.8,8.3,11.1,2.8,0.0,2.8,0.0,0.0,2.8,0.0,22.2,77.6,48.0,0,0,47.1,1,1,13086,1,20745,5951,19768,1,1701,11857,1,13505,14344,13505,5923,4256,4329,13679,16469,3754,8263,8846,11760,17725,6083,181,3992,2246,150,3422,1,12:59
2024-25,1630231,KJ Martin,KJ,1610612762,UTA,Utah Jazz,0022400827,2025-02-24T00:00:00,UTA vs. POR,L,28.39666666666667,5.1,10.1,0.5,0.0,2.5,0.0,1.3,1.3,1.0,0.0,6.3,6.3,2.5,1.3,1.3,1.3,0.0,3.8,1.3,11.4,-26.6,29.2,0,0,25.4,1,13222,1,13222,9219,14173,16836,8526,15070,18558,15070,12392,13787,1,14058,7622,11525,14420,13985,9671,5811,8846,7724,16044,16776,23157,15387,2246,150,17389,1,28:24
2024-25,1631097,Bennedict Mathurin,Bennedict,1610612754,IND,Indiana Pacers,0022400822,2025-02-24T00:00:00,IND vs. DEN,L,19.35333333333333,5.6,13.0,0.429,0.0,3.7,0.0,3.7,3.7,1.0,1.9,3.7,5.6,3.7,5.6,1.9,0.0,0.0,3.7,1.9,14.9,-13.0,27.2,0,0,27.9,1,13222,1,13222,16538,12760,11820,13735,15070,16169,15070,6246,8442,1,8991,14570,13330,10735,1744,6976,8263,8846,8002,13694,13034,19140,16846,2246,150,15496,1,19:21
2024-25,1641741,Ricky Council IV,Ricky,1610612755,PHI,Philadelphia 76ers,0022400823,2025-02-24T00:00:00,PHI vs. CHI,L,23.216666666666665,6.2,14.0,0.444,0.0,4.7,0.0,6.2,6.2,1.0,4.7,1.6,6.2,3.1,3.1,4.7,0.0,0.0,0.0,3.1,18.6,-6.2,41.6,0,0,37.2,1,13222,1,13222,13533,10969,10235,13045,15070,14076,15070,2675,4228,1,2745,20772,11820,12600,6122,1120,8263,8846,20257,8883,9208,16162,6854,2246,150,8576,1,23:13
2024-25,1630165,Killian Hayes,Killian,1610612751,BKN,Brooklyn Nets,0022400824,2025-02-24T00:00:00,BKN @ WAS,L,24.616666666666667,2.9,10.2,0.286,1.5,4.4,0.333,2.9,2.9,1.0,2.9,1.5,4.4,11.7,2.9,2.9,1.5,0.0,4.4,2.9,10.2,-4.4,43.3,0,0,36.6,1,13222,1,13222,12359,19590,16676,19630,12199,14713,9209,8025,10160,1,5525,20956,16320,788,6747,3333,4984,8846,6048,9506,17910,15264,5990,2246,150,9006,1,24:37
2024-25,202685,Jonas Valančiūnas,Jonas,1610612758,SAC,Sacramento Kings,0022400828,2025-02-24T00:00:00,SAC vs. CHA,W,14.066666666666666,5.1,10.2,0.5,0.0,2.6,0.0,5.1,5.1,1.0,5.1,15.4,20.5,2.6,0.0,2.6,2.6,0.0,5.1,5.1,15.4,71.7,59.1,0,0,48.6,1,1,13086,1,20163,14031,16668,8526,15070,18523,15070,3859,5724,1,2269,508,471,14340,16469,4231,2276,8846,4344,3892,12563,229,1311,2246,150,2946,1,14:04
2024-25,1629027,Trae Young,Trae,1610612737,ATL,Atlanta Hawks,0022400825,2025-02-24T00:00:00,ATL vs. MIA,W,37.8,3.8,13.3,0.286,0.0,6.7,0.0,2.9,2.9,1.0,0.0,2.9,2.9,13.3,3.8,0.0,1.0,1.9,1.9,2.9,10.5,24.8,33.0,1,0,28.6,1,1,13086,1,1509,17536,11234,19630,15070,9170,15070,8193,10335,1,14058,17212,20100,474,4293,12854,7805,3529,15647,9737,17683,2869,12625,1,150,15011,1,37:48
2024-25,1631119,Jaylin Williams,Jaylin,1610612760,OKC,Oklahoma City Thunder,0022400826,2025-02-24T00:00:00,OKC vs. MIN,L,17.776666666666667,4.1,6.1,0.667,4.1,6.1,0.667,0.0,0.0,0.0,2.0,10.1,12.2,4.1,0.0,0.0,2.0,0.0,0.0,2.0,12.2,10.1,38.9,0,0,36.5,1,13222,1,13222,17727,16974,22532,3281,3890,10505,1957,13505,14344,13505,8277,2485,3378,9803,16469,12854,3406,8846,20257,12964,15979,7637,8488,2246,150,9073,1,17:47
2024-25,1629651,Nic Claxton,Nic,1610612751,BKN,Brooklyn Nets,0022400824,2025-02-24T00:00:00,BKN @ WAS,L,30.833333333333332,4.7,9.3,0.5,0.0,1.2,0.0,0.0,0.0,0.0,2.3,3.5,5.8,2.3,1.2,2.3,1.2,0.0,4.7,2.3,9.3,-14.0,29.2,0,0,24.5,1,13222,1,13222,7013,15315,18213,8526,15070,20663,15070,13505,14344,13505,7133,15237,12673,15100,14677,4915,6379,8846,5360,11606,18782,19507,15364,2246,150,17999,1,30:50
2024-25,1629675,Naz Reid,Naz,1610612750,MIN,Minnesota Timberwolves,0022400826,2025-02-24T00:00:00,MIN @ OKC,W,40.556666666666665,6.2,18.6,0.333,1.8,7.1,0.25,5.3,5.3,1.0,1.8,8.0,9.8,2.7,1.8,0.0,0.0,0.9,1.8,4.4,19.5,2.7,33.5,1,0,33.7,1,1,13086,1,444,10935,4080,17395,11168,8253,11902,3622,5427,1,9335,4718,5724,14011,11649,12854,8263,8706,16285,5267,8335,11291,12212,1,150,11052,1,40:33
2024-25,1630192,Zeke Nnaji,Zeke,1610612743,DEN,Denver Nuggets,0022400822,2025-02-24T00:00:00,DEN @ IND,W,23.94333333333333,9.0,12.0,0.75,1.5,1.5,1.0,1.5,3.0,0.5,4.5,0.0,4.5,0.0,0.0,0.0,3.0,0.0,4.5,1.5,21.0,-6.0,35.5,0,0,33.1,1,1,13086,1,12959,4674,13541,2107,12016,20265,1,11790,9955,10625,2912,22137,16030,19908,16469,12854,1684,8846,5760,14989,7046,16067,10742,2246,150,11595,1,23:57
2024-25,1642265,Rob Dillingham,Rob,1610612750,MIN,Minnesota Timberwolves,0022400826,2025-02-24T00:00:00,MIN @ OKC,W,25.618333333333332,5.6,14.1,0.4,1.4,4.2,0.333,4.2,4.2,1.0,2.8,2.8,5.6,7.0,1.4,1.4,0.0,2.8,2.8,5.6,16.9,26.7,37.0,0,0,33.7,1,1,13086,1,11475,12649,10089,14933,12432,15079,9209,5322,7386,1,5837,17366,13237,3987,13251,8873,8263,1591,11596,3164,10998,2483,9726,2246,150,11055,1,25:37
2024-25,1629008,Michael Porter Jr.,Michael,1610612743,DEN,Denver Nuggets,0022400822,2025-02-24T00:00:00,DEN @ IND,W,32.973333333333336,9.8,17.5,0.563,1.1,4.4,0.25,0.0,0.0,0.0,4.4,7.6,12.0,3.3,1.1,0.0,0.0,0.0,1.1,0.0,20.7,12.0,39.0,1,0,37.1,1,1,13086,1,5172,3436,5277,7127,13992,14767,11902,13505,14344,13505,3085,5251,3480,12065,15188,12854,8263,8846,19150,17725,7278,6792,8428,1,150,8634,1,32:58
2024-25,203471,Dennis Schröder,Dennis,1610612765,DET,Detroit Pistons,0022400821,2025-02-24T00:00:00,DET vs. LAC,W,19.333333333333332,1.9,11.2,0.167,0.0,5.6,0.0,9.3,14.9,0.625,0.0,3.7,3.7,7.4,1.9,0.0,1.9,0.0,1.9,9.3,13.0,26.1,32.4,0,0,27.9,1,1,13086,1,16552,21640,15067,21938,15070,11756,15070,900,360,10271,14058,14551,18004,3461,11262,12854,3900,8846,15878,563,15054,2605,13011,2246,150,15473,1,19:20
2024-25,203992,Bogdan Bogdanović,Bogdan,1610612746,LAC,LA Clippers,0022400821,2025-02-24T00:00:00,LAC @ DET,L,32.96666666666667,6.6,20.7,0.316,1.1,13.1,0.083,0.0,0.0,0.0,0.0,4.4,4.4,5.5,3.3,0.0,0.0,0.0,5.5,1.1,14.2,6.6,24.4,0,0,25.1,1,13222,1,13222,5178,10053,2488,19148,13987,1247,15068,13505,14344,13505,14058,12608,16364,6512,5574,12854,8263,8846,3760,16943,13731,9358,18712,2246,150,17584,1,32:58
2024-25,203937,Kyle Anderson,Kyle,1610612748,MIA,Miami Heat,0022400825,2025-02-24T00:00:00,MIA @ ATL,L,28.0,2.6,5.1,0.5,1.3,1.3,1.0,11.6,12.9,0.9,2.6,3.9,6.4,2.6,1.3,0.0,0.0,0.0,3.9,9.0,18.0,2.6,28.3,0,0,28.3,1,13222,1,13222,9543,20327,23358,8526,12909,20513,1,392,608,6805,6424,14163,11317,14302,13875,12854,8263,8846,7582,653,9827,11332,16007,2246,150,15216,1,28:00
2024-25,1629638,Nickeil Alexander-Walker,Nickeil,1610612750,MIN,Minnesota Timberwolves,0022400826,2025-02-24T00:00:00,MIN @ OKC,W,35.1,7.2,12.3,0.583,2.1,4.1,0.5,5.1,6.2,0.833,0.0,5.1,5.1,3.1,2.1,0.0,1.0,1.0,2.1,3.1,21.5,23.6,33.3,0,0,33.8,1,1,13086,1,3384,8514,13065,6296,9909,15339,3944,3853,4283,7275,14058,10481,14446,12677,10252,12854,7308,7702,14868,8970,6604,3130,12320,2246,150,10966,1,35:06
2024-25,1631200,Kris Murray,Kris,1610612757,POR,Portland Trail Blazers,0022400827,2025-02-24T00:00:00,POR @ UTA,W,2.9,0.0,0.0,0.0,0.0,0.0,0.0,0.0,0.0,0.0,0.0,0.0,0.0,0.0,0.0,0.0,12.4,0.0,0.0,0.0,0.0,-12.4,37.2,0,0,24.8,1,1,13086,1,25027,22635,24836,22635,15070,20945,15070,13505,14344,13505,14058,22137,23286,19908,16469,12854,39,8846,20257,17725,23200,18907,9503,2246,150,17806,1,2:54
2024-25,1630215,Jared Butler,Jared,1610612755,PHI,Philadelphia 76ers,0022400823,2025-02-24T00:00:00,PHI vs. CHI,L,14.233333333333333,7.6,12.6,0.6,2.5,5.1,0.5,0.0,0.0,0.0,2.5,7.6,10.1,12.6,5.1,2.5,0.0,2.5,5.1,0.0,17.7,-12.6,51.3,0,0,48.1,1,13222,1,13222,20060,7546,12488,5394,8048,13049,3944,13505,14344,13505,6525,5345,5306,593,2266,4308,8263,1991,4475,17725,10124,18996,2883,2246,150,3122,1,14:14
2024-25,203114,Khris Middleton,Khris,1610612764,WAS,Washington Wizards,0022400824,2025-02-24T00:00:00,WAS vs. BKN,W,25.883333333333333,2.8,8.3,0.333,1.4,4.2,0.333,2.8,2.8,1.0,0.0,4.2,4.2,7.0,4.2,1.4,1.4,0.0,5.6,4.2,9.7,22.3,29.3,0,0,27.8,1,1,13086,1,11254,19919,19728,17395,12482,15184,9209,8384,10530,1,14058,13192,16875,4058,3546,8954,5266,8846,3607,5898,18411,3409,15251,2246,150,15566,1,25:53
2024-25,1628366,Lonzo Ball,Lonzo,1610612741,CHI,Chicago Bulls,0022400823,2025-02-24T00:00:00,CHI @ PHI,W,8.266666666666667,8.7,8.7,1.0,8.7,8.7,1.0,0.0,0.0,0.0,0.0,8.7,8.7,4.4,0.0,0.0,0.0,0.0,4.4,0.0,26.1,13.1,43.1,0,0,47.9,1,1,13086,1,22717,5246,19167,1,329,5252,1,13505,14344,13505,14058,3823,7150,8996,16469,12854,8263,8846,6126,17725,3612,6369,6081,2246,150,3183,1,8:16
2024-25,1631111,Wendell Moore Jr.,Wendell,1610612766,CHA,Charlotte Hornets,0022400828,2025-02-24T00:00:00,CHA @ SAC,L,11.583333333333334,3.1,6.2,0.5,0.0,3.1,0.0,6.2,6.2,1.0,0.0,3.1,3.1,3.1,0.0,3.1,0.0,0.0,6.2,3.1,12.4,-40.4,30.1,0,0,24.9,1,13222,1,13222,21452,19177,22406,8526,15070,17444,15070,2665,4213,1,14058,16384,19459,12583,16469,2919,8263,8846,2692,8858,15673,24869,14702,2246,150,17786,1,11:35
2024-25,1627739,Kris Dunn,Kris,1610612746,LAC,LA Clippers,0022400821,2025-02-24T00:00:00,LAC @ DET,L,35.03333333333333,6.2,10.3,0.6,1.0,4.1,0.25,0.0,0.0,0.0,1.0,4.1,5.1,4.1,0.0,5.1,0.0,0.0,4.1,0.0,13.4,12.3,41.1,0,0,33.9,1,13222,1,13222,3435,11058,16602,5394,14376,15320,11902,13505,14344,13505,13046,13387,14426,9640,16469,816,8263,8846,6805,17725,14674,6664,7116,2246,150,10920,1,35:02
2024-25,1629004,Svi Mykhailiuk,Svi,1610612762,UTA,Utah Jazz,0022400827,2025-02-24T00:00:00,UTA vs. POR,L,21.816666666666666,6.6,23.1,0.286,3.3,11.6,0.286,0.0,0.0,0.0,1.7,1.7,3.3,1.7,3.3,0.0,0.0,3.3,0.0,0.0,16.5,28.1,19.6,0,0,24.8,1,13222,1,13222,14648,9926,1350,19630,5660,2064,11433,13505,14344,13505,9745,20565,18989,17504,5508,12854,8263,1065,20257,17725,11390,2260,21344,2246,150,17853,1,21:49
2024-25,201935,James Harden,James,1610612746,LAC,LA Clippers,0022400821,2025-02-24T00:00:00,LAC @ DET,L,39.05,4.6,20.3,0.227,2.8,10.1,0.273,4.6,7.4,0.625,2.8,8.3,11.1,4.6,6.5,0.9,0.0,1.8,1.8,7.4,16.6,-20.3,33.1,1,0,36.9,1,13222,1,13222,864,15465,2776,21201,7337,3338,11838,4664,3021,10271,5934,4289,4357,8394,1150,12554,8263,3759,15971,1405,11289,21629,12517,1,150,8803,1,39:03
2024-25,1641824,Matas Buzelis,Matas,1610612741,CHI,Chicago Bulls,0022400823,2025-02-24T00:00:00,CHI @ PHI,W,35.61833333333333,6.1,17.2,0.353,1.0,6.1,0.167,4.0,4.0,1.0,1.0,2.0,3.0,5.1,0.0,0.0,1.0,0.0,2.0,3.0,17.2,40.4,31.4,0,0,28.3,1,1,13086,1,2972,11328,5594,17268,14485,10529,14236,5621,7753,1,13172,19593,19628,7345,16469,12854,7414,8846,15020,9119,10650,954,13718,2246,150,15209,1,35:37
2024-25,1641738,Kobe Brown,Kobe,1610612746,LAC,LA Clippers,0022400821,2025-02-24T00:00:00,LAC @ DET,L,0.4166666666666667,0.0,0.0,0.0,0.0,0.0,0.0,0.0,0.0,0.0,0.0,0.0,0.0,0.0,0.0,0.0,0.0,0.0,0.0,0.0,0.0,-259.2,0.0,0,0,0.0,1,13222,1,13222,26231,22635,24836,22635,15070,20945,15070,13505,14344,13505,14058,22137,23286,19908,16469,12854,8263,8846,20257,17725,23200,26288,25228,2246,150,25259,1,0:25
2024-25,1628370,Malik Monk,Malik,1610612758,SAC,Sacramento Kings,0022400828,2025-02-24T00:00:00,SAC vs. CHA,W,31.385,5.7,16.1,0.357,2.3,9.2,0.25,1.1,1.1,1.0,1.1,3.4,4.6,11.5,5.7,1.1,2.3,0.0,2.3,1.1,14.9,28.7,42.2,1,0,40.1,1,1,13086,1,6519,12312,7040,17140,8877,4572,11902,12766,13969,1,12136,15406,15836,848,1617,10616,2761,8846,13678,16668,13003,2155,6520,1,150,6701,1,31:23
2024-25,1626167,Myles Turner,Myles,1610612754,IND,Indiana Pacers,0022400822,2025-02-24T00:00:00,IND vs. DEN,L,38.56333333333333,6.5,16.8,0.389,1.9,9.3,0.2,6.5,7.5,0.875,0.0,1.9,1.9,1.9,2.8,2.8,0.9,0.0,2.8,4.7,21.5,0.9,34.9,0,0,34.5,1,13222,1,13222,1081,10101,6038,16009,10793,4329,13429,2370,2940,6931,14058,20053,22053,16867,7213,3689,7932,8846,11641,4795,6673,12198,11117,2246,150,10415,1,38:34
2024-25,1627824,Guerschon Yabusele,Guerschon,1610612755,PHI,Philadelphia 76ers,0022400823,2025-02-24T00:00:00,PHI vs. CHI,L,12.976666666666667,0.0,11.1,0.0,0.0,8.3,0.0,0.0,0.0,0.0,2.8,0.0,2.8,2.8,0.0,2.8,0.0,0.0,2.8,5.5,0.0,-41.6,15.8,0,0,11.1,1,13222,1,13222,20752,22635,15196,22635,15070,5878,15070,13505,14344,13505,5922,22137,20314,13675,16469,3752,8263,8846,11757,3267,23200,24948,22921,2246,150,24197,1,12:59
2024-25,1628989,Kevin Huerter,Kevin,1610612741,CHI,Chicago Bulls,0022400823,2025-02-24T00:00:00,CHI @ PHI,W,34.05,8.5,12.7,0.667,7.4,11.6,0.636,0.0,0.0,0.0,0.0,0.0,0.0,4.2,0.0,2.1,0.0,0.0,2.1,1.1,24.3,41.2,37.0,0,0,40.2,1,1,13086,1,4210,5694,12406,3281,632,2012,2842,13505,14344,13505,14058,22137,23286,9314,16469,5720,8263,8846,14544,17141,4601,889,9694,2246,150,6686,1,34:03
2024-25,1627826,Ivica Zubac,Ivica,1610612746,LAC,LA Clippers,0022400821,2025-02-24T00:00:00,LAC @ DET,L,36.9,5.9,10.7,0.545,0.0,0.0,0.0,1.0,2.9,0.333,5.9,8.8,14.6,4.9,2.9,1.0,2.9,1.0,2.9,2.0,12.7,7.8,46.3,1,0,40.0,1,13222,1,13222,2059,11936,15833,7695,15070,20945,15070,13310,10155,13132,1703,3746,1944,7738,6734,12164,1778,8139,11050,13311,15408,8729,4604,1,150,6780,1,36:54
2024-25,1630167,Obi Toppin,Obi,1610612754,IND,Indiana Pacers,0022400822,2025-02-24T00:00:00,IND vs. DEN,L,17.083333333333332,8.4,16.9,0.5,2.1,10.5,0.2,4.2,4.2,1.0,0.0,6.3,6.3,4.2,4.2,2.1,0.0,0.0,2.1,2.1,23.2,-4.2,39.2,0,0,40.0,1,13222,1,13222,18209,5746,5972,8526,9651,2941,13429,5324,7387,1,14058,7654,11562,9349,3477,5751,8263,8846,14578,12578,5365,15188,8273,2246,150,6757,1,17:05
2024-25,1630598,Aaron Wiggins,Aaron,1610612760,OKC,Oklahoma City Thunder,0022400826,2025-02-24T00:00:00,OKC vs. MIN,L,29.236666666666668,9.9,19.7,0.5,1.2,7.4,0.167,2.5,2.5,1.0,3.7,4.9,8.6,0.0,0.0,2.5,1.2,0.0,4.9,1.2,23.4,-11.1,44.8,0,0,40.6,1,13222,1,13222,8463,3398,3179,8526,13201,7646,14236,9165,11314,1,4046,11101,7276,19908,16469,4505,5993,8846,4788,16235,5209,18357,5261,2246,150,6422,1,29:14
2024-25,1630182,Josh Green,Josh,1610612766,CHA,Charlotte Hornets,0022400828,2025-02-24T00:00:00,CHA @ SAC,L,25.033333333333335,1.4,7.2,0.2,0.0,4.3,0.0,1.4,2.9,0.5,0.0,0.0,0.0,1.4,2.9,2.9,0.0,0.0,2.9,1.4,4.3,-20.1,12.2,0,0,11.5,1,13222,1,13222,11975,22240,21327,21401,15070,14874,15070,11927,10292,10625,14058,22137,23286,18212,6936,3470,8263,8846,11291,15287,22391,21587,23962,2246,150,24112,1,25:02
2024-25,1626158,Richaun Holmes,Richaun,1610612764,WAS,Washington Wizards,0022400824,2025-02-24T00:00:00,WAS vs. BKN,W,30.183333333333334,3.6,3.6,1.0,0.0,0.0,0.0,6.0,6.0,1.0,3.6,3.6,7.2,4.8,2.4,1.2,3.6,0.0,1.2,4.8,13.1,8.3,40.8,0,0,34.6,1,1,13086,1,7604,18134,24277,1,15070,20945,15070,2904,4526,1,4248,14993,9840,7997,8722,10235,1167,8846,18572,4570,14960,8462,7283,2246,150,10373,1,30:11
2024-25,202331,Paul George,Paul,1610612755,PHI,Philadelphia 76ers,0022400823,2025-02-24T00:00:00,PHI vs. CHI,L,29.55,9.7,19.5,0.5,2.4,8.5,0.286,1.2,2.4,0.5,0.0,2.4,2.4,2.4,2.4,2.4,2.4,1.2,2.4,1.2,23.1,-34.1,41.9,0,0,40.2,1,13222,1,13222,8180,3543,3350,8526,8351,5532,11433,12535,11372,10625,14058,18369,20922,14751,8501,4572,2490,6138,13047,16306,5383,24315,6664,2246,150,6674,1,29:33
2024-25,1629614,Andrew Nembhard,Andrew,1610612754,IND,Indiana Pacers,0022400822,2025-02-24T00:00:00,IND vs. DEN,L,27.166666666666668,4.0,6.6,0.6,0.0,1.3,0.0,0.0,0.0,0.0,0.0,2.7,2.7,6.6,5.3,1.3,0.0,0.0,1.3,2.7,8.0,-27.8,19.7,0,0,19.9,1,13222,1,13222,10216,17148,21978,5394,15070,20469,15070,13505,14344,13505,14058,17812,20537,4534,2001,9317,8263,8846,17925,10471,19961,23396,21289,2246,150,20927,1,27:10
2024-25,1631222,Jake LaRavia,Jake,1610612758,SAC,Sacramento Kings,0022400828,2025-02-24T00:00:00,SAC vs. CHA,W,16.421666666666667,0.0,0.0,0.0,0.0,0.0,0.0,0.0,0.0,0.0,0.0,4.4,4.4,11.0,2.2,2.2,0.0,0.0,6.6,2.2,0.0,61.4,26.1,0,0,19.7,1,1,13086,1,18643,22635,24836,22635,15070,20945,15070,13505,14344,13505,14058,12564,16323,1012,9541,5430,8263,8846,2341,12194,23200,335,17563,2246,150,21018,1,16:25
2024-25,203924,Jerami Grant,Jerami,1610612757,POR,Portland Trail Blazers,0022400827,2025-02-24T00:00:00,POR @ UTA,W,37.8,5.7,14.3,0.4,4.8,9.5,0.5,2.9,3.8,0.75,0.0,3.8,3.8,2.9,0.0,1.0,1.0,1.0,1.0,1.9,19.0,4.8,33.6,0,0,34.3,1,1,13086,1,1509,12371,9714,14933,2621,4070,3944,8193,8221,8186,14058,14287,17797,13423,16469,12333,7805,8319,19954,13491,8804,10246,12098,2246,150,10616,1,37:48
2024-25,203926,Doug McDermott,Doug,1610612758,SAC,Sacramento Kings,0022400828,2025-02-24T00:00:00,SAC vs. CHA,W,6.65,0.0,0.0,0.0,0.0,0.0,0.0,0.0,0.0,0.0,0.0,0.0,0.0,0.0,5.4,0.0,0.0,0.0,0.0,0.0,0.0,27.1,-5.4,0,0,0.0,1,1,13086,1,23303,22635,24836,22635,15070,20945,15070,13505,14344,13505,14058,22137,23286,19908,1887,12854,8263,8846,20257,17725,23200,2415,26178,2246,150,25259,1,6:39
2024-25,1627736,Malik Beasley,Malik,1610612765,DET,Detroit Pistons,0022400821,2025-02-24T00:00:00,DET vs. LAC,W,24.1,4.5,14.9,0.3,4.5,12.0,0.375,0.0,0.0,0.0,0.0,0.0,0.0,1.5,1.5,0.0,0.0,0.0,6.0,0.0,13.4,1.5,14.2,0,0,19.4,1,1,13086,1,12800,15834,8702,19363,3093,1804,8800,13505,14344,13505,14058,22137,23286,18005,12777,12854,8263,8846,2983,17725,14575,11870,23432,2246,150,21195,1,24:06
2024-25,1630166,Deni Avdija,Deni,1610612757,POR,Portland Trail Blazers,0022400827,2025-02-24T00:00:00,POR @ UTA,W,35.583333333333336,5.1,15.2,0.333,1.0,5.1,0.2,7.1,11.1,0.636,5.1,9.1,14.2,5.1,1.0,0.0,0.0,0.0,5.1,6.1,18.2,19.2,41.8,1,0,38.4,1,1,13086,1,3006,14212,8301,17395,14475,13054,13429,1959,990,10256,2315,3402,2162,7336,15766,12854,8263,8846,4481,2533,9616,4198,6732,1,150,7736,1,35:35
2024-25,1630183,Jaden McDaniels,Jaden,1610612750,MIN,Minnesota Timberwolves,0022400826,2025-02-24T00:00:00,MIN @ OKC,W,42.416666666666664,7.6,13.6,0.563,0.0,0.0,0.0,7.6,7.6,1.0,1.7,6.8,8.5,3.4,0.8,1.7,0.0,0.0,1.7,6.8,22.9,-2.5,42.4,1,0,38.2,1,1,13086,1,212,7416,10869,7127,15070,20945,15070,1582,2785,1,9585,6721,7487,11697,16424,7617,8263,8846,16544,1834,5544,14332,6406,1,150,7906,1,42:25
2024-25,1642273,Kyshawn George,Kyshawn,1610612764,WAS,Washington Wizards,0022400824,2025-02-24T00:00:00,WAS vs. BKN,W,32.45,4.4,10.0,0.444,2.2,5.5,0.4,2.2,2.2,1.0,0.0,3.3,3.3,5.5,5.5,3.3,3.3,0.0,2.2,3.3,13.3,15.5,40.0,0,0,37.7,1,1,13086,1,5597,15960,17082,13045,9169,11854,7874,9877,12025,1,14058,15708,18927,6344,1773,2511,1371,8846,14015,8167,14735,5420,7735,2246,150,8212,1,32:27
2024-25,1642271,Kyle Filipowski,Kyle,1610612762,UTA,Utah Jazz,0022400827,2025-02-24T00:00:00,UTA vs. POR,L,36.475,5.9,10.9,0.545,3.9,3.9,1.0,3.9,5.9,0.667,1.0,9.9,10.9,4.9,2.0,2.0,1.0,2.0,2.0,3.9,19.7,11.8,47.1,1,0,45.4,1,13222,1,13222,2358,11742,15593,7695,4099,15684,1,5802,4585,9425,13358,2674,4541,7609,10643,6375,7557,3302,15284,6451,8131,6863,4289,1,150,4075,1,36:29
2024-25,1631114,Jalen Williams,Jalen,1610612760,OKC,Oklahoma City Thunder,0022400826,2025-02-24T00:00:00,OKC vs. MIN,L,42.05,8.6,19.7,0.435,1.7,6.8,0.25,4.3,5.1,0.833,1.7,3.4,5.1,5.1,2.6,0.9,0.9,0.9,2.6,3.4,23.1,-4.3,39.6,0,0,38.5,1,13222,1,13222,256,5506,3189,13702,11366,8780,11902,5194,5696,7275,9534,15446,14427,7162,7986,12774,8180,8762,12534,7881,5403,15215,8041,2246,150,7691,1,42:03
2024-25,1630533,Ziaire Williams,Ziaire,1610612751,BKN,Brooklyn Nets,0022400824,2025-02-24T00:00:00,BKN @ WAS,L,33.68333333333333,6.4,10.7,0.6,5.3,7.5,0.714,2.1,2.1,1.0,1.1,4.3,5.3,0.0,0.0,3.2,0.0,1.1,3.2,4.3,20.3,-12.8,36.3,0,0,37.4,1,13222,1,13222,4564,10409,15913,5394,1902,7446,1861,10174,12294,1,12723,12881,13927,19908,16469,2725,8263,7323,9834,5659,7652,19064,10129,2246,150,8426,1,33:41
2024-25,1627936,Alex Caruso,Alex,1610612760,OKC,Oklahoma City Thunder,0022400826,2025-02-24T00:00:00,OKC vs. MIN,L,24.233333333333334,3.0,11.9,0.25,1.5,5.9,0.25,0.0,0.0,0.0,3.0,3.0,5.9,5.9,1.5,3.0,3.0,1.5,5.9,1.5,7.4,-16.3,39.8,0,0,32.7,1,13222,1,13222,12695,19487,13788,20233,12096,10834,11902,13505,14344,13505,5414,16819,12425,5599,12816,3218,1732,4828,3024,15058,20382,20392,7871,2246,150,11888,1,24:14
2024-25,203952,Andrew Wiggins,Andrew,1610612748,MIA,Miami Heat,0022400825,2025-02-24T00:00:00,MIA @ ATL,L,36.2,6.0,13.9,0.429,4.0,9.0,0.444,7.0,7.0,1.0,2.0,2.0,4.0,1.0,3.0,0.0,3.0,1.0,1.0,4.0,22.9,-16.9,35.1,0,0,37.8,1,13222,1,13222,2532,11607,10301,13735,4031,4900,7211,2029,3399,1,8437,19700,17366,19693,6554,12854,1723,7975,19742,6367,5578,20587,10989,2246,150,8176,1,36:12
2024-25,1629026,Kenrich Williams,Kenrich,1610612760,OKC,Oklahoma City Thunder,0022400826,2025-02-24T00:00:00,OKC vs. MIN,L,12.383333333333333,2.9,11.6,0.25,0.0,8.7,0.0,0.0,0.0,0.0,0.0,8.7,8.7,2.9,2.9,0.0,0.0,0.0,2.9,0.0,5.8,2.9,17.7,0,0,17.4,1,13222,1,13222,21055,19642,14262,20233,15070,5230,15070,13505,14344,13505,14058,3811,7136,13253,6810,12854,8263,8846,11160,17725,21513,11171,22206,2246,150,22105,1,12:23
2024-25,1641731,Bilal Coulibaly,Bilal,1610612764,WAS,Washington Wizards,0022400824,2025-02-24T00:00:00,WAS vs. BKN,W,29.95,8.4,16.8,0.5,3.6,4.8,0.75,3.6,3.6,1.0,1.2,4.8,6.0,2.4,3.6,1.2,0.0,2.4,6.0,3.6,24.0,4.8,34.9,0,0,38.5,1,1,13086,1,7825,5772,6004,8526,4910,13684,1542,6475,8672,1,11783,11412,12250,14866,4763,10158,8263,2211,2927,7374,4774,10208,11147,2246,150,7723,1,29:57
2024-25,1629673,Jordan Poole,Jordan,1610612764,WAS,Washington Wizards,0022400824,2025-02-24T00:00:00,WAS vs. BKN,W,29.498333333333335,9.8,15.9,0.615,6.1,9.8,0.625,6.1,6.1,1.0,0.0,4.9,4.9,2.4,3.7,0.0,0.0,0.0,1.2,9.8,31.7,15.9,37.6,0,0,45.2,1,1,13086,1,8230,3518,7320,5246,1231,3766,2868,2775,4345,1,14058,11202,15105,14732,4646,12854,8263,8846,18421,468,1579,5302,9293,2246,150,4183,1,29:30
2024-25,1641737,Adem Bona,Adem,1610612755,PHI,Philadelphia 76ers,0022400823,2025-02-24T00:00:00,PHI vs. CHI,L,16.5,2.2,4.4,0.5,0.0,0.0,0.0,4.4,4.4,1.0,4.4,8.7,13.1,0.0,2.2,0.0,2.2,0.0,8.7,6.5,8.7,8.7,28.8,0,0,26.2,1,13222,1,13222,18600,21073,23881,8526,15070,20945,15070,5048,7086,1,3089,3804,2743,19908,9588,12854,2988,8846,1059,2038,19320,8312,15629,2246,150,16805,1,16:30
2024-25,203991,Clint Capela,Clint,1610612737,ATL,Atlanta Hawks,0022400825,2025-02-24T00:00:00,ATL vs. MIA,W,19.1,7.5,15.1,0.5,0.0,0.0,0.0,0.0,0.0,0.0,9.4,11.3,20.7,1.9,1.9,3.8,0.0,1.9,7.5,0.0,15.1,3.8,52.2,0,0,45.2,1,1,13086,1,16751,7669,8468,8526,15070,20945,15070,13505,14344,13505,484,1744,444,16803,11128,1884,8263,3610,1608,17725,12825,10769,2663,2246,150,4142,1,19:06
2024-25,201942,DeMar DeRozan,DeMar,1610612758,SAC,Sacramento Kings,0022400828,2025-02-24T00:00:00,SAC vs. CHA,W,30.561666666666667,4.7,14.1,0.333,2.4,3.5,0.667,9.4,9.4,1.0,1.2,7.1,8.2,3.5,1.2,1.2,0.0,1.2,1.2,4.7,21.2,9.4,38.8,0,0,37.7,1,1,13086,1,7271,15211,9946,17395,8641,16581,1957,870,1653,1,11937,6237,7861,11292,14597,10364,8263,6417,18669,4697,6923,7977,8564,2246,150,8226,1,30:34
2024-25,1630288,Jeff Dowtin Jr.,Jeff,1610612755,PHI,Philadelphia 76ers,0022400823,2025-02-24T00:00:00,PHI vs. CHI,L,8.916666666666666,0.0,12.1,0.0,0.0,0.0,0.0,0.0,0.0,0.0,0.0,4.0,4.0,4.0,0.0,4.0,0.0,0.0,4.0,0.0,0.0,-36.3,23.0,0,0,16.1,1,13222,1,13222,22484,22635,13393,22635,15070,20945,15070,13505,14344,13505,14058,13604,17220,9840,16469,1597,8263,8846,7034,17725,23200,24553,19556,2246,150,22654,1,8:55
2024-25,1642270,Donovan Clingan,Donovan,1610612757,POR,Portland Trail Blazers,0022400827,2025-02-24T00:00:00,POR @ UTA,W,25.316666666666666,2.8,5.7,0.5,0.0,0.0,0.0,4.3,5.7,0.75,4.3,14.2,18.5,1.4,2.8,1.4,2.8,1.4,0.0,5.7,10.0,22.8,44.2,0,0,38.4,1,1,13086,1,11729,19785,22911,8526,15070,20945,15070,5227,4906,8186,3224,710,791,18260,7045,8787,1886,5090,20257,3051,18197,3306,5562,2246,150,7773,1,25:19
2024-25,1630558,Davion Mitchell,Davion,1610612748,MIA,Miami Heat,0022400825,2025-02-24T00:00:00,MIA @ ATL,L,24.073333333333334,4.5,9.0,0.5,0.0,4.5,0.0,0.0,0.0,0.0,1.5,0.0,1.5,3.0,3.0,1.5,0.0,0.0,0.0,0.0,9.0,-7.5,16.7,0,0,16.4,1,13222,1,13222,12824,15825,18766,8526,15070,14479,15070,13505,14344,13505,10347,22137,22575,12965,6524,8431,8263,8846,20257,17725,19113,16716,22578,2246,150,22529,1,24:04
2024-25,1631101,Shaedon Sharpe,Shaedon,1610612757,POR,Portland Trail Blazers,0022400827,2025-02-24T00:00:00,POR @ UTA,W,17.783333333333335,10.1,26.3,0.385,4.0,12.1,0.333,0.0,0.0,0.0,2.0,2.0,4.0,0.0,2.0,0.0,0.0,0.0,0.0,0.0,24.3,-48.6,27.1,0,0,32.4,1,1,13086,1,17716,3087,592,16070,3893,1702,9209,13505,14344,13505,8279,19577,17191,19908,10405,12854,8263,8846,20257,17725,4616,25347,16862,2246,150,12069,1,17:47
2024-25,1630557,Corey Kispert,Corey,1610612764,WAS,Washington Wizards,0022400824,2025-02-24T00:00:00,WAS vs. BKN,W,22.441666666666666,1.6,4.8,0.333,0.0,3.2,0.0,3.2,3.2,1.0,1.6,3.2,4.8,4.8,3.2,0.0,0.0,0.0,3.2,1.6,6.4,-9.6,16.2,0,0,16.0,1,1,13086,1,14167,22025,23595,17395,15070,17253,15070,7311,9505,1,9902,16055,15265,7889,5797,12854,8263,8846,9825,14615,21111,17728,22772,2246,150,22688,1,22:27
2024-25,1641878,Damion Baugh,Damion,1610612766,CHA,Charlotte Hornets,0022400828,2025-02-24T00:00:00,CHA @ SAC,L,26.35,1.4,10.9,0.125,1.4,8.2,0.167,1.4,2.7,0.5,1.4,1.4,2.7,5.5,1.4,5.5,0.0,1.4,1.4,4.1,5.5,-53.3,32.0,0,0,26.0,1,13222,1,13222,10858,22327,15477,22420,12579,6087,14236,12117,10658,10625,10897,21156,20385,6498,13477,650,8263,5326,17758,6056,21754,25519,13350,2246,150,16969,1,26:21
2024-25,201599,DeAndre Jordan,DeAndre,1610612743,DEN,Denver Nuggets,0022400822,2025-02-24T00:00:00,DEN @ IND,W,9.47,0.0,3.8,0.0,0.0,0.0,0.0,3.8,7.6,0.5,11.4,7.6,19.0,0.0,11.4,3.8,3.8,0.0,3.8,3.8,3.8,-30.4,38.0,0,0,38.0,1,1,13086,1,22285,22635,24186,22635,15070,20945,15070,6079,2813,10625,281,5324,695,19908,233,1848,1029,8846,7734,6847,22651,23801,9016,2246,150,8020,1,9:28
2024-25,1627747,Caris LeVert,Caris,1610612737,ATL,Atlanta Hawks,0022400825,2025-02-24T00:00:00,ATL vs. MIA,W,28.383333333333333,6.3,15.2,0.417,1.3,5.1,0.25,5.1,5.1,1.0,2.5,2.5,5.1,2.5,1.3,1.3,0.0,0.0,2.5,2.5,19.0,6.3,31.5,0,0,30.4,1,1,13086,1,9227,10585,8215,14532,12988,13021,11902,3927,5792,1,6504,18088,14592,14414,13977,9661,8263,8846,12644,10848,8831,9455,13703,2246,150,13594,1,28:23
2024-25,1642262,Cody Williams,Cody,1610612762,UTA,Utah Jazz,0022400827,2025-02-24T00:00:00,UTA vs. POR,L,26.866666666666667,5.4,12.1,0.444,0.0,1.3,0.0,0.0,0.0,0.0,2.7,8.0,10.7,6.7,0.0,1.3,0.0,0.0,2.7,0.0,10.7,26.8,37.7,0,0,30.8,1,13222,1,13222,10444,13367,13492,13045,15070,20451,15070,13505,14344,13505,6149,4647,4679,4429,16469,9241,8263,8846,12119,17725,17453,2468,9249,2246,150,13316,1,26:52
2024-25,1628418,Thomas Bryant,Thomas,1610612754,IND,Indiana Pacers,0022400822,2025-02-24T00:00:00,IND vs. DEN,L,9.436666666666667,7.6,15.3,0.5,3.8,7.6,0.5,3.8,7.6,0.5,0.0,3.8,3.8,0.0,0.0,0.0,0.0,0.0,3.8,7.6,22.9,-38.1,27.5,0,0,30.5,1,13222,1,13222,22298,7443,8166,8526,4395,7122,3944,6053,2791,10625,14058,14278,17788,19908,16469,12854,8263,8846,7689,1237,5565,24713,16611,2246,150,13534,1,9:26
2024-25,1627777,Georges Niang,Georges,1610612737,ATL,Atlanta Hawks,0022400825,2025-02-24T00:00:00,ATL vs. MIA,W,23.633333333333333,6.1,13.7,0.444,4.6,10.7,0.429,0.0,0.0,0.0,0.0,7.6,7.6,1.5,0.0,0.0,0.0,0.0,7.6,0.0,16.8,-3.0,28.2,0,0,30.5,1,1,13086,1,13200,11245,10640,13045,2938,2820,7394,13505,14344,13505,14058,5295,8941,17893,16469,12854,8263,8846,1565,17725,11120,14592,16087,2246,150,13569,1,23:38
2024-25,201587,Nicolas Batum,Nicolas,1610612746,LAC,LA Clippers,0022400821,2025-02-24T00:00:00,LAC @ DET,L,22.366666666666667,4.8,8.0,0.6,4.8,8.0,0.6,0.0,0.0,0.0,0.0,4.8,4.8,1.6,0.0,4.8,0.0,0.0,1.6,0.0,14.5,1.6,37.2,0,0,35.4,1,13222,1,13222,14222,14865,20177,5394,2518,6372,2992,13505,14344,13505,14058,11343,15228,17620,16469,1005,8263,8846,16834,17725,13426,11828,9555,2246,150,9785,1,22:22
2024-25,1626162,Kelly Oubre Jr.,Kelly,1610612755,PHI,Philadelphia 76ers,0022400823,2025-02-24T00:00:00,PHI vs. CHI,L,33.166666666666664,7.6,14.1,0.538,0.0,3.3,0.0,5.4,6.5,0.833,3.3,5.4,8.7,1.1,1.1,0.0,0.0,2.2,5.4,3.3,20.6,-36.9,31.6,0,0,30.4,1,13222,1,13222,5013,7521,9989,7978,15070,17163,15070,3500,3868,7275,4828,9720,7186,19394,15233,12854,8263,2713,3802,8390,7377,24609,13621,2246,150,13638,1,33:10
2024-25,1630545,Terrence Shannon Jr.,Terrence,1610612750,MIN,Minnesota Timberwolves,0022400826,2025-02-24T00:00:00,MIN @ OKC,W,28.97,8.7,12.4,0.7,0.0,1.2,0.0,3.7,3.7,1.0,2.5,9.9,12.4,1.2,1.2,1.2,2.5,2.5,5.0,2.5,21.1,14.9,47.8,1,0,42.3,1,1,13086,1,8696,5269,12856,3045,15070,20565,15070,6229,8423,1,6662,2629,3173,18875,14150,9851,2408,2065,4684,11049,6978,5665,4033,1,150,5524,1,28:58
2024-25,1641718,Keyonte George,Keyonte,1610612762,UTA,Utah Jazz,0022400827,2025-02-24T00:00:00,UTA vs. POR,L,33.6,6.4,23.6,0.273,4.3,15.0,0.286,5.4,5.4,1.0,0.0,5.4,5.4,5.4,4.3,2.1,0.0,2.1,0.0,5.4,22.5,0.0,39.1,0,0,41.8,1,13222,1,13222,4641,10367,1207,20048,3413,690,11433,3581,5374,1,14058,9881,13902,6710,3351,5621,8263,2792,20257,3543,5850,12240,8335,2246,150,5758,1,33:36
2024-25,1642276,Kel'el Ware,Kel'el,1610612748,MIA,Miami Heat,0022400825,2025-02-24T00:00:00,MIA @ ATL,L,23.916666666666668,6.0,10.5,0.571,0.0,3.0,0.0,0.0,1.5,0.0,7.5,15.1,22.6,4.5,0.0,0.0,1.5,0.0,3.0,1.5,12.0,-7.5,50.4,0,0,42.1,1,13222,1,13222,12977,11448,16160,6538,15070,17620,15070,13505,13482,13505,945,562,292,8619,16469,12854,4828,8846,10666,14984,16100,16744,3145,2246,150,5573,1,23:55
2024-25,1630168,Onyeka Okongwu,Onyeka,1610612737,ATL,Atlanta Hawks,0022400825,2025-02-24T00:00:00,ATL vs. MIA,W,28.9,8.7,12.5,0.7,2.5,3.7,0.667,1.2,2.5,0.5,1.2,8.7,10.0,3.7,2.5,2.5,0.0,1.2,1.2,1.2,21.2,12.5,43.7,0,0,42.4,1,1,13086,1,8761,5232,12804,3045,8168,16127,1957,12460,11232,10625,11504,3813,5466,10688,8279,4405,8263,5960,18296,16151,6940,6610,5801,2246,150,5472,1,28:54
2024-25,1630191,Isaiah Stewart,Isaiah,1610612765,DET,Detroit Pistons,0022400821,2025-02-24T00:00:00,DET vs. LAC,W,16.716666666666665,2.2,4.3,0.5,0.0,2.2,0.0,2.2,4.3,0.5,0.0,8.6,8.6,2.2,0.0,2.2,4.3,0.0,2.2,2.2,6.5,8.6,39.4,0,0,30.1,1,1,13086,1,18448,21131,23916,8526,15070,19257,15070,10110,7195,10625,14058,3923,7289,15802,16469,5570,757,8846,14333,12376,21074,8352,8123,2246,150,13837,1,16:43
2024-25,1641774,Tristan Vukcevic,Tristan,1610612764,WAS,Washington Wizards,0022400824,2025-02-24T00:00:00,WAS vs. BKN,W,10.351666666666667,7.0,10.4,0.667,0.0,3.5,0.0,7.0,7.0,1.0,0.0,13.9,13.9,0.0,3.5,0.0,3.5,0.0,17.4,7.0,20.9,-27.8,44.5,0,0,41.7,1,1,13086,1,21983,9035,16339,3281,15070,16698,15070,2036,3409,1,14058,777,2275,19908,5067,12854,1247,8846,170,1688,7190,23395,5419,2246,150,5783,1,10:21
2024-25,1630162,Anthony Edwards,Anthony,1610612750,MIN,Minnesota Timberwolves,0022400826,2025-02-24T00:00:00,MIN @ OKC,W,35.71666666666667,5.0,15.1,0.333,1.0,6.0,0.167,6.0,10.1,0.6,2.0,11.1,13.1,8.1,4.0,0.0,1.0,2.0,4.0,6.0,17.1,-7.1,43.9,1,0,41.3,1,1,13086,1,2887,14272,8392,17395,14498,10579,14236,2822,1332,10343,8315,1859,2737,2823,3819,12854,7432,3179,7054,2565,10696,16532,5697,1,150,6013,1,35:43
2024-25,202692,Alec Burks,Alec,1610612748,MIA,Miami Heat,0022400825,2025-02-24T00:00:00,MIA @ ATL,L,27.233333333333334,1.3,15.9,0.083,1.3,10.6,0.125,2.6,2.6,1.0,1.3,5.3,6.6,1.3,0.0,2.6,0.0,0.0,1.3,1.3,6.6,-17.2,24.5,0,0,21.2,1,13222,1,13222,10157,22375,7324,22617,12770,2902,14886,8705,10876,1,11091,10058,10930,18584,16469,4033,8263,8846,17943,15799,20984,20681,18648,2246,150,20191,1,27:14
2024-25,1631128,Christian Braun,Christian,1610612743,DEN,Denver Nuggets,0022400822,2025-02-24T00:00:00,DEN @ IND,W,37.075,6.8,10.7,0.636,0.0,0.0,0.0,2.9,2.9,1.0,1.0,6.8,7.8,1.0,1.9,1.0,0.0,0.0,2.9,2.9,16.5,3.9,28.3,0,0,27.2,1,1,13086,1,1943,9427,15925,4689,15070,20945,15070,8052,10196,1,13486,6711,8685,19765,10841,12201,8263,8846,11126,9548,11385,10708,16034,2246,150,16028,1,37:05
2024-25,1627884,Derrick Jones Jr.,Derrick,1610612746,LAC,LA Clippers,0022400821,2025-02-24T00:00:00,LAC @ DET,L,23.05,9.4,17.2,0.545,0.0,1.6,0.0,4.7,7.8,0.6,1.6,3.1,4.7,1.6,1.6,3.1,0.0,3.1,3.1,6.2,23.4,-14.1,39.2,0,0,35.9,1,13222,1,13222,13682,4079,5596,7695,15070,20216,15070,4535,2659,10343,10069,16344,15604,17761,12498,2881,8263,1214,10188,2337,5179,19523,8270,2246,150,9434,1,23:03
2024-25,1642268,Isaiah Collier,Isaiah,1610612762,UTA,Utah Jazz,0022400827,2025-02-24T00:00:00,UTA vs. POR,L,23.95,3.0,13.5,0.222,1.5,4.5,0.333,1.5,3.0,0.5,1.5,3.0,4.5,6.0,6.0,0.0,0.0,0.0,3.0,4.5,9.0,-42.1,17.4,0,0,21.0,1,13222,1,13222,12946,19401,10959,21205,12017,14409,9209,11791,9956,10625,10304,16695,16031,5467,1371,12854,8263,8846,10681,5118,19059,24983,22320,2246,150,20256,1,23:57
2024-25,1630570,Trendon Watford,Trendon,1610612751,BKN,Brooklyn Nets,0022400824,2025-02-24T00:00:00,BKN @ WAS,L,22.983333333333334,6.3,12.5,0.5,0.0,1.6,0.0,4.7,6.3,0.75,6.3,4.7,11.0,4.7,6.3,1.6,0.0,1.6,7.8,6.3,17.2,-3.1,35.9,0,0,36.0,1,13222,1,13222,13735,10815,12686,8526,15070,20211,15070,4514,4165,8186,1496,11708,4441,8189,1238,8121,8263,4534,1440,2318,10599,14637,10459,2246,150,9351,1,22:59
2024-25,1641733,Nick Smith Jr.,Nick,1610612766,CHA,Charlotte Hornets,0022400828,2025-02-24T00:00:00,CHA @ SAC,L,32.71666666666667,5.5,16.5,0.333,3.3,9.9,0.333,0.0,0.0,0.0,0.0,1.1,1.1,2.2,2.2,0.0,0.0,0.0,2.2,0.0,14.3,-19.8,16.7,0,0,20.9,1,13222,1,13222,5388,12969,6418,17395,5656,3605,9209,13505,14344,13505,14058,21750,23081,15621,9502,12854,8263,8846,14086,17725,13606,21494,22589,2246,150,20340,1,32:43
2024-25,202699,Tobias Harris,Tobias,1610612765,DET,Detroit Pistons,0022400821,2025-02-24T00:00:00,DET vs. LAC,W,38.13333333333333,8.5,12.3,0.692,1.9,2.8,0.667,0.0,0.9,0.0,0.0,4.7,4.7,1.9,2.8,0.0,0.0,0.9,0.9,0.9,18.9,17.0,24.5,0,0,27.4,1,1,13086,1,1305,5616,13125,3171,10688,17991,1957,13505,14287,13505,14058,11646,15507,16793,7106,12854,8263,8386,19998,17559,8963,4912,18574,2246,150,15886,1,38:08
2024-25,1629656,Quentin Grimes,Quentin,1610612755,PHI,Philadelphia 76ers,0022400823,2025-02-24T00:00:00,PHI vs. CHI,L,23.9,4.5,12.1,0.375,4.5,9.0,0.5,0.0,0.0,0.0,0.0,4.5,4.5,1.5,1.5,0.0,1.5,0.0,3.0,0.0,13.6,-28.6,24.3,0,0,27.1,1,13222,1,13222,12991,15715,13510,16299,3035,4759,3944,13505,14344,13505,14058,12211,15995,17953,12717,12854,4820,8846,10652,17725,14430,23529,18773,2246,150,16074,1,23:54
2024-25,1629014,Anfernee Simons,Anfernee,1610612757,POR,Portland Trail Blazers,0022400827,2025-02-24T00:00:00,POR @ UTA,W,36.983333333333334,9.7,22.4,0.435,2.9,12.7,0.231,4.9,4.9,1.0,0.0,1.9,1.9,5.8,1.9,1.9,0.0,0.0,1.0,1.9,27.3,0.0,42.2,0,0,41.9,1,1,13086,1,1997,3558,1637,13702,6795,1451,13279,4243,6173,1,14058,19835,21914,5774,10808,6524,8263,8846,19844,13332,3085,12240,6504,2246,150,5726,1,36:59
2024-25,1641767,Ben Sheppard,Ben,1610612754,IND,Indiana Pacers,0022400822,2025-02-24T00:00:00,IND vs. DEN,L,24.105,4.5,6.0,0.75,1.5,3.0,0.5,0.0,0.0,0.0,4.5,6.0,10.5,1.5,0.0,1.5,0.0,0.0,1.5,3.0,10.5,-1.5,29.7,0,0,26.9,1,13222,1,13222,12797,15842,22632,2107,12063,17694,3944,13505,14344,13505,2950,8399,4959,18009,16469,8442,8263,8846,17249,9310,17709,13796,15013,2246,150,16246,1,24:06
2024-25,1629652,Luguentz Dort,Luguentz,1610612760,OKC,Oklahoma City Thunder,0022400826,2025-02-24T00:00:00,OKC vs. MIN,L,28.616666666666667,2.5,12.6,0.2,1.3,6.3,0.2,0.0,2.5,0.0,1.3,2.5,3.8,1.3,1.3,1.3,1.3,1.3,2.5,2.5,6.3,-27.7,19.0,0,0,17.6,1,13222,1,13222,9022,20436,12610,21401,13046,10003,13429,13505,11166,13505,11429,18148,17887,18805,14046,9730,5860,5880,12726,10927,21191,23367,21643,2246,150,22031,1,28:37
2024-25,1629234,Drew Eubanks,Drew,1610612746,LAC,LA Clippers,0022400821,2025-02-24T00:00:00,LAC @ DET,L,11.1,0.0,6.5,0.0,0.0,0.0,0.0,0.0,0.0,0.0,6.5,0.0,6.5,0.0,3.2,0.0,0.0,3.2,0.0,0.0,0.0,-55.1,4.5,0,0,6.5,1,13222,1,13222,21658,22635,22130,22635,15070,20945,15070,13505,14344,13505,1376,22137,11203,19908,5686,12854,8263,1110,20257,17725,23200,25571,25043,2246,150,24946,1,11:06
2024-25,1629667,Jalen McDaniels,Jalen,1610612764,WAS,Washington Wizards,0022400824,2025-02-24T00:00:00,WAS vs. BKN,W,0.39166666666666666,0.0,0.0,0.0,0.0,0.0,0.0,0.0,0.0,0.0,0.0,0.0,0.0,0.0,0.0,0.0,0.0,0.0,0.0,0.0,0.0,0.0,0.0,0,0,0.0,1,1,13086,1,26240,22635,24836,22635,15070,20945,15070,13505,14344,13505,14058,22137,23286,19908,16469,12854,8263,8846,20257,17725,23200,12240,25228,2246,150,25259,1,0:24
2024-25,1641736,Reece Beekman,Reece,1610612751,BKN,Brooklyn Nets,0022400824,2025-02-24T00:00:00,BKN @ WAS,L,7.016666666666667,0.0,5.1,0.0,0.0,5.1,0.0,0.0,0.0,0.0,0.0,0.0,0.0,5.1,0.0,0.0,0.0,0.0,0.0,0.0,0.0,20.5,7.7,0,0,5.1,1,13222,1,13222,23162,22635,23371,22635,15070,12874,15070,13505,14344,13505,14058,22137,23286,7172,16469,12854,8263,8846,20257,17725,23200,3810,24734,2246,150,25093,1,7:01
2024-25,1631133,Jabari Walker,Jabari,1610612757,POR,Portland Trail Blazers,0022400827,2025-02-24T00:00:00,POR @ UTA,W,13.816666666666666,5.2,5.2,1.0,0.0,0.0,0.0,0.0,0.0,0.0,2.6,2.6,5.2,2.6,0.0,2.6,0.0,0.0,7.8,0.0,10.4,-46.9,28.4,0,0,23.4,1,1,13086,1,20292,13788,23315,1,15070,20945,15070,13505,14344,13505,6328,17934,14251,14196,16469,4128,8263,8846,1445,17725,17732,25262,15938,2246,150,18701,1,13:49
2024-25,1641717,Cason Wallace,Cason,1610612760,OKC,Oklahoma City Thunder,0022400826,2025-02-24T00:00:00,OKC vs. MIN,L,34.37,5.2,11.5,0.455,2.1,8.4,0.25,0.0,0.0,0.0,1.0,5.2,6.3,1.0,0.0,1.0,0.0,0.0,6.3,0.0,12.6,0.0,24.8,0,0,24.1,1,13222,1,13222,3949,13710,14437,12676,9715,5784,11902,13505,14344,13505,12899,10195,11647,19534,16469,11522,8263,8846,2621,17725,15525,12240,18406,2246,150,18264,1,34:22
2024-25,1629022,Lonnie Walker IV,Lonnie,1610612755,PHI,Philadelphia 76ers,0022400823,2025-02-24T00:00:00,PHI vs. CHI,L,24.023333333333333,3.0,16.5,0.182,1.5,10.5,0.143,0.0,0.0,0.0,0.0,10.5,10.5,4.5,3.0,0.0,0.0,1.5,1.5,0.0,7.5,-15.0,23.8,0,0,24.0,1,13222,1,13222,12883,19441,6449,21891,12038,2984,14649,13505,14344,13505,14058,2238,4916,8663,6507,12854,8263,4783,17222,17725,20325,19895,19077,2246,150,18341,1,24:01
2024-25,1642258,Zaccharie Risacher,Zaccharie,1610612737,ATL,Atlanta Hawks,0022400825,2025-02-24T00:00:00,ATL vs. MIA,W,26.45,1.4,10.9,0.125,0.0,4.1,0.0,0.0,0.0,0.0,2.7,1.4,4.1,1.4,1.4,0.0,0.0,0.0,1.4,1.4,2.7,-1.4,8.3,0,0,8.2,1,1,13086,1,10776,22336,15547,22420,15070,15387,15070,13505,14344,13505,6045,21166,17112,18463,13504,12854,8263,8846,17781,15613,23018,13736,24662,2246,150,24740,1,26:27
2024-25,1629130,Duncan Robinson,Duncan,1610612748,MIA,Miami Heat,0022400825,2025-02-24T00:00:00,MIA @ ATL,L,21.01,1.7,10.3,0.167,1.7,8.6,0.2,0.0,0.0,0.0,0.0,5.1,5.1,3.4,5.1,1.7,0.0,0.0,1.7,1.7,5.1,5.1,16.4,0,0,18.8,1,13222,1,13222,15293,21884,16598,21938,11360,5473,13429,13505,14344,13505,14058,10446,14419,11611,2186,7560,8263,8846,16487,14223,21940,10032,22685,2246,150,21459,1,21:01
2024-25,1631124,Julian Strawther,Julian,1610612743,DEN,Denver Nuggets,0022400822,2025-02-24T00:00:00,DEN @ IND,W,14.15,2.5,10.2,0.25,0.0,7.6,0.0,5.1,5.1,1.0,0.0,2.5,2.5,5.1,2.5,0.0,0.0,0.0,2.5,2.5,10.2,7.6,18.3,0,0,17.8,1,1,13086,1,20109,20387,16773,20233,15070,7116,15070,3907,5775,1,14058,18071,20718,7270,8065,12854,8263,8846,12624,10822,17976,8812,21960,2246,150,21947,1,14:09
2024-25,1628389,Bam Adebayo,Bam,1610612748,MIA,Miami Heat,0022400825,2025-02-24T00:00:00,MIA @ ATL,L,36.95,4.9,12.7,0.385,0.0,1.9,0.0,3.9,3.9,1.0,2.9,1.9,4.9,1.0,3.9,1.9,0.0,0.0,1.0,6.8,13.6,-14.6,22.9,0,0,23.4,1,13222,1,13222,2019,14740,12454,16070,15070,19647,15070,5884,8040,1,5532,19828,15134,19753,4095,6512,8263,8846,19840,1802,14337,19751,19623,2246,150,18750,1,36:57
2024-25,1628970,Miles Bridges,Miles,1610612766,CHA,Charlotte Hornets,0022400828,2025-02-24T00:00:00,CHA @ SAC,L,30.05,10.8,22.8,0.474,4.8,9.6,0.5,1.2,2.4,0.5,2.4,4.8,7.2,1.2,4.8,0.0,1.2,2.4,0.0,2.4,27.6,-31.1,36.8,0,0,43.1,1,13222,1,13222,7740,2428,1464,12072,2575,3998,3944,12597,11498,10625,6935,11459,9772,19014,2592,12854,6183,2230,20257,11368,2954,23915,9854,2246,150,5075,1,30:03
2024-25,1630595,Cade Cunningham,Cade,1610612765,DET,Detroit Pistons,0022400821,2025-02-24T00:00:00,DET vs. LAC,W,36.55,8.9,21.7,0.409,3.9,8.9,0.444,9.8,11.8,0.833,0.0,8.9,8.9,6.9,6.9,3.0,0.0,1.0,3.9,6.9,31.5,-2.0,54.5,0,0,57.1,1,1,13086,1,2304,4939,1954,14895,4116,5003,7211,741,805,7275,14058,3648,6934,4141,936,3260,8263,8053,7316,1741,1635,14024,2093,2246,150,1148,1,36:33
2024-25,203994,Jusuf Nurkić,Jusuf,1610612766,CHA,Charlotte Hornets,0022400828,2025-02-24T00:00:00,CHA @ SAC,L,26.883333333333333,5.4,8.0,0.667,1.3,4.0,0.333,4.0,5.4,0.75,1.3,10.7,12.1,4.0,5.4,4.0,1.3,0.0,1.3,2.7,16.1,-25.4,47.3,0,0,44.2,1,13222,1,13222,10435,13381,20199,3281,12694,15541,9209,5667,5375,8186,11018,2072,3448,9887,1947,1616,5488,8846,17864,10382,11852,22904,4220,2246,150,4596,1,26:53
2024-25,203932,Aaron Gordon,Aaron,1610612743,DEN,Denver Nuggets,0022400822,2025-02-24T00:00:00,DEN @ IND,W,23.633333333333333,16.8,25.9,0.647,3.0,6.1,0.5,1.5,1.5,1.0,4.6,3.0,7.6,3.0,3.0,3.0,0.0,3.0,6.1,4.6,38.1,15.2,57.9,0,0,57.9,1,1,13086,1,13200,298,656,4571,6353,10453,3944,11746,13463,1,2843,16565,8941,12773,6292,3057,8263,1288,2827,5004,603,5528,1490,2246,150,1044,1,23:38
2024-25,1631105,Jalen Duren,Jalen,1610612765,DET,Detroit Pistons,0022400821,2025-02-24T00:00:00,DET vs. LAC,W,30.866666666666667,4.7,10.5,0.444,0.0,0.0,0.0,4.7,7.0,0.667,7.0,15.2,22.2,2.3,2.3,1.2,1.2,1.2,2.3,3.5,14.0,2.3,48.8,1,0,43.2,1,1,13086,1,6979,15328,16220,13045,15070,20945,15070,4569,3364,9425,1151,537,327,15107,8932,10457,6388,6510,13514,7669,13941,11448,3718,1,150,5069,1,30:52
2024-25,1629618,Jalen Pickett,Jalen,1610612743,DEN,Denver Nuggets,0022400822,2025-02-24T00:00:00,DEN @ IND,W,3.6,20.0,30.0,0.667,0.0,10.0,0.0,0.0,0.0,0.0,0.0,0.0,0.0,10.0,0.0,0.0,0.0,0.0,10.0,0.0,40.0,0.0,55.0,0,0,50.0,1,1,13086,1,24663,144,271,3281,15070,3475,15070,13505,14344,13505,14058,22137,23286,1434,16469,12854,8263,8846,701,17725,446,12240,1985,2246,150,2529,1,3:36
2024-25,203999,Nikola Jokić,Nikola,1610612743,DEN,Denver Nuggets,0022400822,2025-02-24T00:00:00,DEN @ IND,W,38.53333333333333,8.4,13.1,0.643,0.0,0.9,0.0,0.0,0.0,0.0,0.0,8.4,8.4,17.8,3.7,2.8,0.9,0.0,0.9,1.9,16.8,15.9,61.0,1,0,50.4,1,1,13086,1,1092,5783,11713,4607,15070,20910,15070,13505,14344,13505,14058,4153,7608,145,4469,3685,7927,8846,20055,13648,11042,5293,1074,1,150,2407,1,38:32
2024-25,1629632,Coby White,Coby,1610612741,CHI,Chicago Bulls,0022400823,2025-02-24T00:00:00,CHI @ PHI,W,28.35,6.3,16.5,0.385,2.5,6.3,0.4,3.8,3.8,1.0,0.0,6.3,6.3,7.6,2.5,3.8,0.0,1.3,1.3,2.5,19.0,48.3,47.0,0,0,43.2,1,1,13086,1,9255,10568,6412,16070,8012,9876,7874,6064,8224,1,14058,7596,11503,3262,8080,1839,8263,5814,18170,10841,8804,594,4317,2246,150,5060,1,28:21
2024-25,1630198,Isaiah Joe,Isaiah,1610612760,OKC,Oklahoma City Thunder,0022400826,2025-02-24T00:00:00,OKC vs. MIN,L,18.166666666666668,5.9,13.9,0.429,5.9,11.9,0.5,0.0,0.0,0.0,2.0,4.0,5.9,4.0,0.0,5.9,2.0,0.0,4.0,0.0,17.8,21.8,54.7,0,0,49.5,1,13222,1,13222,17460,11669,10396,13735,1347,1842,3944,13505,14344,13505,8469,13829,12417,10032,16469,490,3536,8846,7239,17725,9997,3506,2050,2246,150,2657,1,18:10
2024-25,1642384,Isaiah Crawford,Isaiah,1610612758,SAC,Sacramento Kings,0022400828,2025-02-24T00:00:00,SAC vs. CHA,W,6.65,5.4,10.8,0.5,0.0,5.4,0.0,0.0,0.0,0.0,0.0,10.8,10.8,0.0,0.0,5.4,5.4,0.0,0.0,0.0,10.8,27.1,56.3,0,0,43.3,1,1,13086,1,23303,13231,15644,8526,15070,12178,15070,13505,14344,13505,14058,1997,4570,19908,16469,676,415,8846,20257,17725,17332,2415,1760,2246,150,4992,1,6:39
2024-25,203083,Andre Drummond,Andre,1610612755,PHI,Philadelphia 76ers,0022400823,2025-02-24T00:00:00,PHI vs. CHI,L,14.19,2.5,7.6,0.333,0.0,0.0,0.0,20.3,20.3,1.0,10.1,10.1,20.3,0.0,5.1,2.5,0.0,0.0,7.6,10.1,25.4,-45.7,52.3,0,0,50.7,1,13222,1,13222,20091,20398,20772,17395,15070,20945,15070,71,137,1,384,2459,489,19908,2251,4280,8263,8846,1567,386,4015,25212,2653,2246,150,2330,1,14:11
2024-25,1630625,Dalano Banton,Dalano,1610612757,POR,Portland Trail Blazers,0022400827,2025-02-24T00:00:00,POR @ UTA,W,3.5,0.0,0.0,0.0,0.0,0.0,0.0,0.0,0.0,0.0,0.0,10.3,10.3,10.3,0.0,0.0,10.3,0.0,0.0,0.0,0.0,-41.1,58.6,0,0,41.1,1,1,13086,1,24704,22635,24836,22635,15070,20945,15070,13505,14344,13505,14058,2361,5131,1292,16469,12854,62,8846,20257,17725,23200,24918,1389,2246,150,6110,1,3:30
2024-25,1631207,Dalen Terry,Dalen,1610612741,CHI,Chicago Bulls,0022400823,2025-02-24T00:00:00,CHI @ PHI,W,21.331666666666667,10.1,13.5,0.75,0.0,1.7,0.0,8.4,8.4,1.0,0.0,6.8,6.8,5.1,1.7,3.4,1.7,0.0,5.1,5.1,28.7,20.3,57.9,0,0,50.6,1,1,13086,1,15051,3086,11002,2107,15070,20060,15070,1213,2236,1,14058,6786,10633,7328,11970,2431,4322,8846,4464,3989,2532,3880,1489,2246,150,2359,1,21:20
2024-25,203897,Zach LaVine,Zach,1610612758,SAC,Sacramento Kings,0022400828,2025-02-24T00:00:00,SAC vs. CHA,W,30.983333333333334,18.6,22.1,0.842,9.3,10.5,0.889,2.3,3.5,0.667,0.0,3.5,3.5,2.3,3.5,1.2,0.0,0.0,0.0,3.5,48.8,41.8,56.5,0,0,66.2,1,1,13086,1,6893,191,1784,1512,273,3018,1325,9548,8916,9425,14058,15280,18586,15143,5042,10490,8263,8846,20257,7703,172,857,1734,2246,150,429,1,30:59
2024-25,1630581,Josh Giddey,Josh,1610612741,CHI,Chicago Bulls,0022400823,2025-02-24T00:00:00,CHI @ PHI,W,31.416666666666668,9.2,12.6,0.727,3.4,3.4,1.0,6.9,6.9,1.0,3.4,14.9,18.3,6.9,6.9,1.1,3.4,2.3,4.6,4.6,28.6,32.1,67.8,1,0,66.5,1,1,13086,1,6487,4411,12563,2666,5295,16796,1,2096,3500,1,4475,599,823,4174,947,10625,1274,2448,5580,4979,2549,1722,528,1,150,419,1,31:25
2024-25,1628983,Shai Gilgeous-Alexander,Shai,1610612760,OKC,Oklahoma City Thunder,0022400826,2025-02-24T00:00:00,OKC vs. MIN,L,42.45,9.3,17.0,0.55,2.5,4.2,0.6,11.9,14.4,0.824,0.8,7.6,8.5,6.8,3.4,0.0,0.0,0.8,4.2,11.0,33.1,1.7,50.0,1,0,50.9,1,13222,1,13222,207,4162,5847,7655,7996,15026,2992,352,400,7649,14003,5271,7501,4311,5247,12854,8263,8775,6446,275,1304,11791,3264,1,150,2291,1,42:27
2024-25,1642269,Devin Carter,Devin,1610612758,SAC,Sacramento Kings,0022400828,2025-02-24T00:00:00,SAC vs. CHA,W,6.65,16.2,27.1,0.6,5.4,10.8,0.5,10.8,10.8,1.0,5.4,0.0,5.4,0.0,0.0,0.0,0.0,5.4,0.0,5.4,48.7,27.1,55.2,0,0,59.5,1,1,13086,1,23303,335,496,5394,1829,2648,3944,511,1077,1,2001,22137,13773,19908,16469,12854,8263,291,20257,3458,173,2415,1952,2246,150,867,1,6:39
2024-25,1630169,Tyrese Haliburton,Tyrese,1610612754,IND,Indiana Pacers,0022400822,2025-02-24T00:00:00,IND vs. DEN,L,40.37833333333333,5.3,9.8,0.545,4.5,8.9,0.5,1.8,1.8,1.0,0.0,0.9,0.9,13.4,0.9,2.7,0.0,0.9,1.8,0.9,16.9,0.9,45.2,1,0,41.0,1,13222,1,13222,480,13411,17388,7695,3135,4944,3944,11276,13209,1,14058,22107,23270,469,16364,3963,8263,8694,16258,17673,10918,12217,5082,1,150,6197,1,40:23
2024-25,1630222,Mason Jones,Mason,1610612758,SAC,Sacramento Kings,0022400828,2025-02-24T00:00:00,SAC vs. CHA,W,3.5166666666666666,20.5,30.7,0.667,0.0,0.0,0.0,0.0,0.0,0.0,0.0,0.0,0.0,0.0,0.0,0.0,0.0,0.0,10.2,0.0,40.9,10.2,40.9,0,0,40.9,1,1,13086,1,24700,132,241,3281,15070,20945,15070,13505,14344,13505,14058,22137,23286,19908,16469,12854,8263,8846,655,17725,399,7585,7197,2246,150,6234,1,3:31
2024-25,1641729,Brice Sensabaugh,Brice,1610612762,UTA,Utah Jazz,0022400827,2025-02-24T00:00:00,UTA vs. POR,L,26.483333333333334,9.5,16.3,0.583,5.4,6.8,0.8,4.1,4.1,1.0,1.4,4.1,5.4,1.4,1.4,0.0,0.0,0.0,5.4,1.4,28.5,-10.9,35.8,0,0,40.8,1,13222,1,13222,10745,3861,6662,6296,1804,8902,1389,5567,7683,1,10931,13488,13706,18471,13518,12854,8263,8846,3789,15624,2585,18269,10540,2246,150,6339,1,26:29
2024-25,1631223,David Roddy,David,1610612755,PHI,Philadelphia 76ers,0022400823,2025-02-24T00:00:00,PHI vs. CHI,L,10.5,17.1,37.7,0.455,6.9,24.0,0.286,0.0,0.0,0.0,3.4,6.9,10.3,3.4,3.4,6.9,0.0,3.4,0.0,0.0,41.1,17.1,75.8,0,0,75.4,1,13222,1,13222,21919,266,99,12676,815,118,11433,13505,14344,13505,4484,6610,5131,11607,5166,326,8263,973,20257,17725,389,4856,277,2246,150,224,1,10:30
2024-25,1631243,Mouhamed Gueye,Mouhamed,1610612737,ATL,Atlanta Hawks,0022400825,2025-02-24T00:00:00,ATL vs. MIA,W,15.8,9.1,13.7,0.667,2.3,6.8,0.333,0.0,0.0,0.0,0.0,6.8,6.8,6.8,4.6,0.0,2.3,0.0,2.3,0.0,20.5,15.9,41.2,0,0,41.0,1,1,13086,1,19061,4503,10690,3281,8930,8810,9209,13505,14344,13505,14058,6642,10450,4237,2917,12854,2780,8846,13730,17725,7491,5263,7027,2246,150,6186,1,15:48
2024-25,1628975,Jevon Carter,Jevon,1610612741,CHI,Chicago Bulls,0022400823,2025-02-24T00:00:00,CHI @ PHI,W,7.033333333333333,10.2,20.5,0.5,10.2,20.5,0.5,10.2,10.2,1.0,0.0,0.0,0.0,0.0,0.0,0.0,0.0,0.0,0.0,5.1,40.9,-71.7,40.9,0,0,51.2,1,1,13086,1,23154,2981,2652,8526,202,216,3944,642,1276,1,14058,22137,23286,19908,16469,12854,8263,8846,20257,3892,399,25907,7197,2246,150,2236,1,7:02
2024-25,1631213,Tyrese Martin,Tyrese,1610612751,BKN,Brooklyn Nets,0022400824,2025-02-24T00:00:00,BKN @ WAS,L,23.3,6.2,20.1,0.308,4.6,10.8,0.429,6.2,6.2,1.0,4.6,3.1,7.7,1.5,3.1,3.1,0.0,0.0,0.0,3.1,23.2,0.0,40.9,0,0,43.3,1,13222,1,13222,13465,11019,2900,19226,2830,2658,7394,2697,4251,1,2763,16435,8763,17820,6152,2951,8263,8846,20257,8918,5368,12240,7201,2246,150,5015,1,23:18
2024-25,1630551,Justin Champagnie,Justin,1610612764,WAS,Washington Wizards,0022400824,2025-02-24T00:00:00,WAS vs. BKN,W,12.55,5.7,14.3,0.4,2.9,5.7,0.5,2.9,5.7,0.5,5.7,14.3,20.1,2.9,2.9,0.0,0.0,2.9,0.0,2.9,17.2,14.3,42.7,0,0,43.0,1,1,13086,1,20962,12304,9629,14933,6988,11365,3944,8172,4837,10625,1790,685,515,13380,6962,12854,8263,1506,20257,9695,10615,5879,6250,2246,150,5124,1,12:33
2024-25,1626164,Devin Booker,Devin,1610612756,PHX,Phoenix Suns,0022400816,2025-02-23T00:00:00,PHX @ TOR,L,37.14666666666667,11.6,24.2,0.48,2.9,7.8,0.375,3.9,3.9,1.0,0.0,3.9,3.9,7.8,1.0,1.9,1.0,0.0,4.8,3.9,30.0,-10.7,54.1,0,0,50.4,1,13222,1,13222,1894,1783,1006,11962,6845,6895,8800,5920,8086,1,14058,14107,17635,3131,16034,6575,7696,8846,4962,6636,2070,18163,2184,2246,150,2421,1,37:09
2024-25,1641740,Jaylen Clark,Jaylen,1610612750,MIN,Minnesota Timberwolves,0022400820,2025-02-23T00:00:00,MIN vs. OKC,L,17.983333333333334,12.0,14.0,0.857,4.0,4.0,1.0,0.0,0.0,0.0,2.0,0.0,2.0,0.0,0.0,8.0,0.0,0.0,4.0,2.0,28.0,40.0,54.5,0,0,50.0,1,13222,1,13222,17566,1510,10152,1412,3989,15576,1,13505,14344,13505,8377,22137,21796,19908,16469,210,8263,8846,7131,13070,2773,982,2099,2246,150,2521,1,17:59
2024-25,1641710,Anthony Black,Anthony,1610612753,ORL,Orlando Magic,0022400815,2025-02-23T00:00:00,ORL vs. WAS,W,27.166666666666668,9.3,15.9,0.583,5.3,6.6,0.8,6.6,6.6,1.0,0.0,9.3,9.3,4.0,2.7,1.3,1.3,1.3,5.3,4.0,30.5,15.9,52.9,0,0,54.3,1,1,13086,1,10216,4243,7263,6296,1949,9261,1389,2296,3735,1,14058,3229,6346,9999,7691,9317,5539,5520,4017,6377,1929,5287,2490,2246,150,1571,1,27:10
2024-25,1630162,Anthony Edwards,Anthony,1610612750,MIN,Minnesota Timberwolves,0022400820,2025-02-23T00:00:00,MIN vs. OKC,L,38.63333333333333,7.5,19.6,0.381,3.7,12.1,0.308,8.4,9.3,0.9,1.9,7.5,9.3,6.5,4.7,1.9,0.0,0.0,2.8,6.5,27.0,-10.3,48.9,1,0,50.3,1,13222,1,13222,1042,7881,3297,16250,4635,1721,11292,1235,1702,6805,8975,5575,6295,4677,2771,6957,8263,8846,11664,2059,3197,17996,3657,1,150,2445,1,38:38
2024-25,1631096,Chet Holmgren,Chet,1610612760,OKC,Oklahoma City Thunder,0022400820,2025-02-23T00:00:00,OKC @ MIN,W,27.616666666666667,10.4,14.3,0.727,3.9,5.2,0.75,0.0,0.0,0.0,1.3,3.9,5.2,1.3,1.3,0.0,3.9,1.3,2.6,2.6,24.8,5.2,43.4,0,0,43.0,1,1,13086,1,9855,2788,9637,2666,4179,12669,1542,13505,14344,13505,11182,13996,14245,18646,13783,12854,963,5635,12401,10616,4327,9997,5928,2246,150,5132,1,27:37
2024-25,201935,James Harden,James,1610612746,LAC,LA Clippers,0022400813,2025-02-23T00:00:00,LAC @ IND,L,35.233333333333334,9.2,17.4,0.529,6.1,13.3,0.462,7.2,9.2,0.778,0.0,7.2,7.2,11.2,5.1,3.1,2.0,0.0,1.0,7.2,31.7,-17.4,67.3,1,0,66.4,1,13222,1,13222,3286,4364,5383,8281,1209,1171,7119,1904,1768,8092,14058,6087,9844,924,2216,3015,3363,8846,19564,1543,1589,20734,552,1,150,421,1,35:14
2024-25,1629027,Trae Young,Trae,1610612737,ATL,Atlanta Hawks,0022400814,2025-02-23T00:00:00,ATL vs. DET,L,38.1,9.4,22.7,0.417,5.7,14.2,0.4,11.3,14.2,0.8,0.0,1.9,1.9,12.3,6.6,0.9,0.0,0.9,4.7,10.4,35.9,1.9,52.8,1,0,57.6,1,13222,1,13222,1325,3956,1508,14532,1591,877,7874,434,431,7681,14058,20004,22019,654,1072,12402,8263,8379,5230,348,846,11692,2505,1,150,1078,1,38:06
2024-25,1629627,Zion Williamson,Zion,1610612740,NOP,New Orleans Pelicans,0022400818,2025-02-23T00:00:00,NOP vs. SAS,W,27.866666666666667,10.3,22.0,0.471,0.0,0.0,0.0,7.8,12.9,0.6,2.6,9.0,11.6,3.9,1.3,2.6,2.6,2.6,1.3,9.0,28.4,29.7,62.4,0,0,54.3,1,1,13086,1,9653,2884,1836,12143,15070,20945,15070,1537,599,10343,6392,3471,3823,10294,13841,4170,2243,1899,18066,637,2626,2005,927,2246,150,1579,1,27:52
2024-25,1630193,Immanuel Quickley,Immanuel,1610612761,TOR,Toronto Raptors,0022400816,2025-02-23T00:00:00,TOR vs. PHX,W,29.976666666666667,8.4,18.0,0.467,6.0,8.4,0.714,4.8,6.0,0.8,0.0,7.2,7.2,9.6,1.2,2.4,1.2,0.0,3.6,1.2,27.6,34.8,60.3,0,0,57.6,1,1,13086,1,7810,5786,4654,12249,1296,5726,1861,4340,4462,7681,14058,5987,9728,1636,14436,4699,6168,8846,8419,16401,2924,1409,1160,2246,150,1074,1,29:59
2024-25,1629660,Ty Jerome,Ty,1610612739,CLE,Cleveland Cavaliers,0022400819,2025-02-23T00:00:00,CLE vs. MEM,W,22.626666666666665,14.3,25.5,0.563,4.8,11.1,0.429,8.0,9.5,0.833,3.2,4.8,8.0,6.4,1.6,3.2,0.0,0.0,6.4,8.0,41.4,6.4,68.4,0,0,66.8,1,1,13086,1,14011,621,735,7127,2603,2381,7394,1432,1574,7275,4977,11506,8356,4907,12376,2780,8263,8846,2528,1047,380,9441,501,2246,150,401,1,22:38
2024-25,1628449,Chris Boucher,Chris,1610612761,TOR,Toronto Raptors,0022400816,2025-02-23T00:00:00,TOR vs. PHX,W,19.516666666666666,16.6,22.1,0.75,7.4,9.2,0.8,1.8,5.5,0.333,5.5,12.9,18.4,3.7,0.0,0.0,0.0,1.8,1.8,5.5,42.4,31.4,70.1,1,0,71.9,1,1,13086,1,16401,309,1761,2107,642,4497,1389,11131,5143,13132,1929,1046,801,10815,16469,12854,8263,3755,15966,3293,339,1790,430,1,150,285,1,19:31
2024-25,1630577,Julian Champagnie,Julian,1610612759,SAS,San Antonio Spurs,0022400818,2025-02-23T00:00:00,SAS @ NOP,L,19.433333333333334,11.1,24.1,0.462,11.1,20.4,0.545,0.0,0.0,0.0,3.7,3.7,7.4,7.4,0.0,3.7,0.0,0.0,0.0,0.0,33.3,0.0,64.5,0,0,66.7,1,13222,1,13222,16470,2174,1035,12428,155,218,3863,13505,14344,13505,4028,14615,9354,3502,16469,1961,8263,8846,20257,17725,1261,12240,741,2246,150,406,1,19:26
2024-25,1641709,Ausar Thompson,Ausar,1610612765,DET,Detroit Pistons,0022400814,2025-02-23T00:00:00,DET @ ATL,W,17.325,14.5,16.6,0.875,0.0,0.0,0.0,0.0,2.1,0.0,0.0,4.2,4.2,4.2,6.2,6.2,0.0,0.0,10.4,2.1,29.1,-39.5,52.8,0,0,49.9,1,1,13086,1,18056,571,6276,1353,15070,20945,15070,13505,12488,13505,14058,13253,16926,9508,1256,422,8263,8846,628,12723,2403,24802,2515,2246,150,2573,1,17:20
2024-25,1629162,Jordan McLaughlin,Jordan,1610612759,SAS,San Antonio Spurs,0022400818,2025-02-23T00:00:00,SAS @ NOP,L,1.5166666666666666,23.7,23.7,1.0,23.7,23.7,1.0,0.0,0.0,0.0,0.0,0.0,0.0,0.0,0.0,0.0,0.0,0.0,0.0,0.0,71.2,23.7,71.2,0,0,94.9,1,13222,1,13222,25778,83,1137,1,16,129,1,13505,14344,13505,14058,22137,23286,19908,16469,12854,8263,8846,20257,17725,53,3083,394,2246,150,74,1,1:31
2024-25,1629626,Bol Bol,Bol,1610612756,PHX,Phoenix Suns,0022400816,2025-02-23T00:00:00,PHX @ TOR,L,7.183333333333334,10.0,10.0,1.0,5.0,5.0,1.0,0.0,0.0,0.0,0.0,15.0,15.0,5.0,0.0,0.0,0.0,0.0,0.0,0.0,25.1,-10.0,50.6,0,0,50.1,1,13222,1,13222,23100,3198,17013,1,2259,13184,1,13505,14344,13505,14058,564,1757,7445,16469,12854,8263,8846,20257,17725,4187,17897,3092,2246,150,2501,1,7:11
2024-25,1630590,Scotty Pippen Jr.,Scotty,1610612763,MEM,Memphis Grizzlies,0022400819,2025-02-23T00:00:00,MEM @ CLE,L,4.8133333333333335,7.5,7.5,1.0,7.5,7.5,1.0,0.0,0.0,0.0,0.0,7.5,7.5,0.0,15.0,7.5,0.0,0.0,15.0,0.0,22.4,7.5,38.9,0,0,52.4,1,13222,1,13222,24088,7811,20959,1,599,7450,1,13505,14344,13505,14058,5534,9209,19908,111,248,8263,8846,242,17725,5891,8890,8482,2246,150,1959,1,4:49
2024-25,1628418,Thomas Bryant,Thomas,1610612754,IND,Indiana Pacers,0022400813,2025-02-23T00:00:00,IND vs. LAC,W,11.6,9.3,9.3,1.0,3.1,3.1,1.0,0.0,0.0,0.0,0.0,9.3,9.3,3.1,3.1,3.1,0.0,0.0,9.3,0.0,21.7,-27.9,43.8,0,0,43.4,1,1,13086,1,21448,4184,18257,1,6208,17453,1,13505,14344,13505,14058,3193,6304,12597,6115,2927,8263,8846,868,17725,6451,23419,5783,2246,150,4941,1,11:36
2024-25,1629013,Landry Shamet,Landry,1610612752,NYK,New York Knicks,0022400811,2025-02-23T00:00:00,NYK @ BOS,L,5.483333333333333,13.1,26.3,0.5,13.1,19.7,0.667,0.0,0.0,0.0,0.0,13.1,13.1,0.0,6.6,6.6,0.0,6.6,0.0,0.0,39.4,39.4,68.3,0,0,78.8,1,13222,1,13222,23796,981,600,8526,106,250,1957,13505,14344,13505,14058,974,2721,19908,1096,360,8263,185,20257,17725,486,1018,511,2246,150,175,1,5:29
2024-25,1629650,Moses Brown,Moses,1610612742,DAL,Dallas Mavericks,0022400812,2025-02-23T00:00:00,DAL @ GSW,L,9.0,12.0,16.0,0.75,0.0,0.0,0.0,4.0,4.0,1.0,8.0,20.0,28.0,0.0,12.0,0.0,0.0,4.0,0.0,4.0,28.0,-8.0,49.6,0,0,56.0,1,13222,1,13222,22453,1516,7106,2107,15070,20945,15070,5689,7842,1,784,172,115,19908,201,12854,8263,647,20257,6303,2786,16972,3383,2246,150,1311,1,9:00
2024-25,1629640,Keldon Johnson,Keldon,1610612759,SAS,San Antonio Spurs,0022400818,2025-02-23T00:00:00,SAS @ NOP,L,23.75,10.6,13.6,0.778,3.0,4.5,0.667,3.0,3.0,1.0,0.0,3.0,3.0,4.5,3.0,1.5,0.0,0.0,4.5,1.5,27.3,-9.1,39.3,0,0,40.9,1,13222,1,13222,13112,2609,10751,1994,6396,14324,1957,7715,9901,1,14058,16612,19629,8532,6350,8338,8263,8846,5669,14939,3071,17474,8228,2246,150,6250,1,23:45
2024-25,1627777,Georges Niang,Georges,1610612737,ATL,Atlanta Hawks,0022400814,2025-02-23T00:00:00,ATL vs. DET,L,35.93333333333333,10.0,20.0,0.5,7.0,14.0,0.5,0.0,0.0,0.0,2.0,3.0,5.0,1.0,2.0,1.0,1.0,0.0,5.0,0.0,27.1,-12.0,38.6,0,0,44.1,1,13222,1,13222,2731,3204,2947,8526,754,914,3944,13505,14344,13505,8365,16699,14778,19669,10505,11940,7472,8846,4591,17725,3188,18744,8658,2246,150,4643,1,35:56
2024-25,1630568,Luka Garza,Luka,1610612750,MIN,Minnesota Timberwolves,0022400820,2025-02-23T00:00:00,MIN vs. OKC,L,8.961666666666666,8.0,8.0,1.0,4.0,4.0,1.0,8.0,8.0,1.0,12.1,4.0,16.1,4.0,4.0,0.0,0.0,0.0,8.0,4.0,28.1,-16.1,49.4,0,0,52.2,1,13222,1,13222,22468,6565,20200,1,3960,15543,1,1399,2500,1,240,13669,1409,9888,3851,12854,8263,8846,1348,6262,2736,20274,3455,2246,150,1990,1,8:58
2024-25,1641748,Andre Jackson Jr.,Andre,1610612749,MIL,Milwaukee Bucks,0022400817,2025-02-23T00:00:00,MIL vs. MIA,W,1.6683333333333332,0.0,0.0,0.0,0.0,0.0,0.0,0.0,0.0,0.0,0.0,21.6,21.6,21.6,0.0,0.0,0.0,0.0,0.0,0.0,0.0,107.9,58.3,0,0,43.2,1,1,13086,1,25674,22635,24836,22635,15070,20945,15070,13505,14344,13505,14058,130,366,63,16469,12854,8263,8846,20257,17725,23200,61,1439,2246,150,5066,1,1:40
2024-25,1630169,Tyrese Haliburton,Tyrese,1610612754,IND,Indiana Pacers,0022400813,2025-02-23T00:00:00,IND vs. LAC,W,30.276666666666667,10.7,16.6,0.643,4.8,9.5,0.5,8.3,8.3,1.0,0.0,1.2,1.2,14.3,1.2,3.6,0.0,1.2,0.0,3.6,34.5,17.8,66.8,1,0,61.8,1,1,13086,1,7527,2504,6247,4607,2632,4091,3944,1274,2314,1,14058,21541,22954,362,14526,2145,8263,6346,20257,7484,1046,4611,578,1,150,656,1,30:17
2024-25,1629628,RJ Barrett,RJ,1610612761,TOR,Toronto Raptors,0022400816,2025-02-23T00:00:00,TOR vs. PHX,W,31.883333333333333,6.8,16.9,0.4,3.4,6.8,0.5,9.0,13.5,0.667,3.4,3.4,6.8,7.9,3.4,0.0,0.0,2.3,2.3,7.9,26.0,11.3,42.6,0,0,44.0,1,1,13086,1,6069,9486,5873,14933,5415,8951,3944,995,525,9425,4567,15559,10586,2997,5264,12854,8263,2529,13833,1070,3699,7099,6329,2246,150,4676,1,31:53
2024-25,1631255,Karlo Matković,Karlo,1610612740,NOP,New Orleans Pelicans,0022400818,2025-02-23T00:00:00,NOP vs. SAS,W,21.066666666666666,13.7,15.4,0.889,1.7,3.4,0.5,3.4,3.4,1.0,3.4,6.8,10.3,1.7,1.7,0.0,1.7,0.0,8.5,1.7,32.5,29.1,50.8,0,0,49.6,1,1,13086,1,15243,796,7991,1318,11370,16831,3944,6855,9049,1,4503,6642,5175,17341,11882,12854,4273,8846,1118,14238,1424,2102,3059,2246,150,2653,1,21:04
2024-25,1629646,Charles Bassey,Charles,1610612759,SAS,San Antonio Spurs,0022400818,2025-02-23T00:00:00,SAS @ NOP,L,5.816666666666666,12.4,18.6,0.667,0.0,0.0,0.0,0.0,0.0,0.0,6.2,12.4,18.6,6.2,0.0,12.4,0.0,0.0,0.0,0.0,24.8,37.1,93.5,0,0,74.3,1,13222,1,13222,23660,1310,4153,3281,15070,20945,15070,13505,14344,13505,1524,1196,781,5173,16469,71,8263,8846,20257,17725,4333,1189,85,2246,150,244,1,5:49
2024-25,1630595,Cade Cunningham,Cade,1610612765,DET,Detroit Pistons,0022400814,2025-02-23T00:00:00,DET @ ATL,W,37.95,13.3,22.8,0.583,6.6,9.5,0.7,2.8,2.8,1.0,0.0,6.6,6.6,11.4,2.8,0.9,2.8,4.7,1.9,1.9,36.0,5.7,69.6,1,0,68.3,1,1,13086,1,1413,910,1460,6296,933,4129,1937,8227,10371,1,14058,7016,10867,874,7042,12361,1884,430,15691,13531,817,9762,448,1,150,368,1,37:57
2024-25,1628401,Derrick White,Derrick,1610612738,BOS,Boston Celtics,0022400811,2025-02-23T00:00:00,BOS vs. NYK,W,36.8,6.8,9.8,0.7,4.9,5.9,0.833,0.0,0.0,0.0,2.0,6.8,8.8,6.8,2.0,1.0,0.0,1.0,1.0,1.0,18.6,18.6,40.4,0,0,41.1,1,1,13086,1,2125,9302,17417,3045,2418,11020,1341,13505,14344,13505,8588,6624,7015,4213,10742,12143,8263,8115,19826,17461,9234,4384,7516,2246,150,6148,1,36:48
2024-25,201939,Stephen Curry,Stephen,1610612744,GSW,Golden State Warriors,0022400812,2025-02-23T00:00:00,GSW vs. DAL,W,28.56,15.1,25.2,0.6,3.8,10.1,0.375,3.8,3.8,1.0,0.0,5.0,5.0,8.8,2.5,1.3,0.0,0.0,3.8,2.5,37.8,17.6,58.4,0,0,58.0,1,1,13086,1,9070,467,787,5394,4498,3399,8800,6124,8297,1,14058,10751,14695,2157,8154,9719,8263,8846,7803,10907,620,4695,1425,2246,150,1029,1,28:34
2024-25,1628983,Shai Gilgeous-Alexander,Shai,1610612760,OKC,Oklahoma City Thunder,0022400820,2025-02-23T00:00:00,OKC @ MIN,W,38.11666666666667,12.3,22.7,0.542,2.8,5.7,0.5,7.6,10.4,0.727,0.0,7.6,7.6,7.6,4.7,2.8,2.8,1.9,2.8,6.6,34.9,15.1,67.6,0,0,64.2,1,1,13086,1,1316,1365,1511,7965,7108,11535,3944,1636,1226,9223,14058,5398,9060,3330,2690,3590,1902,3597,11493,1974,970,5582,537,2246,150,510,1,38:07
2024-25,1630174,Aaron Nesmith,Aaron,1610612754,IND,Indiana Pacers,0022400813,2025-02-23T00:00:00,IND vs. LAC,W,24.716666666666665,10.2,16.0,0.636,2.9,7.3,0.4,4.4,4.4,1.0,2.9,5.8,8.7,1.5,0.0,0.0,0.0,1.5,2.9,4.4,27.7,24.8,40.3,0,0,40.8,1,1,13086,1,12256,3019,7085,4689,6820,7855,7874,5042,7076,1,5558,8730,7118,18151,16469,12854,8263,4955,11124,5425,2904,2870,7547,2246,150,6337,1,24:43
2024-25,1630596,Evan Mobley,Evan,1610612739,CLE,Cleveland Cavaliers,0022400819,2025-02-23T00:00:00,CLE vs. MEM,W,36.016666666666666,10.0,20.0,0.5,1.0,8.0,0.125,4.0,6.0,0.667,4.0,9.0,13.0,8.0,3.0,0.0,3.0,1.0,1.0,6.0,25.0,9.0,58.6,1,0,53.0,1,1,13086,1,2671,3230,2981,8526,14555,6456,14886,5697,4486,9425,3596,3527,2810,2892,6499,12854,1703,7923,19709,2626,4219,8183,1400,1,150,1811,1,36:01
2024-25,1629639,Tyler Herro,Tyler,1610612748,MIA,Miami Heat,0022400817,2025-02-23T00:00:00,MIA @ MIL,L,39.96666666666667,10.8,24.3,0.444,2.7,10.8,0.25,11.7,12.6,0.929,0.9,5.4,6.3,9.9,1.8,0.0,0.0,0.0,0.9,9.9,36.0,6.3,56.7,1,0,54.9,1,13222,1,13222,567,2411,972,13045,7534,2666,11902,372,652,6719,13905,9775,11593,1487,11550,12854,8263,8846,20147,433,822,9466,1701,1,150,1466,1,39:58
2024-25,1629645,Kevin Porter Jr.,Kevin,1610612749,MIL,Milwaukee Bucks,0022400817,2025-02-23T00:00:00,MIL vs. MIA,W,13.583333333333334,10.6,18.6,0.571,0.0,0.0,0.0,8.0,10.6,0.75,0.0,8.0,8.0,5.3,0.0,5.3,0.0,0.0,2.7,8.0,29.2,21.2,62.5,0,0,53.0,1,1,13086,1,20440,2624,4169,6538,15070,20945,15070,1434,1154,8186,14058,4777,8363,6816,16469,738,8263,8846,12240,1049,2386,3648,913,2246,150,1797,1,13:35
2024-25,1641879,Yuri Collins,Yuri,1610612744,GSW,Golden State Warriors,0022400812,2025-02-23T00:00:00,GSW vs. DAL,W,6.183333333333334,5.8,17.5,0.333,0.0,0.0,0.0,0.0,0.0,0.0,5.8,5.8,11.6,5.8,0.0,5.8,0.0,0.0,17.5,0.0,11.6,-23.3,51.8,0,0,40.8,1,1,13086,1,23525,12044,5278,17395,15070,20945,15070,13505,14344,13505,1730,8740,3809,5806,16469,523,8263,8846,167,17725,16527,22406,2756,2246,150,6347,1,6:11
2024-25,1628991,Jaren Jackson Jr.,Jaren,1610612763,MEM,Memphis Grizzlies,0022400819,2025-02-23T00:00:00,MEM @ CLE,L,25.433333333333334,12.7,25.5,0.5,1.4,7.1,0.2,4.2,8.5,0.5,0.0,4.2,4.2,5.7,1.4,2.8,1.4,1.4,7.1,5.7,31.1,9.9,56.1,0,0,51.0,1,13222,1,13222,11634,1132,727,8526,12383,8300,13429,5263,2196,10625,14058,12980,16691,6123,13194,3596,5165,5119,1917,3094,1745,7733,1795,2246,150,2277,1,25:26
2024-25,203507,Giannis Antetokounmpo,Giannis,1610612749,MIL,Milwaukee Bucks,0022400817,2025-02-23T00:00:00,MIL vs. MIA,W,31.916666666666668,12.4,20.3,0.611,1.1,2.3,0.5,0.0,0.0,0.0,3.4,14.7,18.0,7.9,3.4,1.1,1.1,0.0,2.3,1.1,25.9,18.0,62.8,1,0,57.5,1,1,13086,1,6045,1293,2762,5351,13781,19072,3944,13505,14344,13505,4576,630,885,3005,5273,10790,6624,8846,13844,16780,3712,4542,890,1,150,1096,1,31:55
2024-25,1629130,Duncan Robinson,Duncan,1610612748,MIA,Miami Heat,0022400817,2025-02-23T00:00:00,MIA @ MIL,L,20.703333333333333,1.7,5.2,0.333,1.7,5.2,0.333,0.0,0.0,0.0,0.0,7.0,7.0,0.0,3.5,0.0,0.0,0.0,7.0,1.7,5.2,-7.0,10.1,0,0,13.9,1,13222,1,13222,15487,21851,23313,17395,11288,12664,9209,13505,14344,13505,14058,6439,10228,19908,5067,12854,8263,8846,2013,14156,21904,16490,24400,2246,150,23445,1,20:42
2024-25,201572,Brook Lopez,Brook,1610612749,MIL,Milwaukee Bucks,0022400817,2025-02-23T00:00:00,MIL vs. MIA,W,34.266666666666666,6.3,11.6,0.545,2.1,7.4,0.286,3.2,3.2,1.0,2.1,2.1,4.2,1.1,0.0,0.0,2.1,0.0,2.1,3.2,17.9,2.1,30.8,0,0,29.4,1,1,13086,1,4042,10697,14379,7695,9676,7715,11433,7434,9610,1,7943,19356,16795,19521,16469,12854,3200,8846,14604,8726,9961,11567,14215,2246,150,14389,1,34:16
2024-25,203084,Harrison Barnes,Harrison,1610612759,SAS,San Antonio Spurs,0022400818,2025-02-23T00:00:00,SAS @ NOP,L,22.08,6.5,17.9,0.364,4.9,13.0,0.375,3.3,6.5,0.5,3.3,3.3,6.5,3.3,0.0,0.0,1.6,0.0,1.6,4.9,21.2,-22.8,38.8,0,0,39.1,1,13222,1,13222,14437,10131,4767,16861,2418,1278,8800,7185,3861,10625,4819,15906,11124,12112,16469,12854,4479,8846,16778,4312,6930,22294,8531,2246,150,7305,1,22:05
2024-25,203484,Kentavious Caldwell-Pope,Kentavious,1610612753,ORL,Orlando Magic,0022400815,2025-02-23T00:00:00,ORL vs. WAS,W,22.933333333333334,3.1,9.4,0.333,0.0,3.1,0.0,1.6,1.6,1.0,1.6,0.0,1.6,1.6,0.0,0.0,1.6,0.0,1.6,1.6,7.8,11.0,16.8,0,0,14.1,1,1,13086,1,13772,19125,18084,17395,15070,17386,15070,11647,13424,1,10045,22137,22482,17740,16469,12854,4644,8846,16962,14726,20044,7240,22564,2246,150,23383,1,22:56
2024-25,1626172,Kevon Looney,Kevon,1610612744,GSW,Golden State Warriors,0022400812,2025-02-23T00:00:00,GSW vs. DAL,W,12.976666666666667,8.3,13.9,0.6,0.0,0.0,0.0,2.8,5.5,0.5,5.5,2.8,8.3,0.0,2.8,2.8,2.8,2.8,8.3,5.5,19.4,22.2,43.3,0,0,38.8,1,1,13086,1,20752,5942,10398,5394,15070,20945,15070,8404,5129,10625,1920,17496,7737,19908,7314,3752,1993,1638,1219,3267,8449,3418,5997,2246,150,7491,1,12:59
2024-25,1628379,Luke Kennard,Luke,1610612763,MEM,Memphis Grizzlies,0022400819,2025-02-23T00:00:00,MEM @ CLE,L,25.583333333333332,8.4,11.3,0.75,4.2,7.0,0.6,5.6,5.6,1.0,0.0,5.6,5.6,2.8,0.0,0.0,0.0,0.0,4.2,4.2,26.7,-2.8,37.7,0,0,39.4,1,13222,1,13222,11499,5729,14914,2107,3528,8382,2992,3279,5003,1,14058,9232,13216,13541,16469,12854,8263,8846,6494,5787,3329,14464,9216,2246,150,7131,1,25:35
2024-25,1642276,Kel'el Ware,Kel'el,1610612748,MIA,Miami Heat,0022400817,2025-02-23T00:00:00,MIA @ MIL,L,36.903333333333336,5.9,9.8,0.6,0.0,2.0,0.0,0.0,0.0,0.0,3.9,7.8,11.7,3.9,1.0,0.0,1.0,0.0,3.9,0.0,11.7,-1.0,33.6,1,0,29.3,1,13222,1,13222,2056,11945,17463,5394,15070,19641,15070,13505,14344,13505,3722,5003,3751,10221,15996,12854,7652,8846,7441,17725,16445,13519,12152,1,150,14504,1,36:54
2024-25,1630557,Corey Kispert,Corey,1610612764,WAS,Washington Wizards,0022400815,2025-02-23T00:00:00,WAS @ ORL,L,28.795,3.8,15.0,0.25,1.3,7.5,0.167,2.5,3.8,0.667,0.0,1.3,1.3,1.3,2.5,0.0,0.0,0.0,1.3,2.5,11.3,-25.0,12.1,0,0,15.0,1,13222,1,13222,8848,17710,8604,20233,13099,7396,14236,9048,8372,9425,14058,21398,22879,18842,8243,12854,8263,8846,18274,10986,16947,22808,23977,2246,150,23058,1,28:48
2024-25,1627759,Jaylen Brown,Jaylen,1610612738,BOS,Boston Celtics,0022400811,2025-02-23T00:00:00,BOS vs. NYK,W,36.61666666666667,9.8,20.6,0.476,2.0,6.9,0.286,2.0,2.0,1.0,1.0,6.9,7.9,2.0,2.0,2.0,0.0,0.0,2.0,2.9,23.6,13.8,39.9,0,0,39.3,1,1,13086,1,2270,3428,2545,12010,10316,8707,11433,10756,12810,1,13392,6565,8524,16493,10682,6409,8263,8846,15319,9425,5060,6094,7813,2246,150,7177,1,36:37
2024-25,1629026,Kenrich Williams,Kenrich,1610612760,OKC,Oklahoma City Thunder,0022400820,2025-02-23T00:00:00,OKC @ MIN,W,3.4816666666666665,10.3,10.3,1.0,0.0,0.0,0.0,0.0,0.0,0.0,0.0,0.0,0.0,10.3,0.0,0.0,0.0,0.0,0.0,0.0,20.7,20.7,36.2,0,0,31.0,1,1,13086,1,24725,2878,16483,1,15070,20945,15070,13505,14344,13505,14058,22137,23286,1263,16469,12854,8263,8846,20257,17725,7333,3764,10246,2246,150,13141,1,3:29
2024-25,203952,Andrew Wiggins,Andrew,1610612748,MIA,Miami Heat,0022400817,2025-02-23T00:00:00,MIA @ MIL,L,39.95,6.3,18.0,0.35,0.9,4.5,0.2,4.5,6.3,0.714,1.8,3.6,5.4,3.6,3.6,0.9,0.9,2.7,2.7,4.5,18.0,-13.5,31.7,0,0,31.5,1,13222,1,13222,571,10685,4638,17337,14959,14417,13429,4831,4118,9244,9233,14914,13804,11075,4767,12664,8082,1741,12033,5128,9811,19312,13536,2246,150,12746,1,39:57
2024-25,1630702,Jaden Hardy,Jaden,1610612742,DAL,Dallas Mavericks,0022400812,2025-02-23T00:00:00,DAL @ GSW,L,15.833333333333334,9.1,15.9,0.571,2.3,4.5,0.5,4.5,11.4,0.4,0.0,2.3,2.3,2.3,9.1,0.0,0.0,0.0,6.8,11.4,25.0,0.0,22.1,0,0,31.8,1,13222,1,13222,19040,4536,7230,6538,8952,14324,3944,4757,926,13061,14058,18843,21258,15331,409,12854,8263,8846,2123,248,4211,12240,20109,2246,150,12508,1,15:50
2024-25,1631260,AJ Green,AJ,1610612749,MIL,Milwaukee Bucks,0022400817,2025-02-23T00:00:00,MIL vs. MIA,W,30.05,2.4,7.2,0.333,1.2,6.0,0.2,0.0,0.0,0.0,0.0,1.2,1.2,2.4,1.2,1.2,0.0,0.0,3.6,0.0,6.0,-1.2,13.4,0,0,13.2,1,1,13086,1,7740,20675,21331,17395,13377,10724,13429,13505,14344,13505,14058,21512,22943,14891,14456,10184,8263,8846,8443,17725,21401,13674,23655,2246,150,23657,1,30:03
2024-25,1630572,Sandro Mamukelashvili,Sandro,1610612759,SAS,San Antonio Spurs,0022400818,2025-02-23T00:00:00,SAS @ NOP,L,7.216666666666667,0.0,10.0,0.0,0.0,10.0,0.0,10.0,10.0,1.0,5.0,0.0,5.0,0.0,0.0,0.0,0.0,0.0,5.0,5.0,10.0,24.9,16.0,0,0,15.0,1,13222,1,13222,23090,22635,17092,22635,15070,3509,15070,703,1383,1,2387,22137,14817,19908,16469,12854,8263,8846,4627,4139,18176,2836,22874,2246,150,23070,1,7:13
2024-25,1626157,Karl-Anthony Towns,Karl-Anthony,1610612752,NYK,New York Knicks,0022400811,2025-02-23T00:00:00,NYK @ BOS,L,41.325,7.8,17.4,0.45,2.6,3.5,0.75,2.6,2.6,1.0,4.4,11.3,15.7,0.0,0.9,0.0,0.0,1.7,3.5,1.7,20.9,-0.9,38.9,1,0,39.2,1,13222,1,13222,323,6993,5326,12982,7780,16686,1542,8773,10946,1,3096,1733,1529,19908,16396,12854,8263,4047,8790,14141,7159,13461,8512,1,150,7272,1,41:20
2024-25,1628960,Grayson Allen,Grayson,1610612756,PHX,Phoenix Suns,0022400816,2025-02-23T00:00:00,PHX @ TOR,L,23.493333333333332,6.1,9.2,0.667,1.5,3.1,0.5,0.0,0.0,0.0,1.5,4.6,6.1,1.5,3.1,0.0,0.0,0.0,1.5,4.6,13.8,-33.7,20.4,0,0,23.0,1,13222,1,13222,13315,11144,18414,3281,11920,17525,3944,13505,14344,13505,10186,11988,11978,17864,6245,12854,8263,8846,17109,4950,14173,24265,20990,2246,150,19032,1,23:30
2024-25,1631323,Simone Fontecchio,Simone,1610612765,DET,Detroit Pistons,0022400814,2025-02-23T00:00:00,DET @ ATL,W,4.533333333333333,7.9,23.8,0.333,0.0,0.0,0.0,0.0,0.0,0.0,0.0,7.9,7.9,7.9,7.9,0.0,0.0,0.0,0.0,0.0,15.9,-39.7,29.4,0,0,31.8,1,1,13086,1,24213,6751,1112,17395,15070,20945,15070,13505,14344,13505,14058,4791,8379,2949,601,12854,8263,8846,20257,17725,12036,24824,15226,2246,150,12561,1,4:32
2024-25,1641783,Tristan da Silva,Tristan,1610612753,ORL,Orlando Magic,0022400815,2025-02-23T00:00:00,ORL vs. WAS,W,6.383333333333334,5.6,11.3,0.5,5.6,5.6,1.0,0.0,0.0,0.0,0.0,0.0,0.0,0.0,0.0,0.0,0.0,0.0,16.9,0.0,16.9,-22.6,16.9,0,0,22.6,1,1,13086,1,23420,12582,14867,8526,1625,11604,1,13505,14344,13505,14058,22137,23286,19908,16469,12854,8263,8846,178,17725,10940,22233,22523,2246,150,19312,1,6:23
2024-25,1630541,Moses Moody,Moses,1610612744,GSW,Golden State Warriors,0022400812,2025-02-23T00:00:00,GSW vs. DAL,W,27.273333333333333,6.6,13.2,0.5,1.3,5.3,0.25,4.0,5.3,0.75,2.6,2.6,5.3,1.3,0.0,1.3,1.3,0.0,1.3,2.6,18.5,21.1,34.7,0,0,31.7,1,1,13086,1,10128,9929,11482,8526,12784,12524,11902,5769,5496,8186,6250,17853,14092,18597,16469,9353,5565,8846,17955,10513,9340,3672,11277,2246,150,12643,1,27:16
2024-25,1627884,Derrick Jones Jr.,Derrick,1610612746,LAC,LA Clippers,0022400813,2025-02-23T00:00:00,LAC @ IND,L,19.31833333333333,5.6,16.8,0.333,0.0,9.3,0.0,0.0,0.0,0.0,0.0,0.0,0.0,0.0,1.9,1.9,0.0,0.0,1.9,0.0,11.2,-31.7,14.9,0,0,14.9,1,13222,1,13222,16562,12733,6089,17395,15070,4359,15070,13505,14344,13505,14058,22137,23286,19908,11259,6965,8263,8846,15877,17725,17009,23990,23211,2246,150,23089,1,19:19
2024-25,1631094,Paolo Banchero,Paolo,1610612753,ORL,Orlando Magic,0022400815,2025-02-23T00:00:00,ORL vs. WAS,W,29.583333333333332,6.1,14.6,0.417,1.2,2.4,0.5,9.7,11.0,0.889,2.4,3.7,6.1,6.1,3.7,0.0,1.2,1.2,1.2,6.1,23.1,21.9,39.5,0,0,38.9,1,1,13086,1,8157,11266,9198,14532,13275,18744,3944,771,1040,6857,6825,14788,12083,5342,4673,12854,6068,6145,18437,2516,5401,3481,8045,2246,150,7419,1,29:35
2024-25,1630183,Jaden McDaniels,Jaden,1610612750,MIN,Minnesota Timberwolves,0022400820,2025-02-23T00:00:00,MIN vs. OKC,L,39.641666666666666,4.5,13.6,0.333,0.9,5.4,0.167,5.4,5.4,1.0,5.4,6.4,11.8,0.9,1.8,0.0,0.9,0.9,1.8,2.7,15.4,-14.5,31.9,1,0,30.9,1,13222,1,13222,672,15651,10795,17395,14935,12084,14236,3480,5252,1,1978,7582,3656,19858,11477,12854,8055,8617,16105,10243,12476,19719,13419,1,150,13274,1,39:39
2024-25,1629622,Max Strus,Max,1610612739,CLE,Cleveland Cavaliers,0022400819,2025-02-23T00:00:00,CLE vs. MEM,W,30.593333333333334,3.5,9.4,0.375,3.5,9.4,0.375,2.4,2.4,1.0,4.7,4.7,9.4,3.5,1.2,0.0,1.2,0.0,3.5,2.4,12.9,12.9,31.9,0,0,31.8,1,1,13086,1,7239,18250,18091,16299,5081,4234,8800,9442,11615,1,2666,11679,6162,11305,14605,12854,6321,8846,8664,11523,15151,6416,13410,2246,150,12560,1,30:36
2024-25,203468,CJ McCollum,CJ,1610612740,NOP,New Orleans Pelicans,0022400818,2025-02-23T00:00:00,NOP vs. SAS,W,29.016666666666666,5.0,13.6,0.364,2.5,7.4,0.333,2.5,2.5,1.0,1.2,2.5,3.7,8.7,5.0,0.0,0.0,0.0,1.2,1.2,14.9,16.1,27.4,0,0,29.8,1,1,13086,1,8656,14504,10744,16861,8216,7515,9209,9103,11252,1,11533,18242,18013,2281,2390,12854,8263,8846,18324,16179,13031,5206,16643,2246,150,14122,1,29:01
2024-25,1629631,De'Andre Hunter,De'Andre,1610612739,CLE,Cleveland Cavaliers,0022400819,2025-02-23T00:00:00,CLE vs. MEM,W,25.341666666666665,5.7,14.2,0.4,0.0,5.7,0.0,5.7,5.7,1.0,2.8,8.5,11.4,2.8,2.8,0.0,0.0,1.4,4.3,2.8,17.0,2.8,32.1,0,0,31.3,1,1,13086,1,11712,12470,9825,14933,15070,11503,15070,3205,4920,1,5759,4030,4081,13471,7057,12854,8263,5099,6397,9816,10800,11200,13249,2246,150,12964,1,25:21
2024-25,203078,Bradley Beal,Bradley,1610612756,PHX,Phoenix Suns,0022400816,2025-02-23T00:00:00,PHX @ TOR,L,41.36666666666667,10.4,13.1,0.8,0.9,1.7,0.5,4.4,6.1,0.714,0.9,2.6,3.5,0.9,0.0,0.0,0.0,0.0,2.6,6.1,26.1,-15.7,31.6,0,0,31.3,1,13222,1,13222,313,2768,11769,1688,15010,19998,3944,5066,4361,9244,13971,17924,18589,19883,16469,12854,8263,8846,12388,2513,3624,20136,13617,2246,150,12909,1,41:22
2024-25,1630639,A.J. Lawson,A.J.,1610612761,TOR,Toronto Raptors,0022400816,2025-02-23T00:00:00,TOR vs. PHX,W,1.2166666666666666,0.0,0.0,0.0,0.0,0.0,0.0,0.0,0.0,0.0,0.0,29.6,29.6,0.0,0.0,0.0,0.0,0.0,0.0,0.0,0.0,0.0,35.5,0,0,29.6,1,1,13086,1,25950,22635,24836,22635,15070,20945,15070,13505,14344,13505,14058,37,88,19908,16469,12854,8263,8846,20257,17725,23200,12240,10718,2246,150,14247,1,1:13
2024-25,1631246,Vince Williams Jr.,Vince,1610612763,MEM,Memphis Grizzlies,0022400819,2025-02-23T00:00:00,MEM @ CLE,L,19.81,3.6,9.1,0.4,1.8,3.6,0.5,9.1,9.1,1.0,1.8,0.0,1.8,1.8,5.5,3.6,0.0,0.0,3.6,5.5,18.2,12.7,28.5,0,0,30.9,1,13222,1,13222,16172,17999,18584,14933,11009,16367,3944,972,1822,1,9179,22137,22134,17036,1852,2056,8263,8846,8315,3414,9650,6508,15853,2246,150,13257,1,19:49
2024-25,1641711,Gradey Dick,Gradey,1610612761,TOR,Toronto Raptors,0022400816,2025-02-23T00:00:00,TOR vs. PHX,W,26.466666666666665,4.1,8.2,0.5,4.1,5.4,0.75,0.0,2.7,0.0,0.0,2.7,2.7,4.1,2.7,0.0,0.0,0.0,1.4,4.1,12.2,13.6,18.9,0,0,23.1,1,1,13086,1,10757,16892,20002,8526,3828,12100,1542,13505,10690,13505,14058,17633,20403,9702,7462,12854,8263,8846,17790,6093,15882,6165,21697,2246,150,18915,1,26:28
2024-25,1629611,Terance Mann,Terance,1610612737,ATL,Atlanta Hawks,0022400814,2025-02-23T00:00:00,ATL vs. DET,L,13.728333333333333,2.6,2.6,1.0,0.0,0.0,0.0,0.0,5.2,0.0,5.2,2.6,7.9,0.0,0.0,0.0,0.0,0.0,5.2,2.6,5.2,-31.5,14.7,0,0,13.1,1,13222,1,13222,20347,20241,24609,1,15070,20945,15070,13505,5538,13505,2149,17892,8523,19908,16469,12854,8263,8846,4118,10575,21884,23960,23286,2246,150,23679,1,13:44
2024-25,1626179,Terry Rozier,Terry,1610612748,MIA,Miami Heat,0022400817,2025-02-23T00:00:00,MIA @ MIL,L,9.833333333333334,0.0,14.6,0.0,0.0,7.3,0.0,7.3,7.3,1.0,0.0,7.3,7.3,0.0,0.0,0.0,0.0,0.0,0.0,3.7,7.3,-25.6,16.1,0,0,14.6,1,13222,1,13222,22156,22635,9139,22635,15070,7780,15070,1786,3076,1,14058,5805,9531,19908,16469,12854,8263,8846,20257,7234,20470,22944,22807,2246,150,23197,1,9:50
2024-25,1630540,Miles McBride,Miles,1610612752,NYK,New York Knicks,0022400811,2025-02-23T00:00:00,NYK @ BOS,L,27.233333333333334,1.3,9.3,0.143,0.0,5.3,0.0,0.0,0.0,0.0,0.0,2.6,2.6,2.6,0.0,1.3,1.3,1.3,1.3,0.0,2.6,-5.3,17.7,0,0,13.2,1,13222,1,13222,10157,22375,18330,22260,15070,12498,15070,13505,14344,13505,14058,17837,20555,14071,16469,9337,5552,5537,17943,17725,23037,15739,22211,2246,150,23642,1,27:14
2024-25,1630283,Kylor Kelley,Kylor,1610612742,DAL,Dallas Mavericks,0022400812,2025-02-23T00:00:00,DAL @ GSW,L,6.4,5.6,11.3,0.5,0.0,0.0,0.0,0.0,0.0,0.0,0.0,5.6,5.6,5.6,0.0,0.0,0.0,0.0,0.0,0.0,11.3,22.5,26.4,0,0,22.5,1,13222,1,13222,23409,12631,14928,8526,15070,20945,15070,13505,14344,13505,14058,9240,13224,6197,16469,12854,8263,8846,20257,17725,16948,3366,17329,2246,150,19354,1,6:24
2024-25,1626145,Tyus Jones,Tyus,1610612756,PHX,Phoenix Suns,0022400816,2025-02-23T00:00:00,PHX @ TOR,L,14.736666666666666,0.0,2.4,0.0,0.0,2.4,0.0,0.0,0.0,0.0,0.0,2.4,2.4,7.3,7.3,2.4,0.0,0.0,2.4,2.4,0.0,-7.3,13.9,0,0,14.7,1,13222,1,13222,19744,22635,24660,22635,15070,18727,15070,13505,14344,13505,14058,18355,20913,3590,767,4556,8263,8846,13021,11190,23200,16651,23518,2246,150,23193,1,14:44
2024-25,1630175,Cole Anthony,Cole,1610612753,ORL,Orlando Magic,0022400815,2025-02-23T00:00:00,ORL vs. WAS,W,20.833333333333332,1.7,15.6,0.111,1.7,3.5,0.5,3.5,3.5,1.0,1.7,0.0,1.7,1.7,0.0,0.0,0.0,0.0,5.2,5.2,8.6,13.8,13.3,0,0,13.8,1,1,13086,1,15405,21865,7760,22520,11315,16743,3944,6785,8975,1,9480,22137,22264,17287,16469,12854,8263,8846,4226,3793,19395,6070,23690,2246,150,23466,1,20:50
2024-25,1630230,Naji Marshall,Naji,1610612742,DAL,Dallas Mavericks,0022400812,2025-02-23T00:00:00,DAL @ GSW,L,21.066666666666666,5.1,13.7,0.375,1.7,6.8,0.25,3.4,3.4,1.0,1.7,6.8,8.5,3.4,3.4,0.0,0.0,0.0,1.7,1.7,15.4,-47.8,27.3,0,0,29.1,1,13222,1,13222,15243,14016,10690,16299,11370,8810,11902,6855,9049,1,9550,6642,7408,11636,5191,12854,8263,8846,16505,14238,12541,25307,16708,2246,150,14662,1,21:04
2024-25,1626166,Cameron Payne,Cameron,1610612752,NYK,New York Knicks,0022400811,2025-02-23T00:00:00,NYK @ BOS,L,10.466666666666667,10.3,20.6,0.5,3.4,10.3,0.333,0.0,0.0,0.0,0.0,3.4,3.4,0.0,0.0,0.0,0.0,0.0,6.9,0.0,24.1,-13.8,28.2,0,0,31.0,1,13222,1,13222,21929,2898,2549,8526,5288,3137,9209,13505,14344,13505,14058,15409,18687,19908,16469,12854,8263,8846,2078,17725,4750,19404,16070,2246,150,13198,1,10:28
2024-25,1642345,Oso Ighodaro,Oso,1610612756,PHX,Phoenix Suns,0022400816,2025-02-23T00:00:00,PHX @ TOR,L,1.2166666666666666,0.0,0.0,0.0,0.0,0.0,0.0,0.0,0.0,0.0,29.6,0.0,29.6,0.0,0.0,0.0,0.0,0.0,0.0,0.0,0.0,0.0,35.5,0,0,29.6,1,13222,1,13222,25950,22635,24836,22635,15070,20945,15070,13505,14344,13505,16,22137,88,19908,16469,12854,8263,8846,20257,17725,23200,12240,10718,2246,150,14247,1,1:13
2024-25,1641765,Olivier-Maxence Prosper,Olivier-Maxence,1610612742,DAL,Dallas Mavericks,0022400812,2025-02-23T00:00:00,DAL @ GSW,L,17.166666666666668,4.2,8.4,0.5,2.1,2.1,1.0,4.2,8.4,0.5,0.0,2.1,2.1,0.0,2.1,2.1,0.0,0.0,0.0,4.2,14.7,0.0,21.4,0,0,23.1,1,13222,1,13222,18157,16609,19653,8526,9696,19373,1,5354,2265,10625,14058,19368,21618,19908,10011,5800,8263,8846,20257,5860,13213,12240,20474,2246,150,18967,1,17:10
2024-25,1628368,De'Aaron Fox,De'Aaron,1610612759,SAS,San Antonio Spurs,0022400818,2025-02-23T00:00:00,SAS @ NOP,L,34.13333333333333,3.2,16.9,0.188,1.1,7.4,0.143,6.3,7.4,0.857,1.1,6.3,7.4,5.3,4.2,1.1,1.1,1.1,1.1,6.3,13.7,-23.2,32.6,0,0,31.6,1,13222,1,13222,4140,19075,5941,21885,14224,7657,14649,2560,3011,7071,12843,7641,9406,6888,3472,11445,7100,7456,19385,2260,14270,22386,12890,2246,150,12679,1,34:08
2024-25,1641854,Craig Porter Jr.,Craig,1610612739,CLE,Cleveland Cavaliers,0022400819,2025-02-23T00:00:00,CLE vs. MEM,W,4.683333333333334,0.0,15.4,0.0,0.0,7.7,0.0,0.0,0.0,0.0,0.0,0.0,0.0,0.0,0.0,7.7,0.0,7.7,0.0,0.0,0.0,-7.7,23.1,0,0,15.4,1,1,13086,1,24147,22635,7998,22635,15070,7022,15070,13505,14344,13505,14058,22137,23286,19908,16469,233,8263,116,20257,17725,23200,16819,19520,2246,150,22926,1,4:41
2024-25,201142,Kevin Durant,Kevin,1610612756,PHX,Phoenix Suns,0022400816,2025-02-23T00:00:00,PHX @ TOR,L,39.8,4.5,13.6,0.333,0.0,4.5,0.0,4.5,6.3,0.714,0.0,3.6,3.6,3.6,1.8,2.7,2.7,0.9,1.8,5.4,13.6,-12.7,37.8,0,0,31.7,1,13222,1,13222,617,15706,10883,17395,15070,14376,15070,4798,4086,9244,14058,14873,18277,11036,11507,3878,2063,8639,16138,3436,14419,19004,9158,2246,150,12660,1,39:48
2024-25,1630598,Aaron Wiggins,Aaron,1610612760,OKC,Oklahoma City Thunder,0022400820,2025-02-23T00:00:00,OKC @ MIN,W,19.066666666666666,7.6,11.3,0.667,7.6,7.6,1.0,5.7,7.6,0.75,0.0,0.0,0.0,0.0,1.9,0.0,1.9,0.0,3.8,3.8,28.3,15.1,32.1,0,0,39.7,1,1,13086,1,16774,7634,14780,3281,576,7266,1,3230,2847,8186,14058,22137,23286,19908,11110,12854,3799,8846,7813,6913,2664,5583,13255,2246,150,6975,1,19:04
2024-25,1631097,Bennedict Mathurin,Bennedict,1610612754,IND,Indiana Pacers,0022400813,2025-02-23T00:00:00,IND vs. LAC,W,21.333333333333332,5.1,10.1,0.5,0.0,3.4,0.0,3.4,3.4,1.0,0.0,1.7,1.7,1.7,3.4,0.0,1.7,0.0,3.4,1.7,13.5,-5.1,19.7,0,0,20.3,1,1,13086,1,15046,14203,16867,8526,15070,16921,15070,6948,9154,1,14058,20492,22319,17405,5293,12854,4323,8846,9166,14314,14501,15631,21290,2246,150,20725,1,21:20
2024-25,1626167,Myles Turner,Myles,1610612754,IND,Indiana Pacers,0022400813,2025-02-23T00:00:00,IND vs. LAC,W,31.166666666666668,5.8,12.7,0.455,4.6,9.2,0.5,3.5,3.5,1.0,0.0,6.9,6.9,4.6,1.2,0.0,2.3,1.2,4.6,2.3,19.6,31.2,40.7,0,0,40.4,1,1,13086,1,6734,12181,12373,12676,2856,4468,3944,6765,8951,1,14058,6490,10276,8369,14759,12854,2722,6595,5490,11706,8217,1811,7354,2246,150,6531,1,31:10
2024-25,1642277,Johnny Furphy,Johnny,1610612754,IND,Indiana Pacers,0022400813,2025-02-23T00:00:00,IND vs. LAC,W,3.15,0.0,0.0,0.0,0.0,0.0,0.0,0.0,0.0,0.0,0.0,0.0,0.0,0.0,0.0,0.0,0.0,0.0,11.4,0.0,0.0,11.4,0.0,0,0,0.0,1,1,13086,1,24919,22635,24836,22635,15070,20945,15070,13505,14344,13505,14058,22137,23286,19908,16469,12854,8263,8846,484,17725,23200,7043,25228,2246,150,25259,1,3:09
2024-25,203957,Danté Exum,Danté,1610612742,DAL,Dallas Mavericks,0022400812,2025-02-23T00:00:00,DAL @ GSW,L,20.016666666666666,3.6,7.2,0.5,1.8,3.6,0.5,0.0,0.0,0.0,0.0,0.0,0.0,9.0,1.8,0.0,0.0,0.0,3.6,0.0,9.0,-16.2,20.7,0,0,19.8,1,13222,1,13222,16001,18089,21322,8526,11083,16447,3944,13505,14344,13505,14058,22137,23286,2029,11561,12854,8263,8846,8436,17725,19093,20321,20851,2246,150,20991,1,20:01
2024-25,1627741,Buddy Hield,Buddy,1610612744,GSW,Golden State Warriors,0022400812,2025-02-23T00:00:00,GSW vs. DAL,W,17.823333333333334,2.0,8.1,0.25,2.0,6.1,0.333,0.0,0.0,0.0,0.0,4.0,4.0,4.0,0.0,0.0,2.0,0.0,2.0,0.0,6.1,38.4,23.0,0,0,20.2,1,1,13086,1,17695,21372,20123,20233,10067,10544,9209,13505,14344,13505,14058,13598,17215,9832,16469,12854,3420,8846,15030,17725,21351,1084,19546,2246,150,20748,1,17:49
2024-25,1630558,Davion Mitchell,Davion,1610612748,MIA,Miami Heat,0022400817,2025-02-23T00:00:00,MIA @ MIL,L,33.541666666666664,2.1,4.3,0.5,1.1,3.2,0.333,0.0,0.0,0.0,1.1,3.2,4.3,5.4,0.0,1.1,1.1,0.0,4.3,1.1,5.4,2.1,25.0,0,0,20.4,1,13222,1,13222,4695,21153,23932,8526,14112,17230,9209,13505,14344,13505,12696,16022,16553,6696,16469,11247,6960,8846,6308,17043,21815,11541,18281,2246,150,20635,1,33:33
2024-25,1631114,Jalen Williams,Jalen,1610612760,OKC,Oklahoma City Thunder,0022400820,2025-02-23T00:00:00,OKC @ MIN,W,36.4,5.9,13.8,0.429,3.0,4.9,0.6,3.0,4.0,0.75,0.0,3.0,3.0,8.9,3.0,3.0,1.0,1.0,4.0,5.9,17.8,-2.0,43.6,0,0,40.5,1,1,13086,1,2413,11691,10424,13735,6628,13328,2992,7903,7930,8186,14058,16833,19815,2110,6596,3224,7544,8014,7260,2704,10024,14027,5844,2246,150,6478,1,36:24
2024-25,1630173,Precious Achiuwa,Precious,1610612752,NYK,New York Knicks,0022400811,2025-02-23T00:00:00,NYK @ BOS,L,14.616666666666667,0.0,4.9,0.0,0.0,2.5,0.0,0.0,0.0,0.0,0.0,2.5,2.5,7.4,2.5,0.0,0.0,0.0,2.5,0.0,0.0,-22.2,11.6,0,0,9.9,1,13222,1,13222,19811,22635,23511,22635,15070,18694,15070,13505,14344,13505,14058,18287,20871,3525,8393,12854,8263,8846,12931,17725,23200,22118,24117,2246,150,24457,1,14:37
2024-25,1628371,Jonathan Isaac,Jonathan,1610612753,ORL,Orlando Magic,0022400815,2025-02-23T00:00:00,ORL vs. WAS,W,15.883333333333333,0.0,4.5,0.0,0.0,2.3,0.0,0.0,0.0,0.0,2.3,6.8,9.1,2.3,0.0,4.5,0.0,0.0,2.3,0.0,0.0,11.3,27.9,0,0,20.4,1,1,13086,1,19006,22635,23785,22635,15070,19052,15070,13505,14344,13505,7360,6705,6635,15357,16469,1205,8263,8846,13795,17725,23200,7084,16317,2246,150,20627,1,15:53
2024-25,1631157,Ryan Rollins,Ryan,1610612749,MIL,Milwaukee Bucks,0022400817,2025-02-23T00:00:00,MIL vs. MIA,W,0.08166666666666667,0.0,0.0,0.0,0.0,0.0,0.0,0.0,0.0,0.0,0.0,0.0,0.0,0.0,0.0,0.0,0.0,0.0,0.0,0.0,0.0,-440.8,0.0,0,0,0.0,1,1,13086,1,26283,22635,24836,22635,15070,20945,15070,13505,14344,13505,14058,22137,23286,19908,16469,12854,8263,8846,20257,17725,23200,26295,25228,2246,150,25259,1,0:05
2024-25,1631105,Jalen Duren,Jalen,1610612765,DET,Detroit Pistons,0022400814,2025-02-23T00:00:00,DET @ ATL,W,23.026666666666667,9.4,9.4,1.0,0.0,0.0,0.0,1.6,3.1,0.5,1.6,6.3,7.8,9.4,1.6,1.6,0.0,0.0,3.1,4.7,20.3,-4.7,46.9,0,0,40.6,1,1,13086,1,13707,4063,18147,1,15070,20945,15070,11659,9653,10625,10061,7780,8585,1769,12492,8136,8263,8846,10182,4739,7638,15416,4349,2246,150,6411,1,23:02
2024-25,1629652,Luguentz Dort,Luguentz,1610612760,OKC,Oklahoma City Thunder,0022400820,2025-02-23T00:00:00,OKC @ MIN,W,32.17,2.2,4.5,0.5,0.0,2.2,0.0,0.0,0.0,0.0,0.0,3.4,3.4,2.2,0.0,1.1,0.0,0.0,3.4,3.4,4.5,-1.1,15.2,0,0,12.3,1,1,13086,1,5834,20971,23820,8526,15070,19101,15070,13505,14344,13505,14058,15624,18858,15487,16469,10871,8263,8846,9228,8078,22306,13630,23110,2246,150,23916,1,32:10
2024-25,1641767,Ben Sheppard,Ben,1610612754,IND,Indiana Pacers,0022400813,2025-02-23T00:00:00,IND vs. LAC,W,17.09,0.0,4.2,0.0,0.0,4.2,0.0,4.2,4.2,1.0,0.0,8.4,8.4,0.0,0.0,0.0,0.0,0.0,6.3,4.2,4.2,4.2,14.3,0,0,12.6,1,1,13086,1,18207,22635,23983,22635,15070,15089,15070,5329,7394,1,14058,4132,7586,19908,16469,12854,8263,8846,2580,5809,22459,10534,23392,2246,150,23824,1,17:05
2024-25,1630611,Gui Santos,Gui,1610612744,GSW,Golden State Warriors,0022400812,2025-02-23T00:00:00,GSW vs. DAL,W,19.883333333333333,3.6,9.1,0.4,1.8,7.2,0.25,0.0,0.0,0.0,9.1,5.4,14.5,1.8,1.8,0.0,3.6,0.0,1.8,0.0,9.1,-5.4,38.2,0,0,34.4,1,1,13086,1,16109,18030,18638,14933,11031,7952,11902,13505,14344,13505,540,9709,2005,17052,11496,12854,1134,8846,16122,17725,19028,15798,8892,2246,150,10525,1,19:53
2024-25,1629234,Drew Eubanks,Drew,1610612746,LAC,LA Clippers,0022400813,2025-02-23T00:00:00,LAC @ IND,L,11.233333333333333,3.2,9.6,0.333,0.0,3.2,0.0,0.0,0.0,0.0,3.2,0.0,3.2,3.2,0.0,0.0,0.0,3.2,0.0,3.2,6.4,-19.2,15.1,0,0,12.8,1,13222,1,13222,21610,18980,17736,17395,15070,17258,15070,13505,14344,13505,4929,22137,19217,12280,16469,12854,8263,1151,20257,8540,21115,21320,23161,2246,150,23769,1,11:14
2024-25,1641716,Jarace Walker,Jarace,1610612754,IND,Indiana Pacers,0022400813,2025-02-23T00:00:00,IND vs. LAC,W,3.15,0.0,0.0,0.0,0.0,0.0,0.0,0.0,0.0,0.0,0.0,11.4,11.4,22.9,0.0,0.0,0.0,0.0,0.0,0.0,0.0,11.4,48.0,0,0,34.3,1,1,13086,1,24919,22635,24836,22635,15070,20945,15070,13505,14344,13505,14058,1682,4029,54,16469,12854,8263,8846,20257,17725,23200,7043,3973,2246,150,10617,1,3:09
2024-25,1642274,Yves Missi,Yves,1610612740,NOP,New Orleans Pelicans,0022400818,2025-02-23T00:00:00,NOP vs. SAS,W,22.716666666666665,4.8,14.3,0.333,0.0,0.0,0.0,0.0,3.2,0.0,9.5,14.3,23.8,1.6,1.6,0.0,0.0,4.8,3.2,6.3,9.5,9.5,38.8,0,0,34.9,1,1,13086,1,13938,15102,9750,17395,15070,20945,15070,13505,9569,13505,473,703,229,17696,12401,12854,8263,424,10002,2249,18628,7941,8522,2246,150,10186,1,22:43
2024-25,1631243,Mouhamed Gueye,Mouhamed,1610612737,ATL,Atlanta Hawks,0022400814,2025-02-23T00:00:00,ATL vs. DET,L,12.076666666666666,3.0,11.9,0.25,0.0,6.0,0.0,0.0,0.0,0.0,3.0,3.0,6.0,0.0,3.0,0.0,0.0,0.0,6.0,0.0,6.0,14.9,10.1,0,0,11.9,1,13222,1,13222,21198,19473,13722,20233,15070,10781,15070,13505,14344,13505,5392,16802,12381,19908,6563,12854,8263,8846,3002,17725,21425,5670,24390,2246,150,24001,1,12:05
2024-25,201143,Al Horford,Al,1610612738,BOS,Boston Celtics,0022400811,2025-02-23T00:00:00,BOS vs. NYK,W,25.016666666666666,2.9,4.3,0.667,0.0,0.0,0.0,0.0,0.0,0.0,2.9,1.4,4.3,1.4,0.0,0.0,0.0,0.0,4.3,0.0,5.8,14.4,13.1,0,0,11.5,1,1,13086,1,11990,19712,23905,3281,15070,20945,15070,13505,14344,13505,5645,21009,16492,18209,16469,12854,8263,8846,6224,17725,21560,5864,23741,2246,150,24111,1,25:01
2024-25,1630699,MarJon Beauchamp,MarJon,1610612746,LAC,LA Clippers,0022400813,2025-02-23T00:00:00,LAC @ IND,L,12.6,8.6,14.3,0.6,2.9,2.9,1.0,5.7,11.4,0.5,5.7,2.9,8.6,2.9,2.9,0.0,0.0,0.0,5.7,5.7,25.7,11.4,37.4,0,0,40.0,1,13222,1,13222,20943,5483,9714,5394,7027,17945,1,3170,910,10625,1804,17212,7359,13423,7002,12854,8263,8846,3362,3015,3816,7043,9391,2246,150,6780,1,12:36
2024-25,1631221,Collin Gillespie,Collin,1610612756,PHX,Phoenix Suns,0022400816,2025-02-23T00:00:00,PHX @ TOR,L,1.2166666666666666,0.0,0.0,0.0,0.0,0.0,0.0,0.0,0.0,0.0,0.0,0.0,0.0,0.0,0.0,0.0,0.0,0.0,0.0,0.0,0.0,0.0,0.0,0,0,0.0,1,13222,1,13222,25950,22635,24836,22635,15070,20945,15070,13505,14344,13505,14058,22137,23286,19908,16469,12854,8263,8846,20257,17725,23200,12240,25228,2246,150,25259,1,1:13
2024-25,1630526,Jeremiah Robinson-Earl,Jeremiah,1610612740,NOP,New Orleans Pelicans,0022400818,2025-02-23T00:00:00,NOP vs. SAS,W,5.733333333333333,0.0,6.3,0.0,0.0,0.0,0.0,0.0,0.0,0.0,0.0,12.6,12.6,0.0,0.0,0.0,0.0,0.0,0.0,0.0,0.0,-37.7,15.1,0,0,12.6,1,1,13086,1,23688,22635,22343,22635,15070,20945,15070,13505,14344,13505,14058,1139,3090,19908,16469,12854,8263,8846,20257,17725,23200,24668,23155,2246,150,23853,1,5:44
2024-25,1627936,Alex Caruso,Alex,1610612760,OKC,Oklahoma City Thunder,0022400820,2025-02-23T00:00:00,OKC @ MIN,W,24.16,6.0,11.9,0.5,4.5,8.9,0.5,0.0,0.0,0.0,3.0,7.5,10.4,3.0,1.5,3.0,0.0,0.0,3.0,0.0,16.4,26.8,40.8,0,0,40.2,1,1,13086,1,12756,11626,13725,8526,3110,4914,3944,13505,14344,13505,5395,5584,4980,13000,12798,3204,8263,8846,10813,17725,11509,2463,7265,2246,150,6655,1,24:10
2024-25,1642265,Rob Dillingham,Rob,1610612750,MIN,Minnesota Timberwolves,0022400820,2025-02-23T00:00:00,MIN vs. OKC,L,9.9,0.0,3.6,0.0,0.0,0.0,0.0,0.0,0.0,0.0,0.0,0.0,0.0,10.9,7.3,0.0,0.0,0.0,0.0,0.0,0.0,21.8,9.1,0,0,10.9,1,13222,1,13222,22137,22635,24255,22635,15070,20945,15070,13505,14344,13505,14058,22137,23286,1032,781,12854,8263,8846,20257,17725,23200,3502,24556,2246,150,24244,1,9:54
2024-25,1629731,Dean Wade,Dean,1610612739,CLE,Cleveland Cavaliers,0022400819,2025-02-23T00:00:00,CLE vs. MEM,W,17.35,0.0,6.2,0.0,0.0,6.2,0.0,0.0,0.0,0.0,6.2,6.2,12.4,0.0,2.1,0.0,0.0,0.0,6.2,0.0,0.0,0.0,12.9,0,0,12.4,1,1,13086,1,18042,22635,22395,22635,15070,10143,15070,13505,14344,13505,1516,7845,3160,19908,10129,12854,8263,8846,2682,17725,23200,12240,23803,2246,150,23886,1,17:21
2024-25,1631102,TyTy Washington Jr.,TyTy,1610612756,PHX,Phoenix Suns,0022400816,2025-02-23T00:00:00,PHX @ TOR,L,1.2166666666666666,0.0,59.2,0.0,0.0,29.6,0.0,0.0,0.0,0.0,0.0,0.0,0.0,0.0,0.0,0.0,0.0,0.0,0.0,0.0,0.0,0.0,0.0,0,0,0.0,1,13222,1,13222,25950,22635,14,22635,15070,68,15070,13505,14344,13505,14058,22137,23286,19908,16469,12854,8263,8846,20257,17725,23200,12240,25228,2246,150,25259,1,1:13
2024-25,1630194,Paul Reed,Paul,1610612765,DET,Detroit Pistons,0022400814,2025-02-23T00:00:00,DET @ ATL,W,3.5833333333333335,0.0,0.0,0.0,0.0,0.0,0.0,10.0,20.1,0.5,0.0,0.0,0.0,0.0,0.0,0.0,0.0,0.0,20.1,10.0,10.0,-40.2,10.0,0,0,10.0,1,1,13086,1,24677,22635,24836,22635,15070,20945,15070,684,139,10625,14058,22137,23286,19908,16469,12854,8263,8846,119,400,18111,24855,24408,2246,150,24413,1,3:35
2024-25,1631115,Orlando Robinson,Orlando,1610612761,TOR,Toronto Raptors,0022400816,2025-02-23T00:00:00,TOR vs. PHX,W,19.65,5.5,11.0,0.5,0.0,1.8,0.0,7.3,7.3,1.0,9.2,3.7,12.8,3.7,3.7,0.0,0.0,1.8,3.7,3.7,18.3,0.0,35.5,0,0,34.8,1,1,13086,1,16300,12981,15363,8526,15070,19861,15070,1782,3069,1,522,14743,2924,10890,4642,12854,8263,3793,8210,7224,9506,12240,10699,2246,150,10223,1,19:39
2024-25,1631169,Josh Minott,Josh,1610612750,MIN,Minnesota Timberwolves,0022400820,2025-02-23T00:00:00,MIN vs. OKC,L,0.7466666666666667,0.0,0.0,0.0,0.0,0.0,0.0,0.0,0.0,0.0,0.0,0.0,0.0,0.0,0.0,0.0,0.0,0.0,48.2,0.0,0.0,-241.1,0.0,0,0,0.0,1,13222,1,13222,26149,22635,24836,22635,15070,20945,15070,13505,14344,13505,14058,22137,23286,19908,16469,12854,8263,8846,15,17725,23200,26286,25228,2246,150,25259,1,0:45
2024-25,1642367,Jonathan Mogbo,Jonathan,1610612761,TOR,Toronto Raptors,0022400816,2025-02-23T00:00:00,TOR vs. PHX,W,19.516666666666666,1.8,9.2,0.2,0.0,1.8,0.0,0.0,0.0,0.0,0.0,1.8,1.8,3.7,3.7,1.8,0.0,0.0,5.5,0.0,3.7,12.9,13.3,0,0,12.9,1,1,13086,1,16401,21672,18368,21401,15070,19841,15070,13505,14344,13505,14058,20123,22095,10815,4575,7054,8263,8846,3654,17725,22694,6432,23698,2246,150,23739,1,19:31
2024-25,1628436,Luke Kornet,Luke,1610612738,BOS,Boston Celtics,0022400811,2025-02-23T00:00:00,BOS vs. NYK,W,13.585,7.9,10.6,0.75,0.0,0.0,0.0,5.3,5.3,1.0,7.9,0.0,7.9,5.3,0.0,0.0,0.0,0.0,2.6,5.3,21.2,-7.9,38.7,0,0,34.4,1,1,13086,1,20439,6735,16044,2107,15070,20945,15070,3657,5465,1,800,22137,8367,6818,16469,12854,8263,8846,12246,3631,6925,16954,8599,2246,150,10489,1,13:35
2024-25,1630167,Obi Toppin,Obi,1610612754,IND,Indiana Pacers,0022400813,2025-02-23T00:00:00,IND vs. LAC,W,23.65,7.6,13.7,0.556,0.0,6.1,0.0,0.0,0.0,0.0,3.0,4.6,7.6,9.1,3.0,1.5,0.0,0.0,3.0,0.0,15.2,3.0,39.6,0,0,35.0,1,1,13086,1,13186,7480,10653,7248,15070,10467,15070,13505,14344,13505,5240,12074,8953,1908,6297,8308,8263,8846,10513,17725,12683,11093,8028,2246,150,10087,1,23:39
2024-25,1630171,Isaac Okoro,Isaac,1610612739,CLE,Cleveland Cavaliers,0022400819,2025-02-23T00:00:00,CLE vs. MEM,W,19.06833333333333,3.8,9.4,0.4,1.9,7.6,0.25,1.9,3.8,0.5,1.9,5.7,7.6,0.0,0.0,0.0,1.9,0.0,0.0,1.9,11.3,-1.9,26.1,0,0,24.5,1,1,13086,1,16773,17633,18059,14933,10690,7276,11902,10997,8305,10625,8874,9133,9067,19908,16469,12854,3804,8846,20257,13562,16860,13969,17582,2246,150,17985,1,19:04
2024-25,1628976,Wendell Carter Jr.,Wendell,1610612753,ORL,Orlando Magic,0022400815,2025-02-23T00:00:00,ORL vs. WAS,W,20.283333333333335,8.9,12.4,0.714,1.8,1.8,1.0,0.0,1.8,0.0,1.8,14.2,16.0,3.5,5.3,1.8,1.8,3.5,5.3,7.1,19.5,8.9,49.3,0,0,47.9,1,1,13086,1,15795,4926,12858,2752,11171,19953,1,13505,13220,13505,9336,719,1442,11251,1984,7355,4114,877,3982,1581,8345,8235,3489,2246,150,3167,1,20:17
2024-25,1627783,Pascal Siakam,Pascal,1610612754,IND,Indiana Pacers,0022400813,2025-02-23T00:00:00,IND vs. LAC,W,29.583333333333332,4.9,14.6,0.333,0.0,3.7,0.0,4.9,7.3,0.667,2.4,12.2,14.6,2.4,2.4,1.2,1.2,0.0,2.4,6.1,14.6,19.5,40.6,1,0,36.5,1,1,13086,1,8157,14752,9198,17395,15070,16325,15070,4241,3093,9425,6825,1280,1960,14760,8512,10037,6068,8846,13056,2516,13288,4118,7370,1,150,9042,1,29:35
2024-25,1628389,Bam Adebayo,Bam,1610612748,MIA,Miami Heat,0022400817,2025-02-23T00:00:00,MIA @ MIL,L,35.25,10.2,16.3,0.625,2.0,2.0,1.0,2.0,3.1,0.667,2.0,5.1,7.1,1.0,0.0,1.0,0.0,0.0,4.1,4.1,24.5,-16.3,37.7,0,0,36.8,1,13222,1,13222,3274,3005,6626,4899,9951,19470,1,10483,9811,9425,8193,10548,9857,19616,16469,11748,8263,8846,6887,6081,4484,20391,9234,2246,150,8863,1,35:15
2024-25,1641764,Brandin Podziemski,Brandin,1610612744,GSW,Golden State Warriors,0022400812,2025-02-23T00:00:00,GSW vs. DAL,W,29.733333333333334,8.5,18.2,0.467,3.6,6.1,0.6,0.0,0.0,0.0,3.6,12.1,15.7,2.4,2.4,1.2,1.2,2.4,0.0,3.6,20.6,36.3,47.9,1,0,47.2,1,1,13086,1,8016,5657,4493,12249,4846,10559,2992,13505,14344,13505,4158,1305,1508,14805,8566,10086,6110,2174,20257,7305,7416,1260,3998,1,150,3392,1,29:44
2024-25,1628969,Mikal Bridges,Mikal,1610612752,NYK,New York Knicks,0022400811,2025-02-23T00:00:00,NYK @ BOS,L,27.716666666666665,7.8,16.9,0.462,2.6,7.8,0.333,0.0,0.0,0.0,0.0,0.0,0.0,1.3,1.3,1.3,0.0,0.0,2.6,0.0,18.2,-29.9,22.7,0,0,24.7,1,13222,1,13222,9778,7079,5933,12428,7836,6809,9209,13505,14344,13505,14058,22137,23286,18662,13801,9457,8263,8846,12435,17725,9640,23714,19734,2246,150,17906,1,27:43
2024-25,1628973,Jalen Brunson,Jalen,1610612752,NYK,New York Knicks,0022400811,2025-02-23T00:00:00,NYK @ BOS,L,37.53333333333333,8.6,18.2,0.474,3.8,8.6,0.444,0.0,0.0,0.0,0.0,2.9,2.9,3.8,3.8,1.0,0.0,0.0,0.0,5.8,21.1,-8.6,29.3,0,0,33.6,1,13222,1,13222,1662,5374,4434,12072,4343,5370,7211,13505,14344,13505,14058,17157,20051,10400,4214,12284,8263,8846,20257,2966,7001,17256,15249,2246,150,11185,1,37:32
2024-25,1630556,Kessler Edwards,Kessler,1610612742,DAL,Dallas Mavericks,0022400812,2025-02-23T00:00:00,DAL @ GSW,L,14.316666666666666,7.5,17.6,0.429,0.0,2.5,0.0,0.0,0.0,0.0,2.5,17.6,20.1,2.5,0.0,2.5,2.5,0.0,5.0,2.5,15.1,-12.6,58.1,0,0,47.8,1,13222,1,13222,20006,7656,5130,13735,15070,18596,15070,13505,14344,13505,6564,281,509,14488,16469,4338,2344,8846,4540,10932,12816,18974,1465,2246,150,3232,1,14:19
2024-25,1627732,Ben Simmons,Ben,1610612746,LAC,LA Clippers,0022400813,2025-02-23T00:00:00,LAC @ IND,L,23.85,4.5,10.6,0.429,0.0,0.0,0.0,3.0,4.5,0.667,0.0,4.5,4.5,6.0,1.5,3.0,0.0,1.5,3.0,4.5,12.1,-9.1,34.1,0,0,28.7,1,13222,1,13222,13031,15678,16112,13735,15070,20945,15070,7752,6779,9425,14058,12179,15974,5419,12703,3108,8263,4741,10625,5072,16068,17453,11716,2246,150,14944,1,23:51
2024-25,1630217,Desmond Bane,Desmond,1610612763,MEM,Memphis Grizzlies,0022400819,2025-02-23T00:00:00,MEM @ CLE,L,35.29,2.0,13.3,0.154,0.0,7.1,0.0,3.1,3.1,1.0,1.0,4.1,5.1,8.2,1.0,1.0,1.0,3.1,1.0,3.1,7.1,-2.0,30.6,0,0,24.5,1,13222,1,13222,3252,21332,11372,22243,15070,8161,15070,7645,9820,1,13090,13478,14515,2733,15711,11759,7346,1274,19577,9031,20605,14068,14340,2246,150,18017,1,35:17
2024-25,203501,Tim Hardaway Jr.,Tim,1610612765,DET,Detroit Pistons,0022400814,2025-02-23T00:00:00,DET @ ATL,W,28.083333333333332,7.7,14.1,0.545,7.7,12.8,0.6,0.0,0.0,0.0,0.0,1.3,1.3,2.6,1.3,1.3,0.0,0.0,0.0,0.0,23.1,1.3,31.0,0,0,37.2,1,1,13086,1,9476,7290,10009,7695,534,1378,2992,13505,14344,13505,14058,21321,22837,14326,13894,9571,8263,8846,20257,17725,5435,11960,14044,2246,150,8599,1,28:05
2024-25,1627780,Gary Payton II,Gary,1610612744,GSW,Golden State Warriors,0022400812,2025-02-23T00:00:00,GSW vs. DAL,W,11.326666666666666,3.2,6.4,0.5,3.2,6.4,0.5,0.0,0.0,0.0,3.2,6.4,9.5,3.2,0.0,0.0,0.0,0.0,0.0,3.2,9.5,-6.4,25.7,0,0,25.4,1,1,13086,1,21574,19037,22262,8526,6012,9858,3944,13505,14344,13505,4983,7583,6014,12394,16469,12854,8263,8846,20257,8634,18601,16227,17787,2246,150,17335,1,11:20
2024-25,204456,T.J. McConnell,T.J.,1610612754,IND,Indiana Pacers,0022400813,2025-02-23T00:00:00,IND vs. LAC,W,14.5,12.4,12.4,1.0,2.5,2.5,1.0,5.0,5.0,1.0,2.5,2.5,5.0,2.5,2.5,0.0,2.5,0.0,5.0,2.5,32.3,9.9,46.9,0,0,47.2,1,1,13086,1,19877,1288,12868,1,8210,18661,1,4094,5997,1,6665,18235,14882,14602,8319,12854,2411,8846,4692,11055,1464,7729,4342,2246,150,3410,1,14:30
2024-25,1642377,Jaylen Wells,Jaylen,1610612763,MEM,Memphis Grizzlies,0022400819,2025-02-23T00:00:00,MEM @ CLE,L,21.58,8.3,16.7,0.5,6.7,11.7,0.571,0.0,3.3,0.0,1.7,5.0,6.7,0.0,5.0,0.0,0.0,1.7,3.3,1.7,23.4,-13.3,26.4,0,0,36.7,1,13222,1,13222,14870,5906,6203,8526,910,1980,3506,13505,9226,13505,9688,10874,10790,19908,2336,12854,8263,4229,9314,14375,5236,19251,17380,2246,150,8915,1,21:35
2024-25,1629634,Brandon Clarke,Brandon,1610612763,MEM,Memphis Grizzlies,0022400819,2025-02-23T00:00:00,MEM @ CLE,L,15.92,6.8,13.6,0.5,0.0,0.0,0.0,0.0,0.0,0.0,2.3,2.3,4.5,2.3,0.0,0.0,2.3,0.0,2.3,9.0,13.6,-4.5,29.2,0,0,24.9,1,13222,1,13222,18985,9464,10883,8526,15070,20945,15070,13505,14344,13505,7379,18885,15989,15387,16469,12854,2824,8846,13819,636,14419,15334,15379,2246,150,17781,1,15:55
2024-25,1629023,P.J. Washington,P.J.,1610612742,DAL,Dallas Mavericks,0022400812,2025-02-23T00:00:00,DAL @ GSW,L,28.25,8.9,14.0,0.636,3.8,5.1,0.75,0.0,1.3,0.0,1.3,3.8,5.1,3.8,3.8,1.3,0.0,2.5,3.8,3.8,21.7,-28.0,33.5,0,0,37.0,1,13222,1,13222,9340,4857,10140,4689,4374,12962,1542,13505,13770,13505,11332,14253,14528,10438,4256,9614,8263,1954,7666,6786,6492,23434,12185,2246,150,8755,1,28:15
2024-25,1630583,Santi Aldama,Santi,1610612763,MEM,Memphis Grizzlies,0022400819,2025-02-23T00:00:00,MEM @ CLE,L,28.788333333333334,7.5,13.8,0.545,3.8,7.5,0.5,0.0,0.0,0.0,0.0,7.5,7.5,1.3,0.0,1.3,1.3,0.0,1.3,0.0,18.8,-10.0,37.1,0,0,36.3,1,13222,1,13222,8851,7758,10567,7695,4576,7392,3944,13505,14344,13505,14058,5494,9163,18841,16469,9799,5896,8846,18273,17725,9073,17893,9592,2246,150,9182,1,28:47
2024-25,203471,Dennis Schröder,Dennis,1610612765,DET,Detroit Pistons,0022400814,2025-02-23T00:00:00,DET @ ATL,W,22.233333333333334,8.1,16.2,0.5,1.6,9.7,0.167,8.1,8.1,1.0,0.0,6.5,6.5,11.3,1.6,1.6,0.0,0.0,6.5,8.1,25.9,8.1,53.9,0,0,48.6,1,1,13086,1,14326,6423,6844,8526,11624,3831,14236,1364,2450,1,14058,7357,11226,888,12256,7917,8263,8846,2418,969,3725,8585,2223,2246,150,2965,1,22:14
2024-25,1629630,Ja Morant,Ja,1610612763,MEM,Memphis Grizzlies,0022400819,2025-02-23T00:00:00,MEM @ CLE,L,34.28666666666667,6.3,13.6,0.462,2.1,4.2,0.5,7.3,7.3,1.0,0.0,2.1,2.1,10.5,1.0,0.0,0.0,0.0,5.2,4.2,22.0,-5.2,39.3,1,0,36.7,1,13222,1,13222,4021,10718,10736,12428,9685,15124,3944,1766,3051,1,14058,19365,21614,1203,15491,12854,8263,8846,4103,5841,6175,15726,8220,1,150,8881,1,34:17
2024-25,201988,Patty Mills,Patty,1610612746,LAC,LA Clippers,0022400813,2025-02-23T00:00:00,LAC @ IND,L,4.833333333333333,7.4,14.9,0.5,7.4,14.9,0.5,7.4,14.9,0.5,0.0,0.0,0.0,0.0,0.0,0.0,0.0,0.0,7.4,7.4,29.8,-7.4,29.8,0,0,37.2,1,13222,1,13222,24068,7887,8750,8526,609,713,3944,1701,360,10625,14058,22137,23286,19908,16469,12854,8263,8846,1676,1351,2162,16703,14945,2246,150,8546,1,4:50
2024-25,1641744,Zach Edey,Zach,1610612763,MEM,Memphis Grizzlies,0022400819,2025-02-23T00:00:00,MEM @ CLE,L,24.511666666666667,2.9,7.3,0.4,0.0,0.0,0.0,2.9,5.9,0.5,11.7,1.5,13.2,0.0,2.9,1.5,1.5,0.0,4.4,4.4,8.8,-16.2,30.5,0,0,27.9,1,13222,1,13222,12469,19562,21152,14933,15070,20945,15070,7991,4653,10625,261,20946,2658,19908,6692,8541,4965,8846,6007,5332,19259,20307,14392,2246,150,15493,1,24:31
2024-25,1642273,Kyshawn George,Kyshawn,1610612764,WAS,Washington Wizards,0022400815,2025-02-23T00:00:00,WAS @ ORL,L,27.2,4.0,13.2,0.3,4.0,9.3,0.429,0.0,2.6,0.0,0.0,2.6,2.6,4.0,2.6,0.0,1.3,1.3,5.3,2.6,11.9,-11.9,22.4,0,0,25.1,1,13222,1,13222,10190,17157,11419,19363,4049,4436,7394,13505,10866,13505,14058,17825,20547,10007,7707,12854,5544,5526,4028,10481,16230,18707,19942,2246,150,17564,1,27:12
2024-25,101108,Chris Paul,Chris,1610612759,SAS,San Antonio Spurs,0022400818,2025-02-23T00:00:00,SAS @ NOP,L,24.713333333333335,1.5,14.6,0.1,1.5,10.2,0.143,1.5,1.5,1.0,1.5,2.9,4.4,10.2,1.5,1.5,0.0,0.0,2.9,1.5,5.8,-27.7,29.3,0,0,24.8,1,13222,1,13222,12269,22223,9256,22561,12225,3282,14649,11892,13529,1,10508,17034,16358,1341,12973,8599,8263,8846,11123,15209,21504,23368,15302,2246,150,17844,1,24:43
2024-25,1629638,Nickeil Alexander-Walker,Nickeil,1610612750,MIN,Minnesota Timberwolves,0022400820,2025-02-23T00:00:00,MIN vs. OKC,L,33.61666666666667,6.4,12.9,0.5,4.3,7.5,0.571,2.1,2.1,1.0,1.1,1.1,2.1,2.1,0.0,0.0,0.0,2.1,5.4,3.2,19.3,-17.1,25.1,0,0,27.8,1,13222,1,13222,4618,10374,12132,8526,3421,7414,3506,10160,12283,1,12707,21822,21532,15854,16469,12854,8263,2798,3920,8516,8572,20671,18244,2246,150,15542,1,33:37
2024-25,1641724,Jett Howard,Jett,1610612753,ORL,Orlando Magic,0022400815,2025-02-23T00:00:00,ORL vs. WAS,W,9.866666666666667,7.3,18.2,0.4,3.6,14.6,0.25,0.0,0.0,0.0,0.0,3.6,3.6,10.9,3.6,0.0,0.0,0.0,3.6,0.0,18.2,10.9,35.4,0,0,36.5,1,1,13086,1,22143,8225,4413,14933,4804,781,11902,13505,14344,13505,14058,14791,18208,1014,4675,12854,8263,8846,8264,17725,9582,7261,10811,2246,150,9057,1,9:52
2024-25,1642366,Quinten Post,Quinten,1610612744,GSW,Golden State Warriors,0022400812,2025-02-23T00:00:00,GSW vs. DAL,W,17.6,6.1,18.4,0.333,4.1,12.3,0.333,4.1,4.1,1.0,4.1,8.2,12.3,6.1,2.0,2.0,0.0,2.0,4.1,2.0,20.5,0.0,48.5,0,0,47.0,1,1,13086,1,17856,11130,4285,17395,3803,1639,9209,5540,7651,1,3462,4444,3290,5269,10282,6034,8263,3073,6868,12860,7544,12240,3815,2246,150,3458,1,17:36
2024-25,202681,Kyrie Irving,Kyrie,1610612742,DAL,Dallas Mavericks,0022400812,2025-02-23T00:00:00,DAL @ GSW,L,31.866666666666667,7.9,20.3,0.389,1.1,6.8,0.167,2.3,2.3,1.0,2.3,3.4,5.6,4.5,0.0,1.1,2.3,1.1,3.4,1.1,19.2,-22.6,42.9,0,0,37.3,1,13222,1,13222,6086,6834,2742,16009,13770,8943,14236,9755,11905,1,7384,15549,13159,8608,16469,10772,2825,6796,9121,16772,8646,22248,6161,2246,150,8521,1,31:52
2024-25,1630191,Isaiah Stewart,Isaiah,1610612765,DET,Detroit Pistons,0022400814,2025-02-23T00:00:00,DET @ ATL,W,21.408333333333335,5.0,8.4,0.6,0.0,0.0,0.0,0.0,0.0,0.0,3.4,5.0,8.4,3.4,6.7,0.0,3.4,0.0,5.0,3.4,10.1,20.2,28.6,0,0,28.6,1,1,13086,1,14988,14253,19630,5394,15070,20945,15070,13505,14344,13505,4609,10745,7609,11783,1012,12854,1340,8846,4518,8067,18065,3899,15805,2246,150,15001,1,21:25
2024-25,1630532,Franz Wagner,Franz,1610612753,ORL,Orlando Magic,0022400815,2025-02-23T00:00:00,ORL vs. WAS,W,30.6,12.9,25.9,0.5,1.2,8.2,0.143,0.0,0.0,0.0,2.4,5.9,8.2,5.9,3.5,2.4,0.0,0.0,3.5,2.4,27.1,36.5,49.3,0,0,47.1,1,1,13086,1,7219,1054,658,8526,13495,6025,14649,13505,14344,13505,7080,8586,7883,5701,4955,4858,8263,8846,8671,11525,3186,1249,3502,2246,150,3452,1,30:36
2024-25,1630168,Onyeka Okongwu,Onyeka,1610612737,ATL,Atlanta Hawks,0022400814,2025-02-23T00:00:00,ATL vs. DET,L,30.105,6.0,12.0,0.5,0.0,1.2,0.0,7.2,9.6,0.75,4.8,6.0,10.8,7.2,0.0,0.0,0.0,2.4,2.4,4.8,19.1,-3.6,42.8,0,0,37.1,1,13222,1,13222,7684,11580,13667,8526,15070,20625,15070,1889,1564,8186,2586,8381,4635,3801,16469,12854,8263,2245,13260,4540,8712,14839,6216,2246,150,8680,1,30:06
2024-25,1628369,Jayson Tatum,Jayson,1610612738,BOS,Boston Celtics,0022400811,2025-02-23T00:00:00,BOS vs. NYK,W,36.68333333333333,7.9,19.6,0.4,2.9,9.8,0.3,5.9,5.9,1.0,0.0,9.8,9.8,8.8,2.9,1.0,0.0,0.0,2.9,4.9,24.5,11.8,49.6,1,0,48.1,1,1,13086,1,2212,6955,3253,14933,6706,3712,11319,2977,4622,1,14058,2717,5657,2147,6662,12111,8263,8846,10958,4280,4469,6892,3394,1,150,3112,1,36:41
2024-25,1630530,Trey Murphy III,Trey,1610612740,NOP,New Orleans Pelicans,0022400818,2025-02-23T00:00:00,NOP vs. SAS,W,37.666666666666664,5.7,15.3,0.375,2.9,9.6,0.3,0.0,0.0,0.0,0.0,6.7,6.7,4.8,2.9,0.0,0.0,0.0,1.9,0.0,14.3,18.2,26.7,0,0,28.7,1,1,13086,1,1590,12314,8123,16299,6996,4024,11319,13505,14344,13505,14058,6906,10745,7971,6969,12854,8263,8846,15612,17725,13564,4502,17174,2246,150,14948,1,37:40
2024-25,1630573,Sam Hauser,Sam,1610612738,BOS,Boston Celtics,0022400811,2025-02-23T00:00:00,BOS vs. NYK,W,8.916666666666666,8.1,16.1,0.5,8.1,12.1,0.667,0.0,0.0,0.0,0.0,4.0,4.0,0.0,0.0,0.0,0.0,0.0,4.0,0.0,24.2,-16.1,29.1,0,0,36.3,1,1,13086,1,22484,6474,6902,8526,442,1722,1957,13505,14344,13505,14058,13604,17220,19908,16469,12854,8263,8846,7034,17725,4662,20303,15441,2246,150,9138,1,8:55
2024-25,201950,Jrue Holiday,Jrue,1610612738,BOS,Boston Celtics,0022400811,2025-02-23T00:00:00,BOS vs. NYK,W,31.881666666666668,6.8,10.2,0.667,2.3,4.5,0.5,0.0,0.0,0.0,1.1,3.4,4.5,2.3,2.3,3.4,1.1,0.0,1.1,0.0,15.8,13.6,35.9,0,0,33.9,1,1,13086,1,6083,9485,16798,3281,9020,14392,3944,13505,14344,13505,12267,15558,16015,15403,9269,2406,6615,8846,18932,17725,12113,6187,10427,2246,150,10947,1,31:53
2024-25,204001,Kristaps Porziņģis,Kristaps,1610612738,BOS,Boston Celtics,0022400811,2025-02-23T00:00:00,BOS vs. NYK,W,33.81666666666667,6.4,16.0,0.4,2.1,9.6,0.222,1.1,1.1,1.0,2.1,5.3,7.5,2.1,1.1,1.1,3.2,0.0,1.1,4.3,16.0,18.1,39.8,0,0,36.2,1,1,13086,1,4424,10479,7155,14933,9559,4000,13288,13029,14103,1,7851,9975,9267,15899,15386,11347,1486,8846,19312,5704,11951,4528,7870,2246,150,9231,1,33:49
2024-25,1642346,Ryan Dunn,Ryan,1610612756,PHX,Phoenix Suns,0022400816,2025-02-23T00:00:00,PHX @ TOR,L,6.865,0.0,15.7,0.0,0.0,10.5,0.0,0.0,0.0,0.0,0.0,5.2,5.2,0.0,0.0,0.0,5.2,0.0,5.2,0.0,0.0,-21.0,22.0,0,0,15.7,1,13222,1,13222,23231,22635,7502,22635,15070,2985,15070,13505,14344,13505,14058,10175,14176,19908,16469,12854,455,8846,4120,17725,23200,21824,20131,2246,150,22813,1,6:52
2024-25,1630202,Payton Pritchard,Payton,1610612738,BOS,Boston Celtics,0022400811,2025-02-23T00:00:00,BOS vs. NYK,W,16.683333333333334,2.2,10.8,0.2,2.2,10.8,0.2,0.0,0.0,0.0,2.2,6.5,8.6,4.3,0.0,0.0,2.2,0.0,2.2,0.0,6.5,-25.9,29.8,0,0,25.9,1,1,13086,1,18477,21121,15717,21401,9403,2685,13429,13505,14344,13505,7726,7364,7257,9085,16469,12854,3049,8846,14310,17725,21068,23007,14958,2246,150,17009,1,16:41
2024-25,1631108,Max Christie,Max,1610612742,DAL,Dallas Mavericks,0022400812,2025-02-23T00:00:00,DAL @ GSW,L,21.916666666666668,1.6,8.2,0.2,0.0,4.9,0.0,0.0,0.0,0.0,0.0,6.6,6.6,3.3,3.3,1.6,0.0,0.0,6.6,0.0,3.3,-31.2,17.7,0,0,16.4,1,13222,1,13222,14561,21978,19923,21401,15070,13371,15070,13505,14344,13505,14058,7161,11022,12037,5542,7838,8263,8846,2347,17725,22855,23921,22203,2246,150,22540,1,21:55
2024-25,1641722,Jordan Hawkins,Jordan,1610612740,NOP,New Orleans Pelicans,0022400818,2025-02-23T00:00:00,NOP vs. SAS,W,23.77,4.5,13.6,0.333,3.0,9.1,0.333,3.0,3.0,1.0,1.5,3.0,4.5,0.0,0.0,1.5,0.0,1.5,0.0,1.5,15.1,0.0,25.1,0,0,25.7,1,1,13086,1,13099,15644,10777,17395,6410,4689,9209,7729,9913,1,10257,16625,15944,19908,16469,8346,8263,4720,20257,14950,12762,12240,18186,2246,150,17108,1,23:46
2024-25,202691,Klay Thompson,Klay,1610612742,DAL,Dallas Mavericks,0022400812,2025-02-23T00:00:00,DAL @ GSW,L,24.583333333333332,4.4,11.7,0.375,4.4,10.3,0.429,2.9,2.9,1.0,0.0,2.9,2.9,2.9,2.9,2.9,0.0,1.5,2.9,1.5,16.1,-13.2,29.9,0,0,32.2,1,13222,1,13222,12389,16082,14077,16299,3250,3210,7394,8017,10148,1,14058,16974,19914,13169,6725,3324,8263,4915,11039,15155,11809,19188,14894,2246,150,12202,1,24:35
2024-25,1626158,Richaun Holmes,Richaun,1610612764,WAS,Washington Wizards,0022400815,2025-02-23T00:00:00,WAS @ ORL,L,28.733333333333334,6.3,7.5,0.833,0.0,0.0,0.0,1.3,2.5,0.5,1.3,11.3,12.5,1.3,5.0,0.0,2.5,1.3,5.0,3.8,13.8,-17.5,33.2,1,0,32.6,1,13222,1,13222,8889,10817,20905,1514,15070,20945,15070,12445,11195,10625,11470,1765,3114,18833,2325,12854,2369,5917,4577,6967,14190,20794,12423,1,150,11958,1,28:44
2024-25,1631110,Jeremy Sochan,Jeremy,1610612759,SAS,San Antonio Spurs,0022400818,2025-02-23T00:00:00,SAS @ NOP,L,21.27,3.4,10.2,0.333,0.0,3.4,0.0,0.0,3.4,0.0,3.4,10.2,13.5,5.1,0.0,1.7,1.7,0.0,5.1,3.4,6.8,1.7,40.8,0,0,32.2,1,13222,1,13222,15093,18576,16810,17395,15070,16900,15070,13505,9130,13505,4573,2455,2470,7298,16469,7639,4314,8846,4432,8001,20886,11794,7284,2246,150,12259,1,21:16
2024-25,1630567,Scottie Barnes,Scottie,1610612761,TOR,Toronto Raptors,0022400816,2025-02-23T00:00:00,TOR vs. PHX,W,34.93333333333333,8.2,14.4,0.571,2.1,3.1,0.667,2.1,2.1,1.0,1.0,8.2,9.3,4.1,3.1,1.0,0.0,1.0,2.1,1.0,20.6,31.9,37.9,0,0,38.1,1,1,13086,1,3514,6096,9473,6538,9865,17470,1957,10435,12550,1,13025,4357,6348,9601,6150,11669,8263,7658,14806,17273,7385,1741,9065,2246,150,7939,1,34:56
2024-25,1629599,Amir Coffey,Amir,1610612746,LAC,LA Clippers,0022400813,2025-02-23T00:00:00,LAC @ IND,L,26.3,5.5,12.3,0.444,1.4,5.5,0.25,6.8,8.2,0.833,0.0,4.1,4.1,1.4,0.0,0.0,0.0,1.4,5.5,4.1,19.2,-23.3,26.1,0,0,26.0,1,13222,1,13222,10902,13052,13047,13045,12569,12020,11902,2125,2377,7275,14058,13403,17054,18434,16469,12854,8263,5316,3740,6039,8682,22402,17524,2246,150,16929,1,26:18
2024-25,1630208,Nick Richards,Nick,1610612756,PHX,Phoenix Suns,0022400816,2025-02-23T00:00:00,PHX @ TOR,L,20.916666666666668,6.9,10.3,0.667,0.0,0.0,0.0,3.4,3.4,1.0,1.7,12.0,13.8,0.0,3.4,1.7,1.7,0.0,5.2,1.7,17.2,5.2,40.6,0,0,37.9,1,13222,1,13222,15345,9205,16511,3281,15070,20945,15070,6808,9005,1,9504,1331,2351,19908,5148,7541,4248,8846,4260,14210,10615,10022,7386,2246,150,8117,1,20:55
2024-25,1642258,Zaccharie Risacher,Zaccharie,1610612737,ATL,Atlanta Hawks,0022400814,2025-02-23T00:00:00,ATL vs. DET,L,31.256666666666668,5.8,11.5,0.5,4.6,6.9,0.667,5.8,5.8,1.0,0.0,6.9,6.9,3.5,0.0,2.3,2.3,0.0,0.0,3.5,21.9,11.5,49.2,0,0,46.1,1,13222,1,13222,6659,12242,14444,8526,2875,8644,1957,3128,4806,1,14058,6513,10310,11537,16469,5026,2741,8846,20257,7789,6299,7003,3550,2246,150,3793,1,31:15
2024-25,1630241,Sam Merrill,Sam,1610612739,CLE,Cleveland Cavaliers,0022400819,2025-02-23T00:00:00,CLE vs. MEM,W,17.983333333333334,2.0,8.0,0.25,2.0,8.0,0.25,0.0,0.0,0.0,2.0,0.0,2.0,2.0,4.0,2.0,0.0,0.0,8.0,2.0,6.0,-4.0,13.4,0,0,16.0,1,1,13086,1,17566,21407,20250,20233,10153,6437,11902,13505,14344,13505,8377,22137,21796,16367,3878,6245,8263,8846,1363,13070,21382,15067,23661,2246,150,22697,1,17:59
2024-25,1628995,Kevin Knox II,Kevin,1610612744,GSW,Golden State Warriors,0022400812,2025-02-23T00:00:00,GSW vs. DAL,W,6.983333333333333,10.3,20.6,0.5,0.0,10.3,0.0,0.0,0.0,0.0,0.0,5.2,5.2,0.0,0.0,0.0,0.0,0.0,5.2,0.0,20.6,-5.2,26.8,0,0,25.8,1,1,13086,1,23177,2903,2564,8526,15070,3145,15070,13505,14344,13505,14058,10405,14384,19908,16469,12854,8263,8846,4273,17725,7381,15675,17080,2246,150,17085,1,6:59
2024-25,203482,Kelly Olynyk,Kelly,1610612740,NOP,New Orleans Pelicans,0022400818,2025-02-23T00:00:00,NOP vs. SAS,W,25.233333333333334,5.7,10.0,0.571,1.4,2.9,0.5,7.1,8.6,0.833,7.1,14.3,21.4,2.9,7.1,0.0,0.0,0.0,2.9,4.3,20.0,30.0,42.8,1,0,45.7,1,1,13086,1,11804,12396,17077,6538,12343,17953,3944,1922,2148,7275,1092,701,376,13432,837,12854,8263,8846,11392,5648,7938,1967,6223,1,150,3955,1,25:14
2024-25,1629048,Goga Bitadze,Goga,1610612753,ORL,Orlando Magic,0022400815,2025-02-23T00:00:00,ORL vs. WAS,W,21.716666666666665,6.6,8.3,0.8,0.0,0.0,0.0,5.0,6.6,0.75,8.3,6.6,14.9,5.0,1.7,3.3,0.0,0.0,1.7,8.3,18.2,28.2,51.9,0,0,44.8,1,1,13086,1,14741,9859,19811,1688,15070,20945,15070,4082,3728,8186,701,7033,1811,7531,12102,2534,8263,8846,16673,898,9589,2233,2730,2246,150,4367,1,21:43
2024-25,1628378,Donovan Mitchell,Donovan,1610612739,CLE,Cleveland Cavaliers,0022400819,2025-02-23T00:00:00,CLE vs. MEM,W,35.178333333333335,11.3,23.5,0.478,4.1,8.2,0.5,7.2,11.3,0.636,2.0,0.0,2.0,6.1,1.0,0.0,0.0,0.0,4.1,5.1,33.8,1.0,44.4,0,0,46.1,1,1,13086,1,3332,2047,1216,11986,3798,6102,3944,1898,965,10256,8179,22137,21705,5264,15686,12854,8263,8846,6864,3894,1170,12139,5455,2246,150,3799,1,35:11
2024-25,1628384,OG Anunoby,OG,1610612752,NYK,New York Knicks,0022400811,2025-02-23T00:00:00,NYK @ BOS,L,35.475,2.0,7.1,0.286,2.0,6.1,0.333,4.1,4.1,1.0,0.0,2.0,2.0,2.0,1.0,0.0,0.0,0.0,3.0,2.0,10.1,-9.1,14.6,0,0,16.2,1,13222,1,13222,3100,21350,21436,19630,10018,10470,9209,5592,7720,1,14058,19563,21746,16270,15750,12854,8263,8846,10519,12940,18007,17491,23307,2246,150,22622,1,35:29
2024-25,1629673,Jordan Poole,Jordan,1610612764,WAS,Washington Wizards,0022400815,2025-02-23T00:00:00,WAS @ ORL,L,28.45,7.6,20.2,0.375,3.8,11.4,0.333,1.3,2.5,0.5,0.0,3.8,3.8,5.1,2.5,2.5,0.0,0.0,6.3,5.1,20.2,-27.8,37.5,0,0,38.0,1,13222,1,13222,9165,7532,2802,16299,4451,2184,9209,12403,11125,10625,14058,14329,17829,7330,8114,4302,8263,8846,2571,3992,7699,23399,9375,2246,150,8051,1,28:27
2024-25,1627747,Caris LeVert,Caris,1610612737,ATL,Atlanta Hawks,0022400814,2025-02-23T00:00:00,ATL vs. DET,L,22.67,4.8,15.9,0.3,1.6,6.4,0.25,0.0,0.0,0.0,0.0,1.6,1.6,1.6,0.0,0.0,0.0,1.6,1.6,0.0,11.1,-20.6,15.4,0,0,15.9,1,13222,1,13222,13975,15070,7306,19363,11717,9871,11902,13505,14344,13505,14058,20705,22459,17687,16469,12854,8263,4465,16906,17725,17067,21738,23053,2246,150,22763,1,22:40
2024-25,1630700,Dyson Daniels,Dyson,1610612737,ATL,Atlanta Hawks,0022400814,2025-02-23T00:00:00,ATL vs. DET,L,38.263333333333335,9.4,13.2,0.714,2.8,2.8,1.0,0.9,1.9,0.5,0.0,4.7,4.7,5.6,2.8,3.8,0.9,0.9,2.8,0.9,22.6,-1.9,48.0,0,0,45.2,1,13222,1,13222,1244,4015,11529,2752,7148,18012,1,13395,13024,10625,14058,11687,15551,6153,7133,1891,7889,8414,11538,17571,5801,13966,3989,2246,150,4175,1,38:16
2024-25,202687,Bismack Biyombo,Bismack,1610612759,SAS,San Antonio Spurs,0022400818,2025-02-23T00:00:00,SAS @ NOP,L,30.133333333333333,4.8,7.2,0.667,0.0,0.0,0.0,2.4,6.0,0.4,3.6,8.4,11.9,0.0,1.2,2.4,4.8,1.2,6.0,3.6,11.9,-31.1,46.6,1,0,38.2,1,13222,1,13222,7648,15015,21358,3281,15070,20945,15070,9370,4509,13061,4233,4199,3540,19908,14485,4732,582,6304,2988,7442,16199,23898,4496,1,150,7870,1,30:08
2024-25,1628398,Kyle Kuzma,Kyle,1610612749,MIL,Milwaukee Bucks,0022400817,2025-02-23T00:00:00,MIL vs. MIA,W,33.63333333333333,5.4,12.8,0.417,2.1,5.4,0.4,4.3,5.4,0.8,0.0,3.2,3.2,3.2,0.0,0.0,0.0,1.1,4.3,3.2,17.1,-2.1,25.8,0,0,25.7,1,1,13086,1,4603,13398,12134,14532,9503,12325,7874,5192,5384,7681,14058,16048,19201,12261,16469,12854,8263,7308,6338,8526,10708,14120,17752,2246,150,17146,1,33:38
2024-25,1630631,Jose Alvarado,Jose,1610612740,NOP,New Orleans Pelicans,0022400818,2025-02-23T00:00:00,NOP vs. SAS,W,29.783333333333335,4.8,9.7,0.5,2.4,6.0,0.4,2.4,2.4,1.0,0.0,10.9,10.9,9.7,1.2,0.0,0.0,0.0,4.8,2.4,14.5,14.5,40.9,0,0,37.5,1,1,13086,1,7977,14847,17631,8526,8424,10592,7874,9284,11430,1,14058,1966,4520,1603,14377,12854,8263,8846,4983,11279,13406,5822,7250,2246,150,8387,1,29:47
2024-25,1641842,Ronald Holland II,Ronald,1610612765,DET,Detroit Pistons,0022400814,2025-02-23T00:00:00,DET @ ATL,W,13.35,2.7,5.4,0.5,0.0,2.7,0.0,5.4,5.4,1.0,0.0,2.7,2.7,2.7,2.7,0.0,0.0,0.0,5.4,5.4,10.8,8.1,15.4,0,0,16.2,1,1,13086,1,20566,20095,23187,8526,15070,18270,15070,3538,5326,1,14058,17709,20455,13920,7544,12854,8263,8846,3860,3492,17384,8586,23067,2246,150,22642,1,13:21
2024-25,1641810,Antonio Reeves,Antonio,1610612740,NOP,New Orleans Pelicans,0022400818,2025-02-23T00:00:00,NOP vs. SAS,W,1.55,23.2,46.5,0.5,0.0,23.2,0.0,0.0,0.0,0.0,0.0,0.0,0.0,0.0,0.0,0.0,0.0,0.0,0.0,0.0,46.5,-92.9,46.5,0,0,46.5,1,1,13086,1,25768,89,41,8526,15070,137,15070,13505,14344,13505,14058,22137,23286,19908,16469,12854,8263,8846,20257,17725,216,26109,4555,2246,150,3674,1,1:33
2024-25,1627736,Malik Beasley,Malik,1610612765,DET,Detroit Pistons,0022400814,2025-02-23T00:00:00,DET @ ATL,W,33.64833333333333,7.5,12.8,0.583,6.4,10.7,0.6,4.3,8.6,0.5,1.1,6.4,7.5,3.2,1.1,1.1,0.0,1.1,1.1,4.3,25.7,16.0,41.6,0,0,44.9,1,1,13086,1,4599,7789,12142,6296,1043,2775,2992,5198,2149,10625,12716,7462,9191,12268,15341,11283,8263,7313,19276,5649,3841,5232,6817,2246,150,4297,1,33:39
2024-25,203991,Clint Capela,Clint,1610612737,ATL,Atlanta Hawks,0022400814,2025-02-23T00:00:00,ATL vs. DET,L,17.866666666666667,6.0,6.0,1.0,0.0,0.0,0.0,4.0,8.1,0.5,2.0,12.1,14.1,0.0,0.0,0.0,4.0,0.0,2.0,6.0,16.1,0.0,45.1,0,0,38.3,1,13222,1,13222,17651,11384,22556,1,15070,20945,15070,5646,2479,10625,8320,1308,2187,19908,16469,12854,903,8846,15061,2568,11794,12240,5112,2246,150,7838,1,17:52
2024-25,203915,Spencer Dinwiddie,Spencer,1610612742,DAL,Dallas Mavericks,0022400812,2025-02-23T00:00:00,DAL @ GSW,L,17.583333333333332,2.0,2.0,1.0,2.0,2.0,1.0,0.0,0.0,0.0,0.0,4.1,4.1,4.1,0.0,0.0,0.0,0.0,4.1,2.0,6.1,-22.5,17.2,0,0,16.4,1,13222,1,13222,17865,21318,24748,1,9924,19463,1,13505,14344,13505,14058,13430,17078,9672,16469,12854,8263,8846,6857,12849,21291,22224,22412,2246,150,22555,1,17:35
2024-25,1642266,Ja'Kobe Walter,Ja'Kobe,1610612761,TOR,Toronto Raptors,0022400816,2025-02-23T00:00:00,TOR vs. PHX,W,18.133333333333333,4.0,11.9,0.333,0.0,6.0,0.0,4.0,4.0,1.0,2.0,6.0,7.9,0.0,0.0,2.0,0.0,0.0,4.0,2.0,11.9,17.9,27.4,0,0,23.8,1,1,13086,1,17482,17157,13735,17395,15070,10794,15070,5742,7893,1,8450,8435,8379,19908,16469,6319,8263,8846,7212,13144,16230,4599,16663,2246,150,18449,1,18:08
2024-25,1641738,Kobe Brown,Kobe,1610612746,LAC,LA Clippers,0022400813,2025-02-23T00:00:00,LAC @ IND,L,12.57,0.0,5.7,0.0,0.0,2.9,0.0,0.0,0.0,0.0,0.0,2.9,2.9,0.0,0.0,2.9,0.0,2.9,2.9,0.0,0.0,0.0,12.0,0,0,8.6,1,13222,1,13222,20954,22635,22880,22635,15070,17930,15070,13505,14344,13505,14058,17203,20090,19908,16469,3504,8263,1514,11347,17725,23200,12240,24001,2246,150,24663,1,12:34
2024-25,1630551,Justin Champagnie,Justin,1610612764,WAS,Washington Wizards,0022400815,2025-02-23T00:00:00,WAS @ ORL,L,30.816666666666666,1.2,8.2,0.143,1.2,5.8,0.2,3.5,3.5,1.0,3.5,3.5,7.0,0.0,0.0,0.0,1.2,2.3,3.5,1.2,7.0,-15.2,18.9,0,0,17.5,1,13222,1,13222,7026,22521,19976,22260,13547,11105,13429,6693,8874,1,4371,15231,10135,19908,16469,12854,6374,2357,8735,16560,20717,19970,21680,2246,150,22069,1,30:49
2024-25,1631216,Caleb Houstan,Caleb,1610612753,ORL,Orlando Magic,0022400815,2025-02-23T00:00:00,ORL vs. WAS,W,9.8,3.7,3.7,1.0,3.7,3.7,1.0,0.0,0.0,0.0,0.0,3.7,3.7,0.0,0.0,0.0,0.0,0.0,7.3,0.0,11.0,25.7,15.4,0,0,18.4,1,1,13086,1,22171,17909,24240,1,4750,16281,1,13505,14344,13505,14058,14723,18150,19908,16469,12854,8263,8846,1746,17725,17167,2669,23048,2246,150,21682,1,9:48
2024-25,203937,Kyle Anderson,Kyle,1610612748,MIA,Miami Heat,0022400817,2025-02-23T00:00:00,MIA @ MIL,L,8.516666666666667,0.0,0.0,0.0,0.0,0.0,0.0,0.0,0.0,0.0,0.0,8.5,8.5,0.0,0.0,0.0,0.0,0.0,0.0,0.0,0.0,-46.5,10.1,0,0,8.5,1,13222,1,13222,22624,22635,24836,22635,15070,20945,15070,13505,14344,13505,14058,4108,7542,19908,16469,12854,8263,8846,20257,17725,23200,25248,24388,2246,150,24693,1,8:31
2024-25,1630170,Devin Vassell,Devin,1610612759,SAS,San Antonio Spurs,0022400818,2025-02-23T00:00:00,SAS @ NOP,L,24.566666666666666,1.5,13.2,0.111,1.5,8.8,0.167,2.9,2.9,1.0,0.0,4.4,4.4,1.5,0.0,1.5,0.0,0.0,1.5,1.5,7.3,-33.7,19.2,0,0,17.6,1,13222,1,13222,12410,22213,11500,22520,12180,5122,14236,8008,10143,1,14058,12538,16298,18111,16469,8551,8263,8846,17368,15152,20465,24262,21550,2246,150,22043,1,24:34
2024-25,203914,Gary Harris,Gary,1610612753,ORL,Orlando Magic,0022400815,2025-02-23T00:00:00,ORL vs. WAS,W,12.95,0.0,8.3,0.0,0.0,8.3,0.0,0.0,0.0,0.0,2.8,2.8,5.6,2.8,0.0,0.0,0.0,0.0,0.0,0.0,0.0,-13.9,10.8,0,0,8.3,1,1,13086,1,20763,22635,19732,22635,15070,5844,15070,13505,14344,13505,5910,17463,13397,13647,16469,12854,8263,8846,20257,17725,23200,19464,24271,2246,150,24707,1,12:57
2024-25,202709,Cory Joseph,Cory,1610612753,ORL,Orlando Magic,0022400815,2025-02-23T00:00:00,ORL vs. WAS,W,6.0,0.0,6.0,0.0,0.0,6.0,0.0,0.0,0.0,0.0,0.0,0.0,0.0,0.0,0.0,0.0,0.0,0.0,0.0,0.0,0.0,-12.0,0.0,0,0,0.0,1,1,13086,1,23599,22635,22595,22635,15070,10684,15070,13505,14344,13505,14058,22137,23286,19908,16469,12854,8263,8846,20257,17725,23200,18731,25228,2246,150,25259,1,6:00
2024-25,1630545,Terrence Shannon Jr.,Terrence,1610612750,MIN,Minnesota Timberwolves,0022400820,2025-02-23T00:00:00,MIN vs. OKC,L,19.133333333333333,5.6,13.2,0.429,0.0,1.9,0.0,1.9,1.9,1.0,0.0,1.9,1.9,3.8,0.0,0.0,0.0,3.8,1.9,1.9,13.2,-41.4,21.1,0,0,18.8,1,13222,1,13222,16723,12573,11530,13735,15070,19771,15070,11010,13025,1,14058,20022,22034,10613,16469,12854,8263,759,15776,13580,14910,24934,20645,2246,150,21475,1,19:08
2024-25,1631103,Malaki Branham,Malaki,1610612759,SAS,San Antonio Spurs,0022400818,2025-02-23T00:00:00,SAS @ NOP,L,1.5166666666666666,0.0,23.7,0.0,0.0,23.7,0.0,0.0,0.0,0.0,0.0,23.7,23.7,0.0,0.0,0.0,0.0,0.0,0.0,0.0,0.0,23.7,28.5,0,0,23.7,1,13222,1,13222,25778,22635,1137,22635,15070,129,15070,13505,14344,13505,14058,91,230,19908,16469,12854,8263,8846,20257,17725,23200,3083,15885,2246,150,18500,1,1:31
2024-25,203486,Mason Plumlee,Mason,1610612756,PHX,Phoenix Suns,0022400816,2025-02-23T00:00:00,PHX @ TOR,L,16.966666666666665,4.2,4.2,1.0,0.0,0.0,0.0,0.0,4.2,0.0,0.0,6.4,6.4,4.2,0.0,0.0,0.0,0.0,2.1,2.1,8.5,-25.5,22.5,0,0,19.1,1,13222,1,13222,18274,16475,23963,1,15070,20945,15070,13505,7328,13505,14058,7566,11474,9265,16469,12854,8263,8846,14514,12518,19524,22910,19882,2246,150,21352,1,16:58
2024-25,1631107,Nikola Jović,Nikola,1610612748,MIA,Miami Heat,0022400817,2025-02-23T00:00:00,MIA @ MIL,L,15.335,7.0,9.4,0.75,2.3,4.7,0.5,0.0,0.0,0.0,0.0,4.7,4.7,0.0,0.0,0.0,0.0,0.0,4.7,0.0,16.4,23.5,22.1,0,0,23.5,1,13222,1,13222,19351,8831,18135,2107,8678,13973,3944,13505,14344,13505,14058,11724,15582,19908,16469,12854,8263,8846,5296,17725,11467,3159,20101,2246,150,18688,1,15:20
2024-25,1631104,Blake Wesley,Blake,1610612759,SAS,San Antonio Spurs,0022400818,2025-02-23T00:00:00,SAS @ NOP,L,1.5166666666666666,0.0,0.0,0.0,0.0,0.0,0.0,0.0,0.0,0.0,0.0,0.0,0.0,23.7,0.0,0.0,0.0,0.0,0.0,0.0,0.0,23.7,35.6,0,0,23.7,1,13222,1,13222,25778,22635,24836,22635,15070,20945,15070,13505,14344,13505,14058,22137,23286,46,16469,12854,8263,8846,20257,17725,23200,3083,10651,2246,150,18500,1,1:31
2024-25,1642264,Stephon Castle,Stephon,1610612759,SAS,San Antonio Spurs,0022400818,2025-02-23T00:00:00,SAS @ NOP,L,22.336666666666666,1.6,16.1,0.1,0.0,4.8,0.0,0.0,0.0,0.0,0.0,0.0,0.0,3.2,3.2,0.0,0.0,1.6,3.2,1.6,3.2,8.1,4.8,0,0,6.4,1,13222,1,13222,14244,22015,6962,22561,15070,13613,15070,13505,14344,13505,14058,22137,23286,12221,5751,12854,8263,4404,9765,14589,22882,8610,25012,2246,150,24953,1,22:20
2024-25,1631197,Jared Rhoden,Jared,1610612761,TOR,Toronto Raptors,0022400816,2025-02-23T00:00:00,TOR vs. PHX,W,1.2166666666666666,0.0,29.6,0.0,0.0,0.0,0.0,0.0,0.0,0.0,0.0,0.0,0.0,0.0,0.0,0.0,0.0,29.6,0.0,0.0,0.0,0.0,0.0,0,0,0.0,1,1,13086,1,25950,22635,291,22635,15070,20945,15070,13505,14344,13505,14058,22137,23286,19908,16469,12854,8263,6,20257,17725,23200,12240,25228,2246,150,25259,1,1:13
2024-25,1629614,Andrew Nembhard,Andrew,1610612754,IND,Indiana Pacers,0022400813,2025-02-23T00:00:00,IND vs. LAC,W,29.783333333333335,6.0,13.3,0.455,0.0,2.4,0.0,2.4,2.4,1.0,1.2,4.8,6.0,1.2,2.4,1.2,0.0,0.0,3.6,1.2,14.5,20.5,24.8,0,0,24.2,1,1,13086,1,7977,11389,11310,12676,15070,18772,15070,9284,11430,1,11733,11320,12180,18991,8582,10101,8263,8846,8338,16356,13406,3797,18434,2246,150,18224,1,29:47
2024-25,1627752,Taurean Prince,Taurean,1610612749,MIL,Milwaukee Bucks,0022400817,2025-02-23T00:00:00,MIL vs. MIA,W,19.85,1.8,7.3,0.25,0.0,5.4,0.0,0.0,0.0,0.0,0.0,1.8,1.8,0.0,0.0,0.0,0.0,0.0,5.4,1.8,3.6,1.8,5.8,0,0,5.4,1,1,13086,1,16140,21728,21269,20233,15070,12108,15070,13505,14344,13505,14058,20206,22138,19908,16469,12854,8263,8846,3785,13881,22726,11728,24936,2246,150,25058,1,19:51
2024-25,1630534,Ochai Agbaji,Ochai,1610612761,TOR,Toronto Raptors,0022400816,2025-02-23T00:00:00,TOR vs. PHX,W,19.373333333333335,3.7,9.3,0.4,1.9,3.7,0.5,0.0,0.0,0.0,1.9,1.9,3.7,0.0,0.0,1.9,0.0,1.9,7.4,0.0,9.3,-27.9,19.3,0,0,18.6,1,1,13086,1,16520,17794,18283,14933,10840,16178,3944,13505,14344,13505,9001,20090,18030,19908,16469,6988,8263,3709,1688,17725,18817,23411,21488,2246,150,21594,1,19:22
2024-25,1641717,Cason Wallace,Cason,1610612760,OKC,Oklahoma City Thunder,0022400820,2025-02-23T00:00:00,OKC @ MIN,W,22.08,3.3,8.2,0.4,1.6,6.5,0.25,1.6,1.6,1.0,3.3,0.0,3.3,3.3,1.6,0.0,0.0,0.0,4.9,1.6,9.8,1.6,17.0,0,0,17.9,1,1,13086,1,14437,18857,20012,14933,11595,9500,11902,11543,13362,1,4819,22137,19082,12112,12215,12854,8263,8846,4859,14525,18365,11820,22506,2246,150,21902,1,22:05
2024-25,1626220,Royce O'Neale,Royce,1610612756,PHX,Phoenix Suns,0022400816,2025-02-23T00:00:00,PHX @ TOR,L,27.875,2.6,10.3,0.25,1.3,7.7,0.167,0.0,0.0,0.0,0.0,5.2,5.2,2.6,1.3,2.6,1.3,0.0,2.6,0.0,6.5,-9.0,26.9,0,0,23.2,1,13222,1,13222,9651,20301,16504,20233,12890,6901,14236,13505,14344,13505,14058,10379,14360,14274,13849,4174,5688,8846,12484,17725,21078,17446,17046,2246,150,18840,1,27:53
2024-25,1630579,Jericho Sims,Jericho,1610612749,MIL,Milwaukee Bucks,0022400817,2025-02-23T00:00:00,MIL vs. MIA,W,13.733333333333333,2.6,5.2,0.5,0.0,0.0,0.0,0.0,0.0,0.0,5.2,5.2,10.5,2.6,5.2,0.0,0.0,0.0,7.9,0.0,5.2,13.1,16.5,0,0,18.3,1,1,13086,1,20341,20242,23295,8526,15070,20945,15070,13505,14344,13505,2152,10176,4918,14150,2067,12854,8263,8846,1421,17725,21885,6349,22656,2246,150,21689,1,13:44
2024-25,1628971,Bruce Brown,Bruce,1610612740,NOP,New Orleans Pelicans,0022400818,2025-02-23T00:00:00,NOP vs. SAS,W,15.596666666666666,2.3,11.5,0.2,0.0,2.3,0.0,0.0,0.0,0.0,0.0,0.0,0.0,0.0,0.0,0.0,0.0,2.3,4.6,0.0,4.6,-25.4,4.6,0,0,4.6,1,1,13086,1,19200,20839,14406,21401,15070,18969,15070,13505,14344,13505,14058,22137,23286,19908,16469,12854,8263,2408,5502,17725,22225,22886,25035,2246,150,25138,1,15:36
2024-25,1630311,Pat Spencer,Pat,1610612744,GSW,Golden State Warriors,0022400812,2025-02-23T00:00:00,GSW vs. DAL,W,6.183333333333334,0.0,11.6,0.0,0.0,11.6,0.0,0.0,0.0,0.0,0.0,5.8,5.8,5.8,0.0,5.8,0.0,0.0,0.0,5.8,0.0,-23.3,33.2,0,0,23.3,1,1,13086,1,23525,22635,14230,22635,15070,2001,15070,13505,14344,13505,14058,8740,12714,5806,16469,523,8263,8846,20257,2859,23200,22406,12441,2246,150,18809,1,6:11
2024-25,201587,Nicolas Batum,Nicolas,1610612746,LAC,LA Clippers,0022400813,2025-02-23T00:00:00,LAC @ IND,L,7.583333333333333,0.0,0.0,0.0,0.0,0.0,0.0,0.0,0.0,0.0,0.0,9.5,9.5,0.0,0.0,0.0,0.0,0.0,9.5,0.0,0.0,-4.7,11.4,0,0,9.5,1,13222,1,13222,22957,22635,24836,22635,15070,20945,15070,13505,14344,13505,14058,3016,6072,19908,16469,12854,8263,8846,811,17725,23200,15444,24157,2246,150,24528,1,7:35
2024-25,1641713,GG Jackson,GG,1610612763,MEM,Memphis Grizzlies,0022400819,2025-02-23T00:00:00,MEM @ CLE,L,3.9833333333333334,0.0,18.1,0.0,0.0,18.1,0.0,0.0,0.0,0.0,0.0,0.0,0.0,9.0,0.0,0.0,0.0,0.0,9.0,0.0,0.0,-63.3,13.6,0,0,9.0,1,13222,1,13222,24489,22635,4586,22635,15070,326,15070,13505,14344,13505,14058,22137,23286,1986,16469,12854,8263,8846,950,17725,23200,25752,23619,2246,150,24598,1,3:59
2024-25,1627739,Kris Dunn,Kris,1610612746,LAC,LA Clippers,0022400813,2025-02-23T00:00:00,LAC @ IND,L,27.316666666666666,2.6,9.2,0.286,0.0,6.6,0.0,0.0,0.0,0.0,2.6,4.0,6.6,1.3,2.6,1.3,1.3,0.0,2.6,0.0,5.3,-27.7,20.4,0,0,18.5,1,13222,1,13222,10084,20211,18364,19630,15070,9342,15070,13505,14344,13505,6261,13867,10979,18603,7752,9360,5571,8846,12305,17725,21867,23366,20972,2246,150,21651,1,27:19
2024-25,1629667,Jalen McDaniels,Jalen,1610612764,WAS,Washington Wizards,0022400815,2025-02-23T00:00:00,WAS @ ORL,L,6.1883333333333335,0.0,0.0,0.0,0.0,0.0,0.0,0.0,0.0,0.0,0.0,0.0,0.0,5.8,0.0,5.8,0.0,0.0,0.0,0.0,0.0,5.8,26.2,0,0,17.5,1,13222,1,13222,23524,22635,24836,22635,15070,20945,15070,13505,14344,13505,14058,22137,23286,5822,16469,528,8263,8846,20257,17725,23200,9696,17490,2246,150,22097,1,6:11
2024-25,203992,Bogdan Bogdanović,Bogdan,1610612746,LAC,LA Clippers,0022400813,2025-02-23T00:00:00,LAC @ IND,L,29.25,4.9,16.0,0.308,1.2,9.8,0.125,2.5,3.7,0.667,0.0,1.2,1.2,2.5,0.0,1.2,0.0,0.0,1.2,3.7,13.5,1.2,22.4,0,0,20.9,1,13222,1,13222,8450,14625,7106,19226,13203,3667,14886,9166,8493,9425,14058,21440,22904,14676,16469,9937,8263,8846,18373,7148,14459,11987,19927,2246,150,20334,1,29:15
2024-25,201144,Mike Conley,Mike,1610612750,MIN,Minnesota Timberwolves,0022400820,2025-02-23T00:00:00,MIN vs. OKC,L,31.45,3.4,6.9,0.5,3.4,6.9,0.5,0.0,0.0,0.0,0.0,2.3,2.3,5.7,1.1,0.0,0.0,0.0,3.4,1.1,10.3,8.0,20.5,0,0,21.7,1,13222,1,13222,6450,18465,21715,8526,5301,8734,3944,13505,14344,13505,14058,18797,21227,6003,14832,12854,8263,8846,8959,16683,17856,8627,20953,2246,150,19814,1,31:27
2024-25,1628386,Jarrett Allen,Jarrett,1610612739,CLE,Cleveland Cavaliers,0022400819,2025-02-23T00:00:00,CLE vs. MEM,W,31.158333333333335,6.9,9.2,0.75,0.0,0.0,0.0,1.2,4.6,0.25,3.5,8.1,11.6,1.2,3.5,1.2,0.0,2.3,3.5,4.6,15.0,8.1,30.6,1,0,30.0,1,1,13086,1,6743,9091,18344,2107,15070,20945,15070,12734,6629,13358,4425,4583,3892,19163,5095,10541,8263,2401,8852,4894,12883,8593,14332,1,150,13914,1,31:10
2024-25,1630314,Brandon Williams,Brandon,1610612742,DAL,Dallas Mavericks,0022400812,2025-02-23T00:00:00,DAL @ GSW,L,12.0,3.0,9.0,0.333,3.0,3.0,1.0,6.0,6.0,1.0,0.0,3.0,3.0,3.0,0.0,0.0,3.0,3.0,0.0,3.0,15.0,3.0,32.1,0,0,30.0,1,13222,1,13222,21228,19415,18708,17395,6500,17643,1,2855,4464,1,14058,16717,19729,12925,16469,12854,1691,1329,20257,9236,12895,11118,13253,2246,150,13941,1,12:00
2024-25,203110,Draymond Green,Draymond,1610612744,GSW,Golden State Warriors,0022400812,2025-02-23T00:00:00,GSW vs. DAL,W,27.173333333333332,6.6,13.2,0.5,0.0,2.6,0.0,4.0,5.3,0.75,0.0,5.3,5.3,7.9,2.6,2.6,0.0,0.0,1.3,6.6,17.2,25.2,40.8,0,0,35.8,1,1,13086,1,10212,9874,11401,8526,15070,18350,15070,5736,5466,8186,14058,10029,14042,2939,7700,4020,8263,8846,17930,1963,10605,2777,7273,2246,150,9535,1,27:10
2024-25,1628392,Isaiah Hartenstein,Isaiah,1610612760,OKC,Oklahoma City Thunder,0022400820,2025-02-23T00:00:00,OKC @ MIN,W,25.935,8.3,11.1,0.75,0.0,0.0,0.0,0.0,0.0,0.0,2.8,9.7,12.5,6.9,1.4,0.0,0.0,0.0,4.2,0.0,16.7,-5.6,40.7,0,0,36.1,1,1,13086,1,11214,5928,15187,2107,15070,20945,15070,13505,14344,13505,5919,2801,3133,4081,13353,12854,8263,8846,6657,17725,11216,15854,7346,2246,150,9304,1,25:56
2024-25,1628404,Josh Hart,Josh,1610612752,NYK,New York Knicks,0022400811,2025-02-23T00:00:00,NYK @ BOS,L,40.15,7.2,12.6,0.571,0.0,0.0,0.0,3.6,3.6,1.0,1.8,8.1,9.9,8.1,1.8,0.0,0.0,0.9,1.8,3.6,17.9,-10.8,40.1,1,0,35.9,1,13222,1,13222,528,8529,12653,6538,15070,20945,15070,6516,8711,1,9263,4607,5580,2818,11580,12854,8263,8677,16215,7431,9905,18212,7711,1,150,9470,1,40:09
2024-25,1630198,Isaiah Joe,Isaiah,1610612760,OKC,Oklahoma City Thunder,0022400820,2025-02-23T00:00:00,OKC @ MIN,W,10.973333333333333,6.6,16.4,0.4,6.6,13.1,0.5,0.0,0.0,0.0,0.0,3.3,3.3,6.6,0.0,0.0,0.0,3.3,0.0,3.3,19.7,-23.0,33.5,0,0,36.1,1,1,13086,1,21724,10035,6543,14933,969,1238,3944,13505,14344,13505,14058,15849,19038,4626,16469,12854,8263,1077,20257,8309,8174,22327,12215,2246,150,9305,1,10:58
2024-25,1641774,Tristan Vukcevic,Tristan,1610612764,WAS,Washington Wizards,0022400815,2025-02-23T00:00:00,WAS @ ORL,L,19.161666666666665,7.5,11.3,0.667,1.9,5.6,0.333,5.6,7.5,0.75,0.0,9.4,9.4,3.8,5.6,1.9,0.0,0.0,3.8,7.5,22.5,-11.3,39.5,0,0,41.3,1,13222,1,13222,16711,7733,14882,3281,10725,11613,9209,3266,2894,8186,14058,3115,6194,10630,1691,6859,8263,8846,7888,1317,5828,18429,8102,2246,150,6010,1,19:10
2024-25,1630264,Anthony Gill,Anthony,1610612764,WAS,Washington Wizards,0022400815,2025-02-23T00:00:00,WAS @ ORL,L,7.221666666666667,5.0,5.0,1.0,5.0,5.0,1.0,0.0,0.0,0.0,0.0,10.0,10.0,0.0,0.0,0.0,0.0,0.0,0.0,0.0,15.0,-5.0,26.9,0,0,29.9,1,13222,1,13222,23089,14432,23475,1,2294,13236,1,13505,14344,13505,14058,2605,5462,19908,16469,12854,8263,8846,20257,17725,12949,15582,17011,2246,150,14017,1,7:13
2024-25,203081,Damian Lillard,Damian,1610612749,MIL,Milwaukee Bucks,0022400817,2025-02-23T00:00:00,MIL vs. MIA,W,37.78333333333333,8.6,16.2,0.529,4.8,11.4,0.417,4.8,5.7,0.833,1.0,1.9,2.9,7.6,1.0,0.0,0.0,1.9,1.9,5.7,26.7,-2.9,40.6,0,0,41.9,1,1,13086,1,1518,5480,6837,8281,2614,2150,7826,4406,4870,7275,13623,19954,20098,3258,16128,12854,8263,3528,15643,3013,3354,14491,7400,2246,150,5689,1,37:47
2024-25,1629018,Gary Trent Jr.,Gary,1610612749,MIL,Milwaukee Bucks,0022400817,2025-02-23T00:00:00,MIL vs. MIA,W,23.433333333333334,7.7,13.8,0.556,4.6,7.7,0.6,4.6,6.1,0.75,0.0,6.1,6.1,0.0,3.1,0.0,0.0,0.0,4.6,7.7,24.6,7.7,28.9,0,0,35.3,1,1,13086,1,13361,7310,10452,7248,2872,7034,2992,4666,4289,8186,14058,8010,11942,19908,6211,12854,8263,8846,5518,1214,4437,8781,15566,2246,150,9853,1,23:26
2024-25,1630243,Trevelin Queen,Trevelin,1610612753,ORL,Orlando Magic,0022400815,2025-02-23T00:00:00,ORL vs. WAS,W,6.0,6.0,18.0,0.333,0.0,12.0,0.0,0.0,0.0,0.0,0.0,0.0,0.0,0.0,0.0,6.0,6.0,0.0,0.0,0.0,12.0,-12.0,48.0,0,0,36.0,1,1,13086,1,23599,11500,4664,17395,15070,1779,15070,13505,14344,13505,14058,22137,23286,19908,16469,465,310,8846,20257,17725,16132,18731,3973,2246,150,9360,1,6:00
2024-25,1627826,Ivica Zubac,Ivica,1610612746,LAC,LA Clippers,0022400813,2025-02-23T00:00:00,LAC @ IND,L,29.911666666666665,9.6,13.2,0.727,0.0,0.0,0.0,7.2,7.2,1.0,1.2,6.0,7.2,2.4,0.0,0.0,0.0,1.2,1.2,4.8,26.5,-10.8,38.8,0,0,36.1,1,13222,1,13222,7866,3687,11414,2666,15070,20945,15070,1854,3150,1,11772,8286,9702,14854,16469,12854,8263,6231,18518,4472,3443,18245,8565,2246,150,9297,1,29:55
2024-25,1642267,Bub Carrington,Bub,1610612764,WAS,Washington Wizards,0022400815,2025-02-23T00:00:00,WAS @ ORL,L,28.85,6.2,11.2,0.556,0.0,5.0,0.0,3.7,3.7,1.0,0.0,6.2,6.2,5.0,2.5,0.0,0.0,0.0,1.2,3.7,16.2,-6.2,28.7,0,0,27.5,1,13222,1,13222,8805,10865,14975,7248,15070,13221,15070,6194,8385,1,14058,7809,11733,7487,8262,12854,8263,8846,18284,7001,11700,16184,15716,2246,150,15828,1,28:51
2024-25,202710,Jimmy Butler III,Jimmy,1610612744,GSW,Golden State Warriors,0022400812,2025-02-23T00:00:00,GSW vs. DAL,W,28.3,6.4,11.4,0.556,0.0,2.5,0.0,10.2,10.2,1.0,1.3,2.5,3.8,6.4,1.3,1.3,0.0,0.0,1.3,6.4,22.9,35.6,39.6,0,0,35.6,1,1,13086,1,9299,10539,14571,7248,15070,18548,15070,652,1301,1,11346,18071,17783,4913,13954,9635,8263,8846,18159,2229,5559,1331,8035,2246,150,9646,1,28:18
2024-25,1642347,Jamal Shead,Jamal,1610612761,TOR,Toronto Raptors,0022400816,2025-02-23T00:00:00,TOR vs. PHX,W,18.116666666666667,4.0,6.0,0.667,4.0,6.0,0.667,0.0,0.0,0.0,0.0,2.0,2.0,4.0,2.0,0.0,0.0,0.0,6.0,2.0,11.9,-15.9,18.3,0,0,21.9,1,1,13086,1,17491,17150,22644,3281,4040,10783,1957,13505,14344,13505,14058,19708,21824,10003,10581,12854,8263,8846,3003,13139,16221,20232,21975,2246,150,19751,1,18:07
2024-25,1629675,Naz Reid,Naz,1610612750,MIN,Minnesota Timberwolves,0022400820,2025-02-23T00:00:00,MIN vs. OKC,L,39.93333333333333,5.4,16.2,0.333,2.7,8.1,0.333,6.3,6.3,1.0,1.8,8.1,9.9,1.8,1.8,0.0,3.6,2.7,2.7,4.5,19.8,5.4,43.5,1,0,41.5,1,13222,1,13222,577,13248,6796,17395,7528,6260,9209,2581,4115,1,9226,4546,5534,17073,11538,12854,1141,1737,12026,5125,8044,9886,5904,1,150,5933,1,39:56
2024-25,202699,Tobias Harris,Tobias,1610612765,DET,Detroit Pistons,0022400814,2025-02-23T00:00:00,DET @ ATL,W,34.858333333333334,5.2,12.4,0.417,0.0,3.1,0.0,2.1,2.1,1.0,1.0,3.1,4.1,3.1,1.0,1.0,0.0,0.0,2.1,1.0,12.4,14.5,24.1,0,0,21.7,1,1,13086,1,3577,13910,12905,14532,15070,17461,15070,10421,12536,1,13005,16415,17003,12618,15616,11654,8263,8846,14780,17262,15725,5835,18907,2246,150,19847,1,34:52
2024-25,1641731,Bilal Coulibaly,Bilal,1610612764,WAS,Washington Wizards,0022400815,2025-02-23T00:00:00,WAS @ ORL,L,34.583333333333336,4.2,11.5,0.364,0.0,3.1,0.0,3.1,3.1,1.0,0.0,2.1,2.1,6.2,5.2,1.0,0.0,1.0,3.1,4.2,11.5,-11.5,21.2,0,0,21.9,1,13222,1,13222,3799,16690,14569,16861,15070,17414,15070,7486,9662,1,14058,19417,21650,5094,2107,11576,8263,7565,10190,5917,16730,18508,20578,2246,150,19749,1,34:35
2024-25,1642271,Kyle Filipowski,Kyle,1610612762,UTA,Utah Jazz,0022400809,2025-02-22T00:00:00,UTA vs. HOU,W,15.3,9.4,14.1,0.667,0.0,2.4,0.0,0.0,4.7,0.0,2.4,2.4,4.7,7.1,2.4,2.4,0.0,0.0,9.4,2.4,18.8,-4.7,39.8,0,0,35.3,1,1,13086,1,19374,4005,9976,3281,15070,18898,15070,13505,6468,13505,7080,18611,15540,3947,8848,4858,8263,8846,837,11525,9012,15422,7908,2246,150,9882,1,15:18
2024-25,202696,Nikola Vučević,Nikola,1610612741,CHI,Chicago Bulls,0022400806,2025-02-22T00:00:00,CHI vs. PHX,L,30.25,7.1,19.0,0.375,2.4,6.0,0.4,2.4,2.4,1.0,1.2,11.9,13.1,1.2,3.6,0.0,0.0,0.0,2.4,1.2,19.0,-1.2,33.0,1,0,35.7,1,13222,1,13222,7548,8602,3723,16299,8553,10814,7874,9387,11540,1,11865,1416,2743,19048,4838,12854,8263,8846,13308,16448,8813,13671,12615,1,150,9571,1,30:15
2024-25,1629618,Jalen Pickett,Jalen,1610612743,DEN,Denver Nuggets,0022400808,2025-02-22T00:00:00,DEN vs. LAL,L,4.25,8.5,16.9,0.5,8.5,16.9,0.5,0.0,0.0,0.0,0.0,8.5,8.5,0.0,8.5,0.0,0.0,0.0,0.0,0.0,25.4,-25.4,27.1,0,0,42.4,1,13222,1,13222,24355,5666,5861,8526,372,424,3944,13505,14344,13505,14058,4082,7513,19908,508,12854,8263,8846,20257,17725,3984,22894,16872,2246,150,5472,1,4:15
2024-25,1630163,LaMelo Ball,LaMelo,1610612766,CHA,Charlotte Hornets,0022400810,2025-02-22T00:00:00,CHA @ POR,L,21.816666666666666,1.7,16.5,0.1,0.0,6.6,0.0,5.0,6.6,0.75,0.0,6.6,6.6,3.3,0.0,0.0,1.7,0.0,1.7,6.6,8.3,-29.7,26.1,0,0,21.5,1,13222,1,13222,14648,21967,6422,22561,15070,9318,15070,4121,3771,8186,14058,7103,10945,11976,16469,12854,4417,8846,16706,1989,19699,23693,17569,2246,150,20004,1,21:49
2024-25,1631207,Dalen Terry,Dalen,1610612741,CHI,Chicago Bulls,0022400806,2025-02-22T00:00:00,CHI vs. PHX,L,4.216666666666667,17.1,25.6,0.667,0.0,8.5,0.0,0.0,0.0,0.0,0.0,0.0,0.0,8.5,0.0,0.0,0.0,0.0,8.5,0.0,34.2,-76.8,47.0,0,0,42.7,1,13222,1,13222,24368,270,709,3281,15070,5516,15070,13505,14344,13505,14058,22137,23286,2387,16469,12854,8263,8846,1122,17725,1100,25975,4327,2246,150,5315,1,4:13
2024-25,1642261,Dalton Knecht,Dalton,1610612747,LAL,Los Angeles Lakers,0022400808,2025-02-22T00:00:00,LAL @ DEN,W,9.133333333333333,3.9,11.8,0.333,0.0,7.9,0.0,7.9,7.9,1.0,0.0,3.9,3.9,0.0,3.9,3.9,3.9,0.0,3.9,3.9,15.8,11.8,40.2,0,0,35.5,1,1,13086,1,22406,17227,13900,17395,15070,6650,15070,1461,2601,1,14058,13907,17463,19908,3986,1690,949,8846,7305,6461,12153,6871,7633,2246,150,9749,1,9:08
2024-25,1629008,Michael Porter Jr.,Michael,1610612743,DEN,Denver Nuggets,0022400808,2025-02-22T00:00:00,DEN vs. LAL,L,30.171666666666667,6.0,16.7,0.357,1.2,4.8,0.25,2.4,2.4,1.0,1.2,8.4,9.5,1.2,1.2,1.2,0.0,1.2,3.6,2.4,15.5,-14.3,31.1,0,0,29.8,1,13222,1,13222,7618,11618,6170,17140,13413,13780,11902,9381,11531,1,11842,4216,6000,19034,14495,10233,8263,6319,8498,11404,12412,19621,13955,2246,150,14074,1,30:10
2024-25,1641729,Brice Sensabaugh,Brice,1610612762,UTA,Utah Jazz,0022400809,2025-02-22T00:00:00,UTA vs. HOU,W,23.583333333333332,7.6,22.9,0.333,3.1,10.7,0.286,0.0,0.0,0.0,1.5,3.1,4.6,4.6,1.5,0.0,0.0,0.0,3.1,0.0,18.3,19.8,29.2,0,0,30.5,1,1,13086,1,13240,7428,1420,17395,6341,2797,11433,13505,14344,13505,10205,16543,15858,8455,12628,12854,8263,8846,10477,17725,9509,3998,15390,2246,150,13526,1,23:35
2024-25,1641733,Nick Smith Jr.,Nick,1610612766,CHA,Charlotte Hornets,0022400810,2025-02-22T00:00:00,CHA @ POR,L,32.8,6.6,19.8,0.333,0.0,5.5,0.0,2.2,2.2,1.0,1.1,1.1,2.2,2.2,4.4,1.1,0.0,0.0,5.5,1.1,15.4,-35.1,20.2,0,0,22.0,1,13222,1,13222,5326,9966,3146,17395,15070,11980,15070,9965,12104,1,12486,21755,21421,15643,3159,11040,8263,8846,3718,16917,12553,24423,21063,2246,150,19701,1,32:48
2024-25,1629632,Coby White,Coby,1610612741,CHI,Chicago Bulls,0022400806,2025-02-22T00:00:00,CHI vs. PHX,L,31.033333333333335,8.1,16.2,0.5,2.3,9.3,0.25,4.6,4.6,1.0,0.0,4.6,4.6,9.3,1.2,1.2,0.0,0.0,4.6,4.6,23.2,-18.6,45.0,0,0,41.8,1,13222,1,13222,6853,6363,6763,8526,8775,4406,11902,4606,6593,1,14058,11880,15727,1816,14726,10503,8263,8846,5438,4855,5355,21087,5175,2246,150,5770,1,31:02
2024-25,1630231,KJ Martin,KJ,1610612762,UTA,Utah Jazz,0022400809,2025-02-22T00:00:00,UTA vs. HOU,W,29.233333333333334,6.2,11.1,0.556,1.2,6.2,0.2,0.0,2.5,0.0,0.0,4.9,4.9,1.2,0.0,0.0,0.0,0.0,3.7,1.2,13.5,7.4,21.3,0,0,20.9,1,1,13086,1,8465,11081,15223,7248,13196,10303,13429,13505,11308,13505,14058,11096,14992,18912,16469,12854,8263,8846,8105,16229,14447,8942,20532,2246,150,20324,1,29:14
2024-25,1630549,Day'Ron Sharpe,Day'Ron,1610612751,BKN,Brooklyn Nets,0022400807,2025-02-22T00:00:00,BKN @ PHI,W,12.766666666666667,14.1,16.9,0.833,0.0,0.0,0.0,0.0,0.0,0.0,11.3,8.5,19.7,2.8,2.8,5.6,2.8,0.0,11.3,2.8,28.2,0.0,78.7,0,0,67.7,1,1,13086,1,20855,682,5891,1514,15070,20945,15070,13505,14344,13505,290,4100,573,13521,7147,589,1921,8846,499,9891,2708,12240,223,2246,150,380,1,12:46
2024-25,2544,LeBron James,LeBron,1610612747,LAL,Los Angeles Lakers,0022400808,2025-02-22T00:00:00,LAL @ DEN,W,33.03333333333333,12.0,20.7,0.579,1.1,4.4,0.25,2.2,3.3,0.667,2.2,7.6,9.8,5.4,1.1,1.1,3.3,0.0,2.2,2.2,27.2,9.8,59.2,0,0,52.3,1,1,13086,1,5120,1538,2512,6486,14006,14776,11902,10030,9380,9425,7653,5275,5668,6536,15200,11104,1421,8846,14188,12243,3091,7784,1302,2246,150,1968,1,33:02
2024-25,1630692,Jordan Goodwin,Jordan,1610612747,LAL,Los Angeles Lakers,0022400808,2025-02-22T00:00:00,LAL @ DEN,W,11.416666666666666,6.3,9.5,0.667,3.2,6.3,0.5,0.0,0.0,0.0,3.2,0.0,3.2,0.0,0.0,6.3,3.2,3.2,0.0,0.0,15.8,18.9,47.9,0,0,41.0,1,1,13086,1,21525,10686,18020,3281,6082,9963,3944,13505,14344,13505,5030,22137,19357,19908,16469,411,1517,1192,20257,17725,12153,4285,4004,2246,150,6205,1,11:25
2024-25,1630224,Jalen Green,Jalen,1610612745,HOU,Houston Rockets,0022400809,2025-02-22T00:00:00,HOU @ UTA,L,35.63333333333333,9.1,21.2,0.429,6.1,12.1,0.5,1.0,3.0,0.333,1.0,2.0,3.0,10.1,1.0,0.0,0.0,2.0,2.0,2.0,25.3,-10.1,43.0,1,0,44.5,1,13222,1,13222,2960,4545,2200,13735,1264,1716,3944,13212,9907,13132,13175,19594,19633,1385,15777,12854,8263,3158,15022,12981,4083,17932,6123,1,150,4491,1,35:38
2024-25,1630559,Austin Reaves,Austin,1610612747,LAL,Los Angeles Lakers,0022400808,2025-02-22T00:00:00,LAL @ DEN,W,32.97833333333333,7.6,14.2,0.538,4.4,7.6,0.571,5.5,6.5,0.833,1.1,3.3,4.4,7.6,2.2,0.0,1.1,0.0,3.3,4.4,25.1,14.2,42.9,0,0,43.7,1,1,13086,1,5170,7408,9848,7978,3292,7098,3506,3464,3832,7275,12540,15870,16370,3233,9580,12854,6852,8846,9546,5432,4166,5941,6174,2246,150,4847,1,32:59
2024-25,1641998,Trey Jemison III,Trey,1610612747,LAL,Los Angeles Lakers,0022400808,2025-02-22T00:00:00,LAL @ DEN,W,3.316666666666667,10.9,21.7,0.5,0.0,0.0,0.0,0.0,0.0,0.0,10.9,0.0,10.9,0.0,0.0,0.0,10.9,0.0,0.0,0.0,21.7,10.9,67.3,0,0,54.3,1,1,13086,1,24840,2379,1946,8526,15070,20945,15070,13505,14344,13505,317,22137,4547,19908,16469,12854,54,8846,20257,17725,6463,7297,553,2246,150,1578,1,3:19
2024-25,1631217,Moussa Diabaté,Moussa,1610612766,CHA,Charlotte Hornets,0022400810,2025-02-22T00:00:00,CHA @ POR,L,13.113333333333333,5.5,5.5,1.0,0.0,0.0,0.0,2.7,5.5,0.5,2.7,16.5,19.2,5.5,2.7,5.5,2.7,0.0,5.5,2.7,13.7,-32.9,67.0,0,0,54.9,1,13222,1,13222,20691,13004,23099,1,15070,20945,15070,8471,5202,10625,5991,383,640,6448,7394,641,2022,8846,3714,10172,14247,24155,572,2246,150,1472,1,13:07
2024-25,203083,Andre Drummond,Andre,1610612755,PHI,Philadelphia 76ers,0022400807,2025-02-22T00:00:00,PHI vs. BKN,L,4.65,15.5,15.5,1.0,0.0,0.0,0.0,15.5,31.0,0.5,15.5,7.7,23.2,0.0,0.0,0.0,0.0,0.0,23.2,15.5,46.5,0.0,74.3,0,0,69.7,1,13222,1,13222,24158,417,7847,1,15070,20945,15070,155,51,10625,118,5093,258,19908,16469,12854,8263,8846,81,89,217,12240,309,2246,150,330,1,4:39
2024-25,1628970,Miles Bridges,Miles,1610612766,CHA,Charlotte Hornets,0022400810,2025-02-22T00:00:00,CHA @ POR,L,23.45,9.2,21.5,0.429,4.6,9.2,0.5,3.1,3.1,1.0,0.0,4.6,4.6,4.6,3.1,3.1,1.5,1.5,4.6,3.1,26.1,-43.0,49.3,0,0,49.1,1,13222,1,13222,13346,4338,2030,13735,2876,4507,3944,7620,9796,1,14058,11964,15796,8397,6225,2998,4733,4641,5524,8994,3633,25054,3513,2246,150,2790,1,23:27
2024-25,1641739,Toumani Camara,Toumani,1610612757,POR,Portland Trail Blazers,0022400810,2025-02-22T00:00:00,POR vs. CHA,W,27.916666666666668,9.0,11.6,0.778,5.2,7.7,0.667,2.6,2.6,1.0,1.3,11.6,12.9,7.7,2.6,1.3,2.6,0.0,3.9,2.6,25.8,58.0,61.9,1,0,59.3,1,1,13086,1,9614,4656,14293,1994,2099,6922,1957,8858,11027,1,11243,1559,2875,3144,7953,9520,2248,8846,7554,10708,3777,396,977,1,150,887,1,27:55
2024-25,1641718,Keyonte George,Keyonte,1610612762,UTA,Utah Jazz,0022400809,2025-02-22T00:00:00,UTA vs. HOU,W,29.116666666666667,12.4,21.0,0.588,6.2,9.9,0.625,6.2,12.4,0.5,0.0,9.9,9.9,7.4,1.2,0.0,0.0,1.2,0.0,7.4,37.1,8.7,58.9,0,0,60.6,1,1,13086,1,8571,1320,2324,6229,1176,3619,2868,2694,688,10625,14058,2661,5552,3495,14190,12854,8263,6014,20257,1377,687,8339,1354,2246,150,774,1,29:07
2024-25,1631133,Jabari Walker,Jabari,1610612757,POR,Portland Trail Blazers,0022400810,2025-02-22T00:00:00,POR vs. CHA,W,26.283333333333335,8.2,13.7,0.6,1.4,4.1,0.333,9.6,13.7,0.7,2.7,16.4,19.2,2.7,0.0,2.7,0.0,0.0,4.1,8.2,27.4,38.4,62.7,1,0,56.2,1,1,13086,1,10915,6171,10662,5394,12561,15323,9209,811,498,9366,6011,386,651,13791,16469,3829,8263,8846,6808,922,3024,1090,898,1,150,1276,1,26:17
2024-25,1629029,Luka Dončić,Luka,1610612747,LAL,Los Angeles Lakers,0022400808,2025-02-22T00:00:00,LAL @ DEN,W,30.633333333333333,11.8,25.9,0.455,4.7,10.6,0.444,9.4,9.4,1.0,1.2,10.6,11.8,8.2,1.2,4.7,1.2,0.0,0.0,4.7,37.6,23.5,80.5,1,0,74.0,1,1,13086,1,7181,1690,667,12676,2730,2899,7211,873,1658,1,11961,2172,3714,2676,14622,1085,6333,8846,20257,4716,641,3146,187,1,150,247,1,30:38
2024-25,1630578,Alperen Sengun,Alperen,1610612745,HOU,Houston Rockets,0022400809,2025-02-22T00:00:00,HOU @ UTA,L,34.71666666666667,11.4,24.9,0.458,1.0,3.1,0.333,4.1,8.3,0.5,2.1,10.4,12.4,7.3,2.1,0.0,1.0,0.0,3.1,7.3,28.0,-1.0,54.9,1,0,50.8,1,13222,1,13222,3675,1929,851,12650,14328,17440,9209,5443,2328,10625,8062,2311,3164,3673,10139,12854,7221,8846,10236,1475,2788,13560,2019,1,150,2316,1,34:43
2024-25,1641871,Duop Reath,Duop,1610612757,POR,Portland Trail Blazers,0022400810,2025-02-22T00:00:00,POR vs. CHA,W,10.566666666666666,13.6,20.4,0.667,0.0,6.8,0.0,0.0,0.0,0.0,3.4,10.2,13.6,6.8,3.4,3.4,3.4,0.0,6.8,0.0,27.3,27.3,70.9,0,0,61.3,1,1,13086,1,21884,819,2670,3281,15070,8870,15070,13505,14344,13505,4527,2408,2420,4268,5215,2367,1301,8846,2129,17725,3085,2384,405,2246,150,704,1,10:34
2024-25,201142,Kevin Durant,Kevin,1610612756,PHX,Phoenix Suns,0022400806,2025-02-22T00:00:00,PHX @ CHI,W,38.45,8.4,14.0,0.6,2.8,5.6,0.5,5.6,5.6,1.0,0.0,9.4,9.4,4.7,1.9,0.0,0.9,0.0,0.0,4.7,25.3,5.6,44.5,1,0,44.0,1,1,13086,1,1135,5753,10102,5394,7189,11670,3944,3300,5026,1,14058,3151,6247,8229,11203,12854,7915,8846,20257,4757,4069,9786,5433,1,150,4687,1,38:27
2024-25,203994,Jusuf Nurkić,Jusuf,1610612766,CHA,Charlotte Hornets,0022400810,2025-02-22T00:00:00,CHA @ POR,L,16.253333333333334,11.1,19.9,0.556,2.2,6.6,0.333,0.0,2.2,0.0,8.9,8.9,17.7,11.1,4.4,2.2,2.2,0.0,8.9,4.4,24.4,-48.7,71.1,0,0,64.2,1,13222,1,13222,18752,2207,3012,7248,9185,9232,9209,13505,12045,13505,584,3651,960,978,3103,5344,2918,8846,1010,5283,4573,25352,399,2246,150,509,1,16:15
2024-25,1631101,Shaedon Sharpe,Shaedon,1610612757,POR,Portland Trail Blazers,0022400810,2025-02-22T00:00:00,POR vs. CHA,W,21.15,13.6,20.4,0.667,6.8,11.9,0.571,0.0,0.0,0.0,0.0,5.1,5.1,8.5,1.7,0.0,3.4,0.0,0.0,0.0,34.0,46.0,61.4,0,0,61.3,1,1,13086,1,15185,822,2678,3281,839,1824,3506,13505,14344,13505,14058,10548,14499,2412,11910,12854,1306,8846,20257,17725,1126,664,1029,2246,150,711,1,21:09
2024-25,1630581,Josh Giddey,Josh,1610612741,CHI,Chicago Bulls,0022400806,2025-02-22T00:00:00,CHI vs. PHX,L,34.81666666666667,6.2,14.5,0.429,3.1,5.2,0.6,9.3,9.3,1.0,3.1,5.2,8.3,10.3,0.0,3.1,1.0,0.0,2.1,5.2,24.8,2.1,62.7,1,0,54.8,1,13222,1,13222,3597,10967,9394,13735,6211,12772,2992,905,1708,1,5131,10358,7816,1264,16469,2929,7242,8846,14763,3818,4297,11592,904,1,150,1487,1,34:49
2024-25,1629014,Anfernee Simons,Anfernee,1610612757,POR,Portland Trail Blazers,0022400810,2025-02-22T00:00:00,POR vs. CHA,W,26.35,10.9,21.9,0.5,6.8,13.7,0.5,5.5,5.5,1.0,0.0,4.1,4.1,5.5,5.5,0.0,0.0,1.4,1.4,2.7,34.2,41.0,41.8,0,0,50.6,1,1,13086,1,10858,2323,1880,8526,828,1035,3944,3455,5231,1,14058,13417,17065,6498,1840,12854,8263,5326,17758,10220,1098,908,6726,2246,150,2377,1,26:21
2024-25,1630182,Josh Green,Josh,1610612766,CHA,Charlotte Hornets,0022400810,2025-02-22T00:00:00,CHA @ POR,L,23.366666666666667,1.5,9.2,0.167,1.5,7.7,0.2,1.5,1.5,1.0,1.5,1.5,3.1,3.1,3.1,3.1,0.0,0.0,3.1,4.6,6.2,-29.3,20.6,0,0,20.0,1,13222,1,13222,13408,22125,18342,21938,11895,6994,13429,11712,13448,1,10153,20795,19521,12663,6186,2976,8263,8846,10349,4888,21273,23627,20880,2246,150,20844,1,23:22
2024-25,1631124,Julian Strawther,Julian,1610612743,DEN,Denver Nuggets,0022400808,2025-02-22T00:00:00,DEN vs. LAL,L,11.875,3.0,12.1,0.25,0.0,9.1,0.0,0.0,0.0,0.0,0.0,0.0,0.0,6.1,3.0,0.0,0.0,0.0,15.2,3.0,6.1,-30.3,12.1,0,0,12.1,1,13222,1,13222,21350,19360,13369,20233,15070,4679,15070,13505,14344,13505,14058,22137,23286,5375,6350,12854,8263,8846,237,9120,21349,23787,23978,2246,150,23949,1,11:53
2024-25,1629111,Jock Landale,Jock,1610612745,HOU,Houston Rockets,0022400809,2025-02-22T00:00:00,HOU @ UTA,L,10.983333333333333,3.3,9.8,0.333,0.0,3.3,0.0,6.6,6.6,1.0,0.0,3.3,3.3,3.3,0.0,0.0,0.0,0.0,3.3,3.3,13.1,-19.7,22.0,0,0,19.7,1,13222,1,13222,21715,18811,17348,17395,15070,17113,15070,2355,3825,1,14058,15858,19046,12054,16469,12854,8263,8846,9530,8315,14968,21456,20168,2246,150,21054,1,10:59
2024-25,1641824,Matas Buzelis,Matas,1610612741,CHI,Chicago Bulls,0022400806,2025-02-22T00:00:00,CHI vs. PHX,L,23.583333333333332,7.6,15.3,0.5,4.6,10.7,0.429,3.1,3.1,1.0,0.0,4.6,4.6,1.5,3.1,1.5,1.5,1.5,0.0,1.5,22.9,-6.1,36.8,0,0,39.7,1,13222,1,13222,13240,7428,8153,8526,2926,2797,7394,7663,9837,1,14058,12052,15858,17885,6275,8291,4758,4670,20257,14894,5557,16112,9845,2246,150,6954,1,23:35
2024-25,1642275,Tidjane Salaün,Tidjane,1610612766,CHA,Charlotte Hornets,0022400810,2025-02-22T00:00:00,CHA @ POR,L,23.283333333333335,3.1,12.4,0.25,0.0,6.2,0.0,3.1,4.6,0.667,1.5,1.5,3.1,1.5,0.0,0.0,3.1,3.1,1.5,3.1,9.3,-38.7,24.6,0,0,20.1,1,13222,1,13222,13481,19217,12945,20233,15070,10234,15070,7564,6595,9425,10130,20781,19493,17816,16469,12854,1581,1239,17065,8910,18831,24752,18554,2246,150,20800,1,23:17
2024-25,1628374,Lauri Markkanen,Lauri,1610612762,UTA,Utah Jazz,0022400809,2025-02-22T00:00:00,UTA vs. HOU,W,32.2,8.9,21.2,0.421,3.4,11.2,0.3,4.5,4.5,1.0,2.2,8.9,11.2,0.0,1.1,0.0,0.0,0.0,2.2,3.4,25.7,2.2,38.0,1,0,40.2,1,1,13086,1,5800,4826,2188,14442,5507,2357,11319,4878,6895,1,7469,3569,4252,19908,15015,12854,8263,8846,13941,8088,3823,11496,9017,1,150,6647,1,32:12
2024-25,1629626,Bol Bol,Bol,1610612756,PHX,Phoenix Suns,0022400806,2025-02-22T00:00:00,PHX @ CHI,W,12.666666666666666,8.5,14.2,0.6,0.0,2.8,0.0,5.7,5.7,1.0,0.0,5.7,5.7,0.0,0.0,0.0,2.8,0.0,0.0,2.8,22.7,-2.8,38.1,0,0,34.1,1,1,13086,1,20909,5565,9810,5394,15070,17973,15070,3196,4910,1,14058,9077,13062,19908,16469,12854,1888,8846,20257,9805,5667,14482,8971,2246,150,10769,1,12:40
2024-25,1630192,Zeke Nnaji,Zeke,1610612743,DEN,Denver Nuggets,0022400808,2025-02-22T00:00:00,DEN vs. LAL,L,14.18,0.0,2.5,0.0,0.0,0.0,0.0,0.0,0.0,0.0,0.0,5.1,5.1,0.0,0.0,2.5,0.0,2.5,0.0,5.1,0.0,0.0,13.7,0,0,10.2,1,13222,1,13222,20099,22635,24633,22635,15070,20945,15070,13505,14344,13505,14058,10643,14586,19908,16469,4278,8263,1973,20257,3957,23200,12240,23573,2246,150,24394,1,14:11
2024-25,203078,Bradley Beal,Bradley,1610612756,PHX,Phoenix Suns,0022400806,2025-02-22T00:00:00,PHX @ CHI,W,37.973333333333336,9.5,18.0,0.526,2.8,6.6,0.429,1.9,1.9,1.0,1.9,3.8,5.7,3.8,3.8,1.9,0.0,0.9,1.9,2.8,23.7,10.4,38.1,0,0,39.8,1,1,13086,1,1399,3906,4655,8379,7069,9242,7394,10970,12991,1,8838,14345,13055,10516,4346,6789,8263,8358,15704,9799,4979,7497,8954,2246,150,6884,1,37:58
2024-25,203901,Elfrid Payton,Elfrid,1610612766,CHA,Charlotte Hornets,0022400810,2025-02-22T00:00:00,CHA @ POR,L,22.45,1.6,6.4,0.25,0.0,0.0,0.0,0.0,0.0,0.0,0.0,1.6,1.6,1.6,4.8,1.6,1.6,1.6,1.6,0.0,3.2,-57.7,12.3,0,0,12.8,1,13222,1,13222,14153,22026,22186,20233,15070,20945,15070,13505,14344,13505,14058,20671,22437,17633,2561,7968,4536,4426,16861,17725,22886,25627,23932,2246,150,23766,1,22:27
2024-25,1630570,Trendon Watford,Trendon,1610612751,BKN,Brooklyn Nets,0022400807,2025-02-22T00:00:00,BKN @ PHI,W,23.683333333333334,10.6,19.8,0.538,0.0,3.0,0.0,3.0,4.6,0.667,0.0,1.5,1.5,9.1,3.0,0.0,0.0,4.6,1.5,4.6,24.3,1.5,36.8,0,0,35.0,1,1,13086,1,13161,2564,3145,7978,15070,17570,15070,7693,6729,9425,14058,20832,22546,1925,6314,12854,8263,473,17143,5027,4597,11861,9849,2246,150,10124,1,23:41
2024-25,1630200,Tre Jones,Tre,1610612741,CHI,Chicago Bulls,0022400806,2025-02-22T00:00:00,CHI vs. PHX,L,14.35,5.0,15.1,0.333,0.0,5.0,0.0,0.0,0.0,0.0,0.0,2.5,2.5,7.5,0.0,0.0,0.0,0.0,0.0,0.0,10.0,-7.5,24.3,0,0,20.1,1,13222,1,13222,19976,14334,8509,17395,15070,13164,15070,13505,14344,13505,14058,18163,20797,3358,16469,12854,8263,8846,20257,17725,18126,16745,18729,2246,150,20824,1,14:21
2024-25,1628366,Lonzo Ball,Lonzo,1610612741,CHI,Chicago Bulls,0022400806,2025-02-22T00:00:00,CHI vs. PHX,L,29.383333333333333,1.2,11.0,0.111,1.2,8.6,0.143,0.0,0.0,0.0,1.2,2.5,3.7,1.2,2.5,0.0,1.2,0.0,0.0,0.0,3.7,3.7,11.1,0,0,12.3,1,13222,1,13222,8324,22471,15316,22520,13236,5451,14649,13505,14344,13505,11633,18326,18140,18936,8451,12854,6021,8846,20257,17725,22705,10825,24212,2246,150,23928,1,29:23
2024-25,203458,Alex Len,Alex,1610612747,LAL,Los Angeles Lakers,0022400808,2025-02-22T00:00:00,LAL @ DEN,W,3.316666666666667,0.0,0.0,0.0,0.0,0.0,0.0,0.0,0.0,0.0,0.0,10.9,10.9,0.0,0.0,0.0,0.0,0.0,0.0,0.0,0.0,10.9,13.0,0,0,10.9,1,1,13086,1,24840,22635,24836,22635,15070,20945,15070,13505,14344,13505,14058,1978,4547,19908,16469,12854,8263,8846,20257,17725,23200,7297,23762,2246,150,24253,1,3:19
2024-25,1642461,Spencer Jones,Spencer,1610612743,DEN,Denver Nuggets,0022400808,2025-02-22T00:00:00,DEN vs. LAL,L,3.2533333333333334,0.0,11.1,0.0,0.0,0.0,0.0,0.0,0.0,0.0,11.1,0.0,11.1,0.0,0.0,0.0,0.0,0.0,0.0,0.0,0.0,-66.4,13.3,0,0,11.1,1,13222,1,13222,24866,22635,15257,22635,15070,20945,15070,13505,14344,13505,306,22137,4356,19908,16469,12854,8263,8846,20257,17725,23200,25818,23699,2246,150,24208,1,3:15
2024-25,1630165,Killian Hayes,Killian,1610612751,BKN,Brooklyn Nets,0022400807,2025-02-22T00:00:00,BKN @ PHI,W,26.616666666666667,1.4,4.1,0.333,0.0,0.0,0.0,1.4,2.7,0.5,0.0,5.4,5.4,8.1,2.7,0.0,1.4,0.0,1.4,1.4,4.1,4.1,24.1,0,0,20.3,1,1,13086,1,10633,22348,24070,17395,15070,20945,15070,12158,10735,10625,14058,9763,13790,2772,7520,12854,5433,8846,17813,15663,22528,10614,18895,2246,150,20698,1,26:37
2024-25,1629003,Shake Milton,Shake,1610612747,LAL,Los Angeles Lakers,0022400808,2025-02-22T00:00:00,LAL @ DEN,W,3.316666666666667,0.0,0.0,0.0,0.0,0.0,0.0,0.0,0.0,0.0,0.0,10.9,10.9,0.0,10.9,0.0,0.0,0.0,0.0,0.0,0.0,10.9,2.2,0,0,10.9,1,1,13086,1,24840,22635,24836,22635,15070,20945,15070,13505,14344,13505,14058,1978,4547,19908,264,12854,8263,8846,20257,17725,23200,7297,25152,2246,150,24253,1,3:19
2024-25,1630166,Deni Avdija,Deni,1610612757,POR,Portland Trail Blazers,0022400810,2025-02-22T00:00:00,POR vs. CHA,W,23.233333333333334,9.3,15.5,0.6,1.5,6.2,0.25,3.1,7.7,0.4,1.5,4.6,6.2,6.2,3.1,1.5,0.0,1.5,3.1,6.2,23.2,40.3,41.5,0,0,40.3,1,1,13086,1,13518,4207,7829,5394,11863,10202,11902,7549,2712,13061,10121,11860,11829,5162,6129,8199,8263,4593,10274,2394,5333,966,6875,2246,150,6620,1,23:14
2024-25,1626220,Royce O'Neale,Royce,1610612756,PHX,Phoenix Suns,0022400806,2025-02-22T00:00:00,PHX @ CHI,W,23.95,1.5,10.5,0.143,0.0,7.5,0.0,0.0,0.0,0.0,1.5,6.0,7.5,3.0,1.5,3.0,0.0,0.0,0.0,0.0,3.0,12.0,24.1,0,0,19.5,1,1,13086,1,12946,22159,16175,22260,15070,7366,15070,13505,14344,13505,10304,8293,9139,12903,12727,3126,8263,8846,20257,17725,22954,6784,18914,2246,150,21131,1,23:57
2024-25,1641741,Ricky Council IV,Ricky,1610612755,PHI,Philadelphia 76ers,0022400807,2025-02-22T00:00:00,PHI vs. BKN,L,8.565,0.0,4.2,0.0,0.0,4.2,0.0,0.0,0.0,0.0,0.0,4.2,4.2,8.4,0.0,0.0,0.0,0.0,0.0,0.0,0.0,29.4,17.7,0,0,12.6,1,13222,1,13222,22615,22635,23991,22635,15070,15111,15070,13505,14344,13505,14058,13110,16793,2503,16469,12854,8263,8846,20257,17725,23200,2048,22237,2246,150,23833,1,8:34
2024-25,1630592,Jalen Wilson,Jalen,1610612751,BKN,Brooklyn Nets,0022400807,2025-02-22T00:00:00,BKN @ PHI,W,22.216666666666665,3.2,4.9,0.667,3.2,4.9,0.667,3.2,3.2,1.0,0.0,3.2,3.2,1.6,1.6,1.6,0.0,0.0,0.0,1.6,13.0,-11.3,22.5,0,0,24.3,1,1,13086,1,14337,18913,23564,3281,5845,13531,1957,7228,9437,1,14058,15959,19131,17594,12252,7915,8263,8846,20257,14560,15130,18452,19857,2246,150,18131,1,22:13
2024-25,1642270,Donovan Clingan,Donovan,1610612757,POR,Portland Trail Blazers,0022400810,2025-02-22T00:00:00,POR vs. CHA,W,19.816666666666666,7.3,7.3,1.0,0.0,0.0,0.0,0.0,0.0,0.0,3.6,5.4,9.1,0.0,1.8,1.8,1.8,0.0,7.3,0.0,14.5,41.8,34.5,0,0,30.9,1,1,13086,1,16160,8300,21255,1,15070,20945,15070,13505,14344,13505,4157,9674,6612,19908,11469,7173,4018,8846,1794,17725,13370,860,11435,2246,150,13265,1,19:49
2024-25,1628988,Aaron Holiday,Aaron,1610612745,HOU,Houston Rockets,0022400809,2025-02-22T00:00:00,HOU @ UTA,L,19.533333333333335,3.7,9.2,0.4,1.8,5.5,0.333,0.0,0.0,0.0,0.0,5.5,5.5,5.5,3.7,1.8,1.8,1.8,3.7,0.0,9.2,-9.2,31.5,0,0,29.5,1,13222,1,13222,16387,17872,18380,14933,10908,11893,9209,13505,14344,13505,14058,9456,13469,6373,4580,7064,3947,3762,8136,17725,18887,17537,13668,2246,150,14334,1,19:32
2024-25,1629060,Rui Hachimura,Rui,1610612747,LAL,Los Angeles Lakers,0022400808,2025-02-22T00:00:00,LAL @ DEN,W,35.78333333333333,7.0,12.1,0.583,4.0,9.1,0.444,3.0,4.0,0.75,0.0,0.0,0.0,4.0,0.0,1.0,0.0,0.0,2.0,2.0,21.1,14.1,30.2,0,0,31.2,1,1,13086,1,2834,8832,13467,6296,3952,4732,7211,7755,7795,8186,14058,22137,23286,9878,16469,11898,8263,8846,15076,13031,6975,5972,14676,2246,150,13013,1,35:47
2024-25,1642268,Isaiah Collier,Isaiah,1610612762,UTA,Utah Jazz,0022400809,2025-02-22T00:00:00,UTA vs. HOU,W,32.96666666666667,4.4,14.2,0.308,1.1,3.3,0.333,3.3,6.6,0.5,1.1,3.3,4.4,10.9,3.3,1.1,0.0,1.1,0.0,3.3,13.1,0.0,34.7,1,0,31.7,1,1,13086,1,5178,16152,9839,19226,13987,17119,9209,7151,3829,10625,12532,15865,16364,1023,5574,11088,8263,7119,20257,8324,14976,12240,11264,1,150,12651,1,32:58
2024-25,1630703,Scoot Henderson,Scoot,1610612757,POR,Portland Trail Blazers,0022400810,2025-02-22T00:00:00,POR vs. CHA,W,20.083333333333332,7.2,12.5,0.571,5.4,9.0,0.6,3.6,7.2,0.5,1.8,0.0,1.8,9.0,0.0,0.0,0.0,1.8,7.2,5.4,23.3,43.0,38.9,0,0,39.4,1,1,13086,1,15960,8532,12660,6538,1868,4884,2992,6519,3194,10625,9265,22137,22171,2053,16469,12854,8263,3919,1846,3510,5291,777,8478,2246,150,7113,1,20:05
2024-25,1626145,Tyus Jones,Tyus,1610612756,PHX,Phoenix Suns,0022400806,2025-02-22T00:00:00,PHX @ CHI,W,20.25,0.0,8.9,0.0,0.0,5.3,0.0,3.6,3.6,1.0,0.0,5.3,5.3,10.7,0.0,1.8,0.0,1.8,0.0,1.8,3.6,1.8,31.3,0,0,23.1,1,1,13086,1,15822,22635,18876,22635,15070,12367,15070,6591,8775,1,14058,9937,13954,1130,16469,7343,8263,3958,20257,14007,22753,11752,13835,2246,150,18929,1,20:15
2024-25,1628960,Grayson Allen,Grayson,1610612756,PHX,Phoenix Suns,0022400806,2025-02-22T00:00:00,PHX @ CHI,W,24.333333333333332,1.5,5.9,0.25,0.0,1.5,0.0,1.5,3.0,0.5,0.0,4.4,4.4,5.9,1.5,0.0,0.0,0.0,4.4,1.5,4.4,-8.9,17.2,0,0,14.8,1,1,13086,1,12619,22194,22692,20233,15070,20291,15070,11828,10071,10625,14058,12433,16198,5638,12853,12854,8263,8846,5922,15091,22324,17370,22427,2246,150,23133,1,24:20
2024-25,1630548,Johnny Juzang,Johnny,1610612762,UTA,Utah Jazz,0022400809,2025-02-22T00:00:00,UTA vs. HOU,W,17.133333333333333,6.3,12.6,0.5,0.0,6.3,0.0,0.0,0.0,0.0,4.2,2.1,6.3,2.1,0.0,4.2,0.0,0.0,2.1,0.0,12.6,21.0,35.9,0,0,29.4,1,1,13086,1,18175,10697,12550,8526,15070,9970,15070,13505,14344,13505,3298,19356,11596,15993,16469,1453,8263,8846,14604,17725,15487,3694,10410,2246,150,14389,1,17:08
2024-25,1629661,Cameron Johnson,Cameron,1610612751,BKN,Brooklyn Nets,0022400807,2025-02-22T00:00:00,BKN @ PHI,W,35.233333333333334,7.2,17.4,0.412,1.0,9.2,0.111,8.2,8.2,1.0,0.0,4.1,4.1,4.1,3.1,3.1,0.0,0.0,3.1,6.1,23.5,2.0,40.7,0,0,38.8,1,1,13086,1,3286,8574,5383,14791,14411,4542,15003,1330,2394,1,14058,13457,17105,9689,6243,3015,8263,8846,10413,2472,5130,11602,7350,2246,150,7499,1,35:14
2024-25,1627824,Guerschon Yabusele,Guerschon,1610612755,PHI,Philadelphia 76ers,0022400807,2025-02-22T00:00:00,PHI vs. BKN,L,23.166666666666668,1.6,6.2,0.25,1.6,4.7,0.333,3.1,3.1,1.0,4.7,7.8,12.4,1.6,3.1,4.7,3.1,1.6,1.6,4.7,7.8,7.8,45.2,0,0,38.8,1,13222,1,13222,13583,22102,22406,20233,11848,14054,9209,7518,9699,1,2732,5049,3169,17792,6097,1110,1562,4574,17025,4801,20104,8742,5078,2246,150,7482,1,23:10
2024-25,1641715,Cam Whitmore,Cam,1610612745,HOU,Houston Rockets,0022400809,2025-02-22T00:00:00,HOU @ UTA,L,9.983333333333333,0.0,3.6,0.0,0.0,3.6,0.0,3.6,7.2,0.5,0.0,3.6,3.6,7.2,3.6,0.0,0.0,0.0,0.0,3.6,3.6,-14.4,15.1,0,0,14.4,1,13222,1,13222,22110,22635,24267,22635,15070,16423,15070,6475,3157,10625,14058,14901,18305,3739,4763,12854,8263,8846,20257,7374,22739,19673,23128,2246,150,23280,1,9:59
2024-25,1641712,Rayan Rupert,Rayan,1610612757,POR,Portland Trail Blazers,0022400810,2025-02-22T00:00:00,POR vs. CHA,W,8.666666666666666,0.0,4.2,0.0,0.0,0.0,0.0,8.3,8.3,1.0,0.0,12.5,12.5,8.3,4.2,0.0,0.0,4.2,8.3,4.2,8.3,24.9,31.6,0,0,29.1,1,1,13086,1,22574,22635,24023,22635,15070,20945,15070,1277,2319,1,14058,1169,3147,2606,3573,12854,8263,601,1224,5943,19649,2837,13630,2246,150,14641,1,8:40
2024-25,202331,Paul George,Paul,1610612755,PHI,Philadelphia 76ers,0022400807,2025-02-22T00:00:00,PHI vs. BKN,L,40.235,4.5,8.9,0.5,0.9,5.4,0.167,3.6,4.5,0.8,0.9,5.4,6.3,1.8,0.9,2.7,0.9,0.0,0.9,3.6,13.4,2.7,33.5,0,0,29.5,1,13222,1,13222,505,15854,18799,8526,14975,12289,14236,6535,6893,7681,13924,9858,11689,17118,16361,3946,8109,8846,20159,7460,14593,11274,12213,2246,150,14307,1,40:14
2024-25,1628989,Kevin Huerter,Kevin,1610612741,CHI,Chicago Bulls,0022400806,2025-02-22T00:00:00,CHI vs. PHX,L,30.2,6.0,14.3,0.417,4.8,11.9,0.4,0.0,0.0,0.0,1.2,1.2,2.4,2.4,0.0,2.4,0.0,0.0,2.4,0.0,16.7,13.1,30.3,0,0,31.0,1,13222,1,13222,7586,11626,9676,14532,2607,1821,7874,13505,14344,13505,11850,21530,21039,14929,16469,4748,8263,8846,13289,17725,11183,6344,14602,2246,150,13171,1,30:12
2024-25,1641708,Amen Thompson,Amen,1610612745,HOU,Houston Rockets,0022400809,2025-02-22T00:00:00,HOU @ UTA,L,36.766666666666666,8.8,14.7,0.6,2.0,2.9,0.667,2.0,2.9,0.667,2.9,5.9,8.8,2.0,1.0,1.0,0.0,0.0,2.9,2.0,21.5,-1.0,37.0,0,0,36.2,1,13222,1,13222,2141,5057,9075,5394,10359,17789,1957,10783,10122,9425,5489,8608,6998,16529,15981,12135,8263,8846,11002,13280,6601,13522,9688,2246,150,9203,1,36:46
2024-25,1641790,PJ Hall,PJ,1610612743,DEN,Denver Nuggets,0022400808,2025-02-22T00:00:00,DEN vs. LAL,L,4.25,0.0,16.9,0.0,0.0,8.5,0.0,0.0,0.0,0.0,8.5,8.5,16.9,0.0,8.5,0.0,8.5,8.5,0.0,0.0,0.0,-25.4,37.3,0,0,33.9,1,13222,1,13222,24355,22635,5861,22635,15070,5630,15070,13505,14344,13505,667,4082,1140,19908,508,12854,126,92,20257,17725,23200,22894,9484,2246,150,10935,1,4:15
2024-25,1626164,Devin Booker,Devin,1610612756,PHX,Phoenix Suns,0022400806,2025-02-22T00:00:00,PHX @ CHI,W,37.71666666666667,9.5,19.1,0.5,3.8,6.7,0.571,4.8,5.7,0.833,1.9,1.9,3.8,7.6,2.9,1.9,0.0,0.0,2.9,3.8,27.7,-3.8,46.6,0,0,46.8,1,1,13086,1,1557,3825,3684,8526,4387,9139,3506,4387,4858,7275,8776,19947,17781,3241,6981,6721,8263,8846,11349,6798,2898,14964,4499,2246,150,3561,1,37:43
2024-25,1631213,Tyrese Martin,Tyrese,1610612751,BKN,Brooklyn Nets,0022400807,2025-02-22T00:00:00,BKN @ PHI,W,13.05,5.5,13.8,0.4,2.8,8.3,0.333,0.0,0.0,0.0,0.0,2.8,2.8,0.0,0.0,2.8,0.0,0.0,0.0,0.0,13.8,2.8,25.4,0,0,24.8,1,1,13086,1,20717,12945,10500,14933,7356,5960,9209,13505,14344,13505,14058,17533,20337,19908,16469,3782,8263,8846,20257,17725,14171,11241,18021,2246,150,17806,1,13:03
2024-25,1642262,Cody Williams,Cody,1610612762,UTA,Utah Jazz,0022400809,2025-02-22T00:00:00,UTA vs. HOU,W,23.933333333333334,6.0,10.5,0.571,1.5,4.5,0.333,0.0,0.0,0.0,1.5,7.5,9.0,1.5,0.0,0.0,1.5,0.0,3.0,0.0,13.5,7.5,31.1,0,0,28.6,1,1,13086,1,12962,11458,16164,6538,12011,14404,9209,13505,14344,13505,10299,5461,6692,17959,16469,12854,4833,8846,10676,17725,14461,8873,13963,2246,150,15008,1,23:56
2024-25,201566,Russell Westbrook,Russell,1610612743,DEN,Denver Nuggets,0022400808,2025-02-22T00:00:00,DEN vs. LAL,L,24.178333333333335,10.4,25.3,0.412,4.5,10.4,0.429,0.0,3.0,0.0,4.5,1.5,6.0,1.5,6.0,0.0,0.0,0.0,1.5,3.0,25.3,-22.3,28.7,0,0,37.2,1,13222,1,13222,12747,2794,768,14791,3118,3042,7394,13505,10030,13505,2965,20895,12395,18022,1412,12854,8263,8846,17268,9339,4052,22175,15690,2246,150,8572,1,24:11
2024-25,1628415,Dillon Brooks,Dillon,1610612745,HOU,Houston Rockets,0022400809,2025-02-22T00:00:00,HOU @ UTA,L,33.11666666666667,4.3,12.0,0.364,1.1,6.5,0.167,0.0,0.0,0.0,2.2,7.6,9.8,5.4,0.0,1.1,0.0,0.0,1.1,1.1,9.8,-4.3,32.9,0,0,28.3,1,13222,1,13222,5055,16208,13668,16861,14024,9498,14236,13505,14344,13505,7676,5309,5697,6557,16469,11127,8263,8846,19171,16969,18364,15246,12636,2246,150,15236,1,33:07
2024-25,1630531,Jaden Springer,Jaden,1610612762,UTA,Utah Jazz,0022400809,2025-02-22T00:00:00,UTA vs. HOU,W,3.8333333333333335,9.4,9.4,1.0,0.0,0.0,0.0,0.0,0.0,0.0,0.0,9.4,9.4,0.0,0.0,0.0,0.0,0.0,0.0,0.0,18.8,-65.7,30.1,0,0,28.2,1,1,13086,1,24568,4039,18128,1,15070,20945,15070,13505,14344,13505,14058,3119,6198,19908,16469,12854,8263,8846,20257,17725,9051,25811,14757,2246,150,15314,1,3:50
2024-25,1629656,Quentin Grimes,Quentin,1610612755,PHI,Philadelphia 76ers,0022400807,2025-02-22T00:00:00,PHI vs. BKN,L,37.36833333333333,5.8,11.6,0.5,2.9,5.8,0.5,1.0,1.0,1.0,2.9,3.9,6.7,4.8,2.9,1.9,0.0,1.9,1.0,2.9,15.4,-5.8,33.6,0,0,33.7,1,13222,1,13222,1759,12167,14371,8526,6898,11253,3944,13338,14266,1,5611,14172,10648,7876,6882,6637,8263,3460,19895,9621,12501,15962,12096,2246,150,11060,1,37:22
2024-25,201145,Jeff Green,Jeff,1610612745,HOU,Houston Rockets,0022400809,2025-02-22T00:00:00,HOU @ UTA,L,22.4,9.6,12.9,0.75,6.4,9.6,0.667,0.0,0.0,0.0,0.0,1.6,1.6,3.2,0.0,0.0,0.0,0.0,0.0,1.6,25.7,-11.3,32.5,0,0,37.0,1,13222,1,13222,14192,3663,12107,2107,1034,3917,1957,13505,14344,13505,14058,20663,22433,12247,16469,12854,8263,8846,20257,14606,3816,18419,12974,2246,150,8745,1,22:24
2024-25,1631095,Jabari Smith Jr.,Jabari,1610612745,HOU,Houston Rockets,0022400809,2025-02-22T00:00:00,HOU @ UTA,L,29.066666666666666,1.2,9.9,0.125,1.2,6.2,0.2,0.0,0.0,0.0,0.0,2.5,2.5,1.2,0.0,0.0,0.0,0.0,5.0,3.7,3.7,-12.4,8.5,0,0,8.7,1,13222,1,13222,8620,22459,17220,22420,13160,10215,13429,13505,14344,13505,14058,18250,20849,18887,16469,12854,8263,8846,4710,7094,22681,18891,24627,2246,150,24654,1,29:04
2024-25,1629637,Jaxson Hayes,Jaxson,1610612747,LAL,Los Angeles Lakers,0022400808,2025-02-22T00:00:00,LAL @ DEN,W,24.633333333333333,2.9,4.4,0.667,0.0,0.0,0.0,0.0,0.0,0.0,1.5,4.4,5.8,1.5,1.5,1.5,1.5,0.0,4.4,0.0,5.8,11.7,22.4,0,0,19.0,1,1,13086,1,12343,19595,23866,3281,15070,20945,15070,13505,14344,13505,10478,12565,12650,18126,12950,8571,4987,8846,6055,17725,21491,6933,19947,2246,150,21394,1,24:38
2024-25,1630625,Dalano Banton,Dalano,1610612757,POR,Portland Trail Blazers,0022400810,2025-02-22T00:00:00,POR vs. CHA,W,10.983333333333333,0.0,0.0,0.0,0.0,0.0,0.0,0.0,0.0,0.0,0.0,0.0,0.0,6.6,6.6,0.0,0.0,0.0,0.0,0.0,0.0,32.8,3.3,0,0,6.6,1,1,13086,1,21715,22635,24836,22635,15070,20945,15070,13505,14344,13505,14058,22137,23286,4634,1103,12854,8263,8846,20257,17725,23200,1648,25114,2246,150,24939,1,10:59
2024-25,1631200,Kris Murray,Kris,1610612757,POR,Portland Trail Blazers,0022400810,2025-02-22T00:00:00,POR vs. CHA,W,15.85,2.3,4.5,0.5,0.0,0.0,0.0,0.0,0.0,0.0,2.3,0.0,2.3,2.3,2.3,2.3,2.3,0.0,2.3,0.0,4.5,25.0,22.0,0,0,18.2,1,1,13086,1,19029,20906,23778,8526,15070,20945,15070,13505,14344,13505,7344,22137,21269,15342,9208,5145,2798,8846,13770,17725,22272,2823,20127,2246,150,21790,1,15:51
2024-25,203552,Seth Curry,Seth,1610612766,CHA,Charlotte Hornets,0022400810,2025-02-22T00:00:00,CHA @ POR,L,20.533333333333335,5.3,15.8,0.333,0.0,8.8,0.0,0.0,0.0,0.0,0.0,1.8,1.8,1.8,0.0,1.8,0.0,0.0,0.0,1.8,10.5,-47.3,20.5,0,0,17.5,1,13222,1,13222,15619,13645,7432,17395,15070,5156,15070,13505,14344,13505,14058,20344,22225,17217,16469,7423,8263,8846,20257,14100,17643,25284,20937,2246,150,22062,1,20:32
2024-25,1641736,Reece Beekman,Reece,1610612751,BKN,Brooklyn Nets,0022400807,2025-02-22T00:00:00,BKN @ PHI,W,9.5,3.8,11.4,0.333,0.0,7.6,0.0,0.0,0.0,0.0,0.0,0.0,0.0,0.0,3.8,0.0,0.0,0.0,3.8,0.0,7.6,-11.4,3.8,0,0,7.6,1,1,13086,1,22278,17596,14711,17395,15070,7213,15070,13505,14344,13505,14058,22137,23286,19908,4347,12854,8263,8846,7769,17725,20260,18464,25090,2246,150,24820,1,9:30
2024-25,1631128,Christian Braun,Christian,1610612743,DEN,Denver Nuggets,0022400808,2025-02-22T00:00:00,DEN vs. LAL,L,29.033333333333335,3.7,8.7,0.429,1.2,3.7,0.333,3.7,5.0,0.75,1.2,2.5,3.7,3.7,0.0,1.2,0.0,1.2,1.2,2.5,12.4,1.2,26.2,0,0,23.6,1,13222,1,13222,8644,17777,19222,13735,13151,16170,9209,6247,6016,8186,11535,18246,18021,10736,16469,9865,8263,5999,18326,11064,15716,11982,17498,2246,150,18637,1,29:02
2024-25,1626162,Kelly Oubre Jr.,Kelly,1610612755,PHI,Philadelphia 76ers,0022400807,2025-02-22T00:00:00,PHI vs. BKN,L,37.6,6.7,15.3,0.438,0.0,2.9,0.0,0.0,0.0,0.0,2.9,1.9,4.8,1.0,1.9,0.0,0.0,3.8,4.8,0.0,13.4,0.0,18.7,0,0,19.1,1,13222,1,13222,1632,9675,8085,13558,15070,17911,15070,13505,14344,13505,5660,19932,15331,19792,10967,12854,8263,716,5092,17725,14615,12240,21811,2246,150,21315,1,37:36
2024-25,1631223,David Roddy,David,1610612755,PHI,Philadelphia 76ers,0022400807,2025-02-22T00:00:00,PHI vs. BKN,L,4.6,7.8,7.8,1.0,0.0,0.0,0.0,0.0,0.0,0.0,7.8,0.0,7.8,0.0,0.0,0.0,0.0,0.0,0.0,0.0,15.7,-31.3,25.0,0,0,23.5,1,13222,1,13222,24177,7011,20500,1,15070,20945,15070,13505,14344,13505,837,22137,8570,19908,16469,12854,8263,8846,20257,17725,12263,23933,18257,2246,150,18680,1,4:36
2024-25,1641816,Hunter Tyson,Hunter,1610612743,DEN,Denver Nuggets,0022400808,2025-02-22T00:00:00,DEN vs. LAL,L,7.816666666666666,0.0,9.2,0.0,0.0,9.2,0.0,0.0,0.0,0.0,4.6,0.0,4.6,0.0,0.0,0.0,0.0,0.0,9.2,0.0,0.0,-9.2,5.5,0,0,4.6,1,13222,1,13222,22880,22635,18385,22635,15070,4507,15070,13505,14344,13505,2792,22137,15796,19908,16469,12854,8263,8846,895,17725,23200,17534,24961,2246,150,25140,1,7:49
2024-25,1642263,Reed Sheppard,Reed,1610612745,HOU,Houston Rockets,0022400809,2025-02-22T00:00:00,HOU @ UTA,L,7.8,4.6,18.5,0.25,4.6,13.8,0.333,0.0,0.0,0.0,0.0,0.0,0.0,0.0,0.0,0.0,0.0,0.0,4.6,0.0,13.8,13.8,13.8,0,0,18.5,1,13222,1,13222,22891,15447,4246,20233,2862,971,9209,13505,14344,13505,14058,22137,23286,19908,16469,12854,8263,8846,5503,17725,14101,6059,23539,2246,150,21644,1,7:48
2024-25,1629022,Lonnie Walker IV,Lonnie,1610612755,PHI,Philadelphia 76ers,0022400807,2025-02-22T00:00:00,PHI vs. BKN,L,9.583333333333334,0.0,11.3,0.0,0.0,11.3,0.0,0.0,0.0,0.0,0.0,7.5,7.5,0.0,0.0,0.0,0.0,0.0,0.0,0.0,0.0,-26.3,9.0,0,0,7.5,1,13222,1,13222,22248,22635,14892,22635,15070,2281,15070,13505,14344,13505,14058,5474,9145,19908,16469,12854,8263,8846,20257,17725,23200,23087,24566,2246,150,24833,1,9:35
2024-25,1630553,Keon Johnson,Keon,1610612751,BKN,Brooklyn Nets,0022400807,2025-02-22T00:00:00,BKN @ PHI,W,31.1,5.8,12.7,0.455,1.2,3.5,0.333,0.0,0.0,0.0,1.2,3.5,4.6,4.6,1.2,3.5,1.2,1.2,4.6,0.0,12.7,3.5,38.0,0,0,32.4,1,1,13086,1,6796,12146,12327,12676,13607,16706,9209,13505,14344,13505,12059,15313,15749,8350,14743,2274,6437,6573,5465,17725,15354,10903,9043,2246,150,12052,1,31:06
2024-25,1629651,Nic Claxton,Nic,1610612751,BKN,Brooklyn Nets,0022400807,2025-02-22T00:00:00,BKN @ PHI,W,35.85,7.0,11.0,0.636,0.0,0.0,0.0,2.0,3.0,0.667,3.0,6.0,9.0,3.0,3.0,0.0,5.0,0.0,1.0,2.0,16.1,2.0,43.5,0,0,38.2,1,1,13086,1,2786,8856,15291,4689,15070,20945,15070,10617,9945,9425,5307,8272,6677,12885,6420,12854,509,8846,19685,13044,11854,11617,5892,2246,150,7924,1,35:51
2024-25,1630208,Nick Richards,Nick,1610612756,PHX,Phoenix Suns,0022400806,2025-02-22T00:00:00,PHX @ CHI,W,27.81,6.5,11.7,0.556,0.0,0.0,0.0,6.5,6.5,1.0,2.6,10.4,12.9,0.0,0.0,0.0,0.0,2.6,1.3,3.9,19.4,9.1,35.0,1,0,32.4,1,1,13086,1,9713,10259,14216,7248,15070,20945,15070,2423,3909,1,6374,2320,2840,19908,16469,12854,8263,1894,18052,6620,8451,8145,11090,1,150,12096,1,27:49
2024-25,203954,Joel Embiid,Joel,1610612755,PHI,Philadelphia 76ers,0022400807,2025-02-22T00:00:00,PHI vs. BKN,L,31.315,4.6,14.9,0.308,0.0,6.9,0.0,6.9,6.9,1.0,2.3,5.7,8.0,5.7,3.4,0.0,1.1,0.0,1.1,3.4,16.1,-8.0,34.4,0,0,32.2,1,13222,1,13222,6606,15503,8690,19226,15070,8675,15070,2078,3475,1,7246,8927,8179,5950,5126,12854,6489,8846,18818,7809,11824,16997,11536,2246,150,12228,1,31:19
2024-25,201599,DeAndre Jordan,DeAndre,1610612743,DEN,Denver Nuggets,0022400808,2025-02-22T00:00:00,DEN vs. LAL,L,4.1,0.0,0.0,0.0,0.0,0.0,0.0,0.0,0.0,0.0,0.0,17.6,17.6,8.8,0.0,0.0,0.0,0.0,0.0,8.8,0.0,-8.8,34.2,0,0,26.3,1,13222,1,13222,24435,22635,24836,22635,15070,20945,15070,13505,14344,13505,14058,286,999,2195,16469,12854,8263,8846,20257,726,23200,17319,11618,2246,150,16671,1,4:06
2024-25,203486,Mason Plumlee,Mason,1610612756,PHX,Phoenix Suns,0022400806,2025-02-22T00:00:00,PHX @ CHI,W,16.85,8.5,10.7,0.8,0.0,0.0,0.0,4.3,6.4,0.667,2.1,10.7,12.8,0.0,0.0,0.0,2.1,0.0,4.3,6.4,21.4,-4.3,43.2,0,0,38.5,1,1,13086,1,18354,5532,15920,1688,15070,20945,15070,5209,3996,9425,7818,2097,2928,19908,16469,12854,3103,8846,6364,2174,6762,15209,6060,2246,150,7729,1,16:51
2024-25,1630178,Tyrese Maxey,Tyrese,1610612755,PHI,Philadelphia 76ers,0022400807,2025-02-22T00:00:00,PHI vs. BKN,L,42.916666666666664,8.4,19.3,0.435,4.2,9.2,0.455,5.0,5.0,1.0,0.0,1.7,1.7,4.2,1.7,0.0,0.8,0.8,2.5,3.4,26.0,-0.8,35.1,0,0,37.7,1,13222,1,13222,161,5823,3499,13702,3577,4488,7148,3978,5852,1,14058,20508,22329,9403,12014,12854,8206,8788,12724,8083,3681,13453,10965,2246,150,8200,1,42:55
2024-25,203999,Nikola Jokić,Nikola,1610612743,DEN,Denver Nuggets,0022400808,2025-02-22T00:00:00,DEN vs. LAL,L,35.166666666666664,2.0,7.2,0.286,0.0,1.0,0.0,8.2,10.2,0.8,4.1,9.2,13.3,10.2,6.1,1.0,0.0,2.0,3.1,8.2,12.3,-11.3,40.5,1,1,37.9,1,13222,1,13222,3337,21318,21361,19630,15070,20836,15070,1325,1276,7681,3457,3294,2600,1317,1301,11728,8263,3066,10387,930,15844,18423,7436,1,1,8112,1,35:10
2024-25,1628380,Zach Collins,Zach,1610612741,CHI,Chicago Bulls,0022400806,2025-02-22T00:00:00,CHI vs. PHX,L,17.75,8.1,14.2,0.571,0.0,4.1,0.0,0.0,0.0,0.0,8.1,12.2,20.3,2.0,2.0,0.0,0.0,2.0,8.1,0.0,16.2,-6.1,41.6,0,0,38.5,1,13222,1,13222,17741,6383,9837,6538,15070,15464,15070,13505,14344,13505,746,1280,491,16273,10378,12854,8263,3134,1317,17725,11692,16098,6843,2246,150,7681,1,17:45
2024-25,1631117,Walker Kessler,Walker,1610612762,UTA,Utah Jazz,0022400809,2025-02-22T00:00:00,UTA vs. HOU,W,32.7,5.5,5.5,1.0,0.0,0.0,0.0,1.1,3.3,0.333,8.8,9.9,18.7,3.3,1.1,0.0,2.2,0.0,4.4,3.3,12.1,12.1,45.0,1,0,38.5,1,1,13086,1,5400,12967,23084,1,15070,20945,15070,12910,9298,13132,594,2646,753,11966,15126,12854,2939,8846,6011,8239,16022,6752,5164,1,150,7684,1,32:42
2024-25,1627750,Jamal Murray,Jamal,1610612743,DEN,Denver Nuggets,0022400808,2025-02-22T00:00:00,DEN vs. LAL,L,36.46666666666667,5.9,12.8,0.462,5.9,10.9,0.545,1.0,1.0,1.0,0.0,3.0,3.0,5.9,4.9,2.0,0.0,1.0,2.0,1.0,18.8,-27.6,32.2,0,0,37.5,1,13222,1,13222,2359,11737,12151,12428,1362,2623,3863,13271,14234,1,14058,16848,19829,5636,2415,6368,8263,8032,15279,17437,9074,23361,13190,2246,150,8353,1,36:28
2024-25,1629020,Jarred Vanderbilt,Jarred,1610612747,LAL,Los Angeles Lakers,0022400808,2025-02-22T00:00:00,LAL @ DEN,W,6.466666666666667,0.0,0.0,0.0,0.0,0.0,0.0,5.6,11.1,0.5,5.6,0.0,5.6,11.1,0.0,11.1,0.0,0.0,27.8,22.3,5.6,5.6,62.4,0,0,44.5,1,1,13086,1,23380,22635,24836,22635,15070,20945,15070,3347,987,10625,1899,22137,13367,956,16469,94,8263,8846,51,30,21683,9811,935,2246,150,4447,1,6:28
2024-25,1641763,Julian Phillips,Julian,1610612741,CHI,Chicago Bulls,0022400806,2025-02-22T00:00:00,CHI vs. PHX,L,24.416666666666668,4.4,10.3,0.429,4.4,8.8,0.5,0.0,0.0,0.0,1.5,2.9,4.4,1.5,0.0,2.9,1.5,1.5,8.8,0.0,13.3,0.0,34.1,0,0,32.4,1,13222,1,13222,12550,16001,16522,13735,3200,5034,3944,13505,14344,13505,10415,16892,16231,18076,16469,3274,4947,4865,1015,17725,14787,12240,11754,2246,150,12033,1,24:25
2024-25,203932,Aaron Gordon,Aaron,1610612743,DEN,Denver Nuggets,0022400808,2025-02-22T00:00:00,DEN vs. LAL,L,35.25833333333333,9.2,15.3,0.6,4.1,7.1,0.571,2.0,2.0,1.0,0.0,5.1,5.1,4.1,1.0,0.0,0.0,2.0,1.0,1.0,24.5,-25.5,35.7,0,0,37.8,1,13222,1,13222,3270,4383,8093,5394,3819,8154,3506,10486,12600,1,14058,10558,14506,9694,15702,12854,8263,3088,19572,17315,4488,22922,10554,2246,150,8186,1,35:16
2024-25,203924,Jerami Grant,Jerami,1610612757,POR,Portland Trail Blazers,0022400810,2025-02-22T00:00:00,POR vs. CHA,W,29.1,3.7,12.4,0.3,2.5,7.4,0.333,0.0,0.0,0.0,2.5,8.7,11.1,4.9,3.7,4.9,0.0,3.7,0.0,3.7,9.9,33.4,41.8,0,0,38.4,1,1,13086,1,8594,17805,12941,19363,8235,7563,9209,13505,14344,13505,6691,3873,4288,7571,4538,928,8263,794,20257,7105,18260,1584,6721,2246,150,7797,1,29:06
2024-25,1627827,Dorian Finney-Smith,Dorian,1610612747,LAL,Los Angeles Lakers,0022400808,2025-02-22T00:00:00,LAL @ DEN,W,26.533333333333335,1.4,6.8,0.2,1.4,5.4,0.25,0.0,0.0,0.0,1.4,4.1,5.4,0.0,1.4,2.7,0.0,0.0,2.7,0.0,4.1,28.5,17.4,0,0,16.3,1,1,13086,1,10701,22341,21799,21401,12620,12148,11902,13505,14344,13505,10950,13510,13740,19908,13535,3879,8263,8846,11983,17725,22520,2186,22347,2246,150,22595,1,26:32
2024-25,1630533,Ziaire Williams,Ziaire,1610612751,BKN,Brooklyn Nets,0022400807,2025-02-22T00:00:00,BKN @ PHI,W,29.983333333333334,4.8,10.8,0.444,2.4,7.2,0.333,1.2,1.2,1.0,1.2,7.2,8.4,2.4,2.4,0.0,0.0,1.2,4.8,1.2,13.2,9.6,24.5,0,0,26.4,1,1,13086,1,7797,14939,15686,13045,8484,8042,9209,12585,13882,1,11790,5990,7611,14875,8648,12854,8263,6253,5051,16403,14864,7886,18619,2246,150,16612,1,29:59
2024-25,1631109,Mark Williams,Mark,1610612766,CHA,Charlotte Hornets,0022400810,2025-02-22T00:00:00,CHA @ POR,L,21.316666666666666,5.1,13.5,0.375,0.0,0.0,0.0,6.8,8.4,0.8,3.4,5.1,8.4,0.0,1.7,3.4,0.0,0.0,1.7,6.8,16.9,-42.2,35.5,0,0,32.1,1,13222,1,13222,15054,14194,10987,16299,15070,20945,15070,2193,2234,7681,4588,10678,7558,19908,11964,2427,8263,8846,16569,1855,10974,24996,10754,2246,150,12311,1,21:19
2024-25,1629216,Gabe Vincent,Gabe,1610612747,LAL,Los Angeles Lakers,0022400808,2025-02-22T00:00:00,LAL @ DEN,W,19.438333333333333,1.9,7.4,0.25,1.9,7.4,0.25,0.0,0.0,0.0,0.0,3.7,3.7,1.9,0.0,1.9,0.0,0.0,3.7,1.9,5.6,31.5,18.3,0,0,16.7,1,1,13086,1,16468,21661,21060,20233,10871,7599,11902,13505,14344,13505,14058,14621,18063,16924,16469,7026,8263,8846,8065,13728,21699,1783,21950,2246,150,22440,1,19:26
2024-25,1631111,Wendell Moore Jr.,Wendell,1610612766,CHA,Charlotte Hornets,0022400810,2025-02-22T00:00:00,CHA @ POR,L,21.616666666666667,6.7,16.7,0.4,0.0,0.0,0.0,0.0,1.7,0.0,3.3,0.0,3.3,0.0,0.0,0.0,0.0,5.0,1.7,3.3,13.3,-35.0,17.3,0,0,16.7,1,13222,1,13222,14834,9796,6236,14933,15070,20945,15070,13505,13326,13505,4684,22137,18915,19908,16469,12854,8263,372,16636,8155,14721,24402,22359,2246,150,22444,1,21:37
2024-25,1642276,Kel'el Ware,Kel'el,1610612748,MIA,Miami Heat,0022400800,2025-02-21T00:00:00,MIA @ TOR,W,20.666666666666668,3.5,12.2,0.286,0.0,3.5,0.0,0.0,0.0,0.0,1.7,8.7,10.5,1.7,5.2,1.7,1.7,0.0,3.5,0.0,7.0,15.7,27.3,0,0,26.1,1,1,13086,1,15515,18357,13273,19630,15070,16687,15070,13505,14344,13505,9441,3823,4963,17257,2093,7479,4190,8846,8791,17725,20751,5360,16700,2246,150,16849,1,20:40
2024-25,1628971,Bruce Brown,Bruce,1610612740,NOP,New Orleans Pelicans,0022400803,2025-02-21T00:00:00,NOP @ DAL,L,21.75,3.3,11.6,0.286,0.0,1.7,0.0,3.3,3.3,1.0,1.7,5.0,6.6,0.0,0.0,0.0,0.0,1.7,3.3,3.3,9.9,-33.1,17.9,0,0,16.6,1,13222,1,13222,14717,18728,14333,19630,15070,20099,15070,7087,9284,1,9731,10974,10905,19908,16469,12854,8263,4269,9420,8219,18222,24181,22152,2246,150,22484,1,21:45
2024-25,1631096,Chet Holmgren,Chet,1610612760,OKC,Oklahoma City Thunder,0022400804,2025-02-21T00:00:00,OKC @ UTA,W,27.883333333333333,9.0,19.4,0.467,1.3,5.2,0.25,6.5,7.7,0.833,5.2,3.9,9.0,1.3,2.6,0.0,3.9,2.6,2.6,3.9,25.8,21.9,47.6,0,0,45.2,1,1,13086,1,9638,4632,3447,12249,12893,12789,11902,2445,2713,7275,2235,14115,6677,18690,7939,12854,992,1903,12488,6645,3761,3467,4090,2246,150,4164,1,27:53
2024-25,1628370,Malik Monk,Malik,1610612758,SAC,Sacramento Kings,0022400805,2025-02-21T00:00:00,SAC vs. GSW,L,30.18,7.2,13.1,0.545,1.2,4.8,0.25,0.0,0.0,0.0,0.0,0.0,0.0,4.8,2.4,1.2,1.2,0.0,2.4,0.0,15.5,-13.1,27.4,0,0,26.2,1,13222,1,13222,7617,8569,11639,7695,13415,13783,11902,13505,14344,13505,14058,22137,23286,7996,8721,10234,6219,8846,13284,17725,12414,19169,16635,2246,150,16761,1,30:11
2024-25,1641842,Ronald Holland II,Ronald,1610612765,DET,Detroit Pistons,0022400802,2025-02-21T00:00:00,DET @ SAS,W,19.583333333333332,1.8,7.4,0.25,0.0,5.5,0.0,3.7,5.5,0.667,0.0,9.2,9.2,0.0,0.0,0.0,0.0,0.0,1.8,5.5,7.4,-25.7,18.4,0,0,16.5,1,1,13086,1,16344,21688,21135,20233,15070,11918,15070,6336,5171,9425,14058,3313,6457,19908,16469,12854,8263,8846,15997,3318,20442,22971,21936,2246,150,22488,1,19:35
2024-25,1629130,Duncan Robinson,Duncan,1610612748,MIA,Miami Heat,0022400800,2025-02-21T00:00:00,MIA @ TOR,W,23.166666666666668,7.8,14.0,0.556,3.1,9.3,0.333,3.1,3.1,1.0,0.0,4.7,4.7,0.0,0.0,1.6,0.0,0.0,4.7,3.1,21.8,-3.1,32.0,0,0,32.6,1,1,13086,1,13583,7120,10195,7248,6200,4344,9209,7518,9699,1,14058,11819,15666,19908,16469,8172,8263,8846,5376,8858,6419,14629,13320,2246,150,11919,1,23:10
2024-25,1642271,Kyle Filipowski,Kyle,1610612762,UTA,Utah Jazz,0022400804,2025-02-21T00:00:00,UTA vs. OKC,L,16.366666666666667,8.8,13.2,0.667,4.4,8.8,0.5,4.4,4.4,1.0,0.0,6.6,6.6,4.4,8.8,2.2,0.0,0.0,6.6,4.4,26.4,-8.8,38.7,0,0,46.2,1,13222,1,13222,18676,5084,11485,3281,3231,5108,3944,4991,7028,1,14058,7110,10954,8884,450,5392,8263,8846,2321,5347,3485,17330,8587,2246,150,3745,1,16:22
2024-25,1642274,Yves Missi,Yves,1610612740,NOP,New Orleans Pelicans,0022400803,2025-02-21T00:00:00,NOP @ DAL,L,23.835,4.5,12.1,0.375,0.0,0.0,0.0,0.0,0.0,0.0,7.6,7.6,15.1,1.5,4.5,0.0,6.0,3.0,7.6,0.0,9.1,-4.5,43.0,0,0,37.8,1,13222,1,13222,13046,15675,13451,16299,15070,20945,15070,13505,14344,13505,933,5401,1731,17940,2950,12854,305,1312,1600,17725,19017,15338,6119,2246,150,8193,1,23:50
2024-25,1630579,Jericho Sims,Jericho,1610612749,MIL,Milwaukee Bucks,0022400799,2025-02-21T00:00:00,MIL @ WAS,W,17.783333333333335,0.0,0.0,0.0,0.0,0.0,0.0,0.0,0.0,0.0,2.0,8.1,10.1,2.0,2.0,0.0,2.0,0.0,2.0,2.0,0.0,4.0,19.2,0,0,16.2,1,1,13086,1,17716,22635,24836,22635,15070,20945,15070,13505,14344,13505,8279,4565,5303,16285,10405,12854,3407,8846,14997,12966,23200,10619,21528,2246,150,22637,1,17:47
2024-25,1629634,Brandon Clarke,Brandon,1610612763,MEM,Memphis Grizzlies,0022400798,2025-02-21T00:00:00,MEM @ ORL,W,26.66,8.1,13.5,0.6,0.0,1.4,0.0,1.4,2.7,0.5,5.4,9.5,14.9,2.7,1.4,1.4,0.0,0.0,2.7,4.1,17.6,18.9,42.1,1,0,37.8,1,1,13086,1,10603,6409,11000,5394,15070,20437,15070,12165,10744,10625,2014,3074,1844,13906,13565,9189,8263,8846,12042,6166,10264,4287,6553,1,150,8166,1,26:40
2024-25,1631103,Malaki Branham,Malaki,1610612759,SAS,San Antonio Spurs,0022400802,2025-02-21T00:00:00,SAS vs. DET,L,3.35,10.7,21.5,0.5,0.0,0.0,0.0,0.0,0.0,0.0,0.0,10.7,10.7,0.0,0.0,0.0,0.0,0.0,0.0,0.0,21.5,53.7,34.4,0,0,32.2,1,13222,1,13222,24817,2455,2033,8526,15070,20945,15070,13505,14344,13505,14058,2046,4652,19908,16469,12854,8263,8846,20257,17725,6645,463,11521,2246,150,12176,1,3:21
2024-25,1628374,Lauri Markkanen,Lauri,1610612762,UTA,Utah Jazz,0022400804,2025-02-21T00:00:00,UTA vs. OKC,L,29.25,2.5,17.2,0.143,1.2,8.6,0.143,0.0,0.0,0.0,2.5,2.5,4.9,1.2,1.2,1.2,0.0,3.7,2.5,2.5,6.2,-24.6,16.4,0,0,16.0,1,13222,1,13222,8450,20535,5542,22260,13203,5395,14649,13505,14344,13505,6744,18296,14999,18914,14227,9937,8263,802,12942,11123,21280,22724,22719,2246,150,22705,1,29:15
2024-25,1628381,John Collins,John,1610612762,UTA,Utah Jazz,0022400804,2025-02-21T00:00:00,UTA vs. OKC,L,31.3,12.7,21.9,0.579,1.2,5.8,0.2,3.5,8.1,0.429,0.0,3.5,3.5,1.2,1.2,1.2,0.0,1.2,0.0,8.1,29.9,-16.1,38.1,0,0,38.0,1,13222,1,13222,6607,1172,1883,6486,13648,11330,13429,6791,2490,13040,14058,15365,18654,19183,14792,10575,8263,6629,20257,987,2117,20286,8983,2246,150,8055,1,31:18
2024-25,203957,Danté Exum,Danté,1610612742,DAL,Dallas Mavericks,0022400803,2025-02-21T00:00:00,DAL vs. NOP,W,20.683333333333334,1.7,12.2,0.143,1.7,7.0,0.25,1.7,3.5,0.5,0.0,3.5,3.5,7.0,3.5,1.7,1.7,5.2,0.0,1.7,7.0,-13.9,28.5,0,0,26.1,1,1,13086,1,15504,21847,13287,22260,11278,8538,11902,11347,8921,10625,14058,15287,18589,4049,5056,7483,4193,323,20257,14143,20753,19476,15843,2246,150,16861,1,20:41
2024-25,1629646,Charles Bassey,Charles,1610612759,SAS,San Antonio Spurs,0022400802,2025-02-21T00:00:00,SAS vs. DET,L,10.976666666666667,9.8,9.8,1.0,0.0,0.0,0.0,0.0,0.0,0.0,0.0,6.6,6.6,6.6,3.3,0.0,0.0,0.0,9.8,0.0,19.7,-16.4,34.1,0,0,32.8,1,13222,1,13222,21722,3418,17336,1,15070,20945,15070,13505,14344,13505,14058,7183,11037,4627,5561,12854,8263,8846,735,17725,8178,20412,11719,2246,150,11809,1,10:59
2024-25,1628983,Shai Gilgeous-Alexander,Shai,1610612760,OKC,Oklahoma City Thunder,0022400804,2025-02-21T00:00:00,OKC @ UTA,W,31.966666666666665,7.9,18.0,0.438,1.1,4.5,0.25,6.8,6.8,1.0,0.0,2.3,2.3,9.0,3.4,1.1,3.4,0.0,1.1,4.5,23.6,12.4,50.0,0,0,45.0,1,1,13086,1,5995,6873,4646,13558,13793,14419,11902,2188,3602,1,14058,18912,21309,2010,5286,10810,1328,8846,18951,5131,5017,6642,3273,2246,150,4245,1,31:58
2024-25,1641772,Nae'Qwan Tomlin,Nae'Qwan,1610612739,CLE,Cleveland Cavaliers,0022400797,2025-02-21T00:00:00,CLE vs. NYK,W,7.483333333333333,9.6,19.2,0.5,0.0,9.6,0.0,4.8,4.8,1.0,4.8,9.6,14.4,0.0,4.8,0.0,0.0,0.0,4.8,4.8,24.1,9.6,36.6,0,0,38.5,1,1,13086,1,23006,3696,3552,8526,15070,3949,15070,4329,6280,1,2548,2897,2031,19908,2561,12854,8263,8846,5027,4476,4766,7873,9992,2246,150,7711,1,7:29
2024-25,1629675,Naz Reid,Naz,1610612750,MIN,Minnesota Timberwolves,0022400801,2025-02-21T00:00:00,MIN @ HOU,L,33.72,9.6,17.1,0.563,2.1,6.4,0.333,2.1,2.1,1.0,1.1,7.5,8.5,3.2,0.0,1.1,3.2,1.1,5.3,3.2,23.5,-10.7,51.4,0,0,45.9,1,13222,1,13222,4519,3712,5713,7127,9529,9737,9209,10188,12308,1,12736,5551,7415,12295,16469,11317,1474,7339,3947,8556,5144,18171,2879,2246,150,3853,1,33:43
2024-25,202681,Kyrie Irving,Kyrie,1610612742,DAL,Dallas Mavericks,0022400803,2025-02-21T00:00:00,DAL vs. NOP,W,37.218333333333334,10.6,21.3,0.5,4.8,11.6,0.417,7.7,7.7,1.0,0.0,1.9,1.9,3.9,1.0,0.0,1.0,0.0,2.9,4.8,33.9,4.8,43.9,0,0,46.4,1,1,13086,1,1849,2572,2175,8526,2507,2028,7826,1539,2721,1,14058,19878,21940,10314,16049,12854,7711,8846,11185,4421,1156,10194,5713,2246,150,3686,1,37:13
2024-25,1630540,Miles McBride,Miles,1610612752,NYK,New York Knicks,0022400797,2025-02-21T00:00:00,NYK @ CLE,L,20.883333333333333,3.4,8.6,0.4,1.7,5.2,0.333,0.0,0.0,0.0,0.0,5.2,5.2,0.0,1.7,0.0,0.0,0.0,0.0,3.4,8.6,-34.5,13.1,0,0,15.5,1,13222,1,13222,15366,18434,19330,14933,11330,12767,9209,13505,14344,13505,14058,10352,14339,19908,11824,12854,8263,8846,20257,7814,19413,24358,23739,2246,150,22875,1,20:53
2024-25,1630162,Anthony Edwards,Anthony,1610612750,MIN,Minnesota Timberwolves,0022400801,2025-02-21T00:00:00,MIN @ HOU,L,39.263333333333335,11.9,29.3,0.406,3.7,12.8,0.286,6.4,9.2,0.7,0.0,3.7,3.7,2.8,2.8,0.0,0.9,1.8,1.8,6.4,33.9,-10.1,42.5,0,0,45.8,1,13222,1,13222,792,1574,314,14930,4765,1375,11433,2482,1783,9366,14058,14734,18160,13750,7375,12854,8016,3785,16017,2162,1138,17919,6398,2246,150,3881,1,39:16
2024-25,1627734,Domantas Sabonis,Domantas,1610612758,SAC,Sacramento Kings,0022400805,2025-02-21T00:00:00,SAC vs. GSW,L,31.533333333333335,6.8,11.4,0.6,1.1,3.4,0.333,1.1,2.3,0.5,3.4,12.6,16.0,10.3,4.6,1.1,0.0,0.0,1.1,4.6,16.0,-2.3,49.4,1,0,45.7,1,13222,1,13222,6391,9294,14627,5394,13696,16820,9209,12779,11831,10625,4493,1139,1439,1298,2899,10658,8263,8846,18855,5007,11938,14197,3445,1,150,3946,1,31:32
2024-25,1641724,Jett Howard,Jett,1610612753,ORL,Orlando Magic,0022400798,2025-02-21T00:00:00,ORL vs. MEM,L,12.37,2.9,8.7,0.333,2.9,8.7,0.333,0.0,5.8,0.0,0.0,5.8,5.8,8.7,0.0,0.0,0.0,0.0,2.9,2.9,8.7,32.0,28.8,0,0,26.2,1,13222,1,13222,21064,19632,19135,17395,6838,5216,9209,13505,4730,13505,14058,8755,12724,2243,16469,12854,8263,8846,11149,9559,19319,1731,15623,2246,150,16801,1,12:22
2024-25,1641709,Ausar Thompson,Ausar,1610612765,DET,Detroit Pistons,0022400802,2025-02-21T00:00:00,DET @ SAS,W,23.581666666666667,6.1,18.3,0.333,0.0,0.0,0.0,0.0,0.0,0.0,7.6,3.1,10.7,6.1,1.5,1.5,0.0,4.6,3.1,1.5,12.2,39.7,37.2,0,0,32.1,1,1,13086,1,13251,11209,4355,17395,15070,20945,15070,13505,14344,13505,903,16541,4733,5321,12627,8290,8263,467,10476,14893,15913,1000,9495,2246,150,12338,1,23:35
2024-25,1629650,Moses Brown,Moses,1610612742,DAL,Dallas Mavericks,0022400803,2025-02-21T00:00:00,DAL vs. NOP,W,11.525,3.1,6.2,0.5,0.0,0.0,0.0,0.0,0.0,0.0,3.1,9.4,12.5,6.2,6.2,3.1,3.1,3.1,6.2,0.0,6.2,9.4,43.1,0,0,37.5,1,1,13086,1,21484,19143,22373,8526,15070,20945,15070,13505,14344,13505,5089,3135,3132,5093,1249,2881,1547,1214,2659,17725,21213,8005,6088,2246,150,8374,1,11:32
2024-25,1629640,Keldon Johnson,Keldon,1610612759,SAS,San Antonio Spurs,0022400802,2025-02-21T00:00:00,SAS vs. DET,L,30.3,13.1,15.4,0.846,1.2,1.2,1.0,5.9,10.7,0.556,3.6,1.2,4.8,5.9,2.4,0.0,0.0,1.2,2.4,7.1,33.3,11.9,45.5,0,0,45.1,1,13222,1,13222,7493,1008,7899,1505,13435,20638,1,2931,1114,10597,4275,21543,15435,5603,8743,12854,8263,6352,13322,1561,1273,6841,4935,2246,150,4188,1,30:18
2024-25,1642273,Kyshawn George,Kyshawn,1610612764,WAS,Washington Wizards,0022400799,2025-02-21T00:00:00,WAS vs. MIL,L,34.35,1.0,11.5,0.091,1.0,5.2,0.2,1.0,2.1,0.5,1.0,8.4,9.4,5.2,0.0,1.0,2.1,1.0,3.1,1.0,4.2,-3.1,32.8,0,0,26.2,1,13222,1,13222,3964,22602,14424,22599,14266,12615,13429,13085,12437,10625,12892,4175,6139,6964,16469,11514,3216,7512,10129,17180,22467,14642,12718,2246,150,16795,1,34:21
2024-25,1628398,Kyle Kuzma,Kyle,1610612749,MIL,Milwaukee Bucks,0022400799,2025-02-21T00:00:00,MIL @ WAS,W,34.40833333333333,8.4,19.9,0.421,2.1,7.3,0.286,1.0,2.1,0.5,2.1,6.3,8.4,5.2,2.1,1.0,0.0,2.1,4.2,2.1,19.9,12.6,38.8,0,0,37.7,1,1,13086,1,3922,5857,3048,14442,9724,7776,11433,13092,12449,10625,7982,7738,7666,6979,10035,11532,8263,2944,6594,12647,8014,6582,8527,2246,150,8243,1,34:25
2024-25,1630193,Immanuel Quickley,Immanuel,1610612761,TOR,Toronto Raptors,0022400800,2025-02-21T00:00:00,TOR vs. MIA,L,37.61666666666667,7.7,20.1,0.381,4.8,10.5,0.455,1.9,2.9,0.667,0.0,6.7,6.7,2.9,1.0,1.0,0.0,1.0,1.9,2.9,22.0,-14.4,36.3,0,0,38.3,1,13222,1,13222,1622,7368,2892,16250,2587,2951,7148,10907,10308,9425,14058,6891,10732,13374,16106,12295,8263,8283,15602,9685,6207,19634,10181,2246,150,7842,1,37:37
2024-25,1642367,Jonathan Mogbo,Jonathan,1610612761,TOR,Toronto Raptors,0022400800,2025-02-21T00:00:00,TOR vs. MIA,L,18.93,3.8,7.6,0.5,1.9,3.8,0.5,0.0,3.8,0.0,0.0,1.9,1.9,0.0,0.0,0.0,1.9,0.0,3.8,3.8,9.5,-20.9,17.5,0,0,17.1,1,13222,1,13222,16889,17553,20780,8526,10629,15987,3944,13505,8242,13505,14058,19966,21999,19908,16469,12854,3757,8846,7723,6838,18627,21811,22294,2246,150,22250,1,18:56
2024-25,1641765,Olivier-Maxence Prosper,Olivier-Maxence,1610612742,DAL,Dallas Mavericks,0022400803,2025-02-21T00:00:00,DAL vs. NOP,W,15.268333333333333,0.0,7.1,0.0,0.0,2.4,0.0,2.4,4.7,0.5,9.4,7.1,16.5,2.4,0.0,2.4,0.0,2.4,4.7,9.4,2.4,-2.4,32.8,0,0,25.9,1,1,13086,1,19399,22635,21472,22635,15070,18889,15070,9430,6455,10625,483,6222,1265,15027,16469,4841,8263,2318,5248,542,23102,14239,12744,2246,150,16990,1,15:16
2024-25,203915,Spencer Dinwiddie,Spencer,1610612742,DAL,Dallas Mavericks,0022400803,2025-02-21T00:00:00,DAL vs. NOP,W,24.891666666666666,0.0,10.1,0.0,0.0,7.2,0.0,0.0,0.0,0.0,0.0,5.8,5.8,10.1,2.9,0.0,0.0,0.0,1.4,0.0,0.0,24.6,19.2,0,0,15.9,1,1,13086,1,12104,22635,16874,22635,15070,7978,15070,13505,14344,13505,14058,8827,12801,1374,6876,12854,8263,8846,17456,17725,23200,2902,21526,2246,150,22744,1,24:54
2024-25,1631323,Simone Fontecchio,Simone,1610612765,DET,Detroit Pistons,0022400802,2025-02-21T00:00:00,DET @ SAS,W,15.85,2.3,9.1,0.25,0.0,6.8,0.0,0.0,0.0,0.0,6.8,4.5,11.4,0.0,2.3,0.0,0.0,0.0,6.8,0.0,4.5,-15.9,15.9,0,0,15.9,1,1,13086,1,19029,20906,18585,20233,15070,8870,15070,13505,14344,13505,1220,12143,4087,19908,9208,12854,8263,8846,2129,17725,22272,20234,22896,2246,150,22750,1,15:51
2024-25,1630170,Devin Vassell,Devin,1610612759,SAS,San Antonio Spurs,0022400802,2025-02-21T00:00:00,SAS vs. DET,L,23.45,3.1,10.7,0.286,0.0,3.1,0.0,3.1,3.1,1.0,0.0,1.5,1.5,0.0,3.1,1.5,1.5,0.0,1.5,1.5,9.2,-26.1,17.2,0,0,16.9,1,13222,1,13222,13346,19279,15783,19630,15070,17508,15070,7620,9796,1,14058,20802,22528,19908,6225,8253,4733,8846,17099,14852,18891,23053,22415,2246,150,22355,1,23:27
2024-25,1629048,Goga Bitadze,Goga,1610612753,ORL,Orlando Magic,0022400798,2025-02-21T00:00:00,ORL vs. MEM,L,18.861666666666668,3.8,3.8,1.0,0.0,0.0,0.0,0.0,0.0,0.0,1.9,7.6,9.5,0.0,0.0,0.0,7.6,0.0,5.7,1.9,7.6,-3.8,42.0,0,0,32.4,1,13222,1,13222,16936,17521,24180,1,15070,20945,15070,13505,14344,13505,8780,5262,6003,19908,16469,12854,158,8846,3350,13480,20213,14963,6626,2246,150,12030,1,18:52
2024-25,202710,Jimmy Butler III,Jimmy,1610612744,GSW,Golden State Warriors,0022400805,2025-02-21T00:00:00,GSW @ SAC,W,31.55,5.7,11.4,0.5,0.0,1.1,0.0,8.0,8.0,1.0,2.3,1.1,3.4,8.0,0.0,3.4,0.0,0.0,0.0,4.6,19.4,21.7,45.8,0,0,37.7,1,1,13086,1,6376,12401,14640,8526,15070,20691,15070,1419,2527,1,7301,21654,18718,2899,16469,2339,8263,8846,20257,5021,8473,3538,4836,2246,150,8248,1,31:33
2024-25,1629630,Ja Morant,Ja,1610612763,MEM,Memphis Grizzlies,0022400798,2025-02-21T00:00:00,MEM @ ORL,W,33.35,10.8,25.9,0.417,1.1,7.6,0.143,2.2,2.2,1.0,1.1,3.2,4.3,5.4,7.6,1.1,0.0,2.2,3.2,3.2,24.8,1.1,33.8,0,0,37.8,1,1,13086,1,4857,2418,653,14532,14075,7261,14649,10085,12219,1,12641,15970,16491,6641,690,11197,8263,2743,9703,8437,4288,12093,11988,2246,150,8182,1,33:21
2024-25,1641740,Jaylen Clark,Jaylen,1610612750,MIN,Minnesota Timberwolves,0022400801,2025-02-21T00:00:00,MIN @ HOU,L,20.413333333333334,0.0,0.0,0.0,0.0,0.0,0.0,0.0,0.0,0.0,0.0,1.8,1.8,3.5,0.0,5.3,0.0,0.0,0.0,1.8,0.0,-14.1,23.3,0,0,15.9,1,13222,1,13222,15709,22635,24836,22635,15070,20945,15070,13505,14344,13505,14058,20323,22212,11321,16469,744,8263,8846,20257,14061,23200,19550,19385,2246,150,22764,1,20:25
2024-25,1629162,Jordan McLaughlin,Jordan,1610612759,SAS,San Antonio Spurs,0022400802,2025-02-21T00:00:00,SAS vs. DET,L,3.35,0.0,0.0,0.0,0.0,0.0,0.0,0.0,0.0,0.0,0.0,0.0,0.0,21.5,0.0,0.0,0.0,0.0,10.7,0.0,0.0,53.7,32.2,0,0,21.5,1,13222,1,13222,24817,22635,24836,22635,15070,20945,15070,13505,14344,13505,14058,22137,23286,64,16469,12854,8263,8846,569,17725,23200,463,13136,2246,150,19967,1,3:21
2024-25,1628988,Aaron Holiday,Aaron,1610612745,HOU,Houston Rockets,0022400801,2025-02-21T00:00:00,HOU vs. MIN,W,18.316666666666666,3.9,11.8,0.333,3.9,5.9,0.667,7.9,9.8,0.8,0.0,2.0,2.0,2.0,0.0,0.0,0.0,0.0,2.0,3.9,19.7,-13.8,25.0,0,0,27.5,1,1,13086,1,17345,17247,13951,17395,4133,10949,1957,1474,1442,7681,14058,19774,21870,16496,16469,12854,8263,8846,15325,6484,8198,19404,18321,2246,150,15779,1,18:19
2024-25,1642265,Rob Dillingham,Rob,1610612750,MIN,Minnesota Timberwolves,0022400801,2025-02-21T00:00:00,MIN @ HOU,L,8.133333333333333,4.4,17.7,0.25,0.0,8.9,0.0,0.0,0.0,0.0,0.0,8.9,8.9,0.0,0.0,8.9,0.0,0.0,0.0,0.0,8.9,-4.4,46.0,0,0,35.4,1,13222,1,13222,22768,15991,4999,20233,15070,5015,15070,13505,14344,13505,14058,3660,6944,19908,16469,157,8263,8846,20257,17725,19216,15286,4735,2246,150,9785,1,8:08
2024-25,1630561,David Duke Jr.,David,1610612759,SAS,San Antonio Spurs,0022400802,2025-02-21T00:00:00,SAS vs. DET,L,3.35,10.7,21.5,0.5,0.0,0.0,0.0,0.0,0.0,0.0,0.0,0.0,0.0,0.0,0.0,0.0,0.0,0.0,0.0,0.0,21.5,53.7,21.5,0,0,21.5,1,13222,1,13222,24817,2455,2033,8526,15070,20945,15070,13505,14344,13505,14058,22137,23286,19908,16469,12854,8263,8846,20257,17725,6645,463,20415,2246,150,19967,1,3:21
2024-25,203114,Khris Middleton,Khris,1610612764,WAS,Washington Wizards,0022400799,2025-02-21T00:00:00,WAS vs. MIL,L,24.533333333333335,5.9,14.7,0.4,1.5,5.9,0.25,4.4,4.4,1.0,0.0,7.3,7.3,2.9,2.9,2.9,0.0,1.5,2.9,4.4,17.6,0.0,36.7,0,0,35.2,1,13222,1,13222,12449,11891,9092,14933,12173,11023,11902,4987,7025,1,14058,5770,9503,13144,6702,3311,8263,4896,11007,5340,10217,12240,9899,2246,150,9933,1,24:32
2024-25,203471,Dennis Schröder,Dennis,1610612765,DET,Detroit Pistons,0022400802,2025-02-21T00:00:00,DET @ SAS,W,18.283333333333335,5.9,19.7,0.3,2.0,5.9,0.333,3.9,3.9,1.0,0.0,2.0,2.0,5.9,3.9,0.0,0.0,0.0,3.9,3.9,17.7,-9.8,25.0,0,0,27.6,1,1,13086,1,17380,11787,3190,19363,10301,10923,9209,5811,7969,1,14058,19758,21861,5658,4000,12854,8263,8846,7320,6466,10112,17807,18282,2246,150,15744,1,18:17
2024-25,1631204,Marcus Sasser,Marcus,1610612765,DET,Detroit Pistons,0022400802,2025-02-21T00:00:00,DET @ SAS,W,3.35,0.0,32.2,0.0,0.0,10.7,0.0,0.0,0.0,0.0,0.0,10.7,10.7,10.7,0.0,0.0,0.0,0.0,0.0,0.0,0.0,-53.7,29.0,0,0,21.5,1,1,13086,1,24817,22635,187,22635,15070,2725,15070,13505,14344,13505,14058,2046,4652,1086,16469,12854,8263,8846,20257,17725,23200,25530,15474,2246,150,19967,1,3:21
2024-25,1641713,GG Jackson,GG,1610612763,MEM,Memphis Grizzlies,0022400798,2025-02-21T00:00:00,MEM @ ORL,W,17.3,8.3,10.4,0.8,6.2,6.2,1.0,2.1,4.2,0.5,2.1,2.1,4.2,0.0,0.0,0.0,0.0,2.1,8.3,2.1,25.0,8.3,30.0,0,0,35.4,1,1,13086,1,18072,5936,16373,1688,1136,10096,1,10351,7488,10625,8023,19421,16904,19908,16469,12854,8263,2969,1215,12699,4226,8474,14820,2246,150,9818,1,17:18
2024-25,1630217,Desmond Bane,Desmond,1610612763,MEM,Memphis Grizzlies,0022400798,2025-02-21T00:00:00,MEM @ ORL,W,36.266666666666666,5.0,12.9,0.385,2.0,6.0,0.333,4.0,5.0,0.8,0.0,6.9,6.9,2.0,3.0,2.0,0.0,2.0,3.0,2.0,15.9,-6.0,30.2,0,0,30.8,1,1,13086,1,2491,14502,12031,16070,10234,10794,9209,5742,6008,7681,14058,6451,10242,16432,6567,6319,8263,3271,10818,13144,12036,16041,14679,2246,150,13345,1,36:16
2024-25,1630551,Justin Champagnie,Justin,1610612764,WAS,Washington Wizards,0022400799,2025-02-21T00:00:00,WAS vs. MIL,L,7.666666666666667,9.4,14.1,0.667,4.7,9.4,0.5,0.0,4.7,0.0,0.0,4.7,4.7,0.0,9.4,4.7,0.0,0.0,0.0,4.7,23.5,-18.8,33.8,0,0,42.3,1,13222,1,13222,22933,4039,10030,3281,2737,4267,3944,13505,6485,13505,14058,11715,15577,19908,382,1091,8263,8846,20257,4726,5148,21171,11961,2246,150,5513,1,7:40
2024-25,1631157,Ryan Rollins,Ryan,1610612749,MIL,Milwaukee Bucks,0022400799,2025-02-21T00:00:00,MIL @ WAS,W,33.666666666666664,6.4,10.7,0.6,2.1,5.3,0.4,1.1,1.1,1.0,0.0,4.3,4.3,4.3,2.1,3.2,1.1,1.1,4.3,1.1,16.0,12.8,38.3,0,0,35.3,1,1,13086,1,4576,10398,15888,5394,9513,12331,7874,13004,14089,1,14058,12871,16591,9189,9787,2721,6988,7317,6351,17064,11880,6457,8840,2246,150,9886,1,33:40
2024-25,1631260,AJ Green,AJ,1610612749,MIL,Milwaukee Bucks,0022400799,2025-02-21T00:00:00,MIL @ WAS,W,37.15,2.9,8.7,0.333,2.9,8.7,0.333,0.0,0.0,0.0,0.0,2.9,2.9,2.9,1.0,1.0,1.0,0.0,3.9,0.0,8.7,-6.8,21.4,0,0,21.3,1,1,13086,1,1884,19642,19150,17395,6846,5230,9209,13505,14344,13505,14058,17055,19976,13253,16035,12216,7697,8846,7525,17725,19328,16413,20461,2246,150,20092,1,37:09
2024-25,1629023,P.J. Washington,P.J.,1610612742,DAL,Dallas Mavericks,0022400803,2025-02-21T00:00:00,DAL vs. NOP,W,36.598333333333336,7.9,16.7,0.471,3.0,7.9,0.375,4.9,7.9,0.625,1.0,5.9,6.9,3.0,1.0,2.0,1.0,0.0,2.0,6.9,23.6,7.9,44.2,0,0,42.3,1,1,13086,1,2283,6912,6153,12143,6671,6673,8800,4163,2613,10271,13388,8538,10353,13088,15950,6399,7582,8846,15314,1750,5047,8699,5597,2246,150,5500,1,36:36
2024-25,1641718,Keyonte George,Keyonte,1610612762,UTA,Utah Jazz,0022400804,2025-02-21T00:00:00,UTA vs. OKC,L,30.583333333333332,8.2,14.1,0.583,5.9,9.4,0.625,1.2,3.5,0.333,0.0,3.5,3.5,7.1,2.4,1.2,0.0,1.2,2.4,4.7,23.5,-16.5,39.6,0,0,42.4,1,13222,1,13222,7243,6113,9958,6296,1390,4230,2868,12673,8827,13132,14058,15137,18482,3938,8840,10370,8263,6425,13416,4702,5099,20439,8042,2246,150,5463,1,30:35
2024-25,1642384,Isaiah Crawford,Isaiah,1610612758,SAC,Sacramento Kings,0022400805,2025-02-21T00:00:00,SAC vs. GSW,L,3.5833333333333335,10.0,10.0,1.0,0.0,0.0,0.0,0.0,0.0,0.0,0.0,10.0,10.0,0.0,0.0,0.0,0.0,0.0,0.0,0.0,20.1,-50.2,32.1,0,0,30.1,1,13222,1,13222,24677,3168,16959,1,15070,20945,15070,13505,14344,13505,14058,2538,5374,19908,16469,12854,8263,8846,20257,17725,7843,25401,13219,2246,150,13842,1,3:35
2024-25,1627780,Gary Payton II,Gary,1610612744,GSW,Golden State Warriors,0022400805,2025-02-21T00:00:00,GSW @ SAC,W,15.298333333333334,4.7,4.7,1.0,0.0,0.0,0.0,0.0,0.0,0.0,0.0,0.0,0.0,2.4,0.0,4.7,0.0,0.0,9.4,0.0,9.4,7.1,27.1,0,0,21.2,1,1,13086,1,19382,15224,23675,1,15070,20945,15070,13505,14344,13505,14058,22137,23286,15042,16469,1080,8263,8846,836,17725,18716,9107,16891,2246,150,20165,1,15:18
2024-25,202685,Jonas Valančiūnas,Jonas,1610612758,SAC,Sacramento Kings,0022400805,2025-02-21T00:00:00,SAC vs. GSW,L,9.076666666666666,7.9,15.9,0.5,0.0,0.0,0.0,7.9,7.9,1.0,4.0,4.0,7.9,4.0,0.0,0.0,0.0,0.0,4.0,7.9,23.8,-47.6,39.3,0,0,35.7,1,13222,1,13222,22423,6785,7322,8526,15070,20945,15070,1444,2566,1,3641,13824,8403,10020,16469,12854,8263,8846,7233,1060,4938,25292,8222,2246,150,9584,1,9:05
2024-25,1628379,Luke Kennard,Luke,1610612763,MEM,Memphis Grizzlies,0022400798,2025-02-21T00:00:00,MEM @ ORL,W,22.116666666666667,3.3,9.8,0.333,0.0,3.3,0.0,1.6,1.6,1.0,0.0,3.3,3.3,6.5,0.0,1.6,0.0,0.0,1.6,0.0,8.1,9.8,26.7,0,0,21.2,1,1,13086,1,14402,18871,17444,17395,15070,17166,15070,11547,13365,1,14058,15920,19093,4695,16469,7895,8263,8846,16787,17725,19805,7808,17159,2246,150,20185,1,22:07
2024-25,1631099,Keegan Murray,Keegan,1610612758,SAC,Sacramento Kings,0022400805,2025-02-21T00:00:00,SAC vs. GSW,L,33.69,5.3,10.7,0.5,3.2,5.3,0.6,0.0,0.0,0.0,2.1,3.2,5.3,0.0,1.1,1.1,1.1,2.1,3.2,2.1,13.9,-5.3,25.6,0,0,26.7,1,13222,1,13222,4561,13429,15914,8526,5938,12346,2992,13505,14344,13505,7815,16062,13930,19908,15356,11297,6995,2810,9838,12450,14055,15767,17850,2246,150,16385,1,33:41
2024-25,202687,Bismack Biyombo,Bismack,1610612759,SAS,San Antonio Spurs,0022400802,2025-02-21T00:00:00,SAS vs. DET,L,11.95,3.0,6.0,0.5,0.0,0.0,0.0,0.0,6.0,0.0,0.0,6.0,6.0,3.0,6.0,0.0,3.0,3.0,0.0,3.0,6.0,-30.1,20.8,0,0,21.1,1,13222,1,13222,21308,19386,22570,8526,15070,20945,15070,13505,4434,13505,14058,8270,12216,12881,1362,12854,1675,1317,20257,9191,21370,23761,20795,2246,150,20229,1,11:57
2024-25,1628449,Chris Boucher,Chris,1610612761,TOR,Toronto Raptors,0022400800,2025-02-21T00:00:00,TOR vs. MIA,L,14.3,0.0,12.6,0.0,0.0,7.6,0.0,10.1,10.1,1.0,12.6,0.0,12.6,7.6,0.0,0.0,0.0,0.0,2.5,10.1,10.1,15.1,36.5,0,0,30.2,1,13222,1,13222,20016,22635,12600,22635,15070,7266,15070,679,1335,1,215,22137,3074,3332,16469,12854,8263,8846,12719,398,18087,5583,10030,2246,150,13788,1,14:18
2024-25,1630241,Sam Merrill,Sam,1610612739,CLE,Cleveland Cavaliers,0022400797,2025-02-21T00:00:00,CLE vs. NYK,W,17.316666666666666,4.2,8.3,0.5,2.1,6.2,0.333,0.0,0.0,0.0,2.1,6.2,8.3,8.3,0.0,6.2,0.0,0.0,4.2,0.0,10.4,27.0,51.6,0,0,41.6,1,1,13086,1,18060,16709,19773,8526,9773,10117,9209,13505,14344,13505,8035,7816,7744,2594,16469,421,8263,8846,6675,17725,17768,2425,2822,2246,150,5866,1,17:19
2024-25,1626172,Kevon Looney,Kevon,1610612744,GSW,Golden State Warriors,0022400805,2025-02-21T00:00:00,GSW @ SAC,W,14.293333333333333,2.5,12.6,0.2,0.0,0.0,0.0,0.0,0.0,0.0,5.0,7.6,12.6,2.5,5.0,5.0,0.0,2.5,2.5,0.0,5.0,2.5,34.0,0,0,30.2,1,1,13086,1,20025,20428,12590,21401,15070,20945,15070,13505,14344,13505,2344,5397,3068,14475,2298,880,8263,2014,12716,17725,21986,11358,11812,2246,150,13781,1,14:18
2024-25,201144,Mike Conley,Mike,1610612750,MIN,Minnesota Timberwolves,0022400801,2025-02-21T00:00:00,MIN @ HOU,L,23.983333333333334,0.0,3.0,0.0,0.0,3.0,0.0,7.5,7.5,1.0,0.0,3.0,3.0,7.5,1.5,1.5,0.0,0.0,6.0,4.5,7.5,-1.5,25.4,0,0,21.0,1,13222,1,13222,12912,22635,24487,22635,15070,17638,15070,1661,2904,1,14058,16712,19725,3394,12740,8403,8263,8846,2938,5135,20317,13800,18029,2246,150,20274,1,23:59
2024-25,203897,Zach LaVine,Zach,1610612758,SAC,Sacramento Kings,0022400805,2025-02-21T00:00:00,SAC vs. GSW,L,33.776666666666664,5.3,12.8,0.417,2.1,7.5,0.286,1.1,1.1,1.0,0.0,5.3,5.3,3.2,5.3,1.1,0.0,0.0,4.3,2.1,13.9,-25.6,22.9,0,0,26.6,1,13222,1,13222,4459,13471,12234,14532,9550,7487,11433,13021,14100,1,14058,9961,13975,12331,1980,11341,8263,8846,6393,12477,14095,22930,19615,2246,150,16436,1,33:47
2024-25,1630590,Scotty Pippen Jr.,Scotty,1610612763,MEM,Memphis Grizzlies,0022400798,2025-02-21T00:00:00,MEM @ ORL,W,17.266666666666666,0.0,6.3,0.0,0.0,2.1,0.0,4.2,4.2,1.0,4.2,2.1,6.3,6.3,2.1,2.1,0.0,4.2,6.3,4.2,4.2,-8.3,25.2,0,0,20.8,1,1,13086,1,18098,22635,22370,22635,15070,19390,15070,5395,7472,1,3337,19403,11699,5086,10072,5851,8263,593,2652,5905,22477,17115,18130,2246,150,20372,1,17:16
2024-25,1629628,RJ Barrett,RJ,1610612761,TOR,Toronto Raptors,0022400800,2025-02-21T00:00:00,TOR vs. MIA,L,38.18333333333333,10.4,16.0,0.647,3.8,5.7,0.667,2.8,3.8,0.75,0.0,2.8,2.8,3.8,0.9,1.9,0.0,0.9,1.9,3.8,27.3,-0.9,41.1,0,0,41.5,1,13222,1,13222,1281,2849,7075,4571,4522,11560,1957,8267,8318,8186,14058,17305,20172,10584,16180,6831,8263,8394,15764,6931,3036,13497,7114,2246,150,5925,1,38:11
2024-25,1641744,Zach Edey,Zach,1610612763,MEM,Memphis Grizzlies,0022400798,2025-02-21T00:00:00,MEM @ ORL,W,12.15,3.0,5.9,0.5,0.0,0.0,0.0,0.0,0.0,0.0,5.9,11.9,17.8,0.0,5.9,0.0,5.9,0.0,11.9,0.0,5.9,-32.6,39.1,0,0,35.6,1,1,13086,1,21171,19502,22682,8526,15070,20945,15070,13505,14344,13505,1660,1439,948,19908,1431,12854,320,8846,436,17725,21441,24107,8330,2246,150,9690,1,12:09
2024-25,1630631,Jose Alvarado,Jose,1610612740,NOP,New Orleans Pelicans,0022400803,2025-02-21T00:00:00,NOP @ DAL,L,30.466666666666665,3.5,9.5,0.375,1.2,3.5,0.333,1.2,1.2,1.0,2.4,5.9,8.3,4.7,1.2,3.5,0.0,0.0,1.2,0.0,9.5,4.7,35.9,0,0,30.7,1,13222,1,13222,7345,18215,18030,16299,13463,16556,9209,12663,13918,1,7037,8527,7821,8112,14571,2186,8263,8846,18644,17725,18683,10265,10416,2246,150,13383,1,30:28
2024-25,1629636,Darius Garland,Darius,1610612739,CLE,Cleveland Cavaliers,0022400797,2025-02-21T00:00:00,CLE vs. NYK,W,24.975,2.9,17.3,0.167,1.4,8.6,0.167,5.8,8.6,0.667,0.0,5.8,5.8,7.2,1.4,1.4,0.0,0.0,0.0,5.8,13.0,36.0,33.6,0,0,30.3,1,1,13086,1,12028,19703,5455,21938,12288,5349,14236,3120,2092,9425,14058,8871,12855,3751,13053,8690,8263,8846,20257,2946,15123,1285,12122,2246,150,13744,1,24:59
2024-25,1628976,Wendell Carter Jr.,Wendell,1610612753,ORL,Orlando Magic,0022400798,2025-02-21T00:00:00,ORL vs. MEM,L,29.316666666666666,6.1,14.7,0.417,0.0,2.5,0.0,0.0,0.0,0.0,8.6,4.9,13.5,0.0,3.7,2.5,0.0,1.2,4.9,3.7,12.3,1.2,32.2,1,0,30.7,1,13222,1,13222,8382,11118,8991,14532,15070,18705,15070,13505,14344,13505,642,11127,2485,19908,4591,4519,8263,6075,4813,7174,15847,11989,13202,1,150,13398,1,29:19
2024-25,1631095,Jabari Smith Jr.,Jabari,1610612745,HOU,Houston Rockets,0022400801,2025-02-21T00:00:00,HOU vs. MIN,W,38.0,4.7,8.5,0.556,3.8,5.7,0.667,0.9,1.9,0.5,0.0,8.5,8.5,1.9,4.7,0.0,0.9,0.0,5.7,0.9,14.2,11.4,25.4,0,0,30.3,1,1,13086,1,1387,15155,19451,7248,4470,11488,1957,13376,12993,10625,14058,4021,7440,16767,2673,12854,7846,8846,3414,17554,13710,7067,18014,2246,150,13700,1,38:00
2024-25,1629622,Max Strus,Max,1610612739,CLE,Cleveland Cavaliers,0022400797,2025-02-21T00:00:00,CLE vs. NYK,W,21.283333333333335,3.4,6.8,0.5,1.7,5.1,0.333,0.0,0.0,0.0,0.0,3.4,3.4,13.5,3.4,1.7,0.0,0.0,1.7,0.0,8.5,35.5,34.5,0,0,30.4,1,1,13086,1,15078,18578,21820,8526,11426,13018,9209,13505,14344,13505,14058,15569,18811,443,5278,7642,8263,8846,16559,17725,19554,1341,11445,2246,150,13585,1,21:17
2024-25,1629673,Jordan Poole,Jordan,1610612764,WAS,Washington Wizards,0022400799,2025-02-21T00:00:00,WAS vs. MIL,L,31.016666666666666,3.5,12.8,0.273,0.0,5.8,0.0,5.8,7.0,0.833,1.2,1.2,2.3,5.8,1.2,0.0,0.0,2.3,3.5,7.0,12.8,-3.5,23.1,0,0,20.9,1,13222,1,13222,6865,18364,12273,20048,15070,11195,15070,3084,3397,7275,12043,21610,21152,5849,14723,12854,8263,2389,8796,1683,15321,14787,19502,2246,150,20349,1,31:01
2024-25,1641722,Jordan Hawkins,Jordan,1610612740,NOP,New Orleans Pelicans,0022400803,2025-02-21T00:00:00,NOP @ DAL,L,21.115,1.7,11.9,0.143,1.7,5.1,0.333,3.4,3.4,1.0,0.0,8.5,8.5,1.7,0.0,0.0,0.0,0.0,0.0,3.4,8.5,-18.8,21.3,0,0,20.5,1,13222,1,13222,15220,21893,13698,22260,11387,12914,9209,6877,9068,1,14058,4028,7447,17352,16469,12854,8263,8846,20257,7918,19497,21161,20524,2246,150,20604,1,21:07
2024-25,1630530,Trey Murphy III,Trey,1610612740,NOP,New Orleans Pelicans,0022400803,2025-02-21T00:00:00,NOP @ DAL,L,36.18333333333333,7.0,18.9,0.368,4.0,8.0,0.5,2.0,2.0,1.0,1.0,5.0,6.0,6.0,1.0,2.0,0.0,0.0,1.0,1.0,19.9,-12.9,41.0,0,0,39.8,1,13222,1,13222,2546,9012,3838,16823,4028,6520,3944,10690,12759,1,13299,10952,12366,5555,15888,6300,8263,8846,19737,17417,7999,19103,7177,2246,150,6895,1,36:11
2024-25,203110,Draymond Green,Draymond,1610612744,GSW,Golden State Warriors,0022400805,2025-02-21T00:00:00,GSW @ SAC,W,28.45,3.8,8.9,0.429,0.0,2.5,0.0,0.0,0.0,0.0,2.5,7.6,10.1,11.4,2.5,0.0,2.5,0.0,2.5,0.0,7.6,29.1,41.9,0,0,34.2,1,1,13086,1,9165,17575,18923,13735,15070,18571,15070,13505,14344,13505,6521,5340,5302,872,8114,12854,2318,8846,12668,17725,20251,2093,6682,2246,150,10726,1,28:27
2024-25,203903,Jordan Clarkson,Jordan,1610612762,UTA,Utah Jazz,0022400804,2025-02-21T00:00:00,UTA vs. OKC,L,29.933333333333334,8.4,19.2,0.438,4.8,12.0,0.4,1.2,1.2,1.0,3.6,1.2,4.8,2.4,1.2,0.0,0.0,2.4,1.2,1.2,22.9,-21.6,31.0,0,0,34.9,1,13222,1,13222,7840,5763,3552,13558,2538,1763,7874,12578,13879,1,4197,21505,15267,14860,14421,12854,8263,2206,18523,16384,5594,22003,14040,2246,150,10177,1,29:56
2024-25,1630222,Mason Jones,Mason,1610612758,SAC,Sacramento Kings,0022400805,2025-02-21T00:00:00,SAC vs. GSW,L,3.5833333333333335,10.0,10.0,1.0,0.0,0.0,0.0,10.0,10.0,1.0,0.0,0.0,0.0,10.0,0.0,0.0,0.0,0.0,10.0,10.0,30.1,-50.2,45.2,0,0,40.2,1,13222,1,13222,24677,3168,16959,1,15070,20945,15070,684,1345,1,14058,22137,23286,1409,16469,12854,8263,8846,692,400,2029,25401,5079,2246,150,6681,1,3:35
2024-25,202684,Tristan Thompson,Tristan,1610612739,CLE,Cleveland Cavaliers,0022400797,2025-02-21T00:00:00,CLE vs. NYK,W,7.483333333333333,0.0,4.8,0.0,0.0,0.0,0.0,0.0,0.0,0.0,0.0,19.2,19.2,0.0,4.8,0.0,0.0,0.0,4.8,0.0,0.0,9.6,18.3,0,0,19.2,1,1,13086,1,23006,22635,23597,22635,15070,20945,15070,13505,14344,13505,14058,196,636,19908,2561,12854,8263,8846,5027,17725,23200,7873,21976,2246,150,21271,1,7:29
2024-25,1631172,Ousmane Dieng,Ousmane,1610612760,OKC,Oklahoma City Thunder,0022400804,2025-02-21T00:00:00,OKC @ UTA,W,2.716666666666667,0.0,13.3,0.0,0.0,13.3,0.0,0.0,0.0,0.0,13.3,13.3,26.5,13.3,0.0,0.0,0.0,0.0,0.0,0.0,0.0,13.3,51.7,0,0,39.8,1,1,13086,1,25110,22635,11383,22635,15070,1181,15070,13505,14344,13505,182,938,152,486,16469,12854,8263,8846,20257,17725,23200,6277,2783,2246,150,6915,1,2:43
2024-25,203500,Steven Adams,Steven,1610612745,HOU,Houston Rockets,0022400801,2025-02-21T00:00:00,HOU vs. MIN,W,4.64,0.0,0.0,0.0,0.0,0.0,0.0,0.0,0.0,0.0,0.0,0.0,0.0,0.0,0.0,0.0,0.0,0.0,7.8,0.0,0.0,-77.6,0.0,0,0,0.0,1,1,13086,1,24163,22635,24836,22635,15070,20945,15070,13505,14344,13505,14058,22137,23286,19908,16469,12854,8263,8846,1490,17725,23200,25982,25228,2246,150,25259,1,4:38
2024-25,1631094,Paolo Banchero,Paolo,1610612753,ORL,Orlando Magic,0022400798,2025-02-21T00:00:00,ORL vs. MEM,L,28.98,6.2,26.1,0.238,1.2,7.5,0.167,12.4,16.1,0.769,0.0,7.5,7.5,2.5,1.2,0.0,1.2,3.7,5.0,11.2,26.1,-12.4,41.2,0,0,39.8,1,13222,1,13222,8693,10946,634,21138,13142,7497,14236,304,272,8170,14058,5579,9264,14596,14152,12854,5936,784,4686,260,3638,18913,7022,2246,150,6923,1,28:59
2024-25,203084,Harrison Barnes,Harrison,1610612759,SAS,San Antonio Spurs,0022400802,2025-02-21T00:00:00,SAS vs. DET,L,20.866666666666667,0.0,5.2,0.0,0.0,1.7,0.0,0.0,0.0,0.0,1.7,3.5,5.2,5.2,0.0,0.0,0.0,0.0,0.0,0.0,0.0,-13.8,14.0,0,0,10.4,1,13222,1,13222,15383,22635,23340,22635,15070,20013,15070,13505,14344,13505,9487,15365,14327,7075,16469,12854,8263,8846,20257,17725,23200,19424,23508,2246,150,24363,1,20:52
2024-25,1642269,Devin Carter,Devin,1610612758,SAC,Sacramento Kings,0022400805,2025-02-21T00:00:00,SAC vs. GSW,L,2.95,0.0,0.0,0.0,0.0,0.0,0.0,0.0,0.0,0.0,0.0,0.0,0.0,0.0,0.0,0.0,0.0,0.0,0.0,0.0,0.0,-24.4,0.0,0,0,0.0,1,13222,1,13222,25007,22635,24836,22635,15070,20945,15070,13505,14344,13505,14058,22137,23286,19908,16469,12854,8263,8846,20257,17725,23200,22668,25228,2246,150,25259,1,2:57
2024-25,203484,Kentavious Caldwell-Pope,Kentavious,1610612753,ORL,Orlando Magic,0022400798,2025-02-21T00:00:00,ORL vs. MEM,L,33.5,3.2,7.5,0.429,1.1,5.4,0.2,2.1,2.1,1.0,0.0,2.1,2.1,3.2,0.0,1.1,1.1,0.0,2.1,1.1,9.7,2.1,23.5,0,0,20.4,1,13222,1,13222,4727,18941,20901,13735,14100,12268,13429,10132,12256,1,14058,19211,21516,12216,16469,11236,6944,8846,14360,17034,18466,11540,19239,2246,150,20623,1,33:30
2024-25,1627736,Malik Beasley,Malik,1610612765,DET,Detroit Pistons,0022400802,2025-02-21T00:00:00,DET @ SAS,W,22.666666666666668,6.4,11.1,0.571,6.4,11.1,0.571,6.4,6.4,1.0,0.0,0.0,0.0,1.6,3.2,3.2,0.0,0.0,0.0,3.2,25.4,-14.3,34.1,0,0,39.7,1,1,13086,1,13977,10554,15162,6538,1084,2400,3506,2539,4061,1,14058,22137,23286,17685,5886,2788,8263,8846,20257,8641,3984,19615,11689,2246,150,6944,1,22:40
2024-25,101108,Chris Paul,Chris,1610612759,SAS,San Antonio Spurs,0022400802,2025-02-21T00:00:00,SAS vs. DET,L,21.65,1.7,5.0,0.333,1.7,5.0,0.333,0.0,0.0,0.0,0.0,0.0,0.0,3.3,3.3,0.0,0.0,0.0,3.3,0.0,5.0,-16.6,6.7,0,0,10.0,1,13222,1,13222,14796,21944,23470,17395,11500,13226,9209,13505,14344,13505,14058,22137,23286,11897,5436,12854,8263,8846,9362,17725,22014,20487,24847,2246,150,24427,1,21:39
2024-25,1630556,Kessler Edwards,Kessler,1610612742,DAL,Dallas Mavericks,0022400803,2025-02-21T00:00:00,DAL vs. NOP,W,12.481666666666667,2.9,5.8,0.5,0.0,2.9,0.0,0.0,0.0,0.0,0.0,11.5,11.5,2.9,2.9,0.0,0.0,0.0,11.5,2.9,5.8,-17.3,21.1,0,0,20.2,1,1,13086,1,21013,19696,22848,8526,15070,17890,15070,13505,14344,13505,14058,1605,3914,13331,6901,12854,8263,8846,468,9645,21551,20713,20653,2246,150,20749,1,12:29
2024-25,1630322,Lindy Waters III,Lindy,1610612765,DET,Detroit Pistons,0022400802,2025-02-21T00:00:00,DET @ SAS,W,3.35,0.0,10.7,0.0,0.0,10.7,0.0,0.0,0.0,0.0,10.7,0.0,10.7,0.0,0.0,0.0,0.0,0.0,0.0,0.0,0.0,-53.7,12.9,0,0,10.7,1,1,13086,1,24817,22635,15790,22635,15070,2725,15070,13505,14344,13505,319,22137,4652,19908,16469,12854,8263,8846,20257,17725,23200,25530,23796,2246,150,24281,1,3:21
2024-25,1630532,Franz Wagner,Franz,1610612753,ORL,Orlando Magic,0022400798,2025-02-21T00:00:00,ORL vs. MEM,L,38.13333333333333,8.5,17.9,0.474,1.9,6.6,0.286,4.7,5.7,0.833,0.9,4.7,5.7,2.8,2.8,0.9,1.9,1.9,0.9,5.7,23.6,0.9,40.3,0,0,39.7,1,13222,1,13222,1305,5616,4765,12072,10688,9299,11433,4483,4950,7275,13693,11646,13122,13492,7106,12412,3799,3602,19998,3085,5056,12191,7566,2246,150,6975,1,38:08
2024-25,1628384,OG Anunoby,OG,1610612752,NYK,New York Knicks,0022400797,2025-02-21T00:00:00,NYK @ CLE,L,26.75,2.7,8.1,0.333,1.3,4.0,0.333,0.0,0.0,0.0,0.0,0.0,0.0,0.0,2.7,1.3,0.0,1.3,1.3,0.0,6.7,-31.0,8.1,0,0,10.8,1,13222,1,13222,10526,20110,20133,17395,12667,15508,9209,13505,14344,13505,14058,22137,23286,19908,7556,9209,8263,5416,17838,17725,20902,23878,24687,2246,150,24276,1,26:45
2024-25,1626158,Richaun Holmes,Richaun,1610612764,WAS,Washington Wizards,0022400799,2025-02-21T00:00:00,WAS vs. MIL,L,18.933333333333334,3.8,7.6,0.5,0.0,0.0,0.0,5.7,7.6,0.75,3.8,7.6,11.4,5.7,3.8,0.0,1.9,1.9,5.7,3.8,13.3,1.9,37.5,0,0,34.2,1,13222,1,13222,16882,17556,20784,8526,15070,20945,15070,3180,2809,8186,3882,5316,4044,6033,4310,12854,3758,3541,3386,6840,14739,11680,9372,2246,150,10678,1,18:56
2024-25,1630230,Naji Marshall,Naji,1610612742,DAL,Dallas Mavericks,0022400803,2025-02-21T00:00:00,DAL vs. NOP,W,24.233333333333334,7.4,11.9,0.625,1.5,4.5,0.333,5.9,7.4,0.8,0.0,14.9,14.9,1.5,1.5,0.0,0.0,0.0,0.0,5.9,22.3,8.9,40.9,1,0,40.1,1,1,13086,1,12695,7937,13788,4899,12096,14558,9209,2927,2973,7681,14058,602,1843,18037,12816,12854,8263,8846,20257,2697,6011,8217,7251,1,150,6719,1,24:14
2024-25,1642268,Isaiah Collier,Isaiah,1610612762,UTA,Utah Jazz,0022400804,2025-02-21T00:00:00,UTA vs. OKC,L,28.533333333333335,5.0,12.6,0.4,1.3,3.8,0.333,0.0,0.0,0.0,1.3,2.5,3.8,15.1,5.0,1.3,0.0,0.0,2.5,0.0,11.4,-10.1,37.3,0,0,34.1,1,13222,1,13222,9085,14240,12539,14933,13028,16028,9209,13505,14344,13505,11403,18122,17862,280,2283,9710,8263,8846,12693,17725,16839,17922,9443,2246,150,10798,1,28:32
2024-25,1629018,Gary Trent Jr.,Gary,1610612749,MIL,Milwaukee Bucks,0022400799,2025-02-21T00:00:00,MIL @ WAS,W,30.116666666666667,4.8,15.5,0.308,0.0,8.4,0.0,1.2,1.2,1.0,0.0,7.2,7.2,2.4,0.0,0.0,0.0,0.0,1.2,1.2,10.8,2.4,23.0,0,0,20.3,1,1,13086,1,7664,15007,7767,19226,15070,5800,15070,12610,13892,1,14058,6057,9807,14910,16469,12854,8263,8846,18559,16428,17412,11420,19589,2246,150,20679,1,30:07
2024-25,1630194,Paul Reed,Paul,1610612765,DET,Detroit Pistons,0022400802,2025-02-21T00:00:00,DET @ SAS,W,2.6333333333333333,13.7,27.3,0.5,0.0,13.7,0.0,27.3,27.3,1.0,13.7,0.0,13.7,0.0,0.0,0.0,0.0,0.0,0.0,13.7,54.7,-41.0,71.1,0,0,68.4,1,1,13086,1,25160,796,459,8526,15070,1027,15070,40,64,1,164,22137,2391,19908,16469,12854,8263,8846,20257,132,112,24911,400,2246,150,364,1,2:38
2024-25,1630596,Evan Mobley,Evan,1610612739,CLE,Cleveland Cavaliers,0022400797,2025-02-21T00:00:00,CLE vs. NYK,W,24.766666666666666,13.1,16.0,0.818,1.5,1.5,1.0,2.9,2.9,1.0,2.9,8.7,11.6,5.8,2.9,4.4,1.5,0.0,1.5,1.5,30.5,33.4,67.7,0,0,61.0,1,1,13086,1,12199,998,7133,1653,12237,20319,1,8070,10216,1,5571,3811,3822,5829,6810,1328,5026,8846,17431,15226,1919,1578,535,2246,150,726,1,24:46
2024-25,1629660,Ty Jerome,Ty,1610612739,CLE,Cleveland Cavaliers,0022400797,2025-02-21T00:00:00,CLE vs. NYK,W,18.983333333333334,13.3,20.9,0.636,5.7,7.6,0.75,3.8,5.7,0.667,3.8,1.9,5.7,3.8,1.9,3.8,0.0,1.9,1.9,3.8,36.0,28.4,58.0,0,0,58.8,1,1,13086,1,16837,912,2425,4689,1567,7204,1542,6098,4903,9425,3896,19985,13050,10512,11063,1857,8263,3558,15694,6865,821,2194,1470,2246,150,937,1,18:59
2024-25,1630572,Sandro Mamukelashvili,Sandro,1610612759,SAS,San Antonio Spurs,0022400802,2025-02-21T00:00:00,SAS vs. DET,L,21.991666666666667,6.5,16.4,0.4,3.3,8.2,0.4,0.0,0.0,0.0,1.6,9.8,11.5,3.3,0.0,1.6,1.6,1.6,4.9,0.0,16.4,14.7,44.9,0,0,40.9,1,13222,1,13222,14511,10071,6586,14933,5745,6108,7874,13505,14344,13505,9792,2710,3996,12070,16469,7866,4461,4341,4817,17725,11532,5729,5244,2246,150,6255,1,21:60
2024-25,1629627,Zion Williamson,Zion,1610612740,NOP,New Orleans Pelicans,0022400803,2025-02-21T00:00:00,NOP @ DAL,L,27.366666666666667,14.5,19.7,0.733,0.0,0.0,0.0,9.2,14.5,0.636,3.9,5.3,9.2,3.9,3.9,2.6,0.0,1.3,3.9,7.9,38.1,0.0,59.1,0,0,56.6,1,13222,1,13222,10046,587,3161,2644,15070,20945,15070,940,394,10256,3661,10122,6436,10083,3977,4060,8263,5575,7289,1074,595,12240,1320,2246,150,1218,1,27:22
2024-25,1642281,Jaylon Tyson,Jaylon,1610612739,CLE,Cleveland Cavaliers,0022400797,2025-02-21T00:00:00,CLE vs. NYK,W,7.483333333333333,9.6,14.4,0.667,0.0,4.8,0.0,0.0,0.0,0.0,0.0,0.0,0.0,14.4,4.8,4.8,0.0,0.0,0.0,0.0,19.2,9.6,50.5,0,0,43.3,1,1,13086,1,23006,3696,9466,3281,15070,13669,15070,13505,14344,13505,14058,22137,23286,339,2561,1014,8263,8846,20257,17725,8603,7873,3128,2246,150,5000,1,7:29
2024-25,1628973,Jalen Brunson,Jalen,1610612752,NYK,New York Knicks,0022400797,2025-02-21T00:00:00,NYK @ CLE,L,27.6,13.0,22.2,0.588,2.6,5.2,0.5,5.2,5.2,1.0,0.0,5.2,5.2,5.2,3.9,1.3,0.0,0.0,3.9,3.9,33.9,-22.2,48.0,0,0,49.6,1,13222,1,13222,9868,1018,1744,6229,7794,12659,3944,3750,5575,1,14058,10237,14234,6997,4060,9430,8263,8846,7402,6530,1140,22122,3983,2246,150,2648,1,27:36
2024-25,201572,Brook Lopez,Brook,1610612749,MIL,Milwaukee Bucks,0022400799,2025-02-21T00:00:00,MIL @ WAS,W,30.216666666666665,6.0,9.5,0.625,2.4,4.8,0.5,7.1,9.5,0.75,2.4,8.3,10.7,2.4,1.2,1.2,2.4,0.0,2.4,4.8,21.4,1.2,47.4,0,0,44.1,1,1,13086,1,7573,11638,17888,4899,8544,13798,3944,1911,1584,8186,6972,4227,4678,14937,14506,10248,2588,8846,13298,4580,6694,12021,4172,2246,150,4643,1,30:13
2024-25,203507,Giannis Antetokounmpo,Giannis,1610612749,MIL,Milwaukee Bucks,0022400799,2025-02-21T00:00:00,MIL @ WAS,W,19.3,11.2,16.8,0.667,0.0,0.0,0.0,11.2,20.5,0.545,3.7,7.5,11.2,5.6,13.1,1.9,1.9,1.9,11.2,14.9,33.6,1.9,53.5,0,0,57.8,1,1,13086,1,16572,2102,6059,3281,15070,20945,15070,448,135,10618,3990,5565,4243,6256,165,6945,3879,3690,514,103,1202,11700,2319,2246,150,1051,1,19:18
2024-25,1630198,Isaiah Joe,Isaiah,1610612760,OKC,Oklahoma City Thunder,0022400804,2025-02-21T00:00:00,OKC @ UTA,W,18.438333333333333,9.8,17.6,0.556,5.9,11.7,0.5,3.9,3.9,1.0,3.9,5.9,9.8,3.9,0.0,2.0,2.0,0.0,3.9,7.8,29.3,33.2,58.6,0,0,56.6,1,1,13086,1,17257,3520,5174,7248,1428,1953,3944,5871,8032,1,3718,8649,5727,10215,16469,6492,3622,8846,7434,1122,2350,1608,1399,2246,150,1208,1,18:26
2024-25,1642382,Branden Carlson,Branden,1610612760,OKC,Oklahoma City Thunder,0022400804,2025-02-21T00:00:00,OKC @ UTA,W,2.716666666666667,13.3,13.3,1.0,13.3,13.3,1.0,0.0,0.0,0.0,0.0,0.0,0.0,0.0,13.3,0.0,0.0,0.0,0.0,0.0,39.8,13.3,26.5,0,0,53.0,1,1,13086,1,25110,923,11383,1,98,1181,1,13505,14344,13505,14058,22137,23286,19908,152,12854,8263,8846,20257,17725,463,6277,17292,2246,150,1797,1,2:43
2024-25,201939,Stephen Curry,Stephen,1610612744,GSW,Golden State Warriors,0022400805,2025-02-21T00:00:00,GSW @ SAC,W,30.75,8.2,15.2,0.538,4.7,10.5,0.444,2.3,2.3,1.0,0.0,1.2,1.2,7.0,1.2,2.3,0.0,1.2,0.0,4.7,23.4,0.0,41.2,0,0,41.0,1,1,13086,1,7086,6215,8216,7978,2763,2941,7211,9485,11659,1,14058,21590,22983,3989,14656,4895,8263,6474,20257,4754,5190,12240,7046,2246,150,6217,1,30:45
2024-25,1641794,Dillon Jones,Dillon,1610612760,OKC,Oklahoma City Thunder,0022400804,2025-02-21T00:00:00,OKC @ UTA,W,2.716666666666667,13.3,39.8,0.333,13.3,39.8,0.333,0.0,0.0,0.0,0.0,13.3,13.3,13.3,0.0,0.0,0.0,0.0,13.3,0.0,39.8,13.3,75.5,0,0,79.5,1,1,13086,1,25110,923,80,17395,98,17,9209,13505,14344,13505,14058,938,2636,486,16469,12854,8263,8846,321,17725,463,6277,283,2246,150,163,1,2:43
2024-25,1642264,Stephon Castle,Stephon,1610612759,SAS,San Antonio Spurs,0022400802,2025-02-21T00:00:00,SAS vs. DET,L,13.033333333333333,11.0,24.9,0.444,0.0,2.8,0.0,11.0,13.8,0.8,2.8,5.5,8.3,2.8,5.5,5.5,0.0,2.8,5.5,8.3,33.1,-27.6,58.3,0,0,55.2,1,13222,1,13222,20729,2220,857,13045,15070,18135,15070,482,475,7681,5942,9463,7789,13710,1791,623,8263,1651,3665,899,1298,23359,1436,2246,150,1426,1,13:02
2024-25,1631104,Blake Wesley,Blake,1610612759,SAS,San Antonio Spurs,0022400802,2025-02-21T00:00:00,SAS vs. DET,L,3.35,10.7,10.7,1.0,10.7,10.7,1.0,0.0,0.0,0.0,0.0,0.0,0.0,0.0,0.0,0.0,0.0,0.0,0.0,0.0,32.2,53.7,32.2,0,0,43.0,1,13222,1,13222,24817,2455,15790,1,168,2725,1,13505,14344,13505,14058,22137,23286,19908,16469,12854,8263,8846,20257,17725,1469,463,13136,2246,150,5148,1,3:21
2024-25,1630346,Matt Ryan,Matt,1610612752,NYK,New York Knicks,0022400797,2025-02-21T00:00:00,NYK @ CLE,L,4.4,8.2,24.5,0.333,8.2,16.4,0.5,0.0,0.0,0.0,0.0,8.2,8.2,16.4,0.0,0.0,0.0,0.0,0.0,0.0,24.5,-24.5,58.9,0,0,57.3,1,13222,1,13222,24286,6242,921,17395,417,470,3944,13505,14344,13505,14058,4444,7957,188,16469,12854,8263,8846,20257,17725,4460,22702,1348,2246,150,1135,1,4:24
2024-25,1631218,Trayce Jackson-Davis,Trayce,1610612744,GSW,Golden State Warriors,0022400805,2025-02-21T00:00:00,GSW @ SAC,W,2.95,24.4,24.4,1.0,0.0,0.0,0.0,0.0,0.0,0.0,12.2,0.0,12.2,0.0,12.2,0.0,0.0,0.0,0.0,0.0,48.8,24.4,51.3,0,0,61.0,1,1,13086,1,25007,74,947,1,15070,20945,15070,13505,14344,13505,233,22137,3346,19908,199,12854,8263,8846,20257,17725,170,2945,2910,2246,150,730,1,2:57
2024-25,201942,DeMar DeRozan,DeMar,1610612758,SAC,Sacramento Kings,0022400805,2025-02-21T00:00:00,SAC vs. GSW,L,33.86666666666667,10.6,14.9,0.714,4.3,7.4,0.571,10.6,10.6,1.0,0.0,4.3,4.3,6.4,1.1,1.1,0.0,0.0,1.1,5.3,36.1,-8.5,52.9,0,0,53.1,1,13222,1,13222,4385,2581,8778,2752,3481,7520,3506,545,1138,1,14058,12964,16677,4882,15398,11359,8263,8846,19319,3606,804,17184,2466,2246,150,1779,1,33:52
2024-25,1642366,Quinten Post,Quinten,1610612744,GSW,Golden State Warriors,0022400805,2025-02-21T00:00:00,GSW @ SAC,W,13.706666666666667,7.9,13.1,0.6,7.9,7.9,1.0,0.0,0.0,0.0,2.6,10.5,13.1,0.0,7.9,2.6,0.0,2.6,0.0,0.0,23.6,49.9,39.4,0,0,49.9,1,1,13086,1,20362,6888,11615,5394,492,6659,1,13505,14344,13505,6284,2227,2719,19908,616,4079,8263,1842,20257,17725,5027,551,8134,2246,150,2563,1,13:42
2024-25,1630175,Cole Anthony,Cole,1610612753,ORL,Orlando Magic,0022400798,2025-02-21T00:00:00,ORL vs. MEM,L,33.605,6.4,12.9,0.5,2.1,4.3,0.5,3.2,4.3,0.75,3.2,6.4,9.6,7.5,3.2,2.1,1.1,0.0,2.1,2.1,18.2,6.4,47.5,0,0,43.9,1,13222,1,13222,4638,10371,12126,8526,9498,14958,3944,7295,7242,8186,4914,7450,5884,3408,5785,5627,6975,8846,14402,12429,9615,9407,4154,2246,150,4731,1,33:36
2024-25,1628368,De'Aaron Fox,De'Aaron,1610612759,SAS,San Antonio Spurs,0022400802,2025-02-21T00:00:00,SAS vs. DET,L,30.15,13.1,21.5,0.611,3.6,8.4,0.429,2.4,2.4,1.0,0.0,6.0,6.0,6.0,3.6,4.8,0.0,0.0,1.2,6.0,32.2,-41.8,59.1,0,0,57.3,1,13222,1,13222,7634,980,2030,5351,4959,5813,7394,9377,11528,1,14058,8408,12362,5554,4814,1035,8263,8846,18564,2664,1468,24960,1314,2246,150,1129,1,30:09
2024-25,202699,Tobias Harris,Tobias,1610612765,DET,Detroit Pistons,0022400802,2025-02-21T00:00:00,DET @ SAS,W,30.435,9.5,11.8,0.8,2.4,3.5,0.667,4.7,4.7,1.0,1.2,7.1,8.3,2.4,1.2,2.4,0.0,1.2,4.7,2.4,26.0,37.9,45.4,0,0,43.8,1,1,13086,1,7376,3936,13897,1688,8614,16550,1957,4458,6426,1,11915,6185,7799,15005,14564,4815,8263,6390,5211,11484,3673,1131,4985,2246,150,4795,1,30:26
2024-25,1641854,Craig Porter Jr.,Craig,1610612739,CLE,Cleveland Cavaliers,0022400797,2025-02-21T00:00:00,CLE vs. NYK,W,12.0,15.0,18.0,0.833,9.0,9.0,1.0,0.0,0.0,0.0,9.0,9.0,18.0,9.0,6.0,0.0,0.0,3.0,3.0,0.0,39.0,18.0,68.1,0,0,75.0,1,1,13086,1,21228,494,4664,1514,298,4827,1,13505,14344,13505,553,3516,898,2013,1378,12854,8263,1329,10710,17725,517,4558,521,2246,150,230,1,12:00
2024-25,1626153,Delon Wright,Delon,1610612752,NYK,New York Knicks,0022400797,2025-02-21T00:00:00,NYK @ CLE,L,9.016666666666667,4.0,8.0,0.5,0.0,4.0,0.0,8.0,16.0,0.5,0.0,4.0,4.0,8.0,0.0,4.0,4.0,0.0,0.0,8.0,16.0,0.0,56.7,0,0,43.9,1,13222,1,13222,22447,17109,20284,8526,15070,15598,15070,1421,282,10625,14058,13747,17338,2904,16469,1645,922,8846,20257,1028,11949,12240,1692,2246,150,4734,1,9:01
2024-25,1630598,Aaron Wiggins,Aaron,1610612760,OKC,Oklahoma City Thunder,0022400804,2025-02-21T00:00:00,OKC @ UTA,W,21.633333333333333,5.0,11.6,0.429,3.3,6.7,0.5,6.7,6.7,1.0,1.7,3.3,5.0,8.3,1.7,1.7,1.7,0.0,3.3,3.3,20.0,5.0,46.8,0,0,43.3,1,1,13086,1,14814,14402,14222,13735,5579,9199,3944,2274,3704,1,9703,15699,14806,2590,12069,7745,4386,8846,9341,8162,7944,10117,4419,2246,150,5011,1,21:38
2024-25,1630541,Moses Moody,Moses,1610612744,GSW,Golden State Warriors,0022400805,2025-02-21T00:00:00,GSW @ SAC,W,28.54,10.1,13.9,0.727,6.3,10.1,0.625,1.3,1.3,1.0,1.3,1.3,2.5,5.0,1.3,0.0,1.3,0.0,2.5,5.0,27.8,20.2,40.9,0,0,44.1,1,1,13086,1,9080,3125,10387,2666,1110,3392,2868,12418,13801,1,11409,21359,20759,7373,14035,12854,5848,8846,12701,4028,2885,3897,7243,2246,150,4617,1,28:32
2024-25,1626157,Karl-Anthony Towns,Karl-Anthony,1610612752,NYK,New York Knicks,0022400797,2025-02-21T00:00:00,NYK @ CLE,L,28.533333333333335,12.6,18.9,0.667,1.3,3.8,0.333,2.5,3.8,0.667,2.5,6.3,8.8,5.0,5.0,1.3,1.3,0.0,1.3,3.8,29.0,-26.5,49.7,0,0,49.2,1,13222,1,13222,9085,1187,3821,3281,13028,16028,9209,8981,8286,9425,6542,7681,6970,7361,2283,9710,5843,8846,18214,6893,2421,23134,3353,2246,150,2763,1,28:32
2024-25,1641774,Tristan Vukcevic,Tristan,1610612764,WAS,Washington Wizards,0022400799,2025-02-21T00:00:00,WAS vs. MIL,L,3.1333333333333333,11.5,11.5,1.0,0.0,0.0,0.0,23.0,23.0,1.0,0.0,11.5,11.5,0.0,11.5,0.0,0.0,0.0,11.5,23.0,46.0,-11.5,48.3,0,0,57.4,1,13222,1,13222,24922,1872,14490,1,15070,20945,15070,57,101,1,14058,1635,3955,19908,228,12854,8263,8846,471,26,224,18528,3894,2246,150,1108,1,3:08
2024-25,1628378,Donovan Mitchell,Donovan,1610612739,CLE,Cleveland Cavaliers,0022400797,2025-02-21T00:00:00,CLE vs. NYK,W,26.141666666666666,13.8,20.7,0.667,6.9,9.6,0.714,2.8,4.1,0.667,0.0,4.1,4.1,6.9,1.4,1.4,1.4,0.0,2.8,2.8,37.2,30.3,59.4,0,0,60.6,1,1,13086,1,11053,770,2539,3281,802,3927,1861,8450,7565,9425,14058,13328,17001,4158,13419,9030,5326,8846,11823,10131,679,1932,1273,2246,150,772,1,26:09
2024-25,1630595,Cade Cunningham,Cade,1610612765,DET,Detroit Pistons,0022400802,2025-02-21T00:00:00,DET @ SAS,W,30.433333333333334,11.8,17.7,0.667,2.4,5.9,0.4,3.5,4.7,0.75,1.2,0.0,1.2,14.2,8.3,2.4,0.0,0.0,3.5,3.5,29.6,30.8,51.1,1,0,52.0,1,1,13086,1,7377,1634,4960,3281,8608,10904,7874,6603,6425,8186,11909,22137,22968,372,539,4808,8263,8846,8607,7532,2249,1867,2963,1,150,2026,1,30:26
2024-25,1642259,Alex Sarr,Alex,1610612764,WAS,Washington Wizards,0022400799,2025-02-21T00:00:00,WAS vs. MIL,L,25.933333333333334,11.1,26.4,0.421,5.6,13.9,0.4,2.8,8.3,0.333,1.4,8.3,9.7,1.4,2.8,2.8,1.4,1.4,5.6,5.6,30.5,-4.2,54.0,0,0,55.5,1,13222,1,13222,11215,2185,579,14442,1697,961,7874,8397,2306,13132,10805,4243,5777,18382,7303,3742,5278,5224,3625,3263,1916,15160,2201,2246,150,1386,1,25:56
2024-25,1631114,Jalen Williams,Jalen,1610612760,OKC,Oklahoma City Thunder,0022400804,2025-02-21T00:00:00,OKC @ UTA,W,28.35,7.6,17.8,0.429,5.1,8.9,0.571,2.5,2.5,1.0,2.5,8.9,11.4,5.1,2.5,2.5,1.3,0.0,1.3,1.3,22.9,16.5,53.1,0,0,52.1,1,1,13086,1,9255,7463,4926,13735,2183,4977,3506,8935,11103,1,6497,3614,4029,7294,8080,4276,5799,8846,18170,16031,5583,5066,2426,2246,150,2025,1,28:21
2024-25,1631105,Jalen Duren,Jalen,1610612765,DET,Detroit Pistons,0022400802,2025-02-21T00:00:00,DET @ SAS,W,26.75,13.5,18.8,0.714,0.0,0.0,0.0,1.3,1.3,1.0,6.7,13.5,20.2,6.7,1.3,1.3,1.3,1.3,2.7,5.4,28.3,28.3,69.3,1,0,60.6,1,1,13086,1,10526,858,3890,2752,15070,20945,15070,12185,13669,1,1266,885,499,4392,13595,9209,5463,5416,12075,3502,2684,2214,460,1,150,776,1,26:45
2024-25,1628995,Kevin Knox II,Kevin,1610612744,GSW,Golden State Warriors,0022400805,2025-02-21T00:00:00,GSW @ SAC,W,2.95,24.4,36.6,0.667,12.2,12.2,1.0,0.0,0.0,0.0,12.2,0.0,12.2,0.0,0.0,0.0,0.0,0.0,0.0,0.0,61.0,24.4,75.7,0,0,85.4,1,1,13086,1,25007,74,114,3281,128,1665,1,13505,14344,13505,233,22137,3346,19908,16469,12854,8263,8846,20257,17725,81,2945,279,2246,150,116,1,2:57
2024-25,1641711,Gradey Dick,Gradey,1610612761,TOR,Toronto Raptors,0022400800,2025-02-21T00:00:00,TOR vs. MIA,L,34.42,2.1,7.3,0.286,2.1,5.2,0.4,3.1,4.2,0.75,4.2,6.3,10.5,1.0,4.2,3.1,0.0,0.0,4.2,3.1,9.4,-5.2,28.8,0,0,29.3,1,13222,1,13222,3912,21248,21182,19630,9726,12642,7874,7460,7443,8186,3323,7744,4956,19541,3532,2863,8263,8846,6597,8767,18715,15710,15669,2246,150,14487,1,34:25
2024-25,1631255,Karlo Matković,Karlo,1610612740,NOP,New Orleans Pelicans,0022400803,2025-02-21T00:00:00,NOP @ DAL,L,21.033333333333335,5.1,10.3,0.5,0.0,3.4,0.0,5.1,5.1,1.0,3.4,5.1,8.6,1.7,3.4,0.0,1.7,0.0,6.8,3.4,15.4,1.7,30.0,0,0,29.1,1,13222,1,13222,15267,13995,16616,8526,15070,16825,15070,3846,5704,1,4496,10467,7381,17331,5178,12854,4266,8846,2107,7885,12513,11786,14832,2246,150,14626,1,21:02
2024-25,1631115,Orlando Robinson,Orlando,1610612761,TOR,Toronto Raptors,0022400800,2025-02-21T00:00:00,TOR vs. MIA,L,30.903333333333332,4.7,9.3,0.5,1.2,3.5,0.333,0.0,0.0,0.0,3.5,2.3,5.8,4.7,2.3,0.0,0.0,0.0,3.5,1.2,10.5,2.3,22.1,0,0,22.1,1,13222,1,13222,6959,15340,18246,8526,13565,16665,9209,13505,14344,13505,4384,18682,12713,8280,8948,12854,8263,8846,8766,16577,17678,11452,20057,2246,150,19598,1,30:54
2024-25,1641783,Tristan da Silva,Tristan,1610612753,ORL,Orlando Magic,0022400798,2025-02-21T00:00:00,ORL vs. MEM,L,17.166666666666668,6.3,14.7,0.429,2.1,4.2,0.5,2.1,4.2,0.5,0.0,4.2,4.2,6.3,0.0,0.0,0.0,0.0,0.0,2.1,16.8,-2.1,31.2,0,0,29.4,1,13222,1,13222,18157,10746,9086,13735,9696,15133,3944,10301,7422,10625,14058,13134,16827,5040,16469,12854,8263,8846,20257,12622,11100,14099,13867,2246,150,14444,1,17:10
2024-25,1630611,Gui Santos,Gui,1610612744,GSW,Golden State Warriors,0022400805,2025-02-21T00:00:00,GSW @ SAC,W,12.693333333333333,0.0,8.5,0.0,0.0,5.7,0.0,0.0,0.0,0.0,2.8,5.7,8.5,8.5,2.8,2.8,0.0,0.0,11.3,0.0,0.0,11.3,28.6,0,0,22.7,1,1,13086,1,20903,22635,19478,22635,15070,11520,15070,13505,14344,13505,5766,9116,7456,2416,7085,3583,8263,8846,493,17725,23200,7077,15768,2246,150,19220,1,12:42
2024-25,203482,Kelly Olynyk,Kelly,1610612740,NOP,New Orleans Pelicans,0022400803,2025-02-21T00:00:00,NOP @ DAL,L,23.5,3.1,9.2,0.333,0.0,3.1,0.0,0.0,0.0,0.0,0.0,4.6,4.6,4.6,1.5,0.0,0.0,0.0,4.6,1.5,6.1,16.9,17.0,0,0,15.3,1,13222,1,13222,13305,19290,18419,17395,15070,17528,15070,13505,14344,13505,14058,11992,15818,8423,12607,12854,8263,8846,5548,14870,21300,4957,22483,2246,150,22942,1,23:30
2024-25,1642359,Pacôme Dadiet,Pacôme,1610612752,NYK,New York Knicks,0022400797,2025-02-21T00:00:00,NYK @ CLE,L,12.0,9.0,21.0,0.429,3.0,9.0,0.333,0.0,3.0,0.0,0.0,3.0,3.0,0.0,3.0,6.0,0.0,0.0,0.0,3.0,21.0,-18.0,39.6,0,0,39.0,1,13222,1,13222,21228,4700,2332,13735,6500,4827,9209,13505,9972,13505,14058,16717,19729,19908,6468,465,8263,8846,20257,9236,7080,20931,8015,2246,150,7377,1,12:00
2024-25,1630231,KJ Martin,KJ,1610612762,UTA,Utah Jazz,0022400804,2025-02-21T00:00:00,UTA vs. OKC,L,15.666666666666666,2.3,6.9,0.333,0.0,4.6,0.0,0.0,0.0,0.0,0.0,0.0,0.0,0.0,2.3,2.3,2.3,0.0,2.3,0.0,4.6,-41.4,16.1,0,0,13.8,1,13222,1,13222,19151,20854,21683,17395,15070,14200,15070,13505,14344,13505,14058,22137,23286,19908,9080,5046,2750,8846,13658,17725,22234,24931,22821,2246,150,23480,1,15:40
2024-25,1630574,Ariel Hukporti,Ariel,1610612752,NYK,New York Knicks,0022400797,2025-02-21T00:00:00,NYK @ CLE,L,19.233333333333334,3.7,3.7,1.0,0.0,0.0,0.0,0.0,3.7,0.0,1.9,1.9,3.7,5.6,3.7,1.9,1.9,0.0,7.5,3.7,7.5,-29.9,27.9,0,0,24.3,1,13222,1,13222,16641,17725,24213,1,15070,20945,15070,13505,8385,13505,8940,20038,17948,6223,4449,6910,3853,8846,1651,7001,20329,23728,16308,2246,150,18117,1,19:14
2024-25,1628991,Jaren Jackson Jr.,Jaren,1610612763,MEM,Memphis Grizzlies,0022400798,2025-02-21T00:00:00,MEM @ ORL,W,26.886666666666667,4.0,17.4,0.231,0.0,8.0,0.0,13.4,14.7,0.909,0.0,5.4,5.4,1.3,0.0,1.3,4.0,2.7,5.4,9.4,21.4,-13.4,45.9,0,0,38.8,1,1,13086,1,10434,17052,5351,21157,15070,6399,15070,245,373,6764,14058,9884,13904,18537,16469,9249,909,1776,3919,552,6711,19265,4770,2246,150,7498,1,26:53
2024-25,1630578,Alperen Sengun,Alperen,1610612745,HOU,Houston Rockets,0022400801,2025-02-21T00:00:00,HOU vs. MIN,W,35.876666666666665,8.0,21.1,0.381,0.0,2.0,0.0,8.0,10.0,0.8,5.0,8.0,13.0,2.0,8.0,0.0,0.0,2.0,4.0,8.0,24.1,10.0,34.7,1,0,39.1,1,1,13086,1,2775,6579,2298,16250,15070,19546,15070,1403,1353,7681,2367,4667,2780,16349,580,12854,8263,3209,7102,998,4742,7685,11272,1,150,7303,1,35:53
2024-25,1629631,De'Andre Hunter,De'Andre,1610612739,CLE,Cleveland Cavaliers,0022400797,2025-02-21T00:00:00,CLE vs. NYK,W,19.216666666666665,11.2,13.1,0.857,7.5,7.5,1.0,0.0,0.0,0.0,0.0,0.0,0.0,1.9,1.9,0.0,0.0,0.0,3.7,1.9,30.0,24.4,30.9,0,0,39.3,1,1,13086,1,16650,2063,11651,1412,594,7424,1,13505,14344,13505,14058,22137,23286,16842,11193,12854,8263,8846,7921,13621,2094,2955,14120,2246,150,7168,1,19:13
2024-25,1630183,Jaden McDaniels,Jaden,1610612750,MIN,Minnesota Timberwolves,0022400801,2025-02-21T00:00:00,MIN @ HOU,L,41.82,6.0,12.9,0.467,0.9,6.0,0.143,5.2,6.0,0.857,0.0,5.2,5.2,2.6,1.7,1.7,0.9,0.0,2.6,6.0,18.1,2.6,34.2,0,0,31.9,1,13222,1,13222,266,11436,12015,12249,15024,10630,14649,3801,4433,7071,14058,10382,14363,14276,11841,7540,8174,8846,12487,2583,9760,11324,11667,2246,150,12497,1,41:49
2024-25,1631108,Max Christie,Max,1610612742,DAL,Dallas Mavericks,0022400803,2025-02-21T00:00:00,DAL vs. NOP,W,31.816666666666666,6.8,7.9,0.857,2.3,3.4,0.667,2.3,2.3,1.0,1.1,3.4,4.5,2.3,2.3,1.1,0.0,0.0,2.3,1.1,18.1,27.2,28.1,0,0,29.4,1,1,13086,1,6140,9446,20385,1412,8996,16873,1957,9743,11892,1,12248,15537,15982,15374,9249,10752,8263,8846,13807,16757,9731,2396,16177,2246,150,14386,1,31:49
2024-25,1631165,Keon Ellis,Keon,1610612758,SAC,Sacramento Kings,0022400805,2025-02-21T00:00:00,SAC vs. GSW,L,23.686666666666667,0.0,9.1,0.0,0.0,6.1,0.0,3.0,3.0,1.0,3.0,0.0,3.0,1.5,1.5,1.5,1.5,1.5,3.0,3.0,3.0,-27.4,16.6,0,0,13.7,1,13222,1,13222,13159,22635,18525,22635,15070,10494,15070,7694,9877,1,5248,22137,19607,17904,12662,8327,4780,4695,10540,9099,22945,23313,22635,2246,150,23509,1,23:41
2024-25,1628969,Mikal Bridges,Mikal,1610612752,NYK,New York Knicks,0022400797,2025-02-21T00:00:00,NYK @ CLE,L,29.2,7.4,16.0,0.462,2.5,6.2,0.4,0.0,0.0,0.0,1.2,0.0,1.2,6.2,1.2,1.2,0.0,0.0,1.2,0.0,17.3,-27.1,30.5,0,0,29.6,1,13222,1,13222,8496,8013,7076,12428,8265,10284,7874,13505,14344,13505,11587,22137,22900,5228,14211,9920,8263,8846,18364,17725,10567,23266,14455,2246,150,14247,1,29:12
2024-25,1629652,Luguentz Dort,Luguentz,1610612760,OKC,Oklahoma City Thunder,0022400804,2025-02-21T00:00:00,OKC @ UTA,W,26.183333333333334,4.1,11.0,0.375,0.0,5.5,0.0,0.0,0.0,0.0,0.0,2.7,2.7,1.4,0.0,1.4,0.0,0.0,5.5,1.4,8.2,22.0,17.7,0,0,15.1,1,1,13086,1,11021,16786,15355,16299,15070,11944,15070,13505,14344,13505,14058,17559,20356,18419,16469,9039,8263,8846,3701,15548,19701,3456,22205,2246,150,23018,1,26:11
2024-25,1629731,Dean Wade,Dean,1610612739,CLE,Cleveland Cavaliers,0022400797,2025-02-21T00:00:00,CLE vs. NYK,W,14.75,2.4,4.9,0.5,0.0,2.4,0.0,0.0,0.0,0.0,0.0,4.9,4.9,4.9,2.4,0.0,0.0,0.0,4.9,0.0,4.9,26.8,15.6,0,0,14.6,1,1,13086,1,19733,20573,23550,8526,15070,18731,15070,13505,14344,13505,14058,11203,15106,7731,8487,12854,8263,8846,4874,17725,22076,2458,22987,2246,150,23196,1,14:45
2024-25,1626166,Cameron Payne,Cameron,1610612752,NYK,New York Knicks,0022400797,2025-02-21T00:00:00,NYK @ CLE,L,16.0,2.3,15.8,0.143,2.3,6.8,0.333,4.5,4.5,1.0,0.0,0.0,0.0,9.0,0.0,0.0,0.0,0.0,0.0,2.3,11.3,-38.3,24.8,0,0,22.5,1,13222,1,13222,18929,20947,7476,22260,9044,9015,9209,4838,6840,1,14058,22137,23286,2013,16469,12854,8263,8846,20257,11936,16948,24721,18455,2246,150,19354,1,16:00
2024-25,1628392,Isaiah Hartenstein,Isaiah,1610612760,OKC,Oklahoma City Thunder,0022400804,2025-02-21T00:00:00,OKC @ UTA,W,25.016666666666666,5.8,14.4,0.4,0.0,0.0,0.0,0.0,0.0,0.0,5.8,13.0,18.7,5.8,1.4,0.0,1.4,0.0,4.3,0.0,11.5,14.4,45.5,0,0,38.9,1,1,13086,1,11990,12249,9551,14933,15070,20945,15070,13505,14344,13505,1772,1029,754,5938,13062,12854,5077,8846,6224,17725,16658,5864,4953,2246,150,7480,1,25:01
2024-25,1626192,Pat Connaughton,Pat,1610612749,MIL,Milwaukee Bucks,0022400799,2025-02-21T00:00:00,MIL @ WAS,W,10.9,6.6,9.9,0.667,0.0,0.0,0.0,0.0,0.0,0.0,0.0,0.0,0.0,3.3,3.3,3.3,0.0,0.0,0.0,0.0,13.2,-6.6,24.8,0,0,23.1,1,1,13086,1,21753,9914,17220,3281,15070,20945,15070,13505,14344,13505,14058,22137,23286,11966,5498,2559,8263,8846,20257,17725,14858,16338,18438,2246,150,18917,1,10:54
2024-25,1642262,Cody Williams,Cody,1610612762,UTA,Utah Jazz,0022400804,2025-02-21T00:00:00,UTA vs. OKC,L,16.033333333333335,2.2,9.0,0.25,0.0,2.2,0.0,2.2,2.2,1.0,2.2,4.5,6.7,0.0,2.2,0.0,0.0,2.2,0.0,2.2,6.7,-4.5,12.6,0,0,13.5,1,13222,1,13222,18900,20955,18755,20233,15070,19089,15070,9795,11949,1,7436,12284,10664,19908,9325,12854,8263,2563,20257,11960,20898,15320,23879,2246,150,23563,1,16:02
2024-25,1629639,Tyler Herro,Tyler,1610612748,MIA,Miami Heat,0022400800,2025-02-21T00:00:00,MIA @ TOR,W,40.03333333333333,9.0,16.2,0.556,3.6,8.1,0.444,3.6,3.6,1.0,0.0,2.7,2.7,6.3,2.7,0.0,0.9,0.0,0.0,2.7,25.2,11.7,37.9,0,0,39.6,1,1,13086,1,553,4723,6850,7248,4932,6300,7211,6492,8692,1,14058,17708,20453,5031,7542,12854,8088,8846,20257,10322,4142,6935,9118,2246,150,7032,1,40:02
2024-25,1631106,Tari Eason,Tari,1610612745,HOU,Houston Rockets,0022400801,2025-02-21T00:00:00,HOU vs. MIN,W,26.80666666666667,6.7,13.4,0.5,0.0,1.3,0.0,2.7,2.7,1.0,2.7,1.3,4.0,1.3,2.7,1.3,2.7,2.7,6.7,1.3,16.1,6.7,32.4,0,0,29.5,1,1,13086,1,10487,9653,11109,8526,15070,20447,15070,8609,10783,1,6137,21203,17253,18529,7574,9230,2101,1764,2204,15713,11804,9283,13037,2246,150,14291,1,26:48
2024-25,1631117,Walker Kessler,Walker,1610612762,UTA,Utah Jazz,0022400804,2025-02-21T00:00:00,UTA vs. OKC,L,31.633333333333333,2.3,4.6,0.5,0.0,0.0,0.0,0.0,2.3,0.0,6.8,14.8,21.6,1.1,2.3,1.1,1.1,2.3,3.4,2.3,4.6,-21.6,36.8,0,0,31.9,1,13222,1,13222,6299,20891,23772,8526,15070,20945,15070,13505,11851,13505,1212,607,357,19233,9179,10696,6550,2485,9022,11834,22262,21997,9861,2246,150,12482,1,31:38
2024-25,1628389,Bam Adebayo,Bam,1610612748,MIA,Miami Heat,0022400800,2025-02-21T00:00:00,MIA @ TOR,W,37.266666666666666,7.7,12.6,0.615,0.0,1.0,0.0,2.9,3.9,0.75,2.9,8.7,11.6,1.0,0.0,0.0,0.0,1.0,3.9,4.8,18.4,2.9,33.7,1,0,30.9,1,1,13086,1,1815,7200,12641,5246,15070,20889,15070,8098,8106,8186,5599,3846,3853,19779,16469,12854,8263,8216,7566,4435,9465,11175,12034,1,150,13240,1,37:16
2024-25,1642347,Jamal Shead,Jamal,1610612761,TOR,Toronto Raptors,0022400800,2025-02-21T00:00:00,TOR vs. MIA,L,17.65,6.1,16.3,0.375,2.0,6.1,0.333,4.1,4.1,1.0,0.0,4.1,4.1,10.2,2.0,2.0,0.0,2.0,8.2,4.1,18.4,8.2,42.6,0,0,38.8,1,13222,1,13222,17819,11164,6651,16299,9963,10388,9209,5559,7670,1,14058,13480,17119,1338,10300,6057,8263,3095,1297,6094,9458,8545,6293,2246,150,7552,1,17:39
2024-25,203468,CJ McCollum,CJ,1610612740,NOP,New Orleans Pelicans,0022400803,2025-02-21T00:00:00,NOP @ DAL,L,30.3,7.1,19.0,0.375,2.4,9.5,0.25,2.4,4.8,0.5,0.0,7.1,7.1,5.9,2.4,1.2,1.2,0.0,4.8,4.8,19.0,-13.1,41.2,0,0,39.2,1,13222,1,13222,7493,8628,3751,16299,8561,4102,11902,9395,6392,10625,14058,6120,9893,5603,8743,10283,6251,8846,5173,4608,8849,19150,7035,2246,150,7267,1,30:18
2024-25,1642267,Bub Carrington,Bub,1610612764,WAS,Washington Wizards,0022400799,2025-02-21T00:00:00,WAS vs. MIL,L,23.466666666666665,4.6,10.7,0.429,0.0,3.1,0.0,3.1,3.1,1.0,0.0,4.6,4.6,3.1,0.0,1.5,0.0,0.0,1.5,4.6,12.3,-4.6,27.0,0,0,23.0,1,13222,1,13222,13330,15493,15815,13735,15070,17517,15070,7625,9801,1,14058,11978,15804,12694,16469,8261,8263,8846,17100,4938,15850,15370,16932,2246,150,19014,1,23:28
2024-25,1642266,Ja'Kobe Walter,Ja'Kobe,1610612761,TOR,Toronto Raptors,0022400800,2025-02-21T00:00:00,TOR vs. MIA,L,17.283333333333335,6.2,10.4,0.6,4.2,6.2,0.667,0.0,0.0,0.0,2.1,6.2,8.3,0.0,2.1,0.0,0.0,0.0,2.1,2.1,16.7,-4.2,24.6,0,0,29.2,1,13222,1,13222,18086,10849,16361,5394,3643,10079,1957,13505,14344,13505,8017,7791,7719,19908,10083,12854,8263,8846,14685,12691,11208,15161,18555,2246,150,14576,1,17:17
2024-25,1630191,Isaiah Stewart,Isaiah,1610612765,DET,Detroit Pistons,0022400802,2025-02-21T00:00:00,DET @ SAS,W,18.616666666666667,3.9,5.8,0.667,0.0,0.0,0.0,1.9,3.9,0.5,5.8,9.7,15.5,1.9,0.0,0.0,5.8,0.0,0.0,1.9,9.7,-5.8,48.5,0,0,38.7,1,1,13086,1,17095,17412,22811,3281,15070,20945,15070,10851,8098,10625,1743,2850,1583,16627,16469,12854,344,8846,20257,13391,18471,15970,3793,2246,150,7607,1,18:37
2024-25,1641764,Brandin Podziemski,Brandin,1610612744,GSW,Golden State Warriors,0022400805,2025-02-21T00:00:00,GSW @ SAC,W,30.116666666666667,10.8,23.9,0.45,2.4,10.8,0.222,1.2,1.2,1.0,0.0,3.6,3.6,6.0,1.2,1.2,0.0,0.0,2.4,3.6,25.1,25.1,40.8,0,0,39.4,1,1,13086,1,7664,2443,1087,12982,8518,2713,13288,12610,13892,1,14058,14966,18352,5538,14476,10214,8263,8846,13263,7433,4169,2790,7301,2246,150,7103,1,30:07
2024-25,1641717,Cason Wallace,Cason,1610612760,OKC,Oklahoma City Thunder,0022400804,2025-02-21T00:00:00,OKC @ UTA,W,22.183333333333334,6.5,9.7,0.667,3.2,6.5,0.5,0.0,0.0,0.0,3.2,1.6,4.9,8.1,0.0,3.2,0.0,0.0,1.6,0.0,16.2,19.5,44.0,0,0,38.9,1,1,13086,1,14357,10210,17498,3281,5832,9565,3944,13505,14344,13505,4856,20625,15139,2773,16469,2654,8263,8846,16802,17725,11687,4116,5685,2246,150,7412,1,22:11
2024-25,203914,Gary Harris,Gary,1610612753,ORL,Orlando Magic,0022400798,2025-02-21T00:00:00,ORL vs. MEM,L,12.816666666666666,5.6,5.6,1.0,2.8,2.8,1.0,5.6,5.6,1.0,0.0,2.8,2.8,0.0,2.8,2.8,0.0,0.0,8.4,2.8,19.7,-22.5,28.7,0,0,30.9,1,13222,1,13222,20831,12656,22981,1,7185,18041,1,3299,5025,1,14058,17369,20228,19908,7181,3663,8263,8846,1173,9936,8193,22215,15767,2246,150,13250,1,12:49
2024-25,1631110,Jeremy Sochan,Jeremy,1610612759,SAS,San Antonio Spurs,0022400802,2025-02-21T00:00:00,SAS vs. DET,L,28.031666666666666,3.9,9.0,0.429,2.6,6.4,0.4,0.0,0.0,0.0,1.3,2.6,3.9,3.9,0.0,1.3,0.0,1.3,3.9,0.0,10.3,-25.7,24.5,0,0,23.1,1,13222,1,13222,9529,17442,18741,13735,7921,9709,7874,13505,14344,13505,11269,18011,17700,10361,16469,9546,8263,5731,7594,17725,17878,22955,18588,2246,150,18920,1,28:02
2024-25,1629013,Landry Shamet,Landry,1610612752,NYK,New York Knicks,0022400797,2025-02-21T00:00:00,NYK @ CLE,L,18.8,1.9,3.8,0.5,0.0,1.9,0.0,0.0,0.0,0.0,0.0,3.8,3.8,0.0,1.9,0.0,0.0,0.0,1.9,0.0,3.8,-28.7,6.5,0,0,7.7,1,13222,1,13222,16965,21558,24174,8526,15070,19710,15070,13505,14344,13505,14058,14233,17750,19908,10967,12854,8263,8846,15593,17725,22640,23540,24862,2246,150,24814,1,18:48
2024-25,1628415,Dillon Brooks,Dillon,1610612745,HOU,Houston Rockets,0022400801,2025-02-21T00:00:00,HOU vs. MIN,W,30.35,3.6,5.9,0.6,2.4,3.6,0.667,0.0,1.2,0.0,0.0,7.1,7.1,2.4,0.0,1.2,0.0,0.0,4.7,1.2,9.5,2.4,25.1,0,0,23.7,1,1,13086,1,7456,18178,22678,5394,8585,16533,1957,13505,13912,13505,14058,6143,9922,14975,16469,10298,8263,8846,5189,16475,18649,11426,18179,2246,150,18524,1,30:21
2024-25,1630171,Isaac Okoro,Isaac,1610612739,CLE,Cleveland Cavaliers,0022400797,2025-02-21T00:00:00,CLE vs. NYK,W,18.416666666666668,5.9,11.7,0.5,0.0,3.9,0.0,0.0,0.0,0.0,2.0,7.8,9.8,2.0,2.0,0.0,0.0,0.0,2.0,0.0,11.7,19.5,24.4,0,0,23.5,1,1,13086,1,17266,11906,14061,8526,15070,15765,15070,13505,14344,13505,8596,4979,5712,16543,10755,12854,8263,8846,15381,17725,16416,4093,18663,2246,150,18696,1,18:25
2024-25,1631222,Jake LaRavia,Jake,1610612758,SAC,Sacramento Kings,0022400805,2025-02-21T00:00:00,SAC vs. GSW,L,16.016666666666666,0.0,11.2,0.0,0.0,4.5,0.0,0.0,0.0,0.0,6.7,2.2,9.0,0.0,4.5,4.5,0.0,0.0,0.0,0.0,0.0,-40.5,19.8,0,0,18.0,1,13222,1,13222,18915,22635,14961,22635,15070,14436,15070,13505,14344,13505,1255,18926,6762,19908,3005,1227,8263,8846,20257,17725,23200,24876,21272,2246,150,21878,1,16:01
2024-25,1641810,Antonio Reeves,Antonio,1610612740,NOP,New Orleans Pelicans,0022400803,2025-02-21T00:00:00,NOP @ DAL,L,4.45,0.0,0.0,0.0,0.0,0.0,0.0,0.0,0.0,0.0,0.0,0.0,0.0,8.1,8.1,0.0,0.0,0.0,0.0,0.0,0.0,16.2,4.0,0,0,8.1,1,13222,1,13222,24257,22635,24836,22635,15070,20945,15070,13505,14344,13505,14058,22137,23286,2792,569,12854,8263,8846,20257,17725,23200,5194,25078,2246,150,24754,1,4:27
2024-25,1641731,Bilal Coulibaly,Bilal,1610612764,WAS,Washington Wizards,0022400799,2025-02-21T00:00:00,WAS vs. MIL,L,30.766666666666666,3.5,8.2,0.429,0.0,3.5,0.0,1.2,1.2,1.0,3.5,2.3,5.9,4.7,1.2,0.0,0.0,0.0,3.5,2.3,8.2,1.2,21.1,0,0,18.7,1,13222,1,13222,7073,18306,19957,13735,15070,16637,15070,12699,13938,1,4363,18656,12631,8232,14660,12854,8263,8846,8717,11586,19757,12036,20650,2246,150,21527,1,30:46
2024-25,1642377,Jaylen Wells,Jaylen,1610612763,MEM,Memphis Grizzlies,0022400798,2025-02-21T00:00:00,MEM @ ORL,W,16.683333333333334,6.5,15.1,0.429,0.0,8.6,0.0,2.2,4.3,0.5,2.2,4.3,6.5,2.2,0.0,0.0,0.0,0.0,0.0,4.3,15.1,-21.6,26.1,0,0,23.7,1,1,13086,1,18477,10251,8412,13735,15070,5372,15070,10089,7175,10625,7726,12753,11231,15775,16469,12854,8263,8846,20257,5543,12799,21986,17554,2246,150,18500,1,16:41
2024-25,1630173,Precious Achiuwa,Precious,1610612752,NYK,New York Knicks,0022400797,2025-02-21T00:00:00,NYK @ CLE,L,27.583333333333332,3.9,13.1,0.3,0.0,0.0,0.0,1.3,2.6,0.5,6.5,6.5,13.1,1.3,1.3,0.0,0.0,1.3,1.3,1.3,9.1,-32.6,25.5,0,0,23.5,1,13222,1,13222,9888,17283,11771,19363,15070,20945,15070,12286,10952,10625,1362,7246,2769,18640,13778,12854,8263,5624,18009,15886,18955,24117,17962,2246,150,18678,1,27:35
2024-25,1630534,Ochai Agbaji,Ochai,1610612761,TOR,Toronto Raptors,0022400800,2025-02-21T00:00:00,TOR vs. MIA,L,17.763333333333332,2.0,8.1,0.25,0.0,4.1,0.0,0.0,0.0,0.0,2.0,4.1,6.1,4.1,4.1,2.0,0.0,0.0,0.0,0.0,4.1,4.1,19.5,0,0,18.2,1,13222,1,13222,17739,21354,20075,20233,15070,15470,15070,13505,14344,13505,8270,13564,12098,9794,3775,6130,8263,8846,20257,17725,22529,10615,21429,2246,150,21749,1,17:46
2024-25,1628386,Jarrett Allen,Jarrett,1610612739,CLE,Cleveland Cavaliers,0022400797,2025-02-21T00:00:00,CLE vs. NYK,W,19.7,9.1,11.0,0.833,0.0,0.0,0.0,0.0,0.0,0.0,1.8,3.7,5.5,0.0,0.0,0.0,0.0,1.8,0.0,1.8,18.3,36.5,24.9,0,0,23.8,1,1,13086,1,16262,4470,15414,1514,15070,20945,15070,13505,14344,13505,9138,14772,13581,19908,16469,12854,8263,3808,20257,13818,9552,1244,18388,2246,150,18491,1,19:42
2024-25,1642505,Alex Ducas,Alex,1610612760,OKC,Oklahoma City Thunder,0022400804,2025-02-21T00:00:00,OKC @ UTA,W,2.7,0.0,0.0,0.0,0.0,0.0,0.0,0.0,0.0,0.0,0.0,0.0,0.0,0.0,0.0,0.0,0.0,0.0,0.0,0.0,0.0,13.3,0.0,0,0,0.0,1,1,13086,1,25126,22635,24836,22635,15070,20945,15070,13505,14344,13505,14058,22137,23286,19908,16469,12854,8263,8846,20257,17725,23200,6244,25228,2246,150,25259,1,2:42
2024-25,1641710,Anthony Black,Anthony,1610612753,ORL,Orlando Magic,0022400798,2025-02-21T00:00:00,ORL vs. MEM,L,15.25,0.0,7.1,0.0,0.0,2.4,0.0,0.0,4.7,0.0,2.4,11.8,14.2,4.7,2.4,0.0,0.0,2.4,2.4,2.4,0.0,-11.8,21.7,0,0,18.9,1,13222,1,13222,19408,22635,21464,22635,15070,18881,15070,13505,6441,13505,7047,1465,2162,8129,8812,12854,8263,2308,13391,11494,23200,18663,20309,2246,150,21437,1,15:15
2024-25,1630256,Jae'Sean Tate,Jae'Sean,1610612745,HOU,Houston Rockets,0022400801,2025-02-21T00:00:00,HOU vs. MIN,W,7.008333333333334,0.0,0.0,0.0,0.0,0.0,0.0,0.0,0.0,0.0,0.0,5.1,5.1,0.0,5.1,0.0,0.0,0.0,5.1,0.0,0.0,-25.7,1.0,0,0,5.1,1,1,13086,1,23168,22635,24836,22635,15070,20945,15070,13505,14344,13505,14058,10458,14428,19908,2189,12854,8263,8846,4304,17725,23200,22954,25208,2246,150,25092,1,7:01
2024-25,203937,Kyle Anderson,Kyle,1610612748,MIA,Miami Heat,0022400800,2025-02-21T00:00:00,MIA @ TOR,W,10.583333333333334,3.4,13.6,0.25,0.0,3.4,0.0,0.0,0.0,0.0,3.4,3.4,6.8,10.2,3.4,0.0,0.0,3.4,6.8,0.0,6.8,13.6,26.9,0,0,23.8,1,1,13086,1,21879,18541,10820,20233,15070,16862,15070,13505,14344,13505,4537,15517,10523,1334,5227,12854,8263,992,2144,17725,20862,6161,17041,2246,150,18459,1,10:35
2024-25,1641748,Andre Jackson Jr.,Andre,1610612749,MIL,Milwaukee Bucks,0022400799,2025-02-21T00:00:00,MIL @ WAS,W,2.975,0.0,12.1,0.0,0.0,0.0,0.0,0.0,0.0,0.0,0.0,0.0,0.0,0.0,0.0,0.0,0.0,0.0,0.0,0.0,0.0,-12.1,0.0,0,0,0.0,1,1,13086,1,25003,22635,13413,22635,15070,20945,15070,13505,14344,13505,14058,22137,23286,19908,16469,12854,8263,8846,20257,17725,23200,18773,25228,2246,150,25259,1,2:59
2024-25,1630567,Scottie Barnes,Scottie,1610612761,TOR,Toronto Raptors,0022400800,2025-02-21T00:00:00,TOR vs. MIA,L,37.95,3.8,11.4,0.333,0.9,4.7,0.2,3.8,3.8,1.0,0.0,5.7,5.7,2.8,0.9,0.0,0.9,0.0,0.0,1.9,12.3,-23.7,25.3,0,0,23.7,1,13222,1,13222,1413,17586,14692,17395,14799,13860,13429,6094,8267,1,14058,9067,13043,13455,16157,12854,7839,8846,20257,13531,15782,22503,18055,2246,150,18529,1,37:57
2024-25,1626168,Trey Lyles,Trey,1610612758,SAC,Sacramento Kings,0022400805,2025-02-21T00:00:00,SAC vs. GSW,L,8.456666666666667,0.0,0.0,0.0,0.0,0.0,0.0,0.0,0.0,0.0,0.0,8.5,8.5,0.0,8.5,0.0,0.0,0.0,4.3,4.3,0.0,-34.1,1.7,0,0,8.5,1,13222,1,13222,22642,22635,24836,22635,15070,20945,15070,13505,14344,13505,14058,4041,7453,19908,503,12854,8263,8846,6411,5711,23200,24312,25178,2246,150,24682,1,8:27
2024-25,202692,Alec Burks,Alec,1610612748,MIA,Miami Heat,0022400800,2025-02-21T00:00:00,MIA @ TOR,W,6.3,0.0,0.0,0.0,0.0,0.0,0.0,0.0,0.0,0.0,0.0,5.7,5.7,0.0,0.0,0.0,0.0,0.0,0.0,0.0,0.0,0.0,6.9,0,0,5.7,1,1,13086,1,23456,22635,24836,22635,15070,20945,15070,13505,14344,13505,14058,9007,12975,19908,16469,12854,8263,8846,20257,17725,23200,12240,24834,2246,150,25037,1,6:18
2024-25,1630545,Terrence Shannon Jr.,Terrence,1610612750,MIN,Minnesota Timberwolves,0022400801,2025-02-21T00:00:00,MIN @ HOU,L,19.016666666666666,5.7,13.3,0.429,0.0,1.9,0.0,0.0,0.0,0.0,1.9,3.8,5.7,3.8,1.9,1.9,0.0,1.9,1.9,0.0,11.4,18.9,27.6,0,0,24.6,1,13222,1,13222,16808,12482,11383,13735,15070,19753,15070,13505,14344,13505,8848,14369,13081,10542,11081,6799,8263,3575,15725,17725,16838,4282,16467,2246,150,17942,1,19:01
2024-25,1641708,Amen Thompson,Amen,1610612745,HOU,Houston Rockets,0022400801,2025-02-21T00:00:00,HOU vs. MIN,W,39.766666666666666,6.3,8.1,0.778,0.0,0.0,0.0,2.7,2.7,1.0,1.8,7.2,9.1,5.4,0.0,0.9,2.7,0.9,2.7,3.6,15.4,4.5,45.3,1,0,37.1,1,1,13086,1,632,10597,20027,1994,15070,20945,15070,8536,10705,1,9204,5924,6657,6563,16469,12646,2059,8634,11974,7331,12531,10376,5058,1,150,8636,1,39:46
2024-25,1626179,Terry Rozier,Terry,1610612748,MIA,Miami Heat,0022400800,2025-02-21T00:00:00,MIA @ TOR,W,15.933333333333334,4.5,9.0,0.5,2.3,4.5,0.5,0.0,0.0,0.0,0.0,4.5,4.5,2.3,0.0,2.3,0.0,0.0,2.3,0.0,11.3,-4.5,26.9,0,0,24.9,1,1,13086,1,18975,15718,18660,8526,9016,14386,3944,13505,14344,13505,14058,12213,15999,15395,16469,5183,8263,8846,13824,17725,16895,15332,17033,2246,150,17790,1,15:56
2024-25,203501,Tim Hardaway Jr.,Tim,1610612765,DET,Detroit Pistons,0022400802,2025-02-21T00:00:00,DET @ SAS,W,24.466666666666665,4.4,13.2,0.333,4.4,11.8,0.375,0.0,0.0,0.0,0.0,1.5,1.5,2.9,0.0,0.0,1.5,0.0,0.0,1.5,13.2,30.9,23.8,0,0,25.0,1,1,13086,1,12511,16025,11410,17395,3211,1914,8800,13505,14344,13505,14058,20937,22606,13118,16469,12854,4957,8846,20257,15119,14822,1847,19070,2246,150,17668,1,24:28
2024-25,1631107,Nikola Jović,Nikola,1610612748,MIA,Miami Heat,0022400800,2025-02-21T00:00:00,MIA @ TOR,W,34.7,3.1,7.3,0.429,1.0,4.1,0.25,0.0,0.0,0.0,1.0,4.1,5.2,5.2,0.0,2.1,1.0,0.0,4.1,1.0,7.3,6.2,30.6,0,0,24.9,1,1,13086,1,3691,19169,21259,13735,14324,15233,11902,13505,14344,13505,12963,13270,14305,7056,16469,5891,7215,8846,6693,17232,20516,9502,14339,2246,150,17758,1,34:42
2024-25,1628365,Markelle Fultz,Markelle,1610612758,SAC,Sacramento Kings,0022400805,2025-02-21T00:00:00,SAC vs. GSW,L,9.6,15.0,18.8,0.8,0.0,0.0,0.0,0.0,0.0,0.0,0.0,0.0,0.0,3.8,11.3,0.0,0.0,0.0,0.0,0.0,30.0,-7.5,24.4,0,0,33.8,1,13222,1,13222,22243,494,3971,1688,15070,20945,15070,13505,14344,13505,14058,22137,23286,10646,238,12854,8263,8846,20257,17725,2081,16735,18693,2246,150,11030,1,9:36
2024-25,1629026,Kenrich Williams,Kenrich,1610612760,OKC,Oklahoma City Thunder,0022400804,2025-02-21T00:00:00,OKC @ UTA,W,9.795,7.4,11.0,0.667,7.4,11.0,0.667,0.0,0.0,0.0,3.7,0.0,3.7,0.0,3.7,0.0,0.0,0.0,7.4,0.0,22.1,3.7,22.8,0,0,33.1,1,1,13086,1,22176,8123,15317,3281,655,2461,1957,13505,14344,13505,4078,22137,18143,19908,4616,12854,8263,8846,1742,17725,6170,10826,19693,2246,150,11596,1,9:48
2024-25,1627936,Alex Caruso,Alex,1610612760,OKC,Oklahoma City Thunder,0022400804,2025-02-21T00:00:00,OKC @ UTA,W,17.7,6.1,8.1,0.75,4.1,4.1,1.0,0.0,0.0,0.0,0.0,6.1,6.1,12.2,2.0,4.1,0.0,0.0,2.0,0.0,16.3,22.4,52.1,0,0,46.8,1,1,13086,1,17779,11218,20038,2107,3854,15433,1,13505,14344,13505,14058,8095,12049,676,10335,1570,8263,8846,14948,17725,11639,3390,2689,2246,150,3558,1,17:42
2024-25,1630311,Pat Spencer,Pat,1610612744,GSW,Golden State Warriors,0022400805,2025-02-21T00:00:00,GSW @ SAC,W,2.95,0.0,12.2,0.0,0.0,0.0,0.0,0.0,0.0,0.0,0.0,0.0,0.0,24.4,0.0,0.0,0.0,0.0,12.2,12.2,0.0,24.4,36.6,0,0,24.4,1,1,13086,1,25007,22635,13258,22635,15070,20945,15070,13505,14344,13505,14058,22137,23286,43,16469,12854,8263,8846,403,188,23200,2945,9950,2246,150,18074,1,2:57
2024-25,1630577,Julian Champagnie,Julian,1610612759,SAS,San Antonio Spurs,0022400802,2025-02-21T00:00:00,SAS vs. DET,L,14.2,0.0,10.1,0.0,0.0,7.6,0.0,2.5,5.1,0.5,2.5,0.0,2.5,2.5,2.5,5.1,5.1,0.0,5.1,2.5,2.5,2.5,37.3,0,0,27.9,1,13222,1,13222,20077,22635,16838,22635,15070,7161,15070,8946,5798,10625,6510,22137,20736,14422,8097,857,498,8846,4446,10857,23067,11346,9486,2246,150,15508,1,14:12
2024-25,1629645,Kevin Porter Jr.,Kevin,1610612749,MIL,Milwaukee Bucks,0022400799,2025-02-21T00:00:00,MIL @ WAS,W,23.483333333333334,7.7,15.3,0.5,0.0,0.0,0.0,3.1,4.6,0.667,1.5,3.1,4.6,4.6,1.5,4.6,0.0,0.0,3.1,6.1,18.4,-7.7,43.1,0,0,36.8,1,1,13086,1,13320,7340,8058,8526,15070,20945,15070,7630,6660,9425,10181,16503,15810,8416,12601,1147,8263,8846,10406,2470,9424,16813,6103,2246,150,8853,1,23:29
2024-25,1630224,Jalen Green,Jalen,1610612745,HOU,Houston Rockets,0022400801,2025-02-21T00:00:00,HOU vs. MIN,W,39.235,11.0,22.0,0.5,4.6,10.1,0.455,5.5,8.3,0.667,0.0,4.6,4.6,3.7,3.7,1.8,0.0,0.9,0.0,4.6,32.1,16.5,45.0,0,0,48.6,1,1,13086,1,798,2254,1817,8526,2914,3390,7148,3411,2351,9425,14058,12018,15838,10879,4627,7100,8263,8571,20257,4973,1504,5062,5201,2246,150,2945,1,39:14
2024-25,1630557,Corey Kispert,Corey,1610612764,WAS,Washington Wizards,0022400799,2025-02-21T00:00:00,WAS vs. MIL,L,23.216666666666665,9.3,17.1,0.545,6.2,10.9,0.571,0.0,0.0,0.0,0.0,3.1,3.1,3.1,3.1,0.0,0.0,0.0,1.6,0.0,24.8,0.0,30.1,0,0,37.2,1,13222,1,13222,13533,4193,5736,7695,1163,2625,3506,13505,14344,13505,14058,16407,19475,12600,6122,12854,8263,8846,17041,17725,4304,12240,14740,2246,150,8576,1,23:13
2024-25,1627741,Buddy Hield,Buddy,1610612744,GSW,Golden State Warriors,0022400805,2025-02-21T00:00:00,GSW @ SAC,W,25.751666666666665,11.2,15.4,0.727,7.0,11.2,0.625,1.4,1.4,1.0,0.0,4.2,4.2,2.8,0.0,1.4,0.0,0.0,4.2,0.0,30.8,11.2,44.2,0,0,47.5,1,1,13086,1,11364,2118,7993,2666,769,2352,2868,12020,13595,1,14058,13141,16829,13597,16469,8916,8263,8846,6575,17725,1847,7145,5588,2246,150,3290,1,25:45
2024-25,203952,Andrew Wiggins,Andrew,1610612748,MIA,Miami Heat,0022400800,2025-02-21T00:00:00,MIA @ TOR,W,42.4,7.6,16.1,0.474,1.7,5.1,0.333,4.2,5.1,0.833,1.7,5.1,6.8,0.8,2.5,1.7,0.0,0.0,2.5,1.7,21.2,6.8,33.2,0,0,34.0,1,1,13086,1,214,7404,6922,12072,11405,12969,9209,5268,5766,7275,9582,10585,10541,19891,8053,7614,8263,8846,12609,14274,6905,9239,12427,2246,150,10880,1,42:24
2024-25,1629638,Nickeil Alexander-Walker,Nickeil,1610612750,MIN,Minnesota Timberwolves,0022400801,2025-02-21T00:00:00,MIN @ HOU,L,42.733333333333334,5.1,9.3,0.545,3.4,4.2,0.8,0.0,0.0,0.0,1.7,2.5,4.2,2.5,1.7,0.0,0.8,1.7,2.5,2.5,13.5,-11.0,23.2,0,0,25.3,1,13222,1,13222,178,14220,18315,7695,5456,15092,1389,13505,14344,13505,9630,18112,16769,14449,11981,12854,8202,4187,12683,10884,14533,18295,19451,2246,150,17460,1,42:44
2024-25,203935,Marcus Smart,Marcus,1610612764,WAS,Washington Wizards,0022400799,2025-02-21T00:00:00,WAS vs. MIL,L,16.983333333333334,4.2,6.4,0.667,2.1,2.1,1.0,0.0,0.0,0.0,0.0,2.1,2.1,2.1,2.1,4.2,0.0,0.0,0.0,0.0,10.6,0.0,26.9,0,0,25.4,1,13222,1,13222,18265,16484,22258,3281,9593,19338,1,13505,14344,13505,14058,19307,21579,15928,9910,1425,8263,8846,20257,17725,17560,12240,17009,2246,150,17324,1,16:59
2024-25,202691,Klay Thompson,Klay,1610612742,DAL,Dallas Mavericks,0022400803,2025-02-21T00:00:00,DAL vs. NOP,W,25.283333333333335,5.7,15.7,0.364,5.7,10.0,0.571,0.0,0.0,0.0,1.4,2.8,4.3,4.3,1.4,2.8,0.0,1.4,2.8,0.0,17.1,-11.4,35.7,0,0,37.0,1,1,13086,1,11759,12432,7596,16861,1564,3528,3506,13505,14344,13505,10652,17247,16608,9203,13145,3557,8263,5082,11428,17725,10757,18481,10550,2246,150,8709,1,25:17
2024-25,1630558,Davion Mitchell,Davion,1610612748,MIA,Miami Heat,0022400800,2025-02-21T00:00:00,MIA @ TOR,W,33.95,6.4,9.5,0.667,3.2,5.3,0.6,1.1,2.1,0.5,0.0,2.1,2.1,1.1,2.1,1.1,0.0,0.0,3.2,6.4,17.0,6.4,22.2,0,0,25.4,1,1,13086,1,4306,10535,17866,3281,6008,12460,2992,13043,12351,10625,14058,19303,21576,19486,9903,11386,8263,8846,9948,2228,10880,9442,20046,2246,150,17319,1,33:57
2024-25,1630568,Luka Garza,Luka,1610612750,MIN,Minnesota Timberwolves,0022400801,2025-02-21T00:00:00,MIN @ HOU,L,10.916666666666666,6.6,16.5,0.4,0.0,3.3,0.0,6.6,6.6,1.0,9.9,3.3,13.2,3.3,0.0,0.0,0.0,0.0,13.2,3.3,19.8,3.3,40.6,0,0,36.3,1,13222,1,13222,21746,9943,6434,14933,15070,17076,15070,2321,3781,1,417,15800,2674,11987,16469,12854,8263,8846,326,8259,8085,10974,7420,2246,150,9176,1,10:55
2024-25,1630583,Santi Aldama,Santi,1610612763,MEM,Memphis Grizzlies,0022400798,2025-02-21T00:00:00,MEM @ ORL,W,31.32,4.6,10.3,0.444,1.1,3.4,0.333,0.0,2.3,0.0,4.6,8.0,12.6,4.6,0.0,0.0,2.3,0.0,2.3,1.1,10.3,24.1,39.3,0,0,33.3,1,1,13086,1,6592,15507,16472,13045,13652,16764,9209,13505,11782,13505,2807,4637,3038,8419,16469,12854,2748,8846,13656,16652,17810,2998,8192,2246,150,11369,1,31:19
2024-25,1630531,Jaden Springer,Jaden,1610612762,UTA,Utah Jazz,0022400804,2025-02-21T00:00:00,UTA vs. OKC,L,10.7,6.7,6.7,1.0,3.4,3.4,1.0,6.7,6.7,1.0,3.4,0.0,3.4,6.7,6.7,0.0,0.0,0.0,3.4,3.4,23.6,6.7,31.0,0,0,37.0,1,13222,1,13222,21842,9624,21854,1,5473,16940,1,2214,3623,1,4607,22137,18840,4384,1005,12854,8263,8846,9201,8059,5090,9272,14086,2246,150,8719,1,10:42
2024-25,1630208,Nick Richards,Nick,1610612756,PHX,Phoenix Suns,0022400795,2025-02-20T00:00:00,PHX @ SAS,L,8.8,4.1,8.2,0.5,0.0,0.0,0.0,4.1,4.1,1.0,8.2,16.4,24.5,0.0,4.1,0.0,0.0,0.0,4.1,4.1,12.3,-40.9,37.6,0,0,36.8,1,13222,1,13222,22532,16864,19967,8526,15070,20945,15070,5540,7651,1,726,389,209,19908,3688,12854,8263,8846,6868,6070,15852,24906,9260,2246,150,8831,1,8:48
2024-25,1629634,Brandon Clarke,Brandon,1610612763,MEM,Memphis Grizzlies,0022400788,2025-02-20T00:00:00,MEM @ IND,L,9.983333333333333,7.2,10.8,0.667,0.0,0.0,0.0,0.0,3.6,0.0,0.0,0.0,0.0,3.6,7.2,3.6,0.0,0.0,0.0,3.6,14.4,-79.3,23.4,0,0,25.2,1,13222,1,13222,22110,8422,15665,3281,15070,20945,15070,13505,8672,13505,14058,22137,23286,11069,811,2085,8263,8846,20257,7374,13480,25997,19288,2246,150,17479,1,9:59
2024-25,1629636,Darius Garland,Darius,1610612739,CLE,Cleveland Cavaliers,0022400791,2025-02-20T00:00:00,CLE @ BKN,W,28.55,7.6,15.1,0.5,2.5,7.6,0.333,5.0,5.0,1.0,1.3,1.3,2.5,11.3,2.5,3.8,0.0,1.3,3.8,6.3,22.7,12.6,51.6,0,0,46.7,1,1,13086,1,9073,7611,8375,8526,8074,7242,9209,3963,5835,1,11410,21360,20760,886,8149,1871,8263,5868,7795,2277,5707,6559,2817,2246,150,3604,1,28:33
2024-25,1628960,Grayson Allen,Grayson,1610612756,PHX,Phoenix Suns,0022400795,2025-02-20T00:00:00,PHX @ SAS,L,32.93333333333333,3.3,10.9,0.3,3.3,9.8,0.333,2.2,2.2,1.0,0.0,2.2,2.2,3.3,2.2,1.1,1.1,1.1,5.5,2.2,12.0,-5.5,23.9,0,0,25.1,1,13222,1,13222,5210,18806,15475,19363,5732,3680,9209,9999,12127,1,14058,19110,21442,12051,9566,11075,6833,7104,3755,12217,16109,15814,18998,2246,150,17569,1,32:56
2024-25,1627777,Georges Niang,Georges,1610612737,ATL,Atlanta Hawks,0022400790,2025-02-20T00:00:00,ATL vs. ORL,L,26.383333333333333,2.7,8.2,0.333,2.7,5.5,0.5,2.7,2.7,1.0,0.0,8.2,8.2,2.7,0.0,0.0,0.0,0.0,5.5,1.4,10.9,-6.8,24.8,0,0,24.6,1,13222,1,13222,10831,20026,19961,17395,7448,12062,3944,8509,10671,1,14058,4440,7953,13824,16469,12854,8263,8846,3765,15601,17250,16436,18398,2246,150,17970,1,26:23
2024-25,1641710,Anthony Black,Anthony,1610612753,ORL,Orlando Magic,0022400790,2025-02-20T00:00:00,ORL @ ATL,W,15.416666666666666,9.3,16.3,0.571,0.0,0.0,0.0,4.7,4.7,1.0,4.7,0.0,4.7,0.0,0.0,4.7,4.7,0.0,4.7,4.7,23.4,-2.3,57.0,0,0,46.7,1,1,13086,1,19296,4141,6620,6538,15070,20945,15070,4557,6540,1,2719,22137,15646,19908,16469,1108,624,8846,5360,4784,5237,14226,1643,2246,150,3590,1,15:25
2024-25,1629631,De'Andre Hunter,De'Andre,1610612739,CLE,Cleveland Cavaliers,0022400791,2025-02-20T00:00:00,CLE @ BKN,W,26.5,4.1,13.6,0.3,2.7,5.4,0.5,1.4,2.7,0.5,0.0,5.4,5.4,1.4,1.4,0.0,1.4,4.1,0.0,1.4,12.2,10.9,23.5,0,0,24.5,1,1,13086,1,10724,16905,10847,19363,7489,12126,3944,12141,10696,10625,14058,9705,13716,18475,13522,12854,5412,628,20257,15628,15896,7290,19258,2246,150,18034,1,26:30
2024-25,1629614,Andrew Nembhard,Andrew,1610612754,IND,Indiana Pacers,0022400788,2025-02-20T00:00:00,IND vs. MEM,W,29.883333333333333,4.8,10.8,0.444,1.2,4.8,0.25,2.4,2.4,1.0,0.0,3.6,3.6,4.8,1.2,2.4,0.0,0.0,2.4,4.8,13.3,8.4,30.8,0,0,27.7,1,1,13086,1,7889,14892,15626,13045,13332,13646,11902,9309,11458,1,14058,14884,18289,7867,14401,4668,8263,8846,13153,4464,14804,8424,14176,2246,150,15632,1,29:53
2024-25,1641741,Ricky Council IV,Ricky,1610612755,PHI,Philadelphia 76ers,0022400789,2025-02-20T00:00:00,PHI vs. BOS,L,21.533333333333335,6.7,16.7,0.4,3.3,8.4,0.4,0.0,0.0,0.0,1.7,0.0,1.7,3.3,1.7,0.0,0.0,1.7,0.0,0.0,16.7,-6.7,22.1,0,0,25.1,1,13222,1,13222,14913,9715,6158,14933,5528,5811,7874,13505,14344,13505,9665,22137,22334,11838,12030,12854,8263,4214,20257,17725,11148,16376,20100,2246,150,17629,1,21:32
2024-25,1641998,Trey Jemison III,Trey,1610612747,LAL,Los Angeles Lakers,0022400796,2025-02-20T00:00:00,LAL @ POR,W,14.183333333333334,7.6,12.7,0.6,0.0,0.0,0.0,0.0,0.0,0.0,5.1,5.1,10.2,0.0,0.0,0.0,0.0,5.1,5.1,0.0,15.2,15.2,27.4,0,0,25.4,1,1,13086,1,20092,7470,12398,5394,15070,20945,15070,13505,14344,13505,2300,10646,5272,19908,16469,12854,8263,352,4433,17725,12678,5530,16646,2246,150,17372,1,14:11
2024-25,1629640,Keldon Johnson,Keldon,1610612759,SAS,San Antonio Spurs,0022400795,2025-02-20T00:00:00,SAS vs. PHX,W,25.033333333333335,8.6,12.9,0.667,2.9,5.8,0.5,1.4,1.4,1.0,2.9,2.9,5.8,2.9,0.0,0.0,0.0,0.0,4.3,4.3,21.6,2.9,32.8,0,0,33.1,1,1,13086,1,11975,5385,11954,3281,6959,11326,3944,11927,13550,1,5653,17161,12901,13354,16469,12854,8263,8846,6235,5549,6575,11182,12734,2246,150,11599,1,25:02
2024-25,203078,Bradley Beal,Bradley,1610612756,PHX,Phoenix Suns,0022400795,2025-02-20T00:00:00,PHX @ SAS,L,32.9,8.8,15.3,0.571,0.0,2.2,0.0,3.3,3.3,1.0,1.1,8.8,9.8,6.6,3.3,0.0,0.0,1.1,4.4,6.6,20.8,-9.8,39.2,0,0,37.2,1,13222,1,13222,5243,5172,8071,6538,15070,19190,15070,7139,9349,1,12517,3772,5604,4615,5551,12854,8263,7094,6080,2015,7237,17810,8286,2246,150,8583,1,32:54
2024-25,1630168,Onyeka Okongwu,Onyeka,1610612737,ATL,Atlanta Hawks,0022400790,2025-02-20T00:00:00,ATL vs. ORL,L,29.633333333333333,4.9,9.7,0.5,0.0,2.4,0.0,3.6,4.9,0.75,2.4,6.1,8.5,3.6,2.4,0.0,1.2,0.0,4.9,4.9,13.4,1.2,30.2,0,0,27.9,1,13222,1,13222,8100,14778,17540,8526,15070,18750,15070,6399,6178,8186,6839,8164,7461,10953,8529,12854,6084,8846,4925,4371,14669,12000,14623,2246,150,15466,1,29:38
2024-25,1630596,Evan Mobley,Evan,1610612739,CLE,Cleveland Cavaliers,0022400791,2025-02-20T00:00:00,CLE @ BKN,W,30.366666666666667,7.1,14.2,0.5,1.2,4.7,0.25,5.9,5.9,1.0,4.7,10.7,15.4,1.2,3.6,1.2,3.6,0.0,1.2,5.9,21.3,10.7,52.3,1,0,48.6,1,1,13086,1,7443,8669,9788,8526,13445,13862,11902,2941,4580,1,2621,2107,1605,19064,4891,10303,1183,8846,18619,2713,6779,7384,2648,1,150,2956,1,30:22
2024-25,1630700,Dyson Daniels,Dyson,1610612737,ATL,Atlanta Hawks,0022400790,2025-02-20T00:00:00,ATL vs. ORL,L,33.6,3.2,16.1,0.2,0.0,3.2,0.0,4.3,6.4,0.667,3.2,8.6,11.8,4.3,0.0,3.2,0.0,2.1,2.1,4.3,10.7,-4.3,40.9,1,0,33.2,1,13222,1,13222,4641,18962,7019,21401,15070,17243,15070,5181,3968,9425,4913,3970,3683,9167,16469,2709,8263,2792,14396,5628,17461,15217,7212,1,150,11483,1,33:36
2024-25,1628436,Luke Kornet,Luke,1610612738,BOS,Boston Celtics,0022400789,2025-02-20T00:00:00,BOS @ PHI,W,17.406666666666666,6.2,8.3,0.75,0.0,0.0,0.0,0.0,0.0,0.0,8.3,6.2,14.5,8.3,0.0,2.1,4.1,0.0,2.1,6.2,12.4,24.8,60.8,0,0,47.6,1,1,13086,1,18002,10965,19838,2107,15070,20945,15070,13505,14344,13505,706,7883,2010,2634,16469,5919,844,8846,14762,2385,15701,2857,1096,2246,150,3282,1,17:24
2024-25,1629656,Quentin Grimes,Quentin,1610612755,PHI,Philadelphia 76ers,0022400789,2025-02-20T00:00:00,PHI vs. BOS,L,33.10333333333333,5.4,13.1,0.417,1.1,5.4,0.2,1.1,1.1,1.0,0.0,7.6,7.6,3.3,2.2,0.0,0.0,2.2,3.3,1.1,13.1,-17.4,24.9,0,0,25.0,1,13222,1,13222,5068,13164,11778,14532,14023,12116,13429,12943,14056,1,14058,5304,8950,12109,9618,12854,8263,2706,9610,16966,15043,20744,18357,2246,150,17669,1,33:06
2024-25,1629637,Jaxson Hayes,Jaxson,1610612747,LAL,Los Angeles Lakers,0022400796,2025-02-20T00:00:00,LAL @ POR,W,27.7,5.2,9.1,0.571,0.0,0.0,0.0,1.3,2.6,0.5,2.6,6.5,9.1,5.2,1.3,0.0,1.3,1.3,2.6,6.5,11.7,2.6,33.0,0,0,28.6,1,1,13086,1,9787,13824,18565,6538,15070,20945,15070,12302,10973,10625,6350,7314,6591,7033,13797,12854,5649,5656,12431,2088,16457,11320,12587,2246,150,14997,1,27:42
2024-25,1630167,Obi Toppin,Obi,1610612754,IND,Indiana Pacers,0022400788,2025-02-20T00:00:00,IND vs. MEM,W,19.9,7.2,10.9,0.667,3.6,7.2,0.5,3.6,5.4,0.667,0.0,9.0,9.0,1.8,5.4,0.0,0.0,0.0,1.8,1.8,21.7,18.1,29.8,0,0,36.2,1,1,13086,1,16094,8365,15595,3281,4876,7966,3944,6453,5276,9425,14058,3470,6667,17054,1875,12854,8263,8846,16138,13898,6461,4531,14905,2246,150,9235,1,19:54
2024-25,1628470,Torrey Craig,Torrey,1610612738,BOS,Boston Celtics,0022400789,2025-02-20T00:00:00,BOS @ PHI,W,8.766666666666667,0.0,0.0,0.0,0.0,0.0,0.0,0.0,0.0,0.0,4.1,4.1,8.2,4.1,0.0,0.0,12.3,0.0,0.0,0.0,0.0,-4.1,53.0,0,0,37.0,1,1,13086,1,22540,22635,24836,22635,15070,20945,15070,13505,14344,13505,3440,13403,7916,9650,16469,12854,40,8846,20257,17725,23200,15126,2458,2246,150,8749,1,8:46
2024-25,1626162,Kelly Oubre Jr.,Kelly,1610612755,PHI,Philadelphia 76ers,0022400789,2025-02-20T00:00:00,PHI vs. BOS,L,34.85333333333333,6.2,14.5,0.429,1.0,6.2,0.167,3.1,3.1,1.0,1.0,3.1,4.1,0.0,3.1,3.1,0.0,0.0,5.2,3.1,16.5,-15.5,27.7,0,0,27.9,1,13222,1,13222,3578,10981,9420,13735,14348,10206,14236,7553,9730,1,13003,16414,17000,19908,6133,2936,8263,8846,4259,8893,11366,20094,16438,2246,150,15507,1,34:51
2024-25,1630200,Tre Jones,Tre,1610612741,CHI,Chicago Bulls,0022400792,2025-02-20T00:00:00,CHI @ NYK,L,13.133333333333333,5.5,13.7,0.4,2.7,2.7,1.0,0.0,0.0,0.0,0.0,2.7,2.7,0.0,0.0,0.0,2.7,2.7,0.0,0.0,13.7,0.0,25.2,0,0,24.7,1,13222,1,13222,20682,13029,10647,14933,7416,18182,1,13505,14344,13505,14058,17581,20375,19908,16469,12854,2028,1684,20257,17725,14274,12240,18135,2246,150,17913,1,13:08
2024-25,1642258,Zaccharie Risacher,Zaccharie,1610612737,ATL,Atlanta Hawks,0022400790,2025-02-20T00:00:00,ATL vs. ORL,L,23.566666666666666,6.1,22.9,0.267,4.6,7.6,0.6,0.0,0.0,0.0,7.6,10.7,18.3,1.5,1.5,1.5,1.5,4.6,1.5,1.5,16.8,10.7,48.7,1,0,47.4,1,13222,1,13222,13257,11196,1415,20170,2919,7108,2992,13505,14344,13505,902,2077,825,17877,12622,8284,4752,466,17120,14883,11065,7371,3727,1,150,3354,1,23:34
2024-25,1626220,Royce O'Neale,Royce,1610612756,PHX,Phoenix Suns,0022400795,2025-02-20T00:00:00,PHX @ SAS,L,35.766666666666666,10.1,16.1,0.625,6.0,12.1,0.5,1.0,2.0,0.5,1.0,5.0,6.0,3.0,4.0,3.0,0.0,0.0,3.0,1.0,27.2,-5.0,44.0,0,0,48.3,1,13222,1,13222,2851,3150,6970,4899,1278,1742,3944,13222,12689,10625,13208,10782,12187,12858,3834,3106,8263,8846,10622,17376,3125,15605,5680,2246,150,3041,1,35:46
2024-25,1629008,Michael Porter Jr.,Michael,1610612743,DEN,Denver Nuggets,0022400794,2025-02-20T00:00:00,DEN vs. CHA,W,29.15,2.5,13.6,0.182,0.0,3.7,0.0,2.5,2.5,1.0,6.2,7.4,13.6,3.7,1.2,0.0,0.0,1.2,0.0,1.2,7.4,-9.9,28.0,0,0,24.7,1,1,13086,1,8543,20513,10847,21891,15070,16204,15070,9137,11285,1,1530,5666,2439,10776,14199,12854,8263,6026,20257,16209,20397,17834,16205,2246,150,17886,1,29:09
2024-25,202687,Bismack Biyombo,Bismack,1610612759,SAS,San Antonio Spurs,0022400795,2025-02-20T00:00:00,SAS vs. PHX,W,16.338333333333335,8.8,8.8,1.0,0.0,0.0,0.0,0.0,0.0,0.0,0.0,6.6,6.6,4.4,2.2,2.2,0.0,0.0,4.4,2.2,17.6,6.6,36.6,0,0,33.1,1,1,13086,1,18703,5055,19003,1,15070,20945,15070,13505,14344,13505,14058,7079,10927,8866,9496,5381,8263,8846,6005,12153,10192,9330,9984,2246,150,11618,1,16:20
2024-25,203486,Mason Plumlee,Mason,1610612756,PHX,Phoenix Suns,0022400795,2025-02-20T00:00:00,PHX @ SAS,L,17.388333333333332,0.0,0.0,0.0,0.0,0.0,0.0,4.1,4.1,1.0,0.0,6.2,6.2,6.2,2.1,0.0,0.0,0.0,4.1,2.1,4.1,10.4,18.8,0,0,16.6,1,13222,1,13222,18011,22635,24836,22635,15070,20945,15070,5457,7547,1,14058,7874,11801,5145,10156,12854,8263,8846,6715,12764,22487,7536,21737,2246,150,22481,1,17:23
2024-25,1641772,Nae'Qwan Tomlin,Nae'Qwan,1610612739,CLE,Cleveland Cavaliers,0022400791,2025-02-20T00:00:00,CLE @ BKN,W,3.1166666666666667,11.6,11.6,1.0,0.0,0.0,0.0,11.6,23.1,0.5,0.0,11.6,11.6,0.0,0.0,0.0,0.0,0.0,11.6,11.6,34.7,-69.3,48.5,0,0,46.2,1,1,13086,1,24935,1837,14384,1,15070,20945,15070,395,98,10625,14058,1591,3896,19908,16469,12854,8263,8846,463,231,1016,25875,3805,2246,150,3741,1,3:07
2024-25,1628378,Donovan Mitchell,Donovan,1610612739,CLE,Cleveland Cavaliers,0022400791,2025-02-20T00:00:00,CLE @ BKN,W,30.266666666666666,9.5,25.0,0.381,3.6,10.7,0.333,8.3,11.9,0.7,3.6,2.4,5.9,2.4,4.8,1.2,0.0,1.2,0.0,7.1,30.9,4.8,40.4,0,0,45.2,1,1,13086,1,7529,3854,830,16250,4987,2767,9209,1268,788,9366,4272,18545,12414,14950,2641,10267,8263,6339,20257,1557,1794,10249,7498,2246,150,4157,1,30:16
2024-25,1630625,Dalano Banton,Dalano,1610612757,POR,Portland Trail Blazers,0022400796,2025-02-20T00:00:00,POR vs. LAL,L,11.45,9.4,15.7,0.6,3.1,9.4,0.333,0.0,0.0,0.0,0.0,0.0,0.0,6.3,0.0,0.0,3.1,0.0,0.0,0.0,22.0,12.6,40.9,0,0,37.7,1,13222,1,13222,21504,3973,7512,5394,6110,4207,9209,13505,14344,13505,14058,22137,23286,5044,16469,12854,1530,8846,20257,17725,6208,6572,7240,2246,150,8209,1,11:27
2024-25,1630170,Devin Vassell,Devin,1610612759,SAS,San Antonio Spurs,0022400795,2025-02-20T00:00:00,SAS vs. PHX,W,32.861666666666665,5.5,15.3,0.357,1.1,5.5,0.2,2.2,2.2,1.0,1.1,1.1,2.2,0.0,0.0,3.3,1.1,1.1,3.3,2.2,14.2,18.6,30.0,0,0,26.3,1,1,13086,1,5283,13043,8047,17140,13967,12015,13429,9982,12115,1,12503,21759,21428,19908,16469,2591,6820,7079,9498,12197,13681,4371,14781,2246,150,16722,1,32:52
2024-25,1627827,Dorian Finney-Smith,Dorian,1610612747,LAL,Los Angeles Lakers,0022400796,2025-02-20T00:00:00,LAL @ POR,W,33.27166666666667,4.3,7.6,0.571,2.2,5.4,0.4,0.0,0.0,0.0,1.1,5.4,6.5,0.0,2.2,2.2,1.1,0.0,1.1,0.0,10.8,21.6,26.2,0,0,26.0,1,1,13086,1,4926,16253,20828,6538,9384,12194,7874,13505,14344,13505,12619,9765,11195,19908,9668,5531,6908,8846,19204,17725,17347,3546,17486,2246,150,16962,1,33:16
2024-25,1642275,Tidjane Salaün,Tidjane,1610612766,CHA,Charlotte Hornets,0022400794,2025-02-20T00:00:00,CHA @ DEN,L,24.016666666666666,1.5,9.0,0.167,0.0,3.0,0.0,1.5,3.0,0.5,4.5,7.5,12.0,0.0,3.0,0.0,0.0,0.0,3.0,1.5,4.5,-9.0,15.9,0,0,16.5,1,13222,1,13222,12885,22164,18736,21938,15070,17662,15070,11804,9983,10625,2924,5507,3503,19908,6501,12854,8263,8846,10748,15005,22293,17420,22898,2246,150,22510,1,24:01
2024-25,1627759,Jaylen Brown,Jaylen,1610612738,BOS,Boston Celtics,0022400789,2025-02-20T00:00:00,BOS @ PHI,W,26.936666666666667,9.4,17.4,0.538,2.7,8.0,0.333,5.3,5.3,1.0,4.0,4.0,8.0,8.0,4.0,0.0,0.0,0.0,1.3,5.3,26.7,8.0,44.4,0,0,45.4,1,1,13086,1,10387,4110,5376,7978,7617,6416,9209,3596,5397,1,3584,13694,8236,2871,3867,12854,8263,8846,17883,3566,3335,8625,5480,2246,150,4050,1,26:56
2024-25,1630178,Tyrese Maxey,Tyrese,1610612755,PHI,Philadelphia 76ers,0022400789,2025-02-20T00:00:00,PHI vs. BOS,L,34.346666666666664,6.3,10.5,0.6,1.0,4.2,0.25,3.1,3.1,1.0,0.0,5.2,5.2,7.3,0.0,1.0,0.0,0.0,2.1,3.1,16.8,-26.2,37.2,0,0,32.5,1,13222,1,13222,3972,10751,16258,5394,14265,15137,11902,7449,9623,1,14058,10188,14191,3580,16469,11513,8263,8846,14627,8747,11103,23071,9526,2246,150,11998,1,34:21
2024-25,1630175,Cole Anthony,Cole,1610612753,ORL,Orlando Magic,0022400790,2025-02-20T00:00:00,ORL @ ATL,W,31.788333333333334,7.9,14.7,0.538,1.1,2.3,0.5,2.3,2.3,1.0,1.1,4.5,5.7,3.4,2.3,3.4,1.1,0.0,5.7,1.1,19.3,11.3,42.5,0,0,38.5,1,1,13086,1,6171,6796,9012,7978,13750,19057,3944,9736,11887,1,12242,12177,13128,11695,9239,2388,6590,8846,3448,16752,8595,7087,6388,2246,150,7702,1,31:47
2024-25,1641744,Zach Edey,Zach,1610612763,MEM,Memphis Grizzlies,0022400788,2025-02-20T00:00:00,MEM @ IND,L,21.85,3.3,9.9,0.333,1.6,4.9,0.333,0.0,0.0,0.0,6.6,11.5,18.1,1.6,1.6,0.0,1.6,1.6,1.6,1.6,8.2,6.6,35.8,0,0,33.0,1,13222,1,13222,14613,18768,17271,17395,11543,13333,9209,13505,14344,13505,1335,1608,868,17514,12152,12854,4429,4305,16720,14464,19716,9340,10538,2246,150,11688,1,21:51
2024-25,1630174,Aaron Nesmith,Aaron,1610612754,IND,Indiana Pacers,0022400788,2025-02-20T00:00:00,IND vs. MEM,W,24.316666666666666,5.9,11.8,0.5,4.4,7.4,0.6,3.0,3.0,1.0,4.4,5.9,10.4,1.5,0.0,0.0,1.5,1.5,4.4,1.5,19.2,28.1,38.3,0,0,38.5,1,1,13086,1,12630,11742,13873,8526,3167,7611,2992,7918,10065,1,2994,8503,5045,18053,16469,12854,4920,4842,5913,15084,8600,2245,8812,2246,150,7707,1,24:19
2024-25,1630217,Desmond Bane,Desmond,1610612763,MEM,Memphis Grizzlies,0022400788,2025-02-20T00:00:00,MEM @ IND,L,33.068333333333335,9.8,17.4,0.563,3.3,5.4,0.6,2.2,2.2,1.0,0.0,5.4,5.4,7.6,3.3,0.0,2.2,0.0,4.4,2.2,25.0,-7.6,46.3,0,0,45.7,1,13222,1,13222,5095,3474,5342,7127,5768,12095,2992,10040,12164,1,14058,9686,13693,3260,5619,12854,2999,8846,6132,12260,4196,16797,4640,2246,150,3924,1,33:04
2024-25,202331,Paul George,Paul,1610612755,PHI,Philadelphia 76ers,0022400789,2025-02-20T00:00:00,PHI vs. BOS,L,29.266666666666666,8.6,17.2,0.5,3.7,11.1,0.333,0.0,0.0,0.0,0.0,2.5,2.5,2.5,1.2,1.2,0.0,0.0,1.2,2.5,20.9,-29.5,30.0,0,0,32.0,1,13222,1,13222,8428,5419,5554,8526,4720,2429,9209,13505,14344,13505,14058,18300,20879,14679,14231,9941,8263,8846,18377,11125,7154,23659,14785,2246,150,12402,1,29:16
2024-25,201143,Al Horford,Al,1610612738,BOS,Boston Celtics,0022400789,2025-02-20T00:00:00,BOS @ PHI,W,18.283333333333335,7.9,13.8,0.571,5.9,9.8,0.6,0.0,0.0,0.0,2.0,5.9,7.9,2.0,0.0,0.0,0.0,0.0,3.9,0.0,21.7,39.4,34.1,0,0,37.4,1,1,13086,1,17380,6895,10527,6538,1372,3670,2992,13505,14344,13505,8525,8531,8509,16478,16469,12854,8263,8846,7320,17725,6495,1019,11751,2246,150,8419,1,18:17
2024-25,1628418,Thomas Bryant,Thomas,1610612754,IND,Indiana Pacers,0022400788,2025-02-20T00:00:00,IND vs. MEM,W,15.488333333333333,4.6,9.3,0.5,0.0,4.6,0.0,4.6,7.0,0.667,4.6,7.0,11.6,2.3,2.3,0.0,2.3,0.0,2.3,4.6,13.9,-18.6,36.0,0,0,32.5,1,1,13086,1,19258,15368,18275,8526,15070,14088,15070,4598,3387,9425,2749,6410,3825,15142,8970,12854,2695,8846,13546,4835,13995,21097,10352,2246,150,11977,1,15:29
2024-25,1629057,Robert Williams III,Robert,1610612757,POR,Portland Trail Blazers,0022400796,2025-02-20T00:00:00,POR vs. LAL,L,25.278333333333332,5.7,7.1,0.8,0.0,0.0,0.0,0.0,0.0,0.0,1.4,7.1,8.5,1.4,0.0,2.8,2.8,1.4,2.8,0.0,11.4,-1.4,40.9,0,0,32.8,1,13222,1,13222,11767,12428,21419,1688,15070,20945,15070,13505,14344,13505,10651,6137,7407,18256,16469,3556,1876,5081,11427,17725,16804,13770,7241,2246,150,11835,1,25:17
2024-25,201587,Nicolas Batum,Nicolas,1610612746,LAC,LA Clippers,0022400793,2025-02-20T00:00:00,LAC @ MIL,L,11.158333333333333,3.2,9.7,0.333,3.2,6.5,0.5,0.0,0.0,0.0,0.0,3.2,3.2,3.2,0.0,3.2,0.0,0.0,0.0,0.0,9.7,6.5,28.1,0,0,25.8,1,13222,1,13222,21643,18935,17615,17395,5880,9643,3944,13505,14344,13505,14058,15999,19158,12206,16469,2686,8263,8846,20257,17725,18460,9393,16167,2246,150,17059,1,11:10
2024-25,1630171,Isaac Okoro,Isaac,1610612739,CLE,Cleveland Cavaliers,0022400791,2025-02-20T00:00:00,CLE @ BKN,W,16.773333333333333,4.3,8.6,0.5,2.1,4.3,0.5,0.0,0.0,0.0,2.1,0.0,2.1,2.1,2.1,0.0,0.0,0.0,4.3,0.0,10.7,34.3,14.4,0,0,17.2,1,1,13086,1,18406,16343,19380,8526,9480,14932,3944,13505,14344,13505,7773,22137,21523,15835,9746,12854,8263,8846,6310,17725,17446,1469,23368,2246,150,22227,1,16:46
2024-25,1629661,Cameron Johnson,Cameron,1610612751,BKN,Brooklyn Nets,0022400791,2025-02-20T00:00:00,BKN vs. CLE,L,29.006666666666668,7.4,13.7,0.545,3.7,7.4,0.5,3.7,5.0,0.75,1.2,2.5,3.7,2.5,0.0,0.0,0.0,0.0,5.0,3.7,22.3,-19.9,30.5,0,0,32.3,1,13222,1,13222,8670,7902,10731,7695,4645,7512,3944,6238,6003,8186,11532,18241,18012,14607,16469,12854,8263,8846,4701,7077,5975,21511,14411,2246,150,12155,1,29:00
2024-25,1629003,Shake Milton,Shake,1610612747,LAL,Los Angeles Lakers,0022400796,2025-02-20T00:00:00,LAL @ POR,W,4.566666666666666,0.0,7.9,0.0,0.0,0.0,0.0,0.0,0.0,0.0,0.0,15.8,15.8,0.0,0.0,0.0,0.0,0.0,0.0,0.0,0.0,0.0,18.9,0,0,15.8,1,1,13086,1,24188,22635,20429,22635,15070,20945,15070,13505,14344,13505,14058,463,1494,19908,16469,12854,8263,8846,20257,17725,23200,12240,21687,2246,150,22799,1,4:34
2024-25,1630202,Payton Pritchard,Payton,1610612738,BOS,Boston Celtics,0022400789,2025-02-20T00:00:00,BOS @ PHI,W,31.375,11.5,20.7,0.556,9.2,17.2,0.533,0.0,0.0,0.0,0.0,0.0,0.0,4.6,1.1,0.0,0.0,0.0,0.0,1.1,32.1,9.2,37.9,0,0,45.9,1,1,13086,1,6532,1885,2540,7248,277,394,3935,13505,14344,13505,14058,22137,23286,8438,14813,12854,8263,8846,20257,16664,1502,8099,9109,2246,150,3858,1,31:23
2024-25,1627739,Kris Dunn,Kris,1610612746,LAC,LA Clippers,0022400793,2025-02-20T00:00:00,LAC @ MIL,L,30.7,2.3,5.9,0.4,1.2,1.2,1.0,0.0,0.0,0.0,4.7,3.5,8.2,5.9,0.0,7.0,1.2,1.2,4.7,1.2,5.9,2.3,49.1,0,0,37.5,1,13222,1,13222,7123,20768,22746,14933,13520,20660,1,13505,14344,13505,2682,15182,7928,5740,16469,290,6346,6465,5306,16539,21481,11441,3570,2246,150,8346,1,30:42
2024-25,202695,Kawhi Leonard,Kawhi,1610612746,LAC,LA Clippers,0022400793,2025-02-20T00:00:00,LAC @ MIL,L,32.4,10.0,24.4,0.409,4.4,8.9,0.5,3.3,3.3,1.0,0.0,4.4,4.4,4.4,1.1,2.2,0.0,1.1,3.3,4.4,27.8,4.4,45.3,0,0,45.6,1,13222,1,13222,5635,3221,939,14895,3160,4977,3944,7042,9230,1,14058,12416,16178,8773,15057,5303,8263,6956,9320,5250,2872,10408,5023,2246,150,4005,1,32:24
2024-25,203083,Andre Drummond,Andre,1610612755,PHI,Philadelphia 76ers,0022400789,2025-02-20T00:00:00,PHI vs. BOS,L,12.883333333333333,11.2,16.8,0.667,0.0,0.0,0.0,0.0,2.8,0.0,8.4,11.2,19.6,2.8,2.8,0.0,0.0,0.0,0.0,2.8,22.4,-14.0,47.2,0,0,44.7,1,13222,1,13222,20803,2121,6094,3281,15070,20945,15070,13505,10495,13505,678,1810,588,13600,7235,12854,8263,8846,20257,9977,5959,19494,4236,2246,150,4388,1,12:53
2024-25,1629014,Anfernee Simons,Anfernee,1610612757,POR,Portland Trail Blazers,0022400796,2025-02-20T00:00:00,POR vs. LAL,L,28.833333333333332,3.7,16.2,0.231,0.0,7.5,0.0,2.5,6.2,0.4,0.0,5.0,5.0,8.7,1.2,1.2,0.0,1.2,1.2,2.5,10.0,-12.5,31.6,0,0,26.2,1,13222,1,13222,8818,17720,6788,21157,15070,7429,15070,9054,4182,13061,14058,10896,14802,2237,14107,9812,8263,5942,18280,10998,18170,18937,13620,2246,150,16782,1,28:50
2024-25,1630559,Austin Reaves,Austin,1610612747,LAL,Los Angeles Lakers,0022400796,2025-02-20T00:00:00,LAL @ POR,W,40.045,8.1,18.9,0.429,1.8,7.2,0.25,10.8,11.7,0.923,0.9,0.0,0.9,6.3,5.4,1.8,1.8,1.8,1.8,9.9,28.8,4.5,44.7,0,0,44.9,1,1,13086,1,551,6437,3865,13735,11089,8062,11902,520,842,6735,13910,22137,23265,5035,1906,7271,4065,3907,16199,435,2504,10392,5339,2246,150,4291,1,40:03
2024-25,1627826,Ivica Zubac,Ivica,1610612746,LAC,LA Clippers,0022400793,2025-02-20T00:00:00,LAC @ MIL,L,36.84166666666667,7.8,12.7,0.615,0.0,0.0,0.0,3.9,4.9,0.8,2.9,11.7,14.7,1.0,2.0,1.0,3.9,1.0,2.0,4.9,19.5,-7.8,51.3,1,0,44.9,1,13222,1,13222,2105,7033,12381,5246,15070,20945,15070,5866,6141,7681,5504,1517,1933,19744,10761,12150,964,8123,15386,4327,8324,16885,2896,1,150,4292,1,36:51
2024-25,1630583,Santi Aldama,Santi,1610612763,MEM,Memphis Grizzlies,0022400788,2025-02-20T00:00:00,MEM @ IND,L,24.7,5.8,20.4,0.286,2.9,14.6,0.2,0.0,0.0,0.0,1.5,8.7,10.2,4.4,0.0,1.5,1.5,2.9,0.0,0.0,14.6,-5.8,42.1,0,0,37.9,1,13222,1,13222,12272,12024,2690,19630,6814,784,13429,13505,14344,13505,10505,3777,5230,8954,16469,8592,5012,1439,20257,17725,13321,15991,6556,2246,150,8084,1,24:42
2024-25,1630166,Deni Avdija,Deni,1610612757,POR,Portland Trail Blazers,0022400796,2025-02-20T00:00:00,POR vs. LAL,L,33.775,9.6,14.9,0.643,2.1,3.2,0.667,8.5,10.7,0.8,0.0,4.3,4.3,5.3,2.1,2.1,0.0,1.1,5.3,6.4,29.8,1.1,47.2,0,0,45.8,1,13222,1,13222,4461,3739,8722,4607,9549,17275,1957,1172,1126,7681,14058,12922,16633,6764,9837,5651,8263,7358,3969,2185,2139,12106,4239,2246,150,3887,1,33:47
2024-25,1630288,Jeff Dowtin Jr.,Jeff,1610612755,PHI,Philadelphia 76ers,0022400789,2025-02-20T00:00:00,PHI vs. BOS,L,4.833333333333333,7.4,7.4,1.0,0.0,0.0,0.0,0.0,0.0,0.0,7.4,7.4,14.9,14.9,0.0,0.0,0.0,0.0,0.0,0.0,14.9,44.7,55.1,0,0,44.7,1,13222,1,13222,24068,7887,20996,1,15070,20945,15070,13505,14344,13505,973,5585,1818,298,16469,12854,8263,8846,20257,17725,13017,721,1967,2246,150,4392,1,4:50
2024-25,1630643,Jay Huff,Jay,1610612763,MEM,Memphis Grizzlies,0022400788,2025-02-20T00:00:00,MEM @ IND,L,1.5166666666666666,0.0,0.0,0.0,0.0,0.0,0.0,0.0,0.0,0.0,0.0,0.0,0.0,0.0,0.0,0.0,0.0,0.0,0.0,0.0,0.0,94.9,0.0,0,0,0.0,1,13222,1,13222,25778,22635,24836,22635,15070,20945,15070,13505,14344,13505,14058,22137,23286,19908,16469,12854,8263,8846,20257,17725,23200,91,25228,2246,150,25259,1,1:31
2024-25,1642277,Johnny Furphy,Johnny,1610612754,IND,Indiana Pacers,0022400788,2025-02-20T00:00:00,IND vs. MEM,W,1.5166666666666666,0.0,0.0,0.0,0.0,0.0,0.0,0.0,0.0,0.0,0.0,0.0,0.0,0.0,0.0,0.0,0.0,0.0,23.7,0.0,0.0,-94.9,0.0,0,0,0.0,1,1,13086,1,25778,22635,24836,22635,15070,20945,15070,13505,14344,13505,14058,22137,23286,19908,16469,12854,8263,8846,74,17725,23200,26118,25228,2246,150,25259,1,1:31
2024-25,1627884,Derrick Jones Jr.,Derrick,1610612746,LAC,LA Clippers,0022400793,2025-02-20T00:00:00,LAC @ MIL,L,20.133333333333333,3.6,7.2,0.5,0.0,1.8,0.0,0.0,0.0,0.0,1.8,1.8,3.6,0.0,1.8,0.0,0.0,0.0,5.4,0.0,7.2,-17.9,9.7,0,0,10.7,1,13222,1,13222,15915,18138,21376,8526,15070,19932,15070,13505,14344,13505,9284,20273,18380,19908,11605,12854,8263,8846,3904,17725,20597,20896,24474,2246,150,24288,1,20:08
2024-25,1630692,Jordan Goodwin,Jordan,1610612747,LAL,Los Angeles Lakers,0022400796,2025-02-20T00:00:00,LAL @ POR,W,20.105,0.0,1.8,0.0,0.0,1.8,0.0,0.0,0.0,0.0,1.8,7.2,9.0,1.8,1.8,0.0,0.0,0.0,3.6,0.0,0.0,-14.3,11.6,0,0,10.7,1,1,13086,1,15945,22635,24796,22635,15070,19930,15070,13505,14344,13505,9279,6076,6820,17112,11592,12854,8263,8846,8490,17725,23200,19625,24101,2246,150,24285,1,20:06
2024-25,1628963,Marvin Bagley III,Marvin,1610612763,MEM,Memphis Grizzlies,0022400788,2025-02-20T00:00:00,MEM @ IND,L,1.5166666666666666,0.0,0.0,0.0,0.0,0.0,0.0,0.0,0.0,0.0,0.0,0.0,0.0,0.0,0.0,0.0,0.0,0.0,0.0,0.0,0.0,94.9,0.0,0,0,0.0,1,13222,1,13222,25778,22635,24836,22635,15070,20945,15070,13505,14344,13505,14058,22137,23286,19908,16469,12854,8263,8846,20257,17725,23200,91,25228,2246,150,25259,1,1:31
2024-25,1630553,Keon Johnson,Keon,1610612751,BKN,Brooklyn Nets,0022400791,2025-02-20T00:00:00,BKN vs. CLE,L,26.283333333333335,11.0,26.0,0.421,0.0,8.2,0.0,0.0,0.0,0.0,1.4,4.1,5.5,1.4,4.1,1.4,1.4,0.0,2.7,1.4,21.9,-20.5,34.7,0,0,34.2,1,13222,1,13222,10915,2299,643,14442,15070,6056,15070,13505,14344,13505,10884,13393,13596,18432,3657,9078,5363,8846,11883,15574,6277,21711,11328,2246,150,10660,1,26:17
2024-25,1641763,Julian Phillips,Julian,1610612741,CHI,Chicago Bulls,0022400792,2025-02-20T00:00:00,CHI @ NYK,L,22.7,4.8,7.9,0.6,3.2,4.8,0.667,6.3,6.3,1.0,3.2,6.3,9.5,0.0,0.0,1.6,0.0,0.0,1.6,6.3,19.0,11.1,35.2,0,0,34.9,1,13222,1,13222,13953,15088,20370,5394,6028,13812,1957,2544,4073,1,5004,7609,6035,19908,16469,8038,8263,8846,16910,2246,8822,7191,10928,2246,150,10168,1,22:42
2024-25,1626153,Delon Wright,Delon,1610612752,NYK,New York Knicks,0022400792,2025-02-20T00:00:00,NYK vs. CHI,W,0.5166666666666667,0.0,0.0,0.0,0.0,0.0,0.0,0.0,0.0,0.0,0.0,0.0,0.0,0.0,0.0,0.0,0.0,0.0,0.0,0.0,0.0,0.0,0.0,0,0,0.0,1,1,13086,1,26201,22635,24836,22635,15070,20945,15070,13505,14344,13505,14058,22137,23286,19908,16469,12854,8263,8846,20257,17725,23200,12240,25228,2246,150,25259,1,0:31
2024-25,1641775,Jordan Walsh,Jordan,1610612738,BOS,Boston Celtics,0022400789,2025-02-20T00:00:00,BOS @ PHI,W,4.833333333333333,0.0,0.0,0.0,0.0,0.0,0.0,0.0,0.0,0.0,0.0,0.0,0.0,0.0,0.0,0.0,0.0,0.0,0.0,0.0,0.0,-44.7,0.0,0,0,0.0,1,1,13086,1,24068,22635,24836,22635,15070,20945,15070,13505,14344,13505,14058,22137,23286,19908,16469,12854,8263,8846,20257,17725,23200,25165,25228,2246,150,25259,1,4:50
2024-25,1642261,Dalton Knecht,Dalton,1610612747,LAL,Los Angeles Lakers,0022400796,2025-02-20T00:00:00,LAL @ POR,W,13.371666666666666,0.0,5.4,0.0,0.0,2.7,0.0,0.0,0.0,0.0,0.0,5.4,5.4,5.4,0.0,0.0,0.0,2.7,2.7,0.0,0.0,18.8,14.5,0,0,10.8,1,1,13086,1,20554,22635,23193,22635,15070,18279,15070,13505,14344,13505,14058,9823,13846,6660,16469,12854,8263,1755,12072,17725,23200,4299,23318,2246,150,24273,1,13:22
2024-25,203901,Elfrid Payton,Elfrid,1610612766,CHA,Charlotte Hornets,0022400794,2025-02-20T00:00:00,CHA @ DEN,L,16.316666666666666,0.0,6.6,0.0,0.0,0.0,0.0,0.0,0.0,0.0,0.0,4.4,4.4,6.6,2.2,4.4,0.0,0.0,6.6,2.2,0.0,17.7,26.3,0,0,19.9,1,13222,1,13222,18711,22635,21995,22635,15070,20945,15070,13505,14344,13505,14058,12494,16254,4546,9485,1292,8263,8846,2300,12133,23200,4693,17443,2246,150,20940,1,16:19
2024-25,1629723,John Konchar,John,1610612763,MEM,Memphis Grizzlies,0022400788,2025-02-20T00:00:00,MEM @ IND,L,1.5166666666666666,0.0,0.0,0.0,0.0,0.0,0.0,0.0,0.0,0.0,0.0,0.0,0.0,0.0,0.0,0.0,0.0,0.0,0.0,0.0,0.0,94.9,0.0,0,0,0.0,1,13222,1,13222,25778,22635,24836,22635,15070,20945,15070,13505,14344,13505,14058,22137,23286,19908,16469,12854,8263,8846,20257,17725,23200,91,25228,2246,150,25259,1,1:31
2024-25,1630574,Ariel Hukporti,Ariel,1610612752,NYK,New York Knicks,0022400792,2025-02-20T00:00:00,NYK vs. CHI,W,16.77166666666667,2.1,2.1,1.0,0.0,0.0,0.0,0.0,0.0,0.0,2.1,8.6,10.7,0.0,0.0,0.0,2.1,0.0,6.4,0.0,4.3,4.3,23.6,0,0,19.3,1,1,13086,1,18407,21154,24734,1,15070,20945,15070,13505,14344,13505,7772,3959,4672,19908,16469,12854,3084,8846,2453,17725,22415,10486,19195,2246,150,21242,1,16:46
2024-25,1642346,Ryan Dunn,Ryan,1610612756,PHX,Phoenix Suns,0022400795,2025-02-20T00:00:00,PHX @ SAS,L,0.345,0.0,0.0,0.0,0.0,0.0,0.0,0.0,0.0,0.0,0.0,0.0,0.0,0.0,0.0,0.0,0.0,0.0,0.0,0.0,0.0,0.0,0.0,0,0,0.0,1,13222,1,13222,26246,22635,24836,22635,15070,20945,15070,13505,14344,13505,14058,22137,23286,19908,16469,12854,8263,8846,20257,17725,23200,12240,25228,2246,150,25259,1,0:21
2024-25,1628371,Jonathan Isaac,Jonathan,1610612753,ORL,Orlando Magic,0022400790,2025-02-20T00:00:00,ORL @ ATL,W,10.8,0.0,6.7,0.0,0.0,6.7,0.0,6.7,6.7,1.0,0.0,3.3,3.3,0.0,0.0,0.0,0.0,0.0,0.0,3.3,6.7,-13.3,10.7,0,0,10.0,1,1,13086,1,21797,22635,21931,22635,15070,9178,15070,2265,3693,1,14058,15688,18908,19908,16469,12854,8263,8846,20257,8147,20947,19241,24311,2246,150,24419,1,10:48
2024-25,1627732,Ben Simmons,Ben,1610612746,LAC,LA Clippers,0022400793,2025-02-20T00:00:00,LAC @ MIL,L,20.066666666666666,5.4,5.4,1.0,0.0,0.0,0.0,0.0,0.0,0.0,1.8,7.2,9.0,7.2,0.0,1.8,1.8,0.0,5.4,0.0,10.8,-16.1,43.1,0,0,34.1,1,13222,1,13222,15970,13318,23197,1,15070,20945,15070,13505,14344,13505,9258,6042,6792,3794,16469,7281,4071,8846,3874,17725,17402,20301,6110,2246,150,10786,1,20:04
2024-25,1641783,Tristan da Silva,Tristan,1610612753,ORL,Orlando Magic,0022400790,2025-02-20T00:00:00,ORL @ ATL,W,18.1,2.0,4.0,0.5,2.0,4.0,0.5,0.0,0.0,0.0,0.0,2.0,2.0,2.0,0.0,0.0,0.0,0.0,0.0,0.0,6.0,-2.0,11.3,0,0,11.9,1,1,13086,1,17498,21431,24100,8526,10214,15623,3944,13505,14344,13505,14058,19700,21819,16419,16469,12854,8263,8846,20257,17725,21424,14039,24171,2246,150,23996,1,18:06
2024-25,1631213,Tyrese Martin,Tyrese,1610612751,BKN,Brooklyn Nets,0022400791,2025-02-20T00:00:00,BKN vs. CLE,L,16.533333333333335,6.5,8.7,0.75,2.2,4.4,0.5,0.0,2.2,0.0,0.0,2.2,2.2,0.0,2.2,0.0,0.0,0.0,0.0,2.2,15.2,-4.4,15.7,0,0,19.6,1,13222,1,13222,18580,10105,19167,2107,9322,14780,3944,13505,12159,13505,14058,19134,21457,19908,9608,12854,8263,8846,20257,12253,12665,15251,22962,2246,150,21096,1,16:32
2024-25,1631260,AJ Green,AJ,1610612749,MIL,Milwaukee Bucks,0022400793,2025-02-20T00:00:00,MIL vs. LAC,W,30.283333333333335,3.6,9.5,0.375,3.6,9.5,0.375,0.0,0.0,0.0,1.2,2.4,3.6,2.4,0.0,0.0,0.0,1.2,3.6,1.2,10.7,21.4,18.5,0,0,20.2,1,1,13086,1,7510,18161,17928,16299,4992,4094,8800,13505,14344,13505,11872,18555,18409,14956,16469,12854,8263,6347,8541,16456,17474,3596,21867,2246,150,20743,1,30:17
2024-25,203991,Clint Capela,Clint,1610612737,ATL,Atlanta Hawks,0022400790,2025-02-20T00:00:00,ATL vs. ORL,L,18.366666666666667,2.0,11.8,0.167,0.0,0.0,0.0,2.0,3.9,0.5,5.9,2.0,7.8,2.0,0.0,0.0,2.0,3.9,2.0,2.0,5.9,-13.7,24.1,0,0,19.6,1,13222,1,13222,17303,21476,14012,21938,15070,20945,15070,10779,8007,10625,1689,19794,8560,16517,16469,12854,3603,677,15356,13273,21472,19387,18874,2246,150,21091,1,18:22
2024-25,1641721,Maxwell Lewis,Maxwell,1610612751,BKN,Brooklyn Nets,0022400791,2025-02-20T00:00:00,BKN vs. CLE,L,3.1166666666666667,0.0,11.6,0.0,0.0,0.0,0.0,0.0,0.0,0.0,0.0,11.6,11.6,0.0,0.0,0.0,0.0,0.0,0.0,0.0,0.0,69.3,13.9,0,0,11.6,1,13222,1,13222,24935,22635,14384,22635,15070,20945,15070,13505,14344,13505,14058,1591,3896,19908,16469,12854,8263,8846,20257,17725,23200,248,23535,2246,150,24099,1,3:07
2024-25,1630532,Franz Wagner,Franz,1610612753,ORL,Orlando Magic,0022400790,2025-02-20T00:00:00,ORL @ ATL,W,33.1,9.8,19.6,0.5,0.0,3.3,0.0,7.6,12.0,0.636,1.1,6.5,7.6,5.4,1.1,0.0,0.0,2.2,4.4,7.6,27.2,2.2,43.4,0,0,40.2,1,1,13086,1,5069,3487,3291,8526,15070,17150,15070,1598,774,10256,12569,7246,8948,6556,15216,12854,8263,2700,6139,1245,3115,11523,5935,2246,150,6649,1,33:06
2024-25,1630192,Zeke Nnaji,Zeke,1610612743,DEN,Denver Nuggets,0022400794,2025-02-20T00:00:00,DEN vs. CHA,W,15.883333333333333,4.5,6.8,0.667,0.0,2.3,0.0,0.0,0.0,0.0,2.3,4.5,6.8,0.0,0.0,2.3,0.0,0.0,4.5,0.0,9.1,13.6,24.0,0,0,20.4,1,1,13086,1,19006,15670,21786,3281,15070,19052,15070,13505,14344,13505,7360,12169,10530,19908,16469,5157,8263,8846,5701,17725,19011,6166,18927,2246,150,20627,1,15:53
2024-25,201935,James Harden,James,1610612746,LAC,LA Clippers,0022400793,2025-02-20T00:00:00,LAC @ MIL,L,38.78333333333333,7.4,19.5,0.381,1.9,9.3,0.2,5.6,6.5,0.857,1.9,2.8,4.6,7.4,4.6,0.9,0.9,0.0,3.7,5.6,22.3,-1.9,39.9,0,0,39.9,1,13222,1,13222,971,7946,3349,16250,10848,4404,13429,3344,3886,7071,9011,17448,15726,3482,2793,12520,7961,8846,8031,3235,6017,13952,7815,2246,150,6828,1,38:47
2024-25,1628973,Jalen Brunson,Jalen,1610612752,NYK,New York Knicks,0022400792,2025-02-20T00:00:00,NYK vs. CHI,W,38.47833333333333,7.5,19.6,0.381,1.9,8.4,0.222,3.7,3.7,1.0,0.0,2.8,2.8,11.2,1.9,0.9,0.9,1.9,0.9,3.7,20.6,2.8,44.5,1,0,40.2,1,1,13086,1,1120,7801,3229,16250,10779,5712,13288,6199,8391,1,14058,17380,20238,928,11216,12470,7920,3662,20049,7010,7415,11221,5406,1,150,6656,1,38:29
2024-25,1641713,GG Jackson,GG,1610612763,MEM,Memphis Grizzlies,0022400788,2025-02-20T00:00:00,MEM @ IND,L,16.531666666666666,6.5,21.8,0.3,2.2,8.7,0.25,4.4,4.4,1.0,4.4,4.4,8.7,0.0,2.2,0.0,2.2,4.4,2.2,4.4,19.6,-28.3,34.4,0,0,34.8,1,13222,1,13222,18590,10104,1915,19363,9321,5251,11902,5058,7099,1,3097,12633,7149,19908,9607,12854,2996,525,14204,5461,8264,23485,11508,2246,150,10195,1,16:32
2024-25,1626145,Tyus Jones,Tyus,1610612756,PHX,Phoenix Suns,0022400795,2025-02-20T00:00:00,PHX @ SAS,L,22.9,1.6,14.1,0.111,1.6,9.4,0.167,0.0,0.0,0.0,0.0,3.1,3.1,4.7,0.0,1.6,1.6,0.0,1.6,0.0,4.7,-3.1,25.0,0,0,20.4,1,13222,1,13222,13790,22074,9927,22520,11782,4207,14236,13505,14344,13505,14058,16290,19388,8152,16469,8099,4637,8846,16955,17725,22174,14643,18293,2246,150,20616,1,22:54
2024-25,1642281,Jaylon Tyson,Jaylon,1610612739,CLE,Cleveland Cavaliers,0022400791,2025-02-20T00:00:00,CLE @ BKN,W,3.1166666666666667,0.0,11.6,0.0,0.0,0.0,0.0,0.0,0.0,0.0,0.0,0.0,0.0,0.0,0.0,0.0,0.0,0.0,11.6,0.0,0.0,-69.3,0.0,0,0,0.0,1,1,13086,1,24935,22635,14384,22635,15070,20945,15070,13505,14344,13505,14058,22137,23286,19908,16469,12854,8263,8846,463,17725,23200,25875,25228,2246,150,25259,1,3:07
2024-25,1641737,Adem Bona,Adem,1610612755,PHI,Philadelphia 76ers,0022400789,2025-02-20T00:00:00,PHI vs. BOS,L,0.575,0.0,0.0,0.0,0.0,0.0,0.0,0.0,0.0,0.0,0.0,0.0,0.0,0.0,0.0,0.0,0.0,0.0,0.0,0.0,0.0,125.2,0.0,0,0,0.0,1,13222,1,13222,26191,22635,24836,22635,15070,20945,15070,13505,14344,13505,14058,22137,23286,19908,16469,12854,8263,8846,20257,17725,23200,34,25228,2246,150,25259,1,0:35
2024-25,1631248,Baylor Scheierman,Baylor,1610612738,BOS,Boston Celtics,0022400789,2025-02-20T00:00:00,BOS @ PHI,W,0.575,0.0,0.0,0.0,0.0,0.0,0.0,0.0,0.0,0.0,0.0,0.0,0.0,0.0,0.0,0.0,0.0,0.0,0.0,0.0,0.0,-125.2,0.0,0,0,0.0,1,1,13086,1,26191,22635,24836,22635,15070,20945,15070,13505,14344,13505,14058,22137,23286,19908,16469,12854,8263,8846,20257,17725,23200,26236,25228,2246,150,25259,1,0:35
2024-25,1627824,Guerschon Yabusele,Guerschon,1610612755,PHI,Philadelphia 76ers,0022400789,2025-02-20T00:00:00,PHI vs. BOS,L,24.638333333333332,2.9,8.8,0.333,0.0,1.5,0.0,0.0,0.0,0.0,4.4,7.3,11.7,0.0,0.0,1.5,0.0,1.5,4.4,1.5,5.8,-5.8,24.3,0,0,20.5,1,13222,1,13222,12341,19600,19080,17395,15070,20311,15070,13505,14344,13505,3074,5821,3769,19908,16469,8575,8263,4935,6060,15181,21495,15997,18770,2246,150,20606,1,24:38
2024-25,202684,Tristan Thompson,Tristan,1610612739,CLE,Cleveland Cavaliers,0022400791,2025-02-20T00:00:00,CLE @ BKN,W,3.1166666666666667,0.0,0.0,0.0,0.0,0.0,0.0,0.0,0.0,0.0,0.0,0.0,0.0,0.0,0.0,0.0,0.0,0.0,0.0,0.0,0.0,-69.3,0.0,0,0,0.0,1,1,13086,1,24935,22635,24836,22635,15070,20945,15070,13505,14344,13505,14058,22137,23286,19908,16469,12854,8263,8846,20257,17725,23200,25875,25228,2246,150,25259,1,3:07
2024-25,1629599,Amir Coffey,Amir,1610612746,LAC,LA Clippers,0022400793,2025-02-20T00:00:00,LAC @ MIL,L,30.116666666666667,3.6,8.4,0.429,0.0,1.2,0.0,2.4,2.4,1.0,0.0,2.4,2.4,0.0,1.2,0.0,0.0,1.2,6.0,1.2,9.6,2.4,11.2,0,0,12.0,1,13222,1,13222,7664,18115,19691,13735,15070,20626,15070,9362,11517,1,14058,18513,21027,19908,14476,12854,8263,6296,2980,16428,18579,11420,24190,2246,150,23988,1,30:07
2024-25,1630245,Ayo Dosunmu,Ayo,1610612741,CHI,Chicago Bulls,0022400792,2025-02-20T00:00:00,CHI @ NYK,L,28.116666666666667,2.6,10.2,0.25,1.3,6.4,0.2,0.0,0.0,0.0,0.0,6.4,6.4,3.8,3.8,1.3,0.0,0.0,1.3,0.0,6.4,-20.5,19.8,0,0,20.5,1,13222,1,13222,9444,20350,16656,20233,12934,9747,13429,13505,14344,13505,14058,7504,11393,10388,4205,9580,8263,8846,18122,17725,21121,21703,21242,2246,150,20587,1,28:07
2024-25,1629632,Coby White,Coby,1610612741,CHI,Chicago Bulls,0022400792,2025-02-20T00:00:00,CHI @ NYK,L,40.96666666666667,4.4,9.7,0.455,0.9,2.6,0.333,0.0,0.0,0.0,0.0,1.8,1.8,5.3,0.9,0.0,0.9,1.8,0.0,0.9,9.7,2.6,21.4,0,0,19.3,1,13222,1,13222,376,16080,17637,12676,14998,18385,9209,13505,14344,13505,14058,20336,22219,6890,16385,12854,8146,4013,20257,17685,18476,11302,20449,2246,150,21236,1,40:58
2024-25,1641739,Toumani Camara,Toumani,1610612757,POR,Portland Trail Blazers,0022400796,2025-02-20T00:00:00,POR vs. LAL,L,37.7,6.7,7.6,0.875,2.9,3.8,0.75,1.9,1.9,1.0,1.9,4.8,6.7,2.9,1.9,4.8,0.0,0.0,2.9,3.8,18.1,4.8,42.9,0,0,40.1,1,13222,1,13222,1568,9723,20730,1353,7008,15957,1542,10912,12955,1,8772,11500,10764,13400,10991,1037,8263,8846,11342,6791,9685,10239,6183,2246,150,6726,1,37:42
2024-25,1627747,Caris LeVert,Caris,1610612737,ATL,Atlanta Hawks,0022400790,2025-02-20T00:00:00,ATL vs. ORL,L,28.283333333333335,7.6,16.5,0.462,0.0,3.8,0.0,1.3,5.1,0.25,0.0,5.1,5.1,0.0,0.0,2.5,0.0,0.0,5.1,3.8,16.5,-10.2,30.3,0,0,26.7,1,13222,1,13222,9310,7420,6369,12428,15070,15960,15070,12377,5773,13358,14058,10596,14542,19908,16469,4267,8263,8846,4400,6795,11340,17964,14582,2246,150,16378,1,28:17
2024-25,1628989,Kevin Huerter,Kevin,1610612741,CHI,Chicago Bulls,0022400792,2025-02-20T00:00:00,CHI @ NYK,L,18.738333333333333,5.8,17.3,0.333,5.8,11.5,0.5,0.0,0.0,0.0,0.0,1.9,1.9,1.9,0.0,1.9,0.0,0.0,3.8,0.0,17.3,-21.1,28.2,0,0,30.7,1,13222,1,13222,17014,12226,5464,17395,1515,2084,3944,13505,14344,13505,14058,19915,21965,16672,16469,6663,8263,8846,7621,17725,10537,21867,16047,2246,150,13368,1,18:44
2024-25,1628969,Mikal Bridges,Mikal,1610612752,NYK,New York Knicks,0022400792,2025-02-20T00:00:00,NYK vs. CHI,W,43.53333333333333,5.0,13.2,0.375,0.8,4.1,0.2,0.0,0.0,0.0,3.3,5.0,8.3,4.1,3.3,0.0,1.7,0.8,0.0,0.8,10.8,0.8,28.5,1,0,27.3,1,1,13086,1,114,14507,11424,16299,15052,15262,13429,13505,14344,13505,4734,10995,7823,9565,5482,12854,4407,8806,20257,17712,17415,12233,15857,1,150,15959,1,43:32
2024-25,1630540,Miles McBride,Miles,1610612752,NYK,New York Knicks,0022400792,2025-02-20T00:00:00,NYK vs. CHI,W,42.333333333333336,7.7,16.2,0.474,4.3,10.2,0.417,0.0,0.0,0.0,2.6,2.6,5.1,2.6,0.0,2.6,2.6,0.0,0.9,0.0,19.6,-1.7,44.8,0,0,41.7,1,1,13086,1,225,7374,6890,12072,3481,3266,7826,13505,14344,13505,6471,18052,14510,14361,16469,4255,2292,8846,20209,17725,8299,13876,5264,2246,150,5812,1,42:20
2024-25,1628369,Jayson Tatum,Jayson,1610612738,BOS,Boston Celtics,0022400789,2025-02-20T00:00:00,BOS @ PHI,W,34.53333333333333,5.2,13.6,0.385,2.1,7.3,0.286,3.1,3.1,1.0,0.0,11.5,11.5,10.4,3.1,1.0,0.0,0.0,1.0,1.0,15.6,19.8,45.0,1,1,41.7,1,1,13086,1,3822,13784,10917,16070,9746,7822,11433,7479,9652,1,14058,1658,3989,1233,6046,11564,8263,8846,19457,17204,12278,4014,5159,1,1,5799,1,34:32
2024-25,1629660,Ty Jerome,Ty,1610612739,CLE,Cleveland Cavaliers,0022400791,2025-02-20T00:00:00,CLE @ BKN,W,17.176666666666666,4.2,8.4,0.5,2.1,2.1,1.0,2.1,4.2,0.5,0.0,2.1,2.1,6.3,6.3,2.1,0.0,2.1,4.2,2.1,12.6,16.8,24.5,0,0,27.2,1,1,13086,1,18154,16616,19660,8526,9706,19376,1,10311,7429,10625,14058,19375,21621,5047,1230,5809,8263,2936,6579,12630,15519,4980,18594,2246,150,15985,1,17:11
2024-25,1631110,Jeremy Sochan,Jeremy,1610612759,SAS,San Antonio Spurs,0022400795,2025-02-20T00:00:00,SAS vs. PHX,W,28.183333333333334,6.4,10.2,0.625,1.3,2.6,0.5,1.3,2.6,0.5,1.3,5.1,6.4,5.1,1.3,1.3,0.0,0.0,2.6,3.8,15.3,17.9,33.2,0,0,30.7,1,1,13086,1,9395,10480,16698,4899,12945,18531,3944,12360,11075,10625,11315,10536,11434,7226,13922,9597,8263,8846,12585,6762,12591,4597,12418,2246,150,13431,1,28:11
2024-25,1631097,Bennedict Mathurin,Bennedict,1610612754,IND,Indiana Pacers,0022400788,2025-02-20T00:00:00,IND vs. MEM,W,24.416666666666668,8.8,13.3,0.667,1.5,2.9,0.5,4.4,4.4,1.0,1.5,4.4,5.9,1.5,1.5,2.9,1.5,1.5,0.0,4.4,23.6,4.4,44.7,0,0,41.3,1,1,13086,1,12550,4977,11361,3281,12143,17757,3944,4951,6988,1,10415,12472,12534,18076,12880,3274,4947,4865,20257,5294,5065,10418,5341,2246,150,6034,1,24:25
2024-25,1629216,Gabe Vincent,Gabe,1610612747,LAL,Los Angeles Lakers,0022400796,2025-02-20T00:00:00,LAL @ POR,W,16.006666666666668,4.5,15.7,0.286,2.2,13.5,0.167,4.5,4.5,1.0,0.0,2.2,2.2,2.2,0.0,2.2,0.0,0.0,6.7,4.5,15.7,0.0,28.6,0,0,27.0,1,1,13086,1,18926,15788,7483,19630,9050,1100,14236,4842,6846,1,14058,18923,21320,15440,16469,5223,8263,8846,2178,5150,12183,12240,15829,2246,150,16166,1,16:00
2024-25,1629013,Landry Shamet,Landry,1610612752,NYK,New York Knicks,0022400792,2025-02-20T00:00:00,NYK vs. CHI,W,17.316666666666666,4.2,8.3,0.5,4.2,8.3,0.5,2.1,4.2,0.5,0.0,2.1,2.1,2.1,0.0,2.1,0.0,0.0,0.0,4.2,14.6,4.2,26.4,0,0,27.0,1,1,13086,1,18060,16709,19773,8526,3656,5889,3944,10362,7507,10625,14058,19426,21654,16075,16469,5879,8263,8846,20257,5934,13347,10567,17348,2246,150,16136,1,17:19
2024-25,1631230,Dominick Barlow,Dominick,1610612737,ATL,Atlanta Hawks,0022400790,2025-02-20T00:00:00,ATL vs. ORL,L,6.983333333333333,10.3,10.3,1.0,5.2,5.2,1.0,0.0,0.0,0.0,10.3,0.0,10.3,0.0,0.0,0.0,0.0,0.0,0.0,0.0,25.8,15.5,38.1,0,0,41.2,1,13222,1,13222,23177,2903,16544,1,2102,12811,1,13505,14344,13505,364,22137,5105,19908,16469,12854,8263,8846,20257,17725,3790,5446,8927,2246,150,6052,1,6:59
2024-25,1630533,Ziaire Williams,Ziaire,1610612751,BKN,Brooklyn Nets,0022400791,2025-02-20T00:00:00,BKN vs. CLE,L,30.76,3.5,10.5,0.333,1.2,8.2,0.143,3.5,3.5,1.0,1.2,7.0,8.2,2.3,2.3,2.3,1.2,0.0,4.7,2.3,11.7,-9.4,33.2,0,0,30.4,1,13222,1,13222,7084,18302,16161,17395,13534,6094,14649,6685,8868,1,11991,6323,7943,15084,8902,4897,6360,8846,5335,11584,16448,17612,12396,2246,150,13600,1,30:46
2024-25,1630215,Jared Butler,Jared,1610612755,PHI,Philadelphia 76ers,0022400789,2025-02-20T00:00:00,PHI vs. BOS,L,3.45,0.0,41.7,0.0,0.0,31.3,0.0,0.0,0.0,0.0,0.0,0.0,0.0,0.0,0.0,10.4,0.0,0.0,0.0,0.0,0.0,-10.4,31.3,0,0,20.9,1,13222,1,13222,24736,22635,66,22635,15070,54,15070,13505,14344,13505,14058,22137,23286,19908,16469,111,8263,8846,20257,17725,23200,18077,13824,2246,150,20358,1,3:27
2024-25,1628366,Lonzo Ball,Lonzo,1610612741,CHI,Chicago Bulls,0022400792,2025-02-20T00:00:00,CHI @ NYK,L,29.683333333333334,4.9,15.8,0.308,3.6,10.9,0.333,3.6,6.1,0.6,0.0,4.9,4.9,4.9,1.2,0.0,0.0,0.0,1.2,2.4,17.0,6.1,28.9,0,0,30.3,1,13222,1,13222,8057,14805,7448,19226,4831,2574,9209,6410,4388,10343,14058,11277,15176,7792,14341,12854,8263,8846,18459,11244,10865,9586,15590,2246,150,13699,1,29:41
2024-25,1631217,Moussa Diabaté,Moussa,1610612766,CHA,Charlotte Hornets,0022400794,2025-02-20T00:00:00,CHA @ DEN,L,29.3,3.7,12.3,0.3,0.0,0.0,0.0,6.1,8.6,0.714,2.5,4.9,7.4,0.0,0.0,0.0,0.0,0.0,4.9,4.9,13.5,-22.1,22.4,0,0,20.9,1,13222,1,13222,8400,17872,13105,19363,15070,20945,15070,2734,2124,9244,6758,11120,9424,19908,16469,12854,8263,8846,4807,4266,14485,22102,19945,2246,150,20352,1,29:18
2024-25,1630188,Jalen Smith,Jalen,1610612741,CHI,Chicago Bulls,0022400792,2025-02-20T00:00:00,CHI @ NYK,L,2.0,0.0,18.0,0.0,0.0,18.0,0.0,0.0,0.0,0.0,0.0,18.0,18.0,18.0,18.0,0.0,0.0,0.0,18.0,0.0,0.0,-18.0,30.6,0,0,36.0,1,13222,1,13222,25452,22635,4664,22635,15070,332,15070,13505,14344,13505,14058,255,898,137,73,12854,8263,8846,152,17725,23200,20931,14347,2246,150,9360,1,2:00
2024-25,1627752,Taurean Prince,Taurean,1610612749,MIL,Milwaukee Bucks,0022400793,2025-02-20T00:00:00,MIL vs. LAC,W,30.733333333333334,4.7,10.5,0.444,4.7,8.2,0.571,2.3,2.3,1.0,2.3,5.9,8.2,1.2,3.5,0.0,0.0,2.3,2.3,3.5,16.4,1.2,24.5,0,0,30.5,1,1,13086,1,7100,15269,16148,13045,2749,6083,3506,9473,11649,1,7110,8650,7936,19114,4981,12854,8263,2347,13468,7623,11497,12035,18627,2246,150,13576,1,30:44
2024-25,1630173,Precious Achiuwa,Precious,1610612752,NYK,New York Knicks,0022400792,2025-02-20T00:00:00,NYK vs. CHI,W,46.085,3.9,8.6,0.455,0.8,2.3,0.333,0.0,0.0,0.0,0.0,7.0,7.0,0.0,0.8,2.3,0.0,0.0,1.6,0.0,8.6,0.0,23.3,0,0,21.1,1,1,13086,1,33,17309,19364,12676,15065,18914,9209,13505,14344,13505,14058,6310,10099,19908,16459,4886,8263,8846,16987,17725,19438,12240,19386,2246,150,20226,1,46:05
2024-25,1629060,Rui Hachimura,Rui,1610612747,LAL,Los Angeles Lakers,0022400796,2025-02-20T00:00:00,LAL @ POR,W,35.045,3.1,7.2,0.429,0.0,3.1,0.0,0.0,0.0,0.0,4.1,8.2,12.3,1.0,1.0,0.0,1.0,0.0,2.1,0.0,6.2,0.0,24.6,0,0,21.6,1,1,13086,1,3432,19248,21326,13735,15070,17487,15070,13505,14344,13505,3438,4401,3250,19597,15657,12854,7290,8846,14849,17725,21272,12240,18569,2246,150,19918,1,35:03
2024-25,1629018,Gary Trent Jr.,Gary,1610612749,MIL,Milwaukee Bucks,0022400793,2025-02-20T00:00:00,MIL vs. LAC,W,22.133333333333333,3.3,9.8,0.333,1.6,4.9,0.333,3.3,3.3,1.0,0.0,0.0,0.0,4.9,1.6,1.6,0.0,0.0,3.3,1.6,11.4,-9.8,22.0,0,0,21.1,1,1,13086,1,14393,18877,17450,17395,11610,13494,9209,7201,9417,1,14058,22137,23286,7735,12231,7898,8263,8846,9641,14538,16809,17777,20170,2246,150,20195,1,22:08
2024-25,201566,Russell Westbrook,Russell,1610612743,DEN,Denver Nuggets,0022400794,2025-02-20T00:00:00,DEN vs. CHA,W,25.583333333333332,4.2,14.1,0.3,1.4,5.6,0.25,1.4,1.4,1.0,0.0,4.2,4.2,9.9,7.0,0.0,0.0,1.4,2.8,4.2,11.3,23.9,24.1,0,0,26.7,1,1,13086,1,11499,16540,10052,19363,12423,11635,11902,12006,13586,1,14058,13055,16754,1509,879,12854,8263,5156,11579,5787,16941,3040,18910,2246,150,16370,1,25:35
2024-25,1631124,Julian Strawther,Julian,1610612743,DEN,Denver Nuggets,0022400794,2025-02-20T00:00:00,DEN vs. CHA,W,22.066666666666666,8.2,16.3,0.5,6.5,11.4,0.571,3.3,3.3,1.0,0.0,6.5,6.5,3.3,1.6,0.0,0.0,0.0,3.3,4.9,26.1,24.5,37.2,0,0,42.4,1,1,13086,1,14445,6293,6656,8526,992,2158,3506,7176,9395,1,14058,7246,11111,12100,12210,12854,8263,8846,9599,4305,3627,2933,9534,2246,150,5449,1,22:04
2024-25,203552,Seth Curry,Seth,1610612766,CHA,Charlotte Hornets,0022400794,2025-02-20T00:00:00,CHA @ DEN,L,13.25,8.2,16.3,0.5,2.7,8.2,0.333,0.0,0.0,0.0,0.0,2.7,2.7,0.0,2.7,2.7,0.0,0.0,2.7,0.0,19.0,-19.0,27.7,0,0,29.9,1,13222,1,13222,20626,6299,6680,8526,7489,6169,9209,13505,14344,13505,14058,17645,20411,19908,7476,3869,8263,8846,11962,17725,8839,21245,16419,2246,150,14037,1,13:15
2024-25,1630570,Trendon Watford,Trendon,1610612751,BKN,Brooklyn Nets,0022400791,2025-02-20T00:00:00,BKN vs. CLE,L,21.35,6.7,18.5,0.364,1.7,1.7,1.0,6.7,8.4,0.8,1.7,5.1,6.7,5.1,5.1,0.0,0.0,1.7,3.4,5.1,21.9,-18.5,32.5,0,0,35.4,1,13222,1,13222,15033,9583,4175,16861,11442,20062,1,2202,2243,7681,9626,10709,10642,7336,2270,12854,8263,4184,9178,4000,6276,21082,12921,2246,150,9785,1,21:21
2024-25,201599,DeAndre Jordan,DeAndre,1610612743,DEN,Denver Nuggets,0022400794,2025-02-20T00:00:00,DEN vs. CHA,W,11.083333333333334,6.5,6.5,1.0,0.0,0.0,0.0,0.0,0.0,0.0,6.5,16.2,22.7,0.0,3.2,0.0,0.0,0.0,3.2,3.2,13.0,0.0,37.0,0,0,35.7,1,1,13086,1,21667,10197,22117,1,15070,20945,15070,13505,14344,13505,1370,403,276,19908,5663,12854,8263,8846,9653,8406,15097,12240,9677,2246,150,9553,1,11:05
2024-25,1629630,Ja Morant,Ja,1610612763,MEM,Memphis Grizzlies,0022400788,2025-02-20T00:00:00,MEM @ IND,L,30.333333333333332,4.7,17.8,0.267,0.0,3.6,0.0,4.7,5.9,0.8,0.0,0.0,0.0,7.1,5.9,0.0,0.0,4.7,3.6,4.7,14.2,-13.1,19.0,0,0,21.4,1,13222,1,13222,7467,15116,4906,20170,15070,16530,15070,4434,4564,7681,14058,22137,23286,3860,1425,12854,8263,425,8561,4617,13673,19148,21649,2246,150,20065,1,30:20
2024-25,202696,Nikola Vučević,Nikola,1610612741,CHI,Chicago Bulls,0022400792,2025-02-20T00:00:00,CHI @ NYK,L,36.166666666666664,9.0,20.9,0.429,3.0,5.0,0.6,0.0,0.0,0.0,2.0,7.0,9.0,1.0,4.0,0.0,1.0,2.0,3.0,1.0,20.9,0.0,32.2,0,0,35.8,1,13222,1,13222,2557,4794,2399,13735,6569,13260,2992,13505,14344,13505,8430,6418,6811,19689,3915,12854,7507,3252,10791,17416,7163,12240,13217,2246,150,9494,1,36:10
2024-25,1630169,Tyrese Haliburton,Tyrese,1610612754,IND,Indiana Pacers,0022400788,2025-02-20T00:00:00,IND vs. MEM,W,32.35,10.0,18.9,0.529,4.5,12.2,0.364,0.0,0.0,0.0,1.1,4.5,5.6,10.0,1.1,1.1,1.1,1.1,3.3,0.0,24.5,8.9,51.7,0,0,49.0,1,1,13086,1,5691,3208,3826,8281,3152,1653,9100,13505,14344,13505,12372,12400,13380,1424,15042,10915,6706,6940,9295,17725,4499,8221,2769,2246,150,2845,1,32:21
2024-25,1629048,Goga Bitadze,Goga,1610612753,ORL,Orlando Magic,0022400790,2025-02-20T00:00:00,ORL @ ATL,W,15.65,6.9,6.9,1.0,0.0,0.0,0.0,0.0,0.0,0.0,2.3,11.5,13.8,2.3,0.0,2.3,4.6,0.0,2.3,2.3,13.8,13.8,54.5,0,0,43.7,1,1,13086,1,19166,9153,21665,1,15070,20945,15070,13505,14344,13505,7240,1627,2331,15227,16469,5033,647,8846,13643,11737,14152,6080,2083,2246,150,4831,1,15:39
2024-25,2544,LeBron James,LeBron,1610612747,LAL,Los Angeles Lakers,0022400796,2025-02-20T00:00:00,LAL @ POR,W,35.705,14.1,24.2,0.583,4.0,8.1,0.5,8.1,8.1,1.0,0.0,8.1,8.1,4.0,11.1,2.0,1.0,1.0,2.0,6.0,40.3,8.1,54.0,0,0,62.5,1,1,13086,1,2901,678,1016,6296,3934,6340,3944,1378,2475,1,14058,4611,8144,9858,251,6182,7431,7850,15054,2563,428,8603,2191,2246,150,613,1,35:42
2024-25,1626167,Myles Turner,Myles,1610612754,IND,Indiana Pacers,0022400788,2025-02-20T00:00:00,IND vs. MEM,W,32.51166666666666,6.6,18.8,0.353,3.3,10.0,0.333,2.2,2.2,1.0,1.1,10.0,11.1,2.2,0.0,1.1,7.8,4.4,2.2,3.3,18.8,24.4,62.0,1,0,53.2,1,1,13086,1,5551,9838,3905,17268,5600,3529,9209,9897,12046,1,12415,2608,4347,15577,16469,10961,156,503,14036,8193,9011,2952,963,1,150,1778,1,32:31
2024-25,1630182,Josh Green,Josh,1610612766,CHA,Charlotte Hornets,0022400794,2025-02-20T00:00:00,CHA @ DEN,L,27.4,9.2,17.1,0.538,6.6,10.5,0.625,0.0,0.0,0.0,0.0,3.9,3.9,2.6,1.3,1.3,0.0,0.0,2.6,1.3,25.0,1.3,36.3,0,0,40.7,1,13222,1,13222,10016,4363,5715,7978,962,2967,2868,13505,14344,13505,14058,13907,17463,14127,13742,9389,8263,8846,12332,15846,4231,11947,10185,2246,150,6369,1,27:24
2024-25,1626157,Karl-Anthony Towns,Karl-Anthony,1610612752,NYK,New York Knicks,0022400792,2025-02-20T00:00:00,NYK vs. CHI,W,42.626666666666665,11.8,25.3,0.467,1.7,8.4,0.2,1.7,3.4,0.5,1.7,13.5,15.2,1.7,2.5,1.7,0.0,1.7,1.7,4.2,27.0,1.7,50.3,1,0,49.0,1,1,13086,1,187,1640,762,12249,11434,5675,13429,11439,9146,10625,9618,874,1686,17402,8107,7654,8263,4177,16567,5786,3195,11795,3173,1,150,2839,1,42:38
2024-25,1628386,Jarrett Allen,Jarrett,1610612739,CLE,Cleveland Cavaliers,0022400791,2025-02-20T00:00:00,CLE @ BKN,W,24.783333333333335,11.6,13.1,0.889,0.0,0.0,0.0,0.0,2.9,0.0,10.2,18.9,29.1,0.0,2.9,1.5,1.5,1.5,5.8,2.9,23.2,21.8,63.9,1,0,58.1,1,1,13086,1,12187,1794,11727,1318,15070,20945,15070,13505,10221,13505,383,211,104,19908,6823,8622,5033,4975,3202,9581,5334,3509,787,1,150,1013,1,24:47
2024-25,1630590,Scotty Pippen Jr.,Scotty,1610612763,MEM,Memphis Grizzlies,0022400788,2025-02-20T00:00:00,MEM @ IND,L,1.5166666666666666,23.7,23.7,1.0,0.0,0.0,0.0,0.0,0.0,0.0,0.0,0.0,0.0,23.7,0.0,47.5,0.0,0.0,0.0,0.0,47.5,94.9,225.5,0,0,166.2,1,13222,1,13222,25778,83,1137,1,15070,20945,15070,13505,14344,13505,14058,22137,23286,46,16469,2,8263,8846,20257,17725,198,91,8,2246,150,12,1,1:31
2024-25,1642270,Donovan Clingan,Donovan,1610612757,POR,Portland Trail Blazers,0022400796,2025-02-20T00:00:00,POR vs. LAL,L,16.783333333333335,6.4,8.6,0.75,0.0,0.0,0.0,0.0,0.0,0.0,2.1,10.7,12.9,0.0,6.4,2.1,6.4,2.1,4.3,0.0,12.9,-21.4,47.6,0,0,42.9,1,13222,1,13222,18397,10343,19385,2107,15070,20945,15070,13505,14344,13505,7779,2062,2895,19908,1162,5615,249,2782,6314,17725,15224,21952,4105,2246,150,5194,1,16:47
2024-25,1628970,Miles Bridges,Miles,1610612766,CHA,Charlotte Hornets,0022400794,2025-02-20T00:00:00,CHA @ DEN,L,33.75,12.8,24.5,0.522,5.3,10.7,0.5,7.5,7.5,1.0,4.3,9.6,13.9,7.5,0.0,3.2,1.1,2.1,1.1,5.3,38.4,1.1,79.0,1,0,73.6,1,13222,1,13222,4481,1109,924,8473,1915,2812,3944,1691,2943,1,3220,2915,2299,3444,16469,2743,7015,2824,19303,3582,567,12105,212,1,150,254,1,33:45
2024-25,1628368,De'Aaron Fox,De'Aaron,1610612759,SAS,San Antonio Spurs,0022400795,2025-02-20T00:00:00,SAS vs. PHX,W,37.28333333333333,7.7,18.3,0.421,2.9,6.8,0.429,6.8,8.7,0.778,0.0,8.7,8.7,6.8,1.9,1.9,1.9,2.9,3.9,6.8,25.1,11.6,55.3,0,0,51.2,1,1,13086,1,1807,7215,4337,14442,6877,8990,7394,2186,2060,8092,14058,3851,7179,4340,10892,6615,3674,1469,7570,1851,4167,6973,1928,2246,150,2237,1,37:17
2024-25,1628991,Jaren Jackson Jr.,Jaren,1610612763,MEM,Memphis Grizzlies,0022400788,2025-02-20T00:00:00,MEM @ IND,L,29.916666666666668,8.4,16.8,0.5,1.2,2.4,0.5,3.6,4.8,0.75,0.0,8.4,8.4,4.8,1.2,0.0,2.4,1.2,6.0,6.0,21.7,-7.2,45.0,0,0,40.9,1,13222,1,13222,7855,5756,5984,8526,13342,18792,3944,6470,6275,8186,14058,4134,7587,7885,14414,12854,2539,6232,2917,2600,6494,16596,5178,2246,150,6260,1,29:55
2024-25,1631094,Paolo Banchero,Paolo,1610612753,ORL,Orlando Magic,0022400790,2025-02-20T00:00:00,ORL @ ATL,W,37.2,10.6,24.2,0.44,2.9,9.7,0.3,10.6,15.5,0.688,1.9,7.7,9.7,4.8,2.9,0.0,0.0,1.0,1.0,7.7,34.8,9.7,50.8,1,0,52.3,1,1,13086,1,1859,2562,1017,13537,6858,3883,11319,541,317,9422,8684,5093,5829,7819,6832,12854,8263,8204,19870,1170,982,7850,3044,1,150,1978,1,37:12
2024-25,1629626,Bol Bol,Bol,1610612756,PHX,Phoenix Suns,0022400795,2025-02-20T00:00:00,PHX @ SAS,L,9.783333333333333,7.4,11.0,0.667,3.7,7.4,0.5,0.0,0.0,0.0,3.7,11.0,14.7,0.0,7.4,0.0,3.7,0.0,3.7,0.0,18.4,-47.8,39.7,0,0,44.2,1,13222,1,13222,22179,8099,15298,3281,4737,7704,3944,13505,14344,13505,4069,1888,1903,19908,758,12854,1097,8846,8165,17725,9420,25305,7926,2246,150,4612,1,9:47
2024-25,204456,T.J. McConnell,T.J.,1610612754,IND,Indiana Pacers,0022400788,2025-02-20T00:00:00,IND vs. MEM,W,15.733333333333333,4.6,6.9,0.667,2.3,2.3,1.0,4.6,4.6,1.0,0.0,4.6,4.6,16.0,4.6,0.0,2.3,0.0,6.9,2.3,16.0,20.6,47.8,0,0,43.5,1,1,13086,1,19108,15554,21720,3281,8897,19013,1,4722,6699,1,14058,12057,15870,214,2885,12854,2769,8846,2094,11802,11907,3784,4039,2246,150,4926,1,15:44
2024-25,1628401,Derrick White,Derrick,1610612738,BOS,Boston Celtics,0022400789,2025-02-20T00:00:00,BOS @ PHI,W,25.95,6.9,13.9,0.5,4.2,9.7,0.429,4.2,4.2,1.0,0.0,13.9,13.9,2.8,1.4,0.0,0.0,0.0,1.4,1.4,22.2,19.4,41.6,1,0,43.0,1,1,13086,1,11194,9078,10392,8526,3647,3835,7394,5409,7488,1,14058,791,2294,13671,13355,12854,8263,8846,17672,15507,6076,4134,6818,1,150,5139,1,25:57
2024-25,203999,Nikola Jokić,Nikola,1610612743,DEN,Denver Nuggets,0022400794,2025-02-20T00:00:00,DEN vs. CHA,W,36.916666666666664,10.7,21.5,0.5,5.9,13.7,0.429,1.0,2.0,0.5,3.9,12.7,16.6,8.8,2.0,1.0,1.0,0.0,1.0,2.9,28.3,13.7,65.2,1,0,63.4,1,1,13086,1,2050,2481,2063,8526,1432,1040,7394,13311,12857,10625,3725,1105,1242,2201,10778,12166,7653,8846,19834,9504,2679,6147,685,1,150,555,1,36:55
2024-25,1630581,Josh Giddey,Josh,1610612741,CHI,Chicago Bulls,0022400792,2025-02-20T00:00:00,CHI @ NYK,L,34.4,11.5,18.8,0.611,4.2,6.3,0.667,1.0,1.0,1.0,6.3,10.5,16.7,4.2,4.2,1.0,1.0,2.1,2.1,1.0,28.3,7.3,56.7,1,0,57.6,1,13222,1,13222,3923,1862,3895,5351,3591,10022,1957,13089,14140,1,1483,2255,1189,9422,3523,11529,7157,2941,14640,17188,2686,8972,1687,1,150,1090,1,34:24
2024-25,201572,Brook Lopez,Brook,1610612749,MIL,Milwaukee Bucks,0022400793,2025-02-20T00:00:00,MIL vs. LAC,W,30.75,9.4,16.4,0.571,4.7,8.2,0.571,2.3,2.3,1.0,4.7,3.5,8.2,2.3,2.3,1.2,4.7,0.0,1.2,3.5,25.8,-3.5,54.3,0,0,52.7,1,1,13086,1,7086,4095,6557,6538,2763,6091,3506,9485,11659,1,2699,15198,7939,15079,8899,10428,620,8846,18713,7625,3804,14806,2133,2246,150,1878,1,30:45
2024-25,1627750,Jamal Murray,Jamal,1610612743,DEN,Denver Nuggets,0022400794,2025-02-20T00:00:00,DEN vs. CHA,W,34.6,12.5,18.7,0.667,7.3,10.4,0.7,3.1,4.2,0.75,0.0,1.0,1.0,4.2,2.1,0.0,2.1,0.0,5.2,4.2,35.4,-5.2,47.0,0,0,52.0,1,1,13086,1,3784,1252,4002,3281,673,3062,1937,7489,7488,8186,14058,21897,23172,9488,10089,12854,3252,8846,4186,5918,917,15700,4301,2246,150,2033,1,34:36
2024-25,1630549,Day'Ron Sharpe,Day'Ron,1610612751,BKN,Brooklyn Nets,0022400791,2025-02-20T00:00:00,BKN vs. CLE,L,19.766666666666666,5.5,18.2,0.3,1.8,3.6,0.5,0.0,0.0,0.0,3.6,14.6,18.2,5.5,5.5,1.8,7.3,5.5,5.5,0.0,12.7,-10.9,64.7,0,0,56.5,1,13222,1,13222,16206,13092,4447,19363,10985,16344,3944,13505,14344,13505,4136,645,851,6500,1844,7151,185,289,3757,17725,15337,18289,725,2246,150,1236,1,19:46
2024-25,204001,Kristaps Porziņģis,Kristaps,1610612738,BOS,Boston Celtics,0022400789,2025-02-20T00:00:00,BOS @ PHI,W,25.366666666666667,7.1,15.6,0.455,4.3,8.5,0.5,5.7,7.1,0.8,1.4,4.3,5.7,1.4,2.8,1.4,1.4,0.0,7.1,8.5,24.1,19.9,38.7,0,0,41.2,1,1,13086,1,11682,8713,7682,12676,3470,5564,3944,3212,3277,7681,10668,12947,13091,18275,7071,8804,5152,8846,1902,822,4719,3990,8567,2246,150,6106,1,25:22
2024-25,1629027,Trae Young,Trae,1610612737,ATL,Atlanta Hawks,0022400790,2025-02-20T00:00:00,ATL vs. ORL,L,36.833333333333336,12.7,27.4,0.464,3.9,12.7,0.308,7.8,9.8,0.8,1.0,2.0,2.9,5.9,4.9,1.0,0.0,0.0,3.9,7.8,37.1,-6.8,47.5,0,0,51.8,1,13222,1,13222,2107,1147,456,12422,4180,1422,11292,1497,1474,7681,13441,19812,19904,5737,2484,12146,8263,8846,7414,1118,681,16445,4139,2246,150,2081,1,36:50
2024-25,203507,Giannis Antetokounmpo,Giannis,1610612749,MIL,Milwaukee Bucks,0022400793,2025-02-20T00:00:00,MIL vs. LAC,W,23.75,15.2,21.2,0.714,0.0,3.0,0.0,4.5,7.6,0.6,0.0,12.1,12.1,6.1,4.5,0.0,1.5,0.0,4.5,10.6,34.9,-1.5,58.5,0,0,56.1,1,1,13086,1,13112,462,2197,2752,15070,17584,15070,4757,2832,10343,14058,1299,3399,5375,2926,12854,4793,8846,5669,318,979,13807,1408,2246,150,1291,1,23:45
2024-25,203992,Bogdan Bogdanović,Bogdan,1610612746,LAC,LA Clippers,0022400793,2025-02-20T00:00:00,LAC @ MIL,L,19.8,9.1,18.2,0.5,7.3,12.7,0.571,1.8,3.6,0.5,0.0,3.6,3.6,9.1,1.8,3.6,0.0,1.8,5.5,1.8,27.3,-20.0,54.4,0,0,54.5,1,13222,1,13222,16175,4548,4478,8526,679,1411,3506,11202,8612,10625,14058,14828,18235,1947,11460,2051,8263,3842,3773,13860,3076,21550,2125,2246,150,1540,1,19:48
2024-25,203994,Jusuf Nurkić,Jusuf,1610612766,CHA,Charlotte Hornets,0022400794,2025-02-20T00:00:00,CHA @ DEN,L,18.7,7.7,21.2,0.364,0.0,7.7,0.0,1.9,1.9,1.0,7.7,11.6,19.3,13.5,3.9,1.9,1.9,0.0,5.8,3.9,17.3,7.7,68.3,0,0,57.8,1,13222,1,13222,17035,7271,2220,16861,15070,7002,15070,10879,12919,1,880,1591,635,453,4186,6646,3692,8846,3262,6704,10502,8769,504,2246,150,1056,1,18:42
2024-25,1630577,Julian Champagnie,Julian,1610612759,SAS,San Antonio Spurs,0022400795,2025-02-20T00:00:00,SAS vs. PHX,W,15.933333333333334,11.3,15.8,0.714,6.8,11.3,0.6,4.5,4.5,1.0,0.0,4.5,4.5,4.5,0.0,0.0,0.0,0.0,4.5,2.3,33.9,-13.6,46.1,0,0,49.7,1,1,13086,1,18975,2014,7397,2752,852,2256,2992,4803,6807,1,14058,12213,15999,8608,16469,12854,8263,8846,5733,11899,1148,19326,4708,2246,150,2610,1,15:56
2024-25,1631200,Kris Murray,Kris,1610612757,POR,Portland Trail Blazers,0022400796,2025-02-20T00:00:00,POR vs. LAL,L,4.333333333333333,0.0,8.3,0.0,0.0,8.3,0.0,0.0,0.0,0.0,0.0,8.3,8.3,0.0,0.0,0.0,0.0,0.0,16.6,0.0,0.0,-24.9,10.0,0,0,8.3,1,13222,1,13222,24312,22635,19782,22635,15070,5899,15070,13505,14344,13505,14058,4269,7753,19908,16469,12854,8263,8846,189,17725,23200,22792,24424,2246,150,24717,1,4:20
2024-25,1628398,Kyle Kuzma,Kyle,1610612749,MIL,Milwaukee Bucks,0022400793,2025-02-20T00:00:00,MIL vs. LAC,W,37.1,3.9,9.7,0.4,2.9,6.8,0.429,1.9,2.9,0.667,1.0,5.8,6.8,1.0,3.9,0.0,0.0,1.0,1.0,2.9,12.6,5.8,18.3,0,0,23.3,1,1,13086,1,1922,17377,17570,14933,6827,8916,7394,10833,10199,9425,13489,8740,10551,19768,4127,12854,8263,8181,19856,9551,15479,9693,21948,2246,150,18809,1,37:06
2024-25,203914,Gary Harris,Gary,1610612753,ORL,Orlando Magic,0022400790,2025-02-20T00:00:00,ORL @ ATL,W,15.695,0.0,4.6,0.0,0.0,2.3,0.0,0.0,0.0,0.0,0.0,4.6,4.6,0.0,0.0,0.0,2.3,0.0,6.9,0.0,0.0,2.3,12.4,0,0,9.2,1,1,13086,1,19139,22635,23750,22635,15070,18997,15070,13505,14344,13505,14058,12019,15839,19908,16469,12854,2762,8846,2074,17725,23200,11465,23925,2246,150,24576,1,15:42
2024-25,1641824,Matas Buzelis,Matas,1610612741,CHI,Chicago Bulls,0022400792,2025-02-20T00:00:00,CHI @ NYK,L,24.261666666666667,3.0,11.9,0.25,1.5,8.9,0.167,0.0,0.0,0.0,0.0,10.4,10.4,1.5,1.5,0.0,1.5,0.0,0.0,1.5,7.4,-4.5,25.1,0,0,23.7,1,13222,1,13222,12685,19494,13820,20233,12105,4966,14236,13505,14344,13505,14058,2294,5017,18043,12827,12854,4909,8846,20257,15069,20390,15301,18233,2246,150,18498,1,24:16
2024-25,1626156,D'Angelo Russell,D'Angelo,1610612751,BKN,Brooklyn Nets,0022400791,2025-02-20T00:00:00,BKN vs. CLE,L,17.5,2.1,14.4,0.143,2.1,12.3,0.167,0.0,0.0,0.0,0.0,0.0,0.0,10.3,2.1,0.0,0.0,0.0,4.1,2.1,6.2,18.5,19.5,0,0,18.5,1,13222,1,13222,17920,21300,9521,22260,9883,1594,14236,13505,14344,13505,14058,22137,23286,1292,10225,12854,8263,8846,6785,12811,21260,4405,21387,2246,150,21616,1,17:30
2024-25,1629611,Terance Mann,Terance,1610612737,ATL,Atlanta Hawks,0022400790,2025-02-20T00:00:00,ATL vs. ORL,L,21.716666666666665,5.0,8.3,0.6,1.7,5.0,0.333,0.0,0.0,0.0,0.0,0.0,0.0,5.0,1.7,0.0,0.0,0.0,3.3,0.0,11.6,-9.9,17.4,0,0,18.2,1,13222,1,13222,14741,14473,19811,5394,11513,13268,9209,13505,14344,13505,14058,22137,23286,7531,12102,12854,8263,8846,9397,17725,16565,17867,22337,2246,150,21751,1,21:43
2024-25,1630165,Killian Hayes,Killian,1610612751,BKN,Brooklyn Nets,0022400791,2025-02-20T00:00:00,BKN vs. CLE,L,21.2,3.4,10.2,0.333,0.0,5.1,0.0,1.7,3.4,0.5,0.0,1.7,1.7,5.1,0.0,0.0,1.7,0.0,5.1,5.1,8.5,-11.9,23.3,0,0,18.7,1,13222,1,13222,15154,18546,16746,17395,15070,12969,15070,11418,9099,10625,14058,20462,22301,7260,16469,12854,4297,8846,4387,3928,19522,18702,19397,2246,150,21544,1,21:12
2024-25,1641716,Jarace Walker,Jarace,1610612754,IND,Indiana Pacers,0022400788,2025-02-20T00:00:00,IND vs. MEM,W,1.5166666666666666,0.0,0.0,0.0,0.0,0.0,0.0,0.0,0.0,0.0,0.0,0.0,0.0,23.7,0.0,0.0,0.0,0.0,0.0,0.0,0.0,-94.9,35.6,0,0,23.7,1,1,13086,1,25778,22635,24836,22635,15070,20945,15070,13505,14344,13505,14058,22137,23286,46,16469,12854,8263,8846,20257,17725,23200,26118,10651,2246,150,18500,1,1:31
2024-25,203924,Jerami Grant,Jerami,1610612757,POR,Portland Trail Blazers,0022400796,2025-02-20T00:00:00,POR vs. LAL,L,30.413333333333334,1.2,14.2,0.083,1.2,5.9,0.2,0.0,2.4,0.0,0.0,2.4,2.4,2.4,2.4,3.6,1.2,1.2,7.1,1.2,3.6,-15.4,21.8,0,0,18.9,1,13222,1,13222,7407,22509,9826,22617,13454,10886,13429,13505,11576,13505,14058,18582,21068,14991,8783,2171,6281,6381,1896,16488,22756,20048,20274,2246,150,21415,1,30:25
2024-25,1630241,Sam Merrill,Sam,1610612739,CLE,Cleveland Cavaliers,0022400791,2025-02-20T00:00:00,CLE @ BKN,W,25.133333333333333,1.4,8.6,0.167,0.0,7.2,0.0,0.0,0.0,0.0,0.0,1.4,1.4,0.0,0.0,1.4,0.0,0.0,1.4,1.4,2.9,37.2,8.9,0,0,7.2,1,1,13086,1,11883,22255,19362,21938,15070,8120,15070,13505,14344,13505,14058,21023,22655,19908,16469,8746,8263,8846,17506,15316,22983,1178,24592,2246,150,24876,1,25:08
2024-25,1630579,Jericho Sims,Jericho,1610612749,MIL,Milwaukee Bucks,0022400793,2025-02-20T00:00:00,MIL vs. LAC,W,17.25,0.0,0.0,0.0,0.0,0.0,0.0,0.0,0.0,0.0,0.0,4.2,4.2,0.0,0.0,0.0,0.0,0.0,2.1,0.0,0.0,18.8,5.0,0,0,4.2,1,1,13086,1,18110,22635,24836,22635,15070,20945,15070,13505,14344,13505,14058,13190,16874,19908,16469,12854,8263,8846,14668,17725,23200,4321,25007,2246,150,25174,1,17:15
2024-25,1631111,Wendell Moore Jr.,Wendell,1610612766,CHA,Charlotte Hornets,0022400794,2025-02-20T00:00:00,CHA @ DEN,L,12.916666666666666,0.0,11.1,0.0,0.0,2.8,0.0,0.0,0.0,0.0,2.8,0.0,2.8,0.0,2.8,0.0,0.0,0.0,2.8,0.0,0.0,-44.6,0.6,0,0,2.8,1,13222,1,13222,20783,22635,15105,22635,15070,18087,15070,13505,14344,13505,5891,22137,20283,19908,7264,12854,8263,8846,11692,17725,23200,25157,25220,2246,150,25238,1,12:55
2024-25,1628379,Luke Kennard,Luke,1610612763,MEM,Memphis Grizzlies,0022400788,2025-02-20T00:00:00,MEM @ IND,L,19.618333333333332,3.7,9.2,0.4,3.7,9.2,0.4,0.0,0.0,0.0,1.8,1.8,3.7,5.5,0.0,0.0,0.0,0.0,3.7,0.0,11.0,-7.3,23.7,0,0,23.9,1,13222,1,13222,16323,17917,18450,14933,4758,4575,7874,13505,14344,13505,9112,20152,18159,6415,16469,12854,8263,8846,8195,17725,17171,16655,19163,2246,150,18432,1,19:37
2024-25,1631128,Christian Braun,Christian,1610612743,DEN,Denver Nuggets,0022400794,2025-02-20T00:00:00,DEN vs. CHA,W,32.6,4.4,9.9,0.444,0.0,2.2,0.0,2.2,3.3,0.667,0.0,2.2,2.2,2.2,1.1,1.1,0.0,0.0,1.1,4.4,11.0,25.4,19.2,0,0,17.7,1,1,13086,1,5479,16017,17175,13045,15070,19149,15070,9917,9275,9425,14058,19048,21397,15595,15107,10980,8263,8846,19075,5307,17147,2727,21538,2246,150,22000,1,32:36
2024-25,201950,Jrue Holiday,Jrue,1610612738,BOS,Boston Celtics,0022400789,2025-02-20T00:00:00,BOS @ PHI,W,19.74,5.5,10.9,0.5,3.6,5.5,0.667,0.0,0.0,0.0,0.0,1.8,1.8,3.6,0.0,0.0,0.0,0.0,5.5,1.8,14.6,14.6,22.2,0,0,23.7,1,1,13086,1,16232,13067,15459,8526,4809,12030,1957,13505,14344,13505,14058,20183,22126,10944,16469,12854,8263,8846,3749,13835,13306,5783,20010,2246,150,18536,1,19:44
2024-25,1631247,Luke Travers,Luke,1610612739,CLE,Cleveland Cavaliers,0022400791,2025-02-20T00:00:00,CLE @ BKN,W,3.1166666666666667,0.0,23.1,0.0,0.0,0.0,0.0,0.0,0.0,0.0,11.6,11.6,23.1,0.0,0.0,0.0,0.0,11.6,0.0,0.0,0.0,-69.3,27.7,0,0,23.1,1,1,13086,1,24935,22635,1350,22635,15070,20945,15070,13505,14344,13505,271,1591,262,19908,16469,12854,8263,48,20257,17725,23200,25875,16413,2246,150,18933,1,3:07
2024-25,1629645,Kevin Porter Jr.,Kevin,1610612749,MIL,Milwaukee Bucks,0022400793,2025-02-20T00:00:00,MIL vs. LAC,W,15.45,11.7,16.3,0.714,0.0,2.3,0.0,7.0,7.0,1.0,0.0,0.0,0.0,4.7,4.7,2.3,0.0,0.0,4.7,7.0,30.3,18.6,39.6,0,0,39.6,1,1,13086,1,19281,1761,6665,2752,15070,18935,15070,2012,3368,1,14058,22137,23286,8275,2770,4935,8263,8846,5381,1667,1989,4363,8013,2246,150,7005,1,15:27
2024-25,203084,Harrison Barnes,Harrison,1610612759,SAS,San Antonio Spurs,0022400795,2025-02-20T00:00:00,SAS vs. PHX,W,26.55,4.1,13.6,0.3,2.7,9.5,0.286,0.0,0.0,0.0,0.0,5.4,5.4,1.4,1.4,1.4,0.0,0.0,1.4,0.0,10.8,-9.5,22.1,0,0,23.1,1,1,13086,1,10687,16929,10900,19363,7503,4120,11433,13505,14344,13505,14058,9731,13750,18480,13537,9156,8263,8846,17803,17725,17319,17666,20080,2246,150,18982,1,26:33
2024-25,1631243,Mouhamed Gueye,Mouhamed,1610612737,ATL,Atlanta Hawks,0022400790,2025-02-20T00:00:00,ATL vs. ORL,L,14.633333333333333,2.5,4.9,0.5,0.0,2.5,0.0,0.0,0.0,0.0,0.0,4.9,4.9,0.0,0.0,0.0,2.5,0.0,7.4,0.0,4.9,-9.8,18.2,0,0,14.8,1,13222,1,13222,19803,20536,23515,8526,15070,18698,15070,13505,14344,13505,14058,11109,15004,19908,16469,12854,2447,8846,1721,17725,22053,17806,22001,2246,150,23149,1,14:38
2024-25,1641878,Damion Baugh,Damion,1610612766,CHA,Charlotte Hornets,0022400794,2025-02-20T00:00:00,CHA @ DEN,L,31.683333333333334,6.8,8.0,0.857,2.3,3.4,0.667,0.0,0.0,0.0,0.0,0.0,0.0,6.8,2.3,2.3,0.0,0.0,3.4,0.0,15.9,-25.0,30.7,0,0,29.5,1,13222,1,13222,6246,9383,20340,1412,8968,16850,1957,13505,14344,13505,14058,22137,23286,4265,9202,5141,8263,8846,9048,17725,12017,22806,14293,2246,150,14294,1,31:41
2024-25,1631223,David Roddy,David,1610612755,PHI,Philadelphia 76ers,0022400789,2025-02-20T00:00:00,PHI vs. BOS,L,13.483333333333333,5.3,18.7,0.286,0.0,10.7,0.0,0.0,0.0,0.0,0.0,13.3,13.3,5.3,0.0,0.0,0.0,2.7,2.7,0.0,10.7,16.0,34.7,0,0,29.4,1,13222,1,13222,20496,13436,4033,19630,15070,2802,15070,13505,14344,13505,14058,911,2575,6740,16469,12854,8263,1784,12165,17725,17499,5241,11280,2246,150,14436,1,13:29
2024-25,1629651,Nic Claxton,Nic,1610612751,BKN,Brooklyn Nets,0022400791,2025-02-20T00:00:00,BKN vs. CLE,L,28.233333333333334,5.1,12.8,0.4,0.0,0.0,0.0,0.0,5.1,0.0,7.7,3.8,11.5,5.1,1.3,2.6,3.8,1.3,3.8,6.4,10.2,-8.9,49.5,0,0,39.5,1,13222,1,13222,9357,14090,12296,14933,15070,20945,15070,13505,5754,13505,898,14247,3981,7247,13935,4256,1019,5783,7661,2212,17952,17392,3431,2246,150,7051,1,28:14
2024-25,203081,Damian Lillard,Damian,1610612749,MIL,Milwaukee Bucks,0022400793,2025-02-20T00:00:00,MIL vs. LAC,W,32.55,2.2,13.3,0.167,2.2,8.8,0.25,10.0,11.1,0.9,0.0,7.7,7.7,7.7,2.2,2.2,0.0,3.3,3.3,6.6,16.6,-2.2,41.9,0,0,38.7,1,1,13086,1,5517,21014,11357,21938,9194,5028,11902,708,1005,6805,14058,5089,8732,3137,9463,5351,8263,1053,9391,1956,11296,14152,6660,2246,150,7582,1,32:33
2024-25,1630592,Jalen Wilson,Jalen,1610612751,BKN,Brooklyn Nets,0022400791,2025-02-20T00:00:00,BKN vs. CLE,L,26.25,5.5,9.6,0.571,2.7,6.9,0.4,0.0,0.0,0.0,2.7,4.1,6.9,2.7,1.4,1.4,0.0,0.0,0.0,1.4,13.7,-11.0,28.8,0,0,28.8,1,13222,1,13222,10949,13026,17768,6538,7410,8760,7874,13505,14344,13505,5999,13373,10414,13778,13454,9067,8263,8846,20257,15565,14256,18307,15629,2246,150,14855,1,26:15
2024-25,1629674,Neemias Queta,Neemias,1610612738,BOS,Boston Celtics,0022400789,2025-02-20T00:00:00,BOS @ PHI,W,4.833333333333333,0.0,7.4,0.0,0.0,0.0,0.0,0.0,0.0,0.0,0.0,14.9,14.9,0.0,0.0,0.0,0.0,0.0,7.4,0.0,0.0,-44.7,17.9,0,0,14.9,1,1,13086,1,24068,22635,20996,22635,15070,20945,15070,13505,14344,13505,14058,595,1818,19908,16469,12854,8263,8846,1676,17725,23200,25165,22150,2246,150,23093,1,4:50
2024-25,1631246,Vince Williams Jr.,Vince,1610612763,MEM,Memphis Grizzlies,0022400788,2025-02-20T00:00:00,MEM @ IND,L,20.448333333333334,5.3,12.3,0.429,1.8,5.3,0.333,0.0,0.0,0.0,3.5,7.0,10.6,3.5,0.0,1.8,0.0,1.8,1.8,1.8,12.3,-22.9,35.6,0,0,31.7,1,13222,1,13222,15682,13586,13040,13735,11222,12513,9209,13505,14344,13505,4345,6293,4850,11337,16469,7404,8263,4005,16340,14075,15802,22307,10689,2246,150,12634,1,20:27
2024-25,1627783,Pascal Siakam,Pascal,1610612754,IND,Indiana Pacers,0022400788,2025-02-20T00:00:00,IND vs. MEM,W,28.1,7.7,15.4,0.5,1.3,3.8,0.333,3.8,6.4,0.6,1.3,3.8,5.1,2.6,1.3,0.0,0.0,0.0,5.1,5.1,20.5,5.1,29.2,0,0,29.5,1,1,13086,1,9459,7297,7998,8526,12929,15911,9209,5990,4000,10343,11285,14195,14450,14329,13898,12854,8263,8846,4332,3885,7498,10043,15349,2246,150,14349,1,28:06
2024-25,1641733,Nick Smith Jr.,Nick,1610612766,CHA,Charlotte Hornets,0022400794,2025-02-20T00:00:00,CHA @ DEN,L,32.666666666666664,7.7,17.6,0.438,2.2,6.6,0.333,0.0,0.0,0.0,0.0,1.1,1.1,3.3,0.0,0.0,0.0,1.1,1.1,0.0,17.6,-16.5,23.9,0,0,24.2,1,13222,1,13222,5424,7239,5095,13558,9223,9289,9209,13505,14344,13505,14058,21746,23078,11958,16469,12854,8263,7029,19084,17725,10179,20454,19008,2246,150,18171,1,32:40
2024-25,1626166,Cameron Payne,Cameron,1610612752,NYK,New York Knicks,0022400792,2025-02-20T00:00:00,NYK vs. CHI,W,17.338333333333335,2.1,10.4,0.2,2.1,6.2,0.333,0.0,0.0,0.0,0.0,4.2,4.2,10.4,2.1,0.0,0.0,2.1,6.2,0.0,6.2,4.2,24.7,0,0,22.8,1,1,13086,1,18046,21277,16418,21401,9787,10135,9209,13505,14344,13505,14058,13264,16936,1248,10123,12854,8263,2984,2679,17725,21232,10568,18483,2246,150,19113,1,17:20
2024-25,1641854,Craig Porter Jr.,Craig,1610612739,CLE,Cleveland Cavaliers,0022400791,2025-02-20T00:00:00,CLE @ BKN,W,3.6333333333333333,9.9,19.8,0.5,0.0,0.0,0.0,0.0,0.0,0.0,0.0,0.0,0.0,9.9,0.0,0.0,0.0,9.9,0.0,0.0,19.8,-59.4,34.7,0,0,29.7,1,1,13086,1,24652,3317,3087,8526,15070,20945,15070,13505,14344,13505,14058,22137,23286,1487,16469,12854,8263,69,20257,17725,8053,25677,11312,2246,150,14151,1,3:38
2024-25,1630703,Scoot Henderson,Scoot,1610612757,POR,Portland Trail Blazers,0022400796,2025-02-20T00:00:00,POR vs. LAL,L,30.383333333333333,4.7,15.4,0.308,2.4,9.5,0.25,2.4,2.4,1.0,1.2,1.2,2.4,5.9,3.6,2.4,0.0,1.2,3.6,4.7,14.2,8.3,29.5,0,0,29.6,1,13222,1,13222,7425,15145,7957,19226,8596,4135,11902,9406,11569,1,11896,21551,21064,5635,4900,4796,8263,6373,8585,4639,13705,8492,15146,2246,150,14234,1,30:23
2024-25,1642264,Stephon Castle,Stephon,1610612759,SAS,San Antonio Spurs,0022400795,2025-02-20T00:00:00,SAS vs. PHX,W,25.933333333333334,5.6,16.7,0.333,0.0,4.2,0.0,2.8,5.6,0.5,2.8,11.1,13.9,2.8,2.8,4.2,0.0,0.0,1.4,4.2,13.9,6.9,44.4,1,0,38.9,1,1,13086,1,11215,12837,6230,17395,15070,15201,15070,8397,5122,10625,5917,1851,2292,13662,7303,1483,8263,8846,17671,5915,14068,9166,5452,1,150,7473,1,25:56
2024-25,203484,Kentavious Caldwell-Pope,Kentavious,1610612753,ORL,Orlando Magic,0022400790,2025-02-20T00:00:00,ORL @ ATL,W,29.9,2.4,6.0,0.4,1.2,3.6,0.333,1.2,3.6,0.333,0.0,4.8,4.8,0.0,1.2,0.0,0.0,1.2,3.6,3.6,7.2,8.4,11.8,0,0,13.2,1,1,13086,1,7869,20645,22576,14933,13339,16411,9209,12572,8661,13132,14058,11384,15255,19908,14408,12854,8263,6225,8391,7360,20542,8425,24063,2246,150,23638,1,29:54
2024-25,1642377,Jaylen Wells,Jaylen,1610612763,MEM,Memphis Grizzlies,0022400788,2025-02-20T00:00:00,MEM @ IND,L,27.483333333333334,5.2,10.5,0.5,1.3,5.2,0.25,10.5,10.5,1.0,2.6,2.6,5.2,0.0,0.0,1.3,0.0,1.3,2.6,5.2,22.3,-13.1,32.5,0,0,31.4,1,13222,1,13222,9957,13699,16261,8526,12821,12617,11902,571,1197,1,6296,17897,14193,19908,16469,9408,8263,5604,12357,3718,6027,19163,12954,2246,150,12821,1,27:29
2024-25,1630573,Sam Hauser,Sam,1610612738,BOS,Boston Celtics,0022400789,2025-02-20T00:00:00,BOS @ PHI,W,21.4,1.7,10.1,0.167,1.7,8.4,0.2,0.0,0.0,0.0,1.7,1.7,3.4,3.4,0.0,0.0,0.0,0.0,1.7,0.0,5.0,23.6,14.1,0,0,13.5,1,1,13086,1,14991,21920,16902,21938,11455,5723,13429,13505,14344,13505,9638,20503,18840,11777,16469,12854,8263,8846,16593,17725,21983,3137,23460,2246,150,23565,1,21:24
2024-25,1628976,Wendell Carter Jr.,Wendell,1610612753,ORL,Orlando Magic,0022400790,2025-02-20T00:00:00,ORL @ ATL,W,32.35,4.5,8.9,0.5,0.0,2.2,0.0,1.1,2.2,0.5,4.5,12.2,16.7,0.0,0.0,0.0,1.1,0.0,3.3,2.2,10.0,0.0,33.4,0,0,28.9,1,1,13086,1,5691,15925,18862,8526,15070,19124,15070,12880,12004,10625,2979,1252,1210,19908,16469,12854,6706,8846,9295,12050,18149,12240,12275,2246,150,14759,1,32:21
2024-25,1631101,Shaedon Sharpe,Shaedon,1610612757,POR,Portland Trail Blazers,0022400796,2025-02-20T00:00:00,POR vs. LAL,L,21.05,6.8,18.8,0.364,5.1,12.0,0.429,0.0,0.0,0.0,1.7,0.0,1.7,3.4,6.8,0.0,0.0,0.0,0.0,0.0,18.8,-34.2,19.2,0,0,29.1,1,13222,1,13222,15255,9318,3919,16861,2123,1798,7394,13505,14344,13505,9543,22137,22286,11633,964,12854,8263,8846,20257,17725,9026,24330,21573,2246,150,14645,1,21:03
2024-25,203932,Aaron Gordon,Aaron,1610612743,DEN,Denver Nuggets,0022400794,2025-02-20T00:00:00,DEN vs. CHA,W,32.11666666666667,9.0,14.6,0.615,1.1,2.2,0.5,1.1,2.2,0.5,4.5,3.4,7.8,2.2,0.0,0.0,0.0,0.0,0.0,2.2,20.2,9.0,33.0,0,0,31.4,1,1,13086,1,5871,4769,9251,5246,13829,19095,3944,12854,11960,10625,2946,15611,8554,15468,16469,12854,8263,8846,20257,11976,7764,8193,12621,2246,150,12864,1,32:07
2024-25,101108,Chris Paul,Chris,1610612759,SAS,San Antonio Spurs,0022400795,2025-02-20T00:00:00,SAS vs. PHX,W,31.883333333333333,4.5,11.3,0.4,3.4,9.0,0.375,2.3,2.3,1.0,0.0,5.6,5.6,11.3,2.3,2.3,0.0,0.0,2.3,1.1,14.7,16.9,42.9,1,0,39.5,1,1,13086,1,6069,15726,14843,14933,5415,4770,8800,9760,11911,1,14058,9179,13164,903,9270,5191,8263,8846,13833,16776,13215,4927,6171,1,150,7059,1,31:53
2024-25,1626164,Devin Booker,Devin,1610612756,PHX,Phoenix Suns,0022400795,2025-02-20T00:00:00,PHX @ SAS,L,40.55,3.6,12.4,0.286,1.8,6.2,0.286,6.2,7.1,0.875,0.0,1.8,1.8,7.1,3.6,0.9,0.9,0.0,3.6,5.3,15.1,-3.6,29.7,0,0,29.3,1,13222,1,13222,445,18199,12853,19630,11167,10166,11433,2668,3267,6931,14058,20307,22197,3882,4907,12712,8123,8846,8598,3596,12813,14820,15052,2246,150,14477,1,40:33
2024-25,1641767,Ben Sheppard,Ben,1610612754,IND,Indiana Pacers,0022400788,2025-02-20T00:00:00,IND vs. MEM,W,14.266666666666667,7.6,15.1,0.5,2.5,10.1,0.25,0.0,0.0,0.0,0.0,2.5,2.5,0.0,0.0,0.0,0.0,0.0,0.0,0.0,17.7,10.1,20.7,0,0,22.7,1,1,13086,1,20041,7599,8360,8526,8068,3383,11902,13505,14344,13505,14058,18122,20755,19908,16469,12854,8263,8846,20257,17725,10152,7655,20843,2246,150,19208,1,14:16
2024-25,203954,Joel Embiid,Joel,1610612755,PHI,Philadelphia 76ers,0022400789,2025-02-20T00:00:00,PHI vs. BOS,L,27.033333333333335,4.0,12.0,0.333,0.0,2.7,0.0,12.0,12.0,1.0,1.3,2.7,4.0,5.3,2.7,0.0,0.0,1.3,2.7,6.7,20.0,-26.6,30.1,0,0,29.3,1,13222,1,13222,10306,17102,13612,17395,15070,18326,15070,341,770,1,11056,17783,17332,6770,7643,12854,8263,5495,12189,1940,7937,23159,14735,2246,150,14478,1,27:02
2024-25,1628380,Zach Collins,Zach,1610612741,CHI,Chicago Bulls,0022400792,2025-02-20T00:00:00,CHI @ NYK,L,14.833333333333334,0.0,9.7,0.0,0.0,7.3,0.0,4.9,4.9,1.0,2.4,0.0,2.4,7.3,0.0,4.9,2.4,0.0,2.4,4.9,4.9,-2.4,40.5,0,0,29.1,1,13222,1,13222,19683,22635,17562,22635,15070,7861,15070,4262,6191,1,6845,22137,20945,3637,16469,989,2507,8846,13084,4384,22089,14273,7442,2246,150,14607,1,14:50
2024-25,1629622,Max Strus,Max,1610612739,CLE,Cleveland Cavaliers,0022400791,2025-02-20T00:00:00,CLE @ BKN,W,24.35,3.0,14.8,0.2,1.5,11.8,0.125,0.0,0.0,0.0,0.0,3.0,3.0,1.5,0.0,0.0,0.0,1.5,7.4,1.5,7.4,-1.5,13.2,0,0,13.3,1,1,13086,1,12606,19517,8934,21401,12128,1883,14886,13505,14344,13505,14058,16869,19836,18060,16469,12854,8263,4847,1716,15096,20416,13793,23727,2246,150,23609,1,24:21
2024-25,201142,Kevin Durant,Kevin,1610612756,PHX,Phoenix Suns,0022400795,2025-02-20T00:00:00,PHX @ SAS,L,38.63333333333333,8.4,12.1,0.692,2.8,5.6,0.5,0.9,1.9,0.5,0.0,4.7,4.7,1.9,0.9,0.0,0.0,0.9,0.0,2.8,20.5,-11.2,28.0,0,0,29.8,1,13222,1,13222,1042,5826,13390,3171,7225,11744,3944,13411,13084,10625,14058,11827,15672,16882,16237,12854,8263,8479,20257,9975,7496,18396,16265,2246,150,14084,1,38:38
2024-25,1629029,Luka Dončić,Luka,1610612747,LAL,Los Angeles Lakers,0022400524,2025-02-19T00:00:00,LAL vs. CHA,L,33.221666666666664,5.4,19.5,0.278,1.1,9.8,0.111,3.3,4.3,0.75,1.1,10.8,11.9,8.7,6.5,1.1,0.0,0.0,5.4,4.3,15.2,14.1,39.2,1,0,39.0,1,13222,1,13222,4976,13221,3338,20025,14051,3778,15003,7204,7136,8186,12603,1989,3567,2293,1131,11156,8263,8846,3824,5509,12742,5971,8251,1,150,7371,1,33:13
2024-25,1629637,Jaxson Hayes,Jaxson,1610612747,LAL,Los Angeles Lakers,0022400524,2025-02-19T00:00:00,LAL vs. CHA,L,18.133333333333333,7.9,9.9,0.8,0.0,0.0,0.0,0.0,0.0,0.0,2.0,6.0,7.9,0.0,2.0,4.0,0.0,0.0,4.0,4.0,15.9,23.8,35.3,0,0,31.8,1,13222,1,13222,17482,6751,17195,1688,15070,20945,15070,13505,14344,13505,8450,8435,8379,19908,10587,1668,8263,8846,7212,6388,12036,3067,10841,2246,150,12561,1,18:08
2024-25,1629060,Rui Hachimura,Rui,1610612747,LAL,Los Angeles Lakers,0022400524,2025-02-19T00:00:00,LAL vs. CHA,L,39.31666666666667,6.4,14.7,0.438,0.9,7.3,0.125,1.8,3.7,0.5,1.8,5.5,7.3,2.7,0.9,0.9,0.0,0.9,0.9,1.8,15.6,-0.9,30.3,0,0,28.4,1,13222,1,13222,773,10416,9133,13558,14917,7773,14886,11173,8560,10625,9125,9550,9522,13764,16298,12592,8263,8581,20102,13802,12358,13475,14570,2246,150,15156,1,39:19
2024-25,1642275,Tidjane Salaün,Tidjane,1610612766,CHA,Charlotte Hornets,0022400524,2025-02-19T00:00:00,CHA @ LAL,W,17.505,2.1,10.3,0.2,2.1,4.1,0.5,0.0,0.0,0.0,4.1,8.2,12.3,0.0,2.1,2.1,0.0,2.1,0.0,0.0,6.2,-6.2,25.1,0,0,24.7,1,1,13086,1,17916,21306,16597,21401,9891,15317,3944,13505,14344,13505,3430,4387,3241,19908,10234,5981,8263,3038,20257,17725,21266,16139,18220,2246,150,17905,1,17:30
2024-25,1630163,LaMelo Ball,LaMelo,1610612766,CHA,Charlotte Hornets,0022400524,2025-02-19T00:00:00,CHA @ LAL,W,33.255,9.7,20.6,0.474,5.4,14.1,0.385,4.3,4.3,1.0,0.0,5.4,5.4,6.5,3.2,1.1,0.0,1.1,1.1,6.5,29.2,8.7,45.5,0,0,48.7,1,1,13086,1,4940,3549,2605,12072,1834,904,8766,5101,7146,1,14058,9758,13787,4725,5673,11173,8263,7208,19198,2092,2368,8335,4964,2246,150,2918,1,33:15
2024-25,203901,Elfrid Payton,Elfrid,1610612766,CHA,Charlotte Hornets,0022400524,2025-02-19T00:00:00,CHA @ LAL,W,14.745,0.0,4.9,0.0,0.0,0.0,0.0,0.0,0.0,0.0,0.0,7.3,7.3,4.9,2.4,0.0,0.0,0.0,4.9,0.0,0.0,-12.2,13.7,0,0,12.2,1,1,13086,1,19740,22635,23549,22635,15070,20945,15070,13505,14344,13505,14058,5794,9523,7727,8486,12854,8263,8846,4871,17725,23200,18815,23582,2246,150,23938,1,14:45
2024-25,1630182,Josh Green,Josh,1610612766,CHA,Charlotte Hornets,0022400524,2025-02-19T00:00:00,CHA @ LAL,W,33.766666666666666,2.1,6.4,0.333,0.0,3.2,0.0,0.0,0.0,0.0,1.1,2.1,3.2,1.1,4.3,2.1,0.0,0.0,3.2,1.1,4.3,0.0,11.8,0,0,12.8,1,1,13086,1,4465,21176,22213,17395,15070,17274,15070,13505,14344,13505,12745,19262,19243,19462,3392,5646,8263,8846,9877,17088,22429,12240,24053,2246,150,23778,1,33:46
2024-25,1629020,Jarred Vanderbilt,Jarred,1610612747,LAL,Los Angeles Lakers,0022400524,2025-02-19T00:00:00,LAL vs. CHA,L,12.695,2.8,2.8,1.0,0.0,0.0,0.0,2.8,5.7,0.5,0.0,11.3,11.3,0.0,5.7,0.0,0.0,0.0,0.0,2.8,8.5,-48.2,16.4,0,0,19.9,1,13222,1,13222,20902,19800,24545,1,15070,20945,15070,8255,4933,10625,14058,1723,4099,19908,1665,12854,8263,8846,20257,9843,19506,25327,22687,2246,150,20946,1,12:42
2024-25,1631109,Mark Williams,Mark,1610612766,CHA,Charlotte Hornets,0022400524,2025-02-19T00:00:00,CHA @ LAL,W,29.036666666666665,3.7,8.7,0.429,0.0,0.0,0.0,5.0,5.0,1.0,2.5,8.7,11.2,2.5,1.2,0.0,0.0,0.0,3.7,3.7,12.4,-6.2,28.3,0,0,26.0,1,1,13086,1,8643,17781,19224,13735,15070,20945,15070,4108,6020,1,6678,3855,4273,14622,14167,12854,8263,8846,8008,7087,15719,16160,16024,2246,150,16905,1,29:02
2024-25,1641733,Nick Smith Jr.,Nick,1610612766,CHA,Charlotte Hornets,0022400524,2025-02-19T00:00:00,CHA @ LAL,W,28.833333333333332,5.0,16.2,0.308,5.0,13.7,0.364,0.0,0.0,0.0,0.0,2.5,2.5,1.2,3.7,1.2,0.0,0.0,0.0,0.0,15.0,-5.0,19.9,0,0,26.2,1,1,13086,1,8818,14398,6788,19226,2278,1010,9100,13505,14344,13505,14058,18193,20819,18848,4446,9812,8263,8846,20257,17725,12923,15587,21237,2246,150,16782,1,28:50
2024-25,1630559,Austin Reaves,Austin,1610612747,LAL,Los Angeles Lakers,0022400524,2025-02-19T00:00:00,LAL vs. CHA,L,27.25,4.0,11.9,0.333,2.6,9.2,0.286,0.0,0.0,0.0,0.0,2.6,2.6,2.6,4.0,1.3,2.6,0.0,4.0,4.0,10.6,-6.6,25.6,0,0,26.4,1,13222,1,13222,10145,17180,13778,17395,7705,4459,11433,13505,14344,13505,14058,17845,20561,14077,3944,9345,2160,8846,7238,6419,17596,16342,17862,2246,150,16602,1,27:15
2024-25,203994,Jusuf Nurkić,Jusuf,1610612766,CHA,Charlotte Hornets,0022400524,2025-02-19T00:00:00,CHA @ LAL,W,18.016666666666666,0.0,6.0,0.0,0.0,6.0,0.0,0.0,0.0,0.0,0.0,16.0,16.0,14.0,2.0,2.0,4.0,0.0,2.0,0.0,0.0,16.0,56.1,0,0,42.0,1,1,13086,1,17549,22635,22611,22635,15070,10716,15070,13505,14344,13505,14058,434,1438,391,10534,6255,919,8846,15154,17725,23200,5255,1780,2246,150,5670,1,18:01
2024-25,1627827,Dorian Finney-Smith,Dorian,1610612747,LAL,Los Angeles Lakers,0022400524,2025-02-19T00:00:00,LAL vs. CHA,L,28.1,5.1,9.0,0.571,5.1,7.7,0.667,0.0,0.0,0.0,5.1,1.3,6.4,3.8,1.3,0.0,0.0,0.0,1.3,0.0,15.4,1.3,27.5,0,0,30.7,1,13222,1,13222,9459,14020,18772,6538,2134,7022,1957,13505,14344,13505,2264,21325,11385,10381,13898,12854,8263,8846,18119,17725,12545,11961,16547,2246,150,13359,1,28:06
2024-25,1642261,Dalton Knecht,Dalton,1610612747,LAL,Los Angeles Lakers,0022400524,2025-02-19T00:00:00,LAL vs. CHA,L,13.1,2.7,13.7,0.2,2.7,11.0,0.25,0.0,0.0,0.0,2.7,11.0,13.7,0.0,2.7,2.7,0.0,2.7,2.7,2.7,8.2,-44.0,30.2,0,0,30.2,1,13222,1,13222,20693,19977,10585,21401,7380,2491,11902,13505,14344,13505,5979,1906,2365,19908,7377,3806,8263,1670,11846,10152,19705,25118,14647,2246,150,13772,1,13:06
2024-25,1629610,DaQuan Jeffries,DaQuan,1610612766,CHA,Charlotte Hornets,0022400524,2025-02-19T00:00:00,CHA @ LAL,W,15.066666666666666,4.8,14.3,0.333,2.4,11.9,0.2,0.0,0.0,0.0,0.0,0.0,0.0,2.4,2.4,0.0,2.4,0.0,4.8,0.0,11.9,2.4,20.3,0,0,21.5,1,1,13086,1,19517,15015,9639,17395,8525,1807,13429,13505,14344,13505,14058,22137,23286,14915,8703,12854,2577,8846,5111,17725,16199,11422,21022,2246,150,19957,1,15:04
2024-25,203552,Seth Curry,Seth,1610612766,CHA,Charlotte Hornets,0022400524,2025-02-19T00:00:00,CHA @ LAL,W,16.375,6.6,17.6,0.375,4.4,11.0,0.4,4.4,4.4,1.0,6.6,4.4,11.0,0.0,0.0,2.2,0.0,0.0,2.2,6.6,22.0,24.2,41.8,0,0,41.8,1,1,13086,1,18673,9943,5146,16299,3241,2491,7874,4999,7032,1,1329,12535,4414,19908,16469,5398,8263,8846,14102,1994,6232,2989,6739,2246,150,5767,1,16:23
2024-25,203458,Alex Len,Alex,1610612747,LAL,Los Angeles Lakers,0022400524,2025-02-19T00:00:00,LAL vs. CHA,L,10.083333333333334,0.0,0.0,0.0,0.0,0.0,0.0,0.0,0.0,0.0,0.0,3.6,3.6,0.0,0.0,0.0,0.0,0.0,3.6,0.0,0.0,28.6,4.3,0,0,3.6,1,13222,1,13222,22077,22635,24836,22635,15070,20945,15070,13505,14344,13505,14058,15025,18399,19908,16469,12854,8263,8846,8523,17725,23200,2174,25065,2246,150,25206,1,10:05
2024-25,1629216,Gabe Vincent,Gabe,1610612747,LAL,Los Angeles Lakers,0022400524,2025-02-19T00:00:00,LAL vs. CHA,L,20.2,3.6,12.5,0.286,3.6,10.7,0.333,0.0,0.0,0.0,3.6,1.8,5.3,3.6,1.8,0.0,0.0,0.0,5.3,3.6,10.7,-10.7,20.7,0,0,23.2,1,13222,1,13222,15862,18164,12767,19630,4998,2777,9209,13505,14344,13505,4275,20296,13920,11191,11627,12854,8263,8846,3926,7494,17476,18177,20856,2246,150,18876,1,20:12
2024-25,1628970,Miles Bridges,Miles,1610612766,CHA,Charlotte Hornets,0022400524,2025-02-19T00:00:00,CHA @ LAL,W,33.4,9.7,23.7,0.409,5.4,11.9,0.455,6.5,7.5,0.857,1.1,5.4,6.5,0.0,2.2,5.4,1.1,2.2,3.2,4.3,31.3,4.3,56.3,0,0,56.0,1,1,13086,1,4812,3601,1151,14895,1859,1862,7148,2428,2858,7071,12654,9811,11241,19908,9699,688,6926,2751,9723,5553,1711,10475,1766,2246,150,1303,1,33:24
2024-25,2544,LeBron James,LeBron,1610612747,LAL,Los Angeles Lakers,0022400524,2025-02-19T00:00:00,LAL vs. CHA,L,37.9,9.5,20.9,0.455,3.8,10.4,0.364,1.9,1.9,1.0,0.9,5.7,6.6,10.4,1.9,0.9,1.9,1.9,0.0,0.9,24.7,-3.8,55.0,1,0,51.3,1,13222,1,13222,1442,3882,2404,12676,4435,3026,9100,10949,12977,1,13651,9042,10848,1226,11041,12348,3764,3546,20257,17544,4370,14951,1987,1,150,2204,1,37:54
2024-25,1626168,Trey Lyles,Trey,1610612758,SAC,Sacramento Kings,0022400785,2025-02-13T00:00:00,SAC @ NOP,L,8.733333333333333,12.4,16.5,0.75,4.1,4.1,1.0,4.1,4.1,1.0,8.2,8.2,16.5,12.4,4.1,0.0,0.0,0.0,8.2,4.1,33.0,-8.2,67.2,0,0,66.0,1,13222,1,13222,22551,1318,6434,2107,3731,15293,1,5486,7582,1,715,4357,1271,641,3623,12854,8263,8846,1248,5999,1325,17069,562,2246,150,444,1,8:44
2024-25,1626172,Kevon Looney,Kevon,1610612744,GSW,Golden State Warriors,0022400784,2025-02-13T00:00:00,GSW @ HOU,W,15.8,4.6,9.1,0.5,0.0,0.0,0.0,2.3,4.6,0.5,2.3,18.2,20.5,4.6,4.6,2.3,0.0,2.3,11.4,2.3,11.4,18.2,45.1,0,0,41.0,1,1,13086,1,19061,15610,18542,8526,15070,20945,15070,9693,6736,10625,7315,242,465,8516,2917,5110,8263,2475,491,11826,16805,4483,5123,2246,150,6186,1,15:48
2024-25,1626181,Norman Powell,Norman,1610612746,LAC,LA Clippers,0022401004,2025-02-13T00:00:00,LAC @ UTA,W,45.73166666666667,10.2,20.5,0.5,3.9,7.9,0.5,7.9,10.2,0.769,0.8,1.6,2.4,0.8,2.4,0.8,0.0,0.0,1.6,5.5,32.3,10.2,36.3,0,0,40.9,1,1,13086,1,40,2987,2658,8526,4123,6669,3944,1469,1279,8170,14048,20729,21077,19907,8811,12842,8263,8846,16946,3325,1465,7592,10171,2246,150,6245,1,45:44
2024-25,1641729,Brice Sensabaugh,Brice,1610612762,UTA,Utah Jazz,0022401004,2025-02-13T00:00:00,UTA vs. LAC,L,11.55,9.4,15.6,0.6,9.4,12.5,0.75,3.1,6.2,0.5,3.1,0.0,3.1,6.2,0.0,0.0,0.0,0.0,3.1,3.1,31.2,28.1,44.3,0,0,49.9,1,13222,1,13222,21471,4119,7716,5394,264,1542,1542,7501,4194,10625,5102,22137,19441,5104,16469,12854,8263,8846,10211,8827,1739,2265,5533,2246,150,2574,1,11:33
2024-25,203468,CJ McCollum,CJ,1610612740,NOP,New Orleans Pelicans,0022400785,2025-02-13T00:00:00,NOP vs. SAC,W,41.17166666666667,14.0,21.9,0.64,6.1,10.5,0.583,3.5,5.2,0.667,1.7,4.4,6.1,1.7,1.7,0.0,0.0,0.0,0.9,2.6,37.6,7.0,45.8,0,0,51.6,1,1,13086,1,345,706,1879,4685,1214,2982,3489,6710,5534,9425,9420,12603,11993,17234,11749,12854,8263,8846,20190,10574,643,9139,4816,2246,150,2123,1,41:10
2024-25,1629639,Tyler Herro,Tyler,1610612748,MIA,Miami Heat,0022400786,2025-02-13T00:00:00,MIA @ DAL,L,37.36666666666667,14.5,28.9,0.5,2.9,13.5,0.214,6.7,8.7,0.778,1.0,6.7,7.7,2.9,2.9,2.9,0.0,0.0,1.0,4.8,38.5,-7.7,57.9,0,0,57.8,1,13222,1,13222,1760,590,334,8526,6896,1103,13424,2204,2074,8092,13549,6808,8789,13310,6881,3436,8263,8846,19890,4468,553,16833,1486,2246,150,1054,1,37:22
2024-25,1630526,Jeremiah Robinson-Earl,Jeremiah,1610612740,NOP,New Orleans Pelicans,0022400785,2025-02-13T00:00:00,NOP vs. SAC,W,18.24,7.9,13.8,0.571,7.9,11.8,0.667,7.9,7.9,1.0,2.0,2.0,3.9,2.0,0.0,2.0,0.0,0.0,3.9,5.9,31.6,-33.6,45.2,0,0,49.3,1,1,13086,1,17415,6857,10465,6538,485,1875,1957,1456,2593,1,8509,19745,17448,16468,16469,6376,8263,8846,7288,2720,1617,24236,5084,2246,150,2718,1,18:14
2024-25,1629111,Jock Landale,Jock,1610612745,HOU,Houston Rockets,0022400784,2025-02-13T00:00:00,HOU vs. GSW,L,15.8,13.7,20.5,0.667,2.3,4.6,0.5,0.0,0.0,0.0,6.8,11.4,18.2,2.3,0.0,2.3,0.0,0.0,2.3,0.0,29.6,34.2,61.7,0,0,57.0,1,13222,1,13222,19061,796,2630,3281,8930,14306,3944,13505,14344,13505,1209,1700,842,15307,16469,5110,8263,8846,13730,17725,2227,1483,994,2246,150,1167,1,15:48
2024-25,1631096,Chet Holmgren,Chet,1610612760,OKC,Oklahoma City Thunder,0022400787,2025-02-13T00:00:00,OKC @ MIN,L,30.083333333333332,3.6,8.4,0.429,1.2,2.4,0.5,4.8,7.2,0.667,4.8,9.6,14.4,2.4,2.4,2.4,2.4,0.0,2.4,4.8,13.2,-3.6,46.0,1,0,40.7,1,13222,1,13222,7702,18104,19672,13735,13389,18827,3944,4366,3187,9425,2583,2944,2068,14902,8688,4718,2569,8846,13248,4532,14924,14841,4761,1,150,6387,1,30:05
2024-25,1642268,Isaiah Collier,Isaiah,1610612762,UTA,Utah Jazz,0022401004,2025-02-13T00:00:00,UTA vs. LAC,L,31.533333333333335,5.7,10.3,0.556,3.4,6.8,0.5,3.4,4.6,0.75,1.1,3.4,4.6,9.1,8.0,4.6,0.0,2.3,1.1,4.6,18.3,-2.3,43.2,0,0,44.5,1,13222,1,13222,6391,12394,16605,7248,5322,8779,3944,6841,6711,8186,12181,15444,15884,1908,589,1179,8263,2463,18855,5007,9556,14197,6061,2246,150,4459,1,31:32
2024-25,1630631,Jose Alvarado,Jose,1610612740,NOP,New Orleans Pelicans,0022400785,2025-02-13T00:00:00,NOP vs. SAC,W,34.348333333333336,6.3,12.6,0.5,4.2,8.4,0.5,2.1,2.1,1.0,1.0,4.2,5.2,8.4,1.0,3.1,0.0,0.0,2.1,2.1,18.9,19.9,46.1,0,0,43.0,1,1,13086,1,3971,10752,12619,8526,3581,5774,3944,10308,12436,1,12891,13143,14192,2527,15505,2844,8263,8846,14628,12629,8976,3980,4692,2246,150,5161,1,34:21
2024-25,1627732,Ben Simmons,Ben,1610612746,LAC,LA Clippers,0022401004,2025-02-13T00:00:00,LAC @ UTA,W,27.031666666666666,5.3,6.7,0.8,0.0,0.0,0.0,5.3,5.3,1.0,0.0,9.3,9.3,8.0,0.0,4.0,1.3,0.0,1.3,5.3,16.0,-1.3,55.1,0,0,43.9,1,1,13086,1,10313,13476,21943,1688,15070,20945,15070,3620,5423,1,14058,3186,6292,2896,16469,1642,5513,8846,17900,3595,11941,13729,1964,2246,150,4715,1,27:02
2024-25,203957,Danté Exum,Danté,1610612742,DAL,Dallas Mavericks,0022400786,2025-02-13T00:00:00,DAL vs. MIA,W,24.133333333333333,16.4,19.4,0.846,3.0,3.0,1.0,4.5,4.5,1.0,1.5,3.0,4.5,6.0,1.5,3.0,1.5,1.5,3.0,3.0,40.3,11.9,66.5,0,0,62.7,1,1,13086,1,12774,326,3425,1505,6578,17697,1,4872,6884,1,10355,16792,16108,5560,12786,3196,4884,4805,10798,9320,430,6823,601,2246,150,601,1,24:08
2024-25,201939,Stephen Curry,Stephen,1610612744,GSW,Golden State Warriors,0022400784,2025-02-13T00:00:00,GSW @ HOU,W,35.291666666666664,7.1,17.3,0.412,5.1,13.3,0.385,8.2,9.2,0.889,1.0,4.1,5.1,3.1,1.0,0.0,0.0,0.0,2.0,5.1,27.5,7.1,37.2,0,0,40.8,1,1,13086,1,3251,8602,5408,14791,2152,1177,8766,1336,1779,6857,13091,13479,14516,12721,15712,12854,8263,8846,14917,3922,2963,9071,9508,2246,150,6328,1,35:18
2024-25,1629675,Naz Reid,Naz,1610612750,MIN,Minnesota Timberwolves,0022400787,2025-02-13T00:00:00,MIN vs. OKC,W,37.583333333333336,10.5,17.2,0.611,2.9,8.6,0.333,1.9,1.9,1.0,3.8,9.6,13.4,6.7,0.0,0.0,1.0,0.0,1.0,3.8,25.9,9.6,54.9,1,0,50.8,1,1,13086,1,1639,2685,5524,5351,6974,5386,9209,10900,12942,1,3834,2939,2542,4421,16469,12854,7764,8846,19919,6765,3744,7905,2013,1,150,2322,1,37:35
2024-25,1630283,Kylor Kelley,Kylor,1610612742,DAL,Dallas Mavericks,0022400786,2025-02-13T00:00:00,DAL vs. MIA,W,2.683333333333333,26.8,26.8,1.0,0.0,0.0,0.0,0.0,0.0,0.0,13.4,13.4,26.8,0.0,0.0,0.0,0.0,0.0,13.4,0.0,53.7,-13.4,85.9,0,0,80.5,1,1,13086,1,25134,48,519,1,15070,20945,15070,13505,14344,13505,176,890,143,19908,16469,12854,8263,8846,307,17725,121,19273,127,2246,150,154,1,2:41
2024-25,203897,Zach LaVine,Zach,1610612758,SAC,Sacramento Kings,0022400785,2025-02-13T00:00:00,SAC @ NOP,L,45.3,9.5,19.1,0.5,4.0,9.5,0.417,2.4,2.4,1.0,0.8,0.8,1.6,7.9,2.4,2.4,0.0,0.0,0.8,2.4,25.4,-7.9,44.0,1,0,43.7,1,13222,1,13222,50,3827,3691,8526,4044,4055,7826,9384,11537,1,14042,22134,22455,2941,8726,4748,8263,8846,20245,11411,3975,16951,5661,1,150,4830,1,45:18
2024-25,1630578,Alperen Sengun,Alperen,1610612745,HOU,Houston Rockets,0022400784,2025-02-13T00:00:00,HOU vs. GSW,L,26.566666666666666,5.4,13.6,0.4,0.0,1.4,0.0,2.7,5.4,0.5,1.4,16.3,17.6,5.4,4.1,1.4,0.0,1.4,4.1,5.4,13.6,-25.7,42.8,1,0,39.3,1,13222,1,13222,10668,13213,10921,14933,15070,20431,15070,8553,5288,10625,10960,401,989,6588,3753,9163,8263,5379,6951,3448,14442,22972,6212,1,150,7201,1,26:34
2024-25,1641796,Pelle Larsson,Pelle,1610612748,MIA,Miami Heat,0022400786,2025-02-13T00:00:00,MIA @ DAL,L,9.766666666666667,3.7,3.7,1.0,3.7,3.7,1.0,0.0,0.0,0.0,0.0,0.0,0.0,0.0,0.0,0.0,0.0,0.0,14.7,0.0,11.1,-44.2,11.1,0,0,14.7,1,13222,1,13222,22187,17872,24234,1,4728,16249,1,13505,14344,13505,14058,22137,23286,19908,16469,12854,8263,8846,256,17725,17133,25134,24233,2246,150,23156,1,9:46
2024-25,1630611,Gui Santos,Gui,1610612744,GSW,Golden State Warriors,0022400784,2025-02-13T00:00:00,GSW @ HOU,W,17.358333333333334,2.1,8.3,0.25,2.1,6.2,0.333,4.1,4.1,1.0,0.0,4.1,4.1,4.1,2.1,4.1,0.0,0.0,4.1,2.1,10.4,-14.5,31.9,0,0,29.0,1,1,13086,1,18039,21280,19800,20233,9799,10147,9209,5443,7525,1,14058,13280,16950,9531,10139,1496,8263,8846,6699,12744,17791,19715,13368,2246,150,14671,1,17:22
2024-25,1628370,Malik Monk,Malik,1610612758,SAC,Sacramento Kings,0022400785,2025-02-13T00:00:00,SAC @ NOP,L,42.71666666666667,6.7,20.2,0.333,3.4,10.1,0.333,3.4,3.4,1.0,0.8,4.2,5.1,7.6,3.4,0.8,0.8,2.5,3.4,1.7,20.2,-3.4,39.4,0,0,39.6,1,13222,1,13222,179,9594,2811,17395,5452,3362,9209,6960,9160,1,14010,13071,14652,3304,5303,12803,8201,1994,9183,14320,7714,14745,8169,2246,150,7007,1,42:43
2024-25,1628988,Aaron Holiday,Aaron,1610612745,HOU,Houston Rockets,0022400784,2025-02-13T00:00:00,HOU vs. GSW,L,37.416666666666664,9.6,19.2,0.5,1.9,8.7,0.222,2.9,2.9,1.0,1.9,5.8,7.7,3.8,1.0,1.0,0.0,1.0,4.8,3.8,24.1,-6.7,41.0,0,0,39.4,1,13222,1,13222,1729,3695,3551,8526,10527,5327,13288,8128,10269,1,8733,8853,8809,10374,16073,12263,8263,8249,5026,6714,4765,16396,7179,2246,150,7102,1,37:25
2024-25,1631169,Josh Minott,Josh,1610612750,MIN,Minnesota Timberwolves,0022400787,2025-02-13T00:00:00,MIN vs. OKC,W,3.7,0.0,19.5,0.0,0.0,9.7,0.0,0.0,0.0,0.0,0.0,9.7,9.7,0.0,9.7,0.0,9.7,0.0,0.0,0.0,0.0,-58.4,31.1,0,0,29.2,1,1,13086,1,24623,22635,3369,22635,15070,3799,15070,13505,14344,13505,14058,2791,5756,19908,347,12854,73,8846,20257,17725,23200,25640,13965,2246,150,14548,1,3:42
2024-25,1641794,Dillon Jones,Dillon,1610612760,OKC,Oklahoma City Thunder,0022400787,2025-02-13T00:00:00,OKC @ MIN,L,8.131666666666666,0.0,0.0,0.0,0.0,0.0,0.0,0.0,0.0,0.0,4.4,8.9,13.3,8.9,0.0,0.0,0.0,0.0,0.0,0.0,0.0,-31.0,29.2,0,0,22.1,1,13222,1,13222,22774,22635,24836,22635,15070,20945,15070,13505,14344,13505,3017,3658,2617,2129,16469,12854,8263,8846,20257,17725,23200,23883,15343,2246,150,19597,1,8:08
2024-25,1630568,Luka Garza,Luka,1610612750,MIN,Minnesota Timberwolves,0022400787,2025-02-13T00:00:00,MIN vs. OKC,W,14.75,9.8,17.1,0.571,0.0,0.0,0.0,0.0,0.0,0.0,14.6,4.9,19.5,0.0,2.4,0.0,0.0,2.4,4.9,0.0,19.5,26.8,40.5,0,0,39.1,1,1,13086,1,19733,3519,5710,6538,15070,20945,15070,13505,14344,13505,141,11203,594,19908,8487,12854,8263,2134,4874,17725,8341,2458,7454,2246,150,7349,1,14:45
2024-25,1631165,Keon Ellis,Keon,1610612758,SAC,Sacramento Kings,0022400785,2025-02-13T00:00:00,SAC @ NOP,L,22.74,4.7,15.8,0.3,1.6,6.3,0.25,0.0,0.0,0.0,1.6,3.2,4.7,1.6,0.0,1.6,0.0,1.6,1.6,3.2,11.1,-17.4,23.9,0,0,22.2,1,13222,1,13222,13921,15115,7375,19363,11739,9914,11902,13505,14344,13505,9987,16210,15447,17701,16469,8053,8263,4477,16923,8682,17113,20750,19016,2246,150,19575,1,22:44
2024-25,1630558,Davion Mitchell,Davion,1610612748,MIA,Miami Heat,0022400786,2025-02-13T00:00:00,MIA @ DAL,L,37.803333333333335,1.0,3.8,0.25,1.0,1.0,1.0,1.9,1.9,1.0,0.0,0.0,0.0,3.8,1.0,1.9,1.0,1.0,1.0,1.9,4.8,-10.5,18.1,0,0,15.2,1,13222,1,13222,1508,22626,24184,20233,14783,20898,1,10928,12966,1,14058,22137,23286,10475,16133,6742,7810,8324,19957,13493,22150,18092,22054,2246,150,22978,1,37:48
2024-25,1631099,Keegan Murray,Keegan,1610612758,SAC,Sacramento Kings,0022400785,2025-02-13T00:00:00,SAC @ NOP,L,35.5,5.1,11.2,0.455,3.0,9.1,0.333,0.0,0.0,0.0,2.0,6.1,8.1,3.0,0.0,1.0,0.0,0.0,3.0,0.0,13.2,7.1,30.5,0,0,29.4,1,13222,1,13222,3067,14176,15092,12676,6367,4635,9209,13505,14344,13505,8268,8134,8070,12787,16469,11822,8263,8846,10525,17725,14897,9090,14414,2246,150,14397,1,35:30
2024-25,1641722,Jordan Hawkins,Jordan,1610612740,NOP,New Orleans Pelicans,0022400785,2025-02-13T00:00:00,NOP vs. SAC,W,26.166666666666668,6.9,11.0,0.625,4.1,6.9,0.6,4.1,5.5,0.75,0.0,2.8,2.8,5.5,1.4,0.0,2.8,0.0,0.0,2.8,22.0,-5.5,40.4,0,0,39.9,1,1,13086,1,11032,9225,15342,4899,3721,8717,2992,5478,5185,8186,14058,17554,20353,6419,13426,12854,2018,8846,20257,10141,6205,15833,7493,2246,150,6835,1,26:10
2024-25,1642263,Reed Sheppard,Reed,1610612745,HOU,Houston Rockets,0022400784,2025-02-13T00:00:00,HOU vs. GSW,L,5.15,0.0,0.0,0.0,0.0,0.0,0.0,0.0,0.0,0.0,0.0,0.0,0.0,0.0,0.0,0.0,0.0,0.0,0.0,0.0,0.0,-48.9,0.0,0,0,0.0,1,13222,1,13222,23927,22635,24836,22635,15070,20945,15070,13505,14344,13505,14058,22137,23286,19908,16469,12854,8263,8846,20257,17725,23200,25357,25228,2246,150,25259,1,5:09
2024-25,1642366,Quinten Post,Quinten,1610612744,GSW,Golden State Warriors,0022400784,2025-02-13T00:00:00,GSW @ HOU,W,7.216666666666667,0.0,15.0,0.0,0.0,15.0,0.0,0.0,0.0,0.0,0.0,5.0,5.0,5.0,0.0,0.0,0.0,0.0,0.0,0.0,0.0,-15.0,13.5,0,0,10.0,1,1,13086,1,23090,22635,8658,22635,15070,698,15070,13505,14344,13505,14058,10909,14817,7491,16469,12854,8263,8846,20257,17725,23200,19889,23643,2246,150,24428,1,7:13
2024-25,204060,Joe Ingles,Joe,1610612750,MIN,Minnesota Timberwolves,0022400787,2025-02-13T00:00:00,MIN vs. OKC,W,2.2,0.0,16.4,0.0,0.0,16.4,0.0,0.0,0.0,0.0,0.0,0.0,0.0,0.0,0.0,0.0,0.0,0.0,0.0,0.0,0.0,-16.4,0.0,0,0,0.0,1,1,13086,1,25366,22635,6592,22635,15070,470,15070,13505,14344,13505,14058,22137,23286,19908,16469,12854,8263,8846,20257,17725,23200,20399,25228,2246,150,25259,1,2:12
2024-25,1641803,Tristen Newton,Tristen,1610612750,MIN,Minnesota Timberwolves,0022400787,2025-02-13T00:00:00,MIN vs. OKC,W,2.033333333333333,0.0,17.7,0.0,0.0,0.0,0.0,0.0,0.0,0.0,0.0,0.0,0.0,0.0,17.7,0.0,0.0,17.7,0.0,0.0,0.0,-70.8,-17.7,0,0,0.0,1,1,13086,1,25436,22635,4999,22635,15070,20945,15070,13505,14344,13505,14058,22137,23286,19908,77,12854,8263,19,20257,17725,23200,25899,26270,2246,150,25259,1,2:02
2024-25,1630598,Aaron Wiggins,Aaron,1610612760,OKC,Oklahoma City Thunder,0022400787,2025-02-13T00:00:00,OKC @ MIN,L,18.666666666666668,7.7,15.4,0.5,3.9,7.7,0.5,0.0,0.0,0.0,0.0,5.8,5.8,1.9,0.0,0.0,1.9,0.0,3.9,0.0,19.3,-50.1,34.9,0,0,34.7,1,13222,1,13222,17057,7244,7920,8526,4305,6975,3944,13505,14344,13505,14058,8821,12794,16645,16469,12854,3686,8846,7586,17725,8561,25400,11122,2246,150,10284,1,18:40
2024-25,1627826,Ivica Zubac,Ivica,1610612746,LAC,LA Clippers,0022401004,2025-02-13T00:00:00,LAC @ UTA,W,25.185,5.7,17.2,0.333,0.0,0.0,0.0,2.9,2.9,1.0,8.6,2.9,11.4,0.0,1.4,2.9,1.4,0.0,2.9,2.9,14.3,-4.3,39.5,0,0,34.3,1,1,13086,1,11847,12364,5630,17395,15070,20945,15070,8190,10332,1,646,17208,4023,19908,13113,3520,5117,8846,11370,9731,13614,15218,8103,2246,150,10611,1,25:11
2024-25,1631107,Nikola Jović,Nikola,1610612748,MIA,Miami Heat,0022400786,2025-02-13T00:00:00,MIA @ DAL,L,24.85,4.3,15.9,0.273,0.0,5.8,0.0,0.0,0.0,0.0,0.0,1.4,1.4,1.4,2.9,0.0,0.0,0.0,1.4,0.0,8.7,-8.7,9.7,0,0,11.6,1,13222,1,13222,12131,16212,7214,20048,15070,11215,15070,13505,14344,13505,14058,20994,22640,18182,6855,12854,8263,8846,17449,17725,19352,17281,24464,2246,150,24084,1,24:51
2024-25,202692,Alec Burks,Alec,1610612748,MIA,Miami Heat,0022400786,2025-02-13T00:00:00,MIA @ DAL,L,28.4,3.8,8.9,0.429,2.5,6.3,0.4,5.1,8.9,0.571,2.5,6.3,8.9,5.1,1.3,1.3,0.0,0.0,1.3,5.1,15.2,-2.5,36.0,0,0,34.2,1,13222,1,13222,9212,17554,18904,13735,8029,9898,7874,3932,1938,10536,6510,7623,6922,7311,13987,9672,8263,8846,18183,3968,12689,14326,10366,2246,150,10678,1,28:24
2024-25,1627884,Derrick Jones Jr.,Derrick,1610612746,LAC,LA Clippers,0022401004,2025-02-13T00:00:00,LAC @ UTA,W,23.0,4.7,14.1,0.333,1.6,3.1,0.5,1.6,3.1,0.5,0.0,3.1,3.1,0.0,1.6,1.6,0.0,0.0,6.3,1.6,12.5,-1.6,19.4,0,0,20.3,1,1,13086,1,13724,15251,10029,17395,11803,17401,3944,11657,9642,10625,14058,16328,19415,19908,12481,8126,8263,8846,2641,14743,15573,13823,21451,2246,150,20662,1,23:00
2024-25,1642276,Kel'el Ware,Kel'el,1610612748,MIA,Miami Heat,0022400786,2025-02-13T00:00:00,MIA @ DAL,L,32.083333333333336,9.0,15.7,0.571,0.0,3.4,0.0,1.1,2.2,0.5,5.6,4.5,10.1,1.1,2.2,1.1,1.1,0.0,2.2,3.4,19.1,-9.0,37.4,0,0,34.8,1,13222,1,13222,5901,4752,7534,6538,15070,16937,15070,12847,11952,10625,1875,12288,5330,19286,9332,10849,6652,8846,13903,8055,8781,17410,9435,2246,150,10244,1,32:05
2024-25,1630224,Jalen Green,Jalen,1610612745,HOU,Houston Rockets,0022400784,2025-02-13T00:00:00,HOU vs. GSW,L,22.116666666666667,4.9,16.3,0.3,3.3,6.5,0.5,1.6,4.9,0.333,0.0,0.0,0.0,1.6,6.5,0.0,0.0,4.9,1.6,3.3,14.6,-16.3,10.6,0,0,19.5,1,13222,1,13222,14402,14714,6720,19363,5797,9525,3944,11547,6149,13132,14058,22137,23286,17581,1126,12854,8263,387,16787,8392,13248,20359,24325,2246,150,21135,1,22:07
2024-25,1641738,Kobe Brown,Kobe,1610612746,LAC,LA Clippers,0022401004,2025-02-13T00:00:00,LAC @ UTA,W,4.016666666666667,0.0,17.9,0.0,0.0,17.9,0.0,0.0,0.0,0.0,0.0,0.0,0.0,0.0,0.0,0.0,0.0,0.0,0.0,9.0,0.0,-44.8,0.0,0,0,0.0,1,1,13086,1,24471,22635,4778,22635,15070,348,15070,13505,14344,13505,14058,22137,23286,19908,16469,12854,8263,8846,20257,669,23200,25175,25228,2246,150,25259,1,4:01
2024-25,1630695,Micah Potter,Micah,1610612762,UTA,Utah Jazz,0022401004,2025-02-13T00:00:00,UTA vs. LAC,L,12.55,2.9,2.9,1.0,0.0,0.0,0.0,2.9,2.9,1.0,5.7,20.1,25.8,0.0,5.7,0.0,0.0,0.0,2.9,2.9,8.6,11.5,33.8,0,0,34.4,1,13222,1,13222,20962,19735,24534,1,15070,20945,15070,8172,10312,1,1790,169,180,19908,1614,12854,8263,8846,11317,9695,19426,7022,11934,2246,150,10507,1,12:33
2024-25,1631159,Leonard Miller,Leonard,1610612750,MIN,Minnesota Timberwolves,0022400787,2025-02-13T00:00:00,MIN vs. OKC,W,2.033333333333333,0.0,0.0,0.0,0.0,0.0,0.0,0.0,0.0,0.0,0.0,0.0,0.0,0.0,0.0,0.0,0.0,0.0,0.0,0.0,0.0,-70.8,0.0,0,0,0.0,1,1,13086,1,25436,22635,24836,22635,15070,20945,15070,13505,14344,13505,14058,22137,23286,19908,16469,12854,8263,8846,20257,17725,23200,25899,25228,2246,150,25259,1,2:02
2024-25,1630702,Jaden Hardy,Jaden,1610612742,DAL,Dallas Mavericks,0022400786,2025-02-13T00:00:00,DAL vs. MIA,W,18.6,0.0,15.5,0.0,0.0,7.7,0.0,3.9,7.7,0.5,0.0,9.7,9.7,5.8,0.0,0.0,0.0,1.9,1.9,5.8,3.9,7.7,24.2,0,0,19.4,1,1,13086,1,17106,22635,7847,22635,15070,6916,15070,5930,2717,10625,14058,2840,5829,5845,16469,12854,8263,3437,15484,2893,22619,8754,18817,2246,150,21229,1,18:36
2024-25,1627734,Domantas Sabonis,Domantas,1610612758,SAC,Sacramento Kings,0022400785,2025-02-13T00:00:00,SAC @ NOP,L,42.61,8.4,13.5,0.625,0.8,1.7,0.5,0.8,1.7,0.5,11.0,12.7,23.7,4.2,4.2,0.0,0.0,0.0,0.8,1.7,18.6,-1.7,49.1,1,0,47.3,1,13222,1,13222,189,5713,10977,4899,15038,20058,3944,13485,13305,10625,312,1107,239,9331,3460,12854,8263,8846,20220,14311,9233,13872,3593,1,150,3372,1,42:37
2024-25,1630311,Pat Spencer,Pat,1610612744,GSW,Golden State Warriors,0022400784,2025-02-13T00:00:00,GSW @ HOU,W,12.716666666666667,5.7,19.8,0.286,0.0,0.0,0.0,5.7,5.7,1.0,0.0,2.8,2.8,2.8,2.8,2.8,2.8,2.8,5.7,2.8,17.0,-5.7,38.8,0,0,34.0,1,1,13086,1,20884,12526,3087,19630,15070,20945,15070,3232,4953,1,14058,17292,20165,13494,7110,3596,1903,1553,3449,9857,10859,15905,8547,2246,150,10877,1,12:43
2024-25,1631114,Jalen Williams,Jalen,1610612760,OKC,Oklahoma City Thunder,0022400787,2025-02-13T00:00:00,OKC @ MIN,L,34.01833333333333,8.5,18.0,0.471,0.0,4.2,0.0,4.2,5.3,0.8,0.0,3.2,3.2,5.3,1.1,1.1,1.1,0.0,1.1,5.3,21.2,-4.2,38.2,0,0,33.9,1,13222,1,13222,4243,5679,4706,12143,15070,15044,15070,5289,5479,7681,14058,16178,19298,6843,15440,11415,7070,8846,19355,3643,6950,15192,8891,2246,150,10956,1,34:01
2024-25,1630314,Brandon Williams,Brandon,1610612742,DAL,Dallas Mavericks,0022400786,2025-02-13T00:00:00,DAL vs. MIA,W,24.666666666666668,5.8,10.2,0.571,2.9,5.8,0.5,1.5,2.9,0.5,0.0,1.5,1.5,4.4,4.4,0.0,0.0,0.0,7.3,2.9,16.1,10.2,20.0,0,0,24.8,1,1,13086,1,12303,11992,16703,6538,6798,11108,3944,11879,10176,10625,14058,20964,22618,8934,3178,12854,8263,8846,1771,9526,11870,7594,21175,2246,150,17820,1,24:40
2024-25,201935,James Harden,James,1610612746,LAC,LA Clippers,0022401004,2025-02-13T00:00:00,LAC @ UTA,W,49.266666666666666,5.8,13.9,0.421,3.7,9.5,0.385,8.0,11.0,0.733,0.7,6.6,7.3,5.1,2.2,2.2,1.5,0.0,2.9,5.1,23.4,8.0,48.6,1,0,46.8,1,1,13086,1,7,11968,10374,14442,4796,4109,8766,1396,1036,9222,14056,7151,9558,7212,9542,5432,4987,8846,11073,3896,5215,8618,3775,1,150,3563,1,49:16
2024-25,201942,DeMar DeRozan,DeMar,1610612758,SAC,Sacramento Kings,0022400785,2025-02-13T00:00:00,SAC @ NOP,L,43.21666666666667,4.2,13.3,0.313,0.8,3.3,0.25,7.5,7.5,1.0,0.0,3.3,3.3,4.2,0.0,0.0,0.0,0.8,3.3,4.2,16.7,-1.7,26.9,0,0,25.0,1,13222,1,13222,137,16686,11249,19175,15049,17001,11902,1666,2913,1,14058,15692,18911,9482,16469,12854,8263,8796,9329,5914,11214,13864,17020,2246,150,17691,1,43:13
2024-25,203915,Spencer Dinwiddie,Spencer,1610612742,DAL,Dallas Mavericks,0022400786,2025-02-13T00:00:00,DAL vs. MIA,W,35.986666666666665,6.0,13.0,0.462,1.0,7.0,0.143,5.0,5.0,1.0,0.0,3.0,3.0,6.0,4.0,0.0,0.0,0.0,3.0,5.0,18.0,-4.0,26.6,0,0,28.0,1,1,13086,1,2694,11499,11845,12428,14551,8461,14649,4036,5917,1,14058,16716,19727,5482,3880,12854,8263,8846,10708,4115,9826,15066,17211,2246,150,15415,1,35:59
2024-25,1630548,Johnny Juzang,Johnny,1610612762,UTA,Utah Jazz,0022401004,2025-02-13T00:00:00,UTA vs. LAC,L,12.1,8.9,14.9,0.6,6.0,11.9,0.5,0.0,0.0,0.0,0.0,8.9,8.9,3.0,3.0,3.0,0.0,3.0,6.0,0.0,23.8,-35.7,44.9,0,0,47.6,1,13222,1,13222,21189,4839,8785,5394,1340,1835,3944,13505,14344,13505,14058,3586,6849,13013,6575,3212,8263,1369,3011,17725,4936,24488,5215,2246,150,3276,1,12:06
2024-25,1631108,Max Christie,Max,1610612742,DAL,Dallas Mavericks,0022400786,2025-02-13T00:00:00,DAL vs. MIA,W,38.73,7.4,17.7,0.421,2.8,10.2,0.273,0.0,0.0,0.0,0.9,3.7,4.6,4.6,3.7,2.8,0.9,0.9,1.9,0.0,17.7,3.7,37.6,0,0,37.2,1,1,13086,1,1000,7920,5058,14442,7252,3245,11838,13505,14344,13505,13774,14575,15708,8312,4512,3715,7956,8500,15894,17725,10156,10797,9253,2246,150,8595,1,38:44
2024-25,202710,Jimmy Butler III,Jimmy,1610612744,GSW,Golden State Warriors,0022400784,2025-02-13T00:00:00,GSW @ HOU,W,34.516666666666666,6.3,15.6,0.4,1.0,4.2,0.25,6.3,6.3,1.0,4.2,4.2,8.3,4.2,0.0,0.0,0.0,1.0,0.0,4.2,19.8,10.4,36.1,0,0,33.4,1,1,13086,1,3842,10826,7629,14933,14290,15185,11902,2628,4171,1,3333,13195,7701,9468,16469,12854,8263,7548,20257,5900,8052,7495,10306,2246,150,11344,1,34:31
2024-25,1630541,Moses Moody,Moses,1610612744,GSW,Golden State Warriors,0022400784,2025-02-13T00:00:00,GSW @ HOU,W,33.8,4.3,9.6,0.444,1.1,4.3,0.25,1.1,2.1,0.5,2.1,4.3,6.4,1.1,0.0,2.1,2.1,1.1,3.2,2.1,10.7,10.7,32.7,0,0,27.7,1,1,13086,1,4440,16425,17801,13045,14163,14995,11902,13025,12323,10625,7845,12934,11419,19464,16469,5657,3122,7364,9887,12480,17513,7393,12805,2246,150,15637,1,33:48
2024-25,1628415,Dillon Brooks,Dillon,1610612745,HOU,Houston Rockets,0022400784,2025-02-13T00:00:00,HOU vs. GSW,L,21.033333333333335,3.4,10.3,0.333,3.4,5.1,0.667,1.7,3.4,0.5,0.0,0.0,0.0,1.7,3.4,0.0,0.0,0.0,3.4,1.7,12.0,-22.3,11.1,0,0,17.1,1,13222,1,13222,15267,18488,16616,17395,5327,12861,1957,11393,9038,10625,14058,22137,23286,17331,5178,12854,8263,8846,8988,14232,16164,22143,24220,2246,150,22250,1,21:02
2024-25,202685,Jonas Valančiūnas,Jonas,1610612758,SAC,Sacramento Kings,0022400785,2025-02-13T00:00:00,SAC @ NOP,L,13.683333333333334,5.3,7.9,0.667,0.0,0.0,0.0,0.0,5.3,0.0,2.6,2.6,5.3,5.3,0.0,2.6,0.0,2.6,5.3,2.6,10.5,-21.0,32.6,0,0,26.3,1,13222,1,13222,20373,13636,20423,3281,15070,20945,15070,13505,5512,13505,6270,17874,14129,6908,16469,4060,8263,1833,4082,10540,17635,21840,12863,2246,150,16707,1,13:41
2024-25,1630545,Terrence Shannon Jr.,Terrence,1610612750,MIN,Minnesota Timberwolves,0022400787,2025-02-13T00:00:00,MIN vs. OKC,W,28.633333333333333,5.0,12.6,0.4,1.3,5.0,0.25,5.0,5.0,1.0,3.8,3.8,7.5,1.3,1.3,0.0,0.0,3.8,2.5,2.5,16.3,28.9,26.0,0,0,26.4,1,1,13086,1,8997,14296,12624,14933,13050,13137,11902,3990,5865,1,3921,14408,9083,18808,14050,12854,8263,751,12733,10932,11561,2118,17603,2246,150,16619,1,28:38
2024-25,1629750,Javonte Green,Javonte,1610612740,NOP,New Orleans Pelicans,0022400785,2025-02-13T00:00:00,NOP vs. SAC,W,33.875,4.3,7.4,0.571,1.1,4.3,0.25,0.0,0.0,0.0,0.0,7.4,7.4,2.1,0.0,5.3,1.1,0.0,2.1,0.0,9.6,17.0,40.8,0,0,32.9,1,1,13086,1,4381,16461,21019,6538,14178,15011,11902,13505,14344,13505,14058,5604,9288,15913,16469,734,7041,8846,14492,17725,18577,4910,7272,2246,150,11700,1,33:53
2024-25,203992,Bogdan Bogdanović,Bogdan,1610612746,LAC,LA Clippers,0022401004,2025-02-13T00:00:00,LAC @ UTA,W,23.171666666666667,4.7,15.5,0.3,1.6,9.3,0.167,0.0,0.0,0.0,0.0,1.6,1.6,3.1,0.0,4.7,0.0,0.0,4.7,1.6,10.9,-6.2,31.4,0,0,26.4,1,1,13086,1,13580,15338,7780,19363,11850,4352,14236,13505,14344,13505,14058,20766,22499,12590,16469,1111,8263,8846,5380,14788,17290,16168,13763,2246,150,16613,1,23:10
2024-25,1630530,Trey Murphy III,Trey,1610612740,NOP,New Orleans Pelicans,0022400785,2025-02-13T00:00:00,NOP vs. SAC,W,43.75,3.3,14.0,0.235,0.8,7.4,0.111,7.4,9.9,0.75,0.8,6.6,7.4,9.1,2.5,0.0,0.0,0.0,0.8,4.9,14.8,8.2,34.8,1,0,32.1,1,1,13086,1,100,18776,10190,21144,15055,7604,15003,1731,1421,8186,14028,7141,9357,1980,8369,12854,8263,8846,20236,4229,13106,8517,11192,1,150,12305,1,43:45
2024-25,1628983,Shai Gilgeous-Alexander,Shai,1610612760,OKC,Oklahoma City Thunder,0022400787,2025-02-13T00:00:00,OKC @ MIN,L,33.666666666666664,6.4,22.5,0.286,1.1,2.1,0.5,11.8,11.8,1.0,2.1,6.4,8.6,9.6,1.1,0.0,0.0,1.1,2.1,6.4,25.7,-12.8,49.3,0,0,44.9,1,13222,1,13222,4576,10398,1605,19630,14134,19293,3944,368,817,1,7805,7470,7389,1628,15348,12854,8263,7317,14413,2164,3844,19069,3501,2246,150,4306,1,33:40
2024-25,1641745,Adam Flagler,Adam,1610612760,OKC,Oklahoma City Thunder,0022400787,2025-02-13T00:00:00,OKC @ MIN,L,3.7666666666666666,9.6,28.7,0.333,0.0,19.1,0.0,0.0,0.0,0.0,0.0,0.0,0.0,0.0,0.0,0.0,9.6,0.0,0.0,0.0,19.1,19.1,47.8,0,0,38.2,1,13222,1,13222,24582,3796,348,17395,15070,279,15070,13505,14344,13505,14058,22137,23286,19908,16469,12854,79,8846,20257,17725,8726,4223,4052,2246,150,7870,1,3:46
2024-25,203500,Steven Adams,Steven,1610612745,HOU,Houston Rockets,0022400784,2025-02-13T00:00:00,HOU vs. GSW,L,5.633333333333334,0.0,0.0,0.0,0.0,0.0,0.0,0.0,0.0,0.0,0.0,19.2,19.2,0.0,6.4,6.4,0.0,0.0,0.0,6.4,0.0,-19.2,35.8,0,0,32.0,1,13222,1,13222,23727,22635,24836,22635,15070,20945,15070,13505,14344,13505,14058,197,652,19908,1184,398,8263,8846,20257,2190,23200,21295,10518,2246,150,12424,1,5:38
2024-25,1630230,Naji Marshall,Naji,1610612742,DAL,Dallas Mavericks,0022400786,2025-02-13T00:00:00,DAL vs. MIA,W,32.583333333333336,4.4,7.7,0.571,2.2,3.3,0.667,2.2,2.2,1.0,4.4,5.5,9.9,4.4,1.1,1.1,0.0,0.0,2.2,1.1,13.3,0.0,34.0,0,0,32.0,1,1,13086,1,5492,16013,20613,6538,9204,17034,1957,9910,12058,1,3028,9463,5499,8834,15104,10976,8263,8846,14053,16887,14797,12240,11779,2246,150,12356,1,32:35
2024-25,1641715,Cam Whitmore,Cam,1610612745,HOU,Houston Rockets,0022400784,2025-02-13T00:00:00,HOU vs. GSW,L,10.4,6.9,24.2,0.286,3.5,13.8,0.25,3.5,6.9,0.5,3.5,0.0,3.5,3.5,0.0,3.5,0.0,3.5,0.0,3.5,20.8,-27.7,40.5,0,0,38.1,1,13222,1,13222,21961,9119,1003,19630,5236,975,11902,6773,3449,10625,4431,22137,18633,11516,16469,2293,8263,947,20257,7772,7250,23369,7464,2246,150,7979,1,10:24
2024-25,1630162,Anthony Edwards,Anthony,1610612750,MIN,Minnesota Timberwolves,0022400787,2025-02-13T00:00:00,MIN vs. OKC,W,36.28333333333333,5.0,17.9,0.278,3.0,11.9,0.25,9.9,10.9,0.909,1.0,6.0,6.9,6.9,2.0,3.0,0.0,0.0,0.0,6.0,22.8,9.9,48.5,0,0,45.6,1,1,13086,1,2476,14511,4839,20025,6601,1831,11902,720,1050,6764,13323,8442,10244,4067,10593,3210,8263,8846,20257,2682,5615,7730,3804,2246,150,3960,1,36:17
2024-25,1630183,Jaden McDaniels,Jaden,1610612750,MIN,Minnesota Timberwolves,0022400787,2025-02-13T00:00:00,MIN vs. OKC,W,36.93333333333333,8.8,17.5,0.5,1.0,5.8,0.167,1.9,2.9,0.667,1.0,4.9,5.8,4.9,0.0,0.0,0.0,0.0,2.9,2.9,20.5,11.7,34.8,0,0,32.2,1,1,13086,1,2028,5133,5206,8526,14683,11081,14236,10803,10164,9425,13460,11229,12638,7748,16469,12854,8263,8846,11068,9509,7530,6928,11202,2246,150,12250,1,36:56
2024-25,1642271,Kyle Filipowski,Kyle,1610612762,UTA,Utah Jazz,0022401004,2025-02-13T00:00:00,UTA vs. LAC,L,37.016666666666666,7.8,11.7,0.667,2.9,5.8,0.5,1.0,1.0,1.0,1.0,8.8,9.7,0.0,1.9,0.0,0.0,0.0,5.8,1.0,19.5,-8.8,29.2,1,0,32.1,1,13222,1,13222,1975,7103,14181,3281,6805,11120,3944,13321,14258,1,13479,3773,5767,19908,10820,12854,8263,8846,3170,17483,8417,17306,15375,1,150,12302,1,37:01
2024-25,1631466,Nate Williams,Nate,1610612745,HOU,Houston Rockets,0022400784,2025-02-13T00:00:00,HOU vs. GSW,L,18.3,9.8,17.7,0.556,2.0,5.9,0.333,0.0,0.0,0.0,2.0,2.0,3.9,5.9,5.9,2.0,3.9,0.0,3.9,0.0,21.6,31.5,47.0,0,0,45.2,1,13222,1,13222,17361,3422,4999,7248,10308,10937,9209,13505,14344,13505,8535,19762,17481,5670,1456,6400,952,8846,7330,17725,6513,1784,4310,2246,150,4131,1,18:18
2024-25,203110,Draymond Green,Draymond,1610612744,GSW,Golden State Warriors,0022400784,2025-02-13T00:00:00,GSW @ HOU,W,29.938333333333333,6.0,9.6,0.625,1.2,3.6,0.333,2.4,2.4,1.0,1.2,3.6,4.8,9.6,4.8,2.4,1.2,0.0,2.4,2.4,15.6,9.6,41.8,0,0,38.5,1,1,13086,1,7837,11473,17726,4899,13353,16419,9209,9323,11475,1,11781,14899,15274,1631,2569,4683,6158,8846,13185,11334,12289,7876,6704,2246,150,7716,1,29:56
2024-25,1628971,Bruce Brown,Bruce,1610612740,NOP,New Orleans Pelicans,0022400785,2025-02-13T00:00:00,NOP vs. SAC,W,16.79,2.1,10.7,0.2,0.0,4.3,0.0,6.4,8.6,0.75,0.0,8.6,8.6,4.3,2.1,0.0,0.0,0.0,8.6,4.3,10.7,-12.9,25.3,0,0,23.6,1,1,13086,1,18394,21159,15850,21401,15070,14945,15070,2469,2143,8186,14058,3966,7355,9162,9756,12854,8263,8846,1107,5622,17452,19082,18074,2246,150,18622,1,16:47
2024-25,1642505,Alex Ducas,Alex,1610612760,OKC,Oklahoma City Thunder,0022400787,2025-02-13T00:00:00,OKC @ MIN,L,3.7666666666666666,0.0,9.6,0.0,0.0,0.0,0.0,0.0,0.0,0.0,0.0,0.0,0.0,0.0,0.0,0.0,0.0,0.0,9.6,0.0,0.0,19.1,0.0,0,0,0.0,1,13222,1,13222,24582,22635,17834,22635,15070,20945,15070,13505,14344,13505,14058,22137,23286,19908,16469,12854,8263,8846,794,17725,23200,4223,25228,2246,150,25259,1,3:46
2024-25,1641740,Jaylen Clark,Jaylen,1610612750,MIN,Minnesota Timberwolves,0022400787,2025-02-13T00:00:00,MIN vs. OKC,W,24.066666666666666,1.5,9.0,0.167,0.0,6.0,0.0,3.0,3.0,1.0,3.0,1.5,4.5,1.5,0.0,3.0,0.0,1.5,6.0,1.5,6.0,0.0,22.6,0,0,18.0,1,1,13086,1,12825,22173,18762,21938,15070,10735,15070,7837,9999,1,5363,20886,16081,17994,16469,3176,8263,4793,2970,15019,21413,12240,19825,2246,150,21890,1,24:04
2024-25,1631222,Jake LaRavia,Jake,1610612758,SAC,Sacramento Kings,0022400785,2025-02-13T00:00:00,SAC @ NOP,L,10.5,3.4,13.7,0.25,3.4,10.3,0.333,0.0,0.0,0.0,0.0,3.4,3.4,0.0,3.4,3.4,0.0,3.4,3.4,3.4,10.3,-10.3,21.3,0,0,24.0,1,13222,1,13222,21919,18476,10629,20233,5315,3168,9209,13505,14344,13505,14058,15435,18704,19908,5166,2331,8263,973,8976,7870,17866,18014,20566,2246,150,18317,1,10:30
2024-25,1629004,Svi Mykhailiuk,Svi,1610612762,UTA,Utah Jazz,0022401004,2025-02-13T00:00:00,UTA vs. LAC,L,28.05,2.6,7.7,0.333,1.3,6.4,0.2,2.6,2.6,1.0,1.3,2.6,3.9,1.3,2.6,1.3,0.0,0.0,2.6,1.3,9.0,-10.3,16.8,0,0,18.0,1,13222,1,13222,9509,20338,20654,17395,12918,9713,13429,8886,11056,1,11273,18018,17711,18713,7994,9556,8263,8846,12541,15976,19104,18006,22557,2246,150,21883,1,28:03
2024-25,1631119,Jaylin Williams,Jaylin,1610612760,OKC,Oklahoma City Thunder,0022400787,2025-02-13T00:00:00,OKC @ MIN,L,8.65,0.0,4.2,0.0,0.0,4.2,0.0,0.0,0.0,0.0,0.0,4.2,4.2,4.2,0.0,0.0,0.0,0.0,4.2,0.0,0.0,-29.1,11.2,0,0,8.3,1,13222,1,13222,22579,22635,24017,22635,15070,15204,15070,13505,14344,13505,14058,13228,16904,9488,16469,12854,8263,8846,6664,17725,23200,23605,24189,2246,150,24716,1,8:39
2024-25,1642262,Cody Williams,Cody,1610612762,UTA,Utah Jazz,0022401004,2025-02-13T00:00:00,UTA vs. LAC,L,16.133333333333333,0.0,2.2,0.0,0.0,0.0,0.0,4.5,4.5,1.0,0.0,0.0,0.0,0.0,6.7,0.0,0.0,0.0,8.9,2.2,4.5,15.6,-2.2,0,0,4.5,1,13222,1,13222,18839,22635,24709,22635,15070,20945,15070,4888,6908,1,14058,22137,23286,19908,1025,12854,8263,8846,985,12021,22312,5379,26154,2246,150,25151,1,16:08
2024-25,1641810,Antonio Reeves,Antonio,1610612740,NOP,New Orleans Pelicans,0022400785,2025-02-13T00:00:00,NOP vs. SAC,W,11.8,0.0,9.2,0.0,0.0,6.1,0.0,0.0,0.0,0.0,3.1,3.1,6.1,0.0,0.0,0.0,0.0,3.1,6.1,0.0,0.0,6.1,7.3,0,0,6.1,1,1,13086,1,21378,22635,18481,22635,15070,10436,15070,13505,14344,13505,5228,16553,12052,19908,16469,12854,8263,1285,2819,17725,23200,9569,24776,2246,150,24997,1,11:48
2024-25,1642265,Rob Dillingham,Rob,1610612750,MIN,Minnesota Timberwolves,0022400787,2025-02-13T00:00:00,MIN vs. OKC,W,21.316666666666666,5.1,11.8,0.429,0.0,0.0,0.0,0.0,0.0,0.0,3.4,1.7,5.1,8.4,0.0,0.0,0.0,0.0,1.7,0.0,10.1,30.4,28.9,0,0,23.6,1,1,13086,1,15054,14194,13905,13735,15070,20945,15070,13505,14344,13505,4588,20490,14618,2469,16469,12854,8263,8846,16569,17725,18018,1918,15570,2246,150,18584,1,21:19
2024-25,1641765,Olivier-Maxence Prosper,Olivier-Maxence,1610612742,DAL,Dallas Mavericks,0022400786,2025-02-13T00:00:00,DAL vs. MIA,W,22.703333333333333,7.9,14.3,0.556,0.0,1.6,0.0,0.0,0.0,0.0,0.0,4.8,4.8,0.0,0.0,1.6,0.0,1.6,0.0,0.0,15.9,-4.8,26.3,0,0,23.8,1,1,13086,1,13952,6794,9740,7248,15070,20184,15070,13505,14344,13505,14058,11555,15420,19908,16469,8041,8263,4469,20257,17725,12074,15450,17404,2246,150,18476,1,22:42
2024-25,1642274,Yves Missi,Yves,1610612740,NOP,New Orleans Pelicans,0022400785,2025-02-13T00:00:00,NOP vs. SAC,W,11.866666666666667,3.0,6.1,0.5,0.0,0.0,0.0,0.0,0.0,0.0,0.0,6.1,6.1,0.0,0.0,0.0,3.0,0.0,0.0,0.0,6.1,-45.5,22.4,0,0,18.2,1,1,13086,1,21351,19352,22540,8526,15070,20945,15070,13505,14344,13505,14058,8181,12120,19908,16469,12854,1653,8846,20257,17725,21341,25204,19903,2246,150,21768,1,11:52
2024-25,1630198,Isaiah Joe,Isaiah,1610612760,OKC,Oklahoma City Thunder,0022400787,2025-02-13T00:00:00,OKC @ MIN,L,21.083333333333332,0.0,8.5,0.0,0.0,6.8,0.0,1.7,3.4,0.5,0.0,1.7,1.7,5.1,0.0,0.0,0.0,0.0,3.4,1.7,1.7,-25.6,11.4,0,0,8.5,1,13222,1,13222,15235,22635,19432,22635,15070,8828,15070,11399,9060,10625,14058,20444,22292,7198,16469,12854,8263,8846,9021,14246,23171,22939,24142,2246,150,24674,1,21:05
2024-25,201587,Nicolas Batum,Nicolas,1610612746,LAC,LA Clippers,0022401004,2025-02-13T00:00:00,LAC @ UTA,W,29.783333333333335,2.4,6.0,0.4,2.4,4.8,0.5,0.0,0.0,0.0,2.4,3.6,6.0,0.0,0.0,0.0,1.2,1.2,2.4,1.2,7.3,4.8,18.1,0,0,18.1,1,1,13086,1,7977,20625,22559,14933,8424,13614,3944,13505,14344,13505,6871,14855,12180,19908,16469,12854,6116,6194,13117,16356,20526,10195,22041,2246,150,21805,1,29:47
2024-25,1627741,Buddy Hield,Buddy,1610612744,GSW,Golden State Warriors,0022400784,2025-02-13T00:00:00,GSW @ HOU,W,13.928333333333333,2.6,12.9,0.2,0.0,10.3,0.0,0.0,0.0,0.0,0.0,2.6,2.6,0.0,0.0,2.6,2.6,0.0,0.0,2.6,5.2,7.8,23.8,0,0,18.1,1,1,13086,1,20234,20300,11993,21401,15070,3114,15070,13505,14344,13505,14058,17986,20668,19908,16469,4169,2242,8846,20257,10692,21927,8751,19112,2246,150,21820,1,13:56
2024-25,1629130,Duncan Robinson,Duncan,1610612748,MIA,Miami Heat,0022400786,2025-02-13T00:00:00,MIA @ DAL,L,19.963333333333335,5.4,12.6,0.429,5.4,12.6,0.429,0.0,0.0,0.0,0.0,1.8,1.8,7.2,1.8,0.0,0.0,0.0,1.8,0.0,16.2,18.0,27.4,0,0,30.7,1,13222,1,13222,16055,13247,12528,13735,1836,1464,7394,13505,14344,13505,14058,20236,22156,3737,11536,12854,8263,8846,16170,17725,11686,4548,16649,2246,150,13433,1,19:58
2024-25,1641708,Amen Thompson,Amen,1610612745,HOU,Houston Rockets,0022400784,2025-02-13T00:00:00,HOU vs. GSW,L,29.55,2.4,8.5,0.286,0.0,0.0,0.0,0.0,0.0,0.0,4.9,6.1,11.0,6.1,6.1,0.0,2.4,0.0,1.2,1.2,4.9,-17.1,28.4,0,0,26.8,1,13222,1,13222,8180,20581,19449,19630,15070,20945,15070,13505,14344,13505,2483,8120,4441,5334,1328,12854,2490,8846,18432,16306,22081,20647,15946,2246,150,16320,1,29:33
2024-25,1629638,Nickeil Alexander-Walker,Nickeil,1610612750,MIN,Minnesota Timberwolves,0022400787,2025-02-13T00:00:00,MIN vs. OKC,W,30.466666666666665,5.9,13.0,0.455,4.7,10.6,0.444,0.0,0.0,0.0,1.2,5.9,7.1,2.4,2.4,0.0,0.0,1.2,4.7,1.2,16.5,7.1,26.2,0,0,30.7,1,1,13086,1,7345,11782,11858,12676,2683,2845,7211,13505,14344,13505,11922,8527,9976,15009,8803,12854,8263,6393,5219,16498,11344,9093,17460,2246,150,13383,1,30:28
2024-25,1628374,Lauri Markkanen,Lauri,1610612762,UTA,Utah Jazz,0022401004,2025-02-13T00:00:00,UTA vs. LAC,L,38.0,7.6,15.2,0.5,1.9,5.7,0.333,1.9,1.9,1.0,0.9,4.7,5.7,0.9,2.8,0.0,0.0,0.9,1.9,4.7,18.9,-6.6,24.3,0,0,27.5,1,13222,1,13222,1387,7560,8323,8526,10653,11488,9209,10971,12993,1,13670,11597,13062,19804,7049,12854,8263,8360,15711,4648,8912,16354,18718,2246,150,15812,1,38:00
2024-25,201145,Jeff Green,Jeff,1610612745,HOU,Houston Rockets,0022400784,2025-02-13T00:00:00,HOU vs. GSW,L,21.466666666666665,5.0,16.8,0.3,3.4,13.4,0.25,3.4,3.4,1.0,1.7,3.4,5.0,1.7,0.0,0.0,0.0,0.0,1.7,3.4,16.8,6.7,25.3,0,0,26.8,1,13222,1,13222,14954,14293,6090,19363,5504,1122,11902,6993,9187,1,9648,15630,14718,17427,16469,12854,8263,8846,16603,8084,11103,9286,18057,2246,150,16280,1,21:28
2024-25,1630256,Jae'Sean Tate,Jae'Sean,1610612745,HOU,Houston Rockets,0022400784,2025-02-13T00:00:00,HOU vs. GSW,L,26.566666666666666,1.4,6.8,0.2,1.4,2.7,0.5,0.0,2.7,0.0,2.7,4.1,6.8,4.1,1.4,1.4,1.4,0.0,5.4,2.7,4.1,14.9,25.1,0,0,21.7,1,13222,1,13222,10668,22345,21806,21401,12629,18243,3944,13505,10720,13505,6072,13526,10584,9766,13546,9163,5425,8846,3819,10295,22525,5669,18238,2246,150,19851,1,26:34
2024-25,1627739,Kris Dunn,Kris,1610612746,LAC,LA Clippers,0022401004,2025-02-13T00:00:00,LAC @ UTA,W,37.81333333333333,1.9,5.7,0.333,0.0,1.0,0.0,0.0,0.0,0.0,2.9,3.8,6.7,5.7,1.9,2.9,0.0,0.0,3.8,1.0,3.8,5.7,27.0,0,0,21.9,1,1,13086,1,1505,21580,22893,17395,15070,20899,15070,13505,14344,13505,5713,14292,10812,6022,11016,3532,8263,8846,7710,17540,22649,9747,16910,2246,150,19727,1,37:49
2024-25,1641718,Keyonte George,Keyonte,1610612762,UTA,Utah Jazz,0022401004,2025-02-13T00:00:00,UTA vs. LAC,L,36.983333333333334,2.9,11.7,0.25,1.9,6.8,0.286,4.9,5.8,0.833,1.0,2.9,3.9,8.8,3.9,0.0,0.0,1.0,1.9,3.9,12.7,-3.9,26.6,0,0,27.3,1,13222,1,13222,1997,19602,14153,20233,10422,8870,11433,4243,4699,7275,13469,17015,17584,2217,4099,12854,8263,8157,15428,6584,15440,15010,17232,2246,150,15983,1,36:59
2024-25,1641764,Brandin Podziemski,Brandin,1610612744,GSW,Golden State Warriors,0022400784,2025-02-13T00:00:00,GSW @ HOU,W,39.43333333333333,6.4,15.5,0.412,1.8,6.4,0.286,1.8,1.8,1.0,0.0,4.6,4.6,3.7,0.9,3.7,0.9,0.9,1.8,2.7,16.4,0.9,40.2,0,0,35.6,1,1,13086,1,735,10469,7798,14791,10965,9777,11433,11180,13158,1,14058,12091,15888,10928,16310,2026,8033,8598,16059,10198,11468,12209,7659,2246,150,9659,1,39:26
2024-25,1631170,Jaime Jaquez Jr.,Jaime,1610612748,MIA,Miami Heat,0022400786,2025-02-13T00:00:00,MIA @ DAL,L,22.616666666666667,4.8,11.1,0.429,0.0,1.6,0.0,0.0,0.0,0.0,3.2,6.4,9.6,4.8,4.8,3.2,0.0,1.6,0.0,0.0,9.6,-1.6,32.9,0,0,30.2,1,13222,1,13222,14015,15033,15121,13735,15070,20178,15070,13505,14344,13505,4974,7563,5989,7986,2621,2775,8263,4455,20257,17725,18590,13837,12626,2246,150,13759,1,22:37
2024-25,1629026,Kenrich Williams,Kenrich,1610612760,OKC,Oklahoma City Thunder,0022400787,2025-02-13T00:00:00,OKC @ MIN,L,19.05,7.6,17.0,0.444,1.9,7.6,0.25,0.0,0.0,0.0,1.9,3.8,5.7,1.9,1.9,1.9,0.0,1.9,1.9,0.0,17.0,-3.8,30.4,0,0,30.2,1,13222,1,13222,16782,7625,5803,13045,10678,7255,11902,13505,14344,13505,8861,14390,13110,16790,11104,6811,8263,3591,15746,17725,10839,14936,14477,2246,150,13765,1,19:03
2024-25,1628392,Isaiah Hartenstein,Isaiah,1610612760,OKC,Oklahoma City Thunder,0022400787,2025-02-13T00:00:00,OKC @ MIN,L,27.25,6.6,7.9,0.833,0.0,0.0,0.0,0.0,0.0,0.0,5.3,10.6,15.9,1.3,5.3,0.0,2.6,0.0,2.6,0.0,13.2,0.0,36.9,1,0,35.7,1,13222,1,13222,10145,9911,20375,1514,15070,20945,15070,13505,14344,13505,2111,2181,1473,18589,2025,12854,2160,8846,12271,17725,14857,12240,9793,1,150,9609,1,27:15
2024-25,203937,Kyle Anderson,Kyle,1610612748,MIA,Miami Heat,0022400786,2025-02-13T00:00:00,MIA @ DAL,L,27.15,8.0,13.3,0.6,0.0,0.0,0.0,4.0,8.0,0.5,8.0,5.3,13.3,4.0,0.0,0.0,2.7,0.0,4.0,4.0,19.9,17.2,49.7,1,0,42.4,1,13222,1,13222,10234,6720,11373,5394,15070,20945,15070,5728,2548,10625,798,10016,2632,9989,16469,12854,2150,8846,7197,6364,8005,4825,3347,1,150,5446,1,27:09
2024-25,1629652,Luguentz Dort,Luguentz,1610612760,OKC,Oklahoma City Thunder,0022400787,2025-02-13T00:00:00,OKC @ MIN,L,31.866666666666667,6.8,11.3,0.6,2.3,6.8,0.333,0.0,0.0,0.0,0.0,3.4,3.4,0.0,0.0,0.0,0.0,0.0,3.4,1.1,15.8,-3.4,19.9,0,0,21.5,1,13222,1,13222,6086,9477,14833,5394,9016,8943,9209,13505,14344,13505,14058,15549,18802,19908,16469,12854,8263,8846,9121,16772,12106,14752,21220,2246,150,19998,1,31:52
2024-25,1630556,Kessler Edwards,Kessler,1610612742,DAL,Dallas Mavericks,0022400786,2025-02-13T00:00:00,DAL vs. MIA,W,39.913333333333334,5.4,10.8,0.5,2.7,3.6,0.75,0.0,0.0,0.0,3.6,4.5,8.1,2.7,0.0,0.0,0.0,0.0,0.9,0.9,13.5,9.0,27.3,0,0,27.1,1,1,13086,1,582,13241,15655,8526,7524,16418,1542,13505,14344,13505,4201,12238,8064,13893,16469,12854,8263,8846,20145,17661,14468,8170,16719,2246,150,16114,1,39:55
2024-25,1628381,John Collins,John,1610612762,UTA,Utah Jazz,0022401004,2025-02-13T00:00:00,UTA vs. LAC,L,41.083333333333336,4.4,9.6,0.455,1.8,6.1,0.286,4.4,5.3,0.833,0.9,5.3,6.1,0.9,1.8,0.9,0.9,0.0,3.5,3.5,14.9,1.8,27.1,0,0,27.2,1,13222,1,13222,358,16123,17693,12676,11245,10357,11433,5023,5516,7275,13962,10137,11968,19880,11723,12745,8149,8846,8733,7647,13020,11769,16884,2246,150,16049,1,41:05
2024-25,1631255,Karlo Matković,Karlo,1610612740,NOP,New Orleans Pelicans,0022400785,2025-02-13T00:00:00,NOP vs. SAC,W,26.991666666666667,6.7,8.0,0.833,1.3,2.7,0.5,2.7,2.7,1.0,1.3,5.3,6.7,2.7,2.7,2.7,4.0,0.0,4.0,1.3,17.3,29.3,46.7,0,0,41.3,1,1,13086,1,10346,9768,20257,1514,12720,18318,3944,8650,10821,1,11047,9935,10796,13994,7630,3977,916,8846,7141,15750,10486,2060,4450,2246,150,6001,1,26:60
2024-25,1631114,Jalen Williams,Jalen,1610612760,OKC,Oklahoma City Thunder,0022400778,2025-02-12T00:00:00,OKC vs. MIA,W,30.6,8.2,17.6,0.467,1.2,4.7,0.25,3.5,5.9,0.6,3.5,3.5,7.1,3.5,2.4,1.2,0.0,1.2,1.2,3.5,21.2,-7.1,36.1,0,0,35.3,1,1,13086,1,7219,6128,5077,12249,13495,13937,11902,6645,4634,10343,4330,15146,10046,11312,8848,10377,8263,6430,18677,7589,6940,16533,10287,2246,150,9882,1,30:36
2024-25,1628378,Donovan Mitchell,Donovan,1610612739,CLE,Cleveland Cavaliers,0022400774,2025-02-12T00:00:00,CLE @ TOR,W,29.266666666666666,7.4,19.7,0.375,2.5,11.1,0.222,8.6,9.8,0.875,3.7,3.7,7.4,6.2,2.5,0.0,0.0,0.0,2.5,6.2,25.8,19.7,41.5,0,0,41.8,1,1,13086,1,8428,8056,3197,16299,8279,2429,13288,1143,1435,6931,4055,14660,9409,5247,8406,12854,8263,8846,12948,2442,3757,4044,6904,2246,150,5744,1,29:16
2024-25,201572,Brook Lopez,Brook,1610612749,MIL,Milwaukee Bucks,0022400776,2025-02-12T00:00:00,MIL @ MIN,W,26.9,4.0,6.7,0.6,1.3,2.7,0.5,5.4,5.4,1.0,0.0,9.4,9.4,2.7,0.0,0.0,1.3,0.0,1.3,4.0,14.7,5.4,34.0,0,0,30.8,1,1,13086,1,10417,17057,21900,5394,12697,18300,3944,3583,5380,1,14058,3145,6240,13973,16469,12854,5491,8846,17868,6267,13177,9915,11820,2246,150,13336,1,26:54
2024-25,1631247,Luke Travers,Luke,1610612739,CLE,Cleveland Cavaliers,0022400774,2025-02-12T00:00:00,CLE @ TOR,W,3.5,0.0,10.3,0.0,0.0,0.0,0.0,0.0,0.0,0.0,20.6,10.3,30.9,0.0,10.3,0.0,0.0,10.3,0.0,0.0,0.0,-10.3,26.7,0,0,30.9,1,1,13086,1,24704,22635,16579,22635,15070,20945,15070,13505,14344,13505,51,2361,76,19908,306,12854,8263,62,20257,17725,23200,18014,17125,2246,150,13283,1,3:30
2024-25,1629636,Darius Garland,Darius,1610612739,CLE,Cleveland Cavaliers,0022400774,2025-02-12T00:00:00,CLE @ TOR,W,27.416666666666668,9.2,19.7,0.467,1.3,10.5,0.125,0.0,0.0,0.0,1.3,1.3,2.6,10.5,1.3,3.9,0.0,0.0,1.3,2.6,19.7,34.1,49.1,0,0,42.0,1,1,13086,1,10001,4379,3183,12249,12812,2973,14886,13505,14344,13505,11137,21260,20593,1201,13747,1697,8263,8846,17985,10562,8162,1485,3578,2246,150,5630,1,27:25
2024-25,1630577,Julian Champagnie,Julian,1610612759,SAS,San Antonio Spurs,0022400769,2025-02-12T00:00:00,SAS @ BOS,L,18.916666666666668,5.7,11.4,0.5,1.9,5.7,0.333,0.0,0.0,0.0,1.9,3.8,5.7,1.9,0.0,1.9,0.0,1.9,0.0,0.0,13.3,-24.7,28.7,0,0,26.6,1,13222,1,13222,16893,12389,14624,8526,10619,11424,9209,13505,14344,13505,8797,14297,12986,16740,16469,6746,8263,3533,20257,17725,14724,22751,15689,2246,150,16437,1,18:55
2024-25,1627763,Malcolm Brogdon,Malcolm,1610612764,WAS,Washington Wizards,0022400771,2025-02-12T00:00:00,WAS vs. IND,L,15.333333333333334,11.7,21.1,0.556,0.0,0.0,0.0,4.7,4.7,1.0,0.0,0.0,0.0,14.1,2.3,0.0,0.0,0.0,0.0,4.7,28.2,4.7,47.0,0,0,42.3,1,13222,1,13222,19352,1696,2259,7248,15070,20945,15070,4520,6485,1,14058,22137,23286,383,8878,12854,8263,8846,20257,4726,2719,10284,4327,2246,150,5513,1,15:20
2024-25,1628370,Malik Monk,Malik,1610612758,SAC,Sacramento Kings,0022400777,2025-02-12T00:00:00,SAC @ NOP,W,37.31666666666667,5.8,13.5,0.429,2.9,7.7,0.375,1.9,1.9,1.0,0.0,3.9,3.9,3.9,1.9,0.0,1.9,1.9,2.9,3.9,16.4,-11.6,30.7,0,0,30.9,1,1,13086,1,1783,12145,10996,13735,6883,6964,8800,10868,12910,1,14058,14156,17688,10346,10902,12854,3683,3452,11214,6681,11496,18557,14296,2246,150,13278,1,37:19
2024-25,1641709,Ausar Thompson,Ausar,1610612765,DET,Detroit Pistons,0022400775,2025-02-12T00:00:00,DET @ CHI,W,28.116666666666667,10.2,12.8,0.8,0.0,0.0,0.0,3.8,9.0,0.429,3.8,2.6,6.4,9.0,1.3,1.3,0.0,1.3,1.3,5.1,24.3,29.4,48.0,0,0,42.3,1,1,13086,1,9444,2974,12203,1688,15070,20945,15070,6000,1891,13040,3820,18032,11393,2053,13908,9580,8263,5754,18122,3890,4593,2041,3969,2246,150,5522,1,28:07
2024-25,202331,Paul George,Paul,1610612755,PHI,Philadelphia 76ers,0022400772,2025-02-12T00:00:00,PHI @ BKN,L,36.52,1.0,6.9,0.143,0.0,4.9,0.0,0.0,0.0,0.0,0.0,5.9,5.9,3.9,3.0,2.0,3.0,1.0,2.0,3.0,2.0,7.9,26.8,0,0,21.7,1,13222,1,13222,2327,22621,21672,22260,15070,13369,15070,13505,14344,13505,14058,8518,12489,10097,6624,6386,1747,8045,15295,9399,23156,8692,17077,2246,150,19848,1,36:31
2024-25,1629614,Andrew Nembhard,Andrew,1610612754,IND,Indiana Pacers,0022400771,2025-02-12T00:00:00,IND @ WAS,W,28.1,2.6,7.7,0.333,1.3,2.6,0.5,5.1,5.1,1.0,1.3,2.6,3.8,5.1,1.3,0.0,0.0,2.6,5.1,5.1,11.5,-11.5,22.5,0,0,21.8,1,1,13086,1,9459,20343,20666,17395,12929,18515,3944,3856,5718,1,11285,18027,17721,7191,13898,12854,8263,1926,4332,3885,16639,18544,19848,2246,150,19800,1,28:06
2024-25,1628973,Jalen Brunson,Jalen,1610612752,NYK,New York Knicks,0022400773,2025-02-12T00:00:00,NYK vs. ATL,W,42.665,11.0,17.7,0.619,2.5,5.9,0.429,5.9,8.4,0.7,0.8,1.7,2.5,6.8,2.5,0.0,0.0,0.0,2.5,5.9,30.4,-9.3,41.0,0,0,42.2,1,1,13086,1,185,2282,4991,5227,8044,10924,7394,2957,2237,9366,14008,20491,20746,4348,8112,12854,8263,8846,12667,2738,1961,17572,7171,2246,150,5551,1,42:40
2024-25,1629640,Keldon Johnson,Keldon,1610612759,SAS,San Antonio Spurs,0022400769,2025-02-12T00:00:00,SAS @ BOS,L,17.305,4.2,10.4,0.4,2.1,6.2,0.333,0.0,0.0,0.0,2.1,0.0,2.1,6.2,0.0,0.0,0.0,0.0,6.2,2.1,10.4,-27.0,22.3,0,0,20.8,1,13222,1,13222,18070,16705,16383,14933,9768,10105,9209,13505,14344,13505,8031,22137,21652,5099,16469,12854,8263,8846,2668,12709,17755,23248,20004,2246,150,20404,1,17:18
2024-25,1629020,Jarred Vanderbilt,Jarred,1610612747,LAL,Los Angeles Lakers,0022400781,2025-02-12T00:00:00,LAL @ UTA,L,17.333333333333332,2.1,6.2,0.333,2.1,2.1,1.0,0.0,4.2,0.0,4.2,8.3,12.5,0.0,4.2,0.0,0.0,2.1,0.0,4.2,6.2,-24.9,17.0,0,0,20.8,1,13222,1,13222,18048,21275,22386,17395,9779,19408,1,13505,7515,13505,3361,4269,3147,19908,3573,12854,8263,2978,20257,5943,21228,22792,22474,2246,150,20420,1,17:20
2024-25,1630611,Gui Santos,Gui,1610612744,GSW,Golden State Warriors,0022400782,2025-02-12T00:00:00,GSW @ DAL,L,12.18,0.0,0.0,0.0,0.0,0.0,0.0,0.0,0.0,0.0,5.9,14.8,20.7,5.9,5.9,0.0,0.0,0.0,3.0,0.0,0.0,29.6,27.8,0,0,26.6,1,13222,1,13222,21166,22635,24836,22635,15070,20945,15070,13505,14344,13505,1668,615,449,5654,1443,12854,8263,8846,10917,17725,23200,2024,16379,2246,150,16463,1,12:11
2024-25,1631108,Max Christie,Max,1610612742,DAL,Dallas Mavericks,0022400782,2025-02-12T00:00:00,DAL vs. GSW,W,39.21666666666667,5.5,11.0,0.5,0.9,2.8,0.333,3.7,3.7,1.0,0.0,4.6,4.6,3.7,2.8,0.9,0.0,2.8,0.9,4.6,15.6,6.4,26.6,0,0,26.6,1,1,13086,1,808,12964,15334,8526,14911,18155,9209,6350,8546,1,14058,12009,15831,10875,7366,12579,8263,1664,20098,4967,12315,9409,17201,2246,150,16450,1,39:13
2024-25,203486,Mason Plumlee,Mason,1610612756,PHX,Phoenix Suns,0022400779,2025-02-12T00:00:00,PHX @ HOU,L,17.416666666666668,4.1,6.2,0.667,0.0,0.0,0.0,0.0,0.0,0.0,2.1,8.3,10.3,8.3,0.0,0.0,0.0,0.0,8.3,0.0,8.3,-2.1,33.1,0,0,26.9,1,13222,1,13222,17986,16762,22428,3281,15070,20945,15070,13505,14344,13505,8092,4326,5082,2640,16469,12854,8263,8846,1244,17725,19680,14082,12536,2246,150,16253,1,17:25
2024-25,1630166,Deni Avdija,Deni,1610612757,POR,Portland Trail Blazers,0022400780,2025-02-12T00:00:00,POR @ DEN,L,28.1,6.4,15.4,0.417,1.3,5.1,0.25,3.8,5.1,0.75,1.3,5.1,6.4,1.3,1.3,0.0,0.0,2.6,1.3,2.6,17.9,-19.2,26.3,0,0,26.9,1,13222,1,13222,9459,10424,7998,14532,12929,12889,11902,5990,5718,8186,11285,10490,11385,18720,13898,12854,8263,1926,18119,10752,9902,21311,17434,2246,150,16222,1,28:06
2024-25,1628404,Josh Hart,Josh,1610612752,NYK,New York Knicks,0022400773,2025-02-12T00:00:00,NYK vs. ATL,W,45.78333333333333,3.9,10.2,0.385,0.0,2.4,0.0,6.3,6.3,1.0,2.4,5.5,7.9,4.7,2.4,0.8,0.8,1.6,3.9,3.9,14.2,-4.7,33.0,1,0,29.9,1,1,13086,1,39,17246,16696,16070,15070,18887,15070,2605,4139,1,7059,9524,8525,8150,8823,12843,8253,4520,7344,6483,13783,15428,12575,1,150,14045,1,45:47
2024-25,201942,DeMar DeRozan,DeMar,1610612758,SAC,Sacramento Kings,0022400777,2025-02-12T00:00:00,SAC @ NOP,W,37.483333333333334,8.6,16.3,0.529,2.9,5.8,0.5,2.9,3.8,0.75,0.0,3.8,3.8,5.8,1.9,0.0,0.0,0.0,1.0,1.9,23.1,14.4,34.4,0,0,35.5,1,1,13086,1,1690,5359,6641,8281,6937,11292,3944,8146,8154,8186,14058,14204,17726,5926,10940,12854,8263,8846,19906,13437,5450,5858,11527,2246,150,9710,1,37:29
2024-25,204456,T.J. McConnell,T.J.,1610612754,IND,Indiana Pacers,0022400771,2025-02-12T00:00:00,IND @ WAS,W,22.283333333333335,8.1,19.4,0.417,0.0,0.0,0.0,0.0,0.0,0.0,0.0,1.6,1.6,14.5,0.0,1.6,0.0,0.0,0.0,0.0,16.2,17.8,44.8,0,0,35.5,1,1,13086,1,14287,6471,3432,14532,15070,20945,15070,13505,14344,13505,14058,20640,22417,332,16469,7930,8263,8846,20257,17725,11769,4637,5302,2246,150,9709,1,22:17
2024-25,1630530,Trey Murphy III,Trey,1610612740,NOP,New Orleans Pelicans,0022400777,2025-02-12T00:00:00,NOP vs. SAC,L,36.75,5.9,15.7,0.375,1.0,5.9,0.167,5.9,5.9,1.0,0.0,3.9,3.9,4.9,2.9,0.0,1.0,1.0,1.0,3.9,18.6,-17.6,30.7,0,0,30.4,1,13222,1,13222,2159,11868,7581,16299,14657,11000,14236,2994,4643,1,14058,13974,17519,7686,6678,12854,7623,8097,19817,6520,9200,20815,14305,2246,150,13659,1,36:45
2024-25,1642366,Quinten Post,Quinten,1610612744,GSW,Golden State Warriors,0022400782,2025-02-12T00:00:00,GSW @ DAL,L,11.733333333333333,6.1,9.2,0.667,3.1,6.1,0.5,0.0,0.0,0.0,3.1,9.2,12.3,0.0,0.0,0.0,0.0,0.0,0.0,0.0,15.3,-58.3,30.1,0,0,30.7,1,13222,1,13222,21403,11124,18400,3281,6299,10347,3944,13505,14344,13505,5192,3305,3284,19908,16469,12854,8263,8846,20257,17725,12580,25639,14749,2246,150,13408,1,11:44
2024-25,1642258,Zaccharie Risacher,Zaccharie,1610612737,ATL,Atlanta Hawks,0022400773,2025-02-12T00:00:00,ATL @ NYK,L,30.063333333333333,7.2,13.2,0.545,2.4,4.8,0.5,2.4,2.4,1.0,0.0,2.4,2.4,1.2,1.2,1.2,1.2,1.2,2.4,1.2,19.2,-3.6,29.8,0,0,29.9,1,13222,1,13222,7733,8496,11528,7695,8503,13729,3944,9350,11500,1,14058,18500,21016,19017,14458,10191,6190,6279,13231,16413,8685,14845,14929,2246,150,13989,1,30:04
2024-25,1641748,Andre Jackson Jr.,Andre,1610612749,MIL,Milwaukee Bucks,0022400776,2025-02-12T00:00:00,MIL @ MIN,W,18.666666666666668,7.7,11.6,0.667,1.9,1.9,1.0,0.0,0.0,0.0,3.9,1.9,5.8,1.9,1.9,0.0,0.0,0.0,5.8,1.9,17.4,1.9,25.3,0,0,27.0,1,1,13086,1,17057,7244,14355,3281,10510,19688,1,13505,14344,13505,3798,19892,12794,16645,10909,12854,8263,8846,3249,13409,10464,11664,18103,2246,150,16149,1,18:40
2024-25,1629018,Gary Trent Jr.,Gary,1610612749,MIL,Milwaukee Bucks,0022400776,2025-02-12T00:00:00,MIL @ MIN,W,29.333333333333332,9.8,14.7,0.667,3.7,6.1,0.6,2.5,2.5,1.0,0.0,1.2,1.2,2.5,0.0,1.2,0.0,1.2,0.0,1.2,25.8,1.2,34.6,0,0,35.6,1,1,13086,1,8364,3440,9001,3281,4735,10347,2992,9186,11328,1,14058,21450,22909,14697,16469,9961,8263,6077,20257,16258,3796,11990,11367,2246,150,9670,1,29:20
2024-25,1630241,Sam Merrill,Sam,1610612739,CLE,Cleveland Cavaliers,0022400774,2025-02-12T00:00:00,CLE @ TOR,W,26.116666666666667,8.3,17.9,0.462,5.5,13.8,0.4,0.0,0.0,0.0,0.0,2.8,2.8,0.0,0.0,2.8,0.0,0.0,1.4,0.0,22.1,-2.8,33.6,0,0,35.8,1,1,13086,1,11073,6040,4788,12428,1725,997,7874,13505,14344,13505,14058,17541,20340,19908,16469,3790,8263,8846,17710,17725,6167,14432,12084,2246,150,9489,1,26:07
2024-25,1626158,Richaun Holmes,Richaun,1610612764,WAS,Washington Wizards,0022400771,2025-02-12T00:00:00,WAS vs. IND,L,19.001666666666665,3.8,3.8,1.0,0.0,0.0,0.0,1.9,1.9,1.0,3.8,9.5,13.3,0.0,1.9,0.0,3.8,0.0,1.9,1.9,9.5,-9.5,34.9,0,0,30.3,1,13222,1,13222,16824,17602,24193,1,15070,20945,15070,10974,12997,1,3903,3048,2630,19908,11078,12854,1041,8846,15717,13544,18668,17655,11145,2246,150,13706,1,19:00
2024-25,1630224,Jalen Green,Jalen,1610612745,HOU,Houston Rockets,0022400779,2025-02-12T00:00:00,HOU vs. PHX,W,36.583333333333336,7.9,20.7,0.381,3.9,14.8,0.267,2.0,3.0,0.667,2.0,1.0,3.0,4.9,2.0,0.0,1.0,2.0,1.0,3.0,21.6,-3.9,33.6,0,0,35.4,1,1,13086,1,2289,6905,2537,16250,4122,753,11897,10751,10091,9425,8533,21990,19848,7650,10675,12854,7579,3321,19792,9416,6506,15033,12153,2246,150,9779,1,36:35
2024-25,203500,Steven Adams,Steven,1610612745,HOU,Houston Rockets,0022400779,2025-02-12T00:00:00,HOU vs. PHX,W,9.566666666666666,7.5,18.8,0.4,0.0,0.0,0.0,3.8,11.3,0.333,18.8,3.8,22.6,0.0,3.8,0.0,0.0,0.0,0.0,11.3,18.8,-18.8,42.1,0,0,41.4,1,1,13086,1,22255,7695,3915,14933,15070,20945,15070,6158,952,13132,74,14433,292,19908,4408,12854,8263,8846,20257,254,9018,21183,6544,2246,150,5980,1,9:34
2024-25,204001,Kristaps Porziņģis,Kristaps,1610612738,BOS,Boston Celtics,0022400769,2025-02-12T00:00:00,BOS vs. SAS,W,37.405,9.6,15.4,0.625,2.9,3.8,0.75,5.8,8.7,0.667,2.9,2.9,5.8,1.0,4.8,1.0,1.0,1.0,1.9,4.8,27.9,3.8,37.2,0,0,41.4,1,1,13086,1,1737,3693,7960,4899,6913,15902,1542,3109,2081,9425,5624,17126,12829,19783,2560,12262,7736,8248,15552,4475,2825,10727,9499,2246,150,5983,1,37:24
2024-25,201599,DeAndre Jordan,DeAndre,1610612743,DEN,Denver Nuggets,0022400780,2025-02-12T00:00:00,DEN vs. POR,W,11.95,0.0,3.0,0.0,0.0,0.0,0.0,0.0,0.0,0.0,3.0,12.1,15.1,6.0,3.0,0.0,3.0,0.0,9.0,3.0,0.0,15.1,33.1,0,0,27.1,1,1,13086,1,21308,22635,24485,22635,15070,20945,15070,13505,14344,13505,5303,1330,1748,5438,6415,12854,1675,8846,949,9191,23200,5605,12482,2246,150,16074,1,11:57
2024-25,1626162,Kelly Oubre Jr.,Kelly,1610612755,PHI,Philadelphia 76ers,0022400772,2025-02-12T00:00:00,PHI @ BKN,L,39.36666666666667,9.1,14.6,0.625,1.8,2.7,0.667,7.3,7.3,1.0,0.0,2.7,2.7,0.0,0.9,1.8,0.0,0.9,2.7,5.5,27.4,-1.8,35.3,0,0,35.7,1,13222,1,13222,761,4450,9157,4899,10952,18177,1957,1791,3081,1,14058,17576,20370,19908,16304,7119,8263,8585,11870,3361,3007,13936,10872,2246,150,9615,1,39:22
2024-25,101108,Chris Paul,Chris,1610612759,SAS,San Antonio Spurs,0022400769,2025-02-12T00:00:00,SAS @ BOS,L,28.2,2.6,10.2,0.25,1.3,6.4,0.2,0.0,1.3,0.0,0.0,2.6,2.6,10.2,0.0,5.1,0.0,1.3,0.0,1.3,6.4,-10.2,40.1,0,0,30.6,1,13222,1,13222,9378,20363,16707,20233,12953,9793,13429,13505,13766,13505,14058,18047,20699,1328,16469,830,8263,5778,20257,16003,21139,17983,7706,2246,150,13448,1,28:12
2024-25,202692,Alec Burks,Alec,1610612748,MIA,Miami Heat,0022400778,2025-02-12T00:00:00,MIA @ OKC,L,28.183333333333334,3.8,10.2,0.375,1.3,3.8,0.333,5.1,6.4,0.8,1.3,10.2,11.5,1.3,1.3,2.6,1.3,1.3,2.6,5.1,14.1,-17.9,40.0,0,0,35.8,1,13222,1,13222,9395,17489,16698,16299,12945,15930,9209,3872,4023,7681,11315,2411,3950,18731,13922,4240,5749,5772,12585,3907,13884,20898,7777,2246,150,9537,1,28:11
2024-25,1630230,Naji Marshall,Naji,1610612742,DAL,Dallas Mavericks,0022400782,2025-02-12T00:00:00,DAL vs. GSW,W,30.30666666666667,5.9,11.9,0.5,0.0,4.8,0.0,0.0,0.0,0.0,4.8,4.8,9.5,1.2,3.6,1.2,1.2,0.0,4.8,0.0,11.9,-14.3,28.6,0,0,27.3,1,1,13086,1,7490,11687,13808,8526,15070,13835,15070,13505,14344,13505,2612,11571,6062,19059,4872,10289,6259,8846,5174,17725,16259,19601,15783,2246,150,15931,1,30:18
2024-25,1629014,Anfernee Simons,Anfernee,1610612757,POR,Portland Trail Blazers,0022400780,2025-02-12T00:00:00,POR @ DEN,L,37.86666666666667,8.6,18.1,0.474,2.9,8.6,0.333,4.8,4.8,1.0,0.0,2.9,2.9,5.7,1.9,0.0,0.0,1.0,2.9,2.9,24.7,-3.8,34.8,0,0,36.1,1,13222,1,13222,1463,5515,4605,12072,7039,5489,9209,4424,6387,1,14058,17230,20109,6033,11030,12854,8263,8334,11404,9764,4358,14953,11203,2246,150,9281,1,37:52
2024-25,1631128,Christian Braun,Christian,1610612743,DEN,Denver Nuggets,0022400780,2025-02-12T00:00:00,DEN vs. POR,W,45.36666666666667,5.6,10.3,0.538,1.6,3.2,0.5,4.0,5.6,0.714,0.8,7.1,7.9,4.8,0.0,1.6,0.8,0.8,2.4,3.2,16.7,8.7,40.5,1,0,35.7,1,1,13086,1,47,12833,16531,7978,11721,17318,3944,5754,5118,9244,14044,6106,8398,8018,16469,8034,8248,8830,13307,8653,11207,8311,7477,1,150,9567,1,45:22
2024-25,1642274,Yves Missi,Yves,1610612740,NOP,New Orleans Pelicans,0022400777,2025-02-12T00:00:00,NOP vs. SAC,L,27.751666666666665,5.2,11.7,0.444,0.0,0.0,0.0,0.0,0.0,0.0,5.2,6.5,11.7,0.0,1.3,1.3,1.3,0.0,2.6,2.6,10.4,-6.5,30.9,0,0,27.2,1,13222,1,13222,9755,13848,14178,13045,15070,20945,15070,13505,14344,13505,2209,7344,3788,19908,13807,9472,5661,8846,12448,10664,17783,16285,14145,2246,150,15988,1,27:45
2024-25,1628415,Dillon Brooks,Dillon,1610612745,HOU,Houston Rockets,0022400779,2025-02-12T00:00:00,HOU vs. PHX,W,31.483333333333334,5.7,14.9,0.385,4.6,10.3,0.444,4.6,4.6,1.0,1.1,1.1,2.3,3.4,1.1,2.3,0.0,1.1,4.6,3.4,20.6,9.1,34.2,0,0,35.4,1,1,13086,1,6421,12365,8798,16070,2933,3164,7211,4729,6704,1,12170,21650,21231,11603,14841,5087,8263,6694,5611,7866,7417,8115,11656,2246,150,9762,1,31:29
2024-25,1629639,Tyler Herro,Tyler,1610612748,MIA,Miami Heat,0022400778,2025-02-12T00:00:00,MIA @ OKC,L,32.233333333333334,5.6,13.4,0.417,1.1,6.7,0.167,3.4,4.5,0.75,0.0,2.2,2.2,6.7,4.5,2.2,0.0,0.0,1.1,2.2,15.6,-25.7,30.6,0,0,30.2,1,13222,1,13222,5785,12750,11148,14532,13854,9101,14236,7001,6903,8186,14058,18971,21352,4428,3043,5264,8263,8846,19003,12012,12280,22956,14343,2246,150,13834,1,32:14
2024-25,1631133,Jabari Walker,Jabari,1610612757,POR,Portland Trail Blazers,0022400780,2025-02-12T00:00:00,POR @ DEN,L,18.666666666666668,11.6,13.5,0.857,5.8,5.8,1.0,3.9,3.9,1.0,1.9,11.6,13.5,1.9,1.9,3.9,0.0,0.0,7.7,1.9,32.8,5.8,61.5,0,0,61.7,1,13222,1,13222,17057,1823,11006,1412,1490,11238,1,5968,8119,1,8714,1579,2486,16645,10909,1787,8263,8846,1505,13409,1367,9705,1021,2246,150,677,1,18:40
2024-25,1641734,Emoni Bates,Emoni,1610612739,CLE,Cleveland Cavaliers,0022400774,2025-02-12T00:00:00,CLE @ TOR,W,3.5,10.3,20.6,0.5,10.3,10.3,1.0,0.0,0.0,0.0,0.0,0.0,0.0,0.0,0.0,10.3,0.0,0.0,0.0,0.0,30.9,-10.3,61.7,0,0,61.7,1,1,13086,1,24704,2923,2591,8526,197,3168,1,13505,14344,13505,14058,22137,23286,19908,16469,112,8263,8846,20257,17725,1814,18014,999,2246,150,671,1,3:30
2024-25,202684,Tristan Thompson,Tristan,1610612739,CLE,Cleveland Cavaliers,0022400774,2025-02-12T00:00:00,CLE @ TOR,W,3.5,20.6,41.1,0.5,0.0,0.0,0.0,0.0,0.0,0.0,0.0,10.3,10.3,10.3,0.0,0.0,0.0,10.3,0.0,0.0,41.1,-10.3,68.9,0,0,61.7,1,1,13086,1,24704,129,70,8526,15070,20945,15070,13505,14344,13505,14058,2361,5131,1292,16469,12854,8263,62,20257,17725,389,18014,485,2246,150,671,1,3:30
2024-25,1626156,D'Angelo Russell,D'Angelo,1610612751,BKN,Brooklyn Nets,0022400772,2025-02-12T00:00:00,BKN vs. PHI,W,26.461666666666666,12.2,20.4,0.6,4.1,9.5,0.429,1.4,2.7,0.5,0.0,6.8,6.8,5.4,5.4,1.4,0.0,1.4,4.1,2.7,29.9,10.9,44.9,0,0,49.0,1,1,13086,1,10770,1379,2689,5394,3824,4073,7394,12135,10689,10625,14058,6701,10526,6548,1863,9137,8263,5356,6893,10253,2106,7285,5225,2246,150,2843,1,26:28
2024-25,1631097,Bennedict Mathurin,Bennedict,1610612754,IND,Indiana Pacers,0022400771,2025-02-12T00:00:00,IND @ WAS,W,32.78333333333333,12.1,20.9,0.579,3.3,5.5,0.6,3.3,3.3,1.0,2.2,3.3,5.5,4.4,2.2,0.0,0.0,1.1,1.1,4.4,30.7,23.1,41.7,0,0,43.9,1,1,13086,1,5340,1476,2423,6486,5684,11969,2992,7125,9325,1,7596,15809,13561,8910,9523,12854,8263,7056,19110,5372,1851,3251,6766,2246,150,4727,1,32:47
2024-25,1631094,Paolo Banchero,Paolo,1610612753,ORL,Orlando Magic,0022400770,2025-02-12T00:00:00,ORL vs. CHA,W,29.666666666666668,9.7,24.3,0.4,4.9,10.9,0.444,4.9,6.1,0.8,2.4,7.3,9.7,7.3,0.0,0.0,1.2,1.2,2.4,4.9,29.1,9.7,55.3,0,0,53.4,1,1,13086,1,8079,3593,984,14933,2486,2568,7211,4262,4382,7681,6845,5855,5788,3637,16469,12854,6093,6163,13084,4384,2391,7835,1925,2246,150,1725,1,29:40
2024-25,203999,Nikola Jokić,Nikola,1610612743,DEN,Denver Nuggets,0022400780,2025-02-12T00:00:00,DEN vs. POR,W,36.05,11.0,20.0,0.55,0.0,3.0,0.0,4.0,4.0,1.0,3.0,12.0,15.0,10.0,4.0,2.0,0.0,1.0,4.0,3.0,26.0,6.0,60.9,1,1,54.9,1,1,13086,1,2646,2267,2992,7655,15070,17666,15070,5707,7852,1,5352,1369,1777,1447,3895,6262,8263,7938,7163,9277,3703,9620,1081,1,1,1468,1,36:03
2024-25,1627780,Gary Payton II,Gary,1610612744,GSW,Golden State Warriors,0022400782,2025-02-12T00:00:00,GSW @ DAL,L,16.401666666666667,13.2,19.8,0.667,4.4,6.6,0.667,0.0,0.0,0.0,0.0,4.4,4.4,0.0,0.0,2.2,0.0,2.2,2.2,0.0,30.7,6.6,42.6,0,0,43.9,1,13222,1,13222,18653,968,3149,3281,3253,9355,1957,13505,14344,13505,14058,12557,16319,19908,16469,5418,8263,2657,14126,17725,1853,9345,6323,2246,150,4743,1,16:24
2024-25,1628374,Lauri Markkanen,Lauri,1610612762,UTA,Utah Jazz,0022400781,2025-02-12T00:00:00,UTA vs. LAL,W,31.85,12.4,20.3,0.611,6.8,11.3,0.6,4.5,4.5,1.0,2.3,3.4,5.7,0.0,0.0,3.4,0.0,0.0,1.1,2.3,36.2,39.6,53.1,0,0,55.4,1,1,13086,1,6101,1283,2730,5351,849,2251,2992,4799,6802,1,7380,15540,13151,19908,16469,2402,8263,8846,18922,11897,799,1011,2411,2246,150,1399,1,31:51
2024-25,1629627,Zion Williamson,Zion,1610612740,NOP,New Orleans Pelicans,0022400777,2025-02-12T00:00:00,NOP vs. SAC,L,27.766666666666666,16.9,23.3,0.722,1.3,1.3,1.0,7.8,11.7,0.667,3.9,7.8,11.7,9.1,1.3,2.6,0.0,3.9,5.2,7.8,42.8,16.9,76.9,0,0,70.0,1,13222,1,13222,9742,288,1269,2738,12870,20497,1,1521,848,9425,3743,5034,3790,1955,13809,4152,8263,688,4222,1145,324,4956,264,2246,150,322,1,27:46
2024-25,1627739,Kris Dunn,Kris,1610612746,LAC,LA Clippers,0022400783,2025-02-12T00:00:00,LAC vs. MEM,W,20.966666666666665,8.6,10.3,0.833,6.9,6.9,1.0,0.0,0.0,0.0,3.4,1.7,5.2,8.6,1.7,8.6,0.0,1.7,3.4,0.0,24.0,42.9,67.1,0,0,61.8,1,1,13086,1,15314,5470,16559,1514,809,8734,1,13505,14344,13505,4479,20423,14395,2355,11854,173,8263,4101,8959,17725,4776,779,564,2246,150,657,1,20:58
2024-25,1629651,Nic Claxton,Nic,1610612751,BKN,Brooklyn Nets,0022400772,2025-02-12T00:00:00,BKN vs. PHI,W,32.43333333333333,5.5,13.3,0.417,0.0,0.0,0.0,3.3,4.4,0.75,7.8,4.4,12.2,3.3,3.3,0.0,5.5,3.3,0.0,4.4,14.4,-1.1,47.4,1,0,41.1,1,1,13086,1,5612,12846,11267,14532,15070,20945,15070,7050,6957,8186,856,12431,3342,11881,5421,12854,386,1046,20257,5261,13476,13622,4180,1,150,6164,1,32:26
2024-25,1628389,Bam Adebayo,Bam,1610612748,MIA,Miami Heat,0022400778,2025-02-12T00:00:00,MIA @ OKC,L,35.38333333333333,11.2,19.3,0.579,3.1,4.1,0.75,2.0,2.0,1.0,2.0,13.2,15.3,4.1,3.1,1.0,1.0,0.0,3.1,2.0,27.5,-3.1,54.9,1,0,53.9,1,13222,1,13222,3158,2100,3471,6486,6342,15429,1542,10511,12619,1,8228,949,1666,9746,6278,11788,7368,8846,10481,12909,2992,14593,1994,1,150,1639,1,35:23
2024-25,1630168,Onyeka Okongwu,Onyeka,1610612737,ATL,Atlanta Hawks,0022400773,2025-02-12T00:00:00,ATL @ NYK,L,40.708333333333336,8.0,8.8,0.9,0.0,0.9,0.0,2.7,7.1,0.375,4.4,8.0,12.4,4.4,0.0,1.8,2.7,0.0,2.7,4.4,18.6,5.3,53.3,1,0,44.2,1,13222,1,13222,417,6716,18946,1303,15070,20929,15070,8680,3296,13124,3024,4765,3209,8827,16469,7375,2149,8846,12236,5297,9247,9948,2368,1,150,4586,1,40:43
2024-25,1629003,Shake Milton,Shake,1610612747,LAL,Los Angeles Lakers,0022400781,2025-02-12T00:00:00,LAL @ UTA,L,12.266666666666667,8.8,14.7,0.6,2.9,5.9,0.5,5.9,5.9,1.0,8.8,2.9,11.7,2.9,5.9,0.0,0.0,2.9,0.0,2.9,26.4,14.7,39.0,0,0,44.0,1,13222,1,13222,21118,5069,9092,5394,6744,11023,3944,3004,4657,1,595,16953,3721,13144,1489,12854,8263,1412,20257,9475,3475,5753,8383,2246,150,4683,1,12:16
2024-25,1629628,RJ Barrett,RJ,1610612761,TOR,Toronto Raptors,0022400774,2025-02-12T00:00:00,TOR vs. CLE,L,28.3,14.0,22.9,0.611,2.5,6.4,0.4,3.8,8.9,0.429,0.0,5.1,5.1,5.1,1.3,3.8,0.0,0.0,3.8,5.1,34.3,-10.2,58.3,0,0,54.7,1,13222,1,13222,9299,704,1421,5351,7996,9849,7874,6045,1922,13040,14058,10606,14552,7270,13954,1830,8263,8846,7682,3941,1066,17961,1440,2246,150,1504,1,28:18
2024-25,1641738,Kobe Brown,Kobe,1610612746,LAC,LA Clippers,0022400783,2025-02-12T00:00:00,LAC vs. MEM,W,2.6333333333333333,0.0,0.0,0.0,0.0,0.0,0.0,0.0,0.0,0.0,0.0,13.7,13.7,27.3,0.0,0.0,0.0,0.0,0.0,0.0,0.0,-27.3,57.4,0,0,41.0,1,1,13086,1,25160,22635,24836,22635,15070,20945,15070,13505,14344,13505,14058,828,2391,31,16469,12854,8263,8846,20257,17725,23200,23298,1572,2246,150,6186,1,2:38
2024-25,1629673,Jordan Poole,Jordan,1610612764,WAS,Washington Wizards,0022400771,2025-02-12T00:00:00,WAS vs. IND,L,40.641666666666666,13.3,25.7,0.517,5.3,13.3,0.4,5.3,5.3,1.0,0.0,4.4,4.4,4.4,3.5,1.8,0.9,0.9,4.4,7.1,37.2,-7.1,53.6,0,0,56.7,1,13222,1,13222,426,905,698,8516,1935,1170,7874,3636,5441,1,14058,12461,16220,8815,4927,7369,8126,8710,5945,1592,676,16546,2300,2246,150,1201,1,40:39
2024-25,1631165,Keon Ellis,Keon,1610612758,SAC,Sacramento Kings,0022400777,2025-02-12T00:00:00,SAC @ NOP,W,29.101666666666667,12.4,17.3,0.714,8.7,13.6,0.636,0.0,0.0,0.0,0.0,6.2,6.2,1.2,1.2,1.2,2.5,0.0,2.5,0.0,33.4,13.6,52.6,0,0,56.9,1,1,13086,1,8592,1317,5432,2752,340,1055,2842,13505,14344,13505,14058,7935,11862,18892,14186,9893,2424,8846,12899,17725,1240,6160,2569,2246,150,1173,1,29:06
2024-25,1628983,Shai Gilgeous-Alexander,Shai,1610612760,OKC,Oklahoma City Thunder,0022400778,2025-02-12T00:00:00,OKC vs. MIA,W,38.20666666666666,10.4,20.7,0.5,3.8,8.5,0.444,5.7,8.5,0.667,0.9,3.8,4.7,8.5,0.9,1.9,0.0,0.9,3.8,4.7,30.2,17.9,53.2,0,0,50.9,1,1,13086,1,1270,2855,2500,8526,4531,5621,7211,3252,2206,9425,13707,14420,15530,2438,16187,6838,8263,8402,7843,4698,2024,4590,2391,2246,150,2294,1,38:12
2024-25,1628386,Jarrett Allen,Jarrett,1610612739,CLE,Cleveland Cavaliers,0022400774,2025-02-12T00:00:00,CLE @ TOR,W,28.183333333333334,6.4,7.7,0.833,0.0,1.3,0.0,3.8,3.8,1.0,2.6,10.2,12.8,3.8,2.6,1.3,2.6,0.0,2.6,2.6,16.6,35.8,46.6,1,0,40.9,1,1,13086,1,9395,10480,20699,1514,15070,20520,15070,6017,8174,1,6464,2411,2954,10414,8031,9597,2284,8846,12585,10784,11275,1316,4484,1,150,6282,1,28:11
2024-25,1630549,Day'Ron Sharpe,Day'Ron,1610612751,BKN,Brooklyn Nets,0022400772,2025-02-12T00:00:00,BKN vs. PHI,W,14.913333333333334,9.7,14.5,0.667,0.0,0.0,0.0,0.0,0.0,0.0,9.7,12.1,21.7,4.8,7.2,2.4,0.0,2.4,4.8,0.0,19.3,31.4,52.6,0,0,50.7,1,1,13086,1,19629,3655,9389,3281,15070,20945,15070,13505,14344,13505,446,1315,354,7840,799,4653,8263,2187,5001,17725,8546,1789,2555,2246,150,2342,1,14:55
2024-25,203994,Jusuf Nurkić,Jusuf,1610612766,CHA,Charlotte Hornets,0022400770,2025-02-12T00:00:00,CHA @ ORL,L,15.65,6.9,11.5,0.6,0.0,2.3,0.0,6.9,9.2,0.75,2.3,16.1,18.4,2.3,2.3,2.3,2.3,0.0,2.3,9.2,20.7,4.6,57.7,0,0,50.6,1,13222,1,13222,19166,9153,14467,5394,15070,18980,15070,2073,1763,8186,7240,426,807,15227,9066,5033,2744,8846,13643,593,7314,10336,1511,2246,150,2364,1,15:39
2024-25,1627750,Jamal Murray,Jamal,1610612743,DEN,Denver Nuggets,0022400780,2025-02-12T00:00:00,DEN vs. POR,W,42.22666666666667,17.1,30.7,0.556,6.0,12.8,0.467,6.8,7.7,0.889,1.7,1.7,3.4,4.3,1.7,1.7,0.0,0.9,2.6,3.4,46.9,22.2,60.8,0,0,63.9,1,1,13086,1,238,276,242,7248,1324,1398,7108,2144,2765,6857,9561,20448,18760,9221,11893,7589,8263,8768,12577,7917,209,3423,1099,2246,150,528,1,42:14
2024-25,201935,James Harden,James,1610612746,LAC,LA Clippers,0022400783,2025-02-12T00:00:00,LAC vs. MEM,W,35.05,6.2,18.5,0.333,2.1,7.2,0.286,4.1,4.1,1.0,1.0,7.2,8.2,10.3,5.1,1.0,1.0,0.0,0.0,5.1,18.5,10.3,44.8,1,0,43.1,1,1,13086,1,3418,11066,4227,17395,9899,8066,11433,5512,7612,1,13049,6022,7915,1302,2192,11694,7292,8846,20257,3874,9327,7571,5289,1,150,5073,1,35:03
2024-25,1629637,Jaxson Hayes,Jaxson,1610612747,LAL,Los Angeles Lakers,0022400781,2025-02-12T00:00:00,LAL @ UTA,L,7.466666666666667,9.6,9.6,1.0,0.0,0.0,0.0,0.0,0.0,0.0,4.8,4.8,9.6,4.8,0.0,0.0,4.8,0.0,4.8,4.8,19.3,9.6,52.6,0,0,43.4,1,13222,1,13222,23013,3664,17685,1,15070,20945,15070,13505,14344,13505,2539,11365,5880,7861,16469,12854,564,8846,5006,4456,8561,7867,2578,2246,150,4969,1,7:28
2024-25,1629027,Trae Young,Trae,1610612737,ATL,Atlanta Hawks,0022400773,2025-02-12T00:00:00,ATL @ NYK,L,44.236666666666665,9.0,23.6,0.379,3.3,9.0,0.364,9.8,11.4,0.857,0.0,0.8,0.8,15.5,6.5,0.0,0.0,0.8,1.6,7.3,30.9,0.0,48.6,1,0,50.5,1,13222,1,13222,84,4809,1198,16296,5800,4897,9100,764,920,7071,14058,22131,23282,256,1127,12854,8263,8819,16793,1435,1795,12240,3779,1,150,2405,1,44:14
2024-25,1631105,Jalen Duren,Jalen,1610612765,DET,Detroit Pistons,0022400775,2025-02-12T00:00:00,DET @ CHI,W,29.933333333333334,7.2,8.4,0.857,0.0,0.0,0.0,4.8,6.0,0.8,3.6,13.2,16.8,6.0,2.4,2.4,2.4,1.2,2.4,4.8,19.2,27.7,60.5,1,0,51.7,1,1,13086,1,7840,8411,19615,1412,15070,20945,15070,4329,4453,7681,4197,947,1163,5464,8633,4677,2541,6236,13173,4476,8603,2316,1132,1,150,2102,1,29:56
2024-25,1627734,Domantas Sabonis,Domantas,1610612758,SAC,Sacramento Kings,0022400777,2025-02-12T00:00:00,SAC @ NOP,W,33.39833333333333,8.6,14.0,0.615,0.0,1.1,0.0,0.0,0.0,0.0,4.3,11.9,16.2,5.4,1.1,2.2,0.0,1.1,5.4,2.2,17.2,14.0,50.1,1,0,43.1,1,1,13086,1,4822,5391,10155,5246,15070,20768,15070,13505,14344,13505,3145,1437,1374,6653,15288,5560,8263,7245,3866,12364,10578,6006,3237,1,150,5080,1,33:24
2024-25,1626157,Karl-Anthony Towns,Karl-Anthony,1610612752,NYK,New York Knicks,0022400773,2025-02-12T00:00:00,NYK vs. ATL,W,47.263333333333335,10.7,19.0,0.56,5.3,7.6,0.7,6.9,8.4,0.818,0.8,6.9,7.6,2.3,5.3,1.5,0.0,3.0,3.0,7.6,33.5,5.3,45.3,1,0,51.8,1,1,13086,1,23,2548,3722,7232,1923,7143,1937,2118,2273,7652,14051,6618,8940,15288,1976,8302,8263,1287,10501,1244,1212,9928,5027,1,150,2082,1,47:16
2024-25,1630314,Brandon Williams,Brandon,1610612742,DAL,Dallas Mavericks,0022400782,2025-02-12T00:00:00,DAL vs. GSW,W,14.986666666666666,9.6,14.4,0.667,4.8,7.2,0.667,4.8,4.8,1.0,0.0,2.4,2.4,0.0,0.0,4.8,2.4,2.4,0.0,4.8,28.8,21.6,53.3,0,0,50.4,1,1,13086,1,19572,3712,9498,3281,2548,8035,1957,4339,6296,1,14058,18479,21007,19908,16469,1021,2551,2216,20257,4493,2472,3548,2367,2246,150,2410,1,14:59
2024-25,1630167,Obi Toppin,Obi,1610612754,IND,Indiana Pacers,0022400771,2025-02-12T00:00:00,IND @ WAS,W,32.62166666666667,12.1,21.0,0.579,6.6,12.1,0.545,3.3,3.3,1.0,3.3,7.7,11.0,2.2,0.0,0.0,1.1,2.2,4.4,2.2,34.2,-7.7,54.1,1,0,56.3,1,1,13086,1,5464,1437,2360,6486,938,1704,3863,7086,9282,1,4725,5123,4380,15602,16469,12854,6771,2624,5986,12132,1086,16843,2187,1,150,1260,1,32:37
2024-25,1641710,Anthony Black,Anthony,1610612753,ORL,Orlando Magic,0022400770,2025-02-12T00:00:00,ORL vs. CHA,W,23.6,12.2,19.8,0.615,3.1,6.1,0.5,0.0,1.5,0.0,1.5,4.6,6.1,4.6,1.5,1.5,3.1,0.0,1.5,1.5,27.5,21.4,53.8,0,0,50.3,1,1,13086,1,13227,1405,3080,5246,6345,10436,3944,13505,13460,13505,10211,12062,12052,8465,12635,8293,1630,8846,17127,14896,3000,3610,2241,2246,150,2440,1,23:36
2024-25,1642353,Cam Christie,Cam,1610612746,LAC,LA Clippers,0022400783,2025-02-12T00:00:00,LAC vs. MEM,W,2.6333333333333333,27.3,41.0,0.667,13.7,27.3,0.5,0.0,0.0,0.0,0.0,0.0,0.0,0.0,0.0,0.0,0.0,0.0,0.0,0.0,68.4,-27.3,68.4,0,0,82.0,1,1,13086,1,25160,43,71,3281,94,90,3944,13505,14344,13505,14058,22137,23286,19908,16469,12854,8263,8846,20257,17725,59,23298,503,2246,150,140,1,2:38
2024-25,1641774,Tristan Vukcevic,Tristan,1610612764,WAS,Washington Wizards,0022400771,2025-02-12T00:00:00,WAS vs. IND,L,2.3833333333333333,15.1,15.1,1.0,15.1,15.1,1.0,0.0,0.0,0.0,0.0,30.2,30.2,0.0,0.0,0.0,15.1,0.0,0.0,0.0,45.3,0.0,126.9,0,0,120.8,1,13222,1,13222,25270,474,8412,1,72,664,1,13505,14344,13505,14058,35,84,19908,16469,12854,22,8846,20257,17725,243,12240,27,2246,150,30,1,2:23
2024-25,202681,Kyrie Irving,Kyrie,1610612742,DAL,Dallas Mavericks,0022400782,2025-02-12T00:00:00,DAL vs. GSW,W,39.983333333333334,13.5,22.5,0.6,6.3,9.0,0.7,4.5,4.5,1.0,0.9,5.4,6.3,0.0,2.7,0.9,0.0,0.9,1.8,6.3,37.8,7.2,45.4,0,0,52.2,1,1,13086,1,565,850,1581,5394,1113,4823,1937,4836,6838,1,13907,9780,11599,19908,7535,12666,8263,8660,16186,2280,619,9042,5001,2246,150,1991,1,39:59
2024-25,1642270,Donovan Clingan,Donovan,1610612757,POR,Portland Trail Blazers,0022400780,2025-02-12T00:00:00,POR @ DEN,L,31.0,8.1,13.9,0.583,0.0,0.0,0.0,3.5,5.8,0.6,11.6,11.6,23.2,2.3,1.2,0.0,3.5,2.3,5.8,5.8,19.7,-11.6,60.4,1,0,52.3,1,13222,1,13222,6873,6352,10266,6296,15070,20945,15070,6730,4747,10343,268,1553,255,15148,14718,12854,1236,2385,3211,2889,8125,18579,1143,1,150,1975,1,31:00
2024-25,1628369,Jayson Tatum,Jayson,1610612738,BOS,Boston Celtics,0022400769,2025-02-12T00:00:00,BOS vs. SAS,W,37.888333333333335,11.4,23.8,0.48,3.8,13.3,0.286,3.8,7.6,0.5,1.0,12.4,13.3,6.7,1.9,0.0,1.0,0.0,2.9,7.6,30.4,11.4,57.3,1,0,56.1,1,1,13086,1,1452,1934,1132,11962,4431,1164,11433,6082,2814,10625,13649,1207,2602,4505,11040,12854,7828,8846,11419,1257,1952,7058,1586,1,150,1301,1,37:53
2024-25,1629656,Quentin Grimes,Quentin,1610612755,PHI,Philadelphia 76ers,0022400772,2025-02-12T00:00:00,PHI @ BKN,L,36.45,9.9,17.8,0.556,4.0,8.9,0.444,5.9,8.9,0.667,2.0,6.9,8.9,4.0,2.0,2.0,1.0,0.0,1.0,5.9,29.6,-3.0,53.1,0,0,52.3,1,13222,1,13222,2364,3364,4931,7248,4097,4984,7211,2942,1931,9425,8503,6510,6905,10070,10638,6363,7554,8846,19775,2715,2223,14556,2407,2246,150,1962,1,36:27
2024-25,203903,Jordan Clarkson,Jordan,1610612762,UTA,Utah Jazz,0022400781,2025-02-12T00:00:00,UTA vs. LAL,W,28.9,8.7,21.2,0.412,3.7,8.7,0.429,5.0,10.0,0.5,2.5,8.7,11.2,8.7,0.0,0.0,0.0,2.5,3.7,6.2,26.2,41.1,52.7,0,0,49.8,1,1,13086,1,8761,5232,2220,14791,4604,5236,7394,4066,1386,10625,6632,3813,4230,2257,16469,12854,8263,2055,7946,2351,3602,898,2532,2246,150,2585,1,28:54
2024-25,1631106,Tari Eason,Tari,1610612745,HOU,Houston Rockets,0022400779,2025-02-12T00:00:00,HOU vs. PHX,W,34.05,11.6,16.9,0.688,3.2,5.3,0.6,0.0,1.1,0.0,4.2,5.3,9.5,4.2,1.1,3.2,0.0,1.1,2.1,1.1,26.4,19.0,52.7,0,0,49.7,1,1,13086,1,4210,1782,5897,3227,6028,12506,2992,13505,14118,13505,3274,10060,6035,9314,15443,2795,8263,7429,14544,17141,3464,4253,2548,2246,150,2615,1,34:03
2024-25,1641727,Dariq Whitehead,Dariq,1610612751,BKN,Brooklyn Nets,0022400772,2025-02-12T00:00:00,BKN vs. PHI,W,0.43333333333333335,0.0,0.0,0.0,0.0,0.0,0.0,0.0,0.0,0.0,0.0,83.1,83.1,0.0,249.2,0.0,0.0,0.0,0.0,0.0,0.0,-498.5,-149.5,0,0,83.1,1,1,13086,1,26218,22635,24836,22635,15070,20945,15070,13505,14344,13505,14058,5,7,19908,1,12854,8263,8846,20257,17725,23200,26297,26306,2246,150,131,1,0:26
2024-25,1641713,GG Jackson,GG,1610612763,MEM,Memphis Grizzlies,0022400783,2025-02-12T00:00:00,MEM @ LAC,L,21.775,9.9,18.2,0.545,3.3,6.6,0.5,1.7,5.0,0.333,3.3,9.9,13.2,5.0,1.7,1.7,0.0,0.0,1.7,3.3,24.8,23.1,51.4,0,0,49.6,1,13222,1,13222,14697,3305,4473,7695,5636,9287,3944,11497,6015,13132,4739,2642,2651,7551,12123,7795,8263,8846,16695,8234,4311,3231,2864,2246,150,2640,1,21:47
2024-25,1630200,Tre Jones,Tre,1610612741,CHI,Chicago Bulls,0022400775,2025-02-12T00:00:00,CHI vs. DET,L,19.283333333333335,9.3,13.1,0.714,0.0,1.9,0.0,9.3,9.3,1.0,1.9,1.9,3.7,3.7,1.9,3.7,0.0,0.0,1.9,9.3,28.0,7.5,47.4,0,0,42.9,1,13222,1,13222,16596,4153,11741,2752,15070,19800,15070,890,1688,1,8953,20054,17978,10697,11240,1928,8263,8846,15849,559,2780,8897,4171,2246,150,5176,1,19:17
2024-25,1642355,Bronny James,Bronny,1610612747,LAL,Los Angeles Lakers,0022400781,2025-02-12T00:00:00,LAL @ UTA,L,7.733333333333333,14.0,18.6,0.75,9.3,14.0,0.667,4.7,9.3,0.5,0.0,0.0,0.0,4.7,0.0,0.0,0.0,0.0,0.0,4.7,41.9,46.6,48.9,0,0,55.9,1,13222,1,13222,22912,712,4096,2107,271,935,1957,4586,1706,10625,14058,22137,23286,8288,16469,12854,8263,8846,20257,4817,363,652,3670,2246,150,1329,1,7:44
2024-25,1630631,Jose Alvarado,Jose,1610612740,NOP,New Orleans Pelicans,0022400777,2025-02-12T00:00:00,NOP vs. SAC,L,32.46666666666667,7.8,16.6,0.467,3.3,10.0,0.333,1.1,1.1,1.0,1.1,2.2,3.3,10.0,0.0,2.2,1.1,1.1,2.2,2.2,20.0,-2.2,48.9,0,0,43.2,1,13222,1,13222,5579,7144,6266,12249,5588,3503,9209,12892,14030,1,12403,19020,18929,1452,16469,5327,6732,6975,14020,12086,7953,14157,3665,2246,150,5021,1,32:28
2024-25,1642419,Jamison Battle,Jamison,1610612761,TOR,Toronto Raptors,0022400774,2025-02-12T00:00:00,TOR vs. CLE,L,11.083333333333334,13.0,26.0,0.5,9.7,19.5,0.5,0.0,0.0,0.0,3.2,9.7,13.0,3.2,0.0,0.0,3.2,0.0,3.2,0.0,35.7,6.5,65.9,0,0,68.2,1,13222,1,13222,21667,1038,645,8526,227,260,3944,13505,14344,13505,4844,2777,2811,12147,16469,12854,1430,8846,9653,17725,870,9377,637,2246,150,369,1,11:05
2024-25,1629622,Max Strus,Max,1610612739,CLE,Cleveland Cavaliers,0022400774,2025-02-12T00:00:00,CLE @ TOR,W,26.033333333333335,5.5,15.2,0.364,5.5,13.8,0.4,2.8,2.8,1.0,0.0,6.9,6.9,8.3,1.4,1.4,0.0,1.4,1.4,1.4,19.4,45.6,42.9,0,0,42.9,1,1,13086,1,11133,12904,8230,16861,1709,982,7874,8421,10571,1,14058,6508,10302,2622,13387,8997,8263,5251,17689,15519,8501,679,6185,2246,150,5209,1,26:02
2024-25,202709,Cory Joseph,Cory,1610612753,ORL,Orlando Magic,0022400770,2025-02-12T00:00:00,ORL vs. CHA,W,2.5833333333333335,13.9,13.9,1.0,13.9,13.9,1.0,0.0,0.0,0.0,0.0,0.0,0.0,0.0,0.0,0.0,0.0,0.0,0.0,0.0,41.8,-27.9,41.8,0,0,55.7,1,1,13086,1,25183,720,10266,1,92,944,1,13505,14344,13505,14058,22137,23286,19908,16469,12854,8263,8846,20257,17725,367,23407,6724,2246,150,1353,1,2:35
2024-25,202696,Nikola Vučević,Nikola,1610612741,CHI,Chicago Bulls,0022400775,2025-02-12T00:00:00,CHI vs. DET,L,33.75,7.5,12.8,0.583,1.1,3.2,0.333,6.4,6.4,1.0,4.3,10.7,14.9,5.3,4.3,0.0,0.0,1.1,3.2,5.3,22.4,-25.6,44.1,1,0,43.7,1,13222,1,13222,4481,7852,12207,6296,14153,17269,9209,2501,4008,1,3220,2108,1801,6755,3390,12854,8263,7349,9863,3582,5920,22934,5638,1,150,4816,1,33:45
2024-25,1642264,Stephon Castle,Stephon,1610612759,SAS,San Antonio Spurs,0022400769,2025-02-12T00:00:00,SAS @ BOS,L,24.121666666666666,10.4,23.9,0.438,3.0,9.0,0.333,6.0,6.0,1.0,1.5,4.5,6.0,4.5,1.5,3.0,0.0,1.5,1.5,3.0,29.8,-13.4,51.2,0,0,49.3,1,13222,1,13222,12785,2762,1096,13558,6574,4894,9209,2895,4514,1,10354,12317,12365,8711,12785,3195,8263,4804,17254,9316,2137,19281,2933,2246,150,2746,1,24:07
2024-25,1630539,Kai Jones,Kai,1610612746,LAC,LA Clippers,0022400783,2025-02-12T00:00:00,LAC vs. MEM,W,2.6333333333333333,13.7,13.7,1.0,0.0,0.0,0.0,0.0,0.0,0.0,0.0,13.7,13.7,0.0,0.0,0.0,0.0,0.0,0.0,0.0,27.3,-27.3,43.7,0,0,41.0,1,1,13086,1,25160,796,10690,1,15070,20945,15070,13505,14344,13505,14058,828,2391,19908,16469,12854,8263,8846,20257,17725,3038,23298,5787,2246,150,6186,1,2:38
2024-25,1641708,Amen Thompson,Amen,1610612745,HOU,Houston Rockets,0022400779,2025-02-12T00:00:00,HOU vs. PHX,W,41.483333333333334,6.1,11.3,0.538,0.0,0.9,0.0,3.5,6.1,0.571,1.7,6.9,8.7,9.5,2.6,1.7,1.7,0.0,0.0,3.5,15.6,-4.3,48.2,1,1,40.8,1,1,13086,1,301,11298,14862,7978,15070,20935,15070,6751,4378,10536,9458,6461,7191,1679,7867,7500,4212,8846,20257,7735,12300,15241,3924,1,1,6334,1,41:29
2024-25,1629675,Naz Reid,Naz,1610612750,MIN,Minnesota Timberwolves,0022400776,2025-02-12T00:00:00,MIN vs. MIL,L,32.93333333333333,7.7,18.6,0.412,1.1,7.7,0.143,7.7,7.7,1.0,2.2,12.0,14.2,2.2,2.2,0.0,1.1,0.0,2.2,4.4,24.0,10.9,45.5,1,0,43.7,1,13222,1,13222,5210,7378,4138,14791,13978,7076,14649,1574,2776,1,7628,1341,2138,15678,9566,12854,6833,8846,14152,5413,4771,7264,4953,1,150,4822,1,32:56
2024-25,1630570,Trendon Watford,Trendon,1610612751,BKN,Brooklyn Nets,0022400772,2025-02-12T00:00:00,BKN vs. PHI,W,24.333333333333332,10.4,11.8,0.875,0.0,0.0,0.0,5.9,5.9,1.0,0.0,1.5,1.5,3.0,1.5,4.4,1.5,0.0,3.0,4.4,26.6,7.4,49.1,0,0,42.9,1,1,13086,1,12619,2864,13883,1353,15070,20945,15070,2948,4588,1,14058,20916,22592,13060,12853,1270,4924,8846,10903,5265,3374,8938,3575,2246,150,5193,1,24:20
2024-25,1630702,Jaden Hardy,Jaden,1610612742,DAL,Dallas Mavericks,0022400782,2025-02-12T00:00:00,DAL vs. GSW,W,4.883333333333334,0.0,0.0,0.0,0.0,0.0,0.0,0.0,14.7,0.0,0.0,0.0,0.0,0.0,14.7,0.0,0.0,0.0,22.1,7.4,0.0,-66.3,-14.7,0,0,0.0,1,1,13086,1,24022,22635,24836,22635,15070,20945,15070,13505,372,13505,14058,22137,23286,19908,121,12854,8263,8846,97,1406,23200,25817,26257,2246,150,25259,1,4:53
2024-25,1631119,Jaylin Williams,Jaylin,1610612760,OKC,Oklahoma City Thunder,0022400778,2025-02-12T00:00:00,OKC vs. MIA,W,14.706666666666667,2.4,4.9,0.5,2.4,4.9,0.5,0.0,0.0,0.0,0.0,12.2,12.2,7.3,7.3,0.0,2.4,0.0,4.9,0.0,7.3,44.1,33.0,0,0,34.3,1,1,13086,1,19770,20559,23532,8526,8326,13450,3944,13505,14344,13505,14058,1254,3315,3573,763,12854,2470,8846,4848,17725,20450,741,12558,2246,150,10638,1,14:42
2024-25,1630191,Isaiah Stewart,Isaiah,1610612765,DET,Detroit Pistons,0022400775,2025-02-12T00:00:00,DET @ CHI,W,18.066666666666666,10.0,15.9,0.625,0.0,0.0,0.0,4.0,4.0,1.0,4.0,2.0,6.0,2.0,6.0,0.0,4.0,0.0,10.0,4.0,23.9,-10.0,40.1,0,0,39.9,1,1,13086,1,17524,3262,7194,4899,15070,20945,15070,5717,7865,1,3611,19686,12339,16403,1401,12854,925,8846,714,6342,4864,17875,7731,2246,150,6861,1,18:04
2024-25,1641736,Reece Beekman,Reece,1610612751,BKN,Brooklyn Nets,0022400772,2025-02-12T00:00:00,BKN vs. PHI,W,0.43333333333333335,0.0,0.0,0.0,0.0,0.0,0.0,0.0,0.0,0.0,0.0,0.0,0.0,0.0,0.0,0.0,0.0,0.0,0.0,0.0,0.0,-498.5,0.0,0,0,0.0,1,1,13086,1,26218,22635,24836,22635,15070,20945,15070,13505,14344,13505,14058,22137,23286,19908,16469,12854,8263,8846,20257,17725,23200,26297,25228,2246,150,25259,1,0:26
2024-25,1641794,Dillon Jones,Dillon,1610612760,OKC,Oklahoma City Thunder,0022400778,2025-02-12T00:00:00,OKC vs. MIA,W,6.0,0.0,6.0,0.0,0.0,0.0,0.0,0.0,0.0,0.0,6.0,6.0,12.0,0.0,0.0,0.0,0.0,0.0,6.0,0.0,0.0,-12.0,14.4,0,0,12.0,1,1,13086,1,23599,22635,22595,22635,15070,20945,15070,13505,14344,13505,1612,8311,3485,19908,16469,12854,8263,8846,2940,17725,23200,18731,23361,2246,150,23970,1,6:00
2024-25,202710,Jimmy Butler III,Jimmy,1610612744,GSW,Golden State Warriors,0022400782,2025-02-12T00:00:00,GSW @ DAL,L,35.1,8.2,17.4,0.471,0.0,0.0,0.0,5.1,6.2,0.833,6.2,3.1,9.2,7.2,3.1,0.0,1.0,3.1,3.1,6.2,21.5,-17.4,43.4,0,0,40.0,1,13222,1,13222,3384,6198,5316,12143,15070,20945,15070,3853,4283,7275,1539,16475,6404,3792,6203,12854,7308,1255,10370,2441,6604,20758,5939,2246,150,6780,1,35:06
2024-25,201959,Taj Gibson,Taj,1610612766,CHA,Charlotte Hornets,0022400770,2025-02-12T00:00:00,CHA @ ORL,L,21.616666666666667,6.7,10.0,0.667,0.0,0.0,0.0,3.3,3.3,1.0,6.7,13.3,20.0,0.0,5.0,0.0,1.7,0.0,6.7,1.7,16.7,-8.3,40.6,1,0,40.0,1,13222,1,13222,14834,9796,17065,3281,15070,20945,15070,7046,9237,1,1297,919,537,19908,2342,12854,4377,8846,2256,14389,11218,17108,7372,1,150,6801,1,21:37
2024-25,1629013,Landry Shamet,Landry,1610612752,NYK,New York Knicks,0022400773,2025-02-12T00:00:00,NYK vs. ATL,W,18.368333333333332,3.9,5.9,0.667,0.0,0.0,0.0,0.0,0.0,0.0,0.0,2.0,2.0,2.0,2.0,0.0,0.0,2.0,3.9,0.0,7.8,7.8,11.2,0,0,11.8,1,1,13086,1,17301,17274,22732,3281,15070,20945,15070,13505,14344,13505,14058,19797,21888,16523,10730,12854,8263,3361,7388,17725,20053,8716,24203,2246,150,24045,1,18:22
2024-25,1631110,Jeremy Sochan,Jeremy,1610612759,SAS,San Antonio Spurs,0022400769,2025-02-12T00:00:00,SAS @ BOS,L,12.55,5.7,8.6,0.667,0.0,0.0,0.0,0.0,0.0,0.0,2.9,5.7,8.6,0.0,2.9,0.0,0.0,0.0,5.7,2.9,11.5,-28.7,18.9,0,0,20.1,1,13222,1,13222,20962,12304,19349,3281,15070,20945,15070,13505,14344,13505,5673,8954,7301,19908,6962,12854,8263,8846,3332,9695,16705,23536,21675,2246,150,20814,1,12:33
2024-25,1630559,Austin Reaves,Austin,1610612747,LAL,Los Angeles Lakers,0022400781,2025-02-12T00:00:00,LAL @ UTA,L,36.0,4.0,15.0,0.267,1.0,10.0,0.1,6.0,8.0,0.75,1.0,4.0,5.0,11.0,1.0,1.0,0.0,1.0,3.0,4.0,15.0,-13.0,39.5,1,0,34.0,1,13222,1,13222,2683,17087,8606,20170,14553,3475,15047,2855,2522,8186,13248,13720,14788,1004,15847,11961,8263,7919,10710,6303,12895,19132,8078,1,150,10851,1,36:00
2024-25,1641810,Antonio Reeves,Antonio,1610612740,NOP,New Orleans Pelicans,0022400777,2025-02-12T00:00:00,NOP vs. SAC,L,18.1,6.0,9.9,0.6,4.0,6.0,0.667,0.0,0.0,0.0,4.0,8.0,11.9,4.0,0.0,2.0,0.0,2.0,2.0,0.0,15.9,15.9,42.2,0,0,39.8,1,13222,1,13222,17498,11607,17157,5394,4031,10762,1957,13505,14344,13505,3625,4768,3550,9990,16469,6306,8263,3264,15212,17725,12008,5283,6538,2246,150,6905,1,18:06
2024-25,1628398,Kyle Kuzma,Kyle,1610612749,MIL,Milwaukee Bucks,0022400776,2025-02-12T00:00:00,MIL @ MIN,W,39.31666666666667,6.4,15.6,0.412,0.0,2.7,0.0,4.6,7.3,0.625,0.0,11.9,11.9,3.7,3.7,0.9,0.0,0.0,1.8,3.7,17.4,11.0,36.3,1,0,34.8,1,1,13086,1,773,10416,7738,14791,15070,18172,15070,4717,3073,10271,14058,1410,3580,10895,4645,12592,8263,8846,16029,7230,10434,7241,10188,1,150,10233,1,39:19
2024-25,1630557,Corey Kispert,Corey,1610612764,WAS,Washington Wizards,0022400771,2025-02-12T00:00:00,WAS vs. IND,L,26.77166666666667,10.8,13.4,0.8,6.7,8.1,0.833,0.0,0.0,0.0,0.0,5.4,5.4,0.0,1.3,0.0,0.0,0.0,1.3,0.0,28.2,4.0,33.3,0,0,40.3,1,13222,1,13222,10514,2445,11090,1688,882,6337,1341,13505,14344,13505,14058,9832,13859,19908,13599,12854,8263,8846,17850,17725,2695,10627,12301,2246,150,6582,1,26:46
2024-25,1642347,Jamal Shead,Jamal,1610612761,TOR,Toronto Raptors,0022400774,2025-02-12T00:00:00,TOR vs. CLE,L,18.1,2.0,9.9,0.2,0.0,2.0,0.0,0.0,0.0,0.0,0.0,0.0,0.0,4.0,4.0,2.0,0.0,0.0,2.0,4.0,4.0,-21.9,11.9,0,0,11.9,1,13222,1,13222,17498,21431,17157,21401,15070,19578,15070,13505,14344,13505,14058,22137,23286,9990,3923,6306,8263,8846,15212,6367,22563,22046,24019,2246,150,23996,1,18:06
2024-25,1630283,Kylor Kelley,Kylor,1610612742,DAL,Dallas Mavericks,0022400782,2025-02-12T00:00:00,DAL vs. GSW,W,2.05,0.0,0.0,0.0,0.0,0.0,0.0,0.0,0.0,0.0,0.0,0.0,0.0,0.0,0.0,0.0,0.0,0.0,0.0,0.0,0.0,-70.2,0.0,0,0,0.0,1,1,13086,1,25423,22635,24836,22635,15070,20945,15070,13505,14344,13505,14058,22137,23286,19908,16469,12854,8263,8846,20257,17725,23200,25891,25228,2246,150,25259,1,2:03
2024-25,202687,Bismack Biyombo,Bismack,1610612759,SAS,San Antonio Spurs,0022400769,2025-02-12T00:00:00,SAS @ BOS,L,0.42833333333333334,0.0,0.0,0.0,0.0,0.0,0.0,0.0,0.0,0.0,0.0,0.0,0.0,0.0,0.0,0.0,0.0,0.0,0.0,0.0,0.0,0.0,0.0,0,0,0.0,1,13222,1,13222,26221,22635,24836,22635,15070,20945,15070,13505,14344,13505,14058,22137,23286,19908,16469,12854,8263,8846,20257,17725,23200,12240,25228,2246,150,25259,1,0:26
2024-25,1630572,Sandro Mamukelashvili,Sandro,1610612759,SAS,San Antonio Spurs,0022400769,2025-02-12T00:00:00,SAS @ BOS,L,0.42833333333333334,0.0,0.0,0.0,0.0,0.0,0.0,0.0,0.0,0.0,0.0,0.0,0.0,0.0,0.0,0.0,0.0,0.0,0.0,0.0,0.0,0.0,0.0,0,0,0.0,1,13222,1,13222,26221,22635,24836,22635,15070,20945,15070,13505,14344,13505,14058,22137,23286,19908,16469,12854,8263,8846,20257,17725,23200,12240,25228,2246,150,25259,1,0:26
2024-25,1630173,Precious Achiuwa,Precious,1610612752,NYK,New York Knicks,0022400773,2025-02-12T00:00:00,NYK vs. ATL,W,42.358333333333334,10.2,13.6,0.75,0.0,0.8,0.0,1.7,2.5,0.667,2.5,4.2,6.8,0.8,0.0,0.8,1.7,2.5,1.7,1.7,22.1,1.7,39.2,0,0,34.8,1,1,13086,1,219,3014,10836,2107,15070,20937,15070,11413,11083,9425,6474,12970,10532,19890,16469,12788,4296,1953,16539,14269,6135,11789,8285,2246,150,10194,1,42:22
2024-25,1630170,Devin Vassell,Devin,1610612759,SAS,San Antonio Spurs,0022400769,2025-02-12T00:00:00,SAS @ BOS,L,31.488333333333333,4.6,13.7,0.333,0.0,4.6,0.0,0.0,0.0,0.0,0.0,2.3,2.3,3.4,0.0,2.3,0.0,0.0,1.1,0.0,9.1,-8.0,23.9,0,0,19.4,1,13222,1,13222,6420,15562,10620,17395,15070,14262,15070,13505,14344,13505,14058,18804,21232,11606,16469,5091,8263,8846,18849,17725,18949,16975,19022,2246,150,21188,1,31:29
2024-25,1641824,Matas Buzelis,Matas,1610612741,CHI,Chicago Bulls,0022400775,2025-02-12T00:00:00,CHI vs. DET,L,25.915,6.9,16.7,0.417,1.4,9.7,0.143,0.0,0.0,0.0,0.0,1.4,1.4,1.4,0.0,0.0,0.0,1.4,5.6,1.4,15.3,-27.8,19.0,0,0,19.4,1,13222,1,13222,11242,9055,6220,14532,12486,3820,14649,13505,14344,13505,14058,21106,22709,18376,16469,12854,8263,5217,3620,15499,12633,23387,21627,2246,150,21182,1,25:55
2024-25,1630169,Tyrese Haliburton,Tyrese,1610612754,IND,Indiana Pacers,0022400771,2025-02-12T00:00:00,IND @ WAS,W,31.76,9.1,20.4,0.444,4.5,9.1,0.5,0.0,0.0,0.0,0.0,2.3,2.3,7.9,2.3,1.1,0.0,0.0,1.1,1.1,22.7,-7.9,38.4,0,0,39.7,1,1,13086,1,6194,4578,2691,13045,3010,4713,3944,13505,14344,13505,14058,18866,21278,2963,9227,10734,8263,8846,18899,16747,5727,16947,8759,2246,150,6966,1,31:46
2024-25,1626168,Trey Lyles,Trey,1610612758,SAC,Sacramento Kings,0022400777,2025-02-12T00:00:00,SAC @ NOP,W,9.233333333333333,0.0,19.5,0.0,0.0,15.6,0.0,3.9,7.8,0.5,3.9,3.9,7.8,0.0,0.0,0.0,0.0,3.9,3.9,7.8,3.9,-62.4,13.3,0,0,11.7,1,1,13086,1,22372,22635,3346,22635,15070,586,15070,5878,2667,10625,3726,14027,8618,19908,16469,12854,8263,685,7449,1132,22597,25735,23707,2246,150,24061,1,9:14
2024-25,1630548,Johnny Juzang,Johnny,1610612762,UTA,Utah Jazz,0022400781,2025-02-12T00:00:00,UTA vs. LAL,W,14.143333333333333,2.5,17.8,0.143,2.5,15.3,0.167,0.0,0.0,0.0,0.0,0.0,0.0,0.0,2.5,0.0,0.0,0.0,2.5,0.0,7.6,-43.3,5.1,0,0,10.2,1,1,13086,1,20119,20385,4898,22260,7993,636,14236,13505,14344,13505,14058,22137,23286,19908,8061,12854,8263,8846,12621,17725,20211,25078,25000,2246,150,24388,1,14:09
2024-25,202699,Tobias Harris,Tobias,1610612765,DET,Detroit Pistons,0022400775,2025-02-12T00:00:00,DET @ CHI,W,32.78333333333333,6.6,12.1,0.545,1.1,2.2,0.5,6.6,7.7,0.857,2.2,3.3,5.5,0.0,1.1,2.2,1.1,1.1,3.3,5.5,20.9,18.7,36.2,0,0,34.0,1,1,13086,1,5340,9963,13457,7695,13951,19175,3944,2329,2754,7071,7596,15809,13561,19908,15139,5406,6798,7056,9475,3355,7194,4357,10213,2246,150,10816,1,32:47
2024-25,1627826,Ivica Zubac,Ivica,1610612746,LAC,LA Clippers,0022400783,2025-02-12T00:00:00,LAC vs. MEM,W,32.49166666666667,5.5,7.8,0.714,0.0,0.0,0.0,2.2,2.2,1.0,3.3,11.1,14.4,3.3,2.2,3.3,1.1,1.1,2.2,3.3,13.3,18.8,46.6,1,0,39.9,1,1,13086,1,5562,12879,20590,2752,15070,20945,15070,9892,12040,1,4702,1866,2043,11901,9455,2518,6743,6984,14029,8182,14758,4302,4471,1,150,6842,1,32:30
2024-25,1631255,Karlo Matković,Karlo,1610612740,NOP,New Orleans Pelicans,0022400777,2025-02-12T00:00:00,NOP vs. SAC,L,14.483333333333333,0.0,0.0,0.0,0.0,0.0,0.0,0.0,0.0,0.0,0.0,2.5,2.5,0.0,2.5,0.0,5.0,0.0,14.9,0.0,0.0,-7.5,15.4,0,0,12.4,1,13222,1,13222,19887,22635,24836,22635,15070,20945,15070,13505,14344,13505,14058,18228,20840,19908,8307,12854,522,8846,244,17725,23200,16708,23052,2246,150,23891,1,14:29
2024-25,1627736,Malik Beasley,Malik,1610612765,DET,Detroit Pistons,0022400775,2025-02-12T00:00:00,DET @ CHI,W,23.466666666666665,7.7,15.3,0.5,6.1,9.2,0.667,0.0,0.0,0.0,1.5,3.1,4.6,1.5,0.0,3.1,0.0,1.5,1.5,1.5,21.5,-10.7,38.5,0,0,39.9,1,1,13086,1,13330,7328,8042,8526,1204,4517,1957,13505,14344,13505,10174,16493,15804,17858,16469,3002,8263,4646,17100,14856,6664,18199,8710,2246,150,6843,1,23:28
2024-25,1631103,Malaki Branham,Malaki,1610612759,SAS,San Antonio Spurs,0022400769,2025-02-12T00:00:00,SAS @ BOS,L,0.42833333333333334,0.0,0.0,0.0,0.0,0.0,0.0,0.0,0.0,0.0,0.0,0.0,0.0,0.0,0.0,0.0,0.0,0.0,0.0,0.0,0.0,0.0,0.0,0,0,0.0,1,13222,1,13222,26221,22635,24836,22635,15070,20945,15070,13505,14344,13505,14058,22137,23286,19908,16469,12854,8263,8846,20257,17725,23200,12240,25228,2246,150,25259,1,0:26
2024-25,1641737,Adem Bona,Adem,1610612755,PHI,Philadelphia 76ers,0022400772,2025-02-12T00:00:00,PHI @ BKN,L,16.995,2.1,4.2,0.5,0.0,0.0,0.0,0.0,0.0,0.0,2.1,2.1,4.2,0.0,2.1,0.0,2.1,0.0,4.2,0.0,4.2,0.0,13.6,0,0,12.7,1,13222,1,13222,18263,21209,23970,8526,15070,20945,15070,13505,14344,13505,7894,19311,16717,19908,9917,12854,3155,8846,6456,17725,22445,12240,23618,2246,150,23801,1,16:60
2024-25,1629618,Jalen Pickett,Jalen,1610612743,DEN,Denver Nuggets,0022400780,2025-02-12T00:00:00,DEN vs. POR,W,28.683333333333334,1.3,6.3,0.2,1.3,5.0,0.25,0.0,0.0,0.0,1.3,2.5,3.8,1.3,2.5,0.0,0.0,0.0,0.0,0.0,3.8,1.3,7.7,0,0,10.0,1,1,13086,1,8938,22447,22349,21401,13066,13158,11902,13505,14344,13505,11457,18158,17906,18825,8203,12854,8263,8846,20257,17725,22662,11975,24738,2246,150,24414,1,28:41
2024-25,1628970,Miles Bridges,Miles,1610612766,CHA,Charlotte Hornets,0022400770,2025-02-12T00:00:00,CHA @ ORL,L,36.45,5.9,22.7,0.261,2.0,7.9,0.25,4.9,4.9,1.0,0.0,7.9,7.9,4.0,1.0,1.0,0.0,4.0,0.0,3.0,18.8,-17.8,36.1,0,0,34.6,1,13222,1,13222,2364,11725,1491,20229,10267,6623,11902,4137,6053,1,14058,4857,8459,10070,15924,12056,8263,665,20257,9385,9069,20860,10268,2246,150,10390,1,36:27
2024-25,1641711,Gradey Dick,Gradey,1610612761,TOR,Toronto Raptors,0022400774,2025-02-12T00:00:00,TOR vs. CLE,L,25.316666666666666,1.4,10.0,0.143,0.0,4.3,0.0,0.0,0.0,0.0,0.0,2.8,2.8,1.4,0.0,1.4,0.0,1.4,1.4,1.4,2.8,-44.1,12.7,0,0,10.0,1,13222,1,13222,11729,22267,17138,22260,15070,14983,15070,13505,14344,13505,14058,17258,20133,18260,16469,8787,8263,5090,17533,15357,22988,25126,23855,2246,150,24434,1,25:19
2024-25,1631104,Blake Wesley,Blake,1610612759,SAS,San Antonio Spurs,0022400769,2025-02-12T00:00:00,SAS @ BOS,L,0.42833333333333334,0.0,84.0,0.0,0.0,84.0,0.0,0.0,0.0,0.0,0.0,0.0,0.0,0.0,0.0,0.0,0.0,0.0,0.0,0.0,0.0,0.0,0.0,0,0,0.0,1,13222,1,13222,26221,22635,4,22635,15070,3,15070,13505,14344,13505,14058,22137,23286,19908,16469,12854,8263,8846,20257,17725,23200,12240,25228,2246,150,25259,1,0:26
2024-25,1630551,Justin Champagnie,Justin,1610612764,WAS,Washington Wizards,0022400771,2025-02-12T00:00:00,WAS vs. IND,L,3.2333333333333334,0.0,22.3,0.0,0.0,11.1,0.0,0.0,0.0,0.0,0.0,0.0,0.0,0.0,0.0,0.0,0.0,0.0,0.0,0.0,0.0,-44.5,0.0,0,0,0.0,1,13222,1,13222,24875,22635,1692,22635,15070,2383,15070,13505,14344,13505,14058,22137,23286,19908,16469,12854,8263,8846,20257,17725,23200,25151,25228,2246,150,25259,1,3:14
2024-25,1629634,Brandon Clarke,Brandon,1610612763,MEM,Memphis Grizzlies,0022400783,2025-02-12T00:00:00,MEM @ LAC,L,18.548333333333332,3.9,11.6,0.333,0.0,0.0,0.0,0.0,0.0,0.0,1.9,1.9,3.9,0.0,3.9,0.0,0.0,0.0,5.8,0.0,7.8,17.5,8.5,0,0,11.6,1,13222,1,13222,17159,17376,14228,17395,15070,20945,15070,13505,14344,13505,8658,19856,17613,19908,4125,12854,8263,8846,3183,17725,20113,4747,24628,2246,150,24070,1,18:33
2024-25,1641775,Jordan Walsh,Jordan,1610612738,BOS,Boston Celtics,0022400769,2025-02-12T00:00:00,BOS vs. SAS,W,0.42833333333333334,0.0,0.0,0.0,0.0,0.0,0.0,0.0,0.0,0.0,0.0,0.0,0.0,0.0,0.0,0.0,0.0,0.0,0.0,0.0,0.0,0.0,0.0,0,0,0.0,1,1,13086,1,26221,22635,24836,22635,15070,20945,15070,13505,14344,13505,14058,22137,23286,19908,16469,12854,8263,8846,20257,17725,23200,12240,25228,2246,150,25259,1,0:26
2024-25,203497,Rudy Gobert,Rudy,1610612750,MIN,Minnesota Timberwolves,0022400776,2025-02-12T00:00:00,MIN vs. MIL,L,37.53333333333333,9.6,13.4,0.714,0.0,0.0,0.0,0.0,0.0,0.0,5.8,7.7,13.4,3.8,1.9,1.0,1.0,1.0,4.8,1.0,19.2,-12.5,44.9,1,0,40.3,1,13222,1,13222,1662,3741,11110,2752,15070,20945,15070,13505,14344,13505,1773,5200,2524,10400,10949,12284,7758,8270,5071,17517,8668,18932,5229,1,150,6622,1,37:32
2024-25,203484,Kentavious Caldwell-Pope,Kentavious,1610612753,ORL,Orlando Magic,0022400770,2025-02-12T00:00:00,ORL vs. CHA,W,16.195,2.2,11.1,0.2,0.0,8.9,0.0,0.0,0.0,0.0,2.2,4.4,6.7,0.0,0.0,0.0,0.0,0.0,4.4,2.2,4.4,-17.8,12.4,0,0,11.1,1,1,13086,1,18803,20996,15171,21401,15070,4976,15070,13505,14344,13505,7520,12415,10796,19908,16469,12854,8263,8846,5897,12067,22322,20863,23913,2246,150,24195,1,16:12
2024-25,1641741,Ricky Council IV,Ricky,1610612755,PHI,Philadelphia 76ers,0022400772,2025-02-12T00:00:00,PHI @ BKN,L,3.933333333333333,0.0,9.2,0.0,0.0,9.2,0.0,0.0,0.0,0.0,0.0,0.0,0.0,0.0,0.0,0.0,0.0,0.0,0.0,0.0,0.0,-54.9,0.0,0,0,0.0,1,13222,1,13222,24527,22635,18474,22635,15070,4599,15070,13505,14344,13505,14058,22137,23286,19908,16469,12854,8263,8846,20257,17725,23200,25565,25228,2246,150,25259,1,3:56
2024-25,1642389,Zyon Pullin,Zyon,1610612763,MEM,Memphis Grizzlies,0022400783,2025-02-12T00:00:00,MEM @ LAC,L,0.9516666666666667,0.0,37.8,0.0,0.0,0.0,0.0,0.0,0.0,0.0,0.0,0.0,0.0,0.0,0.0,0.0,0.0,0.0,0.0,0.0,0.0,37.8,0.0,0,0,0.0,1,13222,1,13222,26074,22635,98,22635,15070,20945,15070,13505,14344,13505,14058,22137,23286,19908,16469,12854,8263,8846,20257,17725,23200,1134,25228,2246,150,25259,1,0:57
2024-25,1627777,Georges Niang,Georges,1610612737,ATL,Atlanta Hawks,0022400773,2025-02-12T00:00:00,ATL @ NYK,L,33.781666666666666,8.5,17.1,0.5,4.3,10.7,0.4,1.1,1.1,1.0,1.1,3.2,4.3,3.2,0.0,1.1,2.1,0.0,5.3,2.1,22.4,19.2,41.9,0,0,40.5,1,13222,1,13222,4457,5571,5746,8526,3465,2827,7874,13022,14101,1,12749,16100,16638,12332,16469,11342,3121,8846,3973,12478,5944,4206,6684,2246,150,6498,1,33:47
2024-25,1626166,Cameron Payne,Cameron,1610612752,NYK,New York Knicks,0022400773,2025-02-12T00:00:00,NYK vs. ATL,W,15.116666666666667,7.1,16.7,0.429,0.0,7.1,0.0,9.5,11.9,0.8,0.0,7.1,7.1,9.5,2.4,0.0,0.0,0.0,4.8,9.5,23.8,11.9,44.3,0,0,40.5,1,1,13086,1,19484,8591,6219,13735,15070,8156,15070,833,785,7681,14058,6103,9863,1692,8731,12854,8263,8846,5146,518,4928,6833,5523,2246,150,6503,1,15:07
2024-25,203901,Elfrid Payton,Elfrid,1610612766,CHA,Charlotte Hornets,0022400770,2025-02-12T00:00:00,CHA @ ORL,L,31.866666666666667,2.3,6.8,0.333,0.0,0.0,0.0,0.0,0.0,0.0,1.1,3.4,4.5,7.9,1.1,0.0,1.1,1.1,2.3,0.0,4.5,-6.8,24.1,0,0,19.2,1,13222,1,13222,6086,20930,21803,17395,15070,20945,15070,13505,14344,13505,12264,15549,15999,2988,14941,12854,6612,6796,13824,17725,22285,16410,18908,2246,150,21287,1,31:52
2024-25,1630699,MarJon Beauchamp,MarJon,1610612746,LAC,LA Clippers,0022400783,2025-02-12T00:00:00,LAC vs. MEM,W,2.6333333333333333,0.0,13.7,0.0,0.0,13.7,0.0,0.0,0.0,0.0,0.0,0.0,0.0,0.0,0.0,0.0,0.0,0.0,0.0,0.0,0.0,-27.3,0.0,0,0,0.0,1,1,13086,1,25160,22635,10690,22635,15070,1027,15070,13505,14344,13505,14058,22137,23286,19908,16469,12854,8263,8846,20257,17725,23200,23298,25228,2246,150,25259,1,2:38
2024-25,1629750,Javonte Green,Javonte,1610612740,NOP,New Orleans Pelicans,0022400777,2025-02-12T00:00:00,NOP vs. SAC,L,12.166666666666666,3.0,8.9,0.333,0.0,5.9,0.0,0.0,0.0,0.0,0.0,5.9,5.9,0.0,0.0,0.0,0.0,0.0,3.0,0.0,5.9,0.0,13.0,0,0,11.8,1,13222,1,13222,21167,19510,18900,17395,15070,10887,15070,13505,14344,13505,14058,8508,12480,19908,16469,12854,8263,8846,10903,17725,21444,12240,23766,2246,150,24019,1,12:10
2024-25,203915,Spencer Dinwiddie,Spencer,1610612742,DAL,Dallas Mavericks,0022400782,2025-02-12T00:00:00,DAL vs. GSW,W,17.873333333333335,2.0,2.0,1.0,0.0,0.0,0.0,2.0,4.0,0.5,0.0,4.0,4.0,2.0,0.0,0.0,0.0,0.0,0.0,2.0,6.0,-22.2,13.9,0,0,12.1,1,1,13086,1,17649,21388,24756,1,15070,20945,15070,10598,7789,10625,14058,13636,17254,16322,16469,12854,8263,8846,20257,13020,21364,22117,23524,2246,150,23954,1,17:52
2024-25,1631209,Isaiah Wong,Isaiah,1610612766,CHA,Charlotte Hornets,0022400770,2025-02-12T00:00:00,CHA @ ORL,L,15.783333333333333,6.8,16.0,0.429,2.3,2.3,1.0,0.0,0.0,0.0,0.0,0.0,0.0,2.3,2.3,0.0,0.0,0.0,2.3,0.0,16.0,-22.8,17.1,0,0,20.5,1,13222,1,13222,19079,9314,7157,13735,8919,19025,1,13505,14344,13505,14058,22137,23286,15296,9154,12854,8263,8846,13717,17725,11954,22288,22444,2246,150,20562,1,15:47
2024-25,1642530,Yuki Kawamura,Yuki,1610612763,MEM,Memphis Grizzlies,0022400783,2025-02-12T00:00:00,MEM @ LAC,L,0.9516666666666667,0.0,0.0,0.0,0.0,0.0,0.0,0.0,0.0,0.0,0.0,0.0,0.0,0.0,0.0,0.0,0.0,0.0,0.0,0.0,0.0,37.8,0.0,0,0,0.0,1,13222,1,13222,26074,22635,24836,22635,15070,20945,15070,13505,14344,13505,14058,22137,23286,19908,16469,12854,8263,8846,20257,17725,23200,1134,25228,2246,150,25259,1,0:57
2024-25,1629162,Jordan McLaughlin,Jordan,1610612759,SAS,San Antonio Spurs,0022400769,2025-02-12T00:00:00,SAS @ BOS,L,0.42833333333333334,0.0,0.0,0.0,0.0,0.0,0.0,0.0,0.0,0.0,0.0,0.0,0.0,0.0,0.0,0.0,0.0,0.0,0.0,0.0,0.0,0.0,0.0,0,0,0.0,1,13222,1,13222,26221,22635,24836,22635,15070,20945,15070,13505,14344,13505,14058,22137,23286,19908,16469,12854,8263,8846,20257,17725,23200,12240,25228,2246,150,25259,1,0:26
2024-25,1628381,John Collins,John,1610612762,UTA,Utah Jazz,0022400781,2025-02-12T00:00:00,UTA vs. LAL,W,26.65,6.8,12.2,0.556,0.0,4.1,0.0,9.5,9.5,1.0,2.7,8.1,10.8,1.4,4.1,0.0,2.7,0.0,2.7,5.4,23.0,-5.4,42.0,0,0,40.5,1,1,13086,1,10604,9548,13318,7248,15070,15472,15070,856,1629,1,6102,4556,4589,18497,3777,12854,2082,8846,12039,3475,5509,15786,6608,2246,150,6484,1,26:39
2024-25,1641854,Craig Porter Jr.,Craig,1610612739,CLE,Cleveland Cavaliers,0022400774,2025-02-12T00:00:00,CLE @ TOR,W,20.866666666666667,3.5,8.6,0.4,0.0,3.5,0.0,5.2,5.2,1.0,1.7,5.2,6.9,8.6,1.7,3.5,0.0,0.0,3.5,3.5,12.1,0.0,41.9,0,0,34.5,1,1,13086,1,15383,18424,19314,14933,15070,16758,15070,3791,5640,1,9487,10342,10322,2321,11817,2306,8263,8846,8886,7800,16065,12240,6658,2246,150,10441,1,20:52
2024-25,1628989,Kevin Huerter,Kevin,1610612741,CHI,Chicago Bulls,0022400775,2025-02-12T00:00:00,CHI vs. DET,L,17.5,2.1,16.5,0.125,0.0,10.3,0.0,0.0,0.0,0.0,2.1,6.2,8.2,4.1,2.1,2.1,0.0,0.0,8.2,2.1,4.1,8.2,24.3,0,0,20.6,1,13222,1,13222,17920,21300,6478,22420,15070,3168,15070,13505,14344,13505,8126,7960,7892,9624,10225,5973,8263,8846,1259,12811,22501,8517,18760,2246,150,20526,1,17:30
2024-25,1630172,Patrick Williams,Patrick,1610612741,CHI,Chicago Bulls,0022400775,2025-02-12T00:00:00,CHI vs. DET,L,18.166666666666668,2.0,4.0,0.5,2.0,4.0,0.5,0.0,0.0,0.0,0.0,2.0,2.0,2.0,0.0,2.0,2.0,0.0,0.0,0.0,5.9,7.9,23.2,0,0,19.8,1,13222,1,13222,17460,21440,24107,8526,10242,15658,3944,13505,14344,13505,14058,19723,21835,16443,16469,6337,3536,8846,20257,17725,21434,8674,19443,2246,150,20962,1,18:10
2024-25,1630574,Ariel Hukporti,Ariel,1610612752,NYK,New York Knicks,0022400773,2025-02-12T00:00:00,NYK vs. ATL,W,2.3316666666666666,0.0,0.0,0.0,0.0,0.0,0.0,0.0,0.0,0.0,0.0,15.4,15.4,0.0,15.4,0.0,0.0,0.0,15.4,0.0,0.0,-15.4,3.1,0,0,15.4,1,1,13086,1,25309,22635,24836,22635,15070,20945,15070,13505,14344,13505,14058,494,1593,19908,101,12854,8263,8846,228,17725,23200,20071,25124,2246,150,22900,1,2:20
2024-25,1630700,Dyson Daniels,Dyson,1610612737,ATL,Atlanta Hawks,0022400773,2025-02-12T00:00:00,ATL @ NYK,L,36.483333333333334,9.9,14.8,0.667,2.0,3.0,0.667,1.0,2.0,0.5,1.0,3.0,3.9,3.9,1.0,3.9,0.0,2.0,4.9,2.0,22.7,2.0,44.2,0,0,40.5,1,13222,1,13222,2347,3382,8903,3281,10272,17737,1957,13273,12794,10625,13359,16857,17449,10079,15929,1689,8263,3304,4763,13194,5709,11639,5569,2246,150,6517,1,36:29
2024-25,1629674,Neemias Queta,Neemias,1610612738,BOS,Boston Celtics,0022400769,2025-02-12T00:00:00,BOS vs. SAS,W,0.42833333333333334,0.0,0.0,0.0,0.0,0.0,0.0,0.0,0.0,0.0,0.0,0.0,0.0,0.0,0.0,0.0,0.0,0.0,0.0,0.0,0.0,0.0,0.0,0,0,0.0,1,1,13086,1,26221,22635,24836,22635,15070,20945,15070,13505,14344,13505,14058,22137,23286,19908,16469,12854,8263,8846,20257,17725,23200,12240,25228,2246,150,25259,1,0:26
2024-25,1641721,Maxwell Lewis,Maxwell,1610612751,BKN,Brooklyn Nets,0022400772,2025-02-12T00:00:00,BKN vs. PHI,W,0.43333333333333335,0.0,0.0,0.0,0.0,0.0,0.0,0.0,0.0,0.0,0.0,0.0,0.0,0.0,0.0,0.0,0.0,0.0,0.0,0.0,0.0,-498.5,0.0,0,0,0.0,1,1,13086,1,26218,22635,24836,22635,15070,20945,15070,13505,14344,13505,14058,22137,23286,19908,16469,12854,8263,8846,20257,17725,23200,26297,25228,2246,150,25259,1,0:26
2024-25,1641816,Hunter Tyson,Hunter,1610612743,DEN,Denver Nuggets,0022400780,2025-02-12T00:00:00,DEN vs. POR,W,6.066666666666666,0.0,11.9,0.0,0.0,5.9,0.0,0.0,0.0,0.0,0.0,0.0,0.0,0.0,0.0,0.0,0.0,5.9,0.0,0.0,0.0,-41.5,0.0,0,0,0.0,1,1,13086,1,23571,22635,13824,22635,15070,10848,15070,13505,14344,13505,14058,22137,23286,19908,16469,12854,8263,222,20257,17725,23200,24938,25228,2246,150,25259,1,6:04
2024-25,203084,Harrison Barnes,Harrison,1610612759,SAS,San Antonio Spurs,0022400769,2025-02-12T00:00:00,SAS @ BOS,L,30.266666666666666,5.9,15.5,0.385,2.4,9.5,0.25,2.4,2.4,1.0,2.4,5.9,8.3,3.6,1.2,0.0,0.0,1.2,1.2,2.4,16.7,0.0,30.8,0,0,30.9,1,13222,1,13222,7529,11665,7877,16070,8555,4079,11902,9389,11545,1,6985,8456,7729,11177,14518,12854,8263,6339,18593,11435,11221,12240,14197,2246,150,13230,1,30:16
2024-25,1630625,Dalano Banton,Dalano,1610612757,POR,Portland Trail Blazers,0022400780,2025-02-12T00:00:00,POR @ DEN,L,31.2,5.8,15.0,0.385,3.5,9.2,0.375,1.2,3.5,0.333,0.0,1.2,1.2,5.8,4.6,1.2,0.0,1.2,0.0,2.3,16.2,-21.9,25.0,0,0,28.8,1,13222,1,13222,6701,12204,8606,16070,5235,4481,8800,12739,8960,13132,14058,21622,23004,5913,2825,10550,8263,6601,20257,11712,11770,22051,18261,2246,150,14828,1,31:12
2024-25,1629723,John Konchar,John,1610612763,MEM,Memphis Grizzlies,0022400783,2025-02-12T00:00:00,MEM @ LAC,L,6.468333333333334,5.6,5.6,1.0,5.6,5.6,1.0,0.0,0.0,0.0,0.0,0.0,0.0,0.0,0.0,0.0,0.0,0.0,5.6,0.0,16.7,-33.4,16.7,0,0,22.3,1,13222,1,13222,23379,12807,23033,1,1688,11809,1,13505,14344,13505,14058,22137,23286,19908,16469,12854,8263,8846,3604,17725,11175,24216,22596,2246,150,19523,1,6:28
2024-25,1642275,Tidjane Salaün,Tidjane,1610612766,CHA,Charlotte Hornets,0022400770,2025-02-12T00:00:00,CHA @ ORL,L,20.316666666666666,1.8,8.9,0.2,1.8,3.5,0.5,0.0,0.0,0.0,0.0,5.3,5.3,1.8,0.0,0.0,0.0,1.8,1.8,0.0,5.3,-7.1,14.4,0,0,14.2,1,13222,1,13222,15769,21795,18921,21401,11179,16559,3944,13505,14344,13505,14058,9991,14000,17164,16469,12854,8263,3973,16297,17725,21841,16547,23380,2246,150,23366,1,20:19
2024-25,1627783,Pascal Siakam,Pascal,1610612754,IND,Indiana Pacers,0022400771,2025-02-12T00:00:00,IND @ WAS,W,38.68333333333333,4.7,14.9,0.313,0.0,2.8,0.0,4.7,6.5,0.714,0.0,4.7,4.7,4.7,0.9,1.9,0.9,0.9,2.8,6.5,14.0,10.2,34.0,0,0,28.8,1,1,13086,1,1018,15358,8768,19175,15070,18075,15070,4592,3867,9244,14058,11846,15692,8299,16243,6969,7949,8489,11677,2072,13979,7585,11842,2246,150,14825,1,38:41
2024-25,1641724,Jett Howard,Jett,1610612753,ORL,Orlando Magic,0022400770,2025-02-12T00:00:00,ORL vs. CHA,W,25.666666666666668,2.8,11.2,0.25,2.8,11.2,0.25,0.0,0.0,0.0,1.4,1.4,2.8,7.0,0.0,2.8,1.4,0.0,0.0,0.0,8.4,21.0,34.9,0,0,29.5,1,1,13086,1,11427,19865,14989,20233,7194,2307,11902,13505,14344,13505,10736,21074,20243,3997,16469,3674,5223,8846,20257,17725,19585,3687,11105,2246,150,14363,1,25:40
2024-25,1631222,Jake LaRavia,Jake,1610612758,SAC,Sacramento Kings,0022400777,2025-02-12T00:00:00,SAC @ NOP,W,10.566666666666666,0.0,6.8,0.0,0.0,6.8,0.0,0.0,13.6,0.0,13.6,0.0,13.6,0.0,3.4,0.0,0.0,0.0,3.4,6.8,0.0,-40.9,12.9,0,0,13.6,1,1,13086,1,21884,22635,21771,22635,15070,8870,15070,13505,508,13505,167,22137,2420,19908,5215,12854,8263,8846,9054,1806,23200,24905,23783,2246,150,23522,1,10:34
2024-25,201587,Nicolas Batum,Nicolas,1610612746,LAC,LA Clippers,0022400783,2025-02-12T00:00:00,LAC vs. MEM,W,13.358333333333333,2.7,10.8,0.25,2.7,10.8,0.25,0.0,0.0,0.0,0.0,8.1,8.1,0.0,2.7,2.7,0.0,0.0,2.7,0.0,8.1,-10.8,23.2,0,0,24.3,1,1,13086,1,20564,20100,15731,20233,7556,2693,11902,13505,14344,13505,14058,4586,8122,19908,7548,3921,8263,8846,12061,17725,19847,18223,19446,2246,150,18166,1,13:22
2024-25,201988,Patty Mills,Patty,1610612746,LAC,LA Clippers,0022400783,2025-02-12T00:00:00,LAC vs. MEM,W,2.6333333333333333,0.0,0.0,0.0,0.0,0.0,0.0,0.0,0.0,0.0,0.0,0.0,0.0,13.7,0.0,0.0,0.0,0.0,0.0,0.0,0.0,-27.3,20.5,0,0,13.7,1,1,13086,1,25160,22635,24836,22635,15070,20945,15070,13505,14344,13505,14058,22137,23286,421,16469,12854,8263,8846,20257,17725,23200,23298,20944,2246,150,23512,1,2:38
2024-25,204060,Joe Ingles,Joe,1610612750,MIN,Minnesota Timberwolves,0022400776,2025-02-12T00:00:00,MIN vs. MIL,L,13.9,2.6,10.4,0.25,2.6,10.4,0.25,0.0,0.0,0.0,0.0,10.4,10.4,10.4,0.0,0.0,0.0,0.0,0.0,2.6,7.8,20.7,35.7,0,0,31.1,1,13222,1,13222,20244,20288,16445,20233,7858,3094,11902,13505,14344,13505,14058,2314,5048,1256,16469,12854,8263,8846,20257,10672,20104,3752,10548,2246,150,13089,1,13:54
2024-25,2544,LeBron James,LeBron,1610612747,LAL,Los Angeles Lakers,0022400781,2025-02-12T00:00:00,LAL @ UTA,L,33.666666666666664,6.4,13.9,0.462,4.3,8.6,0.5,2.1,4.3,0.5,1.1,5.3,6.4,7.5,3.2,1.1,0.0,1.1,3.2,4.3,19.2,-10.7,38.2,0,0,39.6,1,13222,1,13222,4576,10398,10339,12428,3431,5490,3944,10169,7250,10625,12718,9906,11350,3419,5798,11286,8263,7317,9827,5651,8598,18177,8908,2246,150,7033,1,33:40
2024-25,1641783,Tristan da Silva,Tristan,1610612753,ORL,Orlando Magic,0022400770,2025-02-12T00:00:00,ORL vs. CHA,W,8.183333333333334,0.0,8.8,0.0,0.0,4.4,0.0,0.0,0.0,0.0,0.0,4.4,4.4,8.8,0.0,0.0,0.0,0.0,0.0,0.0,0.0,8.8,18.5,0,0,13.2,1,1,13086,1,22745,22635,19024,22635,15070,14682,15070,13505,14344,13505,14058,12524,16282,2187,16469,12854,8263,8846,20257,17725,23200,8273,21899,2246,150,23651,1,8:11
2024-25,1630198,Isaiah Joe,Isaiah,1610612760,OKC,Oklahoma City Thunder,0022400778,2025-02-12T00:00:00,OKC vs. MIA,W,27.466666666666665,3.9,10.5,0.375,3.9,10.5,0.375,1.3,2.6,0.5,0.0,3.9,3.9,1.3,0.0,0.0,0.0,0.0,3.9,2.6,13.1,26.2,19.8,0,0,22.3,1,1,13086,1,9971,17245,16237,16299,4132,2986,8800,12275,10928,10625,14058,13934,17489,18624,16469,12854,8263,8846,7342,10577,14974,2580,21263,2246,150,19497,1,27:28
2024-25,1630592,Jalen Wilson,Jalen,1610612751,BKN,Brooklyn Nets,0022400772,2025-02-12T00:00:00,BKN vs. PHI,W,21.918333333333333,3.3,6.6,0.5,3.3,6.6,0.5,0.0,0.0,0.0,1.6,4.9,6.6,3.3,0.0,0.0,0.0,0.0,3.3,0.0,9.9,4.9,22.7,0,0,23.0,1,1,13086,1,14560,18792,22043,8526,5720,9388,3944,13505,14344,13505,9781,11094,11023,12041,16469,12854,8263,8846,9507,17725,18306,10149,19769,2246,150,19029,1,21:55
2024-25,1629060,Rui Hachimura,Rui,1610612747,LAL,Los Angeles Lakers,0022400781,2025-02-12T00:00:00,LAL @ UTA,L,30.1,9.6,17.9,0.533,3.6,6.0,0.6,0.0,1.2,0.0,0.0,3.6,3.6,1.2,1.2,0.0,0.0,0.0,0.0,2.4,22.7,-19.1,27.6,0,0,31.1,1,13222,1,13222,7690,3777,4762,8140,4944,10743,2992,13505,13891,13505,14058,14955,18342,19024,14467,12854,8263,8846,20257,11382,5686,21284,16474,2246,150,13079,1,30:06
2024-25,1629632,Coby White,Coby,1610612741,CHI,Chicago Bulls,0022400775,2025-02-12T00:00:00,CHI vs. DET,L,35.2,2.0,14.3,0.143,2.0,9.2,0.222,1.0,1.0,1.0,1.0,3.1,4.1,3.1,2.0,1.0,2.0,2.0,1.0,1.0,7.2,-28.6,23.8,0,0,22.5,1,13222,1,13222,3316,21323,9659,22260,9937,4520,13288,13161,14181,1,13075,16497,17090,12699,10282,11736,3358,3073,19559,17301,20592,23532,19074,2246,150,19370,1,35:12
2024-25,1631221,Collin Gillespie,Collin,1610612756,PHX,Phoenix Suns,0022400779,2025-02-12T00:00:00,PHX @ HOU,L,14.55,9.9,19.8,0.5,2.5,4.9,0.5,0.0,0.0,0.0,2.5,0.0,2.5,7.4,0.0,0.0,2.5,2.5,2.5,2.5,22.3,-7.4,43.8,0,0,39.6,1,13222,1,13222,19855,3332,3120,8526,8235,13314,3944,13505,14344,13505,6691,22137,20855,3491,16469,12854,2421,2077,12895,11081,6027,16691,5768,2246,150,7021,1,14:33
2024-25,1641705,Victor Wembanyama,Victor,1610612759,SAS,San Antonio Spurs,0022400769,2025-02-12T00:00:00,SAS @ BOS,L,36.33833333333333,6.9,15.9,0.438,1.0,5.9,0.167,2.0,2.0,1.0,1.0,11.9,12.9,4.0,2.0,0.0,2.0,0.0,4.0,2.0,16.8,-5.9,42.2,1,0,38.6,1,13222,1,13222,2451,9084,7345,13558,14600,10828,14236,10712,12777,1,13331,1421,2887,10039,10607,12854,3538,8846,7249,13158,11015,16032,6525,1,150,7624,1,36:20
2024-25,1641715,Cam Whitmore,Cam,1610612745,HOU,Houston Rockets,0022400779,2025-02-12T00:00:00,HOU vs. PHX,W,21.8,3.3,16.5,0.2,0.0,8.3,0.0,0.0,0.0,0.0,0.0,3.3,3.3,5.0,0.0,0.0,0.0,1.7,3.3,0.0,6.6,14.9,18.0,0,0,14.9,1,1,13086,1,14669,18746,6402,21401,15070,5990,15070,13505,14344,13505,14058,15783,18982,7559,16469,12854,8263,4286,9444,17725,20985,5682,22091,2246,150,23105,1,21:48
2024-25,1641733,Nick Smith Jr.,Nick,1610612766,CHA,Charlotte Hornets,0022400770,2025-02-12T00:00:00,CHA @ ORL,L,16.233333333333334,2.2,11.1,0.2,0.0,4.4,0.0,0.0,0.0,0.0,0.0,2.2,2.2,6.7,2.2,0.0,0.0,2.2,0.0,2.2,4.4,17.7,14.9,0,0,13.3,1,13222,1,13222,18766,21000,15214,21401,15070,14606,15070,13505,14344,13505,14058,19020,21377,4502,9442,12854,8263,2608,20257,12086,22325,4648,23224,2246,150,23609,1,16:14
2024-25,1642281,Jaylon Tyson,Jaylon,1610612739,CLE,Cleveland Cavaliers,0022400774,2025-02-12T00:00:00,CLE @ TOR,W,17.116666666666667,6.3,6.3,1.0,4.2,4.2,1.0,0.0,0.0,0.0,0.0,0.0,0.0,2.1,4.2,0.0,0.0,0.0,2.1,0.0,16.8,-14.7,15.8,0,0,23.1,1,1,13086,1,18188,10676,22312,1,3548,15102,1,13505,14344,13505,14058,22137,23286,15988,3489,12854,8263,8846,14599,17725,11031,19797,22934,2246,150,18909,1,17:07
2024-25,1631102,TyTy Washington Jr.,TyTy,1610612756,PHX,Phoenix Suns,0022400779,2025-02-12T00:00:00,PHX @ HOU,L,25.95,5.5,13.9,0.4,1.4,4.2,0.333,2.8,2.8,1.0,1.4,4.2,5.5,4.2,1.4,1.4,0.0,0.0,0.0,1.4,15.3,-5.5,30.9,0,0,29.1,1,13222,1,13222,11194,12849,10392,14933,12492,15204,9209,8400,10546,1,10807,13228,13423,9488,13355,8971,8263,8846,20257,15507,12645,15852,14100,2246,150,14599,1,25:57
2024-25,1629312,Haywood Highsmith,Haywood,1610612748,MIA,Miami Heat,0022400778,2025-02-12T00:00:00,MIA @ OKC,L,14.716666666666667,0.0,2.4,0.0,0.0,2.4,0.0,2.4,4.9,0.5,2.4,2.4,4.9,7.3,2.4,0.0,0.0,0.0,4.9,2.4,2.4,-39.1,16.9,0,0,14.7,1,13222,1,13222,19758,22635,24658,22635,15070,18718,15070,9203,6126,10625,6786,18340,15086,3578,8463,12854,8263,8846,4855,11172,23085,24782,22534,2246,150,23188,1,14:43
2024-25,1642358,AJ Johnson,AJ,1610612764,WAS,Washington Wizards,0022400771,2025-02-12T00:00:00,WAS vs. IND,L,9.733333333333333,3.7,7.4,0.5,3.7,7.4,0.5,0.0,0.0,0.0,0.0,0.0,0.0,0.0,3.7,0.0,0.0,0.0,0.0,0.0,11.1,37.0,7.4,0,0,14.8,1,13222,1,13222,22198,17833,21073,8526,4702,7618,3944,13505,14344,13505,14058,22137,23286,19908,4557,12854,8263,8846,20257,17725,17093,1203,24769,2246,150,23133,1,9:44
2024-25,1630598,Aaron Wiggins,Aaron,1610612760,OKC,Oklahoma City Thunder,0022400778,2025-02-12T00:00:00,OKC vs. MIA,W,28.033333333333335,6.4,18.0,0.357,1.3,7.7,0.167,0.0,0.0,0.0,1.3,5.1,6.4,2.6,2.6,2.6,0.0,2.6,1.3,0.0,14.1,0.0,30.8,0,0,29.5,1,1,13086,1,9519,10386,4719,17140,12915,6993,14236,13505,14344,13505,11270,10458,11345,14310,7987,4205,8263,1919,18100,17725,13815,12240,14189,2246,150,14300,1,28:02
2024-25,1631323,Simone Fontecchio,Simone,1610612765,DET,Detroit Pistons,0022400775,2025-02-12T00:00:00,DET @ CHI,W,15.033333333333333,2.4,7.2,0.333,0.0,2.4,0.0,9.6,9.6,1.0,2.4,9.6,12.0,4.8,2.4,0.0,0.0,2.4,2.4,9.6,14.4,-14.4,33.5,0,0,31.1,1,1,13086,1,19532,20676,21336,17395,15070,18819,15070,812,1553,1,6937,2939,3515,7944,8679,12854,8263,2235,13233,500,13536,19640,12176,2246,150,13053,1,15:02
2024-25,1630643,Jay Huff,Jay,1610612763,MEM,Memphis Grizzlies,0022400783,2025-02-12T00:00:00,MEM @ LAC,L,4.818333333333333,0.0,7.5,0.0,0.0,7.5,0.0,0.0,0.0,0.0,0.0,0.0,0.0,7.5,0.0,0.0,7.5,0.0,0.0,0.0,0.0,29.9,33.6,0,0,22.4,1,13222,1,13222,24080,22635,20975,22635,15070,7465,15070,13505,14344,13505,14058,22137,23286,3440,16469,12854,174,8846,20257,17725,23200,1980,12097,2246,150,19413,1,4:49
2024-25,1630534,Ochai Agbaji,Ochai,1610612761,TOR,Toronto Raptors,0022400774,2025-02-12T00:00:00,TOR vs. CLE,L,25.116666666666667,7.2,15.8,0.455,2.9,5.7,0.5,4.3,5.7,0.75,1.4,2.9,4.3,0.0,0.0,0.0,1.4,1.4,1.4,2.9,21.5,-7.2,31.0,0,0,31.5,1,13222,1,13222,11895,8541,7448,12676,7000,11376,3944,5151,4843,8186,10604,17190,16532,19908,16469,12854,5105,5048,17500,9705,6636,16586,14081,2246,150,12747,1,25:07
2024-25,1628971,Bruce Brown,Bruce,1610612740,NOP,New Orleans Pelicans,0022400777,2025-02-12T00:00:00,NOP vs. SAC,L,26.031666666666666,2.8,9.7,0.286,0.0,2.8,0.0,0.0,0.0,0.0,1.4,2.8,4.1,1.4,0.0,1.4,0.0,0.0,4.1,0.0,5.5,-12.4,16.7,0,0,13.8,1,13222,1,13222,11143,19945,17613,19630,15070,18128,15070,13505,14344,13505,10828,17519,16945,18399,16469,8996,8263,8846,6696,17725,21711,18921,22583,2246,150,23464,1,26:02
2024-25,1642263,Reed Sheppard,Reed,1610612745,HOU,Houston Rockets,0022400779,2025-02-12T00:00:00,HOU vs. PHX,W,11.416666666666666,6.3,6.3,1.0,3.2,3.2,1.0,0.0,0.0,0.0,0.0,3.2,3.2,3.2,0.0,3.2,0.0,0.0,6.3,0.0,15.8,37.8,33.7,0,0,31.5,1,1,13086,1,21525,10686,22314,1,6082,17355,1,13505,14344,13505,14058,16245,19357,12467,16469,2825,8263,8846,2594,17725,12153,1132,12017,2246,150,12747,1,11:25
2024-25,1628368,De'Aaron Fox,De'Aaron,1610612759,SAS,San Antonio Spurs,0022400769,2025-02-12T00:00:00,SAS @ BOS,L,38.67166666666667,9.3,14.9,0.625,0.9,2.8,0.333,1.9,2.8,0.667,1.9,0.9,2.8,4.7,2.8,0.0,0.0,0.9,3.7,2.8,21.4,0.9,29.0,0,0,29.8,1,13222,1,13222,1024,4189,8766,4899,14867,18072,9209,11085,10499,9425,8984,22078,20274,8297,7247,12854,8263,8488,7991,9989,6723,12200,15523,2246,150,14110,1,38:40
2024-25,202691,Klay Thompson,Klay,1610612742,DAL,Dallas Mavericks,0022400782,2025-02-12T00:00:00,DAL vs. GSW,W,33.70333333333333,6.4,20.3,0.316,5.3,15.0,0.357,0.0,0.0,0.0,0.0,7.5,7.5,2.1,1.1,1.1,2.1,0.0,2.1,0.0,18.2,20.3,38.9,0,0,39.5,1,1,13086,1,4547,10419,2768,19148,1908,701,9188,13505,14344,13505,14058,5540,9215,15868,15361,11303,3107,8846,14426,17725,9667,3870,8489,2246,150,7058,1,33:42
2024-25,1642273,Kyshawn George,Kyshawn,1610612764,WAS,Washington Wizards,0022400771,2025-02-12T00:00:00,WAS vs. IND,L,36.016666666666666,5.0,10.0,0.5,3.0,4.0,0.75,1.0,1.0,1.0,3.0,6.0,9.0,1.0,2.0,1.0,0.0,1.0,4.0,2.0,14.0,-13.0,27.3,0,0,29.0,1,13222,1,13222,2671,14392,17061,8526,6526,15589,1542,13237,14216,1,5347,8334,6754,19677,10528,11963,8263,7923,7147,13090,13944,19126,16753,2246,150,14716,1,36:01
2024-25,1630288,Jeff Dowtin Jr.,Jeff,1610612755,PHI,Philadelphia 76ers,0022400772,2025-02-12T00:00:00,PHI @ BKN,L,14.85,2.4,12.1,0.2,0.0,4.8,0.0,0.0,0.0,0.0,0.0,2.4,2.4,7.3,2.4,0.0,0.0,0.0,2.4,0.0,4.8,-19.4,16.2,0,0,14.5,1,13222,1,13222,19667,20602,13379,21401,15070,13568,15070,13505,14344,13505,14058,18414,20954,3653,8556,12854,8263,8846,13099,17725,22093,21375,22758,2246,150,23235,1,14:51
2024-25,1628969,Mikal Bridges,Mikal,1610612752,NYK,New York Knicks,0022400773,2025-02-12T00:00:00,NYK vs. ATL,W,42.93333333333333,4.2,6.7,0.625,0.8,1.7,0.5,0.0,0.0,0.0,0.0,2.5,2.5,3.4,0.8,1.7,1.7,0.0,2.5,0.8,9.2,3.4,26.5,0,0,22.6,1,1,13086,1,159,16613,21882,4899,15043,20072,3944,13505,14344,13505,14058,18149,20776,11805,16434,7690,4343,8846,12731,17707,18878,10945,17294,2246,150,19250,1,42:56
2024-25,1641764,Brandin Podziemski,Brandin,1610612744,GSW,Golden State Warriors,0022400782,2025-02-12T00:00:00,GSW @ DAL,L,24.408333333333335,5.9,13.3,0.444,0.0,2.9,0.0,0.0,0.0,0.0,1.5,1.5,2.9,7.4,4.4,4.4,0.0,0.0,1.5,1.5,11.8,19.2,35.3,0,0,31.0,1,13222,1,13222,12563,11807,11354,13045,15070,17755,15070,13505,14344,13505,10413,20931,19852,3539,3108,1284,8263,8846,17324,15109,16345,4209,10903,2246,150,13190,1,24:25
2024-25,1631243,Mouhamed Gueye,Mouhamed,1610612737,ATL,Atlanta Hawks,0022400773,2025-02-12T00:00:00,ATL @ NYK,L,15.821666666666667,0.0,13.7,0.0,0.0,9.1,0.0,4.6,4.6,1.0,4.6,2.3,6.8,2.3,0.0,2.3,2.3,2.3,2.3,2.3,4.6,-43.2,29.8,0,0,22.8,1,13222,1,13222,19056,22635,10730,22635,15070,4664,15070,4755,6746,1,2870,18840,10471,15321,16469,5127,2789,2486,13750,11840,22265,25073,14937,2246,150,19167,1,15:49
2024-25,1629631,De'Andre Hunter,De'Andre,1610612739,CLE,Cleveland Cavaliers,0022400774,2025-02-12T00:00:00,CLE @ TOR,W,26.966666666666665,8.0,16.0,0.5,5.3,12.0,0.444,2.7,2.7,1.0,0.0,6.7,6.7,0.0,1.3,1.3,0.0,0.0,5.3,1.3,24.0,5.3,34.7,0,0,38.7,1,1,13086,1,10359,6615,7088,8526,1909,1775,7211,8641,10810,1,14058,6950,10786,19908,13644,9271,8263,8846,3944,15743,4783,9922,11280,2246,150,7579,1,26:58
2024-25,1630558,Davion Mitchell,Davion,1610612748,MIA,Miami Heat,0022400778,2025-02-12T00:00:00,MIA @ OKC,L,34.8,6.2,10.3,0.6,2.1,5.2,0.4,0.0,0.0,0.0,1.0,0.0,1.0,3.1,2.1,1.0,0.0,0.0,1.0,3.1,14.5,-3.1,21.4,0,0,22.8,1,13222,1,13222,3612,10955,16472,5394,9822,12766,7874,13505,14344,13505,12986,22137,23180,12595,10159,11640,8263,8846,19503,8878,13428,14625,20462,2246,150,19160,1,34:48
2024-25,1631230,Dominick Barlow,Dominick,1610612737,ATL,Atlanta Hawks,0022400773,2025-02-12T00:00:00,ATL @ NYK,L,12.291666666666666,8.8,17.6,0.5,0.0,2.9,0.0,0.0,0.0,0.0,5.9,2.9,8.8,2.9,2.9,0.0,0.0,0.0,8.8,0.0,17.6,-20.5,29.6,0,0,29.3,1,13222,1,13222,21107,5108,5170,8526,15070,17804,15070,13505,14344,13505,1700,16974,7051,13169,6725,12854,8263,8846,1031,17725,10248,21706,15092,2246,150,14482,1,12:18
2024-25,1630533,Ziaire Williams,Ziaire,1610612751,BKN,Brooklyn Nets,0022400772,2025-02-12T00:00:00,BKN vs. PHI,W,25.838333333333335,2.8,8.4,0.333,1.4,5.6,0.25,1.4,1.4,1.0,0.0,4.2,4.2,1.4,0.0,0.0,0.0,1.4,2.8,1.4,8.4,7.0,15.5,0,0,15.3,1,1,13086,1,11304,19908,19705,17395,12477,11786,11902,12030,13598,1,14058,13168,16856,18363,16469,12854,8263,5202,11698,15480,19616,9155,23033,2246,150,22940,1,25:50
2024-25,1630553,Keon Johnson,Keon,1610612751,BKN,Brooklyn Nets,0022400772,2025-02-12T00:00:00,BKN vs. PHI,W,29.585,3.7,11.0,0.333,0.0,4.9,0.0,0.0,0.0,0.0,0.0,6.1,6.1,3.7,0.0,3.7,0.0,0.0,4.9,0.0,7.3,-7.3,31.0,0,0,24.3,1,1,13086,1,8156,17968,15447,17395,15070,13513,15070,13505,14344,13505,14058,8146,12089,10932,16469,2028,8263,8846,4906,17725,20485,16642,14039,2246,150,18115,1,29:35
2024-25,1627824,Guerschon Yabusele,Guerschon,1610612755,PHI,Philadelphia 76ers,0022400772,2025-02-12T00:00:00,PHI @ BKN,L,21.221666666666668,3.4,8.5,0.4,1.7,5.1,0.333,0.0,0.0,0.0,1.7,1.7,3.4,1.7,3.4,0.0,0.0,0.0,0.0,0.0,8.5,5.1,11.7,0,0,15.3,1,13222,1,13222,15140,18556,19517,14933,11411,12987,9209,13505,14344,13505,9587,20467,18794,17381,5246,12854,8263,8846,20257,17725,19530,10061,24082,2246,150,22965,1,21:13
2024-25,1627936,Alex Caruso,Alex,1610612760,OKC,Oklahoma City Thunder,0022400778,2025-02-12T00:00:00,OKC vs. MIA,W,12.8,0.0,2.8,0.0,0.0,0.0,0.0,5.6,5.6,1.0,0.0,2.8,2.8,5.6,0.0,0.0,0.0,0.0,2.8,2.8,5.6,8.4,17.4,0,0,14.1,1,1,13086,1,20839,22635,24552,22635,15070,20945,15070,3286,5010,1,14058,17359,20217,6197,16469,12854,8263,8846,11586,9924,21645,8421,22318,2246,150,23405,1,12:48
2024-25,1642367,Jonathan Mogbo,Jonathan,1610612761,TOR,Toronto Raptors,0022400774,2025-02-12T00:00:00,TOR vs. CLE,L,28.6,2.5,7.6,0.333,1.3,1.3,1.0,3.8,5.0,0.75,2.5,3.8,6.3,5.0,2.5,0.0,0.0,0.0,2.5,3.8,10.1,-21.4,22.7,0,0,22.7,1,13222,1,13222,9035,20431,20851,17395,13042,20547,1,6132,5847,8186,6556,14398,11623,7388,8169,12854,8263,8846,12719,6913,18087,21936,19775,2246,150,19239,1,28:36
2024-25,1631099,Keegan Murray,Keegan,1610612758,SAC,Sacramento Kings,0022400777,2025-02-12T00:00:00,SAC @ NOP,W,33.68333333333333,1.1,5.3,0.2,1.1,5.3,0.2,3.2,4.3,0.75,0.0,7.5,7.5,5.3,1.1,0.0,1.1,0.0,1.1,2.1,6.4,23.5,25.5,0,0,22.4,1,1,13086,1,4564,22591,23224,21401,14136,12343,13429,7318,7257,8186,14058,5532,9203,6734,15352,12854,6992,8846,19280,12447,21113,3143,17912,2246,150,19393,1,33:41
2024-25,1631124,Julian Strawther,Julian,1610612743,DEN,Denver Nuggets,0022400780,2025-02-12T00:00:00,DEN vs. POR,W,25.09,5.7,14.3,0.4,4.3,10.0,0.429,0.0,0.0,0.0,0.0,7.2,7.2,1.4,4.3,0.0,1.4,1.4,7.2,4.3,15.8,-7.2,26.5,0,0,31.6,1,1,13086,1,11928,12298,9622,14933,3382,3439,7394,13505,14344,13505,14058,6052,9801,18222,3319,12854,5102,5040,1844,5573,12136,16587,17264,2246,150,12722,1,25:05
2024-25,1629611,Terance Mann,Terance,1610612737,ATL,Atlanta Hawks,0022400773,2025-02-12T00:00:00,ATL @ NYK,L,16.33,0.0,8.8,0.0,0.0,0.0,0.0,2.2,4.4,0.5,6.6,6.6,13.2,4.4,0.0,6.6,0.0,0.0,8.8,2.2,2.2,-26.5,44.5,0,0,33.1,1,13222,1,13222,18709,22635,18987,22635,15070,20945,15070,9933,7015,10625,1318,7069,2650,8851,16469,353,8263,8846,1019,12145,23134,23125,5407,2246,150,11606,1,16:20
2024-25,1642259,Alex Sarr,Alex,1610612764,WAS,Washington Wizards,0022400771,2025-02-12T00:00:00,WAS vs. IND,L,31.65,3.4,14.8,0.231,2.3,6.8,0.333,1.1,2.3,0.5,0.0,6.8,6.8,4.5,1.1,0.0,2.3,2.3,1.1,0.0,10.2,1.1,30.9,0,0,28.4,1,13222,1,13222,6279,18512,8929,21157,8948,8838,9209,12793,11857,10625,14058,6664,10474,8529,14887,12854,2790,2487,18877,17725,17906,12054,14097,2246,150,15124,1,31:39
2024-25,1641878,Damion Baugh,Damion,1610612766,CHA,Charlotte Hornets,0022400770,2025-02-12T00:00:00,CHA @ ORL,L,27.0,6.7,10.7,0.625,2.7,5.3,0.5,5.3,5.3,1.0,0.0,6.7,6.7,4.0,2.7,1.3,0.0,0.0,4.0,2.7,21.3,-22.7,36.7,0,0,37.3,1,13222,1,13222,10332,9769,15944,4899,7628,12367,3944,3613,5416,1,14058,6964,10798,9938,7631,9282,8263,8846,7143,10419,6785,22261,9910,2246,150,8483,1,27:00
2024-25,1630192,Zeke Nnaji,Zeke,1610612743,DEN,Denver Nuggets,0022400780,2025-02-12T00:00:00,DEN vs. POR,W,36.95,5.8,8.8,0.667,1.9,3.9,0.5,1.9,3.9,0.5,2.9,1.9,4.9,1.0,0.0,2.9,3.9,1.0,1.9,2.9,15.6,10.7,43.4,0,0,37.0,1,1,13086,1,2019,11972,19077,3281,10414,15803,3944,10811,8040,10625,5532,19828,15134,19753,16469,3344,971,8151,15418,9517,12339,7365,5955,2246,150,8707,1,36:57
2024-25,1631216,Caleb Houstan,Caleb,1610612753,ORL,Orlando Magic,0022400770,2025-02-12T00:00:00,ORL vs. CHA,W,12.0,6.0,9.0,0.667,6.0,9.0,0.667,0.0,0.0,0.0,0.0,3.0,3.0,0.0,0.0,3.0,0.0,0.0,0.0,3.0,18.0,12.0,30.6,0,0,33.0,1,1,13086,1,21228,11500,18708,3281,1297,4827,1957,13505,14344,13505,14058,16717,19729,19908,16469,3139,8263,8846,20257,9236,9827,6794,14348,2246,150,11653,1,12:00
2024-25,1629048,Goga Bitadze,Goga,1610612753,ORL,Orlando Magic,0022400770,2025-02-12T00:00:00,ORL vs. CHA,W,17.733333333333334,0.0,8.1,0.0,0.0,2.0,0.0,2.0,4.1,0.5,8.1,6.1,14.2,4.1,0.0,0.0,8.1,2.0,2.0,2.0,2.0,-18.3,49.5,0,0,36.5,1,1,13086,1,17752,22635,20050,22635,15070,19497,15070,10530,7713,10625,741,8122,2145,9775,16469,12854,138,3128,14967,12928,23153,21008,3404,2246,150,9020,1,17:44
2024-25,1626171,Bobby Portis,Bobby,1610612749,MIL,Milwaukee Bucks,0022400776,2025-02-12T00:00:00,MIL @ MIN,W,22.651666666666667,6.4,15.9,0.4,0.0,1.6,0.0,0.0,0.0,0.0,3.2,6.4,9.5,6.4,3.2,0.0,0.0,3.2,4.8,0.0,12.7,1.6,30.5,0,0,28.6,1,1,13086,1,13990,10548,7278,14933,15070,20179,15070,13505,14344,13505,4982,7581,6012,4919,5880,12854,8263,1167,5141,17725,15373,11835,14419,2246,150,14988,1,22:39
2024-25,203897,Zach LaVine,Zach,1610612758,SAC,Sacramento Kings,0022400777,2025-02-12T00:00:00,SAC @ NOP,W,34.615,5.2,14.6,0.357,2.1,8.3,0.25,11.4,11.4,1.0,1.0,2.1,3.1,7.3,2.1,0.0,0.0,1.0,0.0,7.3,23.9,25.0,36.5,0,0,36.4,1,1,13086,1,3780,13819,9268,17140,9769,5885,11902,413,905,1,12940,19423,19433,3643,10097,12854,8263,7573,20257,1458,4856,2829,10029,2246,150,9100,1,34:37
2024-25,1630245,Ayo Dosunmu,Ayo,1610612741,CHI,Chicago Bulls,0022400775,2025-02-12T00:00:00,CHI vs. DET,L,35.068333333333335,9.2,16.4,0.563,0.0,5.1,0.0,5.1,6.2,0.833,1.0,2.1,3.1,6.2,4.1,2.1,0.0,1.0,4.1,4.1,23.6,-9.2,38.6,0,0,37.0,1,13222,1,13222,3408,4299,6516,7127,15070,12869,15070,3847,4275,7275,13052,19498,19528,5238,3666,6002,8263,7697,6824,6046,5046,17544,8646,2246,150,8752,1,35:04
2024-25,1642267,Bub Carrington,Bub,1610612764,WAS,Washington Wizards,0022400771,2025-02-12T00:00:00,WAS vs. IND,L,44.585,4.8,8.9,0.545,3.2,4.8,0.667,1.6,1.6,1.0,0.8,5.7,6.5,4.0,2.4,1.6,0.8,0.0,4.0,0.8,14.5,0.0,33.2,0,0,33.1,1,13222,1,13222,68,14824,18895,7695,5872,13587,1957,11575,13380,1,14039,9163,11253,9845,8564,7935,8239,8846,7042,17715,13369,12240,12440,2246,150,11565,1,44:35
2024-25,1642276,Kel'el Ware,Kel'el,1610612748,MIA,Miami Heat,0022400778,2025-02-12T00:00:00,MIA @ OKC,L,24.45,2.9,4.4,0.667,0.0,0.0,0.0,4.4,5.9,0.75,2.9,5.9,8.8,0.0,1.5,0.0,2.9,0.0,1.5,2.9,10.3,-19.1,28.3,0,0,25.0,1,13222,1,13222,12529,19544,23847,3281,15070,20945,15070,4961,4618,8186,5466,8566,6966,19908,12889,12854,1761,8846,17335,9439,17853,21286,16021,2246,150,17655,1,24:27
2024-25,1629626,Bol Bol,Bol,1610612756,PHX,Phoenix Suns,0022400779,2025-02-12T00:00:00,PHX @ HOU,L,33.46333333333333,7.5,19.4,0.389,1.1,6.5,0.167,0.0,0.0,0.0,2.2,2.2,4.3,0.0,1.1,1.1,2.2,0.0,2.2,1.1,16.1,-8.6,29.9,0,0,28.0,1,13222,1,13222,4766,7692,3451,16009,14096,9639,14236,13505,14344,13505,7750,19204,16521,19908,15298,11229,3064,8846,14350,17025,11781,17238,14867,2246,150,15444,1,33:28
2024-25,1630188,Jalen Smith,Jalen,1610612741,CHI,Chicago Bulls,0022400775,2025-02-12T00:00:00,CHI vs. DET,L,14.25,7.6,17.7,0.429,2.5,12.6,0.2,10.1,10.1,1.0,5.1,7.6,12.6,0.0,2.5,0.0,2.5,0.0,10.1,5.1,27.8,15.2,48.0,0,0,48.0,1,13222,1,13222,20052,7560,5031,13735,8054,1458,13429,667,1326,1,2320,5357,3041,19908,8127,12854,2325,8846,682,4011,2863,5562,3973,2246,150,3132,1,14:15
2024-25,1641796,Pelle Larsson,Pelle,1610612748,MIA,Miami Heat,0022400778,2025-02-12T00:00:00,MIA @ OKC,L,7.416666666666667,4.9,9.7,0.5,4.9,9.7,0.5,0.0,0.0,0.0,0.0,14.6,14.6,0.0,4.9,0.0,0.0,0.0,0.0,0.0,14.6,-9.7,27.2,0,0,34.0,1,13222,1,13222,23027,14794,17562,8526,2486,3842,3944,13505,14344,13505,14058,648,1973,19908,2515,12854,8263,8846,20257,17725,13335,17762,16828,2246,150,10869,1,7:25
2024-25,1630596,Evan Mobley,Evan,1610612739,CLE,Cleveland Cavaliers,0022400774,2025-02-12T00:00:00,CLE @ TOR,W,27.533333333333335,7.8,14.4,0.545,0.0,1.3,0.0,0.0,2.6,0.0,5.2,14.4,19.6,6.5,2.6,0.0,2.6,2.6,6.5,1.3,15.7,26.2,54.3,1,0,47.1,1,1,13086,1,9922,6972,9562,7695,15070,20485,15070,13505,10941,13505,2169,680,585,4652,7818,12854,2204,1856,2369,15871,12235,2594,2145,1,150,3446,1,27:32
2024-25,1630175,Cole Anthony,Cole,1610612753,ORL,Orlando Magic,0022400770,2025-02-12T00:00:00,ORL vs. CHA,W,22.371666666666666,8.0,17.7,0.455,4.8,9.7,0.5,0.0,0.0,0.0,1.6,8.0,9.7,1.6,1.6,0.0,0.0,0.0,1.6,1.6,20.9,11.3,33.3,0,0,37.0,1,1,13086,1,14220,6539,5017,12676,2520,3907,3944,13505,14344,13505,9884,4638,5867,17621,12297,12854,8263,8846,16836,14597,7145,7117,12340,2246,150,8717,1,22:22
2024-25,1630532,Franz Wagner,Franz,1610612753,ORL,Orlando Magic,0022400770,2025-02-12T00:00:00,ORL vs. CHA,W,31.766666666666666,6.8,12.5,0.545,0.0,2.3,0.0,4.5,5.7,0.8,1.1,6.8,7.9,2.3,4.5,0.0,0.0,1.1,3.4,2.3,18.1,0.0,26.5,0,0,28.3,1,1,13086,1,6187,9420,12790,7695,15070,19052,15070,4777,4945,7681,12235,6705,8402,15357,2948,12854,8263,6763,9083,11870,9697,12240,17280,2246,150,15188,1,31:46
2024-25,1641739,Toumani Camara,Toumani,1610612757,POR,Portland Trail Blazers,0022400780,2025-02-12T00:00:00,POR @ DEN,L,37.93333333333333,3.8,9.5,0.4,0.9,3.8,0.25,3.8,3.8,1.0,0.0,1.9,1.9,1.9,0.9,0.9,2.8,0.0,2.8,2.8,12.3,-11.4,27.9,0,0,24.7,1,13222,1,13222,1416,17575,17966,14933,14796,16002,11902,6088,8259,1,14058,19979,22005,16758,16153,12357,1879,8846,11434,9787,15777,18476,16296,2246,150,17908,1,37:56
2024-25,1642377,Jaylen Wells,Jaylen,1610612763,MEM,Memphis Grizzlies,0022400783,2025-02-12T00:00:00,MEM @ LAC,L,31.048333333333332,8.1,12.8,0.636,3.5,8.1,0.429,1.2,2.3,0.5,0.0,3.5,3.5,1.2,2.3,2.3,0.0,0.0,1.2,3.5,20.9,-24.3,31.4,0,0,33.6,1,13222,1,13222,6850,6375,12290,4689,5196,6257,7394,12722,11719,10625,14058,15294,18598,19149,8986,4961,8263,8846,18765,7717,7185,22652,13728,2246,150,11136,1,31:03
2024-25,1629652,Luguentz Dort,Luguentz,1610612760,OKC,Oklahoma City Thunder,0022400778,2025-02-12T00:00:00,OKC vs. MIA,W,32.11666666666667,7.8,11.2,0.7,2.2,5.6,0.4,1.1,1.1,1.0,0.0,2.2,2.2,1.1,2.2,3.4,1.1,0.0,3.4,2.2,19.1,7.8,34.6,0,0,33.6,1,1,13086,1,5871,6969,15009,3045,9080,11709,7874,12854,14010,1,14058,18945,21334,19292,9342,2452,6661,8846,9208,11976,8793,8710,11342,2246,150,11134,1,32:07
2024-25,201142,Kevin Durant,Kevin,1610612756,PHX,Phoenix Suns,0022400779,2025-02-12T00:00:00,PHX @ HOU,L,42.21666666666667,12.8,18.8,0.682,1.7,4.3,0.4,4.3,4.3,1.0,0.0,4.3,4.3,7.7,6.0,1.7,0.0,0.0,4.3,6.8,31.6,4.3,47.3,0,0,48.6,1,13222,1,13222,239,1114,3964,3269,11384,14988,7874,5233,7285,1,14058,12921,16632,3207,1406,7587,8263,8846,6392,1797,1626,10510,4199,2246,150,2955,1,42:13
2024-25,1630208,Nick Richards,Nick,1610612756,PHX,Phoenix Suns,0022400779,2025-02-12T00:00:00,PHX @ HOU,L,27.766666666666666,6.5,7.8,0.833,0.0,0.0,0.0,1.3,2.6,0.5,5.2,11.7,16.9,0.0,1.3,0.0,2.6,1.3,3.9,2.6,14.3,-5.2,41.0,1,0,36.3,1,13222,1,13222,9742,10226,20558,1514,15070,20945,15070,12311,10989,10625,2210,1537,1159,19908,13809,12854,2226,5668,7475,10667,13650,15690,7188,1,150,9154,1,27:46
2024-25,1630215,Jared Butler,Jared,1610612755,PHI,Philadelphia 76ers,0022400772,2025-02-12T00:00:00,PHI @ BKN,L,24.766666666666666,2.9,13.1,0.222,0.0,5.8,0.0,5.8,7.3,0.8,0.0,2.9,2.9,13.1,5.8,0.0,2.9,2.9,1.5,4.4,11.6,-7.3,37.6,0,0,33.4,1,13222,1,13222,12199,19642,11702,21205,15070,11172,15070,3069,3118,7681,14058,17055,19976,516,1543,12854,1815,1457,17431,5447,16545,16625,9252,2246,150,11293,1,24:46
2024-25,1630581,Josh Giddey,Josh,1610612741,CHI,Chicago Bulls,0022400775,2025-02-12T00:00:00,CHI vs. DET,L,30.666666666666668,4.7,9.4,0.5,3.5,4.7,0.75,7.0,9.4,0.75,0.0,2.3,2.3,3.5,3.5,1.2,2.3,1.2,4.7,3.5,20.0,-34.0,35.1,0,0,36.4,1,13222,1,13222,7151,15253,18128,8526,5103,13963,1542,1981,1664,8186,14058,18632,21106,11333,4969,10403,2648,6455,5292,7604,7956,24311,10993,2246,150,9108,1,30:40
2024-25,1631200,Kris Murray,Kris,1610612757,POR,Portland Trail Blazers,0022400780,2025-02-12T00:00:00,POR @ DEN,L,19.583333333333332,3.7,11.0,0.333,3.7,7.4,0.5,0.0,3.7,0.0,1.8,3.7,5.5,5.5,0.0,3.7,0.0,1.8,1.8,3.7,11.0,12.9,36.9,0,0,33.1,1,13222,1,13222,16344,17899,15314,17395,4742,7716,3944,13505,8532,13505,9094,14711,13499,6398,16469,1995,8263,3773,15997,7192,17158,6450,9731,2246,150,11583,1,19:35
2024-25,1641765,Olivier-Maxence Prosper,Olivier-Maxence,1610612742,DAL,Dallas Mavericks,0022400782,2025-02-12T00:00:00,DAL vs. GSW,W,24.2,4.5,13.4,0.333,0.0,0.0,0.0,0.0,0.0,0.0,1.5,3.0,4.5,8.9,0.0,1.5,0.0,1.5,3.0,0.0,8.9,-1.5,32.1,0,0,25.3,1,1,13086,1,12726,15878,11165,17395,15070,20945,15070,13505,14344,13505,10363,16812,16135,2075,16469,8464,8263,4819,10831,17725,19155,13794,13231,2246,150,17446,1,24:12
2024-25,1631213,Tyrese Martin,Tyrese,1610612751,BKN,Brooklyn Nets,0022400772,2025-02-12T00:00:00,BKN vs. PHI,W,14.633333333333333,2.5,12.3,0.2,2.5,9.8,0.25,0.0,0.0,0.0,2.5,4.9,7.4,2.5,0.0,2.5,0.0,0.0,2.5,0.0,7.4,9.8,27.3,0,0,24.6,1,1,13086,1,19803,20536,13076,21401,8279,3675,11902,13505,14344,13505,6746,11109,9409,14679,16469,4507,8263,8846,12948,17725,20426,7771,16738,2246,150,17946,1,14:38
2024-25,1630174,Aaron Nesmith,Aaron,1610612754,IND,Indiana Pacers,0022400771,2025-02-12T00:00:00,IND @ WAS,W,20.735,5.2,10.4,0.5,3.5,5.2,0.667,0.0,0.0,0.0,0.0,1.7,1.7,1.7,1.7,1.7,1.7,0.0,5.2,0.0,13.9,-24.3,27.3,0,0,27.8,1,1,13086,1,15467,13798,16360,8526,5213,12685,1957,13505,14344,13505,14058,20392,22254,17269,11794,7499,4211,8846,4177,17725,14060,22645,16776,2246,150,15595,1,20:44
2024-25,1628976,Wendell Carter Jr.,Wendell,1610612753,ORL,Orlando Magic,0022400770,2025-02-12T00:00:00,ORL vs. CHA,W,27.683333333333334,5.2,10.4,0.5,0.0,1.3,0.0,3.9,5.2,0.75,2.6,11.7,14.3,0.0,2.6,0.0,0.0,0.0,1.3,3.9,14.3,35.1,28.9,1,0,28.6,1,1,13086,1,9805,13811,16378,8526,15070,20491,15070,5875,5605,8186,6342,1524,2095,19908,7876,12854,8263,8846,18026,6562,13599,1386,15581,1,150,14978,1,27:41
2024-25,1630583,Santi Aldama,Santi,1610612763,MEM,Memphis Grizzlies,0022400783,2025-02-12T00:00:00,MEM @ LAC,L,23.715,7.6,15.2,0.5,6.1,9.1,0.667,0.0,0.0,0.0,3.0,4.6,7.6,10.6,0.0,0.0,1.5,0.0,0.0,1.5,21.3,-4.6,50.9,0,0,48.6,1,13222,1,13222,13145,7545,8291,8526,1254,4654,1957,13505,14344,13505,5256,12117,8991,1155,16469,12854,4787,8846,20257,14928,6879,15350,3027,2246,150,2964,1,23:43
2024-25,202685,Jonas Valančiūnas,Jonas,1610612758,SAC,Sacramento Kings,0022400777,2025-02-12T00:00:00,SAC @ NOP,W,14.601666666666667,4.9,7.4,0.667,0.0,0.0,0.0,2.5,4.9,0.5,4.9,4.9,9.9,0.0,2.5,2.5,4.9,0.0,4.9,4.9,12.3,-12.3,43.9,0,0,37.0,1,1,13086,1,19825,14607,21086,3281,15070,20945,15070,9155,6066,10625,2436,11084,5590,19908,8387,4494,536,8846,4774,4239,15793,18872,5728,2246,150,8733,1,14:36
2024-25,203458,Alex Len,Alex,1610612747,LAL,Los Angeles Lakers,0022400781,2025-02-12T00:00:00,LAL @ UTA,L,21.866666666666667,3.3,8.2,0.4,0.0,0.0,0.0,0.0,0.0,0.0,3.3,8.2,11.5,3.3,0.0,0.0,1.6,1.6,4.9,0.0,6.6,-14.8,30.3,0,0,24.7,1,13222,1,13222,14601,18771,19897,14933,15070,20945,15070,13505,14344,13505,4760,4376,3923,12009,16469,12854,4437,4311,4749,17725,21000,19834,14584,2246,150,17894,1,21:52
2024-25,1628991,Jaren Jackson Jr.,Jaren,1610612763,MEM,Memphis Grizzlies,0022400783,2025-02-12T00:00:00,MEM @ LAC,L,27.116666666666667,6.6,15.9,0.417,0.0,2.7,0.0,4.0,6.6,0.6,1.3,6.6,8.0,2.7,6.6,0.0,2.7,0.0,6.6,4.0,17.3,-23.9,32.1,0,0,33.2,1,13222,1,13222,10256,9850,7216,14532,15070,18340,15070,5723,3721,10343,11063,7022,8333,14029,1060,12854,2145,8846,2283,6354,10569,22544,13236,2246,150,11508,1,27:07
2024-25,1630692,Jordan Goodwin,Jordan,1610612747,LAL,Los Angeles Lakers,0022400781,2025-02-12T00:00:00,LAL @ UTA,L,17.333333333333332,2.1,8.3,0.25,2.1,6.2,0.333,0.0,0.0,0.0,2.1,6.2,8.3,4.2,0.0,2.1,0.0,2.1,6.2,0.0,6.2,-6.2,28.7,0,0,24.9,1,13222,1,13222,18048,21275,19782,20233,9779,10129,9209,13505,14344,13505,8047,7829,7753,9512,16469,5884,8263,2978,2677,17725,21228,16176,15751,2246,150,17739,1,17:20
2024-25,1631101,Shaedon Sharpe,Shaedon,1610612757,POR,Portland Trail Blazers,0022400780,2025-02-12T00:00:00,POR @ DEN,L,30.283333333333335,5.9,17.8,0.333,1.2,7.1,0.167,3.6,4.8,0.75,1.2,3.6,4.8,8.3,1.2,1.2,0.0,0.0,1.2,2.4,16.6,-8.3,37.2,0,0,33.3,1,13222,1,13222,7510,11672,4877,17395,13432,8185,14236,6561,6384,8186,11872,15034,15426,2589,14529,10274,8263,8846,18599,11440,11231,17104,9528,2246,150,11416,1,30:17
2024-25,1630545,Terrence Shannon Jr.,Terrence,1610612750,MIN,Minnesota Timberwolves,0022400776,2025-02-12T00:00:00,MIN vs. MIL,L,20.316666666666666,7.1,12.4,0.571,1.8,5.3,0.333,3.5,3.5,1.0,1.8,7.1,8.9,10.6,1.8,1.8,1.8,0.0,1.8,3.5,19.5,0.0,54.9,0,0,47.8,1,13222,1,13222,15769,8729,12888,6538,11179,12422,9209,6612,8798,1,9344,6203,6938,1150,11660,7364,4119,8846,16297,7548,8381,12240,2000,2246,150,3206,1,20:19
2024-25,1631107,Nikola Jović,Nikola,1610612748,MIA,Miami Heat,0022400778,2025-02-12T00:00:00,MIA @ OKC,L,28.683333333333334,5.0,15.1,0.333,2.5,10.0,0.25,1.3,2.5,0.5,0.0,3.8,3.8,5.0,2.5,0.0,0.0,0.0,6.3,2.5,13.8,3.8,23.3,0,0,25.1,1,13222,1,13222,8938,14322,8500,17395,8114,3442,11902,12436,11183,10625,14058,14429,17906,7417,8203,12854,8263,8846,2628,10957,14147,10772,19346,2246,150,17606,1,28:41
2024-25,1628392,Isaiah Hartenstein,Isaiah,1610612760,OKC,Oklahoma City Thunder,0022400778,2025-02-12T00:00:00,OKC vs. MIA,W,29.726666666666667,4.8,8.5,0.571,0.0,0.0,0.0,0.0,0.0,0.0,6.1,3.6,9.7,1.2,3.6,2.4,1.2,0.0,3.6,0.0,9.7,-3.6,30.4,0,0,27.9,1,1,13086,1,8022,14825,19527,6538,15070,20945,15070,13505,14344,13505,1587,14845,5812,18986,4706,4627,6109,8846,8319,17725,18449,14863,14499,2246,150,15537,1,29:44
2024-25,1629026,Kenrich Williams,Kenrich,1610612760,OKC,Oklahoma City Thunder,0022400778,2025-02-12T00:00:00,OKC vs. MIA,W,20.343333333333334,8.8,14.2,0.625,5.3,8.8,0.6,1.8,1.8,1.0,0.0,7.1,7.1,0.0,0.0,0.0,0.0,1.8,0.0,7.1,24.8,24.8,33.3,0,0,37.2,1,1,13086,1,15756,4972,9914,4899,1941,5027,2992,11297,13224,1,14058,6217,10001,19908,16469,12854,8263,3980,20257,1600,4325,2868,12375,2246,150,8606,1,20:21
2024-25,1628379,Luke Kennard,Luke,1610612763,MEM,Memphis Grizzlies,0022400783,2025-02-12T00:00:00,MEM @ LAC,L,31.383333333333333,5.7,11.5,0.5,2.3,3.4,0.667,0.0,0.0,0.0,1.1,1.1,2.3,2.3,3.4,2.3,0.0,0.0,3.4,0.0,13.8,-20.6,23.4,0,0,25.2,1,13222,1,13222,6521,12310,14520,8526,8876,16787,1957,13505,14344,13505,12133,21639,21211,15256,5150,5063,8263,8846,8931,17725,14207,21740,19315,2246,150,17484,1,31:23
2024-25,1631132,Christian Koloko,Christian,1610612747,LAL,Los Angeles Lakers,0022400781,2025-02-12T00:00:00,LAL @ UTA,L,8.716666666666667,4.1,4.1,1.0,0.0,0.0,0.0,8.3,8.3,1.0,8.3,8.3,16.5,0.0,0.0,0.0,0.0,0.0,0.0,4.1,16.5,-8.3,36.3,0,0,33.0,1,13222,1,13222,22558,16772,24033,1,15070,20945,15070,1293,2343,1,710,4337,1260,19908,16469,12854,8263,8846,20257,5982,11374,17078,10124,2246,150,11625,1,8:43
2024-25,1630202,Payton Pritchard,Payton,1610612738,BOS,Boston Celtics,0022400769,2025-02-12T00:00:00,BOS vs. SAS,W,31.4,4.6,13.8,0.333,2.3,11.5,0.2,0.0,0.0,0.0,4.6,3.4,8.0,3.4,1.1,0.0,0.0,0.0,3.4,0.0,11.5,13.8,25.1,0,0,25.2,1,1,13086,1,6506,15534,10554,17395,8878,2129,13429,13505,14344,13505,2819,15409,8224,11580,14819,12854,8263,8846,8934,17725,16718,6097,18209,2246,150,17493,1,31:24
2024-25,1630573,Sam Hauser,Sam,1610612738,BOS,Boston Celtics,0022400769,2025-02-12T00:00:00,BOS vs. SAS,W,29.066666666666666,5.0,11.1,0.444,2.5,8.7,0.286,2.5,2.5,1.0,1.2,7.4,8.7,0.0,0.0,1.2,0.0,0.0,2.5,1.2,14.9,11.1,29.0,0,0,28.5,1,1,13086,1,8620,14524,15110,13045,8228,5313,11433,9114,11263,1,11549,5619,7204,19908,16469,9880,8263,8846,12885,16189,13051,7164,15501,2246,150,15077,1,29:04
2024-25,1629029,Luka Dončić,Luka,1610612747,LAL,Los Angeles Lakers,0022400781,2025-02-12T00:00:00,LAL @ UTA,L,23.1,9.4,20.3,0.462,4.7,12.5,0.375,1.6,7.8,0.2,1.6,4.7,6.2,6.2,7.8,1.6,1.6,3.1,7.8,4.7,24.9,-29.6,43.3,0,0,48.3,1,13222,1,13222,13631,4119,2795,12428,2770,1542,8800,11674,2673,13489,10086,11780,11747,5104,633,8160,4679,1221,1463,4768,4247,23674,5972,2246,150,3042,1,23:06
2024-25,1630556,Kessler Edwards,Kessler,1610612742,DAL,Dallas Mavericks,0022400782,2025-02-12T00:00:00,DAL vs. GSW,W,32.79666666666667,2.2,5.5,0.4,0.0,2.2,0.0,0.0,0.0,0.0,3.3,3.3,6.6,6.6,2.2,2.2,3.3,0.0,2.2,0.0,4.4,15.4,36.4,0,0,28.5,1,1,13086,1,5336,21049,23101,14933,15070,19176,15070,13505,14344,13505,4758,15813,10984,4582,9526,5409,1402,8846,14119,17725,22351,5482,10064,2246,150,15036,1,32:48
2024-25,203471,Dennis Schröder,Dennis,1610612765,DET,Detroit Pistons,0022400775,2025-02-12T00:00:00,DET @ CHI,W,19.266666666666666,5.6,16.8,0.333,3.7,9.3,0.4,0.0,0.0,0.0,0.0,3.7,3.7,7.5,1.9,1.9,0.0,0.0,3.7,1.9,14.9,-9.3,34.4,0,0,33.6,1,1,13086,1,16614,12689,6016,17395,4604,4319,7874,13505,14344,13505,14058,14504,17968,3432,11233,6926,8263,8846,7946,13648,12955,17604,11528,2246,150,11128,1,19:16
2024-25,1628401,Derrick White,Derrick,1610612738,BOS,Boston Celtics,0022400769,2025-02-12T00:00:00,BOS vs. SAS,W,39.37,6.4,14.6,0.438,2.7,10.1,0.273,1.8,1.8,1.0,0.9,5.5,6.4,8.2,5.5,0.9,0.0,0.0,0.9,1.8,17.4,10.1,34.7,0,0,36.6,1,1,13086,1,760,10445,9161,13558,7409,3427,11838,11174,13153,1,13845,9566,11399,2672,1822,12597,8263,8846,20104,13815,10449,7672,11327,2246,150,8998,1,39:22
2024-25,1631157,Ryan Rollins,Ryan,1610612749,MIL,Milwaukee Bucks,0022400776,2025-02-12T00:00:00,MIL @ MIN,W,26.433333333333334,2.7,16.3,0.167,0.0,5.4,0.0,0.0,0.0,0.0,2.7,4.1,6.8,4.1,1.4,1.4,0.0,1.4,0.0,1.4,5.4,19.1,22.5,0,0,19.1,1,1,13086,1,10788,20037,6623,21938,15070,12086,15070,13505,14344,13505,6041,13461,10509,9691,13500,9129,8263,5348,20257,15612,21766,4241,19896,2246,150,21366,1,26:26
2024-25,203967,Dario Šarić,Dario,1610612743,DEN,Denver Nuggets,0022400780,2025-02-12T00:00:00,DEN vs. POR,W,7.616666666666666,0.0,0.0,0.0,0.0,0.0,0.0,0.0,0.0,0.0,4.7,4.7,9.5,0.0,0.0,0.0,0.0,0.0,0.0,4.7,0.0,33.1,11.3,0,0,9.5,1,1,13086,1,22943,22635,24836,22635,15070,20945,15070,13505,14344,13505,2638,11623,6109,19908,16469,12854,8263,8846,20257,4664,23200,1616,24168,2246,150,24539,1,7:37
2024-25,1630540,Miles McBride,Miles,1610612752,NYK,New York Knicks,0022400773,2025-02-12T00:00:00,NYK vs. ATL,W,8.18,0.0,4.4,0.0,0.0,0.0,0.0,0.0,0.0,0.0,0.0,0.0,0.0,4.4,0.0,0.0,0.0,0.0,4.4,0.0,0.0,4.4,6.6,0,0,4.4,1,1,13086,1,22750,22635,23856,22635,15070,20945,15070,13505,14344,13505,14058,22137,23286,8879,16469,12854,8263,8846,6017,17725,23200,10428,24855,2246,150,25161,1,8:11
2024-25,1642346,Ryan Dunn,Ryan,1610612756,PHX,Phoenix Suns,0022400779,2025-02-12T00:00:00,PHX @ HOU,L,9.903333333333334,0.0,7.3,0.0,0.0,7.3,0.0,0.0,0.0,0.0,0.0,7.3,7.3,0.0,3.6,0.0,0.0,0.0,0.0,0.0,0.0,0.0,5.1,0,0,7.3,1,13222,1,13222,22136,22635,21250,22635,15070,7896,15070,13505,14344,13505,14058,5874,9627,19908,4703,12854,8263,8846,20257,17725,23200,12240,25001,2246,150,24869,1,9:54
2024-25,1641722,Jordan Hawkins,Jordan,1610612740,NOP,New Orleans Pelicans,0022400777,2025-02-12T00:00:00,NOP vs. SAC,L,13.85,2.6,10.4,0.25,2.6,10.4,0.25,5.2,5.2,1.0,0.0,0.0,0.0,2.6,0.0,0.0,0.0,0.0,0.0,2.6,13.0,-2.6,16.9,0,0,18.2,1,13222,1,13222,20270,20279,16392,20233,7829,3065,11902,3771,5613,1,14058,22137,23286,14218,16469,12854,8263,8846,20257,10647,15094,14355,22529,2246,150,21776,1,13:51
2024-25,1641740,Jaylen Clark,Jaylen,1610612750,MIN,Minnesota Timberwolves,0022400776,2025-02-12T00:00:00,MIN vs. MIL,L,13.723333333333333,0.0,15.7,0.0,0.0,5.2,0.0,0.0,0.0,0.0,5.2,0.0,5.2,0.0,0.0,0.0,0.0,0.0,2.6,0.0,0.0,-7.9,6.3,0,0,5.2,1,13222,1,13222,20350,22635,7488,22635,15070,12602,15070,13505,14344,13505,2147,22137,14169,19908,16469,12854,8263,8846,12350,17725,23200,16912,24888,2246,150,25082,1,13:43
2024-25,1641712,Rayan Rupert,Rayan,1610612757,POR,Portland Trail Blazers,0022400780,2025-02-12T00:00:00,POR @ DEN,L,5.366666666666666,0.0,0.0,0.0,0.0,0.0,0.0,0.0,0.0,0.0,0.0,0.0,0.0,0.0,0.0,0.0,0.0,0.0,6.7,0.0,0.0,13.4,0.0,0,0,0.0,1,13222,1,13222,23832,22635,24836,22635,15070,20945,15070,13505,14344,13505,14058,22137,23286,19908,16469,12854,8263,8846,2207,17725,23200,6225,25228,2246,150,25259,1,5:22
2024-25,1642266,Ja'Kobe Walter,Ja'Kobe,1610612761,TOR,Toronto Raptors,0022400774,2025-02-12T00:00:00,TOR vs. CLE,L,21.766666666666666,5.0,6.6,0.75,0.0,0.0,0.0,0.0,0.0,0.0,1.7,5.0,6.6,3.3,3.3,1.7,0.0,1.7,3.3,0.0,9.9,5.0,24.5,0,0,23.2,1,13222,1,13222,14698,14507,21998,2107,15070,20945,15070,13505,14344,13505,9733,10995,10913,11949,5482,7790,8263,4275,9425,17725,18235,10136,18629,2246,150,18888,1,21:46
2024-25,1627741,Buddy Hield,Buddy,1610612744,GSW,Golden State Warriors,0022400782,2025-02-12T00:00:00,GSW @ DAL,L,28.866666666666667,1.2,11.2,0.111,1.2,7.5,0.167,0.0,0.0,0.0,0.0,3.7,3.7,0.0,0.0,0.0,0.0,0.0,2.5,0.0,3.7,-26.2,8.2,0,0,8.7,1,13222,1,13222,8793,22454,14987,22520,13112,7442,14236,13505,14344,13505,14058,14492,17956,19908,16469,12854,8263,8846,12818,17725,22671,23070,24669,2246,150,24648,1,28:52
2024-25,1631248,Baylor Scheierman,Baylor,1610612738,BOS,Boston Celtics,0022400769,2025-02-12T00:00:00,BOS vs. SAS,W,4.828333333333333,0.0,0.0,0.0,0.0,0.0,0.0,0.0,0.0,0.0,0.0,7.5,7.5,0.0,0.0,0.0,0.0,0.0,0.0,0.0,0.0,7.5,8.9,0,0,7.5,1,1,13086,1,24079,22635,24836,22635,15070,20945,15070,13505,14344,13505,14058,5573,9258,19908,16469,12854,8263,8846,20257,17725,23200,8905,24574,2246,150,24843,1,4:50
2024-25,1629610,DaQuan Jeffries,DaQuan,1610612766,CHA,Charlotte Hornets,0022400770,2025-02-12T00:00:00,CHA @ ORL,L,26.45,0.0,5.4,0.0,0.0,4.1,0.0,0.0,0.0,0.0,0.0,2.7,2.7,0.0,1.4,0.0,1.4,1.4,2.7,0.0,0.0,-29.9,6.0,0,0,5.4,1,13222,1,13222,10776,22635,23126,22635,15070,15387,15070,13505,14344,13505,14058,17627,20399,19908,13504,12854,5403,5352,11943,17725,23200,23727,24920,2246,150,25057,1,26:27
2024-25,203468,CJ McCollum,CJ,1610612740,NOP,New Orleans Pelicans,0022400777,2025-02-12T00:00:00,NOP vs. SAC,L,30.633333333333333,8.2,20.0,0.412,0.0,5.9,0.0,0.0,0.0,0.0,1.2,2.4,3.5,3.5,2.4,0.0,0.0,1.2,3.5,1.2,16.5,-27.0,23.6,0,0,23.5,1,13222,1,13222,7181,6161,2989,14791,15070,11006,15070,13505,14344,13505,11961,18624,18498,11323,8862,12854,8263,6441,8685,16529,11441,23245,19188,2246,150,18671,1,30:38
2024-25,1641842,Ronald Holland II,Ronald,1610612765,DET,Detroit Pistons,0022400775,2025-02-12T00:00:00,DET @ CHI,W,13.2,0.0,8.2,0.0,0.0,2.7,0.0,0.0,0.0,0.0,0.0,2.7,2.7,2.7,2.7,0.0,0.0,0.0,10.9,0.0,0.0,-2.7,4.6,0,0,5.5,1,1,13086,1,20652,22635,19967,22635,15070,18207,15070,13505,14344,13505,14058,17616,20395,13828,7446,12854,8263,8846,551,17725,23200,14419,25033,2246,150,25056,1,13:12
2024-25,1641763,Julian Phillips,Julian,1610612741,CHI,Chicago Bulls,0022400775,2025-02-12T00:00:00,CHI vs. DET,L,10.2,0.0,0.0,0.0,0.0,0.0,0.0,0.0,0.0,0.0,0.0,3.5,3.5,0.0,0.0,3.5,3.5,0.0,7.1,0.0,0.0,7.1,25.4,0,0,17.6,1,13222,1,13222,22028,22635,24836,22635,15070,20945,15070,13505,14344,13505,14058,15141,18486,19908,16469,2206,1204,8846,1935,17725,23200,9108,17984,2246,150,22008,1,10:12
2024-25,1642265,Rob Dillingham,Rob,1610612750,MIN,Minnesota Timberwolves,0022400776,2025-02-12T00:00:00,MIN vs. MIL,L,12.75,2.8,14.1,0.2,0.0,5.6,0.0,0.0,2.8,0.0,0.0,2.8,2.8,0.0,2.8,0.0,0.0,0.0,0.0,2.8,5.6,-16.9,6.2,0,0,8.5,1,13222,1,13222,20863,19830,9976,21401,15070,11585,15070,13505,10421,13505,14058,17319,20185,19908,7130,12854,8263,8846,20257,9878,21631,20597,24896,2246,150,24689,1,12:45
2024-25,203914,Gary Harris,Gary,1610612753,ORL,Orlando Magic,0022400770,2025-02-12T00:00:00,ORL vs. CHA,W,12.4,0.0,0.0,0.0,0.0,0.0,0.0,0.0,0.0,0.0,0.0,0.0,0.0,0.0,0.0,0.0,2.9,0.0,2.9,0.0,0.0,46.5,8.7,0,0,5.8,1,1,13086,1,21047,22635,24836,22635,15070,20945,15070,13505,14344,13505,14058,22137,23286,19908,16469,12854,1820,8846,11175,17725,23200,655,24613,2246,150,25025,1,12:24
2024-25,1627884,Derrick Jones Jr.,Derrick,1610612746,LAC,LA Clippers,0022400783,2025-02-12T00:00:00,LAC vs. MEM,W,21.383333333333333,6.7,11.8,0.571,1.7,3.4,0.5,0.0,0.0,0.0,3.4,0.0,3.4,0.0,0.0,1.7,0.0,0.0,6.7,1.7,15.2,-5.1,24.2,0,0,23.6,1,1,13086,1,15006,9609,13964,6538,11452,16933,3944,13505,14344,13505,4604,22137,18835,19908,16469,7670,8263,8846,2187,14326,12757,15617,18776,2246,150,18633,1,21:23
2024-25,1630243,Trevelin Queen,Trevelin,1610612753,ORL,Orlando Magic,0022400770,2025-02-12T00:00:00,ORL vs. CHA,W,10.15,0.0,14.2,0.0,0.0,10.6,0.0,7.1,7.1,1.0,0.0,7.1,7.1,3.5,0.0,0.0,0.0,3.5,0.0,3.5,7.1,21.3,20.9,0,0,17.7,1,1,13086,1,22055,22635,9859,22635,15070,2836,15070,1947,3280,1,14058,6188,9967,11258,16469,12854,8263,879,20257,7538,20641,3626,20724,2246,150,21974,1,10:09
2024-25,1631115,Orlando Robinson,Orlando,1610612761,TOR,Toronto Raptors,0022400774,2025-02-12T00:00:00,TOR vs. CLE,L,18.333333333333332,5.9,11.8,0.5,0.0,2.0,0.0,0.0,0.0,0.0,3.9,3.9,7.9,3.9,2.0,0.0,0.0,0.0,2.0,0.0,11.8,-7.9,25.1,0,0,23.6,1,13222,1,13222,17330,11827,13973,8526,15070,19622,15070,13505,14344,13505,3688,13943,8533,10144,10699,12854,8263,8846,15337,17725,16365,16904,18189,2246,150,18635,1,18:20
2024-25,1628470,Torrey Craig,Torrey,1610612738,BOS,Boston Celtics,0022400769,2025-02-12T00:00:00,BOS vs. SAS,W,8.85,8.1,8.1,1.0,8.1,8.1,1.0,0.0,0.0,0.0,0.0,0.0,0.0,4.1,0.0,0.0,4.1,0.0,0.0,0.0,24.4,8.1,42.7,0,0,44.7,1,1,13086,1,22511,6335,20038,1,427,6205,1,13505,14344,13505,14058,22137,23286,9751,16469,12854,881,8846,20257,17725,4544,8562,6266,2246,150,4374,1,8:51
2024-25,1626181,Norman Powell,Norman,1610612746,LAC,LA Clippers,0022400783,2025-02-12T00:00:00,LAC vs. MEM,W,33.21666666666667,7.6,15.2,0.5,1.1,5.4,0.2,3.3,4.3,0.75,1.1,4.3,5.4,2.2,2.2,2.2,0.0,0.0,2.2,3.3,19.5,22.8,33.6,0,0,32.5,1,1,13086,1,4978,7550,8304,8526,14047,12168,13429,7203,7135,8186,12600,12697,13759,15739,9649,5519,8263,8846,14258,8401,8366,3304,12110,2246,150,11985,1,33:13
2024-25,1629645,Kevin Porter Jr.,Kevin,1610612749,MIL,Milwaukee Bucks,0022400776,2025-02-12T00:00:00,MIL @ MIN,W,21.566666666666666,6.7,15.0,0.444,1.7,3.3,0.5,3.3,3.3,1.0,0.0,13.4,13.4,8.3,1.7,1.7,0.0,1.7,3.3,1.7,18.4,-20.0,50.2,0,0,45.1,1,1,13086,1,14874,9742,8572,13045,11488,16984,3944,7027,9213,1,14058,909,2574,2560,12049,7725,8263,4225,9295,14367,9454,21560,3198,2246,150,4237,1,21:34
2024-25,1631117,Walker Kessler,Walker,1610612762,UTA,Utah Jazz,0022400781,2025-02-12T00:00:00,UTA vs. LAL,W,32.98833333333334,8.7,8.7,1.0,0.0,0.0,0.0,0.0,0.0,0.0,2.2,6.5,8.7,1.1,1.1,2.2,6.5,0.0,2.2,0.0,17.5,25.1,54.7,0,0,44.7,1,1,13086,1,5155,5220,19138,1,15070,20945,15070,13505,14344,13505,7643,7209,7128,19379,15191,5470,240,8846,14181,17725,10367,2792,2057,2246,150,4378,1,32:59
2024-25,1641744,Zach Edey,Zach,1610612763,MEM,Memphis Grizzlies,0022400783,2025-02-12T00:00:00,MEM @ LAC,L,20.066666666666666,3.6,7.2,0.5,0.0,0.0,0.0,0.0,0.0,0.0,1.8,7.2,9.0,0.0,0.0,0.0,0.0,1.8,1.8,3.6,7.2,-43.1,17.9,0,0,16.1,1,13222,1,13222,15970,18107,21347,8526,15070,20945,15070,13505,14344,13505,9258,6042,6792,19908,16469,12854,8263,3915,16210,7426,20575,25059,22122,2246,150,22655,1,20:04
2024-25,1627747,Caris LeVert,Caris,1610612737,ATL,Atlanta Hawks,0022400773,2025-02-12T00:00:00,ATL @ NYK,L,35.28333333333333,8.2,13.3,0.615,2.0,4.1,0.5,2.0,4.1,0.5,5.1,5.1,10.2,7.1,1.0,0.0,3.1,0.0,4.1,2.0,20.4,10.2,51.5,1,0,45.9,1,13222,1,13222,3254,6279,11367,5246,9959,15394,3944,10489,7667,10625,2286,10566,5229,3832,15706,12854,1617,8846,6894,12874,7576,7599,2832,1,150,3848,1,35:17
2024-25,1630578,Alperen Sengun,Alperen,1610612745,HOU,Houston Rockets,0022400779,2025-02-12T00:00:00,HOU vs. PHX,W,38.43333333333333,6.6,11.2,0.583,0.0,1.9,0.0,2.8,5.6,0.5,1.9,10.3,12.2,4.7,1.9,1.9,0.9,0.0,2.8,4.7,15.9,12.2,44.1,1,0,38.4,1,1,13086,1,1144,10045,14956,6296,15070,19786,15070,8324,5020,10625,8932,2350,3362,8221,11193,6900,7913,8846,11599,4751,12002,6722,5611,1,150,7764,1,38:26
2024-25,1630162,Anthony Edwards,Anthony,1610612750,MIN,Minnesota Timberwolves,0022400776,2025-02-12T00:00:00,MIN vs. MIL,L,37.016666666666666,9.7,32.1,0.303,3.9,16.5,0.235,3.9,4.9,0.8,0.0,6.8,6.8,3.9,1.9,1.9,0.0,0.0,0.0,3.9,27.2,0.0,45.1,0,0,45.7,1,13222,1,13222,1975,3575,197,19362,4216,454,13275,5896,6174,7681,14058,6695,10512,10261,10820,6536,8263,8846,20257,6597,3095,12240,5118,2246,150,3930,1,37:01
2024-25,203992,Bogdan Bogdanović,Bogdan,1610612746,LAC,LA Clippers,0022400783,2025-02-12T00:00:00,LAC vs. MEM,W,18.283333333333335,5.9,7.9,0.75,2.0,3.9,0.5,0.0,0.0,0.0,2.0,2.0,3.9,2.0,3.9,2.0,0.0,0.0,2.0,2.0,13.8,-19.7,23.4,0,0,25.6,1,1,13086,1,17380,11787,20441,2107,10301,15696,3944,13505,14344,13505,8525,19758,17474,16478,4000,6393,8263,8846,15306,13217,14189,21467,19295,2246,150,17211,1,18:17
2024-25,1630182,Josh Green,Josh,1610612766,CHA,Charlotte Hornets,0022400770,2025-02-12T00:00:00,CHA @ ORL,L,28.633333333333333,8.8,15.1,0.583,2.5,6.3,0.4,0.0,0.0,0.0,0.0,0.0,0.0,1.3,1.3,1.3,0.0,1.3,1.3,1.3,20.1,-10.1,24.5,0,0,26.4,1,13222,1,13222,8997,5078,8450,6296,8094,10009,7874,13505,14344,13505,14058,22137,23286,18808,14050,9738,8263,5888,18232,16095,7826,17911,18599,2246,150,16619,1,28:38
2024-25,1626172,Kevon Looney,Kevon,1610612744,GSW,Golden State Warriors,0022400782,2025-02-12T00:00:00,GSW @ DAL,L,15.033333333333333,2.4,7.2,0.333,0.0,0.0,0.0,4.8,4.8,1.0,7.2,12.0,19.2,4.8,0.0,0.0,2.4,0.0,0.0,7.2,9.6,28.7,46.9,0,0,38.3,1,13222,1,13222,19532,20676,21336,17395,15070,20945,15070,4359,6319,1,1070,1374,657,7944,16469,12854,2565,8846,20257,1520,18560,2142,4338,2246,150,7815,1,15:02
2024-25,1627752,Taurean Prince,Taurean,1610612749,MIL,Milwaukee Bucks,0022400776,2025-02-12T00:00:00,MIL @ MIN,W,35.64833333333333,4.0,9.1,0.444,3.0,5.0,0.6,0.0,0.0,0.0,0.0,4.0,4.0,2.0,3.0,3.0,0.0,1.0,1.0,1.0,11.1,-5.0,25.0,0,0,26.3,1,1,13086,1,2955,16995,18579,13045,6402,13076,2992,13505,14344,13505,14058,13599,17216,16300,6356,3086,8263,7830,19650,17359,17076,15615,18256,2246,150,16748,1,35:39
2024-25,1629599,Amir Coffey,Amir,1610612746,LAC,LA Clippers,0022400783,2025-02-12T00:00:00,LAC vs. MEM,W,18.3,7.9,17.7,0.444,0.0,3.9,0.0,13.8,13.8,1.0,3.9,2.0,5.9,2.0,0.0,0.0,0.0,3.9,3.9,7.9,29.5,-2.0,39.5,0,0,37.4,1,1,13086,1,17361,6914,4999,13045,15070,15703,15070,217,484,1,3678,19762,12522,16486,16469,12854,8263,670,7330,1085,2263,14023,8049,2246,150,8448,1,18:18
2024-25,1630217,Desmond Bane,Desmond,1610612763,MEM,Memphis Grizzlies,0022400783,2025-02-12T00:00:00,MEM @ LAC,L,36.70666666666666,7.8,16.7,0.471,5.9,10.8,0.545,1.0,2.0,0.5,1.0,4.9,5.9,3.9,4.9,0.0,0.0,1.0,2.9,2.0,22.6,-9.8,30.6,0,0,38.2,1,13222,1,13222,2192,6971,6214,12143,1391,2687,3863,13293,12833,10625,13418,11150,12556,10155,2463,12854,8263,8092,10971,13269,5819,17797,14350,2246,150,7866,1,36:42
2024-25,1642348,Justin Edwards,Justin,1610612755,PHI,Philadelphia 76ers,0022400772,2025-02-12T00:00:00,PHI @ BKN,L,31.096666666666668,6.9,15.0,0.462,1.2,5.8,0.2,0.0,0.0,0.0,2.3,3.5,5.8,3.5,0.0,3.5,0.0,3.5,3.5,0.0,15.0,1.2,37.6,0,0,32.4,1,13222,1,13222,6804,9054,8525,12428,13606,11230,13429,13505,14344,13505,7196,15312,12787,11479,16469,2273,8263,938,8826,17725,12863,12042,9271,2246,150,12050,1,31:06
2024-25,1631260,AJ Green,AJ,1610612749,MIL,Milwaukee Bucks,0022400776,2025-02-12T00:00:00,MIL @ MIN,W,19.483333333333334,5.5,14.8,0.375,5.5,12.9,0.429,0.0,0.0,0.0,0.0,1.8,1.8,1.8,0.0,0.0,0.0,0.0,5.5,1.8,16.6,-11.1,21.6,0,0,25.9,1,1,13086,1,16431,12875,8937,16299,1702,1340,7394,13505,14344,13505,14058,20115,22088,16938,16469,12854,8263,8846,3639,13743,11242,18358,20354,2246,150,17029,1,19:29
2024-25,1630541,Moses Moody,Moses,1610612744,GSW,Golden State Warriors,0022400782,2025-02-12T00:00:00,GSW @ DAL,L,27.476666666666667,6.6,17.0,0.385,2.6,10.5,0.25,2.6,3.9,0.667,2.6,3.9,6.6,0.0,0.0,0.0,2.6,0.0,5.2,1.3,18.3,10.5,34.1,0,0,32.8,1,13222,1,13222,9967,10056,5766,16070,7763,2997,11902,8755,7989,9425,6295,13936,11064,19908,16469,12854,2196,8846,4125,15857,9475,7475,11750,2246,150,11836,1,27:29
2024-25,1629638,Nickeil Alexander-Walker,Nickeil,1610612750,MIN,Minnesota Timberwolves,0022400776,2025-02-12T00:00:00,MIN vs. MIL,L,33.16,2.2,6.5,0.333,1.1,5.4,0.2,0.0,0.0,0.0,1.1,4.3,5.4,5.4,2.2,0.0,0.0,0.0,1.1,1.1,5.4,-2.2,17.9,0,0,17.4,1,13222,1,13222,5025,21094,22095,17395,14032,12143,13429,13505,14344,13505,12588,12677,13735,6576,9631,12854,8263,8846,19182,16973,21778,14140,22133,2246,150,22141,1,33:10
2024-25,1641729,Brice Sensabaugh,Brice,1610612762,UTA,Utah Jazz,0022400781,2025-02-12T00:00:00,UTA vs. LAL,W,10.356666666666667,0.0,10.4,0.0,0.0,7.0,0.0,7.0,7.0,1.0,3.5,0.0,3.5,0.0,0.0,3.5,0.0,0.0,7.0,3.5,7.0,7.0,21.6,0,0,17.4,1,1,13086,1,21982,22635,16344,22635,15070,8565,15070,2039,3413,1,4410,22137,18607,19908,16469,2271,8263,8846,2017,7728,20759,9161,20382,2246,150,22136,1,10:21
2024-25,202695,Kawhi Leonard,Kawhi,1610612746,LAC,LA Clippers,0022400783,2025-02-12T00:00:00,LAC vs. MEM,W,33.78333333333333,9.6,20.2,0.474,2.1,6.4,0.333,5.3,5.3,1.0,1.1,4.3,5.3,4.3,2.1,3.2,0.0,0.0,1.1,4.3,26.6,26.6,46.9,0,0,44.8,1,1,13086,1,4448,3743,2801,12072,9551,9772,9209,3619,5422,1,12750,12929,13978,9222,9838,2749,8263,8846,19310,5695,3369,2495,4354,2246,150,4369,1,33:47
2024-25,1641787,Tosan Evbuomwan,Tosan,1610612751,BKN,Brooklyn Nets,0022400772,2025-02-12T00:00:00,BKN vs. PHI,W,16.566666666666666,2.2,13.0,0.167,0.0,4.3,0.0,0.0,0.0,0.0,4.3,0.0,4.3,4.3,0.0,2.2,0.0,4.3,2.2,4.3,4.3,10.9,22.6,0,0,17.4,1,1,13086,1,18554,21086,11788,21938,15070,14801,15070,13505,14344,13505,3107,22137,16415,9016,16469,5497,8263,530,14229,5475,22373,7292,19814,2246,150,22135,1,16:34
2024-25,1630193,Immanuel Quickley,Immanuel,1610612761,TOR,Toronto Raptors,0022400774,2025-02-12T00:00:00,TOR vs. CLE,L,29.9,6.0,13.2,0.455,2.4,7.2,0.333,3.6,3.6,1.0,0.0,2.4,2.4,3.6,3.6,0.0,0.0,0.0,1.2,3.6,18.1,-14.4,22.8,0,0,26.5,1,13222,1,13222,7869,11451,11407,12676,8461,7995,9209,6465,8661,1,14058,18460,20994,11052,4752,12854,8263,8846,18514,7360,9782,19683,19715,2246,150,16548,1,29:54
2024-25,1629661,Cameron Johnson,Cameron,1610612751,BKN,Brooklyn Nets,0022400772,2025-02-12T00:00:00,BKN vs. PHI,W,32.016666666666666,6.7,15.7,0.429,1.1,5.6,0.2,3.4,4.5,0.75,1.1,5.6,6.7,3.4,2.2,3.4,1.1,1.1,1.1,3.4,18.0,2.2,42.4,0,0,38.2,1,1,13086,1,5953,9580,7487,13735,13810,11655,13429,6955,6847,8186,12300,9257,10640,11762,9314,2435,6640,6841,18965,8037,9851,11488,6432,2246,150,7870,1,32:01
2024-25,1642271,Kyle Filipowski,Kyle,1610612762,UTA,Utah Jazz,0022400781,2025-02-12T00:00:00,UTA vs. LAL,W,15.011666666666667,2.4,9.6,0.25,0.0,2.4,0.0,2.4,4.8,0.5,2.4,4.8,7.2,2.4,2.4,0.0,0.0,2.4,4.8,2.4,7.2,-26.4,17.0,0,0,16.8,1,1,13086,1,19557,20672,17790,20233,15070,18814,15070,9345,6306,10625,6932,11450,9760,14885,8669,12854,8263,2226,5070,11361,20563,23105,22475,2246,150,22390,1,15:01
2024-25,1642268,Isaiah Collier,Isaiah,1610612762,UTA,Utah Jazz,0022400781,2025-02-12T00:00:00,UTA vs. LAL,W,30.15,4.8,7.2,0.667,1.2,3.6,0.333,1.2,2.4,0.5,0.0,8.4,8.4,10.7,4.8,0.0,0.0,0.0,3.6,3.6,11.9,-16.7,33.3,0,0,32.2,1,1,13086,1,7634,15030,21363,3281,13404,16479,9209,12616,11528,10625,14058,4206,7679,1083,2619,12854,8263,8846,8483,7444,16206,20524,12336,2246,150,12171,1,30:09
2024-25,201143,Al Horford,Al,1610612738,BOS,Boston Celtics,0022400769,2025-02-12T00:00:00,BOS vs. SAS,W,34.355,2.1,10.5,0.2,2.1,7.3,0.286,0.0,0.0,0.0,2.1,8.4,10.5,3.1,1.0,0.0,2.1,1.0,1.0,0.0,6.3,4.2,28.8,0,0,26.2,1,1,13086,1,3961,21241,16263,21401,9707,7753,11433,13505,14344,13505,7969,4176,4929,12501,15507,12854,3220,7513,19424,17725,21193,10548,15622,2246,150,16798,1,34:21
2024-25,202693,Markieff Morris,Markieff,1610612747,LAL,Los Angeles Lakers,0022400781,2025-02-12T00:00:00,LAL @ UTA,L,7.733333333333333,4.7,23.3,0.2,4.7,14.0,0.333,9.3,9.3,1.0,0.0,0.0,0.0,4.7,0.0,0.0,0.0,0.0,4.7,4.7,23.3,46.6,30.3,0,0,32.6,1,13222,1,13222,22912,15347,1287,21401,2802,935,9209,901,1706,1,14058,22137,23286,8288,16469,12854,8263,8846,5395,4817,5314,652,14617,2246,150,11950,1,7:44
2024-25,203083,Andre Drummond,Andre,1610612755,PHI,Philadelphia 76ers,0022400772,2025-02-12T00:00:00,PHI @ BKN,L,14.8,4.9,12.2,0.4,0.0,2.4,0.0,0.0,0.0,0.0,7.3,12.2,19.5,2.4,0.0,2.4,4.9,0.0,4.9,0.0,9.7,-19.5,58.6,0,0,46.2,1,13222,1,13222,19704,14759,13314,14933,15070,18747,15070,13505,14344,13505,1025,1284,601,14763,16469,4580,553,8846,4910,17725,18415,21387,1392,2246,150,3738,1,14:48
2024-25,1630595,Cade Cunningham,Cade,1610612765,DET,Detroit Pistons,0022400775,2025-02-12T00:00:00,DET @ CHI,W,34.9,9.3,19.6,0.474,2.1,7.2,0.286,9.3,10.3,0.9,0.0,5.2,5.2,7.2,5.2,0.0,1.0,1.0,2.1,6.2,29.9,27.9,44.9,0,0,46.4,1,1,13086,1,3538,4228,3279,12072,9850,8004,11433,915,1252,6805,14058,10399,14378,3726,2160,12854,7264,7649,14796,2404,2111,2294,5236,2246,150,3689,1,34:54
2024-25,1642262,Cody Williams,Cody,1610612762,UTA,Utah Jazz,0022400781,2025-02-12T00:00:00,UTA vs. LAL,W,16.7,2.2,4.3,0.5,2.2,4.3,0.5,8.6,8.6,1.0,0.0,0.0,0.0,2.2,0.0,6.5,0.0,0.0,4.3,4.3,15.1,-2.2,37.7,0,0,32.3,1,1,13086,1,18461,21125,23910,8526,9416,14881,3944,1138,2107,1,14058,22137,23286,15792,16469,376,8263,8846,6239,5553,12815,14126,9206,2246,150,12118,1,16:42
2024-25,1641767,Ben Sheppard,Ben,1610612754,IND,Indiana Pacers,0022400771,2025-02-12T00:00:00,IND @ WAS,W,23.856666666666666,1.5,6.0,0.25,0.0,1.5,0.0,3.0,3.0,1.0,1.5,1.5,3.0,1.5,0.0,3.0,0.0,0.0,0.0,1.5,6.0,19.6,21.0,0,0,16.6,1,1,13086,1,13027,22155,22562,20233,15070,20259,15070,7757,9931,1,10284,20860,19674,17942,16469,3112,8263,8846,20257,14970,21367,4068,20704,2246,150,22470,1,23:51
2024-25,1642261,Dalton Knecht,Dalton,1610612747,LAL,Los Angeles Lakers,0022400781,2025-02-12T00:00:00,LAL @ UTA,L,16.683333333333334,6.5,15.1,0.429,6.5,15.1,0.429,2.2,4.3,0.5,0.0,0.0,0.0,0.0,0.0,2.2,0.0,0.0,2.2,2.2,21.6,-6.5,28.1,0,0,32.4,1,13222,1,13222,18477,10251,8412,13735,1012,664,7394,10089,7175,10625,14058,22137,23286,19908,16469,5548,8263,8846,14310,12356,6569,16280,16187,2246,150,12093,1,16:41
2024-25,1630256,Jae'Sean Tate,Jae'Sean,1610612745,HOU,Houston Rockets,0022400779,2025-02-12T00:00:00,HOU vs. PHX,W,15.183333333333334,4.7,11.9,0.4,2.4,9.5,0.25,0.0,0.0,0.0,2.4,0.0,2.4,0.0,2.4,0.0,0.0,0.0,2.4,0.0,11.9,-14.2,12.3,0,0,16.6,1,1,13086,1,19447,15143,13858,14933,8590,4130,11902,13505,14344,13505,7015,22137,21062,19908,8766,12854,8263,8846,13343,17725,16288,19592,23940,2246,150,22471,1,15:11
2024-25,201939,Stephen Curry,Stephen,1610612744,GSW,Golden State Warriors,0022400782,2025-02-12T00:00:00,GSW @ DAL,L,37.166666666666664,8.7,22.3,0.391,3.9,12.6,0.308,2.9,3.9,0.75,1.0,3.9,4.8,7.7,3.9,1.9,0.0,1.9,2.9,2.9,24.2,3.9,43.6,0,0,44.6,1,13222,1,13222,1873,5236,1684,15984,4256,1483,11292,8078,8087,8186,13509,14110,15191,3132,4141,6579,8263,3429,11166,9578,4666,10713,5858,2246,150,4436,1,37:10
2024-25,1626220,Royce O'Neale,Royce,1610612756,PHX,Phoenix Suns,0022400779,2025-02-12T00:00:00,PHX @ HOU,L,35.28333333333333,5.1,9.2,0.556,4.1,5.1,0.8,0.0,0.0,0.0,0.0,4.1,4.1,0.0,0.0,2.0,0.0,2.0,2.0,0.0,14.3,-20.4,25.3,0,0,26.5,1,13222,1,13222,3254,14085,18437,7248,3825,12951,1389,13505,14344,13505,14058,13474,17115,19908,16469,6052,8263,3093,14913,17725,13629,21679,18069,2246,150,16518,1,35:17
2024-25,1628418,Thomas Bryant,Thomas,1610612754,IND,Indiana Pacers,0022400771,2025-02-12T00:00:00,IND @ WAS,W,27.41,5.3,9.2,0.571,0.0,2.6,0.0,1.3,1.3,1.0,3.9,10.5,14.4,6.6,0.0,0.0,0.0,1.3,1.3,1.3,11.8,-3.9,39.0,0,0,32.8,1,1,13086,1,10010,13660,18416,6538,15070,18402,15070,12266,13711,1,3670,2226,2026,4614,16469,12854,8263,5591,17983,15850,16323,15035,8397,2246,150,11777,1,27:25
2024-25,1630590,Scotty Pippen Jr.,Scotty,1610612763,MEM,Memphis Grizzlies,0022400783,2025-02-12T00:00:00,MEM @ LAC,L,16.45,6.6,10.9,0.6,0.0,2.2,0.0,4.4,6.6,0.667,0.0,6.6,6.6,8.8,6.6,0.0,0.0,0.0,6.6,4.4,17.5,2.2,32.0,0,0,32.8,1,13222,1,13222,18625,10021,15459,5394,15070,19190,15070,5030,3814,9425,14058,7171,11027,2219,1095,12854,8263,8846,2349,5407,10318,11514,13360,2246,150,11784,1,16:27
2024-25,1642277,Johnny Furphy,Johnny,1610612754,IND,Indiana Pacers,0022400771,2025-02-12T00:00:00,IND @ WAS,W,6.766666666666667,0.0,0.0,0.0,0.0,0.0,0.0,0.0,0.0,0.0,0.0,10.6,10.6,0.0,0.0,0.0,10.6,0.0,0.0,0.0,0.0,21.3,44.7,0,0,31.9,1,1,13086,1,23255,22635,24836,22635,15070,20945,15070,13505,14344,13505,14058,2120,4773,19908,16469,12854,58,8846,20257,17725,23200,3626,5334,2246,150,12440,1,6:46
2024-25,203501,Tim Hardaway Jr.,Tim,1610612765,DET,Detroit Pistons,0022400775,2025-02-12T00:00:00,DET @ CHI,W,25.233333333333334,2.9,11.4,0.25,1.4,4.3,0.333,0.0,0.0,0.0,0.0,5.7,5.7,2.9,1.4,0.0,0.0,1.4,1.4,0.0,7.1,34.2,16.8,0,0,17.1,1,1,13086,1,11804,19762,14634,20233,12343,14963,9209,13505,14344,13505,14058,9023,12997,13432,13127,12854,8263,5070,17519,17725,20608,1476,22550,2246,150,22249,1,25:14
2024-25,1628436,Luke Kornet,Luke,1610612738,BOS,Boston Celtics,0022400769,2025-02-12T00:00:00,BOS vs. SAS,W,15.98,2.3,2.3,1.0,0.0,0.0,0.0,0.0,0.0,0.0,6.8,2.3,9.0,2.3,0.0,0.0,0.0,0.0,0.0,0.0,4.5,22.5,18.7,0,0,15.8,1,1,13086,1,18947,20942,24707,1,15070,20945,15070,13505,14344,13505,1249,18911,6712,15424,16469,12854,8263,8846,20257,17725,22290,3360,21799,2246,150,22798,1,15:59
2024-25,203110,Draymond Green,Draymond,1610612744,GSW,Golden State Warriors,0022400782,2025-02-12T00:00:00,GSW @ DAL,L,31.633333333333333,5.7,11.4,0.5,0.0,1.1,0.0,3.4,3.4,1.0,2.3,3.4,5.7,5.7,3.4,3.4,2.3,1.1,1.1,2.3,14.8,-14.8,43.8,0,0,37.6,1,13222,1,13222,6299,12450,14699,8526,15070,20696,15070,6868,9061,1,7321,15481,13048,6060,5199,2356,2783,6725,18872,11834,13117,19816,5763,2246,150,8328,1,31:38
2024-25,1626145,Tyus Jones,Tyus,1610612756,PHX,Phoenix Suns,0022400779,2025-02-12T00:00:00,PHX @ HOU,L,33.45,4.3,11.8,0.364,1.1,3.2,0.333,1.1,2.2,0.5,2.2,3.2,5.4,6.5,6.5,1.1,0.0,0.0,2.2,2.2,10.8,-5.4,23.7,0,0,25.8,1,13222,1,13222,4768,16311,13880,16861,14090,17215,9209,12983,12245,10625,7744,15995,13854,4781,1148,11226,8263,8846,14342,12384,17407,15777,19161,2246,150,17047,1,33:27
2024-25,1641731,Bilal Coulibaly,Bilal,1610612764,WAS,Washington Wizards,0022400771,2025-02-12T00:00:00,WAS vs. IND,L,35.65,1.0,8.1,0.125,1.0,4.0,0.25,0.0,2.0,0.0,1.0,4.0,5.0,8.1,2.0,0.0,0.0,1.0,3.0,3.0,3.0,-6.1,19.2,0,0,17.2,1,13222,1,13222,2946,22614,20125,22420,14489,15501,11902,13505,12661,13505,13178,13600,14671,2808,10427,12854,8263,7832,10580,9127,22947,16087,21556,2246,150,22230,1,35:39
2024-25,1641718,Keyonte George,Keyonte,1610612762,UTA,Utah Jazz,0022400781,2025-02-12T00:00:00,UTA vs. LAL,W,33.25,7.6,13.0,0.583,3.2,7.6,0.429,3.2,4.3,0.75,1.1,6.5,7.6,10.8,2.2,1.1,0.0,0.0,3.2,2.2,21.7,15.2,48.1,1,0,45.5,1,1,13086,1,4943,7560,11866,6296,5815,7213,7394,7205,7141,8186,12609,7319,9005,1060,9661,11163,8263,8846,9653,12315,6500,5562,3952,1,150,4023,1,33:15
2024-25,203952,Andrew Wiggins,Andrew,1610612748,MIA,Miami Heat,0022400778,2025-02-12T00:00:00,MIA @ OKC,L,34.13333333333333,4.2,12.7,0.333,1.1,5.3,0.2,4.2,6.3,0.667,3.2,1.1,4.2,3.2,1.1,1.1,1.1,2.1,2.1,3.2,13.7,1.1,28.8,0,0,26.4,1,13222,1,13222,4140,16548,12471,17395,14224,12539,13429,5312,4092,9425,5016,21867,16759,12442,15461,11445,7100,2897,14569,8687,14270,12113,15649,2246,150,16653,1,34:08
2024-25,1630183,Jaden McDaniels,Jaden,1610612750,MIN,Minnesota Timberwolves,0022400776,2025-02-12T00:00:00,MIN vs. MIL,L,38.666666666666664,3.7,10.2,0.364,1.9,3.7,0.5,0.0,0.0,0.0,2.8,4.7,7.4,1.9,2.8,0.0,2.8,0.0,2.8,0.9,9.3,-3.7,26.6,0,0,26.1,1,13222,1,13222,1025,17764,16665,16861,10817,16152,3944,13505,14344,13505,5878,11836,9271,16885,7243,12854,1961,8846,11670,17602,18800,14904,17197,2246,150,16886,1,38:40
2024-25,1630567,Scottie Barnes,Scottie,1610612761,TOR,Toronto Raptors,0022400774,2025-02-12T00:00:00,TOR vs. CLE,L,33.483333333333334,7.5,16.1,0.467,0.0,2.2,0.0,2.2,3.2,0.667,2.2,9.7,11.8,7.5,4.3,1.1,3.2,1.1,1.1,4.3,17.2,-34.4,51.3,1,0,45.2,1,13222,1,13222,4745,7711,6933,12249,15070,19268,15070,10125,9468,9425,7754,2843,3634,3364,3326,11232,1450,7264,19240,5585,10625,24348,2902,1,150,4177,1,33:29
2024-25,1628975,Jevon Carter,Jevon,1610612741,CHI,Chicago Bulls,0022400766,2025-02-11T00:00:00,CHI vs. DET,L,11.266666666666667,3.2,16.0,0.2,3.2,9.6,0.333,0.0,0.0,0.0,0.0,6.4,6.4,12.8,3.2,0.0,0.0,3.2,0.0,0.0,9.6,12.8,33.2,0,0,32.0,1,13222,1,13222,21593,19008,7143,21401,5967,3994,9209,13505,14344,13505,14058,7523,11423,569,5835,12854,8263,1156,20257,17725,18554,6486,12405,2246,150,12424,1,11:16
2024-25,201142,Kevin Durant,Kevin,1610612756,PHX,Phoenix Suns,0022400767,2025-02-11T00:00:00,PHX vs. MEM,L,42.8,10.1,15.1,0.667,2.5,3.4,0.75,5.9,8.4,0.7,0.0,2.5,2.5,2.5,0.8,0.8,4.2,0.0,2.5,8.4,28.6,1.7,49.7,0,0,46.3,1,13222,1,13222,169,3115,8358,3281,8068,16940,1542,2980,2251,9366,14058,18122,20755,14459,16433,12806,813,8846,12693,858,2573,11797,3353,2246,150,3725,1,42:48
2024-25,1629013,Landry Shamet,Landry,1610612752,NYK,New York Knicks,0022400765,2025-02-11T00:00:00,NYK @ IND,W,19.183333333333334,9.4,16.9,0.556,1.9,7.5,0.25,0.0,0.0,0.0,0.0,1.9,1.9,7.5,0.0,0.0,0.0,0.0,3.8,0.0,20.6,16.9,34.2,0,0,31.9,1,1,13086,1,16683,4053,5925,7248,10731,7380,11902,13505,14344,13505,14058,20031,22041,3391,16469,12854,8263,8846,7898,17725,7357,4943,11684,2246,150,12456,1,19:11
2024-25,202696,Nikola Vučević,Nikola,1610612741,CHI,Chicago Bulls,0022400766,2025-02-11T00:00:00,CHI vs. DET,L,25.25,5.7,21.4,0.267,0.0,7.1,0.0,0.0,1.4,0.0,4.3,5.7,10.0,1.4,2.9,0.0,1.4,4.3,0.0,1.4,11.4,-47.0,26.9,0,0,25.7,1,13222,1,13222,11782,12413,2096,20170,15070,8191,15070,13505,13568,13505,3196,9035,5451,18246,7022,12854,5128,555,20257,15341,16783,25272,16988,2246,150,17163,1,25:15
2024-25,203954,Joel Embiid,Joel,1610612755,PHI,Philadelphia 76ers,0022400764,2025-02-11T00:00:00,PHI vs. TOR,L,38.016666666666666,7.6,18.0,0.421,0.9,4.7,0.2,9.5,12.3,0.769,4.7,6.6,11.4,3.8,3.8,0.9,0.9,0.0,0.9,8.5,25.6,0.9,46.8,1,0,45.5,1,13222,1,13222,1375,7576,4702,14442,14804,13881,13429,852,701,8170,2628,7037,4082,10533,4354,12373,7848,8846,19980,818,3896,12190,4412,1,150,4040,1,38:01
2024-25,1628379,Luke Kennard,Luke,1610612763,MEM,Memphis Grizzlies,0022400767,2025-02-11T00:00:00,MEM @ PHX,W,15.22,0.0,2.4,0.0,0.0,2.4,0.0,0.0,0.0,0.0,0.0,9.5,9.5,7.1,2.4,0.0,0.0,0.0,2.4,0.0,0.0,-9.5,19.6,0,0,16.6,1,1,13086,1,19425,22635,24686,22635,15070,18876,15070,13505,14344,13505,14058,3061,6104,3890,8798,12854,8263,8846,13375,17725,23200,17650,21352,2246,150,22483,1,15:13
2024-25,1630172,Patrick Williams,Patrick,1610612741,CHI,Chicago Bulls,0022400766,2025-02-11T00:00:00,CHI vs. DET,L,19.666666666666668,3.7,14.6,0.25,1.8,5.5,0.333,0.0,0.0,0.0,3.7,1.8,5.5,0.0,0.0,0.0,0.0,3.7,3.7,1.8,9.2,-42.1,15.7,0,0,16.5,1,13222,1,13222,16285,17938,9139,20233,10948,11966,9209,13505,14344,13505,4105,20159,13557,19908,16469,12854,8263,814,8224,13803,18946,24986,22943,2246,150,22521,1,19:40
2024-25,1628404,Josh Hart,Josh,1610612752,NYK,New York Knicks,0022400765,2025-02-11T00:00:00,NYK @ IND,W,39.983333333333334,10.8,14.4,0.75,0.9,2.7,0.333,4.5,6.3,0.714,1.8,7.2,9.0,4.5,2.7,1.8,0.0,0.0,3.6,4.5,27.0,13.5,47.3,1,0,45.0,1,1,13086,1,565,2414,9514,2107,14960,18261,9209,4836,4125,9244,9239,5991,6728,8650,7535,7257,8263,8846,8421,5138,3205,6203,4221,1,150,4257,1,39:59
2024-25,1630167,Obi Toppin,Obi,1610612754,IND,Indiana Pacers,0022400765,2025-02-11T00:00:00,IND vs. NYK,L,20.6,7.0,14.0,0.5,0.0,5.2,0.0,1.7,3.5,0.5,0.0,5.2,5.2,1.7,0.0,1.7,0.0,1.7,1.7,1.7,15.7,-1.7,29.9,0,0,26.2,1,13222,1,13222,15566,8957,10202,8526,15070,12610,15070,11333,8897,10625,14058,10182,14184,17238,16469,7453,8263,4031,16380,14124,12191,13893,14889,2246,150,16792,1,20:36
2024-25,1631097,Bennedict Mathurin,Bennedict,1610612754,IND,Indiana Pacers,0022400765,2025-02-11T00:00:00,IND vs. NYK,L,31.2,4.6,11.5,0.4,1.2,5.8,0.2,10.4,12.7,0.818,0.0,3.5,3.5,4.6,0.0,0.0,1.2,1.2,0.0,6.9,20.8,-10.4,35.3,0,0,32.3,1,13222,1,13222,6701,15447,14410,14933,13629,11279,13429,589,633,7652,14058,15344,18632,8374,16469,12854,6457,6601,20257,1710,7250,18061,10862,2246,150,12137,1,31:12
2024-25,1626162,Kelly Oubre Jr.,Kelly,1610612755,PHI,Philadelphia 76ers,0022400764,2025-02-11T00:00:00,PHI vs. TOR,L,38.916666666666664,5.6,11.1,0.5,0.0,1.9,0.0,0.0,0.0,0.0,0.9,5.6,6.5,2.8,1.9,1.9,0.9,1.9,2.8,0.9,11.1,-2.8,29.5,0,0,25.9,1,13222,1,13222,910,12845,15189,8526,15070,19828,15070,13505,14344,13505,13806,9414,11228,13669,11319,7033,7982,3738,11746,17612,17085,14438,15142,2246,150,17003,1,38:55
2024-25,1628418,Thomas Bryant,Thomas,1610612754,IND,Indiana Pacers,0022400765,2025-02-11T00:00:00,IND vs. NYK,L,32.15,9.0,13.4,0.667,1.1,3.4,0.333,1.1,1.1,1.0,3.4,6.7,10.1,4.5,1.1,0.0,1.1,0.0,4.5,1.1,20.2,-11.2,41.2,0,0,38.1,1,13222,1,13222,5846,4795,11105,3281,13841,16953,9209,12859,14011,1,4620,6859,5346,8707,15008,12854,6673,8846,5826,16824,7787,18403,7047,2246,150,7981,1,32:09
2024-25,1630540,Miles McBride,Miles,1610612752,NYK,New York Knicks,0022400765,2025-02-11T00:00:00,NYK @ IND,W,25.316666666666666,5.7,10.0,0.571,5.7,5.7,1.0,4.3,4.3,1.0,0.0,4.3,4.3,1.4,1.4,0.0,0.0,1.4,2.8,1.4,21.3,35.5,27.2,0,0,32.7,1,1,13086,1,11729,12456,17138,6538,1570,11483,1,5227,7279,1,14058,12915,16626,18260,13158,12854,8263,5090,11444,15357,6792,1338,16843,2246,150,11877,1,25:19
2024-25,1631246,Vince Williams Jr.,Vince,1610612763,MEM,Memphis Grizzlies,0022400767,2025-02-11T00:00:00,MEM @ PHX,W,16.86,6.4,19.2,0.333,2.1,12.8,0.167,0.0,0.0,0.0,4.3,14.9,19.2,2.1,2.1,0.0,0.0,0.0,8.5,2.1,14.9,17.1,39.1,0,0,38.4,1,1,13086,1,18351,10424,3580,17395,9529,1387,14236,13505,14344,13505,3213,588,640,15872,9816,12854,8263,8846,1120,12464,12963,4876,8353,2246,150,7743,1,16:52
2024-25,1629632,Coby White,Coby,1610612741,CHI,Chicago Bulls,0022400766,2025-02-11T00:00:00,CHI vs. DET,L,27.95,2.6,16.7,0.154,0.0,10.3,0.0,1.3,2.6,0.5,1.3,2.6,3.9,2.6,2.6,1.3,0.0,1.3,1.3,3.9,6.4,-38.6,16.2,0,0,15.5,1,13222,1,13222,9582,20320,6115,22243,15070,3149,15070,12333,11033,10625,11251,17998,17671,14289,7961,9530,8263,5713,18080,6666,21094,24751,22763,2246,150,22895,1,27:57
2024-25,1627824,Guerschon Yabusele,Guerschon,1610612755,PHI,Philadelphia 76ers,0022400764,2025-02-11T00:00:00,PHI vs. TOR,L,22.2,3.2,14.6,0.222,3.2,9.7,0.333,3.2,3.2,1.0,4.9,4.9,9.7,3.2,1.6,1.6,0.0,0.0,3.2,4.9,13.0,9.7,32.8,0,0,32.4,1,13222,1,13222,14344,18907,9207,21205,5838,3799,9209,7221,9430,1,2489,11246,5756,12167,12246,7911,8263,8846,9681,4359,15118,7824,12760,2246,150,12035,1,22:12
2024-25,1628380,Zach Collins,Zach,1610612741,CHI,Chicago Bulls,0022400766,2025-02-11T00:00:00,CHI vs. DET,L,12.216666666666667,2.9,5.9,0.5,2.9,5.9,0.5,5.9,5.9,1.0,2.9,11.8,14.7,0.0,0.0,0.0,0.0,0.0,2.9,5.9,14.7,-14.7,32.4,0,0,32.4,1,13222,1,13222,21145,19537,22714,8526,6689,10955,3944,2964,4610,1,5458,1483,1897,19908,16469,12854,8263,8846,10943,2751,13166,19801,13004,2246,150,12051,1,12:13
2024-25,1626145,Tyus Jones,Tyus,1610612756,PHX,Phoenix Suns,0022400767,2025-02-11T00:00:00,PHX vs. MEM,L,32.306666666666665,4.5,12.3,0.364,2.2,7.8,0.286,1.1,1.1,1.0,2.2,1.1,3.3,10.0,2.2,2.2,0.0,1.1,1.1,4.5,12.3,-16.7,35.8,0,0,32.3,1,13222,1,13222,5726,15907,13156,16861,9127,6794,11433,12876,14021,1,7499,21724,18886,1419,9391,5278,8263,6927,19021,5236,15863,20522,10524,2246,150,12133,1,32:18
2024-25,1630245,Ayo Dosunmu,Ayo,1610612741,CHI,Chicago Bulls,0022400766,2025-02-11T00:00:00,CHI vs. DET,L,20.168333333333333,5.4,10.7,0.5,1.8,5.4,0.333,1.8,3.6,0.5,0.0,1.8,1.8,3.6,5.4,5.4,0.0,0.0,0.0,1.8,14.3,-50.0,32.5,0,0,32.1,1,13222,1,13222,15890,13385,15870,8526,11131,12318,9209,11271,8746,10625,14058,20286,22181,11173,1949,712,8263,8846,20257,13986,13634,25396,12952,2246,150,12279,1,20:10
2024-25,1641767,Ben Sheppard,Ben,1610612754,IND,Indiana Pacers,0022400765,2025-02-11T00:00:00,IND vs. NYK,L,13.566666666666666,10.6,13.3,0.8,5.3,8.0,0.667,5.3,5.3,1.0,0.0,0.0,0.0,0.0,0.0,2.7,0.0,0.0,2.7,2.7,31.8,10.6,39.8,0,0,42.5,1,13222,1,13222,20447,2600,11362,1688,1942,6518,1957,3642,5451,1,14058,22137,23286,19908,16469,4008,8263,8846,12228,10463,1562,7411,7882,2246,150,5428,1,13:34
2024-25,1641711,Gradey Dick,Gradey,1610612761,TOR,Toronto Raptors,0022400764,2025-02-11T00:00:00,TOR @ PHI,W,32.55,6.6,14.4,0.462,3.3,8.8,0.375,2.2,3.3,0.667,0.0,4.4,4.4,0.0,2.2,3.3,1.1,0.0,1.1,2.2,18.8,5.5,35.2,0,0,35.4,1,1,13086,1,5517,9853,9567,12428,5605,5028,8800,9903,9265,9425,14058,12470,16230,19908,9463,2532,6752,8846,19065,12108,9034,9828,10957,2246,150,9800,1,32:33
2024-25,1628449,Chris Boucher,Chris,1610612761,TOR,Toronto Raptors,0022400764,2025-02-11T00:00:00,TOR @ PHI,W,14.95,0.0,14.4,0.0,0.0,7.2,0.0,0.0,0.0,0.0,7.2,12.0,19.3,2.4,2.4,0.0,0.0,0.0,2.4,0.0,0.0,-16.9,24.3,0,0,21.7,1,1,13086,1,19602,22635,9435,22635,15070,7995,15070,13505,14344,13505,1049,1333,633,14848,8619,12854,8263,8846,13159,17725,23200,20565,18739,2246,150,19855,1,14:57
2024-25,1626143,Jahlil Okafor,Jahlil,1610612754,IND,Indiana Pacers,0022400765,2025-02-11T00:00:00,IND vs. NYK,L,3.3666666666666667,0.0,0.0,0.0,0.0,0.0,0.0,0.0,0.0,0.0,0.0,10.7,10.7,10.7,0.0,0.0,0.0,0.0,0.0,0.0,0.0,53.5,28.9,0,0,21.4,1,13222,1,13222,24790,22635,24836,22635,15070,20945,15070,13505,14344,13505,14058,2077,4705,1109,16469,12854,8263,8846,20257,17725,23200,473,15579,2246,150,20032,1,3:22
2024-25,1641716,Jarace Walker,Jarace,1610612754,IND,Indiana Pacers,0022400765,2025-02-11T00:00:00,IND vs. NYK,L,9.183333333333334,3.9,11.8,0.333,0.0,0.0,0.0,3.9,3.9,1.0,0.0,11.8,11.8,3.9,7.8,0.0,0.0,0.0,3.9,3.9,11.8,-7.8,23.9,0,0,27.4,1,13222,1,13222,22392,17267,14012,17395,15070,20945,15070,5843,8007,1,14058,1491,3703,10165,624,12854,8263,8846,7382,6510,16386,16895,19009,2246,150,15835,1,9:11
2024-25,1641824,Matas Buzelis,Matas,1610612741,CHI,Chicago Bulls,0022400766,2025-02-11T00:00:00,CHI vs. DET,L,19.081666666666667,9.4,13.2,0.714,3.8,3.8,1.0,0.0,0.0,0.0,0.0,1.9,1.9,1.9,1.9,0.0,0.0,0.0,3.8,0.0,22.6,-32.1,25.8,0,0,30.2,1,13222,1,13222,16770,3972,11466,2752,4515,16052,1,13505,14344,13505,14058,20013,22023,16799,11122,12854,8263,8846,7823,17725,5746,24043,17714,2246,150,13812,1,19:05
2024-25,1629659,Talen Horton-Tucker,Talen,1610612741,CHI,Chicago Bulls,0022400766,2025-02-11T00:00:00,CHI vs. DET,L,7.816666666666666,4.6,23.0,0.2,0.0,9.2,0.0,9.2,13.8,0.667,0.0,9.2,9.2,0.0,0.0,0.0,0.0,0.0,0.0,9.2,18.4,23.0,29.5,0,0,27.6,1,13222,1,13222,22880,15477,1373,21401,15070,4507,15070,936,473,9425,14058,3295,6428,19908,16469,12854,8263,8846,20257,589,9389,3261,15167,2246,150,15694,1,7:49
2024-25,1630581,Josh Giddey,Josh,1610612741,CHI,Chicago Bulls,0022400766,2025-02-11T00:00:00,CHI vs. DET,L,22.683333333333334,7.9,15.9,0.5,1.6,6.3,0.25,0.0,0.0,0.0,3.2,6.3,9.5,6.3,3.2,1.6,1.6,0.0,1.6,3.2,17.5,-46.0,44.8,0,0,41.3,1,13222,1,13222,13966,6776,7309,8526,11721,9877,11902,13505,14344,13505,5001,7602,6028,4934,5895,8034,4594,8846,16907,8653,10371,25230,5300,2246,150,6039,1,22:41
2024-25,1642367,Jonathan Mogbo,Jonathan,1610612761,TOR,Toronto Raptors,0022400764,2025-02-11T00:00:00,TOR @ PHI,W,21.433333333333334,3.4,6.7,0.5,0.0,1.7,0.0,0.0,0.0,0.0,1.7,6.7,8.4,8.4,3.4,3.4,0.0,0.0,8.4,0.0,6.7,18.5,36.1,0,0,30.2,1,1,13086,1,14969,18624,21874,8526,15070,20071,15070,13505,14344,13505,9645,6860,7627,2512,5335,2461,8263,8846,1188,17725,20909,4415,10292,2246,150,13769,1,21:26
2024-25,1628989,Kevin Huerter,Kevin,1610612741,CHI,Chicago Bulls,0022400766,2025-02-11T00:00:00,CHI vs. DET,L,21.283333333333335,3.4,11.8,0.286,0.0,5.1,0.0,1.7,3.4,0.5,3.4,5.1,8.5,6.8,5.1,1.7,0.0,0.0,1.7,3.4,8.5,-33.8,28.8,0,0,27.1,1,13222,1,13222,15078,18578,13876,19630,15070,13018,15070,11430,9131,10625,4578,10651,7538,4332,2248,7642,8263,8846,16559,8003,19554,24282,15675,2246,150,16110,1,21:17
2024-25,1630173,Precious Achiuwa,Precious,1610612752,NYK,New York Knicks,0022400765,2025-02-11T00:00:00,NYK @ IND,W,33.28333333333333,3.2,8.7,0.375,0.0,1.1,0.0,3.2,4.3,0.75,5.4,7.6,13.0,2.2,1.1,0.0,1.1,1.1,0.0,2.2,9.7,-2.2,30.7,0,0,27.0,1,1,13086,1,4911,18905,19272,16299,15070,20763,15070,7215,7154,8186,2010,5372,2819,15750,15266,12854,6909,7213,20257,12329,18413,14134,14264,2246,150,16122,1,33:17
2024-25,1628973,Jalen Brunson,Jalen,1610612752,NYK,New York Knicks,0022400765,2025-02-11T00:00:00,NYK @ IND,W,22.723333333333333,6.3,17.4,0.364,0.0,1.6,0.0,0.0,0.0,0.0,0.0,3.2,3.2,11.1,4.8,0.0,0.0,0.0,7.9,4.8,12.7,15.8,28.4,0,0,26.9,1,1,13086,1,13934,10596,5323,16861,15070,20186,15070,13505,14344,13505,14058,16198,19313,969,2653,12854,8263,8846,1396,4607,15422,5310,15958,2246,150,16206,1,22:43
2024-25,1629614,Andrew Nembhard,Andrew,1610612754,IND,Indiana Pacers,0022400765,2025-02-11T00:00:00,IND vs. NYK,L,29.531666666666666,3.7,9.8,0.375,0.0,2.4,0.0,2.4,2.4,1.0,0.0,1.2,1.2,2.4,1.2,3.7,0.0,0.0,2.4,4.9,9.8,-15.8,24.6,0,0,20.7,1,13222,1,13222,8201,17953,17466,16299,15070,18734,15070,9223,11367,1,14058,21469,22920,14745,14297,2021,8263,8846,13042,4339,18392,20213,18535,2246,150,20451,1,29:32
2024-25,203501,Tim Hardaway Jr.,Tim,1610612765,DET,Detroit Pistons,0022400766,2025-02-11T00:00:00,DET @ CHI,W,18.05,2.0,12.0,0.167,2.0,12.0,0.167,0.0,0.0,0.0,0.0,6.0,6.0,6.0,4.0,0.0,0.0,0.0,0.0,0.0,6.0,25.9,18.1,0,0,19.9,1,1,13086,1,17534,21423,13651,21938,10188,1800,14236,13505,14344,13505,14058,8368,12327,5527,3902,12854,8263,8846,20257,17725,21413,2629,22030,2246,150,20891,1,18:03
2024-25,1641744,Zach Edey,Zach,1610612763,MEM,Memphis Grizzlies,0022400767,2025-02-11T00:00:00,MEM @ PHX,W,19.666666666666668,3.7,11.0,0.333,0.0,1.8,0.0,0.0,0.0,0.0,5.5,11.0,16.5,0.0,0.0,1.8,3.7,1.8,1.8,0.0,7.3,11.0,43.6,0,0,34.8,1,1,13086,1,16285,17938,15377,17395,15070,19865,15070,13505,14344,13505,1950,1913,1282,19908,16469,7112,1112,3799,16031,17725,20470,7243,5866,2246,150,10246,1,19:40
2024-25,1641741,Ricky Council IV,Ricky,1610612755,PHI,Philadelphia 76ers,0022400764,2025-02-11T00:00:00,PHI vs. TOR,L,3.6666666666666665,0.0,9.8,0.0,0.0,9.8,0.0,0.0,0.0,0.0,0.0,0.0,0.0,0.0,0.0,0.0,0.0,0.0,0.0,0.0,0.0,-29.5,0.0,0,0,0.0,1,13222,1,13222,24637,22635,17365,22635,15070,3702,15070,13505,14344,13505,14058,22137,23286,19908,16469,12854,8263,8846,20257,17725,23200,23653,25228,2246,150,25259,1,3:40
2024-25,1630169,Tyrese Haliburton,Tyrese,1610612754,IND,Indiana Pacers,0022400765,2025-02-11T00:00:00,IND vs. NYK,L,32.585,7.7,16.6,0.467,2.2,6.6,0.333,0.0,0.0,0.0,1.1,4.4,5.5,8.8,4.4,0.0,0.0,0.0,2.2,3.3,17.7,-12.2,33.1,0,0,34.2,1,13222,1,13222,5491,7194,6338,12249,9207,9259,9209,13505,14344,13505,12437,12484,13481,2144,3112,12854,8263,8846,14055,8209,10141,18797,12475,2246,150,10656,1,32:35
2024-25,1641842,Ronald Holland II,Ronald,1610612765,DET,Detroit Pistons,0022400766,2025-02-11T00:00:00,DET @ CHI,W,22.59,0.0,6.4,0.0,0.0,3.2,0.0,3.2,3.2,1.0,0.0,4.8,4.8,1.6,1.6,1.6,0.0,0.0,3.2,1.6,3.2,30.3,14.5,0,0,12.7,1,1,13086,1,14043,22635,22238,22635,15070,17295,15070,7358,9544,1,14058,11484,15343,17671,12361,8013,8263,8846,9913,14658,22897,1935,23330,2246,150,23790,1,22:35
2024-25,1630583,Santi Aldama,Santi,1610612763,MEM,Memphis Grizzlies,0022400767,2025-02-11T00:00:00,MEM @ PHX,W,23.173333333333332,7.8,15.5,0.5,6.2,9.3,0.667,0.0,0.0,0.0,4.7,3.1,7.8,1.6,1.6,1.6,0.0,0.0,1.6,0.0,21.7,6.2,36.5,0,0,40.4,1,1,13086,1,13579,7130,7782,8526,1155,4353,1957,13505,14344,13505,2734,16388,8686,17797,12534,8181,8263,8846,17030,17725,6425,9509,10022,2246,150,6553,1,23:10
2024-25,1628969,Mikal Bridges,Mikal,1610612752,NYK,New York Knicks,0022400765,2025-02-11T00:00:00,NYK @ IND,W,28.883333333333333,3.7,8.7,0.429,0.0,1.2,0.0,0.0,0.0,0.0,1.2,5.0,6.2,6.2,0.0,0.0,0.0,0.0,2.5,0.0,7.5,5.0,24.3,0,0,19.9,1,1,13086,1,8775,17735,19144,13735,15070,20563,15070,13505,14344,13505,11498,10917,11751,5109,16469,12854,8263,8846,12827,17725,20336,10121,18743,2246,150,20893,1,28:53
2024-25,1642278,Tyler Kolek,Tyler,1610612752,NYK,New York Knicks,0022400765,2025-02-11T00:00:00,NYK @ IND,W,1.5666666666666667,0.0,0.0,0.0,0.0,0.0,0.0,0.0,0.0,0.0,0.0,0.0,0.0,0.0,0.0,0.0,0.0,0.0,0.0,0.0,0.0,-137.9,0.0,0,0,0.0,1,1,13086,1,25750,22635,24836,22635,15070,20945,15070,13505,14344,13505,14058,22137,23286,19908,16469,12854,8263,8846,20257,17725,23200,26249,25228,2246,150,25259,1,1:34
2024-25,1631105,Jalen Duren,Jalen,1610612765,DET,Detroit Pistons,0022400766,2025-02-11T00:00:00,DET @ CHI,W,22.9,3.1,7.9,0.4,0.0,0.0,0.0,0.0,0.0,0.0,4.7,12.6,17.3,7.9,0.0,0.0,1.6,1.6,0.0,0.0,6.3,29.9,43.5,0,0,34.6,1,1,13086,1,13790,19111,20460,14933,15070,20945,15070,13505,14344,13505,2653,1135,1062,3035,16469,12854,4637,4521,20257,17725,21192,1984,5871,2246,150,10378,1,22:54
2024-25,1642419,Jamison Battle,Jamison,1610612761,TOR,Toronto Raptors,0022400764,2025-02-11T00:00:00,TOR @ PHI,W,9.266666666666667,3.9,11.7,0.333,3.9,11.7,0.333,0.0,0.0,0.0,0.0,3.9,3.9,0.0,0.0,0.0,0.0,0.0,3.9,3.9,11.7,-3.9,16.3,0,0,19.4,1,1,13086,1,22361,17363,14207,17395,4231,1994,9209,13505,14344,13505,14058,14070,17605,19908,16469,12854,8263,8846,7493,6615,16516,15004,22733,2246,150,21194,1,9:16
2024-25,1630346,Matt Ryan,Matt,1610612752,NYK,New York Knicks,0022400765,2025-02-11T00:00:00,NYK @ IND,W,1.5666666666666667,0.0,23.0,0.0,0.0,23.0,0.0,0.0,0.0,0.0,0.0,0.0,0.0,0.0,0.0,0.0,0.0,0.0,0.0,0.0,0.0,-137.9,0.0,0,0,0.0,1,1,13086,1,25750,22635,1386,22635,15070,145,15070,13505,14344,13505,14058,22137,23286,19908,16469,12854,8263,8846,20257,17725,23200,26249,25228,2246,150,25259,1,1:34
2024-25,1642279,Ulrich Chomche,Ulrich,1610612761,TOR,Toronto Raptors,0022400764,2025-02-11T00:00:00,TOR @ PHI,W,12.0,0.0,6.0,0.0,0.0,0.0,0.0,0.0,0.0,0.0,3.0,3.0,6.0,0.0,0.0,0.0,3.0,0.0,3.0,0.0,0.0,-36.0,16.2,0,0,12.0,1,1,13086,1,21228,22635,22595,22635,15070,20945,15070,13505,14344,13505,5329,16717,12271,19908,16469,12854,1691,8846,10710,17725,23200,24522,22773,2246,150,23970,1,12:00
2024-25,1630200,Tre Jones,Tre,1610612741,CHI,Chicago Bulls,0022400766,2025-02-11T00:00:00,CHI vs. DET,L,15.533333333333333,7.0,13.9,0.5,0.0,2.3,0.0,4.6,4.6,1.0,2.3,2.3,4.6,2.3,0.0,4.6,0.0,0.0,2.3,4.6,18.5,-53.3,41.5,0,0,34.8,1,13222,1,13222,19234,9041,10326,8526,15070,18953,15070,4614,6598,1,7181,18711,15738,15162,16469,1128,8263,8846,13567,4866,9277,25520,6892,2246,150,10253,1,15:32
2024-25,1626166,Cameron Payne,Cameron,1610612752,NYK,New York Knicks,0022400765,2025-02-11T00:00:00,NYK @ IND,W,23.71,6.1,12.1,0.5,1.5,6.1,0.25,0.0,0.0,0.0,0.0,1.5,1.5,12.1,3.0,1.5,1.5,0.0,3.0,0.0,13.7,13.7,39.8,0,0,34.9,1,1,13086,1,13146,11307,13335,8526,11972,10511,11902,13505,14344,13505,14058,20838,22549,689,6329,8331,4786,8846,10554,17725,14315,6143,7899,2246,150,10153,1,23:43
2024-25,1626157,Karl-Anthony Towns,Karl-Anthony,1610612752,NYK,New York Knicks,0022400765,2025-02-11T00:00:00,NYK @ IND,W,38.276666666666664,13.2,21.6,0.609,2.8,7.5,0.375,8.5,8.5,1.0,3.8,7.5,11.3,4.7,1.9,2.8,0.0,0.9,4.7,5.6,37.6,13.2,64.8,1,0,62.1,1,1,13086,1,1235,969,1970,5384,7151,7351,8800,1198,2213,1,3950,5456,4154,8184,11152,3634,8263,8418,5275,3127,638,6316,710,1,150,637,1,38:17
2024-25,1630215,Jared Butler,Jared,1610612755,PHI,Philadelphia 76ers,0022400764,2025-02-11T00:00:00,PHI vs. TOR,L,15.683333333333334,13.8,23.0,0.6,2.3,6.9,0.333,4.6,4.6,1.0,2.3,6.9,9.2,9.2,0.0,2.3,0.0,0.0,2.3,4.6,34.4,18.4,66.1,0,0,59.7,1,13222,1,13222,19141,769,1403,5394,8871,8697,9209,4697,6670,1,7262,6556,6468,1880,16469,5055,8263,8846,13669,4963,1053,4445,623,2246,150,856,1,15:41
2024-25,1627736,Malik Beasley,Malik,1610612765,DET,Detroit Pistons,0022400766,2025-02-11T00:00:00,DET @ CHI,W,15.533333333333333,18.5,27.8,0.667,16.2,23.2,0.7,2.3,2.3,1.0,0.0,4.6,4.6,0.0,0.0,2.3,0.0,0.0,7.0,2.3,55.6,51.0,68.1,0,0,81.1,1,1,13086,1,19234,192,412,3281,60,142,1937,9563,11725,1,14058,11892,15738,19908,16469,4964,8263,8846,2016,11669,105,533,518,2246,150,145,1,15:32
2024-25,202699,Tobias Harris,Tobias,1610612765,DET,Detroit Pistons,0022400766,2025-02-11T00:00:00,DET @ CHI,W,25.066666666666666,11.5,18.7,0.615,2.9,8.6,0.333,0.0,0.0,0.0,0.0,4.3,4.3,0.0,1.4,4.3,1.4,0.0,0.0,1.4,25.9,30.2,46.8,0,0,44.5,1,1,13086,1,11944,1872,4049,5246,6977,5389,9209,13505,14344,13505,14058,12772,16509,19908,13071,1363,5093,8846,20257,15295,3747,1946,4390,2246,150,4464,1,25:04
2024-25,1630188,Jalen Smith,Jalen,1610612741,CHI,Chicago Bulls,0022400766,2025-02-11T00:00:00,CHI vs. DET,L,10.533333333333333,6.8,20.5,0.333,3.4,17.1,0.2,0.0,0.0,0.0,3.4,6.8,10.3,10.3,0.0,0.0,0.0,0.0,0.0,0.0,17.1,-6.8,44.8,0,0,41.0,1,13222,1,13222,21904,9329,2630,17395,5341,408,13429,13505,14344,13505,4503,6642,5175,1309,16469,12854,8263,8846,20257,17725,10753,16440,5293,2246,150,6186,1,10:32
2024-25,1630191,Isaiah Stewart,Isaiah,1610612765,DET,Detroit Pistons,0022400766,2025-02-11T00:00:00,DET @ CHI,W,15.35,14.1,18.8,0.75,4.7,4.7,1.0,0.0,0.0,0.0,7.0,7.0,14.1,7.0,7.0,0.0,0.0,0.0,4.7,0.0,32.8,56.3,53.2,0,0,58.6,1,1,13086,1,19342,689,3963,2107,2745,13982,1,13505,14344,13505,1130,6296,2204,3971,879,12854,8263,8846,5306,17725,1359,420,2389,2246,150,949,1,15:21
2024-25,1642277,Johnny Furphy,Johnny,1610612754,IND,Indiana Pacers,0022400765,2025-02-11T00:00:00,IND vs. NYK,L,3.3666666666666667,0.0,21.4,0.0,0.0,0.0,0.0,0.0,0.0,0.0,42.8,10.7,53.5,10.7,0.0,0.0,0.0,0.0,0.0,0.0,0.0,53.5,80.2,0,0,64.2,1,13222,1,13222,24790,22635,2096,22635,15070,20945,15070,13505,14344,13505,5,2077,15,1109,16469,12854,8263,8846,20257,17725,23200,473,189,2246,150,515,1,3:22
2024-25,1629626,Bol Bol,Bol,1610612756,PHX,Phoenix Suns,0022400767,2025-02-11T00:00:00,PHX vs. MEM,L,30.416666666666668,8.3,18.9,0.438,3.6,11.8,0.3,1.2,2.4,0.5,1.2,15.4,16.6,2.4,2.4,2.4,4.7,0.0,2.4,1.2,21.3,2.4,63.7,1,0,58.0,1,13222,1,13222,7392,6012,3813,13558,5026,1879,11319,12651,11577,10625,11904,504,1244,14993,8784,4805,602,8846,13358,16489,6821,11430,823,1,150,1027,1,30:25
2024-25,1630567,Scottie Barnes,Scottie,1610612761,TOR,Toronto Raptors,0022400764,2025-02-11T00:00:00,TOR @ PHI,W,37.166666666666664,9.7,15.5,0.625,1.0,1.9,0.5,11.6,14.5,0.8,1.0,8.7,9.7,2.9,2.9,1.0,1.9,0.0,1.0,7.7,32.0,9.7,53.8,1,0,51.3,1,1,13086,1,1873,3616,7824,4899,14712,19664,3944,384,389,7681,13509,3816,5815,13258,6821,12221,3659,8846,19865,1163,1540,7842,2260,1,150,2192,1,37:10
2024-25,1641709,Ausar Thompson,Ausar,1610612765,DET,Detroit Pistons,0022400766,2025-02-11T00:00:00,DET @ CHI,W,22.266666666666666,11.3,12.9,0.875,0.0,0.0,0.0,3.2,3.2,1.0,0.0,4.9,4.9,6.5,3.2,6.5,3.2,0.0,8.1,1.6,25.9,34.0,67.3,0,0,56.6,1,1,13086,1,14302,1992,11965,1353,15070,20945,15070,7248,9449,1,14058,11280,15180,4761,5723,376,1441,8846,1331,14571,3740,1509,555,2246,150,1215,1,22:16
2024-25,1630194,Paul Reed,Paul,1610612765,DET,Detroit Pistons,0022400766,2025-02-11T00:00:00,DET @ CHI,W,9.75,7.4,14.8,0.5,0.0,7.4,0.0,3.7,7.4,0.5,3.7,18.5,22.2,3.7,3.7,0.0,7.4,0.0,3.7,3.7,18.5,-11.1,69.0,0,0,59.1,1,1,13086,1,22194,8043,8955,8526,15070,7653,15070,6305,3010,10625,4048,228,328,10805,4568,12854,181,8846,8110,7148,9354,18349,474,2246,150,908,1,9:45
2024-25,1631204,Marcus Sasser,Marcus,1610612765,DET,Detroit Pistons,0022400766,2025-02-11T00:00:00,DET @ CHI,W,11.433333333333334,15.7,15.7,1.0,12.6,12.6,1.0,0.0,0.0,0.0,0.0,0.0,0.0,0.0,3.1,0.0,0.0,0.0,6.3,0.0,44.1,-22.0,40.9,0,0,56.7,1,1,13086,1,21515,385,7482,1,118,1478,1,13505,14344,13505,14058,22137,23286,19908,5988,12854,8263,8846,2605,17725,283,22072,7208,2246,150,1202,1,11:26
2024-25,1629630,Ja Morant,Ja,1610612763,MEM,Memphis Grizzlies,0022400767,2025-02-11T00:00:00,MEM @ PHX,W,33.30833333333333,8.6,20.5,0.421,0.0,5.4,0.0,10.8,13.0,0.833,1.1,6.5,7.6,6.5,2.2,1.1,0.0,0.0,1.1,6.5,28.1,15.1,48.0,0,0,44.3,1,1,13086,1,4895,5353,2618,14442,15070,12203,15070,515,591,7275,12630,7346,9037,4740,9680,11188,8263,8846,19213,2102,2744,5574,3987,2246,150,4550,1,33:19
2024-25,203486,Mason Plumlee,Mason,1610612756,PHX,Phoenix Suns,0022400767,2025-02-11T00:00:00,PHX vs. MEM,L,7.35,9.8,14.7,0.667,0.0,0.0,0.0,0.0,0.0,0.0,9.8,19.6,29.4,4.9,9.8,0.0,0.0,0.0,0.0,4.9,19.6,-19.6,52.4,0,0,53.9,1,13222,1,13222,23049,3476,9056,3281,15070,20945,15070,13505,14344,13505,429,188,98,7686,340,12854,8263,8846,20257,4295,8271,21430,2616,2246,150,1646,1,7:21
2024-25,1627783,Pascal Siakam,Pascal,1610612754,IND,Indiana Pacers,0022400765,2025-02-11T00:00:00,IND vs. NYK,L,34.06666666666667,9.5,19.0,0.5,3.2,6.3,0.5,3.2,3.2,1.0,1.1,4.2,5.3,1.1,1.1,2.1,1.1,0.0,2.1,2.1,25.4,-13.7,41.7,0,0,41.2,1,13222,1,13222,4190,3868,3742,8526,6036,9886,3944,7392,9568,1,12818,13036,14085,19503,15449,5725,7084,8846,14550,12549,4019,19394,6754,2246,150,6068,1,34:04
2024-25,1642348,Justin Edwards,Justin,1610612755,PHI,Philadelphia 76ers,0022400764,2025-02-11T00:00:00,PHI vs. TOR,L,16.233333333333334,8.9,15.5,0.571,2.2,4.4,0.5,0.0,0.0,0.0,2.2,2.2,4.4,0.0,2.2,2.2,0.0,4.4,4.4,0.0,20.0,-15.5,29.7,0,0,31.0,1,13222,1,13222,18766,4929,7793,6538,9171,14606,3944,13505,14344,13505,7540,19020,16205,19908,9442,5327,8263,502,5929,17725,7953,20103,15015,2246,150,13122,1,16:14
2024-25,1630574,Ariel Hukporti,Ariel,1610612752,NYK,New York Knicks,0022400765,2025-02-11T00:00:00,NYK @ IND,W,5.506666666666667,0.0,6.5,0.0,0.0,0.0,0.0,0.0,0.0,0.0,6.5,6.5,13.1,0.0,13.1,0.0,0.0,0.0,0.0,0.0,0.0,-45.8,2.6,0,0,13.1,1,1,13086,1,23788,22635,22070,22635,15070,20945,15070,13505,14344,13505,1358,7228,2755,19908,164,12854,8263,8846,20257,17725,23200,25217,25141,2246,150,23688,1,5:30
2024-25,1630534,Ochai Agbaji,Ochai,1610612761,TOR,Toronto Raptors,0022400764,2025-02-11T00:00:00,TOR @ PHI,W,27.25,6.6,13.2,0.5,1.3,4.0,0.333,0.0,0.0,0.0,0.0,5.3,5.3,1.3,2.6,0.0,0.0,0.0,6.6,1.3,14.5,10.6,20.2,0,0,22.5,1,1,13086,1,10145,9911,11461,8526,12777,15655,9209,13505,14344,13505,14058,10065,14082,18589,7725,12854,8263,8846,2311,15805,13372,7436,21055,2246,150,19388,1,27:15
2024-25,1630178,Tyrese Maxey,Tyrese,1610612755,PHI,Philadelphia 76ers,0022400764,2025-02-11T00:00:00,PHI vs. TOR,L,34.06666666666667,1.1,9.5,0.111,1.1,7.4,0.143,2.1,2.1,1.0,0.0,5.3,5.3,3.2,4.2,0.0,0.0,0.0,4.2,1.1,5.3,-15.9,12.2,0,0,14.8,1,13222,1,13222,4190,22599,17926,22520,14212,7629,14649,10252,12380,1,14058,10068,14085,12421,3452,12854,8263,8846,6480,17145,21861,20215,23974,2246,150,23138,1,34:04
2024-25,1630208,Nick Richards,Nick,1610612756,PHX,Phoenix Suns,0022400767,2025-02-11T00:00:00,PHX vs. MEM,L,16.3,4.4,8.8,0.5,0.0,0.0,0.0,4.4,4.4,1.0,2.2,6.6,8.8,2.2,0.0,0.0,0.0,2.2,4.4,2.2,13.3,-17.7,27.2,0,0,24.3,1,13222,1,13222,18725,16017,18963,8526,15070,20945,15070,4963,7002,1,7558,7040,6969,15595,16469,12854,8263,2620,5977,12125,14804,20830,16840,2246,150,18141,1,16:18
2024-25,1642347,Jamal Shead,Jamal,1610612761,TOR,Toronto Raptors,0022400764,2025-02-11T00:00:00,TOR @ PHI,W,17.066666666666666,6.3,10.5,0.6,0.0,2.1,0.0,0.0,0.0,0.0,0.0,6.3,6.3,10.5,6.3,0.0,0.0,0.0,2.1,4.2,12.7,-21.1,29.7,0,0,29.5,1,1,13086,1,18215,10626,16139,5394,15070,19354,15070,13505,14344,13505,14058,7641,11548,1184,1208,12854,8263,8846,14569,5794,15438,21858,14988,2246,150,14304,1,17:04
2024-25,1631115,Orlando Robinson,Orlando,1610612761,TOR,Toronto Raptors,0022400764,2025-02-11T00:00:00,TOR @ PHI,W,14.566666666666666,4.9,9.9,0.5,0.0,0.0,0.0,0.0,0.0,0.0,0.0,9.9,9.9,4.9,0.0,2.5,0.0,2.5,4.9,0.0,9.9,9.9,36.6,0,0,29.7,1,1,13086,1,19845,14570,17271,8526,15070,20945,15070,13505,14344,13505,14058,2663,5557,7587,16469,4465,8263,2086,4742,17725,18271,7742,9983,2246,150,14196,1,14:34
2024-25,1630174,Aaron Nesmith,Aaron,1610612754,IND,Indiana Pacers,0022400765,2025-02-11T00:00:00,IND vs. NYK,L,13.433333333333334,0.0,8.0,0.0,0.0,5.4,0.0,0.0,0.0,0.0,0.0,0.0,0.0,8.0,0.0,2.7,0.0,0.0,10.7,2.7,0.0,-24.1,20.1,0,0,13.4,1,13222,1,13222,20517,22635,20192,22635,15070,12304,15070,13505,14344,13505,14058,22137,23286,2848,16469,3953,8263,8846,578,10375,23200,22607,21113,2246,150,23589,1,13:26
2024-25,1629656,Quentin Grimes,Quentin,1610612755,PHI,Philadelphia 76ers,0022400764,2025-02-11T00:00:00,PHI vs. TOR,L,35.516666666666666,5.1,12.2,0.417,1.0,6.1,0.167,2.0,3.0,0.667,3.0,4.1,7.1,4.1,0.0,2.0,0.0,0.0,1.0,3.0,13.2,8.1,33.9,0,0,29.4,1,13222,1,13222,3054,14191,13312,14532,14468,10489,14236,10547,9874,9425,5246,13562,9964,9791,16469,6126,8263,8846,19621,9097,14905,8581,11928,2246,150,14415,1,35:31
2024-25,1628960,Grayson Allen,Grayson,1610612756,PHX,Phoenix Suns,0022400767,2025-02-11T00:00:00,PHX vs. MEM,L,19.648333333333333,5.5,12.8,0.429,1.8,7.3,0.25,3.7,3.7,1.0,0.0,0.0,0.0,5.5,1.8,3.7,0.0,0.0,1.8,1.8,16.5,-3.7,33.9,0,0,31.1,1,13222,1,13222,16311,12980,12170,13735,10944,7765,11902,6358,8557,1,14058,22137,23286,6428,11402,2013,8263,8846,16024,13796,11399,14879,11896,2246,150,13043,1,19:39
2024-25,1631102,TyTy Washington Jr.,TyTy,1610612756,PHX,Phoenix Suns,0022400767,2025-02-11T00:00:00,PHX vs. MEM,L,13.0,2.8,22.2,0.125,0.0,16.6,0.0,0.0,0.0,0.0,2.8,5.5,8.3,8.3,0.0,0.0,0.0,0.0,0.0,0.0,5.5,-2.8,28.0,0,0,22.2,1,13222,1,13222,20740,19939,1750,22420,15070,444,15070,13505,14344,13505,5928,9430,7753,2606,16469,12854,8263,8846,20257,17725,21707,14435,16254,2246,150,19580,1,13:00
2024-25,1630590,Scotty Pippen Jr.,Scotty,1610612763,MEM,Memphis Grizzlies,0022400767,2025-02-11T00:00:00,MEM @ PHX,W,11.813333333333333,6.1,9.1,0.667,6.1,9.1,0.667,0.0,0.0,0.0,0.0,3.0,3.0,6.1,0.0,3.0,0.0,0.0,9.1,0.0,18.3,-18.3,40.2,0,0,39.6,1,1,13086,1,21374,11240,18493,3281,1240,4617,1957,13505,14344,13505,14058,16564,19588,5330,16469,3056,8263,8846,922,17725,9543,21014,7613,2246,150,7001,1,11:49
2024-25,1641713,GG Jackson,GG,1610612763,MEM,Memphis Grizzlies,0022400767,2025-02-11T00:00:00,MEM @ PHX,W,12.75,2.8,8.5,0.333,2.8,5.6,0.5,0.0,0.0,0.0,0.0,0.0,0.0,2.8,2.8,0.0,0.0,2.8,2.8,0.0,8.5,-25.4,9.9,0,0,14.1,1,1,13086,1,20863,19830,19529,17395,7142,11585,3944,13505,14344,13505,14058,22137,23286,13511,7130,12854,8263,1562,11532,17725,19537,22894,24440,2246,150,23391,1,12:45
2024-25,204456,T.J. McConnell,T.J.,1610612754,IND,Indiana Pacers,0022400765,2025-02-11T00:00:00,IND vs. NYK,L,16.95,6.4,10.6,0.6,0.0,2.1,0.0,2.1,8.5,0.25,0.0,2.1,2.1,12.7,2.1,0.0,0.0,0.0,0.0,4.2,14.9,-23.4,34.4,0,0,29.7,1,13222,1,13222,18283,10505,16022,5394,15070,19324,15070,10221,2194,13358,14058,19293,21565,578,9882,12854,8263,8846,20257,5726,13047,22440,11506,2246,150,14146,1,16:57
2024-25,1631207,Dalen Terry,Dalen,1610612741,CHI,Chicago Bulls,0022400766,2025-02-11T00:00:00,CHI vs. DET,L,13.8,5.2,15.7,0.333,2.6,7.8,0.333,2.6,5.2,0.5,2.6,5.2,7.8,0.0,0.0,2.6,0.0,2.6,2.6,2.6,15.7,13.0,32.9,0,0,31.3,1,13222,1,13222,20303,13767,7621,17395,7794,6760,9209,8784,5575,10625,6322,10237,8575,19908,16469,4120,8263,1863,12392,10607,12266,6376,12677,2246,150,12933,1,13:48
2024-25,1628991,Jaren Jackson Jr.,Jaren,1610612763,MEM,Memphis Grizzlies,0022400767,2025-02-11T00:00:00,MEM @ PHX,W,34.03333333333333,6.3,18.0,0.353,0.0,5.3,0.0,5.3,8.5,0.625,3.2,3.2,6.3,1.1,4.2,2.1,1.1,4.2,1.1,6.3,18.0,8.5,32.5,0,0,31.7,1,1,13086,1,4225,10571,4715,17268,15070,12493,15070,3671,2217,10271,5003,16184,11510,19501,3443,5712,7073,573,19358,2240,9864,8412,12965,2246,150,12598,1,34:02
2024-25,1642346,Ryan Dunn,Ryan,1610612756,PHX,Phoenix Suns,0022400767,2025-02-11T00:00:00,PHX vs. MEM,L,4.85,0.0,0.0,0.0,0.0,0.0,0.0,0.0,0.0,0.0,0.0,7.4,7.4,0.0,0.0,0.0,0.0,0.0,7.4,0.0,0.0,-22.3,8.9,0,0,7.4,1,13222,1,13222,24045,22635,24836,22635,15070,20945,15070,13505,14344,13505,14058,5637,9314,19908,16469,12854,8263,8846,1694,17725,23200,22150,24583,2246,150,24848,1,4:51
2024-25,1630322,Lindy Waters III,Lindy,1610612765,DET,Detroit Pistons,0022400766,2025-02-11T00:00:00,DET @ CHI,W,9.083333333333334,0.0,11.9,0.0,0.0,11.9,0.0,0.0,0.0,0.0,0.0,0.0,0.0,4.0,0.0,0.0,0.0,0.0,4.0,0.0,0.0,-4.0,5.9,0,0,4.0,1,1,13086,1,22416,22635,13778,22635,15070,1842,15070,13505,14344,13505,14058,22137,23286,10032,16469,12854,8263,8846,7239,17725,23200,15048,24926,2246,150,25187,1,9:05
2024-25,203471,Dennis Schröder,Dennis,1610612765,DET,Detroit Pistons,0022400766,2025-02-11T00:00:00,DET @ CHI,W,14.9,2.4,14.5,0.167,0.0,2.4,0.0,4.8,4.8,1.0,0.0,4.8,4.8,9.7,2.4,0.0,0.0,0.0,2.4,4.8,9.7,45.9,27.5,0,0,24.2,1,1,13086,1,19635,20628,9359,21938,15070,18774,15070,4290,6231,1,14058,11326,15216,1609,8586,12854,8263,8846,13123,4430,18478,671,16548,2246,150,18230,1,14:54
2024-25,1630595,Cade Cunningham,Cade,1610612765,DET,Detroit Pistons,0022400766,2025-02-11T00:00:00,DET @ CHI,W,27.343333333333334,11.8,18.4,0.643,1.3,2.6,0.5,1.3,1.3,1.0,0.0,7.9,7.9,9.2,0.0,0.0,1.3,1.3,0.0,2.6,26.3,44.8,53.6,0,0,47.4,1,1,13086,1,10074,1622,4268,4607,12799,18392,3944,12257,13705,1,14058,4864,8464,1856,16469,12854,5580,5571,20257,10536,3522,719,2306,2246,150,3343,1,27:21
2024-25,202331,Paul George,Paul,1610612755,PHI,Philadelphia 76ers,0022400764,2025-02-11T00:00:00,PHI vs. TOR,L,35.7,5.0,12.1,0.417,2.0,6.1,0.333,2.0,2.0,1.0,0.0,3.0,3.0,2.0,2.0,2.0,0.0,0.0,4.0,1.0,14.1,-10.1,24.8,0,0,25.2,1,13222,1,13222,2904,14261,13413,14532,10090,10563,9209,10585,12674,1,14058,16629,19647,16313,10443,6173,8263,8846,7048,17366,13831,17917,18419,2246,150,17509,1,35:42
2024-25,1642377,Jaylen Wells,Jaylen,1610612763,MEM,Memphis Grizzlies,0022400767,2025-02-11T00:00:00,MEM @ PHX,W,19.25,5.6,15.0,0.375,3.7,9.4,0.4,0.0,0.0,0.0,5.6,1.9,7.5,1.9,0.0,0.0,0.0,1.9,7.5,0.0,15.0,3.7,26.7,0,0,28.1,1,1,13086,1,16627,12673,8663,16299,4596,4303,7874,13505,14344,13505,1870,20043,9207,16858,16469,12854,8263,3666,1657,17725,12946,10782,17125,2246,150,15386,1,19:15
2024-25,1630193,Immanuel Quickley,Immanuel,1610612761,TOR,Toronto Raptors,0022400764,2025-02-11T00:00:00,TOR @ PHI,W,33.766666666666666,7.5,11.7,0.636,4.3,8.5,0.5,5.3,5.3,1.0,1.1,2.1,3.2,5.3,3.2,0.0,0.0,0.0,2.1,4.3,24.5,13.9,33.2,0,0,37.3,1,1,13086,1,4465,7864,14065,4689,3458,5529,3944,3616,5419,1,12745,19262,19243,6760,5826,12854,8263,8846,14448,5687,4477,6054,12467,2246,150,8499,1,33:46
2024-25,1642266,Ja'Kobe Walter,Ja'Kobe,1610612761,TOR,Toronto Raptors,0022400764,2025-02-11T00:00:00,TOR @ PHI,W,19.983333333333334,3.6,14.4,0.25,1.8,7.2,0.25,0.0,0.0,0.0,5.4,3.6,9.0,1.8,1.8,1.8,0.0,1.8,0.0,0.0,9.0,-10.8,26.1,0,0,25.2,1,1,13086,1,16026,18074,9499,20233,11071,8036,11902,13505,14344,13505,2012,14918,6719,17077,11550,7249,8263,3898,20257,17725,19072,18236,17541,2246,150,17498,1,19:59
2024-25,1641763,Julian Phillips,Julian,1610612741,CHI,Chicago Bulls,0022400766,2025-02-11T00:00:00,CHI vs. DET,L,12.75,5.6,11.3,0.5,2.8,8.5,0.333,5.6,8.5,0.667,0.0,2.8,2.8,0.0,0.0,0.0,0.0,0.0,0.0,5.6,19.8,-11.3,23.2,0,0,25.4,1,13222,1,13222,20863,12566,14839,8526,7142,5630,9209,3255,2210,9425,14058,17319,20185,19908,16469,12854,8263,8846,20257,3123,8104,18439,19462,2246,150,17343,1,12:45
2024-25,1629634,Brandon Clarke,Brandon,1610612763,MEM,Memphis Grizzlies,0022400767,2025-02-11T00:00:00,MEM @ PHX,W,18.8,13.4,21.1,0.636,0.0,0.0,0.0,0.0,0.0,0.0,9.6,3.8,13.4,3.8,0.0,1.9,0.0,1.9,1.9,1.9,26.8,-1.9,54.4,0,0,47.9,1,1,13086,1,16965,871,2301,4689,15070,20945,15070,13505,14344,13505,458,14233,2547,10424,16469,6688,8263,3494,15593,13456,3296,13989,2120,2246,150,3197,1,18:48
2024-25,1631323,Simone Fontecchio,Simone,1610612765,DET,Detroit Pistons,0022400766,2025-02-11T00:00:00,DET @ CHI,W,25.733333333333334,2.8,11.2,0.25,1.4,4.2,0.333,4.2,4.2,1.0,1.4,12.6,14.0,1.4,2.8,1.4,1.4,0.0,2.8,1.4,11.2,26.6,35.7,0,0,33.6,1,1,13086,1,11374,19879,15036,20233,12458,15131,9209,5351,7416,1,10758,1131,2241,18348,7221,8909,5238,8846,11656,15459,17000,2506,10598,2246,150,11180,1,25:44
2024-25,1626220,Royce O'Neale,Royce,1610612756,PHX,Phoenix Suns,0022400767,2025-02-11T00:00:00,PHX vs. MEM,L,33.545,4.3,12.9,0.333,3.2,10.7,0.3,0.0,0.0,0.0,0.0,6.4,6.4,4.3,1.1,1.1,0.0,1.1,3.2,0.0,11.8,2.1,28.1,0,0,27.9,1,13222,1,13222,4693,16342,12077,17395,5905,2749,11319,13505,14344,13505,14058,7431,11301,9150,15317,11248,8263,7280,9785,17725,16337,11542,16122,2246,150,15495,1,33:33
2024-25,1626164,Devin Booker,Devin,1610612756,PHX,Phoenix Suns,0022400767,2025-02-11T00:00:00,PHX vs. MEM,L,39.78333333333333,5.4,11.8,0.462,0.0,2.7,0.0,4.5,4.5,1.0,0.0,1.8,1.8,8.1,1.8,0.0,0.0,0.0,3.6,3.6,15.4,-7.2,28.0,0,0,25.3,1,13222,1,13222,623,13191,14009,12428,15070,18232,15070,4796,6797,1,14058,20214,22145,2751,11505,12854,8263,8846,8365,7334,12538,16608,16261,2246,150,17402,1,39:47
2024-25,1630217,Desmond Bane,Desmond,1610612763,MEM,Memphis Grizzlies,0022400767,2025-02-11T00:00:00,MEM @ PHX,W,35.125,6.1,13.3,0.462,2.0,5.1,0.4,6.1,7.2,0.857,0.0,8.2,8.2,4.1,3.1,1.0,0.0,1.0,4.1,3.1,20.5,13.3,36.5,0,0,36.9,1,1,13086,1,3371,11093,11257,12428,9914,12888,7874,2729,3192,7071,14058,4422,7937,9664,6207,11717,8263,7708,6839,8978,7497,6250,10041,2246,150,8788,1,35:08
2024-25,1641783,Tristan da Silva,Tristan,1610612753,ORL,Orlando Magic,0022400756,2025-02-10T00:00:00,ORL vs. ATL,L,15.816666666666666,4.6,11.4,0.4,2.3,6.8,0.333,9.1,9.1,1.0,2.3,2.3,4.6,0.0,0.0,2.3,2.3,0.0,0.0,4.6,20.5,-4.6,39.6,0,0,36.4,1,13222,1,13222,19057,15620,14699,14933,8944,8831,9209,964,1811,1,7321,18837,15919,19908,16469,5124,2783,8846,20257,5038,7509,15347,8014,2246,150,9089,1,15:49
2024-25,1629661,Cameron Johnson,Cameron,1610612751,BKN,Brooklyn Nets,0022400758,2025-02-10T00:00:00,BKN vs. CHA,W,25.433333333333334,7.1,12.7,0.556,2.8,8.5,0.333,2.8,2.8,1.0,4.2,2.8,7.1,4.2,0.0,0.0,1.4,0.0,1.4,1.4,19.8,18.4,38.9,0,0,36.8,1,1,13086,1,11634,8747,12315,7248,7115,5592,9209,8261,10407,1,3250,17292,10002,9259,16469,12854,5165,8846,17559,15384,8053,4439,8464,2246,150,8839,1,25:26
2024-25,1631243,Mouhamed Gueye,Mouhamed,1610612737,ATL,Atlanta Hawks,0022400756,2025-02-10T00:00:00,ATL @ ORL,W,14.866666666666667,4.8,14.5,0.333,4.8,9.7,0.5,7.3,9.7,0.75,0.0,2.4,2.4,4.8,2.4,4.8,2.4,2.4,2.4,4.8,21.8,19.4,51.3,0,0,48.4,1,1,13086,1,19657,14826,9308,17395,2500,3869,3944,1821,1512,8186,14058,18422,20961,7809,8566,993,2518,2174,13111,4404,6387,4149,2886,2246,150,3006,1,14:52
2024-25,1629637,Jaxson Hayes,Jaxson,1610612747,LAL,Los Angeles Lakers,0022400768,2025-02-10T00:00:00,LAL vs. UTA,W,23.283333333333335,9.3,9.3,1.0,0.0,0.0,0.0,0.0,0.0,0.0,0.0,3.1,3.1,3.1,0.0,4.6,1.5,0.0,4.6,0.0,18.6,18.6,45.5,0,0,37.1,1,1,13086,1,13481,4242,18296,1,15070,20945,15070,13505,14344,13505,14058,16427,19493,12624,16469,1126,4713,8846,5443,17725,9262,4392,4969,2246,150,8645,1,23:17
2024-25,1629029,Luka Dončić,Luka,1610612747,LAL,Los Angeles Lakers,0022400768,2025-02-10T00:00:00,LAL vs. UTA,W,23.55,7.6,21.4,0.357,1.5,10.7,0.143,4.6,4.6,1.0,1.5,6.1,7.6,6.1,1.5,0.0,0.0,0.0,4.6,4.6,21.4,22.9,38.2,0,0,36.7,1,1,13086,1,13273,7399,2091,17140,11928,2773,14649,4703,6677,1,10196,8069,8889,5307,12617,12854,8263,8846,5571,4974,6734,3284,8882,2246,150,8924,1,23:33
2024-25,1630541,Moses Moody,Moses,1610612744,GSW,Golden State Warriors,0022400760,2025-02-10T00:00:00,GSW @ MIL,W,32.96666666666667,5.5,10.9,0.5,1.1,5.5,0.2,2.2,2.2,1.0,0.0,3.3,3.3,1.1,1.1,3.3,1.1,1.1,2.2,2.2,14.2,3.3,31.8,0,0,28.4,1,1,13086,1,5178,13104,15495,8526,13987,12058,13429,10013,12138,1,14058,15865,19050,19375,15187,2609,6846,7119,14171,12227,13731,10989,13492,2246,150,15153,1,32:58
2024-25,1631114,Jalen Williams,Jalen,1610612760,OKC,Oklahoma City Thunder,0022400761,2025-02-10T00:00:00,OKC vs. NOP,W,25.05,8.6,15.8,0.545,4.3,5.7,0.75,1.4,2.9,0.5,0.0,7.2,7.2,7.2,2.9,2.9,0.0,0.0,0.0,2.9,23.0,31.6,48.1,0,0,47.4,1,1,13086,1,11963,5392,7401,7695,3363,11336,1542,11932,10298,10625,14058,6029,9778,3782,6944,3477,8263,8846,20257,9675,5482,1775,3933,2246,150,3333,1,25:03
2024-25,1629640,Keldon Johnson,Keldon,1610612759,SAS,San Antonio Spurs,0022400757,2025-02-10T00:00:00,SAS @ WAS,W,11.266666666666667,6.4,25.6,0.25,0.0,3.2,0.0,0.0,0.0,0.0,9.6,3.2,12.8,3.2,9.6,0.0,0.0,6.4,0.0,0.0,12.8,-22.4,23.3,0,0,28.8,1,1,13086,1,21593,10470,717,20233,15070,17280,15070,13505,14344,13505,457,16103,2947,12339,361,12854,8263,194,20257,17725,15311,22184,19358,2246,150,14888,1,11:16
2024-25,1628370,Malik Monk,Malik,1610612758,SAC,Sacramento Kings,0022400762,2025-02-10T00:00:00,SAC @ DAL,W,42.82833333333333,5.9,14.3,0.412,0.0,3.4,0.0,2.5,3.4,0.75,1.7,0.8,2.5,6.7,3.4,0.0,0.8,0.8,2.5,5.0,14.3,6.7,26.6,0,0,25.2,1,1,13086,1,167,11850,9708,14791,15070,16948,15070,8987,9176,8186,9641,22127,20763,4397,5327,12854,8205,8785,12703,4031,13621,9278,17248,2246,150,17501,1,42:50
2024-25,1642265,Rob Dillingham,Rob,1610612750,MIN,Minnesota Timberwolves,0022400755,2025-02-10T00:00:00,MIN @ CLE,L,22.683333333333334,7.9,22.2,0.357,1.6,4.8,0.333,3.2,3.2,1.0,0.0,3.2,3.2,4.8,3.2,1.6,0.0,1.6,3.2,1.6,20.6,-25.4,33.2,0,0,33.3,1,13222,1,13222,13966,6776,1725,17140,11721,13806,9209,7386,9559,1,14058,16179,19299,8018,5895,8034,8263,4466,9985,14671,7366,22887,12457,2246,150,11377,1,22:41
2024-25,1630559,Austin Reaves,Austin,1610612747,LAL,Los Angeles Lakers,0022400768,2025-02-10T00:00:00,LAL vs. UTA,W,31.883333333333333,6.8,11.3,0.6,3.4,5.6,0.6,7.9,7.9,1.0,3.4,6.8,10.2,4.5,0.0,1.1,1.1,1.1,1.1,6.8,24.8,30.5,50.6,0,0,47.4,1,1,13086,1,6069,9486,14843,5394,5415,11589,2992,1455,2589,1,4567,6745,5266,8615,16469,10777,6616,6803,18933,1840,4281,1900,3103,2246,150,3336,1,31:53
2024-25,204001,Kristaps Porziņģis,Kristaps,1610612738,BOS,Boston Celtics,0022400759,2025-02-10T00:00:00,BOS @ MIA,W,32.38333333333333,8.9,16.7,0.533,1.1,6.7,0.167,0.0,0.0,0.0,0.0,10.0,10.0,2.2,1.1,0.0,2.2,1.1,2.2,2.2,18.9,21.1,39.8,0,0,36.7,1,1,13086,1,5657,4899,6212,8140,13882,9163,14236,13505,14344,13505,14058,2584,5427,15542,15053,12854,2898,6948,13991,12062,8948,3671,7884,2246,150,8927,1,32:23
2024-25,1630166,Deni Avdija,Deni,1610612757,POR,Portland Trail Blazers,0022400763,2025-02-10T00:00:00,POR @ DEN,L,33.71666666666667,5.3,12.8,0.417,2.1,4.3,0.5,4.3,6.4,0.667,2.1,4.3,6.4,8.5,2.1,1.1,0.0,1.1,4.3,6.4,17.1,-26.7,38.7,0,0,36.3,1,13222,1,13222,4521,13437,12183,14532,9524,14977,3944,5215,3998,9425,7825,12893,11381,2385,9805,11309,8263,7328,6373,2176,10762,23177,8621,2246,150,9154,1,33:43
2024-25,1629636,Darius Garland,Darius,1610612739,CLE,Cleveland Cavaliers,0022400755,2025-02-10T00:00:00,CLE vs. MIN,W,26.833333333333332,8.0,18.8,0.429,5.4,8.0,0.667,1.3,1.3,1.0,0.0,1.3,1.3,4.0,5.4,0.0,0.0,2.7,1.3,2.7,22.8,28.2,25.1,0,0,33.5,1,1,13086,1,10465,6529,3939,13735,1878,6367,1957,12194,13675,1,14058,21206,22769,9876,1939,12854,8263,1766,17857,10367,5628,2235,18223,2246,150,11210,1,26:50
2024-25,1629631,De'Andre Hunter,De'Andre,1610612739,CLE,Cleveland Cavaliers,0022400755,2025-02-10T00:00:00,CLE vs. MIN,W,22.95,4.7,11.0,0.429,4.7,6.3,0.75,4.7,6.3,0.75,0.0,1.6,1.6,0.0,0.0,1.6,0.0,1.6,7.8,3.1,18.8,0.0,25.4,0,0,28.2,1,1,13086,1,13753,15225,15384,13735,2721,10032,1542,4505,4155,8186,14058,20740,22484,19908,16469,8112,8263,4529,1433,8768,9012,12240,17984,2246,150,15263,1,22:57
2024-25,201143,Al Horford,Al,1610612738,BOS,Boston Celtics,0022400759,2025-02-10T00:00:00,BOS @ MIA,W,33.365,6.5,11.9,0.545,4.3,8.6,0.5,0.0,0.0,0.0,1.1,9.7,10.8,0.0,0.0,0.0,2.2,0.0,0.0,0.0,17.3,14.0,36.7,1,0,36.7,1,1,13086,1,4852,10250,13823,7695,3358,5371,3944,13505,14344,13505,12645,2805,4610,19908,16469,12854,3048,8846,20257,17725,10559,5994,9898,1,150,8928,1,33:22
2024-25,1627780,Gary Payton II,Gary,1610612744,GSW,Golden State Warriors,0022400760,2025-02-10T00:00:00,GSW @ MIL,W,9.916666666666666,7.3,7.3,1.0,0.0,0.0,0.0,0.0,0.0,0.0,0.0,0.0,0.0,10.9,0.0,0.0,0.0,0.0,7.3,0.0,14.5,21.8,30.9,0,0,25.4,1,1,13086,1,22132,8315,21260,1,15070,20945,15070,13505,14344,13505,14058,22137,23286,1035,16469,12854,8263,8846,1797,17725,13386,3511,14155,2246,150,17342,1,9:55
2024-25,1629048,Goga Bitadze,Goga,1610612753,ORL,Orlando Magic,0022400756,2025-02-10T00:00:00,ORL vs. ATL,L,16.616666666666667,0.0,2.2,0.0,0.0,0.0,0.0,0.0,0.0,0.0,0.0,6.5,6.5,0.0,2.2,2.2,8.7,2.2,4.3,0.0,0.0,17.3,38.1,0,0,28.2,1,13222,1,13222,18517,22635,24732,22635,15070,20945,15070,13505,14344,13505,14058,7307,11179,19908,9653,5520,112,2723,6188,17725,23200,4796,8938,2246,150,15319,1,16:37
2024-25,1627734,Domantas Sabonis,Domantas,1610612758,SAC,Sacramento Kings,0022400762,2025-02-10T00:00:00,SAC @ DAL,W,41.78,6.0,8.6,0.7,0.0,0.0,0.0,1.7,4.3,0.4,2.6,10.3,12.9,6.9,2.6,0.0,0.0,0.9,2.6,3.4,13.8,16.4,37.1,1,0,33.6,1,1,13086,1,273,11428,19334,3045,15070,20945,15070,11376,7192,13061,6390,2328,2855,4145,7934,12854,8263,8753,12476,7820,14185,5118,9664,1,150,11156,1,41:47
2024-25,1628371,Jonathan Isaac,Jonathan,1610612753,ORL,Orlando Magic,0022400756,2025-02-10T00:00:00,ORL vs. ATL,L,17.983333333333334,4.0,6.0,0.667,4.0,6.0,0.667,0.0,0.0,0.0,0.0,8.0,8.0,0.0,4.0,0.0,2.0,0.0,6.0,0.0,12.0,-10.0,23.6,0,0,28.0,1,13222,1,13222,17566,17081,22589,3281,3989,10677,1957,13505,14344,13505,14058,4694,8257,19908,3878,12854,3488,8846,2932,17725,16121,17894,19187,2246,150,15408,1,17:59
2024-25,203497,Rudy Gobert,Rudy,1610612750,MIN,Minnesota Timberwolves,0022400755,2025-02-10T00:00:00,MIN @ CLE,L,26.783333333333335,5.4,8.1,0.667,0.0,0.0,0.0,5.4,6.7,0.8,8.1,2.7,10.8,1.3,2.7,0.0,2.7,1.3,0.0,4.0,16.1,-8.1,36.4,0,0,33.6,1,13222,1,13222,10503,13330,20154,3281,15070,20945,15070,3554,3637,7681,764,17733,4644,18521,7565,12854,2098,5426,20257,6227,11788,17000,10072,2246,150,11158,1,26:47
2024-25,1629660,Ty Jerome,Ty,1610612739,CLE,Cleveland Cavaliers,0022400755,2025-02-10T00:00:00,CLE vs. MIN,W,24.2,6.0,11.9,0.5,3.0,8.9,0.333,7.4,7.4,1.0,1.5,1.5,3.0,6.0,1.5,1.5,0.0,0.0,0.0,7.4,22.3,20.8,37.8,0,0,37.2,1,1,13086,1,12726,11651,13758,8526,6608,4928,9209,1710,2968,1,10363,20897,19798,5586,12804,8464,8263,8846,20257,1358,5997,3742,9171,2246,150,8593,1,24:12
2024-25,1628369,Jayson Tatum,Jayson,1610612738,BOS,Boston Celtics,0022400759,2025-02-10T00:00:00,BOS @ MIA,W,37.733333333333334,12.4,24.8,0.5,3.8,11.4,0.333,2.9,2.9,1.0,0.0,7.6,7.6,1.9,0.0,0.0,1.0,1.0,1.0,2.9,31.5,5.7,46.4,0,0,46.7,1,1,13086,1,1546,1297,874,8526,4389,2139,9209,8188,10327,1,14058,5264,8906,16720,16469,12854,7791,8306,19945,9718,1646,9738,4593,2246,150,3568,1,37:44
2024-25,1630551,Justin Champagnie,Justin,1610612764,WAS,Washington Wizards,0022400757,2025-02-10T00:00:00,WAS vs. SAS,L,18.183333333333334,9.9,11.9,0.833,4.0,4.0,1.0,4.0,4.0,1.0,5.9,4.0,9.9,2.0,0.0,0.0,2.0,0.0,4.0,2.0,27.7,33.7,48.5,0,0,47.5,1,13222,1,13222,17449,3329,13805,1514,4077,15662,1,5770,7921,1,1653,13839,5548,16446,16469,12854,3539,8846,7253,13160,2890,1552,3808,2246,150,3296,1,18:11
2024-25,202693,Markieff Morris,Markieff,1610612747,LAL,Los Angeles Lakers,0022400768,2025-02-10T00:00:00,LAL vs. UTA,W,6.416666666666667,5.6,5.6,1.0,5.6,5.6,1.0,0.0,0.0,0.0,0.0,0.0,0.0,11.2,0.0,0.0,0.0,0.0,5.6,0.0,16.8,-44.9,33.7,0,0,33.7,1,1,13086,1,23402,12673,22986,1,1656,11686,1,13505,14344,13505,14058,22137,23286,931,16469,12854,8263,8846,3530,17725,11024,25181,12063,2246,150,11106,1,6:25
2024-25,1642354,KJ Simpson,KJ,1610612766,CHA,Charlotte Hornets,0022400758,2025-02-10T00:00:00,CHA @ BKN,L,30.166666666666668,3.6,14.3,0.25,0.0,4.8,0.0,3.6,3.6,1.0,2.4,8.4,10.7,4.8,3.6,1.2,0.0,1.2,0.0,3.6,10.7,3.6,30.8,0,0,28.6,1,13222,1,13222,7621,18126,9658,20233,15070,13777,15070,6530,8728,1,6965,4215,4663,7992,4818,10226,8263,6313,20257,7453,17440,10864,14209,2246,150,14971,1,30:10
2024-25,1630168,Onyeka Okongwu,Onyeka,1610612737,ATL,Atlanta Hawks,0022400756,2025-02-10T00:00:00,ATL @ ORL,W,28.533333333333335,3.8,8.8,0.429,0.0,1.3,0.0,3.8,3.8,1.0,1.3,7.6,8.8,2.5,2.5,1.3,1.3,2.5,2.5,2.5,11.4,5.0,30.8,0,0,27.8,1,1,13086,1,9085,17607,18967,13735,15070,20546,15070,6116,8286,1,11403,5377,6970,14459,8142,9710,5843,2003,12693,10898,16839,10084,14214,2246,150,15610,1,28:32
2024-25,1629216,Gabe Vincent,Gabe,1610612747,LAL,Los Angeles Lakers,0022400768,2025-02-10T00:00:00,LAL vs. UTA,W,17.7,8.1,18.3,0.444,6.1,16.3,0.375,0.0,0.0,0.0,0.0,0.0,0.0,8.1,0.0,0.0,0.0,0.0,2.0,2.0,22.4,34.6,34.6,0,0,36.6,1,1,13086,1,17779,6335,4363,13045,1232,487,8800,13505,14344,13505,14058,22137,23286,2755,16469,12854,8263,8846,14948,12911,5948,1440,11395,2246,150,8968,1,17:42
2024-25,1630202,Payton Pritchard,Payton,1610612738,BOS,Boston Celtics,0022400759,2025-02-10T00:00:00,BOS @ MIA,W,36.43333333333333,2.0,8.9,0.222,1.0,7.9,0.125,0.0,0.0,0.0,0.0,9.9,9.9,7.9,0.0,2.0,0.0,0.0,1.0,1.0,4.9,16.8,34.6,0,0,27.7,1,1,13086,1,2379,21447,18874,21205,14615,6619,14886,13505,14344,13505,14058,2667,5562,2994,16469,6357,8263,8846,19771,17432,22038,4972,11388,2246,150,15668,1,36:26
2024-25,1626156,D'Angelo Russell,D'Angelo,1610612751,BKN,Brooklyn Nets,0022400758,2025-02-10T00:00:00,BKN vs. CHA,W,22.8,6.3,18.9,0.333,1.6,11.1,0.143,3.2,3.2,1.0,1.6,3.2,4.7,6.3,4.7,1.6,0.0,0.0,3.2,1.6,17.4,-12.6,32.5,0,0,33.2,1,1,13086,1,13875,10659,3801,17395,11757,2440,14649,7418,9594,1,10002,16231,15471,4997,2673,8065,8263,8846,10046,14696,10454,18990,12932,2246,150,11523,1,22:48
2024-25,1630526,Jeremiah Robinson-Earl,Jeremiah,1610612740,NOP,New Orleans Pelicans,0022400761,2025-02-10T00:00:00,NOP @ OKC,L,16.711666666666666,4.3,8.6,0.5,2.2,2.2,1.0,6.5,8.6,0.75,4.3,4.3,8.6,0.0,4.3,0.0,0.0,0.0,0.0,6.5,17.2,-28.0,23.3,0,0,28.0,1,13222,1,13222,18459,16303,19333,8526,9431,19256,1,2433,2114,8186,3152,12775,7286,19908,3308,12854,8263,8846,20257,2121,10595,23428,19396,2246,150,15418,1,16:43
2024-25,1628401,Derrick White,Derrick,1610612738,BOS,Boston Celtics,0022400759,2025-02-10T00:00:00,BOS @ MIA,W,37.83166666666666,2.9,9.5,0.3,1.9,7.6,0.25,4.8,4.8,1.0,1.0,2.9,3.8,6.7,1.9,0.0,0.0,0.0,1.0,2.9,12.4,12.4,25.0,0,0,24.7,1,1,13086,1,1495,19757,17912,19363,10618,7148,11902,4419,6378,1,13635,17225,17803,4485,11021,12854,8263,8846,19959,9750,15750,6648,18274,2246,150,17862,1,37:50
2024-25,1631217,Moussa Diabaté,Moussa,1610612766,CHA,Charlotte Hornets,0022400758,2025-02-10T00:00:00,CHA @ BKN,L,26.666666666666668,12.1,14.9,0.818,0.0,0.0,0.0,4.1,8.1,0.5,4.1,9.5,13.5,0.0,1.3,0.0,2.7,1.3,2.7,6.8,28.4,-18.9,51.3,1,0,47.3,1,13222,1,13222,10590,1431,8824,1653,15070,20945,15070,5606,2446,10625,3527,3075,2486,19908,13566,12854,2083,5399,12044,1858,2653,21210,2897,1,150,3387,1,26:40
2024-25,1641718,Keyonte George,Keyonte,1610612762,UTA,Utah Jazz,0022400768,2025-02-10T00:00:00,UTA @ LAL,L,32.3,2.2,10.0,0.222,1.1,6.7,0.167,6.7,6.7,1.0,0.0,2.2,2.2,8.9,5.6,0.0,0.0,1.1,0.0,3.3,12.3,1.1,22.7,0,0,24.5,1,13222,1,13222,5727,20982,16992,21205,13864,9122,14236,2247,3668,1,14058,18981,21357,2091,1750,12854,8263,6919,20257,8108,15861,12072,19723,2246,150,17995,1,32:18
2024-25,1641794,Dillon Jones,Dillon,1610612760,OKC,Oklahoma City Thunder,0022400761,2025-02-10T00:00:00,OKC vs. NOP,W,17.65,6.1,12.2,0.5,4.1,8.2,0.5,0.0,0.0,0.0,0.0,2.0,2.0,10.2,2.0,2.0,0.0,0.0,2.0,0.0,16.3,38.8,38.1,0,0,36.7,1,1,13086,1,17819,11164,13190,8526,3831,6156,3944,13505,14344,13505,14058,19529,21720,1338,10300,6057,8263,8846,14919,17725,11580,1062,8932,2246,150,8906,1,17:39
2024-25,1629645,Kevin Porter Jr.,Kevin,1610612749,MIL,Milwaukee Bucks,0022400760,2025-02-10T00:00:00,MIL vs. GSW,L,10.15,3.5,3.5,1.0,0.0,0.0,0.0,0.0,0.0,0.0,0.0,3.5,3.5,7.1,7.1,3.5,0.0,0.0,3.5,0.0,7.1,-7.1,25.5,0,0,24.8,1,13222,1,13222,22055,18211,24290,1,15070,20945,15070,13505,14344,13505,14058,15095,18456,3892,848,2183,8263,8846,8617,17725,20641,16550,17917,2246,150,17806,1,10:09
2024-25,1642274,Yves Missi,Yves,1610612740,NOP,New Orleans Pelicans,0022400761,2025-02-10T00:00:00,NOP @ OKC,L,30.066666666666666,4.8,10.8,0.444,0.0,0.0,0.0,3.6,6.0,0.6,4.8,4.8,9.6,2.4,2.4,0.0,0.0,3.6,1.2,3.6,13.2,-13.2,25.9,0,0,25.1,1,13222,1,13222,7724,14976,15740,13045,15070,20945,15070,6505,4495,10343,2578,11462,5950,14894,8679,12854,8263,850,18551,7412,14914,19182,17703,2246,150,17567,1,30:04
2024-25,1629610,DaQuan Jeffries,DaQuan,1610612766,CHA,Charlotte Hornets,0022400758,2025-02-10T00:00:00,CHA @ BKN,L,24.833333333333332,4.3,8.7,0.5,0.0,4.3,0.0,1.4,2.9,0.5,0.0,1.4,1.4,1.4,0.0,0.0,1.4,0.0,2.9,1.4,10.1,-5.8,18.4,0,0,15.9,1,13222,1,13222,12147,16206,19193,8526,15070,14795,15070,11908,10238,10625,14058,20992,22639,18179,16469,12854,5037,8846,11190,15246,18008,15968,21928,2246,150,22724,1,24:50
2024-25,1626172,Kevon Looney,Kevon,1610612744,GSW,Golden State Warriors,0022400760,2025-02-10T00:00:00,GSW @ MIL,W,12.233333333333333,2.9,14.7,0.2,0.0,0.0,0.0,5.9,5.9,1.0,8.8,5.9,14.7,5.9,2.9,0.0,0.0,0.0,8.8,2.9,11.8,-8.8,35.3,0,0,32.4,1,1,13086,1,21135,19549,9030,21401,15070,20945,15070,2982,4624,1,591,8575,1906,5691,6667,12854,8263,8846,1017,9444,16375,17343,10860,2246,150,12090,1,12:14
2024-25,1630702,Jaden Hardy,Jaden,1610612742,DAL,Dallas Mavericks,0022400762,2025-02-10T00:00:00,DAL vs. SAC,L,9.116666666666667,7.9,11.8,0.667,0.0,3.9,0.0,0.0,0.0,0.0,0.0,0.0,0.0,0.0,3.9,0.0,0.0,0.0,0.0,0.0,15.8,39.5,11.8,0,0,15.8,1,13222,1,13222,22412,6852,13870,3281,15070,15679,15070,13505,14344,13505,14058,22137,23286,19908,3973,12854,8263,8846,20257,17725,12122,1014,24050,2246,150,22788,1,9:07
2024-25,1630533,Ziaire Williams,Ziaire,1610612751,BKN,Brooklyn Nets,0022400758,2025-02-10T00:00:00,BKN vs. CHA,W,21.716666666666665,5.0,13.3,0.375,3.3,8.3,0.4,5.0,6.6,0.75,1.7,6.6,8.3,5.0,0.0,1.7,0.0,0.0,5.0,3.3,18.2,19.9,40.6,0,0,38.1,1,1,13086,1,14741,14473,11369,16299,5612,5933,7874,4082,3728,8186,9723,7033,7787,7531,16469,7775,8263,8846,4679,8205,9589,3985,7388,2246,150,7940,1,21:43
2024-25,1630592,Jalen Wilson,Jalen,1610612751,BKN,Brooklyn Nets,0022400758,2025-02-10T00:00:00,BKN vs. CHA,W,27.266666666666666,1.3,9.2,0.143,0.0,6.6,0.0,0.0,0.0,0.0,1.3,6.6,7.9,2.6,4.0,0.0,1.3,0.0,2.6,0.0,2.6,-4.0,16.1,0,0,15.8,1,1,13086,1,10130,22378,18345,22260,15070,9315,15070,13505,14344,13505,11099,7100,8423,14080,3950,12854,5560,8846,12276,17725,23038,15047,22808,2246,150,22773,1,27:16
2024-25,1641790,PJ Hall,PJ,1610612743,DEN,Denver Nuggets,0022400763,2025-02-10T00:00:00,DEN vs. POR,W,4.183333333333334,8.6,8.6,1.0,0.0,0.0,0.0,0.0,0.0,0.0,0.0,0.0,0.0,8.6,0.0,0.0,0.0,0.0,8.6,0.0,17.2,0.0,30.1,0,0,25.8,1,1,13086,1,24388,5422,19349,1,15070,20945,15070,13505,14344,13505,14058,22137,23286,2335,16469,12854,8263,8846,1094,17725,10615,12240,14722,2246,150,17055,1,4:11
2024-25,1630700,Dyson Daniels,Dyson,1610612737,ATL,Atlanta Hawks,0022400756,2025-02-10T00:00:00,ATL @ ORL,W,33.2,5.4,8.7,0.625,0.0,0.0,0.0,0.0,0.0,0.0,0.0,6.5,6.5,4.3,1.1,4.3,1.1,2.2,2.2,1.1,10.8,0.0,40.3,0,0,32.5,1,1,13086,1,4987,13210,19232,4899,15070,20945,15070,13505,14344,13505,14058,7298,11168,9042,15241,1347,6895,2718,14251,16981,17324,12240,7549,2246,150,11980,1,33:12
2024-25,1629618,Jalen Pickett,Jalen,1610612743,DEN,Denver Nuggets,0022400763,2025-02-10T00:00:00,DEN vs. POR,W,29.266666666666666,7.4,12.3,0.6,1.2,4.9,0.25,1.2,1.2,1.0,0.0,3.7,3.7,11.1,0.0,2.5,0.0,0.0,0.0,1.2,17.2,27.1,45.6,0,0,38.1,1,1,13086,1,8428,8056,13076,5394,13207,13389,11902,12502,13837,1,14058,14660,18090,980,16469,4507,8263,8846,20257,16240,10606,2418,4881,2246,150,7937,1,29:16
2024-25,1642461,Spencer Jones,Spencer,1610612743,DEN,Denver Nuggets,0022400763,2025-02-10T00:00:00,DEN vs. POR,W,4.183333333333334,0.0,8.6,0.0,0.0,8.6,0.0,0.0,0.0,0.0,0.0,0.0,0.0,0.0,0.0,8.6,0.0,0.0,8.6,0.0,0.0,0.0,25.8,0,0,17.2,1,1,13086,1,24388,22635,19349,22635,15070,5411,15070,13505,14344,13505,14058,22137,23286,19908,16469,171,8263,8846,1094,17725,23200,12240,17734,2246,150,22212,1,4:11
2024-25,1641810,Antonio Reeves,Antonio,1610612740,NOP,New Orleans Pelicans,0022400761,2025-02-10T00:00:00,NOP @ OKC,L,25.35,2.8,8.5,0.333,0.0,1.4,0.0,0.0,0.0,0.0,0.0,1.4,1.4,1.4,4.3,2.8,1.4,0.0,0.0,0.0,5.7,-19.9,18.0,0,0,17.0,1,13222,1,13222,11699,19791,19463,17395,15070,20359,15070,13505,14344,13505,14058,21037,22665,18269,3399,3574,5149,8846,20257,17725,21607,21520,22078,2246,150,22291,1,25:21
2024-25,1641739,Toumani Camara,Toumani,1610612757,POR,Portland Trail Blazers,0022400763,2025-02-10T00:00:00,POR @ DEN,L,30.883333333333333,2.3,8.2,0.286,2.3,4.7,0.5,0.0,0.0,0.0,2.3,4.7,7.0,2.3,3.5,2.3,1.2,1.2,3.5,2.3,7.0,-37.3,25.9,0,0,25.6,1,13222,1,13222,6971,20795,20005,19630,8737,14053,3944,13505,14344,13505,7145,11816,10157,15116,5016,4933,6392,6515,8759,11626,20735,24643,17697,2246,150,17177,1,30:53
2024-25,1631108,Max Christie,Max,1610612742,DAL,Dallas Mavericks,0022400762,2025-02-10T00:00:00,DAL vs. SAC,L,34.70666666666666,5.2,10.4,0.5,3.1,7.3,0.429,2.1,2.1,1.0,0.0,4.1,4.1,3.1,2.1,2.1,1.0,1.0,1.0,2.1,15.6,23.9,32.5,0,0,32.2,1,13222,1,13222,3686,13856,16429,8526,6191,7917,7394,10381,12501,1,14058,13276,16944,12578,10137,5896,7217,7604,19489,12741,12364,3059,12971,2246,150,12260,1,34:42
2024-25,1628970,Miles Bridges,Miles,1610612766,CHA,Charlotte Hornets,0022400758,2025-02-10T00:00:00,CHA @ BKN,L,28.783333333333335,3.8,13.8,0.273,0.0,3.8,0.0,1.3,2.5,0.5,3.8,5.0,8.8,3.8,3.8,0.0,2.5,2.5,1.3,2.5,8.8,2.5,28.6,0,0,26.3,1,13222,1,13222,8852,17705,10565,20048,15070,16096,15070,12449,11205,10625,3964,10877,7095,10643,4434,12854,2376,2044,18271,10981,19301,11369,15772,2246,150,16739,1,28:47
2024-25,203552,Seth Curry,Seth,1610612766,CHA,Charlotte Hornets,0022400758,2025-02-10T00:00:00,CHA @ BKN,L,14.45,2.5,10.0,0.25,2.5,5.0,0.5,2.5,5.0,0.5,0.0,2.5,2.5,2.5,2.5,0.0,0.0,0.0,2.5,2.5,10.0,-32.4,14.2,0,0,17.4,1,13222,1,13222,19913,20477,17111,20233,8168,13245,3944,9074,5953,10625,14058,18205,20825,14568,8279,12854,8263,8846,12836,11019,18189,24084,23430,2246,150,22110,1,14:27
2024-25,1641729,Brice Sensabaugh,Brice,1610612762,UTA,Utah Jazz,0022400768,2025-02-10T00:00:00,UTA @ LAL,L,12.383333333333333,0.0,2.9,0.0,0.0,2.9,0.0,2.9,5.8,0.5,0.0,2.9,2.9,5.8,0.0,2.9,0.0,0.0,2.9,2.9,2.9,-26.2,23.8,0,0,17.4,1,13222,1,13222,21055,22635,24518,22635,15070,17851,15070,8070,4736,10625,14058,17055,19976,5829,16469,3387,8263,8846,11160,9571,22977,23065,19066,2246,150,22105,1,12:23
2024-25,1642276,Kel'el Ware,Kel'el,1610612748,MIA,Miami Heat,0022400759,2025-02-10T00:00:00,MIA vs. BOS,L,26.816666666666666,5.4,16.1,0.333,0.0,5.4,0.0,0.0,0.0,0.0,2.7,6.7,9.4,2.7,0.0,0.0,1.3,1.3,2.7,1.3,10.7,1.3,30.1,0,0,25.5,1,13222,1,13222,10473,13346,6966,17395,15070,12284,15070,13505,14344,13505,6138,6870,6191,13949,16469,12854,5475,5436,12101,15714,17441,11935,14748,2246,150,17276,1,26:49
2024-25,1627752,Taurean Prince,Taurean,1610612749,MIL,Milwaukee Bucks,0022400760,2025-02-10T00:00:00,MIL vs. GSW,L,32.43333333333333,6.7,10.0,0.667,5.5,7.8,0.714,2.2,2.2,1.0,0.0,8.9,8.9,2.2,1.1,0.0,0.0,0.0,2.2,1.1,21.1,5.5,34.0,0,0,37.7,1,13222,1,13222,5612,9803,17070,3281,1698,6853,1861,9868,12018,1,14058,3627,6915,15555,15064,12854,8263,8846,14008,16863,7014,9816,11845,2246,150,8205,1,32:26
2024-25,1629675,Naz Reid,Naz,1610612750,MIN,Minnesota Timberwolves,0022400755,2025-02-10T00:00:00,MIN @ CLE,L,35.266666666666666,4.1,12.2,0.333,1.0,6.1,0.167,1.0,2.0,0.5,2.0,4.1,6.1,4.1,1.0,0.0,2.0,0.0,3.1,2.0,10.2,-9.2,28.8,0,0,25.5,1,13222,1,13222,3262,16879,13169,17395,14415,10373,14236,13170,12602,10625,8200,13466,11985,9695,15704,12854,3365,8846,10426,12868,17944,17520,15653,2246,150,17265,1,35:16
2024-25,1631096,Chet Holmgren,Chet,1610612760,OKC,Oklahoma City Thunder,0022400761,2025-02-10T00:00:00,OKC vs. NOP,W,24.9,5.8,14.5,0.4,2.9,7.2,0.4,2.9,5.8,0.5,0.0,8.7,8.7,0.0,2.9,1.4,7.2,0.0,4.3,2.9,17.3,7.2,50.9,0,0,46.3,1,1,13086,1,12089,12159,9422,14933,6887,7986,7874,8112,4775,10625,14058,3857,7193,19908,6878,8660,188,8846,6177,9613,10472,9027,3012,2246,150,3724,1,24:54
2024-25,201959,Taj Gibson,Taj,1610612766,CHA,Charlotte Hornets,0022400758,2025-02-10T00:00:00,CHA @ BKN,L,15.05,2.4,4.8,0.5,0.0,0.0,0.0,0.0,0.0,0.0,4.8,2.4,7.2,0.0,2.4,0.0,2.4,2.4,2.4,0.0,4.8,-2.4,18.2,0,0,16.7,1,13222,1,13222,19524,20689,23619,8526,15070,20945,15070,13505,14344,13505,2584,18509,9791,19908,8693,12854,2571,2243,13253,17725,22141,14253,22015,2246,150,22410,1,15:03
2024-25,203952,Andrew Wiggins,Andrew,1610612748,MIA,Miami Heat,0022400759,2025-02-10T00:00:00,MIA vs. BOS,L,30.416666666666668,3.6,14.2,0.25,2.4,9.5,0.25,3.6,3.6,1.0,1.2,4.7,5.9,5.9,2.4,1.2,1.2,0.0,1.2,2.4,13.0,-26.0,33.7,0,0,32.0,1,13222,1,13222,7392,18201,9831,20233,8606,4154,11902,6601,8786,1,11904,11606,12484,5644,8784,10316,6282,8846,18634,11474,15071,23038,12023,2246,150,12422,1,30:25
2024-25,1628374,Lauri Markkanen,Lauri,1610612762,UTA,Utah Jazz,0022400768,2025-02-10T00:00:00,UTA @ LAL,L,28.566666666666666,10.1,22.7,0.444,1.3,10.1,0.125,0.0,0.0,0.0,1.3,2.5,3.8,1.3,1.3,1.3,1.3,0.0,1.3,2.5,21.4,-25.2,34.2,0,0,32.8,1,13222,1,13222,9061,3134,1506,13045,13035,3402,14886,13505,14344,13505,11414,18132,17874,18797,14037,9721,5851,8846,18219,10909,6710,22854,11686,2246,150,11825,1,28:34
2024-25,203084,Harrison Barnes,Harrison,1610612759,SAS,San Antonio Spurs,0022400757,2025-02-10T00:00:00,SAS @ WAS,W,26.766666666666666,5.4,12.1,0.444,2.7,5.4,0.5,2.7,2.7,1.0,1.3,5.4,6.7,0.0,0.0,0.0,0.0,0.0,1.3,1.3,16.1,25.6,24.2,0,0,25.6,1,1,13086,1,10516,13322,13407,13045,7569,12255,3944,8599,10775,1,10993,9829,10691,19908,16469,12854,8263,8846,17844,15704,11776,2705,18804,2246,150,17241,1,26:46
2024-25,1629018,Gary Trent Jr.,Gary,1610612749,MIL,Milwaukee Bucks,0022400760,2025-02-10T00:00:00,MIL vs. GSW,L,28.483333333333334,3.8,8.8,0.429,1.3,6.3,0.2,0.0,2.5,0.0,0.0,2.5,2.5,1.3,1.3,0.0,1.3,1.3,3.8,1.3,8.8,-24.0,16.3,0,0,16.4,1,13222,1,13222,9135,17593,18940,13735,13015,9940,13429,13505,11135,13505,14058,18110,20751,18781,14017,12854,5835,5847,7767,16067,19224,22581,22737,2246,150,22537,1,28:29
2024-25,1641803,Tristen Newton,Tristen,1610612750,MIN,Minnesota Timberwolves,0022400755,2025-02-10T00:00:00,MIN @ CLE,L,4.75,0.0,7.6,0.0,0.0,0.0,0.0,0.0,0.0,0.0,15.2,7.6,22.7,7.6,0.0,7.6,0.0,0.0,7.6,0.0,0.0,37.9,61.4,0,0,45.5,1,13222,1,13222,24115,22635,20817,22635,15070,20945,15070,13505,14344,13505,126,5357,276,3308,16469,240,8263,8846,1580,17725,23200,1126,1035,2246,150,4023,1,4:45
2024-25,1630548,Johnny Juzang,Johnny,1610612762,UTA,Utah Jazz,0022400768,2025-02-10T00:00:00,UTA @ LAL,L,17.9,8.0,16.1,0.5,6.0,14.1,0.429,6.0,8.0,0.75,4.0,4.0,8.0,4.0,0.0,0.0,0.0,0.0,4.0,4.0,28.2,2.0,43.8,0,0,46.3,1,13222,1,13222,17630,6540,6983,8526,1282,903,7394,2827,2492,8186,3568,13651,8182,9879,16469,12854,8263,8846,7081,6243,2729,11615,5746,2246,150,3726,1,17:54
2024-25,1642275,Tidjane Salaün,Tidjane,1610612766,CHA,Charlotte Hornets,0022400758,2025-02-10T00:00:00,CHA @ BKN,L,27.15,5.3,13.3,0.4,2.7,6.6,0.4,8.0,11.9,0.667,1.3,5.3,6.6,0.0,2.7,2.7,1.3,1.3,1.3,8.0,21.2,-2.7,38.5,0,0,38.5,1,13222,1,13222,10234,13520,11373,14933,7679,9255,7874,1431,781,9425,11067,10016,10882,19908,7684,4013,5537,5516,17921,1046,6913,14384,8738,2246,150,7732,1,27:09
2024-25,1630703,Scoot Henderson,Scoot,1610612757,POR,Portland Trail Blazers,0022400763,2025-02-10T00:00:00,POR @ DEN,L,24.883333333333333,2.9,7.2,0.4,1.4,5.8,0.25,1.4,1.4,1.0,0.0,2.9,2.9,4.3,1.4,0.0,0.0,0.0,1.4,2.9,8.7,-17.4,17.2,0,0,17.4,1,13222,1,13222,12108,19670,21281,14933,12264,11235,11902,11914,13542,1,14058,17106,20011,9034,13021,12854,8263,8846,17452,9608,19370,20729,22402,2246,150,22145,1,24:53
2024-25,202692,Alec Burks,Alec,1610612748,MIA,Miami Heat,0022400759,2025-02-10T00:00:00,MIA vs. BOS,L,25.85,7.0,9.7,0.714,4.2,7.0,0.6,0.0,0.0,0.0,1.4,8.4,9.7,0.0,0.0,0.0,0.0,0.0,0.0,0.0,18.1,8.4,29.8,0,0,32.0,1,13222,1,13222,11287,9014,17475,2752,3612,8534,2992,13505,14344,13505,10775,4208,5735,19908,16469,12854,8263,8846,20257,17725,9730,8456,14939,2246,150,12367,1,25:51
2024-25,1631157,Ryan Rollins,Ryan,1610612749,MIL,Milwaukee Bucks,0022400760,2025-02-10T00:00:00,MIL vs. GSW,L,6.6,5.5,10.9,0.5,0.0,5.5,0.0,0.0,0.0,0.0,5.5,0.0,5.5,0.0,0.0,0.0,0.0,0.0,0.0,0.0,10.9,-16.4,17.5,0,0,16.4,1,13222,1,13222,23329,13120,15513,8526,15070,12072,15070,13505,14344,13505,1973,22137,13659,19908,16469,12854,8263,8846,20257,17725,17253,20399,22311,2246,150,22561,1,6:36
2024-25,203897,Zach LaVine,Zach,1610612758,SAC,Sacramento Kings,0022400762,2025-02-10T00:00:00,SAC @ DAL,W,38.416666666666664,7.5,16.9,0.444,0.9,5.6,0.167,0.0,0.0,0.0,0.0,3.7,3.7,3.7,4.7,0.9,0.0,0.9,3.7,0.0,15.9,5.6,24.2,0,0,26.2,1,1,13086,1,1155,7773,5960,13045,14844,11653,14236,13505,14344,13505,14058,14473,17938,10650,2735,12458,8263,8438,7915,17725,11996,9784,18829,2246,150,16763,1,38:25
2024-25,1631169,Josh Minott,Josh,1610612750,MIN,Minnesota Timberwolves,0022400755,2025-02-10T00:00:00,MIN @ CLE,L,4.75,0.0,7.6,0.0,0.0,7.6,0.0,15.2,15.2,1.0,15.2,7.6,22.7,7.6,0.0,0.0,0.0,0.0,0.0,7.6,15.2,37.9,53.8,0,0,45.5,1,13222,1,13222,24115,22635,20817,22635,15070,7213,15070,167,339,1,126,5357,276,3308,16469,12854,8263,8846,20257,1276,12750,1126,2251,2246,150,4023,1,4:45
2024-25,1631128,Christian Braun,Christian,1610612743,DEN,Denver Nuggets,0022400763,2025-02-10T00:00:00,DEN vs. POR,W,37.46666666666667,11.5,13.5,0.857,0.0,0.0,0.0,1.9,1.9,1.0,1.0,4.8,5.8,1.9,1.0,0.0,1.0,0.0,1.9,1.0,25.0,32.7,36.7,0,0,34.6,1,1,13086,1,1700,1849,11082,1412,15070,20945,15070,10884,12928,1,13566,11422,12856,16668,16083,12854,7745,8846,15563,17512,4222,1662,9887,2246,150,10370,1,37:28
2024-25,1642258,Zaccharie Risacher,Zaccharie,1610612737,ATL,Atlanta Hawks,0022400756,2025-02-10T00:00:00,ATL @ ORL,W,17.866666666666667,6.0,12.1,0.5,2.0,4.0,0.5,8.1,8.1,1.0,2.0,2.0,4.0,8.1,0.0,2.0,0.0,0.0,2.0,6.0,22.2,20.1,45.1,0,0,40.3,1,1,13086,1,17651,11384,13434,8526,10098,15515,3944,1382,2479,1,8320,19615,17241,2826,16469,6186,8263,8846,15061,2568,6091,3907,5112,2246,150,6605,1,17:52
2024-25,1641989,Elijah Harkless,Elijah,1610612762,UTA,Utah Jazz,0022400768,2025-02-10T00:00:00,UTA @ LAL,L,2.95,0.0,0.0,0.0,0.0,0.0,0.0,0.0,0.0,0.0,0.0,0.0,0.0,0.0,0.0,0.0,0.0,0.0,12.2,0.0,0.0,61.0,0.0,0,0,0.0,1,13222,1,13222,25007,22635,24836,22635,15070,20945,15070,13505,14344,13505,14058,22137,23286,19908,16469,12854,8263,8846,403,17725,23200,345,25228,2246,150,25259,1,2:57
2024-25,1641998,Trey Jemison III,Trey,1610612747,LAL,Los Angeles Lakers,0022400768,2025-02-10T00:00:00,LAL vs. UTA,W,6.7,5.4,5.4,1.0,0.0,0.0,0.0,0.0,0.0,0.0,0.0,0.0,0.0,0.0,5.4,0.0,0.0,0.0,16.1,0.0,10.7,-59.1,5.4,0,0,10.7,1,1,13086,1,23282,13333,23204,1,15070,20945,15070,13505,14344,13505,14058,22137,23286,19908,1925,12854,8263,8846,205,17725,17425,25664,24974,2246,150,24281,1,6:42
2024-25,1630568,Luka Garza,Luka,1610612750,MIN,Minnesota Timberwolves,0022400755,2025-02-10T00:00:00,MIN @ CLE,L,3.2666666666666666,0.0,11.0,0.0,0.0,11.0,0.0,0.0,22.0,0.0,0.0,0.0,0.0,0.0,0.0,0.0,0.0,0.0,22.0,22.0,0.0,-66.1,0.0,0,0,0.0,1,13222,1,13222,24856,22635,15321,22635,15070,2465,15070,13505,109,13505,14058,22137,23286,19908,16469,12854,8263,8846,98,31,23200,25814,25228,2246,150,25259,1,3:16
2024-25,1641712,Rayan Rupert,Rayan,1610612757,POR,Portland Trail Blazers,0022400763,2025-02-10T00:00:00,POR @ DEN,L,10.766666666666667,0.0,3.3,0.0,0.0,3.3,0.0,0.0,0.0,0.0,3.3,6.7,10.0,0.0,3.3,0.0,0.0,0.0,0.0,0.0,0.0,-16.7,8.7,0,0,10.0,1,13222,1,13222,21817,22635,24367,22635,15070,16972,15070,13505,14344,13505,4653,6913,5400,19908,5376,12854,8263,8846,20257,17725,23200,20525,24615,2246,150,24416,1,10:46
2024-25,1641796,Pelle Larsson,Pelle,1610612748,MIA,Miami Heat,0022400759,2025-02-10T00:00:00,MIA vs. BOS,L,14.683333333333334,2.5,12.3,0.2,2.5,7.4,0.333,0.0,0.0,0.0,0.0,2.5,2.5,0.0,0.0,0.0,0.0,2.5,2.5,2.5,7.4,2.5,10.3,0,0,12.3,1,13222,1,13222,19778,20550,13153,21401,8317,7713,9209,13505,14344,13505,14058,18323,20896,19908,16469,12854,8263,2122,12977,11158,20441,11395,24369,2246,150,23925,1,14:41
2024-25,1631222,Jake LaRavia,Jake,1610612758,SAC,Sacramento Kings,0022400762,2025-02-10T00:00:00,SAC @ DAL,W,13.281666666666666,2.7,2.7,1.0,0.0,0.0,0.0,0.0,0.0,0.0,0.0,2.7,2.7,2.7,2.7,0.0,0.0,0.0,2.7,0.0,5.4,-46.1,10.0,0,0,10.8,1,1,13086,1,20612,20062,24584,1,15070,20945,15070,13505,14344,13505,14058,17666,20427,13879,7498,12854,8263,8846,12001,17725,21784,25234,24413,2246,150,24259,1,13:17
2024-25,1628392,Isaiah Hartenstein,Isaiah,1610612760,OKC,Oklahoma City Thunder,0022400761,2025-02-10T00:00:00,OKC vs. NOP,W,21.821666666666665,4.9,9.9,0.5,0.0,0.0,0.0,0.0,0.0,0.0,9.9,11.5,21.4,3.3,1.6,0.0,0.0,3.3,3.3,0.0,9.9,39.6,38.9,0,0,34.6,1,1,13086,1,14646,14554,17243,8526,15070,20945,15070,13505,14344,13505,416,1601,374,11979,12139,12854,8263,1066,9458,17725,18259,1008,8458,2246,150,10334,1,21:49
2024-25,203937,Kyle Anderson,Kyle,1610612748,MIA,Miami Heat,0022400759,2025-02-10T00:00:00,MIA vs. BOS,L,9.866666666666667,0.0,18.2,0.0,0.0,3.6,0.0,0.0,0.0,0.0,3.6,7.3,10.9,0.0,0.0,0.0,0.0,0.0,0.0,0.0,0.0,-51.1,13.1,0,0,10.9,1,13222,1,13222,22143,22635,4413,22635,15070,16327,15070,13505,14344,13505,4121,5827,4461,19908,16469,12854,8263,8846,20257,17725,23200,25434,23731,2246,150,24235,1,9:52
2024-25,1631218,Trayce Jackson-Davis,Trayce,1610612744,GSW,Golden State Warriors,0022400760,2025-02-10T00:00:00,GSW @ MIL,W,1.1833333333333333,0.0,0.0,0.0,0.0,0.0,0.0,0.0,0.0,0.0,0.0,0.0,0.0,0.0,0.0,0.0,0.0,0.0,30.4,0.0,0.0,0.0,0.0,0,0,0.0,1,1,13086,1,25970,22635,24836,22635,15070,20945,15070,13505,14344,13505,14058,22137,23286,19908,16469,12854,8263,8846,40,17725,23200,12240,25228,2246,150,25259,1,1:11
2024-25,1630611,Gui Santos,Gui,1610612744,GSW,Golden State Warriors,0022400760,2025-02-10T00:00:00,GSW @ MIL,W,6.366666666666666,0.0,5.7,0.0,0.0,5.7,0.0,0.0,0.0,0.0,0.0,0.0,0.0,0.0,0.0,0.0,0.0,0.0,5.7,0.0,0.0,11.3,0.0,0,0,0.0,1,1,13086,1,23428,22635,22940,22635,15070,11563,15070,13505,14344,13505,14058,22137,23286,19908,16469,12854,8263,8846,3460,17725,23200,7089,25228,2246,150,25259,1,6:22
2024-25,1629027,Trae Young,Trae,1610612737,ATL,Atlanta Hawks,0022400756,2025-02-10T00:00:00,ATL @ ORL,W,36.583333333333336,5.9,16.7,0.353,1.0,7.9,0.125,5.9,6.9,0.857,1.0,3.9,4.9,7.9,8.9,1.0,0.0,2.0,1.0,3.9,18.7,3.0,30.5,0,0,34.4,1,1,13086,1,2289,11797,6146,17268,14637,6668,14886,2958,3484,7071,13385,13926,15013,3026,440,12086,8263,3321,19792,6471,9126,11142,14424,2246,150,10495,1,36:35
2024-25,1629673,Jordan Poole,Jordan,1610612764,WAS,Washington Wizards,0022400757,2025-02-10T00:00:00,WAS vs. SAS,L,31.5,4.6,20.6,0.222,2.3,14.9,0.154,6.9,6.9,1.0,0.0,6.9,6.9,4.6,3.4,1.1,0.0,1.1,3.4,4.6,18.3,-27.4,33.4,0,0,34.3,1,13222,1,13222,6410,15567,2591,21205,8904,725,14646,2113,3513,1,14058,6610,10414,8475,5166,10655,8263,6698,8976,5002,9541,23328,12281,2246,150,10617,1,31:30
2024-25,1641745,Adam Flagler,Adam,1610612760,OKC,Oklahoma City Thunder,0022400761,2025-02-10T00:00:00,OKC vs. NOP,W,6.2,11.6,29.0,0.4,5.8,23.2,0.25,0.0,0.0,0.0,0.0,0.0,0.0,0.0,0.0,0.0,0.0,0.0,5.8,0.0,29.0,23.2,29.0,0,0,34.8,1,1,13086,1,23518,1798,327,14933,1471,137,11902,13505,14344,13505,14058,22137,23286,19908,16469,12854,8263,8846,3211,17725,2414,3211,15462,2246,150,10198,1,6:12
2024-25,1629130,Duncan Robinson,Duncan,1610612748,MIA,Miami Heat,0022400759,2025-02-10T00:00:00,MIA vs. BOS,L,23.416666666666668,3.1,4.6,0.667,1.5,3.1,0.5,0.0,0.0,0.0,0.0,3.1,3.1,7.7,1.5,0.0,0.0,0.0,1.5,0.0,7.7,-27.7,21.4,0,0,20.0,1,13222,1,13222,13374,19262,23736,3281,11904,17498,3944,13505,14344,13505,14058,16479,19538,3197,12589,12854,8263,8846,17091,17725,20170,23365,20492,2246,150,20872,1,23:25
2024-25,1641710,Anthony Black,Anthony,1610612753,ORL,Orlando Magic,0022400756,2025-02-10T00:00:00,ORL vs. ATL,L,34.1,2.1,6.3,0.333,0.0,2.1,0.0,2.1,3.2,0.667,2.1,4.2,6.3,5.3,1.1,1.1,0.0,1.1,1.1,3.2,6.3,5.3,24.0,0,0,20.1,1,13222,1,13222,4167,21222,22285,17395,15070,19352,15070,10257,9574,9425,7915,13050,11531,6868,15457,11437,8263,7439,19380,8673,21161,9969,18980,2246,150,20831,1,34:06
2024-25,204060,Joe Ingles,Joe,1610612750,MIN,Minnesota Timberwolves,0022400755,2025-02-10T00:00:00,MIN @ CLE,L,15.066666666666666,0.0,2.4,0.0,0.0,2.4,0.0,0.0,0.0,0.0,0.0,2.4,2.4,4.8,2.4,2.4,0.0,0.0,0.0,2.4,0.0,4.8,14.8,0,0,11.9,1,13222,1,13222,19517,22635,24677,22635,15070,18836,15070,13505,14344,13505,14058,18515,21031,7971,8703,4732,8263,8846,20257,11392,23200,10231,23234,2246,150,23991,1,15:04
2024-25,1641736,Reece Beekman,Reece,1610612751,BKN,Brooklyn Nets,0022400758,2025-02-10T00:00:00,BKN vs. CHA,W,4.85,0.0,7.4,0.0,0.0,7.4,0.0,0.0,0.0,0.0,0.0,0.0,0.0,0.0,7.4,0.0,0.0,0.0,22.3,0.0,0.0,-74.2,-7.4,0,0,0.0,1,1,13086,1,24045,22635,21036,22635,15070,7554,15070,13505,14344,13505,14058,22137,23286,19908,734,12854,8263,8846,91,17725,23200,25943,26200,2246,150,25259,1,4:51
2024-25,1630283,Kylor Kelley,Kylor,1610612742,DAL,Dallas Mavericks,0022400762,2025-02-10T00:00:00,DAL vs. SAC,L,1.3166666666666667,0.0,0.0,0.0,0.0,0.0,0.0,0.0,0.0,0.0,0.0,0.0,0.0,0.0,0.0,0.0,0.0,0.0,27.3,0.0,0.0,-27.3,0.0,0,0,0.0,1,13222,1,13222,25907,22635,24836,22635,15070,20945,15070,13505,14344,13505,14058,22137,23286,19908,16469,12854,8263,8846,53,17725,23200,23298,25228,2246,150,25259,1,1:19
2024-25,1641871,Duop Reath,Duop,1610612757,POR,Portland Trail Blazers,0022400763,2025-02-10T00:00:00,POR @ DEN,L,4.183333333333334,8.6,17.2,0.5,8.6,8.6,1.0,0.0,0.0,0.0,0.0,0.0,0.0,0.0,0.0,0.0,0.0,0.0,0.0,0.0,25.8,0.0,25.8,0,0,34.4,1,13222,1,13222,24388,5422,5562,8526,349,5411,1,13505,14344,13505,14058,22137,23286,19908,16469,12854,8263,8846,20257,17725,3763,12240,17734,2246,150,10507,1,4:11
2024-25,1627747,Caris LeVert,Caris,1610612737,ATL,Atlanta Hawks,0022400756,2025-02-10T00:00:00,ATL @ ORL,W,32.1,6.7,12.3,0.545,3.4,7.9,0.429,3.4,4.5,0.75,0.0,9.0,9.0,2.2,0.0,0.0,0.0,1.1,2.2,2.2,20.2,6.7,34.3,0,0,34.8,1,1,13086,1,5890,9631,13016,7695,5478,6714,7394,6977,6864,8186,14058,3543,6788,15462,16469,12854,8263,6865,13910,11970,7745,9274,11578,2246,150,10252,1,32:06
2024-25,1627750,Jamal Murray,Jamal,1610612743,DEN,Denver Nuggets,0022400763,2025-02-10T00:00:00,DEN vs. POR,W,28.946666666666665,8.7,12.4,0.7,1.2,2.5,0.5,2.5,3.7,0.667,0.0,2.5,2.5,9.9,1.2,2.5,0.0,0.0,5.0,6.2,21.1,27.4,45.3,0,0,39.8,1,1,13086,1,8726,5262,12846,3045,13132,18654,3944,9089,8409,9425,14058,18222,20838,1467,14139,4417,8263,8846,4674,2370,6964,2363,5056,2246,150,6895,1,28:57
2024-25,1626192,Pat Connaughton,Pat,1610612749,MIL,Milwaukee Bucks,0022400760,2025-02-10T00:00:00,MIL vs. GSW,L,3.54,0.0,0.0,0.0,0.0,0.0,0.0,0.0,0.0,0.0,0.0,0.0,0.0,10.2,10.2,10.2,0.0,0.0,10.2,0.0,0.0,-71.2,35.6,0,0,30.5,1,13222,1,13222,24698,22635,24836,22635,15070,20945,15070,13505,14344,13505,14058,22137,23286,1352,316,115,8263,8846,670,17725,23200,25903,10667,2246,150,13541,1,3:32
2024-25,1628368,De'Aaron Fox,De'Aaron,1610612759,SAS,San Antonio Spurs,0022400757,2025-02-10T00:00:00,SAS @ WAS,W,36.45,6.9,13.8,0.5,1.0,4.0,0.25,14.8,17.8,0.833,0.0,4.0,4.0,5.9,1.0,1.0,0.0,0.0,4.9,8.9,29.6,24.7,45.2,0,0,42.5,1,1,13086,1,2364,9139,10450,8526,14620,15677,11902,181,201,7275,14058,13876,17442,5632,15924,12056,8263,8846,4755,697,2223,2881,5072,2246,150,5424,1,36:27
2024-25,1631165,Keon Ellis,Keon,1610612758,SAC,Sacramento Kings,0022400762,2025-02-10T00:00:00,SAC @ DAL,W,32.4,3.3,5.6,0.6,2.2,4.4,0.5,0.0,0.0,0.0,1.1,5.6,6.7,1.1,2.2,0.0,1.1,0.0,1.1,2.2,8.9,-14.4,19.7,0,0,21.1,1,1,13086,1,5635,18673,23039,5394,9151,14579,3944,13505,14344,13505,12385,9404,10798,19317,9418,12854,6716,8846,19042,12068,19185,19681,21331,2246,150,20209,1,32:24
2024-25,1641731,Bilal Coulibaly,Bilal,1610612764,WAS,Washington Wizards,0022400757,2025-02-10T00:00:00,WAS vs. SAS,L,35.54333333333334,4.1,9.1,0.444,2.0,5.1,0.4,0.0,0.0,0.0,2.0,1.0,3.0,4.1,1.0,1.0,0.0,0.0,3.0,1.0,10.1,-27.3,21.9,0,0,21.3,1,13222,1,13222,3037,16971,18530,13045,10042,13042,7874,13505,14344,13505,8274,21948,19609,9802,15760,11835,8263,8846,10544,17345,18024,23312,20217,2246,150,20118,1,35:33
2024-25,203915,Spencer Dinwiddie,Spencer,1610612742,DAL,Dallas Mavericks,0022400762,2025-02-10T00:00:00,DAL vs. SAC,L,34.23833333333334,8.4,16.8,0.5,3.2,6.3,0.5,1.1,3.2,0.333,0.0,2.1,2.1,5.3,3.2,2.1,0.0,1.1,4.2,7.4,21.0,8.4,34.6,0,0,35.7,1,13222,1,13222,4069,5777,6008,8526,6079,9961,3944,13076,9600,13132,14058,19351,21603,6920,5964,5771,8263,7478,6538,1411,7063,8434,11382,2246,150,9547,1,34:14
2024-25,1630572,Sandro Mamukelashvili,Sandro,1610612759,SAS,San Antonio Spurs,0022400757,2025-02-10T00:00:00,SAS @ WAS,W,7.083333333333333,5.1,10.2,0.5,5.1,5.1,1.0,0.0,0.0,0.0,0.0,5.1,5.1,5.1,0.0,0.0,0.0,0.0,5.1,0.0,15.2,5.1,29.0,0,0,30.5,1,1,13086,1,23137,14137,16791,8526,2178,12997,1,13505,14344,13505,14058,10628,14567,7281,16469,12854,8263,8846,4417,17725,12658,10065,15511,2246,150,13551,1,7:05
2024-25,1631124,Julian Strawther,Julian,1610612743,DEN,Denver Nuggets,0022400763,2025-02-10T00:00:00,DEN vs. POR,W,34.7,8.3,14.5,0.571,2.1,6.2,0.333,0.0,0.0,0.0,0.0,4.1,4.1,3.1,0.0,1.0,0.0,1.0,4.1,0.0,18.7,15.6,31.4,0,0,30.1,1,1,13086,1,3691,5982,9317,6538,9795,10143,9209,13505,14344,13505,14058,13270,16940,12577,16469,11614,8263,7600,6693,17725,9148,5403,13715,2246,150,13882,1,34:42
2024-25,1627741,Buddy Hield,Buddy,1610612744,GSW,Golden State Warriors,0022400760,2025-02-10T00:00:00,GSW @ MIL,W,30.183333333333334,8.3,17.9,0.467,2.4,9.5,0.25,0.0,0.0,0.0,1.2,7.2,8.3,1.2,3.6,2.4,0.0,0.0,4.8,0.0,19.1,13.1,34.5,0,0,35.8,1,1,13086,1,7604,5888,4817,12249,8531,4047,11902,13505,14344,13505,11843,6084,7697,19036,4820,4744,8263,8846,5131,17725,8773,6336,11470,2246,150,9528,1,30:11
2024-25,203903,Jordan Clarkson,Jordan,1610612762,UTA,Utah Jazz,0022400768,2025-02-10T00:00:00,UTA @ LAL,L,28.566666666666666,7.6,18.9,0.4,3.8,12.6,0.3,1.3,2.5,0.5,0.0,1.3,1.3,5.0,1.3,0.0,0.0,0.0,3.8,3.8,20.2,-25.2,28.0,0,0,30.2,1,13222,1,13222,9061,7621,3839,14933,4500,1475,11319,12421,11159,10625,14058,21364,22862,7382,14037,12854,8263,8846,7805,6905,7777,22854,16247,2246,150,13758,1,28:34
2024-25,1641734,Emoni Bates,Emoni,1610612739,CLE,Cleveland Cavaliers,0022400755,2025-02-10T00:00:00,CLE vs. MIN,W,4.75,7.6,37.9,0.2,7.6,30.3,0.25,0.0,0.0,0.0,0.0,0.0,0.0,0.0,0.0,0.0,0.0,0.0,0.0,0.0,22.7,-37.9,22.7,0,0,30.3,1,1,13086,1,24115,7560,97,21401,568,60,11902,13505,14344,13505,14058,22137,23286,19908,16469,12854,8263,8846,20257,17725,5667,24686,19723,2246,150,13700,1,4:45
2024-25,1630230,Naji Marshall,Naji,1610612742,DAL,Dallas Mavericks,0022400762,2025-02-10T00:00:00,DAL vs. SAC,L,27.091666666666665,4.0,5.3,0.75,1.3,1.3,1.0,2.7,5.3,0.5,0.0,8.0,8.0,6.6,1.3,1.3,0.0,0.0,5.3,2.7,12.0,6.6,34.2,0,0,30.6,1,13222,1,13222,10281,17123,23246,2107,12737,20466,1,8668,5438,10625,14058,4735,8319,4514,13673,9303,8263,8846,3995,10449,16186,9314,11687,2246,150,13502,1,27:06
2024-25,1629627,Zion Williamson,Zion,1610612740,NOP,New Orleans Pelicans,0022400761,2025-02-10T00:00:00,NOP @ OKC,L,26.05,8.3,15.2,0.545,0.0,0.0,0.0,6.9,12.4,0.556,1.4,1.4,2.8,6.9,6.9,1.4,0.0,1.4,6.9,6.9,23.5,-35.9,34.4,0,0,35.9,1,13222,1,13222,11127,5998,8255,7695,15070,20945,15070,2065,674,10597,10831,21124,20328,4118,928,9002,8263,5255,2049,1724,5134,24512,11503,2246,150,9425,1,26:03
2024-25,1627777,Georges Niang,Georges,1610612737,ATL,Atlanta Hawks,0022400756,2025-02-10T00:00:00,ATL @ ORL,W,24.333333333333332,3.0,10.4,0.286,1.5,4.4,0.333,4.4,5.9,0.75,0.0,5.9,5.9,1.5,1.5,0.0,0.0,0.0,4.4,3.0,11.8,-3.0,19.7,0,0,20.7,1,1,13086,1,12619,19510,16454,19630,12123,14601,9209,4927,4588,8186,14058,8508,12480,18057,12853,12854,8263,8846,5922,9396,16306,14555,21323,2246,150,20457,1,24:20
2024-25,1628381,John Collins,John,1610612762,UTA,Utah Jazz,0022400768,2025-02-10T00:00:00,UTA @ LAL,L,35.68333333333333,5.0,10.1,0.5,1.0,2.0,0.5,6.1,7.1,0.857,3.0,8.1,11.1,0.0,5.0,2.0,1.0,0.0,4.0,6.1,17.2,-21.2,34.5,1,0,35.3,1,13222,1,13222,2917,14254,16914,8526,14494,19522,3944,2814,3305,7071,5274,4605,4319,19908,2291,6169,7424,8846,7045,2555,10681,21883,11449,1,150,9870,1,35:41
2024-25,1629060,Rui Hachimura,Rui,1610612747,LAL,Los Angeles Lakers,0022400768,2025-02-10T00:00:00,LAL vs. UTA,W,29.116666666666667,9.9,17.3,0.571,3.7,7.4,0.5,2.5,2.5,1.0,2.5,4.9,7.4,0.0,1.2,2.5,0.0,0.0,4.9,2.5,26.0,19.8,41.0,0,0,42.0,1,1,13086,1,8571,3345,5444,6538,4683,7568,3944,9128,11277,1,6700,11038,9333,19908,14190,4461,8263,8846,4736,11087,3702,4020,7147,2246,150,5622,1,29:07
2024-25,1629014,Anfernee Simons,Anfernee,1610612757,POR,Portland Trail Blazers,0022400763,2025-02-10T00:00:00,POR @ DEN,L,32.416666666666664,5.6,14.4,0.385,3.3,7.8,0.429,4.4,4.4,1.0,0.0,0.0,0.0,4.4,3.3,0.0,0.0,0.0,2.2,2.2,18.9,-27.8,22.2,0,0,26.7,1,13222,1,13222,5623,12834,9454,16070,5571,6849,7394,4921,6952,1,14058,22137,23286,8787,5412,12854,8263,8846,14005,12077,8967,23386,20022,2246,150,16432,1,32:25
2024-25,1631213,Tyrese Martin,Tyrese,1610612751,BKN,Brooklyn Nets,0022400758,2025-02-10T00:00:00,BKN vs. CHA,W,21.616666666666667,1.7,6.7,0.25,0.0,5.0,0.0,3.3,3.3,1.0,0.0,5.0,5.0,5.0,3.3,5.0,0.0,0.0,5.0,1.7,6.7,-1.7,31.8,0,0,26.6,1,1,13086,1,14834,21940,21939,20233,15070,13214,15070,7046,9237,1,14058,10890,14797,7477,5416,905,8263,8846,4613,14389,20954,13862,13474,2246,150,16435,1,21:37
2024-25,1630183,Jaden McDaniels,Jaden,1610612750,MIN,Minnesota Timberwolves,0022400755,2025-02-10T00:00:00,MIN @ CLE,L,32.06666666666667,4.5,9.0,0.5,2.2,4.5,0.5,0.0,0.0,0.0,1.1,2.2,3.4,1.1,1.1,4.5,0.0,2.2,5.6,4.5,11.2,-13.5,29.3,0,0,26.9,1,13222,1,13222,5915,15812,18755,8526,9068,14459,3944,13505,14344,13505,12312,18933,18832,19284,14992,1233,8263,2563,3525,5166,16973,19292,15277,2246,150,16191,1,32:04
2024-25,1631107,Nikola Jović,Nikola,1610612748,MIA,Miami Heat,0022400759,2025-02-10T00:00:00,MIA vs. BOS,L,26.666666666666668,5.4,14.9,0.364,2.7,12.1,0.222,0.0,0.0,0.0,1.3,9.5,10.8,0.0,1.3,0.0,0.0,0.0,1.3,1.3,13.5,-28.4,25.1,0,0,27.0,1,13222,1,13222,10590,13272,8824,16861,7537,1695,13288,13505,14344,13505,10979,3075,4594,19908,13566,12854,8263,8846,17821,15679,14501,23491,18208,2246,150,16149,1,26:40
2024-25,1631117,Walker Kessler,Walker,1610612762,UTA,Utah Jazz,0022400768,2025-02-10T00:00:00,UTA @ LAL,L,34.05,5.3,7.4,0.714,0.0,0.0,0.0,3.2,3.2,1.0,5.3,7.4,12.7,2.1,3.2,0.0,1.1,0.0,1.1,2.1,13.7,-27.5,32.1,1,0,30.7,1,13222,1,13222,4210,13578,21069,2752,15070,20945,15070,7388,9562,1,2109,5676,3007,15954,5900,12854,7077,8846,19361,12545,14231,23341,13224,1,150,13427,1,34:03
2024-25,1642267,Bub Carrington,Bub,1610612764,WAS,Washington Wizards,0022400757,2025-02-10T00:00:00,WAS vs. SAS,L,28.398333333333333,5.1,12.7,0.4,2.5,10.1,0.25,0.0,0.0,0.0,1.3,3.8,5.1,6.3,3.8,0.0,0.0,0.0,3.8,0.0,12.7,-7.6,24.5,0,0,26.6,1,13222,1,13222,9218,14175,12426,14933,8028,3337,11902,13505,14344,13505,11376,14311,14601,4963,4309,12854,8263,8846,7725,17725,15416,16789,18641,2246,150,16451,1,28:24
2024-25,1631119,Jaylin Williams,Jaylin,1610612760,OKC,Oklahoma City Thunder,0022400761,2025-02-10T00:00:00,OKC vs. NOP,W,22.995,0.0,4.7,0.0,0.0,3.1,0.0,0.0,0.0,0.0,0.0,15.7,15.7,4.7,0.0,1.6,1.6,0.0,6.3,3.1,0.0,20.4,35.2,0,0,26.6,1,1,13086,1,13733,22635,23685,22635,15070,17400,15070,13505,14344,13505,14058,472,1535,8192,16469,8125,4656,8846,2639,8779,23200,3853,10919,2246,150,16455,1,22:60
2024-25,203957,Danté Exum,Danté,1610612742,DAL,Dallas Mavericks,0022400762,2025-02-10T00:00:00,DAL vs. SAC,L,18.516666666666666,3.9,9.7,0.4,1.9,3.9,0.5,0.0,7.8,0.0,0.0,3.9,3.9,11.7,1.9,0.0,0.0,0.0,3.9,3.9,9.7,-13.6,29.9,0,0,27.2,1,13222,1,13222,17179,17355,17533,14933,10437,15823,3944,13505,2685,13505,14058,14063,17598,796,10825,12854,8263,8846,7480,6600,18429,19341,14840,2246,150,16006,1,18:31
2024-25,1629638,Nickeil Alexander-Walker,Nickeil,1610612750,MIN,Minnesota Timberwolves,0022400755,2025-02-10T00:00:00,MIN @ CLE,L,26.283333333333335,2.7,8.2,0.333,0.0,5.5,0.0,2.7,2.7,1.0,2.7,5.5,8.2,2.7,1.4,0.0,1.4,0.0,4.1,1.4,8.2,-45.2,24.9,0,0,21.9,1,13222,1,13222,10915,19998,19917,17395,15070,12009,15070,8487,10644,1,6011,9591,7910,13791,13459,12854,5363,8846,6808,15574,19734,25192,18341,2246,150,19719,1,26:17
2024-25,1641748,Andre Jackson Jr.,Andre,1610612749,MIL,Milwaukee Bucks,0022400760,2025-02-10T00:00:00,MIL vs. GSW,L,13.15,5.5,13.7,0.4,0.0,2.7,0.0,0.0,0.0,0.0,0.0,2.7,2.7,2.7,0.0,2.7,0.0,0.0,2.7,0.0,11.0,16.4,26.6,0,0,21.9,1,13222,1,13222,20672,13052,10672,14933,15070,18187,15070,13505,14344,13505,14058,17587,20379,13801,16469,3835,8263,8846,11892,17725,17218,5101,17253,2246,150,19726,1,13:09
2024-25,1626158,Richaun Holmes,Richaun,1610612764,WAS,Washington Wizards,0022400757,2025-02-10T00:00:00,WAS vs. SAS,L,27.018333333333334,10.7,12.0,0.889,0.0,1.3,0.0,1.3,2.7,0.5,4.0,1.3,5.3,0.0,1.3,0.0,1.3,0.0,5.3,4.0,22.7,-28.0,31.7,0,0,30.6,1,13222,1,13222,10317,2552,13603,1318,15070,20462,15070,12223,10830,10625,3598,21228,13974,19908,13666,12854,5512,8846,3968,6314,5736,23424,13539,2246,150,13444,1,27:01
2024-25,201599,DeAndre Jordan,DeAndre,1610612743,DEN,Denver Nuggets,0022400763,2025-02-10T00:00:00,DEN vs. POR,W,13.05,5.5,5.5,1.0,0.0,0.0,0.0,2.8,5.5,0.5,0.0,5.5,5.5,5.5,0.0,2.8,0.0,0.0,5.5,2.8,13.8,19.3,37.0,0,0,30.3,1,1,13086,1,20717,12945,23076,1,15070,20945,15070,8443,5163,10625,14058,9479,13491,6392,16469,3782,8263,8846,3675,10110,14171,4171,9718,2246,150,13677,1,13:03
2024-25,1630192,Zeke Nnaji,Zeke,1610612743,DEN,Denver Nuggets,0022400763,2025-02-10T00:00:00,DEN vs. POR,W,18.92,7.6,9.5,0.8,1.9,1.9,1.0,3.8,3.8,1.0,1.9,7.6,9.5,5.7,0.0,1.9,0.0,1.9,5.7,3.8,20.9,20.9,46.6,0,0,41.9,1,1,13086,1,16891,7481,17923,1688,10626,19734,1,6072,8238,1,8805,5308,6045,6027,16469,6752,8263,3537,3375,6835,7139,3714,4485,2246,150,5723,1,18:55
2024-25,1630163,LaMelo Ball,LaMelo,1610612766,CHA,Charlotte Hornets,0022400758,2025-02-10T00:00:00,CHA @ BKN,L,10.316666666666666,7.0,17.4,0.4,3.5,10.5,0.333,0.0,0.0,0.0,0.0,3.5,3.5,10.5,0.0,3.5,0.0,0.0,0.0,3.5,17.4,-10.5,47.8,0,0,41.9,1,13222,1,13222,21999,8980,5304,14933,5165,3009,9209,13505,14344,13505,14058,15270,18576,1217,16469,2249,8263,8846,20257,7689,10378,18089,4044,2246,150,5714,1,10:19
2024-25,1642268,Isaiah Collier,Isaiah,1610612762,UTA,Utah Jazz,0022400768,2025-02-10T00:00:00,UTA @ LAL,L,32.7,6.6,13.2,0.5,1.1,3.3,0.333,0.0,0.0,0.0,0.0,4.4,4.4,11.0,4.4,0.0,0.0,1.1,4.4,1.1,14.3,-17.6,31.7,1,0,30.8,1,13222,1,13222,5400,9914,11463,8526,13939,17062,9209,13505,14344,13505,14058,12518,16276,1000,3138,12854,8263,7038,6011,16900,13591,20814,13543,1,150,13311,1,32:42
2024-25,1641722,Jordan Hawkins,Jordan,1610612740,NOP,New Orleans Pelicans,0022400761,2025-02-10T00:00:00,NOP @ OKC,L,25.883333333333333,7.0,16.7,0.417,2.8,5.6,0.5,0.0,0.0,0.0,1.4,5.6,7.0,4.2,1.4,0.0,0.0,1.4,4.2,0.0,16.7,-11.1,29.9,0,0,30.6,1,13222,1,13222,11254,9039,6189,14532,7273,11814,3944,13505,14344,13505,10788,9380,10231,9463,13332,12854,8263,5214,6629,17725,11182,18376,14871,2246,150,13482,1,25:53
2024-25,201572,Brook Lopez,Brook,1610612749,MIL,Milwaukee Bucks,0022400760,2025-02-10T00:00:00,MIL vs. GSW,L,24.85,2.9,5.8,0.5,0.0,1.4,0.0,2.9,2.9,1.0,1.4,4.3,5.8,4.3,2.9,0.0,4.3,0.0,4.3,4.3,8.7,-11.6,32.3,0,0,27.5,1,13222,1,13222,12131,19663,22816,8526,15070,20327,15070,8100,10243,1,10543,12659,12772,9016,6855,12854,737,8846,6151,5475,19352,18567,13083,2246,150,15775,1,24:51
2024-25,1630241,Sam Merrill,Sam,1610612739,CLE,Cleveland Cavaliers,0022400755,2025-02-10T00:00:00,CLE vs. MIN,W,28.783333333333335,3.8,10.0,0.375,3.8,10.0,0.375,0.0,0.0,0.0,1.3,6.3,7.5,0.0,1.3,2.5,0.0,0.0,5.0,0.0,11.3,22.5,26.5,0,0,27.5,1,1,13086,1,8852,17705,17044,16299,4572,3472,8800,13505,14344,13505,11479,7780,9161,19908,14094,4383,8263,8846,4599,17725,16944,3364,17281,2246,150,15784,1,28:47
2024-25,1627936,Alex Caruso,Alex,1610612760,OKC,Oklahoma City Thunder,0022400761,2025-02-10T00:00:00,OKC vs. NOP,W,17.766666666666666,8.1,14.2,0.571,8.1,14.2,0.571,0.0,0.0,0.0,2.0,2.0,4.1,10.1,2.0,4.1,0.0,0.0,6.1,2.0,24.3,46.6,54.5,0,0,54.7,1,1,13086,1,17729,6397,9863,6538,431,875,3506,13505,14344,13505,8271,19570,17178,1371,10389,1583,8263,8846,2846,12956,4603,650,2087,2246,150,1503,1,17:46
2024-25,1630596,Evan Mobley,Evan,1610612739,CLE,Cleveland Cavaliers,0022400755,2025-02-10T00:00:00,CLE vs. MIN,W,31.6,13.7,21.6,0.632,1.1,4.6,0.25,3.4,5.7,0.6,4.6,6.8,11.4,6.8,1.1,2.3,4.6,1.1,3.4,5.7,31.9,17.1,75.2,1,0,64.9,1,1,13086,1,6334,796,1962,4871,13715,14306,11902,6855,4894,10343,2862,6642,4059,4237,14874,5110,667,6718,9014,3036,1550,4874,293,1,150,478,1,31:36
2024-25,1629651,Nic Claxton,Nic,1610612751,BKN,Brooklyn Nets,0022400758,2025-02-10T00:00:00,BKN vs. CHA,W,23.866666666666667,12.1,19.6,0.615,0.0,0.0,0.0,0.0,0.0,0.0,4.5,1.5,6.0,1.5,1.5,3.0,3.0,0.0,3.0,0.0,24.1,3.0,50.2,0,0,43.7,1,1,13086,1,13016,1482,3270,5246,15070,20945,15070,13505,14344,13505,2895,20862,12200,17945,12707,3113,1669,8846,10634,17725,4711,11105,3208,2246,150,4806,1,23:52
2024-25,1630530,Trey Murphy III,Trey,1610612740,NOP,New Orleans Pelicans,0022400761,2025-02-10T00:00:00,NOP @ OKC,L,34.06666666666667,7.4,15.9,0.467,4.2,7.4,0.571,5.3,5.3,1.0,0.0,7.4,7.4,5.3,4.2,1.1,0.0,0.0,0.0,5.3,24.3,-22.2,40.1,0,0,43.3,1,13222,1,13222,4190,8019,7343,12249,3515,7629,3506,3679,5491,1,14058,5694,9377,6860,3452,11427,8263,8846,20257,3657,4611,22132,7733,2246,150,4984,1,34:04
2024-25,1630692,Jordan Goodwin,Jordan,1610612747,LAL,Los Angeles Lakers,0022400768,2025-02-10T00:00:00,LAL vs. UTA,W,21.666666666666668,13.3,18.3,0.727,1.7,3.3,0.5,0.0,0.0,0.0,5.0,8.3,13.3,1.7,0.0,3.3,0.0,0.0,1.7,1.7,28.2,0.0,56.7,0,0,51.5,1,1,13086,1,14776,903,4387,2666,11505,17017,3944,13505,14344,13505,2391,4279,2609,17475,16469,2520,8263,8846,16660,14407,2692,12240,1700,2246,150,2140,1,21:40
2024-25,1641725,Trey Alexander,Trey,1610612743,DEN,Denver Nuggets,0022400763,2025-02-10T00:00:00,DEN vs. POR,W,4.183333333333334,17.2,34.4,0.5,0.0,0.0,0.0,0.0,0.0,0.0,0.0,34.4,34.4,0.0,0.0,0.0,0.0,0.0,8.6,0.0,34.4,0.0,75.7,0,0,68.8,1,1,13086,1,24388,258,144,8526,15070,20945,15070,13505,14344,13505,14058,24,53,19908,16469,12854,8263,8846,1094,17725,1054,12240,278,2246,150,352,1,4:11
2024-25,2544,LeBron James,LeBron,1610612747,LAL,Los Angeles Lakers,0022400768,2025-02-10T00:00:00,LAL vs. UTA,W,29.0,12.4,21.1,0.588,3.7,8.7,0.429,1.2,2.5,0.5,1.2,7.4,8.7,9.9,8.7,1.2,0.0,1.2,2.5,1.2,29.8,29.8,50.2,0,0,54.6,1,1,13086,1,8672,1288,2276,6229,4643,5287,7394,12471,11251,10625,11529,5592,7180,1478,473,9857,8263,5989,12870,16174,2165,1994,3229,2246,150,1523,1,29:00
2024-25,1631094,Paolo Banchero,Paolo,1610612753,ORL,Orlando Magic,0022400756,2025-02-10T00:00:00,ORL vs. ATL,L,33.0,10.9,24.0,0.455,4.4,9.8,0.444,7.6,8.7,0.875,0.0,6.5,6.5,4.4,4.4,0.0,1.1,0.0,3.3,5.5,33.8,-20.7,47.1,0,0,51.3,1,13222,1,13222,5145,2345,1050,12676,3296,3702,7211,1585,2030,6931,14058,7215,11070,8972,3204,12854,6860,8846,9557,3408,1163,21763,4272,2246,150,2210,1,33:00
2024-25,203081,Damian Lillard,Damian,1610612749,MIL,Milwaukee Bucks,0022400760,2025-02-10T00:00:00,MIL vs. GSW,L,38.86666666666667,11.1,18.5,0.6,2.8,8.3,0.333,10.2,12.0,0.846,0.0,4.6,4.6,6.5,9.3,0.9,0.0,0.0,1.9,7.4,35.2,-9.3,44.0,0,0,50.9,1,13222,1,13222,929,2174,4198,5394,7286,5859,9209,651,756,7255,14058,11908,15747,4742,397,12531,8263,8846,15927,1383,935,17557,5674,2246,150,2279,1,38:52
2024-25,202685,Jonas Valančiūnas,Jonas,1610612758,SAC,Sacramento Kings,0022400762,2025-02-10T00:00:00,SAC @ DAL,W,17.636666666666667,12.2,18.4,0.667,0.0,0.0,0.0,2.0,4.1,0.5,12.2,4.1,16.3,0.0,8.2,0.0,0.0,0.0,12.2,2.0,26.5,-12.2,38.0,0,0,42.9,1,1,13086,1,17839,1378,4315,3281,15070,20945,15070,10488,7664,10625,229,13472,1318,19908,556,12854,8263,8846,399,12873,3413,18839,9045,2246,150,5212,1,17:38
2024-25,1630532,Franz Wagner,Franz,1610612753,ORL,Orlando Magic,0022400756,2025-02-10T00:00:00,ORL vs. ATL,L,37.68333333333333,14.3,27.7,0.517,2.9,7.6,0.375,3.8,3.8,1.0,1.0,5.7,6.7,2.9,1.9,1.9,0.0,1.0,3.8,1.9,35.3,0.0,51.5,0,0,51.6,1,13222,1,13222,1580,619,420,8516,7002,7092,8800,6038,8200,1,13602,8964,10747,13393,10987,6711,8263,8295,7673,13472,920,12240,2840,2246,150,2126,1,37:41
2024-25,1631159,Leonard Miller,Leonard,1610612750,MIN,Minnesota Timberwolves,0022400755,2025-02-10T00:00:00,MIN @ CLE,L,4.75,7.6,30.3,0.25,0.0,15.2,0.0,15.2,15.2,1.0,0.0,7.6,7.6,0.0,0.0,0.0,7.6,7.6,0.0,7.6,30.3,37.9,62.1,0,0,53.1,1,13222,1,13222,24115,7560,261,20233,15070,660,15070,167,339,1,14058,5357,9005,19908,16469,12854,162,123,20257,1276,1977,1126,953,2246,150,1792,1,4:45
2024-25,202710,Jimmy Butler III,Jimmy,1610612744,GSW,Golden State Warriors,0022400760,2025-02-10T00:00:00,GSW @ MIL,W,31.383333333333333,4.6,13.8,0.333,0.0,2.3,0.0,13.8,17.2,0.8,6.9,3.4,10.3,6.9,1.1,4.6,0.0,2.3,4.6,10.3,22.9,0.0,58.3,0,0,49.3,1,1,13086,1,6521,15529,10548,17395,15070,18996,15070,218,219,7681,1188,15404,5096,4161,14814,1159,8263,2442,5570,357,5529,12240,1437,2246,150,2724,1,31:23
2024-25,1641705,Victor Wembanyama,Victor,1610612759,SAS,San Antonio Spurs,0022400757,2025-02-10T00:00:00,SAS @ WAS,W,37.93333333333333,11.4,19.9,0.571,4.7,7.6,0.625,1.9,3.8,0.5,2.8,11.4,14.2,3.8,0.9,1.9,2.8,0.9,1.9,5.7,29.4,5.7,65.5,1,0,61.7,1,1,13086,1,1416,1947,3018,6538,2652,7196,2868,10959,8259,10625,5738,1701,2128,10504,16153,6775,1879,8353,15682,3042,2291,9757,667,1,150,679,1,37:56
2024-25,203999,Nikola Jokić,Nikola,1610612743,DEN,Denver Nuggets,0022400763,2025-02-10T00:00:00,DEN vs. POR,W,30.766666666666666,17.6,25.7,0.682,2.3,8.2,0.286,9.4,9.4,1.0,1.2,7.0,8.2,9.4,5.9,3.5,1.2,1.2,2.3,10.5,46.8,25.7,78.9,0,0,76.1,1,1,13086,1,7073,241,685,3269,8703,6096,11433,885,1680,1,11994,6329,7946,1780,1505,2226,6363,6480,13481,327,213,2664,219,2246,150,218,1,30:46
2024-25,1631232,Keion Brooks Jr.,Keion,1610612740,NOP,New Orleans Pelicans,0022400761,2025-02-10T00:00:00,NOP @ OKC,L,7.0,5.1,10.3,0.5,0.0,5.1,0.0,10.3,20.6,0.5,5.1,10.3,15.4,5.1,0.0,0.0,0.0,0.0,0.0,10.3,20.6,-30.9,46.8,0,0,41.1,1,13222,1,13222,23170,13969,16579,8526,15070,12839,15070,623,130,10625,2251,2361,1594,7145,16469,12854,8263,8846,20257,363,7422,23862,4400,2246,150,6110,1,7:00
2024-25,1630549,Day'Ron Sharpe,Day'Ron,1610612751,BKN,Brooklyn Nets,0022400758,2025-02-10T00:00:00,BKN vs. CHA,W,19.283333333333335,13.1,22.4,0.583,0.0,0.0,0.0,0.0,0.0,0.0,13.1,3.7,16.8,3.7,5.6,0.0,1.9,1.9,1.9,1.9,26.1,29.9,51.9,0,0,50.4,1,1,13086,1,16596,1009,1631,6296,15070,20945,15070,13505,14344,13505,191,14516,1172,10697,1724,12854,3871,3680,15849,13658,3611,1983,2726,2246,150,2418,1,19:17
2024-25,1629611,Terance Mann,Terance,1610612737,ATL,Atlanta Hawks,0022400756,2025-02-10T00:00:00,ATL @ ORL,W,14.8,9.7,9.7,1.0,7.3,7.3,1.0,2.4,2.4,1.0,2.4,2.4,4.9,2.4,2.4,0.0,0.0,0.0,0.0,2.4,29.2,14.6,36.2,0,0,43.8,1,1,13086,1,19704,3561,17510,1,666,7822,1,9231,11378,1,6830,18380,15144,14763,8516,12854,8263,8846,20257,11214,2375,5781,10204,2246,150,4786,1,14:48
2024-25,1628378,Donovan Mitchell,Donovan,1610612739,CLE,Cleveland Cavaliers,0022400755,2025-02-10T00:00:00,CLE vs. MIN,W,32.35,11.1,15.6,0.714,2.2,5.6,0.4,1.1,3.3,0.333,0.0,3.3,3.3,8.9,2.2,2.2,0.0,0.0,1.1,3.3,25.6,16.7,47.4,0,0,44.5,1,1,13086,1,5691,2161,7723,2752,9135,11810,7874,12880,9213,13132,14058,15670,18892,2109,9399,5289,8263,8846,19027,8127,3883,5007,4176,2246,150,4468,1,32:21
2024-25,1642366,Quinten Post,Quinten,1610612744,GSW,Golden State Warriors,0022400760,2025-02-10T00:00:00,GSW @ MIL,W,15.1,9.5,11.9,0.8,7.2,9.5,0.75,4.8,4.8,1.0,4.8,4.8,9.5,2.4,0.0,0.0,0.0,0.0,2.4,2.4,31.0,26.2,46.0,0,0,50.1,1,1,13086,1,19500,3827,13725,1688,709,4055,1542,4396,6358,1,2602,11516,6010,14929,16469,12854,8263,8846,13289,11411,1776,2577,4743,2246,150,2511,1,15:06
2024-25,201942,DeMar DeRozan,DeMar,1610612758,SAC,Sacramento Kings,0022400762,2025-02-10T00:00:00,SAC @ DAL,W,38.58166666666666,14.0,20.5,0.682,3.7,5.6,0.667,7.5,7.5,1.0,0.0,6.5,6.5,2.8,0.9,0.0,0.0,0.0,1.9,5.6,39.2,19.6,50.3,0,0,52.3,1,1,13086,1,1074,703,2623,3269,4617,11730,1957,1692,2946,1,14058,7238,11102,13591,16231,12854,8263,8846,15857,3193,503,4075,3181,2246,150,1982,1,38:35
2024-25,1642505,Alex Ducas,Alex,1610612760,OKC,Oklahoma City Thunder,0022400761,2025-02-10T00:00:00,OKC vs. NOP,W,6.2,5.8,11.6,0.5,5.8,11.6,0.5,0.0,0.0,0.0,5.8,5.8,11.6,5.8,0.0,5.8,0.0,0.0,0.0,0.0,17.4,23.2,57.5,0,0,52.3,1,1,13086,1,23518,12093,14281,8526,1471,2021,3944,13505,14344,13505,1740,8783,3834,5841,16469,530,8263,8846,20257,17725,10403,3211,1557,2246,150,1975,1,6:12
2024-25,1631110,Jeremy Sochan,Jeremy,1610612759,SAS,San Antonio Spurs,0022400757,2025-02-10T00:00:00,SAS @ WAS,W,21.133333333333333,10.2,11.9,0.857,1.7,1.7,1.0,1.7,1.7,1.0,3.4,5.1,8.5,5.1,3.4,5.1,0.0,0.0,3.4,3.4,23.8,-3.4,53.7,0,0,49.4,1,1,13086,1,15195,3000,13721,1412,11393,20042,1,11405,13292,1,4527,10533,7450,7224,5215,828,8263,8846,9054,7931,4907,14759,2283,2246,150,2696,1,21:08
2024-25,1630311,Pat Spencer,Pat,1610612744,GSW,Golden State Warriors,0022400760,2025-02-10T00:00:00,GSW @ MIL,W,1.1833333333333333,0.0,0.0,0.0,0.0,0.0,0.0,0.0,0.0,0.0,0.0,60.8,60.8,30.4,0.0,0.0,0.0,0.0,0.0,0.0,0.0,0.0,118.6,0,0,91.3,1,1,13086,1,25970,22635,24836,22635,15070,20945,15070,13505,14344,13505,14058,8,11,19,16469,12854,8263,8846,20257,17725,23200,12240,38,2246,150,86,1,1:11
2024-25,202681,Kyrie Irving,Kyrie,1610612742,DAL,Dallas Mavericks,0022400762,2025-02-10T00:00:00,DAL vs. SAC,L,43.75,9.1,20.6,0.44,1.6,5.8,0.286,4.9,5.8,0.857,1.6,5.8,7.4,5.8,0.8,2.5,0.0,0.8,2.5,4.1,24.7,-5.8,48.8,0,0,44.4,1,13222,1,13222,100,4609,2591,13537,11553,11296,11433,4139,4801,7071,9763,8882,9357,5928,16446,4475,8263,8810,12915,6017,4372,15952,3698,2246,150,4499,1,43:45
2024-25,1628983,Shai Gilgeous-Alexander,Shai,1610612760,OKC,Oklahoma City Thunder,0022400761,2025-02-10T00:00:00,OKC vs. NOP,W,30.55,11.8,23.6,0.5,4.7,10.6,0.444,8.2,9.4,0.875,0.0,1.2,1.2,2.4,1.2,3.5,1.2,1.2,1.2,7.1,36.5,14.1,54.4,0,0,54.2,1,1,13086,1,7274,1677,1208,8526,2711,2870,7211,1300,1650,6931,14058,21569,22973,15028,14591,2199,6308,6411,18662,1603,751,5960,2102,2246,150,1589,1,30:33
2024-25,1627763,Malcolm Brogdon,Malcolm,1610612764,WAS,Washington Wizards,0022400757,2025-02-10T00:00:00,WAS vs. SAS,L,19.265,9.3,18.7,0.5,0.0,1.9,0.0,1.9,1.9,1.0,1.9,7.5,9.3,9.3,1.9,1.9,0.0,0.0,1.9,1.9,20.6,16.8,49.5,0,0,43.0,1,13222,1,13222,16622,4138,4036,8526,15070,19799,15070,11054,13068,1,8951,5543,6264,1792,11232,6925,8263,8846,15841,13647,7441,4965,3408,2246,150,5156,1,19:16
2024-25,1642264,Stephon Castle,Stephon,1610612759,SAS,San Antonio Spurs,0022400757,2025-02-10T00:00:00,SAS @ WAS,W,19.866666666666667,12.7,16.3,0.778,3.6,5.4,0.667,0.0,0.0,0.0,1.8,0.0,1.8,3.6,1.8,5.4,1.8,0.0,1.8,1.8,29.0,-21.7,56.5,0,0,52.6,1,1,13086,1,16126,1159,6669,1994,4858,12122,1957,13505,14344,13505,9200,22137,22140,11009,11488,661,4032,8846,16119,13886,2428,22016,1720,2246,150,1917,1,19:52
2024-25,1629026,Kenrich Williams,Kenrich,1610612760,OKC,Oklahoma City Thunder,0022400761,2025-02-10T00:00:00,OKC vs. NOP,W,11.25,12.8,12.8,1.0,9.6,9.6,1.0,0.0,0.0,0.0,0.0,0.0,0.0,12.8,0.0,3.2,3.2,0.0,0.0,0.0,35.2,64.0,73.6,0,0,70.4,1,1,13086,1,21601,1109,12207,1,242,3978,1,13505,14344,13505,14058,22137,23286,564,16469,2743,1477,8846,20257,17725,934,302,319,2246,150,309,1,11:15
2024-25,1630598,Aaron Wiggins,Aaron,1610612760,OKC,Oklahoma City Thunder,0022400761,2025-02-10T00:00:00,OKC vs. NOP,W,24.516666666666666,13.2,19.1,0.692,5.9,10.3,0.571,2.9,2.9,1.0,0.0,2.9,2.9,0.0,2.9,4.4,0.0,1.5,2.9,1.5,35.2,36.7,49.0,0,0,52.9,1,1,13086,1,12460,945,3685,3171,1407,3180,3506,7992,10127,1,14058,16950,19896,19908,6693,1298,8263,4892,11005,15138,929,1222,3616,2246,150,1838,1,24:31
2024-25,1630625,Dalano Banton,Dalano,1610612757,POR,Portland Trail Blazers,0022400763,2025-02-10T00:00:00,POR @ DEN,L,28.033333333333335,7.7,20.5,0.375,3.9,9.0,0.429,9.0,11.6,0.778,1.3,0.0,1.3,7.7,2.6,0.0,1.3,0.0,0.0,6.4,28.3,-12.8,42.6,0,0,43.7,1,13222,1,13222,9519,7264,2611,16299,4311,4853,7394,1009,878,8092,11270,22137,22829,3180,7987,12854,5717,8846,20257,2160,2688,19076,6291,2246,150,4851,1,28:02
2024-25,1642270,Donovan Clingan,Donovan,1610612757,POR,Portland Trail Blazers,0022400763,2025-02-10T00:00:00,POR @ DEN,L,21.15,13.6,13.6,1.0,1.7,1.7,1.0,6.8,6.8,1.0,3.4,8.5,11.9,0.0,1.7,0.0,1.7,0.0,6.8,5.1,35.7,-18.7,53.4,0,0,52.8,1,13222,1,13222,15185,822,10801,1,11397,20044,1,2152,3560,1,4535,4044,3570,19908,11910,12854,4287,8846,2140,3910,867,21151,2344,2246,150,1858,1,21:09
2024-25,1628386,Jarrett Allen,Jarrett,1610612739,CLE,Cleveland Cavaliers,0022400755,2025-02-10T00:00:00,CLE vs. MIN,W,26.833333333333332,8.0,10.7,0.75,0.0,0.0,0.0,2.7,2.7,1.0,5.4,12.1,17.4,4.0,1.3,1.3,0.0,1.3,4.0,1.3,18.8,28.2,48.4,1,0,42.9,1,1,13086,1,10465,6529,15829,2107,15070,20945,15070,8615,10788,1,2030,1314,1026,9876,13612,9235,8263,5441,7079,15718,9044,2235,3836,1,150,5182,1,26:50
2024-25,1630162,Anthony Edwards,Anthony,1610612750,MIN,Minnesota Timberwolves,0022400755,2025-02-10T00:00:00,MIN @ CLE,L,36.5,12.8,27.6,0.464,7.9,14.8,0.533,9.9,12.8,0.769,0.0,5.9,5.9,1.0,6.9,1.0,0.0,0.0,0.0,7.9,43.4,-11.8,48.0,0,0,60.2,1,13222,1,13222,2337,1095,433,12422,487,738,3935,738,613,8170,14058,8513,12484,19715,931,12071,8263,8846,20257,1076,301,18681,3963,2246,150,812,1,36:30
2024-25,202684,Tristan Thompson,Tristan,1610612739,CLE,Cleveland Cavaliers,0022400755,2025-02-10T00:00:00,CLE vs. MIN,W,4.75,0.0,0.0,0.0,0.0,0.0,0.0,0.0,0.0,0.0,0.0,37.9,37.9,7.6,0.0,0.0,7.6,0.0,7.6,0.0,0.0,-37.9,79.6,0,0,60.6,1,1,13086,1,24115,22635,24836,22635,15070,20945,15070,13505,14344,13505,14058,16,34,3308,16469,12854,162,8846,1580,17725,23200,24686,199,2246,150,766,1,4:45
2024-25,1642050,Jackson Rowe,Jackson,1610612744,GSW,Golden State Warriors,0022400760,2025-02-10T00:00:00,GSW @ MIL,W,1.1833333333333333,30.4,60.8,0.5,0.0,30.4,0.0,0.0,0.0,0.0,0.0,0.0,0.0,0.0,0.0,0.0,0.0,0.0,0.0,0.0,60.8,0.0,60.8,0,0,60.8,1,1,13086,1,25970,29,12,8526,15070,58,15070,13505,14344,13505,14058,22137,23286,19908,16469,12854,8263,8846,20257,17725,82,12240,1090,2246,150,743,1,1:11
2024-25,1642271,Kyle Filipowski,Kyle,1610612762,UTA,Utah Jazz,0022400768,2025-02-10T00:00:00,UTA @ LAL,L,9.833333333333334,11.0,14.6,0.75,7.3,11.0,0.667,3.7,3.7,1.0,0.0,3.7,3.7,0.0,0.0,7.3,0.0,0.0,0.0,3.7,32.9,47.6,59.3,0,0,58.6,1,13222,1,13222,22156,2269,9139,2107,659,2505,1957,6367,8564,1,14058,14752,18176,19908,16469,262,8263,8846,20257,7234,1336,621,1280,2246,150,954,1,9:50
2024-25,201939,Stephen Curry,Stephen,1610612744,GSW,Golden State Warriors,0022400760,2025-02-10T00:00:00,GSW @ MIL,W,33.983333333333334,12.7,25.4,0.5,6.4,16.9,0.375,8.5,9.5,0.889,0.0,6.4,6.4,4.2,2.1,0.0,0.0,0.0,0.0,6.4,40.3,8.5,52.1,0,0,57.2,1,1,13086,1,4278,1146,740,8526,1082,423,8800,1195,1583,6857,14058,7587,11491,9284,9914,12854,8263,8846,20257,2234,433,8408,2683,2246,150,1139,1,33:59
2024-25,1628389,Bam Adebayo,Bam,1610612748,MIA,Miami Heat,0022400759,2025-02-10T00:00:00,MIA vs. BOS,L,34.28333333333333,6.3,17.9,0.353,1.1,5.3,0.2,9.5,10.5,0.9,6.3,6.3,12.6,4.2,0.0,0.0,0.0,2.1,0.0,5.3,23.1,-5.3,44.5,1,0,41.0,1,13222,1,13222,4024,10711,4847,17268,14249,12590,13429,860,1187,6805,1473,7693,3064,9383,16469,12854,8263,2923,20257,3697,5415,15727,5410,1,150,6231,1,34:17
2024-25,1641774,Tristan Vukcevic,Tristan,1610612764,WAS,Washington Wizards,0022400757,2025-02-10T00:00:00,WAS vs. SAS,L,20.073333333333334,12.6,17.9,0.7,3.6,5.4,0.667,3.6,3.6,1.0,0.0,10.8,10.8,3.6,1.8,1.8,1.8,0.0,3.6,1.8,32.3,23.3,59.5,0,0,57.4,1,13222,1,13222,15969,1222,4768,3045,4952,12254,1957,6515,8710,1,14058,2038,4637,11126,11579,7286,4073,8846,8470,13958,1459,3191,1250,2246,150,1119,1,20:04
2024-25,1642273,Kyshawn George,Kyshawn,1610612764,WAS,Washington Wizards,0022400757,2025-02-10T00:00:00,WAS vs. SAS,L,36.2,3.0,9.9,0.3,1.0,6.0,0.167,4.0,5.0,0.8,0.0,7.0,7.0,3.0,2.0,1.0,0.0,1.0,2.0,5.0,10.9,-18.9,24.8,0,0,23.9,1,13222,1,13222,2532,19465,17157,19363,14582,10762,14236,5730,5981,7681,14058,6432,10220,12988,10570,12007,8263,7975,15212,4173,17226,21209,18447,2246,150,18424,1,36:12
2024-25,1631288,Jamal Cain,Jamal,1610612740,NOP,New Orleans Pelicans,0022400761,2025-02-10T00:00:00,NOP @ OKC,L,7.0,0.0,5.1,0.0,0.0,5.1,0.0,0.0,0.0,0.0,0.0,5.1,5.1,0.0,5.1,0.0,0.0,0.0,0.0,0.0,0.0,-30.9,1.0,0,0,5.1,1,13222,1,13222,23170,22635,23358,22635,15070,12839,15070,13505,14344,13505,14058,10438,14415,19908,2179,12854,8263,8846,20257,17725,23200,23862,25207,2246,150,25091,1,7:00
2024-25,1630558,Davion Mitchell,Davion,1610612748,MIA,Miami Heat,0022400759,2025-02-10T00:00:00,MIA vs. BOS,L,22.65,3.2,12.7,0.25,0.0,6.4,0.0,0.0,0.0,0.0,0.0,4.8,4.8,6.4,0.0,0.0,0.0,0.0,4.8,1.6,6.4,7.9,21.6,0,0,17.5,1,13222,1,13222,13991,19034,12358,20233,15070,9855,15070,13505,14344,13505,14058,11516,15372,4917,16469,12854,8263,8846,5135,14662,21151,8660,20355,2246,150,22086,1,22:39
2024-25,1629028,Deandre Ayton,Deandre,1610612757,POR,Portland Trail Blazers,0022400763,2025-02-10T00:00:00,POR @ DEN,L,18.55,9.7,17.5,0.556,0.0,0.0,0.0,0.0,0.0,0.0,0.0,0.0,0.0,0.0,3.9,0.0,1.9,0.0,7.8,0.0,19.4,-23.3,21.3,0,0,23.3,1,13222,1,13222,17147,3597,5278,7248,15070,20945,15070,13505,14344,13505,14058,22137,23286,19908,4127,12854,3651,8846,1487,17725,8464,22406,20500,2246,150,18809,1,18:33
2024-25,1630182,Josh Green,Josh,1610612766,CHA,Charlotte Hornets,0022400758,2025-02-10T00:00:00,CHA @ BKN,L,26.766666666666666,2.7,6.7,0.4,1.3,5.4,0.25,0.0,0.0,0.0,0.0,2.7,2.7,1.3,2.7,2.7,0.0,0.0,1.3,2.7,6.7,-10.8,17.3,0,0,17.5,1,13222,1,13222,10516,20113,21866,14933,12670,12255,11902,13505,14344,13505,14058,17727,20470,18518,7561,3934,8263,8846,17844,10340,20904,18212,22353,2246,150,22085,1,26:46
2024-25,1629003,Shake Milton,Shake,1610612747,LAL,Los Angeles Lakers,0022400768,2025-02-10T00:00:00,LAL vs. UTA,W,7.783333333333333,0.0,9.3,0.0,0.0,9.3,0.0,9.3,9.3,1.0,0.0,4.6,4.6,4.6,0.0,0.0,0.0,0.0,0.0,9.3,9.3,-64.8,21.7,0,0,18.5,1,1,13086,1,22898,22635,18334,22635,15070,4452,15070,928,1740,1,14058,11918,15760,8362,16469,12854,8263,8846,20257,583,18861,25792,20293,2246,150,21626,1,7:47
2024-25,1626171,Bobby Portis,Bobby,1610612749,MIL,Milwaukee Bucks,0022400760,2025-02-10T00:00:00,MIL vs. GSW,L,26.383333333333333,4.1,15.0,0.273,0.0,5.5,0.0,1.4,2.7,0.5,1.4,8.2,9.6,1.4,1.4,1.4,0.0,0.0,8.2,1.4,9.6,-13.6,25.8,0,0,23.2,1,13222,1,13222,10831,16861,8598,20048,15070,12062,15070,12122,10671,10625,10904,4440,5986,18451,13487,9111,8263,8846,1278,15601,18589,19360,17758,2246,150,18863,1,26:23
2024-25,1631247,Luke Travers,Luke,1610612739,CLE,Cleveland Cavaliers,0022400755,2025-02-10T00:00:00,CLE vs. MIN,W,6.416666666666667,0.0,5.6,0.0,0.0,5.6,0.0,0.0,0.0,0.0,5.6,0.0,5.6,0.0,11.2,0.0,0.0,5.6,5.6,0.0,0.0,-16.8,-4.5,0,0,5.6,1,1,13086,1,23402,22635,22986,22635,15070,11686,15070,13505,14344,13505,1870,22137,13258,19908,243,12854,8263,263,3530,17725,23200,20558,26168,2246,150,25045,1,6:25
2024-25,1630545,Terrence Shannon Jr.,Terrence,1610612750,MIN,Minnesota Timberwolves,0022400755,2025-02-10T00:00:00,MIN @ CLE,L,13.333333333333334,2.7,10.8,0.25,0.0,5.4,0.0,0.0,0.0,0.0,0.0,5.4,5.4,2.7,2.7,2.7,0.0,0.0,2.7,0.0,5.4,-16.2,21.3,0,0,18.9,1,13222,1,13222,20575,20089,15695,20233,15070,12211,15070,13505,14344,13505,14058,9783,13812,13907,7537,3909,8263,8846,12044,17725,21795,20323,20512,2246,150,21433,1,13:20
2024-25,1642382,Branden Carlson,Branden,1610612760,OKC,Oklahoma City Thunder,0022400761,2025-02-10T00:00:00,OKC vs. NOP,W,6.2,5.8,5.8,1.0,5.8,5.8,1.0,0.0,0.0,0.0,0.0,0.0,0.0,0.0,0.0,0.0,0.0,0.0,5.8,0.0,17.4,23.2,17.4,0,0,23.2,1,1,13086,1,23518,12093,22803,1,1471,11190,1,13505,14344,13505,14058,22137,23286,19908,16469,12854,8263,8846,3211,17725,10403,3211,22327,2246,150,18848,1,6:12
2024-25,1629652,Luguentz Dort,Luguentz,1610612760,OKC,Oklahoma City Thunder,0022400761,2025-02-10T00:00:00,OKC vs. NOP,W,24.9,2.9,10.1,0.286,2.9,10.1,0.286,0.0,0.0,0.0,2.9,1.4,4.3,2.9,0.0,0.0,0.0,0.0,2.9,0.0,8.7,7.2,18.2,0,0,18.8,1,1,13086,1,12089,19676,16876,19630,6887,3355,11433,13505,14344,13505,5607,20999,16440,13306,16469,12854,8263,8846,11218,17725,19374,9027,21995,2246,150,21481,1,24:54
2024-25,1629020,Jarred Vanderbilt,Jarred,1610612747,LAL,Los Angeles Lakers,0022400768,2025-02-10T00:00:00,LAL vs. UTA,W,17.216666666666665,0.0,6.3,0.0,0.0,2.1,0.0,0.0,0.0,0.0,0.0,4.2,4.2,2.1,2.1,0.0,0.0,2.1,2.1,0.0,0.0,8.4,6.1,0,0,6.3,1,1,13086,1,18123,22635,22350,22635,15070,19383,15070,13505,14344,13505,14058,13157,16848,16031,10038,12854,8263,2947,14648,17725,23200,8454,24907,2246,150,24977,1,17:13
2024-25,1627827,Dorian Finney-Smith,Dorian,1610612747,LAL,Los Angeles Lakers,0022400768,2025-02-10T00:00:00,LAL vs. UTA,W,25.683333333333334,1.4,5.6,0.25,0.0,4.2,0.0,2.8,2.8,1.0,0.0,5.6,5.6,1.4,0.0,2.8,0.0,0.0,2.8,1.4,5.6,18.2,22.8,0,0,18.2,1,1,13086,1,11418,22292,22994,20233,15070,15105,15070,8346,10483,1,14058,9292,13276,18341,16469,3682,8263,8846,11633,15448,21662,4487,19653,2246,150,21763,1,25:41
2024-25,1630553,Keon Johnson,Keon,1610612751,BKN,Brooklyn Nets,0022400758,2025-02-10T00:00:00,BKN vs. CHA,W,26.583333333333332,2.7,16.3,0.167,1.4,8.1,0.167,0.0,0.0,0.0,1.4,4.1,5.4,1.4,2.7,0.0,1.4,4.1,1.4,1.4,6.8,-9.5,16.7,0,0,17.6,1,1,13086,1,10652,20069,6750,21938,12639,6232,14236,13505,14344,13505,10962,13537,13766,18485,7504,12854,5428,633,17809,15651,20882,17660,22609,2246,150,22034,1,26:35
2024-25,1629750,Javonte Green,Javonte,1610612740,NOP,New Orleans Pelicans,0022400761,2025-02-10T00:00:00,NOP @ OKC,L,12.333333333333334,5.8,11.7,0.5,2.9,8.8,0.333,0.0,0.0,0.0,0.0,5.8,5.8,0.0,0.0,0.0,0.0,0.0,2.9,2.9,14.6,-8.8,21.6,0,0,23.4,1,13222,1,13222,21084,11992,14159,8526,6798,5169,9209,13505,14344,13505,14058,8697,12673,19908,16469,12854,8263,8846,11095,9526,13291,17307,20362,2246,150,18766,1,12:20
2024-25,1630577,Julian Champagnie,Julian,1610612759,SAS,San Antonio Spurs,0022400757,2025-02-10T00:00:00,SAS @ WAS,W,16.216666666666665,4.4,6.7,0.667,2.2,4.4,0.5,2.2,2.2,1.0,0.0,0.0,0.0,2.2,0.0,0.0,0.0,0.0,2.2,2.2,13.3,15.5,16.6,0,0,17.8,1,1,13086,1,18779,15955,21942,3281,9163,14598,3944,9868,12018,1,14058,22137,23286,15555,16469,12854,8263,8846,14008,12080,14725,5414,22613,2246,150,21963,1,16:13
2024-25,1626168,Trey Lyles,Trey,1610612758,SAC,Sacramento Kings,0022400762,2025-02-10T00:00:00,SAC @ DAL,W,10.14,3.6,10.7,0.333,3.6,7.1,0.5,0.0,0.0,0.0,0.0,3.6,3.6,0.0,0.0,0.0,0.0,0.0,0.0,0.0,10.7,-35.5,14.9,0,0,17.8,1,1,13086,1,22061,18207,15967,17395,5031,8254,3944,13505,14344,13505,14058,15086,18446,19908,16469,12854,8263,8846,20257,17725,17516,24467,23207,2246,150,21967,1,10:08
2024-25,1630631,Jose Alvarado,Jose,1610612740,NOP,New Orleans Pelicans,0022400761,2025-02-10T00:00:00,NOP @ OKC,L,23.333333333333332,6.2,13.9,0.444,1.5,7.7,0.2,0.0,0.0,0.0,0.0,0.0,0.0,0.0,3.1,0.0,0.0,0.0,1.5,0.0,13.9,-50.9,10.8,0,0,15.4,1,13222,1,13222,13435,11041,10365,13045,11888,6971,13429,13505,14344,13505,14058,22137,23286,19908,6166,12854,8263,8846,17074,17725,14064,25431,24281,2246,150,22901,1,23:20
2024-25,1626204,Larry Nance Jr.,Larry,1610612737,ATL,Atlanta Hawks,0022400756,2025-02-10T00:00:00,ATL @ ORL,W,19.466666666666665,7.4,11.1,0.667,0.0,1.8,0.0,0.0,0.0,0.0,3.7,1.8,5.5,1.8,1.8,0.0,0.0,0.0,5.5,3.7,14.8,3.7,22.4,0,0,22.2,1,1,13086,1,16447,8013,15198,3281,15070,19831,15070,13505,14344,13505,4037,20110,13425,16929,11325,12854,8263,8846,3630,7133,13117,10809,19938,2246,150,19558,1,19:28
2024-25,1629674,Neemias Queta,Neemias,1610612738,BOS,Boston Celtics,0022400759,2025-02-10T00:00:00,BOS @ MIA,W,6.133333333333334,11.7,11.7,1.0,0.0,0.0,0.0,0.0,0.0,0.0,0.0,5.9,5.9,0.0,5.9,0.0,0.0,0.0,5.9,0.0,23.5,23.5,24.7,0,0,29.3,1,1,13086,1,23548,1696,14039,1,15070,20945,15070,13505,14344,13505,14058,8621,12594,19908,1489,12854,8263,8846,3116,17725,5148,3155,18522,2246,150,14450,1,6:08
2024-25,1630570,Trendon Watford,Trendon,1610612751,BKN,Brooklyn Nets,0022400758,2025-02-10T00:00:00,BKN vs. CHA,W,20.35,7.1,14.2,0.5,5.3,8.8,0.6,3.5,3.5,1.0,0.0,3.5,3.5,7.1,0.0,0.0,0.0,1.8,7.1,3.5,23.0,46.0,37.9,0,0,38.9,1,1,13086,1,15748,8749,9921,8526,1944,5035,2992,6622,8813,1,14058,15121,18473,3920,16469,12854,8263,3981,1920,7568,5478,663,9119,2246,150,7432,1,20:21
2024-25,203484,Kentavious Caldwell-Pope,Kentavious,1610612753,ORL,Orlando Magic,0022400756,2025-02-10T00:00:00,ORL vs. ATL,L,35.1,1.0,4.1,0.25,1.0,3.1,0.333,3.1,3.1,1.0,0.0,2.1,2.1,1.0,2.1,2.1,0.0,0.0,2.1,4.1,6.2,-8.2,14.3,0,0,14.4,1,13222,1,13222,3384,22612,24046,20233,14392,17497,9209,7605,9780,1,14058,19503,21698,19603,10252,6007,8263,8846,14868,6048,21282,17053,23414,2246,150,23302,1,35:06
2024-25,1642281,Jaylon Tyson,Jaylon,1610612739,CLE,Cleveland Cavaliers,0022400755,2025-02-10T00:00:00,CLE vs. MIN,W,13.983333333333333,5.1,10.3,0.5,2.6,2.6,1.0,0.0,0.0,0.0,7.7,5.1,12.9,2.6,5.1,0.0,0.0,0.0,12.9,0.0,12.9,41.2,27.0,0,0,30.9,1,1,13086,1,20207,13952,16564,8526,7900,18489,1,13505,14344,13505,872,10422,2891,14295,2170,12854,8263,8846,353,17725,15222,892,16918,2246,150,13255,1,13:59
2024-25,1630557,Corey Kispert,Corey,1610612764,WAS,Washington Wizards,0022400757,2025-02-10T00:00:00,WAS vs. SAS,L,23.81833333333333,7.6,16.6,0.455,4.5,12.1,0.375,1.5,1.5,1.0,0.0,3.0,3.0,3.0,3.0,0.0,0.0,3.0,4.5,1.5,21.2,12.1,26.3,0,0,31.7,1,13222,1,13222,13060,7629,6272,12676,3008,1736,8800,11773,13476,1,14058,16640,19661,12853,6382,12854,8263,1310,5699,14958,6958,6759,17416,2246,150,12591,1,23:49
2024-25,1628436,Luke Kornet,Luke,1610612738,BOS,Boston Celtics,0022400759,2025-02-10T00:00:00,BOS @ MIA,W,21.906666666666666,0.0,3.3,0.0,0.0,1.6,0.0,0.0,0.0,0.0,1.6,3.3,4.9,3.3,3.3,3.3,0.0,0.0,4.9,1.6,0.0,-6.6,17.4,0,0,14.8,1,1,13086,1,14577,22635,24399,22635,15070,20120,15070,13505,14344,13505,9774,15835,14985,12035,5539,2590,8263,8846,4775,14481,23200,16324,22326,2246,150,23140,1,21:54
2024-25,1631248,Baylor Scheierman,Baylor,1610612738,BOS,Boston Celtics,0022400759,2025-02-10T00:00:00,BOS @ MIA,W,10.168333333333333,0.0,7.1,0.0,0.0,7.1,0.0,0.0,0.0,0.0,0.0,10.6,10.6,3.5,0.0,0.0,0.0,0.0,0.0,0.0,0.0,17.7,18.1,0,0,14.2,1,1,13086,1,22046,22635,21468,22635,15070,8290,15070,13505,14344,13505,14058,2136,4793,11276,16469,12854,8263,8846,20257,17725,23200,4668,22064,2246,150,23371,1,10:10
2024-25,1631101,Shaedon Sharpe,Shaedon,1610612757,POR,Portland Trail Blazers,0022400763,2025-02-10T00:00:00,POR @ DEN,L,20.416666666666668,8.8,19.4,0.455,1.8,10.6,0.167,0.0,0.0,0.0,3.5,1.8,5.3,1.8,1.8,1.8,0.0,0.0,1.8,1.8,19.4,-22.9,31.9,0,0,31.7,1,13222,1,13222,15698,5045,3421,12676,11210,2896,14236,13505,14344,13505,4336,20325,14066,17186,11691,7391,8263,8846,16329,14063,8474,22312,13392,2246,150,12593,1,20:25
2024-25,1626179,Terry Rozier,Terry,1610612748,MIA,Miami Heat,0022400759,2025-02-10T00:00:00,MIA vs. BOS,L,25.35,5.7,17.0,0.333,1.4,5.7,0.25,0.0,0.0,0.0,0.0,4.3,4.3,1.4,0.0,1.4,0.0,1.4,1.4,0.0,12.8,-32.7,24.3,0,0,22.7,1,13222,1,13222,11699,12476,5758,17395,12369,11507,11902,13505,14344,13505,14058,12935,16643,18269,16469,8797,8263,5101,17539,17725,15311,24123,18756,2246,150,19196,1,25:21
2024-25,203932,Aaron Gordon,Aaron,1610612743,DEN,Denver Nuggets,0022400763,2025-02-10T00:00:00,DEN vs. POR,W,24.466666666666665,4.4,7.4,0.6,1.5,1.5,1.0,2.9,2.9,1.0,1.5,1.5,2.9,10.3,0.0,1.5,0.0,1.5,1.5,1.5,13.2,28.0,36.6,0,0,30.9,1,1,13086,1,12511,16025,21130,5394,12152,20297,1,7972,10109,1,10427,20937,19873,1285,16469,8524,8263,4878,17340,15119,14822,2276,9928,2246,150,13249,1,24:28
2024-25,1631133,Jabari Walker,Jabari,1610612757,POR,Portland Trail Blazers,0022400763,2025-02-10T00:00:00,POR @ DEN,L,15.0,2.4,9.6,0.25,2.4,4.8,0.5,4.8,4.8,1.0,0.0,12.0,12.0,2.4,0.0,0.0,0.0,0.0,2.4,4.8,12.0,0.0,30.0,0,0,28.8,1,13222,1,13222,19560,20666,17768,20233,8487,13705,3944,4345,6302,1,14058,1347,3485,14879,16469,12854,8263,8846,13205,4500,16132,12240,14793,2246,150,14855,1,15:00
2024-25,1631099,Keegan Murray,Keegan,1610612758,SAC,Sacramento Kings,0022400762,2025-02-10T00:00:00,SAC @ DAL,W,29.935,6.0,13.2,0.455,1.2,4.8,0.25,0.0,0.0,0.0,1.2,4.8,6.0,3.6,0.0,2.4,1.2,1.2,2.4,0.0,13.2,-3.6,36.7,0,0,31.3,1,1,13086,1,7838,11465,11432,12676,13352,13682,11902,13505,14344,13505,11780,11403,12243,11067,16469,4682,6156,6241,13184,17725,14839,14851,9902,2246,150,12954,1,29:56
2024-25,1641764,Brandin Podziemski,Brandin,1610612744,GSW,Golden State Warriors,0022400760,2025-02-10T00:00:00,GSW @ MIL,W,32.13333333333333,3.4,11.2,0.3,1.1,5.6,0.2,2.2,4.5,0.5,2.2,7.8,10.1,3.4,0.0,2.2,0.0,1.1,0.0,4.5,10.1,20.2,33.9,0,0,29.1,1,1,13086,1,5859,18619,15013,19363,13839,11717,13429,9804,6873,10625,7450,4955,5342,11786,16469,5243,8263,6870,20257,5182,18073,3902,11863,2246,150,14602,1,32:08
2024-25,1630170,Devin Vassell,Devin,1610612759,SAS,San Antonio Spurs,0022400757,2025-02-10T00:00:00,SAS @ WAS,W,30.683333333333334,2.3,10.6,0.222,2.3,9.4,0.25,1.2,1.2,1.0,0.0,3.5,3.5,1.2,1.2,0.0,0.0,0.0,1.2,2.3,8.2,1.2,13.0,0,0,15.3,1,1,13086,1,7138,20765,16122,21205,8680,4271,11902,12688,13932,1,14058,15180,18508,19105,14644,12854,8263,8846,18700,11562,19739,12032,23765,2246,150,22973,1,30:41
2024-25,1630695,Micah Potter,Micah,1610612762,UTA,Utah Jazz,0022400768,2025-02-10T00:00:00,UTA @ LAL,L,5.066666666666666,0.0,0.0,0.0,0.0,0.0,0.0,14.2,14.2,1.0,0.0,0.0,0.0,0.0,0.0,0.0,0.0,0.0,0.0,7.1,14.2,-21.3,14.2,0,0,14.2,1,13222,1,13222,23968,22635,24836,22635,15070,20945,15070,199,424,1,14058,22137,23286,19908,16469,12854,8263,8846,20257,1576,13710,21916,23426,2246,150,23354,1,5:04
2024-25,202691,Klay Thompson,Klay,1610612742,DAL,Dallas Mavericks,0022400762,2025-02-10T00:00:00,DAL vs. SAC,L,26.46,9.5,20.4,0.467,6.8,13.6,0.5,0.0,0.0,0.0,0.0,2.7,2.7,1.4,0.0,0.0,1.4,0.0,1.4,0.0,25.9,-19.0,35.2,0,0,39.5,1,13222,1,13222,10772,3844,2687,12249,844,1056,3944,13505,14344,13505,14058,17632,20402,18468,16469,12854,5405,8846,17788,17725,3748,21255,10910,2246,150,7096,1,26:28
2024-25,1641740,Jaylen Clark,Jaylen,1610612750,MIN,Minnesota Timberwolves,0022400755,2025-02-10T00:00:00,MIN @ CLE,L,14.5,5.0,9.9,0.5,0.0,0.0,0.0,0.0,0.0,0.0,0.0,0.0,0.0,0.0,0.0,2.5,0.0,0.0,5.0,0.0,9.9,-54.6,17.4,0,0,14.9,1,13222,1,13222,19877,14489,17187,8526,15070,20945,15070,13505,14344,13505,14058,22137,23286,19908,16469,4430,8263,8846,4692,17725,18222,25559,22344,2246,150,23097,1,14:30
2024-25,1630175,Cole Anthony,Cole,1610612753,ORL,Orlando Magic,0022400756,2025-02-10T00:00:00,ORL vs. ATL,L,17.65,6.1,10.2,0.6,2.0,2.0,1.0,0.0,0.0,0.0,0.0,2.0,2.0,8.2,8.2,4.1,2.0,0.0,6.1,0.0,14.3,8.2,39.2,0,0,38.8,1,13222,1,13222,17819,11164,16734,5394,9963,19477,1,13505,14344,13505,14058,19529,21720,2735,558,1559,3368,8846,2799,17725,13638,8545,8292,2246,150,7552,1,17:39
2024-25,1630573,Sam Hauser,Sam,1610612738,BOS,Boston Celtics,0022400759,2025-02-10T00:00:00,BOS @ MIA,W,24.045,7.5,12.0,0.625,7.5,12.0,0.625,0.0,0.0,0.0,0.0,6.0,6.0,3.0,0.0,0.0,0.0,0.0,3.0,0.0,22.5,25.5,34.1,0,0,38.9,1,1,13086,1,12862,7798,13631,4899,596,1793,2868,13505,14344,13505,14058,8357,12315,12954,16469,12854,8263,8846,10764,17725,5881,2717,11700,2246,150,7430,1,24:03
2024-25,1641854,Craig Porter Jr.,Craig,1610612739,CLE,Cleveland Cavaliers,0022400755,2025-02-10T00:00:00,CLE vs. MIN,W,16.55,2.2,13.1,0.167,0.0,8.7,0.0,0.0,0.0,0.0,0.0,4.4,4.4,2.2,4.4,2.2,0.0,0.0,0.0,2.2,4.4,-4.4,15.0,0,0,15.2,1,1,13086,1,18569,21079,11771,21938,15070,5272,15070,13505,14344,13505,14058,12649,16405,15707,3219,5492,8263,8846,20257,12265,22369,15248,23173,2246,150,22981,1,16:33
2024-25,1630249,Vít Krejčí,Vít,1610612737,ATL,Atlanta Hawks,0022400756,2025-02-10T00:00:00,ATL @ ORL,W,18.25,5.9,9.9,0.6,2.0,5.9,0.333,2.0,2.0,1.0,0.0,2.0,2.0,7.9,0.0,2.0,0.0,0.0,3.9,3.9,15.8,-13.8,35.9,0,0,31.6,1,1,13086,1,17404,11754,17308,5394,10279,10894,9209,10733,12797,1,14058,19749,21852,3008,16469,6378,8263,8846,7294,6454,12139,19427,10433,2246,150,12725,1,18:15
2024-25,1631255,Karlo Matković,Karlo,1610612740,NOP,New Orleans Pelicans,0022400761,2025-02-10T00:00:00,NOP @ OKC,L,32.205,3.4,10.1,0.333,1.1,4.5,0.25,1.1,1.1,1.0,3.4,6.7,10.1,2.2,2.2,0.0,3.4,3.4,3.4,1.1,8.9,-43.6,32.2,0,0,29.1,1,13222,1,13222,5799,18636,16943,17395,13853,14523,11902,12866,14014,1,4638,6883,5363,15498,9373,12854,1349,1026,9240,16835,19142,25098,13180,2246,150,14652,1,32:12
2024-25,203914,Gary Harris,Gary,1610612753,ORL,Orlando Magic,0022400756,2025-02-10T00:00:00,ORL vs. ATL,L,14.083333333333334,0.0,2.6,0.0,0.0,2.6,0.0,0.0,0.0,0.0,7.7,0.0,7.7,10.2,0.0,2.6,0.0,0.0,2.6,0.0,0.0,-17.9,32.2,0,0,23.0,1,13222,1,13222,20151,22635,24627,22635,15070,18525,15070,13505,14344,13505,894,22137,8844,1324,16469,4237,8263,8846,12579,17725,23200,20902,13167,2246,150,19018,1,14:05
2024-25,1641733,Nick Smith Jr.,Nick,1610612766,CHA,Charlotte Hornets,0022400758,2025-02-10T00:00:00,CHA @ BKN,L,35.81666666666667,4.0,12.1,0.333,1.0,7.0,0.143,4.0,4.0,1.0,0.0,1.0,1.0,5.0,4.0,1.0,0.0,0.0,1.0,3.0,13.1,0.0,20.8,0,0,22.1,1,13222,1,13222,2811,17044,13490,17395,14522,8391,14649,5663,7802,1,14058,21963,23201,7400,3843,11911,8263,8846,19682,9180,15021,12240,20786,2246,150,19610,1,35:49
2024-25,203110,Draymond Green,Draymond,1610612744,GSW,Golden State Warriors,0022400760,2025-02-10T00:00:00,GSW @ MIL,W,32.18333333333333,2.2,7.8,0.286,0.0,3.4,0.0,2.2,4.5,0.5,1.1,2.2,3.4,5.6,1.1,5.6,1.1,0.0,5.6,2.2,6.7,15.7,38.1,0,0,29.1,1,1,13086,1,5816,20972,20497,19630,15070,16958,15070,9821,6885,10625,12337,18962,18860,6265,15013,605,6677,8846,3562,11995,20913,5365,8928,2246,150,14636,1,32:11
2024-25,1628976,Wendell Carter Jr.,Wendell,1610612753,ORL,Orlando Magic,0022400756,2025-02-10T00:00:00,ORL vs. ATL,L,17.966666666666665,4.0,4.0,1.0,0.0,0.0,0.0,0.0,4.0,0.0,0.0,4.0,4.0,2.0,2.0,0.0,0.0,0.0,4.0,2.0,8.0,-12.0,13.8,0,0,14.0,1,13222,1,13222,17583,17072,24092,1,15070,20945,15070,13505,7831,13505,14058,13695,17297,16361,10505,12854,8263,8846,7118,13062,19910,18744,23542,2246,150,23416,1,17:58
2024-25,1629655,Daniel Gafford,Daniel,1610612742,DAL,Dallas Mavericks,0022400762,2025-02-10T00:00:00,DAL vs. SAC,L,10.216666666666667,7.0,7.0,1.0,0.0,0.0,0.0,0.0,0.0,0.0,3.5,7.0,10.6,7.0,3.5,0.0,0.0,0.0,0.0,3.5,14.1,31.7,33.8,0,0,31.7,1,13222,1,13222,22023,8820,21506,1,15070,20945,15070,13505,14344,13505,4338,6282,4840,3959,4963,12854,8263,8846,20257,7598,13854,1765,11952,2246,150,12611,1,10:13
2024-25,1631260,AJ Green,AJ,1610612749,MIL,Milwaukee Bucks,0022400760,2025-02-10T00:00:00,MIL vs. GSW,L,21.816666666666666,3.3,13.2,0.25,1.7,6.6,0.25,0.0,0.0,0.0,0.0,3.3,3.3,0.0,0.0,0.0,0.0,0.0,5.0,0.0,8.3,-24.8,12.2,0,0,13.2,1,13222,1,13222,14648,18755,11477,20233,11535,9318,11902,13505,14344,13505,14058,15793,18989,19908,16469,12854,8263,8846,4725,17725,19699,22754,23965,2246,150,23650,1,21:49
2024-25,101108,Chris Paul,Chris,1610612759,SAS,San Antonio Spurs,0022400757,2025-02-10T00:00:00,SAS @ WAS,W,32.6,2.2,6.6,0.333,2.2,6.6,0.333,2.2,2.2,1.0,1.1,4.4,5.5,9.9,2.2,2.2,0.0,0.0,3.3,1.1,8.8,13.3,34.8,0,0,30.9,1,1,13086,1,5479,21017,21978,17395,9210,9261,9209,9917,12062,1,12439,12486,13482,1474,9477,5364,8263,8846,9406,16888,19241,6277,11213,2246,150,13233,1,32:36
2024-25,1641787,Tosan Evbuomwan,Tosan,1610612751,BKN,Brooklyn Nets,0022400758,2025-02-10T00:00:00,BKN vs. CHA,W,26.233333333333334,2.7,9.6,0.286,1.4,5.5,0.25,2.7,2.7,1.0,2.7,5.5,8.2,1.4,1.4,4.1,0.0,2.7,2.7,1.4,9.6,0.0,32.5,0,0,28.8,1,1,13086,1,10963,19989,17757,19630,12548,11974,11902,8473,10623,1,5992,9561,7884,18425,13446,1526,8263,1676,11863,15558,18540,12240,12934,2246,150,14849,1,26:14
2024-25,1630556,Kessler Edwards,Kessler,1610612742,DAL,Dallas Mavericks,0022400762,2025-02-10T00:00:00,DAL vs. SAC,L,25.621666666666666,4.2,7.0,0.6,0.0,1.4,0.0,0.0,0.0,0.0,0.0,1.4,1.4,1.4,1.4,2.8,2.8,0.0,4.2,0.0,8.4,-14.1,27.7,0,0,22.5,1,13222,1,13222,11474,16554,21530,5394,15070,20378,15070,13505,14344,13505,14058,21070,22681,18333,13252,3659,1942,8846,6514,17725,19570,19518,16439,2246,150,19374,1,25:37
2024-25,1628398,Kyle Kuzma,Kyle,1610612749,MIL,Milwaukee Bucks,0022400760,2025-02-10T00:00:00,MIL vs. GSW,L,33.72666666666667,6.4,9.6,0.667,0.0,1.1,0.0,9.6,13.9,0.692,2.1,4.3,6.4,0.0,2.1,0.0,0.0,1.1,3.2,9.6,22.4,-7.5,28.0,0,0,28.8,1,13222,1,13222,4516,10432,17756,3281,15070,20782,15070,804,467,9414,7830,12899,11390,19908,9818,12854,8263,7342,9854,493,5910,16711,16257,2246,150,14847,1,33:44
2024-25,1641765,Olivier-Maxence Prosper,Olivier-Maxence,1610612742,DAL,Dallas Mavericks,0022400762,2025-02-10T00:00:00,DAL vs. SAC,L,33.965,6.4,10.6,0.6,0.0,2.1,0.0,4.2,4.2,1.0,2.1,2.1,4.2,1.1,0.0,1.1,0.0,0.0,0.0,3.2,17.0,-22.3,26.8,0,0,24.4,1,13222,1,13222,4299,10542,16047,5394,15070,19337,15070,5280,7337,1,7887,19306,16708,19488,16469,11394,8263,8846,20257,8630,10894,22146,17075,2246,150,18096,1,33:58
2024-25,1641816,Hunter Tyson,Hunter,1610612743,DEN,Denver Nuggets,0022400763,2025-02-10T00:00:00,DEN vs. POR,W,9.866666666666667,0.0,10.9,0.0,0.0,10.9,0.0,0.0,0.0,0.0,7.3,3.6,10.9,3.6,3.6,0.0,0.0,0.0,7.3,0.0,0.0,-25.5,15.0,0,0,14.6,1,1,13086,1,22143,22635,15454,22635,15070,2544,15070,13505,14344,13505,1025,14791,4461,10936,4675,12854,8263,8846,1771,17725,23200,22924,23193,2246,150,23217,1,9:52
2024-25,1642367,Jonathan Mogbo,Jonathan,1610612761,TOR,Toronto Raptors,0022400753,2025-02-09T00:00:00,TOR @ HOU,L,31.45,3.4,11.4,0.3,0.0,6.9,0.0,4.6,5.7,0.8,0.0,6.9,6.9,3.4,2.3,0.0,4.6,0.0,5.7,3.4,11.4,-11.4,36.3,0,0,30.9,1,13222,1,13222,6450,18465,14579,19363,15070,8734,15070,4716,4863,7681,14058,6585,10389,11590,9130,12854,658,8846,3353,7858,16735,18506,10175,2246,150,13248,1,31:27
2024-25,203901,Elfrid Payton,Elfrid,1610612766,CHA,Charlotte Hornets,0022400752,2025-02-09T00:00:00,CHA @ DET,L,23.483333333333334,0.0,6.1,0.0,0.0,0.0,0.0,0.0,0.0,0.0,0.0,1.5,1.5,6.1,1.5,3.1,0.0,0.0,3.1,0.0,0.0,-16.9,18.7,0,0,13.8,1,13222,1,13222,13320,22635,22487,22635,15070,20945,15070,13505,14344,13505,14058,20807,22533,5275,12601,3010,8263,8846,10406,17725,23200,20568,21798,2246,150,23476,1,23:29
2024-25,1630191,Isaiah Stewart,Isaiah,1610612765,DET,Detroit Pistons,0022400752,2025-02-09T00:00:00,DET vs. CHA,W,16.533333333333335,2.2,6.5,0.333,0.0,4.4,0.0,0.0,0.0,0.0,2.2,4.4,6.5,2.2,0.0,0.0,0.0,0.0,6.5,4.4,4.4,0.0,15.5,0,0,13.1,1,1,13086,1,18580,21078,22074,17395,15070,14780,15070,13505,14344,13505,7662,12634,11101,15701,16469,12854,8263,8846,2373,5463,22367,12240,23036,2246,150,23690,1,16:32
2024-25,203471,Dennis Schröder,Dennis,1610612765,DET,Detroit Pistons,0022400752,2025-02-09T00:00:00,DET vs. CHA,W,14.616666666666667,2.5,9.9,0.25,2.5,4.9,0.5,4.9,4.9,1.0,0.0,0.0,0.0,7.4,2.5,0.0,0.0,0.0,0.0,2.5,12.3,7.4,20.9,0,0,22.2,1,1,13086,1,19811,20530,17325,20233,8272,13376,3944,4153,6072,1,14058,22137,23286,3525,8393,12854,8263,8846,20257,11120,15812,8942,20721,2246,150,19572,1,14:37
2024-25,1628415,Dillon Brooks,Dillon,1610612745,HOU,Houston Rockets,0022400753,2025-02-09T00:00:00,HOU vs. TOR,W,37.15,4.8,15.5,0.313,1.9,6.8,0.286,6.8,8.7,0.778,1.9,4.8,6.8,1.9,1.0,0.0,0.0,1.0,1.9,5.8,18.4,1.9,28.5,0,0,29.1,1,1,13086,1,1884,14821,7813,19175,10468,8936,11433,2174,2036,8092,8672,11295,10569,16613,16035,12854,8263,8194,15472,2873,9405,11655,15882,2246,150,14648,1,37:09
2024-25,1631323,Simone Fontecchio,Simone,1610612765,DET,Detroit Pistons,0022400752,2025-02-09T00:00:00,DET vs. CHA,W,14.233333333333333,0.0,7.6,0.0,0.0,5.1,0.0,0.0,0.0,0.0,2.5,5.1,7.6,2.5,0.0,2.5,0.0,0.0,2.5,0.0,0.0,10.1,20.5,0,0,15.2,1,1,13086,1,20060,22635,20811,22635,15070,13049,15070,13505,14344,13505,6525,10700,8994,14447,16469,4308,8263,8846,12674,17725,23200,7640,20955,2246,150,22999,1,14:14
2024-25,1641715,Cam Whitmore,Cam,1610612745,HOU,Houston Rockets,0022400753,2025-02-09T00:00:00,HOU vs. TOR,W,24.616666666666667,5.8,16.1,0.364,4.4,13.2,0.333,0.0,0.0,0.0,0.0,8.8,8.8,1.5,1.5,4.4,0.0,1.5,2.9,1.5,16.1,7.3,40.5,0,0,39.5,1,1,13086,1,12359,11952,6994,16861,3255,1222,9209,13505,14344,13505,14058,3753,7068,18124,12946,1314,8263,4925,11061,15169,11836,8978,7458,2246,150,7079,1,24:37
2024-25,1627736,Malik Beasley,Malik,1610612765,DET,Detroit Pistons,0022400752,2025-02-09T00:00:00,DET vs. CHA,W,25.616666666666667,8.4,22.5,0.375,7.0,19.7,0.357,0.0,0.0,0.0,1.4,1.4,2.8,0.0,0.0,2.8,0.0,0.0,1.4,1.4,23.9,12.6,35.7,0,0,39.3,1,1,13086,1,11477,5743,1593,16299,751,252,9188,13505,14344,13505,10724,21067,20223,19908,16469,3657,8263,8846,17607,15428,4885,6540,10577,2246,150,7161,1,25:37
2024-25,1631115,Orlando Robinson,Orlando,1610612761,TOR,Toronto Raptors,0022400753,2025-02-09T00:00:00,TOR @ HOU,L,17.3,2.1,10.4,0.2,2.1,2.1,1.0,0.0,0.0,0.0,4.2,14.6,18.7,0.0,2.1,0.0,2.1,2.1,8.3,2.1,6.2,6.2,32.9,0,0,31.2,1,13222,1,13222,18072,21262,16373,21401,9760,19396,1,13505,14344,13505,3348,647,750,19908,10089,12854,3252,2969,1215,12699,21215,9497,12670,2246,150,12990,1,17:18
2024-25,1641708,Amen Thompson,Amen,1610612745,HOU,Houston Rockets,0022400753,2025-02-09T00:00:00,HOU vs. TOR,W,41.15,2.6,6.1,0.429,0.9,1.7,0.5,0.9,1.7,0.5,1.7,7.0,8.7,4.4,3.5,2.6,0.9,0.9,3.5,1.7,7.0,7.0,31.1,0,0,28.0,1,1,13086,1,348,20236,22492,13735,15004,19985,3944,13470,13249,10625,9412,6362,7104,8952,5012,4084,8153,8726,8752,14117,20731,9136,14018,2246,150,15427,1,41:09
2024-25,1630578,Alperen Sengun,Alperen,1610612745,HOU,Houston Rockets,0022400753,2025-02-09T00:00:00,HOU vs. TOR,W,3.2666666666666666,0.0,33.1,0.0,0.0,0.0,0.0,0.0,0.0,0.0,11.0,22.0,33.1,0.0,11.0,0.0,0.0,0.0,0.0,11.0,0.0,-55.1,28.7,0,0,33.1,1,1,13086,1,24856,22635,165,22635,15070,20945,15070,13505,14344,13505,308,122,62,19908,255,12854,8263,8846,20257,276,23200,25567,15762,2246,150,11610,1,3:16
2024-25,1628970,Miles Bridges,Miles,1610612766,CHA,Charlotte Hornets,0022400752,2025-02-09T00:00:00,CHA @ DET,L,36.1,10.0,19.9,0.5,5.0,9.0,0.556,5.0,7.0,0.714,1.0,8.0,9.0,3.0,4.0,1.0,0.0,0.0,2.0,4.0,29.9,-16.0,44.2,0,0,48.9,1,13222,1,13222,2612,3251,3007,8526,2292,4870,3747,4061,3380,9244,13279,4733,6784,12962,3902,11985,8263,8846,15177,6337,2108,20243,5586,2246,150,2869,1,36:06
2024-25,1641842,Ronald Holland II,Ronald,1610612765,DET,Detroit Pistons,0022400752,2025-02-09T00:00:00,DET vs. CHA,W,13.533333333333333,10.6,23.9,0.444,2.7,16.0,0.167,0.0,0.0,0.0,0.0,5.3,5.3,5.3,2.7,5.3,0.0,0.0,0.0,2.7,23.9,-29.3,51.6,0,0,47.9,1,1,13086,1,20469,2564,1078,13045,7650,530,14236,13505,14344,13505,14058,9979,13988,6779,7656,728,8263,8846,20257,10437,4843,23625,2806,2246,150,3192,1,13:32
2024-25,201145,Jeff Green,Jeff,1610612745,HOU,Houston Rockets,0022400753,2025-02-09T00:00:00,HOU vs. TOR,W,19.5,7.4,12.9,0.571,0.0,5.5,0.0,11.1,12.9,0.857,3.7,5.5,9.2,1.8,1.8,0.0,0.0,0.0,3.7,7.4,25.8,18.5,37.8,0,0,36.9,1,1,13086,1,16419,8043,11994,6538,15070,11870,15070,471,597,7071,4048,9430,6404,16944,11337,12854,8263,8846,8110,1400,3751,4421,9129,2246,150,8777,1,19:30
2024-25,202699,Tobias Harris,Tobias,1610612765,DET,Detroit Pistons,0022400752,2025-02-09T00:00:00,DET vs. CHA,W,33.71666666666667,9.6,13.9,0.692,1.1,2.1,0.5,1.1,1.1,1.0,0.0,4.3,4.3,1.1,0.0,0.0,0.0,0.0,1.1,1.1,21.4,21.4,28.1,0,0,27.8,1,1,13086,1,4521,3708,10379,3171,14144,19300,3944,13010,14092,1,14058,12893,16610,19454,16469,12854,8263,8846,19287,17074,6769,3611,16154,2246,150,15607,1,33:43
2024-25,1630256,Jae'Sean Tate,Jae'Sean,1610612745,HOU,Houston Rockets,0022400753,2025-02-09T00:00:00,HOU vs. TOR,W,15.296666666666667,2.4,4.7,0.5,2.4,2.4,1.0,4.7,4.7,1.0,2.4,7.1,9.4,0.0,2.4,2.4,0.0,2.4,2.4,2.4,11.8,11.8,27.8,0,0,28.2,1,1,13086,1,19384,20752,23672,8526,8653,18896,1,4504,6467,1,7078,6258,6162,19908,8846,4856,8263,2327,13422,11523,16380,6899,16386,2246,150,15257,1,15:18
2024-25,1630215,Jared Butler,Jared,1610612755,PHI,Philadelphia 76ers,0022400754,2025-02-09T00:00:00,PHI @ MIL,L,10.933333333333334,9.9,23.0,0.429,3.3,6.6,0.5,0.0,0.0,0.0,3.3,3.3,6.6,3.3,3.3,0.0,0.0,0.0,6.6,0.0,23.0,-42.8,32.6,0,0,36.2,1,13222,1,13222,21736,3361,1369,13735,5690,9348,3944,13505,14344,13505,4760,15817,10988,12009,5527,12854,8263,8846,2330,17725,5451,25033,12885,2246,150,9209,1,10:56
2024-25,1642419,Jamison Battle,Jamison,1610612761,TOR,Toronto Raptors,0022400753,2025-02-09T00:00:00,TOR @ HOU,L,14.0,0.0,7.7,0.0,0.0,5.1,0.0,0.0,0.0,0.0,0.0,0.0,0.0,0.0,0.0,0.0,0.0,2.6,5.1,0.0,0.0,-30.9,0.0,0,0,0.0,1,13222,1,13222,20196,22635,20632,22635,15070,12839,15070,13505,14344,13505,14058,22137,23286,19908,16469,12854,8263,1917,4291,17725,23200,23862,25228,2246,150,25259,1,14:00
2024-25,1641741,Ricky Council IV,Ricky,1610612755,PHI,Philadelphia 76ers,0022400754,2025-02-09T00:00:00,PHI @ MIL,L,0.74,0.0,0.0,0.0,0.0,0.0,0.0,0.0,0.0,0.0,0.0,0.0,0.0,0.0,0.0,0.0,0.0,0.0,0.0,0.0,0.0,48.6,0.0,0,0,0.0,1,13222,1,13222,26154,22635,24836,22635,15070,20945,15070,13505,14344,13505,14058,22137,23286,19908,16469,12854,8263,8846,20257,17725,23200,585,25228,2246,150,25259,1,0:44
2024-25,200768,Kyle Lowry,Kyle,1610612755,PHI,Philadelphia 76ers,0022400754,2025-02-09T00:00:00,PHI @ MIL,L,5.716666666666667,0.0,0.0,0.0,0.0,0.0,0.0,0.0,0.0,0.0,0.0,6.3,6.3,6.3,0.0,0.0,0.0,0.0,0.0,6.3,0.0,-25.2,17.0,0,0,12.6,1,13222,1,13222,23692,22635,24836,22635,15070,20945,15070,13505,14344,13505,14058,7698,11608,5018,16469,12854,8263,8846,20257,2284,23200,22849,22484,2246,150,23841,1,5:43
2024-25,203552,Seth Curry,Seth,1610612766,CHA,Charlotte Hornets,0022400752,2025-02-09T00:00:00,CHA @ DET,L,36.38333333333333,9.9,16.8,0.588,4.9,8.9,0.556,1.0,1.0,1.0,1.0,3.0,4.0,2.0,0.0,1.0,1.0,0.0,2.0,3.0,25.7,3.0,39.4,0,0,40.6,1,13222,1,13222,2419,3337,6010,6229,2339,4961,3747,13266,14232,1,13339,16832,17421,16449,16469,12041,7543,8846,15263,9361,3815,11138,8142,2246,150,6467,1,36:23
2024-25,1630534,Ochai Agbaji,Ochai,1610612761,TOR,Toronto Raptors,0022400753,2025-02-09T00:00:00,TOR @ HOU,L,32.25,5.6,8.9,0.625,0.0,3.3,0.0,1.1,2.2,0.5,1.1,4.5,5.6,2.2,1.1,0.0,0.0,0.0,0.0,2.2,12.3,-7.8,21.2,0,0,20.1,1,13222,1,13222,5778,12753,18825,4899,15070,16962,15070,12868,11986,10625,12350,12350,13324,15507,15021,12854,8263,8846,20257,12017,15848,16884,20592,2246,150,20804,1,32:15
2024-25,1630567,Scottie Barnes,Scottie,1610612761,TOR,Toronto Raptors,0022400753,2025-02-09T00:00:00,TOR @ HOU,L,38.35,5.6,17.8,0.316,0.0,7.5,0.0,2.8,3.8,0.75,0.0,8.4,8.4,6.6,0.0,1.9,0.9,0.0,1.9,4.7,14.1,-3.8,42.5,0,0,34.7,1,13222,1,13222,1190,12609,4873,19148,15070,7377,15070,8312,8360,8186,14058,4116,7549,4605,16469,6869,7901,8846,15800,4733,13863,14923,6355,2246,150,10270,1,38:21
2024-25,1642347,Jamal Shead,Jamal,1610612761,TOR,Toronto Raptors,0022400753,2025-02-09T00:00:00,TOR @ HOU,L,18.983333333333334,11.4,17.1,0.667,3.8,5.7,0.667,0.0,0.0,0.0,0.0,0.0,0.0,3.8,1.9,0.0,0.0,0.0,3.8,1.9,26.5,-9.5,30.3,0,0,34.1,1,13222,1,13222,16837,1955,5730,3281,4465,11477,1957,13505,14344,13505,14058,22137,23286,10512,11063,12854,8263,8846,7762,13533,3406,17661,14542,2246,150,10743,1,18:59
2024-25,203501,Tim Hardaway Jr.,Tim,1610612765,DET,Detroit Pistons,0022400752,2025-02-09T00:00:00,DET vs. CHA,W,29.8,3.6,7.2,0.5,2.4,4.8,0.5,0.0,0.0,0.0,0.0,2.4,2.4,1.2,1.2,2.4,0.0,0.0,4.8,1.2,9.7,9.7,20.4,0,0,20.5,1,1,13086,1,7964,18022,21271,8526,8432,13617,3944,13505,14344,13505,14058,18437,20972,18993,14382,4644,8263,8846,4988,16364,18478,7858,20977,2246,150,20555,1,29:48
2024-25,1642348,Justin Edwards,Justin,1610612755,PHI,Philadelphia 76ers,0022400754,2025-02-09T00:00:00,PHI @ MIL,L,22.378333333333334,1.6,8.0,0.2,1.6,6.4,0.25,1.6,3.2,0.5,0.0,6.4,6.4,1.6,1.6,0.0,0.0,1.6,4.8,1.6,6.4,9.7,15.0,0,0,16.1,1,13222,1,13222,14218,22019,20185,21401,11647,9683,11902,11585,9487,10625,14058,7438,11309,17622,12299,12854,8263,4409,5003,14598,21103,7863,23192,2246,150,22672,1,22:23
2024-25,1627824,Guerschon Yabusele,Guerschon,1610612755,PHI,Philadelphia 76ers,0022400754,2025-02-09T00:00:00,PHI @ MIL,L,24.831666666666667,10.1,14.5,0.7,4.3,8.7,0.5,1.4,1.4,1.0,1.4,1.4,2.9,1.4,0.0,1.4,0.0,0.0,5.8,2.9,26.1,-7.2,36.1,0,0,37.7,1,13222,1,13222,12159,3061,9358,3045,3314,5273,3944,11907,13538,1,10538,20991,19996,18178,16469,8633,8263,8846,3223,9590,3634,16615,10298,2246,150,8227,1,24:50
2024-25,1626171,Bobby Portis,Bobby,1610612749,MIL,Milwaukee Bucks,0022400754,2025-02-09T00:00:00,MIL vs. PHI,W,30.11,8.4,16.7,0.5,2.4,3.6,0.667,2.4,2.4,1.0,8.4,7.2,15.5,6.0,0.0,0.0,0.0,1.2,3.6,1.2,21.5,15.5,49.1,1,0,45.4,1,1,13086,1,7683,5858,6137,8526,8516,16474,1957,9361,11516,1,684,6053,1564,5534,16469,12854,8263,6294,8470,16427,6621,5413,3565,1,150,4053,1,30:07
2024-25,1628449,Chris Boucher,Chris,1610612761,TOR,Toronto Raptors,0022400753,2025-02-09T00:00:00,TOR @ HOU,L,17.65,4.1,14.3,0.286,0.0,6.1,0.0,0.0,0.0,0.0,4.1,10.2,14.3,4.1,0.0,0.0,0.0,2.0,4.1,0.0,8.2,2.0,31.4,0,0,26.5,1,13222,1,13222,17819,16895,9727,19630,15070,10388,15070,13505,14344,13505,3480,2426,2108,9706,16469,12854,8263,3095,6901,17725,19782,11605,13740,2246,150,16529,1,17:39
2024-25,1631209,Isaiah Wong,Isaiah,1610612766,CHA,Charlotte Hornets,0022400752,2025-02-09T00:00:00,CHA @ DET,L,24.05,9.0,13.5,0.667,4.5,4.5,1.0,3.0,3.0,1.0,0.0,3.0,3.0,1.5,3.0,1.5,0.0,0.0,1.5,1.5,25.4,-7.5,32.8,0,0,37.4,1,13222,1,13222,12844,4746,11047,3281,3083,14456,1,7832,9995,1,14058,16764,19764,17990,6516,8422,8263,8846,17229,15015,3965,16723,12740,2246,150,8416,1,24:03
2024-25,1631260,AJ Green,AJ,1610612749,MIL,Milwaukee Bucks,0022400754,2025-02-09T00:00:00,MIL vs. PHI,W,24.538333333333334,4.4,10.3,0.429,2.9,5.9,0.5,4.4,4.4,1.0,0.0,5.9,5.9,2.9,0.0,1.5,0.0,0.0,1.5,4.4,16.1,41.1,32.0,0,0,30.8,1,1,13086,1,12445,16058,16614,13735,6747,11032,3944,4990,7027,1,14058,8625,12600,13148,16469,8546,8263,8846,17361,5344,11780,901,13338,2246,150,13322,1,24:32
2024-25,1642354,KJ Simpson,KJ,1610612766,CHA,Charlotte Hornets,0022400752,2025-02-09T00:00:00,CHA @ DET,L,31.62,3.4,8.0,0.429,2.3,3.4,0.667,2.3,3.4,0.667,1.1,3.4,4.6,6.8,4.6,1.1,0.0,0.0,5.7,8.0,11.4,6.8,26.0,0,0,27.3,1,13222,1,13222,6318,18505,20312,13735,8943,16838,1957,9702,9058,9425,12202,15478,15913,4250,2921,10693,8263,8846,3401,1041,16810,9215,17648,2246,150,15928,1,31:37
2024-25,1631217,Moussa Diabaté,Moussa,1610612766,CHA,Charlotte Hornets,0022400752,2025-02-09T00:00:00,CHA @ DET,L,7.1,10.1,10.1,1.0,0.0,0.0,0.0,5.1,10.1,0.5,0.0,5.1,5.1,0.0,0.0,0.0,0.0,0.0,5.1,10.1,25.4,-60.8,31.4,0,0,30.4,1,13222,1,13222,23135,3065,16838,1,15070,20945,15070,3932,1314,10625,14058,10663,14603,19908,16469,12854,8263,8846,4446,388,4024,25711,13714,2246,150,13602,1,7:06
2024-25,1628398,Kyle Kuzma,Kyle,1610612749,MIL,Milwaukee Bucks,0022400754,2025-02-09T00:00:00,MIL vs. PHI,W,36.483333333333334,4.9,12.8,0.385,1.0,5.9,0.167,2.0,2.0,1.0,1.0,6.9,7.9,4.9,3.0,1.0,1.0,1.0,4.9,2.0,12.8,-1.0,32.7,0,0,30.6,1,1,13086,1,2347,14593,12166,16070,14625,10882,14236,10732,12794,1,13359,6516,8473,7613,6615,12065,7558,8034,4763,13194,15260,13526,12834,2246,150,13489,1,36:29
2024-25,1628988,Aaron Holiday,Aaron,1610612745,HOU,Houston Rockets,0022400753,2025-02-09T00:00:00,HOU vs. TOR,W,26.611666666666668,2.7,10.8,0.25,1.4,8.1,0.167,1.4,1.4,1.0,0.0,5.4,5.4,4.1,2.7,1.4,0.0,0.0,2.7,1.4,8.1,1.4,22.1,0,0,21.6,1,1,13086,1,10641,20081,15658,20233,12644,6255,14236,12157,13657,1,14058,9761,13789,9780,7519,9174,8263,8846,12022,15662,19823,11933,20112,2246,150,19866,1,26:37
2024-25,1629111,Jock Landale,Jock,1610612745,HOU,Houston Rockets,0022400753,2025-02-09T00:00:00,HOU vs. TOR,W,24.391666666666666,5.9,11.8,0.5,0.0,1.5,0.0,4.4,4.4,1.0,3.0,11.8,14.8,1.5,1.5,0.0,1.5,1.5,4.4,4.4,16.2,3.0,39.1,1,0,35.4,1,1,13086,1,12572,11798,13923,8526,15070,20295,15070,4945,6980,1,5451,1464,1890,18071,12873,12854,4944,4861,5948,5288,11680,11143,8329,1,150,9780,1,24:24
2024-25,1642275,Tidjane Salaün,Tidjane,1610612766,CHA,Charlotte Hornets,0022400752,2025-02-09T00:00:00,CHA @ DET,L,31.283333333333335,1.2,13.8,0.083,0.0,6.9,0.0,6.9,6.9,1.0,3.5,4.6,8.1,4.6,0.0,0.0,0.0,1.2,1.2,3.5,9.2,-20.7,25.8,0,0,21.9,1,13222,1,13222,6630,22538,10473,22617,15070,8655,15070,2070,3467,1,4451,11976,8163,8401,16469,12854,8263,6624,18808,7792,18898,21760,17763,2246,150,19744,1,31:17
2024-25,1629656,Quentin Grimes,Quentin,1610612755,PHI,Philadelphia 76ers,0022400754,2025-02-09T00:00:00,PHI @ MIL,L,31.316666666666666,4.6,12.6,0.364,2.3,8.0,0.286,0.0,0.0,0.0,1.1,6.9,8.0,5.7,1.1,0.0,1.1,0.0,3.4,0.0,11.5,-11.5,32.1,0,0,29.9,1,13222,1,13222,6594,15504,12491,16861,8850,6373,11433,13505,14344,13505,12108,6540,8180,5951,14794,12854,6490,8846,8896,17725,16677,18533,13274,2246,150,14036,1,31:19
2024-25,201959,Taj Gibson,Taj,1610612766,CHA,Charlotte Hornets,0022400752,2025-02-09T00:00:00,CHA @ DET,L,19.846666666666668,3.6,9.1,0.4,0.0,0.0,0.0,3.6,3.6,1.0,3.6,7.3,10.9,5.4,1.8,1.8,0.0,0.0,3.6,1.8,10.9,12.7,35.7,0,0,30.8,1,13222,1,13222,16148,18015,18614,14933,15070,20945,15070,6436,8635,1,4164,5897,4514,6549,11484,7189,8263,8846,8336,13880,17280,6522,10555,2246,150,13305,1,19:51
2024-25,1630224,Jalen Green,Jalen,1610612745,HOU,Houston Rockets,0022400753,2025-02-09T00:00:00,HOU vs. TOR,W,34.333333333333336,7.3,19.9,0.368,2.1,6.3,0.333,2.1,4.2,0.5,0.0,9.4,9.4,3.1,3.1,0.0,1.0,1.0,3.1,2.1,18.9,2.1,34.9,0,0,35.7,1,1,13086,1,3975,8147,3024,16823,9696,9997,9209,10301,7422,10625,14058,3087,6129,12493,5999,12854,7149,7507,10115,12622,8971,11573,11113,2246,150,9626,1,34:20
2024-25,1641748,Andre Jackson Jr.,Andre,1610612749,MIL,Milwaukee Bucks,0022400754,2025-02-09T00:00:00,MIL vs. PHI,W,16.151666666666667,0.0,2.2,0.0,0.0,0.0,0.0,0.0,0.0,0.0,2.2,2.2,4.5,2.2,2.2,0.0,0.0,0.0,2.2,0.0,0.0,-17.8,6.5,0,0,6.7,1,1,13086,1,18826,22635,24713,22635,15070,20945,15070,13505,14344,13505,7498,18988,16156,15519,9390,12854,8263,8846,13969,17725,23200,20879,24868,2246,150,24927,1,16:09
2024-25,1626162,Kelly Oubre Jr.,Kelly,1610612755,PHI,Philadelphia 76ers,0022400754,2025-02-09T00:00:00,PHI @ MIL,L,36.49333333333333,4.9,10.9,0.455,0.0,3.0,0.0,0.0,0.0,0.0,2.0,3.0,4.9,1.0,1.0,3.0,1.0,0.0,3.0,0.0,9.9,9.9,28.1,0,0,23.7,1,13222,1,13222,2346,14598,15611,12676,15070,17738,15070,13505,14344,13505,8511,16859,14971,19713,15932,3251,7562,8846,10902,17725,18291,7755,16124,2246,150,18559,1,36:30
2024-25,201569,Eric Gordon,Eric,1610612755,PHI,Philadelphia 76ers,0022400754,2025-02-09T00:00:00,PHI @ MIL,L,8.911666666666667,0.0,0.0,0.0,0.0,0.0,0.0,0.0,0.0,0.0,0.0,0.0,0.0,4.0,0.0,0.0,0.0,0.0,0.0,4.0,0.0,-48.5,6.1,0,0,4.0,1,13222,1,13222,22488,22635,24836,22635,15070,20945,15070,13505,14344,13505,14058,22137,23286,9832,16469,12854,8263,8846,20257,6209,23200,25340,24908,2246,150,25182,1,8:55
2024-25,1642266,Ja'Kobe Walter,Ja'Kobe,1610612761,TOR,Toronto Raptors,0022400753,2025-02-09T00:00:00,TOR @ HOU,L,25.363333333333333,5.7,14.2,0.4,2.8,7.1,0.4,0.0,0.0,0.0,1.4,2.8,4.3,0.0,1.4,1.4,0.0,0.0,1.4,1.4,14.2,-2.8,22.1,0,0,24.1,1,13222,1,13222,11693,12489,9841,14933,7088,8263,7874,13505,14344,13505,10667,17273,16655,19908,13174,8803,8263,8846,17542,15372,13736,14479,20054,2246,150,18245,1,25:22
2024-25,1642263,Reed Sheppard,Reed,1610612745,HOU,Houston Rockets,0022400753,2025-02-09T00:00:00,HOU vs. TOR,W,13.683333333333334,2.6,13.2,0.2,0.0,7.9,0.0,0.0,0.0,0.0,0.0,0.0,0.0,2.6,0.0,0.0,0.0,0.0,0.0,0.0,5.3,13.2,9.2,0,0,7.9,1,1,13086,1,20373,20217,11569,21401,15070,6634,15070,13505,14344,13505,14058,22137,23286,14109,16469,12854,8263,8846,20257,17725,21870,6319,24541,2246,150,24776,1,13:41
2024-25,1629610,DaQuan Jeffries,DaQuan,1610612766,CHA,Charlotte Hornets,0022400752,2025-02-09T00:00:00,CHA @ DET,L,30.133333333333333,0.0,2.4,0.0,0.0,2.4,0.0,0.0,0.0,0.0,1.2,2.4,3.6,2.4,2.4,1.2,0.0,0.0,2.4,0.0,0.0,-4.8,9.1,0,0,8.4,1,13222,1,13222,7648,22635,24677,22635,15070,18836,15070,13505,14344,13505,11830,18515,18357,14915,8703,10222,8263,8846,13270,17725,23200,15460,24557,2246,150,24705,1,30:08
2024-25,1627752,Taurean Prince,Taurean,1610612749,MIL,Milwaukee Bucks,0022400754,2025-02-09T00:00:00,MIL vs. PHI,W,27.683333333333334,3.9,10.4,0.375,2.6,9.1,0.286,2.6,2.6,1.0,0.0,5.2,5.2,2.6,2.6,0.0,0.0,0.0,5.2,1.3,13.0,-16.9,20.5,0,0,23.4,1,1,13086,1,9805,17316,16378,16299,7823,4661,11433,8798,10967,1,14058,10273,14272,14212,7876,12854,8263,8846,4187,15903,15087,20586,20917,2246,150,18729,1,27:41
2024-25,1641711,Gradey Dick,Gradey,1610612761,TOR,Toronto Raptors,0022400753,2025-02-09T00:00:00,TOR @ HOU,L,14.37,0.0,10.0,0.0,0.0,5.0,0.0,0.0,0.0,0.0,0.0,2.5,2.5,0.0,0.0,2.5,0.0,0.0,2.5,2.5,0.0,2.5,10.5,0,0,7.5,1,13222,1,13222,19960,22635,17020,22635,15070,13194,15070,13505,14344,13505,14058,18176,20806,19908,16469,4376,8263,8846,12783,10976,23200,11368,24332,2246,150,24832,1,14:22
2024-25,201572,Brook Lopez,Brook,1610612749,MIL,Milwaukee Bucks,0022400754,2025-02-09T00:00:00,MIL vs. PHI,W,24.016666666666666,9.0,21.0,0.429,3.0,7.5,0.4,1.5,1.5,1.0,10.5,1.5,12.0,0.0,0.0,0.0,3.0,1.5,1.5,4.5,22.5,4.5,45.9,0,0,43.5,1,1,13086,1,12885,4721,2345,13735,6530,7420,7874,11804,13490,1,344,20878,3503,19908,16469,12854,1705,4779,17221,5154,5864,10391,4797,2246,150,4928,1,24:01
2024-25,203081,Damian Lillard,Damian,1610612749,MIL,Milwaukee Bucks,0022400754,2025-02-09T00:00:00,MIL vs. PHI,W,43.833333333333336,11.5,22.2,0.519,6.6,12.3,0.533,5.7,5.7,1.0,0.8,4.9,5.7,6.6,3.3,1.6,0.0,0.8,0.8,8.2,35.3,2.5,53.7,0,0,57.5,1,1,13086,1,97,1869,1743,8506,960,1610,3935,3137,4815,1,14029,11090,12909,4609,5542,7838,8263,8812,20237,923,923,11389,2270,2246,150,1102,1,43:50
2024-25,1630193,Immanuel Quickley,Immanuel,1610612761,TOR,Toronto Raptors,0022400753,2025-02-09T00:00:00,TOR @ HOU,L,30.283333333333335,7.1,17.8,0.4,3.6,10.7,0.333,5.9,7.1,0.833,1.2,8.3,9.5,3.6,4.8,1.2,0.0,0.0,2.4,5.9,23.8,0.0,39.3,0,0,42.8,1,13222,1,13222,7510,8623,4877,14933,4992,2774,9209,2921,3236,7275,11872,4253,6048,11185,2649,10274,8263,8846,13316,2695,4951,12240,8175,2246,150,5253,1,30:17
2024-25,1631157,Ryan Rollins,Ryan,1610612749,MIL,Milwaukee Bucks,0022400754,2025-02-09T00:00:00,MIL vs. PHI,W,4.166666666666667,8.6,8.6,1.0,0.0,0.0,0.0,0.0,0.0,0.0,0.0,8.6,8.6,25.9,0.0,0.0,0.0,0.0,0.0,0.0,17.3,43.2,66.5,0,0,51.8,1,1,13086,1,24397,5364,19287,1,15070,20945,15070,13505,14344,13505,14058,3891,7244,35,16469,12854,8263,8846,20257,17725,10549,771,602,2246,150,2073,1,4:10
2024-25,1631105,Jalen Duren,Jalen,1610612765,DET,Detroit Pistons,0022400752,2025-02-09T00:00:00,DET vs. CHA,W,31.466666666666665,6.9,11.4,0.6,0.0,0.0,0.0,4.6,4.6,1.0,5.7,8.0,13.7,6.9,1.1,1.1,0.0,1.1,4.6,4.6,18.3,11.4,47.4,1,0,41.2,1,1,13086,1,6437,9259,14590,5394,15070,20945,15070,4722,6699,1,1801,4693,2370,4194,14836,10644,8263,6687,5599,4990,9516,7038,4187,1,150,6086,1,31:28
2024-25,1630595,Cade Cunningham,Cade,1610612765,DET,Detroit Pistons,0022400752,2025-02-09T00:00:00,DET vs. CHA,W,37.46666666666667,6.7,16.3,0.412,1.0,4.8,0.2,3.8,3.8,1.0,1.0,8.6,9.6,11.5,4.8,1.0,1.0,0.0,2.9,1.9,18.3,4.8,48.0,1,1,44.2,1,1,13086,1,1700,9637,6633,14791,14747,13696,13429,5990,8148,1,13566,3888,5911,833,2577,12273,7745,8846,11262,13435,9570,10212,3961,1,1,4593,1,37:28
2024-25,1641709,Ausar Thompson,Ausar,1610612765,DET,Detroit Pistons,0022400752,2025-02-09T00:00:00,DET vs. CHA,W,23.016666666666666,10.9,14.1,0.778,0.0,0.0,0.0,3.1,7.8,0.4,7.8,4.7,12.5,6.3,3.1,3.1,0.0,0.0,6.3,7.8,25.0,3.1,55.7,0,0,50.1,1,1,13086,1,13711,2306,10048,1994,15070,20945,15070,7476,2649,13061,840,11729,3124,5083,6042,2876,8263,8846,2649,1116,4206,11047,1863,2246,150,2520,1,23:01
2024-25,202331,Paul George,Paul,1610612755,PHI,Philadelphia 76ers,0022400754,2025-02-09T00:00:00,PHI @ MIL,L,28.916666666666668,5.0,10.0,0.5,2.5,7.5,0.333,2.5,3.7,0.667,0.0,6.2,6.2,7.5,1.2,3.7,1.2,0.0,1.2,5.0,14.9,-7.5,47.3,0,0,41.1,1,13222,1,13222,8740,14452,17127,8526,8181,7468,9209,9082,8401,9425,14058,7836,11763,3442,14127,1926,5917,8846,18302,4158,12973,16710,4207,2246,150,6151,1,28:55
2024-25,203954,Joel Embiid,Joel,1610612755,PHI,Philadelphia 76ers,0022400754,2025-02-09T00:00:00,PHI @ MIL,L,29.635,8.5,17.0,0.5,4.9,8.5,0.571,10.9,12.1,0.9,2.4,12.1,14.6,7.3,6.1,1.2,1.2,0.0,4.9,7.3,32.8,-7.3,62.4,1,0,64.4,1,13222,1,13222,8099,5611,5809,8526,2476,5582,3506,495,728,6805,6842,1289,1970,3627,1337,10059,6088,8846,4932,1455,1364,16635,922,1,150,503,1,29:38
2024-25,1629018,Gary Trent Jr.,Gary,1610612749,MIL,Milwaukee Bucks,0022400754,2025-02-09T00:00:00,MIL vs. PHI,W,33.016666666666666,7.6,21.8,0.35,7.6,16.4,0.467,2.2,3.3,0.667,2.2,4.4,6.5,3.3,2.2,3.3,0.0,1.1,2.2,1.1,25.1,10.9,45.5,0,0,49.1,1,1,13086,1,5136,7428,1899,17337,546,473,7108,10024,9373,9425,7649,12619,11083,12075,9594,2615,8263,7140,14185,16949,4177,7278,4960,2246,150,2819,1,33:01
2024-25,1630178,Tyrese Maxey,Tyrese,1610612755,PHI,Philadelphia 76ers,0022400754,2025-02-09T00:00:00,PHI @ MIL,L,40.126666666666665,14.4,20.6,0.696,4.5,9.0,0.5,1.8,2.7,0.667,0.9,2.7,3.6,4.5,3.6,0.9,0.9,1.8,0.9,2.7,35.0,-0.9,47.8,0,0,51.1,1,13222,1,13222,536,612,2552,3165,3091,4876,3944,11251,10773,9425,13914,17724,18341,8693,4799,12678,8097,3914,20152,10339,959,13466,4040,2246,150,2245,1,40:08
2024-25,1630598,Aaron Wiggins,Aaron,1610612760,OKC,Oklahoma City Thunder,0022400746,2025-02-08T00:00:00,OKC @ MEM,W,38.06666666666667,8.5,17.0,0.5,7.6,12.3,0.615,0.0,0.0,0.0,1.9,8.5,10.4,1.9,0.0,0.0,0.0,0.9,0.9,2.8,24.6,14.2,39.9,1,0,44.4,1,1,13086,1,1345,5595,5782,8526,573,1627,2984,13505,14344,13505,8854,4043,5007,16783,16469,12854,8263,8373,19991,9830,4431,5946,7817,1,150,4492,1,38:04
2024-25,1629626,Bol Bol,Bol,1610612756,PHX,Phoenix Suns,0022400749,2025-02-08T00:00:00,PHX vs. DEN,L,33.25,8.7,18.4,0.471,3.2,10.8,0.3,0.0,0.0,0.0,3.2,4.3,7.6,1.1,0.0,1.1,4.3,0.0,0.0,1.1,20.6,-14.1,47.5,0,0,43.3,1,13222,1,13222,4943,5326,4286,12143,5815,2648,11319,13505,14344,13505,4844,12710,9005,19401,16469,11163,743,8846,20257,16989,7422,19534,4132,2246,150,4992,1,33:15
2024-25,1630183,Jaden McDaniels,Jaden,1610612750,MIN,Minnesota Timberwolves,0022400747,2025-02-08T00:00:00,MIN vs. POR,W,37.21666666666667,11.6,16.4,0.706,0.0,1.0,0.0,5.8,6.8,0.857,1.9,7.7,9.7,3.9,1.0,1.0,0.0,0.0,2.9,5.8,29.0,13.5,48.4,1,0,44.5,1,1,13086,1,1851,1806,6494,3027,15070,20886,15070,3083,3590,7071,8689,5101,5837,10311,16048,12227,8263,8846,11184,2895,2420,6190,3859,1,150,4474,1,37:13
2024-25,1627826,Ivica Zubac,Ivica,1610612746,LAC,LA Clippers,0022400751,2025-02-08T00:00:00,LAC vs. UTA,W,33.446666666666665,14.0,17.2,0.813,0.0,0.0,0.0,0.0,0.0,0.0,4.3,11.8,16.1,5.4,1.1,2.2,1.1,0.0,3.2,2.2,28.0,20.5,64.0,1,0,56.0,1,1,13086,1,4778,705,5553,1683,15070,20945,15070,13505,14344,13505,3158,1449,1379,6667,15295,5579,6939,8846,9740,12382,2792,3831,779,1,150,1314,1,33:27
2024-25,1642366,Quinten Post,Quinten,1610612744,GSW,Golden State Warriors,0022400745,2025-02-08T00:00:00,GSW @ CHI,W,20.466666666666665,12.3,17.6,0.7,7.0,12.3,0.571,0.0,0.0,0.0,1.8,3.5,5.3,3.5,1.8,0.0,1.8,0.0,3.5,0.0,31.7,19.3,46.8,0,0,51.0,1,1,13086,1,15662,1348,5145,3045,745,1615,3506,13505,14344,13505,9386,15182,14103,11342,11705,12854,4146,8846,8700,17725,1592,4157,4408,2246,150,2270,1,20:28
2024-25,1629027,Trae Young,Trae,1610612737,ATL,Atlanta Hawks,0022400744,2025-02-08T00:00:00,ATL @ WAS,W,34.96666666666667,13.4,26.8,0.5,5.1,14.4,0.357,4.1,4.1,1.0,1.0,1.0,2.1,14.4,6.2,0.0,0.0,0.0,3.1,7.2,36.0,37.1,53.9,1,0,57.7,1,1,13086,1,3489,880,529,8526,2111,822,9188,5498,7593,1,13036,21917,21681,342,1283,12854,8263,8846,10318,1507,820,1199,2216,1,150,1073,1,34:58
2024-25,1630532,Franz Wagner,Franz,1610612753,ORL,Orlando Magic,0022400743,2025-02-08T00:00:00,ORL vs. SAS,W,38.1,13.2,26.5,0.5,1.9,6.6,0.286,2.8,5.7,0.5,2.8,8.5,11.3,4.7,2.8,0.9,0.0,3.8,2.8,3.8,31.2,19.8,51.9,1,0,51.0,1,1,13086,1,1325,941,568,8526,10678,9282,11433,8259,4938,10625,5772,4054,4102,8124,7096,12402,8263,744,11489,6908,1736,3999,2739,1,150,2267,1,38:06
2024-25,1629627,Zion Williamson,Zion,1610612740,NOP,New Orleans Pelicans,0022400750,2025-02-08T00:00:00,NOP @ SAC,L,27.85,20.7,27.1,0.762,0.0,0.0,0.0,10.3,14.2,0.727,1.3,3.9,5.2,5.2,3.9,2.6,0.0,3.9,5.2,10.3,51.7,5.2,69.5,0,0,67.2,1,13222,1,13222,9671,125,481,2105,15070,20945,15070,602,423,9223,11230,14106,14344,7090,4138,4167,8263,694,4250,355,141,10019,453,2246,150,393,1,27:51
2024-25,203468,CJ McCollum,CJ,1610612740,NOP,New Orleans Pelicans,0022400750,2025-02-08T00:00:00,NOP @ SAC,L,33.38333333333333,10.8,20.5,0.526,6.5,11.9,0.545,5.4,6.5,0.833,0.0,6.5,6.5,3.2,3.2,1.1,2.2,1.1,2.2,5.4,33.4,5.4,52.5,0,0,56.1,1,13222,1,13222,4824,2427,2648,8379,1015,1859,3863,3539,3913,7275,14058,7375,11239,12184,5718,11207,3052,7239,14320,3493,1233,9892,2589,2246,150,1297,1,33:23
2024-25,1628983,Shai Gilgeous-Alexander,Shai,1610612760,OKC,Oklahoma City Thunder,0022400746,2025-02-08T00:00:00,OKC @ MEM,W,33.895,8.5,27.6,0.308,3.2,5.3,0.6,13.8,17.0,0.813,0.0,0.0,0.0,8.5,0.0,0.0,2.1,4.2,5.3,11.7,34.0,19.1,53.1,0,0,49.9,1,1,13086,1,4360,5615,434,19226,5990,12438,2992,213,228,7680,14058,22137,23286,2423,16469,12854,3135,565,4005,219,1132,4222,2419,2246,150,2557,1,33:54
2024-25,1641774,Tristan Vukcevic,Tristan,1610612764,WAS,Washington Wizards,0022400744,2025-02-08T00:00:00,WAS vs. ATL,L,14.433333333333334,7.5,15.0,0.5,2.5,7.5,0.333,2.5,5.0,0.5,7.5,12.5,20.0,2.5,2.5,2.5,0.0,2.5,0.0,2.5,20.0,0.0,52.6,0,0,49.9,1,13222,1,13222,19928,7804,8658,8526,8160,7442,9209,9062,5938,10625,960,1166,542,14561,8268,4394,8263,2052,20257,11008,7958,12240,2554,2246,150,2568,1,14:26
2024-25,1630202,Payton Pritchard,Payton,1610612738,BOS,Boston Celtics,0022400748,2025-02-08T00:00:00,BOS @ NYK,W,27.41,11.8,17.1,0.692,7.9,10.5,0.75,1.3,2.6,0.5,0.0,5.3,5.3,5.3,1.3,0.0,0.0,0.0,0.0,2.6,32.8,38.1,45.7,0,0,51.2,1,1,13086,1,10010,1645,5726,3171,491,2971,1542,12266,10915,10625,14058,10150,14150,6932,13744,12854,8263,8846,20257,10560,1358,1108,4857,2246,150,2225,1,27:25
2024-25,1630590,Scotty Pippen Jr.,Scotty,1610612763,MEM,Memphis Grizzlies,0022400746,2025-02-08T00:00:00,MEM vs. OKC,L,8.325,4.3,8.6,0.5,0.0,4.3,0.0,17.3,21.6,0.8,0.0,8.6,8.6,0.0,0.0,0.0,8.6,0.0,0.0,13.0,25.9,4.3,62.3,0,0,51.9,1,13222,1,13222,22702,16264,19277,8526,15070,14851,15070,114,113,7681,14058,3885,7229,19908,16469,12854,114,8846,20257,157,3708,10463,942,2246,150,2064,1,8:20
2024-25,1642270,Donovan Clingan,Donovan,1610612757,POR,Portland Trail Blazers,0022400747,2025-02-08T00:00:00,POR @ MIN,L,5.866666666666666,0.0,6.1,0.0,0.0,0.0,0.0,0.0,0.0,0.0,12.3,18.4,30.7,0.0,6.1,6.1,18.4,0.0,6.1,0.0,0.0,-36.8,104.3,0,0,79.8,1,13222,1,13222,23641,22635,22483,22635,15070,20945,15070,13505,14344,13505,228,229,77,19908,1303,438,14,8846,2780,17725,23200,24598,61,2246,150,160,1,5:52
2024-25,1641798,Jaylen Martin,Jaylen,1610612764,WAS,Washington Wizards,0022400744,2025-02-08T00:00:00,WAS vs. ATL,L,1.6666666666666667,0.0,43.2,0.0,0.0,0.0,0.0,0.0,0.0,0.0,21.6,21.6,43.2,0.0,0.0,0.0,0.0,0.0,0.0,0.0,0.0,0.0,51.8,0,0,43.2,1,13222,1,13222,25675,22635,60,22635,15070,20945,15070,13505,14344,13505,41,128,22,19908,16469,12854,8263,8846,20257,17725,23200,12240,2747,2246,150,5044,1,1:40
2024-25,1641765,Olivier-Maxence Prosper,Olivier-Maxence,1610612742,DAL,Dallas Mavericks,0022400741,2025-02-08T00:00:00,DAL vs. HOU,W,0.62,0.0,0.0,0.0,0.0,0.0,0.0,0.0,0.0,0.0,0.0,58.1,58.1,0.0,0.0,0.0,0.0,0.0,0.0,0.0,0.0,0.0,69.7,0,0,58.1,1,1,13086,1,26174,22635,24836,22635,15070,20945,15070,13505,14344,13505,14058,9,13,19908,16469,12854,8263,8846,20257,17725,23200,12240,442,2246,150,1015,1,0:37
2024-25,1631222,Jake LaRavia,Jake,1610612758,SAC,Sacramento Kings,0022400750,2025-02-08T00:00:00,SAC vs. NOP,W,12.066666666666666,9.0,11.9,0.75,3.0,6.0,0.5,0.0,0.0,0.0,3.0,3.0,6.0,6.0,3.0,3.0,6.0,0.0,3.0,3.0,20.9,26.9,60.9,0,0,53.7,1,1,13086,1,21199,4810,13703,2107,6578,10762,3944,13505,14344,13505,5383,16792,12369,5560,6554,3196,317,8846,10798,9320,7178,2455,1086,2246,150,1672,1,12:04
2024-25,1631221,Collin Gillespie,Collin,1610612756,PHX,Phoenix Suns,0022400749,2025-02-08T00:00:00,PHX vs. DEN,L,5.35,13.5,20.2,0.667,6.7,13.5,0.5,0.0,0.0,0.0,0.0,6.7,6.7,6.7,13.5,13.5,0.0,0.0,0.0,0.0,33.6,26.9,78.7,0,0,80.7,1,13222,1,13222,23840,857,2833,3281,877,1114,3944,13505,14344,13505,14058,6830,10675,4384,141,57,8263,8846,20257,17725,1193,2445,220,2246,150,151,1,5:21
2024-25,1630699,MarJon Beauchamp,MarJon,1610612746,LAC,LA Clippers,0022400751,2025-02-08T00:00:00,LAC vs. UTA,W,2.0,18.0,18.0,1.0,18.0,18.0,1.0,0.0,0.0,0.0,0.0,0.0,0.0,18.0,0.0,0.0,0.0,0.0,0.0,0.0,54.0,54.0,81.0,0,0,90.0,1,1,13086,1,25452,213,4664,1,43,332,1,13505,14344,13505,14058,22137,23286,137,16469,12854,8263,8846,20257,17725,116,450,180,2246,150,96,1,2:00
2024-25,1631218,Trayce Jackson-Davis,Trayce,1610612744,GSW,Golden State Warriors,0022400745,2025-02-08T00:00:00,GSW @ CHI,W,3.8833333333333333,9.3,9.3,1.0,0.0,0.0,0.0,0.0,0.0,0.0,9.3,18.5,27.8,0.0,9.3,0.0,18.5,0.0,0.0,0.0,18.5,-37.1,98.3,0,0,83.4,1,1,13086,1,24546,4253,18302,1,15070,20945,15070,13505,14344,13505,507,224,118,19908,396,12854,12,8846,20257,17725,9277,24625,72,2246,150,127,1,3:53
2024-25,1631114,Jalen Williams,Jalen,1610612760,OKC,Oklahoma City Thunder,0022400746,2025-02-08T00:00:00,OKC @ MEM,W,37.16166666666667,11.6,19.4,0.6,1.0,4.8,0.2,0.0,0.0,0.0,1.9,3.9,5.8,5.8,3.9,1.0,1.0,0.0,4.8,1.9,24.2,9.7,41.8,0,0,40.7,1,1,13086,1,1882,1789,3440,5394,14711,13588,13429,13505,14344,13505,8673,14109,12741,5836,4140,12220,7700,8846,4964,13377,4665,7841,6702,2246,150,6386,1,37:10
2024-25,1630559,Austin Reaves,Austin,1610612747,LAL,Los Angeles Lakers,0022400742,2025-02-08T00:00:00,LAL vs. IND,W,40.5,12.4,23.1,0.538,3.6,8.0,0.444,11.6,11.6,1.0,0.0,6.2,6.2,6.2,3.6,2.7,0.0,0.0,2.7,8.0,40.0,12.4,61.2,0,0,61.3,1,1,13086,1,452,1275,1348,7978,5014,6448,7211,394,879,1,14058,7852,11776,5125,4893,3979,8263,8846,12174,1020,446,6612,1047,2246,150,703,1,40:30
2024-25,202710,Jimmy Butler III,Jimmy,1610612744,GSW,Golden State Warriors,0022400745,2025-02-08T00:00:00,GSW @ CHI,W,28.666666666666668,8.8,15.1,0.583,0.0,1.3,0.0,13.8,16.3,0.846,1.3,1.3,2.5,5.0,1.3,1.3,1.3,3.8,1.3,11.3,31.4,20.1,48.2,0,0,44.0,1,1,13086,1,8958,5098,8484,6296,15070,20551,15070,212,252,7255,11451,21382,20784,7402,14065,9756,5874,756,18242,253,1666,3921,3907,2246,150,4712,1,28:40
2024-25,1629632,Coby White,Coby,1610612741,CHI,Chicago Bulls,0022400745,2025-02-08T00:00:00,CHI vs. GSW,L,33.583333333333336,7.5,12.9,0.583,6.4,9.6,0.667,7.5,7.5,1.0,0.0,4.3,4.3,4.3,2.1,0.0,0.0,0.0,0.0,6.4,28.9,-28.9,38.4,0,0,44.0,1,13222,1,13222,4656,7756,12103,6296,1032,3915,1957,1662,2906,1,14058,12842,16562,9164,9757,12854,8263,8846,20257,2147,2443,23578,8789,2246,150,4714,1,33:35
2024-25,1642050,Jackson Rowe,Jackson,1610612744,GSW,Golden State Warriors,0022400745,2025-02-08T00:00:00,GSW @ CHI,W,3.8833333333333333,9.3,18.5,0.5,0.0,9.3,0.0,0.0,0.0,0.0,0.0,9.3,9.3,9.3,0.0,9.3,0.0,0.0,0.0,0.0,18.5,-37.1,71.4,0,0,55.6,1,1,13086,1,24546,4253,4181,8526,15070,4418,15070,13505,14344,13505,14058,3231,6352,1821,16469,135,8263,8846,20257,17725,9277,24625,390,2246,150,1371,1,3:53
2024-25,1629013,Landry Shamet,Landry,1610612752,NYK,New York Knicks,0022400748,2025-02-08T00:00:00,NYK vs. BOS,L,5.483333333333333,13.1,13.1,1.0,6.6,6.6,1.0,6.6,6.6,1.0,0.0,0.0,0.0,6.6,0.0,6.6,0.0,0.0,6.6,13.1,39.4,0.0,68.9,0,0,65.7,1,13222,1,13222,23796,981,11619,1,965,9398,1,2352,3817,1,14058,22137,23286,4618,16469,360,8263,8846,2354,148,486,12240,483,2246,150,454,1,5:29
2024-25,1628436,Luke Kornet,Luke,1610612738,BOS,Boston Celtics,0022400748,2025-02-08T00:00:00,BOS @ NYK,W,28.6,8.8,8.8,1.0,0.0,0.0,0.0,0.0,0.0,0.0,6.3,8.8,15.1,1.3,0.0,1.3,3.8,0.0,5.0,1.3,17.6,26.4,52.7,1,0,44.1,1,1,13086,1,9035,5061,19004,1,15070,20945,15070,13505,14344,13505,1476,3710,1722,18803,16469,9729,1046,8846,4532,16092,10196,2536,2521,1,150,4667,1,28:36
2024-25,1629234,Drew Eubanks,Drew,1610612746,LAC,LA Clippers,0022400751,2025-02-08T00:00:00,LAC vs. UTA,W,5.816666666666666,12.4,12.4,1.0,0.0,0.0,0.0,0.0,0.0,0.0,12.4,6.2,18.6,0.0,0.0,0.0,6.2,0.0,0.0,0.0,24.8,-30.9,65.6,0,0,55.7,1,1,13086,1,23660,1310,12930,1,15070,20945,15070,13505,14344,13505,223,7915,781,19908,16469,12854,279,8846,20257,17725,4333,23877,658,2246,150,1363,1,5:49
2024-25,201939,Stephen Curry,Stephen,1610612744,GSW,Golden State Warriors,0022400745,2025-02-08T00:00:00,GSW @ CHI,W,33.92666666666667,10.6,20.2,0.526,8.5,17.0,0.5,6.4,8.5,0.75,2.1,2.1,4.2,6.4,4.2,0.0,1.1,0.0,1.1,6.4,36.1,24.4,49.7,0,0,57.3,1,1,13086,1,4333,2608,2869,8379,370,419,3944,2529,2199,8186,7877,19297,16697,4905,3421,12854,7055,8846,19331,2222,814,2948,3369,2246,150,1130,1,33:56
2024-25,1628973,Jalen Brunson,Jalen,1610612752,NYK,New York Knicks,0022400748,2025-02-08T00:00:00,NYK vs. BOS,L,36.06333333333333,10.0,18.0,0.556,3.0,7.0,0.429,13.0,13.0,1.0,0.0,0.0,0.0,5.0,2.0,0.0,0.0,0.0,1.0,8.0,35.9,-19.0,41.4,0,0,43.9,1,13222,1,13222,2638,3242,4735,7248,6542,8489,7394,265,587,1,14058,22137,23286,7488,10542,12854,8263,8846,19717,1027,841,21229,6919,2246,150,4729,1,36:04
2024-25,1630217,Desmond Bane,Desmond,1610612763,MEM,Memphis Grizzlies,0022400746,2025-02-08T00:00:00,MEM vs. OKC,L,36.111666666666665,7.0,15.0,0.467,3.0,7.0,0.429,3.0,3.0,1.0,0.0,9.0,9.0,5.0,3.0,2.0,0.0,1.0,2.0,2.0,19.9,-10.0,41.2,0,0,40.9,1,13222,1,13222,2609,8984,8678,12249,6553,8505,7394,7840,10003,1,14058,3542,6787,7505,6525,6276,8263,7956,15180,13109,7968,17880,7064,2246,150,6285,1,36:07
2024-25,203999,Nikola Jokić,Nikola,1610612743,DEN,Denver Nuggets,0022400749,2025-02-08T00:00:00,DEN @ PHX,W,28.626666666666665,13.8,16.3,0.846,1.3,2.5,0.5,3.8,3.8,1.0,5.0,8.8,13.8,11.3,2.5,0.0,0.0,1.3,5.0,3.8,32.7,23.9,63.8,1,0,59.1,1,1,13086,1,9016,751,6617,1505,13049,18595,3944,6141,8313,1,2351,3723,2315,890,8179,12854,8263,5885,4538,6928,1383,3054,814,1,150,905,1,28:38
2024-25,1630527,Brandon Boston,Brandon,1610612740,NOP,New Orleans Pelicans,0022400750,2025-02-08T00:00:00,NOP @ SAC,L,14.983333333333333,7.2,19.2,0.375,7.2,12.0,0.6,4.8,9.6,0.5,2.4,2.4,4.8,0.0,4.8,4.8,2.4,2.4,7.2,4.8,26.4,-24.0,49.0,0,0,52.9,1,13222,1,13222,19573,8434,3577,16299,698,1776,2992,4335,1544,10625,6910,18472,15284,19908,2573,1018,2545,2212,1822,4489,3466,22583,3622,2246,150,1840,1,14:59
2024-25,1631207,Dalen Terry,Dalen,1610612741,CHI,Chicago Bulls,0022400745,2025-02-08T00:00:00,CHI vs. GSW,L,3.8833333333333333,18.5,18.5,1.0,0.0,0.0,0.0,27.8,46.4,0.6,0.0,0.0,0.0,0.0,0.0,0.0,0.0,0.0,0.0,27.8,64.9,37.1,64.9,0,0,64.9,1,13222,1,13222,24546,192,4181,1,15070,20945,15070,39,20,10343,14058,22137,23286,19908,16469,12854,8263,8846,20257,11,65,1195,702,2246,150,479,1,3:53
2024-25,1641705,Victor Wembanyama,Victor,1610612759,SAS,San Antonio Spurs,0022400743,2025-02-08T00:00:00,SAS @ ORL,L,30.95,5.8,12.8,0.455,1.2,7.0,0.167,8.1,9.3,0.875,0.0,10.5,10.5,4.7,4.7,4.7,4.7,0.0,1.2,5.8,20.9,-16.3,63.7,0,0,55.8,1,13222,1,13222,6918,12072,12222,12676,13577,8501,14236,1344,1709,6931,14058,2252,4941,8303,2781,1119,631,8846,18742,2872,7133,20360,818,2246,150,1337,1,30:57
2024-25,203076,Anthony Davis,Anthony,1610612742,DAL,Dallas Mavericks,0022400741,2025-02-08T00:00:00,DAL vs. HOU,W,30.936666666666667,11.6,20.9,0.556,2.3,2.3,1.0,4.7,7.0,0.667,4.7,14.0,18.6,8.1,1.2,0.0,3.5,0.0,0.0,3.5,30.3,10.5,74.1,1,0,66.3,1,1,13086,1,6929,1776,2372,7248,8756,18942,1,4590,3378,9425,2742,767,772,2748,14704,12854,1235,8846,20257,7686,2003,7479,312,1,150,423,1,30:56
2024-25,1641763,Julian Phillips,Julian,1610612741,CHI,Chicago Bulls,0022400745,2025-02-08T00:00:00,CHI vs. GSW,L,3.8833333333333333,9.3,9.3,1.0,9.3,9.3,1.0,0.0,0.0,0.0,0.0,0.0,0.0,9.3,0.0,9.3,0.0,0.0,0.0,0.0,27.8,37.1,69.5,0,0,64.9,1,13222,1,13222,24546,4253,18302,1,274,4418,1,13505,14344,13505,14058,22137,23286,1821,16469,135,8263,8846,20257,17725,2854,1195,454,2246,150,479,1,3:53
2024-25,1628369,Jayson Tatum,Jayson,1610612738,BOS,Boston Celtics,0022400748,2025-02-08T00:00:00,BOS @ NYK,W,36.72666666666667,12.7,25.5,0.5,6.9,13.7,0.5,6.9,8.8,0.778,0.0,5.9,5.9,3.9,1.0,0.0,0.0,0.0,1.0,3.9,39.2,17.6,51.2,0,0,55.9,1,1,13086,1,2179,1131,724,8526,814,1014,3944,2109,1965,8092,14058,8590,12565,10162,15976,12854,8263,8846,19815,6509,502,4697,2939,2246,150,1328,1,36:44
2024-25,1628989,Kevin Huerter,Kevin,1610612741,CHI,Chicago Bulls,0022400745,2025-02-08T00:00:00,CHI vs. GSW,L,19.2,1.9,13.1,0.143,1.9,7.5,0.25,1.9,3.8,0.5,1.9,5.6,7.5,1.9,1.9,1.9,0.0,3.8,3.8,1.9,7.5,0.0,23.1,0,0,22.5,1,13222,1,13222,16670,21619,11628,22260,10746,7397,11902,11027,8374,10625,8923,9240,9165,16837,11182,6889,8263,768,7905,13610,20319,12240,19519,2246,150,19354,1,19:12
2024-25,1631102,TyTy Washington Jr.,TyTy,1610612756,PHX,Phoenix Suns,0022400749,2025-02-08T00:00:00,PHX vs. DEN,L,20.866666666666667,5.2,13.8,0.375,0.0,5.2,0.0,1.7,3.5,0.5,3.5,3.5,6.9,3.5,0.0,0.0,0.0,0.0,1.7,1.7,12.1,-6.9,25.5,0,0,22.4,1,13222,1,13222,15383,13876,10485,16299,15070,12758,15070,11368,8984,10625,4452,15365,10322,11550,16469,12854,8263,8846,16444,14193,16065,16473,17921,2246,150,19406,1,20:52
2024-25,203957,Danté Exum,Danté,1610612742,DAL,Dallas Mavericks,0022400741,2025-02-08T00:00:00,DAL vs. HOU,W,21.016666666666666,1.7,5.1,0.333,0.0,1.7,0.0,3.4,3.4,1.0,0.0,3.4,3.4,5.1,0.0,0.0,0.0,0.0,1.7,5.1,6.9,18.8,18.7,0,0,15.4,1,1,13086,1,15282,21886,23367,17395,15070,20031,15070,6836,9032,1,14058,15441,18711,7157,16469,12854,8263,8846,16488,3866,20821,4300,21810,2246,150,22911,1,21:01
2024-25,203924,Jerami Grant,Jerami,1610612757,POR,Portland Trail Blazers,0022400747,2025-02-08T00:00:00,POR @ MIN,L,37.516666666666666,4.8,14.4,0.333,0.0,5.8,0.0,3.8,3.8,1.0,1.0,1.0,1.9,1.0,3.8,1.9,1.0,0.0,2.9,2.9,13.4,-19.2,22.0,0,0,22.1,1,13222,1,13222,1673,14958,9545,17395,15070,11309,15070,6003,8162,1,13574,22038,21969,19789,4209,6670,7751,8846,11281,9661,14586,21302,20162,2246,150,19638,1,37:31
2024-25,1631097,Bennedict Mathurin,Bennedict,1610612754,IND,Indiana Pacers,0022400742,2025-02-08T00:00:00,IND @ LAL,L,24.9,7.2,17.3,0.417,1.4,4.3,0.333,7.2,7.2,1.0,1.4,5.8,7.2,0.0,0.0,0.0,0.0,1.4,4.3,4.3,23.1,-14.5,31.8,0,0,31.8,1,13222,1,13222,12089,8380,5401,14532,12271,14824,9209,1847,3147,1,10555,8830,9690,19908,16469,12854,8263,4998,6177,5500,5393,19688,13476,2246,150,12532,1,24:54
2024-25,1641794,Dillon Jones,Dillon,1610612760,OKC,Oklahoma City Thunder,0022400746,2025-02-08T00:00:00,OKC @ MEM,W,7.705,4.7,14.0,0.333,0.0,4.7,0.0,0.0,4.7,0.0,4.7,0.0,4.7,0.0,0.0,0.0,0.0,4.7,4.7,4.7,9.3,4.7,15.0,0,0,14.0,1,1,13086,1,22921,15311,10142,17395,15070,14032,15070,13505,6536,13505,2714,22137,15642,19908,16469,12854,8263,445,5356,4780,18781,10301,23196,2246,150,23421,1,7:42
2024-25,203486,Mason Plumlee,Mason,1610612756,PHX,Phoenix Suns,0022400749,2025-02-08T00:00:00,PHX vs. DEN,L,16.1,2.2,4.5,0.5,0.0,0.0,0.0,0.0,0.0,0.0,0.0,11.2,11.2,6.7,0.0,2.2,2.2,0.0,6.7,0.0,4.5,-6.7,41.4,0,0,31.3,1,13222,1,13222,18858,20975,23822,8526,15070,20945,15070,13505,14344,13505,14058,1809,4252,4413,16469,5256,2869,8846,2213,17725,22309,16382,6955,2246,150,12933,1,16:06
2024-25,1631246,Vince Williams Jr.,Vince,1610612763,MEM,Memphis Grizzlies,0022400746,2025-02-08T00:00:00,MEM vs. OKC,L,14.633333333333333,2.5,7.4,0.333,2.5,4.9,0.5,9.8,12.3,0.8,0.0,0.0,0.0,2.5,0.0,0.0,0.0,0.0,4.9,9.8,17.2,24.6,20.9,0,0,22.1,1,13222,1,13222,19803,20536,21096,17395,8279,13389,3944,744,702,7681,14058,22137,23286,14679,16469,12854,8263,8846,4794,443,10606,2897,20731,2246,150,19592,1,14:38
2024-25,1630256,Jae'Sean Tate,Jae'Sean,1610612745,HOU,Houston Rockets,0022400741,2025-02-08T00:00:00,HOU @ DAL,L,5.1,0.0,14.1,0.0,0.0,7.1,0.0,0.0,0.0,0.0,0.0,7.1,7.1,7.1,0.0,0.0,0.0,7.1,0.0,0.0,0.0,0.0,19.1,0,0,14.1,1,13222,1,13222,23941,22635,9968,22635,15070,8335,15070,13505,14344,13505,14058,6259,10039,3941,16469,12854,8263,150,20257,17725,23200,12240,21609,2246,150,23389,1,5:06
2024-25,1630545,Terrence Shannon Jr.,Terrence,1610612750,MIN,Minnesota Timberwolves,0022400747,2025-02-08T00:00:00,MIN vs. POR,W,13.15,5.5,11.0,0.5,0.0,2.7,0.0,0.0,5.5,0.0,0.0,0.0,0.0,2.7,2.7,0.0,0.0,2.7,5.5,5.5,11.0,-49.3,12.3,0,0,13.7,1,1,13086,1,20672,13052,15449,8526,15070,18187,15070,13505,5219,13505,14058,22137,23286,13801,7418,12854,8263,1687,3740,3373,17218,25380,23941,2246,150,23505,1,13:09
2024-25,1630200,Tre Jones,Tre,1610612741,CHI,Chicago Bulls,0022400745,2025-02-08T00:00:00,CHI vs. GSW,L,17.816666666666666,0.0,6.1,0.0,0.0,0.0,0.0,0.0,0.0,0.0,0.0,4.0,4.0,6.1,0.0,2.0,0.0,2.0,4.0,0.0,0.0,-16.2,20.0,0,0,14.1,1,13222,1,13222,17699,22635,22545,22635,15070,20945,15070,13505,14344,13505,14058,13590,17210,5378,16469,6154,8263,3158,7025,17725,23200,20312,21166,2246,150,23378,1,17:49
2024-25,1627759,Jaylen Brown,Jaylen,1610612738,BOS,Boston Celtics,0022400748,2025-02-08T00:00:00,BOS @ NYK,W,31.783333333333335,5.7,15.9,0.357,0.0,3.4,0.0,2.3,2.3,1.0,1.1,2.3,3.4,5.7,4.5,3.4,1.1,1.1,3.4,1.1,13.6,10.2,35.2,0,0,31.7,1,1,13086,1,6172,12524,7333,17140,15070,16868,15070,9735,11884,1,12239,18870,18786,6116,2951,2384,6586,6766,9087,16749,14389,7604,10917,2246,150,12610,1,31:47
2024-25,204060,Joe Ingles,Joe,1610612750,MIN,Minnesota Timberwolves,0022400747,2025-02-08T00:00:00,MIN vs. POR,W,13.266666666666667,2.7,10.9,0.25,0.0,2.7,0.0,0.0,0.0,0.0,0.0,5.4,5.4,2.7,2.7,0.0,0.0,2.7,5.4,2.7,5.4,-2.7,13.3,0,0,13.6,1,1,13086,1,20616,20053,15599,20233,15070,18234,15070,13505,14344,13505,14058,9724,13740,13866,7488,12854,8263,1720,3806,10280,21780,14412,23695,2246,150,23538,1,13:16
2024-25,1629674,Neemias Queta,Neemias,1610612738,BOS,Boston Celtics,0022400748,2025-02-08T00:00:00,BOS @ NYK,W,26.34,5.5,9.6,0.571,0.0,0.0,0.0,4.1,5.5,0.75,4.1,6.8,10.9,0.0,1.4,1.4,1.4,0.0,5.5,4.1,15.0,16.4,35.0,0,0,31.4,1,1,13086,1,10874,13083,17824,6538,15070,20945,15070,5524,5229,8186,3450,6657,4472,19908,13476,9102,5381,8846,3754,6055,12872,5111,11060,2246,150,12823,1,26:20
2024-25,1642345,Oso Ighodaro,Oso,1610612756,PHX,Phoenix Suns,0022400749,2025-02-08T00:00:00,PHX vs. DEN,L,5.35,0.0,0.0,0.0,0.0,0.0,0.0,0.0,0.0,0.0,0.0,6.7,6.7,6.7,0.0,0.0,0.0,0.0,0.0,0.0,0.0,26.9,18.2,0,0,13.5,1,13222,1,13222,23840,22635,24836,22635,15070,20945,15070,13505,14344,13505,14058,6830,10675,4384,16469,12854,8263,8846,20257,17725,23200,2445,22020,2246,150,23565,1,5:21
2024-25,1628368,De'Aaron Fox,De'Aaron,1610612759,SAS,San Antonio Spurs,0022400743,2025-02-08T00:00:00,SAS @ ORL,L,34.06666666666667,3.2,11.6,0.273,0.0,2.1,0.0,3.2,4.2,0.75,0.0,3.2,3.2,9.5,5.3,1.1,0.0,0.0,4.2,4.2,9.5,-4.2,25.5,0,0,24.3,1,13222,1,13222,4190,19056,14269,20048,15070,19348,15070,7392,7361,8186,14058,16189,19306,1698,2028,11427,8263,8846,6480,5768,18623,15190,17952,2246,150,18133,1,34:04
2024-25,1641816,Hunter Tyson,Hunter,1610612743,DEN,Denver Nuggets,0022400749,2025-02-08T00:00:00,DEN @ PHX,W,6.816666666666666,10.6,10.6,1.0,5.3,5.3,1.0,0.0,0.0,0.0,0.0,0.0,0.0,0.0,0.0,0.0,0.0,0.0,0.0,0.0,26.4,-15.8,26.4,0,0,31.7,1,1,13086,1,23243,2653,16115,1,1968,12514,1,13505,14344,13505,14058,22137,23286,19908,16469,12854,8263,8846,20257,17725,3478,20212,17342,2246,150,12636,1,6:49
2024-25,1630192,Zeke Nnaji,Zeke,1610612743,DEN,Denver Nuggets,0022400749,2025-02-08T00:00:00,DEN @ PHX,W,20.8,1.7,6.9,0.25,0.0,3.5,0.0,3.5,3.5,1.0,0.0,8.7,8.7,1.7,0.0,3.5,0.0,0.0,1.7,1.7,6.9,13.8,30.3,0,0,24.2,1,1,13086,1,15426,21861,21640,20233,15070,16727,15070,6773,8963,1,14058,3880,7220,17278,16469,2293,8263,8846,16430,14176,20774,6063,14588,2246,150,18181,1,20:48
2024-25,203484,Kentavious Caldwell-Pope,Kentavious,1610612753,ORL,Orlando Magic,0022400743,2025-02-08T00:00:00,ORL vs. SAS,W,30.266666666666666,1.2,4.8,0.25,1.2,3.6,0.333,0.0,0.0,0.0,1.2,2.4,3.6,1.2,0.0,2.4,0.0,0.0,3.6,1.2,3.6,-4.8,16.8,0,0,14.3,1,1,13086,1,7529,22506,23636,20233,13426,16514,9209,13505,14344,13505,11869,18545,18404,19051,16469,4764,8263,8846,8532,16450,22752,15451,22570,2246,150,23332,1,30:16
2024-25,1626168,Trey Lyles,Trey,1610612758,SAC,Sacramento Kings,0022400750,2025-02-08T00:00:00,SAC vs. NOP,W,10.483333333333333,6.9,20.6,0.333,3.4,17.2,0.2,0.0,0.0,0.0,0.0,6.9,6.9,3.4,0.0,0.0,0.0,0.0,3.4,0.0,17.2,3.4,30.6,0,0,30.9,1,1,13086,1,21925,9253,2571,17395,5301,398,13429,13505,14344,13505,14058,6585,10389,11590,16469,12854,8263,8846,8959,17725,10662,10918,14373,2246,150,13247,1,10:29
2024-25,1628988,Aaron Holiday,Aaron,1610612745,HOU,Houston Rockets,0022400741,2025-02-08T00:00:00,HOU @ DAL,L,3.388333333333333,10.6,31.9,0.333,0.0,10.6,0.0,0.0,0.0,0.0,0.0,10.6,10.6,0.0,0.0,0.0,0.0,10.6,0.0,0.0,21.2,-21.2,34.0,0,0,31.9,1,13222,1,13222,24776,2591,206,17395,15070,2856,15070,13505,14344,13505,14058,2134,4790,19908,16469,12854,8263,57,20257,17725,6885,21899,11814,2246,150,12478,1,3:23
2024-25,1629004,Svi Mykhailiuk,Svi,1610612762,UTA,Utah Jazz,0022400751,2025-02-08T00:00:00,UTA @ LAC,L,26.6,5.4,16.2,0.333,2.7,6.8,0.4,0.0,0.0,0.0,1.4,2.7,4.1,0.0,2.7,0.0,1.4,0.0,1.4,0.0,13.5,2.7,19.8,0,0,23.0,1,13222,1,13222,10642,13231,6763,17395,7516,8968,7874,13505,14344,13505,10967,17676,17158,19908,7512,12854,5432,8846,17812,17725,14462,11257,21281,2246,150,19017,1,26:36
2024-25,1641783,Tristan da Silva,Tristan,1610612753,ORL,Orlando Magic,0022400743,2025-02-08T00:00:00,ORL vs. SAS,W,17.733333333333334,2.0,4.1,0.5,2.0,4.1,0.5,0.0,0.0,0.0,2.0,2.0,4.1,2.0,4.1,4.1,0.0,0.0,0.0,0.0,6.1,10.2,22.1,0,0,22.3,1,1,13086,1,17752,21346,24068,8526,10011,15455,3944,13505,14344,13505,8256,19561,17158,16265,3760,1576,8263,8846,20257,17725,21322,7619,20063,2246,150,19464,1,17:44
2024-25,1628404,Josh Hart,Josh,1610612752,NYK,New York Knicks,0022400748,2025-02-08T00:00:00,NYK vs. BOS,L,38.19,6.6,15.1,0.438,0.9,2.8,0.333,1.9,3.8,0.5,0.9,6.6,7.5,2.8,2.8,1.9,0.0,4.7,2.8,1.9,16.0,-29.2,32.1,0,0,31.1,1,13222,1,13222,1278,9938,8461,13558,14823,17997,9209,11004,8320,10625,13704,7113,9088,13502,7119,6834,8263,436,11518,13565,11899,23618,13221,2246,150,13069,1,38:11
2024-25,202695,Kawhi Leonard,Kawhi,1610612746,LAC,LA Clippers,0022400751,2025-02-08T00:00:00,LAC vs. UTA,W,31.283333333333335,4.6,10.4,0.444,0.0,0.0,0.0,2.3,2.3,1.0,0.0,5.8,5.8,3.5,5.8,1.2,0.0,0.0,4.6,3.5,11.5,-6.9,21.3,0,0,23.0,1,1,13086,1,6630,15486,16452,13045,15070,20945,15070,9607,11766,1,14058,8907,12896,11544,1604,10569,8263,8846,5538,7792,16665,16476,20540,2246,150,19009,1,31:17
2024-25,1642377,Jaylen Wells,Jaylen,1610612763,MEM,Memphis Grizzlies,0022400746,2025-02-08T00:00:00,MEM vs. OKC,L,12.1,3.0,11.9,0.25,0.0,6.0,0.0,0.0,0.0,0.0,8.9,0.0,8.9,0.0,0.0,0.0,0.0,3.0,8.9,0.0,6.0,-38.7,16.7,0,0,14.9,1,13222,1,13222,21189,19481,13758,20233,15070,10804,15070,13505,14344,13505,566,22137,6849,19908,16469,12854,8263,1369,985,17725,21431,24755,22606,2246,150,23103,1,12:06
2024-25,1641764,Brandin Podziemski,Brandin,1610612744,GSW,Golden State Warriors,0022400745,2025-02-08T00:00:00,GSW @ CHI,W,29.076666666666668,8.7,13.6,0.636,2.5,6.2,0.4,0.0,0.0,0.0,1.2,5.0,6.2,8.7,1.2,1.2,0.0,0.0,2.5,1.2,19.8,32.2,42.7,0,0,39.6,1,1,13086,1,8619,5315,10799,4689,8232,10219,7874,13505,14344,13505,11550,11020,11843,2294,14175,9882,8263,8846,12889,16191,8062,1712,6265,2246,150,6999,1,29:05
2024-25,1630695,Micah Potter,Micah,1610612762,UTA,Utah Jazz,0022400751,2025-02-08T00:00:00,UTA @ LAC,L,25.025,4.3,7.2,0.6,2.9,5.8,0.5,0.0,0.0,0.0,0.0,5.8,5.8,2.9,2.9,0.0,0.0,0.0,4.3,4.3,11.5,-23.0,19.9,0,0,23.0,1,13222,1,13222,11988,16275,21325,5394,6955,11319,3944,13505,14344,13505,14058,8906,12895,13352,6933,12854,8263,8846,6227,5542,16664,22340,21236,2246,150,19007,1,25:02
2024-25,203500,Steven Adams,Steven,1610612745,HOU,Houston Rockets,0022400741,2025-02-08T00:00:00,HOU @ DAL,L,22.303333333333335,1.6,14.5,0.111,0.0,0.0,0.0,0.0,0.0,0.0,14.5,4.8,19.4,1.6,0.0,0.0,0.0,4.8,0.0,1.6,3.2,6.5,28.9,0,0,24.2,1,13222,1,13222,14278,22010,9314,22520,15070,20945,15070,13505,14344,13505,144,11300,616,17604,16469,12854,8263,398,20257,14579,22877,9389,15562,2246,150,18200,1,22:18
2024-25,1641739,Toumani Camara,Toumani,1610612757,POR,Portland Trail Blazers,0022400747,2025-02-08T00:00:00,POR @ MIN,L,33.56666666666667,4.3,9.7,0.444,0.0,1.1,0.0,0.0,0.0,0.0,5.4,2.1,7.5,0.0,0.0,3.2,0.0,0.0,6.4,3.2,8.6,-30.0,27.2,0,0,22.5,1,13222,1,13222,4670,16347,17669,13045,15070,20774,15070,13505,14344,13505,2033,19227,9153,19908,16469,2703,8263,8846,2462,8497,19448,23744,16794,2246,150,19339,1,33:34
2024-25,1631165,Keon Ellis,Keon,1610612758,SAC,Sacramento Kings,0022400750,2025-02-08T00:00:00,SAC vs. NOP,W,32.08833333333333,4.5,6.7,0.667,3.4,5.6,0.6,2.2,4.5,0.5,2.2,2.2,4.5,2.2,1.1,3.4,0.0,1.1,3.4,3.4,14.6,15.7,32.3,0,0,31.4,1,1,13086,1,5900,15822,21853,3281,5471,11697,2992,9799,6863,10625,7446,18941,16080,15460,14997,2449,8263,6863,9198,8058,13310,5350,13079,2246,150,12848,1,32:05
2024-25,201587,Nicolas Batum,Nicolas,1610612746,LAC,LA Clippers,0022400751,2025-02-08T00:00:00,LAC vs. UTA,W,4.953333333333333,0.0,7.3,0.0,0.0,7.3,0.0,0.0,0.0,0.0,0.0,14.5,14.5,0.0,0.0,0.0,0.0,0.0,0.0,0.0,0.0,21.8,17.4,0,0,14.5,1,1,13086,1,24009,22635,21251,22635,15070,7902,15070,13505,14344,13505,14058,657,1983,19908,16469,12854,8263,8846,20257,17725,23200,3503,22315,2246,150,23241,1,4:57
2024-25,1627741,Buddy Hield,Buddy,1610612744,GSW,Golden State Warriors,0022400745,2025-02-08T00:00:00,GSW @ CHI,W,27.531666666666666,6.5,17.0,0.385,5.2,11.8,0.444,0.0,0.0,0.0,1.3,5.2,6.5,3.9,0.0,2.6,0.0,1.3,2.6,0.0,18.3,7.8,39.9,0,0,39.2,1,1,13086,1,9929,10093,5815,16070,2021,1917,7211,13505,14344,13505,11161,10211,11092,10157,16469,4106,8263,5611,12372,17725,9515,8711,7833,2246,150,7255,1,27:32
2024-25,1641710,Anthony Black,Anthony,1610612753,ORL,Orlando Magic,0022400743,2025-02-08T00:00:00,ORL vs. SAS,W,26.9,10.7,12.0,0.889,4.0,4.0,1.0,1.3,1.3,1.0,0.0,1.3,1.3,1.3,1.3,2.7,0.0,1.3,2.7,1.3,26.8,29.4,37.1,0,0,38.8,1,1,13086,1,10417,2499,13521,1318,3966,15548,1,12203,13680,1,14058,21215,22774,18539,13628,3958,8263,5453,12134,15727,3317,2043,9649,2246,150,7505,1,26:54
2024-25,1630611,Gui Santos,Gui,1610612744,GSW,Golden State Warriors,0022400745,2025-02-08T00:00:00,GSW @ CHI,W,14.683333333333334,4.9,7.4,0.667,2.5,4.9,0.5,4.9,4.9,1.0,9.8,9.8,19.6,0.0,2.5,0.0,0.0,0.0,12.3,2.5,17.2,12.3,38.2,0,0,39.2,1,1,13086,1,19778,14672,21134,3281,8317,13433,3944,4188,6111,1,427,2721,584,19908,8446,12854,8263,8846,397,11158,10670,6691,8860,2246,150,7254,1,14:41
2024-25,1641731,Bilal Coulibaly,Bilal,1610612764,WAS,Washington Wizards,0022400744,2025-02-08T00:00:00,WAS vs. ATL,L,35.4,6.1,20.3,0.3,1.0,5.1,0.2,4.1,4.1,1.0,2.0,5.1,7.1,0.0,1.0,1.0,1.0,3.1,0.0,3.1,17.3,-8.1,30.9,0,0,29.5,1,13222,1,13222,3147,11218,2733,19363,14443,12994,13429,5579,7702,1,8235,10625,9919,19908,15731,11792,7373,1284,20257,9068,10540,17029,14116,2246,150,14331,1,35:24
2024-25,1626164,Devin Booker,Devin,1610612756,PHX,Phoenix Suns,0022400749,2025-02-08T00:00:00,PHX vs. DEN,L,34.31666666666667,8.4,19.9,0.421,3.1,8.4,0.375,5.2,5.2,1.0,3.1,4.2,7.3,3.1,2.1,0.0,0.0,1.0,3.1,6.3,25.2,-18.9,36.6,0,0,38.8,1,13222,1,13222,3991,5816,3015,14442,6104,5762,8800,3714,5535,1,5045,13132,9490,12488,10007,12854,8263,7500,10107,2290,4143,21202,9947,2246,150,7504,1,34:19
2024-25,1641708,Amen Thompson,Amen,1610612745,HOU,Houston Rockets,0022400741,2025-02-08T00:00:00,HOU @ DAL,L,36.916666666666664,8.8,13.7,0.643,2.0,3.9,0.5,0.0,0.0,0.0,2.0,4.9,6.8,4.9,3.9,0.0,2.9,2.0,4.9,1.0,19.5,-11.7,39.9,0,0,39.0,1,13222,1,13222,2050,5126,10729,4607,10392,15786,3944,13505,14344,13505,8620,11218,10468,7740,4086,12854,1782,3382,4886,17473,8369,18618,7831,2246,150,7373,1,36:55
2024-25,1626145,Tyus Jones,Tyus,1610612756,PHX,Phoenix Suns,0022400749,2025-02-08T00:00:00,PHX vs. DEN,L,28.75,7.5,21.3,0.353,3.8,10.0,0.375,0.0,0.0,0.0,2.5,1.3,3.8,12.5,0.0,0.0,0.0,0.0,0.0,0.0,18.8,-18.8,42.1,1,0,38.8,1,13222,1,13222,8877,7737,2165,17268,4555,3467,8800,13505,14344,13505,6603,21394,17924,611,16469,12854,8263,8846,20257,17725,9044,21174,6578,1,150,7502,1,28:45
2024-25,203084,Harrison Barnes,Harrison,1610612759,SAS,San Antonio Spurs,0022400743,2025-02-08T00:00:00,SAS @ ORL,L,36.25,7.0,10.9,0.636,7.0,9.9,0.7,0.0,0.0,0.0,0.0,7.9,7.9,1.0,0.0,1.0,0.0,1.0,1.0,0.0,20.9,-4.0,34.9,0,0,38.7,1,13222,1,13222,2502,9044,15490,4689,780,3578,1937,13505,14344,13505,14058,4789,8376,19697,16469,12015,8263,7986,19750,17725,7198,15051,11148,2246,150,7570,1,36:15
2024-25,1642264,Stephon Castle,Stephon,1610612759,SAS,San Antonio Spurs,0022400743,2025-02-08T00:00:00,SAS @ ORL,L,29.471666666666668,6.1,14.7,0.417,0.0,1.2,0.0,6.1,8.6,0.714,1.2,2.4,3.7,2.4,0.0,1.2,1.2,0.0,0.0,6.1,18.3,-4.9,33.7,0,0,29.3,1,13222,1,13222,8248,11206,9125,14532,15070,20598,15070,2770,2155,9244,11655,18354,18169,14727,16469,10006,6045,8846,20257,2493,9500,15517,12035,2246,150,14468,1,29:28
2024-25,1642267,Bub Carrington,Bub,1610612764,WAS,Washington Wizards,0022400744,2025-02-08T00:00:00,WAS vs. ATL,L,37.96666666666667,8.5,12.3,0.692,4.7,6.6,0.714,0.0,0.0,0.0,0.9,2.8,3.8,6.6,1.9,0.9,0.0,0.0,1.9,0.9,21.8,-19.0,37.3,0,0,38.9,1,13222,1,13222,1402,5555,13035,3171,2657,9241,1861,13505,14344,13505,13664,17256,17842,4522,11063,12365,8263,8846,15694,17551,6373,21227,9488,2246,150,7466,1,37:58
2024-25,1631099,Keegan Murray,Keegan,1610612758,SAC,Sacramento Kings,0022400750,2025-02-08T00:00:00,SAC vs. NOP,W,35.93333333333333,7.0,15.0,0.467,2.0,8.0,0.25,3.0,3.0,1.0,2.0,6.0,8.0,0.0,2.0,2.0,3.0,1.0,2.0,2.0,19.0,-4.0,41.7,0,0,39.1,1,1,13086,1,2731,8893,8566,12249,10145,6420,11902,7787,9961,1,8365,8295,8243,19908,10505,6238,1687,7906,15126,13062,8820,15069,6782,2246,150,7335,1,35:56
2024-25,1630551,Justin Champagnie,Justin,1610612764,WAS,Washington Wizards,0022400744,2025-02-08T00:00:00,WAS vs. ATL,L,24.86,5.8,11.6,0.5,0.0,1.4,0.0,2.9,2.9,1.0,4.3,7.2,11.6,0.0,5.8,1.4,0.0,0.0,5.8,1.4,14.5,-30.4,26.9,0,0,29.0,1,13222,1,13222,12129,12131,14338,8526,15070,20328,15070,8103,10246,1,3114,5928,3864,19908,1564,8650,8263,8846,3231,15251,13431,23800,16997,2246,150,14738,1,24:52
2024-25,201599,DeAndre Jordan,DeAndre,1610612743,DEN,Denver Nuggets,0022400749,2025-02-08T00:00:00,DEN @ PHX,W,16.656666666666666,4.3,10.8,0.4,0.0,0.0,0.0,0.0,0.0,0.0,8.6,15.1,23.8,2.2,0.0,0.0,2.2,2.2,4.3,2.2,8.6,4.3,46.9,0,0,38.9,1,1,13086,1,18497,16267,15685,14933,15070,20945,15070,13505,14344,13505,627,542,228,15763,16469,12854,3041,2736,6212,12340,19394,10467,4351,2246,150,7452,1,16:39
2024-25,1628976,Wendell Carter Jr.,Wendell,1610612753,ORL,Orlando Magic,0022400743,2025-02-08T00:00:00,ORL vs. SAS,W,11.1,6.5,22.7,0.286,0.0,6.5,0.0,9.7,13.0,0.75,6.5,0.0,6.5,9.7,3.2,0.0,0.0,3.2,13.0,6.5,22.7,-3.2,41.8,0,0,38.9,1,1,13086,1,21658,10216,1499,19630,15070,9576,15070,772,588,8186,1376,22137,11203,1571,5686,12854,8263,1110,345,2099,5704,14696,6712,2246,150,7432,1,11:06
2024-25,1629675,Naz Reid,Naz,1610612750,MIN,Minnesota Timberwolves,0022400747,2025-02-08T00:00:00,MIN vs. POR,W,38.35,8.4,15.0,0.563,4.7,8.4,0.556,0.0,1.9,0.0,0.0,7.5,7.5,1.9,3.8,1.9,0.0,0.0,4.7,0.9,21.6,27.2,35.3,0,0,39.4,1,1,13086,1,1190,5714,8583,7127,2740,5670,3747,13505,13032,13505,14058,5483,9151,16824,4427,6869,8263,8846,5299,17580,6559,2387,10874,2246,150,7118,1,38:21
2024-25,1628991,Jaren Jackson Jr.,Jaren,1610612763,MEM,Memphis Grizzlies,0022400746,2025-02-08T00:00:00,MEM vs. OKC,L,35.095,7.2,14.4,0.5,2.1,3.1,0.667,3.1,6.2,0.5,0.0,3.1,3.1,2.1,4.1,3.1,3.1,0.0,4.1,5.1,19.5,5.1,40.6,0,0,39.0,1,13222,1,13222,3393,8510,9598,8526,9908,17496,1957,7601,4282,10625,14058,16472,19534,16184,3671,2984,1601,8846,6829,3882,8384,10040,7382,2246,150,7391,1,35:06
2024-25,1642262,Cody Williams,Cody,1610612762,UTA,Utah Jazz,0022400751,2025-02-08T00:00:00,UTA @ LAC,L,15.0,2.4,7.2,0.333,0.0,4.8,0.0,0.0,0.0,0.0,4.8,0.0,4.8,2.4,2.4,0.0,0.0,0.0,0.0,0.0,4.8,-33.6,11.8,0,0,12.0,1,13222,1,13222,19560,20666,21317,17395,15070,13705,15070,13505,14344,13505,2562,22137,15301,14879,8654,12854,8263,8846,20257,17725,22130,24245,24073,2246,150,23970,1,15:00
2024-25,1629020,Jarred Vanderbilt,Jarred,1610612747,LAL,Los Angeles Lakers,0022400742,2025-02-08T00:00:00,LAL vs. IND,W,19.8,3.6,7.3,0.5,0.0,3.6,0.0,0.0,0.0,0.0,3.6,7.3,10.9,1.8,1.8,0.0,0.0,0.0,1.8,0.0,7.3,9.1,21.3,0,0,20.0,1,1,13086,1,16175,17993,21242,8526,15070,16364,15070,13505,14344,13505,4149,5868,4495,17030,11460,12854,8263,8846,16093,17725,20502,8132,20553,2246,150,20849,1,19:48
2024-25,1641790,PJ Hall,PJ,1610612743,DEN,Denver Nuggets,0022400749,2025-02-08T00:00:00,DEN @ PHX,W,2.716666666666667,13.3,13.3,1.0,0.0,0.0,0.0,0.0,0.0,0.0,0.0,13.3,13.3,0.0,0.0,0.0,0.0,0.0,0.0,0.0,26.5,-53.0,42.4,0,0,39.8,1,1,13086,1,25110,923,11383,1,15070,20945,15070,13505,14344,13505,14058,938,2636,19908,16469,12854,8263,8846,20257,17725,3429,25513,6424,2246,150,6915,1,2:43
2024-25,1630540,Miles McBride,Miles,1610612752,NYK,New York Knicks,0022400748,2025-02-08T00:00:00,NYK vs. BOS,L,35.0,1.0,8.2,0.125,1.0,5.1,0.2,5.1,5.1,1.0,0.0,1.0,1.0,1.0,0.0,4.1,0.0,0.0,2.1,2.1,8.2,-10.3,23.3,0,0,19.5,1,13222,1,13222,3460,22610,19900,22420,14372,12839,13429,3825,5689,1,14058,21920,23184,19591,16469,1528,8263,8846,14830,12811,19726,18014,19343,2246,150,21129,1,35:00
2024-25,201143,Al Horford,Al,1610612738,BOS,Boston Celtics,0022400748,2025-02-08T00:00:00,BOS @ NYK,W,31.29,1.2,4.6,0.25,1.2,3.5,0.333,2.3,2.3,1.0,2.3,6.9,9.2,1.2,1.2,0.0,1.2,0.0,3.5,1.2,5.8,27.6,20.8,0,0,19.6,1,1,13086,1,6628,22539,23744,20233,13647,16757,9209,9613,11771,1,7239,6527,6443,19181,14791,12854,6484,8846,8882,16646,21563,2324,20776,2246,150,21121,1,31:17
2024-25,1642461,Spencer Jones,Spencer,1610612743,DEN,Denver Nuggets,0022400749,2025-02-08T00:00:00,DEN @ PHX,W,2.716666666666667,0.0,0.0,0.0,0.0,0.0,0.0,0.0,0.0,0.0,0.0,0.0,0.0,0.0,13.3,0.0,0.0,0.0,13.3,0.0,0.0,-53.0,-13.3,0,0,0.0,1,1,13086,1,25110,22635,24836,22635,15070,20945,15070,13505,14344,13505,14058,22137,23286,19908,152,12854,8263,8846,321,17725,23200,25513,26247,2246,150,25259,1,2:43
2024-25,1628420,Monté Morris,Monté,1610612756,PHX,Phoenix Suns,0022400749,2025-02-08T00:00:00,PHX vs. DEN,L,13.9,0.0,12.9,0.0,0.0,5.2,0.0,0.0,0.0,0.0,0.0,5.2,5.2,2.6,2.6,2.6,0.0,5.2,2.6,0.0,0.0,-15.5,15.3,0,0,12.9,1,13222,1,13222,20244,22635,11941,22635,15070,12748,15070,13505,14344,13505,14058,10331,14314,14241,7916,4155,8263,329,12459,17725,23200,20104,23093,2246,150,23729,1,13:54
2024-25,1630541,Moses Moody,Moses,1610612744,GSW,Golden State Warriors,0022400745,2025-02-08T00:00:00,GSW @ CHI,W,21.683333333333334,3.3,18.3,0.182,0.0,8.3,0.0,0.0,0.0,0.0,0.0,0.0,0.0,3.3,0.0,0.0,0.0,0.0,6.6,0.0,6.6,14.9,11.6,0,0,10.0,1,1,13086,1,14767,18707,4396,21891,15070,5911,15070,13505,14344,13505,14058,22137,23286,11915,16469,12854,8263,8846,2280,17725,20966,5648,24107,2246,150,24432,1,21:41
2024-25,1626153,Delon Wright,Delon,1610612752,NYK,New York Knicks,0022400748,2025-02-08T00:00:00,NYK vs. BOS,L,3.3,0.0,0.0,0.0,0.0,0.0,0.0,0.0,0.0,0.0,0.0,0.0,0.0,0.0,0.0,0.0,0.0,0.0,0.0,10.9,0.0,87.3,0.0,0,0,0.0,1,13222,1,13222,24846,22635,24836,22635,15070,20945,15070,13505,14344,13505,14058,22137,23286,19908,16469,12854,8263,8846,20257,286,23200,121,25228,2246,150,25259,1,3:18
2024-25,1628418,Thomas Bryant,Thomas,1610612754,IND,Indiana Pacers,0022400742,2025-02-08T00:00:00,IND @ LAL,L,23.026666666666667,9.4,15.6,0.6,1.6,4.7,0.333,0.0,0.0,0.0,6.3,6.3,12.5,6.3,0.0,0.0,0.0,1.6,1.6,0.0,20.3,20.3,44.7,0,0,40.6,1,13222,1,13222,13707,4063,7642,5394,11811,13985,9209,13505,14344,13505,1504,7780,3128,5088,16469,12854,8263,4544,16983,17725,7638,3858,5327,2246,150,6411,1,23:02
2024-25,1630198,Isaiah Joe,Isaiah,1610612760,OKC,Oklahoma City Thunder,0022400746,2025-02-08T00:00:00,OKC @ MEM,W,25.091666666666665,1.4,10.0,0.143,1.4,8.6,0.167,0.0,0.0,0.0,2.9,2.9,5.7,0.0,2.9,0.0,0.0,1.4,4.3,1.4,4.3,-8.6,8.3,0,0,11.5,1,1,13086,1,11927,22250,16970,22260,12315,5409,14236,13505,14344,13505,5670,17181,12928,19908,6960,12854,8263,5041,6272,15305,22404,17239,24656,2246,150,24120,1,25:06
2024-25,1631248,Baylor Scheierman,Baylor,1610612738,BOS,Boston Celtics,0022400748,2025-02-08T00:00:00,BOS @ NYK,W,4.516666666666667,0.0,0.0,0.0,0.0,0.0,0.0,0.0,0.0,0.0,0.0,8.0,8.0,15.9,8.0,8.0,0.0,0.0,0.0,0.0,0.0,0.0,49.4,0,0,39.9,1,1,13086,1,24226,22635,24836,22635,15070,20945,15070,13505,14344,13505,14058,4738,8320,218,593,213,8263,8846,20257,17725,23200,12240,3448,2246,150,6861,1,4:31
2024-25,1642358,AJ Johnson,AJ,1610612764,WAS,Washington Wizards,0022400744,2025-02-08T00:00:00,WAS vs. ATL,L,7.45,4.8,9.7,0.5,0.0,4.8,0.0,0.0,0.0,0.0,0.0,4.8,4.8,4.8,0.0,0.0,0.0,0.0,19.3,0.0,9.7,-19.3,22.7,0,0,19.3,1,13222,1,13222,23021,14851,17638,8526,15070,13617,15070,13505,14344,13505,14058,11326,15216,7828,16469,12854,8263,8846,126,17725,18478,21347,19742,2246,150,21239,1,7:27
2024-25,1641725,Trey Alexander,Trey,1610612743,DEN,Denver Nuggets,0022400749,2025-02-08T00:00:00,DEN @ PHX,W,5.533333333333333,0.0,6.5,0.0,0.0,6.5,0.0,0.0,0.0,0.0,0.0,6.5,6.5,6.5,13.0,0.0,0.0,0.0,6.5,0.0,0.0,-13.0,4.6,0,0,13.0,1,1,13086,1,23768,22635,22103,22635,15070,9531,15070,13505,14344,13505,14058,7288,11158,4699,167,12854,8263,8846,2399,17725,23200,19135,25040,2246,150,23709,1,5:32
2024-25,1629723,John Konchar,John,1610612763,MEM,Memphis Grizzlies,0022400746,2025-02-08T00:00:00,MEM vs. OKC,L,0.8716666666666667,0.0,0.0,0.0,0.0,0.0,0.0,0.0,0.0,0.0,0.0,0.0,0.0,0.0,0.0,0.0,0.0,0.0,0.0,0.0,0.0,0.0,0.0,0,0,0.0,1,13222,1,13222,26103,22635,24836,22635,15070,20945,15070,13505,14344,13505,14058,22137,23286,19908,16469,12854,8263,8846,20257,17725,23200,12240,25228,2246,150,25259,1,0:52
2024-25,1630214,Xavier Tillman,Xavier,1610612738,BOS,Boston Celtics,0022400748,2025-02-08T00:00:00,BOS @ NYK,W,5.91,0.0,6.1,0.0,0.0,6.1,0.0,0.0,0.0,0.0,0.0,0.0,0.0,0.0,0.0,0.0,0.0,0.0,6.1,0.0,0.0,-73.1,0.0,0,0,0.0,1,1,13086,1,23630,22635,22519,22635,15070,10459,15070,13505,14344,13505,14058,22137,23286,19908,16469,12854,8263,8846,2828,17725,23200,25922,25228,2246,150,25259,1,5:55
2024-25,1642389,Zyon Pullin,Zyon,1610612763,MEM,Memphis Grizzlies,0022400746,2025-02-08T00:00:00,MEM vs. OKC,L,0.825,0.0,0.0,0.0,0.0,0.0,0.0,0.0,0.0,0.0,0.0,0.0,0.0,0.0,0.0,0.0,0.0,0.0,0.0,0.0,0.0,0.0,0.0,0,0,0.0,1,13222,1,13222,26124,22635,24836,22635,15070,20945,15070,13505,14344,13505,14058,22137,23286,19908,16469,12854,8263,8846,20257,17725,23200,12240,25228,2246,150,25259,1,0:50
2024-25,1630556,Kessler Edwards,Kessler,1610612742,DAL,Dallas Mavericks,0022400741,2025-02-08T00:00:00,DAL vs. HOU,W,0.62,0.0,0.0,0.0,0.0,0.0,0.0,0.0,0.0,0.0,0.0,0.0,0.0,0.0,0.0,0.0,0.0,0.0,0.0,0.0,0.0,0.0,0.0,0,0,0.0,1,1,13086,1,26174,22635,24836,22635,15070,20945,15070,13505,14344,13505,14058,22137,23286,19908,16469,12854,8263,8846,20257,17725,23200,12240,25228,2246,150,25259,1,0:37
2024-25,1630173,Precious Achiuwa,Precious,1610612752,NYK,New York Knicks,0022400748,2025-02-08T00:00:00,NYK vs. BOS,L,33.303333333333335,1.1,4.3,0.25,0.0,1.1,0.0,1.1,2.2,0.5,2.2,2.2,4.3,2.2,0.0,0.0,0.0,0.0,1.1,1.1,3.2,-40.0,11.7,0,0,9.7,1,13222,1,13222,4897,22586,23901,20233,15070,20765,15070,12969,12209,10625,7717,19176,16478,15761,16469,12854,8263,8846,19212,16998,22873,24836,24095,2246,150,24482,1,33:18
2024-25,1629614,Andrew Nembhard,Andrew,1610612754,IND,Indiana Pacers,0022400742,2025-02-08T00:00:00,IND @ LAL,L,21.75,0.0,1.7,0.0,0.0,1.7,0.0,3.3,3.3,1.0,0.0,0.0,0.0,5.0,5.0,1.7,0.0,0.0,8.3,1.7,3.3,-18.2,10.8,0,0,11.6,1,13222,1,13222,14717,22635,24808,22635,15070,20099,15070,7087,9284,1,14058,22137,23286,7541,2385,7785,8263,8846,1239,14428,22847,20993,24292,2246,150,24087,1,21:45
2024-25,1629750,Javonte Green,Javonte,1610612740,NOP,New Orleans Pelicans,0022400750,2025-02-08T00:00:00,NOP @ SAC,L,15.966666666666667,0.0,4.5,0.0,0.0,4.5,0.0,0.0,0.0,0.0,0.0,4.5,4.5,2.3,2.3,2.3,0.0,0.0,11.3,0.0,0.0,-40.6,13.3,0,0,11.3,1,13222,1,13222,18951,22635,23801,22635,15070,14409,15070,13505,14344,13505,14058,12239,16031,15416,9284,5205,8263,8846,500,17725,23200,24889,23693,2246,150,24158,1,15:58
2024-25,1627884,Derrick Jones Jr.,Derrick,1610612746,LAC,LA Clippers,0022400751,2025-02-08T00:00:00,LAC vs. UTA,W,26.666666666666668,6.8,10.8,0.625,0.0,1.3,0.0,1.3,5.4,0.25,1.3,2.7,4.1,1.3,0.0,0.0,0.0,0.0,2.7,5.4,14.9,16.2,21.7,0,0,20.3,1,1,13086,1,10590,9563,15695,4899,15070,20438,15070,12166,5313,13358,10979,17699,17188,18503,16469,12854,8263,8846,12044,3483,13066,5185,20297,2246,150,20725,1,26:40
2024-25,1641745,Adam Flagler,Adam,1610612760,OKC,Oklahoma City Thunder,0022400746,2025-02-08T00:00:00,OKC @ MEM,W,0.8716666666666667,0.0,0.0,0.0,0.0,0.0,0.0,0.0,0.0,0.0,0.0,0.0,0.0,0.0,0.0,0.0,0.0,0.0,0.0,0.0,0.0,0.0,0.0,0,0,0.0,1,1,13086,1,26103,22635,24836,22635,15070,20945,15070,13505,14344,13505,14058,22137,23286,19908,16469,12854,8263,8846,20257,17725,23200,12240,25228,2246,150,25259,1,0:52
2024-25,1630643,Jay Huff,Jay,1610612763,MEM,Memphis Grizzlies,0022400746,2025-02-08T00:00:00,MEM vs. OKC,L,0.8716666666666667,0.0,0.0,0.0,0.0,0.0,0.0,0.0,0.0,0.0,0.0,0.0,0.0,0.0,0.0,0.0,0.0,0.0,0.0,0.0,0.0,0.0,0.0,0,0,0.0,1,13222,1,13222,26103,22635,24836,22635,15070,20945,15070,13505,14344,13505,14058,22137,23286,19908,16469,12854,8263,8846,20257,17725,23200,12240,25228,2246,150,25259,1,0:52
2024-25,1629611,Terance Mann,Terance,1610612737,ATL,Atlanta Hawks,0022400744,2025-02-08T00:00:00,ATL @ WAS,W,24.616666666666667,2.9,7.3,0.4,0.0,0.0,0.0,0.0,2.9,0.0,0.0,1.5,1.5,4.4,0.0,0.0,0.0,1.5,4.4,1.5,5.8,-10.2,14.2,0,0,11.7,1,1,13086,1,12359,19590,21190,14933,15070,20945,15070,13505,10160,13505,14058,20956,22616,8923,16469,12854,8263,4925,6048,15169,21489,17991,23435,2246,150,24060,1,24:37
2024-25,1627827,Dorian Finney-Smith,Dorian,1610612747,LAL,Los Angeles Lakers,0022400742,2025-02-08T00:00:00,LAL vs. IND,W,34.71666666666667,3.1,8.3,0.375,1.0,5.2,0.2,0.0,0.0,0.0,0.0,3.1,3.1,6.2,3.1,0.0,1.0,0.0,0.0,0.0,7.3,11.4,20.3,0,0,19.7,1,1,13086,1,3675,19174,19800,16299,14328,12742,13429,13505,14344,13505,14058,16381,19452,5127,6091,12854,7221,8846,20257,17725,20522,7053,21013,2246,150,21034,1,34:43
2024-25,1641716,Jarace Walker,Jarace,1610612754,IND,Indiana Pacers,0022400742,2025-02-08T00:00:00,IND @ LAL,L,16.636666666666667,0.0,10.8,0.0,0.0,6.5,0.0,4.3,4.3,1.0,0.0,6.5,6.5,0.0,4.3,4.3,0.0,2.2,2.2,2.2,4.3,-15.1,20.8,0,0,19.5,1,13222,1,13222,18512,22635,15664,22635,15070,9564,15070,5104,7151,1,14058,7329,11197,19908,3261,1352,8263,2728,14282,12326,22383,19959,20805,2246,150,21165,1,16:38
2024-25,1641722,Jordan Hawkins,Jordan,1610612740,NOP,New Orleans Pelicans,0022400750,2025-02-08T00:00:00,NOP @ SAC,L,18.383333333333333,0.0,7.8,0.0,0.0,3.9,0.0,0.0,0.0,0.0,0.0,0.0,0.0,0.0,0.0,0.0,0.0,0.0,2.0,0.0,0.0,-27.4,0.0,0,0,0.0,1,13222,1,13222,17292,22635,20492,22635,15070,15744,15070,13505,14344,13505,14058,22137,23286,19908,16469,12854,8263,8846,15363,17725,23200,23326,25228,2246,150,25259,1,18:23
2024-25,1630172,Patrick Williams,Patrick,1610612741,CHI,Chicago Bulls,0022400745,2025-02-08T00:00:00,CHI vs. GSW,L,19.716666666666665,3.7,11.0,0.333,1.8,5.5,0.333,5.5,7.3,0.75,1.8,1.8,3.7,0.0,5.5,0.0,0.0,0.0,3.7,5.5,14.6,-14.6,13.5,0,0,20.1,1,13222,1,13222,16246,17963,15437,17395,10965,12013,9209,3435,3091,8186,9145,20174,18198,19908,1829,12854,8263,8846,8255,3371,13284,19748,23631,2246,150,20810,1,19:43
2024-25,1628969,Mikal Bridges,Mikal,1610612752,NYK,New York Knicks,0022400748,2025-02-08T00:00:00,NYK vs. BOS,L,34.03333333333333,5.3,15.9,0.333,1.1,3.2,0.333,0.0,0.0,0.0,1.1,2.1,3.2,2.1,0.0,1.1,0.0,1.1,1.1,1.1,11.6,-11.6,21.8,0,0,20.1,1,13222,1,13222,4225,13568,7318,17395,14206,17322,9209,13505,14344,13505,12809,19316,19300,15946,16469,11420,8263,7427,19358,17136,16541,18589,20269,2246,150,20801,1,34:02
2024-25,1642382,Branden Carlson,Branden,1610612760,OKC,Oklahoma City Thunder,0022400746,2025-02-08T00:00:00,OKC @ MEM,W,0.8716666666666667,0.0,41.3,0.0,0.0,41.3,0.0,0.0,0.0,0.0,0.0,0.0,0.0,0.0,0.0,0.0,0.0,0.0,0.0,0.0,0.0,0.0,0.0,0,0,0.0,1,1,13086,1,26103,22635,67,22635,15070,11,15070,13505,14344,13505,14058,22137,23286,19908,16469,12854,8263,8846,20257,17725,23200,12240,25228,2246,150,25259,1,0:52
2024-25,1631094,Paolo Banchero,Paolo,1610612753,ORL,Orlando Magic,0022400743,2025-02-08T00:00:00,ORL vs. SAS,W,33.7,7.5,18.2,0.412,0.0,4.3,0.0,3.2,4.3,0.75,0.0,7.5,7.5,6.4,5.3,0.0,1.1,0.0,1.1,3.2,18.2,-7.5,34.6,0,0,34.2,1,1,13086,1,4549,7817,4496,14791,15070,14974,15070,7324,7261,8186,14058,5538,9211,4845,1963,12854,6996,8846,19283,8545,9665,16718,11361,2246,150,10709,1,33:42
2024-25,1629640,Keldon Johnson,Keldon,1610612759,SAS,San Antonio Spurs,0022400743,2025-02-08T00:00:00,SAS @ ORL,L,17.7,8.1,12.2,0.667,2.0,2.0,1.0,2.0,2.0,1.0,2.0,6.1,8.1,0.0,2.0,2.0,0.0,0.0,4.1,2.0,20.3,14.2,34.2,0,0,34.6,1,13222,1,13222,17779,6335,13250,3281,9991,19487,1,10514,12620,1,8235,8095,8031,19908,10335,6089,8263,8846,6940,12911,7625,5912,11672,2246,150,10382,1,17:42
2024-25,1642346,Ryan Dunn,Ryan,1610612756,PHX,Phoenix Suns,0022400749,2025-02-08T00:00:00,PHX vs. DEN,L,13.416666666666666,8.0,18.8,0.429,5.4,13.4,0.4,0.0,0.0,0.0,5.4,0.0,5.4,2.7,0.0,0.0,0.0,0.0,2.7,0.0,21.5,-5.4,31.9,0,0,34.9,1,13222,1,13222,20527,6529,3939,13735,1878,1122,7874,13505,14344,13505,2030,22137,13887,13955,16469,12854,8263,8846,12109,17725,6676,15771,13376,2246,150,10174,1,13:25
2024-25,1641738,Kobe Brown,Kobe,1610612746,LAC,LA Clippers,0022400751,2025-02-08T00:00:00,LAC vs. UTA,W,8.333333333333334,13.0,13.0,1.0,0.0,0.0,0.0,4.3,4.3,1.0,0.0,4.3,4.3,0.0,4.3,0.0,0.0,0.0,4.3,4.3,30.2,34.6,31.1,0,0,34.6,1,1,13086,1,22699,1048,11924,1,15070,20945,15070,5117,7164,1,14058,12744,16484,19908,3273,12854,8263,8846,6217,5536,2007,1443,13988,2246,150,10401,1,8:20
2024-25,1630175,Cole Anthony,Cole,1610612753,ORL,Orlando Magic,0022400743,2025-02-08T00:00:00,ORL vs. SAS,W,20.86,8.6,19.0,0.455,1.7,8.6,0.2,3.5,5.2,0.667,0.0,0.0,0.0,3.5,1.7,3.5,0.0,0.0,3.5,3.5,22.4,-36.2,36.2,0,0,34.5,1,1,13086,1,15394,5382,3774,12676,11327,5375,13429,6790,5637,9425,14058,22137,23286,11549,11816,2305,8263,8846,8882,7798,5897,24547,10208,2246,150,10433,1,20:52
2024-25,1631131,Oscar Tshiebwe,Oscar,1610612762,UTA,Utah Jazz,0022400751,2025-02-08T00:00:00,UTA @ LAC,L,8.358333333333333,0.0,0.0,0.0,0.0,0.0,0.0,8.6,8.6,1.0,8.6,4.3,12.9,4.3,0.0,4.3,0.0,0.0,8.6,4.3,8.6,-38.8,43.5,0,0,34.5,1,13222,1,13222,22684,22635,24836,22635,15070,20945,15070,1142,2116,1,639,12778,2859,9108,16469,1365,8263,8846,1092,5567,19420,24759,5885,2246,150,10484,1,8:22
2024-25,1627783,Pascal Siakam,Pascal,1610612754,IND,Indiana Pacers,0022400742,2025-02-08T00:00:00,IND @ LAL,L,33.333333333333336,6.5,16.2,0.4,0.0,2.2,0.0,11.9,11.9,1.0,3.2,3.2,6.5,4.3,0.0,2.2,0.0,0.0,2.2,9.7,24.8,-6.5,45.6,0,0,40.0,1,13222,1,13222,4870,10231,6831,14933,15070,19240,15070,351,794,1,4860,15961,11219,9076,16469,5544,8263,8846,14298,471,4283,16282,4905,2246,150,6806,1,33:20
2024-25,1630167,Obi Toppin,Obi,1610612754,IND,Indiana Pacers,0022400742,2025-02-08T00:00:00,IND @ LAL,L,22.49,6.4,12.8,0.5,4.8,8.0,0.6,4.8,6.4,0.75,1.6,6.4,8.0,4.8,3.2,0.0,0.0,0.0,3.2,4.8,22.4,-33.6,36.0,0,0,40.0,1,13222,1,13222,14120,10439,12198,8526,2552,6444,2992,4341,4006,8186,9918,7503,8264,7915,5816,12854,8263,8846,9858,4497,5913,24247,10360,2246,150,6771,1,22:29
2024-25,1630169,Tyrese Haliburton,Tyrese,1610612754,IND,Indiana Pacers,0022400742,2025-02-08T00:00:00,IND @ LAL,L,35.93,7.0,15.0,0.467,4.0,9.0,0.444,1.0,1.0,1.0,0.0,2.0,2.0,9.0,1.0,2.0,1.0,0.0,3.0,1.0,19.0,-9.0,43.0,0,0,40.1,1,13222,1,13222,2737,8892,8564,12249,3980,4794,7211,13229,14213,1,14058,19649,21792,2006,15832,6237,7471,8846,10685,17393,8818,17431,6142,2246,150,6740,1,35:56
2024-25,202691,Klay Thompson,Klay,1610612742,DAL,Dallas Mavericks,0022400741,2025-02-08T00:00:00,DAL vs. HOU,W,21.8,9.9,23.1,0.429,1.7,6.6,0.25,0.0,0.0,0.0,0.0,6.6,6.6,1.7,0.0,0.0,1.7,1.7,6.6,1.7,21.5,8.3,36.8,0,0,34.7,1,1,13086,1,14669,3317,1344,13735,11531,9302,11902,13505,14344,13505,14058,7087,10935,17498,16469,12854,4412,4286,2312,14439,6674,8507,9818,2246,150,10311,1,21:48
2024-25,1626181,Norman Powell,Norman,1610612746,LAC,LA Clippers,0022400751,2025-02-08T00:00:00,LAC vs. UTA,W,35.95,9.0,18.0,0.5,2.0,6.0,0.333,6.0,6.0,1.0,0.0,1.0,1.0,3.0,2.0,1.0,0.0,0.0,1.0,4.0,26.0,4.0,32.7,0,0,34.0,1,1,13086,1,2713,4682,4636,8526,10147,10671,9209,2849,4459,1,14058,21971,23207,12913,10511,11944,8263,8846,19700,6292,3662,10646,12765,2246,150,10814,1,35:57
2024-25,1629060,Rui Hachimura,Rui,1610612747,LAL,Los Angeles Lakers,0022400742,2025-02-08T00:00:00,LAL vs. IND,W,33.1,8.7,14.1,0.615,2.2,3.3,0.667,6.5,6.5,1.0,1.1,8.7,9.8,0.0,1.1,1.1,0.0,2.2,3.3,3.3,26.1,4.4,40.0,0,0,40.2,1,1,13086,1,5069,5266,9942,5246,9329,17150,1957,2377,3854,1,12569,3838,5691,19908,15216,11121,8263,2700,9599,8370,3627,10451,7749,2246,150,6649,1,33:06
2024-25,1629673,Jordan Poole,Jordan,1610612764,WAS,Washington Wizards,0022400744,2025-02-08T00:00:00,WAS vs. ATL,L,31.266666666666666,9.2,19.6,0.471,1.2,9.2,0.125,4.6,4.6,1.0,1.2,4.6,5.8,6.9,5.8,1.2,0.0,1.2,5.8,5.8,24.2,1.2,39.1,0,0,40.3,1,13222,1,13222,6650,4338,3294,12143,13640,4507,14886,4669,6645,1,12091,11964,12884,4119,1601,10566,8263,6620,3301,2963,4689,12048,8302,2246,150,6605,1,31:16
2024-25,1629630,Ja Morant,Ja,1610612763,MEM,Memphis Grizzlies,0022400746,2025-02-08T00:00:00,MEM vs. OKC,L,36.005,6.0,19.0,0.316,2.0,4.0,0.5,2.0,4.0,0.5,1.0,4.0,5.0,7.0,1.0,0.0,2.0,2.0,2.0,2.0,16.0,-12.0,37.5,0,0,34.0,1,13222,1,13222,2682,11529,3762,19148,10167,15587,3944,10647,7845,10625,13252,13728,14794,4007,15850,12854,3499,3238,15150,13088,11931,18730,9341,2246,150,10854,1,36:00
2024-25,1629655,Daniel Gafford,Daniel,1610612742,DAL,Dallas Mavericks,0022400741,2025-02-08T00:00:00,DAL vs. HOU,W,25.81,2.8,5.6,0.5,0.0,0.0,0.0,1.4,5.6,0.25,7.0,5.6,12.6,1.4,1.4,1.4,8.4,1.4,5.6,2.8,7.0,0.0,52.0,0,0,40.4,1,1,13086,1,11328,19902,23018,8526,15070,20945,15070,12024,5070,13358,1159,9341,3100,18357,13308,8931,127,5194,3582,9999,20750,12240,2702,2246,150,6518,1,25:49
2024-25,1630568,Luka Garza,Luka,1610612750,MIN,Minnesota Timberwolves,0022400747,2025-02-08T00:00:00,MIN vs. POR,W,7.55,0.0,19.1,0.0,0.0,14.3,0.0,0.0,0.0,0.0,14.3,4.8,19.1,9.5,4.8,0.0,0.0,4.8,4.8,0.0,0.0,-19.1,32.4,0,0,28.6,1,1,13086,1,22976,22635,3691,22635,15070,848,15070,13505,14344,13505,152,11516,685,1685,2629,12854,8263,419,5135,17725,23200,21259,12998,2246,150,14978,1,7:33
2024-25,1631110,Jeremy Sochan,Jeremy,1610612759,SAS,San Antonio Spurs,0022400743,2025-02-08T00:00:00,SAS @ ORL,L,18.5,5.8,9.7,0.6,1.9,3.9,0.5,0.0,0.0,0.0,3.9,0.0,3.9,5.8,3.9,0.0,3.9,0.0,7.8,0.0,13.6,15.6,34.8,0,0,33.1,1,13222,1,13222,17195,11992,17510,5394,10427,15813,3944,13505,14344,13505,3736,22137,17588,5776,4102,12854,976,8846,1467,17725,14361,5400,11174,2246,150,11594,1,18:30
2024-25,1642258,Zaccharie Risacher,Zaccharie,1610612737,ATL,Atlanta Hawks,0022400744,2025-02-08T00:00:00,ATL @ WAS,W,23.9,12.1,18.1,0.667,3.0,4.5,0.667,0.0,0.0,0.0,0.0,1.5,1.5,1.5,0.0,0.0,0.0,0.0,1.5,0.0,27.1,1.5,31.2,0,0,33.1,1,1,13086,1,12991,1494,4584,3281,6459,14383,1957,13505,14344,13505,14058,20864,22562,17953,16469,12854,8263,8846,17187,17725,3155,11865,13917,2246,150,11542,1,23:54
2024-25,1627814,Damion Lee,Damion,1610612756,PHX,Phoenix Suns,0022400749,2025-02-08T00:00:00,PHX vs. DEN,L,16.45,6.6,15.3,0.429,4.4,8.8,0.5,6.6,8.8,0.75,0.0,0.0,0.0,0.0,2.2,0.0,0.0,2.2,2.2,6.6,24.1,4.4,21.9,0,0,28.4,1,13222,1,13222,18625,10021,8071,13735,3271,5174,3944,2350,2015,8186,14058,22137,23286,19908,9554,12854,8263,2674,14145,2015,4753,10440,20210,2246,150,15110,1,16:27
2024-25,1626172,Kevon Looney,Kevon,1610612744,GSW,Golden State Warriors,0022400745,2025-02-08T00:00:00,GSW @ CHI,W,10.783333333333333,3.3,6.7,0.5,0.0,0.0,0.0,0.0,0.0,0.0,10.0,13.4,23.4,3.3,0.0,0.0,0.0,0.0,3.3,0.0,6.7,6.7,39.7,0,0,33.4,1,1,13086,1,21804,18663,21920,8526,15070,20945,15070,13505,14344,13505,403,909,252,11857,16469,12854,8263,8846,9295,17725,20939,9300,7941,2246,150,11335,1,10:47
2024-25,1642271,Kyle Filipowski,Kyle,1610612762,UTA,Utah Jazz,0022400751,2025-02-08T00:00:00,UTA @ LAC,L,28.683333333333334,6.3,8.8,0.714,1.3,2.5,0.5,2.5,3.8,0.667,5.0,5.0,10.0,6.3,2.5,0.0,0.0,0.0,6.3,3.8,16.3,0.0,35.3,0,0,33.9,1,13222,1,13222,8938,10777,19050,2752,13066,18604,3944,9020,8337,9425,2362,10825,5387,5057,8203,12854,8263,8846,2628,6948,11585,12240,10889,2246,150,10932,1,28:41
2024-25,1641718,Keyonte George,Keyonte,1610612762,UTA,Utah Jazz,0022400751,2025-02-08T00:00:00,UTA @ LAC,L,33.11666666666667,7.6,15.2,0.5,2.2,7.6,0.286,5.4,5.4,1.0,0.0,4.3,4.3,4.3,4.3,0.0,0.0,0.0,0.0,6.5,22.8,-42.4,30.2,0,0,33.7,1,13222,1,13222,5055,7488,8217,8526,9339,7156,11433,3491,5268,1,14058,12656,16413,9012,3227,12854,8263,8846,20257,2060,5612,25014,14653,2246,150,11076,1,33:07
2024-25,1642268,Isaiah Collier,Isaiah,1610612762,UTA,Utah Jazz,0022400751,2025-02-08T00:00:00,UTA @ LAC,L,29.45,1.2,6.1,0.2,0.0,2.4,0.0,3.7,4.9,0.75,1.2,4.9,6.1,11.0,2.4,0.0,2.4,0.0,3.7,3.7,6.1,1.2,34.8,0,0,28.1,1,13222,1,13222,8267,22475,22504,21401,15070,18721,15070,6354,6131,8186,11647,11185,12021,1003,8467,12854,2473,8846,8199,7213,21309,11992,11166,2246,150,15348,1,29:27
2024-25,203497,Rudy Gobert,Rudy,1610612750,MIN,Minnesota Timberwolves,0022400747,2025-02-08T00:00:00,MIN vs. POR,W,36.68333333333333,3.9,5.9,0.667,0.0,0.0,0.0,6.9,9.8,0.7,2.9,7.9,10.8,1.0,1.0,0.0,1.0,1.0,2.0,6.9,14.7,19.6,31.1,1,0,28.5,1,1,13086,1,2212,17261,22718,3281,15070,20945,15070,2102,1448,9366,5469,4944,4606,19727,15963,12854,7606,8080,15345,1764,13178,4062,13985,1,150,15103,1,36:41
2024-25,1629637,Jaxson Hayes,Jaxson,1610612747,LAL,Los Angeles Lakers,0022400742,2025-02-08T00:00:00,LAL vs. IND,W,29.19,4.9,4.9,1.0,0.0,0.0,0.0,1.2,2.5,0.5,3.7,11.1,14.8,2.5,0.0,0.0,2.5,0.0,2.5,3.7,11.1,3.7,40.0,0,0,33.3,1,1,13086,1,8517,14597,23505,1,15070,20945,15070,12493,11296,10625,4036,1855,1870,14661,16469,12854,2439,8846,12923,7131,17087,10808,7790,2246,150,11401,1,29:11
2024-25,1630224,Jalen Green,Jalen,1610612745,HOU,Houston Rockets,0022400741,2025-02-08T00:00:00,HOU @ DAL,L,41.18333333333333,8.7,18.4,0.476,2.6,6.1,0.429,0.9,1.7,0.5,0.9,1.7,2.6,5.2,1.7,0.9,0.0,2.6,1.7,0.9,21.0,-7.9,32.9,0,0,33.2,1,13222,1,13222,341,5203,4324,12010,7759,10388,7394,13471,13252,10625,13966,20356,20600,6954,11751,12748,8263,1849,16378,17692,7097,16910,12678,2246,150,11482,1,41:11
2024-25,202685,Jonas Valančiūnas,Jonas,1610612758,SAC,Sacramento Kings,0022400750,2025-02-08T00:00:00,SAC vs. NOP,W,13.713333333333333,2.6,5.3,0.5,0.0,0.0,0.0,10.5,10.5,1.0,2.6,10.5,13.1,2.6,2.6,0.0,2.6,0.0,10.5,5.3,15.8,47.3,40.7,0,0,36.8,1,1,13086,1,20359,20234,23290,8526,15070,20945,15070,564,1187,1,6286,2229,2725,14137,7786,12854,2187,8846,608,3697,12175,630,7334,2246,150,8876,1,13:43
2024-25,1627750,Jamal Murray,Jamal,1610612743,DEN,Denver Nuggets,0022400749,2025-02-08T00:00:00,DEN @ PHX,W,37.9,11.4,21.8,0.522,5.7,8.5,0.667,0.0,0.0,0.0,0.9,1.9,2.8,4.7,1.9,1.9,0.9,0.9,0.9,0.9,28.5,17.1,45.7,0,0,47.5,1,1,13086,1,1442,1937,1885,8473,1559,5498,1957,13505,14344,13505,13651,19972,20115,8054,11041,6764,7831,8343,19971,17544,2597,4868,4861,2246,150,3306,1,37:54
2024-25,1629618,Jalen Pickett,Jalen,1610612743,DEN,Denver Nuggets,0022400749,2025-02-08T00:00:00,DEN @ PHX,W,17.216666666666665,4.2,12.5,0.333,4.2,6.3,0.667,0.0,0.0,0.0,0.0,2.1,2.1,2.1,0.0,0.0,2.1,0.0,0.0,0.0,12.5,20.9,24.5,0,0,25.1,1,1,13086,1,18123,16640,12664,17395,3601,10036,1957,13505,14344,13505,14058,19382,21628,16031,16469,12854,3230,8846,20257,17725,15548,3721,18642,2246,150,17610,1,17:13
2024-25,1628371,Jonathan Isaac,Jonathan,1610612753,ORL,Orlando Magic,0022400743,2025-02-08T00:00:00,ORL vs. SAS,W,18.456666666666667,11.7,13.7,0.857,3.9,5.9,0.667,0.0,0.0,0.0,5.9,9.8,15.6,0.0,0.0,0.0,0.0,0.0,0.0,0.0,27.3,29.3,46.0,0,0,46.8,1,1,13086,1,17244,1721,10727,1412,4193,11071,1957,13505,14344,13505,1708,2768,1549,19908,16469,12854,8263,8846,20257,17725,3062,2072,4738,2246,150,3547,1,18:27
2024-25,1641824,Matas Buzelis,Matas,1610612741,CHI,Chicago Bulls,0022400745,2025-02-08T00:00:00,CHI vs. GSW,L,29.133333333333333,7.4,12.4,0.6,1.2,3.7,0.333,3.7,4.9,0.75,0.0,4.9,4.9,6.2,3.7,1.2,1.2,1.2,3.7,4.9,19.8,-22.2,38.7,0,0,37.1,1,13222,1,13222,8558,7978,12967,5394,13171,16199,9209,6278,6037,8186,14058,11043,14943,5198,4544,9903,5965,6018,8053,4216,8101,22142,8610,2246,150,8679,1,29:08
2024-25,1631124,Julian Strawther,Julian,1610612743,DEN,Denver Nuggets,0022400749,2025-02-08T00:00:00,DEN @ PHX,W,38.733333333333334,5.6,13.9,0.4,3.7,9.3,0.4,1.9,1.9,1.0,0.9,4.6,5.6,0.0,1.9,0.9,0.0,0.0,1.9,2.8,16.7,8.4,24.4,0,0,27.9,1,1,13086,1,993,12765,10260,14933,4654,4384,7874,11100,13098,1,13776,11862,13338,19908,11279,12512,8263,8846,15895,10003,11137,8453,18715,2246,150,15515,1,38:44
2024-25,1631119,Jaylin Williams,Jaylin,1610612760,OKC,Oklahoma City Thunder,0022400746,2025-02-08T00:00:00,OKC @ MEM,W,14.003333333333334,5.1,12.9,0.4,2.6,7.7,0.333,0.0,0.0,0.0,7.7,12.9,20.6,7.7,2.6,2.6,0.0,0.0,5.1,0.0,12.9,30.8,54.2,0,0,48.8,1,1,13086,1,20195,13978,12128,14933,7916,6983,9209,13505,14344,13505,876,1063,460,3176,7984,4203,8263,8846,4297,17725,15241,1854,2151,2246,150,2873,1,14:00
2024-25,1630548,Johnny Juzang,Johnny,1610612762,UTA,Utah Jazz,0022400751,2025-02-08T00:00:00,UTA @ LAC,L,25.2,10.0,15.7,0.636,5.7,8.6,0.667,1.4,2.9,0.5,2.9,2.9,5.7,1.4,1.4,4.3,0.0,1.4,5.7,1.4,27.1,-8.6,47.6,0,0,48.6,1,13222,1,13222,11832,3221,7523,4689,1549,5458,1957,11958,10335,10625,5709,17212,12975,18236,13117,1383,8263,5064,3362,15328,3140,17213,4116,2246,150,2966,1,25:12
2024-25,1627734,Domantas Sabonis,Domantas,1610612758,SAC,Sacramento Kings,0022400750,2025-02-08T00:00:00,SAC vs. NOP,W,34.28666666666667,10.5,18.9,0.556,1.0,3.1,0.333,6.3,10.5,0.6,4.2,12.6,16.8,2.1,2.1,0.0,0.0,3.1,6.3,7.3,28.3,-13.6,49.6,1,0,48.3,1,1,13086,1,4021,2716,3846,7248,14256,17367,9209,2594,1189,10343,3302,1126,1173,16003,10002,12854,8263,1198,2604,1417,2654,19366,3396,1,150,3047,1,34:17
2024-25,1630581,Josh Giddey,Josh,1610612741,CHI,Chicago Bulls,0022400745,2025-02-08T00:00:00,CHI vs. GSW,L,30.633333333333333,3.5,12.9,0.273,2.4,7.1,0.333,3.5,4.7,0.75,2.4,4.7,7.1,4.7,1.2,1.2,3.5,1.2,2.4,3.5,12.9,-25.9,41.4,0,0,36.4,1,13222,1,13222,7181,18265,11983,20048,8664,8356,9209,6655,6477,8186,7090,11698,10055,8185,14622,10391,1209,6441,13435,7595,15169,22994,6953,2246,150,9080,1,30:38
2024-25,1642265,Rob Dillingham,Rob,1610612750,MIN,Minnesota Timberwolves,0022400747,2025-02-08T00:00:00,MIN vs. POR,W,23.616666666666667,6.1,18.3,0.333,0.0,6.1,0.0,0.0,0.0,0.0,0.0,0.0,0.0,9.1,3.0,1.5,0.0,1.5,1.5,1.5,12.2,12.2,27.4,0,0,24.4,1,1,13086,1,13215,11231,4381,17395,15070,10445,15070,13505,14344,13505,14058,22137,23286,1900,6289,8298,8263,4678,17131,14900,15925,6716,16632,2246,150,18086,1,23:37
2024-25,1641713,GG Jackson,GG,1610612763,MEM,Memphis Grizzlies,0022400746,2025-02-08T00:00:00,MEM vs. OKC,L,20.183333333333334,5.4,12.5,0.429,3.6,7.1,0.5,5.4,10.7,0.5,0.0,1.8,1.8,0.0,3.6,0.0,0.0,0.0,0.0,5.4,19.6,-21.4,18.2,0,0,25.0,1,13222,1,13222,15876,13404,12745,13735,4990,8177,3944,3587,1111,10625,14058,20289,22182,19908,4854,12854,8263,8846,20257,3553,8241,21939,22007,2246,150,17706,1,20:11
2024-25,202681,Kyrie Irving,Kyrie,1610612742,DAL,Dallas Mavericks,0022400741,2025-02-08T00:00:00,DAL vs. HOU,W,41.61,3.5,13.0,0.267,0.0,3.5,0.0,4.3,5.2,0.833,1.7,0.0,1.7,5.2,0.9,1.7,1.7,0.0,0.9,3.5,11.2,5.2,30.6,0,0,25.1,1,1,13086,1,291,18403,11901,20170,15070,16733,15070,5109,5626,7275,9475,22137,22261,7052,16405,7513,4224,8846,20204,7776,16955,10012,14326,2246,150,17612,1,41:37
2024-25,1627777,Georges Niang,Georges,1610612737,ATL,Atlanta Hawks,0022400744,2025-02-08T00:00:00,ATL @ WAS,W,26.183333333333334,8.2,13.7,0.6,5.5,9.6,0.571,0.0,0.0,0.0,2.7,5.5,8.2,4.1,1.4,4.1,0.0,0.0,0.0,0.0,22.0,24.7,49.1,0,0,48.1,1,1,13086,1,11021,6085,10572,5394,1734,3947,3506,13505,14344,13505,5976,9534,7854,9594,13430,1520,8263,8846,20257,17725,6216,2871,3595,2246,150,3105,1,26:11
2024-25,1627763,Malcolm Brogdon,Malcolm,1610612764,WAS,Washington Wizards,0022400744,2025-02-08T00:00:00,WAS vs. ATL,L,22.75,0.0,9.5,0.0,0.0,6.3,0.0,11.1,11.1,1.0,0.0,4.7,4.7,6.3,3.2,1.6,0.0,1.6,0.0,6.3,11.1,-17.4,27.9,0,0,25.3,1,13222,1,13222,13906,22635,17958,22635,15070,9921,15070,471,999,1,14058,11577,15448,4979,5927,8054,8263,4478,20257,2258,17116,20746,16334,2246,150,17417,1,22:45
2024-25,1631108,Max Christie,Max,1610612742,DAL,Dallas Mavericks,0022400741,2025-02-08T00:00:00,DAL vs. HOU,W,32.516666666666666,5.5,11.1,0.5,4.4,5.5,0.8,10.0,11.1,0.9,0.0,2.2,2.2,2.2,1.1,0.0,1.1,3.3,3.3,5.5,25.5,-8.9,33.7,0,0,36.5,1,1,13086,1,5539,12894,15249,8526,3190,11879,1389,704,1003,6805,14058,19032,21384,15578,15088,12854,6745,1051,9381,3291,3959,17357,12071,2246,150,9025,1,32:31
2024-25,1630168,Onyeka Okongwu,Onyeka,1610612737,ATL,Atlanta Hawks,0022400744,2025-02-08T00:00:00,ATL @ WAS,W,26.3,2.7,8.2,0.333,0.0,2.7,0.0,2.7,2.7,1.0,0.0,6.8,6.8,4.1,2.7,1.4,1.4,0.0,5.5,2.7,8.2,20.5,28.1,0,0,24.6,1,1,13086,1,10902,20004,19923,17395,15070,18187,15070,8490,10647,1,14058,6627,10440,9650,7418,9085,5370,8846,3740,10200,19739,3805,16176,2246,150,17928,1,26:18
2024-25,1630174,Aaron Nesmith,Aaron,1610612754,IND,Indiana Pacers,0022400742,2025-02-08T00:00:00,IND @ LAL,L,21.346666666666668,5.1,15.2,0.333,0.0,10.1,0.0,0.0,0.0,0.0,1.7,6.7,8.4,3.4,1.7,1.7,0.0,0.0,3.4,0.0,10.1,11.8,28.7,0,0,25.3,1,13222,1,13222,15040,14208,8295,17395,15070,3357,15070,13505,14344,13505,9624,6803,7576,11763,11975,7661,8263,8846,9177,17725,18032,6879,15746,2246,150,17438,1,21:21
2024-25,1629634,Brandon Clarke,Brandon,1610612763,MEM,Memphis Grizzlies,0022400746,2025-02-08T00:00:00,MEM vs. OKC,L,21.778333333333332,1.7,5.0,0.333,0.0,0.0,0.0,5.0,6.6,0.75,5.0,6.6,11.6,1.7,1.7,0.0,1.7,1.7,1.7,3.3,8.3,-38.0,27.9,0,0,24.8,1,13222,1,13222,14695,21963,23496,17395,15070,20945,15070,4109,3753,8186,2417,7075,3876,17494,12125,12854,4408,4281,16696,8236,19684,24699,16272,2246,150,17831,1,21:47
2024-25,1629638,Nickeil Alexander-Walker,Nickeil,1610612750,MIN,Minnesota Timberwolves,0022400747,2025-02-08T00:00:00,MIN vs. POR,W,37.78333333333333,6.7,12.4,0.538,3.8,7.6,0.5,2.9,2.9,1.0,0.0,4.8,4.8,5.7,1.9,1.0,1.0,1.0,1.9,2.9,20.0,21.0,38.1,0,0,38.1,1,1,13086,1,1518,9764,12920,7978,4405,7132,3944,8191,10333,1,14058,11533,15392,6014,11011,12329,7801,8316,15643,9733,7912,3707,8952,2246,150,7953,1,37:47
2024-25,1641775,Jordan Walsh,Jordan,1610612738,BOS,Boston Celtics,0022400748,2025-02-08T00:00:00,BOS @ NYK,W,4.516666666666667,0.0,0.0,0.0,0.0,0.0,0.0,15.9,15.9,1.0,0.0,0.0,0.0,0.0,0.0,0.0,0.0,0.0,8.0,8.0,15.9,0.0,15.9,0,0,15.9,1,1,13086,1,24226,22635,24836,22635,15070,20945,15070,142,284,1,14058,22137,23286,19908,16469,12854,8263,8846,1375,1034,11976,12240,22879,2246,150,22725,1,4:31
2024-25,1630208,Nick Richards,Nick,1610612756,PHX,Phoenix Suns,0022400749,2025-02-08T00:00:00,PHX vs. DEN,L,21.783333333333335,1.7,6.6,0.25,0.0,0.0,0.0,5.0,6.6,0.75,6.6,8.3,14.9,0.0,0.0,0.0,1.7,0.0,5.0,3.3,8.3,-23.1,31.1,0,0,26.4,1,13222,1,13222,14685,21964,22002,20233,15070,20945,15070,4113,3756,8186,1321,4331,1832,19908,16469,12854,4410,8846,4709,8237,19686,22360,14005,2246,150,16586,1,21:47
2024-25,1629057,Robert Williams III,Robert,1610612757,POR,Portland Trail Blazers,0022400747,2025-02-08T00:00:00,POR @ MIN,L,7.9,13.7,22.8,0.6,0.0,0.0,0.0,0.0,0.0,0.0,4.6,13.7,18.2,0.0,0.0,0.0,0.0,0.0,4.6,0.0,27.3,72.9,49.2,0,0,45.6,1,13222,1,13222,22839,796,1457,5394,15070,20945,15070,13505,14344,13505,2862,828,842,19908,16469,12854,8263,8846,5653,17725,3038,217,3534,2246,150,3995,1,7:54
2024-25,201935,James Harden,James,1610612746,LAC,LA Clippers,0022400751,2025-02-08T00:00:00,LAC vs. UTA,W,37.93,6.6,17.1,0.389,1.9,7.6,0.25,6.6,7.6,0.875,0.0,1.9,1.9,16.1,4.7,1.9,0.0,2.8,0.9,5.7,21.8,28.5,49.3,1,0,45.6,1,1,13086,1,1427,9837,5711,16009,10642,7195,11902,2288,2821,6931,14058,19978,22004,205,2667,6774,8263,1536,19974,3041,6352,2187,3520,1,150,4003,1,37:56
2024-25,201942,DeMar DeRozan,DeMar,1610612758,SAC,Sacramento Kings,0022400750,2025-02-08T00:00:00,SAC vs. NOP,W,31.861666666666668,4.5,13.6,0.333,0.0,3.4,0.0,3.4,4.5,0.75,1.1,5.6,6.8,4.5,3.4,0.0,1.1,1.1,0.0,3.4,12.4,-7.9,27.3,0,0,26.0,1,1,13086,1,6098,15714,10903,17395,15070,16884,15070,6925,6805,8186,12263,9173,10578,8603,5256,12854,6611,6794,20257,7985,15678,16935,16707,2246,150,16944,1,31:52
2024-25,1630530,Trey Murphy III,Trey,1610612740,NOP,New Orleans Pelicans,0022400750,2025-02-08T00:00:00,NOP @ SAC,L,38.36666666666667,6.6,16.9,0.389,2.8,7.5,0.375,2.8,3.8,0.75,0.0,5.6,5.6,6.6,2.8,1.9,0.0,1.9,2.8,3.8,18.8,-6.6,38.2,0,0,37.5,1,13222,1,13222,1178,10018,5925,16009,7173,7380,8800,8314,8363,8186,14058,9227,13210,4612,7165,6877,8263,3638,11574,6978,9063,16321,8898,2246,150,8338,1,38:22
2024-25,1627780,Gary Payton II,Gary,1610612744,GSW,Golden State Warriors,0022400745,2025-02-08T00:00:00,GSW @ CHI,W,9.258333333333333,3.9,11.7,0.333,0.0,3.9,0.0,0.0,0.0,0.0,0.0,7.8,7.8,0.0,3.9,0.0,0.0,0.0,3.9,0.0,7.8,-31.1,13.2,0,0,15.6,1,1,13086,1,22364,17355,14189,17395,15070,15823,15070,13505,14344,13505,14058,5037,8663,19908,4107,12854,8263,8846,7480,17725,20100,23908,23716,2246,150,22865,1,9:16
2024-25,1626157,Karl-Anthony Towns,Karl-Anthony,1610612752,NYK,New York Knicks,0022400748,2025-02-08T00:00:00,NYK vs. BOS,L,27.696666666666665,3.9,10.4,0.375,2.6,2.6,1.0,1.3,2.6,0.5,1.3,10.4,11.7,1.3,2.6,1.3,1.3,1.3,5.2,2.6,11.7,-33.8,32.9,0,0,32.5,1,13222,1,13222,9799,17322,16390,16299,7826,18454,1,12301,10971,10625,11198,2289,3756,18657,7884,9453,5647,5654,4197,10646,16456,24277,12665,2246,150,11995,1,27:42
2024-25,1630700,Dyson Daniels,Dyson,1610612737,ATL,Atlanta Hawks,0022400744,2025-02-08T00:00:00,ATL @ WAS,W,35.3,4.1,13.3,0.308,0.0,0.0,0.0,3.1,4.1,0.75,4.1,5.1,9.2,4.1,0.0,1.0,3.1,1.0,1.0,3.1,11.2,3.1,40.6,0,0,32.6,1,1,13086,1,3234,16895,11378,19226,15070,20945,15070,7647,7670,8186,3480,10574,6471,9706,16469,11762,1619,7736,19578,9034,16981,11081,7401,2246,150,11917,1,35:18
2024-25,1631255,Karlo Matković,Karlo,1610612740,NOP,New Orleans Pelicans,0022400750,2025-02-08T00:00:00,NOP @ SAC,L,16.5,6.5,6.5,1.0,0.0,0.0,0.0,0.0,0.0,0.0,4.4,0.0,4.4,0.0,2.2,2.2,2.2,0.0,4.4,0.0,13.1,-48.0,29.2,0,0,26.2,1,13222,1,13222,18600,10075,22057,1,15070,20945,15070,13505,14344,13505,3089,22137,16376,19908,9588,5472,2988,8846,6115,17725,14990,25312,15336,2246,150,16805,1,16:30
2024-25,1630574,Ariel Hukporti,Ariel,1610612752,NYK,New York Knicks,0022400748,2025-02-08T00:00:00,NYK vs. BOS,L,8.253333333333334,0.0,8.7,0.0,0.0,0.0,0.0,0.0,0.0,0.0,8.7,8.7,17.4,0.0,8.7,0.0,0.0,0.0,8.7,0.0,0.0,17.4,12.2,0,0,17.4,1,13222,1,13222,22720,22635,19146,22635,15070,20945,15070,13505,14344,13505,608,3808,1024,19908,467,12854,8263,8846,1060,17725,23200,4756,23964,2246,150,22100,1,8:15
2024-25,203897,Zach LaVine,Zach,1610612758,SAC,Sacramento Kings,0022400750,2025-02-08T00:00:00,SAC vs. NOP,W,37.31666666666667,6.8,13.5,0.5,1.0,6.8,0.143,6.8,6.8,1.0,0.0,3.9,3.9,4.8,2.9,1.0,0.0,1.0,1.9,3.9,21.2,6.8,33.1,0,0,32.8,1,1,13086,1,1783,9557,10996,8526,14728,9013,14649,2195,3607,1,14058,14156,17688,7851,6870,12243,8263,8229,15524,6681,6906,9263,12524,2246,150,11808,1,37:19
2024-25,1630170,Devin Vassell,Devin,1610612759,SAS,San Antonio Spurs,0022400743,2025-02-08T00:00:00,SAS @ ORL,L,33.666666666666664,11.8,15.0,0.786,3.2,4.3,0.75,0.0,0.0,0.0,0.0,2.1,2.1,3.2,0.0,1.1,0.0,0.0,1.1,2.1,26.7,-3.2,37.3,0,0,37.4,1,13222,1,13222,4576,1687,8654,1975,5932,14967,1542,13505,14344,13505,14058,19242,21537,12274,16469,11286,8263,8846,19277,12443,3332,14675,9459,2246,150,8411,1,33:40
2024-25,204456,T.J. McConnell,T.J.,1610612754,IND,Indiana Pacers,0022400742,2025-02-08T00:00:00,IND @ LAL,L,13.086666666666666,8.3,16.5,0.5,0.0,2.8,0.0,16.5,16.5,1.0,0.0,2.8,2.8,2.8,2.8,0.0,0.0,0.0,0.0,8.3,33.0,0.0,37.7,0,0,38.5,1,13222,1,13222,20705,6079,6416,8526,15070,18159,15070,129,242,1,14058,17558,20355,13749,7374,12854,8263,8846,20257,908,1318,12240,9232,2246,150,7700,1,13:05
2024-25,1631200,Kris Murray,Kris,1610612757,POR,Portland Trail Blazers,0022400747,2025-02-08T00:00:00,POR @ MIN,L,12.333333333333334,8.8,11.7,0.75,2.9,5.8,0.5,5.8,11.7,0.5,2.9,5.8,8.8,0.0,0.0,0.0,0.0,0.0,2.9,5.8,26.3,43.8,36.8,0,0,37.9,1,13222,1,13222,21084,5163,14159,2107,6798,11108,3944,3039,843,10625,5540,8697,7092,19908,16469,12854,8263,8846,11095,2834,3547,750,9855,2246,150,8064,1,12:20
2024-25,1628392,Isaiah Hartenstein,Isaiah,1610612760,OKC,Oklahoma City Thunder,0022400746,2025-02-08T00:00:00,OKC @ MEM,W,32.461666666666666,5.5,10.0,0.556,0.0,0.0,0.0,2.2,2.2,1.0,6.7,8.9,15.5,4.4,1.1,0.0,2.2,0.0,5.5,1.1,13.3,5.5,44.1,1,0,37.7,1,1,13086,1,5592,12872,17088,7248,15070,20945,15070,9882,12031,1,1302,3638,1571,8798,15071,12854,2910,8846,3636,16871,14745,9821,5606,1,150,8218,1,32:28
2024-25,1630230,Naji Marshall,Naji,1610612742,DAL,Dallas Mavericks,0022400741,2025-02-08T00:00:00,DAL vs. HOU,W,25.0,10.1,14.4,0.7,2.9,4.3,0.667,0.0,0.0,0.0,0.0,5.8,5.8,0.0,0.0,1.4,1.4,0.0,2.9,1.4,23.0,5.8,38.6,0,0,37.4,1,1,13086,1,12008,3136,9521,3045,6939,14859,1957,13505,14344,13505,14058,8882,12868,19908,16469,8699,5075,8846,11276,15277,5457,9727,8649,2246,150,8402,1,25:00
2024-25,1631128,Christian Braun,Christian,1610612743,DEN,Denver Nuggets,0022400749,2025-02-08T00:00:00,DEN @ PHX,W,37.8,5.7,12.4,0.462,1.0,4.8,0.2,4.8,5.7,0.833,2.9,3.8,6.7,5.7,0.0,0.0,1.0,1.0,1.0,2.9,17.1,18.1,36.6,0,0,32.4,1,1,13086,1,1509,12371,12928,12428,14782,13804,13429,4412,4872,7275,5709,14287,10798,6017,16469,12854,7805,8319,19954,9737,10683,4530,9987,2246,150,12080,1,37:48
2024-25,1629026,Kenrich Williams,Kenrich,1610612760,OKC,Oklahoma City Thunder,0022400746,2025-02-08T00:00:00,OKC @ MEM,W,22.85,3.2,9.5,0.333,3.2,6.3,0.5,0.0,0.0,0.0,4.7,7.9,12.6,6.3,0.0,3.2,0.0,1.6,3.2,0.0,9.5,4.7,43.5,0,0,37.8,1,1,13086,1,13831,19100,18036,17395,6093,9977,3944,13505,14344,13505,2642,4898,3062,5014,16469,2831,8263,4505,10078,17725,18685,10266,5891,2246,150,8163,1,22:51
2024-25,203914,Gary Harris,Gary,1610612753,ORL,Orlando Magic,0022400743,2025-02-08T00:00:00,ORL vs. SAS,W,16.533333333333335,0.0,2.2,0.0,0.0,2.2,0.0,0.0,0.0,0.0,0.0,2.2,2.2,0.0,0.0,0.0,0.0,0.0,2.2,0.0,0.0,-30.5,2.6,0,0,2.2,1,1,13086,1,18580,22635,24728,22635,15070,19208,15070,13505,14344,13505,14058,19134,21457,19908,16469,12854,8263,8846,14205,17725,23200,23813,25142,2246,150,25251,1,16:32
2024-25,1627739,Kris Dunn,Kris,1610612746,LAC,LA Clippers,0022400751,2025-02-08T00:00:00,LAC vs. UTA,W,21.55,1.7,1.7,1.0,1.7,1.7,1.0,0.0,0.0,0.0,1.7,5.0,6.7,3.3,0.0,3.3,0.0,0.0,3.3,0.0,5.0,20.0,28.1,0,0,23.4,1,1,13086,1,14889,21932,24805,1,11481,20079,1,13505,14344,13505,9673,10852,10769,11850,16469,2482,8263,8846,9285,17725,22001,3935,16170,2246,150,18744,1,21:33
2024-25,1630577,Julian Champagnie,Julian,1610612759,SAS,San Antonio Spurs,0022400743,2025-02-08T00:00:00,SAS @ ORL,L,12.6,0.0,2.9,0.0,0.0,2.9,0.0,0.0,0.0,0.0,0.0,2.9,2.9,0.0,2.9,2.9,0.0,0.0,2.9,0.0,0.0,20.0,9.1,0,0,8.6,1,13222,1,13222,20943,22635,24538,22635,15070,17945,15070,13505,14344,13505,14058,17212,20100,19908,7002,3527,8263,8846,11375,17725,23200,3947,24548,2246,150,24666,1,12:36
2024-25,1628975,Jevon Carter,Jevon,1610612741,CHI,Chicago Bulls,0022400745,2025-02-08T00:00:00,CHI vs. GSW,L,3.8833333333333333,0.0,27.8,0.0,0.0,27.8,0.0,0.0,0.0,0.0,0.0,9.3,9.3,9.3,0.0,0.0,0.0,9.3,0.0,0.0,0.0,37.1,25.0,0,0,18.5,1,13222,1,13222,24546,22635,412,22635,15070,87,15070,13505,14344,13505,14058,3231,6352,1821,16469,12854,8263,80,20257,17725,23200,1195,18270,2246,150,21606,1,3:53
2024-25,1641740,Jaylen Clark,Jaylen,1610612750,MIN,Minnesota Timberwolves,0022400747,2025-02-08T00:00:00,MIN vs. POR,W,32.38333333333333,4.4,6.7,0.667,1.1,1.1,1.0,2.2,4.4,0.5,0.0,3.3,3.3,0.0,1.1,3.3,0.0,0.0,0.0,3.3,12.2,11.1,25.1,0,0,23.3,1,1,13086,1,5657,15936,21927,3281,13882,20732,1,9858,6941,10625,14058,15680,18903,19908,15053,2492,8263,8846,20257,8137,15895,7183,18201,2246,150,18776,1,32:23
2024-25,201988,Patty Mills,Patty,1610612746,LAC,LA Clippers,0022400751,2025-02-08T00:00:00,LAC vs. UTA,W,2.0,0.0,0.0,0.0,0.0,0.0,0.0,0.0,0.0,0.0,0.0,0.0,0.0,18.0,0.0,0.0,0.0,0.0,18.0,0.0,0.0,54.0,27.0,0,0,18.0,1,1,13086,1,25452,22635,24836,22635,15070,20945,15070,13505,14344,13505,14058,22137,23286,137,16469,12854,8263,8846,152,17725,23200,450,16937,2246,150,21859,1,2:00
2024-25,101108,Chris Paul,Chris,1610612759,SAS,San Antonio Spurs,0022400743,2025-02-08T00:00:00,SAS @ ORL,L,26.795,4.0,8.1,0.5,0.0,4.0,0.0,0.0,0.0,0.0,0.0,2.7,2.7,6.7,1.3,0.0,0.0,0.0,0.0,1.3,8.1,2.7,20.0,0,0,17.5,1,13222,1,13222,10500,17019,20160,8526,15070,15513,15070,13505,14344,13505,14058,17737,20481,4405,13603,12854,8263,8846,20257,15710,19870,11272,21155,2246,150,22095,1,26:48
2024-25,1629048,Goga Bitadze,Goga,1610612753,ORL,Orlando Magic,0022400743,2025-02-08T00:00:00,ORL vs. SAS,W,26.35,1.4,2.7,0.5,0.0,0.0,0.0,0.0,2.7,0.0,4.1,8.2,12.3,0.0,1.4,1.4,0.0,1.4,2.7,1.4,2.7,-15.0,20.2,0,0,17.8,1,1,13086,1,10858,22327,24572,8526,15070,20945,15070,13505,10658,13505,3451,4424,3271,19908,13477,9103,8263,5326,11906,15594,23015,19915,21052,2246,150,21962,1,26:21
2024-25,1630573,Sam Hauser,Sam,1610612738,BOS,Boston Celtics,0022400748,2025-02-08T00:00:00,BOS @ NYK,W,17.656666666666666,4.1,8.2,0.5,2.0,6.1,0.333,0.0,0.0,0.0,0.0,6.1,6.1,0.0,0.0,0.0,0.0,0.0,6.1,0.0,10.2,26.5,17.5,0,0,18.4,1,1,13086,1,17815,16903,20011,8526,9970,10403,9209,13505,14344,13505,14058,8062,12011,19908,16469,12854,8263,8846,2805,17725,17960,2518,22286,2246,150,21688,1,17:39
2024-25,1641810,Antonio Reeves,Antonio,1610612740,NOP,New Orleans Pelicans,0022400750,2025-02-08T00:00:00,NOP @ SAC,L,14.166666666666666,2.5,7.6,0.333,2.5,7.6,0.333,0.0,0.0,0.0,0.0,2.5,2.5,5.1,0.0,0.0,0.0,0.0,2.5,0.0,7.6,35.6,18.3,0,0,17.8,1,13222,1,13222,20100,20391,20753,17395,8009,7130,9209,13505,14344,13505,14058,18079,20723,7281,16469,12854,8263,8846,12632,17725,20222,1335,21970,2246,150,21955,1,14:10
2024-25,202696,Nikola Vučević,Nikola,1610612741,CHI,Chicago Bulls,0022400745,2025-02-08T00:00:00,CHI vs. GSW,L,28.883333333333333,5.0,13.7,0.364,0.0,2.5,0.0,2.5,2.5,1.0,1.2,3.7,5.0,1.2,2.5,2.5,0.0,1.2,5.0,1.2,12.5,-33.7,25.3,0,0,23.7,1,13222,1,13222,8775,14427,10639,16861,15070,18636,15070,9067,11226,1,11498,14499,14827,18856,8272,4400,8263,5950,4635,16145,15634,24251,18071,2246,150,18553,1,28:53
2024-25,203915,Spencer Dinwiddie,Spencer,1610612742,DAL,Dallas Mavericks,0022400741,2025-02-08T00:00:00,DAL vs. HOU,W,23.87,4.5,7.5,0.6,4.5,4.5,1.0,1.5,3.0,0.5,0.0,0.0,0.0,1.5,1.5,0.0,1.5,0.0,3.0,1.5,15.1,16.6,20.4,0,0,24.1,1,1,13086,1,13015,15699,20873,5394,3026,14372,1,11781,9935,10625,14058,22137,23286,17948,12714,12854,4816,8846,10641,14976,12824,5044,20998,2246,150,18244,1,23:52
2024-25,1628415,Dillon Brooks,Dillon,1610612745,HOU,Houston Rockets,0022400741,2025-02-08T00:00:00,HOU @ DAL,L,36.72833333333333,2.9,8.8,0.333,2.0,4.9,0.4,1.0,2.0,0.5,1.0,2.0,2.9,2.9,0.0,0.0,1.0,2.0,4.9,1.0,8.8,-8.8,19.7,0,0,18.6,1,13222,1,13222,2178,19557,18985,17395,10346,13439,7874,13295,12837,10625,13425,19792,19886,13129,16469,12854,7617,3356,4834,17454,19251,17339,21311,2246,150,21565,1,36:44
2024-25,1626220,Royce O'Neale,Royce,1610612756,PHX,Phoenix Suns,0022400749,2025-02-08T00:00:00,PHX vs. DEN,L,30.466666666666665,3.5,10.6,0.333,3.5,9.5,0.375,0.0,0.0,0.0,1.2,1.2,2.4,2.4,0.0,0.0,0.0,0.0,2.4,0.0,10.6,-23.6,17.0,0,0,18.9,1,13222,1,13222,7345,18215,15993,17395,5043,4175,8800,13505,14344,13505,11922,21562,21072,15009,16469,12854,8263,8846,13379,17725,17526,22482,22477,2246,150,21427,1,30:28
2024-25,1630311,Pat Spencer,Pat,1610612744,GSW,Golden State Warriors,0022400745,2025-02-08T00:00:00,GSW @ CHI,W,3.8833333333333333,0.0,9.3,0.0,0.0,0.0,0.0,0.0,0.0,0.0,0.0,0.0,0.0,9.3,0.0,0.0,0.0,0.0,0.0,0.0,0.0,-37.1,13.9,0,0,9.3,1,1,13086,1,24546,22635,18302,22635,15070,20945,15070,13505,14344,13505,14058,22137,23286,1821,16469,12854,8263,8846,20257,17725,23200,24625,23521,2246,150,24562,1,3:53
2024-25,1630692,Jordan Goodwin,Jordan,1610612747,LAL,Los Angeles Lakers,0022400742,2025-02-08T00:00:00,LAL vs. IND,W,24.8,5.8,10.2,0.571,1.5,2.9,0.5,1.5,1.5,1.0,2.9,2.9,5.8,1.5,2.9,0.0,0.0,0.0,4.4,1.5,14.5,1.5,20.8,0,0,23.2,1,1,13086,1,12175,12093,16802,6538,12246,17861,3944,11904,13537,1,5579,17077,12747,18172,6829,12854,8263,8846,6126,15236,13390,11897,20813,2246,150,18848,1,24:48
2024-25,1626158,Richaun Holmes,Richaun,1610612764,WAS,Washington Wizards,0022400744,2025-02-08T00:00:00,WAS vs. ATL,L,29.54,4.9,7.3,0.667,0.0,0.0,0.0,2.4,2.4,1.0,1.2,8.5,9.7,2.4,1.2,0.0,1.2,1.2,0.0,3.7,12.2,-7.3,30.0,0,0,26.8,1,13222,1,13222,8191,14731,21190,3281,15070,20945,15070,9225,11371,1,11671,4018,5734,14750,14302,12854,6061,6136,20257,7248,15932,16646,14810,2246,150,16312,1,29:32
2024-25,1629028,Deandre Ayton,Deandre,1610612757,POR,Portland Trail Blazers,0022400747,2025-02-08T00:00:00,POR @ MIN,L,32.13333333333333,2.2,6.7,0.333,0.0,0.0,0.0,2.2,4.5,0.5,5.6,10.1,15.7,2.2,4.5,0.0,1.1,0.0,2.2,2.2,6.7,-25.8,27.8,0,0,26.9,1,13222,1,13222,5859,20964,21868,17395,15070,20945,15070,9804,6873,10625,1879,2518,1525,15473,3021,12854,6666,8846,13922,11982,20905,22978,16377,2246,150,16235,1,32:08
2024-25,1628379,Luke Kennard,Luke,1610612763,MEM,Memphis Grizzlies,0022400746,2025-02-08T00:00:00,MEM vs. OKC,L,15.566666666666666,2.3,6.9,0.333,2.3,4.6,0.5,0.0,0.0,0.0,0.0,4.6,4.6,2.3,2.3,2.3,0.0,0.0,4.6,0.0,6.9,-2.3,20.6,0,0,20.8,1,13222,1,13222,19210,20826,21631,17395,8809,14149,3944,13505,14344,13505,14058,11918,15760,15184,9016,4989,8263,8846,5475,17725,20763,14214,20901,2246,150,20396,1,15:34
2024-25,1631106,Tari Eason,Tari,1610612745,HOU,Houston Rockets,0022400741,2025-02-08T00:00:00,HOU @ DAL,L,29.64666666666667,3.6,10.9,0.333,0.0,2.4,0.0,2.4,2.4,1.0,3.6,3.6,7.3,1.2,0.0,1.2,0.0,2.4,3.6,2.4,9.7,-14.6,23.9,0,0,20.6,1,13222,1,13222,8096,17980,15481,17395,15070,18752,15070,9246,11393,1,4135,14811,9598,18970,16469,10060,8263,2159,8283,11233,18434,19738,19005,2246,150,20492,1,29:39
2024-25,1630557,Corey Kispert,Corey,1610612764,WAS,Washington Wizards,0022400744,2025-02-08T00:00:00,WAS vs. ATL,L,34.666666666666664,6.2,13.5,0.462,1.0,7.3,0.143,0.0,0.0,0.0,2.1,5.2,7.3,5.2,1.0,0.0,0.0,0.0,3.1,1.0,13.5,-1.0,29.0,0,0,27.0,1,13222,1,13222,3721,10886,11004,12428,14316,7898,14649,13505,14344,13505,8047,10298,9629,7043,15574,12854,8263,8846,10218,17222,14500,13562,15505,2246,150,16146,1,34:40
2024-25,1630631,Jose Alvarado,Jose,1610612740,NOP,New Orleans Pelicans,0022400750,2025-02-08T00:00:00,NOP @ SAC,L,28.9,2.5,7.5,0.333,1.2,6.2,0.2,0.0,0.0,0.0,0.0,3.7,3.7,11.2,2.5,3.7,0.0,0.0,0.0,1.2,6.2,7.5,36.2,0,0,29.9,1,13222,1,13222,8761,20477,20967,17395,13122,10136,13429,13505,14344,13505,14058,14504,17968,936,8279,1920,8263,8846,20257,16151,21233,8891,10195,2246,150,14029,1,28:54
2024-25,202693,Markieff Morris,Markieff,1610612747,LAL,Los Angeles Lakers,0022400742,2025-02-08T00:00:00,LAL vs. IND,W,6.016666666666667,6.0,23.9,0.25,6.0,18.0,0.333,0.0,0.0,0.0,0.0,6.0,6.0,0.0,6.0,0.0,0.0,0.0,6.0,0.0,18.0,18.0,19.1,0,0,29.9,1,1,13086,1,23591,11564,1081,20233,1315,344,9209,13505,14344,13505,14058,8368,12327,19908,1398,12854,8263,8846,2970,17725,9892,4576,21578,2246,150,14011,1,6:01
2024-25,1642263,Reed Sheppard,Reed,1610612745,HOU,Houston Rockets,0022400741,2025-02-08T00:00:00,HOU @ DAL,L,7.216666666666667,5.0,29.9,0.167,0.0,10.0,0.0,5.0,5.0,1.0,10.0,5.0,15.0,0.0,0.0,0.0,0.0,0.0,5.0,0.0,15.0,-34.9,32.9,0,0,29.9,1,13222,1,13222,23090,14415,277,21938,15070,3509,15070,4053,5938,1,409,10909,1786,19908,16469,12854,8263,8846,4627,17725,12939,24398,12645,2246,150,13991,1,7:13
2024-25,1641998,Trey Jemison III,Trey,1610612747,LAL,Los Angeles Lakers,0022400742,2025-02-08T00:00:00,LAL vs. IND,W,11.743333333333334,12.3,15.3,0.8,0.0,0.0,0.0,0.0,0.0,0.0,3.1,0.0,3.1,3.1,0.0,0.0,0.0,0.0,9.2,0.0,24.5,-21.5,32.8,0,0,30.7,1,1,13086,1,21401,1375,8066,1688,15070,20945,15070,13505,14344,13505,5199,22137,19550,12707,16469,12854,8263,8846,899,17725,4474,21957,12720,2246,150,13435,1,11:45
2024-25,1630166,Deni Avdija,Deni,1610612757,POR,Portland Trail Blazers,0022400747,2025-02-08T00:00:00,POR @ MIN,L,22.65,1.6,12.7,0.125,0.0,6.4,0.0,9.5,9.5,1.0,0.0,4.8,4.8,6.4,4.8,1.6,1.6,1.6,6.4,4.8,12.7,-3.2,32.7,0,0,30.2,1,13222,1,13222,13991,22047,12358,22420,15070,9855,15070,826,1577,1,14058,11516,15372,4917,2629,8029,4588,4462,2532,4573,15370,14663,12767,2246,150,13801,1,22:39
2024-25,1629599,Amir Coffey,Amir,1610612746,LAC,LA Clippers,0022400751,2025-02-08T00:00:00,LAC vs. UTA,W,28.07,7.7,14.1,0.545,6.4,10.3,0.625,0.0,0.0,0.0,0.0,1.3,1.3,1.3,0.0,0.0,0.0,1.3,5.1,1.3,21.8,18.0,25.3,0,0,30.8,1,1,13086,1,9487,7281,9995,7695,1049,3200,2868,13505,14344,13505,14058,21319,22835,18716,16469,12854,8263,5742,4321,15982,6382,4575,18101,2246,150,13337,1,28:04
2024-25,1642274,Yves Missi,Yves,1610612740,NOP,New Orleans Pelicans,0022400750,2025-02-08T00:00:00,NOP @ SAC,L,31.5,1.1,6.9,0.167,0.0,0.0,0.0,0.0,0.0,0.0,1.1,13.7,14.9,1.1,1.1,0.0,4.6,0.0,3.4,2.3,2.3,19.4,34.4,0,0,27.4,1,13222,1,13222,6410,22544,21724,21938,15070,20945,15070,13505,14344,13505,12177,822,1842,19217,14845,12854,662,8846,8976,11809,23118,4132,11509,2246,150,15847,1,31:30
2024-25,1630703,Scoot Henderson,Scoot,1610612757,POR,Portland Trail Blazers,0022400747,2025-02-08T00:00:00,POR @ MIN,L,26.233333333333334,5.5,12.4,0.444,2.7,6.9,0.4,2.7,2.7,1.0,0.0,1.4,1.4,4.1,2.7,2.7,0.0,0.0,4.1,1.4,16.5,-8.2,29.8,0,0,30.2,1,13222,1,13222,10963,13009,12978,13045,7402,8752,7874,8473,10623,1,14058,21147,22734,9617,7397,3816,8263,8846,6777,15558,11421,17065,14957,2246,150,13806,1,26:14
2024-25,1627747,Caris LeVert,Caris,1610612737,ATL,Atlanta Hawks,0022400744,2025-02-08T00:00:00,ATL @ WAS,W,15.2,4.7,14.2,0.333,2.4,9.5,0.25,9.5,9.5,1.0,0.0,7.1,7.1,0.0,2.4,0.0,0.0,0.0,11.8,4.7,21.3,-16.6,27.5,0,0,30.8,1,1,13086,1,19439,15151,9810,17395,8601,4137,11902,848,1608,1,14058,6160,9941,19908,8777,12854,8263,8846,437,4645,6810,20471,16604,2246,150,13332,1,15:12
2024-25,1631101,Shaedon Sharpe,Shaedon,1610612757,POR,Portland Trail Blazers,0022400747,2025-02-08T00:00:00,POR @ MIN,L,27.45,7.9,18.4,0.429,1.3,7.9,0.167,1.3,2.6,0.5,1.3,2.6,3.9,3.9,1.3,1.3,0.0,1.3,1.3,5.2,18.4,-22.3,31.6,0,0,30.2,1,13222,1,13222,9976,6914,4321,13735,12818,6674,14236,12274,10924,10625,11147,17890,17481,10118,13756,9399,8263,5598,17991,3708,9455,22162,13609,2246,150,13824,1,27:27
2024-25,1630245,Ayo Dosunmu,Ayo,1610612741,CHI,Chicago Bulls,0022400745,2025-02-08T00:00:00,CHI vs. GSW,L,30.266666666666666,4.8,7.1,0.667,1.2,3.6,0.333,1.2,1.2,1.0,0.0,1.2,1.2,4.8,4.8,1.2,0.0,0.0,4.8,1.2,11.9,-15.5,19.3,0,0,21.4,1,13222,1,13222,7529,15088,21395,3281,13426,16514,9209,12630,13900,1,14058,21538,22952,8023,2641,10267,8263,8846,5157,16450,16246,20081,21509,2246,150,20026,1,30:16
2024-25,1641744,Zach Edey,Zach,1610612763,MEM,Memphis Grizzlies,0022400746,2025-02-08T00:00:00,MEM vs. OKC,L,12.983333333333333,5.5,8.3,0.667,0.0,0.0,0.0,2.8,2.8,1.0,2.8,2.8,5.5,0.0,0.0,2.8,2.8,0.0,8.3,8.3,13.9,-13.9,37.2,0,0,30.5,1,13222,1,13222,20745,12868,19768,3281,15070,20945,15070,8406,10551,1,5923,17498,13430,19908,16469,3754,1995,8846,1220,887,14084,19450,9577,2246,150,13545,1,12:59
2024-25,1627936,Alex Caruso,Alex,1610612760,OKC,Oklahoma City Thunder,0022400746,2025-02-08T00:00:00,OKC @ MEM,W,27.02166666666667,6.7,13.3,0.5,2.7,5.3,0.5,2.7,2.7,1.0,2.7,1.3,4.0,2.7,0.0,1.3,0.0,1.3,4.0,2.7,18.7,9.3,31.4,0,0,30.6,1,1,13086,1,10316,9802,11261,8526,7638,12391,3944,8654,10831,1,6194,21229,17325,14005,16469,9294,8263,5493,7155,10426,9162,8039,13713,2246,150,13447,1,27:01
2024-25,203110,Draymond Green,Draymond,1610612744,GSW,Golden State Warriors,0022400745,2025-02-08T00:00:00,GSW @ CHI,W,32.27333333333333,1.1,2.2,0.5,0.0,1.1,0.0,4.5,4.5,1.0,2.2,2.2,4.5,7.8,4.5,3.3,2.2,0.0,4.5,2.2,6.7,30.1,36.0,0,0,30.1,1,1,13086,1,5764,22568,24710,8526,15070,20726,15070,4892,6913,1,7487,18976,16146,3073,3053,2474,2880,8846,5863,12026,20928,1950,10350,2246,150,13859,1,32:16
2024-25,1641715,Cam Whitmore,Cam,1610612745,HOU,Houston Rockets,0022400741,2025-02-08T00:00:00,HOU @ DAL,L,19.766666666666666,1.8,14.6,0.125,0.0,5.5,0.0,9.1,9.1,1.0,0.0,7.3,7.3,1.8,0.0,0.0,0.0,3.6,3.6,5.5,12.7,-5.5,24.2,0,0,21.9,1,13222,1,13222,16206,21718,9252,22420,15070,12050,15070,962,1810,1,14058,5850,9599,17021,16469,12854,8263,822,8284,3391,15337,15813,18791,2246,150,19752,1,19:46
2024-25,1641767,Ben Sheppard,Ben,1610612754,IND,Indiana Pacers,0022400742,2025-02-08T00:00:00,IND @ LAL,L,27.5,3.9,7.9,0.5,3.9,6.5,0.6,1.3,1.3,1.0,1.3,2.6,3.9,1.3,0.0,2.6,1.3,0.0,1.3,1.3,13.1,11.8,31.5,0,0,30.1,1,13222,1,13222,9944,17259,20469,8526,4146,9437,2992,12280,13716,1,11154,17902,17498,18626,16469,4098,5609,8846,17998,15862,14990,6889,13644,2246,150,13861,1,27:30
2024-25,1629003,Shake Milton,Shake,1610612747,LAL,Los Angeles Lakers,0022400742,2025-02-08T00:00:00,LAL vs. IND,W,15.193333333333333,2.4,9.5,0.25,0.0,2.4,0.0,0.0,2.4,0.0,0.0,7.1,7.1,9.5,0.0,0.0,0.0,0.0,4.7,7.1,4.7,-9.5,27.5,0,0,21.3,1,1,13086,1,19445,20724,17984,20233,15070,18867,15070,13505,11573,13505,14058,6158,9938,1713,16469,12854,8263,8846,5194,1573,22163,17659,16594,2246,150,20087,1,15:12
2024-25,1641729,Brice Sensabaugh,Brice,1610612762,UTA,Utah Jazz,0022400751,2025-02-08T00:00:00,UTA @ LAC,L,14.35,7.5,17.6,0.429,0.0,7.5,0.0,0.0,0.0,0.0,0.0,5.0,5.0,0.0,7.5,5.0,0.0,0.0,5.0,0.0,15.1,0.0,28.6,0,0,30.1,1,13222,1,13222,19976,7695,5182,13735,15070,7334,15070,13505,14344,13505,14058,10829,14747,19908,702,888,8263,8846,4566,17725,12853,12240,15798,2246,150,13862,1,14:21
2024-25,1626166,Cameron Payne,Cameron,1610612752,NYK,New York Knicks,0022400748,2025-02-08T00:00:00,NYK vs. BOS,L,18.676666666666666,11.6,19.3,0.6,0.0,3.9,0.0,3.9,3.9,1.0,0.0,1.9,1.9,1.9,0.0,0.0,0.0,0.0,0.0,3.9,27.0,-25.1,32.2,0,0,30.8,1,13222,1,13222,17056,1828,3526,5394,15070,15888,15070,5971,8124,1,14058,19897,21952,16650,16469,12854,8263,8846,20257,6693,3220,22817,13183,2246,150,13303,1,18:41
2024-25,1641757,Jordan Miller,Jordan,1610612746,LAC,LA Clippers,0022400751,2025-02-08T00:00:00,LAC vs. UTA,W,2.0,0.0,0.0,0.0,0.0,0.0,0.0,0.0,0.0,0.0,0.0,0.0,0.0,36.0,0.0,0.0,0.0,0.0,18.0,0.0,0.0,54.0,54.0,0,0,36.0,1,1,13086,1,25452,22635,24836,22635,15070,20945,15070,13505,14344,13505,14058,22137,23286,13,16469,12854,8263,8846,152,17725,23200,450,2201,2246,150,9360,1,2:00
2024-25,1630583,Santi Aldama,Santi,1610612763,MEM,Memphis Grizzlies,0022400746,2025-02-08T00:00:00,MEM vs. OKC,L,24.65,8.8,11.7,0.75,1.5,4.4,0.333,7.3,7.3,1.0,2.9,5.8,8.8,5.8,1.5,0.0,0.0,0.0,2.9,4.4,26.3,-7.3,44.1,0,0,42.4,1,13222,1,13222,12326,5152,14150,2107,12208,14725,9209,1800,3092,1,5535,8689,7082,5772,12953,12854,8263,8846,11090,5398,3538,16643,5615,2246,150,5470,1,24:39
2024-25,1630188,Jalen Smith,Jalen,1610612741,CHI,Chicago Bulls,0022400745,2025-02-08T00:00:00,CHI vs. GSW,L,19.116666666666667,9.4,13.2,0.714,7.5,9.4,0.8,1.9,3.8,0.5,1.9,3.8,5.6,0.0,1.9,0.0,0.0,0.0,0.0,1.9,28.2,11.3,33.1,0,0,41.4,1,13222,1,13222,16737,4000,11513,2752,585,4231,1389,11008,8333,10625,8885,14425,13157,19908,11141,12854,8263,8846,20257,13576,2690,7097,12477,2246,150,5962,1,19:07
2024-25,203903,Jordan Clarkson,Jordan,1610612762,UTA,Utah Jazz,0022400751,2025-02-08T00:00:00,UTA @ LAC,L,34.21666666666667,8.4,20.0,0.421,6.3,12.6,0.5,2.1,2.1,1.0,0.0,3.2,3.2,3.2,2.1,1.1,1.1,1.1,1.1,3.2,25.3,-20.0,38.0,0,0,42.1,1,13222,1,13222,4083,5767,2983,14442,1108,1463,3944,10277,12405,1,14058,16237,19352,12462,9978,11468,7116,7472,19391,8708,4087,21548,9037,2246,150,5599,1,34:13
2024-25,1626204,Larry Nance Jr.,Larry,1610612737,ATL,Atlanta Hawks,0022400744,2025-02-08T00:00:00,ATL @ WAS,W,21.7,10.0,18.2,0.545,3.3,10.0,0.333,0.0,1.7,0.0,1.7,8.3,10.0,1.7,1.7,0.0,1.7,0.0,1.7,3.3,23.2,-1.7,41.0,0,0,41.5,1,1,13086,1,14753,3269,4411,7695,5605,3541,9209,13505,13332,13505,9721,4294,5490,17479,12097,12854,4400,8846,16671,8200,5340,13860,7184,2246,150,5928,1,21:42
2024-25,1630249,Vít Krejčí,Vít,1610612737,ATL,Atlanta Hawks,0022400744,2025-02-08T00:00:00,ATL @ WAS,W,31.833333333333332,4.5,9.0,0.5,4.5,9.0,0.5,0.0,0.0,0.0,0.0,9.0,9.0,7.9,0.0,1.1,2.3,0.0,1.1,1.1,13.6,13.6,46.5,0,0,41.8,1,1,13086,1,6121,15701,18645,8526,3027,4744,3944,13505,14344,13505,14058,3463,6665,2978,16469,10758,2819,8846,18917,16760,14412,6178,4547,2246,150,5732,1,31:50
2024-25,1629023,P.J. Washington,P.J.,1610612742,DAL,Dallas Mavericks,0022400741,2025-02-08T00:00:00,DAL vs. HOU,W,16.2,2.2,8.9,0.25,0.0,2.2,0.0,8.9,8.9,1.0,2.2,4.4,6.7,2.2,0.0,0.0,6.7,0.0,2.2,4.4,13.3,37.8,44.7,0,0,35.6,1,1,13086,1,18788,20997,18876,20233,15070,19129,15070,1046,1929,1,7524,12416,10798,15547,16469,12854,230,8846,13994,5250,14702,1138,5344,2246,150,9690,1,16:12
2024-25,1630578,Alperen Sengun,Alperen,1610612745,HOU,Houston Rockets,0022400741,2025-02-08T00:00:00,HOU @ DAL,L,37.75,10.5,18.1,0.579,1.0,2.9,0.333,6.7,9.5,0.7,1.0,6.7,7.6,2.9,1.9,0.0,1.0,1.9,3.8,8.6,28.6,-4.8,43.0,0,0,42.0,1,13222,1,13222,1539,2722,4543,6486,14775,17936,9209,2262,1577,9366,13615,6949,8919,13410,11004,12854,7796,3522,7691,791,2565,15455,6136,2246,150,5671,1,37:45
2024-25,1629014,Anfernee Simons,Anfernee,1610612757,POR,Portland Trail Blazers,0022400747,2025-02-08T00:00:00,POR @ MIN,L,34.35,9.4,22.0,0.429,3.1,11.5,0.273,0.0,0.0,0.0,0.0,3.1,3.1,5.2,2.1,1.0,0.0,0.0,2.1,0.0,22.0,-9.4,34.7,0,0,35.6,1,13222,1,13222,3964,3977,1821,13735,6116,2081,11838,13505,14344,13505,14058,16296,19392,6964,10019,11514,8263,8846,14629,17725,6208,17634,11300,2246,150,9642,1,34:21
2024-25,1628401,Derrick White,Derrick,1610612738,BOS,Boston Celtics,0022400748,2025-02-08T00:00:00,BOS @ NYK,W,25.25,7.1,12.8,0.556,5.7,10.0,0.571,4.3,4.3,1.0,0.0,4.3,4.3,5.7,1.4,0.0,1.4,0.0,1.4,2.9,24.2,29.9,40.8,0,0,42.8,1,1,13086,1,11782,8628,12156,7248,1557,3501,3506,5201,7250,1,14058,12871,16591,6037,13133,12854,5128,8846,17522,9769,4652,1970,7293,2246,150,5266,1,25:15
2024-25,203932,Aaron Gordon,Aaron,1610612743,DEN,Denver Nuggets,0022400749,2025-02-08T00:00:00,DEN @ PHX,W,24.483333333333334,2.9,13.2,0.222,1.5,2.9,0.5,5.9,5.9,1.0,2.9,11.8,14.7,5.9,0.0,0.0,0.0,2.9,0.0,4.4,13.2,19.1,39.7,0,0,35.3,1,1,13086,1,12492,19555,11421,21205,12159,17777,3944,2987,4636,1,5479,1489,1909,5703,16469,12854,8263,1404,20257,5316,14835,4233,7960,2246,150,9885,1,24:29
2024-25,1629216,Gabe Vincent,Gabe,1610612747,LAL,Los Angeles Lakers,0022400742,2025-02-08T00:00:00,LAL vs. IND,W,24.94,7.2,18.8,0.385,2.9,11.5,0.25,0.0,0.0,0.0,0.0,0.0,0.0,10.1,2.9,2.9,0.0,0.0,5.8,1.4,17.3,7.2,38.3,0,0,36.1,1,1,13086,1,12059,8407,3959,16070,6914,2067,11902,13505,14344,13505,14058,22137,23286,1384,6896,3446,8263,8846,3275,15265,10510,9037,8858,2246,150,9306,1,24:56
2024-25,1628370,Malik Monk,Malik,1610612758,SAC,Sacramento Kings,0022400750,2025-02-08T00:00:00,SAC vs. NOP,W,32.25,5.6,15.6,0.357,2.2,8.9,0.25,1.1,1.1,1.0,0.0,4.5,4.5,7.8,5.6,3.3,0.0,1.1,3.3,2.2,14.5,0.0,36.1,0,0,35.7,1,1,13086,1,5778,12753,7650,17140,9111,4921,11902,12868,14016,1,14058,12350,16133,3070,1740,2467,8263,6899,9251,12017,13399,12240,10331,2246,150,9559,1,32:15
2024-25,200768,Kyle Lowry,Kyle,1610612755,PHI,Philadelphia 76ers,0022400738,2025-02-07T00:00:00,PHI @ DET,L,14.983333333333333,0.0,2.4,0.0,0.0,0.0,0.0,4.8,4.8,1.0,2.4,2.4,4.8,7.2,0.0,0.0,2.4,0.0,2.4,2.4,4.8,-4.8,28.6,0,0,21.6,1,13222,1,13222,19573,22635,24672,22635,15070,20945,15070,4335,6291,1,6910,18472,15284,3746,16469,12854,2545,8846,13194,11338,22123,15475,15802,2246,150,19880,1,14:59
2024-25,1630592,Jalen Wilson,Jalen,1610612751,BKN,Brooklyn Nets,0022400737,2025-02-07T00:00:00,BKN vs. MIA,W,17.083333333333332,6.3,16.9,0.375,2.1,8.4,0.25,2.1,4.2,0.5,8.4,0.0,8.4,0.0,2.1,0.0,0.0,0.0,2.1,2.1,16.9,0.0,24.9,0,0,27.4,1,1,13086,1,18209,10647,5972,16299,9651,5700,11902,10269,7387,10625,672,22137,7581,19908,9963,12854,8263,8846,14578,12578,11003,12240,18379,2246,150,15868,1,17:05
2024-25,1628381,John Collins,John,1610612762,UTA,Utah Jazz,0022400740,2025-02-07T00:00:00,UTA @ PHX,L,38.666666666666664,6.5,16.8,0.389,2.8,6.5,0.429,3.7,3.7,1.0,2.8,2.8,5.6,1.9,0.9,0.9,1.9,3.7,1.9,2.8,19.6,-1.9,36.5,0,0,35.4,1,13222,1,13222,1025,10148,6103,16009,7239,9513,7394,6234,8432,1,5878,17422,13319,16885,16241,12500,3900,785,15878,9984,8311,13958,10036,2246,150,9815,1,38:40
2024-25,1629018,Gary Trent Jr.,Gary,1610612749,MIL,Milwaukee Bucks,0022400736,2025-02-07T00:00:00,MIL @ ATL,L,28.908333333333335,8.7,14.9,0.583,6.2,10.0,0.625,0.0,0.0,0.0,0.0,0.0,0.0,5.0,1.2,3.7,0.0,0.0,5.0,0.0,23.7,2.5,41.1,0,0,42.3,1,13222,1,13222,8759,5237,8694,6296,1148,3535,2868,13505,14344,13505,14058,22137,23286,7513,14124,1925,8263,8846,4651,17725,5011,11375,7121,2246,150,5481,1,28:55
2024-25,1629660,Ty Jerome,Ty,1610612739,CLE,Cleveland Cavaliers,0022400735,2025-02-07T00:00:00,CLE @ WAS,W,25.166666666666668,7.2,17.2,0.417,2.9,7.2,0.4,1.4,1.4,1.0,1.4,5.7,7.2,4.3,1.4,1.4,0.0,0.0,5.7,1.4,18.6,12.9,36.5,0,0,35.8,1,1,13086,1,11859,8579,5612,14532,7018,8143,7874,11949,13561,1,10620,8991,9853,9152,13103,8754,8263,8846,3355,15320,9225,6448,10044,2246,150,9540,1,25:10
2024-25,1630557,Corey Kispert,Corey,1610612764,WAS,Washington Wizards,0022400735,2025-02-07T00:00:00,WAS vs. CLE,L,27.85,5.2,12.9,0.4,2.6,6.5,0.4,0.0,0.0,0.0,3.9,1.3,5.2,0.0,1.3,0.0,0.0,1.3,0.0,0.0,12.9,-5.2,17.8,0,0,20.7,1,13222,1,13222,9671,13891,11985,14933,7879,9617,7874,13505,14344,13505,3768,21293,14344,19908,13839,12854,8263,5692,20257,17725,15172,15681,22167,2246,150,20468,1,27:51
2024-25,203501,Tim Hardaway Jr.,Tim,1610612765,DET,Detroit Pistons,0022400738,2025-02-07T00:00:00,DET vs. PHI,W,30.8,2.3,10.5,0.222,2.3,9.4,0.25,0.0,0.0,0.0,0.0,5.8,5.8,3.5,0.0,0.0,1.2,1.2,0.0,1.2,7.0,14.0,22.8,0,0,21.0,1,1,13086,1,7043,20784,16179,21205,8712,4303,11902,13505,14344,13505,14058,8682,12660,11368,16469,12854,6373,6487,20257,16558,20713,5995,19690,2246,150,20258,1,30:48
2024-25,1628970,Miles Bridges,Miles,1610612766,CHA,Charlotte Hornets,0022400734,2025-02-07T00:00:00,CHA vs. SAS,W,34.705,10.4,18.7,0.556,3.1,6.2,0.5,2.1,2.1,1.0,1.0,6.2,7.3,2.1,0.0,1.0,1.0,0.0,0.0,3.1,25.9,7.3,44.0,0,0,42.5,1,1,13086,1,3688,2846,4048,7248,6189,10145,3944,10380,12500,1,12966,7848,9641,16098,16469,11617,7216,8846,20257,8847,3717,9012,5684,2246,150,5387,1,34:42
2024-25,1630168,Onyeka Okongwu,Onyeka,1610612737,ATL,Atlanta Hawks,0022400736,2025-02-07T00:00:00,ATL vs. MIL,W,27.95,7.7,15.5,0.5,0.0,1.3,0.0,2.6,2.6,1.0,7.7,7.7,15.5,2.6,2.6,0.0,0.0,3.9,2.6,3.9,18.0,-23.2,37.9,1,0,36.1,1,1,13086,1,9582,7200,7884,8526,15070,20509,15070,8865,11033,1,869,5117,1588,14289,7961,12854,8263,701,12509,6666,9804,22376,9107,1,150,9326,1,27:57
2024-25,1642268,Isaiah Collier,Isaiah,1610612762,UTA,Utah Jazz,0022400740,2025-02-07T00:00:00,UTA @ PHX,L,34.983333333333334,7.2,15.4,0.467,1.0,4.1,0.25,0.0,0.0,0.0,0.0,4.1,4.1,13.4,4.1,1.0,0.0,2.1,2.1,0.0,15.4,-6.2,39.4,1,0,36.0,1,13222,1,13222,3475,8446,7911,12249,14368,15308,11902,13505,14344,13505,14058,13367,17031,467,3636,11682,8263,3029,14824,17725,12478,16144,8120,1,150,9354,1,34:59
2024-25,1629130,Duncan Robinson,Duncan,1610612748,MIA,Miami Heat,0022400737,2025-02-07T00:00:00,MIA @ BKN,L,29.1,4.9,13.6,0.364,2.5,7.4,0.333,0.0,0.0,0.0,0.0,0.0,0.0,1.2,2.5,2.5,0.0,2.5,1.2,0.0,12.4,-2.5,19.2,0,0,21.0,1,13222,1,13222,8594,14555,10817,16861,8235,7563,9209,13505,14344,13505,14058,22137,23286,18891,8346,4454,8263,2077,18341,17725,15749,14297,21560,2246,150,20262,1,29:06
2024-25,1628386,Jarrett Allen,Jarrett,1610612739,CLE,Cleveland Cavaliers,0022400735,2025-02-07T00:00:00,CLE @ WAS,W,26.983333333333334,5.3,9.3,0.571,0.0,0.0,0.0,5.3,5.3,1.0,2.7,13.3,16.0,5.3,2.7,0.0,2.7,0.0,4.0,2.7,16.0,9.3,48.6,1,0,42.7,1,1,13086,1,10349,13442,18219,6538,15070,20945,15070,3608,5412,1,6186,914,1430,6751,7626,12854,2127,8846,7135,10415,11914,8025,3784,1,150,5314,1,26:59
2024-25,1630598,Aaron Wiggins,Aaron,1610612760,OKC,Oklahoma City Thunder,0022400739,2025-02-07T00:00:00,OKC vs. TOR,W,33.18333333333333,7.6,15.2,0.5,1.1,5.4,0.2,3.3,3.3,1.0,1.1,2.2,3.3,2.2,0.0,1.1,1.1,0.0,0.0,3.3,19.5,9.8,33.2,0,0,30.4,1,1,13086,1,4996,7530,8277,8526,14039,12154,13429,7198,9414,1,12596,19158,19098,15729,16469,11148,6891,8846,20257,8397,8338,7811,12428,2246,150,13649,1,33:11
2024-25,1630178,Tyrese Maxey,Tyrese,1610612755,PHI,Philadelphia 76ers,0022400738,2025-02-07T00:00:00,PHI @ DET,L,38.59,8.4,18.7,0.45,3.7,9.3,0.4,4.7,5.6,0.833,0.9,1.9,2.8,6.5,3.7,1.9,0.0,1.9,1.9,2.8,25.2,-17.7,40.2,0,0,42.0,1,13222,1,13222,1066,5812,4062,12982,4618,4339,7874,4571,5052,7275,13759,20058,20258,4662,4478,6943,8263,3689,15860,9966,4135,20842,7631,2246,150,5660,1,38:35
2024-25,1642348,Justin Edwards,Justin,1610612755,PHI,Philadelphia 76ers,0022400738,2025-02-07T00:00:00,PHI @ DET,L,29.71,4.8,7.3,0.667,3.6,4.8,0.75,0.0,0.0,0.0,1.2,2.4,3.6,1.2,1.2,2.4,0.0,1.2,1.2,2.4,13.3,-12.1,25.6,0,0,26.7,1,13222,1,13222,8036,14818,21249,3281,4837,13579,1542,13505,14344,13505,11713,18419,18243,18981,14361,4622,8263,6181,18468,11259,14715,18781,17894,2246,150,16430,1,29:43
2024-25,1631107,Nikola Jović,Nikola,1610612748,MIA,Miami Heat,0022400737,2025-02-07T00:00:00,MIA @ BKN,L,31.733333333333334,3.4,9.1,0.375,2.3,5.7,0.4,0.0,0.0,0.0,0.0,1.1,1.1,4.5,4.5,2.3,0.0,2.3,3.4,1.1,9.1,-20.4,19.5,0,0,21.6,1,13222,1,13222,6208,18537,18597,16299,8977,11521,7874,13505,14344,13505,14058,21670,23031,8557,2940,5150,8263,2507,9069,16742,19000,21682,21398,2246,150,19929,1,31:44
2024-25,1630170,Devin Vassell,Devin,1610612759,SAS,San Antonio Spurs,0022400734,2025-02-07T00:00:00,SAS @ CHA,L,34.44166666666667,5.2,13.6,0.385,4.2,7.3,0.571,1.0,2.1,0.5,1.0,3.1,4.2,1.0,1.0,1.0,0.0,0.0,1.0,1.0,15.7,19.9,24.4,0,0,27.2,1,13222,1,13222,3902,13748,10844,16070,3608,7787,3506,13095,12455,10625,12912,16321,16854,19544,15521,11538,8263,8846,19445,17192,12245,3993,18706,2246,150,16039,1,34:27
2024-25,1629626,Bol Bol,Bol,1610612756,PHX,Phoenix Suns,0022400740,2025-02-07T00:00:00,PHX vs. UTA,W,24.22,7.4,11.9,0.625,3.0,7.4,0.4,0.0,0.0,0.0,0.0,4.5,4.5,1.5,0.0,0.0,4.5,0.0,0.0,0.0,17.8,14.9,38.8,0,0,35.7,1,1,13086,1,12714,7933,13776,4899,6616,7534,7874,13505,14344,13505,14058,12378,16150,18033,16469,12854,694,8846,20257,17725,9995,5681,8536,2246,150,9606,1,24:13
2024-25,1631096,Chet Holmgren,Chet,1610612760,OKC,Oklahoma City Thunder,0022400739,2025-02-07T00:00:00,OKC vs. TOR,W,22.033333333333335,3.3,8.2,0.4,0.0,1.6,0.0,0.0,0.0,0.0,0.0,8.2,8.2,1.6,1.6,3.3,6.5,3.3,4.9,0.0,6.5,35.9,46.6,0,0,35.9,1,1,13086,1,14474,18835,19988,14933,15070,20132,15070,13505,14344,13505,14058,4464,7978,17555,12199,2624,243,1087,4831,17725,21027,1299,4503,2246,150,9419,1,22:02
2024-25,1630534,Ochai Agbaji,Ochai,1610612761,TOR,Toronto Raptors,0022400739,2025-02-07T00:00:00,TOR @ OKC,L,29.75,2.4,12.1,0.2,1.2,8.5,0.143,3.6,4.8,0.75,2.4,7.3,9.7,1.2,0.0,2.4,0.0,1.2,1.2,3.6,9.7,-30.3,30.4,0,0,26.6,1,13222,1,13222,8001,20615,13413,21401,13310,5630,14649,6431,6215,8186,6862,5890,5826,18987,16469,4631,8263,6187,18477,7310,18458,23777,14521,2246,150,16449,1,29:45
2024-25,1629610,DaQuan Jeffries,DaQuan,1610612766,CHA,Charlotte Hornets,0022400734,2025-02-07T00:00:00,CHA vs. SAS,W,29.983333333333334,2.4,10.8,0.222,0.0,4.8,0.0,0.0,0.0,0.0,3.6,2.4,6.0,6.0,2.4,1.2,1.2,1.2,4.8,0.0,4.8,2.4,25.8,0,0,21.6,1,1,13086,1,7797,20664,15686,21205,15070,13700,15070,13505,14344,13505,4209,18480,12267,5479,8648,10167,6169,6253,5051,17725,22129,11416,17737,2246,150,19885,1,29:59
2024-25,1630553,Keon Johnson,Keon,1610612751,BKN,Brooklyn Nets,0022400737,2025-02-07T00:00:00,BKN vs. MIA,W,23.266666666666666,6.2,18.6,0.333,1.5,7.7,0.2,3.1,3.1,1.0,4.6,7.7,12.4,1.5,1.5,1.5,3.1,0.0,1.5,1.5,17.0,1.5,46.6,0,0,41.8,1,1,13086,1,13494,10993,4153,17395,11869,6925,13429,7558,9734,1,2758,5106,3212,17814,12555,8208,1574,8846,17059,14813,10824,11851,4501,2246,150,5762,1,23:16
2024-25,1630596,Evan Mobley,Evan,1610612739,CLE,Cleveland Cavaliers,0022400735,2025-02-07T00:00:00,CLE @ WAS,W,33.61666666666667,10.7,17.1,0.625,0.0,3.2,0.0,7.5,8.6,0.875,2.1,5.4,7.5,1.1,3.2,1.1,1.1,1.1,1.1,4.3,28.9,13.9,42.7,0,0,41.8,1,1,13086,1,4618,2496,5655,4899,15070,17245,15070,1669,2146,6931,7792,9889,9178,19444,5787,11269,6978,7300,19266,5634,2449,6041,6256,2246,150,5769,1,33:37
2024-25,1630193,Immanuel Quickley,Immanuel,1610612761,TOR,Toronto Raptors,0022400739,2025-02-07T00:00:00,TOR @ OKC,L,27.516666666666666,2.6,6.5,0.4,1.3,3.9,0.333,1.3,2.6,0.5,2.6,2.6,5.2,13.1,6.5,0.0,0.0,0.0,3.9,1.3,7.8,-2.6,27.2,0,0,27.5,1,13222,1,13222,9931,20253,22067,14933,12828,15727,9209,12282,10938,10625,6306,17910,14207,514,1108,12854,8263,8846,7371,15867,20043,14366,16813,2246,150,15811,1,27:31
2024-25,1641854,Craig Porter Jr.,Craig,1610612739,CLE,Cleveland Cavaliers,0022400735,2025-02-07T00:00:00,CLE @ WAS,W,22.766666666666666,1.6,4.7,0.333,0.0,0.0,0.0,0.0,0.0,0.0,3.2,3.2,6.3,7.9,0.0,4.7,0.0,1.6,0.0,0.0,3.2,11.1,36.8,0,0,26.9,1,1,13086,1,13894,22061,23646,17395,15070,20945,15070,13505,14344,13505,5017,16220,11559,2992,16469,1058,8263,4485,20257,17725,22908,7207,9805,2246,150,16248,1,22:46
2024-25,1642281,Jaylon Tyson,Jaylon,1610612739,CLE,Cleveland Cavaliers,0022400735,2025-02-07T00:00:00,CLE @ WAS,W,20.466666666666665,3.5,3.5,1.0,0.0,0.0,0.0,5.3,5.3,1.0,7.0,1.8,8.8,5.3,1.8,1.8,0.0,0.0,5.3,3.5,12.3,8.8,34.3,0,0,29.9,1,1,13086,1,15662,18286,24303,1,15070,20945,15070,3683,5498,1,1130,20332,7038,6875,11705,7407,8263,8846,4064,7615,15816,8277,11589,2246,150,14026,1,20:28
2024-25,1629639,Tyler Herro,Tyler,1610612748,MIA,Miami Heat,0022400737,2025-02-07T00:00:00,MIA @ BKN,L,37.78333333333333,5.7,21.0,0.273,1.9,10.5,0.182,1.0,1.0,1.0,1.0,2.9,3.8,5.7,3.8,1.0,0.0,3.8,2.9,2.9,14.3,-10.5,26.5,0,0,27.6,1,13222,1,13222,1518,12368,2361,20048,10607,2998,14207,13365,14279,1,13623,17209,17796,6014,4289,12329,8263,726,11372,9733,13618,18096,17300,2246,150,15696,1,37:47
2024-25,1642347,Jamal Shead,Jamal,1610612761,TOR,Toronto Raptors,0022400739,2025-02-07T00:00:00,TOR @ OKC,L,22.483333333333334,4.8,16.0,0.3,1.6,4.8,0.333,0.0,3.2,0.0,0.0,4.8,4.8,9.6,0.0,0.0,0.0,0.0,8.0,1.6,11.2,-20.8,31.4,0,0,27.2,1,13222,1,13222,14123,14935,7096,19363,11668,13698,9209,13505,9516,13505,14058,11425,15295,1637,16469,12854,8263,8846,1364,14628,16990,21785,13761,2246,150,16003,1,22:29
2024-25,1630163,LaMelo Ball,LaMelo,1610612766,CHA,Charlotte Hornets,0022400734,2025-02-07T00:00:00,CHA vs. SAS,W,36.193333333333335,9.0,25.9,0.346,4.0,10.9,0.364,2.0,2.0,1.0,1.0,3.0,4.0,9.9,3.0,0.0,0.0,0.0,3.0,3.0,23.9,8.0,40.6,1,0,41.8,1,1,13086,1,2542,4808,665,17386,4029,2550,9100,10693,12762,1,13305,16790,17363,1471,6553,12854,8263,8846,10797,9319,4894,8652,7406,1,150,5764,1,36:12
2024-25,1642258,Zaccharie Risacher,Zaccharie,1610612737,ATL,Atlanta Hawks,0022400736,2025-02-07T00:00:00,ATL vs. MIL,W,20.483333333333334,10.5,17.6,0.6,1.8,7.0,0.25,0.0,0.0,0.0,1.8,3.5,5.3,0.0,1.8,0.0,0.0,0.0,5.3,0.0,22.8,-5.3,27.4,0,0,29.9,1,1,13086,1,15651,2673,5164,5394,11234,8399,11902,13505,14344,13505,9391,15190,14111,19908,11709,12854,8263,8846,4073,17725,5598,15733,16644,2246,150,14047,1,20:29
2024-25,1629027,Trae Young,Trae,1610612737,ATL,Atlanta Hawks,0022400736,2025-02-07T00:00:00,ATL vs. MIL,W,34.916666666666664,9.3,22.7,0.409,2.1,8.2,0.25,4.1,5.2,0.8,0.0,3.1,3.1,7.2,2.1,2.1,0.0,0.0,1.0,6.2,24.7,-5.2,43.4,0,0,41.2,1,1,13086,1,3527,4238,1507,14895,9858,5998,11902,5484,5671,7681,14058,16425,19491,3733,10201,5954,8263,8846,19522,2409,4345,15676,5930,2246,150,6051,1,34:55
2024-25,1628368,De'Aaron Fox,De'Aaron,1610612759,SAS,San Antonio Spurs,0022400734,2025-02-07T00:00:00,SAS @ CHA,L,32.53333333333333,10.0,18.8,0.529,2.2,5.5,0.4,2.2,4.4,0.5,0.0,2.2,2.2,6.6,0.0,4.4,0.0,1.1,3.3,5.5,24.3,-7.7,50.2,0,0,44.3,1,13222,1,13222,5529,3264,3921,8281,9190,11884,7874,9900,6981,10625,14058,19035,21386,4519,16469,1280,8263,6991,9387,3298,4582,16853,3203,2246,150,4569,1,32:32
2024-25,203954,Joel Embiid,Joel,1610612755,PHI,Philadelphia 76ers,0022400738,2025-02-07T00:00:00,PHI @ DET,L,29.8,8.5,21.7,0.389,1.2,4.8,0.25,9.7,12.1,0.8,0.0,8.5,8.5,7.2,2.4,0.0,2.4,0.0,3.6,9.7,27.8,-23.0,53.6,0,0,49.5,1,13222,1,13222,7964,5699,1928,16009,13317,13617,11902,791,748,7681,14058,4106,7539,3686,8586,12854,2524,8846,8345,483,2869,22323,2290,2246,150,2662,1,29:48
2024-25,1630567,Scottie Barnes,Scottie,1610612761,TOR,Toronto Raptors,0022400739,2025-02-07T00:00:00,TOR @ OKC,L,34.4,8.4,20.9,0.4,4.2,6.3,0.667,1.0,2.1,0.5,2.1,3.1,5.2,4.2,5.2,3.1,4.2,2.1,1.0,2.1,22.0,-5.2,51.3,0,0,50.2,1,13222,1,13222,3923,5851,2382,14933,3591,10022,1957,13089,12446,10625,7977,16308,14210,9422,2083,2859,821,2941,19437,12642,6239,15716,2904,2246,150,2464,1,34:24
2024-25,1629673,Jordan Poole,Jordan,1610612764,WAS,Washington Wizards,0022400735,2025-02-07T00:00:00,WAS vs. CLE,L,37.265,15.5,30.9,0.5,3.9,16.4,0.235,8.7,10.6,0.818,1.9,1.9,3.9,4.8,2.9,1.0,0.0,1.0,2.9,5.8,43.5,-1.9,55.4,0,0,58.0,1,13222,1,13222,1827,422,235,8526,4284,467,13275,1111,1140,7652,8696,19886,17670,7836,6853,12234,8263,8215,11197,2903,297,14003,1918,2246,150,1032,1,37:16
2024-25,1642382,Branden Carlson,Branden,1610612760,OKC,Oklahoma City Thunder,0022400739,2025-02-07T00:00:00,OKC vs. TOR,W,1.7666666666666666,20.4,20.4,1.0,0.0,0.0,0.0,0.0,0.0,0.0,0.0,20.4,20.4,0.0,0.0,0.0,0.0,0.0,0.0,0.0,40.8,-101.9,65.2,0,0,61.1,1,1,13086,1,25637,134,2704,1,15070,20945,15070,13505,14344,13505,14058,160,483,19908,16469,12854,8263,8846,20257,17725,407,26155,686,2246,150,720,1,1:46
2024-25,1626171,Bobby Portis,Bobby,1610612749,MIL,Milwaukee Bucks,0022400736,2025-02-07T00:00:00,MIL @ ATL,L,37.65,9.6,19.1,0.5,3.8,7.6,0.5,1.9,1.9,1.0,1.0,13.4,14.3,5.7,1.9,1.0,1.0,1.0,1.9,1.9,24.9,9.6,54.5,1,0,52.6,1,13222,1,13222,1602,3794,3645,8526,4372,7080,3944,10909,12948,1,13596,902,2082,5973,10979,12300,7773,8290,15610,13467,4272,7913,2088,1,150,1908,1,37:39
2024-25,1631105,Jalen Duren,Jalen,1610612765,DET,Detroit Pistons,0022400738,2025-02-07T00:00:00,DET vs. PHI,W,19.766666666666666,9.1,12.7,0.714,0.0,0.0,0.0,5.5,5.5,1.0,9.1,14.6,23.7,12.7,7.3,1.8,0.0,3.6,10.9,5.5,23.7,47.4,69.4,1,0,63.7,1,1,13086,1,16206,4520,12298,2752,15070,20945,15070,3457,5233,1,532,645,235,576,780,7151,8263,822,549,3391,4998,628,455,1,150,539,1,19:46
2024-25,1629651,Nic Claxton,Nic,1610612751,BKN,Brooklyn Nets,0022400737,2025-02-07T00:00:00,BKN vs. MIA,W,30.866666666666667,7.0,14.0,0.5,0.0,0.0,0.0,0.0,0.0,0.0,4.7,7.0,11.7,1.2,2.3,2.3,4.7,2.3,3.5,4.7,14.0,9.3,48.4,1,0,40.8,1,1,13086,1,6979,8938,10179,8526,15070,20945,15070,13505,14344,13505,2730,6363,3793,19134,8932,4929,627,2365,8753,4797,13941,8034,3850,1,150,6310,1,30:52
2024-25,1628378,Donovan Mitchell,Donovan,1610612739,CLE,Cleveland Cavaliers,0022400735,2025-02-07T00:00:00,CLE @ WAS,W,34.13333333333333,12.7,27.4,0.462,4.2,11.6,0.364,5.3,5.3,1.0,0.0,1.1,1.1,5.3,3.2,2.1,0.0,0.0,3.2,3.2,34.8,11.6,47.1,0,0,49.6,1,1,13086,1,4140,1167,449,12428,3532,2031,9100,3689,5501,1,14058,21867,23151,6888,5935,5744,8263,8846,10024,8687,990,6969,4262,2246,150,2647,1,34:08
2024-25,1631243,Mouhamed Gueye,Mouhamed,1610612737,ATL,Atlanta Hawks,0022400736,2025-02-07T00:00:00,ATL vs. MIL,W,22.9,9.4,17.3,0.545,1.6,7.9,0.2,3.1,3.1,1.0,3.1,15.7,18.9,0.0,0.0,3.1,6.3,0.0,1.6,1.6,23.6,34.6,74.5,1,0,62.9,1,1,13086,1,13790,3973,5461,7695,11782,6690,13429,7450,9624,1,5054,467,720,19908,16469,2845,266,8846,16955,14719,5072,1438,306,1,150,586,1,22:54
2024-25,1642271,Kyle Filipowski,Kyle,1610612762,UTA,Utah Jazz,0022400740,2025-02-07T00:00:00,UTA @ PHX,L,15.133333333333333,11.9,23.8,0.5,2.4,7.1,0.333,0.0,2.4,0.0,19.0,7.1,26.2,2.4,0.0,0.0,2.4,2.4,0.0,2.4,26.2,-7.1,68.3,1,0,61.9,1,13222,1,13222,19475,1591,1124,8526,8555,8171,9209,13505,11545,13505,72,6112,169,14950,16469,12854,2594,2267,20257,11435,3599,16575,512,1,150,653,1,15:08
2024-25,1627936,Alex Caruso,Alex,1610612760,OKC,Oklahoma City Thunder,0022400739,2025-02-07T00:00:00,OKC vs. TOR,W,20.3,8.9,12.4,0.714,3.5,7.1,0.5,0.0,0.0,0.0,1.8,8.9,10.6,7.1,0.0,5.3,1.8,0.0,3.5,0.0,21.3,19.5,66.0,0,0,56.7,1,1,13086,1,15787,4934,12868,2752,5040,8265,3944,13505,14344,13505,9341,3646,4773,3892,16469,728,4116,8846,8617,17725,6843,4103,634,2246,150,1196,1,20:18
2024-25,1642276,Kel'el Ware,Kel'el,1610612748,MIA,Miami Heat,0022400737,2025-02-07T00:00:00,MIA @ BKN,L,26.033333333333335,5.5,16.6,0.333,0.0,2.8,0.0,2.8,2.8,1.0,6.9,12.4,19.4,5.5,1.4,1.4,1.4,2.8,0.0,1.4,13.8,1.4,52.3,1,0,44.3,1,13222,1,13222,11133,12904,6312,17395,15070,18129,15070,8421,10571,1,1175,1177,618,6370,13387,8997,5303,1646,20257,15519,14119,11923,2649,1,150,4574,1,26:02
2024-25,1641741,Ricky Council IV,Ricky,1610612755,PHI,Philadelphia 76ers,0022400738,2025-02-07T00:00:00,PHI @ DET,L,2.183333333333333,16.5,16.5,1.0,16.5,16.5,1.0,0.0,0.0,0.0,0.0,0.0,0.0,16.5,0.0,16.5,0.0,0.0,0.0,0.0,49.5,98.9,123.7,0,0,115.4,1,13222,1,13222,25376,316,6434,1,51,458,1,13505,14344,13505,14058,22137,23286,183,16469,38,8263,8846,20257,17725,161,72,31,2246,150,34,1,2:11
2024-25,1630549,Day'Ron Sharpe,Day'Ron,1610612751,BKN,Brooklyn Nets,0022400737,2025-02-07T00:00:00,BKN vs. MIA,W,17.133333333333333,8.4,12.6,0.667,0.0,0.0,0.0,2.1,2.1,1.0,4.2,8.4,12.6,4.2,2.1,0.0,4.2,4.2,6.3,2.1,18.9,16.8,50.8,0,0,44.1,1,1,13086,1,18175,5787,12550,3281,15070,20945,15070,10285,12415,1,3298,4155,3060,9374,9989,12854,815,584,2599,12600,8938,4969,3028,2246,150,4629,1,17:08
2024-25,1631117,Walker Kessler,Walker,1610612762,UTA,Utah Jazz,0022400740,2025-02-07T00:00:00,UTA @ PHX,L,37.861666666666665,8.6,16.2,0.529,0.0,0.0,0.0,1.0,1.0,1.0,8.6,12.4,20.9,3.8,1.0,1.0,2.9,1.9,1.0,1.0,18.1,-6.7,59.3,1,0,50.4,1,13222,1,13222,1476,5511,6881,8281,15070,20945,15070,13367,14280,1,649,1202,428,10488,16143,12342,1873,3540,19964,17542,9776,16361,1277,1,150,2423,1,37:52
2024-25,1630208,Nick Richards,Nick,1610612756,PHX,Phoenix Suns,0022400740,2025-02-07T00:00:00,PHX vs. UTA,W,23.283333333333335,6.2,10.8,0.571,0.0,0.0,0.0,6.2,6.2,1.0,7.7,13.9,21.6,0.0,0.0,0.0,6.2,4.6,3.1,3.1,18.6,-15.5,63.1,1,0,52.6,1,1,13086,1,13481,11009,15656,6538,15070,20945,15070,2690,4245,1,868,774,356,19908,16469,12854,281,454,10297,8910,9262,20079,867,1,150,1913,1,23:17
2024-25,1630194,Paul Reed,Paul,1610612765,DET,Detroit Pistons,0022400738,2025-02-07T00:00:00,DET vs. PHI,W,6.7,5.4,21.5,0.25,0.0,0.0,0.0,0.0,0.0,0.0,10.7,10.7,21.5,5.4,5.4,5.4,5.4,5.4,16.1,0.0,10.7,-16.1,71.5,0,0,59.1,1,1,13086,1,23282,13333,2033,20233,15070,20945,15070,13505,14344,13505,319,2046,369,6678,1925,695,422,298,205,17725,17425,20290,389,2246,150,906,1,6:42
2024-25,1641705,Victor Wembanyama,Victor,1610612759,SAS,San Antonio Spurs,0022400734,2025-02-07T00:00:00,SAS @ CHA,L,33.63333333333333,7.5,21.4,0.35,1.1,9.6,0.111,1.1,1.1,1.0,3.2,8.6,11.8,3.2,1.1,0.0,5.4,1.1,2.1,4.3,17.1,-1.1,51.1,1,0,43.9,1,13222,1,13222,4603,7784,2089,17337,14124,3931,15003,12999,14086,1,4918,3977,3691,12261,15331,12854,427,7308,14408,5641,10708,13587,2977,1,150,4747,1,33:38
2024-25,1626164,Devin Booker,Devin,1610612756,PHX,Phoenix Suns,0022400740,2025-02-07T00:00:00,PHX vs. UTA,W,48.86666666666667,13.3,24.3,0.545,2.2,7.4,0.3,5.9,6.6,0.889,0.7,3.7,4.4,8.1,2.9,0.7,0.0,1.5,2.9,5.2,34.6,5.2,51.3,1,0,50.8,1,1,13086,1,8,917,976,7695,9203,7687,11319,2964,3732,6857,14054,14692,16241,2784,6645,12850,8263,4869,10943,3841,1025,10025,2882,1,150,2308,1,48:52
2024-25,202684,Tristan Thompson,Tristan,1610612739,CLE,Cleveland Cavaliers,0022400735,2025-02-07T00:00:00,CLE @ WAS,W,8.733333333333333,0.0,0.0,0.0,0.0,0.0,0.0,0.0,0.0,0.0,4.1,4.1,8.2,4.1,0.0,0.0,0.0,0.0,0.0,0.0,0.0,-45.3,16.1,0,0,12.4,1,1,13086,1,22551,22635,24836,22635,15070,20945,15070,13505,14344,13505,3404,13345,7863,9601,16469,12854,8263,8846,20257,17725,23200,25200,22823,2246,150,23907,1,8:44
2024-25,1629312,Haywood Highsmith,Haywood,1610612748,MIA,Miami Heat,0022400737,2025-02-07T00:00:00,MIA @ BKN,L,18.183333333333334,0.0,4.0,0.0,0.0,4.0,0.0,0.0,0.0,0.0,0.0,5.9,5.9,2.0,0.0,4.0,2.0,0.0,2.0,2.0,0.0,0.0,27.9,0,0,19.8,1,13222,1,13222,17449,22635,24108,22635,15070,15662,15070,13505,14344,13505,14058,8467,12432,16446,16469,1678,3539,8846,15256,13160,23200,12240,16288,2246,150,20985,1,18:11
2024-25,1642273,Kyshawn George,Kyshawn,1610612764,WAS,Washington Wizards,0022400735,2025-02-07T00:00:00,WAS vs. CLE,L,34.96,6.2,11.3,0.545,4.1,6.2,0.667,1.0,2.1,0.5,1.0,4.1,5.1,2.1,2.1,3.1,0.0,0.0,5.1,3.1,17.5,2.1,34.0,0,0,35.0,1,13222,1,13222,3495,11024,14783,7695,3743,10243,1957,13145,12557,10625,13035,13358,14405,16157,10216,2957,8263,8846,4287,8931,10319,11594,11831,2246,150,10086,1,34:58
2024-25,1641745,Adam Flagler,Adam,1610612760,OKC,Oklahoma City Thunder,0022400739,2025-02-07T00:00:00,OKC vs. TOR,W,1.7666666666666666,0.0,0.0,0.0,0.0,0.0,0.0,0.0,0.0,0.0,0.0,0.0,0.0,0.0,0.0,0.0,0.0,0.0,0.0,0.0,0.0,-101.9,0.0,0,0,0.0,1,1,13086,1,25637,22635,24836,22635,15070,20945,15070,13505,14344,13505,14058,22137,23286,19908,16469,12854,8263,8846,20257,17725,23200,26155,25228,2246,150,25259,1,1:46
2024-25,203552,Seth Curry,Seth,1610612766,CHA,Charlotte Hornets,0022400734,2025-02-07T00:00:00,CHA vs. SAS,W,21.391666666666666,6.7,13.5,0.5,6.7,10.1,0.667,0.0,0.0,0.0,0.0,6.7,6.7,3.4,1.7,1.7,0.0,0.0,5.0,3.4,20.2,11.8,36.7,0,0,40.4,1,1,13086,1,15001,9621,11064,8526,876,3380,1957,13505,14344,13505,14058,6828,10674,11775,11993,7677,8263,8846,4501,8057,7742,6890,9896,2246,150,6554,1,21:24
2024-25,1626156,D'Angelo Russell,D'Angelo,1610612751,BKN,Brooklyn Nets,0022400737,2025-02-07T00:00:00,BKN vs. MIA,W,26.25,6.9,20.6,0.333,4.1,13.7,0.3,5.5,6.9,0.8,0.0,2.7,2.7,1.4,2.7,2.7,1.4,0.0,4.1,8.2,23.3,-1.4,38.3,0,0,39.8,1,1,13086,1,10949,9273,2591,17395,3749,1016,11319,3428,3513,7681,14058,17577,20371,18428,7404,3821,5355,8846,6785,918,5276,13744,8850,2246,150,6907,1,26:15
2024-25,1630548,Johnny Juzang,Johnny,1610612762,UTA,Utah Jazz,0022400740,2025-02-07T00:00:00,UTA @ PHX,L,15.933333333333334,6.8,20.3,0.333,2.3,11.3,0.2,0.0,0.0,0.0,0.0,2.3,2.3,0.0,0.0,0.0,0.0,2.3,2.3,0.0,15.8,-27.1,18.5,0,0,20.3,1,13222,1,13222,18975,9477,2742,17395,9016,2256,13429,13505,14344,13505,14058,18892,21297,19908,16469,12854,8263,2527,13824,17725,12106,23264,21875,2246,150,20671,1,15:56
2024-25,1641729,Brice Sensabaugh,Brice,1610612762,UTA,Utah Jazz,0022400740,2025-02-07T00:00:00,UTA @ PHX,L,12.716666666666667,2.8,14.2,0.2,0.0,8.5,0.0,5.7,5.7,1.0,2.8,5.7,8.5,0.0,0.0,0.0,0.0,2.8,0.0,2.8,11.3,2.8,21.5,0,0,19.8,1,13222,1,13222,20884,19807,9917,21401,15070,5592,15070,3232,4953,1,5779,9137,7476,19908,16469,12854,8263,1553,20257,9857,16865,11206,20400,2246,150,20962,1,12:43
2024-25,1629622,Max Strus,Max,1610612739,CLE,Cleveland Cavaliers,0022400735,2025-02-07T00:00:00,CLE @ WAS,W,31.0,7.0,12.8,0.545,5.8,10.5,0.556,0.0,0.0,0.0,1.2,4.6,5.8,3.5,0.0,0.0,0.0,0.0,1.2,0.0,19.7,10.5,31.9,0,0,34.8,1,1,13086,1,6873,8999,12264,7695,1471,3022,3747,13505,14344,13505,12039,11868,12747,11433,16469,12854,8263,8846,18753,17725,8125,7489,13371,2246,150,10198,1,31:00
2024-25,1642450,Daniss Jenkins,Daniss,1610612765,DET,Detroit Pistons,0022400738,2025-02-07T00:00:00,DET vs. PHI,W,0.36333333333333334,0.0,0.0,0.0,0.0,0.0,0.0,0.0,0.0,0.0,0.0,0.0,0.0,0.0,0.0,0.0,0.0,0.0,0.0,0.0,0.0,0.0,0.0,0,0,0.0,1,1,13086,1,26243,22635,24836,22635,15070,20945,15070,13505,14344,13505,14058,22137,23286,19908,16469,12854,8263,8846,20257,17725,23200,12240,25228,2246,150,25259,1,0:22
2024-25,1628420,Monté Morris,Monté,1610612756,PHX,Phoenix Suns,0022400740,2025-02-07T00:00:00,PHX vs. UTA,W,14.65,4.9,12.3,0.4,2.5,4.9,0.5,0.0,0.0,0.0,0.0,0.0,0.0,4.9,0.0,0.0,0.0,0.0,0.0,0.0,12.3,12.3,19.7,0,0,19.7,1,1,13086,1,19792,14646,13105,14933,8293,13401,3944,13505,14344,13505,14058,22137,23286,7658,16469,12854,8263,8846,20257,17725,15843,6676,21336,2246,150,21059,1,14:39
2024-25,1642275,Tidjane Salaün,Tidjane,1610612766,CHA,Charlotte Hornets,0022400734,2025-02-07T00:00:00,CHA vs. SAS,W,17.983333333333334,6.0,8.0,0.75,4.0,4.0,1.0,0.0,0.0,0.0,2.0,8.0,10.0,0.0,2.0,0.0,2.0,0.0,6.0,0.0,16.0,-20.0,32.0,0,0,34.0,1,1,13086,1,17566,11488,20250,2107,3989,15576,1,13505,14344,13505,8377,4694,5422,19908,10518,12854,3488,8846,2932,17725,11909,21556,13299,2246,150,10827,1,17:59
2024-25,1629026,Kenrich Williams,Kenrich,1610612760,OKC,Oklahoma City Thunder,0022400739,2025-02-07T00:00:00,OKC vs. TOR,W,16.7,0.0,10.8,0.0,0.0,6.5,0.0,0.0,0.0,0.0,4.3,2.2,6.5,4.3,2.2,0.0,0.0,2.2,0.0,0.0,0.0,-23.7,12.1,0,0,10.8,1,1,13086,1,18461,22635,15735,22635,15070,9606,15070,13505,14344,13505,3146,19188,11241,9092,9699,12854,8263,2751,20257,17725,23200,22502,23989,2246,150,24272,1,16:42
2024-25,1628398,Kyle Kuzma,Kyle,1610612749,MIL,Milwaukee Bucks,0022400736,2025-02-07T00:00:00,MIL @ ATL,L,23.958333333333332,6.0,19.5,0.308,4.5,12.0,0.375,1.5,3.0,0.5,0.0,10.5,10.5,1.5,3.0,0.0,0.0,1.5,1.5,3.0,18.0,-22.5,29.9,0,0,34.6,1,13222,1,13222,12943,11477,3325,19226,3060,1771,8800,11795,9963,10625,14058,2215,4891,17964,6451,12854,8263,4770,17207,9220,9807,22226,14873,2246,150,10395,1,23:58
2024-25,1631114,Jalen Williams,Jalen,1610612760,OKC,Oklahoma City Thunder,0022400739,2025-02-07T00:00:00,OKC vs. TOR,W,33.18333333333333,9.8,20.6,0.474,1.1,3.3,0.333,8.7,10.8,0.8,1.1,4.3,5.4,4.3,3.3,0.0,0.0,1.1,1.1,8.7,29.3,9.8,39.1,0,0,40.1,1,1,13086,1,4996,3517,2567,12072,14039,17168,9209,1118,1070,7681,12596,12688,13748,9035,5647,12854,8263,7189,19189,758,2348,7811,8363,2246,150,6705,1,33:11
2024-25,1641796,Pelle Larsson,Pelle,1610612748,MIA,Miami Heat,0022400737,2025-02-07T00:00:00,MIA @ BKN,L,10.65,0.0,0.0,0.0,0.0,0.0,0.0,0.0,0.0,0.0,3.4,3.4,6.8,3.4,0.0,0.0,0.0,0.0,10.1,3.4,0.0,-20.3,13.2,0,0,10.1,1,13222,1,13222,21857,22635,24836,22635,15070,20945,15070,13505,14344,13505,4580,15573,10613,11732,16469,12854,8263,8846,674,8014,23200,21628,23723,2246,150,24397,1,10:39
2024-25,1631323,Simone Fontecchio,Simone,1610612765,DET,Detroit Pistons,0022400738,2025-02-07T00:00:00,DET vs. PHI,W,18.833333333333332,5.7,19.1,0.3,3.8,15.3,0.25,3.8,3.8,1.0,1.9,7.6,9.6,3.8,3.8,0.0,1.9,0.0,1.9,3.8,19.1,3.8,38.2,0,0,40.1,1,1,13086,1,16944,12314,3648,19363,4374,630,11902,6033,8194,1,8765,5241,5973,10438,4256,12854,3733,8846,15612,6786,8726,10739,8873,2246,150,6703,1,18:50
2024-25,1630811,Keaton Wallace,Keaton,1610612737,ATL,Atlanta Hawks,0022400736,2025-02-07T00:00:00,ATL vs. MIL,W,18.5,1.9,7.8,0.25,1.9,5.8,0.333,0.0,0.0,0.0,0.0,1.9,1.9,5.8,1.9,0.0,1.9,0.0,0.0,0.0,5.8,27.2,20.8,0,0,19.5,1,1,13086,1,17195,21504,20553,20233,10427,11108,9209,13505,14344,13505,14058,19841,21917,5776,10811,12854,3638,8846,20257,17725,21500,2385,20779,2246,150,21172,1,18:30
2024-25,1629726,Garrison Mathews,Garrison,1610612737,ATL,Atlanta Hawks,0022400736,2025-02-07T00:00:00,ATL vs. MIL,W,5.833333333333333,6.2,12.3,0.5,0.0,6.2,0.0,0.0,0.0,0.0,0.0,0.0,0.0,0.0,0.0,0.0,0.0,0.0,0.0,0.0,12.3,-74.1,12.3,0,0,12.3,1,1,13086,1,23649,11041,12991,8526,15070,10258,15070,13505,14344,13505,14058,22137,23286,19908,16469,12854,8263,8846,20257,17725,15764,25942,23935,2246,150,23908,1,5:50
2024-25,1627814,Damion Lee,Damion,1610612756,PHX,Phoenix Suns,0022400740,2025-02-07T00:00:00,PHX vs. UTA,W,5.3,6.8,20.4,0.333,0.0,6.8,0.0,0.0,0.0,0.0,6.8,0.0,6.8,0.0,0.0,0.0,0.0,6.8,6.8,0.0,13.6,13.6,21.7,0,0,20.4,1,1,13086,1,23865,9434,2704,17395,15070,8908,15070,13505,14344,13505,1231,22137,10541,19908,16469,12854,8263,169,2151,17725,14391,6171,20294,2246,150,20639,1,5:18
2024-25,1631115,Orlando Robinson,Orlando,1610612761,TOR,Toronto Raptors,0022400739,2025-02-07T00:00:00,TOR @ OKC,L,17.3,4.2,12.5,0.333,0.0,2.1,0.0,4.2,4.2,1.0,6.2,4.2,10.4,8.3,0.0,0.0,0.0,0.0,2.1,4.2,12.5,-10.4,37.5,0,0,31.2,1,13222,1,13222,18072,16693,12745,17395,15070,19396,15070,5409,7488,1,1507,13228,5001,2583,16469,12854,8263,8846,14694,5918,15604,18071,9374,2246,150,12990,1,17:18
2024-25,1627752,Taurean Prince,Taurean,1610612749,MIL,Milwaukee Bucks,0022400736,2025-02-07T00:00:00,MIL @ ATL,L,30.821666666666665,4.7,8.2,0.571,1.2,4.7,0.25,0.0,0.0,0.0,0.0,1.2,1.2,1.2,0.0,0.0,0.0,0.0,4.7,1.2,10.5,2.3,13.7,0,0,14.0,1,13222,1,13222,7025,15312,19980,6538,13551,14033,11902,13505,14344,13505,14058,21595,22987,19123,16469,12854,8263,8846,5357,16562,17654,11447,23585,2246,150,23422,1,30:49
2024-25,1631213,Tyrese Martin,Tyrese,1610612751,BKN,Brooklyn Nets,0022400737,2025-02-07T00:00:00,BKN vs. MIA,W,20.7,1.7,8.7,0.2,0.0,7.0,0.0,0.0,0.0,0.0,0.0,8.7,8.7,1.7,5.2,0.0,0.0,0.0,3.5,0.0,3.5,15.7,11.3,0,0,13.9,1,1,13086,1,15489,21849,19200,21401,15070,8552,15070,13505,14344,13505,14058,3845,7173,17262,2098,12854,8263,8846,8805,17725,22784,5369,24176,2246,150,23443,1,20:42
2024-25,1642346,Ryan Dunn,Ryan,1610612756,PHX,Phoenix Suns,0022400740,2025-02-07T00:00:00,PHX vs. UTA,W,14.555,4.9,9.9,0.5,2.5,4.9,0.5,2.5,4.9,0.5,2.5,4.9,7.4,0.0,0.0,0.0,2.5,0.0,7.4,2.5,14.8,-2.5,31.2,0,0,29.7,1,1,13086,1,19853,14562,17252,8526,8242,13322,3944,9126,6033,10625,6698,11035,9327,19908,16469,12854,2427,8846,1702,11085,13080,14296,13932,2246,150,14178,1,14:33
2024-25,1641709,Ausar Thompson,Ausar,1610612765,DET,Detroit Pistons,0022400738,2025-02-07T00:00:00,DET vs. PHI,W,27.435,6.6,9.2,0.714,0.0,0.0,0.0,5.2,7.9,0.667,2.6,7.9,10.5,7.9,1.3,1.3,0.0,0.0,5.2,5.2,18.4,6.6,45.4,0,0,39.4,1,1,13086,1,9988,10037,18433,2752,15070,20945,15070,3709,2610,9425,6290,4909,4910,3025,13753,9397,8263,8846,4109,3704,9445,9355,4992,2246,150,7153,1,27:26
2024-25,1630533,Ziaire Williams,Ziaire,1610612751,BKN,Brooklyn Nets,0022400737,2025-02-07T00:00:00,BKN vs. MIA,W,32.46666666666667,3.3,6.7,0.5,2.2,5.5,0.4,0.0,0.0,0.0,2.2,7.8,10.0,3.3,2.2,2.2,0.0,0.0,0.0,0.0,8.9,20.0,30.3,0,0,28.8,1,1,13086,1,5579,18689,21949,8526,9171,11860,7874,13505,14344,13505,7540,5064,5452,11895,9442,5327,8263,8846,20257,17725,19200,3964,14612,2246,150,14840,1,32:28
2024-25,1626162,Kelly Oubre Jr.,Kelly,1610612755,PHI,Philadelphia 76ers,0022400738,2025-02-07T00:00:00,PHI @ DET,L,35.88333333333333,7.0,11.0,0.636,0.0,1.0,0.0,0.0,0.0,0.0,2.0,9.0,11.0,2.0,0.0,1.0,1.0,1.0,2.0,3.0,14.0,-9.0,36.3,1,0,31.1,1,13222,1,13222,2764,8874,15306,4689,15070,20858,15070,13505,14344,13505,8360,3490,4379,16351,16469,11928,7460,7891,15109,9201,13890,17439,10143,1,150,13074,1,35:53
2024-25,1641734,Emoni Bates,Emoni,1610612739,CLE,Cleveland Cavaliers,0022400735,2025-02-07T00:00:00,CLE @ WAS,W,5.183333333333334,0.0,13.9,0.0,0.0,13.9,0.0,0.0,0.0,0.0,0.0,0.0,0.0,13.9,0.0,0.0,0.0,0.0,13.9,0.0,0.0,-55.6,20.8,0,0,13.9,1,1,13086,1,23915,22635,10355,22635,15070,955,15070,13505,14344,13505,14058,22137,23286,402,16469,12854,8263,8846,290,17725,23200,25578,20770,2246,150,23450,1,5:11
2024-25,1631119,Jaylin Williams,Jaylin,1610612760,OKC,Oklahoma City Thunder,0022400739,2025-02-07T00:00:00,OKC vs. TOR,W,17.45,4.1,10.3,0.4,0.0,6.2,0.0,0.0,0.0,0.0,4.1,8.3,12.4,6.2,4.1,0.0,2.1,0.0,4.1,0.0,8.3,14.4,34.5,0,0,30.9,1,1,13086,1,17959,16781,16533,14933,15070,10221,15070,13505,14344,13505,3398,4350,3212,5173,3616,12854,3308,8846,6749,17725,19696,5845,11479,2246,150,13206,1,17:27
2024-25,1641842,Ronald Holland II,Ronald,1610612765,DET,Detroit Pistons,0022400738,2025-02-07T00:00:00,DET vs. PHI,W,14.578333333333333,2.5,12.3,0.2,2.5,7.4,0.333,0.0,0.0,0.0,0.0,2.5,2.5,4.9,0.0,2.5,0.0,0.0,4.9,0.0,7.4,19.8,25.2,0,0,22.2,1,1,13086,1,19844,20514,12989,21401,8255,7597,9209,13505,14344,13505,14058,18268,20863,7600,16469,4474,8263,8846,4754,17725,20398,4026,18150,2246,150,19540,1,14:35
2024-25,1642267,Bub Carrington,Bub,1610612764,WAS,Washington Wizards,0022400735,2025-02-07T00:00:00,WAS vs. CLE,L,35.81666666666667,5.0,9.0,0.556,3.0,6.0,0.5,0.0,0.0,0.0,1.0,3.0,4.0,3.0,4.0,0.0,0.0,0.0,1.0,1.0,13.1,-25.1,18.4,0,0,23.1,1,13222,1,13222,2811,14307,18649,7248,6447,10617,3944,13505,14344,13505,13219,16663,17268,12872,3843,12854,8263,8846,19682,17380,15021,22839,21932,2246,150,18919,1,35:49
2024-25,1628389,Bam Adebayo,Bam,1610612748,MIA,Miami Heat,0022400737,2025-02-07T00:00:00,MIA @ BKN,L,36.71666666666667,6.9,13.7,0.5,1.0,2.9,0.333,2.9,3.9,0.75,1.0,6.9,7.8,1.0,1.0,0.0,2.0,0.0,3.9,5.9,17.6,-13.7,33.4,0,0,31.4,1,13222,1,13222,2182,9262,10607,8526,14652,17775,9209,7976,8005,8186,13420,6601,8557,19734,15973,12854,3600,8846,7379,2774,10171,19392,12232,2246,150,12871,1,36:43
2024-25,1641731,Bilal Coulibaly,Bilal,1610612764,WAS,Washington Wizards,0022400735,2025-02-07T00:00:00,WAS vs. CLE,L,41.916666666666664,5.2,10.3,0.5,1.7,3.4,0.5,1.7,5.2,0.333,2.6,2.6,5.2,3.4,1.7,2.6,0.0,0.9,1.7,3.4,13.7,0.0,31.1,0,0,29.2,1,13222,1,13222,262,13945,16553,8526,11348,16801,3944,11385,5678,13132,6411,17997,14389,11589,11852,4188,8263,8759,16475,7856,14232,12240,13993,2246,150,14545,1,41:55
2024-25,202331,Paul George,Paul,1610612755,PHI,Philadelphia 76ers,0022400738,2025-02-07T00:00:00,PHI @ DET,L,30.1,7.2,12.0,0.6,2.4,3.6,0.667,0.0,0.0,0.0,0.0,1.2,1.2,0.0,1.2,1.2,0.0,0.0,4.8,2.4,16.7,-9.6,20.6,0,0,22.7,1,13222,1,13222,7690,8517,13660,5394,8510,16470,1957,13505,14344,13505,14058,21520,22946,19908,14467,10206,8263,8846,5098,11382,11128,17707,20902,2246,150,19192,1,30:06
2024-25,1641748,Andre Jackson Jr.,Andre,1610612749,MIL,Milwaukee Bucks,0022400736,2025-02-07T00:00:00,MIL @ ATL,L,15.781666666666666,0.0,2.3,0.0,0.0,2.3,0.0,0.0,0.0,0.0,4.6,4.6,9.1,4.6,0.0,0.0,0.0,0.0,0.0,0.0,0.0,11.4,17.8,0,0,13.7,1,13222,1,13222,19088,22635,24697,22635,15070,19024,15070,13505,14344,13505,2856,12094,6549,8503,16469,12854,8263,8846,20257,17725,23200,7055,22180,2246,150,23507,1,15:47
2024-25,1629004,Svi Mykhailiuk,Svi,1610612762,UTA,Utah Jazz,0022400740,2025-02-07T00:00:00,UTA @ PHX,L,23.255,3.1,13.9,0.222,3.1,12.4,0.25,4.6,6.2,0.75,3.1,1.5,4.6,4.6,0.0,1.5,0.0,1.5,1.5,4.6,13.9,10.8,31.1,0,0,29.4,1,13222,1,13222,13510,19208,10285,21205,6226,1580,11902,4603,4236,8186,5141,20776,15721,8322,16469,8206,8263,4600,17057,4849,14014,7309,13978,2246,150,14395,1,23:15
2024-25,1641718,Keyonte George,Keyonte,1610612762,UTA,Utah Jazz,0022400740,2025-02-07T00:00:00,UTA @ PHX,L,35.483333333333334,6.1,16.2,0.375,2.0,9.1,0.222,4.1,4.1,1.0,0.0,3.0,3.0,4.1,1.0,0.0,1.0,1.0,4.1,3.0,18.3,-12.2,30.0,0,0,29.4,1,13222,1,13222,3087,11262,6785,16299,10019,4630,13288,5593,7721,1,14058,16572,19600,9781,15752,12854,7386,7777,6977,9088,9563,18802,14769,2246,150,14385,1,35:29
2024-25,1628374,Lauri Markkanen,Lauri,1610612762,UTA,Utah Jazz,0022400740,2025-02-07T00:00:00,UTA @ PHX,L,39.516666666666666,6.4,14.6,0.438,1.8,6.4,0.286,3.6,3.6,1.0,0.9,5.5,6.4,0.9,1.8,0.9,0.0,1.8,2.7,4.6,18.2,-0.9,28.2,0,0,29.2,1,13222,1,13222,713,10500,9242,13558,10982,9807,11433,6401,8597,1,13856,9625,11457,19851,11447,12611,8263,3827,11903,5034,9606,13471,16104,2246,150,14587,1,39:31
2024-25,1630249,Vít Krejčí,Vít,1610612737,ATL,Atlanta Hawks,0022400736,2025-02-07T00:00:00,ATL vs. MIL,W,31.033333333333335,4.6,8.1,0.571,3.5,7.0,0.5,0.0,2.3,0.0,1.2,10.4,11.6,3.5,1.2,0.0,0.0,0.0,1.2,1.2,12.8,4.6,30.7,1,0,31.3,1,1,13086,1,6853,15391,20050,6538,5189,8542,3944,13505,11717,13505,12044,2268,3846,11452,14726,12854,8263,8846,18763,16597,15327,10316,14242,1,150,12914,1,31:02
2024-25,1641774,Tristan Vukcevic,Tristan,1610612764,WAS,Washington Wizards,0022400735,2025-02-07T00:00:00,WAS vs. CLE,L,16.42,6.6,15.3,0.429,2.2,6.6,0.333,0.0,0.0,0.0,0.0,8.8,8.8,8.8,2.2,2.2,0.0,0.0,6.6,0.0,15.3,21.9,43.4,0,0,39.5,1,13222,1,13222,18645,9994,8038,13735,9263,9369,9209,13505,14344,13505,14058,3757,7074,2208,9539,5429,8263,8846,2340,17725,12573,3474,5927,2246,150,7093,1,16:25
2024-25,1642367,Jonathan Mogbo,Jonathan,1610612761,TOR,Toronto Raptors,0022400739,2025-02-07T00:00:00,TOR @ OKC,L,27.95,5.2,10.3,0.5,2.6,2.6,1.0,0.0,0.0,0.0,0.0,5.2,5.2,3.9,0.0,2.6,0.0,1.3,5.2,1.3,12.9,-3.9,32.6,0,0,29.6,1,13222,1,13222,9582,13947,16556,8526,7899,18485,1,13505,14344,13505,14058,10417,14393,10324,16469,4189,8263,5713,4281,15958,15218,14983,12894,2246,150,14229,1,27:57
2024-25,1630577,Julian Champagnie,Julian,1610612759,SAS,San Antonio Spurs,0022400734,2025-02-07T00:00:00,SAS @ CHA,L,19.216666666666665,1.9,5.6,0.333,0.0,3.7,0.0,1.9,1.9,1.0,0.0,0.0,0.0,3.7,1.9,1.9,0.0,0.0,1.9,1.9,5.6,-16.9,15.0,0,0,13.1,1,13222,1,13222,16650,21622,22977,17395,15070,16110,15070,11034,13047,1,14058,22137,23286,10661,11193,6900,8263,8846,15818,13621,21653,20567,23182,2246,150,23677,1,19:13
2024-25,1626179,Terry Rozier,Terry,1610612748,MIA,Miami Heat,0022400737,2025-02-07T00:00:00,MIA @ BKN,L,31.233333333333334,6.9,17.3,0.4,4.6,9.2,0.5,4.6,5.8,0.8,1.2,3.5,4.6,2.3,2.3,1.2,1.2,2.3,3.5,2.3,23.1,-24.2,36.7,0,0,39.2,1,13222,1,13222,6669,9135,5466,14933,2871,4498,3944,4661,4797,7681,12084,15357,15792,15214,9041,10557,6468,2417,8870,11719,5448,22624,9921,2246,150,7278,1,31:14
2024-25,1631157,Ryan Rollins,Ryan,1610612749,MIL,Milwaukee Bucks,0022400736,2025-02-07T00:00:00,MIL @ ATL,L,12.733333333333333,2.8,11.3,0.25,2.8,2.8,1.0,0.0,0.0,0.0,2.8,8.5,11.3,2.8,0.0,0.0,0.0,2.8,0.0,2.8,8.5,-5.7,26.3,0,0,25.4,1,13222,1,13222,20878,19820,14808,20233,7127,17998,1,13505,14344,13505,5787,4070,4123,13503,16469,12854,8263,1559,20257,9868,19531,15900,17418,2246,150,17320,1,12:44
2024-25,203081,Damian Lillard,Damian,1610612749,MIL,Milwaukee Bucks,0022400736,2025-02-07T00:00:00,MIL @ ATL,L,34.88166666666667,7.2,19.6,0.368,4.1,13.4,0.308,5.2,5.2,1.0,3.1,6.2,9.3,10.3,3.1,0.0,0.0,1.0,1.0,5.2,23.7,-1.0,47.3,1,0,47.5,1,13222,1,13222,3558,8394,3269,16823,3720,1121,11292,3811,5665,1,5140,7911,6334,1271,6140,12854,8263,7645,19515,3835,4963,13556,4222,1,150,3309,1,34:53
2024-25,1630264,Anthony Gill,Anthony,1610612764,WAS,Washington Wizards,0022400735,2025-02-07T00:00:00,WAS vs. CLE,L,5.851666666666667,6.2,12.3,0.5,0.0,6.2,0.0,0.0,0.0,0.0,0.0,0.0,0.0,0.0,0.0,0.0,6.2,0.0,0.0,0.0,12.3,-43.1,30.8,0,0,24.6,1,13222,1,13222,23646,11088,13068,8526,15070,10315,15070,13505,14344,13505,14058,22137,23286,19908,16469,12854,284,8846,20257,17725,15820,25061,14232,2246,150,17943,1,5:51
2024-25,1642266,Ja'Kobe Walter,Ja'Kobe,1610612761,TOR,Toronto Raptors,0022400739,2025-02-07T00:00:00,TOR @ OKC,L,22.5,8.0,14.4,0.556,3.2,8.0,0.4,0.0,1.6,0.0,1.6,1.6,3.2,1.6,1.6,1.6,1.6,1.6,3.2,0.0,19.2,9.6,33.4,0,0,33.6,1,13222,1,13222,14100,6633,9521,7248,5956,6448,7874,13505,13391,13505,9921,20677,19237,17651,12335,7984,4552,4435,9863,17725,8649,7891,12230,2246,150,11161,1,22:30
2024-25,1628960,Grayson Allen,Grayson,1610612756,PHX,Phoenix Suns,0022400740,2025-02-07T00:00:00,PHX vs. UTA,W,35.666666666666664,7.1,19.2,0.368,7.1,14.1,0.5,0.0,0.0,0.0,2.0,5.0,7.1,6.1,0.0,2.0,1.0,1.0,2.0,1.0,21.2,12.1,47.8,0,0,47.4,1,1,13086,1,2928,8772,3610,16823,734,888,3944,13505,14344,13505,8301,10733,10022,5386,16469,6163,7420,7837,15035,17362,6928,6748,4032,2246,150,3329,1,35:40
2024-25,1642264,Stephon Castle,Stephon,1610612759,SAS,San Antonio Spurs,0022400734,2025-02-07T00:00:00,SAS @ CHA,L,31.1,11.6,17.4,0.667,3.5,5.8,0.6,11.6,12.7,0.909,1.2,3.5,4.6,2.3,4.6,0.0,0.0,0.0,2.3,8.1,38.2,8.1,42.6,0,0,48.6,1,13222,1,13222,6796,1821,5389,3281,5210,11231,2992,391,625,6764,12059,15313,15749,15175,2808,12854,8263,8846,13581,967,590,8584,6308,2246,150,2949,1,31:06
2024-25,1630695,Micah Potter,Micah,1610612762,UTA,Utah Jazz,0022400740,2025-02-07T00:00:00,UTA @ PHX,L,11.45,3.1,6.3,0.5,3.1,6.3,0.5,0.0,0.0,0.0,3.1,6.3,9.4,3.1,3.1,0.0,0.0,0.0,6.3,0.0,9.4,-15.7,22.3,0,0,25.2,1,13222,1,13222,21504,19111,22335,8526,6110,10004,3944,13505,14344,13505,5054,7715,6131,12496,6001,12854,8263,8846,2618,17725,18701,20164,19968,2246,150,17558,1,11:27
2024-25,1626145,Tyus Jones,Tyus,1610612756,PHX,Phoenix Suns,0022400740,2025-02-07T00:00:00,PHX vs. UTA,W,38.345,3.8,12.2,0.308,3.8,10.3,0.364,3.8,3.8,1.0,0.0,5.6,5.6,5.6,1.9,0.9,0.9,0.0,0.0,3.8,15.0,4.7,34.0,0,0,33.8,1,1,13086,1,1197,17695,13248,19226,4560,3129,9100,6173,8359,1,14058,9213,13203,6184,11169,12446,7900,8846,20257,6972,12882,10285,11828,2246,150,11001,1,38:21
2024-25,1628392,Isaiah Hartenstein,Isaiah,1610612760,OKC,Oklahoma City Thunder,0022400739,2025-02-07T00:00:00,OKC vs. TOR,W,25.983333333333334,8.3,9.7,0.857,0.0,0.0,0.0,0.0,2.8,0.0,1.4,6.9,8.3,2.8,1.4,2.8,0.0,0.0,2.8,4.2,16.6,8.3,37.7,0,0,33.3,1,1,13086,1,11176,5963,17582,1412,15070,20945,15070,13505,10556,13505,10814,6491,7750,13684,13372,3757,8263,8846,11763,5939,11246,8483,9233,2246,150,11451,1,25:59
2024-25,201572,Brook Lopez,Brook,1610612749,MIL,Milwaukee Bucks,0022400736,2025-02-07T00:00:00,MIL @ ATL,L,34.52,7.3,15.6,0.467,1.0,5.2,0.2,1.0,1.0,1.0,0.0,2.1,2.1,2.1,2.1,1.0,2.1,1.0,3.1,2.1,16.7,-4.2,29.6,0,0,28.2,1,13222,1,13222,3838,8223,7633,12249,14292,12667,13429,13101,14144,1,14058,19401,21642,16045,10069,11562,3243,7553,10174,12680,11188,15165,15071,2246,150,15325,1,34:31
2024-25,1628983,Shai Gilgeous-Alexander,Shai,1610612760,OKC,Oklahoma City Thunder,0022400739,2025-02-07T00:00:00,OKC vs. TOR,W,29.133333333333333,6.2,14.8,0.417,1.2,7.4,0.167,17.3,17.3,1.0,1.2,3.7,4.9,7.4,2.5,1.2,0.0,1.2,1.2,8.6,30.9,18.5,49.2,0,0,47.0,1,1,13086,1,8558,11024,8852,14532,13171,7578,14236,113,214,1,11567,14610,14943,3498,8363,9903,8263,6018,18351,770,1803,4399,3549,2246,150,3488,1,29:08
2024-25,1626220,Royce O'Neale,Royce,1610612756,PHX,Phoenix Suns,0022400740,2025-02-07T00:00:00,PHX vs. UTA,W,30.416666666666668,4.7,13.0,0.364,4.7,13.0,0.364,0.0,0.0,0.0,0.0,3.6,3.6,4.7,0.0,0.0,4.7,0.0,2.4,0.0,14.2,-8.3,39.8,0,0,36.7,1,1,13086,1,7392,15161,11823,16861,2668,1292,9100,13505,14344,13505,14058,15083,18443,8090,16469,12854,602,8846,13358,17725,13723,17089,7907,2246,150,8922,1,30:25
2024-25,1629656,Quentin Grimes,Quentin,1610612755,PHI,Philadelphia 76ers,0022400738,2025-02-07T00:00:00,PHI @ DET,L,28.016666666666666,6.4,11.6,0.556,2.6,6.4,0.4,2.6,2.6,1.0,1.3,1.3,2.6,2.6,1.3,0.0,1.3,0.0,2.6,3.9,18.0,-6.4,27.5,0,0,28.3,1,13222,1,13222,9535,10376,14367,7248,7917,9704,7874,8879,11047,1,11265,21311,20682,14306,13879,12854,5714,8846,12530,6694,9855,16258,16580,2246,150,15233,1,28:01
2024-25,1641787,Tosan Evbuomwan,Tosan,1610612751,BKN,Brooklyn Nets,0022400737,2025-02-07T00:00:00,BKN vs. MIA,W,20.116666666666667,1.8,10.7,0.167,0.0,3.6,0.0,5.4,7.2,0.75,1.8,3.6,5.4,3.6,0.0,0.0,3.6,0.0,1.8,3.6,8.9,25.1,31.5,0,0,25.1,1,1,13086,1,15932,21772,15819,21938,15070,16488,15070,3564,3213,8186,9280,14989,13881,11147,16469,12854,1164,8846,16235,7457,19133,2805,13675,2246,150,17641,1,20:07
2024-25,1626158,Richaun Holmes,Richaun,1610612764,WAS,Washington Wizards,0022400735,2025-02-07T00:00:00,WAS vs. CLE,L,31.086666666666666,4.6,8.1,0.571,0.0,0.0,0.0,4.6,6.9,0.667,6.9,6.9,13.9,3.5,0.0,0.0,1.2,0.0,2.3,6.9,13.9,-23.2,39.3,1,0,33.6,1,13222,1,13222,6806,15414,20076,6538,15070,20945,15070,4623,3415,9425,1163,6453,2282,11478,16469,12854,6436,8846,13578,1693,14050,22366,8229,1,150,11172,1,31:05
2024-25,1631204,Marcus Sasser,Marcus,1610612765,DET,Detroit Pistons,0022400738,2025-02-07T00:00:00,DET vs. PHI,W,28.25,3.8,11.5,0.333,2.5,6.4,0.4,1.3,2.5,0.5,0.0,0.0,0.0,6.4,2.5,2.5,0.0,0.0,5.1,2.5,11.5,10.2,26.1,0,0,25.5,1,1,13086,1,9340,17508,14522,17395,7975,9815,7874,12369,11084,10625,14058,22137,23286,4893,8049,4262,8263,8846,4381,10806,16711,7603,17539,2246,150,17291,1,28:15
2024-25,1631230,Dominick Barlow,Dominick,1610612737,ATL,Atlanta Hawks,0022400736,2025-02-07T00:00:00,ATL vs. MIL,W,20.166666666666668,5.4,7.1,0.75,1.8,3.6,0.5,0.0,0.0,0.0,1.8,5.4,7.1,0.0,1.8,0.0,1.8,0.0,3.6,1.8,12.5,-14.3,24.6,0,0,25.0,1,1,13086,1,15891,13383,21390,2107,11129,16510,3944,13505,14344,13505,9297,9886,9875,19908,11619,12854,4092,8846,8523,13982,15595,19611,18533,2246,150,17685,1,20:10
2024-25,1642358,AJ Johnson,AJ,1610612764,WAS,Washington Wizards,0022400735,2025-02-07T00:00:00,WAS vs. CLE,L,8.833333333333334,4.1,16.3,0.25,0.0,8.2,0.0,0.0,0.0,0.0,0.0,4.1,4.1,16.3,0.0,0.0,0.0,0.0,4.1,0.0,8.2,-16.3,37.5,0,0,28.5,1,13222,1,13222,22517,16905,6680,20233,15070,6169,15070,13505,14344,13505,14058,13494,17126,193,16469,12854,8263,8846,6918,17725,19787,20366,9342,2246,150,15049,1,8:50
2024-25,203083,Andre Drummond,Andre,1610612755,PHI,Philadelphia 76ers,0022400738,2025-02-07T00:00:00,PHI @ DET,L,7.683333333333334,4.7,9.4,0.5,0.0,0.0,0.0,0.0,0.0,0.0,4.7,14.1,18.7,9.4,0.0,0.0,4.7,0.0,4.7,0.0,9.4,32.8,60.0,0,0,46.9,1,13222,1,13222,22925,15269,18162,8526,15070,20945,15070,13505,14344,13505,2686,751,743,1772,16469,12854,616,8846,5319,17725,18754,1644,1198,2246,150,3531,1,7:41
2024-25,1641733,Nick Smith Jr.,Nick,1610612766,CHA,Charlotte Hornets,0022400734,2025-02-07T00:00:00,CHA vs. SAS,W,33.983333333333334,8.5,13.8,0.615,2.1,5.3,0.4,1.1,1.1,1.0,1.1,5.3,6.4,5.3,3.2,0.0,0.0,1.1,1.1,2.1,20.1,3.2,32.5,0,0,33.9,1,1,13086,1,4278,5658,10540,5246,9600,12473,7874,13046,14113,1,12796,10033,11491,6826,5881,12854,8263,7405,19345,12532,7816,11028,12935,2246,150,10925,1,33:59
2024-25,1642505,Alex Ducas,Alex,1610612760,OKC,Oklahoma City Thunder,0022400739,2025-02-07T00:00:00,OKC vs. TOR,W,4.316666666666666,0.0,0.0,0.0,0.0,0.0,0.0,0.0,0.0,0.0,8.3,0.0,8.3,0.0,8.3,0.0,0.0,0.0,0.0,0.0,0.0,-75.1,1.7,0,0,8.3,1,1,13086,1,24318,22635,24836,22635,15070,20945,15070,13505,14344,13505,692,22137,7705,19908,527,12854,8263,8846,20257,17725,23200,25957,25181,2246,150,24707,1,4:19
2024-25,1631170,Jaime Jaquez Jr.,Jaime,1610612748,MIA,Miami Heat,0022400737,2025-02-07T00:00:00,MIA @ BKN,L,18.566666666666666,3.9,11.6,0.333,1.9,5.8,0.333,0.0,0.0,0.0,3.9,1.9,5.8,5.8,0.0,0.0,0.0,1.9,1.9,0.0,9.7,-17.5,25.4,0,0,23.3,1,13222,1,13222,17135,17382,14251,17395,10459,11168,9209,13505,14344,13505,3765,19864,12729,5823,16469,12854,8263,3426,15464,17725,18444,20766,18001,2246,150,18826,1,18:34
2024-25,1631260,AJ Green,AJ,1610612749,MIL,Milwaukee Bucks,0022400736,2025-02-07T00:00:00,MIL @ ATL,L,20.745,1.7,8.7,0.2,0.0,3.5,0.0,0.0,0.0,0.0,0.0,1.7,1.7,1.7,0.0,0.0,0.0,1.7,3.5,1.7,3.5,-38.2,8.2,0,0,6.9,1,13222,1,13222,15461,21855,19226,21401,15070,16709,15070,13505,14344,13505,14058,20393,22255,17270,16469,12854,8263,4066,8837,14168,22786,24717,24678,2246,150,24898,1,20:45
2024-25,101108,Chris Paul,Chris,1610612759,SAS,San Antonio Spurs,0022400734,2025-02-07T00:00:00,SAS @ CHA,L,26.933333333333334,2.7,5.3,0.5,2.7,5.3,0.5,0.0,0.0,0.0,0.0,1.3,1.3,9.4,0.0,1.3,0.0,0.0,2.7,1.3,8.0,-6.7,27.7,0,0,24.1,1,13222,1,13222,10388,20145,23219,8526,7615,12331,3944,13505,14344,13505,14058,21221,22777,1782,16469,9262,8263,8846,12151,15734,19908,16373,16448,2246,150,18284,1,26:56
2024-25,1629640,Keldon Johnson,Keldon,1610612759,SAS,San Antonio Spurs,0022400734,2025-02-07T00:00:00,SAS @ CHA,L,16.283333333333335,0.0,6.6,0.0,0.0,6.6,0.0,4.4,4.4,1.0,0.0,0.0,0.0,0.0,0.0,0.0,0.0,0.0,0.0,2.2,4.4,-11.1,4.4,0,0,4.4,1,13222,1,13222,18734,22635,21972,22635,15070,9248,15070,4952,6990,1,14058,22137,23286,19908,16469,12854,8263,8846,20257,12114,22334,18343,25055,2246,150,25158,1,16:17
2024-25,1641794,Dillon Jones,Dillon,1610612760,OKC,Oklahoma City Thunder,0022400739,2025-02-07T00:00:00,OKC vs. TOR,W,9.016666666666667,0.0,8.0,0.0,0.0,4.0,0.0,4.0,8.0,0.5,0.0,8.0,8.0,4.0,0.0,4.0,0.0,4.0,4.0,4.0,4.0,-12.0,31.5,0,0,24.0,1,1,13086,1,22447,22635,20284,22635,15070,15598,15070,5710,2530,10625,14058,4723,8295,9957,16469,1645,8263,651,7168,6333,22558,18727,13650,2246,150,18362,1,9:01
2024-25,203486,Mason Plumlee,Mason,1610612756,PHX,Phoenix Suns,0022400740,2025-02-07T00:00:00,PHX vs. UTA,W,29.696666666666665,0.0,1.2,0.0,0.0,0.0,0.0,2.4,2.4,1.0,2.4,4.8,7.3,1.2,1.2,2.4,1.2,0.0,3.6,1.2,2.4,20.6,22.7,0,0,18.2,1,1,13086,1,8055,22635,24833,22635,15070,20945,15070,9264,11411,1,6855,11282,9617,18979,14351,4614,6098,8846,8303,16342,23088,3781,19765,2246,150,21782,1,29:42
2024-25,1642354,KJ Simpson,KJ,1610612766,CHA,Charlotte Hornets,0022400734,2025-02-07T00:00:00,CHA vs. SAS,W,19.233333333333334,9.4,16.8,0.556,3.7,7.5,0.5,0.0,0.0,0.0,0.0,5.6,5.6,5.6,0.0,0.0,0.0,0.0,5.6,1.9,22.5,-22.5,37.6,0,0,37.4,1,1,13086,1,16641,4106,5987,7248,4588,7434,3944,13505,14344,13505,14058,9273,13252,6223,16469,12854,8263,8846,3522,13631,5876,22213,9273,2246,150,8406,1,19:14
2024-25,1628449,Chris Boucher,Chris,1610612761,TOR,Toronto Raptors,0022400739,2025-02-07T00:00:00,TOR @ OKC,L,15.35,9.4,21.1,0.444,7.0,16.4,0.429,0.0,0.0,0.0,2.3,2.3,4.7,0.0,0.0,0.0,0.0,2.3,7.0,2.3,25.8,-21.1,31.4,0,0,37.5,1,13222,1,13222,19342,4058,2270,13045,745,468,7394,13505,14344,13505,7106,18644,15592,19908,16469,12854,8263,2343,1950,11565,3773,21860,13725,2246,150,8346,1,15:21
2024-25,1642419,Jamison Battle,Jamison,1610612761,TOR,Toronto Raptors,0022400739,2025-02-07T00:00:00,TOR @ OKC,L,14.933333333333334,9.6,12.1,0.8,7.2,9.6,0.75,0.0,0.0,0.0,0.0,4.8,4.8,2.4,0.0,2.4,0.0,0.0,4.8,0.0,26.5,4.8,43.2,0,0,45.8,1,13222,1,13222,19616,3664,13502,1688,688,3918,1542,13505,14344,13505,14058,11365,15242,14843,16469,4659,8263,8846,5006,17725,3421,10199,6063,2246,150,3893,1,14:56
2024-25,1629636,Darius Garland,Darius,1610612739,CLE,Cleveland Cavaliers,0022400735,2025-02-07T00:00:00,CLE @ WAS,W,31.95,9.0,16.9,0.533,5.6,9.0,0.625,2.3,3.4,0.667,2.3,3.4,5.6,5.6,4.5,1.1,0.0,0.0,3.4,5.6,25.9,9.0,40.0,0,0,45.1,1,1,13086,1,6020,4679,5907,8140,1635,4798,2868,9772,9140,9425,7400,15573,13199,6181,2990,10805,8263,8846,9151,3147,3722,8172,7763,2246,150,4236,1,31:57
2024-25,201959,Taj Gibson,Taj,1610612766,CHA,Charlotte Hornets,0022400734,2025-02-07T00:00:00,CHA vs. SAS,W,13.301666666666666,5.4,10.8,0.5,0.0,0.0,0.0,0.0,0.0,0.0,5.4,5.4,10.8,0.0,0.0,2.7,2.7,2.7,8.1,0.0,10.8,10.8,40.1,0,0,32.5,1,1,13086,1,20596,13240,15654,8526,15070,20945,15070,13505,14344,13505,2007,9757,4573,19908,16469,3894,2076,1736,1315,17725,17340,7316,7728,2246,150,12011,1,13:18
2024-25,1629643,Chuma Okeke,Chuma,1610612755,PHI,Philadelphia 76ers,0022400738,2025-02-07T00:00:00,PHI @ DET,L,2.183333333333333,0.0,0.0,0.0,0.0,0.0,0.0,0.0,0.0,0.0,0.0,16.5,16.5,0.0,0.0,0.0,0.0,0.0,0.0,0.0,0.0,98.9,19.8,0,0,16.5,1,13222,1,13222,25376,22635,24836,22635,15070,20945,15070,13505,14344,13505,14058,375,1271,19908,16469,12854,8263,8846,20257,17725,23200,72,21266,2246,150,22510,1,2:11
2024-25,1631217,Moussa Diabaté,Moussa,1610612766,CHA,Charlotte Hornets,0022400734,2025-02-07T00:00:00,CHA vs. SAS,W,33.225,4.3,10.8,0.4,0.0,0.0,0.0,1.1,1.1,1.0,7.6,8.7,16.3,6.5,1.1,0.0,0.0,2.2,2.2,2.2,9.8,-4.3,37.9,0,0,32.5,1,1,13086,1,4975,16237,15635,14933,15070,20945,15070,12955,14064,1,920,3865,1339,4713,15247,12854,8263,2722,14261,12304,18393,15240,9068,2246,150,11988,1,33:14
2024-25,1627736,Malik Beasley,Malik,1610612765,DET,Detroit Pistons,0022400738,2025-02-07T00:00:00,DET vs. PHI,W,37.97,12.3,21.8,0.565,8.5,18.0,0.474,0.9,2.8,0.333,1.9,0.9,2.8,0.9,0.9,0.0,0.0,1.9,0.9,2.8,34.1,9.5,38.0,0,0,46.5,1,1,13086,1,1400,1340,1900,7102,364,330,7104,13375,10376,13132,8837,22057,20132,19803,16160,12854,8263,3564,19979,9798,1105,7951,9013,2246,150,3673,1,37:58
2024-25,1630570,Trendon Watford,Trendon,1610612751,BKN,Brooklyn Nets,0022400737,2025-02-07T00:00:00,BKN vs. MIA,W,22.133333333333333,9.8,17.9,0.545,0.0,1.6,0.0,0.0,0.0,0.0,0.0,6.5,6.5,4.9,1.6,1.6,1.6,1.6,0.0,1.6,19.5,30.9,42.8,0,0,37.4,1,1,13086,1,14393,3523,4816,7695,15070,20137,15070,13505,14344,13505,14058,7288,11158,7735,12231,7898,4492,4369,20257,14538,8352,1846,6232,2246,150,8423,1,22:08
2024-25,1630700,Dyson Daniels,Dyson,1610612737,ATL,Atlanta Hawks,0022400736,2025-02-07T00:00:00,ATL vs. MIL,W,38.166666666666664,4.7,11.3,0.417,0.9,1.9,0.5,3.8,6.6,0.571,0.0,5.7,5.7,9.4,1.9,0.9,0.0,0.0,0.9,3.8,14.1,7.5,36.0,1,0,32.1,1,1,13086,1,1289,15200,14795,14532,14821,19765,3944,6137,3766,10536,14058,9144,13137,1736,11123,12418,8263,8846,20004,6924,13789,8860,10349,1,150,12331,1,38:10
2024-25,1630198,Isaiah Joe,Isaiah,1610612760,OKC,Oklahoma City Thunder,0022400739,2025-02-07T00:00:00,OKC vs. TOR,W,25.166666666666668,8.6,10.0,0.857,5.7,7.2,0.8,0.0,0.0,0.0,1.4,1.4,2.9,1.4,1.4,0.0,0.0,0.0,2.9,2.9,22.9,20.0,27.0,0,0,32.9,1,1,13086,1,11859,5473,17032,1412,1544,8143,1389,13505,14344,13505,10620,21026,20095,18231,13103,12854,8263,8846,11357,9723,5566,3942,16912,2246,150,11730,1,25:10
2024-25,1641711,Gradey Dick,Gradey,1610612761,TOR,Toronto Raptors,0022400739,2025-02-07T00:00:00,TOR @ OKC,L,27.816666666666666,6.5,11.6,0.556,2.6,3.9,0.667,6.5,7.8,0.833,3.9,5.2,9.1,1.3,1.3,0.0,1.3,1.3,2.6,3.9,22.0,-7.8,37.4,0,0,37.5,1,13222,1,13222,9700,10264,14225,7248,7863,15842,1957,2426,2696,7275,3756,10341,6647,18678,13827,12854,5673,5681,12463,6623,6214,16865,9407,2246,150,8341,1,27:49
2024-25,202699,Tobias Harris,Tobias,1610612765,DET,Detroit Pistons,0022400738,2025-02-07T00:00:00,DET vs. PHI,W,33.77,8.5,17.1,0.5,0.0,0.0,0.0,6.4,6.4,1.0,4.3,5.3,9.6,3.2,2.1,1.1,0.0,0.0,0.0,3.2,23.5,7.5,40.8,0,0,38.4,1,1,13086,1,4463,5563,5739,8526,15070,20945,15070,2506,4013,1,3229,9958,5931,12327,9835,11339,8263,8846,20257,8575,5167,8902,7264,2246,150,7782,1,33:46
2024-25,1630191,Isaiah Stewart,Isaiah,1610612765,DET,Detroit Pistons,0022400738,2025-02-07T00:00:00,DET vs. PHI,W,21.533333333333335,5.0,11.7,0.429,1.7,1.7,1.0,5.0,6.7,0.75,8.4,5.0,13.4,3.3,1.7,0.0,1.7,1.7,5.0,3.3,16.7,-16.7,41.1,0,0,38.5,1,1,13086,1,14913,14339,14111,13735,11474,20076,1,4014,3671,8186,686,10838,2563,11838,12030,12854,4354,4214,4571,8113,11148,20525,7100,2246,150,7733,1,21:32
2024-25,201569,Eric Gordon,Eric,1610612755,PHI,Philadelphia 76ers,0022400738,2025-02-07T00:00:00,PHI @ DET,L,10.35,0.0,13.9,0.0,0.0,10.4,0.0,0.0,0.0,0.0,0.0,10.4,10.4,7.0,10.4,0.0,0.0,0.0,3.5,3.5,0.0,-38.3,12.5,0,0,17.4,1,13222,1,13222,21984,22635,10318,22635,15070,3031,15070,13505,14344,13505,14058,2271,4972,4056,301,12854,8263,8846,8805,7718,23200,24722,23889,2246,150,22134,1,10:21
2024-25,1626204,Larry Nance Jr.,Larry,1610612737,ATL,Atlanta Hawks,0022400736,2025-02-07T00:00:00,ATL vs. MIL,W,20.05,7.2,14.4,0.5,5.4,7.2,0.75,0.0,0.0,0.0,0.0,1.8,1.8,7.2,1.8,1.8,0.0,0.0,5.4,1.8,19.8,41.3,36.3,0,0,37.7,1,1,13086,1,15985,8504,9587,8526,1862,8079,1542,13505,14344,13505,14058,20251,22166,3789,11570,7277,8263,8846,3867,13952,8119,886,10182,2246,150,8220,1,20:03
2024-25,1641737,Adem Bona,Adem,1610612755,PHI,Philadelphia 76ers,0022400738,2025-02-07T00:00:00,PHI @ DET,L,10.516666666666667,3.4,3.4,1.0,0.0,0.0,0.0,0.0,0.0,0.0,0.0,3.4,3.4,0.0,3.4,0.0,3.4,0.0,10.3,3.4,6.8,-3.4,17.8,0,0,17.1,1,13222,1,13222,21908,18488,24336,1,15070,20945,15070,13505,14344,13505,14058,15451,18723,19908,5178,12854,1284,8846,652,7885,20828,14768,22177,2246,150,22250,1,10:31
2024-25,1629661,Cameron Johnson,Cameron,1610612751,BKN,Brooklyn Nets,0022400737,2025-02-07T00:00:00,BKN vs. MIA,W,29.983333333333334,7.2,14.4,0.5,3.6,7.2,0.5,3.6,4.8,0.75,2.4,4.8,7.2,3.6,1.2,0.0,1.2,0.0,1.2,3.6,21.6,4.8,38.1,0,0,38.4,1,1,13086,1,7797,8445,9509,8526,4923,8042,3944,6485,6298,8186,6915,11427,9732,11081,14438,12854,6169,8846,18533,7385,6536,10214,8988,2246,150,7758,1,29:59
2024-25,203084,Harrison Barnes,Harrison,1610612759,SAS,San Antonio Spurs,0022400734,2025-02-07T00:00:00,SAS @ CHA,L,22.3,6.5,14.5,0.444,0.0,6.5,0.0,0.0,0.0,0.0,4.8,1.6,6.5,3.2,0.0,1.6,0.0,0.0,0.0,0.0,12.9,-4.8,30.3,0,0,25.8,1,13222,1,13222,14279,10292,9308,13045,15070,9633,15070,13505,14344,13505,2516,20644,11258,12199,16469,7936,8263,8846,20257,17725,15184,15497,14537,2246,150,17046,1,22:18
2024-25,1631110,Jeremy Sochan,Jeremy,1610612759,SAS,San Antonio Spurs,0022400734,2025-02-07T00:00:00,SAS @ CHA,L,23.558333333333334,6.1,12.2,0.5,0.0,0.0,0.0,4.6,4.6,1.0,7.6,10.7,18.3,3.1,1.5,0.0,0.0,3.1,3.1,3.1,16.8,-1.5,41.9,1,0,38.2,1,13222,1,13222,13272,11190,13221,8526,15070,20945,15070,4705,6681,1,901,2075,822,12738,12620,12854,8263,1278,10457,9050,11049,13813,6689,1,150,7898,1,23:34
2024-25,203932,Aaron Gordon,Aaron,1610612743,DEN,Denver Nuggets,0022400730,2025-02-06T00:00:00,DEN vs. ORL,W,22.6,4.8,9.6,0.5,1.6,3.2,0.5,6.4,11.2,0.571,1.6,3.2,4.8,11.2,1.6,0.0,1.6,1.6,3.2,8.0,17.5,15.9,43.2,0,0,38.2,1,1,13086,1,14030,15022,17849,8526,11695,17297,3944,2526,983,10536,9954,16136,15351,950,12363,12854,4578,4452,9916,1043,10305,5276,6050,2246,150,7877,1,22:36
2024-25,1629003,Shake Milton,Shake,1610612747,LAL,Los Angeles Lakers,0022400731,2025-02-06T00:00:00,LAL vs. GSW,W,15.216666666666667,2.4,7.1,0.333,0.0,0.0,0.0,0.0,0.0,0.0,0.0,7.1,7.1,4.7,2.4,2.4,2.4,2.4,2.4,0.0,4.7,18.9,32.2,0,0,26.0,1,1,13086,1,19426,20729,21443,17395,15070,20945,15070,13505,14344,13505,14058,6181,9959,8098,8788,4808,2613,2294,13368,17725,22165,4283,13199,2246,150,16909,1,15:13
2024-25,1627739,Kris Dunn,Kris,1610612746,LAC,LA Clippers,0022400733,2025-02-06T00:00:00,LAC vs. IND,L,22.266666666666666,0.0,8.1,0.0,0.0,1.6,0.0,1.6,3.2,0.5,1.6,8.1,9.7,8.1,1.6,1.6,1.6,0.0,4.9,1.6,1.6,0.0,33.5,0,0,25.9,1,13222,1,13222,14302,22635,20117,22635,15070,20146,15070,11568,9449,10625,9853,4587,5798,2800,12268,7924,4510,8846,4948,14571,23177,12240,12207,2246,150,17026,1,22:16
2024-25,1627826,Ivica Zubac,Ivica,1610612746,LAC,LA Clippers,0022400733,2025-02-06T00:00:00,LAC vs. IND,L,34.81666666666667,8.3,11.4,0.727,0.0,0.0,0.0,2.1,2.1,1.0,4.1,11.4,15.5,2.1,2.1,1.0,0.0,1.0,3.1,2.1,18.6,-7.2,41.4,1,0,38.3,1,13222,1,13222,3597,6036,14709,2666,15070,20945,15070,10411,12528,1,3386,1708,1573,16125,10166,11645,8263,7630,10267,12772,9202,16607,6958,1,150,7862,1,34:49
2024-25,1629216,Gabe Vincent,Gabe,1610612747,LAL,Los Angeles Lakers,0022400731,2025-02-06T00:00:00,LAL vs. GSW,W,29.55,6.1,9.7,0.625,6.1,9.7,0.625,0.0,0.0,0.0,0.0,0.0,0.0,1.2,1.2,0.0,0.0,0.0,3.7,1.2,18.3,-3.7,18.9,0,0,25.6,1,1,13086,1,8180,11248,17480,4899,1242,3790,2868,13505,14344,13505,14058,22137,23286,18955,14303,12854,8263,8846,8249,16306,9552,14873,21711,2246,150,17223,1,29:33
2024-25,1626181,Norman Powell,Norman,1610612746,LAC,LA Clippers,0022400733,2025-02-06T00:00:00,LAC vs. IND,L,36.266666666666666,7.9,19.9,0.4,4.0,11.9,0.333,2.0,5.0,0.4,0.0,4.0,4.0,3.0,2.0,0.0,0.0,2.0,3.0,4.0,21.8,0.0,29.1,0,0,32.8,1,13222,1,13222,2491,6751,3058,14933,4049,1826,9209,10700,6008,13061,14058,13810,17387,13005,10587,12854,8263,3271,10818,6388,6338,12240,15427,2246,150,11833,1,36:16
2024-25,1631097,Bennedict Mathurin,Bennedict,1610612754,IND,Indiana Pacers,0022400733,2025-02-06T00:00:00,IND @ LAC,W,28.133333333333333,10.2,16.6,0.615,1.3,6.4,0.2,10.2,15.4,0.667,3.8,3.8,7.7,5.1,0.0,0.0,0.0,0.0,2.6,9.0,32.0,16.6,48.9,0,0,46.1,1,1,13086,1,9432,2981,6262,5246,12939,9756,13429,642,329,9425,3823,14209,8837,7205,16469,12854,8263,8846,12567,672,1534,5025,3669,2246,150,3795,1,28:08
2024-25,1630167,Obi Toppin,Obi,1610612754,IND,Indiana Pacers,0022400733,2025-02-06T00:00:00,IND @ LAC,W,27.683333333333334,5.2,11.7,0.444,0.0,3.9,0.0,2.6,2.6,1.0,2.6,5.2,7.8,2.6,1.3,1.3,0.0,0.0,1.3,1.3,13.0,6.5,28.9,0,0,26.0,1,1,13086,1,9805,13811,14110,13045,15070,15783,15070,8798,10967,1,6342,10273,8612,14212,13794,9448,8263,8846,18026,15903,15087,9376,15581,2246,150,16926,1,27:41
2024-25,1642270,Donovan Clingan,Donovan,1610612757,POR,Portland Trail Blazers,0022400732,2025-02-06T00:00:00,POR vs. SAC,W,16.883333333333333,2.1,4.3,0.5,0.0,0.0,0.0,0.0,4.3,0.0,4.3,10.7,14.9,2.1,2.1,0.0,2.1,0.0,6.4,2.1,4.3,17.1,29.6,0,0,25.6,1,1,13086,1,18330,21176,23953,8526,15070,20945,15070,13505,7282,13505,3226,2114,1806,15881,9829,12854,3119,8846,2491,12473,22429,4888,15062,2246,150,17220,1,16:53
2024-25,203497,Rudy Gobert,Rudy,1610612750,MIN,Minnesota Timberwolves,0022400729,2025-02-06T00:00:00,MIN vs. HOU,W,34.416666666666664,5.2,8.4,0.625,0.0,0.0,0.0,3.1,4.2,0.75,3.1,7.3,10.5,0.0,2.1,0.0,1.0,2.1,4.2,2.1,13.6,2.1,27.2,1,0,26.2,1,1,13086,1,3913,13723,19689,4899,15070,20945,15070,7458,7441,8186,5063,5799,4948,19908,10036,12854,7161,2945,6596,12649,14382,11578,16823,1,150,16833,1,34:25
2024-25,1629020,Jarred Vanderbilt,Jarred,1610612747,LAL,Los Angeles Lakers,0022400731,2025-02-06T00:00:00,LAL vs. GSW,W,20.7,3.5,3.5,1.0,0.0,0.0,0.0,1.7,3.5,0.5,7.0,17.4,24.3,5.2,3.5,1.7,1.7,0.0,7.0,5.2,8.7,-3.5,52.7,0,0,45.2,1,1,13086,1,15489,18368,24319,1,15070,20945,15070,11351,8927,10625,1162,304,210,6997,5061,7489,4195,8846,2010,3752,19351,14784,2531,2246,150,4150,1,20:42
2024-25,201143,Al Horford,Al,1610612738,BOS,Boston Celtics,0022400728,2025-02-06T00:00:00,BOS vs. DAL,L,20.883333333333333,1.7,6.9,0.25,1.7,5.2,0.333,0.0,0.0,0.0,0.0,8.6,8.6,1.7,1.7,0.0,0.0,0.0,0.0,0.0,5.2,-22.4,16.4,0,0,17.2,1,13222,1,13222,15366,21869,21677,20233,11330,12767,9209,13505,14344,13505,14058,3917,7276,17296,11824,12854,8263,8846,20257,17725,21924,22196,22714,2246,150,22198,1,20:53
2024-25,1628415,Dillon Brooks,Dillon,1610612745,HOU,Houston Rockets,0022400729,2025-02-06T00:00:00,HOU @ MIN,L,33.70166666666667,6.4,13.9,0.462,3.2,7.5,0.429,0.0,0.0,0.0,0.0,3.2,3.2,1.1,0.0,0.0,1.1,1.1,4.3,1.1,16.0,-15.0,24.7,0,0,25.6,1,13222,1,13222,4548,10418,10364,12428,5943,7455,7394,13505,14344,13505,14058,16071,19223,19452,16469,12854,6999,7325,6370,17072,11900,19888,18505,2246,150,17182,1,33:42
2024-25,1630311,Pat Spencer,Pat,1610612744,GSW,Golden State Warriors,0022400731,2025-02-06T00:00:00,GSW @ LAL,L,16.831666666666667,12.8,19.2,0.667,0.0,2.1,0.0,2.1,2.1,1.0,0.0,6.4,6.4,0.0,2.1,2.1,0.0,0.0,4.3,2.1,27.8,-4.3,39.8,0,0,38.5,1,13222,1,13222,18373,1091,3547,3281,15070,19292,15070,10168,12290,1,14058,7468,11349,19908,9786,5636,8263,8846,6349,12442,2855,15213,7897,2246,150,7705,1,16:50
2024-25,1631108,Max Christie,Max,1610612742,DAL,Dallas Mavericks,0022400728,2025-02-06T00:00:00,DAL @ BOS,W,29.85,7.2,15.7,0.462,0.0,3.6,0.0,3.6,6.0,0.6,2.4,4.8,7.2,4.8,0.0,0.0,1.2,1.2,1.2,4.8,18.1,6.0,37.6,0,0,32.6,1,1,13086,1,7920,8366,7577,12428,15070,16402,15070,6457,4429,10343,6880,11354,9678,7848,16469,12854,6131,6210,18500,4449,9747,9600,9267,2246,150,11963,1,29:51
2024-25,1627827,Dorian Finney-Smith,Dorian,1610612747,LAL,Los Angeles Lakers,0022400731,2025-02-06T00:00:00,LAL vs. GSW,W,33.45,3.2,6.5,0.5,1.1,4.3,0.25,0.0,0.0,0.0,0.0,1.1,1.1,3.2,2.2,2.2,0.0,0.0,2.2,1.1,7.5,8.6,18.0,0,0,17.2,1,1,13086,1,4768,18931,22148,8526,14090,14903,11902,13505,14344,13505,14058,21813,23119,12203,9716,5580,8263,8846,14342,17021,20290,8357,22104,2246,150,22206,1,33:27
2024-25,1630559,Austin Reaves,Austin,1610612747,LAL,Los Angeles Lakers,0022400731,2025-02-06T00:00:00,LAL vs. GSW,W,35.516666666666666,4.1,17.2,0.235,0.0,9.1,0.0,15.2,16.2,0.938,1.0,2.0,3.0,4.1,4.1,3.0,1.0,1.0,3.0,8.1,23.3,2.0,41.2,0,0,38.5,1,1,13086,1,3054,16962,5541,21144,15070,4639,15070,166,264,6713,13144,19567,19605,9791,3772,3064,7395,7790,10532,964,5278,11609,7082,2246,150,7699,1,35:31
2024-25,1628369,Jayson Tatum,Jayson,1610612738,BOS,Boston Celtics,0022400728,2025-02-06T00:00:00,BOS vs. DAL,L,28.55,6.3,15.1,0.417,3.8,6.3,0.6,5.0,6.3,0.8,2.5,2.5,5.0,5.0,5.0,0.0,1.3,2.5,2.5,2.5,21.4,-27.7,33.8,0,0,37.8,1,13222,1,13222,9073,10695,8375,14532,4492,9968,2992,3963,4123,7681,6546,18129,14692,7376,2292,12854,5849,2004,12702,10904,6703,23382,11977,2246,150,8148,1,28:33
2024-25,1642366,Quinten Post,Quinten,1610612744,GSW,Golden State Warriors,0022400731,2025-02-06T00:00:00,GSW @ LAL,L,11.265,6.4,16.0,0.4,6.4,16.0,0.4,0.0,0.0,0.0,0.0,6.4,6.4,6.4,0.0,0.0,0.0,0.0,6.4,3.2,19.2,-54.3,36.4,0,0,38.3,1,13222,1,13222,21600,10468,7139,14933,1063,528,7874,13505,14344,13505,14058,7520,11418,4865,16469,12854,8263,8846,2496,8580,8674,25550,10069,2246,150,7800,1,11:16
2024-25,204001,Kristaps Porziņģis,Kristaps,1610612738,BOS,Boston Celtics,0022400728,2025-02-06T00:00:00,BOS vs. DAL,L,26.5,9.5,17.7,0.538,1.4,4.1,0.333,2.7,4.1,0.667,1.4,5.4,6.8,1.4,2.7,0.0,2.7,0.0,5.4,6.8,23.1,-12.2,38.7,0,0,38.0,1,13222,1,13222,10724,3870,5060,7978,12608,15407,9209,8530,7687,9425,10941,9705,10541,18475,7476,12854,2053,8846,3795,1829,5423,18827,8581,2246,150,8004,1,26:30
2024-25,203110,Draymond Green,Draymond,1610612744,GSW,Golden State Warriors,0022400731,2025-02-06T00:00:00,GSW @ LAL,L,32.86833333333333,5.5,7.7,0.714,2.2,2.2,1.0,1.1,3.3,0.333,0.0,5.5,5.5,4.4,0.0,2.2,1.1,1.1,5.5,5.5,14.2,-1.1,37.2,0,0,32.9,1,13222,1,13222,5275,13048,20693,2752,9268,19187,1,12919,9340,13132,14058,9600,13605,8929,16469,5440,6822,7083,3739,3372,13684,13611,9506,2246,150,11759,1,32:52
2024-25,1628418,Thomas Bryant,Thomas,1610612754,IND,Indiana Pacers,0022400733,2025-02-06T00:00:00,IND @ LAC,W,28.0,5.1,12.9,0.4,2.6,6.4,0.4,2.6,2.6,1.0,5.1,7.7,12.9,5.1,1.3,0.0,1.3,0.0,1.3,1.3,15.4,2.6,41.1,1,0,38.6,1,1,13086,1,9543,13969,12107,14933,7910,9692,7874,8876,11044,1,2251,5141,2901,7145,13875,12854,5711,8846,18096,15968,12491,11332,7087,1,150,7653,1,28:00
2024-25,1628401,Derrick White,Derrick,1610612738,BOS,Boston Celtics,0022400728,2025-02-06T00:00:00,BOS vs. DAL,L,25.8,7.0,14.0,0.5,2.8,8.4,0.333,1.4,1.4,1.0,0.0,4.2,4.2,4.2,1.4,0.0,1.4,0.0,2.8,2.8,18.1,-9.8,32.2,0,0,32.1,1,13222,1,13222,11331,8988,10242,8526,7245,5794,9209,12021,13596,1,14058,13152,16842,9427,13305,12854,5247,8846,11679,9994,9691,17781,13142,2246,150,12303,1,25:48
2024-25,1630545,Terrence Shannon Jr.,Terrence,1610612750,MIN,Minnesota Timberwolves,0022400729,2025-02-06T00:00:00,MIN vs. HOU,W,6.566666666666666,11.0,21.9,0.5,5.5,11.0,0.5,0.0,0.0,0.0,0.0,0.0,0.0,5.5,0.0,0.0,0.0,0.0,0.0,0.0,27.4,-11.0,35.6,0,0,38.4,1,1,13086,1,23340,2284,1851,8526,1752,2521,3944,13505,14344,13505,14058,22137,23286,6462,16469,12854,8263,8846,20257,17725,3017,18302,10622,2246,150,7783,1,6:34
2024-25,1630202,Payton Pritchard,Payton,1610612738,BOS,Boston Celtics,0022400728,2025-02-06T00:00:00,BOS vs. DAL,L,32.86666666666667,9.9,16.4,0.6,3.3,9.9,0.333,0.0,0.0,0.0,1.1,5.5,6.6,6.6,2.2,0.0,1.1,1.1,4.4,0.0,23.0,-3.3,41.8,0,0,41.6,1,13222,1,13222,5276,3391,6509,5394,5715,3653,9209,13505,14344,13505,12504,9598,11016,4602,9547,12854,6821,7080,6063,17725,5474,14709,6708,2246,150,5836,1,32:52
2024-25,1630568,Luka Garza,Luka,1610612750,MIN,Minnesota Timberwolves,0022400729,2025-02-06T00:00:00,MIN vs. HOU,W,2.0,0.0,0.0,0.0,0.0,0.0,0.0,0.0,0.0,0.0,18.0,18.0,36.0,0.0,0.0,0.0,0.0,0.0,18.0,0.0,0.0,36.0,43.2,0,0,36.0,1,1,13086,1,25452,22635,24836,22635,15070,20945,15070,13505,14344,13505,82,255,45,19908,16469,12854,8263,8846,152,17725,23200,1287,6030,2246,150,9360,1,2:00
2024-25,1628976,Wendell Carter Jr.,Wendell,1610612753,ORL,Orlando Magic,0022400730,2025-02-06T00:00:00,ORL @ DEN,L,26.15,9.6,12.4,0.778,1.4,4.1,0.333,5.5,6.9,0.8,4.1,1.4,5.5,0.0,2.8,1.4,0.0,0.0,4.1,6.9,26.2,-34.4,34.1,0,0,35.8,1,13222,1,13222,11042,3674,12908,1994,12536,15271,9209,3409,3491,7681,3394,21136,13525,19908,7367,9031,8263,8846,6737,1751,3604,24350,11695,2246,150,9519,1,26:09
2024-25,1630556,Kessler Edwards,Kessler,1610612742,DAL,Dallas Mavericks,0022400728,2025-02-06T00:00:00,DAL @ BOS,W,14.635,2.5,2.5,1.0,0.0,0.0,0.0,2.5,2.5,1.0,0.0,7.4,7.4,7.4,0.0,0.0,2.5,0.0,4.9,2.5,7.4,12.3,34.7,0,0,27.1,1,1,13086,1,19802,20541,24654,1,15070,20945,15070,9171,11317,1,14058,5710,9413,3535,16469,12854,2454,8846,4801,11133,20427,6672,11309,2246,150,16115,1,14:38
2024-25,203924,Jerami Grant,Jerami,1610612757,POR,Portland Trail Blazers,0022400732,2025-02-06T00:00:00,POR vs. SAC,W,36.93333333333333,3.9,10.7,0.364,1.9,6.8,0.286,1.9,1.9,1.0,0.0,3.9,3.9,1.9,0.0,1.0,2.9,1.9,3.9,1.9,11.7,4.9,31.0,0,0,27.3,1,1,13086,1,2028,17323,15849,16861,10398,8845,11433,10803,12860,1,14058,14027,17570,16561,16469,12172,1786,3384,7449,13320,16457,10172,14064,2246,150,15951,1,36:56
2024-25,1630166,Deni Avdija,Deni,1610612757,POR,Portland Trail Blazers,0022400732,2025-02-06T00:00:00,POR vs. SAC,W,17.7,6.1,12.2,0.5,4.1,8.1,0.5,2.0,4.1,0.5,0.0,8.1,8.1,0.0,4.1,0.0,0.0,0.0,4.1,6.1,18.3,-12.2,24.0,0,0,30.5,1,1,13086,1,17779,11218,13250,8526,3854,6205,3944,10514,7702,10625,14058,4507,8031,19908,3745,12854,8263,8846,6940,2501,9516,18813,18937,2246,150,13541,1,17:42
2024-25,1641809,Drew Peterson,Drew,1610612738,BOS,Boston Celtics,0022400728,2025-02-06T00:00:00,BOS vs. DAL,L,9.583333333333334,3.8,3.8,1.0,3.8,3.8,1.0,0.0,0.0,0.0,0.0,3.8,3.8,11.3,0.0,0.0,0.0,0.0,0.0,0.0,11.3,63.9,32.7,0,0,30.1,1,13222,1,13222,22248,17687,24205,1,4557,16085,1,13505,14344,13505,14058,14452,17925,909,16469,12854,8263,8846,20257,17725,16924,303,12813,2246,150,13905,1,9:35
2024-25,1627884,Derrick Jones Jr.,Derrick,1610612746,LAC,LA Clippers,0022400733,2025-02-06T00:00:00,LAC vs. IND,L,27.416666666666668,6.6,13.1,0.5,2.6,6.6,0.4,0.0,0.0,0.0,2.6,2.6,5.3,1.3,3.9,1.3,0.0,0.0,2.6,1.3,15.8,-11.8,24.0,0,0,27.6,1,13222,1,13222,10001,10026,11619,8526,7749,9398,7874,13505,14344,13505,6285,17884,14151,18618,3998,9393,8263,8846,12341,15851,12170,18675,18924,2246,150,15738,1,27:25
2024-25,201935,James Harden,James,1610612746,LAC,LA Clippers,0022400733,2025-02-06T00:00:00,LAC vs. IND,L,37.75,6.7,13.4,0.5,3.8,8.6,0.444,3.8,4.8,0.8,1.0,4.8,5.7,9.5,3.8,1.0,0.0,0.0,1.9,1.9,21.0,9.5,41.2,1,0,42.0,1,13222,1,13222,1539,9751,11214,8526,4396,5446,7211,6055,6358,7681,13615,11516,12958,1685,4279,12322,8263,8846,15637,13483,7096,7924,7053,1,150,5671,1,37:45
2024-25,1630256,Jae'Sean Tate,Jae'Sean,1610612745,HOU,Houston Rockets,0022400729,2025-02-06T00:00:00,HOU @ MIN,L,10.53,0.0,3.4,0.0,0.0,3.4,0.0,0.0,0.0,0.0,3.4,6.8,10.3,10.3,0.0,3.4,0.0,0.0,6.8,0.0,0.0,-6.8,37.9,0,0,27.4,1,13222,1,13222,21906,22635,24342,22635,15070,16830,15070,13505,14344,13505,4501,6640,5170,1307,16469,2352,8263,8846,2113,17725,23200,16444,9050,2246,150,15902,1,10:32
2024-25,1630578,Alperen Sengun,Alperen,1610612745,HOU,Houston Rockets,0022400729,2025-02-06T00:00:00,HOU @ MIN,L,32.653333333333336,6.6,12.1,0.545,1.1,2.2,0.5,3.3,4.4,0.75,3.3,7.7,11.0,7.7,2.2,2.2,0.0,1.1,4.4,2.2,17.6,-23.2,46.9,1,0,41.9,1,13222,1,13222,5444,9889,13367,7695,13930,19162,3944,7097,7014,8186,4738,5138,4390,3161,9490,5373,8263,7026,5997,12142,10177,22364,4369,1,150,5706,1,32:39
2024-25,1626172,Kevon Looney,Kevon,1610612744,GSW,Golden State Warriors,0022400731,2025-02-06T00:00:00,GSW @ LAL,L,11.916666666666666,6.0,9.1,0.667,0.0,0.0,0.0,0.0,0.0,0.0,6.0,3.0,9.1,6.0,0.0,0.0,0.0,0.0,9.1,0.0,12.1,-21.1,32.0,0,0,27.2,1,13222,1,13222,21323,11394,18624,3281,15070,20945,15070,13505,14344,13505,1595,16646,6641,5409,16469,12854,8263,8846,945,17725,16056,21870,13307,2246,150,16025,1,11:55
2024-25,1630183,Jaden McDaniels,Jaden,1610612750,MIN,Minnesota Timberwolves,0022400729,2025-02-06T00:00:00,MIN vs. HOU,W,30.616666666666667,7.1,17.6,0.4,0.0,4.7,0.0,0.0,0.0,0.0,5.9,3.5,9.4,4.7,3.5,0.0,1.2,1.2,5.9,1.2,14.1,25.9,32.5,0,0,30.6,1,1,13086,1,7200,8800,5090,14933,15070,13950,15070,13505,14344,13505,1692,15150,6175,8180,4957,12854,6327,6436,3102,16525,13838,2639,12982,2246,150,13496,1,30:37
2024-25,1630224,Jalen Green,Jalen,1610612745,HOU,Houston Rockets,0022400729,2025-02-06T00:00:00,HOU @ MIN,L,37.96666666666667,8.5,20.9,0.409,2.8,7.6,0.375,6.6,9.5,0.7,0.9,4.7,5.7,4.7,0.9,0.9,0.0,1.9,0.0,7.6,26.5,-13.3,42.4,0,0,41.7,1,13222,1,13222,1402,5555,2425,14895,7067,7204,8800,2290,1605,9366,13664,11592,13050,8076,16159,12365,8263,3558,20257,1272,3406,19218,6434,2246,150,5790,1,37:58
2024-25,1631124,Julian Strawther,Julian,1610612743,DEN,Denver Nuggets,0022400730,2025-02-06T00:00:00,DEN vs. ORL,W,31.083333333333332,1.2,9.3,0.125,0.0,4.6,0.0,0.0,0.0,0.0,1.2,2.3,3.5,3.5,2.3,1.2,0.0,2.3,4.6,2.3,2.3,20.8,12.9,0,0,11.6,1,1,13086,1,6807,22531,18316,22420,15070,14128,15070,13505,14344,13505,12057,18717,18611,11473,8999,10516,8263,2392,5460,11683,23108,3735,23808,2246,150,24088,1,31:05
2024-25,202695,Kawhi Leonard,Kawhi,1610612746,LAC,LA Clippers,0022400733,2025-02-06T00:00:00,LAC vs. IND,L,33.483333333333334,7.5,17.2,0.438,3.2,6.5,0.5,2.2,2.2,1.0,0.0,4.3,4.3,4.3,5.4,0.0,1.1,0.0,1.1,3.2,20.4,-10.8,29.9,0,0,34.4,1,13222,1,13222,4745,7711,5575,13558,5886,9647,3944,10125,12251,1,14058,12805,16530,9123,1924,12854,6940,8846,19240,8475,7561,18210,14885,2246,150,10522,1,33:29
2024-25,1627734,Domantas Sabonis,Domantas,1610612758,SAC,Sacramento Kings,0022400732,2025-02-06T00:00:00,SAC @ POR,L,29.266666666666666,2.5,7.4,0.333,1.2,3.7,0.333,6.2,7.4,0.833,4.9,12.3,17.2,4.9,4.9,1.2,1.2,1.2,7.4,4.9,12.3,6.2,42.8,1,0,40.6,1,13222,1,13222,8428,20536,21096,17395,13207,16238,9209,2727,3013,7275,2445,1229,1077,7642,2436,9941,5995,6053,1721,4259,15823,9549,6218,1,150,6447,1,29:16
2024-25,1629599,Amir Coffey,Amir,1610612746,LAC,LA Clippers,0022400733,2025-02-06T00:00:00,LAC vs. IND,L,23.083333333333332,6.2,10.9,0.571,6.2,7.8,0.8,3.1,3.1,1.0,0.0,3.1,3.1,0.0,3.1,0.0,1.6,0.0,1.6,1.6,21.8,-18.7,27.1,0,0,34.3,1,13222,1,13222,13647,10867,15503,6538,1140,6797,1389,7497,9675,1,14058,16363,19435,19908,6066,12854,4676,8846,17003,14756,6344,21146,16857,2246,150,10601,1,23:05
2024-25,1629028,Deandre Ayton,Deandre,1610612757,POR,Portland Trail Blazers,0022400732,2025-02-06T00:00:00,POR vs. SAC,W,30.516666666666666,8.3,16.5,0.5,0.0,0.0,0.0,4.7,4.7,1.0,3.5,5.9,9.4,4.7,1.2,0.0,2.4,0.0,2.4,2.4,21.2,-2.4,45.5,0,0,40.1,1,1,13086,1,7300,6069,6400,8526,15070,20945,15070,4487,6449,1,4310,8549,6126,8146,14586,12854,2626,8846,13398,11502,6897,14240,4925,2246,150,6723,1,30:31
2024-25,1629655,Daniel Gafford,Daniel,1610612742,DAL,Dallas Mavericks,0022400728,2025-02-06T00:00:00,DAL @ BOS,W,33.69833333333333,3.2,4.3,0.75,0.0,0.0,0.0,2.1,3.2,0.667,2.1,13.9,16.0,5.3,1.1,0.0,2.1,0.0,4.3,2.1,8.5,8.5,41.1,0,0,34.2,1,1,13086,1,4559,18979,23946,2107,15070,20945,15070,10178,9511,9425,7817,784,1423,6738,15357,12854,3102,8846,6363,12452,19470,8383,7097,2246,150,10707,1,33:42
2024-25,1630175,Cole Anthony,Cole,1610612753,ORL,Orlando Magic,0022400730,2025-02-06T00:00:00,ORL @ DEN,L,21.748333333333335,3.3,13.2,0.25,0.0,3.3,0.0,1.7,3.3,0.5,1.7,1.7,3.3,5.0,5.0,1.7,0.0,1.7,5.0,1.7,8.3,-28.1,19.7,0,0,19.9,1,13222,1,13222,14725,18727,11411,20233,15070,17047,15070,11493,9283,10625,9730,20551,18969,7539,2383,7784,8263,4268,4691,14427,19671,23463,21313,2246,150,20935,1,21:45
2024-25,1630532,Franz Wagner,Franz,1610612753,ORL,Orlando Magic,0022400730,2025-02-06T00:00:00,ORL @ DEN,L,29.515,7.3,20.7,0.353,0.0,3.7,0.0,2.4,2.4,1.0,2.4,2.4,4.9,4.9,1.2,2.4,1.2,1.2,2.4,4.9,17.1,-25.6,40.0,0,0,34.2,1,13222,1,13222,8218,8192,2494,17268,15070,16310,15070,9220,11363,1,6807,18361,15114,7737,14293,4563,6055,6125,13035,4336,10777,22940,7758,2246,150,10735,1,29:31
2024-25,1629675,Naz Reid,Naz,1610612750,MIN,Minnesota Timberwolves,0022400729,2025-02-06T00:00:00,MIN vs. HOU,W,35.53333333333333,6.1,16.2,0.375,2.0,8.1,0.25,1.0,1.0,1.0,4.1,7.1,11.1,4.1,2.0,2.0,2.0,1.0,2.0,1.0,15.2,25.3,44.8,1,0,40.5,1,1,13086,1,3044,11282,6819,16299,10031,6273,11902,13202,14198,1,3521,6192,4283,9795,10389,6131,3403,7795,14985,17342,12712,2742,5290,1,150,6484,1,35:32
2024-25,1626167,Myles Turner,Myles,1610612754,IND,Indiana Pacers,0022400733,2025-02-06T00:00:00,IND @ LAC,W,5.783333333333333,0.0,24.9,0.0,0.0,12.4,0.0,0.0,0.0,0.0,0.0,0.0,0.0,0.0,0.0,6.2,0.0,0.0,0.0,0.0,0.0,-49.8,18.7,0,0,12.4,1,1,13086,1,23675,22635,847,22635,15070,1551,15070,13505,14344,13505,14058,22137,23286,19908,16469,424,8263,8846,20257,17725,23200,25390,21808,2246,150,23883,1,5:47
2024-25,201942,DeMar DeRozan,DeMar,1610612758,SAC,Sacramento Kings,0022400732,2025-02-06T00:00:00,SAC @ POR,L,37.266666666666666,8.7,15.5,0.563,1.0,3.9,0.25,2.9,3.9,0.75,1.0,2.9,3.9,6.8,0.0,1.0,2.9,1.9,2.9,3.9,21.3,4.8,47.6,0,0,40.6,1,13222,1,13222,1815,5274,7884,7127,14721,15871,11902,8098,8106,8186,13526,17092,17671,4335,16469,12235,1826,3445,11198,6666,6880,10197,4100,2246,150,6462,1,37:16
2024-25,1629638,Nickeil Alexander-Walker,Nickeil,1610612750,MIN,Minnesota Timberwolves,0022400729,2025-02-06T00:00:00,MIN vs. HOU,W,32.083333333333336,1.1,4.5,0.25,0.0,1.1,0.0,0.0,0.0,0.0,0.0,3.4,3.4,2.2,0.0,1.1,0.0,1.1,1.1,0.0,2.2,12.3,13.0,0,0,10.1,1,1,13086,1,5901,22565,23813,20233,15070,20719,15070,13505,14344,13505,14058,15606,18837,15458,16469,10849,8263,6857,18980,17725,23127,6663,23768,2246,150,24403,1,32:05
2024-25,1631106,Tari Eason,Tari,1610612745,HOU,Houston Rockets,0022400729,2025-02-06T00:00:00,HOU @ MIN,L,28.356666666666666,5.1,6.3,0.8,0.0,0.0,0.0,2.5,2.5,1.0,1.3,3.8,5.1,2.5,2.5,6.3,3.8,0.0,3.8,1.3,12.7,0.0,50.5,0,0,40.6,1,13222,1,13222,9253,14152,22270,1688,15070,20945,15070,8939,11107,1,11365,14291,14585,14407,8086,405,1025,8846,7709,16034,15395,12240,3120,2246,150,6428,1,28:21
2024-25,1631216,Caleb Houstan,Caleb,1610612753,ORL,Orlando Magic,0022400730,2025-02-06T00:00:00,ORL @ DEN,L,7.466666666666667,0.0,4.8,0.0,0.0,4.8,0.0,4.8,9.6,0.5,0.0,4.8,4.8,0.0,0.0,0.0,0.0,0.0,0.0,4.8,4.8,33.8,10.6,0,0,9.6,1,13222,1,13222,23013,22635,23590,22635,15070,13642,15070,4309,1528,10625,14058,11365,15242,19908,16469,12854,8263,8846,20257,4456,22114,1533,24320,2246,150,24502,1,7:28
2024-25,1642269,Devin Carter,Devin,1610612758,SAC,Sacramento Kings,0022400732,2025-02-06T00:00:00,SAC @ POR,L,8.316666666666666,0.0,8.7,0.0,0.0,4.3,0.0,0.0,0.0,0.0,0.0,4.3,4.3,0.0,0.0,4.3,0.0,0.0,0.0,8.7,0.0,-43.3,18.2,0,0,13.0,1,13222,1,13222,22703,22635,19261,22635,15070,14846,15070,13505,14344,13505,14058,12715,16459,19908,16469,1350,8263,8846,20257,768,23200,25079,22014,2246,150,23722,1,8:19
2024-25,201144,Mike Conley,Mike,1610612750,MIN,Minnesota Timberwolves,0022400729,2025-02-06T00:00:00,MIN vs. HOU,W,28.518333333333334,7.6,10.1,0.75,5.0,5.0,1.0,0.0,0.0,0.0,0.0,3.8,3.8,6.3,1.3,1.3,1.3,0.0,1.3,0.0,20.2,15.1,40.5,0,0,40.4,1,1,13086,1,9102,7581,16895,2107,2211,13075,1,13505,14344,13505,14058,14366,17861,5004,14028,9705,5841,8846,18211,17725,7741,5569,7450,2246,150,6549,1,28:31
2024-25,1642050,Jackson Rowe,Jackson,1610612744,GSW,Golden State Warriors,0022400731,2025-02-06T00:00:00,GSW @ LAL,L,15.47,0.0,11.6,0.0,0.0,9.3,0.0,0.0,0.0,0.0,0.0,2.3,2.3,4.7,0.0,2.3,0.0,0.0,4.7,0.0,0.0,-2.3,16.8,0,0,11.6,1,13222,1,13222,19268,22635,14249,22635,15070,4372,15070,13505,14344,13505,14058,18688,21146,8298,16469,4943,8263,8846,5404,17725,23200,14222,22576,2246,150,24073,1,15:28
2024-25,1627783,Pascal Siakam,Pascal,1610612754,IND,Indiana Pacers,0022400733,2025-02-06T00:00:00,IND @ LAC,W,34.53333333333333,13.6,19.8,0.684,5.2,6.3,0.833,2.1,2.1,1.0,0.0,11.5,11.5,2.1,0.0,2.1,0.0,0.0,3.1,2.1,34.4,15.6,57.5,1,0,57.3,1,1,13086,1,3822,839,3104,3255,2044,10071,1341,10342,12469,1,14058,1658,3989,16046,16469,5851,8263,8846,10178,12682,1059,5372,1548,1,150,1127,1,34:32
2024-25,1629111,Jock Landale,Jock,1610612745,HOU,Houston Rockets,0022400729,2025-02-06T00:00:00,HOU @ MIN,L,14.215,10.1,10.1,1.0,2.5,2.5,1.0,2.5,2.5,1.0,5.1,7.6,12.7,2.5,2.5,0.0,0.0,0.0,5.1,5.1,25.3,12.7,41.8,0,0,43.1,1,13222,1,13222,20073,3082,16862,1,8040,18564,1,8955,11121,1,2311,5333,3027,14433,8108,12854,8263,8846,4458,3984,4041,6534,6730,2246,150,5115,1,14:13
2024-25,2544,LeBron James,LeBron,1610612747,LAL,Los Angeles Lakers,0022400731,2025-02-06T00:00:00,LAL vs. GSW,W,38.03333333333333,13.3,23.7,0.56,5.7,8.5,0.667,7.6,9.5,0.8,0.9,15.1,16.1,7.6,2.8,0.9,0.9,0.0,0.9,5.7,39.8,6.6,73.3,1,0,72.9,1,1,13086,1,1365,923,1162,7232,1577,5558,1957,1625,1618,7681,13676,540,1396,3315,7066,12383,7855,8846,19986,3062,462,9321,332,1,150,264,1,38:02
2024-25,1627759,Jaylen Brown,Jaylen,1610612738,BOS,Boston Celtics,0022400728,2025-02-06T00:00:00,BOS vs. DAL,L,32.666666666666664,9.9,17.6,0.563,3.3,4.4,0.75,4.4,4.4,1.0,0.0,5.5,5.5,2.2,3.3,1.1,0.0,0.0,1.1,4.4,27.6,-16.5,37.5,0,0,40.8,1,13222,1,13222,5424,3310,5095,7127,5638,14656,1542,4974,7016,1,14058,9499,13509,15609,5491,11005,8263,8846,19084,5322,2956,20454,9363,2246,150,6345,1,32:40
2024-25,203957,Danté Exum,Danté,1610612742,DAL,Dallas Mavericks,0022400728,2025-02-06T00:00:00,DAL @ BOS,W,19.716666666666665,9.1,14.6,0.625,7.3,11.0,0.667,1.8,3.7,0.5,0.0,0.0,0.0,9.1,1.8,0.0,0.0,1.8,0.0,7.3,27.4,53.0,39.3,0,0,43.8,1,1,13086,1,16246,4487,9191,4899,664,2536,1957,11180,8577,10625,14058,22137,23286,1915,11432,12854,8263,3813,20257,1445,3027,486,8230,2246,150,4776,1,19:43
2024-25,1629008,Michael Porter Jr.,Michael,1610612743,DEN,Denver Nuggets,0022400730,2025-02-06T00:00:00,DEN vs. ORL,W,30.266666666666666,13.1,19.0,0.688,5.9,9.5,0.625,3.6,5.9,0.6,2.4,5.9,8.3,1.2,3.6,0.0,1.2,1.2,1.2,2.4,35.7,22.6,47.5,0,0,53.5,1,1,13086,1,7529,995,3728,3227,1346,4079,2868,6557,4550,10343,6985,8456,7729,19051,4850,12854,6242,6339,18593,11435,880,3345,4153,2246,150,1705,1,30:16
2024-25,201939,Stephen Curry,Stephen,1610612744,GSW,Golden State Warriors,0022400731,2025-02-06T00:00:00,GSW @ LAL,L,37.096666666666664,12.6,34.0,0.371,5.8,19.4,0.3,4.9,4.9,1.0,1.9,4.9,6.8,3.9,3.9,1.0,1.0,2.9,2.9,4.9,35.9,-2.9,51.8,0,0,56.3,1,13222,1,13222,1933,1188,152,16819,1457,266,11319,4266,6197,1,8658,11273,10540,10277,4125,12205,7684,1448,11133,4391,845,14521,2755,2246,150,1258,1,37:06
2024-25,1630162,Anthony Edwards,Anthony,1610612750,MIN,Minnesota Timberwolves,0022400729,2025-02-06T00:00:00,MIN vs. HOU,W,38.45,10.3,23.4,0.44,4.7,11.2,0.417,13.1,14.0,0.933,1.9,4.7,6.6,5.6,3.7,0.0,0.9,0.9,2.8,11.2,38.4,8.4,53.7,0,0,57.1,1,1,13086,1,1135,2914,1246,13537,2766,2302,7826,257,447,6716,8937,11769,11055,6219,4447,12854,7915,8444,11609,257,570,8429,2263,2246,150,1149,1,38:27
2024-25,204456,T.J. McConnell,T.J.,1610612754,IND,Indiana Pacers,0022400733,2025-02-06T00:00:00,IND @ LAC,W,14.9,4.8,19.3,0.25,2.4,4.8,0.5,0.0,0.0,0.0,2.4,4.8,7.2,14.5,7.2,2.4,0.0,4.8,2.4,0.0,12.1,0.0,42.5,0,0,41.1,1,1,13086,1,19635,14851,3477,20233,8432,13617,3944,13505,14344,13505,6873,11326,9654,334,794,4644,8263,399,13123,17725,16063,12240,6356,2246,150,6155,1,14:54
2024-25,202691,Klay Thompson,Klay,1610612742,DAL,Dallas Mavericks,0022400728,2025-02-06T00:00:00,DAL @ BOS,W,28.953333333333333,13.7,21.1,0.647,3.7,7.5,0.5,0.0,0.0,0.0,0.0,3.7,3.7,5.0,0.0,0.0,0.0,1.2,1.2,1.2,31.1,16.2,43.0,0,0,43.5,1,1,13086,1,8712,795,2252,4571,4627,7488,3944,13505,14344,13505,14058,14541,17996,7528,16469,12854,8263,5976,18312,16163,1756,5198,6133,2246,150,4916,1,28:57
2024-25,1641767,Ben Sheppard,Ben,1610612754,IND,Indiana Pacers,0022400733,2025-02-06T00:00:00,IND @ LAC,W,15.273333333333333,11.8,16.5,0.714,4.7,9.4,0.5,0.0,0.0,0.0,0.0,2.4,2.4,0.0,0.0,4.7,2.4,0.0,7.1,0.0,28.3,7.1,52.3,0,0,49.5,1,1,13086,1,19396,1672,6423,2752,2710,4215,3944,13505,14344,13505,14058,18600,21083,19908,16469,1074,2632,8846,1925,17725,2678,9100,2636,2246,150,2672,1,15:16
2024-25,1631132,Christian Koloko,Christian,1610612747,LAL,Los Angeles Lakers,0022400731,2025-02-06T00:00:00,LAL vs. GSW,W,3.8333333333333335,18.8,18.8,1.0,0.0,0.0,0.0,0.0,0.0,0.0,0.0,18.8,18.8,0.0,0.0,0.0,0.0,0.0,9.4,0.0,37.6,9.4,60.1,0,0,56.3,1,1,13086,1,24568,181,3943,1,15070,20945,15070,13505,14344,13505,14058,212,731,19908,16469,12854,8263,8846,842,17725,646,7993,1183,2246,150,1250,1,3:50
2024-25,203999,Nikola Jokić,Nikola,1610612743,DEN,Denver Nuggets,0022400730,2025-02-06T00:00:00,DEN vs. ORL,W,31.116666666666667,12.7,18.5,0.688,2.3,4.6,0.5,4.6,6.9,0.667,0.0,11.6,11.6,13.9,3.5,2.3,0.0,0.0,2.3,3.5,32.4,25.5,70.6,1,1,64.8,1,1,13086,1,6775,1136,4206,3227,8800,14142,3944,4633,3423,9425,14058,1583,3877,403,5082,4985,8263,8846,13591,7736,1439,2716,416,1,1,486,1,31:07
2024-25,1629014,Anfernee Simons,Anfernee,1610612757,POR,Portland Trail Blazers,0022400732,2025-02-06T00:00:00,POR vs. SAC,W,34.45,9.4,16.7,0.563,8.4,12.5,0.667,4.2,4.2,1.0,0.0,2.1,2.1,6.3,2.1,1.0,0.0,2.1,1.0,2.1,31.3,4.2,44.3,0,0,50.2,1,1,13086,1,3894,4019,6156,7127,390,1505,1957,5377,7451,1,14058,19387,21631,5067,10048,11539,8263,2952,19446,12661,1683,10556,5515,2246,150,2488,1,34:27
2024-25,1641765,Olivier-Maxence Prosper,Olivier-Maxence,1610612742,DAL,Dallas Mavericks,0022400728,2025-02-06T00:00:00,DAL @ BOS,W,14.215,0.0,7.6,0.0,0.0,2.5,0.0,0.0,0.0,0.0,2.5,0.0,2.5,5.1,0.0,7.6,0.0,5.1,5.1,0.0,0.0,-7.6,33.4,0,0,22.8,1,1,13086,1,20073,22635,20797,22635,15070,18564,15070,13505,14344,13505,6516,22137,20740,7322,16469,238,8263,356,4458,17725,23200,16781,12236,2246,150,19145,1,14:13
2024-25,203484,Kentavious Caldwell-Pope,Kentavious,1610612753,ORL,Orlando Magic,0022400730,2025-02-06T00:00:00,ORL @ DEN,L,26.566666666666666,2.7,8.1,0.333,1.4,4.1,0.333,2.7,2.7,1.0,1.4,4.1,5.4,4.1,0.0,1.4,0.0,0.0,1.4,1.4,9.5,-19.0,26.2,0,0,23.0,1,13222,1,13222,10668,20063,20045,17395,12629,15444,9209,8553,10720,1,10960,13526,13758,9766,16469,9163,8263,8846,17805,15646,18654,21232,17513,2246,150,18994,1,26:34
2024-25,203897,Zach LaVine,Zach,1610612758,SAC,Sacramento Kings,0022400732,2025-02-06T00:00:00,SAC @ POR,L,36.8,7.8,18.6,0.421,2.9,8.8,0.333,2.9,3.9,0.75,0.0,3.9,3.9,1.0,0.0,0.0,1.0,2.0,2.0,2.9,21.5,-1.0,30.6,0,0,31.3,1,13222,1,13222,2125,7011,4134,14442,6742,5097,9209,7995,8015,8186,14058,13983,17529,19741,16469,12854,7638,3368,15371,9473,6620,13521,14331,2246,150,12918,1,36:48
2024-25,1627780,Gary Payton II,Gary,1610612744,GSW,Golden State Warriors,0022400731,2025-02-06T00:00:00,GSW @ LAL,L,8.08,4.5,17.8,0.25,0.0,13.4,0.0,4.5,4.5,1.0,0.0,4.5,4.5,4.5,4.5,4.5,0.0,0.0,4.5,4.5,13.4,4.5,34.3,0,0,31.2,1,13222,1,13222,22789,15915,4890,20233,15070,1146,15070,4901,6927,1,14058,12392,16163,8757,3066,1257,8263,8846,5877,5239,14663,10406,11585,2246,150,13012,1,8:05
2024-25,1629614,Andrew Nembhard,Andrew,1610612754,IND,Indiana Pacers,0022400733,2025-02-06T00:00:00,IND @ LAC,W,31.083333333333332,2.3,10.4,0.222,0.0,3.5,0.0,0.0,0.0,0.0,2.3,1.2,3.5,2.3,1.2,2.3,0.0,2.3,2.3,0.0,4.6,6.9,18.1,0,0,15.1,1,1,13086,1,6807,20817,16349,21205,15070,16702,15070,13505,14344,13505,7189,21612,18611,15170,14741,4971,8263,2392,13576,17725,22219,9163,22063,2246,150,23043,1,31:05
2024-25,1628436,Luke Kornet,Luke,1610612738,BOS,Boston Celtics,0022400728,2025-02-06T00:00:00,BOS vs. DAL,L,23.283333333333335,4.6,7.7,0.6,0.0,0.0,0.0,1.5,3.1,0.5,6.2,1.5,7.7,7.7,0.0,0.0,1.5,1.5,3.1,1.5,10.8,-30.9,36.3,0,0,29.4,1,13222,1,13222,13481,15395,20616,5394,15070,20945,15070,11700,9741,10625,1526,20781,8756,3150,16469,12854,4713,4603,10297,14817,17342,23873,10132,2246,150,14428,1,23:17
2024-25,1641725,Trey Alexander,Trey,1610612743,DEN,Denver Nuggets,0022400730,2025-02-06T00:00:00,DEN vs. ORL,W,4.833333333333333,7.4,7.4,1.0,0.0,0.0,0.0,0.0,0.0,0.0,0.0,0.0,0.0,0.0,0.0,0.0,0.0,0.0,7.4,0.0,14.9,-81.9,14.9,0,0,14.9,1,1,13086,1,24068,7887,20996,1,15070,20945,15070,13505,14344,13505,14058,22137,23286,19908,16469,12854,8263,8846,1676,17725,13017,26019,23214,2246,150,23093,1,4:50
2024-25,1630169,Tyrese Haliburton,Tyrese,1610612754,IND,Indiana Pacers,0022400733,2025-02-06T00:00:00,IND @ LAC,W,34.11,5.3,13.7,0.385,2.1,7.4,0.286,2.1,2.1,1.0,0.0,3.2,3.2,8.4,1.1,4.2,1.1,0.0,1.1,2.1,14.8,7.4,46.0,0,0,39.1,1,1,13086,1,4165,13607,10619,16070,9639,7647,11433,10260,12390,1,14058,16210,19320,2472,15459,1445,7095,8846,19384,12564,13137,8944,4742,2246,150,7351,1,34:07
2024-25,1631218,Trayce Jackson-Davis,Trayce,1610612744,GSW,Golden State Warriors,0022400731,2025-02-06T00:00:00,GSW @ LAL,L,4.666666666666667,0.0,0.0,0.0,0.0,0.0,0.0,0.0,0.0,0.0,0.0,0.0,0.0,0.0,0.0,7.7,0.0,0.0,7.7,0.0,0.0,-30.9,23.1,0,0,15.4,1,13222,1,13222,24152,22635,24836,22635,15070,20945,15070,13505,14344,13505,14058,22137,23286,19908,16469,230,8263,8846,1505,17725,23200,23860,19468,2246,150,22907,1,4:40
2024-25,1629637,Jaxson Hayes,Jaxson,1610612747,LAL,Los Angeles Lakers,0022400731,2025-02-06T00:00:00,LAL vs. GSW,W,24.983333333333334,5.8,8.6,0.667,0.0,0.0,0.0,4.3,5.8,0.75,1.4,2.9,4.3,2.9,0.0,1.4,1.4,0.0,4.3,5.8,15.9,10.1,34.0,0,0,28.8,1,1,13086,1,12017,12222,19282,3281,15070,20945,15070,5113,4796,8186,10576,17144,16480,13343,16469,8694,5070,8846,6211,2950,12081,7659,11802,2246,150,14848,1,24:59
2024-25,1642265,Rob Dillingham,Rob,1610612750,MIN,Minnesota Timberwolves,0022400729,2025-02-06T00:00:00,MIN vs. HOU,W,13.033333333333333,8.3,13.8,0.6,0.0,5.5,0.0,0.0,0.0,0.0,0.0,0.0,0.0,0.0,2.8,2.8,0.0,0.0,5.5,0.0,16.6,-22.1,22.1,0,0,22.1,1,1,13086,1,20729,6010,10469,5394,15070,11904,15070,13505,14344,13505,14058,22137,23286,19908,7340,3773,8263,8846,3665,17725,11308,22091,20085,2246,150,19619,1,13:02
2024-25,1641708,Amen Thompson,Amen,1610612745,HOU,Houston Rockets,0022400729,2025-02-06T00:00:00,HOU @ MIN,L,37.3,5.8,9.7,0.6,0.0,0.0,0.0,3.9,5.8,0.667,1.9,1.0,2.9,4.8,1.0,1.0,1.9,1.0,0.0,3.9,15.4,-14.5,33.9,0,0,29.0,1,13222,1,13222,1795,12132,17671,5394,15070,20945,15070,5958,4761,9425,8705,22030,20003,7844,16058,12239,3675,8224,20257,6676,12470,19700,11911,2246,150,14739,1,37:18
2024-25,1630703,Scoot Henderson,Scoot,1610612757,POR,Portland Trail Blazers,0022400732,2025-02-06T00:00:00,POR vs. SAC,W,21.716666666666665,3.3,8.3,0.4,1.7,5.0,0.333,0.0,0.0,0.0,0.0,1.7,1.7,13.3,6.6,3.3,0.0,0.0,3.3,1.7,8.3,8.3,33.5,0,0,31.5,1,1,13086,1,14741,18714,19811,14933,11513,13268,9209,13505,14344,13505,14058,20544,22355,483,1063,2534,8263,8846,9397,14418,19665,8495,12200,2246,150,12774,1,21:43
2024-25,1642263,Reed Sheppard,Reed,1610612745,HOU,Houston Rockets,0022400729,2025-02-06T00:00:00,HOU @ MIN,L,17.293333333333333,2.1,10.4,0.2,2.1,10.4,0.2,0.0,0.0,0.0,2.1,2.1,4.2,4.2,6.2,4.2,2.1,0.0,4.2,0.0,6.2,8.3,30.0,0,0,29.1,1,13222,1,13222,18084,21261,16369,21401,9759,3059,13429,13505,14344,13505,8021,19419,16902,9486,1251,1485,3251,8846,6660,17725,21214,8471,14814,2246,150,14593,1,17:18
2024-25,1631165,Keon Ellis,Keon,1610612758,SAC,Sacramento Kings,0022400732,2025-02-06T00:00:00,SAC @ POR,L,23.583333333333332,3.1,6.1,0.5,1.5,3.1,0.5,3.1,3.1,1.0,0.0,4.6,4.6,0.0,3.1,3.1,0.0,1.5,1.5,1.5,10.7,-16.8,22.3,0,0,22.9,1,13222,1,13222,13240,19314,22511,8526,11938,17547,3944,7663,9837,1,14058,12052,15858,19908,6275,3044,8263,4670,17125,14894,17489,20546,19987,2246,150,19077,1,23:35
2024-25,1631099,Keegan Murray,Keegan,1610612758,SAC,Sacramento Kings,0022400732,2025-02-06T00:00:00,SAC @ POR,L,35.15,5.1,10.2,0.5,2.0,4.1,0.5,0.0,0.0,0.0,2.0,5.1,7.2,1.0,1.0,0.0,0.0,1.0,3.1,1.0,12.3,7.2,21.4,0,0,22.5,1,13222,1,13222,3348,14030,16660,8526,9921,15354,3944,13505,14344,13505,8169,10500,9816,19606,15679,12854,8263,7714,10380,17294,15837,9058,20467,2246,150,19335,1,35:09
2024-25,202685,Jonas Valančiūnas,Jonas,1610612758,SAC,Sacramento Kings,0022400732,2025-02-06T00:00:00,SAC @ POR,L,17.366666666666667,4.1,16.6,0.25,0.0,0.0,0.0,4.1,4.1,1.0,4.1,6.2,10.4,6.2,0.0,0.0,0.0,0.0,4.1,2.1,12.4,-24.9,34.2,0,0,29.0,1,13222,1,13222,18025,16733,6323,20233,15070,20945,15070,5446,7528,1,3375,7857,5041,5136,16469,12854,8263,8846,6702,12747,15668,22783,11648,2246,150,14684,1,17:22
2024-25,1641790,PJ Hall,PJ,1610612743,DEN,Denver Nuggets,0022400730,2025-02-06T00:00:00,DEN vs. ORL,W,4.833333333333333,0.0,14.9,0.0,0.0,7.4,0.0,0.0,0.0,0.0,7.4,7.4,14.9,0.0,0.0,0.0,0.0,7.4,7.4,0.0,0.0,-81.9,17.9,0,0,14.9,1,1,13086,1,24068,22635,8750,22635,15070,7500,15070,13505,14344,13505,973,5585,1818,19908,16469,12854,8263,133,1676,17725,23200,26019,22150,2246,150,23093,1,4:50
2024-25,1641710,Anthony Black,Anthony,1610612753,ORL,Orlando Magic,0022400730,2025-02-06T00:00:00,ORL @ DEN,L,26.251666666666665,2.7,8.2,0.333,0.0,4.1,0.0,5.5,6.9,0.8,1.4,0.0,1.4,5.5,4.1,2.7,0.0,0.0,1.4,5.5,11.0,-6.9,25.0,0,0,23.3,1,13222,1,13222,10948,19993,19907,17395,15070,15316,15070,3429,3517,7681,10880,22137,22737,6457,3647,3824,8263,8846,17740,3364,17205,16451,18324,2246,150,18792,1,26:15
2024-25,1641724,Jett Howard,Jett,1610612753,ORL,Orlando Magic,0022400730,2025-02-06T00:00:00,ORL @ DEN,L,14.205,2.5,10.1,0.25,2.5,7.6,0.333,0.0,0.0,0.0,0.0,5.1,5.1,2.5,2.5,0.0,0.0,0.0,0.0,0.0,7.6,7.6,15.0,0,0,17.7,1,13222,1,13222,20076,20400,16852,20233,8039,7177,9209,13505,14344,13505,14058,10670,14612,14428,8104,12854,8263,8846,20257,17725,20239,8834,23195,2246,150,21970,1,14:12
2024-25,201587,Nicolas Batum,Nicolas,1610612746,LAC,LA Clippers,0022400733,2025-02-06T00:00:00,LAC vs. IND,L,11.733333333333333,0.0,6.1,0.0,0.0,6.1,0.0,0.0,0.0,0.0,3.1,3.1,6.1,0.0,0.0,3.1,3.1,0.0,0.0,0.0,0.0,-21.5,25.8,0,0,18.4,1,13222,1,13222,21403,22635,22483,22635,15070,10347,15070,13505,14344,13505,5192,16493,11961,19908,16469,3002,1610,8846,20257,17725,23200,21962,17766,2246,150,21668,1,11:44
2024-25,1630174,Aaron Nesmith,Aaron,1610612754,IND,Indiana Pacers,0022400733,2025-02-06T00:00:00,IND @ LAC,W,20.5,0.0,5.3,0.0,0.0,3.5,0.0,7.0,7.0,1.0,0.0,5.3,5.3,5.3,0.0,0.0,0.0,0.0,0.0,5.3,7.0,-14.0,21.2,0,0,17.6,1,1,13086,1,15638,22635,23281,22635,15070,16633,15070,1990,3337,1,14058,10104,14119,6893,16469,12854,8263,8846,20257,3678,20705,19516,20570,2246,150,22047,1,20:30
2024-25,1642461,Spencer Jones,Spencer,1610612743,DEN,Denver Nuggets,0022400730,2025-02-06T00:00:00,DEN vs. ORL,W,4.833333333333333,0.0,7.4,0.0,0.0,0.0,0.0,0.0,0.0,0.0,7.4,0.0,7.4,0.0,0.0,0.0,0.0,0.0,7.4,0.0,0.0,-81.9,8.9,0,0,7.4,1,1,13086,1,24068,22635,20996,22635,15070,20945,15070,13505,14344,13505,973,22137,9271,19908,16469,12854,8263,8846,1676,17725,23200,26019,24577,2246,150,24844,1,4:50
2024-25,1630573,Sam Hauser,Sam,1610612738,BOS,Boston Celtics,0022400728,2025-02-06T00:00:00,BOS vs. DAL,L,20.7,3.5,8.7,0.4,3.5,8.7,0.4,0.0,0.0,0.0,0.0,1.7,1.7,3.5,0.0,0.0,0.0,0.0,1.7,0.0,10.4,5.2,17.7,0,0,19.1,1,13222,1,13222,15489,18368,19200,14933,5197,5277,7874,13505,14344,13505,14058,20385,22249,11456,16469,12854,8263,8846,16416,17725,17721,9994,22204,2246,150,21330,1,20:42
2024-25,1641739,Toumani Camara,Toumani,1610612757,POR,Portland Trail Blazers,0022400732,2025-02-06T00:00:00,POR vs. SAC,W,35.93333333333333,2.0,13.0,0.154,0.0,4.0,0.0,0.0,0.0,0.0,5.0,9.0,14.0,2.0,1.0,1.0,1.0,1.0,4.0,6.0,4.0,-4.0,28.9,0,0,24.0,1,1,13086,1,2731,21404,11815,22243,15070,15569,15070,13505,14344,13505,2376,3502,2220,16361,15833,11940,7472,7906,7118,2608,22554,15069,15595,2246,150,18293,1,35:56
2024-25,1631200,Kris Murray,Kris,1610612757,POR,Portland Trail Blazers,0022400732,2025-02-06T00:00:00,POR vs. SAC,W,4.833333333333333,0.0,14.9,0.0,0.0,7.4,0.0,0.0,0.0,0.0,0.0,0.0,0.0,7.4,0.0,0.0,0.0,0.0,0.0,0.0,0.0,7.4,11.2,0,0,7.4,1,1,13086,1,24068,22635,8750,22635,15070,7500,15070,13505,14344,13505,14058,22137,23286,3461,16469,12854,8263,8846,20257,17725,23200,8907,24202,2246,150,24844,1,4:50
2024-25,1629618,Jalen Pickett,Jalen,1610612743,DEN,Denver Nuggets,0022400730,2025-02-06T00:00:00,DEN vs. ORL,W,31.05,2.3,7.0,0.333,1.2,3.5,0.333,0.0,0.0,0.0,0.0,3.5,3.5,5.8,1.2,0.0,1.2,0.0,2.3,0.0,5.8,18.6,21.0,0,0,18.6,1,1,13086,1,6839,20812,21612,17395,13594,16693,9209,13505,14344,13505,14058,15295,18599,5860,14731,12854,6424,8846,13560,17725,21525,4394,20699,2246,150,21603,1,31:03
2024-25,1626168,Trey Lyles,Trey,1610612758,SAC,Sacramento Kings,0022400732,2025-02-06T00:00:00,SAC @ POR,L,13.683333333333334,2.6,7.9,0.333,0.0,2.6,0.0,0.0,0.0,0.0,0.0,5.3,5.3,2.6,0.0,2.6,0.0,0.0,2.6,0.0,5.3,-36.8,23.4,0,0,18.4,1,13222,1,13222,20373,20217,20423,17395,15070,18393,15070,13505,14344,13505,14058,10122,14129,14109,16469,4060,8263,8846,12318,17725,21870,24601,19304,2246,150,21665,1,13:41
2024-25,1641783,Tristan da Silva,Tristan,1610612753,ORL,Orlando Magic,0022400730,2025-02-06T00:00:00,ORL @ DEN,L,18.151666666666667,4.0,11.9,0.333,2.0,7.9,0.25,4.0,4.0,1.0,2.0,2.0,4.0,0.0,0.0,0.0,2.0,0.0,0.0,2.0,13.9,7.9,24.6,0,0,23.8,1,13222,1,13222,17468,17177,13766,17395,10241,6567,11902,5757,7909,1,8467,19720,17399,19908,16469,12854,3533,8846,20257,13154,14066,8671,18547,2246,150,18462,1,18:09
2024-25,1629060,Rui Hachimura,Rui,1610612747,LAL,Los Angeles Lakers,0022400731,2025-02-06T00:00:00,LAL vs. GSW,W,38.71666666666667,3.7,8.4,0.444,0.9,4.6,0.2,1.9,3.7,0.5,0.0,3.7,3.7,2.8,0.0,0.0,0.0,0.0,2.8,1.9,10.2,11.2,18.9,0,0,17.7,1,1,13086,1,1003,17782,19688,13045,14870,14086,13429,11096,8444,10625,14058,14574,18023,13619,16469,12854,8263,8846,11686,13695,17919,7157,21715,2246,150,22003,1,38:43
2024-25,1629048,Goga Bitadze,Goga,1610612753,ORL,Orlando Magic,0022400730,2025-02-06T00:00:00,ORL @ DEN,L,17.266666666666666,4.2,4.2,1.0,0.0,0.0,0.0,0.0,0.0,0.0,2.1,4.2,6.3,0.0,2.1,0.0,2.1,0.0,2.1,0.0,8.3,-16.7,20.0,0,0,18.8,1,13222,1,13222,18098,16673,24010,1,15070,20945,15070,13505,14344,13505,8006,13205,11699,19908,10072,12854,3244,8846,14674,17725,19630,20505,21157,2246,150,21503,1,17:16
2024-25,1641764,Brandin Podziemski,Brandin,1610612744,GSW,Golden State Warriors,0022400731,2025-02-06T00:00:00,GSW @ LAL,L,34.45333333333333,3.1,10.4,0.3,0.0,3.1,0.0,2.1,6.3,0.333,2.1,6.3,8.4,7.3,1.0,0.0,0.0,1.0,2.1,5.2,8.4,-14.6,28.3,0,0,24.0,1,13222,1,13222,3893,19129,16307,19363,15070,17392,15070,10325,4161,13132,7993,7756,7677,3605,15523,12854,8263,7532,14658,3736,19617,19761,15979,2246,150,18305,1,34:27
2024-25,201599,DeAndre Jordan,DeAndre,1610612743,DEN,Denver Nuggets,0022400730,2025-02-06T00:00:00,DEN vs. ORL,W,12.05,12.0,12.0,1.0,0.0,0.0,0.0,0.0,0.0,0.0,9.0,12.0,20.9,3.0,9.0,0.0,0.0,0.0,3.0,0.0,23.9,32.9,44.5,0,0,47.8,1,1,13086,1,21207,1555,13684,1,15070,20945,15070,13505,14344,13505,563,1388,429,12975,429,12854,8263,8846,10783,17725,4875,1638,5420,2246,150,3224,1,12:03
2024-25,1641740,Jaylen Clark,Jaylen,1610612750,MIN,Minnesota Timberwolves,0022400729,2025-02-06T00:00:00,MIN vs. HOU,W,18.781666666666666,9.6,17.3,0.556,7.7,11.5,0.667,5.8,7.7,0.75,5.8,0.0,5.8,1.9,0.0,0.0,0.0,1.9,3.8,3.8,32.6,-15.3,42.4,0,0,47.9,1,1,13086,1,16991,3750,5514,7248,540,2099,1957,3136,2768,8186,1776,22137,12905,16687,16469,12854,8263,3484,7640,6758,1403,20022,6449,2246,150,3169,1,18:47
2024-25,1629674,Neemias Queta,Neemias,1610612738,BOS,Boston Celtics,0022400728,2025-02-06T00:00:00,BOS vs. DAL,L,9.583333333333334,11.3,22.5,0.5,0.0,0.0,0.0,0.0,0.0,0.0,7.5,0.0,7.5,3.8,0.0,0.0,0.0,0.0,3.8,0.0,22.5,63.9,37.2,0,0,33.8,1,13222,1,13222,22248,2034,1568,8526,15070,20945,15070,13505,14344,13505,953,22137,9145,10633,16469,12854,8263,8846,7889,17725,5831,303,9543,2246,150,10995,1,9:35
2024-25,1630230,Naji Marshall,Naji,1610612742,DAL,Dallas Mavericks,0022400728,2025-02-06T00:00:00,DAL @ BOS,W,28.53,11.4,18.9,0.6,2.5,7.6,0.333,0.0,0.0,0.0,1.3,1.3,2.5,3.8,2.5,1.3,0.0,0.0,3.8,0.0,25.2,-5.0,35.2,0,0,36.6,1,1,13086,1,9096,1969,3819,5394,8066,7233,9209,13505,14344,13505,11402,21358,20754,10547,8141,9708,8263,8846,7788,17725,4096,15614,10930,2246,150,8986,1,28:32
2024-25,1630541,Moses Moody,Moses,1610612744,GSW,Golden State Warriors,0022400731,2025-02-06T00:00:00,GSW @ LAL,L,32.28333333333333,4.5,11.2,0.4,2.2,6.7,0.333,4.5,4.5,1.0,2.2,3.3,5.6,2.2,3.3,1.1,0.0,0.0,1.1,2.2,15.6,2.2,25.6,0,0,27.9,1,13222,1,13222,5753,15891,15097,14933,9117,9116,9209,4893,6914,1,7488,15650,13344,15510,5368,10896,8263,8846,19010,12028,12309,11499,17847,2246,150,15522,1,32:17
2024-25,203915,Spencer Dinwiddie,Spencer,1610612742,DAL,Dallas Mavericks,0022400728,2025-02-06T00:00:00,DAL @ BOS,W,30.55,8.2,11.8,0.7,3.5,5.9,0.6,5.9,5.9,1.0,0.0,2.4,2.4,2.4,1.2,1.2,0.0,0.0,0.0,3.5,25.9,-21.2,34.6,0,0,36.5,1,1,13086,1,7274,6088,13969,3045,5068,10960,2992,2967,4613,1,14058,18601,21084,15028,14591,10359,8263,8846,20257,7572,3719,21888,11338,2246,150,9027,1,30:33
2024-25,1630243,Trevelin Queen,Trevelin,1610612753,ORL,Orlando Magic,0022400730,2025-02-06T00:00:00,ORL @ DEN,L,11.25,3.2,25.6,0.125,0.0,12.8,0.0,6.4,6.4,1.0,9.6,6.4,16.0,6.4,3.2,6.4,0.0,0.0,3.2,3.2,12.8,0.0,57.6,0,0,48.0,1,13222,1,13222,21601,18998,711,22420,15070,1390,15070,2501,4008,1,456,7507,1432,4854,5817,397,8263,8846,9863,8563,15289,12240,1534,2246,150,3132,1,11:15
2024-25,1641816,Hunter Tyson,Hunter,1610612743,DEN,Denver Nuggets,0022400730,2025-02-06T00:00:00,DEN vs. ORL,W,10.633333333333333,6.8,13.5,0.5,6.8,13.5,0.5,3.4,6.8,0.5,0.0,6.8,6.8,0.0,10.2,0.0,0.0,0.0,3.4,3.4,23.7,-20.3,21.7,0,0,37.2,1,1,13086,1,21861,9492,10930,8526,856,1073,3944,6931,3587,10625,14058,6750,10591,19908,318,12854,8263,8846,9130,7995,4980,21637,20335,2246,150,8546,1,10:38
2024-25,1628370,Malik Monk,Malik,1610612758,SAC,Sacramento Kings,0022400732,2025-02-06T00:00:00,SAC @ POR,L,38.56666666666667,7.5,18.7,0.4,1.9,5.6,0.333,2.8,3.7,0.75,1.9,4.7,6.5,3.7,2.8,1.9,0.9,0.0,1.9,1.9,19.6,0.9,38.6,0,0,37.3,1,13222,1,13222,1075,7846,4050,14933,10794,11723,9209,8349,8403,8186,8953,11809,11095,10697,7214,6935,7933,8846,15849,13658,8259,12199,8626,2246,150,8480,1,38:34
2024-25,1629234,Drew Eubanks,Drew,1610612746,LAC,LA Clippers,0022400733,2025-02-06T00:00:00,LAC vs. IND,L,13.183333333333334,5.5,8.2,0.667,0.0,0.0,0.0,0.0,0.0,0.0,5.5,8.2,13.7,0.0,0.0,0.0,0.0,0.0,2.7,0.0,10.9,0.0,27.3,0,0,24.6,1,13222,1,13222,20660,13100,19954,3281,15070,20945,15070,13505,14344,13505,1970,4433,2409,19908,16469,12854,8263,8846,11910,17725,17242,12240,16739,2246,150,17963,1,13:11
2024-25,1641715,Cam Whitmore,Cam,1610612745,HOU,Houston Rockets,0022400729,2025-02-06T00:00:00,HOU @ MIN,L,27.983333333333334,6.4,16.7,0.385,3.9,9.0,0.429,3.9,6.4,0.6,1.3,2.6,3.9,0.0,0.0,0.0,0.0,1.3,1.3,3.9,20.6,-10.3,25.2,0,0,28.3,1,13222,1,13222,9556,10353,6148,16070,4302,4819,7394,5961,3962,10343,11259,18006,17686,19908,16469,12854,8263,5723,18092,6679,7412,18027,18139,2246,150,15208,1,27:59
2024-25,1627741,Buddy Hield,Buddy,1610612744,GSW,Golden State Warriors,0022400731,2025-02-06T00:00:00,GSW @ LAL,L,35.068333333333335,5.1,13.3,0.385,4.1,9.2,0.444,0.0,0.0,0.0,2.1,3.1,5.1,5.1,2.1,0.0,0.0,0.0,3.1,1.0,14.4,6.2,26.2,0,0,28.7,1,13222,1,13222,3408,14002,11221,16070,3777,4471,7211,13505,14344,13505,8161,16464,14439,7169,10251,12854,8263,8846,10357,17286,13532,9546,17492,2246,150,14895,1,35:04
2024-25,1641775,Jordan Walsh,Jordan,1610612738,BOS,Boston Celtics,0022400728,2025-02-06T00:00:00,BOS vs. DAL,L,9.583333333333334,3.8,7.5,0.5,0.0,3.8,0.0,0.0,0.0,0.0,3.8,7.5,11.3,7.5,3.8,3.8,0.0,0.0,0.0,3.8,7.5,63.9,39.8,0,0,33.8,1,13222,1,13222,22248,17687,20909,8526,15070,16085,15070,13505,14344,13505,3956,5474,4174,3385,4420,1906,8263,8846,20257,6969,20308,303,7867,2246,150,10995,1,9:35
2024-25,1630625,Dalano Banton,Dalano,1610612757,POR,Portland Trail Blazers,0022400732,2025-02-06T00:00:00,POR vs. SAC,W,9.9,7.3,10.9,0.667,0.0,0.0,0.0,0.0,0.0,0.0,0.0,10.9,10.9,0.0,0.0,0.0,0.0,0.0,0.0,0.0,14.5,29.1,27.6,0,0,25.5,1,1,13086,1,22137,8282,15520,3281,15070,20945,15070,13505,14344,13505,14058,1953,4495,19908,16469,12854,8263,8846,20257,17725,13356,2094,16469,2246,150,17316,1,9:54
2024-25,1631101,Shaedon Sharpe,Shaedon,1610612757,POR,Portland Trail Blazers,0022400732,2025-02-06T00:00:00,POR vs. SAC,W,31.133333333333333,10.4,20.8,0.5,3.5,10.4,0.333,3.5,4.6,0.75,0.0,4.6,4.6,1.2,2.3,0.0,0.0,1.2,0.0,3.5,27.8,12.7,32.7,0,0,37.0,1,1,13086,1,6760,2815,2448,8526,5221,3061,9209,6757,6623,8186,14058,11918,15760,19157,9016,12854,8263,6583,20257,7746,2883,6509,12785,2246,150,8722,1,31:08
2024-25,202681,Kyrie Irving,Kyrie,1610612742,DAL,Dallas Mavericks,0022400728,2025-02-06T00:00:00,DAL @ BOS,W,39.85166666666667,6.3,15.4,0.412,2.7,5.4,0.5,1.8,1.8,1.0,1.8,0.9,2.7,3.6,2.7,3.6,0.0,0.9,1.8,1.8,17.2,0.0,34.0,0,0,33.4,1,1,13086,1,599,10642,8022,14791,7510,12164,3944,11227,13184,1,9215,22098,20430,11049,7501,2076,8263,8647,16151,13909,10669,12240,11844,2246,150,11294,1,39:51
2024-25,1628371,Jonathan Isaac,Jonathan,1610612753,ORL,Orlando Magic,0022400730,2025-02-06T00:00:00,ORL @ DEN,L,11.745,0.0,9.2,0.0,0.0,6.1,0.0,0.0,0.0,0.0,0.0,12.3,12.3,0.0,0.0,0.0,6.1,3.1,0.0,0.0,0.0,-46.0,33.1,0,0,24.5,1,13222,1,13222,21400,22635,18411,22635,15070,10366,15070,13505,14344,13505,14058,1248,3299,19908,16469,12854,287,1267,20257,17725,23200,25228,12511,2246,150,17994,1,11:45
2024-25,1631094,Paolo Banchero,Paolo,1610612753,ORL,Orlando Magic,0022400730,2025-02-06T00:00:00,ORL @ DEN,L,29.683333333333334,7.3,17.0,0.429,1.2,3.6,0.333,6.1,9.7,0.625,0.0,9.7,9.7,4.9,1.2,1.2,3.6,1.2,3.6,4.9,21.8,-23.0,54.1,0,0,47.3,1,13222,1,13222,8057,8275,5829,13735,13299,16359,9209,2803,1505,10271,14058,2820,5797,7792,14341,10066,1122,6167,8298,4392,6350,22344,2180,2246,150,3377,1,29:41
2024-25,1631128,Christian Braun,Christian,1610612743,DEN,Denver Nuggets,0022400730,2025-02-06T00:00:00,DEN vs. ORL,W,36.13333333333333,8.0,12.0,0.667,0.0,0.0,0.0,0.0,1.0,0.0,1.0,7.0,8.0,4.0,1.0,3.0,0.0,2.0,4.0,2.0,15.9,29.9,39.5,0,0,33.9,1,1,13086,1,2581,6686,13669,3281,15070,20945,15070,13505,14223,13505,13286,6405,8320,9967,15877,3183,8263,3248,7183,13114,11976,1979,8101,2246,150,10948,1,36:08
2024-25,1630192,Zeke Nnaji,Zeke,1610612743,DEN,Denver Nuggets,0022400730,2025-02-06T00:00:00,DEN vs. ORL,W,20.566666666666666,1.8,12.3,0.143,1.8,7.0,0.25,0.0,0.0,0.0,3.5,7.0,10.5,0.0,1.8,1.8,1.8,1.8,3.5,0.0,5.3,40.3,26.6,0,0,24.5,1,1,13086,1,15592,21829,13163,22260,11251,8462,11902,13505,14344,13505,4376,6353,4905,19908,11732,7439,4165,4028,8742,17725,21880,968,17212,2246,150,18005,1,20:34
2024-25,1629651,Nic Claxton,Nic,1610612751,BKN,Brooklyn Nets,0022400720,2025-02-05T00:00:00,BKN vs. WAS,L,24.45,2.9,4.4,0.667,0.0,0.0,0.0,1.5,2.9,0.5,1.5,7.4,8.8,2.9,0.0,0.0,2.9,0.0,0.0,2.9,7.4,-38.3,31.2,0,0,25.0,1,13222,1,13222,12529,19544,23847,3281,15070,20945,15070,11843,10105,10625,10423,5732,6966,13109,16469,12854,1761,8846,20257,9439,20434,24726,13889,2246,150,17655,1,24:27
2024-25,1627780,Gary Payton II,Gary,1610612744,GSW,Golden State Warriors,0022400725,2025-02-05T00:00:00,GSW @ UTA,L,13.586666666666666,10.6,15.9,0.667,2.6,2.6,1.0,0.0,0.0,0.0,0.0,2.6,2.6,2.6,0.0,0.0,2.6,2.6,15.9,0.0,23.8,10.6,38.9,0,0,37.1,1,13222,1,13222,20437,2628,7270,3281,7687,18350,1,13505,14344,13505,14058,17818,20542,14053,16469,12854,2153,1809,211,17725,4910,7420,8444,2246,150,8658,1,13:35
2024-25,1641816,Hunter Tyson,Hunter,1610612743,DEN,Denver Nuggets,0022400726,2025-02-05T00:00:00,DEN vs. NOP,W,10.083333333333334,3.6,7.1,0.5,3.6,7.1,0.5,3.6,7.1,0.5,0.0,7.1,7.1,0.0,0.0,0.0,0.0,0.0,0.0,3.6,14.3,-46.4,22.8,0,0,25.0,1,1,13086,1,22077,18153,21390,8526,4983,8163,3944,6552,3232,10625,14058,6107,9875,19908,16469,12854,8263,8846,20257,7477,13632,25244,19650,2246,150,17685,1,10:05
2024-25,1642377,Jaylen Wells,Jaylen,1610612763,MEM,Memphis Grizzlies,0022400722,2025-02-05T00:00:00,MEM @ TOR,W,21.35,5.1,10.1,0.5,1.7,6.7,0.25,0.0,0.0,0.0,0.0,6.7,6.7,1.7,1.7,1.7,0.0,0.0,3.4,1.7,11.8,23.6,25.8,0,0,25.3,1,1,13086,1,15033,14212,16879,8526,11442,9029,11902,13505,14344,13505,14058,6805,10642,17409,11976,7662,8263,8846,9178,14317,16343,3128,17749,2246,150,17443,1,21:21
2024-25,1629638,Nickeil Alexander-Walker,Nickeil,1610612750,MIN,Minnesota Timberwolves,0022400723,2025-02-05T00:00:00,MIN vs. CHI,W,25.95,5.5,13.9,0.4,5.5,12.5,0.444,0.0,0.0,0.0,0.0,6.9,6.9,4.2,1.4,0.0,0.0,0.0,1.4,0.0,16.6,6.9,29.8,0,0,33.3,1,1,13086,1,11194,12849,10392,14933,1699,1529,7211,13505,14344,13505,14058,6473,10264,9488,13355,12854,8263,8846,17672,17725,11224,9169,14923,2246,150,11406,1,25:57
2024-25,1630178,Tyrese Maxey,Tyrese,1610612755,PHI,Philadelphia 76ers,0022400721,2025-02-05T00:00:00,PHI vs. MIA,L,38.18333333333333,10.4,26.4,0.393,2.8,10.4,0.273,5.7,5.7,1.0,0.0,2.8,2.8,4.7,0.9,3.8,0.0,0.9,1.9,3.8,29.2,-14.1,50.1,0,0,47.1,1,13222,1,13222,1281,2849,576,15980,7123,3083,11838,3244,4967,1,14058,17305,20172,8154,16180,1881,8263,8394,15764,6931,2370,19566,3258,2246,150,3419,1,38:11
2024-25,1630700,Dyson Daniels,Dyson,1610612737,ATL,Atlanta Hawks,0022400719,2025-02-05T00:00:00,ATL vs. SAS,L,38.35,7.5,13.1,0.571,0.9,1.9,0.5,1.9,1.9,1.0,1.9,5.6,7.5,6.6,1.9,1.9,0.0,0.0,1.9,2.8,17.8,4.7,40.5,0,0,36.6,1,13222,1,13222,1190,7745,11593,6538,14842,19780,3944,11020,13032,1,8909,9221,9151,4605,11170,6869,8263,8846,15800,9912,9996,10286,7485,2246,150,8968,1,38:21
2024-25,1630577,Julian Champagnie,Julian,1610612759,SAS,San Antonio Spurs,0022400719,2025-02-05T00:00:00,SAS @ ATL,W,22.233333333333334,3.2,9.7,0.333,1.6,4.9,0.333,0.0,0.0,0.0,1.6,3.2,4.9,3.2,1.6,8.1,1.6,1.6,3.2,0.0,8.1,13.0,46.3,0,0,37.2,1,1,13086,1,14326,18918,17551,17395,11624,13545,9209,13505,14344,13505,9848,15970,15168,12178,12256,205,4503,4383,9703,17725,19833,6413,4617,2246,150,8555,1,22:14
2024-25,203903,Jordan Clarkson,Jordan,1610612762,UTA,Utah Jazz,0022400725,2025-02-05T00:00:00,UTA vs. GSW,W,33.166666666666664,10.9,20.6,0.526,5.4,8.7,0.625,6.5,6.5,1.0,1.1,3.3,4.3,5.4,1.1,0.0,0.0,1.1,2.2,4.3,33.6,18.5,45.9,0,0,48.8,1,1,13086,1,5013,2376,2561,8379,1817,5294,2868,2388,3868,1,12589,15917,16431,6577,15233,12854,8263,7183,14243,5488,1192,4423,4774,2246,150,2874,1,33:10
2024-25,201599,DeAndre Jordan,DeAndre,1610612743,DEN,Denver Nuggets,0022400726,2025-02-05T00:00:00,DEN vs. NOP,W,10.183333333333334,3.5,3.5,1.0,0.0,0.0,0.0,0.0,0.0,0.0,0.0,14.1,14.1,7.1,0.0,0.0,0.0,0.0,0.0,0.0,7.1,-10.6,34.6,0,0,28.3,1,1,13086,1,22040,18236,24293,1,15070,20945,15070,13505,14344,13505,14058,731,2170,3927,16469,12854,8263,8846,20257,17725,20665,18148,11338,2246,150,15220,1,10:11
2024-25,1627732,Ben Simmons,Ben,1610612751,BKN,Brooklyn Nets,0022400720,2025-02-05T00:00:00,BKN vs. WAS,L,18.283333333333335,3.9,9.8,0.4,0.0,0.0,0.0,0.0,0.0,0.0,2.0,7.9,9.8,11.8,0.0,2.0,0.0,0.0,2.0,2.0,7.9,-11.8,43.3,0,0,33.5,1,13222,1,13222,17380,17234,17331,14933,15070,20945,15070,13505,14344,13505,8525,4901,5607,759,16469,6393,8263,8846,15306,13217,20020,18670,5976,2246,150,11263,1,18:17
2024-25,1630198,Isaiah Joe,Isaiah,1610612760,OKC,Oklahoma City Thunder,0022400724,2025-02-05T00:00:00,OKC vs. PHX,W,21.266666666666666,8.5,13.5,0.625,3.4,8.5,0.4,0.0,0.0,0.0,1.7,3.4,5.1,1.7,0.0,1.7,0.0,0.0,1.7,0.0,20.3,25.4,34.0,0,0,33.9,1,1,13086,1,15095,5681,10930,4899,5422,5650,7874,13505,14344,13505,9602,15563,14581,17387,16469,7634,8263,8846,16557,17725,7646,2728,11783,2246,150,10960,1,21:16
2024-25,1626168,Trey Lyles,Trey,1610612758,SAC,Sacramento Kings,0022400727,2025-02-05T00:00:00,SAC vs. ORL,L,15.033333333333333,4.8,12.0,0.4,4.8,7.2,0.667,4.8,4.8,1.0,0.0,0.0,0.0,0.0,0.0,2.4,0.0,0.0,2.4,2.4,19.2,-9.6,26.3,0,0,28.7,1,13222,1,13222,19532,14976,13639,14933,2578,8073,1957,4359,6319,1,14058,22137,23286,19908,16469,4710,8263,8846,13233,11375,8687,17712,17395,2246,150,14900,1,15:02
2024-25,1630567,Scottie Barnes,Scottie,1610612761,TOR,Toronto Raptors,0022400722,2025-02-05T00:00:00,TOR vs. MEM,L,31.85,4.5,20.3,0.222,0.0,7.9,0.0,3.4,3.4,1.0,0.0,2.3,2.3,10.2,1.1,2.3,3.4,1.1,2.3,3.4,12.4,-31.6,46.2,0,0,36.2,1,13222,1,13222,6101,15709,2730,21205,15070,6605,15070,6920,9116,1,14058,18886,21292,1349,14933,5179,1314,6789,13820,7974,15672,23985,4658,2246,150,9246,1,31:51
2024-25,1641705,Victor Wembanyama,Victor,1610612759,SAS,San Antonio Spurs,0022400719,2025-02-05T00:00:00,SAS @ ATL,W,31.433333333333334,9.2,17.2,0.533,2.3,5.7,0.4,6.9,9.2,0.75,4.6,9.2,13.7,2.3,1.1,0.0,1.1,1.1,5.7,8.0,27.5,-13.7,49.7,1,0,48.1,1,1,13086,1,6467,4417,5599,8140,8888,11393,7874,2099,1786,8186,2821,3348,2364,15269,14827,12854,6517,6675,3348,1010,2985,19396,3358,1,150,3109,1,31:26
2024-25,1628971,Bruce Brown,Bruce,1610612761,TOR,Toronto Raptors,0022400722,2025-02-05T00:00:00,TOR vs. MEM,L,18.066666666666666,6.0,17.9,0.333,0.0,6.0,0.0,4.0,4.0,1.0,2.0,4.0,6.0,2.0,0.0,2.0,0.0,0.0,2.0,4.0,15.9,-25.9,32.1,0,0,27.9,1,13222,1,13222,17524,11584,4769,17395,15070,10746,15070,5717,7865,1,8417,13767,12339,16403,16469,6282,8263,8846,15186,6342,11976,23009,13263,2246,150,15498,1,18:04
2024-25,1630553,Keon Johnson,Keon,1610612751,BKN,Brooklyn Nets,0022400720,2025-02-05T00:00:00,BKN vs. WAS,L,32.23166666666667,10.1,20.1,0.5,4.5,10.1,0.444,3.4,3.4,1.0,2.2,4.5,6.7,3.4,0.0,2.2,0.0,1.1,3.4,3.4,27.9,-16.8,47.7,0,0,46.9,1,13222,1,13222,5789,3162,2888,8526,3114,3430,7211,7000,9194,1,7478,12342,10727,11812,16469,5263,8263,6896,9247,8092,2821,20535,4074,2246,150,3520,1,32:14
2024-25,1630249,Vít Krejčí,Vít,1610612737,ATL,Atlanta Hawks,0022400719,2025-02-05T00:00:00,ATL vs. SAS,L,18.883333333333333,3.8,7.6,0.5,1.9,3.8,0.5,0.0,0.0,0.0,1.9,7.6,9.5,3.8,5.7,0.0,0.0,0.0,1.9,1.9,9.5,-11.4,21.0,0,0,24.8,1,13222,1,13222,16915,17531,20750,8526,10600,15972,3944,13505,14344,13505,8789,5277,6017,10465,1627,12854,8263,8846,15639,13486,18602,18502,20706,2246,150,17838,1,18:53
2024-25,1628368,De'Aaron Fox,De'Aaron,1610612759,SAS,San Antonio Spurs,0022400719,2025-02-05T00:00:00,SAS @ ATL,W,37.13333333333333,10.7,21.3,0.5,1.9,6.8,0.286,0.0,0.0,0.0,1.0,3.9,4.8,12.6,1.0,2.9,0.0,0.0,2.9,0.0,23.3,-3.9,55.7,1,0,48.5,1,1,13086,1,1898,2547,2140,8526,10459,8930,11433,13505,14344,13505,13501,14099,15188,599,16033,3386,8263,8846,11155,17725,5318,14993,1850,1,150,2997,1,37:08
2024-25,1630222,Mason Jones,Mason,1610612758,SAC,Sacramento Kings,0022400727,2025-02-05T00:00:00,SAC vs. ORL,L,8.216666666666667,17.5,30.7,0.571,4.4,13.1,0.333,0.0,0.0,0.0,4.4,0.0,4.4,0.0,0.0,0.0,0.0,0.0,0.0,0.0,39.4,43.8,44.7,0,0,48.2,1,13222,1,13222,22729,243,243,6538,3265,1231,9209,13505,14344,13505,3075,22137,16333,19908,16469,12854,8263,8846,20257,17725,483,748,5334,2246,150,3085,1,8:13
2024-25,201572,Brook Lopez,Brook,1610612749,MIL,Milwaukee Bucks,0022400717,2025-02-05T00:00:00,MIL @ CHA,W,30.183333333333334,4.8,9.5,0.5,4.8,8.3,0.571,2.4,2.4,1.0,0.0,3.6,3.6,0.0,1.2,0.0,0.0,0.0,2.4,1.2,16.7,15.5,19.8,0,0,25.0,1,1,13086,1,7604,15051,17870,8526,2604,5828,3506,9382,11532,1,14058,14993,18373,19908,14496,12854,8263,8846,13285,16439,11173,5431,21258,2246,150,17646,1,30:11
2024-25,1641796,Pelle Larsson,Pelle,1610612748,MIA,Miami Heat,0022400721,2025-02-05T00:00:00,MIA @ PHI,W,21.698333333333334,1.7,3.3,0.5,1.7,1.7,1.0,3.3,3.3,1.0,0.0,3.3,3.3,1.7,0.0,1.7,3.3,0.0,1.7,1.7,8.3,11.6,29.7,0,0,24.9,1,1,13086,1,14760,21953,24385,8526,11510,20096,1,7069,9264,1,14058,15741,18950,17478,16469,7772,1382,8846,16670,14414,19659,6967,15030,2246,150,17765,1,21:42
2024-25,1630183,Jaden McDaniels,Jaden,1610612750,MIN,Minnesota Timberwolves,0022400723,2025-02-05T00:00:00,MIN vs. CHI,W,36.97833333333333,4.9,9.7,0.5,1.9,2.9,0.667,0.0,0.0,0.0,2.9,4.9,7.8,1.9,1.0,0.0,1.0,1.0,1.9,0.0,11.7,14.6,25.9,0,0,25.3,1,1,13086,1,2008,14751,17505,8526,10420,17819,1957,13505,14344,13505,5537,11244,8637,16572,16002,12854,7664,8156,15427,17725,16480,5779,17685,2246,150,17424,1,36:59
2024-25,201569,Eric Gordon,Eric,1610612755,PHI,Philadelphia 76ers,0022400721,2025-02-05T00:00:00,PHI vs. MIA,L,26.35,2.7,12.3,0.222,1.4,6.8,0.2,0.0,0.0,0.0,2.7,1.4,4.1,6.8,0.0,1.4,1.4,0.0,1.4,0.0,6.8,13.7,30.2,0,0,24.6,1,13222,1,13222,10858,20015,13088,21205,12579,8826,13429,13505,14344,13505,6025,21156,17065,4250,16469,9103,5383,8846,17758,17725,20839,6145,14669,2246,150,17953,1,26:21
2024-25,1628386,Jarrett Allen,Jarrett,1610612739,CLE,Cleveland Cavaliers,0022400718,2025-02-05T00:00:00,CLE @ DET,W,31.821666666666665,2.3,4.5,0.5,0.0,0.0,0.0,2.3,3.4,0.667,4.5,10.2,14.7,6.8,4.5,3.4,1.1,0.0,1.1,5.7,6.8,-1.1,43.7,0,0,37.3,1,1,13086,1,6136,20924,23792,8526,15070,20945,15070,9745,9106,9425,2894,2440,1908,4306,2959,2392,6599,8846,18915,3108,20868,13634,5822,2246,150,8485,1,31:49
2024-25,1626164,Devin Booker,Devin,1610612756,PHX,Phoenix Suns,0022400724,2025-02-05T00:00:00,PHX @ OKC,L,30.6,3.5,10.6,0.333,0.0,3.5,0.0,15.3,17.6,0.867,0.0,2.4,2.4,3.5,7.1,0.0,0.0,0.0,1.2,12.9,22.4,-44.7,23.4,0,0,28.2,1,13222,1,13222,7219,18253,16062,17395,15070,16592,15070,163,203,7066,14058,18611,21093,11312,873,12854,8263,8846,18677,160,5961,25168,19307,2246,150,15263,1,30:36
2024-25,1641824,Matas Buzelis,Matas,1610612741,CHI,Chicago Bulls,0022400723,2025-02-05T00:00:00,CHI @ MIN,L,29.366666666666667,4.9,12.3,0.4,0.0,4.9,0.0,7.4,11.0,0.667,1.2,4.9,6.1,1.2,0.0,2.5,3.7,1.2,3.7,6.1,17.2,-24.5,44.7,0,0,36.8,1,13222,1,13222,8334,14672,13153,14933,15070,13433,15070,1765,1014,9425,11630,11151,11979,18935,16469,4534,1102,6093,8178,2474,10670,22695,5307,2246,150,8860,1,29:22
2024-25,1641737,Adem Bona,Adem,1610612755,PHI,Philadelphia 76ers,0022400721,2025-02-05T00:00:00,PHI vs. MIA,L,17.533333333333335,8.2,10.3,0.8,0.0,0.0,0.0,6.2,8.2,0.75,6.2,4.1,10.3,0.0,0.0,2.1,0.0,0.0,0.0,4.1,22.6,18.5,41.1,0,0,37.0,1,13222,1,13222,17895,6174,16625,1688,15070,20945,15070,2718,2377,8186,1537,13403,5156,19908,16469,5997,8263,8846,20257,6039,5791,4413,7141,2246,150,8749,1,17:32
2024-25,203110,Draymond Green,Draymond,1610612744,GSW,Golden State Warriors,0022400725,2025-02-05T00:00:00,GSW @ UTA,L,34.255,2.1,7.4,0.286,0.0,4.2,0.0,3.2,4.2,0.75,0.0,4.2,4.2,9.5,3.2,2.1,0.0,1.1,3.2,3.2,7.4,-13.7,29.7,0,0,25.2,1,13222,1,13222,4055,21231,21132,19630,15070,15108,15070,7432,7402,8186,14058,13109,16790,1722,5976,5775,8263,7482,10072,8723,20440,19368,14990,2246,150,17497,1,34:15
2024-25,202704,Reggie Jackson,Reggie,1610612755,PHI,Philadelphia 76ers,0022400721,2025-02-05T00:00:00,PHI vs. MIA,L,12.166666666666666,11.8,11.8,1.0,5.9,5.9,1.0,0.0,0.0,0.0,0.0,3.0,3.0,3.0,0.0,3.0,0.0,0.0,3.0,0.0,29.6,20.7,46.5,0,0,47.3,1,13222,1,13222,21167,1628,13883,1,1364,10887,1,13505,14344,13505,14058,16861,19833,13060,16469,3252,8263,8846,10903,17725,2238,3753,4554,2246,150,3358,1,12:10
2024-25,1630530,Trey Murphy III,Trey,1610612740,NOP,New Orleans Pelicans,0022400726,2025-02-05T00:00:00,NOP @ DEN,L,32.47,10.0,17.7,0.563,2.2,4.4,0.5,5.5,5.5,1.0,1.1,4.4,5.5,10.0,2.2,0.0,1.1,1.1,3.3,5.5,27.7,-25.5,50.4,0,0,47.7,1,13222,1,13222,5578,3245,4968,7127,9178,14612,3944,3371,5135,1,12407,12445,13432,1453,9451,12854,6738,6980,9360,3276,2889,22917,3141,2246,150,3261,1,32:28
2024-25,203468,CJ McCollum,CJ,1610612740,NOP,New Orleans Pelicans,0022400726,2025-02-05T00:00:00,NOP @ DEN,L,27.588333333333335,7.8,18.3,0.429,3.9,7.8,0.5,5.2,5.2,1.0,1.3,0.0,1.3,3.9,3.9,1.3,0.0,1.3,0.0,6.5,24.8,-30.0,32.2,0,0,36.5,1,13222,1,13222,9887,7010,4393,13735,4174,6751,3944,3748,5571,1,11175,22137,22812,10188,4055,9428,8263,5626,20257,2057,4314,23742,13145,2246,150,9024,1,27:35
2024-25,1629675,Naz Reid,Naz,1610612750,MIN,Minnesota Timberwolves,0022400723,2025-02-05T00:00:00,MIN vs. CHI,W,35.78333333333333,8.0,19.1,0.421,4.0,10.1,0.4,2.0,2.0,1.0,2.0,8.0,10.1,6.0,1.0,1.0,2.0,1.0,3.0,2.0,22.1,16.1,51.3,1,0,48.3,1,1,13086,1,2834,6534,3648,14442,3952,3424,7874,10603,12692,1,8336,4634,5363,5424,15807,11898,3450,7867,10629,13031,6111,5216,2895,1,150,3049,1,35:47
2024-25,1629661,Cameron Johnson,Cameron,1610612751,BKN,Brooklyn Nets,0022400720,2025-02-05T00:00:00,BKN vs. WAS,L,24.716666666666665,7.3,18.9,0.385,4.4,13.1,0.333,5.8,5.8,1.0,1.5,2.9,4.4,2.9,1.5,0.0,0.0,0.0,1.5,5.8,24.8,-36.4,32.9,0,0,36.4,1,13222,1,13222,12256,8255,3816,16070,3285,1245,9209,3058,4720,1,10509,17035,16359,13233,12974,12854,8263,8846,17414,2856,4328,24558,12650,2246,150,9092,1,24:43
2024-25,1642267,Bub Carrington,Bub,1610612764,WAS,Washington Wizards,0022400720,2025-02-05T00:00:00,WAS @ BKN,W,35.46666666666667,5.1,8.1,0.625,4.1,6.1,0.667,2.0,2.0,1.0,0.0,4.1,4.1,10.2,1.0,1.0,0.0,0.0,1.0,2.0,16.2,15.2,38.4,1,0,36.5,1,1,13086,1,3102,14161,20050,4899,3867,10461,1957,10530,12634,1,14058,13543,17158,1361,15746,11810,8263,8846,19609,12928,11667,5531,8795,1,150,9020,1,35:28
2024-25,1641724,Jett Howard,Jett,1610612753,ORL,Orlando Magic,0022400727,2025-02-05T00:00:00,ORL @ SAC,W,5.691666666666666,6.3,12.7,0.5,6.3,12.7,0.5,0.0,0.0,0.0,0.0,0.0,0.0,0.0,12.7,0.0,0.0,0.0,6.3,0.0,19.0,-69.6,6.3,0,0,25.3,1,1,13086,1,23707,10636,12482,8526,1102,1453,3944,13505,14344,13505,14058,22137,23286,19908,184,12854,8263,8846,2575,17725,8882,25881,24884,2246,150,17433,1,5:42
2024-25,1642275,Tidjane Salaün,Tidjane,1610612766,CHA,Charlotte Hornets,0022400717,2025-02-05T00:00:00,CHA vs. MIL,L,21.533333333333335,5.0,13.4,0.375,1.7,6.7,0.25,5.0,6.7,0.75,3.3,3.3,6.7,1.7,1.7,1.7,1.7,0.0,1.7,5.0,16.7,-10.0,35.6,0,0,33.4,1,13222,1,13222,14913,14339,11184,16299,11474,9129,11902,4014,3671,8186,4653,15653,10755,17436,12030,7711,4354,8846,16617,4086,11148,17900,10646,2246,150,11286,1,21:32
2024-25,201144,Mike Conley,Mike,1610612750,MIN,Minnesota Timberwolves,0022400723,2025-02-05T00:00:00,MIN vs. CHI,W,25.633333333333333,2.8,14.0,0.2,2.8,9.8,0.286,2.8,2.8,1.0,2.8,4.2,7.0,12.6,0.0,0.0,0.0,1.4,0.0,4.2,11.2,29.5,38.6,0,0,33.7,1,1,13086,1,11458,19857,10102,21401,7185,3689,11433,8328,10467,1,5840,13073,10113,595,16469,12854,8263,5163,20257,5804,16967,2030,8639,2246,150,11069,1,25:38
2024-25,1631169,Josh Minott,Josh,1610612750,MIN,Minnesota Timberwolves,0022400723,2025-02-05T00:00:00,MIN vs. CHI,W,0.9833333333333333,0.0,0.0,0.0,0.0,0.0,0.0,0.0,0.0,0.0,0.0,36.6,36.6,0.0,0.0,0.0,0.0,0.0,0.0,0.0,0.0,73.2,43.9,0,0,36.6,1,1,13086,1,26063,22635,24836,22635,15070,20945,15070,13505,14344,13505,14058,19,41,19908,16469,12854,8263,8846,20257,17725,23200,214,5703,2246,150,8968,1,0:59
2024-25,1631222,Jake LaRavia,Jake,1610612763,MEM,Memphis Grizzlies,0022400722,2025-02-05T00:00:00,MEM @ TOR,W,4.483333333333333,0.0,8.0,0.0,0.0,0.0,0.0,0.0,16.1,0.0,0.0,0.0,0.0,0.0,0.0,0.0,8.0,0.0,8.0,8.0,0.0,48.2,24.1,0,0,16.1,1,1,13086,1,24248,22635,20209,22635,15070,20945,15070,13505,276,13505,14058,22137,23286,19908,16469,12854,140,8846,1354,995,23200,599,18883,2246,150,22682,1,4:29
2024-25,1641842,Ronald Holland II,Ronald,1610612765,DET,Detroit Pistons,0022400718,2025-02-05T00:00:00,DET vs. CLE,L,19.18,5.6,13.1,0.429,1.9,9.4,0.2,3.8,3.8,1.0,1.9,0.0,1.9,1.9,3.8,1.9,0.0,0.0,3.8,3.8,16.9,-18.8,23.8,0,0,26.3,1,13222,1,13222,16698,12611,11599,13735,10728,4274,13429,6174,8361,1,8913,22137,22040,16828,4430,6875,8263,8846,7896,6975,10970,21168,19067,2246,150,16734,1,19:11
2024-25,1641779,Jalen Bridges,Jalen,1610612756,PHX,Phoenix Suns,0022400724,2025-02-05T00:00:00,PHX @ OKC,L,8.35,4.3,4.3,1.0,4.3,4.3,1.0,0.0,0.0,0.0,0.0,0.0,0.0,0.0,8.6,0.0,0.0,0.0,0.0,0.0,12.9,-8.6,4.3,0,0,17.2,1,13222,1,13222,22685,16288,23910,1,3363,14881,1,13505,14344,13505,14058,22137,23286,19908,479,12854,8263,8846,20257,17725,15156,17245,25060,2246,150,22194,1,8:21
2024-25,1641711,Gradey Dick,Gradey,1610612761,TOR,Toronto Raptors,0022400722,2025-02-05T00:00:00,TOR vs. MEM,L,31.666666666666668,5.7,19.3,0.294,1.1,8.0,0.143,2.3,2.3,1.0,3.4,4.5,8.0,0.0,3.4,1.1,0.0,1.1,4.5,2.3,14.8,-20.5,24.3,0,0,26.1,1,13222,1,13222,6258,12461,3479,19598,13734,6523,14649,9713,11865,1,4517,12127,8347,19908,5210,10706,8263,6739,5669,11848,13136,21696,18735,2246,150,16836,1,31:40
2024-25,1630611,Gui Santos,Gui,1610612744,GSW,Golden State Warriors,0022400725,2025-02-05T00:00:00,GSW @ UTA,L,10.5,3.4,3.4,1.0,3.4,3.4,1.0,3.4,6.9,0.5,0.0,0.0,0.0,0.0,0.0,0.0,0.0,0.0,0.0,3.4,13.7,37.7,13.7,0,0,17.1,1,13222,1,13222,21919,18476,24334,1,5315,16813,1,6834,3513,10625,14058,22137,23286,19908,16469,12854,8263,8846,20257,7870,14256,1144,23572,2246,150,22237,1,10:30
2024-25,1631216,Caleb Houstan,Caleb,1610612753,ORL,Orlando Magic,0022400727,2025-02-05T00:00:00,ORL @ SAC,W,7.033333333333333,5.1,15.4,0.333,5.1,10.2,0.5,0.0,0.0,0.0,0.0,5.1,5.1,0.0,0.0,0.0,0.0,5.1,5.1,0.0,15.4,-51.2,21.5,0,0,25.6,1,1,13086,1,23154,14031,8024,17395,2138,3222,3944,13505,14344,13505,14058,10503,14461,19908,16469,12854,8263,339,4344,17725,12563,25436,20414,2246,150,17214,1,7:02
2024-25,1626158,Richaun Holmes,Richaun,1610612764,WAS,Washington Wizards,0022400720,2025-02-05T00:00:00,WAS @ BKN,W,26.505,5.4,6.8,0.8,0.0,0.0,0.0,1.4,1.4,1.0,0.0,6.8,6.8,4.1,0.0,0.0,1.4,0.0,4.1,1.4,12.2,23.1,30.6,0,0,25.8,1,1,13086,1,10722,13185,21791,1688,15070,20945,15070,12145,13652,1,14058,6720,10553,9731,16469,12854,5415,8846,6926,15634,15901,3245,14375,2246,150,17062,1,26:30
2024-25,1629636,Darius Garland,Darius,1610612739,CLE,Cleveland Cavaliers,0022400718,2025-02-05T00:00:00,CLE @ DET,W,31.498333333333335,9.1,20.6,0.444,4.6,8.0,0.571,5.7,6.9,0.833,1.1,2.3,3.4,5.7,5.7,0.0,1.1,1.1,3.4,3.4,28.6,-6.9,39.0,0,0,44.6,1,1,13086,1,6417,4457,2590,13045,2935,6447,3506,3169,3512,7275,12176,18805,18702,6016,1631,12854,6527,6697,8974,7869,2577,16452,8430,2246,150,4434,1,31:30
2024-25,1641763,Julian Phillips,Julian,1610612741,CHI,Chicago Bulls,0022400723,2025-02-05T00:00:00,CHI @ MIN,L,16.666666666666668,2.2,4.3,0.5,0.0,0.0,0.0,0.0,0.0,0.0,4.3,4.3,8.6,0.0,0.0,0.0,2.2,0.0,2.2,0.0,4.3,-8.6,21.2,0,0,17.3,1,13222,1,13222,18490,21117,23903,8526,15070,20945,15070,13505,14344,13505,3137,12744,7244,19908,16469,12854,3044,8846,14298,17725,22389,17258,20610,2246,150,22183,1,16:40
2024-25,1627763,Malcolm Brogdon,Malcolm,1610612764,WAS,Washington Wizards,0022400720,2025-02-05T00:00:00,WAS @ BKN,W,16.695,6.5,12.9,0.5,2.2,2.2,1.0,0.0,0.0,0.0,2.2,0.0,2.2,2.2,2.2,2.2,0.0,2.2,0.0,6.5,15.1,12.9,25.2,0,0,25.9,1,1,13086,1,18472,10268,11964,8526,9415,19249,1,13505,14344,13505,7733,22137,21502,15790,9698,5559,8263,2750,20257,2114,12811,6419,18127,2246,150,17022,1,16:42
2024-25,203932,Aaron Gordon,Aaron,1610612743,DEN,Denver Nuggets,0022400726,2025-02-05T00:00:00,DEN vs. NOP,W,30.68166666666667,2.3,10.6,0.222,1.2,4.7,0.25,2.3,2.3,1.0,1.2,3.5,4.7,14.1,0.0,1.2,1.2,0.0,2.3,1.2,8.2,19.9,42.0,0,0,32.9,1,1,13086,1,7145,20764,16121,21205,13515,13976,11902,9464,11639,1,11975,15179,15588,384,16469,10412,6344,8846,13453,16537,19738,3968,6611,2246,150,11762,1,30:41
2024-25,1626220,Royce O'Neale,Royce,1610612756,PHX,Phoenix Suns,0022400724,2025-02-05T00:00:00,PHX @ OKC,L,28.633333333333333,7.5,12.6,0.6,7.5,11.3,0.667,0.0,0.0,0.0,0.0,6.3,6.3,1.3,0.0,0.0,0.0,0.0,2.5,1.3,22.6,-18.9,32.1,0,0,37.7,1,13222,1,13222,8997,7656,12624,5394,579,2243,1957,13505,14344,13505,14058,7717,11642,18808,16469,12854,8263,8846,12733,16095,5750,21192,13279,2246,150,8213,1,28:38
2024-25,1641854,Craig Porter Jr.,Craig,1610612739,CLE,Cleveland Cavaliers,0022400718,2025-02-05T00:00:00,CLE @ DET,W,15.666666666666666,13.8,16.1,0.857,6.9,9.2,0.75,2.3,4.6,0.5,0.0,0.0,0.0,2.3,2.3,0.0,0.0,0.0,2.3,2.3,36.8,2.3,37.9,0,0,46.0,1,1,13086,1,19151,765,6995,1412,798,4544,1542,9628,6662,10625,14058,22137,23286,15238,9080,12854,8263,8846,13658,11750,722,11463,9072,2246,150,3825,1,15:40
2024-25,1627752,Taurean Prince,Taurean,1610612749,MIL,Milwaukee Bucks,0022400717,2025-02-05T00:00:00,MIL @ CHA,W,24.766666666666666,5.8,8.7,0.667,4.4,5.8,0.75,0.0,0.0,0.0,0.0,2.9,2.9,0.0,1.5,1.5,0.0,0.0,1.5,0.0,16.0,17.4,22.4,0,0,26.2,1,1,13086,1,12199,12076,19150,3281,3301,11172,1542,13505,14344,13505,14058,17055,19976,19908,12993,8619,8263,8846,17431,17725,11932,4759,19935,2246,150,16821,1,24:46
2024-25,1630172,Patrick Williams,Patrick,1610612741,CHI,Chicago Bulls,0022400723,2025-02-05T00:00:00,CHI @ MIN,L,24.766666666666666,4.4,14.5,0.3,0.0,5.8,0.0,2.9,7.3,0.4,0.0,4.4,4.4,1.5,1.5,2.9,1.5,2.9,1.5,4.4,11.6,-20.3,30.7,0,0,26.2,1,13222,1,13222,12199,16168,9301,19363,15070,11172,15070,8070,3118,13061,14058,12620,16382,18166,12993,3387,5026,1457,17431,5447,16545,21649,14300,2246,150,16821,1,24:46
2024-25,1627824,Guerschon Yabusele,Guerschon,1610612755,PHI,Philadelphia 76ers,0022400721,2025-02-05T00:00:00,PHI vs. MIA,L,30.466666666666665,3.5,9.5,0.375,1.2,2.4,0.5,2.4,2.4,1.0,2.4,8.3,10.6,2.4,2.4,2.4,1.2,1.2,2.4,1.2,10.6,-18.9,35.2,0,0,31.9,1,13222,1,13222,7345,18215,18030,16299,13463,18879,3944,9416,11590,1,7037,4320,4779,15009,8803,4819,6293,6393,13379,16498,17526,21216,10924,2246,150,12454,1,30:28
2024-25,1630311,Pat Spencer,Pat,1610612744,GSW,Golden State Warriors,0022400725,2025-02-05T00:00:00,GSW @ UTA,L,14.323333333333334,7.5,15.1,0.5,0.0,2.5,0.0,2.5,5.0,0.5,2.5,7.5,10.1,10.1,2.5,0.0,0.0,0.0,10.1,5.0,17.6,12.6,42.2,0,0,37.7,1,13222,1,13222,20002,7665,8465,8526,15070,18601,15070,9006,5872,10625,6572,5425,5369,1406,8187,12854,8263,8846,691,4069,10231,6577,6514,2246,150,8224,1,14:19
2024-25,201942,DeMar DeRozan,DeMar,1610612758,SAC,Sacramento Kings,0022400727,2025-02-05T00:00:00,SAC vs. ORL,L,32.95,6.6,12.0,0.545,1.1,1.1,1.0,6.6,7.6,0.857,0.0,2.2,2.2,2.2,3.3,0.0,0.0,1.1,0.0,4.4,20.8,-30.6,23.4,0,0,26.2,1,13222,1,13222,5189,10050,13556,7695,13981,20754,1,2356,2779,7071,14058,19116,21445,15681,5568,12854,8263,7110,20257,5421,7268,23827,19324,2246,150,16781,1,32:57
2024-25,1628970,Miles Bridges,Miles,1610612766,CHA,Charlotte Hornets,0022400717,2025-02-05T00:00:00,CHA vs. MIL,L,26.466666666666665,9.5,23.1,0.412,1.4,6.8,0.2,0.0,0.0,0.0,1.4,6.8,8.2,8.2,1.4,0.0,0.0,1.4,2.7,0.0,20.4,-5.4,41.1,0,0,38.1,1,13222,1,13222,10757,3848,1342,14791,12604,8899,13429,13505,14344,13505,10926,6703,7987,2732,13512,12854,8263,5357,11947,17725,7577,15804,7131,2246,150,7971,1,26:28
2024-25,1628976,Wendell Carter Jr.,Wendell,1610612753,ORL,Orlando Magic,0022400727,2025-02-05T00:00:00,ORL @ SAC,W,19.783333333333335,5.5,7.3,0.75,3.6,3.6,1.0,0.0,0.0,0.0,3.6,10.9,14.6,5.5,0.0,3.6,0.0,0.0,7.3,1.8,14.6,27.3,51.1,0,0,45.5,1,1,13086,1,16192,13107,21232,2107,4825,16354,1,13505,14344,13505,4140,1946,1976,6515,16469,2044,8263,8846,1783,13849,13340,2376,2952,2246,150,4019,1,19:47
2024-25,1626156,D'Angelo Russell,D'Angelo,1610612751,BKN,Brooklyn Nets,0022400720,2025-02-05T00:00:00,BKN vs. WAS,L,15.903333333333334,4.5,15.8,0.286,0.0,6.8,0.0,2.3,4.5,0.5,0.0,0.0,0.0,4.5,9.1,0.0,0.0,0.0,2.3,6.8,11.3,-20.4,9.1,0,0,15.8,1,13222,1,13222,18997,15692,7355,19630,15070,8919,15070,9742,6790,10625,14058,22137,23286,8583,417,12854,8263,8846,13805,1832,16872,21658,24562,2246,150,22772,1,15:54
2024-25,101108,Chris Paul,Chris,1610612759,SAS,San Antonio Spurs,0022400719,2025-02-05T00:00:00,SAS @ ATL,W,30.0,4.8,10.8,0.444,3.6,7.2,0.5,0.0,0.0,0.0,1.2,3.6,4.8,10.8,1.2,0.0,0.0,0.0,2.4,0.0,13.2,4.8,34.0,0,0,32.4,1,1,13086,1,7781,14944,15692,13045,4925,8048,3944,13505,14344,13505,11795,14927,15301,1068,14443,12854,8263,8846,13205,17725,14869,10216,11851,2246,150,12062,1,30:00
2024-25,1642266,Ja'Kobe Walter,Ja'Kobe,1610612761,TOR,Toronto Raptors,0022400722,2025-02-05T00:00:00,TOR vs. MEM,L,28.2,6.4,14.0,0.455,1.3,5.1,0.25,3.8,3.8,1.0,1.3,2.6,3.8,3.8,1.3,2.6,0.0,0.0,5.1,2.6,17.9,-23.0,34.6,0,0,31.9,1,13222,1,13222,9378,10486,10106,12676,12953,12929,11902,6020,8177,1,11323,18047,17746,10421,13926,4244,8263,8846,4361,10787,9949,22328,11380,2246,150,12447,1,28:12
2024-25,1628370,Malik Monk,Malik,1610612758,SAC,Sacramento Kings,0022400727,2025-02-05T00:00:00,SAC vs. ORL,L,24.891666666666666,5.8,15.9,0.364,1.4,5.8,0.25,1.4,1.4,1.0,0.0,0.0,0.0,4.3,4.3,1.4,1.4,1.4,7.2,5.8,14.5,-30.4,25.3,0,0,26.0,1,13222,1,13222,12104,12154,7244,16861,12269,11241,11902,11916,13544,1,14058,22137,23286,9039,3239,8657,5051,4997,1813,2920,13449,23795,18064,2246,150,16906,1,24:54
2024-25,1630241,Sam Merrill,Sam,1610612739,CLE,Cleveland Cavaliers,0022400718,2025-02-05T00:00:00,CLE @ DET,W,27.0,2.7,5.3,0.5,2.7,5.3,0.5,0.0,0.0,0.0,0.0,2.7,2.7,0.0,1.3,1.3,0.0,0.0,5.3,2.7,8.0,10.7,13.9,0,0,16.0,1,1,13086,1,10332,20160,23233,8526,7628,12367,3944,13505,14344,13505,14058,17774,20513,19908,13654,9282,8263,8846,3956,10419,19921,7386,23530,2246,150,22705,1,27:00
2024-25,1629610,DaQuan Jeffries,DaQuan,1610612766,CHA,Charlotte Hornets,0022400717,2025-02-05T00:00:00,CHA vs. MIL,L,29.433333333333334,3.7,8.6,0.429,2.4,4.9,0.5,1.2,1.2,1.0,2.4,4.9,7.3,2.4,1.2,1.2,0.0,0.0,1.2,1.2,11.0,28.1,25.9,0,0,25.7,1,13222,1,13222,8281,17919,19406,13735,8330,13457,3944,12518,13850,1,6786,11178,9498,14715,14274,9989,8263,8846,18415,16282,17173,2243,17661,2246,150,17149,1,29:26
2024-25,1631213,Tyrese Martin,Tyrese,1610612751,BKN,Brooklyn Nets,0022400720,2025-02-05T00:00:00,BKN vs. WAS,L,19.028333333333332,3.8,9.5,0.4,3.8,9.5,0.4,3.8,3.8,1.0,1.9,1.9,3.8,3.8,1.9,0.0,0.0,0.0,5.7,1.9,15.1,1.9,23.5,0,0,26.5,1,13222,1,13222,16803,17609,18023,14933,4491,4164,7874,6119,8291,1,8853,20001,17866,10552,11092,12854,8263,8846,3434,13553,12775,11691,19278,2246,150,16552,1,19:02
2024-25,1642347,Jamal Shead,Jamal,1610612761,TOR,Toronto Raptors,0022400722,2025-02-05T00:00:00,TOR vs. MEM,L,30.466666666666665,5.9,11.8,0.5,2.4,5.9,0.4,2.4,2.4,1.0,0.0,0.0,0.0,4.7,2.4,1.2,0.0,0.0,2.4,4.7,16.5,-43.7,24.8,0,0,26.0,1,13222,1,13222,7345,11782,13916,8526,8622,10920,7874,9416,11590,1,14058,22137,23286,8112,8803,10335,8263,8846,13379,4664,11344,25104,18412,2246,150,16935,1,30:28
2024-25,1631172,Ousmane Dieng,Ousmane,1610612760,OKC,Oklahoma City Thunder,0022400724,2025-02-05T00:00:00,OKC vs. PHX,W,8.783333333333333,8.2,16.4,0.5,4.1,8.2,0.5,0.0,0.0,0.0,0.0,0.0,0.0,0.0,4.1,4.1,0.0,0.0,4.1,0.0,20.5,36.9,28.7,0,0,32.8,1,1,13086,1,22537,6213,6552,8526,3789,6087,3944,13505,14344,13505,14058,22137,23286,19908,3674,1539,8263,8846,6840,17725,7503,1211,15726,2246,150,11816,1,8:47
2024-25,1628381,John Collins,John,1610612762,UTA,Utah Jazz,0022400725,2025-02-05T00:00:00,UTA vs. GSW,W,30.216666666666665,8.3,17.9,0.467,0.0,3.6,0.0,6.0,7.1,0.833,0.0,6.0,6.0,2.4,3.6,1.2,2.4,1.2,1.2,8.3,22.6,22.6,40.5,0,0,38.1,1,1,13086,1,7573,5908,4834,12249,15070,16503,15070,2910,3225,7275,14058,8431,12393,14937,4831,10248,2588,6328,18583,876,5748,3338,7461,2246,150,7942,1,30:13
2024-25,1631255,Karlo Matković,Karlo,1610612740,NOP,New Orleans Pelicans,0022400726,2025-02-05T00:00:00,NOP @ DEN,L,29.561666666666667,3.7,7.3,0.5,1.2,3.7,0.333,3.7,3.7,1.0,2.4,8.5,11.0,1.2,1.2,1.2,2.4,0.0,3.7,1.2,12.2,-20.7,36.9,0,0,32.9,1,13222,1,13222,8177,17961,21197,8526,13273,16319,9209,6378,8573,1,6820,4029,4447,18958,14308,10034,2493,8846,8251,16312,15945,21757,9770,2246,150,11746,1,29:34
2024-25,1629622,Max Strus,Max,1610612739,CLE,Cleveland Cavaliers,0022400718,2025-02-05T00:00:00,CLE @ DET,W,28.038333333333334,6.4,15.4,0.417,3.9,12.8,0.3,2.6,2.6,1.0,2.6,5.1,7.7,2.6,2.6,1.3,1.3,0.0,2.6,2.6,19.3,-1.3,37.5,0,0,38.5,1,1,13086,1,9517,10387,7954,14532,4314,1374,11319,8884,11055,1,6436,10463,8799,14316,7991,9555,5719,8846,12538,10740,8586,13709,9347,2246,150,7698,1,28:02
2024-25,1641890,Tyler Smith,Tyler,1610612749,MIL,Milwaukee Bucks,0022400717,2025-02-05T00:00:00,MIL @ CHA,W,4.45,8.1,8.1,1.0,0.0,0.0,0.0,0.0,0.0,0.0,0.0,0.0,0.0,0.0,0.0,0.0,0.0,0.0,8.1,0.0,16.2,-72.8,16.2,0,0,16.2,1,1,13086,1,24257,6440,20103,1,15070,20945,15070,13505,14344,13505,14058,22137,23286,19908,16469,12854,8263,8846,1323,17725,11745,25919,22779,2246,150,22642,1,4:27
2024-25,1641709,Ausar Thompson,Ausar,1610612765,DET,Detroit Pistons,0022400718,2025-02-05T00:00:00,DET vs. CLE,L,27.436666666666667,5.2,13.1,0.4,0.0,0.0,0.0,5.2,9.2,0.571,5.2,5.2,10.5,3.9,1.3,3.9,0.0,2.6,3.9,7.9,15.7,-2.6,44.7,0,0,38.1,1,13222,1,13222,9987,13671,11640,14933,15070,20945,15070,3711,1776,10536,2145,10163,4911,10117,13754,1702,8263,1845,7327,1084,12181,14370,5309,2246,150,7995,1,27:26
2024-25,1642403,Isaac Jones,Isaac,1610612758,SAC,Sacramento Kings,0022400727,2025-02-05T00:00:00,SAC vs. ORL,L,13.883333333333333,5.2,10.4,0.5,0.0,0.0,0.0,0.0,2.6,0.0,7.8,2.6,10.4,5.2,2.6,0.0,0.0,0.0,5.2,5.2,10.4,25.9,28.0,0,0,25.9,1,13222,1,13222,20254,13857,16430,8526,15070,20945,15070,13505,10989,13505,854,17963,5038,7061,7905,12854,8263,8846,4222,3789,17787,2628,16231,2246,150,16993,1,13:53
2024-25,1630695,Micah Potter,Micah,1610612762,UTA,Utah Jazz,0022400725,2025-02-05T00:00:00,UTA vs. GSW,W,17.783333333333335,2.0,4.0,0.5,2.0,4.0,0.5,0.0,0.0,0.0,0.0,8.1,8.1,0.0,2.0,0.0,0.0,0.0,2.0,2.0,6.1,-32.4,13.8,0,0,16.2,1,1,13086,1,17716,21359,24078,8526,10044,15479,3944,13505,14344,13505,14058,4565,8103,19908,10405,12854,8263,8846,14997,12966,21338,24085,23559,2246,150,22637,1,17:47
2024-25,1641783,Tristan da Silva,Tristan,1610612753,ORL,Orlando Magic,0022400727,2025-02-05T00:00:00,ORL @ SAC,W,18.196666666666665,9.9,9.9,1.0,2.0,2.0,1.0,0.0,0.0,0.0,0.0,4.0,4.0,5.9,2.0,2.0,0.0,0.0,4.0,0.0,21.8,-2.0,39.4,0,0,37.6,1,1,13086,1,17448,3344,17257,1,10252,19593,1,13505,14344,13505,14058,13849,17423,5613,10622,6349,8263,8846,7259,17725,6414,14029,8157,2246,150,8301,1,18:12
2024-25,1641790,PJ Hall,PJ,1610612743,DEN,Denver Nuggets,0022400726,2025-02-05T00:00:00,DEN vs. NOP,W,2.1166666666666667,0.0,0.0,0.0,0.0,0.0,0.0,0.0,0.0,0.0,0.0,17.0,17.0,0.0,0.0,0.0,0.0,0.0,17.0,0.0,0.0,68.0,20.4,0,0,17.0,1,1,13086,1,25408,22635,24836,22635,15070,20945,15070,13505,14344,13505,14058,329,1125,19908,16469,12854,8263,8846,175,17725,23200,255,20983,2246,150,22301,1,2:07
2024-25,203552,Seth Curry,Seth,1610612766,CHA,Charlotte Hornets,0022400717,2025-02-05T00:00:00,CHA vs. MIL,L,13.683333333333334,2.6,18.4,0.143,0.0,7.9,0.0,2.6,2.6,1.0,0.0,5.3,5.3,2.6,0.0,0.0,0.0,0.0,0.0,2.6,7.9,-18.4,18.2,0,0,15.8,1,13222,1,13222,20373,20217,4276,22260,15070,6634,15070,8732,10898,1,14058,10122,14129,14109,16469,12854,8263,8846,20257,10540,20001,21048,22029,2246,150,22791,1,13:41
2024-25,1631323,Simone Fontecchio,Simone,1610612765,DET,Detroit Pistons,0022400718,2025-02-05T00:00:00,DET vs. CLE,L,11.101666666666667,3.2,13.0,0.25,3.2,6.5,0.5,0.0,0.0,0.0,0.0,3.2,3.2,0.0,0.0,0.0,0.0,3.2,3.2,0.0,9.7,-35.7,13.6,0,0,16.2,1,13222,1,13222,21657,18911,11913,20233,5843,9586,3944,13505,14344,13505,14058,15955,19128,19908,16469,12854,8263,1115,9686,17725,18423,24484,23602,2246,150,22629,1,11:06
2024-25,1630191,Isaiah Stewart,Isaiah,1610612765,DET,Detroit Pistons,0022400718,2025-02-05T00:00:00,DET vs. CLE,L,18.116666666666667,6.0,7.9,0.75,0.0,0.0,0.0,4.0,4.0,1.0,2.0,9.9,11.9,2.0,2.0,0.0,4.0,0.0,0.0,4.0,15.9,0.0,43.1,0,0,37.8,1,13222,1,13222,17491,11624,20348,2107,15070,20945,15070,5738,7889,1,8446,2633,3565,16425,10581,12854,934,8846,20257,6380,12030,12240,6075,2246,150,8197,1,18:07
2024-25,202331,Paul George,Paul,1610612755,PHI,Philadelphia 76ers,0022400721,2025-02-05T00:00:00,PHI vs. MIA,L,32.416666666666664,3.3,12.2,0.273,3.3,6.7,0.5,0.0,0.0,0.0,0.0,1.1,1.1,2.2,1.1,3.3,1.1,1.1,3.3,1.1,10.0,-13.3,26.9,0,0,25.5,1,13222,1,13222,5623,18679,13235,20048,5571,9185,3944,13505,14344,13505,14058,21732,23068,15553,15060,2496,6722,6964,9332,16860,18164,19239,17038,2246,150,17254,1,32:25
2024-25,1629004,Svi Mykhailiuk,Svi,1610612762,UTA,Utah Jazz,0022400725,2025-02-05T00:00:00,UTA vs. GSW,W,23.143333333333334,4.7,12.4,0.375,3.1,9.3,0.333,3.1,4.7,0.667,0.0,7.8,7.8,6.2,0.0,0.0,0.0,0.0,0.0,3.1,15.6,3.1,34.2,0,0,32.7,1,1,13086,1,13608,15327,12825,16299,6192,4332,9209,7513,6552,9425,14058,5036,8662,5126,16469,12854,8263,8846,20257,8848,12371,11056,11638,2246,150,11896,1,23:09
2024-25,1629626,Bol Bol,Bol,1610612756,PHX,Phoenix Suns,0022400724,2025-02-05T00:00:00,PHX @ OKC,L,8.35,4.3,17.2,0.25,4.3,12.9,0.333,0.0,0.0,0.0,0.0,4.3,4.3,4.3,0.0,4.3,0.0,0.0,4.3,0.0,12.9,-8.6,37.5,0,0,34.5,1,13222,1,13222,22685,16288,5520,20233,3363,1333,9209,13505,14344,13505,14058,12760,16501,9092,16469,1359,8263,8846,6239,17725,15156,17245,9337,2246,150,10458,1,8:21
2024-25,1642281,Jaylon Tyson,Jaylon,1610612739,CLE,Cleveland Cavaliers,0022400718,2025-02-05T00:00:00,CLE @ DET,W,8.668333333333333,0.0,8.3,0.0,0.0,4.2,0.0,0.0,0.0,0.0,4.2,4.2,8.3,4.2,4.2,0.0,0.0,0.0,0.0,0.0,0.0,0.0,12.0,0,0,12.5,1,1,13086,1,22573,22635,19792,22635,15070,15226,15070,13505,14344,13505,3364,13262,7767,9519,3578,12854,8263,8846,20257,17725,23200,12240,23994,2246,150,23881,1,8:40
2024-25,1641774,Tristan Vukcevic,Tristan,1610612764,WAS,Washington Wizards,0022400720,2025-02-05T00:00:00,WAS @ BKN,W,18.611666666666668,7.7,17.4,0.444,3.9,9.7,0.4,3.9,7.7,0.5,3.9,7.7,11.6,1.9,1.9,0.0,0.0,0.0,5.8,9.7,23.2,0.0,38.1,0,0,40.6,1,1,13086,1,17103,7191,5349,13045,4276,3890,7874,5938,2724,10625,3785,5105,3844,16626,10879,12854,8263,8846,3217,480,5348,12240,8959,2246,150,6430,1,18:37
2024-25,1631098,Johnny Davis,Johnny,1610612764,WAS,Washington Wizards,0022400720,2025-02-05T00:00:00,WAS @ BKN,W,2.033333333333333,0.0,0.0,0.0,0.0,0.0,0.0,0.0,0.0,0.0,0.0,0.0,0.0,0.0,0.0,0.0,0.0,0.0,0.0,0.0,0.0,-88.5,0.0,0,0,0.0,1,1,13086,1,25436,22635,24836,22635,15070,20945,15070,13505,14344,13505,14058,22137,23286,19908,16469,12854,8263,8846,20257,17725,23200,26075,25228,2246,150,25259,1,2:02
2024-25,1630264,Anthony Gill,Anthony,1610612764,WAS,Washington Wizards,0022400720,2025-02-05T00:00:00,WAS @ BKN,W,2.033333333333333,0.0,0.0,0.0,0.0,0.0,0.0,0.0,0.0,0.0,0.0,0.0,0.0,0.0,0.0,0.0,0.0,0.0,0.0,0.0,0.0,-88.5,0.0,0,0,0.0,1,1,13086,1,25436,22635,24836,22635,15070,20945,15070,13505,14344,13505,14058,22137,23286,19908,16469,12854,8263,8846,20257,17725,23200,26075,25228,2246,150,25259,1,2:02
2024-25,1631115,Orlando Robinson,Orlando,1610612761,TOR,Toronto Raptors,0022400722,2025-02-05T00:00:00,TOR vs. MEM,L,2.8,0.0,0.0,0.0,0.0,0.0,0.0,12.9,25.7,0.5,0.0,0.0,0.0,0.0,0.0,0.0,0.0,0.0,25.7,12.9,12.9,-102.9,12.9,0,0,12.9,1,13222,1,13222,25062,22635,24836,22635,15070,20945,15070,271,82,10625,14058,22137,23286,19908,16469,12854,8263,8846,60,166,15231,26160,23806,2246,150,23754,1,2:48
2024-25,1642505,Alex Ducas,Alex,1610612760,OKC,Oklahoma City Thunder,0022400724,2025-02-05T00:00:00,OKC vs. PHX,W,6.066666666666666,0.0,11.9,0.0,0.0,5.9,0.0,0.0,0.0,0.0,0.0,11.9,11.9,0.0,0.0,0.0,0.0,5.9,0.0,0.0,0.0,-11.9,14.2,0,0,11.9,1,1,13086,1,23571,22635,13824,22635,15070,10848,15070,13505,14344,13505,14058,1428,3600,19908,16469,12854,8263,222,20257,17725,23200,18692,23418,2246,150,24010,1,6:04
2024-25,1630526,Jeremiah Robinson-Earl,Jeremiah,1610612740,NOP,New Orleans Pelicans,0022400726,2025-02-05T00:00:00,NOP @ DEN,L,13.95,2.6,10.3,0.25,0.0,2.6,0.0,0.0,0.0,0.0,0.0,7.7,7.7,0.0,0.0,0.0,0.0,0.0,0.0,2.6,5.2,-10.3,14.5,0,0,12.9,1,13222,1,13222,20220,20306,16517,20233,15070,18479,15070,13505,14344,13505,14058,5091,8733,19908,16469,12854,8263,8846,20257,10701,21929,18039,23348,2246,150,23742,1,13:57
2024-25,1631119,Jaylin Williams,Jaylin,1610612760,OKC,Oklahoma City Thunder,0022400724,2025-02-05T00:00:00,OKC vs. PHX,W,21.816666666666666,0.0,14.9,0.0,0.0,11.6,0.0,6.6,6.6,1.0,5.0,14.9,19.8,5.0,0.0,0.0,1.7,0.0,0.0,3.3,6.6,23.1,42.7,0,0,34.7,1,1,13086,1,14648,22635,8819,22635,15070,2064,15070,2316,3771,1,2421,603,566,7566,16469,12854,4417,8846,20257,8251,20990,3241,6252,2246,150,10330,1,21:49
2024-25,1641753,Chris Livingston,Chris,1610612749,MIL,Milwaukee Bucks,0022400717,2025-02-05T00:00:00,MIL @ CHA,W,1.9166666666666667,0.0,0.0,0.0,0.0,0.0,0.0,0.0,0.0,0.0,0.0,0.0,0.0,0.0,0.0,0.0,0.0,0.0,0.0,0.0,0.0,-112.7,0.0,0,0,0.0,1,1,13086,1,25508,22635,24836,22635,15070,20945,15070,13505,14344,13505,14058,22137,23286,19908,16469,12854,8263,8846,20257,17725,23200,26210,25228,2246,150,25259,1,1:55
2024-25,1641733,Nick Smith Jr.,Nick,1610612766,CHA,Charlotte Hornets,0022400717,2025-02-05T00:00:00,CHA vs. MIL,L,32.18333333333333,10.1,16.8,0.6,4.5,8.9,0.5,1.1,2.2,0.5,0.0,2.2,2.2,2.2,1.1,0.0,0.0,1.1,4.5,1.1,25.7,-11.2,30.6,0,0,34.7,1,13222,1,13222,5816,3148,6072,5394,3104,4902,3944,12861,11978,10625,14058,18962,21343,15489,15013,12854,8263,6883,5833,16832,3812,18399,14312,2246,150,10315,1,32:11
2024-25,203458,Alex Len,Alex,1610612758,SAC,Sacramento Kings,0022400727,2025-02-05T00:00:00,SAC vs. ORL,L,2.3833333333333333,0.0,0.0,0.0,0.0,0.0,0.0,0.0,0.0,0.0,0.0,0.0,0.0,0.0,0.0,0.0,0.0,0.0,15.1,0.0,0.0,-45.3,0.0,0,0,0.0,1,13222,1,13222,25270,22635,24836,22635,15070,20945,15070,13505,14344,13505,14058,22137,23286,19908,16469,12854,8263,8846,238,17725,23200,25195,25228,2246,150,25259,1,2:23
2024-25,1642271,Kyle Filipowski,Kyle,1610612762,UTA,Utah Jazz,0022400725,2025-02-05T00:00:00,UTA vs. GSW,W,12.45,5.8,5.8,1.0,0.0,0.0,0.0,0.0,0.0,0.0,2.9,5.8,8.7,0.0,2.9,0.0,0.0,0.0,5.8,0.0,11.6,-40.5,19.1,0,0,20.2,1,1,13086,1,21022,12159,22826,1,15070,20945,15070,13505,14344,13505,5607,8830,7193,19908,6878,12854,8263,8846,3253,17725,16602,24878,21592,2246,150,20732,1,12:27
2024-25,1630182,Josh Green,Josh,1610612766,CHA,Charlotte Hornets,0022400717,2025-02-05T00:00:00,CHA vs. MIL,L,24.55,2.9,8.8,0.333,0.0,2.9,0.0,1.5,2.9,0.5,0.0,4.4,4.4,0.0,1.5,0.0,0.0,1.5,2.9,1.5,7.3,-46.9,11.1,0,0,11.7,1,13222,1,13222,12423,19569,19024,17395,15070,17795,15070,11854,10134,10625,14058,12524,16282,19908,12919,12854,8263,4904,11016,15146,20456,25265,24216,2246,150,24058,1,24:33
2024-25,1641764,Brandin Podziemski,Brandin,1610612744,GSW,Golden State Warriors,0022400725,2025-02-05T00:00:00,GSW @ UTA,L,39.721666666666664,7.3,16.3,0.444,2.7,9.1,0.3,9.1,11.8,0.769,0.9,4.5,5.4,3.6,0.9,0.9,0.0,0.9,2.7,9.1,26.3,-2.7,40.1,0,0,39.9,1,13222,1,13222,645,8335,6660,13045,7484,4719,11319,983,813,8170,13882,12175,13705,11007,16335,12642,8263,8628,11956,633,3542,14416,7724,2246,150,6848,1,39:43
2024-25,1641722,Jordan Hawkins,Jordan,1610612740,NOP,New Orleans Pelicans,0022400726,2025-02-05T00:00:00,NOP @ DEN,L,24.788333333333334,7.3,21.8,0.333,2.9,8.7,0.333,4.4,4.4,1.0,0.0,4.4,4.4,2.9,0.0,1.5,0.0,0.0,0.0,2.9,21.8,-23.2,35.7,0,0,34.9,1,13222,1,13222,12185,8313,1910,17395,6856,5246,9209,5057,7098,1,14058,12632,16395,13262,16469,8625,8263,8846,20257,9584,6392,22393,10561,2246,150,10190,1,24:47
2024-25,1642258,Zaccharie Risacher,Zaccharie,1610612737,ATL,Atlanta Hawks,0022400719,2025-02-05T00:00:00,ATL vs. SAS,L,23.266666666666666,4.6,12.4,0.375,0.0,4.6,0.0,0.0,0.0,0.0,0.0,1.5,1.5,0.0,0.0,0.0,0.0,0.0,4.6,0.0,9.3,0.0,11.1,0,0,10.8,1,13222,1,13222,13494,15388,12930,16299,15070,14108,15070,13505,14344,13505,14058,20777,22508,19908,16469,12854,8263,8846,5433,17725,18827,12240,24217,2246,150,24261,1,23:16
2024-25,1631288,Jamal Cain,Jamal,1610612740,NOP,New Orleans Pelicans,0022400726,2025-02-05T00:00:00,NOP @ DEN,L,17.195,0.0,10.5,0.0,0.0,8.4,0.0,4.2,4.2,1.0,2.1,2.1,4.2,2.1,2.1,0.0,0.0,0.0,0.0,2.1,4.2,2.1,10.3,0,0,10.5,1,13222,1,13222,18145,22635,16284,22635,15070,5791,15070,5363,7434,1,7975,19379,16836,16026,10030,12854,8263,8846,20257,12641,22470,11577,24373,2246,150,24342,1,17:12
2024-25,1626204,Larry Nance Jr.,Larry,1610612737,ATL,Atlanta Hawks,0022400719,2025-02-05T00:00:00,ATL vs. SAS,L,17.216666666666665,0.0,2.1,0.0,0.0,2.1,0.0,2.1,4.2,0.5,0.0,6.3,6.3,2.1,0.0,0.0,0.0,0.0,2.1,4.2,2.1,-27.2,12.8,0,0,10.5,1,13222,1,13222,18123,22635,24741,22635,15070,19383,15070,10323,7446,10625,14058,7748,11667,16031,16469,12854,8263,8846,14648,5880,23149,23274,23832,2246,150,24347,1,17:13
2024-25,1628975,Jevon Carter,Jevon,1610612741,CHI,Chicago Bulls,0022400723,2025-02-05T00:00:00,CHI @ MIN,L,23.233333333333334,6.2,10.8,0.571,3.1,6.2,0.5,0.0,0.0,0.0,0.0,3.1,3.1,9.3,1.5,1.5,0.0,0.0,1.5,1.5,15.5,6.2,36.3,0,0,34.1,1,13222,1,13222,13518,10976,15616,6538,6218,10202,3944,13505,14344,13505,14058,16410,19478,1809,12548,8199,8263,8846,17050,14806,12423,9517,10189,2246,150,10785,1,23:14
2024-25,1628960,Grayson Allen,Grayson,1610612756,PHX,Phoenix Suns,0022400724,2025-02-05T00:00:00,PHX @ OKC,L,29.72833333333333,3.6,10.9,0.333,3.6,8.5,0.429,0.0,0.0,0.0,0.0,2.4,2.4,3.6,2.4,0.0,0.0,1.2,0.0,0.0,10.9,-17.0,16.8,0,0,20.6,1,13222,1,13222,8021,18007,15535,17395,4845,5627,7394,13505,14344,13505,14058,18420,20959,10990,8565,12854,8263,6184,20257,17725,17266,20601,22552,2246,150,20525,1,29:44
2024-25,201567,Kevin Love,Kevin,1610612748,MIA,Miami Heat,0022400721,2025-02-05T00:00:00,MIA @ PHI,W,7.05,0.0,0.0,0.0,0.0,0.0,0.0,0.0,0.0,0.0,0.0,10.2,10.2,0.0,0.0,0.0,0.0,0.0,5.1,5.1,0.0,-5.1,12.3,0,0,10.2,1,1,13086,1,23144,22635,24836,22635,15070,20945,15070,13505,14344,13505,14058,2417,5220,19908,16469,12854,8263,8846,4361,3910,23200,15649,23954,2246,150,24384,1,7:03
2024-25,1629723,John Konchar,John,1610612763,MEM,Memphis Grizzlies,0022400722,2025-02-05T00:00:00,MEM @ TOR,W,3.6666666666666665,0.0,0.0,0.0,0.0,0.0,0.0,0.0,0.0,0.0,0.0,19.6,19.6,0.0,0.0,0.0,0.0,0.0,0.0,0.0,0.0,29.5,23.6,0,0,19.6,1,1,13086,1,24637,22635,24836,22635,15070,20945,15070,13505,14344,13505,14058,186,582,19908,16469,12854,8263,8846,20257,17725,23200,2038,19223,2246,150,21072,1,3:40
2024-25,1629726,Garrison Mathews,Garrison,1610612737,ATL,Atlanta Hawks,0022400719,2025-02-05T00:00:00,ATL vs. SAS,L,7.183333333333334,0.0,15.0,0.0,0.0,15.0,0.0,0.0,0.0,0.0,0.0,5.0,5.0,5.0,5.0,0.0,0.0,0.0,0.0,0.0,0.0,-40.1,8.5,0,0,10.0,1,13222,1,13222,23100,22635,8554,22635,15070,685,15070,13505,14344,13505,14058,10852,14766,7445,2325,12854,8263,8846,20257,17725,23200,24845,24633,2246,150,24417,1,7:11
2024-25,1630545,Terrence Shannon Jr.,Terrence,1610612750,MIN,Minnesota Timberwolves,0022400723,2025-02-05T00:00:00,MIN vs. CHI,W,0.9833333333333333,0.0,36.6,0.0,0.0,0.0,0.0,0.0,0.0,0.0,0.0,0.0,0.0,0.0,0.0,0.0,0.0,36.6,0.0,0.0,0.0,73.2,0.0,0,0,0.0,1,1,13086,1,26063,22635,111,22635,15070,20945,15070,13505,14344,13505,14058,22137,23286,19908,16469,12854,8263,3,20257,17725,23200,214,25228,2246,150,25259,1,0:59
2024-25,1631094,Paolo Banchero,Paolo,1610612753,ORL,Orlando Magic,0022400727,2025-02-05T00:00:00,ORL @ SAC,W,31.266666666666666,10.4,17.3,0.6,1.2,3.5,0.333,4.6,5.8,0.8,0.0,0.0,0.0,10.4,2.3,1.2,0.0,0.0,1.2,4.6,26.5,28.8,43.2,0,0,40.3,1,1,13086,1,6650,2859,5488,5394,13640,16749,9209,4669,4807,7681,14058,22137,23286,1255,9055,10566,8263,8846,18804,4926,3441,2137,6048,2246,150,6605,1,31:16
2024-25,1642530,Yuki Kawamura,Yuki,1610612763,MEM,Memphis Grizzlies,0022400722,2025-02-05T00:00:00,MEM @ TOR,W,3.6666666666666665,0.0,9.8,0.0,0.0,9.8,0.0,0.0,0.0,0.0,0.0,0.0,0.0,9.8,0.0,0.0,0.0,0.0,0.0,0.0,0.0,29.5,14.7,0,0,9.8,1,1,13086,1,24637,22635,17365,22635,15070,3702,15070,13505,14344,13505,14058,22137,23286,1523,16469,12854,8263,8846,20257,17725,23200,2038,23273,2246,150,24466,1,3:40
2024-25,203914,Gary Harris,Gary,1610612753,ORL,Orlando Magic,0022400727,2025-02-05T00:00:00,ORL @ SAC,W,14.716666666666667,0.0,2.4,0.0,0.0,2.4,0.0,0.0,0.0,0.0,0.0,7.3,7.3,2.4,0.0,0.0,0.0,0.0,2.4,2.4,0.0,12.2,12.5,0,0,9.8,1,1,13086,1,19758,22635,24658,22635,15070,18718,15070,13505,14344,13505,14058,5766,9498,14715,16469,12854,8263,8846,13000,11172,23200,6700,23903,2246,150,24474,1,14:43
2024-25,1631232,Keion Brooks Jr.,Keion,1610612740,NOP,New Orleans Pelicans,0022400726,2025-02-05T00:00:00,NOP @ DEN,L,2.7666666666666666,0.0,0.0,0.0,0.0,0.0,0.0,0.0,0.0,0.0,0.0,0.0,0.0,0.0,0.0,0.0,0.0,0.0,13.0,0.0,0.0,-52.0,0.0,0,0,0.0,1,13222,1,13222,25079,22635,24836,22635,15070,20945,15070,13505,14344,13505,14058,22137,23286,19908,16469,12854,8263,8846,340,17725,23200,25470,25228,2246,150,25259,1,2:46
2024-25,1630245,Ayo Dosunmu,Ayo,1610612741,CHI,Chicago Bulls,0022400723,2025-02-05T00:00:00,CHI @ MIN,L,36.483333333333334,4.9,9.9,0.5,1.0,4.9,0.2,0.0,0.0,0.0,0.0,0.0,0.0,3.9,2.0,2.0,0.0,1.0,3.0,0.0,10.9,-7.9,20.7,0,0,19.7,1,13222,1,13222,2347,14593,17306,8526,14625,13359,13429,13505,14344,13505,14058,22137,23286,10079,10645,6377,8263,8034,10898,17725,17314,16927,20828,2246,150,21015,1,36:29
2024-25,1641741,Ricky Council IV,Ricky,1610612755,PHI,Philadelphia 76ers,0022400721,2025-02-05T00:00:00,PHI vs. MIA,L,4.783333333333333,0.0,15.1,0.0,0.0,15.1,0.0,0.0,0.0,0.0,0.0,0.0,0.0,0.0,0.0,0.0,0.0,0.0,7.5,0.0,0.0,30.1,0.0,0,0,0.0,1,13222,1,13222,24099,22635,8509,22635,15070,681,15070,13505,14344,13505,14058,22137,23286,19908,16469,12854,8263,8846,1621,17725,23200,1951,25228,2246,150,25259,1,4:47
2024-25,202709,Cory Joseph,Cory,1610612753,ORL,Orlando Magic,0022400727,2025-02-05T00:00:00,ORL @ SAC,W,4.783333333333333,0.0,7.5,0.0,0.0,7.5,0.0,0.0,0.0,0.0,0.0,0.0,0.0,0.0,0.0,0.0,0.0,0.0,0.0,0.0,0.0,-67.7,0.0,0,0,0.0,1,1,13086,1,24099,22635,20887,22635,15070,7334,15070,13505,14344,13505,14058,22137,23286,19908,16469,12854,8263,8846,20257,17725,23200,25846,25228,2246,150,25259,1,4:47
2024-25,1641725,Trey Alexander,Trey,1610612743,DEN,Denver Nuggets,0022400726,2025-02-05T00:00:00,DEN vs. NOP,W,2.1166666666666667,0.0,0.0,0.0,0.0,0.0,0.0,0.0,0.0,0.0,0.0,0.0,0.0,0.0,0.0,0.0,0.0,0.0,0.0,0.0,0.0,68.0,0.0,0,0,0.0,1,1,13086,1,25408,22635,24836,22635,15070,20945,15070,13505,14344,13505,14058,22137,23286,19908,16469,12854,8263,8846,20257,17725,23200,255,25228,2246,150,25259,1,2:07
2024-25,203084,Harrison Barnes,Harrison,1610612759,SAS,San Antonio Spurs,0022400719,2025-02-05T00:00:00,SAS @ ATL,W,23.046666666666667,9.4,15.6,0.6,1.6,3.1,0.5,0.0,0.0,0.0,4.7,4.7,9.4,1.6,0.0,1.6,0.0,0.0,1.6,0.0,20.3,7.8,38.6,0,0,35.9,1,1,13086,1,13693,4076,7663,5394,11818,17413,3944,13505,14344,13505,2685,11741,6228,17759,16469,8143,8263,8846,16989,17725,7654,8724,8656,2246,150,9428,1,23:03
2024-25,1629634,Brandon Clarke,Brandon,1610612763,MEM,Memphis Grizzlies,0022400722,2025-02-05T00:00:00,MEM @ TOR,W,19.2,9.4,11.3,0.833,0.0,0.0,0.0,5.6,7.5,0.75,3.8,5.6,9.4,0.0,0.0,1.9,1.9,0.0,3.8,3.8,24.4,-7.5,46.9,0,0,41.3,1,1,13086,1,16670,4073,14928,1514,15070,20945,15070,3286,2908,8186,3966,9240,6222,19908,16469,6889,3843,8846,7905,6987,4565,16735,4360,2246,150,6046,1,19:12
2024-25,203484,Kentavious Caldwell-Pope,Kentavious,1610612753,ORL,Orlando Magic,0022400727,2025-02-05T00:00:00,ORL @ SAC,W,21.766666666666666,5.0,9.9,0.5,3.3,8.3,0.4,0.0,0.0,0.0,0.0,3.3,3.3,1.7,1.7,0.0,0.0,0.0,3.3,1.7,13.2,16.5,18.0,0,0,21.5,1,1,13086,1,14698,14507,17198,8526,5631,5969,7874,13505,14344,13505,14058,15768,18972,17489,12117,12854,8263,8846,9425,14432,14836,5057,22082,2246,150,19960,1,21:46
2024-25,1626172,Kevon Looney,Kevon,1610612744,GSW,Golden State Warriors,0022400725,2025-02-05T00:00:00,GSW @ UTA,L,23.005,3.1,7.8,0.4,0.0,0.0,0.0,3.1,3.1,1.0,11.0,4.7,15.6,4.7,1.6,1.6,1.6,1.6,1.6,3.1,9.4,9.4,43.0,0,0,36.0,1,13222,1,13222,13722,19135,20509,14933,15070,20945,15070,7474,9647,1,314,11725,1541,8198,12484,8131,4658,4538,16979,8786,18738,7997,6126,2246,150,9390,1,23:00
2024-25,1628379,Luke Kennard,Luke,1610612763,MEM,Memphis Grizzlies,0022400722,2025-02-05T00:00:00,MEM @ TOR,W,22.498333333333335,1.6,9.6,0.167,1.6,8.0,0.2,3.2,3.2,1.0,1.6,4.8,6.4,4.8,1.6,0.0,0.0,0.0,0.0,1.6,8.0,36.8,21.3,0,0,20.8,1,1,13086,1,14116,22031,17767,21938,11675,6446,13429,7334,9522,1,9920,11434,11400,7919,12334,12854,8263,8846,20257,14633,19920,1216,20547,2246,150,20405,1,22:30
2024-25,1630534,Ochai Agbaji,Ochai,1610612761,TOR,Toronto Raptors,0022400722,2025-02-05T00:00:00,TOR vs. MEM,L,21.916666666666668,8.2,11.5,0.714,4.9,6.6,0.75,1.6,3.3,0.5,3.3,1.6,4.9,3.3,0.0,3.3,0.0,0.0,1.6,3.3,23.0,6.6,43.7,0,0,42.7,1,13222,1,13222,14561,6174,14474,2752,2367,9385,1542,11520,9341,10625,4775,20579,14988,12037,16469,2593,8263,8846,16739,8293,5480,9353,5812,2246,150,5310,1,21:55
2024-25,1627777,Georges Niang,Georges,1610612739,CLE,Cleveland Cavaliers,0022400718,2025-02-05T00:00:00,CLE @ DET,W,23.011666666666667,4.7,11.0,0.429,1.6,6.3,0.25,0.0,0.0,0.0,1.6,6.3,7.8,1.6,1.6,0.0,0.0,1.6,6.3,0.0,11.0,3.1,21.1,0,0,21.9,1,1,13086,1,13719,15259,15448,13735,11807,10066,11902,13505,14344,13505,10059,7774,8579,17755,12486,12854,8263,4540,2647,17725,17217,11046,20626,2246,150,19725,1,23:01
2024-25,1630175,Cole Anthony,Cole,1610612753,ORL,Orlando Magic,0022400727,2025-02-05T00:00:00,ORL @ SAC,W,23.491666666666667,7.7,13.8,0.556,3.1,6.1,0.5,3.1,3.1,1.0,0.0,3.1,3.1,4.6,0.0,0.0,1.5,0.0,3.1,1.5,21.5,15.3,36.6,0,0,35.2,1,1,13086,1,13316,7350,10505,7248,6310,10367,3944,7633,9809,1,14058,16511,19552,8420,16469,12854,4741,8846,10415,14869,6685,5496,9937,2246,150,9921,1,23:30
2024-25,1631105,Jalen Duren,Jalen,1610612765,DET,Detroit Pistons,0022400718,2025-02-05T00:00:00,DET vs. CLE,L,22.0,6.5,13.1,0.5,0.0,0.0,0.0,0.0,0.0,0.0,9.8,6.5,16.4,0.0,1.6,1.6,1.6,3.3,6.5,0.0,13.1,6.5,40.9,0,0,36.0,1,13222,1,13222,14502,10075,11682,8526,15070,20945,15070,13505,14344,13505,423,7215,1303,19908,12191,7867,4463,1084,2364,17725,14990,9363,7218,2246,150,9360,1,22:00
2024-25,1629018,Gary Trent Jr.,Gary,1610612749,MIL,Milwaukee Bucks,0022400717,2025-02-05T00:00:00,MIL @ CHA,W,26.1,6.9,11.0,0.625,4.1,6.9,0.6,0.0,0.0,0.0,2.8,5.5,8.3,0.0,0.0,0.0,0.0,0.0,1.4,0.0,17.9,9.7,27.9,0,0,30.3,1,1,13086,1,11088,9172,15309,4899,3701,8677,2992,13505,14344,13505,5953,9479,7810,19908,16469,12854,8263,8846,17708,17725,9907,7861,16327,2246,150,13677,1,26:06
2024-25,1630581,Josh Giddey,Josh,1610612741,CHI,Chicago Bulls,0022400723,2025-02-05T00:00:00,CHI @ MIN,L,32.083333333333336,7.9,15.7,0.5,3.4,5.6,0.6,2.2,2.2,1.0,2.2,2.2,4.5,4.5,4.5,1.1,0.0,2.2,3.4,1.1,21.3,-25.8,32.3,0,0,35.9,1,13222,1,13222,5901,6949,7534,8526,5468,11693,2992,9797,11952,1,7443,18939,16078,8687,3013,10849,8263,2567,9195,16813,6804,22988,13075,2246,150,9448,1,32:05
2024-25,1627936,Alex Caruso,Alex,1610612760,OKC,Oklahoma City Thunder,0022400724,2025-02-05T00:00:00,OKC vs. PHX,W,17.2,4.2,12.6,0.333,2.1,10.5,0.2,0.0,0.0,0.0,2.1,0.0,2.1,4.2,2.1,2.1,2.1,0.0,8.4,0.0,10.5,10.5,29.7,0,0,27.2,1,1,13086,1,18139,16627,12641,17395,9719,3011,13429,13505,14344,13505,7977,22137,21625,9422,10032,5822,3228,8846,1192,17725,17696,7484,15011,2246,150,16016,1,17:12
2024-25,1642264,Stephon Castle,Stephon,1610612759,SAS,San Antonio Spurs,0022400719,2025-02-05T00:00:00,SAS @ ATL,W,20.233333333333334,5.3,16.0,0.333,0.0,3.6,0.0,8.9,10.7,0.833,0.0,3.6,3.6,5.3,5.3,1.8,1.8,1.8,3.6,8.9,19.6,5.3,37.2,0,0,35.6,1,1,13086,1,15838,13440,7095,17395,15070,16533,15070,1043,1122,7275,14058,15060,18419,6749,1968,7337,4102,3955,8567,692,8285,9926,9546,2246,150,9675,1,20:14
2024-25,1642273,Kyshawn George,Kyshawn,1610612764,WAS,Washington Wizards,0022400720,2025-02-05T00:00:00,WAS @ BKN,W,30.321666666666665,7.1,9.5,0.75,5.9,8.3,0.714,0.0,0.0,0.0,0.0,8.3,8.3,3.6,1.2,1.2,1.2,0.0,4.7,0.0,20.2,20.2,41.4,0,0,42.7,1,1,13086,1,7477,8649,17955,2107,1351,5897,1861,13505,14344,13505,14058,4267,7752,11205,14539,10293,6262,8846,5182,17725,7758,3896,6912,2246,150,5294,1,30:19
2024-25,1629026,Kenrich Williams,Kenrich,1610612760,OKC,Oklahoma City Thunder,0022400724,2025-02-05T00:00:00,OKC vs. PHX,W,16.25,4.4,6.6,0.667,2.2,4.4,0.5,0.0,0.0,0.0,2.2,4.4,6.6,2.2,0.0,2.2,0.0,0.0,4.4,0.0,11.1,-31.0,29.0,0,0,26.6,1,1,13086,1,18753,15979,21957,3281,9182,14618,3944,13505,14344,13505,7545,12453,10850,15572,16469,5337,8263,8846,5938,17725,17116,23889,15472,2246,150,16476,1,16:15
2024-25,1627741,Buddy Hield,Buddy,1610612744,GSW,Golden State Warriors,0022400725,2025-02-05T00:00:00,GSW @ UTA,L,31.356666666666666,8.0,16.1,0.5,4.6,9.2,0.5,0.0,0.0,0.0,0.0,3.4,3.4,2.3,0.0,1.1,1.1,0.0,2.3,0.0,20.7,-13.8,35.1,0,0,35.6,1,13222,1,13222,6547,6561,7018,8526,2907,4563,3944,13505,14344,13505,14058,15394,18675,15248,16469,10602,6506,8846,13668,17725,7343,19413,10976,2246,150,9672,1,31:21
2024-25,1631114,Jalen Williams,Jalen,1610612760,OKC,Oklahoma City Thunder,0022400724,2025-02-05T00:00:00,OKC vs. PHX,W,25.533333333333335,8.5,16.9,0.5,1.4,4.2,0.333,0.0,0.0,0.0,1.4,2.8,4.2,5.6,0.0,2.8,0.0,0.0,0.0,1.4,18.3,24.0,40.3,0,0,35.2,1,1,13086,1,11556,5689,5891,8526,12404,15052,9209,13505,14344,13505,10695,17334,16731,6162,16469,3638,8263,8846,20257,15405,9489,3033,7556,2246,150,9917,1,25:32
2024-25,1630557,Corey Kispert,Corey,1610612764,WAS,Washington Wizards,0022400720,2025-02-05T00:00:00,WAS @ BKN,W,29.813333333333333,8.5,15.7,0.538,3.6,7.2,0.5,0.0,0.0,0.0,0.0,2.4,2.4,3.6,1.2,0.0,0.0,0.0,4.8,1.2,20.5,2.4,27.7,0,0,30.2,1,1,13086,1,7961,5706,7547,7978,4866,7945,3944,13505,14344,13505,14058,18442,20978,11022,14386,12854,8263,8846,4995,16365,7467,11409,16456,2246,150,13811,1,29:49
2024-25,203482,Kelly Olynyk,Kelly,1610612761,TOR,Toronto Raptors,0022400722,2025-02-05T00:00:00,TOR vs. MEM,L,24.755,4.4,16.0,0.273,1.5,7.3,0.2,2.9,2.9,1.0,4.4,5.8,10.2,2.9,0.0,1.5,0.0,2.9,7.3,1.5,13.1,-32.0,34.0,0,0,30.5,1,13222,1,13222,12221,16164,7123,20048,12236,7895,13429,8068,10213,1,3094,8761,5250,13250,16469,8616,8263,1454,1792,15225,15001,24029,11780,2246,150,13521,1,24:45
2024-25,1629673,Jordan Poole,Jordan,1610612764,WAS,Washington Wizards,0022400720,2025-02-05T00:00:00,WAS @ BKN,W,29.868333333333332,7.2,18.1,0.4,3.6,12.1,0.3,4.8,4.8,1.0,1.2,2.4,3.6,9.6,3.6,1.2,0.0,1.2,2.4,4.8,22.9,21.7,41.7,0,0,42.2,1,1,13086,1,7905,8377,4578,14933,4885,1751,11319,4313,6256,1,11761,18451,18287,1620,4746,10132,8263,6219,13150,4462,5556,3535,6774,2246,150,5556,1,29:52
2024-25,202699,Tobias Harris,Tobias,1610612765,DET,Detroit Pistons,0022400718,2025-02-05T00:00:00,DET vs. CLE,L,25.35,4.3,12.8,0.333,0.0,2.8,0.0,2.8,2.8,1.0,0.0,2.8,2.8,1.4,1.4,1.4,1.4,0.0,0.0,1.4,11.4,8.5,24.0,0,0,21.3,1,13222,1,13222,11699,16430,12246,17395,15070,17978,15070,8239,10389,1,14058,17268,20147,18269,13168,8797,5149,8846,20257,15367,16835,8397,18953,2246,150,20098,1,25:21
2024-25,1629660,Ty Jerome,Ty,1610612739,CLE,Cleveland Cavaliers,0022400718,2025-02-05T00:00:00,CLE @ DET,W,18.745,9.6,13.4,0.714,0.0,0.0,0.0,5.8,5.8,1.0,0.0,7.7,7.7,9.6,7.7,0.0,0.0,0.0,1.9,5.8,25.0,23.0,40.9,0,0,42.3,1,1,13086,1,17013,3720,11096,2752,15070,20945,15070,3122,4800,1,14058,5190,8830,1639,666,12854,8263,8846,15570,2955,4229,3255,7222,2246,150,5523,1,18:45
2024-25,1629027,Trae Young,Trae,1610612737,ATL,Atlanta Hawks,0022400719,2025-02-05T00:00:00,ATL vs. SAS,L,42.93333333333333,8.4,17.6,0.476,2.5,9.2,0.273,7.5,9.2,0.818,0.0,1.7,1.7,10.1,7.5,0.8,0.0,0.0,0.8,6.7,26.8,3.4,38.9,1,0,42.8,1,13222,1,13222,159,5830,5125,12010,8092,4496,11838,1640,1754,7652,14058,20509,22330,1404,696,12809,8263,8846,20227,1892,3278,10945,8474,1,150,5279,1,42:56
2024-25,1628392,Isaiah Hartenstein,Isaiah,1610612760,OKC,Oklahoma City Thunder,0022400724,2025-02-05T00:00:00,OKC vs. PHX,W,25.533333333333335,4.2,8.5,0.5,0.0,0.0,0.0,4.2,5.6,0.75,2.8,2.8,5.6,5.6,1.4,1.4,0.0,0.0,5.6,2.8,12.7,24.0,30.7,0,0,26.8,1,1,13086,1,11556,16513,19557,8526,15070,20945,15070,5292,4983,8186,5807,17334,13176,6162,13222,8838,8263,8846,3483,9891,15403,3033,14249,2246,150,16333,1,25:32
2024-25,1642276,Kel'el Ware,Kel'el,1610612748,MIA,Miami Heat,0022400721,2025-02-05T00:00:00,MIA @ PHI,W,18.783333333333335,0.0,5.7,0.0,0.0,0.0,0.0,0.0,0.0,0.0,1.9,23.0,24.9,1.9,3.8,0.0,0.0,0.0,5.7,0.0,0.0,9.6,28.9,0,0,26.8,1,1,13086,1,16980,22635,22863,22635,15070,20945,15070,13505,14344,13505,8750,101,195,16688,4223,12854,8263,8846,3319,17725,23200,7903,15534,2246,150,16289,1,18:47
2024-25,1631165,Keon Ellis,Keon,1610612758,SAC,Sacramento Kings,0022400727,2025-02-05T00:00:00,SAC vs. ORL,L,26.141666666666666,6.9,8.3,0.833,2.8,4.1,0.667,0.0,0.0,0.0,0.0,4.1,4.1,4.1,1.4,0.0,1.4,0.0,0.0,0.0,16.5,-17.9,30.4,0,0,30.3,1,13222,1,13222,11053,9201,19851,1514,7370,15268,1957,13505,14344,13505,14058,13328,17001,9571,13419,12854,5326,8846,20257,17725,11370,20908,14469,2246,150,13721,1,26:09
2024-25,1642265,Rob Dillingham,Rob,1610612750,MIN,Minnesota Timberwolves,0022400723,2025-02-05T00:00:00,MIN vs. CHI,W,15.721666666666666,2.3,13.7,0.167,2.3,4.6,0.5,0.0,0.0,0.0,4.6,2.3,6.9,6.9,0.0,2.3,0.0,0.0,4.6,2.3,6.9,-4.6,32.3,0,0,27.5,1,1,13086,1,19117,20874,10588,21938,8892,14239,3944,13505,14344,13505,2827,18794,10388,4183,16469,5080,8263,8846,5593,11797,20808,15360,13097,2246,150,15806,1,15:43
2024-25,1627814,Damion Lee,Damion,1610612756,PHX,Phoenix Suns,0022400724,2025-02-05T00:00:00,PHX @ OKC,L,8.35,4.3,21.6,0.2,0.0,4.3,0.0,8.6,8.6,1.0,0.0,8.6,8.6,4.3,0.0,0.0,0.0,4.3,4.3,4.3,17.2,-8.6,34.1,0,0,30.2,1,13222,1,13222,22685,16288,2005,21401,15070,14881,15070,1138,2107,1,14058,3909,7268,9092,16469,12854,8263,540,6239,5553,10579,17245,11752,2246,150,13814,1,8:21
2024-25,1631117,Walker Kessler,Walker,1610612762,UTA,Utah Jazz,0022400725,2025-02-05T00:00:00,UTA vs. GSW,W,35.54,7.1,9.1,0.778,0.0,0.0,0.0,1.0,2.0,0.5,8.1,10.1,18.2,2.0,4.1,0.0,3.0,0.0,4.1,2.0,15.2,15.2,45.2,1,0,41.5,1,1,13086,1,3040,8722,18528,1994,15070,20945,15070,13204,12649,10625,751,2481,841,16279,3780,12854,1645,8846,7001,12962,12713,5547,5092,1,150,5897,1,35:32
2024-25,203999,Nikola Jokić,Nikola,1610612743,DEN,Denver Nuggets,0022400726,2025-02-05T00:00:00,DEN vs. NOP,W,35.7,15.1,28.2,0.536,5.0,13.1,0.385,3.0,3.0,1.0,2.0,6.1,8.1,10.1,1.0,1.0,1.0,1.0,3.0,3.0,38.3,24.2,68.2,1,0,65.5,1,1,13086,1,2904,468,380,8138,2220,1243,8766,7734,9914,1,8311,8223,8143,1394,15787,11877,7426,7843,10598,9143,577,2984,517,1,150,459,1,35:42
2024-25,1629048,Goga Bitadze,Goga,1610612753,ORL,Orlando Magic,0022400727,2025-02-05T00:00:00,ORL @ SAC,W,22.525,11.2,11.2,1.0,0.0,0.0,0.0,0.0,0.0,0.0,4.8,6.4,11.2,3.2,1.6,0.0,3.2,0.0,3.2,0.0,22.4,24.0,48.6,0,0,43.2,1,1,13086,1,14092,2113,15048,1,15070,20945,15070,13505,14344,13505,2568,7519,4250,12334,12342,12854,1483,8846,9885,17725,5947,3031,3778,2246,150,5070,1,22:32
2024-25,1641744,Zach Edey,Zach,1610612763,MEM,Memphis Grizzlies,0022400722,2025-02-05T00:00:00,MEM @ TOR,W,24.666666666666668,7.3,7.3,1.0,0.0,0.0,0.0,4.4,5.8,0.75,8.8,13.1,21.9,2.9,1.5,0.0,2.9,0.0,4.4,5.8,19.0,46.7,56.9,1,0,49.6,1,1,13086,1,12303,8225,21207,1,15070,20945,15070,5028,4702,8186,603,972,347,13206,12959,12854,1792,8846,6076,2834,8884,646,1652,1,150,2633,1,24:40
2024-25,1628991,Jaren Jackson Jr.,Jaren,1610612763,MEM,Memphis Grizzlies,0022400722,2025-02-05T00:00:00,MEM @ TOR,W,28.06833333333333,12.8,20.5,0.625,5.1,6.4,0.8,10.3,11.5,0.889,3.8,2.6,6.4,5.1,1.3,0.0,1.3,2.6,1.3,7.7,41.0,37.2,59.0,0,0,60.3,1,1,13086,1,9489,1094,2626,4899,2126,9721,1389,634,884,6857,3813,18022,11361,7180,13890,12854,5727,1924,18112,1204,395,1184,1333,2246,150,802,1,28:04
2024-25,1631159,Leonard Miller,Leonard,1610612750,MIN,Minnesota Timberwolves,0022400723,2025-02-05T00:00:00,MIN vs. CHI,W,0.9833333333333333,36.6,36.6,1.0,0.0,0.0,0.0,0.0,0.0,0.0,0.0,36.6,36.6,0.0,0.0,0.0,0.0,0.0,0.0,0.0,73.2,73.2,117.2,0,0,109.8,1,1,13086,1,26063,16,111,1,15070,20945,15070,13505,14344,13505,14058,19,41,19908,16469,12854,8263,8846,20257,17725,48,214,43,2246,150,43,1,0:59
2024-25,1629008,Michael Porter Jr.,Michael,1610612743,DEN,Denver Nuggets,0022400726,2025-02-05T00:00:00,DEN vs. NOP,W,36.71666666666667,15.7,22.6,0.696,4.9,8.8,0.556,2.0,2.0,1.0,5.9,5.9,11.8,3.9,2.9,2.9,0.0,0.0,1.0,1.0,38.2,22.6,64.1,1,0,64.7,1,1,13086,1,2182,393,1566,3165,2402,5063,3747,10775,12834,1,1687,8584,3697,10160,6673,3293,8263,8846,19812,17452,583,3356,770,1,150,490,1,36:43
2024-25,201939,Stephen Curry,Stephen,1610612744,GSW,Golden State Warriors,0022400725,2025-02-05T00:00:00,GSW @ UTA,L,34.745,12.4,32.1,0.387,6.2,18.7,0.333,2.1,2.1,1.0,0.0,1.0,1.0,7.3,3.1,0.0,1.0,0.0,2.1,3.1,33.2,-21.8,45.3,0,0,49.7,1,13222,1,13222,3660,1282,195,16069,1153,298,9209,10391,12510,1,14058,21908,23179,3684,6096,12854,7228,8846,14745,8856,1295,22018,5051,2246,150,2604,1,34:45
2024-25,1630595,Cade Cunningham,Cade,1610612765,DET,Detroit Pistons,0022400718,2025-02-05T00:00:00,DET vs. CLE,L,37.873333333333335,10.5,27.6,0.379,2.9,9.5,0.3,12.4,12.4,1.0,0.0,6.7,6.7,8.6,1.0,3.8,0.0,1.0,3.8,7.6,36.1,1.9,67.4,0,0,61.8,1,13222,1,13222,1460,2755,440,16296,7041,4101,11319,311,689,1,14058,6992,10839,2378,16146,1847,8263,8340,7733,1254,807,11681,549,2246,150,663,1,37:52
2024-25,1626171,Bobby Portis,Bobby,1610612749,MIL,Milwaukee Bucks,0022400717,2025-02-05T00:00:00,MIL @ CHA,W,32.03333333333333,11.2,23.6,0.476,2.2,6.7,0.333,1.1,1.1,1.0,2.2,16.9,19.1,5.6,1.1,1.1,3.4,0.0,1.1,6.7,25.8,36.0,69.6,1,0,61.8,1,1,13086,1,5940,2066,1197,12010,9054,9030,9209,12842,14007,1,7429,340,680,6215,14985,10834,1333,8846,18967,1867,3750,1297,452,1,150,660,1,32:02
2024-25,1641718,Keyonte George,Keyonte,1610612762,UTA,Utah Jazz,0022400725,2025-02-05T00:00:00,UTA vs. GSW,W,30.5,9.4,15.3,0.615,4.7,9.4,0.5,7.1,9.4,0.75,0.0,3.5,3.5,7.1,1.2,2.4,0.0,1.2,4.7,7.1,30.7,0.0,51.5,0,0,50.8,1,1,13086,1,7321,3962,8041,5246,2695,4196,3944,1959,1641,8186,14058,15112,18467,3911,14577,4829,8263,6400,5235,1597,1866,12240,2846,2246,150,2327,1,30:30
2024-25,1629627,Zion Williamson,Zion,1610612740,NOP,New Orleans Pelicans,0022400726,2025-02-05T00:00:00,NOP @ DEN,L,26.783333333333335,14.8,25.5,0.579,0.0,0.0,0.0,8.1,12.1,0.667,2.7,5.4,8.1,5.4,4.0,2.7,0.0,1.3,0.0,8.1,37.6,-6.7,59.4,0,0,56.5,1,13222,1,13222,10503,537,720,6486,15070,20945,15070,1379,746,9425,6129,9840,8147,6673,3818,3936,8263,5426,20257,981,636,16386,1264,2246,150,1237,1,26:47
2024-25,203497,Rudy Gobert,Rudy,1610612750,MIN,Minnesota Timberwolves,0022400723,2025-02-05T00:00:00,MIN vs. CHI,W,30.85,4.7,8.2,0.571,0.0,0.0,0.0,2.3,7.0,0.333,10.5,7.0,17.5,1.2,1.2,3.5,3.5,1.2,1.2,4.7,11.7,19.8,54.3,1,0,44.3,1,1,13086,1,6992,15325,19990,6538,15070,20945,15070,9514,3362,13132,342,6357,1011,19131,14681,2239,1229,6503,18731,4794,16499,4002,2144,1,150,4534,1,30:51
2024-25,1641713,GG Jackson,GG,1610612763,MEM,Memphis Grizzlies,0022400722,2025-02-05T00:00:00,MEM @ TOR,W,20.516666666666666,8.8,14.0,0.625,1.8,5.3,0.333,10.5,12.3,0.857,8.8,1.8,10.5,1.8,3.5,0.0,0.0,0.0,1.8,7.0,29.8,1.8,41.6,0,0,43.9,1,1,13086,1,15630,5132,10115,4899,11242,12558,9209,558,705,7071,597,20343,4888,17215,4991,12854,8263,8846,16357,1651,2149,11767,6838,2246,150,4754,1,20:31
2024-25,1630590,Scotty Pippen Jr.,Scotty,1610612763,MEM,Memphis Grizzlies,0022400722,2025-02-05T00:00:00,MEM @ TOR,W,13.535,10.6,16.0,0.667,10.6,13.3,0.8,0.0,0.0,0.0,2.7,10.6,13.3,0.0,10.6,0.0,0.0,0.0,8.0,0.0,31.9,18.6,37.2,0,0,55.9,1,1,13086,1,20468,2573,7166,3281,178,1165,1389,13505,14344,13505,6205,2125,2604,19908,284,12854,8263,8846,1373,17725,1548,4378,9507,2246,150,1332,1,13:32
2024-25,1629631,De'Andre Hunter,De'Andre,1610612737,ATL,Atlanta Hawks,0022400719,2025-02-05T00:00:00,ATL vs. SAS,L,38.55,7.5,14.0,0.533,5.6,10.3,0.545,0.0,0.0,0.0,0.9,8.4,9.3,4.7,2.8,1.9,0.0,0.9,1.9,2.8,20.5,3.7,41.6,1,0,43.9,1,13222,1,13222,1087,7835,10165,8140,1663,3189,3863,13505,14344,13505,13752,4155,6270,8260,7208,6931,8263,8464,15845,9955,7449,10785,6853,1,150,4745,1,38:33
2024-25,1641794,Dillon Jones,Dillon,1610612760,OKC,Oklahoma City Thunder,0022400724,2025-02-05T00:00:00,OKC vs. PHX,W,6.5,11.1,22.2,0.5,0.0,5.5,0.0,11.1,16.6,0.667,5.5,5.5,11.1,11.1,5.5,0.0,0.0,5.5,11.1,11.1,33.2,0.0,57.6,0,0,55.4,1,1,13086,1,23365,2200,1750,8526,15070,11870,15070,471,236,9425,1925,9430,4337,973,1777,12854,8263,277,528,271,1276,12240,1539,2246,150,1395,1,6:30
2024-25,1630532,Franz Wagner,Franz,1610612753,ORL,Orlando Magic,0022400727,2025-02-05T00:00:00,ORL @ SAC,W,26.77,16.1,29.6,0.545,6.7,8.1,0.833,2.7,2.7,1.0,1.3,5.4,6.7,4.0,0.0,0.0,0.0,1.3,1.3,2.7,41.7,39.0,55.8,0,0,59.2,1,1,13086,1,10515,349,297,7695,881,6336,1341,8601,10777,1,10996,9831,10693,9851,16469,12854,8263,5424,17849,10342,372,1040,1841,2246,150,899,1,26:46
2024-25,1629639,Tyler Herro,Tyler,1610612748,MIA,Miami Heat,0022400721,2025-02-05T00:00:00,MIA @ PHI,W,36.38333333333333,10.9,19.8,0.55,4.9,10.9,0.455,3.0,4.0,0.75,1.0,5.9,6.9,6.9,6.9,2.0,0.0,0.0,0.0,3.0,29.7,13.9,47.4,0,0,52.4,1,1,13086,1,2419,2355,3125,7655,2339,2600,7148,7901,7927,8186,13339,8470,10280,4104,923,6347,8263,8846,20257,9361,2198,6058,4181,2246,150,1935,1,36:23
2024-25,1642345,Oso Ighodaro,Oso,1610612756,PHX,Phoenix Suns,0022400724,2025-02-05T00:00:00,PHX @ OKC,L,8.35,8.6,8.6,1.0,0.0,0.0,0.0,0.0,4.3,0.0,0.0,12.9,12.9,8.6,0.0,0.0,8.6,0.0,0.0,4.3,17.2,-8.6,71.6,0,0,56.0,1,13222,1,13222,22685,5392,19320,1,15070,20945,15070,13505,7185,13505,14058,1035,2843,2324,16469,12854,120,8846,20257,5553,10579,17245,383,2246,150,1303,1,8:21
2024-25,1642268,Isaiah Collier,Isaiah,1610612762,UTA,Utah Jazz,0022400725,2025-02-05T00:00:00,UTA vs. GSW,W,34.46666666666667,9.4,18.8,0.5,0.0,5.2,0.0,2.1,2.1,1.0,2.1,4.2,6.3,11.5,1.0,1.0,0.0,1.0,2.1,2.1,20.9,9.4,47.7,1,0,40.7,1,1,13086,1,3877,4025,3927,8526,15070,12652,15070,10327,12456,1,7994,13169,11684,840,15524,11542,8263,7533,14659,12664,7171,7991,4063,1,150,6368,1,34:28
2024-25,1641731,Bilal Coulibaly,Bilal,1610612764,WAS,Washington Wizards,0022400720,2025-02-05T00:00:00,WAS @ BKN,W,31.27,5.8,10.4,0.556,0.0,3.5,0.0,1.2,1.2,1.0,2.3,9.2,11.5,12.7,6.9,2.3,1.2,0.0,2.3,3.5,12.7,25.3,48.9,1,1,43.7,1,1,13086,1,6649,12248,16444,7248,15070,16751,15070,12747,13960,1,7235,3300,3931,591,929,5030,6476,8846,13633,7791,15432,2743,3654,1,1,4802,1,31:16
2024-25,1630643,Jay Huff,Jay,1610612763,MEM,Memphis Grizzlies,0022400722,2025-02-05T00:00:00,MEM @ TOR,W,3.6666666666666665,9.8,19.6,0.5,9.8,9.8,1.0,0.0,0.0,0.0,9.8,0.0,9.8,0.0,0.0,0.0,0.0,0.0,0.0,0.0,29.5,29.5,41.2,0,0,49.1,1,1,13086,1,24637,3440,3233,8526,220,3702,1,13505,14344,13505,423,22137,5646,19908,16469,12854,8263,8846,20257,17725,2275,2038,7029,2246,150,2798,1,3:40
2024-25,1631128,Christian Braun,Christian,1610612743,DEN,Denver Nuggets,0022400726,2025-02-05T00:00:00,DEN vs. NOP,W,29.033333333333335,9.9,14.9,0.667,1.2,3.7,0.333,7.4,7.4,1.0,2.5,8.7,11.2,3.7,1.2,3.7,1.2,1.2,3.7,3.7,28.5,29.8,61.1,0,0,54.6,1,1,13086,1,8644,3306,8782,3281,13151,16170,9209,1706,2964,1,6676,3854,4272,10736,14162,1943,5945,5999,8003,7084,2590,2000,1061,2246,150,1538,1,29:02
2024-25,1630192,Zeke Nnaji,Zeke,1610612743,DEN,Denver Nuggets,0022400726,2025-02-05T00:00:00,DEN vs. NOP,W,9.235,7.8,11.7,0.667,0.0,3.9,0.0,0.0,0.0,0.0,7.8,11.7,19.5,0.0,0.0,0.0,3.9,0.0,15.6,0.0,15.6,62.4,50.7,0,0,42.9,1,1,13086,1,22371,7077,14130,3281,15070,15800,15070,13505,14344,13505,849,1527,597,19908,16469,12854,970,8846,224,17725,12334,330,3076,2246,150,5205,1,9:14
2024-25,1630162,Anthony Edwards,Anthony,1610612750,MIN,Minnesota Timberwolves,0022400723,2025-02-05T00:00:00,MIN vs. CHI,W,36.85,12.7,27.4,0.464,5.9,13.7,0.429,16.6,17.6,0.944,2.9,5.9,8.8,2.9,4.9,1.0,1.0,0.0,2.0,10.7,47.9,16.6,63.8,0,0,69.4,1,1,13086,1,2096,1153,458,12422,1421,1026,7394,126,204,6705,5505,8638,7041,13158,2486,12151,7644,8846,15387,298,191,5038,809,2246,150,340,1,36:51
2024-25,1641710,Anthony Black,Anthony,1610612753,ORL,Orlando Magic,0022400727,2025-02-05T00:00:00,ORL @ SAC,W,16.1,8.9,22.4,0.4,2.2,6.7,0.333,13.4,13.4,1.0,2.2,0.0,2.2,6.7,0.0,2.2,0.0,2.2,6.7,6.7,33.5,33.5,53.0,0,0,49.2,1,1,13086,1,18858,4826,1646,14933,9093,9091,9209,242,543,1,7469,22137,21347,4413,16469,5256,8263,2574,2213,1896,1208,1563,2456,2246,150,2767,1,16:06
2024-25,1630168,Onyeka Okongwu,Onyeka,1610612737,ATL,Atlanta Hawks,0022400719,2025-02-05T00:00:00,ATL vs. SAS,L,30.783333333333335,15.2,18.7,0.813,3.5,5.8,0.6,1.2,2.3,0.5,4.7,9.4,14.0,5.8,1.2,0.0,1.2,0.0,2.3,2.3,35.1,14.0,63.0,1,0,60.8,1,13222,1,13222,7055,457,4015,1683,5127,11087,2992,12702,11666,10625,2706,3155,2217,5764,14665,12854,6369,8846,13486,11592,946,5993,873,1,150,751,1,30:47
2024-25,1641745,Adam Flagler,Adam,1610612760,OKC,Oklahoma City Thunder,0022400724,2025-02-05T00:00:00,OKC vs. PHX,W,5.683333333333334,19.0,25.3,0.75,6.3,12.7,0.5,0.0,0.0,0.0,0.0,0.0,0.0,0.0,0.0,6.3,0.0,0.0,6.3,0.0,44.3,-31.7,63.3,0,0,63.3,1,1,13086,1,23709,173,760,2107,1096,1440,3944,13505,14344,13505,14058,22137,23286,19908,16469,408,8263,8846,2560,17725,273,23989,852,2246,150,559,1,5:41
2024-25,203081,Damian Lillard,Damian,1610612749,MIL,Milwaukee Bucks,0022400717,2025-02-05T00:00:00,MIL @ CHA,W,30.531666666666666,10.6,21.2,0.5,3.5,10.6,0.333,9.4,10.6,0.889,0.0,4.7,4.7,14.1,2.4,2.4,0.0,0.0,2.4,4.7,34.2,14.1,65.8,1,0,61.3,1,1,13086,1,7297,2606,2194,8526,5067,2865,9209,866,1149,6857,14058,11657,15516,378,8825,4838,8263,8846,13403,4687,1089,5959,644,1,150,705,1,30:32
2024-25,1629630,Ja Morant,Ja,1610612763,MEM,Memphis Grizzlies,0022400722,2025-02-05T00:00:00,MEM @ TOR,W,25.485,12.7,19.8,0.643,4.2,9.9,0.429,7.1,8.5,0.833,0.0,7.1,7.1,5.7,7.1,2.8,0.0,0.0,5.7,7.1,36.7,22.6,55.1,0,0,59.3,1,1,13086,1,11597,1144,3133,4607,3506,3623,7394,1969,2209,7275,14058,6249,10028,6147,863,3621,8263,8846,3468,1610,725,3344,1971,2246,150,886,1,25:29
2024-25,1630596,Evan Mobley,Evan,1610612739,CLE,Cleveland Cavaliers,0022400718,2025-02-05T00:00:00,CLE @ DET,W,34.55,10.4,16.7,0.625,3.1,5.2,0.6,7.3,8.3,0.875,2.1,7.3,9.4,7.3,2.1,0.0,4.2,2.1,4.2,5.2,31.3,5.2,63.9,0,0,59.4,1,1,13086,1,3812,2799,6217,4899,6148,12682,2992,1803,2301,6931,8015,5837,6220,3622,10081,12854,829,2964,6649,3765,1709,10001,795,2246,150,881,1,34:33
2024-25,1628983,Shai Gilgeous-Alexander,Shai,1610612760,OKC,Oklahoma City Thunder,0022400724,2025-02-05T00:00:00,OKC vs. PHX,W,34.25,18.9,30.5,0.621,3.2,7.4,0.429,11.6,12.6,0.917,2.1,6.3,8.4,5.3,1.1,2.1,1.1,0.0,3.2,7.4,52.6,44.1,78.9,0,0,75.7,1,1,13086,1,4058,176,250,5223,6082,7709,7394,393,651,6748,7940,7684,7606,6927,15480,5772,7126,8846,10063,1414,132,735,216,2246,150,222,1,34:15
2024-25,1630549,Day'Ron Sharpe,Day'Ron,1610612751,BKN,Brooklyn Nets,0022400720,2025-02-05T00:00:00,BKN vs. WAS,L,16.34,11.0,15.4,0.714,2.2,2.2,1.0,0.0,0.0,0.0,4.4,4.4,8.8,4.4,4.4,2.2,0.0,0.0,6.6,0.0,24.2,15.4,43.6,0,0,44.1,1,13222,1,13222,18701,2249,7932,2752,9228,19167,1,13505,14344,13505,3047,12512,6997,8867,3134,5382,8263,8846,2309,17725,4657,5464,5838,2246,150,4662,1,16:20
2024-25,1642269,Devin Carter,Devin,1610612758,SAC,Sacramento Kings,0022400727,2025-02-05T00:00:00,SAC vs. ORL,L,11.041666666666666,9.8,16.3,0.6,3.3,6.5,0.5,6.5,13.0,0.5,0.0,9.8,9.8,13.0,3.3,6.5,0.0,0.0,0.0,9.8,29.3,39.1,76.9,0,0,68.5,1,13222,1,13222,21692,3499,6680,5394,5781,9503,3944,2384,582,10625,14058,2741,5703,525,5632,370,8263,8846,20257,458,2324,1032,263,2246,150,360,1,11:03
2024-25,1631230,Dominick Barlow,Dominick,1610612737,ATL,Atlanta Hawks,0022400719,2025-02-05T00:00:00,ATL vs. SAS,L,10.933333333333334,6.6,19.8,0.333,3.3,6.6,0.5,0.0,3.3,0.0,0.0,9.9,9.9,0.0,0.0,0.0,9.9,6.6,3.3,3.3,16.5,-19.8,58.0,0,0,49.4,1,13222,1,13222,21736,9969,3148,17395,5690,9348,3944,13505,9328,13505,14058,2670,5565,19908,16469,12854,70,183,9481,8272,11426,21478,1475,2246,150,2699,1,10:56
2024-25,1627734,Domantas Sabonis,Domantas,1610612758,SAC,Sacramento Kings,0022400727,2025-02-05T00:00:00,SAC vs. ORL,L,31.733333333333334,9.1,11.3,0.8,1.1,1.1,1.0,4.5,5.7,0.8,6.8,7.9,14.7,3.4,4.5,0.0,0.0,0.0,3.4,4.5,23.8,-29.5,42.1,1,0,43.1,1,13222,1,13222,6208,4565,14756,1688,13743,20703,1,4772,4929,7681,1226,4799,1894,11680,2940,12854,8263,8846,9069,5057,4918,23658,6571,1,150,5081,1,31:44
2024-25,203078,Bradley Beal,Bradley,1610612756,PHX,Phoenix Suns,0022400724,2025-02-05T00:00:00,PHX @ OKC,L,29.205,8.6,13.6,0.636,1.2,2.5,0.5,12.3,12.3,1.0,0.0,3.7,3.7,7.4,1.2,0.0,0.0,1.2,3.7,6.2,30.8,-14.8,45.1,0,0,43.1,1,13222,1,13222,8494,5383,10899,4689,13190,18690,3944,314,700,1,14058,14640,18078,3518,14218,12854,8263,6041,8090,2431,1826,19814,5122,2246,150,5072,1,29:12
2024-25,1642461,Spencer Jones,Spencer,1610612743,DEN,Denver Nuggets,0022400726,2025-02-05T00:00:00,DEN vs. NOP,W,2.1166666666666667,17.0,34.0,0.5,17.0,34.0,0.5,0.0,0.0,0.0,0.0,0.0,0.0,0.0,0.0,0.0,0.0,0.0,0.0,0.0,51.0,68.0,51.0,0,0,68.0,1,1,13086,1,25408,281,149,8526,50,34,3944,13505,14344,13505,14058,22137,23286,19908,16469,12854,8263,8846,20257,17725,150,255,2981,2246,150,372,1,2:07
2024-25,1630188,Jalen Smith,Jalen,1610612741,CHI,Chicago Bulls,0022400723,2025-02-05T00:00:00,CHI @ MIN,L,14.85,14.5,19.4,0.75,4.8,9.7,0.5,0.0,0.0,0.0,0.0,12.1,12.1,2.4,0.0,0.0,0.0,0.0,2.4,0.0,33.9,-2.4,52.1,0,0,53.3,1,13222,1,13222,19667,572,3423,2107,2494,3853,3944,13505,14344,13505,14058,1302,3406,14796,16469,12854,8263,8846,13099,17725,1134,14268,2682,2246,150,1731,1,14:51
2024-25,1630194,Paul Reed,Paul,1610612765,DET,Detroit Pistons,0022400718,2025-02-05T00:00:00,DET vs. CLE,L,7.883333333333334,13.7,27.4,0.5,4.6,4.6,1.0,0.0,0.0,0.0,18.3,9.1,27.4,4.6,0.0,4.6,4.6,4.6,18.3,4.6,32.0,-32.0,99.1,0,0,86.8,1,13222,1,13222,22842,789,452,8526,2943,14273,1,13505,14344,13505,80,3373,123,8488,16469,1179,664,469,148,5007,1539,24025,71,2246,150,106,1,7:53
2024-25,1641729,Brice Sensabaugh,Brice,1610612762,UTA,Utah Jazz,0022400725,2025-02-05T00:00:00,UTA vs. GSW,W,11.9,0.0,9.1,0.0,0.0,6.1,0.0,0.0,0.0,0.0,0.0,0.0,0.0,0.0,0.0,3.0,0.0,0.0,9.1,0.0,0.0,-21.2,9.1,0,0,6.1,1,1,13086,1,21332,22635,18597,22635,15070,10563,15070,13505,14344,13505,14058,22137,23286,19908,16469,3097,8263,8846,942,17725,23200,21879,24558,2246,150,25000,1,11:54
2024-25,1630699,MarJon Beauchamp,MarJon,1610612749,MIL,Milwaukee Bucks,0022400717,2025-02-05T00:00:00,MIL @ CHA,W,1.9166666666666667,0.0,0.0,0.0,0.0,0.0,0.0,0.0,0.0,0.0,18.8,0.0,18.8,0.0,0.0,0.0,0.0,0.0,18.8,0.0,0.0,-112.7,22.5,0,0,18.8,1,1,13086,1,25508,22635,24836,22635,15070,20945,15070,13505,14344,13505,76,22137,731,19908,16469,12854,8263,8846,136,17725,23200,26210,19849,2246,150,21487,1,1:55
2024-25,203935,Marcus Smart,Marcus,1610612763,MEM,Memphis Grizzlies,0022400722,2025-02-05T00:00:00,MEM @ TOR,W,18.083333333333332,0.0,11.9,0.0,0.0,6.0,0.0,0.0,0.0,0.0,0.0,2.0,2.0,4.0,2.0,0.0,0.0,0.0,2.0,2.0,0.0,10.0,6.4,0,0,6.0,1,1,13086,1,17512,22635,13689,22635,15070,10757,15070,13505,14344,13505,14058,19693,21816,9977,10560,12854,8263,8846,15201,13124,23200,7718,24877,2246,150,25009,1,18:05
2024-25,203486,Mason Plumlee,Mason,1610612756,PHX,Phoenix Suns,0022400724,2025-02-05T00:00:00,PHX @ OKC,L,18.416666666666668,0.0,2.0,0.0,0.0,0.0,0.0,0.0,0.0,0.0,2.0,7.8,9.8,3.9,5.9,2.0,0.0,2.0,3.9,0.0,0.0,-37.1,17.6,0,0,17.6,1,13222,1,13222,17266,22635,24766,22635,15070,20945,15070,13505,14344,13505,8596,4979,5712,10200,1495,6478,8263,3374,7414,17725,23200,24630,22267,2246,150,22042,1,18:25
2024-25,1642348,Justin Edwards,Justin,1610612755,PHI,Philadelphia 76ers,0022400721,2025-02-05T00:00:00,PHI vs. MIA,L,24.0,4.5,12.0,0.375,1.5,6.0,0.25,1.5,3.0,0.5,1.5,4.5,6.0,4.5,0.0,0.0,0.0,1.5,1.5,1.5,12.0,-25.5,26.0,0,0,24.0,1,13222,1,13222,12899,15777,13575,16299,12029,10684,11902,11800,9972,10625,10323,12261,12271,8651,16469,12854,8263,4776,17217,15001,16132,22916,17651,2246,150,18317,1,24:00
2024-25,1631099,Keegan Murray,Keegan,1610612758,SAC,Sacramento Kings,0022400727,2025-02-05T00:00:00,SAC vs. ORL,L,30.083333333333332,2.4,7.2,0.333,1.2,4.8,0.25,0.0,0.0,0.0,2.4,4.8,7.2,1.2,3.6,0.0,1.2,0.0,1.2,0.0,6.0,-29.9,16.4,0,0,18.0,1,13222,1,13222,7702,20686,21345,17395,13389,13741,11902,13505,14344,13505,6944,11469,9787,19021,4798,12854,6195,8846,18553,17725,21411,23720,22709,2246,150,21890,1,30:05
2024-25,1629640,Keldon Johnson,Keldon,1610612759,SAS,San Antonio Spurs,0022400719,2025-02-05T00:00:00,SAS @ ATL,W,15.483333333333333,2.3,9.3,0.25,2.3,7.0,0.333,0.0,0.0,0.0,0.0,4.7,4.7,0.0,2.3,2.3,0.0,0.0,2.3,0.0,7.0,-9.3,17.2,0,0,18.6,1,1,13086,1,19259,20805,18272,20233,8761,8510,9209,13505,14344,13505,14058,11855,15703,19908,8964,4947,8263,8846,13542,17725,20748,17581,22406,2246,150,21585,1,15:29
2024-25,1631109,Mark Williams,Mark,1610612766,CHA,Charlotte Hornets,0022400717,2025-02-05T00:00:00,CHA vs. MIL,L,25.116666666666667,2.9,11.5,0.25,0.0,0.0,0.0,2.9,2.9,1.0,1.4,5.7,7.2,2.9,0.0,0.0,0.0,1.4,2.9,1.4,8.6,-33.0,21.5,0,0,18.6,1,13222,1,13222,11895,19739,14529,20233,15070,20945,15070,8179,10317,1,10604,8960,9820,13387,16469,12854,8263,5048,11331,15310,19429,24157,20410,2246,150,21560,1,25:07
2024-25,1629312,Haywood Highsmith,Haywood,1610612748,MIA,Miami Heat,0022400721,2025-02-05T00:00:00,MIA @ PHI,W,20.666666666666668,1.7,8.7,0.2,1.7,5.2,0.333,0.0,0.0,0.0,0.0,1.7,1.7,0.0,0.0,0.0,0.0,1.7,1.7,0.0,5.2,8.7,7.3,0,0,8.7,1,1,13086,1,15515,21844,19167,21401,11275,12645,9209,13505,14344,13505,14058,20375,22243,19908,16469,12854,8263,4049,16409,17725,21895,8319,24778,2246,150,24651,1,20:40
2024-25,1641748,Andre Jackson Jr.,Andre,1610612749,MIL,Milwaukee Bucks,0022400717,2025-02-05T00:00:00,MIL @ CHA,W,16.316666666666666,2.2,2.2,1.0,0.0,0.0,0.0,0.0,0.0,0.0,0.0,2.2,2.2,2.2,0.0,0.0,0.0,0.0,0.0,0.0,4.4,15.4,10.4,0,0,8.8,1,1,13086,1,18711,21025,24719,1,15070,20945,15070,13505,14344,13505,14058,19052,21401,15603,16469,12854,8263,8846,20257,17725,22339,5454,24354,2246,150,24642,1,16:19
2024-25,1629750,Javonte Green,Javonte,1610612740,NOP,New Orleans Pelicans,0022400726,2025-02-05T00:00:00,NOP @ DEN,L,17.561666666666667,2.0,6.1,0.333,2.0,4.1,0.5,0.0,0.0,0.0,0.0,6.1,6.1,4.1,0.0,0.0,0.0,0.0,0.0,0.0,6.1,-14.3,19.7,0,0,18.4,1,13222,1,13222,17885,21316,22472,17395,9913,15346,3944,13505,14344,13505,14058,8003,11939,9663,16469,12854,8263,8846,20257,17725,21286,19632,21321,2246,150,21652,1,17:34
2024-25,1630243,Trevelin Queen,Trevelin,1610612753,ORL,Orlando Magic,0022400727,2025-02-05T00:00:00,ORL @ SAC,W,7.133333333333334,0.0,10.1,0.0,0.0,5.0,0.0,0.0,0.0,0.0,5.0,0.0,5.0,0.0,0.0,0.0,0.0,0.0,10.1,0.0,0.0,-50.5,6.1,0,0,5.0,1,1,13086,1,23116,22635,16902,22635,15070,13081,15070,13505,14344,13505,2330,22137,14676,19908,16469,12854,8263,8846,684,17725,23200,25414,24909,2246,150,25100,1,7:08
2024-25,1626145,Tyus Jones,Tyus,1610612756,PHX,Phoenix Suns,0022400724,2025-02-05T00:00:00,PHX @ OKC,L,29.278333333333332,4.9,11.1,0.444,2.5,7.4,0.333,0.0,0.0,0.0,0.0,0.0,0.0,3.7,2.5,0.0,0.0,0.0,1.2,0.0,12.3,-27.1,15.4,0,0,18.4,1,13222,1,13222,8423,14640,15254,13045,8290,7667,9209,13505,14344,13505,14058,22137,23286,10818,8417,12854,8263,8846,18382,17725,15831,23250,23068,2246,150,21653,1,29:17
2024-25,1627750,Jamal Murray,Jamal,1610612743,DEN,Denver Nuggets,0022400726,2025-02-05T00:00:00,DEN vs. NOP,W,35.666666666666664,5.0,7.1,0.714,0.0,2.0,0.0,0.0,0.0,0.0,0.0,2.0,2.0,6.1,1.0,0.0,0.0,0.0,2.0,1.0,10.1,19.2,20.6,0,0,18.2,1,1,13086,1,2928,14240,21483,2752,15070,19520,15070,13505,14344,13505,14058,19599,21761,5386,15783,12854,8263,8846,15035,17362,18054,4208,20900,2246,150,21793,1,35:40
2024-25,200768,Kyle Lowry,Kyle,1610612755,PHI,Philadelphia 76ers,0022400721,2025-02-05T00:00:00,PHI vs. MIA,L,13.816666666666666,2.6,13.0,0.2,0.0,7.8,0.0,2.6,5.2,0.5,0.0,5.2,5.2,10.4,0.0,0.0,0.0,0.0,5.2,2.6,7.8,10.4,29.7,0,0,23.4,1,13222,1,13222,20292,20270,11805,21401,15070,6773,15070,8793,5594,10625,14058,10256,14251,1234,16469,12854,8263,8846,4173,10622,20073,7501,15027,2246,150,18701,1,13:49
2024-25,1627747,Caris LeVert,Caris,1610612739,CLE,Cleveland Cavaliers,0022400718,2025-02-05T00:00:00,CLE @ DET,W,21.0,0.0,13.7,0.0,0.0,5.1,0.0,0.0,0.0,0.0,0.0,3.4,3.4,0.0,3.4,1.7,0.0,1.7,3.4,0.0,0.0,-8.6,5.8,0,0,6.9,1,1,13086,1,15296,22635,10629,22635,15070,12839,15070,13505,14344,13505,14058,15435,18704,19908,5166,7558,8263,4108,8976,17725,23200,17213,24934,2246,150,24907,1,21:00
2024-25,1627736,Malik Beasley,Malik,1610612765,DET,Detroit Pistons,0022400718,2025-02-05T00:00:00,DET vs. CLE,L,25.066666666666666,1.4,11.5,0.125,0.0,8.6,0.0,0.0,0.0,0.0,0.0,0.0,0.0,1.4,1.4,1.4,0.0,0.0,2.9,0.0,2.9,-2.9,7.9,0,0,7.2,1,13222,1,13222,11944,22245,14490,22420,15070,5389,15070,13505,14344,13505,14058,22137,23286,18215,13071,8716,8263,8846,11299,17725,22981,14498,24708,2246,150,24875,1,25:04
2024-25,1626192,Pat Connaughton,Pat,1610612749,MIL,Milwaukee Bucks,0022400717,2025-02-05T00:00:00,MIL @ CHA,W,26.55,2.7,8.1,0.333,0.0,4.1,0.0,0.0,0.0,0.0,0.0,8.1,8.1,4.1,2.7,0.0,0.0,0.0,1.4,0.0,5.4,-14.9,18.6,0,0,17.6,1,1,13086,1,10687,20058,20038,17395,15070,15433,15070,13505,14344,13505,14058,4507,8031,9751,7492,12854,8263,8846,17803,17725,21783,19873,21854,2246,150,22022,1,26:33
2024-25,1628371,Jonathan Isaac,Jonathan,1610612753,ORL,Orlando Magic,0022400727,2025-02-05T00:00:00,ORL @ SAC,W,20.741666666666667,0.0,1.7,0.0,0.0,0.0,0.0,0.0,0.0,0.0,1.7,3.5,5.2,3.5,1.7,5.2,0.0,1.7,3.5,1.7,0.0,20.8,25.3,0,0,19.1,1,1,13086,1,15463,22635,24801,22635,15070,20945,15070,13505,14344,13505,9458,15319,14262,11488,11796,781,8263,4064,8832,14165,23200,3741,18045,2246,150,21354,1,20:45
2024-25,1629130,Duncan Robinson,Duncan,1610612748,MIA,Miami Heat,0022400721,2025-02-05T00:00:00,MIA @ PHI,W,20.235,0.0,7.1,0.0,0.0,5.3,0.0,0.0,0.0,0.0,0.0,0.0,0.0,1.8,3.6,0.0,0.0,0.0,0.0,0.0,0.0,-1.8,-0.9,0,0,1.8,1,1,13086,1,15837,22635,21426,22635,15070,12360,15070,13505,14344,13505,14058,22137,23286,17150,4886,12854,8263,8846,20257,17725,23200,13915,26148,2246,150,25256,1,20:14
2024-25,1630208,Nick Richards,Nick,1610612756,PHX,Phoenix Suns,0022400724,2025-02-05T00:00:00,PHX @ OKC,L,21.233333333333334,5.1,5.1,1.0,0.0,0.0,0.0,0.0,0.0,0.0,3.4,6.8,10.2,0.0,3.4,1.7,0.0,0.0,6.8,1.7,10.2,-17.0,24.1,0,0,23.7,1,13222,1,13222,15129,14129,23398,1,15070,20945,15070,13505,14344,13505,4556,6732,5257,19908,5249,7621,8263,8846,2158,14284,17978,20602,18894,2246,150,18515,1,21:14
2024-25,1630598,Aaron Wiggins,Aaron,1610612760,OKC,Oklahoma City Thunder,0022400724,2025-02-05T00:00:00,OKC vs. PHX,W,24.9,8.7,11.6,0.75,1.4,2.9,0.5,5.8,5.8,1.0,5.8,2.9,8.7,1.4,0.0,1.4,0.0,0.0,2.9,2.9,24.6,37.6,41.5,0,0,39.0,1,1,13086,1,12089,5298,14362,2107,12271,17878,3944,3104,4775,1,1756,17110,7193,18190,16469,8660,8263,8846,11218,9613,4440,1152,6888,2246,150,7361,1,24:54
2024-25,1630558,Davion Mitchell,Davion,1610612761,TOR,Toronto Raptors,0022400722,2025-02-05T00:00:00,TOR vs. MEM,L,17.533333333333335,8.2,10.3,0.8,2.1,4.1,0.5,2.1,2.1,1.0,0.0,2.1,2.1,10.3,4.1,2.1,0.0,0.0,6.2,4.1,20.5,12.3,40.4,0,0,39.0,1,13222,1,13222,17895,6174,16625,1688,9903,15327,3944,10454,12568,1,14058,19497,21694,1304,3663,5997,8263,8846,2755,6039,7464,6668,7492,2246,150,7370,1,17:32
2024-25,1630583,Santi Aldama,Santi,1610612763,MEM,Memphis Grizzlies,0022400722,2025-02-05T00:00:00,MEM @ TOR,W,18.13,4.0,13.9,0.286,2.0,7.9,0.25,2.0,6.0,0.333,4.0,4.0,7.9,4.0,0.0,2.0,0.0,0.0,2.0,4.0,11.9,-2.0,33.4,0,0,29.8,1,1,13086,1,17488,17156,10342,19630,10233,6545,11902,10699,4536,13132,3635,13808,8377,10006,16469,6318,8263,8846,15228,6387,16228,14035,12292,2246,150,14111,1,18:08
2024-25,1630533,Ziaire Williams,Ziaire,1610612751,BKN,Brooklyn Nets,0022400720,2025-02-05T00:00:00,BKN vs. WAS,L,18.4,2.0,15.7,0.125,0.0,5.9,0.0,3.9,3.9,1.0,3.9,2.0,5.9,0.0,0.0,0.0,0.0,3.9,3.9,3.9,7.8,-31.3,14.9,0,0,13.7,1,13222,1,13222,17275,21481,7604,22420,15070,11020,15070,5853,8015,1,3703,19807,12591,19908,16469,12854,8263,682,7395,6528,20062,23933,23221,2246,150,23502,1,18:24
2024-25,1642367,Jonathan Mogbo,Jonathan,1610612761,TOR,Toronto Raptors,0022400722,2025-02-05T00:00:00,TOR vs. MEM,L,18.645,7.7,15.4,0.5,3.9,5.8,0.667,0.0,0.0,0.0,5.8,5.8,11.6,3.9,0.0,0.0,0.0,1.9,5.8,0.0,19.3,-5.8,39.0,0,0,38.6,1,13222,1,13222,17084,7219,7898,8526,4295,11222,1957,13505,14344,13505,1749,8804,3864,10336,16469,12854,8263,3448,3231,17725,8548,15966,8402,2246,150,7633,1,18:39
2024-25,1641787,Tosan Evbuomwan,Tosan,1610612751,BKN,Brooklyn Nets,0022400720,2025-02-05T00:00:00,BKN vs. WAS,L,27.33,7.9,14.5,0.545,1.3,4.0,0.333,2.6,5.3,0.5,1.3,5.3,6.6,1.3,0.0,0.0,1.3,0.0,4.0,2.6,19.8,-10.5,33.6,0,0,31.6,1,13222,1,13222,10083,6843,9373,7695,12797,15674,9209,8727,5504,10625,11115,10102,10983,18606,16469,12854,5574,8846,7278,10531,8111,18126,12118,2246,150,12694,1,27:20
2024-25,1629632,Coby White,Coby,1610612741,CHI,Chicago Bulls,0022400723,2025-02-05T00:00:00,CHI @ MIN,L,31.883333333333333,5.6,12.4,0.455,4.5,6.8,0.667,6.8,6.8,1.0,0.0,0.0,0.0,4.5,1.1,0.0,0.0,2.3,4.5,4.5,22.6,-16.9,28.2,0,0,31.6,1,13222,1,13222,6069,12571,12861,12676,3040,8951,1957,2179,3584,1,14058,22137,23286,8615,14944,12854,8263,2529,5740,5105,5797,20596,16054,2246,150,12692,1,31:53
2024-25,1628389,Bam Adebayo,Bam,1610612748,MIA,Miami Heat,0022400721,2025-02-05T00:00:00,MIA @ PHI,W,33.516666666666666,8.6,17.2,0.5,1.1,3.2,0.333,1.1,2.1,0.5,8.6,5.4,14.0,4.3,7.5,0.0,0.0,1.1,3.2,2.1,19.3,5.4,35.0,1,0,38.7,1,1,13086,1,4717,5456,5590,8526,14104,17227,9209,12987,12262,10625,643,9853,2256,9132,706,12854,8263,7273,9767,12408,8520,9908,11045,1,150,7611,1,33:31
2024-25,1629652,Luguentz Dort,Luguentz,1610612760,OKC,Oklahoma City Thunder,0022400724,2025-02-05T00:00:00,OKC vs. PHX,W,26.216666666666665,4.1,9.6,0.429,1.4,6.9,0.2,0.0,0.0,0.0,1.4,1.4,2.7,1.4,0.0,5.5,1.4,0.0,4.1,1.4,9.6,42.6,35.6,0,0,28.8,1,1,13086,1,10987,16801,17745,13735,12545,8745,13429,13505,14344,13505,10864,21145,20363,18422,16469,639,5342,8846,6767,15552,18533,801,10685,2246,150,14832,1,26:13
2024-25,1641810,Antonio Reeves,Antonio,1610612740,NOP,New Orleans Pelicans,0022400726,2025-02-05T00:00:00,NOP @ DEN,L,14.935,2.4,7.2,0.333,2.4,7.2,0.333,0.0,0.0,0.0,0.0,0.0,0.0,4.8,0.0,0.0,0.0,0.0,0.0,0.0,7.2,-12.1,14.5,0,0,14.5,1,13222,1,13222,19615,20643,21284,17395,8453,7978,9209,13505,14344,13505,14058,22137,23286,7863,16469,12854,8263,8846,20257,17725,20540,18760,23340,2246,150,23267,1,14:56
2024-25,1630548,Johnny Juzang,Johnny,1610612762,UTA,Utah Jazz,0022400725,2025-02-05T00:00:00,UTA vs. GSW,W,10.833333333333334,3.3,10.0,0.333,3.3,10.0,0.333,0.0,0.0,0.0,0.0,0.0,0.0,0.0,0.0,0.0,0.0,0.0,13.3,0.0,10.0,-33.2,10.0,0,0,13.3,1,1,13086,1,21781,18695,17104,17395,5596,3522,9209,13505,14344,13505,14058,22137,23286,19908,16469,12854,8263,8846,318,17725,18185,24196,24427,2246,150,23620,1,10:50
2024-25,1642354,KJ Simpson,KJ,1610612766,CHA,Charlotte Hornets,0022400717,2025-02-05T00:00:00,CHA vs. MIL,L,27.95,7.7,15.5,0.5,3.9,7.7,0.5,0.0,0.0,0.0,0.0,0.0,0.0,3.9,2.6,1.3,0.0,0.0,0.0,2.6,19.3,-29.6,26.4,0,0,29.6,1,13222,1,13222,9582,7200,7884,8526,4285,6938,3944,13505,14344,13505,14058,22137,23286,10324,7961,9530,8263,8846,20257,10717,8535,23678,17346,2246,150,14229,1,27:57
2024-25,202696,Nikola Vučević,Nikola,1610612741,CHI,Chicago Bulls,0022400723,2025-02-05T00:00:00,CHI @ MIN,L,30.666666666666668,5.9,12.9,0.455,0.0,4.7,0.0,0.0,0.0,0.0,1.2,11.7,12.9,4.7,0.0,1.2,0.0,0.0,5.9,1.2,11.7,-16.4,37.8,1,0,31.7,1,13222,1,13222,7151,11891,12012,12676,15070,13963,15070,13505,14344,13505,11969,1508,2865,8194,16469,10403,8263,8846,3116,16533,16409,20422,9162,1,150,12630,1,30:40
2024-25,1641736,Reece Beekman,Reece,1610612751,BKN,Brooklyn Nets,0022400720,2025-02-05T00:00:00,BKN vs. WAS,L,13.783333333333333,0.0,5.2,0.0,0.0,2.6,0.0,2.6,5.2,0.5,0.0,0.0,0.0,5.2,2.6,2.6,0.0,0.0,2.6,5.2,2.6,0.0,15.7,0,0,13.1,1,13222,1,13222,20310,22635,23307,22635,15070,18428,15070,8779,5563,10625,14058,22137,23286,6992,7827,4113,8263,8846,12381,3737,23050,12240,22964,2246,150,23695,1,13:47
2024-25,1631246,Vince Williams Jr.,Vince,1610612763,MEM,Memphis Grizzlies,0022400722,2025-02-05T00:00:00,MEM @ TOR,W,12.983333333333333,5.5,13.9,0.4,0.0,0.0,0.0,0.0,2.8,0.0,8.3,2.8,11.1,5.5,0.0,5.5,0.0,2.8,0.0,5.5,11.1,49.9,49.4,0,0,38.8,1,1,13086,1,20745,12868,10406,14933,15070,20945,15070,13505,10551,13505,697,17498,4329,6347,16469,615,8263,1639,20257,3274,17107,550,3481,2246,150,7501,1,12:59
2024-25,1641740,Jaylen Clark,Jaylen,1610612750,MIN,Minnesota Timberwolves,0022400723,2025-02-05T00:00:00,MIN vs. CHI,W,21.866666666666667,3.3,3.3,1.0,1.6,1.6,1.0,0.0,0.0,0.0,1.6,0.0,1.6,0.0,1.6,0.0,1.6,0.0,4.9,1.6,8.2,11.5,13.5,0,0,14.8,1,1,13086,1,14601,18771,24396,1,11548,20116,1,13505,14344,13505,9760,22137,22371,19908,12160,12854,4437,8846,4749,14468,19723,6993,23634,2246,150,23121,1,21:52
2024-25,1631221,Collin Gillespie,Collin,1610612756,PHX,Phoenix Suns,0022400724,2025-02-05T00:00:00,PHX @ OKC,L,8.35,4.3,8.6,0.5,0.0,4.3,0.0,17.2,21.6,0.8,0.0,4.3,4.3,8.6,0.0,0.0,0.0,0.0,4.3,12.9,25.9,-8.6,44.0,0,0,38.8,1,13222,1,13222,22685,16288,19320,8526,15070,14881,15070,115,114,7681,14058,12760,16501,2324,16469,12854,8263,8846,6239,161,3740,17245,5687,2246,150,7508,1,8:21
2024-25,1631170,Jaime Jaquez Jr.,Jaime,1610612748,MIA,Miami Heat,0022400721,2025-02-05T00:00:00,MIA @ PHI,W,17.633333333333333,4.1,14.3,0.286,0.0,4.1,0.0,10.2,10.2,1.0,2.0,10.2,12.2,4.1,2.0,0.0,2.0,2.0,0.0,6.1,18.4,-4.1,43.3,0,0,38.8,1,1,13086,1,17841,16879,9706,19630,15070,15387,15070,648,1290,1,8200,2422,3309,9695,10296,12854,3365,3089,20257,2479,9441,15110,5995,2246,150,7526,1,17:38
2024-25,203897,Zach LaVine,Zach,1610612758,SAC,Sacramento Kings,0022400727,2025-02-05T00:00:00,SAC vs. ORL,L,30.641666666666666,4.7,15.3,0.308,0.0,4.7,0.0,5.9,7.0,0.833,0.0,1.2,1.2,3.5,1.2,1.2,0.0,1.2,1.2,4.7,15.3,-30.5,24.3,0,0,22.3,1,13222,1,13222,7176,15247,8147,19226,15070,13957,15070,3002,3321,7275,14058,21580,22977,11326,14632,10398,8263,6447,18693,4721,12636,23822,18740,2246,150,19469,1,30:39
2024-25,1642274,Yves Missi,Yves,1610612740,NOP,New Orleans Pelicans,0022400726,2025-02-05T00:00:00,NOP @ DEN,L,32.4,6.7,8.9,0.75,0.0,0.0,0.0,0.0,0.0,0.0,3.3,3.3,6.7,2.2,1.1,0.0,0.0,1.1,3.3,0.0,13.3,-24.4,23.6,0,0,22.2,1,13222,1,13222,5635,9769,18876,2107,15070,20945,15070,13505,14344,13505,4675,15684,10798,15547,15057,12854,8263,6956,9320,17725,14702,22679,19229,2246,150,19541,1,32:24
2024-25,1631209,Isaiah Wong,Isaiah,1610612766,CHA,Charlotte Hornets,0022400717,2025-02-05T00:00:00,CHA vs. MIL,L,16.2,6.7,13.3,0.5,0.0,4.4,0.0,0.0,0.0,0.0,0.0,0.0,0.0,4.4,0.0,2.2,0.0,0.0,2.2,2.2,13.3,42.2,26.7,0,0,22.2,1,13222,1,13222,18788,9769,11234,8526,15070,14579,15070,13505,14344,13505,14058,22137,23286,8773,16469,5303,8263,8846,13994,12068,14702,822,17171,2246,150,19541,1,16:12
2024-25,1631157,Ryan Rollins,Ryan,1610612749,MIL,Milwaukee Bucks,0022400717,2025-02-05T00:00:00,MIL @ CHA,W,17.468333333333334,4.1,10.3,0.4,2.1,4.1,0.5,2.1,2.1,1.0,2.1,2.1,4.1,8.2,2.1,2.1,0.0,2.1,8.2,4.1,12.4,-4.1,33.8,0,0,30.9,1,1,13086,1,17949,16796,16555,14933,9869,15298,3944,10437,12553,1,8118,19476,17020,2661,10209,5959,8263,3023,1255,6003,15752,15132,11970,2246,150,13238,1,17:28
2024-25,1641732,Colby Jones,Colby,1610612758,SAC,Sacramento Kings,0022400727,2025-02-05T00:00:00,SAC vs. ORL,L,8.216666666666667,0.0,4.4,0.0,0.0,4.4,0.0,0.0,0.0,0.0,8.8,4.4,13.1,8.8,0.0,4.4,4.4,0.0,0.0,4.4,0.0,43.8,55.2,0,0,39.4,1,13222,1,13222,22729,22635,23869,22635,15070,14730,15070,13505,14344,13505,600,12571,2707,2213,16469,1317,717,8846,20257,5400,23200,748,1955,2246,150,7114,1,8:13
2024-25,1631217,Moussa Diabaté,Moussa,1610612766,CHA,Charlotte Hornets,0022400717,2025-02-05T00:00:00,CHA vs. MIL,L,22.883333333333333,3.1,3.1,1.0,0.0,0.0,0.0,9.4,12.6,0.75,4.7,15.7,20.5,3.1,1.6,0.0,0.0,0.0,1.6,7.9,15.7,20.5,43.4,1,0,39.3,1,13222,1,13222,13803,19107,24442,1,15070,20945,15070,865,656,8186,2650,466,473,12491,12450,12854,8263,8846,16948,1089,12190,3830,5924,1,150,7176,1,22:53
2024-25,203501,Tim Hardaway Jr.,Tim,1610612765,DET,Detroit Pistons,0022400718,2025-02-05T00:00:00,DET vs. CLE,L,34.803333333333335,6.2,12.4,0.5,6.2,11.4,0.545,2.1,2.1,1.0,0.0,3.1,3.1,1.0,0.0,0.0,0.0,0.0,0.0,1.0,20.7,7.2,26.0,0,0,31.0,1,13222,1,13222,3611,10963,12879,8526,1162,2193,3863,10408,12525,1,14058,16405,19474,19581,16469,12854,8263,8846,20257,17253,7325,9022,17644,2246,150,13131,1,34:48
2024-25,1631260,AJ Green,AJ,1610612749,MIL,Milwaukee Bucks,0022400717,2025-02-05T00:00:00,MIL @ CHA,W,27.766666666666666,3.9,9.1,0.429,2.6,7.8,0.333,0.0,0.0,0.0,0.0,2.6,2.6,1.3,1.3,1.3,1.3,0.0,2.6,1.3,10.4,1.3,21.9,0,0,22.0,1,1,13086,1,9742,17352,18597,13735,7851,6840,9209,13505,14344,13505,14058,17963,20649,18670,13809,9475,5664,8846,12450,15923,17787,11956,20202,2246,150,19653,1,27:46
2024-25,1626179,Terry Rozier,Terry,1610612748,MIA,Miami Heat,0022400721,2025-02-05T00:00:00,MIA @ PHI,W,27.383333333333333,10.5,22.3,0.471,3.9,9.2,0.429,1.3,2.6,0.5,2.6,3.9,6.6,2.6,0.0,0.0,0.0,1.3,1.3,1.3,26.3,-2.6,38.1,0,0,39.4,1,1,13086,1,10029,2699,1651,12143,4104,4523,7394,12262,10907,10625,6274,13895,11014,14118,16469,12854,8263,5585,17976,15839,3535,14374,8942,2246,150,7108,1,27:23
2024-25,1630170,Devin Vassell,Devin,1610612759,SAS,San Antonio Spurs,0022400719,2025-02-05T00:00:00,SAS @ ATL,W,33.88333333333333,9.6,19.1,0.5,2.1,8.5,0.25,0.0,0.0,0.0,0.0,3.2,3.2,4.2,1.1,4.2,0.0,2.1,1.1,1.1,21.2,5.3,43.1,0,0,39.3,1,1,13086,1,4366,3792,3644,8526,9574,5586,11902,13505,14344,13505,14058,16128,19268,9253,15402,1417,8263,2851,19322,17104,6885,9938,6066,2246,150,7185,1,33:53
2024-25,1630551,Justin Champagnie,Justin,1610612764,WAS,Washington Wizards,0022400720,2025-02-05T00:00:00,WAS @ BKN,W,17.381666666666668,8.3,16.6,0.5,4.1,10.4,0.4,2.1,4.1,0.5,2.1,2.1,4.1,0.0,0.0,0.0,0.0,2.1,4.1,2.1,22.8,-4.1,27.8,0,0,31.1,1,1,13086,1,18022,6013,6342,8526,3684,3098,7874,10395,7541,10625,8075,19447,16963,19908,16469,12854,8263,3001,6709,12757,5646,15145,16393,2246,150,13105,1,17:23
2024-25,1631107,Nikola Jović,Nikola,1610612748,MIA,Miami Heat,0022400721,2025-02-05T00:00:00,MIA @ PHI,W,36.65,7.9,8.8,0.889,2.9,3.9,0.75,3.9,4.9,0.8,0.0,4.9,4.9,6.9,2.9,0.0,1.0,0.0,2.9,3.9,22.6,4.9,38.8,0,0,39.3,1,1,13086,1,2246,6933,18954,1318,6689,15717,1542,5825,6091,7681,14058,11132,15030,4173,6645,12854,7588,8846,10943,6492,5784,10154,8535,2246,150,7203,1,36:39
2024-25,1629618,Jalen Pickett,Jalen,1610612743,DEN,Denver Nuggets,0022400726,2025-02-05T00:00:00,DEN vs. NOP,W,12.333333333333334,5.8,8.8,0.667,0.0,2.9,0.0,0.0,0.0,0.0,0.0,5.8,5.8,5.8,0.0,2.9,0.0,0.0,2.9,0.0,11.7,17.5,36.2,0,0,29.2,1,1,13086,1,21084,11992,19088,3281,15070,17821,15070,13505,14344,13505,14058,8697,12673,5776,16469,3350,8263,8846,11095,17725,16488,4735,10244,2246,150,14548,1,12:20
2024-25,1630592,Jalen Wilson,Jalen,1610612751,BKN,Brooklyn Nets,0022400720,2025-02-05T00:00:00,BKN vs. WAS,L,29.533333333333335,2.4,4.9,0.5,2.4,4.9,0.5,1.2,2.4,0.5,1.2,2.4,3.7,4.9,1.2,2.4,0.0,0.0,2.4,1.2,8.5,14.6,26.3,0,0,24.4,1,13222,1,13222,8194,20577,23553,8526,8349,13499,3944,12533,11368,10625,11669,18366,18185,7742,14298,4567,8263,8846,13043,16302,19490,5768,17401,2246,150,18093,1,29:32
2024-25,1642419,Jamison Battle,Jamison,1610612761,TOR,Toronto Raptors,0022400722,2025-02-05T00:00:00,TOR vs. MEM,L,14.1,2.6,5.1,0.5,2.6,5.1,0.5,0.0,0.0,0.0,2.6,2.6,5.1,0.0,0.0,0.0,0.0,0.0,5.1,0.0,7.7,-46.0,13.8,0,0,15.3,1,13222,1,13222,20145,20363,23383,8526,7959,12929,3944,13505,14344,13505,6466,18047,14499,19908,16469,12854,8263,8846,4361,17725,20189,25224,23548,2246,150,22942,1,14:06
2024-25,1642366,Quinten Post,Quinten,1610612744,GSW,Golden State Warriors,0022400725,2025-02-05T00:00:00,GSW @ UTA,L,24.745,7.3,13.1,0.556,0.0,2.9,0.0,0.0,0.0,0.0,4.4,5.8,10.2,4.4,0.0,0.0,0.0,1.5,1.5,1.5,14.5,-13.1,33.3,0,0,29.1,1,13222,1,13222,12233,8280,11681,7248,15070,17847,15070,13505,14344,13505,3088,8757,5244,8971,16469,12854,8263,4966,17424,15220,13351,19162,12334,2246,150,14625,1,24:45
2024-25,1631124,Julian Strawther,Julian,1610612743,DEN,Denver Nuggets,0022400726,2025-02-05T00:00:00,DEN vs. NOP,W,24.016666666666666,6.0,15.0,0.4,3.0,9.0,0.333,0.0,0.0,0.0,0.0,3.0,3.0,1.5,1.5,0.0,0.0,1.5,6.0,0.0,15.0,0.0,19.3,0,0,22.5,1,1,13086,1,12885,11537,8633,14933,6530,4849,9209,13505,14344,13505,14058,16746,19749,17979,12747,12854,8263,4779,2956,17725,12919,12240,21482,2246,150,19373,1,24:01
2024-25,1631110,Jeremy Sochan,Jeremy,1610612759,SAS,San Antonio Spurs,0022400719,2025-02-05T00:00:00,SAS @ ATL,W,26.553333333333335,9.5,10.8,0.875,0.0,1.4,0.0,1.4,2.7,0.5,1.4,4.1,5.4,2.7,1.4,1.4,0.0,0.0,4.1,1.4,20.3,0.0,33.6,0,0,31.2,1,1,13086,1,10685,3899,15619,1353,15070,20429,15070,12152,10718,10625,10955,13522,13753,13875,13542,9160,8263,8846,6944,15643,7631,12240,12095,2246,150,13019,1,26:33
2024-25,1630568,Luka Garza,Luka,1610612750,MIN,Minnesota Timberwolves,0022400723,2025-02-05T00:00:00,MIN vs. CHI,W,7.416666666666667,9.7,19.4,0.5,0.0,4.9,0.0,0.0,0.0,0.0,4.9,0.0,4.9,0.0,4.9,0.0,0.0,0.0,4.9,0.0,19.4,-34.0,20.4,0,0,24.3,1,1,13086,1,23027,3593,3407,8526,15070,13550,15070,13505,14344,13505,2500,22137,15173,19908,2515,12854,8263,8846,4940,17725,8455,24300,20989,2246,150,18155,1,7:25
2024-25,1642050,Jackson Rowe,Jackson,1610612744,GSW,Golden State Warriors,0022400725,2025-02-05T00:00:00,GSW @ UTA,L,13.761666666666667,5.2,7.8,0.667,5.2,7.8,0.667,0.0,5.2,0.0,0.0,13.1,13.1,0.0,0.0,2.6,0.0,0.0,5.2,2.6,15.7,44.5,39.2,0,0,39.2,1,13222,1,13222,20330,13721,20480,3281,2019,6721,1957,13505,5549,13505,14058,988,2753,19908,16469,4104,8263,8846,4144,10589,12229,729,8243,2246,150,7247,1,13:46
2024-25,1631204,Marcus Sasser,Marcus,1610612765,DET,Detroit Pistons,0022400718,2025-02-05T00:00:00,DET vs. CLE,L,11.188333333333333,0.0,3.2,0.0,0.0,0.0,0.0,0.0,0.0,0.0,3.2,0.0,3.2,12.9,9.7,3.2,0.0,0.0,3.2,3.2,0.0,-6.4,23.2,0,0,22.5,1,13222,1,13222,21627,22635,24420,22635,15070,20945,15070,13505,14344,13505,4906,22137,19183,554,353,2702,8263,8846,9791,8495,23200,16262,19450,2246,150,19338,1,11:11
2024-25,1630811,Keaton Wallace,Keaton,1610612737,ATL,Atlanta Hawks,0022400719,2025-02-05T00:00:00,ATL vs. SAS,L,11.9,6.1,9.1,0.667,3.0,6.1,0.5,0.0,0.0,0.0,0.0,0.0,0.0,0.0,3.0,0.0,3.0,0.0,3.0,0.0,15.1,9.1,21.2,0,0,24.2,1,13222,1,13222,21332,11360,18597,3281,6418,10563,3944,13505,14344,13505,14058,22137,23286,19908,6369,12854,1662,8846,10598,17725,12781,8136,20605,2246,150,18204,1,11:54
2024-25,1642346,Ryan Dunn,Ryan,1610612756,PHX,Phoenix Suns,0022400724,2025-02-05T00:00:00,PHX @ OKC,L,11.155,3.2,12.9,0.25,0.0,9.7,0.0,0.0,0.0,0.0,0.0,16.1,16.1,0.0,0.0,0.0,0.0,0.0,3.2,0.0,6.5,-48.4,25.8,0,0,22.6,1,13222,1,13222,21644,18934,12019,20233,15070,3880,15070,13505,14344,13505,14058,421,1381,19908,16469,12854,8263,8846,9749,17725,21082,25334,17732,2246,150,19292,1,11:09
2024-25,1642384,Isaiah Crawford,Isaiah,1610612758,SAC,Sacramento Kings,0022400727,2025-02-05T00:00:00,SAC vs. ORL,L,4.783333333333333,0.0,7.5,0.0,0.0,7.5,0.0,7.5,15.1,0.5,0.0,7.5,7.5,0.0,0.0,0.0,0.0,0.0,0.0,7.5,7.5,67.7,16.6,0,0,15.1,1,13222,1,13222,24099,22635,20887,22635,15070,7334,15070,1648,348,10625,14058,5444,9113,19908,16469,12854,8263,8846,20257,1311,20296,259,22636,2246,150,23044,1,4:47
2024-25,1626162,Kelly Oubre Jr.,Kelly,1610612755,PHI,Philadelphia 76ers,0022400721,2025-02-05T00:00:00,PHI vs. MIA,L,40.28333333333333,5.4,14.3,0.375,0.9,4.5,0.2,1.8,3.6,0.5,2.7,7.1,9.8,0.0,0.0,1.8,0.9,0.0,1.8,2.7,13.4,-8.0,33.2,1,0,29.5,1,13222,1,13222,498,13365,9697,16299,14977,14527,13429,11263,8738,10625,6148,6097,5630,19908,16469,7306,8112,8846,16243,10374,14614,16993,12393,1,150,14332,1,40:17
2024-25,203924,Jerami Grant,Jerami,1610612757,POR,Portland Trail Blazers,0022400716,2025-02-04T00:00:00,POR vs. IND,W,31.8,6.8,15.8,0.429,3.4,6.8,0.5,5.7,5.7,1.0,0.0,2.3,2.3,1.1,1.1,1.1,0.0,3.4,2.3,4.5,22.6,13.6,29.3,0,0,31.7,1,1,13086,1,6154,9434,7346,13735,5388,8908,3944,3240,4959,1,14058,18873,21283,19253,14917,10742,8263,995,13803,5072,5744,6171,15268,2246,150,12625,1,31:48
2024-25,1631107,Nikola Jović,Nikola,1610612748,MIA,Miami Heat,0022400714,2025-02-04T00:00:00,MIA @ CHI,L,35.85,7.0,10.0,0.7,5.0,7.0,0.714,1.0,2.0,0.5,0.0,2.0,2.0,2.0,2.0,0.0,0.0,1.0,1.0,2.0,20.1,-5.0,23.5,0,0,29.1,1,13222,1,13222,2786,8856,16971,3045,2248,8401,1861,13227,12704,10625,14058,19637,21780,16341,10476,12854,8263,7882,19685,13044,7852,15598,19261,2246,150,14609,1,35:51
2024-25,1628975,Jevon Carter,Jevon,1610612741,CHI,Chicago Bulls,0022400714,2025-02-04T00:00:00,CHI vs. MIA,W,5.5,6.5,19.6,0.333,0.0,13.1,0.0,0.0,0.0,0.0,0.0,0.0,0.0,0.0,0.0,0.0,0.0,0.0,0.0,0.0,13.1,-32.7,13.1,0,0,13.1,1,1,13086,1,23789,10075,3233,17395,15070,1250,15070,13505,14344,13505,14058,22137,23286,19908,16469,12854,8263,8846,20257,17725,14990,24128,23743,2246,150,23683,1,5:30
2024-25,1642276,Kel'el Ware,Kel'el,1610612748,MIA,Miami Heat,0022400714,2025-02-04T00:00:00,MIA @ CHI,L,30.688333333333333,9.4,14.1,0.667,1.2,2.3,0.5,0.0,0.0,0.0,4.7,9.4,14.1,1.2,0.0,1.2,0.0,1.2,2.3,0.0,19.9,-12.9,42.1,1,0,38.7,1,13222,1,13222,7135,4051,10047,3281,13517,18910,3944,13505,14344,13505,2680,3125,2201,19108,16469,10414,8263,6463,13458,17725,7965,19093,6562,1,150,7581,1,30:41
2024-25,1641824,Matas Buzelis,Matas,1610612741,CHI,Chicago Bulls,0022400714,2025-02-04T00:00:00,CHI vs. MIA,W,31.033333333333335,11.6,11.6,1.0,4.6,4.6,1.0,0.0,0.0,0.0,0.0,2.3,2.3,0.0,1.2,0.0,2.3,0.0,4.6,1.2,27.8,1.2,36.4,0,0,39.4,1,1,13086,1,6853,1808,14305,1,2819,14114,1,13505,14344,13505,14058,18699,21153,19908,14726,12854,2699,8846,5438,16597,2842,12041,10073,2246,150,7106,1,31:02
2024-25,1629312,Haywood Highsmith,Haywood,1610612748,MIA,Miami Heat,0022400714,2025-02-04T00:00:00,MIA @ CHI,L,20.75,1.7,5.2,0.333,1.7,5.2,0.333,3.5,3.5,1.0,1.7,1.7,3.5,3.5,0.0,1.7,1.7,0.0,3.5,1.7,8.7,6.9,28.5,0,0,24.3,1,13222,1,13222,15455,21856,23316,17395,11297,12690,9209,6756,8945,1,9461,20394,18618,11492,16469,7502,4214,8846,8838,14169,19376,9167,15905,2246,150,18143,1,20:45
2024-25,1627824,Guerschon Yabusele,Guerschon,1610612755,PHI,Philadelphia 76ers,0022400712,2025-02-04T00:00:00,PHI vs. DAL,W,35.045,7.2,8.2,0.875,0.0,1.0,0.0,5.1,5.1,1.0,2.1,6.2,8.2,4.1,1.0,0.0,0.0,0.0,2.1,4.1,19.5,7.2,34.5,0,0,31.8,1,1,13086,1,3432,8477,19920,1353,15070,20830,15070,3842,5702,1,8145,7982,7912,9647,15657,12854,8263,8846,14849,6034,8356,9048,11436,2246,150,12501,1,35:03
2024-25,1627884,Derrick Jones Jr.,Derrick,1610612746,LAC,LA Clippers,0022400715,2025-02-04T00:00:00,LAC vs. LAL,L,22.366666666666667,9.7,16.1,0.6,4.8,11.3,0.429,3.2,3.2,1.0,1.6,1.6,3.2,3.2,0.0,0.0,0.0,0.0,3.2,1.6,27.4,0.0,36.1,0,0,38.6,1,13222,1,13222,14222,3651,6979,5394,2518,2283,7394,7281,9481,1,9882,20655,19179,12230,16469,12854,8263,8846,9788,14596,3034,12240,10333,2246,150,7627,1,22:22
2024-25,1627759,Jaylen Brown,Jaylen,1610612738,BOS,Boston Celtics,0022400710,2025-02-04T00:00:00,BOS @ CLE,W,28.316666666666666,8.9,15.3,0.583,0.0,0.0,0.0,2.5,2.5,1.0,2.5,8.9,11.4,7.6,6.4,0.0,0.0,0.0,6.4,2.5,20.3,-11.4,39.2,0,0,39.4,1,1,13086,1,9285,4886,8168,6296,15070,20945,15070,8930,11099,1,6488,3606,4016,3249,1196,12854,8263,8846,2533,10828,7624,18504,8293,2246,150,7124,1,28:19
2024-25,1626179,Terry Rozier,Terry,1610612748,MIA,Miami Heat,0022400714,2025-02-04T00:00:00,MIA @ CHI,L,29.378333333333334,2.5,14.7,0.167,1.2,7.4,0.167,0.0,0.0,0.0,1.2,1.2,2.5,3.7,0.0,0.0,0.0,0.0,1.2,0.0,6.1,-8.6,14.6,0,0,13.5,1,13222,1,13222,8331,20552,9046,21938,13234,7718,14236,13505,14344,13505,11631,21457,20897,10859,16469,12854,8263,8846,18403,17725,21303,17219,23313,2246,150,23559,1,29:23
2024-25,1628415,Dillon Brooks,Dillon,1610612745,HOU,Houston Rockets,0022400711,2025-02-04T00:00:00,HOU @ BKN,L,36.901666666666664,3.9,10.7,0.364,2.9,6.8,0.429,4.9,5.9,0.833,0.0,2.9,2.9,1.0,2.0,0.0,0.0,0.0,3.9,2.9,15.6,-2.9,18.6,0,0,22.4,1,13222,1,13222,2057,17315,15834,16861,6773,8830,7394,4226,4683,7275,14058,16991,19922,19750,10776,12854,8263,8846,7440,9503,12313,14533,21826,2246,150,19401,1,36:54
2024-25,1641741,Ricky Council IV,Ricky,1610612755,PHI,Philadelphia 76ers,0022400712,2025-02-04T00:00:00,PHI vs. DAL,W,19.783333333333335,5.5,10.9,0.5,3.6,5.5,0.667,0.0,0.0,0.0,1.8,1.8,3.6,5.5,1.8,0.0,1.8,0.0,3.6,0.0,14.6,-1.8,30.8,0,0,30.9,1,1,13086,1,16192,13107,15500,8526,4825,12059,1957,13505,14344,13505,9169,20191,18226,6515,11452,12854,4008,8846,8293,17725,13340,13929,14236,2246,150,13218,1,19:47
2024-25,1641715,Cam Whitmore,Cam,1610612745,HOU,Houston Rockets,0022400711,2025-02-04T00:00:00,HOU @ BKN,L,24.366666666666667,7.4,16.3,0.455,3.0,7.4,0.4,0.0,0.0,0.0,1.5,3.0,4.4,1.5,1.5,0.0,1.5,1.5,1.5,0.0,17.7,-3.0,28.2,0,0,29.5,1,13222,1,13222,12590,8040,6749,12676,6662,7649,7874,13505,14344,13505,10404,16877,16211,18062,12864,12854,4929,4849,17309,17725,10105,14552,16057,2246,150,14286,1,24:22
2024-25,1630193,Immanuel Quickley,Immanuel,1610612761,TOR,Toronto Raptors,0022400713,2025-02-04T00:00:00,TOR vs. NYK,L,20.7,5.2,8.7,0.6,1.7,5.2,0.333,3.5,3.5,1.0,0.0,1.7,1.7,8.7,1.7,1.7,0.0,0.0,3.5,3.5,15.7,-29.6,34.3,0,0,31.3,1,13222,1,13222,15489,13767,19200,5394,11285,12659,9209,6739,8927,1,14058,20385,22249,2276,11786,7489,8263,8846,8805,7718,12265,23664,11611,2246,150,12922,1,20:42
2024-25,1631133,Jabari Walker,Jabari,1610612757,POR,Portland Trail Blazers,0022400716,2025-02-04T00:00:00,POR vs. IND,W,2.3833333333333333,0.0,0.0,0.0,0.0,0.0,0.0,0.0,0.0,0.0,0.0,0.0,0.0,15.1,0.0,0.0,0.0,0.0,0.0,0.0,0.0,15.1,22.7,0,0,15.1,1,1,13086,1,25270,22635,24836,22635,15070,20945,15070,13505,14344,13505,14058,22137,23286,281,16469,12854,8263,8846,20257,17725,23200,5583,19775,2246,150,23023,1,2:23
2024-25,1630625,Dalano Banton,Dalano,1610612757,POR,Portland Trail Blazers,0022400716,2025-02-04T00:00:00,POR vs. IND,W,2.3833333333333333,0.0,0.0,0.0,0.0,0.0,0.0,0.0,0.0,0.0,15.1,0.0,15.1,0.0,0.0,0.0,0.0,0.0,0.0,0.0,0.0,15.1,18.1,0,0,15.1,1,1,13086,1,25270,22635,24836,22635,15070,20945,15070,13505,14344,13505,129,22137,1722,19908,16469,12854,8263,8846,20257,17725,23200,5583,22044,2246,150,23023,1,2:23
2024-25,1641712,Rayan Rupert,Rayan,1610612757,POR,Portland Trail Blazers,0022400716,2025-02-04T00:00:00,POR vs. IND,W,2.3833333333333333,0.0,15.1,0.0,0.0,0.0,0.0,0.0,0.0,0.0,0.0,15.1,15.1,0.0,0.0,0.0,0.0,0.0,0.0,15.1,0.0,15.1,18.1,0,0,15.1,1,1,13086,1,25270,22635,8412,22635,15070,20945,15070,13505,14344,13505,14058,546,1722,19908,16469,12854,8263,8846,20257,97,23200,5583,22044,2246,150,23023,1,2:23
2024-25,202696,Nikola Vučević,Nikola,1610612741,CHI,Chicago Bulls,0022400714,2025-02-04T00:00:00,CHI vs. MIA,W,33.266666666666666,5.4,14.1,0.385,2.2,5.4,0.4,0.0,2.2,0.0,3.2,8.7,11.9,2.2,1.1,1.1,0.0,0.0,1.1,2.2,13.0,1.1,32.7,1,0,31.4,1,1,13086,1,4928,13243,10064,16070,9379,12188,7874,13505,12200,13505,4854,3876,3577,15746,15262,11175,8263,8846,19201,12319,15103,12090,12815,1,150,12866,1,33:16
2024-25,1627826,Ivica Zubac,Ivica,1610612746,LAC,LA Clippers,0022400715,2025-02-04T00:00:00,LAC vs. LAL,L,27.923333333333332,2.6,9.0,0.286,0.0,0.0,0.0,5.2,5.2,1.0,5.2,7.7,12.9,3.9,2.6,1.3,0.0,0.0,3.9,3.9,10.3,-11.6,32.9,0,0,29.7,1,13222,1,13222,9611,20313,18680,19630,15070,20945,15070,3814,5668,1,2239,5109,2879,10315,7955,9524,8263,8846,7558,6658,17847,18574,12673,2246,150,14202,1,27:55
2024-25,1629651,Nic Claxton,Nic,1610612751,BKN,Brooklyn Nets,0022400711,2025-02-04T00:00:00,BKN vs. HOU,W,27.783333333333335,9.1,13.0,0.7,0.0,0.0,0.0,0.0,1.3,0.0,0.0,5.2,5.2,2.6,2.6,0.0,2.6,0.0,3.9,3.9,18.1,7.8,33.4,0,0,31.1,1,1,13086,1,9729,4575,11930,3045,15070,20945,15070,13505,13734,13505,14058,10326,14311,14238,7911,12854,2228,8846,7489,6609,9690,8740,12235,2246,150,13077,1,27:47
2024-25,1628969,Mikal Bridges,Mikal,1610612752,NYK,New York Knicks,0022400713,2025-02-04T00:00:00,NYK @ TOR,W,41.195,6.1,11.4,0.538,0.9,3.5,0.25,1.7,1.7,1.0,0.0,1.7,1.7,1.7,3.5,1.7,0.0,0.0,1.7,1.7,14.9,12.2,21.3,0,0,22.7,1,1,13086,1,340,11179,14738,7978,15009,16661,11902,11332,13253,1,14058,20357,22232,17237,5018,7452,8263,8846,16379,14123,13058,6699,20519,2246,150,19198,1,41:12
2024-25,1641708,Amen Thompson,Amen,1610612745,HOU,Houston Rockets,0022400711,2025-02-04T00:00:00,HOU @ BKN,L,39.946666666666665,2.7,5.4,0.5,0.0,0.0,0.0,0.9,1.8,0.5,2.7,2.7,5.4,7.2,6.3,3.6,1.8,0.9,2.7,0.9,6.3,9.0,33.5,0,0,29.7,1,13222,1,13222,576,20083,23172,8526,15070,20945,15070,13452,13190,10625,6093,17689,13797,3745,1221,2088,4057,8655,12027,17662,21180,8174,12177,2246,150,14142,1,39:57
2024-25,1629020,Jarred Vanderbilt,Jarred,1610612747,LAL,Los Angeles Lakers,0022400715,2025-02-04T00:00:00,LAL @ LAC,W,18.15,4.0,6.0,0.667,2.0,2.0,1.0,2.0,4.0,0.5,2.0,9.9,11.9,0.0,0.0,2.0,0.0,0.0,0.0,6.0,11.9,41.7,32.1,0,0,29.8,1,1,13086,1,17469,17171,22655,3281,10239,19587,1,10705,7904,10625,8460,2645,3582,19908,16469,6325,8263,8846,20257,2684,16240,866,13231,2246,150,14132,1,18:09
2024-25,1628971,Bruce Brown,Bruce,1610612761,TOR,Toronto Raptors,0022400713,2025-02-04T00:00:00,TOR vs. NYK,L,16.266666666666666,6.6,13.3,0.5,2.2,4.4,0.5,4.4,4.4,1.0,0.0,6.6,6.6,2.2,2.2,0.0,0.0,2.2,2.2,2.2,19.9,17.7,29.0,0,0,31.0,1,13222,1,13222,18746,9848,11341,8526,9190,14626,3944,4946,6981,1,14058,7019,10869,15584,9460,12854,8263,2615,14042,12104,7983,4658,15492,2246,150,13180,1,16:16
2024-25,1629622,Max Strus,Max,1610612739,CLE,Cleveland Cavaliers,0022400710,2025-02-04T00:00:00,CLE vs. BOS,L,28.746666666666666,1.3,5.0,0.25,0.0,2.5,0.0,0.0,0.0,0.0,0.0,7.5,7.5,1.3,1.3,1.3,0.0,0.0,7.5,0.0,2.5,6.3,15.9,0,0,13.8,1,13222,1,13222,8886,22448,23459,20233,15070,18617,15070,13505,14344,13505,14058,5472,9144,18837,14084,9789,8263,8846,1639,17725,23076,9490,22893,2246,150,23482,1,28:45
2024-25,201935,James Harden,James,1610612746,LAC,LA Clippers,0022400715,2025-02-04T00:00:00,LAC vs. LAL,L,29.75,2.4,14.5,0.167,0.0,6.1,0.0,3.6,3.6,1.0,1.2,2.4,3.6,10.9,1.2,2.4,0.0,2.4,3.6,2.4,8.5,-19.4,35.2,0,0,27.8,1,13222,1,13222,8001,20615,9327,21938,15070,10563,15070,6431,8631,1,11723,18426,18254,1035,14368,4631,8263,2179,8328,11265,19537,21363,10921,2246,150,15553,1,29:45
2024-25,202692,Alec Burks,Alec,1610612748,MIA,Miami Heat,0022400714,2025-02-04T00:00:00,MIA @ CHI,L,18.266666666666666,5.9,15.8,0.375,5.9,13.8,0.429,0.0,0.0,0.0,2.0,5.9,7.9,3.9,0.0,3.9,2.0,0.0,3.9,0.0,17.7,-3.9,50.8,0,0,47.3,1,13222,1,13222,17395,11770,7448,16299,1368,995,7394,13505,14344,13505,8522,8520,8489,10100,16469,1690,3561,8846,7305,17725,10100,15036,3029,2246,150,3373,1,18:16
2024-25,1630230,Naji Marshall,Naji,1610612742,DAL,Dallas Mavericks,0022400712,2025-02-04T00:00:00,DAL @ PHI,L,25.55,8.5,18.3,0.462,0.0,4.2,0.0,9.9,12.7,0.778,1.4,4.2,5.6,7.0,0.0,4.2,0.0,1.4,1.4,7.0,26.8,-11.3,56.8,0,0,47.9,1,13222,1,13222,11534,5702,4358,12428,15070,15058,15070,738,634,8092,10704,13036,13192,3962,16469,1436,8263,5145,17587,1629,3314,18428,1676,2246,150,3179,1,25:33
2024-25,1630202,Payton Pritchard,Payton,1610612738,BOS,Boston Celtics,0022400710,2025-02-04T00:00:00,BOS @ CLE,W,28.816666666666666,3.7,8.7,0.429,3.7,8.7,0.429,0.0,0.0,0.0,3.7,3.7,7.5,3.7,2.5,1.2,0.0,0.0,2.5,1.2,11.2,23.7,27.1,0,0,28.7,1,1,13086,1,8827,17715,19106,13735,4583,5187,7394,13505,14344,13505,3969,14475,9180,10654,8248,9805,8263,8846,12801,16134,16959,3083,16869,2246,150,14904,1,28:49
2024-25,202691,Klay Thompson,Klay,1610612742,DAL,Dallas Mavericks,0022400712,2025-02-04T00:00:00,DAL @ PHI,L,29.908333333333335,4.8,13.2,0.364,3.6,9.6,0.375,1.2,1.2,1.0,2.4,3.6,6.0,1.2,2.4,0.0,0.0,0.0,2.4,1.2,14.4,20.5,21.1,0,0,25.3,1,13222,1,13222,7867,14902,11412,16861,4900,3940,8800,12577,13878,1,6898,14893,12232,19007,8628,12854,8263,8846,13167,16382,13461,3825,20647,2246,150,17453,1,29:55
2024-25,1631108,Max Christie,Max,1610612742,DAL,Dallas Mavericks,0022400712,2025-02-04T00:00:00,DAL @ PHI,L,31.833333333333332,5.7,9.0,0.625,4.5,4.5,1.0,1.1,2.3,0.5,2.3,7.9,10.2,3.4,2.3,1.1,0.0,0.0,2.3,1.1,17.0,1.1,35.4,0,0,37.3,1,13222,1,13222,6121,12542,18645,4899,3027,14373,1,12812,11893,10625,7374,4833,5252,11701,9254,10758,8263,8846,13810,16760,10882,12062,10806,2246,150,8492,1,31:50
2024-25,1629060,Rui Hachimura,Rui,1610612747,LAL,Los Angeles Lakers,0022400715,2025-02-04T00:00:00,LAL @ LAC,W,33.93333333333333,7.4,14.9,0.5,4.2,8.5,0.5,2.1,2.1,1.0,2.1,4.2,6.4,2.1,0.0,0.0,0.0,0.0,3.2,1.1,21.2,15.9,32.0,0,0,33.9,1,1,13086,1,4325,7943,8816,8526,3492,5605,3944,10225,12347,1,7878,12988,11474,15922,16469,12854,8263,8846,9935,17113,6910,5281,13292,2246,150,10895,1,33:56
2024-25,1627739,Kris Dunn,Kris,1610612746,LAC,LA Clippers,0022400715,2025-02-04T00:00:00,LAC vs. LAL,L,18.128333333333334,2.0,9.9,0.2,0.0,7.9,0.0,0.0,0.0,0.0,4.0,6.0,9.9,7.9,0.0,6.0,0.0,0.0,7.9,2.0,4.0,-17.9,45.7,0,0,33.8,1,13222,1,13222,17489,21436,17193,21401,15070,6544,15070,13505,14344,13505,3634,8430,5516,2948,16469,486,8263,8846,1386,13143,22566,20894,4866,2246,150,11027,1,18:08
2024-25,1642348,Justin Edwards,Justin,1610612755,PHI,Philadelphia 76ers,0022400712,2025-02-04T00:00:00,PHI vs. DAL,W,37.79833333333333,5.7,12.4,0.462,3.8,8.6,0.444,0.0,0.0,0.0,0.0,1.9,1.9,1.9,1.0,0.0,1.0,0.0,4.8,1.0,15.2,21.9,22.3,0,0,24.8,1,1,13086,1,1517,12370,12926,12428,4408,5455,7211,13505,14344,13505,14058,19956,21993,16733,16131,12854,7804,8846,5152,17538,12668,3480,19989,2246,150,17845,1,37:48
2024-25,1630245,Ayo Dosunmu,Ayo,1610612741,CHI,Chicago Bulls,0022400714,2025-02-04T00:00:00,CHI vs. MIA,W,28.795,10.0,13.8,0.727,2.5,2.5,1.0,3.8,3.8,1.0,0.0,2.5,2.5,11.3,1.3,1.3,1.3,0.0,5.0,3.8,26.3,3.8,52.4,0,0,47.5,1,1,13086,1,8848,3219,10568,2666,8147,18619,1,6184,8372,1,14058,18185,20814,916,14097,9800,5897,8846,4602,6986,3555,10777,2623,2246,150,3300,1,28:48
2024-25,1628389,Bam Adebayo,Bam,1610612748,MIA,Miami Heat,0022400714,2025-02-04T00:00:00,MIA @ CHI,L,35.38333333333333,10.2,17.3,0.588,1.0,4.1,0.25,2.0,5.1,0.4,2.0,6.1,8.1,4.1,3.1,0.0,0.0,0.0,1.0,6.1,23.4,-9.2,36.2,0,0,36.6,1,13222,1,13222,3158,3041,5457,6229,14441,15429,11902,10511,5779,13061,8228,8091,8026,9746,6278,12854,8263,8846,19594,2497,5202,17507,10222,2246,150,8961,1,35:23
2024-25,1630574,Ariel Hukporti,Ariel,1610612752,NYK,New York Knicks,0022400713,2025-02-04T00:00:00,NYK @ TOR,W,18.941666666666666,5.7,5.7,1.0,0.0,0.0,0.0,0.0,1.9,0.0,1.9,7.6,9.5,3.8,0.0,0.0,0.0,0.0,0.0,1.9,11.4,15.2,28.5,0,0,24.7,1,1,13086,1,16880,12418,22901,1,15070,20945,15070,13505,12973,13505,8812,5325,6061,10494,16469,12854,8263,8846,20257,13507,16788,5542,15871,2246,150,17883,1,18:57
2024-25,1641787,Tosan Evbuomwan,Tosan,1610612751,BKN,Brooklyn Nets,0022400711,2025-02-04T00:00:00,BKN vs. HOU,W,27.666666666666668,9.1,14.3,0.636,0.0,1.3,0.0,0.0,0.0,0.0,1.3,3.9,5.2,5.2,2.6,2.6,0.0,1.3,5.2,1.3,18.2,9.1,37.5,0,0,33.8,1,1,13086,1,9822,4516,9664,4689,15070,20490,15070,13505,14344,13505,11193,14014,14265,7021,7871,4136,8263,5646,4180,15901,9610,8127,9360,2246,150,10982,1,27:40
2024-25,1631213,Tyrese Martin,Tyrese,1610612751,BKN,Brooklyn Nets,0022400711,2025-02-04T00:00:00,BKN vs. HOU,W,20.313333333333333,5.3,10.6,0.5,3.5,8.9,0.4,3.5,3.5,1.0,0.0,10.6,10.6,1.8,1.8,0.0,0.0,0.0,1.8,1.8,17.7,17.7,31.4,0,0,33.7,1,1,13086,1,15783,13497,15995,8526,5046,5008,7874,6611,8797,1,14058,2128,4781,17163,11659,12854,8263,8846,16296,14032,10111,4654,13770,2246,150,11098,1,20:19
2024-25,1629637,Jaxson Hayes,Jaxson,1610612747,LAL,Los Angeles Lakers,0022400715,2025-02-04T00:00:00,LAL @ LAC,W,23.8,4.5,9.1,0.5,0.0,0.0,0.0,0.0,1.5,0.0,3.0,6.1,9.1,6.1,1.5,1.5,3.0,1.5,3.0,1.5,9.1,21.2,41.1,0,0,33.3,1,1,13086,1,13075,15658,18597,8526,15070,20945,15070,13505,13473,13505,5276,8223,6620,5395,12688,8355,1662,4725,10598,14954,19000,3654,7087,2246,150,11428,1,23:48
2024-25,1630581,Josh Giddey,Josh,1610612741,CHI,Chicago Bulls,0022400714,2025-02-04T00:00:00,CHI vs. MIA,W,29.788333333333334,9.7,16.9,0.571,2.4,6.0,0.4,7.3,9.7,0.75,1.2,4.8,6.0,8.5,2.4,1.2,0.0,1.2,2.4,4.8,29.0,8.5,50.2,0,0,48.3,1,1,13086,1,7975,3639,5889,6538,8430,10595,7874,1829,1518,8186,11740,11323,12184,2459,8585,10109,8263,6199,13122,4426,2425,8413,3227,2246,150,3033,1,29:47
2024-25,1630224,Jalen Green,Jalen,1610612745,HOU,Houston Rockets,0022400711,2025-02-04T00:00:00,HOU @ BKN,L,32.968333333333334,5.5,15.3,0.357,3.3,9.8,0.333,0.0,1.1,0.0,1.1,2.2,3.3,5.5,3.3,0.0,1.1,1.1,0.0,2.2,14.2,-1.1,26.3,0,0,28.4,1,13222,1,13222,5176,13106,8129,17140,5739,3695,9209,13505,14051,13505,12537,19122,19051,6514,5578,12854,6851,7125,20257,12235,13733,13608,17408,2246,150,15154,1,32:58
2024-25,1629645,Kevin Porter Jr.,Kevin,1610612746,LAC,LA Clippers,0022400715,2025-02-04T00:00:00,LAC vs. LAL,L,12.893333333333333,8.4,19.5,0.429,2.8,5.6,0.5,0.0,0.0,0.0,2.8,5.6,8.4,5.6,2.8,0.0,0.0,0.0,2.8,2.8,19.5,-47.5,35.2,0,0,36.3,1,13222,1,13222,20801,5845,3314,13735,7242,11762,3944,13505,14344,13505,5882,9335,7654,6284,7248,12854,8263,8846,11676,9990,8323,25288,10948,2246,150,9162,1,12:54
2024-25,1641737,Adem Bona,Adem,1610612755,PHI,Philadelphia 76ers,0022400712,2025-02-04T00:00:00,PHI vs. DAL,W,7.67,4.7,4.7,1.0,0.0,0.0,0.0,0.0,0.0,0.0,0.0,4.7,4.7,4.7,0.0,0.0,4.7,0.0,14.1,0.0,9.4,4.7,36.1,0,0,28.2,1,1,13086,1,22932,15257,23688,1,15070,20945,15070,13505,14344,13505,14058,11726,15586,8200,16469,12854,614,8846,279,17725,18741,10286,10274,2246,150,15321,1,7:40
2024-25,1630559,Austin Reaves,Austin,1610612747,LAL,Los Angeles Lakers,0022400715,2025-02-04T00:00:00,LAL @ LAC,W,29.816666666666666,8.5,15.7,0.538,3.6,8.5,0.429,3.6,3.6,1.0,2.4,4.8,7.2,10.9,3.6,0.0,1.2,0.0,0.0,2.4,24.1,10.9,49.1,0,0,48.3,1,1,13086,1,7950,5708,7550,7978,4867,5666,7394,6445,8640,1,6876,11338,9665,1046,4729,12854,6122,8846,20257,11287,4706,7291,3564,2246,150,3048,1,29:49
2024-25,1626156,D'Angelo Russell,D'Angelo,1610612751,BKN,Brooklyn Nets,0022400711,2025-02-04T00:00:00,BKN vs. HOU,W,26.17,4.1,20.6,0.2,2.8,9.6,0.286,2.8,4.1,0.667,1.4,4.1,5.5,6.9,1.4,2.8,1.4,1.4,2.8,2.8,13.8,-9.6,41.7,0,0,37.1,1,1,13086,1,11031,16780,2553,21401,7378,3941,11433,8454,7575,9425,10854,13336,13532,4171,13428,3804,5331,5278,11838,10145,14221,17733,6780,2246,150,8622,1,26:10
2024-25,1629057,Robert Williams III,Robert,1610612757,POR,Portland Trail Blazers,0022400716,2025-02-04T00:00:00,POR vs. IND,W,24.0,3.0,7.5,0.4,0.0,0.0,0.0,0.0,0.0,0.0,4.5,12.0,16.5,4.5,3.0,0.0,3.0,0.0,4.5,0.0,6.0,28.5,38.6,0,0,33.0,1,1,13086,1,12899,19415,20924,14933,15070,20945,15070,13505,14344,13505,2922,1347,1268,8651,6468,12854,1691,8846,5775,17725,21387,2184,8672,2246,150,11653,1,24:00
2024-25,1641711,Gradey Dick,Gradey,1610612761,TOR,Toronto Raptors,0022400713,2025-02-04T00:00:00,TOR vs. NYK,L,30.833333333333332,4.7,9.3,0.5,2.3,4.7,0.5,4.7,4.7,1.0,2.3,1.2,3.5,1.2,2.3,1.2,1.2,0.0,1.2,2.3,16.3,-2.3,27.0,0,0,28.0,1,13222,1,13222,7013,15315,18213,8526,8721,14036,3944,4557,6540,1,7133,21596,18545,19124,8922,10449,6379,8846,18728,11606,11558,14226,16972,2246,150,15409,1,30:50
2024-25,1642261,Dalton Knecht,Dalton,1610612747,LAL,Los Angeles Lakers,0022400715,2025-02-04T00:00:00,LAL @ LAC,W,20.766666666666666,10.4,15.6,0.667,3.5,6.9,0.5,0.0,0.0,0.0,0.0,6.9,6.9,1.7,0.0,0.0,0.0,0.0,0.0,0.0,24.3,26.0,35.2,0,0,36.4,1,1,13086,1,15447,2821,7691,3281,5222,8604,3944,13505,14344,13505,14058,6479,10270,17272,16469,12854,8263,8846,20257,17725,4628,2616,10936,2246,150,9096,1,20:46
2024-25,203915,Spencer Dinwiddie,Spencer,1610612742,DAL,Dallas Mavericks,0022400712,2025-02-04T00:00:00,DAL @ PHI,L,21.62,3.3,10.0,0.333,3.3,8.3,0.4,1.7,3.3,0.5,1.7,0.0,1.7,11.7,1.7,0.0,0.0,0.0,0.0,3.3,11.7,-25.0,29.5,0,0,28.3,1,13222,1,13222,14832,18682,17069,17395,5575,5870,7874,11477,9240,10625,9702,22137,22347,799,12067,12854,8263,8846,20257,8158,16513,22803,15169,2246,150,15205,1,21:37
2024-25,1628418,Thomas Bryant,Thomas,1610612754,IND,Indiana Pacers,0022400716,2025-02-04T00:00:00,IND @ POR,L,14.648333333333333,2.5,12.3,0.2,0.0,4.9,0.0,7.4,9.8,0.75,4.9,2.5,7.4,4.9,0.0,4.9,0.0,2.5,0.0,9.8,12.3,-12.3,43.3,0,0,34.4,1,13222,1,13222,19800,20543,13104,21401,15070,13399,15070,1751,1441,8186,2450,18309,9421,7657,16469,949,8263,2111,20257,447,15841,18852,6011,2246,150,10521,1,14:39
2024-25,1641736,Reece Beekman,Reece,1610612751,BKN,Brooklyn Nets,0022400711,2025-02-04T00:00:00,BKN vs. HOU,W,21.633333333333333,1.7,6.7,0.25,0.0,1.7,0.0,0.0,0.0,0.0,0.0,3.3,3.3,6.7,1.7,3.3,0.0,0.0,1.7,1.7,3.3,18.3,25.6,0,0,20.0,1,1,13086,1,14814,21942,21944,20233,15070,20088,15070,13505,14344,13505,14058,15699,18919,4491,12069,2505,8263,8846,16644,14395,22836,4460,17863,2246,150,20880,1,21:38
2024-25,1629216,Gabe Vincent,Gabe,1610612747,LAL,Los Angeles Lakers,0022400715,2025-02-04T00:00:00,LAL @ LAC,W,22.033333333333335,6.5,16.3,0.4,6.5,13.1,0.5,0.0,0.0,0.0,0.0,4.9,4.9,3.3,0.0,0.0,0.0,3.3,0.0,0.0,19.6,16.3,30.4,0,0,34.3,1,1,13086,1,14474,10098,6627,14933,985,1264,3944,13505,14344,13505,14058,11154,15055,12085,16469,12854,8263,1087,20257,17725,8251,5130,14506,2246,150,10598,1,22:02
2024-25,1642422,Armel Traoré,Armel,1610612747,LAL,Los Angeles Lakers,0022400715,2025-02-04T00:00:00,LAL @ LAC,W,5.366666666666666,6.7,6.7,1.0,0.0,0.0,0.0,0.0,0.0,0.0,6.7,0.0,6.7,0.0,6.7,0.0,0.0,0.0,0.0,0.0,13.4,-6.7,14.8,0,0,20.1,1,1,13086,1,23832,9660,21882,1,15070,20945,15070,13505,14344,13505,1273,22137,10711,19908,1017,12854,8263,8846,20257,17725,14594,16383,23257,2246,150,20780,1,5:22
2024-25,1630288,Jeff Dowtin Jr.,Jeff,1610612755,PHI,Philadelphia 76ers,0022400712,2025-02-04T00:00:00,PHI vs. DAL,W,7.611666666666666,0.0,4.7,0.0,0.0,4.7,0.0,0.0,0.0,0.0,0.0,0.0,0.0,0.0,0.0,0.0,0.0,0.0,0.0,0.0,0.0,-80.4,0.0,0,0,0.0,1,1,13086,1,22950,22635,23657,22635,15070,13893,15070,13505,14344,13505,14058,22137,23286,19908,16469,12854,8263,8846,20257,17725,23200,26009,25228,2246,150,25259,1,7:37
2024-25,201949,James Johnson,James,1610612754,IND,Indiana Pacers,0022400716,2025-02-04T00:00:00,IND @ POR,L,3.6,0.0,10.0,0.0,0.0,10.0,0.0,0.0,0.0,0.0,0.0,10.0,10.0,10.0,0.0,0.0,0.0,0.0,0.0,0.0,0.0,-30.0,27.0,0,0,20.0,1,13222,1,13222,24663,22635,17047,22635,15070,3475,15070,13505,14344,13505,14058,2587,5429,1434,16469,12854,8263,8846,20257,17725,23200,23732,16937,2246,150,20849,1,3:36
2024-25,1630573,Sam Hauser,Sam,1610612738,BOS,Boston Celtics,0022400710,2025-02-04T00:00:00,BOS @ CLE,W,12.883333333333333,2.8,5.6,0.5,2.8,2.8,1.0,0.0,0.0,0.0,2.8,5.6,8.4,0.0,0.0,0.0,0.0,0.0,5.6,0.0,8.4,50.3,18.4,0,0,19.6,1,1,13086,1,20803,19888,23005,8526,7227,18067,1,13505,14344,13505,5874,9329,7647,19908,16469,12854,8263,8846,3567,17725,19603,543,21917,2246,150,21119,1,12:53
2024-25,1642402,Enrique Freeman,Enrique,1610612754,IND,Indiana Pacers,0022400716,2025-02-04T00:00:00,IND @ POR,L,3.6,0.0,0.0,0.0,0.0,0.0,0.0,0.0,0.0,0.0,10.0,0.0,10.0,10.0,0.0,0.0,0.0,0.0,10.0,0.0,0.0,-30.0,27.0,0,0,20.0,1,13222,1,13222,24663,22635,24836,22635,15070,20945,15070,13505,14344,13505,404,22137,5429,1434,16469,12854,8263,8846,701,17725,23200,23732,16937,2246,150,20849,1,3:36
2024-25,1628436,Luke Kornet,Luke,1610612738,BOS,Boston Celtics,0022400710,2025-02-04T00:00:00,BOS @ CLE,W,12.466666666666667,5.8,5.8,1.0,0.0,0.0,0.0,0.0,0.0,0.0,8.7,0.0,8.7,8.7,0.0,2.9,0.0,0.0,5.8,0.0,11.6,28.9,43.6,0,0,34.7,1,1,13086,1,21015,12181,22835,1,15070,20945,15070,13505,14344,13505,625,22137,7208,2297,16469,3440,8263,8846,3262,17725,16613,2122,5851,2246,150,10332,1,12:28
2024-25,1630579,Jericho Sims,Jericho,1610612752,NYK,New York Knicks,0022400713,2025-02-04T00:00:00,NYK @ TOR,W,0.18166666666666667,0.0,0.0,0.0,0.0,0.0,0.0,0.0,0.0,0.0,0.0,0.0,0.0,0.0,0.0,0.0,0.0,0.0,0.0,0.0,0.0,0.0,0.0,0,0,0.0,1,1,13086,1,26269,22635,24836,22635,15070,20945,15070,13505,14344,13505,14058,22137,23286,19908,16469,12854,8263,8846,20257,17725,23200,12240,25228,2246,150,25259,1,0:11
2024-25,1642277,Johnny Furphy,Johnny,1610612754,IND,Indiana Pacers,0022400716,2025-02-04T00:00:00,IND @ POR,L,3.6,0.0,0.0,0.0,0.0,0.0,0.0,0.0,0.0,0.0,0.0,0.0,0.0,0.0,0.0,0.0,0.0,0.0,10.0,10.0,0.0,-30.0,0.0,0,0,0.0,1,13222,1,13222,24663,22635,24836,22635,15070,20945,15070,13505,14344,13505,14058,22137,23286,19908,16469,12854,8263,8846,701,420,23200,23732,25228,2246,150,25259,1,3:36
2024-25,1627747,Caris LeVert,Caris,1610612739,CLE,Cleveland Cavaliers,0022400710,2025-02-04T00:00:00,CLE vs. BOS,L,16.6,0.0,10.8,0.0,0.0,6.5,0.0,0.0,0.0,0.0,4.3,2.2,6.5,6.5,4.3,0.0,0.0,0.0,0.0,2.2,0.0,-49.9,13.2,0,0,13.0,1,13222,1,13222,18528,22635,15623,22635,15070,9539,15070,13505,14344,13505,3120,19162,11168,4707,3242,12854,8263,8846,20257,12298,23200,25394,23712,2246,150,23715,1,16:36
2024-25,1627777,Georges Niang,Georges,1610612739,CLE,Cleveland Cavaliers,0022400710,2025-02-04T00:00:00,CLE vs. BOS,L,25.136666666666667,1.4,4.3,0.333,1.4,4.3,0.333,4.3,5.7,0.75,0.0,2.9,2.9,0.0,0.0,0.0,0.0,0.0,7.2,4.3,8.6,-18.6,12.0,0,0,12.9,1,13222,1,13222,11882,22257,23928,17395,12330,14921,9209,5160,4857,8186,14058,17202,20089,19908,16469,12854,8263,8846,1849,5595,19437,21103,23999,2246,150,23746,1,25:08
2024-25,1626162,Kelly Oubre Jr.,Kelly,1610612755,PHI,Philadelphia 76ers,0022400712,2025-02-04T00:00:00,PHI vs. DAL,W,40.735,3.5,8.0,0.444,0.9,2.7,0.333,0.0,0.0,0.0,0.9,4.4,5.3,2.7,0.9,0.9,0.9,1.8,2.7,0.9,8.0,0.0,22.7,0,0,20.3,1,1,13086,1,409,18246,20339,13045,14991,18347,9209,13505,14344,13505,13947,12485,14037,14041,16376,12723,8133,3986,12238,17683,19960,12240,19741,2246,150,20675,1,40:44
2024-25,1628401,Derrick White,Derrick,1610612738,BOS,Boston Celtics,0022400710,2025-02-04T00:00:00,BOS @ CLE,W,35.11666666666667,7.2,14.4,0.5,6.2,12.3,0.5,0.0,2.1,0.0,2.1,3.1,5.1,2.1,0.0,2.1,1.0,0.0,0.0,3.1,20.5,-11.3,39.0,0,0,40.0,1,1,13086,1,3373,8517,9607,8526,1196,1623,3944,13505,12574,13505,8165,16476,14448,16187,16469,6011,7313,8846,20257,8972,7493,18431,8441,2246,150,6796,1,35:07
2024-25,1631115,Orlando Robinson,Orlando,1610612761,TOR,Toronto Raptors,0022400713,2025-02-04T00:00:00,TOR vs. NYK,L,6.216666666666667,5.8,11.6,0.5,0.0,5.8,0.0,11.6,11.6,1.0,0.0,17.4,17.4,0.0,5.8,0.0,0.0,0.0,5.8,5.8,23.2,23.2,38.2,0,0,40.5,1,13222,1,13222,23504,12132,14340,8526,15070,11223,15070,389,873,1,14058,307,1039,19908,1565,12854,8263,8846,3234,2908,5375,3227,8879,2246,150,6480,1,6:13
2024-25,1629611,Terance Mann,Terance,1610612746,LAC,LA Clippers,0022400715,2025-02-04T00:00:00,LAC vs. LAL,L,12.438333333333333,0.0,11.6,0.0,0.0,5.8,0.0,0.0,0.0,0.0,0.0,2.9,2.9,2.9,0.0,2.9,0.0,0.0,0.0,0.0,0.0,-26.0,16.5,0,0,11.6,1,13222,1,13222,21029,22635,14351,22635,15070,11229,15070,13505,14344,13505,14058,17104,20009,13297,16469,3425,8263,8846,20257,17725,23200,23042,22670,2246,150,24092,1,12:26
2024-25,1641767,Ben Sheppard,Ben,1610612754,IND,Indiana Pacers,0022400716,2025-02-04T00:00:00,IND @ POR,L,20.783333333333335,6.9,17.3,0.4,1.7,10.4,0.167,0.0,0.0,0.0,5.2,1.7,6.9,3.5,0.0,1.7,1.7,0.0,1.7,0.0,15.6,1.7,39.5,0,0,34.6,1,13222,1,13222,15435,9099,5431,14933,11303,3068,14236,13505,14344,13505,2199,20401,10278,11508,16469,7507,4219,8846,16427,17725,12337,11779,8081,2246,150,10335,1,20:47
2024-25,203482,Kelly Olynyk,Kelly,1610612761,TOR,Toronto Raptors,0022400713,2025-02-04T00:00:00,TOR vs. NYK,L,21.546666666666667,8.4,11.7,0.714,1.7,5.0,0.333,0.0,0.0,0.0,5.0,10.0,15.0,5.0,3.3,0.0,0.0,0.0,8.4,0.0,18.4,-3.3,40.6,0,0,40.1,1,13222,1,13222,14907,5879,14128,2752,11479,13180,9209,13505,14344,13505,2370,2563,1756,7440,5383,12854,8263,8846,1201,17725,9439,14732,7396,2246,150,6729,1,21:33
2024-25,1631170,Jaime Jaquez Jr.,Jaime,1610612748,MIA,Miami Heat,0022400714,2025-02-04T00:00:00,MIA @ CHI,L,22.326666666666668,6.4,12.9,0.5,0.0,0.0,0.0,9.7,9.7,1.0,3.2,3.2,6.4,8.1,1.6,0.0,1.6,0.0,3.2,6.4,22.6,-9.7,45.6,0,0,40.3,1,13222,1,13222,14256,10314,12040,8526,15070,20945,15070,787,1515,1,4894,16007,11278,2825,12288,12854,4521,8846,9758,2126,5808,17748,4884,2246,150,6596,1,22:20
2024-25,1629014,Anfernee Simons,Anfernee,1610612757,POR,Portland Trail Blazers,0022400716,2025-02-04T00:00:00,POR vs. IND,W,32.166666666666664,9.0,17.9,0.5,4.5,10.1,0.444,2.2,2.2,1.0,1.1,2.2,3.4,7.8,2.2,0.0,0.0,0.0,1.1,1.1,24.6,7.8,38.2,0,0,40.3,1,1,13086,1,5835,4799,4802,8526,3100,3415,7211,9815,11974,1,12334,18955,18855,3058,9353,12854,8263,8846,18992,16827,4414,8718,8914,2246,150,6619,1,32:10
2024-25,1630556,Kessler Edwards,Kessler,1610612742,DAL,Dallas Mavericks,0022400712,2025-02-04T00:00:00,DAL @ PHI,L,22.945,0.0,4.7,0.0,0.0,3.1,0.0,0.0,0.0,0.0,0.0,6.3,6.3,0.0,1.6,1.6,1.6,0.0,4.7,0.0,0.0,-6.3,15.4,0,0,12.6,1,13222,1,13222,13769,22635,23672,22635,15070,17389,15070,13505,14344,13505,14058,7743,11662,19908,12465,8111,4647,8846,5261,17725,23200,16195,23065,2246,150,23857,1,22:57
2024-25,1630169,Tyrese Haliburton,Tyrese,1610612754,IND,Indiana Pacers,0022400716,2025-02-04T00:00:00,IND @ POR,L,24.733333333333334,0.0,4.4,0.0,0.0,1.5,0.0,0.0,0.0,0.0,0.0,2.9,2.9,8.7,2.9,1.5,2.9,0.0,4.4,0.0,0.0,-33.5,26.8,0,0,20.4,1,13222,1,13222,12237,22635,23879,22635,15070,20315,15070,13505,14344,13505,14058,17040,19961,2241,6792,8607,1806,8846,6111,17725,23200,24227,17098,2246,150,20639,1,24:44
2024-25,202704,Reggie Jackson,Reggie,1610612755,PHI,Philadelphia 76ers,0022400712,2025-02-04T00:00:00,PHI vs. DAL,W,14.843333333333334,2.4,7.3,0.333,0.0,2.4,0.0,0.0,0.0,0.0,0.0,0.0,0.0,2.4,0.0,2.4,0.0,0.0,0.0,0.0,4.9,-21.8,15.8,0,0,12.1,1,1,13086,1,19678,20601,21241,17395,15070,18759,15070,13505,14344,13505,14058,22137,23286,14795,16469,4612,8263,8846,20257,17725,22091,22031,22936,2246,150,23948,1,14:51
2024-25,1630533,Ziaire Williams,Ziaire,1610612751,BKN,Brooklyn Nets,0022400711,2025-02-04T00:00:00,BKN vs. HOU,W,29.85,2.4,6.0,0.4,2.4,4.8,0.5,2.4,2.4,1.0,1.2,7.2,8.4,1.2,2.4,0.0,2.4,0.0,2.4,2.4,9.6,-9.6,26.4,0,0,26.5,1,1,13086,1,7920,20639,22567,14933,8443,13636,3944,9300,11448,1,11755,5936,7563,18996,8604,12854,2529,8846,13140,11301,18494,17738,17340,2246,150,16514,1,29:51
2024-25,1628369,Jayson Tatum,Jayson,1610612738,BOS,Boston Celtics,0022400710,2025-02-04T00:00:00,BOS @ CLE,W,34.96666666666667,7.2,23.7,0.304,3.1,11.3,0.273,5.1,6.2,0.833,0.0,4.1,4.1,7.2,1.0,2.1,2.1,0.0,0.0,4.1,22.7,1.0,49.7,0,0,45.3,1,1,13086,1,3489,8439,1158,19355,6241,2238,11838,3823,4258,7275,14058,13360,17025,3752,15637,5965,3322,8846,20257,6008,5737,12135,3345,2246,150,4105,1,34:58
2024-25,1630173,Precious Achiuwa,Precious,1610612752,NYK,New York Knicks,0022400713,2025-02-04T00:00:00,NYK @ TOR,W,36.33,6.9,10.9,0.636,1.0,3.0,0.333,2.0,2.0,1.0,5.9,2.0,7.9,2.0,3.0,3.0,2.0,0.0,5.9,1.0,16.8,-13.9,41.2,0,0,37.7,1,1,13086,1,2456,9078,15532,4689,14597,17717,9209,10711,12776,1,1650,19722,8408,16442,6585,3216,3535,8846,3022,17425,11011,19451,7039,2246,150,8247,1,36:20
2024-25,1642367,Jonathan Mogbo,Jonathan,1610612761,TOR,Toronto Raptors,0022400713,2025-02-04T00:00:00,TOR vs. NYK,L,23.1,3.1,4.7,0.667,0.0,0.0,0.0,0.0,1.6,0.0,1.6,3.1,4.7,1.6,0.0,0.0,1.6,1.6,3.1,3.1,6.2,0.0,18.9,0,0,15.6,1,13222,1,13222,13631,19156,23701,3281,15070,20945,15070,13505,13434,13505,10086,16369,15624,17773,16469,12854,4679,4559,10211,8827,21226,12240,21724,2246,150,22851,1,23:06
2024-25,1626166,Cameron Payne,Cameron,1610612752,NYK,New York Knicks,0022400713,2025-02-04T00:00:00,NYK @ TOR,W,13.416666666666666,2.7,13.4,0.2,2.7,8.0,0.333,10.7,13.4,0.8,0.0,0.0,0.0,16.1,2.7,0.0,0.0,2.7,5.4,5.4,18.8,13.4,40.2,0,0,37.6,1,1,13086,1,20527,20122,11123,21401,7584,6367,9209,528,540,7681,14058,22137,23286,209,7581,12854,8263,1766,3899,3525,9044,6225,7598,2246,150,8313,1,13:25
2024-25,1630283,Kylor Kelley,Kylor,1610612742,DAL,Dallas Mavericks,0022400712,2025-02-04T00:00:00,DAL @ PHI,L,4.52,0.0,0.0,0.0,0.0,0.0,0.0,8.0,15.9,0.5,8.0,0.0,8.0,0.0,0.0,0.0,0.0,0.0,0.0,8.0,8.0,-31.9,17.5,0,0,15.9,1,13222,1,13222,24225,22635,24836,22635,15070,20945,15070,1428,286,10625,795,22137,8334,19908,16469,12854,8263,8846,20257,1042,19949,24014,22288,2246,150,22734,1,4:31
2024-25,1629636,Darius Garland,Darius,1610612739,CLE,Cleveland Cavaliers,0022400710,2025-02-04T00:00:00,CLE vs. BOS,L,34.016666666666666,8.5,21.2,0.4,3.2,8.5,0.375,6.3,8.5,0.75,0.0,1.1,1.1,3.2,3.2,2.1,0.0,1.1,4.2,6.3,26.5,6.3,35.7,0,0,38.1,1,13222,1,13222,4244,5678,2234,14933,6022,5646,8800,2541,2212,8186,14058,21856,23143,12406,5892,5709,8263,7419,6462,2237,3450,9451,10605,2246,150,7962,1,34:01
2024-25,1641763,Julian Phillips,Julian,1610612741,CHI,Chicago Bulls,0022400714,2025-02-04T00:00:00,CHI vs. MIA,W,5.5,6.5,6.5,1.0,0.0,0.0,0.0,19.6,19.6,1.0,0.0,0.0,0.0,0.0,0.0,0.0,0.0,0.0,19.6,13.1,32.7,-32.7,32.7,0,0,32.7,1,1,13086,1,23789,10075,22057,1,15070,20945,15070,77,146,1,14058,22137,23286,19908,16469,12854,8263,8846,122,149,1376,24128,12780,2246,150,11849,1,5:30
2024-25,201988,Patty Mills,Patty,1610612746,LAC,LA Clippers,0022400715,2025-02-04T00:00:00,LAC vs. LAL,L,6.966666666666667,0.0,15.5,0.0,0.0,15.5,0.0,0.0,0.0,0.0,0.0,0.0,0.0,5.2,0.0,5.2,0.0,0.0,0.0,5.2,0.0,0.0,23.3,0,0,15.5,1,13222,1,13222,23184,22635,7819,22635,15070,595,15070,13505,14344,13505,14058,22137,23286,7093,16469,803,8263,8846,20257,3820,23200,12240,19406,2246,150,22882,1,6:58
2024-25,1630540,Miles McBride,Miles,1610612752,NYK,New York Knicks,0022400713,2025-02-04T00:00:00,NYK @ TOR,W,20.55666666666667,3.5,8.8,0.4,0.0,1.8,0.0,0.0,0.0,0.0,0.0,0.0,0.0,1.8,0.0,3.5,0.0,1.8,0.0,1.8,7.0,0.0,20.1,0,0,15.8,1,1,13086,1,15605,18323,19095,14933,15070,19983,15070,13505,14344,13505,14058,22137,23286,17226,16469,2237,8263,4027,20257,14114,20723,12240,21086,2246,150,22806,1,20:33
2024-25,1641765,Olivier-Maxence Prosper,Olivier-Maxence,1610612742,DAL,Dallas Mavericks,0022400712,2025-02-04T00:00:00,DAL @ PHI,L,8.976666666666667,4.0,12.0,0.333,0.0,4.0,0.0,0.0,0.0,0.0,12.0,4.0,16.0,0.0,4.0,4.0,0.0,4.0,8.0,0.0,8.0,-12.0,35.3,0,0,32.1,1,13222,1,13222,22464,17069,13537,17395,15070,15564,15070,13505,14344,13505,242,13693,1418,19908,3866,1622,8263,645,1357,17725,19907,18748,10877,2246,150,12314,1,8:59
2024-25,1642347,Jamal Shead,Jamal,1610612761,TOR,Toronto Raptors,0022400713,2025-02-04T00:00:00,TOR vs. NYK,L,23.053333333333335,10.9,18.7,0.583,1.6,6.2,0.25,1.6,1.6,1.0,1.6,3.1,4.7,14.1,3.1,0.0,0.0,0.0,6.2,3.1,25.0,15.6,48.6,0,0,45.3,1,13222,1,13222,13678,2322,3988,6296,11823,10090,11902,11666,13431,1,10074,16349,15612,387,6055,12854,8263,8846,2662,8806,4220,5382,3783,2246,150,4111,1,23:03
2024-25,1629234,Drew Eubanks,Drew,1610612746,LAC,LA Clippers,0022400715,2025-02-04T00:00:00,LAC vs. LAL,L,6.966666666666667,5.2,5.2,1.0,0.0,0.0,0.0,0.0,0.0,0.0,0.0,5.2,5.2,0.0,0.0,0.0,0.0,0.0,0.0,0.0,10.3,0.0,16.5,0,0,15.5,1,13222,1,13222,23184,13896,23345,1,15070,20945,15070,13505,14344,13505,14058,10362,14349,19908,16469,12854,8263,8846,20257,17725,17819,12240,22649,2246,150,22882,1,6:58
2024-25,1641738,Kobe Brown,Kobe,1610612746,LAC,LA Clippers,0022400715,2025-02-04T00:00:00,LAC vs. LAL,L,6.966666666666667,0.0,0.0,0.0,0.0,0.0,0.0,0.0,0.0,0.0,5.2,0.0,5.2,10.3,5.2,0.0,0.0,0.0,0.0,0.0,0.0,0.0,16.5,0,0,15.5,1,13222,1,13222,23184,22635,24836,22635,15070,20945,15070,13505,14344,13505,2223,22137,14349,1267,2142,12854,8263,8846,20257,17725,23200,12240,22649,2246,150,22882,1,6:58
2024-25,202681,Kyrie Irving,Kyrie,1610612742,DAL,Dallas Mavericks,0022400712,2025-02-04T00:00:00,DAL @ PHI,L,41.84166666666667,9.5,18.1,0.524,1.7,6.9,0.25,8.6,9.5,0.909,2.6,5.2,7.7,3.4,2.6,0.9,0.9,0.9,1.7,6.9,29.3,-6.9,46.3,0,0,45.6,1,13222,1,13222,265,3932,4600,8439,11341,8706,11902,1147,1619,6764,6399,10388,8730,11578,7943,12772,8175,8757,16466,1752,2358,16467,4630,2246,150,3975,1,41:51
2024-25,204001,Kristaps Porziņģis,Kristaps,1610612738,BOS,Boston Celtics,0022400710,2025-02-04T00:00:00,BOS @ CLE,W,34.625,7.3,20.8,0.35,1.0,6.2,0.167,4.2,4.2,1.0,1.0,6.2,7.3,2.1,2.1,2.1,2.1,1.0,4.2,8.3,19.8,-2.1,42.0,0,0,38.5,1,1,13086,1,3765,8272,2458,17337,14306,10116,14236,5423,7504,1,12946,7813,9610,16072,10100,5878,3258,7576,6671,889,8117,14090,6612,2246,150,7719,1,34:38
2024-25,1630256,Jae'Sean Tate,Jae'Sean,1610612745,HOU,Houston Rockets,0022400711,2025-02-04T00:00:00,HOU @ BKN,L,15.686666666666667,4.6,9.2,0.5,0.0,2.3,0.0,2.3,2.3,1.0,4.6,0.0,4.6,0.0,0.0,0.0,0.0,2.3,2.3,4.6,11.5,-36.7,17.0,0,0,16.1,1,13222,1,13222,19140,15525,18442,8526,15070,18995,15070,9650,11804,1,2814,22137,15831,19908,16469,12854,8263,2441,13674,4967,16704,24590,22496,2246,150,22680,1,15:41
2024-25,1630167,Obi Toppin,Obi,1610612754,IND,Indiana Pacers,0022400716,2025-02-04T00:00:00,IND @ POR,L,8.65,0.0,8.3,0.0,0.0,8.3,0.0,0.0,0.0,0.0,0.0,8.3,8.3,0.0,8.3,0.0,4.2,0.0,4.2,0.0,0.0,-41.6,14.2,0,0,16.6,1,13222,1,13222,22579,22635,19757,22635,15070,5871,15070,13505,14344,13505,14058,4248,7732,19908,531,12854,832,8846,6664,17725,23200,24949,23453,2246,150,22448,1,8:39
2024-25,1630570,Trendon Watford,Trendon,1610612751,BKN,Brooklyn Nets,0022400711,2025-02-04T00:00:00,BKN vs. HOU,W,19.133333333333333,3.8,11.3,0.333,0.0,1.9,0.0,0.0,0.0,0.0,1.9,3.8,5.6,3.8,3.8,0.0,0.0,3.8,5.6,5.6,7.5,15.1,16.2,0,0,16.9,1,1,13086,1,16723,17661,14846,17395,15070,19771,15070,13505,14344,13505,8887,14433,13166,10613,4408,12854,8263,759,3476,3126,20296,5611,22777,2246,150,22339,1,19:08
2024-25,1630703,Scoot Henderson,Scoot,1610612757,POR,Portland Trail Blazers,0022400716,2025-02-04T00:00:00,POR vs. IND,W,27.85,9.0,16.8,0.538,3.9,6.5,0.6,0.0,0.0,0.0,3.9,6.5,10.3,6.5,2.6,1.3,0.0,0.0,3.9,0.0,22.0,40.1,45.4,0,0,45.2,1,1,13086,1,9671,4615,6037,7978,4246,9617,2992,13505,14344,13505,3768,7393,5069,4770,7931,9502,8263,8846,7522,17725,6240,980,5003,2246,150,4134,1,27:51
2024-25,1629003,Shake Milton,Shake,1610612747,LAL,Los Angeles Lakers,0022400715,2025-02-04T00:00:00,LAL @ LAC,W,19.933333333333334,3.6,5.4,0.667,0.0,1.8,0.0,0.0,0.0,0.0,1.8,1.8,3.6,5.4,7.2,0.0,0.0,0.0,3.6,1.8,7.2,21.7,12.5,0,0,16.3,1,1,13086,1,16074,18055,23156,3281,15070,19915,15070,13505,14344,13505,9217,20229,18294,6594,803,12854,8263,8846,8397,13911,20543,3542,23908,2246,150,22602,1,19:56
2024-25,201587,Nicolas Batum,Nicolas,1610612746,LAC,LA Clippers,0022400715,2025-02-04T00:00:00,LAC vs. LAL,L,14.583333333333334,2.5,9.9,0.25,2.5,7.4,0.333,0.0,0.0,0.0,0.0,4.9,4.9,2.5,0.0,0.0,0.0,0.0,0.0,0.0,7.4,-46.9,17.0,0,0,17.3,1,13222,1,13222,19839,20515,17298,20233,8256,7604,9209,13505,14344,13505,14058,11061,14959,14648,16469,12854,8263,8846,20257,17725,20402,25263,22471,2246,150,22183,1,14:35
2024-25,203500,Steven Adams,Steven,1610612745,HOU,Houston Rockets,0022400711,2025-02-04T00:00:00,HOU @ BKN,L,13.398333333333333,5.4,10.7,0.5,0.0,0.0,0.0,0.0,0.0,0.0,0.0,2.7,2.7,2.7,0.0,0.0,0.0,0.0,2.7,5.4,10.7,-13.4,18.0,0,0,16.1,1,13222,1,13222,20545,13332,15781,8526,15070,20945,15070,13505,14344,13505,14058,17738,20482,13944,16469,12854,8263,8846,12090,3516,17419,19284,22089,2246,150,22662,1,13:24
2024-25,1630174,Aaron Nesmith,Aaron,1610612754,IND,Indiana Pacers,0022400716,2025-02-04T00:00:00,IND @ POR,L,16.565,4.3,10.9,0.4,2.2,4.3,0.5,0.0,0.0,0.0,0.0,0.0,0.0,4.3,2.2,4.3,0.0,0.0,2.2,2.2,10.9,-19.6,28.3,0,0,26.1,1,13222,1,13222,18564,16211,15578,14933,9346,14800,3944,13505,14344,13505,14058,22137,23286,9015,9622,1338,8263,8846,14228,12276,17302,21416,16037,2246,150,16879,1,16:34
2024-25,1642266,Ja'Kobe Walter,Ja'Kobe,1610612761,TOR,Toronto Raptors,0022400713,2025-02-04T00:00:00,TOR vs. NYK,L,29.133333333333333,6.2,8.6,0.714,3.7,4.9,0.75,0.0,0.0,0.0,0.0,1.2,1.2,0.0,2.5,2.5,0.0,0.0,3.7,0.0,16.1,-9.9,22.5,0,0,25.9,1,13222,1,13222,8558,11024,19276,2752,4688,13333,1542,13505,14344,13505,14058,21430,22897,19908,8363,4465,8263,8846,8053,17725,11858,17838,19884,2246,150,16979,1,29:08
2024-25,1626167,Myles Turner,Myles,1610612754,IND,Indiana Pacers,0022400716,2025-02-04T00:00:00,IND @ POR,L,29.751666666666665,3.6,9.7,0.375,2.4,4.8,0.5,1.2,2.4,0.5,2.4,0.0,2.4,1.2,3.6,0.0,0.0,0.0,4.8,1.2,10.9,-18.2,12.0,0,0,16.9,1,13222,1,13222,8000,18014,17614,16299,8415,13597,3944,12556,11424,10625,6864,22137,20965,18988,4714,12854,8263,8846,4972,16355,17274,20975,24009,2246,150,22335,1,29:45
2024-25,1630553,Keon Johnson,Keon,1610612751,BKN,Brooklyn Nets,0022400711,2025-02-04T00:00:00,BKN vs. HOU,W,29.133333333333333,8.6,19.8,0.438,3.7,7.4,0.5,6.2,7.4,0.833,2.5,2.5,4.9,2.5,0.0,2.5,1.2,1.2,3.7,4.9,27.2,-3.7,47.9,0,0,45.7,1,1,13086,1,8558,5345,3137,13558,4688,7578,3944,2701,2985,7275,6706,18262,14943,14644,16469,4465,5965,6018,8053,4216,3118,14889,3999,2246,150,3925,1,29:08
2024-25,203957,Danté Exum,Danté,1610612742,DAL,Dallas Mavericks,0022400712,2025-02-04T00:00:00,DAL @ PHI,L,19.88,10.9,18.1,0.6,0.0,3.6,0.0,3.6,3.6,1.0,0.0,1.8,1.8,7.2,1.8,1.8,0.0,0.0,7.2,3.6,25.4,3.6,42.0,0,0,38.0,1,13222,1,13222,16124,2367,4552,5394,15070,16392,15070,6446,8641,1,14058,20211,22142,3694,11495,7200,8263,8846,1805,7330,4024,10849,6606,2246,150,8009,1,19:53
2024-25,1630172,Patrick Williams,Patrick,1610612741,CHI,Chicago Bulls,0022400714,2025-02-04T00:00:00,CHI vs. MIA,W,30.916666666666668,3.5,9.3,0.375,2.3,5.8,0.4,2.3,2.3,1.0,2.3,5.8,8.2,4.7,1.2,0.0,0.0,0.0,1.2,2.3,11.6,21.0,27.2,0,0,26.8,1,1,13086,1,6943,18338,18252,16299,8744,11147,7874,9528,11695,1,7153,8740,8004,8282,14694,12854,8263,8846,18738,11633,16527,3708,16786,2246,150,16337,1,30:55
2024-25,1627783,Pascal Siakam,Pascal,1610612754,IND,Indiana Pacers,0022400716,2025-02-04T00:00:00,IND @ POR,L,31.816666666666666,6.8,15.8,0.429,0.0,2.3,0.0,4.5,4.5,1.0,2.3,4.5,6.8,1.1,3.4,1.1,1.1,0.0,0.0,2.3,18.1,-7.9,31.3,0,0,30.6,1,13222,1,13222,6140,9446,7362,13735,15070,19061,15070,4792,6792,1,7371,12191,10556,19257,5240,10752,6598,8846,20257,11888,9731,16941,13789,2246,150,13515,1,31:49
2024-25,1626181,Norman Powell,Norman,1610612746,LAC,LA Clippers,0022400715,2025-02-04T00:00:00,LAC vs. LAL,L,30.616666666666667,8.2,17.6,0.467,3.5,9.4,0.375,3.5,4.7,0.75,0.0,2.4,2.4,3.5,1.2,0.0,1.2,1.2,0.0,2.4,23.5,-15.3,34.0,0,0,35.3,1,13222,1,13222,7200,6140,5090,12249,5088,4247,8800,6650,6473,8186,14058,18620,21099,11318,14615,12854,6327,6436,20257,11535,5118,20008,11832,2246,150,9893,1,30:37
2024-25,1627827,Dorian Finney-Smith,Dorian,1610612747,LAL,Los Angeles Lakers,0022400715,2025-02-04T00:00:00,LAL @ LAC,W,23.966666666666665,4.5,10.5,0.429,1.5,4.5,0.333,0.0,0.0,0.0,0.0,6.0,6.0,3.0,1.5,0.0,0.0,3.0,4.5,0.0,10.5,19.5,20.7,0,0,21.0,1,1,13086,1,12929,15759,16193,13735,12020,14413,9209,13505,14344,13505,14058,8298,12252,12906,12731,12854,8263,1325,5763,17725,17651,4098,20824,2246,150,20263,1,23:58
2024-25,202695,Kawhi Leonard,Kawhi,1610612746,LAC,LA Clippers,0022400715,2025-02-04T00:00:00,LAC vs. LAL,L,22.433333333333334,6.4,17.7,0.364,1.6,3.2,0.5,3.2,3.2,1.0,0.0,9.6,9.6,3.2,1.6,0.0,4.8,0.0,0.0,3.2,17.7,-19.3,46.9,0,0,41.7,1,13222,1,13222,14170,10389,5067,16861,11656,17250,3944,7307,9502,1,14058,2892,5891,12269,12313,12854,566,8846,20257,8529,10165,21328,4367,2246,150,5788,1,22:26
2024-25,1629028,Deandre Ayton,Deandre,1610612757,POR,Portland Trail Blazers,0022400716,2025-02-04T00:00:00,POR vs. IND,W,21.616666666666667,6.7,13.3,0.5,0.0,0.0,0.0,0.0,0.0,0.0,3.3,11.7,15.0,3.3,3.3,3.3,1.7,0.0,6.7,1.7,13.3,5.0,48.0,0,0,41.6,1,1,13086,1,14834,9796,11259,8526,15070,20945,15070,13505,14344,13505,4684,1540,1775,11877,5416,2499,4377,8846,2256,14389,14721,10113,3994,2246,150,5830,1,21:37
2024-25,1629639,Tyler Herro,Tyler,1610612748,MIA,Miami Heat,0022400714,2025-02-04T00:00:00,MIA @ CHI,L,36.36666666666667,4.9,14.8,0.333,3.0,10.9,0.273,9.9,10.9,0.909,0.0,7.9,7.9,8.9,5.9,0.0,0.0,1.0,3.0,4.9,22.8,-1.0,39.7,0,0,42.6,1,13222,1,13222,2428,14549,8828,17395,6621,2595,11838,729,1059,6764,14058,4828,8425,2103,1422,12854,8263,8005,10852,4206,5654,13530,7964,2246,150,5368,1,36:22
2024-25,1642355,Bronny James,Bronny,1610612747,LAL,Los Angeles Lakers,0022400715,2025-02-04T00:00:00,LAL @ LAC,W,5.983333333333333,6.0,6.0,1.0,6.0,6.0,1.0,0.0,12.0,0.0,0.0,0.0,0.0,6.0,6.0,6.0,0.0,0.0,6.0,6.0,18.1,-6.0,39.1,0,0,42.1,1,1,13086,1,23607,11458,22579,1,1290,10653,1,13505,757,13505,14058,22137,23286,5457,1365,460,8263,8846,2917,2600,9792,16068,8331,2246,150,5588,1,5:59
2024-25,1629660,Ty Jerome,Ty,1610612739,CLE,Cleveland Cavaliers,0022400710,2025-02-04T00:00:00,CLE vs. BOS,L,15.316666666666666,4.7,9.4,0.5,0.0,0.0,0.0,2.4,2.4,1.0,2.4,7.1,9.4,0.0,0.0,0.0,0.0,0.0,2.4,4.7,11.8,-25.9,23.0,0,0,21.2,1,13222,1,13222,19361,15239,18112,8526,15070,20945,15070,9448,11624,1,7090,6275,6181,19908,16469,12854,8263,8846,13435,4716,16397,22994,19543,2246,150,20188,1,15:19
2024-25,1630592,Jalen Wilson,Jalen,1610612751,BKN,Brooklyn Nets,0022400711,2025-02-04T00:00:00,BKN vs. HOU,W,18.1,6.0,9.9,0.6,2.0,4.0,0.5,0.0,2.0,0.0,2.0,2.0,4.0,2.0,0.0,0.0,0.0,0.0,2.0,0.0,13.9,-19.9,21.7,0,0,21.9,1,1,13086,1,17498,11607,17157,5394,10214,15623,3944,13505,12764,13505,8437,19700,17366,16419,16469,12854,8263,8846,15212,17725,14024,21522,20329,2246,150,19739,1,18:06
2024-25,1629130,Duncan Robinson,Duncan,1610612748,MIA,Miami Heat,0022400714,2025-02-04T00:00:00,MIA @ CHI,L,10.99,9.8,16.4,0.6,6.6,13.1,0.5,0.0,0.0,0.0,0.0,6.6,6.6,3.3,3.3,0.0,0.0,0.0,9.8,0.0,26.2,-26.2,35.7,0,0,42.6,1,13222,1,13222,21714,3435,6570,5394,977,1248,3944,13505,14344,13505,14058,7200,11061,12064,5579,12854,8263,8846,742,17725,3581,23072,10574,2246,150,5358,1,10:59
2024-25,1631097,Bennedict Mathurin,Bennedict,1610612754,IND,Indiana Pacers,0022400716,2025-02-04T00:00:00,IND @ POR,L,29.085,5.0,11.1,0.444,1.2,1.2,1.0,3.7,6.2,0.6,2.5,6.2,8.7,2.5,2.5,0.0,0.0,1.2,3.7,6.2,14.9,-12.4,26.5,0,0,27.2,1,13222,1,13222,8607,14541,15127,13045,13164,20571,1,6263,4242,10343,6689,7927,7206,14635,8345,12854,8263,6009,8029,2406,13063,18889,17298,2246,150,15998,1,29:05
2024-25,1628404,Josh Hart,Josh,1610612752,NYK,New York Knicks,0022400713,2025-02-04T00:00:00,NYK @ TOR,W,36.666666666666664,6.9,16.7,0.412,1.0,3.9,0.25,0.0,0.0,0.0,1.0,5.9,6.9,5.9,0.0,1.0,0.0,2.0,2.0,0.0,14.7,2.9,34.8,0,0,30.4,1,1,13086,1,2230,9239,6188,14791,14644,15720,11902,13505,14344,13505,13401,8561,10377,5681,16469,12105,8263,3341,15337,17725,13170,11147,11237,2246,150,13597,1,36:40
2024-25,1630241,Sam Merrill,Sam,1610612739,CLE,Cleveland Cavaliers,0022400710,2025-02-04T00:00:00,CLE vs. BOS,L,23.65,4.6,7.6,0.6,4.6,7.6,0.6,4.6,4.6,1.0,1.5,1.5,3.0,1.5,0.0,1.5,0.0,0.0,1.5,1.5,18.3,10.7,28.8,0,0,30.4,1,13222,1,13222,13186,15576,20772,5394,2943,7151,2992,4733,6711,1,10222,20828,19598,17896,16469,8308,8263,8846,17137,14911,9556,7392,15661,2246,150,13588,1,23:39
2024-25,1627751,Jakob Poeltl,Jakob,1610612761,TOR,Toronto Raptors,0022400713,2025-02-04T00:00:00,TOR vs. NYK,L,14.816666666666666,4.9,9.7,0.5,0.0,0.0,0.0,2.4,2.4,1.0,4.9,0.0,4.9,4.9,0.0,2.4,0.0,2.4,2.4,2.4,12.1,-19.4,32.6,0,0,26.7,1,13222,1,13222,19696,14778,17540,8526,15070,20945,15070,9241,11388,1,2494,22137,15160,7776,16469,4589,8263,2155,13071,11226,15981,21382,12909,2246,150,16382,1,14:49
2024-25,1641739,Toumani Camara,Toumani,1610612757,POR,Portland Trail Blazers,0022400716,2025-02-04T00:00:00,POR vs. IND,W,35.5,5.1,7.1,0.714,1.0,2.0,0.5,2.0,2.0,1.0,4.1,3.0,7.1,2.0,3.0,1.0,1.0,0.0,3.0,6.1,13.2,33.5,27.8,0,0,27.4,1,1,13086,1,3067,14176,21442,2752,14463,19504,3944,10544,12645,1,3514,16576,9958,16273,6303,11822,7391,8846,10525,2516,14897,1576,16376,2246,150,15883,1,35:30
2024-25,1641716,Jarace Walker,Jarace,1610612754,IND,Indiana Pacers,0022400716,2025-02-04T00:00:00,IND @ POR,L,7.533333333333333,4.8,14.3,0.333,0.0,4.8,0.0,0.0,0.0,0.0,4.8,0.0,4.8,4.8,0.0,0.0,0.0,0.0,0.0,0.0,9.6,-28.7,22.5,0,0,19.1,1,13222,1,13222,22982,15015,9639,17395,15070,13760,15070,13505,14344,13505,2587,22137,15347,7971,16469,12854,8263,8846,20257,17725,18582,23534,19899,2246,150,21333,1,7:32
2024-25,1630534,Ochai Agbaji,Ochai,1610612761,TOR,Toronto Raptors,0022400713,2025-02-04T00:00:00,TOR vs. NYK,L,22.533333333333335,4.8,8.0,0.6,1.6,4.8,0.333,0.0,0.0,0.0,1.6,3.2,4.8,0.0,0.0,1.6,1.6,0.0,1.6,0.0,11.2,4.8,26.5,0,0,24.0,1,13222,1,13222,14083,14970,20279,5394,11682,13724,9209,13505,14344,13505,9931,16103,15318,19908,16469,7992,4560,8846,16884,17725,17007,10221,17277,2246,150,18355,1,22:32
2024-25,1630166,Deni Avdija,Deni,1610612757,POR,Portland Trail Blazers,0022400716,2025-02-04T00:00:00,POR vs. IND,W,23.333333333333332,3.1,13.9,0.222,1.5,9.3,0.167,1.5,3.1,0.5,1.5,4.6,6.2,1.5,7.7,0.0,0.0,0.0,0.0,3.1,9.3,6.2,11.3,0,0,18.5,1,1,13086,1,13435,19237,10365,21205,11888,4445,14236,11708,9753,10625,10145,11913,11883,17828,659,12854,8263,8846,20257,8941,18855,9532,24186,2246,150,21616,1,23:20
2024-25,1628366,Lonzo Ball,Lonzo,1610612741,CHI,Chicago Bulls,0022400714,2025-02-04T00:00:00,CHI vs. MIA,W,28.75,2.5,11.3,0.222,1.3,8.8,0.143,0.0,0.0,0.0,1.3,5.0,6.3,2.5,2.5,1.3,0.0,0.0,2.5,0.0,6.3,7.5,18.8,0,0,18.8,1,1,13086,1,8877,20459,14889,21205,13089,5158,14649,13505,14344,13505,11474,10866,11690,14536,8233,9790,8263,8846,12784,17725,21204,8877,21765,2246,150,21484,1,28:45
2024-25,1631200,Kris Murray,Kris,1610612757,POR,Portland Trail Blazers,0022400716,2025-02-04T00:00:00,POR vs. IND,W,10.133333333333333,0.0,0.0,0.0,0.0,0.0,0.0,0.0,0.0,0.0,0.0,3.6,3.6,0.0,0.0,0.0,0.0,0.0,3.6,0.0,0.0,-21.3,4.3,0,0,3.6,1,1,13086,1,22062,22635,24836,22635,15070,20945,15070,13505,14344,13505,14058,15078,18440,19908,16469,12854,8263,8846,8592,17725,23200,21916,25067,2246,150,25207,1,10:08
2024-25,201950,Jrue Holiday,Jrue,1610612738,BOS,Boston Celtics,0022400710,2025-02-04T00:00:00,BOS @ CLE,W,26.27166666666667,1.4,8.2,0.167,0.0,2.7,0.0,5.5,5.5,1.0,0.0,8.2,8.2,1.4,1.4,2.7,0.0,0.0,4.1,6.9,8.2,-13.7,27.0,0,0,23.3,1,1,13086,1,10935,22321,19914,21938,15070,18184,15070,3431,5213,1,14058,4392,7905,18430,13458,3827,8263,8846,6803,1778,19733,19381,16954,2246,150,18806,1,26:16
2024-25,1629599,Amir Coffey,Amir,1610612746,LAC,LA Clippers,0022400715,2025-02-04T00:00:00,LAC vs. LAL,L,21.0,5.1,8.6,0.6,1.7,3.4,0.5,1.7,3.4,0.5,0.0,0.0,0.0,0.0,1.7,0.0,1.7,0.0,1.7,1.7,13.7,-36.0,17.1,0,0,18.9,1,13222,1,13222,15296,13969,19388,5394,11357,16813,3944,11390,9030,10625,14058,22137,23286,19908,11863,12854,4259,8846,16483,14222,14256,24522,22431,2246,150,21451,1,21:00
2024-25,1628988,Aaron Holiday,Aaron,1610612745,HOU,Houston Rockets,0022400711,2025-02-04T00:00:00,HOU @ BKN,L,14.29,0.0,2.5,0.0,0.0,2.5,0.0,0.0,0.0,0.0,0.0,0.0,0.0,7.6,0.0,0.0,0.0,2.5,2.5,2.5,0.0,-10.1,11.3,0,0,7.6,1,13222,1,13222,20026,22635,24638,22635,15070,18587,15070,13505,14344,13505,14058,22137,23286,3327,16469,12854,8263,2011,12715,10918,23200,17916,24172,2246,150,24826,1,14:17
2024-25,1630596,Evan Mobley,Evan,1610612739,CLE,Cleveland Cavaliers,0022400710,2025-02-04T00:00:00,CLE vs. BOS,L,27.866666666666667,3.9,18.1,0.214,0.0,5.2,0.0,1.3,2.6,0.5,3.9,2.6,6.5,2.6,1.3,0.0,0.0,2.6,2.6,1.3,9.0,-11.6,19.4,0,0,18.1,1,13222,1,13222,9653,17392,4573,21369,15070,12779,15070,12322,11014,10625,3771,17988,11254,14269,13841,12854,8263,1899,12479,15944,19036,18588,21468,2246,150,21823,1,27:52
2024-25,1629655,Daniel Gafford,Daniel,1610612742,DAL,Dallas Mavericks,0022400712,2025-02-04T00:00:00,DAL @ PHI,L,32.925,5.5,10.9,0.5,0.0,0.0,0.0,2.2,2.2,1.0,2.2,4.4,6.6,0.0,1.1,0.0,2.2,1.1,3.3,1.1,13.1,13.1,26.5,0,0,24.1,1,13222,1,13222,5227,13081,15469,8526,15070,20945,15070,9998,12125,1,7626,12591,11036,19908,15175,12854,2974,7102,9525,16939,14959,6335,17312,2246,150,18286,1,32:56
2024-25,1629614,Andrew Nembhard,Andrew,1610612754,IND,Indiana Pacers,0022400716,2025-02-04T00:00:00,IND @ POR,L,27.216666666666665,7.9,13.2,0.6,0.0,1.3,0.0,6.6,7.9,0.833,0.0,7.9,7.9,2.6,5.3,2.6,1.3,2.6,5.3,4.0,22.5,-31.7,42.6,0,0,41.0,1,13222,1,13222,10176,6772,11438,5394,15070,20477,15070,2305,2559,7275,14058,4800,8395,14063,2015,4029,5548,1814,4039,6404,5859,23996,6314,2246,150,6199,1,27:13
2024-25,1630178,Tyrese Maxey,Tyrese,1610612755,PHI,Philadelphia 76ers,0022400712,2025-02-04T00:00:00,PHI vs. DAL,W,40.483333333333334,11.6,19.6,0.591,2.7,9.8,0.273,3.6,4.4,0.8,0.9,2.7,3.6,11.6,2.7,1.8,0.0,0.0,3.6,4.4,29.3,16.0,53.6,1,0,50.7,1,1,13086,1,453,1832,3303,6217,7627,3745,11838,6589,6944,7681,13934,17773,18427,823,7629,7342,8263,8846,8575,5248,2323,5245,2294,1,150,2344,1,40:29
2024-25,1628378,Donovan Mitchell,Donovan,1610612739,CLE,Cleveland Cavaliers,0022400710,2025-02-04T00:00:00,CLE vs. BOS,L,36.15,12.0,24.9,0.48,4.0,13.9,0.286,3.0,3.0,1.0,1.0,9.0,10.0,6.0,5.0,2.0,0.0,2.0,2.0,4.0,30.9,-5.0,52.8,1,0,54.8,1,13222,1,13222,2569,1555,849,11962,4024,943,11433,7848,10009,1,13292,3552,5481,5542,2363,6290,8263,3249,15195,6350,1812,15574,2514,1,150,1492,1,36:09
2024-25,203954,Joel Embiid,Joel,1610612755,PHI,Philadelphia 76ers,0022400712,2025-02-04T00:00:00,PHI vs. DAL,W,36.03,12.0,23.0,0.522,1.0,4.0,0.25,4.0,9.0,0.444,4.0,7.0,11.0,10.0,5.0,1.0,0.0,2.0,2.0,8.0,29.0,-12.0,55.2,1,1,53.0,1,1,13086,1,2669,1536,1385,8473,14559,15591,11902,5700,1876,13035,3599,6369,4421,1444,2343,11966,8263,3239,15153,1024,2432,18729,1961,1,1,1813,1,36:02
2024-25,2544,LeBron James,LeBron,1610612747,LAL,Los Angeles Lakers,0022400715,2025-02-04T00:00:00,LAL @ LAC,W,31.016666666666666,9.3,15.1,0.615,2.3,4.6,0.5,9.3,12.8,0.727,0.0,9.3,9.3,10.4,3.5,3.5,0.0,0.0,4.6,8.1,30.2,22.1,64.0,0,0,59.2,1,1,13086,1,6865,4227,8449,5246,8772,14106,3944,913,620,9223,14058,3221,6339,1227,5053,2260,8263,8846,5430,952,2023,3448,784,2246,150,894,1,31:01
2024-25,1631101,Shaedon Sharpe,Shaedon,1610612757,POR,Portland Trail Blazers,0022400716,2025-02-04T00:00:00,POR vs. IND,W,24.066666666666666,9.0,25.4,0.353,1.5,10.5,0.143,6.0,6.0,1.0,1.5,4.5,6.0,1.5,1.5,4.5,0.0,4.5,0.0,4.5,25.4,12.0,46.8,0,0,43.4,1,1,13086,1,12825,4755,739,17268,12050,3008,14649,2879,4498,1,10344,12290,12327,17994,12762,1239,8263,488,20257,5172,3976,6807,4387,2246,150,4974,1,24:04
2024-25,1642263,Reed Sheppard,Reed,1610612745,HOU,Houston Rockets,0022400711,2025-02-04T00:00:00,HOU @ BKN,L,27.93,6.4,18.0,0.357,3.9,11.6,0.333,3.9,3.9,1.0,2.6,6.4,9.0,0.0,0.0,2.6,2.6,3.9,2.6,2.6,20.6,3.9,46.9,0,0,43.8,1,13222,1,13222,9609,10326,4617,17140,4280,2034,9209,5945,8103,1,6405,7419,6697,19908,16469,4185,2250,700,12500,10710,7379,10718,4346,2246,150,4775,1,27:56
2024-25,201143,Al Horford,Al,1610612738,BOS,Boston Celtics,0022400710,2025-02-04T00:00:00,BOS @ CLE,W,26.536666666666665,6.8,16.3,0.417,4.1,12.2,0.333,0.0,0.0,0.0,4.1,9.5,13.6,2.7,1.4,0.0,1.4,0.0,4.1,0.0,17.6,25.8,40.7,1,0,40.7,1,1,13086,1,10700,9465,6718,14532,3853,1663,9209,13505,14344,13505,3494,3014,2454,13867,13536,12854,5423,8846,6938,17725,10178,2657,7328,1,150,6379,1,26:32
2024-25,204456,T.J. McConnell,T.J.,1610612754,IND,Indiana Pacers,0022400716,2025-02-04T00:00:00,IND @ POR,L,18.416666666666668,13.7,21.5,0.636,0.0,2.0,0.0,0.0,0.0,0.0,2.0,5.9,7.8,7.8,3.9,3.9,0.0,0.0,0.0,0.0,27.4,3.9,56.3,0,0,50.8,1,13222,1,13222,17266,794,2028,4689,15070,19638,15070,13505,14344,13505,8596,8635,8583,3066,4068,1732,8263,8846,20257,17725,3032,10697,1761,2246,150,2311,1,18:25
2024-25,1630549,Day'Ron Sharpe,Day'Ron,1610612751,BKN,Brooklyn Nets,0022400711,2025-02-04T00:00:00,BKN vs. HOU,W,20.216666666666665,5.3,7.1,0.75,0.0,0.0,0.0,3.6,3.6,1.0,5.3,0.0,5.3,7.1,3.6,3.6,5.3,1.8,8.9,1.8,14.2,-7.1,54.5,0,0,44.5,1,1,13086,1,15849,13432,21416,2107,15070,20945,15070,6576,8766,1,2054,22137,13931,3858,4875,2151,429,3951,997,13998,13669,16564,2091,2246,150,4467,1,20:13
2024-25,1628973,Jalen Brunson,Jalen,1610612752,NYK,New York Knicks,0022400713,2025-02-04T00:00:00,NYK @ TOR,W,33.95166666666667,10.6,22.3,0.476,2.1,7.4,0.286,6.4,8.5,0.75,0.0,1.1,1.1,5.3,1.1,2.1,1.1,0.0,2.1,10.6,29.7,1.1,47.4,0,0,44.5,1,1,13086,1,4305,2622,1703,12010,9591,7566,11433,2535,2204,8186,14058,21852,23140,6815,15424,5696,7060,8846,14518,319,2195,12110,4179,2246,150,4457,1,33:57
2024-25,1630578,Alperen Sengun,Alperen,1610612745,HOU,Houston Rockets,0022400711,2025-02-04T00:00:00,HOU @ BKN,L,34.51166666666666,8.3,18.8,0.444,0.0,0.0,0.0,8.3,14.6,0.571,7.3,13.6,20.9,4.2,3.1,0.0,0.0,1.0,5.2,12.5,25.0,8.3,53.2,1,0,50.1,1,13222,1,13222,3850,5896,3953,13045,15070,20945,15070,1257,382,10536,1023,862,432,9467,6040,12854,8263,7547,4166,175,4201,8464,2396,1,150,2510,1,34:31
2024-25,1630538,Bones Hyland,Bones,1610612746,LAC,LA Clippers,0022400715,2025-02-04T00:00:00,LAC vs. LAL,L,6.966666666666667,20.7,25.8,0.8,10.3,15.5,0.667,10.3,10.3,1.0,0.0,0.0,0.0,0.0,5.2,5.2,0.0,0.0,15.5,5.2,62.0,0.0,72.3,0,0,82.7,1,13222,1,13222,23184,126,669,1688,195,595,1957,604,1244,1,14058,22137,23286,19908,2142,803,8263,8846,227,3820,77,12240,362,2246,150,133,1,6:58
2024-25,1641871,Duop Reath,Duop,1610612757,POR,Portland Trail Blazers,0022400716,2025-02-04T00:00:00,POR vs. IND,W,2.3833333333333333,15.1,30.2,0.5,15.1,30.2,0.5,30.2,30.2,1.0,0.0,0.0,0.0,0.0,0.0,0.0,0.0,0.0,0.0,15.1,75.5,15.1,75.5,0,0,90.6,1,1,13086,1,25270,474,264,8526,72,61,3944,31,55,1,14058,22137,23286,19908,16469,12854,8263,8846,20257,97,42,5583,284,2246,150,93,1,2:23
2024-25,1641998,Trey Jemison III,Trey,1610612747,LAL,Los Angeles Lakers,0022400715,2025-02-04T00:00:00,LAL @ LAC,W,5.233333333333333,6.9,6.9,1.0,0.0,0.0,0.0,0.0,13.8,0.0,6.9,20.6,27.5,0.0,0.0,6.9,0.0,0.0,0.0,6.9,13.8,-6.9,67.4,0,0,55.0,1,1,13086,1,23896,9213,21698,1,15070,20945,15070,13505,485,13505,1189,151,122,19908,16469,321,8263,8846,20257,1754,14212,16464,546,2246,150,1452,1,5:14
2024-25,1630188,Jalen Smith,Jalen,1610612741,CHI,Chicago Bulls,0022400714,2025-02-04T00:00:00,CHI vs. MIA,W,14.733333333333333,7.3,14.7,0.5,4.9,9.8,0.5,0.0,0.0,0.0,0.0,19.5,19.5,9.8,0.0,0.0,0.0,0.0,2.4,0.0,19.5,19.5,57.7,0,0,53.8,1,1,13086,1,19747,8168,9115,8526,2427,3749,3944,13505,14344,13505,14058,189,589,1551,16469,12854,8263,8846,13011,17725,8312,4092,1525,2246,150,1662,1,14:44
2024-25,1626157,Karl-Anthony Towns,Karl-Anthony,1610612752,NYK,New York Knicks,0022400713,2025-02-04T00:00:00,NYK @ TOR,W,38.76,9.3,17.6,0.526,1.9,2.8,0.667,4.6,4.6,1.0,8.4,10.2,18.6,1.9,1.9,0.0,0.9,0.0,0.9,4.6,25.1,12.1,51.1,1,0,49.2,1,1,13086,1,982,4223,5074,8379,10842,18091,1957,4604,6590,1,685,2415,780,16904,11286,12854,7958,8846,20071,4850,4178,6765,2969,1,150,2751,1,38:46
2024-25,1630567,Scottie Barnes,Scottie,1610612761,TOR,Toronto Raptors,0022400713,2025-02-04T00:00:00,TOR vs. NYK,L,31.8,9.1,26.0,0.348,1.1,5.7,0.2,6.8,6.8,1.0,0.0,3.4,3.4,5.7,3.4,1.1,1.1,1.1,1.1,4.5,26.0,-20.4,42.0,0,0,40.8,1,13222,1,13222,6154,4596,639,17377,13751,11551,13429,2164,3571,1,14058,15531,18788,6127,5236,10742,6591,6773,18906,5072,3660,21661,6619,2246,150,6347,1,31:48
2024-25,1628386,Jarrett Allen,Jarrett,1610612739,CLE,Cleveland Cavaliers,0022400710,2025-02-04T00:00:00,CLE vs. BOS,L,32.516666666666666,6.6,12.2,0.545,0.0,0.0,0.0,5.5,5.5,1.0,6.6,13.3,19.9,2.2,1.1,0.0,1.1,1.1,2.2,3.3,18.8,8.9,48.3,1,0,43.2,1,13222,1,13222,5539,9840,13292,7695,15070,20945,15070,3380,5140,1,1306,931,549,15578,15088,12854,6745,6987,14037,8194,9016,8244,3887,1,150,5057,1,32:31
2024-25,1629632,Coby White,Coby,1610612741,CHI,Chicago Bulls,0022400714,2025-02-04T00:00:00,CHI vs. MIA,W,31.716666666666665,7.9,18.2,0.438,4.5,7.9,0.571,4.5,4.5,1.0,0.0,3.4,3.4,7.9,2.3,0.0,0.0,2.3,0.0,3.4,25.0,12.5,38.7,0,0,40.9,1,1,13086,1,6220,6745,4495,13558,2996,6541,3506,4770,6764,1,14058,15507,18775,2946,9216,12854,8263,2505,20257,7936,4226,6600,8594,2246,150,6291,1,31:43
2024-25,1641713,GG Jackson,GG,1610612763,MEM,Memphis Grizzlies,0022400703,2025-02-03T00:00:00,MEM vs. SAS,W,28.266666666666666,14.0,25.5,0.55,5.1,11.5,0.444,1.3,1.3,1.0,0.0,5.1,5.1,1.3,5.1,3.8,0.0,0.0,1.3,1.3,34.4,10.2,48.8,0,0,53.5,1,1,13086,1,9325,702,729,7655,2160,2131,7211,12373,13772,1,14058,10585,14535,18743,2227,1825,8263,8846,18151,16015,1061,7607,3708,2246,150,1713,1,28:16
2024-25,1628392,Isaiah Hartenstein,Isaiah,1610612760,OKC,Oklahoma City Thunder,0022400705,2025-02-03T00:00:00,OKC vs. MIL,W,18.483333333333334,5.8,13.6,0.429,0.0,1.9,0.0,0.0,0.0,0.0,5.8,17.5,23.4,5.8,5.8,1.9,3.9,1.9,3.9,0.0,11.7,46.7,60.2,0,0,52.6,1,1,13086,1,17211,11979,10768,13735,15070,19648,15070,13505,14344,13505,1714,291,251,5770,1512,6515,972,3389,7460,17725,16475,645,1174,2246,150,1910,1,18:29
2024-25,1641715,Cam Whitmore,Cam,1610612745,HOU,Houston Rockets,0022400702,2025-02-03T00:00:00,HOU @ NYK,L,22.665,11.1,22.2,0.5,3.2,6.4,0.5,3.2,4.8,0.667,0.0,7.9,7.9,1.6,1.6,3.2,1.6,0.0,0.0,3.2,28.6,14.3,53.2,0,0,50.8,1,13222,1,13222,13984,2169,1717,8526,6016,9861,3944,7380,6366,9425,14058,4790,8378,17684,12389,2787,4591,8846,20257,8640,2576,5891,2394,2246,150,2310,1,22:40
2024-25,1626204,Larry Nance Jr.,Larry,1610612737,ATL,Atlanta Hawks,0022400701,2025-02-03T00:00:00,ATL @ DET,W,19.866666666666667,9.1,14.5,0.625,3.6,7.2,0.5,0.0,0.0,0.0,3.6,14.5,18.1,3.6,0.0,1.8,0.0,0.0,3.6,1.8,21.7,21.7,54.4,1,0,50.7,1,1,13086,1,16126,4588,9359,4899,4858,7937,3944,13505,14344,13505,4166,661,869,11009,16469,7194,8263,8846,8345,13886,6427,3521,2126,1,150,2332,1,19:52
2024-25,1629630,Ja Morant,Ja,1610612763,MEM,Memphis Grizzlies,0022400703,2025-02-03T00:00:00,MEM vs. SAS,W,29.116666666666667,11.1,22.3,0.5,4.9,7.4,0.667,3.7,3.7,1.0,1.2,2.5,3.7,13.6,4.9,3.7,0.0,0.0,1.2,4.9,30.9,11.1,61.9,1,0,60.6,1,1,13086,1,8571,2162,1709,8526,2343,7568,1957,6270,8463,1,11561,18259,18049,433,2403,1955,8263,8846,18345,4212,1799,7179,970,1,150,774,1,29:07
2024-25,1630568,Luka Garza,Luka,1610612750,MIN,Minnesota Timberwolves,0022400704,2025-02-03T00:00:00,MIN vs. SAC,L,4.816666666666666,7.5,37.4,0.2,0.0,14.9,0.0,14.9,14.9,1.0,7.5,0.0,7.5,0.0,0.0,7.5,0.0,7.5,14.9,7.5,29.9,-14.9,61.3,0,0,52.3,1,13222,1,13222,24081,7821,105,21401,15070,703,15070,174,355,1,965,22137,9218,19908,16469,249,8263,131,243,1339,2120,19884,1044,2246,150,1967,1,4:49
2024-25,1642271,Kyle Filipowski,Kyle,1610612762,UTA,Utah Jazz,0022400707,2025-02-03T00:00:00,UTA vs. IND,L,13.866666666666667,5.2,13.0,0.4,2.6,5.2,0.5,13.0,15.6,0.833,2.6,15.6,18.2,5.2,7.8,0.0,0.0,0.0,5.2,7.8,26.0,-15.6,47.8,0,0,51.9,1,13222,1,13222,20260,13839,11887,14933,7841,12716,3944,264,308,7275,6356,483,861,7043,635,12854,8263,8846,4208,1142,3704,20116,4057,2246,150,2059,1,13:52
2024-25,1630572,Sandro Mamukelashvili,Sandro,1610612759,SAS,San Antonio Spurs,0022400703,2025-02-03T00:00:00,SAS @ MEM,L,3.7666666666666666,28.7,28.7,1.0,19.1,19.1,1.0,9.6,19.1,0.5,0.0,0.0,0.0,0.0,0.0,0.0,0.0,0.0,0.0,9.6,86.0,9.6,86.0,0,0,105.1,1,13222,1,13222,24582,39,348,1,35,279,1,818,156,10625,14058,22137,23286,19908,16469,12854,8263,8846,20257,507,22,7915,125,2246,150,49,1,3:46
2024-25,1641744,Zach Edey,Zach,1610612763,MEM,Memphis Grizzlies,0022400703,2025-02-03T00:00:00,MEM vs. SAS,W,25.208333333333332,10.0,17.1,0.583,0.0,1.4,0.0,2.9,2.9,1.0,7.1,12.9,20.0,1.4,1.4,4.3,1.4,1.4,0.0,2.9,22.8,35.7,64.7,1,0,55.7,1,1,13086,1,11830,3228,5653,6296,15070,20351,15070,8198,10339,1,1088,1064,536,18237,13122,1386,5120,5067,20257,9745,5597,1322,722,1,150,1365,1,25:13
2024-25,1641708,Amen Thompson,Amen,1610612745,HOU,Houston Rockets,0022400702,2025-02-03T00:00:00,HOU @ NYK,L,37.0,8.8,16.5,0.529,0.0,1.9,0.0,6.8,6.8,1.0,3.9,6.8,10.7,10.7,2.9,1.9,1.0,0.0,4.9,3.9,24.3,-3.9,59.1,1,1,51.6,1,13222,1,13222,1988,5163,6377,8281,15070,19651,15070,2151,3559,1,3736,6690,4692,1106,6771,6528,7668,8846,4910,6586,4594,15008,1321,1,1,2130,1,37:00
2024-25,1627736,Malik Beasley,Malik,1610612765,DET,Detroit Pistons,0022400701,2025-02-03T00:00:00,DET vs. ATL,L,24.466666666666665,8.8,16.2,0.545,8.8,14.7,0.6,0.0,0.0,0.0,1.5,5.9,7.4,2.9,1.5,2.9,0.0,0.0,5.9,1.5,26.5,-13.2,47.1,0,0,51.5,1,13222,1,13222,12511,5009,6853,7695,319,764,2992,13505,14344,13505,10427,8575,9461,13118,12892,3285,8263,8846,3089,15119,3438,19205,4287,2246,150,2143,1,24:28
2024-25,1630174,Aaron Nesmith,Aaron,1610612754,IND,Indiana Pacers,0022400707,2025-02-03T00:00:00,IND @ UTA,W,25.716666666666665,5.6,8.4,0.667,1.4,4.2,0.333,5.6,7.0,0.8,1.4,8.4,9.8,2.8,1.4,4.2,1.4,0.0,4.2,4.2,18.2,14.0,49.6,0,0,43.4,1,1,13086,1,11386,12701,19645,3281,12453,15125,9209,3317,3363,7681,10750,4167,5681,13586,13283,1459,5230,8846,6558,5843,9627,6012,3398,2246,150,4966,1,25:43
2024-25,202685,Jonas Valančiūnas,Jonas,1610612764,WAS,Washington Wizards,0022400700,2025-02-03T00:00:00,WAS @ CHA,W,28.666666666666668,7.5,17.6,0.429,0.0,1.3,0.0,2.5,3.8,0.667,10.0,11.3,21.3,5.0,1.3,0.0,0.0,0.0,5.0,2.5,17.6,-5.0,49.5,1,0,44.0,1,1,13086,1,8958,7681,5155,13735,15070,20551,15070,9012,8330,9425,398,1748,386,7402,14065,12854,8263,8846,4554,10947,10240,15600,3427,1,150,4712,1,28:40
2024-25,1628991,Jaren Jackson Jr.,Jaren,1610612763,MEM,Memphis Grizzlies,0022400703,2025-02-03T00:00:00,MEM vs. SAS,W,30.878333333333334,11.7,24.5,0.476,3.5,10.5,0.333,9.3,10.5,0.889,1.2,5.8,7.0,3.5,2.3,1.2,3.5,0.0,5.8,7.0,36.1,10.5,61.4,0,0,59.5,1,1,13086,1,6976,1753,930,12010,5155,2980,9209,892,1192,6857,12020,8726,10156,11398,8940,10461,1232,8846,3179,1665,803,7472,1032,2246,150,874,1,30:53
2024-25,1628381,John Collins,John,1610612762,UTA,Utah Jazz,0022400707,2025-02-03T00:00:00,UTA vs. IND,L,31.866666666666667,10.2,20.3,0.5,1.1,4.5,0.25,2.3,2.3,1.0,3.4,10.2,13.6,0.0,2.3,0.0,1.1,2.3,5.6,3.4,23.7,12.4,41.1,1,0,40.7,1,13222,1,13222,6086,3050,2742,8526,13770,14386,11902,9755,11905,1,4560,2447,2460,19908,9265,12854,6612,2527,3470,7986,4971,6622,7104,1,150,6400,1,31:52
2024-25,1628983,Shai Gilgeous-Alexander,Shai,1610612760,OKC,Oklahoma City Thunder,0022400705,2025-02-03T00:00:00,OKC vs. MIL,W,22.4,24.1,30.5,0.789,3.2,4.8,0.667,3.2,4.8,0.667,0.0,4.8,4.8,9.6,4.8,0.0,0.0,1.6,1.6,4.8,54.6,54.6,70.1,0,0,72.3,1,1,13086,1,14192,76,249,1973,5917,13640,1957,7293,6253,9425,14058,11363,15241,1616,2545,12854,8263,4417,16848,4455,114,439,432,2246,150,273,1,22:24
2024-25,1626172,Kevon Looney,Kevon,1610612744,GSW,Golden State Warriors,0022400708,2025-02-03T00:00:00,GSW vs. ORL,W,20.5,1.8,8.8,0.2,0.0,0.0,0.0,0.0,0.0,0.0,12.3,14.0,26.3,10.5,3.5,1.8,0.0,0.0,7.0,1.8,3.5,1.8,52.7,0,0,43.9,1,1,13086,1,15638,21820,19054,21401,15070,20945,15070,13505,14344,13505,226,754,157,1187,4984,7414,8263,8846,1959,14091,22768,11766,2537,2246,150,4738,1,20:30
2024-25,1630175,Cole Anthony,Cole,1610612753,ORL,Orlando Magic,0022400708,2025-02-03T00:00:00,ORL @ GSW,L,28.35,14.0,26.7,0.524,3.8,11.4,0.333,1.3,1.3,1.0,1.3,5.1,6.3,3.8,2.5,2.5,1.3,0.0,6.3,2.5,33.0,-8.9,55.2,0,0,54.6,1,13222,1,13222,9255,711,539,8439,4414,2151,9209,12385,13783,1,11362,10639,11503,10474,8080,4276,5799,8846,2542,10841,1317,17377,1948,2246,150,1530,1,28:21
2024-25,1631157,Ryan Rollins,Ryan,1610612749,MIL,Milwaukee Bucks,0022400705,2025-02-03T00:00:00,MIL @ OKC,L,18.333333333333332,9.8,17.7,0.556,3.9,5.9,0.667,7.9,7.9,1.0,0.0,0.0,0.0,2.0,5.9,3.9,2.0,2.0,0.0,5.9,31.4,-35.3,46.1,0,0,49.1,1,13222,1,13222,17330,3440,5045,7248,4140,10968,1957,1478,2624,1,14058,22137,23286,16499,1463,1707,3591,3341,20257,2756,1660,24453,4680,2246,150,2798,1,18:20
2024-25,1628973,Jalen Brunson,Jalen,1610612752,NYK,New York Knicks,0022400702,2025-02-03T00:00:00,NYK vs. HOU,W,36.776666666666664,13.7,26.4,0.519,1.0,3.9,0.25,12.7,13.7,0.929,2.0,3.9,5.9,9.8,3.9,2.0,0.0,2.9,1.0,11.7,41.1,11.7,64.8,1,0,61.7,1,1,13086,1,2138,788,573,8506,14662,15747,11902,281,494,6719,8586,13981,12587,1543,4050,6466,8263,1411,19823,216,392,6913,709,1,150,681,1,36:47
2024-25,1629008,Michael Porter Jr.,Michael,1610612743,DEN,Denver Nuggets,0022400706,2025-02-03T00:00:00,DEN vs. NOP,W,39.5,10.9,20.1,0.545,6.4,10.9,0.583,4.6,4.6,1.0,3.6,2.7,6.4,1.8,0.9,0.0,0.9,0.0,1.8,2.7,32.8,18.2,45.0,0,0,49.2,1,1,13086,1,720,2315,2936,7695,1071,2555,3489,4746,6734,1,4127,17595,11445,17015,16315,12854,8038,8846,16070,10214,1362,4481,5167,2246,150,2758,1,39:30
2024-25,1630530,Trey Murphy III,Trey,1610612740,NOP,New Orleans Pelicans,0022400706,2025-02-03T00:00:00,NOP @ DEN,L,37.86666666666667,12.4,20.0,0.619,7.6,11.4,0.667,6.7,6.7,1.0,1.0,1.9,2.9,2.9,0.0,1.9,1.0,0.0,1.0,6.7,39.0,-8.6,55.2,0,0,58.0,1,13222,1,13222,1463,1321,2998,5227,552,2165,1957,2279,3709,1,13639,19967,20109,13437,16469,6757,7824,8846,19965,1943,520,17209,1949,2246,150,1028,1,37:52
2024-25,1641705,Victor Wembanyama,Victor,1610612759,SAS,San Antonio Spurs,0022400703,2025-02-03T00:00:00,SAS @ MEM,L,31.128333333333334,11.6,23.1,0.5,2.3,6.9,0.333,5.8,8.1,0.714,2.3,9.3,11.6,5.8,4.6,2.3,2.3,0.0,3.5,6.9,31.2,9.3,63.0,1,0,60.1,1,13222,1,13222,6772,1829,1340,8526,8806,8594,9209,3105,2451,9244,7209,3254,3881,5892,2816,4987,2717,8846,8842,1700,1721,8065,874,1,150,818,1,31:08
2024-25,203468,CJ McCollum,CJ,1610612740,NOP,New Orleans Pelicans,0022400706,2025-02-03T00:00:00,NOP @ DEN,L,34.875,10.3,22.7,0.455,5.2,9.3,0.556,5.2,5.2,1.0,0.0,6.2,6.2,5.2,3.1,0.0,1.0,2.1,4.1,4.1,31.0,-3.1,46.1,0,0,49.5,1,13222,1,13222,3559,2896,1495,12676,2093,4391,3747,3807,5660,1,14058,7907,11838,7111,6139,12854,7258,3015,6745,5990,1782,14622,4682,2246,150,2654,1,34:53
2024-25,203999,Nikola Jokić,Nikola,1610612743,DEN,Denver Nuggets,0022400706,2025-02-03T00:00:00,DEN vs. NOP,W,36.06666666666667,9.0,13.0,0.692,1.0,3.0,0.333,8.0,10.0,0.8,1.0,13.0,14.0,10.0,1.0,1.0,2.0,0.0,2.0,8.0,27.0,11.0,66.7,1,1,57.9,1,1,13086,1,2629,4743,11905,3171,14562,17675,9209,1421,1381,7681,13269,1023,2247,1451,15862,11978,3504,8846,15167,1028,3230,7249,591,1,1,1042,1,36:04
2024-25,1629028,Deandre Ayton,Deandre,1610612757,POR,Portland Trail Blazers,0022400709,2025-02-03T00:00:00,POR vs. PHX,W,42.13333333333333,7.7,18.8,0.409,0.0,0.9,0.0,6.0,6.8,0.875,7.7,9.4,17.1,1.7,0.0,0.9,0.9,1.7,2.6,3.4,21.4,11.1,49.6,1,0,43.6,1,1,13086,1,247,7293,3933,14895,15070,20936,15070,2885,3535,6931,885,3107,1106,17341,16469,12776,8182,4123,12553,7900,6765,7189,3397,1,150,4884,1,42:08
2024-25,1631104,Blake Wesley,Blake,1610612759,SAS,San Antonio Spurs,0022400703,2025-02-03T00:00:00,SAS @ MEM,L,5.883333333333334,6.1,6.1,1.0,0.0,0.0,0.0,12.2,12.2,1.0,0.0,0.0,0.0,18.4,6.1,0.0,0.0,0.0,12.2,6.1,24.5,-42.8,45.9,0,0,42.8,1,13222,1,13222,23632,11174,22497,1,15070,20945,15070,320,711,1,14058,22137,23286,127,1311,12854,8263,8846,400,2483,4503,25037,4786,2246,150,5235,1,5:53
2024-25,1630703,Scoot Henderson,Scoot,1610612757,POR,Portland Trail Blazers,0022400709,2025-02-03T00:00:00,POR vs. PHX,W,22.39666666666667,6.4,14.5,0.444,3.2,8.0,0.4,8.0,8.0,1.0,0.0,3.2,3.2,9.6,3.2,1.6,0.0,1.6,3.2,6.4,24.1,0.0,44.0,0,0,43.4,1,1,13086,1,14200,10359,9404,13045,5915,6390,7874,1397,2498,1,14058,16038,19191,1615,5780,7959,8263,4415,9800,2150,4726,12240,5648,2246,150,4965,1,22:24
2024-25,1630557,Corey Kispert,Corey,1610612764,WAS,Washington Wizards,0022400700,2025-02-03T00:00:00,WAS @ CHA,W,28.583333333333332,11.3,16.4,0.692,6.3,11.3,0.556,2.5,2.5,1.0,2.5,2.5,5.0,5.0,2.5,1.3,0.0,0.0,5.0,1.3,31.5,25.2,46.3,0,0,50.4,1,1,13086,1,9046,1980,6580,3171,1115,2233,3747,8996,11163,1,6551,18141,14707,7386,8162,9723,8263,8846,4527,16086,1644,2774,4599,2246,150,2426,1,28:35
2024-25,1630191,Isaiah Stewart,Isaiah,1610612765,DET,Detroit Pistons,0022400701,2025-02-03T00:00:00,DET vs. ATL,L,19.35,7.4,11.2,0.667,0.0,0.0,0.0,3.7,5.6,0.667,5.6,3.7,9.3,1.9,0.0,0.0,0.0,0.0,0.0,7.4,18.6,-16.7,32.6,0,0,29.8,1,13222,1,13222,16540,7911,15083,3281,15070,20945,15070,6242,5066,9425,1894,14563,6314,16892,16469,12854,8263,8846,20257,1354,9213,20530,12908,2246,150,14125,1,19:21
2024-25,1626168,Trey Lyles,Trey,1610612758,SAC,Sacramento Kings,0022400704,2025-02-03T00:00:00,SAC @ MIN,W,23.286666666666665,3.1,6.2,0.5,1.5,4.6,0.333,0.0,0.0,0.0,1.5,10.8,12.4,4.6,0.0,3.1,3.1,0.0,3.1,0.0,7.7,0.0,48.1,0,0,38.6,1,1,13086,1,13479,19221,22441,8526,11879,14118,9209,13505,14344,13505,10136,2001,3223,8330,16469,2947,1582,8846,10302,17725,20148,12240,3945,2246,150,7615,1,23:17
2024-25,203110,Draymond Green,Draymond,1610612744,GSW,Golden State Warriors,0022400708,2025-02-03T00:00:00,GSW vs. ORL,W,28.933333333333334,2.5,5.0,0.5,0.0,2.5,0.0,0.0,2.5,0.0,0.0,8.7,8.7,6.2,2.5,1.2,0.0,0.0,1.2,2.5,5.0,11.2,26.0,0,0,22.4,1,1,13086,1,8729,20482,23482,8526,15070,18649,15070,13505,11238,13505,14058,3823,7150,5131,8297,9835,8263,8846,18306,11034,22023,7138,17614,2246,150,19426,1,28:56
2024-25,203924,Jerami Grant,Jerami,1610612757,POR,Portland Trail Blazers,0022400709,2025-02-03T00:00:00,POR vs. PHX,W,41.38333333333333,4.3,11.3,0.385,2.6,7.8,0.333,0.9,1.7,0.5,2.6,1.7,4.3,3.5,0.9,0.0,0.0,0.9,0.9,1.7,12.2,-11.3,21.7,0,0,22.6,1,1,13086,1,312,16205,14808,16070,7792,6752,9209,13476,13261,10625,6321,20383,16409,11453,16399,12854,8263,8740,20201,14148,15941,18443,20290,2246,150,19264,1,41:23
2024-25,1628379,Luke Kennard,Luke,1610612763,MEM,Memphis Grizzlies,0022400703,2025-02-03T00:00:00,MEM vs. SAS,W,21.933333333333334,1.6,9.8,0.167,0.0,4.9,0.0,0.0,0.0,0.0,0.0,1.6,1.6,4.9,1.6,1.6,0.0,0.0,0.0,0.0,3.3,9.8,15.9,0,0,13.1,1,1,13086,1,14543,21983,17329,21938,15070,13384,15070,13505,14344,13505,14058,20583,22380,7633,12177,7846,8263,8846,20257,17725,22857,7767,22886,2246,150,23671,1,21:56
2024-25,1641724,Jett Howard,Jett,1610612753,ORL,Orlando Magic,0022400708,2025-02-03T00:00:00,ORL @ GSW,L,4.835,7.4,7.4,1.0,7.4,7.4,1.0,0.0,0.0,0.0,0.0,0.0,0.0,0.0,0.0,0.0,0.0,0.0,0.0,0.0,22.3,89.3,22.3,0,0,29.8,1,13222,1,13222,24067,7903,21010,1,613,7513,1,13505,14344,13505,14058,22137,23286,19908,16469,12854,8263,8846,20257,17725,5977,112,19961,2246,150,14115,1,4:50
2024-25,1629750,Javonte Green,Javonte,1610612740,NOP,New Orleans Pelicans,0022400706,2025-02-03T00:00:00,NOP @ DEN,L,28.405,1.3,6.3,0.2,1.3,5.1,0.25,1.3,2.5,0.5,1.3,3.8,5.1,2.5,0.0,0.0,0.0,0.0,1.3,1.3,5.1,-11.4,15.0,0,0,13.9,1,13222,1,13222,9210,22434,22283,21401,12993,13032,11902,12395,11117,10625,11378,14316,14611,14426,16469,12854,8263,8846,18185,16047,21972,18488,23194,2246,150,23436,1,28:24
2024-25,1628374,Lauri Markkanen,Lauri,1610612762,UTA,Utah Jazz,0022400707,2025-02-03T00:00:00,UTA vs. IND,L,33.333333333333336,5.4,11.9,0.455,3.2,5.4,0.6,3.2,5.4,0.6,2.2,5.4,7.6,1.1,0.0,0.0,0.0,0.0,2.2,2.2,17.3,0.0,28.0,0,0,29.2,1,13222,1,13222,4870,13272,13802,12676,5849,12211,2992,7230,5313,10343,7720,9783,9048,19413,16469,12854,8263,8846,14298,12342,10549,12240,16253,2246,150,14578,1,33:20
2024-25,1626192,Pat Connaughton,Pat,1610612749,MIL,Milwaukee Bucks,0022400705,2025-02-03T00:00:00,MIL @ OKC,L,20.95,5.2,10.3,0.5,1.7,1.7,1.0,1.7,1.7,1.0,3.4,1.7,5.2,1.7,0.0,0.0,0.0,0.0,3.4,1.7,13.7,-29.2,22.5,0,0,22.3,1,13222,1,13222,15325,13937,16539,8526,11343,20023,1,11383,13282,1,4476,20420,14383,17313,16469,12854,8263,8846,8944,14215,14228,23615,19865,2246,150,19460,1,20:57
2024-25,1626220,Royce O'Neale,Royce,1610612756,PHX,Phoenix Suns,0022400709,2025-02-03T00:00:00,PHX @ POR,L,32.545,5.5,8.8,0.625,4.4,7.7,0.571,0.0,0.0,0.0,1.1,3.3,4.4,5.5,1.1,4.4,0.0,0.0,3.3,0.0,15.5,1.1,41.3,0,0,38.7,1,13222,1,13222,5526,12910,18937,4899,3198,6910,3506,13505,14344,13505,12421,15739,16228,6372,15097,1285,8263,8846,9390,17725,12432,12076,7014,2246,150,7578,1,32:33
2024-25,1629618,Jalen Pickett,Jalen,1610612743,DEN,Denver Nuggets,0022400706,2025-02-03T00:00:00,DEN vs. NOP,W,12.561666666666667,0.0,11.5,0.0,0.0,2.9,0.0,0.0,0.0,0.0,2.9,0.0,2.9,5.7,0.0,2.9,0.0,0.0,0.0,0.0,0.0,-11.5,20.6,0,0,14.3,1,1,13086,1,20959,22635,14538,22635,15070,17926,15070,13505,14344,13505,5685,22137,20082,5987,16469,3497,8263,8846,20257,17725,23200,18516,20885,2246,150,23314,1,12:34
2024-25,1642403,Isaac Jones,Isaac,1610612758,SAC,Sacramento Kings,0022400704,2025-02-03T00:00:00,SAC @ MIN,W,11.9,3.0,6.1,0.5,0.0,0.0,0.0,6.1,6.1,1.0,0.0,0.0,0.0,3.0,0.0,0.0,0.0,3.0,3.0,9.1,12.1,-18.2,16.6,0,0,15.1,1,1,13086,1,21332,19369,22551,8526,15070,20945,15070,2817,4402,1,14058,22137,23286,12842,16469,12854,8263,1306,10598,627,16035,20976,22615,2246,150,23017,1,11:54
2024-25,1642273,Kyshawn George,Kyshawn,1610612764,WAS,Washington Wizards,0022400700,2025-02-03T00:00:00,WAS @ CHA,W,18.216666666666665,4.0,7.9,0.5,4.0,7.9,0.5,0.0,0.0,0.0,4.0,4.0,7.9,2.0,0.0,0.0,2.0,0.0,7.9,0.0,11.9,2.0,30.2,0,0,29.6,1,1,13086,1,17428,17203,20409,8526,4092,6619,3944,13505,14344,13505,3655,13870,8449,16456,16469,12854,3547,8846,1407,17725,16285,11637,14639,2246,150,14212,1,18:13
2024-25,1626153,Delon Wright,Delon,1610612749,MIL,Milwaukee Bucks,0022400705,2025-02-03T00:00:00,MIL @ OKC,L,21.216666666666665,0.0,6.8,0.0,0.0,5.1,0.0,1.7,3.4,0.5,0.0,5.1,5.1,5.1,0.0,3.4,1.7,0.0,0.0,1.7,1.7,-1.7,30.7,0,0,22.1,1,13222,1,13222,15144,22635,21794,22635,15070,12984,15070,11420,9107,10625,14058,10600,14547,7268,16469,2393,4299,8846,20257,14280,23172,13874,14269,2246,150,19647,1,21:13
2024-25,1630224,Jalen Green,Jalen,1610612745,HOU,Houston Rockets,0022400702,2025-02-03T00:00:00,HOU @ NYK,L,36.19166666666667,9.0,21.9,0.409,1.0,8.0,0.125,2.0,2.0,1.0,1.0,4.0,5.0,5.0,6.0,0.0,0.0,3.0,1.0,4.0,20.9,-21.9,28.3,0,0,31.8,1,13222,1,13222,2544,4805,1875,14895,14581,6524,14886,10692,12761,1,13303,13791,14866,7529,1408,12854,8263,1363,19739,6363,7174,22047,15961,2246,150,12511,1,36:12
2024-25,1629018,Gary Trent Jr.,Gary,1610612749,MIL,Milwaukee Bucks,0022400705,2025-02-03T00:00:00,MIL @ OKC,L,20.493333333333332,7.0,19.3,0.364,1.8,7.0,0.25,1.8,3.5,0.5,0.0,1.8,1.8,1.8,0.0,0.0,0.0,0.0,0.0,1.8,17.6,-36.9,22.3,0,0,22.8,1,13222,1,13222,15648,8864,3481,16861,11237,8410,11902,11319,8863,10625,14058,20340,22222,17213,16469,12854,8263,8846,20257,14090,10254,24606,19977,2246,150,19115,1,20:30
2024-25,1642274,Yves Missi,Yves,1610612740,NOP,New Orleans Pelicans,0022400706,2025-02-03T00:00:00,NOP @ DEN,L,34.01166666666666,4.2,9.5,0.444,0.0,0.0,0.0,0.0,0.0,0.0,5.3,1.1,6.4,3.2,2.1,2.1,0.0,3.2,3.2,0.0,8.5,4.2,25.1,0,0,22.2,1,13222,1,13222,4260,16499,17894,13045,15070,20945,15070,13505,14344,13505,2101,21854,11501,12404,9922,5707,8263,1173,9977,17725,19547,10528,18226,2246,150,19536,1,34:01
2024-25,1627734,Domantas Sabonis,Domantas,1610612758,SAC,Sacramento Kings,0022400704,2025-02-03T00:00:00,SAC @ MIN,W,37.195,4.8,14.5,0.333,0.0,2.9,0.0,3.9,5.8,0.667,4.8,5.8,10.6,2.9,1.0,0.0,1.0,1.0,4.8,4.8,13.6,7.7,32.6,1,0,29.0,1,1,13086,1,1865,14838,9330,17395,15070,17860,15070,5927,4745,9425,2519,8781,4767,13266,16046,12854,7704,8203,4973,4416,14443,8753,12874,1,150,14668,1,37:12
2024-25,1630611,Gui Santos,Gui,1610612744,GSW,Golden State Warriors,0022400708,2025-02-03T00:00:00,GSW vs. ORL,W,2.45,0.0,0.0,0.0,0.0,0.0,0.0,0.0,0.0,0.0,14.7,0.0,14.7,0.0,14.7,0.0,0.0,0.0,0.0,0.0,0.0,-58.8,2.9,0,0,14.7,1,1,13086,1,25225,22635,24836,22635,15070,20945,15070,13505,14344,13505,139,22137,1916,19908,122,12854,8263,8846,20257,17725,23200,25651,25128,2246,150,23177,1,2:27
2024-25,1630598,Aaron Wiggins,Aaron,1610612760,OKC,Oklahoma City Thunder,0022400705,2025-02-03T00:00:00,OKC vs. MIL,W,25.666666666666668,8.4,12.6,0.667,1.4,2.8,0.5,0.0,0.0,0.0,0.0,1.4,1.4,5.6,1.4,1.4,0.0,0.0,0.0,0.0,18.2,33.7,31.1,0,0,29.5,1,1,13086,1,11427,5770,12524,3281,12445,18049,3944,13505,14344,13505,14058,21074,22685,6231,13270,8885,8263,8846,20257,17725,9592,1551,13962,2246,150,14363,1,25:40
2024-25,1627750,Jamal Murray,Jamal,1610612743,DEN,Denver Nuggets,0022400706,2025-02-03T00:00:00,DEN vs. NOP,W,35.36333333333334,7.1,17.3,0.412,1.0,4.1,0.25,5.1,5.1,1.0,1.0,4.1,5.1,8.1,0.0,2.0,0.0,3.1,5.1,5.1,20.4,18.3,44.8,0,0,38.7,1,1,13086,1,3187,8644,5447,14791,14435,15423,11902,3905,5774,1,13110,13507,14549,2752,16469,6079,8263,1281,4402,3939,7611,4455,5281,2246,150,7596,1,35:22
2024-25,1629652,Luguentz Dort,Luguentz,1610612760,OKC,Oklahoma City Thunder,0022400705,2025-02-03T00:00:00,OKC vs. MIL,W,20.6,7.0,7.0,1.0,3.5,3.5,1.0,3.5,3.5,1.0,0.0,3.5,3.5,0.0,1.7,1.7,0.0,0.0,5.2,3.5,21.0,52.4,28.7,0,0,31.5,1,1,13086,1,15566,8957,21573,1,5158,16664,1,6715,8897,1,14058,15251,18560,19908,11752,7453,8263,8846,4122,7675,7114,498,15754,2246,150,12807,1,20:36
2024-25,1627783,Pascal Siakam,Pascal,1610612754,IND,Indiana Pacers,0022400707,2025-02-03T00:00:00,IND @ UTA,W,32.71666666666667,8.8,15.4,0.571,0.0,4.4,0.0,6.6,6.6,1.0,1.1,5.5,6.6,4.4,0.0,0.0,2.2,0.0,2.2,5.5,24.2,1.1,45.3,0,0,39.6,1,1,13086,1,5388,5072,7956,6538,15070,14679,15070,2315,3767,1,12464,9528,10940,8877,16469,12854,2942,8846,14086,3336,4674,12080,5021,2246,150,7003,1,32:43
2024-25,1628370,Malik Monk,Malik,1610612758,SAC,Sacramento Kings,0022400704,2025-02-03T00:00:00,SAC @ MIN,W,41.53333333333333,8.7,19.9,0.435,1.7,5.2,0.333,3.5,3.5,1.0,0.9,6.1,6.9,4.3,3.5,0.9,0.9,2.6,2.6,2.6,22.5,2.6,39.1,0,0,39.0,1,1,13086,1,296,5311,3011,13702,11300,12700,9209,6759,8949,1,13975,8180,10270,9048,5091,12764,8165,1877,12429,10644,5834,11319,8346,2246,150,7375,1,41:32
2024-25,1630192,Zeke Nnaji,Zeke,1610612743,DEN,Denver Nuggets,0022400706,2025-02-03T00:00:00,DEN vs. NOP,W,31.203333333333333,5.8,10.4,0.556,2.3,4.6,0.5,0.0,0.0,0.0,2.3,3.5,5.8,0.0,1.2,0.0,1.2,0.0,5.8,0.0,13.8,1.2,23.1,0,0,24.2,1,1,13086,1,6700,12207,16416,7248,8824,14165,3944,13505,14344,13505,7224,15349,12845,19908,14771,12854,6461,8846,3282,17725,14109,12047,19516,2246,150,18183,1,31:12
2024-25,1629723,John Konchar,John,1610612763,MEM,Memphis Grizzlies,0022400703,2025-02-03T00:00:00,MEM vs. SAS,W,11.883333333333333,3.0,3.0,1.0,0.0,0.0,0.0,0.0,0.0,0.0,0.0,9.1,9.1,9.1,0.0,0.0,0.0,0.0,0.0,0.0,6.1,27.3,30.6,0,0,24.2,1,1,13086,1,21343,19362,24480,1,15070,20945,15070,13505,14344,13505,14058,3418,6601,1948,16469,12854,8263,8846,20257,17725,21352,2383,14353,2246,150,18178,1,11:53
2024-25,1630541,Moses Moody,Moses,1610612744,GSW,Golden State Warriors,0022400708,2025-02-03T00:00:00,GSW vs. ORL,W,23.96,9.0,13.5,0.667,4.5,7.5,0.6,3.0,6.0,0.5,0.0,1.5,1.5,0.0,0.0,0.0,0.0,0.0,0.0,3.0,25.5,-3.0,27.3,0,0,31.6,1,1,13086,1,12942,4678,10968,3281,3061,7372,2992,7789,4456,10625,14058,20869,22563,19908,16469,12854,8263,8846,20257,9221,3914,14571,16704,2246,150,12736,1,23:58
2024-25,1628398,Kyle Kuzma,Kyle,1610612764,WAS,Washington Wizards,0022400700,2025-02-03T00:00:00,WAS @ CHA,W,30.55,9.4,24.7,0.381,3.5,15.3,0.231,3.5,3.5,1.0,1.2,3.5,4.7,2.4,2.4,1.2,0.0,0.0,1.2,2.4,25.9,-8.2,36.3,0,0,38.9,1,1,13086,1,7274,3985,885,16250,5068,625,13279,6629,8818,1,11935,15125,15520,15028,8827,10359,8263,8846,18662,11509,3719,17073,10168,2246,150,7458,1,30:33
2024-25,1642358,AJ Johnson,AJ,1610612749,MIL,Milwaukee Bucks,0022400705,2025-02-03T00:00:00,MIL @ OKC,L,29.1,6.2,14.8,0.417,2.5,4.9,0.5,1.2,2.5,0.5,0.0,4.9,4.9,4.9,2.5,1.2,0.0,2.5,0.0,1.2,16.1,0.0,30.7,0,0,30.9,1,13222,1,13222,8594,11005,8833,14532,8235,13314,3944,12486,11272,10625,14058,11029,14930,7571,8346,9890,8263,2077,20257,16196,11845,12240,14290,2246,150,13227,1,29:06
2024-25,1629012,Collin Sexton,Collin,1610612762,UTA,Utah Jazz,0022400707,2025-02-03T00:00:00,UTA vs. IND,L,2.7333333333333334,13.2,39.5,0.333,0.0,13.2,0.0,0.0,0.0,0.0,13.2,0.0,13.2,0.0,13.2,0.0,0.0,13.2,0.0,0.0,26.3,-26.3,29.0,0,0,39.5,1,13222,1,13222,25094,962,84,17395,15070,1215,15070,13505,14344,13505,183,22137,2689,19908,160,12854,8263,37,20257,17725,3513,23093,15502,2246,150,7062,1,2:44
2024-25,1628418,Thomas Bryant,Thomas,1610612754,IND,Indiana Pacers,0022400707,2025-02-03T00:00:00,IND @ UTA,W,25.653333333333332,5.6,16.8,0.333,0.0,5.6,0.0,1.4,1.4,1.0,2.8,5.6,8.4,1.4,1.4,2.8,1.4,2.8,4.2,1.4,12.6,-5.6,36.1,0,0,30.9,1,1,13086,1,11447,12668,5993,17395,15070,11679,15070,12013,13589,1,5843,9278,7594,18337,13263,3670,5222,1596,6528,15441,15463,15884,10321,2246,150,13275,1,25:39
2024-25,1626145,Tyus Jones,Tyus,1610612756,PHX,Phoenix Suns,0022400709,2025-02-03T00:00:00,PHX @ POR,L,16.6,0.0,6.5,0.0,0.0,4.3,0.0,0.0,0.0,0.0,0.0,0.0,0.0,6.5,2.2,2.2,0.0,0.0,0.0,2.2,0.0,-17.3,14.1,0,0,10.8,1,13222,1,13222,18528,22635,22110,22635,15070,14827,15070,13505,14344,13505,14058,22137,23286,4707,9642,5514,8263,8846,20257,12298,23200,20725,23472,2246,150,24258,1,16:36
2024-25,1630579,Jericho Sims,Jericho,1610612752,NYK,New York Knicks,0022400702,2025-02-03T00:00:00,NYK vs. HOU,W,0.18833333333333332,0.0,0.0,0.0,0.0,0.0,0.0,0.0,0.0,0.0,0.0,0.0,0.0,0.0,0.0,0.0,0.0,0.0,0.0,0.0,0.0,0.0,0.0,0,0,0.0,1,1,13086,1,26267,22635,24836,22635,15070,20945,15070,13505,14344,13505,14058,22137,23286,19908,16469,12854,8263,8846,20257,17725,23200,12240,25228,2246,150,25259,1,0:11
2024-25,1642265,Rob Dillingham,Rob,1610612750,MIN,Minnesota Timberwolves,0022400704,2025-02-03T00:00:00,MIN vs. SAC,L,14.4,5.0,12.5,0.4,0.0,7.5,0.0,0.0,0.0,0.0,0.0,0.0,0.0,10.0,5.0,0.0,0.0,0.0,0.0,5.0,10.0,-15.0,20.0,0,0,20.0,1,13222,1,13222,19952,14383,12731,14933,15070,7397,15070,13505,14344,13505,14058,22137,23286,1434,2340,12854,8263,8846,20257,4118,18159,19899,21168,2246,150,20849,1,14:24
2024-25,204060,Joe Ingles,Joe,1610612750,MIN,Minnesota Timberwolves,0022400704,2025-02-03T00:00:00,MIN vs. SAC,L,0.011666666666666667,0.0,0.0,0.0,0.0,0.0,0.0,0.0,0.0,0.0,0.0,0.0,0.0,0.0,0.0,0.0,0.0,0.0,0.0,0.0,0.0,0.0,0.0,0,0,0.0,1,13222,1,13222,26300,22635,24836,22635,15070,20945,15070,13505,14344,13505,14058,22137,23286,19908,16469,12854,8263,8846,20257,17725,23200,12240,25228,2246,150,25259,1,0:01
2024-25,1630643,Jay Huff,Jay,1610612763,MEM,Memphis Grizzlies,0022400703,2025-02-03T00:00:00,MEM vs. SAS,W,0.825,0.0,0.0,0.0,0.0,0.0,0.0,0.0,0.0,0.0,0.0,0.0,0.0,0.0,0.0,0.0,0.0,0.0,0.0,0.0,0.0,0.0,0.0,0,0,0.0,1,1,13086,1,26124,22635,24836,22635,15070,20945,15070,13505,14344,13505,14058,22137,23286,19908,16469,12854,8263,8846,20257,17725,23200,12240,25228,2246,150,25259,1,0:50
2024-25,1642389,Zyon Pullin,Zyon,1610612763,MEM,Memphis Grizzlies,0022400703,2025-02-03T00:00:00,MEM vs. SAS,W,0.825,0.0,0.0,0.0,0.0,0.0,0.0,0.0,0.0,0.0,0.0,0.0,0.0,0.0,0.0,0.0,0.0,0.0,0.0,0.0,0.0,0.0,0.0,0,0,0.0,1,1,13086,1,26124,22635,24836,22635,15070,20945,15070,13505,14344,13505,14058,22137,23286,19908,16469,12854,8263,8846,20257,17725,23200,12240,25228,2246,150,25259,1,0:50
2024-25,1631105,Jalen Duren,Jalen,1610612765,DET,Detroit Pistons,0022400701,2025-02-03T00:00:00,DET vs. ATL,L,28.65,10.1,12.6,0.8,0.0,0.0,0.0,2.5,2.5,1.0,3.8,7.5,11.3,1.3,2.5,0.0,2.5,0.0,2.5,2.5,22.6,8.8,43.1,0,0,40.2,1,13222,1,13222,8973,3160,12635,1688,15070,20945,15070,9007,11172,1,3927,5427,4123,18815,8188,12854,2348,8846,12741,10942,5760,8276,6091,2246,150,6672,1,28:39
2024-25,1629640,Keldon Johnson,Keldon,1610612759,SAS,San Antonio Spurs,0022400703,2025-02-03T00:00:00,SAS @ MEM,L,24.15,1.5,11.9,0.125,1.5,7.5,0.2,6.0,6.0,1.0,3.0,0.0,3.0,4.5,1.5,0.0,0.0,1.5,1.5,3.0,10.4,-26.8,19.2,0,0,19.4,1,13222,1,13222,12762,22181,13720,22420,12074,7494,13429,2905,4529,1,5389,22137,19791,8718,12789,12854,8263,4810,17260,9333,17721,23208,21531,2246,150,21217,1,24:09
2024-25,1630551,Justin Champagnie,Justin,1610612764,WAS,Washington Wizards,0022400700,2025-02-03T00:00:00,WAS @ CHA,W,12.533333333333333,5.7,8.6,0.667,2.9,5.7,0.5,0.0,0.0,0.0,0.0,5.7,5.7,0.0,0.0,2.9,5.7,0.0,0.0,0.0,14.4,74.7,47.1,0,0,40.2,1,1,13086,1,20972,12278,19332,3281,6977,11343,3944,13505,14344,13505,14058,8934,12915,19908,16469,3479,353,8846,20257,17725,13543,203,4284,2246,150,6670,1,12:32
2024-25,1630182,Josh Green,Josh,1610612766,CHA,Charlotte Hornets,0022400700,2025-02-03T00:00:00,CHA vs. WAS,L,36.85,3.9,6.8,0.571,1.0,2.9,0.333,2.0,2.9,0.667,0.0,2.9,2.9,1.0,1.0,2.0,0.0,0.0,2.9,2.0,10.7,9.8,20.6,0,0,19.5,1,13222,1,13222,2096,17299,21743,6538,14671,17798,9209,10793,10143,9425,14058,16962,19905,19745,15987,6480,8263,8846,11023,13302,17425,7806,20893,2246,150,21132,1,36:51
2024-25,1630699,MarJon Beauchamp,MarJon,1610612749,MIL,Milwaukee Bucks,0022400705,2025-02-03T00:00:00,MIL @ OKC,L,17.006666666666668,4.2,14.8,0.286,2.1,4.2,0.5,2.1,4.2,0.5,2.1,10.6,12.7,8.5,0.0,2.1,0.0,2.1,6.4,4.2,12.7,19.1,47.0,0,0,40.2,1,13222,1,13222,18253,16500,8869,19630,9610,15038,3944,10237,7350,10625,7897,2164,2999,2451,16469,5708,8263,2872,2541,5755,15388,4244,4313,2246,150,6666,1,17:00
2024-25,1631260,AJ Green,AJ,1610612749,MIL,Milwaukee Bucks,0022400705,2025-02-03T00:00:00,MIL @ OKC,L,21.071666666666665,1.7,6.8,0.25,0.0,3.4,0.0,0.0,0.0,0.0,0.0,1.7,1.7,5.1,3.4,0.0,0.0,0.0,0.0,3.4,3.4,-56.4,9.7,0,0,10.3,1,13222,1,13222,15239,21891,21755,20233,15070,16834,15070,13505,14344,13505,14058,20441,22290,7189,5195,12854,8263,8846,20257,7904,22802,25596,24459,2246,150,24378,1,21:04
2024-25,1626164,Devin Booker,Devin,1610612756,PHX,Phoenix Suns,0022400709,2025-02-03T00:00:00,PHX @ POR,L,46.56333333333333,7.0,13.9,0.5,2.3,6.2,0.375,10.1,10.8,0.929,0.0,2.3,2.3,3.1,0.8,0.0,0.0,0.8,3.9,6.2,26.3,3.1,32.9,0,0,34.0,1,13222,1,13222,30,9024,10309,8526,8778,10233,8800,683,1080,6719,14058,18705,21157,12623,16462,12854,8263,8833,7565,2412,3539,11063,12640,2246,150,10832,1,46:34
2024-25,203903,Jordan Clarkson,Jordan,1610612762,UTA,Utah Jazz,0022400707,2025-02-03T00:00:00,UTA vs. IND,L,34.95,8.2,17.5,0.471,3.1,8.2,0.375,2.1,2.1,1.0,1.0,3.1,4.1,3.1,1.0,1.0,0.0,2.1,0.0,3.1,21.6,-14.4,33.3,0,0,34.0,1,13222,1,13222,3500,6112,5250,12143,6239,6015,8800,10439,12555,1,13029,16435,17021,12636,15632,11673,8263,3024,20257,8918,6522,19669,12373,2246,150,10858,1,34:57
2024-25,1631103,Malaki Branham,Malaki,1610612759,SAS,San Antonio Spurs,0022400703,2025-02-03T00:00:00,SAS @ MEM,L,2.05,0.0,0.0,0.0,0.0,0.0,0.0,0.0,0.0,0.0,0.0,0.0,0.0,0.0,0.0,0.0,0.0,0.0,0.0,0.0,0.0,35.1,0.0,0,0,0.0,1,13222,1,13222,25423,22635,24836,22635,15070,20945,15070,13505,14344,13505,14058,22137,23286,19908,16469,12854,8263,8846,20257,17725,23200,1383,25228,2246,150,25259,1,2:03
2024-25,1641731,Bilal Coulibaly,Bilal,1610612764,WAS,Washington Wizards,0022400700,2025-02-03T00:00:00,WAS @ CHA,W,37.266666666666666,8.7,15.5,0.563,3.9,7.7,0.5,3.9,4.8,0.8,0.0,4.8,4.8,2.9,0.0,1.9,0.0,0.0,1.9,3.9,25.1,-4.8,41.1,0,0,40.6,1,1,13086,1,1815,5274,7884,7127,4285,6938,3944,5947,6239,7681,14058,11336,15224,13285,16469,6609,8263,8846,15505,6666,4161,15487,7144,2246,150,6462,1,37:16
2024-25,1631119,Jaylin Williams,Jaylin,1610612760,OKC,Oklahoma City Thunder,0022400705,2025-02-03T00:00:00,OKC vs. MIL,W,26.283333333333335,6.8,12.3,0.556,4.1,6.8,0.6,0.0,0.0,0.0,4.1,5.5,9.6,0.0,2.7,0.0,4.1,0.0,4.1,2.7,17.8,12.3,38.9,0,0,39.7,1,1,13086,1,10915,9300,13033,7248,3771,8781,2992,13505,14344,13505,3435,9591,5935,19908,7413,12854,864,8846,6808,10194,10022,6666,8477,2246,150,6939,1,26:17
2024-25,1642461,Spencer Jones,Spencer,1610612743,DEN,Denver Nuggets,0022400706,2025-02-03T00:00:00,DEN vs. NOP,W,0.058333333333333334,0.0,0.0,0.0,0.0,0.0,0.0,0.0,0.0,0.0,0.0,0.0,0.0,0.0,0.0,0.0,0.0,0.0,0.0,0.0,0.0,0.0,0.0,0,0,0.0,1,1,13086,1,26285,22635,24836,22635,15070,20945,15070,13505,14344,13505,14058,22137,23286,19908,16469,12854,8263,8846,20257,17725,23200,12240,25228,2246,150,25259,1,0:04
2024-25,203914,Gary Harris,Gary,1610612753,ORL,Orlando Magic,0022400708,2025-02-03T00:00:00,ORL @ GSW,L,14.3,5.0,10.1,0.5,5.0,10.1,0.5,0.0,0.0,0.0,0.0,0.0,0.0,0.0,2.5,0.0,0.0,0.0,7.6,0.0,15.1,30.2,12.6,0,0,20.1,1,13222,1,13222,20016,14282,16936,8526,2228,3417,3944,13505,14344,13505,14058,22137,23286,19908,8169,12854,8263,8846,1596,17725,12799,1940,23875,2246,150,20777,1,14:18
2024-25,1630166,Deni Avdija,Deni,1610612757,POR,Portland Trail Blazers,0022400709,2025-02-03T00:00:00,POR vs. PHX,W,43.49333333333333,6.6,9.9,0.667,2.5,5.0,0.5,4.1,4.1,1.0,0.0,6.6,6.6,4.1,3.3,0.8,0.0,0.0,5.0,3.3,19.9,9.9,33.2,0,0,34.8,1,1,13086,1,117,9879,17186,3281,8209,13282,3944,5460,7555,1,14058,7055,10903,9550,5477,12817,8263,8846,4690,8218,8022,7727,12436,2246,150,10253,1,43:30
2024-25,1642346,Ryan Dunn,Ryan,1610612756,PHX,Phoenix Suns,0022400709,2025-02-03T00:00:00,PHX @ POR,L,12.426666666666666,0.0,2.9,0.0,0.0,0.0,0.0,0.0,0.0,0.0,0.0,11.6,11.6,0.0,5.8,0.0,0.0,0.0,11.6,0.0,0.0,-37.7,8.1,0,0,11.6,1,13222,1,13222,21033,22635,24521,22635,15070,20945,15070,13505,14344,13505,14058,1569,3861,19908,1563,12854,8263,8846,458,17725,23200,24666,24681,2246,150,24085,1,12:26
2024-25,1631230,Dominick Barlow,Dominick,1610612737,ATL,Atlanta Hawks,0022400701,2025-02-03T00:00:00,ATL @ DET,W,11.3,0.0,3.2,0.0,0.0,0.0,0.0,0.0,0.0,0.0,3.2,3.2,6.4,0.0,0.0,0.0,3.2,0.0,3.2,3.2,0.0,15.9,17.2,0,0,12.7,1,1,13086,1,21585,22635,24426,22635,15070,20945,15070,13505,14344,13505,4970,16136,11465,19908,16469,12854,1492,8846,9916,8603,23200,5276,22408,2246,150,23791,1,11:18
2024-25,1642263,Reed Sheppard,Reed,1610612745,HOU,Houston Rockets,0022400702,2025-02-03T00:00:00,HOU @ NYK,L,5.733333333333333,0.0,12.6,0.0,0.0,6.3,0.0,0.0,0.0,0.0,6.3,0.0,6.3,6.3,6.3,0.0,0.0,0.0,0.0,0.0,0.0,119.3,10.7,0,0,12.6,1,13222,1,13222,23688,22635,12645,22635,15070,10027,15070,13505,14344,13505,1484,22137,11658,5053,1233,12854,8263,8846,20257,17725,23200,41,24307,2246,150,23853,1,5:44
2024-25,1629610,DaQuan Jeffries,DaQuan,1610612766,CHA,Charlotte Hornets,0022400700,2025-02-03T00:00:00,CHA vs. WAS,L,11.866666666666667,3.0,12.1,0.25,0.0,9.1,0.0,0.0,0.0,0.0,0.0,3.0,3.0,3.0,0.0,0.0,0.0,0.0,6.1,0.0,6.1,-75.8,14.3,0,0,12.1,1,13222,1,13222,21351,19352,13345,20233,15070,4665,15070,13505,14344,13505,14058,16608,19623,12813,16469,12854,8263,8846,2854,17725,21341,25968,23413,2246,150,23945,1,11:52
2024-25,1631128,Christian Braun,Christian,1610612743,DEN,Denver Nuggets,0022400706,2025-02-03T00:00:00,DEN vs. NOP,W,40.96666666666667,4.4,12.3,0.357,0.0,3.5,0.0,0.9,1.8,0.5,1.8,3.5,5.3,3.5,0.0,0.9,0.0,0.9,0.9,0.9,9.7,1.8,23.9,0,0,20.2,1,1,13086,1,376,16080,13072,17140,15070,16625,15070,13467,13236,10625,9391,15190,14111,11349,16469,12740,8263,8718,20184,17685,18476,11765,19019,2246,150,20740,1,40:58
2024-25,203084,Harrison Barnes,Harrison,1610612759,SAS,San Antonio Spurs,0022400703,2025-02-03T00:00:00,SAS @ MEM,L,27.0,2.7,4.0,0.667,0.0,1.3,0.0,0.0,0.0,0.0,0.0,6.7,6.7,0.0,2.7,0.0,0.0,0.0,1.3,1.3,5.3,-26.7,10.7,0,0,12.0,1,13222,1,13222,10332,20160,24096,3281,15070,20461,15070,13505,14344,13505,14058,6964,10798,19908,7631,12854,8263,8846,17893,15751,21834,23166,24311,2246,150,23970,1,27:00
2024-25,1630583,Santi Aldama,Santi,1610612763,MEM,Memphis Grizzlies,0022400703,2025-02-03T00:00:00,MEM vs. SAS,W,21.188333333333333,3.4,10.2,0.333,3.4,3.4,1.0,0.0,0.0,0.0,0.0,10.2,10.2,1.7,1.7,0.0,0.0,1.7,6.8,0.0,10.2,0.0,23.3,0,0,25.5,1,1,13086,1,15160,18545,16743,17395,5385,16867,1,13505,14344,13505,14058,2430,5236,17370,11927,12854,8263,4154,2148,17725,17961,12240,19387,2246,150,17296,1,21:11
2024-25,1628969,Mikal Bridges,Mikal,1610612752,NYK,New York Knicks,0022400702,2025-02-03T00:00:00,NYK vs. HOU,W,39.285,8.2,16.5,0.5,1.8,6.4,0.286,1.8,3.7,0.5,0.9,1.8,2.7,3.7,0.9,0.9,1.8,0.0,0.0,1.8,20.2,26.6,36.3,0,0,33.9,1,1,13086,1,787,6093,6430,8526,10942,9716,11433,11166,8553,10625,13838,20155,20357,10888,16295,12584,3978,8846,20257,13794,7780,2507,10173,2246,150,10923,1,39:17
2024-25,1629027,Trae Young,Trae,1610612737,ATL,Atlanta Hawks,0022400701,2025-02-03T00:00:00,ATL @ DET,W,34.94,9.3,16.5,0.563,4.1,8.2,0.5,12.4,14.4,0.857,0.0,0.0,0.0,9.3,5.2,0.0,0.0,0.0,5.2,9.3,35.0,-11.3,43.8,0,0,48.4,1,1,13086,1,3512,4252,6448,7127,3737,6010,3944,309,399,7071,14058,22137,23286,1818,2168,12854,8263,8846,4282,577,951,18449,5773,2246,150,3011,1,34:56
2024-25,1628976,Wendell Carter Jr.,Wendell,1610612753,ORL,Orlando Magic,0022400708,2025-02-03T00:00:00,ORL @ GSW,L,27.85,3.9,5.2,0.75,0.0,0.0,0.0,0.0,0.0,0.0,2.6,9.0,11.6,9.0,1.3,0.0,0.0,0.0,1.3,2.6,7.8,18.1,34.0,0,0,28.4,1,13222,1,13222,9671,17387,23344,2107,15070,20945,15070,13505,14344,13505,6389,3461,3817,1983,13839,12854,8263,8846,18060,10689,20125,4529,11817,2246,150,15119,1,27:51
2024-25,1641748,Andre Jackson Jr.,Andre,1610612749,MIL,Milwaukee Bucks,0022400705,2025-02-03T00:00:00,MIL @ OKC,L,22.528333333333332,6.4,12.8,0.5,1.6,3.2,0.5,1.6,3.2,0.5,4.8,1.6,6.4,3.2,1.6,3.2,1.6,0.0,1.6,3.2,16.0,-54.3,41.2,0,0,36.8,1,13222,1,13222,14091,10467,12241,8526,11681,17276,3944,11600,9531,10625,2572,20681,11417,12335,12343,2750,4559,8846,16883,8579,11943,25552,7034,2246,150,8875,1,22:32
2024-25,1629631,De'Andre Hunter,De'Andre,1610612737,ATL,Atlanta Hawks,0022400701,2025-02-03T00:00:00,ATL @ DET,W,30.733333333333334,8.2,16.4,0.5,4.7,9.4,0.5,2.3,2.3,1.0,0.0,0.0,0.0,0.0,0.0,0.0,0.0,1.2,4.7,2.3,23.4,-4.7,23.4,0,0,28.1,1,1,13086,1,7100,6208,6547,8526,2749,4288,3944,9473,11649,1,14058,22137,23286,19908,16469,12854,8263,6469,5319,11573,5179,15413,19296,2246,150,15351,1,30:44
2024-25,1642258,Zaccharie Risacher,Zaccharie,1610612737,ATL,Atlanta Hawks,0022400701,2025-02-03T00:00:00,ATL @ DET,W,25.666666666666668,7.0,12.6,0.556,2.8,8.4,0.333,7.0,8.4,0.833,0.0,4.2,4.2,2.8,0.0,1.4,0.0,0.0,1.4,4.2,23.8,4.2,37.3,0,0,36.5,1,1,13086,1,11427,8894,12524,7248,7194,5719,9209,1999,2249,7275,14058,13092,16780,13571,16469,8885,8263,8846,17611,5821,4912,10537,9469,2246,150,9066,1,25:40
2024-25,203471,Dennis Schröder,Dennis,1610612744,GSW,Golden State Warriors,0022400708,2025-02-03T00:00:00,GSW vs. ORL,W,18.618333333333332,5.8,11.6,0.5,5.8,5.8,1.0,0.0,0.0,0.0,0.0,3.9,3.9,1.9,1.9,3.9,0.0,0.0,5.8,3.9,17.4,-17.4,34.6,0,0,36.7,1,1,13086,1,17092,12111,14303,8526,1478,11202,1,13505,14344,13505,14058,14133,17662,16630,10885,1774,8263,8846,3221,6662,10426,20745,11362,2246,150,8893,1,18:37
2024-25,101108,Chris Paul,Chris,1610612759,SAS,San Antonio Spurs,0022400703,2025-02-03T00:00:00,SAS @ MEM,L,28.455,1.3,5.1,0.25,1.3,3.8,0.333,0.0,0.0,0.0,0.0,5.1,5.1,10.1,3.8,2.5,0.0,0.0,2.5,3.8,3.8,0.0,28.8,0,0,25.3,1,13222,1,13222,9163,22437,23419,20233,13009,16009,9209,13505,14344,13505,14058,10697,14634,1375,4339,4307,8263,8846,12672,6863,22653,12240,15598,2246,150,17432,1,28:27
2024-25,1641718,Keyonte George,Keyonte,1610612762,UTA,Utah Jazz,0022400707,2025-02-03T00:00:00,UTA vs. IND,L,30.973333333333333,5.8,17.4,0.333,4.6,12.8,0.364,2.3,4.6,0.5,1.2,8.1,9.3,12.8,7.0,1.2,0.0,2.3,1.2,3.5,18.6,2.3,45.4,1,0,47.7,1,13222,1,13222,6901,12086,5319,17395,2809,1399,9100,9547,6579,10625,12035,4506,6317,567,899,10489,8263,2382,18751,7697,9224,11454,4974,1,150,3265,1,30:58
2024-25,1630249,Vít Krejčí,Vít,1610612737,ATL,Atlanta Hawks,0022400701,2025-02-03T00:00:00,ATL @ DET,W,28.3,6.4,11.4,0.556,3.8,7.6,0.5,0.0,0.0,0.0,0.0,5.1,5.1,2.5,1.3,1.3,1.3,0.0,2.5,0.0,16.5,0.0,32.8,0,0,33.1,1,1,13086,1,9299,10539,14571,7248,4389,7116,3944,13505,14344,13505,14058,10606,14552,14383,13954,9635,5785,8846,12624,17725,11351,12240,12707,2246,150,11601,1,28:18
2024-25,204456,T.J. McConnell,T.J.,1610612754,IND,Indiana Pacers,0022400707,2025-02-03T00:00:00,IND @ UTA,W,13.685,5.3,18.4,0.286,0.0,0.0,0.0,0.0,0.0,0.0,0.0,5.3,5.3,15.8,5.3,5.3,2.6,2.6,0.0,0.0,10.5,18.4,58.9,0,0,47.4,1,1,13086,1,20372,13640,4279,19630,15070,20945,15070,13505,14344,13505,14058,10131,14135,228,2050,756,2178,1836,20257,17725,17640,4435,1341,2246,150,3355,1,13:41
2024-25,1630198,Isaiah Joe,Isaiah,1610612760,OKC,Oklahoma City Thunder,0022400705,2025-02-03T00:00:00,OKC vs. MIL,W,22.633333333333333,8.0,14.3,0.556,8.0,12.7,0.625,4.8,4.8,1.0,0.0,4.8,4.8,3.2,0.0,1.6,0.0,0.0,3.2,4.8,28.6,30.2,43.9,0,0,47.7,1,1,13086,1,14002,6728,9662,7248,470,1413,2868,4389,6349,1,14058,11509,15366,12387,16469,8026,8263,8846,9941,4568,2560,1939,5720,2246,150,3248,1,22:38
2024-25,1629726,Garrison Mathews,Garrison,1610612737,ATL,Atlanta Hawks,0022400701,2025-02-03T00:00:00,ATL @ DET,W,11.583333333333334,0.0,15.5,0.0,0.0,9.3,0.0,9.3,9.3,1.0,0.0,12.4,12.4,0.0,0.0,3.1,0.0,0.0,9.3,3.1,9.3,34.2,33.6,0,0,28.0,1,1,13086,1,21452,22635,7767,22635,15070,4344,15070,894,1694,1,14058,1181,3169,19908,16469,2919,8263,8846,864,8858,18791,1480,12144,2246,150,15440,1,11:35
2024-25,1629627,Zion Williamson,Zion,1610612740,NOP,New Orleans Pelicans,0022400706,2025-02-03T00:00:00,NOP @ DEN,L,28.35,6.3,16.5,0.385,0.0,0.0,0.0,5.1,7.6,0.667,1.3,6.3,7.6,6.3,1.3,1.3,1.3,1.3,3.8,3.8,17.8,1.3,42.8,0,0,36.8,1,13222,1,13222,9255,10568,6412,16070,15070,20945,15070,3917,2798,9425,11362,7596,8936,4931,13969,9651,5799,5814,7708,6824,10052,11965,6228,2246,150,8824,1,28:21
2024-25,1642270,Donovan Clingan,Donovan,1610612757,POR,Portland Trail Blazers,0022400709,2025-02-03T00:00:00,POR vs. PHX,W,9.566666666666666,7.5,15.1,0.5,0.0,0.0,0.0,0.0,7.5,0.0,3.8,15.1,18.8,0.0,0.0,0.0,0.0,0.0,3.8,3.8,15.1,-22.6,37.6,0,0,33.9,1,1,13086,1,22255,7695,8509,8526,15070,20945,15070,13505,2875,13505,3944,558,727,19908,16469,12854,8263,8846,7866,6951,12853,22240,9264,2246,150,10953,1,9:34
2024-25,1629026,Kenrich Williams,Kenrich,1610612760,OKC,Oklahoma City Thunder,0022400705,2025-02-03T00:00:00,OKC vs. MIL,W,21.766666666666666,3.3,14.9,0.222,0.0,5.0,0.0,0.0,0.0,0.0,3.3,1.7,5.0,6.6,1.7,3.3,0.0,1.7,5.0,0.0,6.6,36.4,30.8,0,0,24.8,1,1,13086,1,14698,18734,8772,21205,15070,13293,15070,13505,14344,13505,4734,20555,14900,4550,12117,2547,8263,4275,4703,17725,20979,1255,14230,2246,150,17822,1,21:46
2024-25,1630256,Jae'Sean Tate,Jae'Sean,1610612745,HOU,Houston Rockets,0022400702,2025-02-03T00:00:00,HOU @ NYK,L,21.523333333333333,6.7,11.7,0.571,0.0,1.7,0.0,0.0,0.0,0.0,1.7,0.0,1.7,10.0,0.0,1.7,0.0,1.7,6.7,1.7,13.4,-40.1,35.5,0,0,28.4,1,13222,1,13222,14924,9708,14098,6538,15070,20075,15070,13505,14344,13505,9664,22137,22333,1415,16469,7709,8263,4213,2226,14357,14641,24851,10759,2246,150,15127,1,21:31
2024-25,1631110,Jeremy Sochan,Jeremy,1610612759,SAS,San Antonio Spurs,0022400703,2025-02-03T00:00:00,SAS @ MEM,L,21.383333333333333,10.1,15.2,0.667,3.4,3.4,1.0,0.0,0.0,0.0,5.1,8.4,13.5,5.1,5.1,1.7,0.0,1.7,5.1,1.7,23.6,-8.4,47.3,0,0,48.8,1,13222,1,13222,15006,3110,8333,3281,5464,16933,1,13505,14344,13505,2324,4139,2498,7350,2277,7670,8263,4190,4493,14326,5080,17147,4209,2246,150,2885,1,21:23
2024-25,1630595,Cade Cunningham,Cade,1610612765,DET,Detroit Pistons,0022400701,2025-02-03T00:00:00,DET vs. ATL,L,38.083333333333336,7.6,21.7,0.348,0.9,5.7,0.167,12.3,12.3,1.0,0.9,4.7,5.7,13.2,2.8,0.0,0.0,4.7,1.9,6.6,28.4,9.5,52.2,1,0,48.2,1,13222,1,13222,1336,7618,1931,17377,14812,11522,14236,316,704,1,13688,11631,13104,494,7086,12854,8263,432,15740,1967,2650,7963,2670,1,150,3080,1,38:05
2024-25,203497,Rudy Gobert,Rudy,1610612750,MIN,Minnesota Timberwolves,0022400704,2025-02-03T00:00:00,MIN vs. SAC,L,40.02166666666667,7.2,8.1,0.889,0.0,0.0,0.0,2.7,2.7,1.0,6.3,5.4,11.7,2.7,0.0,0.9,1.8,0.9,1.8,2.7,17.1,-3.6,43.3,1,0,36.9,1,13222,1,13222,558,8466,20096,1318,15070,20945,15070,8583,10749,1,1475,9795,3767,13915,16469,12668,4062,8662,16195,10320,10751,14847,6004,1,150,8797,1,40:01
2024-25,1641842,Ronald Holland II,Ronald,1610612765,DET,Detroit Pistons,0022400701,2025-02-03T00:00:00,DET vs. ATL,L,15.666666666666666,4.6,6.9,0.667,2.3,4.6,0.5,2.3,2.3,1.0,0.0,6.9,6.9,2.3,4.6,0.0,0.0,0.0,6.9,4.6,13.8,-29.9,20.9,0,0,25.3,1,13222,1,13222,19151,15512,21683,3281,8855,14200,3944,9628,11784,1,14058,6545,10336,15238,2854,12854,8263,8846,2065,4953,14179,23713,20732,2246,150,17454,1,15:40
2024-25,1631109,Mark Williams,Mark,1610612766,CHA,Charlotte Hornets,0022400700,2025-02-03T00:00:00,CHA vs. WAS,L,32.141666666666666,7.8,13.4,0.583,0.0,0.0,0.0,10.1,11.2,0.9,2.2,13.4,15.7,2.2,0.0,1.1,1.1,1.1,2.2,6.7,25.8,2.2,54.7,1,0,48.2,1,13222,1,13222,5856,6985,11101,6296,15070,20945,15070,676,973,6805,7458,887,1527,15481,16469,10865,6672,6876,13927,1883,3803,11493,2059,1,150,3097,1,32:09
2024-25,1641733,Nick Smith Jr.,Nick,1610612766,CHA,Charlotte Hornets,0022400700,2025-02-03T00:00:00,CHA vs. WAS,L,38.9,8.3,14.8,0.563,3.7,6.5,0.571,1.9,1.9,1.0,0.9,2.8,3.7,1.9,1.9,0.9,0.0,0.0,3.7,0.9,22.2,-10.2,30.4,0,0,33.3,1,13222,1,13222,915,5925,8893,7127,4696,9595,3506,11117,13108,1,13803,17479,18068,16926,11316,12536,8263,8846,8068,17611,6071,17963,14534,2246,150,11390,1,38:54
2024-25,1631099,Keegan Murray,Keegan,1610612758,SAC,Sacramento Kings,0022400704,2025-02-03T00:00:00,SAC @ MIN,W,39.56666666666667,6.4,10.0,0.636,1.8,3.6,0.5,2.7,3.6,0.75,1.8,4.5,6.4,0.9,0.9,0.9,0.0,1.8,0.9,1.8,17.3,-1.8,28.1,0,0,28.2,1,1,13086,1,699,10517,17041,4689,10996,16354,3944,8508,8604,8186,9169,12125,11468,19854,16322,12615,8263,3836,20118,13849,10541,13929,16125,2246,150,15289,1,39:34
2024-25,201144,Mike Conley,Mike,1610612750,MIN,Minnesota Timberwolves,0022400704,2025-02-03T00:00:00,MIN vs. SAC,L,26.56,2.7,10.8,0.25,1.4,4.1,0.333,0.0,0.0,0.0,1.4,2.7,4.1,12.2,0.0,0.0,0.0,1.4,2.7,1.4,6.8,6.8,30.0,0,0,24.4,1,13222,1,13222,10682,20061,15623,20233,12628,15440,9209,13505,14344,13505,10958,17664,17143,678,16469,12854,8263,5377,12000,15644,20877,9253,14830,2246,150,18079,1,26:34
2024-25,1631101,Shaedon Sharpe,Shaedon,1610612757,POR,Portland Trail Blazers,0022400709,2025-02-03T00:00:00,POR vs. PHX,W,19.183333333333334,3.8,9.4,0.4,1.9,7.5,0.25,7.5,7.5,1.0,0.0,1.9,1.9,3.8,1.9,0.0,0.0,0.0,0.0,5.6,16.9,-20.6,22.9,0,0,24.4,1,1,13086,1,16683,17699,18144,14933,10731,7380,11902,1659,2901,1,14058,20031,22041,10640,11172,12854,8263,8846,20257,3152,10972,21737,19624,2246,150,18081,1,19:11
2024-25,1631217,Moussa Diabaté,Moussa,1610612766,CHA,Charlotte Hornets,0022400700,2025-02-03T00:00:00,CHA vs. WAS,L,16.375,2.2,4.4,0.5,0.0,0.0,0.0,6.6,8.8,0.75,4.4,11.0,15.4,2.2,2.2,0.0,0.0,0.0,2.2,8.8,11.0,-26.4,30.6,0,0,28.6,1,13222,1,13222,18673,21043,23861,8526,15070,20945,15070,2321,1994,8186,3054,1906,1611,15629,9512,12854,8263,8846,14102,722,17185,23106,14380,2246,150,15006,1,16:23
2024-25,1630532,Franz Wagner,Franz,1610612753,ORL,Orlando Magic,0022400708,2025-02-03T00:00:00,ORL @ GSW,L,36.781666666666666,8.8,18.6,0.474,1.0,4.9,0.2,2.0,2.9,0.667,1.0,2.0,2.9,4.9,2.0,2.0,0.0,0.0,5.9,2.0,20.6,-7.8,35.3,0,0,33.3,1,13222,1,13222,2134,5065,4125,12072,14663,13455,13429,10786,10130,9425,13437,19804,19898,7699,10739,6468,8263,8846,3115,13287,7442,16890,10844,2246,150,11427,1,36:47
2024-25,1642268,Isaiah Collier,Isaiah,1610612762,UTA,Utah Jazz,0022400707,2025-02-03T00:00:00,UTA vs. IND,L,31.94,5.6,13.5,0.417,1.1,4.5,0.25,0.0,0.0,0.0,0.0,1.1,1.1,11.3,2.3,1.1,0.0,1.1,3.4,0.0,12.4,4.5,31.8,1,0,28.2,1,13222,1,13222,6029,12599,10966,14532,13788,14412,11902,13505,14344,13505,14058,21691,23041,908,9291,10802,8263,6819,9149,17725,15718,10385,13486,1,150,15311,1,31:56
2024-25,1641716,Jarace Walker,Jarace,1610612754,IND,Indiana Pacers,0022400707,2025-02-03T00:00:00,IND @ UTA,W,18.483333333333334,7.8,11.7,0.667,0.0,3.9,0.0,1.9,5.8,0.333,0.0,5.8,5.8,1.9,0.0,0.0,3.9,0.0,5.8,3.9,17.5,-1.9,39.1,0,0,33.1,1,1,13086,1,17211,7084,14146,3281,15070,15804,15070,10812,4695,13132,14058,8685,12663,16567,16469,12854,972,8846,3148,6574,10296,14014,8300,2246,150,11560,1,18:29
2024-25,1631094,Paolo Banchero,Paolo,1610612753,ORL,Orlando Magic,0022400708,2025-02-03T00:00:00,ORL @ GSW,L,37.43333333333333,8.7,23.1,0.375,0.0,5.8,0.0,0.0,1.0,0.0,1.0,4.8,5.8,2.9,1.9,1.0,0.0,0.0,1.9,3.8,17.3,-23.1,29.5,0,0,27.9,1,13222,1,13222,1716,5336,1363,16299,15070,11276,15070,13505,14271,13505,13561,11408,12838,13329,10933,12265,8263,8846,15556,6721,10519,22351,15129,2246,150,15505,1,37:26
2024-25,1641709,Ausar Thompson,Ausar,1610612765,DET,Detroit Pistons,0022400701,2025-02-03T00:00:00,DET vs. ATL,L,25.416666666666668,5.7,8.5,0.667,0.0,0.0,0.0,7.1,8.5,0.833,0.0,5.7,5.7,5.7,4.2,4.2,0.0,0.0,7.1,7.1,18.4,2.8,42.2,0,0,38.2,1,13222,1,13222,11644,12522,19497,3281,15070,20945,15070,1959,2191,7275,14058,9129,13119,6113,3418,1419,8263,8846,1914,1597,9402,11205,6523,2246,150,7868,1,25:25
2024-25,1629614,Andrew Nembhard,Andrew,1610612754,IND,Indiana Pacers,0022400707,2025-02-03T00:00:00,IND @ UTA,W,29.666666666666668,4.9,6.1,0.8,2.4,3.6,0.667,0.0,0.0,0.0,0.0,3.6,3.6,9.7,1.2,2.4,0.0,0.0,4.9,1.2,12.1,-8.5,37.1,0,0,32.8,1,1,13086,1,8079,14794,22540,1688,8383,16351,1957,13505,14344,13505,14058,14818,18224,1586,14337,4603,8263,8846,4940,16334,15993,17181,9602,2246,150,11828,1,29:40
2024-25,1630590,Scotty Pippen Jr.,Scotty,1610612763,MEM,Memphis Grizzlies,0022400703,2025-02-03T00:00:00,MEM vs. SAS,W,21.916666666666668,6.6,13.1,0.5,0.0,3.3,0.0,4.9,4.9,1.0,0.0,1.6,1.6,8.2,1.6,3.3,1.6,0.0,3.3,4.9,18.1,26.3,45.5,0,0,37.8,1,1,13086,1,14561,10012,11596,8526,15070,17098,15070,4151,6070,1,14058,20579,22374,2683,12169,2593,4447,8846,9500,4247,9772,2560,4938,2246,150,8185,1,21:55
2024-25,1641890,Tyler Smith,Tyler,1610612749,MIL,Milwaukee Bucks,0022400705,2025-02-03T00:00:00,MIL @ OKC,L,27.266666666666666,5.3,19.8,0.267,4.0,13.2,0.3,1.3,2.6,0.5,2.6,6.6,9.2,4.0,4.0,2.6,0.0,0.0,2.6,2.6,15.8,2.6,36.8,0,0,38.3,1,13222,1,13222,10130,13588,3108,20170,4072,1205,11319,12246,10883,10625,6243,7100,6393,10041,3950,4041,8263,8846,12276,10505,12088,11298,9813,2246,150,7832,1,27:16
2024-25,1642264,Stephon Castle,Stephon,1610612759,SAS,San Antonio Spurs,0022400703,2025-02-03T00:00:00,SAS @ MEM,L,28.128333333333334,11.5,21.8,0.529,2.6,6.4,0.4,1.3,3.8,0.333,1.3,6.4,7.7,6.4,6.4,1.3,0.0,2.6,2.6,2.6,26.9,-6.4,43.1,0,0,46.1,1,13222,1,13222,9441,1859,1922,8281,7945,9755,7874,12354,8158,13132,11298,7510,8836,4855,1179,9585,8263,1934,12565,10760,3258,16247,6068,2246,150,3791,1,28:08
2024-25,1627752,Taurean Prince,Taurean,1610612749,MIL,Milwaukee Bucks,0022400705,2025-02-03T00:00:00,MIL @ OKC,L,15.55,6.9,16.2,0.429,4.6,9.3,0.5,0.0,0.0,0.0,0.0,4.6,4.6,4.6,2.3,0.0,0.0,0.0,4.6,0.0,18.5,-55.6,28.7,0,0,32.4,1,13222,1,13222,19219,9056,6829,13735,2838,4441,3944,13505,14344,13505,14058,11910,15749,8350,9009,12854,8263,8846,5465,17725,9304,25578,15706,2246,150,12052,1,15:33
2024-25,1641816,Hunter Tyson,Hunter,1610612743,DEN,Denver Nuggets,0022400706,2025-02-03T00:00:00,DEN vs. NOP,W,8.683333333333334,0.0,0.0,0.0,0.0,0.0,0.0,0.0,0.0,0.0,0.0,8.3,8.3,0.0,0.0,0.0,4.1,0.0,0.0,0.0,0.0,8.3,22.4,0,0,16.6,1,1,13086,1,22568,22635,24836,22635,15070,20945,15070,13505,14344,13505,14058,4297,7779,19908,16469,12854,839,8846,20257,17725,23200,8494,19934,2246,150,22476,1,8:41
2024-25,1630811,Keaton Wallace,Keaton,1610612737,ATL,Atlanta Hawks,0022400701,2025-02-03T00:00:00,ATL @ DET,W,13.06,0.0,5.5,0.0,0.0,0.0,0.0,5.5,5.5,1.0,0.0,0.0,0.0,11.0,2.8,0.0,0.0,0.0,8.3,2.8,5.5,35.8,19.3,0,0,16.5,1,1,13086,1,20715,22635,23080,22635,15070,20945,15070,3403,5176,1,14058,22137,23286,990,7355,12854,8263,8846,1243,10124,21727,1311,21503,2246,150,22492,1,13:04
2024-25,1629673,Jordan Poole,Jordan,1610612764,WAS,Washington Wizards,0022400700,2025-02-03T00:00:00,WAS @ CHA,W,31.633333333333333,2.3,12.5,0.182,2.3,9.1,0.25,0.0,0.0,0.0,0.0,3.4,3.4,6.8,3.4,1.1,2.3,0.0,2.3,2.3,6.8,-4.6,28.0,0,0,26.2,1,1,13086,1,6299,20891,12696,21891,8944,4658,11902,13505,14344,13505,14058,15481,18753,4256,5199,10696,2783,8846,13741,11834,20840,15347,16232,2246,150,16815,1,31:38
2024-25,1631172,Ousmane Dieng,Ousmane,1610612760,OKC,Oklahoma City Thunder,0022400705,2025-02-03T00:00:00,OKC vs. MIL,W,31.02166666666667,10.4,15.1,0.692,3.5,5.8,0.6,0.0,0.0,0.0,3.5,5.8,9.3,5.8,4.6,1.2,0.0,0.0,1.2,1.2,24.4,1.2,43.1,0,0,45.3,1,1,13086,1,6864,2767,8453,3171,5186,11198,2992,13505,14344,13505,4404,8790,6341,5854,2790,10502,8263,8846,18762,16596,4567,12040,6112,2246,150,4123,1,31:01
2024-25,1641810,Antonio Reeves,Antonio,1610612740,NOP,New Orleans Pelicans,0022400706,2025-02-03T00:00:00,NOP @ DEN,L,4.516666666666667,8.0,8.0,1.0,8.0,8.0,1.0,0.0,0.0,0.0,0.0,0.0,0.0,0.0,0.0,0.0,0.0,0.0,0.0,0.0,23.9,15.9,23.9,0,0,31.9,1,13222,1,13222,24226,6686,20298,1,460,6487,1,13505,14344,13505,14058,22137,23286,19908,16469,12854,8263,8846,20257,17725,4864,5266,19011,2246,150,12467,1,4:31
2024-25,1641739,Toumani Camara,Toumani,1610612757,POR,Portland Trail Blazers,0022400709,2025-02-03T00:00:00,POR vs. PHX,W,45.1,4.8,6.4,0.75,4.0,5.6,0.714,0.0,0.0,0.0,0.0,4.0,4.0,0.8,0.8,0.8,0.8,0.0,2.4,0.8,13.6,11.2,23.5,0,0,25.5,1,1,13086,1,54,14976,22229,2107,4017,11753,1861,13505,14344,13505,14058,13754,17342,19903,16456,12838,8244,8846,13233,17718,14416,7150,19231,2246,150,17252,1,45:06
2024-25,1631117,Walker Kessler,Walker,1610612762,UTA,Utah Jazz,0022400707,2025-02-03T00:00:00,UTA vs. IND,L,34.00333333333333,3.2,5.3,0.6,0.0,0.0,0.0,3.2,7.4,0.429,4.2,9.5,13.8,1.1,3.2,1.1,3.2,1.1,3.2,4.2,9.5,4.2,37.2,0,0,32.8,1,13222,1,13222,4263,19047,23265,5394,15070,20945,15070,7383,2989,13040,3264,2978,2355,19496,5890,11405,1500,7416,9976,5754,18608,10527,9571,2246,150,11791,1,34:00
2024-25,1631165,Keon Ellis,Keon,1610612758,SAC,Sacramento Kings,0022400704,2025-02-03T00:00:00,SAC @ MIN,W,34.35166666666667,5.2,8.4,0.625,3.1,3.1,1.0,0.0,0.0,0.0,1.0,2.1,3.1,2.1,3.1,3.1,2.1,0.0,2.1,1.0,13.6,7.3,33.1,0,0,32.5,1,1,13086,1,3962,13697,19659,4899,6117,17379,1,13505,14344,13505,12895,19373,19393,16016,6007,2850,3219,8846,14631,17182,14359,8968,12500,2246,150,11999,1,34:21
2024-25,1630168,Onyeka Okongwu,Onyeka,1610612737,ATL,Atlanta Hawks,0022400701,2025-02-03T00:00:00,ATL @ DET,W,28.133333333333333,6.4,9.0,0.714,0.0,1.3,0.0,2.6,2.6,1.0,1.3,9.0,10.2,1.3,1.3,0.0,2.6,0.0,3.8,2.6,15.4,-12.8,36.0,0,0,32.0,1,1,13086,1,9432,10455,18785,2752,15070,20517,15070,8902,11069,1,11299,3561,5191,18725,13911,12854,2276,8846,7630,10761,12563,19052,10395,2246,150,12398,1,28:08
2024-25,1631209,Isaiah Wong,Isaiah,1610612766,CHA,Charlotte Hornets,0022400700,2025-02-03T00:00:00,CHA vs. WAS,L,5.483333333333333,6.6,13.1,0.5,6.6,6.6,1.0,0.0,0.0,0.0,0.0,0.0,0.0,6.6,13.1,0.0,0.0,0.0,6.6,0.0,19.7,-59.1,16.4,0,0,32.8,1,13222,1,13222,23796,10026,11619,8526,965,9398,1,13505,14344,13505,14058,22137,23286,4618,161,12854,8263,8846,2354,17725,8162,25663,22694,2246,150,11784,1,5:29
2024-25,1641783,Tristan da Silva,Tristan,1610612753,ORL,Orlando Magic,0022400708,2025-02-03T00:00:00,ORL @ GSW,L,10.876666666666667,3.3,6.6,0.5,0.0,3.3,0.0,0.0,0.0,0.0,3.3,3.3,6.6,3.3,3.3,0.0,0.0,0.0,0.0,0.0,6.6,23.2,16.2,0,0,16.5,1,13222,1,13222,21766,18731,21993,8526,15070,17049,15070,13505,14344,13505,4727,15765,10908,11944,5478,12854,8263,8846,20257,17725,20978,3226,22768,2246,150,22486,1,10:53
2024-25,1631124,Julian Strawther,Julian,1610612743,DEN,Denver Nuggets,0022400706,2025-02-03T00:00:00,DEN vs. NOP,W,23.663333333333334,9.1,15.2,0.6,1.5,7.6,0.2,3.0,6.1,0.5,1.5,3.0,4.6,3.0,3.0,3.0,0.0,0.0,1.5,4.6,22.8,13.7,38.9,0,0,38.0,1,1,13086,1,13183,4490,8225,5394,11958,7160,13429,7685,4364,10625,10229,16575,15892,12786,6301,3062,8263,8846,17140,5023,5618,6131,8447,2246,150,8007,1,23:40
2024-25,1630574,Ariel Hukporti,Ariel,1610612752,NYK,New York Knicks,0022400702,2025-02-03T00:00:00,NYK vs. HOU,W,8.418333333333333,0.0,0.0,0.0,0.0,0.0,0.0,0.0,0.0,0.0,4.3,4.3,8.6,0.0,0.0,0.0,4.3,0.0,17.1,0.0,0.0,-59.9,23.1,0,0,17.1,1,1,13086,1,22655,22635,24836,22635,15070,20945,15070,13505,14344,13505,3202,12880,7396,19908,16469,12854,774,8846,174,17725,23200,25685,19506,2246,150,22257,1,8:25
2024-25,1629048,Goga Bitadze,Goga,1610612753,ORL,Orlando Magic,0022400708,2025-02-03T00:00:00,ORL @ GSW,L,20.15,3.6,14.3,0.25,0.0,0.0,0.0,3.6,8.9,0.4,10.7,14.3,25.0,1.8,3.6,1.8,1.8,0.0,1.8,7.1,10.7,-33.9,50.6,0,0,44.7,1,13222,1,13222,15903,18147,9703,20233,15070,20945,15070,6545,1906,13061,324,697,193,17129,4834,7307,4087,8846,16246,1548,17453,24294,3112,2246,150,4406,1,20:09
2024-25,201942,DeMar DeRozan,DeMar,1610612758,SAC,Sacramento Kings,0022400704,2025-02-03T00:00:00,SAC @ MIN,W,37.66166666666667,13.4,23.9,0.56,1.9,3.8,0.5,2.9,3.8,0.75,0.0,4.8,4.8,6.7,0.0,0.0,0.0,1.0,0.0,1.9,31.5,-1.0,47.3,0,0,44.9,1,1,13086,1,1601,881,1088,7232,10583,15944,3944,8177,8193,8186,14058,11487,15346,4440,16469,12854,8263,8292,20257,13469,1628,13506,4204,2246,150,4302,1,37:40
2024-25,1628404,Josh Hart,Josh,1610612752,NYK,New York Knicks,0022400702,2025-02-03T00:00:00,NYK vs. HOU,W,40.06666666666667,7.2,10.8,0.667,0.0,0.9,0.0,2.7,2.7,1.0,1.8,5.4,7.2,4.5,3.6,0.9,0.9,0.9,1.8,3.6,17.1,-1.8,34.2,0,0,32.3,1,1,13086,1,546,8485,15727,3281,15070,20927,15070,8589,10759,1,9250,9808,9772,8671,4790,12672,8092,8667,16201,7400,10784,13919,11628,2246,150,12112,1,40:04
2024-25,1630162,Anthony Edwards,Anthony,1610612750,MIN,Minnesota Timberwolves,0022400704,2025-02-03T00:00:00,MIN vs. SAC,L,37.53333333333333,6.7,20.1,0.333,2.9,9.6,0.3,3.8,3.8,1.0,1.0,4.8,5.8,3.8,2.9,1.9,1.0,1.0,2.9,2.9,20.1,0.0,38.6,0,0,38.4,1,13222,1,13222,1662,9654,2877,17395,6952,3990,11319,6005,8164,1,13579,11451,12890,10400,6931,6673,7758,8270,11289,9665,7803,12240,8668,2246,150,7787,1,37:32
2024-25,203500,Steven Adams,Steven,1610612745,HOU,Houston Rockets,0022400702,2025-02-03T00:00:00,HOU @ NYK,L,26.476666666666667,5.4,12.2,0.444,0.0,0.0,0.0,0.0,0.0,0.0,9.5,8.2,17.7,1.4,1.4,0.0,1.4,1.4,4.1,2.7,10.9,24.5,36.8,0,0,32.6,1,13222,1,13222,10756,13160,13206,13045,15070,20945,15070,13505,14344,13505,468,4476,970,18470,13517,12854,5408,5361,6906,10262,17287,2932,9802,2246,150,11920,1,26:29
2024-25,1628970,Miles Bridges,Miles,1610612766,CHA,Charlotte Hornets,0022400700,2025-02-03T00:00:00,CHA vs. WAS,L,36.7,8.8,20.6,0.429,2.0,6.9,0.286,3.9,3.9,1.0,2.9,6.9,9.8,9.8,2.0,0.0,0.0,0.0,0.0,3.9,23.5,11.8,48.1,1,1,45.1,1,13222,1,13222,2195,5009,2576,13735,10339,8741,11433,5837,8003,1,5476,6592,5665,1532,10713,12854,8263,8846,20257,6507,5099,6896,3956,1,1,4204,1,36:42
2024-25,1630631,Jose Alvarado,Jose,1610612740,NOP,New Orleans Pelicans,0022400706,2025-02-03T00:00:00,NOP @ DEN,L,22.28,4.8,11.3,0.429,3.2,9.7,0.333,0.0,0.0,0.0,0.0,3.2,3.2,6.5,1.6,0.0,0.0,0.0,6.5,0.0,12.9,-14.5,24.9,0,0,25.9,1,13222,1,13222,14300,14817,14807,13735,5866,3856,9209,13505,14344,13505,14058,15987,19145,4770,12274,12854,8263,8846,2430,17725,15172,19725,18365,2246,150,17035,1,22:17
2024-25,1628371,Jonathan Isaac,Jonathan,1610612753,ORL,Orlando Magic,0022400708,2025-02-03T00:00:00,ORL @ GSW,L,10.566666666666666,3.4,23.8,0.143,0.0,10.2,0.0,0.0,0.0,0.0,13.6,6.8,20.4,3.4,0.0,3.4,0.0,0.0,10.2,0.0,6.8,64.7,46.7,0,0,37.5,1,13222,1,13222,21884,18530,1105,22260,15070,3250,15070,13505,14344,13505,167,6680,475,11669,16469,2367,8263,8846,661,17725,20854,290,4453,2246,150,8382,1,10:34
2024-25,1631204,Marcus Sasser,Marcus,1610612765,DET,Detroit Pistons,0022400701,2025-02-03T00:00:00,DET vs. ATL,L,9.916666666666666,0.0,3.6,0.0,0.0,0.0,0.0,7.3,7.3,1.0,0.0,10.9,10.9,7.3,7.3,3.6,0.0,0.0,3.6,3.6,7.3,-43.6,34.9,0,0,32.7,1,13222,1,13222,22132,22635,24256,22635,15070,20945,15070,1825,3123,1,14058,1961,4508,3672,790,2059,8263,8846,8324,7307,20518,25097,11159,2246,150,11894,1,9:55
2024-25,203486,Mason Plumlee,Mason,1610612756,PHX,Phoenix Suns,0022400709,2025-02-03T00:00:00,PHX @ POR,L,21.06,5.1,6.8,0.75,0.0,0.0,0.0,0.0,3.4,0.0,6.8,13.7,20.5,6.8,1.7,0.0,0.0,0.0,3.4,1.7,10.3,20.5,43.4,0,0,37.6,1,13222,1,13222,15252,14014,21744,2107,15070,20945,15070,13505,9048,13505,1208,827,464,4235,11879,12854,8263,8846,9011,14237,17898,3812,5925,2246,150,8283,1,21:04
2024-25,1629646,Charles Bassey,Charles,1610612759,SAS,San Antonio Spurs,0022400703,2025-02-03T00:00:00,SAS @ MEM,L,6.733333333333333,5.3,16.0,0.333,0.0,0.0,0.0,10.7,10.7,1.0,5.3,5.3,10.7,5.3,0.0,0.0,0.0,0.0,5.3,5.3,21.4,-85.5,42.2,0,0,37.4,1,13222,1,13222,23265,13414,7057,17395,15070,20945,15070,534,1114,1,2044,9906,4705,6726,16469,12854,8263,8846,3926,3562,6740,26051,6510,2246,150,8411,1,6:44
2024-25,1627763,Malcolm Brogdon,Malcolm,1610612764,WAS,Washington Wizards,0022400700,2025-02-03T00:00:00,WAS @ CHA,W,21.55,6.7,15.0,0.444,0.0,3.3,0.0,13.4,16.7,0.8,1.7,5.0,6.7,11.7,3.3,0.0,0.0,0.0,1.7,10.0,26.7,20.0,48.9,0,0,45.1,1,1,13086,1,14889,9728,8554,13045,15070,16980,15070,247,232,7681,9673,10852,10769,790,5385,12854,8263,8846,16621,413,3336,3935,3641,2246,150,4219,1,21:33
2024-25,1631222,Jake LaRavia,Jake,1610612763,MEM,Memphis Grizzlies,0022400703,2025-02-03T00:00:00,MEM vs. SAS,W,24.058333333333334,3.0,6.0,0.5,1.5,3.0,0.5,1.5,3.0,0.5,4.5,6.0,10.5,4.5,0.0,6.0,0.0,0.0,4.5,3.0,9.0,25.4,46.2,0,0,37.4,1,1,13086,1,12842,19451,22621,8526,12048,17681,3944,11807,9998,10625,2938,8366,4936,8685,16469,478,8263,8846,5807,9287,19108,2720,4653,2246,150,8424,1,24:04
2024-25,1628960,Grayson Allen,Grayson,1610612756,PHX,Phoenix Suns,0022400709,2025-02-03T00:00:00,PHX @ POR,L,34.055,4.2,9.5,0.444,3.2,8.5,0.375,0.0,0.0,0.0,1.1,2.1,3.2,2.1,0.0,2.1,1.1,0.0,2.1,3.2,11.6,2.1,28.1,0,0,26.4,1,13222,1,13222,4208,16521,17922,13045,6034,5659,8800,13505,14344,13505,12815,19322,19304,15955,16469,5724,7081,8846,14549,8665,16548,11559,16120,2246,150,16596,1,34:03
2024-25,1630700,Dyson Daniels,Dyson,1610612737,ATL,Atlanta Hawks,0022400701,2025-02-03T00:00:00,ATL @ DET,W,36.416666666666664,5.9,9.9,0.6,1.0,1.0,1.0,5.9,9.9,0.6,1.0,4.9,5.9,6.9,4.0,4.0,3.0,1.0,3.0,4.9,18.8,-8.9,53.1,0,0,46.5,1,1,13086,1,2394,11703,17271,5394,14609,20870,1,2936,1417,10343,13343,11043,12452,4109,3961,1680,1739,8017,10867,4216,9044,17383,2423,2246,150,3670,1,36:25
2024-25,1630540,Miles McBride,Miles,1610612752,NYK,New York Knicks,0022400702,2025-02-03T00:00:00,NYK vs. HOU,W,25.571666666666665,4.2,9.9,0.429,1.4,5.6,0.25,0.0,0.0,0.0,0.0,1.4,1.4,1.4,1.4,1.4,0.0,1.4,1.4,0.0,9.9,-2.8,16.5,0,0,16.9,1,1,13086,1,11515,16537,17320,13735,12421,11632,11902,13505,14344,13505,14058,21062,22676,18324,13239,8858,8263,5155,17600,17725,18307,14466,22679,2246,150,22352,1,25:34
2024-25,1630526,Jeremiah Robinson-Earl,Jeremiah,1610612740,NOP,New Orleans Pelicans,0022400706,2025-02-03T00:00:00,NOP @ DEN,L,8.216666666666667,0.0,4.4,0.0,0.0,0.0,0.0,0.0,0.0,0.0,4.4,0.0,4.4,0.0,0.0,0.0,0.0,0.0,4.4,0.0,0.0,-48.2,5.3,0,0,4.4,1,13222,1,13222,22729,22635,23869,22635,15070,20945,15070,13505,14344,13505,3075,22137,16333,19908,16469,12854,8263,8846,6063,17725,23200,25325,24986,2246,150,25164,1,8:13
2024-25,203926,Doug McDermott,Doug,1610612758,SAC,Sacramento Kings,0022400704,2025-02-03T00:00:00,SAC @ MIN,W,6.316666666666666,0.0,0.0,0.0,0.0,0.0,0.0,0.0,0.0,0.0,0.0,0.0,0.0,0.0,0.0,0.0,0.0,0.0,11.4,0.0,0.0,-5.7,0.0,0,0,0.0,1,1,13086,1,23450,22635,24836,22635,15070,20945,15070,13505,14344,13505,14058,22137,23286,19908,16469,12854,8263,8846,488,17725,23200,15917,25228,2246,150,25259,1,6:19
2024-25,1642377,Jaylen Wells,Jaylen,1610612763,MEM,Memphis Grizzlies,0022400703,2025-02-03T00:00:00,MEM vs. SAS,W,21.85,1.6,4.9,0.333,0.0,3.3,0.0,0.0,0.0,0.0,0.0,1.6,1.6,1.6,1.6,0.0,0.0,0.0,3.3,0.0,3.3,-3.3,6.1,0,0,6.6,1,1,13086,1,14613,21970,23502,17395,15070,17082,15070,13505,14344,13505,14058,20573,22370,17514,12152,12854,8263,8846,9473,17725,22851,14714,24905,2246,150,24937,1,21:51
2024-25,1641710,Anthony Black,Anthony,1610612753,ORL,Orlando Magic,0022400708,2025-02-03T00:00:00,ORL @ GSW,L,16.24,0.0,0.0,0.0,0.0,0.0,0.0,0.0,0.0,0.0,0.0,2.2,2.2,2.2,0.0,0.0,0.0,0.0,4.4,2.2,0.0,-24.4,6.0,0,0,4.4,1,13222,1,13222,18764,22635,24836,22635,15070,20945,15070,13505,14344,13505,14058,19027,21381,15569,16469,12854,8263,8846,5932,12093,23200,22660,24921,2246,150,25157,1,16:14
2024-25,1627741,Buddy Hield,Buddy,1610612744,GSW,Golden State Warriors,0022400708,2025-02-03T00:00:00,GSW vs. ORL,W,18.873333333333335,1.9,7.6,0.25,0.0,3.8,0.0,3.8,5.7,0.667,0.0,1.9,1.9,0.0,1.9,0.0,0.0,1.9,3.8,3.8,7.6,28.6,8.0,0,0,9.5,1,1,13086,1,16927,21570,20744,20233,15070,15968,15070,6053,4865,9425,14058,19950,21986,19908,11003,12854,8263,3521,7689,6812,20217,2167,24697,2246,150,24523,1,18:52
2024-25,1641794,Dillon Jones,Dillon,1610612760,OKC,Oklahoma City Thunder,0022400705,2025-02-03T00:00:00,OKC vs. MIL,W,25.316666666666666,0.0,4.3,0.0,0.0,1.4,0.0,0.0,0.0,0.0,1.4,11.4,12.8,5.7,2.8,0.0,0.0,0.0,2.8,1.4,0.0,1.4,21.0,0,0,18.5,1,1,13086,1,11729,22635,23952,22635,15070,20355,15070,13505,14344,13505,10658,1706,2941,6067,7045,12854,8263,8846,11444,15357,23200,11909,20661,2246,150,21635,1,25:19
2024-25,1631127,Harrison Ingram,Harrison,1610612759,SAS,San Antonio Spurs,0022400703,2025-02-03T00:00:00,SAS @ MEM,L,3.7666666666666666,0.0,9.6,0.0,0.0,9.6,0.0,0.0,0.0,0.0,0.0,9.6,9.6,0.0,0.0,0.0,0.0,0.0,0.0,0.0,0.0,9.6,11.5,0,0,9.6,1,13222,1,13222,24582,22635,17834,22635,15070,4024,15070,13505,14344,13505,14058,2954,5973,19908,16469,12854,8263,8846,20257,17725,23200,7915,24137,2246,150,24517,1,3:46
2024-25,1641722,Jordan Hawkins,Jordan,1610612740,NOP,New Orleans Pelicans,0022400706,2025-02-03T00:00:00,NOP @ DEN,L,14.463333333333333,0.0,10.0,0.0,0.0,10.0,0.0,0.0,0.0,0.0,0.0,5.0,5.0,2.5,5.0,0.0,0.0,0.0,0.0,0.0,0.0,-34.8,4.7,0,0,7.5,1,13222,1,13222,19909,22635,17134,22635,15070,3539,15070,13505,14344,13505,14058,10943,14854,14578,2365,12854,8263,8846,20257,17725,23200,24391,25030,2246,150,24842,1,14:28
2024-25,1630695,Micah Potter,Micah,1610612762,UTA,Utah Jazz,0022400707,2025-02-03T00:00:00,UTA vs. IND,L,11.45,0.0,3.1,0.0,0.0,3.1,0.0,9.4,12.6,0.75,6.3,3.1,9.4,0.0,0.0,0.0,0.0,0.0,3.1,6.3,9.4,-3.1,20.8,0,0,18.9,1,13222,1,13222,21504,22635,24445,22635,15070,17375,15070,867,660,8186,1478,16290,6131,19908,16469,12854,8263,8846,10120,2299,18701,14643,20815,2246,150,21445,1,11:27
2024-25,203501,Tim Hardaway Jr.,Tim,1610612765,DET,Detroit Pistons,0022400701,2025-02-03T00:00:00,DET vs. ATL,L,26.966666666666665,2.7,9.3,0.286,1.3,5.3,0.25,2.7,2.7,1.0,2.7,0.0,2.7,5.3,1.3,0.0,0.0,1.3,4.0,1.3,9.3,17.4,19.2,0,0,18.7,1,13222,1,13222,10359,20152,18208,19630,12715,12353,11902,8641,10810,1,6175,22137,20512,6740,13644,12854,8263,5476,7126,15743,18780,4788,21534,2246,150,21541,1,26:58
2024-25,1631323,Simone Fontecchio,Simone,1610612765,DET,Detroit Pistons,0022400701,2025-02-03T00:00:00,DET vs. ATL,L,16.25,2.2,6.6,0.333,0.0,4.4,0.0,4.4,4.4,1.0,0.0,0.0,0.0,0.0,0.0,0.0,0.0,0.0,4.4,2.2,8.9,-24.4,8.9,0,0,8.9,1,13222,1,13222,18753,21006,21957,17395,15070,14618,15070,4940,6974,1,14058,22137,23286,19908,16469,12854,8263,8846,5938,12095,19210,22657,24594,2246,150,24635,1,16:15
2024-25,1642267,Bub Carrington,Bub,1610612764,WAS,Washington Wizards,0022400700,2025-02-03T00:00:00,WAS @ CHA,W,12.333333333333334,5.8,17.5,0.333,0.0,8.8,0.0,0.0,0.0,0.0,2.9,0.0,2.9,2.9,0.0,0.0,0.0,0.0,0.0,0.0,11.7,-5.8,19.6,0,0,17.5,1,1,13086,1,21084,11992,5241,17395,15070,5169,15070,13505,14344,13505,5540,22137,19944,13206,16469,12854,8263,8846,20257,17725,16488,15995,21379,2246,150,22073,1,12:20
2024-25,1630577,Julian Champagnie,Julian,1610612759,SAS,San Antonio Spurs,0022400703,2025-02-03T00:00:00,SAS @ MEM,L,20.016666666666666,3.6,10.8,0.333,1.8,9.0,0.2,0.0,0.0,0.0,0.0,9.0,9.0,0.0,1.8,1.8,0.0,0.0,1.8,0.0,9.0,-37.8,23.4,0,0,23.4,1,13222,1,13222,16001,18089,15712,17395,11083,4850,13429,13505,14344,13505,14058,3530,6757,19908,11561,7269,8263,8846,16197,17725,19093,24675,19325,2246,150,18751,1,20:01
2024-25,1629013,Landry Shamet,Landry,1610612752,NYK,New York Knicks,0022400702,2025-02-03T00:00:00,NYK vs. HOU,W,5.683333333333334,0.0,6.3,0.0,0.0,6.3,0.0,0.0,0.0,0.0,6.3,0.0,6.3,0.0,0.0,0.0,0.0,0.0,0.0,0.0,0.0,-69.7,7.6,0,0,6.3,1,1,13086,1,23709,22635,22285,22635,15070,9902,15070,13505,14344,13505,1455,22137,11531,19908,16469,12854,8263,8846,20257,17725,23200,25882,24743,2246,150,24966,1,5:41
2024-25,1642505,Alex Ducas,Alex,1610612760,OKC,Oklahoma City Thunder,0022400705,2025-02-03T00:00:00,OKC vs. MIL,W,13.828333333333333,2.6,15.6,0.167,0.0,7.8,0.0,0.0,0.0,0.0,5.2,13.0,18.2,0.0,0.0,0.0,0.0,0.0,2.6,0.0,5.2,-18.2,27.1,0,0,23.4,1,1,13086,1,20287,20275,7664,21938,15070,6780,15070,13505,14344,13505,2188,1005,848,19908,16469,12854,8263,8846,12420,17725,21906,20996,16886,2246,150,18718,1,13:50
2024-25,1629638,Nickeil Alexander-Walker,Nickeil,1610612750,MIN,Minnesota Timberwolves,0022400704,2025-02-03T00:00:00,MIN vs. SAC,L,22.566666666666666,1.6,8.0,0.2,0.0,4.8,0.0,0.0,0.0,0.0,0.0,1.6,1.6,3.2,0.0,0.0,0.0,0.0,4.8,0.0,3.2,-3.2,9.9,0,0,8.0,1,13222,1,13222,14063,22037,20295,21401,15070,13744,15070,13505,14344,13505,14058,20687,22444,12351,16469,12854,8263,8846,5095,17725,22894,14667,24439,2246,150,24769,1,22:34
2024-25,203552,Seth Curry,Seth,1610612766,CHA,Charlotte Hornets,0022400700,2025-02-03T00:00:00,CHA vs. WAS,L,8.983333333333333,0.0,4.0,0.0,0.0,0.0,0.0,0.0,0.0,0.0,0.0,0.0,0.0,8.0,4.0,0.0,0.0,0.0,0.0,0.0,0.0,4.0,8.0,0,0,8.0,1,13222,1,13222,22457,22635,24092,22635,15070,20945,15070,13505,14344,13505,14058,22137,23286,2874,3869,12854,8263,8846,20257,17725,23200,10644,24695,2246,150,24765,1,8:59
2024-25,1630561,David Duke Jr.,David,1610612759,SAS,San Antonio Spurs,0022400703,2025-02-03T00:00:00,SAS @ MEM,L,3.7666666666666666,0.0,9.6,0.0,0.0,0.0,0.0,0.0,0.0,0.0,0.0,19.1,19.1,0.0,9.6,0.0,0.0,0.0,0.0,0.0,0.0,9.6,13.4,0,0,19.1,1,13222,1,13222,24582,22635,17834,22635,15070,20945,15070,13505,14344,13505,14058,199,666,19908,364,12854,8263,8846,20257,17725,23200,7915,23666,2246,150,21333,1,3:46
2024-25,1641745,Adam Flagler,Adam,1610612760,OKC,Oklahoma City Thunder,0022400705,2025-02-03T00:00:00,OKC vs. MIL,W,12.0,3.0,33.0,0.091,0.0,24.0,0.0,0.0,0.0,0.0,0.0,0.0,0.0,0.0,0.0,6.0,0.0,0.0,0.0,0.0,6.0,-36.0,24.0,0,0,18.0,1,1,13086,1,21228,19415,168,22599,15070,118,15070,13505,14344,13505,14058,22137,23286,19908,16469,465,8263,8846,20257,17725,21387,24522,18937,2246,150,21859,1,12:00
2024-25,1641740,Jaylen Clark,Jaylen,1610612750,MIN,Minnesota Timberwolves,0022400704,2025-02-03T00:00:00,MIN vs. SAC,L,18.005,4.0,10.0,0.4,2.0,6.0,0.333,4.0,4.0,1.0,0.0,0.0,0.0,2.0,0.0,0.0,0.0,0.0,2.0,2.0,14.0,0.0,17.0,0,0,18.0,1,13222,1,13222,17555,17095,17060,14933,10168,10711,9209,5696,7846,1,14058,22137,23286,16377,16469,12854,8263,8846,15152,13089,13940,12240,22491,2246,150,21874,1,18:00
2024-25,202699,Tobias Harris,Tobias,1610612765,DET,Detroit Pistons,0022400701,2025-02-03T00:00:00,DET vs. ATL,L,35.233333333333334,8.2,13.3,0.615,0.0,3.1,0.0,6.1,7.2,0.857,0.0,4.1,4.1,2.0,0.0,1.0,0.0,1.0,3.1,3.1,22.5,12.3,33.5,0,0,30.7,1,13222,1,13222,3286,6258,11335,5246,15070,17524,15070,2750,3220,7071,14058,13457,17105,16214,16469,11742,8263,7729,10413,9017,5866,6690,12187,2246,150,13438,1,35:14
2024-25,1642530,Yuki Kawamura,Yuki,1610612763,MEM,Memphis Grizzlies,0022400703,2025-02-03T00:00:00,MEM vs. SAS,W,2.05,0.0,0.0,0.0,0.0,0.0,0.0,0.0,0.0,0.0,0.0,17.6,17.6,17.6,0.0,0.0,0.0,0.0,0.0,0.0,0.0,-35.1,47.4,0,0,35.1,1,1,13086,1,25423,22635,24836,22635,15070,20945,15070,13505,14344,13505,14058,286,999,147,16469,12854,8263,8846,20257,17725,23200,24423,4173,2246,150,10010,1,2:03
2024-25,1626157,Karl-Anthony Towns,Karl-Anthony,1610612752,NYK,New York Knicks,0022400702,2025-02-03T00:00:00,NYK vs. HOU,W,38.486666666666665,8.4,18.7,0.45,0.9,4.7,0.2,2.8,4.7,0.6,1.9,6.5,8.4,1.9,0.9,0.9,0.9,0.9,5.6,3.7,20.6,15.0,38.2,0,0,35.5,1,1,13086,1,1113,5766,4018,12982,14855,14022,13429,8338,6525,10343,8948,7210,7596,16855,16223,12475,7921,8455,3527,7013,7419,5638,8913,2246,150,9705,1,38:29
2024-25,1641764,Brandin Podziemski,Brandin,1610612744,GSW,Golden State Warriors,0022400708,2025-02-03T00:00:00,GSW vs. ORL,W,21.31,5.1,10.1,0.5,3.4,6.8,0.5,0.0,0.0,0.0,1.7,6.8,8.4,3.4,3.4,3.4,0.0,0.0,1.7,0.0,13.5,-15.2,35.5,0,0,35.5,1,1,13086,1,15066,14191,16854,8526,5436,8995,3944,13505,14344,13505,9617,6775,7557,11743,5285,2424,8263,8846,16566,17725,14486,19978,10749,2246,150,9748,1,21:19
2024-25,1630169,Tyrese Haliburton,Tyrese,1610612754,IND,Indiana Pacers,0022400707,2025-02-03T00:00:00,IND @ UTA,W,34.23833333333334,6.3,15.8,0.4,3.2,10.5,0.3,3.2,4.2,0.75,1.1,2.1,3.2,6.3,3.2,3.2,2.1,0.0,1.1,4.2,18.9,-4.2,44.8,0,0,42.1,1,1,13086,1,4069,10682,7442,14933,6079,2966,11319,7424,7401,8186,12866,19351,19355,5006,5964,2823,3197,8846,19400,5826,8927,15184,5282,2246,150,5610,1,34:14
2024-25,1630167,Obi Toppin,Obi,1610612754,IND,Indiana Pacers,0022400707,2025-02-03T00:00:00,IND @ UTA,W,19.14666666666667,9.4,18.8,0.5,5.6,15.0,0.375,0.0,0.0,0.0,0.0,5.6,5.6,0.0,1.9,0.0,0.0,0.0,1.9,0.0,24.4,11.3,29.3,0,0,35.7,1,1,13086,1,16720,4024,3925,8526,1623,684,8800,13505,14344,13505,14058,9188,13172,19908,11156,12854,8263,8846,15787,17725,4529,7103,15260,2246,150,9557,1,19:09
2024-25,1630170,Devin Vassell,Devin,1610612759,SAS,San Antonio Spurs,0022400703,2025-02-03T00:00:00,SAS @ MEM,L,33.77166666666667,5.3,16.0,0.333,1.1,6.4,0.167,0.0,0.0,0.0,0.0,3.2,3.2,3.2,2.1,1.1,0.0,1.1,2.1,0.0,11.7,-17.1,21.4,0,0,21.3,1,13222,1,13222,4462,13470,7132,17395,14160,9765,14236,13505,14344,13505,14058,16098,19246,12328,9836,11340,8263,7357,14456,17725,16420,20646,20457,2246,150,20091,1,33:46
2024-25,1631255,Karlo Matković,Karlo,1610612740,NOP,New Orleans Pelicans,0022400706,2025-02-03T00:00:00,NOP @ DEN,L,27.015,1.3,6.7,0.2,1.3,2.7,0.5,2.7,2.7,1.0,6.7,8.0,14.7,5.3,1.3,0.0,1.3,0.0,5.3,1.3,6.7,-16.0,34.9,0,0,30.6,1,13222,1,13222,10327,22363,21937,21401,12724,18323,3944,8652,10827,1,1295,4709,1932,6762,13661,12854,5511,8846,3967,15756,20953,20252,11118,2246,150,13442,1,27:01
2024-25,201599,DeAndre Jordan,DeAndre,1610612743,DEN,Denver Nuggets,0022400706,2025-02-03T00:00:00,DEN vs. NOP,W,11.933333333333334,6.0,9.1,0.667,0.0,0.0,0.0,0.0,0.0,0.0,6.0,3.0,9.1,0.0,0.0,0.0,3.0,0.0,0.0,3.0,12.1,3.0,32.0,0,0,27.2,1,1,13086,1,21316,11417,18641,3281,15070,20945,15070,13505,14344,13505,1598,16655,6662,19908,16469,12854,1669,8846,20257,9173,16074,11105,13343,2246,150,16057,1,11:56
2024-25,1642354,KJ Simpson,KJ,1610612766,CHA,Charlotte Hornets,0022400700,2025-02-03T00:00:00,CHA vs. WAS,L,24.2,4.5,14.9,0.3,0.0,6.0,0.0,4.5,4.5,1.0,1.5,4.5,6.0,1.5,1.5,0.0,0.0,3.0,4.5,4.5,13.4,-6.0,21.3,0,0,20.8,1,13222,1,13222,12726,15878,8785,19363,15070,10804,15070,4888,6908,1,10363,12356,12404,18026,12804,12854,8263,1369,5855,5217,14628,16036,20553,2246,150,20389,1,24:12
2024-25,1631097,Bennedict Mathurin,Bennedict,1610612754,IND,Indiana Pacers,0022400707,2025-02-03T00:00:00,IND @ UTA,W,22.283333333333335,6.5,17.8,0.364,1.6,8.1,0.2,0.0,0.0,0.0,1.6,0.0,1.6,0.0,0.0,0.0,1.6,1.6,1.6,0.0,14.5,-14.5,21.3,0,0,21.0,1,1,13086,1,14287,10279,4934,16861,11634,6320,13429,13505,14344,13505,9859,22137,22417,19908,16469,12854,4515,4392,16817,17725,13363,19724,20518,2246,150,20280,1,22:17
2024-25,1631106,Tari Eason,Tari,1610612745,HOU,Houston Rockets,0022400702,2025-02-03T00:00:00,HOU @ NYK,L,33.68333333333333,5.3,11.8,0.455,1.1,2.1,0.5,1.1,1.1,1.0,3.2,3.2,6.4,1.1,1.1,1.1,3.2,0.0,3.2,1.1,12.8,-18.2,33.9,0,0,29.9,1,13222,1,13222,4564,13425,14017,12676,14136,19295,3944,13006,14090,1,4927,16061,11364,19449,15352,11292,1470,8846,9834,17067,15262,20984,11908,2246,150,13999,1,33:41
2024-25,1641753,Chris Livingston,Chris,1610612749,MIL,Milwaukee Bucks,0022400705,2025-02-03T00:00:00,MIL @ OKC,L,26.483333333333334,5.4,13.6,0.4,0.0,5.4,0.0,2.7,5.4,0.5,1.4,6.8,8.2,0.0,2.7,2.7,0.0,1.4,2.7,4.1,13.6,-10.9,28.8,0,0,27.2,1,13222,1,13222,10745,13165,10842,14933,15070,12117,15070,8528,5265,10625,10931,6712,7997,19908,7470,3864,8263,5362,11957,6101,14385,18269,15621,2246,150,16029,1,26:29
2024-25,203952,Andrew Wiggins,Andrew,1610612744,GSW,Golden State Warriors,0022400708,2025-02-03T00:00:00,GSW vs. ORL,W,35.13333333333333,7.2,14.3,0.5,1.0,5.1,0.2,10.2,15.4,0.667,0.0,2.0,2.0,2.0,1.0,0.0,0.0,0.0,1.0,9.2,25.6,15.4,30.1,0,0,30.7,1,1,13086,1,3358,8530,9627,8526,14396,12898,13429,637,327,9425,14058,19510,21703,16192,15675,12854,8263,8846,19548,588,3868,5480,14716,2246,150,13365,1,35:08
2024-25,201142,Kevin Durant,Kevin,1610612756,PHX,Phoenix Suns,0022400709,2025-02-03T00:00:00,PHX @ POR,L,45.833333333333336,7.9,16.5,0.476,1.6,7.1,0.222,3.9,4.7,0.833,0.0,3.9,3.9,3.9,3.1,0.8,1.6,0.0,0.8,3.9,21.2,-3.1,35.7,0,0,35.3,1,13222,1,13222,37,6944,6431,12010,11786,8319,13288,5829,6460,7275,14058,13945,17498,10149,6013,12844,4639,8846,20247,6498,6917,14641,10552,2246,150,9842,1,45:50
2024-25,1627780,Gary Payton II,Gary,1610612744,GSW,Golden State Warriors,0022400708,2025-02-03T00:00:00,GSW vs. ORL,W,15.481666666666667,4.7,9.3,0.5,0.0,4.7,0.0,0.0,0.0,0.0,0.0,4.7,4.7,2.3,0.0,2.3,0.0,0.0,4.7,2.3,9.3,-11.6,25.3,0,0,20.9,1,1,13086,1,19265,15364,18271,8526,15070,14083,15070,13505,14344,13505,14058,11854,15702,15137,16469,4946,8263,8846,5410,11647,18812,18587,18042,2246,150,20332,1,15:29
2024-25,1642269,Devin Carter,Devin,1610612758,SAC,Sacramento Kings,0022400704,2025-02-03T00:00:00,SAC @ MIN,W,8.188333333333333,4.4,17.6,0.25,0.0,4.4,0.0,0.0,0.0,0.0,4.4,17.6,22.0,4.4,4.4,0.0,0.0,0.0,0.0,0.0,8.8,8.8,37.4,0,0,35.2,1,1,13086,1,22743,16070,5149,20233,15070,14688,15070,13505,14344,13505,3055,282,341,8896,3152,12854,8263,8846,20257,17725,19276,8280,9431,2246,150,9972,1,8:11
2024-25,1641729,Brice Sensabaugh,Brice,1610612762,UTA,Utah Jazz,0022400707,2025-02-03T00:00:00,UTA vs. IND,L,14.883333333333333,2.4,9.7,0.25,0.0,2.4,0.0,0.0,0.0,0.0,4.8,4.8,9.7,7.3,0.0,2.4,0.0,2.4,0.0,0.0,4.8,-7.3,34.6,0,0,26.6,1,13222,1,13222,19645,20619,17621,20233,15070,18768,15070,13505,14344,13505,2523,11307,5832,3679,16469,4635,8263,2183,20257,17725,22102,16618,11386,2246,150,16461,1,14:53
2024-25,203078,Bradley Beal,Bradley,1610612756,PHX,Phoenix Suns,0022400709,2025-02-03T00:00:00,PHX @ POR,L,38.11666666666667,7.6,16.1,0.471,2.8,7.6,0.375,5.7,5.7,1.0,1.9,2.8,4.7,2.8,2.8,2.8,0.9,0.0,2.8,2.8,23.6,11.3,42.0,0,0,41.6,1,13222,1,13222,1316,7631,7042,12143,7108,7262,8800,3227,4943,1,8868,17289,15501,13490,7100,3590,7867,8846,11493,9854,5045,7083,6598,2246,150,5877,1,38:07
2024-25,1630183,Jaden McDaniels,Jaden,1610612750,MIN,Minnesota Timberwolves,0022400704,2025-02-03T00:00:00,MIN vs. SAC,L,35.8,8.0,17.1,0.471,2.0,7.0,0.286,4.0,4.0,1.0,0.0,7.0,7.0,2.0,3.0,1.0,3.0,1.0,2.0,4.0,22.1,-4.0,42.6,0,0,41.2,1,13222,1,13222,2822,6540,5703,12143,10115,8378,11433,5661,7796,1,14058,6295,10084,16333,6407,11904,1669,7870,15078,6243,6120,15080,6289,2246,150,6058,1,35:48
2024-25,1630173,Precious Achiuwa,Precious,1610612752,NYK,New York Knicks,0022400702,2025-02-03T00:00:00,NYK vs. HOU,W,34.46666666666667,2.1,3.1,0.667,0.0,0.0,0.0,3.1,4.2,0.75,3.1,6.3,9.4,0.0,0.0,2.1,0.0,0.0,1.0,2.1,7.3,4.2,24.9,0,0,20.9,1,1,13086,1,3877,21251,24447,3281,15070,20945,15070,7467,7455,8186,5070,7758,6184,19908,16469,5838,8263,8846,19448,12664,20478,10557,18384,2246,150,20350,1,34:28
2024-25,1629675,Naz Reid,Naz,1610612750,MIN,Minnesota Timberwolves,0022400704,2025-02-03T00:00:00,MIN vs. SAC,L,40.285,10.7,17.0,0.632,4.5,8.0,0.556,0.9,0.9,1.0,0.9,3.6,4.5,2.7,0.0,0.0,1.8,0.9,0.9,0.9,26.8,2.7,41.6,0,0,42.0,1,13222,1,13222,497,2485,5831,4871,3113,6379,3747,13458,14323,1,13925,15016,16125,13965,16469,12854,4085,8685,20163,17670,3295,11275,6859,2246,150,5644,1,40:17
2024-25,201939,Stephen Curry,Stephen,1610612744,GSW,Golden State Warriors,0022400708,2025-02-03T00:00:00,GSW vs. ORL,W,34.306666666666665,7.3,22.0,0.333,2.1,12.6,0.167,8.4,8.4,1.0,0.0,1.0,1.0,5.2,3.1,1.0,0.0,1.0,1.0,6.3,25.2,8.4,34.3,0,0,35.7,1,1,13086,1,4006,8135,1808,17395,9692,1482,14236,1229,2261,1,14058,21884,23162,6951,5992,11501,8263,7499,19410,2289,4138,8442,11579,2246,150,9603,1,34:18
2024-25,1628988,Aaron Holiday,Aaron,1610612745,HOU,Houston Rockets,0022400702,2025-02-03T00:00:00,HOU @ NYK,L,16.858333333333334,12.8,21.4,0.6,6.4,14.9,0.429,0.0,0.0,0.0,0.0,4.3,4.3,0.0,2.1,0.0,0.0,0.0,10.7,0.0,32.0,8.5,35.0,0,0,42.7,1,13222,1,13222,18352,1101,2124,5394,1057,703,7394,13505,14344,13505,14058,12893,16610,19908,9805,12854,8263,8846,586,17725,1523,8386,11041,2246,150,5308,1,16:52
2024-25,203995,Vasilije Micić,Vasilije,1610612766,CHA,Charlotte Hornets,0022400700,2025-02-03T00:00:00,CHA vs. WAS,L,28.5,5.1,17.7,0.286,3.8,5.1,0.75,2.5,2.5,1.0,0.0,3.8,3.8,6.3,0.0,0.0,0.0,2.5,1.3,1.3,16.4,-17.7,30.4,0,0,30.3,1,13222,1,13222,9119,14228,5031,19630,4470,13064,1542,8969,11140,1,14058,14352,17851,4997,16469,12854,8263,1996,18203,16072,11481,20835,14465,2246,150,13700,1,28:30
2024-25,203484,Kentavious Caldwell-Pope,Kentavious,1610612753,ORL,Orlando Magic,0022400708,2025-02-03T00:00:00,ORL @ GSW,L,32.61666666666667,4.4,9.9,0.444,1.1,3.3,0.333,0.0,0.0,0.0,2.2,4.4,6.6,1.1,0.0,1.1,0.0,0.0,3.3,1.1,9.9,-22.1,22.8,0,0,21.0,1,13222,1,13222,5465,16023,17185,13045,13923,17044,9209,13505,14344,13505,7561,12491,10896,19340,16469,10987,8263,8846,9415,16892,18218,22084,19654,2246,150,20292,1,32:37
2024-25,1630208,Nick Richards,Nick,1610612756,PHX,Phoenix Suns,0022400709,2025-02-03T00:00:00,PHX @ POR,L,17.8,2.0,8.1,0.25,0.0,0.0,0.0,0.0,0.0,0.0,4.0,10.1,14.2,4.0,2.0,2.0,2.0,2.0,2.0,0.0,4.0,-32.4,37.2,0,0,30.3,1,13222,1,13222,17706,21362,20103,20233,15070,20945,15070,13505,14344,13505,3536,2490,2164,9818,10412,6144,3410,3149,15012,17725,22534,24073,9523,2246,150,13682,1,17:48
2024-25,1642366,Quinten Post,Quinten,1610612744,GSW,Golden State Warriors,0022400708,2025-02-03T00:00:00,GSW vs. ORL,W,20.433333333333334,3.5,8.8,0.4,1.8,7.0,0.25,3.5,3.5,1.0,0.0,12.3,12.3,5.3,0.0,1.8,0.0,0.0,1.8,1.8,12.3,10.6,40.3,0,0,35.2,1,1,13086,1,15684,18266,19005,14933,11218,8365,11902,6659,8842,1,14058,1216,3245,6855,16469,7396,8263,8846,16336,14069,15781,7434,7545,2246,150,9924,1,20:26
2024-25,1629014,Anfernee Simons,Anfernee,1610612757,POR,Portland Trail Blazers,0022400709,2025-02-03T00:00:00,POR vs. PHX,W,41.74333333333333,3.4,13.8,0.25,1.7,6.9,0.25,2.6,3.4,0.75,0.9,0.9,1.7,8.6,2.6,1.7,0.0,0.9,4.3,1.7,11.2,0.9,28.8,1,0,26.7,1,1,13086,1,278,18431,10491,20233,11329,8671,11902,8833,8991,8186,13983,22122,22270,2323,7924,7530,8263,8751,6237,14199,16987,12227,15628,1,150,16373,1,41:45
2024-25,1628415,Dillon Brooks,Dillon,1610612745,HOU,Houston Rockets,0022400702,2025-02-03T00:00:00,HOU @ NYK,L,39.86833333333333,3.6,10.8,0.333,0.9,2.7,0.333,1.8,1.8,1.0,2.7,2.7,5.4,0.9,0.9,1.8,0.0,0.0,4.5,0.9,9.9,-11.7,22.3,0,0,20.8,1,13222,1,13222,592,18058,15634,17395,14954,18246,9209,11228,13187,1,6078,17671,13764,19864,16345,7227,8263,8846,5744,17660,18220,18639,19982,2246,150,20433,1,39:52
2024-25,1641767,Ben Sheppard,Ben,1610612754,IND,Indiana Pacers,0022400707,2025-02-03T00:00:00,IND @ UTA,W,18.41,3.9,9.8,0.4,0.0,5.9,0.0,2.0,2.0,1.0,0.0,5.9,5.9,7.8,0.0,2.0,0.0,0.0,3.9,2.0,9.8,11.7,34.4,0,0,27.4,1,1,13086,1,17274,17296,17427,14933,15070,11035,15070,10791,12846,1,14058,8626,12601,3064,16469,6476,8263,8846,7412,13298,18371,6916,11498,2246,150,15887,1,18:25
2024-25,1626158,Richaun Holmes,Richaun,1610612764,WAS,Washington Wizards,0022400700,2025-02-03T00:00:00,WAS @ CHA,W,18.666666666666668,0.0,3.9,0.0,0.0,1.9,0.0,0.0,0.0,0.0,5.8,13.5,19.3,1.9,0.0,0.0,0.0,1.9,5.8,0.0,0.0,25.1,26.0,0,0,21.2,1,1,13086,1,17057,22635,24158,22635,15070,19688,15070,13505,14344,13505,1754,876,625,16645,16469,12854,8263,3453,3249,17725,23200,2801,17594,2246,150,20149,1,18:40
2024-25,1626166,Cameron Payne,Cameron,1610612752,NYK,New York Knicks,0022400702,2025-02-03T00:00:00,NYK vs. HOU,W,11.056666666666667,6.5,16.3,0.4,3.3,13.0,0.25,0.0,0.0,0.0,0.0,3.3,3.3,6.5,0.0,3.3,0.0,0.0,0.0,6.5,16.3,-6.5,39.7,0,0,35.8,1,1,13086,1,21684,10165,6717,14933,5796,1291,11902,13505,14344,13505,14058,15919,19092,4694,16469,2639,8263,8846,20257,2075,11631,16299,7944,2246,150,9509,1,11:03
2024-25,1630573,Sam Hauser,Sam,1610612738,BOS,Boston Celtics,0022400698,2025-02-02T00:00:00,BOS @ PHI,W,23.866666666666667,6.0,10.6,0.571,6.0,10.6,0.571,0.0,0.0,0.0,0.0,6.0,6.0,0.0,1.5,0.0,0.0,0.0,3.0,1.5,18.1,27.2,23.8,0,0,30.2,1,1,13086,1,13016,11417,16123,6538,1282,2923,3506,13505,14344,13505,14058,8258,12200,19908,12707,12854,8263,8846,10634,14971,9735,2398,19073,2246,150,13822,1,23:52
2024-25,200768,Kyle Lowry,Kyle,1610612755,PHI,Philadelphia 76ers,0022400698,2025-02-02T00:00:00,PHI vs. BOS,L,15.116666666666667,4.8,9.5,0.5,4.8,9.5,0.5,0.0,0.0,0.0,0.0,7.1,7.1,4.8,0.0,2.4,0.0,0.0,7.1,0.0,14.3,-23.8,37.2,0,0,35.7,1,13222,1,13222,19484,15071,17895,8526,2615,4068,3944,13505,14344,13505,14058,6103,9863,8011,16469,4759,8263,8846,1862,17725,13622,22526,9581,2246,150,9558,1,15:07
2024-25,1629634,Brandon Clarke,Brandon,1610612763,MEM,Memphis Grizzlies,0022400699,2025-02-02T00:00:00,MEM @ MIL,W,18.84,5.7,13.4,0.429,0.0,0.0,0.0,0.0,0.0,0.0,3.8,3.8,7.6,1.9,1.9,0.0,0.0,0.0,7.6,0.0,11.5,7.6,21.6,0,0,21.0,1,1,13086,1,16943,12324,11180,13735,15070,20945,15070,13505,14344,13505,3852,14262,8889,16714,10986,12854,8263,8846,1546,17725,16719,8806,20365,2246,150,20271,1,18:50
2024-25,1630556,Kessler Edwards,Kessler,1610612742,DAL,Dallas Mavericks,0022400696,2025-02-02T00:00:00,DAL @ CLE,L,21.583333333333332,5.0,8.3,0.6,3.3,5.0,0.667,0.0,0.0,0.0,1.7,10.0,11.7,1.7,1.7,0.0,0.0,0.0,1.7,0.0,13.3,-11.7,28.2,0,0,30.0,1,13222,1,13222,14862,14378,19732,5394,5557,13205,1957,13505,14344,13505,9689,2583,3779,17448,12058,12854,8263,8846,16631,17725,14694,18607,16077,2246,150,13928,1,21:35
2024-25,1627752,Taurean Prince,Taurean,1610612749,MIL,Milwaukee Bucks,0022400699,2025-02-02T00:00:00,MIL vs. MEM,L,30.55,4.7,9.4,0.5,3.5,8.2,0.429,2.4,2.4,1.0,1.2,7.1,8.2,5.9,1.2,1.2,0.0,0.0,2.4,1.2,15.3,-9.4,36.4,0,0,35.4,1,13222,1,13222,7274,15205,18072,8526,5068,5995,7394,9431,11603,1,11935,6227,7856,5678,14591,10359,8263,8846,13406,16514,12606,17632,10079,2246,150,9836,1,30:33
2024-25,1630178,Tyrese Maxey,Tyrese,1610612755,PHI,Philadelphia 76ers,0022400698,2025-02-02T00:00:00,PHI vs. BOS,L,40.406666666666666,8.0,18.7,0.429,4.5,7.1,0.625,9.8,9.8,1.0,0.0,2.7,2.7,5.3,1.8,0.0,0.0,1.8,3.6,8.0,30.3,0.0,39.7,0,0,42.8,1,13222,1,13222,471,6600,4017,13735,3142,8202,2868,754,1452,1,14058,17764,20509,6733,11633,12854,8263,3950,8552,1008,1988,12240,7933,2246,150,5278,1,40:24
2024-25,202699,Tobias Harris,Tobias,1610612765,DET,Detroit Pistons,0022400695,2025-02-02T00:00:00,DET vs. CHI,W,34.0,8.5,15.9,0.533,0.0,3.2,0.0,0.0,1.1,0.0,0.0,6.4,6.4,2.1,0.0,3.2,2.1,0.0,1.1,2.1,16.9,3.2,43.6,0,0,36.0,1,1,13086,1,4265,5666,7290,8140,15070,17314,15070,13505,14114,13505,14058,7591,11498,15936,16469,2788,3157,8846,19349,12535,10911,11029,5837,2246,150,9360,1,34:00
2024-25,1629656,Quentin Grimes,Quentin,1610612742,DAL,Dallas Mavericks,0022400696,2025-02-02T00:00:00,DAL @ CLE,L,23.683333333333334,7.6,21.3,0.357,1.5,10.6,0.143,0.0,1.5,0.0,1.5,3.0,4.6,4.6,0.0,0.0,1.5,0.0,1.5,7.6,16.7,-39.5,33.6,0,0,30.4,1,13222,1,13222,13161,7519,2168,17140,11962,2836,14649,13505,13466,13505,10234,16588,15897,8509,16469,12854,4777,8846,17143,1259,11144,24806,12115,2246,150,13631,1,23:41
2024-25,1631157,Ryan Rollins,Ryan,1610612749,MIL,Milwaukee Bucks,0022400699,2025-02-02T00:00:00,MIL vs. MEM,L,10.75,3.3,16.7,0.2,3.3,10.0,0.333,3.3,6.7,0.5,0.0,0.0,0.0,3.3,0.0,0.0,3.3,3.3,0.0,6.7,13.4,10.0,28.5,0,0,26.8,1,13222,1,13222,21825,18641,6115,21401,5514,3433,9209,7002,3658,10625,14058,22137,23286,11813,16469,12854,1350,1030,20257,1899,14620,7678,15898,2246,150,16328,1,10:45
2024-25,1627759,Jaylen Brown,Jaylen,1610612738,BOS,Boston Celtics,0022400698,2025-02-02T00:00:00,BOS @ PHI,W,41.71666666666667,7.8,14.7,0.529,1.7,6.0,0.286,0.9,1.7,0.5,2.6,6.0,8.6,5.2,1.7,0.9,0.0,0.9,3.5,2.6,18.1,14.7,37.1,1,0,35.4,1,1,13086,1,281,7132,9100,8281,11326,10599,11433,13479,13274,10625,6375,8247,7262,7073,11815,12768,8263,8749,8881,10676,9712,5755,9628,1,150,9813,1,41:43
2024-25,1628975,Jevon Carter,Jevon,1610612741,CHI,Chicago Bulls,0022400695,2025-02-02T00:00:00,CHI @ DET,L,12.25,5.9,17.6,0.333,2.9,14.7,0.2,0.0,0.0,0.0,0.0,11.8,11.8,0.0,0.0,2.9,0.0,0.0,2.9,0.0,14.7,2.9,37.6,0,0,35.3,1,13222,1,13222,21122,11868,5104,17395,6726,765,13429,13505,14344,13505,14058,1498,3710,19908,16469,3299,8263,8846,10987,17725,13203,11155,9277,2246,150,9901,1,12:15
2024-25,1642281,Jaylon Tyson,Jaylon,1610612739,CLE,Cleveland Cavaliers,0022400696,2025-02-02T00:00:00,CLE vs. DAL,W,18.083333333333332,6.0,13.9,0.429,2.0,2.0,1.0,2.0,2.0,1.0,2.0,6.0,8.0,4.0,0.0,0.0,0.0,2.0,0.0,2.0,15.9,-4.0,31.5,0,0,29.9,1,1,13086,1,17512,11600,10266,13735,10206,19574,1,10684,12756,1,8430,8401,8335,9977,16469,12854,8263,3252,20257,13124,12000,15053,13704,2246,150,14057,1,18:05
2024-25,1627884,Derrick Jones Jr.,Derrick,1610612746,LAC,LA Clippers,0022400697,2025-02-02T00:00:00,LAC @ TOR,L,31.333333333333332,3.4,8.0,0.429,0.0,2.3,0.0,2.3,2.3,1.0,1.1,2.3,3.4,1.1,2.3,1.1,2.3,0.0,3.4,2.3,9.2,-5.7,23.1,0,0,20.7,1,13222,1,13222,6570,18439,20186,13735,15070,18989,15070,9628,11784,1,12114,18766,18667,19192,9080,10588,2750,8846,8906,11750,18905,15941,19505,2246,150,20469,1,31:20
2024-25,1630283,Kylor Kelley,Kylor,1610612742,DAL,Dallas Mavericks,0022400696,2025-02-02T00:00:00,DAL @ CLE,L,34.083333333333336,5.3,6.3,0.833,0.0,0.0,0.0,2.1,2.1,1.0,3.2,8.4,11.6,1.1,1.1,0.0,1.1,0.0,2.1,2.1,12.7,-22.2,30.3,1,0,27.5,1,13222,1,13222,4178,13597,22279,1514,15070,20945,15070,10254,12384,1,5008,4115,3828,19506,15453,12854,7087,8846,14555,12555,15420,22125,14564,1,150,15822,1,34:05
2024-25,1626162,Kelly Oubre Jr.,Kelly,1610612755,PHI,Philadelphia 76ers,0022400698,2025-02-02T00:00:00,PHI vs. BOS,L,43.72833333333333,4.9,14.0,0.353,1.6,2.5,0.667,3.3,6.6,0.5,0.8,9.9,10.7,1.6,0.8,0.8,0.0,2.5,1.6,4.1,14.8,-4.9,31.8,1,0,30.5,1,13222,1,13222,102,14580,10181,17268,11547,18681,1957,7126,3789,10625,14027,2669,4694,17519,16445,12820,8263,2090,16726,6014,13099,15555,13491,1,150,13572,1,43:44
2024-25,1642348,Justin Edwards,Justin,1610612755,PHI,Philadelphia 76ers,0022400698,2025-02-02T00:00:00,PHI vs. BOS,L,44.19833333333333,3.3,4.9,0.667,1.6,3.3,0.5,1.6,1.6,1.0,3.3,2.4,5.7,0.8,0.8,0.8,0.8,0.8,0.8,1.6,9.8,3.3,21.9,0,0,21.2,1,13222,1,13222,85,18864,23537,3281,11603,17160,3944,11546,13364,1,4823,18347,13017,19899,16449,12825,8231,8818,20241,14532,18372,10993,20203,2246,150,20166,1,44:12
2024-25,1630241,Sam Merrill,Sam,1610612739,CLE,Cleveland Cavaliers,0022400696,2025-02-02T00:00:00,CLE vs. DAL,W,22.8,14.2,22.1,0.643,14.2,20.5,0.692,0.0,0.0,0.0,0.0,1.6,1.6,0.0,1.6,0.0,0.0,1.6,0.0,0.0,42.6,1.6,42.9,0,0,58.4,1,1,13086,1,13875,649,1774,4607,86,214,1954,13505,14344,13505,14058,20722,22469,19908,12425,12854,8263,4492,20257,17725,329,11837,6151,2246,150,974,1,22:48
2024-25,1641842,Ronald Holland II,Ronald,1610612765,DET,Detroit Pistons,0022400695,2025-02-02T00:00:00,DET vs. CHI,W,14.866666666666667,7.3,12.1,0.6,0.0,0.0,0.0,4.8,4.8,1.0,0.0,0.0,0.0,4.8,2.4,9.7,0.0,0.0,4.8,2.4,19.4,26.6,53.3,0,0,43.6,1,1,13086,1,19657,8305,13404,5394,15070,20945,15070,4273,6210,1,14058,22137,23286,7809,8566,125,8263,8846,4966,11262,8489,2496,2382,2246,150,4881,1,14:52
2024-25,1630217,Desmond Bane,Desmond,1610612763,MEM,Memphis Grizzlies,0022400699,2025-02-02T00:00:00,MEM @ MIL,W,28.501666666666665,11.4,18.9,0.6,1.3,3.8,0.333,3.8,3.8,1.0,5.1,6.3,11.4,3.8,1.3,0.0,0.0,0.0,2.5,2.5,27.8,-8.8,45.8,0,0,44.2,1,1,13086,1,9118,1964,3805,5394,13021,16020,9209,6109,8278,1,2323,7667,4080,10531,14023,12854,8263,8846,12689,10892,2867,17353,4806,2246,150,4592,1,28:30
2024-25,1630581,Josh Giddey,Josh,1610612741,CHI,Chicago Bulls,0022400695,2025-02-02T00:00:00,CHI @ DET,L,35.85,7.0,17.1,0.412,3.0,8.0,0.375,3.0,4.0,0.75,2.0,8.0,10.0,4.0,2.0,3.0,0.0,0.0,1.0,3.0,20.1,7.0,45.2,1,0,43.2,1,13222,1,13222,2786,8856,5727,14791,6464,6400,8800,7767,7805,8186,8353,4654,5384,9890,10476,3121,8263,8846,19685,9194,7852,9122,5088,1,150,5053,1,35:51
2024-25,201935,James Harden,James,1610612746,LAC,LA Clippers,0022400697,2025-02-02T00:00:00,LAC @ TOR,L,36.66166666666667,6.9,19.6,0.35,2.0,8.8,0.222,8.8,8.8,1.0,2.0,2.9,4.9,6.9,2.0,2.0,1.0,1.0,2.9,4.9,24.5,-6.9,47.6,0,0,44.2,1,13222,1,13222,2241,9236,3232,17337,10326,5045,13288,1061,1954,1,8554,16907,15034,4176,10698,6428,7596,8070,10951,4276,4453,16461,4097,2246,150,4598,1,36:40
2024-25,1628991,Jaren Jackson Jr.,Jaren,1610612763,MEM,Memphis Grizzlies,0022400699,2025-02-02T00:00:00,MEM @ MIL,W,33.175,13.0,28.2,0.462,7.6,14.1,0.538,6.5,10.9,0.6,0.0,5.4,5.4,2.2,4.3,0.0,1.1,3.3,4.3,9.8,40.2,13.0,48.8,0,0,57.5,1,1,13086,1,5010,1025,381,12428,560,899,3915,2391,1068,10343,14058,9728,13745,15727,3236,12854,6890,1099,6169,467,438,6386,3684,2246,150,1099,1,33:11
2024-25,1629622,Max Strus,Max,1610612739,CLE,Cleveland Cavaliers,0022400696,2025-02-02T00:00:00,CLE vs. DAL,W,19.45,5.6,9.3,0.6,3.7,7.4,0.5,1.9,3.7,0.5,0.0,5.6,5.6,7.4,0.0,1.9,1.9,0.0,1.9,1.9,16.7,53.7,45.5,0,0,40.7,1,1,13086,1,16462,12837,18329,5394,4696,7610,3944,11117,8475,10625,14058,9407,13414,3507,16469,7029,3929,8846,15938,13731,11215,468,4926,2246,150,6374,1,19:27
2024-25,203957,Danté Exum,Danté,1610612742,DAL,Dallas Mavericks,0022400696,2025-02-02T00:00:00,DAL @ CLE,L,21.016666666666666,8.6,24.0,0.357,1.7,5.1,0.333,5.1,6.9,0.75,1.7,1.7,3.4,5.1,1.7,3.4,0.0,6.9,0.0,5.1,24.0,-60.0,44.4,0,0,41.1,1,13222,1,13222,15282,5496,1072,17140,11362,12852,9209,3831,3519,8186,9528,20429,18711,7157,11866,2334,8263,164,20257,3866,4813,25688,5488,2246,150,6132,1,21:01
2024-25,1630583,Santi Aldama,Santi,1610612763,MEM,Memphis Grizzlies,0022400699,2025-02-02T00:00:00,MEM @ MIL,W,25.741666666666667,12.6,23.8,0.529,4.2,12.6,0.333,2.8,2.8,1.0,4.2,7.0,11.2,4.2,0.0,1.4,1.4,1.4,0.0,2.8,32.2,30.8,60.3,0,0,57.3,1,1,13086,1,11371,1208,1130,8281,3575,1486,9209,8358,10494,1,3307,6370,4249,9402,16469,8913,5239,5184,20257,9973,1490,1865,1162,2246,150,1125,1,25:45
2024-25,1641744,Zach Edey,Zach,1610612763,MEM,Memphis Grizzlies,0022400699,2025-02-02T00:00:00,MEM @ MIL,W,18.566666666666666,11.6,19.4,0.6,0.0,1.9,0.0,3.9,3.9,1.0,11.6,9.7,21.3,5.8,1.9,0.0,1.9,0.0,0.0,3.9,27.1,-15.5,65.3,1,0,58.2,1,1,13086,1,17135,1778,3430,5394,15070,19663,15070,5917,8082,1,267,2827,387,5823,10856,12854,3654,8846,20257,6631,3139,20101,679,1,150,1008,1,18:34
2024-25,203507,Giannis Antetokounmpo,Giannis,1610612749,MIL,Milwaukee Bucks,0022400699,2025-02-02T00:00:00,MIL vs. MEM,L,37.18333333333333,13.6,20.3,0.667,1.9,2.9,0.667,0.0,5.8,0.0,3.9,6.8,10.6,6.8,3.9,1.9,1.0,1.9,2.9,4.8,29.0,-2.9,56.8,1,0,54.2,1,13222,1,13222,1867,837,2748,3281,10475,17858,1957,13505,4742,13505,3776,6743,4763,4321,4145,6586,7703,3435,11172,4411,2412,14515,1671,1,150,1587,1,37:11
2024-25,1628369,Jayson Tatum,Jayson,1610612738,BOS,Boston Celtics,0022400698,2025-02-02T00:00:00,BOS @ PHI,W,44.266666666666666,10.6,16.3,0.65,4.1,6.5,0.625,3.3,4.1,0.8,0.0,5.7,5.7,8.9,2.4,0.8,0.8,0.8,2.4,2.4,28.5,1.6,51.2,1,0,50.4,1,1,13086,1,81,2647,6733,4562,3860,9531,2868,7201,7705,7681,14058,9065,13041,2068,8494,12828,8233,8821,13034,11203,2607,11822,2944,1,150,2414,1,44:16
2024-25,1630596,Evan Mobley,Evan,1610612739,CLE,Cleveland Cavaliers,0022400696,2025-02-02T00:00:00,CLE vs. DAL,W,23.666666666666668,12.2,18.3,0.667,3.0,4.6,0.667,6.1,7.6,0.8,0.0,16.7,16.7,4.6,0.0,0.0,6.1,0.0,3.0,4.6,33.5,71.5,78.6,1,0,70.0,1,1,13086,1,13171,1418,4403,3281,6367,14288,1957,2788,2809,7681,14058,352,1198,8499,16469,12854,297,8846,10525,5024,1223,230,225,1,150,323,1,23:40
2024-25,202696,Nikola Vučević,Nikola,1610612741,CHI,Chicago Bulls,0022400695,2025-02-02T00:00:00,CHI @ DET,L,36.483333333333334,7.9,9.9,0.8,3.9,5.9,0.667,0.0,0.0,0.0,0.0,10.9,10.9,9.9,3.0,1.0,2.0,0.0,2.0,2.0,19.7,0.0,53.5,1,1,50.3,1,13222,1,13222,2347,6858,17306,1688,4101,10882,1957,13505,14344,13505,14058,1978,4547,1501,6615,12065,3555,8846,15285,13194,8135,12240,2337,1,1,2442,1,36:29
2024-25,1630534,Ochai Agbaji,Ochai,1610612761,TOR,Toronto Raptors,0022400697,2025-02-02T00:00:00,TOR vs. LAC,W,20.331666666666667,8.9,8.9,1.0,3.5,3.5,1.0,0.0,0.0,0.0,0.0,8.9,8.9,5.3,0.0,1.8,5.3,0.0,0.0,0.0,21.2,21.2,61.1,0,0,53.1,1,1,13086,1,15766,4962,18927,1,5052,16565,1,13505,14344,13505,14058,3659,6943,6794,16469,7371,438,8846,20257,17725,6887,3640,1067,2246,150,1783,1,20:20
2024-25,1630590,Scotty Pippen Jr.,Scotty,1610612763,MEM,Memphis Grizzlies,0022400699,2025-02-02T00:00:00,MEM @ MIL,W,22.973333333333333,6.3,12.5,0.5,0.0,3.1,0.0,1.6,7.8,0.2,0.0,7.8,7.8,15.7,1.6,6.3,1.6,0.0,3.1,6.3,14.1,34.5,68.9,0,0,53.3,1,1,13086,1,13743,10807,12676,8526,15070,17393,15070,11653,2640,13489,14058,4963,8564,236,12473,416,4654,8846,10153,2314,13845,1452,480,2246,150,1749,1,22:58
2024-25,1629636,Darius Garland,Darius,1610612739,CLE,Cleveland Cavaliers,0022400696,2025-02-02T00:00:00,CLE vs. DAL,W,23.4,9.2,12.3,0.75,4.6,6.2,0.75,3.1,3.1,1.0,0.0,4.6,4.6,15.4,3.1,3.1,0.0,0.0,3.1,1.5,26.2,49.2,60.9,1,0,56.9,1,1,13086,1,13381,4306,13058,2107,2862,10307,1542,7602,9777,1,14058,11943,15782,262,6197,2985,8263,8846,10366,14841,3605,575,1080,1,150,1171,1,23:24
2024-25,1630191,Isaiah Stewart,Isaiah,1610612765,DET,Detroit Pistons,0022400695,2025-02-02T00:00:00,DET vs. CHI,W,18.083333333333332,4.0,6.0,0.667,0.0,0.0,0.0,0.0,0.0,0.0,0.0,8.0,8.0,4.0,0.0,0.0,0.0,2.0,2.0,0.0,8.0,4.0,23.5,0,0,19.9,1,1,13086,1,17512,17137,22635,3281,15070,20945,15070,13505,14344,13505,14058,4759,8335,9977,16469,12854,8263,3252,15201,17725,19951,10659,19266,2246,150,20910,1,18:05
2024-25,1641738,Kobe Brown,Kobe,1610612746,LAC,LA Clippers,0022400697,2025-02-02T00:00:00,LAC @ TOR,L,0.15666666666666668,0.0,0.0,0.0,0.0,0.0,0.0,0.0,0.0,0.0,0.0,0.0,0.0,0.0,0.0,0.0,0.0,0.0,0.0,0.0,0.0,-459.6,0.0,0,0,0.0,1,13222,1,13222,26270,22635,24836,22635,15070,20945,15070,13505,14344,13505,14058,22137,23286,19908,16469,12854,8263,8846,20257,17725,23200,26296,25228,2246,150,25259,1,0:09
2024-25,1629611,Terance Mann,Terance,1610612746,LAC,LA Clippers,0022400697,2025-02-02T00:00:00,LAC @ TOR,L,25.55,4.2,8.5,0.5,1.4,2.8,0.5,0.0,0.0,0.0,5.6,2.8,8.5,0.0,0.0,0.0,0.0,1.4,2.8,0.0,9.9,-8.5,20.0,0,0,19.7,1,13222,1,13222,11534,16522,19565,8526,12411,18028,3944,13505,14344,13505,1855,17343,7542,19908,16469,12854,8263,5145,11560,17725,18293,17159,21162,2246,150,21019,1,25:33
2024-25,202691,Klay Thompson,Klay,1610612742,DAL,Dallas Mavericks,0022400696,2025-02-02T00:00:00,DAL @ CLE,L,17.616666666666667,2.0,20.4,0.1,0.0,12.3,0.0,0.0,0.0,0.0,4.1,6.1,10.2,6.1,2.0,0.0,0.0,2.0,6.1,0.0,4.1,-49.0,23.5,0,0,20.4,1,13222,1,13222,17847,21327,2675,22561,15070,1644,15070,13505,14344,13505,3470,8039,5213,5278,10287,12854,8263,3083,2789,17725,22512,25358,19259,2246,150,20618,1,17:37
2024-25,202695,Kawhi Leonard,Kawhi,1610612746,LAC,LA Clippers,0022400697,2025-02-02T00:00:00,LAC @ TOR,L,26.966666666666665,8.0,24.0,0.333,1.3,6.7,0.2,1.3,5.3,0.25,1.3,6.7,8.0,4.0,5.3,1.3,0.0,0.0,4.0,6.7,18.7,-8.0,33.0,0,0,34.7,1,13222,1,13222,10359,6615,1046,17395,12715,9154,13429,12213,5405,13358,11038,6950,8248,9927,1965,9271,8263,8846,7126,1927,9129,16977,12609,2246,150,10290,1,26:58
2024-25,1627777,Georges Niang,Georges,1610612739,CLE,Cleveland Cavaliers,0022400696,2025-02-02T00:00:00,CLE vs. DAL,W,22.1,8.1,11.4,0.714,4.9,8.1,0.6,0.0,0.0,0.0,0.0,3.3,3.3,1.6,1.6,0.0,1.6,0.0,4.9,0.0,21.2,11.4,30.8,0,0,34.2,1,1,13086,1,14414,6321,14653,2752,2431,6192,2992,13505,14344,13505,14058,15912,19087,17578,12219,12854,4485,8846,4869,17725,6940,7056,14211,2246,150,10693,1,22:06
2024-25,1630172,Patrick Williams,Patrick,1610612741,CHI,Chicago Bulls,0022400695,2025-02-02T00:00:00,CHI @ DET,L,19.983333333333334,7.2,14.4,0.5,1.8,3.6,0.5,3.6,5.4,0.667,3.6,1.8,5.4,0.0,7.2,1.8,1.8,1.8,0.0,5.4,19.8,-16.2,29.9,0,0,34.2,1,13222,1,13222,16026,8441,9499,8526,11071,16431,3944,6482,5311,9425,4207,20241,13807,19908,813,7249,4058,3898,20257,3472,8053,20328,14868,2246,150,10675,1,19:59
2024-25,1630531,Jaden Springer,Jaden,1610612738,BOS,Boston Celtics,0022400698,2025-02-02T00:00:00,BOS @ PHI,W,6.733333333333333,0.0,10.7,0.0,0.0,10.7,0.0,0.0,0.0,0.0,0.0,0.0,0.0,0.0,0.0,0.0,0.0,0.0,5.3,0.0,0.0,0.0,0.0,0,0,0.0,1,1,13086,1,23265,22635,15888,22635,15070,2777,15070,13505,14344,13505,14058,22137,23286,19908,16469,12854,8263,8846,3926,17725,23200,12240,25228,2246,150,25259,1,6:44
2024-25,1628436,Luke Kornet,Luke,1610612738,BOS,Boston Celtics,0022400698,2025-02-02T00:00:00,BOS @ PHI,W,13.176666666666666,2.7,2.7,1.0,0.0,0.0,0.0,0.0,0.0,0.0,2.7,2.7,5.5,0.0,0.0,0.0,0.0,0.0,8.2,5.5,5.5,46.4,12.0,0,0,10.9,1,1,13086,1,20668,20017,24573,1,15070,20945,15070,13505,14344,13505,6026,17600,13635,19908,16469,12854,8263,8846,1271,3390,21755,656,24003,2246,150,24238,1,13:11
2024-25,1627826,Ivica Zubac,Ivica,1610612746,LAC,LA Clippers,0022400697,2025-02-02T00:00:00,LAC @ TOR,L,40.04333333333334,6.3,9.9,0.636,0.0,0.0,0.0,3.6,3.6,1.0,0.0,7.2,7.2,0.9,0.0,0.9,2.7,0.9,0.0,2.7,16.2,9.0,36.9,0,0,31.5,1,13222,1,13222,552,10740,17265,4689,15070,20945,15070,6496,8696,1,14058,6015,9764,19867,16469,12669,2089,8666,20257,10325,11744,8188,9730,2246,150,12802,1,40:03
2024-25,1641763,Julian Phillips,Julian,1610612741,CHI,Chicago Bulls,0022400695,2025-02-02T00:00:00,CHI @ DET,L,7.6,0.0,0.0,0.0,0.0,0.0,0.0,0.0,0.0,0.0,0.0,9.5,9.5,4.7,4.7,0.0,0.0,0.0,0.0,0.0,0.0,23.7,13.7,0,0,14.2,1,13222,1,13222,22952,22635,24836,22635,15070,20945,15070,13505,14344,13505,14058,3039,6091,8082,2672,12854,8263,8846,20257,17725,23200,3107,23566,2246,150,23354,1,7:36
2024-25,1627824,Guerschon Yabusele,Guerschon,1610612755,PHI,Philadelphia 76ers,0022400698,2025-02-02T00:00:00,PHI vs. BOS,L,35.516666666666666,8.1,13.2,0.615,2.0,4.1,0.5,3.0,3.0,1.0,0.0,6.1,6.1,0.0,1.0,0.0,0.0,1.0,2.0,2.0,21.3,-10.1,27.6,0,0,29.4,1,13222,1,13222,3054,6392,11525,5246,10028,15469,3944,7692,9874,1,14058,8150,12091,19908,15758,12854,8263,7790,14982,12952,6839,17945,16527,2246,150,14415,1,35:31
2024-25,1627747,Caris LeVert,Caris,1610612739,CLE,Cleveland Cavaliers,0022400696,2025-02-02T00:00:00,CLE vs. DAL,W,23.316666666666666,6.2,12.4,0.5,3.1,6.2,0.5,0.0,0.0,0.0,0.0,0.0,0.0,7.7,0.0,1.5,0.0,0.0,1.5,0.0,15.4,40.1,31.7,0,0,29.3,1,1,13086,1,13450,11031,12976,8526,6244,10249,3944,13505,14344,13505,14058,22137,23286,3158,16469,8221,8263,8846,17071,17725,12474,971,13578,2246,150,14455,1,23:19
2024-25,1628366,Lonzo Ball,Lonzo,1610612741,CHI,Chicago Bulls,0022400695,2025-02-02T00:00:00,CHI @ DET,L,27.866666666666667,3.9,10.3,0.375,3.9,10.3,0.375,5.2,5.2,1.0,2.6,2.6,5.2,2.6,1.3,1.3,0.0,0.0,1.3,2.6,16.8,-2.6,29.5,0,0,31.0,1,13222,1,13222,9653,17392,16487,16299,4251,3116,8800,3798,5649,1,6392,17988,14349,14269,13841,9507,8263,8846,18066,10693,11077,14348,15180,2246,150,13156,1,27:52
2024-25,1641709,Ausar Thompson,Ausar,1610612765,DET,Detroit Pistons,0022400695,2025-02-02T00:00:00,DET vs. CHI,W,21.933333333333334,9.8,14.8,0.667,0.0,0.0,0.0,0.0,0.0,0.0,3.3,8.2,11.5,4.9,0.0,1.6,0.0,1.6,6.6,0.0,19.7,11.5,45.8,0,0,39.4,1,1,13086,1,14543,3401,8949,3281,15070,20945,15070,13505,14344,13505,4778,4416,3955,7633,16469,7846,8263,4326,2354,17725,8162,7013,4824,2246,150,7137,1,21:56
2024-25,1630702,Jaden Hardy,Jaden,1610612742,DAL,Dallas Mavericks,0022400696,2025-02-02T00:00:00,DAL @ CLE,L,27.016666666666666,10.7,25.3,0.421,4.0,16.0,0.25,2.7,2.7,1.0,0.0,4.0,4.0,2.7,2.7,0.0,0.0,1.3,4.0,1.3,28.0,-20.0,34.1,0,0,38.6,1,13222,1,13222,10318,2550,766,14442,4007,527,11902,8653,10828,1,14058,13731,17322,14001,7638,12854,8263,5487,7152,15757,2794,21546,11717,2246,150,7620,1,27:01
2024-25,202704,Reggie Jackson,Reggie,1610612755,PHI,Philadelphia 76ers,0022400698,2025-02-02T00:00:00,PHI vs. BOS,L,13.85,5.2,23.4,0.222,2.6,15.6,0.167,2.6,5.2,0.5,0.0,5.2,5.2,2.6,0.0,2.6,0.0,0.0,5.2,2.6,15.6,-36.4,33.5,0,0,31.2,1,13222,1,13222,20270,13824,1249,21205,7829,587,14236,8803,5613,10625,14058,10281,14276,14218,16469,4143,8263,8846,4198,10647,12330,24556,12172,2246,150,13009,1,13:51
2024-25,1629018,Gary Trent Jr.,Gary,1610612749,MIL,Milwaukee Bucks,0022400699,2025-02-02T00:00:00,MIL vs. MEM,L,16.233333333333334,0.0,8.9,0.0,0.0,6.7,0.0,0.0,0.0,0.0,0.0,8.9,8.9,4.4,0.0,0.0,0.0,2.2,0.0,0.0,0.0,-26.6,17.3,0,0,13.3,1,13222,1,13222,18766,22635,18907,22635,15070,9209,15070,13505,14344,13505,14058,3640,6923,8800,16469,12854,8263,2608,20257,17725,23200,23152,22375,2246,150,23609,1,16:14
2024-25,1630245,Ayo Dosunmu,Ayo,1610612741,CHI,Chicago Bulls,0022400695,2025-02-02T00:00:00,CHI @ DET,L,31.633333333333333,6.8,10.2,0.667,2.3,5.7,0.4,0.0,0.0,0.0,1.1,2.3,3.4,5.7,3.4,0.0,1.1,0.0,3.4,0.0,15.9,-12.5,28.6,0,0,29.6,1,13222,1,13222,6299,9354,16659,3281,8944,11476,7874,13505,14344,13505,12205,18837,18753,6060,5199,12854,6550,8846,9022,17725,11993,18948,15824,2246,150,14247,1,31:38
2024-25,201572,Brook Lopez,Brook,1610612749,MIL,Milwaukee Bucks,0022400699,2025-02-02T00:00:00,MIL vs. MEM,L,31.833333333333332,6.8,17.0,0.4,3.4,7.9,0.429,0.0,0.0,0.0,1.1,1.1,2.3,2.3,1.1,1.1,2.3,1.1,5.7,1.1,17.0,-22.6,32.1,0,0,31.7,1,13222,1,13222,6121,9459,5840,14933,5398,6592,7394,13505,14344,13505,12253,21681,21290,15379,14928,10758,2819,6781,3460,16760,10882,22252,13244,2246,150,12656,1,31:50
2024-25,1628971,Bruce Brown,Bruce,1610612761,TOR,Toronto Raptors,0022400697,2025-02-02T00:00:00,TOR vs. LAC,W,17.483333333333334,2.1,8.2,0.25,0.0,2.1,0.0,8.2,8.2,1.0,4.1,2.1,6.2,4.1,0.0,0.0,0.0,2.1,0.0,4.1,12.4,14.4,25.9,0,0,22.7,1,1,13086,1,17940,21297,19889,20233,15070,19439,15070,1310,2362,1,3410,19481,11875,9612,16469,12854,8263,3026,20257,6008,15756,5854,17654,2246,150,19246,1,17:29
2024-25,1631204,Marcus Sasser,Marcus,1610612765,DET,Detroit Pistons,0022400695,2025-02-02T00:00:00,DET vs. CHI,W,14.133333333333333,2.5,10.2,0.25,0.0,5.1,0.0,0.0,0.0,0.0,0.0,5.1,5.1,12.7,5.1,0.0,0.0,0.0,7.6,0.0,5.1,-10.2,25.2,0,0,22.9,1,1,13086,1,20122,20373,16746,20233,15070,12969,15070,13505,14344,13505,14058,10585,14535,579,2227,12854,8263,8846,1548,17725,21956,17969,18136,2246,150,19069,1,14:08
2024-25,1627751,Jakob Poeltl,Jakob,1610612761,TOR,Toronto Raptors,0022400697,2025-02-02T00:00:00,TOR vs. LAC,W,30.983333333333334,4.6,10.5,0.444,0.0,0.0,0.0,2.3,2.3,1.0,4.6,7.0,11.6,3.5,4.6,0.0,1.2,0.0,4.6,1.2,11.6,12.8,29.6,1,0,29.0,1,1,13086,1,6893,15373,16296,13045,15070,20945,15070,9548,11708,1,2752,6411,3827,11424,2786,12854,6411,8846,5421,16587,16555,6486,15066,1,150,14664,1,30:59
2024-25,1628378,Donovan Mitchell,Donovan,1610612739,CLE,Cleveland Cavaliers,0022400696,2025-02-02T00:00:00,CLE vs. DAL,W,23.666666666666668,6.1,13.7,0.444,3.0,7.6,0.4,3.0,3.0,1.0,0.0,9.1,9.1,9.1,3.0,0.0,0.0,1.5,3.0,3.0,18.3,71.5,39.9,0,0,39.5,1,1,13086,1,13171,11266,10669,13045,6367,7165,7874,7686,9866,1,14058,3379,6543,1917,6303,12854,8263,4687,10525,9093,9572,230,7847,2246,150,7037,1,23:40
2024-25,1641737,Adem Bona,Adem,1610612755,PHI,Philadelphia 76ers,0022400698,2025-02-02T00:00:00,PHI vs. BOS,L,12.483333333333333,2.9,2.9,1.0,0.0,0.0,0.0,0.0,0.0,0.0,5.8,8.7,14.4,0.0,5.8,2.9,2.9,0.0,5.8,2.9,5.8,5.8,34.6,0,0,31.7,1,13222,1,13222,21003,19698,24524,1,15070,20945,15070,13505,14344,13505,1764,3882,2036,19908,1593,3450,1844,8846,3283,9646,21552,9720,11371,2246,150,12605,1,12:29
2024-25,203482,Kelly Olynyk,Kelly,1610612761,TOR,Toronto Raptors,0022400697,2025-02-02T00:00:00,TOR vs. LAC,W,17.016666666666666,4.2,8.5,0.5,0.0,0.0,0.0,0.0,0.0,0.0,0.0,2.1,2.1,4.2,4.2,0.0,0.0,0.0,4.2,2.1,8.5,-8.5,13.1,0,0,14.8,1,1,13086,1,18243,16506,19553,8526,15070,20945,15070,13505,14344,13505,14058,19316,21586,9308,3443,12854,8263,8846,6467,12541,19551,17166,23736,2246,150,23126,1,17:01
2024-25,203114,Khris Middleton,Khris,1610612749,MIL,Milwaukee Bucks,0022400699,2025-02-02T00:00:00,MIL vs. MEM,L,26.083333333333332,9.7,13.8,0.7,5.5,6.9,0.8,2.8,2.8,1.0,0.0,2.8,2.8,5.5,4.1,1.4,1.4,0.0,4.1,1.4,27.6,-8.3,43.3,0,0,46.9,1,13222,1,13222,11099,3646,10485,3045,1721,8662,1389,8437,10588,1,14058,17530,20335,6386,3590,9008,5313,8846,6716,15528,2931,17086,5966,2246,150,3513,1,26:05
2024-25,1641748,Andre Jackson Jr.,Andre,1610612749,MIL,Milwaukee Bucks,0022400699,2025-02-02T00:00:00,MIL vs. MEM,L,14.101666666666667,5.1,10.2,0.5,2.6,5.1,0.5,0.0,0.0,0.0,2.6,7.7,10.2,2.6,2.6,0.0,0.0,0.0,7.7,0.0,12.8,7.7,26.3,0,0,28.1,1,13222,1,13222,20144,14072,16716,8526,7965,12944,3944,13505,14344,13505,6470,5227,5223,14358,8038,12854,8263,8846,1540,17725,15325,8795,17417,2246,150,15368,1,14:06
2024-25,201950,Jrue Holiday,Jrue,1610612738,BOS,Boston Celtics,0022400698,2025-02-02T00:00:00,BOS @ PHI,W,33.916666666666664,3.2,8.5,0.375,2.1,7.4,0.286,1.1,1.1,1.0,0.0,5.3,5.3,5.3,1.1,0.0,1.1,0.0,2.1,4.2,9.6,-10.6,26.0,0,0,24.4,1,1,13086,1,4334,19024,19502,16299,9579,7537,11433,13039,14109,1,14058,10011,14027,6801,15414,12854,7050,8846,14508,5733,18587,18150,17613,2246,150,18067,1,33:55
2024-25,204001,Kristaps Porziņģis,Kristaps,1610612738,BOS,Boston Celtics,0022400698,2025-02-02T00:00:00,BOS @ PHI,W,31.16,5.8,16.2,0.357,3.5,8.1,0.429,5.8,6.9,0.833,1.2,6.9,8.1,3.5,0.0,0.0,5.8,0.0,5.8,4.6,20.8,-1.2,53.0,0,0,47.4,1,1,13086,1,6742,12178,6872,17140,5226,6314,7394,3106,3440,7275,12067,6487,8119,11505,16469,12854,347,8846,3261,4895,7235,13646,2448,2246,150,3349,1,31:10
2024-25,1628386,Jarrett Allen,Jarrett,1610612739,CLE,Cleveland Cavaliers,0022400696,2025-02-02T00:00:00,CLE vs. DAL,W,19.883333333333333,10.9,14.5,0.75,0.0,1.8,0.0,3.6,3.6,1.0,0.0,16.3,16.3,0.0,0.0,0.0,3.6,0.0,0.0,1.8,25.3,39.8,55.8,0,0,48.9,1,1,13086,1,16109,2371,9385,2107,15070,19901,15070,6448,8643,1,14058,396,1324,19908,16469,12854,1134,8846,20257,13890,4026,992,1846,2246,150,2860,1,19:53
2024-25,1641765,Olivier-Maxence Prosper,Olivier-Maxence,1610612742,DAL,Dallas Mavericks,0022400696,2025-02-02T00:00:00,DAL @ CLE,L,30.816666666666666,4.7,17.5,0.267,0.0,7.0,0.0,2.3,2.3,1.0,1.2,5.8,7.0,4.7,1.2,2.3,0.0,1.2,0.0,3.5,11.7,-29.2,32.9,0,0,28.0,1,13222,1,13222,7026,15309,5230,20170,15070,8449,15070,9505,11676,1,12007,8691,10135,8250,14672,4911,8263,6494,20257,7649,16481,23614,12632,2246,150,15399,1,30:49
2024-25,1628379,Luke Kennard,Luke,1610612763,MEM,Memphis Grizzlies,0022400699,2025-02-02T00:00:00,MEM @ MIL,W,29.618333333333332,3.6,9.7,0.375,2.4,3.6,0.667,0.0,0.0,0.0,1.2,2.4,3.6,9.7,1.2,1.2,0.0,0.0,0.0,1.2,9.7,14.6,31.1,0,0,28.0,1,1,13086,1,8125,17972,17529,16299,8367,16335,1957,13505,14344,13505,11691,18394,18213,1577,14325,10049,8263,8846,20257,16325,18426,5785,13979,2246,150,15456,1,29:37
2024-25,1630595,Cade Cunningham,Cade,1610612765,DET,Detroit Pistons,0022400695,2025-02-02T00:00:00,DET vs. CHI,W,33.86666666666667,10.6,24.4,0.435,2.1,6.4,0.333,0.0,1.1,0.0,1.1,2.1,3.2,15.9,3.2,1.1,1.1,0.0,0.0,1.1,23.4,12.8,54.3,1,0,48.9,1,1,13086,1,4385,2581,937,13702,9569,9803,9209,13505,14106,13505,12770,19284,19261,217,5857,11359,7039,8846,20257,17101,5213,6497,2134,1,150,2855,1,33:52
2024-25,1628401,Derrick White,Derrick,1610612738,BOS,Boston Celtics,0022400698,2025-02-02T00:00:00,BOS @ PHI,W,33.78333333333333,6.4,11.7,0.545,5.3,9.6,0.556,0.0,0.0,0.0,0.0,1.1,1.1,9.6,2.1,0.0,1.1,0.0,1.1,1.1,18.1,2.1,34.8,0,0,36.2,1,1,13086,1,4448,10465,14069,7695,1927,3991,3747,13505,14344,13505,14058,21839,23136,1652,9838,12854,7025,8846,19310,17090,9718,11553,11162,2246,150,9200,1,33:47
2024-25,203081,Damian Lillard,Damian,1610612749,MIL,Milwaukee Bucks,0022400699,2025-02-02T00:00:00,MIL vs. MEM,L,37.19833333333333,3.9,14.5,0.267,1.9,7.7,0.25,4.8,5.8,0.833,0.0,2.9,2.9,8.7,2.9,0.0,0.0,0.0,1.9,2.9,14.5,-13.5,28.2,0,0,28.1,1,13222,1,13222,1864,17404,9333,20170,10477,6911,11902,4277,4746,7275,14058,17076,19990,2261,6828,12854,8263,8846,15483,9586,13389,19324,16098,2246,150,15383,1,37:12
2024-25,201587,Nicolas Batum,Nicolas,1610612746,LAC,LA Clippers,0022400697,2025-02-02T00:00:00,LAC @ TOR,L,27.966666666666665,5.1,6.4,0.8,3.9,5.1,0.75,0.0,0.0,0.0,2.6,2.6,5.1,2.6,0.0,0.0,1.3,0.0,2.6,0.0,14.2,-2.6,28.1,0,0,28.3,1,13222,1,13222,9569,13952,22167,1688,4292,12824,1542,13505,14344,13505,6413,18001,14400,14295,16469,12854,5704,8846,12513,17725,13778,14344,16175,2246,150,15193,1,27:58
2024-25,1630567,Scottie Barnes,Scottie,1610612761,TOR,Toronto Raptors,0022400697,2025-02-02T00:00:00,TOR vs. LAC,W,33.751666666666665,6.4,12.8,0.5,2.1,2.1,1.0,1.1,2.1,0.5,1.1,6.4,7.5,5.3,1.1,0.0,1.1,0.0,3.2,4.3,16.0,5.3,35.1,0,0,33.1,1,1,13086,1,4480,10454,12213,8526,9543,19306,1,13017,12315,10625,12742,7509,9241,6759,15376,12854,7018,8846,9875,5684,11930,9927,10997,2246,150,11608,1,33:45
2024-25,201143,Al Horford,Al,1610612738,BOS,Boston Celtics,0022400698,2025-02-02T00:00:00,BOS @ PHI,W,11.38,3.2,12.7,0.25,0.0,6.3,0.0,6.3,6.3,1.0,0.0,6.3,6.3,0.0,0.0,3.2,0.0,0.0,0.0,3.2,12.7,-15.8,29.7,0,0,25.3,1,1,13086,1,21546,19077,12480,20233,15070,9929,15070,2563,4095,1,14058,7648,11555,19908,16469,2812,8263,8846,20257,8691,15442,20199,14994,2246,150,17426,1,11:23
2024-25,1642266,Ja'Kobe Walter,Ja'Kobe,1610612761,TOR,Toronto Raptors,0022400697,2025-02-02T00:00:00,TOR vs. LAC,W,21.4,6.7,18.5,0.364,3.4,10.1,0.333,0.0,0.0,0.0,0.0,6.7,6.7,3.4,1.7,1.7,0.0,1.7,1.7,0.0,16.8,-5.0,33.3,0,0,33.6,1,1,13086,1,14991,9624,4211,16861,5473,3383,9209,13505,14344,13505,14058,6830,10675,11777,11995,7678,8263,4193,16593,17725,11036,15612,12341,2246,150,11114,1,21:24
2024-25,1629632,Coby White,Coby,1610612741,CHI,Chicago Bulls,0022400695,2025-02-02T00:00:00,CHI @ DET,L,33.516666666666666,5.4,18.3,0.294,3.2,10.7,0.3,9.7,9.7,1.0,1.1,2.1,3.2,3.2,4.3,0.0,0.0,3.2,3.2,7.5,23.6,-19.3,28.0,0,0,33.3,1,13222,1,13222,4717,13344,4399,19598,5896,2741,11319,790,1519,1,12682,19214,19166,12222,3339,12854,8263,1132,9767,1315,5033,21350,16206,2246,150,11405,1,33:31
2024-25,1641824,Matas Buzelis,Matas,1610612741,CHI,Chicago Bulls,0022400695,2025-02-02T00:00:00,CHI @ DET,L,25.7,7.0,12.6,0.556,2.8,7.0,0.4,0.0,0.0,0.0,2.8,1.4,4.2,1.4,1.4,0.0,0.0,0.0,0.0,0.0,16.8,-4.2,22.6,0,0,25.2,1,13222,1,13222,11405,8924,12550,7248,7206,8457,7874,13505,14344,13505,5860,21078,16795,18342,13277,12854,8263,8846,20257,17725,11049,15181,19844,2246,150,17504,1,25:42
2024-25,1631105,Jalen Duren,Jalen,1610612765,DET,Detroit Pistons,0022400695,2025-02-02T00:00:00,DET vs. CHI,W,29.916666666666668,10.8,13.2,0.818,0.0,0.0,0.0,3.6,4.8,0.75,4.8,10.8,15.6,4.8,1.2,1.2,0.0,1.2,1.2,3.6,25.3,7.2,53.7,1,0,48.1,1,1,13086,1,7855,2390,11418,1653,15070,20945,15070,6470,6275,8186,2545,1996,1543,7885,14414,10145,8263,6232,18519,7367,4076,9034,2280,1,150,3102,1,29:55
2024-25,1641711,Gradey Dick,Gradey,1610612761,TOR,Toronto Raptors,0022400697,2025-02-02T00:00:00,TOR vs. LAC,W,32.6,7.7,9.9,0.778,2.2,2.2,1.0,2.2,2.2,1.0,0.0,3.3,3.3,1.1,0.0,1.1,0.0,1.1,3.3,1.1,19.9,8.8,28.8,0,0,28.7,1,1,13086,1,5479,7199,17175,1994,9210,19149,1,9917,12062,1,14058,15752,18961,19339,16469,10980,8263,7005,9406,16888,8015,8253,15616,2246,150,14922,1,32:36
2024-25,1627736,Malik Beasley,Malik,1610612765,DET,Detroit Pistons,0022400695,2025-02-02T00:00:00,DET vs. CHI,W,27.916666666666668,9.0,16.8,0.538,6.4,14.2,0.455,0.0,1.3,0.0,0.0,2.6,2.6,6.4,2.6,3.9,0.0,0.0,3.9,0.0,24.5,2.6,46.3,0,0,47.7,1,1,13086,1,9614,4656,6099,7978,1023,874,7148,13505,13747,13505,14058,17994,20674,4786,7953,1771,8263,8846,7554,17725,4491,11327,4627,2246,150,3250,1,27:55
2024-25,202684,Tristan Thompson,Tristan,1610612739,CLE,Cleveland Cavaliers,0022400696,2025-02-02T00:00:00,CLE vs. DAL,W,17.0,0.0,6.4,0.0,0.0,2.1,0.0,0.0,4.2,0.0,2.1,16.9,19.1,6.4,0.0,0.0,0.0,0.0,8.5,2.1,0.0,-12.7,32.4,0,0,25.4,1,1,13086,1,18255,22635,22263,22635,15070,19340,15070,13505,7346,13505,7896,335,687,4924,16469,12854,8263,8846,1147,12535,23200,19020,13011,2246,150,17343,1,17:00
2024-25,1631207,Dalen Terry,Dalen,1610612741,CHI,Chicago Bulls,0022400695,2025-02-02T00:00:00,CHI @ DET,L,7.75,4.6,18.6,0.25,0.0,9.3,0.0,0.0,0.0,0.0,4.6,0.0,4.6,4.6,0.0,0.0,0.0,4.6,0.0,4.6,9.3,-65.0,21.8,0,0,18.6,1,13222,1,13222,22906,15377,4142,20233,15070,4391,15070,13505,14344,13505,2755,22137,15714,8315,16469,12854,8263,451,20257,4843,18818,25794,20243,2246,150,21595,1,7:45
2024-25,203915,Spencer Dinwiddie,Spencer,1610612742,DAL,Dallas Mavericks,0022400696,2025-02-02T00:00:00,DAL @ CLE,L,23.966666666666665,3.0,9.0,0.333,0.0,3.0,0.0,1.5,3.0,0.5,0.0,1.5,1.5,3.0,0.0,1.5,1.5,0.0,0.0,3.0,7.5,-46.6,22.8,0,0,18.0,1,13222,1,13222,12929,19405,18697,17395,15070,17630,15070,11797,9964,10625,14058,20871,22565,12906,16469,8399,4840,8846,20257,9223,20311,25249,19665,2246,150,21848,1,23:58
2024-25,1630314,Brandon Williams,Brandon,1610612742,DAL,Dallas Mavericks,0022400696,2025-02-02T00:00:00,DAL @ CLE,L,18.3,3.9,7.9,0.5,3.9,5.9,0.667,0.0,0.0,0.0,0.0,2.0,2.0,2.0,2.0,2.0,0.0,0.0,0.0,0.0,11.8,-23.6,21.0,0,0,23.6,1,13222,1,13222,17361,17240,20451,8526,4125,10937,1957,13505,14344,13505,14058,19762,21863,16486,10676,6400,8263,8846,20257,17725,16343,22476,20659,2246,150,18609,1,18:18
2024-25,203501,Tim Hardaway Jr.,Tim,1610612765,DET,Detroit Pistons,0022400695,2025-02-02T00:00:00,DET vs. CHI,W,27.066666666666666,6.7,13.3,0.5,1.3,5.3,0.25,1.3,1.3,1.0,0.0,1.3,1.3,0.0,1.3,1.3,1.3,0.0,2.7,2.7,16.0,5.3,24.2,0,0,23.9,1,1,13086,1,10288,9821,11304,8526,12734,12412,11902,12227,13689,1,14058,21233,22785,19908,13672,9297,5518,8846,12201,10437,11957,9933,18807,2246,150,18372,1,27:04
2024-25,1629599,Amir Coffey,Amir,1610612746,LAC,LA Clippers,0022400697,2025-02-02T00:00:00,LAC @ TOR,L,26.55666666666667,4.1,10.8,0.375,2.7,6.8,0.4,0.0,0.0,0.0,1.4,1.4,2.7,2.7,0.0,0.0,0.0,1.4,2.7,0.0,10.8,-24.4,18.2,0,0,19.0,1,13222,1,13222,10683,16937,15621,16299,7505,8946,7874,13505,14344,13505,10957,21175,20426,13877,16469,12854,8263,5376,11997,17725,17322,22664,22023,2246,150,21403,1,26:33
2024-25,1626192,Pat Connaughton,Pat,1610612749,MIL,Milwaukee Bucks,0022400699,2025-02-02T00:00:00,MIL vs. MEM,L,7.95,4.5,4.5,1.0,4.5,4.5,1.0,0.0,0.0,0.0,0.0,0.0,0.0,0.0,0.0,0.0,0.0,0.0,4.5,0.0,13.6,22.6,13.6,0,0,18.1,1,13222,1,13222,22828,15678,23788,1,3020,14359,1,13505,14344,13505,14058,22137,23286,19908,16469,12854,8263,8846,5710,17725,14391,3335,23611,2246,150,21811,1,7:57
2024-25,1630537,Chris Duarte,Chris,1610612741,CHI,Chicago Bulls,0022400695,2025-02-02T00:00:00,CHI @ DET,L,1.3666666666666667,0.0,26.3,0.0,0.0,26.3,0.0,0.0,0.0,0.0,0.0,0.0,0.0,26.3,0.0,0.0,0.0,0.0,0.0,0.0,0.0,105.4,39.5,0,0,26.3,1,13222,1,13222,25879,22635,582,22635,15070,96,15070,13505,14344,13505,14058,22137,23286,32,16469,12854,8263,8846,20257,17725,23200,63,8068,2246,150,16678,1,1:22
2024-25,1631323,Simone Fontecchio,Simone,1610612765,DET,Detroit Pistons,0022400695,2025-02-02T00:00:00,DET vs. CHI,W,18.216666666666665,5.9,11.9,0.5,4.0,7.9,0.5,5.9,5.9,1.0,2.0,5.9,7.9,0.0,2.0,0.0,2.0,2.0,2.0,4.0,21.7,-5.9,35.2,0,0,37.5,1,1,13086,1,17428,11713,13855,8526,4092,6619,3944,2940,4579,1,8494,8486,8449,19908,10633,12854,3547,3297,15271,6447,6432,16027,10952,2246,150,8332,1,18:13
2024-25,1630230,Naji Marshall,Naji,1610612742,DAL,Dallas Mavericks,0022400696,2025-02-02T00:00:00,DAL @ CLE,L,21.916666666666668,8.2,16.4,0.5,0.0,1.6,0.0,3.3,3.3,1.0,1.6,8.2,9.9,3.3,1.6,0.0,0.0,1.6,1.6,1.6,19.7,-31.2,34.8,0,0,32.9,1,13222,1,13222,14561,6174,6510,8526,15070,20121,15070,7135,9341,1,9775,4404,5594,12037,12169,12854,8263,4319,16739,14483,8147,23921,11181,2246,150,11763,1,21:55
2024-25,1630193,Immanuel Quickley,Immanuel,1610612761,TOR,Toronto Raptors,0022400697,2025-02-02T00:00:00,TOR vs. LAC,W,17.3,6.2,10.4,0.6,2.1,4.2,0.5,8.3,8.3,1.0,0.0,0.0,0.0,12.5,0.0,0.0,0.0,2.1,0.0,4.2,22.9,0.0,41.6,0,0,37.5,1,1,13086,1,18072,10861,16373,5394,9760,15204,3944,1269,2309,1,14058,22137,23286,617,16469,12854,8263,2969,20257,5918,5563,12240,6819,2246,150,8396,1,17:18
2024-25,1631222,Jake LaRavia,Jake,1610612763,MEM,Memphis Grizzlies,0022400699,2025-02-02T00:00:00,MEM @ MIL,W,14.616666666666667,2.5,7.4,0.333,0.0,0.0,0.0,0.0,0.0,0.0,4.9,9.9,14.8,2.5,4.9,4.9,0.0,0.0,2.5,0.0,4.9,27.1,36.2,0,0,32.0,1,1,13086,1,19811,20530,21091,17395,15070,20945,15070,13505,14344,13505,2438,2688,1886,14671,2427,939,8263,8846,12931,17725,22049,2413,10233,2246,150,12375,1,14:37
2024-25,1629660,Ty Jerome,Ty,1610612739,CLE,Cleveland Cavaliers,0022400696,2025-02-02T00:00:00,CLE vs. DAL,W,26.633333333333333,6.8,16.2,0.417,2.7,5.4,0.5,0.0,0.0,0.0,1.4,2.7,4.1,6.8,2.7,4.1,0.0,0.0,2.7,1.4,16.2,16.2,40.7,0,0,37.8,1,1,13086,1,10618,9535,6803,14532,7530,12197,3944,13505,14344,13505,10971,17690,17174,4342,7522,1580,8263,8846,12028,15666,11704,5175,7339,2246,150,8132,1,26:38
2024-25,1629645,Kevin Porter Jr.,Kevin,1610612746,LAC,LA Clippers,0022400697,2025-02-02T00:00:00,LAC @ TOR,L,24.765,11.6,18.9,0.615,0.0,1.5,0.0,1.5,2.9,0.5,2.9,7.3,10.2,7.3,2.9,1.5,0.0,2.9,0.0,2.9,24.7,1.5,49.3,0,0,45.1,1,13222,1,13222,12218,1784,3848,5246,15070,20318,15070,11900,10215,10625,5570,5880,5255,3666,6809,8618,8263,1456,20257,9570,4361,11894,3514,2246,150,4243,1,24:46
2024-25,1641713,GG Jackson,GG,1610612763,MEM,Memphis Grizzlies,0022400699,2025-02-02T00:00:00,MEM @ MIL,W,17.116666666666667,4.2,14.7,0.286,2.1,10.5,0.2,0.0,0.0,0.0,4.2,12.6,16.8,4.2,0.0,0.0,2.1,2.1,2.1,2.1,10.5,-2.1,43.3,0,0,37.9,1,1,13086,1,18188,16578,9010,19630,9668,2963,13429,13505,14344,13505,3296,1119,1167,9371,16469,12854,3195,2914,14599,12594,17648,14104,5970,2246,150,8126,1,17:07
2024-25,1629628,RJ Barrett,RJ,1610612761,TOR,Toronto Raptors,0022400697,2025-02-02T00:00:00,TOR vs. LAC,W,33.03333333333333,9.8,22.9,0.429,2.2,6.5,0.333,0.0,0.0,0.0,2.2,4.4,6.5,7.6,3.3,3.3,0.0,3.3,2.2,2.2,21.8,6.5,47.6,0,0,44.7,1,1,13086,1,5120,3464,1424,13735,9311,9454,9209,13505,14344,13505,7653,12627,11091,3248,5605,2619,8263,1086,14188,12243,6386,9365,4098,2246,150,4400,1,33:02
2024-25,1642377,Jaylen Wells,Jaylen,1610612763,MEM,Memphis Grizzlies,0022400699,2025-02-02T00:00:00,MEM @ MIL,W,30.85,3.5,7.0,0.5,0.0,3.5,0.0,0.0,0.0,0.0,2.3,0.0,2.3,4.7,0.0,1.2,0.0,0.0,1.2,0.0,7.0,-2.3,20.3,0,0,16.3,1,1,13086,1,6992,18326,21563,8526,15070,16652,15070,13505,14344,13505,7137,22137,21127,8263,16469,10453,8263,8846,18731,17725,20729,14224,21023,2246,150,22570,1,30:51
2024-25,1631260,AJ Green,AJ,1610612749,MIL,Milwaukee Bucks,0022400699,2025-02-02T00:00:00,MIL vs. MEM,L,28.116666666666667,6.4,10.2,0.625,3.8,7.7,0.5,1.3,1.3,1.0,1.3,2.6,3.8,1.3,0.0,2.6,0.0,0.0,2.6,2.6,17.9,-16.6,32.1,0,0,32.0,1,13222,1,13222,9444,10442,16656,4899,4336,7030,3944,12352,13760,1,11294,18032,17728,18723,16469,4229,8263,8846,12562,10758,9911,20493,13228,2246,150,12382,1,28:07
2024-25,1628449,Chris Boucher,Chris,1610612761,TOR,Toronto Raptors,0022400697,2025-02-02T00:00:00,TOR vs. LAC,W,16.1,6.7,11.2,0.6,4.5,8.9,0.5,2.2,4.5,0.5,2.2,6.7,8.9,0.0,2.2,0.0,2.2,0.0,4.5,4.5,20.1,-15.7,35.3,0,0,38.0,1,1,13086,1,18858,9666,15056,5394,3108,4907,3944,9824,6895,10625,7469,6879,6828,19908,9366,12854,2869,8846,5837,5205,7822,20133,10849,2246,150,8022,1,16:06
2024-25,1641741,Ricky Council IV,Ricky,1610612755,PHI,Philadelphia 76ers,0022400698,2025-02-02T00:00:00,PHI vs. BOS,L,34.7,5.2,11.4,0.455,1.0,3.1,0.333,0.0,2.1,0.0,1.0,6.2,7.3,8.3,3.1,2.1,0.0,1.0,3.1,1.0,11.4,-6.2,35.7,0,0,32.2,1,13222,1,13222,3691,13852,14637,12676,14324,17436,9209,13505,12498,13505,12963,7845,9640,2614,6087,5891,8263,7600,10232,17232,16773,16171,10585,2246,150,12255,1,34:42
2024-25,1626158,Richaun Holmes,Richaun,1610612764,WAS,Washington Wizards,0022400690,2025-02-01T00:00:00,WAS @ MIN,W,17.85,4.0,6.1,0.667,0.0,0.0,0.0,4.0,4.0,1.0,4.0,2.0,6.1,6.1,0.0,2.0,2.0,2.0,2.0,6.1,12.1,-14.1,40.5,0,0,32.3,1,1,13086,1,17663,17009,22551,3281,15070,20945,15070,5639,7775,1,3557,19604,12158,5395,16469,6173,3437,3174,15051,2556,16035,19554,7438,2246,150,12154,1,17:51
2024-25,1641731,Bilal Coulibaly,Bilal,1610612764,WAS,Washington Wizards,0022400690,2025-02-01T00:00:00,WAS @ MIN,W,36.75833333333333,3.9,8.8,0.444,2.0,2.0,1.0,3.9,4.9,0.8,1.0,2.9,3.9,4.9,2.9,2.0,2.0,1.0,2.9,3.9,13.7,0.0,34.6,0,0,32.3,1,1,13086,1,2156,17280,19002,13045,10356,19632,1,5847,6123,7681,13428,16946,17525,7693,6686,6460,3609,8101,11000,6522,14269,12240,11398,2246,150,12130,1,36:46
2024-25,203500,Steven Adams,Steven,1610612745,HOU,Houston Rockets,0022400689,2025-02-01T00:00:00,HOU vs. BKN,L,24.97833333333333,5.8,7.2,0.8,0.0,0.0,0.0,4.3,8.6,0.5,2.9,7.2,10.1,0.0,0.0,1.4,4.3,0.0,2.9,10.1,15.9,4.3,45.3,0,0,37.5,1,13222,1,13222,12026,12221,21312,1688,15070,20945,15070,5112,2093,10625,5638,5983,5338,19908,16469,8693,744,8846,11266,396,12077,10466,5063,2246,150,8385,1,24:59
2024-25,1629652,Luguentz Dort,Luguentz,1610612760,OKC,Oklahoma City Thunder,0022400691,2025-02-01T00:00:00,OKC vs. SAC,W,31.23,8.1,13.8,0.583,6.9,11.5,0.6,0.0,0.0,0.0,4.6,3.5,8.1,2.3,0.0,0.0,2.3,0.0,2.3,1.2,23.1,26.5,43.1,0,0,45.0,1,1,13086,1,6680,6490,10443,6296,792,2083,2992,13505,14344,13505,2784,15355,8140,15212,16469,12854,2733,8846,13620,16631,5447,2516,6082,2246,150,4290,1,31:14
2024-25,1629640,Keldon Johnson,Keldon,1610612759,SAS,San Antonio Spurs,0022400693,2025-02-01T00:00:00,SAS vs. MIA,L,25.95,6.9,19.4,0.357,2.8,6.9,0.4,9.7,13.9,0.7,4.2,2.8,6.9,1.4,1.4,0.0,0.0,1.4,2.8,6.9,26.4,-4.2,35.4,0,0,37.5,1,13222,1,13222,11194,9078,3403,17140,7308,8596,7874,778,468,9366,3348,17488,10264,18384,13355,12854,8263,5227,11749,1702,3503,15158,10821,2246,150,8394,1,25:57
2024-25,1630574,Ariel Hukporti,Ariel,1610612752,NYK,New York Knicks,0022400692,2025-02-01T00:00:00,NYK vs. LAL,L,1.9166666666666667,18.8,18.8,1.0,0.0,0.0,0.0,0.0,0.0,0.0,0.0,0.0,0.0,0.0,0.0,0.0,0.0,0.0,0.0,0.0,37.6,0.0,37.6,0,0,37.6,1,13222,1,13222,25508,181,3943,1,15070,20945,15070,13505,14344,13505,14058,22137,23286,19908,16469,12854,8263,8846,20257,17725,646,12240,9308,2246,150,8316,1,1:55
2024-25,1630540,Miles McBride,Miles,1610612752,NYK,New York Knicks,0022400692,2025-02-01T00:00:00,NYK vs. LAL,L,22.933333333333334,6.3,14.1,0.444,4.7,11.0,0.429,1.6,1.6,1.0,1.6,3.1,4.7,1.6,0.0,1.6,0.0,0.0,1.6,1.6,18.8,-9.4,31.6,0,0,33.0,1,13222,1,13222,13772,10772,9955,13045,2717,2496,7394,11647,13424,1,10045,16310,15536,17740,16469,8107,8263,8846,16962,14726,9003,17629,13641,2246,150,11678,1,22:56
2024-25,1641708,Amen Thompson,Amen,1610612745,HOU,Houston Rockets,0022400689,2025-02-01T00:00:00,HOU vs. BKN,L,40.833333333333336,3.5,14.1,0.25,0.0,1.8,0.0,0.0,0.9,0.0,2.6,6.2,8.8,6.2,0.0,0.9,0.9,2.6,3.5,0.9,7.1,-8.8,32.2,0,0,25.6,1,13222,1,13222,398,18262,9997,20233,15070,19966,15070,13505,14330,13505,6233,7971,6992,5216,16469,12728,8137,1815,8681,17684,20680,17336,13195,2246,150,17229,1,40:50
2024-25,1630183,Jaden McDaniels,Jaden,1610612750,MIN,Minnesota Timberwolves,0022400690,2025-02-01T00:00:00,MIN vs. WAS,L,40.31666666666667,7.1,14.3,0.5,2.7,4.5,0.6,3.6,4.5,0.8,1.8,8.9,10.7,3.6,0.9,3.6,0.9,0.9,0.0,3.6,20.5,3.6,51.3,1,0,46.4,1,13222,1,13222,493,8594,9712,8526,7600,14536,2992,6550,6907,7681,9296,3584,4682,11167,16363,2135,8113,8687,20257,7473,7460,10867,2909,1,150,3681,1,40:19
2024-25,1628370,Malik Monk,Malik,1610612758,SAC,Sacramento Kings,0022400691,2025-02-01T00:00:00,SAC @ OKC,L,29.4,11.0,22.0,0.5,1.2,6.1,0.2,0.0,0.0,0.0,1.2,3.7,4.9,8.6,3.7,0.0,3.7,2.4,2.4,0.0,23.3,-36.7,49.3,0,0,45.3,1,13222,1,13222,8307,2241,1795,8526,13239,10378,13429,13505,14344,13505,11636,14721,15066,2364,4619,12854,1106,2123,12985,17725,5321,24592,3485,2246,150,4103,1,29:24
2024-25,1629618,Jalen Pickett,Jalen,1610612743,DEN,Denver Nuggets,0022400688,2025-02-01T00:00:00,DEN @ CHA,W,14.85,2.4,9.7,0.25,2.4,4.8,0.5,0.0,0.0,0.0,0.0,2.4,2.4,0.0,0.0,2.4,0.0,0.0,0.0,0.0,7.3,7.3,17.5,0,0,17.0,1,1,13086,1,19667,20602,17583,20233,8394,13568,3944,13505,14344,13505,14058,18414,20954,19908,16469,4616,8263,8846,20257,17725,20502,9004,22313,2246,150,22319,1,14:51
2024-25,1642265,Rob Dillingham,Rob,1610612750,MIN,Minnesota Timberwolves,0022400690,2025-02-01T00:00:00,MIN vs. WAS,L,17.753333333333334,6.1,16.2,0.375,0.0,6.1,0.0,2.0,4.1,0.5,0.0,6.1,6.1,14.2,4.1,2.0,0.0,0.0,8.1,4.1,14.2,0.0,44.8,0,0,38.5,1,13222,1,13222,17740,11277,6802,16299,15070,10487,15070,10546,7727,10625,14058,8147,12090,373,3771,6125,8263,8846,1318,6155,13735,12240,5266,2246,150,7690,1,17:45
2024-25,1631217,Moussa Diabaté,Moussa,1610612766,CHA,Charlotte Hornets,0022400688,2025-02-01T00:00:00,CHA vs. DEN,L,20.833333333333332,10.4,15.6,0.667,0.0,3.5,0.0,0.0,5.2,0.0,5.2,6.9,12.1,5.2,5.2,1.7,1.7,1.7,1.7,5.2,20.7,34.6,48.2,0,0,44.9,1,13222,1,13222,15405,2853,7760,3281,15070,16743,15070,13505,5633,13505,2212,6511,3419,7066,2130,7522,4227,4077,16435,3793,7285,1441,3910,2246,150,4301,1,20:50
2024-25,1642270,Donovan Clingan,Donovan,1610612757,POR,Portland Trail Blazers,0022400694,2025-02-01T00:00:00,POR vs. PHX,W,11.096666666666666,3.2,6.5,0.5,0.0,0.0,0.0,0.0,0.0,0.0,6.5,6.5,13.0,0.0,3.2,0.0,3.2,0.0,6.5,0.0,6.5,0.0,28.5,0,0,26.0,1,1,13086,1,21665,18906,22128,8526,15070,20945,15070,13505,14344,13505,1375,7334,2820,19908,5684,12854,1435,8846,2410,17725,21056,12240,15839,2246,150,16976,1,11:06
2024-25,203932,Aaron Gordon,Aaron,1610612743,DEN,Denver Nuggets,0022400688,2025-02-01T00:00:00,DEN @ CHA,W,30.15,3.6,11.9,0.3,0.0,4.8,0.0,0.0,0.0,0.0,2.4,1.2,3.6,2.4,1.2,0.0,1.2,3.6,4.8,0.0,7.2,25.1,17.4,0,0,15.5,1,1,13086,1,7634,18119,13691,19363,15070,13772,15070,13505,14344,13505,6962,21527,18362,14921,14486,12854,6212,855,5120,17725,20587,2800,22321,2246,150,22872,1,30:09
2024-25,1628374,Lauri Markkanen,Lauri,1610612762,UTA,Utah Jazz,0022400687,2025-02-01T00:00:00,UTA vs. ORL,W,32.766666666666666,4.4,13.2,0.333,4.4,11.0,0.4,0.0,0.0,0.0,1.1,11.0,12.1,0.0,3.3,1.1,3.3,1.1,3.3,1.1,13.2,19.8,37.6,1,0,38.5,1,1,13086,1,5353,16075,11508,17395,3246,2498,7874,13505,14344,13505,12476,1911,3428,19908,5519,11030,1398,7052,9470,16913,14894,4022,9303,1,150,7731,1,32:46
2024-25,1641729,Brice Sensabaugh,Brice,1610612762,UTA,Utah Jazz,0022400687,2025-02-01T00:00:00,UTA vs. ORL,W,14.283333333333333,10.1,20.2,0.5,2.5,7.6,0.333,0.0,0.0,0.0,5.0,2.5,7.6,0.0,0.0,0.0,0.0,0.0,5.0,0.0,22.7,-15.1,31.8,0,0,32.8,1,1,13086,1,20029,3134,2868,8526,8077,7250,9209,13505,14344,13505,2339,18132,9046,19908,16469,12854,8263,8846,4524,17725,5718,19949,13506,2246,150,11825,1,14:17
2024-25,203903,Jordan Clarkson,Jordan,1610612762,UTA,Utah Jazz,0022400687,2025-02-01T00:00:00,UTA vs. ORL,W,21.283333333333335,6.8,20.3,0.333,6.8,13.5,0.5,6.8,6.8,1.0,0.0,1.7,1.7,3.4,0.0,3.4,0.0,0.0,0.0,5.1,27.1,0.0,44.3,0,0,45.7,1,1,13086,1,15078,9515,2766,17395,862,1077,3944,2183,3596,1,14058,20482,22314,11725,16469,2417,8263,8846,20257,3962,3183,12240,5512,2246,150,3944,1,21:17
2024-25,1629028,Deandre Ayton,Deandre,1610612757,POR,Portland Trail Blazers,0022400694,2025-02-01T00:00:00,POR vs. PHX,W,32.92333333333333,12.0,13.1,0.917,0.0,0.0,0.0,2.2,3.3,0.667,1.1,6.6,7.7,2.2,2.2,0.0,1.1,0.0,3.3,2.2,26.2,27.3,39.8,0,0,38.3,1,1,13086,1,5230,1503,11638,1287,15070,20945,15070,9997,9356,9425,12523,7181,8868,15674,9565,12854,6832,8846,9524,12214,3565,2372,7883,2246,150,7852,1,32:55
2024-25,1626179,Terry Rozier,Terry,1610612748,MIA,Miami Heat,0022400693,2025-02-01T00:00:00,MIA @ SAS,W,32.7,7.7,15.4,0.5,5.5,9.9,0.556,0.0,2.2,0.0,1.1,6.6,7.7,4.4,0.0,0.0,0.0,1.1,1.1,3.3,20.9,2.2,36.8,0,0,38.5,1,1,13086,1,5400,7260,7950,8526,1732,3600,3747,13505,12081,13505,12461,7087,8795,8873,16469,12854,8263,7038,19095,8239,7147,11510,9859,2246,150,7684,1,32:42
2024-25,1630570,Trendon Watford,Trendon,1610612751,BKN,Brooklyn Nets,0022400689,2025-02-01T00:00:00,BKN @ HOU,W,15.233333333333333,7.1,18.9,0.375,0.0,4.7,0.0,0.0,4.7,0.0,4.7,7.1,11.8,2.4,7.1,4.7,0.0,0.0,4.7,7.1,14.2,11.8,39.0,0,0,37.8,1,1,13086,1,19417,8724,3832,16299,15070,13895,15070,13505,6432,13505,2638,6199,3645,15009,850,1065,8263,8846,5219,1587,13746,6874,8414,2246,150,8162,1,15:14
2024-25,1630700,Dyson Daniels,Dyson,1610612737,ATL,Atlanta Hawks,0022400686,2025-02-01T00:00:00,ATL @ IND,L,35.59166666666667,8.1,15.2,0.533,2.0,3.0,0.667,5.1,6.1,0.833,1.0,3.0,4.0,4.0,3.0,1.0,1.0,1.0,5.1,4.0,23.3,1.0,37.2,0,0,37.4,1,13222,1,13222,3004,6436,8306,8140,10053,17582,1957,3948,4381,7275,13165,16607,17199,9816,6337,11850,7408,7814,4484,6183,5322,12147,9515,2246,150,8414,1,35:36
2024-25,1642268,Isaiah Collier,Isaiah,1610612762,UTA,Utah Jazz,0022400687,2025-02-01T00:00:00,UTA vs. ORL,W,28.2,6.4,11.5,0.556,1.3,5.1,0.25,1.3,2.6,0.5,0.0,5.1,5.1,7.7,3.8,1.3,0.0,1.3,6.4,2.6,15.3,7.7,32.9,0,0,31.9,1,1,13086,1,9378,10486,14490,7248,12953,12929,11902,12362,11078,10625,14058,10548,14499,3215,4235,9606,8263,5778,2510,10787,12600,8793,12639,2246,150,12447,1,28:12
2024-25,202685,Jonas Valančiūnas,Jonas,1610612764,WAS,Washington Wizards,0022400690,2025-02-01T00:00:00,WAS @ MIN,W,30.011666666666667,7.2,13.2,0.545,0.0,0.0,0.0,1.2,1.2,1.0,2.4,9.6,12.0,2.4,3.6,1.2,0.0,1.2,4.8,2.4,15.6,10.8,33.6,1,0,32.4,1,1,13086,1,7777,8463,11488,7695,15070,20945,15070,12591,13886,1,6926,2926,3498,14883,4781,10175,8263,6264,5065,11356,12332,7326,12120,1,150,12074,1,30:01
2024-25,1629726,Garrison Mathews,Garrison,1610612737,ATL,Atlanta Hawks,0022400686,2025-02-01T00:00:00,ATL @ IND,L,19.02,5.7,9.5,0.6,5.7,9.5,0.6,9.5,11.4,0.833,0.0,5.7,5.7,0.0,3.8,0.0,0.0,0.0,7.6,5.7,26.5,17.0,29.5,0,0,37.9,1,13222,1,13222,16807,12487,18015,5394,1579,4158,2992,855,934,7275,14058,9097,13088,19908,4363,12854,8263,8846,1588,3065,3433,4892,15124,2246,150,8128,1,19:01
2024-25,1631230,Dominick Barlow,Dominick,1610612737,ATL,Atlanta Hawks,0022400686,2025-02-01T00:00:00,ATL @ IND,L,13.183333333333334,13.7,24.6,0.556,0.0,5.5,0.0,0.0,2.7,0.0,2.7,5.5,8.2,0.0,0.0,0.0,5.5,0.0,0.0,2.7,27.3,10.9,53.5,0,0,46.4,1,13222,1,13222,20660,813,908,7248,15070,12055,15070,13505,10666,13505,6028,9641,7944,19908,16469,12854,403,8846,20257,10230,3062,7271,2326,2246,150,3688,1,13:11
2024-25,1629130,Duncan Robinson,Duncan,1610612748,MIA,Miami Heat,0022400693,2025-02-01T00:00:00,MIA @ SAS,W,27.066666666666666,2.7,8.0,0.333,2.7,5.3,0.5,2.7,2.7,1.0,0.0,1.3,1.3,1.3,2.7,0.0,0.0,0.0,2.7,2.7,10.6,1.3,11.6,0,0,16.0,1,1,13086,1,10288,20169,20291,17395,7650,12412,3944,8664,10840,1,14058,21233,22785,18564,7656,12854,8263,8846,12201,10437,17520,11937,24118,2246,150,22722,1,27:04
2024-25,1641739,Toumani Camara,Toumani,1610612757,POR,Portland Trail Blazers,0022400694,2025-02-01T00:00:00,POR vs. PHX,W,36.13333333333333,7.0,11.0,0.636,2.0,4.0,0.5,2.0,2.0,1.0,4.0,6.0,10.0,0.0,1.0,4.0,0.0,0.0,2.0,2.0,17.9,23.9,40.8,1,0,37.9,1,1,13086,1,2581,8992,15431,4689,10196,15609,3944,10671,12745,1,3611,8383,5470,19908,15877,1649,8263,8846,15186,13114,9903,3044,7253,1,150,8123,1,36:08
2024-25,1630811,Keaton Wallace,Keaton,1610612737,ATL,Atlanta Hawks,0022400686,2025-02-01T00:00:00,ATL @ IND,L,13.625,5.3,10.6,0.5,0.0,2.6,0.0,0.0,0.0,0.0,0.0,5.3,5.3,5.3,0.0,2.6,0.0,0.0,5.3,0.0,10.6,-34.3,32.8,0,0,26.4,1,13222,1,13222,20408,13581,16109,8526,15070,18373,15070,13505,14344,13505,14058,10065,14082,6859,16469,4038,8263,8846,4051,17725,17596,24342,12752,2246,150,16602,1,13:38
2024-25,1641718,Keyonte George,Keyonte,1610612762,UTA,Utah Jazz,0022400687,2025-02-01T00:00:00,UTA vs. ORL,W,24.066666666666666,6.0,16.5,0.364,0.0,4.5,0.0,6.0,6.0,1.0,0.0,6.0,6.0,6.0,1.5,0.0,0.0,3.0,0.0,3.0,18.0,6.0,32.6,0,0,29.9,1,1,13086,1,12825,11564,6483,16861,15070,14475,15070,2879,4498,1,14058,8368,12327,5527,12762,12854,8263,1351,20257,9290,9892,9626,12880,2246,150,14011,1,24:04
2024-25,1629673,Jordan Poole,Jordan,1610612764,WAS,Washington Wizards,0022400690,2025-02-01T00:00:00,WAS @ MIN,W,34.76833333333333,6.2,13.5,0.462,4.1,9.3,0.444,3.1,4.1,0.75,0.0,4.1,4.1,3.1,3.1,0.0,2.1,0.0,4.1,3.1,19.7,2.1,32.4,0,0,35.2,1,1,13086,1,3640,10941,11067,12428,3690,4357,7211,7525,7545,8186,14058,13301,16970,12592,6107,12854,3287,8846,6714,8869,8182,11589,13008,2246,150,9946,1,34:46
2024-25,1629646,Charles Bassey,Charles,1610612759,SAS,San Antonio Spurs,0022400693,2025-02-01T00:00:00,SAS vs. MIA,L,27.0,5.3,10.7,0.5,0.0,0.0,0.0,1.3,2.7,0.5,9.3,10.7,20.0,1.3,1.3,0.0,1.3,0.0,1.3,2.7,12.0,-24.0,40.7,0,0,36.0,1,13222,1,13222,10332,13448,15944,8526,15070,20945,15070,12219,10822,10625,498,2108,528,18554,13654,12854,5506,8846,17893,10419,16132,22572,7349,2246,150,9360,1,27:00
2024-25,201144,Mike Conley,Mike,1610612750,MIN,Minnesota Timberwolves,0022400690,2025-02-01T00:00:00,MIN vs. WAS,L,34.07333333333333,5.3,12.7,0.417,2.1,7.4,0.286,4.2,4.2,1.0,0.0,3.2,3.2,5.3,2.1,0.0,0.0,1.1,2.1,4.2,16.9,-1.1,26.5,0,0,27.5,1,13222,1,13222,4189,13584,12421,14532,9631,7631,11433,5299,7366,1,14058,16192,19308,6862,9945,12854,8263,7436,14554,5777,10957,13579,17278,2246,150,15816,1,34:04
2024-25,1627827,Dorian Finney-Smith,Dorian,1610612747,LAL,Los Angeles Lakers,0022400692,2025-02-01T00:00:00,LAL @ NYK,W,31.855,5.7,6.8,0.833,5.7,6.8,0.833,0.0,0.0,0.0,0.0,2.3,2.3,1.1,2.3,2.3,0.0,0.0,1.1,0.0,17.0,15.8,25.9,0,0,30.5,1,1,13086,1,6100,12559,21802,1514,1611,8939,1341,13505,14344,13505,14058,18889,21294,19260,9263,5181,8263,8846,18930,17725,10902,5318,17696,2246,150,13539,1,31:51
2024-25,1628380,Zach Collins,Zach,1610612759,SAS,San Antonio Spurs,0022400693,2025-02-01T00:00:00,SAS vs. MIA,L,8.2,4.4,8.8,0.5,0.0,0.0,0.0,0.0,0.0,0.0,4.4,4.4,8.8,4.4,0.0,0.0,0.0,0.0,8.8,0.0,8.8,-8.8,25.9,0,0,22.0,1,13222,1,13222,22738,16091,19054,8526,15070,20945,15070,13505,14344,13505,3064,12550,7057,8912,16469,12854,8263,8846,1033,17725,19281,17319,17683,2246,150,19701,1,8:12
2024-25,1630557,Corey Kispert,Corey,1610612764,WAS,Washington Wizards,0022400690,2025-02-01T00:00:00,WAS @ MIN,W,28.275,3.8,10.2,0.375,2.5,7.6,0.333,0.0,0.0,0.0,1.3,3.8,5.1,1.3,3.8,0.0,1.3,0.0,0.0,0.0,10.2,-5.1,18.2,0,0,21.6,1,1,13086,1,9323,17519,16763,16299,7989,7105,9209,13505,14344,13505,11342,14266,14541,18749,4268,12854,5776,8846,20257,17725,17969,15645,21998,2246,150,19867,1,28:17
2024-25,203486,Mason Plumlee,Mason,1610612756,PHX,Phoenix Suns,0022400694,2025-02-01T00:00:00,PHX @ POR,L,16.69333333333333,2.2,8.6,0.25,0.0,0.0,0.0,0.0,0.0,0.0,8.6,6.5,15.1,2.2,2.2,0.0,0.0,2.2,6.5,0.0,4.3,-4.3,23.5,0,0,21.6,1,13222,1,13222,18473,21124,19314,20233,15070,20945,15070,13505,14344,13505,635,7379,1737,15789,9697,12854,8263,2749,2426,17725,22393,15232,19256,2246,150,19924,1,16:42
2024-25,1630592,Jalen Wilson,Jalen,1610612751,BKN,Brooklyn Nets,0022400689,2025-02-01T00:00:00,BKN @ HOU,W,32.766666666666666,5.5,9.9,0.556,1.1,3.3,0.333,2.2,3.3,0.667,1.1,6.6,7.7,2.2,1.1,1.1,0.0,1.1,0.0,4.4,14.3,7.7,29.0,0,0,27.5,1,1,13086,1,5353,12999,17268,7248,13949,17080,9209,9956,9321,9425,12476,7121,8817,15634,15136,11030,8263,7052,20257,5362,13630,8777,15482,2246,150,15819,1,32:46
2024-25,1629008,Michael Porter Jr.,Michael,1610612743,DEN,Denver Nuggets,0022400688,2025-02-01T00:00:00,DEN @ CHA,W,40.75,5.3,12.4,0.429,0.0,5.3,0.0,2.7,3.5,0.75,3.5,5.3,8.8,1.8,1.8,0.9,0.9,0.0,1.8,2.7,13.3,10.6,30.0,1,0,27.4,1,1,13086,1,407,13529,12947,13735,15070,12461,15070,8685,8823,8186,4318,10023,6966,17179,11678,12725,8134,8846,16318,10471,14804,7417,14763,1,150,15878,1,40:45
2024-25,1630173,Precious Achiuwa,Precious,1610612752,NYK,New York Knicks,0022400692,2025-02-01T00:00:00,NYK vs. LAL,L,29.47833333333333,7.3,14.7,0.5,0.0,1.2,0.0,3.7,3.7,1.0,8.5,9.8,18.3,3.7,1.2,1.2,0.0,1.2,3.7,2.4,18.3,-6.1,48.2,1,0,42.7,1,13222,1,13222,8245,8173,9126,8526,15070,20599,15070,6360,8559,1,651,2757,827,10893,14286,10009,8263,6119,8217,11193,9508,16113,3900,1,150,5291,1,29:29
2024-25,1631200,Kris Murray,Kris,1610612757,POR,Portland Trail Blazers,0022400694,2025-02-01T00:00:00,POR vs. PHX,W,13.111666666666666,2.7,8.2,0.333,0.0,2.7,0.0,0.0,5.5,0.0,2.7,8.2,11.0,0.0,0.0,5.5,0.0,2.7,0.0,5.5,5.5,13.7,35.1,0,0,27.5,1,1,13086,1,20692,19988,19888,17395,15070,18174,15070,13505,5201,13505,5990,4371,4428,19908,16469,640,8263,1675,20257,3354,21739,6112,10966,2246,150,15826,1,13:07
2024-25,1629111,Jock Landale,Jock,1610612745,HOU,Houston Rockets,0022400689,2025-02-01T00:00:00,HOU vs. BKN,L,8.0,4.5,18.0,0.25,0.0,0.0,0.0,0.0,0.0,0.0,9.0,0.0,9.0,9.0,0.0,0.0,0.0,4.5,0.0,4.5,9.0,-49.5,33.3,0,0,27.0,1,13222,1,13222,22814,15777,4664,20233,15070,20945,15070,13505,14344,13505,553,22137,6730,2013,16469,12854,8263,485,20257,5140,19078,25381,12350,2246,150,16149,1,8:00
2024-25,1629614,Andrew Nembhard,Andrew,1610612754,IND,Indiana Pacers,0022400686,2025-02-01T00:00:00,IND vs. ATL,W,30.141666666666666,8.4,13.1,0.636,1.2,3.6,0.333,4.8,4.8,1.0,0.0,1.2,1.2,6.0,3.6,2.4,0.0,1.2,6.0,4.8,22.7,-2.4,36.7,0,0,35.8,1,1,13086,1,7647,5871,11600,4689,13403,16478,9209,4377,6344,1,14058,21526,22947,5551,4813,4737,8263,6308,2995,4557,5712,14252,9908,2246,150,9498,1,30:09
2024-25,1629012,Collin Sexton,Collin,1610612762,UTA,Utah Jazz,0022400687,2025-02-01T00:00:00,UTA vs. ORL,W,31.35,6.9,17.2,0.4,1.1,4.6,0.25,10.3,10.3,1.0,2.3,3.4,5.7,9.2,3.4,0.0,0.0,2.3,5.7,5.7,25.3,27.6,42.5,0,0,41.3,1,1,13086,1,6549,9190,5548,14933,13656,14212,11902,607,1247,1,7256,15390,12925,1875,5141,12854,8263,2436,3329,2989,4078,2338,6377,2246,150,6008,1,31:21
2024-25,1631097,Bennedict Mathurin,Bennedict,1610612754,IND,Indiana Pacers,0022400686,2025-02-01T00:00:00,IND vs. ATL,W,24.7,8.7,14.6,0.6,0.0,4.4,0.0,7.3,7.3,1.0,0.0,2.9,2.9,0.0,0.0,0.0,1.5,0.0,0.0,5.8,24.8,-23.3,32.6,0,0,30.6,1,1,13086,1,12272,5190,9244,5394,15070,14752,15070,1810,3106,1,14058,17027,19952,19908,16469,12854,5012,8846,20257,2847,4323,22417,12845,2246,150,13476,1,24:42
2024-25,1641715,Cam Whitmore,Cam,1610612745,HOU,Houston Rockets,0022400689,2025-02-01T00:00:00,HOU vs. BKN,L,14.466666666666667,2.5,10.0,0.25,2.5,7.5,0.333,2.5,5.0,0.5,0.0,5.0,5.0,0.0,12.4,5.0,0.0,0.0,5.0,5.0,10.0,-37.3,18.4,0,0,27.4,1,13222,1,13222,19896,20482,17138,20233,8189,7475,9209,9086,5970,10625,14058,10946,14855,19908,193,915,8263,8846,4664,4162,18197,24645,21927,2246,150,15890,1,14:28
2024-25,1627734,Domantas Sabonis,Domantas,1610612758,SAC,Sacramento Kings,0022400691,2025-02-01T00:00:00,SAC @ OKC,L,31.333333333333332,5.7,14.9,0.385,1.1,4.6,0.25,5.7,8.0,0.714,3.4,4.6,8.0,5.7,0.0,1.1,0.0,1.1,2.3,5.7,18.4,-34.5,40.1,0,0,35.6,1,13222,1,13222,6570,12278,8705,16070,13653,14200,11902,3142,2494,9244,4461,11992,8189,5958,16469,10588,8263,6643,13658,2976,9430,24353,7698,2246,150,9648,1,31:20
2024-25,1629651,Nic Claxton,Nic,1610612751,BKN,Brooklyn Nets,0022400689,2025-02-01T00:00:00,BKN @ HOU,W,28.633333333333333,10.1,17.6,0.571,0.0,0.0,0.0,1.3,2.5,0.5,1.3,5.0,6.3,2.5,1.3,1.3,1.3,2.5,3.8,2.5,21.4,-2.5,39.0,0,0,35.2,1,1,13086,1,8997,3156,5130,6538,15070,20945,15070,12429,11168,10625,11436,10795,11642,14488,14050,9738,5867,2019,7831,10932,6756,14318,8429,2246,150,9948,1,28:38
2024-25,203552,Seth Curry,Seth,1610612766,CHA,Charlotte Hornets,0022400688,2025-02-01T00:00:00,CHA vs. DEN,L,20.966666666666665,6.9,8.6,0.8,3.4,3.4,1.0,0.0,0.0,0.0,0.0,5.2,5.2,3.4,1.7,3.4,0.0,0.0,0.0,0.0,17.2,34.3,37.1,0,0,36.1,1,13222,1,13222,15314,9253,19379,1688,5301,16802,1,13505,14344,13505,14058,10419,14395,11590,11854,2327,8263,8846,20257,17725,10662,1467,9636,2246,150,9330,1,20:58
2024-25,203497,Rudy Gobert,Rudy,1610612750,MIN,Minnesota Timberwolves,0022400690,2025-02-01T00:00:00,MIN vs. WAS,L,37.3,6.8,11.6,0.583,0.0,0.0,0.0,1.9,2.9,0.667,4.8,10.6,15.4,3.9,2.9,1.9,1.9,1.0,1.0,3.9,15.4,5.8,48.5,1,0,42.5,1,13222,1,13222,1795,9542,14340,6296,15070,20945,15070,10864,10249,9425,2534,2141,1592,10338,6866,6619,3675,8224,19878,6676,12470,9702,3827,1,150,5425,1,37:18
2024-25,1626157,Karl-Anthony Towns,Karl-Anthony,1610612752,NYK,New York Knicks,0022400692,2025-02-01T00:00:00,NYK vs. LAL,L,35.13333333333333,3.1,12.3,0.25,1.0,2.0,0.5,4.1,4.1,1.0,2.0,4.1,6.1,3.1,3.1,0.0,0.0,1.0,5.1,2.0,11.3,-15.4,20.2,0,0,21.5,1,13222,1,13222,3358,19264,13085,20233,14396,19459,3944,5526,7631,1,8167,13417,11941,12681,6208,12854,8263,7710,4340,12844,16922,20039,21068,2246,150,19948,1,35:08
2024-25,1630169,Tyrese Haliburton,Tyrese,1610612754,IND,Indiana Pacers,0022400686,2025-02-01T00:00:00,IND vs. ATL,W,34.97666666666667,5.1,12.4,0.417,3.1,6.2,0.5,4.1,5.1,0.8,0.0,4.1,4.1,9.3,1.0,2.1,1.0,0.0,2.1,4.1,17.5,5.1,44.6,0,0,40.1,1,1,13086,1,3487,13965,12977,14532,6249,10252,3944,5500,5688,7681,14058,13363,17028,1832,15640,5969,7275,8846,14821,6011,10326,10030,5379,2246,150,6704,1,34:59
2024-25,1630256,Jae'Sean Tate,Jae'Sean,1610612745,HOU,Houston Rockets,0022400689,2025-02-01T00:00:00,HOU vs. BKN,L,6.716666666666667,0.0,5.4,0.0,0.0,0.0,0.0,10.7,10.7,1.0,0.0,0.0,0.0,0.0,0.0,0.0,0.0,0.0,0.0,5.4,10.7,-32.2,10.7,0,0,10.7,1,13222,1,13222,23275,22635,23211,22635,15070,20945,15070,531,1105,1,14058,22137,23286,19908,16469,12854,8263,8846,20257,3533,17453,24053,24297,2246,150,24290,1,6:43
2024-25,1630346,Matt Ryan,Matt,1610612752,NYK,New York Knicks,0022400692,2025-02-01T00:00:00,NYK vs. LAL,L,1.9166666666666667,0.0,18.8,0.0,0.0,0.0,0.0,0.0,0.0,0.0,0.0,0.0,0.0,0.0,0.0,0.0,0.0,0.0,0.0,0.0,0.0,0.0,0.0,0,0,0.0,1,13222,1,13222,25508,22635,3943,22635,15070,20945,15070,13505,14344,13505,14058,22137,23286,19908,16469,12854,8263,8846,20257,17725,23200,12240,25228,2246,150,25259,1,1:55
2024-25,1631165,Keon Ellis,Keon,1610612758,SAC,Sacramento Kings,0022400691,2025-02-01T00:00:00,SAC @ OKC,L,22.266666666666666,1.6,12.9,0.125,0.0,9.7,0.0,1.6,1.6,1.0,1.6,3.2,4.9,0.0,1.6,3.2,1.6,0.0,3.2,3.2,4.9,-25.9,23.6,0,0,19.4,1,13222,1,13222,14302,22005,11965,22420,15070,3847,15070,11568,13376,1,9853,15982,15180,19908,12268,2674,4510,8846,9723,8444,22092,22999,19202,2246,150,21201,1,22:16
2024-25,1630168,Onyeka Okongwu,Onyeka,1610612737,ATL,Atlanta Hawks,0022400686,2025-02-01T00:00:00,ATL @ IND,L,29.216666666666665,7.4,8.6,0.857,0.0,0.0,0.0,0.0,2.5,0.0,1.2,12.3,13.6,3.7,0.0,1.2,0.0,0.0,3.7,4.9,14.8,6.2,40.3,1,0,34.5,1,13222,1,13222,8478,8025,19319,1412,15070,20945,15070,13505,11305,13505,11593,1222,2463,10798,16469,9928,8263,8846,8095,4243,13131,9543,7579,1,150,10449,1,29:13
2024-25,1630192,Zeke Nnaji,Zeke,1610612743,DEN,Denver Nuggets,0022400688,2025-02-01T00:00:00,DEN @ CHA,W,22.166666666666668,4.9,6.5,0.75,0.0,1.6,0.0,0.0,0.0,0.0,0.0,4.9,4.9,0.0,0.0,1.6,8.1,0.0,4.9,0.0,9.7,-27.6,44.8,0,0,34.1,1,1,13086,1,14372,14736,22117,2107,15070,20138,15070,13505,14344,13505,14058,11233,15132,19908,16469,7903,138,8846,4898,17725,18398,23357,5258,2246,150,10772,1,22:10
2024-25,203995,Vasilije Micić,Vasilije,1610612766,CHA,Charlotte Hornets,0022400688,2025-02-01T00:00:00,CHA vs. DEN,L,15.05,0.0,12.0,0.0,0.0,2.4,0.0,0.0,0.0,0.0,0.0,7.2,7.2,4.8,7.2,0.0,0.0,0.0,0.0,0.0,0.0,-57.4,8.6,0,0,12.0,1,13222,1,13222,19524,22635,13660,22635,15070,18829,15070,13505,14344,13505,14058,6042,9791,7964,825,12854,8263,8846,20257,17725,23200,25614,24624,2246,150,23985,1,15:03
2024-25,1631106,Tari Eason,Tari,1610612745,HOU,Houston Rockets,0022400689,2025-02-01T00:00:00,HOU vs. BKN,L,27.338333333333335,6.6,11.9,0.556,2.6,2.6,1.0,0.0,0.0,0.0,4.0,7.9,11.9,1.3,4.0,0.0,1.3,1.3,1.3,1.3,15.8,-4.0,32.0,0,0,34.2,1,13222,1,13222,10077,9977,13860,7248,7731,18390,1,13505,14344,13505,3658,4858,3616,18607,3971,12854,5578,5570,17969,15825,12116,15041,13327,2246,150,10668,1,27:20
2024-25,1630224,Jalen Green,Jalen,1610612745,HOU,Houston Rockets,0022400689,2025-02-01T00:00:00,HOU vs. BKN,L,38.05,10.4,22.7,0.458,2.8,10.4,0.273,3.8,3.8,1.0,0.9,1.9,2.8,1.9,0.9,0.0,0.0,1.9,0.9,1.9,27.4,-8.5,32.7,0,0,35.0,1,13222,1,13222,1355,2813,1496,12650,7089,3060,11838,6118,8290,1,13677,19999,20150,16780,16165,12854,8263,3583,19988,13551,3006,17193,12775,2246,150,10089,1,38:03
2024-25,1630568,Luka Garza,Luka,1610612750,MIN,Minnesota Timberwolves,0022400690,2025-02-01T00:00:00,MIN vs. WAS,L,10.7,0.0,20.2,0.0,0.0,10.1,0.0,0.0,0.0,0.0,0.0,6.7,6.7,3.4,0.0,0.0,0.0,3.4,3.4,10.1,0.0,-26.9,13.1,0,0,10.1,1,13222,1,13222,21842,22635,2833,22635,15070,3383,15070,13505,14344,13505,14058,6830,10675,11777,16469,12854,8263,1019,9201,393,23200,23227,23735,2246,150,24406,1,10:42
2024-25,1630579,Jericho Sims,Jericho,1610612752,NYK,New York Knicks,0022400692,2025-02-01T00:00:00,NYK vs. LAL,L,1.9166666666666667,0.0,0.0,0.0,0.0,0.0,0.0,0.0,0.0,0.0,0.0,0.0,0.0,0.0,0.0,0.0,0.0,0.0,0.0,0.0,0.0,0.0,0.0,0,0,0.0,1,13222,1,13222,25508,22635,24836,22635,15070,20945,15070,13505,14344,13505,14058,22137,23286,19908,16469,12854,8263,8846,20257,17725,23200,12240,25228,2246,150,25259,1,1:55
2024-25,203926,Doug McDermott,Doug,1610612758,SAC,Sacramento Kings,0022400691,2025-02-01T00:00:00,SAC @ OKC,L,5.883333333333334,0.0,6.1,0.0,0.0,6.1,0.0,0.0,0.0,0.0,0.0,0.0,0.0,0.0,0.0,0.0,0.0,0.0,0.0,0.0,0.0,-12.2,0.0,0,0,0.0,1,13222,1,13222,23632,22635,22497,22635,15070,10394,15070,13505,14344,13505,14058,22137,23286,19908,16469,12854,8263,8846,20257,17725,23200,18833,25228,2246,150,25259,1,5:53
2024-25,1631128,Christian Braun,Christian,1610612743,DEN,Denver Nuggets,0022400688,2025-02-01T00:00:00,DEN @ CHA,W,38.416666666666664,8.4,14.1,0.6,1.9,4.7,0.4,3.7,3.7,1.0,0.9,9.4,10.3,1.9,0.0,1.9,0.0,1.9,2.8,2.8,22.5,8.4,43.3,1,0,40.3,1,1,13086,1,1155,5737,10080,5394,10754,13992,7874,6188,8377,1,13731,3135,5109,16841,16469,6897,8263,3649,11591,9931,5855,8423,5987,1,150,6611,1,38:25
2024-25,101108,Chris Paul,Chris,1610612759,SAS,San Antonio Spurs,0022400693,2025-02-01T00:00:00,SAS vs. MIA,L,32.016666666666666,4.5,10.1,0.444,2.2,4.5,0.5,2.2,2.2,1.0,0.0,4.5,4.5,7.9,1.1,3.4,0.0,0.0,2.2,2.2,13.5,-4.5,39.7,0,0,34.9,1,13222,1,13222,5953,15790,16877,13045,9051,14431,3944,9786,11939,1,14058,12270,16060,3027,14982,2435,8263,8846,13885,11945,14515,15325,7965,2246,150,10188,1,32:01
2024-25,1630551,Justin Champagnie,Justin,1610612764,WAS,Washington Wizards,0022400690,2025-02-01T00:00:00,WAS @ MIN,W,0.12833333333333333,0.0,0.0,0.0,0.0,0.0,0.0,0.0,0.0,0.0,0.0,0.0,0.0,0.0,0.0,0.0,0.0,0.0,0.0,0.0,0.0,0.0,0.0,0,0,0.0,1,1,13086,1,26277,22635,24836,22635,15070,20945,15070,13505,14344,13505,14058,22137,23286,19908,16469,12854,8263,8846,20257,17725,23200,12240,25228,2246,150,25259,1,0:08
2024-25,1641796,Pelle Larsson,Pelle,1610612748,MIA,Miami Heat,0022400693,2025-02-01T00:00:00,MIA @ SAS,W,1.2666666666666666,0.0,28.4,0.0,0.0,28.4,0.0,0.0,0.0,0.0,0.0,0.0,0.0,0.0,0.0,0.0,0.0,0.0,28.4,0.0,0.0,-56.8,0.0,0,0,0.0,1,1,13086,1,25930,22635,364,22635,15070,81,15070,13505,14344,13505,14058,22137,23286,19908,16469,12854,8263,8846,49,17725,23200,25604,25228,2246,150,25259,1,1:16
2024-25,1631172,Ousmane Dieng,Ousmane,1610612760,OKC,Oklahoma City Thunder,0022400691,2025-02-01T00:00:00,OKC vs. SAC,W,24.501666666666665,0.0,5.9,0.0,0.0,5.9,0.0,0.0,0.0,0.0,0.0,4.4,4.4,4.4,4.4,0.0,1.5,0.0,2.9,0.0,0.0,11.8,11.9,0,0,11.8,1,1,13086,1,12472,22635,22735,22635,15070,11004,15070,13505,14344,13505,14058,12511,16270,8863,3133,12854,4964,8846,10999,17725,23200,6908,24035,2246,150,24046,1,24:30
2024-25,1641712,Rayan Rupert,Rayan,1610612757,POR,Portland Trail Blazers,0022400694,2025-02-01T00:00:00,POR vs. PHX,W,3.25,0.0,0.0,0.0,0.0,0.0,0.0,0.0,0.0,0.0,0.0,0.0,0.0,0.0,11.1,0.0,0.0,0.0,0.0,0.0,0.0,-66.5,-11.1,0,0,0.0,1,1,13086,1,24867,22635,24836,22635,15070,20945,15070,13505,14344,13505,14058,22137,23286,19908,252,12854,8263,8846,20257,17725,23200,25819,26233,2246,150,25259,1,3:15
2024-25,1631132,Christian Koloko,Christian,1610612747,LAL,Los Angeles Lakers,0022400692,2025-02-01T00:00:00,LAL @ NYK,W,1.8333333333333333,0.0,0.0,0.0,0.0,0.0,0.0,0.0,0.0,0.0,0.0,0.0,0.0,0.0,0.0,0.0,0.0,0.0,0.0,0.0,0.0,0.0,0.0,0,0,0.0,1,1,13086,1,25581,22635,24836,22635,15070,20945,15070,13505,14344,13505,14058,22137,23286,19908,16469,12854,8263,8846,20257,17725,23200,12240,25228,2246,150,25259,1,1:50
2024-25,1641745,Adam Flagler,Adam,1610612760,OKC,Oklahoma City Thunder,0022400691,2025-02-01T00:00:00,OKC vs. SAC,W,5.616666666666666,0.0,6.4,0.0,0.0,0.0,0.0,0.0,0.0,0.0,0.0,0.0,0.0,0.0,0.0,0.0,0.0,0.0,0.0,0.0,0.0,6.4,0.0,0,0,0.0,1,1,13086,1,23734,22635,22191,22635,15070,20945,15070,13505,14344,13505,14058,22137,23286,19908,16469,12854,8263,8846,20257,17725,23200,9416,25228,2246,150,25259,1,5:37
2024-25,1627732,Ben Simmons,Ben,1610612751,BKN,Brooklyn Nets,0022400689,2025-02-01T00:00:00,BKN @ HOU,W,23.565,1.5,6.1,0.25,0.0,0.0,0.0,0.0,0.0,0.0,3.1,4.6,7.6,6.1,1.5,0.0,1.5,0.0,3.1,1.5,3.1,7.6,24.4,0,0,19.9,1,1,13086,1,13270,22136,22505,20233,15070,20945,15070,13505,14344,13505,5221,12033,8900,5313,12621,12854,4751,8846,10458,14882,22938,8808,18657,2246,150,20938,1,23:34
2024-25,1627763,Malcolm Brogdon,Malcolm,1610612764,WAS,Washington Wizards,0022400690,2025-02-01T00:00:00,WAS @ MIN,W,21.233333333333334,1.7,10.2,0.167,0.0,0.0,0.0,1.7,3.4,0.5,1.7,6.8,8.5,6.8,0.0,0.0,0.0,0.0,3.4,1.7,5.1,-8.5,25.4,0,0,20.3,1,1,13086,1,15129,21904,16776,21938,15070,20945,15070,11423,9116,10625,9589,6732,7506,4313,16469,12854,8263,8846,9109,14284,21962,17173,17971,2246,150,20665,1,21:14
2024-25,1626156,D'Angelo Russell,D'Angelo,1610612751,BKN,Brooklyn Nets,0022400689,2025-02-01T00:00:00,BKN @ HOU,W,25.716666666666665,8.4,19.6,0.429,4.2,11.2,0.375,4.2,5.6,0.75,0.0,1.4,1.4,4.2,1.4,0.0,2.8,0.0,1.4,5.6,25.2,25.2,40.2,0,0,40.6,1,1,13086,1,11386,5804,3280,13735,3567,2329,8800,5345,5049,8186,14058,21080,22689,9385,13283,12854,1956,8846,17623,3191,4125,2772,7649,2246,150,6442,1,25:43
2024-25,1628415,Dillon Brooks,Dillon,1610612745,HOU,Houston Rockets,0022400689,2025-02-01T00:00:00,HOU vs. BKN,L,26.333333333333332,9.6,19.1,0.5,2.7,6.8,0.4,0.0,0.0,0.0,4.1,8.2,12.3,2.7,0.0,0.0,0.0,0.0,6.8,1.4,21.9,1.4,40.7,0,0,39.6,1,13222,1,13222,10877,3776,3631,8526,7434,8810,7874,13505,14344,13505,3446,4418,3265,13808,16469,12854,8263,8846,2115,15590,6304,11927,7312,2246,150,6981,1,26:20
2024-25,1630264,Anthony Gill,Anthony,1610612764,WAS,Washington Wizards,0022400690,2025-02-01T00:00:00,WAS @ MIN,W,0.12833333333333333,0.0,0.0,0.0,0.0,0.0,0.0,0.0,0.0,0.0,0.0,0.0,0.0,0.0,0.0,0.0,0.0,0.0,0.0,0.0,0.0,0.0,0.0,0,0,0.0,1,1,13086,1,26277,22635,24836,22635,15070,20945,15070,13505,14344,13505,14058,22137,23286,19908,16469,12854,8263,8846,20257,17725,23200,12240,25228,2246,150,25259,1,0:08
2024-25,1642271,Kyle Filipowski,Kyle,1610612762,UTA,Utah Jazz,0022400687,2025-02-01T00:00:00,UTA vs. ORL,W,12.383333333333333,0.0,11.6,0.0,0.0,0.0,0.0,0.0,0.0,0.0,2.9,0.0,2.9,11.6,2.9,0.0,2.9,2.9,5.8,2.9,0.0,-5.8,26.7,0,0,20.3,1,1,13086,1,21055,22635,14262,22635,15070,20945,15070,13505,14344,13505,5571,22137,19976,802,6810,12854,1815,1457,3195,9571,23200,15975,17121,2246,150,20658,1,12:23
2024-25,1630559,Austin Reaves,Austin,1610612747,LAL,Los Angeles Lakers,0022400692,2025-02-01T00:00:00,LAL @ NYK,W,29.483333333333334,8.5,14.7,0.583,4.9,8.5,0.571,11.0,11.0,1.0,0.0,6.1,6.1,7.3,3.7,3.7,0.0,1.2,3.7,9.8,33.0,22.0,58.6,0,0,58.6,1,1,13086,1,8238,5529,9130,6296,2435,5500,3506,489,1028,1,14058,8089,12042,3594,4644,2014,8263,6120,8219,465,1333,3460,1395,2246,150,951,1,29:29
2024-25,1629048,Goga Bitadze,Goga,1610612753,ORL,Orlando Magic,0022400687,2025-02-01T00:00:00,ORL @ UTA,L,15.9,2.3,4.5,0.5,0.0,0.0,0.0,2.3,4.5,0.5,4.5,13.6,18.1,6.8,0.0,0.0,4.5,2.3,0.0,4.5,6.8,-13.6,52.3,0,0,40.8,1,13222,1,13222,18998,20919,23788,8526,15070,20945,15070,9738,6779,10625,2890,851,870,4294,16469,12854,674,2519,20257,5072,20863,19332,2644,2246,150,6347,1,15:54
2024-25,1628404,Josh Hart,Josh,1610612752,NYK,New York Knicks,0022400692,2025-02-01T00:00:00,NYK vs. LAL,L,38.2,10.4,15.1,0.688,0.9,4.7,0.2,2.8,3.8,0.75,3.8,8.5,12.3,10.4,1.9,1.9,0.0,0.0,0.9,3.8,24.5,-18.8,58.5,1,1,51.8,1,13222,1,13222,1272,2854,8468,3227,14824,13924,13429,8269,8322,8186,3929,4070,3308,1252,11128,6835,8263,8846,20008,6935,4489,21190,1406,1,1,2074,1,38:12
2024-25,1642264,Stephon Castle,Stephon,1610612759,SAS,San Antonio Spurs,0022400693,2025-02-01T00:00:00,SAS vs. MIA,L,23.4,6.2,15.4,0.4,3.1,6.2,0.5,0.0,0.0,0.0,0.0,9.2,9.2,9.2,3.1,3.1,0.0,1.5,9.2,0.0,15.4,13.8,46.5,0,0,43.1,1,13222,1,13222,13381,11086,7983,14933,6282,10307,3944,13505,14344,13505,14058,3269,6400,1847,6197,2985,8263,4630,889,17725,12536,6059,4553,2246,150,5104,1,23:24
2024-25,1627814,Damion Lee,Damion,1610612756,PHX,Phoenix Suns,0022400694,2025-02-01T00:00:00,PHX @ POR,L,4.85,22.3,37.1,0.6,0.0,14.8,0.0,7.4,7.4,1.0,0.0,0.0,0.0,0.0,0.0,14.8,0.0,0.0,0.0,7.4,52.0,7.4,96.5,0,0,81.6,1,13222,1,13222,24045,100,107,5394,15070,726,15070,1716,2977,1,14058,22137,23286,19908,16469,49,8263,8846,20257,1368,138,8919,77,2246,150,142,1,4:51
2024-25,1630703,Scoot Henderson,Scoot,1610612757,POR,Portland Trail Blazers,0022400694,2025-02-01T00:00:00,POR vs. PHX,W,24.283333333333335,7.4,17.8,0.417,1.5,7.4,0.2,3.0,3.0,1.0,0.0,4.4,4.4,13.3,0.0,3.0,0.0,0.0,1.5,3.0,19.3,46.0,53.5,0,0,44.5,1,1,13086,1,12662,7984,4913,14532,12108,7585,13429,7908,10053,1,14058,12411,16176,470,16469,3231,8263,8846,17286,9377,8577,670,2328,2246,150,4482,1,24:17
2024-25,203999,Nikola Jokić,Nikola,1610612743,DEN,Denver Nuggets,0022400688,2025-02-01T00:00:00,DEN @ CHA,W,36.55,8.9,16.7,0.529,2.0,6.9,0.286,7.9,8.9,0.889,1.0,11.8,12.8,16.7,3.9,3.9,1.0,1.0,2.0,4.9,27.6,-2.0,78.9,1,1,68.9,1,1,13086,1,2304,4939,6115,8281,10296,8685,11433,1466,1941,6857,13376,1461,2938,171,3995,1696,7574,8053,15303,4254,2939,14024,217,1,1,350,1,36:33
2024-25,1631121,Bryce McGowens,Bryce,1610612757,POR,Portland Trail Blazers,0022400694,2025-02-01T00:00:00,POR vs. PHX,W,3.25,11.1,22.2,0.5,0.0,0.0,0.0,22.2,22.2,1.0,0.0,0.0,0.0,0.0,11.1,11.1,0.0,0.0,11.1,11.1,44.3,-66.5,66.5,0,0,66.5,1,1,13086,1,24867,2200,1750,8526,15070,20945,15070,60,108,1,14058,22137,23286,19908,252,95,8263,8846,528,271,274,25819,606,2246,150,414,1,3:15
2024-25,1627783,Pascal Siakam,Pascal,1610612754,IND,Indiana Pacers,0022400686,2025-02-01T00:00:00,IND vs. ATL,W,32.63333333333333,8.8,17.7,0.5,1.1,4.4,0.25,3.3,3.3,1.0,4.4,5.5,9.9,5.5,3.3,1.1,1.1,1.1,4.4,3.3,22.1,-1.1,45.6,0,0,43.0,1,1,13086,1,5451,5018,5069,8526,13925,14647,11902,7089,9287,1,3035,9484,5517,6395,5480,10994,6772,7017,5988,8223,6155,13616,4914,2246,150,5130,1,32:38
2024-25,1628389,Bam Adebayo,Bam,1610612748,MIA,Miami Heat,0022400693,2025-02-01T00:00:00,MIA @ SAS,W,37.7,12.4,20.1,0.619,1.9,4.8,0.4,1.9,1.9,1.0,2.9,8.6,11.5,8.6,2.9,1.9,2.9,0.0,1.0,5.7,28.6,4.8,66.7,1,0,60.2,1,1,13086,1,1568,1288,2934,5227,10587,13776,7874,10912,12955,1,5687,3945,3996,2347,6977,6716,1864,8846,19940,2999,2549,10239,583,1,150,815,1,37:42
2024-25,1628983,Shai Gilgeous-Alexander,Shai,1610612760,OKC,Oklahoma City Thunder,0022400691,2025-02-01T00:00:00,OKC vs. SAC,W,30.15,11.9,23.9,0.5,1.2,7.2,0.167,9.6,11.9,0.8,3.6,3.6,7.2,10.7,4.8,0.0,2.4,2.4,2.4,6.0,34.6,20.3,61.7,0,0,58.5,1,1,13086,1,7634,1560,1095,8526,13404,8115,14236,820,780,7681,4235,14978,9825,1083,2619,12854,2579,2254,13275,2664,1024,3869,997,2246,150,962,1,30:09
2024-25,1630167,Obi Toppin,Obi,1610612754,IND,Indiana Pacers,0022400686,2025-02-01T00:00:00,IND vs. ATL,W,15.366666666666667,18.7,25.8,0.727,2.3,7.0,0.333,2.3,4.7,0.5,4.7,16.4,21.1,0.0,4.7,0.0,2.3,0.0,4.7,7.0,42.2,14.1,69.8,0,0,70.3,1,1,13086,1,19327,187,682,2666,8696,8406,9209,9473,6503,10625,2686,388,411,19908,2735,12854,2656,8846,5319,1642,349,5982,439,2246,150,311,1,15:22
2024-25,1628398,Kyle Kuzma,Kyle,1610612764,WAS,Washington Wizards,0022400690,2025-02-01T00:00:00,WAS @ MIN,W,33.61666666666667,13.9,25.7,0.542,5.4,10.7,0.5,0.0,0.0,0.0,0.0,8.6,8.6,2.1,2.1,0.0,0.0,0.0,1.1,0.0,33.2,3.2,44.5,0,0,49.3,1,1,13086,1,4618,726,697,7965,1891,2763,3944,13505,14344,13505,14058,3974,7368,15854,9770,12854,8263,8846,19266,17725,1285,11011,5396,2246,150,2742,1,33:37
2024-25,1642505,Alex Ducas,Alex,1610612760,OKC,Oklahoma City Thunder,0022400691,2025-02-01T00:00:00,OKC vs. SAC,W,5.616666666666666,12.8,12.8,1.0,12.8,12.8,1.0,0.0,0.0,0.0,0.0,0.0,0.0,0.0,0.0,0.0,0.0,0.0,0.0,0.0,38.5,6.4,38.5,0,0,51.3,1,1,13086,1,23734,1097,12177,1,111,1378,1,13505,14344,13505,14058,22137,23286,19908,16469,12854,8263,8846,20257,17725,560,9416,8732,2246,150,2208,1,5:37
2024-25,1630598,Aaron Wiggins,Aaron,1610612760,OKC,Oklahoma City Thunder,0022400691,2025-02-01T00:00:00,OKC vs. SAC,W,39.876666666666665,14.4,27.1,0.533,5.4,12.6,0.429,2.7,3.6,0.75,5.4,7.2,12.6,2.7,1.8,0.0,0.0,0.9,1.8,1.8,37.0,28.0,54.4,1,0,57.8,1,1,13086,1,590,592,494,8140,1825,1456,7394,8564,8667,8186,1999,5962,3039,13888,11529,12854,8263,8649,16158,13913,692,2271,2104,1,150,1055,1,39:53
2024-25,1631107,Nikola Jović,Nikola,1610612748,MIA,Miami Heat,0022400693,2025-02-01T00:00:00,MIA @ SAS,W,24.55,7.3,14.7,0.5,4.4,10.3,0.429,1.5,2.9,0.5,0.0,10.3,10.3,5.9,2.9,4.4,0.0,0.0,4.4,1.5,20.5,4.4,51.9,0,0,49.9,1,1,13086,1,12423,8164,9108,8526,3231,3194,7394,11854,10134,10625,14058,2380,5157,5735,6708,1302,8263,8846,6019,15146,7466,10429,2722,2246,150,2576,1,24:33
2024-25,2544,LeBron James,LeBron,1610612747,LAL,Los Angeles Lakers,0022400692,2025-02-01T00:00:00,LAL @ NYK,W,36.81666666666667,13.7,25.4,0.538,2.9,7.8,0.375,2.0,3.9,0.5,0.0,10.8,10.8,11.7,4.9,0.0,0.0,1.0,2.9,4.9,32.3,11.7,57.9,1,1,57.7,1,1,13086,1,2116,792,741,7978,6750,6766,8800,10790,8022,10625,14058,2041,4642,781,2483,12854,8263,8118,11013,4317,1466,6915,1488,1,1,1065,1,36:49
2024-25,1629027,Trae Young,Trae,1610612737,ATL,Atlanta Hawks,0022400686,2025-02-01T00:00:00,ATL @ IND,L,36.93333333333333,10.7,25.3,0.423,4.9,14.6,0.333,6.8,6.8,1.0,0.0,2.9,2.9,16.6,4.9,1.9,0.0,1.0,1.9,7.8,33.1,1.9,62.5,1,0,61.4,1,13222,1,13222,2028,2488,758,14439,2451,777,9209,2142,3544,1,14058,16995,19927,179,2497,6503,8263,8145,15407,1132,1299,11649,918,1,150,697,1,36:56
2024-25,1626164,Devin Booker,Devin,1610612756,PHX,Phoenix Suns,0022400694,2025-02-01T00:00:00,PHX @ POR,L,34.623333333333335,11.4,18.7,0.611,2.1,6.2,0.333,13.5,14.6,0.929,0.0,4.2,4.2,5.2,5.2,0.0,0.0,1.0,3.1,8.3,38.5,-17.7,46.1,0,0,49.9,1,13222,1,13222,3768,1911,4013,5351,9772,10113,9209,236,386,6719,14058,13242,16917,7032,2115,12854,8263,7575,10200,888,557,20832,4722,2246,150,2560,1,34:37
2024-25,1628392,Isaiah Hartenstein,Isaiah,1610612760,OKC,Oklahoma City Thunder,0022400691,2025-02-01T00:00:00,OKC vs. SAC,W,26.671666666666667,10.8,16.2,0.667,0.0,0.0,0.0,0.0,0.0,0.0,4.0,16.2,20.2,8.1,0.0,0.0,0.0,1.3,4.0,0.0,21.6,18.9,58.0,1,0,49.9,1,1,13086,1,10587,2415,6838,3281,15070,20945,15070,13505,14344,13505,3530,414,495,2788,16469,12854,8263,5401,7005,17725,6556,4290,1469,1,150,2549,1,26:40
2024-25,1630222,Mason Jones,Mason,1610612758,SAC,Sacramento Kings,0022400691,2025-02-01T00:00:00,SAC @ OKC,L,7.05,10.2,15.3,0.667,0.0,5.1,0.0,5.1,10.2,0.5,0.0,15.3,15.3,10.2,5.1,0.0,0.0,0.0,0.0,5.1,25.5,-20.4,54.1,0,0,51.1,1,13222,1,13222,23144,3005,8071,3281,15070,12929,15070,3874,1288,10625,14058,514,1641,1328,2217,12854,8263,8846,20257,3910,3919,21683,2174,2246,150,2259,1,7:03
2024-25,1630532,Franz Wagner,Franz,1610612753,ORL,Orlando Magic,0022400687,2025-02-01T00:00:00,ORL @ UTA,L,33.9,8.5,22.3,0.381,3.2,11.7,0.273,19.1,21.2,0.9,1.1,5.3,6.4,1.1,1.1,1.1,1.1,1.1,3.2,13.8,39.3,-6.4,53.8,0,0,54.2,1,13222,1,13222,4348,5619,1678,16250,5991,1978,11838,85,120,6805,12780,10007,11463,19476,15409,11373,7048,7383,9914,131,489,16236,2242,2246,150,1594,1,33:54
2024-25,1629026,Kenrich Williams,Kenrich,1610612760,OKC,Oklahoma City Thunder,0022400691,2025-02-01T00:00:00,OKC vs. SAC,W,22.483333333333334,12.8,16.0,0.8,3.2,4.8,0.667,0.0,0.0,0.0,3.2,14.4,17.6,4.8,1.6,1.6,0.0,0.0,0.0,0.0,28.8,33.6,60.4,1,0,57.6,1,1,13086,1,14123,1105,7096,1688,5951,13698,1957,13505,14344,13505,4938,674,990,7911,12327,7980,8263,8846,20257,17725,2474,1556,1145,1,150,1076,1,22:29
2024-25,1631119,Jaylin Williams,Jaylin,1610612760,OKC,Oklahoma City Thunder,0022400691,2025-02-01T00:00:00,OKC vs. SAC,W,21.351666666666667,5.1,6.7,0.75,0.0,1.7,0.0,0.0,0.0,0.0,3.4,18.5,21.9,13.5,1.7,3.4,1.7,0.0,8.4,0.0,10.1,33.7,70.1,0,0,55.6,1,1,13086,1,15032,14215,21841,2107,15070,20064,15070,13505,14344,13505,4597,223,346,452,11978,2438,4328,8846,1171,17725,18034,1544,429,2246,150,1369,1,21:21
2024-25,1628970,Miles Bridges,Miles,1610612766,CHA,Charlotte Hornets,0022400688,2025-02-01T00:00:00,CHA vs. DEN,L,33.916666666666664,10.6,24.4,0.435,1.1,5.3,0.2,3.2,4.2,0.75,2.1,10.6,12.7,2.1,1.1,0.0,1.1,1.1,1.1,2.1,25.5,-2.1,46.1,1,0,43.5,1,13222,1,13222,4334,2600,946,13702,14188,12445,13429,7363,7325,8186,7875,2142,2975,15919,15414,12854,7050,7387,19328,12515,3954,14111,4720,1,150,4915,1,33:55
2024-25,1630175,Cole Anthony,Cole,1610612753,ORL,Orlando Magic,0022400687,2025-02-01T00:00:00,ORL @ UTA,L,26.616666666666667,9.5,14.9,0.636,2.7,6.8,0.4,9.5,9.5,1.0,2.7,6.8,9.5,5.4,1.4,1.4,1.4,0.0,4.1,8.1,31.1,8.1,57.3,0,0,54.1,1,13222,1,13222,10633,3930,8783,4689,7526,8980,7874,854,1614,1,6090,6766,6101,6615,13556,9175,5433,8846,6980,960,1754,8577,1579,2246,150,1600,1,26:37
2024-25,1631109,Mark Williams,Mark,1610612766,CHA,Charlotte Hornets,0022400688,2025-02-01T00:00:00,CHA vs. DEN,L,31.883333333333333,9.0,19.2,0.471,0.0,0.0,0.0,4.5,4.5,1.0,6.8,10.2,16.9,3.4,1.1,0.0,3.4,1.1,2.3,4.5,22.6,-21.5,57.0,1,0,49.7,1,13222,1,13222,6069,4644,3597,12143,15070,20945,15070,4808,6813,1,1242,2451,1142,11716,14944,12854,1317,6803,13833,5105,5797,21955,1637,1,150,2619,1,31:53
2024-25,1642267,Bub Carrington,Bub,1610612764,WAS,Washington Wizards,0022400690,2025-02-01T00:00:00,WAS @ MIN,W,14.386666666666667,0.0,2.5,0.0,0.0,0.0,0.0,0.0,0.0,0.0,0.0,0.0,0.0,10.0,0.0,2.5,0.0,0.0,10.0,0.0,0.0,0.0,22.5,0,0,15.0,1,1,13086,1,19957,22635,24640,22635,15070,20945,15070,13505,14344,13505,14058,22137,23286,1432,16469,4381,8263,8846,700,17725,23200,12240,19858,2246,150,23056,1,14:23
2024-25,1631124,Julian Strawther,Julian,1610612743,DEN,Denver Nuggets,0022400688,2025-02-01T00:00:00,DEN @ CHA,W,23.966666666666665,3.0,12.0,0.25,1.5,9.0,0.167,0.0,0.0,0.0,0.0,1.5,1.5,1.5,1.5,0.0,1.5,0.0,3.0,0.0,7.5,-16.5,14.6,0,0,15.0,1,1,13086,1,12929,19405,13559,20233,12020,4801,14236,13505,14344,13505,14058,20871,22565,17965,12731,12854,4840,8846,10688,17725,20311,20452,23315,2246,150,23053,1,23:58
2024-25,1626167,Myles Turner,Myles,1610612754,IND,Indiana Pacers,0022400686,2025-02-01T00:00:00,IND vs. ATL,W,34.18333333333333,6.3,12.6,0.5,2.1,5.3,0.4,1.1,1.1,1.0,0.0,6.3,6.3,3.2,2.1,1.1,0.0,2.1,3.2,2.1,15.8,3.2,29.2,0,0,29.5,1,1,13086,1,4106,10655,12504,8526,9656,12551,7874,13069,14129,1,14058,7659,11567,12453,9966,11460,8263,2905,10041,12584,12121,11037,15378,2246,150,14333,1,34:11
2024-25,204456,T.J. McConnell,T.J.,1610612754,IND,Indiana Pacers,0022400686,2025-02-01T00:00:00,IND vs. ATL,W,10.933333333333334,3.3,9.9,0.333,0.0,0.0,0.0,0.0,0.0,0.0,0.0,3.3,3.3,19.8,0.0,0.0,0.0,0.0,13.2,0.0,6.6,0.0,40.2,0,0,29.6,1,1,13086,1,21736,18771,17287,17395,15070,20945,15070,13505,14344,13505,14058,15817,19009,90,16469,12854,8263,8846,328,17725,21000,12240,7655,2246,150,14222,1,10:56
2024-25,1628368,De'Aaron Fox,De'Aaron,1610612758,SAC,Sacramento Kings,0022400691,2025-02-01T00:00:00,SAC @ OKC,L,30.266666666666666,9.5,19.0,0.5,3.6,10.7,0.333,1.2,1.2,1.0,1.2,3.6,4.8,4.8,1.2,1.2,0.0,0.0,0.0,1.2,23.8,-22.6,39.0,0,0,39.3,1,13222,1,13222,7529,3854,3728,8526,4987,2767,9209,12630,13900,1,11869,15033,15410,8023,14518,10267,8263,8846,20257,16450,4942,22249,8391,2246,150,7237,1,30:16
2024-25,1630166,Deni Avdija,Deni,1610612757,POR,Portland Trail Blazers,0022400694,2025-02-01T00:00:00,POR vs. PHX,W,21.868333333333332,4.9,11.5,0.429,1.6,6.6,0.25,4.9,4.9,1.0,0.0,8.2,8.2,4.9,0.0,0.0,0.0,0.0,6.6,3.3,16.5,0.0,33.7,0,0,31.3,1,1,13086,1,14599,14582,14434,13735,11552,9354,11902,4136,6052,1,14058,4377,7890,7601,16469,12854,8263,8846,2334,8276,11430,12240,12013,2246,150,12948,1,21:52
2024-25,1642355,Bronny James,Bronny,1610612747,LAL,Los Angeles Lakers,0022400692,2025-02-01T00:00:00,LAL @ NYK,W,1.8333333333333333,19.6,19.6,1.0,0.0,0.0,0.0,0.0,0.0,0.0,0.0,0.0,0.0,0.0,19.6,0.0,0.0,0.0,0.0,0.0,39.3,0.0,19.6,0,0,39.3,1,1,13086,1,25581,151,3233,1,15070,20945,15070,13505,14344,13505,14058,22137,23286,19908,54,12854,8263,8846,20257,17725,490,12240,21344,2246,150,7211,1,1:50
2024-25,1629014,Anfernee Simons,Anfernee,1610612757,POR,Portland Trail Blazers,0022400694,2025-02-01T00:00:00,POR vs. PHX,W,29.416666666666668,7.3,18.4,0.4,1.2,8.6,0.143,3.7,4.9,0.75,1.2,3.7,4.9,8.6,1.2,1.2,1.2,0.0,2.4,2.4,19.6,3.7,44.4,0,0,39.2,1,1,13086,1,8296,8140,4327,14933,13245,5477,14649,6352,6124,8186,11640,14729,15077,2372,14270,9985,6027,8846,12994,11169,8279,10828,5450,2246,150,7296,1,29:25
2024-25,1641783,Tristan da Silva,Tristan,1610612753,ORL,Orlando Magic,0022400687,2025-02-01T00:00:00,ORL @ UTA,L,24.883333333333333,4.3,8.7,0.5,1.4,4.3,0.333,2.9,2.9,1.0,1.4,4.3,5.8,0.0,1.4,1.4,0.0,0.0,4.3,2.9,13.0,-17.4,22.9,0,0,23.1,1,13222,1,13222,12108,16227,19220,8526,12264,14819,9209,8108,10251,1,10551,12685,12790,19908,13021,8654,8263,8846,6170,9608,15067,20729,19643,2246,150,18893,1,24:53
2024-25,1641998,Trey Jemison III,Trey,1610612747,LAL,Los Angeles Lakers,0022400692,2025-02-01T00:00:00,LAL @ NYK,W,1.8333333333333333,0.0,0.0,0.0,0.0,0.0,0.0,0.0,0.0,0.0,0.0,39.3,39.3,0.0,0.0,0.0,0.0,0.0,0.0,0.0,0.0,0.0,47.1,0,0,39.3,1,1,13086,1,25581,22635,24836,22635,15070,20945,15070,13505,14344,13505,14058,14,30,19908,16469,12854,8263,8846,20257,17725,23200,12240,4270,2246,150,7211,1,1:50
2024-25,1631101,Shaedon Sharpe,Shaedon,1610612757,POR,Portland Trail Blazers,0022400694,2025-02-01T00:00:00,POR vs. PHX,W,25.216666666666665,7.1,17.1,0.417,4.3,7.1,0.6,4.3,5.7,0.75,0.0,1.4,1.4,0.0,2.9,1.4,0.0,1.4,4.3,4.3,22.8,21.4,26.0,0,0,31.4,1,1,13086,1,11820,8610,5663,14532,3423,8169,2992,5191,4877,8186,14058,21030,22660,19908,7009,8765,8263,5068,6336,5638,5603,3590,17627,2246,150,12855,1,25:13
2024-25,1642346,Ryan Dunn,Ryan,1610612756,PHX,Phoenix Suns,0022400694,2025-02-01T00:00:00,PHX @ POR,L,20.15,1.8,3.6,0.5,0.0,1.8,0.0,0.0,0.0,0.0,3.6,5.4,8.9,1.8,1.8,0.0,0.0,0.0,1.8,0.0,3.6,-17.9,15.2,0,0,14.3,1,13222,1,13222,15903,21777,24282,8526,15070,19938,15070,13505,14344,13505,4261,9871,6846,17129,11610,12854,8263,8846,16246,17725,22751,20892,23119,2246,150,23328,1,20:09
2024-25,1630249,Vít Krejčí,Vít,1610612737,ATL,Atlanta Hawks,0022400686,2025-02-01T00:00:00,ATL @ IND,L,15.158333333333333,2.4,7.1,0.333,2.4,7.1,0.333,4.7,4.7,1.0,0.0,0.0,0.0,0.0,0.0,0.0,0.0,0.0,9.5,2.4,11.9,-23.7,11.9,0,0,14.2,1,13222,1,13222,19466,20715,21413,17395,8573,8204,9209,4431,6400,1,14058,22137,23286,19908,16469,12854,8263,8846,810,11449,16264,22510,24042,2246,150,23339,1,15:10
2024-25,1642263,Reed Sheppard,Reed,1610612745,HOU,Houston Rockets,0022400689,2025-02-01T00:00:00,HOU vs. BKN,L,15.6,4.6,13.8,0.333,4.6,11.5,0.4,0.0,0.0,0.0,0.0,4.6,4.6,2.3,0.0,4.6,2.3,2.3,4.6,0.0,13.8,16.2,43.6,0,0,39.2,1,13222,1,13222,19194,15447,10424,17395,2862,2075,7874,13505,14344,13505,14058,11943,15782,15206,16469,1136,2728,2409,5503,17725,14101,5199,5844,2246,150,7252,1,15:36
2024-25,1626168,Trey Lyles,Trey,1610612758,SAC,Sacramento Kings,0022400691,2025-02-01T00:00:00,SAC @ OKC,L,12.666666666666666,0.0,11.4,0.0,0.0,8.5,0.0,0.0,0.0,0.0,2.8,5.7,8.5,0.0,0.0,2.8,0.0,0.0,2.8,0.0,0.0,-14.2,18.8,0,0,14.2,1,13222,1,13222,20909,22635,14711,22635,15070,5534,15070,13505,14344,13505,5753,9077,7440,19908,16469,3568,8263,8846,11449,17725,23200,19586,21774,2246,150,23354,1,12:40
2024-25,1629626,Bol Bol,Bol,1610612756,PHX,Phoenix Suns,0022400694,2025-02-01T00:00:00,PHX @ POR,L,4.85,7.4,22.3,0.333,0.0,14.8,0.0,0.0,0.0,0.0,7.4,0.0,7.4,7.4,7.4,0.0,0.0,0.0,0.0,0.0,14.8,7.4,27.5,0,0,29.7,1,13222,1,13222,24045,7948,1686,17395,15070,726,15070,13505,14344,13505,983,22137,9314,3484,734,12854,8263,8846,20257,17725,13069,8919,16620,2246,150,14169,1,4:51
2024-25,1629162,Jordan McLaughlin,Jordan,1610612758,SAC,Sacramento Kings,0022400691,2025-02-01T00:00:00,SAC @ OKC,L,7.05,0.0,10.2,0.0,0.0,5.1,0.0,5.1,10.2,0.5,0.0,0.0,0.0,0.0,0.0,5.1,0.0,5.1,0.0,5.1,5.1,-20.4,20.4,0,0,15.3,1,13222,1,13222,23144,22635,16707,22635,15070,12929,15070,3874,1288,10625,14058,22137,23286,19908,16469,830,8263,344,20257,3910,21953,21683,20973,2246,150,22942,1,7:03
2024-25,1628988,Aaron Holiday,Aaron,1610612745,HOU,Houston Rockets,0022400689,2025-02-01T00:00:00,HOU vs. BKN,L,12.716666666666667,2.8,17.0,0.167,2.8,17.0,0.167,0.0,0.0,0.0,0.0,0.0,0.0,2.8,0.0,0.0,0.0,0.0,5.7,0.0,8.5,-34.0,12.7,0,0,14.2,1,13222,1,13222,20884,19807,5822,21938,7115,418,14236,13505,14344,13505,14058,22137,23286,13494,16469,12854,8263,8846,3449,17725,19520,24298,23833,2246,150,23374,1,12:43
2024-25,1628418,Thomas Bryant,Thomas,1610612754,IND,Indiana Pacers,0022400686,2025-02-01T00:00:00,IND vs. ATL,W,13.816666666666666,5.2,10.4,0.5,2.6,5.2,0.5,0.0,0.0,0.0,0.0,5.2,5.2,5.2,0.0,0.0,2.6,0.0,0.0,0.0,13.0,5.2,34.9,0,0,31.3,1,1,13086,1,20292,13788,16354,8526,7808,12676,3944,13505,14344,13505,14058,10256,14251,7014,16469,12854,2213,8846,20257,17725,15062,10000,11116,2246,150,12955,1,13:49
2024-25,1642354,KJ Simpson,KJ,1610612766,CHA,Charlotte Hornets,0022400688,2025-02-01T00:00:00,CHA vs. DEN,L,27.366666666666667,2.6,11.8,0.222,0.0,5.3,0.0,5.3,5.3,1.0,2.6,5.3,7.9,10.5,2.6,0.0,0.0,1.3,0.0,5.3,10.5,21.0,33.1,0,0,28.9,1,13222,1,13222,10046,20217,13878,21205,15070,12562,15070,3698,5512,1,6270,10122,8474,1193,7763,12854,8263,5575,20257,3685,17635,3684,12469,2246,150,14752,1,27:22
2024-25,1642345,Oso Ighodaro,Oso,1610612756,PHX,Phoenix Suns,0022400694,2025-02-01T00:00:00,PHX @ POR,L,4.85,7.4,7.4,1.0,0.0,0.0,0.0,0.0,0.0,0.0,0.0,0.0,0.0,0.0,7.4,0.0,0.0,0.0,7.4,0.0,14.8,7.4,7.4,0,0,14.8,1,13222,1,13222,24045,7948,21036,1,15070,20945,15070,13505,14344,13505,14058,22137,23286,19908,734,12854,8263,8846,1694,17725,13069,8919,24767,2246,150,23112,1,4:51
2024-25,1641740,Jaylen Clark,Jaylen,1610612750,MIN,Minnesota Timberwolves,0022400690,2025-02-01T00:00:00,MIN vs. WAS,L,19.94333333333333,7.2,16.2,0.444,1.8,7.2,0.25,0.0,0.0,0.0,5.4,1.8,7.2,0.0,0.0,1.8,0.0,3.6,5.4,0.0,16.2,-19.9,30.3,0,0,28.9,1,13222,1,13222,16071,8401,6757,13045,11056,8006,11902,13505,14344,13505,2000,20231,9706,19908,16469,7232,8263,841,3829,17725,11659,21509,14559,2246,150,14794,1,19:57
2024-25,1629060,Rui Hachimura,Rui,1610612747,LAL,Los Angeles Lakers,0022400692,2025-02-01T00:00:00,LAL @ NYK,W,38.35,7.5,11.3,0.667,2.8,5.6,0.5,1.9,1.9,1.0,0.0,2.8,2.8,1.9,0.9,0.9,0.9,0.0,0.9,0.9,19.7,12.2,30.6,0,0,31.0,1,1,13086,1,1190,7745,14902,3281,7171,11631,3944,11020,13032,1,14058,17351,20207,16824,16204,12447,7901,8846,20030,17580,8144,6711,14341,2246,150,13184,1,38:21
2024-25,1628371,Jonathan Isaac,Jonathan,1610612753,ORL,Orlando Magic,0022400687,2025-02-01T00:00:00,ORL @ UTA,L,14.333333333333334,2.5,7.5,0.333,2.5,5.0,0.5,0.0,0.0,0.0,2.5,5.0,7.5,0.0,0.0,0.0,2.5,0.0,2.5,0.0,7.5,7.5,24.1,0,0,22.6,1,13222,1,13222,19991,20450,20881,17395,8107,13151,3944,13505,14344,13505,6578,10813,9102,19908,16469,12854,2352,8846,12751,17725,20287,8865,18868,2246,150,19283,1,14:20
2024-25,1628969,Mikal Bridges,Mikal,1610612752,NYK,New York Knicks,0022400692,2025-02-01T00:00:00,NYK vs. LAL,L,33.1,7.6,15.2,0.5,2.2,4.4,0.5,0.0,0.0,0.0,1.1,1.1,2.2,3.3,0.0,1.1,1.1,0.0,2.2,3.3,17.4,-9.8,31.4,0,0,29.4,1,13222,1,13222,5069,7474,8205,8526,9329,14791,3944,13505,14344,13505,12569,21783,21467,12100,16469,11121,6878,8846,14218,8370,10427,17789,13721,2246,150,14438,1,33:06
2024-25,1641733,Nick Smith Jr.,Nick,1610612766,CHA,Charlotte Hornets,0022400688,2025-02-01T00:00:00,CHA vs. DEN,L,33.166666666666664,7.6,13.0,0.583,5.4,8.7,0.625,0.0,0.0,0.0,0.0,1.1,1.1,2.2,1.1,1.1,0.0,1.1,1.1,1.1,20.6,-15.2,27.4,0,0,31.5,1,13222,1,13222,5013,7521,11811,6296,1817,5294,2868,13505,14344,13505,14058,21792,23105,15722,15233,11140,8263,7183,19183,16974,7377,19974,16695,2246,150,12792,1,33:10
2024-25,1631117,Walker Kessler,Walker,1610612762,UTA,Utah Jazz,0022400687,2025-02-01T00:00:00,UTA vs. ORL,W,33.15,3.3,3.3,1.0,0.0,0.0,0.0,2.2,4.3,0.5,2.2,14.1,16.3,2.2,2.2,1.1,1.1,0.0,4.3,4.3,8.7,18.5,35.8,0,0,31.5,1,1,13086,1,5027,18865,24405,1,15070,20945,15070,10047,7121,10625,7683,738,1326,15718,9627,11137,6885,8846,6160,5486,19360,4418,10483,2246,150,12779,1,33:09
2024-25,1629638,Nickeil Alexander-Walker,Nickeil,1610612750,MIN,Minnesota Timberwolves,0022400690,2025-02-01T00:00:00,MIN vs. WAS,L,40.906666666666666,3.5,12.3,0.286,1.8,7.9,0.222,3.5,3.5,1.0,0.9,1.8,2.6,4.4,0.9,0.9,0.0,0.0,2.6,2.6,12.3,-1.8,23.8,0,0,22.9,1,13222,1,13222,386,18283,13046,19630,11227,6585,13288,6669,8853,1,13956,20331,20568,8882,16383,12736,8263,8846,12286,10512,15805,13901,19059,2246,150,19085,1,40:54
2024-25,201142,Kevin Durant,Kevin,1610612756,PHX,Phoenix Suns,0022400694,2025-02-01T00:00:00,PHX @ POR,L,32.95,9.8,19.7,0.5,1.1,4.4,0.25,3.3,3.3,1.0,0.0,1.1,1.1,3.3,3.3,0.0,0.0,1.1,2.2,3.3,24.0,-24.0,27.0,0,0,29.5,1,13222,1,13222,5189,3426,3211,8526,13981,14758,11902,7149,9364,1,14058,21767,23089,12059,5568,12854,8263,7110,14168,8320,4777,22586,16961,2246,150,14322,1,32:57
2024-25,1629631,De'Andre Hunter,De'Andre,1610612737,ATL,Atlanta Hawks,0022400686,2025-02-01T00:00:00,ATL @ IND,L,29.475,1.2,6.1,0.2,0.0,3.7,0.0,2.4,4.9,0.5,4.9,4.9,9.8,2.4,1.2,1.2,1.2,0.0,2.4,3.7,4.9,-18.3,26.4,0,0,22.0,1,13222,1,13222,8247,22478,22510,21401,15070,16304,15070,9215,6143,10625,2471,11198,5716,14728,14285,10007,6046,8846,13022,7229,22072,21022,17362,2246,150,19688,1,29:29
2024-25,1628960,Grayson Allen,Grayson,1610612756,PHX,Phoenix Suns,0022400694,2025-02-01T00:00:00,PHX @ POR,L,22.916666666666668,1.6,4.7,0.333,1.6,4.7,0.333,0.0,0.0,0.0,1.6,4.7,6.3,3.1,3.1,3.1,0.0,0.0,3.1,1.6,4.7,-9.4,23.2,0,0,22.0,1,13222,1,13222,13780,22077,23667,17395,11786,13922,9209,13505,14344,13505,10039,11667,11648,12503,6013,2853,8263,8846,10133,14723,22178,17631,19409,2246,150,19683,1,22:55
2024-25,1631170,Jaime Jaquez Jr.,Jaime,1610612748,MIA,Miami Heat,0022400693,2025-02-01T00:00:00,MIA @ SAS,W,22.95,6.3,11.0,0.571,0.0,3.1,0.0,3.1,6.3,0.5,4.7,4.7,9.4,1.6,3.1,1.6,0.0,0.0,3.1,4.7,15.7,-7.8,30.9,0,0,29.8,1,1,13086,1,13753,10780,15384,6538,15070,17390,15070,7461,4155,10625,2668,11682,6164,17742,6025,8112,8263,8846,10142,4704,12238,16896,14126,2246,150,14096,1,22:57
2024-25,1627750,Jamal Murray,Jamal,1610612743,DEN,Denver Nuggets,0022400688,2025-02-01T00:00:00,DEN @ CHA,W,33.15,8.7,17.4,0.5,1.1,6.5,0.167,3.3,3.3,1.0,0.0,1.1,1.1,5.4,3.3,0.0,0.0,0.0,0.0,2.2,21.7,0.0,27.9,0,0,29.3,1,1,13086,1,5027,5282,5375,8526,14029,9516,14236,7189,9410,1,14058,21787,23102,6572,5640,12854,8263,8846,20257,12285,6455,12240,16293,2246,150,14462,1,33:09
2024-25,201942,DeMar DeRozan,DeMar,1610612758,SAC,Sacramento Kings,0022400691,2025-02-01T00:00:00,SAC @ OKC,L,31.23,5.8,17.3,0.333,0.0,3.5,0.0,8.1,9.2,0.875,0.0,1.2,1.2,2.3,1.2,0.0,0.0,2.3,1.2,4.6,19.6,-15.0,23.3,0,0,23.1,1,13222,1,13222,6680,12225,5463,17395,15070,16739,15070,1375,1756,6931,14058,21626,23006,15212,14777,12854,8263,2416,18798,4917,8266,19896,19381,2246,150,18977,1,31:14
2024-25,1641710,Anthony Black,Anthony,1610612753,ORL,Orlando Magic,0022400687,2025-02-01T00:00:00,ORL @ UTA,L,31.62,1.1,8.0,0.143,1.1,4.6,0.25,1.1,1.1,1.0,1.1,3.4,4.6,3.4,0.0,0.0,0.0,2.3,2.3,1.1,4.6,-20.5,15.1,0,0,13.7,1,13222,1,13222,6318,22548,20312,22260,13720,14314,11902,12790,13982,1,12202,15478,15913,11645,16469,12854,8263,2483,13739,16717,22261,21705,23131,2246,150,23518,1,31:37
2024-25,1630182,Josh Green,Josh,1610612766,CHA,Charlotte Hornets,0022400688,2025-02-01T00:00:00,CHA vs. DEN,L,31.633333333333333,3.4,6.8,0.5,0.0,1.1,0.0,0.0,0.0,0.0,0.0,1.1,1.1,5.7,0.0,0.0,0.0,1.1,2.3,1.1,6.8,-11.4,16.7,0,0,13.7,1,13222,1,13222,6299,18508,21758,8526,15070,20696,15070,13505,14344,13505,14058,21660,23025,6060,16469,12854,8263,6725,13741,16718,20840,18472,22586,2246,150,23519,1,31:38
2024-25,1627832,Fred VanVleet,Fred,1610612745,HOU,Houston Rockets,0022400689,2025-02-01T00:00:00,HOU vs. BKN,L,16.566666666666666,2.2,8.7,0.25,2.2,8.7,0.25,0.0,0.0,0.0,0.0,0.0,0.0,4.3,0.0,0.0,0.0,0.0,2.2,0.0,6.5,-2.2,13.0,0,0,13.0,1,13222,1,13222,18554,21086,19208,20233,9347,5280,11902,13505,14344,13505,14058,22137,23286,9016,16469,12854,8263,8846,14229,17725,21036,14141,23756,2246,150,23701,1,16:34
2024-25,1642269,Devin Carter,Devin,1610612758,SAC,Sacramento Kings,0022400691,2025-02-01T00:00:00,SAC @ OKC,L,10.016666666666667,3.6,18.0,0.2,3.6,14.4,0.25,7.2,7.2,1.0,0.0,7.2,7.2,3.6,0.0,3.6,0.0,0.0,3.6,3.6,18.0,-35.9,42.8,0,0,39.5,1,13222,1,13222,22099,18094,4730,21401,4934,835,11902,1880,3178,1,14058,6023,9772,11099,16469,2100,8263,8846,8443,7400,9879,24513,6238,2246,150,7048,1,10:01
2024-25,203924,Jerami Grant,Jerami,1610612757,POR,Portland Trail Blazers,0022400694,2025-02-01T00:00:00,POR vs. PHX,W,32.95,5.5,10.9,0.5,1.1,3.3,0.333,9.8,9.8,1.0,0.0,1.1,1.1,3.3,0.0,0.0,2.2,0.0,2.2,5.5,21.9,17.5,34.6,0,0,31.7,1,1,13086,1,5189,13098,15487,8526,13981,17115,9209,747,1438,1,14058,21767,23089,12059,16469,12854,2980,8846,14168,3395,6325,4744,11344,2246,150,12638,1,32:57
2024-25,1641767,Ben Sheppard,Ben,1610612754,IND,Indiana Pacers,0022400686,2025-02-01T00:00:00,IND vs. ATL,W,19.948333333333334,3.6,5.4,0.667,1.8,3.6,0.5,1.8,3.6,0.5,1.8,7.2,9.0,7.2,0.0,0.0,0.0,0.0,3.6,1.8,10.8,12.6,32.5,0,0,28.9,1,1,13086,1,16069,18062,23160,3281,11058,16416,3944,11229,8669,10625,9220,5967,6696,3730,16469,12854,8263,8846,8401,13916,17329,6547,12956,2246,150,14800,1,19:57
2024-25,1642273,Kyshawn George,Kyshawn,1610612764,WAS,Washington Wizards,0022400690,2025-02-01T00:00:00,WAS @ MIN,W,22.843333333333334,4.7,12.6,0.375,3.2,9.5,0.333,4.7,4.7,1.0,0.0,9.5,9.5,3.2,3.2,3.2,0.0,0.0,3.2,4.7,17.3,18.9,39.7,0,0,39.4,1,1,13086,1,13847,15169,12548,16299,6090,4169,9209,4464,6429,1,14058,3066,6107,12472,5977,2829,8263,8846,10074,4663,10488,4286,7949,2246,150,7133,1,22:51
2024-25,1629610,DaQuan Jeffries,DaQuan,1610612766,CHA,Charlotte Hornets,0022400688,2025-02-01T00:00:00,CHA vs. DEN,L,13.733333333333333,2.6,7.9,0.333,2.6,5.2,0.5,5.2,5.2,1.0,0.0,0.0,0.0,2.6,0.0,2.6,2.6,0.0,7.9,2.6,13.1,7.9,32.8,0,0,28.8,1,13222,1,13222,20341,20242,20457,17395,7761,12606,3944,3717,5539,1,14058,22137,23286,14150,16469,4091,2194,8846,1421,10577,14974,8702,12748,2246,150,14833,1,13:44
2024-25,1631094,Paolo Banchero,Paolo,1610612753,ORL,Orlando Magic,0022400687,2025-02-01T00:00:00,ORL @ UTA,L,33.666666666666664,4.3,20.3,0.211,0.0,6.4,0.0,1.1,3.2,0.333,1.1,5.3,6.4,6.4,3.2,2.1,1.1,0.0,4.3,2.1,9.6,-18.2,33.4,0,0,28.9,1,13222,1,13222,4576,16379,2754,21398,15070,9714,15070,13004,9506,13132,12718,9906,11350,4831,5798,5638,6988,8846,6351,12443,18519,20985,12286,2246,150,14802,1,33:40
2024-25,1631110,Jeremy Sochan,Jeremy,1610612759,SAS,San Antonio Spurs,0022400693,2025-02-01T00:00:00,SAS vs. MIA,L,19.25,1.9,9.4,0.2,0.0,0.0,0.0,0.0,0.0,0.0,0.0,9.4,9.4,5.6,1.9,1.9,0.0,3.7,1.9,0.0,3.7,-11.2,27.1,0,0,22.4,1,13222,1,13222,16627,21628,18195,21401,15070,20945,15070,13505,14344,13505,14058,3158,6257,6231,11220,6920,8263,776,15829,17725,22672,18410,16866,2246,150,19395,1,19:15
2024-25,1629675,Naz Reid,Naz,1610612750,MIN,Minnesota Timberwolves,0022400690,2025-02-01T00:00:00,MIN vs. WAS,L,19.528333333333332,5.5,18.4,0.3,3.7,11.1,0.333,0.0,0.0,0.0,0.0,5.5,5.5,0.0,1.8,0.0,0.0,0.0,1.8,0.0,14.7,-16.6,19.5,0,0,24.0,1,13222,1,13222,16397,12912,4267,19363,4726,2436,9209,13505,14344,13505,14058,9454,13467,19908,11352,12854,8263,8846,15974,17725,13157,20476,21388,2246,150,18354,1,19:32
2024-25,1629020,Jarred Vanderbilt,Jarred,1610612747,LAL,Los Angeles Lakers,0022400692,2025-02-01T00:00:00,LAL @ NYK,W,13.636666666666667,0.0,7.9,0.0,0.0,2.6,0.0,0.0,0.0,0.0,7.9,13.2,21.1,2.6,0.0,0.0,0.0,0.0,7.9,0.0,0.0,10.6,29.3,0,0,23.8,1,1,13086,1,20397,22635,20387,22635,15070,18378,15070,13505,14344,13505,814,955,407,14086,16469,12854,8263,8846,1397,17725,23200,7443,15275,2246,150,18490,1,13:38
2024-25,1626145,Tyus Jones,Tyus,1610612756,PHX,Phoenix Suns,0022400694,2025-02-01T00:00:00,PHX @ POR,L,24.388333333333332,4.4,13.3,0.333,4.4,10.3,0.429,0.0,0.0,0.0,0.0,0.0,0.0,3.0,1.5,1.5,0.0,0.0,0.0,0.0,13.3,-22.1,20.7,0,0,23.6,1,13222,1,13222,12573,15988,11330,17395,3191,3124,7394,13505,14344,13505,14058,22137,23286,13085,12872,8512,8263,8846,20257,17725,14769,22110,20863,2246,150,18599,1,24:23
2024-25,1629312,Haywood Highsmith,Haywood,1610612748,MIA,Miami Heat,0022400693,2025-02-01T00:00:00,MIA @ SAS,W,23.366666666666667,4.6,13.9,0.333,1.5,9.2,0.167,0.0,0.0,0.0,1.5,3.1,4.6,1.5,1.5,0.0,0.0,0.0,4.6,0.0,10.8,1.5,17.1,0,0,18.5,1,1,13086,1,13408,15431,10403,17395,11895,4463,14236,13505,14344,13505,10153,16459,15767,17839,12578,12854,8263,8846,5486,17725,17386,11855,22447,2246,150,21634,1,23:22
2024-25,1630695,Micah Potter,Micah,1610612762,UTA,Utah Jazz,0022400687,2025-02-01T00:00:00,UTA vs. ORL,W,9.583333333333334,3.8,3.8,1.0,3.8,3.8,1.0,0.0,0.0,0.0,0.0,3.8,3.8,0.0,0.0,0.0,0.0,0.0,7.5,3.8,11.3,-3.8,15.8,0,0,18.8,1,1,13086,1,22248,17687,24205,1,4557,16085,1,13505,14344,13505,14058,14452,17925,19908,16469,12854,8263,8846,1640,6969,16924,14924,22932,2246,150,21487,1,9:35
2024-25,1630208,Nick Richards,Nick,1610612756,PHX,Phoenix Suns,0022400694,2025-02-01T00:00:00,PHX @ POR,L,25.316666666666666,0.0,5.7,0.0,0.0,0.0,0.0,1.4,5.7,0.25,2.8,11.4,14.2,0.0,1.4,0.0,1.4,1.4,5.7,2.8,1.4,-25.6,21.3,0,0,18.5,1,13222,1,13222,11729,22635,22911,22635,15070,20945,15070,11976,4906,13358,5748,1706,2135,19908,13158,12854,5141,5090,3409,9800,23183,22933,20514,2246,150,21635,1,25:19
2024-25,1642278,Tyler Kolek,Tyler,1610612752,NYK,New York Knicks,0022400692,2025-02-01T00:00:00,NYK vs. LAL,L,1.9166666666666667,0.0,0.0,0.0,0.0,0.0,0.0,0.0,0.0,0.0,0.0,0.0,0.0,18.8,18.8,0.0,0.0,0.0,0.0,18.8,0.0,0.0,9.4,0,0,18.8,1,13222,1,13222,25508,22635,24836,22635,15070,20945,15070,13505,14344,13505,14058,22137,23286,116,63,12854,8263,8846,20257,56,23200,12240,24513,2246,150,21487,1,1:55
2024-25,1630198,Isaiah Joe,Isaiah,1610612760,OKC,Oklahoma City Thunder,0022400691,2025-02-01T00:00:00,OKC vs. SAC,W,23.735,3.0,12.1,0.25,3.0,9.1,0.333,0.0,3.0,0.0,0.0,1.5,1.5,4.6,0.0,0.0,0.0,0.0,1.5,3.0,9.1,37.9,17.7,0,0,18.2,1,1,13086,1,13125,19359,13360,20233,6393,4669,9209,13505,9897,13505,14058,20844,22551,8528,16469,12854,8263,8846,17154,9116,18982,1124,22201,2246,150,21773,1,23:44
2024-25,1629013,Landry Shamet,Landry,1610612752,NYK,New York Knicks,0022400692,2025-02-01T00:00:00,NYK vs. LAL,L,8.55,0.0,8.4,0.0,0.0,4.2,0.0,0.0,0.0,0.0,0.0,0.0,0.0,0.0,0.0,4.2,0.0,4.2,4.2,0.0,0.0,-42.1,12.6,0,0,8.4,1,13222,1,13222,22616,22635,19608,22635,15070,15094,15070,13505,14344,13505,14058,22137,23286,19908,16469,1447,8263,582,6523,17725,23200,24987,23861,2246,150,24697,1,8:33
2024-25,1631210,Jacob Toppin,Jacob,1610612752,NYK,New York Knicks,0022400692,2025-02-01T00:00:00,NYK vs. LAL,L,1.9166666666666667,0.0,18.8,0.0,0.0,0.0,0.0,0.0,0.0,0.0,0.0,18.8,18.8,0.0,0.0,0.0,0.0,0.0,0.0,0.0,0.0,0.0,22.5,0,0,18.8,1,13222,1,13222,25508,22635,3943,22635,15070,20945,15070,13505,14344,13505,14058,212,731,19908,16469,12854,8263,8846,20257,17725,23200,12240,19849,2246,150,21487,1,1:55
2024-25,203914,Gary Harris,Gary,1610612753,ORL,Orlando Magic,0022400687,2025-02-01T00:00:00,ORL @ UTA,L,15.938333333333333,0.0,4.5,0.0,0.0,4.5,0.0,0.0,0.0,0.0,0.0,0.0,0.0,0.0,2.3,4.5,0.0,0.0,2.3,0.0,0.0,-22.6,11.3,0,0,9.0,1,13222,1,13222,18973,22635,23794,22635,15070,14391,15070,13505,14344,13505,14058,22137,23286,19908,9267,1215,8263,8846,13832,17725,23200,22245,24180,2246,150,24601,1,15:56
2024-25,1631209,Isaiah Wong,Isaiah,1610612766,CHA,Charlotte Hornets,0022400688,2025-02-01T00:00:00,CHA vs. DEN,L,11.45,0.0,18.9,0.0,0.0,3.1,0.0,0.0,0.0,0.0,0.0,9.4,9.4,9.4,0.0,0.0,0.0,9.4,9.4,0.0,0.0,-15.7,25.5,0,0,18.9,1,13222,1,13222,21504,22635,3871,22635,15070,17375,15070,13505,14344,13505,14058,3088,6131,1736,16469,12854,8263,76,834,17725,23200,20164,17953,2246,150,21445,1,11:27
2024-25,1628976,Wendell Carter Jr.,Wendell,1610612753,ORL,Orlando Magic,0022400687,2025-02-01T00:00:00,ORL @ UTA,L,23.983333333333334,4.5,15.0,0.3,0.0,4.5,0.0,0.0,0.0,0.0,3.0,4.5,7.5,1.5,0.0,0.0,0.0,1.5,1.5,1.5,9.0,-15.0,20.3,0,0,18.0,1,13222,1,13222,12912,15773,8595,19363,15070,14422,15070,13505,14344,13505,5325,12255,9158,17968,16469,12854,8263,4773,17214,14998,19074,19909,21040,2246,150,21856,1,23:59
2024-25,1641787,Tosan Evbuomwan,Tosan,1610612751,BKN,Brooklyn Nets,0022400689,2025-02-01T00:00:00,BKN @ HOU,W,26.85,4.0,8.0,0.5,1.3,1.3,1.0,0.0,0.0,0.0,1.3,1.3,2.7,5.4,0.0,0.0,0.0,0.0,1.3,0.0,9.4,-5.4,20.6,0,0,18.8,1,1,13086,1,10452,17037,20180,8526,12685,20450,1,13505,14344,13505,11012,21209,20493,6702,16469,12854,8263,8846,17859,17725,18742,15769,20875,2246,150,21497,1,26:51
2024-25,201145,Jeff Green,Jeff,1610612745,HOU,Houston Rockets,0022400689,2025-02-01T00:00:00,HOU vs. BKN,L,8.4,4.3,8.6,0.5,0.0,4.3,0.0,0.0,0.0,0.0,0.0,0.0,0.0,0.0,4.3,0.0,0.0,0.0,0.0,0.0,8.6,-17.1,4.3,0,0,8.6,1,13222,1,13222,22661,16357,19388,8526,15070,14951,15070,13505,14344,13505,14058,22137,23286,19908,3351,12854,8263,8846,20257,17725,19453,20672,25063,2246,150,24666,1,8:24
2024-25,1630170,Devin Vassell,Devin,1610612759,SAS,San Antonio Spurs,0022400693,2025-02-01T00:00:00,SAS vs. MIA,L,35.45,8.1,22.3,0.364,1.0,10.2,0.1,1.0,1.0,1.0,0.0,3.0,3.0,1.0,2.0,0.0,0.0,1.0,2.0,2.0,18.3,-1.0,21.4,0,0,23.4,1,13222,1,13222,3112,6361,1656,16861,14454,3324,15047,13195,14193,1,14058,16568,19593,19630,10361,12854,8263,7767,14966,12924,9549,13549,20455,2246,150,18764,1,35:27
2024-25,1626204,Larry Nance Jr.,Larry,1610612737,ATL,Atlanta Hawks,0022400686,2025-02-01T00:00:00,ATL @ IND,L,18.783333333333335,3.8,9.6,0.4,0.0,0.0,0.0,0.0,0.0,0.0,0.0,9.6,9.6,1.9,1.9,0.0,0.0,1.9,1.9,0.0,7.7,-19.2,20.1,0,0,19.2,1,13222,1,13222,16980,17485,17809,14933,15070,20945,15070,13505,14344,13505,14058,2937,5942,16688,10959,12854,8263,3486,15582,17725,20185,21292,21098,2246,150,21306,1,18:47
2024-25,1642261,Dalton Knecht,Dalton,1610612747,LAL,Los Angeles Lakers,0022400692,2025-02-01T00:00:00,LAL @ NYK,W,9.541666666666666,3.8,11.3,0.333,0.0,7.5,0.0,0.0,0.0,0.0,0.0,0.0,0.0,0.0,3.8,0.0,0.0,0.0,7.5,0.0,7.5,-30.2,3.8,0,0,7.5,1,1,13086,1,22271,17641,14795,17395,15070,7286,15070,13505,14344,13505,14058,22137,23286,19908,4385,12854,8263,8846,1602,17725,20280,23766,25093,2246,150,24828,1,9:33
2024-25,1626220,Royce O'Neale,Royce,1610612756,PHX,Phoenix Suns,0022400694,2025-02-01T00:00:00,PHX @ POR,L,14.278333333333334,5.0,12.6,0.4,2.5,10.1,0.25,0.0,0.0,0.0,0.0,7.6,7.6,2.5,0.0,0.0,0.0,2.5,2.5,5.0,12.6,12.6,25.5,0,0,25.2,1,13222,1,13222,20038,14260,12558,14933,8076,3395,11902,13505,14344,13505,14058,5388,9042,14468,16469,12854,8263,2006,12704,4035,15491,6561,17956,2246,150,17507,1,14:17
2024-25,1642258,Zaccharie Risacher,Zaccharie,1610612737,ATL,Atlanta Hawks,0022400686,2025-02-01T00:00:00,ATL @ IND,L,29.013333333333332,7.4,13.6,0.545,3.7,6.2,0.6,2.5,5.0,0.5,5.0,1.2,6.2,2.5,0.0,0.0,0.0,2.5,0.0,2.5,21.1,2.5,32.3,0,0,33.5,1,13222,1,13222,8667,7907,10741,7695,4646,10194,2992,9102,6006,10625,2413,21421,11815,14610,16469,12854,8263,2069,20257,11060,7007,11384,13121,2246,150,11239,1,29:01
2024-25,1629637,Jaxson Hayes,Jaxson,1610612747,LAL,Los Angeles Lakers,0022400692,2025-02-01T00:00:00,LAL @ NYK,W,21.595,3.3,3.3,1.0,0.0,0.0,0.0,0.0,0.0,0.0,0.0,3.3,3.3,1.7,3.3,5.0,1.7,0.0,3.3,0.0,6.7,8.3,29.8,0,0,25.0,1,1,13086,1,14859,18671,24374,1,15070,20945,15070,13505,14344,13505,14058,15682,18904,17450,5402,900,4372,8846,9319,17725,20944,8469,14913,2246,150,17672,1,21:36
2024-25,1642276,Kel'el Ware,Kel'el,1610612748,MIA,Miami Heat,0022400693,2025-02-01T00:00:00,MIA @ SAS,W,34.11333333333334,3.2,6.3,0.5,0.0,1.1,0.0,0.0,0.0,0.0,4.2,8.4,12.7,2.1,0.0,0.0,2.1,1.1,2.1,0.0,6.3,2.1,31.0,0,0,25.3,1,1,13086,1,4164,19069,22293,8526,15070,20800,15070,13505,14344,13505,3282,4124,3025,15964,16469,12854,3175,7447,14563,17725,21169,11563,14042,2246,150,17411,1,34:07
2024-25,203084,Harrison Barnes,Harrison,1610612759,SAS,San Antonio Spurs,0022400693,2025-02-01T00:00:00,SAS vs. MIA,L,27.666666666666668,5.2,9.1,0.571,2.6,5.2,0.5,2.6,3.9,0.667,1.3,1.3,2.6,1.3,0.0,0.0,1.3,0.0,0.0,2.6,15.6,-3.9,24.6,0,0,24.7,1,13222,1,13222,9822,13803,18551,6538,7819,12690,3944,8796,8033,9425,11193,21282,20636,18654,16469,12854,5641,8846,20257,10637,12305,15016,18548,2246,150,17875,1,27:40
2024-25,1631221,Collin Gillespie,Collin,1610612756,PHX,Phoenix Suns,0022400694,2025-02-01T00:00:00,PHX @ POR,L,4.85,0.0,7.4,0.0,0.0,0.0,0.0,0.0,0.0,0.0,7.4,7.4,14.8,7.4,0.0,0.0,7.4,0.0,7.4,0.0,0.0,7.4,51.2,0,0,37.1,1,13222,1,13222,24045,22635,21036,22635,15070,20945,15070,13505,14344,13505,983,5637,1846,3484,16469,12854,176,8846,1694,17725,23200,8919,2923,2246,150,8637,1,4:51
2024-25,1628420,Monté Morris,Monté,1610612756,PHX,Phoenix Suns,0022400694,2025-02-01T00:00:00,PHX @ POR,L,4.85,7.4,22.3,0.333,7.4,14.8,0.5,0.0,0.0,0.0,0.0,0.0,0.0,7.4,0.0,0.0,0.0,0.0,0.0,0.0,22.3,7.4,33.4,0,0,37.1,1,13222,1,13222,24045,7948,1686,17395,620,726,3944,13505,14344,13505,14058,22137,23286,3484,16469,12854,8263,8846,20257,17725,6019,8919,12264,2246,150,8637,1,4:51
2024-25,204060,Joe Ingles,Joe,1610612750,MIN,Minnesota Timberwolves,0022400690,2025-02-01T00:00:00,MIN vs. WAS,L,19.47833333333333,7.4,11.1,0.667,3.7,5.5,0.667,0.0,0.0,0.0,0.0,1.8,1.8,5.5,7.4,1.8,0.0,0.0,1.8,1.8,18.5,20.3,27.2,0,0,33.3,1,13222,1,13222,16442,8030,15212,3281,4711,11859,1957,13505,14344,13505,14058,20114,22087,6349,746,7045,8263,8846,15950,13742,9335,3856,16838,2246,150,11434,1,19:29
2024-25,1628989,Kevin Huerter,Kevin,1610612758,SAC,Sacramento Kings,0022400691,2025-02-01T00:00:00,SAC @ OKC,L,7.85,4.6,9.2,0.5,4.6,9.2,0.5,0.0,0.0,0.0,0.0,9.2,9.2,9.2,0.0,0.0,0.0,0.0,0.0,0.0,13.8,-36.7,38.5,0,0,36.7,1,13222,1,13222,22867,15534,18454,8526,2915,4579,3944,13505,14344,13505,14058,3337,6480,1884,16469,12854,8263,8846,20257,17725,14212,24588,8696,2246,150,8924,1,7:51
2024-25,1642403,Isaac Jones,Isaac,1610612758,SAC,Sacramento Kings,0022400691,2025-02-01T00:00:00,SAC @ OKC,L,16.666666666666668,6.5,6.5,1.0,0.0,0.0,0.0,2.2,6.5,0.333,2.2,4.3,6.5,2.2,0.0,2.2,0.0,0.0,2.2,6.5,15.1,-8.6,32.6,0,0,28.1,1,13222,1,13222,18490,10231,22137,1,15070,20945,15070,10079,3906,13132,7720,12744,11219,15766,16469,5544,8263,8846,14298,2104,12785,17258,12876,2246,150,15371,1,16:40
2024-25,1628973,Jalen Brunson,Jalen,1610612752,NYK,New York Knicks,0022400692,2025-02-01T00:00:00,NYK vs. LAL,L,40.36666666666667,6.2,16.1,0.389,0.0,1.8,0.0,2.7,6.2,0.429,0.0,1.8,1.8,6.2,5.4,0.9,0.0,0.9,2.7,7.1,15.2,-15.2,24.0,0,0,25.0,1,13222,1,13222,481,10861,7045,16009,15070,19942,15070,8630,4182,13040,14058,20289,22182,5096,1955,12699,8263,8693,12142,1558,12749,19962,18955,2246,150,17706,1,40:22
2024-25,1641724,Jett Howard,Jett,1610612753,ORL,Orlando Magic,0022400687,2025-02-01T00:00:00,ORL @ UTA,L,19.158333333333335,3.8,18.8,0.2,1.9,9.4,0.2,0.0,0.0,0.0,0.0,0.0,0.0,1.9,1.9,3.8,1.9,3.8,9.4,0.0,9.4,0.0,27.2,0,0,24.4,1,13222,1,13222,16712,17684,3936,21401,10721,4260,13429,13505,14344,13505,14058,22137,23286,16817,11164,1905,3829,763,841,17725,18729,12240,16789,2246,150,18057,1,19:10
2024-25,1641871,Duop Reath,Duop,1610612757,POR,Portland Trail Blazers,0022400694,2025-02-01T00:00:00,POR vs. PHX,W,3.25,11.1,22.2,0.5,0.0,11.1,0.0,0.0,0.0,0.0,11.1,0.0,11.1,0.0,0.0,0.0,0.0,0.0,0.0,0.0,22.2,-66.5,35.4,0,0,33.2,1,1,13086,1,24867,2200,1750,8526,15070,2424,15070,13505,14344,13505,304,22137,4337,19908,16469,12854,8263,8846,20257,17725,6101,25819,10769,2246,150,11458,1,3:15
2024-25,1629639,Tyler Herro,Tyler,1610612748,MIA,Miami Heat,0022400693,2025-02-01T00:00:00,MIA @ SAS,W,36.28666666666667,4.0,14.9,0.267,0.0,6.9,0.0,3.0,5.0,0.6,0.0,4.0,4.0,7.9,3.0,1.0,0.0,1.0,0.0,3.0,10.9,3.0,27.6,0,0,24.8,1,1,13086,1,2475,17166,8781,20170,15070,8586,15070,7886,6014,10343,14058,13819,17392,2958,6574,12025,8263,7993,20257,9343,17252,11135,16515,2246,150,17826,1,36:17
2024-25,1626166,Cameron Payne,Cameron,1610612752,NYK,New York Knicks,0022400692,2025-02-01T00:00:00,NYK vs. LAL,L,5.805,0.0,12.4,0.0,0.0,12.4,0.0,0.0,0.0,0.0,0.0,6.2,6.2,18.6,0.0,0.0,0.0,0.0,0.0,6.2,0.0,6.2,35.3,0,0,24.8,1,13222,1,13222,23669,22635,12889,22635,15070,1573,15070,13505,14344,13505,14058,7891,11823,120,16469,12854,8263,8846,20257,2389,23200,9514,10833,2246,150,17824,1,5:48
2024-25,1641717,Cason Wallace,Cason,1610612760,OKC,Oklahoma City Thunder,0022400691,2025-02-01T00:00:00,OKC vs. SAC,W,8.766666666666667,4.1,16.4,0.25,0.0,0.0,0.0,0.0,0.0,0.0,0.0,0.0,0.0,0.0,0.0,8.2,0.0,4.1,4.1,0.0,8.2,37.0,32.9,0,0,24.6,1,1,13086,1,22540,16832,6510,20233,15070,20945,15070,13505,14344,13505,14058,22137,23286,19908,16469,193,8263,618,6817,17725,19739,1206,12693,2246,150,17928,1,8:46
2024-25,1630200,Tre Jones,Tre,1610612759,SAS,San Antonio Spurs,0022400693,2025-02-01T00:00:00,SAS vs. MIA,L,13.8,2.6,7.8,0.333,0.0,2.6,0.0,2.6,5.2,0.5,0.0,5.2,5.2,10.4,2.6,2.6,0.0,0.0,0.0,2.6,7.8,-10.4,35.0,0,0,28.7,1,13222,1,13222,20303,20263,20507,17395,15070,18436,15070,8784,5575,10625,14058,10237,14234,1230,7841,4120,8263,8846,20257,10607,20068,18077,11086,2246,150,14932,1,13:48
2024-25,1630549,Day'Ron Sharpe,Day'Ron,1610612751,BKN,Brooklyn Nets,0022400689,2025-02-01T00:00:00,BKN @ HOU,W,16.735,12.9,17.2,0.75,2.2,2.2,1.0,0.0,0.0,0.0,4.3,4.3,8.6,4.3,2.2,0.0,2.2,2.2,10.8,0.0,28.0,17.2,49.0,0,0,47.3,1,1,13086,1,18431,1066,5570,2107,9452,19267,1,13505,14344,13505,3166,12804,7312,9122,9724,12854,3068,2765,568,17725,2803,4836,3615,2246,150,3365,1,16:44
2024-25,1630572,Sandro Mamukelashvili,Sandro,1610612759,SAS,San Antonio Spurs,0022400693,2025-02-01T00:00:00,SAS vs. MIA,L,9.85,14.6,21.9,0.667,3.7,11.0,0.333,3.7,3.7,1.0,3.7,3.7,7.3,0.0,3.7,0.0,0.0,0.0,3.7,3.7,36.5,21.9,41.7,0,0,47.5,1,13222,1,13222,22150,562,1851,3281,4794,2521,9209,6377,8572,1,4113,14772,9554,19908,4666,12854,8263,8846,8244,7251,745,3469,6793,2246,150,3297,1,9:51
2024-25,1630174,Aaron Nesmith,Aaron,1610612754,IND,Indiana Pacers,0022400686,2025-02-01T00:00:00,IND vs. ATL,W,23.3,6.2,12.4,0.5,3.1,7.7,0.4,4.6,4.6,1.0,0.0,3.1,3.1,1.5,0.0,0.0,0.0,0.0,6.2,3.1,20.1,32.4,26.1,0,0,27.8,1,1,13086,1,13465,11019,12960,8526,6239,6951,7874,4618,6604,1,14058,16435,19500,17820,16469,12854,8263,8846,2729,8918,7851,1686,17550,2246,150,15569,1,23:18
2024-25,1628381,John Collins,John,1610612762,UTA,Utah Jazz,0022400687,2025-02-01T00:00:00,UTA vs. ORL,W,32.93333333333333,8.7,9.8,0.889,2.2,2.2,1.0,1.1,1.1,1.0,0.0,6.6,6.6,0.0,3.3,0.0,2.2,0.0,4.4,4.4,20.8,10.9,31.9,0,0,33.9,1,1,13086,1,5210,5190,17338,1318,9286,19193,1,12922,14049,1,14058,7185,11038,19908,5562,12854,2977,8846,6094,5413,7250,7264,13386,2246,150,10933,1,32:56
2024-25,1630577,Julian Champagnie,Julian,1610612759,SAS,San Antonio Spurs,0022400693,2025-02-01T00:00:00,SAS vs. MIA,L,17.416666666666668,4.1,10.3,0.4,4.1,10.3,0.4,0.0,0.0,0.0,0.0,4.1,4.1,4.1,0.0,2.1,2.1,0.0,2.1,0.0,12.4,33.1,36.0,0,0,33.1,1,13222,1,13222,17986,16762,16498,14933,3709,3119,7874,13505,14344,13505,14058,13320,16992,9566,16469,5926,3299,8846,14769,17725,15710,1618,10387,2246,150,11603,1,17:25
2024-25,203078,Bradley Beal,Bradley,1610612756,PHX,Phoenix Suns,0022400694,2025-02-01T00:00:00,PHX @ POR,L,24.433333333333334,5.9,11.8,0.5,1.5,2.9,0.5,5.9,5.9,1.0,0.0,0.0,0.0,4.4,2.9,0.0,0.0,0.0,4.4,4.4,19.2,-22.1,22.8,0,0,25.0,1,13222,1,13222,12541,11817,13960,8526,12146,17761,3944,2964,4610,1,14058,22137,23286,8833,6645,12854,8263,8846,5969,5301,8690,22093,19659,2246,150,17645,1,24:26
2024-25,1631099,Keegan Murray,Keegan,1610612758,SAC,Sacramento Kings,0022400691,2025-02-01T00:00:00,SAC @ OKC,L,28.32,6.4,12.7,0.5,5.1,6.4,0.8,0.0,0.0,0.0,1.3,5.1,6.4,1.3,0.0,0.0,1.3,0.0,0.0,0.0,17.8,-31.8,31.1,0,0,33.1,1,13222,1,13222,9281,10553,12367,8526,2176,9860,1389,13505,14344,13505,11354,10625,11494,18756,16469,12854,5792,8846,20257,17725,10029,24004,13952,2246,150,11619,1,28:19
2024-25,1631108,Max Christie,Max,1610612747,LAL,Los Angeles Lakers,0022400692,2025-02-01T00:00:00,LAL @ NYK,W,32.755,6.6,11.0,0.6,1.1,4.4,0.25,2.2,3.3,0.667,0.0,3.3,3.3,2.2,0.0,0.0,1.1,1.1,4.4,2.2,16.5,23.1,27.0,0,0,25.3,1,1,13086,1,5361,9947,15368,5394,13948,14690,11902,9955,9320,9425,14058,15805,18998,15633,16469,12854,6795,7051,6028,12170,11405,3248,16911,2246,150,17452,1,32:45
2024-25,1631133,Jabari Walker,Jabari,1610612757,POR,Portland Trail Blazers,0022400694,2025-02-01T00:00:00,POR vs. PHX,W,3.25,0.0,11.1,0.0,0.0,11.1,0.0,0.0,0.0,0.0,0.0,33.2,33.2,0.0,0.0,0.0,0.0,0.0,0.0,0.0,0.0,-66.5,39.9,0,0,33.2,1,1,13086,1,24867,22635,15229,22635,15070,2424,15070,13505,14344,13505,14058,25,59,19908,16469,12854,8263,8846,20257,17725,23200,25819,7837,2246,150,11458,1,3:15
2024-25,1628384,OG Anunoby,OG,1610612752,NYK,New York Knicks,0022400692,2025-02-01T00:00:00,NYK vs. LAL,L,16.85,10.7,15.0,0.714,6.4,8.5,0.75,0.0,0.0,0.0,2.1,0.0,2.1,2.1,2.1,0.0,4.3,0.0,0.0,0.0,27.8,2.1,44.2,0,0,47.0,1,13222,1,13222,18354,2531,8672,2752,1053,5502,1542,13505,14344,13505,7818,22137,21540,15864,9797,12854,776,8846,20257,17725,2874,11548,5561,2246,150,3475,1,16:51
2024-25,1629216,Gabe Vincent,Gabe,1610612747,LAL,Los Angeles Lakers,0022400692,2025-02-01T00:00:00,LAL @ NYK,W,20.466666666666665,5.3,10.6,0.5,5.3,10.6,0.5,0.0,0.0,0.0,0.0,1.8,1.8,1.8,0.0,0.0,1.8,0.0,5.3,0.0,15.8,1.8,25.9,0,0,28.1,1,1,13086,1,15662,13608,16127,8526,1972,2925,3944,13505,14344,13505,14058,20332,22217,17204,16469,12854,4146,8846,4064,17725,12094,11764,17709,2246,150,15331,1,20:28
2024-25,1630553,Keon Johnson,Keon,1610612751,BKN,Brooklyn Nets,0022400689,2025-02-01T00:00:00,BKN @ HOU,W,33.733333333333334,3.2,9.6,0.333,2.1,6.4,0.333,5.3,7.5,0.714,1.1,8.5,9.6,5.3,2.1,0.0,1.1,1.1,1.1,5.3,13.9,8.5,34.5,0,0,33.1,1,1,13086,1,4498,18994,17761,17395,9534,9741,9209,3610,2933,9244,12739,4003,5916,6752,9819,12854,7012,7345,19298,3579,14075,8388,11469,2246,150,11592,1,33:44
2024-25,1630533,Ziaire Williams,Ziaire,1610612751,BKN,Brooklyn Nets,0022400689,2025-02-01T00:00:00,BKN @ HOU,W,36.766666666666666,7.8,14.7,0.533,2.0,5.9,0.333,2.9,2.9,1.0,2.9,4.9,7.8,1.0,0.0,1.0,2.0,1.0,1.0,1.0,20.6,14.7,40.2,0,0,37.2,1,1,13086,1,2141,7001,9075,8140,10359,11013,9209,7989,10122,1,5489,11170,8565,19738,16469,12135,3610,8104,19821,17456,7437,5747,7605,2246,150,8579,1,36:46
2024-25,203468,CJ McCollum,CJ,1610612740,NOP,New Orleans Pelicans,0022400683,2025-01-31T00:00:00,NOP vs. BOS,L,33.9,8.5,20.2,0.421,1.1,7.4,0.143,0.0,1.1,0.0,0.0,2.1,2.1,1.1,2.1,1.1,0.0,1.1,2.1,2.1,18.1,-2.1,23.3,0,0,24.4,1,13222,1,13222,4348,5619,2854,14442,14183,7529,14649,13505,14107,13505,14058,19293,21565,19476,9882,11373,8263,7383,14502,12513,9791,14112,19402,2246,150,18059,1,33:54
2024-25,1631255,Karlo Matković,Karlo,1610612740,NOP,New Orleans Pelicans,0022400683,2025-01-31T00:00:00,NOP vs. BOS,L,18.315,5.9,11.8,0.5,2.0,2.0,1.0,0.0,0.0,0.0,2.0,5.9,7.9,2.0,2.0,2.0,2.0,2.0,2.0,0.0,13.8,0.0,36.0,0,0,33.4,1,13222,1,13222,17356,11812,13950,8526,10317,19616,1,13505,14344,13505,8543,8551,8527,16495,10685,6415,3579,3331,15324,17725,14211,12240,10384,2246,150,11302,1,18:19
2024-25,1641711,Gradey Dick,Gradey,1610612761,TOR,Toronto Raptors,0022400682,2025-01-31T00:00:00,TOR vs. CHI,L,28.9,5.0,14.9,0.333,2.5,8.7,0.286,3.7,5.0,0.75,1.2,1.2,2.5,1.2,0.0,1.2,0.0,0.0,1.2,2.5,16.2,-7.5,24.8,0,0,24.9,1,13222,1,13222,8761,14439,8683,17395,8168,5236,11433,6208,5953,8186,11504,21409,20825,18858,16469,9828,8263,8846,18296,11019,11730,16713,18427,2246,150,17745,1,28:54
2024-25,1627824,Guerschon Yabusele,Guerschon,1610612755,PHI,Philadelphia 76ers,0022400681,2025-01-31T00:00:00,PHI vs. DEN,L,35.983333333333334,12.0,17.0,0.706,4.0,7.0,0.571,0.0,0.0,0.0,4.0,3.0,7.0,2.0,1.0,3.0,0.0,0.0,2.0,0.0,28.0,1.0,47.4,0,0,47.0,1,13222,1,13222,2695,1514,5803,3027,3996,8460,3506,13505,14344,13505,3594,16714,10142,16372,15844,3138,8263,8846,15141,17725,2778,12155,4170,2246,150,3468,1,35:59
2024-25,1630172,Patrick Williams,Patrick,1610612741,CHI,Chicago Bulls,0022400682,2025-01-31T00:00:00,CHI @ TOR,W,28.716666666666665,5.0,13.8,0.364,2.5,6.3,0.4,1.3,2.5,0.5,1.3,10.0,11.3,1.3,0.0,1.3,1.3,1.3,3.8,1.3,13.8,18.8,36.7,0,0,33.8,1,1,13086,1,8903,14342,10511,16861,8125,10046,7874,12439,11190,10625,11467,2559,4159,18832,16469,9775,5883,5914,7877,16114,14174,4314,9871,2246,150,10963,1,28:43
2024-25,1629750,Javonte Green,Javonte,1610612740,NOP,New Orleans Pelicans,0022400683,2025-01-31T00:00:00,NOP vs. BOS,L,29.483333333333334,0.0,4.9,0.0,0.0,2.4,0.0,7.3,8.5,0.857,1.2,6.1,7.3,2.4,0.0,3.7,0.0,1.2,3.7,6.1,7.3,1.2,30.8,0,0,24.4,1,13222,1,13222,8238,22635,23545,22635,15070,18729,15070,1785,2158,7071,11656,8089,9517,14729,16469,2014,8263,6120,8219,2495,20466,11994,14223,2246,150,18062,1,29:29
2024-25,1627750,Jamal Murray,Jamal,1610612743,DEN,Denver Nuggets,0022400681,2025-01-31T00:00:00,DEN @ PHI,W,39.86666666666667,10.8,19.9,0.545,0.0,3.6,0.0,6.3,6.3,1.0,2.7,2.7,5.4,9.9,0.9,0.9,0.9,1.8,2.7,5.4,28.0,11.7,53.9,1,0,47.0,1,1,13086,1,593,2386,3052,7695,15070,16412,15070,2569,4104,1,6077,17670,13762,1477,16344,12655,8079,3883,12008,3453,2789,6914,2226,1,150,3488,1,39:52
2024-25,1641824,Matas Buzelis,Matas,1610612741,CHI,Chicago Bulls,0022400682,2025-01-31T00:00:00,CHI @ TOR,W,26.073333333333334,5.5,11.0,0.5,2.8,5.5,0.5,2.8,2.8,1.0,0.0,9.7,9.7,0.0,1.4,0.0,4.1,1.4,1.4,2.8,16.6,24.9,39.2,0,0,37.3,1,1,13086,1,11109,12931,15292,8526,7351,11907,3944,8433,10584,1,14058,2855,5849,19908,13401,12854,841,5262,17701,10100,11317,2850,8259,2246,150,8523,1,26:04
2024-25,1630649,Stanley Umude,Stanley,1610612749,MIL,Milwaukee Bucks,0022400684,2025-01-31T00:00:00,MIL @ SAS,L,3.7666666666666666,9.6,19.1,0.5,0.0,9.6,0.0,0.0,0.0,0.0,9.6,0.0,9.6,0.0,0.0,0.0,0.0,0.0,0.0,0.0,19.1,-66.9,30.6,0,0,28.7,1,13222,1,13222,24582,3796,3648,8526,15070,4024,15070,13505,14344,13505,459,22137,5973,19908,16469,12854,8263,8846,20257,17725,8726,25832,14361,2246,150,14948,1,3:46
2024-25,1629640,Keldon Johnson,Keldon,1610612759,SAS,San Antonio Spurs,0022400684,2025-01-31T00:00:00,SAS vs. MIL,W,25.333333333333332,14.2,21.3,0.667,5.7,7.1,0.8,0.0,0.0,0.0,0.0,5.7,5.7,2.8,0.0,0.0,0.0,1.4,2.8,2.8,34.1,15.6,45.2,0,0,48.3,1,1,13086,1,11714,646,2148,3281,1571,8243,1389,13505,14344,13505,14058,9077,13062,13464,16469,12854,8263,5096,11449,9805,1117,5376,5087,2246,150,3038,1,25:20
2024-25,1629628,RJ Barrett,RJ,1610612761,TOR,Toronto Raptors,0022400682,2025-01-31T00:00:00,TOR vs. CHI,L,31.483333333333334,9.1,19.4,0.471,1.1,4.6,0.25,2.3,6.9,0.333,0.0,10.3,10.3,3.4,2.3,0.0,0.0,3.4,4.6,4.6,21.7,-12.6,36.9,0,0,36.6,1,13222,1,13222,6421,4445,3391,12143,13688,14259,11902,9671,3509,13132,14058,2357,5127,11603,9137,12854,8263,971,5611,5000,6449,18977,9744,2246,150,8988,1,31:29
2024-25,201569,Eric Gordon,Eric,1610612755,PHI,Philadelphia 76ers,0022400681,2025-01-31T00:00:00,PHI vs. DEN,L,28.796666666666667,5.0,5.0,1.0,3.8,3.8,1.0,0.0,0.0,0.0,0.0,0.0,0.0,2.5,1.3,2.5,0.0,0.0,1.3,0.0,13.8,-2.5,23.8,0,0,25.0,1,13222,1,13222,8847,14382,23462,1,4577,16097,1,13505,14344,13505,14058,22137,23286,14545,14098,4385,8263,8846,18275,17725,14224,14313,19126,2246,150,17674,1,28:48
2024-25,203471,Dennis Schröder,Dennis,1610612744,GSW,Golden State Warriors,0022400685,2025-01-31T00:00:00,GSW vs. PHX,L,20.883333333333333,3.4,13.8,0.25,1.7,8.6,0.2,0.0,3.4,0.0,1.7,8.6,10.3,8.6,1.7,6.9,1.7,0.0,6.9,3.4,8.6,-22.4,58.1,0,0,46.5,1,13222,1,13222,15366,18434,10508,20233,11330,5388,13429,13505,8993,13505,9491,3917,5067,2329,11824,318,4239,8846,2062,7814,19413,22196,1463,2246,150,3649,1,20:53
2024-25,1627741,Buddy Hield,Buddy,1610612744,GSW,Golden State Warriors,0022400685,2025-01-31T00:00:00,GSW vs. PHX,L,19.116666666666667,9.4,13.2,0.714,5.6,9.4,0.6,0.0,0.0,0.0,0.0,5.6,5.6,3.8,5.6,1.9,1.9,0.0,3.8,0.0,24.5,-16.9,42.6,0,0,47.1,1,13222,1,13222,16737,4000,11513,2752,1612,4231,2992,13505,14344,13505,14058,9171,13157,10603,1678,6845,3818,8846,7854,17725,4500,20599,6338,2246,150,3445,1,19:07
2024-25,1630245,Ayo Dosunmu,Ayo,1610612741,CHI,Chicago Bulls,0022400682,2025-01-31T00:00:00,CHI @ TOR,W,35.166666666666664,2.0,9.2,0.222,2.0,6.1,0.333,0.0,0.0,0.0,0.0,4.1,4.1,8.2,1.0,1.0,1.0,2.0,1.0,0.0,6.1,10.2,28.5,0,0,24.6,1,1,13086,1,3337,21318,18383,21205,9924,10335,9209,13505,14344,13505,14058,13430,17078,2705,15684,11728,7320,3066,19552,17725,21291,7585,15903,2246,150,17966,1,35:10
2024-25,1642348,Justin Edwards,Justin,1610612755,PHI,Philadelphia 76ers,0022400681,2025-01-31T00:00:00,PHI vs. DEN,L,32.266666666666666,3.3,8.9,0.375,3.3,6.7,0.5,0.0,0.0,0.0,0.0,5.6,5.6,4.5,0.0,1.1,1.1,0.0,3.3,0.0,10.0,-3.3,30.1,0,0,27.9,1,13222,1,13222,5765,18645,18828,16299,5518,9111,3944,13505,14344,13505,14058,9343,13334,8734,16469,10891,6691,8846,9258,17725,18120,14738,14718,2246,150,15502,1,32:16
2024-25,1631288,Jamal Cain,Jamal,1610612740,NOP,New Orleans Pelicans,0022400683,2025-01-31T00:00:00,NOP vs. BOS,L,5.1,7.1,7.1,1.0,7.1,7.1,1.0,0.0,0.0,0.0,0.0,0.0,0.0,0.0,7.1,0.0,0.0,0.0,21.2,0.0,21.2,7.1,14.1,0,0,28.2,1,13222,1,13222,23941,8787,21490,1,736,8335,1,13505,14344,13505,14058,22137,23286,19908,866,12854,8263,8846,107,17725,6937,9108,23465,2246,150,15260,1,5:06
2024-25,1629645,Kevin Porter Jr.,Kevin,1610612746,LAC,LA Clippers,0022400679,2025-01-31T00:00:00,LAC @ CHA,W,19.033333333333335,5.7,17.0,0.333,1.9,7.6,0.25,0.0,0.0,0.0,1.9,5.7,7.6,5.7,1.9,0.0,0.0,1.9,3.8,0.0,13.2,-3.8,28.9,0,0,28.4,1,1,13086,1,16794,12496,5782,17395,10672,7243,11902,13505,14344,13505,8854,9109,9038,6089,11095,12854,8263,3586,7797,17725,14824,14938,15536,2246,150,15165,1,19:02
2024-25,1630573,Sam Hauser,Sam,1610612738,BOS,Boston Celtics,0022400683,2025-01-31T00:00:00,BOS @ NOP,W,14.45,7.5,14.9,0.5,7.5,14.9,0.5,0.0,0.0,0.0,0.0,10.0,10.0,2.5,7.5,2.5,0.0,0.0,0.0,0.0,22.4,0.0,38.1,0,0,47.3,1,1,13086,1,19913,7821,8683,8526,601,703,3944,13505,14344,13505,14058,2609,5466,14568,718,4405,8263,8846,20257,17725,5903,12240,8949,2246,150,3361,1,14:27
2024-25,1631207,Dalen Terry,Dalen,1610612741,CHI,Chicago Bulls,0022400682,2025-01-31T00:00:00,CHI @ TOR,W,13.266666666666667,10.9,13.6,0.8,2.7,5.4,0.5,2.7,5.4,0.5,2.7,0.0,2.7,10.9,0.0,0.0,2.7,0.0,2.7,2.7,27.1,13.6,54.8,0,0,48.8,1,1,13086,1,20616,2379,10886,1688,7499,12148,3944,8542,5279,10625,6062,22137,20416,1050,16469,12854,2064,8846,11983,10280,3145,6180,2030,2246,150,2875,1,13:16
2024-25,1628436,Luke Kornet,Luke,1610612738,BOS,Boston Celtics,0022400683,2025-01-31T00:00:00,BOS @ NOP,W,15.88,9.1,9.1,1.0,0.0,0.0,0.0,6.8,6.8,1.0,2.3,2.3,4.5,6.8,0.0,2.3,2.3,0.0,4.5,6.8,24.9,4.5,54.2,0,0,45.3,1,1,13086,1,19015,4578,18618,1,15070,20945,15070,2158,3565,1,7359,18866,15961,4287,16469,5156,2807,8846,5700,1823,4245,10371,2160,2246,150,4093,1,15:53
2024-25,1641748,Andre Jackson Jr.,Andre,1610612749,MIL,Milwaukee Bucks,0022400684,2025-01-31T00:00:00,MIL @ SAS,L,14.95,7.2,16.9,0.429,2.4,4.8,0.5,0.0,2.4,0.0,2.4,7.2,9.6,0.0,2.4,2.4,2.4,0.0,2.4,2.4,16.9,-53.0,40.5,0,0,38.5,1,13222,1,13222,19602,8395,5976,13735,8461,13653,3944,13505,11467,13505,6891,5954,5887,19908,8619,4671,2537,8846,13159,11318,11005,25512,7490,2246,150,7688,1,14:57
2024-25,201142,Kevin Durant,Kevin,1610612756,PHX,Phoenix Suns,0022400685,2025-01-31T00:00:00,PHX @ GSW,W,29.35,7.4,15.9,0.462,6.1,11.0,0.556,2.5,4.9,0.5,0.0,7.4,7.4,3.7,1.2,1.2,1.2,1.2,2.5,7.4,23.3,19.6,43.8,0,0,45.4,1,1,13086,1,8346,8103,7188,12428,1208,2450,3747,9190,6101,10625,14058,5741,9456,10846,14253,9966,6012,6081,12971,1412,5287,4063,5774,2246,150,4080,1,29:21
2024-25,1626192,Pat Connaughton,Pat,1610612749,MIL,Milwaukee Bucks,0022400684,2025-01-31T00:00:00,MIL @ SAS,L,13.483333333333333,8.0,8.0,1.0,5.3,5.3,1.0,0.0,0.0,0.0,2.7,2.7,5.3,2.7,2.7,0.0,5.3,0.0,0.0,0.0,21.4,5.3,45.1,0,0,45.4,1,13222,1,13222,20496,6615,20246,1,1909,12353,1,13505,14344,13505,6175,17768,13938,13988,7618,12854,431,8846,20257,17725,6766,9922,5119,2246,150,4079,1,13:29
2024-25,1629632,Coby White,Coby,1610612741,CHI,Chicago Bulls,0022400682,2025-01-31T00:00:00,CHI @ TOR,W,33.31,9.7,17.3,0.563,5.4,8.6,0.625,2.2,2.2,1.0,0.0,4.3,4.3,6.5,3.2,1.1,0.0,2.2,2.2,1.1,27.0,11.9,41.9,0,0,45.4,1,1,13086,1,4894,3574,5462,7127,1847,5351,2868,10076,12211,1,14058,12738,16479,4741,5695,11190,8263,2735,14293,17000,3199,6840,6653,2246,150,4078,1,33:19
2024-25,202696,Nikola Vučević,Nikola,1610612741,CHI,Chicago Bulls,0022400682,2025-01-31T00:00:00,CHI @ TOR,W,31.0,8.1,13.9,0.583,1.2,2.3,0.5,7.0,8.1,0.857,4.6,9.3,13.9,3.5,2.3,1.2,0.0,1.2,1.2,7.0,24.4,10.5,47.5,1,0,45.3,1,1,13086,1,6873,6352,10266,6296,13588,18949,3944,2025,2428,7071,2755,3213,2266,11433,8976,10497,8263,6543,18753,1677,4557,7489,4142,1,150,4109,1,31:00
2024-25,1630182,Josh Green,Josh,1610612766,CHA,Charlotte Hornets,0022400679,2025-01-31T00:00:00,CHA vs. LAC,L,37.3,3.9,3.9,1.0,1.9,1.9,1.0,0.0,0.0,0.0,0.0,3.9,3.9,1.0,0.0,0.0,0.0,0.0,0.0,1.0,9.7,-11.6,15.7,0,0,16.4,1,13222,1,13222,1795,17423,24155,1,10503,19682,1,13505,14344,13505,14058,14149,17680,19780,16469,12854,8263,8846,20257,17503,18490,18561,22945,2246,150,22548,1,37:18
2024-25,1642266,Ja'Kobe Walter,Ja'Kobe,1610612761,TOR,Toronto Raptors,0022400682,2025-01-31T00:00:00,TOR vs. CHI,L,18.35,5.9,13.7,0.429,2.0,5.9,0.333,13.7,15.7,0.875,2.0,5.9,7.8,3.9,0.0,2.0,0.0,3.9,0.0,7.8,27.5,-15.7,48.7,0,0,45.1,1,13222,1,13222,17317,11843,10596,13735,10339,10983,9209,221,298,6931,8566,8580,8551,10153,16469,6440,8263,674,20257,1098,2993,20151,3760,2246,150,4204,1,18:21
2024-25,201950,Jrue Holiday,Jrue,1610612738,BOS,Boston Celtics,0022400683,2025-01-31T00:00:00,BOS @ NOP,W,29.55,2.4,6.1,0.4,0.0,1.2,0.0,0.0,0.0,0.0,0.0,3.7,3.7,6.1,1.2,1.2,0.0,0.0,2.4,1.2,4.9,1.2,20.8,0,0,17.1,1,1,13086,1,8180,20581,22519,14933,15070,20602,15070,13505,14344,13505,14058,14777,18191,5334,14303,10028,8263,8846,13047,16306,22081,11995,20772,2246,150,22279,1,29:33
2024-25,1630541,Moses Moody,Moses,1610612744,GSW,Golden State Warriors,0022400685,2025-01-31T00:00:00,GSW vs. PHX,L,23.766666666666666,7.6,15.1,0.5,6.1,10.6,0.571,4.5,7.6,0.6,1.5,7.6,9.1,1.5,0.0,1.5,0.0,0.0,1.5,6.1,25.8,-9.1,43.5,0,0,45.4,1,13222,1,13222,13100,7582,8341,8526,1265,2873,3506,4765,2837,10343,10255,5367,6601,17921,16469,8342,8263,8846,17162,2547,3806,17471,5896,2246,150,4045,1,23:46
2024-25,1629626,Bol Bol,Bol,1610612756,PHX,Phoenix Suns,0022400685,2025-01-31T00:00:00,PHX @ GSW,W,4.8,7.5,7.5,1.0,0.0,0.0,0.0,15.0,15.0,1.0,0.0,7.5,7.5,7.5,7.5,0.0,0.0,0.0,0.0,7.5,30.0,-15.0,42.8,0,0,45.0,1,1,13086,1,24089,7762,20924,1,15070,20945,15070,171,350,1,14058,5495,9165,3400,712,12854,8263,8846,20257,1327,2081,19899,6247,2246,150,4259,1,4:48
2024-25,1630577,Julian Champagnie,Julian,1610612759,SAS,San Antonio Spurs,0022400684,2025-01-31T00:00:00,SAS vs. MIL,W,17.516666666666666,4.1,10.3,0.4,4.1,10.3,0.4,0.0,0.0,0.0,6.2,4.1,10.3,2.1,0.0,2.1,0.0,0.0,2.1,0.0,12.3,16.4,33.9,0,0,32.9,1,1,13086,1,17908,16821,16602,14933,3765,3183,7874,13505,14344,13505,1534,13387,5145,16173,16469,5987,8263,8846,14843,17725,15783,5095,11882,2246,150,11742,1,17:31
2024-25,1628369,Jayson Tatum,Jayson,1610612738,BOS,Boston Celtics,0022400683,2025-01-31T00:00:00,BOS @ NOP,W,38.5,9.4,19.6,0.476,3.7,9.4,0.4,2.8,4.7,0.6,0.9,4.7,5.6,9.4,4.7,0.9,0.0,0.0,1.9,4.7,25.2,3.7,44.1,1,0,45.8,1,1,13086,1,1107,4119,3233,12010,4596,4303,7874,8342,6526,10343,13743,11780,13258,1785,2749,12477,8263,8846,15829,4768,4091,10782,5607,1,150,3892,1,38:30
2024-25,1642345,Oso Ighodaro,Oso,1610612756,PHX,Phoenix Suns,0022400685,2025-01-31T00:00:00,PHX @ GSW,W,4.8,7.5,7.5,1.0,0.0,0.0,0.0,0.0,0.0,0.0,0.0,7.5,7.5,7.5,7.5,7.5,0.0,0.0,0.0,0.0,15.0,-15.0,50.3,0,0,45.0,1,1,13086,1,24089,7762,20924,1,15070,20945,15070,13505,14344,13505,14058,5495,9165,3400,712,245,8263,8846,20257,17725,12895,19899,3194,2246,150,4259,1,4:48
2024-25,1631323,Simone Fontecchio,Simone,1610612765,DET,Detroit Pistons,0022400680,2025-01-31T00:00:00,DET vs. DAL,W,15.493333333333334,2.3,13.9,0.167,0.0,7.0,0.0,4.6,4.6,1.0,2.3,2.3,4.6,2.3,0.0,4.6,0.0,0.0,0.0,2.3,9.3,4.6,32.3,0,0,25.6,1,1,13086,1,19257,20807,10260,21938,15070,8519,15070,4600,6585,1,7170,18695,15709,15145,16469,1122,8263,8846,20257,11655,18814,10314,13089,2246,150,17236,1,15:30
2024-25,1629610,DaQuan Jeffries,DaQuan,1610612766,CHA,Charlotte Hornets,0022400679,2025-01-31T00:00:00,CHA vs. LAC,L,10.333333333333334,0.0,3.5,0.0,0.0,3.5,0.0,0.0,0.0,0.0,0.0,0.0,0.0,3.5,0.0,7.0,0.0,0.0,13.9,3.5,0.0,-31.4,26.1,0,0,17.4,1,13222,1,13222,21992,22635,24315,22635,15070,16687,15070,13505,14344,13505,14058,22137,23286,11433,16469,299,8263,8846,287,7705,23200,23941,17537,2246,150,22121,1,10:20
2024-25,1631105,Jalen Duren,Jalen,1610612765,DET,Detroit Pistons,0022400680,2025-01-31T00:00:00,DET vs. DAL,W,30.266666666666666,7.1,9.5,0.75,0.0,0.0,0.0,4.8,5.9,0.8,7.1,8.3,15.5,5.9,1.2,2.4,0.0,2.4,4.8,5.9,19.0,16.7,52.5,1,0,45.2,1,1,13086,1,7529,8611,17913,2107,15070,20945,15070,4420,4550,7681,1090,4247,1585,5590,14518,4764,8263,2267,5157,2692,8822,5018,2600,1,150,4157,1,30:16
2024-25,1629023,P.J. Washington,P.J.,1610612742,DAL,Dallas Mavericks,0022400680,2025-01-31T00:00:00,DAL @ DET,L,35.666666666666664,8.1,17.2,0.471,4.0,6.1,0.667,2.0,2.0,1.0,5.0,8.1,13.1,1.0,1.0,1.0,2.0,2.0,3.0,2.0,22.2,-13.1,47.5,1,0,46.4,1,13222,1,13222,2928,6474,5620,12143,3920,10554,1957,10576,12665,1,2330,4601,2727,19651,15783,11869,3424,3165,10589,12989,6072,19170,4128,1,150,3684,1,35:40
2024-25,1641737,Adem Bona,Adem,1610612755,PHI,Philadelphia 76ers,0022400681,2025-01-31T00:00:00,PHI vs. DEN,L,11.57,3.1,6.2,0.5,0.0,0.0,0.0,0.0,0.0,0.0,3.1,0.0,3.1,0.0,0.0,0.0,3.1,0.0,3.1,6.2,6.2,-15.6,19.3,0,0,15.6,1,13222,1,13222,21462,19172,22397,8526,15070,20945,15070,13505,14344,13505,5113,22137,19451,19908,16469,12854,1558,8846,10233,2363,21238,20110,21505,2246,150,22863,1,11:34
2024-25,1631221,Collin Gillespie,Collin,1610612756,PHX,Phoenix Suns,0022400685,2025-01-31T00:00:00,PHX @ GSW,W,4.066666666666666,8.9,8.9,1.0,0.0,0.0,0.0,0.0,0.0,0.0,0.0,8.9,8.9,0.0,0.0,0.0,0.0,0.0,0.0,0.0,17.7,-8.9,28.3,0,0,26.6,1,1,13086,1,24450,4963,18928,1,15070,20945,15070,13505,14344,13505,14058,3660,6944,19908,16469,12854,8263,8846,20257,17725,10124,17356,15971,2246,150,16497,1,4:04
2024-25,1628401,Derrick White,Derrick,1610612738,BOS,Boston Celtics,0022400683,2025-01-31T00:00:00,BOS @ NOP,W,33.781666666666666,5.3,9.6,0.556,3.2,6.4,0.5,3.2,4.3,0.75,0.0,4.3,4.3,3.2,1.1,2.1,0.0,0.0,2.1,2.1,17.1,2.1,32.3,0,0,32.0,1,1,13086,1,4457,13473,17792,7248,5964,9771,3944,7341,7286,8186,14058,12928,16638,12332,15382,5653,8263,8846,14458,12478,10798,11552,13095,2246,150,12414,1,33:47
2024-25,1642354,KJ Simpson,KJ,1610612766,CHA,Charlotte Hornets,0022400679,2025-01-31T00:00:00,CHA vs. LAC,L,24.85,5.8,15.9,0.364,1.4,4.3,0.333,0.0,0.0,0.0,1.4,0.0,1.4,7.2,0.0,1.4,0.0,1.4,2.9,1.4,13.0,2.9,30.0,0,0,26.1,1,13222,1,13222,12131,12125,7214,16861,12258,14801,9209,13505,14344,13505,10543,22137,22640,3696,16469,8644,8263,4990,11206,15248,15049,11176,14804,2246,150,16881,1,24:51
2024-25,1641752,Bobi Klintman,Bobi,1610612765,DET,Detroit Pistons,0022400680,2025-01-31T00:00:00,DET vs. DAL,W,1.5166666666666666,0.0,47.5,0.0,0.0,23.7,0.0,0.0,0.0,0.0,0.0,0.0,0.0,0.0,0.0,0.0,0.0,0.0,0.0,0.0,0.0,-47.5,0.0,0,0,0.0,1,1,13086,1,25778,22635,38,22635,15070,129,15070,13505,14344,13505,14058,22137,23286,19908,16469,12854,8263,8846,20257,17725,23200,25289,25228,2246,150,25259,1,1:31
2024-25,1631111,Wendell Moore Jr.,Wendell,1610612765,DET,Detroit Pistons,0022400680,2025-01-31T00:00:00,DET vs. DAL,W,1.5166666666666666,0.0,0.0,0.0,0.0,0.0,0.0,0.0,0.0,0.0,0.0,0.0,0.0,0.0,0.0,0.0,0.0,0.0,0.0,0.0,0.0,-47.5,0.0,0,0,0.0,1,1,13086,1,25778,22635,24836,22635,15070,20945,15070,13505,14344,13505,14058,22137,23286,19908,16469,12854,8263,8846,20257,17725,23200,25289,25228,2246,150,25259,1,1:31
2024-25,1630531,Jaden Springer,Jaden,1610612738,BOS,Boston Celtics,0022400683,2025-01-31T00:00:00,BOS @ NOP,W,0.04,0.0,0.0,0.0,0.0,0.0,0.0,0.0,0.0,0.0,0.0,0.0,0.0,0.0,0.0,0.0,0.0,0.0,0.0,0.0,0.0,0.0,0.0,0,0,0.0,1,1,13086,1,26291,22635,24836,22635,15070,20945,15070,13505,14344,13505,14058,22137,23286,19908,16469,12854,8263,8846,20257,17725,23200,12240,25228,2246,150,25259,1,0:02
2024-25,1631321,Sidy Cissoko,Sidy,1610612759,SAS,San Antonio Spurs,0022400684,2025-01-31T00:00:00,SAS vs. MIL,W,3.7666666666666666,0.0,0.0,0.0,0.0,0.0,0.0,0.0,0.0,0.0,0.0,0.0,0.0,0.0,0.0,0.0,0.0,0.0,0.0,0.0,0.0,66.9,0.0,0,0,0.0,1,1,13086,1,24582,22635,24836,22635,15070,20945,15070,13505,14344,13505,14058,22137,23286,19908,16469,12854,8263,8846,20257,17725,23200,264,25228,2246,150,25259,1,3:46
2024-25,1630527,Brandon Boston,Brandon,1610612740,NOP,New Orleans Pelicans,0022400683,2025-01-31T00:00:00,NOP vs. BOS,L,29.786666666666665,6.0,13.3,0.455,0.0,3.6,0.0,0.0,0.0,0.0,0.0,6.0,6.0,2.4,2.4,0.0,0.0,1.2,3.6,1.2,12.1,-8.5,20.5,0,0,20.5,1,13222,1,13222,7976,11393,11311,12676,15070,16381,15070,13505,14344,13505,14058,8243,12183,14823,8583,12854,8263,6198,8341,16363,16054,17165,20918,2246,150,20551,1,29:47
2024-25,202681,Kyrie Irving,Kyrie,1610612742,DAL,Dallas Mavericks,0022400680,2025-01-31T00:00:00,DAL @ DET,L,37.38333333333333,8.7,22.1,0.391,2.9,9.6,0.3,6.7,6.7,1.0,1.0,4.8,5.8,2.9,2.9,1.0,0.0,1.0,0.0,4.8,27.0,-13.5,38.2,0,0,40.4,1,13222,1,13222,1750,5314,1756,15984,6899,3939,11319,2207,3616,1,13551,11389,12817,13315,6885,12254,8263,8238,20257,4470,3222,19297,8871,2246,150,6523,1,37:23
2024-25,1626181,Norman Powell,Norman,1610612746,LAC,LA Clippers,0022400679,2025-01-31T00:00:00,LAC @ CHA,W,35.65833333333333,11.1,15.1,0.733,2.0,4.0,0.5,3.0,7.1,0.429,1.0,2.0,3.0,4.0,1.0,2.0,0.0,0.0,3.0,4.0,27.3,16.2,42.0,0,0,40.4,1,1,13086,1,2941,2183,8355,2644,10074,15504,3944,7730,3303,13040,13183,19598,19641,9837,15782,6162,8263,8846,10587,6212,3083,5200,6621,2246,150,6559,1,35:40
2024-25,1629656,Quentin Grimes,Quentin,1610612742,DAL,Dallas Mavericks,0022400680,2025-01-31T00:00:00,DAL @ DET,L,10.2,0.0,3.5,0.0,0.0,0.0,0.0,0.0,0.0,0.0,0.0,0.0,0.0,0.0,7.1,0.0,0.0,0.0,7.1,0.0,0.0,-17.6,-7.1,0,0,0.0,1,13222,1,13222,22028,22635,24298,22635,15070,20945,15070,13505,14344,13505,14058,22137,23286,19908,866,12854,8263,8846,1935,17725,23200,20820,26196,2246,150,25259,1,10:12
2024-25,1641842,Ronald Holland II,Ronald,1610612765,DET,Detroit Pistons,0022400680,2025-01-31T00:00:00,DET vs. DAL,W,13.6,5.3,21.2,0.25,0.0,2.6,0.0,0.0,0.0,0.0,2.6,5.3,7.9,0.0,2.6,7.9,0.0,2.6,5.3,2.6,10.6,7.9,41.3,0,0,34.4,1,1,13086,1,20422,13546,2220,20233,15070,18354,15070,13505,14344,13505,6228,10040,8379,19908,7707,218,8263,1810,4028,10481,17568,8663,6992,2246,150,10517,1,13:36
2024-25,1631157,Ryan Rollins,Ryan,1610612749,MIL,Milwaukee Bucks,0022400684,2025-01-31T00:00:00,MIL @ SAS,L,10.516666666666667,0.0,17.1,0.0,0.0,13.7,0.0,0.0,0.0,0.0,3.4,0.0,3.4,6.8,6.8,0.0,0.0,3.4,6.8,0.0,0.0,-34.2,7.5,0,0,10.3,1,13222,1,13222,21908,22635,5679,22635,15070,1024,15070,13505,14344,13505,4496,22137,18723,4217,962,12854,8263,978,2107,17725,23200,24332,24752,2246,150,24374,1,10:31
2024-25,203937,Kyle Anderson,Kyle,1610612744,GSW,Golden State Warriors,0022400685,2025-01-31T00:00:00,GSW vs. PHX,L,12.216666666666667,5.9,8.8,0.667,0.0,2.9,0.0,0.0,0.0,0.0,2.9,2.9,5.9,2.9,2.9,0.0,0.0,0.0,0.0,0.0,11.8,-20.6,20.3,0,0,20.6,1,13222,1,13222,21145,11817,18954,3281,15070,17761,15070,13505,14344,13505,5458,16898,12537,13099,6645,12854,8263,8846,20257,17725,16357,21732,21008,2246,150,20501,1,12:13
2024-25,1630567,Scottie Barnes,Scottie,1610612761,TOR,Toronto Raptors,0022400682,2025-01-31T00:00:00,TOR vs. CHI,L,33.233333333333334,8.7,21.7,0.4,0.0,2.2,0.0,4.3,5.4,0.8,1.1,9.7,10.8,5.4,1.1,0.0,1.1,0.0,1.1,5.4,21.7,0.0,45.0,1,0,40.1,1,13222,1,13222,4963,5316,1955,14933,15070,19227,15070,5095,5294,7681,12604,2772,4565,6597,15248,12854,6899,8846,19193,3455,6490,12240,5203,1,150,6738,1,33:14
2024-25,203084,Harrison Barnes,Harrison,1610612759,SAS,San Antonio Spurs,0022400684,2025-01-31T00:00:00,SAS vs. MIL,W,25.25,8.6,17.1,0.5,2.9,7.1,0.4,2.9,2.9,1.0,2.9,5.7,8.6,2.9,0.0,0.0,1.4,2.9,2.9,1.4,22.8,20.0,41.6,0,0,39.9,1,1,13086,1,11782,5517,5688,8526,7042,8191,7874,8211,10356,1,5727,9035,7389,13440,16469,12854,5128,1530,11410,15341,5626,3963,6812,2246,150,6822,1,25:15
2024-25,1627749,Dejounte Murray,Dejounte,1610612740,NOP,New Orleans Pelicans,0022400683,2025-01-31T00:00:00,NOP vs. BOS,L,8.15,8.8,26.5,0.333,0.0,0.0,0.0,0.0,0.0,0.0,8.8,13.3,22.1,0.0,13.3,0.0,0.0,0.0,4.4,0.0,17.7,-4.4,30.9,0,0,39.8,1,13222,1,13222,22761,4999,557,17395,15070,20945,15070,13505,14344,13505,588,938,333,19908,152,12854,8263,8846,5977,17725,10146,15281,14111,2246,150,6915,1,8:09
2024-25,1630194,Paul Reed,Paul,1610612765,DET,Detroit Pistons,0022400680,2025-01-31T00:00:00,DET vs. DAL,W,17.733333333333334,6.1,14.2,0.429,0.0,2.0,0.0,0.0,0.0,0.0,8.1,6.1,14.2,4.1,0.0,2.0,0.0,4.1,6.1,2.0,12.2,2.0,41.4,0,0,34.5,1,1,13086,1,17752,11252,9818,13735,15070,19497,15070,13505,14344,13505,741,8122,2145,9775,16469,6107,8263,634,2829,12928,15939,11607,6924,2246,150,10437,1,17:44
2024-25,1641765,Olivier-Maxence Prosper,Olivier-Maxence,1610612742,DAL,Dallas Mavericks,0022400680,2025-01-31T00:00:00,DAL @ DET,L,13.75,2.6,7.9,0.333,0.0,0.0,0.0,5.2,5.2,1.0,2.6,5.2,7.9,5.2,2.6,0.0,5.2,0.0,0.0,2.6,10.5,-7.9,40.8,0,0,34.0,1,13222,1,13222,20333,20248,20469,17395,15070,20945,15070,3725,5547,1,6301,10196,8538,6968,7806,12854,459,8846,20257,10585,17686,16903,7259,2246,150,10821,1,13:45
2024-25,1631217,Moussa Diabaté,Moussa,1610612766,CHA,Charlotte Hornets,0022400679,2025-01-31T00:00:00,CHA vs. LAC,L,31.933333333333334,5.6,12.4,0.455,0.0,0.0,0.0,1.1,2.3,0.5,7.9,7.9,15.8,0.0,1.1,3.4,0.0,1.1,2.3,3.4,12.4,1.1,40.4,1,0,34.9,1,13222,1,13222,6032,12593,12894,12676,15070,20945,15070,12829,11919,10625,820,4874,1492,19908,14957,2419,8263,6814,13851,8006,15713,12066,7536,1,150,10134,1,31:56
2024-25,1631218,Trayce Jackson-Davis,Trayce,1610612744,GSW,Golden State Warriors,0022400685,2025-01-31T00:00:00,GSW vs. PHX,L,8.65,0.0,8.3,0.0,0.0,0.0,0.0,8.3,8.3,1.0,4.2,0.0,4.2,0.0,0.0,0.0,0.0,4.2,0.0,4.2,8.3,-25.0,13.3,0,0,12.5,1,13222,1,13222,22579,22635,19757,22635,15070,20945,15070,1269,2309,1,3348,22137,16904,19908,16469,12854,8263,596,20257,5918,19640,22800,23688,2246,150,23872,1,8:39
2024-25,1642346,Ryan Dunn,Ryan,1610612756,PHX,Phoenix Suns,0022400685,2025-01-31T00:00:00,PHX @ GSW,W,12.55,5.7,14.3,0.4,0.0,2.9,0.0,0.0,0.0,0.0,0.0,2.9,2.9,5.7,0.0,0.0,0.0,2.9,8.6,0.0,11.5,14.3,23.5,0,0,20.1,1,1,13086,1,20962,12304,9629,14933,15070,17918,15070,13505,14344,13505,14058,17182,20067,5975,16469,12854,8263,1506,1094,17725,16705,5879,19246,2246,150,20814,1,12:33
2024-25,200768,Kyle Lowry,Kyle,1610612755,PHI,Philadelphia 76ers,0022400681,2025-01-31T00:00:00,PHI vs. DEN,L,19.65,1.8,5.5,0.333,1.8,5.5,0.333,0.0,0.0,0.0,0.0,1.8,1.8,7.3,0.0,1.8,0.0,0.0,1.8,1.8,5.5,0.0,24.2,0,0,20.2,1,13222,1,13222,16300,21702,23089,17395,10945,11950,9209,13505,14344,13505,14058,20156,22111,3592,16469,7105,8263,8846,16025,13797,21735,12240,18825,2246,150,20774,1,19:39
2024-25,203932,Aaron Gordon,Aaron,1610612743,DEN,Denver Nuggets,0022400681,2025-01-31T00:00:00,DEN @ PHI,W,31.716666666666665,4.5,6.8,0.667,1.1,1.1,1.0,2.3,2.3,1.0,1.1,2.3,3.4,3.4,2.3,0.0,0.0,0.0,2.3,2.3,12.5,15.9,19.4,0,0,20.4,1,1,13086,1,6220,15652,21778,3281,13741,20702,1,9727,11875,1,12226,18857,18775,11677,9216,12854,8263,8846,13778,11861,15604,5292,21450,2246,150,20620,1,31:43
2024-25,1641757,Jordan Miller,Jordan,1610612746,LAC,LA Clippers,0022400679,2025-01-31T00:00:00,LAC @ CHA,W,0.6416666666666667,0.0,0.0,0.0,0.0,0.0,0.0,0.0,0.0,0.0,0.0,0.0,0.0,0.0,0.0,0.0,0.0,0.0,0.0,0.0,0.0,-168.3,0.0,0,0,0.0,1,1,13086,1,26171,22635,24836,22635,15070,20945,15070,13505,14344,13505,14058,22137,23286,19908,16469,12854,8263,8846,20257,17725,23200,26268,25228,2246,150,25259,1,0:39
2024-25,1626162,Kelly Oubre Jr.,Kelly,1610612755,PHI,Philadelphia 76ers,0022400681,2025-01-31T00:00:00,PHI vs. DEN,L,40.88333333333333,7.9,14.1,0.563,1.8,3.5,0.5,6.2,6.2,1.0,2.6,3.5,6.2,4.4,2.6,0.9,0.9,1.8,3.5,4.4,23.8,-4.4,40.4,0,0,39.6,1,13222,1,13222,393,6802,10028,7127,11221,16610,3944,2714,4269,1,6242,15171,11910,8875,7726,12732,8140,4004,8693,5339,4953,15273,7509,2246,150,6995,1,40:53
2024-25,202699,Tobias Harris,Tobias,1610612765,DET,Detroit Pistons,0022400680,2025-01-31T00:00:00,DET vs. DAL,W,30.716666666666665,8.2,14.1,0.583,1.2,3.5,0.333,2.3,2.3,1.0,1.2,2.3,3.5,1.2,0.0,1.2,3.5,0.0,0.0,1.2,19.9,14.1,40.0,0,0,35.2,1,1,13086,1,7112,6201,10069,6296,13524,16623,9209,9471,11646,1,11982,18648,18516,19113,16469,10420,1219,8846,20257,16543,7977,5978,7784,2246,150,9980,1,30:43
2024-25,201935,James Harden,James,1610612746,LAC,LA Clippers,0022400679,2025-01-31T00:00:00,LAC @ CHA,W,37.375,3.9,11.6,0.333,1.0,5.8,0.167,4.8,4.8,1.0,0.0,4.8,4.8,9.6,5.8,1.0,0.0,1.9,2.9,1.9,13.5,12.5,30.8,1,0,30.8,1,1,13086,1,1755,17441,14375,17395,14736,11256,14236,4322,6265,1,14058,11384,15255,1622,1580,12253,8263,3462,11223,13420,14521,6589,14186,1,150,13315,1,37:23
2024-25,1629008,Michael Porter Jr.,Michael,1610612743,DEN,Denver Nuggets,0022400681,2025-01-31T00:00:00,DEN @ PHI,W,29.033333333333335,12.4,17.4,0.714,2.5,3.7,0.667,2.5,2.5,1.0,1.2,6.2,7.4,0.0,0.0,0.0,1.2,1.2,3.7,1.2,29.8,1.2,42.4,0,0,42.2,1,1,13086,1,8644,1299,5394,2752,8218,16170,1957,9106,11253,1,11535,7895,9286,19908,16469,12854,5945,5999,8003,16181,2177,11982,6423,2246,150,5568,1,29:02
2024-25,1630202,Payton Pritchard,Payton,1610612738,BOS,Boston Celtics,0022400683,2025-01-31T00:00:00,BOS @ NOP,W,17.281666666666666,2.1,8.3,0.25,2.1,6.2,0.333,0.0,0.0,0.0,0.0,2.1,2.1,0.0,2.1,6.2,2.1,2.1,2.1,0.0,6.2,0.0,31.7,0,0,27.1,1,1,13086,1,18094,21259,19747,20233,9754,10078,9209,13505,14344,13505,14058,19412,21647,19908,10082,417,3248,2965,14684,17725,21211,12240,13574,2246,150,16096,1,17:17
2024-25,201566,Russell Westbrook,Russell,1610612743,DEN,Denver Nuggets,0022400681,2025-01-31T00:00:00,DEN @ PHI,W,25.1,2.9,4.3,0.667,0.0,1.4,0.0,0.0,0.0,0.0,0.0,0.0,0.0,10.0,8.6,2.9,0.0,0.0,2.9,1.4,5.7,1.4,20.8,0,0,21.5,1,1,13086,1,11916,19735,23922,3281,15070,20341,15070,13505,14344,13505,14058,22137,23286,1411,481,3489,8263,8846,11317,15306,21572,11905,20790,2246,150,19950,1,25:06
2024-25,1626220,Royce O'Neale,Royce,1610612756,PHX,Phoenix Suns,0022400685,2025-01-31T00:00:00,PHX @ GSW,W,24.166666666666668,3.0,6.0,0.5,3.0,6.0,0.5,0.0,0.0,0.0,0.0,3.0,3.0,6.0,0.0,0.0,0.0,0.0,4.5,0.0,8.9,22.3,21.5,0,0,20.9,1,1,13086,1,12748,19476,22648,8526,6591,10790,3944,13505,14344,13505,14058,16806,19794,5574,16469,12854,8263,8846,5846,17725,19145,3392,20441,2246,150,20366,1,24:10
2024-25,1631115,Orlando Robinson,Orlando,1610612761,TOR,Toronto Raptors,0022400682,2025-01-31T00:00:00,TOR vs. CHI,L,14.116666666666667,2.6,7.7,0.333,0.0,0.0,0.0,2.6,5.1,0.5,5.1,2.6,7.7,5.1,0.0,5.1,0.0,2.6,5.1,2.6,7.7,-12.8,39.8,0,0,30.6,1,13222,1,13222,20137,20368,20713,17395,15070,20945,15070,8918,5754,10625,2287,18054,8879,7247,16469,835,8263,1951,4377,10795,20199,19038,7896,2246,150,13480,1,14:07
2024-25,203501,Tim Hardaway Jr.,Tim,1610612765,DET,Detroit Pistons,0022400680,2025-01-31T00:00:00,DET vs. DAL,W,28.133333333333333,3.8,12.8,0.3,2.6,6.4,0.4,1.3,2.6,0.5,1.3,5.1,6.4,1.3,1.3,0.0,0.0,1.3,3.8,1.3,11.5,12.8,19.8,0,0,21.8,1,1,13086,1,9432,17480,12216,19363,7946,9756,7874,12356,11069,10625,11299,10503,11405,18725,13911,12854,8263,5758,7630,15992,16654,6477,21246,2246,150,19811,1,28:08
2024-25,1631110,Jeremy Sochan,Jeremy,1610612759,SAS,San Antonio Spurs,0022400684,2025-01-31T00:00:00,SAS vs. MIL,W,21.933333333333334,1.6,6.6,0.25,0.0,0.0,0.0,0.0,0.0,0.0,4.9,6.6,11.5,3.3,0.0,0.0,1.6,3.3,6.6,0.0,3.3,16.4,26.9,0,0,21.3,1,1,13086,1,14543,21983,22048,20233,15070,20945,15070,13505,14344,13505,2443,7175,3955,12045,16469,12854,4449,1076,2354,17725,22857,5105,17016,2246,150,20081,1,21:56
2024-25,1631204,Marcus Sasser,Marcus,1610612765,DET,Detroit Pistons,0022400680,2025-01-31T00:00:00,DET vs. DAL,W,20.083333333333332,7.2,17.9,0.4,0.0,9.0,0.0,3.6,3.6,1.0,0.0,3.6,3.6,7.2,0.0,3.6,0.0,1.8,1.8,3.6,17.9,19.7,43.7,0,0,35.9,1,1,13086,1,15960,8532,4778,14933,15070,4884,15070,6519,8714,1,14058,14972,18355,3807,16469,2113,8263,3919,16217,7437,9911,4036,5794,2246,150,9479,1,20:05
2024-25,1626172,Kevon Looney,Kevon,1610612744,GSW,Golden State Warriors,0022400685,2025-01-31T00:00:00,GSW vs. PHX,L,14.883333333333333,2.4,4.8,0.5,0.0,0.0,0.0,0.0,2.4,0.0,2.4,7.3,9.7,2.4,0.0,2.4,0.0,0.0,7.3,2.4,4.8,-2.4,27.3,0,0,21.8,1,13222,1,13222,19645,20619,23578,8526,15070,20945,15070,13505,11426,13505,6865,5896,5832,14812,16469,4635,8263,8846,1798,11271,22102,14266,16717,2246,150,19807,1,14:53
2024-25,1627751,Jakob Poeltl,Jakob,1610612761,TOR,Toronto Raptors,0022400682,2025-01-31T00:00:00,TOR vs. CHI,L,33.88333333333333,4.2,8.5,0.5,0.0,0.0,0.0,0.0,0.0,0.0,1.1,8.5,9.6,6.4,1.1,0.0,5.3,1.1,3.2,0.0,8.5,-11.7,44.4,0,0,35.1,1,13222,1,13222,4366,16463,19493,8526,15070,20945,15070,13505,14344,13505,12775,4058,5970,4891,15402,12854,437,7379,9910,17725,19517,18613,5456,2246,150,10050,1,33:53
2024-25,1630556,Kessler Edwards,Kessler,1610612742,DAL,Dallas Mavericks,0022400680,2025-01-31T00:00:00,DAL @ DET,L,9.833333333333334,0.0,7.3,0.0,0.0,3.7,0.0,0.0,0.0,0.0,0.0,3.7,3.7,3.7,3.7,3.7,3.7,0.0,7.3,0.0,0.0,-14.6,28.2,0,0,22.0,1,13222,1,13222,22156,22635,21175,22635,15070,16307,15070,13505,14344,13505,14058,14752,18176,10901,4649,2017,1112,8846,1764,17725,23200,19763,16076,2246,150,19694,1,9:50
2024-25,1627759,Jaylen Brown,Jaylen,1610612738,BOS,Boston Celtics,0022400683,2025-01-31T00:00:00,BOS @ NOP,W,34.58,11.5,18.7,0.611,3.1,6.2,0.5,3.1,4.2,0.75,1.0,5.2,6.2,4.2,1.0,0.0,0.0,1.0,4.2,3.1,29.1,2.1,41.9,0,0,42.7,1,1,13086,1,3806,1904,3986,5351,6159,10087,3944,7484,7484,8186,12935,10266,11715,9483,15550,12854,8263,7564,6657,8805,2388,11585,6701,2246,150,5322,1,34:35
2024-25,203995,Vasilije Micić,Vasilije,1610612766,CHA,Charlotte Hornets,0022400679,2025-01-31T00:00:00,CHA vs. LAC,L,30.616666666666667,8.2,14.1,0.583,2.4,7.1,0.333,4.7,4.7,1.0,0.0,2.4,2.4,4.7,1.2,1.2,0.0,0.0,2.4,3.5,23.5,-16.5,35.7,0,0,35.3,1,13222,1,13222,7200,6140,9990,6296,8660,8350,9209,4511,6473,1,14058,18620,21099,8180,14615,10384,8263,8846,13431,7591,5118,20432,10543,2246,150,9893,1,30:37
2024-25,1630170,Devin Vassell,Devin,1610612759,SAS,San Antonio Spurs,0022400684,2025-01-31T00:00:00,SAS vs. MIL,W,27.35,6.6,17.1,0.385,2.6,10.5,0.25,0.0,0.0,0.0,0.0,2.6,2.6,3.9,0.0,0.0,1.3,1.3,1.3,0.0,15.8,15.8,28.8,0,0,27.6,1,1,13086,1,10062,9983,5685,16070,7735,2950,11902,13505,14344,13505,14058,17871,20579,10076,16469,12854,5581,5572,17971,17725,12122,5327,15613,2246,150,15687,1,27:21
2024-25,1630283,Kylor Kelley,Kylor,1610612742,DAL,Dallas Mavericks,0022400680,2025-01-31T00:00:00,DAL @ DET,L,8.066666666666666,8.9,13.4,0.667,0.0,0.0,0.0,0.0,0.0,0.0,8.9,0.0,8.9,0.0,0.0,0.0,4.5,0.0,8.9,0.0,17.9,-26.8,42.0,0,0,35.7,1,13222,1,13222,22791,4839,11165,3281,15070,20945,15070,13505,14344,13505,566,22137,6849,19908,16469,12854,692,8846,985,17725,9967,23200,6645,2246,150,9571,1,8:04
2024-25,203081,Damian Lillard,Damian,1610612749,MIL,Milwaukee Bucks,0022400684,2025-01-31T00:00:00,MIL @ SAS,L,37.483333333333334,5.8,16.3,0.353,2.9,6.7,0.429,6.7,6.7,1.0,1.0,1.9,2.9,6.7,1.0,0.0,1.0,1.9,1.9,5.8,21.1,-15.4,36.6,0,0,35.5,1,13222,1,13222,1690,12228,6641,17268,6937,9069,7394,2221,3634,1,13568,19917,20038,4398,16085,12854,7748,3476,15568,2954,6972,20037,9972,2246,150,9710,1,37:29
2024-25,1641709,Ausar Thompson,Ausar,1610612765,DET,Detroit Pistons,0022400680,2025-01-31T00:00:00,DET vs. DAL,W,23.30666666666667,1.5,6.2,0.25,0.0,0.0,0.0,0.0,0.0,0.0,0.0,6.2,6.2,0.0,0.0,1.5,4.6,3.1,1.5,0.0,3.1,9.3,29.0,0,0,21.6,1,1,13086,1,13463,22123,22445,20233,15070,20945,15070,13505,14344,13505,14058,7951,11874,19908,16469,8220,637,1241,17069,17725,22932,8062,15459,2246,150,19879,1,23:18
2024-25,1629655,Daniel Gafford,Daniel,1610612742,DAL,Dallas Mavericks,0022400680,2025-01-31T00:00:00,DAL @ DET,L,32.7,6.6,8.8,0.75,0.0,0.0,0.0,4.4,6.6,0.667,5.5,5.5,11.0,3.3,3.3,0.0,5.5,0.0,1.1,3.3,17.6,-2.2,49.0,1,0,42.9,1,13222,1,13222,5400,9914,19010,2107,15070,20945,15070,4984,3761,9425,1946,9522,4404,11966,5498,12854,395,8846,19095,8239,10206,14146,3630,1,150,5178,1,32:42
2024-25,1642264,Stephon Castle,Stephon,1610612759,SAS,San Antonio Spurs,0022400684,2025-01-31T00:00:00,SAS vs. MIL,W,30.1,6.0,16.7,0.357,3.6,7.2,0.5,8.4,12.0,0.7,2.4,7.2,9.6,7.2,0.0,0.0,0.0,1.2,1.2,7.2,23.9,14.4,46.2,0,0,44.3,1,1,13086,1,7690,11574,6128,17140,4944,8087,3944,1241,776,9366,6949,6042,5964,3794,16469,12854,8263,6288,18558,1525,4856,5875,4672,2246,150,4573,1,30:06
2024-25,1628970,Miles Bridges,Miles,1610612766,CHA,Charlotte Hornets,0022400679,2025-01-31T00:00:00,CHA vs. LAC,L,37.666666666666664,11.5,25.8,0.444,1.0,7.6,0.125,1.9,2.9,0.667,1.0,7.6,8.6,5.7,2.9,0.0,0.0,1.0,3.8,4.8,25.8,1.0,41.9,0,0,41.1,1,13222,1,13222,1590,1888,679,13045,14768,7088,14886,10910,10315,9425,13599,5241,7313,5981,6969,12854,8263,8293,7666,4548,3770,12186,6698,2246,150,6141,1,37:40
2024-25,1630208,Nick Richards,Nick,1610612756,PHX,Phoenix Suns,0022400685,2025-01-31T00:00:00,PHX @ GSW,W,23.883333333333333,9.0,12.1,0.75,0.0,0.0,0.0,3.0,3.0,1.0,3.0,21.1,24.1,1.5,4.5,0.0,3.0,1.5,3.0,3.0,21.1,28.6,56.8,1,0,52.8,1,1,13086,1,13003,4622,13493,2107,15070,20945,15070,7762,9937,1,5299,139,218,17949,2966,12854,1673,4745,10646,9184,6997,2163,1672,1,150,1861,1,23:53
2024-25,1641741,Ricky Council IV,Ricky,1610612755,PHI,Philadelphia 76ers,0022400681,2025-01-31T00:00:00,PHI vs. DEN,L,15.383333333333333,9.4,23.4,0.4,4.7,11.7,0.4,0.0,2.3,0.0,2.3,2.3,4.7,2.3,2.3,4.7,0.0,0.0,2.3,4.7,23.4,-2.3,44.2,0,0,44.5,1,13222,1,13222,19316,4102,1247,14933,2767,1961,7874,13505,11663,13505,7120,18656,15618,15086,8903,1102,8263,8846,13481,4759,5199,14229,5556,2246,150,4486,1,15:23
2024-25,1631103,Malaki Branham,Malaki,1610612759,SAS,San Antonio Spurs,0022400684,2025-01-31T00:00:00,SAS vs. MIL,W,3.7666666666666666,9.6,9.6,1.0,9.6,9.6,1.0,0.0,0.0,0.0,0.0,19.1,19.1,0.0,0.0,0.0,0.0,0.0,0.0,0.0,28.7,66.9,51.6,0,0,57.3,1,1,13086,1,24582,3796,17834,1,246,4024,1,13505,14344,13505,14058,199,666,19908,16469,12854,8263,8846,20257,17725,2537,264,2800,2246,150,1122,1,3:46
2024-25,1628960,Grayson Allen,Grayson,1610612756,PHX,Phoenix Suns,0022400685,2025-01-31T00:00:00,PHX @ GSW,W,23.45,6.1,9.2,0.667,4.6,7.7,0.6,0.0,0.0,0.0,0.0,9.2,9.2,10.7,0.0,1.5,0.0,0.0,4.6,1.5,16.9,26.1,48.7,0,0,44.5,1,1,13086,1,13346,11115,18385,3281,2876,7040,2992,13505,14344,13505,14058,3295,6428,1083,16469,8253,8263,8846,5524,14852,10976,2602,3757,2246,150,4465,1,23:27
2024-25,203078,Bradley Beal,Bradley,1610612756,PHX,Phoenix Suns,0022400685,2025-01-31T00:00:00,PHX @ GSW,W,28.333333333333332,11.4,15.2,0.75,3.8,3.8,1.0,0.0,1.3,0.0,1.3,1.3,2.5,2.5,6.4,2.5,0.0,1.3,2.5,1.3,26.7,12.7,34.8,0,0,40.7,1,1,13086,1,9268,1912,8181,2107,4400,15974,1,13505,13780,13505,11355,21340,20723,14394,1197,4273,8263,5809,12632,16027,3351,6515,11184,2246,150,6405,1,28:20
2024-25,203507,Giannis Antetokounmpo,Giannis,1610612749,MIL,Milwaukee Bucks,0022400684,2025-01-31T00:00:00,MIL @ SAS,L,34.0,13.8,24.4,0.565,0.0,1.1,0.0,9.5,14.8,0.643,4.2,10.6,14.8,6.4,2.1,0.0,1.1,3.2,3.2,9.5,37.1,-13.8,65.4,1,0,60.4,1,13222,1,13222,4265,772,961,7102,15070,20793,15070,832,369,10250,3261,2157,1857,4924,9918,12854,7065,1171,9965,515,690,19407,670,1,150,797,1,34:00
2024-25,1641705,Victor Wembanyama,Victor,1610612759,SAS,San Antonio Spurs,0022400684,2025-01-31T00:00:00,SAS vs. MIL,W,30.5,10.6,23.6,0.45,5.9,13.0,0.455,8.3,8.3,1.0,2.4,14.2,16.5,1.2,1.2,0.0,7.1,0.0,3.5,8.3,35.4,10.6,77.1,1,0,73.2,1,1,13086,1,7321,2595,1186,12982,1375,1307,7148,1292,2342,1,7047,727,1257,19084,14577,12854,198,8846,8631,905,911,7406,259,1,150,260,1,30:30
2024-25,101108,Chris Paul,Chris,1610612759,SAS,San Antonio Spurs,0022400684,2025-01-31T00:00:00,SAS vs. MIL,W,26.45,5.4,10.9,0.5,2.7,6.8,0.4,2.7,4.1,0.667,1.4,5.4,6.8,12.2,0.0,1.4,0.0,0.0,4.1,1.4,16.3,17.7,47.0,0,0,40.8,1,1,13086,1,10776,13147,15547,8526,7472,8892,7874,8520,7660,9425,10922,9683,10518,664,16469,9133,8263,8846,6889,15613,11569,4670,4323,2246,150,6305,1,26:27
2024-25,203486,Mason Plumlee,Mason,1610612756,PHX,Phoenix Suns,0022400685,2025-01-31T00:00:00,PHX @ GSW,W,15.016666666666667,9.6,12.0,0.8,0.0,0.0,0.0,4.8,7.2,0.667,0.0,14.4,14.4,7.2,0.0,0.0,9.6,0.0,4.8,4.8,24.0,2.4,80.8,0,0,64.7,1,1,13086,1,19551,3744,13608,1688,15070,20945,15070,4352,3175,9425,14058,679,2053,3774,16469,12854,78,8846,5074,4511,4821,11419,183,2246,150,488,1,15:01
2024-25,203999,Nikola Jokić,Nikola,1610612743,DEN,Denver Nuggets,0022400681,2025-01-31T00:00:00,DEN @ PHI,W,37.46666666666667,10.6,15.4,0.688,1.9,2.9,0.667,3.8,4.8,0.8,1.9,6.7,8.6,12.5,5.8,1.9,0.0,0.0,2.9,4.8,26.9,0.0,56.0,1,0,53.8,1,1,13086,1,1700,2648,7998,3227,10544,17895,1957,5990,6297,7681,8735,6846,7234,616,1595,6659,8263,8846,11262,4494,3250,12240,1802,1,150,1655,1,37:28
2024-25,202066,Garrett Temple,Garrett,1610612761,TOR,Toronto Raptors,0022400682,2025-01-31T00:00:00,TOR vs. CHI,L,2.533333333333333,14.2,14.2,1.0,0.0,0.0,0.0,0.0,0.0,0.0,0.0,0.0,0.0,28.4,0.0,0.0,0.0,0.0,0.0,0.0,28.4,42.6,71.1,0,0,56.8,1,13222,1,13222,25196,646,9810,1,15070,20945,15070,13505,14344,13505,14058,22137,23286,27,16469,12854,8263,8846,20257,17725,2620,795,401,2246,150,1178,1,2:32
2024-25,1641753,Chris Livingston,Chris,1610612749,MIL,Milwaukee Bucks,0022400684,2025-01-31T00:00:00,MIL @ SAS,L,3.7666666666666666,0.0,9.6,0.0,0.0,0.0,0.0,19.1,19.1,1.0,28.7,0.0,28.7,0.0,0.0,9.6,0.0,9.6,0.0,9.6,19.1,-66.9,82.2,0,0,66.9,1,13222,1,13222,24582,22635,17834,22635,15070,20945,15070,85,156,1,17,22137,107,19908,16469,130,8263,73,20257,507,8726,25832,167,2246,150,398,1,3:46
2024-25,1642366,Quinten Post,Quinten,1610612744,GSW,Golden State Warriors,0022400685,2025-01-31T00:00:00,GSW vs. PHX,L,19.016666666666666,5.7,17.0,0.333,3.8,7.6,0.5,1.9,1.9,1.0,5.7,9.5,15.1,3.8,0.0,0.0,1.9,1.9,3.8,1.9,17.0,-32.2,46.6,0,0,43.5,1,13222,1,13222,16808,12482,5761,17395,4480,7230,3944,10981,13001,1,1826,3052,1702,10542,16469,12854,3781,3575,7784,13547,10812,24056,4502,2246,150,4907,1,19:01
2024-25,202695,Kawhi Leonard,Kawhi,1610612746,LAC,LA Clippers,0022400679,2025-01-31T00:00:00,LAC @ CHA,W,28.15,10.2,21.7,0.471,5.1,9.0,0.571,1.3,2.6,0.5,1.3,10.2,11.5,2.6,3.8,1.3,1.3,0.0,3.8,3.8,26.9,16.6,48.3,0,0,51.2,1,1,13086,1,9420,2990,1936,12143,2141,4896,3506,12358,11072,10625,11305,2401,3932,14343,4214,9589,5743,8846,7636,6750,3268,5030,3866,2246,150,2239,1,28:09
2024-25,1641764,Brandin Podziemski,Brandin,1610612744,GSW,Golden State Warriors,0022400685,2025-01-31T00:00:00,GSW vs. PHX,L,21.65,8.3,15.0,0.556,6.7,11.6,0.571,0.0,0.0,0.0,0.0,5.0,5.0,5.0,5.0,1.7,0.0,0.0,3.3,0.0,23.3,-10.0,36.7,0,0,43.2,1,13222,1,13222,14796,5958,8658,7248,925,2006,3506,13505,14344,13505,14058,10904,14815,7489,2351,7754,8263,8846,9362,17725,5307,17883,9866,2246,150,5029,1,21:39
2024-25,1631104,Blake Wesley,Blake,1610612759,SAS,San Antonio Spurs,0022400684,2025-01-31T00:00:00,SAS vs. MIL,W,3.7666666666666666,9.6,9.6,1.0,0.0,0.0,0.0,0.0,0.0,0.0,0.0,0.0,0.0,28.7,9.6,38.2,0.0,0.0,0.0,0.0,19.1,66.9,167.3,0,0,124.2,1,1,13086,1,24582,3796,17834,1,15070,20945,15070,13505,14344,13505,14058,22137,23286,26,364,5,8263,8846,20257,17725,8726,264,16,2246,150,27,1,3:46
2024-25,1626164,Devin Booker,Devin,1610612756,PHX,Phoenix Suns,0022400685,2025-01-31T00:00:00,PHX @ GSW,W,34.333333333333336,12.6,24.1,0.522,5.2,11.5,0.455,2.1,3.1,0.667,1.0,4.2,5.2,11.5,2.1,1.0,0.0,1.0,2.1,5.2,32.5,29.4,57.1,1,0,56.6,1,1,13086,1,3975,1209,1027,8473,2008,2077,7148,10301,9622,9425,12886,13134,14184,832,10011,11506,8263,7507,14621,3715,1415,2056,1608,1,150,1207,1,34:20
2024-25,1629006,Josh Okogie,Josh,1610612766,CHA,Charlotte Hornets,0022400679,2025-01-31T00:00:00,CHA vs. LAC,L,14.483333333333333,7.5,17.4,0.429,0.0,5.0,0.0,5.0,5.0,1.0,2.5,2.5,5.0,0.0,5.0,7.5,5.0,0.0,0.0,5.0,19.9,14.9,58.2,0,0,49.7,1,13222,1,13222,19887,7875,5352,13735,15070,13271,15070,4085,5985,1,6657,18228,14871,19908,2378,251,522,8846,20257,4176,8010,5663,1456,2246,150,2609,1,14:29
2024-25,204001,Kristaps Porziņģis,Kristaps,1610612738,BOS,Boston Celtics,0022400683,2025-01-31T00:00:00,BOS @ NOP,W,30.438333333333333,5.9,14.2,0.417,2.4,8.3,0.286,4.7,9.5,0.5,1.2,4.7,5.9,7.1,1.2,3.5,4.7,0.0,3.5,7.1,18.9,3.5,60.3,0,0,50.9,1,1,13086,1,7373,11769,9844,14532,8615,5949,11433,4459,1622,10625,11916,11614,12493,3889,14566,2179,604,8846,8613,1584,8930,10878,1151,2246,150,2301,1,30:26
2024-25,1630200,Tre Jones,Tre,1610612759,SAS,San Antonio Spurs,0022400684,2025-01-31T00:00:00,SAS vs. MIL,W,16.733333333333334,6.5,10.8,0.6,2.2,4.3,0.5,4.3,6.5,0.667,0.0,0.0,0.0,15.1,2.2,2.2,0.0,0.0,4.3,4.3,19.4,12.9,46.3,0,0,40.9,1,1,13086,1,18432,10300,15769,5394,9447,14905,3944,5144,3934,9425,14058,22137,23286,288,9718,5585,8263,8846,6276,5575,8499,6434,4643,2246,150,6281,1,16:44
2024-25,1630572,Sandro Mamukelashvili,Sandro,1610612759,SAS,San Antonio Spurs,0022400684,2025-01-31T00:00:00,SAS vs. MIL,W,3.7666666666666666,19.1,28.7,0.667,9.6,9.6,1.0,0.0,0.0,0.0,0.0,0.0,0.0,0.0,9.6,0.0,9.6,9.6,0.0,0.0,47.8,66.9,66.9,0,0,76.5,1,1,13086,1,24582,167,348,3281,246,4024,1,13505,14344,13505,14058,22137,23286,19908,364,12854,79,73,20257,17725,194,264,576,2246,150,208,1,3:46
2024-25,1628380,Zach Collins,Zach,1610612759,SAS,San Antonio Spurs,0022400684,2025-01-31T00:00:00,SAS vs. MIL,W,3.7666666666666666,9.6,9.6,1.0,9.6,9.6,1.0,0.0,0.0,0.0,0.0,0.0,0.0,9.6,0.0,0.0,9.6,0.0,9.6,0.0,28.7,66.9,71.7,0,0,66.9,1,1,13086,1,24582,3796,17834,1,246,4024,1,13505,14344,13505,14058,22137,23286,1670,16469,12854,79,8846,794,17725,2537,264,381,2246,150,398,1,3:46
2024-25,203952,Andrew Wiggins,Andrew,1610612744,GSW,Golden State Warriors,0022400685,2025-01-31T00:00:00,GSW vs. PHX,L,31.35,6.9,23.0,0.3,1.1,5.7,0.2,4.6,5.7,0.8,5.7,3.4,9.2,6.9,0.0,2.3,1.1,1.1,1.1,3.4,19.5,-29.9,51.2,0,0,43.6,1,13222,1,13222,6549,9190,1400,19363,13656,11356,13429,4692,4830,7681,1787,15390,6464,4151,16469,5052,6501,6648,18828,7828,8348,23709,2925,2246,150,4863,1,31:21
2024-25,1630178,Tyrese Maxey,Tyrese,1610612755,PHI,Philadelphia 76ers,0022400681,2025-01-31T00:00:00,PHI vs. DEN,L,39.083333333333336,13.8,23.9,0.577,5.5,10.1,0.545,5.5,7.4,0.75,0.0,1.8,1.8,8.3,4.6,1.8,0.0,0.0,1.8,6.4,38.7,-0.9,54.3,0,0,58.0,1,13222,1,13222,852,756,1076,6533,1714,3347,3863,3385,3029,8186,14058,20129,22098,2626,2837,7071,8263,8846,15981,2127,539,13476,2148,2246,150,1022,1,39:05
2024-25,1631124,Julian Strawther,Julian,1610612743,DEN,Denver Nuggets,0022400681,2025-01-31T00:00:00,DEN @ PHI,W,18.966666666666665,11.4,13.3,0.857,7.6,9.5,0.8,3.8,3.8,1.0,0.0,3.8,3.8,0.0,0.0,1.9,0.0,0.0,1.9,1.9,34.2,3.8,44.4,0,0,49.3,1,1,13086,1,16851,1947,11324,1412,563,4122,1389,6088,8259,1,14058,14329,17829,19908,16469,6775,8263,8846,15682,13520,1096,10753,5454,2246,150,2712,1,18:58
2024-25,203114,Khris Middleton,Khris,1610612749,MIL,Milwaukee Bucks,0022400684,2025-01-31T00:00:00,MIL @ SAS,L,22.65,12.7,14.3,0.889,4.8,6.4,0.75,3.2,3.2,1.0,0.0,6.4,6.4,3.2,1.6,0.0,1.6,0.0,0.0,4.8,33.4,-6.4,49.0,0,0,50.9,1,13222,1,13222,13991,1143,9676,1318,2607,9855,1542,7373,9551,1,14058,7580,11489,12393,12383,12854,4588,8846,20257,4573,1247,16228,3637,2246,150,2300,1,22:39
2024-25,1630188,Jalen Smith,Jalen,1610612741,CHI,Chicago Bulls,0022400682,2025-01-31T00:00:00,CHI @ TOR,W,17.0,14.8,21.2,0.7,6.4,12.7,0.5,0.0,0.0,0.0,0.0,10.6,10.6,2.1,0.0,0.0,0.0,0.0,6.4,0.0,36.0,14.8,51.9,0,0,55.1,1,1,13086,1,18255,524,2220,3045,1084,1422,3944,13505,14344,13505,14058,2157,4823,15936,16469,12854,8263,8846,2537,17725,825,5699,2733,2246,150,1447,1,17:00
2024-25,1630193,Immanuel Quickley,Immanuel,1610612761,TOR,Toronto Raptors,0022400682,2025-01-31T00:00:00,TOR vs. CHI,L,15.45,11.7,18.6,0.625,7.0,11.7,0.6,2.3,4.7,0.5,2.3,7.0,9.3,4.7,0.0,0.0,2.3,0.0,0.0,2.3,32.6,11.7,57.8,0,0,58.3,1,13222,1,13222,19281,1761,4078,4899,767,1999,2992,9524,6559,10625,7147,6372,6294,8275,16469,12854,2685,8846,20257,11630,1396,6948,1502,2246,150,992,1,15:27
2024-25,1630595,Cade Cunningham,Cade,1610612765,DET,Detroit Pistons,0022400680,2025-01-31T00:00:00,DET vs. DAL,W,35.96666666666667,17.0,30.0,0.567,3.0,8.0,0.375,3.0,3.0,1.0,2.0,4.0,6.0,4.0,3.0,1.0,0.0,3.0,0.0,2.0,40.0,11.0,53.2,0,0,55.1,1,1,13086,1,2700,280,270,7100,6495,6437,8800,7793,9968,1,8377,13710,12257,9928,6461,11952,8263,1327,20257,13070,444,7234,2386,2246,150,1449,1,35:58
2024-25,1630530,Trey Murphy III,Trey,1610612740,NOP,New Orleans Pelicans,0022400683,2025-01-31T00:00:00,NOP vs. BOS,L,38.69,14.0,18.6,0.75,7.4,11.2,0.667,1.9,2.8,0.667,0.0,4.7,4.7,3.7,3.7,0.9,0.0,0.0,4.7,2.8,37.2,2.8,47.5,0,0,54.9,1,13222,1,13222,1016,714,4113,2107,615,2365,1957,11088,10502,9425,14058,11851,15698,10732,4503,12508,8263,8846,5408,9992,675,11231,4156,2246,150,1473,1,38:41
2024-25,201572,Brook Lopez,Brook,1610612749,MIL,Milwaukee Bucks,0022400684,2025-01-31T00:00:00,MIL @ SAS,L,24.1,4.5,12.0,0.375,0.0,4.5,0.0,0.0,0.0,0.0,4.5,3.0,7.5,4.5,1.5,0.0,1.5,1.5,3.0,0.0,9.0,-28.4,27.6,0,0,23.9,1,13222,1,13222,12800,15834,13684,16299,15070,14488,15070,13505,14344,13505,2947,16778,9235,8700,12777,12854,4880,4798,10783,17725,19122,23494,16470,2246,150,18400,1,24:06
2024-25,1627780,Gary Payton II,Gary,1610612744,GSW,Golden State Warriors,0022400685,2025-01-31T00:00:00,GSW vs. PHX,L,12.25,2.9,17.6,0.167,0.0,2.9,0.0,2.9,5.9,0.5,0.0,8.8,8.8,0.0,2.9,0.0,0.0,5.9,2.9,5.9,8.8,-32.3,16.5,0,0,17.6,1,13222,1,13222,21122,19558,5104,21938,15070,17780,15070,7980,4643,10625,14058,3703,6992,19908,6678,12854,8263,229,10987,2780,19256,24070,22684,2246,150,22017,1,12:15
2024-25,1628971,Bruce Brown,Bruce,1610612761,TOR,Toronto Raptors,0022400682,2025-01-31T00:00:00,TOR vs. CHI,L,16.95,0.0,6.4,0.0,0.0,2.1,0.0,0.0,0.0,0.0,0.0,0.0,0.0,2.1,0.0,2.1,0.0,0.0,0.0,0.0,0.0,-40.4,9.6,0,0,6.4,1,13222,1,13222,18283,22635,22239,22635,15070,19324,15070,13505,14344,13505,14058,22137,23286,15917,16469,5681,8263,8846,20257,17725,23200,24865,24491,2246,150,24962,1,16:57
2024-25,1630702,Jaden Hardy,Jaden,1610612742,DAL,Dallas Mavericks,0022400680,2025-01-31T00:00:00,DAL @ DET,L,6.933333333333334,0.0,10.4,0.0,0.0,5.2,0.0,0.0,0.0,0.0,0.0,5.2,5.2,0.0,5.2,0.0,0.0,0.0,0.0,0.0,0.0,15.6,1.0,0,0,5.2,1,13222,1,13222,23204,22635,16407,22635,15070,12716,15070,13505,14344,13505,14058,10298,14295,19908,2120,12854,8263,8846,20257,17725,23200,5397,25206,2246,150,25086,1,6:56
2024-25,1627736,Malik Beasley,Malik,1610612765,DET,Detroit Pistons,0022400680,2025-01-31T00:00:00,DET vs. DAL,W,21.666666666666668,5.0,15.0,0.333,5.0,13.3,0.375,0.0,0.0,0.0,3.3,0.0,3.3,0.0,0.0,0.0,0.0,1.7,1.7,0.0,15.0,15.0,18.9,0,0,23.3,1,1,13086,1,14776,14433,8676,17395,2295,1167,8800,13505,14344,13505,4705,22137,18936,19908,16469,12854,8263,4251,16660,17725,12950,5642,21672,2246,150,18832,1,21:40
2024-25,1629018,Gary Trent Jr.,Gary,1610612749,MIL,Milwaukee Bucks,0022400684,2025-01-31T00:00:00,MIL @ SAS,L,24.046666666666667,1.5,10.5,0.143,0.0,4.5,0.0,0.0,0.0,0.0,0.0,3.0,3.0,0.0,0.0,0.0,0.0,0.0,1.5,0.0,3.0,-10.5,6.6,0,0,6.0,1,13222,1,13222,12860,22167,16260,22260,15070,14455,15070,13505,14344,13505,14058,16762,19763,19908,16469,12854,8263,8846,17228,17725,22957,18095,24857,2246,150,25008,1,24:03
2024-25,1641733,Nick Smith Jr.,Nick,1610612766,CHA,Charlotte Hornets,0022400679,2025-01-31T00:00:00,CHA vs. LAC,L,25.5,4.2,16.9,0.25,0.0,4.2,0.0,2.8,2.8,1.0,0.0,2.8,2.8,1.4,1.4,1.4,0.0,1.4,2.8,1.4,11.3,-14.1,19.6,0,0,18.4,1,13222,1,13222,11588,16491,5861,20233,15070,15033,15070,8278,10421,1,14058,17319,20185,18304,13213,8834,8263,5131,11532,15397,16899,19554,21356,2246,150,21687,1,25:30
2024-25,1630322,Lindy Waters III,Lindy,1610612744,GSW,Golden State Warriors,0022400685,2025-01-31T00:00:00,GSW vs. PHX,L,5.916666666666667,0.0,18.3,0.0,0.0,12.2,0.0,0.0,0.0,0.0,0.0,6.1,6.1,0.0,0.0,6.1,0.0,0.0,0.0,0.0,0.0,-6.1,25.6,0,0,18.3,1,13222,1,13222,23626,22635,4403,22635,15070,1682,15070,13505,14344,13505,14058,8134,12083,19908,16469,449,8263,8846,20257,17725,23200,16098,17903,2246,150,21739,1,5:55
2024-25,1627814,Damion Lee,Damion,1610612756,PHX,Phoenix Suns,0022400685,2025-01-31T00:00:00,PHX @ GSW,W,4.8,0.0,15.0,0.0,0.0,15.0,0.0,0.0,0.0,0.0,0.0,7.5,7.5,0.0,0.0,0.0,0.0,0.0,0.0,0.0,0.0,-15.0,9.0,0,0,7.5,1,1,13086,1,24089,22635,8606,22635,15070,690,15070,13505,14344,13505,14058,5495,9165,19908,16469,12854,8263,8846,20257,17725,23200,19899,24567,2246,150,24834,1,4:48
2024-25,1631212,Peyton Watson,Peyton,1610612743,DEN,Denver Nuggets,0022400681,2025-01-31T00:00:00,DEN @ PHI,W,26.816666666666666,4.0,5.4,0.75,0.0,1.3,0.0,0.0,0.0,0.0,1.3,4.0,5.4,4.0,1.3,0.0,0.0,0.0,2.7,0.0,8.1,-10.7,19.2,0,0,17.5,1,1,13086,1,10473,17031,23206,2107,15070,20448,15070,13505,14344,13505,11003,13638,13880,9873,13606,12854,8263,8846,12101,17725,19874,18200,21549,2246,150,22098,1,26:49
2024-25,1631260,AJ Green,AJ,1610612749,MIL,Milwaukee Bucks,0022400684,2025-01-31T00:00:00,MIL @ SAS,L,17.633333333333333,0.0,6.1,0.0,0.0,4.1,0.0,0.0,0.0,0.0,0.0,4.1,4.1,0.0,0.0,2.0,0.0,0.0,6.1,0.0,0.0,-10.2,11.0,0,0,8.2,1,13222,1,13222,17841,22635,22491,22635,15070,15387,15070,13505,14344,13505,14058,13466,17112,19908,16469,6049,8263,8846,2794,17725,23200,17980,24236,2246,150,24740,1,17:38
2024-25,1626145,Tyus Jones,Tyus,1610612756,PHX,Phoenix Suns,0022400685,2025-01-31T00:00:00,PHX @ GSW,W,25.65,2.8,7.0,0.4,1.4,4.2,0.333,1.4,1.4,1.0,0.0,0.0,0.0,8.4,1.4,0.0,0.0,0.0,0.0,1.4,8.4,32.3,19.6,0,0,18.2,1,1,13086,1,11448,19863,21539,14933,12440,15093,9209,12012,13588,1,14058,22137,23286,2488,13259,12854,8263,8846,20257,15437,19577,1702,21341,2246,150,21743,1,25:39
2024-25,1630534,Ochai Agbaji,Ochai,1610612761,TOR,Toronto Raptors,0022400682,2025-01-31T00:00:00,TOR vs. CHI,L,21.633333333333333,3.3,10.0,0.333,0.0,6.7,0.0,0.0,0.0,0.0,0.0,3.3,3.3,1.7,1.7,1.7,1.7,1.7,1.7,0.0,6.7,-11.6,21.5,0,0,18.3,1,13222,1,13222,14814,18684,17080,17395,15070,9199,15070,13505,14344,13505,14058,15699,18919,17461,12069,7745,4386,4237,16644,17725,20956,18599,20430,2246,150,21710,1,21:38
2024-25,1630699,MarJon Beauchamp,MarJon,1610612749,MIL,Milwaukee Bucks,0022400684,2025-01-31T00:00:00,MIL @ SAS,L,3.7666666666666666,0.0,9.6,0.0,0.0,0.0,0.0,0.0,0.0,0.0,9.6,0.0,9.6,0.0,9.6,0.0,0.0,9.6,0.0,0.0,0.0,-66.9,1.9,0,0,9.6,1,13222,1,13222,24582,22635,17834,22635,15070,20945,15070,13505,14344,13505,459,22137,5973,19908,364,12854,8263,73,20257,17725,23200,25832,25165,2246,150,24517,1,3:46
2024-25,1629611,Terance Mann,Terance,1610612746,LAC,LA Clippers,0022400679,2025-01-31T00:00:00,LAC @ CHA,W,23.066666666666666,1.6,3.1,0.5,1.6,3.1,0.5,3.1,3.1,1.0,1.6,3.1,4.7,1.6,1.6,0.0,1.6,0.0,1.6,3.1,7.8,-12.5,18.9,0,0,18.7,1,1,13086,1,13659,22093,24451,8526,11825,17415,3944,7489,9665,1,10076,16352,15615,17768,12505,12854,4671,8846,16998,8809,20083,18937,21710,2246,150,21522,1,23:04
2024-25,1630526,Jeremiah Robinson-Earl,Jeremiah,1610612740,NOP,New Orleans Pelicans,0022400683,2025-01-31T00:00:00,NOP vs. BOS,L,13.376666666666667,2.7,5.4,0.5,2.7,5.4,0.5,0.0,0.0,0.0,2.7,10.8,13.5,0.0,2.7,0.0,0.0,0.0,2.7,0.0,8.1,-10.8,21.5,0,0,24.2,1,13222,1,13222,20553,20111,23196,8526,7568,12249,3944,13505,14344,13505,6125,2036,2507,19908,7557,12854,8263,8846,12077,17725,19862,18219,20393,2246,150,18191,1,13:23
2024-25,201143,Al Horford,Al,1610612738,BOS,Boston Celtics,0022400683,2025-01-31T00:00:00,BOS @ NOP,W,25.498333333333335,1.4,7.1,0.2,0.0,2.8,0.0,2.8,2.8,1.0,1.4,4.2,5.6,0.0,0.0,0.0,1.4,0.0,0.0,1.4,5.6,-5.6,16.7,0,0,14.1,1,1,13086,1,11595,22278,21489,21401,15070,18008,15070,8277,10420,1,10690,13014,13161,19908,16469,12854,5179,8846,20257,15396,21630,15897,22608,2246,150,23388,1,25:30
2024-25,1628420,Monté Morris,Monté,1610612756,PHX,Phoenix Suns,0022400685,2025-01-31T00:00:00,PHX @ GSW,W,4.8,0.0,22.5,0.0,0.0,7.5,0.0,0.0,0.0,0.0,0.0,0.0,0.0,0.0,0.0,7.5,0.0,7.5,7.5,0.0,0.0,-15.0,22.5,0,0,15.0,1,1,13086,1,24089,22635,1583,22635,15070,7397,15070,13505,14344,13505,14058,22137,23286,19908,16469,245,8263,129,1643,17725,23200,19899,19874,2246,150,23059,1,4:48
2024-25,201959,Taj Gibson,Taj,1610612766,CHA,Charlotte Hornets,0022400679,2025-01-31T00:00:00,CHA vs. LAC,L,16.066666666666666,4.5,11.2,0.4,0.0,0.0,0.0,0.0,0.0,0.0,6.7,9.0,15.7,0.0,2.2,0.0,2.2,0.0,0.0,0.0,9.0,-20.2,32.3,0,0,29.1,1,13222,1,13222,18879,15834,15013,14933,15070,20945,15070,13505,14344,13505,1268,3552,1525,19908,9347,12854,2857,8846,20257,17725,19122,21594,13112,2246,150,14602,1,16:04
2024-25,1630611,Gui Santos,Gui,1610612744,GSW,Golden State Warriors,0022400685,2025-01-31T00:00:00,GSW vs. PHX,L,19.083333333333332,1.9,5.7,0.333,0.0,1.9,0.0,5.7,7.5,0.75,0.0,1.9,1.9,3.8,1.9,0.0,0.0,1.9,3.8,5.7,9.4,-7.5,15.5,0,0,15.1,1,13222,1,13222,16762,21603,22937,17395,15070,19765,15070,3241,2856,8186,14058,20014,22024,10576,11123,12854,8263,3607,7824,3103,18701,16758,23032,2246,150,23030,1,19:05
2024-25,203915,Spencer Dinwiddie,Spencer,1610612742,DAL,Dallas Mavericks,0022400680,2025-01-31T00:00:00,DAL @ DET,L,23.433333333333334,3.1,10.8,0.286,0.0,4.6,0.0,1.5,3.1,0.5,0.0,1.5,1.5,6.1,0.0,0.0,0.0,1.5,1.5,1.5,7.7,-13.8,18.7,0,0,15.4,1,13222,1,13222,13361,19268,15775,19630,15070,14176,15070,11721,9790,10625,14058,20801,22527,5256,16469,12854,8263,4640,17095,14848,20176,19437,21781,2246,150,22928,1,23:26
2024-25,1627884,Derrick Jones Jr.,Derrick,1610612746,LAC,LA Clippers,0022400679,2025-01-31T00:00:00,LAC @ CHA,W,33.25,6.5,9.7,0.667,0.0,1.1,0.0,0.0,2.2,0.0,2.2,6.5,8.7,3.2,1.1,0.0,2.2,0.0,0.0,2.2,13.0,19.5,33.7,0,0,29.2,1,1,13086,1,4943,10197,17481,3281,15070,20761,15070,13505,12196,13505,7705,7319,7210,12147,15258,12854,3031,8846,20257,12315,15097,4110,12058,2246,150,14523,1,33:15
2024-25,1641738,Kobe Brown,Kobe,1610612746,LAC,LA Clippers,0022400679,2025-01-31T00:00:00,LAC @ CHA,W,7.141666666666667,5.0,10.1,0.5,0.0,5.0,0.0,0.0,0.0,0.0,5.0,0.0,5.0,0.0,0.0,0.0,0.0,0.0,0.0,0.0,10.1,-40.3,16.1,0,0,15.1,1,1,13086,1,23115,14266,16922,8526,15070,13104,15070,13505,14344,13505,2339,22137,14699,19908,16469,12854,8263,8846,20257,17725,18075,24864,22796,2246,150,23019,1,7:09
2024-25,203957,Danté Exum,Danté,1610612742,DAL,Dallas Mavericks,0022400680,2025-01-31T00:00:00,DAL @ DET,L,14.0,2.6,5.1,0.5,0.0,2.6,0.0,2.6,5.1,0.5,0.0,5.1,5.1,2.6,5.1,0.0,0.0,0.0,5.1,5.1,7.7,-10.3,12.6,0,0,15.4,1,13222,1,13222,20196,20327,23358,8526,15070,18495,15070,8876,5689,10625,14058,10438,14415,14302,2179,12854,8263,8846,4291,3859,20154,18014,23867,2246,150,22901,1,14:00
2024-25,1628366,Lonzo Ball,Lonzo,1610612741,CHI,Chicago Bulls,0022400682,2025-01-31T00:00:00,CHI @ TOR,W,24.883333333333333,2.9,10.1,0.286,1.4,4.3,0.333,0.0,0.0,0.0,2.9,1.4,4.3,7.2,0.0,0.0,1.4,1.4,7.2,0.0,7.2,-4.3,27.6,0,0,23.1,1,1,13086,1,12108,19670,16865,19630,12264,14819,9209,13505,14344,13505,5604,20998,16437,3713,16469,12854,5048,4994,1812,17725,20538,15242,16472,2246,150,18893,1,24:53
2024-25,1642274,Yves Missi,Yves,1610612740,NOP,New Orleans Pelicans,0022400683,2025-01-31T00:00:00,NOP vs. BOS,L,29.68166666666667,3.6,8.5,0.429,0.0,0.0,0.0,0.0,2.4,0.0,6.1,9.7,15.8,0.0,3.6,0.0,0.0,2.4,2.4,1.2,7.3,-2.4,22.6,0,0,23.0,1,13222,1,13222,8074,17990,19504,13735,15070,20945,15070,13505,11403,13505,1582,2819,1493,19908,4698,12854,8263,2164,13092,16337,20501,14270,19841,2246,150,18985,1,29:41
2024-25,202691,Klay Thompson,Klay,1610612742,DAL,Dallas Mavericks,0022400680,2025-01-31T00:00:00,DAL @ DET,L,25.983333333333334,6.9,13.9,0.5,4.2,9.7,0.429,0.0,0.0,0.0,1.4,4.2,5.5,5.5,2.8,1.4,1.4,0.0,0.0,0.0,18.0,-9.7,38.5,0,0,38.8,1,13222,1,13222,11176,9103,10417,8526,3661,3849,7394,13505,14344,13505,10814,13251,13438,6353,7318,8979,5289,8846,20257,17725,9823,17758,8701,2246,150,7522,1,25:59
2024-25,202704,Reggie Jackson,Reggie,1610612755,PHI,Philadelphia 76ers,0022400681,2025-01-31T00:00:00,PHI vs. DEN,L,16.383333333333333,2.2,8.8,0.25,0.0,2.2,0.0,0.0,0.0,0.0,4.4,0.0,4.4,4.4,0.0,0.0,0.0,0.0,2.2,0.0,4.4,2.2,16.3,0,0,13.2,1,13222,1,13222,18664,21044,19043,20233,15070,19173,15070,13505,14344,13505,3058,22137,16300,8898,16469,12854,8263,8846,14108,17725,22349,11513,22752,2246,150,23655,1,16:23
2024-25,1630631,Jose Alvarado,Jose,1610612740,NOP,New Orleans Pelicans,0022400683,2025-01-31T00:00:00,NOP vs. BOS,L,33.516666666666666,6.4,15.0,0.429,3.2,9.7,0.333,5.4,6.4,0.833,0.0,3.2,3.2,6.4,1.1,1.1,1.1,1.1,0.0,4.3,21.5,1.1,40.4,0,0,38.7,1,13222,1,13222,4717,10327,8549,13735,5896,3894,9209,3563,3947,7275,14058,16011,19166,4794,15308,11241,6948,7273,20257,5596,6660,12098,7525,2246,150,7611,1,33:31
2024-25,1630230,Naji Marshall,Naji,1610612742,DAL,Dallas Mavericks,0022400680,2025-01-31T00:00:00,DAL @ DET,L,22.05,4.9,14.7,0.333,1.6,6.5,0.25,0.0,0.0,0.0,1.6,3.3,4.9,1.6,0.0,0.0,1.6,3.3,1.6,1.6,11.4,-18.0,24.7,0,0,22.9,1,13222,1,13222,14461,14676,9056,17395,11585,9477,11902,13505,14344,13505,9802,15891,15066,17562,16469,12854,4473,1092,16773,14517,16749,20920,18520,2246,150,19097,1,22:03
2024-25,201939,Stephen Curry,Stephen,1610612744,GSW,Golden State Warriors,0022400685,2025-01-31T00:00:00,GSW vs. PHX,L,31.216666666666665,5.8,16.1,0.357,1.2,6.9,0.167,3.5,3.5,1.0,1.2,2.3,3.5,3.5,2.3,0.0,2.3,1.2,1.2,3.5,16.1,-20.8,30.1,0,0,28.8,1,13222,1,13222,6684,12215,6908,17140,13633,8628,14236,6777,8967,1,12081,18743,18638,11523,9037,12854,2732,6606,18794,7780,11775,21769,14734,2246,150,14839,1,31:13
2024-25,1627752,Taurean Prince,Taurean,1610612749,MIL,Milwaukee Bucks,0022400684,2025-01-31T00:00:00,MIL @ SAS,L,29.836666666666666,6.0,16.9,0.357,3.6,9.7,0.375,0.0,0.0,0.0,1.2,4.8,6.0,3.6,0.0,0.0,1.2,2.4,6.0,0.0,15.7,-18.1,32.0,0,0,31.4,1,13222,1,13222,7937,11426,5922,17140,4873,3910,8800,13505,14344,13505,11754,11349,12206,11033,16469,12854,6129,2191,2901,17725,12240,20964,13345,2246,150,12879,1,29:50
2024-25,1630558,Davion Mitchell,Davion,1610612761,TOR,Toronto Raptors,0022400682,2025-01-31T00:00:00,TOR vs. CHI,L,23.466666666666665,4.6,10.7,0.429,4.6,6.1,0.75,0.0,0.0,0.0,0.0,1.5,1.5,3.1,3.1,0.0,0.0,1.5,1.5,1.5,13.8,-32.2,17.2,0,0,23.0,1,13222,1,13222,13330,15493,15815,13735,2885,10347,1542,13505,14344,13505,14058,20804,22530,12694,6233,12854,8263,4646,17100,14856,14145,24057,22421,2246,150,19014,1,23:28
2024-25,1627826,Ivica Zubac,Ivica,1610612746,LAC,LA Clippers,0022400679,2025-01-31T00:00:00,LAC @ CHA,W,31.983333333333334,7.9,11.3,0.7,0.0,0.0,0.0,0.0,0.0,0.0,2.3,10.1,12.4,1.1,1.1,1.1,0.0,0.0,2.3,1.1,15.8,7.9,34.6,1,0,31.5,1,1,13086,1,5982,6889,14919,3045,15070,20945,15070,13505,14344,13505,7411,2479,3208,19272,14972,10817,8263,8846,13875,16798,12168,8695,11406,1,150,12766,1,31:59
2024-25,203552,Seth Curry,Seth,1610612766,CHA,Charlotte Hornets,0022400679,2025-01-31T00:00:00,CHA vs. LAC,L,11.25,6.4,19.2,0.333,3.2,16.0,0.2,6.4,6.4,1.0,0.0,3.2,3.2,0.0,0.0,0.0,0.0,0.0,0.0,3.2,22.4,12.8,26.2,0,0,28.8,1,13222,1,13222,21601,10447,3590,17395,5956,525,13429,2501,4008,1,14058,16089,19237,19908,16469,12854,8263,8846,20257,8563,5920,6475,17450,2246,150,14855,1,11:15
2024-25,1629599,Amir Coffey,Amir,1610612746,LAC,LA Clippers,0022400679,2025-01-31T00:00:00,LAC @ CHA,W,23.7,4.6,7.6,0.6,3.0,4.6,0.667,3.0,3.0,1.0,0.0,1.5,1.5,3.0,3.0,3.0,0.0,0.0,6.1,3.0,15.2,-9.1,27.6,0,0,28.9,1,1,13086,1,13150,15607,20799,5394,6377,14302,1957,7699,9881,1,14058,20834,22547,12800,6319,3065,8263,8846,2849,9103,12718,17482,16462,2246,150,14812,1,23:42
2024-25,1631128,Christian Braun,Christian,1610612743,DEN,Denver Nuggets,0022400681,2025-01-31T00:00:00,DEN @ PHI,W,31.033333333333335,7.0,11.6,0.6,3.5,5.8,0.6,0.0,0.0,0.0,1.2,4.6,5.8,2.3,3.5,1.2,0.0,0.0,1.2,0.0,17.4,-9.3,27.8,0,0,31.3,1,1,13086,1,6853,9018,14305,5394,5189,11203,2992,13505,14344,13505,12044,11880,12762,15152,5058,10503,8263,8846,18763,17725,10429,17570,16340,2246,150,12914,1,31:02
2024-25,1630581,Josh Giddey,Josh,1610612741,CHI,Chicago Bulls,0022400682,2025-01-31T00:00:00,CHI @ TOR,W,30.583333333333332,7.1,12.9,0.545,1.2,4.7,0.25,2.4,2.4,1.0,1.2,7.1,8.2,7.1,3.5,0.0,2.4,0.0,1.2,2.4,17.7,9.4,41.7,0,0,38.8,1,1,13086,1,7243,8779,11944,7695,13489,13932,11902,9436,11608,1,11943,6250,7875,3938,4949,12854,2638,8846,18673,11518,10157,7982,6789,2246,150,7487,1,30:35
2024-25,1641708,Amen Thompson,Amen,1610612745,HOU,Houston Rockets,0022400676,2025-01-30T00:00:00,HOU @ MEM,L,38.29833333333333,6.6,14.1,0.467,0.0,0.0,0.0,6.6,8.5,0.778,0.9,5.6,6.6,3.8,0.9,0.9,3.8,0.9,1.9,4.7,19.7,-0.9,46.4,0,0,39.5,1,13222,1,13222,1224,9987,10010,12249,15070,20945,15070,2338,2220,8092,13720,9189,10999,10623,16198,12439,1054,8421,15788,4718,8130,13491,4561,2246,150,7084,1,38:18
2024-25,1630175,Cole Anthony,Cole,1610612753,ORL,Orlando Magic,0022400678,2025-01-30T00:00:00,ORL @ POR,L,23.816666666666666,9.1,22.7,0.4,4.5,10.6,0.429,1.5,1.5,1.0,1.5,0.0,1.5,3.0,3.0,1.5,1.5,0.0,6.0,3.0,24.2,-18.1,36.6,0,0,39.3,1,13222,1,13222,13062,4577,1510,14933,3005,2895,7394,11770,13475,1,10265,22137,22558,12851,6381,8360,4800,8846,2881,9154,4687,20972,9981,2246,150,7200,1,23:49
2024-25,1630249,Vít Krejčí,Vít,1610612737,ATL,Atlanta Hawks,0022400675,2025-01-30T00:00:00,ATL @ CLE,L,20.816666666666666,3.5,5.2,0.667,1.7,3.5,0.5,1.7,3.5,0.5,1.7,0.0,1.7,0.0,1.7,0.0,0.0,0.0,10.4,1.7,10.4,-38.0,10.7,0,0,13.8,1,13222,1,13222,15419,18408,23329,3281,11310,16738,3944,11365,8968,10625,9476,22137,22262,19908,11808,12854,8263,8846,632,14180,17784,24705,24296,2246,150,23462,1,20:49
2024-25,1631216,Caleb Houstan,Caleb,1610612753,ORL,Orlando Magic,0022400678,2025-01-30T00:00:00,ORL @ POR,L,4.8,7.5,15.0,0.5,0.0,7.5,0.0,0.0,0.0,0.0,0.0,7.5,7.5,0.0,0.0,0.0,0.0,0.0,0.0,0.0,15.0,-60.0,24.0,0,0,22.5,1,13222,1,13222,24089,7762,8606,8526,15070,7397,15070,13505,14344,13505,14058,5495,9165,19908,16469,12854,8263,8846,20257,17725,12895,25689,18937,2246,150,19354,1,4:48
2024-25,1642267,Bub Carrington,Bub,1610612764,WAS,Washington Wizards,0022400674,2025-01-30T00:00:00,WAS vs. LAL,L,21.766666666666666,1.7,13.2,0.125,0.0,8.3,0.0,0.0,0.0,0.0,0.0,1.7,1.7,9.9,1.7,0.0,0.0,0.0,3.3,3.3,3.3,-41.3,18.5,0,0,14.9,1,13222,1,13222,14698,21961,11424,22420,15070,5969,15070,13505,14344,13505,14058,20555,22362,1483,12117,12854,8263,8846,9425,8226,22849,24930,21876,2246,150,23101,1,21:46
2024-25,1630557,Corey Kispert,Corey,1610612764,WAS,Washington Wizards,0022400674,2025-01-30T00:00:00,WAS vs. LAL,L,17.65,8.2,14.3,0.571,2.0,8.2,0.25,4.1,4.1,1.0,4.1,2.0,6.1,0.0,0.0,2.0,2.0,0.0,4.1,2.0,22.4,-22.4,42.0,0,0,38.8,1,13222,1,13222,17819,6289,9727,6538,9963,6156,11902,5559,7670,1,3480,19529,11995,19908,16469,6057,3368,8846,6901,12876,5893,22202,6605,2246,150,7552,1,17:39
2024-25,1631106,Tari Eason,Tari,1610612745,HOU,Houston Rockets,0022400676,2025-01-30T00:00:00,HOU @ MEM,L,29.668333333333333,7.3,14.6,0.5,1.2,3.6,0.333,0.0,1.2,0.0,4.9,9.7,14.6,0.0,2.4,0.0,0.0,2.4,1.2,1.2,15.8,-1.2,30.8,1,0,31.5,1,13222,1,13222,8078,8264,9267,8526,13297,16353,9209,13505,13865,13505,2504,2812,1975,19908,8550,12854,8263,2162,18458,16336,12147,13681,14188,1,150,12738,1,29:40
2024-25,1628976,Wendell Carter Jr.,Wendell,1610612753,ORL,Orlando Magic,0022400678,2025-01-30T00:00:00,ORL @ POR,L,25.316666666666666,4.3,10.0,0.429,0.0,1.4,0.0,8.5,8.5,1.0,2.8,7.1,10.0,1.4,1.4,1.4,0.0,0.0,2.8,4.3,17.1,-4.3,34.0,0,0,31.3,1,13222,1,13222,11729,16410,17138,13735,15070,20355,15070,1169,2169,1,5748,6156,5490,18260,13158,8787,8263,8846,11444,5685,10793,15205,11829,2246,150,12945,1,25:19
2024-25,202684,Tristan Thompson,Tristan,1610612739,CLE,Cleveland Cavaliers,0022400675,2025-01-30T00:00:00,CLE vs. ATL,W,3.7,0.0,0.0,0.0,0.0,0.0,0.0,0.0,0.0,0.0,0.0,29.2,29.2,0.0,0.0,0.0,0.0,0.0,0.0,0.0,0.0,19.5,35.0,0,0,29.2,1,1,13086,1,24623,22635,24836,22635,15070,20945,15070,13505,14344,13505,14058,46,101,19908,16469,12854,8263,8846,20257,17725,23200,4121,11037,2246,150,14548,1,3:42
2024-25,1631116,Patrick Baldwin Jr.,Patrick,1610612764,WAS,Washington Wizards,0022400674,2025-01-30T00:00:00,WAS vs. LAL,L,6.983333333333333,5.2,10.3,0.5,5.2,10.3,0.5,0.0,0.0,0.0,0.0,10.3,10.3,0.0,0.0,0.0,0.0,0.0,0.0,0.0,15.5,10.3,27.8,0,0,30.9,1,13222,1,13222,23177,13938,16544,8526,2102,3145,3944,13505,14344,13505,14058,2346,5105,19908,16469,12854,8263,8846,20257,17725,12450,7556,16342,2246,150,13223,1,6:59
2024-25,1629048,Goga Bitadze,Goga,1610612753,ORL,Orlando Magic,0022400678,2025-01-30T00:00:00,ORL @ POR,L,17.883333333333333,2.0,2.0,1.0,0.0,0.0,0.0,0.0,0.0,0.0,2.0,4.0,6.0,4.0,4.0,2.0,2.0,0.0,6.0,2.0,4.0,-36.2,25.4,0,0,22.1,1,13222,1,13222,17642,21389,24757,1,15070,20945,15070,13505,14344,13505,8330,13640,12187,9874,3834,6192,3448,8846,2891,13025,22541,24545,18032,2246,150,19589,1,17:53
2024-25,1630215,Jared Butler,Jared,1610612764,WAS,Washington Wizards,0022400674,2025-01-30T00:00:00,WAS vs. LAL,L,17.4,4.1,12.4,0.333,0.0,2.1,0.0,8.3,10.3,0.8,0.0,0.0,0.0,6.2,4.1,0.0,0.0,0.0,6.2,4.1,16.6,-6.2,21.7,0,0,22.8,1,13222,1,13222,18004,16748,12867,17395,15070,19426,15070,1284,1240,7681,14058,22137,23286,5152,3594,12854,8263,8846,2702,5963,11333,16163,20304,2246,150,19160,1,17:24
2024-25,1629234,Drew Eubanks,Drew,1610612762,UTA,Utah Jazz,0022400677,2025-01-30T00:00:00,UTA vs. MIN,L,12.933333333333334,8.4,11.1,0.75,0.0,0.0,0.0,0.0,0.0,0.0,0.0,0.0,0.0,5.6,0.0,0.0,0.0,2.8,2.8,0.0,16.7,-30.6,25.1,0,0,22.3,1,13222,1,13222,20774,5883,15133,2107,15070,20945,15070,13505,14344,13505,14058,22137,23286,6308,16469,12854,8263,1618,11712,17725,11169,23831,18252,2246,150,19513,1,12:56
2024-25,202685,Jonas Valančiūnas,Jonas,1610612764,WAS,Washington Wizards,0022400674,2025-01-30T00:00:00,WAS vs. LAL,L,17.8,2.0,16.2,0.125,0.0,2.0,0.0,6.1,6.1,1.0,2.0,4.0,6.1,6.1,2.0,0.0,0.0,0.0,4.0,4.0,10.1,-48.5,24.5,0,0,22.2,1,13222,1,13222,17706,21362,6859,22420,15070,19515,15070,2800,4382,1,8286,13581,12120,5366,10412,12854,8263,8846,7010,6184,18036,25343,18636,2246,150,19529,1,17:48
2024-25,1641740,Jaylen Clark,Jaylen,1610612750,MIN,Minnesota Timberwolves,0022400677,2025-01-30T00:00:00,MIN @ UTA,W,17.041666666666668,4.2,6.3,0.667,2.1,4.2,0.5,2.1,4.2,0.5,0.0,6.3,6.3,4.2,0.0,4.2,0.0,0.0,10.6,4.2,12.7,71.8,39.3,0,0,33.8,1,1,13086,1,18232,16532,22279,3281,9632,15066,3944,10254,7368,10625,14058,7624,11526,9327,16469,1442,8263,8846,603,5779,15420,227,8200,2246,150,11000,1,17:03
2024-25,1641998,Trey Jemison III,Trey,1610612747,LAL,Los Angeles Lakers,0022400674,2025-01-30T00:00:00,LAL @ WAS,W,17.635,4.1,12.2,0.333,0.0,0.0,0.0,0.0,0.0,0.0,2.0,8.2,10.2,2.0,4.1,0.0,4.1,2.0,12.2,0.0,8.2,24.5,31.6,0,0,28.6,1,1,13086,1,17840,16887,13174,17395,15070,20945,15070,13505,14344,13505,8203,4468,5225,16219,3712,12854,874,3092,398,17725,19775,2922,13582,2246,150,15007,1,17:38
2024-25,1630703,Scoot Henderson,Scoot,1610612757,POR,Portland Trail Blazers,0022400678,2025-01-30T00:00:00,POR vs. ORL,W,32.321666666666665,7.8,17.8,0.438,3.3,5.6,0.6,6.7,6.7,1.0,2.2,3.3,5.6,7.8,3.3,2.2,0.0,1.1,3.3,4.5,25.6,30.1,47.3,0,0,46.8,1,1,13086,1,5710,7076,4894,13558,5538,11796,2992,2253,3675,1,7503,15663,13362,3086,5384,5283,8263,6936,9284,5240,3867,1954,4194,2246,150,3557,1,32:19
2024-25,1631222,Jake LaRavia,Jake,1610612763,MEM,Memphis Grizzlies,0022400676,2025-01-30T00:00:00,MEM vs. HOU,W,10.405,3.5,3.5,1.0,3.5,3.5,1.0,6.9,6.9,1.0,3.5,3.5,6.9,0.0,3.5,0.0,0.0,0.0,0.0,3.5,17.3,-6.9,22.1,0,0,27.7,1,1,13086,1,21959,18406,24328,1,5242,16735,1,2062,3455,1,4438,15351,10293,19908,5105,12854,8263,8846,20257,7779,10531,16484,20053,2246,150,15657,1,10:24
2024-25,1629020,Jarred Vanderbilt,Jarred,1610612747,LAL,Los Angeles Lakers,0022400674,2025-01-30T00:00:00,LAL @ WAS,W,16.166666666666668,4.5,6.7,0.667,0.0,0.0,0.0,0.0,0.0,0.0,8.9,6.7,15.6,4.5,2.2,8.9,0.0,0.0,4.5,0.0,8.9,40.1,58.8,0,0,46.8,1,1,13086,1,18815,15917,21917,3281,15070,20945,15070,13505,14344,13505,574,6931,1554,8760,9395,152,8263,8846,5879,17725,19174,977,1363,2246,150,3565,1,16:10
2024-25,1627832,Fred VanVleet,Fred,1610612745,HOU,Houston Rockets,0022400676,2025-01-30T00:00:00,HOU @ MEM,L,36.055,4.0,12.0,0.333,2.0,8.0,0.25,3.0,3.0,1.0,0.0,1.0,1.0,5.0,2.0,1.0,1.0,0.0,1.0,5.0,13.0,-11.0,25.7,0,0,25.0,1,13222,1,13222,2645,17106,13621,17395,10180,6467,11902,7828,9991,1,14058,21976,23209,7481,10539,11975,7486,8846,19715,4132,15110,18316,17842,2246,150,17716,1,36:03
2024-25,1642268,Isaiah Collier,Isaiah,1610612762,UTA,Utah Jazz,0022400677,2025-01-30T00:00:00,UTA vs. MIN,L,30.016666666666666,6.0,8.4,0.714,1.2,2.4,0.5,0.0,0.0,0.0,0.0,2.4,2.4,8.4,4.8,0.0,0.0,0.0,1.2,1.2,13.2,-19.2,23.9,0,0,25.2,1,13222,1,13222,7767,11533,19648,2752,13368,18811,3944,13505,14344,13505,14058,18487,21008,2514,2586,12854,8263,8846,18543,16409,14882,21301,19045,2246,150,17526,1,30:01
2024-25,1629027,Trae Young,Trae,1610612737,ATL,Atlanta Hawks,0022400675,2025-01-30T00:00:00,ATL @ CLE,L,31.85,5.7,18.1,0.313,2.3,9.0,0.25,3.4,4.5,0.75,0.0,1.1,1.1,11.3,2.3,1.1,0.0,0.0,1.1,3.4,17.0,-10.2,36.4,1,0,33.9,1,13222,1,13222,6101,12554,4575,19175,9013,4752,11902,6920,6802,8186,14058,21683,23037,898,9261,10767,8263,8846,18922,7974,10898,17959,10084,1,150,10921,1,31:51
2024-25,1629014,Anfernee Simons,Anfernee,1610612757,POR,Portland Trail Blazers,0022400678,2025-01-30T00:00:00,POR vs. ORL,W,21.495,5.0,15.1,0.333,3.3,6.7,0.5,0.0,0.0,0.0,0.0,3.3,3.3,5.0,0.0,0.0,1.7,1.7,0.0,0.0,13.4,-3.3,30.0,0,0,28.5,1,1,13086,1,14944,14309,8478,17395,5513,9106,3944,13505,14344,13505,14058,15638,18869,7401,16469,12854,4346,4207,20257,17725,14618,14739,14811,2246,150,15094,1,21:30
2024-25,1628991,Jaren Jackson Jr.,Jaren,1610612763,MEM,Memphis Grizzlies,0022400676,2025-01-30T00:00:00,MEM vs. HOU,W,30.993333333333332,8.1,17.4,0.467,1.2,4.6,0.25,7.0,8.1,0.857,0.0,4.6,4.6,4.6,1.2,1.2,0.0,0.0,5.8,5.8,24.4,9.3,39.3,0,0,37.2,1,1,13086,1,6890,6347,5325,12249,13586,14098,11902,2024,2423,7071,14058,11865,15712,8314,14716,10494,8263,8846,3208,2886,4555,8050,8226,2246,150,8602,1,30:60
2024-25,1629675,Naz Reid,Naz,1610612750,MIN,Minnesota Timberwolves,0022400677,2025-01-30T00:00:00,MIN @ UTA,W,28.116666666666667,5.1,6.4,0.8,5.1,6.4,0.8,0.0,0.0,0.0,0.0,5.1,5.1,5.1,0.0,1.3,0.0,0.0,1.3,0.0,15.4,44.8,33.0,0,0,33.3,1,1,13086,1,9444,14028,22210,1688,2136,9747,1389,13505,14344,13505,14058,10498,14459,7201,16469,9580,8263,8846,18122,17725,12555,716,12570,2246,150,11412,1,28:07
2024-25,1642355,Bronny James,Bronny,1610612747,LAL,Los Angeles Lakers,0022400674,2025-01-30T00:00:00,LAL @ WAS,W,12.0,3.0,18.0,0.167,0.0,6.0,0.0,9.0,9.0,1.0,0.0,6.0,6.0,6.0,0.0,3.0,0.0,0.0,6.0,6.0,15.0,9.0,40.2,0,0,33.0,1,1,13086,1,21228,19415,4664,21938,15070,10684,15070,1001,1865,1,14058,8311,12271,5485,16469,3139,8263,8846,2940,2615,12895,8180,7638,2246,150,11653,1,12:00
2024-25,1630166,Deni Avdija,Deni,1610612757,POR,Portland Trail Blazers,0022400678,2025-01-30T00:00:00,POR vs. ORL,W,24.616666666666667,2.9,11.7,0.25,0.0,2.9,0.0,10.2,11.7,0.875,0.0,7.3,7.3,7.3,1.5,0.0,2.9,2.9,1.5,7.3,16.1,23.4,43.1,0,0,36.6,1,1,13086,1,12359,19590,14116,20233,15070,17810,15070,644,836,6931,14058,5816,9548,3606,12946,12854,1785,1423,17383,1440,11836,3173,6064,2246,150,9006,1,24:37
2024-25,1630625,Dalano Banton,Dalano,1610612757,POR,Portland Trail Blazers,0022400678,2025-01-30T00:00:00,POR vs. ORL,W,14.783333333333333,7.3,12.2,0.6,4.9,9.7,0.5,7.3,9.7,0.75,0.0,4.9,4.9,0.0,2.4,0.0,0.0,0.0,0.0,4.9,26.8,9.7,30.2,0,0,36.5,1,1,13086,1,19717,8215,13294,5394,2457,3793,3944,1798,1490,8186,14058,11236,15136,19908,8504,12854,8263,8846,20257,4352,3306,7822,14667,2246,150,9030,1,14:47
2024-25,1628374,Lauri Markkanen,Lauri,1610612762,UTA,Utah Jazz,0022400677,2025-01-30T00:00:00,UTA vs. MIN,L,31.283333333333335,5.8,15.0,0.385,3.5,11.5,0.3,2.3,3.5,0.667,1.2,1.2,2.3,0.0,1.2,0.0,1.2,0.0,1.2,1.2,17.3,-1.2,22.3,0,0,25.3,1,13222,1,13222,6630,12257,8666,16070,5249,2093,11319,9607,8977,9425,12094,21628,21200,19908,14785,12854,6478,8846,18808,16642,10566,13642,19967,2246,150,17419,1,31:17
2024-25,203944,Julius Randle,Julius,1610612750,MIN,Minnesota Timberwolves,0022400677,2025-01-30T00:00:00,MIN @ UTA,W,10.25,10.5,24.6,0.429,0.0,7.0,0.0,0.0,0.0,0.0,0.0,3.5,3.5,3.5,0.0,0.0,0.0,3.5,0.0,0.0,21.1,-49.2,30.6,0,0,28.1,1,1,13086,1,22011,2676,907,13735,15070,8416,15070,13505,14344,13505,14058,15198,18520,11358,16469,12854,8263,904,20257,17725,7024,25376,14384,2246,150,15359,1,10:15
2024-25,1629636,Darius Garland,Darius,1610612739,CLE,Cleveland Cavaliers,0022400675,2025-01-30T00:00:00,CLE vs. ATL,W,30.316666666666666,13.1,23.7,0.55,2.4,7.1,0.333,2.4,2.4,1.0,0.0,2.4,2.4,8.3,3.6,2.4,0.0,0.0,4.7,2.4,30.9,8.3,49.8,0,0,48.7,1,1,13086,1,7479,1012,1135,7655,8573,8204,9209,9401,11559,1,14058,18563,21058,2600,4874,4782,8263,8846,5179,11449,1811,8484,3339,2246,150,2929,1,30:19
2024-25,1628378,Donovan Mitchell,Donovan,1610612739,CLE,Cleveland Cavaliers,0022400675,2025-01-30T00:00:00,CLE vs. ATL,W,27.35,10.5,21.1,0.5,5.3,13.2,0.4,5.3,6.6,0.8,0.0,1.3,1.3,7.9,1.3,1.3,0.0,1.3,1.3,3.9,31.6,22.4,47.6,0,0,48.7,1,1,13086,1,10062,2687,2303,8526,1979,1221,7874,3695,3793,7681,14058,21253,22797,3003,13733,9372,8263,5572,17971,6449,1614,3389,4088,2246,150,2921,1,27:21
2024-25,203903,Jordan Clarkson,Jordan,1610612762,UTA,Utah Jazz,0022400677,2025-01-30T00:00:00,UTA vs. MIN,L,25.166666666666668,8.6,18.6,0.462,4.3,11.4,0.375,1.4,1.4,1.0,0.0,0.0,0.0,4.3,1.4,2.9,0.0,4.3,4.3,2.9,22.9,-44.3,36.5,0,0,37.2,1,13222,1,13222,11859,5473,4126,12428,3407,2143,8800,11949,13561,1,14058,22137,23286,9152,13103,3511,8263,550,6313,9723,5566,25142,10044,2246,150,8591,1,25:10
2024-25,1629060,Rui Hachimura,Rui,1610612747,LAL,Los Angeles Lakers,0022400674,2025-01-30T00:00:00,LAL @ WAS,W,25.548333333333332,12.7,16.9,0.75,5.6,7.0,0.8,0.0,0.0,0.0,0.0,5.6,5.6,0.0,1.4,1.4,1.4,2.8,1.4,0.0,31.0,29.6,44.8,0,0,47.9,1,1,13086,1,11549,1160,5904,2107,1632,8369,1389,13505,14344,13505,14058,9205,13191,19908,13229,8846,5193,1578,17586,17725,1775,2018,5270,2246,150,3177,1,25:33
2024-25,1630243,Trevelin Queen,Trevelin,1610612753,ORL,Orlando Magic,0022400678,2025-01-30T00:00:00,ORL @ POR,L,6.216666666666667,5.8,17.4,0.333,0.0,11.6,0.0,0.0,0.0,0.0,0.0,0.0,0.0,0.0,5.8,0.0,0.0,0.0,11.6,0.0,11.6,-40.5,5.8,0,0,11.6,1,13222,1,13222,23504,12132,5377,17395,15070,2045,15070,13505,14344,13505,14058,22137,23286,19908,1565,12854,8263,8846,459,17725,16587,24884,24938,2246,150,24088,1,6:13
2024-25,1630590,Scotty Pippen Jr.,Scotty,1610612763,MEM,Memphis Grizzlies,0022400676,2025-01-30T00:00:00,MEM vs. HOU,W,12.335,2.9,5.8,0.5,0.0,0.0,0.0,5.8,5.8,1.0,5.8,2.9,8.8,14.6,2.9,0.0,0.0,0.0,11.7,5.8,11.7,-20.4,41.2,0,0,35.0,1,1,13086,1,21083,19611,22777,8526,15070,20945,15070,3042,4708,1,1723,17022,7094,328,6778,12854,8263,8846,452,2841,16498,21686,7085,2246,150,10080,1,12:20
2024-25,1631200,Kris Murray,Kris,1610612757,POR,Portland Trail Blazers,0022400678,2025-01-30T00:00:00,POR vs. ORL,W,6.45,0.0,5.6,0.0,0.0,0.0,0.0,0.0,0.0,0.0,0.0,0.0,0.0,0.0,0.0,5.6,0.0,5.6,0.0,0.0,0.0,16.7,16.7,0,0,11.2,1,1,13086,1,23387,22635,23011,22635,15070,20945,15070,13505,14344,13505,14058,22137,23286,19908,16469,608,8263,269,20257,17725,23200,4992,22580,2246,150,24182,1,6:27
2024-25,1629637,Jaxson Hayes,Jaxson,1610612747,LAL,Los Angeles Lakers,0022400674,2025-01-30T00:00:00,LAL @ WAS,W,25.133333333333333,5.7,5.7,1.0,0.0,0.0,0.0,2.9,2.9,1.0,2.9,11.5,14.3,2.9,4.3,0.0,4.3,0.0,5.7,2.9,14.3,37.2,44.4,1,0,40.1,1,1,13086,1,11883,12327,22876,1,15070,20945,15070,8181,10320,1,5687,1662,2093,13400,3337,12854,760,8846,3339,9711,13582,1178,5462,1,150,6724,1,25:08
2024-25,1631121,Bryce McGowens,Bryce,1610612757,POR,Portland Trail Blazers,0022400678,2025-01-30T00:00:00,POR vs. ORL,W,3.4,0.0,0.0,0.0,0.0,0.0,0.0,10.6,10.6,1.0,0.0,0.0,0.0,0.0,0.0,0.0,0.0,0.0,0.0,21.2,10.6,21.2,10.6,0,0,10.6,1,1,13086,1,24770,22635,24836,22635,15070,20945,15070,550,1160,1,14058,22137,23286,19908,16469,12854,8263,8846,20257,35,17568,3654,24323,2246,150,24315,1,3:24
2024-25,1630183,Jaden McDaniels,Jaden,1610612750,MIN,Minnesota Timberwolves,0022400677,2025-01-30T00:00:00,MIN @ UTA,W,30.783333333333335,1.2,4.7,0.25,0.0,2.3,0.0,2.3,2.3,1.0,0.0,4.7,4.7,1.2,2.3,0.0,0.0,0.0,4.7,2.3,4.7,15.2,9.7,0,0,10.5,1,1,13086,1,7055,22519,23699,20233,15070,18920,15070,9493,11666,1,14058,11775,15622,19116,8905,12854,8263,8846,5344,11592,22199,5544,24463,2246,150,24331,1,30:47
2024-25,1641731,Bilal Coulibaly,Bilal,1610612764,WAS,Washington Wizards,0022400674,2025-01-30T00:00:00,WAS vs. LAL,L,26.096666666666668,2.8,8.3,0.333,0.0,2.8,0.0,2.8,2.8,1.0,2.8,1.4,4.1,0.0,1.4,0.0,0.0,1.4,1.4,1.4,8.3,-34.5,11.9,0,0,12.4,1,13222,1,13222,11097,19961,19830,17395,15070,18145,15070,8442,10590,1,5952,21127,16975,19908,13406,12854,8263,5264,17707,15531,19670,24360,24046,2246,150,23894,1,26:06
2024-25,1641783,Tristan da Silva,Tristan,1610612753,ORL,Orlando Magic,0022400678,2025-01-30T00:00:00,ORL @ POR,L,20.65,0.0,0.0,0.0,0.0,0.0,0.0,0.0,0.0,0.0,0.0,1.7,1.7,1.7,1.7,1.7,1.7,0.0,1.7,0.0,0.0,-29.6,13.4,0,0,10.5,1,13222,1,13222,15523,22635,24836,22635,15070,20945,15070,13505,14344,13505,14058,20369,22239,17254,11771,7473,4185,8846,16398,17725,23200,23682,23654,2246,150,24343,1,20:39
2024-25,203497,Rudy Gobert,Rudy,1610612750,MIN,Minnesota Timberwolves,0022400677,2025-01-30T00:00:00,MIN @ UTA,W,34.016666666666666,6.3,8.5,0.75,0.0,0.0,0.0,4.2,6.3,0.667,3.2,6.3,9.5,5.3,1.1,0.0,4.2,1.1,0.0,3.2,16.9,7.4,47.9,0,0,40.2,1,1,13086,1,4244,10564,19542,2107,15070,20945,15070,5287,4065,9425,4998,7595,6024,6841,15433,12854,799,7419,20257,8649,10924,8933,4001,2246,150,6668,1,34:01
2024-25,1641734,Emoni Bates,Emoni,1610612739,CLE,Cleveland Cavaliers,0022400675,2025-01-30T00:00:00,CLE vs. ATL,W,3.7,0.0,9.7,0.0,0.0,9.7,0.0,0.0,0.0,0.0,0.0,0.0,0.0,9.7,0.0,0.0,0.0,0.0,0.0,0.0,0.0,19.5,14.6,0,0,9.7,1,1,13086,1,24623,22635,17510,22635,15070,3799,15070,13505,14344,13505,14058,22137,23286,1571,16469,12854,8263,8846,20257,17725,23200,4121,23312,2246,150,24481,1,3:42
2024-25,1630256,Jae'Sean Tate,Jae'Sean,1610612745,HOU,Houston Rockets,0022400676,2025-01-30T00:00:00,HOU @ MEM,L,10.69,0.0,6.7,0.0,0.0,0.0,0.0,3.4,6.7,0.5,6.7,0.0,6.7,3.4,3.4,3.4,0.0,0.0,3.4,6.7,3.4,-20.2,23.2,0,0,20.2,1,13222,1,13222,21847,22635,21851,22635,15070,20945,15070,6965,3618,10625,1259,22137,10666,11771,5313,2444,8263,8846,9193,1874,22823,21608,19420,2246,150,20745,1,10:41
2024-25,1631223,David Roddy,David,1610612737,ATL,Atlanta Hawks,0022400675,2025-01-30T00:00:00,ATL @ CLE,L,3.7,0.0,9.7,0.0,0.0,0.0,0.0,0.0,0.0,0.0,0.0,0.0,0.0,0.0,0.0,0.0,0.0,0.0,0.0,0.0,0.0,-19.5,0.0,0,0,0.0,1,13222,1,13222,24623,22635,17510,22635,15070,20945,15070,13505,14344,13505,14058,22137,23286,19908,16469,12854,8263,8846,20257,17725,23200,21387,25228,2246,150,25259,1,3:42
2024-25,1641854,Craig Porter Jr.,Craig,1610612739,CLE,Cleveland Cavaliers,0022400675,2025-01-30T00:00:00,CLE vs. ATL,W,8.566666666666666,4.2,4.2,1.0,0.0,0.0,0.0,0.0,0.0,0.0,0.0,0.0,0.0,4.2,4.2,0.0,0.0,0.0,4.2,0.0,8.4,-12.6,10.5,0,0,12.6,1,1,13086,1,22608,16589,23992,1,15070,20945,15070,13505,14344,13505,14058,22137,23286,9374,3494,12854,8263,8846,6544,17725,19592,18983,24338,2246,150,23836,1,8:34
2024-25,1628379,Luke Kennard,Luke,1610612763,MEM,Memphis Grizzlies,0022400676,2025-01-30T00:00:00,MEM vs. HOU,W,33.09,9.8,16.3,0.6,3.3,6.5,0.5,1.1,2.2,0.5,0.0,1.1,1.1,2.2,3.3,2.2,0.0,1.1,1.1,4.4,23.9,3.3,31.8,0,0,34.8,1,1,13086,1,5082,3486,6650,5394,5771,9485,3944,12942,12166,10625,14058,21782,23099,15705,5623,5489,8263,7166,19168,5468,4847,10992,13496,2246,150,10221,1,33:05
2024-25,1631094,Paolo Banchero,Paolo,1610612753,ORL,Orlando Magic,0022400678,2025-01-30T00:00:00,ORL @ POR,L,33.255,10.8,24.9,0.435,0.0,4.3,0.0,1.1,3.2,0.333,1.1,5.4,6.5,3.2,3.2,1.1,0.0,4.3,1.1,3.2,22.7,-24.9,35.4,0,0,34.6,1,13222,1,13222,4940,2395,848,13702,15070,14844,15070,12958,9424,13132,12613,9758,11189,12159,5673,11173,8263,535,19198,8417,5682,22787,10804,2246,150,10337,1,33:15
2024-25,1629638,Nickeil Alexander-Walker,Nickeil,1610612750,MIN,Minnesota Timberwolves,0022400677,2025-01-30T00:00:00,MIN @ UTA,W,31.908333333333335,5.6,13.5,0.417,5.6,11.3,0.5,0.0,0.0,0.0,0.0,4.5,4.5,5.6,1.1,1.1,0.0,0.0,2.3,2.3,16.9,6.8,33.1,0,0,35.0,1,1,13086,1,6060,12580,10942,14532,1622,2267,3944,13505,14344,13505,14058,12233,16025,6159,14950,10789,8263,8846,13843,11915,10934,9257,12546,2246,150,10112,1,31:55
2024-25,203500,Steven Adams,Steven,1610612745,HOU,Houston Rockets,0022400676,2025-01-30T00:00:00,HOU @ MEM,L,23.031666666666666,6.3,14.1,0.444,0.0,0.0,0.0,4.7,4.7,1.0,10.9,4.7,15.6,4.7,1.6,1.6,0.0,0.0,3.1,4.7,17.2,-9.4,46.1,1,0,40.6,1,13222,1,13222,13706,10844,10065,13045,15070,20945,15070,4530,6498,1,315,11736,1546,8208,12493,8137,8263,8846,10183,4741,10639,17616,4694,1,150,6420,1,23:02
2024-25,1629028,Deandre Ayton,Deandre,1610612757,POR,Portland Trail Blazers,0022400678,2025-01-30T00:00:00,POR vs. ORL,W,34.62166666666667,10.4,12.5,0.833,0.0,0.0,0.0,2.1,4.2,0.5,4.2,4.2,8.3,3.1,2.1,3.1,0.0,0.0,0.0,3.1,22.9,32.2,44.8,0,0,40.6,1,1,13086,1,3769,2826,12765,1514,15070,20945,15070,10359,7502,10625,3355,13241,7741,12562,10099,2893,8263,8846,20257,8818,5576,1706,5263,2246,150,6476,1,34:37
2024-25,1630811,Keaton Wallace,Keaton,1610612737,ATL,Atlanta Hawks,0022400675,2025-01-30T00:00:00,ATL @ CLE,L,16.15,2.2,11.1,0.2,0.0,8.9,0.0,0.0,0.0,0.0,0.0,0.0,0.0,6.7,2.2,2.2,0.0,0.0,4.5,0.0,4.5,-29.0,18.9,0,0,15.6,1,13222,1,13222,18827,20982,15111,21401,15070,4941,15070,13505,14344,13505,14058,22137,23286,4444,9385,5273,8263,8846,5871,17725,22314,23585,21669,2246,150,22848,1,16:09
2024-25,1630224,Jalen Green,Jalen,1610612745,HOU,Houston Rockets,0022400676,2025-01-30T00:00:00,HOU @ MEM,L,38.51,7.5,19.6,0.381,4.7,9.3,0.5,3.7,4.7,0.8,0.9,4.7,5.6,4.7,1.9,0.0,0.0,1.9,0.9,3.7,23.4,9.3,35.2,0,0,38.3,1,13222,1,13222,1105,7815,3251,16250,2779,4318,3944,6203,6534,7681,13746,11789,13270,8248,11228,12854,8263,3671,20052,7019,5227,8019,10906,2246,150,7810,1,38:31
2024-25,1642377,Jaylen Wells,Jaylen,1610612763,MEM,Memphis Grizzlies,0022400676,2025-01-30T00:00:00,MEM vs. HOU,W,30.055,6.0,8.4,0.714,1.2,3.6,0.333,0.0,0.0,0.0,0.0,3.6,3.6,3.6,0.0,1.2,1.2,0.0,1.2,3.6,13.2,14.4,30.1,0,0,26.4,1,1,13086,1,7738,11555,19658,2752,13380,16456,9209,13505,14344,13505,14058,14947,18339,11104,16469,10190,6188,8846,18550,7409,14907,5867,14751,2246,150,16668,1,30:03
2024-25,1641712,Rayan Rupert,Rayan,1610612757,POR,Portland Trail Blazers,0022400678,2025-01-30T00:00:00,POR vs. ORL,W,3.8,9.5,18.9,0.5,0.0,9.5,0.0,9.5,18.9,0.5,0.0,9.5,9.5,0.0,0.0,0.0,0.0,0.0,0.0,9.5,28.4,18.9,39.8,0,0,37.9,1,1,13086,1,24574,3912,3793,8526,15070,4137,15070,848,159,10625,14058,3039,6091,19908,16469,12854,8263,8846,20257,528,2620,4275,7890,2246,150,8084,1,3:48
2024-25,1630700,Dyson Daniels,Dyson,1610612737,ATL,Atlanta Hawks,0022400675,2025-01-30T00:00:00,ATL @ CLE,L,30.483333333333334,3.5,9.4,0.375,1.2,1.2,1.0,0.0,0.0,0.0,1.2,7.1,8.3,5.9,1.2,1.2,0.0,0.0,1.2,0.0,8.3,-13.0,29.4,0,0,26.0,1,13222,1,13222,7334,18222,18047,16299,13470,20646,1,13505,14344,13505,11925,6206,7827,5662,14575,10338,8263,8846,18649,17725,19681,19123,15210,2246,150,16947,1,30:29
2024-25,1626158,Richaun Holmes,Richaun,1610612764,WAS,Washington Wizards,0022400674,2025-01-30T00:00:00,WAS vs. LAL,L,15.083333333333334,7.2,9.5,0.75,0.0,0.0,0.0,0.0,0.0,0.0,2.4,9.5,11.9,2.4,2.4,2.4,2.4,0.0,2.4,2.4,14.3,-4.8,44.2,0,0,38.2,1,13222,1,13222,19506,8560,17862,2107,15070,20945,15070,13505,14344,13505,6965,2964,3550,14924,8714,4741,2582,8846,13279,11401,13585,15457,5601,2246,150,7910,1,15:05
2024-25,1630551,Justin Champagnie,Justin,1610612764,WAS,Washington Wizards,0022400674,2025-01-30T00:00:00,WAS vs. LAL,L,16.276666666666667,4.4,11.1,0.4,0.0,4.4,0.0,4.4,4.4,1.0,4.4,2.2,6.6,2.2,2.2,0.0,2.2,0.0,4.4,2.2,13.3,-26.5,29.0,0,0,26.5,1,13222,1,13222,18745,16000,15264,14933,15070,14630,15070,4950,6987,1,3023,19038,10876,15586,9466,12854,2922,8846,5960,12112,14786,23140,15504,2246,150,16508,1,16:17
2024-25,1628415,Dillon Brooks,Dillon,1610612745,HOU,Houston Rockets,0022400676,2025-01-30T00:00:00,HOU @ MEM,L,30.466666666666665,10.6,20.1,0.529,3.5,8.3,0.429,1.2,1.2,1.0,1.2,1.2,2.4,0.0,2.4,0.0,0.0,0.0,7.1,2.4,26.0,0.0,26.5,0,0,31.9,1,13222,1,13222,7345,2577,2898,8281,5043,5965,7394,12663,13918,1,11922,21562,21072,19908,8803,12854,8263,8846,1905,11488,3686,12240,17308,2246,150,12454,1,30:28
2024-25,1629660,Ty Jerome,Ty,1610612739,CLE,Cleveland Cavaliers,0022400675,2025-01-30T00:00:00,CLE vs. ATL,W,26.066666666666666,12.4,15.2,0.818,1.4,2.8,0.5,1.4,1.4,1.0,0.0,2.8,2.8,8.3,1.4,2.8,0.0,0.0,1.4,2.8,27.6,29.0,50.3,0,0,45.6,1,1,13086,1,11112,1284,8265,1653,12516,18135,3944,12066,13615,1,14058,17523,20330,2629,13396,3773,8263,8846,17697,10094,2924,2108,3190,2246,150,3994,1,26:04
2024-25,1630596,Evan Mobley,Evan,1610612739,CLE,Cleveland Cavaliers,0022400675,2025-01-30T00:00:00,CLE vs. ATL,W,27.116666666666667,9.3,15.9,0.583,0.0,2.7,0.0,2.7,2.7,1.0,2.7,10.6,13.3,5.3,1.3,1.3,1.3,0.0,0.0,4.0,21.2,25.2,51.8,1,0,45.1,1,1,13086,1,10256,4213,7216,6296,15070,18340,15070,8674,10848,1,6213,2137,2620,6799,13679,9310,5527,8846,20257,6354,6891,2765,2766,1,150,4190,1,27:07
2024-25,1628381,John Collins,John,1610612762,UTA,Utah Jazz,0022400677,2025-01-30T00:00:00,UTA vs. MIN,L,28.0,6.4,15.4,0.417,2.6,3.9,0.667,5.1,6.4,0.8,1.3,5.1,6.4,1.3,3.9,1.3,2.6,2.6,5.1,3.9,20.6,-15.4,37.9,0,0,38.6,1,13222,1,13222,9543,10362,7915,14532,7910,15882,1957,3825,3965,7681,11262,10438,11317,18707,4172,9541,2259,1917,4291,6686,7422,20068,9061,2246,150,7653,1,28:00
2024-25,1629634,Brandon Clarke,Brandon,1610612763,MEM,Memphis Grizzlies,0022400676,2025-01-30T00:00:00,MEM vs. HOU,W,30.625,7.1,8.2,0.857,0.0,0.0,0.0,1.2,2.4,0.5,2.4,3.5,5.9,0.0,0.0,3.5,2.4,0.0,4.7,2.4,15.3,1.2,40.0,0,0,32.9,1,1,13086,1,7198,8807,19900,1412,15070,20945,15070,12683,11622,10625,7087,15152,12573,19908,16469,2210,2643,8846,5278,11540,12632,12031,7783,2246,150,11718,1,30:38
2024-25,1626204,Larry Nance Jr.,Larry,1610612737,ATL,Atlanta Hawks,0022400675,2025-01-30T00:00:00,ATL @ CLE,L,15.155,0.0,11.9,0.0,0.0,4.8,0.0,0.0,0.0,0.0,2.4,9.5,11.9,4.8,0.0,0.0,0.0,2.4,0.0,2.4,0.0,-38.0,21.4,0,0,16.6,1,13222,1,13222,19467,22635,13810,22635,15070,13837,15070,13505,14344,13505,7005,3007,3597,8049,16469,12854,8263,2274,20257,11446,23200,24696,20486,2246,150,22456,1,15:09
2024-25,1628398,Kyle Kuzma,Kyle,1610612764,WAS,Washington Wizards,0022400674,2025-01-30T00:00:00,WAS vs. LAL,L,20.866666666666667,5.2,24.2,0.214,3.5,13.8,0.25,8.6,15.5,0.556,0.0,5.2,5.2,1.7,0.0,0.0,0.0,3.5,0.0,8.6,22.4,-41.4,31.2,0,0,32.8,1,13222,1,13222,15383,13876,1023,21369,5253,990,11902,1133,313,10597,14058,10342,14327,17292,16469,12854,8263,955,20257,779,5902,24936,13882,2246,150,11819,1,20:52
2024-25,1630241,Sam Merrill,Sam,1610612739,CLE,Cleveland Cavaliers,0022400675,2025-01-30T00:00:00,CLE vs. ATL,W,23.716666666666665,3.0,9.1,0.333,0.0,6.1,0.0,0.0,0.0,0.0,3.0,1.5,4.6,6.1,1.5,3.0,1.5,0.0,4.6,0.0,6.1,16.7,32.8,0,0,25.8,1,1,13086,1,13138,19349,18553,17395,15070,10514,15070,13505,14344,13505,5257,20839,15915,5365,12666,3069,4788,8846,5660,17725,21340,5005,12735,2246,150,17065,1,23:43
2024-25,1641729,Brice Sensabaugh,Brice,1610612762,UTA,Utah Jazz,0022400677,2025-01-30T00:00:00,UTA vs. MIN,L,14.933333333333334,2.4,12.1,0.2,2.4,9.6,0.25,0.0,0.0,0.0,0.0,2.4,2.4,0.0,2.4,2.4,0.0,2.4,0.0,0.0,7.2,-33.8,14.9,0,0,16.9,1,13222,1,13222,19616,20641,13502,21401,8447,3918,11902,13505,14344,13505,14058,18446,20985,19908,8606,4659,8263,2193,20257,17725,20539,24270,23199,2246,150,22359,1,14:56
2024-25,1630217,Desmond Bane,Desmond,1610612763,MEM,Memphis Grizzlies,0022400676,2025-01-30T00:00:00,MEM vs. HOU,W,39.58833333333333,10.0,21.8,0.458,0.0,1.8,0.0,1.8,2.7,0.667,1.8,9.1,10.9,5.5,1.8,0.0,0.0,1.8,1.8,1.8,21.8,10.9,41.3,1,0,38.2,1,1,13086,1,691,3217,1892,12650,15070,19890,15070,11201,10677,9425,9173,3412,4492,6522,11458,12854,8263,3841,16092,13857,6358,7274,6998,1,150,7903,1,39:35
2024-25,1628371,Jonathan Isaac,Jonathan,1610612753,ORL,Orlando Magic,0022400678,2025-01-30T00:00:00,ORL @ POR,L,15.728333333333333,2.3,4.6,0.5,0.0,0.0,0.0,4.6,4.6,1.0,6.9,4.6,11.4,2.3,0.0,6.9,4.6,0.0,2.3,4.6,9.2,-4.6,60.7,0,0,45.8,1,13222,1,13222,19112,20877,23754,8526,15070,20945,15070,4720,6697,1,1196,12055,4013,15278,16469,325,660,8846,13699,4987,18941,15359,1114,2246,150,3902,1,15:44
2024-25,1641715,Cam Whitmore,Cam,1610612745,HOU,Houston Rockets,0022400676,2025-01-30T00:00:00,HOU @ MEM,L,16.916666666666668,4.3,12.8,0.333,2.1,6.4,0.333,0.0,0.0,0.0,2.1,2.1,4.3,4.3,2.1,2.1,0.0,0.0,6.4,0.0,10.6,6.4,26.4,0,0,25.5,1,13222,1,13222,18307,16446,12270,17395,9563,9790,9209,13505,14344,13505,7858,19277,16659,9238,9856,5667,8263,8846,2509,17725,17520,9428,17358,2246,150,17255,1,16:55
2024-25,1630583,Santi Aldama,Santi,1610612763,MEM,Memphis Grizzlies,0022400676,2025-01-30T00:00:00,MEM vs. HOU,W,26.245,8.2,17.8,0.462,4.1,11.0,0.375,0.0,0.0,0.0,1.4,5.5,6.9,1.4,0.0,0.0,2.7,0.0,4.1,0.0,20.6,-8.2,39.1,0,0,38.4,1,1,13086,1,10960,6144,4876,12428,3747,2518,8800,13505,14344,13505,10877,9565,10412,18427,16469,12854,2026,8846,6783,17725,7420,17064,8344,2246,150,7763,1,26:15
2024-25,1630559,Austin Reaves,Austin,1610612747,LAL,Los Angeles Lakers,0022400674,2025-01-30T00:00:00,LAL @ WAS,W,30.083333333333332,7.2,16.8,0.429,4.8,8.4,0.571,1.2,2.4,0.5,0.0,7.2,7.2,6.0,2.4,0.0,0.0,2.4,1.2,3.6,20.3,28.7,35.5,0,0,38.3,1,1,13086,1,7702,8511,6109,13735,2582,5787,3506,12604,11507,10625,14058,6039,9787,5526,8688,12854,8263,2240,18553,7418,7621,2145,10701,2246,150,7830,1,30:05
2024-25,1631098,Johnny Davis,Johnny,1610612764,WAS,Washington Wizards,0022400674,2025-01-30T00:00:00,WAS vs. LAL,L,10.15,0.0,7.1,0.0,0.0,3.5,0.0,7.1,7.1,1.0,0.0,7.1,7.1,0.0,3.5,3.5,0.0,0.0,0.0,3.5,7.1,-17.7,22.7,0,0,21.3,1,13222,1,13222,22055,22635,21448,22635,15070,16553,15070,1947,3280,1,14058,6188,9967,19908,4917,2183,8263,8846,20257,7538,20641,20845,19749,2246,150,20109,1,10:09
2024-25,1641718,Keyonte George,Keyonte,1610612762,UTA,Utah Jazz,0022400677,2025-01-30T00:00:00,UTA vs. MIN,L,26.916666666666668,9.4,9.4,1.0,2.7,2.7,1.0,9.4,10.7,0.875,0.0,1.3,1.3,4.0,1.3,0.0,1.3,0.0,2.7,8.0,30.8,-29.4,41.1,0,0,41.5,1,13222,1,13222,10399,4100,18181,1,7611,18305,1,884,1112,6931,14058,21218,22776,9904,13633,12854,5495,8846,12143,1004,1841,23649,7143,2246,150,5940,1,26:55
2024-25,1641774,Tristan Vukcevic,Tristan,1610612764,WAS,Washington Wizards,0022400674,2025-01-30T00:00:00,WAS vs. LAL,L,12.0,9.0,18.0,0.5,3.0,9.0,0.333,6.0,6.0,1.0,6.0,3.0,9.0,3.0,6.0,0.0,0.0,0.0,3.0,9.0,27.0,-9.0,36.3,0,0,42.0,1,13222,1,13222,21228,4700,4664,8526,6500,4827,9209,2855,4464,1,1612,16717,6730,12925,1378,12854,8263,8846,10710,653,3208,17421,10161,2246,150,5645,1,12:00
2024-25,1631108,Max Christie,Max,1610612747,LAL,Los Angeles Lakers,0022400674,2025-01-30T00:00:00,LAL @ WAS,W,29.781666666666666,4.8,8.5,0.571,3.6,6.0,0.6,2.4,2.4,1.0,0.0,4.8,4.8,3.6,1.2,1.2,0.0,0.0,4.8,3.6,15.7,25.4,29.4,0,0,30.2,1,1,13086,1,7991,14846,19555,6538,4852,10591,2992,9283,11429,1,14058,11319,15211,11004,14376,10100,8263,8846,4982,7314,12208,2731,15230,2246,150,13783,1,29:47
2024-25,1627777,Georges Niang,Georges,1610612739,CLE,Cleveland Cavaliers,0022400675,2025-01-30T00:00:00,CLE vs. ATL,W,17.883333333333333,4.0,12.1,0.333,4.0,12.1,0.333,8.1,8.1,1.0,2.0,4.0,6.0,0.0,0.0,0.0,0.0,0.0,8.1,6.0,20.1,50.3,27.4,0,0,30.2,1,1,13086,1,17642,17033,13459,17395,3949,1742,9209,1389,2488,1,8330,13640,12187,19908,16469,12854,8263,8846,1340,2575,7813,542,16678,2246,150,13803,1,17:53
2024-25,1630532,Franz Wagner,Franz,1610612753,ORL,Orlando Magic,0022400678,2025-01-30T00:00:00,ORL @ POR,L,31.45,9.2,19.5,0.471,1.1,5.7,0.2,8.0,9.2,0.875,2.3,1.1,3.4,3.4,1.1,0.0,0.0,1.1,4.6,6.9,27.5,-8.0,35.6,0,0,35.5,1,13222,1,13222,6450,4428,3369,12143,13683,11400,13429,1411,1788,6931,7282,21649,18699,11590,14832,12854,8263,6680,5595,1765,2989,16979,10661,2246,150,9742,1,31:27
2024-25,1629673,Jordan Poole,Jordan,1610612764,WAS,Washington Wizards,0022400674,2025-01-30T00:00:00,WAS vs. LAL,L,25.19333333333333,7.1,21.4,0.333,4.3,14.3,0.3,8.6,10.0,0.857,1.4,5.7,7.1,2.9,4.3,0.0,0.0,2.9,5.7,7.1,27.2,-31.4,35.7,0,0,41.4,1,13222,1,13222,11843,8589,2074,17395,3412,857,11319,1154,1375,7071,10633,9005,9862,13422,3349,12854,8263,1523,3359,1549,3137,23954,10562,2246,150,5953,1,25:12
2024-25,1631230,Dominick Barlow,Dominick,1610612737,ATL,Atlanta Hawks,0022400675,2025-01-30T00:00:00,ATL @ CLE,L,4.716666666666667,7.6,15.3,0.5,0.0,0.0,0.0,0.0,0.0,0.0,0.0,15.3,15.3,0.0,0.0,0.0,0.0,0.0,0.0,0.0,15.3,-7.6,33.6,0,0,30.5,1,13222,1,13222,24137,7428,8153,8526,15070,20945,15070,13505,14344,13505,14058,524,1660,19908,16469,12854,8263,8846,20257,17725,12639,16800,12123,2246,150,13526,1,4:43
2024-25,1631101,Shaedon Sharpe,Shaedon,1610612757,POR,Portland Trail Blazers,0022400678,2025-01-30T00:00:00,POR vs. ORL,W,32.78333333333333,9.9,15.4,0.643,3.3,6.6,0.5,2.2,2.2,1.0,1.1,1.1,2.2,2.2,1.1,1.1,0.0,0.0,2.2,3.3,25.3,28.6,33.4,0,0,35.1,1,1,13086,1,5340,3355,7996,4607,5684,9344,3944,9961,12101,1,12482,21754,21420,15639,15139,11037,8263,8846,14116,8268,4084,2178,12277,2246,150,9998,1,32:47
2024-25,1629012,Collin Sexton,Collin,1610612762,UTA,Utah Jazz,0022400677,2025-01-30T00:00:00,UTA vs. MIN,L,29.516666666666666,6.1,11.0,0.556,2.4,3.7,0.667,8.5,9.8,0.875,0.0,3.7,3.7,6.1,3.7,0.0,0.0,1.2,4.9,4.9,23.2,-1.2,33.1,0,0,35.4,1,13222,1,13222,8205,11229,15395,7248,8347,16313,1957,1165,1481,6931,14058,14760,18181,5325,4658,12854,8263,6126,4879,4337,5369,13686,12549,2246,150,9823,1,29:31
2024-25,1629111,Jock Landale,Jock,1610612745,HOU,Houston Rockets,0022400676,2025-01-30T00:00:00,HOU @ MEM,L,16.363333333333333,4.4,6.6,0.667,2.2,2.2,1.0,6.6,8.8,0.75,4.4,2.2,6.6,4.4,0.0,2.2,0.0,2.2,6.6,6.6,17.6,15.4,38.7,0,0,35.2,1,13222,1,13222,18688,16059,22018,3281,9239,19170,1,2317,1985,8186,3051,19064,10952,8883,16469,5390,8263,2641,2320,1991,10224,5470,8577,2246,150,9951,1,16:22
2024-25,1642261,Dalton Knecht,Dalton,1610612747,LAL,Los Angeles Lakers,0022400674,2025-01-30T00:00:00,LAL @ WAS,W,22.183333333333334,4.9,14.6,0.333,3.2,11.4,0.286,3.2,3.2,1.0,0.0,1.6,1.6,0.0,1.6,0.0,0.0,0.0,0.0,1.6,16.2,21.1,16.6,0,0,21.1,1,1,13086,1,14357,14747,9195,17395,5832,2209,11433,7214,9426,1,14058,20625,22409,19908,12243,12854,8263,8846,20257,14550,11687,3676,22640,2246,150,20223,1,22:11
2024-25,1631133,Jabari Walker,Jabari,1610612757,POR,Portland Trail Blazers,0022400678,2025-01-30T00:00:00,POR vs. ORL,W,19.023333333333333,5.7,7.6,0.75,3.8,3.8,1.0,3.8,3.8,1.0,0.0,7.6,7.6,0.0,3.8,0.0,0.0,1.9,5.7,1.9,18.9,24.6,24.2,0,0,30.3,1,1,13086,1,16805,12490,20836,2107,4487,16031,1,6117,8288,1,14058,5380,9030,19908,4365,12854,8263,3582,3430,13549,8929,2899,18790,2246,150,13733,1,19:01
2024-25,1630168,Onyeka Okongwu,Onyeka,1610612737,ATL,Atlanta Hawks,0022400675,2025-01-30T00:00:00,ATL @ CLE,L,28.128333333333334,7.7,14.1,0.545,1.3,2.6,0.5,1.3,2.6,0.5,5.1,3.8,9.0,5.1,2.6,1.3,0.0,0.0,2.6,1.3,17.9,-6.4,37.6,0,0,35.8,1,13222,1,13222,9441,7311,10042,7695,12938,18522,3944,12354,11068,10625,2268,14208,6810,7204,8018,9585,8263,8846,12565,15991,9919,16247,9268,2246,150,9493,1,28:08
2024-25,1642273,Kyshawn George,Kyshawn,1610612764,WAS,Washington Wizards,0022400674,2025-01-30T00:00:00,WAS vs. LAL,L,26.6,2.7,10.8,0.25,2.7,6.8,0.4,0.0,0.0,0.0,1.4,4.1,5.4,0.0,0.0,1.4,4.1,1.4,0.0,0.0,8.1,-47.4,30.9,0,0,27.1,1,13222,1,13222,10642,20074,15644,20233,7516,8968,7874,13505,14344,13505,10967,13543,13773,19908,16469,9172,887,5387,20257,17725,19816,25285,14164,2246,150,16106,1,26:36
2024-25,1628386,Jarrett Allen,Jarrett,1610612739,CLE,Cleveland Cavaliers,0022400675,2025-01-30T00:00:00,CLE vs. ATL,W,30.55,3.5,3.5,1.0,0.0,0.0,0.0,3.5,4.7,0.75,3.5,14.1,17.7,2.4,0.0,0.0,0.0,0.0,1.2,4.7,10.6,5.9,35.4,0,0,30.6,1,1,13086,1,7274,18236,24293,1,15070,20945,15070,6629,6457,8186,4315,731,970,15028,16469,12854,8263,8846,18662,4694,17548,9664,10830,2246,150,13450,1,30:33
2024-25,1629622,Max Strus,Max,1610612739,CLE,Cleveland Cavaliers,0022400675,2025-01-30T00:00:00,CLE vs. ATL,W,20.583333333333332,7.0,8.7,0.8,5.2,7.0,0.75,0.0,0.0,0.0,1.7,7.0,8.7,5.2,5.2,1.7,0.0,0.0,1.7,0.0,19.2,15.7,37.6,0,0,42.0,1,1,13086,1,15578,8946,19106,1688,2005,8474,1542,13505,14344,13505,9415,6366,7106,6949,2065,7445,8263,8846,16373,17725,8610,5341,9283,2246,150,5665,1,20:35
2024-25,1631132,Christian Koloko,Christian,1610612747,LAL,Los Angeles Lakers,0022400674,2025-01-30T00:00:00,LAL @ WAS,W,6.983333333333333,10.3,10.3,1.0,0.0,0.0,0.0,0.0,0.0,0.0,5.2,5.2,10.3,5.2,0.0,0.0,0.0,0.0,5.2,0.0,20.6,-10.3,40.7,0,0,36.1,1,1,13086,1,23177,2903,16544,1,15070,20945,15070,13505,14344,13505,2242,10405,5105,7122,16469,12854,8263,8846,4273,17725,7381,18035,7322,2246,150,9308,1,6:59
2024-25,1629726,Garrison Mathews,Garrison,1610612737,ATL,Atlanta Hawks,0022400675,2025-01-30T00:00:00,ATL @ CLE,L,17.383333333333333,4.1,10.4,0.4,4.1,10.4,0.4,0.0,0.0,0.0,2.1,8.3,10.4,0.0,0.0,0.0,0.0,0.0,2.1,0.0,12.4,-8.3,24.9,0,0,26.9,1,13222,1,13222,18012,16741,16455,14933,3686,3099,7874,13505,14344,13505,8076,4305,5053,19908,16469,12854,8263,8846,14747,17725,15683,17088,18390,2246,150,16212,1,17:23
2024-25,1641710,Anthony Black,Anthony,1610612753,ORL,Orlando Magic,0022400678,2025-01-30T00:00:00,ORL @ POR,L,18.833333333333332,0.0,5.7,0.0,0.0,1.9,0.0,0.0,0.0,0.0,1.9,1.9,3.8,1.9,3.8,0.0,0.0,0.0,3.8,0.0,0.0,-32.5,3.6,0,0,5.7,1,13222,1,13222,16944,22635,22874,22635,15070,19719,15070,13505,14344,13505,8765,19937,17767,16711,4256,12854,8263,8846,7666,17725,23200,24098,25100,2246,150,25034,1,18:50
2024-25,1642270,Donovan Clingan,Donovan,1610612757,POR,Portland Trail Blazers,0022400678,2025-01-30T00:00:00,POR vs. ORL,W,7.736666666666666,0.0,4.7,0.0,0.0,0.0,0.0,0.0,0.0,0.0,9.3,4.7,14.0,4.7,0.0,0.0,0.0,0.0,23.3,0.0,0.0,-18.6,23.7,0,0,18.6,1,1,13086,1,22911,22635,23713,22635,15070,20945,15070,13505,14344,13505,503,11846,2258,8299,16469,12854,8263,8846,79,17725,23200,21102,19143,2246,150,21580,1,7:44
2024-25,1641713,GG Jackson,GG,1610612763,MEM,Memphis Grizzlies,0022400676,2025-01-30T00:00:00,MEM vs. HOU,W,9.361666666666666,0.0,19.2,0.0,0.0,11.5,0.0,0.0,0.0,0.0,0.0,0.0,0.0,0.0,3.8,0.0,3.8,3.8,3.8,0.0,0.0,-53.8,7.7,0,0,7.7,1,1,13086,1,22332,22635,3576,22635,15070,2076,15070,13505,14344,13505,14058,22137,23286,19908,4197,12854,1010,711,7615,17725,23200,25535,24736,2246,150,24810,1,9:22
2024-25,1630264,Anthony Gill,Anthony,1610612764,WAS,Washington Wizards,0022400674,2025-01-30T00:00:00,WAS vs. LAL,L,6.133333333333334,0.0,0.0,0.0,0.0,0.0,0.0,0.0,0.0,0.0,0.0,5.9,5.9,0.0,0.0,0.0,0.0,0.0,0.0,0.0,0.0,-5.9,7.0,0,0,5.9,1,13222,1,13222,23548,22635,24836,22635,15070,20945,15070,13505,14344,13505,14058,8621,12594,19908,16469,12854,8263,8846,20257,17725,23200,16005,24816,2246,150,25015,1,6:08
2024-25,1641871,Duop Reath,Duop,1610612757,POR,Portland Trail Blazers,0022400678,2025-01-30T00:00:00,POR vs. ORL,W,3.8,0.0,18.9,0.0,0.0,0.0,0.0,0.0,0.0,0.0,0.0,9.5,9.5,0.0,0.0,0.0,0.0,0.0,0.0,0.0,0.0,18.9,11.4,0,0,9.5,1,1,13086,1,24574,22635,3793,22635,15070,20945,15070,13505,14344,13505,14058,3039,6091,19908,16469,12854,8263,8846,20257,17725,23200,4275,24162,2246,150,24532,1,3:48
2024-25,1641744,Zach Edey,Zach,1610612763,MEM,Memphis Grizzlies,0022400676,2025-01-30T00:00:00,MEM vs. HOU,W,17.301666666666666,4.2,8.3,0.5,0.0,2.1,0.0,2.1,4.2,0.5,2.1,2.1,4.2,4.2,4.2,0.0,0.0,2.1,8.3,2.1,10.4,-4.2,17.5,0,0,18.7,1,1,13086,1,18071,16703,19762,8526,15070,19402,15070,10354,7500,10625,8029,19422,16912,9497,3563,12854,8263,2975,1218,12708,17753,15157,22300,2246,150,21524,1,17:18
2024-25,1630550,JT Thor,JT,1610612739,CLE,Cleveland Cavaliers,0022400675,2025-01-30T00:00:00,CLE vs. ATL,W,3.7,0.0,9.7,0.0,0.0,9.7,0.0,0.0,0.0,0.0,0.0,0.0,0.0,0.0,0.0,0.0,0.0,0.0,0.0,0.0,0.0,19.5,0.0,0,0,0.0,1,1,13086,1,24623,22635,17510,22635,15070,3799,15070,13505,14344,13505,14058,22137,23286,19908,16469,12854,8263,8846,20257,17725,23200,4121,25228,2246,150,25259,1,3:42
2024-25,203914,Gary Harris,Gary,1610612753,ORL,Orlando Magic,0022400678,2025-01-30T00:00:00,ORL @ POR,L,13.3,2.7,5.4,0.5,2.7,5.4,0.5,0.0,0.0,0.0,2.7,0.0,2.7,0.0,0.0,0.0,2.7,0.0,2.7,0.0,8.1,5.4,19.5,0,0,18.9,1,13222,1,13222,20597,20074,23161,8526,7516,12178,3944,13505,14344,13505,6085,22137,20435,19908,16469,12854,2072,8846,12015,17725,19816,9880,21418,2246,150,21412,1,13:18
2024-25,1641739,Toumani Camara,Toumani,1610612757,POR,Portland Trail Blazers,0022400678,2025-01-30T00:00:00,POR vs. ORL,W,35.16833333333334,3.1,4.1,0.75,0.0,1.0,0.0,1.0,2.0,0.5,0.0,5.1,5.1,2.0,2.0,0.0,2.0,0.0,4.1,2.0,7.2,25.6,20.5,0,0,18.4,1,1,13086,1,3336,19276,24051,2107,15070,20837,15070,13159,12585,10625,14058,10512,14468,16203,10279,12854,3355,8846,6861,12857,20586,2696,20959,2246,150,21658,1,35:10
2024-25,203484,Kentavious Caldwell-Pope,Kentavious,1610612753,ORL,Orlando Magic,0022400678,2025-01-30T00:00:00,ORL @ POR,L,23.95,3.0,7.5,0.4,0.0,3.0,0.0,0.0,0.0,0.0,0.0,3.0,3.0,0.0,0.0,0.0,0.0,0.0,1.5,1.5,6.0,-37.6,9.6,0,0,9.0,1,13222,1,13222,12946,19401,20907,14933,15070,17626,15070,13505,14344,13505,14058,16695,19709,19908,16469,12854,8263,8846,17200,14990,21378,24662,24481,2246,150,24604,1,23:57
2024-25,1642271,Kyle Filipowski,Kyle,1610612762,UTA,Utah Jazz,0022400677,2025-01-30T00:00:00,UTA vs. MIN,L,14.416666666666666,2.5,2.5,1.0,0.0,0.0,0.0,0.0,0.0,0.0,0.0,2.5,2.5,0.0,0.0,0.0,0.0,0.0,2.5,2.5,5.0,-17.5,8.0,0,0,7.5,1,13222,1,13222,19942,20461,24641,1,15070,20945,15070,13505,14344,13505,14058,18193,20819,19908,16469,12854,8263,8846,12808,10998,22008,20777,24699,2246,150,24838,1,14:25
2024-25,1631169,Josh Minott,Josh,1610612750,MIN,Minnesota Timberwolves,0022400677,2025-01-30T00:00:00,MIN @ UTA,W,7.8,4.6,13.8,0.333,0.0,4.6,0.0,0.0,0.0,0.0,0.0,0.0,0.0,0.0,0.0,0.0,4.6,0.0,0.0,0.0,9.2,-32.3,23.1,0,0,18.5,1,1,13086,1,22891,15447,10424,17395,15070,14160,15070,13505,14344,13505,14058,22137,23286,19908,16469,12854,641,8846,20257,17725,18873,24066,19515,2246,150,21644,1,7:48
2024-25,1641724,Jett Howard,Jett,1610612753,ORL,Orlando Magic,0022400678,2025-01-30T00:00:00,ORL @ POR,L,4.8,0.0,7.5,0.0,0.0,7.5,0.0,0.0,0.0,0.0,7.5,0.0,7.5,0.0,0.0,0.0,0.0,0.0,7.5,0.0,0.0,-60.0,9.0,0,0,7.5,1,13222,1,13222,24089,22635,20924,22635,15070,7397,15070,13505,14344,13505,955,22137,9165,19908,16469,12854,8263,8846,1643,17725,23200,25689,24567,2246,150,24834,1,4:48
2024-25,204060,Joe Ingles,Joe,1610612750,MIN,Minnesota Timberwolves,0022400677,2025-01-30T00:00:00,MIN @ UTA,W,3.85,0.0,0.0,0.0,0.0,0.0,0.0,0.0,0.0,0.0,0.0,9.4,9.4,9.4,0.0,0.0,0.0,0.0,9.4,0.0,0.0,-18.7,25.2,0,0,18.7,1,1,13086,1,24564,22635,24836,22635,15070,20945,15070,13505,14344,13505,14058,3158,6257,1785,16469,12854,8263,8846,855,17725,23200,21141,18111,2246,150,21534,1,3:51
2024-25,1631117,Walker Kessler,Walker,1610612762,UTA,Utah Jazz,0022400677,2025-01-30T00:00:00,UTA vs. MIN,L,26.816666666666666,1.3,8.1,0.167,0.0,2.7,0.0,0.0,0.0,0.0,1.3,9.4,10.7,0.0,1.3,2.7,0.0,1.3,4.0,0.0,2.7,-13.4,22.3,0,0,18.8,1,13222,1,13222,10473,22353,20173,21938,15070,18288,15070,13505,14344,13505,11003,3110,4664,19908,13606,3943,8263,5436,7073,17725,23027,19279,19991,2246,150,21482,1,26:49
2024-25,1630568,Luka Garza,Luka,1610612750,MIN,Minnesota Timberwolves,0022400677,2025-01-30T00:00:00,MIN @ UTA,W,13.766666666666667,15.7,20.9,0.75,5.2,5.2,1.0,5.2,5.2,1.0,7.8,2.6,10.5,0.0,0.0,0.0,2.6,5.2,0.0,7.8,41.8,18.3,62.2,0,0,62.8,1,1,13086,1,20322,391,2391,2107,2022,12637,1,3731,5551,1,832,17914,4950,19908,16469,12854,2204,321,20257,1099,366,4462,945,2246,150,593,1,13:46
2024-25,1629003,Shake Milton,Shake,1610612747,LAL,Los Angeles Lakers,0022400674,2025-01-30T00:00:00,LAL @ WAS,W,27.918333333333333,9.0,10.3,0.875,1.3,2.6,0.5,7.7,7.7,1.0,1.3,3.9,5.2,5.2,0.0,2.6,0.0,0.0,2.6,5.2,27.1,32.2,48.7,0,0,43.8,1,1,13086,1,9613,4659,16532,1353,12900,18483,3944,1542,2725,1,11246,14131,14377,7117,16469,4183,8263,8846,12499,3839,3172,1705,3721,2246,150,4766,1,27:55
2024-25,2544,LeBron James,LeBron,1610612747,LAL,Los Angeles Lakers,0022400674,2025-01-30T00:00:00,LAL @ WAS,W,26.566666666666666,12.2,25.7,0.474,1.4,5.4,0.25,6.8,6.8,1.0,0.0,4.1,4.1,14.9,0.0,0.0,0.0,1.4,1.4,4.1,32.5,39.3,59.8,1,0,52.8,1,1,13086,1,10668,1410,683,12072,12629,12162,11902,2178,3583,1,14058,13526,17145,297,16469,12854,8263,5379,17805,6128,1410,1023,1220,1,150,1841,1,26:34
2024-25,1642281,Jaylon Tyson,Jaylon,1610612739,CLE,Cleveland Cavaliers,0022400675,2025-01-30T00:00:00,CLE vs. ATL,W,16.75,12.9,19.3,0.667,2.1,6.4,0.333,4.3,4.3,1.0,2.1,8.6,10.7,0.0,0.0,0.0,2.1,0.0,6.4,2.1,32.2,-15.0,51.6,0,0,49.4,1,1,13086,1,18416,1070,3466,3281,9463,9655,9209,5155,7215,1,7760,3941,4651,19908,16469,12854,3075,8846,2444,12401,1469,19922,2814,2246,150,2689,1,16:45
2024-25,1631159,Leonard Miller,Leonard,1610612750,MIN,Minnesota Timberwolves,0022400677,2025-01-30T00:00:00,MIN @ UTA,W,4.05,8.9,26.7,0.333,0.0,0.0,0.0,35.6,35.6,1.0,17.8,8.9,26.7,0.0,8.9,0.0,0.0,0.0,8.9,17.8,53.3,-17.8,76.4,0,0,80.0,1,1,13086,1,24455,4904,535,17395,15070,20945,15070,20,39,1,89,3614,150,19908,435,12854,8263,8846,999,66,123,20861,270,2246,150,157,1,4:03
2024-25,1642258,Zaccharie Risacher,Zaccharie,1610612737,ATL,Atlanta Hawks,0022400675,2025-01-30T00:00:00,ATL @ CLE,L,25.433333333333334,15.6,19.8,0.786,7.1,8.5,0.833,4.2,8.5,0.5,0.0,1.4,1.4,1.4,0.0,2.8,0.0,1.4,1.4,5.7,42.5,-8.5,54.8,0,0,58.0,1,13222,1,13222,11634,409,3087,1975,732,5592,1341,5263,2196,10625,14058,21046,22668,18288,16469,3596,8263,5119,17559,3094,338,17178,2035,2246,150,1021,1,25:26
2024-25,1631243,Mouhamed Gueye,Mouhamed,1610612737,ATL,Atlanta Hawks,0022400675,2025-01-30T00:00:00,ATL @ CLE,L,15.533333333333333,9.3,16.2,0.571,0.0,4.6,0.0,0.0,2.3,0.0,0.0,4.6,4.6,2.3,0.0,7.0,2.3,0.0,4.6,2.3,18.5,-9.3,55.4,0,0,44.0,1,13222,1,13222,19234,4253,6799,6538,15070,14121,15070,13505,11725,13505,14058,11892,15738,15162,16469,305,2706,8846,5447,11669,9277,17562,1908,2246,150,4677,1,15:32
2024-25,1642265,Rob Dillingham,Rob,1610612750,MIN,Minnesota Timberwolves,0022400677,2025-01-30T00:00:00,MIN @ UTA,W,23.05,12.5,17.2,0.727,4.7,7.8,0.6,0.0,1.6,0.0,0.0,0.0,0.0,12.5,6.2,1.6,0.0,0.0,1.6,3.1,29.7,35.9,46.9,0,0,50.0,1,1,13086,1,13682,1248,5596,2666,2749,6781,2992,13505,13429,13505,14058,22137,23286,615,1249,8145,8263,8846,16991,8798,2202,1301,4371,2246,150,2536,1,23:03
2024-25,1630162,Anthony Edwards,Anthony,1610612750,MIN,Minnesota Timberwolves,0022400677,2025-01-30T00:00:00,MIN @ UTA,W,35.36666666666667,12.2,18.3,0.667,6.1,9.2,0.667,6.1,7.1,0.857,1.0,5.1,6.1,11.2,3.1,0.0,3.1,0.0,3.1,4.1,36.6,25.4,66.9,1,0,66.2,1,1,13086,1,3176,1395,4351,3281,1226,4593,1957,2771,3244,7071,13112,10603,12037,938,6272,12854,1626,8846,10471,6118,734,2718,577,1,150,434,1,35:22
2024-25,1629631,De'Andre Hunter,De'Andre,1610612737,ATL,Atlanta Hawks,0022400675,2025-01-30T00:00:00,ATL @ CLE,L,30.65,7.0,15.3,0.462,1.2,8.2,0.143,14.1,14.1,1.0,2.3,3.5,5.9,2.3,4.7,1.2,0.0,1.2,2.3,9.4,29.4,-20.0,38.8,0,0,41.1,1,13222,1,13222,7168,8819,8151,12428,13510,6050,14649,205,441,1,7099,15165,12588,15062,2720,10399,8263,6448,13445,548,2313,21539,8561,2246,150,6134,1,30:39
2024-25,1642484,RayJ Dennis,RayJ,1610612754,IND,Indiana Pacers,0022400664,2025-01-29T00:00:00,IND vs. DET,W,1.7833333333333334,20.2,20.2,1.0,20.2,20.2,1.0,0.0,0.0,0.0,0.0,0.0,0.0,0.0,0.0,0.0,0.0,0.0,0.0,0.0,60.6,-80.7,60.6,0,0,80.7,1,1,13086,1,25622,138,2833,1,29,226,1,13505,14344,13505,14058,22137,23286,19908,16469,12854,8263,8846,20257,17725,87,26011,1124,2246,150,151,1,1:47
2024-25,1629627,Zion Williamson,Zion,1610612740,NOP,New Orleans Pelicans,0022400670,2025-01-29T00:00:00,NOP vs. DAL,L,28.233333333333334,14.0,23.0,0.611,0.0,1.3,0.0,8.9,11.5,0.778,5.1,2.6,7.7,8.9,2.6,2.6,0.0,2.6,1.3,6.4,37.0,8.9,64.6,0,0,58.7,1,13222,1,13222,9357,697,1404,5351,15070,20526,15070,1024,895,8092,2287,18054,8879,2075,8042,4256,8263,1951,18143,2212,696,8214,726,2246,150,946,1,28:14
2024-25,1628970,Miles Bridges,Miles,1610612766,CHA,Charlotte Hornets,0022400663,2025-01-29T00:00:00,CHA vs. BKN,L,31.966666666666665,9.0,23.6,0.381,1.1,9.0,0.125,6.8,7.9,0.857,2.3,12.4,14.6,1.1,2.3,2.3,2.3,2.3,1.1,4.5,25.9,-23.6,56.4,1,0,51.8,1,13222,1,13222,5995,4688,1168,16250,13793,4809,14886,2188,2601,7071,7406,1195,1940,19268,9296,5208,2835,2544,18951,5131,3730,22486,1741,1,150,2080,1,31:58
2024-25,1629639,Tyler Herro,Tyler,1610612748,MIA,Miami Heat,0022400667,2025-01-29T00:00:00,MIA vs. CLE,L,33.71666666666667,9.6,21.4,0.45,4.3,10.7,0.4,0.0,1.1,0.0,2.1,3.2,5.3,6.4,2.1,1.1,1.1,1.1,1.1,1.1,23.5,-22.4,43.8,0,0,43.8,1,13222,1,13222,4521,3708,2124,12982,3442,2806,7874,13505,14092,13505,7825,16076,13941,4848,9805,11309,7005,7328,19287,17074,5139,22199,5778,2246,150,4791,1,33:43
2024-25,1630534,Ochai Agbaji,Ochai,1610612761,TOR,Toronto Raptors,0022400665,2025-01-29T00:00:00,TOR @ WAS,W,23.75,6.1,12.1,0.5,4.5,10.6,0.429,1.5,3.0,0.5,0.0,4.5,4.5,1.5,3.0,4.5,1.5,0.0,1.5,1.5,18.2,19.7,41.1,0,0,40.9,1,1,13086,1,13112,11331,13369,8526,2974,2867,7394,11761,9901,10625,14058,12127,15928,17916,6350,1192,4793,8846,17155,14939,9637,4042,7133,2246,150,6250,1,23:45
2024-25,1626172,Kevon Looney,Kevon,1610612744,GSW,Golden State Warriors,0022400673,2025-01-29T00:00:00,GSW vs. OKC,W,25.141666666666666,7.2,10.0,0.714,0.0,1.4,0.0,11.5,12.9,0.889,0.0,4.3,4.3,2.9,0.0,0.0,5.7,0.0,4.3,10.0,25.8,20.0,52.4,0,0,44.4,1,1,13086,1,11881,8563,17010,2752,15070,20347,15070,409,605,6857,14058,12818,16541,13403,16469,12854,356,8846,6297,412,3794,3934,2617,2246,150,4511,1,25:09
2024-25,1627783,Pascal Siakam,Pascal,1610612754,IND,Indiana Pacers,0022400664,2025-01-29T00:00:00,IND vs. DET,W,31.466666666666665,17.2,24.0,0.714,4.6,8.0,0.571,3.4,4.6,0.75,0.0,6.9,6.9,4.6,1.1,0.0,1.1,0.0,4.6,2.3,42.3,36.6,59.7,0,0,60.6,1,1,13086,1,6437,265,1048,2752,2928,6435,3506,6829,6699,8186,14058,6596,10399,8459,14836,12854,6519,8846,5599,11802,344,1229,1224,2246,150,765,1,31:28
2024-25,203999,Nikola Jokić,Nikola,1610612743,DEN,Denver Nuggets,0022400668,2025-01-29T00:00:00,DEN @ NYK,L,33.43333333333333,6.5,16.2,0.4,3.2,7.5,0.429,2.2,2.2,1.0,0.0,6.5,6.5,6.5,2.2,2.2,1.1,0.0,3.2,3.2,18.3,-3.2,43.3,0,0,40.9,1,13222,1,13222,4782,10283,6899,14933,5871,7311,7394,10110,12239,1,14058,7397,11252,4774,9708,5570,6936,8846,9737,8460,9516,14691,5991,2246,150,6258,1,33:26
2024-25,1627826,Ivica Zubac,Ivica,1610612746,LAC,LA Clippers,0022400671,2025-01-29T00:00:00,LAC @ SAS,W,33.663333333333334,8.6,17.1,0.5,0.0,0.0,0.0,5.3,5.3,1.0,9.6,13.9,23.5,3.2,1.1,1.1,0.0,4.3,3.2,4.3,22.5,21.4,57.6,1,0,51.3,1,1,13086,1,4590,5516,5687,8526,15070,20945,15070,3592,5394,1,451,780,247,12273,15346,11285,8263,554,9826,5650,5883,3600,1530,1,150,2193,1,33:40
2024-25,1630549,Day'Ron Sharpe,Day'Ron,1610612751,BKN,Brooklyn Nets,0022400663,2025-01-29T00:00:00,BKN @ CHA,W,10.05,7.2,17.9,0.4,0.0,3.6,0.0,3.6,3.6,1.0,7.2,14.3,21.5,3.6,0.0,0.0,0.0,3.6,3.6,3.6,17.9,21.5,49.1,0,0,43.0,1,1,13086,1,22090,8549,4795,14933,15070,16481,15070,6527,8723,1,1079,687,369,11134,16469,12854,8263,857,8485,7449,9923,3578,3600,2246,150,5148,1,10:03
2024-25,201142,Kevin Durant,Kevin,1610612756,PHX,Phoenix Suns,0022400672,2025-01-29T00:00:00,PHX vs. MIN,L,39.836666666666666,11.7,17.2,0.684,3.6,7.2,0.5,2.7,3.6,0.75,0.0,1.8,1.8,6.3,0.0,1.8,3.6,0.0,2.7,4.5,29.8,-6.3,57.7,0,0,52.4,1,13222,1,13222,603,1693,5607,3255,4889,7985,3944,8549,8658,8186,14058,20226,22152,4990,16469,7218,1136,8846,11998,5102,2152,16214,1510,2246,150,1942,1,39:50
2024-25,1641705,Victor Wembanyama,Victor,1610612759,SAS,San Antonio Spurs,0022400671,2025-01-29T00:00:00,SAS vs. LAC,L,34.61666666666667,8.3,16.6,0.5,3.1,6.2,0.5,4.2,5.2,0.8,1.0,11.4,12.5,4.2,3.1,2.1,3.1,1.0,5.2,4.2,23.9,-7.3,57.6,1,0,54.1,1,13222,1,13222,3771,5950,6257,8526,6167,10108,3944,5419,5609,7681,12941,1677,3142,9499,6063,5872,1553,7574,4193,5928,4860,16631,1533,1,150,1606,1,34:37
2024-25,1628973,Jalen Brunson,Jalen,1610612752,NYK,New York Knicks,0022400668,2025-01-29T00:00:00,NYK vs. DEN,W,36.28333333333333,9.9,15.9,0.625,3.0,6.0,0.5,6.9,6.9,1.0,0.0,4.0,4.0,14.9,2.0,2.0,1.0,1.0,1.0,6.9,29.8,15.9,63.8,1,0,57.5,1,1,13086,1,2476,3299,7307,4899,6601,10800,3944,2042,3417,1,14058,13817,17391,301,10593,6323,7527,7991,19755,1694,2173,5300,808,1,150,1093,1,36:17
2024-25,203084,Harrison Barnes,Harrison,1610612759,SAS,San Antonio Spurs,0022400671,2025-01-29T00:00:00,SAS vs. LAC,L,29.866666666666667,4.8,9.6,0.5,3.6,7.2,0.5,4.8,4.8,1.0,0.0,3.6,3.6,8.4,0.0,2.4,1.2,1.2,3.6,3.6,18.1,-6.0,45.9,0,0,41.0,1,13222,1,13222,7907,14881,17685,8526,4882,7974,3944,4309,6254,1,14058,14881,18285,2475,16469,4659,6136,6217,8381,7347,9757,16075,4772,2246,150,6212,1,29:52
2024-25,202681,Kyrie Irving,Kyrie,1610612742,DAL,Dallas Mavericks,0022400670,2025-01-29T00:00:00,DAL @ NOP,W,39.38333333333333,9.1,19.2,0.476,2.7,8.2,0.333,1.8,2.7,0.667,4.6,3.7,8.2,5.5,1.8,0.9,0.0,0.0,0.0,2.7,22.9,1.8,41.9,0,0,41.1,1,1,13086,1,751,4460,3595,12010,7413,6045,9209,11175,10635,9425,2841,14769,7898,6458,11417,12598,8263,8846,20257,10186,5592,11723,6697,2246,150,6124,1,39:23
2024-25,1630551,Justin Champagnie,Justin,1610612764,WAS,Washington Wizards,0022400665,2025-01-29T00:00:00,WAS vs. TOR,L,14.716666666666667,12.2,17.1,0.714,2.4,7.3,0.333,2.4,4.9,0.5,0.0,14.7,14.7,2.4,4.9,4.9,4.9,0.0,4.9,2.4,29.4,14.7,75.1,0,0,68.5,1,13222,1,13222,19758,1389,5674,2752,8330,7744,9209,9203,6126,10625,14058,628,1924,14715,2480,967,543,8846,4855,11172,2318,5751,296,2246,150,359,1,14:43
2024-25,1630169,Tyrese Haliburton,Tyrese,1610612754,IND,Indiana Pacers,0022400664,2025-01-29T00:00:00,IND vs. DET,W,32.28333333333333,11.2,19.0,0.588,4.5,10.0,0.444,6.7,10.0,0.667,1.1,6.7,7.8,8.9,1.1,1.1,0.0,0.0,0.0,4.5,33.5,16.7,58.4,0,0,56.9,1,1,13086,1,5753,2142,3789,6229,3127,3447,7211,2246,1350,9425,12356,6904,8606,2087,15027,10896,8263,8846,20257,5227,1226,4995,1412,2246,150,1177,1,32:17
2024-25,1628983,Shai Gilgeous-Alexander,Shai,1610612760,OKC,Oklahoma City Thunder,0022400673,2025-01-29T00:00:00,OKC @ GSW,L,39.09166666666667,14.7,26.7,0.552,1.8,5.5,0.333,16.6,19.3,0.857,0.0,2.8,2.8,3.7,2.8,0.9,0.0,0.9,3.7,12.0,47.9,0.9,56.7,0,0,58.0,1,13222,1,13222,849,545,533,7652,10915,11901,9209,128,152,7071,14058,17522,20329,10837,7338,12559,8263,8554,8152,201,190,12208,1686,2246,150,1024,1,39:06
2024-25,1627750,Jamal Murray,Jamal,1610612743,DEN,Denver Nuggets,0022400668,2025-01-29T00:00:00,DEN @ NYK,L,37.11666666666667,12.6,24.2,0.52,2.9,6.8,0.429,3.9,4.8,0.8,0.0,4.8,4.8,5.8,2.9,1.0,1.0,1.0,4.8,1.9,32.0,-3.9,49.5,0,0,49.5,1,13222,1,13222,1911,1191,999,8497,6839,8921,7394,5915,6200,7681,14058,11281,15183,5816,6802,12212,7688,8186,4952,13366,1531,14996,3435,2246,150,2676,1,37:07
2024-25,1641738,Kobe Brown,Kobe,1610612746,LAC,LA Clippers,0022400671,2025-01-29T00:00:00,LAC @ SAS,W,1.15,31.3,31.3,1.0,0.0,0.0,0.0,0.0,0.0,0.0,0.0,0.0,0.0,0.0,0.0,0.0,0.0,0.0,0.0,0.0,62.6,-62.6,62.6,0,0,62.6,1,1,13086,1,25997,27,224,1,15070,20945,15070,13505,14344,13505,14058,22137,23286,19908,16469,12854,8263,8846,20257,17725,72,25739,906,2246,150,605,1,1:09
2024-25,1628378,Donovan Mitchell,Donovan,1610612739,CLE,Cleveland Cavaliers,0022400667,2025-01-29T00:00:00,CLE @ MIA,W,30.383333333333333,16.6,27.3,0.609,5.9,13.0,0.455,1.2,1.2,1.0,0.0,1.2,1.2,7.1,1.2,2.4,0.0,1.2,3.6,1.2,40.3,13.0,58.3,0,0,59.2,1,1,13086,1,7425,310,474,5384,1361,1285,7148,12644,13914,1,14058,21551,22958,3876,14550,4796,8263,6373,8585,16482,429,6385,1432,2246,150,891,1,30:23
2024-25,1629023,P.J. Washington,P.J.,1610612742,DAL,Dallas Mavericks,0022400670,2025-01-29T00:00:00,DAL @ NOP,W,37.68333333333333,9.6,19.1,0.5,3.8,6.7,0.571,1.0,1.0,1.0,3.8,9.6,13.4,7.6,4.8,0.0,1.0,3.8,1.0,1.0,23.9,-2.9,49.5,1,0,50.6,1,1,13086,1,1580,3808,3671,8526,4379,9122,3506,13360,14277,1,3853,2958,2562,3231,2617,12854,7781,721,19935,17530,4889,14495,3423,1,150,2357,1,37:41
2024-25,1629651,Nic Claxton,Nic,1610612751,BKN,Brooklyn Nets,0022400663,2025-01-29T00:00:00,BKN @ CHA,W,27.866666666666667,5.2,7.8,0.667,0.0,1.3,0.0,5.2,7.8,0.667,2.6,7.8,10.3,0.0,1.3,1.3,7.8,0.0,1.3,5.2,15.5,11.6,53.7,0,0,43.9,1,1,13086,1,9653,13896,20594,3281,15070,20504,15070,3798,2708,9425,6392,5076,5071,19908,13841,9507,155,8846,18066,3820,12418,6960,2264,2246,150,4728,1,27:52
2024-25,1630188,Jalen Smith,Jalen,1610612741,CHI,Chicago Bulls,0022400666,2025-01-29T00:00:00,CHI @ BOS,L,23.133333333333333,4.7,15.6,0.3,1.6,7.8,0.2,3.1,3.1,1.0,4.7,12.4,17.1,1.6,1.6,0.0,4.7,0.0,0.0,4.7,14.0,-14.0,49.3,0,0,43.6,1,13222,1,13222,13610,15321,7743,19363,11841,6836,13429,7511,9687,1,2726,1174,1101,17782,12520,12854,626,8846,20257,4790,13929,19504,3493,2246,150,4885,1,23:08
2024-25,202695,Kawhi Leonard,Kawhi,1610612746,LAC,LA Clippers,0022400671,2025-01-29T00:00:00,LAC @ SAS,W,28.65,13.8,23.9,0.579,2.5,5.0,0.5,3.8,3.8,1.0,1.3,6.3,7.5,8.8,1.3,0.0,1.3,0.0,1.3,6.3,33.9,20.1,58.7,0,0,55.3,1,1,13086,1,8973,755,1099,6486,8101,13149,3944,6146,8321,1,11445,7724,9093,2189,14057,12854,5871,8846,18237,2302,1136,3918,1381,2246,150,1421,1,28:39
2024-25,1630702,Jaden Hardy,Jaden,1610612742,DAL,Dallas Mavericks,0022400670,2025-01-29T00:00:00,DAL @ NOP,W,6.483333333333333,11.1,33.3,0.333,11.1,22.2,0.5,0.0,0.0,0.0,0.0,5.6,5.6,0.0,5.6,0.0,0.0,5.6,5.6,0.0,33.3,11.1,34.4,0,0,50.0,1,1,13086,1,23375,2185,159,17395,156,168,3944,13505,14344,13505,14058,9407,13414,19908,1770,12854,8263,273,3625,17725,1264,7190,11494,2246,150,2538,1,6:29
2024-25,204001,Kristaps Porziņģis,Kristaps,1610612738,BOS,Boston Celtics,0022400666,2025-01-29T00:00:00,BOS vs. CHI,W,33.083333333333336,10.9,19.6,0.556,8.7,15.2,0.571,6.5,6.5,1.0,1.1,10.9,12.0,3.3,1.1,3.3,0.0,0.0,2.2,9.8,37.0,23.9,65.0,1,0,67.5,1,1,13086,1,5083,2357,3286,7248,333,643,3506,2375,3852,1,12566,1965,3521,12096,15211,2627,8263,8846,14214,456,694,3038,698,1,150,387,1,33:05
2024-25,200768,Kyle Lowry,Kyle,1610612755,PHI,Philadelphia 76ers,0022400669,2025-01-29T00:00:00,PHI vs. SAC,W,25.566666666666666,4.2,7.0,0.6,4.2,5.6,0.75,5.6,5.6,1.0,1.4,5.6,7.0,11.3,0.0,0.0,0.0,0.0,5.6,2.8,18.3,38.0,43.7,0,0,40.8,1,1,13086,1,11516,16535,21514,5394,3522,11625,1542,3272,4995,1,10714,9215,10081,911,16469,12854,8263,8846,3493,9908,9516,1116,5829,2246,150,6304,1,25:34
2024-25,1627759,Jaylen Brown,Jaylen,1610612738,BOS,Boston Celtics,0022400666,2025-01-29T00:00:00,BOS vs. CHI,W,35.61666666666667,10.1,18.2,0.556,1.0,5.1,0.2,7.1,11.1,0.636,0.0,6.1,6.1,6.1,0.0,1.0,0.0,1.0,3.0,5.1,28.3,23.2,47.7,0,0,43.5,1,1,13086,1,2975,3102,4464,7248,14483,13063,13429,1965,991,10256,14058,8189,12132,5373,16469,11855,8263,7820,10569,4008,2670,3206,4070,2246,150,4933,1,35:37
2024-25,1630178,Tyrese Maxey,Tyrese,1610612755,PHI,Philadelphia 76ers,0022400669,2025-01-29T00:00:00,PHI vs. SAC,W,37.81666666666667,11.4,22.8,0.5,1.0,5.7,0.167,4.8,4.8,1.0,1.0,2.9,3.8,7.6,2.9,0.0,1.0,0.0,2.9,3.8,28.6,0.0,44.6,0,0,42.8,1,1,13086,1,1496,1921,1433,8526,14784,11419,14236,4417,6376,1,13631,17223,17801,3266,7007,12854,7814,8846,11382,6827,2581,12240,5393,2246,150,5230,1,37:49
2024-25,204456,T.J. McConnell,T.J.,1610612754,IND,Indiana Pacers,0022400664,2025-01-29T00:00:00,IND vs. DET,W,20.783333333333335,12.1,22.5,0.538,0.0,1.7,0.0,0.0,0.0,0.0,1.7,8.7,10.4,5.2,6.9,5.2,0.0,1.7,1.7,0.0,24.3,10.4,53.2,0,0,50.2,1,1,13086,1,15435,1447,1577,7978,15070,20008,15070,13505,14344,13505,9469,3872,5013,7039,921,787,8263,4072,16427,17725,4643,7515,2401,2246,150,2468,1,20:47
2024-25,1626156,D'Angelo Russell,D'Angelo,1610612751,BKN,Brooklyn Nets,0022400663,2025-01-29T00:00:00,BKN @ CHA,W,21.506666666666668,5.0,13.4,0.375,0.0,8.4,0.0,0.0,0.0,0.0,3.3,8.4,11.7,11.7,3.3,3.3,1.7,0.0,1.7,3.3,10.0,26.8,53.4,0,0,43.5,1,1,13086,1,14932,14319,11162,16299,15070,5798,15070,13505,14344,13505,4645,4194,3741,785,5363,2471,4351,8846,16612,8100,18117,2472,2357,2246,150,4914,1,21:30
2024-25,1630162,Anthony Edwards,Anthony,1610612750,MIN,Minnesota Timberwolves,0022400672,2025-01-29T00:00:00,MIN @ PHX,W,39.95,9.9,18.0,0.55,2.7,7.2,0.375,7.2,8.1,0.889,0.0,6.3,6.3,4.5,6.3,1.8,3.6,2.7,1.8,6.3,29.7,9.0,54.0,0,0,54.1,1,1,13086,1,571,3315,4638,7655,7533,8031,8800,1864,2439,6857,14058,7682,11588,8641,1222,7247,1143,1741,16179,2273,2182,8175,2212,2246,150,1608,1,39:57
2024-25,1628969,Mikal Bridges,Mikal,1610612752,NYK,New York Knicks,0022400668,2025-01-29T00:00:00,NYK vs. DEN,W,37.09,4.9,15.5,0.313,2.9,6.8,0.429,0.0,0.0,0.0,0.0,2.9,2.9,1.9,1.0,1.0,0.0,0.0,2.9,0.0,12.6,6.8,21.0,0,0,22.3,1,1,13086,1,1936,14803,7785,19175,6826,8907,7394,13505,14344,13505,14058,17038,19958,16600,16023,12204,8263,8846,11132,17725,15473,9238,20709,2246,150,19467,1,37:05
2024-25,1629006,Josh Okogie,Josh,1610612766,CHA,Charlotte Hornets,0022400663,2025-01-29T00:00:00,CHA vs. BKN,L,26.116666666666667,5.5,12.4,0.444,1.4,4.1,0.333,0.0,0.0,0.0,1.4,1.4,2.8,2.8,1.4,1.4,0.0,2.8,4.1,1.4,12.4,-19.3,22.6,0,0,22.1,1,13222,1,13222,11073,12953,12884,13045,12527,15260,9209,13505,14344,13505,10841,21131,20340,13726,13410,9016,8263,1659,6725,15534,15704,21343,19809,2246,150,19651,1,26:07
2024-25,1627777,Georges Niang,Georges,1610612739,CLE,Cleveland Cavaliers,0022400667,2025-01-29T00:00:00,CLE @ MIA,W,28.433333333333334,7.6,11.4,0.667,3.8,7.6,0.5,0.0,0.0,0.0,0.0,5.1,5.1,1.3,0.0,1.3,0.0,0.0,2.5,0.0,19.0,13.9,30.8,0,0,31.7,1,1,13086,1,9184,7524,14668,3281,4439,7186,3944,13505,14344,13505,14058,10682,14622,18769,16469,9681,8263,8846,12660,17725,8864,6039,14228,2246,150,12663,1,28:26
2024-25,1631124,Julian Strawther,Julian,1610612743,DEN,Denver Nuggets,0022400668,2025-01-29T00:00:00,DEN @ NYK,L,19.05,3.8,11.3,0.333,1.9,7.6,0.25,0.0,0.0,0.0,0.0,7.6,7.6,0.0,0.0,0.0,1.9,0.0,1.9,0.0,9.4,-1.9,24.2,0,0,22.7,1,13222,1,13222,16782,17620,14765,17395,10678,7255,11902,13505,14344,13505,14058,5392,9049,19908,16469,12854,3795,8846,15746,17725,18688,13972,18822,2246,150,19234,1,19:03
2024-25,1628366,Lonzo Ball,Lonzo,1610612741,CHI,Chicago Bulls,0022400666,2025-01-29T00:00:00,CHI @ BOS,L,23.19,3.1,12.4,0.25,3.1,9.3,0.333,4.7,4.7,1.0,3.1,1.6,4.7,6.2,4.7,1.6,0.0,0.0,1.6,1.6,14.0,-12.4,28.9,0,0,31.0,1,13222,1,13222,13565,19191,12863,20233,6205,4363,9209,4581,6566,1,5127,20768,15679,5149,2773,8187,8263,8846,17036,14795,13966,18910,15575,2246,150,13121,1,23:11
2024-25,1627884,Derrick Jones Jr.,Derrick,1610612746,LAC,LA Clippers,0022400671,2025-01-29T00:00:00,LAC @ SAS,W,32.5,3.3,10.0,0.333,1.1,2.2,0.5,0.0,0.0,0.0,4.4,3.3,7.8,1.1,0.0,2.2,0.0,1.1,2.2,0.0,7.8,18.8,25.4,0,0,22.2,1,1,13086,1,5553,18694,17104,17395,13899,19137,3944,13505,14344,13505,3012,15724,8714,19329,16469,5337,8263,6985,14031,17725,20126,4303,18031,2246,150,19580,1,32:30
2024-25,203486,Mason Plumlee,Mason,1610612756,PHX,Phoenix Suns,0022400672,2025-01-29T00:00:00,PHX vs. MIN,L,14.593333333333334,0.0,4.9,0.0,0.0,0.0,0.0,7.4,9.9,0.75,2.5,4.9,7.4,2.5,2.5,0.0,2.5,0.0,4.9,4.9,7.4,-37.0,24.9,0,0,22.2,1,13222,1,13222,19831,22635,23504,22635,15070,20945,15070,1736,1422,8186,6726,11075,9366,14659,8373,12854,2438,8846,4763,4233,20408,24616,18351,2246,150,19557,1,14:36
2024-25,203952,Andrew Wiggins,Andrew,1610612744,GSW,Golden State Warriors,0022400673,2025-01-29T00:00:00,GSW vs. OKC,W,38.35,9.4,16.0,0.588,4.7,7.5,0.625,1.9,2.8,0.667,0.9,2.8,3.8,1.9,1.9,0.9,0.9,0.9,0.9,0.9,25.3,13.1,36.4,0,0,39.4,1,1,13086,1,1190,4048,7167,6229,2740,7377,2868,11020,10452,9425,13726,17351,17928,16824,11170,12447,7901,8428,20030,17580,4030,6327,10076,2246,150,7118,1,38:21
2024-25,1629652,Luguentz Dort,Luguentz,1610612760,OKC,Oklahoma City Thunder,0022400673,2025-01-29T00:00:00,OKC @ GSW,L,35.766666666666666,2.0,8.1,0.25,0.0,4.0,0.0,0.0,0.0,0.0,5.0,1.0,6.0,2.0,1.0,1.0,0.0,1.0,4.0,2.0,4.0,-9.1,16.3,0,0,14.1,1,13222,1,13222,2851,21389,20175,20233,15070,15524,15070,13505,14344,13505,2349,21958,12187,16327,15803,11893,8263,7863,7075,13025,22541,17455,22735,2246,150,23398,1,35:46
2024-25,203552,Seth Curry,Seth,1610612766,CHA,Charlotte Hornets,0022400663,2025-01-29T00:00:00,CHA vs. BKN,L,15.843333333333334,4.5,13.6,0.333,4.5,6.8,0.667,0.0,0.0,0.0,0.0,2.3,2.3,2.3,2.3,0.0,0.0,0.0,2.3,0.0,13.6,-9.1,17.5,0,0,22.7,1,13222,1,13222,19038,15642,10771,17395,2982,8866,1957,13505,14344,13505,14058,18854,21267,15340,9206,12854,8263,8846,13767,17725,14350,17473,22293,2246,150,19195,1,15:51
2024-25,201569,Eric Gordon,Eric,1610612755,PHI,Philadelphia 76ers,0022400669,2025-01-29T00:00:00,PHI vs. SAC,W,22.2,8.1,13.0,0.625,4.9,6.5,0.75,1.6,3.2,0.5,0.0,1.6,1.6,3.2,1.6,3.2,0.0,0.0,0.0,1.6,22.7,-14.6,37.6,0,0,38.9,1,1,13086,1,14344,6393,11909,4899,2464,9576,1542,11560,9430,10625,14058,20629,22410,12167,12246,2658,8263,8846,20257,14554,5704,19743,9274,2246,150,7432,1,22:12
2024-25,203937,Kyle Anderson,Kyle,1610612744,GSW,Golden State Warriors,0022400673,2025-01-29T00:00:00,GSW vs. OKC,W,14.85,2.4,9.7,0.25,0.0,0.0,0.0,0.0,0.0,0.0,0.0,7.3,7.3,7.3,2.4,0.0,4.8,0.0,7.3,2.4,4.8,9.7,36.6,0,0,29.1,1,1,13086,1,19667,20602,17583,20233,15070,20945,15070,13505,14344,13505,14058,5868,9619,3653,8556,12854,557,8846,1787,11252,22093,7839,9953,2246,150,14629,1,14:51
2024-25,1628449,Chris Boucher,Chris,1610612761,TOR,Toronto Raptors,0022400665,2025-01-29T00:00:00,TOR @ WAS,W,15.253333333333334,2.4,4.7,0.5,2.4,4.7,0.5,0.0,0.0,0.0,0.0,4.7,4.7,0.0,4.7,0.0,0.0,0.0,9.4,2.4,7.1,0.0,8.0,0,0,14.2,1,1,13086,1,19407,20739,23659,8526,8630,13912,3944,13505,14344,13505,14058,11646,15507,19908,2695,12854,8263,8846,832,11500,20660,12240,24693,2246,150,23372,1,15:15
2024-25,202691,Klay Thompson,Klay,1610612742,DAL,Dallas Mavericks,0022400670,2025-01-29T00:00:00,DAL @ NOP,W,28.576666666666668,8.8,18.9,0.467,7.6,13.9,0.545,0.0,0.0,0.0,1.3,3.8,5.0,1.3,2.5,0.0,0.0,0.0,2.5,1.3,25.2,8.8,30.6,0,0,39.1,1,1,13086,1,9058,5034,3849,12249,575,969,3863,13505,14344,13505,11419,14392,14706,18799,8161,12854,8263,8846,12713,16085,4128,8264,14334,2246,150,7348,1,28:35
2024-25,1629312,Haywood Highsmith,Haywood,1610612748,MIA,Miami Heat,0022400667,2025-01-29T00:00:00,MIA vs. CLE,L,25.7,7.0,9.8,0.714,2.8,5.6,0.5,0.0,0.0,0.0,0.0,4.2,4.2,0.0,0.0,0.0,2.8,0.0,1.4,4.2,16.8,-19.6,30.3,0,0,29.4,1,13222,1,13222,11405,8924,17391,2752,7206,11714,3944,13505,14344,13505,14058,13111,16795,19908,16469,12854,1952,8846,17619,5832,11049,21435,14618,2246,150,14389,1,25:42
2024-25,203915,Spencer Dinwiddie,Spencer,1610612742,DAL,Dallas Mavericks,0022400670,2025-01-29T00:00:00,DAL @ NOP,W,28.391666666666666,5.1,10.1,0.5,1.3,3.8,0.333,2.5,3.8,0.667,0.0,5.1,5.1,8.9,2.5,1.3,0.0,1.3,0.0,2.5,13.9,-19.0,34.6,0,0,31.7,1,1,13086,1,9223,14170,16832,8526,12991,15986,9209,8944,8241,9425,14058,10660,14598,2118,8095,9668,8263,5827,20257,10855,13991,21247,11355,2246,150,12624,1,28:24
2024-25,1641809,Drew Peterson,Drew,1610612738,BOS,Boston Celtics,0022400666,2025-01-29T00:00:00,BOS vs. CHI,W,5.01,0.0,7.2,0.0,0.0,0.0,0.0,0.0,0.0,0.0,0.0,14.4,14.4,0.0,0.0,0.0,0.0,7.2,7.2,0.0,0.0,21.6,17.2,0,0,14.4,1,1,13086,1,23992,22635,21335,22635,15070,20945,15070,13505,14344,13505,14058,681,2061,19908,16469,12854,8263,142,1832,17725,23200,3566,22394,2246,150,23299,1,5:01
2024-25,1627736,Malik Beasley,Malik,1610612765,DET,Detroit Pistons,0022400664,2025-01-29T00:00:00,DET @ IND,L,29.333333333333332,7.4,13.5,0.545,7.4,12.3,0.6,2.5,3.7,0.667,0.0,2.5,2.5,2.5,0.0,1.2,0.0,1.2,2.5,1.2,24.5,-18.4,34.9,0,0,39.3,1,13222,1,13222,8364,8093,11006,7695,652,1631,2992,9186,8520,9425,14058,18315,20891,14697,16469,9961,8263,6077,12966,16258,4454,21045,11153,2246,150,7211,1,29:20
2024-25,1631217,Moussa Diabaté,Moussa,1610612766,CHA,Charlotte Hornets,0022400663,2025-01-29T00:00:00,CHA vs. BKN,L,27.216666666666665,6.6,7.9,0.833,0.0,0.0,0.0,4.0,7.9,0.5,5.3,5.3,10.6,1.3,1.3,1.3,0.0,0.0,2.6,7.9,17.2,4.0,34.5,0,0,31.7,1,13222,1,13222,10176,9890,20363,1514,15070,20945,15070,5751,2559,10625,2102,10049,4830,18581,13700,9329,8263,8846,12255,1058,10638,10670,11428,2246,150,12586,1,27:13
2024-25,201950,Jrue Holiday,Jrue,1610612738,BOS,Boston Celtics,0022400666,2025-01-29T00:00:00,BOS vs. CHI,W,22.523333333333333,4.8,14.4,0.333,0.0,6.4,0.0,0.0,0.0,0.0,6.4,4.8,11.2,4.8,3.2,1.6,0.0,1.6,1.6,0.0,9.6,24.0,31.8,0,0,28.8,1,1,13086,1,14093,14963,9560,17395,15070,9776,15070,13505,14344,13505,1421,11454,4248,7934,5832,7991,8263,4441,16882,17725,18550,3030,13477,2246,150,14879,1,22:31
2024-25,1641757,Jordan Miller,Jordan,1610612746,LAC,LA Clippers,0022400671,2025-01-29T00:00:00,LAC @ SAS,W,1.15,0.0,0.0,0.0,0.0,0.0,0.0,0.0,0.0,0.0,0.0,0.0,0.0,31.3,0.0,0.0,0.0,0.0,0.0,0.0,0.0,-62.6,47.0,0,0,31.3,1,1,13086,1,25997,22635,24836,22635,15070,20945,15070,13505,14344,13505,14058,22137,23286,16,16469,12854,8263,8846,20257,17725,23200,25739,4323,2246,150,12918,1,1:09
2024-25,1641709,Ausar Thompson,Ausar,1610612765,DET,Detroit Pistons,0022400664,2025-01-29T00:00:00,DET @ IND,L,19.473333333333333,7.4,11.1,0.667,0.0,0.0,0.0,3.7,7.4,0.5,1.8,3.7,5.5,1.8,0.0,1.8,0.0,0.0,5.5,3.7,18.5,-22.2,33.5,0,0,29.6,1,13222,1,13222,16443,8023,15207,3281,15070,20945,15070,6300,3003,10625,9049,14643,13429,16935,16469,7041,8263,8846,3633,7139,9330,22127,12218,2246,150,14271,1,19:28
2024-25,1630200,Tre Jones,Tre,1610612759,SAS,San Antonio Spurs,0022400671,2025-01-29T00:00:00,SAS vs. LAC,L,12.183333333333334,8.9,8.9,1.0,0.0,0.0,0.0,8.9,8.9,1.0,3.0,0.0,3.0,0.0,0.0,0.0,0.0,0.0,3.0,8.9,26.6,5.9,30.1,0,0,29.5,1,13222,1,13222,21163,4942,18915,1,15070,20945,15070,1053,1942,1,5444,22137,19841,19908,16469,12854,8263,8846,10923,702,3389,9656,14709,2246,150,14286,1,12:11
2024-25,1630611,Gui Santos,Gui,1610612744,GSW,Golden State Warriors,0022400673,2025-01-29T00:00:00,GSW vs. OKC,W,19.153333333333332,1.9,5.6,0.333,0.0,3.8,0.0,1.9,1.9,1.0,1.9,11.3,13.2,3.8,3.8,0.0,0.0,0.0,7.5,1.9,5.6,-22.6,23.3,0,0,22.6,1,1,13086,1,16713,21615,22957,17395,15070,16081,15070,11015,13031,1,8900,1762,2699,10627,4418,12854,8263,8846,1637,13590,21636,22232,19367,2246,150,19318,1,19:09
2024-25,1630170,Devin Vassell,Devin,1610612759,SAS,San Antonio Spurs,0022400671,2025-01-29T00:00:00,SAS vs. LAC,L,32.3,7.8,18.9,0.412,3.3,10.0,0.333,2.2,5.6,0.4,1.1,2.2,3.3,3.3,1.1,0.0,0.0,0.0,1.1,2.2,21.2,-7.8,29.1,0,0,31.2,1,13222,1,13222,5727,7057,3793,14791,5526,3455,9209,9838,5083,13061,12362,18981,18881,11832,15031,12854,8263,8846,19016,12033,6937,16882,15423,2246,150,12995,1,32:18
2024-25,1642264,Stephon Castle,Stephon,1610612759,SAS,San Antonio Spurs,0022400671,2025-01-29T00:00:00,SAS vs. LAC,L,33.43333333333333,8.6,16.2,0.533,2.2,7.5,0.286,2.2,2.2,1.0,1.1,2.2,3.2,0.0,1.1,2.2,0.0,0.0,2.2,1.1,21.5,-16.2,30.8,0,0,31.2,1,13222,1,13222,4782,5413,6899,8140,9433,7311,11433,10110,12239,1,12661,19191,19148,19908,15292,5570,8263,8846,14333,17017,6608,20306,14207,2246,150,12976,1,33:26
2024-25,203468,CJ McCollum,CJ,1610612740,NOP,New Orleans Pelicans,0022400670,2025-01-29T00:00:00,NOP vs. DAL,L,35.825,9.0,21.1,0.429,3.0,7.0,0.429,2.0,2.0,1.0,1.0,2.0,3.0,8.0,1.0,1.0,0.0,0.0,2.0,3.0,23.1,11.1,40.8,0,0,39.2,1,13222,1,13222,2808,4622,2278,13735,6454,8394,7394,10613,12702,1,13223,19631,19687,2850,15816,11914,8263,8846,15086,9188,5408,7212,7276,2246,150,7277,1,35:50
2024-25,1630557,Corey Kispert,Corey,1610612764,WAS,Washington Wizards,0022400665,2025-01-29T00:00:00,WAS vs. TOR,L,23.731666666666666,6.1,16.7,0.364,0.0,7.6,0.0,0.0,0.0,0.0,0.0,1.5,1.5,0.0,1.5,3.0,1.5,1.5,3.0,0.0,12.1,-6.1,26.1,0,0,22.8,1,13222,1,13222,13134,11320,6198,16861,15070,7209,15070,13505,14344,13505,14058,20842,22550,19908,12669,3074,4790,4704,10560,17725,15992,16094,17561,2246,150,19166,1,23:44
2024-25,202704,Reggie Jackson,Reggie,1610612755,PHI,Philadelphia 76ers,0022400669,2025-01-29T00:00:00,PHI vs. SAC,W,16.65,8.6,17.3,0.5,2.2,6.5,0.333,0.0,0.0,0.0,2.2,6.5,8.6,4.3,0.0,0.0,0.0,0.0,0.0,0.0,19.5,38.9,36.3,0,0,34.6,1,1,13086,1,18502,5346,5454,8526,9388,9576,9209,13505,14344,13505,7714,7336,7229,9069,16469,12854,8263,8846,20257,17725,8411,1051,10138,2246,150,10369,1,16:39
2024-25,1642266,Ja'Kobe Walter,Ja'Kobe,1610612761,TOR,Toronto Raptors,0022400665,2025-01-29T00:00:00,TOR @ WAS,W,22.435,3.2,14.4,0.222,0.0,6.4,0.0,0.0,0.0,0.0,0.0,0.0,0.0,3.2,0.0,1.6,0.0,3.2,3.2,1.6,6.4,-1.6,16.0,0,0,12.8,1,1,13086,1,14169,18974,9445,21205,15070,9712,15070,13505,14344,13505,14058,22137,23286,12272,16469,7967,8263,1148,9823,14614,21109,13841,22837,2246,150,23765,1,22:26
2024-25,1630528,Josh Christopher,Josh,1610612748,MIA,Miami Heat,0022400667,2025-01-29T00:00:00,MIA vs. CLE,L,1.2666666666666666,0.0,28.4,0.0,0.0,0.0,0.0,0.0,0.0,0.0,0.0,0.0,0.0,0.0,0.0,0.0,0.0,28.4,0.0,0.0,0.0,0.0,0.0,0,0,0.0,1,13222,1,13222,25930,22635,364,22635,15070,20945,15070,13505,14344,13505,14058,22137,23286,19908,16469,12854,8263,8,20257,17725,23200,12240,25228,2246,150,25259,1,1:16
2024-25,201949,James Johnson,James,1610612754,IND,Indiana Pacers,0022400664,2025-01-29T00:00:00,IND vs. DET,W,1.7833333333333334,0.0,20.2,0.0,0.0,20.2,0.0,0.0,0.0,0.0,0.0,0.0,0.0,0.0,0.0,0.0,0.0,0.0,0.0,0.0,0.0,-80.7,0.0,0,0,0.0,1,1,13086,1,25622,22635,2833,22635,15070,226,15070,13505,14344,13505,14058,22137,23286,19908,16469,12854,8263,8846,20257,17725,23200,26011,25228,2246,150,25259,1,1:47
2024-25,1629673,Jordan Poole,Jordan,1610612764,WAS,Washington Wizards,0022400665,2025-01-29T00:00:00,WAS vs. TOR,L,28.85,1.2,11.2,0.111,0.0,6.2,0.0,1.2,1.2,1.0,0.0,0.0,0.0,2.5,3.7,0.0,2.5,1.2,3.7,5.0,3.7,-33.7,11.2,0,0,11.2,1,13222,1,13222,8805,22453,14975,22520,15070,10109,15070,12455,13817,1,14058,22137,23286,14556,4449,12854,2384,5944,7930,4134,22669,24261,24191,2246,150,24170,1,28:51
2024-25,1641763,Julian Phillips,Julian,1610612741,CHI,Chicago Bulls,0022400666,2025-01-29T00:00:00,CHI @ BOS,L,10.9,6.6,16.5,0.4,3.3,13.2,0.25,0.0,0.0,0.0,0.0,0.0,0.0,0.0,0.0,0.0,0.0,0.0,3.3,0.0,16.5,6.6,16.5,0,0,19.8,1,13222,1,13222,21753,9914,6402,14933,5650,1200,11902,13505,14344,13505,14058,22137,23286,19908,16469,12854,8263,8846,9444,17725,11380,9331,22657,2246,150,20962,1,10:54
2024-25,1628368,De'Aaron Fox,De'Aaron,1610612758,SAC,Sacramento Kings,0022400669,2025-01-29T00:00:00,SAC @ PHI,L,34.833333333333336,7.2,15.5,0.467,1.0,5.2,0.2,4.1,4.1,1.0,0.0,8.3,8.3,5.2,2.1,0.0,0.0,0.0,3.1,6.2,19.6,-9.3,35.2,0,0,34.1,1,13222,1,13222,3587,8370,7821,12249,14344,12784,13429,5468,7559,1,14058,4326,7825,7101,10172,12854,8263,8846,10272,2390,8217,17582,10907,2246,150,10772,1,34:50
2024-25,1628392,Isaiah Hartenstein,Isaiah,1610612760,OKC,Oklahoma City Thunder,0022400673,2025-01-29T00:00:00,OKC @ GSW,L,30.958333333333332,2.3,11.6,0.2,0.0,1.2,0.0,0.0,0.0,0.0,7.0,14.0,20.9,7.0,1.2,0.0,1.2,2.3,2.3,1.2,4.7,-9.3,42.6,0,0,34.9,1,13222,1,13222,6916,20803,14262,21401,15070,20670,15070,13505,14344,13505,1158,770,427,4029,14709,12854,6406,2379,13541,16585,22216,17584,6337,2246,150,10171,1,30:58
2024-25,1631169,Josh Minott,Josh,1610612750,MIN,Minnesota Timberwolves,0022400672,2025-01-29T00:00:00,MIN @ PHX,W,0.2,0.0,0.0,0.0,0.0,0.0,0.0,0.0,0.0,0.0,0.0,0.0,0.0,0.0,0.0,0.0,0.0,0.0,180.0,0.0,0.0,-540.0,0.0,0,0,0.0,1,1,13086,1,26265,22635,24836,22635,15070,20945,15070,13505,14344,13505,14058,22137,23286,19908,16469,12854,8263,8846,7,17725,23200,26300,25228,2246,150,25259,1,0:12
2024-25,203501,Tim Hardaway Jr.,Tim,1610612765,DET,Detroit Pistons,0022400664,2025-01-29T00:00:00,DET @ IND,L,28.166666666666668,1.3,3.8,0.333,1.3,2.6,0.5,0.0,1.3,0.0,0.0,2.6,2.6,2.6,1.3,0.0,0.0,0.0,1.3,1.3,3.8,-1.3,9.5,0,0,10.2,1,13222,1,13222,9408,22420,24168,17395,12943,18525,3944,13505,13763,13505,14058,18041,20694,14345,13917,12854,8263,8846,18133,15997,22634,13708,24504,2246,150,24382,1,28:10
2024-25,1642274,Yves Missi,Yves,1610612740,NOP,New Orleans Pelicans,0022400670,2025-01-29T00:00:00,NOP vs. DAL,L,29.251666666666665,0.0,4.9,0.0,0.0,0.0,0.0,0.0,0.0,0.0,3.7,4.9,8.6,1.2,0.0,0.0,4.9,2.5,2.5,0.0,0.0,16.0,27.0,0,0,19.7,1,13222,1,13222,8449,22635,23514,22635,15070,20945,15070,13505,14344,13505,4054,11107,7288,18915,16469,12854,538,2107,12944,17725,23200,5249,16983,2246,150,21040,1,29:15
2024-25,1631116,Patrick Baldwin Jr.,Patrick,1610612764,WAS,Washington Wizards,0022400665,2025-01-29T00:00:00,WAS vs. TOR,L,6.25,0.0,5.8,0.0,0.0,5.8,0.0,0.0,0.0,0.0,0.0,17.3,17.3,5.8,11.5,5.8,0.0,0.0,0.0,0.0,0.0,28.8,35.1,0,0,34.6,1,13222,1,13222,23477,22635,22854,22635,15070,11296,15070,13505,14344,13505,14058,316,1063,5928,225,549,8263,8846,20257,17725,23200,2134,10971,2246,150,10395,1,6:15
2024-25,1628418,Thomas Bryant,Thomas,1610612754,IND,Indiana Pacers,0022400664,2025-01-29T00:00:00,IND vs. DET,W,16.766666666666666,6.4,10.7,0.6,2.1,4.3,0.5,4.3,8.6,0.5,0.0,4.3,4.3,4.3,2.1,0.0,2.1,2.1,4.3,6.4,19.3,19.3,35.2,0,0,34.4,1,1,13086,1,18408,10332,15825,5394,9472,14924,3944,5161,2133,10625,14058,12819,16544,9135,9738,12854,3081,2772,6298,2134,8531,4167,10923,2246,150,10564,1,16:46
2024-25,202699,Tobias Harris,Tobias,1610612765,DET,Detroit Pistons,0022400664,2025-01-29T00:00:00,DET @ IND,L,35.81,8.0,19.1,0.421,1.0,8.0,0.125,2.0,2.0,1.0,0.0,8.0,8.0,2.0,2.0,1.0,1.0,1.0,3.0,2.0,19.1,-4.0,35.8,0,0,34.2,1,13222,1,13222,2819,6551,3678,14442,14521,6383,14886,10610,12699,1,14058,4645,8192,16338,10469,11909,7454,7876,10643,13038,8758,15079,10516,2246,150,10712,1,35:49
2024-25,1642366,Quinten Post,Quinten,1610612744,GSW,Golden State Warriors,0022400673,2025-01-29T00:00:00,GSW vs. OKC,W,8.133333333333333,0.0,0.0,0.0,0.0,0.0,0.0,0.0,0.0,0.0,0.0,0.0,0.0,0.0,8.9,0.0,0.0,0.0,13.3,0.0,0.0,-48.7,-8.9,0,0,0.0,1,1,13086,1,22768,22635,24836,22635,15070,20945,15070,13505,14344,13505,14058,22137,23286,19908,441,12854,8263,8846,320,17725,23200,25351,26212,2246,150,25259,1,8:08
2024-25,1629611,Terance Mann,Terance,1610612746,LAC,LA Clippers,0022400671,2025-01-29T00:00:00,LAC @ SAS,W,11.4,3.2,9.5,0.333,0.0,3.2,0.0,0.0,0.0,0.0,0.0,3.2,3.2,3.2,6.3,0.0,0.0,0.0,6.3,0.0,6.3,-25.3,8.5,0,0,12.6,1,1,13086,1,21538,19085,17991,17395,15070,17346,15070,13505,14344,13505,14058,16231,19349,12455,1215,12854,8263,8846,2582,17725,21177,22862,24631,2246,150,23826,1,11:24
2024-25,1627751,Jakob Poeltl,Jakob,1610612761,TOR,Toronto Raptors,0022400665,2025-01-29T00:00:00,TOR @ WAS,W,26.583333333333332,8.1,14.9,0.545,0.0,0.0,0.0,0.0,0.0,0.0,1.4,9.5,10.8,8.1,1.4,2.7,0.0,1.4,4.1,1.4,16.3,35.2,48.2,0,0,40.6,1,1,13086,1,10652,6360,8750,7695,15070,20945,15070,13505,14344,13505,10962,3037,4564,2763,13550,3889,8263,5384,6963,15651,11652,1374,3912,2246,150,6424,1,26:35
2024-25,1642269,Devin Carter,Devin,1610612758,SAC,Sacramento Kings,0022400669,2025-01-29T00:00:00,SAC @ PHI,L,2.783333333333333,0.0,12.9,0.0,0.0,12.9,0.0,0.0,0.0,0.0,0.0,0.0,0.0,12.9,0.0,0.0,0.0,0.0,0.0,12.9,0.0,-38.8,19.4,0,0,12.9,1,13222,1,13222,25072,22635,11965,22635,15070,1333,15070,13505,14344,13505,14058,22137,23286,541,16469,12854,8263,8846,20257,161,23200,24762,21455,2246,150,23733,1,2:47
2024-25,1641752,Bobi Klintman,Bobi,1610612765,DET,Detroit Pistons,0022400664,2025-01-29T00:00:00,DET @ IND,L,1.7833333333333334,0.0,0.0,0.0,0.0,0.0,0.0,0.0,0.0,0.0,0.0,0.0,0.0,20.2,0.0,0.0,0.0,0.0,0.0,0.0,0.0,80.7,30.3,0,0,20.2,1,13222,1,13222,25622,22635,24836,22635,15070,20945,15070,13505,14344,13505,14058,22137,23286,79,16469,12854,8263,8846,20257,17725,23200,153,14595,2246,150,20750,1,1:47
2024-25,1641854,Craig Porter Jr.,Craig,1610612739,CLE,Cleveland Cavaliers,0022400667,2025-01-29T00:00:00,CLE @ MIA,W,21.033333333333335,6.8,12.0,0.571,1.7,3.4,0.5,0.0,0.0,0.0,1.7,5.1,6.8,3.4,1.7,1.7,1.7,1.7,1.7,0.0,15.4,8.6,37.3,0,0,34.2,1,1,13086,1,15267,9306,13622,6538,11367,16825,3944,13505,14344,13505,9537,10467,10435,11623,11872,7565,4266,4115,16495,17725,12513,8378,9466,2246,150,10672,1,21:02
2024-25,1630598,Aaron Wiggins,Aaron,1610612760,OKC,Oklahoma City Thunder,0022400673,2025-01-29T00:00:00,OKC @ GSW,L,14.141666666666667,2.5,12.7,0.2,0.0,10.2,0.0,0.0,0.0,0.0,0.0,5.1,5.1,2.5,0.0,0.0,0.0,2.5,2.5,0.0,5.1,17.8,15.0,0,0,12.7,1,13222,1,13222,20120,20382,12337,21401,15070,3299,15070,13505,14344,13505,14058,10596,14542,14378,16469,12854,8263,1961,12617,17725,21959,4616,23172,2246,150,23795,1,14:09
2024-25,1641733,Nick Smith Jr.,Nick,1610612766,CHA,Charlotte Hornets,0022400663,2025-01-29T00:00:00,CHA vs. BKN,L,27.016666666666666,1.3,13.3,0.1,0.0,9.3,0.0,0.0,0.0,0.0,0.0,6.7,6.7,2.7,4.0,0.0,0.0,1.3,2.7,0.0,2.7,-29.3,10.7,0,0,12.0,1,13222,1,13222,10318,22364,11256,22561,15070,4341,15070,13505,14344,13505,14058,6975,10818,14001,3886,12854,8263,5487,12185,17725,23032,23631,24313,2246,150,23978,1,27:01
2024-25,1641734,Emoni Bates,Emoni,1610612739,CLE,Cleveland Cavaliers,0022400667,2025-01-29T00:00:00,CLE @ MIA,W,1.2666666666666666,0.0,28.4,0.0,0.0,28.4,0.0,0.0,0.0,0.0,0.0,0.0,0.0,0.0,0.0,0.0,0.0,0.0,0.0,0.0,0.0,0.0,0.0,0,0,0.0,1,1,13086,1,25930,22635,364,22635,15070,81,15070,13505,14344,13505,14058,22137,23286,19908,16469,12854,8263,8846,20257,17725,23200,12240,25228,2246,150,25259,1,1:16
2024-25,1641731,Bilal Coulibaly,Bilal,1610612764,WAS,Washington Wizards,0022400665,2025-01-29T00:00:00,WAS vs. TOR,L,25.101666666666667,1.4,8.6,0.167,1.4,5.7,0.25,7.2,8.6,0.833,1.4,1.4,2.9,1.4,5.7,1.4,0.0,0.0,2.9,4.3,11.5,-43.0,15.6,0,0,20.1,1,13222,1,13222,11915,22253,19354,21938,12317,11370,11902,1891,2123,7275,10601,21017,20073,18224,1616,8735,8263,8846,11324,5580,16709,25058,22982,2246,150,20818,1,25:06
2024-25,1631111,Wendell Moore Jr.,Wendell,1610612765,DET,Detroit Pistons,0022400664,2025-01-29T00:00:00,DET @ IND,L,1.7833333333333334,0.0,0.0,0.0,0.0,0.0,0.0,0.0,0.0,0.0,0.0,0.0,0.0,20.2,0.0,0.0,0.0,0.0,0.0,20.2,0.0,80.7,30.3,0,0,20.2,1,13222,1,13222,25622,22635,24836,22635,15070,20945,15070,13505,14344,13505,14058,22137,23286,79,16469,12854,8263,8846,20257,41,23200,153,14595,2246,150,20750,1,1:47
2024-25,202066,Garrett Temple,Garrett,1610612761,TOR,Toronto Raptors,0022400665,2025-01-29T00:00:00,TOR @ WAS,W,6.25,0.0,17.3,0.0,0.0,11.5,0.0,0.0,0.0,0.0,0.0,0.0,0.0,0.0,0.0,5.8,0.0,0.0,0.0,0.0,0.0,-28.8,17.3,0,0,11.5,1,1,13086,1,23477,22635,5472,22635,15070,2086,15070,13505,14344,13505,14058,22137,23286,19908,16469,549,8263,8846,20257,17725,23200,23551,22382,2246,150,24107,1,6:15
2024-25,1627741,Buddy Hield,Buddy,1610612744,GSW,Golden State Warriors,0022400673,2025-01-29T00:00:00,GSW vs. OKC,W,15.27,4.7,14.1,0.333,2.4,9.4,0.25,0.0,0.0,0.0,0.0,11.8,11.8,9.4,2.4,2.4,0.0,2.4,0.0,0.0,11.8,16.5,44.8,0,0,40.1,1,1,13086,1,19398,15204,9931,17395,8638,4214,11902,13505,14344,13505,14058,1482,3681,1740,8826,4842,8263,2320,20257,17725,16356,5067,5279,2246,150,6739,1,15:16
2024-25,1630264,Anthony Gill,Anthony,1610612764,WAS,Washington Wizards,0022400665,2025-01-29T00:00:00,WAS vs. TOR,L,6.25,0.0,0.0,0.0,0.0,0.0,0.0,11.5,11.5,1.0,0.0,0.0,0.0,0.0,0.0,0.0,0.0,0.0,5.8,5.8,11.5,28.8,11.5,0,0,11.5,1,13222,1,13222,23477,22635,24836,22635,15070,20945,15070,400,886,1,14058,22137,23286,19908,16469,12854,8263,8846,3292,2956,16648,2134,24127,2246,150,24107,1,6:15
2024-25,1642277,Johnny Furphy,Johnny,1610612754,IND,Indiana Pacers,0022400664,2025-01-29T00:00:00,IND vs. DET,W,3.72,0.0,0.0,0.0,0.0,0.0,0.0,0.0,0.0,0.0,0.0,0.0,0.0,0.0,0.0,9.7,0.0,0.0,9.7,0.0,0.0,-58.1,29.0,0,0,19.4,1,1,13086,1,24611,22635,24836,22635,15070,20945,15070,13505,14344,13505,14058,22137,23286,19908,16469,127,8263,8846,772,17725,23200,25633,15462,2246,150,21228,1,3:43
2024-25,1631250,Pete Nance,Pete,1610612755,PHI,Philadelphia 76ers,0022400669,2025-01-29T00:00:00,PHI vs. SAC,W,0.9,0.0,0.0,0.0,0.0,0.0,0.0,0.0,0.0,0.0,0.0,0.0,0.0,0.0,0.0,0.0,0.0,0.0,0.0,0.0,0.0,160.0,0.0,0,0,0.0,1,1,13086,1,26096,22635,24836,22635,15070,20945,15070,13505,14344,13505,14058,22137,23286,19908,16469,12854,8263,8846,20257,17725,23200,24,25228,2246,150,25259,1,0:54
2024-25,1628436,Luke Kornet,Luke,1610612738,BOS,Boston Celtics,0022400666,2025-01-29T00:00:00,BOS vs. CHI,W,14.593333333333334,2.5,7.4,0.333,0.0,0.0,0.0,0.0,0.0,0.0,2.5,2.5,4.9,0.0,0.0,0.0,0.0,0.0,4.9,0.0,4.9,-2.5,10.9,0,0,9.9,1,1,13086,1,19831,20522,21070,17395,15070,20945,15070,13505,14344,13505,6726,18278,14968,19908,16469,12854,8263,8846,4763,17725,22044,14293,24267,2246,150,24451,1,14:36
2024-25,1642345,Oso Ighodaro,Oso,1610612756,PHX,Phoenix Suns,0022400672,2025-01-29T00:00:00,PHX vs. MIN,L,0.3466666666666667,0.0,0.0,0.0,0.0,0.0,0.0,0.0,0.0,0.0,0.0,0.0,0.0,0.0,0.0,0.0,0.0,0.0,0.0,0.0,0.0,0.0,0.0,0,0,0.0,1,13222,1,13222,26244,22635,24836,22635,15070,20945,15070,13505,14344,13505,14058,22137,23286,19908,16469,12854,8263,8846,20257,17725,23200,12240,25228,2246,150,25259,1,0:21
2024-25,1628370,Malik Monk,Malik,1610612758,SAC,Sacramento Kings,0022400669,2025-01-29T00:00:00,SAC @ PHI,L,40.45,7.1,16.0,0.444,2.7,8.0,0.333,1.8,2.7,0.667,0.0,4.4,4.4,7.1,2.7,0.9,0.0,0.0,3.6,2.7,18.7,1.8,34.7,0,0,34.7,1,13222,1,13222,461,8659,7089,13045,7624,6433,9209,11284,10814,9425,14058,12404,16170,3865,7623,12706,8263,8846,8563,10413,9132,11750,11283,2246,150,10292,1,40:27
2024-25,1629659,Talen Horton-Tucker,Talen,1610612741,CHI,Chicago Bulls,0022400666,2025-01-29T00:00:00,CHI @ BOS,L,1.8333333333333333,0.0,0.0,0.0,0.0,0.0,0.0,0.0,0.0,0.0,0.0,0.0,0.0,0.0,0.0,0.0,0.0,0.0,0.0,0.0,0.0,-39.3,0.0,0,0,0.0,1,13222,1,13222,25581,22635,24836,22635,15070,20945,15070,13505,14344,13505,14058,22137,23286,19908,16469,12854,8263,8846,20257,17725,23200,24788,25228,2246,150,25259,1,1:50
2024-25,1627936,Alex Caruso,Alex,1610612760,OKC,Oklahoma City Thunder,0022400673,2025-01-29T00:00:00,OKC @ GSW,L,0.36666666666666664,0.0,0.0,0.0,0.0,0.0,0.0,0.0,0.0,0.0,0.0,0.0,0.0,0.0,0.0,0.0,0.0,0.0,0.0,0.0,0.0,-196.4,0.0,0,0,0.0,1,13222,1,13222,26242,22635,24836,22635,15070,20945,15070,13505,14344,13505,14058,22137,23286,19908,16469,12854,8263,8846,20257,17725,23200,26282,25228,2246,150,25259,1,0:22
2024-25,1642267,Bub Carrington,Bub,1610612764,WAS,Washington Wizards,0022400665,2025-01-29T00:00:00,WAS vs. TOR,L,22.783333333333335,1.6,6.3,0.25,1.6,4.7,0.333,0.0,0.0,0.0,1.6,1.6,3.2,1.6,3.2,0.0,0.0,1.6,0.0,1.6,4.7,-15.8,7.7,0,0,11.1,1,13222,1,13222,13887,22062,22303,20233,11755,13866,9209,13505,14344,13505,9999,20720,19343,17709,5950,12854,8263,4490,20257,14691,22162,20194,24730,2246,150,24209,1,22:47
2024-25,1629026,Kenrich Williams,Kenrich,1610612760,OKC,Oklahoma City Thunder,0022400673,2025-01-29T00:00:00,OKC @ GSW,L,9.203333333333333,0.0,3.9,0.0,0.0,3.9,0.0,0.0,0.0,0.0,0.0,3.9,3.9,0.0,3.9,3.9,0.0,0.0,7.8,0.0,0.0,23.5,12.5,0,0,11.7,1,13222,1,13222,22385,22635,24130,22635,15070,15758,15070,13505,14344,13505,14058,13993,17539,19908,4065,1728,8263,8846,1443,17725,23200,3160,23893,2246,150,24057,1,9:12
2024-25,1631221,Collin Gillespie,Collin,1610612756,PHX,Phoenix Suns,0022400672,2025-01-29T00:00:00,PHX vs. MIN,L,0.3466666666666667,0.0,0.0,0.0,0.0,0.0,0.0,0.0,0.0,0.0,0.0,0.0,0.0,0.0,0.0,0.0,0.0,0.0,0.0,0.0,0.0,0.0,0.0,0,0,0.0,1,13222,1,13222,26244,22635,24836,22635,15070,20945,15070,13505,14344,13505,14058,22137,23286,19908,16469,12854,8263,8846,20257,17725,23200,12240,25228,2246,150,25259,1,0:21
2024-25,1629638,Nickeil Alexander-Walker,Nickeil,1610612750,MIN,Minnesota Timberwolves,0022400672,2025-01-29T00:00:00,MIN @ PHX,W,35.333333333333336,8.2,14.3,0.571,5.1,10.2,0.5,2.0,2.0,1.0,1.0,3.1,4.1,1.0,2.0,0.0,0.0,0.0,1.0,3.1,23.4,14.3,27.8,0,0,33.6,1,1,13086,1,3201,6299,9749,6538,2165,3291,3944,10499,12609,1,13102,16529,17126,19623,10318,12854,8263,8846,19583,9046,5176,5902,16352,2246,150,11139,1,35:20
2024-25,1628989,Kevin Huerter,Kevin,1610612758,SAC,Sacramento Kings,0022400669,2025-01-29T00:00:00,SAC @ PHI,L,9.983333333333333,7.2,18.0,0.4,3.6,14.4,0.25,0.0,0.0,0.0,0.0,0.0,0.0,3.6,0.0,0.0,0.0,0.0,0.0,0.0,18.0,-36.1,23.4,0,0,25.2,1,13222,1,13222,22110,8422,4631,14933,4910,819,11902,13505,14344,13505,14058,22137,23286,11069,16469,12854,8263,8846,20257,17725,9808,24530,19288,2246,150,17479,1,9:59
2024-25,1631099,Keegan Murray,Keegan,1610612758,SAC,Sacramento Kings,0022400669,2025-01-29T00:00:00,SAC @ PHI,L,36.68333333333333,7.9,14.7,0.533,0.0,4.9,0.0,1.0,2.0,0.5,4.9,2.9,7.9,0.0,0.0,1.0,1.0,0.0,3.9,1.0,16.7,-7.9,32.0,0,0,28.5,1,13222,1,13222,2212,6955,9013,8140,15070,13419,15070,13290,12828,10625,2454,16913,8545,19908,16469,12111,7606,8846,7368,17449,11191,16900,13329,2246,150,15103,1,36:41
2024-25,1630202,Payton Pritchard,Payton,1610612738,BOS,Boston Celtics,0022400666,2025-01-29T00:00:00,BOS vs. CHI,W,34.21666666666667,4.2,6.3,0.667,2.1,3.2,0.667,0.0,0.0,0.0,0.0,2.1,2.1,7.4,1.1,2.1,1.1,0.0,1.1,0.0,10.5,13.7,32.5,0,0,28.4,1,1,13086,1,4083,16571,22309,3281,9663,17349,1957,13505,14344,13505,14058,19349,21601,3553,15470,5764,7116,8846,19391,17725,17642,6134,12943,2246,150,15145,1,34:13
2024-25,1641824,Matas Buzelis,Matas,1610612741,CHI,Chicago Bulls,0022400666,2025-01-29T00:00:00,CHI @ BOS,L,21.566666666666666,6.7,10.0,0.667,3.3,6.7,0.5,3.3,3.3,1.0,0.0,6.7,6.7,0.0,0.0,0.0,1.7,0.0,8.3,1.7,20.0,-16.7,33.1,0,0,33.4,1,13222,1,13222,14874,9742,17028,3281,5545,9148,3944,7027,9213,1,14058,6941,10777,19908,16469,12854,4366,8846,1204,14367,7900,20512,12553,2246,150,11335,1,21:34
2024-25,1631105,Jalen Duren,Jalen,1610612765,DET,Detroit Pistons,0022400664,2025-01-29T00:00:00,DET @ IND,L,31.283333333333335,5.8,9.2,0.625,0.0,0.0,0.0,4.6,4.6,1.0,4.6,6.9,11.5,3.5,2.3,0.0,1.2,0.0,2.3,4.6,16.1,-21.9,36.2,1,0,33.4,1,13222,1,13222,6630,12257,18397,4899,15070,20945,15070,4679,6651,1,2799,6524,3936,11544,9061,12854,6478,8846,13636,4936,11807,22041,10194,1,150,11345,1,31:17
2024-25,1629655,Daniel Gafford,Daniel,1610612742,DAL,Dallas Mavericks,0022400670,2025-01-29T00:00:00,DAL @ NOP,W,33.935,9.5,9.5,1.0,0.0,0.0,0.0,4.2,4.2,1.0,5.3,7.4,12.7,3.2,2.1,0.0,4.2,0.0,5.3,5.3,23.3,8.5,54.0,1,0,47.7,1,1,13086,1,4321,3821,17861,1,15070,20945,15070,5275,7333,1,2089,5632,2979,12384,9897,12854,795,8846,4012,3623,5253,8406,2211,1,150,3243,1,33:56
2024-25,1630533,Ziaire Williams,Ziaire,1610612751,BKN,Brooklyn Nets,0022400663,2025-01-29T00:00:00,BKN @ CHA,W,32.85,5.5,11.0,0.5,3.3,6.6,0.5,0.0,0.0,0.0,0.0,3.3,3.3,3.3,0.0,2.2,0.0,1.1,1.1,1.1,14.2,16.4,29.7,0,0,28.5,1,1,13086,1,5284,13038,15433,8526,5714,9376,3944,13505,14344,13505,14058,15830,19021,12031,16469,5433,8263,7076,19126,16926,13666,5098,15029,2246,150,15071,1,32:51
2024-25,1630558,Davion Mitchell,Davion,1610612761,TOR,Toronto Raptors,0022400665,2025-01-29T00:00:00,TOR @ WAS,W,26.983333333333334,5.3,5.3,1.0,2.7,2.7,1.0,0.0,0.0,0.0,1.3,4.0,5.3,12.0,6.7,0.0,0.0,0.0,4.0,4.0,13.3,32.0,31.1,0,0,33.4,1,1,13086,1,10349,13442,23231,1,7626,18317,1,13505,14344,13505,11043,13718,13948,717,1043,12854,8263,8846,7135,6297,14698,1730,13996,2246,150,11356,1,26:59
2024-25,201959,Taj Gibson,Taj,1610612766,CHA,Charlotte Hornets,0022400663,2025-01-29T00:00:00,CHA vs. BKN,L,17.633333333333333,0.0,8.2,0.0,0.0,0.0,0.0,0.0,4.1,0.0,10.2,10.2,20.4,4.1,4.1,0.0,6.1,6.1,8.2,2.0,0.0,-38.8,44.9,0,0,36.7,1,13222,1,13222,17841,22635,19993,22635,15070,20945,15070,13505,7660,13505,372,2422,478,9695,3708,12854,288,210,1292,12868,23200,24761,5220,2246,150,8882,1,17:38
2024-25,1629656,Quentin Grimes,Quentin,1610612742,DAL,Dallas Mavericks,0022400670,2025-01-29T00:00:00,DAL @ NOP,W,20.316666666666666,10.6,14.2,0.75,5.3,8.9,0.6,3.5,3.5,1.0,0.0,1.8,1.8,0.0,3.5,5.3,0.0,0.0,5.3,1.8,30.1,8.9,44.7,0,0,47.8,1,1,13086,1,15769,2579,9875,2107,1932,5010,2992,6612,8798,1,14058,20312,22202,19908,4925,733,8263,8846,3993,14033,2037,8240,5350,2246,150,3206,1,20:19
2024-25,1627734,Domantas Sabonis,Domantas,1610612758,SAC,Sacramento Kings,0022400669,2025-01-29T00:00:00,SAC @ PHI,L,40.45,3.6,5.3,0.667,0.9,1.8,0.5,3.6,3.6,1.0,2.7,9.8,12.5,9.8,3.6,0.9,0.0,0.0,0.0,5.3,11.6,1.8,40.3,1,1,36.5,1,13222,1,13222,461,18175,23227,3281,14984,19948,3944,6584,8770,1,6183,2734,3151,1542,4879,12706,8263,8846,20257,3574,16601,11750,7562,1,1,9055,1,40:27
2024-25,1631119,Jaylin Williams,Jaylin,1610612760,OKC,Oklahoma City Thunder,0022400673,2025-01-29T00:00:00,OKC @ GSW,L,14.466666666666667,0.0,10.0,0.0,0.0,10.0,0.0,5.0,5.0,1.0,2.5,12.4,14.9,5.0,0.0,0.0,0.0,0.0,2.5,2.5,5.0,5.0,30.4,0,0,24.9,1,13222,1,13222,19896,22635,17138,22635,15070,3541,15070,4074,5970,1,6644,1178,1802,7520,16469,12854,8263,8846,12846,11034,22023,10130,14531,2246,150,17766,1,14:28
2024-25,1629130,Duncan Robinson,Duncan,1610612748,MIA,Miami Heat,0022400667,2025-01-29T00:00:00,MIA vs. CLE,L,29.658333333333335,3.6,10.9,0.333,3.6,9.7,0.375,4.9,4.9,1.0,0.0,2.4,2.4,3.6,2.4,1.2,0.0,0.0,1.2,3.6,15.8,-14.6,25.4,0,0,27.9,1,13222,1,13222,8087,17986,15489,17395,4822,3839,8800,4258,6187,1,14058,18407,20944,10960,8541,10062,8263,8846,18454,7280,12142,19736,18027,2246,150,15485,1,29:40
2024-25,202685,Jonas Valančiūnas,Jonas,1610612764,WAS,Washington Wizards,0022400665,2025-01-29T00:00:00,WAS vs. TOR,L,23.3,1.5,6.2,0.25,0.0,0.0,0.0,6.2,6.2,1.0,4.6,12.4,17.0,1.5,4.6,0.0,0.0,0.0,4.6,6.2,9.3,-37.1,27.3,0,0,27.8,1,13222,1,13222,13465,22120,22444,20233,15070,20945,15070,2697,4251,1,2763,1203,1130,17820,2798,12854,8263,8846,5453,2418,18840,24623,16701,2246,150,15569,1,23:18
2024-25,1641787,Tosan Evbuomwan,Tosan,1610612751,BKN,Brooklyn Nets,0022400663,2025-01-29T00:00:00,BKN @ CHA,W,30.166666666666668,4.8,9.5,0.5,3.6,6.0,0.6,3.6,4.8,0.75,0.0,4.8,4.8,1.2,1.2,1.2,0.0,1.2,2.4,3.6,16.7,26.3,26.6,0,0,28.6,1,1,13086,1,7621,15042,17862,8526,4965,10762,2992,6530,6348,8186,14058,11502,15361,19033,14489,10226,8263,6313,13279,7453,11164,2567,17206,2246,150,14971,1,30:10
2024-25,202696,Nikola Vučević,Nikola,1610612741,CHI,Chicago Bulls,0022400666,2025-01-29T00:00:00,CHI @ BOS,L,24.866666666666667,4.3,13.0,0.333,0.0,4.3,0.0,0.0,0.0,0.0,2.9,13.0,15.9,2.9,2.9,0.0,2.9,0.0,4.3,1.4,8.7,-18.8,37.9,0,0,33.3,1,13222,1,13222,12121,16221,11804,17395,15070,14814,15070,13505,14344,13505,5603,1001,1456,13293,6866,12854,1830,8846,6163,15252,19361,21188,9059,2246,150,11404,1,24:52
2024-25,1641737,Adem Bona,Adem,1610612755,PHI,Philadelphia 76ers,0022400669,2025-01-29T00:00:00,PHI vs. SAC,W,18.8,3.8,3.8,1.0,0.0,0.0,0.0,1.9,3.8,0.5,1.9,11.5,13.4,1.9,3.8,0.0,0.0,0.0,5.7,1.9,9.6,7.7,24.7,0,0,24.9,1,1,13086,1,16965,17495,24174,1,15070,20945,15070,10903,8178,10625,8757,1635,2547,16700,4236,12854,8263,8846,3326,13456,18566,8794,18487,2246,150,17759,1,18:48
2024-25,202684,Tristan Thompson,Tristan,1610612739,CLE,Cleveland Cavaliers,0022400667,2025-01-29T00:00:00,CLE @ MIA,W,5.783333333333333,6.2,12.4,0.5,0.0,0.0,0.0,0.0,0.0,0.0,6.2,6.2,12.4,0.0,0.0,0.0,0.0,0.0,0.0,0.0,12.4,-12.4,27.4,0,0,24.9,1,1,13086,1,23675,10902,12813,8526,15070,20945,15070,13505,14344,13505,1513,7836,3157,19908,16469,12854,8263,8846,20257,17725,15651,18922,16672,2246,150,17754,1,5:47
2024-25,1631107,Nikola Jović,Nikola,1610612748,MIA,Miami Heat,0022400667,2025-01-29T00:00:00,MIA vs. CLE,L,28.95,6.2,13.7,0.455,1.2,6.2,0.2,0.0,0.0,0.0,2.5,1.2,3.7,6.2,1.2,0.0,0.0,0.0,0.0,0.0,13.7,-8.7,26.2,0,0,24.9,1,13222,1,13222,8713,10926,10682,12676,13133,10157,13429,13505,14344,13505,6655,21417,17987,5138,14140,12854,8263,8846,20257,17725,14300,17290,17452,2246,150,17783,1,28:57
2024-25,1631128,Christian Braun,Christian,1610612743,DEN,Denver Nuggets,0022400668,2025-01-29T00:00:00,DEN @ NYK,L,28.85,5.0,10.0,0.5,1.2,2.5,0.5,5.0,5.0,1.0,2.5,3.7,6.2,1.2,1.2,0.0,0.0,0.0,2.5,2.5,16.2,-22.5,24.3,0,0,25.0,1,13222,1,13222,8805,14407,17084,8526,13109,18631,3944,4047,5935,1,6620,14487,11733,18852,14109,12854,8263,8846,12814,11003,11700,22213,18732,2246,150,17723,1,28:51
2024-25,1630540,Miles McBride,Miles,1610612752,NYK,New York Knicks,0022400668,2025-01-29T00:00:00,NYK vs. DEN,W,21.516666666666666,8.4,15.1,0.556,3.3,8.4,0.4,0.0,0.0,0.0,0.0,3.3,3.3,6.7,0.0,0.0,0.0,0.0,0.0,0.0,20.1,15.1,34.1,0,0,33.5,1,1,13086,1,14925,5864,8507,7248,5522,5802,7874,13505,14344,13505,14058,15647,18874,4438,16469,12854,8263,8846,20257,17725,7857,5609,11705,2246,150,11273,1,21:31
2024-25,1628386,Jarrett Allen,Jarrett,1610612739,CLE,Cleveland Cavaliers,0022400667,2025-01-29T00:00:00,CLE @ MIA,W,29.2,6.2,8.6,0.714,0.0,0.0,0.0,2.5,2.5,1.0,2.5,9.9,12.3,1.2,1.2,2.5,0.0,0.0,0.0,1.2,14.8,24.7,37.6,1,0,33.3,1,1,13086,1,8496,11061,19302,2752,15070,20945,15070,9149,11300,1,6731,2675,3249,18905,14211,4489,8263,8846,20257,16218,13117,2886,9285,1,150,11414,1,29:12
2024-25,1630183,Jaden McDaniels,Jaden,1610612750,MIN,Minnesota Timberwolves,0022400672,2025-01-29T00:00:00,MIN @ PHX,W,36.50333333333333,3.9,6.9,0.571,2.0,3.0,0.667,3.9,3.9,1.0,2.0,3.9,5.9,3.0,1.0,2.0,0.0,1.0,3.9,3.0,13.8,4.9,30.3,0,0,28.6,1,1,13086,1,2335,17216,21664,6538,10289,17739,1957,5808,7960,1,8516,13893,12488,13064,15935,6384,8263,8041,7297,9397,14144,10147,14604,2246,150,14993,1,36:30
2024-25,1628975,Jevon Carter,Jevon,1610612741,CHI,Chicago Bulls,0022400666,2025-01-29T00:00:00,CHI @ BOS,L,3.75,9.6,28.8,0.333,9.6,28.8,0.333,0.0,0.0,0.0,0.0,0.0,0.0,9.6,0.0,0.0,0.0,0.0,0.0,0.0,28.8,-38.4,43.2,0,0,48.0,1,13222,1,13222,24601,3722,337,17395,242,76,9209,13505,14344,13505,14058,22137,23286,1640,16469,12854,8263,8846,20257,17725,2484,24736,6030,2246,150,3132,1,3:45
2024-25,1626179,Terry Rozier,Terry,1610612748,MIA,Miami Heat,0022400667,2025-01-29T00:00:00,MIA vs. CLE,L,33.15833333333333,8.7,14.1,0.615,2.2,6.5,0.333,4.3,4.3,1.0,0.0,4.3,4.3,4.3,2.2,1.1,0.0,0.0,0.0,3.3,23.9,-10.9,36.7,0,0,36.9,1,13222,1,13222,5026,5289,9985,5246,9360,9524,9209,5087,7126,1,14058,12676,16428,9028,9630,11139,8263,8846,20257,8389,4888,18259,9892,2246,150,8782,1,33:10
2024-25,1628971,Bruce Brown,Bruce,1610612761,TOR,Toronto Raptors,0022400665,2025-01-29T00:00:00,TOR @ WAS,W,19.48,7.4,16.6,0.444,3.7,7.4,0.5,0.0,0.0,0.0,0.0,7.4,7.4,3.7,0.0,5.5,1.8,1.8,3.7,0.0,18.5,14.8,55.1,0,0,48.0,1,1,13086,1,16441,8031,6266,13045,4712,7638,3944,13505,14344,13505,14058,5700,9388,10799,16469,616,3935,3748,8099,17725,9338,5714,1975,2246,150,3124,1,19:29
2024-25,1630596,Evan Mobley,Evan,1610612739,CLE,Cleveland Cavaliers,0022400667,2025-01-29T00:00:00,CLE @ MIA,W,31.316666666666666,11.5,17.2,0.667,0.0,2.3,0.0,2.3,3.4,0.667,4.6,12.6,17.2,2.3,1.1,0.0,1.1,0.0,4.6,3.4,25.3,12.6,51.7,1,0,47.1,1,1,13086,1,6594,1870,5523,3281,15070,18986,15070,9623,8992,9425,2806,1112,1071,15234,14794,12854,6490,8846,5545,7810,4061,6541,2775,1,150,3424,1,31:19
2024-25,1629645,Kevin Porter Jr.,Kevin,1610612746,LAC,LA Clippers,0022400671,2025-01-29T00:00:00,LAC @ SAS,W,18.216666666666665,7.9,11.9,0.667,0.0,0.0,0.0,2.0,2.0,1.0,4.0,4.0,7.9,2.0,4.0,0.0,0.0,0.0,9.9,2.0,17.8,-9.9,26.3,0,0,27.7,1,1,13086,1,17428,6840,13855,3281,15070,20945,15070,10722,12786,1,3655,13870,8449,16456,3965,12854,8263,8846,727,13176,10044,17835,17423,2246,150,15668,1,18:13
2024-25,1626164,Devin Booker,Devin,1610612756,PHX,Phoenix Suns,0022400672,2025-01-29T00:00:00,PHX vs. MIN,L,40.935,9.7,16.7,0.579,1.8,6.2,0.286,3.5,4.4,0.8,0.9,2.6,3.5,7.0,7.9,0.0,0.0,0.0,3.5,5.3,24.6,2.6,31.5,0,0,36.9,1,13222,1,13222,384,3631,6167,6486,11231,10306,11433,6673,7031,7681,13957,17861,18513,3975,608,12854,8263,8846,8707,3669,4412,11299,13683,2246,150,8771,1,40:56
2024-25,1630595,Cade Cunningham,Cade,1610612765,DET,Detroit Pistons,0022400664,2025-01-29T00:00:00,DET @ IND,L,37.45,11.5,21.1,0.545,1.0,4.8,0.2,6.7,7.7,0.875,0.0,4.8,4.8,8.7,3.8,1.0,0.0,1.0,3.8,3.8,30.8,-22.1,48.5,0,0,47.1,1,13222,1,13222,1712,1847,2249,7695,14746,13688,13429,2215,2752,6931,14058,11414,15282,2305,4198,12271,8263,8255,7616,6727,1843,22098,3789,2246,150,3437,1,37:27
2024-25,203944,Julius Randle,Julius,1610612750,MIN,Minnesota Timberwolves,0022400672,2025-01-29T00:00:00,MIN @ PHX,W,35.2,10.2,16.4,0.625,0.0,3.1,0.0,8.2,10.2,0.8,0.0,7.2,7.2,6.1,0.0,3.1,0.0,0.0,4.1,8.2,28.6,-4.1,55.6,0,0,48.1,1,1,13086,1,3316,2997,6592,4899,15070,17519,15070,1329,1281,7681,14058,6078,9835,5269,16469,3006,8263,8846,6868,932,2557,15116,1874,2246,150,3117,1,35:12
2024-25,1626166,Cameron Payne,Cameron,1610612752,NYK,New York Knicks,0022400668,2025-01-29T00:00:00,NYK vs. DEN,W,11.716666666666667,6.1,15.4,0.4,3.1,9.2,0.333,6.1,6.1,1.0,0.0,9.2,9.2,0.0,0.0,0.0,0.0,0.0,0.0,6.1,21.5,-18.4,32.6,0,0,33.8,1,1,13086,1,21409,11102,8015,14933,6287,4500,9209,2732,4289,1,14058,3282,6415,19908,16469,12854,8263,8846,20257,2451,6629,21054,12901,2246,150,11002,1,11:43
2024-25,1626167,Myles Turner,Myles,1610612754,IND,Indiana Pacers,0022400664,2025-01-29T00:00:00,IND vs. DET,W,29.45,6.1,12.2,0.5,4.9,7.3,0.667,12.2,14.7,0.833,1.2,7.3,8.6,3.7,3.7,1.2,0.0,1.2,3.7,8.6,29.3,11.0,45.1,0,0,48.9,1,1,13086,1,8267,11191,13223,8526,2422,7754,1957,322,377,7275,11647,5773,7384,10881,4634,9994,8263,6107,8199,801,2326,7236,5127,2246,150,2856,1,29:27
2024-25,201599,DeAndre Jordan,DeAndre,1610612743,DEN,Denver Nuggets,0022400668,2025-01-29T00:00:00,DEN @ NYK,L,8.433333333333334,4.3,8.5,0.5,0.0,0.0,0.0,0.0,0.0,0.0,4.3,8.5,12.8,4.3,0.0,0.0,0.0,0.0,4.3,8.5,8.5,0.0,30.3,0,0,25.6,1,13222,1,13222,22649,16403,19432,8526,15070,20945,15070,13505,14344,13505,3214,4003,2934,9208,16469,12854,8263,8846,6379,808,19484,12240,14569,2246,150,17201,1,8:26
2024-25,1631172,Ousmane Dieng,Ousmane,1610612760,OKC,Oklahoma City Thunder,0022400673,2025-01-29T00:00:00,OKC @ GSW,L,6.55,0.0,0.0,0.0,0.0,0.0,0.0,0.0,0.0,0.0,5.5,5.5,11.0,5.5,5.5,0.0,0.0,0.0,0.0,0.0,0.0,-44.0,15.9,0,0,16.5,1,13222,1,13222,23354,22635,24836,22635,15070,20945,15070,13505,14344,13505,1947,9540,4414,6430,1813,12854,8263,8846,20257,17725,23200,25118,22880,2246,150,22510,1,6:33
2024-25,1642276,Kel'el Ware,Kel'el,1610612748,MIA,Miami Heat,0022400667,2025-01-29T00:00:00,MIA vs. CLE,L,29.266666666666666,2.5,7.4,0.333,1.2,4.9,0.25,0.0,0.0,0.0,1.2,3.7,4.9,3.7,1.2,0.0,0.0,0.0,1.2,1.2,6.2,-20.9,16.4,0,0,16.0,1,13222,1,13222,8428,20536,21096,17395,13207,13389,11902,13505,14344,13505,11605,14660,15004,10813,14231,12854,8263,8846,18377,16240,21285,21808,22723,2246,150,22711,1,29:16
2024-25,1630527,Brandon Boston,Brandon,1610612740,NOP,New Orleans Pelicans,0022400670,2025-01-29T00:00:00,NOP vs. DAL,L,20.916666666666668,8.6,18.9,0.455,1.7,3.4,0.5,1.7,3.4,0.5,0.0,1.7,1.7,0.0,0.0,6.9,0.0,1.7,1.7,1.7,20.7,-20.7,43.4,0,0,37.9,1,13222,1,13222,15345,5422,3817,12676,11340,16784,3944,11377,9005,10625,14058,20414,22275,19908,16469,320,8263,4093,16463,14210,7352,21743,5946,2246,150,8117,1,20:55
2024-25,1628404,Josh Hart,Josh,1610612752,NYK,New York Knicks,0022400668,2025-01-29T00:00:00,NYK vs. DEN,W,34.0,7.4,12.7,0.583,0.0,2.1,0.0,1.1,2.1,0.5,0.0,5.3,5.3,5.3,0.0,3.2,0.0,1.1,1.1,1.1,15.9,11.6,39.7,0,0,32.8,1,1,13086,1,4265,7988,12373,6296,15070,19340,15070,13048,12361,10625,14058,10040,14051,6831,16469,2788,8263,7412,19349,17123,12036,6951,7952,2246,150,11789,1,34:00
2024-25,1642347,Jamal Shead,Jamal,1610612761,TOR,Toronto Raptors,0022400665,2025-01-29T00:00:00,TOR @ WAS,W,21.016666666666666,5.1,8.6,0.6,1.7,3.4,0.5,5.1,5.1,1.0,1.7,1.7,3.4,6.9,1.7,1.7,0.0,0.0,1.7,5.1,17.1,0.0,34.9,0,0,32.5,1,1,13086,1,15282,13981,19401,5394,11362,16817,3944,3831,5694,1,9528,20429,18711,4208,11866,7562,8263,8846,16488,3866,10702,12240,11092,2246,150,11974,1,21:01
2024-25,1626181,Norman Powell,Norman,1610612746,LAC,LA Clippers,0022400671,2025-01-29T00:00:00,LAC @ SAS,W,37.1,8.7,14.6,0.6,2.9,5.8,0.5,5.8,5.8,1.0,0.0,7.8,7.8,1.0,1.9,0.0,0.0,0.0,1.0,5.8,26.2,17.5,35.0,0,0,37.8,1,1,13086,1,1922,5212,9271,5394,6827,11147,3944,3059,4724,1,14058,5060,8690,19768,10845,12854,8263,8846,19856,2859,3583,4748,11034,2246,150,8136,1,37:06
2024-25,1641774,Tristan Vukcevic,Tristan,1610612764,WAS,Washington Wizards,0022400665,2025-01-29T00:00:00,WAS vs. TOR,L,8.316666666666666,4.3,4.3,1.0,0.0,0.0,0.0,4.3,8.7,0.5,0.0,4.3,4.3,8.7,4.3,0.0,0.0,0.0,0.0,13.0,13.0,0.0,26.8,0,0,26.0,1,13222,1,13222,22703,16249,23900,1,15070,20945,15070,5102,2083,10625,14058,12715,16459,2300,3256,12854,8263,8846,20257,156,15103,12240,17062,2246,150,16955,1,8:19
2024-25,1628398,Kyle Kuzma,Kyle,1610612764,WAS,Washington Wizards,0022400665,2025-01-29T00:00:00,WAS vs. TOR,L,33.68333333333333,7.5,15.0,0.5,0.0,1.1,0.0,5.3,8.6,0.625,1.1,9.6,10.7,1.1,3.2,0.0,0.0,0.0,3.2,7.5,20.3,-19.2,31.5,1,0,32.1,1,13222,1,13222,4564,7807,8661,8526,15070,20779,15070,3598,2156,10271,12723,2902,4731,19449,5804,12854,8263,8846,9834,1336,7652,21323,13660,1,150,12335,1,33:41
2024-25,1630194,Paul Reed,Paul,1610612765,DET,Detroit Pistons,0022400664,2025-01-29T00:00:00,DET @ IND,L,8.95,4.0,12.1,0.333,0.0,0.0,0.0,0.0,0.0,0.0,0.0,16.1,16.1,0.0,4.0,4.0,0.0,0.0,8.0,4.0,8.0,16.1,35.4,0,0,32.2,1,13222,1,13222,22470,17037,13474,17395,15070,20945,15070,13505,14344,13505,14058,427,1397,19908,3837,1610,8263,8846,1344,6243,19880,5220,10807,2246,150,12237,1,8:57
2024-25,203471,Dennis Schröder,Dennis,1610612744,GSW,Golden State Warriors,0022400673,2025-01-29T00:00:00,GSW vs. OKC,W,25.805,5.6,11.2,0.5,1.4,5.6,0.25,0.0,2.8,0.0,2.8,2.8,5.6,9.8,2.8,1.4,0.0,0.0,4.2,4.2,12.6,4.2,35.3,0,0,32.1,1,1,13086,1,11330,12761,15085,8526,12469,11772,11902,13505,10507,13505,5889,17433,13331,1557,7258,8930,8263,8846,6593,5877,15538,10554,10875,2246,150,12312,1,25:48
2024-25,1642265,Rob Dillingham,Rob,1610612750,MIN,Minnesota Timberwolves,0022400672,2025-01-29T00:00:00,MIN @ PHX,W,14.65,7.4,9.8,0.75,0.0,0.0,0.0,4.9,4.9,1.0,0.0,4.9,4.9,7.4,2.5,0.0,0.0,0.0,2.5,2.5,19.7,7.4,34.2,0,0,31.9,1,1,13086,1,19792,8070,17355,2107,15070,20945,15070,4165,6084,1,14058,11120,15019,3542,8422,12854,8263,8846,12957,11138,8195,8948,11682,2246,150,12430,1,14:39
2024-25,201587,Nicolas Batum,Nicolas,1610612746,LAC,LA Clippers,0022400671,2025-01-29T00:00:00,LAC @ SAS,W,17.32,8.3,10.4,0.8,6.2,8.3,0.75,2.1,2.1,1.0,2.1,8.3,10.4,0.0,2.1,2.1,0.0,0.0,4.2,2.1,24.9,8.3,41.6,0,0,45.7,1,1,13086,1,18059,5958,16398,1688,1142,5892,1542,10367,12486,1,8043,4261,5014,19908,10107,5881,8263,8846,6676,12719,4239,8482,6846,2246,150,3922,1,17:19
2024-25,1626157,Karl-Anthony Towns,Karl-Anthony,1610612752,NYK,New York Knicks,0022400668,2025-01-29T00:00:00,NYK vs. DEN,W,29.85,7.2,14.5,0.5,0.0,4.8,0.0,2.4,3.6,0.667,3.6,8.4,12.1,6.0,0.0,0.0,1.2,1.2,4.8,4.8,16.9,-1.2,44.0,1,0,37.4,1,1,13086,1,7920,8366,9399,8526,15070,13636,15070,9300,8652,9425,4185,4125,3444,5430,16469,12854,6131,6210,5004,4449,10978,13678,5665,1,150,8442,1,29:51
2024-25,1630530,Trey Murphy III,Trey,1610612740,NOP,New Orleans Pelicans,0022400670,2025-01-29T00:00:00,NOP vs. DAL,L,39.18333333333333,11.9,15.6,0.765,4.6,8.3,0.556,0.9,0.9,1.0,0.0,5.5,5.5,3.7,0.0,0.9,0.0,0.0,0.0,0.9,29.4,0.0,44.3,0,0,45.0,1,13222,1,13222,818,1559,7666,2095,2905,5972,3747,13429,14301,1,14058,9497,13506,10863,16469,12572,8263,8846,20257,17625,2299,12240,5526,2246,150,4256,1,39:11
2024-25,1630570,Trendon Watford,Trendon,1610612751,BKN,Brooklyn Nets,0022400663,2025-01-29T00:00:00,BKN @ CHA,W,17.833333333333332,8.1,18.2,0.444,2.0,4.0,0.5,0.0,0.0,0.0,0.0,8.1,8.1,4.0,0.0,0.0,0.0,2.0,4.0,0.0,18.2,26.2,33.9,0,0,32.3,1,1,13086,1,17681,6474,4484,13045,10076,15505,3944,13505,14344,13505,14058,4601,8136,9840,16469,12854,8263,3165,7034,17725,9656,2572,11880,2246,150,12141,1,17:50
2024-25,1630553,Keon Johnson,Keon,1610612751,BKN,Brooklyn Nets,0022400663,2025-01-29T00:00:00,BKN @ CHA,W,31.216666666666665,8.1,20.8,0.389,0.0,8.1,0.0,4.6,4.6,1.0,1.2,4.6,5.8,4.6,1.2,2.3,1.2,3.5,2.3,4.6,20.8,6.9,43.8,0,0,38.1,1,1,13086,1,6684,6482,2477,16009,15070,6332,15070,4657,6636,1,12081,11954,12853,8384,14773,5012,6463,949,13618,4913,7269,9179,5754,2246,150,7990,1,31:13
2024-25,1631207,Dalen Terry,Dalen,1610612741,CHI,Chicago Bulls,0022400666,2025-01-29T00:00:00,CHI @ BOS,L,12.963333333333333,2.8,11.1,0.25,0.0,2.8,0.0,0.0,0.0,0.0,0.0,2.8,2.8,8.3,0.0,0.0,0.0,2.8,8.3,2.8,5.6,-25.0,21.4,0,0,16.7,1,13222,1,13222,20761,19926,15181,20233,15070,18113,15070,13505,14344,13505,14058,17478,20303,2578,16469,12854,8263,1632,1211,10051,21701,22805,20483,2246,150,22443,1,12:58
2024-25,1626220,Royce O'Neale,Royce,1610612756,PHX,Phoenix Suns,0022400672,2025-01-29T00:00:00,PHX vs. MIN,L,31.69,2.3,9.1,0.25,0.0,4.5,0.0,0.0,0.0,0.0,1.1,4.5,5.7,1.1,0.0,2.3,0.0,2.3,4.5,0.0,4.5,-11.4,19.9,0,0,15.9,1,13222,1,13222,6243,20905,18582,20233,15070,14337,15070,13505,14344,13505,12222,12142,13080,19245,16469,5143,8263,2497,5683,17725,22271,18458,21222,2246,150,22747,1,31:41
2024-25,1630581,Josh Giddey,Josh,1610612741,CHI,Chicago Bulls,0022400666,2025-01-29T00:00:00,CHI @ BOS,L,25.533333333333335,5.6,11.3,0.5,1.4,5.6,0.25,1.4,2.8,0.5,1.4,4.2,5.6,8.5,1.4,1.4,0.0,1.4,2.8,4.2,14.1,-21.1,36.4,0,0,32.4,1,13222,1,13222,11556,12582,14867,8526,12404,11604,11902,11998,10429,10625,10695,13031,13176,2460,13222,8838,8263,5137,11549,5763,13848,21872,10096,2246,150,12042,1,25:32
2024-25,1630531,Jaden Springer,Jaden,1610612738,BOS,Boston Celtics,0022400666,2025-01-29T00:00:00,BOS vs. CHI,W,19.966666666666665,1.8,5.4,0.333,1.8,3.6,0.5,1.8,3.6,0.5,0.0,9.0,9.0,3.6,1.8,3.6,1.8,1.8,1.8,1.8,7.2,0.0,37.9,0,0,32.5,1,1,13086,1,16042,21752,23171,17395,11064,16423,3944,11231,8672,10625,14058,3504,6707,11069,11538,2085,4053,3892,16172,13926,20553,12240,9114,2246,150,12024,1,19:58
2024-25,1627749,Dejounte Murray,Dejounte,1610612740,NOP,New Orleans Pelicans,0022400670,2025-01-29T00:00:00,NOP vs. DAL,L,33.03333333333333,9.8,18.5,0.529,3.3,7.6,0.429,6.5,6.5,1.0,0.0,5.4,5.4,6.5,3.3,0.0,0.0,1.1,2.2,4.4,29.4,6.5,42.5,0,0,44.7,1,13222,1,13222,5120,3464,4196,8281,5758,7123,7394,2368,3844,1,14058,9675,13678,4650,5605,12854,8263,7144,14188,5454,2290,9365,6365,2246,150,4400,1,33:02
2024-25,1641764,Brandin Podziemski,Brandin,1610612744,GSW,Golden State Warriors,0022400673,2025-01-29T00:00:00,GSW vs. OKC,W,18.141666666666666,7.9,11.9,0.667,2.0,6.0,0.333,4.0,4.0,1.0,2.0,6.0,7.9,6.0,0.0,0.0,0.0,0.0,2.0,2.0,21.8,2.0,40.3,0,0,37.7,1,1,13086,1,17481,6768,13751,3281,10238,10800,9209,5750,7900,1,8455,8442,8393,5583,16469,12854,8263,8846,15235,13149,6354,11631,7585,2246,150,8223,1,18:09
2024-25,201566,Russell Westbrook,Russell,1610612743,DEN,Denver Nuggets,0022400668,2025-01-29T00:00:00,DEN @ NYK,L,37.21666666666667,4.8,10.6,0.455,0.0,1.9,0.0,3.9,5.8,0.667,4.8,8.7,13.5,3.9,3.9,0.0,1.0,1.0,3.9,3.9,13.5,-4.8,34.6,1,0,32.9,1,13222,1,13222,1851,14844,15978,12676,15070,19674,15070,5935,4749,9425,2526,3835,2469,10311,4151,12854,7708,8206,7552,6654,14456,15494,11348,1,150,11736,1,37:13
2024-25,1630172,Patrick Williams,Patrick,1610612741,CHI,Chicago Bulls,0022400666,2025-01-29T00:00:00,CHI @ BOS,L,30.15,7.2,13.1,0.545,3.6,8.4,0.429,1.2,1.2,1.0,1.2,7.2,8.4,4.8,2.4,0.0,1.2,0.0,1.2,1.2,19.1,-4.8,37.5,0,0,38.2,1,13222,1,13222,7634,8545,11611,7695,4959,5813,7394,12616,13896,1,11835,6072,7679,7983,8710,12854,6212,8846,18564,16435,8752,15459,9345,2246,150,7890,1,30:09
2024-25,1628960,Grayson Allen,Grayson,1610612756,PHX,Phoenix Suns,0022400672,2025-01-29T00:00:00,PHX vs. MIN,L,28.836666666666666,5.0,8.7,0.571,3.7,7.5,0.5,0.0,0.0,0.0,2.5,6.2,8.7,1.2,2.5,1.2,1.2,1.2,2.5,0.0,13.7,-2.5,31.1,0,0,32.5,1,13222,1,13222,8817,14400,19122,6538,4587,7432,3944,13505,14344,13505,6619,7808,7120,18850,8258,9814,5905,5943,12812,17725,14245,14311,13997,2246,150,12022,1,28:50
2024-25,1641796,Pelle Larsson,Pelle,1610612748,MIA,Miami Heat,0022400667,2025-01-29T00:00:00,MIA vs. CLE,L,13.833333333333334,0.0,0.0,0.0,0.0,0.0,0.0,0.0,0.0,0.0,0.0,5.2,5.2,5.2,0.0,2.6,0.0,0.0,0.0,2.6,0.0,-2.6,21.9,0,0,15.6,1,13222,1,13222,20282,22635,24836,22635,15070,20945,15070,13505,14344,13505,14058,10267,14265,7021,16469,4136,8263,8846,20257,10637,23200,14360,20227,2246,150,22843,1,13:50
2024-25,1630567,Scottie Barnes,Scottie,1610612761,TOR,Toronto Raptors,0022400665,2025-01-29T00:00:00,TOR @ WAS,W,28.95,12.4,23.6,0.526,1.2,5.0,0.25,3.7,3.7,1.0,1.2,3.7,5.0,5.0,1.2,1.2,1.2,0.0,5.0,6.2,29.8,29.8,49.5,0,0,46.0,1,1,13086,1,8713,1279,1181,8379,13133,13267,11902,6218,8410,1,11514,14534,14864,7525,14140,9841,5926,8846,4675,2371,2140,1986,3422,2246,150,3812,1,28:57
2024-25,1626162,Kelly Oubre Jr.,Kelly,1610612755,PHI,Philadelphia 76ers,0022400669,2025-01-29T00:00:00,PHI vs. SAC,W,36.88333333333333,5.9,11.7,0.5,1.0,2.0,0.5,2.0,2.9,0.667,0.0,5.9,5.9,2.9,1.0,3.9,0.0,1.0,2.0,3.9,14.6,-2.0,36.8,0,0,32.2,1,1,13086,1,2069,11932,14088,8526,14674,19639,3944,10798,10152,9425,14058,8653,12616,13173,15990,1736,8263,8135,15395,6556,13257,14018,9842,2246,150,12210,1,36:53
2024-25,1642346,Ryan Dunn,Ryan,1610612756,PHX,Phoenix Suns,0022400672,2025-01-29T00:00:00,PHX vs. MIN,L,9.423333333333334,7.6,22.9,0.333,3.8,7.6,0.5,0.0,0.0,0.0,11.5,3.8,15.3,7.6,0.0,0.0,0.0,0.0,7.6,0.0,19.1,-26.7,48.9,0,0,45.8,1,13222,1,13222,22305,7409,1411,17395,4383,7099,3944,13505,14344,13505,279,14265,1654,3234,16469,12854,8263,8846,1549,17725,8756,23189,3663,2246,150,3882,1,9:25
2024-25,1629013,Landry Shamet,Landry,1610612752,NYK,New York Knicks,0022400668,2025-01-29T00:00:00,NYK vs. DEN,W,4.543333333333333,0.0,0.0,0.0,0.0,0.0,0.0,0.0,15.8,0.0,7.9,0.0,7.9,7.9,0.0,0.0,0.0,0.0,7.9,7.9,0.0,-39.6,21.4,0,0,15.8,1,1,13086,1,24210,22635,24836,22635,15070,20945,15070,13505,290,13505,812,22137,8420,2970,16469,12854,8263,8846,1394,1066,23200,24817,20473,2246,150,22770,1,4:33
2024-25,1642281,Jaylon Tyson,Jaylon,1610612739,CLE,Cleveland Cavaliers,0022400667,2025-01-29T00:00:00,CLE @ MIA,W,29.7,2.4,8.5,0.286,0.0,3.6,0.0,0.0,0.0,0.0,3.6,2.4,6.1,4.8,1.2,0.0,0.0,0.0,3.6,0.0,4.8,18.2,18.2,0,0,15.8,1,1,13086,1,8039,20602,19511,19630,15070,16364,15070,13505,14344,13505,4149,18414,12137,7803,14352,12854,8263,8846,8304,17725,22093,4496,22011,2246,150,22807,1,29:42
2024-25,1631114,Jalen Williams,Jalen,1610612760,OKC,Oklahoma City Thunder,0022400673,2025-01-29T00:00:00,OKC @ GSW,L,34.31333333333333,12.6,27.3,0.462,2.1,6.3,0.333,0.0,2.1,0.0,2.1,5.2,7.3,2.1,1.0,2.1,1.0,2.1,4.2,4.2,27.3,-18.9,47.6,0,0,45.1,1,13222,1,13222,4005,1205,469,12428,9693,9991,9209,13505,12427,13505,7957,10171,9487,16007,15495,5796,7143,2928,6566,5853,3074,21203,4094,2246,150,4214,1,34:19
2024-25,1630568,Luka Garza,Luka,1610612750,MIN,Minnesota Timberwolves,0022400672,2025-01-29T00:00:00,MIN @ PHX,W,4.465,8.1,16.1,0.5,8.1,16.1,0.5,0.0,0.0,0.0,0.0,0.0,0.0,0.0,0.0,0.0,0.0,0.0,0.0,0.0,24.2,8.1,24.2,0,0,32.3,1,1,13086,1,24256,6501,6937,8526,445,514,3944,13505,14344,13505,14058,22137,23286,19908,16469,12854,8263,8846,20257,17725,4685,8605,18824,2246,150,12165,1,4:28
2024-25,1626168,Trey Lyles,Trey,1610612758,SAC,Sacramento Kings,0022400669,2025-01-29T00:00:00,SAC @ PHI,L,14.95,4.8,7.2,0.667,0.0,2.4,0.0,0.0,0.0,0.0,7.2,4.8,12.0,4.8,0.0,0.0,0.0,0.0,0.0,2.4,9.6,-24.1,31.3,0,0,26.5,1,13222,1,13222,19602,14897,21289,3281,15070,18789,15070,13505,14344,13505,1049,11384,3456,7878,16469,12854,8263,8846,20257,11318,18514,22599,13821,2246,150,16548,1,14:57
2024-25,1641767,Ben Sheppard,Ben,1610612754,IND,Indiana Pacers,0022400664,2025-01-29T00:00:00,IND vs. DET,W,32.766666666666666,4.4,6.6,0.667,4.4,6.6,0.667,0.0,0.0,0.0,1.1,1.1,2.2,4.4,1.1,1.1,0.0,0.0,3.3,1.1,13.2,14.3,24.6,0,0,26.4,1,1,13086,1,5353,16075,22023,3281,3246,9334,1957,13505,14344,13505,12476,21753,21414,8898,15136,11030,8263,8846,9470,16913,14894,5896,18541,2246,150,16651,1,32:46
2024-25,201144,Mike Conley,Mike,1610612750,MIN,Minnesota Timberwolves,0022400672,2025-01-29T00:00:00,MIN @ PHX,W,30.016666666666666,2.4,4.8,0.5,2.4,3.6,0.667,0.0,0.0,0.0,0.0,0.0,0.0,7.2,2.4,0.0,0.0,0.0,2.4,2.4,7.2,-4.8,15.6,0,0,16.8,1,1,13086,1,7767,20671,23607,8526,8495,16445,1957,13505,14344,13505,14058,22137,23286,3768,8667,12854,8263,8846,13214,11357,20562,15470,22995,2246,150,22387,1,30:01
2024-25,1642273,Kyshawn George,Kyshawn,1610612764,WAS,Washington Wizards,0022400665,2025-01-29T00:00:00,WAS vs. TOR,L,22.316666666666666,6.5,16.1,0.4,3.2,11.3,0.286,0.0,0.0,0.0,1.6,0.0,1.6,4.8,3.2,0.0,0.0,0.0,3.2,0.0,16.1,-37.1,22.1,0,0,25.8,1,13222,1,13222,14262,10306,6923,14933,5880,2262,11433,13505,14344,13505,9872,22137,22422,7816,5737,12854,8263,8846,9750,17725,11785,24629,20082,2246,150,17059,1,22:19
2024-25,203497,Rudy Gobert,Rudy,1610612750,MIN,Minnesota Timberwolves,0022400672,2025-01-29T00:00:00,MIN @ PHX,W,33.58166666666666,2.1,5.4,0.4,0.0,0.0,0.0,0.0,0.0,0.0,0.0,5.4,5.4,1.1,1.1,1.1,2.1,1.1,3.2,1.1,4.3,9.6,20.9,0,0,17.2,1,1,13086,1,4663,21160,23210,14933,15070,20945,15070,13505,14344,13505,14058,9869,13892,19441,15324,11259,3088,7292,9798,17052,22417,7865,20737,2246,150,22236,1,33:35
2024-25,1630631,Jose Alvarado,Jose,1610612740,NOP,New Orleans Pelicans,0022400670,2025-01-29T00:00:00,NOP vs. DAL,L,15.231666666666667,9.5,11.8,0.8,7.1,9.5,0.75,0.0,0.0,0.0,0.0,0.0,0.0,7.1,4.7,2.4,0.0,0.0,7.1,0.0,26.0,-11.8,39.0,0,0,44.9,1,13222,1,13222,19423,3950,13915,1688,728,4174,1542,13505,14344,13505,14058,22137,23286,3899,2680,4818,8263,8846,1904,17725,3683,18674,8410,2246,150,4310,1,15:14
2024-25,1630577,Julian Champagnie,Julian,1610612759,SAS,San Antonio Spurs,0022400671,2025-01-29T00:00:00,SAS vs. LAC,L,14.466666666666667,5.0,12.4,0.4,2.5,7.5,0.333,0.0,0.0,0.0,2.5,2.5,5.0,2.5,5.0,5.0,0.0,2.5,2.5,0.0,12.4,-17.4,32.1,0,0,32.4,1,13222,1,13222,19896,14462,12827,14933,8189,7475,9209,13505,14344,13505,6644,18216,14855,14581,2367,915,8263,2062,12846,17725,15662,20751,13251,2246,150,12106,1,14:28
2024-25,201935,James Harden,James,1610612746,LAC,LA Clippers,0022400671,2025-01-29T00:00:00,LAC @ SAS,W,36.78333333333333,6.9,14.7,0.467,2.9,4.9,0.6,3.9,6.9,0.571,0.0,2.9,2.9,10.8,5.9,2.9,1.0,0.0,1.0,4.9,20.6,6.9,46.1,1,0,45.0,1,1,13086,1,2130,9292,9085,12249,6739,13456,2992,5850,3521,10536,14058,16952,19899,1081,1487,3309,7636,8846,19825,4307,7443,9206,4706,1,150,4255,1,36:47
2024-25,1630191,Isaiah Stewart,Isaiah,1610612765,DET,Detroit Pistons,0022400664,2025-01-29T00:00:00,DET @ IND,L,7.766666666666667,0.0,0.0,0.0,0.0,0.0,0.0,4.6,9.3,0.5,0.0,0.0,0.0,4.6,0.0,0.0,0.0,0.0,9.3,4.6,4.6,4.6,11.6,0,0,9.3,1,13222,1,13222,22900,22635,24836,22635,15070,20945,15070,4614,1730,10625,14058,22137,23286,8335,16469,12854,8263,8846,879,4866,22218,10318,24113,2246,150,24562,1,7:46
2024-25,1630174,Aaron Nesmith,Aaron,1610612754,IND,Indiana Pacers,0022400664,2025-01-29T00:00:00,IND vs. DET,W,32.11333333333334,0.0,4.5,0.0,0.0,2.2,0.0,0.0,0.0,0.0,1.1,2.2,3.4,2.2,0.0,0.0,1.1,0.0,2.2,2.2,0.0,22.4,10.8,0,0,7.8,1,1,13086,1,5886,22635,23816,22635,15070,19094,15070,13505,14344,13505,12323,18944,18845,15467,16469,12854,6660,8846,13917,11975,23200,3378,24291,2246,150,24784,1,32:07
2024-25,1630173,Precious Achiuwa,Precious,1610612752,NYK,New York Knicks,0022400668,2025-01-29T00:00:00,NYK vs. DEN,W,25.65,5.6,11.2,0.5,0.0,0.0,0.0,0.0,0.0,0.0,1.4,2.8,4.2,0.0,1.4,1.4,0.0,0.0,2.8,1.4,11.2,5.6,19.1,0,0,18.2,1,1,13086,1,11448,12667,14980,8526,15070,20945,15070,13505,14344,13505,10733,17377,16770,19908,13259,8879,8263,8846,11616,15437,16972,9788,21591,2246,150,21743,1,25:39
2024-25,1630167,Obi Toppin,Obi,1610612754,IND,Indiana Pacers,0022400664,2025-01-29T00:00:00,IND vs. DET,W,16.533333333333335,0.0,0.0,0.0,0.0,0.0,0.0,2.2,4.4,0.5,0.0,2.2,2.2,0.0,0.0,0.0,0.0,0.0,0.0,2.2,2.2,-39.2,4.8,0,0,4.4,1,1,13086,1,18580,22635,24836,22635,15070,20945,15070,10035,7100,10625,14058,19134,21457,19908,16469,12854,8263,8846,20257,12253,23138,24786,25018,2246,150,25165,1,16:32
2024-25,1631110,Jeremy Sochan,Jeremy,1610612759,SAS,San Antonio Spurs,0022400671,2025-01-29T00:00:00,SAS vs. LAC,L,26.3,4.1,5.5,0.75,0.0,1.4,0.0,1.4,4.1,0.333,0.0,0.0,0.0,5.5,1.4,2.7,1.4,0.0,4.1,2.7,9.6,-2.7,28.7,0,0,23.3,1,13222,1,13222,10902,16832,23111,2107,15070,20410,15070,12109,7615,13132,14058,22137,23286,6477,13465,3835,5370,8846,6817,10200,18558,14427,15682,2246,150,18824,1,26:18
2024-25,1629610,DaQuan Jeffries,DaQuan,1610612766,CHA,Charlotte Hornets,0022400663,2025-01-29T00:00:00,CHA vs. BKN,L,21.1,0.0,1.7,0.0,0.0,1.7,0.0,0.0,0.0,0.0,0.0,1.7,1.7,1.7,0.0,1.7,0.0,0.0,0.0,0.0,0.0,-25.6,9.7,0,0,6.8,1,13222,1,13222,15227,22635,24804,22635,15070,20039,15070,13505,14344,13505,14058,20446,22293,17349,16469,7582,8263,8846,20257,17725,23200,22932,24462,2246,150,24911,1,21:06
2024-25,1631204,Marcus Sasser,Marcus,1610612765,DET,Detroit Pistons,0022400664,2025-01-29T00:00:00,DET @ IND,L,12.25,8.8,14.7,0.6,0.0,5.9,0.0,0.0,0.0,0.0,2.9,0.0,2.9,2.9,2.9,0.0,0.0,0.0,2.9,0.0,17.6,20.6,22.6,0,0,23.5,1,13222,1,13222,21122,5045,9056,5394,15070,11000,15070,13505,14344,13505,5482,22137,19890,13133,6678,12854,8263,8846,10987,17725,10185,3791,19795,2246,150,18665,1,12:15
2024-25,203458,Alex Len,Alex,1610612758,SAC,Sacramento Kings,0022400669,2025-01-29T00:00:00,SAC @ PHI,L,4.316666666666666,0.0,0.0,0.0,0.0,0.0,0.0,0.0,0.0,0.0,0.0,0.0,0.0,8.3,8.3,0.0,0.0,0.0,0.0,0.0,0.0,-66.7,4.2,0,0,8.3,1,13222,1,13222,24318,22635,24836,22635,15070,20945,15070,13505,14344,13505,14058,22137,23286,2564,527,12854,8263,8846,20257,17725,23200,25829,25070,2246,150,24707,1,4:19
2024-25,1629628,RJ Barrett,RJ,1610612761,TOR,Toronto Raptors,0022400665,2025-01-29T00:00:00,TOR @ WAS,W,27.881666666666668,6.5,12.9,0.5,1.3,2.6,0.5,0.0,2.6,0.0,0.0,3.9,3.9,3.9,1.3,0.0,0.0,0.0,6.5,3.9,14.2,42.6,23.4,0,0,23.2,1,1,13086,1,9649,10297,12017,8526,12892,18477,3944,13505,11020,13505,14058,14114,17645,10299,13850,12854,8263,8846,2436,6644,13722,798,19331,2246,150,18846,1,27:53
2024-25,1631212,Peyton Watson,Peyton,1610612743,DEN,Denver Nuggets,0022400668,2025-01-29T00:00:00,DEN @ NYK,L,19.483333333333334,1.8,3.7,0.5,0.0,0.0,0.0,3.7,3.7,1.0,0.0,1.8,1.8,0.0,1.8,0.0,0.0,0.0,1.8,1.8,7.4,-12.9,7.8,0,0,9.2,1,13222,1,13222,16431,21667,24230,8526,15070,20945,15070,6301,8488,1,14058,20115,22088,19908,11331,12854,8263,8846,15951,13743,20417,19101,24728,2246,150,24569,1,19:29
2024-25,1630230,Naji Marshall,Naji,1610612742,DAL,Dallas Mavericks,0022400670,2025-01-29T00:00:00,DAL @ NOP,W,15.05,4.8,12.0,0.4,2.4,7.2,0.333,0.0,0.0,0.0,0.0,0.0,0.0,4.8,2.4,0.0,0.0,0.0,0.0,0.0,12.0,12.0,16.7,0,0,19.1,1,1,13086,1,19524,14997,13660,14933,8510,8087,9209,13505,14344,13505,14058,22137,23286,7964,8693,12854,8263,8846,20257,17725,16184,6812,22580,2246,150,21327,1,15:03
2024-25,1629008,Michael Porter Jr.,Michael,1610612743,DEN,Denver Nuggets,0022400668,2025-01-29T00:00:00,DEN @ NYK,L,25.933333333333334,4.2,11.1,0.375,1.4,6.9,0.2,2.8,2.8,1.0,1.4,2.8,4.2,2.8,1.4,0.0,1.4,0.0,2.8,1.4,12.5,-13.9,24.4,0,0,23.6,1,13222,1,13222,11215,16687,15185,16299,12491,8591,13429,8397,10545,1,10805,17479,16898,13662,13351,12854,5278,8846,11741,15506,15596,19455,18668,2246,150,18614,1,25:56
2024-25,1629599,Amir Coffey,Amir,1610612746,LAC,LA Clippers,0022400671,2025-01-29T00:00:00,LAC @ SAS,W,22.066666666666666,0.0,3.3,0.0,0.0,3.3,0.0,0.0,0.0,0.0,0.0,1.6,1.6,0.0,0.0,0.0,1.6,0.0,0.0,0.0,0.0,-8.2,6.9,0,0,4.9,1,1,13086,1,14445,22635,24404,22635,15070,17150,15070,13505,14344,13505,14058,20601,22396,19908,16469,12854,4475,8846,20257,17725,23200,17040,24835,2246,150,25116,1,22:04
2024-25,1631098,Johnny Davis,Johnny,1610612764,WAS,Washington Wizards,0022400665,2025-01-29T00:00:00,WAS vs. TOR,L,8.316666666666666,0.0,8.7,0.0,0.0,4.3,0.0,0.0,8.7,0.0,4.3,0.0,4.3,4.3,4.3,0.0,0.0,0.0,0.0,4.3,0.0,0.0,7.4,0,0,8.7,1,13222,1,13222,22703,22635,19261,22635,15070,14846,15070,13505,2083,13505,3127,22137,16459,9058,3256,12854,8263,8846,20257,5520,23200,12240,24772,2246,150,24655,1,8:19
2024-25,1630541,Moses Moody,Moses,1610612744,GSW,Golden State Warriors,0022400673,2025-01-29T00:00:00,GSW vs. OKC,W,16.9,4.3,17.0,0.25,0.0,12.8,0.0,2.1,4.3,0.5,4.3,0.0,4.3,0.0,2.1,2.1,0.0,0.0,0.0,2.1,10.7,10.7,20.0,0,0,19.2,1,1,13086,1,18320,16425,5754,20233,15070,1400,15070,10201,7289,10625,3232,22137,16641,19908,9843,5657,8263,8846,20257,12480,17513,7393,21152,2246,150,21302,1,16:54
2024-25,1630208,Nick Richards,Nick,1610612756,PHX,Phoenix Suns,0022400672,2025-01-29T00:00:00,PHX vs. MIN,L,25.013333333333332,4.3,10.1,0.429,0.0,0.0,0.0,1.4,2.9,0.5,1.4,5.8,7.2,1.4,2.9,0.0,0.0,1.4,2.9,2.9,10.1,7.2,18.0,0,0,18.7,1,13222,1,13222,12006,16272,16929,13735,15070,20945,15070,11924,10286,10625,10580,8897,9754,18208,6925,12854,8263,5025,11284,9662,18083,9045,22100,2246,150,21530,1,25:01
2024-25,1641765,Olivier-Maxence Prosper,Olivier-Maxence,1610612742,DAL,Dallas Mavericks,0022400670,2025-01-29T00:00:00,DAL @ NOP,W,14.906666666666666,2.4,4.8,0.5,0.0,0.0,0.0,4.8,9.7,0.5,0.0,7.2,7.2,2.4,2.4,2.4,0.0,0.0,4.8,4.8,9.7,-31.4,26.8,0,0,24.2,1,1,13086,1,19633,20632,23582,8526,15070,20945,15070,4295,1522,10625,14058,5917,9663,14828,8591,4649,8263,8846,4995,4435,18485,23945,17079,2246,150,18235,1,14:54
2024-25,1629750,Javonte Green,Javonte,1610612740,NOP,New Orleans Pelicans,0022400670,2025-01-29T00:00:00,NOP vs. DAL,L,19.841666666666665,0.0,0.0,0.0,0.0,0.0,0.0,0.0,0.0,0.0,1.8,3.6,5.4,1.8,0.0,5.4,0.0,0.0,1.8,1.8,0.0,-16.3,25.6,0,0,18.1,1,13222,1,13222,16149,22635,24836,22635,15070,20945,15070,13505,14344,13505,9191,14852,13694,17044,16469,659,8263,8846,16112,13879,23200,20389,17890,2246,150,21798,1,19:51
2024-25,1630245,Ayo Dosunmu,Ayo,1610612741,CHI,Chicago Bulls,0022400666,2025-01-29T00:00:00,CHI @ BOS,L,31.53,5.7,14.8,0.385,2.3,5.7,0.4,0.0,0.0,0.0,1.1,3.4,4.6,4.6,1.1,1.1,0.0,0.0,2.3,1.1,13.7,-26.3,28.3,0,0,27.4,1,13222,1,13222,6404,12392,8837,16070,8908,11428,7874,13505,14344,13505,12180,15443,15883,8487,14849,10657,8263,8846,13708,16699,14278,23081,15980,2246,150,15862,1,31:32
2024-25,1641775,Jordan Walsh,Jordan,1610612738,BOS,Boston Celtics,0022400666,2025-01-29T00:00:00,BOS vs. CHI,W,1.7166666666666666,0.0,0.0,0.0,0.0,0.0,0.0,0.0,0.0,0.0,0.0,21.0,21.0,0.0,0.0,0.0,0.0,0.0,0.0,0.0,0.0,21.0,25.2,0,0,21.0,1,1,13086,1,25651,22635,24836,22635,15070,20945,15070,13505,14344,13505,14058,142,421,19908,16469,12854,8263,8846,20257,17725,23200,3699,18163,2246,150,20292,1,1:43
2024-25,1627780,Gary Payton II,Gary,1610612744,GSW,Golden State Warriors,0022400673,2025-01-29T00:00:00,GSW vs. OKC,W,24.96,7.2,10.1,0.714,0.0,0.0,0.0,7.2,7.2,1.0,0.0,13.0,13.0,4.3,5.8,1.4,0.0,0.0,5.8,4.3,21.6,17.3,42.3,0,0,41.8,1,1,13086,1,12044,8431,16897,2752,15070,20945,15070,1863,3158,1,14058,1021,2816,9062,1591,8683,8263,8846,3279,5526,6518,4808,6497,2246,150,5742,1,24:58
2024-25,101108,Chris Paul,Chris,1610612759,SAS,San Antonio Spurs,0022400671,2025-01-29T00:00:00,SAS vs. LAC,L,27.483333333333334,2.6,10.5,0.25,1.3,7.9,0.167,2.6,2.6,1.0,0.0,1.3,1.3,9.2,0.0,0.0,0.0,0.0,2.6,1.3,9.2,-13.1,24.5,0,0,21.0,1,13222,1,13222,9957,20245,16261,20233,12821,6693,14236,8757,10931,1,14058,21267,22806,1889,16469,12854,8263,8846,12357,15858,18926,19163,18617,2246,150,20303,1,27:29
2024-25,201942,DeMar DeRozan,DeMar,1610612758,SAC,Sacramento Kings,0022400669,2025-01-29T00:00:00,SAC @ PHI,L,37.81666666666667,6.7,16.2,0.412,1.9,4.8,0.4,2.9,3.8,0.75,1.9,1.0,2.9,2.9,1.0,1.0,0.0,1.0,1.9,1.9,18.1,-14.3,27.7,0,0,27.6,1,13222,1,13222,1496,9791,6856,14791,10616,13811,7874,8199,8228,8186,8794,22050,20103,13426,16134,12337,8263,8325,15653,13494,9750,19610,16423,2246,150,15715,1,37:49
2024-25,1631165,Keon Ellis,Keon,1610612758,SAC,Sacramento Kings,0022400669,2025-01-29T00:00:00,SAC @ PHI,L,17.733333333333334,4.1,20.3,0.2,4.1,18.3,0.222,0.0,0.0,0.0,2.0,4.1,6.1,4.1,2.0,2.0,0.0,0.0,6.1,0.0,12.2,-12.2,29.6,0,0,30.5,1,13222,1,13222,17752,16948,2763,21401,3867,317,13288,13505,14344,13505,8256,13543,12071,9775,10366,6107,8263,8846,2829,17725,15939,18804,15061,2246,150,13582,1,17:44
2024-25,1641716,Jarace Walker,Jarace,1610612754,IND,Indiana Pacers,0022400664,2025-01-29T00:00:00,IND vs. DET,W,20.55,1.8,5.3,0.333,1.8,5.3,0.333,0.0,0.0,0.0,0.0,3.5,3.5,3.5,3.5,0.0,3.5,0.0,3.5,1.8,5.3,-3.5,21.7,0,0,21.0,1,1,13086,1,15607,21828,23288,17395,11248,12583,9209,13505,14344,13505,14058,15232,18542,11379,5000,12854,1226,8846,8738,14107,21878,14799,20305,2246,150,20267,1,20:33
2024-25,1629674,Neemias Queta,Neemias,1610612738,BOS,Boston Celtics,0022400666,2025-01-29T00:00:00,BOS vs. CHI,W,1.7166666666666666,0.0,0.0,0.0,0.0,0.0,0.0,0.0,0.0,0.0,0.0,0.0,0.0,21.0,0.0,0.0,0.0,0.0,0.0,0.0,0.0,21.0,31.5,0,0,21.0,1,1,13086,1,25651,22635,24836,22635,15070,20945,15070,13505,14344,13505,14058,22137,23286,70,16469,12854,8263,8846,20257,17725,23200,3699,13700,2246,150,20292,1,1:43
2024-25,1641717,Cason Wallace,Cason,1610612760,OKC,Oklahoma City Thunder,0022400673,2025-01-29T00:00:00,OKC @ GSW,L,25.925,1.4,6.9,0.2,0.0,4.2,0.0,0.0,0.0,0.0,1.4,2.8,4.2,2.8,2.8,4.2,1.4,0.0,2.8,0.0,2.8,-11.1,25.8,0,0,20.8,1,13222,1,13222,11226,22305,21627,21401,15070,15197,15070,13505,14344,13505,10803,17477,16896,13659,7302,1482,5277,8846,11739,17725,23002,18369,17724,2246,150,20385,1,25:56
2024-25,1630556,Kessler Edwards,Kessler,1610612742,DAL,Dallas Mavericks,0022400670,2025-01-29T00:00:00,DAL @ NOP,W,15.273333333333333,2.4,4.7,0.5,0.0,2.4,0.0,0.0,0.0,0.0,2.4,4.7,7.1,4.7,0.0,0.0,2.4,0.0,7.1,0.0,4.7,16.5,27.3,0,0,21.2,1,1,13086,1,19396,20745,23665,8526,15070,18890,15070,13505,14344,13505,7063,11663,10009,8154,16469,12854,2632,8846,1925,17725,22177,5071,16708,2246,150,20150,1,15:16
2024-25,1631115,Orlando Robinson,Orlando,1610612761,TOR,Toronto Raptors,0022400665,2025-01-29T00:00:00,TOR @ WAS,W,21.416666666666668,5.0,13.4,0.375,0.0,3.4,0.0,6.7,8.4,0.8,5.0,5.0,10.1,0.0,1.7,0.0,0.0,1.7,3.4,5.0,16.8,-3.4,27.2,0,0,26.9,1,1,13086,1,14979,14258,11088,16299,15070,16949,15070,2219,2253,7681,2336,10749,5341,19908,12002,12854,8263,4195,9212,4032,11049,14743,16804,2246,150,16233,1,21:25
2024-25,1631209,Isaiah Wong,Isaiah,1610612766,CHA,Charlotte Hornets,0022400663,2025-01-29T00:00:00,CHA vs. BKN,L,18.69,3.9,11.6,0.333,3.9,5.8,0.667,3.9,3.9,1.0,1.9,1.9,3.9,0.0,1.9,1.9,0.0,0.0,0.0,1.9,15.4,-3.9,23.9,0,0,27.0,1,13222,1,13222,17044,17445,14378,17395,4313,11259,1957,5975,8131,1,8722,19901,17704,19908,10925,6642,8263,8846,20257,13424,12506,14979,19028,2246,150,16177,1,18:41
2024-25,1642348,Justin Edwards,Justin,1610612755,PHI,Philadelphia 76ers,0022400669,2025-01-29T00:00:00,PHI vs. SAC,W,23.466666666666665,6.1,12.3,0.5,1.5,7.7,0.2,0.0,0.0,0.0,1.5,0.0,1.5,4.6,1.5,0.0,0.0,0.0,4.6,0.0,13.8,-15.3,21.0,0,0,21.5,1,1,13086,1,13330,11124,13125,8526,11914,7048,13429,13505,14344,13505,10174,22137,22530,8405,12598,12854,8263,8846,5541,17725,14145,20023,20677,2246,150,19988,1,23:28
2024-25,1630592,Jalen Wilson,Jalen,1610612751,BKN,Brooklyn Nets,0022400663,2025-01-29T00:00:00,BKN @ CHA,W,34.7,5.2,8.3,0.625,3.1,5.2,0.6,2.1,2.1,1.0,0.0,1.0,1.0,1.0,0.0,0.0,0.0,0.0,2.1,1.0,15.6,14.5,18.4,0,0,20.7,1,1,13086,1,3691,13852,19795,4899,6187,12737,2992,10377,12498,1,14058,21902,23176,19568,16469,12854,8263,8846,14727,17232,12361,5812,21941,2246,150,20437,1,34:42
2024-25,1627732,Ben Simmons,Ben,1610612751,BKN,Brooklyn Nets,0022400663,2025-01-29T00:00:00,BKN @ CHA,W,23.326666666666668,6.2,9.3,0.667,0.0,0.0,0.0,3.1,4.6,0.667,0.0,3.1,3.1,9.3,4.6,1.5,0.0,0.0,6.2,4.6,15.4,4.6,33.0,0,0,30.9,1,1,13086,1,13447,11039,18325,3281,15070,20945,15070,7579,6614,9425,14058,16446,19509,1834,2810,8226,8263,8846,2732,4877,12486,10323,12573,2246,150,13282,1,23:20
2024-25,1628384,OG Anunoby,OG,1610612752,NYK,New York Knicks,0022400668,2025-01-29T00:00:00,NYK vs. DEN,W,39.35,8.2,13.7,0.6,4.6,6.4,0.714,0.0,1.8,0.0,0.9,2.7,3.7,0.9,0.9,0.0,0.0,1.8,3.7,2.7,21.0,13.7,25.9,0,0,30.2,1,1,13086,1,768,6132,10612,5394,2931,9739,1861,13505,13151,13505,13840,17568,18179,19850,16300,12854,8263,3804,8230,10176,7054,6115,17689,2246,150,13806,1,39:21
2024-25,203078,Bradley Beal,Bradley,1610612756,PHX,Phoenix Suns,0022400672,2025-01-29T00:00:00,PHX vs. MIN,L,25.203333333333333,8.6,14.3,0.6,1.4,4.3,0.333,5.7,7.1,0.8,1.4,2.9,4.3,8.6,0.0,1.4,0.0,1.4,7.1,5.7,24.3,2.9,46.6,0,0,41.4,1,13222,1,13222,11831,5493,9719,5394,12340,14957,9209,3171,3231,7681,10638,17220,16576,2370,16469,8764,8263,5066,1865,3018,4623,11189,4504,2246,150,5970,1,25:12
2024-25,201939,Stephen Curry,Stephen,1610612744,GSW,Golden State Warriors,0022400673,2025-01-29T00:00:00,GSW vs. OKC,W,33.295,6.5,16.2,0.4,5.4,10.8,0.5,4.3,4.3,1.0,0.0,1.1,1.1,4.3,0.0,1.1,0.0,1.1,2.2,3.2,22.7,-2.2,33.7,0,0,35.7,1,1,13086,1,4906,10215,6806,14933,1843,2662,3944,5111,7158,1,14058,21803,23112,9067,16469,11184,8263,7220,14287,8425,5700,14133,12022,2246,150,9598,1,33:18
2024-25,203995,Vasilije Micić,Vasilije,1610612766,CHA,Charlotte Hornets,0022400663,2025-01-29T00:00:00,CHA vs. BKN,L,27.716666666666665,6.5,13.0,0.5,5.2,7.8,0.667,1.3,2.6,0.5,3.9,5.2,9.1,7.8,5.2,0.0,0.0,0.0,3.9,2.6,19.5,-5.2,36.9,0,0,41.6,1,13222,1,13222,9778,10204,11873,8526,2060,6809,1957,12306,10978,10625,3731,10289,6596,3088,2118,12854,8263,8846,7457,10653,8393,15698,9777,2246,150,5872,1,27:43
2024-25,1629632,Coby White,Coby,1610612741,CHI,Chicago Bulls,0022400666,2025-01-29T00:00:00,CHI @ BOS,L,30.583333333333332,7.1,17.7,0.4,2.4,8.2,0.286,2.4,2.4,1.0,0.0,2.4,2.4,3.5,4.7,0.0,0.0,1.2,1.2,1.2,18.8,-17.7,22.2,0,0,27.1,1,13222,1,13222,7243,8779,5063,14933,8648,6017,11433,9436,11608,1,14058,18607,21088,11300,2703,12854,8263,6425,18673,16516,9006,20825,20012,2246,150,16101,1,30:35
2024-25,1641740,Jaylen Clark,Jaylen,1610612750,MIN,Minnesota Timberwolves,0022400672,2025-01-29T00:00:00,MIN @ PHX,W,10.1,3.6,10.7,0.333,0.0,0.0,0.0,0.0,0.0,0.0,3.6,7.1,10.7,3.6,0.0,0.0,0.0,3.6,3.6,0.0,7.1,32.1,25.3,0,0,21.4,1,1,13086,1,22073,18164,15888,17395,15070,20945,15070,13505,14344,13505,4275,6120,4705,11191,16469,12854,8263,867,8547,17725,20611,1723,18066,2246,150,20032,1,10:06
2024-25,1628389,Bam Adebayo,Bam,1610612748,MIA,Miami Heat,0022400667,2025-01-29T00:00:00,MIA vs. CLE,L,37.78333333333333,6.7,12.4,0.538,1.9,3.8,0.5,4.8,5.7,0.833,1.0,7.6,8.6,2.9,3.8,0.0,1.0,0.0,1.0,4.8,20.0,-15.2,33.6,0,0,35.3,1,13222,1,13222,1518,9764,12920,7978,10607,15976,3944,4406,4870,7275,13623,5284,7357,13420,4289,12854,7801,8846,19952,4582,7912,19992,12083,2246,150,9915,1,37:47
2024-25,1626145,Tyus Jones,Tyus,1610612756,PHX,Phoenix Suns,0022400672,2025-01-29T00:00:00,PHX vs. MIN,L,23.775,3.0,10.6,0.286,1.5,3.0,0.5,0.0,0.0,0.0,0.0,4.5,4.5,4.5,1.5,1.5,0.0,1.5,1.5,0.0,7.6,-13.6,22.9,0,0,21.2,1,13222,1,13222,13096,19364,16045,19630,11982,17591,3944,13505,14344,13505,14058,12143,15945,8551,12683,8348,8263,4721,17165,17725,20265,19345,19639,2246,150,20156,1,23:47
2024-25,1641741,Ricky Council IV,Ricky,1610612755,PHI,Philadelphia 76ers,0022400669,2025-01-29T00:00:00,PHI vs. SAC,W,29.416666666666668,3.7,7.3,0.5,1.2,2.4,0.5,7.3,7.3,1.0,0.0,1.2,1.2,0.0,0.0,1.2,0.0,0.0,2.4,4.9,15.9,34.3,21.0,0,0,20.8,1,1,13086,1,8296,17912,21153,8526,13245,18716,3944,1770,3057,1,14058,21458,22914,19908,16469,9985,8263,8846,12994,4302,12014,1474,20658,2246,150,20402,1,29:25
2024-25,1629622,Max Strus,Max,1610612739,CLE,Cleveland Cavaliers,0022400667,2025-01-29T00:00:00,CLE @ MIA,W,33.233333333333334,3.2,11.9,0.273,2.2,9.7,0.222,0.0,0.0,0.0,0.0,3.2,3.2,6.5,0.0,3.2,0.0,1.1,2.2,0.0,8.7,16.2,32.1,0,0,27.1,1,1,13086,1,4963,18888,13731,20048,9373,3784,13288,13505,14344,13505,14058,15935,19105,4715,16469,2647,8263,7198,14263,17725,19382,5158,13276,2246,150,16094,1,33:14
2024-25,1627824,Guerschon Yabusele,Guerschon,1610612755,PHI,Philadelphia 76ers,0022400669,2025-01-29T00:00:00,PHI vs. SAC,W,28.3,5.1,11.4,0.444,1.3,3.8,0.333,0.0,0.0,0.0,0.0,7.6,7.6,3.8,1.3,1.3,0.0,0.0,3.8,0.0,11.4,6.4,28.9,0,0,26.7,1,1,13086,1,9299,14123,14571,13045,12974,15963,9209,13505,14344,13505,14058,5264,8906,10458,13954,9635,8263,8846,7682,17725,16731,9443,15572,2246,150,16386,1,28:18
2024-25,1630198,Isaiah Joe,Isaiah,1610612760,OKC,Oklahoma City Thunder,0022400673,2025-01-29T00:00:00,OKC @ GSW,L,29.216666666666665,7.4,13.6,0.545,6.2,12.3,0.5,0.0,0.0,0.0,1.2,1.2,2.5,1.2,1.2,0.0,0.0,0.0,1.2,3.7,20.9,2.5,24.5,0,0,30.8,1,13222,1,13222,8478,8025,10911,7695,1189,1609,3944,13505,14344,13505,11593,21435,20868,18910,14222,12854,8263,8846,18368,7141,7130,11388,18595,2246,150,13324,1,29:13
2024-25,1630572,Sandro Mamukelashvili,Sandro,1610612759,SAS,San Antonio Spurs,0022400671,2025-01-29T00:00:00,SAS vs. LAC,L,4.35,8.3,16.6,0.5,0.0,8.3,0.0,0.0,0.0,0.0,8.3,16.6,24.8,0.0,0.0,0.0,0.0,0.0,8.3,0.0,16.6,-24.8,46.3,0,0,41.4,1,13222,1,13222,24306,6026,6364,8526,15070,5951,15070,13505,14344,13505,703,372,198,19908,16469,12854,8263,8846,1239,17725,11333,22771,4601,2246,150,5986,1,4:21
2024-25,1631323,Simone Fontecchio,Simone,1610612765,DET,Detroit Pistons,0022400664,2025-01-29T00:00:00,DET @ IND,L,16.533333333333335,4.4,10.9,0.4,2.2,6.5,0.333,2.2,4.4,0.5,4.4,4.4,8.7,4.4,2.2,4.4,2.2,0.0,2.2,2.2,13.1,-10.9,47.5,0,0,41.4,1,13222,1,13222,18580,16185,15549,14933,9322,9470,9209,10035,7100,10625,3098,12634,7150,8996,9608,1331,2997,8846,14205,12253,15024,18277,4149,2246,150,5989,1,16:32
2024-25,1641842,Ronald Holland II,Ronald,1610612765,DET,Detroit Pistons,0022400664,2025-01-29T00:00:00,DET @ IND,L,9.416666666666666,7.6,26.8,0.286,7.6,15.3,0.5,0.0,0.0,0.0,3.8,3.8,7.6,3.8,0.0,0.0,0.0,7.6,0.0,0.0,22.9,-42.1,37.8,0,0,42.1,1,13222,1,13222,22306,7392,530,19630,542,630,3944,13505,14344,13505,3847,14253,8887,10438,16469,12854,8263,117,20257,17725,5532,24981,9128,2246,150,5612,1,9:25
2024-25,203932,Aaron Gordon,Aaron,1610612743,DEN,Denver Nuggets,0022400668,2025-01-29T00:00:00,DEN @ NYK,L,30.483333333333334,7.1,8.3,0.857,1.2,1.2,1.0,2.4,2.4,1.0,2.4,4.7,7.1,1.2,2.4,0.0,0.0,0.0,0.0,1.2,17.7,-2.4,25.6,0,0,27.2,1,13222,1,13222,7334,8732,19845,1412,13470,20646,1,9420,11594,1,7045,11637,9984,19082,8809,12854,8263,8846,20257,16500,10121,14241,17863,2246,150,16050,1,30:29
2024-25,1641736,Reece Beekman,Reece,1610612751,BKN,Brooklyn Nets,0022400663,2025-01-29T00:00:00,BKN @ CHA,W,10.483333333333333,3.4,6.9,0.5,0.0,0.0,0.0,0.0,0.0,0.0,0.0,0.0,0.0,6.9,0.0,6.9,0.0,0.0,6.9,0.0,6.9,3.4,37.8,0,0,27.5,1,1,13086,1,21925,18465,21715,8526,15070,20945,15070,13505,14344,13505,14058,22137,23286,4185,16469,323,8263,8846,2088,17725,20809,10918,9177,2246,150,15813,1,10:29
2024-25,1642354,KJ Simpson,KJ,1610612766,CHA,Charlotte Hornets,0022400663,2025-01-29T00:00:00,CHA vs. BKN,L,26.7,1.3,13.5,0.1,0.0,5.4,0.0,6.7,8.1,0.833,2.7,1.3,4.0,2.7,2.7,0.0,2.7,0.0,4.0,4.0,9.4,-9.4,23.7,0,0,21.6,1,13222,1,13222,10565,22350,11028,22561,15070,12226,15070,2206,2453,7275,6115,21191,17200,13920,7544,12854,2090,8846,7010,6184,18700,17640,19144,2246,150,19916,1,26:42
2024-25,1629640,Keldon Johnson,Keldon,1610612759,SAS,San Antonio Spurs,0022400671,2025-01-29T00:00:00,SAS vs. LAC,L,25.0,5.8,13.0,0.444,1.4,4.3,0.333,0.0,1.4,0.0,1.4,1.4,2.9,1.4,1.4,1.4,0.0,0.0,4.3,1.4,13.0,-8.6,21.5,0,0,21.6,1,13222,1,13222,12008,12230,11923,13045,12296,14859,9209,13505,13549,13505,10578,21008,20041,18207,13058,8699,8263,8846,6215,15277,15133,17260,20439,2246,150,19892,1,25:00
2024-25,1631170,Jaime Jaquez Jr.,Jaime,1610612748,MIA,Miami Heat,0022400667,2025-01-29T00:00:00,MIA vs. CLE,L,6.666666666666667,0.0,16.2,0.0,0.0,10.8,0.0,0.0,0.0,0.0,0.0,16.2,16.2,5.4,0.0,0.0,0.0,0.0,0.0,0.0,0.0,-10.8,27.5,0,0,21.6,1,13222,1,13222,23297,22635,6831,22635,15070,2675,15070,13505,14344,13505,14058,413,1361,6635,16469,12854,8263,8846,20257,17725,23200,18229,16550,2246,150,19898,1,6:40
2024-25,1628369,Jayson Tatum,Jayson,1610612738,BOS,Boston Celtics,0022400666,2025-01-29T00:00:00,BOS vs. CHI,W,31.733333333333334,5.7,17.0,0.333,2.3,6.8,0.333,4.5,4.5,1.0,0.0,9.1,9.1,5.7,3.4,0.0,0.0,2.3,1.1,2.3,18.2,15.9,34.1,0,0,35.2,1,1,13086,1,6208,12501,5790,17395,8977,8890,9209,4772,6769,1,14058,3430,6620,6095,5223,12854,8263,2507,18893,11865,9673,5298,11690,2246,150,9977,1,31:44
2024-25,1626158,Richaun Holmes,Richaun,1610612764,WAS,Washington Wizards,0022400665,2025-01-29T00:00:00,WAS vs. TOR,L,16.383333333333333,6.6,6.6,1.0,0.0,0.0,0.0,4.4,4.4,1.0,4.4,6.6,11.0,6.6,2.2,0.0,0.0,0.0,6.6,4.4,17.6,0.0,38.5,0,0,35.2,1,13222,1,13222,18664,9951,22023,1,15070,20945,15070,5001,7035,1,3058,7121,4422,4575,9515,12854,8263,8846,2326,5362,10244,12240,8737,2246,150,9984,1,16:23
2024-25,1628401,Derrick White,Derrick,1610612738,BOS,Boston Celtics,0022400666,2025-01-29T00:00:00,BOS vs. CHI,W,39.82333333333333,6.3,12.7,0.5,3.6,9.0,0.4,3.6,3.6,1.0,0.0,0.9,0.9,4.5,0.0,0.0,0.9,0.9,0.9,1.8,19.9,17.2,30.5,0,0,30.7,1,1,13086,1,610,10630,12473,8526,4884,4756,7874,6461,8655,1,14058,22097,23263,8601,16469,12854,8075,8644,20140,13906,8008,4845,14443,2246,150,13370,1,39:49
2024-25,1629660,Ty Jerome,Ty,1610612739,CLE,Cleveland Cavaliers,0022400667,2025-01-29T00:00:00,CLE @ MIA,W,29.65,10.9,21.9,0.5,2.4,9.7,0.25,0.0,0.0,0.0,2.4,1.2,3.6,8.5,2.4,1.2,0.0,1.2,2.4,0.0,24.3,17.0,42.6,0,0,41.3,1,1,13086,1,8089,2324,1882,8526,8378,3832,11902,13505,14344,13505,6843,21479,18217,2422,8538,10061,8263,6161,13080,17725,4621,4911,6298,2246,150,6035,1,29:39
2024-25,1628464,Daniel Theis,Daniel,1610612740,NOP,New Orleans Pelicans,0022400670,2025-01-29T00:00:00,NOP vs. DAL,L,18.483333333333334,0.0,5.8,0.0,0.0,1.9,0.0,3.9,3.9,1.0,1.9,7.8,9.7,1.9,0.0,1.9,3.9,0.0,5.8,3.9,3.9,-31.2,36.0,0,0,27.3,1,13222,1,13222,17211,22635,22769,22635,15070,19648,15070,5887,8042,1,8631,5023,5747,16567,16469,6515,972,8846,3148,6574,22601,23917,10348,2246,150,15977,1,18:29
2024-25,1642366,Quinten Post,Quinten,1610612744,GSW,Golden State Warriors,0022400661,2025-01-28T00:00:00,GSW vs. UTA,W,16.116666666666667,6.7,22.3,0.3,4.5,11.2,0.4,4.5,4.5,1.0,6.7,4.5,11.2,4.5,0.0,0.0,0.0,2.2,8.9,2.2,22.3,-6.7,42.4,0,0,42.4,1,1,13086,1,18846,9678,1660,19363,3115,2361,7874,4884,6903,1,1277,12344,4264,8728,16469,12854,8263,2577,983,12012,5978,16381,6405,2246,150,5439,1,16:07
2024-25,1629018,Gary Trent Jr.,Gary,1610612749,MIL,Milwaukee Bucks,0022400662,2025-01-28T00:00:00,MIL @ POR,L,27.433333333333334,5.2,14.4,0.364,3.9,13.1,0.3,0.0,0.0,0.0,1.3,3.9,5.2,3.9,0.0,3.9,0.0,0.0,1.3,0.0,14.4,-9.2,38.4,0,0,35.4,1,13222,1,13222,9990,13665,9458,16861,4121,1239,11319,13505,14344,13505,11142,13924,14162,10116,16469,1701,8263,8846,17989,17725,13470,17519,8740,2246,150,9776,1,27:26
2024-25,203952,Andrew Wiggins,Andrew,1610612744,GSW,Golden State Warriors,0022400661,2025-01-28T00:00:00,GSW vs. UTA,W,33.233333333333334,5.4,18.4,0.294,3.2,8.7,0.375,6.5,9.7,0.667,2.2,0.0,2.2,3.2,1.1,1.1,2.2,4.3,2.2,7.6,20.6,13.0,36.7,0,0,35.7,1,1,13086,1,4963,13226,4278,19598,5811,5315,8800,2404,1486,9425,7698,22137,21481,12145,15248,11157,3026,532,14263,1275,7418,6399,9876,2246,150,9549,1,33:14
2024-25,1630168,Onyeka Okongwu,Onyeka,1610612737,ATL,Atlanta Hawks,0022400532,2025-01-28T00:00:00,ATL vs. HOU,L,28.2,3.8,5.1,0.75,1.3,2.6,0.5,0.0,0.0,0.0,2.6,5.1,7.7,1.3,1.3,2.6,1.3,0.0,5.1,1.3,8.9,14.0,30.3,0,0,26.8,1,13222,1,13222,9378,17492,23383,2107,12953,18534,3944,13505,14344,13505,6466,10548,8858,18735,13926,4244,5754,8846,4361,16003,19148,5990,14620,2246,150,16314,1,28:12
2024-25,1641718,Keyonte George,Keyonte,1610612762,UTA,Utah Jazz,0022400661,2025-01-28T00:00:00,UTA @ GSW,L,32.083333333333336,2.2,9.0,0.25,0.0,4.5,0.0,9.0,12.3,0.727,0.0,6.7,6.7,6.7,4.5,0.0,0.0,1.1,4.5,7.9,13.5,-6.7,27.2,0,0,26.9,1,13222,1,13222,5901,20959,18761,20233,15070,14473,15070,1012,696,9223,14058,6827,10671,4379,3013,12854,8263,6857,5808,1095,14558,16394,16848,2246,150,16208,1,32:05
2024-25,1627780,Gary Payton II,Gary,1610612744,GSW,Golden State Warriors,0022400661,2025-01-28T00:00:00,GSW vs. UTA,W,10.44,0.0,6.9,0.0,0.0,3.4,0.0,6.9,6.9,1.0,0.0,0.0,0.0,6.9,3.4,3.4,0.0,0.0,10.3,3.4,6.9,3.4,24.1,0,0,20.7,1,1,13086,1,21945,22635,21674,22635,15070,16763,15070,2080,3477,1,14058,22137,23286,4139,5129,2310,8263,8846,636,7813,20794,10912,18845,2246,150,20465,1,10:26
2024-25,1626162,Kelly Oubre Jr.,Kelly,1610612755,PHI,Philadelphia 76ers,0022400660,2025-01-28T00:00:00,PHI vs. LAL,W,39.03333333333333,7.4,16.6,0.444,0.0,4.6,0.0,3.7,3.7,1.0,1.8,5.5,7.4,4.6,1.8,0.0,0.0,0.0,0.0,2.8,18.4,6.5,32.4,0,0,30.4,1,1,13086,1,873,8060,6298,13045,15070,14169,15070,6310,8499,1,9066,9445,9414,8387,11343,12854,8263,8846,20257,10083,9370,9390,13034,2246,150,13598,1,39:02
2024-25,1629637,Jaxson Hayes,Jaxson,1610612747,LAL,Los Angeles Lakers,0022400660,2025-01-28T00:00:00,LAL @ PHI,L,18.766666666666666,1.9,1.9,1.0,0.0,0.0,0.0,3.8,3.8,1.0,1.9,3.8,5.8,0.0,1.9,0.0,3.8,0.0,7.7,7.7,7.7,-36.4,24.2,0,0,21.1,1,13222,1,13222,16996,21549,24773,1,15070,20945,15070,6005,8164,1,8747,14213,12890,19908,10949,12854,1013,8846,1525,1217,20180,24560,18830,2246,150,20217,1,18:46
2024-25,1629234,Drew Eubanks,Drew,1610612762,UTA,Utah Jazz,0022400661,2025-01-28T00:00:00,UTA @ GSW,L,23.216666666666665,9.3,12.4,0.75,0.0,0.0,0.0,1.6,4.7,0.333,0.0,6.2,6.2,3.1,0.0,0.0,6.2,0.0,1.6,6.2,20.2,-12.4,50.9,0,0,41.9,1,13222,1,13222,13533,4193,12886,2107,15070,20945,15070,11690,6572,13132,14058,7887,11820,12600,16469,12854,276,8846,17041,2387,7784,18903,3026,2246,150,5718,1,23:13
2024-25,1641739,Toumani Camara,Toumani,1610612757,POR,Portland Trail Blazers,0022400662,2025-01-28T00:00:00,POR vs. MIL,W,39.733333333333334,2.7,5.4,0.5,0.0,1.8,0.0,1.8,1.8,1.0,3.6,6.3,10.0,3.6,1.8,0.0,0.0,0.0,0.9,4.5,7.2,13.6,22.8,0,0,20.8,1,1,13086,1,641,20046,23138,8526,15070,19900,15070,11213,13173,1,4166,7614,5465,11009,11488,12854,8263,8846,20136,5070,20527,6170,19664,2246,150,20377,1,39:44
2024-25,1630649,Stanley Umude,Stanley,1610612749,MIL,Milwaukee Bucks,0022400662,2025-01-28T00:00:00,MIL @ POR,L,3.3833333333333333,0.0,21.3,0.0,0.0,21.3,0.0,21.3,21.3,1.0,0.0,0.0,0.0,0.0,10.6,10.6,0.0,0.0,0.0,10.6,21.3,21.3,42.6,0,0,42.6,1,13222,1,13222,24777,22635,2168,22635,15070,194,15070,65,118,1,14058,22137,23286,19908,280,106,8263,8846,20257,313,6843,3626,6334,2246,150,5370,1,3:23
2024-25,1642268,Isaiah Collier,Isaiah,1610612762,UTA,Utah Jazz,0022400661,2025-01-28T00:00:00,UTA @ GSW,L,32.35,5.6,10.0,0.556,0.0,1.1,0.0,2.2,2.2,1.0,1.1,5.6,6.7,10.0,4.5,0.0,0.0,0.0,4.5,4.5,13.4,-7.8,31.9,0,0,30.0,1,13222,1,13222,5691,12810,17030,7248,15070,20728,15070,9846,12004,1,12372,9376,10777,1424,3072,12854,8263,8846,5886,5244,14682,16878,13369,2246,150,13908,1,32:21
2024-25,1629631,De'Andre Hunter,De'Andre,1610612737,ATL,Atlanta Hawks,0022400532,2025-01-28T00:00:00,ATL vs. HOU,L,28.65,7.5,18.8,0.4,1.3,8.8,0.143,3.8,5.0,0.75,0.0,6.3,6.3,0.0,2.5,0.0,0.0,1.3,2.5,6.3,20.1,2.5,25.1,0,0,27.6,1,13222,1,13222,8973,7668,3882,14933,13059,5116,14649,6146,5873,8186,14058,7724,11651,19908,8188,12854,8263,5896,12741,2302,7835,11360,18196,2246,150,15686,1,28:39
2024-25,1630224,Jalen Green,Jalen,1610612745,HOU,Houston Rockets,0022400532,2025-01-28T00:00:00,HOU @ ATL,W,33.42333333333333,11.8,25.9,0.458,1.1,9.7,0.111,2.2,2.2,1.0,0.0,7.5,7.5,0.0,7.5,2.2,1.1,2.2,3.2,3.2,26.9,-4.3,38.1,0,0,42.0,1,1,13086,1,4793,1623,668,12650,14085,3858,15003,10109,12238,1,14058,5426,9092,19908,698,5568,6934,2754,9732,8456,3240,15229,8940,2246,150,5639,1,33:25
2024-25,203507,Giannis Antetokounmpo,Giannis,1610612749,MIL,Milwaukee Bucks,0022400662,2025-01-28T00:00:00,MIL @ POR,L,35.916666666666664,17.0,24.1,0.708,0.0,0.0,0.0,5.0,10.0,0.5,4.0,8.0,12.0,5.0,4.0,0.0,0.0,1.0,4.0,9.0,39.1,-11.0,57.0,1,0,56.1,1,13222,1,13222,2742,277,1040,3025,15070,20945,15070,4021,1360,10625,3585,4681,3467,7443,3868,12854,8263,7903,7113,650,511,18331,1632,1,150,1281,1,35:55
2024-25,1631121,Bryce McGowens,Bryce,1610612757,POR,Portland Trail Blazers,0022400662,2025-01-28T00:00:00,POR vs. MIL,W,1.1833333333333333,0.0,0.0,0.0,0.0,0.0,0.0,60.8,60.8,1.0,0.0,0.0,0.0,0.0,0.0,0.0,0.0,0.0,0.0,30.4,60.8,0.0,60.8,0,0,60.8,1,1,13086,1,25970,22635,24836,22635,15070,20945,15070,5,6,1,14058,22137,23286,19908,16469,12854,8263,8846,20257,6,82,12240,1090,2246,150,743,1,1:11
2024-25,1642270,Donovan Clingan,Donovan,1610612757,POR,Portland Trail Blazers,0022400662,2025-01-28T00:00:00,POR vs. MIL,W,10.61,6.8,6.8,1.0,0.0,0.0,0.0,0.0,0.0,0.0,13.6,6.8,20.4,3.4,3.4,0.0,3.4,0.0,10.2,0.0,13.6,3.4,49.9,0,0,44.1,1,1,13086,1,21874,9458,21795,1,15070,20945,15070,13505,14344,13505,173,6727,485,11700,5245,12854,1312,8846,665,17725,14410,10933,3305,2246,150,4638,1,10:37
2024-25,1642261,Dalton Knecht,Dalton,1610612747,LAL,Los Angeles Lakers,0022400660,2025-01-28T00:00:00,LAL @ PHI,L,22.633333333333333,12.7,20.7,0.615,8.0,12.7,0.625,4.8,4.8,1.0,0.0,8.0,8.0,0.0,1.6,0.0,0.0,0.0,1.6,1.6,38.2,-22.3,46.1,0,0,54.1,1,13222,1,13222,14002,1138,2529,5246,470,1413,2868,4389,6349,1,14058,4774,8360,19908,12377,12854,8263,8846,16899,14659,593,22147,4687,2246,150,1605,1,22:38
2024-25,1641741,Ricky Council IV,Ricky,1610612755,PHI,Philadelphia 76ers,0022400660,2025-01-28T00:00:00,PHI vs. LAL,W,19.533333333333335,11.1,18.4,0.6,5.5,11.1,0.5,1.8,3.7,0.5,3.7,9.2,12.9,3.7,0.0,3.7,0.0,0.0,1.8,3.7,29.5,-1.8,61.6,0,0,59.0,1,1,13086,1,16387,2214,4269,5394,1712,2437,3944,11137,8504,10625,4061,3289,2871,10825,16469,1987,8263,8846,15975,7165,2267,13942,1016,2246,150,920,1,19:32
2024-25,1629028,Deandre Ayton,Deandre,1610612757,POR,Portland Trail Blazers,0022400662,2025-01-28T00:00:00,POR vs. MIL,W,34.266666666666666,9.5,20.0,0.474,0.0,1.1,0.0,3.2,4.2,0.75,5.3,9.5,14.7,2.1,2.1,1.1,1.1,1.1,2.1,2.1,22.1,15.8,47.1,1,0,43.1,1,1,13086,1,4042,3949,3001,12072,15070,20808,15070,7434,7403,8186,2138,3067,1907,15993,9989,11487,7131,7484,14604,12600,6158,5335,4292,1,150,5105,1,34:16
2024-25,2544,LeBron James,LeBron,1610612747,LAL,Los Angeles Lakers,0022400660,2025-01-28T00:00:00,LAL @ PHI,L,32.65,11.0,17.6,0.625,1.1,4.4,0.25,11.0,12.1,0.909,1.1,7.7,8.8,9.9,8.8,1.1,0.0,3.3,1.1,6.6,34.2,-12.1,54.1,0,0,56.2,1,13222,1,13222,5446,2239,5083,4899,13928,14654,11902,486,734,6764,12448,5135,6981,1483,446,10999,8263,1060,19080,1969,1092,18784,2170,2246,150,1265,1,32:39
2024-25,1641764,Brandin Podziemski,Brandin,1610612744,GSW,Golden State Warriors,0022400661,2025-01-28T00:00:00,GSW vs. UTA,W,32.45,5.5,13.3,0.417,4.4,12.2,0.364,6.7,6.7,1.0,0.0,7.8,7.8,6.7,3.3,1.1,0.0,0.0,1.1,3.3,22.2,21.1,41.5,0,0,43.3,1,1,13086,1,5597,12863,11281,14532,3174,1665,9100,2276,3707,1,14058,5057,8688,4496,5430,10943,8263,8846,19050,8167,6080,3678,6889,2246,150,5012,1,32:27
2024-25,1630178,Tyrese Maxey,Tyrese,1610612755,PHI,Philadelphia 76ers,0022400660,2025-01-28T00:00:00,PHI vs. LAL,W,35.95,15.0,26.0,0.577,4.0,11.0,0.364,9.0,9.0,1.0,0.0,3.0,3.0,2.0,1.0,2.0,0.0,1.0,4.0,6.0,43.1,20.0,54.7,0,0,56.1,1,1,13086,1,2713,493,640,6533,3985,2475,9100,999,1859,1,14058,16704,19718,16364,15834,6239,8263,7909,7124,2611,311,3941,2056,2246,150,1296,1,35:57
2024-25,1631200,Kris Murray,Kris,1610612757,POR,Portland Trail Blazers,0022400662,2025-01-28T00:00:00,POR vs. MIL,W,1.1833333333333333,0.0,0.0,0.0,0.0,0.0,0.0,0.0,0.0,0.0,0.0,0.0,0.0,0.0,0.0,0.0,0.0,0.0,0.0,0.0,0.0,0.0,0.0,0,0,0.0,1,1,13086,1,25970,22635,24836,22635,15070,20945,15070,13505,14344,13505,14058,22137,23286,19908,16469,12854,8263,8846,20257,17725,23200,12240,25228,2246,150,25259,1,1:11
2024-25,1641871,Duop Reath,Duop,1610612757,POR,Portland Trail Blazers,0022400662,2025-01-28T00:00:00,POR vs. MIL,W,1.1833333333333333,0.0,0.0,0.0,0.0,0.0,0.0,0.0,0.0,0.0,0.0,0.0,0.0,0.0,0.0,0.0,0.0,0.0,0.0,0.0,0.0,0.0,0.0,0,0,0.0,1,1,13086,1,25970,22635,24836,22635,15070,20945,15070,13505,14344,13505,14058,22137,23286,19908,16469,12854,8263,8846,20257,17725,23200,12240,25228,2246,150,25259,1,1:11
2024-25,1630288,Jeff Dowtin Jr.,Jeff,1610612755,PHI,Philadelphia 76ers,0022400660,2025-01-28T00:00:00,PHI vs. LAL,W,3.5,0.0,20.6,0.0,0.0,0.0,0.0,0.0,0.0,0.0,0.0,0.0,0.0,0.0,0.0,0.0,0.0,0.0,0.0,0.0,0.0,-51.4,0.0,0,0,0.0,1,1,13086,1,24704,22635,2591,22635,15070,20945,15070,13505,14344,13505,14058,22137,23286,19908,16469,12854,8263,8846,20257,17725,23200,25442,25228,2246,150,25259,1,3:30
2024-25,200768,Kyle Lowry,Kyle,1610612755,PHI,Philadelphia 76ers,0022400660,2025-01-28T00:00:00,PHI vs. LAL,W,15.966666666666667,0.0,4.5,0.0,0.0,2.3,0.0,0.0,0.0,0.0,2.3,6.8,9.0,2.3,2.3,4.5,0.0,0.0,2.3,0.0,0.0,27.1,25.5,0,0,20.3,1,1,13086,1,18951,22635,23801,22635,15070,19075,15070,13505,14344,13505,7395,6762,6702,15416,9284,1220,8263,8846,13851,17725,23200,2419,17949,2246,150,20694,1,15:58
2024-25,1631218,Trayce Jackson-Davis,Trayce,1610612744,GSW,Golden State Warriors,0022400661,2025-01-28T00:00:00,GSW vs. UTA,W,6.166666666666667,11.7,17.5,0.667,0.0,0.0,0.0,0.0,0.0,0.0,5.8,0.0,5.8,5.8,0.0,0.0,0.0,0.0,5.8,0.0,23.4,-40.9,39.1,0,0,35.0,1,1,13086,1,23530,1733,5241,3281,15070,20945,15070,13505,14344,13505,1719,22137,12673,5776,16469,12854,8263,8846,3159,17725,5237,24904,8326,2246,150,10070,1,6:10
2024-25,1629003,Shake Milton,Shake,1610612747,LAL,Los Angeles Lakers,0022400660,2025-01-28T00:00:00,LAL @ PHI,L,6.233333333333333,0.0,5.8,0.0,0.0,0.0,0.0,0.0,0.0,0.0,0.0,0.0,0.0,0.0,0.0,0.0,0.0,0.0,0.0,0.0,0.0,17.3,0.0,0,0,0.0,1,13222,1,13222,23489,22635,22835,22635,15070,20945,15070,13505,14344,13505,14058,22137,23286,19908,16469,12854,8263,8846,20257,17725,23200,4797,25228,2246,150,25259,1,6:14
2024-25,1630695,Micah Potter,Micah,1610612762,UTA,Utah Jazz,0022400661,2025-01-28T00:00:00,UTA @ GSW,L,30.416666666666668,5.9,7.1,0.833,3.6,4.7,0.75,0.0,0.0,0.0,1.2,7.1,8.3,2.4,0.0,0.0,2.4,0.0,3.6,2.4,15.4,-7.1,36.0,0,0,34.3,1,13222,1,13222,7392,11754,21437,1514,5026,13882,1542,13505,14344,13505,11904,6171,7792,14993,16469,12854,2610,8846,8599,11474,12535,16557,10381,2246,150,10588,1,30:25
2024-25,1641753,Chris Livingston,Chris,1610612749,MIL,Milwaukee Bucks,0022400662,2025-01-28T00:00:00,MIL @ POR,L,3.3833333333333333,0.0,0.0,0.0,0.0,0.0,0.0,0.0,0.0,0.0,0.0,0.0,0.0,0.0,0.0,0.0,0.0,0.0,0.0,0.0,0.0,21.3,0.0,0,0,0.0,1,13222,1,13222,24777,22635,24836,22635,15070,20945,15070,13505,14344,13505,14058,22137,23286,19908,16469,12854,8263,8846,20257,17725,23200,3626,25228,2246,150,25259,1,3:23
2024-25,1642271,Kyle Filipowski,Kyle,1610612762,UTA,Utah Jazz,0022400661,2025-01-28T00:00:00,UTA @ GSW,L,19.75,7.3,9.1,0.8,0.0,0.0,0.0,3.6,7.3,0.5,1.8,3.6,5.5,7.3,5.5,1.8,0.0,0.0,3.6,7.3,18.2,-1.8,35.7,0,0,34.6,1,13222,1,13222,16221,8241,18534,1688,15070,20945,15070,6394,3099,10625,9159,14804,13625,3625,1833,7141,8263,8846,8275,1452,9595,13934,10560,2246,150,10344,1,19:45
2024-25,1627824,Guerschon Yabusele,Guerschon,1610612755,PHI,Philadelphia 76ers,0022400660,2025-01-28T00:00:00,PHI vs. LAL,W,27.043333333333333,8.0,12.0,0.667,0.0,0.0,0.0,2.7,2.7,1.0,2.7,4.0,6.7,4.0,2.7,5.3,0.0,1.3,1.3,2.7,18.6,14.6,45.9,0,0,39.9,1,1,13086,1,10304,6661,13625,3281,15070,20945,15070,8658,10833,1,6201,13745,10835,9952,7646,727,8263,5499,17903,10433,9172,5764,4769,2246,150,6812,1,27:03
2024-25,1631243,Mouhamed Gueye,Mouhamed,1610612737,ATL,Atlanta Hawks,0022400532,2025-01-28T00:00:00,ATL vs. HOU,L,22.15,8.1,17.9,0.455,1.6,6.5,0.25,0.0,0.0,0.0,3.3,8.1,11.4,0.0,0.0,0.0,1.6,1.6,1.6,1.6,17.9,-11.4,36.4,0,0,34.1,1,13222,1,13222,14386,6358,4829,12676,11613,9546,11902,13505,14344,13505,4840,4521,4069,19908,16469,12854,4493,4371,16797,14541,9946,18470,10081,2246,150,10749,1,22:09
2024-25,1641715,Cam Whitmore,Cam,1610612745,HOU,Houston Rockets,0022400532,2025-01-28T00:00:00,HOU @ ATL,W,19.533333333333335,1.8,7.4,0.25,0.0,3.7,0.0,0.0,0.0,0.0,1.8,9.2,11.1,1.8,5.5,1.8,0.0,0.0,5.5,0.0,3.7,7.4,19.7,0,0,20.3,1,1,13086,1,16387,21675,21106,20233,15070,16249,15070,13505,14344,13505,9077,3289,4360,16957,1788,7064,8263,8846,3662,17725,22696,8948,21299,2246,150,20707,1,19:32
2024-25,1631133,Jabari Walker,Jabari,1610612757,POR,Portland Trail Blazers,0022400662,2025-01-28T00:00:00,POR vs. MIL,W,1.1833333333333333,0.0,30.4,0.0,0.0,0.0,0.0,0.0,0.0,0.0,0.0,0.0,0.0,0.0,0.0,0.0,0.0,0.0,0.0,0.0,0.0,0.0,0.0,0,0,0.0,1,1,13086,1,25970,22635,254,22635,15070,20945,15070,13505,14344,13505,14058,22137,23286,19908,16469,12854,8263,8846,20257,17725,23200,12240,25228,2246,150,25259,1,1:11
2024-25,1641712,Rayan Rupert,Rayan,1610612757,POR,Portland Trail Blazers,0022400662,2025-01-28T00:00:00,POR vs. MIL,W,1.1833333333333333,0.0,0.0,0.0,0.0,0.0,0.0,0.0,0.0,0.0,0.0,0.0,0.0,0.0,0.0,0.0,0.0,0.0,0.0,0.0,0.0,0.0,0.0,0,0,0.0,1,1,13086,1,25970,22635,24836,22635,15070,20945,15070,13505,14344,13505,14058,22137,23286,19908,16469,12854,8263,8846,20257,17725,23200,12240,25228,2246,150,25259,1,1:11
2024-25,1641737,Adem Bona,Adem,1610612755,PHI,Philadelphia 76ers,0022400660,2025-01-28T00:00:00,PHI vs. LAL,W,19.823333333333334,1.8,9.1,0.2,0.0,0.0,0.0,3.6,9.1,0.4,9.1,1.8,10.9,1.8,1.8,0.0,5.4,1.8,9.1,7.3,7.3,3.6,37.6,0,0,30.9,1,1,13086,1,16158,21724,18596,21401,15070,20945,15070,6427,1829,13061,534,20203,4503,17038,11478,12854,409,3854,941,1470,20515,10843,9289,2246,150,13276,1,19:49
2024-25,203081,Damian Lillard,Damian,1610612749,MIL,Milwaukee Bucks,0022400662,2025-01-28T00:00:00,MIL @ POR,L,38.42333333333333,6.6,15.9,0.412,1.9,5.6,0.333,3.7,3.7,1.0,0.0,2.8,2.8,5.6,0.0,0.9,0.0,0.0,0.9,4.7,18.7,-8.4,33.4,0,0,30.9,1,13222,1,13222,1154,10043,7220,14791,10759,11657,9209,6191,8381,1,14058,17364,20222,6207,16469,12462,8263,8846,20038,4749,9094,17153,12296,2246,150,13235,1,38:25
2024-25,1629111,Jock Landale,Jock,1610612745,HOU,Houston Rockets,0022400532,2025-01-28T00:00:00,HOU @ ATL,W,16.288333333333334,4.4,6.6,0.667,0.0,0.0,0.0,0.0,0.0,0.0,4.4,8.8,13.3,4.4,2.2,0.0,2.2,0.0,4.4,0.0,8.8,33.2,35.8,0,0,30.9,1,1,13086,1,18732,16008,21976,3281,15070,20945,15070,13505,14344,13505,3026,3677,2631,8832,9471,12854,2927,8846,5968,17725,19233,1611,10505,2246,150,13211,1,16:17
2024-25,1626204,Larry Nance Jr.,Larry,1610612737,ATL,Atlanta Hawks,0022400532,2025-01-28T00:00:00,ATL vs. HOU,L,19.8,3.6,12.7,0.286,1.8,7.3,0.25,1.8,3.6,0.5,0.0,3.6,3.6,1.8,0.0,3.6,1.8,0.0,3.6,7.3,10.9,-27.3,34.4,0,0,29.1,1,13222,1,13222,16175,17993,12339,19630,11006,7883,11902,11202,8612,10625,14058,14828,18235,17030,16469,2051,4014,8846,8304,1462,17260,23292,11545,2246,150,14629,1,19:48
2024-25,1627827,Dorian Finney-Smith,Dorian,1610612747,LAL,Los Angeles Lakers,0022400660,2025-01-28T00:00:00,LAL @ PHI,L,18.883333333333333,1.9,11.4,0.167,1.9,11.4,0.167,0.0,0.0,0.0,0.0,5.7,5.7,0.0,5.7,0.0,0.0,0.0,9.5,0.0,5.7,-3.8,6.9,0,0,13.3,1,13222,1,13222,16915,21572,14596,21938,10600,2147,14236,13505,14344,13505,14058,9001,12969,19908,1627,12854,8263,8846,803,17725,21581,14959,24833,2246,150,23598,1,18:53
2024-25,1641708,Amen Thompson,Amen,1610612745,HOU,Houston Rockets,0022400532,2025-01-28T00:00:00,HOU @ ATL,W,30.766666666666666,2.3,5.9,0.4,0.0,0.0,0.0,8.2,8.2,1.0,1.2,4.7,5.9,3.5,2.3,3.5,1.2,0.0,2.3,5.9,12.9,1.2,36.9,0,0,31.6,1,1,13086,1,7073,20781,22756,14933,15070,20945,15070,1324,2389,1,11994,11770,12631,11362,8903,2226,6363,8846,13481,2817,15223,12036,9795,2246,150,12710,1,30:46
2024-25,1630703,Scoot Henderson,Scoot,1610612757,POR,Portland Trail Blazers,0022400662,2025-01-28T00:00:00,POR vs. MIL,W,26.725,5.4,9.4,0.571,1.3,2.7,0.5,1.3,2.7,0.5,0.0,5.4,5.4,8.1,1.3,1.3,0.0,0.0,4.0,2.7,13.5,2.7,34.8,0,0,31.0,1,1,13086,1,10549,13307,18071,6538,12662,18274,3944,12179,10765,10625,14058,9815,13839,2802,13586,9205,8263,8846,7025,10331,14550,11265,11241,2246,150,13181,1,26:44
2024-25,203076,Anthony Davis,Anthony,1610612747,LAL,Los Angeles Lakers,0022400660,2025-01-28T00:00:00,LAL @ PHI,L,9.833333333333334,7.3,11.0,0.667,0.0,0.0,0.0,0.0,0.0,0.0,7.3,0.0,7.3,0.0,3.7,3.7,0.0,0.0,0.0,0.0,14.6,11.0,30.8,0,0,29.3,1,13222,1,13222,22156,8182,15377,3281,15070,20945,15070,13505,14344,13505,1018,22137,9531,19908,4649,2017,8263,8846,20257,17725,13255,7243,14237,2246,150,14485,1,9:50
2024-25,1627741,Buddy Hield,Buddy,1610612744,GSW,Golden State Warriors,0022400661,2025-01-28T00:00:00,GSW vs. UTA,W,22.023333333333333,1.6,11.4,0.143,0.0,6.5,0.0,0.0,0.0,0.0,0.0,4.9,4.9,6.5,1.6,0.0,0.0,1.6,3.3,0.0,3.3,-19.6,17.3,0,0,14.7,1,1,13086,1,14483,21991,14589,22260,15070,9458,15070,13505,14344,13505,14058,11149,15051,4651,12198,12854,8263,4352,9576,17725,22860,21437,22358,2246,150,23170,1,22:01
2024-25,1629726,Garrison Mathews,Garrison,1610612737,ATL,Atlanta Hawks,0022400532,2025-01-28T00:00:00,ATL vs. HOU,L,12.003333333333334,3.0,18.0,0.167,3.0,12.0,0.25,0.0,0.0,0.0,3.0,0.0,3.0,0.0,0.0,0.0,0.0,3.0,3.0,0.0,9.0,-15.0,12.6,0,0,15.0,1,13222,1,13222,21227,19437,4699,21938,6525,1787,11902,13505,14344,13505,5346,22137,19745,19908,16469,12854,8263,1344,10742,17725,19087,19897,23870,2246,150,23064,1,12:00
2024-25,203924,Jerami Grant,Jerami,1610612757,POR,Portland Trail Blazers,0022400662,2025-01-28T00:00:00,POR vs. MIL,W,15.633333333333333,4.6,9.2,0.5,2.3,2.3,1.0,6.9,9.2,0.75,0.0,0.0,0.0,2.3,0.0,0.0,0.0,0.0,4.6,4.6,18.4,4.6,21.9,0,0,23.0,1,1,13086,1,19175,15477,18385,8526,8837,18977,1,2066,1759,8186,14058,22137,23286,15219,16469,12854,8263,8846,5524,4926,9389,10334,20219,2246,150,19002,1,15:38
2024-25,1627752,Taurean Prince,Taurean,1610612749,MIL,Milwaukee Bucks,0022400662,2025-01-28T00:00:00,MIL @ POR,L,19.983333333333334,3.6,9.0,0.4,0.0,3.6,0.0,0.0,0.0,0.0,0.0,3.6,3.6,0.0,0.0,1.8,0.0,0.0,7.2,1.8,7.2,-7.2,16.9,0,0,14.4,1,13222,1,13222,16026,18074,18700,14933,15070,16431,15070,13505,14344,13505,14058,14918,18315,19908,16469,7249,8263,8846,1823,13935,20557,16594,22517,2246,150,23286,1,19:59
2024-25,1642355,Bronny James,Bronny,1610612747,LAL,Los Angeles Lakers,0022400660,2025-01-28T00:00:00,LAL @ PHI,L,15.433333333333334,0.0,11.7,0.0,0.0,7.0,0.0,0.0,0.0,0.0,0.0,7.0,7.0,2.3,7.0,0.0,2.3,2.3,2.3,0.0,0.0,-18.7,11.9,0,0,14.0,1,13222,1,13222,19289,22635,14193,22635,15070,8471,15070,13505,14344,13505,14058,6363,10151,15107,892,12854,2681,2365,13514,17725,23200,21122,24037,2246,150,23424,1,15:26
2024-25,202704,Reggie Jackson,Reggie,1610612755,PHI,Philadelphia 76ers,0022400660,2025-01-28T00:00:00,PHI vs. LAL,W,11.883333333333333,0.0,12.1,0.0,0.0,6.1,0.0,0.0,0.0,0.0,0.0,6.1,6.1,3.0,0.0,3.0,0.0,0.0,9.1,0.0,0.0,30.3,20.9,0,0,15.1,1,1,13086,1,21343,22635,13382,22635,15070,10546,15070,13505,14344,13505,14058,8201,12142,12831,16469,3087,8263,8846,938,17725,23200,1933,20738,2246,150,23008,1,11:53
2024-25,1630578,Alperen Sengun,Alperen,1610612745,HOU,Houston Rockets,0022400532,2025-01-28T00:00:00,HOU @ ATL,W,29.321666666666665,8.6,14.7,0.583,0.0,1.2,0.0,4.9,4.9,1.0,2.5,9.8,12.3,2.5,2.5,1.2,0.0,2.5,3.7,3.7,22.1,-6.1,41.7,1,0,39.3,1,1,13086,1,8379,5453,8996,6296,15070,20586,15070,4176,6094,1,6764,2708,3283,14696,8430,9960,8263,2117,8153,7177,6134,16126,6753,1,150,7207,1,29:19
2024-25,1630249,Vít Krejčí,Vít,1610612737,ATL,Atlanta Hawks,0022400532,2025-01-28T00:00:00,ATL vs. HOU,L,36.15,5.0,13.9,0.357,2.0,10.0,0.2,1.0,2.0,0.5,0.0,5.0,5.0,2.0,1.0,2.0,1.0,0.0,1.0,1.0,12.9,1.0,29.9,0,0,27.9,1,13222,1,13222,2569,14457,10258,17140,10201,3538,13429,13248,12751,10625,14058,10938,14852,16410,15883,6290,7504,8846,19730,17413,15148,12159,14892,2246,150,15514,1,36:09
2024-25,1629027,Trae Young,Trae,1610612737,ATL,Atlanta Hawks,0022400532,2025-01-28T00:00:00,ATL vs. HOU,L,34.43333333333333,7.3,16.7,0.438,2.1,9.4,0.222,5.2,5.2,1.0,1.0,2.1,3.1,9.4,8.4,0.0,0.0,1.0,2.1,6.3,22.0,4.2,31.5,0,0,36.6,1,13222,1,13222,3903,8191,6147,13558,9727,4239,13288,3736,5557,1,12907,19382,19408,1755,524,12854,8263,7529,14648,2311,6254,10555,13693,2246,150,8987,1,34:26
2024-25,1629014,Anfernee Simons,Anfernee,1610612757,POR,Portland Trail Blazers,0022400662,2025-01-28T00:00:00,POR vs. MIL,W,38.35,8.4,16.0,0.529,3.8,7.5,0.5,2.8,2.8,1.0,0.0,2.8,2.8,6.6,0.9,0.0,0.0,0.9,0.0,0.9,23.5,12.2,35.8,0,0,36.6,1,1,13086,1,1190,5714,7167,8281,4561,7377,3944,8312,10452,1,14058,17351,20207,4605,16204,12854,8263,8428,20257,17580,5157,6711,10528,2246,150,8968,1,38:21
2024-25,1631132,Christian Koloko,Christian,1610612747,LAL,Los Angeles Lakers,0022400660,2025-01-28T00:00:00,LAL @ PHI,L,17.583333333333332,2.0,2.0,1.0,0.0,0.0,0.0,4.1,4.1,1.0,0.0,4.1,4.1,8.2,0.0,2.0,0.0,0.0,4.1,2.0,8.2,-14.3,31.5,0,0,24.6,1,13222,1,13222,17865,21318,24748,1,15070,20945,15070,5531,7639,1,14058,13430,17078,2705,16469,6019,8263,8846,6857,12849,19759,19626,13659,2246,150,17966,1,17:35
2024-25,1630611,Gui Santos,Gui,1610612744,GSW,Golden State Warriors,0022400661,2025-01-28T00:00:00,GSW vs. UTA,W,23.286666666666665,3.1,4.6,0.667,0.0,1.5,0.0,4.6,6.2,0.75,6.2,4.6,10.8,3.1,1.5,1.5,0.0,0.0,3.1,6.2,10.8,38.6,31.5,0,0,27.8,1,1,13086,1,13479,19221,23724,3281,15070,20229,15070,4609,4247,8186,1527,11886,4575,12630,12560,8215,8263,8846,10302,2414,17343,1069,13654,2246,150,15562,1,23:17
2024-25,201572,Brook Lopez,Brook,1610612749,MIL,Milwaukee Bucks,0022400662,2025-01-28T00:00:00,MIL @ POR,L,34.733333333333334,4.1,12.4,0.333,3.1,9.3,0.333,0.0,0.0,0.0,0.0,3.1,3.1,3.1,1.0,1.0,1.0,1.0,2.1,0.0,11.4,-7.3,25.0,0,0,24.9,1,13222,1,13222,3666,16733,12839,17395,6195,4340,9209,13505,14344,13505,14058,16383,19456,12580,15588,11624,7225,7607,14737,17725,16791,16617,18306,2246,150,17775,1,34:44
2024-25,1629060,Rui Hachimura,Rui,1610612747,LAL,Los Angeles Lakers,0022400660,2025-01-28T00:00:00,LAL @ PHI,L,24.066666666666666,9.0,13.5,0.667,1.5,4.5,0.333,0.0,0.0,0.0,0.0,3.0,3.0,1.5,1.5,0.0,0.0,0.0,3.0,3.0,19.4,-12.0,23.8,0,0,25.4,1,13222,1,13222,12825,4755,11065,3281,12050,14475,9209,13505,14344,13505,14058,16768,19768,17994,12762,12854,8263,8846,10773,9290,8423,18722,19103,2246,150,17334,1,24:04
2024-25,1628988,Aaron Holiday,Aaron,1610612745,HOU,Houston Rockets,0022400532,2025-01-28T00:00:00,HOU @ ATL,W,16.921666666666667,4.3,8.5,0.5,4.3,6.4,0.667,4.3,4.3,1.0,0.0,2.1,2.1,8.5,2.1,0.0,2.1,0.0,0.0,2.1,17.0,-10.6,36.6,0,0,36.2,1,1,13086,1,18303,16451,19474,8526,3475,9795,1957,5247,7305,1,14058,19282,21557,2414,9864,12854,3131,8846,20257,12495,10825,18157,9974,2246,150,9248,1,16:55
2024-25,1631101,Shaedon Sharpe,Shaedon,1610612757,POR,Portland Trail Blazers,0022400662,2025-01-28T00:00:00,POR vs. MIL,W,30.841666666666665,7.0,16.3,0.429,3.5,8.2,0.429,2.3,2.3,1.0,1.2,4.7,5.8,3.5,1.2,2.3,0.0,0.0,3.5,1.2,19.8,11.7,37.9,0,0,37.4,1,1,13086,1,7010,8926,6625,13735,5145,6139,7394,9512,11683,1,12012,11804,12692,11383,14680,4924,8263,8846,8741,16564,8035,6942,9057,2246,150,8469,1,30:51
2024-25,1641748,Andre Jackson Jr.,Andre,1610612749,MIL,Milwaukee Bucks,0022400662,2025-01-28T00:00:00,MIL @ POR,L,26.116666666666667,4.1,4.1,1.0,1.4,1.4,1.0,2.8,2.8,1.0,2.8,6.9,9.6,6.9,4.1,1.4,0.0,0.0,2.8,2.8,12.4,-22.1,34.3,0,0,33.1,1,13222,1,13222,11073,16760,24030,1,12527,20396,1,8445,10592,1,5963,6548,5873,4146,3599,9016,8263,8846,11813,10118,15704,22078,11573,2246,150,11593,1,26:07
2024-25,1630699,MarJon Beauchamp,MarJon,1610612749,MIL,Milwaukee Bucks,0022400662,2025-01-28T00:00:00,MIL @ POR,L,6.45,5.6,5.6,1.0,5.6,5.6,1.0,0.0,0.0,0.0,0.0,5.6,5.6,5.6,0.0,0.0,0.0,0.0,5.6,0.0,16.7,-22.3,31.8,0,0,33.5,1,13222,1,13222,23387,12753,23011,1,1677,11764,1,13505,14344,13505,14058,9337,13324,6288,16469,12854,8263,8846,3576,17725,11128,22170,13468,2246,150,11255,1,6:27
2024-25,201569,Eric Gordon,Eric,1610612755,PHI,Philadelphia 76ers,0022400660,2025-01-28T00:00:00,PHI vs. LAL,W,30.766666666666666,4.7,9.4,0.5,3.5,7.0,0.5,3.5,3.5,1.0,0.0,3.5,3.5,2.3,0.0,0.0,1.2,0.0,1.2,2.3,16.4,22.2,27.6,0,0,28.1,1,1,13086,1,7073,15286,18182,8526,5124,8424,3944,6686,8869,1,14058,15208,18526,15086,16469,12854,6363,8846,18718,11586,11518,3414,16491,2246,150,15367,1,30:46
2024-25,1641989,Elijah Harkless,Elijah,1610612762,UTA,Utah Jazz,0022400661,2025-01-28T00:00:00,UTA @ GSW,L,6.0,0.0,12.0,0.0,0.0,0.0,0.0,0.0,0.0,0.0,0.0,18.0,18.0,6.0,0.0,0.0,0.0,0.0,0.0,0.0,0.0,-42.0,30.6,0,0,24.0,1,13222,1,13222,23599,22635,13575,22635,15070,20945,15070,13505,14344,13505,14058,255,898,5485,16469,12854,8263,8846,20257,17725,23200,24976,14348,2246,150,18317,1,6:00
2024-25,1630811,Keaton Wallace,Keaton,1610612737,ATL,Atlanta Hawks,0022400532,2025-01-28T00:00:00,ATL vs. HOU,L,21.916666666666668,4.9,6.6,0.75,1.6,3.3,0.5,0.0,0.0,0.0,1.6,0.0,1.6,0.0,4.9,1.6,0.0,0.0,3.3,0.0,11.5,-23.0,13.5,0,0,18.1,1,13222,1,13222,14561,14611,22042,2107,11557,17098,3944,13505,14344,13505,9775,22137,22374,19908,2426,7838,8263,8846,9500,17725,16676,22336,23642,2246,150,21829,1,21:55
2024-25,1629004,Svi Mykhailiuk,Svi,1610612762,UTA,Utah Jazz,0022400661,2025-01-28T00:00:00,UTA @ GSW,L,20.95,3.4,15.5,0.222,1.7,8.6,0.2,0.0,0.0,0.0,3.4,3.4,6.9,1.7,3.4,0.0,0.0,3.4,5.2,0.0,8.6,3.4,16.0,0,0,18.9,1,13222,1,13222,15325,18461,7872,21205,11343,5429,13429,13505,14344,13505,4476,15415,10372,17313,5156,12854,8263,966,4271,17725,19440,10917,22868,2246,150,21431,1,20:57
2024-25,1627832,Fred VanVleet,Fred,1610612745,HOU,Houston Rockets,0022400532,2025-01-28T00:00:00,HOU @ ATL,W,36.016666666666666,2.0,9.0,0.222,1.0,7.0,0.143,0.0,0.0,0.0,0.0,4.0,4.0,6.0,2.0,1.0,0.0,0.0,4.0,1.0,5.0,7.0,19.8,0,0,18.0,1,1,13086,1,2671,21413,18734,21205,14555,8473,14649,13505,14344,13505,14058,13729,17320,5513,10528,11963,8263,8846,7147,17398,22004,9137,21264,2246,150,21875,1,36:01
2024-25,203114,Khris Middleton,Khris,1610612749,MIL,Milwaukee Bucks,0022400662,2025-01-28T00:00:00,MIL @ POR,L,15.46,0.0,4.7,0.0,0.0,2.3,0.0,0.0,0.0,0.0,0.0,2.3,2.3,2.3,2.3,0.0,0.0,0.0,7.0,0.0,0.0,-14.0,4.0,0,0,4.7,1,13222,1,13222,19279,22635,23711,22635,15070,18940,15070,13505,14344,13505,14058,18685,21142,15127,8953,12854,8263,8846,1989,17725,23200,19493,25082,2246,150,25136,1,15:28
2024-25,1631250,Pete Nance,Pete,1610612755,PHI,Philadelphia 76ers,0022400660,2025-01-28T00:00:00,PHI vs. LAL,W,7.233333333333333,0.0,0.0,0.0,0.0,0.0,0.0,0.0,0.0,0.0,0.0,5.0,5.0,0.0,0.0,0.0,0.0,0.0,0.0,0.0,0.0,19.9,6.0,0,0,5.0,1,1,13086,1,23081,22635,24836,22635,15070,20945,15070,13505,14344,13505,14058,10946,14855,19908,16469,12854,8263,8846,20257,17725,23200,3981,24922,2246,150,25107,1,7:14
2024-25,201988,Patty Mills,Patty,1610612762,UTA,Utah Jazz,0022400661,2025-01-28T00:00:00,UTA @ GSW,L,14.15,0.0,5.1,0.0,0.0,5.1,0.0,0.0,0.0,0.0,0.0,5.1,5.1,0.0,0.0,0.0,0.0,0.0,0.0,0.0,0.0,-38.2,6.1,0,0,5.1,1,13222,1,13222,20109,22635,23397,22635,15070,12988,15070,13505,14344,13505,14058,10606,14552,19908,16469,12854,8263,8846,20257,17725,23200,24715,24903,2246,150,25097,1,14:09
2024-25,1641729,Brice Sensabaugh,Brice,1610612762,UTA,Utah Jazz,0022400661,2025-01-28T00:00:00,UTA @ GSW,L,26.6,4.1,10.8,0.375,0.0,5.4,0.0,2.7,2.7,1.0,0.0,2.7,2.7,1.4,1.4,1.4,0.0,0.0,4.1,1.4,10.8,-2.7,18.8,0,0,17.6,1,13222,1,13222,10642,16948,15644,16299,15070,12178,15070,8567,10732,1,14058,17676,20435,18489,13554,9172,8263,8846,6972,15659,17332,14408,21754,2246,150,22040,1,26:36
2024-25,1628415,Dillon Brooks,Dillon,1610612745,HOU,Houston Rockets,0022400532,2025-01-28T00:00:00,HOU @ ATL,W,32.416666666666664,4.4,13.3,0.333,3.3,8.9,0.375,0.0,0.0,0.0,0.0,2.2,2.2,1.1,3.3,0.0,0.0,1.1,2.2,0.0,12.2,-8.9,13.2,0,0,18.9,1,1,13086,1,5623,15950,11252,17395,5571,4987,8800,13505,14344,13505,14058,19012,21372,19320,5412,12854,8263,6964,14005,17725,15909,17374,23718,2246,150,21440,1,32:25
2024-25,1630166,Deni Avdija,Deni,1610612757,POR,Portland Trail Blazers,0022400662,2025-01-28T00:00:00,POR vs. MIL,W,37.92333333333333,9.5,17.1,0.556,2.8,6.6,0.429,6.6,8.5,0.778,2.8,5.7,8.5,1.9,4.7,1.9,0.0,0.0,3.8,7.6,28.5,6.6,42.5,0,0,45.6,1,1,13086,1,1429,3897,5709,7248,7054,9231,7394,2287,2160,8092,5736,9055,7410,16756,2666,6773,8263,8846,7747,1263,2601,9313,6353,2246,150,3998,1,37:55
2024-25,1626172,Kevon Looney,Kevon,1610612744,GSW,Golden State Warriors,0022400661,2025-01-28T00:00:00,GSW vs. UTA,W,24.083333333333332,4.5,7.5,0.6,0.0,0.0,0.0,0.0,1.5,0.0,7.5,9.0,16.4,3.0,0.0,1.5,3.0,0.0,1.5,3.0,9.0,34.4,46.6,0,0,37.4,1,1,13086,1,12811,15829,20967,5394,15070,20945,15070,13505,13493,13505,965,3546,1289,12971,16469,8434,1716,8846,17241,9298,19117,1459,4475,2246,150,8452,1,24:05
2024-25,1630700,Dyson Daniels,Dyson,1610612737,ATL,Atlanta Hawks,0022400532,2025-01-28T00:00:00,ATL vs. HOU,L,36.696666666666665,3.9,11.8,0.333,1.0,4.9,0.2,2.9,2.9,1.0,2.0,7.8,9.8,5.9,1.0,3.9,1.0,0.0,2.9,2.0,11.8,2.9,46.1,1,0,38.3,1,13222,1,13222,2205,17264,13991,17395,14648,13430,13429,7970,10107,1,8565,4946,5662,5690,15968,1713,7611,8846,10961,13264,16373,11150,4697,1,150,7861,1,36:42
2024-25,1631108,Max Christie,Max,1610612747,LAL,Los Angeles Lakers,0022400660,2025-01-28T00:00:00,LAL @ PHI,L,22.483333333333334,1.6,9.6,0.167,1.6,9.6,0.167,0.0,0.0,0.0,0.0,6.4,6.4,3.2,1.6,0.0,0.0,0.0,1.6,0.0,4.8,-12.8,15.7,0,0,16.0,1,13222,1,13222,14123,22030,17754,21938,11668,3972,14236,13505,14344,13505,14058,7497,11388,12298,12327,12854,8263,8846,16871,17725,22128,19058,22956,2246,150,22702,1,22:29
2024-25,1642348,Justin Edwards,Justin,1610612755,PHI,Philadelphia 76ers,0022400660,2025-01-28T00:00:00,PHI vs. LAL,W,29.266666666666666,3.7,8.6,0.429,1.2,3.7,0.333,0.0,0.0,0.0,0.0,4.9,4.9,3.7,2.5,3.7,0.0,0.0,4.9,0.0,8.6,-11.1,28.7,0,0,25.8,1,1,13086,1,8428,17864,19342,13735,13207,16238,9209,13505,14344,13505,14058,11109,15004,10813,8406,1978,8263,8846,4794,17725,19424,18347,15753,2246,150,17044,1,29:16
2024-25,1626192,Pat Connaughton,Pat,1610612749,MIL,Milwaukee Bucks,0022400662,2025-01-28T00:00:00,MIL @ POR,L,13.566666666666666,5.3,13.3,0.4,0.0,2.7,0.0,0.0,0.0,0.0,2.7,2.7,5.3,5.3,2.7,0.0,2.7,0.0,2.7,0.0,10.6,5.3,30.3,0,0,26.5,1,13222,1,13222,20447,13511,11362,14933,15070,18343,15070,13505,14344,13505,6220,17804,14027,6801,7678,12854,2146,8846,12228,17725,17541,9945,14622,2246,150,16510,1,13:34
2024-25,1630559,Austin Reaves,Austin,1610612747,LAL,Los Angeles Lakers,0022400660,2025-01-28T00:00:00,LAL @ PHI,L,33.5,6.4,10.7,0.6,1.1,3.2,0.333,0.0,0.0,0.0,0.0,6.4,6.4,8.6,3.2,1.1,0.0,0.0,1.1,3.2,14.0,-4.3,34.6,0,0,32.2,1,13222,1,13222,4727,10317,15783,5394,14100,17224,9209,13505,14344,13505,14058,7414,11281,2344,5742,11236,8263,8846,19245,8481,13967,15221,11373,2246,150,12176,1,33:30
2024-25,1630541,Moses Moody,Moses,1610612744,GSW,Golden State Warriors,0022400661,2025-01-28T00:00:00,GSW vs. UTA,W,27.45,5.2,11.8,0.444,3.9,7.9,0.5,5.2,6.6,0.8,0.0,5.2,5.2,3.9,0.0,0.0,0.0,0.0,5.2,3.9,19.7,-2.6,31.9,0,0,32.8,1,1,13086,1,9976,13678,13924,13045,4125,6674,3944,3713,3824,7681,14058,10169,14171,10118,16469,12854,8263,8846,4114,6474,8184,14369,13426,2246,150,11818,1,27:27
2024-25,1631157,Ryan Rollins,Ryan,1610612749,MIL,Milwaukee Bucks,0022400662,2025-01-28T00:00:00,MIL @ POR,L,15.15,9.5,11.9,0.8,2.4,4.8,0.5,0.0,0.0,0.0,2.4,0.0,2.4,0.0,0.0,0.0,0.0,0.0,7.1,0.0,21.4,-16.6,24.2,0,0,26.1,1,13222,1,13222,19468,3875,13798,1688,8561,13827,3944,13505,14344,13505,6997,22137,21053,19908,16469,12854,8263,8846,1870,17725,6740,20489,18780,2246,150,16845,1,15:09
2024-25,1630256,Jae'Sean Tate,Jae'Sean,1610612745,HOU,Houston Rockets,0022400532,2025-01-28T00:00:00,HOU @ ATL,W,25.311666666666667,8.5,8.5,1.0,0.0,0.0,0.0,5.7,7.1,0.8,0.0,4.3,4.3,0.0,0.0,5.7,0.0,0.0,1.4,7.1,22.8,21.3,44.9,0,0,38.4,1,1,13086,1,11742,5557,19442,1,15070,20945,15070,3191,3254,7681,14058,12910,16622,19908,16469,572,8263,8846,17532,1572,5658,3616,5208,2246,150,7765,1,25:19
2024-25,1629629,Cam Reddish,Cam,1610612747,LAL,Los Angeles Lakers,0022400660,2025-01-28T00:00:00,LAL @ PHI,L,17.933333333333334,2.0,2.0,1.0,0.0,0.0,0.0,6.0,10.0,0.6,0.0,2.0,2.0,0.0,0.0,2.0,0.0,0.0,2.0,6.0,10.0,10.0,18.5,0,0,16.1,1,13222,1,13222,17607,21395,24759,1,15070,20945,15070,2832,1349,10343,14058,19640,21784,19908,16469,6218,8263,8846,15101,2592,18124,7680,21905,2246,150,22682,1,17:56
2024-25,203937,Kyle Anderson,Kyle,1610612744,GSW,Golden State Warriors,0022400661,2025-01-28T00:00:00,GSW vs. UTA,W,10.916666666666666,9.9,13.2,0.75,0.0,0.0,0.0,0.0,0.0,0.0,3.3,3.3,6.6,0.0,0.0,0.0,0.0,0.0,0.0,3.3,19.8,-13.2,27.7,0,0,26.4,1,1,13086,1,21746,3340,11495,2107,15070,20945,15070,13505,14344,13505,4754,15800,10964,19908,16469,12854,8263,8846,20257,8259,8085,19192,16425,2246,150,16638,1,10:55
2024-25,203471,Dennis Schröder,Dennis,1610612744,GSW,Golden State Warriors,0022400661,2025-01-28T00:00:00,GSW vs. UTA,W,33.833333333333336,8.5,21.3,0.4,5.3,13.8,0.385,2.1,2.1,1.0,0.0,5.3,5.3,4.3,2.1,3.2,0.0,0.0,4.3,2.1,24.5,3.2,44.7,0,0,45.8,1,1,13086,1,4412,5593,2168,14933,1929,981,8766,10205,12327,1,14058,9979,13988,9238,9856,2760,8263,8846,6413,12489,4505,11022,5337,2246,150,3909,1,33:50
2024-25,1629012,Collin Sexton,Collin,1610612762,UTA,Utah Jazz,0022400661,2025-01-28T00:00:00,UTA @ GSW,L,34.483333333333334,12.5,19.8,0.632,4.2,6.3,0.667,2.1,2.1,1.0,0.0,2.1,2.1,4.2,1.0,2.1,0.0,1.0,4.2,2.1,31.3,-5.2,45.3,0,0,45.9,1,13222,1,13222,3866,1229,3074,4871,3620,10055,1957,10334,12463,1,14058,19394,21638,9452,15530,5845,8263,7537,6621,12674,1691,15706,5034,2246,150,3842,1,34:29
2024-25,1630194,Paul Reed,Paul,1610612765,DET,Detroit Pistons,0022400649,2025-01-27T00:00:00,DET @ CLE,L,3.3666666666666667,0.0,0.0,0.0,0.0,0.0,0.0,0.0,0.0,0.0,0.0,0.0,0.0,10.7,0.0,10.7,0.0,0.0,10.7,0.0,0.0,0.0,48.1,0,0,32.1,1,13222,1,13222,24790,22635,24836,22635,15070,20945,15070,13505,14344,13505,14058,22137,23286,1109,16469,104,8263,8846,579,17725,23200,12240,3937,2246,150,12318,1,3:22
2024-25,1641763,Julian Phillips,Julian,1610612741,CHI,Chicago Bulls,0022400655,2025-01-27T00:00:00,CHI vs. DEN,W,5.666666666666667,6.4,6.4,1.0,6.4,6.4,1.0,0.0,0.0,0.0,0.0,0.0,0.0,12.7,0.0,0.0,0.0,0.0,12.7,0.0,19.1,-19.1,38.1,0,0,38.1,1,1,13086,1,23718,10554,22263,1,1084,9865,1,13505,14344,13505,14058,22137,23286,585,16469,12854,8263,8846,363,17725,8788,21256,8949,2246,150,7947,1,5:40
2024-25,1641730,Noah Clowney,Noah,1610612751,BKN,Brooklyn Nets,0022400651,2025-01-27T00:00:00,BKN vs. SAC,L,12.466666666666667,5.8,20.2,0.286,5.8,20.2,0.286,0.0,0.0,0.0,0.0,2.9,2.9,0.0,2.9,0.0,0.0,0.0,0.0,0.0,17.3,-20.2,17.9,0,0,26.0,1,13222,1,13222,21015,12181,2819,19630,1507,225,11433,13505,14344,13505,14058,17121,20021,19908,6889,12854,8263,8846,20257,17725,10503,21615,22137,2246,150,16941,1,12:28
2024-25,1629610,DaQuan Jeffries,DaQuan,1610612766,CHA,Charlotte Hornets,0022400648,2025-01-27T00:00:00,CHA vs. LAL,L,12.5,2.9,5.8,0.5,2.9,5.8,0.5,5.8,5.8,1.0,8.6,5.8,14.4,5.8,0.0,0.0,0.0,0.0,8.6,5.8,14.4,14.4,40.3,0,0,37.4,1,13222,1,13222,20992,19710,22854,8526,6939,11296,3944,3123,4801,1,628,8882,2044,5928,16469,12854,8263,8846,1078,2956,13498,5859,7558,2246,150,8402,1,12:30
2024-25,1630596,Evan Mobley,Evan,1610612739,CLE,Cleveland Cavaliers,0022400649,2025-01-27T00:00:00,CLE vs. DET,W,27.95,5.2,11.6,0.444,0.0,2.6,0.0,3.9,6.4,0.6,6.4,11.6,18.0,3.9,0.0,2.6,2.6,0.0,0.0,2.6,14.2,15.5,57.1,1,0,46.4,1,1,13086,1,9582,13947,14320,13045,15070,18485,15070,5947,3950,10343,1397,1565,892,10324,16469,4189,2252,8846,20257,10717,13765,5449,1625,1,150,3704,1,27:57
2024-25,1628988,Aaron Holiday,Aaron,1610612745,HOU,Houston Rockets,0022400650,2025-01-27T00:00:00,HOU @ BOS,W,14.603333333333333,4.9,9.9,0.5,2.5,4.9,0.5,0.0,0.0,0.0,0.0,0.0,0.0,2.5,2.5,0.0,0.0,0.0,9.9,2.5,12.3,-22.2,13.6,0,0,17.3,1,1,13086,1,19824,14608,17315,8526,8270,13366,3944,13505,14344,13505,14058,22137,23286,14666,8388,12854,8263,8846,730,11119,15797,22130,23617,2246,150,22189,1,14:36
2024-25,1630556,Kessler Edwards,Kessler,1610612742,DAL,Dallas Mavericks,0022400657,2025-01-27T00:00:00,DAL vs. WAS,W,23.283333333333335,3.1,4.6,0.667,1.5,3.1,0.5,0.0,0.0,0.0,1.5,9.3,10.8,3.1,0.0,1.5,0.0,0.0,3.1,0.0,7.7,-13.9,30.0,0,0,26.3,1,1,13086,1,13481,19217,23723,3281,11877,17469,3944,13505,14344,13505,10130,3226,4574,12624,16469,8212,8263,8846,10297,17725,20145,19471,14801,2246,150,16730,1,23:17
2024-25,1631094,Paolo Banchero,Paolo,1610612753,ORL,Orlando Magic,0022400652,2025-01-27T00:00:00,ORL @ MIA,L,44.39666666666667,5.7,17.0,0.333,1.6,6.5,0.25,0.8,2.4,0.333,0.0,4.1,4.1,4.9,4.1,0.8,0.0,0.0,2.4,2.4,13.8,-17.0,24.3,0,0,25.9,1,13222,1,13222,79,12495,5771,17395,11621,9575,11902,13495,11377,13132,14058,13563,17177,7764,3774,12829,8263,8846,13059,11213,14187,20631,18736,2246,150,16980,1,44:24
2024-25,1630175,Cole Anthony,Cole,1610612753,ORL,Orlando Magic,0022400652,2025-01-27T00:00:00,ORL @ MIA,L,17.735,0.0,4.1,0.0,0.0,2.0,0.0,0.0,0.0,0.0,0.0,4.1,4.1,14.2,0.0,2.0,2.0,0.0,10.1,0.0,0.0,30.4,38.4,0,0,26.4,1,13222,1,13222,17751,22635,24069,22635,15070,19502,15070,13505,14344,13505,14058,13550,17163,371,16469,6115,3399,8846,671,17725,23200,1904,8797,2246,150,16631,1,17:44
2024-25,1628436,Luke Kornet,Luke,1610612738,BOS,Boston Celtics,0022400650,2025-01-27T00:00:00,BOS vs. HOU,L,33.18333333333333,8.7,9.8,0.889,0.0,0.0,0.0,2.2,2.2,1.0,2.2,5.4,7.6,1.1,3.3,1.1,1.1,0.0,3.3,4.3,19.5,-1.1,33.5,0,0,32.5,1,13222,1,13222,4996,5296,17448,1318,15070,20945,15070,10053,12183,1,7687,9730,8982,19397,5647,11148,6891,8846,9635,5496,8338,13602,12179,2246,150,11973,1,33:11
2024-25,1631106,Tari Eason,Tari,1610612745,HOU,Houston Rockets,0022400650,2025-01-27T00:00:00,HOU @ BOS,W,24.703333333333333,2.9,14.6,0.2,2.9,10.2,0.286,0.0,0.0,0.0,0.0,8.7,8.7,2.9,0.0,1.5,0.0,0.0,2.9,0.0,8.7,-4.4,28.0,0,0,26.2,1,1,13086,1,12271,19621,9249,21401,6817,3275,11433,13505,14344,13505,14058,3786,7117,13228,16469,8598,8263,8846,11120,17725,19312,15258,16244,2246,150,16775,1,24:42
2024-25,1630208,Nick Richards,Nick,1610612756,PHX,Phoenix Suns,0022400659,2025-01-27T00:00:00,PHX vs. LAC,W,20.466666666666665,5.3,12.3,0.429,0.0,1.8,0.0,0.0,0.0,0.0,5.3,7.0,12.3,0.0,5.3,0.0,1.8,1.8,7.0,1.8,10.6,-28.1,25.3,0,0,26.4,1,1,13086,1,15662,13608,13055,13735,15070,19974,15070,13505,14344,13505,2117,6296,3260,19908,2035,12854,4146,4009,1950,14079,17608,23464,18054,2246,150,16635,1,20:28
2024-25,1628415,Dillon Brooks,Dillon,1610612745,HOU,Houston Rockets,0022400650,2025-01-27T00:00:00,HOU @ BOS,W,40.266666666666666,11.6,20.6,0.565,8.9,13.4,0.667,0.0,0.9,0.0,1.8,0.9,2.7,0.0,0.9,0.9,0.0,0.0,2.7,2.7,32.2,14.3,37.2,0,0,45.6,1,1,13086,1,500,1792,2607,7102,305,1129,1957,13505,14322,13505,9284,22104,20491,19908,16362,12690,8263,8846,12115,10371,1487,5887,9542,2246,150,3984,1,40:16
2024-25,1629008,Michael Porter Jr.,Michael,1610612743,DEN,Denver Nuggets,0022400655,2025-01-27T00:00:00,DEN @ CHI,L,31.8,7.9,17.0,0.467,2.3,9.1,0.25,2.3,2.3,1.0,2.3,5.7,7.9,0.0,2.3,1.1,0.0,0.0,2.3,1.1,20.4,1.1,31.0,0,0,32.8,1,13222,1,13222,6154,6803,5827,12249,8991,4728,11902,9738,11888,1,7366,9141,8415,19908,9241,10742,8263,8846,13803,16754,7595,12059,14046,2246,150,11781,1,31:48
2024-25,1631165,Keon Ellis,Keon,1610612758,SAC,Sacramento Kings,0022400651,2025-01-27T00:00:00,SAC @ BKN,W,30.25,4.8,10.7,0.444,3.6,7.1,0.5,0.0,0.0,0.0,1.2,0.0,1.2,2.4,1.2,3.6,2.4,0.0,1.2,2.4,13.1,4.8,34.8,0,0,32.1,1,1,13086,1,7548,15083,15864,13045,4979,8162,3944,13505,14344,13505,11865,22137,22950,14948,14514,2136,2592,8846,18586,11428,14990,10247,11247,2246,150,12277,1,30:15
2024-25,2544,LeBron James,LeBron,1610612747,LAL,Los Angeles Lakers,0022400648,2025-01-27T00:00:00,LAL @ CHA,W,36.416666666666664,8.9,16.8,0.529,1.0,7.9,0.125,3.0,4.9,0.6,0.0,6.9,6.9,7.9,4.9,0.0,0.0,0.0,0.0,4.0,21.7,-1.0,37.0,0,0,37.6,1,1,13086,1,2394,4892,6036,8281,14609,6612,14886,7905,6037,10343,14058,6503,10290,2987,2406,12854,8263,8846,20257,6443,6426,13528,9714,2246,150,8313,1,36:25
2024-25,1630631,Jose Alvarado,Jose,1610612740,NOP,New Orleans Pelicans,0022400654,2025-01-27T00:00:00,NOP @ TOR,L,17.82,0.0,4.0,0.0,0.0,4.0,0.0,0.0,0.0,0.0,2.0,4.0,6.1,6.1,0.0,0.0,2.0,0.0,2.0,0.0,0.0,-40.4,22.4,0,0,16.2,1,13222,1,13222,17697,22635,24083,22635,15070,15498,15070,13505,14344,13505,8299,13593,12137,5379,16469,12854,3419,8846,15028,17725,23200,24870,19917,2246,150,22650,1,17:49
2024-25,1629659,Talen Horton-Tucker,Talen,1610612741,CHI,Chicago Bulls,0022400655,2025-01-27T00:00:00,CHI vs. DEN,W,4.283333333333333,0.0,8.4,0.0,0.0,8.4,0.0,0.0,0.0,0.0,0.0,8.4,8.4,8.4,0.0,0.0,0.0,0.0,16.8,0.0,0.0,-50.4,22.7,0,0,16.8,1,1,13086,1,24336,22635,19633,22635,15070,5728,15070,13505,14344,13505,14058,4155,7611,2504,16469,12854,8263,8846,185,17725,23200,25413,19753,2246,150,22377,1,4:17
2024-25,1642281,Jaylon Tyson,Jaylon,1610612739,CLE,Cleveland Cavaliers,0022400649,2025-01-27T00:00:00,CLE vs. DET,W,13.966666666666667,2.6,10.3,0.25,2.6,10.3,0.25,5.2,5.2,1.0,0.0,5.2,5.2,5.2,0.0,0.0,0.0,0.0,2.6,2.6,12.9,10.3,26.8,0,0,25.8,1,1,13086,1,20214,20315,16544,20233,7896,3145,11902,3816,5673,1,14058,10405,14384,7122,16469,12854,8263,8846,12501,10711,15211,7556,17080,2246,150,17085,1,13:58
2024-25,1628378,Donovan Mitchell,Donovan,1610612739,CLE,Cleveland Cavaliers,0022400649,2025-01-27T00:00:00,CLE vs. DET,W,30.9,7.0,14.0,0.5,2.3,7.0,0.333,8.2,8.2,1.0,0.0,2.3,2.3,7.0,1.2,1.2,0.0,0.0,0.0,4.7,24.5,18.6,40.1,0,0,38.4,1,1,13086,1,6960,8955,10200,8526,8738,8480,9209,1339,2406,1,14058,18679,21137,4009,14690,10464,8263,8846,20257,4805,4510,4363,7712,2246,150,7735,1,30:54
2024-25,1630532,Franz Wagner,Franz,1610612753,ORL,Orlando Magic,0022400652,2025-01-27T00:00:00,ORL @ MIA,L,39.833333333333336,9.0,22.6,0.4,1.8,9.0,0.2,6.3,9.0,0.7,0.0,7.2,7.2,2.7,2.7,0.0,0.0,0.0,1.8,5.4,26.2,-7.2,36.2,0,0,38.0,1,13222,1,13222,605,4632,1548,14933,11048,4762,13429,2564,1844,9366,14058,5944,9687,13876,7496,12854,8263,8846,16145,3446,3580,16602,10210,2246,150,8054,1,39:50
2024-25,1628389,Bam Adebayo,Bam,1610612748,MIA,Miami Heat,0022400652,2025-01-27T00:00:00,MIA vs. ORL,W,44.49666666666667,8.1,12.1,0.667,0.0,0.0,0.0,4.9,6.5,0.75,0.8,7.3,8.1,7.3,2.4,0.8,0.0,0.8,3.2,5.7,21.0,15.4,41.7,1,0,38.0,1,1,13086,1,72,6439,13343,3281,15070,20945,15070,4261,3910,8186,14038,5854,8112,3636,8542,12831,8263,8823,9714,3093,7057,5479,6791,1,150,8017,1,44:30
2024-25,1641783,Tristan da Silva,Tristan,1610612753,ORL,Orlando Magic,0022400652,2025-01-27T00:00:00,ORL @ MIA,L,33.71666666666667,6.4,13.9,0.462,5.3,8.5,0.625,0.0,0.0,0.0,4.3,2.1,6.4,5.3,2.1,0.0,1.1,1.1,1.1,0.0,18.2,22.4,34.9,0,0,37.4,1,13222,1,13222,4521,10422,10379,12428,1911,5508,2868,13505,14344,13505,3212,19252,11381,6748,9805,12854,7005,7328,19287,17725,9673,3377,11115,2246,150,8452,1,33:43
2024-25,1626157,Karl-Anthony Towns,Karl-Anthony,1610612752,NYK,New York Knicks,0022400653,2025-01-27T00:00:00,NYK vs. MEM,W,32.833333333333336,9.9,18.6,0.529,2.2,4.4,0.5,4.4,4.4,1.0,6.6,5.5,12.1,1.1,2.2,2.2,0.0,2.2,1.1,4.4,26.3,25.2,46.8,1,0,46.1,1,1,13086,1,5298,3379,4081,8281,9260,14718,3944,5014,7056,1,1345,9584,3443,19354,9534,5422,8263,2659,19119,5387,3529,2768,4391,1,150,3800,1,32:50
2024-25,1629656,Quentin Grimes,Quentin,1610612742,DAL,Dallas Mavericks,0022400657,2025-01-27T00:00:00,DAL vs. WAS,W,24.766666666666666,4.4,11.6,0.375,4.4,8.7,0.5,0.0,0.0,0.0,0.0,5.8,5.8,8.7,2.9,0.0,0.0,0.0,2.9,0.0,13.1,7.3,30.2,0,0,32.0,1,1,13086,1,12199,16168,14262,16299,3301,5230,3944,13505,14344,13505,14058,8765,12735,2253,6810,12854,8263,8846,11160,17725,15007,9008,14643,2246,150,12405,1,24:46
2024-25,1629660,Ty Jerome,Ty,1610612739,CLE,Cleveland Cavaliers,0022400649,2025-01-27T00:00:00,CLE vs. DET,W,23.266666666666666,10.8,17.0,0.636,1.5,4.6,0.333,0.0,0.0,0.0,1.5,1.5,3.1,4.6,0.0,0.0,0.0,0.0,1.5,0.0,23.2,3.1,33.9,0,0,32.5,1,1,13086,1,13494,2389,5788,4689,11869,14108,9209,13505,14344,13505,10125,20777,19486,8324,16469,12854,8263,8846,17059,17725,5349,11060,11900,2246,150,11996,1,23:16
2024-25,1641711,Gradey Dick,Gradey,1610612761,TOR,Toronto Raptors,0022400654,2025-01-27T00:00:00,TOR vs. NOP,W,19.196666666666665,5.6,15.0,0.375,1.9,7.5,0.25,5.6,5.6,1.0,1.9,9.4,11.3,0.0,0.0,0.0,0.0,1.9,9.4,1.9,18.8,15.0,32.3,0,0,31.9,1,1,13086,1,16678,12629,8602,16299,10744,7394,11902,3284,5008,1,8921,3133,4193,19908,16469,12854,8263,3645,848,13608,9076,5625,13125,2246,150,12474,1,19:12
2024-25,204001,Kristaps Porziņģis,Kristaps,1610612738,BOS,Boston Celtics,0022400650,2025-01-27T00:00:00,BOS vs. HOU,L,25.455,8.5,11.3,0.75,4.2,5.7,0.75,2.8,2.8,1.0,2.8,8.5,11.3,2.8,1.4,0.0,1.4,0.0,7.1,2.8,24.0,4.2,44.7,0,0,45.3,1,13222,1,13222,11621,5638,14803,2107,3497,11559,1542,8266,10413,1,5785,4065,4119,13501,13205,12854,5170,8846,1924,9866,4772,10522,5333,2246,150,4124,1,25:27
2024-25,203932,Aaron Gordon,Aaron,1610612743,DEN,Denver Nuggets,0022400655,2025-01-27T00:00:00,DEN @ CHI,L,22.016666666666666,4.9,14.7,0.333,0.0,3.3,0.0,0.0,0.0,0.0,1.6,1.6,3.3,6.5,0.0,3.3,0.0,1.6,0.0,1.6,9.8,-14.7,33.4,0,0,26.2,1,13222,1,13222,14487,14663,9026,17395,15070,17135,15070,13505,14344,13505,9796,20593,19061,4645,16469,2617,8263,4347,20257,14502,18344,19794,12295,2246,150,16823,1,22:01
2024-25,202681,Kyrie Irving,Kyrie,1610612742,DAL,Dallas Mavericks,0022400657,2025-01-27T00:00:00,DAL vs. WAS,W,27.966666666666665,5.1,11.6,0.444,2.6,7.7,0.333,3.9,5.1,0.75,0.0,6.4,6.4,6.4,1.3,0.0,0.0,0.0,3.9,3.9,16.7,29.6,32.8,0,0,32.2,1,1,13086,1,9569,13952,14336,13045,7900,6955,9209,5956,5683,8186,14058,7434,11306,4804,13864,12854,8263,8846,7573,6674,11133,2015,12706,2246,150,12235,1,27:58
2024-25,1630245,Ayo Dosunmu,Ayo,1610612741,CHI,Chicago Bulls,0022400655,2025-01-27T00:00:00,CHI vs. DEN,W,34.43333333333333,6.3,13.6,0.462,4.2,7.3,0.571,1.0,2.1,0.5,2.1,0.0,2.1,2.1,2.1,2.1,1.0,1.0,1.0,1.0,17.8,20.9,30.7,0,0,32.4,1,1,13086,1,3903,10785,10843,12428,3601,7784,3506,13093,12452,10625,7987,22137,21628,16031,10038,5827,7164,7529,19444,17189,10059,3721,14246,2246,150,12054,1,34:26
2024-25,1631099,Keegan Murray,Keegan,1610612758,SAC,Sacramento Kings,0022400651,2025-01-27T00:00:00,SAC @ BKN,W,24.473333333333333,5.9,10.3,0.571,1.5,4.4,0.333,0.0,0.0,0.0,1.5,2.9,4.4,1.5,1.5,2.9,0.0,0.0,5.9,1.5,13.2,29.4,28.1,0,0,26.5,1,1,13086,1,12510,11850,16566,6538,12155,14646,9209,13505,14344,13505,10432,16926,16253,18089,12897,3291,8263,8846,3093,15125,14826,2049,16144,2246,150,16559,1,24:28
2024-25,203903,Jordan Clarkson,Jordan,1610612762,UTA,Utah Jazz,0022400658,2025-01-27T00:00:00,UTA vs. MIL,L,21.683333333333334,6.6,19.9,0.333,6.6,13.3,0.5,1.7,3.3,0.5,1.7,3.3,5.0,8.3,1.7,0.0,0.0,1.7,5.0,3.3,21.6,13.3,38.4,0,0,41.5,1,13222,1,13222,14767,9842,3021,17395,930,1172,3944,11487,9258,10625,9716,15735,14846,2613,12093,12854,8263,4255,4653,8197,6564,6264,8807,2246,150,5910,1,21:41
2024-25,1631217,Moussa Diabaté,Moussa,1610612766,CHA,Charlotte Hornets,0022400648,2025-01-27T00:00:00,CHA vs. LAL,L,10.741666666666667,6.7,13.4,0.5,0.0,0.0,0.0,0.0,0.0,0.0,6.7,6.7,13.4,0.0,0.0,0.0,0.0,3.4,3.4,0.0,13.4,26.8,29.5,0,0,26.8,1,13222,1,13222,21832,9673,11145,8526,15070,20945,15070,13505,14344,13505,1276,6885,2545,19908,16469,12854,8263,1027,9243,17725,14613,2466,15158,2246,150,16311,1,10:45
2024-25,1629622,Max Strus,Max,1610612739,CLE,Cleveland Cavaliers,0022400649,2025-01-27T00:00:00,CLE vs. DET,W,26.2,5.5,12.4,0.444,2.7,9.6,0.286,0.0,0.0,0.0,1.4,9.6,11.0,2.7,1.4,1.4,1.4,0.0,2.7,2.7,13.7,27.5,37.9,0,0,35.7,1,1,13086,1,11004,12981,12948,13045,7380,3957,11433,13505,14344,13505,10859,2903,4414,13753,13433,9042,5336,8846,11846,10152,14234,2346,9065,2246,150,9556,1,26:12
2024-25,1629012,Collin Sexton,Collin,1610612762,UTA,Utah Jazz,0022400658,2025-01-27T00:00:00,UTA vs. MIL,L,26.65,8.1,17.6,0.462,4.1,6.8,0.6,5.4,6.8,0.8,5.4,1.4,6.8,5.4,0.0,0.0,0.0,1.4,2.7,5.4,25.7,-17.6,41.9,0,0,41.9,1,13222,1,13222,10604,6397,5182,12428,3884,9010,2992,3527,3606,7681,2013,21182,10624,6631,16469,12854,8263,5397,12039,3475,3842,20800,6687,2246,150,5712,1,26:39
2024-25,1631109,Mark Williams,Mark,1610612766,CHA,Charlotte Hornets,0022400648,2025-01-27T00:00:00,CHA vs. LAL,L,33.30833333333333,5.4,14.1,0.385,0.0,0.0,0.0,1.1,2.2,0.5,3.2,5.4,8.6,5.4,1.1,1.1,1.1,0.0,4.3,1.1,11.9,-10.8,35.8,0,0,30.3,1,13222,1,13222,4895,13268,10093,16070,15070,20945,15070,12970,12210,10625,4858,9777,7236,6629,15270,11188,6916,8846,6210,16999,16252,18235,10522,2246,150,13750,1,33:19
2024-25,1630553,Keon Johnson,Keon,1610612751,BKN,Brooklyn Nets,0022400651,2025-01-27T00:00:00,BKN vs. SAC,L,22.716666666666665,6.3,15.8,0.4,3.2,11.1,0.286,0.0,3.2,0.0,0.0,3.2,3.2,4.8,0.0,0.0,0.0,0.0,6.3,1.6,15.8,-1.6,26.8,0,0,26.9,1,13222,1,13222,13938,10590,7350,14933,6037,2417,11433,13505,9569,13505,14058,16193,19309,8036,16469,12854,8263,8846,2556,14677,12084,13832,17097,2246,150,16197,1,22:43
2024-25,1641709,Ausar Thompson,Ausar,1610612765,DET,Detroit Pistons,0022400649,2025-01-27T00:00:00,DET @ CLE,L,20.283333333333335,0.0,10.6,0.0,0.0,3.5,0.0,0.0,0.0,0.0,5.3,5.3,10.6,3.5,1.8,1.8,1.8,1.8,0.0,1.8,0.0,-17.7,27.0,0,0,21.3,1,13222,1,13222,15795,22635,15968,22635,15070,16548,15070,13505,14344,13505,2069,9973,4764,11251,11651,7355,4114,3965,20257,14022,23200,20850,16965,2246,150,20099,1,20:17
2024-25,1629639,Tyler Herro,Tyler,1610612748,MIA,Miami Heat,0022400652,2025-01-27T00:00:00,MIA vs. ORL,W,47.81666666666667,9.0,21.1,0.429,3.0,11.3,0.267,1.5,2.3,0.667,0.0,6.0,6.0,9.0,3.8,0.0,0.8,1.5,0.8,0.8,22.6,7.5,41.9,1,0,42.2,1,1,13086,1,16,4640,2291,13735,6468,2261,11897,11787,11909,9425,14058,8276,12222,1991,4406,12854,8260,4756,20254,17723,5790,8871,6699,1,150,5565,1,47:49
2024-25,1642274,Yves Missi,Yves,1610612740,NOP,New Orleans Pelicans,0022400654,2025-01-27T00:00:00,NOP @ TOR,L,21.833333333333332,0.0,0.0,0.0,0.0,0.0,0.0,0.0,0.0,0.0,0.0,8.2,8.2,0.0,1.6,1.6,4.9,0.0,1.6,0.0,0.0,-21.4,28.0,0,0,21.4,1,13222,1,13222,14630,22635,24836,22635,15070,20945,15070,13505,14344,13505,14058,4357,7863,19908,12144,7820,533,8846,16711,17725,23200,21949,16210,2246,150,20013,1,21:50
2024-25,1627752,Taurean Prince,Taurean,1610612749,MIL,Milwaukee Bucks,0022400658,2025-01-27T00:00:00,MIL @ UTA,W,32.13333333333333,2.2,6.7,0.333,2.2,5.6,0.4,0.0,0.0,0.0,0.0,4.5,4.5,9.0,1.1,2.2,0.0,0.0,4.5,1.1,6.7,3.4,31.1,0,0,26.9,1,1,13086,1,5859,20964,21868,17395,9083,11717,7874,13505,14344,13505,14058,12303,16092,2053,15005,5243,8263,8846,5816,16820,20905,10942,13949,2246,150,16235,1,32:08
2024-25,1627749,Dejounte Murray,Dejounte,1610612740,NOP,New Orleans Pelicans,0022400654,2025-01-27T00:00:00,NOP @ TOR,L,36.46666666666667,4.9,16.8,0.294,0.0,3.9,0.0,10.9,13.8,0.786,1.0,5.9,6.9,7.9,1.0,2.0,1.0,2.0,1.0,8.9,20.7,3.0,48.8,0,0,41.5,1,13222,1,13222,2359,14589,6069,19598,15070,15679,15070,505,472,8082,13357,8499,10311,3003,15928,6368,7556,3301,19779,698,7291,11139,3712,2246,150,5939,1,36:28
2024-25,1630595,Cade Cunningham,Cade,1610612765,DET,Detroit Pistons,0022400649,2025-01-27T00:00:00,DET @ CLE,L,32.78333333333333,9.9,28.6,0.346,0.0,4.4,0.0,4.4,4.4,1.0,0.0,3.3,3.3,7.7,2.2,0.0,0.0,1.1,3.3,4.4,24.2,-17.6,37.4,0,0,35.1,1,13222,1,13222,5340,3355,358,17386,15070,14704,15070,5007,7045,1,14058,15809,19005,3196,9523,12854,8263,7056,9475,5372,4698,20806,9380,2246,150,9998,1,32:47
2024-25,202696,Nikola Vučević,Nikola,1610612741,CHI,Chicago Bulls,0022400655,2025-01-27T00:00:00,CHI vs. DEN,W,34.36666666666667,9.4,24.1,0.391,2.1,9.4,0.222,0.0,0.0,0.0,4.2,6.3,10.5,6.3,4.2,1.0,0.0,1.0,1.0,0.0,21.0,2.1,41.9,1,0,41.9,1,1,13086,1,3950,3984,1032,15984,9708,4216,13288,13505,14344,13505,3311,7720,4933,5049,3520,11518,8263,7515,19425,17725,7125,11576,6667,1,150,5700,1,34:22
2024-25,1629636,Darius Garland,Darius,1610612739,CLE,Cleveland Cavaliers,0022400649,2025-01-27T00:00:00,CLE vs. DET,W,31.466666666666665,9.2,21.7,0.421,3.4,12.6,0.273,3.4,3.4,1.0,1.1,4.6,5.7,8.0,3.4,0.0,0.0,1.1,0.0,3.4,25.2,20.6,40.6,0,0,42.3,1,1,13086,1,6437,4432,1937,14442,5310,1487,11838,6829,9024,1,12166,12057,12966,2882,5163,12854,8263,6687,20257,7863,4145,3784,7387,2246,150,5485,1,31:28
2024-25,1629020,Jarred Vanderbilt,Jarred,1610612747,LAL,Los Angeles Lakers,0022400648,2025-01-27T00:00:00,LAL @ CHA,W,13.183333333333334,5.5,13.7,0.4,0.0,2.7,0.0,0.0,0.0,0.0,2.7,2.7,5.5,2.7,2.7,5.5,0.0,0.0,2.7,2.7,10.9,8.2,35.2,0,0,30.0,1,1,13086,1,20660,13100,10727,14933,15070,18200,15070,13505,14344,13505,6028,17602,13640,13818,7434,652,8263,8846,11910,10230,17242,8536,10916,2246,150,13915,1,13:11
2024-25,203078,Bradley Beal,Bradley,1610612756,PHX,Phoenix Suns,0022400659,2025-01-27T00:00:00,PHX vs. LAC,W,33.266666666666666,3.2,8.7,0.375,1.1,5.4,0.2,2.2,2.2,1.0,1.1,1.1,2.2,4.3,4.3,2.2,0.0,0.0,2.2,3.2,9.7,10.8,21.0,0,0,21.6,1,1,13086,1,4928,18902,19261,16299,14057,12188,13429,10070,12200,1,12615,21800,21485,9058,3256,5527,8263,8846,14275,8418,18406,7318,20691,2246,150,19868,1,33:16
2024-25,1628960,Grayson Allen,Grayson,1610612756,PHX,Phoenix Suns,0022400659,2025-01-27T00:00:00,PHX vs. LAC,W,27.665,7.8,13.0,0.6,5.2,9.1,0.571,2.6,5.2,0.5,0.0,7.8,7.8,0.0,0.0,1.3,1.3,0.0,0.0,2.6,23.4,15.6,40.6,0,0,41.6,1,1,13086,1,9828,7049,11828,5394,2049,4653,3506,8795,5602,10625,14058,4998,8602,19908,16469,9445,5640,8846,20257,10636,5185,5383,7397,2246,150,5827,1,27:40
2024-25,1631098,Johnny Davis,Johnny,1610612764,WAS,Washington Wizards,0022400657,2025-01-27T00:00:00,WAS @ DAL,L,6.083333333333333,5.9,11.8,0.5,0.0,0.0,0.0,0.0,0.0,0.0,5.9,5.9,11.8,5.9,0.0,5.9,0.0,0.0,5.9,5.9,11.8,23.7,52.7,0,0,41.4,1,13222,1,13222,23565,11749,13883,8526,15070,20945,15070,13505,14344,13505,1663,8508,3625,5638,16469,497,8263,8846,3050,2726,16306,3113,2542,2246,150,5966,1,6:05
2024-25,1630583,Santi Aldama,Santi,1610612763,MEM,Memphis Grizzlies,0022400653,2025-01-27T00:00:00,MEM @ NYK,L,22.168333333333333,8.1,14.6,0.556,0.0,1.6,0.0,0.0,0.0,0.0,3.2,3.2,6.5,1.6,3.2,0.0,3.2,0.0,0.0,0.0,16.2,-16.2,33.0,0,0,30.9,1,13222,1,13222,14370,6373,9176,7248,15070,20140,15070,13505,14344,13505,4853,15945,11188,17587,5672,12854,1433,8846,20257,17725,11679,20333,12614,2246,150,13297,1,22:10
2024-25,1628971,Bruce Brown,Bruce,1610612761,TOR,Toronto Raptors,0022400654,2025-01-27T00:00:00,TOR vs. NOP,W,28.883333333333333,5.0,10.0,0.5,0.0,0.0,0.0,5.0,5.0,1.0,2.5,8.7,11.2,2.5,2.5,3.7,0.0,1.2,1.2,3.7,15.0,5.0,40.9,0,0,36.1,1,1,13086,1,8775,14427,17101,8526,15070,20945,15070,4062,5946,1,6625,3805,4227,14566,8272,1918,8263,5950,18291,7020,12948,10121,7238,2246,150,9266,1,28:53
2024-25,1630592,Jalen Wilson,Jalen,1610612751,BKN,Brooklyn Nets,0022400651,2025-01-27T00:00:00,BKN vs. SAC,L,39.82333333333333,3.6,14.5,0.25,0.0,5.4,0.0,6.3,6.3,1.0,0.0,1.8,1.8,3.6,1.8,0.9,0.0,1.8,2.7,2.7,13.6,-22.6,22.1,0,0,20.8,1,13222,1,13222,610,18045,9412,20233,15070,12156,15070,2561,4094,1,14058,20223,22151,11045,11517,12650,8263,3876,11991,10286,14428,22250,20106,2246,150,20416,1,39:49
2024-25,1641722,Jordan Hawkins,Jordan,1610612740,NOP,New Orleans Pelicans,0022400654,2025-01-27T00:00:00,NOP @ TOR,L,20.65,5.2,12.2,0.429,1.7,5.2,0.333,0.0,0.0,0.0,0.0,1.7,1.7,1.7,1.7,1.7,0.0,0.0,1.7,1.7,12.2,7.0,20.4,0,0,20.9,1,13222,1,13222,15523,13723,13250,13735,11272,12635,9209,13505,14344,13505,14058,20369,22239,17254,11771,7473,8263,8846,16398,14140,15916,9151,20985,2246,150,20335,1,20:39
2024-25,1629234,Drew Eubanks,Drew,1610612762,UTA,Utah Jazz,0022400658,2025-01-27T00:00:00,UTA vs. MIL,L,22.416666666666668,3.2,14.5,0.222,0.0,0.0,0.0,0.0,0.0,0.0,4.8,11.2,16.1,1.6,0.0,1.6,0.0,1.6,0.0,1.6,6.4,-22.5,32.9,0,0,27.3,1,13222,1,13222,14177,18968,9430,21205,15070,20945,15070,13505,14344,13505,2542,1782,1411,17630,16469,7964,8263,4420,20257,14608,21106,22217,12646,2246,150,15944,1,22:25
2024-25,203500,Steven Adams,Steven,1610612745,HOU,Houston Rockets,0022400650,2025-01-27T00:00:00,HOU @ BOS,W,13.616666666666667,5.3,7.9,0.667,0.0,0.0,0.0,0.0,0.0,0.0,7.9,2.6,10.6,0.0,5.3,0.0,0.0,0.0,5.3,0.0,10.6,-29.1,18.0,0,0,21.2,1,1,13086,1,20410,13571,20366,3281,15070,20945,15070,13505,14344,13505,808,17837,4836,19908,2017,12854,8263,8846,4046,17725,17588,23598,22103,2246,150,20191,1,13:37
2024-25,1629013,Landry Shamet,Landry,1610612752,NYK,New York Knicks,0022400653,2025-01-27T00:00:00,NYK vs. MEM,W,11.683333333333334,6.2,12.3,0.5,6.2,12.3,0.5,0.0,0.0,0.0,0.0,0.0,0.0,0.0,6.2,0.0,3.1,0.0,0.0,0.0,18.5,-24.7,21.6,0,0,30.8,1,1,13086,1,21422,11068,13036,8526,1186,1606,3944,13505,14344,13505,14058,22137,23286,19908,1288,12854,1595,8846,20257,17725,9328,22735,20372,2246,150,13318,1,11:41
2024-25,1642268,Isaiah Collier,Isaiah,1610612762,UTA,Utah Jazz,0022400658,2025-01-27T00:00:00,UTA vs. MIL,L,27.916666666666668,7.7,11.6,0.667,0.0,1.3,0.0,0.0,0.0,0.0,0.0,2.6,2.6,10.3,5.2,3.9,0.0,1.3,1.3,2.6,15.5,-14.2,40.5,0,0,36.1,1,13222,1,13222,9614,7190,14293,3281,15070,20506,15070,13505,14344,13505,14058,17994,20674,1273,2157,1771,8263,5703,18076,10708,12441,19578,7468,2246,150,9296,1,27:55
2024-25,1631212,Peyton Watson,Peyton,1610612743,DEN,Denver Nuggets,0022400655,2025-01-27T00:00:00,DEN @ CHI,L,23.666666666666668,3.0,9.1,0.333,0.0,1.5,0.0,0.0,0.0,0.0,1.5,6.1,7.6,4.6,3.0,4.6,1.5,0.0,0.0,1.5,6.1,-18.3,37.3,0,0,30.4,1,13222,1,13222,13171,19335,18514,17395,15070,20249,15070,13505,14344,13505,10230,8134,8961,8499,6303,1184,4774,8846,20257,14918,21328,21002,9487,2246,150,13610,1,23:40
2024-25,1631222,Jake LaRavia,Jake,1610612763,MEM,Memphis Grizzlies,0022400653,2025-01-27T00:00:00,MEM @ NYK,L,13.283333333333333,2.7,5.4,0.5,0.0,0.0,0.0,0.0,0.0,0.0,2.7,8.1,10.8,0.0,5.4,5.4,0.0,0.0,5.4,2.7,5.4,-32.5,29.3,0,0,27.1,1,13222,1,13222,20610,20063,23153,8526,15070,20945,15070,13505,14344,13505,6072,4514,4559,19908,1882,674,8263,8846,3819,10295,21785,24101,15310,2246,150,16086,1,13:17
2024-25,1629018,Gary Trent Jr.,Gary,1610612749,MIL,Milwaukee Bucks,0022400658,2025-01-27T00:00:00,MIL @ UTA,W,27.183333333333334,2.6,11.9,0.222,2.6,9.3,0.286,2.6,2.6,1.0,0.0,2.6,2.6,2.6,0.0,0.0,1.3,0.0,0.0,1.3,10.6,9.3,21.7,0,0,21.2,1,1,13086,1,10204,20188,13729,21205,7690,4418,11433,8691,10862,1,14058,17820,20543,14055,16469,12854,5541,8846,20257,15789,17563,8059,20306,2246,150,20163,1,27:11
2024-25,1628964,Mo Bamba,Mo,1610612746,LAC,LA Clippers,0022400659,2025-01-27T00:00:00,LAC @ PHX,L,5.016666666666667,0.0,14.4,0.0,0.0,14.4,0.0,0.0,0.0,0.0,0.0,0.0,0.0,7.2,0.0,0.0,7.2,7.2,0.0,0.0,0.0,-50.2,32.3,0,0,21.5,1,13222,1,13222,23988,22635,9607,22635,15070,839,15070,13505,14344,13505,14058,22137,23286,3794,16469,12854,191,143,20257,17725,23200,25407,13094,2246,150,19941,1,5:01
2024-25,1630558,Davion Mitchell,Davion,1610612761,TOR,Toronto Raptors,0022400654,2025-01-27T00:00:00,TOR vs. NOP,W,24.066666666666666,4.5,12.0,0.375,1.5,6.0,0.25,0.0,0.0,0.0,0.0,0.0,0.0,6.0,4.5,1.5,0.0,0.0,6.0,1.5,10.5,26.9,19.4,0,0,20.9,1,1,13086,1,12825,15823,13651,16299,12050,10735,11902,13505,14344,13505,14058,22137,23286,5527,3016,8427,8263,8846,2970,15019,17689,2442,21431,2246,150,20317,1,24:04
2024-25,1628398,Kyle Kuzma,Kyle,1610612764,WAS,Washington Wizards,0022400657,2025-01-27T00:00:00,WAS @ DAL,L,21.133333333333333,5.1,18.7,0.273,0.0,5.1,0.0,1.7,1.7,1.0,5.1,5.1,10.2,1.7,1.7,1.7,1.7,1.7,5.1,5.1,11.9,-52.8,35.3,0,0,30.7,1,13222,1,13222,15195,14056,3991,20048,15070,12921,15070,11405,13292,1,2275,10533,5206,17356,11902,7596,4286,4140,4358,3905,16218,25503,10894,2246,150,13424,1,21:08
2024-25,1641710,Anthony Black,Anthony,1610612753,ORL,Orlando Magic,0022400652,2025-01-27T00:00:00,ORL @ MIA,L,42.42,5.1,9.3,0.545,1.7,2.5,0.667,0.0,0.8,0.0,0.0,0.8,0.8,2.5,0.8,4.2,0.8,0.8,1.7,1.7,11.9,-10.2,31.1,0,0,27.2,1,13222,1,13222,211,14118,18223,7695,11408,18546,1957,13505,14336,13505,14058,22126,23278,14377,16426,1423,8190,8774,16546,14278,16258,17965,13948,2246,150,16054,1,42:25
2024-25,203915,Spencer Dinwiddie,Spencer,1610612742,DAL,Dallas Mavericks,0022400657,2025-01-27T00:00:00,DAL vs. WAS,W,26.35,2.7,4.1,0.667,2.7,2.7,1.0,2.7,2.7,1.0,0.0,4.1,4.1,12.3,0.0,2.7,0.0,1.4,1.4,1.4,10.9,35.5,42.5,0,0,35.5,1,1,13086,1,10858,20015,24047,3281,7439,18196,1,8502,10658,1,14058,13417,17065,653,16469,3844,8263,5326,17758,15594,17235,1339,6375,2246,150,9720,1,26:21
2024-25,1630264,Anthony Gill,Anthony,1610612764,WAS,Washington Wizards,0022400657,2025-01-27T00:00:00,WAS @ DAL,L,6.083333333333333,5.9,5.9,1.0,0.0,0.0,0.0,0.0,11.8,0.0,0.0,0.0,0.0,0.0,0.0,0.0,0.0,0.0,5.9,5.9,11.8,23.7,11.8,0,0,11.8,1,13222,1,13222,23565,11749,22692,1,15070,20945,15070,13505,800,13505,14058,22137,23286,19908,16469,12854,8263,8846,3050,2726,16306,3113,24052,2246,150,24019,1,6:05
2024-25,202684,Tristan Thompson,Tristan,1610612739,CLE,Cleveland Cavaliers,0022400649,2025-01-27T00:00:00,CLE vs. DET,W,3.3666666666666667,0.0,10.7,0.0,0.0,0.0,0.0,0.0,0.0,0.0,0.0,10.7,10.7,0.0,0.0,0.0,0.0,0.0,0.0,0.0,0.0,0.0,12.8,0,0,10.7,1,1,13086,1,24790,22635,15888,22635,15070,20945,15070,13505,14344,13505,14058,2077,4705,19908,16469,12854,8263,8846,20257,17725,23200,12240,23812,2246,150,24291,1,3:22
2024-25,203995,Vasilije Micić,Vasilije,1610612766,CHA,Charlotte Hornets,0022400648,2025-01-27T00:00:00,CHA vs. LAL,L,33.18333333333333,5.4,11.9,0.455,1.1,3.3,0.333,0.0,0.0,0.0,0.0,2.2,2.2,4.3,5.4,0.0,0.0,0.0,2.2,1.1,11.9,1.1,15.6,0,0,19.5,1,13222,1,13222,4996,13204,13699,12676,14039,17168,9209,13505,14344,13505,14058,19158,21477,9035,1879,12854,8263,8846,14250,16979,16211,12088,22986,2246,150,21136,1,33:11
2024-25,1641734,Emoni Bates,Emoni,1610612739,CLE,Cleveland Cavaliers,0022400649,2025-01-27T00:00:00,CLE vs. DET,W,3.3666666666666667,0.0,10.7,0.0,0.0,0.0,0.0,0.0,0.0,0.0,0.0,0.0,0.0,10.7,0.0,0.0,0.0,0.0,0.0,0.0,0.0,0.0,16.0,0,0,10.7,1,1,13086,1,24790,22635,15888,22635,15070,20945,15070,13505,14344,13505,14058,22137,23286,1109,16469,12854,8263,8846,20257,17725,23200,12240,22839,2246,150,24291,1,3:22
2024-25,1629611,Terance Mann,Terance,1610612746,LAC,LA Clippers,0022400659,2025-01-27T00:00:00,LAC @ PHX,L,7.2,5.0,15.0,0.333,0.0,10.0,0.0,0.0,0.0,0.0,0.0,0.0,0.0,0.0,0.0,0.0,0.0,0.0,5.0,0.0,10.0,-35.0,10.0,0,0,10.0,1,13222,1,13222,23096,14383,8606,17395,15070,3475,15070,13505,14344,13505,14058,22137,23286,19908,16469,12854,8263,8846,4604,17725,18159,24404,24418,2246,150,24419,1,7:12
2024-25,1630533,Ziaire Williams,Ziaire,1610612751,BKN,Brooklyn Nets,0022400651,2025-01-27T00:00:00,BKN vs. SAC,L,22.405,1.6,11.2,0.143,1.6,8.0,0.2,3.2,4.8,0.667,1.6,1.6,3.2,0.0,1.6,3.2,0.0,0.0,1.6,3.2,8.0,-19.3,19.9,0,0,19.3,1,13222,1,13222,14191,22022,14943,22260,11650,6398,13429,7296,6257,9425,9892,20665,19196,19908,12306,2711,8263,8846,16852,8514,19891,21339,21198,2246,150,21256,1,22:24
2024-25,1642261,Dalton Knecht,Dalton,1610612747,LAL,Los Angeles Lakers,0022400648,2025-01-27T00:00:00,LAL @ CHA,W,21.263333333333332,1.7,5.1,0.333,0.0,1.7,0.0,0.0,0.0,0.0,0.0,3.4,3.4,0.0,0.0,1.7,0.0,0.0,6.8,0.0,3.4,-8.5,12.5,0,0,10.2,1,1,13086,1,15108,21908,23409,17395,15070,20054,15070,13505,14344,13505,14058,15562,18809,19908,16469,7633,8263,8846,2164,17725,22814,17168,23888,2246,150,24392,1,21:16
2024-25,203484,Kentavious Caldwell-Pope,Kentavious,1610612753,ORL,Orlando Magic,0022400652,2025-01-27T00:00:00,ORL @ MIA,L,36.08,2.0,6.0,0.333,2.0,5.0,0.4,0.0,0.0,0.0,0.0,1.0,1.0,1.0,1.0,0.0,0.0,0.0,1.0,2.0,6.0,-22.9,7.7,0,0,10.0,1,13222,1,13222,2625,21420,22619,17395,10184,13225,7874,13505,14344,13505,14058,21978,23212,19684,15864,12854,8263,8846,19721,13102,21406,22322,24737,2246,150,24426,1,36:05
2024-25,1629645,Kevin Porter Jr.,Kevin,1610612746,LAC,LA Clippers,0022400659,2025-01-27T00:00:00,LAC @ PHX,L,14.111666666666666,0.0,7.7,0.0,0.0,2.6,0.0,0.0,0.0,0.0,0.0,7.7,7.7,2.6,2.6,0.0,0.0,2.6,0.0,0.0,0.0,-48.5,10.5,0,0,10.2,1,13222,1,13222,20143,22635,20709,22635,15070,18538,15070,13505,14344,13505,14058,5235,8871,14363,8041,12854,8263,1950,20257,17725,23200,25338,24344,2246,150,24386,1,14:07
2024-25,1629726,Garrison Mathews,Garrison,1610612737,ATL,Atlanta Hawks,0022400656,2025-01-27T00:00:00,ATL @ MIN,L,25.52,2.8,5.6,0.5,2.8,5.6,0.5,0.0,0.0,0.0,0.0,1.4,1.4,1.4,2.8,1.4,1.4,0.0,2.8,4.2,8.5,-12.7,17.9,0,0,19.7,1,13222,1,13222,11576,19835,22950,8526,7153,11596,3944,13505,14344,13505,14058,21052,22673,18308,7139,8836,5184,8846,11543,5757,19549,19014,22130,2246,150,21011,1,25:31
2024-25,203501,Tim Hardaway Jr.,Tim,1610612765,DET,Detroit Pistons,0022400649,2025-01-27T00:00:00,DET @ CLE,L,31.366666666666667,3.4,9.2,0.375,2.3,8.0,0.286,0.0,0.0,0.0,0.0,3.4,3.4,2.3,0.0,1.1,0.0,0.0,2.3,0.0,9.2,-13.8,20.2,0,0,19.5,1,13222,1,13222,6536,18451,18438,16299,8871,6394,11433,13505,14344,13505,14058,15396,18676,15250,16469,10604,8263,8846,13669,17725,18913,19409,21060,2246,150,21141,1,31:22
2024-25,1630531,Jaden Springer,Jaden,1610612738,BOS,Boston Celtics,0022400650,2025-01-27T00:00:00,BOS vs. HOU,L,7.3,4.9,14.8,0.333,4.9,14.8,0.333,0.0,0.0,0.0,0.0,4.9,4.9,0.0,0.0,4.9,0.0,0.0,0.0,0.0,14.8,54.2,35.5,0,0,34.5,1,13222,1,13222,23065,14601,8908,17395,2361,738,9209,13505,14344,13505,14058,11079,14975,19908,16469,932,8263,8846,20257,17725,13117,445,10722,2246,150,10429,1,7:18
2024-25,201567,Kevin Love,Kevin,1610612748,MIA,Miami Heat,0022400652,2025-01-27T00:00:00,MIA vs. ORL,W,1.9366666666666668,0.0,0.0,0.0,0.0,0.0,0.0,0.0,0.0,0.0,0.0,0.0,0.0,0.0,0.0,0.0,0.0,0.0,0.0,0.0,0.0,-18.6,0.0,0,0,0.0,1,1,13086,1,25498,22635,24836,22635,15070,20945,15070,13505,14344,13505,14058,22137,23286,19908,16469,12854,8263,8846,20257,17725,23200,21094,25228,2246,150,25259,1,1:56
2024-25,1628464,Daniel Theis,Daniel,1610612740,NOP,New Orleans Pelicans,0022400654,2025-01-27T00:00:00,NOP @ TOR,L,13.643333333333333,0.0,7.9,0.0,0.0,2.6,0.0,0.0,0.0,0.0,2.6,2.6,5.3,5.3,2.6,0.0,0.0,0.0,5.3,0.0,0.0,5.3,11.6,0,0,10.6,1,13222,1,13222,20395,22635,20393,22635,15070,18380,15070,13505,14344,13505,6258,17860,14102,6874,7741,12854,8263,8846,4063,17725,23200,9971,24110,2246,150,24322,1,13:39
2024-25,1630217,Desmond Bane,Desmond,1610612763,MEM,Memphis Grizzlies,0022400653,2025-01-27T00:00:00,MEM @ NYK,L,30.3,7.1,16.6,0.429,2.4,4.8,0.5,2.4,2.4,1.0,1.2,2.4,3.6,4.8,7.1,1.2,1.2,3.6,0.0,1.2,19.0,-41.6,30.4,0,0,34.5,1,13222,1,13222,7493,8628,6265,13735,8561,13827,3944,9395,11553,1,11878,18557,18412,8044,839,10283,6251,867,20257,16460,8849,24947,14489,2246,150,10485,1,30:18
2024-25,1631213,Tyrese Martin,Tyrese,1610612751,BKN,Brooklyn Nets,0022400651,2025-01-27T00:00:00,BKN vs. SAC,L,24.293333333333333,4.4,10.4,0.429,3.0,5.9,0.5,0.0,0.0,0.0,1.5,1.5,3.0,1.5,0.0,0.0,0.0,0.0,1.5,0.0,11.9,0.0,17.6,0,0,19.3,1,13222,1,13222,12660,15940,16428,13735,6639,10868,3944,13505,14344,13505,10383,20911,19823,18050,16469,12854,8263,8846,17292,17725,16288,12240,22244,2246,150,21264,1,24:18
2024-25,1630702,Jaden Hardy,Jaden,1610612742,DAL,Dallas Mavericks,0022400657,2025-01-27T00:00:00,DAL vs. WAS,W,13.433333333333334,13.4,21.4,0.625,5.4,10.7,0.5,0.0,0.0,0.0,0.0,2.7,2.7,0.0,5.4,0.0,0.0,0.0,2.7,2.7,32.2,18.8,30.0,0,0,40.2,1,1,13086,1,20517,874,2067,4899,1884,2755,3944,13505,14344,13505,14058,17747,20498,19908,1943,12854,8263,8846,12119,10375,1492,4329,14782,2246,150,6676,1,13:26
2024-25,1641989,Elijah Harkless,Elijah,1610612762,UTA,Utah Jazz,0022400658,2025-01-27T00:00:00,UTA vs. MIL,L,10.316666666666666,3.5,10.5,0.333,0.0,7.0,0.0,0.0,0.0,0.0,3.5,0.0,3.5,0.0,0.0,0.0,0.0,0.0,10.5,3.5,7.0,17.4,11.2,0,0,10.5,1,13222,1,13222,21999,18349,16278,17395,15070,8501,15070,13505,14344,13505,4389,22137,18576,19908,16469,12854,8263,8846,618,7689,20743,4756,24204,2246,150,24339,1,10:19
2024-25,1631230,Dominick Barlow,Dominick,1610612737,ATL,Atlanta Hawks,0022400656,2025-01-27T00:00:00,ATL @ MIN,L,8.506666666666666,0.0,8.5,0.0,0.0,4.2,0.0,0.0,0.0,0.0,4.2,4.2,8.5,4.2,0.0,0.0,0.0,0.0,8.5,4.2,0.0,-12.7,16.5,0,0,12.7,1,13222,1,13222,22628,22635,19547,22635,15070,15046,15070,13505,14344,13505,3267,13027,7525,9305,16469,12854,8263,8846,1153,5757,23200,19014,22662,2246,150,23809,1,8:30
2024-25,1642273,Kyshawn George,Kyshawn,1610612764,WAS,Washington Wizards,0022400657,2025-01-27T00:00:00,WAS @ DAL,L,25.033333333333335,1.4,8.6,0.167,1.4,5.8,0.25,0.0,0.0,0.0,0.0,2.9,2.9,1.4,2.9,0.0,0.0,1.4,5.8,0.0,4.3,-50.3,7.0,0,0,10.1,1,13222,1,13222,11975,22240,19307,21938,12301,11326,11902,13505,14344,13505,14058,17161,20053,18212,6936,12854,8263,5029,3310,17725,22391,25410,24815,2246,150,24412,1,25:02
2024-25,1630578,Alperen Sengun,Alperen,1610612745,HOU,Houston Rockets,0022400650,2025-01-27T00:00:00,HOU @ BOS,W,34.12833333333333,4.2,10.5,0.4,0.0,1.1,0.0,3.2,4.2,0.75,5.3,4.2,9.5,9.5,1.1,2.1,0.0,1.1,3.2,4.2,11.6,17.9,42.5,0,0,34.8,1,1,13086,1,4149,16547,16137,14933,15070,20801,15070,7403,7375,8186,2121,13058,6077,1708,15460,5742,8263,7454,10023,5792,16567,4581,6358,2246,150,10222,1,34:08
2024-25,1630183,Jaden McDaniels,Jaden,1610612750,MIN,Minnesota Timberwolves,0022400656,2025-01-27T00:00:00,MIN vs. ATL,W,33.4,3.2,7.5,0.429,2.2,4.3,0.5,2.2,2.2,1.0,0.0,8.6,8.6,2.2,2.2,4.3,1.1,1.1,4.3,1.1,10.8,0.0,38.4,0,0,34.5,1,1,13086,1,4812,18923,20866,13735,9416,14881,3944,10100,12229,1,14058,3909,7268,15792,9699,1359,6926,7246,6239,17013,17390,12240,8792,2246,150,10458,1,33:24
2024-25,1630256,Jae'Sean Tate,Jae'Sean,1610612745,HOU,Houston Rockets,0022400650,2025-01-27T00:00:00,HOU @ BOS,W,4.538333333333333,0.0,7.9,0.0,0.0,7.9,0.0,0.0,0.0,0.0,0.0,0.0,0.0,0.0,0.0,0.0,0.0,0.0,15.9,7.9,0.0,-95.2,0.0,0,0,0.0,1,1,13086,1,24212,22635,20365,22635,15070,6569,15070,13505,14344,13505,14058,22137,23286,19908,16469,12854,8263,8846,214,1060,23200,26120,25228,2246,150,25259,1,4:32
2024-25,1626145,Tyus Jones,Tyus,1610612756,PHX,Phoenix Suns,0022400659,2025-01-27T00:00:00,PHX vs. LAC,W,28.028333333333332,7.7,12.8,0.6,6.4,10.3,0.625,0.0,0.0,0.0,2.6,3.9,6.4,5.1,1.3,0.0,0.0,0.0,0.0,0.0,21.8,-7.7,36.0,0,0,39.8,1,1,13086,1,9531,7259,12137,5394,1040,3186,2868,13505,14344,13505,6432,14174,11343,7161,13882,12854,8263,8846,20257,17725,6343,16831,10388,2246,150,6885,1,28:02
2024-25,202695,Kawhi Leonard,Kawhi,1610612746,LAC,LA Clippers,0022400659,2025-01-27T00:00:00,LAC @ PHX,L,27.933333333333334,9.0,18.0,0.5,1.3,6.4,0.2,2.6,2.6,1.0,1.3,5.2,6.4,2.6,3.9,2.6,1.3,0.0,2.6,2.6,21.9,3.9,41.2,0,0,40.0,1,13222,1,13222,9595,4672,4621,8526,12901,9666,13429,8861,11030,1,11247,10405,11293,14286,4157,4187,5698,8846,12501,10711,6282,10719,7026,2246,150,6808,1,27:56
2024-25,1641809,Drew Peterson,Drew,1610612738,BOS,Boston Celtics,0022400650,2025-01-27T00:00:00,BOS vs. HOU,L,3.236666666666667,0.0,11.1,0.0,0.0,11.1,0.0,0.0,0.0,0.0,0.0,11.1,11.1,0.0,0.0,0.0,0.0,0.0,11.1,0.0,0.0,55.6,13.3,0,0,11.1,1,13222,1,13222,24874,22635,15155,22635,15070,2393,15070,13505,14344,13505,14058,1837,4303,19908,16469,12854,8263,8846,526,17725,23200,426,23677,2246,150,24193,1,3:14
2024-25,1641775,Jordan Walsh,Jordan,1610612738,BOS,Boston Celtics,0022400650,2025-01-27T00:00:00,BOS vs. HOU,L,4.316666666666666,0.0,8.3,0.0,0.0,8.3,0.0,0.0,0.0,0.0,0.0,0.0,0.0,0.0,0.0,0.0,0.0,0.0,0.0,8.3,0.0,0.0,0.0,0,0,0.0,1,13222,1,13222,24318,22635,19732,22635,15070,5844,15070,13505,14344,13505,14058,22137,23286,19908,16469,12854,8263,8846,20257,876,23200,12240,25228,2246,150,25259,1,4:19
2024-25,1626220,Royce O'Neale,Royce,1610612756,PHX,Phoenix Suns,0022400659,2025-01-27T00:00:00,PHX vs. LAC,W,25.035,5.8,12.9,0.444,4.3,11.5,0.375,0.0,0.0,0.0,0.0,2.9,2.9,0.0,0.0,5.8,0.0,0.0,0.0,0.0,15.8,-8.6,36.5,0,0,34.5,1,1,13086,1,11974,12263,11955,13045,3362,2097,8800,13505,14344,13505,14058,17168,20055,19908,16469,554,8263,8846,20257,17725,12103,17254,10014,2246,150,10436,1,25:02
2024-25,1627750,Jamal Murray,Jamal,1610612743,DEN,Denver Nuggets,0022400655,2025-01-27T00:00:00,DEN @ CHI,L,40.166666666666664,7.2,17.9,0.4,0.9,4.5,0.2,0.9,0.9,1.0,1.8,3.6,5.4,5.4,1.8,1.8,1.8,0.9,1.8,0.9,16.1,-14.3,39.6,0,0,35.0,1,13222,1,13222,525,8532,4778,14933,14970,14488,13429,13456,14320,1,9265,14972,13861,6671,11582,7288,4074,8679,16217,17667,11784,19629,8011,2246,150,10128,1,40:10
2024-25,1628386,Jarrett Allen,Jarrett,1610612739,CLE,Cleveland Cavaliers,0022400649,2025-01-27T00:00:00,CLE vs. DET,W,30.783333333333335,7.0,11.7,0.6,0.0,0.0,0.0,3.5,7.0,0.5,3.5,9.4,12.9,4.7,2.3,1.2,1.2,2.3,3.5,4.7,17.5,18.7,44.7,1,0,39.8,1,1,13086,1,7055,8885,14130,5394,15070,20945,15070,6689,3353,10625,4366,3155,2900,8237,8905,10437,6369,2353,8723,4764,10278,4341,5342,1,150,6910,1,30:47
2024-25,203114,Khris Middleton,Khris,1610612749,MIL,Milwaukee Bucks,0022400658,2025-01-27T00:00:00,MIL @ UTA,W,27.016666666666666,13.3,17.3,0.769,2.7,6.7,0.4,0.0,0.0,0.0,0.0,4.0,4.0,4.0,1.3,0.0,0.0,0.0,4.0,1.3,29.3,2.7,38.8,0,0,40.0,1,1,13086,1,10318,895,5429,2080,7636,9187,7874,13505,14344,13505,14058,13731,17322,9945,13662,12854,8263,8846,7152,15757,2339,11289,8553,2246,150,6799,1,27:01
2024-25,203897,Zach LaVine,Zach,1610612741,CHI,Chicago Bulls,0022400655,2025-01-27T00:00:00,CHI vs. DEN,W,34.78333333333333,6.2,13.5,0.462,5.2,10.3,0.5,4.1,4.1,1.0,0.0,3.1,3.1,6.2,4.1,2.1,0.0,1.0,2.1,5.2,21.7,-10.3,36.8,0,0,40.4,1,1,13086,1,3627,10948,11078,12428,2077,3103,3944,5459,7550,1,14058,16395,19466,5146,3591,5910,8263,7618,14753,3809,6439,18052,9804,2246,150,6570,1,34:47
2024-25,1629723,John Konchar,John,1610612763,MEM,Memphis Grizzlies,0022400653,2025-01-27T00:00:00,MEM @ NYK,L,3.966666666666667,0.0,0.0,0.0,0.0,0.0,0.0,0.0,0.0,0.0,0.0,0.0,0.0,0.0,0.0,0.0,0.0,0.0,0.0,0.0,0.0,-27.2,0.0,0,0,0.0,1,13222,1,13222,24503,22635,24836,22635,15070,20945,15070,13505,14344,13505,14058,22137,23286,19908,16469,12854,8263,8846,20257,17725,23200,23277,25228,2246,150,25259,1,3:58
2024-25,1641842,Ronald Holland II,Ronald,1610612765,DET,Detroit Pistons,0022400649,2025-01-27T00:00:00,DET @ CLE,L,15.883333333333333,4.5,13.6,0.333,0.0,4.5,0.0,0.0,0.0,0.0,4.5,4.5,9.1,2.3,0.0,0.0,0.0,0.0,4.5,0.0,9.1,-2.3,23.3,0,0,20.4,1,13222,1,13222,19006,15670,10834,17395,15070,14352,15070,13505,14344,13505,2884,12169,6635,15357,16469,12854,8263,8846,5701,17725,19011,14185,19344,2246,150,20627,1,15:53
2024-25,1641796,Pelle Larsson,Pelle,1610612748,MIA,Miami Heat,0022400652,2025-01-27T00:00:00,MIA vs. ORL,W,19.133333333333333,3.8,7.5,0.5,1.9,5.6,0.333,0.0,0.0,0.0,0.0,0.0,0.0,0.0,0.0,0.0,0.0,0.0,5.6,1.9,9.4,-28.2,9.4,0,0,11.3,1,1,13086,1,16723,17661,20887,8526,10711,11592,9209,13505,14344,13505,14058,22137,23286,19908,16469,12854,8263,8846,3476,13580,18721,23475,24509,2246,150,24156,1,19:08
2024-25,1627777,Georges Niang,Georges,1610612739,CLE,Cleveland Cavaliers,0022400649,2025-01-27T00:00:00,CLE vs. DET,W,19.666666666666668,1.8,16.5,0.111,1.8,11.0,0.167,0.0,0.0,0.0,1.8,3.7,5.5,0.0,3.7,0.0,0.0,1.8,9.2,0.0,5.5,0.0,8.4,0,0,12.8,1,1,13086,1,16285,21707,6462,22520,10948,2505,14236,13505,14344,13505,9126,14752,13557,19908,4649,12854,8263,3799,917,17725,21738,12240,24641,2246,150,23773,1,19:40
2024-25,203486,Mason Plumlee,Mason,1610612756,PHX,Phoenix Suns,0022400659,2025-01-27T00:00:00,PHX vs. LAC,W,25.923333333333332,0.0,1.4,0.0,0.0,0.0,0.0,0.0,0.0,0.0,4.2,4.2,8.3,2.8,2.8,0.0,4.2,1.4,6.9,2.8,0.0,30.6,23.9,0,0,19.4,1,1,13086,1,11228,22635,24825,22635,15070,20945,15070,13505,14344,13505,3345,13222,7718,13658,7300,12854,831,5222,2021,10049,23200,1891,19026,2246,150,21183,1,25:55
2024-25,1631115,Orlando Robinson,Orlando,1610612761,TOR,Toronto Raptors,0022400654,2025-01-27T00:00:00,TOR vs. NOP,W,11.1,3.2,3.2,1.0,0.0,0.0,0.0,6.5,6.5,1.0,0.0,3.2,3.2,3.2,3.2,0.0,0.0,0.0,13.0,3.2,13.0,-48.6,18.5,0,0,19.5,1,1,13086,1,21658,18907,24413,1,15070,20945,15070,2414,3898,1,14058,15952,19126,12167,5686,12854,8263,8846,345,8426,15118,25349,21893,2246,150,21172,1,11:06
2024-25,1630559,Austin Reaves,Austin,1610612747,LAL,Los Angeles Lakers,0022400648,2025-01-27T00:00:00,LAL @ CHA,W,37.71666666666667,4.8,13.4,0.357,1.9,7.6,0.25,4.8,6.7,0.714,1.0,3.8,4.8,5.7,1.0,2.9,0.0,1.0,1.0,3.8,16.2,0.0,38.2,0,0,34.4,1,1,13086,1,1557,15046,11199,17140,10594,7112,11902,4387,3677,9244,13610,14270,15365,5995,16122,3505,8263,8303,19942,6798,11691,12240,8905,2246,150,10559,1,37:43
2024-25,1628991,Jaren Jackson Jr.,Jaren,1610612763,MEM,Memphis Grizzlies,0022400653,2025-01-27T00:00:00,MEM @ NYK,L,33.265,8.7,15.2,0.571,3.2,4.3,0.75,2.2,2.2,1.0,1.1,3.2,4.3,0.0,4.3,0.0,2.2,1.1,4.3,1.1,22.7,-35.7,30.1,0,0,34.6,1,13222,1,13222,4938,5331,8336,6538,5829,14845,1542,10069,12199,1,12614,15948,16458,19908,3255,12854,3033,7209,6195,16992,5683,24493,14737,2246,150,10351,1,33:16
2024-25,1630214,Xavier Tillman,Xavier,1610612738,BOS,Boston Celtics,0022400650,2025-01-27T00:00:00,BOS vs. HOU,L,5.766666666666667,0.0,18.7,0.0,0.0,12.5,0.0,0.0,0.0,0.0,0.0,0.0,0.0,0.0,6.2,0.0,0.0,0.0,6.2,0.0,0.0,-49.9,-6.2,0,0,0.0,1,13222,1,13222,23684,22635,3998,22635,15070,1529,15070,13505,14344,13505,14058,22137,23286,19908,1252,12854,8263,8846,2664,17725,23200,25395,26184,2246,150,25259,1,5:46
2024-25,201942,DeMar DeRozan,DeMar,1610612758,SAC,Sacramento Kings,0022400651,2025-01-27T00:00:00,SAC @ BKN,W,37.03333333333333,6.8,10.7,0.636,0.0,1.0,0.0,2.9,2.9,1.0,0.0,1.9,1.9,1.0,1.0,0.0,0.0,0.0,0.0,1.9,16.5,20.4,19.3,0,0,19.4,1,1,13086,1,1966,9407,15888,4689,15070,20882,15070,8046,10189,1,14058,19846,21923,19763,16009,12854,8263,8846,20257,13341,11369,3841,21476,2246,150,21183,1,37:02
2024-25,1630202,Payton Pritchard,Payton,1610612738,BOS,Boston Celtics,0022400650,2025-01-27T00:00:00,BOS vs. HOU,L,30.598333333333333,5.9,8.2,0.714,5.9,7.1,0.833,0.0,0.0,0.0,0.0,4.7,4.7,3.5,0.0,1.2,0.0,0.0,1.2,1.2,17.6,-8.2,32.1,0,0,34.1,1,13222,1,13222,7235,11853,19892,2752,1393,8334,1341,13505,14344,13505,14058,11681,15539,11308,16469,10376,8263,8846,18676,16518,10172,17067,13243,2246,150,10761,1,30:36
2024-25,1630163,LaMelo Ball,LaMelo,1610612766,CHA,Charlotte Hornets,0022400648,2025-01-27T00:00:00,CHA vs. LAL,L,8.75,8.2,20.6,0.4,8.2,12.3,0.667,4.1,8.2,0.5,0.0,0.0,0.0,4.1,4.1,4.1,0.0,4.1,4.1,8.2,28.8,-53.5,43.2,0,0,49.4,1,13222,1,13222,22544,6146,2591,14933,412,1594,1957,5503,2367,10625,14058,22137,23286,9624,3639,1528,8263,613,6785,918,2484,25524,6030,2246,150,2703,1,8:45
2024-25,1628384,OG Anunoby,OG,1610612752,NYK,New York Knicks,0022400653,2025-01-27T00:00:00,NYK vs. MEM,W,33.53333333333333,5.4,12.9,0.417,2.1,5.4,0.4,3.2,4.3,0.75,1.1,4.3,5.4,4.3,0.0,6.4,1.1,4.3,0.0,2.1,16.1,44.0,51.5,0,0,42.9,1,1,13086,1,4698,13351,12069,14532,9472,12292,7874,7277,7221,8186,12689,12819,13882,9135,16469,385,6955,548,20257,12412,11816,742,2831,2246,150,5175,1,33:32
2024-25,1628371,Jonathan Isaac,Jonathan,1610612753,ORL,Orlando Magic,0022400652,2025-01-27T00:00:00,ORL @ MIA,L,17.891666666666666,10.1,18.1,0.556,0.0,4.0,0.0,4.0,8.0,0.5,10.1,6.0,16.1,0.0,0.0,2.0,0.0,0.0,4.0,4.0,24.1,4.0,49.5,0,0,44.3,1,13222,1,13222,17641,3154,4549,7248,15070,15525,15070,5659,2491,10625,396,8255,1392,19908,16469,6197,8263,8846,7080,6239,4707,10632,3419,2246,150,4568,1,17:54
2024-25,1631209,Isaiah Wong,Isaiah,1610612766,CHA,Charlotte Hornets,0022400648,2025-01-27T00:00:00,CHA vs. LAL,L,6.066666666666666,11.9,17.8,0.667,5.9,5.9,1.0,0.0,0.0,0.0,0.0,0.0,0.0,5.9,0.0,5.9,0.0,0.0,0.0,0.0,29.7,41.5,56.4,0,0,53.4,1,13222,1,13222,23571,1603,4906,3281,1352,10848,1,13505,14344,13505,14058,22137,23286,5614,16469,494,8263,8846,20257,17725,2204,871,1749,2246,150,1723,1,6:04
2024-25,203999,Nikola Jokić,Nikola,1610612743,DEN,Denver Nuggets,0022400655,2025-01-27T00:00:00,DEN @ CHI,L,39.71666666666667,13.6,19.0,0.714,0.9,3.6,0.25,1.8,1.8,1.0,1.8,9.1,10.9,12.7,3.6,0.9,0.9,0.0,0.9,2.7,29.9,0.9,63.8,1,1,58.0,1,13222,1,13222,647,830,3727,2752,14939,16382,11902,11212,13172,1,9197,3446,4523,587,4724,12639,8064,8846,20134,10263,2114,12213,806,1,1,1026,1,39:43
2024-25,1631128,Christian Braun,Christian,1610612743,DEN,Denver Nuggets,0022400655,2025-01-27T00:00:00,DEN @ CHI,L,32.766666666666666,12.1,16.5,0.733,2.2,4.4,0.5,4.4,4.4,1.0,1.1,4.4,5.5,4.4,2.2,2.2,1.1,2.2,2.2,2.2,30.8,4.4,51.6,0,0,49.4,1,13222,1,13222,5353,1472,6454,2644,9248,14695,3944,5001,7035,1,12476,12540,13552,8898,9515,5401,6796,2646,14108,12171,1840,10433,2795,2246,150,2685,1,32:46
2024-25,1642265,Rob Dillingham,Rob,1610612750,MIN,Minnesota Timberwolves,0022400656,2025-01-27T00:00:00,MIN vs. ATL,W,10.666666666666666,6.8,16.9,0.4,3.4,6.8,0.5,0.0,6.8,0.0,0.0,6.8,6.8,3.4,0.0,6.8,0.0,0.0,0.0,6.8,16.9,0.0,50.3,0,0,43.9,1,1,13086,1,21853,9563,5941,14933,5445,9015,3944,13505,3608,13505,14058,6787,10634,11752,16469,338,8263,8846,20257,1858,10983,12240,3184,2246,150,4750,1,10:40
2024-25,1628973,Jalen Brunson,Jalen,1610612752,NYK,New York Knicks,0022400653,2025-01-27T00:00:00,NYK vs. MEM,W,25.448333333333334,11.3,19.8,0.571,5.7,8.5,0.667,0.0,2.8,0.0,1.4,0.0,1.4,8.5,1.4,2.8,0.0,0.0,5.7,1.4,28.3,19.8,49.8,0,0,49.5,1,1,13086,1,11632,1994,3107,6538,1604,5604,1957,13505,10412,13505,10680,22137,22669,2431,13198,3609,8263,8846,3457,15388,2673,4015,3329,2246,150,2669,1,25:27
2024-25,203507,Giannis Antetokounmpo,Giannis,1610612749,MIL,Milwaukee Bucks,0022400658,2025-01-27T00:00:00,MIL @ UTA,W,36.61666666666667,15.7,22.6,0.696,0.0,1.0,0.0,2.9,9.8,0.3,1.0,16.7,17.7,6.9,2.0,2.0,0.0,1.0,2.0,5.9,34.4,18.7,69.9,1,0,62.9,1,1,13086,1,2270,386,1541,3165,15070,20874,15070,7955,1440,13347,13392,355,967,4164,10682,6409,8263,8061,15319,2745,1056,4351,438,1,150,579,1,36:37
2024-25,1641731,Bilal Coulibaly,Bilal,1610612764,WAS,Washington Wizards,0022400657,2025-01-27T00:00:00,WAS @ DAL,L,29.15,7.4,18.5,0.4,2.5,7.4,0.333,2.5,3.7,0.667,1.2,3.7,4.9,6.2,1.2,2.5,2.5,1.2,2.5,2.5,19.8,-18.5,48.5,0,0,43.2,1,13222,1,13222,8543,7993,4198,14933,8254,7590,9209,9137,8470,9425,11573,14614,14953,5203,14199,4472,2431,6026,12911,11102,8109,21073,3794,2246,150,5033,1,29:09
2024-25,1630643,Jay Huff,Jay,1610612763,MEM,Memphis Grizzlies,0022400653,2025-01-27T00:00:00,MEM @ NYK,L,3.966666666666667,9.1,18.2,0.5,9.1,18.2,0.5,0.0,0.0,0.0,9.1,0.0,9.1,9.1,0.0,0.0,0.0,0.0,0.0,0.0,27.2,-27.2,51.7,0,0,54.5,1,13222,1,13222,24503,4565,4501,8526,289,322,3944,13505,14344,13505,535,22137,6620,1955,16469,12854,8263,8846,20257,17725,3097,23277,2774,2246,150,1549,1,3:58
2024-25,201935,James Harden,James,1610612746,LAC,LA Clippers,0022400659,2025-01-27T00:00:00,LAC @ PHX,L,37.0,6.8,16.5,0.412,4.9,9.7,0.5,4.9,5.8,0.833,0.0,5.8,5.8,9.7,5.8,1.9,1.0,1.0,4.9,2.9,23.4,4.9,47.9,1,0,49.6,1,13222,1,13222,1988,9398,6377,14791,2464,3799,3944,4245,4702,7275,14058,8697,12673,1571,1516,6528,7668,8164,4910,9526,5237,10179,4014,1,150,2633,1,37:00
2024-25,1627736,Malik Beasley,Malik,1610612765,DET,Detroit Pistons,0022400649,2025-01-27T00:00:00,DET @ CLE,L,22.733333333333334,9.5,17.4,0.545,7.9,12.7,0.625,3.2,4.8,0.667,0.0,6.3,6.3,3.2,1.6,1.6,0.0,1.6,0.0,1.6,30.1,-20.6,45.6,0,0,50.7,1,13222,1,13222,13923,3879,5328,7695,481,1440,2868,7396,6398,9425,14058,7630,11531,12427,12406,8047,8263,4472,20257,14680,2051,21724,4894,2246,150,2351,1,22:44
2024-25,1628970,Miles Bridges,Miles,1610612766,CHA,Charlotte Hornets,0022400648,2025-01-27T00:00:00,CHA vs. LAL,L,36.983333333333334,9.7,22.4,0.435,1.9,10.7,0.182,3.9,3.9,1.0,1.0,6.8,7.8,3.9,1.9,1.0,1.0,0.0,1.0,4.9,25.3,-1.9,44.4,0,0,42.8,1,13222,1,13222,1997,3558,1637,13702,10422,2765,14207,5891,8048,1,13469,6680,8640,10252,10808,12184,7665,8846,19844,4357,4053,14013,5473,2246,150,5238,1,36:59
2024-25,1642278,Tyler Kolek,Tyler,1610612752,NYK,New York Knicks,0022400653,2025-01-27T00:00:00,NYK vs. MEM,W,3.9166666666666665,9.2,18.4,0.5,9.2,18.4,0.5,0.0,0.0,0.0,0.0,0.0,0.0,27.6,0.0,0.0,0.0,0.0,0.0,0.0,27.6,27.6,68.9,0,0,64.3,1,1,13086,1,24535,4369,4301,8526,275,306,3944,13505,14344,13505,14058,22137,23286,30,16469,12854,8263,8846,20257,17725,2941,2332,483,2246,150,505,1,3:55
2024-25,1628368,De'Aaron Fox,De'Aaron,1610612758,SAC,Sacramento Kings,0022400651,2025-01-27T00:00:00,SAC @ BKN,W,36.81666666666667,10.8,18.6,0.579,3.9,6.8,0.571,3.9,3.9,1.0,0.0,1.0,1.0,6.8,0.0,0.0,0.0,1.0,3.9,5.9,29.3,0.0,40.8,0,0,41.1,1,1,13086,1,2116,2447,4145,6486,4178,8794,3506,5861,8022,1,14058,22000,23225,4220,16469,12854,8263,8118,7409,2793,2328,12240,7294,2246,150,6165,1,36:49
2024-25,1628366,Lonzo Ball,Lonzo,1610612741,CHI,Chicago Bulls,0022400655,2025-01-27T00:00:00,CHI vs. DEN,W,24.75,8.7,14.5,0.6,5.8,10.2,0.571,2.9,2.9,1.0,0.0,5.8,5.8,0.0,0.0,1.5,1.5,0.0,1.5,2.9,26.2,2.9,41.9,0,0,43.6,1,1,13086,1,12223,5222,9281,5394,1465,3300,3506,8065,10209,1,14058,8759,12726,19908,16469,8612,5024,8846,17425,9564,3590,11170,6674,2246,150,4863,1,24:45
2024-25,1641708,Amen Thompson,Amen,1610612745,HOU,Houston Rockets,0022400650,2025-01-27T00:00:00,HOU @ BOS,W,41.75,11.2,16.4,0.684,0.9,1.7,0.5,5.2,6.9,0.75,1.7,6.0,7.8,3.4,0.9,0.9,0.9,0.0,1.7,5.2,28.5,6.9,47.3,0,0,44.0,1,1,13086,1,277,2085,6567,3255,15023,20014,3944,3792,3473,8186,9490,8257,8697,11557,16410,12770,8170,8846,16448,3812,2612,9185,4226,2246,150,4700,1,41:45
2024-25,1626158,Richaun Holmes,Richaun,1610612764,WAS,Washington Wizards,0022400657,2025-01-27T00:00:00,WAS @ DAL,L,9.966666666666667,14.4,18.1,0.8,0.0,0.0,0.0,3.6,7.2,0.5,7.2,10.8,18.1,0.0,3.6,0.0,0.0,0.0,0.0,3.6,32.5,39.7,50.6,0,0,50.6,1,13222,1,13222,22117,591,4607,1688,15070,20945,15070,6467,3149,10625,1051,1990,880,19908,4753,12854,8263,8846,20257,7365,1414,996,3110,2246,150,2371,1,9:58
2024-25,1641765,Olivier-Maxence Prosper,Olivier-Maxence,1610612742,DAL,Dallas Mavericks,0022400657,2025-01-27T00:00:00,DAL vs. WAS,W,24.633333333333333,10.2,16.1,0.636,2.9,5.8,0.5,5.8,8.8,0.667,4.4,2.9,7.3,1.5,0.0,0.0,0.0,0.0,1.5,4.4,29.2,1.5,40.2,0,0,40.9,1,1,13086,1,12343,2994,7010,4689,6781,11089,3944,3030,2005,9425,3072,16999,9558,18126,16469,12854,8263,8846,17387,5394,2368,11888,7644,2246,150,6257,1,24:38
2024-25,1628969,Mikal Bridges,Mikal,1610612752,NYK,New York Knicks,0022400653,2025-01-27T00:00:00,NYK vs. MEM,W,33.61666666666667,12.9,20.3,0.632,2.1,6.4,0.333,2.1,2.1,1.0,1.1,4.3,5.4,6.4,2.1,1.1,2.1,1.1,2.1,2.1,30.0,46.0,53.5,0,0,50.3,1,1,13086,1,4618,1087,2727,4871,9499,9701,9209,10160,12283,1,12707,12852,13910,4822,9770,11269,3093,7300,14403,12433,2092,662,2316,2246,150,2441,1,33:37
2024-25,1627751,Jakob Poeltl,Jakob,1610612761,TOR,Toronto Raptors,0022400654,2025-01-27T00:00:00,TOR vs. NOP,W,31.916666666666668,11.3,15.8,0.714,0.0,0.0,0.0,1.1,2.3,0.5,5.6,10.2,15.8,5.6,1.1,0.0,3.4,1.1,4.5,1.1,23.7,22.6,60.1,1,0,51.9,1,1,13086,1,6045,2025,7420,2752,15070,20945,15070,12825,11914,10625,1850,2457,1488,6162,14952,12854,1323,6808,5757,16780,4989,3353,1181,1,150,2066,1,31:55
2024-25,1629627,Zion Williamson,Zion,1610612740,NOP,New Orleans Pelicans,0022400654,2025-01-27T00:00:00,NOP @ TOR,L,27.473333333333333,17.0,23.6,0.722,0.0,0.0,0.0,6.6,10.5,0.625,0.0,9.2,9.2,2.6,3.9,0.0,3.9,1.3,5.2,9.2,40.6,-14.4,63.4,0,0,60.3,1,13222,1,13222,9970,278,1201,2738,15070,20945,15070,2358,1196,10271,14058,3336,6479,14153,4013,12854,955,5601,4124,600,411,19665,842,2246,150,803,1,27:28
2024-25,1626192,Pat Connaughton,Pat,1610612749,MIL,Milwaukee Bucks,0022400658,2025-01-27T00:00:00,MIL @ UTA,W,7.033333333333333,5.1,10.2,0.5,5.1,10.2,0.5,0.0,0.0,0.0,0.0,15.4,15.4,5.1,0.0,0.0,0.0,0.0,0.0,0.0,15.4,-15.4,41.5,0,0,40.9,1,1,13086,1,23154,14031,16668,8526,2138,3222,3944,13505,14344,13505,14058,508,1626,7205,16469,12854,8263,8846,20257,17725,12563,20031,6901,2246,150,6234,1,7:02
2024-25,1631207,Dalen Terry,Dalen,1610612741,CHI,Chicago Bulls,0022400655,2025-01-27T00:00:00,CHI vs. DEN,W,13.066666666666666,13.8,16.5,0.833,8.3,11.0,0.75,0.0,0.0,0.0,2.8,8.3,11.0,5.5,2.8,2.8,0.0,0.0,2.8,2.8,35.8,30.3,62.8,0,0,66.1,1,1,13086,1,20710,768,6384,1514,402,2465,1542,13505,14344,13505,5966,4329,4392,6404,7358,3794,8263,8846,11817,10128,859,1930,892,2246,150,437,1,13:04
2024-25,1641729,Brice Sensabaugh,Brice,1610612762,UTA,Utah Jazz,0022400658,2025-01-27T00:00:00,UTA vs. MIL,L,15.316666666666666,14.1,21.2,0.667,11.8,18.8,0.625,0.0,0.0,0.0,0.0,0.0,0.0,2.4,2.4,4.7,0.0,0.0,0.0,0.0,40.0,-25.9,55.2,0,0,63.5,1,13222,1,13222,19361,680,2243,3281,138,290,2868,13505,14344,13505,14058,22137,23286,15054,8862,1085,8263,8846,20257,17725,451,22994,1950,2246,150,551,1,15:19
2024-25,202691,Klay Thompson,Klay,1610612742,DAL,Dallas Mavericks,0022400657,2025-01-27T00:00:00,DAL vs. WAS,W,23.983333333333334,12.0,22.5,0.533,10.5,18.0,0.583,0.0,0.0,0.0,0.0,4.5,4.5,6.0,4.5,0.0,1.5,0.0,0.0,0.0,34.5,34.5,48.9,0,0,58.5,1,1,13086,1,12912,1513,1578,8140,185,331,3489,13505,14344,13505,14058,12255,16048,5478,2997,12854,4850,8846,20257,17725,1039,1445,3652,2246,150,955,1,23:59
2024-25,1627826,Ivica Zubac,Ivica,1610612746,LAC,LA Clippers,0022400659,2025-01-27T00:00:00,LAC @ PHX,L,34.17333333333333,12.6,17.9,0.706,0.0,0.0,0.0,1.1,1.1,1.0,5.3,11.6,16.9,4.2,3.2,1.1,1.1,1.1,2.1,2.1,26.3,9.5,56.0,1,0,51.6,1,13222,1,13222,4114,1178,4799,3027,15070,20945,15070,13068,14128,1,2126,1569,1158,9353,5949,11458,7109,7465,14586,12582,3521,7952,1798,1,150,2115,1,34:10
2024-25,1629023,P.J. Washington,P.J.,1610612742,DAL,Dallas Mavericks,0022400657,2025-01-27T00:00:00,DAL vs. WAS,W,24.783333333333335,13.1,20.3,0.643,1.5,4.4,0.333,0.0,1.5,0.0,2.9,10.2,13.1,4.4,1.5,2.9,1.5,0.0,5.8,1.5,27.6,33.4,61.4,0,0,55.2,1,1,13086,1,12187,1005,2739,4607,12241,14778,9209,13505,13536,13505,5577,2446,2757,8991,13001,3398,5033,8846,3202,15231,2933,1583,1031,2246,150,1431,1,24:47
2024-25,1629655,Daniel Gafford,Daniel,1610612742,DAL,Dallas Mavericks,0022400657,2025-01-27T00:00:00,DAL vs. WAS,W,24.0,12.0,19.5,0.615,0.0,0.0,0.0,3.0,3.0,1.0,9.0,3.0,12.0,4.5,1.5,0.0,7.5,3.0,3.0,6.0,27.0,37.5,69.1,0,0,58.5,1,1,13086,1,12899,1516,3341,5246,15070,20945,15070,7799,9972,1,553,16717,3485,8651,12741,12854,169,1329,10710,2615,3208,1160,470,2246,150,965,1,24:00
2024-25,1641774,Tristan Vukcevic,Tristan,1610612764,WAS,Washington Wizards,0022400657,2025-01-27T00:00:00,WAS @ DAL,L,8.083333333333334,17.8,35.6,0.5,4.5,17.8,0.25,4.5,4.5,1.0,4.5,4.5,8.9,4.5,0.0,0.0,0.0,0.0,4.5,4.5,44.5,0.0,61.9,0,0,62.4,1,13222,1,13222,22785,226,126,8526,3144,355,11902,4903,6928,1,2977,12395,6875,8760,16469,12854,8263,8846,5879,5241,266,12240,975,2246,150,622,1,8:05
2024-25,1626164,Devin Booker,Devin,1610612756,PHX,Phoenix Suns,0022400659,2025-01-27T00:00:00,PHX vs. LAC,W,39.29833333333333,8.2,19.2,0.429,4.6,9.2,0.5,2.7,2.7,1.0,1.8,4.6,6.4,7.3,1.8,0.9,0.0,1.8,4.6,3.7,23.8,-7.3,43.4,0,0,44.0,1,1,13086,1,785,6095,3559,13735,2924,4595,3944,8457,10609,1,9118,12047,11365,3591,11403,12585,8263,3792,5592,7223,4926,16650,5923,2246,150,4703,1,39:18
2024-25,203076,Anthony Davis,Anthony,1610612747,LAL,Los Angeles Lakers,0022400648,2025-01-27T00:00:00,LAL @ CHA,W,36.666666666666664,16.7,27.5,0.607,0.0,2.0,0.0,7.9,9.8,0.8,7.9,14.7,22.6,2.0,3.9,0.0,2.0,1.0,3.9,7.9,41.2,15.7,73.2,1,0,69.7,1,1,13086,1,2230,300,445,5393,15070,19622,15070,1478,1445,7681,829,619,291,16499,4023,12854,3591,8073,7356,1093,384,5349,336,1,150,329,1,36:40
2024-25,1630162,Anthony Edwards,Anthony,1610612750,MIN,Minnesota Timberwolves,0022400656,2025-01-27T00:00:00,MIN vs. ATL,W,35.38333333333333,6.1,20.3,0.3,2.0,11.2,0.182,9.2,13.2,0.692,2.0,3.1,5.1,4.1,3.1,2.0,1.0,0.0,2.0,7.1,23.4,8.1,41.7,0,0,40.7,1,1,13086,1,3158,11211,2724,19363,9986,2338,14207,950,560,9414,8228,16547,14557,9746,6278,6087,7368,8846,14944,1565,5202,8558,6770,2246,150,6381,1,35:23
2024-25,203991,Clint Capela,Clint,1610612737,ATL,Atlanta Hawks,0022400656,2025-01-27T00:00:00,ATL @ MIN,L,21.24,8.5,11.9,0.714,0.0,0.0,0.0,0.0,3.4,0.0,10.2,15.3,25.4,5.1,3.4,1.7,1.7,0.0,3.4,1.7,16.9,10.2,61.9,1,0,54.2,1,13222,1,13222,15127,5661,13844,2752,15070,20945,15070,13505,9119,13505,382,527,185,7279,5255,7624,4306,8846,9118,14289,10904,7613,981,1,150,1583,1,21:14
2024-25,1630551,Justin Champagnie,Justin,1610612764,WAS,Washington Wizards,0022400657,2025-01-27T00:00:00,WAS @ DAL,L,12.0,9.0,18.0,0.5,0.0,3.0,0.0,0.0,0.0,0.0,3.0,15.0,18.0,12.0,0.0,3.0,0.0,0.0,0.0,0.0,18.0,9.0,66.6,0,0,54.0,1,13222,1,13222,21228,4700,4664,8526,15070,17643,15070,13505,14344,13505,5329,568,898,719,16469,3139,8263,8846,20257,17725,9827,8180,596,2246,150,1619,1,12:00
2024-25,1630173,Precious Achiuwa,Precious,1610612752,NYK,New York Knicks,0022400653,2025-01-27T00:00:00,NYK vs. MEM,W,20.451666666666668,10.6,15.8,0.667,1.8,1.8,1.0,1.8,3.5,0.5,3.5,1.8,5.3,1.8,1.8,7.0,3.5,1.8,3.5,1.8,24.6,15.8,63.5,0,0,54.6,1,1,13086,1,15674,2657,7361,3281,11226,19972,1,11314,8852,10625,4349,20330,14091,17202,11703,289,1214,4008,8699,14078,4396,5311,833,2246,150,1536,1,20:27
2024-25,1629637,Jaxson Hayes,Jaxson,1610612747,LAL,Los Angeles Lakers,0022400648,2025-01-27T00:00:00,LAL @ CHA,W,16.7,8.6,10.8,0.8,0.0,2.2,0.0,2.2,2.2,1.0,0.0,0.0,0.0,2.2,4.3,4.3,4.3,0.0,2.2,2.2,19.4,-19.4,44.2,0,0,38.8,1,1,13086,1,18461,5392,15735,1688,15070,19250,15070,10100,12229,1,14058,22137,23286,15792,3293,1359,754,8846,14323,12365,8468,21378,5577,2246,150,7508,1,16:42
2024-25,1627759,Jaylen Brown,Jaylen,1610612738,BOS,Boston Celtics,0022400650,2025-01-27T00:00:00,BOS vs. HOU,L,38.01,9.5,21.8,0.435,2.8,8.5,0.333,4.7,5.7,0.833,0.0,3.8,3.8,3.8,1.9,0.0,0.9,0.0,3.8,5.7,26.5,-11.4,37.7,0,0,38.8,1,13222,1,13222,1383,3922,1911,13702,7079,5544,9209,4451,4919,7275,14058,14362,17859,10532,11080,12854,7847,8846,7778,3059,3420,18463,9227,2246,150,7495,1,38:01
2024-25,1642347,Jamal Shead,Jamal,1610612761,TOR,Toronto Raptors,0022400654,2025-01-27T00:00:00,TOR vs. NOP,W,23.933333333333334,3.0,13.5,0.222,1.5,7.5,0.2,0.0,0.0,0.0,0.0,3.0,3.0,7.5,4.5,0.0,1.5,1.5,3.0,0.0,7.5,-13.5,22.4,0,0,22.6,1,1,13086,1,12962,19395,10945,21205,12011,7355,13429,13505,14344,13505,14058,16684,19701,3370,2983,12854,4833,4765,10676,17725,20304,19322,19921,2246,150,19308,1,23:56
2024-25,1627832,Fred VanVleet,Fred,1610612745,HOU,Houston Rockets,0022400650,2025-01-27T00:00:00,HOU @ BOS,W,36.73,2.0,8.8,0.222,2.0,6.9,0.286,1.0,1.0,1.0,0.0,4.9,4.9,6.9,0.0,1.0,0.0,0.0,2.9,1.0,6.9,3.9,26.0,0,0,22.5,1,1,13086,1,2176,21475,18986,21205,10347,8755,11433,13296,14245,1,14058,11157,15059,4196,16469,12124,8263,8846,10982,17455,20814,10692,17634,2246,150,19330,1,36:44
2024-25,1642267,Bub Carrington,Bub,1610612764,WAS,Washington Wizards,0022400657,2025-01-27T00:00:00,WAS @ DAL,L,24.9,2.9,8.7,0.333,1.4,4.3,0.333,2.9,2.9,1.0,1.4,0.0,1.4,1.4,1.4,0.0,0.0,0.0,0.0,4.3,10.1,-10.1,12.6,0,0,14.5,1,13222,1,13222,12089,19676,19229,17395,12271,14824,9209,8112,10253,1,10555,22137,22643,18190,13028,12854,8263,8846,20257,5500,18030,17937,23878,2246,150,23270,1,24:54
2024-25,1626168,Trey Lyles,Trey,1610612758,SAC,Sacramento Kings,0022400651,2025-01-27T00:00:00,SAC @ BKN,W,15.033333333333333,4.8,7.2,0.667,0.0,2.4,0.0,0.0,4.8,0.0,4.8,7.2,12.0,0.0,2.4,2.4,2.4,0.0,2.4,2.4,9.6,-43.1,35.9,0,0,31.1,1,1,13086,1,19532,14976,21336,3281,15070,18819,15070,13505,6319,13505,2578,6031,3515,19908,8679,4710,2565,8846,13233,11375,18560,25063,10418,2246,150,13053,1,15:02
2024-25,1629628,RJ Barrett,RJ,1610612761,TOR,Toronto Raptors,0022400654,2025-01-27T00:00:00,TOR vs. NOP,W,34.05,8.5,20.1,0.421,1.1,4.2,0.25,0.0,3.2,0.0,1.1,5.3,6.3,6.3,1.1,0.0,0.0,4.2,1.1,3.2,18.0,15.9,34.0,0,0,31.7,1,1,13086,1,4210,5694,2897,14442,14207,15054,11902,13505,9562,13505,12811,10060,11515,4946,15443,12854,8263,576,19361,8658,9877,5306,11768,2246,150,12607,1,34:03
2024-25,1630182,Josh Green,Josh,1610612766,CHA,Charlotte Hornets,0022400648,2025-01-27T00:00:00,CHA vs. LAL,L,33.03333333333333,4.4,6.5,0.667,4.4,6.5,0.667,3.3,3.3,1.0,0.0,1.1,1.1,1.1,2.2,3.3,0.0,0.0,3.3,1.1,16.3,-17.4,26.9,0,0,29.4,1,13222,1,13222,5120,16172,22069,3281,3305,9454,1957,7166,9380,1,14058,21773,23093,19382,9597,2619,8263,8846,9572,16953,11557,20760,17014,2246,150,14383,1,33:02
2024-25,1630168,Onyeka Okongwu,Onyeka,1610612737,ATL,Atlanta Hawks,0022400656,2025-01-27T00:00:00,ATL @ MIN,L,26.783333333333335,2.7,12.1,0.222,1.3,4.0,0.333,2.7,5.4,0.5,0.0,9.4,9.4,1.3,5.4,1.3,0.0,1.3,5.4,2.7,9.4,-18.8,21.4,0,0,24.2,1,13222,1,13222,10503,20115,13427,21205,12676,15511,9209,8604,5344,10625,14058,3104,6172,18521,1923,9219,8263,5426,3879,10343,18719,21186,20489,2246,150,18216,1,26:47
2024-25,1631204,Marcus Sasser,Marcus,1610612765,DET,Detroit Pistons,0022400649,2025-01-27T00:00:00,DET @ CLE,L,18.6,7.7,15.5,0.5,3.9,9.7,0.4,1.9,1.9,1.0,0.0,0.0,0.0,9.7,0.0,1.9,0.0,0.0,3.9,1.9,21.3,-11.6,41.6,0,0,38.7,1,13222,1,13222,17106,7182,7847,8526,4265,3883,7874,10848,12895,1,14058,22137,23286,1598,16469,6587,8263,8846,7544,13384,6834,18578,6823,2246,150,7584,1,18:36
2024-25,1628976,Wendell Carter Jr.,Wendell,1610612753,ORL,Orlando Magic,0022400652,2025-01-27T00:00:00,ORL @ MIA,L,35.55,5.1,7.1,0.714,1.0,2.0,0.5,3.0,3.0,1.0,2.0,5.1,7.1,5.1,2.0,1.0,0.0,0.0,2.0,4.1,14.2,-25.3,31.3,0,0,29.4,1,13222,1,13222,3031,14202,21454,2752,14471,19510,3944,7699,9881,1,8275,10688,9979,7327,10402,11836,8263,8846,14993,6167,13753,22874,13829,2246,150,14437,1,35:33
2024-25,1630172,Patrick Williams,Patrick,1610612741,CHI,Chicago Bulls,0022400655,2025-01-27T00:00:00,CHI vs. DEN,W,28.416666666666668,6.3,15.2,0.417,1.3,6.3,0.2,0.0,0.0,0.0,3.8,6.3,10.1,3.8,0.0,1.3,0.0,1.3,0.0,1.3,13.9,20.3,35.6,0,0,31.7,1,1,13086,1,9198,10602,8254,14532,12995,9902,13429,13505,14344,13505,3886,7630,5288,10495,16469,9678,8263,5831,20257,16048,14006,3874,10662,2246,150,12647,1,28:25
2024-25,201572,Brook Lopez,Brook,1610612749,MIL,Milwaukee Bucks,0022400658,2025-01-27T00:00:00,MIL @ UTA,W,35.483333333333334,4.1,8.1,0.5,1.0,4.1,0.25,1.0,1.0,1.0,2.0,4.1,6.1,1.0,0.0,0.0,3.0,0.0,3.0,4.1,10.1,23.3,28.1,0,0,24.3,1,1,13086,1,3087,16955,20064,8526,14460,15458,11902,13198,14195,1,8266,13552,12080,19631,16469,12854,1638,8846,10521,6148,18010,3185,16134,2246,150,18109,1,35:29
2024-25,1630224,Jalen Green,Jalen,1610612745,HOU,Houston Rockets,0022400650,2025-01-27T00:00:00,HOU @ BOS,W,29.663333333333334,3.6,15.8,0.231,1.2,7.3,0.167,6.1,8.5,0.714,0.0,3.6,3.6,7.3,1.2,1.2,0.0,3.6,1.2,4.9,14.6,0.0,32.3,0,0,29.1,1,1,13086,1,8086,17987,7435,21157,13295,7859,14236,2799,2195,9244,14058,14817,18223,3635,14336,10063,8263,825,18455,4381,13334,12240,13102,2246,150,14606,1,29:40
2024-25,1628379,Luke Kennard,Luke,1610612763,MEM,Memphis Grizzlies,0022400653,2025-01-27T00:00:00,MEM @ NYK,L,19.47,5.5,5.5,1.0,1.8,1.8,1.0,0.0,0.0,0.0,0.0,3.7,3.7,12.9,3.7,0.0,0.0,0.0,0.0,1.8,12.9,-5.5,33.1,0,0,31.4,1,13222,1,13222,16445,12862,23048,1,10883,19832,1,13505,14344,13505,14058,14640,18078,540,4562,12854,8263,8846,20257,13739,15152,15849,12515,2246,150,12827,1,19:28
2024-25,1631323,Simone Fontecchio,Simone,1610612765,DET,Detroit Pistons,0022400649,2025-01-27T00:00:00,DET @ CLE,L,18.75,3.8,11.5,0.333,0.0,5.8,0.0,0.0,0.0,0.0,0.0,5.8,5.8,1.9,0.0,0.0,0.0,0.0,0.0,1.9,7.7,-1.9,17.5,0,0,15.4,1,13222,1,13222,17005,17475,14438,17395,15070,11296,15070,13505,14344,13505,14058,8882,12868,16674,16469,12854,8263,8846,20257,13439,20177,13996,22302,2246,150,22929,1,18:45
2024-25,203944,Julius Randle,Julius,1610612750,MIN,Minnesota Timberwolves,0022400656,2025-01-27T00:00:00,MIN vs. ATL,W,32.3,7.8,18.9,0.412,3.3,8.9,0.375,3.3,3.3,1.0,3.3,5.6,8.9,2.2,5.6,1.1,0.0,1.1,3.3,3.3,22.3,13.4,34.1,0,0,39.0,1,1,13086,1,5727,7057,3793,14791,5526,4941,8800,7008,9202,1,4649,9357,6868,15514,1750,10903,8263,6919,9267,8108,6007,6235,11720,2246,150,7372,1,32:18
2024-25,1629630,Ja Morant,Ja,1610612763,MEM,Memphis Grizzlies,0022400653,2025-01-27T00:00:00,MEM @ NYK,L,27.315,6.6,17.1,0.385,0.0,1.3,0.0,0.0,0.0,0.0,1.3,5.3,6.6,2.6,5.3,0.0,0.0,2.6,0.0,1.3,13.2,-54.0,19.8,0,0,22.4,1,13222,1,13222,10094,9960,5660,16070,15070,20481,15070,13505,14344,13505,11114,10097,10978,14096,2040,12854,8263,1826,20257,15817,14902,25545,21277,2246,150,19419,1,27:19
2024-25,1626166,Cameron Payne,Cameron,1610612752,NYK,New York Knicks,0022400653,2025-01-27T00:00:00,NYK vs. MEM,W,16.433333333333334,8.8,21.9,0.4,2.2,13.1,0.167,4.4,4.4,1.0,2.2,4.4,6.6,2.2,4.4,2.2,0.0,2.2,2.2,2.2,24.1,37.2,37.5,0,0,39.4,1,1,13086,1,18635,5155,1864,14933,9265,1231,14236,5023,7063,1,7609,12571,11016,15661,3171,5437,8263,2668,14134,12200,4734,1178,9371,2246,150,7114,1,16:26
2024-25,1630530,Trey Murphy III,Trey,1610612740,NOP,New Orleans Pelicans,0022400654,2025-01-27T00:00:00,NOP @ TOR,L,38.865,5.6,13.0,0.429,1.9,6.5,0.286,0.0,0.0,0.0,0.9,5.6,6.5,2.8,2.8,1.9,1.9,1.9,1.9,1.9,13.0,-5.6,33.3,0,0,31.5,1,13222,1,13222,939,12823,11916,13735,10865,9588,11433,13505,14344,13505,13795,9399,11212,13656,7291,7016,3921,3730,15926,13721,15128,15859,12387,2246,150,12778,1,38:52
2024-25,1630811,Keaton Wallace,Keaton,1610612737,ATL,Atlanta Hawks,0022400656,2025-01-27T00:00:00,ATL @ MIN,L,34.79333333333334,4.1,12.4,0.333,3.1,9.3,0.333,2.1,2.1,1.0,1.0,2.1,3.1,7.2,3.1,2.1,0.0,0.0,3.1,1.0,13.5,-7.2,31.1,0,0,31.0,1,13222,1,13222,3622,16747,12864,17395,6207,4365,9209,10406,12522,1,12985,19451,19467,3697,6113,5912,8263,8846,10260,17249,14571,16612,13953,2246,150,13127,1,34:48
2024-25,1630574,Ariel Hukporti,Ariel,1610612752,NYK,New York Knicks,0022400653,2025-01-27T00:00:00,NYK vs. MEM,W,1.8666666666666667,0.0,0.0,0.0,0.0,0.0,0.0,38.6,38.6,1.0,0.0,0.0,0.0,0.0,0.0,0.0,0.0,0.0,0.0,19.3,38.6,96.4,38.6,0,0,38.6,1,1,13086,1,25549,22635,24836,22635,15070,20945,15070,16,32,1,14058,22137,23286,19908,16469,12854,8263,8846,20257,51,545,86,8659,2246,150,7653,1,1:52
2024-25,1630346,Matt Ryan,Matt,1610612752,NYK,New York Knicks,0022400653,2025-01-27T00:00:00,NYK vs. MEM,W,2.283333333333333,0.0,15.8,0.0,0.0,0.0,0.0,0.0,0.0,0.0,0.0,15.8,15.8,15.8,0.0,0.0,0.0,0.0,0.0,0.0,0.0,94.6,42.6,0,0,31.5,1,1,13086,1,25327,22635,7448,22635,15070,20945,15070,13505,14344,13505,14058,463,1494,229,16469,12854,8263,8846,20257,17725,23200,96,6328,2246,150,12747,1,2:17
2024-25,1630241,Sam Merrill,Sam,1610612739,CLE,Cleveland Cavaliers,0022400649,2025-01-27T00:00:00,CLE vs. DET,W,22.816666666666666,4.7,9.5,0.5,3.2,7.9,0.4,0.0,0.0,0.0,0.0,6.3,6.3,0.0,0.0,0.0,0.0,0.0,1.6,1.6,12.6,7.9,20.2,0,0,22.1,1,1,13086,1,13863,15162,18007,8526,6069,6642,7874,13505,14344,13505,14058,7676,11582,19908,16469,12854,8263,8846,16934,14700,15464,8689,21062,2246,150,19625,1,22:49
2024-25,1628374,Lauri Markkanen,Lauri,1610612762,UTA,Utah Jazz,0022400658,2025-01-27T00:00:00,UTA vs. MIL,L,36.083333333333336,8.0,18.0,0.444,2.0,12.0,0.167,1.0,2.0,0.5,1.0,8.0,9.0,1.0,1.0,0.0,0.0,0.0,3.0,2.0,19.0,-11.0,30.2,0,0,30.9,1,13222,1,13222,2619,6666,4744,13045,10185,1797,14236,13241,12741,10625,13276,4729,6781,19685,15865,12854,8263,8846,10768,13104,8900,18309,14646,2246,150,13226,1,36:05
2024-25,1626181,Norman Powell,Norman,1610612746,LAC,LA Clippers,0022400659,2025-01-27T00:00:00,LAC @ PHX,L,37.88333333333333,7.6,13.3,0.571,2.9,4.8,0.6,3.8,4.8,0.8,0.0,4.8,4.8,1.9,1.0,3.8,0.0,1.0,1.9,4.8,21.9,14.3,40.9,0,0,39.0,1,13222,1,13222,1453,7514,11295,6538,7045,13833,2992,6081,6396,7681,14058,11568,15443,16751,16148,1849,8263,8341,15667,4612,6323,5904,7247,2246,150,7403,1,37:53
2024-25,1642259,Alex Sarr,Alex,1610612764,WAS,Washington Wizards,0022400657,2025-01-27T00:00:00,WAS @ DAL,L,11.333333333333334,6.4,19.1,0.333,0.0,6.4,0.0,0.0,0.0,0.0,3.2,3.2,6.4,3.2,0.0,0.0,0.0,0.0,0.0,0.0,12.7,-57.2,25.1,0,0,22.2,1,13222,1,13222,21566,10554,3709,17395,15070,9865,15070,13505,14344,13505,4991,16169,11498,12398,16469,12854,8263,8846,20257,17725,15384,25610,18217,2246,150,19531,1,11:20
2024-25,202685,Jonas Valančiūnas,Jonas,1610612764,WAS,Washington Wizards,0022400657,2025-01-27T00:00:00,WAS @ DAL,L,18.616666666666667,7.7,13.5,0.571,0.0,0.0,0.0,1.9,1.9,1.0,1.9,7.7,9.7,3.9,3.9,0.0,0.0,3.9,3.9,9.7,17.4,-29.0,30.9,0,0,30.9,1,13222,1,13222,17095,7193,10948,6538,15070,20945,15070,10851,12897,1,8691,5110,5839,10316,4153,12854,8263,698,7559,481,10425,23590,14095,2246,150,13215,1,18:37
2024-25,203497,Rudy Gobert,Rudy,1610612750,MIN,Minnesota Timberwolves,0022400656,2025-01-27T00:00:00,MIN vs. ATL,W,38.31666666666667,6.6,8.5,0.778,0.0,0.0,0.0,3.8,6.6,0.571,4.7,4.7,9.4,0.9,0.9,0.0,1.9,0.0,1.9,5.6,16.9,7.5,34.3,1,0,31.0,1,1,13086,1,1206,9995,19564,1994,15070,20945,15070,6170,3798,10536,2676,11712,6193,19820,16200,12854,3829,8846,15793,3138,10949,8876,11596,1,150,13163,1,38:19
2024-25,1629675,Naz Reid,Naz,1610612750,MIN,Minnesota Timberwolves,0022400656,2025-01-27T00:00:00,MIN vs. ATL,W,28.7,7.5,11.3,0.667,3.8,6.3,0.6,0.0,0.0,0.0,0.0,3.8,3.8,2.5,2.5,0.0,0.0,0.0,1.3,0.0,18.8,5.0,24.6,0,0,28.9,1,1,13086,1,8920,7695,14846,3281,4541,10040,2992,13505,14344,13505,14058,14433,17910,14514,8212,12854,8263,8846,18250,17725,9018,10100,18553,2246,150,14824,1,28:42
2024-25,1630557,Corey Kispert,Corey,1610612764,WAS,Washington Wizards,0022400657,2025-01-27T00:00:00,WAS @ DAL,L,29.65,4.9,12.1,0.4,2.4,4.9,0.5,6.1,6.1,1.0,0.0,2.4,2.4,0.0,1.2,0.0,0.0,0.0,0.0,2.4,18.2,-2.4,19.9,0,0,23.1,1,13222,1,13222,8089,14785,13337,14933,8378,13547,3944,2797,4380,1,14058,18403,20940,19908,14334,12854,8263,8846,20257,11234,9613,14276,21207,2246,150,18965,1,29:39
2024-25,201144,Mike Conley,Mike,1610612750,MIN,Minnesota Timberwolves,0022400656,2025-01-27T00:00:00,MIN vs. ATL,W,31.366666666666667,1.1,10.3,0.111,0.0,5.7,0.0,2.3,2.3,1.0,1.1,3.4,4.6,4.6,1.1,4.6,0.0,0.0,0.0,1.1,4.6,8.0,29.6,0,0,23.0,1,1,13086,1,6536,22541,16509,22520,15070,11364,15070,9644,11800,1,12129,15396,15829,8434,14809,1156,8263,8846,20257,16662,22239,8619,15074,2246,150,19062,1,31:22
2024-25,1641824,Matas Buzelis,Matas,1610612741,CHI,Chicago Bulls,0022400655,2025-01-27T00:00:00,CHI vs. DEN,W,19.883333333333333,7.2,9.1,0.8,1.8,1.8,1.0,0.0,0.0,0.0,0.0,7.2,7.2,3.6,1.8,0.0,0.0,0.0,1.8,0.0,16.3,18.1,28.6,0,0,29.0,1,1,13086,1,16109,8352,18638,1688,11031,19901,1,13505,14344,13505,14058,5924,9669,11027,11496,12854,8263,8846,16122,17725,11616,4525,15795,2246,150,14733,1,19:53
2024-25,1629651,Nic Claxton,Nic,1610612751,BKN,Brooklyn Nets,0022400651,2025-01-27T00:00:00,BKN vs. SAC,L,24.938333333333333,4.3,8.7,0.5,0.0,0.0,0.0,0.0,0.0,0.0,2.9,7.2,10.1,4.3,2.9,1.4,1.4,0.0,8.7,4.3,8.7,-28.9,33.1,0,0,28.9,1,13222,1,13222,12061,16248,19257,8526,15070,20945,15070,13505,14344,13505,5625,5969,5322,9057,6895,8673,5065,8846,1077,5518,19387,23568,12545,2246,150,14803,1,24:56
2024-25,1627884,Derrick Jones Jr.,Derrick,1610612746,LAC,LA Clippers,0022400659,2025-01-27T00:00:00,LAC @ PHX,L,31.233333333333334,4.6,8.1,0.571,1.2,3.5,0.333,3.5,4.6,0.75,3.5,2.3,5.8,1.2,0.0,2.3,1.2,0.0,0.0,2.3,13.8,23.1,32.8,0,0,28.8,1,13222,1,13222,6669,15460,20145,6538,13634,16741,9209,6782,6639,8186,4442,18746,12865,19173,16469,5016,6468,8846,20257,11719,14116,3253,12695,2246,150,14851,1,31:14
2024-25,1631108,Max Christie,Max,1610612747,LAL,Los Angeles Lakers,0022400648,2025-01-27T00:00:00,LAL @ CHA,W,39.416666666666664,2.7,7.3,0.375,2.7,5.5,0.5,0.9,0.9,1.0,0.0,1.8,1.8,2.7,1.8,0.0,0.9,0.9,1.8,0.9,9.1,12.8,16.3,0,0,18.3,1,1,13086,1,740,19997,21198,16299,7419,12006,3944,13436,14306,1,14058,20171,22122,13789,11424,12854,8027,8593,16053,17637,18957,6481,22725,2246,150,21733,1,39:25
2024-25,1629312,Haywood Highsmith,Haywood,1610612748,MIA,Miami Heat,0022400652,2025-01-27T00:00:00,MIA vs. ORL,W,19.363333333333333,3.7,5.6,0.667,0.0,1.9,0.0,0.0,0.0,0.0,3.7,1.9,5.6,7.4,0.0,1.9,0.0,0.0,3.7,1.9,7.4,7.4,30.9,0,0,24.2,1,1,13086,1,16537,17783,23019,3281,15070,19812,15070,13505,14344,13505,4010,20085,13337,3474,16469,6977,8263,8846,8010,13697,20373,8916,14150,2246,150,18227,1,19:22
2024-25,203552,Seth Curry,Seth,1610612766,CHA,Charlotte Hornets,0022400648,2025-01-27T00:00:00,CHA vs. LAL,L,11.633333333333333,0.0,3.1,0.0,0.0,0.0,0.0,0.0,0.0,0.0,0.0,3.1,3.1,0.0,0.0,0.0,0.0,0.0,0.0,3.1,0.0,-18.6,3.7,0,0,3.1,1,13222,1,13222,21438,22635,24463,22635,15070,20945,15070,13505,14344,13505,14058,16420,19486,19908,16469,12854,8263,8846,20257,8901,23200,21088,25097,2246,150,25228,1,11:38
2024-25,1641733,Nick Smith Jr.,Nick,1610612766,CHA,Charlotte Hornets,0022400648,2025-01-27T00:00:00,CHA vs. LAL,L,24.766666666666666,2.9,11.6,0.25,0.0,5.8,0.0,0.0,0.0,0.0,0.0,1.5,1.5,8.7,1.5,0.0,1.5,1.5,4.4,1.5,5.8,-5.8,23.5,0,0,18.9,1,13222,1,13222,12199,19642,14262,20233,15070,11172,15070,13505,14344,13505,14058,20982,22631,2253,12993,12854,5026,4971,6119,15226,21513,15975,19230,2246,150,21434,1,24:46
2024-25,1630249,Vít Krejčí,Vít,1610612737,ATL,Atlanta Hawks,0022400656,2025-01-27T00:00:00,ATL @ MIN,L,34.43333333333333,2.1,6.3,0.333,0.0,4.2,0.0,0.0,0.0,0.0,1.0,4.2,5.2,6.3,4.2,1.0,0.0,0.0,3.1,1.0,4.2,-11.5,18.8,0,0,17.8,1,13222,1,13222,3903,21249,22350,17395,15070,15157,15070,13505,14344,13505,12907,13157,14215,5060,3535,11537,8263,8846,10150,17189,22472,18536,21748,2246,150,21957,1,34:26
2024-25,1630283,Kylor Kelley,Kylor,1610612742,DAL,Dallas Mavericks,0022400657,2025-01-27T00:00:00,DAL vs. WAS,W,7.616666666666666,0.0,0.0,0.0,0.0,0.0,0.0,4.7,9.5,0.5,4.7,14.2,18.9,0.0,0.0,0.0,0.0,0.0,9.5,4.7,4.7,-14.2,27.4,0,0,23.6,1,1,13086,1,22943,22635,24836,22635,15070,20945,15070,4466,1631,10625,2638,724,716,19908,16469,12854,8263,8846,827,4664,22168,19575,16645,2246,150,18588,1,7:37
2024-25,1629674,Neemias Queta,Neemias,1610612738,BOS,Boston Celtics,0022400650,2025-01-27T00:00:00,BOS vs. HOU,L,18.95,1.9,3.8,0.5,0.0,0.0,0.0,3.8,3.8,1.0,1.9,7.6,9.5,1.9,3.8,0.0,0.0,0.0,3.8,1.9,7.6,0.0,18.0,0,0,19.0,1,13222,1,13222,16868,21585,24187,8526,15070,20945,15070,6084,8252,1,8814,5331,6067,16752,4321,12854,8263,8846,7739,13510,20243,12240,22073,2246,150,21395,1,18:57
2024-25,202699,Tobias Harris,Tobias,1610612765,DET,Detroit Pistons,0022400649,2025-01-27T00:00:00,DET @ CLE,L,27.35,1.3,11.8,0.111,0.0,5.3,0.0,0.0,0.0,0.0,0.0,2.6,2.6,1.3,0.0,0.0,0.0,1.3,2.6,0.0,2.6,-26.3,7.8,0,0,6.6,1,13222,1,13222,10062,22385,13870,22520,15070,12555,15070,13505,14344,13505,14058,17871,20579,18609,16469,12854,8263,5572,12315,17725,23041,23092,24726,2246,150,24938,1,27:21
2024-25,203458,Alex Len,Alex,1610612758,SAC,Sacramento Kings,0022400651,2025-01-27T00:00:00,SAC @ BKN,W,4.636666666666667,0.0,0.0,0.0,0.0,0.0,0.0,0.0,0.0,0.0,7.8,0.0,7.8,0.0,7.8,0.0,0.0,0.0,7.8,0.0,0.0,-108.7,1.6,0,0,7.8,1,1,13086,1,24164,22635,24836,22635,15070,20945,15070,13505,14344,13505,861,22137,8689,19908,643,12854,8263,8846,1486,17725,23200,26194,25184,2246,150,24795,1,4:38
2024-25,202693,Markieff Morris,Markieff,1610612742,DAL,Dallas Mavericks,0022400657,2025-01-27T00:00:00,DAL vs. WAS,W,11.566666666666666,3.1,18.7,0.167,0.0,12.4,0.0,0.0,0.0,0.0,0.0,3.1,3.1,0.0,0.0,0.0,0.0,0.0,3.1,3.1,6.2,-24.9,10.0,0,0,9.3,1,1,13086,1,21464,19166,4046,21938,15070,1551,15070,13505,14344,13505,14058,16378,19448,19908,16469,12854,8263,8846,10229,8843,21235,22788,24428,2246,150,24549,1,11:34
2024-25,1630695,Micah Potter,Micah,1610612762,UTA,Utah Jazz,0022400658,2025-01-27T00:00:00,UTA vs. MIL,L,22.916666666666668,1.6,11.0,0.143,1.6,9.4,0.167,0.0,0.0,0.0,3.1,3.1,6.3,0.0,3.1,1.6,1.6,0.0,1.6,1.6,4.7,-25.1,18.5,0,0,18.9,1,13222,1,13222,13780,22077,15360,22260,11786,4218,14236,13505,14344,13505,5059,16299,11648,19908,6013,8103,4639,8846,16959,14723,22178,22841,21870,2246,150,21455,1,22:55
2024-25,1627827,Dorian Finney-Smith,Dorian,1610612747,LAL,Los Angeles Lakers,0022400648,2025-01-27T00:00:00,LAL @ CHA,W,26.553333333333335,4.1,5.4,0.75,0.0,1.4,0.0,0.0,0.0,0.0,1.4,5.4,6.8,0.0,1.4,1.4,0.0,0.0,2.7,0.0,8.1,17.6,19.0,0,0,17.6,1,1,13086,1,10685,16934,23150,2107,15070,20429,15070,13505,14344,13505,10955,9734,10579,19908,13542,9160,8263,8846,11996,17725,19807,4702,21652,2246,150,22025,1,26:33
2024-25,1631223,David Roddy,David,1610612737,ATL,Atlanta Hawks,0022400656,2025-01-27T00:00:00,ATL @ MIN,L,18.033333333333335,2.0,6.0,0.333,0.0,4.0,0.0,0.0,0.0,0.0,2.0,8.0,10.0,0.0,2.0,0.0,2.0,0.0,2.0,0.0,4.0,-6.0,20.0,0,0,18.0,1,13222,1,13222,17542,21417,22617,17395,15070,15598,15070,13505,14344,13505,8403,4723,5450,19908,10543,12854,3504,8846,15167,17725,22558,16051,21187,2246,150,21884,1,18:02
2024-25,201587,Nicolas Batum,Nicolas,1610612746,LAC,LA Clippers,0022400659,2025-01-27T00:00:00,LAC @ PHX,L,11.565,0.0,3.1,0.0,0.0,3.1,0.0,0.0,0.0,0.0,0.0,0.0,0.0,0.0,0.0,3.1,0.0,0.0,3.1,0.0,0.0,-37.4,9.3,0,0,6.2,1,13222,1,13222,21469,22635,24454,22635,15070,17435,15070,13505,14344,13505,14058,22137,23286,19908,16469,2908,8263,8846,10227,17725,23200,24647,24517,2246,150,24980,1,11:34
2024-25,1629003,Shake Milton,Shake,1610612747,LAL,Los Angeles Lakers,0022400648,2025-01-27T00:00:00,LAL @ CHA,W,12.083333333333334,0.0,6.0,0.0,0.0,0.0,0.0,0.0,0.0,0.0,3.0,3.0,6.0,3.0,0.0,0.0,0.0,0.0,8.9,0.0,0.0,-17.9,11.6,0,0,8.9,1,1,13086,1,21195,22635,22648,22635,15070,20945,15070,13505,14344,13505,5396,16806,12390,13002,16469,12854,8263,8846,982,17725,23200,20895,24108,2246,150,24620,1,12:05
2024-25,1642269,Devin Carter,Devin,1610612758,SAC,Sacramento Kings,0022400651,2025-01-27T00:00:00,SAC @ BKN,W,9.593333333333334,3.8,15.0,0.25,0.0,3.8,0.0,0.0,0.0,0.0,0.0,7.5,7.5,3.8,7.5,0.0,0.0,0.0,11.3,0.0,7.5,30.0,14.6,0,0,18.8,1,1,13086,1,22247,17703,8595,20233,15070,16095,15070,13505,14344,13505,14058,5489,9158,10642,711,12854,8263,8846,501,17725,20317,1958,23300,2246,150,21504,1,9:36
2024-25,1630534,Ochai Agbaji,Ochai,1610612761,TOR,Toronto Raptors,0022400654,2025-01-27T00:00:00,TOR vs. NOP,W,11.803333333333333,3.0,6.1,0.5,0.0,0.0,0.0,0.0,0.0,0.0,0.0,3.0,3.0,0.0,3.0,0.0,0.0,0.0,0.0,0.0,6.1,-33.5,6.7,0,0,9.1,1,1,13086,1,21376,19323,22514,8526,15070,20945,15070,13505,14344,13505,14058,16558,19584,19908,6287,12854,8263,8846,20257,17725,21317,24235,24843,2246,150,24579,1,11:48
2024-25,1641854,Craig Porter Jr.,Craig,1610612739,CLE,Cleveland Cavaliers,0022400649,2025-01-27T00:00:00,CLE vs. DET,W,6.25,0.0,0.0,0.0,0.0,0.0,0.0,0.0,0.0,0.0,0.0,5.8,5.8,0.0,0.0,0.0,0.0,0.0,0.0,0.0,0.0,11.5,6.9,0,0,5.8,1,1,13086,1,23477,22635,24836,22635,15070,20945,15070,13505,14344,13505,14058,8882,12868,19908,16469,12854,8263,8846,20257,17725,23200,7000,24831,2246,150,25030,1,6:15
2024-25,1631169,Josh Minott,Josh,1610612750,MIN,Minnesota Timberwolves,0022400656,2025-01-27T00:00:00,MIN vs. ATL,W,7.866666666666666,0.0,13.7,0.0,0.0,0.0,0.0,0.0,0.0,0.0,4.6,4.6,9.2,0.0,0.0,0.0,0.0,0.0,4.6,0.0,0.0,-18.3,11.0,0,0,9.2,1,1,13086,1,22856,22635,10600,22635,15070,20945,15070,13505,14344,13505,2833,12057,6503,19908,16469,12854,8263,8846,5599,17725,23200,21019,24241,2246,150,24577,1,7:52
2024-25,1629599,Amir Coffey,Amir,1610612746,LAC,LA Clippers,0022400659,2025-01-27T00:00:00,LAC @ PHX,L,33.88333333333333,2.1,5.3,0.4,0.0,3.2,0.0,2.1,2.1,1.0,1.1,1.1,2.1,1.1,1.1,0.0,0.0,0.0,2.1,3.2,6.4,-18.1,9.5,0,0,9.6,1,13222,1,13222,4366,21200,23249,14933,15070,17293,15070,10216,12337,1,12775,21845,21562,19474,15402,12854,8263,8846,14494,8600,21141,20951,24505,2246,150,24516,1,33:53
2024-25,1631210,Jacob Toppin,Jacob,1610612752,NYK,New York Knicks,0022400653,2025-01-27T00:00:00,NYK vs. MEM,W,3.9166666666666665,0.0,0.0,0.0,0.0,0.0,0.0,0.0,0.0,0.0,0.0,9.2,9.2,0.0,0.0,0.0,0.0,0.0,9.2,0.0,0.0,27.6,11.0,0,0,9.2,1,1,13086,1,24535,22635,24836,22635,15070,20945,15070,13505,14344,13505,14058,3313,6457,19908,16469,12854,8263,8846,901,17725,23200,2332,24235,2246,150,24571,1,3:55
2024-25,1631124,Julian Strawther,Julian,1610612743,DEN,Denver Nuggets,0022400655,2025-01-27T00:00:00,DEN @ CHI,L,15.133333333333333,0.0,9.5,0.0,0.0,4.8,0.0,0.0,0.0,0.0,2.4,2.4,4.8,0.0,0.0,2.4,0.0,0.0,4.8,4.8,0.0,-35.7,12.8,0,0,9.5,1,13222,1,13222,19475,22635,17913,22635,15070,13812,15070,13505,14344,13505,6985,18545,15410,19908,16469,4764,8263,8846,5157,4595,23200,24485,23811,2246,150,24525,1,15:08
2024-25,1641748,Andre Jackson Jr.,Andre,1610612749,MIL,Milwaukee Bucks,0022400658,2025-01-27T00:00:00,MIL @ UTA,W,25.665,4.2,4.2,1.0,0.0,0.0,0.0,0.0,0.0,0.0,2.8,4.2,7.0,2.8,1.4,2.8,0.0,0.0,5.6,0.0,8.4,12.6,28.1,0,0,23.8,1,1,13086,1,11440,16573,23988,1,15070,20945,15070,13505,14344,13505,5846,13091,10123,13569,13268,3673,8263,8846,3529,17725,19584,6553,16184,2246,150,18439,1,25:40
2024-25,203926,Doug McDermott,Doug,1610612758,SAC,Sacramento Kings,0022400651,2025-01-27T00:00:00,SAC @ BKN,W,6.533333333333333,0.0,22.0,0.0,0.0,11.0,0.0,0.0,0.0,0.0,0.0,5.5,5.5,0.0,0.0,0.0,0.0,5.5,0.0,0.0,0.0,-55.1,6.6,0,0,5.5,1,1,13086,1,23356,22635,1795,22635,15070,2465,15070,13505,14344,13505,14058,9499,13509,19908,16469,12854,8263,282,20257,17725,23200,25567,24853,2246,150,25054,1,6:32
2024-25,1641736,Reece Beekman,Reece,1610612751,BKN,Brooklyn Nets,0022400651,2025-01-27T00:00:00,BKN vs. SAC,L,11.683333333333334,0.0,3.1,0.0,0.0,3.1,0.0,0.0,0.0,0.0,3.1,0.0,3.1,6.2,0.0,0.0,0.0,3.1,0.0,6.2,0.0,-9.2,12.9,0,0,9.2,1,13222,1,13222,21422,22635,24468,22635,15070,17489,15070,13505,14344,13505,5171,22137,19521,5233,16469,12854,8263,1251,20257,2434,23200,17547,23785,2246,150,24568,1,11:41
2024-25,1631157,Ryan Rollins,Ryan,1610612749,MIL,Milwaukee Bucks,0022400658,2025-01-27T00:00:00,MIL @ UTA,W,7.435,0.0,0.0,0.0,0.0,0.0,0.0,0.0,0.0,0.0,0.0,0.0,0.0,4.8,4.8,0.0,0.0,0.0,9.7,0.0,0.0,29.1,2.4,0,0,4.8,1,1,13086,1,23023,22635,24836,22635,15070,20945,15070,13505,14344,13505,14058,22137,23286,7814,2531,12854,8263,8846,770,17725,23200,2100,25150,2246,150,25119,1,7:26
2024-25,1642271,Kyle Filipowski,Kyle,1610612762,UTA,Utah Jazz,0022400658,2025-01-27T00:00:00,UTA vs. MIL,L,25.583333333333332,2.8,9.9,0.286,0.0,5.6,0.0,2.8,2.8,1.0,4.2,7.0,11.3,4.2,0.0,0.0,0.0,1.4,4.2,2.8,8.4,-1.4,28.3,0,0,23.9,1,13222,1,13222,11499,19842,17327,19630,15070,11635,15070,8315,10455,1,3281,6296,4190,9336,16469,12854,8263,5156,6494,9916,19562,13761,16010,2246,150,18381,1,25:35
2024-25,201959,Taj Gibson,Taj,1610612766,CHA,Charlotte Hornets,0022400648,2025-01-27T00:00:00,CHA vs. LAL,L,3.95,0.0,0.0,0.0,0.0,0.0,0.0,0.0,0.0,0.0,0.0,18.2,18.2,0.0,0.0,0.0,0.0,0.0,9.1,0.0,0.0,-27.3,21.9,0,0,18.2,1,13222,1,13222,24514,22635,24836,22635,15070,20945,15070,13505,14344,13505,14058,242,842,19908,16469,12854,8263,8846,927,17725,23200,23298,20220,2246,150,21759,1,3:57
2024-25,1631107,Nikola Jović,Nikola,1610612748,MIA,Miami Heat,0022400652,2025-01-27T00:00:00,MIA vs. ORL,W,46.583333333333336,3.9,9.3,0.417,2.3,6.2,0.375,1.5,1.5,1.0,0.0,5.4,5.4,1.5,2.3,1.5,0.0,0.0,2.3,2.3,11.6,-3.1,22.7,0,0,24.0,1,1,13086,1,29,17417,18300,14532,8783,10237,8800,11702,13442,1,14058,9766,13792,17819,8993,8216,8263,8846,13566,11666,16580,14618,19739,2246,150,18361,1,46:35
2024-25,1630549,Day'Ron Sharpe,Day'Ron,1610612751,BKN,Brooklyn Nets,0022400651,2025-01-27T00:00:00,BKN vs. SAC,L,23.061666666666667,6.2,10.9,0.571,0.0,0.0,0.0,6.2,6.2,1.0,10.9,4.7,15.6,1.6,0.0,4.7,1.6,0.0,1.6,4.7,18.7,9.4,58.5,1,0,48.4,1,13222,1,13222,13674,10860,15486,6538,15070,20945,15070,2637,4181,1,316,11761,1548,17767,16469,1101,4670,8846,16997,4753,9105,8009,1404,1,150,3021,1,23:04
2024-25,1630581,Josh Giddey,Josh,1610612741,CHI,Chicago Bulls,0022400655,2025-01-27T00:00:00,CHI vs. DEN,W,26.716666666666665,6.7,10.8,0.625,2.7,5.4,0.5,0.0,0.0,0.0,2.7,2.7,5.4,13.5,5.4,4.0,1.3,0.0,1.3,0.0,16.2,-10.8,53.6,1,0,48.5,1,1,13086,1,10552,9599,15731,4899,7556,12234,3944,13505,14344,13505,6120,17715,13834,454,1912,1595,5457,8846,17831,17725,11761,18223,2292,1,150,2986,1,26:43
2024-25,1630314,Brandon Williams,Brandon,1610612742,DAL,Dallas Mavericks,0022400657,2025-01-27T00:00:00,DAL vs. WAS,W,7.616666666666666,0.0,9.5,0.0,0.0,9.5,0.0,0.0,0.0,0.0,0.0,4.7,4.7,28.4,4.7,0.0,0.0,0.0,4.7,0.0,0.0,-14.2,43.5,0,0,33.1,1,1,13086,1,22943,22635,18030,22635,15070,4175,15070,13505,14344,13505,14058,11623,15490,28,2681,12854,8263,8846,5219,17725,23200,19575,5889,2246,150,11587,1,7:37
2024-25,1631116,Patrick Baldwin Jr.,Patrick,1610612764,WAS,Washington Wizards,0022400657,2025-01-27T00:00:00,WAS @ DAL,L,8.816666666666666,4.1,12.2,0.333,4.1,4.1,1.0,0.0,0.0,0.0,4.1,4.1,8.2,0.0,0.0,0.0,0.0,0.0,0.0,0.0,12.2,24.5,22.0,0,0,24.5,1,13222,1,13222,22526,16879,13169,17395,3820,15387,1,13505,14344,13505,3472,13466,7980,19908,16469,12854,8263,8846,20257,17725,15868,2921,20114,2246,150,18008,1,8:49
2024-25,1641744,Zach Edey,Zach,1610612763,MEM,Memphis Grizzlies,0022400653,2025-01-27T00:00:00,MEM @ NYK,L,19.216666666666665,7.5,15.0,0.5,0.0,1.9,0.0,1.9,1.9,1.0,11.2,9.4,20.6,0.0,5.6,0.0,5.6,0.0,5.6,1.9,16.9,-35.6,52.8,0,0,48.7,1,13222,1,13222,16650,7780,8639,8526,15070,19786,15070,11034,13047,1,292,3146,454,19908,1711,12854,376,8846,3516,13621,10999,24472,2502,2246,150,2920,1,19:13
2024-25,1642276,Kel'el Ware,Kel'el,1610612748,MIA,Miami Heat,0022400652,2025-01-27T00:00:00,MIA vs. ORL,W,42.5,5.9,6.8,0.875,3.4,3.4,1.0,0.8,1.7,0.5,0.0,8.5,8.5,0.0,2.5,1.7,0.8,0.0,4.2,0.8,16.1,12.7,31.3,1,0,33.0,1,1,13086,1,203,11711,21805,1353,5411,16888,1,13484,13299,10625,14058,4082,7513,19908,8078,7627,8193,8846,6458,17705,11825,6518,13792,1,150,11632,1,42:30
2024-25,1629006,Josh Okogie,Josh,1610612766,CHA,Charlotte Hornets,0022400648,2025-01-27T00:00:00,CHA vs. LAL,L,25.083333333333332,8.6,15.8,0.545,4.3,8.6,0.5,5.7,7.2,0.8,1.4,1.4,2.9,2.9,2.9,5.7,0.0,2.9,0.0,5.7,27.3,11.5,49.4,0,0,48.8,1,13222,1,13222,11930,5417,7427,7695,3378,5402,3944,3147,3188,7681,10598,21015,20061,13376,6958,558,8263,1504,20257,2991,3081,7018,3473,2246,150,2890,1,25:05
2024-25,1630540,Miles McBride,Miles,1610612752,NYK,New York Knicks,0022400653,2025-01-27T00:00:00,NYK vs. MEM,W,23.6,9.2,19.8,0.462,3.1,10.7,0.286,0.0,0.0,0.0,3.1,3.1,6.1,6.1,0.0,4.6,1.5,0.0,4.6,3.1,21.4,12.2,56.1,0,0,48.8,1,1,13086,1,13227,4441,3080,12428,6345,2805,11433,13505,14344,13505,5228,16553,12052,5323,16469,1172,4761,8846,5609,9071,6768,6711,1784,2246,150,2886,1,23:36
2024-25,1630191,Isaiah Stewart,Isaiah,1610612765,DET,Detroit Pistons,0022400649,2025-01-27T00:00:00,DET @ CLE,L,16.133333333333333,6.7,6.7,1.0,0.0,0.0,0.0,0.0,2.2,0.0,0.0,8.9,8.9,2.2,6.7,0.0,0.0,0.0,4.5,4.5,13.4,-4.5,20.8,0,0,24.5,1,13222,1,13222,18839,9696,21898,1,15070,20945,15070,13505,11987,13505,14058,3586,6849,15508,1025,12854,8263,8846,5855,5217,14628,15307,20814,2246,150,17975,1,16:08
2024-25,1629130,Duncan Robinson,Duncan,1610612748,MIA,Miami Heat,0022400652,2025-01-27T00:00:00,MIA vs. ORL,W,45.28666666666667,4.8,10.3,0.462,2.4,6.4,0.375,0.0,0.0,0.0,0.0,2.4,2.4,3.2,0.8,2.4,0.0,0.0,1.6,0.8,11.9,11.1,25.9,0,0,24.6,1,1,13086,1,52,15058,16501,12428,8535,9852,8800,13505,14344,13505,14058,18525,21037,12391,16457,4746,8263,8846,16901,17719,16219,7176,17675,2246,150,17927,1,45:17
2024-25,1630567,Scottie Barnes,Scottie,1610612761,TOR,Toronto Raptors,0022400654,2025-01-27T00:00:00,TOR vs. NOP,W,36.7,5.9,20.6,0.286,1.0,6.9,0.143,7.8,8.8,0.889,2.9,7.8,10.8,7.8,1.0,2.9,1.0,2.9,2.9,4.9,20.6,-2.9,56.1,1,0,48.1,1,1,13086,1,2195,11843,2576,19630,14649,8741,14649,1481,1962,6857,5476,4947,4609,3047,15969,3289,7612,1402,10967,4286,7399,14543,1788,1,150,3118,1,36:42
2024-25,1642258,Zaccharie Risacher,Zaccharie,1610612737,ATL,Atlanta Hawks,0022400656,2025-01-27T00:00:00,ATL @ MIN,L,20.283333333333335,7.1,23.1,0.308,3.5,10.6,0.333,1.8,3.5,0.5,5.3,7.1,12.4,5.3,3.5,3.5,0.0,3.5,0.0,1.8,19.5,-7.1,49.5,0,0,47.9,1,13222,1,13222,15795,8703,1365,19226,5032,2831,9209,11290,8788,10625,2069,6177,3176,6774,4909,2175,8263,877,20257,14022,8345,16556,3409,2246,150,3167,1,20:17
2024-25,1629631,De'Andre Hunter,De'Andre,1610612737,ATL,Atlanta Hawks,0022400656,2025-01-27T00:00:00,ATL @ MIN,L,31.6,13.7,23.9,0.571,4.6,9.1,0.5,8.0,9.1,0.875,0.0,2.3,2.3,1.1,3.4,0.0,0.0,1.1,2.3,9.1,39.9,-4.6,40.9,0,0,47.8,1,13222,1,13222,6334,796,1083,6538,2962,4644,3944,1424,1808,6931,14058,18830,21251,19228,5191,12854,8263,6718,13730,613,457,15351,7225,2246,150,3202,1,31:36
2024-25,1641718,Keyonte George,Keyonte,1610612762,UTA,Utah Jazz,0022400658,2025-01-27T00:00:00,UTA vs. MIL,L,31.116666666666667,5.8,15.0,0.385,3.5,9.3,0.375,2.3,2.3,1.0,0.0,4.6,4.6,5.8,1.2,1.2,0.0,0.0,3.5,3.5,17.4,-12.7,33.9,0,0,33.6,1,13222,1,13222,6775,12155,8543,16070,5215,4448,8800,9575,11740,1,14058,11914,15755,5883,14748,10524,8263,8846,8833,7736,10469,19030,11894,2246,150,11204,1,31:07
2024-25,201566,Russell Westbrook,Russell,1610612743,DEN,Denver Nuggets,0022400655,2025-01-27T00:00:00,DEN @ CHI,L,34.733333333333334,6.2,10.4,0.6,0.0,1.0,0.0,2.1,2.1,1.0,2.1,1.0,3.1,5.2,2.1,1.0,0.0,1.0,2.1,3.1,14.5,6.2,27.1,0,0,24.9,1,13222,1,13222,3666,10921,16438,5394,15070,20823,15070,10387,12507,1,8066,21906,19456,7069,10144,11624,8263,7607,14737,8853,13401,9505,16899,2246,150,17775,1,34:44
2024-25,1628369,Jayson Tatum,Jayson,1610612738,BOS,Boston Celtics,0022400650,2025-01-27T00:00:00,BOS vs. HOU,L,41.71666666666667,4.3,12.1,0.357,0.9,6.0,0.143,6.9,6.9,1.0,1.7,3.5,5.2,6.0,2.6,0.0,0.0,0.0,0.0,6.0,16.4,9.5,29.1,0,0,28.5,1,13222,1,13222,281,16277,13454,17140,15020,10599,14649,2072,3469,1,9485,15364,14324,5414,7921,12854,8263,8846,20257,2573,11501,7947,15429,2246,150,15088,1,41:43
2024-25,1631243,Mouhamed Gueye,Mouhamed,1610612737,ATL,Atlanta Hawks,0022400656,2025-01-27T00:00:00,ATL @ MIN,L,18.80666666666667,3.8,17.2,0.222,0.0,11.5,0.0,0.0,0.0,0.0,1.9,5.7,7.7,1.9,0.0,3.8,0.0,0.0,1.9,0.0,7.7,17.2,31.2,0,0,24.9,1,13222,1,13222,16960,17502,5544,21205,15070,2116,15070,13505,14344,13505,8759,8946,8863,16705,16469,1818,8263,8846,15601,17725,20195,4830,13897,2246,150,17770,1,18:48
2024-25,1641787,Tosan Evbuomwan,Tosan,1610612751,BKN,Brooklyn Nets,0022400651,2025-01-27T00:00:00,BKN vs. SAC,L,29.3,6.1,12.3,0.5,1.2,1.2,1.0,4.9,4.9,1.0,3.7,6.1,9.8,2.5,6.1,2.5,0.0,1.2,1.2,2.5,18.4,12.3,35.1,0,0,36.9,1,13222,1,13222,8400,11104,13105,8526,13215,20585,1,4165,6084,1,4061,8016,5631,14692,1298,4513,8263,6069,18387,11138,9384,6676,10969,2246,150,8808,1,29:18
2024-25,1626179,Terry Rozier,Terry,1610612748,MIA,Miami Heat,0022400652,2025-01-27T00:00:00,MIA vs. ORL,W,22.883333333333333,6.3,14.2,0.444,0.0,3.1,0.0,4.7,9.4,0.5,3.1,0.0,3.1,4.7,1.6,0.0,0.0,1.6,1.6,6.3,17.3,-18.9,26.6,0,0,25.2,1,1,13086,1,13803,10742,9909,13045,15070,17373,15070,4485,1643,10625,5050,22137,19381,8139,12450,12854,8263,4513,16948,2291,10524,21200,17224,2246,150,17537,1,22:53
2024-25,201950,Jrue Holiday,Jrue,1610612738,BOS,Boston Celtics,0022400650,2025-01-27T00:00:00,BOS vs. HOU,L,31.466666666666665,3.4,10.3,0.333,2.3,6.9,0.333,0.0,0.0,0.0,0.0,5.7,5.7,3.4,2.3,1.1,1.1,1.1,3.4,0.0,9.2,-13.7,25.7,0,0,25.2,1,13222,1,13222,6437,18472,16567,17395,8897,8747,9209,13505,14344,13505,14058,8999,12966,11599,9134,10644,6519,6687,8969,17725,18942,19393,17788,2246,150,17539,1,31:28
2024-25,1631105,Jalen Duren,Jalen,1610612765,DET,Detroit Pistons,0022400649,2025-01-27T00:00:00,DET @ CLE,L,28.5,7.6,13.9,0.545,0.0,0.0,0.0,0.0,2.5,0.0,8.8,11.4,20.2,1.3,3.8,1.3,3.8,0.0,3.8,3.8,15.2,-21.5,52.7,1,0,46.7,1,13222,1,13222,9119,7560,10350,7695,15070,20945,15070,13505,11140,13505,587,1710,497,18786,4347,9693,1038,8846,7769,6873,12750,21959,2541,1,150,3577,1,28:30
2024-25,1628404,Josh Hart,Josh,1610612752,NYK,New York Knicks,0022400653,2025-01-27T00:00:00,NYK vs. MEM,W,26.5,2.7,8.2,0.333,0.0,4.1,0.0,0.0,0.0,0.0,2.7,10.9,13.6,6.8,0.0,1.4,0.0,0.0,2.7,2.7,5.4,24.5,36.0,0,0,28.5,1,1,13086,1,10724,20047,20013,17395,15070,15407,15070,13505,14344,13505,6051,1974,2439,4294,16469,9144,8263,8846,11962,10267,21773,2935,10366,2246,150,15049,1,26:30
2024-25,1628449,Chris Boucher,Chris,1610612761,TOR,Toronto Raptors,0022400654,2025-01-27T00:00:00,TOR vs. NOP,W,18.35,9.8,19.6,0.5,7.8,17.7,0.444,0.0,0.0,0.0,2.0,5.9,7.8,0.0,0.0,2.0,0.0,0.0,0.0,2.0,27.5,35.3,42.8,0,0,47.1,1,1,13086,1,17317,3462,3263,8526,500,365,7211,13505,14344,13505,8566,8580,8551,19908,16469,6440,8263,8846,20257,13265,2993,1361,6239,2246,150,3444,1,18:21
2024-25,1627734,Domantas Sabonis,Domantas,1610612758,SAC,Sacramento Kings,0022400651,2025-01-27T00:00:00,SAC @ BKN,W,41.39666666666667,7.0,8.7,0.8,0.9,0.9,1.0,3.5,7.0,0.5,5.2,13.9,19.1,8.7,5.2,0.0,0.0,0.0,4.3,7.0,18.3,25.2,49.0,1,1,47.0,1,1,13086,1,310,9029,19199,1688,15012,20934,1,6738,3404,10625,2177,775,661,2274,2097,12854,8263,8846,6148,1686,9562,2767,3614,1,1,3487,1,41:24
2024-25,203081,Damian Lillard,Damian,1610612749,MIL,Milwaukee Bucks,0022400658,2025-01-27T00:00:00,MIL @ UTA,W,41.43333333333333,12.2,19.1,0.636,3.5,8.7,0.4,2.6,3.5,0.75,0.0,4.3,4.3,7.0,5.2,0.0,0.9,0.0,0.0,5.2,30.4,7.8,43.4,0,0,46.9,1,1,13086,1,304,1424,3648,4689,5205,5288,7874,8790,8933,8186,14058,12671,16424,4062,2102,12854,8163,8846,20257,3759,1949,8722,5911,2246,150,3517,1,41:26
2024-25,1630188,Jalen Smith,Jalen,1610612741,CHI,Chicago Bulls,0022400655,2025-01-27T00:00:00,CHI vs. DEN,W,13.633333333333333,5.3,15.8,0.333,2.6,10.6,0.25,0.0,0.0,0.0,2.6,15.8,18.5,2.6,2.6,0.0,5.3,2.6,5.3,2.6,13.2,15.8,52.5,0,0,47.5,1,1,13086,1,20399,13588,7357,17395,7709,2919,11902,13505,14344,13505,6243,449,793,14080,7727,12854,443,1821,4056,10505,14867,5307,2579,2246,150,3291,1,13:38
2024-25,1629048,Goga Bitadze,Goga,1610612753,ORL,Orlando Magic,0022400652,2025-01-27T00:00:00,ORL @ MIA,L,22.376666666666665,6.4,6.4,1.0,0.0,0.0,0.0,3.2,6.4,0.5,1.6,12.9,14.5,3.2,0.0,0.0,1.6,0.0,1.6,3.2,16.1,33.8,43.1,0,0,37.0,1,13222,1,13222,14219,10342,22168,1,15070,20945,15070,7287,3955,10625,9885,1058,2009,12236,16469,12854,4530,8846,16837,8495,11834,1528,6077,2246,150,8720,1,22:23
2024-25,1629673,Jordan Poole,Jordan,1610612764,WAS,Washington Wizards,0022400657,2025-01-27T00:00:00,WAS @ DAL,L,29.15,7.4,18.5,0.4,3.7,11.1,0.333,0.0,0.0,0.0,1.2,6.2,7.4,7.4,2.5,0.0,0.0,2.5,1.2,1.2,18.5,-18.5,36.1,0,0,37.0,1,13222,1,13222,8543,7993,4198,14933,4690,2402,9209,13505,14344,13505,11573,7955,9353,3500,8367,12854,8263,2089,18354,16209,9298,21073,10324,2246,150,8694,1,29:09
2024-25,203468,CJ McCollum,CJ,1610612740,NOP,New Orleans Pelicans,0022400654,2025-01-27T00:00:00,NOP @ TOR,L,36.44833333333333,8.9,20.7,0.429,2.0,6.9,0.286,2.0,4.0,0.5,0.0,6.9,6.9,2.0,2.0,2.0,0.0,0.0,2.0,2.0,21.7,-15.8,36.9,0,0,36.5,1,13222,1,13222,2375,4903,2492,13735,10266,8639,11433,10728,7944,10625,14058,6509,10304,16463,10637,6362,8263,8846,15275,13185,6444,20197,9736,2246,150,9017,1,36:27
2024-25,1641713,GG Jackson,GG,1610612763,MEM,Memphis Grizzlies,0022400653,2025-01-27T00:00:00,MEM @ NYK,L,16.535,4.4,17.4,0.25,2.2,8.7,0.25,6.5,8.7,0.75,2.2,0.0,2.2,2.2,2.2,2.2,0.0,0.0,4.4,6.5,17.4,10.9,27.7,0,0,28.3,1,13222,1,13222,18579,16194,5343,20233,9324,5261,11902,2372,2045,8186,7666,22137,21464,15703,9612,5485,8263,8846,6133,2044,10417,7283,16458,2246,150,15206,1,16:32
2024-25,201142,Kevin Durant,Kevin,1610612756,PHX,Phoenix Suns,0022400659,2025-01-27T00:00:00,PHX vs. LAC,W,40.31666666666667,8.0,17.0,0.474,3.6,7.1,0.5,1.8,1.8,1.0,0.0,3.6,3.6,4.5,4.5,1.8,0.0,0.9,0.9,2.7,21.4,1.8,33.3,0,0,36.6,1,1,13086,1,493,6562,5839,12072,4976,8160,3944,11264,13204,1,14058,15020,18394,8732,3048,7310,8263,8687,20165,10381,6704,11745,12344,2246,150,8981,1,40:19
2024-25,1629634,Brandon Clarke,Brandon,1610612763,MEM,Memphis Grizzlies,0022400653,2025-01-27T00:00:00,MEM @ NYK,L,16.75,8.6,12.9,0.667,0.0,0.0,0.0,4.3,4.3,1.0,0.0,8.6,8.6,2.1,2.1,0.0,2.1,0.0,2.1,6.4,21.5,-17.2,39.3,0,0,36.5,1,13222,1,13222,18416,5448,12048,3281,15070,20945,15070,5155,7215,1,14058,3941,7319,15822,9729,12854,3075,8846,14360,2127,6641,20690,8182,2246,150,9022,1,16:45
2024-25,1642377,Jaylen Wells,Jaylen,1610612763,MEM,Memphis Grizzlies,0022400653,2025-01-27T00:00:00,MEM @ NYK,L,16.748333333333335,2.1,12.9,0.167,2.1,10.7,0.2,4.3,4.3,1.0,4.3,2.1,6.4,4.3,0.0,2.1,0.0,0.0,4.3,2.1,10.7,-34.4,31.4,0,0,27.9,1,13222,1,13222,18425,21145,12046,21938,9462,2720,13429,5153,7214,1,3169,19210,11279,9128,16469,5601,8263,8846,6289,12399,17420,24346,13765,2246,150,15465,1,16:45
2024-25,1629750,Javonte Green,Javonte,1610612740,NOP,New Orleans Pelicans,0022400654,2025-01-27T00:00:00,NOP @ TOR,L,26.8,4.0,9.4,0.429,1.3,5.4,0.25,2.7,5.4,0.5,2.7,6.7,9.4,0.0,0.0,1.3,1.3,0.0,2.7,4.0,12.1,16.1,31.4,0,0,28.2,1,13222,1,13222,10488,17021,18109,13735,12679,12269,11902,8607,5348,10625,6133,6863,6180,19908,16469,9224,5472,8846,12092,6229,16045,5210,13720,2246,150,15286,1,26:48
2024-25,1629638,Nickeil Alexander-Walker,Nickeil,1610612750,MIN,Minnesota Timberwolves,0022400656,2025-01-27T00:00:00,MIN vs. ATL,W,22.0,3.3,11.5,0.286,1.6,8.2,0.2,0.0,0.0,0.0,3.3,11.5,14.7,3.3,3.3,0.0,0.0,1.6,8.2,0.0,8.2,8.2,27.5,0,0,27.8,1,1,13086,1,14502,18824,14563,19630,11573,6111,13429,13505,14344,13505,4802,1664,1901,12073,5590,12854,8263,4343,1281,17725,19763,8541,16591,2246,150,15565,1,22:00
2024-25,1630590,Scotty Pippen Jr.,Scotty,1610612763,MEM,Memphis Grizzlies,0022400653,2025-01-27T00:00:00,MEM @ NYK,L,17.015,2.1,12.7,0.167,0.0,2.1,0.0,6.3,8.5,0.75,4.2,6.3,10.6,4.2,2.1,0.0,0.0,2.1,4.2,6.3,10.6,-14.8,27.5,0,0,25.4,1,13222,1,13222,18251,21215,12393,21938,15070,19343,15070,2542,2216,8186,3269,7603,4834,9306,9926,12854,8263,2876,6466,2239,17585,19831,16577,2246,150,17365,1,17:01
2024-25,1630579,Jericho Sims,Jericho,1610612752,NYK,New York Knicks,0022400653,2025-01-27T00:00:00,NYK vs. MEM,W,3.9166666666666665,9.2,9.2,1.0,0.0,0.0,0.0,0.0,0.0,0.0,9.2,9.2,18.4,0.0,0.0,0.0,0.0,0.0,0.0,0.0,18.4,27.6,40.4,0,0,36.8,1,1,13086,1,24535,4369,18419,1,15070,20945,15070,13505,14344,13505,514,3313,811,19908,16469,12854,8263,8846,20257,17725,9430,2332,7495,2246,150,8863,1,3:55
2024-25,1631111,Wendell Moore Jr.,Wendell,1610612765,DET,Detroit Pistons,0022400649,2025-01-27T00:00:00,DET @ CLE,L,4.25,8.5,16.9,0.5,8.5,8.5,1.0,0.0,0.0,0.0,0.0,0.0,0.0,0.0,0.0,0.0,0.0,0.0,0.0,0.0,25.4,25.4,25.4,0,0,33.9,1,13222,1,13222,24355,5666,5861,8526,372,5630,1,13505,14344,13505,14058,22137,23286,19908,16469,12854,8263,8846,20257,17725,3984,2724,17991,2246,150,10935,1,4:15
2024-25,1628370,Malik Monk,Malik,1610612758,SAC,Sacramento Kings,0022400651,2025-01-27T00:00:00,SAC @ BKN,W,34.233333333333334,8.4,15.8,0.533,0.0,6.3,0.0,0.0,0.0,0.0,0.0,6.3,6.3,9.5,4.2,1.1,1.1,1.1,5.3,0.0,16.8,31.5,40.7,0,0,36.8,1,1,13086,1,4072,5775,7438,8140,15070,9959,15070,13505,14344,13505,14058,7679,11584,1720,3489,11475,7121,7476,4088,17725,11031,1777,7329,2246,150,8836,1,34:14
2024-25,1626156,D'Angelo Russell,D'Angelo,1610612751,BKN,Brooklyn Nets,0022400651,2025-01-27T00:00:00,BKN vs. SAC,L,29.311666666666667,4.9,13.5,0.364,2.5,6.1,0.4,11.1,12.3,0.9,1.2,3.7,4.9,3.7,3.7,0.0,1.2,0.0,3.7,9.8,23.3,-22.1,34.8,0,0,36.8,1,13222,1,13222,8396,14649,10991,16861,8299,10342,7874,480,706,6805,11617,14687,15024,10832,4589,12854,6003,8846,8146,448,5257,22097,11235,2246,150,8817,1,29:19
2024-25,1628983,Shai Gilgeous-Alexander,Shai,1610612760,OKC,Oklahoma City Thunder,0022400647,2025-01-26T00:00:00,OKC @ POR,W,37.0,11.7,24.3,0.48,1.9,3.9,0.5,8.8,8.8,1.0,1.0,3.9,4.9,1.0,1.9,2.9,0.0,2.9,1.0,6.8,34.1,-3.9,48.2,0,0,47.7,1,1,13086,1,1988,1733,969,11962,10427,15813,3944,1088,2012,1,13475,14045,15144,19757,10811,3350,8263,1428,19847,1815,1123,15008,3927,2246,150,3260,1,37:00
2024-25,1630703,Scoot Henderson,Scoot,1610612757,POR,Portland Trail Blazers,0022400647,2025-01-26T00:00:00,POR vs. OKC,L,30.2,8.3,20.3,0.412,6.0,13.1,0.455,7.2,7.2,1.0,2.4,3.6,6.0,1.2,4.8,1.2,1.2,1.2,3.6,3.6,29.8,-17.9,41.1,0,0,47.7,1,13222,1,13222,7586,5897,2792,14791,1332,1242,7148,1904,3220,1,6970,15003,12386,19039,2629,10240,6223,6323,8505,7463,2159,20896,7101,2246,150,3256,1,30:12
2024-25,1628392,Isaiah Hartenstein,Isaiah,1610612760,OKC,Oklahoma City Thunder,0022400647,2025-01-26T00:00:00,OKC @ POR,W,32.656666666666666,5.5,6.6,0.833,0.0,0.0,0.0,4.4,9.9,0.444,5.5,7.7,13.2,6.6,1.1,0.0,1.1,0.0,3.3,7.7,15.4,13.2,43.4,1,0,37.5,1,1,13086,1,5441,12956,22001,1514,15070,20945,15070,4973,1404,13035,1945,5140,2648,4556,15118,12854,6776,8846,9433,1181,12485,6295,5915,1,150,8378,1,32:39
2024-25,1627936,Alex Caruso,Alex,1610612760,OKC,Oklahoma City Thunder,0022400647,2025-01-26T00:00:00,OKC @ POR,W,22.733333333333334,1.6,9.5,0.167,1.6,9.5,0.167,0.0,0.0,0.0,3.2,3.2,6.3,3.2,1.6,0.0,0.0,0.0,3.2,1.6,4.8,33.3,15.5,0,0,15.8,1,1,13086,1,13923,22054,17945,21938,11735,4104,14236,13505,14344,13505,5009,16201,11531,12427,12406,12854,8263,8846,10007,14680,22157,1597,23023,2246,150,22775,1,22:44
2024-25,1641717,Cason Wallace,Cason,1610612760,OKC,Oklahoma City Thunder,0022400647,2025-01-26T00:00:00,OKC @ POR,W,30.083333333333332,2.4,7.2,0.333,1.2,3.6,0.333,0.0,0.0,0.0,1.2,1.2,2.4,3.6,2.4,1.2,0.0,0.0,4.8,0.0,6.0,-14.4,15.4,0,0,15.6,1,1,13086,1,7702,20686,21345,17395,13389,16463,9209,13505,14344,13505,11807,21518,21023,11112,8688,10202,8263,8846,5093,17725,21411,19636,23044,2246,150,22864,1,30:05
2024-25,1631119,Jaylin Williams,Jaylin,1610612760,OKC,Oklahoma City Thunder,0022400647,2025-01-26T00:00:00,OKC @ POR,W,14.55,4.9,12.4,0.4,2.5,4.9,0.5,2.5,2.5,1.0,4.9,12.4,17.3,4.9,2.5,2.5,0.0,2.5,7.4,4.9,14.8,0.0,48.0,0,0,44.5,1,1,13086,1,19855,14555,12941,14933,8235,13314,3944,9121,11272,1,2424,1200,1057,7571,8346,4454,8263,2077,1700,4208,13077,12240,3983,2246,150,4447,1,14:33
2024-25,1642270,Donovan Clingan,Donovan,1610612757,POR,Portland Trail Blazers,0022400647,2025-01-26T00:00:00,POR vs. OKC,L,20.333333333333332,0.0,7.1,0.0,0.0,1.8,0.0,0.0,0.0,0.0,1.8,8.9,10.6,1.8,1.8,0.0,3.5,0.0,7.1,0.0,0.0,8.9,24.3,0,0,19.5,1,13222,1,13222,15758,22635,21460,22635,15070,19961,15070,13505,14344,13505,9352,3660,4791,17168,11669,12854,1197,8846,1907,17725,23200,8245,18769,2246,150,21164,1,20:20
2024-25,1631200,Kris Murray,Kris,1610612757,POR,Portland Trail Blazers,0022400647,2025-01-26T00:00:00,POR vs. OKC,L,4.633333333333334,0.0,0.0,0.0,0.0,0.0,0.0,0.0,0.0,0.0,0.0,0.0,0.0,0.0,0.0,0.0,0.0,0.0,0.0,0.0,0.0,-46.6,0.0,0,0,0.0,1,13222,1,13222,24166,22635,24836,22635,15070,20945,15070,13505,14344,13505,14058,22137,23286,19908,16469,12854,8263,8846,20257,17725,23200,25252,25228,2246,150,25259,1,4:38
2024-25,1631101,Shaedon Sharpe,Shaedon,1610612757,POR,Portland Trail Blazers,0022400647,2025-01-26T00:00:00,POR vs. OKC,L,19.15,5.6,18.8,0.3,3.8,7.5,0.5,3.8,7.5,0.5,1.9,1.9,3.8,0.0,1.9,0.0,1.9,0.0,1.9,7.5,18.8,-52.6,27.1,0,0,30.1,1,13222,1,13222,16714,12581,3932,19363,4553,7358,3944,6166,2886,10625,8895,20028,17919,19908,11158,12854,3827,8846,15789,1314,9037,25492,16890,2246,150,13889,1,19:09
2024-25,1629014,Anfernee Simons,Anfernee,1610612757,POR,Portland Trail Blazers,0022400647,2025-01-26T00:00:00,POR vs. OKC,L,34.95,3.1,10.3,0.3,2.1,6.2,0.333,6.2,6.2,1.0,0.0,2.1,2.1,3.1,0.0,0.0,0.0,0.0,1.0,3.1,14.4,6.2,21.5,0,0,21.6,1,13222,1,13222,3500,19227,16562,19363,9872,10239,9209,2697,4251,1,14058,19477,21678,12636,16469,12854,8263,8846,19531,8918,13482,9528,20394,2246,150,19876,1,34:57
2024-25,1630198,Isaiah Joe,Isaiah,1610612760,OKC,Oklahoma City Thunder,0022400647,2025-01-26T00:00:00,OKC @ POR,W,24.633333333333333,8.8,16.1,0.545,4.4,10.2,0.429,1.5,1.5,1.0,2.9,2.9,5.8,1.5,0.0,0.0,0.0,1.5,1.5,2.9,23.4,24.8,32.6,0,0,35.1,1,1,13086,1,12343,5145,7010,7695,3259,3234,7394,11873,13522,1,5529,16999,12650,18126,16469,12854,8263,4928,17387,9511,5215,2851,12889,2246,150,10042,1,24:38
2024-25,1630166,Deni Avdija,Deni,1610612757,POR,Portland Trail Blazers,0022400647,2025-01-26T00:00:00,POR vs. OKC,L,38.15,8.5,15.1,0.563,3.8,8.5,0.444,5.7,5.7,1.0,2.8,4.7,7.5,7.5,3.8,0.9,0.9,0.0,2.8,2.8,26.4,3.8,48.7,0,0,49.1,1,13222,1,13222,1295,5625,8435,7127,4512,5592,7211,3232,4953,1,5779,11655,9071,3336,4382,12414,7872,8846,11505,9857,3470,10764,3746,2246,150,2814,1,38:09
2024-25,1631114,Jalen Williams,Jalen,1610612760,OKC,Oklahoma City Thunder,0022400647,2025-01-26T00:00:00,OKC @ POR,W,36.65,6.9,18.7,0.368,2.0,3.9,0.5,7.9,7.9,1.0,0.0,3.9,3.9,7.9,0.0,1.0,2.0,1.0,1.0,6.9,23.6,8.8,48.9,0,0,43.2,1,1,13086,1,2246,9229,4058,16823,10322,15717,3944,1477,2621,1,14058,13938,17492,3039,16469,12100,3587,8065,19795,1760,5078,8250,3659,2246,150,5035,1,36:39
2024-25,1641739,Toumani Camara,Toumani,1610612757,POR,Portland Trail Blazers,0022400647,2025-01-26T00:00:00,POR vs. OKC,L,34.86666666666667,8.3,11.4,0.727,5.2,5.2,1.0,3.1,4.1,0.75,3.1,6.2,9.3,4.1,3.1,0.0,0.0,0.0,5.2,4.1,24.8,1.0,39.0,0,0,43.4,1,13222,1,13222,3564,6063,14743,2666,2089,12794,1,7555,7567,8186,5137,7902,6326,9575,6135,12854,8263,8846,4263,5982,4318,12130,8385,2246,150,4977,1,34:52
2024-25,203924,Jerami Grant,Jerami,1610612757,POR,Portland Trail Blazers,0022400647,2025-01-26T00:00:00,POR vs. OKC,L,29.158333333333335,1.2,6.2,0.2,0.0,2.5,0.0,0.0,0.0,0.0,0.0,2.5,2.5,3.7,0.0,0.0,0.0,1.2,6.2,1.2,2.5,9.9,11.0,0,0,8.6,1,13222,1,13222,8542,22462,22447,21401,15070,18682,15070,13505,14344,13505,14058,18269,20864,10781,16469,12854,8263,6030,2732,16212,23082,7748,24240,2246,150,24657,1,29:10
2024-25,1631172,Ousmane Dieng,Ousmane,1610612760,OKC,Oklahoma City Thunder,0022400647,2025-01-26T00:00:00,OKC @ POR,W,10.833333333333334,6.6,6.6,1.0,0.0,0.0,0.0,3.3,3.3,1.0,0.0,3.3,3.3,3.3,0.0,0.0,0.0,0.0,6.6,3.3,16.6,16.6,25.6,0,0,23.3,1,1,13086,1,21781,9835,21962,1,15070,20945,15070,7064,9254,1,14058,15727,18936,11907,16469,12854,8263,8846,2272,8186,11266,5036,17886,2246,150,18832,1,10:50
2024-25,1630625,Dalano Banton,Dalano,1610612757,POR,Portland Trail Blazers,0022400647,2025-01-26T00:00:00,POR vs. OKC,L,7.825,9.2,18.4,0.5,0.0,9.2,0.0,0.0,0.0,0.0,0.0,0.0,0.0,4.6,0.0,0.0,0.0,0.0,9.2,0.0,18.4,-64.4,25.3,0,0,23.0,1,13222,1,13222,22879,4352,4290,8526,15070,4526,15070,13505,14344,13505,14058,22137,23286,8408,16469,12854,8263,8846,897,17725,9414,25782,18070,2246,150,19022,1,7:50
2024-25,1629057,Robert Williams III,Robert,1610612757,POR,Portland Trail Blazers,0022400647,2025-01-26T00:00:00,POR vs. OKC,L,20.733333333333334,0.0,6.9,0.0,0.0,0.0,0.0,1.7,3.5,0.5,5.2,12.2,17.4,0.0,3.5,0.0,1.7,1.7,5.2,1.7,1.7,-19.1,24.3,0,0,22.6,1,13222,1,13222,15468,22635,21624,22635,15070,20945,15070,11355,8940,10625,2185,1286,1046,19908,5074,12854,4207,4060,4175,14162,23170,21263,18742,2246,150,19306,1,20:44
2024-25,1629026,Kenrich Williams,Kenrich,1610612760,OKC,Oklahoma City Thunder,0022400647,2025-01-26T00:00:00,OKC @ POR,W,14.226666666666667,7.6,7.6,1.0,0.0,0.0,0.0,0.0,0.0,0.0,2.5,5.1,7.6,0.0,0.0,0.0,0.0,0.0,2.5,0.0,15.2,25.3,24.3,0,0,22.8,1,1,13086,1,20064,7544,20807,1,15070,20945,15070,13505,14344,13505,6523,10692,8989,19908,16469,12854,8263,8846,12670,17725,12730,2748,18752,2246,150,19155,1,14:14
2024-25,1630598,Aaron Wiggins,Aaron,1610612760,OKC,Oklahoma City Thunder,0022400647,2025-01-26T00:00:00,OKC @ POR,W,16.633333333333333,4.3,13.0,0.333,0.0,8.7,0.0,0.0,0.0,0.0,0.0,2.2,2.2,0.0,0.0,2.2,0.0,0.0,2.2,0.0,8.7,-17.3,17.7,0,0,15.2,1,1,13086,1,18513,16249,11879,17395,15070,5330,15070,13505,14344,13505,14058,19171,21485,19908,16469,5527,8263,8846,14275,17725,19388,20718,22200,2246,150,23006,1,16:38
2024-25,203484,Kentavious Caldwell-Pope,Kentavious,1610612753,ORL,Orlando Magic,0022400638,2025-01-25T00:00:00,ORL vs. DET,W,37.263333333333335,1.9,6.8,0.286,1.0,4.8,0.2,1.9,3.9,0.5,0.0,1.9,1.9,0.0,1.0,1.9,0.0,1.0,1.9,1.0,6.8,-4.8,13.9,0,0,13.5,1,1,13086,1,1828,21533,21822,19630,14720,13625,13429,10857,8105,10625,14058,19885,21942,19908,16054,6608,8263,8214,15504,17498,20889,15489,23520,2246,150,23551,1,37:16
2024-25,1641715,Cam Whitmore,Cam,1610612745,HOU,Houston Rockets,0022400640,2025-01-25T00:00:00,HOU @ CLE,W,10.433333333333334,3.5,6.9,0.5,0.0,3.5,0.0,0.0,0.0,0.0,0.0,3.5,3.5,3.5,3.5,0.0,0.0,0.0,3.5,0.0,6.9,0.0,12.8,0,0,13.8,1,1,13086,1,21947,18424,21665,8526,15070,16758,15070,13505,14344,13505,14058,15365,18654,11550,5120,12854,8263,8846,8886,17725,20789,12240,23829,2246,150,23474,1,10:26
2024-25,1628379,Luke Kennard,Luke,1610612763,MEM,Memphis Grizzlies,0022400643,2025-01-25T00:00:00,MEM vs. UTA,W,20.5,1.8,12.3,0.143,1.8,8.8,0.2,1.8,1.8,1.0,0.0,1.8,1.8,5.3,5.3,1.8,1.8,0.0,0.0,1.8,7.0,-1.8,22.3,0,0,22.8,1,1,13086,1,15638,21820,13090,22260,11238,5139,13429,11320,13238,1,14058,20341,22223,6893,2045,7414,4153,8846,20257,14091,20705,13899,19983,2246,150,19120,1,20:30
2024-25,1642266,Ja'Kobe Walter,Ja'Kobe,1610612761,TOR,Toronto Raptors,0022400639,2025-01-25T00:00:00,TOR @ ATL,W,16.493333333333332,6.5,13.1,0.5,2.2,4.4,0.5,0.0,2.2,0.0,0.0,6.5,6.5,6.5,0.0,4.4,0.0,2.2,2.2,2.2,15.3,10.9,46.1,0,0,39.3,1,1,13086,1,18605,10069,11680,8526,9305,14773,3944,13505,12142,13505,14058,7208,11069,4638,16469,1326,8263,2689,14180,12238,12634,7273,4725,2246,150,7206,1,16:30
2024-25,1630591,Jalen Suggs,Jalen,1610612753,ORL,Orlando Magic,0022400638,2025-01-25T00:00:00,ORL vs. DET,W,15.65,6.9,18.4,0.375,4.6,11.5,0.4,0.0,6.9,0.0,0.0,4.6,4.6,6.9,6.9,2.3,0.0,0.0,11.5,4.6,18.4,27.6,34.3,0,0,39.1,1,1,13086,1,19166,9153,4290,16299,2887,2098,7874,13505,3470,13505,14058,11980,15807,4130,932,5033,8263,8846,469,4941,9414,2327,11603,2246,150,7318,1,15:39
2024-25,1626172,Kevon Looney,Kevon,1610612744,GSW,Golden State Warriors,0022400644,2025-01-25T00:00:00,GSW vs. LAL,L,10.416666666666666,0.0,0.0,0.0,0.0,0.0,0.0,0.0,0.0,0.0,0.0,6.9,6.9,0.0,0.0,3.5,0.0,0.0,6.9,3.5,0.0,-34.6,18.7,0,0,13.8,1,13222,1,13222,21954,22635,24836,22635,15070,20945,15070,13505,14344,13505,14058,6511,10307,19908,16469,2299,8263,8846,2046,7786,23200,24365,21813,2246,150,23466,1,10:25
2024-25,1641731,Bilal Coulibaly,Bilal,1610612764,WAS,Washington Wizards,0022400645,2025-01-25T00:00:00,WAS @ PHX,L,35.733333333333334,5.0,8.1,0.625,0.0,2.0,0.0,2.0,2.0,1.0,0.0,4.0,4.0,4.0,0.0,0.0,1.0,1.0,4.0,2.0,12.1,-14.1,26.0,0,0,22.2,1,13222,1,13222,2875,14278,20163,4899,15070,19528,15070,10593,12681,1,14058,13625,17241,9866,16469,12854,7441,7855,7059,13010,16045,19545,17620,2246,150,19573,1,35:44
2024-25,1631321,Sidy Cissoko,Sidy,1610612759,SAS,San Antonio Spurs,0022400633,2025-01-25T00:00:00,SAS @ IND,L,2.316666666666667,0.0,15.5,0.0,0.0,15.5,0.0,15.5,31.1,0.5,15.5,0.0,15.5,0.0,0.0,0.0,0.0,0.0,15.5,15.5,15.5,-46.6,34.2,0,0,31.1,1,13222,1,13222,25310,22635,7767,22635,15070,590,15070,152,50,10625,117,22137,1566,19908,16469,12854,8263,8846,226,88,12384,25252,11657,2246,150,13089,1,2:19
2024-25,1627752,Taurean Prince,Taurean,1610612749,MIL,Milwaukee Bucks,0022400646,2025-01-25T00:00:00,MIL @ LAC,L,37.30166666666667,4.8,7.7,0.625,3.9,6.8,0.571,0.0,0.0,0.0,0.0,5.8,5.8,3.9,0.0,1.0,0.0,0.0,1.0,0.0,13.5,-9.7,29.1,0,0,29.0,1,13222,1,13222,1794,14870,20628,4899,4300,9004,3506,13505,14344,13505,14058,8814,12785,10341,16469,12241,8263,8846,19880,17725,14492,17739,15398,2246,150,14741,1,37:18
2024-25,1629750,Javonte Green,Javonte,1610612740,NOP,New Orleans Pelicans,0022400637,2025-01-25T00:00:00,NOP @ CHA,L,24.316666666666666,3.0,5.9,0.5,1.5,3.0,0.5,3.0,3.0,1.0,1.5,3.0,4.4,3.0,0.0,1.5,0.0,0.0,1.5,4.4,10.4,-19.2,24.6,0,0,22.2,1,13222,1,13222,12630,19508,22689,8526,12117,17736,3944,7918,10065,1,10389,16850,16191,13053,16469,8494,8263,8846,17300,5257,17795,21325,18557,2246,150,19552,1,24:19
2024-25,1642259,Alex Sarr,Alex,1610612764,WAS,Washington Wizards,0022400645,2025-01-25T00:00:00,WAS @ PHX,L,30.56,4.7,14.1,0.333,1.2,4.7,0.25,2.4,3.5,0.667,0.0,7.1,7.1,3.5,0.0,1.2,2.4,0.0,1.2,3.5,13.0,-1.2,37.3,0,0,31.8,1,13222,1,13222,7273,15210,9945,17395,13485,13923,11902,9433,8822,9425,14058,6235,10017,11291,16469,10363,2636,8846,18668,7575,15136,13664,9444,2246,150,12536,1,30:34
2024-25,1630702,Jaden Hardy,Jaden,1610612742,DAL,Dallas Mavericks,0022400635,2025-01-25T00:00:00,DAL vs. BOS,L,15.483333333333333,9.3,18.6,0.5,2.3,4.7,0.5,2.3,4.7,0.5,0.0,7.0,7.0,7.0,2.3,0.0,0.0,0.0,4.7,2.3,23.3,-11.6,39.8,0,0,39.5,1,13222,1,13222,19259,4201,4121,8526,8761,14084,3944,9542,6577,10625,14058,6401,10182,4033,8964,12854,8263,8846,5412,11648,5330,18585,7911,2246,150,7053,1,15:29
2024-25,1630174,Aaron Nesmith,Aaron,1610612754,IND,Indiana Pacers,0022400633,2025-01-25T00:00:00,IND @ SAS,W,20.766666666666666,6.9,12.1,0.571,1.7,5.2,0.333,0.0,0.0,0.0,1.7,6.9,8.7,3.5,3.5,0.0,0.0,0.0,5.2,1.7,15.6,38.1,27.7,0,0,29.5,1,1,13086,1,15447,9086,13344,6538,11300,12700,9209,13505,14344,13505,9464,6479,7205,11498,5091,12854,8263,8846,4191,14172,12320,1106,16405,2246,150,14346,1,20:46
2024-25,1642268,Isaiah Collier,Isaiah,1610612762,UTA,Utah Jazz,0022400643,2025-01-25T00:00:00,UTA @ MEM,L,32.96666666666667,4.4,12.0,0.364,0.0,2.2,0.0,0.0,0.0,0.0,0.0,5.5,5.5,8.7,4.4,2.2,1.1,4.4,5.5,2.2,8.7,-22.9,33.9,0,0,29.5,1,13222,1,13222,5178,16152,13564,16861,15070,19198,15070,13505,14344,13505,14058,9646,13646,2239,3196,5460,6846,522,3760,12227,19315,22317,11932,2246,150,14339,1,32:58
2024-25,1630577,Julian Champagnie,Julian,1610612759,SAS,San Antonio Spurs,0022400633,2025-01-25T00:00:00,SAS @ IND,L,10.866666666666667,3.3,3.3,1.0,3.3,3.3,1.0,0.0,0.0,0.0,0.0,0.0,0.0,0.0,3.3,0.0,0.0,0.0,6.6,0.0,9.9,3.3,6.6,0,0,13.3,1,13222,1,13222,21769,18721,24386,1,5620,17037,1,13505,14344,13505,14058,22137,23286,19908,5472,12854,8263,8846,2292,17725,18210,10966,24850,2246,150,23631,1,10:52
2024-25,1641763,Julian Phillips,Julian,1610612741,CHI,Chicago Bulls,0022400642,2025-01-25T00:00:00,CHI vs. PHI,L,6.966666666666667,5.2,10.3,0.5,0.0,0.0,0.0,0.0,0.0,0.0,5.2,5.2,10.3,0.0,0.0,5.2,0.0,0.0,0.0,0.0,10.3,5.2,38.2,0,0,31.0,1,13222,1,13222,23184,13896,16487,8526,15070,20945,15070,13505,14344,13505,2223,10362,5071,19908,16469,803,8263,8846,20257,17725,17819,10020,8865,2246,150,13156,1,6:58
2024-25,1630557,Corey Kispert,Corey,1610612764,WAS,Washington Wizards,0022400645,2025-01-25T00:00:00,WAS @ PHX,L,24.223333333333333,3.0,5.9,0.5,1.5,3.0,0.5,0.0,0.0,0.0,1.5,0.0,1.5,1.5,1.5,1.5,0.0,0.0,4.5,0.0,7.4,-19.3,14.4,0,0,14.9,1,13222,1,13222,12711,19485,22664,8526,12094,17718,3944,13505,14344,13505,10371,22137,22584,18035,12813,8473,8263,8846,5870,17725,20380,21346,23358,2246,150,23106,1,24:13
2024-25,1641824,Matas Buzelis,Matas,1610612741,CHI,Chicago Bulls,0022400642,2025-01-25T00:00:00,CHI vs. PHI,L,12.116666666666667,5.9,5.9,1.0,3.0,3.0,1.0,3.0,5.9,0.5,3.0,5.9,8.9,0.0,5.9,0.0,0.0,0.0,3.0,3.0,17.8,14.9,22.6,0,0,29.7,1,13222,1,13222,21184,11675,22668,1,6617,17721,1,7890,4556,10625,5414,8464,6871,19908,1420,12854,8263,8846,10843,9355,10003,5684,19828,2246,150,14158,1,12:07
2024-25,1631169,Josh Minott,Josh,1610612750,MIN,Minnesota Timberwolves,0022400634,2025-01-25T00:00:00,MIN vs. DEN,W,10.266666666666667,3.5,10.5,0.333,3.5,7.0,0.5,7.0,7.0,1.0,0.0,3.5,3.5,0.0,0.0,3.5,0.0,3.5,3.5,3.5,17.5,-3.5,32.3,0,0,31.6,1,1,13086,1,22006,18311,16179,17395,5129,8442,3944,2001,3356,1,14058,15220,18533,19908,16469,2231,8263,908,8730,7645,10289,14802,13123,2246,150,12730,1,10:16
2024-25,1629130,Duncan Robinson,Duncan,1610612748,MIA,Miami Heat,0022400636,2025-01-25T00:00:00,MIA @ BKN,W,32.876666666666665,5.5,12.0,0.455,3.3,9.9,0.333,2.2,3.3,0.667,1.1,6.6,7.7,0.0,3.3,1.1,0.0,0.0,4.4,1.1,16.4,14.2,25.6,0,0,29.6,1,1,13086,1,5269,13056,13519,12676,5719,3659,9209,9985,9345,9425,12507,7165,8854,19908,5547,11060,8263,8846,6071,16931,11478,5916,17866,2246,150,14279,1,32:53
2024-25,1628389,Bam Adebayo,Bam,1610612748,MIA,Miami Heat,0022400636,2025-01-25T00:00:00,MIA @ BKN,W,36.55,5.9,12.8,0.462,1.0,1.0,1.0,3.9,3.9,1.0,4.9,10.8,15.8,3.9,3.9,0.0,1.0,1.0,3.9,5.9,16.7,12.8,40.6,1,0,39.4,1,1,13086,1,2304,11773,12201,12428,14631,20873,1,5810,7968,1,2442,1993,1501,10110,3995,12854,7574,8053,7316,2736,11125,6474,7409,1,150,7134,1,36:33
2024-25,1626167,Myles Turner,Myles,1610612754,IND,Indiana Pacers,0022400633,2025-01-25T00:00:00,IND @ SAS,W,34.95,4.1,12.4,0.333,2.1,7.2,0.286,4.1,4.1,1.0,1.0,1.0,2.1,2.1,1.0,1.0,3.1,1.0,2.1,5.2,14.4,12.4,31.3,0,0,28.8,1,1,13086,1,3500,16797,12960,17395,9872,8026,11433,5492,7589,1,13029,21916,21678,16155,15632,11673,1586,7665,14812,3852,13482,6652,13815,2246,150,14830,1,34:57
2024-25,202699,Tobias Harris,Tobias,1610612765,DET,Detroit Pistons,0022400638,2025-01-25T00:00:00,DET @ ORL,L,17.15,2.1,6.3,0.333,0.0,0.0,0.0,0.0,0.0,0.0,2.1,12.6,14.7,4.2,4.2,0.0,0.0,0.0,4.2,2.1,4.2,-2.1,23.9,0,0,23.1,1,13222,1,13222,18166,21236,22322,17395,15070,20945,15070,13505,14344,13505,7953,1127,1912,9391,3508,12854,8263,8846,6563,12615,22464,14101,19002,2246,150,18950,1,17:09
2024-25,1631210,Jacob Toppin,Jacob,1610612752,NYK,New York Knicks,0022400641,2025-01-25T00:00:00,NYK vs. SAC,W,3.216666666666667,0.0,0.0,0.0,0.0,0.0,0.0,0.0,0.0,0.0,0.0,0.0,0.0,0.0,0.0,11.2,0.0,0.0,0.0,0.0,0.0,22.4,33.6,0,0,22.4,1,1,13086,1,24884,22635,24836,22635,15070,20945,15070,13505,14344,13505,14058,22137,23286,19908,16469,91,8263,8846,20257,17725,23200,3385,12132,2246,150,19435,1,3:13
2024-25,1641709,Ausar Thompson,Ausar,1610612765,DET,Detroit Pistons,0022400638,2025-01-25T00:00:00,DET @ ORL,L,29.658333333333335,7.3,9.7,0.75,0.0,0.0,0.0,4.9,4.9,1.0,2.4,3.6,6.1,1.2,4.9,4.9,1.2,1.2,6.1,6.1,19.4,3.6,41.9,0,0,38.8,1,13222,1,13222,8087,8254,17557,2107,15070,20945,15070,4258,6187,1,6844,14815,12118,18973,2514,988,6092,6162,2853,2535,8446,10840,6685,2246,150,7488,1,29:40
2024-25,1630182,Josh Green,Josh,1610612766,CHA,Charlotte Hornets,0022400637,2025-01-25T00:00:00,CHA vs. NOP,W,23.766666666666666,6.1,12.1,0.5,4.5,9.1,0.5,3.0,3.0,1.0,0.0,3.0,3.0,1.5,1.5,1.5,0.0,0.0,3.0,1.5,19.7,7.6,28.6,0,0,31.8,1,1,13086,1,13100,11341,13382,8526,2984,4687,3944,7724,9909,1,14058,16620,19636,17921,12680,8342,8263,8846,10580,14946,8170,8850,15782,2246,150,12531,1,23:46
2024-25,1630170,Devin Vassell,Devin,1610612759,SAS,San Antonio Spurs,0022400633,2025-01-25T00:00:00,SAS @ IND,L,32.516666666666666,2.2,8.9,0.25,2.2,6.6,0.333,0.0,0.0,0.0,0.0,4.4,4.4,2.2,1.1,1.1,2.2,1.1,3.3,0.0,6.6,-33.2,24.1,0,0,22.1,1,13222,1,13222,5539,21011,18925,20233,9186,9234,9209,13505,14344,13505,14058,12462,16221,15578,15088,10962,2919,6987,9381,17725,20964,24195,18848,2246,150,19590,1,32:31
2024-25,203501,Tim Hardaway Jr.,Tim,1610612765,DET,Detroit Pistons,0022400638,2025-01-25T00:00:00,DET @ ORL,L,33.10666666666667,3.3,8.7,0.375,2.2,5.4,0.4,5.4,5.4,1.0,0.0,2.2,2.2,2.2,0.0,1.1,0.0,0.0,0.0,2.2,14.1,-6.5,23.3,0,0,22.8,1,13222,1,13222,5066,18856,19192,16299,9337,12121,7874,3489,5266,1,14058,19146,21468,15711,16469,11126,8263,8846,20257,12268,13801,16303,19393,2246,150,19116,1,33:06
2024-25,1630256,Jae'Sean Tate,Jae'Sean,1610612745,HOU,Houston Rockets,0022400640,2025-01-25T00:00:00,HOU @ CLE,W,12.286666666666667,8.8,11.7,0.75,0.0,0.0,0.0,2.9,5.9,0.5,5.9,2.9,8.8,0.0,2.9,0.0,0.0,0.0,11.7,8.8,20.5,11.7,28.1,0,0,29.3,1,1,13086,1,21108,5100,14070,2107,15070,20945,15070,8013,4670,10625,1699,16969,7045,19908,6722,12854,8263,8846,445,724,7486,6921,16115,2246,150,14476,1,12:17
2024-25,1628971,Bruce Brown,Bruce,1610612761,TOR,Toronto Raptors,0022400639,2025-01-25T00:00:00,TOR @ ATL,W,26.933333333333334,4.0,12.0,0.333,0.0,4.0,0.0,2.7,2.7,1.0,0.0,6.7,6.7,2.7,6.7,1.3,0.0,1.3,4.0,1.3,10.7,36.1,20.0,0,0,22.7,1,1,13086,1,10388,17070,13538,17395,15070,15565,15070,8633,10804,1,14058,6923,10768,13980,1034,9262,8263,5463,7112,15734,17476,1279,21140,2246,150,19194,1,26:56
2024-25,1629234,Drew Eubanks,Drew,1610612762,UTA,Utah Jazz,0022400643,2025-01-25T00:00:00,UTA @ MEM,L,7.966666666666667,9.0,9.0,1.0,0.0,0.0,0.0,0.0,0.0,0.0,4.5,0.0,4.5,0.0,4.5,0.0,0.0,0.0,4.5,4.5,18.1,-49.7,19.0,0,0,22.6,1,13222,1,13222,22821,4632,18660,1,15070,20945,15070,13505,14344,13505,2902,22137,15999,19908,2972,12854,8263,8846,5733,5095,9762,25386,21653,2246,150,19287,1,7:58
2024-25,1630202,Payton Pritchard,Payton,1610612738,BOS,Boston Celtics,0022400635,2025-01-25T00:00:00,BOS @ DAL,W,26.566666666666666,2.7,5.4,0.5,2.7,5.4,0.5,0.0,0.0,0.0,4.1,8.1,12.2,5.4,0.0,1.4,0.0,0.0,2.7,0.0,8.1,28.5,35.0,0,0,31.2,1,1,13086,1,10668,20063,23153,8526,7509,12162,3944,13505,14344,13505,3502,4514,3351,6588,16469,9163,8263,8846,12003,17725,19808,2193,11079,2246,150,13027,1,26:34
2024-25,1642348,Justin Edwards,Justin,1610612755,PHI,Philadelphia 76ers,0022400642,2025-01-25T00:00:00,PHI @ CHI,W,29.45,1.2,7.3,0.167,0.0,3.7,0.0,1.2,2.4,0.5,2.4,0.0,2.4,0.0,0.0,3.7,0.0,1.2,2.4,1.2,3.7,17.1,17.6,0,0,13.4,1,1,13086,1,8267,22475,21161,21938,15070,16291,15070,12520,11350,10625,6790,22137,20908,19908,16469,2007,8263,6107,13004,16284,22709,4865,22263,2246,150,23571,1,29:27
2024-25,203897,Zach LaVine,Zach,1610612741,CHI,Chicago Bulls,0022400642,2025-01-25T00:00:00,CHI vs. PHI,L,37.63333333333333,9.6,19.1,0.5,1.9,8.6,0.222,2.9,7.7,0.375,1.0,6.7,7.7,3.8,3.8,1.0,0.0,1.9,1.9,3.8,23.9,-4.8,37.9,0,0,39.2,1,13222,1,13222,1610,3782,3638,8526,10574,5408,13288,8167,2775,13124,13592,6896,8872,10433,4247,12297,8263,3502,15605,6779,4863,15462,9101,2246,150,7260,1,37:38
2024-25,1629610,DaQuan Jeffries,DaQuan,1610612766,CHA,Charlotte Hornets,0022400637,2025-01-25T00:00:00,CHA vs. NOP,W,27.366666666666667,2.6,10.5,0.25,2.6,9.2,0.286,0.0,0.0,0.0,1.3,7.9,9.2,3.9,0.0,2.6,0.0,1.3,3.9,0.0,7.9,35.5,32.8,0,0,28.9,1,1,13086,1,10046,20217,16171,20233,7737,4512,11433,13505,14344,13505,11125,4871,6436,10083,16469,4060,8263,5575,7289,17725,20001,1342,12761,2246,150,14752,1,27:22
2024-25,1629622,Max Strus,Max,1610612739,CLE,Cleveland Cavaliers,0022400640,2025-01-25T00:00:00,CLE vs. HOU,L,34.83,6.2,8.3,0.75,2.1,4.1,0.5,0.0,0.0,0.0,1.0,8.3,9.3,3.1,0.0,0.0,0.0,0.0,5.2,0.0,14.5,4.1,30.3,0,0,28.9,1,13222,1,13222,3595,10972,19844,2107,9830,15263,3944,13505,14344,13505,12995,4325,6313,12608,16469,12854,8263,8846,4252,17725,13443,10578,14592,2246,150,14751,1,34:50
2024-25,1631212,Peyton Watson,Peyton,1610612743,DEN,Denver Nuggets,0022400634,2025-01-25T00:00:00,DEN @ MIN,L,18.45,2.0,7.8,0.25,0.0,0.0,0.0,0.0,0.0,0.0,2.0,3.9,5.9,5.9,0.0,2.0,5.9,2.0,0.0,0.0,3.9,-17.6,43.1,0,0,31.2,1,13222,1,13222,17247,21493,20526,20233,15070,20945,15070,13505,14344,13505,8614,14015,12621,5753,16469,6493,336,3380,20257,17725,22596,20800,6074,2246,150,12983,1,18:27
2024-25,1631165,Keon Ellis,Keon,1610612758,SAC,Sacramento Kings,0022400641,2025-01-25T00:00:00,SAC @ NYK,L,17.27,4.2,8.3,0.5,4.2,8.3,0.5,0.0,0.0,0.0,0.0,6.3,6.3,0.0,0.0,2.1,2.1,0.0,2.1,0.0,12.5,-50.0,32.5,0,0,31.3,1,13222,1,13222,18096,16679,19741,8526,3635,5857,3944,13505,14344,13505,14058,7780,11705,19908,16469,5854,3247,8846,14682,17725,15585,25398,12936,2246,150,12953,1,17:16
2024-25,1630643,Jay Huff,Jay,1610612763,MEM,Memphis Grizzlies,0022400643,2025-01-25T00:00:00,MEM vs. UTA,W,2.6666666666666665,0.0,0.0,0.0,0.0,0.0,0.0,0.0,0.0,0.0,0.0,0.0,0.0,13.5,0.0,0.0,0.0,0.0,0.0,0.0,0.0,-13.5,20.3,0,0,13.5,1,1,13086,1,25146,22635,24836,22635,15070,20945,15070,13505,14344,13505,14058,22137,23286,449,16469,12854,8263,8846,20257,17725,23200,19304,21041,2246,150,23554,1,2:40
2024-25,1630573,Sam Hauser,Sam,1610612738,BOS,Boston Celtics,0022400635,2025-01-25T00:00:00,BOS @ DAL,W,14.4,5.0,7.5,0.667,5.0,7.5,0.667,0.0,0.0,0.0,0.0,2.5,2.5,2.5,0.0,0.0,0.0,0.0,5.0,0.0,15.0,-2.5,21.8,0,0,25.0,1,1,13086,1,19952,14383,20924,3281,2270,7397,1957,13505,14344,13505,14058,18186,20815,14546,16469,12854,8263,8846,4604,17725,12895,14312,20289,2246,150,17675,1,14:24
2024-25,1629611,Terance Mann,Terance,1610612746,LAC,LA Clippers,0022400646,2025-01-25T00:00:00,LAC vs. MIL,W,14.156666666666666,2.5,10.2,0.25,2.5,5.1,0.5,0.0,0.0,0.0,2.5,7.6,10.2,0.0,0.0,0.0,2.5,2.5,5.1,0.0,7.6,7.6,27.5,0,0,25.4,1,1,13086,1,20108,20389,16781,20233,8003,12991,3944,13505,14344,13505,6487,5274,5259,19908,16469,12854,2301,1967,4411,17725,20218,8815,16619,2246,150,17333,1,14:09
2024-25,1641764,Brandin Podziemski,Brandin,1610612744,GSW,Golden State Warriors,0022400644,2025-01-25T00:00:00,GSW vs. LAL,L,24.316666666666666,8.9,14.8,0.6,4.4,8.9,0.5,3.0,3.0,1.0,1.5,3.0,4.4,7.4,0.0,3.0,0.0,0.0,0.0,1.5,25.2,13.3,50.5,0,0,47.4,1,13222,1,13222,12630,4915,8894,5394,3167,4989,3944,7918,10065,1,10389,16850,16191,3508,16469,3245,8263,8846,20257,15084,4146,6249,3133,2246,150,3347,1,24:19
2024-25,1642269,Devin Carter,Devin,1610612758,SAC,Sacramento Kings,0022400641,2025-01-25T00:00:00,SAC @ NYK,L,7.583333333333333,4.7,9.5,0.5,0.0,0.0,0.0,9.5,9.5,1.0,4.7,0.0,4.7,4.7,0.0,0.0,0.0,0.0,4.7,19.0,19.0,-19.0,31.8,0,0,28.5,1,13222,1,13222,22957,15116,17958,8526,15070,20945,15070,839,1598,1,2615,22137,15448,8057,16469,12854,8263,8846,5183,54,8866,21237,13478,2246,150,15079,1,7:35
2024-25,1630572,Sandro Mamukelashvili,Sandro,1610612759,SAS,San Antonio Spurs,0022400633,2025-01-25T00:00:00,SAS @ IND,L,11.65,3.1,9.3,0.333,0.0,3.1,0.0,3.1,6.2,0.5,3.1,6.2,9.3,6.2,0.0,6.2,0.0,0.0,3.1,3.1,9.3,-12.4,48.2,0,0,37.1,1,13222,1,13222,21433,19227,18308,17395,15070,17471,15070,7571,4251,10625,5147,7945,6359,5196,16469,432,8263,8846,10308,8918,18840,18882,3914,2246,150,8669,1,11:39
2024-25,1626145,Tyus Jones,Tyus,1610612756,PHX,Phoenix Suns,0022400645,2025-01-25T00:00:00,PHX vs. WAS,W,31.783333333333335,6.8,12.5,0.545,1.1,5.7,0.2,3.4,3.4,1.0,0.0,3.4,3.4,5.7,2.3,0.0,0.0,0.0,2.3,1.1,18.1,14.7,28.4,0,0,28.3,1,1,13086,1,6172,9430,12802,7695,13748,11541,13429,6900,9094,1,14058,15527,18786,6116,9232,12854,8263,8846,13800,16749,9710,5733,15920,2246,150,15196,1,31:47
2024-25,1642377,Jaylen Wells,Jaylen,1610612763,MEM,Memphis Grizzlies,0022400643,2025-01-25T00:00:00,MEM vs. UTA,W,28.633333333333333,6.3,10.1,0.625,2.5,5.0,0.5,5.0,5.0,1.0,1.3,3.8,5.0,0.0,0.0,0.0,0.0,0.0,1.3,2.5,20.1,12.6,26.2,0,0,27.7,1,1,13086,1,8997,10757,16946,4899,8094,13137,3944,3990,5865,1,11436,14408,14725,19908,16469,12854,8263,8846,18232,10932,7826,6574,17517,2246,150,15674,1,28:38
2024-25,1631223,David Roddy,David,1610612737,ATL,Atlanta Hawks,0022400639,2025-01-25T00:00:00,ATL vs. TOR,L,7.366666666666666,4.9,14.7,0.333,0.0,0.0,0.0,9.8,9.8,1.0,0.0,14.7,14.7,4.9,0.0,0.0,4.9,4.9,0.0,9.8,19.5,-14.7,59.1,0,0,48.9,1,13222,1,13222,23041,14701,9115,17395,15070,20945,15070,758,1470,1,14058,631,1930,7711,16469,12854,545,386,20257,459,8312,19772,1309,2246,150,2866,1,7:22
2024-25,1631097,Bennedict Mathurin,Bennedict,1610612754,IND,Indiana Pacers,0022400633,2025-01-25T00:00:00,IND @ SAS,W,21.333333333333332,6.8,16.9,0.4,5.1,10.1,0.5,3.4,3.4,1.0,1.7,3.4,5.1,1.7,0.0,0.0,0.0,0.0,1.7,5.1,21.9,6.8,30.5,0,0,33.8,1,1,13086,1,15046,9563,5941,14933,2198,3351,3944,6948,9154,1,9621,15584,14631,17405,16469,12854,8263,8846,16574,3991,6261,9265,14396,2246,150,11030,1,21:20
2024-25,1629628,RJ Barrett,RJ,1610612761,TOR,Toronto Raptors,0022400639,2025-01-25T00:00:00,TOR @ ATL,W,30.123333333333335,10.8,15.5,0.692,3.6,4.8,0.75,2.4,4.8,0.5,2.4,7.2,9.6,4.8,2.4,1.2,0.0,1.2,2.4,3.6,27.5,13.1,47.3,0,0,47.8,1,1,13086,1,7660,2448,7781,3171,4955,13758,1542,9368,6339,10625,6957,6060,5971,7970,8702,10219,8263,6303,13268,7436,2984,6323,4201,2246,150,3223,1,30:07
2024-25,1631342,Daeqwon Plowden,Daeqwon,1610612737,ATL,Atlanta Hawks,0022400639,2025-01-25T00:00:00,ATL vs. TOR,L,7.466666666666667,4.8,9.6,0.5,4.8,9.6,0.5,9.6,9.6,1.0,0.0,4.8,4.8,0.0,0.0,0.0,0.0,0.0,4.8,4.8,24.1,14.5,29.9,0,0,33.8,1,13222,1,13222,23013,14881,17685,8526,2526,3918,3944,795,1528,1,14058,11365,15242,19908,16469,12854,8263,8846,5006,4456,4727,5832,14881,2246,150,11030,1,7:28
2024-25,1628374,Lauri Markkanen,Lauri,1610612762,UTA,Utah Jazz,0022400643,2025-01-25T00:00:00,UTA @ MEM,L,31.683333333333334,5.7,15.9,0.357,1.1,9.1,0.125,0.0,1.1,0.0,1.1,5.7,6.8,2.3,1.1,0.0,1.1,1.1,1.1,1.1,12.5,-12.5,26.4,0,0,25.0,1,13222,1,13222,6246,12473,7248,17140,13737,4686,14886,13505,13984,13505,12219,9090,10495,15338,14902,12854,6567,6744,18886,16736,15593,18943,17377,2246,150,17679,1,31:41
2024-25,1627750,Jamal Murray,Jamal,1610612743,DEN,Denver Nuggets,0022400634,2025-01-25T00:00:00,DEN @ MIN,L,34.53333333333333,10.4,16.7,0.625,3.1,5.2,0.6,2.1,2.1,1.0,0.0,2.1,2.1,5.2,2.1,0.0,0.0,0.0,2.1,1.0,26.1,-24.0,34.3,0,0,36.5,1,13222,1,13222,3822,2791,6204,4899,6144,12673,2992,10342,12469,1,14058,19403,21643,7013,10072,12854,8263,8846,14674,17204,3651,22571,11592,2246,150,9056,1,34:32
2024-25,1630596,Evan Mobley,Evan,1610612739,CLE,Cleveland Cavaliers,0022400640,2025-01-25T00:00:00,CLE vs. HOU,L,28.966666666666665,3.7,9.9,0.375,0.0,2.5,0.0,1.2,5.0,0.25,1.2,8.7,9.9,1.2,2.5,0.0,2.5,1.2,2.5,3.7,8.7,-11.2,27.5,0,0,24.9,1,13222,1,13222,8697,17751,17165,16299,15070,18656,15070,12469,5985,13358,11519,3840,5501,18871,8307,12854,2407,5977,12860,7061,19346,18398,16613,2246,150,17789,1,28:58
2024-25,1629012,Collin Sexton,Collin,1610612762,UTA,Utah Jazz,0022400643,2025-01-25T00:00:00,UTA @ MEM,L,29.983333333333334,6.0,20.4,0.294,1.2,9.6,0.125,10.8,12.0,0.9,3.6,0.0,3.6,4.8,3.6,0.0,0.0,2.4,1.2,7.2,24.0,-16.8,31.9,0,0,33.6,1,13222,1,13222,7797,11495,2684,19598,13361,3974,14886,516,764,6805,4209,22137,18321,7913,4772,12854,8263,2217,18533,1511,4790,20549,13370,2246,150,11143,1,29:59
2024-25,1641722,Jordan Hawkins,Jordan,1610612740,NOP,New Orleans Pelicans,0022400637,2025-01-25T00:00:00,NOP @ CHA,L,38.583333333333336,4.7,11.2,0.417,1.9,5.6,0.333,1.9,1.9,1.0,0.0,3.7,3.7,0.9,0.9,2.8,0.0,0.0,1.9,0.9,13.1,-17.7,26.4,0,0,25.2,1,13222,1,13222,1068,15328,15027,14532,10800,11731,9209,11062,13075,1,14058,14527,17985,19828,16232,3693,8263,8846,15858,17597,15026,20843,17343,2246,150,17520,1,38:35
2024-25,202696,Nikola Vučević,Nikola,1610612741,CHI,Chicago Bulls,0022400642,2025-01-25T00:00:00,CHI vs. PHI,L,34.31666666666667,8.4,12.6,0.667,0.0,3.1,0.0,6.3,6.3,1.0,2.1,10.5,12.6,4.2,0.0,1.0,3.1,0.0,5.2,3.1,23.1,-9.4,57.1,1,0,48.3,1,13222,1,13222,3991,5816,12599,3281,15070,17370,15070,2601,4136,1,7958,2236,3073,9399,16469,11502,1526,8846,4116,8744,5431,17642,1622,1,150,3060,1,34:19
2024-25,1626157,Karl-Anthony Towns,Karl-Anthony,1610612752,NYK,New York Knicks,0022400641,2025-01-25T00:00:00,NYK vs. SAC,W,27.805,9.1,23.3,0.389,0.0,1.3,0.0,5.2,5.2,1.0,6.5,12.9,19.4,2.6,1.3,1.3,0.0,1.3,1.3,2.6,23.3,-3.9,53.1,1,0,47.9,1,1,13086,1,9714,4586,1277,16009,15070,20501,15070,3789,5636,1,1380,1030,608,14249,13825,9490,8263,5680,18051,10675,5286,15002,2424,1,150,3182,1,27:48
2024-25,202681,Kyrie Irving,Kyrie,1610612742,DAL,Dallas Mavericks,0022400635,2025-01-25T00:00:00,DAL vs. BOS,L,41.925,9.4,19.7,0.478,0.0,2.6,0.0,0.0,0.0,0.0,0.0,3.4,3.4,4.3,2.6,0.0,0.9,0.0,0.9,2.6,18.9,-7.7,29.5,0,0,28.3,1,13222,1,13222,260,3959,3150,11986,15070,18485,15070,13505,14344,13505,14058,15423,18698,9149,7961,12854,8178,8846,20205,10717,8955,16845,15182,2246,150,15186,1,41:56
2024-25,1630183,Jaden McDaniels,Jaden,1610612750,MIN,Minnesota Timberwolves,0022400634,2025-01-25T00:00:00,MIN vs. DEN,W,31.983333333333334,6.8,9.0,0.75,1.1,1.1,1.0,0.0,0.0,0.0,2.3,6.8,9.0,4.5,0.0,1.1,1.1,0.0,2.3,0.0,14.6,28.1,38.9,0,0,33.8,1,1,13086,1,5982,9552,18706,2107,13800,20715,1,13505,14344,13505,7411,6784,6727,8649,16469,10817,6632,8846,13875,17725,13266,2242,8448,2246,150,11022,1,31:59
2024-25,1629634,Brandon Clarke,Brandon,1610612763,MEM,Memphis Grizzlies,0022400643,2025-01-25T00:00:00,MEM vs. UTA,W,18.065,6.0,13.9,0.429,0.0,0.0,0.0,0.0,0.0,0.0,2.0,8.0,10.0,4.0,4.0,2.0,2.0,4.0,2.0,0.0,12.0,10.0,37.9,0,0,33.9,1,1,13086,1,17532,11581,10249,13735,15070,20945,15070,13505,14344,13505,8416,4737,5469,9966,3906,6281,3511,653,15185,17725,16189,7713,9113,2246,150,10944,1,18:04
2024-25,1630568,Luka Garza,Luka,1610612750,MIN,Minnesota Timberwolves,0022400634,2025-01-25T00:00:00,MIN vs. DEN,W,4.45,8.1,16.2,0.5,0.0,0.0,0.0,0.0,0.0,0.0,16.2,16.2,32.4,0.0,8.1,0.0,0.0,0.0,8.1,0.0,16.2,8.1,46.9,0,0,48.5,1,1,13086,1,24257,6440,6859,8526,15070,20945,15070,13505,14344,13505,105,416,66,19908,569,12854,8263,8846,1323,17725,11745,8586,4343,2246,150,2975,1,4:27
2024-25,1629723,John Konchar,John,1610612763,MEM,Memphis Grizzlies,0022400643,2025-01-25T00:00:00,MEM vs. UTA,W,15.533333333333333,2.3,7.0,0.333,2.3,4.6,0.5,0.0,0.0,0.0,0.0,9.3,9.3,0.0,0.0,2.3,2.3,0.0,0.0,0.0,7.0,4.6,32.0,0,0,27.8,1,1,13086,1,19234,20814,21616,17395,8784,14121,3944,13505,14344,13505,14058,3231,6352,19908,16469,4964,2706,8846,20257,17725,20757,10318,13336,2246,150,15569,1,15:32
2024-25,1631115,Orlando Robinson,Orlando,1610612761,TOR,Toronto Raptors,0022400639,2025-01-25T00:00:00,TOR @ ATL,W,20.6,3.5,12.2,0.286,0.0,1.7,0.0,0.0,0.0,0.0,3.5,7.0,10.5,0.0,5.2,1.7,3.5,1.7,7.0,1.7,7.0,14.0,30.1,0,0,28.0,1,1,13086,1,15566,18337,13211,19630,15070,19988,15070,13505,14344,13505,4382,6376,4922,19908,2070,7453,1233,4031,1985,14124,20738,6022,14752,2246,150,15452,1,20:36
2024-25,1630178,Tyrese Maxey,Tyrese,1610612755,PHI,Philadelphia 76ers,0022400642,2025-01-25T00:00:00,PHI @ CHI,W,43.06,10.0,19.2,0.522,4.2,10.9,0.385,1.7,1.7,1.0,0.0,4.2,4.2,7.5,2.5,1.7,0.8,0.8,0.0,3.3,25.9,5.0,47.2,0,0,46.8,1,1,13086,1,146,3188,3568,8473,3610,2616,8766,11469,13321,1,14058,13166,16855,3367,8220,7710,8213,8793,20257,8107,3721,10102,4232,2246,150,3542,1,43:04
2024-25,1629651,Nic Claxton,Nic,1610612751,BKN,Brooklyn Nets,0022400636,2025-01-25T00:00:00,BKN vs. MIA,L,25.86,7.0,11.1,0.625,0.0,0.0,0.0,4.2,4.2,1.0,1.4,5.6,7.0,2.8,2.8,1.4,1.4,0.0,4.2,4.2,18.1,-13.9,36.2,0,0,33.4,1,13222,1,13222,11285,9017,15131,4899,15070,20945,15070,5385,7465,1,10779,9363,10223,13635,7277,8949,5260,8846,6619,5892,9740,19473,10243,2246,150,11305,1,25:52
2024-25,1631099,Keegan Murray,Keegan,1610612758,SAC,Sacramento Kings,0022400641,2025-01-25T00:00:00,SAC @ NYK,L,39.06666666666667,4.6,10.1,0.455,1.8,6.5,0.286,0.0,0.0,0.0,1.8,5.5,7.4,3.7,1.8,2.8,1.8,0.9,3.7,0.9,11.1,-16.6,37.4,0,0,33.2,1,13222,1,13222,859,15475,16853,12676,10908,9649,11433,13505,14344,13505,9077,9456,9424,10825,11354,3769,3947,8549,8136,17622,17133,20474,9400,2246,150,11516,1,39:04
2024-25,1641741,Ricky Council IV,Ricky,1610612755,PHI,Philadelphia 76ers,0022400642,2025-01-25T00:00:00,PHI @ CHI,W,10.666666666666666,6.8,10.1,0.667,0.0,0.0,0.0,10.1,13.5,0.75,3.4,6.8,10.1,3.4,0.0,0.0,0.0,0.0,0.0,6.8,23.6,6.8,40.8,0,0,37.1,1,1,13086,1,21853,9563,16867,3281,15070,20945,15070,665,531,8186,4593,6787,5298,11752,16469,12854,8263,8846,20257,1858,5037,9265,7260,2246,150,8632,1,10:40
2024-25,203915,Spencer Dinwiddie,Spencer,1610612742,DAL,Dallas Mavericks,0022400635,2025-01-25T00:00:00,DAL vs. BOS,L,26.35,6.8,9.6,0.714,2.7,4.1,0.667,0.0,0.0,0.0,0.0,4.1,4.1,2.7,5.5,1.4,0.0,0.0,8.2,2.7,16.4,2.7,24.0,0,0,28.7,1,13222,1,13222,10858,9346,17829,2752,7439,15347,1957,13505,14344,13505,14058,13417,17065,13812,1840,9103,8263,8846,1270,10220,11502,11247,18917,2246,150,14937,1,26:21
2024-25,101108,Chris Paul,Chris,1610612759,SAS,San Antonio Spurs,0022400633,2025-01-25T00:00:00,SAS @ IND,L,32.03333333333333,3.4,5.6,0.6,2.2,4.5,0.5,3.4,3.4,1.0,0.0,0.0,0.0,9.0,2.2,1.1,1.1,0.0,1.1,2.2,12.4,-6.7,30.3,0,0,28.1,1,13222,1,13222,5940,18596,22980,5394,9054,14436,3944,6957,9158,1,14058,22137,23286,2033,9317,10834,6644,8846,18967,11950,15753,16398,14539,2246,150,15361,1,32:02
2024-25,1641716,Jarace Walker,Jarace,1610612754,IND,Indiana Pacers,0022400633,2025-01-25T00:00:00,IND @ SAS,W,4.55,7.9,15.8,0.5,7.9,15.8,0.5,0.0,0.0,0.0,0.0,7.9,7.9,7.9,0.0,0.0,0.0,0.0,7.9,7.9,23.7,79.1,45.1,0,0,47.5,1,1,13086,1,24199,6822,7381,8526,482,546,3944,13505,14344,13505,14058,4838,8432,2981,16469,12854,8263,8846,1399,1069,4964,168,5132,2246,150,3310,1,4:33
2024-25,1642261,Dalton Knecht,Dalton,1610612747,LAL,Los Angeles Lakers,0022400644,2025-01-25T00:00:00,LAL @ GSW,W,23.31,7.7,13.9,0.556,4.6,10.8,0.429,0.0,0.0,0.0,0.0,1.5,1.5,1.5,1.5,0.0,0.0,0.0,1.5,0.0,20.1,-15.4,22.7,0,0,27.8,1,1,13086,1,13462,7223,10342,7248,2833,2664,7394,13505,14344,13505,14058,20787,22517,17825,12564,12854,8263,8846,17070,17725,7859,20073,19746,2246,150,15583,1,23:19
2024-25,1627736,Malik Beasley,Malik,1610612765,DET,Detroit Pistons,0022400638,2025-01-25T00:00:00,DET @ ORL,L,30.46,7.1,15.4,0.462,4.7,9.5,0.5,2.4,4.7,0.5,1.2,4.7,5.9,2.4,0.0,1.2,0.0,0.0,1.2,3.5,21.3,11.8,35.5,0,0,36.6,1,13222,1,13222,7363,8721,8013,12428,2682,4173,3944,9415,6430,10625,11920,11619,12503,15006,16469,10333,8263,8846,18643,7541,6858,6873,10764,2246,150,8957,1,30:28
2024-25,1631110,Jeremy Sochan,Jeremy,1610612759,SAS,San Antonio Spurs,0022400633,2025-01-25T00:00:00,SAS @ IND,L,14.333333333333334,2.5,12.6,0.2,0.0,0.0,0.0,0.0,0.0,0.0,5.0,5.0,10.0,0.0,10.0,5.0,0.0,0.0,7.5,0.0,5.0,-75.3,22.1,0,0,25.1,1,13222,1,13222,19991,20450,12645,21401,15070,20945,15070,13505,14344,13505,2354,10813,5374,19908,327,885,8263,8846,1613,17725,21991,25960,20079,2246,150,17584,1,14:20
2024-25,203081,Damian Lillard,Damian,1610612749,MIL,Milwaukee Bucks,0022400646,2025-01-25T00:00:00,MIL @ LAC,L,39.9,5.4,14.4,0.375,0.9,8.1,0.111,14.4,15.3,0.941,0.9,8.1,9.0,9.0,3.6,0.9,0.9,0.0,1.8,9.0,26.2,-0.9,52.3,1,1,48.7,1,13222,1,13222,583,13228,9455,16299,14956,6236,15003,191,333,6708,13899,4529,6697,2002,4758,12657,8080,8846,16160,649,3600,13467,2635,1,1,2913,1,39:54
2024-25,1630559,Austin Reaves,Austin,1610612747,LAL,Los Angeles Lakers,0022400644,2025-01-25T00:00:00,LAL @ GSW,W,39.473333333333336,5.5,9.1,0.6,0.9,3.6,0.25,2.7,2.7,1.0,0.9,3.6,4.6,6.4,2.7,0.9,0.0,0.0,0.0,2.7,14.6,15.5,29.6,0,0,28.3,1,1,13086,1,727,13064,18523,5394,14924,16332,11902,8498,10654,1,13853,14802,15900,4874,7423,12609,8263,8846,20257,10210,13304,5432,15060,2246,150,15231,1,39:28
2024-25,1641711,Gradey Dick,Gradey,1610612761,TOR,Toronto Raptors,0022400639,2025-01-25T00:00:00,TOR @ ATL,W,14.216666666666667,5.1,17.7,0.286,5.1,10.1,0.5,0.0,0.0,0.0,0.0,2.5,2.5,5.1,2.5,0.0,0.0,2.5,12.7,0.0,15.2,-40.5,23.3,0,0,27.9,1,1,13086,1,20066,14198,4985,19630,2196,3349,3944,13505,14344,13505,14058,18096,20741,7323,8109,12854,8263,1985,367,17725,12714,24882,19374,2246,150,15535,1,14:13
2024-25,203944,Julius Randle,Julius,1610612750,MIN,Minnesota Timberwolves,0022400634,2025-01-25T00:00:00,MIN vs. DEN,W,32.2,10.1,22.4,0.45,1.1,6.7,0.167,2.2,2.2,1.0,5.6,2.2,7.8,7.8,2.2,2.2,1.1,1.1,2.2,2.2,23.5,17.9,52.4,0,0,47.0,1,1,13086,1,5800,3152,1646,12982,13849,9091,14236,9824,11981,1,1888,18966,8575,3063,9366,5256,6684,6889,13941,12003,5148,4594,2605,2246,150,3498,1,32:12
2024-25,1641816,Hunter Tyson,Hunter,1610612743,DEN,Denver Nuggets,0022400634,2025-01-25T00:00:00,DEN @ MIN,L,5.383333333333334,0.0,20.1,0.0,0.0,13.4,0.0,0.0,13.4,0.0,6.7,20.1,26.7,0.0,0.0,6.7,0.0,0.0,0.0,6.7,0.0,-26.7,52.2,0,0,40.1,1,13222,1,13222,23824,22635,2928,22635,15070,1140,15070,13505,547,13505,1284,171,146,19908,16469,347,8263,8846,20257,1909,23200,23190,2674,2246,150,6711,1,5:23
2024-25,202695,Kawhi Leonard,Kawhi,1610612746,LAC,LA Clippers,0022400646,2025-01-25T00:00:00,LAC vs. MIL,W,24.466666666666665,11.8,25.0,0.471,2.9,10.3,0.286,0.0,0.0,0.0,1.5,2.9,4.4,5.9,0.0,0.0,0.0,0.0,2.9,1.5,26.5,-19.1,40.6,0,0,39.7,1,1,13086,1,12511,1681,825,12143,6713,3156,11433,13505,14344,13505,10427,16917,16250,5691,16469,12854,8263,8846,10962,15119,3438,21280,7389,2246,150,6935,1,24:28
2024-25,201950,Jrue Holiday,Jrue,1610612738,BOS,Boston Celtics,0022400635,2025-01-25T00:00:00,BOS @ DAL,W,29.933333333333334,7.2,14.4,0.5,6.0,12.0,0.5,0.0,0.0,0.0,1.2,2.4,3.6,4.8,0.0,1.2,1.2,1.2,1.2,1.2,20.4,4.8,39.2,0,0,39.7,1,1,13086,1,7840,8411,9466,8526,1294,1763,3944,13505,14344,13505,11776,18469,18303,7891,16469,10152,6152,6236,18523,16384,7551,10205,8264,2246,150,6956,1,29:56
2024-25,203999,Nikola Jokić,Nikola,1610612743,DEN,Denver Nuggets,0022400634,2025-01-25T00:00:00,DEN @ MIN,L,32.4,10.0,14.4,0.692,2.2,4.4,0.5,0.0,1.1,0.0,1.1,2.2,3.3,12.2,7.8,0.0,0.0,0.0,0.0,2.2,22.2,-26.7,36.8,1,0,40.0,1,13222,1,13222,5635,3221,9441,3171,9151,14579,3944,13505,14026,13505,12385,19004,18906,672,637,12854,8263,8846,20257,12068,6064,23166,9857,1,150,6780,1,32:24
2024-25,1641724,Jett Howard,Jett,1610612753,ORL,Orlando Magic,0022400638,2025-01-25T00:00:00,ORL vs. DET,W,0.6866666666666666,0.0,0.0,0.0,0.0,0.0,0.0,0.0,0.0,0.0,0.0,0.0,0.0,0.0,0.0,0.0,0.0,0.0,0.0,0.0,0.0,0.0,0.0,0,0,0.0,1,1,13086,1,26165,22635,24836,22635,15070,20945,15070,13505,14344,13505,14058,22137,23286,19908,16469,12854,8263,8846,20257,17725,23200,12240,25228,2246,150,25259,1,0:41
2024-25,1631204,Marcus Sasser,Marcus,1610612765,DET,Detroit Pistons,0022400638,2025-01-25T00:00:00,DET @ ORL,L,10.223333333333333,3.5,7.0,0.5,0.0,0.0,0.0,0.0,0.0,0.0,0.0,0.0,0.0,3.5,3.5,0.0,0.0,0.0,3.5,0.0,7.0,-35.2,8.8,0,0,10.6,1,13222,1,13222,22022,18281,21512,8526,15070,20945,15070,13505,14344,13505,14058,22137,23286,11336,4971,12854,8263,8846,8697,17725,20693,24432,24603,2246,150,24318,1,10:13
2024-25,1627824,Guerschon Yabusele,Guerschon,1610612755,PHI,Philadelphia 76ers,0022400642,2025-01-25T00:00:00,PHI @ CHI,W,29.35,3.7,12.3,0.3,0.0,6.1,0.0,0.0,0.0,0.0,2.5,4.9,7.4,4.9,3.7,0.0,0.0,0.0,3.7,1.2,7.4,12.3,19.9,0,0,19.6,1,1,13086,1,8346,17895,13144,19363,15070,10358,15070,13505,14344,13505,6774,11142,9456,7676,4604,12854,8263,8846,8170,16261,20436,6688,21229,2246,150,21080,1,29:21
2024-25,1642277,Johnny Furphy,Johnny,1610612754,IND,Indiana Pacers,0022400633,2025-01-25T00:00:00,IND @ SAS,W,3.5833333333333335,0.0,0.0,0.0,0.0,0.0,0.0,20.1,20.1,1.0,0.0,0.0,0.0,0.0,0.0,0.0,0.0,0.0,0.0,10.0,20.1,80.4,20.1,0,0,20.1,1,1,13086,1,24677,22635,24836,22635,15070,20945,15070,73,139,1,14058,22137,23286,19908,16469,12854,8263,8846,20257,400,7843,157,21117,2246,150,20804,1,3:35
2024-25,1630172,Patrick Williams,Patrick,1610612741,CHI,Chicago Bulls,0022400642,2025-01-25T00:00:00,CHI vs. PHI,L,27.1,1.3,12.0,0.111,0.0,5.3,0.0,0.0,1.3,0.0,0.0,5.3,5.3,4.0,2.7,0.0,0.0,0.0,1.3,1.3,2.7,-15.9,12.4,0,0,12.0,1,13222,1,13222,10268,22366,13669,22520,15070,12428,15070,13505,13690,13505,14058,9998,14008,9973,7666,12854,8263,8846,17910,15768,23033,20239,23931,2246,150,23986,1,27:06
2024-25,1628369,Jayson Tatum,Jayson,1610612738,BOS,Boston Celtics,0022400635,2025-01-25T00:00:00,BOS @ DAL,W,35.11666666666667,8.2,22.6,0.364,4.1,12.3,0.333,4.1,4.1,1.0,0.0,6.2,6.2,3.1,3.1,1.0,0.0,4.1,5.1,3.1,24.6,-4.1,36.6,0,0,40.0,1,1,13086,1,3373,6203,1563,16861,3786,1623,9209,5522,7627,1,14058,7999,11934,12678,6205,11712,8263,621,4328,8972,4425,15121,9966,2246,150,6796,1,35:07
2024-25,1641738,Kobe Brown,Kobe,1610612746,LAC,LA Clippers,0022400646,2025-01-25T00:00:00,LAC vs. MIL,W,1.1833333333333333,0.0,0.0,0.0,0.0,0.0,0.0,0.0,0.0,0.0,0.0,0.0,0.0,0.0,0.0,0.0,0.0,0.0,0.0,0.0,0.0,-60.8,0.0,0,0,0.0,1,1,13086,1,25970,22635,24836,22635,15070,20945,15070,13505,14344,13505,14058,22137,23286,19908,16469,12854,8263,8846,20257,17725,23200,25706,25228,2246,150,25259,1,1:11
2024-25,203458,Alex Len,Alex,1610612758,SAC,Sacramento Kings,0022400641,2025-01-25T00:00:00,SAC @ NYK,L,3.216666666666667,0.0,11.2,0.0,0.0,11.2,0.0,0.0,0.0,0.0,0.0,11.2,11.2,0.0,0.0,0.0,0.0,0.0,11.2,0.0,0.0,-22.4,13.4,0,0,11.2,1,13222,1,13222,24884,22635,15036,22635,15070,2341,15070,13505,14344,13505,14058,1804,4243,19908,16469,12854,8263,8846,514,17725,23200,22187,23653,2246,150,24175,1,3:13
2024-25,1626179,Terry Rozier,Terry,1610612748,MIA,Miami Heat,0022400636,2025-01-25T00:00:00,MIA @ BKN,W,29.65,7.3,15.8,0.462,2.4,6.1,0.4,2.4,2.4,1.0,3.6,6.1,9.7,2.4,2.4,0.0,0.0,0.0,2.4,2.4,19.4,2.4,32.3,0,0,34.0,1,1,13086,1,8089,8250,7428,12428,8378,10517,7874,9247,11394,1,4136,8176,5781,14786,8538,12854,8263,8846,13080,11234,8438,11404,13091,2246,150,10853,1,29:39
2024-25,1631124,Julian Strawther,Julian,1610612743,DEN,Denver Nuggets,0022400634,2025-01-25T00:00:00,DEN @ MIN,L,18.27166666666667,2.0,13.8,0.143,0.0,5.9,0.0,0.0,3.9,0.0,0.0,2.0,2.0,2.0,3.9,2.0,0.0,0.0,5.9,2.0,3.9,-23.6,11.2,0,0,11.8,1,13222,1,13222,17393,21455,10506,22260,15070,10915,15070,13505,7967,13505,14058,19757,21859,16477,3993,6391,8263,8846,3062,13214,22574,22484,24192,2246,150,24022,1,18:16
2024-25,1630314,Brandon Williams,Brandon,1610612742,DAL,Dallas Mavericks,0022400635,2025-01-25T00:00:00,DAL vs. BOS,L,1.55,0.0,0.0,0.0,0.0,0.0,0.0,0.0,0.0,0.0,0.0,0.0,0.0,0.0,0.0,0.0,0.0,0.0,0.0,0.0,0.0,0.0,0.0,0,0,0.0,1,13222,1,13222,25768,22635,24836,22635,15070,20945,15070,13505,14344,13505,14058,22137,23286,19908,16469,12854,8263,8846,20257,17725,23200,12240,25228,2246,150,25259,1,1:33
2024-25,202331,Paul George,Paul,1610612755,PHI,Philadelphia 76ers,0022400642,2025-01-25T00:00:00,PHI @ CHI,W,12.7,8.5,17.0,0.5,2.8,8.5,0.333,5.7,5.7,1.0,0.0,2.8,2.8,2.8,2.8,0.0,0.0,0.0,0.0,2.8,25.5,0.0,30.3,0,0,34.0,1,1,13086,1,20897,5605,5795,8526,7102,5575,9209,3221,4935,1,14058,17284,20160,13484,7091,12854,8263,8846,20257,9845,3931,12240,14552,2246,150,10833,1,12:42
2024-25,1627884,Derrick Jones Jr.,Derrick,1610612746,LAC,LA Clippers,0022400646,2025-01-25T00:00:00,LAC vs. MIL,W,28.35,2.5,3.8,0.667,0.0,0.0,0.0,0.0,0.0,0.0,2.5,3.8,6.3,0.0,2.5,0.0,0.0,0.0,7.6,0.0,5.1,14.0,10.2,0,0,11.4,1,1,13086,1,9255,20394,24183,3281,15070,20945,15070,13505,14344,13505,6497,14290,11503,19908,8080,12854,8263,8846,1564,17725,21966,6025,24383,2246,150,24127,1,28:21
2024-25,1626192,Pat Connaughton,Pat,1610612749,MIL,Milwaukee Bucks,0022400646,2025-01-25T00:00:00,MIL @ LAC,L,9.416666666666666,0.0,3.8,0.0,0.0,0.0,0.0,0.0,0.0,0.0,0.0,3.8,3.8,7.6,0.0,0.0,0.0,3.8,3.8,0.0,0.0,26.8,16.1,0,0,11.5,1,13222,1,13222,22306,22635,24177,22635,15070,20945,15070,13505,14344,13505,14058,14253,17767,3227,16469,12854,8263,719,7666,17725,23200,2474,22831,2246,150,24122,1,9:25
2024-25,1630167,Obi Toppin,Obi,1610612754,IND,Indiana Pacers,0022400633,2025-01-25T00:00:00,IND @ SAS,W,13.483333333333333,8.0,21.4,0.375,2.7,10.7,0.25,0.0,0.0,0.0,2.7,10.7,13.3,5.3,0.0,0.0,0.0,2.7,2.7,0.0,18.7,24.0,42.7,0,0,40.0,1,1,13086,1,20496,6615,2121,16299,7620,2802,11902,13505,14344,13505,6175,2100,2575,6740,16469,12854,8263,1784,12165,17725,9129,3013,6263,2246,150,6751,1,13:29
2024-25,1629646,Charles Bassey,Charles,1610612759,SAS,San Antonio Spurs,0022400633,2025-01-25T00:00:00,SAS @ IND,L,3.283333333333333,0.0,0.0,0.0,0.0,0.0,0.0,0.0,0.0,0.0,0.0,11.0,11.0,0.0,0.0,0.0,0.0,0.0,0.0,0.0,0.0,-87.7,13.2,0,0,11.0,1,13222,1,13222,24848,22635,24836,22635,15070,20945,15070,13505,14344,13505,14058,1923,4435,19908,16469,12854,8263,8846,20257,17725,23200,26072,23728,2246,150,24228,1,3:17
2024-25,1641789,Jazian Gortman,Jazian,1610612742,DAL,Dallas Mavericks,0022400635,2025-01-25T00:00:00,DAL vs. BOS,L,1.55,0.0,0.0,0.0,0.0,0.0,0.0,0.0,0.0,0.0,0.0,0.0,0.0,0.0,0.0,0.0,0.0,0.0,0.0,0.0,0.0,0.0,0.0,0,0,0.0,1,13222,1,13222,25768,22635,24836,22635,15070,20945,15070,13505,14344,13505,14058,22137,23286,19908,16469,12854,8263,8846,20257,17725,23200,12240,25228,2246,150,25259,1,1:33
2024-25,1631104,Blake Wesley,Blake,1610612759,SAS,San Antonio Spurs,0022400633,2025-01-25T00:00:00,SAS @ IND,L,3.283333333333333,0.0,0.0,0.0,0.0,0.0,0.0,0.0,0.0,0.0,0.0,0.0,0.0,0.0,11.0,0.0,0.0,0.0,0.0,0.0,0.0,-87.7,-11.0,0,0,0.0,1,13222,1,13222,24848,22635,24836,22635,15070,20945,15070,13505,14344,13505,14058,22137,23286,19908,259,12854,8263,8846,20257,17725,23200,26072,26232,2246,150,25259,1,3:17
2024-25,1630533,Ziaire Williams,Ziaire,1610612751,BKN,Brooklyn Nets,0022400636,2025-01-25T00:00:00,BKN vs. MIA,L,19.6,0.0,9.2,0.0,0.0,5.5,0.0,1.8,3.7,0.5,0.0,9.2,9.2,1.8,1.8,0.0,0.0,0.0,7.3,3.7,1.8,-33.1,13.8,0,0,12.9,1,13222,1,13222,16331,22635,18436,22635,15070,11927,15070,11157,8541,10625,14058,3327,6465,16976,11381,12854,8263,8846,1746,7202,23164,24172,23556,2246,150,23758,1,19:36
2024-25,202684,Tristan Thompson,Tristan,1610612739,CLE,Cleveland Cavaliers,0022400640,2025-01-25T00:00:00,CLE vs. HOU,L,5.166666666666667,0.0,0.0,0.0,0.0,0.0,0.0,0.0,0.0,0.0,0.0,0.0,0.0,0.0,7.0,0.0,0.0,0.0,27.9,0.0,0.0,20.9,-7.0,0,0,0.0,1,13222,1,13222,23920,22635,24836,22635,15070,20945,15070,13505,14344,13505,14058,22137,23286,19908,901,12854,8263,8846,50,17725,23200,3723,26193,2246,150,25259,1,5:10
2024-25,1631323,Simone Fontecchio,Simone,1610612765,DET,Detroit Pistons,0022400638,2025-01-25T00:00:00,DET @ ORL,L,16.798333333333332,0.0,4.3,0.0,0.0,4.3,0.0,0.0,0.0,0.0,0.0,6.4,6.4,2.1,0.0,2.1,0.0,0.0,2.1,0.0,0.0,-38.6,17.4,0,0,12.9,1,13222,1,13222,18392,22635,23936,22635,15070,14950,15070,13505,14344,13505,14058,7443,11315,15847,16469,5620,8263,8846,14395,17725,23200,24748,22348,2246,150,23752,1,16:48
2024-25,1641854,Craig Porter Jr.,Craig,1610612739,CLE,Cleveland Cavaliers,0022400640,2025-01-25T00:00:00,CLE vs. HOU,L,5.35,0.0,6.7,0.0,0.0,0.0,0.0,0.0,0.0,0.0,0.0,6.7,6.7,0.0,13.5,0.0,6.7,0.0,0.0,0.0,0.0,6.7,14.8,0,0,20.2,1,13222,1,13222,23840,22635,21854,22635,15070,20945,15070,13505,14344,13505,14058,6830,10675,19908,141,12854,221,8846,20257,17725,23200,9272,23236,2246,150,20750,1,5:21
2024-25,1630192,Zeke Nnaji,Zeke,1610612743,DEN,Denver Nuggets,0022400634,2025-01-25T00:00:00,DEN @ MIN,L,5.383333333333334,6.7,20.1,0.333,0.0,6.7,0.0,0.0,0.0,0.0,6.7,0.0,6.7,0.0,0.0,0.0,0.0,0.0,0.0,0.0,13.4,-26.7,21.4,0,0,20.1,1,13222,1,13222,23824,9715,2928,17395,15070,9129,15070,13505,14344,13505,1284,22137,10755,19908,16469,12854,8263,8846,20257,17725,14651,23190,20472,2246,150,20829,1,5:23
2024-25,203486,Mason Plumlee,Mason,1610612756,PHX,Phoenix Suns,0022400645,2025-01-25T00:00:00,PHX vs. WAS,W,14.483333333333333,2.5,2.5,1.0,0.0,0.0,0.0,5.0,5.0,1.0,2.5,17.4,19.9,0.0,0.0,2.5,0.0,0.0,2.5,2.5,9.9,7.5,41.3,0,0,34.8,1,1,13086,1,19887,20491,24650,1,15070,20945,15070,4085,5985,1,6657,301,554,19908,16469,4422,8263,8846,12860,11043,18207,8904,7012,2246,150,10228,1,14:29
2024-25,1631103,Malaki Branham,Malaki,1610612759,SAS,San Antonio Spurs,0022400633,2025-01-25T00:00:00,SAS @ IND,L,4.55,0.0,15.8,0.0,0.0,7.9,0.0,0.0,0.0,0.0,0.0,0.0,0.0,0.0,15.8,0.0,0.0,0.0,7.9,0.0,0.0,-79.1,-15.8,0,0,0.0,1,13222,1,13222,24199,22635,7381,22635,15070,6595,15070,13505,14344,13505,14058,22137,23286,19908,95,12854,8263,8846,1399,17725,23200,25994,26263,2246,150,25259,1,4:33
2024-25,1630526,Jeremiah Robinson-Earl,Jeremiah,1610612740,NOP,New Orleans Pelicans,0022400637,2025-01-25T00:00:00,NOP @ CHA,L,11.166666666666666,0.0,6.4,0.0,0.0,6.4,0.0,0.0,0.0,0.0,0.0,9.7,9.7,0.0,3.2,0.0,0.0,0.0,6.4,0.0,0.0,-9.7,8.4,0,0,9.7,1,13222,1,13222,21639,22635,22155,22635,15070,9655,15070,13505,14344,13505,14058,2848,5838,19908,5742,12854,8263,8846,2444,17725,23200,17747,24645,2246,150,24493,1,11:10
2024-25,1628464,Daniel Theis,Daniel,1610612740,NOP,New Orleans Pelicans,0022400637,2025-01-25T00:00:00,NOP @ CHA,L,11.083333333333334,0.0,0.0,0.0,0.0,0.0,0.0,0.0,0.0,0.0,0.0,6.5,6.5,6.5,0.0,3.2,0.0,0.0,9.7,0.0,0.0,-6.5,27.3,0,0,19.5,1,13222,1,13222,21667,22635,24836,22635,15070,20945,15070,13505,14344,13505,14058,7319,11185,4719,16469,2648,8263,8846,756,17725,23200,16289,16758,2246,150,21156,1,11:05
2024-25,1629638,Nickeil Alexander-Walker,Nickeil,1610612750,MIN,Minnesota Timberwolves,0022400634,2025-01-25T00:00:00,MIN vs. DEN,W,21.4,6.7,11.8,0.571,3.4,6.7,0.5,0.0,0.0,0.0,0.0,0.0,0.0,0.0,1.7,0.0,0.0,0.0,0.0,1.7,16.8,8.4,15.1,0,0,20.2,1,1,13086,1,14991,9624,13986,6538,5473,9051,3944,13505,14344,13505,14058,22137,23286,19908,11995,12854,8263,8846,20257,14335,11036,8435,23133,2246,150,20750,1,21:24
2024-25,1628401,Derrick White,Derrick,1610612738,BOS,Boston Celtics,0022400635,2025-01-25T00:00:00,BOS @ DAL,W,36.416666666666664,6.9,15.8,0.438,4.0,9.9,0.4,4.9,5.9,0.833,2.0,2.0,4.0,4.0,0.0,0.0,0.0,0.0,4.0,5.9,22.7,6.9,33.4,0,0,34.6,1,1,13086,1,2394,9126,7395,13558,4087,3626,7874,4127,4570,7275,8491,19737,17431,10054,16469,12854,8263,8846,7267,2707,5666,9177,12257,2246,150,10366,1,36:25
2024-25,1630699,MarJon Beauchamp,MarJon,1610612749,MIL,Milwaukee Bucks,0022400646,2025-01-25T00:00:00,MIL @ LAC,L,1.1833333333333333,0.0,0.0,0.0,0.0,0.0,0.0,0.0,0.0,0.0,0.0,0.0,0.0,0.0,0.0,0.0,0.0,0.0,0.0,0.0,0.0,60.8,0.0,0,0,0.0,1,13222,1,13222,25970,22635,24836,22635,15070,20945,15070,13505,14344,13505,14058,22137,23286,19908,16469,12854,8263,8846,20257,17725,23200,349,25228,2246,150,25259,1,1:11
2024-25,1630649,Stanley Umude,Stanley,1610612749,MIL,Milwaukee Bucks,0022400646,2025-01-25T00:00:00,MIL @ LAC,L,1.1833333333333333,0.0,0.0,0.0,0.0,0.0,0.0,0.0,0.0,0.0,0.0,0.0,0.0,0.0,0.0,0.0,0.0,0.0,0.0,0.0,0.0,60.8,0.0,0,0,0.0,1,13222,1,13222,25970,22635,24836,22635,15070,20945,15070,13505,14344,13505,14058,22137,23286,19908,16469,12854,8263,8846,20257,17725,23200,349,25228,2246,150,25259,1,1:11
2024-25,1630540,Miles McBride,Miles,1610612752,NYK,New York Knicks,0022400641,2025-01-25T00:00:00,NYK vs. SAC,W,16.578333333333333,2.2,17.4,0.125,0.0,8.7,0.0,4.3,4.3,1.0,0.0,2.2,2.2,2.2,2.2,0.0,0.0,0.0,2.2,2.2,8.7,34.7,12.4,0,0,13.0,1,1,13086,1,18549,21093,5381,22420,15070,5292,15070,5086,7125,1,14058,19151,21474,15721,9629,12854,8263,8846,14242,12289,19363,1420,23927,2246,150,23704,1,16:35
2024-25,1641767,Ben Sheppard,Ben,1610612754,IND,Indiana Pacers,0022400633,2025-01-25T00:00:00,IND @ SAS,W,18.233333333333334,0.0,5.9,0.0,0.0,3.9,0.0,0.0,0.0,0.0,3.9,0.0,3.9,2.0,2.0,2.0,0.0,0.0,5.9,0.0,0.0,25.7,11.6,0,0,9.9,1,1,13086,1,17417,22635,22686,22635,15070,15679,15070,13505,14344,13505,3659,22137,17446,16465,10641,6368,8263,8846,3046,17725,23200,2678,24099,2246,150,24450,1,18:14
2024-25,1627826,Ivica Zubac,Ivica,1610612746,LAC,LA Clippers,0022400646,2025-01-25T00:00:00,LAC vs. MIL,W,28.491666666666667,6.3,12.6,0.5,0.0,0.0,0.0,2.5,2.5,1.0,3.8,8.8,12.6,1.3,1.3,2.5,0.0,1.3,2.5,2.5,15.2,6.3,38.5,1,0,34.1,1,1,13086,1,9133,10657,12506,8526,15070,20945,15070,8968,11139,1,3900,3671,3040,18785,14021,4314,8263,5850,12684,10885,12748,9463,8681,1,150,10767,1,28:30
2024-25,1629020,Jarred Vanderbilt,Jarred,1610612747,LAL,Los Angeles Lakers,0022400644,2025-01-25T00:00:00,LAL @ GSW,W,12.45,2.9,5.8,0.5,0.0,2.9,0.0,0.0,0.0,0.0,5.8,5.8,11.6,5.8,0.0,8.7,0.0,0.0,8.7,0.0,5.8,17.3,54.4,0,0,40.5,1,1,13086,1,21022,19676,22826,8526,15070,17878,15070,13505,14344,13505,1756,8830,3878,5889,16469,168,8263,8846,1074,17725,21540,4789,2127,2246,150,6504,1,12:27
2024-25,1630243,Trevelin Queen,Trevelin,1610612753,ORL,Orlando Magic,0022400638,2025-01-25T00:00:00,ORL vs. DET,W,0.2866666666666667,0.0,0.0,0.0,0.0,0.0,0.0,0.0,0.0,0.0,0.0,0.0,0.0,0.0,0.0,0.0,0.0,0.0,0.0,0.0,0.0,0.0,0.0,0,0,0.0,1,1,13086,1,26256,22635,24836,22635,15070,20945,15070,13505,14344,13505,14058,22137,23286,19908,16469,12854,8263,8846,20257,17725,23200,12240,25228,2246,150,25259,1,0:17
2024-25,1642346,Ryan Dunn,Ryan,1610612756,PHX,Phoenix Suns,0022400645,2025-01-25T00:00:00,PHX vs. WAS,W,1.8166666666666667,0.0,19.8,0.0,0.0,0.0,0.0,19.8,39.6,0.5,19.8,0.0,19.8,0.0,0.0,0.0,0.0,0.0,0.0,19.8,19.8,19.8,43.6,0,0,39.6,1,1,13086,1,25590,22635,3087,22635,15070,20945,15070,75,28,10625,56,22137,558,19908,16469,12854,8263,8846,20257,44,8053,4010,5854,2246,150,6986,1,1:49
2024-25,1631132,Christian Koloko,Christian,1610612747,LAL,Los Angeles Lakers,0022400644,2025-01-25T00:00:00,LAL @ GSW,W,0.41,0.0,0.0,0.0,0.0,0.0,0.0,0.0,0.0,0.0,0.0,0.0,0.0,0.0,0.0,0.0,0.0,0.0,0.0,0.0,0.0,0.0,0.0,0,0,0.0,1,1,13086,1,26233,22635,24836,22635,15070,20945,15070,13505,14344,13505,14058,22137,23286,19908,16469,12854,8263,8846,20257,17725,23200,12240,25228,2246,150,25259,1,0:25
2024-25,1641718,Keyonte George,Keyonte,1610612762,UTA,Utah Jazz,0022400643,2025-01-25T00:00:00,UTA @ MEM,L,32.93333333333333,3.3,16.4,0.2,0.0,8.7,0.0,2.2,2.2,1.0,0.0,3.3,3.3,7.7,1.1,0.0,0.0,1.1,2.2,5.5,8.7,-9.8,23.1,0,0,19.7,1,13222,1,13222,5210,18806,6550,21401,15070,5187,15070,9999,12127,1,14058,15855,19042,3222,15177,12854,8263,7104,14152,3386,19305,17805,19518,2246,150,21048,1,32:56
2024-25,203926,Doug McDermott,Doug,1610612758,SAC,Sacramento Kings,0022400641,2025-01-25T00:00:00,SAC @ NYK,L,9.066666666666666,0.0,0.0,0.0,0.0,0.0,0.0,0.0,0.0,0.0,0.0,0.0,0.0,0.0,0.0,0.0,0.0,0.0,4.0,4.0,0.0,-43.7,0.0,0,0,0.0,1,13222,1,13222,22424,22635,24836,22635,15070,20945,15070,13505,14344,13505,14058,22137,23286,19908,16469,12854,8263,8846,7212,6388,23200,25101,25228,2246,150,25259,1,9:04
2024-25,201587,Nicolas Batum,Nicolas,1610612746,LAC,LA Clippers,0022400646,2025-01-25T00:00:00,LAC vs. MIL,W,17.233333333333334,0.0,6.3,0.0,0.0,6.3,0.0,0.0,0.0,0.0,0.0,8.4,8.4,4.2,0.0,0.0,0.0,0.0,6.3,0.0,0.0,14.6,16.3,0,0,12.5,1,1,13086,1,18112,22635,22357,22635,15070,10048,15070,13505,14344,13505,14058,4208,7685,9444,16469,12854,8263,8846,2634,17725,23200,5771,22745,2246,150,23863,1,17:14
2024-25,1641733,Nick Smith Jr.,Nick,1610612766,CHA,Charlotte Hornets,0022400637,2025-01-25T00:00:00,CHA vs. NOP,W,23.016666666666666,3.1,9.4,0.333,1.6,7.8,0.2,0.0,0.0,0.0,0.0,1.6,1.6,1.6,1.6,0.0,0.0,0.0,1.6,0.0,7.8,6.3,10.5,0,0,12.5,1,1,13086,1,13711,19137,18142,17395,11808,6771,13429,13505,14344,13505,14058,20747,22488,17756,12487,12854,8263,8846,16982,17725,20071,9492,24340,2246,150,23866,1,23:01
2024-25,1630611,Gui Santos,Gui,1610612744,GSW,Golden State Warriors,0022400644,2025-01-25T00:00:00,GSW vs. LAL,L,19.785,1.8,9.1,0.2,1.8,7.3,0.25,1.8,3.6,0.5,1.8,5.5,7.3,3.6,0.0,0.0,0.0,0.0,1.8,1.8,7.3,-21.8,21.5,0,0,20.0,1,13222,1,13222,16190,21722,18564,21401,11002,7870,11902,11198,8607,10625,9171,9649,9609,10969,16469,12854,8263,8846,16086,13853,20500,22036,20429,2246,150,20845,1,19:47
2024-25,1630551,Justin Champagnie,Justin,1610612764,WAS,Washington Wizards,0022400645,2025-01-25T00:00:00,WAS @ PHX,L,3.96,0.0,9.1,0.0,0.0,9.1,0.0,0.0,0.0,0.0,0.0,0.0,0.0,0.0,0.0,0.0,0.0,0.0,9.1,0.0,0.0,-18.2,0.0,0,0,0.0,1,13222,1,13222,24513,22635,18574,22635,15070,4684,15070,13505,14344,13505,14058,22137,23286,19908,16469,12854,8263,8846,937,17725,23200,20986,25228,2246,150,25259,1,3:58
2024-25,1629162,Jordan McLaughlin,Jordan,1610612758,SAC,Sacramento Kings,0022400641,2025-01-25T00:00:00,SAC @ NYK,L,3.216666666666667,0.0,0.0,0.0,0.0,0.0,0.0,0.0,0.0,0.0,0.0,0.0,0.0,0.0,0.0,0.0,0.0,0.0,0.0,0.0,0.0,-22.4,0.0,0,0,0.0,1,13222,1,13222,24884,22635,24836,22635,15070,20945,15070,13505,14344,13505,14058,22137,23286,19908,16469,12854,8263,8846,20257,17725,23200,22187,25228,2246,150,25259,1,3:13
2024-25,1641775,Jordan Walsh,Jordan,1610612738,BOS,Boston Celtics,0022400635,2025-01-25T00:00:00,BOS @ DAL,W,1.55,0.0,23.2,0.0,0.0,23.2,0.0,0.0,0.0,0.0,0.0,0.0,0.0,0.0,23.2,0.0,0.0,0.0,0.0,0.0,0.0,0.0,-23.2,0,0,0.0,1,1,13086,1,25768,22635,1309,22635,15070,137,15070,13505,14344,13505,14058,22137,23286,19908,32,12854,8263,8846,20257,17725,23200,12240,26285,2246,150,25259,1,1:33
2024-25,1626162,Kelly Oubre Jr.,Kelly,1610612755,PHI,Philadelphia 76ers,0022400642,2025-01-25T00:00:00,PHI @ CHI,W,36.693333333333335,8.8,17.7,0.5,2.0,4.9,0.4,2.0,4.9,0.4,1.0,10.8,11.8,2.9,0.0,1.0,0.0,1.0,2.0,3.9,21.6,17.7,43.1,1,0,40.2,1,1,13086,1,2208,5006,5061,8526,10337,13428,7874,10772,6104,13061,13414,2026,3693,13115,16469,12117,8263,8084,15347,6506,6563,4687,6107,1,150,6660,1,36:42
2024-25,1630200,Tre Jones,Tre,1610612759,SAS,San Antonio Spurs,0022400633,2025-01-25T00:00:00,SAS @ IND,L,14.333333333333334,5.0,15.1,0.333,0.0,0.0,0.0,5.0,7.5,0.667,2.5,0.0,2.5,2.5,2.5,0.0,0.0,0.0,2.5,7.5,15.1,-75.3,19.3,0,0,20.1,1,13222,1,13222,19991,14310,8484,17395,15070,20945,15070,3998,2867,9425,6578,22137,20784,14499,8192,12854,8263,8846,12751,1303,12835,25960,21480,2246,150,20804,1,14:20
2024-25,1629312,Haywood Highsmith,Haywood,1610612748,MIA,Miami Heat,0022400636,2025-01-25T00:00:00,MIA @ BKN,W,20.536666666666665,0.0,5.3,0.0,0.0,1.8,0.0,0.0,0.0,0.0,0.0,3.5,3.5,1.8,1.8,1.8,1.8,3.5,5.3,1.8,0.0,12.3,15.6,0,0,12.3,1,1,13086,1,15618,22635,23285,22635,15070,19981,15070,13505,14344,13505,14058,15226,18539,17219,11722,7429,4162,911,4085,14104,23200,6686,22993,2246,150,23923,1,20:32
2024-25,1629637,Jaxson Hayes,Jaxson,1610612747,LAL,Los Angeles Lakers,0022400644,2025-01-25T00:00:00,LAL @ GSW,W,11.743333333333334,0.0,0.0,0.0,0.0,0.0,0.0,0.0,0.0,0.0,6.1,3.1,9.2,3.1,3.1,0.0,0.0,0.0,3.1,3.1,0.0,-24.5,12.6,0,0,12.3,1,1,13086,1,21401,22635,24836,22635,15070,20945,15070,13505,14344,13505,1551,16509,6453,12707,6242,12854,8263,8846,10412,9016,23200,22699,23882,2246,150,23924,1,11:45
2024-25,1629675,Naz Reid,Naz,1610612750,MIN,Minnesota Timberwolves,0022400634,2025-01-25T00:00:00,MIN vs. DEN,W,25.333333333333332,7.1,12.8,0.556,1.4,2.8,0.5,2.8,2.8,1.0,2.8,0.0,2.8,5.7,2.8,2.8,2.8,0.0,1.4,1.4,18.5,19.9,44.6,0,0,39.8,1,1,13086,1,11714,8690,12235,7248,12362,17973,3944,8234,10381,1,5753,22137,20140,6072,7049,3568,1888,8846,17537,15364,9343,3983,5357,2246,150,6899,1,25:20
2024-25,1630194,Paul Reed,Paul,1610612765,DET,Detroit Pistons,0022400638,2025-01-25T00:00:00,DET @ ORL,L,0.6866666666666666,0.0,0.0,0.0,0.0,0.0,0.0,0.0,0.0,0.0,0.0,0.0,0.0,0.0,0.0,0.0,0.0,0.0,0.0,0.0,0.0,0.0,0.0,0,0,0.0,1,13222,1,13222,26165,22635,24836,22635,15070,20945,15070,13505,14344,13505,14058,22137,23286,19908,16469,12854,8263,8846,20257,17725,23200,12240,25228,2246,150,25259,1,0:41
2024-25,1641787,Tosan Evbuomwan,Tosan,1610612751,BKN,Brooklyn Nets,0022400636,2025-01-25T00:00:00,BKN vs. MIA,L,20.633333333333333,0.0,7.0,0.0,0.0,1.7,0.0,3.5,3.5,1.0,0.0,1.7,1.7,1.7,3.5,1.7,0.0,1.7,1.7,3.5,3.5,-5.2,9.9,0,0,10.5,1,13222,1,13222,15533,22635,21585,22635,15070,19994,15070,6723,8906,1,14058,20363,22236,17248,5034,7468,8263,4036,16388,7689,22781,15718,24430,2246,150,24339,1,20:38
2024-25,203952,Andrew Wiggins,Andrew,1610612744,GSW,Golden State Warriors,0022400644,2025-01-25T00:00:00,GSW vs. LAL,L,35.35,9.2,15.3,0.6,1.0,6.1,0.167,1.0,1.0,1.0,0.0,6.1,6.1,3.1,2.0,1.0,0.0,0.0,2.0,2.0,20.4,-19.3,33.3,0,0,32.6,1,13222,1,13222,3191,4413,8141,5394,14430,10418,14236,13177,14186,1,14058,8080,12031,12747,10325,11775,8263,8846,14937,12896,7607,21358,12349,2246,150,11946,1,35:21
2024-25,201942,DeMar DeRozan,DeMar,1610612758,SAC,Sacramento Kings,0022400641,2025-01-25T00:00:00,SAC @ NYK,L,35.3,6.1,12.2,0.5,2.0,4.1,0.5,4.1,4.1,1.0,0.0,3.1,3.1,2.0,0.0,0.0,0.0,0.0,3.1,1.0,18.4,-21.4,25.1,0,0,25.5,1,13222,1,13222,3234,11164,13190,8526,9963,15400,3944,5559,7670,1,14058,16523,19564,16221,16469,12854,8263,8846,10434,17317,9458,21943,18224,2246,150,17284,1,35:18
2024-25,1642271,Kyle Filipowski,Kyle,1610612762,UTA,Utah Jazz,0022400643,2025-01-25T00:00:00,UTA @ MEM,L,20.0,7.2,7.2,1.0,3.6,3.6,1.0,1.8,3.6,0.5,0.0,7.2,7.2,3.6,1.8,1.8,0.0,0.0,1.8,1.8,19.8,-12.6,37.4,0,0,37.8,1,13222,1,13222,16013,8449,21317,1,4925,16439,1,11241,8686,10625,14058,5993,9739,11087,11557,7262,8263,8846,16188,13938,8072,18980,9384,2246,150,8168,1,20:00
2024-25,1628970,Miles Bridges,Miles,1610612766,CHA,Charlotte Hornets,0022400637,2025-01-25T00:00:00,CHA vs. NOP,W,28.283333333333335,10.2,16.5,0.615,2.5,5.1,0.5,5.1,7.6,0.667,2.5,5.1,7.6,3.8,2.5,0.0,1.3,2.5,1.3,3.8,28.0,25.5,44.2,0,0,44.5,1,1,13086,1,9310,3034,6369,5246,7990,12981,3944,3903,2787,9425,6482,10596,8904,10453,8059,12854,5779,1961,18155,6795,2784,2715,5596,2246,150,4440,1,28:17
2024-25,1629630,Ja Morant,Ja,1610612763,MEM,Memphis Grizzlies,0022400643,2025-01-25T00:00:00,MEM vs. UTA,W,25.7,5.6,12.6,0.444,2.8,8.4,0.333,1.4,2.8,0.5,1.4,0.0,1.4,9.8,5.6,1.4,0.0,1.4,5.6,2.8,15.4,33.6,30.4,0,0,32.2,1,1,13086,1,11405,12695,12550,13045,7206,5728,9209,12016,10486,10625,10746,22137,22686,1536,1723,8892,8263,5175,3542,9955,12508,1557,14500,2246,150,12201,1,25:42
2024-25,2544,LeBron James,LeBron,1610612747,LAL,Los Angeles Lakers,0022400644,2025-01-25T00:00:00,LAL @ GSW,W,34.656666666666666,12.5,26.0,0.48,0.0,1.0,0.0,1.0,2.1,0.5,1.0,4.2,5.2,12.5,3.1,1.0,0.0,0.0,0.0,3.1,26.0,11.4,50.9,1,0,45.7,1,1,13086,1,3735,1268,647,11962,15070,20821,15070,13117,12490,10625,12953,13255,14292,623,6080,11600,8263,8846,20257,8832,3700,7046,3011,1,150,3932,1,34:39
2024-25,1631105,Jalen Duren,Jalen,1610612765,DET,Detroit Pistons,0022400638,2025-01-25T00:00:00,DET @ ORL,L,32.18666666666667,5.6,10.1,0.556,0.0,0.0,0.0,0.0,0.0,0.0,3.4,5.6,8.9,1.1,3.4,1.1,1.1,1.1,5.6,0.0,11.2,-12.3,27.0,0,0,25.7,1,13222,1,13222,5813,12730,16938,7248,15070,20945,15070,13505,14344,13505,4630,9322,6822,19300,5346,10876,6682,6887,3564,17725,17006,18861,16982,2246,150,17127,1,32:11
2024-25,1628366,Lonzo Ball,Lonzo,1610612741,CHI,Chicago Bulls,0022400642,2025-01-25T00:00:00,CHI vs. PHI,L,24.256666666666668,4.5,10.4,0.429,4.5,10.4,0.429,0.0,0.0,0.0,0.0,5.9,5.9,3.0,0.0,3.0,0.0,0.0,0.0,0.0,13.4,-11.9,33.8,0,0,32.7,1,13222,1,13222,12687,15921,16404,13735,3150,3071,7394,13505,14344,13505,14058,8473,12437,13029,16469,3223,8263,8846,20257,17725,14677,18696,11942,2246,150,11906,1,24:15
2024-25,1631218,Trayce Jackson-Davis,Trayce,1610612744,GSW,Golden State Warriors,0022400644,2025-01-25T00:00:00,GSW vs. LAL,L,14.266666666666667,5.0,15.1,0.333,0.0,0.0,0.0,0.0,5.0,0.0,12.6,2.5,15.1,2.5,0.0,2.5,0.0,5.0,5.0,5.0,10.1,-5.0,39.6,0,0,32.8,1,13222,1,13222,20041,14240,8360,17395,15070,20945,15070,13505,5829,13505,214,18122,1705,14459,16469,4320,8263,360,4506,4021,18054,15612,8010,2246,150,11803,1,14:16
2024-25,201959,Taj Gibson,Taj,1610612766,CHA,Charlotte Hornets,0022400637,2025-01-25T00:00:00,CHA vs. NOP,W,12.266666666666667,5.9,8.8,0.667,0.0,0.0,0.0,5.9,5.9,1.0,0.0,8.8,8.8,5.9,2.9,0.0,2.9,0.0,11.7,2.9,17.6,23.5,42.8,0,0,38.2,1,1,13086,1,21118,11891,19014,3281,15070,20945,15070,3004,4657,1,14058,3721,7017,5726,6702,12854,1768,8846,442,9475,10217,3155,6196,2246,150,7928,1,12:16
2024-25,1641740,Jaylen Clark,Jaylen,1610612750,MIN,Minnesota Timberwolves,0022400634,2025-01-25T00:00:00,MIN vs. DEN,W,4.45,0.0,8.1,0.0,0.0,0.0,0.0,16.2,16.2,1.0,0.0,0.0,0.0,0.0,0.0,0.0,0.0,0.0,0.0,8.1,16.2,8.1,16.2,0,0,16.2,1,1,13086,1,24257,22635,20103,22635,15070,20945,15070,137,269,1,14058,22137,23286,19908,16469,12854,8263,8846,20257,972,11745,8586,22779,2246,150,22642,1,4:27
2024-25,1628467,Maxi Kleber,Maxi,1610612742,DAL,Dallas Mavericks,0022400635,2025-01-25T00:00:00,DAL vs. BOS,L,11.15,0.0,19.4,0.0,0.0,9.7,0.0,3.2,6.5,0.5,3.2,0.0,3.2,3.2,0.0,0.0,3.2,3.2,0.0,9.7,3.2,-61.3,21.6,0,0,16.1,1,13222,1,13222,21645,22635,3441,22635,15070,3869,15070,7259,3927,10625,4885,22137,19152,12199,16469,12854,1447,1126,20257,477,22876,25723,20347,2246,150,22656,1,11:09
2024-25,1641989,Elijah Harkless,Elijah,1610612762,UTA,Utah Jazz,0022400643,2025-01-25T00:00:00,UTA @ MEM,L,22.483333333333334,6.4,14.4,0.444,4.8,11.2,0.429,0.0,0.0,0.0,3.2,3.2,6.4,3.2,1.6,4.8,1.6,0.0,4.8,1.6,17.6,8.0,47.7,0,0,44.8,1,13222,1,13222,14123,10429,9504,13045,2550,2320,7394,13505,14344,13505,4938,16084,11388,12298,12327,1023,4547,8846,5047,14628,10209,8630,4068,2246,150,4340,1,22:29
2024-25,1631159,Leonard Miller,Leonard,1610612750,MIN,Minnesota Timberwolves,0022400634,2025-01-25T00:00:00,MIN vs. DEN,W,4.45,0.0,16.2,0.0,0.0,16.2,0.0,0.0,0.0,0.0,0.0,16.2,16.2,0.0,0.0,0.0,0.0,0.0,0.0,0.0,0.0,8.1,19.4,0,0,16.2,1,1,13086,1,24257,22635,6859,22635,15070,504,15070,13505,14344,13505,14058,416,1365,19908,16469,12854,8263,8846,20257,17725,23200,8586,21447,2246,150,22642,1,4:27
2024-25,200768,Kyle Lowry,Kyle,1610612755,PHI,Philadelphia 76ers,0022400642,2025-01-25T00:00:00,PHI @ CHI,W,15.373333333333333,2.3,9.4,0.25,0.0,7.0,0.0,0.0,0.0,0.0,0.0,2.3,2.3,4.7,2.3,4.7,2.3,0.0,4.7,0.0,4.7,-4.7,33.3,0,0,25.8,1,1,13086,1,19323,20779,18172,20233,15070,8415,15070,13505,14344,13505,14058,18653,21119,8221,8897,1100,2661,8846,5329,17725,22198,15409,12389,2246,150,17100,1,15:22
2024-25,1630700,Dyson Daniels,Dyson,1610612737,ATL,Atlanta Hawks,0022400639,2025-01-25T00:00:00,ATL vs. TOR,L,34.3,6.3,11.5,0.545,1.0,2.1,0.5,0.0,1.0,0.0,1.0,5.2,6.3,6.3,4.2,5.2,0.0,1.0,5.2,3.1,13.6,-18.9,42.2,0,0,37.8,1,13222,1,13222,4009,10723,14401,7695,14258,19368,3944,13505,14136,13505,12878,10164,11608,5018,3508,763,8263,7493,4110,8739,14334,21207,6530,2246,150,8178,1,34:18
2024-25,203078,Bradley Beal,Bradley,1610612756,PHX,Phoenix Suns,0022400645,2025-01-25T00:00:00,PHX vs. WAS,W,38.666666666666664,5.6,12.1,0.462,3.7,5.6,0.667,3.7,3.7,1.0,0.9,1.9,2.8,3.7,0.0,0.9,0.9,0.9,2.8,1.9,18.6,8.4,33.1,0,0,32.6,1,1,13086,1,1025,12743,13409,12428,4637,11756,1957,6234,8432,1,13766,20072,20273,10722,16469,12500,7947,8484,11670,13682,9185,8450,12474,2246,150,11948,1,38:40
2024-25,1629656,Quentin Grimes,Quentin,1610612742,DAL,Dallas Mavericks,0022400635,2025-01-25T00:00:00,DAL vs. BOS,L,25.9,9.7,16.7,0.583,2.8,4.2,0.667,5.6,5.6,1.0,1.4,8.3,9.7,2.8,1.4,1.4,0.0,0.0,5.6,2.8,27.8,-27.8,46.4,0,0,45.9,1,13222,1,13222,11244,3561,6204,6296,7280,15187,1957,3355,5102,1,10792,4227,5756,13647,13336,8960,8263,8846,3611,10035,2857,23390,4567,2246,150,3871,1,25:54
2024-25,1630581,Josh Giddey,Josh,1610612741,CHI,Chicago Bulls,0022400642,2025-01-25T00:00:00,CHI vs. PHI,L,38.306666666666665,3.8,12.2,0.308,0.9,3.8,0.25,0.9,0.9,1.0,3.8,5.6,9.4,6.6,4.7,0.0,0.0,1.9,0.9,0.9,9.4,-6.6,25.8,1,0,26.3,1,13222,1,13222,1211,17680,13231,19226,14839,16081,11902,13398,14291,1,3954,9197,6190,4594,2719,12854,8263,3631,20025,17577,18728,16327,17716,1,150,16705,1,38:18
2024-25,201569,Eric Gordon,Eric,1610612755,PHI,Philadelphia 76ers,0022400642,2025-01-25T00:00:00,PHI @ CHI,W,28.683333333333334,5.0,11.3,0.444,3.8,10.0,0.375,2.5,2.5,1.0,0.0,2.5,2.5,2.5,0.0,2.5,1.3,0.0,0.0,1.3,16.3,15.1,34.4,0,0,32.6,1,1,13086,1,8938,14322,14837,13045,4538,3442,8800,9020,11183,1,14058,18158,20791,14505,16469,4354,5878,8846,20257,16106,11585,5606,11519,2246,150,11921,1,28:41
2024-25,1628436,Luke Kornet,Luke,1610612738,BOS,Boston Celtics,0022400635,2025-01-25T00:00:00,BOS @ DAL,W,16.525,2.2,8.7,0.25,0.0,0.0,0.0,0.0,0.0,0.0,8.7,13.1,21.8,10.9,0.0,0.0,4.4,2.2,0.0,0.0,4.4,45.7,59.9,0,0,45.7,1,1,13086,1,18591,21077,19163,20233,15070,20945,15070,13505,14344,13505,611,989,351,1034,16469,12854,732,2692,20257,17725,22366,675,1209,2246,150,3914,1,16:32
2024-25,1631128,Christian Braun,Christian,1610612743,DEN,Denver Nuggets,0022400634,2025-01-25T00:00:00,DEN @ MIN,L,26.178333333333335,5.5,11.0,0.5,1.4,2.8,0.5,1.4,1.4,1.0,1.4,5.5,6.9,4.1,1.4,0.0,0.0,1.4,0.0,2.8,13.8,-26.1,26.8,0,0,26.1,1,13222,1,13222,11030,12972,15354,8526,12540,18160,3944,12086,13625,1,10855,9531,10367,9593,13429,12854,8263,5279,20257,10146,14223,23058,17073,2246,150,16853,1,26:11
2024-25,1630531,Jaden Springer,Jaden,1610612738,BOS,Boston Celtics,0022400635,2025-01-25T00:00:00,BOS @ DAL,W,1.55,0.0,0.0,0.0,0.0,0.0,0.0,0.0,0.0,0.0,0.0,0.0,0.0,0.0,0.0,23.2,0.0,0.0,0.0,0.0,0.0,0.0,69.7,0,0,46.5,1,1,13086,1,25768,22635,24836,22635,15070,20945,15070,13505,14344,13505,14058,22137,23286,19908,16469,12,8263,8846,20257,17725,23200,12240,443,2246,150,3674,1,1:33
2024-25,1630224,Jalen Green,Jalen,1610612745,HOU,Houston Rockets,0022400640,2025-01-25T00:00:00,HOU @ CLE,W,36.05833333333333,7.0,16.0,0.438,5.0,11.0,0.455,7.0,7.0,1.0,0.0,3.0,3.0,4.0,2.0,0.0,0.0,1.0,3.0,4.0,26.0,5.0,33.5,0,0,37.9,1,1,13086,1,2641,8963,7146,13558,2284,2511,7148,2015,3372,1,14058,16757,19758,9953,10541,12854,8263,7943,10760,6328,3707,10118,12160,2246,150,8069,1,36:04
2024-25,1629655,Daniel Gafford,Daniel,1610612742,DAL,Dallas Mavericks,0022400635,2025-01-25T00:00:00,DAL vs. BOS,L,32.916666666666664,6.6,13.1,0.5,0.0,0.0,0.0,7.7,9.8,0.778,8.7,7.7,16.4,2.2,0.0,0.0,3.3,2.2,4.4,6.6,20.8,3.3,53.6,1,0,45.9,1,13222,1,13222,5232,10033,11630,8526,15070,20945,15070,1573,1434,8092,604,5231,1294,15672,16469,12854,1410,2678,6089,2020,7245,10986,2301,1,150,3843,1,32:55
2024-25,201144,Mike Conley,Mike,1610612750,MIN,Minnesota Timberwolves,0022400634,2025-01-25T00:00:00,MIN vs. DEN,W,22.616666666666667,4.8,4.8,1.0,4.8,4.8,1.0,0.0,0.0,0.0,0.0,1.6,1.6,8.0,1.6,4.8,0.0,0.0,0.0,0.0,14.3,36.6,40.9,0,0,38.2,1,1,13086,1,14015,15033,23625,1,2601,13773,1,13505,14344,13505,14058,20696,22449,2932,12374,1036,8263,8846,20257,17725,13579,1229,7220,2246,150,7899,1,22:37
2024-25,1626164,Devin Booker,Devin,1610612756,PHX,Phoenix Suns,0022400645,2025-01-25T00:00:00,PHX vs. WAS,W,39.13333333333333,4.6,16.6,0.278,0.0,7.4,0.0,7.4,7.4,1.0,0.0,5.5,5.5,6.4,2.8,0.9,0.9,0.9,0.9,3.7,16.6,6.4,35.6,0,0,32.2,1,1,13086,1,834,15497,6358,20025,15070,7704,15070,1757,3036,1,14058,9474,13487,4802,7346,12566,8003,8558,20094,7183,11327,9400,10660,2246,150,12216,1,39:08
2024-25,1630541,Moses Moody,Moses,1610612744,GSW,Golden State Warriors,0022400644,2025-01-25T00:00:00,GSW vs. LAL,L,21.081666666666667,6.8,12.0,0.571,1.7,5.1,0.333,1.7,3.4,0.5,1.7,1.7,3.4,3.4,1.7,0.0,0.0,0.0,0.0,1.7,17.1,12.0,24.6,0,0,25.6,1,13222,1,13222,15238,9352,13678,6538,11377,12900,9209,11398,9059,10625,9554,20443,18752,11646,11887,12854,8263,8846,20257,14244,10776,6819,18551,2246,150,17200,1,21:05
2024-25,1629726,Garrison Mathews,Garrison,1610612737,ATL,Atlanta Hawks,0022400639,2025-01-25T00:00:00,ATL vs. TOR,L,25.06,1.4,7.2,0.2,1.4,7.2,0.2,0.0,0.0,0.0,0.0,5.7,5.7,2.9,2.9,1.4,0.0,0.0,2.9,0.0,4.3,-8.6,17.0,0,0,17.2,1,13222,1,13222,11962,22244,21343,21401,12309,8077,13429,13505,14344,13505,14058,8931,12912,13365,6948,8715,8263,8846,11298,17725,22396,17243,22508,2246,150,22198,1,25:04
2024-25,1627832,Fred VanVleet,Fred,1610612745,HOU,Houston Rockets,0022400640,2025-01-25T00:00:00,HOU @ CLE,W,38.28,5.6,12.2,0.462,5.6,8.5,0.667,1.9,1.9,1.0,0.9,1.9,2.8,5.6,1.9,0.0,0.0,1.9,0.9,0.9,18.8,-6.6,28.8,0,0,32.9,1,1,13086,1,1234,12578,13220,12428,1621,5650,1957,11013,13029,1,13717,20024,20193,6155,11153,12854,8263,3623,20019,17573,9029,16330,15657,2246,150,11717,1,38:17
2024-25,1631094,Paolo Banchero,Paolo,1610612753,ORL,Orlando Magic,0022400638,2025-01-25T00:00:00,ORL vs. DET,W,39.79666666666667,10.0,19.9,0.5,2.7,5.4,0.5,6.3,12.7,0.5,0.9,7.2,8.1,6.3,2.7,0.0,0.0,0.0,1.8,8.1,28.9,8.1,45.5,0,0,46.1,1,1,13086,1,622,3272,3036,8526,7496,12144,3944,2557,640,10625,13889,5933,8023,4977,7485,12854,8263,8846,16137,947,2441,8554,4937,2246,150,3770,1,39:48
2024-25,1630530,Trey Murphy III,Trey,1610612740,NOP,New Orleans Pelicans,0022400637,2025-01-25T00:00:00,NOP @ CHA,L,36.93333333333333,4.9,16.6,0.294,1.9,8.8,0.222,3.9,5.8,0.667,1.0,2.9,3.9,4.9,1.9,1.9,1.0,0.0,1.0,4.9,15.6,-14.6,34.4,0,0,32.2,1,13222,1,13222,2028,14733,6340,19598,10398,5150,13288,5878,4689,9425,13460,16995,17570,7748,10782,6503,7655,8846,19837,4345,12324,19756,11505,2246,150,12250,1,36:56
2024-25,1626181,Norman Powell,Norman,1610612746,LAC,LA Clippers,0022400646,2025-01-25T00:00:00,LAC vs. MIL,W,36.391666666666666,10.9,22.8,0.478,3.0,7.9,0.375,7.9,7.9,1.0,2.0,4.0,5.9,0.0,1.0,0.0,2.0,1.0,3.0,6.9,32.6,-4.9,44.7,0,0,45.5,1,1,13086,1,2418,2357,1467,11986,6627,6594,8800,1451,2579,1,8483,13848,12439,19908,15913,12854,3542,8013,10862,1709,1391,15558,5326,2246,150,4014,1,36:24
2024-25,1631117,Walker Kessler,Walker,1610612762,UTA,Utah Jazz,0022400643,2025-01-25T00:00:00,UTA @ MEM,L,28.666666666666668,6.3,6.3,1.0,0.0,0.0,0.0,1.3,1.3,1.0,7.5,5.0,12.6,1.3,2.5,2.5,2.5,0.0,5.0,2.5,13.8,-13.8,43.3,1,0,37.7,1,13222,1,13222,8958,10772,22343,1,15070,20945,15070,12435,13807,1,937,10813,3090,18820,8192,4345,2352,8846,4554,10947,14138,19428,5971,1,150,8239,1,28:40
2024-25,1626204,Larry Nance Jr.,Larry,1610612737,ATL,Atlanta Hawks,0022400639,2025-01-25T00:00:00,ATL vs. TOR,L,20.45,3.5,17.6,0.2,0.0,7.0,0.0,0.0,0.0,0.0,1.8,5.3,7.0,1.8,1.8,0.0,0.0,3.5,1.8,3.5,7.0,-19.4,16.4,0,0,15.8,1,13222,1,13222,15675,18282,5129,21401,15070,8375,15070,13505,14344,13505,9383,10069,10077,17196,11700,12854,8263,899,16342,7609,20694,21365,22715,2246,150,22773,1,20:27
2024-25,1627751,Jakob Poeltl,Jakob,1610612761,TOR,Toronto Raptors,0022400639,2025-01-25T00:00:00,TOR @ ATL,W,27.4,5.3,7.9,0.667,0.0,0.0,0.0,1.3,1.3,1.0,2.6,9.2,11.8,3.9,2.6,3.9,1.3,0.0,0.0,2.6,11.8,19.7,45.1,0,0,38.1,1,1,13086,1,10016,13650,20429,3281,15070,20945,15070,12265,13710,1,6277,3312,3637,10100,7773,1690,5591,8846,20257,10550,16317,4040,5145,2246,150,7958,1,27:24
2024-25,1641708,Amen Thompson,Amen,1610612745,HOU,Houston Rockets,0022400640,2025-01-25T00:00:00,HOU @ CLE,W,41.266666666666666,7.0,11.3,0.615,0.0,0.9,0.0,6.1,8.7,0.7,3.5,8.7,12.2,8.7,2.6,0.9,1.7,1.7,1.7,4.4,20.1,8.7,53.0,1,1,46.2,1,1,13086,1,330,8980,14761,5246,15070,20933,15070,2772,2034,9366,4389,3808,3339,2251,7814,12752,4178,4036,16388,5442,7872,8316,2441,1,1,3735,1,41:16
2024-25,1628989,Kevin Huerter,Kevin,1610612758,SAC,Sacramento Kings,0022400641,2025-01-25T00:00:00,SAC @ NYK,L,9.685,3.7,11.2,0.333,3.7,7.4,0.5,3.7,3.7,1.0,0.0,3.7,3.7,3.7,7.4,0.0,0.0,0.0,0.0,0.0,14.9,44.6,17.5,0,0,26.0,1,13222,1,13222,22224,17792,15097,17395,4661,7528,3944,6256,8450,1,14058,14584,18028,10744,732,12854,8263,8846,20257,17725,13046,725,22304,2246,150,16923,1,9:41
2024-25,1629660,Ty Jerome,Ty,1610612739,CLE,Cleveland Cavaliers,0022400640,2025-01-25T00:00:00,CLE vs. HOU,L,17.653333333333332,2.0,16.3,0.125,0.0,10.2,0.0,8.2,8.2,1.0,4.1,4.1,8.2,6.1,2.0,0.0,0.0,0.0,4.1,4.1,12.2,-20.4,29.2,0,0,26.5,1,13222,1,13222,17817,21334,6656,22420,15070,3283,15070,1338,2405,1,3483,13485,7995,5304,10311,12854,8263,8846,6907,6100,15890,21670,15385,2246,150,16536,1,17:39
2024-25,1630208,Nick Richards,Nick,1610612756,PHX,Phoenix Suns,0022400645,2025-01-25T00:00:00,PHX vs. WAS,W,33.516666666666666,7.5,12.9,0.583,0.0,0.0,0.0,6.4,7.5,0.857,6.4,14.0,20.4,1.1,2.1,0.0,1.1,3.2,3.2,4.3,21.5,7.5,48.7,1,0,45.1,1,1,13086,1,4717,7725,12059,6296,15070,20945,15070,2456,2890,7071,1394,768,479,19433,9736,12854,6948,1132,9767,5596,6660,8875,3759,1,150,4217,1,33:31
2024-25,1628368,De'Aaron Fox,De'Aaron,1610612758,SAC,Sacramento Kings,0022400641,2025-01-25T00:00:00,SAC @ NYK,L,34.05,6.3,21.1,0.3,2.1,6.3,0.333,0.0,0.0,0.0,0.0,1.1,1.1,4.2,2.1,0.0,2.1,0.0,2.1,0.0,14.8,-8.5,26.6,0,0,26.4,1,13222,1,13222,4210,10580,2250,19363,9625,9879,9209,13505,14344,13505,14058,21862,23147,9314,9933,12854,3165,8846,14544,17725,13114,17162,17186,2246,150,16592,1,34:03
2024-25,1630579,Jericho Sims,Jericho,1610612752,NYK,New York Knicks,0022400641,2025-01-25T00:00:00,NYK vs. SAC,W,2.2666666666666666,0.0,0.0,0.0,0.0,0.0,0.0,0.0,0.0,0.0,15.9,0.0,15.9,0.0,0.0,0.0,0.0,0.0,0.0,0.0,0.0,-15.9,19.1,0,0,15.9,1,1,13086,1,25330,22635,24836,22635,15070,20945,15070,13505,14344,13505,111,22137,1461,19908,16469,12854,8263,8846,20257,17725,23200,20226,21609,2246,150,22755,1,2:16
2024-25,1629013,Landry Shamet,Landry,1610612752,NYK,New York Knicks,0022400641,2025-01-25T00:00:00,NYK vs. SAC,W,12.75,8.5,16.9,0.5,8.5,14.1,0.6,0.0,0.0,0.0,0.0,8.5,8.5,2.8,0.0,0.0,0.0,2.8,2.8,2.8,25.4,56.5,39.8,0,0,45.2,1,1,13086,1,20863,5666,5861,8526,372,895,2992,13505,14344,13505,14058,4082,7513,13511,16469,12854,8263,1562,11532,9878,3984,416,7872,2246,150,4168,1,12:45
2024-25,1630217,Desmond Bane,Desmond,1610612763,MEM,Memphis Grizzlies,0022400643,2025-01-25T00:00:00,MEM vs. UTA,W,28.683333333333334,8.8,13.8,0.636,2.5,3.8,0.667,1.3,2.5,0.5,2.5,8.8,11.3,7.5,2.5,1.3,0.0,2.5,3.8,1.3,21.3,15.1,47.4,0,0,45.2,1,1,13086,1,8938,5109,10481,4689,8114,16069,1957,12436,11183,10625,6585,3742,4144,3357,8203,9759,8263,2028,7863,16106,6782,5606,4160,2246,150,4165,1,28:41
2024-25,1630556,Kessler Edwards,Kessler,1610612742,DAL,Dallas Mavericks,0022400635,2025-01-25T00:00:00,DAL vs. BOS,L,12.466666666666667,0.0,5.8,0.0,0.0,2.9,0.0,0.0,0.0,0.0,0.0,11.6,11.6,0.0,0.0,0.0,2.9,2.9,2.9,0.0,0.0,-11.6,22.5,0,0,17.3,1,13222,1,13222,21015,22635,22835,22635,15070,17884,15070,13505,14344,13505,14058,1591,3896,19908,16469,12854,1837,1484,11231,17725,23200,18548,19854,2246,150,22159,1,12:28
2024-25,1628415,Dillon Brooks,Dillon,1610612745,HOU,Houston Rockets,0022400640,2025-01-25T00:00:00,HOU @ CLE,W,32.571666666666665,5.5,8.8,0.625,1.1,3.3,0.333,2.2,2.2,1.0,1.1,5.5,6.6,0.0,1.1,2.2,0.0,0.0,3.3,1.1,14.4,2.2,27.9,0,0,26.5,1,1,13086,1,5505,12920,18952,4899,13915,17032,9209,9908,12056,1,12430,9461,10881,19908,15103,5359,8263,8846,9396,16885,13535,11508,16332,2246,150,16521,1,32:34
2024-25,1629645,Kevin Porter Jr.,Kevin,1610612746,LAC,LA Clippers,0022400646,2025-01-25T00:00:00,LAC vs. MIL,W,23.75,4.5,12.1,0.375,0.0,1.5,0.0,3.0,3.0,1.0,1.5,10.6,12.1,4.5,0.0,4.5,0.0,1.5,1.5,1.5,12.1,22.7,47.1,0,0,37.9,1,1,13086,1,13112,15628,13369,16299,15070,20252,15070,7715,9901,1,10251,2147,3399,8532,16469,1192,8263,4709,17155,14939,16005,3308,4265,2246,150,8092,1,23:45
2024-25,1628969,Mikal Bridges,Mikal,1610612752,NYK,New York Knicks,0022400641,2025-01-25T00:00:00,NYK vs. SAC,W,34.516666666666666,10.4,15.6,0.667,5.2,7.3,0.714,2.1,2.1,1.0,1.0,4.2,5.2,7.3,4.2,0.0,0.0,0.0,1.0,1.0,28.2,8.3,41.2,0,0,45.9,1,1,13086,1,3842,2786,7629,3281,2037,7820,1861,10338,12467,1,12923,13195,14242,3613,3548,12854,8263,8846,19453,17202,2727,8465,7052,2246,150,3862,1,34:31
2024-25,203084,Harrison Barnes,Harrison,1610612759,SAS,San Antonio Spurs,0022400633,2025-01-25T00:00:00,SAS @ IND,L,28.666666666666668,11.3,17.6,0.643,3.8,8.8,0.429,5.0,8.8,0.571,2.5,6.3,8.8,1.3,3.8,0.0,0.0,1.3,0.0,7.5,31.4,-21.3,40.1,0,0,45.2,1,13222,1,13222,8958,2011,5155,4607,4534,5126,7394,3998,1997,10536,6578,7732,7043,18820,4399,12854,8263,5902,20257,1303,1666,21925,7721,2246,150,4152,1,28:40
2024-25,1642276,Kel'el Ware,Kel'el,1610612748,MIA,Miami Heat,0022400636,2025-01-25T00:00:00,MIA @ BKN,W,23.083333333333332,4.7,17.2,0.273,1.6,3.1,0.5,0.0,0.0,0.0,3.1,6.2,9.4,0.0,3.1,4.7,3.1,0.0,3.1,0.0,10.9,-6.2,42.4,0,0,37.4,1,1,13086,1,13647,15289,5627,20048,11830,17424,3944,13505,14344,13505,5097,7812,6253,19908,6066,1103,1554,8846,10201,17725,17248,16182,6416,2246,150,8408,1,23:05
2024-25,1629614,Andrew Nembhard,Andrew,1610612754,IND,Indiana Pacers,0022400633,2025-01-25T00:00:00,IND @ SAS,W,31.533333333333335,6.8,10.3,0.667,2.3,2.3,1.0,1.1,2.3,0.5,1.1,8.0,9.1,10.3,0.0,3.4,0.0,1.1,3.4,3.4,17.1,28.5,53.8,0,0,45.7,1,1,13086,1,6391,9294,16605,3281,8909,19018,1,12779,11831,10625,12181,4714,6524,1298,16469,2338,8263,6703,8985,7877,10713,2181,2255,2246,150,3946,1,31:32
2024-25,1630590,Scotty Pippen Jr.,Scotty,1610612763,MEM,Memphis Grizzlies,0022400643,2025-01-25T00:00:00,MEM vs. UTA,W,18.585,3.9,9.7,0.4,0.0,5.8,0.0,3.9,7.7,0.5,3.9,5.8,9.7,7.7,3.9,1.9,0.0,0.0,3.9,5.8,11.6,23.2,36.8,0,0,32.9,1,1,13086,1,17121,17398,17610,14933,15070,11186,15070,5924,2711,10625,3774,8772,5824,3135,4144,6584,8263,8846,7535,2881,16552,3209,9837,2246,150,11709,1,18:35
2024-25,1630249,Vít Krejčí,Vít,1610612737,ATL,Atlanta Hawks,0022400639,2025-01-25T00:00:00,ATL vs. TOR,L,35.306666666666665,6.1,13.3,0.462,6.1,11.2,0.545,2.0,4.1,0.5,0.0,2.0,2.0,7.1,0.0,3.1,2.0,0.0,2.0,2.0,20.4,-16.3,48.8,0,0,45.9,1,13222,1,13222,3230,11178,11381,12428,1220,2316,3863,10496,7682,10625,14058,19539,21728,3837,16469,3034,3375,8846,14928,12886,7587,20382,3681,2246,150,3865,1,35:18
2024-25,1642366,Quinten Post,Quinten,1610612744,GSW,Golden State Warriors,0022400644,2025-01-25T00:00:00,GSW vs. LAL,L,23.316666666666666,4.6,10.8,0.429,3.1,7.7,0.4,0.0,0.0,0.0,0.0,3.1,3.1,4.6,3.1,1.5,0.0,0.0,4.6,1.5,12.4,3.1,24.5,0,0,26.2,1,13222,1,13222,13450,15416,15683,13735,6244,6961,7874,13505,14344,13505,14058,16442,19504,8345,6159,8221,8263,8846,5462,14823,15757,11067,18571,2246,150,16755,1,23:19
2024-25,201939,Stephen Curry,Stephen,1610612744,GSW,Golden State Warriors,0022400644,2025-01-25T00:00:00,GSW vs. LAL,L,32.15,4.5,19.0,0.235,2.2,10.1,0.222,3.4,4.5,0.75,0.0,1.1,1.1,10.1,3.4,2.2,0.0,0.0,2.2,3.4,14.6,-19.0,34.4,0,0,32.5,1,13222,1,13222,5846,15843,3726,21144,9087,3407,13288,6981,6878,8186,14058,21710,23054,1400,5334,5246,8263,8846,13929,8074,13343,21252,11533,2246,150,12014,1,32:09
2024-25,1629659,Talen Horton-Tucker,Talen,1610612741,CHI,Chicago Bulls,0022400642,2025-01-25T00:00:00,CHI vs. PHI,L,8.066666666666666,4.5,17.9,0.25,0.0,8.9,0.0,8.9,8.9,1.0,0.0,4.5,4.5,4.5,13.4,4.5,0.0,0.0,8.9,4.5,17.9,-31.2,29.9,0,0,35.7,1,13222,1,13222,22791,15878,4847,20233,15070,4928,15070,1024,1910,1,14058,12356,16135,8734,146,1249,8263,8846,985,5217,9967,23925,14874,2246,150,9571,1,8:04
2024-25,1627759,Jaylen Brown,Jaylen,1610612738,BOS,Boston Celtics,0022400635,2025-01-25T00:00:00,BOS @ DAL,W,30.683333333333334,11.7,24.6,0.476,0.0,5.9,0.0,2.3,7.0,0.333,1.2,8.2,9.4,7.0,0.0,0.0,0.0,0.0,4.7,4.7,25.8,11.7,47.6,0,0,42.2,1,1,13086,1,7138,1702,899,12010,15070,11035,15070,9465,3327,13132,11976,4404,6203,3966,16469,12854,8263,8846,5300,4735,3768,6916,4092,2246,150,5530,1,30:41
2024-25,1628380,Zach Collins,Zach,1610612759,SAS,San Antonio Spurs,0022400633,2025-01-25T00:00:00,SAS @ IND,L,3.5833333333333335,0.0,0.0,0.0,0.0,0.0,0.0,0.0,0.0,0.0,0.0,10.0,10.0,0.0,0.0,0.0,10.0,0.0,0.0,0.0,0.0,-80.4,42.2,0,0,30.1,1,13222,1,13222,24677,22635,24836,22635,15070,20945,15070,13505,14344,13505,14058,2538,5374,19908,16469,12854,66,8846,20257,17725,23200,26008,6529,2246,150,13842,1,3:35
2024-25,1641705,Victor Wembanyama,Victor,1610612759,SAS,San Antonio Spurs,0022400633,2025-01-25T00:00:00,SAS @ IND,L,35.6,7.1,16.2,0.438,2.0,7.1,0.286,4.0,5.1,0.8,1.0,11.1,12.1,2.0,4.0,2.0,1.0,2.0,1.0,4.0,20.2,-13.1,42.9,1,0,42.5,1,13222,1,13222,2992,8743,6859,13558,10055,8294,11433,5615,5815,7681,13166,1836,3386,16290,3789,6144,7411,3149,19635,6184,7716,19176,6182,1,150,5421,1,35:36
2024-25,201142,Kevin Durant,Kevin,1610612756,PHX,Phoenix Suns,0022400645,2025-01-25T00:00:00,PHX vs. WAS,W,38.666666666666664,10.2,17.7,0.579,4.7,7.4,0.625,1.9,1.9,1.0,0.9,3.7,4.7,3.7,1.9,0.9,0.0,0.0,0.9,2.8,27.0,14.9,39.1,0,0,41.9,1,1,13086,1,1025,2978,5026,6486,2800,7500,2868,11080,13088,1,13766,14551,15682,10722,11262,12500,8263,8846,20066,9984,3208,5671,8338,2246,150,5701,1,38:40
2024-25,1630173,Precious Achiuwa,Precious,1610612752,NYK,New York Knicks,0022400641,2025-01-25T00:00:00,NYK vs. SAC,W,17.928333333333335,4.0,6.0,0.667,0.0,0.0,0.0,0.0,0.0,0.0,2.0,8.0,10.0,0.0,0.0,4.0,2.0,0.0,0.0,2.0,8.0,54.2,38.2,0,0,30.1,1,1,13086,1,17619,17056,22573,3281,15070,20945,15070,13505,14344,13505,8355,4658,5389,19908,16469,1618,3466,8846,20257,13050,19895,448,8921,2246,150,13853,1,17:56
2024-25,203471,Dennis Schröder,Dennis,1610612744,GSW,Golden State Warriors,0022400644,2025-01-25T00:00:00,GSW vs. LAL,L,21.533333333333335,6.7,10.0,0.667,3.3,3.3,1.0,0.0,0.0,0.0,0.0,1.7,1.7,5.0,3.3,1.7,0.0,0.0,1.7,0.0,16.7,-1.7,27.9,0,0,30.1,1,13222,1,13222,14913,9715,16996,3281,5528,16972,1,13505,14344,13505,14058,20514,22334,7430,5376,7711,8263,8846,16617,17725,11148,13865,16284,2246,150,13876,1,21:32
2024-25,203995,Vasilije Micić,Vasilije,1610612766,CHA,Charlotte Hornets,0022400637,2025-01-25T00:00:00,CHA vs. NOP,W,23.766666666666666,4.5,7.6,0.6,4.5,4.5,1.0,3.0,3.0,1.0,0.0,3.0,3.0,6.1,3.0,0.0,0.0,1.5,0.0,1.5,16.7,51.5,26.4,0,0,30.3,1,1,13086,1,13100,15643,20829,5394,2984,14335,1,7724,9909,1,14058,16620,19636,5382,6357,12854,8263,4716,20257,14946,11212,514,17382,2246,150,13722,1,23:46
2024-25,1629018,Gary Trent Jr.,Gary,1610612749,MIL,Milwaukee Bucks,0022400646,2025-01-25T00:00:00,MIL @ LAC,L,33.55,7.5,11.8,0.636,5.4,9.7,0.556,0.0,0.0,0.0,0.0,2.1,2.1,2.1,3.2,0.0,0.0,0.0,3.2,0.0,20.4,-11.8,23.0,0,0,30.0,1,13222,1,13222,4683,7741,13924,4689,1881,3903,3747,13505,14344,13505,14058,19223,21524,15836,5764,12854,8263,8846,9786,17725,7590,18663,19584,2246,150,13909,1,33:33
2024-25,1642264,Stephon Castle,Stephon,1610612759,SAS,San Antonio Spurs,0022400633,2025-01-25T00:00:00,SAS @ IND,L,32.4,7.8,22.2,0.35,1.1,4.4,0.25,2.2,3.3,0.667,4.4,2.2,6.7,6.7,2.2,1.1,0.0,5.6,1.1,3.3,18.9,-6.7,38.0,0,0,35.6,1,13222,1,13222,5635,7108,1722,17337,13885,14579,11902,9861,9230,9425,2990,19004,10798,4473,9418,10930,8263,272,19042,8141,8957,16365,9028,2246,150,9690,1,32:24
2024-25,1629023,P.J. Washington,P.J.,1610612742,DAL,Dallas Mavericks,0022400635,2025-01-25T00:00:00,DAL vs. BOS,L,40.483333333333334,3.6,11.6,0.308,0.9,3.6,0.25,7.1,9.8,0.727,1.8,5.3,7.1,2.7,0.9,0.0,0.9,0.0,1.8,6.2,15.1,-9.8,29.4,0,0,27.6,1,13222,1,13222,453,18186,14372,19226,14986,16538,11902,1930,1466,9223,9326,9934,9926,13993,16368,12854,8120,8846,16275,2354,12788,17786,15189,2246,150,15743,1,40:29
2024-25,201143,Al Horford,Al,1610612738,BOS,Boston Celtics,0022400635,2025-01-25T00:00:00,BOS @ DAL,W,18.788333333333334,3.8,15.3,0.25,0.0,3.8,0.0,0.0,0.0,0.0,7.7,3.8,11.5,1.9,0.0,0.0,0.0,1.9,3.8,0.0,7.7,30.7,24.3,0,0,21.1,1,1,13086,1,16978,17488,8063,20233,15070,15929,15070,13505,14344,13505,895,14227,3949,16695,16469,12854,8263,3491,7644,17725,20186,1877,18730,2246,150,20235,1,18:47
2024-25,1630578,Alperen Sengun,Alperen,1610612745,HOU,Houston Rockets,0022400640,2025-01-25T00:00:00,HOU @ CLE,W,32.598333333333336,9.9,18.8,0.529,1.1,2.2,0.5,7.7,14.4,0.538,3.3,5.5,8.8,3.3,0.0,0.0,0.0,0.0,4.4,11.0,28.7,-2.2,44.3,0,0,42.0,1,1,13086,1,5487,3280,3954,8281,13920,19148,3944,1543,406,10623,4720,9468,6965,11931,16469,12854,8263,8846,5975,274,2521,14149,5525,2246,150,5669,1,32:36
2024-25,1628386,Jarrett Allen,Jarrett,1610612739,CLE,Cleveland Cavaliers,0022400640,2025-01-25T00:00:00,CLE vs. HOU,L,28.93,5.0,6.2,0.8,0.0,0.0,0.0,0.0,0.0,0.0,1.2,5.0,6.2,2.5,1.2,0.0,1.2,0.0,5.0,3.7,10.0,10.0,23.6,0,0,21.2,1,13222,1,13222,8737,14461,22400,1688,15070,20945,15070,13505,14344,13505,11512,10945,11777,14579,14133,12854,5924,8846,4662,7042,18195,7717,19176,2246,150,20187,1,28:56
2024-25,1630549,Day'Ron Sharpe,Day'Ron,1610612751,BKN,Brooklyn Nets,0022400636,2025-01-25T00:00:00,BKN vs. MIA,L,15.656666666666666,4.6,4.6,1.0,2.3,2.3,1.0,4.6,4.6,1.0,2.3,4.6,6.9,0.0,0.0,0.0,2.3,0.0,2.3,2.3,16.1,-13.8,31.3,0,0,29.9,1,13222,1,13222,19164,15502,23745,1,8848,18985,1,4685,6661,1,7244,11983,10330,19908,16469,12854,2747,8846,13651,11744,11822,19421,13850,2246,150,14031,1,15:39
2024-25,1631230,Dominick Barlow,Dominick,1610612737,ATL,Atlanta Hawks,0022400639,2025-01-25T00:00:00,ATL vs. TOR,L,2.683333333333333,0.0,13.4,0.0,0.0,13.4,0.0,13.4,26.8,0.5,0.0,13.4,13.4,0.0,0.0,0.0,0.0,0.0,0.0,13.4,13.4,67.1,29.5,0,0,26.8,1,13222,1,13222,25134,22635,11123,22635,15070,1122,15070,240,69,10625,14058,890,2532,19908,16469,12854,8263,8846,20257,138,14594,263,15136,2246,150,16280,1,2:41
2024-25,1627741,Buddy Hield,Buddy,1610612744,GSW,Golden State Warriors,0022400644,2025-01-25T00:00:00,GSW vs. LAL,L,21.25,5.1,15.2,0.333,3.4,13.6,0.25,3.4,5.1,0.667,1.7,5.1,6.8,0.0,1.7,0.0,0.0,0.0,0.0,1.7,16.9,-18.6,23.4,0,0,27.1,1,13222,1,13222,15114,14145,8182,17395,5411,1069,11902,6928,5784,9425,9594,10633,10581,19908,11939,12854,8263,8846,20257,14291,10911,21114,19326,2246,150,16084,1,21:15
2024-25,1641737,Adem Bona,Adem,1610612755,PHI,Philadelphia 76ers,0022400642,2025-01-25T00:00:00,PHI @ CHI,W,18.65,3.9,5.8,0.667,0.0,0.0,0.0,0.0,0.0,0.0,0.0,13.5,13.5,1.9,0.0,0.0,1.9,0.0,9.7,1.9,7.7,3.9,32.6,0,0,27.0,1,1,13086,1,17073,17423,22819,3281,15070,20945,15070,13505,14344,13505,14058,875,2483,16640,16469,12854,3675,8846,780,13402,20151,10721,12866,2246,150,16138,1,18:39
2024-25,1641790,PJ Hall,PJ,1610612743,DEN,Denver Nuggets,0022400634,2025-01-25T00:00:00,DEN @ MIN,L,5.383333333333334,0.0,6.7,0.0,0.0,6.7,0.0,13.4,13.4,1.0,6.7,6.7,13.4,0.0,0.0,0.0,0.0,0.0,0.0,6.7,13.4,-26.7,29.4,0,0,26.7,1,13222,1,13222,23824,22635,21905,22635,15070,9129,15070,246,547,1,1284,6913,2563,19908,16469,12854,8263,8846,20257,1909,14651,23190,15195,2246,150,16359,1,5:23
2024-25,1641729,Brice Sensabaugh,Brice,1610612762,UTA,Utah Jazz,0022400643,2025-01-25T00:00:00,UTA @ MEM,L,8.666666666666666,4.2,16.6,0.25,4.2,16.6,0.25,0.0,0.0,0.0,0.0,4.2,4.2,0.0,4.2,0.0,0.0,0.0,12.5,0.0,12.5,-33.2,13.3,0,0,20.8,1,13222,1,13222,22574,16718,6279,20233,3664,444,11902,13505,14344,13505,14058,13257,16928,19908,3573,12854,8263,8846,379,17725,15637,24198,23697,2246,150,20420,1,8:40
2024-25,1630241,Sam Merrill,Sam,1610612739,CLE,Cleveland Cavaliers,0022400640,2025-01-25T00:00:00,CLE vs. HOU,L,17.433333333333334,2.1,6.2,0.333,2.1,6.2,0.333,0.0,0.0,0.0,2.1,2.1,4.1,4.1,0.0,2.1,0.0,0.0,4.1,0.0,6.2,-33.0,23.5,0,0,20.7,1,13222,1,13222,17972,21289,22430,17395,9841,10211,9209,13505,14344,13505,8099,19465,17004,9575,16469,5932,8263,8846,6740,17725,21253,24169,19233,2246,150,20482,1,17:26
2024-25,1641730,Noah Clowney,Noah,1610612751,BKN,Brooklyn Nets,0022400636,2025-01-25T00:00:00,BKN vs. MIA,L,34.23,4.2,14.7,0.286,3.2,9.5,0.333,2.1,2.1,1.0,0.0,4.2,4.2,0.0,1.1,2.1,1.1,3.2,1.1,2.1,13.7,-1.1,27.1,0,0,27.3,1,13222,1,13222,4080,16577,9007,19630,6073,4157,9209,10280,12409,1,14058,13097,16785,19908,15474,5770,7120,1189,19397,12593,14305,13577,16859,2246,150,15904,1,34:14
2024-25,1642265,Rob Dillingham,Rob,1610612750,MIN,Minnesota Timberwolves,0022400634,2025-01-25T00:00:00,MIN vs. DEN,W,19.95,7.2,16.2,0.444,3.6,3.6,1.0,0.0,0.0,0.0,3.6,5.4,9.0,7.2,10.8,1.8,0.0,0.0,1.8,1.8,18.0,12.6,34.3,0,0,41.5,1,1,13086,1,16058,8406,6759,13045,4904,16417,1,13505,14344,13505,4196,9745,6697,3731,267,7234,8263,8846,16160,13917,9797,6548,11599,2246,150,5912,1,19:57
2024-25,1630553,Keon Johnson,Keon,1610612751,BKN,Brooklyn Nets,0022400636,2025-01-25T00:00:00,BKN vs. MIA,L,36.81,6.8,18.6,0.368,2.9,8.8,0.333,4.9,4.9,1.0,0.0,1.0,1.0,3.9,2.0,2.9,0.0,2.0,4.9,3.9,21.5,-2.9,35.4,0,0,35.2,1,13222,1,13222,2123,9310,4140,16823,6748,5105,9209,4204,6129,1,14058,21999,23224,10196,10749,3314,8263,3372,4860,6532,6624,14539,10799,2246,150,9945,1,36:49
2024-25,1631217,Moussa Diabaté,Moussa,1610612766,CHA,Charlotte Hornets,0022400637,2025-01-25T00:00:00,CHA vs. NOP,W,28.883333333333333,2.5,2.5,1.0,0.0,0.0,0.0,6.2,8.7,0.714,5.0,11.2,16.2,3.7,1.2,1.2,1.2,0.0,3.7,5.0,11.2,2.5,42.5,0,0,36.1,1,1,13086,1,8775,20474,24645,1,15070,20945,15070,2650,2032,9244,2390,1794,1360,10687,14115,9823,5911,8846,7942,4143,16982,11373,6368,2246,150,9266,1,28:53
2024-25,1629004,Svi Mykhailiuk,Svi,1610612762,UTA,Utah Jazz,0022400643,2025-01-25T00:00:00,UTA @ MEM,L,24.65,8.8,16.1,0.545,5.8,11.7,0.5,0.0,0.0,0.0,1.5,2.9,4.4,1.5,2.9,0.0,0.0,1.5,1.5,0.0,23.4,-33.6,27.9,0,0,35.1,1,13222,1,13222,12326,5152,7030,7695,1439,1974,3944,13505,14344,13505,10481,17012,16330,18133,6761,12854,8263,4936,17392,17725,5230,24241,16304,2246,150,10058,1,24:39
2024-25,1630592,Jalen Wilson,Jalen,1610612751,BKN,Brooklyn Nets,0022400636,2025-01-25T00:00:00,BKN vs. MIA,L,35.74,4.0,10.1,0.4,2.0,5.0,0.4,2.0,4.0,0.5,4.0,5.0,9.1,8.1,3.0,2.0,0.0,0.0,2.0,4.0,12.1,2.0,38.1,0,0,35.3,1,13222,1,13222,2870,17028,16935,14933,10104,13114,7874,10597,7787,10625,3565,10768,6637,2833,6386,6190,8263,8846,15066,6234,16050,11614,8978,2246,150,9913,1,35:44
2024-25,1626168,Trey Lyles,Trey,1610612758,SAC,Sacramento Kings,0022400641,2025-01-25T00:00:00,SAC @ NYK,L,13.148333333333333,5.5,19.2,0.286,0.0,5.5,0.0,5.5,5.5,1.0,5.5,5.5,11.0,0.0,0.0,0.0,0.0,5.5,2.7,2.7,16.4,-60.2,29.6,0,0,27.4,1,13222,1,13222,20678,13050,3615,19630,15070,12017,15070,3438,5218,1,1959,9602,4455,19908,16469,12854,8263,286,11890,10199,11474,25695,15099,2246,150,15884,1,13:09
2024-25,1631108,Max Christie,Max,1610612747,LAL,Los Angeles Lakers,0022400644,2025-01-25T00:00:00,LAL @ GSW,W,31.01,4.6,5.8,0.8,3.5,4.6,0.75,0.0,0.0,0.0,1.2,8.1,9.3,1.2,1.2,0.0,0.0,0.0,1.2,0.0,12.8,4.6,24.5,0,0,26.7,1,1,13086,1,6870,15385,22809,1688,5184,14105,1542,13505,14344,13505,12042,4521,6336,19148,14722,12854,8263,8846,18759,17725,15319,10315,18616,2246,150,16397,1,31:01
2024-25,202704,Reggie Jackson,Reggie,1610612755,PHI,Philadelphia 76ers,0022400642,2025-01-25T00:00:00,PHI @ CHI,W,15.373333333333333,11.7,23.4,0.5,4.7,11.7,0.4,0.0,0.0,0.0,0.0,2.3,2.3,0.0,0.0,0.0,0.0,0.0,2.3,2.3,28.1,-4.7,30.9,0,0,35.1,1,1,13086,1,19323,1716,1241,8526,2762,1956,7874,13505,14344,13505,14058,18653,21119,19908,16469,12854,8263,8846,13477,11581,2745,15409,14121,2246,150,10008,1,15:22
2024-25,1628976,Wendell Carter Jr.,Wendell,1610612753,ORL,Orlando Magic,0022400638,2025-01-25T00:00:00,ORL vs. DET,W,31.633333333333333,4.6,8.0,0.571,0.0,2.3,0.0,3.4,3.4,1.0,3.4,9.1,12.5,3.4,2.3,1.1,0.0,0.0,4.6,3.4,12.5,1.1,33.8,1,0,30.7,1,1,13086,1,6299,15620,20315,6538,15070,19035,15070,6868,9061,1,4509,3403,3120,11648,9179,10696,8263,8846,5662,7907,15577,12053,11968,1,150,13377,1,31:38
2024-25,1630191,Isaiah Stewart,Isaiah,1610612765,DET,Detroit Pistons,0022400638,2025-01-25T00:00:00,DET @ ORL,L,16.066666666666666,4.5,6.7,0.667,0.0,0.0,0.0,0.0,0.0,0.0,2.2,2.2,4.5,0.0,2.2,0.0,6.7,0.0,11.2,4.5,9.0,-6.7,32.3,0,0,26.9,1,13222,1,13222,18879,15834,21868,3281,15070,20945,15070,13505,14344,13505,7450,18947,16092,19908,9347,12854,224,8846,511,5182,19122,16387,13112,2246,150,16235,1,16:04
2024-25,1629006,Josh Okogie,Josh,1610612766,CHA,Charlotte Hornets,0022400637,2025-01-25T00:00:00,CHA vs. NOP,W,20.3,5.3,12.4,0.429,1.8,7.1,0.25,0.0,0.0,0.0,0.0,7.1,7.1,3.5,1.8,5.3,3.5,0.0,1.8,0.0,12.4,42.6,51.1,0,0,42.6,1,1,13086,1,15787,13488,12868,13735,11176,8265,11902,13505,14344,13505,14058,6188,9967,11258,11655,728,1194,8846,16290,17725,15694,804,2971,2246,150,5370,1,20:18
2024-25,202066,Garrett Temple,Garrett,1610612761,TOR,Toronto Raptors,0022400639,2025-01-25T00:00:00,TOR @ ATL,W,2.683333333333333,0.0,0.0,0.0,0.0,0.0,0.0,0.0,0.0,0.0,0.0,0.0,0.0,0.0,0.0,0.0,13.4,0.0,0.0,0.0,0.0,-67.1,40.2,0,0,26.8,1,1,13086,1,25134,22635,24836,22635,15070,20945,15070,13505,14344,13505,14058,22137,23286,19908,16469,12854,31,8846,20257,17725,23200,25839,7598,2246,150,16280,1,2:41
2024-25,1630322,Lindy Waters III,Lindy,1610612744,GSW,Golden State Warriors,0022400644,2025-01-25T00:00:00,GSW vs. LAL,L,1.7166666666666666,0.0,21.0,0.0,0.0,0.0,0.0,0.0,0.0,0.0,21.0,0.0,21.0,0.0,0.0,0.0,0.0,0.0,0.0,0.0,0.0,62.9,25.2,0,0,21.0,1,13222,1,13222,25651,22635,2348,22635,15070,20945,15070,13505,14344,13505,50,22137,421,19908,16469,12854,8263,8846,20257,17725,23200,319,18163,2246,150,20292,1,1:43
2024-25,201566,Russell Westbrook,Russell,1610612743,DEN,Denver Nuggets,0022400634,2025-01-25T00:00:00,DEN @ MIN,L,27.683333333333334,7.8,13.0,0.6,0.0,3.9,0.0,1.3,1.3,1.0,2.6,5.2,7.8,5.2,5.2,2.6,0.0,1.3,5.2,3.9,16.9,-22.1,36.7,0,0,35.1,1,13222,1,13222,9805,7056,11846,5394,15070,15783,15070,12297,13727,1,6342,10273,8612,7028,2113,4140,8263,5649,4187,6562,10955,22094,9904,2246,150,10020,1,27:41
2024-25,1641783,Tristan da Silva,Tristan,1610612753,ORL,Orlando Magic,0022400638,2025-01-25T00:00:00,ORL vs. DET,W,26.37,2.7,4.1,0.667,1.4,1.4,1.0,0.0,0.0,0.0,0.0,5.5,5.5,0.0,0.0,2.7,1.4,1.4,2.7,0.0,6.8,8.2,25.7,0,0,21.8,1,1,13086,1,10844,20024,24049,3281,12587,20417,1,13505,14344,13505,14058,9644,13645,19908,16469,3850,5389,5334,11916,17725,20844,8537,17834,2246,150,19762,1,26:22
2024-25,1628960,Grayson Allen,Grayson,1610612756,PHX,Phoenix Suns,0022400645,2025-01-25T00:00:00,PHX vs. WAS,W,25.266666666666666,4.3,12.8,0.333,2.8,10.0,0.286,0.0,0.0,0.0,2.8,2.8,5.7,1.4,1.4,0.0,0.0,0.0,0.0,0.0,11.4,0.0,18.9,0,0,21.4,1,1,13086,1,11769,16390,12176,17395,7047,3517,11433,13505,14344,13505,5729,17239,13019,18253,13140,12854,8263,8846,20257,17725,16793,12240,21666,2246,150,20055,1,25:16
2024-25,1626166,Cameron Payne,Cameron,1610612752,NYK,New York Knicks,0022400641,2025-01-25T00:00:00,NYK vs. SAC,W,10.366666666666667,0.0,17.4,0.0,0.0,13.9,0.0,10.4,10.4,1.0,0.0,0.0,0.0,10.4,0.0,0.0,0.0,0.0,13.9,3.5,10.4,48.6,26.0,0,0,20.8,1,1,13086,1,21976,22635,5389,22635,15070,955,15070,578,1217,1,14058,22137,23286,1236,16469,12854,8263,8846,290,7732,17734,587,17585,2246,150,20379,1,10:22
2024-25,203932,Aaron Gordon,Aaron,1610612743,DEN,Denver Nuggets,0022400634,2025-01-25T00:00:00,DEN @ MIN,L,24.633333333333333,7.3,14.6,0.5,2.9,7.3,0.4,1.5,2.9,0.5,2.9,1.5,4.4,2.9,2.9,2.9,0.0,1.5,1.5,1.5,19.0,-14.6,34.5,0,0,35.1,1,13222,1,13222,12343,8210,9178,8526,6781,7803,7874,11873,10165,10625,5529,20959,16325,13192,6752,3338,8263,4928,17387,15174,8860,19751,11463,2246,150,10042,1,24:38
2024-25,203992,Bogdan Bogdanović,Bogdan,1610612737,ATL,Atlanta Hawks,0022400639,2025-01-25T00:00:00,ATL vs. TOR,L,26.383333333333333,2.7,16.4,0.167,0.0,8.2,0.0,0.0,0.0,0.0,2.7,5.5,8.2,2.7,1.4,1.4,1.4,1.4,2.7,0.0,5.5,-21.8,26.2,0,0,21.8,1,13222,1,13222,10831,20026,6577,21938,15070,6100,15070,13505,14344,13505,6033,9651,7953,13824,13487,9111,5393,5336,11919,17725,21760,22034,17479,2246,150,19768,1,26:23
2024-25,1629640,Keldon Johnson,Keldon,1610612759,SAS,San Antonio Spurs,0022400633,2025-01-25T00:00:00,SAS @ IND,L,10.583333333333334,6.8,13.6,0.5,0.0,0.0,0.0,0.0,0.0,0.0,10.2,3.4,13.6,0.0,3.4,0.0,0.0,0.0,6.8,0.0,13.6,-61.2,26.5,0,0,27.2,1,13222,1,13222,21879,9410,10820,8526,15070,20945,15070,13505,14344,13505,374,15517,2428,19908,5227,12854,8263,8846,2144,17725,14373,25720,17273,2246,150,16012,1,10:35
2024-25,1630175,Cole Anthony,Cole,1610612753,ORL,Orlando Magic,0022400638,2025-01-25T00:00:00,ORL vs. DET,W,19.003333333333334,5.7,5.7,1.0,1.9,1.9,1.0,0.0,0.0,0.0,1.9,3.8,5.7,0.0,7.6,0.0,0.0,0.0,5.7,0.0,13.3,13.3,12.5,0,0,20.8,1,1,13086,1,16823,12468,22918,1,10658,19750,1,13505,14344,13505,8844,14361,13076,19908,686,12854,8263,8846,3423,17725,14794,6275,23898,2246,150,20378,1,19:00
2024-25,203991,Clint Capela,Clint,1610612737,ATL,Atlanta Hawks,0022400639,2025-01-25T00:00:00,ATL vs. TOR,L,13.916666666666666,5.2,12.9,0.4,0.0,0.0,0.0,2.6,2.6,1.0,2.6,7.8,10.3,0.0,2.6,0.0,0.0,2.6,5.2,2.6,12.9,-23.3,22.8,0,0,23.3,1,13222,1,13222,20237,13883,11965,14933,15070,20945,15070,8835,11006,1,6381,5065,5062,19908,7925,12854,8263,1896,4243,10681,15156,22405,19711,2246,150,18816,1,13:55
2024-25,1631106,Tari Eason,Tari,1610612745,HOU,Houston Rockets,0022400640,2025-01-25T00:00:00,HOU @ CLE,W,21.535,3.3,5.0,0.667,0.0,1.7,0.0,0.0,0.0,0.0,1.7,3.3,5.0,0.0,0.0,1.7,1.7,0.0,8.4,0.0,6.7,1.7,22.7,0,0,18.4,1,1,13086,1,14911,18655,23453,3281,15070,20077,15070,13505,14344,13505,9669,15657,14754,19908,16469,7717,4359,8846,1199,17725,20931,11802,19732,2246,150,21674,1,21:32
2024-25,1629216,Gabe Vincent,Gabe,1610612747,LAL,Los Angeles Lakers,0022400644,2025-01-25T00:00:00,LAL @ GSW,W,24.7,4.4,11.7,0.375,1.5,8.7,0.167,0.0,0.0,0.0,0.0,0.0,0.0,2.9,1.5,0.0,1.5,0.0,5.8,1.5,10.2,1.5,17.5,0,0,17.5,1,1,13086,1,12272,16141,14197,16299,12224,5187,14236,13505,14344,13505,14058,22137,23286,13222,12969,12854,5012,8846,3173,15200,17949,11891,22296,2246,150,22080,1,24:42
2024-25,1641748,Andre Jackson Jr.,Andre,1610612749,MIL,Milwaukee Bucks,0022400646,2025-01-25T00:00:00,MIL @ LAC,L,10.85,6.6,10.0,0.667,0.0,0.0,0.0,0.0,0.0,0.0,0.0,6.6,6.6,3.3,3.3,0.0,0.0,0.0,6.6,0.0,13.3,-6.6,22.9,0,0,23.2,1,13222,1,13222,21777,9853,17138,3281,15070,20945,15070,13505,14344,13505,14058,7025,10875,11921,5461,12854,8263,8846,2286,17725,14782,16355,19626,2246,150,18848,1,10:51
2024-25,203114,Khris Middleton,Khris,1610612749,MIL,Milwaukee Bucks,0022400646,2025-01-25T00:00:00,MIL @ LAC,L,19.415,0.0,7.4,0.0,0.0,3.7,0.0,0.0,0.0,0.0,0.0,7.4,7.4,1.9,0.0,0.0,0.0,0.0,7.4,0.0,0.0,-29.7,11.7,0,0,9.3,1,13222,1,13222,16492,22635,21051,22635,15070,16196,15070,13505,14344,13505,14058,5656,9340,16915,16469,12854,8263,8846,1703,17725,23200,23687,24092,2246,150,24561,1,19:25
2024-25,1642273,Kyshawn George,Kyshawn,1610612764,WAS,Washington Wizards,0022400645,2025-01-25T00:00:00,WAS @ PHX,L,32.46666666666667,2.2,5.5,0.4,1.1,3.3,0.333,0.0,0.0,0.0,0.0,6.7,6.7,2.2,3.3,0.0,1.1,0.0,0.0,0.0,5.5,6.7,16.9,0,0,17.7,1,13222,1,13222,5579,21000,23049,14933,13893,17008,9209,13505,14344,13505,14058,6993,10842,15563,5433,12854,6732,8846,20257,17725,21705,9312,22546,2246,150,21969,1,32:28
2024-25,202691,Klay Thompson,Klay,1610612742,DAL,Dallas Mavericks,0022400635,2025-01-25T00:00:00,DAL vs. BOS,L,26.366666666666667,2.7,5.5,0.5,2.7,4.1,0.667,0.0,0.0,0.0,0.0,4.1,4.1,0.0,1.4,0.0,1.4,0.0,0.0,0.0,8.2,-5.5,15.8,0,0,17.7,1,13222,1,13222,10846,20021,23117,8526,7443,15356,1957,13505,14344,13505,14058,13427,17075,19908,13482,12854,5386,8846,20257,17725,19754,15810,22912,2246,150,21968,1,26:22
2024-25,1642347,Jamal Shead,Jamal,1610612761,TOR,Toronto Raptors,0022400639,2025-01-25T00:00:00,TOR @ ATL,W,22.283333333333335,1.6,11.3,0.143,0.0,4.8,0.0,4.8,4.8,1.0,0.0,0.0,0.0,9.7,4.8,0.0,0.0,0.0,3.2,3.2,8.1,33.9,17.8,0,0,17.8,1,1,13086,1,14287,22006,14814,22260,15070,13580,15070,4270,6205,1,14058,22137,23286,1589,2528,12854,8263,8846,9733,8458,19857,1515,22192,2246,150,21959,1,22:17
2024-25,1641796,Pelle Larsson,Pelle,1610612748,MIA,Miami Heat,0022400636,2025-01-25T00:00:00,MIA @ BKN,W,4.701666666666667,0.0,0.0,0.0,0.0,0.0,0.0,0.0,0.0,0.0,0.0,0.0,0.0,0.0,0.0,0.0,0.0,0.0,0.0,7.7,0.0,15.3,0.0,0,0,0.0,1,1,13086,1,24142,22635,24836,22635,15070,20945,15070,13505,14344,13505,14058,22137,23286,19908,16469,12854,8263,8846,20257,1227,23200,5499,25228,2246,150,25259,1,4:42
2024-25,1641765,Olivier-Maxence Prosper,Olivier-Maxence,1610612742,DAL,Dallas Mavericks,0022400635,2025-01-25T00:00:00,DAL vs. BOS,L,3.8583333333333334,0.0,9.3,0.0,0.0,0.0,0.0,0.0,0.0,0.0,9.3,0.0,9.3,0.0,9.3,0.0,0.0,9.3,0.0,0.0,0.0,-74.6,1.9,0,0,9.3,1,13222,1,13222,24563,22635,18229,22635,15070,20945,15070,13505,14344,13505,499,22137,6278,19908,387,12854,8263,78,20257,17725,23200,25948,25169,2246,150,24550,1,3:52
2024-25,1631207,Dalen Terry,Dalen,1610612741,CHI,Chicago Bulls,0022400642,2025-01-25T00:00:00,CHI vs. PHI,L,9.693333333333333,0.0,7.4,0.0,0.0,0.0,0.0,0.0,0.0,0.0,3.7,0.0,3.7,3.7,3.7,0.0,0.0,0.0,3.7,0.0,0.0,-18.6,6.3,0,0,7.4,1,13222,1,13222,22222,22635,21030,22635,15070,20945,15070,13505,14344,13505,4013,22137,18034,10752,4524,12854,8263,8846,8024,17725,23200,21090,24886,2246,150,24846,1,9:42
2024-25,1629027,Trae Young,Trae,1610612737,ATL,Atlanta Hawks,0022400639,2025-01-25T00:00:00,ATL vs. TOR,L,38.15,4.7,11.3,0.417,0.9,3.8,0.25,4.7,7.5,0.625,0.9,2.8,3.8,3.8,10.4,0.0,0.0,0.0,1.9,4.7,15.1,-26.4,14.9,0,0,23.6,1,13222,1,13222,1295,15198,14788,14532,14818,16050,11902,4490,2854,10271,13696,17292,17885,10571,304,12854,8263,8846,15757,4685,12808,23116,23209,2246,150,18619,1,38:09
2024-25,1631170,Jaime Jaquez Jr.,Jaime,1610612748,MIA,Miami Heat,0022400636,2025-01-25T00:00:00,MIA @ BKN,W,25.936666666666667,2.8,9.7,0.286,0.0,0.0,0.0,6.9,6.9,1.0,0.0,6.9,6.9,4.2,1.4,0.0,0.0,1.4,4.2,4.2,12.5,0.0,25.7,0,0,23.6,1,1,13086,1,11213,19930,17549,19630,15070,20945,15070,2047,3426,1,14058,6465,10259,9484,13354,12854,8263,5226,6659,5916,15600,12240,17832,2246,150,18616,1,25:56
2024-25,1631157,Ryan Rollins,Ryan,1610612749,MIL,Milwaukee Bucks,0022400646,2025-01-25T00:00:00,MIL @ LAC,L,9.866666666666667,0.0,10.9,0.0,0.0,0.0,0.0,0.0,0.0,0.0,0.0,0.0,0.0,7.3,3.6,0.0,0.0,0.0,10.9,0.0,0.0,-47.4,7.3,0,0,7.3,1,13222,1,13222,22143,22635,15454,22635,15070,20945,15070,13505,14344,13505,14058,22137,23286,3616,4675,12854,8263,8846,546,17725,23200,25287,24783,2246,150,24867,1,9:52
2024-25,201572,Brook Lopez,Brook,1610612749,MIL,Milwaukee Bucks,0022400646,2025-01-25T00:00:00,MIL @ LAC,L,41.15,3.5,8.7,0.4,2.6,6.1,0.429,1.7,1.7,1.0,1.7,1.7,3.5,0.9,0.0,0.0,2.6,0.9,1.7,3.5,11.4,0.0,24.8,0,0,23.6,1,13222,1,13222,348,18330,19103,14933,7754,10375,7394,11329,13249,1,9412,20349,18553,19881,16469,12854,2188,8726,16372,7666,16822,12240,18451,2246,150,18596,1,41:09
2024-25,1629618,Jalen Pickett,Jalen,1610612743,DEN,Denver Nuggets,0022400634,2025-01-25T00:00:00,DEN @ MIN,L,5.383333333333334,0.0,6.7,0.0,0.0,0.0,0.0,0.0,0.0,0.0,0.0,0.0,0.0,6.7,0.0,0.0,0.0,0.0,0.0,6.7,0.0,-26.7,10.0,0,0,6.7,1,13222,1,13222,23824,22635,21905,22635,15070,20945,15070,13505,14344,13505,14058,22137,23286,4450,16469,12854,8263,8846,20257,1909,23200,23190,24412,2246,150,24926,1,5:23
2024-25,1642278,Tyler Kolek,Tyler,1610612752,NYK,New York Knicks,0022400641,2025-01-25T00:00:00,NYK vs. SAC,W,2.2666666666666666,0.0,15.9,0.0,0.0,0.0,0.0,0.0,0.0,0.0,0.0,0.0,0.0,0.0,0.0,0.0,0.0,0.0,0.0,0.0,0.0,-15.9,0.0,0,0,0.0,1,1,13086,1,25330,22635,7290,22635,15070,20945,15070,13505,14344,13505,14058,22137,23286,19908,16469,12854,8263,8846,20257,17725,23200,20226,25228,2246,150,25259,1,2:16
2024-25,1629008,Michael Porter Jr.,Michael,1610612743,DEN,Denver Nuggets,0022400634,2025-01-25T00:00:00,DEN @ MIN,L,30.5,4.7,11.8,0.4,3.5,7.1,0.5,0.0,0.0,0.0,0.0,0.0,0.0,2.4,1.2,0.0,0.0,0.0,2.4,1.2,13.0,-20.1,15.3,0,0,18.9,1,13222,1,13222,7321,15186,13924,14933,5056,8286,3944,13505,14344,13505,14058,22137,23286,15014,14577,12854,8263,8846,13391,16503,15108,21570,23075,2246,150,21437,1,30:30
2024-25,1629599,Amir Coffey,Amir,1610612746,LAC,LA Clippers,0022400646,2025-01-25T00:00:00,LAC vs. MIL,W,30.51,2.4,5.9,0.4,1.2,3.5,0.333,4.7,4.7,1.0,1.2,1.2,2.4,0.0,1.2,2.4,0.0,0.0,2.4,2.4,10.6,20.1,19.4,0,0,18.9,1,1,13086,1,7315,20741,22709,14933,13476,16572,9209,4484,6447,1,11932,21566,21080,19908,14584,4834,8263,8846,13397,11501,17538,3931,21474,2246,150,21441,1,30:31
2024-25,1630631,Jose Alvarado,Jose,1610612740,NOP,New Orleans Pelicans,0022400637,2025-01-25T00:00:00,NOP @ CHA,L,32.1,2.2,6.7,0.333,2.2,5.6,0.4,0.0,0.0,0.0,0.0,1.1,1.1,5.6,2.2,0.0,1.1,1.1,1.1,0.0,6.7,-28.0,17.6,0,0,17.9,1,13222,1,13222,5890,20960,21864,17395,9077,11701,7874,13505,14344,13505,14058,21706,23052,6235,9337,12854,6655,6865,18983,17725,20902,23435,22261,2246,150,21896,1,32:06
2024-25,203468,CJ McCollum,CJ,1610612740,NOP,New Orleans Pelicans,0022400637,2025-01-25T00:00:00,NOP @ CHA,L,22.758333333333333,4.7,20.6,0.231,1.6,9.5,0.167,3.2,3.2,1.0,1.6,1.6,3.2,4.7,3.2,0.0,0.0,1.6,3.2,1.6,14.2,-20.6,22.0,0,0,23.7,1,13222,1,13222,13905,15136,2606,21157,11748,4121,14236,7409,9587,1,9994,20714,19330,8069,5939,12854,8263,4484,10027,14687,13690,21716,20154,2246,150,18522,1,22:46
2024-25,1631255,Karlo Matković,Karlo,1610612740,NOP,New Orleans Pelicans,0022400637,2025-01-25T00:00:00,NOP @ CHA,L,5.733333333333333,0.0,6.3,0.0,0.0,0.0,0.0,0.0,0.0,0.0,0.0,6.3,6.3,0.0,6.3,0.0,6.3,0.0,6.3,0.0,0.0,-87.9,20.1,0,0,18.8,1,13222,1,13222,23688,22635,22343,22635,15070,20945,15070,13505,14344,13505,14058,7732,11658,19908,1233,12854,268,8846,2624,17725,23200,26074,21117,2246,150,21465,1,5:44
2024-25,1626220,Royce O'Neale,Royce,1610612756,PHX,Phoenix Suns,0022400645,2025-01-25T00:00:00,PHX vs. WAS,W,16.666666666666668,2.2,13.0,0.167,2.2,13.0,0.167,0.0,0.0,0.0,0.0,8.6,8.6,2.2,0.0,0.0,2.2,0.0,0.0,2.2,6.5,-13.0,26.6,0,0,23.8,1,1,13086,1,18490,21117,11924,21938,9397,1317,14236,13505,14344,13505,14058,3891,7244,15766,16469,12854,3044,8846,20257,12342,21063,19114,17240,2246,150,18488,1,16:40
2024-25,1630558,Davion Mitchell,Davion,1610612761,TOR,Toronto Raptors,0022400639,2025-01-25T00:00:00,TOR @ ATL,W,25.716666666666665,4.2,11.2,0.375,1.4,5.6,0.25,1.4,1.4,1.0,0.0,2.8,2.8,5.6,1.4,1.4,0.0,0.0,4.2,1.4,11.2,2.8,25.8,0,0,23.8,1,1,13086,1,11386,16600,15023,16299,12453,11725,11902,12017,13592,1,14058,17399,20254,6250,13283,8900,8263,8846,6558,15453,16996,11227,17778,2246,150,18465,1,25:43
2024-25,1642267,Bub Carrington,Bub,1610612764,WAS,Washington Wizards,0022400645,2025-01-25T00:00:00,WAS @ PHX,L,25.716666666666665,5.6,12.6,0.444,4.2,11.2,0.375,0.0,0.0,0.0,1.4,0.0,1.4,2.8,0.0,0.0,0.0,0.0,2.8,0.0,15.4,-9.8,21.3,0,0,23.8,1,13222,1,13222,11386,12701,12577,13045,3567,2329,8800,13505,14344,13505,10750,22137,22689,13586,16469,12854,8263,8846,11643,17725,12518,17796,20550,2246,150,18465,1,25:43
2024-25,1627827,Dorian Finney-Smith,Dorian,1610612747,LAL,Los Angeles Lakers,0022400644,2025-01-25T00:00:00,LAL @ GSW,W,25.906666666666666,4.2,5.6,0.75,2.8,4.2,0.667,0.0,0.0,0.0,0.0,4.2,4.2,0.0,0.0,0.0,0.0,0.0,1.4,0.0,11.1,27.8,16.1,0,0,18.1,1,1,13086,1,11243,16680,23037,2107,7284,15192,1957,13505,14344,13505,14058,13217,16890,19908,16469,12854,8263,8846,17668,17725,17065,2301,22801,2246,150,21833,1,25:54
2024-25,1630245,Ayo Dosunmu,Ayo,1610612741,CHI,Chicago Bulls,0022400642,2025-01-25T00:00:00,CHI vs. PHI,L,27.86,3.9,12.9,0.3,2.6,6.5,0.4,0.0,0.0,0.0,1.3,1.3,2.6,2.6,2.6,0.0,0.0,0.0,2.6,0.0,10.3,-12.9,14.7,0,0,18.1,1,13222,1,13222,9668,17389,11998,19363,7881,9624,7874,13505,14344,13505,11233,21295,20669,14267,7935,12854,8263,8846,12478,17725,17817,19097,23272,2246,150,21821,1,27:52
2024-25,1641810,Antonio Reeves,Antonio,1610612740,NOP,New Orleans Pelicans,0022400637,2025-01-25T00:00:00,NOP @ CHA,L,11.858333333333333,0.0,6.1,0.0,0.0,3.0,0.0,0.0,0.0,0.0,0.0,0.0,0.0,3.0,0.0,0.0,0.0,0.0,0.0,0.0,0.0,-51.6,4.6,0,0,3.0,1,13222,1,13222,21358,22635,22537,22635,15070,17579,15070,13505,14344,13505,14058,22137,23286,12807,16469,12854,8263,8846,20257,17725,23200,25459,25041,2246,150,25233,1,11:52
2024-25,1631213,Tyrese Martin,Tyrese,1610612751,BKN,Brooklyn Nets,0022400636,2025-01-25T00:00:00,BKN vs. MIA,L,25.24,2.9,7.1,0.4,1.4,5.7,0.25,0.0,0.0,0.0,2.9,5.7,8.6,1.4,1.4,0.0,0.0,0.0,1.4,0.0,7.1,-5.7,18.1,0,0,18.5,1,13222,1,13222,11802,19766,21401,14933,12345,11435,11902,13505,14344,13505,5723,9026,7381,18245,13132,12854,8263,8846,17520,17725,20609,15926,22047,2246,150,21605,1,25:14
2024-25,1641710,Anthony Black,Anthony,1610612753,ORL,Orlando Magic,0022400638,2025-01-25T00:00:00,ORL vs. DET,W,19.383333333333333,3.7,11.1,0.333,1.9,3.7,0.5,0.0,0.0,0.0,0.0,0.0,0.0,3.7,0.0,1.9,0.0,3.7,3.7,0.0,9.3,1.9,20.4,0,0,18.6,1,1,13086,1,16510,17797,15119,17395,10843,16181,3944,13505,14344,13505,14058,22137,23286,10748,16469,6992,8263,791,8020,17725,18825,11704,20970,2246,150,21598,1,19:23
2024-25,1629627,Zion Williamson,Zion,1610612740,NOP,New Orleans Pelicans,0022400637,2025-01-25T00:00:00,NOP @ CHA,L,26.183333333333334,15.1,27.5,0.55,0.0,0.0,0.0,8.2,11.0,0.75,4.1,11.0,15.1,2.7,5.5,1.4,1.4,2.7,5.5,5.5,38.5,-27.5,63.5,1,0,61.9,1,13222,1,13222,11021,469,444,7655,15070,20945,15070,1299,1023,8186,3400,1901,1714,13751,1811,9039,5333,1669,3701,3339,555,23343,835,1,150,651,1,26:11
2024-25,1641713,GG Jackson,GG,1610612763,MEM,Memphis Grizzlies,0022400643,2025-01-25T00:00:00,MEM vs. UTA,W,23.533333333333335,7.6,18.4,0.417,3.1,12.2,0.25,4.6,6.1,0.75,3.1,6.1,9.2,4.6,0.0,1.5,0.0,0.0,4.6,3.1,22.9,3.1,45.4,0,0,42.8,1,1,13086,1,13284,7385,4327,14532,6323,1655,11902,4699,4326,8186,5211,8056,6473,8439,16469,8274,8263,8846,5567,9036,5525,11082,4980,2246,150,5235,1,23:32
2024-25,1627777,Georges Niang,Georges,1610612739,CLE,Cleveland Cavaliers,0022400640,2025-01-25T00:00:00,CLE vs. HOU,L,28.52,8.8,11.4,0.778,7.6,8.8,0.857,1.3,2.5,0.5,0.0,5.0,5.0,1.3,0.0,1.3,0.0,1.3,5.0,3.8,26.5,-1.3,38.2,0,0,42.9,1,13222,1,13222,9099,4997,14739,1994,570,5049,1329,12414,11147,10625,14058,10730,14671,18793,16469,9706,8263,5861,4500,6884,3428,13698,8862,2246,150,5185,1,28:31
2024-25,201935,James Harden,James,1610612746,LAC,LA Clippers,0022400646,2025-01-25T00:00:00,LAC vs. MIL,W,35.46666666666667,12.2,24.4,0.5,4.1,10.2,0.4,12.2,12.2,1.0,1.0,4.1,5.1,9.1,1.0,1.0,0.0,1.0,2.0,8.1,40.6,12.2,62.4,0,0,60.9,1,1,13086,1,3102,1412,960,8526,3867,3331,7874,326,723,1,13132,13543,14590,1906,15746,11810,8263,7773,14967,954,414,6721,923,2246,150,740,1,35:28
2024-25,201599,DeAndre Jordan,DeAndre,1610612743,DEN,Denver Nuggets,0022400634,2025-01-25T00:00:00,DEN @ MIN,L,5.816666666666666,12.4,12.4,1.0,0.0,0.0,0.0,0.0,0.0,0.0,24.8,12.4,37.1,0.0,0.0,0.0,0.0,0.0,6.2,0.0,24.8,12.4,69.3,0,0,61.9,1,13222,1,13222,23660,1310,12930,1,15070,20945,15070,13505,14344,13505,34,1196,37,19908,16469,12854,8263,8846,2719,17725,4333,6645,458,2246,150,649,1,5:49
2024-25,1626156,D'Angelo Russell,D'Angelo,1610612751,BKN,Brooklyn Nets,0022400636,2025-01-25T00:00:00,BKN vs. MIA,L,26.23,8.2,17.8,0.462,5.5,11.0,0.5,8.2,8.2,1.0,0.0,1.4,1.4,8.2,2.7,2.7,2.7,0.0,4.1,6.9,30.2,-2.7,57.9,0,0,56.3,1,13222,1,13222,10980,6130,4870,12428,1747,2513,3944,1312,2364,1,14058,21146,22733,2668,7395,3815,2023,8846,6776,1771,2019,14430,1485,2246,150,1262,1,26:14
2024-25,1630169,Tyrese Haliburton,Tyrese,1610612754,IND,Indiana Pacers,0022400633,2025-01-25T00:00:00,IND @ SAS,W,28.45,13.9,21.5,0.647,7.6,11.4,0.667,0.0,0.0,0.0,1.3,2.5,3.8,5.1,1.3,2.5,2.5,0.0,1.3,0.0,35.4,19.0,61.5,0,0,62.0,1,1,13086,1,9165,728,2020,4571,563,2184,1957,13505,14344,13505,11387,18106,17829,7330,14000,4302,2318,8846,18191,17725,908,4265,1025,2246,150,644,1,28:27
2024-25,1628398,Kyle Kuzma,Kyle,1610612764,WAS,Washington Wizards,0022400645,2025-01-25T00:00:00,WAS @ PHX,L,34.166666666666664,12.6,25.3,0.5,5.3,9.5,0.556,1.1,2.1,0.5,1.1,10.5,11.6,4.2,3.2,0.0,0.0,1.1,3.2,3.2,31.6,4.2,48.7,1,0,52.7,1,13222,1,13222,4116,1176,773,8526,1977,4132,3747,13067,12398,10625,12851,2199,3858,9349,5945,12854,8263,7461,10035,8699,1605,10533,3751,1,150,1874,1,34:10
2024-25,1627780,Gary Payton II,Gary,1610612744,GSW,Golden State Warriors,0022400644,2025-01-25T00:00:00,GSW vs. LAL,L,14.816666666666666,12.1,14.6,0.833,4.9,7.3,0.667,0.0,0.0,0.0,2.4,12.1,14.6,4.9,0.0,2.4,0.0,0.0,4.9,0.0,29.2,2.4,61.2,0,0,58.3,1,13222,1,13222,19696,1432,9238,1514,2473,7842,1957,13505,14344,13505,6839,1288,1969,7776,16469,4589,8263,8846,4925,17725,2385,11402,1049,2246,150,983,1,14:49
2024-25,204001,Kristaps Porziņģis,Kristaps,1610612738,BOS,Boston Celtics,0022400635,2025-01-25T00:00:00,BOS @ DAL,W,28.47,7.6,15.2,0.5,3.8,6.3,0.6,3.8,3.8,1.0,2.5,2.5,5.1,6.3,1.3,0.0,2.5,1.3,5.1,7.6,22.8,1.3,44.6,0,0,43.0,1,1,13086,1,9146,7549,8303,8526,4464,9933,2992,6097,8269,1,6532,18109,14651,4996,14015,12854,2324,5846,4483,1270,5656,11967,5355,2246,150,5143,1,28:28
2024-25,1627734,Domantas Sabonis,Domantas,1610612758,SAC,Sacramento Kings,0022400641,2025-01-25T00:00:00,SAC @ NYK,L,34.43,11.5,14.6,0.786,1.0,2.1,0.5,2.1,3.1,0.667,4.2,9.4,13.6,12.5,4.2,0.0,0.0,0.0,3.1,3.1,26.1,-4.2,57.1,1,1,53.3,1,13222,1,13222,3910,1865,9148,1975,14278,19382,3944,10322,9635,9425,3324,3102,2437,605,3534,12854,8263,8846,10148,8771,3610,15173,1617,1,1,1737,1,34:26
2024-25,1629639,Tyler Herro,Tyler,1610612748,MIA,Miami Heat,0022400636,2025-01-25T00:00:00,MIA @ BKN,W,35.815,8.0,14.1,0.571,3.0,6.0,0.5,6.0,6.0,1.0,0.0,1.0,1.0,8.0,5.0,2.0,0.0,1.0,1.0,4.0,25.1,8.0,39.4,0,0,41.2,1,1,13086,1,2817,6553,10051,6538,6446,10616,3944,2831,4428,1,14058,21961,23200,2847,2311,6208,8263,7877,19681,6253,4157,8616,8130,2246,150,6070,1,35:49
2024-25,1641744,Zach Edey,Zach,1610612763,MEM,Memphis Grizzlies,0022400643,2025-01-25T00:00:00,MEM vs. UTA,W,28.0,6.4,10.3,0.625,2.6,3.9,0.667,9.0,10.3,0.875,2.6,6.4,9.0,0.0,2.6,2.6,5.1,0.0,3.9,6.4,24.4,24.4,55.8,0,0,51.4,1,1,13086,1,9543,10362,16579,4899,7910,15882,1957,1001,1259,6931,6424,7444,6730,19908,7975,4199,478,8846,7582,2151,4535,2940,1842,2246,150,2162,1,28:00
2024-25,1628973,Jalen Brunson,Jalen,1610612752,NYK,New York Knicks,0022400641,2025-01-25T00:00:00,NYK vs. SAC,W,35.555,9.1,17.2,0.529,4.1,6.1,0.667,3.0,3.0,1.0,0.0,1.0,1.0,11.1,2.0,1.0,0.0,0.0,0.0,4.1,25.3,10.1,44.2,1,0,43.5,1,1,13086,1,3029,4511,5561,8281,3891,10506,1957,7701,9884,1,14058,21949,23193,954,10403,11839,8263,8846,20257,6169,4049,7638,5543,1,150,4909,1,35:33
2024-25,1630163,LaMelo Ball,LaMelo,1610612766,CHA,Charlotte Hornets,0022400637,2025-01-25T00:00:00,CHA vs. NOP,W,30.183333333333334,10.7,25.0,0.429,4.8,15.5,0.308,3.6,7.2,0.5,0.0,6.0,6.0,8.3,4.8,3.6,0.0,1.2,2.4,8.3,29.8,0.0,55.5,0,0,56.1,1,1,13086,1,7604,2476,814,13735,2604,594,11292,6536,3217,10625,14058,8416,12375,2556,2627,2124,8263,6320,13285,874,2153,12240,1900,2246,150,1302,1,30:11
2024-25,1630188,Jalen Smith,Jalen,1610612741,CHI,Chicago Bulls,0022400642,2025-01-25T00:00:00,CHI vs. PHI,L,13.683333333333334,7.9,10.5,0.75,7.9,7.9,1.0,0.0,0.0,0.0,5.3,13.2,18.4,0.0,0.0,0.0,0.0,0.0,2.6,10.5,23.7,-7.9,45.8,0,0,50.0,1,13222,1,13222,20373,6859,16171,2107,486,6634,1,13505,14344,13505,2130,968,805,19908,16469,12854,8263,8846,12318,328,4995,16926,4826,2246,150,2534,1,13:41
2024-25,203507,Giannis Antetokounmpo,Giannis,1610612749,MIL,Milwaukee Bucks,0022400646,2025-01-25T00:00:00,MIL @ LAC,L,35.0,12.3,22.6,0.545,0.0,1.0,0.0,12.3,15.4,0.8,2.1,11.3,13.4,1.0,4.1,0.0,1.0,1.0,3.1,9.3,37.0,-10.3,53.6,1,0,53.5,1,13222,1,13222,3460,1329,1533,7695,15070,20828,15070,312,321,7681,8126,1738,2565,19591,3639,12854,7279,7676,10325,582,691,18014,2302,1,150,1714,1,35:00
2024-25,1628384,OG Anunoby,OG,1610612752,NYK,New York Knicks,0022400641,2025-01-25T00:00:00,NYK vs. SAC,W,35.03333333333333,12.3,18.5,0.667,4.1,7.2,0.571,5.1,6.2,0.833,2.1,1.0,3.1,4.1,0.0,2.1,1.0,2.1,2.1,5.1,33.9,7.2,53.0,0,0,51.4,1,1,13086,1,3435,1336,4222,3281,3765,8056,3506,3835,4268,7275,8139,21924,19517,9640,16469,5987,7287,3040,14843,3869,1142,9046,2452,2246,150,2182,1,35:02
2024-25,1628370,Malik Monk,Malik,1610612758,SAC,Sacramento Kings,0022400641,2025-01-25T00:00:00,SAC @ NYK,L,33.96666666666667,12.7,22.3,0.571,4.2,8.5,0.5,3.2,4.2,0.75,0.0,3.2,3.2,9.5,2.1,1.1,0.0,1.1,2.1,2.1,32.9,-11.7,52.0,0,0,51.9,1,13222,1,13222,4292,1141,1706,6538,3501,5624,3944,7371,7339,8186,14058,16160,19290,1683,9910,11396,8263,7399,14520,12529,1353,18604,2697,2246,150,2056,1,33:58
2024-25,203552,Seth Curry,Seth,1610612766,CHA,Charlotte Hornets,0022400637,2025-01-25T00:00:00,CHA vs. NOP,W,19.033333333333335,11.3,17.0,0.667,7.6,11.3,0.667,0.0,0.0,0.0,3.8,3.8,7.6,3.8,1.9,0.0,0.0,0.0,1.9,0.0,30.3,45.4,43.1,0,0,49.2,1,1,13086,1,16794,1972,5782,3281,573,2217,1957,13505,14344,13505,3911,14381,9038,10554,11095,12854,8263,8846,15735,17725,1999,689,6072,2246,150,2773,1,19:02
2024-25,1628449,Chris Boucher,Chris,1610612761,TOR,Toronto Raptors,0022400639,2025-01-25T00:00:00,TOR @ ATL,W,21.233333333333334,11.9,17.0,0.7,5.1,6.8,0.75,10.2,10.2,1.0,0.0,8.5,8.5,0.0,0.0,0.0,1.7,0.0,0.0,5.1,39.0,35.6,54.3,0,0,55.9,1,1,13086,1,15129,1608,5853,3045,2173,8937,1542,656,1304,1,14058,4076,7506,19908,16469,12854,4305,8846,20257,3948,518,1333,2147,2246,150,1317,1,21:14
2024-25,1641842,Ronald Holland II,Ronald,1610612765,DET,Detroit Pistons,0022400638,2025-01-25T00:00:00,DET @ ORL,L,15.793333333333333,6.8,16.0,0.429,4.6,6.8,0.667,11.4,18.2,0.625,2.3,6.8,9.1,2.3,0.0,2.3,0.0,0.0,4.6,11.4,29.6,-18.2,50.8,0,0,50.1,1,13222,1,13222,19076,9325,7171,13735,2961,8808,1957,422,178,10271,7312,6639,6559,15304,16469,5108,8263,8846,5650,245,2219,20999,3034,2246,150,2493,1,15:48
2024-25,1628378,Donovan Mitchell,Donovan,1610612739,CLE,Cleveland Cavaliers,0022400640,2025-01-25T00:00:00,CLE vs. HOU,L,37.11666666666667,10.7,26.2,0.407,3.9,10.7,0.364,6.8,8.7,0.778,1.0,2.9,3.9,6.8,1.0,1.9,1.0,1.0,4.8,5.8,32.0,-1.0,54.6,0,0,52.4,1,13222,1,13222,1911,2543,616,14925,4242,2810,9100,2170,2029,8092,13495,17046,17625,4304,16026,6564,7688,8186,4952,2869,1531,13516,2066,2246,150,1954,1,37:07
2024-25,1630595,Cade Cunningham,Cade,1610612765,DET,Detroit Pistons,0022400638,2025-01-25T00:00:00,DET @ ORL,L,37.87,12.4,29.5,0.419,1.9,6.7,0.286,6.7,6.7,1.0,1.9,2.9,4.8,10.5,4.8,1.9,0.0,1.9,2.9,4.8,33.3,3.8,55.6,1,0,54.2,1,13222,1,13222,1462,1323,305,14530,10635,9207,11433,2280,3710,1,8810,17233,15433,1224,2651,6760,8263,3542,11409,4606,1271,10752,1877,1,150,1593,1,37:52
2024-25,1641890,Tyler Smith,Tyler,1610612749,MIL,Milwaukee Bucks,0022400646,2025-01-25T00:00:00,MIL @ LAC,L,1.1833333333333333,30.4,30.4,1.0,0.0,0.0,0.0,0.0,0.0,0.0,0.0,0.0,0.0,0.0,0.0,0.0,0.0,0.0,0.0,0.0,60.8,60.8,60.8,0,0,60.8,1,13222,1,13222,25970,29,254,1,15070,20945,15070,13505,14344,13505,14058,22137,23286,19908,16469,12854,8263,8846,20257,17725,82,349,1090,2246,150,743,1,1:11
2024-25,1630168,Onyeka Okongwu,Onyeka,1610612737,ATL,Atlanta Hawks,0022400639,2025-01-25T00:00:00,ATL vs. TOR,L,28.916666666666668,8.7,12.4,0.7,1.2,2.5,0.5,5.0,6.2,0.8,2.5,7.5,10.0,6.2,2.5,5.0,1.2,1.2,3.7,3.7,23.7,-19.9,61.1,0,0,53.5,1,13222,1,13222,8740,5239,12813,3045,13124,18646,3944,4070,4205,7681,6637,5556,5478,5117,8290,912,5917,5964,7956,7029,5014,21529,1062,2246,150,1701,1,28:55
2024-25,1628991,Jaren Jackson Jr.,Jaren,1610612763,MEM,Memphis Grizzlies,0022400643,2025-01-25T00:00:00,MEM vs. UTA,W,30.1,12.0,16.7,0.714,2.4,4.8,0.5,7.2,10.8,0.667,2.4,1.2,3.6,2.4,1.2,1.2,2.4,0.0,2.4,7.2,33.5,31.1,51.0,0,0,49.0,1,1,13086,1,7690,1546,6128,2752,8510,13747,3944,1887,1094,9425,6949,21520,18342,14904,14467,10206,2571,8846,13253,1525,1218,1822,3001,2246,150,2826,1,30:06
2024-25,1631209,Isaiah Wong,Isaiah,1610612766,CHA,Charlotte Hornets,0022400637,2025-01-25T00:00:00,CHA vs. NOP,W,3.1333333333333333,11.5,23.0,0.5,11.5,23.0,0.5,0.0,0.0,0.0,0.0,11.5,11.5,0.0,0.0,11.5,0.0,0.0,0.0,0.0,34.5,80.4,82.7,0,0,80.4,1,1,13086,1,24922,1872,1386,8526,141,145,3944,13505,14344,13505,14058,1635,3955,19908,16469,80,8263,8846,20257,17725,1047,156,160,2246,150,155,1,3:08
2024-25,1629673,Jordan Poole,Jordan,1610612764,WAS,Washington Wizards,0022400645,2025-01-25T00:00:00,WAS @ PHX,L,35.733333333333334,7.1,16.1,0.438,5.0,10.1,0.5,0.0,0.0,0.0,1.0,3.0,4.0,10.1,1.0,6.0,1.0,2.0,3.0,2.0,19.1,-14.1,59.2,1,0,52.4,1,13222,1,13222,2875,8812,6946,13558,2224,3412,3944,13505,14344,13505,13203,16642,17241,1401,15796,457,7441,3183,10612,13010,8701,19545,1292,1,150,1949,1,35:44
2024-25,1630532,Franz Wagner,Franz,1610612753,ORL,Orlando Magic,0022400638,2025-01-25T00:00:00,ORL vs. DET,W,30.163333333333334,11.9,26.3,0.455,4.8,9.5,0.5,9.5,9.5,1.0,1.2,3.6,4.8,8.4,1.2,0.0,0.0,1.2,1.2,8.4,38.2,1.2,55.3,0,0,56.1,1,1,13086,1,7632,1562,603,12676,2602,4039,3944,823,1572,1,11839,14986,15360,2551,14488,12854,8263,6312,18569,873,591,12020,1944,2246,150,1288,1,30:10
2024-25,1627783,Pascal Siakam,Pascal,1610612754,IND,Indiana Pacers,0022400633,2025-01-25T00:00:00,IND @ SAS,W,31.233333333333334,11.5,20.7,0.556,1.2,2.3,0.5,2.3,2.3,1.0,6.9,5.8,12.7,3.5,3.5,2.3,3.5,1.2,3.5,2.3,26.5,24.2,60.7,1,0,55.3,1,1,13086,1,6669,1853,2489,7248,13634,18972,3944,9598,11757,1,1174,8878,3016,11528,5109,5016,1262,6615,8870,11719,3427,2982,1105,1,150,1411,1,31:14
2024-25,1631107,Nikola Jović,Nikola,1610612748,MIA,Miami Heat,0022400636,2025-01-25T00:00:00,MIA @ BKN,W,30.85,5.8,8.2,0.714,3.5,4.7,0.75,4.7,4.7,1.0,1.2,5.8,7.0,4.7,4.7,2.3,2.3,0.0,4.7,3.5,19.8,4.7,44.6,0,0,44.3,1,1,13086,1,6992,12009,19990,2752,5149,14043,1542,4562,6547,1,12013,8714,10145,8263,2759,4925,2679,8846,5369,7662,8039,10305,5375,2246,150,4534,1,30:51
2024-25,1629636,Darius Garland,Darius,1610612739,CLE,Cleveland Cavaliers,0022400640,2025-01-25T00:00:00,CLE vs. HOU,L,36.03333333333333,14.0,22.0,0.636,4.0,7.0,0.571,7.0,7.0,1.0,3.0,0.0,3.0,9.0,3.0,0.0,0.0,1.0,2.0,6.0,39.0,1.0,53.1,0,0,54.9,1,13222,1,13222,2659,707,1829,4689,4008,8478,3506,2010,3365,1,5350,22137,19751,2030,6506,12854,8263,7930,15154,2629,523,12156,2434,2246,150,1464,1,36:02
2024-25,1642484,RayJ Dennis,RayJ,1610612754,IND,Indiana Pacers,0022400633,2025-01-25T00:00:00,IND @ SAS,W,3.283333333333333,0.0,11.0,0.0,0.0,11.0,0.0,0.0,0.0,0.0,0.0,21.9,21.9,11.0,0.0,11.0,0.0,0.0,0.0,0.0,0.0,87.7,75.7,0,0,54.8,1,1,13086,1,24848,22635,15414,22635,15070,2521,15070,13505,14344,13505,14058,126,345,1008,16469,98,8263,8846,20257,17725,23200,120,280,2246,150,1483,1,3:17
2024-25,1630162,Anthony Edwards,Anthony,1610612750,MIN,Minnesota Timberwolves,0022400634,2025-01-25T00:00:00,MIN vs. DEN,W,33.333333333333336,15.1,24.8,0.609,3.2,8.6,0.375,3.2,4.3,0.75,1.1,0.0,1.1,9.7,3.2,0.0,0.0,0.0,4.3,2.2,36.7,29.2,49.4,0,0,50.8,1,1,13086,1,4870,470,859,5384,5849,5359,8800,7230,7164,8186,12634,22137,23115,1580,5699,12854,8263,8846,6217,12342,728,2083,3480,2246,150,2323,1,33:20
2024-25,203497,Rudy Gobert,Rudy,1610612750,MIN,Minnesota Timberwolves,0022400634,2025-01-25T00:00:00,MIN vs. DEN,W,29.566666666666666,7.3,9.7,0.75,0.0,0.0,0.0,2.4,3.7,0.667,4.9,12.2,17.0,6.1,0.0,4.9,0.0,1.2,2.4,4.9,17.0,31.7,61.2,1,0,49.9,1,1,13086,1,8168,8215,17489,2107,15070,20945,15070,9228,8575,9425,2484,1278,1117,5339,16469,983,8263,6142,13051,4352,10801,1768,1046,1,150,2556,1,29:34
2024-25,203076,Anthony Davis,Anthony,1610612747,LAL,Los Angeles Lakers,0022400644,2025-01-25T00:00:00,LAL @ GSW,W,36.34,12.9,22.8,0.565,0.0,3.0,0.0,9.9,11.9,0.833,3.0,9.9,12.9,3.0,2.0,3.0,1.0,0.0,2.0,6.9,35.7,8.9,65.5,1,0,59.4,1,1,13086,1,2450,1074,1458,7102,15070,17719,15070,727,792,7275,5413,2652,2888,13019,10608,3217,7536,8846,15253,1704,884,8216,668,1,150,877,1,36:20
2024-25,1628371,Jonathan Isaac,Jonathan,1610612753,ORL,Orlando Magic,0022400638,2025-01-25T00:00:00,ORL vs. DET,W,19.763333333333332,5.5,9.1,0.6,3.6,5.5,0.667,10.9,10.9,1.0,3.6,5.5,9.1,0.0,0.0,1.8,5.5,0.0,3.6,5.5,25.5,14.6,58.3,0,0,52.8,1,1,13086,1,16219,13091,18552,5394,4821,12049,1957,496,1046,1,4134,9630,6577,19908,16469,7150,402,8846,8282,3389,3939,5789,1433,2246,150,1848,1,19:46
2024-25,1628404,Josh Hart,Josh,1610612752,NYK,New York Knicks,0022400641,2025-01-25T00:00:00,NYK vs. SAC,W,39.71666666666667,7.3,12.7,0.571,0.9,1.8,0.5,2.7,2.7,1.0,6.3,10.0,16.3,10.0,2.7,0.9,1.8,0.9,2.7,2.7,18.1,15.4,58.1,1,1,50.8,1,1,13086,1,647,8333,12400,6538,14939,19898,3944,8527,10693,1,1451,2604,1320,1456,7469,12639,4030,8626,11955,10263,9705,5466,1459,1,1,2324,1,39:43
2024-25,1630346,Matt Ryan,Matt,1610612752,NYK,New York Knicks,0022400641,2025-01-25T00:00:00,NYK vs. SAC,W,2.0,0.0,0.0,0.0,0.0,0.0,0.0,0.0,0.0,0.0,0.0,18.0,18.0,0.0,0.0,18.0,0.0,0.0,0.0,0.0,0.0,-18.0,75.6,0,0,54.0,1,1,13086,1,25452,22635,24836,22635,15070,20945,15070,13505,14344,13505,14058,255,898,19908,16469,30,8263,8846,20257,17725,23200,20931,281,2246,150,1619,1,2:00
2024-25,202685,Jonas Valančiūnas,Jonas,1610612764,WAS,Washington Wizards,0022400645,2025-01-25T00:00:00,WAS @ PHX,L,17.44,12.4,22.7,0.545,4.1,4.1,1.0,4.1,4.1,1.0,2.1,6.2,8.3,4.1,0.0,0.0,0.0,0.0,0.0,2.1,33.0,-18.6,49.1,0,0,49.5,1,13222,1,13222,17971,1307,1497,7695,3719,15279,1,5475,7572,1,8106,7910,7842,9583,16469,12854,8263,8846,20257,12786,1314,21092,3572,2246,150,2657,1,17:26
2024-25,1628418,Thomas Bryant,Thomas,1610612754,IND,Indiana Pacers,0022400633,2025-01-25T00:00:00,IND @ SAS,W,13.05,11.0,16.6,0.667,0.0,2.8,0.0,5.5,5.5,1.0,2.8,5.5,8.3,2.8,0.0,8.3,0.0,2.8,2.8,2.8,27.6,71.7,66.5,0,0,55.2,1,1,13086,1,20717,2230,6367,3281,15070,18146,15070,3395,5163,1,5953,9479,7810,13719,16469,190,8263,1656,11805,10110,2937,228,604,2246,150,1436,1,13:03
2024-25,1642274,Yves Missi,Yves,1610612740,NOP,New Orleans Pelicans,0022400637,2025-01-25T00:00:00,NOP @ CHA,L,19.283333333333335,7.5,13.1,0.571,0.0,0.0,0.0,7.5,11.2,0.667,5.6,9.3,14.9,0.0,0.0,0.0,1.9,1.9,0.0,7.5,22.4,-26.1,45.9,0,0,41.1,1,13222,1,13222,16596,7846,11741,6538,15070,20945,15070,1689,972,9425,1880,3174,1800,19908,16469,12854,3871,3680,20257,1342,5918,23061,4771,2246,150,6158,1,19:17
2024-25,204456,T.J. McConnell,T.J.,1610612754,IND,Indiana Pacers,0022400633,2025-01-25T00:00:00,IND @ SAS,W,15.55,13.9,20.8,0.667,0.0,0.0,0.0,0.0,0.0,0.0,2.3,9.3,11.6,11.6,4.6,2.3,2.3,0.0,2.3,0.0,27.8,39.4,68.3,0,0,60.2,1,1,13086,1,19219,735,2437,3281,15070,20945,15070,13505,14344,13505,7197,3243,3873,821,2808,4978,2710,8846,13581,17725,2871,1021,508,2246,150,810,1,15:33
2024-25,203500,Steven Adams,Steven,1610612745,HOU,Houston Rockets,0022400640,2025-01-25T00:00:00,HOU @ CLE,W,14.97,9.6,14.4,0.667,0.0,0.0,0.0,14.4,21.6,0.667,4.8,4.8,9.6,4.8,2.4,2.4,2.4,0.0,0.0,14.4,33.7,16.8,64.4,0,0,57.7,1,1,13086,1,19585,3700,9471,3281,15070,20945,15070,192,112,9425,2552,11405,5903,7903,8639,4684,2543,8846,20257,113,1188,4962,744,2246,150,1064,1,14:58
2024-25,1630567,Scottie Barnes,Scottie,1610612761,TOR,Toronto Raptors,0022400639,2025-01-25T00:00:00,TOR @ ATL,W,32.31666666666667,8.9,18.9,0.471,1.1,5.6,0.2,7.8,7.8,1.0,3.3,10.0,13.4,7.8,4.5,2.2,2.2,0.0,0.0,6.7,26.7,29.0,63.4,1,0,57.9,1,1,13086,1,5711,4870,3811,12143,13873,11794,13429,1510,2672,1,4659,2561,2568,3084,3063,5279,2890,8846,20257,1915,3330,2115,848,1,150,1037,1,32:19
2024-25,1628378,Donovan Mitchell,Donovan,1610612739,CLE,Cleveland Cavaliers,0022400631,2025-01-24T00:00:00,CLE @ PHI,L,33.4,12.9,24.8,0.522,7.5,16.2,0.467,6.5,8.6,0.75,1.1,2.2,3.2,7.5,4.3,3.2,0.0,2.2,3.2,6.5,39.9,3.2,60.5,0,0,64.7,1,13222,1,13222,4812,1056,878,8473,578,508,7108,2428,2107,8186,12654,19188,19142,3341,3293,2674,8263,2751,9723,2115,455,11001,1138,2246,150,491,1,33:24
2024-25,1628991,Jaren Jackson Jr.,Jaren,1610612763,MEM,Memphis Grizzlies,0022400632,2025-01-24T00:00:00,MEM vs. NOP,W,32.416666666666664,11.1,17.8,0.625,5.6,10.0,0.556,4.4,4.4,1.0,1.1,4.4,5.6,7.8,2.2,0.0,1.1,1.1,3.3,4.4,32.2,13.3,51.6,0,0,53.3,1,1,13086,1,5623,2183,4937,4899,1696,3480,3747,4921,6952,1,12391,12427,13412,3108,9428,12854,6722,6964,9332,5256,1481,6248,2794,2246,150,1741,1,32:25
2024-25,1642348,Justin Edwards,Justin,1610612755,PHI,Philadelphia 76ers,0022400631,2025-01-24T00:00:00,PHI vs. CLE,W,25.95,5.5,11.1,0.5,4.2,8.3,0.5,5.5,8.3,0.667,5.5,2.8,8.3,1.4,1.4,2.8,1.4,0.0,2.8,4.2,20.8,-12.5,44.0,0,0,43.0,1,1,13086,1,11194,12849,15191,8526,3647,5871,3944,3366,2309,9425,1917,17488,7732,18384,13355,3748,5281,8846,11749,5918,7227,18937,5686,2246,150,5139,1,25:57
2024-25,1629014,Anfernee Simons,Anfernee,1610612757,POR,Portland Trail Blazers,0022400630,2025-01-24T00:00:00,POR @ CHA,W,36.71666666666667,7.8,15.7,0.5,3.9,9.8,0.4,6.9,8.8,0.778,1.0,3.9,4.9,2.0,1.0,2.0,0.0,1.0,1.0,4.9,26.5,24.5,40.2,0,0,41.2,1,1,13086,1,2182,6977,7561,8526,4160,3722,7874,2108,1964,8092,13420,13962,15054,16514,15973,6448,8263,8093,19812,4292,3444,2917,7639,2246,150,6089,1,36:43
2024-25,1642270,Donovan Clingan,Donovan,1610612757,POR,Portland Trail Blazers,0022400630,2025-01-24T00:00:00,POR @ CHA,W,17.616666666666667,4.1,8.2,0.5,0.0,2.0,0.0,0.0,0.0,0.0,8.2,18.4,26.6,8.2,4.1,2.0,8.2,0.0,2.0,0.0,8.2,20.4,78.9,0,0,63.3,1,1,13086,1,17847,16872,19983,8526,15070,19469,15070,13505,14344,13505,729,231,151,2723,3700,6042,137,8846,14904,17725,19772,3835,218,2246,150,557,1,17:37
2024-25,1629636,Darius Garland,Darius,1610612739,CLE,Cleveland Cavaliers,0022400631,2025-01-24T00:00:00,CLE @ PHI,L,32.36666666666667,11.1,23.4,0.476,4.4,11.1,0.4,2.2,2.2,1.0,0.0,1.1,1.1,7.8,2.2,1.1,0.0,2.2,3.3,2.2,28.9,-4.4,43.0,0,0,44.5,1,13222,1,13222,5670,2166,1262,12010,3154,2393,7874,9851,12008,1,14058,21730,23066,3097,9405,10921,8263,2592,9310,12054,2448,15300,6120,2246,150,4476,1,32:22
2024-25,1641744,Zach Edey,Zach,1610612763,MEM,Memphis Grizzlies,0022400632,2025-01-24T00:00:00,MEM vs. NOP,W,23.633333333333333,9.1,13.7,0.667,1.5,4.6,0.333,0.0,0.0,0.0,3.0,13.7,16.8,4.6,0.0,1.5,3.0,0.0,4.6,0.0,19.8,36.6,60.5,1,0,51.8,1,1,13086,1,13200,4462,10640,3281,11951,14269,9209,13505,14344,13505,5235,824,1186,8483,16469,8303,1635,8846,5623,17725,8068,1243,1135,1,150,2083,1,23:38
2024-25,1628379,Luke Kennard,Luke,1610612763,MEM,Memphis Grizzlies,0022400632,2025-01-24T00:00:00,MEM vs. NOP,W,26.636666666666667,13.5,18.9,0.714,9.5,12.2,0.778,0.0,0.0,0.0,1.4,2.7,4.1,8.1,1.4,1.4,0.0,0.0,0.0,1.4,36.5,17.6,56.2,0,0,60.8,1,1,13086,1,10617,847,3823,2752,255,1691,1530,13505,14344,13505,10975,17693,17175,2780,13561,9184,8263,8846,20257,15674,756,4716,1774,2246,150,750,1,26:38
2024-25,1629660,Ty Jerome,Ty,1610612739,CLE,Cleveland Cavaliers,0022400631,2025-01-24T00:00:00,CLE @ PHI,L,33.333333333333336,11.9,15.1,0.786,8.6,8.6,1.0,3.2,4.3,0.75,0.0,3.2,3.2,3.2,3.2,2.2,0.0,1.1,1.1,2.2,35.6,-1.1,47.6,0,0,55.1,1,13222,1,13222,4870,1599,8391,1975,344,5359,1,7230,7164,8186,14058,15961,19133,12175,5699,5544,8263,7224,19215,12342,888,13594,4096,2246,150,1444,1,33:20
2024-25,202684,Tristan Thompson,Tristan,1610612739,CLE,Cleveland Cavaliers,0022400631,2025-01-24T00:00:00,CLE @ PHI,L,9.933333333333334,0.0,0.0,0.0,0.0,0.0,0.0,0.0,0.0,0.0,7.2,7.2,14.5,7.2,7.2,0.0,3.6,0.0,7.2,0.0,0.0,-10.9,31.9,0,0,29.0,1,13222,1,13222,22128,22635,24836,22635,15070,20945,15070,13505,14344,13505,1042,5909,1993,3686,794,12854,1131,8846,1801,17725,23200,18266,13408,2246,150,14708,1,9:56
2024-25,1630241,Sam Merrill,Sam,1610612739,CLE,Cleveland Cavaliers,0022400631,2025-01-24T00:00:00,CLE @ PHI,L,18.583333333333332,3.9,11.6,0.333,3.9,11.6,0.333,5.8,5.8,1.0,1.9,1.9,3.9,3.9,1.9,0.0,0.0,0.0,1.9,5.8,17.4,11.6,26.0,0,0,29.1,1,13222,1,13222,17123,17395,14271,17395,4256,2015,9209,3074,4739,1,8674,19872,17640,10297,10864,12854,8263,8846,15476,2879,10391,6963,17647,2246,150,14653,1,18:35
2024-25,1630625,Dalano Banton,Dalano,1610612757,POR,Portland Trail Blazers,0022400630,2025-01-24T00:00:00,POR @ CHA,W,15.8,0.0,9.1,0.0,0.0,6.8,0.0,4.6,4.6,1.0,0.0,2.3,2.3,2.3,2.3,0.0,2.3,0.0,4.6,2.3,4.6,-2.3,15.3,0,0,13.7,1,1,13086,1,19061,22635,18542,22635,15070,8810,15070,4751,6736,1,14058,18830,21251,15307,9166,12854,2780,8846,5653,11826,22259,14191,23098,2246,150,23512,1,15:48
2024-25,1641713,GG Jackson,GG,1610612763,MEM,Memphis Grizzlies,0022400632,2025-01-24T00:00:00,MEM vs. NOP,W,22.02,6.5,19.6,0.333,1.6,6.5,0.25,1.6,1.6,1.0,3.3,8.2,11.4,0.0,3.3,0.0,0.0,0.0,0.0,1.6,16.3,-18.0,26.8,0,0,29.4,1,1,13086,1,14485,10091,3262,17395,11578,9453,11902,11533,13357,1,4806,4461,4014,19908,5602,12854,8263,8846,20257,14509,11555,20927,17078,2246,150,14381,1,22:01
2024-25,1630703,Scoot Henderson,Scoot,1610612757,POR,Portland Trail Blazers,0022400630,2025-01-24T00:00:00,POR @ CHA,W,22.75,1.6,4.7,0.333,0.0,1.6,0.0,0.0,3.2,0.0,1.6,0.0,1.6,6.3,3.2,1.6,0.0,0.0,3.2,6.3,3.2,-17.4,16.1,0,0,14.2,1,1,13086,1,13906,22058,23641,17395,15070,20188,15070,13505,9578,13505,9989,22137,22464,4979,5927,8054,8263,8846,10020,2258,22907,20746,22794,2246,150,23343,1,22:45
2024-25,1630631,Jose Alvarado,Jose,1610612740,NOP,New Orleans Pelicans,0022400632,2025-01-24T00:00:00,NOP @ MEM,L,18.18,5.9,11.9,0.5,4.0,5.9,0.667,2.0,4.0,0.5,0.0,2.0,2.0,11.9,4.0,2.0,0.0,2.0,2.0,4.0,17.8,-2.0,40.0,0,0,39.6,1,13222,1,13222,17457,11679,13798,8526,4075,10838,1957,10714,7920,10625,14058,19728,21838,742,3952,6340,8263,3288,15255,6427,10006,14030,7763,2246,150,7012,1,18:11
2024-25,1631255,Karlo Matković,Karlo,1610612740,NOP,New Orleans Pelicans,0022400632,2025-01-24T00:00:00,NOP @ MEM,L,2.65,0.0,0.0,0.0,0.0,0.0,0.0,0.0,0.0,0.0,0.0,13.6,13.6,0.0,0.0,0.0,0.0,0.0,0.0,0.0,0.0,54.3,16.3,0,0,13.6,1,13222,1,13222,25152,22635,24836,22635,15070,20945,15070,13505,14344,13505,14058,851,2439,19908,16469,12854,8263,8846,20257,17725,23200,443,22738,2246,150,23533,1,2:39
2024-25,1642377,Jaylen Wells,Jaylen,1610612763,MEM,Memphis Grizzlies,0022400632,2025-01-24T00:00:00,MEM vs. NOP,W,29.64,3.6,8.5,0.429,2.4,4.9,0.5,0.0,0.0,0.0,0.0,0.0,0.0,6.1,0.0,2.4,0.0,0.0,2.4,0.0,9.7,27.9,26.1,0,0,23.1,1,1,13086,1,8098,17979,19489,13735,8377,13544,3944,13505,14344,13505,14058,22137,23286,5364,16469,4599,8263,8846,13079,17725,18432,2281,17548,2246,150,18958,1,29:38
2024-25,1630526,Jeremiah Robinson-Earl,Jeremiah,1610612740,NOP,New Orleans Pelicans,0022400632,2025-01-24T00:00:00,NOP @ MEM,L,19.6,3.7,7.3,0.5,1.8,5.5,0.333,0.0,0.0,0.0,1.8,5.5,7.3,3.7,0.0,3.7,0.0,0.0,3.7,0.0,9.2,-33.1,34.5,0,0,29.4,1,13222,1,13222,16331,17909,21147,8526,10933,11927,9209,13505,14344,13505,9102,9512,9483,10870,16469,2001,8263,8846,8187,17725,18911,24172,11426,2246,150,14422,1,19:36
2024-25,1628998,Cody Martin,Cody,1610612766,CHA,Charlotte Hornets,0022400630,2025-01-24T00:00:00,CHA vs. POR,L,4.816666666666666,0.0,22.4,0.0,0.0,7.5,0.0,0.0,0.0,0.0,7.5,0.0,7.5,7.5,0.0,0.0,0.0,7.5,0.0,0.0,0.0,-14.9,20.2,0,0,14.9,1,13222,1,13222,24081,22635,1623,22635,15070,7458,15070,13505,14344,13505,965,22137,9218,3432,16469,12854,8263,131,20257,17725,23200,19884,21071,2246,150,23076,1,4:49
2024-25,1641733,Nick Smith Jr.,Nick,1610612766,CHA,Charlotte Hornets,0022400630,2025-01-24T00:00:00,CHA vs. POR,L,34.28333333333333,6.3,18.9,0.333,2.1,10.5,0.2,3.2,3.2,1.0,0.0,5.3,5.3,5.3,3.2,0.0,2.1,0.0,3.2,4.2,17.9,-1.1,35.2,0,0,34.7,1,13222,1,13222,4024,10711,3840,17395,9682,2975,13429,7442,9615,1,14058,10161,14160,6936,5983,12854,3208,8846,10085,5840,9967,13572,10950,2246,150,10330,1,34:17
2024-25,1631209,Isaiah Wong,Isaiah,1610612766,CHA,Charlotte Hornets,0022400630,2025-01-24T00:00:00,CHA vs. POR,L,15.616666666666667,2.3,9.2,0.25,0.0,0.0,0.0,4.6,4.6,1.0,2.3,0.0,2.3,0.0,2.3,0.0,0.0,0.0,6.9,4.6,9.2,-2.3,9.7,0,0,11.5,1,13222,1,13222,19188,20842,18373,20233,15070,20945,15070,4661,6639,1,7226,22137,21193,19908,9041,12854,8263,8846,2044,4918,18881,14211,24468,2246,150,24105,1,15:37
2024-25,1631288,Jamal Cain,Jamal,1610612740,NOP,New Orleans Pelicans,0022400632,2025-01-24T00:00:00,NOP @ MEM,L,2.65,0.0,0.0,0.0,0.0,0.0,0.0,0.0,0.0,0.0,0.0,0.0,0.0,0.0,0.0,0.0,0.0,0.0,0.0,0.0,0.0,54.3,0.0,0,0,0.0,1,13222,1,13222,25152,22635,24836,22635,15070,20945,15070,13505,14344,13505,14058,22137,23286,19908,16469,12854,8263,8846,20257,17725,23200,443,25228,2246,150,25259,1,2:39
2024-25,1627824,Guerschon Yabusele,Guerschon,1610612755,PHI,Philadelphia 76ers,0022400631,2025-01-24T00:00:00,PHI vs. CLE,W,35.60666666666667,4.0,12.1,0.333,2.0,6.1,0.333,2.0,2.0,1.0,3.0,10.1,13.1,3.0,3.0,0.0,2.0,1.0,3.0,1.0,12.1,-3.0,35.5,1,0,34.4,1,1,13086,1,2987,16987,13361,17395,10059,10525,9209,10566,12657,1,5263,2491,2709,12822,6346,12854,3413,7818,10566,17354,15997,14587,10738,1,150,10548,1,35:36
2024-25,1630643,Jay Huff,Jay,1610612763,MEM,Memphis Grizzlies,0022400632,2025-01-24T00:00:00,MEM vs. NOP,W,3.09,0.0,11.7,0.0,0.0,11.7,0.0,0.0,0.0,0.0,0.0,11.7,11.7,0.0,11.7,0.0,11.7,0.0,0.0,0.0,0.0,-23.3,37.3,0,0,35.0,1,1,13086,1,24946,22635,14216,22635,15070,1999,15070,13505,14344,13505,14058,1545,3805,19908,221,12854,45,8846,20257,17725,23200,22414,9478,2246,150,10130,1,3:05
2024-25,1631109,Mark Williams,Mark,1610612766,CHA,Charlotte Hornets,0022400630,2025-01-24T00:00:00,CHA vs. POR,L,31.043333333333333,7.0,13.9,0.5,0.0,0.0,0.0,3.5,4.6,0.75,2.3,8.1,10.4,3.5,0.0,1.2,3.5,1.2,5.8,3.5,17.4,-13.9,49.1,0,0,40.6,1,13222,1,13222,6851,9027,10311,8526,15070,20945,15070,6737,6594,8186,7177,4538,4971,11454,16469,10506,1244,6553,3226,7715,10435,19472,3609,2246,150,6452,1,31:03
2024-25,1631217,Moussa Diabaté,Moussa,1610612766,CHA,Charlotte Hornets,0022400630,2025-01-24T00:00:00,CHA vs. POR,L,20.656666666666666,5.2,10.5,0.5,0.0,0.0,0.0,0.0,0.0,0.0,3.5,7.0,10.5,3.5,3.5,3.5,1.7,3.5,1.7,0.0,10.5,0.0,40.4,0,0,34.9,1,13222,1,13222,15521,13740,16297,8526,15070,20945,15070,13505,14344,13505,4398,6413,4957,11427,5044,2257,4188,926,16407,17725,17708,12240,7501,2246,150,10189,1,20:39
2024-25,1642354,KJ Simpson,KJ,1610612766,CHA,Charlotte Hornets,0022400630,2025-01-24T00:00:00,CHA vs. POR,L,18.908333333333335,3.8,13.3,0.286,1.9,5.7,0.333,3.8,3.8,1.0,3.8,5.7,9.5,1.9,1.9,3.8,0.0,0.0,5.7,3.8,13.3,-15.2,37.1,0,0,34.3,1,13222,1,13222,16905,17542,11250,19630,10616,11419,9209,6065,8228,1,3873,9016,6032,16737,11019,1840,8263,8846,3371,6827,14717,19989,9605,2246,150,10637,1,18:55
2024-25,1630530,Trey Murphy III,Trey,1610612740,NOP,New Orleans Pelicans,0022400632,2025-01-24T00:00:00,NOP @ MEM,L,32.68333333333333,7.7,15.4,0.5,1.1,4.4,0.25,7.7,9.9,0.778,0.0,6.6,6.6,4.4,1.1,0.0,0.0,1.1,2.2,5.5,24.2,-20.9,37.7,0,0,36.3,1,13222,1,13222,5409,7251,7938,8526,13937,14668,11902,1551,1406,8092,14058,7082,10933,8869,15123,12854,8263,7034,14078,3328,4659,21813,9244,2246,150,9134,1,32:41
2024-25,203468,CJ McCollum,CJ,1610612740,NOP,New Orleans Pelicans,0022400632,2025-01-24T00:00:00,NOP @ MEM,L,33.97,6.4,11.7,0.545,3.2,5.3,0.6,7.4,11.7,0.636,0.0,1.1,1.1,4.2,2.1,0.0,1.1,1.1,3.2,6.4,23.3,-10.6,32.0,0,0,33.9,1,13222,1,13222,4291,10543,14204,7695,6011,12467,2992,1724,851,10256,14058,21853,23141,9283,9913,12854,7062,7403,9956,2230,5275,18145,13323,2246,150,10917,1,33:58
2024-25,1641737,Adem Bona,Adem,1610612755,PHI,Philadelphia 76ers,0022400631,2025-01-24T00:00:00,PHI vs. CLE,W,10.085,3.6,3.6,1.0,0.0,0.0,0.0,7.1,7.1,1.0,3.6,3.6,7.1,0.0,3.6,3.6,0.0,0.0,0.0,3.6,14.3,17.8,30.0,0,0,28.6,1,1,13086,1,22076,18156,24284,1,15070,20945,15070,1918,3234,1,4271,15031,9881,19908,4846,2143,8263,8846,20257,7480,13637,4608,14807,2246,150,15020,1,10:05
2024-25,1628386,Jarrett Allen,Jarrett,1610612739,CLE,Cleveland Cavaliers,0022400631,2025-01-24T00:00:00,CLE @ PHI,L,33.88,4.3,8.5,0.5,0.0,0.0,0.0,0.0,2.1,0.0,3.2,7.4,10.6,1.1,3.2,1.1,1.1,1.1,2.1,2.1,8.5,3.2,26.0,0,0,24.4,1,13222,1,13222,4377,16462,19491,8526,15070,20945,15070,13505,12335,13505,4968,5606,4789,19473,5861,11366,7043,7377,14493,12508,19516,11025,17599,2246,150,18046,1,33:53
2024-25,1631133,Jabari Walker,Jabari,1610612757,POR,Portland Trail Blazers,0022400630,2025-01-24T00:00:00,POR @ CHA,W,13.716666666666667,2.6,13.1,0.2,0.0,5.2,0.0,2.6,10.5,0.25,5.2,2.6,7.9,0.0,2.6,2.6,2.6,5.2,5.2,7.9,7.9,-36.7,30.4,0,0,26.2,1,1,13086,1,20351,20236,11631,21401,15070,12595,15070,8747,1190,13358,2142,17886,8514,19908,7787,4084,2188,316,4105,1082,20023,24595,14461,2246,150,16758,1,13:43
2024-25,1627749,Dejounte Murray,Dejounte,1610612740,NOP,New Orleans Pelicans,0022400632,2025-01-24T00:00:00,NOP @ MEM,L,31.183333333333334,11.5,18.5,0.625,1.2,4.6,0.25,5.8,8.1,0.714,0.0,6.9,6.9,8.1,3.5,0.0,0.0,0.0,0.0,3.5,30.0,-16.2,47.0,0,0,46.2,1,13222,1,13222,6717,1845,4238,4899,13625,14158,11902,3110,2464,9244,14058,6493,10279,2804,5097,12854,8263,8846,20257,7765,2079,20309,4316,2246,150,3750,1,31:11
2024-25,202331,Paul George,Paul,1610612755,PHI,Philadelphia 76ers,0022400631,2025-01-24T00:00:00,PHI vs. CLE,W,36.2,10.9,20.9,0.524,6.0,10.9,0.545,2.0,3.0,0.667,1.0,4.0,5.0,3.0,6.0,1.0,0.0,2.0,3.0,5.0,29.8,2.0,37.3,0,0,45.7,1,1,13086,1,2532,2312,2412,8439,1325,2552,3863,10694,10016,9425,13308,13793,14870,12988,1409,12007,8263,3264,10798,4173,2143,11630,9473,2246,150,3916,1,36:12
2024-25,1627777,Georges Niang,Georges,1610612739,CLE,Cleveland Cavaliers,0022400631,2025-01-24T00:00:00,CLE @ PHI,L,17.826666666666668,4.0,12.1,0.333,2.0,8.1,0.25,0.0,0.0,0.0,0.0,6.1,6.1,4.0,2.0,2.0,0.0,0.0,6.1,0.0,10.1,-34.3,27.5,0,0,26.3,1,13222,1,13222,17694,16997,13386,17395,10071,6320,11902,13505,14344,13505,14058,8208,12146,9835,10430,6161,8263,8846,2866,17725,18052,24339,16618,2246,150,16751,1,17:50
2024-25,1629610,DaQuan Jeffries,DaQuan,1610612766,CHA,Charlotte Hornets,0022400630,2025-01-24T00:00:00,CHA vs. POR,L,16.566666666666666,4.3,10.9,0.4,4.3,8.7,0.5,0.0,0.0,0.0,4.3,4.3,8.7,0.0,2.2,0.0,0.0,0.0,4.3,0.0,13.0,0.0,21.3,0,0,26.1,1,13222,1,13222,18554,16212,15579,14933,3319,5280,3944,13505,14344,13505,3107,12659,7176,19908,9623,12854,8263,8846,6151,17725,15049,12240,20536,2246,150,16881,1,16:34
2024-25,1631101,Shaedon Sharpe,Shaedon,1610612757,POR,Portland Trail Blazers,0022400630,2025-01-24T00:00:00,POR @ CHA,W,31.483333333333334,5.7,14.9,0.385,1.1,6.9,0.167,2.3,3.4,0.667,1.1,9.1,10.3,0.0,2.3,0.0,0.0,1.1,6.9,2.3,14.9,-11.4,24.9,0,0,26.3,1,1,13086,1,6421,12365,8798,16070,13688,8756,14236,9671,9027,9425,12170,3362,5127,19908,9137,12854,8263,6694,2095,11805,13049,18497,18342,2246,150,16717,1,31:29
2024-25,1630590,Scotty Pippen Jr.,Scotty,1610612763,MEM,Memphis Grizzlies,0022400632,2025-01-24T00:00:00,MEM vs. NOP,W,25.19333333333333,7.1,15.7,0.455,0.0,4.3,0.0,4.3,4.3,1.0,2.9,1.4,4.3,4.3,4.3,2.9,0.0,0.0,5.7,4.3,18.6,-10.0,34.4,0,0,32.9,1,1,13086,1,11843,8589,7518,12676,15070,14949,15070,5180,7234,1,5707,21029,16565,9166,3349,3525,8263,8846,3359,5625,9242,17892,11486,2246,150,11755,1,25:12
2024-25,1630178,Tyrese Maxey,Tyrese,1610612755,PHI,Philadelphia 76ers,0022400631,2025-01-24T00:00:00,PHI vs. CLE,W,39.56666666666667,8.2,16.4,0.5,3.6,7.3,0.5,6.4,6.4,1.0,0.0,2.7,2.7,6.4,1.8,1.8,1.8,0.0,0.9,3.6,26.4,7.3,48.3,0,0,46.4,1,1,13086,1,699,6229,6571,8526,4825,7868,3944,2528,4039,1,14058,17608,20389,4902,11452,7160,4008,8846,20118,7283,3490,9000,3874,2246,150,3695,1,39:34
2024-25,1630217,Desmond Bane,Desmond,1610612763,MEM,Memphis Grizzlies,0022400632,2025-01-24T00:00:00,MEM vs. NOP,W,33.916666666666664,9.6,19.1,0.5,2.1,7.4,0.286,0.0,0.0,0.0,0.0,0.0,0.0,14.9,2.1,0.0,0.0,2.1,1.1,0.0,21.2,24.4,41.4,1,0,38.2,1,1,13086,1,4334,3810,3673,8526,9579,7537,11433,13505,14344,13505,14058,22137,23286,304,9890,12854,8263,2858,19328,17725,6903,2943,6932,1,150,7887,1,33:55
2024-25,1630166,Deni Avdija,Deni,1610612757,POR,Portland Trail Blazers,0022400630,2025-01-24T00:00:00,POR @ CHA,W,33.733333333333334,3.2,6.4,0.5,1.1,3.2,0.333,11.7,14.9,0.786,0.0,5.3,5.3,4.3,5.3,4.3,0.0,0.0,2.1,8.5,19.2,2.1,39.5,0,0,38.4,1,1,13086,1,4498,18994,22207,8526,14148,17266,9209,370,357,8082,14058,9931,13949,9208,1969,1400,8263,8846,14434,808,8643,11550,8088,2246,150,7760,1,33:44
2024-25,203995,Vasilije Micić,Vasilije,1610612766,CHA,Charlotte Hornets,0022400630,2025-01-24T00:00:00,CHA vs. POR,L,33.285,4.3,14.1,0.308,1.1,6.5,0.167,3.2,3.2,1.0,0.0,0.0,0.0,3.2,6.5,0.0,0.0,2.2,4.3,3.2,13.0,-7.6,11.4,0,0,17.3,1,13222,1,13222,4910,16259,10076,19226,14061,9569,14236,7218,9429,1,14058,22137,23286,12166,1135,12854,8263,2731,6202,8424,15111,16767,24166,2246,150,22172,1,33:17
2024-25,1630182,Josh Green,Josh,1610612766,CHA,Charlotte Hornets,0022400630,2025-01-24T00:00:00,CHA vs. POR,L,34.016666666666666,5.3,9.5,0.556,2.1,4.2,0.5,2.1,2.1,1.0,1.1,4.2,5.3,2.1,0.0,1.1,0.0,0.0,2.1,1.1,14.8,-3.2,27.5,0,0,26.5,1,13222,1,13222,4244,13556,17900,7248,9612,15039,3944,10238,12364,1,12803,13022,14059,15941,16469,11408,8263,8846,14531,17129,13100,14662,16569,2246,150,16574,1,34:01
2024-25,1629634,Brandon Clarke,Brandon,1610612763,MEM,Memphis Grizzlies,0022400632,2025-01-24T00:00:00,MEM vs. NOP,W,21.276666666666667,11.8,16.9,0.7,0.0,0.0,0.0,0.0,0.0,0.0,11.8,3.4,15.2,0.0,1.7,3.4,0.0,0.0,8.5,0.0,23.7,-15.2,50.4,0,0,45.7,1,1,13086,1,15090,1625,5888,3045,15070,20945,15070,13505,14344,13505,249,15565,1673,19908,11953,2414,8263,8846,1154,17725,4987,19987,3146,2246,150,3940,1,21:17
2024-25,1629723,John Konchar,John,1610612763,MEM,Memphis Grizzlies,0022400632,2025-01-24T00:00:00,MEM vs. NOP,W,22.176666666666666,3.2,4.9,0.667,1.6,3.2,0.5,0.0,0.0,0.0,1.6,4.9,6.5,0.0,0.0,0.0,0.0,0.0,1.6,1.6,8.1,-1.6,15.9,0,0,16.2,1,1,13086,1,14368,18901,23559,3281,11619,17183,3944,13505,14344,13505,9829,11240,11190,19908,16469,12854,8263,8846,16800,14549,19824,13849,22891,2246,150,22623,1,22:11
2024-25,1629750,Javonte Green,Javonte,1610612740,NOP,New Orleans Pelicans,0022400632,2025-01-24T00:00:00,NOP @ MEM,L,22.133333333333333,4.9,9.8,0.5,3.3,8.1,0.4,0.0,0.0,0.0,4.9,3.3,8.1,1.6,3.3,0.0,0.0,0.0,3.3,0.0,13.0,19.5,22.0,0,0,26.0,1,13222,1,13222,14393,14720,17450,8526,5804,6212,7874,13505,14344,13505,2476,15926,8040,17584,5654,12854,8263,8846,9641,17725,15075,4099,20170,2246,150,16909,1,22:08
2024-25,1641739,Toumani Camara,Toumani,1610612757,POR,Portland Trail Blazers,0022400630,2025-01-24T00:00:00,POR @ CHA,W,34.43333333333333,5.2,10.5,0.5,1.0,4.2,0.25,0.0,1.0,0.0,3.1,3.1,6.3,1.0,0.0,2.1,0.0,0.0,4.2,2.1,11.5,2.1,26.9,0,0,24.0,1,1,13086,1,3903,13741,16299,8526,14279,15157,11902,13505,14141,13505,5067,16319,11667,19542,16469,5827,8263,8846,6600,12652,16674,11580,17043,2246,150,18292,1,34:26
2024-25,1629731,Dean Wade,Dean,1610612739,CLE,Cleveland Cavaliers,0022400631,2025-01-24T00:00:00,CLE @ PHI,L,19.731666666666666,1.8,5.5,0.333,0.0,3.6,0.0,0.0,0.0,0.0,1.8,1.8,3.6,7.3,0.0,1.8,0.0,0.0,3.6,0.0,3.6,-12.8,24.4,0,0,18.2,1,13222,1,13222,16240,21714,23112,17395,15070,16326,15070,13505,14344,13505,9155,20182,18207,3615,16469,7136,8263,8846,8263,17725,22720,19044,18654,2246,150,21746,1,19:44
2024-25,1626162,Kelly Oubre Jr.,Kelly,1610612755,PHI,Philadelphia 76ers,0022400631,2025-01-24T00:00:00,PHI vs. CLE,W,39.13333333333333,7.4,14.7,0.5,0.9,2.8,0.333,4.6,4.6,1.0,6.4,5.5,12.0,2.8,3.7,2.8,0.0,0.9,5.5,4.6,20.2,12.0,43.3,1,0,41.4,1,1,13086,1,834,8099,9019,8526,14901,18142,9209,4684,6659,1,1399,9474,3528,13718,4598,3781,8263,8558,3672,4944,7705,6813,5969,1,150,5979,1,39:08
2024-25,201569,Eric Gordon,Eric,1610612755,PHI,Philadelphia 76ers,0022400631,2025-01-24T00:00:00,PHI vs. CLE,W,37.666666666666664,4.8,7.6,0.625,3.8,3.8,1.0,1.0,1.9,0.5,0.0,0.0,0.0,2.9,1.0,0.0,0.0,1.0,1.0,1.0,14.3,11.5,17.7,0,0,21.0,1,1,13086,1,1590,15015,20720,4899,4374,15945,1,13357,12951,10625,14058,22137,23286,13386,16112,12854,8263,8293,19933,17529,13564,7025,22223,2246,150,20264,1,37:40
2024-25,1641722,Jordan Hawkins,Jordan,1610612740,NOP,New Orleans Pelicans,0022400632,2025-01-24T00:00:00,NOP @ MEM,L,31.6,9.1,20.5,0.444,4.6,11.4,0.4,0.0,0.0,0.0,0.0,2.3,2.3,1.1,1.1,2.3,0.0,0.0,0.0,0.0,22.8,-6.8,32.9,0,0,35.3,1,13222,1,13222,6334,4503,2630,13045,2962,2180,7874,13505,14344,13505,14058,18830,21251,19228,14874,5110,8263,8846,20257,17725,5640,16440,12644,2246,150,9864,1,31:36
2024-25,203924,Jerami Grant,Jerami,1610612757,POR,Portland Trail Blazers,0022400630,2025-01-24T00:00:00,POR @ CHA,W,33.75,7.5,19.2,0.389,4.3,8.5,0.5,4.3,4.3,1.0,3.2,1.1,4.3,1.1,2.1,1.1,0.0,2.1,1.1,3.2,23.5,23.5,31.3,0,0,35.2,1,1,13086,1,4481,7852,3590,16009,3452,5523,3944,5224,7276,1,4943,21833,16623,19458,9825,11327,8263,2824,19303,8563,5159,3161,13864,2246,150,9952,1,33:45
2024-25,1642274,Yves Missi,Yves,1610612740,NOP,New Orleans Pelicans,0022400632,2025-01-24T00:00:00,NOP @ MEM,L,29.583333333333332,4.9,6.1,0.8,0.0,0.0,0.0,2.4,3.7,0.667,2.4,3.7,6.1,3.7,1.2,0.0,2.4,1.2,0.0,3.7,12.2,-32.9,31.0,0,0,26.8,1,13222,1,13222,8157,14752,22523,1688,15070,20945,15070,9230,8581,9425,6825,14788,12083,10931,14313,12854,2498,6145,20257,7260,15958,24145,14038,2246,150,16344,1,29:35
2024-25,1629006,Josh Okogie,Josh,1610612766,CHA,Charlotte Hornets,0022400630,2025-01-24T00:00:00,CHA vs. POR,L,30.80666666666667,3.5,9.3,0.375,1.2,3.5,0.333,10.5,14.0,0.75,5.8,5.8,11.7,3.5,2.3,3.5,0.0,0.0,5.8,7.0,18.7,10.5,46.2,1,0,42.1,1,13222,1,13222,7039,18316,18201,16299,13543,16642,9209,560,452,8186,1716,8687,3771,11377,8915,2233,8263,8846,3153,1658,9124,7462,4676,1,150,5607,1,30:48
2024-25,1628464,Daniel Theis,Daniel,1610612740,NOP,New Orleans Pelicans,0022400632,2025-01-24T00:00:00,NOP @ MEM,L,15.766666666666667,4.6,6.8,0.667,0.0,0.0,0.0,0.0,0.0,0.0,4.6,4.6,9.1,4.6,0.0,2.3,0.0,0.0,0.0,0.0,9.1,22.8,33.8,0,0,27.4,1,13222,1,13222,19092,15576,21730,3281,15070,20945,15070,13505,14344,13505,2846,12074,6524,8488,16469,5097,8263,8846,20257,17725,18957,3292,11978,2246,150,15864,1,15:46
2024-25,1642281,Jaylon Tyson,Jaylon,1610612739,CLE,Cleveland Cavaliers,0022400631,2025-01-24T00:00:00,CLE @ PHI,L,13.533333333333333,2.7,5.3,0.5,2.7,5.3,0.5,0.0,0.0,0.0,0.0,5.3,5.3,0.0,0.0,0.0,2.7,0.0,0.0,2.7,8.0,8.0,22.3,0,0,21.3,1,13222,1,13222,20469,20169,23241,8526,7650,12412,3944,13505,14344,13505,14058,9979,13988,19908,16469,12854,2137,8846,20257,10437,19937,8637,19953,2246,150,20109,1,13:32
2024-25,1629622,Max Strus,Max,1610612739,CLE,Cleveland Cavaliers,0022400631,2025-01-24T00:00:00,CLE @ PHI,L,27.411666666666665,2.6,9.2,0.286,2.6,6.6,0.4,0.0,0.0,0.0,2.6,6.6,9.2,2.6,0.0,1.3,2.6,0.0,3.9,0.0,7.9,2.6,34.7,0,0,30.2,1,13222,1,13222,10009,20232,18418,19630,7748,9394,7874,13505,14344,13505,6283,7170,6455,14133,16469,9392,2185,8846,7315,17725,20016,11309,11319,2246,150,13797,1,27:25
2024-25,1630288,Jeff Dowtin Jr.,Jeff,1610612755,PHI,Philadelphia 76ers,0022400631,2025-01-24T00:00:00,PHI vs. CLE,W,15.791666666666666,4.6,6.8,0.667,2.3,2.3,1.0,0.0,0.0,0.0,0.0,2.3,2.3,6.8,0.0,0.0,2.3,0.0,0.0,0.0,11.4,-29.6,31.2,0,0,27.4,1,1,13086,1,19077,15602,21742,3281,8924,19029,1,13505,14344,13505,14058,18824,21247,4232,16469,12854,2776,8846,20257,17725,16793,23681,13878,2246,150,15900,1,15:48
2024-25,1630573,Sam Hauser,Sam,1610612738,BOS,Boston Celtics,0022400629,2025-01-23T00:00:00,BOS @ LAL,L,13.383333333333333,5.4,10.8,0.5,5.4,10.8,0.5,0.0,0.0,0.0,0.0,5.4,5.4,0.0,0.0,0.0,0.0,0.0,2.7,0.0,16.1,-24.2,22.6,0,0,26.9,1,13222,1,13222,20548,13322,15764,8526,1867,2711,3944,13505,14344,13505,14058,9829,13857,19908,16469,12854,8263,8846,12079,17725,11776,22625,19820,2246,150,16228,1,13:23
2024-25,1642358,AJ Johnson,AJ,1610612749,MIL,Milwaukee Bucks,0022400624,2025-01-23T00:00:00,MIL vs. MIA,W,3.95,0.0,9.1,0.0,0.0,0.0,0.0,0.0,0.0,0.0,0.0,9.1,9.1,18.2,0.0,0.0,0.0,0.0,0.0,0.0,0.0,27.3,38.3,0,0,27.3,1,1,13086,1,24514,22635,18542,22635,15070,20945,15070,13505,14344,13505,14058,3392,6567,132,16469,12854,8263,8846,20257,17725,23200,2364,8844,2246,150,15905,1,3:57
2024-25,1629614,Andrew Nembhard,Andrew,1610612754,IND,Indiana Pacers,0022400621,2025-01-23T00:00:00,IND @ SAS,L,26.5,4.1,10.9,0.375,0.0,4.1,0.0,2.7,2.7,1.0,2.7,2.7,5.4,10.9,1.4,4.1,0.0,0.0,1.4,2.7,10.9,-14.9,44.6,0,0,35.3,1,13222,1,13222,10724,16905,15570,16299,15070,15407,15070,8530,10696,1,6051,17645,13716,1045,13522,1562,8263,8846,17794,10267,17297,19883,5386,2246,150,9858,1,26:30
2024-25,1641739,Toumani Camara,Toumani,1610612757,POR,Portland Trail Blazers,0022400622,2025-01-23T00:00:00,POR @ ORL,W,34.166666666666664,6.3,9.5,0.667,1.1,1.1,1.0,3.2,4.2,0.75,1.1,5.3,6.3,3.2,1.1,2.1,2.1,2.1,2.1,5.3,16.9,27.4,40.8,0,0,35.8,1,1,13086,1,4116,10647,17978,3281,14228,20805,1,7413,7387,8186,12851,10104,11562,12446,15464,5751,3183,2903,14578,3678,11003,2358,7291,2246,150,9500,1,34:10
2024-25,1631223,David Roddy,David,1610612737,ATL,Atlanta Hawks,0022400623,2025-01-23T00:00:00,ATL vs. TOR,L,6.6,0.0,10.9,0.0,0.0,0.0,0.0,10.9,21.8,0.5,0.0,10.9,10.9,5.5,0.0,0.0,0.0,0.0,5.5,10.9,10.9,16.4,32.2,0,0,27.3,1,13222,1,13222,23329,22635,15513,22635,15070,20945,15070,499,111,10625,14058,1949,4493,6523,16469,12854,8263,8846,3769,286,17253,5119,13193,2246,150,15969,1,6:36
2024-25,1628370,Malik Monk,Malik,1610612758,SAC,Sacramento Kings,0022400626,2025-01-23T00:00:00,SAC @ DEN,L,30.983333333333334,5.8,15.1,0.385,0.0,4.6,0.0,5.8,8.1,0.714,0.0,2.3,2.3,8.1,2.3,1.2,0.0,2.3,5.8,4.6,17.4,-2.3,33.6,0,0,30.2,1,13222,1,13222,6893,12089,8412,16070,15070,14093,15070,3075,2421,9244,14058,18694,21148,2759,8971,10490,8263,2384,3205,4836,10401,14220,12129,2246,150,13788,1,30:59
2024-25,1641753,Chris Livingston,Chris,1610612749,MIL,Milwaukee Bucks,0022400624,2025-01-23T00:00:00,MIL vs. MIA,W,3.95,0.0,0.0,0.0,0.0,0.0,0.0,0.0,0.0,0.0,0.0,27.3,27.3,0.0,0.0,0.0,0.0,0.0,9.1,0.0,0.0,27.3,32.8,0,0,27.3,1,1,13086,1,24514,22635,24836,22635,15070,20945,15070,13505,14344,13505,14058,54,124,19908,16469,12854,8263,8846,927,17725,23200,2364,12716,2246,150,15905,1,3:57
2024-25,1641717,Cason Wallace,Cason,1610612760,OKC,Oklahoma City Thunder,0022400625,2025-01-23T00:00:00,OKC vs. DAL,L,26.335,4.1,13.7,0.3,1.4,4.1,0.333,0.0,0.0,0.0,4.1,5.5,9.6,1.4,2.7,2.7,0.0,1.4,5.5,1.4,9.6,-30.1,28.6,0,0,27.3,1,13222,1,13222,10876,16843,10713,19363,12578,15343,9209,13505,14344,13505,3448,9624,5963,18443,7428,3842,8263,5324,3753,15592,18572,23751,15817,2246,150,15922,1,26:20
2024-25,1627826,Ivica Zubac,Ivica,1610612746,LAC,LA Clippers,0022400983,2025-01-23T00:00:00,LAC vs. WAS,W,29.39666666666667,6.1,12.2,0.5,0.0,0.0,0.0,1.2,2.4,0.5,3.7,7.3,11.0,2.4,1.2,0.0,0.0,0.0,2.4,2.4,13.5,14.7,29.1,0,0,26.9,1,1,13086,1,8320,11157,13177,8526,15070,20945,15070,12513,11339,10625,4079,5753,4391,14712,14264,12854,8263,8846,12984,11162,14549,5742,15397,2246,150,16196,1,29:24
2024-25,1631165,Keon Ellis,Keon,1610612758,SAC,Sacramento Kings,0022400626,2025-01-23T00:00:00,SAC @ DEN,L,21.168333333333333,5.1,6.8,0.75,0.0,1.7,0.0,0.0,0.0,0.0,3.4,1.7,5.1,8.5,0.0,1.7,0.0,0.0,3.4,1.7,10.2,-18.7,34.2,0,0,27.2,1,13222,1,13222,15169,14084,21784,2107,15070,20046,15070,13505,14344,13505,4539,20458,14512,2420,16469,7607,8263,8846,9078,14268,17947,21143,11661,2246,150,16015,1,21:10
2024-25,202693,Markieff Morris,Markieff,1610612742,DAL,Dallas Mavericks,0022400625,2025-01-23T00:00:00,DAL @ OKC,W,4.05,0.0,17.8,0.0,0.0,17.8,0.0,0.0,0.0,0.0,0.0,8.9,8.9,8.9,0.0,8.9,0.0,0.0,0.0,0.0,0.0,44.4,50.7,0,0,35.6,1,1,13086,1,24455,22635,4926,22635,15070,356,15070,13505,14344,13505,14058,3614,6898,2114,16469,155,8263,8846,20257,17725,23200,730,3080,2246,150,9690,1,4:03
2024-25,1630243,Trevelin Queen,Trevelin,1610612753,ORL,Orlando Magic,0022400622,2025-01-23T00:00:00,ORL vs. POR,L,6.15,0.0,11.7,0.0,0.0,5.9,0.0,5.9,11.7,0.5,5.9,5.9,11.7,5.9,5.9,5.9,0.0,0.0,0.0,5.9,5.9,0.0,40.4,0,0,35.1,1,13222,1,13222,23541,22635,14099,22635,15070,11060,15070,3017,829,10625,1703,8656,3748,5753,1500,513,8263,8846,20257,2810,21486,12240,7521,2246,150,10014,1,6:09
2024-25,202709,Cory Joseph,Cory,1610612753,ORL,Orlando Magic,0022400622,2025-01-23T00:00:00,ORL vs. POR,L,13.116666666666667,2.7,5.5,0.5,0.0,0.0,0.0,0.0,0.0,0.0,2.7,2.7,5.5,0.0,2.7,5.5,0.0,0.0,5.5,2.7,5.5,-19.2,25.8,0,0,22.0,1,13222,1,13222,20687,19989,23100,8526,15070,20945,15070,13505,14344,13505,5992,17568,13566,19908,7397,642,8263,8846,3715,10176,21740,21309,17748,2246,150,19697,1,13:07
2024-25,1627759,Jaylen Brown,Jaylen,1610612738,BOS,Boston Celtics,0022400629,2025-01-23T00:00:00,BOS @ LAL,L,33.03333333333333,7.6,20.7,0.368,3.3,9.8,0.333,0.0,3.3,0.0,2.2,6.5,8.7,3.3,0.0,1.1,0.0,1.1,2.2,2.2,18.5,-19.6,37.2,0,0,36.0,1,13222,1,13222,5120,7444,2512,16823,5758,3720,9209,13505,9380,13505,7653,7227,7140,12081,16469,11104,8263,7144,14188,12243,9297,21438,9569,2246,150,9406,1,33:02
2024-25,1629008,Michael Porter Jr.,Michael,1610612743,DEN,Denver Nuggets,0022400626,2025-01-23T00:00:00,DEN vs. SAC,W,33.888333333333335,7.4,17.0,0.438,2.1,8.5,0.25,4.2,4.2,1.0,4.2,4.2,8.5,0.0,1.1,1.1,1.1,0.0,0.0,2.1,21.2,5.3,36.8,0,0,36.1,1,1,13086,1,4363,7919,5817,13558,9576,5588,11902,5260,7320,1,3248,12971,7473,19908,15406,11371,7046,8846,20257,12510,6888,9941,9862,2246,150,9286,1,33:53
2024-25,1630245,Ayo Dosunmu,Ayo,1610612741,CHI,Chicago Bulls,0022400628,2025-01-23T00:00:00,CHI @ GSW,L,22.613333333333333,6.4,9.6,0.667,3.2,6.4,0.5,4.8,6.4,0.75,0.0,3.2,3.2,3.2,0.0,0.0,0.0,0.0,3.2,3.2,20.7,-41.4,29.3,0,0,30.2,1,13222,1,13222,14027,10520,17853,3281,5998,9828,3944,4383,4042,8186,14058,16148,19281,12380,16469,12854,8263,8846,9928,8611,7318,24933,15287,2246,150,13755,1,22:37
2024-25,1630202,Payton Pritchard,Payton,1610612738,BOS,Boston Celtics,0022400629,2025-01-23T00:00:00,BOS @ LAL,L,24.233333333333334,3.0,17.8,0.167,1.5,7.4,0.2,3.0,3.0,1.0,0.0,3.0,3.0,3.0,0.0,0.0,1.5,1.5,0.0,1.5,10.4,-25.3,22.9,0,0,20.8,1,13222,1,13222,12695,19487,4884,21938,12096,7544,13429,7890,10043,1,14058,16819,19803,13022,16469,12854,4903,4828,20257,15058,17762,22860,19634,2246,150,20410,1,24:14
2024-25,202681,Kyrie Irving,Kyrie,1610612742,DAL,Dallas Mavericks,0022400625,2025-01-23T00:00:00,DAL @ OKC,W,39.178333333333335,7.4,15.6,0.471,3.7,7.4,0.5,3.7,3.7,1.0,0.0,2.8,2.8,3.7,1.8,1.8,0.0,0.0,3.7,2.8,22.1,14.7,34.5,0,0,35.8,1,1,13086,1,823,8122,7662,12143,4746,7722,3944,6343,8539,1,14058,17544,20342,10862,11378,7091,8263,8846,8185,10123,6169,5739,11412,2246,150,9492,1,39:11
2024-25,1641774,Tristan Vukcevic,Tristan,1610612764,WAS,Washington Wizards,0022400983,2025-01-23T00:00:00,WAS @ LAC,L,1.6833333333333333,0.0,0.0,0.0,0.0,0.0,0.0,0.0,0.0,0.0,0.0,21.4,21.4,0.0,0.0,0.0,0.0,0.0,0.0,0.0,0.0,0.0,25.7,0,0,21.4,1,13222,1,13222,25667,22635,24836,22635,15070,20945,15070,13505,14344,13505,14058,131,377,19908,16469,12854,8263,8846,20257,17725,23200,12240,17835,2246,150,20032,1,1:41
2024-25,1628389,Bam Adebayo,Bam,1610612748,MIA,Miami Heat,0022400624,2025-01-23T00:00:00,MIA @ MIL,L,28.72,6.3,15.0,0.417,0.0,2.5,0.0,1.3,2.5,0.5,7.5,10.0,17.5,3.8,1.3,0.0,0.0,2.5,3.8,1.3,13.8,-25.1,39.2,1,0,35.1,1,13222,1,13222,8902,10808,8538,14532,15070,18613,15070,12443,11192,10625,948,2560,1005,10622,14079,12854,8263,2035,7882,16118,14178,22821,8249,1,150,10027,1,28:43
2024-25,1630314,Brandon Williams,Brandon,1610612742,DAL,Dallas Mavericks,0022400625,2025-01-23T00:00:00,DAL @ OKC,W,8.068333333333333,0.0,8.9,0.0,0.0,0.0,0.0,8.9,8.9,1.0,0.0,13.4,13.4,13.4,8.9,0.0,0.0,0.0,8.9,4.5,8.9,-17.8,36.1,0,0,35.7,1,1,13086,1,22790,22635,18838,22635,15070,20945,15070,1030,1913,1,14058,903,2556,464,434,12854,8263,8846,993,5226,19163,20884,10272,2246,150,9585,1,8:04
2024-25,1641731,Bilal Coulibaly,Bilal,1610612764,WAS,Washington Wizards,0022400983,2025-01-23T00:00:00,WAS @ LAC,L,33.60166666666667,5.4,13.9,0.385,1.1,7.5,0.143,4.3,6.4,0.667,2.1,3.2,5.4,1.1,3.2,3.2,0.0,1.1,3.2,4.3,16.1,-9.6,30.5,0,0,30.0,1,13222,1,13222,4640,13380,10288,16070,14118,7411,14649,5189,3973,9425,7789,16043,13903,19442,5784,2710,8263,7298,9807,5633,11851,17735,14408,2246,150,13956,1,33:36
2024-25,1641710,Anthony Black,Anthony,1610612753,ORL,Orlando Magic,0022400622,2025-01-23T00:00:00,ORL vs. POR,L,31.066666666666666,5.8,12.7,0.455,1.2,1.2,1.0,1.2,2.3,0.5,0.0,3.5,3.5,5.8,1.2,1.2,0.0,2.3,2.3,1.2,13.9,-9.3,29.1,0,0,26.7,1,13222,1,13222,6822,12127,12301,12676,13601,20673,1,12726,11725,10625,14058,15302,18604,5868,14735,10510,8263,2391,13567,16604,14038,17562,15426,2246,150,16433,1,31:04
2024-25,1630703,Scoot Henderson,Scoot,1610612757,POR,Portland Trail Blazers,0022400622,2025-01-23T00:00:00,POR @ ORL,W,13.833333333333334,5.2,10.4,0.5,0.0,2.6,0.0,0.0,0.0,0.0,0.0,0.0,0.0,5.2,2.6,2.6,0.0,0.0,15.6,2.6,10.4,-5.2,23.4,0,0,20.8,1,1,13086,1,20282,13803,16365,8526,15070,18450,15070,13505,14344,13505,14058,22137,23286,7021,7871,4136,8263,8846,222,10637,17744,15703,19299,2246,150,20391,1,13:50
2024-25,1629655,Daniel Gafford,Daniel,1610612742,DAL,Dallas Mavericks,0022400625,2025-01-23T00:00:00,DAL @ OKC,W,23.05666666666667,7.8,9.4,0.833,0.0,0.0,0.0,3.1,3.1,1.0,3.1,4.7,7.8,3.1,4.7,1.6,1.6,0.0,7.8,4.7,18.7,1.6,37.5,0,0,35.9,1,1,13086,1,13677,7050,18170,1514,15070,20945,15070,7488,9663,1,5091,11758,8604,12549,2743,8149,4669,8846,1452,4750,9098,11846,9362,2246,150,9441,1,23:03
2024-25,1628976,Wendell Carter Jr.,Wendell,1610612753,ORL,Orlando Magic,0022400622,2025-01-23T00:00:00,ORL vs. POR,L,23.0,0.0,6.3,0.0,0.0,1.6,0.0,4.7,6.3,0.75,1.6,7.8,9.4,3.1,4.7,1.6,3.1,4.7,6.3,3.1,4.7,-20.3,30.1,0,0,26.6,1,13222,1,13222,13724,22635,22364,22635,15070,20212,15070,4517,4168,8186,10055,4973,6195,12533,2722,8126,1542,439,2641,8781,22191,21648,14757,2246,150,16459,1,23:00
2024-25,1629639,Tyler Herro,Tyler,1610612748,MIA,Miami Heat,0022400624,2025-01-23T00:00:00,MIA @ MIL,L,32.28333333333333,6.7,21.2,0.316,4.5,14.5,0.308,5.6,5.6,1.0,1.1,2.2,3.3,10.0,1.1,0.0,0.0,1.1,1.1,4.5,23.4,-17.8,41.4,0,0,41.3,1,13222,1,13222,5753,9705,2212,19148,3127,802,11292,3337,5077,1,12356,18977,18877,1414,15027,12854,8263,6911,19010,5227,5189,20882,6946,2246,150,6042,1,32:17
2024-25,1641716,Jarace Walker,Jarace,1610612754,IND,Indiana Pacers,0022400621,2025-01-23T00:00:00,IND @ SAS,L,11.966666666666667,3.0,15.0,0.2,0.0,9.0,0.0,0.0,0.0,0.0,0.0,0.0,0.0,9.0,6.0,3.0,0.0,0.0,3.0,0.0,6.0,-42.1,22.6,0,0,21.1,1,13222,1,13222,21302,19395,8538,21401,15070,4781,15070,13505,14344,13505,14058,22137,23286,1999,1365,3123,8263,8846,10676,17725,21375,24988,19840,2246,150,20247,1,11:58
2024-25,1629611,Terance Mann,Terance,1610612746,LAC,LA Clippers,0022400983,2025-01-23T00:00:00,LAC vs. WAS,W,18.60333333333333,0.0,5.8,0.0,0.0,1.9,0.0,0.0,0.0,0.0,0.0,7.7,7.7,9.7,0.0,1.9,0.0,0.0,5.8,0.0,0.0,9.7,29.6,0,0,21.3,1,1,13086,1,17105,22635,22808,22635,15070,19673,15070,13505,14344,13505,14058,5099,8744,1599,16469,6593,8263,8846,3216,17725,23200,7851,15076,2246,150,20105,1,18:36
2024-25,1630249,Vít Krejčí,Vít,1610612737,ATL,Atlanta Hawks,0022400623,2025-01-23T00:00:00,ATL vs. TOR,L,24.633333333333333,7.3,14.6,0.5,4.4,10.2,0.429,0.0,0.0,0.0,0.0,2.9,2.9,2.9,0.0,2.9,0.0,1.5,2.9,0.0,19.0,-2.9,35.7,0,0,35.1,1,13222,1,13222,12343,8210,9178,8526,3259,3234,7394,13505,14344,13505,14058,16999,19930,13192,16469,3338,8263,4928,11073,17725,8860,14530,10611,2246,150,10042,1,24:38
2024-25,1630699,MarJon Beauchamp,MarJon,1610612749,MIL,Milwaukee Bucks,0022400624,2025-01-23T00:00:00,MIL vs. MIA,W,3.95,0.0,9.1,0.0,0.0,9.1,0.0,0.0,0.0,0.0,0.0,18.2,18.2,9.1,0.0,0.0,0.0,0.0,0.0,0.0,0.0,27.3,35.5,0,0,27.3,1,1,13086,1,24514,22635,18542,22635,15070,4644,15070,13505,14344,13505,14058,242,842,1931,16469,12854,8263,8846,20257,17725,23200,2364,10696,2246,150,15905,1,3:57
2024-25,1630170,Devin Vassell,Devin,1610612759,SAS,San Antonio Spurs,0022400621,2025-01-23T00:00:00,SAS @ IND,W,30.783333333333335,10.5,15.2,0.692,5.8,7.0,0.833,2.3,2.3,1.0,0.0,3.5,3.5,4.7,2.3,2.3,2.3,0.0,2.3,1.2,29.2,26.9,52.2,0,0,52.6,1,1,13086,1,7055,2691,8253,3171,1434,8428,1341,9493,11666,1,14058,15212,18531,8237,8905,4902,2667,8846,13486,16554,2364,2449,2675,2246,150,1899,1,30:47
2024-25,1627783,Pascal Siakam,Pascal,1610612754,IND,Indiana Pacers,0022400621,2025-01-23T00:00:00,IND @ SAS,L,28.166666666666668,8.9,12.8,0.7,2.6,2.6,1.0,2.6,5.1,0.5,1.3,3.8,5.1,7.7,2.6,0.0,1.3,1.3,1.3,5.1,23.0,-24.3,41.9,0,0,40.9,1,13222,1,13222,9408,4819,12246,3045,7952,18525,1,8906,5733,10625,11310,14219,14485,3212,8024,12854,5746,5764,18133,3900,5469,22640,6659,2246,150,6269,1,28:10
2024-25,1630200,Tre Jones,Tre,1610612759,SAS,San Antonio Spurs,0022400621,2025-01-23T00:00:00,SAS @ IND,W,17.95,10.0,12.0,0.833,2.0,2.0,1.0,0.0,0.0,0.0,2.0,6.0,8.0,16.0,4.0,2.0,2.0,0.0,4.0,0.0,22.1,28.1,63.8,0,0,56.2,1,1,13086,1,17593,3193,13530,1514,10134,19548,1,13505,14344,13505,8361,8287,8231,212,3865,6228,3473,8846,7106,17725,6160,2255,812,2246,150,1278,1,17:57
2024-25,1642382,Branden Carlson,Branden,1610612760,OKC,Oklahoma City Thunder,0022400625,2025-01-23T00:00:00,OKC vs. DAL,L,3.515,10.2,10.2,1.0,10.2,10.2,1.0,0.0,0.0,0.0,0.0,0.0,0.0,0.0,0.0,0.0,0.0,0.0,30.7,0.0,30.7,61.5,30.7,0,0,41.0,1,13222,1,13222,24702,2977,16660,1,201,3218,1,13505,14344,13505,14058,22137,23286,19908,16469,12854,8263,8846,38,17725,1854,334,14259,2246,150,6221,1,3:31
2024-25,1630541,Moses Moody,Moses,1610612744,GSW,Golden State Warriors,0022400628,2025-01-23T00:00:00,GSW vs. CHI,W,25.216666666666665,8.6,14.3,0.6,5.7,10.0,0.571,0.0,0.0,0.0,1.4,2.9,4.3,5.7,0.0,0.0,5.7,0.0,2.9,0.0,22.8,47.1,53.7,0,0,50.0,1,1,13086,1,11820,5495,9731,5394,1551,3482,3506,13505,14344,13505,10639,17224,16581,6023,16469,12854,362,8846,11384,17725,5603,634,2279,2246,150,2540,1,25:13
2024-25,1641705,Victor Wembanyama,Victor,1610612759,SAS,San Antonio Spurs,0022400621,2025-01-23T00:00:00,SAS @ IND,W,32.416666666666664,14.4,23.3,0.619,4.4,12.2,0.364,0.0,0.0,0.0,1.1,11.1,12.2,6.7,4.4,1.1,5.6,0.0,0.0,3.3,33.3,20.0,73.5,1,0,70.0,1,1,13086,1,5623,594,1274,5227,3166,1662,9100,13505,14344,13505,12391,1850,3336,4481,3091,10936,384,8846,20257,8153,1263,3952,322,1,150,325,1,32:25
2024-25,201935,James Harden,James,1610612746,LAC,LA Clippers,0022400983,2025-01-23T00:00:00,LAC vs. WAS,W,32.45,3.3,10.0,0.333,1.1,5.5,0.2,11.1,11.1,1.0,1.1,12.2,13.3,14.4,6.7,1.1,1.1,0.0,3.3,8.9,18.9,13.3,56.5,1,1,52.1,1,1,13086,1,5597,18687,17082,17395,13889,11854,13429,468,997,1,12395,1270,2595,341,1053,10943,6728,8846,9346,700,8982,6254,1735,1,1,2005,1,32:27
2024-25,203084,Harrison Barnes,Harrison,1610612759,SAS,San Antonio Spurs,0022400621,2025-01-23T00:00:00,SAS @ IND,W,26.016666666666666,12.5,13.8,0.9,2.8,2.8,1.0,0.0,0.0,0.0,5.5,4.2,9.7,4.2,0.0,2.8,0.0,1.4,2.8,0.0,27.7,34.6,53.8,0,0,49.8,1,1,13086,1,11148,1272,10442,1303,7329,18125,1,13505,14344,13505,1928,13267,5818,9522,16469,3761,8263,5245,11775,17725,2903,1436,2244,2246,150,2586,1,26:01
2024-25,1628964,Mo Bamba,Mo,1610612746,LAC,LA Clippers,0022400983,2025-01-23T00:00:00,LAC vs. WAS,W,15.47,9.3,14.0,0.667,7.0,7.0,1.0,4.7,4.7,1.0,4.7,9.3,14.0,2.3,4.7,0.0,11.6,0.0,9.3,2.3,30.3,18.6,80.7,0,0,76.8,1,1,13086,1,19268,4191,10227,3281,775,8497,1,4591,6571,1,2743,3197,2257,15132,2779,12854,46,8846,871,11643,2004,4379,184,2246,150,203,1,15:28
2024-25,1628971,Bruce Brown,Bruce,1610612761,TOR,Toronto Raptors,0022400623,2025-01-23T00:00:00,TOR @ ATL,W,19.528333333333332,14.7,22.1,0.667,1.8,5.5,0.333,1.8,1.8,1.0,0.0,9.2,9.2,7.4,3.7,1.8,0.0,1.8,3.7,3.7,33.2,-14.7,57.1,0,0,55.3,1,1,13086,1,16397,541,1765,3281,10905,11889,9209,11135,13122,1,14058,3286,6418,3540,4578,7062,8263,3760,8134,7163,1288,19805,1607,2246,150,1415,1,19:32
2024-25,203081,Damian Lillard,Damian,1610612749,MIL,Milwaukee Bucks,0022400624,2025-01-23T00:00:00,MIL vs. MIA,W,35.5,9.1,21.3,0.429,5.1,14.2,0.357,6.1,6.1,1.0,1.0,9.1,10.1,11.2,1.0,2.0,0.0,1.0,1.0,8.1,29.4,16.2,63.4,1,1,59.8,1,1,13086,1,3067,4491,2159,13735,2190,873,9188,2788,4366,1,13140,3379,5280,948,15756,6119,8263,7785,19616,961,2296,5173,849,1,1,842,1,35:30
2024-25,203076,Anthony Davis,Anthony,1610612747,LAL,Los Angeles Lakers,0022400629,2025-01-23T00:00:00,LAL vs. BOS,W,30.533333333333335,10.6,21.2,0.5,0.0,1.2,0.0,7.1,7.1,1.0,2.4,7.1,9.4,3.5,1.2,1.2,3.5,2.4,1.2,5.9,28.3,17.7,57.9,0,0,50.7,1,1,13086,1,7291,2607,2195,8526,15070,20652,15070,1967,3298,1,7060,6220,6139,11281,14589,10355,1199,2316,18660,2750,2671,4675,1487,2246,150,2341,1,30:32
2024-25,1631114,Jalen Williams,Jalen,1610612760,OKC,Oklahoma City Thunder,0022400625,2025-01-23T00:00:00,OKC vs. DAL,L,39.96666666666667,9.9,17.1,0.579,3.6,7.2,0.5,6.3,9.0,0.7,0.9,2.7,3.6,6.3,2.7,3.6,0.9,0.0,2.7,7.2,29.7,-9.9,54.3,0,0,52.2,1,13222,1,13222,567,3317,5682,6486,4920,8036,3944,2588,1861,9366,13905,17694,18315,5009,7531,2091,8084,8846,12037,1508,2186,17852,2136,2246,150,1985,1,39:58
2024-25,1629003,Shake Milton,Shake,1610612747,LAL,Los Angeles Lakers,0022400629,2025-01-23T00:00:00,LAL vs. BOS,W,3.433333333333333,0.0,0.0,0.0,0.0,0.0,0.0,21.0,21.0,1.0,0.0,0.0,0.0,31.5,10.5,0.0,0.0,0.0,0.0,10.5,21.0,-52.4,57.7,0,0,52.4,1,1,13086,1,24743,22635,24836,22635,15070,20945,15070,67,123,1,14058,22137,23286,15,294,12854,8263,8846,20257,335,7101,25483,1524,2246,150,1938,1,3:26
2024-25,1641871,Duop Reath,Duop,1610612757,POR,Portland Trail Blazers,0022400622,2025-01-23T00:00:00,POR @ ORL,W,1.9666666666666666,18.3,18.3,1.0,0.0,0.0,0.0,0.0,0.0,0.0,0.0,18.3,18.3,0.0,0.0,0.0,0.0,0.0,0.0,0.0,36.6,36.6,58.6,0,0,54.9,1,1,13086,1,25476,197,4363,1,15070,20945,15070,13505,14344,13505,14058,234,829,19908,16469,12854,8263,8846,20257,17725,739,1229,1398,2246,150,1469,1,1:58
2024-25,203926,Doug McDermott,Doug,1610612758,SAC,Sacramento Kings,0022400626,2025-01-23T00:00:00,SAC @ DEN,L,10.981666666666667,16.4,22.9,0.714,16.4,19.7,0.833,0.0,0.0,0.0,0.0,0.0,0.0,0.0,3.3,0.0,0.0,3.3,6.6,0.0,49.2,65.6,45.9,0,0,65.6,1,13222,1,13222,21720,328,1406,2752,53,253,1341,13505,14344,13505,14058,22137,23286,19908,5567,12854,8263,1079,2362,17725,166,276,4782,2246,150,456,1,10:59
2024-25,1642261,Dalton Knecht,Dalton,1610612747,LAL,Los Angeles Lakers,0022400629,2025-01-23T00:00:00,LAL vs. BOS,W,13.6,13.2,18.5,0.714,7.9,10.6,0.75,0.0,0.0,0.0,0.0,10.6,10.6,0.0,0.0,0.0,0.0,0.0,5.3,0.0,34.4,7.9,47.1,0,0,52.9,1,1,13086,1,20422,938,4190,2752,472,2884,1542,13505,14344,13505,14058,2157,4823,19908,16469,12854,8263,8846,4028,17725,1055,8663,4276,2246,150,1815,1,13:36
2024-25,1629023,P.J. Washington,P.J.,1610612742,DAL,Dallas Mavericks,0022400625,2025-01-23T00:00:00,DAL @ OKC,W,40.545,5.3,14.2,0.375,1.8,4.4,0.4,7.1,8.9,0.8,1.8,15.1,16.9,2.7,4.4,2.7,1.8,2.7,4.4,6.2,19.5,13.3,52.7,1,0,49.7,1,1,13086,1,447,13475,9824,16299,11166,14600,7874,1938,1934,7681,9333,554,1152,14006,3093,3985,4112,1790,5921,2377,8329,6252,2547,1,150,2608,1,40:33
2024-25,1631098,Johnny Davis,Johnny,1610612764,WAS,Washington Wizards,0022400983,2025-01-23T00:00:00,WAS @ LAC,L,1.6833333333333333,21.4,42.8,0.5,0.0,0.0,0.0,0.0,0.0,0.0,21.4,0.0,21.4,0.0,0.0,0.0,0.0,0.0,0.0,0.0,42.8,0.0,68.4,0,0,64.2,1,13222,1,13222,25667,113,64,8526,15070,20945,15070,13505,14344,13505,45,22137,377,19908,16469,12854,8263,8846,20257,17725,325,12240,499,2246,150,515,1,1:41
2024-25,1631097,Bennedict Mathurin,Bennedict,1610612754,IND,Indiana Pacers,0022400621,2025-01-23T00:00:00,IND @ SAS,L,24.516666666666666,16.2,20.6,0.786,2.9,7.3,0.4,0.0,0.0,0.0,2.9,1.5,4.4,0.0,2.9,2.9,1.5,0.0,1.5,0.0,35.2,-14.7,50.8,0,0,51.4,1,13222,1,13222,12460,346,2610,1975,6736,7738,7874,13505,14344,13505,5492,20947,16273,19908,6693,3305,4966,8846,17354,17725,929,19780,3045,2246,150,2179,1,24:31
2024-25,203999,Nikola Jokić,Nikola,1610612743,DEN,Denver Nuggets,0022400626,2025-01-23T00:00:00,DEN vs. SAC,W,37.38333333333333,11.6,18.3,0.632,1.9,2.9,0.667,8.7,9.6,0.9,2.9,18.3,21.2,16.4,1.0,1.0,1.9,1.0,4.8,5.8,33.7,10.6,91.4,1,1,79.0,1,1,13086,1,1750,1835,4378,4871,10521,17882,1957,1122,1534,6805,5614,238,399,187,16068,12254,3691,8238,5022,2929,1184,7422,93,1,1,174,1,37:23
2024-25,203507,Giannis Antetokounmpo,Giannis,1610612749,MIL,Milwaukee Bucks,0022400624,2025-01-23T00:00:00,MIL vs. MIA,W,31.933333333333334,11.3,20.3,0.556,0.0,0.0,0.0,5.6,11.3,0.5,2.3,11.3,13.5,4.5,1.1,0.0,3.4,0.0,2.3,7.9,28.2,21.4,60.2,1,0,53.0,1,1,13086,1,6032,2031,2770,7248,15070,20945,15070,3265,958,10625,7395,1767,2476,8629,14957,12854,1324,8846,13851,1075,2714,3588,1171,1,150,1807,1,31:56
2024-25,1630625,Dalano Banton,Dalano,1610612757,POR,Portland Trail Blazers,0022400622,2025-01-23T00:00:00,POR @ ORL,W,13.2,10.9,24.5,0.444,5.5,10.9,0.5,0.0,0.0,0.0,0.0,0.0,0.0,8.2,2.7,2.7,5.5,2.7,0.0,0.0,27.3,16.4,61.4,0,0,57.3,1,1,13086,1,20652,2341,913,13045,1779,2579,3944,13505,14344,13505,14058,22137,23286,2717,7446,3853,406,1700,20257,17725,3076,5119,1038,2246,150,1134,1,13:12
2024-25,1629674,Neemias Queta,Neemias,1610612738,BOS,Boston Celtics,0022400629,2025-01-23T00:00:00,BOS @ LAL,L,8.883333333333333,8.1,12.2,0.667,0.0,0.0,0.0,8.1,8.1,1.0,4.1,0.0,4.1,12.2,0.0,8.1,4.1,0.0,0.0,4.1,24.3,16.2,83.9,0,0,64.8,1,13222,1,13222,22498,6397,13318,3281,15070,20945,15070,1355,2441,1,3521,22137,17178,685,16469,203,889,8846,20257,6161,4603,5179,148,2246,150,482,1,8:53
2024-25,203482,Kelly Olynyk,Kelly,1610612761,TOR,Toronto Raptors,0022400623,2025-01-23T00:00:00,TOR @ ATL,W,13.733333333333333,7.9,10.5,0.75,2.6,5.2,0.5,10.5,10.5,1.0,0.0,10.5,10.5,13.1,2.6,2.6,0.0,0.0,2.6,5.2,28.8,5.2,66.3,0,0,60.3,1,1,13086,1,20341,6924,16237,2107,7761,12606,3944,568,1193,1,14058,2239,4918,508,7796,4091,8263,8846,12354,3711,2471,9982,611,2246,150,801,1,13:44
2024-25,1630572,Sandro Mamukelashvili,Sandro,1610612759,SAS,San Antonio Spurs,0022400621,2025-01-23T00:00:00,SAS @ IND,W,11.283333333333333,9.6,19.1,0.5,0.0,3.2,0.0,0.0,0.0,0.0,6.4,9.6,16.0,9.6,0.0,3.2,3.2,0.0,3.2,0.0,19.1,6.4,71.8,0,0,57.4,1,1,13086,1,21589,3771,3628,8526,15070,17284,15070,13505,14344,13505,1430,2945,1444,1662,16469,2761,1489,8846,9898,17725,8699,9430,378,2246,150,1112,1,11:17
2024-25,1627751,Jakob Poeltl,Jakob,1610612761,TOR,Toronto Raptors,0022400623,2025-01-23T00:00:00,TOR @ ATL,W,28.133333333333333,9.0,12.8,0.7,0.0,0.0,0.0,3.8,3.8,1.0,3.8,7.7,11.5,6.4,3.8,2.6,2.6,0.0,6.4,3.8,21.8,7.7,56.7,0,0,49.9,1,1,13086,1,9432,4796,12216,3045,15070,20945,15070,6002,8160,1,3823,5195,3929,4856,4207,4231,2276,8846,2490,6745,6422,8784,1693,2246,150,2562,1,28:08
2024-25,1641890,Tyler Smith,Tyler,1610612749,MIL,Milwaukee Bucks,0022400624,2025-01-23T00:00:00,MIL vs. MIA,W,3.95,18.2,27.3,0.667,18.2,18.2,1.0,0.0,0.0,0.0,9.1,9.1,18.2,0.0,0.0,0.0,0.0,0.0,9.1,0.0,54.7,27.3,76.6,0,0,91.1,1,1,13086,1,24514,205,459,3281,41,319,1,13505,14344,13505,528,3392,842,19908,16469,12854,8263,8846,927,17725,112,2364,266,2246,150,88,1,3:57
2024-25,1627884,Derrick Jones Jr.,Derrick,1610612746,LAC,LA Clippers,0022400983,2025-01-23T00:00:00,LAC vs. WAS,W,25.483333333333334,9.9,14.1,0.7,4.2,7.1,0.6,2.8,2.8,1.0,2.8,8.5,11.3,0.0,0.0,2.8,1.4,0.0,2.8,1.4,26.8,18.4,53.1,0,0,50.9,1,1,13086,1,11598,3348,9957,3045,3504,8323,2992,8274,10417,1,5790,4077,4139,19908,16469,3616,5175,8846,11524,15394,3274,4444,2413,2246,150,2302,1,25:29
2024-25,1628975,Jevon Carter,Jevon,1610612741,CHI,Chicago Bulls,0022400628,2025-01-23T00:00:00,CHI @ GSW,L,5.616666666666666,19.2,44.9,0.429,19.2,38.5,0.5,0.0,0.0,0.0,0.0,6.4,6.4,0.0,0.0,0.0,0.0,0.0,6.4,0.0,57.7,6.4,65.4,0,0,83.3,1,13222,1,13222,23734,165,49,13735,34,21,3944,13505,14344,13505,14058,7486,11368,19908,16469,12854,8263,8846,2476,17725,97,9416,677,2246,150,128,1,5:37
2024-25,1630700,Dyson Daniels,Dyson,1610612737,ATL,Atlanta Hawks,0022400623,2025-01-23T00:00:00,ATL vs. TOR,L,36.7,7.8,13.7,0.571,2.0,3.9,0.5,3.9,4.9,0.8,3.9,3.9,7.8,4.9,2.0,3.9,0.0,0.0,1.0,6.9,21.6,2.0,48.2,0,0,44.1,1,13222,1,13222,2195,6965,10596,6538,10339,15728,3944,5837,6107,7681,3692,13957,8551,7679,10713,1714,8263,8846,19807,1770,6566,11643,3925,2246,150,4621,1,36:42
2024-25,1631110,Jeremy Sochan,Jeremy,1610612759,SAS,San Antonio Spurs,0022400621,2025-01-23T00:00:00,SAS @ IND,W,17.75,12.2,18.3,0.667,2.0,2.0,1.0,0.0,0.0,0.0,6.1,12.2,18.3,6.1,2.0,0.0,0.0,0.0,0.0,0.0,26.4,24.3,55.4,0,0,52.7,1,1,13086,1,17741,1418,4403,3281,10023,19504,1,13505,14344,13505,1572,1280,837,5342,10378,12854,8263,8846,20257,17725,3498,2957,1914,2246,150,1869,1,17:45
2024-25,1642366,Quinten Post,Quinten,1610612744,GSW,Golden State Warriors,0022400628,2025-01-23T00:00:00,GSW vs. CHI,W,19.733333333333334,12.8,21.9,0.583,9.1,18.2,0.5,1.8,1.8,1.0,1.8,7.3,9.1,5.5,1.8,0.0,0.0,0.0,7.3,5.5,36.5,23.7,53.8,0,0,60.2,1,1,13086,1,16233,1124,1869,6296,285,318,3944,11185,13162,1,9157,5827,6554,6485,11439,12854,8263,8846,1771,3376,757,3098,2248,2246,150,809,1,19:44
2024-25,1630531,Jaden Springer,Jaden,1610612738,BOS,Boston Celtics,0022400629,2025-01-23T00:00:00,BOS @ LAL,L,8.883333333333333,16.2,20.3,0.8,8.1,8.1,1.0,0.0,0.0,0.0,0.0,8.1,8.1,4.1,0.0,0.0,0.0,0.0,0.0,0.0,40.5,16.2,56.3,0,0,60.8,1,13222,1,13222,22498,342,2794,1688,431,6273,1,13505,14344,13505,14058,4556,8085,9795,16469,12854,8263,8846,20257,17725,417,5179,1756,2246,150,755,1,8:53
2024-25,201939,Stephen Curry,Stephen,1610612744,GSW,Golden State Warriors,0022400628,2025-01-23T00:00:00,GSW vs. CHI,W,30.785,9.4,22.2,0.421,5.8,14.0,0.417,0.0,0.0,0.0,1.2,3.5,4.7,8.2,3.5,0.0,0.0,0.0,0.0,3.5,24.6,4.7,38.9,0,0,43.3,1,1,13086,1,7053,4111,1727,14442,1435,913,7826,13505,14344,13505,12001,15216,15623,2713,4995,12854,8263,8846,20257,7642,4452,10297,8453,2246,150,5010,1,30:47
2024-25,1629645,Kevin Porter Jr.,Kevin,1610612746,LAC,LA Clippers,0022400983,2025-01-23T00:00:00,LAC vs. WAS,W,12.416666666666666,0.0,8.7,0.0,0.0,0.0,0.0,0.0,0.0,0.0,0.0,2.9,2.9,2.9,2.9,2.9,0.0,0.0,2.9,8.7,0.0,23.2,13.6,0,0,11.6,1,1,13086,1,21035,22635,19193,22635,15070,20945,15070,13505,14344,13505,14058,17087,19997,13276,6845,3411,8263,8846,11190,755,23200,3224,23598,2246,150,24081,1,12:25
2024-25,1642347,Jamal Shead,Jamal,1610612761,TOR,Toronto Raptors,0022400623,2025-01-23T00:00:00,TOR @ ATL,W,16.85,2.1,8.5,0.25,0.0,2.1,0.0,0.0,0.0,0.0,0.0,4.3,4.3,4.3,0.0,0.0,0.0,0.0,4.3,2.1,4.3,-29.9,15.8,0,0,12.8,1,1,13086,1,18354,21168,19423,20233,15070,19298,15070,13505,14344,13505,14058,12885,16604,9198,16469,12854,8263,8846,6364,12453,22426,23719,22923,2246,150,23771,1,16:51
2024-25,1631119,Jaylin Williams,Jaylin,1610612760,OKC,Oklahoma City Thunder,0022400625,2025-01-23T00:00:00,OKC vs. DAL,L,26.001666666666665,5.5,11.1,0.5,4.2,5.5,0.75,1.4,1.4,1.0,0.0,8.3,8.3,2.8,2.8,0.0,1.4,1.4,2.8,5.5,16.6,-8.3,32.1,0,0,34.6,1,13222,1,13222,11158,12891,15245,8526,3669,11878,1542,12057,13610,1,14058,4280,7766,13696,7325,12854,5300,5243,11772,3288,11270,17098,13241,2246,150,10360,1,26:00
2024-25,1641767,Ben Sheppard,Ben,1610612754,IND,Indiana Pacers,0022400621,2025-01-23T00:00:00,IND @ SAS,L,18.616666666666667,1.9,11.6,0.167,0.0,7.7,0.0,0.0,0.0,0.0,0.0,3.9,3.9,0.0,0.0,1.9,0.0,1.9,1.9,0.0,3.9,-27.1,14.3,0,0,11.6,1,13222,1,13222,17095,21528,14301,21938,15070,6926,15070,13505,14344,13505,14058,14132,17660,19908,16469,6599,8263,3440,15494,17725,22621,23256,23400,2246,150,24080,1,18:37
2024-25,201566,Russell Westbrook,Russell,1610612743,DEN,Denver Nuggets,0022400626,2025-01-23T00:00:00,DEN vs. SAC,W,31.616666666666667,8.0,11.4,0.7,2.3,4.6,0.5,2.3,6.8,0.333,1.1,4.6,5.7,3.4,3.4,1.1,0.0,0.0,1.1,4.6,20.5,2.3,32.5,0,0,34.2,1,1,13086,1,6321,6698,14687,3045,8938,14313,3944,9700,3538,13132,12197,12114,13040,11642,5196,10688,8263,8846,18868,5036,7500,11474,12985,2246,150,10730,1,31:37
2024-25,1641763,Julian Phillips,Julian,1610612741,CHI,Chicago Bulls,0022400628,2025-01-23T00:00:00,CHI @ GSW,L,14.133333333333333,2.5,5.1,0.5,0.0,0.0,0.0,2.5,2.5,1.0,0.0,5.1,5.1,0.0,0.0,0.0,0.0,0.0,2.5,2.5,7.6,-40.8,13.8,0,0,12.7,1,13222,1,13222,20122,20373,23392,8526,15070,20945,15070,8923,11089,1,14058,10585,14535,19908,16469,12854,8263,8846,12609,10811,20205,24898,23561,2246,150,23793,1,14:08
2024-25,1630558,Davion Mitchell,Davion,1610612761,TOR,Toronto Raptors,0022400623,2025-01-23T00:00:00,TOR @ ATL,W,31.15,1.2,3.5,0.333,0.0,0.0,0.0,0.0,0.0,0.0,0.0,1.2,1.2,8.1,2.3,0.0,0.0,1.2,5.8,2.3,2.3,19.6,13.5,0,0,11.6,1,1,13086,1,6744,22535,24323,17395,15070,20945,15070,13505,14344,13505,14058,21615,22999,2792,9022,12854,8263,6591,3257,11701,23111,4054,23626,2246,150,24096,1,31:09
2024-25,1629637,Jaxson Hayes,Jaxson,1610612747,LAL,Los Angeles Lakers,0022400629,2025-01-23T00:00:00,LAL vs. BOS,W,14.483333333333333,5.0,9.9,0.5,0.0,0.0,0.0,2.5,5.0,0.5,2.5,17.4,19.9,2.5,0.0,0.0,0.0,0.0,0.0,2.5,12.4,34.8,40.0,0,0,34.8,1,1,13086,1,19887,14478,17165,8526,15070,20945,15070,9092,5985,10625,6657,301,554,14591,16469,12854,8263,8846,20257,11043,15679,1412,7751,2246,150,10228,1,14:29
2024-25,1641765,Olivier-Maxence Prosper,Olivier-Maxence,1610612742,DAL,Dallas Mavericks,0022400625,2025-01-23T00:00:00,DAL @ OKC,W,21.1,6.8,10.2,0.667,1.7,3.4,0.5,8.5,15.4,0.556,3.4,1.7,5.1,0.0,1.7,1.7,0.0,1.7,0.0,8.5,23.9,-13.6,33.4,0,0,34.1,1,1,13086,1,15227,9359,16676,3281,11382,16844,3944,1170,329,10597,4514,20446,14465,19908,11890,7582,8263,4130,20257,816,4886,19365,12229,2246,150,10756,1,21:06
2024-25,1631099,Keegan Murray,Keegan,1610612758,SAC,Sacramento Kings,0022400626,2025-01-23T00:00:00,SAC @ DEN,L,29.956666666666667,4.8,12.0,0.4,3.6,6.0,0.6,0.0,0.0,0.0,6.0,4.8,10.8,2.4,2.4,1.2,1.2,1.2,2.4,0.0,13.2,-2.4,34.6,0,0,34.9,1,13222,1,13222,7824,14924,13558,14933,4915,10669,2992,13505,14344,13505,1609,11413,4580,14871,8643,10161,6163,6250,13193,17725,14849,14262,11364,2246,150,10192,1,29:57
2024-25,1631207,Dalen Terry,Dalen,1610612741,CHI,Chicago Bulls,0022400628,2025-01-23T00:00:00,CHI @ GSW,L,11.366666666666667,3.2,9.5,0.333,0.0,3.2,0.0,0.0,0.0,0.0,0.0,0.0,0.0,6.3,0.0,0.0,0.0,0.0,3.2,0.0,6.3,-19.0,15.8,0,0,12.7,1,13222,1,13222,21548,19062,17945,17395,15070,17327,15070,13505,14344,13505,14058,22137,23286,4968,16469,12854,8263,8846,10007,17725,21161,21239,22916,2246,150,23816,1,11:22
2024-25,1641775,Jordan Walsh,Jordan,1610612738,BOS,Boston Celtics,0022400629,2025-01-23T00:00:00,BOS @ LAL,L,7.533333333333333,0.0,0.0,0.0,0.0,0.0,0.0,0.0,0.0,0.0,0.0,0.0,0.0,0.0,0.0,0.0,0.0,0.0,4.8,0.0,0.0,0.0,0.0,0,0,0.0,1,13222,1,13222,22982,22635,24836,22635,15070,20945,15070,13505,14344,13505,14058,22137,23286,19908,16469,12854,8263,8846,5111,17725,23200,12240,25228,2246,150,25259,1,7:32
2024-25,1631121,Bryce McGowens,Bryce,1610612757,POR,Portland Trail Blazers,0022400622,2025-01-23T00:00:00,POR @ ORL,W,1.9666666666666666,0.0,0.0,0.0,0.0,0.0,0.0,0.0,0.0,0.0,0.0,0.0,0.0,0.0,18.3,0.0,0.0,0.0,18.3,0.0,0.0,36.6,-18.3,0,0,0.0,1,1,13086,1,25476,22635,24836,22635,15070,20945,15070,13505,14344,13505,14058,22137,23286,19908,71,12854,8263,8846,143,17725,23200,1229,26272,2246,150,25259,1,1:58
2024-25,1630311,Pat Spencer,Pat,1610612744,GSW,Golden State Warriors,0022400628,2025-01-23T00:00:00,GSW vs. CHI,W,3.05,0.0,23.6,0.0,0.0,0.0,0.0,0.0,0.0,0.0,11.8,0.0,11.8,0.0,0.0,0.0,0.0,0.0,0.0,0.0,0.0,-59.0,14.2,0,0,11.8,1,1,13086,1,24957,22635,1186,22635,15070,20945,15070,13505,14344,13505,252,22137,3657,19908,16469,12854,8263,8846,20257,17725,23200,25660,23443,2246,150,24028,1,3:03
2024-25,1642276,Kel'el Ware,Kel'el,1610612748,MIA,Miami Heat,0022400624,2025-01-23T00:00:00,MIA @ MIL,L,35.43,9.1,15.2,0.6,2.0,7.1,0.286,2.0,2.0,1.0,1.0,9.1,10.2,0.0,4.1,1.0,2.0,1.0,1.0,1.0,22.4,-12.2,39.6,1,0,40.6,1,13222,1,13222,3131,4450,8190,5394,10001,8230,11433,10523,12624,1,13127,3365,5268,19908,3754,11802,3391,7762,19602,17328,5960,18810,8005,1,150,6417,1,35:26
2024-25,1642267,Bub Carrington,Bub,1610612764,WAS,Washington Wizards,0022400983,2025-01-23T00:00:00,WAS @ LAC,L,30.685,4.7,15.3,0.308,2.3,9.4,0.25,2.3,2.3,1.0,1.2,5.9,7.0,5.9,2.3,2.3,0.0,2.3,2.3,2.3,14.1,-23.5,36.0,0,0,34.0,1,13222,1,13222,7136,15260,8176,19226,8684,4272,11902,9466,11640,1,11978,8628,10083,5734,8882,4879,8263,2342,13457,11564,13865,22456,10359,2246,150,10830,1,30:41
2024-25,1628989,Kevin Huerter,Kevin,1610612758,SAC,Sacramento Kings,0022400626,2025-01-23T00:00:00,SAC @ DEN,L,6.25,0.0,11.5,0.0,0.0,5.8,0.0,0.0,0.0,0.0,0.0,0.0,0.0,0.0,0.0,0.0,0.0,0.0,5.8,0.0,0.0,-40.3,0.0,0,0,0.0,1,13222,1,13222,23477,22635,14438,22635,15070,11296,15070,13505,14344,13505,14058,22137,23286,19908,16469,12854,8263,8846,3292,17725,23200,24862,25228,2246,150,25259,1,6:15
2024-25,1642264,Stephon Castle,Stephon,1610612759,SAS,San Antonio Spurs,0022400621,2025-01-23T00:00:00,SAS @ IND,W,23.9,4.5,13.6,0.333,1.5,4.5,0.333,3.0,3.0,1.0,0.0,0.0,0.0,4.5,7.5,0.0,0.0,1.5,1.5,1.5,13.6,18.1,12.8,0,0,19.6,1,1,13086,1,12991,15715,10905,17395,12001,14383,9209,7765,9941,1,14058,22137,23286,8604,700,12854,8263,4752,17187,14980,14430,4535,23822,2246,150,21105,1,23:54
2024-25,1629659,Talen Horton-Tucker,Talen,1610612741,CHI,Chicago Bulls,0022400628,2025-01-23T00:00:00,CHI @ GSW,L,10.616666666666667,0.0,10.2,0.0,0.0,0.0,0.0,6.8,6.8,1.0,3.4,0.0,3.4,3.4,0.0,3.4,0.0,3.4,0.0,3.4,6.8,-30.5,26.1,0,0,20.3,1,13222,1,13222,21870,22635,16776,22635,15070,20945,15070,2176,3578,1,4556,22137,18797,11702,16469,2402,8263,1002,20257,7974,20872,23820,17556,2246,150,20665,1,10:37
2024-25,1629726,Garrison Mathews,Garrison,1610612737,ATL,Atlanta Hawks,0022400623,2025-01-23T00:00:00,ATL vs. TOR,L,11.316666666666666,0.0,9.5,0.0,0.0,9.5,0.0,0.0,0.0,0.0,0.0,9.5,9.5,3.2,0.0,0.0,0.0,0.0,6.4,0.0,0.0,0.0,16.2,0,0,12.7,1,13222,1,13222,21578,22635,17866,22635,15070,4045,15070,13505,14344,13505,14058,2967,6001,12387,16469,12854,8263,8846,2529,17725,23200,12240,22765,2246,150,23796,1,11:19
2024-25,1641738,Kobe Brown,Kobe,1610612746,LAC,LA Clippers,0022400983,2025-01-23T00:00:00,LAC vs. WAS,W,3.1333333333333333,0.0,0.0,0.0,0.0,0.0,0.0,0.0,0.0,0.0,11.5,0.0,11.5,0.0,0.0,0.0,0.0,0.0,0.0,0.0,0.0,-34.5,13.8,0,0,11.5,1,1,13086,1,24922,22635,24836,22635,15070,20945,15070,13505,14344,13505,274,22137,3955,19908,16469,12854,8263,8846,20257,17725,23200,24353,23548,2246,150,24115,1,3:08
2024-25,201587,Nicolas Batum,Nicolas,1610612746,LAC,LA Clippers,0022400983,2025-01-23T00:00:00,LAC vs. WAS,W,12.216666666666667,2.9,8.8,0.333,2.9,8.8,0.333,0.0,0.0,0.0,0.0,0.0,0.0,2.9,0.0,2.9,0.0,0.0,2.9,0.0,8.8,-17.7,22.1,0,0,20.6,1,1,13086,1,21145,19537,18954,17395,6689,5040,9209,13505,14344,13505,14058,22137,23286,13099,16469,3276,8263,8846,10943,17725,19234,20834,20081,2246,150,20501,1,12:13
2024-25,1631212,Peyton Watson,Peyton,1610612743,DEN,Denver Nuggets,0022400626,2025-01-23T00:00:00,DEN vs. SAC,W,25.12,2.9,8.6,0.333,1.4,2.9,0.5,1.4,5.7,0.25,2.9,5.7,8.6,1.4,0.0,1.4,5.7,0.0,1.4,2.9,8.6,17.2,42.6,0,0,34.4,1,1,13086,1,11894,19744,19358,17395,12326,17925,3944,11946,4847,13358,5682,8963,7315,18226,16469,8744,354,8846,17505,9709,19430,4841,6333,2246,150,10531,1,25:07
2024-25,1631101,Shaedon Sharpe,Shaedon,1610612757,POR,Portland Trail Blazers,0022400622,2025-01-23T00:00:00,POR @ ORL,W,24.466666666666665,4.4,16.2,0.273,1.5,5.9,0.25,0.0,0.0,0.0,0.0,5.9,5.9,0.0,5.9,1.5,0.0,1.5,1.5,1.5,10.3,11.8,15.9,0,0,20.6,1,1,13086,1,12511,16025,6853,20048,12152,10981,11902,13505,14344,13505,14058,8575,12550,19908,1469,8524,8263,4878,17340,15119,17858,6894,22897,2246,150,20519,1,24:28
2024-25,1629629,Cam Reddish,Cam,1610612747,LAL,Los Angeles Lakers,0022400629,2025-01-23T00:00:00,LAL vs. BOS,W,3.433333333333333,0.0,0.0,0.0,0.0,0.0,0.0,0.0,0.0,0.0,0.0,0.0,0.0,0.0,0.0,0.0,0.0,0.0,0.0,0.0,0.0,-52.4,0.0,0,0,0.0,1,1,13086,1,24743,22635,24836,22635,15070,20945,15070,13505,14344,13505,14058,22137,23286,19908,16469,12854,8263,8846,20257,17725,23200,25483,25228,2246,150,25259,1,3:26
2024-25,1627741,Buddy Hield,Buddy,1610612744,GSW,Golden State Warriors,0022400628,2025-01-23T00:00:00,GSW vs. CHI,W,19.25,1.9,13.1,0.143,0.0,9.4,0.0,1.9,1.9,1.0,0.0,3.7,3.7,3.7,1.9,1.9,1.9,0.0,5.6,0.0,5.6,-3.7,25.1,0,0,20.6,1,1,13086,1,16627,21628,11682,22260,15070,4303,15070,11047,13062,1,14058,14496,17960,10681,11220,6920,3863,8846,3530,17725,21658,14914,18242,2246,150,20526,1,19:15
2024-25,1628369,Jayson Tatum,Jayson,1610612738,BOS,Boston Celtics,0022400629,2025-01-23T00:00:00,BOS @ LAL,L,29.816666666666666,6.0,14.5,0.417,2.4,7.2,0.333,4.8,8.5,0.571,0.0,7.2,7.2,6.0,2.4,1.2,1.2,0.0,1.2,4.8,19.3,-15.7,41.9,0,0,39.8,1,13222,1,13222,7950,11411,9376,14532,8435,7948,9209,4297,2228,10536,14058,5920,9665,5421,8592,10115,6122,8846,18494,4438,8538,20152,6670,2246,150,6870,1,29:49
2024-25,1628418,Thomas Bryant,Thomas,1610612754,IND,Indiana Pacers,0022400621,2025-01-23T00:00:00,IND @ SAS,L,13.616666666666667,10.6,13.2,0.8,2.6,5.3,0.5,0.0,0.0,0.0,7.9,0.0,7.9,0.0,0.0,0.0,0.0,0.0,0.0,5.3,23.8,-18.5,33.3,0,0,34.4,1,13222,1,13222,20410,2645,11450,1688,7699,12498,3944,13505,14344,13505,808,22137,8404,19908,16469,12854,8263,8846,20257,3650,4939,21069,12338,2246,150,10552,1,13:37
2024-25,1628467,Maxi Kleber,Maxi,1610612742,DAL,Dallas Mavericks,0022400625,2025-01-23T00:00:00,DAL @ OKC,W,19.46,1.8,5.5,0.333,1.8,5.5,0.333,0.0,0.0,0.0,1.8,3.7,5.5,7.4,1.8,0.0,0.0,0.0,3.7,0.0,5.5,-1.8,21.5,0,0,20.3,1,1,13086,1,16460,21664,23046,17395,10878,11846,9209,13505,14344,13505,9044,14631,13422,3512,11321,12854,8263,8846,8073,17725,21703,13947,20435,2246,150,20661,1,19:28
2024-25,1631303,Justin Minaya,Justin,1610612757,POR,Portland Trail Blazers,0022400622,2025-01-23T00:00:00,POR @ ORL,W,1.9666666666666666,0.0,0.0,0.0,0.0,0.0,0.0,0.0,0.0,0.0,0.0,0.0,0.0,0.0,0.0,0.0,0.0,0.0,0.0,0.0,0.0,36.6,0.0,0,0,0.0,1,1,13086,1,25476,22635,24836,22635,15070,20945,15070,13505,14344,13505,14058,22137,23286,19908,16469,12854,8263,8846,20257,17725,23200,1229,25228,2246,150,25259,1,1:58
2024-25,1630264,Anthony Gill,Anthony,1610612764,WAS,Washington Wizards,0022400983,2025-01-23T00:00:00,WAS @ LAC,L,1.6833333333333333,0.0,0.0,0.0,0.0,0.0,0.0,0.0,0.0,0.0,0.0,0.0,0.0,0.0,0.0,0.0,0.0,0.0,0.0,0.0,0.0,0.0,0.0,0,0,0.0,1,13222,1,13222,25667,22635,24836,22635,15070,20945,15070,13505,14344,13505,14058,22137,23286,19908,16469,12854,8263,8846,20257,17725,23200,12240,25228,2246,150,25259,1,1:41
2024-25,1629656,Quentin Grimes,Quentin,1610612742,DAL,Dallas Mavericks,0022400625,2025-01-23T00:00:00,DAL @ OKC,W,27.131666666666668,2.7,6.6,0.4,2.7,5.3,0.5,4.0,5.3,0.75,0.0,1.3,1.3,4.0,4.0,0.0,0.0,0.0,2.7,2.7,11.9,1.3,15.5,0,0,19.9,1,1,13086,1,10254,20179,21971,14933,7673,12444,3944,5725,5450,8186,14058,21235,22787,9986,3918,12854,8263,8846,12227,10462,16204,11941,23019,2246,150,20916,1,27:08
2024-25,1626181,Norman Powell,Norman,1610612746,LAC,LA Clippers,0022400983,2025-01-23T00:00:00,LAC vs. WAS,W,32.39666666666667,10.0,20.0,0.5,2.2,11.1,0.2,2.2,2.2,1.0,1.1,2.2,3.3,3.3,4.4,3.3,0.0,0.0,2.2,4.4,24.4,12.2,39.0,0,0,40.0,1,1,13086,1,5652,3220,2965,8526,9150,2404,13429,9860,12015,1,12384,19003,18905,11870,3078,2493,8263,8846,13993,5249,4524,6703,8401,2246,150,6779,1,32:24
2024-25,1630167,Obi Toppin,Obi,1610612754,IND,Indiana Pacers,0022400621,2025-01-23T00:00:00,IND @ SAS,L,19.0,7.6,13.3,0.571,5.7,9.5,0.6,3.8,3.8,1.0,0.0,5.7,5.7,3.8,0.0,0.0,0.0,0.0,0.0,1.9,24.6,-17.1,37.1,0,0,39.8,1,13222,1,13222,16826,7560,11368,6538,1571,4145,2992,6103,8275,1,14058,9077,13062,10522,16469,12854,8263,8846,20257,13539,4405,20643,9597,2246,150,6899,1,19:00
2024-25,1627936,Alex Caruso,Alex,1610612760,OKC,Oklahoma City Thunder,0022400625,2025-01-23T00:00:00,OKC vs. DAL,L,21.365,5.1,8.4,0.6,3.4,6.7,0.5,0.0,1.7,0.0,1.7,3.4,5.1,8.4,1.7,3.4,1.7,0.0,3.4,3.4,13.5,20.2,45.7,0,0,40.4,1,13222,1,13222,15027,14219,19605,5394,5453,9035,3944,13505,13309,13505,9629,15595,14657,2486,11980,2440,4330,8846,9184,8043,14530,3887,4871,2246,150,6527,1,21:22
2024-25,203992,Bogdan Bogdanović,Bogdan,1610612737,ATL,Atlanta Hawks,0022400623,2025-01-23T00:00:00,ATL vs. TOR,L,32.43333333333333,8.9,13.3,0.667,3.3,5.5,0.6,4.4,5.5,0.8,0.0,3.3,3.3,0.0,3.3,0.0,1.1,0.0,4.4,5.5,25.5,6.7,29.5,0,0,34.4,1,13222,1,13222,5612,4917,11267,3281,5576,11843,2992,4926,5126,7681,14058,15696,18918,19908,5421,12854,6727,8846,5917,3266,3922,9306,15127,2246,150,10519,1,32:26
2024-25,1642355,Bronny James,Bronny,1610612747,LAL,Los Angeles Lakers,0022400629,2025-01-23T00:00:00,LAL vs. BOS,W,3.7666666666666666,0.0,9.6,0.0,0.0,0.0,0.0,0.0,0.0,0.0,0.0,0.0,0.0,0.0,0.0,0.0,0.0,0.0,0.0,0.0,0.0,-19.1,0.0,0,0,0.0,1,1,13086,1,24582,22635,17834,22635,15070,20945,15070,13505,14344,13505,14058,22137,23286,19908,16469,12854,8263,8846,20257,17725,23200,21266,25228,2246,150,25259,1,3:46
2024-25,1631104,Blake Wesley,Blake,1610612759,SAS,San Antonio Spurs,0022400621,2025-01-23T00:00:00,SAS @ IND,W,4.516666666666667,0.0,8.0,0.0,0.0,0.0,0.0,0.0,0.0,0.0,0.0,0.0,0.0,23.9,0.0,8.0,0.0,0.0,0.0,0.0,0.0,15.9,59.8,0,0,39.9,1,1,13086,1,24226,22635,20298,22635,15070,20945,15070,13505,14344,13505,14058,22137,23286,45,16469,213,8263,8846,20257,17725,23200,5266,1218,2246,150,6861,1,4:31
2024-25,1630539,Kai Jones,Kai,1610612746,LAC,LA Clippers,0022400983,2025-01-23T00:00:00,LAC vs. WAS,W,3.1333333333333333,0.0,0.0,0.0,0.0,0.0,0.0,0.0,0.0,0.0,11.5,0.0,11.5,0.0,0.0,0.0,0.0,0.0,0.0,11.5,0.0,-34.5,13.8,0,0,11.5,1,1,13086,1,24922,22635,24836,22635,15070,20945,15070,13505,14344,13505,274,22137,3955,19908,16469,12854,8263,8846,20257,237,23200,24353,23548,2246,150,24115,1,3:08
2024-25,1627752,Taurean Prince,Taurean,1610612749,MIL,Milwaukee Bucks,0022400624,2025-01-23T00:00:00,MIL vs. MIA,W,25.06833333333333,1.4,7.2,0.2,1.4,4.3,0.333,0.0,0.0,0.0,1.4,4.3,5.7,5.7,0.0,1.4,0.0,0.0,1.4,0.0,4.3,11.5,24.1,0,0,20.1,1,1,13086,1,11943,22248,21344,21401,12314,14898,9209,13505,14344,13505,10597,12776,12924,5964,16469,8725,8263,8846,17492,17725,22399,7016,18856,2246,150,20796,1,25:04
2024-25,1629018,Gary Trent Jr.,Gary,1610612749,MIL,Milwaukee Bucks,0022400624,2025-01-23T00:00:00,MIL vs. MIA,W,26.65,9.5,14.9,0.636,9.5,13.5,0.7,0.0,0.0,0.0,0.0,1.4,1.4,1.4,0.0,0.0,0.0,0.0,2.7,0.0,28.4,41.9,32.0,0,0,40.5,1,1,13086,1,10604,3946,8808,4689,256,1092,1937,13505,14344,13505,14058,21182,22757,18497,16469,12854,8263,8846,12039,17725,2647,852,13313,2246,150,6484,1,26:39
2024-25,1630567,Scottie Barnes,Scottie,1610612761,TOR,Toronto Raptors,0022400623,2025-01-23T00:00:00,TOR @ ATL,W,38.8,7.4,15.8,0.471,0.9,1.9,0.5,7.4,9.3,0.8,0.9,4.6,5.6,2.8,0.9,0.9,0.0,0.0,0.9,6.5,23.2,10.2,35.9,0,0,34.3,1,1,13086,1,968,7948,7440,12143,14880,19819,3944,1716,1726,7681,13785,11882,13364,13636,16252,12521,8263,8846,20072,2093,5357,7598,10428,2246,150,10579,1,38:48
2024-25,1642273,Kyshawn George,Kyshawn,1610612764,WAS,Washington Wizards,0022400983,2025-01-23T00:00:00,WAS @ LAC,L,24.165,3.0,10.4,0.286,1.5,7.4,0.2,0.0,0.0,0.0,0.0,0.0,0.0,1.5,4.5,4.5,0.0,0.0,7.4,4.5,7.4,-3.0,18.6,0,0,19.4,1,13222,1,13222,12755,19475,16343,19630,12081,7499,13429,13505,14344,13505,14058,22137,23286,18019,3040,1246,8263,8846,1675,5211,20367,14561,21832,2246,150,21223,1,24:10
2024-25,1641724,Jett Howard,Jett,1610612753,ORL,Orlando Magic,0022400622,2025-01-23T00:00:00,ORL vs. POR,L,16.933333333333334,6.4,12.8,0.5,6.4,8.5,0.75,2.1,4.3,0.5,4.3,2.1,6.4,0.0,2.1,0.0,0.0,0.0,2.1,2.1,21.3,-29.8,26.8,0,0,34.0,1,13222,1,13222,18290,10496,12284,8526,1072,5577,1542,10212,7315,10625,3243,19284,11448,19908,9874,12854,8263,8846,14483,12504,6869,23699,17092,2246,150,10840,1,16:56
2024-25,1629652,Luguentz Dort,Luguentz,1610612760,OKC,Oklahoma City Thunder,0022400625,2025-01-23T00:00:00,OKC vs. DAL,L,22.7,3.2,7.9,0.4,3.2,7.9,0.4,0.0,0.0,0.0,1.6,4.8,6.3,1.6,0.0,0.0,0.0,0.0,4.8,3.2,9.5,-34.9,19.5,0,0,20.6,1,13222,1,13222,13953,19053,20370,14933,6028,6574,7874,13505,14344,13505,9977,11549,11515,17692,16469,12854,8263,8846,5157,8658,18618,24393,21403,2246,150,20512,1,22:42
2024-25,1642353,Cam Christie,Cam,1610612746,LAC,LA Clippers,0022400983,2025-01-23T00:00:00,LAC vs. WAS,W,3.1333333333333333,0.0,11.5,0.0,0.0,11.5,0.0,0.0,0.0,0.0,0.0,11.5,11.5,11.5,0.0,0.0,0.0,0.0,11.5,0.0,0.0,-34.5,31.0,0,0,23.0,1,1,13086,1,24922,22635,14490,22635,15070,2106,15070,13505,14344,13505,14058,1635,3955,840,16469,12854,8263,8846,471,17725,23200,24353,14045,2246,150,19033,1,3:08
2024-25,1630559,Austin Reaves,Austin,1610612747,LAL,Los Angeles Lakers,0022400629,2025-01-23T00:00:00,LAL vs. BOS,W,33.26166666666666,7.6,14.1,0.538,4.3,8.7,0.5,5.4,6.5,0.833,0.0,3.2,3.2,6.5,0.0,0.0,0.0,2.2,1.1,6.5,24.9,15.2,38.5,0,0,39.0,1,1,13086,1,4939,7573,10060,7978,3340,5328,3944,3519,3893,7275,14058,15947,19120,4729,16469,12854,8263,2727,19200,2095,4260,5567,8683,2246,150,7402,1,33:16
2024-25,204456,T.J. McConnell,T.J.,1610612754,IND,Indiana Pacers,0022400621,2025-01-23T00:00:00,IND @ SAS,L,15.883333333333333,4.5,20.4,0.222,0.0,2.3,0.0,0.0,0.0,0.0,0.0,2.3,2.3,9.1,2.3,4.5,0.0,6.8,0.0,2.3,9.1,-29.5,36.7,0,0,29.5,1,13222,1,13222,19006,15670,2694,21205,15070,19052,15070,13505,14344,13505,14058,18868,21279,1970,9228,1205,8263,168,20257,11870,19011,23654,9880,2246,150,14351,1,15:53
2024-25,1630169,Tyrese Haliburton,Tyrese,1610612754,IND,Indiana Pacers,0022400621,2025-01-23T00:00:00,IND @ SAS,L,30.483333333333334,5.9,13.0,0.455,3.5,8.3,0.429,0.0,0.0,0.0,0.0,2.4,2.4,8.3,0.0,0.0,0.0,1.2,0.0,0.0,15.4,-23.6,30.6,0,0,29.5,1,13222,1,13222,7334,11793,11870,12676,5049,5980,7394,13505,14344,13505,14058,18592,21076,2641,16469,12854,8263,6398,20257,17725,12569,22479,14359,2246,150,14308,1,30:29
2024-25,1631230,Dominick Barlow,Dominick,1610612737,ATL,Atlanta Hawks,0022400623,2025-01-23T00:00:00,ATL vs. TOR,L,17.366666666666667,8.3,12.4,0.667,2.1,2.1,1.0,4.1,4.1,1.0,0.0,4.1,4.1,2.1,0.0,4.1,0.0,2.1,2.1,2.1,22.8,2.1,43.3,0,0,39.4,1,13222,1,13222,18025,5998,12839,3281,9803,19419,1,5446,7528,1,14058,13286,16956,16103,16469,1499,8263,2991,14737,12747,5630,11587,5973,2246,150,7140,1,17:22
2024-25,202695,Kawhi Leonard,Kawhi,1610612746,LAC,LA Clippers,0022400983,2025-01-23T00:00:00,LAC vs. WAS,W,23.783333333333335,10.6,24.2,0.438,1.5,7.6,0.2,0.0,0.0,0.0,0.0,10.6,10.6,1.5,4.5,1.5,0.0,1.5,0.0,1.5,22.7,34.8,37.7,0,0,39.4,1,1,13086,1,13086,2631,1011,13558,11983,7238,13429,13505,14344,13505,14058,2152,4819,17928,2936,8349,8263,4722,20257,14951,5702,1410,9230,2246,150,7158,1,23:47
2024-25,1627827,Dorian Finney-Smith,Dorian,1610612747,LAL,Los Angeles Lakers,0022400629,2025-01-23T00:00:00,LAL vs. BOS,W,20.388333333333332,0.0,3.5,0.0,0.0,3.5,0.0,0.0,0.0,0.0,3.5,3.5,7.1,0.0,0.0,3.5,0.0,0.0,3.5,0.0,0.0,35.3,19.1,0,0,14.1,1,1,13086,1,15726,22635,24296,22635,15070,16587,15070,13505,14344,13505,4322,15135,10029,19908,16469,2205,8263,8846,8655,17725,23200,1360,21603,2246,150,23385,1,20:23
2024-25,1630551,Justin Champagnie,Justin,1610612764,WAS,Washington Wizards,0022400983,2025-01-23T00:00:00,WAS @ LAC,L,14.683333333333334,0.0,9.8,0.0,0.0,7.4,0.0,2.5,4.9,0.5,0.0,7.4,7.4,0.0,0.0,2.5,0.0,0.0,2.5,2.5,2.5,7.4,18.6,0,0,14.7,1,13222,1,13222,19778,22635,17389,22635,15070,7713,15070,9194,6111,10625,14058,5745,9463,19908,16469,4534,8263,8846,12977,11158,23083,8958,21825,2246,150,23171,1,14:41
2024-25,1626192,Pat Connaughton,Pat,1610612749,MIL,Milwaukee Bucks,0022400624,2025-01-23T00:00:00,MIL vs. MIA,W,16.3,2.2,4.4,0.5,0.0,0.0,0.0,0.0,0.0,0.0,0.0,11.0,11.0,6.6,2.2,0.0,0.0,0.0,2.2,0.0,4.4,22.1,25.4,0,0,22.1,1,1,13086,1,18725,21017,23849,8526,15070,20945,15070,13505,14344,13505,14058,1884,4369,4534,9477,12854,8263,8846,14056,17725,22337,3437,18003,2246,150,19627,1,16:18
2024-25,1629027,Trae Young,Trae,1610612737,ATL,Atlanta Hawks,0022400623,2025-01-23T00:00:00,ATL vs. TOR,L,39.18333333333333,6.4,17.5,0.368,1.8,7.4,0.25,1.8,3.7,0.5,0.0,0.9,0.9,11.9,2.8,0.0,0.0,0.0,0.9,5.5,16.5,-7.4,32.8,1,0,31.2,1,13222,1,13222,818,10356,5295,16823,10932,7725,11902,11153,8540,10625,14058,22090,23256,732,7356,12854,8263,8846,20097,3322,11350,16657,12724,1,150,12972,1,39:11
2024-25,1630188,Jalen Smith,Jalen,1610612741,CHI,Chicago Bulls,0022400628,2025-01-23T00:00:00,CHI @ GSW,L,17.666666666666668,4.1,10.2,0.4,2.0,6.1,0.333,8.2,8.2,1.0,6.1,6.1,12.2,2.0,0.0,0.0,2.0,0.0,0.0,4.1,18.3,-20.4,42.2,0,0,38.7,1,13222,1,13222,17805,16905,16759,14933,9975,10411,9209,1340,2408,1,1560,8074,3326,16230,16469,12854,3379,8846,20257,6105,9478,21659,6532,2246,150,7576,1,17:40
2024-25,1641824,Matas Buzelis,Matas,1610612741,CHI,Chicago Bulls,0022400628,2025-01-23T00:00:00,CHI @ GSW,L,11.016666666666667,3.3,19.6,0.167,0.0,3.3,0.0,3.3,3.3,1.0,6.5,6.5,13.1,0.0,3.3,0.0,0.0,3.3,6.5,3.3,9.8,-29.4,22.2,0,0,22.9,1,13222,1,13222,21700,18835,3273,21938,15070,17140,15070,7167,9385,1,1359,7231,2759,19908,5610,12854,8263,1087,2370,8353,18351,23644,20018,2246,150,19090,1,11:01
2024-25,1629026,Kenrich Williams,Kenrich,1610612760,OKC,Oklahoma City Thunder,0022400625,2025-01-23T00:00:00,OKC vs. DAL,L,20.266666666666666,3.6,7.1,0.5,1.8,5.3,0.333,1.8,3.6,0.5,0.0,7.1,7.1,0.0,0.0,1.8,0.0,0.0,5.3,1.8,10.7,14.2,24.5,0,0,23.1,1,13222,1,13222,15810,18194,21431,8526,11162,12392,9209,11289,8783,10625,14058,6160,9941,19908,16469,7351,8263,8846,3970,14018,17509,5927,18600,2246,150,18948,1,20:16
2024-25,1641711,Gradey Dick,Gradey,1610612761,TOR,Toronto Raptors,0022400623,2025-01-23T00:00:00,TOR @ ATL,W,31.538333333333334,6.8,11.4,0.6,1.1,5.7,0.2,2.3,2.3,1.0,0.0,3.4,3.4,3.4,4.6,2.3,0.0,0.0,2.3,1.1,17.1,13.7,28.7,0,0,29.7,1,1,13086,1,6388,9299,14633,5394,13701,11431,13429,9681,11836,1,14058,15447,18717,11620,2909,5100,8263,8846,13713,16701,10714,6127,15766,2246,150,14179,1,31:32
2024-25,101108,Chris Paul,Chris,1610612759,SAS,San Antonio Spurs,0022400621,2025-01-23T00:00:00,SAS @ IND,W,24.433333333333334,1.5,7.4,0.2,1.5,7.4,0.2,0.0,0.0,0.0,1.5,10.3,11.8,10.3,1.5,1.5,0.0,0.0,1.5,2.9,4.4,17.7,37.0,0,0,30.9,1,1,13086,1,12541,22201,21117,21401,12146,7687,13429,13505,14344,13505,10420,2343,3682,1276,12884,8517,8263,8846,17330,9430,22336,4677,9709,2246,150,13213,1,24:26
2024-25,1641748,Andre Jackson Jr.,Andre,1610612749,MIL,Milwaukee Bucks,0022400624,2025-01-23T00:00:00,MIL vs. MIA,W,14.483333333333333,2.5,7.5,0.333,2.5,5.0,0.5,0.0,0.0,0.0,5.0,5.0,9.9,2.5,0.0,0.0,0.0,0.0,2.5,0.0,7.5,-19.9,23.1,0,0,22.4,1,1,13086,1,19887,20491,20992,17395,8201,13271,3944,13505,14344,13505,2403,10960,5501,14591,16469,12854,8263,8846,12860,17725,20357,21521,19487,2246,150,19442,1,14:29
2024-25,1641794,Dillon Jones,Dillon,1610612760,OKC,Oklahoma City Thunder,0022400625,2025-01-23T00:00:00,OKC vs. DAL,L,12.35,0.0,0.0,0.0,0.0,0.0,0.0,0.0,0.0,0.0,0.0,2.9,2.9,5.8,0.0,0.0,2.9,0.0,5.8,0.0,0.0,37.9,21.0,0,0,14.6,1,13222,1,13222,21073,22635,24836,22635,15070,20945,15070,13505,14344,13505,14058,17027,19952,5794,16469,12854,1797,8846,3173,17725,23200,1125,20696,2246,150,23229,1,12:21
2024-25,201950,Jrue Holiday,Jrue,1610612738,BOS,Boston Celtics,0022400629,2025-01-23T00:00:00,BOS @ LAL,L,25.25,1.4,8.6,0.167,1.4,4.3,0.333,0.0,0.0,0.0,0.0,4.3,4.3,1.4,2.9,1.4,0.0,0.0,2.9,0.0,4.3,-11.4,13.0,0,0,14.3,1,13222,1,13222,11782,22261,19418,21938,12348,14967,9209,13505,14344,13505,14058,12871,16591,18246,7022,8774,8263,8846,11410,17725,22419,18487,23777,2246,150,23337,1,25:15
2024-25,1642269,Devin Carter,Devin,1610612758,SAC,Sacramento Kings,0022400626,2025-01-23T00:00:00,SAC @ DEN,L,2.5166666666666666,0.0,14.3,0.0,0.0,14.3,0.0,0.0,0.0,0.0,0.0,0.0,0.0,14.3,0.0,0.0,0.0,0.0,14.3,0.0,0.0,-71.5,21.5,0,0,14.3,1,13222,1,13222,25203,22635,9676,22635,15070,848,15070,13505,14344,13505,14058,22137,23286,357,16469,12854,8263,8846,271,17725,23200,25906,20437,2246,150,23320,1,2:31
2024-25,1626172,Kevon Looney,Kevon,1610612744,GSW,Golden State Warriors,0022400628,2025-01-23T00:00:00,GSW vs. CHI,W,18.533333333333335,3.9,13.6,0.286,0.0,0.0,0.0,0.0,0.0,0.0,7.8,13.6,21.4,9.7,0.0,0.0,0.0,0.0,3.9,0.0,7.8,33.0,48.0,0,0,38.8,1,1,13086,1,17163,17363,10838,19630,15070,20945,15070,13505,14344,13505,857,847,384,1583,16469,12854,8263,8846,7493,17725,20104,1622,3990,2246,150,7482,1,18:32
2024-25,1630577,Julian Champagnie,Julian,1610612759,SAS,San Antonio Spurs,0022400621,2025-01-23T00:00:00,SAS @ IND,W,16.983333333333334,4.2,8.5,0.5,2.1,4.2,0.5,4.2,4.2,1.0,4.2,8.5,12.7,2.1,4.2,0.0,0.0,0.0,4.2,2.1,14.8,19.1,29.0,0,0,31.8,1,1,13086,1,18265,16484,19522,8526,9593,15027,3944,5281,7339,1,3259,4075,2984,15928,3430,12854,8263,8846,6448,12529,13082,4240,15458,2246,150,12546,1,16:59
2024-25,1629216,Gabe Vincent,Gabe,1610612747,LAL,Los Angeles Lakers,0022400629,2025-01-23T00:00:00,LAL vs. BOS,W,25.95,5.5,11.1,0.5,5.5,9.7,0.571,0.0,0.0,0.0,0.0,1.4,1.4,5.5,0.0,0.0,0.0,0.0,6.9,0.0,16.6,30.5,26.6,0,0,29.1,1,1,13086,1,11194,12849,15191,8526,1699,3835,3506,13505,14344,13505,14058,21109,22713,6341,16469,12854,8263,8846,2026,17725,11224,1897,17193,2246,150,14599,1,25:57
2024-25,203932,Aaron Gordon,Aaron,1610612743,DEN,Denver Nuggets,0022400626,2025-01-23T00:00:00,DEN vs. SAC,W,16.883333333333333,2.1,17.1,0.125,2.1,6.4,0.333,0.0,0.0,0.0,2.1,2.1,4.3,2.1,2.1,0.0,0.0,2.1,2.1,2.1,6.4,12.8,12.6,0,0,14.9,1,1,13086,1,18330,21176,5735,22420,9545,9758,9209,13505,14344,13505,7841,19262,16628,15881,9829,12854,8263,2826,14448,12473,21125,6479,23877,2246,150,23086,1,16:53
2024-25,1630581,Josh Giddey,Josh,1610612741,CHI,Chicago Bulls,0022400628,2025-01-23T00:00:00,CHI @ GSW,L,33.57,6.4,12.9,0.5,2.1,4.3,0.5,2.1,3.2,0.667,2.1,9.7,11.8,3.2,3.2,1.1,1.1,2.1,3.2,5.4,17.2,-12.9,39.4,1,0,38.6,1,13222,1,13222,4669,10345,12093,8526,9487,14943,3944,10153,9488,9425,7782,2869,3675,12237,5773,11256,6967,2786,9793,3530,10672,19083,8170,1,150,7638,1,33:34
2024-25,1630174,Aaron Nesmith,Aaron,1610612754,IND,Indiana Pacers,0022400621,2025-01-23T00:00:00,IND @ SAS,L,18.966666666666665,1.9,9.5,0.2,0.0,3.8,0.0,1.9,1.9,1.0,0.0,5.7,5.7,1.9,3.8,0.0,0.0,3.8,1.9,1.9,5.7,-34.2,11.6,0,0,13.3,1,13222,1,13222,16851,21588,17966,21401,15070,16002,15070,10959,12984,1,14058,9059,13036,16758,4329,12854,8263,734,15682,13520,21596,24327,24115,2246,150,23623,1,18:58
2024-25,1629628,RJ Barrett,RJ,1610612761,TOR,Toronto Raptors,0022400623,2025-01-23T00:00:00,TOR @ ATL,W,35.666666666666664,6.1,9.1,0.667,3.0,3.0,1.0,0.0,2.0,0.0,1.0,5.0,6.1,3.0,5.0,2.0,0.0,0.0,2.0,1.0,15.1,5.0,28.0,0,0,31.3,1,1,13086,1,2928,11349,18592,3281,6411,17592,1,13505,12665,13505,13184,10733,12154,12834,2283,6163,8263,8846,15035,17362,12767,10084,16263,2246,150,12940,1,35:40
2024-25,1631133,Jabari Walker,Jabari,1610612757,POR,Portland Trail Blazers,0022400622,2025-01-23T00:00:00,POR @ ORL,W,19.3,1.9,3.7,0.5,0.0,1.9,0.0,0.0,3.7,0.0,1.9,5.6,7.5,1.9,1.9,11.2,1.9,0.0,9.3,3.7,3.7,18.7,52.8,0,0,39.2,1,1,13086,1,16572,21635,24217,8526,15070,19802,15070,13505,8410,13505,8964,9304,9247,16876,11245,91,3879,8846,862,7048,22676,4360,2512,2246,150,7291,1,19:18
2024-25,1628401,Derrick White,Derrick,1610612738,BOS,Boston Celtics,0022400629,2025-01-23T00:00:00,BOS @ LAL,L,19.433333333333334,1.9,9.3,0.2,1.9,5.6,0.333,0.0,0.0,0.0,5.6,0.0,5.6,5.6,1.9,0.0,1.9,0.0,1.9,1.9,5.6,-1.9,24.3,0,0,22.2,1,13222,1,13222,16470,21659,18320,21401,10866,11821,9209,13505,14344,13505,1907,22137,13402,6324,11307,12854,3923,8846,15927,13722,21696,13949,18762,2246,150,19534,1,19:26
2024-25,1629060,Rui Hachimura,Rui,1610612747,LAL,Los Angeles Lakers,0022400629,2025-01-23T00:00:00,LAL vs. BOS,W,27.816666666666666,3.9,11.6,0.333,2.6,6.5,0.4,2.6,2.6,1.0,2.6,6.5,9.1,2.6,0.0,1.3,0.0,0.0,1.3,1.3,12.9,15.5,31.6,0,0,29.8,1,1,13086,1,9700,17374,14225,17395,7863,9605,7874,8829,11003,1,6377,7370,6647,14251,16469,9492,8263,8846,18053,15932,15153,5421,13626,2246,150,14127,1,27:49
2024-25,201143,Al Horford,Al,1610612738,BOS,Boston Celtics,0022400629,2025-01-23T00:00:00,BOS @ LAL,L,23.966666666666665,1.5,7.5,0.2,0.0,4.5,0.0,0.0,0.0,0.0,0.0,6.0,6.0,3.0,1.5,0.0,1.5,0.0,3.0,0.0,3.0,-33.0,17.7,0,0,15.0,1,13222,1,13222,12929,22160,20911,21401,15070,14413,15070,13505,14344,13505,14058,8298,12252,12906,12731,12854,4840,8846,10688,17725,22955,24170,22208,2246,150,23053,1,23:58
2024-25,1628368,De'Aaron Fox,De'Aaron,1610612758,SAC,Sacramento Kings,0022400626,2025-01-23T00:00:00,SAC @ DEN,L,40.21666666666667,6.3,21.5,0.292,2.7,9.0,0.3,0.0,0.0,0.0,0.9,3.6,4.5,5.4,1.8,0.9,0.9,1.8,1.8,0.9,15.2,-0.9,32.2,0,0,31.3,1,13222,1,13222,509,10813,2048,19628,7582,4898,11319,13505,14344,13505,13921,14985,16107,6688,11593,12687,8108,3929,16232,17669,12687,13463,13150,2246,150,12908,1,40:13
2024-25,1631094,Paolo Banchero,Paolo,1610612753,ORL,Orlando Magic,0022400622,2025-01-23T00:00:00,ORL vs. POR,L,33.11666666666667,1.1,15.2,0.071,0.0,4.3,0.0,6.5,8.7,0.75,1.1,8.7,9.8,6.5,5.4,0.0,2.2,4.3,1.1,6.5,8.7,-8.7,31.3,0,0,29.4,1,13222,1,13222,5055,22584,8217,22631,15070,14797,15070,2382,2051,8186,12575,3842,5697,4679,1869,12854,3003,529,19171,2060,19349,17285,13819,2246,150,14448,1,33:07
2024-25,203484,Kentavious Caldwell-Pope,Kentavious,1610612753,ORL,Orlando Magic,0022400622,2025-01-23T00:00:00,ORL vs. POR,L,33.833333333333336,2.1,5.3,0.4,0.0,2.1,0.0,3.2,4.3,0.75,2.1,0.0,2.1,0.0,1.1,2.1,0.0,0.0,2.1,4.3,7.4,-21.3,15.3,0,0,13.8,1,13222,1,13222,4412,21189,23241,14933,15070,19312,15070,7349,7302,8186,7858,22137,21554,19908,15389,5667,8263,8846,14472,5712,20370,21903,23084,2246,150,23463,1,33:50
2024-25,1626167,Myles Turner,Myles,1610612754,IND,Indiana Pacers,0022400621,2025-01-23T00:00:00,IND @ SAS,L,25.85,7.0,23.7,0.294,2.8,12.5,0.222,2.8,4.2,0.667,0.0,4.2,4.2,0.0,0.0,1.4,0.0,2.8,2.8,2.8,19.5,-12.5,28.7,0,0,29.2,1,13222,1,13222,11287,9014,1160,19598,7259,1509,13288,8371,7455,9425,14058,13169,16857,19908,16469,8942,8263,1615,11703,10014,8375,18953,15727,2246,150,14514,1,25:51
2024-25,1631107,Nikola Jović,Nikola,1610612748,MIA,Miami Heat,0022400624,2025-01-23T00:00:00,MIA @ MIL,L,21.866666666666667,3.3,9.9,0.333,3.3,9.9,0.333,3.3,3.3,1.0,0.0,3.3,3.3,3.3,1.6,0.0,0.0,0.0,4.9,1.6,13.2,-42.8,20.4,0,0,23.0,1,13222,1,13222,14601,18771,17287,17395,5690,3632,9209,7127,9328,1,14058,15817,19009,12009,12160,12854,8263,8846,4749,14468,14914,25033,20979,2246,150,18983,1,21:52
2024-25,201572,Brook Lopez,Brook,1610612749,MIL,Milwaukee Bucks,0022400624,2025-01-23T00:00:00,MIL vs. MIA,W,34.53333333333333,4.2,11.5,0.364,1.0,4.2,0.25,2.1,2.1,1.0,1.0,2.1,3.1,1.0,1.0,1.0,3.1,1.0,1.0,1.0,11.5,17.7,28.3,0,0,25.0,1,1,13086,1,3822,16673,14528,16861,14293,15187,11902,10342,12469,1,12926,19403,19421,19551,15540,11564,1543,7555,19457,17204,16714,4655,16039,2246,150,17662,1,34:32
2024-25,1630611,Gui Santos,Gui,1610612744,GSW,Golden State Warriors,0022400628,2025-01-23T00:00:00,GSW vs. CHI,W,26.816666666666666,9.4,13.4,0.7,6.7,8.1,0.833,0.0,0.0,0.0,5.4,4.0,9.4,2.7,1.3,1.3,0.0,1.3,2.7,1.3,25.5,41.6,43.5,0,0,47.0,1,1,13086,1,10473,4029,11117,3045,889,6357,1341,13505,14344,13505,2027,13638,6191,13949,13606,9231,8263,5436,12101,15714,3933,867,5887,2246,150,3479,1,26:49
2024-25,1627734,Domantas Sabonis,Domantas,1610612758,SAC,Sacramento Kings,0022400626,2025-01-23T00:00:00,SAC @ DEN,L,39.416666666666664,9.1,19.2,0.476,0.9,3.7,0.25,1.8,1.8,1.0,5.5,11.9,17.4,7.3,3.7,0.0,0.0,0.9,3.7,2.7,21.0,-16.4,49.1,1,0,46.6,1,13222,1,13222,740,4474,3608,12010,14923,16320,11902,11177,13155,1,1955,1426,1047,3610,4669,12854,8263,8593,8252,10191,7071,20423,3567,1,150,3635,1,39:25
2024-25,1641712,Rayan Rupert,Rayan,1610612757,POR,Portland Trail Blazers,0022400622,2025-01-23T00:00:00,POR @ ORL,W,1.9666666666666666,0.0,0.0,0.0,0.0,0.0,0.0,0.0,0.0,0.0,0.0,0.0,0.0,36.6,0.0,0.0,0.0,0.0,0.0,0.0,0.0,36.6,54.9,0,0,36.6,1,1,13086,1,25476,22635,24836,22635,15070,20945,15070,13505,14344,13505,14058,22137,23286,12,16469,12854,8263,8846,20257,17725,23200,1229,2006,2246,150,8968,1,1:58
2024-25,1629640,Keldon Johnson,Keldon,1610612759,SAS,San Antonio Spurs,0022400621,2025-01-23T00:00:00,SAS @ IND,W,20.416666666666668,7.1,14.1,0.5,1.8,5.3,0.333,0.0,0.0,0.0,1.8,3.5,5.3,1.8,1.8,0.0,1.8,0.0,3.5,0.0,15.9,26.4,28.4,0,0,28.2,1,1,13086,1,15698,8808,9997,8526,11210,12491,9209,13505,14344,13505,9373,15153,14066,17186,11691,12854,4136,8846,8681,17725,12063,2532,15944,2246,150,15283,1,20:25
2024-25,1631218,Trayce Jackson-Davis,Trayce,1610612744,GSW,Golden State Warriors,0022400628,2025-01-23T00:00:00,GSW vs. CHI,W,9.733333333333333,3.7,3.7,1.0,0.0,0.0,0.0,7.4,7.4,1.0,3.7,7.4,11.1,11.1,0.0,0.0,0.0,0.0,3.7,11.1,14.8,-18.5,44.8,0,0,37.0,1,1,13086,1,22198,17833,24228,1,15070,20945,15070,1737,2997,1,4037,5681,4320,966,16469,12854,8263,8846,8077,268,13117,21063,5301,2246,150,8729,1,9:44
2024-25,1629014,Anfernee Simons,Anfernee,1610612757,POR,Portland Trail Blazers,0022400622,2025-01-23T00:00:00,POR @ ORL,W,32.166666666666664,9.0,16.8,0.533,3.4,6.7,0.5,2.2,2.2,1.0,1.1,2.2,3.4,3.4,3.4,0.0,0.0,0.0,0.0,2.2,23.5,15.7,29.2,0,0,33.6,1,1,13086,1,5835,4799,6058,8140,5494,9080,3944,9815,11974,1,12334,18955,18855,11798,5339,12854,8263,8846,20257,11991,5125,5362,15348,2246,150,11178,1,32:10
2024-25,202696,Nikola Vučević,Nikola,1610612741,CHI,Chicago Bulls,0022400628,2025-01-23T00:00:00,CHI @ GSW,L,30.333333333333332,4.7,10.7,0.444,1.2,2.4,0.5,0.0,0.0,0.0,1.2,5.9,7.1,4.7,3.6,4.7,0.0,0.0,3.6,0.0,10.7,-17.8,37.0,0,0,33.2,1,13222,1,13222,7467,15116,15924,13045,13439,18857,3944,13505,14344,13505,11887,8474,9914,8057,4877,1050,8263,8846,8561,17725,17497,20870,9676,2246,150,11458,1,30:20
2024-25,203897,Zach LaVine,Zach,1610612741,CHI,Chicago Bulls,0022400628,2025-01-23T00:00:00,CHI @ GSW,L,32.8,6.6,14.3,0.462,3.3,6.6,0.5,9.9,13.2,0.75,0.0,3.3,3.3,4.4,0.0,0.0,0.0,0.0,0.0,7.7,26.3,-19.8,36.9,0,0,37.3,1,13222,1,13222,5326,9966,9743,12428,5688,9346,3944,734,569,8186,14058,15814,19007,8912,16469,12854,8263,8846,20257,1212,3507,21480,9783,2246,150,8495,1,32:48
2024-25,1629130,Duncan Robinson,Duncan,1610612748,MIA,Miami Heat,0022400624,2025-01-23T00:00:00,MIA @ MIL,L,28.053333333333335,5.1,16.7,0.308,3.8,15.4,0.25,1.3,1.3,1.0,0.0,1.3,1.3,5.1,0.0,1.3,0.0,0.0,1.3,0.0,15.4,-23.1,28.5,0,0,28.2,1,13222,1,13222,9505,14000,6202,19226,4317,616,11902,12346,13754,1,14058,21316,22832,7168,16469,9561,8263,8846,18106,17725,12517,22355,15883,2246,150,15270,1,28:03
2024-25,203915,Spencer Dinwiddie,Spencer,1610612742,DAL,Dallas Mavericks,0022400625,2025-01-23T00:00:00,DAL @ OKC,W,34.733333333333334,11.4,14.5,0.786,3.1,6.2,0.5,3.1,3.1,1.0,0.0,1.0,1.0,3.1,3.1,0.0,0.0,0.0,3.1,5.2,29.0,10.4,31.8,0,0,36.3,1,1,13086,1,3666,1935,9345,1975,6195,10152,3944,7516,9695,1,14058,21906,23178,12580,6095,12854,8263,8846,10239,3797,2418,7530,13462,2246,150,9175,1,34:44
2024-25,1631170,Jaime Jaquez Jr.,Jaime,1610612748,MIA,Miami Heat,0022400624,2025-01-23T00:00:00,MIA @ MIL,L,24.9,4.3,11.6,0.375,0.0,2.9,0.0,2.9,2.9,1.0,0.0,4.3,4.3,5.8,1.4,0.0,1.4,2.9,1.4,2.9,11.6,-27.5,28.3,0,0,24.6,1,13222,1,13222,12089,16232,14362,16299,15070,17878,15070,8112,10253,1,14058,12692,16440,5889,13028,12854,5054,1478,17457,9613,16602,23338,15966,2246,150,17962,1,24:54
2024-25,1630556,Kessler Edwards,Kessler,1610612742,DAL,Dallas Mavericks,0022400625,2025-01-23T00:00:00,DAL @ OKC,W,22.676666666666666,3.2,4.8,0.667,1.6,1.6,1.0,3.2,3.2,1.0,1.6,4.8,6.4,3.2,0.0,1.6,0.0,0.0,3.2,1.6,11.1,-7.9,28.3,0,0,25.4,1,1,13086,1,13973,19048,23634,3281,11719,20181,1,7384,9558,1,9970,11543,11502,12405,16469,8033,8263,8846,9980,14670,17071,16948,16032,2246,150,17356,1,22:41
2024-25,203471,Dennis Schröder,Dennis,1610612744,GSW,Golden State Warriors,0022400628,2025-01-23T00:00:00,GSW vs. CHI,W,20.348333333333333,7.1,19.5,0.364,1.8,7.1,0.25,3.5,3.5,1.0,0.0,3.5,3.5,12.4,1.8,0.0,0.0,0.0,7.1,1.8,19.5,47.8,40.5,0,0,37.2,1,1,13086,1,15755,8748,3368,16861,11191,8303,11902,6621,8812,1,14058,15120,18472,638,11672,12854,8263,8846,1919,14038,8410,616,7455,2246,150,8614,1,20:21
2024-25,1628371,Jonathan Isaac,Jonathan,1610612753,ORL,Orlando Magic,0022400622,2025-01-23T00:00:00,ORL vs. POR,L,17.583333333333332,0.0,6.1,0.0,0.0,4.1,0.0,0.0,4.1,0.0,6.1,8.2,14.3,2.0,2.0,2.0,2.0,0.0,2.0,2.0,0.0,-14.3,30.5,0,0,24.6,1,13222,1,13222,17865,22635,22478,22635,15070,15358,15070,13505,7639,13505,1547,4436,2090,16199,10275,6019,3352,8846,14889,12849,23200,19626,14423,2246,150,17966,1,17:35
2024-25,1641764,Brandin Podziemski,Brandin,1610612744,GSW,Golden State Warriors,0022400628,2025-01-23T00:00:00,GSW vs. CHI,W,21.233333333333334,6.8,10.2,0.667,3.4,6.8,0.5,0.0,0.0,0.0,1.7,5.1,6.8,3.4,1.7,1.7,0.0,0.0,3.4,1.7,17.0,37.3,33.6,0,0,33.9,1,1,13086,1,15129,9467,16776,3281,5403,8937,3944,13505,14344,13505,9589,10616,10571,11702,11934,7621,8263,8846,9109,14284,10898,1175,12141,2246,150,10921,1,21:14
2024-25,1631124,Julian Strawther,Julian,1610612743,DEN,Denver Nuggets,0022400626,2025-01-23T00:00:00,DEN vs. SAC,W,19.266666666666666,5.6,16.8,0.333,3.7,11.2,0.333,1.9,1.9,1.0,0.0,0.0,0.0,3.7,1.9,1.9,0.0,0.0,1.9,1.9,16.8,26.2,26.2,0,0,28.0,1,1,13086,1,16614,12689,6016,17395,4604,2318,9209,11055,13069,1,14058,22137,23286,10688,11233,6926,8263,8846,15842,13648,11042,2591,17506,2246,150,15405,1,19:16
2024-25,1642352,Keshad Johnson,Keshad,1610612748,MIA,Miami Heat,0022400624,2025-01-23T00:00:00,MIA @ MIL,L,3.95,9.1,18.2,0.5,0.0,0.0,0.0,0.0,18.2,0.0,9.1,9.1,18.2,0.0,0.0,0.0,0.0,0.0,0.0,9.1,18.2,-27.3,40.1,0,0,36.5,1,13222,1,13222,24514,4503,4428,8526,15070,20945,15070,13505,179,13505,528,3392,842,19908,16469,12854,8263,8846,20257,613,9597,23298,7694,2246,150,9071,1,3:57
2024-25,2544,LeBron James,LeBron,1610612747,LAL,Los Angeles Lakers,0022400629,2025-01-23T00:00:00,LAL vs. BOS,W,30.516666666666666,10.6,23.6,0.45,0.0,2.4,0.0,2.4,2.4,1.0,3.5,13.0,16.5,7.1,2.4,0.0,0.0,1.2,0.0,2.4,23.6,8.3,51.7,1,0,47.2,1,1,13086,1,7300,2598,1200,12982,15070,18885,15070,9425,11598,1,4310,1022,1261,3915,8817,12854,8263,6405,20257,11502,5063,8506,2784,1,150,3406,1,30:31
2024-25,1630168,Onyeka Okongwu,Onyeka,1610612737,ATL,Atlanta Hawks,0022400623,2025-01-23T00:00:00,ATL vs. TOR,L,30.383333333333333,7.1,9.5,0.75,0.0,1.2,0.0,8.3,9.5,0.875,5.9,8.3,14.2,4.7,2.4,2.4,1.2,0.0,3.6,4.7,22.5,-7.1,55.0,1,0,48.6,1,13222,1,13222,7425,8680,17983,2107,15070,20641,15070,1280,1607,6931,1661,4295,2137,8079,8774,4796,6272,8846,8585,4639,5846,16561,1989,1,150,2962,1,30:23
2024-25,1631157,Ryan Rollins,Ryan,1610612749,MIL,Milwaukee Bucks,0022400624,2025-01-23T00:00:00,MIL vs. MIA,W,14.148333333333333,7.6,12.7,0.6,2.5,7.6,0.333,0.0,0.0,0.0,0.0,0.0,0.0,2.5,2.5,2.5,0.0,0.0,2.5,0.0,17.8,53.4,26.7,0,0,28.0,1,1,13086,1,20118,7427,12348,5394,7995,7115,9209,13505,14344,13505,14058,22137,23286,14382,8064,4271,8263,8846,12623,17725,10018,476,17144,2246,150,15429,1,14:09
2024-25,1628436,Luke Kornet,Luke,1610612738,BOS,Boston Celtics,0022400629,2025-01-23T00:00:00,BOS @ LAL,L,11.633333333333333,3.1,9.3,0.333,0.0,0.0,0.0,6.2,6.2,1.0,12.4,0.0,12.4,0.0,0.0,0.0,0.0,0.0,9.3,3.1,12.4,-43.3,27.2,0,0,24.8,1,13222,1,13222,21438,19211,18289,17395,15070,20945,15070,2684,4237,1,223,22137,3212,19908,16469,12854,8263,8846,875,8901,15741,25080,16802,2246,150,17849,1,11:38
2024-25,1641783,Tristan da Silva,Tristan,1610612753,ORL,Orlando Magic,0022400622,2025-01-23T00:00:00,ORL vs. POR,L,29.05,6.2,9.9,0.625,2.5,6.2,0.4,5.0,5.0,1.0,2.5,3.7,6.2,2.5,1.2,1.2,0.0,0.0,1.2,2.5,19.8,-13.6,33.5,0,0,33.5,1,13222,1,13222,8631,10983,17217,4899,8223,10207,7874,4115,6022,1,6680,14576,11832,14623,14168,9871,8263,8846,18328,11071,8047,19349,12219,2246,150,11275,1,29:03
2024-25,1628983,Shai Gilgeous-Alexander,Shai,1610612760,OKC,Oklahoma City Thunder,0022400625,2025-01-23T00:00:00,OKC vs. DAL,L,39.8,10.9,22.6,0.48,0.9,2.7,0.333,5.4,5.4,1.0,0.9,0.0,0.9,6.3,2.7,0.0,0.0,0.9,3.6,4.5,28.0,-6.3,35.9,0,0,36.2,1,13222,1,13222,617,2376,1540,11962,14949,18233,9209,3500,5276,1,13890,22137,23262,4978,7486,12854,8263,8639,8369,5088,2769,16218,10423,2246,150,9235,1,39:48
2024-25,1631248,Baylor Scheierman,Baylor,1610612738,BOS,Boston Celtics,0022400629,2025-01-23T00:00:00,BOS @ LAL,L,6.466666666666667,0.0,5.6,0.0,0.0,5.6,0.0,0.0,0.0,0.0,0.0,0.0,0.0,5.6,0.0,0.0,0.0,0.0,11.1,5.6,0.0,0.0,8.4,0,0,5.6,1,13222,1,13222,23380,22635,23030,22635,15070,11801,15070,13505,14344,13505,14058,22137,23286,6308,16469,12854,8263,8846,521,3238,23200,12240,24651,2246,150,25049,1,6:28
2024-25,1631216,Caleb Houstan,Caleb,1610612753,ORL,Orlando Magic,0022400622,2025-01-23T00:00:00,ORL vs. POR,L,11.7,0.0,6.2,0.0,0.0,6.2,0.0,0.0,0.0,0.0,3.1,0.0,3.1,0.0,0.0,0.0,0.0,0.0,0.0,0.0,0.0,-27.7,3.7,0,0,3.1,1,13222,1,13222,21417,22635,22471,22635,15070,10307,15070,13505,14344,13505,5179,22137,19535,19908,16469,12854,8263,8846,20257,17725,23200,23370,25098,2246,150,25230,1,11:42
2024-25,1642266,Ja'Kobe Walter,Ja'Kobe,1610612761,TOR,Toronto Raptors,0022400623,2025-01-23T00:00:00,TOR @ ATL,W,6.75,0.0,10.7,0.0,0.0,5.3,0.0,0.0,0.0,0.0,0.0,5.3,5.3,0.0,0.0,0.0,0.0,0.0,21.3,5.3,0.0,-26.7,6.4,0,0,5.3,1,1,13086,1,23257,22635,15944,22635,15070,12367,15070,13505,14344,13505,14058,9937,13954,19908,16469,12854,8263,8846,104,3582,23200,23166,24873,2246,150,25075,1,6:45
2024-25,1630649,Stanley Umude,Stanley,1610612749,MIL,Milwaukee Bucks,0022400624,2025-01-23T00:00:00,MIL vs. MIA,W,3.95,9.1,27.3,0.333,0.0,0.0,0.0,0.0,0.0,0.0,0.0,0.0,0.0,0.0,0.0,0.0,0.0,0.0,9.1,0.0,18.2,27.3,18.2,0,0,18.2,1,1,13086,1,24514,4503,459,17395,15070,20945,15070,13505,14344,13505,14058,22137,23286,19908,16469,12854,8263,8846,927,17725,9597,2364,21993,2246,150,21759,1,3:57
2024-25,1626179,Terry Rozier,Terry,1610612748,MIA,Miami Heat,0022400624,2025-01-23T00:00:00,MIA @ MIL,L,25.413333333333334,2.8,11.3,0.25,0.0,5.7,0.0,0.0,0.0,0.0,2.8,5.7,8.5,4.2,1.4,0.0,0.0,0.0,1.4,1.4,5.7,-34.0,20.8,0,0,18.4,1,13222,1,13222,11648,19804,14773,20233,15070,11536,15070,13505,14344,13505,5776,9128,7472,9255,13191,12854,8263,8846,17558,15382,21618,24304,20778,2246,150,21666,1,25:25
2024-25,1630528,Josh Christopher,Josh,1610612748,MIA,Miami Heat,0022400624,2025-01-23T00:00:00,MIA @ MIL,L,3.95,0.0,9.1,0.0,0.0,0.0,0.0,9.1,18.2,0.5,0.0,9.1,9.1,0.0,0.0,0.0,0.0,0.0,0.0,9.1,9.1,-27.3,20.1,0,0,18.2,1,13222,1,13222,24514,22635,18542,22635,15070,20945,15070,961,179,10625,14058,3392,6567,19908,16469,12854,8263,8846,20257,613,18976,23298,21138,2246,150,21759,1,3:57
2024-25,1629599,Amir Coffey,Amir,1610612746,LAC,LA Clippers,0022400983,2025-01-23T00:00:00,LAC vs. WAS,W,28.383333333333333,5.1,11.4,0.444,2.5,6.3,0.4,0.0,0.0,0.0,0.0,2.5,2.5,1.3,1.3,0.0,0.0,0.0,0.0,0.0,12.7,10.1,16.4,0,0,19.0,1,1,13086,1,9227,14164,14631,13045,8019,9882,7874,13505,14344,13505,14058,18088,20733,18763,13977,12854,8263,8846,20257,17725,15407,7622,22722,2246,150,21383,1,28:23
2024-25,1641796,Pelle Larsson,Pelle,1610612748,MIA,Miami Heat,0022400624,2025-01-23T00:00:00,MIA @ MIL,L,13.716666666666667,2.6,13.1,0.2,0.0,5.2,0.0,5.2,7.9,0.667,5.2,7.9,13.1,0.0,2.6,0.0,0.0,0.0,10.5,5.2,10.5,-2.6,23.6,0,0,23.6,1,13222,1,13222,20351,20236,11631,21401,15070,12595,15070,3706,2608,9425,2142,4907,2726,19908,7787,12854,8263,8846,609,3701,17663,14371,19189,2246,150,18596,1,13:43
2024-25,1630552,Jalen Johnson,Jalen,1610612737,ATL,Atlanta Hawks,0022400623,2025-01-23T00:00:00,ATL vs. TOR,L,10.783333333333333,3.3,6.7,0.5,0.0,0.0,0.0,3.3,6.7,0.5,0.0,3.3,3.3,3.3,6.7,3.3,0.0,0.0,6.7,3.3,10.0,-33.4,22.4,0,0,23.4,1,13222,1,13222,21804,18663,21920,8526,15070,20945,15070,7027,3685,10625,14058,15670,18892,11857,1038,2485,8263,8846,2239,8127,18147,24214,19941,2246,150,18753,1,10:47
2024-25,201599,DeAndre Jordan,DeAndre,1610612743,DEN,Denver Nuggets,0022400626,2025-01-23T00:00:00,DEN vs. SAC,W,10.616666666666667,3.4,3.4,1.0,0.0,0.0,0.0,0.0,0.0,0.0,3.4,13.6,17.0,0.0,3.4,0.0,0.0,0.0,3.4,3.4,6.8,-6.8,23.7,0,0,23.7,1,1,13086,1,21870,18559,24350,1,15070,20945,15070,13505,14344,13505,4556,860,1138,19908,5249,12854,8263,8846,9109,7974,20872,16411,19140,2246,150,18515,1,10:37
2024-25,1642484,RayJ Dennis,RayJ,1610612754,IND,Indiana Pacers,0022400621,2025-01-23T00:00:00,IND @ SAS,L,1.9166666666666667,0.0,0.0,0.0,0.0,0.0,0.0,0.0,0.0,0.0,18.8,0.0,18.8,0.0,18.8,0.0,0.0,0.0,0.0,0.0,0.0,-75.1,3.8,0,0,18.8,1,13222,1,13222,25508,22635,24836,22635,15070,20945,15070,13505,14344,13505,76,22137,731,19908,63,12854,8263,8846,20257,17725,23200,25958,25094,2246,150,21487,1,1:55
2024-25,1631132,Christian Koloko,Christian,1610612747,LAL,Los Angeles Lakers,0022400629,2025-01-23T00:00:00,LAL vs. BOS,W,3.7666666666666666,9.6,9.6,1.0,0.0,0.0,0.0,0.0,0.0,0.0,0.0,0.0,0.0,0.0,0.0,0.0,0.0,0.0,9.6,0.0,19.1,-19.1,19.1,0,0,19.1,1,1,13086,1,24582,3796,17834,1,15070,20945,15070,13505,14344,13505,14058,22137,23286,19908,16469,12854,8263,8846,794,17725,8726,21266,21587,2246,150,21333,1,3:46
2024-25,202685,Jonas Valančiūnas,Jonas,1610612764,WAS,Washington Wizards,0022400983,2025-01-23T00:00:00,WAS @ LAC,L,17.93166666666667,10.0,14.1,0.714,0.0,0.0,0.0,4.0,4.0,1.0,6.0,14.1,20.1,2.0,4.0,0.0,0.0,2.0,6.0,4.0,24.1,-14.1,47.2,1,0,46.2,1,13222,1,13222,17618,3182,10088,2752,15070,20945,15070,5670,7810,1,1604,753,517,16345,3856,12854,8263,3206,2907,6266,4738,19522,4250,1,150,3753,1,17:56
2024-25,1630172,Patrick Williams,Patrick,1610612741,CHI,Chicago Bulls,0022400628,2025-01-23T00:00:00,CHI @ GSW,L,27.133333333333333,4.0,14.6,0.273,1.3,5.3,0.25,0.0,0.0,0.0,0.0,4.0,4.0,1.3,1.3,0.0,0.0,1.3,0.0,1.3,9.3,1.3,14.7,0,0,15.9,1,13222,1,13222,10243,17140,9207,20048,12742,12445,11902,13505,14344,13505,14058,13784,17358,18572,13683,12854,8263,5512,20257,15777,18824,11942,23273,2246,150,22739,1,27:08
2024-25,1630166,Deni Avdija,Deni,1610612757,POR,Portland Trail Blazers,0022400622,2025-01-23T00:00:00,POR @ ORL,W,25.683333333333334,7.0,15.4,0.455,0.0,5.6,0.0,4.2,8.4,0.5,0.0,7.0,7.0,7.0,0.0,0.0,0.0,1.4,4.2,5.6,18.2,21.0,37.1,0,0,32.2,1,1,13086,1,11418,8910,7941,12676,15070,11703,15070,5337,2252,10625,14058,6343,10137,4002,16469,12854,8263,5172,6540,3179,9604,3689,9588,2246,150,12176,1,25:41
2024-25,1628449,Chris Boucher,Chris,1610612761,TOR,Toronto Raptors,0022400623,2025-01-23T00:00:00,TOR @ ATL,W,17.85,14.1,20.2,0.7,4.0,8.1,0.5,2.0,4.0,0.5,2.0,2.0,4.0,0.0,2.0,2.0,0.0,0.0,4.0,2.0,34.3,-22.2,43.2,0,0,46.4,1,1,13086,1,17663,675,2862,3045,3933,6338,3944,10585,7775,10625,8311,19604,17232,19908,10443,6173,8263,8846,7048,12999,1074,22128,6056,2246,150,3700,1,17:51
2024-25,1629057,Robert Williams III,Robert,1610612757,POR,Portland Trail Blazers,0022400622,2025-01-23T00:00:00,POR @ ORL,W,23.55,6.1,9.2,0.667,0.0,0.0,0.0,0.0,0.0,0.0,6.1,12.2,18.3,0.0,0.0,1.5,6.1,1.5,3.1,0.0,12.2,7.6,57.2,0,0,45.9,1,1,13086,1,13273,11185,18454,3281,15070,20945,15070,13505,14344,13505,1558,1262,817,19908,16469,8279,294,4662,10449,17725,15894,8806,1603,2246,150,3874,1,23:33
2024-25,1642277,Johnny Furphy,Johnny,1610612754,IND,Indiana Pacers,0022400621,2025-01-23T00:00:00,IND @ SAS,L,4.516666666666667,0.0,0.0,0.0,0.0,0.0,0.0,0.0,0.0,0.0,0.0,15.9,15.9,0.0,0.0,0.0,0.0,0.0,8.0,0.0,0.0,-15.9,19.1,0,0,15.9,1,13222,1,13222,24226,22635,24836,22635,15070,20945,15070,13505,14344,13505,14058,437,1452,19908,16469,12854,8263,8846,1375,17725,23200,20240,21580,2246,150,22725,1,4:31
2024-25,203952,Andrew Wiggins,Andrew,1610612744,GSW,Golden State Warriors,0022400628,2025-01-23T00:00:00,GSW vs. CHI,W,28.75,5.0,13.8,0.364,1.3,5.0,0.25,10.0,10.0,1.0,1.3,7.5,8.8,1.3,1.3,0.0,0.0,1.3,0.0,5.0,21.3,8.8,32.4,0,0,32.6,1,1,13086,1,8877,14368,10537,16861,13089,13197,11902,695,1367,1,11474,5473,7079,18838,14085,12854,8263,5920,20257,4104,6837,8296,12994,2246,150,11966,1,28:45
2024-25,204001,Kristaps Porziņģis,Kristaps,1610612738,BOS,Boston Celtics,0022400629,2025-01-23T00:00:00,BOS @ LAL,L,27.483333333333334,11.8,21.0,0.563,2.6,6.5,0.4,2.6,2.6,1.0,1.3,7.9,9.2,2.6,1.3,0.0,1.3,1.3,2.6,3.9,28.8,-14.4,46.4,0,0,45.8,1,13222,1,13222,9957,1671,2365,7127,7764,9431,7874,8757,10931,1,11152,4931,6484,14154,13761,12854,5606,5604,12357,6490,2477,19663,4590,2246,150,3880,1,27:29
2024-25,1642259,Alex Sarr,Alex,1610612764,WAS,Washington Wizards,0022400983,2025-01-23T00:00:00,WAS @ LAC,L,28.385,7.6,17.8,0.429,2.5,8.9,0.286,0.0,0.0,0.0,3.8,8.9,12.7,2.5,1.3,1.3,0.0,0.0,3.8,0.0,17.8,-12.7,39.3,1,0,38.0,1,13222,1,13222,9226,7487,4942,13735,8024,4992,11433,13505,14344,13505,3877,3631,3011,14418,13983,9667,8263,8846,7722,17725,10081,19008,8188,1,150,7998,1,28:23
2024-25,1630532,Franz Wagner,Franz,1610612753,ORL,Orlando Magic,0022400622,2025-01-23T00:00:00,ORL vs. POR,L,24.45,13.3,28.0,0.474,0.0,4.4,0.0,2.9,4.4,0.667,0.0,5.9,5.9,0.0,5.9,0.0,1.5,4.4,5.9,2.9,29.4,-19.1,35.0,0,0,38.3,1,13222,1,13222,12529,923,399,12072,15070,14641,15070,7967,7000,9425,14058,8566,12544,19908,1466,12854,4955,508,3085,9439,2280,21286,11028,2246,150,7839,1,24:27
2024-25,1627750,Jamal Murray,Jamal,1610612743,DEN,Denver Nuggets,0022400626,2025-01-23T00:00:00,DEN vs. SAC,W,39.766666666666666,7.2,16.3,0.444,0.9,5.4,0.167,0.9,1.8,0.5,0.9,4.5,5.4,4.5,1.8,2.7,0.0,0.0,0.0,0.9,16.3,2.7,35.9,0,0,32.6,1,1,13086,1,632,8352,6696,13045,14946,12133,14236,13446,13177,10625,13887,12190,13726,8585,11496,3874,8263,8846,20257,17656,11616,11255,10401,2246,150,11944,1,39:46
2024-25,1630322,Lindy Waters III,Lindy,1610612744,GSW,Golden State Warriors,0022400628,2025-01-23T00:00:00,GSW vs. CHI,W,5.616666666666666,6.4,19.2,0.333,6.4,19.2,0.333,0.0,0.0,0.0,0.0,6.4,6.4,6.4,0.0,0.0,0.0,0.0,0.0,0.0,19.2,-6.4,36.5,0,0,38.5,1,1,13086,1,23734,10411,3569,17395,1050,275,9209,13505,14344,13505,14058,7486,11368,4840,16469,12854,8263,8846,20257,17725,8626,16250,10009,2246,150,7727,1,5:37
2024-25,203924,Jerami Grant,Jerami,1610612757,POR,Portland Trail Blazers,0022400622,2025-01-23T00:00:00,POR @ ORL,W,33.75,4.3,11.7,0.364,2.1,6.4,0.333,2.1,2.1,1.0,0.0,4.3,4.3,4.3,1.1,1.1,3.2,0.0,1.1,1.1,12.8,16.0,36.1,0,0,32.0,1,1,13086,1,4481,16409,14051,16861,9540,9750,9209,10194,12311,1,14058,12911,16623,9213,15372,11327,1477,8846,19303,17082,15289,5246,10334,2246,150,12387,1,33:45
2024-25,1629631,De'Andre Hunter,De'Andre,1610612737,ATL,Atlanta Hawks,0022400623,2025-01-23T00:00:00,ATL vs. TOR,L,30.6,3.5,12.9,0.273,2.4,9.4,0.25,0.0,0.0,0.0,0.0,2.4,2.4,2.4,2.4,0.0,0.0,0.0,4.7,0.0,9.4,-1.2,13.4,0,0,16.5,1,13222,1,13222,7219,18253,11958,20048,8654,4235,11902,13505,14344,13505,14058,18611,21093,15043,8848,12854,8263,8846,5262,17725,18717,13659,23662,2246,150,22523,1,30:36
2024-25,1629312,Haywood Highsmith,Haywood,1610612748,MIA,Miami Heat,0022400624,2025-01-23T00:00:00,MIA @ MIL,L,21.716666666666665,1.7,5.0,0.333,1.7,5.0,0.333,0.0,0.0,0.0,0.0,5.0,5.0,1.7,0.0,1.7,0.0,0.0,5.0,0.0,5.0,-5.0,18.4,0,0,16.6,1,13222,1,13222,14741,21955,23490,17395,11513,13268,9209,13505,14344,13505,14058,10956,14867,17481,16469,7775,8263,8846,4679,17725,22027,15569,21931,2246,150,22478,1,21:43
2024-25,1628398,Kyle Kuzma,Kyle,1610612764,WAS,Washington Wizards,0022400983,2025-01-23T00:00:00,WAS @ LAC,L,27.56833333333333,3.9,15.7,0.25,1.3,3.9,0.333,0.0,0.0,0.0,1.3,7.8,9.1,3.9,2.6,0.0,1.3,0.0,1.3,1.3,9.1,-32.6,27.3,0,0,26.1,1,13222,1,13222,9898,17279,7584,20233,12837,15743,9209,13505,14344,13505,11171,4964,6518,10182,7836,12854,5624,8846,18008,15883,18952,24120,16752,2246,150,16857,1,27:34
2024-25,1631128,Christian Braun,Christian,1610612743,DEN,Denver Nuggets,0022400626,2025-01-23T00:00:00,DEN vs. SAC,W,25.458333333333332,11.3,19.8,0.571,2.8,7.1,0.4,4.2,5.7,0.75,2.8,0.0,2.8,1.4,0.0,2.8,1.4,1.4,5.7,2.8,29.7,-8.5,47.9,0,0,45.3,1,1,13086,1,11620,1996,3118,6538,7126,8316,7874,5276,4968,8186,5786,22137,20174,18296,16469,3612,5171,5126,3459,9867,2194,17177,4002,2246,150,4127,1,25:28
2024-25,1631103,Malaki Branham,Malaki,1610612759,SAS,San Antonio Spurs,0022400621,2025-01-23T00:00:00,SAS @ IND,W,4.516666666666667,8.0,8.0,1.0,8.0,8.0,1.0,0.0,0.0,0.0,0.0,0.0,0.0,0.0,0.0,0.0,0.0,0.0,0.0,8.0,23.9,15.9,23.9,0,0,31.9,1,1,13086,1,24226,6686,20298,1,460,6487,1,13505,14344,13505,14058,22137,23286,19908,16469,12854,8263,8846,20257,1034,4864,5266,19011,2246,150,12467,1,4:31
2024-25,1631321,Sidy Cissoko,Sidy,1610612759,SAS,San Antonio Spurs,0022400621,2025-01-23T00:00:00,SAS @ IND,W,4.516666666666667,8.0,15.9,0.5,0.0,0.0,0.0,0.0,0.0,0.0,0.0,0.0,0.0,0.0,8.0,8.0,0.0,0.0,0.0,0.0,15.9,15.9,31.9,0,0,31.9,1,1,13086,1,24226,6686,7194,8526,15070,20945,15070,13505,14344,13505,14058,22137,23286,19908,593,213,8263,8846,20257,17725,11976,5266,13414,2246,150,12467,1,4:31
2024-25,1628380,Zach Collins,Zach,1610612759,SAS,San Antonio Spurs,0022400621,2025-01-23T00:00:00,SAS @ IND,W,4.516666666666667,8.0,8.0,1.0,0.0,0.0,0.0,0.0,0.0,0.0,0.0,8.0,8.0,8.0,0.0,0.0,0.0,0.0,0.0,0.0,15.9,15.9,37.5,0,0,31.9,1,1,13086,1,24226,6686,20298,1,15070,20945,15070,13505,14344,13505,14058,4738,8320,2914,16469,12854,8263,8846,20257,17725,11976,5266,9369,2246,150,12467,1,4:31
2024-25,1628366,Lonzo Ball,Lonzo,1610612741,CHI,Chicago Bulls,0022400628,2025-01-23T00:00:00,CHI @ GSW,L,23.133333333333333,4.7,15.6,0.3,4.7,14.0,0.333,0.0,0.0,0.0,1.6,3.1,4.7,6.2,4.7,1.6,0.0,1.6,4.7,1.6,14.0,-9.3,28.9,0,0,32.7,1,13222,1,13222,13610,15321,7743,19363,2782,922,9209,13505,14344,13505,10098,16378,15650,5117,2758,8167,8263,4566,5366,14773,13929,17599,15529,2246,150,11890,1,23:08
2024-25,1626168,Trey Lyles,Trey,1610612758,SAC,Sacramento Kings,0022400626,2025-01-23T00:00:00,SAC @ DEN,L,21.5,6.7,15.1,0.444,5.0,11.7,0.429,1.7,3.3,0.5,1.7,13.4,15.1,1.7,1.7,1.7,0.0,0.0,0.0,1.7,20.1,-15.1,44.0,0,0,45.2,1,13222,1,13222,14935,9684,8484,13045,2242,1946,7394,11461,9196,10625,9656,899,1742,17430,12019,7698,8263,8846,20257,14351,7843,19929,5654,2246,150,4151,1,21:30
2024-25,1631200,Kris Murray,Kris,1610612757,POR,Portland Trail Blazers,0022400622,2025-01-23T00:00:00,POR @ ORL,W,12.016666666666667,6.0,9.0,0.667,0.0,3.0,0.0,6.0,9.0,0.667,3.0,6.0,9.0,0.0,0.0,3.0,0.0,0.0,0.0,6.0,18.0,15.0,37.7,0,0,33.0,1,1,13086,1,21220,11546,18746,3281,15070,17667,15070,2871,1880,9425,5353,8345,6765,19908,16469,3161,8263,8846,20257,2635,9872,5633,9193,2246,150,11685,1,12:01
2024-25,1631108,Max Christie,Max,1610612747,LAL,Los Angeles Lakers,0022400629,2025-01-23T00:00:00,LAL vs. BOS,W,29.05,2.5,7.4,0.333,2.5,7.4,0.333,0.0,0.0,0.0,0.0,5.0,5.0,2.5,2.5,0.0,0.0,1.2,1.2,1.2,7.4,14.9,14.6,0,0,17.3,1,1,13086,1,8631,20499,21020,17395,8223,7525,9209,13505,14344,13505,14058,11010,14912,14623,8335,12854,8263,6004,18328,16184,20374,5677,23305,2246,150,22148,1,29:03
2024-25,1630598,Aaron Wiggins,Aaron,1610612760,OKC,Oklahoma City Thunder,0022400625,2025-01-23T00:00:00,OKC vs. DAL,L,27.7,5.2,14.3,0.364,0.0,7.8,0.0,1.3,2.6,0.5,1.3,2.6,3.9,1.3,1.3,0.0,0.0,0.0,1.3,2.6,11.7,-1.3,17.0,0,0,16.9,1,13222,1,13222,9787,13824,9700,16861,15070,6806,15070,12302,10973,10625,11200,17948,17575,18659,13797,12854,8263,8846,18032,10647,16457,13717,22476,2246,150,22351,1,27:42
2024-25,1630557,Corey Kispert,Corey,1610612764,WAS,Washington Wizards,0022400983,2025-01-23T00:00:00,WAS @ LAC,L,23.381666666666668,0.0,4.6,0.0,0.0,1.5,0.0,1.5,1.5,1.0,3.1,3.1,6.2,3.1,1.5,3.1,0.0,1.5,0.0,1.5,1.5,-16.9,21.2,0,0,16.9,1,13222,1,13222,13403,22635,23735,22635,15070,20232,15070,11715,13449,1,5176,16466,11922,12670,12584,2979,8263,4623,20257,14835,23179,20595,20572,2246,150,22337,1,23:23
2024-25,201942,DeMar DeRozan,DeMar,1610612758,SAC,Sacramento Kings,0022400626,2025-01-23T00:00:00,SAC @ DEN,L,37.01,8.8,15.6,0.563,0.0,1.9,0.0,5.8,7.8,0.75,1.9,3.9,5.8,1.0,1.0,0.0,1.0,1.0,1.0,3.9,23.3,-9.7,33.8,0,0,32.1,1,13222,1,13222,1984,5171,7742,7127,15070,19654,15070,3043,2681,8186,8642,14058,12692,19759,16005,12854,7672,8169,19849,6596,5248,17768,12007,2246,150,12299,1,37:01
2024-25,1629673,Jordan Poole,Jordan,1610612764,WAS,Washington Wizards,0022400983,2025-01-23T00:00:00,WAS @ LAC,L,34.54833333333333,6.3,19.8,0.316,4.2,12.5,0.333,8.3,8.3,1.0,1.0,1.0,2.1,9.4,1.0,2.1,0.0,2.1,3.1,5.2,25.0,-4.2,46.8,0,0,44.8,1,13222,1,13222,3817,10845,3115,19148,3637,1519,9209,1264,2300,1,12929,21896,21646,1770,15546,5855,8263,2963,10184,3764,4212,15163,4409,2246,150,4349,1,34:33
2024-25,1626171,Bobby Portis,Bobby,1610612749,MIL,Milwaukee Bucks,0022400624,2025-01-23T00:00:00,MIL vs. MIA,W,21.633333333333333,11.6,23.3,0.5,0.0,1.7,0.0,3.3,3.3,1.0,5.0,8.3,13.3,5.0,1.7,0.0,0.0,1.7,1.7,3.3,26.6,26.6,48.4,0,0,44.9,1,1,13086,1,14814,1763,1278,8526,15070,20088,15070,7053,9243,1,2385,4254,2594,7482,12069,12854,8263,4237,16644,8162,3375,2497,3839,2246,150,4298,1,21:38
2024-25,1627780,Gary Payton II,Gary,1610612744,GSW,Golden State Warriors,0022400628,2025-01-23T00:00:00,GSW vs. CHI,W,10.933333333333334,3.3,9.9,0.333,3.3,6.6,0.5,0.0,0.0,0.0,0.0,6.6,6.6,0.0,3.3,0.0,3.3,0.0,3.3,0.0,9.9,-52.7,24.4,0,0,26.3,1,1,13086,1,21736,18771,17287,17395,5690,9348,3944,13505,14344,13505,14058,7130,10988,19908,5527,12854,1403,8846,9481,17725,18276,25494,18697,2246,150,16678,1,10:56
2024-25,1627777,Georges Niang,Georges,1610612739,CLE,Cleveland Cavaliers,0022400615,2025-01-22T00:00:00,CLE @ HOU,L,20.408333333333335,5.3,12.3,0.429,3.5,7.1,0.5,0.0,0.0,0.0,3.5,5.3,8.8,0.0,1.8,0.0,0.0,1.8,3.5,0.0,14.1,-21.2,22.9,0,0,26.5,1,13222,1,13222,15713,13554,12985,13735,5087,8346,3944,13505,14344,13505,4332,10047,6983,19908,11688,12854,8263,3993,8676,17725,13836,21878,19601,2246,150,16571,1,20:25
2024-25,1629652,Luguentz Dort,Luguentz,1610612760,OKC,Oklahoma City Thunder,0022400618,2025-01-22T00:00:00,OKC vs. UTA,W,32.15833333333333,2.2,5.6,0.4,1.1,4.5,0.25,0.0,0.0,0.0,3.4,2.2,5.6,4.5,0.0,0.0,0.0,0.0,5.6,0.0,5.6,-7.8,19.0,0,0,16.8,1,1,13086,1,5844,20968,23000,14933,13845,14502,11902,13505,14344,13505,4623,18954,13293,8710,16469,12854,8263,8846,3550,17725,21667,16893,21628,2246,150,22385,1,32:10
2024-25,1630256,Jae'Sean Tate,Jae'Sean,1610612745,HOU,Houston Rockets,0022400615,2025-01-22T00:00:00,HOU vs. CLE,W,9.791666666666666,7.4,18.4,0.4,0.0,3.7,0.0,0.0,0.0,0.0,3.7,3.7,7.4,3.7,3.7,0.0,0.0,3.7,3.7,0.0,14.7,-29.4,25.4,0,0,25.7,1,1,13086,1,22178,8114,4301,14933,15070,16271,15070,13505,14344,13505,4074,14711,9465,10855,4611,12854,8263,807,8179,17725,13191,23645,18028,2246,150,17114,1,9:48
2024-25,1641708,Amen Thompson,Amen,1610612745,HOU,Houston Rockets,0022400615,2025-01-22T00:00:00,HOU vs. CLE,W,36.31666666666667,6.9,14.9,0.467,1.0,3.0,0.333,1.0,2.0,0.5,8.9,6.9,15.9,4.0,5.0,4.0,0.0,3.0,2.0,1.0,15.9,-9.9,47.8,1,0,44.6,1,1,13086,1,2458,9072,8795,12249,14596,17716,9209,13262,12775,10625,573,6467,1471,10026,2397,1673,8263,1373,15248,17424,12070,17856,4054,1,150,4422,1,36:19
2024-25,1642382,Branden Carlson,Branden,1610612760,OKC,Oklahoma City Thunder,0022400618,2025-01-22T00:00:00,OKC vs. UTA,W,11.35,6.3,12.7,0.5,6.3,12.7,0.5,0.0,0.0,0.0,0.0,6.3,6.3,0.0,0.0,0.0,3.2,0.0,3.2,0.0,19.0,28.5,36.2,0,0,38.1,1,1,13086,1,21559,10580,12406,8526,1091,1432,3944,13505,14344,13505,14058,7609,11515,19908,16469,12854,1503,8846,9992,17725,8822,2179,10258,2246,150,7985,1,11:21
2024-25,1629599,Amir Coffey,Amir,1610612746,LAC,LA Clippers,0022400620,2025-01-22T00:00:00,LAC vs. BOS,L,44.483333333333334,7.3,12.1,0.6,0.8,1.6,0.5,4.0,4.0,1.0,0.0,2.4,2.4,1.6,1.6,0.8,0.0,0.8,2.4,2.4,19.4,-3.2,25.6,0,0,25.9,1,13222,1,13222,73,8252,13339,5394,15060,20143,3944,5612,7747,1,14058,18406,20942,17598,12260,12830,8263,8822,13082,11238,8443,14694,17893,2246,150,17006,1,44:29
2024-25,1629726,Garrison Mathews,Garrison,1610612737,ATL,Atlanta Hawks,0022400612,2025-01-22T00:00:00,ATL vs. DET,L,9.583333333333334,7.5,15.0,0.5,7.5,15.0,0.5,7.5,11.3,0.667,0.0,7.5,7.5,0.0,0.0,0.0,0.0,0.0,3.8,7.5,30.1,33.8,39.1,0,0,45.1,1,13222,1,13222,22248,7739,8569,8526,591,688,3944,1656,961,9425,14058,5474,9145,19908,16469,12854,8263,8846,7889,1319,2067,1525,8359,2246,150,4232,1,9:35
2024-25,1627780,Gary Payton II,Gary,1610612744,GSW,Golden State Warriors,0022400619,2025-01-22T00:00:00,GSW @ SAC,L,12.733333333333333,8.5,17.0,0.5,2.8,8.5,0.333,2.8,2.8,1.0,2.8,14.1,17.0,2.8,11.3,0.0,0.0,0.0,8.5,2.8,22.6,-5.7,35.9,0,0,45.2,1,13222,1,13222,20878,5646,5840,8526,7127,5616,9209,8268,10414,1,5787,733,1136,13503,235,12854,8263,8846,1143,9868,5760,15900,10429,2246,150,4137,1,12:44
2024-25,1631209,Isaiah Wong,Isaiah,1610612766,CHA,Charlotte Hornets,0022400616,2025-01-22T00:00:00,CHA @ MEM,L,6.465,11.1,22.3,0.5,0.0,11.1,0.0,11.1,11.1,1.0,0.0,5.6,5.6,5.6,5.6,0.0,0.0,0.0,0.0,11.1,33.4,16.7,42.9,0,0,44.5,1,13222,1,13222,23386,2152,1685,8526,15070,2382,15070,458,985,1,14058,9363,13363,6307,1754,12854,8263,8846,20257,263,1239,5001,6181,2246,150,4444,1,6:28
2024-25,1629660,Ty Jerome,Ty,1610612739,CLE,Cleveland Cavaliers,0022400615,2025-01-22T00:00:00,CLE @ HOU,L,24.816666666666666,8.7,17.4,0.5,4.4,10.2,0.429,4.4,4.4,1.0,2.9,2.9,5.8,0.0,4.4,4.4,0.0,0.0,0.0,1.5,26.1,2.9,41.8,0,0,45.0,1,13222,1,13222,12165,5265,5350,8526,3311,3326,7394,5065,7108,1,5589,17082,12758,19908,3217,1333,8263,8846,20257,15240,3622,11173,6735,2246,150,4287,1,24:49
2024-25,201942,DeMar DeRozan,DeMar,1610612758,SAC,Sacramento Kings,0022400619,2025-01-22T00:00:00,SAC vs. GSW,W,39.16,11.0,19.3,0.571,2.8,5.5,0.5,4.6,5.5,0.833,0.0,4.6,4.6,1.8,0.9,1.8,1.8,0.0,2.8,3.7,29.4,23.9,47.8,0,0,46.0,1,1,13086,1,829,2232,3491,6538,7359,11917,3944,4686,5169,7275,14058,11989,15817,16969,16290,7086,3961,8846,11810,7191,2293,3052,4047,2246,150,3823,1,39:10
2024-25,202684,Tristan Thompson,Tristan,1610612739,CLE,Cleveland Cavaliers,0022400615,2025-01-22T00:00:00,CLE @ HOU,L,12.983333333333333,0.0,2.8,0.0,0.0,0.0,0.0,0.0,0.0,0.0,5.5,2.8,8.3,8.3,0.0,0.0,0.0,2.8,5.5,2.8,0.0,-16.6,22.5,0,0,16.6,1,13222,1,13222,20745,22635,24564,22635,15070,20945,15070,13505,14344,13505,1922,17498,7742,2593,16469,12854,8263,1639,3634,10067,23200,20491,19900,2246,150,22454,1,12:59
2024-25,1629645,Kevin Porter Jr.,Kevin,1610612746,LAC,LA Clippers,0022400620,2025-01-22T00:00:00,LAC vs. BOS,L,38.53333333333333,11.2,19.6,0.571,1.9,5.6,0.333,0.0,0.0,0.0,0.0,6.5,6.5,6.5,2.8,2.8,0.0,1.9,2.8,1.9,24.3,2.8,47.6,0,0,44.8,1,13222,1,13222,1092,2083,3260,6538,10786,11706,9209,13505,14344,13505,14058,7225,11089,4647,7202,3685,8263,3674,11635,13648,4617,11224,4125,2246,150,4333,1,38:32
2024-25,1630183,Jaden McDaniels,Jaden,1610612750,MIN,Minnesota Timberwolves,0022400614,2025-01-22T00:00:00,MIN @ DAL,W,39.718333333333334,9.1,16.3,0.556,0.9,4.5,0.2,5.4,7.3,0.75,1.8,5.4,7.3,0.0,1.8,3.6,2.7,0.9,3.6,3.6,24.5,4.5,50.4,0,0,45.3,1,1,13086,1,646,4585,6655,7248,14941,14356,13429,3487,3129,8186,9198,9698,9652,19908,11487,2061,2049,8627,8342,7318,4506,10372,3153,2246,150,4097,1,39:43
2024-25,1628964,Mo Bamba,Mo,1610612746,LAC,LA Clippers,0022400620,2025-01-22T00:00:00,LAC vs. BOS,L,16.816666666666666,4.3,6.4,0.667,0.0,0.0,0.0,2.1,4.3,0.5,2.1,4.3,6.4,0.0,2.1,0.0,0.0,0.0,8.6,4.3,10.7,-4.3,16.3,0,0,17.1,1,13222,1,13222,18375,16367,22180,3281,15070,20945,15070,10163,7244,10625,7796,12859,11340,19908,9779,12854,8263,8846,1113,5641,17470,15216,22750,2246,150,22248,1,16:49
2024-25,1630553,Keon Johnson,Keon,1610612751,BKN,Brooklyn Nets,0022400613,2025-01-22T00:00:00,BKN vs. PHX,L,29.883333333333333,10.8,19.3,0.563,1.2,4.8,0.25,1.2,1.2,1.0,2.4,6.0,8.4,2.4,1.2,1.2,0.0,1.2,3.6,2.4,24.1,-28.9,40.2,0,0,38.5,1,13222,1,13222,7889,2385,3527,7127,13332,13646,11902,12568,13875,1,6888,8274,7574,14846,14401,10133,8263,6221,8389,11312,4736,23574,7607,2246,150,7675,1,29:53
2024-25,201939,Stephen Curry,Stephen,1610612744,GSW,Golden State Warriors,0022400619,2025-01-22T00:00:00,GSW @ SAC,L,33.833333333333336,6.4,11.7,0.545,1.1,4.3,0.25,1.1,1.1,1.0,1.1,2.1,3.2,12.8,3.2,0.0,0.0,2.1,1.1,3.2,14.9,2.1,34.7,1,0,31.9,1,13222,1,13222,4412,10483,14108,7695,14169,15000,11902,13031,14104,1,12765,19277,19254,573,5844,12854,8263,2838,19315,8590,13020,11555,11302,1,150,12443,1,33:50
2024-25,1641718,Keyonte George,Keyonte,1610612762,UTA,Utah Jazz,0022400618,2025-01-22T00:00:00,UTA @ OKC,L,32.36666666666667,3.3,12.2,0.273,2.2,5.6,0.4,7.8,8.9,0.875,0.0,5.6,5.6,11.1,2.2,1.1,0.0,0.0,1.1,5.6,16.7,3.3,41.2,1,0,37.8,1,13222,1,13222,5670,18667,13207,20048,9141,11815,7874,1518,1925,6931,14058,9387,13393,959,9405,10921,8263,8846,19034,3248,11189,10954,7080,1,150,8159,1,32:22
2024-25,1629636,Darius Garland,Darius,1610612739,CLE,Cleveland Cavaliers,0022400615,2025-01-22T00:00:00,CLE @ HOU,L,33.28333333333333,10.8,22.7,0.476,3.2,6.5,0.5,3.2,8.7,0.375,1.1,1.1,2.2,5.4,3.2,3.2,0.0,0.0,0.0,5.4,28.1,-7.6,45.3,0,0,45.4,1,13222,1,13222,4911,2404,1493,12010,5836,9567,3944,7215,2087,13124,12620,21802,21487,6622,5680,2656,8263,8846,20257,3467,2735,16768,5029,2246,150,4057,1,33:17
2024-25,1627741,Buddy Hield,Buddy,1610612744,GSW,Golden State Warriors,0022400619,2025-01-22T00:00:00,GSW @ SAC,L,25.335,8.5,17.1,0.5,7.1,12.8,0.556,0.0,0.0,0.0,1.4,2.8,4.3,1.4,1.4,4.3,0.0,1.4,2.8,0.0,24.2,4.3,42.8,0,0,45.5,1,13222,1,13222,11713,5570,5745,8526,724,1395,3747,13505,14344,13505,10663,17266,16636,18268,13166,1409,8263,5098,11457,17725,4702,10511,6235,2246,150,4035,1,25:20
2024-25,1631105,Jalen Duren,Jalen,1610612765,DET,Detroit Pistons,0022400612,2025-01-22T00:00:00,DET @ ATL,W,25.65,8.4,9.8,0.857,0.0,0.0,0.0,2.8,2.8,1.0,1.4,15.4,16.8,2.8,5.6,0.0,2.8,0.0,5.6,2.8,19.6,-2.8,46.9,1,0,44.9,1,1,13086,1,11448,5759,17360,1412,15070,20945,15070,8334,10473,1,10733,495,1161,13564,1714,12854,1945,8846,3524,9944,8205,14458,4357,1,150,4305,1,25:39
2024-25,1628368,De'Aaron Fox,De'Aaron,1610612758,SAC,Sacramento Kings,0022400619,2025-01-22T00:00:00,SAC vs. GSW,W,36.45,2.0,10.9,0.182,0.0,3.0,0.0,9.9,9.9,1.0,0.0,4.9,4.9,4.9,0.0,1.0,0.0,1.0,3.0,10.9,13.8,9.9,30.1,0,0,25.7,1,1,13086,1,2364,21450,15581,21891,15070,17733,15070,735,1420,1,14058,11056,14956,7602,16469,12056,8263,8028,10888,289,14123,7749,14720,2246,150,17150,1,36:27
2024-25,1628991,Jaren Jackson Jr.,Jaren,1610612763,MEM,Memphis Grizzlies,0022400616,2025-01-22T00:00:00,MEM vs. CHA,W,30.171666666666667,10.7,21.5,0.5,1.2,6.0,0.2,3.6,3.6,1.0,2.4,4.8,7.2,1.2,0.0,0.0,1.2,0.0,4.8,2.4,26.2,9.5,40.2,0,0,38.2,1,1,13086,1,7618,2473,2052,8526,13413,10775,13429,6534,8730,1,6969,11507,9837,19034,16469,12854,6218,8846,5129,11404,3561,7923,7629,2246,150,7915,1,30:10
2024-25,1630208,Nick Richards,Nick,1610612756,PHX,Phoenix Suns,0022400613,2025-01-22T00:00:00,PHX @ BKN,W,21.833333333333332,4.9,6.6,0.75,0.0,0.0,0.0,3.3,3.3,1.0,6.6,18.1,24.7,0.0,4.9,0.0,0.0,0.0,4.9,3.3,13.2,24.7,37.9,0,0,37.9,1,1,13086,1,14630,14563,22019,2107,15070,20945,15070,7114,9315,1,1329,250,201,19908,2402,12854,8263,8846,4735,8259,14884,2874,9065,2246,150,8075,1,21:50
2024-25,202699,Tobias Harris,Tobias,1610612765,DET,Detroit Pistons,0022400612,2025-01-22T00:00:00,DET @ ATL,W,37.163333333333334,2.9,6.8,0.429,1.9,2.9,0.667,1.0,1.9,0.5,1.0,1.0,1.9,1.0,1.0,0.0,1.0,1.0,1.9,1.0,8.7,15.5,14.4,0,0,15.5,1,1,13086,1,1881,19652,21801,13735,10470,17857,1957,13330,12890,10625,13508,22026,21939,19772,16040,12854,7701,8197,15474,17492,19332,5434,23353,2246,150,22885,1,37:10
2024-25,1627734,Domantas Sabonis,Domantas,1610612758,SAC,Sacramento Kings,0022400619,2025-01-22T00:00:00,SAC vs. GSW,W,38.68333333333333,7.4,11.2,0.667,1.9,3.7,0.5,7.4,7.4,1.0,2.8,14.0,16.8,2.8,2.8,0.0,0.0,0.0,1.9,5.6,24.2,10.2,45.7,1,0,45.6,1,1,13086,1,1018,7904,15078,3281,10821,16159,3944,1703,2958,1,5883,769,1188,13608,7250,12854,8263,8846,15883,3214,4682,7585,4860,1,150,3974,1,38:41
2024-25,203552,Seth Curry,Seth,1610612766,CHA,Charlotte Hornets,0022400616,2025-01-22T00:00:00,CHA @ MEM,L,6.316666666666666,11.4,11.4,1.0,11.4,11.4,1.0,0.0,0.0,0.0,0.0,0.0,0.0,0.0,11.4,0.0,0.0,0.0,5.7,0.0,34.2,-62.7,22.8,0,0,45.6,1,13222,1,13222,23450,1937,14660,1,143,2176,1,13505,14344,13505,14058,22137,23286,19908,234,12854,8263,8846,3390,17725,1088,25741,19686,2246,150,3985,1,6:19
2024-25,1631204,Marcus Sasser,Marcus,1610612765,DET,Detroit Pistons,0022400612,2025-01-22T00:00:00,DET @ ATL,W,14.05,0.0,12.8,0.0,0.0,10.2,0.0,12.8,12.8,1.0,0.0,5.1,5.1,7.7,0.0,0.0,0.0,0.0,2.6,5.1,12.8,28.2,30.5,0,0,25.6,1,1,13086,1,20169,22635,12185,22635,15070,3212,15070,273,614,1,14058,10490,14450,3197,16469,12854,8263,8846,12555,3885,15274,2231,14432,2246,150,17196,1,14:03
2024-25,1629027,Trae Young,Trae,1610612737,ATL,Atlanta Hawks,0022400612,2025-01-22T00:00:00,ATL vs. DET,L,40.11666666666667,4.5,11.7,0.385,0.9,3.6,0.25,1.8,3.6,0.5,0.0,1.8,1.8,8.1,4.5,1.8,0.0,0.9,2.7,3.6,11.7,-4.5,26.8,0,0,26.0,1,13222,1,13222,537,15824,14188,16070,14968,16465,11902,11248,8704,10625,14058,20254,22168,2811,3017,7280,8263,8674,12073,7424,16504,15318,17066,2246,150,16909,1,40:07
2024-25,1629638,Nickeil Alexander-Walker,Nickeil,1610612750,MIN,Minnesota Timberwolves,0022400614,2025-01-22T00:00:00,MIN @ DAL,W,31.82,3.4,6.8,0.5,1.1,4.5,0.25,0.0,0.0,0.0,1.1,2.3,3.4,4.5,2.3,0.0,2.3,0.0,1.1,0.0,7.9,-5.7,23.3,0,0,21.5,1,1,13086,1,6138,18553,21792,8526,13759,14369,11902,13505,14344,13505,12251,18881,18792,8587,9252,12854,2818,8846,18914,17725,19983,15902,19368,2246,150,19963,1,31:49
2024-25,1641744,Zach Edey,Zach,1610612763,MEM,Memphis Grizzlies,0022400616,2025-01-22T00:00:00,MEM vs. CHA,W,18.933333333333334,5.7,13.3,0.429,0.0,1.9,0.0,1.9,3.8,0.5,3.8,7.6,11.4,1.9,3.8,0.0,1.9,3.8,7.6,1.9,13.3,15.2,31.8,0,0,30.4,1,1,13086,1,16882,12405,11288,13735,15070,19735,15070,10941,8245,10625,3882,5316,4044,16747,4310,12854,3758,730,1569,13504,14739,5540,13509,2246,150,13610,1,18:56
2024-25,1629611,Terance Mann,Terance,1610612746,LAC,LA Clippers,0022400620,2025-01-22T00:00:00,LAC vs. BOS,L,45.03333333333333,3.2,8.8,0.364,0.0,2.4,0.0,2.4,3.2,0.75,0.8,3.2,4.0,5.6,3.2,0.8,0.8,0.0,1.6,2.4,8.8,-1.6,23.6,0,0,21.6,1,13222,1,13222,57,19005,19033,16861,15070,18813,15070,9344,9529,8186,14041,16099,17324,6255,5828,12836,8242,8846,16880,11360,19275,13838,19213,2246,150,19910,1,45:02
2024-25,1630217,Desmond Bane,Desmond,1610612763,MEM,Memphis Grizzlies,0022400616,2025-01-22T00:00:00,MEM vs. CHA,W,33.74333333333333,10.7,16.0,0.667,4.3,7.5,0.571,0.0,0.0,0.0,0.0,2.1,2.1,8.5,0.0,0.0,1.1,0.0,3.2,1.1,25.6,18.1,44.2,0,0,42.7,1,1,13086,1,4496,2544,7104,3281,3450,7472,3506,13505,14344,13505,14058,19260,21545,2394,16469,12854,7014,8846,9860,17081,3877,4510,5595,2246,150,5325,1,33:45
2024-25,1642281,Jaylon Tyson,Jaylon,1610612739,CLE,Cleveland Cavaliers,0022400615,2025-01-22T00:00:00,CLE @ HOU,L,5.05,0.0,7.1,0.0,0.0,0.0,0.0,0.0,0.0,0.0,0.0,7.1,7.1,0.0,0.0,7.1,0.0,0.0,0.0,0.0,0.0,-92.7,29.9,0,0,21.4,1,13222,1,13222,23973,22635,21403,22635,15070,20945,15070,13505,14344,13505,14058,6120,9893,19908,16469,279,8263,8846,20257,17725,23200,26107,14841,2246,150,20032,1,5:03
2024-25,1641733,Nick Smith Jr.,Nick,1610612766,CHA,Charlotte Hornets,0022400616,2025-01-22T00:00:00,CHA @ MEM,L,30.923333333333332,4.7,11.6,0.4,1.2,5.8,0.2,0.0,0.0,0.0,1.2,0.0,1.2,5.8,2.3,1.2,0.0,0.0,0.0,0.0,10.5,-11.6,21.8,0,0,21.0,1,13222,1,13222,6941,15344,14241,14933,13571,11157,13429,13505,14344,13505,12025,22137,22993,5814,8954,10472,8263,8846,20257,17725,17680,18593,20279,2246,150,20307,1,30:55
2024-25,1630314,Brandon Williams,Brandon,1610612742,DAL,Dallas Mavericks,0022400614,2025-01-22T00:00:00,DAL vs. MIN,L,9.35,3.9,7.7,0.5,0.0,0.0,0.0,0.0,0.0,0.0,0.0,0.0,0.0,11.6,0.0,3.9,0.0,3.9,0.0,3.9,7.7,27.0,36.6,0,0,27.0,1,13222,1,13222,22333,17449,20652,8526,15070,20945,15070,13505,14344,13505,14058,22137,23286,826,16469,1790,8263,707,20257,6704,20161,2438,9982,2246,150,16184,1,9:21
2024-25,1628401,Derrick White,Derrick,1610612738,BOS,Boston Celtics,0022400620,2025-01-22T00:00:00,BOS @ LAC,W,42.46666666666667,5.9,14.4,0.412,3.4,10.2,0.333,1.7,1.7,1.0,1.7,3.4,5.1,3.4,2.5,0.8,0.0,0.0,0.8,1.7,17.0,6.8,28.1,0,0,30.5,1,1,13086,1,206,11699,9503,14791,5403,3309,9209,11423,13298,1,9589,15540,14558,11702,8069,12793,8263,8846,20214,14284,10898,9249,16108,2246,150,13535,1,42:28
2024-25,1630191,Isaiah Stewart,Isaiah,1610612765,DET,Detroit Pistons,0022400612,2025-01-22T00:00:00,DET @ ATL,W,19.566666666666666,1.8,5.5,0.333,0.0,0.0,0.0,0.0,0.0,0.0,3.7,18.4,22.1,5.5,0.0,0.0,5.5,1.8,0.0,1.8,3.7,20.2,55.0,0,0,42.3,1,1,13086,1,16360,21683,23074,17395,15070,20945,15070,13505,14344,13505,4069,230,334,6388,16469,12854,392,3768,20257,13774,22699,3884,1980,2246,150,5492,1,19:34
2024-25,1629026,Kenrich Williams,Kenrich,1610612760,OKC,Oklahoma City Thunder,0022400618,2025-01-22T00:00:00,OKC vs. UTA,W,13.178333333333333,0.0,8.2,0.0,0.0,5.5,0.0,0.0,0.0,0.0,8.2,10.9,19.1,2.7,5.5,0.0,0.0,2.7,2.7,2.7,0.0,24.6,21.6,0,0,21.9,1,1,13086,1,20667,22635,19950,22635,15070,12053,15070,13505,14344,13505,723,1942,665,13815,1846,12854,8263,1696,11908,10227,23200,2903,20370,2246,150,19753,1,13:11
2024-25,1630531,Jaden Springer,Jaden,1610612738,BOS,Boston Celtics,0022400620,2025-01-22T00:00:00,BOS @ LAC,W,20.27,3.6,10.7,0.333,3.6,10.7,0.333,3.6,3.6,1.0,0.0,3.6,3.6,0.0,1.8,7.1,0.0,1.8,5.3,5.3,14.2,8.9,38.0,0,0,35.5,1,1,13086,1,15809,18198,15963,17395,5024,2828,9209,6600,8785,1,14058,15082,18442,19908,11647,281,8263,3964,3974,3594,13718,8232,9021,2246,150,9721,1,20:16
2024-25,1630598,Aaron Wiggins,Aaron,1610612760,OKC,Oklahoma City Thunder,0022400618,2025-01-22T00:00:00,OKC vs. UTA,W,22.6,6.4,11.2,0.571,3.2,6.4,0.5,0.0,0.0,0.0,1.6,4.8,6.4,1.6,1.6,1.6,0.0,1.6,3.2,0.0,15.9,-6.4,29.2,0,0,30.3,1,1,13086,1,14030,10511,15102,6538,5994,9817,3944,13505,14344,13505,9954,11493,11465,17672,12363,8014,8263,4452,9916,17725,11997,16235,15393,2246,150,13746,1,22:36
2024-25,1630556,Kessler Edwards,Kessler,1610612742,DAL,Dallas Mavericks,0022400614,2025-01-22T00:00:00,DAL vs. MIN,L,14.931666666666667,4.8,4.8,1.0,0.0,0.0,0.0,0.0,0.0,0.0,0.0,4.8,4.8,2.4,0.0,2.4,0.0,0.0,0.0,0.0,9.6,-7.2,26.3,0,0,21.7,1,13222,1,13222,19624,14878,23588,1,15070,20945,15070,13505,14344,13505,14058,11360,15240,14841,16469,4658,8263,8846,20257,17725,18500,16603,17425,2246,150,19843,1,14:56
2024-25,1641989,Elijah Harkless,Elijah,1610612762,UTA,Utah Jazz,0022400618,2025-01-22T00:00:00,UTA @ OKC,L,18.433333333333334,3.9,9.8,0.4,2.0,7.8,0.25,0.0,0.0,0.0,3.9,0.0,3.9,2.0,0.0,2.0,0.0,0.0,3.9,3.9,9.8,-11.7,23.2,0,0,21.5,1,13222,1,13222,17258,17304,17445,14933,10376,6777,11902,13505,14344,13505,3714,22137,17552,16548,16469,6487,8263,8846,7424,6546,18382,18629,19417,2246,150,19983,1,18:26
2024-25,203486,Mason Plumlee,Mason,1610612756,PHX,Phoenix Suns,0022400613,2025-01-22T00:00:00,PHX @ BKN,W,17.333333333333332,6.2,8.3,0.75,0.0,2.1,0.0,0.0,0.0,0.0,4.2,6.2,10.4,2.1,2.1,8.3,0.0,0.0,4.2,0.0,12.5,33.2,50.9,0,0,41.5,1,1,13086,1,18048,10886,19782,2107,15070,19408,15070,13505,14344,13505,3361,7829,5018,16088,10114,188,8263,8846,6683,17725,15637,1600,3015,2246,150,5884,1,17:20
2024-25,1641713,GG Jackson,GG,1610612763,MEM,Memphis Grizzlies,0022400616,2025-01-22T00:00:00,MEM vs. CHA,W,10.24,3.5,7.0,0.5,3.5,3.5,1.0,0.0,0.0,0.0,0.0,7.0,7.0,0.0,10.5,0.0,0.0,3.5,0.0,3.5,10.5,-14.1,8.4,0,0,21.1,1,1,13086,1,22016,18291,21524,8526,5115,16624,1,13505,14344,13505,14058,6309,10098,19908,290,12854,8263,903,20257,7621,17616,19527,24639,2246,150,20225,1,10:14
2024-25,1627884,Derrick Jones Jr.,Derrick,1610612746,LAC,LA Clippers,0022400620,2025-01-22T00:00:00,LAC vs. BOS,L,43.6,9.9,16.5,0.6,3.3,5.8,0.571,0.8,1.7,0.5,2.5,3.3,5.8,2.5,2.5,2.5,0.8,0.8,4.1,1.7,23.9,4.1,42.0,0,0,42.1,1,13222,1,13222,110,3317,6402,5394,5650,11255,3506,13491,13339,10625,6682,15783,12811,14629,8340,4444,8225,8808,6746,14439,4841,10581,6600,2246,150,5592,1,43:36
2024-25,1627936,Alex Caruso,Alex,1610612760,OKC,Oklahoma City Thunder,0022400618,2025-01-22T00:00:00,OKC vs. UTA,W,20.408333333333335,5.3,12.3,0.429,1.8,7.1,0.25,0.0,0.0,0.0,1.8,3.5,5.3,8.8,1.8,7.1,0.0,0.0,5.3,1.8,12.3,28.2,51.3,0,0,42.3,1,1,13086,1,15713,13554,12985,13735,11207,8346,11902,13505,14344,13505,9371,15149,14058,2162,11688,287,8263,8846,4037,14060,15761,2226,2888,2246,150,5482,1,20:25
2024-25,1630592,Jalen Wilson,Jalen,1610612751,BKN,Brooklyn Nets,0022400613,2025-01-22T00:00:00,BKN vs. PHX,L,33.81666666666667,5.3,12.8,0.417,1.1,8.5,0.125,4.3,4.3,1.0,1.1,3.2,4.3,3.2,2.1,1.1,0.0,0.0,0.0,2.1,16.0,-10.6,26.9,0,0,26.6,1,13222,1,13222,4424,13484,12263,14532,14166,5561,14886,5241,7297,1,12759,16112,16651,12345,9850,11347,8263,8846,20257,12486,11951,18159,17000,2246,150,16456,1,33:49
2024-25,1641738,Kobe Brown,Kobe,1610612746,LAC,LA Clippers,0022400620,2025-01-22T00:00:00,LAC vs. BOS,L,37.763333333333335,1.9,6.7,0.286,0.0,2.9,0.0,0.0,0.0,0.0,3.8,6.7,10.5,1.9,2.9,1.0,1.9,0.0,2.9,0.0,3.8,-6.7,25.0,0,0,21.9,1,13222,1,13222,1535,21571,21926,19630,15070,17941,15070,13505,14344,13505,3864,6956,4917,16726,6996,12325,3745,8846,11366,17725,22646,16368,18310,2246,150,19714,1,37:46
2024-25,1631217,Moussa Diabaté,Moussa,1610612766,CHA,Charlotte Hornets,0022400616,2025-01-22T00:00:00,CHA @ MEM,L,15.355,2.3,4.7,0.5,0.0,0.0,0.0,2.3,2.3,1.0,4.7,0.0,4.7,0.0,2.3,0.0,4.7,0.0,4.7,2.3,7.0,-2.3,24.4,0,0,21.1,1,13222,1,13222,19341,20773,23690,8526,15070,20945,15070,9470,11644,1,2683,22137,15597,19908,8888,12854,615,8846,5311,11571,20700,14233,18692,2246,150,20218,1,15:21
2024-25,1630552,Jalen Johnson,Jalen,1610612737,ATL,Atlanta Hawks,0022400612,2025-01-22T00:00:00,ATL vs. DET,L,37.53333333333333,7.7,20.1,0.381,0.0,5.8,0.0,1.0,1.0,1.0,1.0,7.7,8.6,3.8,1.9,5.8,0.0,3.8,0.0,1.0,16.3,-5.8,47.8,0,0,40.3,1,13222,1,13222,1662,7318,2877,16250,15070,11314,15070,13349,14272,1,13579,5200,7255,10400,10949,552,8263,712,20257,17517,11600,15949,4058,2246,150,6622,1,37:32
2024-25,1629004,Svi Mykhailiuk,Svi,1610612762,UTA,Utah Jazz,0022400618,2025-01-22T00:00:00,UTA @ OKC,L,16.483333333333334,4.4,13.1,0.333,4.4,10.9,0.4,0.0,0.0,0.0,0.0,2.2,2.2,0.0,2.2,0.0,0.0,0.0,6.6,0.0,13.1,-21.8,13.5,0,0,19.7,1,13222,1,13222,18608,16152,11664,17395,3286,2569,7874,13505,14344,13505,14058,19120,21447,19908,9573,12854,8263,8846,2363,17725,14976,22037,23621,2246,150,21061,1,16:29
2024-25,1631114,Jalen Williams,Jalen,1610612760,OKC,Oklahoma City Thunder,0022400618,2025-01-22T00:00:00,OKC vs. UTA,W,36.15,9.0,17.9,0.5,1.0,3.0,0.333,6.0,7.0,0.857,1.0,2.0,3.0,2.0,2.0,2.0,0.0,1.0,2.0,6.0,24.9,-1.0,35.5,0,0,34.9,1,1,13086,1,2569,4776,4778,8526,14576,17691,9209,2888,3389,7071,13292,19691,19772,16410,10556,6290,8263,7965,15195,2656,4259,13538,10766,2246,150,10191,1,36:09
2024-25,1630322,Lindy Waters III,Lindy,1610612744,GSW,Golden State Warriors,0022400619,2025-01-22T00:00:00,GSW @ SAC,L,14.0,2.6,5.1,0.5,2.6,5.1,0.5,0.0,0.0,0.0,0.0,0.0,0.0,5.1,2.6,0.0,2.6,0.0,2.6,0.0,7.7,-25.7,20.6,0,0,20.6,1,13222,1,13222,20196,20327,23358,8526,7910,12839,3944,13505,14344,13505,14058,22137,23286,7145,7975,12854,2259,8846,12524,17725,20154,22962,20902,2246,150,20526,1,14:00
2024-25,1626220,Royce O'Neale,Royce,1610612756,PHX,Phoenix Suns,0022400613,2025-01-22T00:00:00,PHX @ BKN,W,22.9,1.6,14.1,0.111,1.6,11.0,0.143,0.0,0.0,0.0,3.1,3.1,6.3,0.0,3.1,0.0,0.0,1.6,3.1,0.0,4.7,29.9,9.1,0,0,12.6,1,1,13086,1,13790,22074,9927,22520,11782,2485,14649,13505,14344,13505,5054,16290,11637,19908,6001,12854,8263,4521,10120,17725,22174,1984,24552,2246,150,23848,1,22:54
2024-25,203995,Vasilije Micić,Vasilije,1610612766,CHA,Charlotte Hornets,0022400616,2025-01-22T00:00:00,CHA @ MEM,L,18.093333333333334,0.0,6.0,0.0,0.0,4.0,0.0,0.0,0.0,0.0,0.0,4.0,4.0,4.0,0.0,2.0,0.0,0.0,2.0,0.0,0.0,6.0,16.7,0,0,11.9,1,13222,1,13222,17510,22635,22640,22635,15070,15621,15070,13505,14344,13505,14058,13790,17361,9988,16469,6304,8263,8846,15211,17725,23200,9635,22592,2246,150,23995,1,18:06
2024-25,1628436,Luke Kornet,Luke,1610612738,BOS,Boston Celtics,0022400620,2025-01-22T00:00:00,BOS @ LAC,W,30.126666666666665,0.0,2.4,0.0,0.0,0.0,0.0,2.4,2.4,1.0,1.2,1.2,2.4,1.2,1.2,1.2,1.2,0.0,2.4,7.2,2.4,21.5,13.0,0,0,10.8,1,1,13086,1,7659,22635,24676,22635,15070,20945,15070,9369,11523,1,11828,21524,21029,19031,14484,10220,6210,8846,13269,1531,23099,3577,23763,2246,150,24280,1,30:08
2024-25,203915,Spencer Dinwiddie,Spencer,1610612742,DAL,Dallas Mavericks,0022400614,2025-01-22T00:00:00,DAL vs. MIN,L,31.583333333333332,4.6,14.8,0.308,1.1,4.6,0.25,0.0,0.0,0.0,0.0,3.4,3.4,1.1,1.1,1.1,1.1,3.4,3.4,1.1,10.3,8.0,21.8,0,0,20.5,1,13222,1,13222,6350,15602,8865,19226,13711,14296,11902,13505,14344,13505,14058,15466,18741,19225,14866,10678,6540,982,9010,16708,17897,8638,20278,2246,150,20565,1,31:35
2024-25,1630162,Anthony Edwards,Anthony,1610612750,MIN,Minnesota Timberwolves,0022400614,2025-01-22T00:00:00,MIN @ DAL,W,36.5,5.9,18.7,0.316,2.0,6.9,0.286,6.9,7.9,0.875,1.0,3.9,4.9,6.9,3.0,0.0,0.0,0.0,0.0,3.9,20.7,-9.9,34.0,0,0,34.5,1,1,13086,1,2337,11754,3982,19148,10279,8661,11433,2071,2596,6931,13364,13888,14975,4127,6618,12854,8263,8846,20257,6454,7306,17822,11781,2246,150,10429,1,36:30
2024-25,1641787,Tosan Evbuomwan,Tosan,1610612751,BKN,Brooklyn Nets,0022400613,2025-01-22T00:00:00,BKN vs. PHX,L,26.416666666666668,2.7,20.4,0.133,0.0,6.8,0.0,2.7,2.7,1.0,1.4,2.7,4.1,2.7,4.1,2.7,0.0,0.0,1.4,2.7,8.2,-12.3,21.3,0,0,20.4,1,13222,1,13222,10803,20031,2670,22414,15070,8880,15070,8515,10681,1,10914,17621,17098,13837,3699,3854,8263,8846,17778,10240,19770,18843,20562,2246,150,20613,1,26:25
2024-25,1628989,Kevin Huerter,Kevin,1610612758,SAC,Sacramento Kings,0022400619,2025-01-22T00:00:00,SAC vs. GSW,W,5.8,0.0,12.4,0.0,0.0,6.2,0.0,0.0,0.0,0.0,0.0,0.0,0.0,0.0,0.0,0.0,0.0,0.0,0.0,0.0,0.0,-62.1,0.0,0,0,0.0,1,1,13086,1,23670,22635,12868,22635,15070,10184,15070,13505,14344,13505,14058,22137,23286,19908,16469,12854,8263,8846,20257,17725,23200,25730,25228,2246,150,25259,1,5:48
2024-25,1630168,Onyeka Okongwu,Onyeka,1610612737,ATL,Atlanta Hawks,0022400612,2025-01-22T00:00:00,ATL vs. DET,L,26.8,4.0,9.4,0.429,0.0,1.3,0.0,4.0,5.4,0.75,6.7,6.7,13.4,4.0,2.7,1.3,1.3,1.3,4.0,2.7,12.1,-2.7,39.6,0,0,34.9,1,13222,1,13222,10488,17021,18109,13735,15070,20445,15070,5646,5348,8186,1270,6863,2519,9866,7568,9224,5472,5431,7059,10348,16045,14396,8006,2246,150,10151,1,26:48
2024-25,1627759,Jaylen Brown,Jaylen,1610612738,BOS,Boston Celtics,0022400620,2025-01-22T00:00:00,BOS @ LAC,W,38.68333333333333,7.4,14.0,0.533,1.9,1.9,1.0,6.5,8.4,0.778,0.0,1.9,1.9,5.6,4.7,2.8,0.9,2.8,3.7,6.5,23.3,0.9,40.4,0,0,40.0,1,1,13086,1,1018,7904,10231,8140,10821,19810,1,2386,2275,8092,14058,20077,22065,6285,2780,3707,7949,1608,7992,2072,5320,12201,7522,2246,150,6772,1,38:41
2024-25,1641727,Dariq Whitehead,Dariq,1610612751,BKN,Brooklyn Nets,0022400613,2025-01-22T00:00:00,BKN vs. PHX,L,15.333333333333334,9.4,16.4,0.571,7.0,11.7,0.6,2.3,7.0,0.333,2.3,2.3,4.7,0.0,0.0,0.0,0.0,0.0,0.0,4.7,28.2,-9.4,33.8,0,0,39.9,1,13222,1,13222,19352,4039,6503,6538,744,1934,2992,9458,3326,13132,7102,18632,15577,19908,16469,12854,8263,8846,20257,4726,2719,17620,11961,2246,150,6829,1,15:20
2024-25,1642353,Cam Christie,Cam,1610612746,LAC,LA Clippers,0022400620,2025-01-22T00:00:00,LAC vs. BOS,L,5.816666666666666,0.0,6.2,0.0,0.0,6.2,0.0,0.0,0.0,0.0,0.0,6.2,6.2,6.2,6.2,0.0,0.0,0.0,6.2,0.0,0.0,6.2,10.5,0,0,12.4,1,13222,1,13222,23660,22635,22433,22635,15070,10221,15070,13505,14344,13505,14058,7915,11845,5173,1274,12854,8263,8846,2719,17725,23200,9520,24333,2246,150,23903,1,5:49
2024-25,1641736,Reece Beekman,Reece,1610612751,BKN,Brooklyn Nets,0022400613,2025-01-22T00:00:00,BKN vs. PHX,L,21.123333333333335,3.4,8.5,0.4,0.0,3.4,0.0,0.0,0.0,0.0,3.4,1.7,5.1,5.1,0.0,1.7,0.0,0.0,3.4,0.0,6.8,-5.1,25.7,0,0,20.5,1,13222,1,13222,15203,18527,19458,14933,15070,16852,15070,13505,14344,13505,4525,20453,14484,7217,16469,7595,8263,8846,9051,17725,20853,15654,17793,2246,150,20609,1,21:07
2024-25,1630224,Jalen Green,Jalen,1610612745,HOU,Houston Rockets,0022400615,2025-01-22T00:00:00,HOU vs. CLE,W,33.375,4.3,17.3,0.25,2.2,6.5,0.333,0.0,0.0,0.0,0.0,2.2,2.2,5.4,3.2,0.0,0.0,0.0,3.2,0.0,10.8,-18.3,18.2,0,0,20.5,1,1,13086,1,4836,16279,5501,20233,9410,9603,9209,13505,14344,13505,14058,19186,21500,6647,5716,12854,8263,8846,9715,17725,17384,21027,21992,2246,150,20582,1,33:23
2024-25,1629023,P.J. Washington,P.J.,1610612742,DAL,Dallas Mavericks,0022400614,2025-01-22T00:00:00,DAL vs. MIN,L,36.11666666666667,12.0,21.9,0.545,1.0,5.0,0.2,5.0,7.0,0.714,4.0,3.0,7.0,2.0,2.0,0.0,0.0,1.0,5.0,7.0,29.9,12.0,39.3,0,0,39.9,1,13222,1,13222,2598,1545,1854,7695,14570,13241,13429,4065,3385,9244,3610,16775,10178,16399,10548,12854,8263,7957,4641,1674,2118,6811,8210,2246,150,6851,1,36:07
2024-25,203501,Tim Hardaway Jr.,Tim,1610612765,DET,Detroit Pistons,0022400612,2025-01-22T00:00:00,DET @ ATL,W,32.11666666666667,1.1,9.0,0.125,1.1,6.7,0.167,0.0,0.0,0.0,0.0,6.7,6.7,2.2,2.2,3.4,0.0,0.0,1.1,1.1,3.4,0.0,22.6,0,0,20.2,1,1,13086,1,5871,22566,18773,22420,13829,9064,14236,13505,14344,13505,14058,6847,10689,15468,9342,2452,8263,8846,18986,16817,22826,12240,19790,2246,150,20765,1,32:07
2024-25,1630163,LaMelo Ball,LaMelo,1610612766,CHA,Charlotte Hornets,0022400616,2025-01-22T00:00:00,CHA @ MEM,L,34.20166666666667,7.4,21.1,0.35,2.1,6.3,0.333,6.3,6.3,1.0,3.2,5.3,8.4,6.3,2.1,0.0,0.0,2.1,4.2,11.6,23.2,-9.5,40.6,0,0,40.0,1,13222,1,13222,4096,8082,2311,17337,9660,9951,9209,2574,4109,1,5025,10121,7592,5000,9975,12854,8263,2909,6527,229,5379,17656,7379,2246,150,6795,1,34:12
2024-25,1629656,Quentin Grimes,Quentin,1610612742,DAL,Dallas Mavericks,0022400614,2025-01-22T00:00:00,DAL vs. MIN,L,36.3,2.0,6.9,0.286,1.0,4.0,0.25,0.0,0.0,0.0,0.0,4.0,4.0,3.0,3.0,0.0,0.0,0.0,2.0,0.0,5.0,-5.0,11.2,0,0,12.9,1,13222,1,13222,2463,21438,21629,19630,14593,15651,11902,13505,14344,13505,14058,13822,17396,13013,6575,12854,8263,8846,15239,17725,22031,15563,24196,2246,150,23745,1,36:18
2024-25,1630538,Bones Hyland,Bones,1610612746,LAC,LA Clippers,0022400620,2025-01-22T00:00:00,LAC vs. BOS,L,16.803333333333335,6.4,15.0,0.429,4.3,10.7,0.4,0.0,0.0,0.0,0.0,4.3,4.3,4.3,8.6,2.1,0.0,0.0,8.6,2.1,17.1,-10.7,26.6,0,0,34.3,1,13222,1,13222,18383,10372,8627,13735,3420,2758,7874,13505,14344,13505,14058,12850,16577,9174,488,5628,8263,8846,1112,12430,10695,18189,17242,2246,150,10634,1,16:48
2024-25,1641745,Adam Flagler,Adam,1610612760,OKC,Oklahoma City Thunder,0022400618,2025-01-22T00:00:00,OKC vs. UTA,W,1.855,0.0,0.0,0.0,0.0,0.0,0.0,0.0,0.0,0.0,0.0,0.0,0.0,0.0,0.0,0.0,0.0,0.0,0.0,0.0,0.0,77.6,0.0,0,0,0.0,1,1,13086,1,25565,22635,24836,22635,15070,20945,15070,13505,14344,13505,14058,22137,23286,19908,16469,12854,8263,8846,20257,17725,23200,182,25228,2246,150,25259,1,1:51
2024-25,1631213,Tyrese Martin,Tyrese,1610612751,BKN,Brooklyn Nets,0022400613,2025-01-22T00:00:00,BKN vs. PHX,L,31.41,1.1,11.5,0.1,0.0,5.7,0.0,0.0,0.0,0.0,3.4,4.6,8.0,2.3,2.3,0.0,0.0,0.0,0.0,0.0,2.3,-24.1,13.1,0,0,12.6,1,13222,1,13222,6503,22542,14545,22561,15070,11379,15070,13505,14344,13505,4474,12030,8230,15264,9109,12854,8263,8846,20257,17725,23116,22596,23750,2246,150,23835,1,31:25
2024-25,203944,Julius Randle,Julius,1610612750,MIN,Minnesota Timberwolves,0022400614,2025-01-22T00:00:00,MIN @ DAL,W,33.85,4.3,13.8,0.308,1.1,2.1,0.5,7.4,8.5,0.875,3.2,3.2,6.4,3.2,2.1,3.2,0.0,2.1,5.3,6.4,17.0,6.4,36.9,0,0,34.0,1,1,13086,1,4399,16455,10453,19226,14173,19315,3944,1704,2185,6931,4963,16119,11444,12355,9867,2763,8263,2843,3990,2204,10833,9431,9765,2246,150,10826,1,33:51
2024-25,1631248,Baylor Scheierman,Baylor,1610612738,BOS,Boston Celtics,0022400620,2025-01-22T00:00:00,BOS @ LAC,W,5.7,0.0,12.6,0.0,0.0,12.6,0.0,0.0,0.0,0.0,0.0,0.0,0.0,0.0,0.0,0.0,0.0,0.0,6.3,6.3,0.0,-18.9,0.0,0,0,0.0,1,1,13086,1,23701,22635,12507,22635,15070,1458,15070,13505,14344,13505,14058,22137,23286,19908,16469,12854,8263,8846,2582,2268,23200,21222,25228,2246,150,25259,1,5:42
2024-25,1631218,Trayce Jackson-Davis,Trayce,1610612744,GSW,Golden State Warriors,0022400619,2025-01-22T00:00:00,GSW @ SAC,L,23.81,6.0,9.1,0.667,0.0,0.0,0.0,4.5,9.1,0.5,4.5,7.6,12.1,3.0,0.0,1.5,0.0,1.5,6.0,7.6,16.6,-3.0,40.2,0,0,34.8,1,13222,1,13222,13074,11371,18609,3281,15070,20945,15070,4776,1832,10625,2882,5391,3420,12846,16469,8359,8263,4730,2880,1290,11240,14582,7622,2246,150,10249,1,23:49
2024-25,203458,Alex Len,Alex,1610612758,SAC,Sacramento Kings,0022400619,2025-01-22T00:00:00,SAC vs. GSW,W,6.433333333333334,0.0,0.0,0.0,0.0,0.0,0.0,0.0,0.0,0.0,0.0,5.6,5.6,5.6,0.0,0.0,0.0,0.0,11.2,0.0,0.0,11.2,15.1,0,0,11.2,1,1,13086,1,23394,22635,24836,22635,15070,20945,15070,13505,14344,13505,14058,9304,13296,6256,16469,12854,8263,8846,514,17725,23200,7142,23143,2246,150,24175,1,6:26
2024-25,1631109,Mark Williams,Mark,1610612766,CHA,Charlotte Hornets,0022400616,2025-01-22T00:00:00,CHA @ MEM,L,32.645,15.4,19.8,0.778,0.0,0.0,0.0,11.0,14.3,0.769,4.4,5.5,9.9,5.5,1.1,1.1,0.0,0.0,3.3,9.9,41.9,-12.1,64.3,0,0,59.5,1,13222,1,13222,5450,425,3066,1994,15070,20945,15070,485,411,8170,3039,9495,5525,6399,15115,10998,8263,8846,9424,432,362,18785,755,2246,150,866,1,32:39
2024-25,1627736,Malik Beasley,Malik,1610612765,DET,Detroit Pistons,0022400612,2025-01-22T00:00:00,DET @ ATL,W,22.55666666666667,11.2,22.3,0.5,8.0,17.6,0.455,0.0,0.0,0.0,1.6,1.6,3.2,1.6,4.8,0.0,0.0,0.0,4.8,0.0,30.3,6.4,31.8,0,0,43.1,1,1,13086,1,14072,2129,1655,8526,457,376,7148,13505,14344,13505,9940,20685,19255,17665,2607,12854,8263,8846,5091,17725,1975,9429,13505,2246,150,5094,1,22:33
2024-25,201142,Kevin Durant,Kevin,1610612756,PHX,Phoenix Suns,0022400613,2025-01-22T00:00:00,PHX @ BKN,W,29.8,9.7,18.1,0.533,4.8,8.5,0.571,4.8,4.8,1.0,1.2,8.5,9.7,3.6,1.2,0.0,1.2,0.0,0.0,4.8,29.0,20.5,48.4,0,0,49.5,1,1,13086,1,7964,3642,4540,8140,2512,5660,3506,4290,6231,1,11741,4106,5850,11009,14382,12854,6119,8846,20257,4430,2428,3801,3831,2246,150,2662,1,29:48
2024-25,1628369,Jayson Tatum,Jayson,1610612738,BOS,Boston Celtics,0022400620,2025-01-22T00:00:00,BOS @ LAC,W,42.8,7.6,18.5,0.409,3.4,10.9,0.308,1.7,2.5,0.667,0.0,5.9,5.9,6.7,4.2,0.8,1.7,0.0,0.8,4.2,20.2,0.8,40.7,0,0,41.2,1,1,13086,1,169,7598,4211,14895,5473,2558,11292,11450,11148,9425,14058,8572,12549,4384,3492,12806,4339,8846,20225,5827,7745,12230,7323,2246,150,6065,1,42:48
2024-25,1641715,Cam Whitmore,Cam,1610612745,HOU,Houston Rockets,0022400615,2025-01-22T00:00:00,HOU vs. CLE,W,20.616666666666667,10.5,21.0,0.5,3.5,8.7,0.4,3.5,3.5,1.0,0.0,3.5,3.5,1.7,3.5,0.0,3.5,0.0,1.7,1.7,27.9,22.7,41.7,0,0,43.7,1,1,13086,1,15553,2741,2366,8526,5159,5217,7874,6719,8900,1,14058,15259,18566,17243,5025,12854,1234,8846,16384,14126,2814,3322,6762,2246,150,4853,1,20:37
2024-25,1631117,Walker Kessler,Walker,1610612762,UTA,Utah Jazz,0022400618,2025-01-22T00:00:00,UTA @ OKC,L,30.833333333333332,9.3,11.7,0.8,0.0,0.0,0.0,1.2,4.7,0.25,10.5,7.0,17.5,1.2,1.2,0.0,2.3,0.0,0.0,4.7,19.8,-2.3,48.5,1,0,43.2,1,13222,1,13222,7013,4141,14159,1688,15070,20945,15070,12704,6540,13358,341,6349,1009,19124,14677,12854,2676,8846,20257,4784,8031,14226,3822,1,150,5037,1,30:50
2024-25,203991,Clint Capela,Clint,1610612737,ATL,Atlanta Hawks,0022400612,2025-01-22T00:00:00,ATL vs. DET,L,21.2,10.2,13.6,0.75,0.0,0.0,0.0,6.8,8.5,0.8,8.5,8.5,17.0,0.0,1.7,1.7,3.4,0.0,5.1,5.1,27.2,-13.6,61.1,1,0,54.3,1,13222,1,13222,15154,3024,10847,2107,15070,20945,15070,2164,2198,7681,663,4063,1133,19908,11929,7614,1310,8846,4387,3928,3126,19332,1057,1,150,1568,1,21:12
2024-25,1630611,Gui Santos,Gui,1610612744,GSW,Golden State Warriors,0022400619,2025-01-22T00:00:00,GSW @ SAC,L,22.54,9.6,14.4,0.667,6.4,8.0,0.8,0.0,0.0,0.0,1.6,6.4,8.0,3.2,1.6,0.0,0.0,0.0,1.6,0.0,25.6,0.0,38.3,0,0,43.1,1,13222,1,13222,14081,3751,9570,3281,1068,6470,1389,13505,14344,13505,9936,7529,8292,12344,12350,12854,8263,8846,16887,17725,3905,12240,8819,2246,150,5078,1,22:32
2024-25,1628381,John Collins,John,1610612762,UTA,Utah Jazz,0022400618,2025-01-22T00:00:00,UTA @ OKC,L,26.383333333333333,12.3,17.7,0.692,2.7,4.1,0.667,2.7,2.7,1.0,4.1,12.3,16.4,1.4,8.2,0.0,1.4,1.4,5.5,4.1,30.0,16.4,47.6,1,0,53.2,1,13222,1,13222,10831,1364,4969,3171,7448,15363,1957,8509,10671,1,3460,1239,1302,18451,551,12854,5393,5336,3765,6065,2076,5117,4103,1,150,1759,1,26:23
2024-25,1630595,Cade Cunningham,Cade,1610612765,DET,Detroit Pistons,0022400612,2025-01-22T00:00:00,DET @ ATL,W,33.95,12.7,20.1,0.632,1.1,4.2,0.25,4.2,4.2,1.0,1.1,5.3,6.4,11.7,10.6,1.1,2.1,0.0,1.1,3.2,30.8,-1.1,54.8,1,0,56.2,1,1,13086,1,4306,1139,2876,4871,14196,15025,11902,5277,7334,1,12790,10022,11484,798,286,11386,3145,8846,19337,8627,1850,13582,2026,1,150,1268,1,33:57
2024-25,1630578,Alperen Sengun,Alperen,1610612745,HOU,Houston Rockets,0022400615,2025-01-22T00:00:00,HOU vs. CLE,W,29.258333333333333,8.6,16.0,0.538,0.0,1.2,0.0,4.9,7.4,0.667,2.5,11.1,13.5,4.9,3.7,0.0,1.2,0.0,3.7,8.6,22.1,4.9,45.8,1,0,43.1,1,1,13086,1,8446,5415,7124,7978,15070,20582,15070,4158,3012,9425,6745,1874,2475,7641,4574,12854,5994,8846,8120,782,6104,10151,4829,1,150,5110,1,29:16
2024-25,1628983,Shai Gilgeous-Alexander,Shai,1610612760,OKC,Oklahoma City Thunder,0022400618,2025-01-22T00:00:00,OKC vs. UTA,W,37.46666666666667,16.3,33.6,0.486,2.9,9.6,0.3,16.3,17.3,0.944,2.9,4.8,7.7,4.8,2.9,2.9,1.9,1.0,2.9,10.6,51.9,8.6,79.8,0,0,76.9,1,1,13086,1,1700,332,154,11950,6933,3969,11319,132,215,6705,5637,11422,8819,7910,6913,3455,3702,8257,11262,322,139,8343,195,2246,150,201,1,37:28
2024-25,202681,Kyrie Irving,Kyrie,1610612742,DAL,Dallas Mavericks,0022400614,2025-01-22T00:00:00,DAL vs. MIN,L,38.218333333333334,11.3,19.8,0.571,3.8,10.4,0.364,7.5,7.5,1.0,0.0,3.8,3.8,8.5,2.8,0.0,0.0,0.9,2.8,2.8,33.9,-7.5,48.3,0,0,49.9,1,13222,1,13222,1259,2008,3129,6538,4533,3093,9100,1645,2866,1,14058,14422,17902,2440,7123,12854,8263,8407,11523,9873,1143,16753,3872,2246,150,2555,1,38:13
2024-25,201144,Mike Conley,Mike,1610612750,MIN,Minnesota Timberwolves,0022400614,2025-01-22T00:00:00,MIN @ DAL,W,32.0,6.8,10.1,0.667,4.5,6.8,0.667,2.3,2.3,1.0,1.1,4.5,5.6,9.0,0.0,2.3,0.0,0.0,3.4,1.1,20.3,21.4,47.3,0,0,43.9,1,1,13086,1,5961,9563,16867,3281,3070,9015,1957,9780,11933,1,12295,12261,13224,2013,16469,5217,8263,8846,9166,16803,7697,3607,4229,2246,150,4750,1,32:00
2024-25,1631323,Simone Fontecchio,Simone,1610612765,DET,Detroit Pistons,0022400612,2025-01-22T00:00:00,DET @ ATL,W,16.2,8.9,17.8,0.5,6.7,11.1,0.6,4.4,4.4,1.0,0.0,4.4,4.4,4.4,0.0,0.0,0.0,0.0,8.9,2.2,28.9,17.8,40.9,0,0,44.4,1,1,13086,1,18788,4904,4926,8526,914,2405,2992,4914,6945,1,14058,12416,16178,8773,16469,12854,8263,8846,999,12068,2458,4635,7232,2246,150,4493,1,16:12
2024-25,1628370,Malik Monk,Malik,1610612758,SAC,Sacramento Kings,0022400619,2025-01-22T00:00:00,SAC vs. GSW,W,37.733333333333334,6.7,14.3,0.467,1.9,6.7,0.286,3.8,3.8,1.0,1.0,2.9,3.8,8.6,2.9,2.9,1.0,1.0,1.9,2.9,19.1,-7.6,45.1,0,0,41.0,1,1,13086,1,1546,9740,9669,12249,10597,9145,11433,6045,8207,1,13613,17204,17783,2353,6986,3507,7791,8306,15627,9718,8775,16800,5117,2246,150,6183,1,37:44
2024-25,1631106,Tari Eason,Tari,1610612745,HOU,Houston Rockets,0022400615,2025-01-22T00:00:00,HOU vs. CLE,W,20.158333333333335,7.1,17.9,0.4,5.4,8.9,0.6,1.8,1.8,1.0,5.4,5.4,10.7,3.6,1.8,5.4,0.0,1.8,3.6,1.8,21.4,33.9,53.9,0,0,51.8,1,1,13086,1,15899,8594,4844,14933,1889,4924,2992,11264,13204,1,2039,9880,4682,11167,11614,711,8263,3940,8518,13980,6704,1514,2220,2246,150,2084,1,20:10
2024-25,1629006,Josh Okogie,Josh,1610612766,CHA,Charlotte Hornets,0022400616,2025-01-22T00:00:00,CHA @ MEM,L,13.3,5.4,8.1,0.667,5.4,5.4,1.0,0.0,0.0,0.0,0.0,0.0,0.0,0.0,0.0,8.1,2.7,2.7,2.7,0.0,16.2,16.2,48.7,0,0,43.3,1,13222,1,13222,20597,13231,20050,3281,1829,12178,1,13505,14344,13505,14058,22137,23286,19908,16469,200,2072,1732,12015,17725,11667,5160,3731,2246,150,4992,1,13:18
2024-25,1630643,Jay Huff,Jay,1610612763,MEM,Memphis Grizzlies,0022400616,2025-01-22T00:00:00,MEM vs. CHA,W,6.805,26.5,42.3,0.625,15.9,31.7,0.5,0.0,0.0,0.0,0.0,10.6,10.6,0.0,0.0,0.0,0.0,0.0,5.3,5.3,68.8,-26.5,81.5,0,0,95.2,1,1,13086,1,23247,50,65,4899,65,53,3944,13505,14344,13505,14058,2168,4832,19908,16469,12854,8263,8846,4041,3645,57,23124,174,2246,150,73,1,6:48
2024-25,1630194,Paul Reed,Paul,1610612765,DET,Detroit Pistons,0022400612,2025-01-22T00:00:00,DET @ ATL,W,2.783333333333333,12.9,12.9,1.0,0.0,0.0,0.0,0.0,0.0,0.0,0.0,12.9,12.9,12.9,0.0,0.0,0.0,0.0,0.0,0.0,25.9,12.9,60.8,0,0,51.7,1,1,13086,1,25072,1056,11965,1,15070,20945,15070,13505,14344,13505,14058,1035,2843,541,16469,12854,8263,8846,20257,17725,3740,6420,1098,2246,150,2095,1,2:47
2024-25,1628379,Luke Kennard,Luke,1610612763,MEM,Memphis Grizzlies,0022400616,2025-01-22T00:00:00,MEM vs. CHA,W,26.283333333333335,11.0,16.4,0.667,9.6,15.1,0.636,0.0,0.0,0.0,4.1,1.4,5.5,4.1,1.4,2.7,0.0,0.0,1.4,1.4,31.5,11.0,51.1,0,0,56.2,1,1,13086,1,10915,2299,6501,3281,245,677,2842,13505,14344,13505,3435,21151,13596,9645,13459,3829,8263,8846,17745,15574,1638,7258,2967,2246,150,1276,1,26:17
2024-25,1642269,Devin Carter,Devin,1610612758,SAC,Sacramento Kings,0022400619,2025-01-22T00:00:00,SAC vs. GSW,W,3.5,10.3,30.9,0.333,10.3,10.3,1.0,0.0,0.0,0.0,0.0,0.0,0.0,0.0,10.3,0.0,0.0,0.0,0.0,0.0,30.9,0.0,20.6,0,0,41.1,1,1,13086,1,24704,2923,236,17395,197,3168,1,13505,14344,13505,14058,22137,23286,19908,306,12854,8263,8846,20257,17725,1814,12240,20902,2246,150,6110,1,3:30
2024-25,1629622,Max Strus,Max,1610612739,CLE,Cleveland Cavaliers,0022400615,2025-01-22T00:00:00,CLE @ HOU,L,22.766666666666666,3.2,9.5,0.333,1.6,4.7,0.333,0.0,0.0,0.0,1.6,0.0,1.6,7.9,1.6,1.6,0.0,1.6,3.2,1.6,7.9,0.0,24.8,0,0,22.1,1,13222,1,13222,13894,19079,17972,17395,11750,13858,9209,13505,14344,13505,9995,22137,22467,2992,12416,8059,8263,4485,10030,14690,19991,12240,18405,2246,150,19594,1,22:46
2024-25,1641709,Ausar Thompson,Ausar,1610612765,DET,Detroit Pistons,0022400612,2025-01-22T00:00:00,DET @ ATL,W,24.246666666666666,10.4,13.4,0.778,0.0,1.5,0.0,3.0,3.0,1.0,1.5,0.0,1.5,1.5,0.0,4.5,1.5,0.0,3.0,3.0,23.8,11.9,45.6,0,0,38.6,1,1,13086,1,12694,2830,11200,1994,15070,20285,15070,7899,10049,1,10374,22137,22585,18042,16469,1259,4906,8846,10855,9360,4958,6845,4902,2246,150,7640,1,24:15
2024-25,1629675,Naz Reid,Naz,1610612750,MIN,Minnesota Timberwolves,0022400614,2025-01-22T00:00:00,MIN @ DAL,W,26.8,6.7,12.1,0.556,2.7,4.0,0.667,0.0,0.0,0.0,0.0,8.1,8.1,1.3,0.0,1.3,0.0,1.3,4.0,1.3,16.1,-1.3,31.8,0,0,30.9,1,1,13086,1,10488,9648,13434,7248,7577,15515,1957,13505,14344,13505,14058,4617,8154,18526,16469,9224,8263,5431,7059,15711,11794,13730,13449,2246,150,13251,1,26:48
2024-25,1642377,Jaylen Wells,Jaylen,1610612763,MEM,Memphis Grizzlies,0022400616,2025-01-22T00:00:00,MEM vs. CHA,W,26.066666666666666,5.5,13.8,0.4,4.1,9.7,0.429,2.8,2.8,1.0,4.1,0.0,4.1,2.8,1.4,0.0,0.0,0.0,6.9,6.9,18.0,15.2,25.7,0,0,29.0,1,1,13086,1,11112,12922,10469,14933,3683,3893,7394,8429,10581,1,3380,22137,16961,13710,13396,12854,8263,8846,2055,1725,9890,5549,17825,2246,150,14702,1,26:04
2024-25,1629626,Bol Bol,Bol,1610612756,PHX,Phoenix Suns,0022400613,2025-01-22T00:00:00,PHX @ BKN,W,4.533333333333333,0.0,7.9,0.0,0.0,0.0,0.0,7.9,15.9,0.5,0.0,23.8,23.8,0.0,7.9,0.0,0.0,0.0,0.0,7.9,7.9,0.0,28.6,0,0,31.8,1,1,13086,1,24213,22635,20351,22635,15070,20945,15070,1439,287,10625,14058,90,226,19908,601,12854,8263,8846,20257,1052,19968,12240,15804,2246,150,12561,1,4:32
2024-25,1626145,Tyus Jones,Tyus,1610612756,PHX,Phoenix Suns,0022400613,2025-01-22T00:00:00,PHX @ BKN,W,26.066666666666666,4.1,8.3,0.5,2.8,6.9,0.4,0.0,0.0,0.0,0.0,2.8,2.8,9.7,2.8,1.4,0.0,0.0,0.0,0.0,11.0,24.9,30.2,0,0,29.0,1,1,13086,1,11112,16740,19815,8526,7347,8650,7874,13505,14344,13505,14058,17523,20330,1607,7340,9005,8263,8846,20257,17725,17144,2847,14626,2246,150,14702,1,26:04
2024-25,1629731,Dean Wade,Dean,1610612739,CLE,Cleveland Cavaliers,0022400615,2025-01-22T00:00:00,CLE @ HOU,L,30.591666666666665,3.5,9.4,0.375,2.4,8.2,0.286,0.0,0.0,0.0,2.4,7.1,9.4,3.5,0.0,2.4,1.2,0.0,5.9,0.0,9.4,11.8,36.6,0,0,31.8,1,13222,1,13222,7240,18249,18090,16299,8652,6021,11433,13505,14344,13505,7077,6257,6160,11304,16469,4855,6320,8846,3093,17725,18714,6898,9964,2246,150,12558,1,30:36
2024-25,1629234,Drew Eubanks,Drew,1610612762,UTA,Utah Jazz,0022400618,2025-01-22T00:00:00,UTA @ OKC,L,17.166666666666668,2.1,4.2,0.5,0.0,0.0,0.0,8.4,12.6,0.667,2.1,4.2,6.3,2.1,2.1,0.0,4.2,0.0,4.2,6.3,12.6,-14.7,33.8,0,0,29.4,1,13222,1,13222,18157,21238,23997,8526,15070,20945,15070,1233,657,9425,7962,13134,11629,16009,10011,12854,818,8846,6570,2295,15512,19778,12001,2246,150,14444,1,17:10
2024-25,203952,Andrew Wiggins,Andrew,1610612744,GSW,Golden State Warriors,0022400619,2025-01-22T00:00:00,GSW @ SAC,L,37.55,7.7,19.2,0.4,4.8,10.5,0.455,3.8,4.8,0.8,2.9,2.9,5.8,2.9,2.9,1.0,0.0,1.0,1.9,3.8,24.0,-7.7,35.2,0,0,39.3,1,13222,1,13222,1655,7332,3612,14933,2572,2932,7148,6009,6309,7681,5652,17160,12900,13353,6934,12289,8263,8276,15581,6755,4827,16816,10942,2246,150,7191,1,37:33
2024-25,1641775,Jordan Walsh,Jordan,1610612738,BOS,Boston Celtics,0022400620,2025-01-22T00:00:00,BOS @ LAC,W,9.366666666666667,3.8,3.8,1.0,3.8,3.8,1.0,0.0,0.0,0.0,3.8,0.0,3.8,3.8,0.0,0.0,0.0,0.0,0.0,0.0,11.5,-19.2,21.9,0,0,23.1,1,1,13086,1,22327,17468,24165,1,4332,15911,1,13505,14344,13505,3818,22137,17721,10381,16469,12854,8263,8846,20257,17725,16639,21311,20205,2246,150,18970,1,9:22
2024-25,1630182,Josh Green,Josh,1610612766,CHA,Charlotte Hornets,0022400616,2025-01-22T00:00:00,CHA @ MEM,L,24.31,4.4,7.4,0.6,3.0,4.4,0.667,0.0,0.0,0.0,0.0,0.0,0.0,1.5,1.5,3.0,0.0,0.0,4.4,0.0,11.8,-17.8,21.5,0,0,22.2,1,13222,1,13222,12645,15949,21064,5394,6646,14591,1957,13505,14344,13505,14058,22137,23286,18052,12845,3243,8263,8846,5909,17725,16298,20858,20427,2246,150,19546,1,24:19
2024-25,1629655,Daniel Gafford,Daniel,1610612742,DAL,Dallas Mavericks,0022400614,2025-01-22T00:00:00,DAL vs. MIN,L,32.74666666666667,6.6,12.1,0.545,0.0,0.0,0.0,2.2,2.2,1.0,2.2,11.0,13.2,2.2,1.1,1.1,3.3,1.1,4.4,2.2,15.4,8.8,46.6,1,0,39.6,1,13222,1,13222,5372,9942,13430,7695,15070,20945,15070,9949,12095,1,7589,1905,2673,15628,15134,11024,1395,7048,6026,12167,12529,8278,4489,1,150,7028,1,32:45
2024-25,203992,Bogdan Bogdanović,Bogdan,1610612737,ATL,Atlanta Hawks,0022400612,2025-01-22T00:00:00,ATL vs. DET,L,19.416666666666668,0.0,16.7,0.0,0.0,7.4,0.0,3.7,3.7,1.0,0.0,5.6,5.6,1.9,0.0,1.9,0.0,1.9,0.0,1.9,3.7,-27.8,18.7,0,0,14.8,1,13222,1,13222,16483,22635,6195,22635,15070,7572,15070,6274,8465,1,14058,9383,13388,16916,16469,7008,8263,3723,20257,13716,22685,23393,21792,2246,150,23116,1,19:25
2024-25,1629634,Brandon Clarke,Brandon,1610612763,MEM,Memphis Grizzlies,0022400616,2025-01-22T00:00:00,MEM vs. CHA,W,21.506666666666668,5.0,8.4,0.6,0.0,0.0,0.0,5.0,5.0,1.0,1.7,3.3,5.0,5.0,1.7,1.7,1.7,0.0,8.4,5.0,15.1,-1.7,37.0,0,0,31.8,1,1,13086,1,14932,14319,19687,5394,15070,20945,15070,4004,5880,1,9661,15644,14741,7415,12025,7705,4351,8846,1193,4074,12842,13867,9700,2246,150,12539,1,21:30
2024-25,203500,Steven Adams,Steven,1610612745,HOU,Houston Rockets,0022400615,2025-01-22T00:00:00,HOU vs. CLE,W,18.666666666666668,1.9,3.9,0.5,0.0,0.0,0.0,1.9,7.7,0.25,9.6,11.6,21.2,3.9,1.9,0.0,3.9,0.0,1.9,11.6,5.8,-3.9,46.7,0,0,38.6,1,1,13086,1,17057,21539,24158,8526,15070,20945,15070,10872,2733,13358,448,1579,394,10353,10909,12854,1002,8846,15529,230,21537,14980,4455,2246,150,7653,1,18:40
2024-25,1630700,Dyson Daniels,Dyson,1610612737,ATL,Atlanta Hawks,0022400612,2025-01-22T00:00:00,ATL vs. DET,L,32.833333333333336,11.0,23.0,0.476,0.0,5.5,0.0,0.0,1.1,0.0,4.4,6.6,11.0,2.2,1.1,2.2,0.0,2.2,1.1,2.2,21.9,-3.3,43.9,1,0,39.5,1,13222,1,13222,5298,2291,1376,12010,15070,12003,15070,13505,14044,13505,3069,7147,4441,15651,15150,5422,8263,2659,19119,12190,6269,14711,5737,1,150,7087,1,32:50
2024-25,1641765,Olivier-Maxence Prosper,Olivier-Maxence,1610612742,DAL,Dallas Mavericks,0022400614,2025-01-22T00:00:00,DAL vs. MIN,L,25.166666666666668,2.9,10.0,0.286,0.0,4.3,0.0,0.0,0.0,0.0,1.4,4.3,5.7,2.9,1.4,0.0,0.0,1.4,2.9,2.9,5.7,-17.2,15.4,0,0,14.3,1,13222,1,13222,11859,19748,17032,19630,15070,14936,15070,13505,14344,13505,10620,12831,12958,13410,13103,12854,8263,5059,11357,9723,21578,20676,23041,2246,150,23326,1,25:10
2024-25,1641757,Jordan Miller,Jordan,1610612746,LAC,LA Clippers,0022400620,2025-01-22T00:00:00,LAC vs. BOS,L,16.15,6.7,11.1,0.6,0.0,2.2,0.0,0.0,0.0,0.0,0.0,2.2,2.2,0.0,2.2,2.2,4.5,0.0,0.0,2.2,13.4,-20.1,33.9,0,0,29.0,1,13222,1,13222,18827,9713,15111,5394,15070,19116,15070,13505,14344,13505,14058,18981,21357,19908,9385,5273,695,8846,20257,12033,14647,21568,11902,2246,150,14721,1,16:09
2024-25,1630202,Payton Pritchard,Payton,1610612738,BOS,Boston Celtics,0022400620,2025-01-22T00:00:00,BOS @ LAC,W,27.68,5.2,14.3,0.364,1.3,9.1,0.143,0.0,0.0,0.0,2.6,2.6,5.2,3.9,3.9,0.0,0.0,2.6,0.0,0.0,11.7,13.0,19.9,0,0,22.1,1,1,13086,1,9818,13808,9674,16861,12856,4659,14649,13505,14344,13505,6341,17944,14270,10222,4084,12854,8263,1874,20257,17725,16446,6396,21213,2246,150,19614,1,27:41
2024-25,1630583,Santi Aldama,Santi,1610612763,MEM,Memphis Grizzlies,0022400616,2025-01-22T00:00:00,MEM vs. CHA,W,18.583333333333332,1.9,13.6,0.143,0.0,5.8,0.0,0.0,0.0,0.0,1.9,7.7,9.7,1.9,3.9,1.9,1.9,1.9,1.9,0.0,3.9,27.1,26.2,0,0,23.2,1,1,13086,1,17123,21520,10896,22260,15070,11184,15070,13505,14344,13505,8674,5079,5815,16615,4141,6579,3659,3429,15476,17725,22614,2407,17514,2246,150,18839,1,18:35
2024-25,1631119,Jaylin Williams,Jaylin,1610612760,OKC,Oklahoma City Thunder,0022400618,2025-01-22T00:00:00,OKC vs. UTA,W,19.566666666666666,1.8,12.9,0.143,1.8,9.2,0.2,0.0,0.0,0.0,0.0,3.7,3.7,1.8,0.0,3.7,1.8,1.8,0.0,1.8,5.5,-22.1,29.3,0,0,23.9,1,1,13086,1,16360,21683,12075,22260,10922,4530,13429,13505,14344,13505,14058,14701,18122,16964,16469,1993,3956,3768,20257,13774,21720,22085,15320,2246,150,18383,1,19:34
2024-25,1628960,Grayson Allen,Grayson,1610612756,PHX,Phoenix Suns,0022400613,2025-01-22T00:00:00,PHX @ BKN,W,24.05,3.0,9.0,0.333,3.0,7.5,0.4,3.0,3.0,1.0,1.5,1.5,3.0,6.0,0.0,0.0,0.0,0.0,0.0,3.0,12.0,13.5,24.5,0,0,24.0,1,1,13086,1,12844,19447,18754,17395,6545,7436,7874,7832,9995,1,10335,20881,19764,5524,16469,12854,8263,8846,20257,9283,16167,6209,18572,2246,150,18364,1,24:03
2024-25,1642268,Isaiah Collier,Isaiah,1610612762,UTA,Utah Jazz,0022400618,2025-01-22T00:00:00,UTA @ OKC,L,23.283333333333335,4.6,15.5,0.3,3.1,6.2,0.5,0.0,0.0,0.0,1.5,0.0,1.5,3.1,9.3,1.5,0.0,0.0,3.1,1.5,12.4,-30.9,14.2,0,0,23.2,1,13222,1,13222,13481,15395,7880,19363,6236,10234,3944,13505,14344,13505,10130,22137,22512,12624,395,8212,8263,8846,10297,14817,15751,23873,23421,2246,150,18864,1,23:17
2024-25,1628420,Monté Morris,Monté,1610612756,PHX,Phoenix Suns,0022400613,2025-01-22T00:00:00,PHX @ BKN,W,18.1,6.0,13.9,0.429,2.0,8.0,0.25,0.0,0.0,0.0,0.0,4.0,4.0,4.0,0.0,0.0,0.0,0.0,0.0,0.0,13.9,8.0,24.7,0,0,23.9,1,1,13086,1,17498,11607,10301,13735,10214,6527,11902,13505,14344,13505,14058,13793,17366,9990,16469,12854,8263,8846,20257,17725,14024,8653,18514,2246,150,18424,1,18:06
2024-25,1642265,Rob Dillingham,Rob,1610612750,MIN,Minnesota Timberwolves,0022400614,2025-01-22T00:00:00,MIN @ DAL,W,8.898333333333333,0.0,12.1,0.0,0.0,8.1,0.0,0.0,0.0,0.0,0.0,0.0,0.0,4.0,4.0,0.0,0.0,0.0,4.0,0.0,0.0,-32.4,2.0,0,0,4.0,1,1,13086,1,22497,22635,13340,22635,15070,6305,15070,13505,14344,13505,14058,22137,23286,9817,3787,12854,8263,8846,7009,17725,23200,24080,25159,2246,150,25180,1,8:54
2024-25,1631172,Ousmane Dieng,Ousmane,1610612760,OKC,Oklahoma City Thunder,0022400618,2025-01-22T00:00:00,OKC vs. UTA,W,9.05,0.0,4.0,0.0,0.0,4.0,0.0,0.0,0.0,0.0,0.0,4.0,4.0,0.0,0.0,0.0,0.0,0.0,4.0,0.0,0.0,8.0,4.8,0,0,4.0,1,1,13086,1,22430,22635,24100,22635,15070,15623,15070,13505,14344,13505,14058,13793,17366,19908,16469,12854,8263,8846,7198,17725,23200,8653,25021,2246,150,25186,1,9:03
2024-25,1642346,Ryan Dunn,Ryan,1610612756,PHX,Phoenix Suns,0022400613,2025-01-22T00:00:00,PHX @ BKN,W,22.85,4.7,12.6,0.375,0.0,3.2,0.0,0.0,0.0,0.0,0.0,3.2,3.2,4.7,0.0,3.2,0.0,0.0,0.0,0.0,9.5,23.6,29.8,0,0,23.6,1,1,13086,1,13831,15177,12566,16299,15070,17364,15070,13505,14344,13505,14058,16253,19366,8119,16469,2831,8263,8846,20257,17725,18685,3121,14959,2246,150,18590,1,22:51
2024-25,1626172,Kevon Looney,Kevon,1610612744,GSW,Golden State Warriors,0022400619,2025-01-22T00:00:00,GSW @ SAC,L,9.283333333333333,0.0,11.6,0.0,0.0,0.0,0.0,0.0,0.0,0.0,0.0,7.8,7.8,0.0,0.0,0.0,0.0,3.9,7.8,0.0,0.0,23.3,9.3,0,0,7.8,1,13222,1,13222,22353,22635,14251,22635,15070,20945,15070,13505,14344,13505,14058,5068,8707,19908,16469,12854,8263,690,1491,17725,23200,3204,24525,2246,150,24797,1,9:17
2024-25,1628998,Cody Martin,Cody,1610612766,CHA,Charlotte Hornets,0022400616,2025-01-22T00:00:00,CHA @ MEM,L,23.39,1.5,7.7,0.2,0.0,1.5,0.0,4.6,6.2,0.75,1.5,4.6,6.2,1.5,3.1,0.0,1.5,1.5,3.1,6.2,7.7,-1.5,18.9,0,0,18.5,1,13222,1,13222,13391,22128,20658,21401,15070,20235,15070,4653,4281,8186,10162,11940,11930,17847,6195,12854,4728,4629,10364,2440,20167,13816,21676,2246,150,21643,1,23:23
2024-25,1642271,Kyle Filipowski,Kyle,1610612762,UTA,Utah Jazz,0022400618,2025-01-22T00:00:00,UTA @ OKC,L,12.966666666666667,0.0,2.8,0.0,0.0,0.0,0.0,0.0,0.0,0.0,5.6,2.8,8.3,0.0,0.0,0.0,0.0,0.0,2.8,0.0,0.0,-41.6,10.0,0,0,8.3,1,13222,1,13222,20755,22635,24563,22635,15070,20945,15070,13505,14344,13505,1914,17479,7724,19908,16469,12854,8263,8846,11741,17725,23200,24952,24419,2246,150,24714,1,12:58
2024-25,1642345,Oso Ighodaro,Oso,1610612756,PHX,Phoenix Suns,0022400613,2025-01-22T00:00:00,PHX @ BKN,W,8.833333333333334,0.0,0.0,0.0,0.0,0.0,0.0,0.0,8.2,0.0,0.0,4.1,4.1,4.1,0.0,0.0,0.0,0.0,8.2,4.1,0.0,-28.5,11.0,0,0,8.2,1,1,13086,1,22517,22635,24836,22635,15070,20945,15070,13505,2408,13505,14058,13494,17126,9722,16469,12854,8263,8846,1302,6105,23200,23516,24238,2246,150,24743,1,8:50
2024-25,1629631,De'Andre Hunter,De'Andre,1610612737,ATL,Atlanta Hawks,0022400612,2025-01-22T00:00:00,ATL vs. DET,L,29.916666666666668,2.4,16.8,0.143,0.0,10.8,0.0,7.2,7.2,1.0,0.0,0.0,0.0,3.6,2.4,1.2,0.0,1.2,1.2,4.8,12.0,-16.8,18.7,0,0,18.1,1,13222,1,13222,7855,20649,5984,22260,15070,2644,15070,1856,3152,1,14058,22137,23286,11058,8630,10145,8263,6232,18519,4473,16105,20562,21817,2246,150,21841,1,29:55
2024-25,1641730,Noah Clowney,Noah,1610612751,BKN,Brooklyn Nets,0022400613,2025-01-22T00:00:00,BKN vs. PHX,L,34.016666666666666,2.1,10.6,0.2,2.1,7.4,0.286,1.1,2.1,0.5,1.1,4.2,5.3,0.0,3.2,1.1,1.1,0.0,2.1,3.2,7.4,-26.5,16.9,0,0,19.0,1,13222,1,13222,4244,21214,16078,21401,9612,7598,11433,13051,12364,10625,12803,13022,14059,19908,5892,11408,7067,8846,14531,8649,20399,23128,22518,2246,150,21371,1,34:01
2024-25,1628415,Dillon Brooks,Dillon,1610612745,HOU,Houston Rockets,0022400615,2025-01-22T00:00:00,HOU vs. CLE,W,32.0,1.1,3.4,0.333,0.0,1.1,0.0,2.3,2.3,1.0,0.0,0.0,0.0,1.1,0.0,1.1,0.0,0.0,4.5,1.1,4.5,-2.3,9.6,0,0,7.9,1,1,13086,1,5961,22560,24355,17395,15070,20716,15070,9780,11933,1,14058,22137,23286,19277,16469,10822,8263,8846,5775,16803,22291,14177,24489,2246,150,24780,1,32:00
2024-25,1628378,Donovan Mitchell,Donovan,1610612739,CLE,Cleveland Cavaliers,0022400615,2025-01-22T00:00:00,CLE @ HOU,L,35.05,7.2,21.6,0.333,1.0,8.2,0.125,4.1,5.1,0.8,2.1,1.0,3.1,3.1,1.0,0.0,1.0,1.0,2.1,5.1,19.5,19.5,29.9,0,0,28.8,1,13222,1,13222,3418,8481,2001,17395,14381,6060,14886,5512,5703,7681,8146,21925,19520,12661,15660,12854,7292,7691,14852,3874,8361,4100,14887,2246,150,14887,1,35:03
2024-25,1629651,Nic Claxton,Nic,1610612751,BKN,Brooklyn Nets,0022400613,2025-01-22T00:00:00,BKN vs. PHX,L,25.583333333333332,7.0,12.7,0.556,0.0,0.0,0.0,0.0,0.0,0.0,5.6,11.3,16.9,2.8,1.4,0.0,0.0,0.0,1.4,0.0,14.1,-32.4,37.1,1,0,33.8,1,13222,1,13222,11499,8846,12458,7248,15070,20945,15070,13505,14344,13505,1859,1773,1149,13541,13240,12854,8263,8846,17602,17725,13869,24078,9584,1,150,11017,1,25:35
2024-25,1628386,Jarrett Allen,Jarrett,1610612739,CLE,Cleveland Cavaliers,0022400615,2025-01-22T00:00:00,CLE @ HOU,L,32.175,7.8,12.3,0.636,0.0,0.0,0.0,3.4,3.4,1.0,5.6,9.0,14.5,3.4,3.4,2.2,3.4,0.0,3.4,6.7,19.0,2.2,54.9,1,0,48.1,1,13222,1,13222,5832,7004,13058,4689,15070,20945,15070,6987,9184,1,1885,3562,1979,11802,5340,5253,1346,8846,9230,1889,8838,11495,1996,1,150,3107,1,32:11
2024-25,1628467,Maxi Kleber,Maxi,1610612742,DAL,Dallas Mavericks,0022400614,2025-01-22T00:00:00,DAL vs. MIN,L,15.586666666666666,9.2,11.5,0.8,2.3,4.6,0.5,2.3,4.6,0.5,0.0,4.6,4.6,2.3,4.6,2.3,0.0,0.0,4.6,4.6,23.1,-25.4,34.4,0,0,37.0,1,13222,1,13222,19202,4300,14399,1688,8817,14155,3944,9586,6632,10625,14058,11928,15773,15199,2820,5001,8263,8846,5494,4901,5421,22892,11499,2246,150,8756,1,15:35
2024-25,1630249,Vít Krejčí,Vít,1610612737,ATL,Atlanta Hawks,0022400612,2025-01-22T00:00:00,ATL vs. DET,L,22.6,4.8,9.6,0.5,4.8,8.0,0.6,0.0,0.0,0.0,0.0,1.6,1.6,4.8,0.0,0.0,0.0,0.0,3.2,0.0,14.3,-9.6,23.4,0,0,25.5,1,13222,1,13222,14030,15022,17849,8526,2597,6513,2992,13505,14344,13505,14058,20694,22447,7979,16469,12854,8263,8846,9916,17725,13567,17697,19302,2246,150,17293,1,22:36
2024-25,1630541,Moses Moody,Moses,1610612744,GSW,Golden State Warriors,0022400619,2025-01-22T00:00:00,GSW @ SAC,L,25.583333333333332,5.6,14.1,0.4,4.2,9.9,0.429,0.0,0.0,0.0,1.4,1.4,2.8,2.8,0.0,0.0,0.0,1.4,4.2,1.4,15.5,-5.6,23.1,0,0,25.3,1,13222,1,13222,11499,12620,10052,14933,3528,3663,7394,13505,14344,13505,10718,21063,20213,13541,16469,12854,8263,5156,6494,15418,12437,15888,19514,2246,150,17410,1,25:35
2024-25,1631099,Keegan Murray,Keegan,1610612758,SAC,Sacramento Kings,0022400619,2025-01-22T00:00:00,SAC vs. GSW,W,34.11666666666667,6.3,11.6,0.545,1.1,5.3,0.2,0.0,1.1,0.0,1.1,2.1,3.2,1.1,0.0,1.1,2.1,0.0,0.0,1.1,13.7,-6.3,28.6,0,0,25.3,1,1,13086,1,4155,10613,14290,7695,14219,12533,13429,13505,14124,13505,12834,19334,19322,19509,16469,11441,3176,8846,20257,17150,14255,16217,15801,2246,150,17414,1,34:07
2024-25,203497,Rudy Gobert,Rudy,1610612750,MIN,Minnesota Timberwolves,0022400614,2025-01-22T00:00:00,MIN @ DAL,W,30.413333333333334,3.6,4.7,0.75,0.0,0.0,0.0,9.5,9.5,1.0,1.2,5.9,7.1,2.4,1.2,0.0,3.6,0.0,1.2,5.9,16.6,-1.2,38.1,0,0,33.1,1,1,13086,1,7407,18200,23654,2107,15070,20945,15070,852,1611,1,11903,8507,9947,14991,14556,12854,1189,8846,18633,2724,11315,13668,8951,2246,150,11536,1,30:25
2024-25,1628970,Miles Bridges,Miles,1610612766,CHA,Charlotte Hornets,0022400616,2025-01-22T00:00:00,CHA @ MEM,L,34.028333333333336,5.3,14.8,0.357,2.1,8.5,0.25,5.3,6.3,0.833,0.0,5.3,5.3,6.3,4.2,1.1,0.0,2.1,2.1,3.2,18.0,-20.1,32.8,0,0,33.9,1,13222,1,13222,4236,13567,8887,17140,9619,5652,11902,3669,4069,7275,14058,10055,14073,4937,3442,11417,8263,2875,14537,8656,9859,21574,12727,2246,150,10962,1,34:02
2024-25,1629012,Collin Sexton,Collin,1610612762,UTA,Utah Jazz,0022400618,2025-01-22T00:00:00,UTA @ OKC,L,32.0,7.9,16.9,0.467,2.3,6.8,0.333,2.3,4.5,0.5,2.3,2.3,4.5,10.1,9.0,0.0,0.0,3.4,3.4,2.3,20.3,-3.4,31.8,0,0,37.1,1,13222,1,13222,5961,6898,5941,12249,9044,9015,9209,9780,6840,10625,7419,18919,16050,1373,421,12854,8263,1013,9166,11936,7697,14747,13448,2246,150,8632,1,32:00
2024-25,1631165,Keon Ellis,Keon,1610612758,SAC,Sacramento Kings,0022400619,2025-01-22T00:00:00,SAC vs. GSW,W,21.356666666666666,5.1,6.7,0.75,1.7,3.4,0.5,1.7,1.7,1.0,0.0,0.0,0.0,3.4,0.0,3.4,1.7,0.0,1.7,1.7,13.5,0.0,33.7,0,0,28.7,1,1,13086,1,15029,14216,21845,2107,11447,16929,3944,11444,13308,1,14058,22137,23286,11767,16469,2439,4329,8846,16580,14319,14520,12240,12036,2246,150,14960,1,21:21
2024-25,1629630,Ja Morant,Ja,1610612763,MEM,Memphis Grizzlies,0022400616,2025-01-22T00:00:00,MEM vs. CHA,W,31.938333333333333,5.6,10.1,0.556,2.3,5.6,0.4,4.5,4.5,1.0,0.0,4.5,4.5,14.7,5.6,3.4,1.1,0.0,2.3,3.4,18.0,4.5,53.3,1,0,48.5,1,1,13086,1,6030,12598,16831,7248,9034,11617,7874,4826,6827,1,14058,12245,16039,324,1693,2420,6628,8846,13858,8011,9800,10384,2373,1,150,2998,1,31:56
2024-25,1642366,Quinten Post,Quinten,1610612744,GSW,Golden State Warriors,0022400619,2025-01-22T00:00:00,GSW @ SAC,L,14.633333333333333,4.9,12.3,0.4,2.5,9.8,0.25,0.0,0.0,0.0,2.5,12.3,14.8,2.5,2.5,0.0,2.5,0.0,12.3,0.0,12.3,-24.6,38.6,0,0,36.9,1,13222,1,13222,19803,14631,13076,14933,8279,3675,11902,13505,14344,13505,6746,1229,1888,14679,8406,12854,2447,8846,394,17725,15823,22720,8637,2246,150,8785,1,14:38
2024-25,1627814,Damion Lee,Damion,1610612756,PHX,Phoenix Suns,0022400613,2025-01-22T00:00:00,PHX @ BKN,W,4.533333333333333,7.9,23.8,0.333,7.9,15.9,0.5,0.0,0.0,0.0,0.0,7.9,7.9,7.9,7.9,0.0,0.0,0.0,0.0,0.0,23.8,0.0,37.3,0,0,47.6,1,1,13086,1,24213,6751,1112,17395,472,534,3944,13505,14344,13505,14058,4791,8379,2949,601,12854,8263,8846,20257,17725,4918,12240,9457,2246,150,3266,1,4:32
2024-25,1630573,Sam Hauser,Sam,1610612738,BOS,Boston Celtics,0022400620,2025-01-22T00:00:00,BOS @ LAC,W,25.245,7.1,10.0,0.714,7.1,10.0,0.714,0.0,0.0,0.0,0.0,5.7,5.7,0.0,0.0,1.4,0.0,0.0,0.0,0.0,21.4,-4.3,32.5,0,0,37.1,1,1,13086,1,11799,8627,17087,2752,718,3497,1861,13505,14344,13505,14058,9034,13009,19908,16469,8773,8263,8846,20257,17725,6738,15214,12940,2246,150,8671,1,25:15
2024-25,1626164,Devin Booker,Devin,1610612756,PHX,Phoenix Suns,0022400613,2025-01-22T00:00:00,PHX @ BKN,W,36.18333333333333,13.9,23.9,0.583,3.0,8.0,0.375,1.0,1.0,1.0,0.0,2.0,2.0,6.0,0.0,2.0,0.0,0.0,2.0,1.0,31.8,16.9,49.1,0,0,46.8,1,1,13086,1,2546,724,1097,6296,6575,6520,8800,13251,14225,1,14058,19697,21817,5555,16469,6300,8263,8846,15207,17417,1565,4938,3561,2246,150,3566,1,36:11
2024-25,1627832,Fred VanVleet,Fred,1610612745,HOU,Houston Rockets,0022400615,2025-01-22T00:00:00,HOU vs. CLE,W,39.81666666666667,7.2,13.6,0.533,6.3,10.8,0.583,2.7,2.7,1.0,0.0,2.7,2.7,4.5,5.4,0.0,0.0,0.0,2.7,0.9,23.5,7.2,28.1,0,0,37.1,1,1,13086,1,613,8373,10893,8140,1099,2630,3489,8545,10713,1,14058,17659,20421,8599,1878,12854,8263,8846,11990,17657,5123,9024,16121,2246,150,8681,1,39:49
2024-25,1629674,Neemias Queta,Neemias,1610612738,BOS,Boston Celtics,0022400620,2025-01-22T00:00:00,BOS @ LAC,W,22.661666666666665,7.9,11.1,0.714,0.0,0.0,0.0,1.6,3.2,0.5,3.2,3.2,6.4,1.6,1.6,0.0,0.0,0.0,3.2,1.6,17.5,-19.1,25.9,0,0,25.4,1,1,13086,1,13985,6749,15159,2752,15070,20945,15070,11622,9556,10625,4989,16168,11495,17683,12388,12854,8263,8846,9963,14667,10350,21257,17686,2246,150,17341,1,22:40
2024-25,1630549,Day'Ron Sharpe,Day'Ron,1610612751,BKN,Brooklyn Nets,0022400613,2025-01-22T00:00:00,BKN vs. PHX,L,22.416666666666668,6.4,11.2,0.571,0.0,0.0,0.0,0.0,3.2,0.0,8.0,6.4,14.5,3.2,6.4,3.2,0.0,0.0,3.2,1.6,12.8,-1.6,38.2,0,0,36.9,1,13222,1,13222,14177,10379,14954,6538,15070,20945,15070,13505,9497,13505,777,7456,2021,12259,1168,2715,8263,8846,9811,14608,15244,13842,8878,2246,150,8770,1,22:25
2024-25,1641842,Ronald Holland II,Ronald,1610612765,DET,Detroit Pistons,0022400612,2025-01-22T00:00:00,DET @ ATL,W,11.716666666666667,0.0,9.2,0.0,0.0,0.0,0.0,6.1,6.1,1.0,0.0,15.4,15.4,0.0,0.0,0.0,3.1,3.1,3.1,3.1,6.1,-18.4,33.8,0,0,27.7,1,1,13086,1,21409,22635,18378,22635,15070,20945,15070,2732,4289,1,14058,507,1621,19908,16469,12854,1607,1260,10380,8985,21288,21054,11971,2246,150,15680,1,11:43
2024-25,1628374,Lauri Markkanen,Lauri,1610612762,UTA,Utah Jazz,0022400618,2025-01-22T00:00:00,UTA @ OKC,L,30.083333333333332,8.4,20.3,0.412,3.6,12.0,0.3,0.0,0.0,0.0,3.6,3.6,7.2,0.0,2.4,0.0,1.2,0.0,2.4,3.6,20.3,3.6,30.2,0,0,33.5,1,13222,1,13222,7702,5841,2732,14791,4940,1799,11319,13505,14344,13505,4226,14950,9787,19908,8688,12854,6195,8846,13248,7418,7621,10858,14695,2246,150,11234,1,30:05
2024-25,1631221,Collin Gillespie,Collin,1610612756,PHX,Phoenix Suns,0022400613,2025-01-22T00:00:00,PHX @ BKN,W,2.9833333333333334,12.1,12.1,1.0,0.0,0.0,0.0,0.0,0.0,0.0,12.1,0.0,12.1,0.0,0.0,0.0,0.0,0.0,12.1,0.0,24.1,-36.2,38.6,0,0,36.2,1,1,13086,1,24995,1482,13474,1,15070,20945,15070,13505,14344,13505,239,22137,3434,19908,16469,12854,8263,8846,415,17725,4711,24541,8642,2246,150,9224,1,2:59
2024-25,1626168,Trey Lyles,Trey,1610612758,SAC,Sacramento Kings,0022400619,2025-01-22T00:00:00,SAC vs. GSW,W,16.766666666666666,4.3,4.3,1.0,2.1,2.1,1.0,4.3,4.3,1.0,0.0,4.3,4.3,2.1,0.0,0.0,2.1,0.0,2.1,2.1,15.0,10.7,29.8,0,0,27.9,1,1,13086,1,18408,16332,23929,1,9472,19276,1,5161,7221,1,14058,12819,16544,15830,16469,12854,3081,8846,14372,12412,12874,7352,14909,2246,150,15490,1,16:46
2024-25,1630241,Sam Merrill,Sam,1610612739,CLE,Cleveland Cavaliers,0022400615,2025-01-22T00:00:00,CLE @ HOU,L,22.875,4.7,14.2,0.333,1.6,9.4,0.167,0.0,0.0,0.0,4.7,3.1,7.9,4.7,1.6,0.0,0.0,1.6,3.1,1.6,11.0,0.0,26.0,0,0,25.2,1,13222,1,13222,13816,15186,9897,17395,11776,4196,14236,13505,14344,13505,2648,16275,8519,8129,12449,12854,8263,4512,10106,14715,17168,12240,17638,2246,150,17531,1,22:53
2024-25,1630590,Scotty Pippen Jr.,Scotty,1610612763,MEM,Memphis Grizzlies,0022400616,2025-01-22T00:00:00,MEM vs. CHA,W,15.728333333333333,0.0,11.4,0.0,0.0,2.3,0.0,0.0,0.0,0.0,2.3,4.6,6.9,9.2,2.3,4.6,0.0,0.0,9.2,2.3,0.0,0.0,33.4,0,0,25.2,1,1,13086,1,19112,22635,14584,22635,15070,19012,15070,13505,14344,13505,7284,12055,10395,1894,9133,1168,8263,8846,910,11799,23200,12240,12252,2246,150,17533,1,15:44
2024-25,1641717,Cason Wallace,Cason,1610612760,OKC,Oklahoma City Thunder,0022400618,2025-01-22T00:00:00,OKC vs. UTA,W,36.21666666666667,6.0,8.0,0.75,1.0,2.0,0.5,0.0,0.0,0.0,1.0,3.0,4.0,1.0,1.0,3.0,0.0,1.0,5.0,0.0,12.9,19.9,27.1,0,0,24.9,1,1,13086,1,2521,11620,20344,2107,14584,19580,3944,13505,14344,13505,13311,16798,17375,19694,15891,3202,8263,7979,4685,17725,15178,3987,16856,2246,150,17795,1,36:13
2024-25,1629610,DaQuan Jeffries,DaQuan,1610612766,CHA,Charlotte Hornets,0022400616,2025-01-22T00:00:00,CHA @ MEM,L,0.9716666666666667,0.0,0.0,0.0,0.0,0.0,0.0,0.0,0.0,0.0,0.0,37.0,37.0,0.0,0.0,0.0,0.0,0.0,0.0,0.0,0.0,74.1,44.5,0,0,37.0,1,13222,1,13222,26071,22635,24836,22635,15070,20945,15070,13505,14344,13505,14058,18,38,19908,16469,12854,8263,8846,20257,17725,23200,207,5439,2246,150,8694,1,0:58
2024-25,203471,Dennis Schröder,Dennis,1610612744,GSW,Golden State Warriors,0022400619,2025-01-22T00:00:00,GSW @ SAC,L,20.698333333333334,5.2,13.9,0.375,1.7,5.2,0.333,0.0,0.0,0.0,0.0,5.2,5.2,8.7,8.7,0.0,0.0,0.0,5.2,0.0,12.2,-8.7,22.8,0,0,27.8,1,13222,1,13222,15500,13765,10316,16299,11284,12658,9209,13505,14344,13505,14058,10235,14232,2274,470,12854,8263,8846,4161,17725,15952,17284,19698,2246,150,15558,1,20:42
2024-25,1630166,Deni Avdija,Deni,1610612757,POR,Portland Trail Blazers,0022400607,2025-01-21T00:00:00,POR @ MIA,W,38.86666666666667,4.6,10.2,0.455,0.9,5.6,0.167,4.6,9.3,0.5,0.9,8.3,9.3,4.6,0.9,1.9,0.0,0.9,0.9,5.6,14.8,3.7,37.5,1,0,33.3,1,1,13086,1,929,15419,16746,12676,14883,11821,14236,4626,1735,10625,13796,4237,6366,8348,16258,7018,8263,8521,20078,3255,13095,10806,9333,1,150,11364,1,38:52
2024-25,1627824,Guerschon Yabusele,Guerschon,1610612755,PHI,Philadelphia 76ers,0022400609,2025-01-21T00:00:00,PHI @ DEN,L,24.15,11.9,19.4,0.615,6.0,7.5,0.8,3.0,4.5,0.667,3.0,1.5,4.5,4.5,0.0,0.0,0.0,0.0,4.5,4.5,32.8,-7.5,44.9,0,0,47.7,1,13222,1,13222,12762,1570,3436,5246,1329,7494,1389,7869,6894,9425,5389,20892,16115,8718,16469,12854,8263,8846,5836,5203,1365,16707,5237,2246,150,3252,1,24:09
2024-25,1641737,Adem Bona,Adem,1610612755,PHI,Philadelphia 76ers,0022400609,2025-01-21T00:00:00,PHI @ DEN,L,16.308333333333334,2.2,6.6,0.333,0.0,0.0,0.0,2.2,4.4,0.5,4.4,2.2,6.6,2.2,0.0,2.2,4.4,2.2,6.6,4.4,6.6,-39.7,37.7,0,0,28.7,1,13222,1,13222,18724,21023,21987,17395,15070,20945,15070,9923,7007,10625,3032,19049,10896,15600,16469,5366,708,2623,2295,5309,20976,24827,9193,2246,150,14931,1,16:19
2024-25,201569,Eric Gordon,Eric,1610612755,PHI,Philadelphia 76ers,0022400609,2025-01-21T00:00:00,PHI @ DEN,L,19.133333333333333,5.6,7.5,0.75,5.6,7.5,0.75,0.0,0.0,0.0,0.0,0.0,0.0,5.6,1.9,0.0,0.0,0.0,0.0,0.0,16.9,-22.6,23.5,0,0,28.2,1,13222,1,13222,16723,12573,20887,2107,1617,7334,1542,13505,14344,13505,14058,22137,23286,6154,11148,12854,8263,8846,20257,17725,10922,22240,19249,2246,150,15277,1,19:08
2024-25,1629661,Cameron Johnson,Cameron,1610612751,BKN,Brooklyn Nets,0022400606,2025-01-21T00:00:00,BKN vs. NYK,L,34.943333333333335,6.2,20.6,0.3,2.1,9.3,0.222,2.1,2.1,1.0,0.0,3.1,3.1,2.1,2.1,0.0,2.1,1.0,2.1,1.0,16.5,-18.5,27.4,0,0,27.8,1,13222,1,13222,3509,11017,2570,19363,9870,4417,13288,10438,12554,1,14058,16434,19499,16154,10210,12854,3317,7664,14811,17276,11406,21080,16657,2246,150,15567,1,34:57
2024-25,1630567,Scottie Barnes,Scottie,1610612761,TOR,Toronto Raptors,0022400608,2025-01-21T00:00:00,TOR vs. ORL,W,33.78333333333333,6.4,13.9,0.462,2.1,4.3,0.5,3.2,4.3,0.75,1.1,10.7,11.7,8.5,2.1,2.1,1.1,1.1,2.1,4.3,18.1,22.4,52.4,1,0,46.9,1,1,13086,1,4448,10465,10422,12428,9551,14991,3944,7342,7287,8186,12750,2115,3736,2401,9838,5654,7025,7359,14459,5695,9718,3387,2607,1,150,3524,1,33:47
2024-25,1629637,Jaxson Hayes,Jaxson,1610612747,LAL,Los Angeles Lakers,0022400610,2025-01-21T00:00:00,LAL vs. WAS,W,19.433333333333334,5.6,5.6,1.0,0.0,0.0,0.0,3.7,5.6,0.667,0.0,5.6,5.6,0.0,0.0,0.0,3.7,0.0,1.9,3.7,14.8,5.6,32.6,0,0,27.8,1,1,13086,1,16470,12824,23038,1,15070,20945,15070,6282,5109,9425,14058,9400,13402,19908,16469,12854,1080,8846,15927,7121,13095,9815,12882,2246,150,15588,1,19:26
2024-25,203482,Kelly Olynyk,Kelly,1610612761,TOR,Toronto Raptors,0022400608,2025-01-21T00:00:00,TOR vs. ORL,W,22.466666666666665,6.4,9.6,0.667,3.2,3.2,1.0,3.2,6.4,0.5,1.6,3.2,4.8,4.8,8.0,1.6,6.4,0.0,6.4,3.2,19.2,62.5,48.2,0,0,48.1,1,1,13086,1,14137,10411,17736,3281,5939,17258,1,7320,3991,10625,9908,16063,15280,7906,582,7976,250,8846,2476,8540,8626,327,3905,2246,150,3116,1,22:28
2024-25,1626162,Kelly Oubre Jr.,Kelly,1610612755,PHI,Philadelphia 76ers,0022400609,2025-01-21T00:00:00,PHI @ DEN,L,27.0,5.3,12.0,0.444,0.0,2.7,0.0,0.0,0.0,0.0,0.0,4.0,4.0,2.7,1.3,2.7,1.3,0.0,5.3,0.0,10.7,-26.7,30.1,0,0,25.3,1,13222,1,13222,10332,13448,13575,13045,15070,18319,15070,13505,14344,13505,14058,13720,17311,13995,13654,3979,5506,8846,3956,17725,17507,23166,14713,2246,150,17408,1,27:00
2024-25,1630192,Zeke Nnaji,Zeke,1610612743,DEN,Denver Nuggets,0022400609,2025-01-21T00:00:00,DEN vs. PHI,W,5.15,0.0,0.0,0.0,0.0,0.0,0.0,0.0,0.0,0.0,0.0,14.0,14.0,0.0,0.0,0.0,7.0,0.0,0.0,0.0,0.0,48.9,37.7,0,0,28.0,1,1,13086,1,23927,22635,24836,22635,15070,20945,15070,13505,14344,13505,14058,762,2246,19908,16469,12854,206,8846,20257,17725,23200,581,9193,2246,150,15452,1,5:09
2024-25,1631128,Christian Braun,Christian,1610612743,DEN,Denver Nuggets,0022400609,2025-01-21T00:00:00,DEN vs. PHI,W,25.125,11.5,15.8,0.727,0.0,0.0,0.0,5.7,7.2,0.8,2.9,0.0,2.9,2.9,0.0,1.4,0.0,1.4,0.0,4.3,28.7,28.7,40.7,0,0,37.3,1,1,13086,1,11893,1892,7466,2666,15070,20945,15070,3161,3204,7681,5686,22137,20083,13398,16469,8745,8263,5052,20257,5590,2543,2161,7332,2246,150,8541,1,25:08
2024-25,1630703,Scoot Henderson,Scoot,1610612757,POR,Portland Trail Blazers,0022400607,2025-01-21T00:00:00,POR @ MIA,W,33.53333333333333,4.3,8.6,0.5,2.1,5.4,0.4,1.1,2.1,0.5,0.0,2.1,2.1,8.6,2.1,0.0,0.0,1.1,3.2,1.1,11.8,10.7,25.1,0,0,24.7,1,1,13086,1,4698,16332,19369,8526,9472,12292,7874,12988,12267,10625,14058,19218,21519,2351,9738,12854,8263,7276,9778,17040,16335,7352,18203,2246,150,17897,1,33:32
2024-25,1641796,Pelle Larsson,Pelle,1610612748,MIA,Miami Heat,0022400607,2025-01-21T00:00:00,MIA vs. POR,L,14.8,9.7,17.0,0.571,4.9,9.7,0.5,2.4,2.4,1.0,0.0,0.0,0.0,0.0,0.0,2.4,0.0,0.0,4.9,2.4,26.8,36.5,34.1,0,0,36.5,1,13222,1,13222,19704,3561,5773,6538,2464,3799,3944,9231,11378,1,14058,22137,23286,19908,16469,4580,8263,8846,4910,11214,3324,1246,11757,2246,150,9057,1,14:48
2024-25,1628371,Jonathan Isaac,Jonathan,1610612753,ORL,Orlando Magic,0022400608,2025-01-21T00:00:00,ORL @ TOR,L,4.55,0.0,23.7,0.0,0.0,15.8,0.0,0.0,0.0,0.0,0.0,15.8,15.8,0.0,0.0,0.0,0.0,0.0,0.0,0.0,0.0,-15.8,19.0,0,0,15.8,1,13222,1,13222,24199,22635,1137,22635,15070,546,15070,13505,14344,13505,14058,453,1479,19908,16469,12854,8263,8846,20257,17725,23200,20202,21647,2246,150,22776,1,4:33
2024-25,203083,Andre Drummond,Andre,1610612755,PHI,Philadelphia 76ers,0022400609,2025-01-21T00:00:00,PHI @ DEN,L,20.483333333333334,7.0,12.3,0.571,0.0,0.0,0.0,0.0,0.0,0.0,0.0,8.8,8.8,3.5,1.8,0.0,0.0,1.8,3.5,1.8,14.1,-28.1,28.1,0,0,26.4,1,13222,1,13222,15651,8854,13072,6538,15070,20945,15070,13505,14344,13505,14058,3740,7049,11349,11709,12854,8263,4013,8710,14082,13879,23456,16119,2246,150,16656,1,20:29
2024-25,1642348,Justin Edwards,Justin,1610612755,PHI,Philadelphia 76ers,0022400609,2025-01-21T00:00:00,PHI @ DEN,L,27.941666666666666,5.2,12.9,0.4,3.9,9.0,0.429,0.0,0.0,0.0,2.6,1.3,3.9,1.3,2.6,1.3,0.0,0.0,2.6,1.3,14.2,-23.2,22.0,0,0,25.8,1,13222,1,13222,9594,13944,12067,14933,4283,4790,7394,13505,14344,13505,6410,21302,17668,18701,7960,9529,8263,8846,12508,15957,13761,22380,20126,2246,150,17092,1,27:57
2024-25,1642267,Bub Carrington,Bub,1610612764,WAS,Washington Wizards,0022400610,2025-01-21T00:00:00,WAS @ LAL,L,28.966666666666665,1.2,9.9,0.125,1.2,5.0,0.25,0.0,0.0,0.0,0.0,5.0,5.0,2.5,2.5,2.5,0.0,1.2,2.5,0.0,3.7,-17.4,18.4,0,0,17.4,1,13222,1,13222,8697,22458,17165,22420,13136,13271,11902,13505,14344,13505,14058,10960,14871,14591,8307,4422,8263,5977,12860,17725,22678,20743,21933,2246,150,22131,1,28:58
2024-25,1641731,Bilal Coulibaly,Bilal,1610612764,WAS,Washington Wizards,0022400610,2025-01-21T00:00:00,WAS @ LAL,L,32.41833333333334,7.8,16.7,0.467,1.1,5.6,0.2,2.2,2.2,1.0,3.3,3.3,6.7,4.4,1.1,1.1,2.2,2.2,4.4,2.2,18.9,-15.5,42.4,0,0,37.8,1,13222,1,13222,5622,7116,6233,12249,13887,11841,13429,9867,12017,1,4682,15695,10817,8788,15063,10940,2904,2603,5911,12079,8968,20107,6415,2246,150,8196,1,32:25
2024-25,202331,Paul George,Paul,1610612755,PHI,Philadelphia 76ers,0022400609,2025-01-21T00:00:00,PHI @ DEN,L,28.266666666666666,6.4,14.0,0.455,1.3,3.8,0.333,0.0,0.0,0.0,1.3,5.1,6.4,11.5,3.8,1.3,1.3,0.0,1.3,0.0,14.0,-19.1,42.7,0,0,38.2,1,13222,1,13222,9325,10520,10163,12676,12970,15953,9209,13505,14344,13505,11337,10585,11470,851,4266,9623,5773,8846,18151,17725,13927,21265,6280,2246,150,7891,1,28:16
2024-25,1630558,Davion Mitchell,Davion,1610612761,TOR,Toronto Raptors,0022400608,2025-01-21T00:00:00,TOR vs. ORL,W,24.65,4.4,7.3,0.6,1.5,2.9,0.5,0.0,0.0,0.0,0.0,2.9,2.9,8.8,1.5,1.5,0.0,0.0,1.5,2.9,10.2,0.0,29.8,0,0,26.3,1,1,13086,1,12326,16118,21203,5394,12208,17817,3944,13505,14344,13505,14058,17012,19938,2212,12953,8576,8263,8846,17392,9523,17927,12240,14948,2246,150,16726,1,24:39
2024-25,1642276,Kel'el Ware,Kel'el,1610612748,MIA,Miami Heat,0022400607,2025-01-21T00:00:00,MIA vs. POR,L,38.53333333333333,7.5,15.9,0.471,1.9,5.6,0.333,1.9,1.9,1.0,2.8,11.2,14.0,0.0,0.0,0.0,1.9,0.0,0.0,0.9,18.7,7.5,41.1,1,0,38.3,1,13222,1,13222,1092,7821,7290,12143,10786,11706,9209,11055,13069,1,5857,1798,2229,19908,16469,12854,3867,8846,20257,17595,9134,8891,7113,1,150,7822,1,38:32
2024-25,1630625,Dalano Banton,Dalano,1610612757,POR,Portland Trail Blazers,0022400607,2025-01-21T00:00:00,POR @ MIA,W,17.2,8.4,18.8,0.444,2.1,10.5,0.2,4.2,4.2,1.0,2.1,4.2,6.3,2.1,0.0,0.0,2.1,0.0,0.0,2.1,23.0,4.2,40.0,0,0,37.7,1,1,13086,1,18139,5851,3895,13045,9719,3011,13429,5364,7435,1,7977,13148,11657,16027,16469,12854,3228,8846,20257,12642,5463,10552,7778,2246,150,8236,1,17:12
2024-25,1630553,Keon Johnson,Keon,1610612751,BKN,Brooklyn Nets,0022400606,2025-01-21T00:00:00,BKN vs. NYK,L,26.945,2.7,9.4,0.286,1.3,4.0,0.333,2.7,4.0,0.667,1.3,2.7,4.0,2.7,0.0,0.0,0.0,1.3,0.0,2.7,9.4,4.0,18.2,0,0,17.4,1,13222,1,13222,10384,20150,18193,19630,12709,15568,9209,8636,7830,9425,11036,17765,17296,13984,16469,12854,8263,5467,20257,10401,18776,10643,22019,2246,150,22142,1,26:57
2024-25,203932,Aaron Gordon,Aaron,1610612743,DEN,Denver Nuggets,0022400609,2025-01-21T00:00:00,DEN vs. PHI,W,22.333333333333332,9.7,11.3,0.857,4.8,4.8,1.0,6.4,6.4,1.0,0.0,0.0,0.0,4.8,1.6,0.0,0.0,0.0,1.6,4.8,30.6,16.1,36.3,0,0,40.3,1,1,13086,1,14245,3633,14856,1412,2508,13608,1,2451,3944,1,14058,22137,23286,7823,12289,12854,8263,8846,16826,4422,1883,5208,10183,2246,150,6602,1,22:20
2024-25,1641783,Tristan da Silva,Tristan,1610612753,ORL,Orlando Magic,0022400608,2025-01-21T00:00:00,ORL @ TOR,L,37.583333333333336,2.9,9.6,0.3,1.0,2.9,0.333,1.9,1.9,1.0,1.0,3.8,4.8,3.8,1.0,0.0,1.0,0.0,1.0,1.0,8.6,-3.8,22.0,0,0,20.1,1,13222,1,13222,1639,19726,17811,19363,14759,17909,9209,10900,12942,1,13588,14229,15322,10417,16100,12854,7764,8846,19919,17523,19411,14969,20128,2246,150,20789,1,37:35
2024-25,1631115,Orlando Robinson,Orlando,1610612761,TOR,Toronto Raptors,0022400608,2025-01-21T00:00:00,TOR vs. ORL,W,1.4333333333333333,0.0,25.1,0.0,0.0,0.0,0.0,0.0,0.0,0.0,0.0,0.0,0.0,0.0,0.0,0.0,0.0,0.0,0.0,0.0,0.0,-75.3,0.0,0,0,0.0,1,1,13086,1,25842,22635,799,22635,15070,20945,15070,13505,14344,13505,14058,22137,23286,19908,16469,12854,8263,8846,20257,17725,23200,25962,25228,2246,150,25259,1,1:26
2024-25,202066,Garrett Temple,Garrett,1610612761,TOR,Toronto Raptors,0022400608,2025-01-21T00:00:00,TOR vs. ORL,W,1.4333333333333333,0.0,25.1,0.0,0.0,0.0,0.0,0.0,0.0,0.0,0.0,0.0,0.0,0.0,0.0,0.0,0.0,0.0,0.0,0.0,0.0,-75.3,0.0,0,0,0.0,1,1,13086,1,25842,22635,799,22635,15070,20945,15070,13505,14344,13505,14058,22137,23286,19908,16469,12854,8263,8846,20257,17725,23200,25962,25228,2246,150,25259,1,1:26
2024-25,202692,Alec Burks,Alec,1610612748,MIA,Miami Heat,0022400607,2025-01-21T00:00:00,MIA vs. POR,L,13.4,0.0,8.1,0.0,0.0,8.1,0.0,0.0,0.0,0.0,0.0,0.0,0.0,0.0,0.0,0.0,0.0,2.7,2.7,0.0,0.0,-59.1,0.0,0,0,0.0,1,13222,1,13222,20538,22635,20163,22635,15070,6349,15070,13505,14344,13505,14058,22137,23286,19908,16469,12854,8263,1760,12092,17725,23200,25664,25228,2246,150,25259,1,13:24
2024-25,1630540,Miles McBride,Miles,1610612752,NYK,New York Knicks,0022400606,2025-01-21T00:00:00,NYK @ BKN,W,18.495,5.8,11.7,0.5,1.9,5.8,0.333,0.0,0.0,0.0,0.0,1.9,1.9,1.9,0.0,0.0,0.0,1.9,1.9,1.9,13.6,-11.7,18.9,0,0,19.5,1,1,13086,1,17206,11989,14154,8526,10424,11107,9209,13505,14344,13505,14058,19839,21916,16575,16469,12854,8263,3397,15432,13334,14358,18611,21714,2246,150,21168,1,18:30
2024-25,1641730,Noah Clowney,Noah,1610612751,BKN,Brooklyn Nets,0022400606,2025-01-21T00:00:00,BKN vs. NYK,L,26.0,5.5,11.1,0.5,2.8,6.9,0.4,0.0,0.0,0.0,4.2,4.2,8.3,1.4,0.0,1.4,2.8,0.0,1.4,0.0,13.8,-1.4,38.4,0,0,34.6,1,13222,1,13222,11159,12880,15229,8526,7321,8619,7874,13505,14344,13505,3361,13257,7753,18392,16469,8986,1998,8846,17682,17725,14101,13750,8805,2246,150,10357,1,26:00
2024-25,1628969,Mikal Bridges,Mikal,1610612752,NYK,New York Knicks,0022400606,2025-01-21T00:00:00,NYK @ BKN,W,34.38333333333333,3.1,13.6,0.231,2.1,6.3,0.333,2.1,2.1,1.0,0.0,1.0,1.0,2.1,0.0,2.1,0.0,4.2,1.0,3.1,10.5,8.4,21.1,0,0,19.9,1,1,13086,1,3934,19122,10812,21157,9717,10018,9209,10314,12442,1,14058,21890,23166,16023,16469,5817,8263,587,19430,8759,17691,8451,20621,2246,150,20918,1,34:23
2024-25,1630592,Jalen Wilson,Jalen,1610612751,BKN,Brooklyn Nets,0022400606,2025-01-21T00:00:00,BKN vs. NYK,L,28.016666666666666,1.3,6.4,0.2,0.0,3.9,0.0,1.3,5.1,0.25,1.3,5.1,6.4,2.6,3.9,0.0,0.0,0.0,3.9,5.1,3.9,6.4,11.6,0,0,12.8,1,13222,1,13222,9535,22413,22178,21401,15070,15889,15070,12340,5693,13358,11265,10450,11333,14306,4179,12854,8263,8846,7592,3865,22628,9410,24121,2246,150,23760,1,28:01
2024-25,1630264,Anthony Gill,Anthony,1610612764,WAS,Washington Wizards,0022400610,2025-01-21T00:00:00,WAS @ LAL,L,1.6,0.0,0.0,0.0,0.0,0.0,0.0,0.0,0.0,0.0,0.0,0.0,0.0,0.0,0.0,0.0,0.0,0.0,22.5,0.0,0.0,-90.0,0.0,0,0,0.0,1,13222,1,13222,25718,22635,24836,22635,15070,20945,15070,13505,14344,13505,14058,22137,23286,19908,16469,12854,8263,8846,90,17725,23200,26088,25228,2246,150,25259,1,1:36
2024-25,1629216,Gabe Vincent,Gabe,1610612747,LAL,Los Angeles Lakers,0022400610,2025-01-21T00:00:00,LAL vs. WAS,W,25.116666666666667,1.4,2.9,0.5,1.4,2.9,0.5,0.0,0.0,0.0,0.0,2.9,2.9,4.3,0.0,0.0,0.0,0.0,4.3,1.4,4.3,1.4,14.2,0,0,12.9,1,1,13086,1,11895,22254,24535,8526,12320,17924,3944,13505,14344,13505,14058,17190,20077,9124,16469,12854,8263,8846,6288,15310,22410,11907,23433,2246,150,23744,1,25:07
2024-25,1630551,Justin Champagnie,Justin,1610612764,WAS,Washington Wizards,0022400610,2025-01-21T00:00:00,WAS @ LAL,L,2.783333333333333,0.0,0.0,0.0,0.0,0.0,0.0,0.0,0.0,0.0,0.0,12.9,12.9,0.0,0.0,0.0,0.0,0.0,0.0,12.9,0.0,-77.6,15.5,0,0,12.9,1,13222,1,13222,25072,22635,24836,22635,15070,20945,15070,13505,14344,13505,14058,1035,2843,19908,16469,12854,8263,8846,20257,161,23200,25983,23021,2246,150,23733,1,2:47
2024-25,1629013,Landry Shamet,Landry,1610612752,NYK,New York Knicks,0022400606,2025-01-21T00:00:00,NYK @ BKN,W,6.133333333333334,0.0,0.0,0.0,0.0,0.0,0.0,0.0,0.0,0.0,0.0,0.0,0.0,0.0,0.0,0.0,0.0,0.0,5.9,0.0,0.0,58.7,0.0,0,0,0.0,1,1,13086,1,23548,22635,24836,22635,15070,20945,15070,13505,14344,13505,14058,22137,23286,19908,16469,12854,8263,8846,3116,17725,23200,387,25228,2246,150,25259,1,6:08
2024-25,202710,Jimmy Butler III,Jimmy,1610612748,MIA,Miami Heat,0022400607,2025-01-21T00:00:00,MIA vs. POR,L,26.933333333333334,5.3,12.0,0.444,1.3,1.3,1.0,5.3,5.3,1.0,2.7,2.7,5.3,10.7,2.7,0.0,0.0,1.3,0.0,6.7,17.4,-25.4,37.2,0,0,34.8,1,13222,1,13222,10388,13414,13538,13045,12703,20455,1,3593,5395,1,6165,17760,13920,1109,7607,12854,8263,5463,20257,1916,10446,22889,9573,2246,150,10259,1,26:56
2024-25,1629057,Robert Williams III,Robert,1610612757,POR,Portland Trail Blazers,0022400607,2025-01-21T00:00:00,POR @ MIA,W,14.05,2.6,2.6,1.0,0.0,0.0,0.0,0.0,0.0,0.0,5.1,5.1,10.2,0.0,0.0,0.0,2.6,0.0,5.1,0.0,5.1,-5.1,25.1,0,0,20.5,1,1,13086,1,20169,20343,24624,1,15070,20945,15070,13505,14344,13505,2264,10490,5178,19908,16469,12854,2271,8846,4332,17725,21943,15663,18207,2246,150,20580,1,14:03
2024-25,201599,DeAndre Jordan,DeAndre,1610612743,DEN,Denver Nuggets,0022400609,2025-01-21T00:00:00,DEN vs. PHI,W,13.483333333333333,2.7,2.7,1.0,0.0,0.0,0.0,5.3,5.3,1.0,2.7,13.3,16.0,2.7,2.7,0.0,2.7,0.0,8.0,2.7,10.7,18.7,39.2,0,0,34.7,1,1,13086,1,20496,20152,24598,1,15070,20945,15070,3602,5405,1,6175,911,1425,13988,7618,12854,2123,8846,1360,10407,17499,4345,8238,2246,150,10290,1,13:29
2024-25,1642419,Jamison Battle,Jamison,1610612761,TOR,Toronto Raptors,0022400608,2025-01-21T00:00:00,TOR vs. ORL,W,1.4333333333333333,0.0,0.0,0.0,0.0,0.0,0.0,0.0,0.0,0.0,0.0,0.0,0.0,0.0,0.0,0.0,0.0,0.0,0.0,0.0,0.0,-75.3,0.0,0,0,0.0,1,1,13086,1,25842,22635,24836,22635,15070,20945,15070,13505,14344,13505,14058,22137,23286,19908,16469,12854,8263,8846,20257,17725,23200,25962,25228,2246,150,25259,1,1:26
2024-25,1629014,Anfernee Simons,Anfernee,1610612757,POR,Portland Trail Blazers,0022400607,2025-01-21T00:00:00,POR @ MIA,W,34.86666666666667,9.3,20.7,0.45,6.2,12.4,0.5,0.0,1.0,0.0,0.0,4.1,4.1,3.1,1.0,0.0,1.0,0.0,1.0,2.1,24.8,4.1,36.4,0,0,40.3,1,1,13086,1,3564,4215,2542,12982,1167,1576,3944,13505,14168,13505,14058,13331,17004,12619,15618,12854,7253,8846,19511,12781,4318,10580,10059,2246,150,6635,1,34:52
2024-25,202709,Cory Joseph,Cory,1610612753,ORL,Orlando Magic,0022400608,2025-01-21T00:00:00,ORL @ TOR,L,12.183333333333334,3.0,5.9,0.5,0.0,3.0,0.0,3.0,5.9,0.5,0.0,0.0,0.0,3.0,3.0,0.0,0.0,0.0,3.0,8.9,8.9,-44.3,10.3,0,0,11.8,1,13222,1,13222,21163,19520,22701,8526,15070,17743,15070,7937,4598,10625,14058,22137,23286,13071,6629,12854,8263,8846,10923,702,19204,25140,24361,2246,150,24023,1,12:11
2024-25,1631098,Johnny Davis,Johnny,1610612764,WAS,Washington Wizards,0022400610,2025-01-21T00:00:00,WAS @ LAL,L,1.6,0.0,22.5,0.0,0.0,22.5,0.0,0.0,0.0,0.0,0.0,0.0,0.0,0.0,0.0,0.0,0.0,0.0,0.0,0.0,0.0,-90.0,0.0,0,0,0.0,1,13222,1,13222,25718,22635,1583,22635,15070,155,15070,13505,14344,13505,14058,22137,23286,19908,16469,12854,8263,8846,20257,17725,23200,26088,25228,2246,150,25259,1,1:36
2024-25,1641816,Hunter Tyson,Hunter,1610612743,DEN,Denver Nuggets,0022400609,2025-01-21T00:00:00,DEN vs. PHI,W,6.316666666666666,5.7,22.8,0.25,5.7,17.1,0.333,0.0,0.0,0.0,0.0,11.4,11.4,5.7,0.0,0.0,0.0,5.7,0.0,0.0,17.1,45.6,39.3,0,0,39.9,1,1,13086,1,23450,12420,1453,20233,1559,406,9209,13505,14344,13505,14058,1694,4051,6042,16469,12854,8263,247,20257,17725,10743,681,8187,2246,150,6839,1,6:19
2024-25,1629673,Jordan Poole,Jordan,1610612764,WAS,Washington Wizards,0022400610,2025-01-21T00:00:00,WAS @ LAL,L,34.46666666666667,5.2,18.8,0.278,4.2,12.5,0.333,1.0,1.0,1.0,1.0,6.3,7.3,3.1,2.1,2.1,0.0,2.1,3.1,2.1,15.7,-11.5,33.3,0,0,34.5,1,13222,1,13222,3877,13752,3927,20025,3612,1509,9209,13097,14143,1,12914,7758,9551,12525,10051,5838,8263,2954,10154,12664,12251,18528,12331,2246,150,10475,1,34:28
2024-25,1642259,Alex Sarr,Alex,1610612764,WAS,Washington Wizards,0022400610,2025-01-21T00:00:00,WAS @ LAL,L,27.166666666666668,6.6,18.6,0.357,0.0,4.0,0.0,0.0,0.0,0.0,1.3,6.6,8.0,2.7,1.3,1.3,6.6,4.0,1.3,0.0,13.3,-19.9,49.3,0,0,39.8,1,13222,1,13222,10216,9868,4169,17140,15070,15633,15070,13505,14344,13505,11072,7040,8363,14042,13688,9317,232,660,17925,17725,14804,21518,3499,2246,150,6915,1,27:10
2024-25,1641774,Tristan Vukcevic,Tristan,1610612764,WAS,Washington Wizards,0022400610,2025-01-21T00:00:00,WAS @ LAL,L,1.6,0.0,45.0,0.0,0.0,22.5,0.0,0.0,0.0,0.0,0.0,0.0,0.0,0.0,0.0,0.0,0.0,0.0,0.0,0.0,0.0,-90.0,0.0,0,0,0.0,1,13222,1,13222,25718,22635,47,22635,15070,155,15070,13505,14344,13505,14058,22137,23286,19908,16469,12854,8263,8846,20257,17725,23200,26088,25228,2246,150,25259,1,1:36
2024-25,1629312,Haywood Highsmith,Haywood,1610612748,MIA,Miami Heat,0022400607,2025-01-21T00:00:00,MIA vs. POR,L,4.1,0.0,0.0,0.0,0.0,0.0,0.0,0.0,0.0,0.0,0.0,0.0,0.0,0.0,0.0,0.0,0.0,0.0,0.0,0.0,0.0,17.6,0.0,0,0,0.0,1,13222,1,13222,24435,22635,24836,22635,15070,20945,15070,13505,14344,13505,14058,22137,23286,19908,16469,12854,8263,8846,20257,17725,23200,4717,25228,2246,150,25259,1,4:06
2024-25,1630288,Jeff Dowtin Jr.,Jeff,1610612755,PHI,Philadelphia 76ers,0022400609,2025-01-21T00:00:00,PHI @ DEN,L,6.316666666666666,5.7,22.8,0.25,0.0,5.7,0.0,0.0,0.0,0.0,0.0,0.0,0.0,0.0,0.0,0.0,0.0,0.0,0.0,0.0,11.4,-45.6,11.4,0,0,11.4,1,13222,1,13222,23450,12420,1453,20233,15070,11446,15070,13505,14344,13505,14058,22137,23286,19908,16469,12854,8263,8846,20257,17725,16793,25208,24155,2246,150,24133,1,6:19
2024-25,1631212,Peyton Watson,Peyton,1610612743,DEN,Denver Nuggets,0022400609,2025-01-21T00:00:00,DEN vs. PHI,W,18.3,2.0,7.9,0.25,2.0,3.9,0.5,0.0,0.0,0.0,0.0,2.0,2.0,2.0,0.0,2.0,2.0,0.0,2.0,0.0,5.9,17.7,23.0,0,0,19.7,1,1,13086,1,17361,21457,20451,20233,10308,15703,3944,13505,14344,13505,14058,19762,21863,16486,16469,6400,3573,8846,15315,17725,21454,4658,19555,2246,150,21050,1,18:18
2024-25,1631213,Tyrese Martin,Tyrese,1610612751,BKN,Brooklyn Nets,0022400606,2025-01-21T00:00:00,BKN vs. NYK,L,24.221666666666668,7.4,11.9,0.625,4.5,8.9,0.5,0.0,0.0,0.0,0.0,10.4,10.4,1.5,4.5,0.0,0.0,0.0,3.0,1.5,19.3,-16.3,29.6,0,0,35.7,1,13222,1,13222,12713,7934,13777,4899,3133,4940,3944,13505,14344,13505,14058,2283,5006,18034,3058,12854,8263,8846,10839,15057,8534,20396,15096,2246,150,9608,1,24:13
2024-25,1641710,Anthony Black,Anthony,1610612753,ORL,Orlando Magic,0022400608,2025-01-21T00:00:00,ORL @ TOR,L,36.3,6.0,16.9,0.353,1.0,3.0,0.333,4.0,4.0,1.0,2.0,5.0,6.9,2.0,3.0,2.0,0.0,2.0,4.0,5.0,16.9,6.0,31.1,0,0,30.7,1,13222,1,13222,2463,11651,5970,17268,14593,17712,9209,5755,7904,1,8460,11004,10254,16438,6575,6325,8263,3278,7227,4196,11002,9642,13957,2246,150,13364,1,36:18
2024-25,1626179,Terry Rozier,Terry,1610612748,MIA,Miami Heat,0022400607,2025-01-21T00:00:00,MIA vs. POR,L,21.633333333333333,6.7,21.6,0.308,1.7,10.0,0.167,0.0,0.0,0.0,0.0,1.7,1.7,5.0,0.0,1.7,0.0,1.7,0.0,1.7,15.0,-18.3,29.5,0,0,26.6,1,13222,1,13222,14814,9810,1968,19226,11498,3493,14236,13505,14344,13505,14058,20530,22348,7482,16469,7745,8263,4237,20257,14395,12928,21019,15174,2246,150,16447,1,21:38
2024-25,203484,Kentavious Caldwell-Pope,Kentavious,1610612753,ORL,Orlando Magic,0022400608,2025-01-21T00:00:00,ORL @ TOR,L,36.93333333333333,7.8,11.7,0.667,1.9,4.9,0.4,1.9,1.9,1.0,0.0,1.0,1.0,1.0,1.0,1.9,0.0,0.0,2.9,1.0,19.5,1.0,27.0,0,0,27.3,1,13222,1,13222,2028,7065,14121,3281,10398,13502,7874,10803,12860,1,14058,22011,23230,19751,15998,6503,8263,8846,11068,17476,8376,12173,16932,2246,150,15951,1,36:56
2024-25,1641787,Tosan Evbuomwan,Tosan,1610612751,BKN,Brooklyn Nets,0022400606,2025-01-21T00:00:00,BKN vs. NYK,L,20.411666666666665,1.8,10.6,0.167,0.0,3.5,0.0,5.3,5.3,1.0,3.5,7.1,10.6,1.8,1.8,0.0,0.0,0.0,3.5,3.5,8.8,1.8,22.4,0,0,21.2,1,13222,1,13222,15712,21811,16081,21938,15070,16603,15070,3667,5480,1,4334,6272,4829,17184,11690,12854,8263,8846,8680,7593,19252,11762,19929,2246,150,20179,1,20:25
2024-25,1627827,Dorian Finney-Smith,Dorian,1610612747,LAL,Los Angeles Lakers,0022400610,2025-01-21T00:00:00,LAL vs. WAS,W,22.2,9.7,13.0,0.75,6.5,9.7,0.667,0.0,0.0,0.0,1.6,1.6,3.2,0.0,0.0,0.0,0.0,0.0,0.0,0.0,25.9,4.9,29.8,0,0,35.7,1,1,13086,1,14344,3561,11909,2107,1008,3799,1957,13505,14344,13505,9838,20629,19126,19908,16469,12854,8263,8846,20257,17725,3708,10179,14914,2246,150,9605,1,22:12
2024-25,1628971,Bruce Brown,Bruce,1610612761,TOR,Toronto Raptors,0022400608,2025-01-21T00:00:00,TOR vs. ORL,W,24.933333333333334,7.2,15.9,0.455,2.9,4.3,0.667,4.3,4.3,1.0,1.4,5.8,7.2,7.2,1.4,1.4,0.0,0.0,1.4,2.9,21.7,10.1,44.0,0,0,41.9,1,1,13086,1,12062,8403,7290,12676,6903,14839,1957,5097,7139,1,10562,8843,9707,3729,13033,8666,8263,8846,17461,9626,6498,7647,5652,2246,150,5715,1,24:56
2024-25,1628404,Josh Hart,Josh,1610612752,NYK,New York Knicks,0022400606,2025-01-21T00:00:00,NYK @ BKN,W,38.9,2.8,4.6,0.6,0.9,1.9,0.5,0.0,0.0,0.0,0.9,10.2,11.1,8.3,1.9,1.9,0.0,0.0,1.9,2.8,6.5,-2.8,36.0,0,0,30.5,1,1,13086,1,915,19927,23728,5394,14885,19826,3944,13505,14344,13505,13803,2441,4316,2580,11316,7029,8263,8846,15938,10053,21065,14439,10364,2246,150,13519,1,38:54
2024-25,1628384,OG Anunoby,OG,1610612752,NYK,New York Knicks,0022400606,2025-01-21T00:00:00,NYK @ BKN,W,37.25,7.7,17.4,0.444,1.9,5.8,0.333,1.9,1.9,1.0,2.9,1.0,3.9,2.9,0.0,2.9,1.0,2.9,1.9,1.9,19.3,-3.9,39.9,0,0,35.8,1,1,13086,1,1834,7197,5356,13045,10490,11207,9209,10855,12900,1,5598,22028,17667,13284,16469,3415,7715,1466,15500,13396,8524,14984,7814,2246,150,9542,1,37:15
2024-25,1629651,Nic Claxton,Nic,1610612751,BKN,Brooklyn Nets,0022400606,2025-01-21T00:00:00,BKN vs. NYK,L,34.15,4.2,11.6,0.364,0.0,1.1,0.0,0.0,2.1,0.0,5.3,7.4,12.7,2.1,2.1,2.1,0.0,1.1,1.1,3.2,8.4,-20.0,31.0,0,0,27.4,1,13222,1,13222,4130,16549,14313,16861,15070,20804,15070,13505,12394,13505,2123,5712,3031,15971,9961,5749,8263,7459,19386,8692,19568,21558,14066,2246,150,15860,1,34:09
2024-25,1629008,Michael Porter Jr.,Michael,1610612743,DEN,Denver Nuggets,0022400609,2025-01-21T00:00:00,DEN vs. PHI,W,24.55,11.7,19.1,0.615,4.4,8.8,0.5,0.0,0.0,0.0,4.4,4.4,8.8,1.5,0.0,0.0,0.0,0.0,0.0,0.0,27.9,27.9,40.6,0,0,42.5,1,1,13086,1,12423,1704,3703,5246,3231,5108,3944,13505,14344,13505,3052,12524,7028,18106,16469,12854,8263,8846,20257,17725,2835,2293,7385,2246,150,5390,1,24:33
2024-25,1628398,Kyle Kuzma,Kyle,1610612764,WAS,Washington Wizards,0022400610,2025-01-21T00:00:00,WAS @ LAL,L,27.633333333333333,6.5,16.9,0.385,1.3,5.2,0.25,1.3,5.2,0.25,2.6,9.1,11.7,6.5,2.6,0.0,0.0,1.3,0.0,2.6,15.6,-23.4,36.9,0,0,35.2,1,13222,1,13222,9840,10159,5874,16070,12851,12676,11902,12293,5594,13358,6328,3386,3734,4689,7856,12854,8263,5639,20257,10622,12286,22451,9789,2246,150,9968,1,27:38
2024-25,1628389,Bam Adebayo,Bam,1610612748,MIA,Miami Heat,0022400607,2025-01-21T00:00:00,MIA vs. POR,L,22.25,8.1,16.2,0.5,0.0,3.2,0.0,3.2,4.9,0.667,4.9,11.3,16.2,0.0,1.6,0.0,0.0,0.0,4.9,3.2,19.4,-35.6,37.2,1,0,35.6,1,13222,1,13222,14313,6440,6859,8526,15070,17203,15070,7243,6190,9425,2499,1731,1365,19908,12262,12854,8263,8846,4937,8443,8452,24473,9522,1,150,9667,1,22:15
2024-25,1631107,Nikola Jović,Nikola,1610612748,MIA,Miami Heat,0022400607,2025-01-21T00:00:00,MIA vs. POR,L,35.21666666666667,5.1,14.3,0.357,2.0,8.2,0.25,0.0,0.0,0.0,1.0,3.1,4.1,8.2,1.0,0.0,0.0,0.0,2.0,0.0,12.3,-4.1,28.4,0,0,26.6,1,13222,1,13222,3299,14052,9666,17140,9940,6126,11902,13505,14344,13505,13076,16499,17096,2721,15691,12854,8263,8846,14899,17725,15856,15114,15927,2246,150,16481,1,35:13
2024-25,1642347,Jamal Shead,Jamal,1610612761,TOR,Toronto Raptors,0022400608,2025-01-21T00:00:00,TOR vs. ORL,W,21.916666666666668,3.3,8.2,0.4,3.3,4.9,0.667,0.0,0.0,0.0,0.0,3.3,3.3,1.6,1.6,1.6,0.0,0.0,3.3,1.6,9.9,31.2,19.5,0,0,21.4,1,1,13086,1,14561,18789,19923,14933,5717,13371,1957,13505,14344,13505,14058,15837,19023,17529,12169,7838,8263,8846,9500,14483,18303,1809,21384,2246,150,20070,1,21:55
2024-25,1642261,Dalton Knecht,Dalton,1610612747,LAL,Los Angeles Lakers,0022400610,2025-01-21T00:00:00,LAL vs. WAS,W,8.066666666666666,4.5,17.9,0.25,4.5,8.9,0.5,0.0,0.0,0.0,0.0,8.9,8.9,0.0,0.0,0.0,0.0,4.5,0.0,0.0,13.4,35.7,24.1,0,0,26.8,1,1,13086,1,22791,15878,4847,20233,3121,4928,3944,13505,14344,13505,14058,3586,6849,19908,16469,12854,8263,492,20257,17725,14628,1322,18881,2246,150,16340,1,8:04
2024-25,1629060,Rui Hachimura,Rui,1610612747,LAL,Los Angeles Lakers,0022400610,2025-01-21T00:00:00,LAL vs. WAS,W,26.35,5.5,13.7,0.4,0.0,2.7,0.0,1.4,2.7,0.5,0.0,6.8,6.8,0.0,0.0,1.4,0.0,5.5,2.7,2.7,12.3,17.8,24.6,0,0,21.9,1,1,13086,1,10858,13088,10718,14933,15070,18196,15070,12117,10658,10625,14058,6660,10464,19908,16469,9103,8263,288,11906,10220,15830,4640,18549,2246,150,19750,1,26:21
2024-25,1641711,Gradey Dick,Gradey,1610612761,TOR,Toronto Raptors,0022400608,2025-01-21T00:00:00,TOR vs. ORL,W,27.966666666666665,7.7,11.6,0.667,2.6,5.1,0.5,3.9,7.7,0.5,0.0,1.3,1.3,1.3,1.3,0.0,0.0,0.0,0.0,6.4,21.9,-1.3,24.1,0,0,27.0,1,1,13086,1,9569,7216,14336,3281,7900,12824,3944,5956,2728,10625,14058,21305,22826,18702,13864,12854,8263,8846,20257,2142,6300,13710,18899,2246,150,16128,1,27:58
2024-25,1629628,RJ Barrett,RJ,1610612761,TOR,Toronto Raptors,0022400608,2025-01-21T00:00:00,TOR vs. ORL,W,28.188333333333333,7.7,11.5,0.667,2.6,3.8,0.667,6.4,8.9,0.714,0.0,10.2,10.2,2.6,0.0,1.3,0.0,1.3,3.8,5.1,24.3,8.9,44.2,0,0,42.1,1,1,13086,1,9392,7349,14485,3281,7958,15931,1957,2514,1903,9244,14058,2414,5215,14354,16469,9605,8263,5776,7651,3908,4634,8210,5582,2246,150,5574,1,28:11
2024-25,1631108,Max Christie,Max,1610612747,LAL,Los Angeles Lakers,0022400610,2025-01-21T00:00:00,LAL vs. WAS,W,30.685,2.3,8.2,0.286,1.2,5.9,0.2,0.0,0.0,0.0,0.0,5.9,5.9,1.2,2.3,0.0,3.5,1.2,1.2,0.0,5.9,25.8,22.9,0,0,21.1,1,1,13086,1,7136,20766,19936,19630,13516,11038,13429,13505,14344,13505,14058,8628,12604,19107,8882,12854,1216,6462,18702,17725,21480,2649,19633,2246,150,20206,1,30:41
2024-25,1631101,Shaedon Sharpe,Shaedon,1610612757,POR,Portland Trail Blazers,0022400607,2025-01-21T00:00:00,POR @ MIA,W,27.6,5.2,11.7,0.444,2.6,7.8,0.333,2.6,2.6,1.0,0.0,6.5,6.5,5.2,1.3,0.0,0.0,0.0,2.6,1.3,15.7,5.2,30.0,0,0,30.0,1,1,13086,1,9868,13767,14039,13045,7794,6760,9209,8784,10955,1,14058,7260,11125,6997,13780,12854,8263,8846,12392,15890,12266,9994,14793,2246,150,13941,1,27:36
2024-25,1628976,Wendell Carter Jr.,Wendell,1610612753,ORL,Orlando Magic,0022400608,2025-01-21T00:00:00,ORL @ TOR,L,30.016666666666666,4.8,13.2,0.364,0.0,3.6,0.0,2.4,2.4,1.0,8.4,3.6,12.0,3.6,3.6,0.0,0.0,1.2,7.2,6.0,12.0,-1.2,28.2,1,0,27.6,1,13222,1,13222,7767,14960,11493,16861,15070,16445,15070,9343,11494,1,676,14938,3501,11092,4782,12854,8263,6265,1829,2628,16149,13675,16082,1,150,15732,1,30:01
2024-25,1630639,A.J. Lawson,A.J.,1610612761,TOR,Toronto Raptors,0022400608,2025-01-21T00:00:00,TOR vs. ORL,W,1.4333333333333333,25.1,25.1,1.0,0.0,0.0,0.0,0.0,25.1,0.0,0.0,0.0,0.0,0.0,0.0,0.0,0.0,0.0,0.0,25.1,50.2,-75.3,50.2,0,0,50.2,1,1,13086,1,25842,64,799,1,15070,20945,15070,13505,85,13505,14058,22137,23286,19908,16469,12854,8263,8846,20257,20,154,25962,3204,2246,150,2468,1,1:26
2024-25,2544,LeBron James,LeBron,1610612747,LAL,Los Angeles Lakers,0022400610,2025-01-21T00:00:00,LAL vs. WAS,W,35.64833333333333,8.1,18.2,0.444,2.0,6.1,0.333,3.0,3.0,1.0,0.0,10.1,10.1,13.1,5.0,2.0,1.0,1.0,0.0,3.0,21.2,19.2,57.1,1,1,52.5,1,1,13086,1,2955,6470,4481,13045,10068,10545,9209,7723,9908,1,14058,2499,5331,506,2279,6159,7418,7830,20257,9126,6918,4205,1626,1,1,1924,1,35:39
2024-25,1642279,Ulrich Chomche,Ulrich,1610612761,TOR,Toronto Raptors,0022400608,2025-01-21T00:00:00,TOR vs. ORL,W,1.4333333333333333,0.0,0.0,0.0,0.0,0.0,0.0,25.1,50.2,0.5,25.1,25.1,50.2,25.1,0.0,0.0,0.0,0.0,0.0,25.1,25.1,-75.3,123.1,0,0,100.5,1,1,13086,1,25842,22635,24836,22635,15070,20945,15070,49,15,10625,28,77,18,38,16469,12854,8263,8846,20257,20,4163,25962,32,2246,150,59,1,1:26
2024-25,1631124,Julian Strawther,Julian,1610612743,DEN,Denver Nuggets,0022400609,2025-01-21T00:00:00,DEN vs. PHI,W,26.225,11.0,19.2,0.571,6.9,12.4,0.556,2.7,2.7,1.0,0.0,2.7,2.7,2.7,0.0,0.0,0.0,1.4,2.7,2.7,31.6,28.8,39.0,0,0,43.9,1,1,13086,1,10984,2273,3579,6538,813,1590,3747,8470,10621,1,14058,17565,20364,13766,16469,12854,8263,5295,11862,10171,1620,2130,8422,2246,150,4726,1,26:14
2024-25,1641998,Trey Jemison III,Trey,1610612747,LAL,Los Angeles Lakers,0022400610,2025-01-21T00:00:00,LAL vs. WAS,W,1.9833333333333334,0.0,0.0,0.0,0.0,0.0,0.0,18.2,36.3,0.5,18.2,18.2,36.3,0.0,0.0,0.0,0.0,0.0,0.0,18.2,18.2,72.6,61.7,0,0,54.5,1,1,13086,1,25474,22635,24836,22635,15070,20945,15070,99,37,10625,81,248,44,19908,16469,12854,8263,8846,20257,61,9673,220,999,2246,150,1549,1,1:59
2024-25,1626156,D'Angelo Russell,D'Angelo,1610612751,BKN,Brooklyn Nets,0022400606,2025-01-21T00:00:00,BKN vs. NYK,L,31.461666666666666,6.9,19.5,0.353,4.6,12.6,0.364,8.0,8.0,1.0,0.0,2.3,2.3,11.4,3.4,1.1,3.4,0.0,5.7,5.7,26.3,5.7,56.5,1,0,53.8,1,13222,1,13222,6447,9257,3384,17268,2927,1485,9100,1415,2516,1,14058,18801,21229,855,5162,10643,1280,8846,3357,3008,3526,9741,1724,1,150,1657,1,31:28
2024-25,201566,Russell Westbrook,Russell,1610612743,DEN,Denver Nuggets,0022400609,2025-01-21T00:00:00,DEN vs. PHI,W,25.016666666666666,5.8,7.2,0.8,1.4,2.9,0.5,2.9,2.9,1.0,0.0,10.1,10.1,13.0,7.2,1.4,0.0,0.0,0.0,1.4,15.8,28.8,44.5,0,0,43.2,1,1,13086,1,11990,12249,21321,1688,12298,17900,3944,8151,10287,1,14058,2523,5349,536,816,8703,8263,8846,20257,15282,12095,2138,5436,2246,150,5061,1,25:01
2024-25,1642355,Bronny James,Bronny,1610612747,LAL,Los Angeles Lakers,0022400610,2025-01-21T00:00:00,LAL vs. WAS,W,1.9833333333333334,0.0,18.2,0.0,0.0,0.0,0.0,0.0,0.0,0.0,0.0,18.2,18.2,0.0,0.0,18.2,0.0,0.0,0.0,0.0,0.0,72.6,76.2,0,0,54.5,1,1,13086,1,25474,22635,4501,22635,15070,20945,15070,13505,14344,13505,14058,248,864,19908,16469,29,8263,8846,20257,17725,23200,220,274,2246,150,1549,1,1:59
2024-25,1630178,Tyrese Maxey,Tyrese,1610612755,PHI,Philadelphia 76ers,0022400609,2025-01-21T00:00:00,PHI @ DEN,L,33.9,11.7,22.3,0.524,3.2,10.6,0.3,3.2,3.2,1.0,0.0,2.1,2.1,10.6,2.1,2.1,0.0,1.1,1.1,3.2,29.7,-25.5,52.5,1,0,49.9,1,13222,1,13222,4348,1731,1678,8439,5991,2862,11319,7360,9546,1,14058,19293,21565,1158,9882,5681,8263,7383,19325,8601,2183,22915,2598,1,150,2559,1,33:54
2024-25,1629028,Deandre Ayton,Deandre,1610612757,POR,Portland Trail Blazers,0022400607,2025-01-21T00:00:00,POR @ MIA,W,33.95,11.7,14.8,0.786,0.0,1.1,0.0,0.0,0.0,0.0,6.4,9.5,15.9,2.1,1.1,1.1,0.0,0.0,1.1,0.0,23.3,11.7,47.7,1,0,43.5,1,1,13086,1,4306,1745,8833,1975,15070,20790,15070,13505,14344,13505,1445,2967,1458,15927,15422,11386,8263,8846,19337,17725,5261,6945,4067,1,150,4925,1,33:57
2024-25,1641790,PJ Hall,PJ,1610612743,DEN,Denver Nuggets,0022400609,2025-01-21T00:00:00,DEN vs. PHI,W,4.166666666666667,17.3,17.3,1.0,0.0,0.0,0.0,0.0,0.0,0.0,8.6,17.3,25.9,8.6,0.0,0.0,0.0,0.0,8.6,8.6,34.6,60.5,78.6,0,0,69.1,1,1,13086,1,24397,257,5476,1,15070,20945,15070,13505,14344,13505,630,317,175,2311,16469,12854,8263,8846,1082,774,1035,358,228,2246,150,346,1,4:10
2024-25,1626157,Karl-Anthony Towns,Karl-Anthony,1610612752,NYK,New York Knicks,0022400606,2025-01-21T00:00:00,NYK @ BKN,W,39.38333333333333,10.1,16.5,0.611,0.0,2.7,0.0,2.7,3.7,0.75,4.6,10.1,14.6,5.5,4.6,2.7,1.8,0.0,3.7,2.7,22.9,14.6,57.8,1,0,52.1,1,1,13086,1,751,3157,6484,5351,15070,18180,15070,8482,8570,8186,2841,2534,1951,6458,2896,3825,3987,8846,8239,10186,5592,5769,1504,1,150,2013,1,39:23
2024-25,1631094,Paolo Banchero,Paolo,1610612753,ORL,Orlando Magic,0022400608,2025-01-21T00:00:00,ORL @ TOR,L,31.85,11.3,21.5,0.526,3.4,7.9,0.429,3.4,7.9,0.429,0.0,13.6,13.6,2.3,5.7,0.0,1.1,1.1,5.7,6.8,29.4,-7.9,46.8,1,0,50.9,1,13222,1,13222,6101,2009,2053,8379,5403,6605,7394,6920,2584,13040,14058,860,2456,15388,1677,12854,6605,6789,3467,1838,2304,16936,4404,1,150,2299,1,31:51
2024-25,1630549,Day'Ron Sharpe,Day'Ron,1610612751,BKN,Brooklyn Nets,0022400606,2025-01-21T00:00:00,BKN vs. NYK,L,13.85,7.8,10.4,0.75,0.0,0.0,0.0,10.4,10.4,1.0,5.2,2.6,7.8,0.0,5.2,0.0,5.2,0.0,5.2,5.2,26.0,39.0,45.7,0,0,44.2,1,13222,1,13222,20270,7073,16392,2107,15070,20945,15070,586,1223,1,2195,17948,8623,19908,2116,12854,467,8846,4198,3775,3689,1042,4840,2246,150,4599,1,13:51
2024-25,203999,Nikola Jokić,Nikola,1610612743,DEN,Denver Nuggets,0022400609,2025-01-21T00:00:00,DEN vs. PHI,W,30.35,11.9,17.8,0.667,2.4,3.6,0.667,5.9,5.9,1.0,5.9,9.5,15.4,11.9,2.4,4.7,1.2,1.2,1.2,5.9,32.0,24.9,83.7,1,1,73.5,1,1,13086,1,7456,1612,4911,3281,8585,16533,1957,2938,4574,1,1657,3029,1603,749,8762,1057,6268,6365,18616,2709,1525,2841,149,1,1,255,1,30:21
2024-25,203076,Anthony Davis,Anthony,1610612747,LAL,Los Angeles Lakers,0022400610,2025-01-21T00:00:00,LAL vs. WAS,W,32.46666666666667,15.5,24.4,0.636,1.1,3.3,0.333,0.0,1.1,0.0,4.4,13.3,17.7,5.5,1.1,1.1,4.4,0.0,3.3,3.3,32.2,22.2,77.3,1,0,67.6,1,1,13086,1,5579,413,954,4689,13893,17008,9209,13505,14030,13505,3002,926,957,6350,15074,10950,703,8846,9355,8172,1496,3420,254,1,150,382,1,32:28
2024-25,1631216,Caleb Houstan,Caleb,1610612753,ORL,Orlando Magic,0022400608,2025-01-21T00:00:00,ORL @ TOR,L,27.733333333333334,1.3,6.5,0.2,1.3,5.2,0.25,0.0,0.0,0.0,5.2,5.2,10.4,2.6,0.0,0.0,0.0,0.0,3.9,1.3,3.9,-33.8,20.3,0,0,18.2,1,13222,1,13222,9768,22403,22126,21401,12863,12716,11902,13505,14344,13505,2202,10298,5018,14226,16469,12854,8263,8846,7462,15919,22602,24270,21041,2246,150,21788,1,27:44
2024-25,1626166,Cameron Payne,Cameron,1610612752,NYK,New York Knicks,0022400606,2025-01-21T00:00:00,NYK @ BKN,W,9.188333333333333,0.0,7.8,0.0,0.0,7.8,0.0,7.8,7.8,1.0,0.0,3.9,3.9,11.8,3.9,0.0,0.0,0.0,11.8,7.8,7.8,35.3,26.3,0,0,23.5,1,1,13086,1,22391,22635,20491,22635,15070,6741,15070,1487,2639,1,14058,13977,17522,778,4048,12854,8263,8846,441,1107,20055,1366,17446,2246,150,18669,1,9:11
2024-25,1641741,Ricky Council IV,Ricky,1610612755,PHI,Philadelphia 76ers,0022400609,2025-01-21T00:00:00,PHI @ DEN,L,17.933333333333334,4.0,22.1,0.182,2.0,12.0,0.167,0.0,0.0,0.0,0.0,0.0,0.0,6.0,0.0,0.0,0.0,2.0,2.0,0.0,10.0,-34.1,19.1,0,0,18.1,1,13222,1,13222,17607,17059,1781,21891,10130,1754,14236,13505,14344,13505,14058,22137,23286,5445,16469,12854,8263,3207,15101,17725,18124,24319,21602,2246,150,21830,1,17:56
2024-25,1628973,Jalen Brunson,Jalen,1610612752,NYK,New York Knicks,0022400606,2025-01-21T00:00:00,NYK @ BKN,W,38.55,6.5,16.8,0.389,0.9,3.7,0.25,1.9,3.7,0.5,0.0,2.8,2.8,3.7,0.9,0.0,0.0,0.9,3.7,3.7,15.9,-4.7,23.9,0,0,23.3,1,1,13086,1,1087,10096,6026,16009,14860,16131,11902,11058,8399,10625,14058,17393,20249,10694,16225,12854,8263,8464,7954,7028,12056,15397,19015,2246,150,18774,1,38:33
2024-25,202704,Reggie Jackson,Reggie,1610612755,PHI,Philadelphia 76ers,0022400609,2025-01-21T00:00:00,PHI @ DEN,L,10.416666666666666,3.5,6.9,0.5,0.0,0.0,0.0,0.0,0.0,0.0,0.0,0.0,0.0,0.0,0.0,0.0,0.0,0.0,6.9,0.0,6.9,-31.1,6.9,0,0,6.9,1,13222,1,13222,21954,18411,21657,8526,15070,20945,15070,13505,14344,13505,14058,22137,23286,19908,16469,12854,8263,8846,2046,17725,20782,23907,24831,2246,150,24901,1,10:25
2024-25,1631133,Jabari Walker,Jabari,1610612757,POR,Portland Trail Blazers,0022400607,2025-01-21T00:00:00,POR @ MIA,W,5.933333333333334,0.0,6.1,0.0,0.0,0.0,0.0,0.0,0.0,0.0,6.1,6.1,12.1,6.1,0.0,0.0,0.0,0.0,0.0,0.0,0.0,0.0,23.7,0,0,18.2,1,1,13086,1,23619,22635,22540,22635,15070,20945,15070,13505,14344,13505,1578,8181,3386,5366,16469,12854,8263,8846,20257,17725,23200,12240,19169,2246,150,21768,1,5:56
2024-25,1630243,Trevelin Queen,Trevelin,1610612753,ORL,Orlando Magic,0022400608,2025-01-21T00:00:00,ORL @ TOR,L,22.85,3.2,9.5,0.333,1.6,4.7,0.333,0.0,0.0,0.0,0.0,4.7,4.7,1.6,0.0,1.6,0.0,3.2,1.6,0.0,7.9,-50.4,20.6,0,0,18.9,1,13222,1,13222,13831,19100,18036,17395,11770,13899,9209,13505,14344,13505,14058,11631,15494,17722,16469,8083,8263,1194,16942,17725,20019,25412,20882,2246,150,21429,1,22:51
2024-25,1631250,Pete Nance,Pete,1610612755,PHI,Philadelphia 76ers,0022400609,2025-01-21T00:00:00,PHI @ DEN,L,8.15,0.0,4.4,0.0,0.0,0.0,0.0,0.0,0.0,0.0,4.4,0.0,4.4,0.0,0.0,0.0,0.0,0.0,4.4,0.0,0.0,-57.4,5.3,0,0,4.4,1,13222,1,13222,22761,22635,23849,22635,15070,20945,15070,13505,14344,13505,3029,22137,16245,19908,16469,12854,8263,8846,5977,17725,23200,25615,24981,2246,150,25159,1,8:09
2024-25,1627750,Jamal Murray,Jamal,1610612743,DEN,Denver Nuggets,0022400609,2025-01-21T00:00:00,DEN vs. PHI,W,32.666666666666664,2.2,7.7,0.286,0.0,3.3,0.0,5.5,5.5,1.0,1.1,5.5,6.6,7.7,3.3,0.0,0.0,0.0,1.1,4.4,9.9,19.8,26.1,0,0,24.2,1,1,13086,1,5424,21027,20632,19630,15070,17058,15070,3404,5178,1,12452,9499,10918,3165,5491,12854,8263,8846,19084,5322,18242,4003,17545,2246,150,18171,1,32:40
2024-25,1627751,Jakob Poeltl,Jakob,1610612761,TOR,Toronto Raptors,0022400608,2025-01-21T00:00:00,TOR vs. ORL,W,19.296666666666667,7.5,11.2,0.667,0.0,0.0,0.0,0.0,0.0,0.0,1.9,3.7,5.6,0.0,1.9,0.0,1.9,0.0,11.2,0.0,14.9,-48.5,25.4,0,0,24.3,1,1,13086,1,16590,7866,15031,3281,15070,20945,15070,13505,14344,13505,8961,14533,13294,19908,11244,12854,3877,8846,513,17725,12994,25341,18026,2246,150,18167,1,19:18
2024-25,1630557,Corey Kispert,Corey,1610612764,WAS,Washington Wizards,0022400610,2025-01-21T00:00:00,WAS @ LAL,L,31.415,5.7,12.6,0.455,3.4,8.0,0.429,2.3,2.3,1.0,1.1,3.4,4.6,2.3,0.0,1.1,0.0,1.1,2.3,1.1,17.2,-11.5,29.6,0,0,29.8,1,13222,1,13222,6499,12326,12561,12676,5294,6413,7394,9655,11809,1,12147,15414,15846,15265,16469,10624,8263,6666,13687,16671,10644,18513,15100,2246,150,14102,1,31:25
2024-25,1629130,Duncan Robinson,Duncan,1610612748,MIA,Miami Heat,0022400607,2025-01-21T00:00:00,MIA vs. POR,L,35.5,8.1,15.2,0.533,6.1,12.2,0.5,0.0,0.0,0.0,0.0,5.1,5.1,4.1,2.0,0.0,1.0,0.0,4.1,2.0,22.3,11.2,35.5,0,0,39.5,1,13222,1,13222,3067,6383,8230,8140,1246,1682,3944,13505,14344,13505,14058,10663,14603,9784,10378,12854,7391,8846,6982,12946,6000,7158,10732,2246,150,7037,1,35:30
2024-25,1628449,Chris Boucher,Chris,1610612761,TOR,Toronto Raptors,0022400608,2025-01-21T00:00:00,TOR vs. ORL,W,11.853333333333333,3.0,12.1,0.25,0.0,9.1,0.0,0.0,0.0,0.0,0.0,6.1,6.1,3.0,0.0,0.0,0.0,0.0,9.1,0.0,6.1,51.6,17.9,0,0,15.2,1,1,13086,1,21359,19347,13332,20233,15070,4649,15070,13505,14344,13505,14058,8164,12109,12806,16469,12854,8263,8846,932,17725,21335,510,22128,2246,150,22996,1,11:51
2024-25,1642266,Ja'Kobe Walter,Ja'Kobe,1610612761,TOR,Toronto Raptors,0022400608,2025-01-21T00:00:00,TOR vs. ORL,W,17.778333333333332,2.0,4.0,0.5,0.0,0.0,0.0,2.0,2.0,1.0,0.0,6.1,6.1,2.0,0.0,0.0,0.0,0.0,0.0,4.0,6.1,24.3,16.4,0,0,14.2,1,1,13086,1,17726,21358,24077,8526,15070,20945,15070,10555,12651,1,14058,8163,12106,16283,16469,12854,8263,8846,20257,6172,21334,2966,22704,2246,150,23367,1,17:47
2024-25,1630559,Austin Reaves,Austin,1610612747,LAL,Los Angeles Lakers,0022400610,2025-01-21T00:00:00,LAL vs. WAS,W,36.06666666666667,4.0,15.0,0.267,1.0,8.0,0.125,7.0,7.0,1.0,1.0,1.0,2.0,8.0,2.0,1.0,0.0,1.0,1.0,6.0,16.0,18.0,31.3,0,0,28.9,1,1,13086,1,2629,17109,8652,20170,14562,6472,14886,2016,3373,1,13269,21977,21808,2904,10543,11978,8263,7945,19718,2643,11949,4569,13790,2246,150,14746,1,36:04
2024-25,1631170,Jaime Jaquez Jr.,Jaime,1610612748,MIA,Miami Heat,0022400607,2025-01-21T00:00:00,MIA vs. POR,L,27.633333333333333,3.9,6.5,0.6,0.0,0.0,0.0,2.6,2.6,1.0,3.9,3.9,7.8,3.9,2.6,0.0,0.0,2.6,2.6,1.3,10.4,-3.9,23.1,0,0,22.1,1,13222,1,13222,9840,17298,22095,5394,15070,20945,15070,8793,10961,1,3709,14000,8586,10206,7856,12854,8263,1867,12408,15896,17732,15019,19523,2246,150,19588,1,27:38
2024-25,1629618,Jalen Pickett,Jalen,1610612743,DEN,Denver Nuggets,0022400609,2025-01-21T00:00:00,DEN vs. PHI,W,6.316666666666666,5.7,11.4,0.5,0.0,0.0,0.0,0.0,0.0,0.0,5.7,0.0,5.7,5.7,5.7,0.0,0.0,0.0,0.0,0.0,11.4,45.6,21.1,0,0,22.8,1,1,13086,1,23450,12420,14660,8526,15070,20945,15070,13505,14344,13505,1814,22137,13019,6042,1639,12854,8263,8846,20257,17725,16793,681,20641,2246,150,19142,1,6:19
2024-25,1642273,Kyshawn George,Kyshawn,1610612764,WAS,Washington Wizards,0022400610,2025-01-21T00:00:00,WAS @ LAL,L,31.116666666666667,2.3,8.1,0.286,1.2,6.9,0.167,3.5,4.6,0.75,0.0,2.3,2.3,5.8,3.5,1.2,1.2,0.0,3.5,2.3,9.3,-12.7,24.2,0,0,23.1,1,13222,1,13222,6775,20823,20089,19630,13612,8589,14236,6753,6619,8186,14058,18722,21171,5883,5082,10524,6440,8846,8833,11692,18857,19030,18826,2246,150,18906,1,31:07
2024-25,1630173,Precious Achiuwa,Precious,1610612752,NYK,New York Knicks,0022400606,2025-01-21T00:00:00,NYK @ BKN,W,17.716666666666665,10.2,14.2,0.714,2.0,4.1,0.5,0.0,0.0,0.0,0.0,8.1,8.1,2.0,2.0,2.0,0.0,0.0,4.1,0.0,22.4,-10.2,39.2,0,0,38.6,1,1,13086,1,17765,3054,9793,2752,10002,15447,3944,13505,14344,13505,14058,4519,8045,16254,10349,6097,8263,8846,6957,17725,5963,17954,8257,2246,150,7634,1,17:43
2024-25,203924,Jerami Grant,Jerami,1610612757,POR,Portland Trail Blazers,0022400607,2025-01-21T00:00:00,POR @ MIA,W,34.0,5.3,14.8,0.357,3.2,8.5,0.375,5.3,6.4,0.833,0.0,2.1,2.1,1.1,0.0,0.0,2.1,1.1,3.2,3.2,19.1,12.7,29.5,0,0,29.6,1,1,13086,1,4265,13546,8858,17140,6017,5630,8800,3661,4061,7275,14058,19312,21581,19494,16469,12854,3157,7412,9965,8641,8788,6518,15115,2246,150,14206,1,34:00
2024-25,202685,Jonas Valančiūnas,Jonas,1610612764,WAS,Washington Wizards,0022400610,2025-01-21T00:00:00,WAS @ LAL,L,19.233333333333334,7.5,11.2,0.667,0.0,0.0,0.0,0.0,0.0,0.0,1.9,11.2,13.1,3.7,0.0,0.0,0.0,0.0,3.7,1.9,15.0,-7.5,36.3,0,0,31.8,1,13222,1,13222,16641,7792,14975,3281,15070,20945,15070,13505,14344,13505,8940,1785,2738,10670,16469,12854,8263,8846,7930,13631,12932,16726,10147,2246,150,12521,1,19:14
2024-25,1630578,Alperen Sengun,Alperen,1610612745,HOU,Houston Rockets,0022400600,2025-01-20T00:00:00,HOU vs. DET,L,29.468333333333334,6.1,17.1,0.357,0.0,1.2,0.0,1.2,1.2,1.0,6.1,3.7,9.8,6.1,1.2,0.0,0.0,0.0,0.0,2.4,13.4,-9.8,33.1,0,0,29.3,1,13222,1,13222,8250,11205,5696,17140,15070,20597,15070,12528,13853,1,1562,14741,5715,5318,14284,12854,8263,8846,20257,11188,14582,17782,12509,2246,150,14466,1,29:28
2024-25,1627739,Kris Dunn,Kris,1610612746,LAC,LA Clippers,0022400611,2025-01-20T00:00:00,LAC vs. CHI,L,14.883333333333333,2.4,2.4,1.0,0.0,0.0,0.0,0.0,0.0,0.0,2.4,0.0,2.4,2.4,0.0,0.0,2.4,0.0,4.8,0.0,4.8,-31.4,18.6,0,0,14.5,1,13222,1,13222,19645,20619,24665,1,15070,20945,15070,13505,14344,13505,6865,22137,20966,14812,16469,12854,2520,8846,4974,17725,22102,23958,21830,2246,150,23250,1,14:53
2024-25,1630241,Sam Merrill,Sam,1610612739,CLE,Cleveland Cavaliers,0022400603,2025-01-20T00:00:00,CLE vs. PHX,W,21.816666666666666,5.0,14.9,0.333,3.3,9.9,0.333,3.3,3.3,1.0,1.7,1.7,3.3,1.7,0.0,3.3,0.0,1.7,0.0,3.3,16.5,33.0,32.8,0,0,31.4,1,1,13086,1,14648,14545,8819,17395,5660,3606,9209,7107,9305,1,9745,20565,18989,17504,16469,2566,8263,4297,20257,8251,11390,1626,12699,2246,150,12894,1,21:49
2024-25,203944,Julius Randle,Julius,1610612750,MIN,Minnesota Timberwolves,0022400601,2025-01-20T00:00:00,MIN @ MEM,L,33.55,2.1,13.9,0.154,0.0,7.5,0.0,1.1,3.2,0.333,4.3,7.5,11.8,7.5,1.1,0.0,2.1,1.1,4.3,2.1,5.4,-9.7,36.2,0,0,29.0,1,13222,1,13222,4683,21155,10250,22243,15070,7373,15070,12992,9480,13132,3179,5480,3657,3387,15318,12854,3085,7281,6311,12417,21818,17741,10257,2246,150,14731,1,33:33
2024-25,203471,Dennis Schröder,Dennis,1610612744,GSW,Golden State Warriors,0022400604,2025-01-20T00:00:00,GSW vs. BOS,L,17.11,6.3,16.8,0.375,2.1,8.4,0.25,0.0,0.0,0.0,0.0,0.0,0.0,2.1,2.1,2.1,0.0,2.1,2.1,0.0,14.7,-61.0,22.1,0,0,23.1,1,13222,1,13222,18197,10669,6000,16299,9666,5718,11902,13505,14344,13505,14058,22137,23286,15986,9982,5767,8263,2913,14598,17725,13169,25713,20089,2246,150,18897,1,17:07
2024-25,1630540,Miles McBride,Miles,1610612752,NYK,New York Knicks,0022400602,2025-01-20T00:00:00,NYK vs. ATL,W,20.416666666666668,7.1,17.6,0.4,1.8,8.8,0.2,0.0,0.0,0.0,3.5,1.8,5.3,5.3,1.8,1.8,0.0,3.5,7.1,1.8,15.9,26.4,33.7,0,0,31.7,1,1,13086,1,15698,8808,5104,14933,11210,5081,13429,13505,14344,13505,4336,20325,14066,6846,11691,7391,8263,894,1943,14063,12063,2532,12050,2246,150,12593,1,20:25
2024-25,1629731,Dean Wade,Dean,1610612739,CLE,Cleveland Cavaliers,0022400603,2025-01-20T00:00:00,CLE vs. PHX,W,18.616666666666667,5.8,15.5,0.375,1.9,5.8,0.333,1.9,1.9,1.0,3.9,5.8,9.7,3.9,0.0,0.0,0.0,3.9,5.8,3.9,15.5,27.1,32.9,0,0,30.9,1,1,13086,1,17095,12109,7869,16299,10484,11200,9209,10851,12897,1,3786,8793,5839,10316,16469,12854,8263,698,3220,6660,12445,2414,12674,2246,150,13215,1,18:37
2024-25,1628401,Derrick White,Derrick,1610612738,BOS,Boston Celtics,0022400604,2025-01-20T00:00:00,BOS @ GSW,W,25.795,4.2,7.0,0.6,2.8,5.6,0.5,0.0,0.0,0.0,0.0,7.0,7.0,7.0,2.8,1.4,4.2,0.0,1.4,1.4,11.2,32.1,44.0,0,0,39.1,1,1,13086,1,11339,16625,21587,5394,7244,11763,3944,13505,14344,13505,14058,6398,10177,4028,7253,8927,820,8846,17637,15469,17022,1720,5692,2246,150,7331,1,25:48
2024-25,1628467,Maxi Kleber,Maxi,1610612742,DAL,Dallas Mavericks,0022400599,2025-01-20T00:00:00,DAL @ CHA,L,14.458333333333334,0.0,5.0,0.0,0.0,2.5,0.0,0.0,0.0,0.0,0.0,5.0,5.0,5.0,0.0,0.0,2.5,2.5,7.5,2.5,0.0,-5.0,20.9,0,0,14.9,1,13222,1,13222,19911,22635,23481,22635,15070,18646,15070,13505,14344,13505,14058,10935,14848,7516,16469,12854,2404,2059,1664,11029,23200,15575,20726,2246,150,23080,1,14:28
2024-25,1629013,Landry Shamet,Landry,1610612752,NYK,New York Knicks,0022400602,2025-01-20T00:00:00,NYK vs. ATL,W,9.876666666666667,3.6,3.6,1.0,0.0,0.0,0.0,3.6,7.3,0.5,3.6,0.0,3.6,0.0,3.6,0.0,0.0,0.0,0.0,7.3,10.9,0.0,11.7,0,0,14.6,1,1,13086,1,22142,17973,24253,1,15070,20945,15070,6398,3103,10625,4131,22137,18215,19908,4686,12854,8263,8846,20257,1453,17230,12240,24096,2246,150,23225,1,9:53
2024-25,1630700,Dyson Daniels,Dyson,1610612737,ATL,Atlanta Hawks,0022400602,2025-01-20T00:00:00,ATL @ NYK,L,30.866666666666667,5.8,8.2,0.714,0.0,1.2,0.0,0.0,0.0,0.0,2.3,2.3,4.7,3.5,3.5,3.5,1.2,0.0,7.0,0.0,11.7,2.3,33.0,0,0,29.2,1,13222,1,13222,6979,12020,19998,2752,15070,20664,15070,13505,14344,13505,7142,18668,15657,11391,5014,2243,6388,8846,1979,17725,16508,11448,12590,2246,150,14582,1,30:52
2024-25,203915,Spencer Dinwiddie,Spencer,1610612742,DAL,Dallas Mavericks,0022400599,2025-01-20T00:00:00,DAL @ CHA,L,30.6,3.5,12.9,0.273,0.0,7.1,0.0,1.2,1.2,1.0,0.0,5.9,5.9,3.5,1.2,2.4,0.0,0.0,1.2,1.2,8.2,-8.2,26.5,0,0,22.4,1,13222,1,13222,7219,18253,11958,20048,15070,8341,15070,12677,13927,1,14058,8586,12560,11312,14607,4858,8263,8846,18677,16519,19720,17066,17307,2246,150,19453,1,30:36
2024-25,1628404,Josh Hart,Josh,1610612752,NYK,New York Knicks,0022400602,2025-01-20T00:00:00,NYK vs. ATL,W,37.21666666666667,6.8,11.6,0.583,0.0,1.0,0.0,0.0,0.0,0.0,3.9,4.8,8.7,4.8,1.9,1.9,0.0,0.0,3.9,0.0,13.5,-2.9,35.1,0,0,31.0,1,1,13086,1,1851,9503,14289,6296,15070,20886,15070,13505,14344,13505,3782,11314,7163,7822,10877,6595,8263,8846,7552,17725,14456,14513,10986,2246,150,13201,1,37:13
2024-25,201935,James Harden,James,1610612746,LAC,LA Clippers,0022400611,2025-01-20T00:00:00,LAC vs. CHI,L,35.95,5.0,17.0,0.294,3.0,13.0,0.231,4.0,4.0,1.0,0.0,5.0,5.0,10.0,5.0,1.0,1.0,1.0,2.0,3.0,17.0,-31.0,39.1,1,0,39.1,1,13222,1,13222,2713,14372,5780,19598,6488,1294,13279,5682,7834,1,14058,10871,14781,1427,2333,11944,7474,7909,15129,9228,10821,23892,8364,1,150,7347,1,35:57
2024-25,201587,Nicolas Batum,Nicolas,1610612746,LAC,LA Clippers,0022400611,2025-01-20T00:00:00,LAC vs. CHI,L,17.933333333333334,0.0,4.0,0.0,0.0,4.0,0.0,0.0,0.0,0.0,4.0,8.0,12.0,2.0,0.0,0.0,4.0,0.0,10.0,0.0,0.0,-4.0,29.5,0,0,22.1,1,13222,1,13222,17607,22635,24088,22635,15070,15551,15070,13505,14344,13505,3577,4662,3451,16346,16469,12854,910,8846,694,17725,23200,15075,15141,2246,150,19632,1,17:56
2024-25,1629006,Josh Okogie,Josh,1610612766,CHA,Charlotte Hornets,0022400599,2025-01-20T00:00:00,CHA vs. DAL,W,18.516666666666666,3.9,15.6,0.25,1.9,5.8,0.333,0.0,0.0,0.0,1.9,5.8,7.8,1.9,1.9,3.9,0.0,1.9,1.9,1.9,9.7,15.6,31.7,0,0,29.2,1,1,13086,1,17179,17355,7757,20233,10437,11128,9209,13505,14344,13505,8645,8718,8663,16584,10825,1750,8263,3405,15438,13341,18429,5405,13555,2246,150,14574,1,18:31
2024-25,203552,Seth Curry,Seth,1610612766,CHA,Charlotte Hornets,0022400599,2025-01-20T00:00:00,CHA vs. DAL,W,16.35,2.2,6.6,0.333,2.2,4.4,0.5,0.0,0.0,0.0,0.0,0.0,0.0,2.2,0.0,2.2,0.0,2.2,2.2,2.2,6.6,13.2,16.5,0,0,15.4,1,1,13086,1,18692,21033,22006,17395,9231,14672,3944,13505,14344,13505,14058,22137,23286,15617,16469,5385,8263,2634,14081,12155,20985,6301,22657,2246,150,22913,1,16:21
2024-25,1629622,Max Strus,Max,1610612739,CLE,Cleveland Cavaliers,0022400603,2025-01-20T00:00:00,CLE vs. PHX,W,20.583333333333332,5.2,14.0,0.375,5.2,14.0,0.375,0.0,0.0,0.0,0.0,3.5,3.5,3.5,1.7,1.7,0.0,0.0,1.7,0.0,15.7,17.5,28.7,0,0,31.5,1,1,13086,1,15578,13675,10183,16299,2005,928,8800,13505,14344,13505,14058,15246,18556,11395,11740,7445,8263,8846,16373,17725,12185,4743,15733,2246,150,12788,1,20:35
2024-25,1641765,Olivier-Maxence Prosper,Olivier-Maxence,1610612742,DAL,Dallas Mavericks,0022400599,2025-01-20T00:00:00,DAL @ CHA,L,19.375,3.7,7.4,0.5,0.0,3.7,0.0,3.7,3.7,1.0,3.7,11.1,14.9,1.9,0.0,1.9,0.0,0.0,3.7,1.9,11.1,-3.7,37.3,0,0,31.6,1,13222,1,13222,16518,17795,21027,8526,15070,16179,15070,6258,8452,1,4011,1827,1837,16903,16469,6989,8263,8846,8018,13706,17039,14897,9442,2246,150,12714,1,19:23
2024-25,1642377,Jaylen Wells,Jaylen,1610612763,MEM,Memphis Grizzlies,0022400601,2025-01-20T00:00:00,MEM vs. MIN,W,29.326666666666668,4.9,11.0,0.444,2.5,7.4,0.333,3.7,3.7,1.0,1.2,1.2,2.5,1.2,1.2,0.0,0.0,0.0,2.5,4.9,16.0,18.4,19.5,0,0,22.1,1,1,13086,1,8377,14653,15289,13045,8303,7694,9209,6323,8517,1,11623,21449,20890,18930,14250,12854,8263,8846,12964,4275,11958,4436,21396,2246,150,19621,1,29:20
2024-25,1626157,Karl-Anthony Towns,Karl-Anthony,1610612752,NYK,New York Knicks,0022400602,2025-01-20T00:00:00,NYK vs. ATL,W,36.53666666666667,4.9,17.7,0.278,1.0,5.9,0.167,2.0,2.0,1.0,0.0,8.9,8.9,6.9,1.0,0.0,1.0,2.0,2.0,3.0,12.8,10.8,35.8,0,0,31.5,1,1,13086,1,2316,14614,4973,20025,14630,10912,14236,10744,12803,1,14058,3645,6932,4138,15942,12854,7573,3313,15300,9402,15280,7308,10527,2246,150,12758,1,36:32
2024-25,202691,Klay Thompson,Klay,1610612742,DAL,Dallas Mavericks,0022400599,2025-01-20T00:00:00,DAL @ CHA,L,29.633333333333333,2.4,6.1,0.4,1.2,2.4,0.5,2.4,3.6,0.667,1.2,1.2,2.4,2.4,3.6,0.0,0.0,0.0,0.0,1.2,8.5,-4.9,11.4,0,0,14.6,1,13222,1,13222,8100,20591,22533,14933,13285,18750,3944,9241,8596,9425,11694,21478,20934,14776,4687,12854,8263,8846,20257,16329,19509,15505,24147,2246,150,23226,1,29:38
2024-25,1630590,Scotty Pippen Jr.,Scotty,1610612763,MEM,Memphis Grizzlies,0022400601,2025-01-20T00:00:00,MEM vs. MIN,W,13.998333333333333,7.7,10.3,0.75,0.0,2.6,0.0,0.0,0.0,0.0,2.6,2.6,5.1,7.7,0.0,5.1,0.0,0.0,10.3,0.0,15.4,-30.9,48.6,0,0,38.6,1,1,13086,1,20203,7236,16578,2107,15070,18494,15070,13505,14344,13505,6423,18007,14414,3164,16469,812,8263,8846,642,17725,12489,23869,3772,2246,150,7647,1,13:60
2024-25,1629750,Javonte Green,Javonte,1610612740,NOP,New Orleans Pelicans,0022400605,2025-01-20T00:00:00,NOP vs. UTA,W,26.233333333333334,0.0,2.7,0.0,0.0,0.0,0.0,1.4,2.7,0.5,1.4,2.7,4.1,0.0,1.4,2.7,1.4,0.0,2.7,1.4,1.4,-2.7,17.3,0,0,13.7,1,1,13086,1,10963,22635,24570,22635,15070,20945,15070,12094,10623,10625,10869,17568,17029,19908,13446,3816,5348,8846,11863,15558,23186,14428,22380,2246,150,23492,1,26:14
2024-25,201950,Jrue Holiday,Jrue,1610612738,BOS,Boston Celtics,0022400604,2025-01-20T00:00:00,BOS @ GSW,W,27.091666666666665,5.3,6.6,0.8,2.7,4.0,0.667,0.0,0.0,0.0,1.3,4.0,5.3,1.3,1.3,0.0,0.0,0.0,0.0,1.3,13.3,30.6,20.3,0,0,22.6,1,1,13086,1,10281,13500,21966,1688,7659,15607,1957,13505,14344,13505,11061,13765,14004,18567,13673,12854,8263,8846,20257,15766,14766,1889,21010,2246,150,19293,1,27:06
2024-25,1641989,Elijah Harkless,Elijah,1610612762,UTA,Utah Jazz,0022400605,2025-01-20T00:00:00,UTA @ NOP,L,10.4,0.0,6.9,0.0,0.0,3.5,0.0,6.9,6.9,1.0,6.9,0.0,6.9,3.5,0.0,3.5,0.0,0.0,0.0,6.9,6.9,-24.2,30.8,0,0,24.2,1,13222,1,13222,21961,22635,21640,22635,15070,16727,15070,2058,3449,1,1172,22137,10283,11516,16469,2293,8263,8846,20257,1711,20774,22628,14195,2246,150,18181,1,10:24
2024-25,203497,Rudy Gobert,Rudy,1610612750,MIN,Minnesota Timberwolves,0022400601,2025-01-20T00:00:00,MIN @ MEM,L,24.926666666666666,1.4,7.2,0.2,0.0,0.0,0.0,2.9,2.9,1.0,2.9,2.9,5.8,2.9,4.3,2.9,1.4,1.4,5.8,4.3,5.8,-11.6,25.7,0,0,23.1,1,13222,1,13222,12080,22233,21294,21401,15070,20945,15070,8120,10259,1,5615,17119,12819,13317,3249,3439,5059,5002,3260,5514,21545,18552,17815,2246,150,18931,1,24:56
2024-25,1629111,Jock Landale,Jock,1610612745,HOU,Houston Rockets,0022400600,2025-01-20T00:00:00,HOU vs. DET,L,10.25,7.0,17.6,0.4,0.0,0.0,0.0,7.0,7.0,1.0,7.0,3.5,10.5,0.0,0.0,3.5,0.0,0.0,0.0,3.5,21.1,-14.0,44.3,0,0,38.6,1,13222,1,13222,22011,8869,5182,14933,15070,20945,15070,1990,3337,1,1139,15198,4875,19908,16469,2223,8263,8846,20257,7625,7024,19516,5537,2246,150,7625,1,10:15
2024-25,1629023,P.J. Washington,P.J.,1610612742,DAL,Dallas Mavericks,0022400599,2025-01-20T00:00:00,DAL @ CHA,L,30.283333333333335,5.9,17.8,0.333,1.2,5.9,0.2,2.4,2.4,1.0,1.2,9.5,10.7,1.2,3.6,1.2,0.0,3.6,5.9,3.6,15.5,-2.4,30.1,0,0,30.9,1,13222,1,13222,7510,11672,4877,17395,13432,10829,13429,9392,11551,1,11872,2998,4701,19054,4856,10274,8263,866,3023,7487,12460,14246,14746,2246,150,13244,1,30:17
2024-25,1626172,Kevon Looney,Kevon,1610612744,GSW,Golden State Warriors,0022400604,2025-01-20T00:00:00,GSW vs. BOS,L,15.783333333333333,4.6,9.1,0.5,0.0,0.0,0.0,2.3,4.6,0.5,2.3,13.7,16.0,2.3,2.3,0.0,0.0,2.3,2.3,2.3,11.4,-25.1,31.7,0,0,29.7,1,13222,1,13222,19079,15595,18518,8526,15070,20945,15070,9686,6726,10625,7306,826,1443,15296,9154,12854,8263,2468,13717,11814,16784,22828,13546,2246,150,14203,1,15:47
2024-25,1628379,Luke Kennard,Luke,1610612763,MEM,Memphis Grizzlies,0022400601,2025-01-20T00:00:00,MEM vs. MIN,W,19.941666666666666,3.6,7.2,0.5,1.8,3.6,0.5,3.6,3.6,1.0,0.0,7.2,7.2,3.6,3.6,1.8,0.0,1.8,5.4,1.8,12.6,-16.2,28.5,0,0,28.9,1,1,13086,1,16072,18059,21295,8526,11054,16413,3944,6469,8668,1,14058,5963,9703,11056,4755,7228,8263,3884,3828,13914,15453,20351,15865,2246,150,14792,1,19:57
2024-25,1642346,Ryan Dunn,Ryan,1610612756,PHX,Phoenix Suns,0022400603,2025-01-20T00:00:00,PHX @ CLE,L,20.483333333333334,3.5,12.3,0.286,0.0,3.5,0.0,0.0,0.0,0.0,1.8,3.5,5.3,1.8,0.0,0.0,0.0,1.8,7.0,0.0,7.0,-12.3,16.0,0,0,14.1,1,13222,1,13222,15651,18292,13072,19630,15070,16625,15070,13505,14344,13505,9391,15190,14111,17209,16469,12854,8263,4013,1957,17725,20701,18860,22859,2246,150,23407,1,20:29
2024-25,1629611,Terance Mann,Terance,1610612746,LAC,LA Clippers,0022400611,2025-01-20T00:00:00,LAC vs. CHI,L,21.816666666666666,9.9,14.9,0.667,0.0,5.0,0.0,0.0,0.0,0.0,0.0,3.3,3.3,0.0,1.7,0.0,3.3,0.0,3.3,3.3,19.8,1.7,32.0,0,0,29.7,1,13222,1,13222,14648,3328,8819,3281,15070,13311,15070,13505,14344,13505,14058,15793,18989,19908,12135,12854,1392,8846,9454,8251,8070,11808,13319,2246,150,14163,1,21:49
2024-25,1630230,Naji Marshall,Naji,1610612742,DAL,Dallas Mavericks,0022400599,2025-01-20T00:00:00,DAL @ CHA,L,32.05,3.4,11.2,0.3,1.1,6.7,0.167,1.1,2.2,0.5,1.1,4.5,5.6,4.5,3.4,1.1,0.0,0.0,2.2,1.1,9.0,-2.2,22.5,0,0,22.5,1,13222,1,13222,5928,18597,14973,19363,13819,9036,14236,12843,11944,10625,12309,12280,13249,8669,5305,10840,8263,8846,13893,16809,19101,14175,19898,2246,150,19385,1,32:03
2024-25,1629626,Bol Bol,Bol,1610612756,PHX,Phoenix Suns,0022400603,2025-01-20T00:00:00,PHX @ CLE,L,7.583333333333333,4.7,14.2,0.333,4.7,14.2,0.333,0.0,0.0,0.0,0.0,9.5,9.5,0.0,4.7,0.0,0.0,0.0,0.0,4.7,14.2,14.2,20.9,0,0,28.5,1,13222,1,13222,22957,15116,9769,17395,2646,864,9209,13505,14344,13505,14058,3016,6072,19908,2659,12854,8263,8846,20257,4617,13673,5908,20749,2246,150,15079,1,7:35
2024-25,1628420,Monté Morris,Monté,1610612756,PHX,Phoenix Suns,0022400603,2025-01-20T00:00:00,PHX @ CLE,L,7.583333333333333,9.5,9.5,1.0,0.0,0.0,0.0,0.0,0.0,0.0,0.0,0.0,0.0,4.7,0.0,4.7,0.0,0.0,0.0,4.7,19.0,14.2,40.4,0,0,33.2,1,13222,1,13222,22957,3889,17958,1,15070,20945,15070,13505,14344,13505,14058,22137,23286,8057,16469,1050,8263,8846,20257,4617,8866,5908,7539,2246,150,11458,1,7:35
2024-25,1626164,Devin Booker,Devin,1610612756,PHX,Phoenix Suns,0022400603,2025-01-20T00:00:00,PHX @ CLE,L,31.883333333333333,6.8,15.8,0.429,1.1,4.5,0.25,2.3,4.5,0.5,0.0,3.4,3.4,4.5,6.8,0.0,1.1,0.0,4.5,4.5,16.9,-22.6,24.4,0,0,28.2,1,13222,1,13222,6069,9486,7403,13735,13774,14393,11902,9760,6813,10625,14058,15559,18807,8615,990,12854,6616,8846,5740,5105,10921,22243,18688,2246,150,15271,1,31:53
2024-25,1630173,Precious Achiuwa,Precious,1610612752,NYK,New York Knicks,0022400602,2025-01-20T00:00:00,NYK vs. ATL,W,16.816666666666666,2.1,4.3,0.5,0.0,0.0,0.0,0.0,0.0,0.0,4.3,6.4,10.7,4.3,2.1,4.3,0.0,2.1,2.1,0.0,4.3,8.6,34.3,0,0,27.8,1,1,13086,1,18375,21161,23940,8526,15070,20945,15070,13505,14344,13505,3192,7459,4690,9179,9779,1388,8263,2799,14408,17725,22418,8377,11614,2246,150,15556,1,16:49
2024-25,1630581,Josh Giddey,Josh,1610612741,CHI,Chicago Bulls,0022400611,2025-01-20T00:00:00,CHI @ LAC,W,40.4,6.2,8.0,0.778,1.8,3.6,0.5,1.8,1.8,1.0,2.7,6.2,8.9,8.0,1.8,0.9,0.0,0.0,2.7,1.8,16.0,15.1,39.7,1,0,36.5,1,1,13086,1,472,10870,20230,1994,11141,16521,3944,11280,13213,1,6165,7814,6873,2870,11627,12703,8263,8846,12151,13994,11880,5568,7991,1,150,9026,1,40:24
2024-25,202684,Tristan Thompson,Tristan,1610612739,CLE,Cleveland Cavaliers,0022400603,2025-01-20T00:00:00,CLE vs. PHX,W,25.9,0.0,2.8,0.0,0.0,1.4,0.0,1.4,5.6,0.25,2.8,11.1,13.9,4.2,1.4,1.4,1.4,0.0,4.2,2.8,1.4,18.1,31.3,0,0,25.0,1,1,13086,1,11244,22635,24562,22635,15070,20386,15070,12043,5102,13358,5910,1838,2279,9470,13336,8960,5270,8846,6635,10035,23185,4538,13848,2246,150,17662,1,25:54
2024-25,1630168,Onyeka Okongwu,Onyeka,1610612737,ATL,Atlanta Hawks,0022400602,2025-01-20T00:00:00,ATL @ NYK,L,28.433333333333334,8.9,12.7,0.7,0.0,1.3,0.0,0.0,0.0,0.0,6.3,5.1,11.4,2.5,1.3,2.5,0.0,0.0,5.1,3.8,17.7,10.1,41.5,0,0,36.7,1,13222,1,13222,9184,4945,12462,3045,15070,20536,15070,13505,14344,13505,1459,10682,4056,14435,13993,4295,8263,8846,4461,6855,10108,7634,6871,2246,150,8903,1,28:26
2024-25,1630643,Jay Huff,Jay,1610612763,MEM,Memphis Grizzlies,0022400601,2025-01-20T00:00:00,MEM vs. MIN,W,3.2,0.0,11.3,0.0,0.0,11.3,0.0,0.0,0.0,0.0,0.0,11.3,11.3,0.0,11.3,0.0,11.3,0.0,0.0,0.0,0.0,-11.3,36.0,0,0,33.8,1,1,13086,1,24893,22635,14928,22635,15070,2291,15070,13505,14344,13505,14058,1776,4194,19908,238,12854,49,8846,20257,17725,23200,18419,10366,2246,150,11030,1,3:12
2024-25,1630573,Sam Hauser,Sam,1610612738,BOS,Boston Celtics,0022400604,2025-01-20T00:00:00,BOS @ GSW,W,20.7,7.0,12.2,0.571,5.2,10.4,0.5,0.0,0.0,0.0,0.0,3.5,3.5,1.7,0.0,1.7,1.7,0.0,1.7,1.7,19.1,34.8,36.3,0,0,36.5,1,1,13086,1,15489,9031,13297,6538,2032,3031,3944,13505,14344,13505,14058,15295,18599,17262,16469,7489,4195,8846,16416,14150,8714,1414,10120,2246,150,9032,1,20:42
2024-25,202696,Nikola Vučević,Nikola,1610612741,CHI,Chicago Bulls,0022400611,2025-01-20T00:00:00,CHI @ LAC,W,33.766666666666666,6.4,16.0,0.4,1.1,5.3,0.2,1.1,2.1,0.5,3.2,5.3,8.5,4.3,1.1,3.2,1.1,1.1,2.1,3.2,14.9,13.9,43.3,0,0,37.3,1,1,13086,1,4465,10458,7126,14933,14157,12385,13429,13020,12317,10625,4949,9954,7438,9216,15378,2748,7022,7355,14448,8572,12991,6054,5992,2246,150,8499,1,33:46
2024-25,1628960,Grayson Allen,Grayson,1610612756,PHX,Phoenix Suns,0022400603,2025-01-20T00:00:00,PHX @ CLE,L,26.85,4.0,6.7,0.6,2.7,5.4,0.5,2.7,4.0,0.667,0.0,4.0,4.0,2.7,1.3,1.3,0.0,0.0,0.0,5.4,13.4,-16.1,24.9,0,0,25.5,1,13222,1,13222,10452,17037,21893,5394,7588,12301,3944,8620,7796,9425,14058,13651,17262,13961,13617,9237,8263,8846,20257,3528,14610,20281,18335,2246,150,17302,1,26:51
2024-25,1630631,Jose Alvarado,Jose,1610612740,NOP,New Orleans Pelicans,0022400605,2025-01-20T00:00:00,NOP vs. UTA,W,17.0,2.1,10.6,0.2,2.1,10.6,0.2,0.0,0.0,0.0,0.0,4.2,4.2,4.2,2.1,4.2,0.0,0.0,2.1,0.0,6.4,6.4,28.4,0,0,25.4,1,1,13086,1,18255,21210,16062,21401,9606,2884,13429,13505,14344,13505,14058,13015,16718,9290,9918,1428,8263,8846,14526,17725,21152,9448,15951,2246,150,17343,1,17:00
2024-25,1642268,Isaiah Collier,Isaiah,1610612762,UTA,Utah Jazz,0022400605,2025-01-20T00:00:00,UTA @ NOP,L,36.63333333333333,6.9,19.7,0.35,1.0,2.0,0.5,4.9,6.9,0.714,1.0,2.0,2.9,10.8,3.9,1.0,0.0,2.0,3.9,3.9,19.7,4.9,38.4,1,0,36.4,1,13222,1,13222,2264,9213,3223,17337,14638,19617,3944,4167,3495,9244,13395,19774,19858,1064,4014,12093,8263,3332,7345,6484,8198,10153,8761,1,150,9128,1,36:38
2024-25,1629634,Brandon Clarke,Brandon,1610612763,MEM,Memphis Grizzlies,0022400601,2025-01-20T00:00:00,MEM vs. MIN,W,15.545,4.6,6.9,0.667,0.0,0.0,0.0,6.9,6.9,1.0,6.9,4.6,11.6,0.0,4.6,4.6,0.0,0.0,9.3,4.6,16.2,-2.3,39.4,0,0,37.1,1,1,13086,1,19228,15418,21623,3281,15070,20945,15070,2041,3416,1,1164,11907,3870,19908,2806,1132,8263,8846,882,4872,11716,14216,8158,2246,150,8690,1,15:33
2024-25,1626145,Tyus Jones,Tyus,1610612756,PHX,Phoenix Suns,0022400603,2025-01-20T00:00:00,PHX @ CLE,L,26.516666666666666,6.8,14.9,0.455,4.1,8.1,0.5,0.0,0.0,0.0,0.0,1.4,1.4,5.4,1.4,0.0,0.0,0.0,2.7,0.0,17.6,-29.9,26.1,0,0,28.5,1,13222,1,13222,10712,9452,8710,12676,3852,6190,3944,13505,14344,13505,14058,21170,22751,6567,13530,12854,8263,8846,11976,17725,10170,23711,17573,2246,150,15062,1,26:31
2024-25,1630183,Jaden McDaniels,Jaden,1610612750,MIN,Minnesota Timberwolves,0022400601,2025-01-20T00:00:00,MIN @ MEM,L,42.163333333333334,4.3,10.2,0.417,0.9,5.1,0.167,0.0,0.0,0.0,1.7,8.5,10.2,0.9,1.7,1.7,1.7,0.0,1.7,1.7,9.4,-15.4,31.5,1,0,28.2,1,13222,1,13222,244,16401,16652,14532,15031,12900,14236,13505,14344,13505,9554,4002,5184,19887,11887,7579,4276,8846,16512,14244,18732,20038,13672,1,150,15312,1,42:10
2024-25,1630172,Patrick Williams,Patrick,1610612741,CHI,Chicago Bulls,0022400611,2025-01-20T00:00:00,CHI @ LAC,W,25.865,4.2,9.7,0.429,2.8,5.6,0.5,0.0,0.0,0.0,1.4,5.6,7.0,4.2,1.4,0.0,1.4,1.4,1.4,1.4,11.1,7.0,28.5,0,0,27.8,1,1,13086,1,11282,16663,17486,13735,7263,11798,3944,13505,14344,13505,10780,9365,10225,9455,13321,12854,5262,5206,17658,15486,17049,9156,15851,2246,150,15549,1,25:52
2024-25,1641824,Matas Buzelis,Matas,1610612741,CHI,Chicago Bulls,0022400611,2025-01-20T00:00:00,CHI @ LAC,W,12.516666666666667,2.9,17.3,0.167,2.9,8.6,0.333,5.8,5.8,1.0,8.6,2.9,11.5,0.0,0.0,0.0,0.0,2.9,0.0,2.9,14.4,-31.6,28.2,0,0,28.8,1,1,13086,1,20981,19720,5503,21938,6959,5376,9209,3133,4811,1,634,17161,3941,19908,16469,12854,8263,1496,20257,9670,13521,23981,16079,2246,150,14885,1,12:31
2024-25,1628366,Lonzo Ball,Lonzo,1610612741,CHI,Chicago Bulls,0022400611,2025-01-20T00:00:00,CHI @ LAC,W,26.333333333333332,2.7,12.3,0.222,1.4,10.9,0.125,0.0,0.0,0.0,0.0,5.5,5.5,4.1,2.7,4.1,1.4,0.0,4.1,0.0,6.8,9.6,33.2,0,0,28.7,1,1,13086,1,10877,20012,13069,21205,12575,2555,14886,13505,14344,13505,14058,9618,13625,9660,7426,1537,5375,8846,6832,17725,20837,7909,12413,2246,150,14924,1,26:20
2024-25,1641763,Julian Phillips,Julian,1610612741,CHI,Chicago Bulls,0022400611,2025-01-20T00:00:00,CHI @ LAC,W,13.783333333333333,2.6,10.4,0.25,2.6,5.2,0.5,2.6,5.2,0.5,7.8,7.8,15.7,0.0,2.6,0.0,2.6,0.0,2.6,5.2,10.4,36.6,34.5,0,0,34.0,1,1,13086,1,20310,20260,16308,20233,7786,12650,3944,8779,5563,10625,836,4961,1532,19908,7827,12854,2209,8846,12381,3737,17715,1242,11467,2246,150,10892,1,13:47
2024-25,1641729,Brice Sensabaugh,Brice,1610612762,UTA,Utah Jazz,0022400605,2025-01-20T00:00:00,UTA @ NOP,L,24.088333333333335,6.0,20.9,0.286,3.0,14.9,0.2,1.5,1.5,1.0,0.0,7.5,7.5,1.5,3.0,0.0,0.0,0.0,3.0,3.0,16.4,-12.0,24.7,0,0,28.4,1,13222,1,13222,12808,11583,2388,19630,6558,707,13429,11812,13496,1,14058,5553,9227,18004,6530,12854,8263,8846,10781,9300,11457,18719,18517,2246,150,15151,1,24:05
2024-25,1629675,Naz Reid,Naz,1610612750,MIN,Minnesota Timberwolves,0022400601,2025-01-20T00:00:00,MIN @ MEM,L,32.995,12.0,21.8,0.55,5.5,10.9,0.5,2.2,2.2,1.0,3.3,5.5,8.7,1.1,2.2,0.0,0.0,0.0,3.3,1.1,31.6,2.2,41.6,0,0,46.9,1,13222,1,13222,5154,1515,1893,7655,1778,2578,3944,10020,12143,1,4799,9657,7130,19380,9586,12854,8263,8846,9555,16946,1598,11520,6847,2246,150,3518,1,32:60
2024-25,1641854,Craig Porter Jr.,Craig,1610612739,CLE,Cleveland Cavaliers,0022400603,2025-01-20T00:00:00,CLE vs. PHX,W,6.366666666666666,5.7,5.7,1.0,5.7,5.7,1.0,0.0,0.0,0.0,0.0,5.7,5.7,0.0,0.0,0.0,0.0,0.0,0.0,0.0,17.0,-33.9,23.7,0,0,28.3,1,1,13086,1,23428,12542,22940,1,1606,11563,1,13505,14344,13505,14058,9153,13143,19908,16469,12854,8263,8846,20257,17725,10882,24289,19129,2246,150,15229,1,6:22
2024-25,201144,Mike Conley,Mike,1610612750,MIN,Minnesota Timberwolves,0022400601,2025-01-20T00:00:00,MIN @ MEM,L,25.348333333333333,1.4,8.5,0.167,1.4,5.7,0.25,2.8,2.8,1.0,1.4,4.3,5.7,11.4,1.4,1.4,0.0,0.0,4.3,2.8,7.1,-9.9,33.8,0,0,28.4,1,13222,1,13222,11710,22270,19459,21938,12368,11506,11902,8238,10388,1,10664,12933,13079,882,13167,8796,8263,8846,6398,9818,20635,17865,11966,2246,150,15148,1,25:21
2024-25,1630224,Jalen Green,Jalen,1610612745,HOU,Houston Rockets,0022400600,2025-01-20T00:00:00,HOU vs. DET,L,30.458333333333332,9.5,24.8,0.381,2.4,9.5,0.25,1.2,2.4,0.5,1.2,3.5,4.7,4.7,5.9,1.2,0.0,1.2,1.2,1.2,22.5,-26.0,32.9,0,0,36.6,1,13222,1,13222,7365,3947,869,16250,8619,4170,11902,12660,11587,10625,11919,15097,15488,8111,1444,10332,8263,6392,18642,16496,5885,23030,12684,2246,150,8955,1,30:28
2024-25,201143,Al Horford,Al,1610612738,BOS,Boston Celtics,0022400604,2025-01-20T00:00:00,BOS @ GSW,W,20.24,1.8,5.3,0.333,1.8,5.3,0.333,0.0,0.0,0.0,3.6,3.6,7.1,3.6,0.0,0.0,3.6,0.0,0.0,0.0,5.3,21.3,29.9,0,0,24.9,1,1,13086,1,15835,21786,23232,17395,11149,12362,9209,13505,14344,13505,4293,15067,9924,11224,16469,12854,1182,8846,20257,17725,21832,3614,14891,2246,150,17753,1,20:14
2024-25,1642265,Rob Dillingham,Rob,1610612750,MIN,Minnesota Timberwolves,0022400601,2025-01-20T00:00:00,MIN @ MEM,L,17.15,12.6,16.8,0.75,6.3,8.4,0.75,0.0,0.0,0.0,2.1,4.2,6.3,4.2,0.0,0.0,0.0,2.1,6.3,2.1,31.5,33.6,45.3,0,0,48.3,1,13222,1,13222,18166,1201,6051,2107,1115,5758,1542,13505,14344,13505,7953,13126,11608,9391,16469,12854,8263,2926,2605,12615,1643,1560,5016,2246,150,3053,1,17:09
2024-25,1630191,Isaiah Stewart,Isaiah,1610612765,DET,Detroit Pistons,0022400600,2025-01-20T00:00:00,DET @ HOU,W,17.5,6.2,12.3,0.5,0.0,0.0,0.0,0.0,0.0,0.0,4.1,12.3,16.5,2.1,2.1,0.0,2.1,0.0,6.2,2.1,12.3,-10.3,39.3,0,0,35.0,1,1,13086,1,17920,11041,12991,8526,15070,20945,15070,13505,14344,13505,3419,1209,1284,16161,10225,12854,3328,8846,2734,12811,15764,18014,8201,2246,150,10115,1,17:30
2024-25,1630182,Josh Green,Josh,1610612766,CHA,Charlotte Hornets,0022400599,2025-01-20T00:00:00,CHA vs. DAL,W,27.116666666666667,1.3,8.0,0.167,0.0,5.3,0.0,2.7,2.7,1.0,2.7,4.0,6.6,2.7,0.0,2.7,0.0,0.0,4.0,1.3,5.3,-5.3,25.2,0,0,19.9,1,1,13086,1,10256,22368,20318,21938,15070,12439,15070,8674,10848,1,6213,13780,10872,14029,16469,4004,8263,8846,7191,15772,21846,15751,18132,2246,150,20908,1,27:07
2024-25,1626220,Royce O'Neale,Royce,1610612756,PHX,Phoenix Suns,0022400603,2025-01-20T00:00:00,PHX @ CLE,L,22.033333333333335,0.0,4.9,0.0,0.0,4.9,0.0,0.0,0.0,0.0,0.0,9.8,9.8,0.0,0.0,0.0,0.0,0.0,1.6,0.0,0.0,-22.9,11.8,0,0,9.8,1,13222,1,13222,14474,22635,23527,22635,15070,13438,15070,13505,14344,13505,14058,2724,5672,19908,16469,12854,8263,8846,16767,17725,23200,22304,24072,2246,150,24471,1,22:02
2024-25,1629599,Amir Coffey,Amir,1610612746,LAC,LA Clippers,0022400611,2025-01-20T00:00:00,LAC vs. CHI,L,32.733333333333334,2.2,9.9,0.222,0.0,4.4,0.0,4.4,4.4,1.0,0.0,4.4,4.4,2.2,0.0,1.1,1.1,1.1,2.2,4.4,8.8,0.0,24.0,0,0,19.8,1,13222,1,13222,5376,21040,17244,21205,15070,14682,15070,4991,7028,1,14058,12524,16282,15622,16469,11019,6786,7045,14092,5347,19270,12240,18969,2246,150,20987,1,32:44
2024-25,1630583,Santi Aldama,Santi,1610612763,MEM,Memphis Grizzlies,0022400601,2025-01-20T00:00:00,MEM vs. MIN,W,14.513333333333334,2.5,19.8,0.125,0.0,17.4,0.0,0.0,5.0,0.0,2.5,2.5,5.0,2.5,2.5,0.0,0.0,0.0,2.5,2.5,5.0,-42.2,12.2,0,0,12.4,1,1,13086,1,19874,20498,3070,22420,15070,384,15070,13505,6013,13505,6675,18245,14904,14614,8331,12854,8263,8846,12876,11063,22030,24994,23973,2246,150,23898,1,14:31
2024-25,1641734,Emoni Bates,Emoni,1610612739,CLE,Cleveland Cavaliers,0022400603,2025-01-20T00:00:00,CLE vs. PHX,W,5.6,0.0,12.9,0.0,0.0,12.9,0.0,0.0,0.0,0.0,0.0,0.0,0.0,0.0,0.0,0.0,0.0,0.0,0.0,0.0,0.0,-25.7,0.0,0,0,0.0,1,1,13086,1,23743,22635,12107,22635,15070,1364,15070,13505,14344,13505,14058,22137,23286,19908,16469,12854,8263,8846,20257,17725,23200,22962,25228,2246,150,25259,1,5:36
2024-25,1631222,Jake LaRavia,Jake,1610612763,MEM,Memphis Grizzlies,0022400601,2025-01-20T00:00:00,MEM vs. MIN,W,14.596666666666666,2.5,4.9,0.5,0.0,0.0,0.0,0.0,0.0,0.0,2.5,2.5,4.9,0.0,2.5,0.0,0.0,0.0,4.9,2.5,4.9,-41.9,8.4,0,0,9.9,1,1,13086,1,19830,20523,23506,8526,15070,20945,15070,13505,14344,13505,6728,18279,14970,19908,8376,12854,8263,8846,4767,11112,22045,24972,24644,2246,150,24452,1,14:36
2024-25,1630217,Desmond Bane,Desmond,1610612763,MEM,Memphis Grizzlies,0022400601,2025-01-20T00:00:00,MEM vs. MIN,W,37.12,6.8,13.6,0.5,3.9,5.8,0.667,3.9,3.9,1.0,1.9,3.9,5.8,4.8,1.0,1.9,0.0,2.9,0.0,2.9,21.3,15.5,40.4,0,0,39.8,1,1,13086,1,1907,9451,10871,8526,4243,11158,1957,5916,8081,1,8665,14096,12725,7801,16029,6566,8263,1453,20257,9563,6783,5426,7497,2246,150,6909,1,37:07
2024-25,1629638,Nickeil Alexander-Walker,Nickeil,1610612750,MIN,Minnesota Timberwolves,0022400601,2025-01-20T00:00:00,MIN @ MEM,L,22.316666666666666,3.2,16.1,0.2,1.6,6.5,0.25,0.0,0.0,0.0,4.8,3.2,8.1,1.6,1.6,0.0,0.0,1.6,6.5,1.6,8.1,12.9,18.6,0,0,19.4,1,13222,1,13222,14262,18935,6923,21401,11641,9643,11902,13505,14344,13505,2518,15999,8145,17608,12284,12854,8263,4399,2438,14583,19868,6437,21864,2246,150,21226,1,22:19
2024-25,1626181,Norman Powell,Norman,1610612746,LAC,LA Clippers,0022400611,2025-01-20T00:00:00,LAC vs. CHI,L,38.016666666666666,8.5,20.8,0.409,2.8,9.5,0.3,5.7,6.6,0.857,0.0,1.9,1.9,1.9,2.8,0.9,0.0,0.0,0.9,5.7,25.6,-2.8,30.7,0,0,34.1,1,13222,1,13222,1375,5576,2438,14895,7080,4150,11319,3206,3733,7071,14058,19993,22010,16775,7058,12373,8263,8846,19980,3060,3896,14481,14289,2246,150,10783,1,38:01
2024-25,1629726,Garrison Mathews,Garrison,1610612737,ATL,Atlanta Hawks,0022400602,2025-01-20T00:00:00,ATL @ NYK,L,12.383333333333333,0.0,2.9,0.0,0.0,2.9,0.0,5.8,8.7,0.667,0.0,0.0,0.0,8.7,0.0,2.9,0.0,0.0,2.9,5.8,5.8,-14.5,27.6,0,0,20.3,1,13222,1,13222,21055,22635,24518,22635,15070,17851,15070,3069,2036,9425,14058,22137,23286,2253,16469,3387,8263,8846,11160,2873,21513,19721,16488,2246,150,20658,1,12:23
2024-25,1628970,Miles Bridges,Miles,1610612766,CHA,Charlotte Hornets,0022400599,2025-01-20T00:00:00,CHA vs. DAL,W,32.18333333333333,8.9,16.8,0.533,4.5,7.8,0.571,3.4,4.5,0.75,1.1,4.5,5.6,2.2,3.4,0.0,1.1,0.0,0.0,3.4,25.7,-1.1,35.8,0,0,40.3,1,1,13086,1,5816,4815,6072,8140,3104,6748,3506,6989,6885,8186,12337,12326,13309,15489,5342,12854,6677,8846,20257,8080,3812,13629,10510,2246,150,6633,1,32:11
2024-25,1631117,Walker Kessler,Walker,1610612762,UTA,Utah Jazz,0022400605,2025-01-20T00:00:00,UTA @ NOP,L,33.983333333333334,8.5,10.6,0.8,0.0,1.1,0.0,3.2,4.2,0.75,5.3,8.5,13.8,2.1,0.0,1.1,1.1,1.1,1.1,3.2,20.1,7.4,46.2,1,0,40.3,1,13222,1,13222,4278,5658,16054,1688,15070,20791,15070,7378,7345,8186,2096,4079,2350,15933,16469,11399,7063,7405,19345,8635,7816,8930,4668,1,150,6645,1,33:59
2024-25,1641715,Cam Whitmore,Cam,1610612745,HOU,Houston Rockets,0022400600,2025-01-20T00:00:00,HOU vs. DET,L,19.668333333333333,7.3,16.5,0.444,3.7,12.8,0.286,0.0,1.8,0.0,1.8,9.2,11.0,3.7,5.5,1.8,0.0,0.0,1.8,1.8,18.3,12.8,37.0,0,0,40.3,1,13222,1,13222,16283,8188,6463,13045,4783,1386,11433,13505,13150,13505,9129,3360,4429,10908,1816,7116,8263,8846,16037,13808,9530,6469,9713,2246,150,6634,1,19:40
2024-25,1630556,Kessler Edwards,Kessler,1610612742,DAL,Dallas Mavericks,0022400599,2025-01-20T00:00:00,DAL @ CHA,L,9.415,0.0,7.6,0.0,0.0,7.6,0.0,0.0,0.0,0.0,0.0,3.8,3.8,0.0,0.0,3.8,0.0,0.0,3.8,0.0,0.0,7.6,16.1,0,0,11.5,1,13222,1,13222,22311,22635,20719,22635,15070,7086,15070,13505,14344,13505,14058,14251,17766,19908,16469,1821,8263,8846,7665,17725,23200,8804,22829,2246,150,24121,1,9:25
2024-25,201988,Patty Mills,Patty,1610612762,UTA,Utah Jazz,0022400605,2025-01-20T00:00:00,UTA @ NOP,L,17.766666666666666,2.0,6.1,0.333,2.0,6.1,0.333,0.0,0.0,0.0,2.0,6.1,8.1,0.0,6.1,2.0,0.0,0.0,2.0,0.0,6.1,-16.2,15.8,0,0,20.3,1,13222,1,13222,17729,21355,22528,17395,10031,10495,9209,13505,14344,13505,8271,8154,8085,19908,1332,6131,8263,8846,14985,17725,21332,20326,22924,2246,150,20718,1,17:46
2024-25,1629631,De'Andre Hunter,De'Andre,1610612737,ATL,Atlanta Hawks,0022400602,2025-01-20T00:00:00,ATL @ NYK,L,30.366666666666667,8.3,16.6,0.5,4.7,8.3,0.571,4.7,7.1,0.667,0.0,0.0,0.0,1.2,2.4,0.0,1.2,0.0,1.2,7.1,26.1,1.2,29.0,0,0,34.4,1,13222,1,13222,7443,5983,6307,8526,2654,5917,3506,4443,3252,9425,14058,22137,23286,19064,8766,12854,6270,8846,18619,1571,3642,12024,15453,2246,150,10545,1,30:22
2024-25,1642280,Trentyn Flowers,Trentyn,1610612746,LAC,LA Clippers,0022400611,2025-01-20T00:00:00,LAC vs. CHI,L,1.4,0.0,0.0,0.0,0.0,0.0,0.0,0.0,0.0,0.0,0.0,0.0,0.0,0.0,0.0,0.0,0.0,0.0,0.0,0.0,0.0,51.4,0.0,0,0,0.0,1,13222,1,13222,25858,22635,24836,22635,15070,20945,15070,13505,14344,13505,14058,22137,23286,19908,16469,12854,8263,8846,20257,17725,23200,515,25228,2246,150,25259,1,1:24
2024-25,1628384,OG Anunoby,OG,1610612752,NYK,New York Knicks,0022400602,2025-01-20T00:00:00,NYK vs. ATL,W,40.88666666666666,1.8,3.5,0.5,0.0,0.9,0.0,3.5,3.5,1.0,1.8,6.2,7.9,1.8,0.9,0.0,0.0,0.0,2.6,1.8,7.0,5.3,18.3,0,0,16.7,1,1,13086,1,392,21815,24300,8526,15070,20931,15070,6665,8848,1,9382,7983,8418,17195,16380,12854,8263,8846,12275,14074,20691,9965,21962,2246,150,22418,1,40:53
2024-25,1641713,GG Jackson,GG,1610612763,MEM,Memphis Grizzlies,0022400601,2025-01-20T00:00:00,MEM vs. MIN,W,10.77,6.7,16.7,0.4,0.0,10.0,0.0,0.0,0.0,0.0,0.0,3.3,3.3,0.0,0.0,0.0,0.0,0.0,0.0,0.0,13.4,-13.4,17.4,0,0,16.7,1,1,13086,1,21815,9721,6163,14933,15070,3459,15070,13505,14344,13505,14058,15659,18887,19908,16469,12854,8263,8846,20257,17725,14658,19260,22343,2246,150,22422,1,10:46
2024-25,1630163,LaMelo Ball,LaMelo,1610612766,CHA,Charlotte Hornets,0022400599,2025-01-20T00:00:00,CHA vs. DAL,W,37.815,7.6,20.0,0.381,4.8,9.5,0.5,1.9,3.8,0.5,1.0,5.7,6.7,8.6,1.9,1.0,1.0,1.9,2.9,2.9,21.9,3.8,46.6,0,0,45.7,1,1,13086,1,1503,7467,2978,16250,2625,4077,3944,10931,8227,10625,13629,9015,10813,2371,11017,12336,7812,3532,11381,9746,6290,10746,4511,2246,150,3934,1,37:49
2024-25,203952,Andrew Wiggins,Andrew,1610612744,GSW,Golden State Warriors,0022400604,2025-01-20T00:00:00,GSW vs. BOS,L,23.596666666666668,1.5,16.8,0.091,0.0,6.1,0.0,3.1,3.1,1.0,1.5,3.1,4.6,0.0,1.5,1.5,1.5,4.6,0.0,4.6,6.1,-44.2,19.2,0,0,16.8,1,13222,1,13222,13236,22137,6070,22599,15070,10433,15070,7667,9843,1,10210,16551,15869,19908,12634,8292,4760,468,20257,4988,21316,25136,21535,2246,150,22394,1,23:36
2024-25,1642353,Cam Christie,Cam,1610612746,LAC,LA Clippers,0022400611,2025-01-20T00:00:00,LAC vs. CHI,L,1.4,0.0,0.0,0.0,0.0,0.0,0.0,0.0,0.0,0.0,0.0,25.7,25.7,0.0,0.0,0.0,0.0,0.0,0.0,0.0,0.0,51.4,30.9,0,0,25.7,1,13222,1,13222,25858,22635,24836,22635,15070,20945,15070,13505,14344,13505,14058,74,182,19908,16469,12854,8263,8846,20257,17725,23200,515,14153,2246,150,17128,1,1:24
2024-25,1642262,Cody Williams,Cody,1610612762,UTA,Utah Jazz,0022400605,2025-01-20T00:00:00,UTA @ NOP,L,20.383333333333333,1.8,7.1,0.25,0.0,3.5,0.0,0.0,0.0,0.0,1.8,3.5,5.3,3.5,3.5,1.8,0.0,1.8,5.3,0.0,3.5,17.7,17.0,0,0,15.9,1,13222,1,13222,15731,21806,21484,20233,15070,16585,15070,13505,14344,13505,9364,15132,14043,11296,4945,7379,8263,3987,4023,17725,22762,4684,22507,2246,150,22751,1,20:23
2024-25,1627884,Derrick Jones Jr.,Derrick,1610612746,LAC,LA Clippers,0022400611,2025-01-20T00:00:00,LAC vs. CHI,L,24.783333333333335,7.3,16.0,0.455,0.0,0.0,0.0,2.9,2.9,1.0,5.8,2.9,8.7,0.0,0.0,0.0,0.0,1.5,2.9,2.9,17.4,-23.2,27.9,0,0,26.1,1,13222,1,13222,12187,8308,7140,12676,15070,20945,15070,8081,10221,1,1738,17068,7145,19908,16469,12854,8263,4975,11170,9581,10397,22395,16307,2246,150,16839,1,24:47
2024-25,1628464,Daniel Theis,Daniel,1610612740,NOP,New Orleans Pelicans,0022400605,2025-01-20T00:00:00,NOP vs. UTA,W,37.151666666666664,1.9,3.9,0.5,0.0,1.0,0.0,0.0,0.0,0.0,2.9,4.8,7.8,5.8,2.9,0.0,0.0,1.0,4.8,1.0,3.9,-9.7,19.0,0,0,17.4,1,1,13086,1,1883,21519,24148,8526,15070,20883,15070,13505,14344,13505,5574,11296,8717,5834,6819,12854,8263,8196,4963,17491,22613,17755,21646,2246,150,22107,1,37:09
2024-25,1631204,Marcus Sasser,Marcus,1610612765,DET,Detroit Pistons,0022400600,2025-01-20T00:00:00,DET @ HOU,W,13.3,8.1,18.9,0.429,2.7,8.1,0.333,2.7,5.4,0.5,2.7,5.4,8.1,5.4,0.0,0.0,0.0,2.7,0.0,2.7,21.7,5.4,39.5,0,0,37.9,1,1,13086,1,20597,6363,3801,13735,7516,6239,9209,8567,5296,10625,6085,9750,8052,6604,16469,12854,8263,1732,20257,10302,6500,9880,8062,2246,150,8092,1,13:18
2024-25,1629630,Ja Morant,Ja,1610612763,MEM,Memphis Grizzlies,0022400601,2025-01-20T00:00:00,MEM vs. MIN,W,30.016666666666666,6.0,19.2,0.313,0.0,4.8,0.0,10.8,15.6,0.692,0.0,4.8,4.8,8.4,2.4,1.2,0.0,1.2,2.4,9.6,22.8,18.0,42.3,0,0,38.4,1,1,13086,1,7767,11533,3602,19175,15070,13715,15070,519,307,9414,14058,11445,15311,2514,8667,10177,8263,6265,13214,498,5639,4562,6458,2246,150,7781,1,30:01
2024-25,1631217,Moussa Diabaté,Moussa,1610612766,CHA,Charlotte Hornets,0022400599,2025-01-20T00:00:00,CHA vs. DAL,W,17.95,8.0,12.0,0.667,0.0,0.0,0.0,4.0,4.0,1.0,4.0,0.0,4.0,0.0,0.0,2.0,2.0,2.0,0.0,4.0,20.1,2.0,36.9,0,0,32.1,1,1,13086,1,17593,6587,13530,3281,15070,20945,15070,5678,7820,1,3582,22137,17291,19908,16469,6228,3473,3213,20257,6279,7882,11620,9766,2246,150,12310,1,17:57
2024-25,203991,Clint Capela,Clint,1610612737,ATL,Atlanta Hawks,0022400602,2025-01-20T00:00:00,ATL @ NYK,L,19.566666666666666,9.2,16.6,0.556,0.0,0.0,0.0,3.7,3.7,1.0,12.9,3.7,16.6,0.0,3.7,0.0,3.7,0.0,0.0,3.7,22.1,-31.3,49.3,0,0,46.0,1,13222,1,13222,16360,4358,6358,7248,15070,20945,15070,6327,8524,1,197,14701,1249,19908,4598,12854,1097,8846,20257,7183,6144,23929,3497,2246,150,3818,1,19:34
2024-25,1627777,Georges Niang,Georges,1610612739,CLE,Cleveland Cavaliers,0022400603,2025-01-20T00:00:00,CLE vs. PHX,W,23.233333333333334,4.6,9.3,0.5,3.1,4.6,0.667,0.0,0.0,0.0,0.0,9.3,9.3,1.5,0.0,0.0,0.0,0.0,4.6,0.0,12.4,27.9,25.9,0,0,26.3,1,1,13086,1,13518,15369,18276,8526,6218,14089,1957,13505,14344,13505,14058,3206,6318,17811,16469,12854,8263,8846,5419,17725,15721,2284,17699,2246,150,16678,1,23:14
2024-25,1628991,Jaren Jackson Jr.,Jaren,1610612763,MEM,Memphis Grizzlies,0022400601,2025-01-20T00:00:00,MEM vs. MIN,W,31.988333333333333,10.1,20.3,0.5,0.0,3.4,0.0,6.8,7.9,0.857,2.3,10.1,12.4,0.0,2.3,1.1,2.3,1.1,3.4,6.8,27.0,27.0,49.7,1,0,46.1,1,1,13086,1,5981,3084,2797,8526,15070,16919,15070,2196,2606,7071,7417,2483,3210,19908,9306,10821,2838,6835,9165,1857,3206,2427,3341,1,150,3768,1,31:59
2024-25,1630526,Jeremiah Robinson-Earl,Jeremiah,1610612740,NOP,New Orleans Pelicans,0022400605,2025-01-20T00:00:00,NOP vs. UTA,W,14.961666666666666,0.0,2.4,0.0,0.0,2.4,0.0,0.0,0.0,0.0,0.0,9.6,9.6,2.4,2.4,0.0,2.4,0.0,0.0,0.0,0.0,4.8,20.0,0,0,16.8,1,1,13086,1,19599,22635,24669,22635,15070,18794,15070,13505,14344,13505,14058,2895,5895,14859,8632,12854,2540,8846,20257,17725,23200,10204,21185,2246,150,22367,1,14:58
2024-25,1628964,Mo Bamba,Mo,1610612746,LAC,LA Clippers,0022400611,2025-01-20T00:00:00,LAC vs. CHI,L,15.016666666666667,9.6,16.8,0.571,4.8,9.6,0.5,0.0,0.0,0.0,4.8,12.0,16.8,0.0,0.0,0.0,0.0,2.4,2.4,0.0,24.0,-36.0,44.1,0,0,45.5,1,13222,1,13222,19551,3744,6071,6538,2569,3993,3944,13505,14344,13505,2569,1368,1177,19908,16469,12854,8263,2227,13220,17725,4821,24519,5614,2246,150,4006,1,15:01
2024-25,203897,Zach LaVine,Zach,1610612741,CHI,Chicago Bulls,0022400611,2025-01-20T00:00:00,CHI @ LAC,W,33.95,11.7,22.3,0.524,5.3,12.7,0.417,8.5,10.6,0.8,0.0,3.2,3.2,0.0,1.1,0.0,0.0,1.1,2.1,7.4,37.1,21.2,39.9,0,0,45.6,1,1,13086,1,4306,1745,1692,8439,1947,1415,7826,1191,1151,7681,14058,16157,19288,19908,15422,12854,8263,7393,14517,1375,683,3647,7842,2246,150,3982,1,33:57
2024-25,1641722,Jordan Hawkins,Jordan,1610612740,NOP,New Orleans Pelicans,0022400605,2025-01-20T00:00:00,NOP vs. UTA,W,20.766666666666666,8.7,13.9,0.625,5.2,5.2,1.0,8.7,8.7,1.0,1.7,0.0,1.7,0.0,0.0,3.5,0.0,1.7,1.7,3.5,31.2,12.1,43.7,0,0,45.1,1,1,13086,1,15447,5311,10399,4899,2056,12700,1,1121,2076,1,9464,22137,22259,19908,16469,2282,8263,4070,16425,7751,1731,6739,5815,2246,150,4233,1,20:46
2024-25,1631106,Tari Eason,Tari,1610612745,HOU,Houston Rockets,0022400600,2025-01-20T00:00:00,HOU vs. DET,L,26.6,2.7,9.5,0.286,1.4,2.7,0.5,4.1,5.4,0.75,2.7,2.7,5.4,1.4,4.1,6.8,0.0,2.7,2.7,2.7,10.8,1.4,35.6,0,0,32.5,1,13222,1,13222,10642,20074,17991,19630,12643,18251,3944,5590,5296,8186,6085,17676,13773,18489,3760,336,8263,1732,12015,10302,17332,11932,10666,2246,150,12002,1,26:36
2024-25,1629674,Neemias Queta,Neemias,1610612738,BOS,Boston Celtics,0022400604,2025-01-20T00:00:00,BOS @ GSW,W,6.366666666666666,5.7,11.3,0.5,0.0,0.0,0.0,5.7,11.3,0.5,0.0,0.0,0.0,0.0,0.0,0.0,0.0,0.0,0.0,5.7,17.0,11.3,17.0,0,0,17.0,1,1,13086,1,23428,12542,14808,8526,15070,20945,15070,3247,946,10625,14058,22137,23286,19908,16469,12854,8263,8846,20257,3110,10882,7089,22501,2246,150,22324,1,6:22
2024-25,1630611,Gui Santos,Gui,1610612744,GSW,Golden State Warriors,0022400604,2025-01-20T00:00:00,GSW vs. BOS,L,27.386666666666667,3.9,10.5,0.375,1.3,7.9,0.167,0.0,0.0,0.0,2.6,0.0,2.6,0.0,0.0,1.3,0.0,1.3,2.6,0.0,9.2,-23.7,16.3,0,0,15.8,1,13222,1,13222,10027,17221,16188,16299,12806,6647,14236,13505,14344,13505,6276,22137,20588,19908,16469,9387,8263,5588,12330,17725,18903,22490,22742,2246,150,22795,1,27:23
2024-25,1628988,Aaron Holiday,Aaron,1610612745,HOU,Houston Rockets,0022400600,2025-01-20T00:00:00,HOU vs. DET,L,14.651666666666667,0.0,4.9,0.0,0.0,4.9,0.0,0.0,0.0,0.0,0.0,7.4,7.4,0.0,0.0,2.5,2.5,0.0,2.5,0.0,0.0,7.4,23.6,0,0,17.2,1,13222,1,13222,19791,22635,23522,22635,15070,13403,15070,13505,14344,13505,14058,5725,9435,19908,16469,4517,2459,8846,12958,17725,23200,8952,19209,2246,150,22217,1,14:39
2024-25,1629234,Drew Eubanks,Drew,1610612762,UTA,Utah Jazz,0022400605,2025-01-20T00:00:00,UTA @ NOP,L,19.016666666666666,7.6,11.4,0.667,0.0,0.0,0.0,3.8,5.7,0.667,5.7,9.5,15.1,0.0,1.9,0.0,1.9,1.9,1.9,7.6,18.9,-20.8,40.9,0,0,37.9,1,13222,1,13222,16808,7588,14741,3281,15070,20945,15070,6112,4923,9425,1826,3052,1702,19908,11081,12854,3781,3575,15725,1283,8923,21788,7229,2246,150,8119,1,19:01
2024-25,1629659,Talen Horton-Tucker,Talen,1610612741,CHI,Chicago Bulls,0022400611,2025-01-20T00:00:00,CHI @ LAC,W,22.766666666666666,9.5,23.7,0.4,3.2,9.5,0.333,6.3,6.3,1.0,0.0,1.6,1.6,4.7,3.2,0.0,0.0,1.6,1.6,3.2,28.5,-15.8,34.3,0,0,38.0,1,1,13086,1,13894,3901,1149,14933,6051,4127,9209,2565,4096,1,14058,20716,22467,8072,5940,12854,8263,4485,16929,8692,2608,20198,11580,2246,150,8061,1,22:46
2024-25,1631255,Karlo Matković,Karlo,1610612740,NOP,New Orleans Pelicans,0022400605,2025-01-20T00:00:00,NOP vs. UTA,W,15.366666666666667,2.3,4.7,0.5,0.0,2.3,0.0,0.0,0.0,0.0,2.3,4.7,7.0,4.7,2.3,2.3,2.3,0.0,9.4,2.3,4.7,32.8,31.9,0,0,25.8,1,1,13086,1,19327,20775,23691,8526,15070,18915,15070,13505,14344,13505,7110,11744,10102,8214,8891,4887,2656,8846,849,11573,22195,1644,13430,2246,150,17089,1,15:22
2024-25,201142,Kevin Durant,Kevin,1610612756,PHX,Phoenix Suns,0022400603,2025-01-20T00:00:00,PHX @ CLE,L,31.1,10.4,18.5,0.563,1.2,1.2,1.0,4.6,4.6,1.0,0.0,8.1,8.1,1.2,3.5,0.0,2.3,0.0,2.3,4.6,26.6,-18.5,41.6,0,0,41.7,1,13222,1,13222,6796,2802,4201,7127,13607,20674,1,4627,6610,1,14058,4561,8094,19155,5074,12854,2710,8846,13581,4873,3377,21072,6855,2246,150,5810,1,31:06
2024-25,203486,Mason Plumlee,Mason,1610612756,PHX,Phoenix Suns,0022400603,2025-01-20T00:00:00,PHX @ CLE,L,4.033333333333333,8.9,17.9,0.5,0.0,0.0,0.0,0.0,0.0,0.0,0.0,0.0,0.0,8.9,0.0,0.0,0.0,0.0,0.0,8.9,17.9,0.0,31.2,0,0,26.8,1,13222,1,13222,24464,4839,4847,8526,15070,20945,15070,13505,14344,13505,14058,22137,23286,2075,16469,12854,8263,8846,20257,683,9967,12240,13872,2246,150,16340,1,4:02
2024-25,1641733,Nick Smith Jr.,Nick,1610612766,CHA,Charlotte Hornets,0022400599,2025-01-20T00:00:00,CHA vs. DAL,W,30.2,8.3,15.5,0.538,6.0,9.5,0.625,0.0,0.0,0.0,1.2,2.4,3.6,1.2,2.4,1.2,0.0,0.0,1.2,0.0,22.6,-2.4,29.9,0,0,35.8,1,1,13086,1,7586,5897,7826,7978,1332,4055,2868,13505,14344,13505,11850,18527,18380,19039,8726,10240,8263,8846,18577,17725,5738,14248,14854,2246,150,9540,1,30:12
2024-25,1641709,Ausar Thompson,Ausar,1610612765,DET,Detroit Pistons,0022400600,2025-01-20T00:00:00,DET @ HOU,W,22.58,8.0,19.1,0.417,0.0,1.6,0.0,1.6,3.2,0.5,6.4,8.0,14.3,0.0,4.8,0.0,1.6,0.0,0.0,4.8,17.5,3.2,34.8,0,0,35.1,1,1,13086,1,14058,6685,3637,14532,15070,20174,15070,11610,9540,10625,1435,4736,2076,19908,2611,12854,4572,8846,20257,4542,10283,11024,11236,2246,150,10041,1,22:35
2024-25,1641708,Amen Thompson,Amen,1610612745,HOU,Houston Rockets,0022400600,2025-01-20T00:00:00,HOU vs. DET,L,40.413333333333334,6.2,12.5,0.5,0.0,1.8,0.0,2.7,3.6,0.75,0.9,4.5,5.3,4.5,0.9,2.7,0.0,0.9,5.3,1.8,15.1,-4.5,35.4,0,0,30.3,1,13222,1,13222,470,10874,12775,8526,15070,19945,15070,8635,8763,8186,13931,12394,13926,8758,16366,3966,8263,8700,3937,13996,12765,15305,10828,2246,150,13728,1,40:25
2024-25,1630311,Pat Spencer,Pat,1610612744,GSW,Golden State Warriors,0022400604,2025-01-20T00:00:00,GSW vs. BOS,L,12.0,3.0,18.0,0.167,3.0,9.0,0.333,0.0,0.0,0.0,3.0,3.0,6.0,9.0,3.0,0.0,0.0,3.0,0.0,0.0,9.0,-18.0,26.7,0,0,27.0,1,13222,1,13222,21228,19415,4664,21938,6500,4827,9209,13505,14344,13505,5329,16717,12271,2013,6468,12854,8263,1329,20257,17725,19078,20931,17156,2246,150,16149,1,12:00
2024-25,1630541,Moses Moody,Moses,1610612744,GSW,Golden State Warriors,0022400604,2025-01-20T00:00:00,GSW vs. BOS,L,31.783333333333335,5.7,14.7,0.385,3.4,10.2,0.333,0.0,0.0,0.0,1.1,5.7,6.8,5.7,2.3,1.1,1.1,0.0,1.1,0.0,14.7,-28.3,35.9,0,0,35.1,1,13222,1,13222,6172,12524,9006,16070,5386,3285,9209,13505,14344,13505,12239,9134,10537,6116,9232,10738,6586,8846,18901,17725,13173,23488,10430,2246,150,10019,1,31:47
2024-25,1641842,Ronald Holland II,Ronald,1610612765,DET,Detroit Pistons,0022400600,2025-01-20T00:00:00,DET @ HOU,W,15.618333333333334,2.3,6.9,0.333,2.3,4.6,0.5,0.0,0.0,0.0,0.0,2.3,2.3,4.6,2.3,2.3,0.0,0.0,2.3,4.6,6.9,6.9,21.2,0,0,20.7,1,1,13086,1,19187,20845,21654,17395,8831,14173,3944,13505,14344,13505,14058,18748,21194,8393,9045,5022,8263,8846,13625,4922,20780,9182,20595,2246,150,20440,1,15:37
2024-25,203995,Vasilije Micić,Vasilije,1610612766,CHA,Charlotte Hornets,0022400599,2025-01-20T00:00:00,CHA vs. DAL,W,10.185,0.0,14.1,0.0,0.0,7.1,0.0,0.0,0.0,0.0,3.5,7.1,10.6,10.6,3.5,0.0,0.0,3.5,7.1,3.5,0.0,3.5,25.1,0,0,21.2,1,1,13086,1,22038,22635,9943,22635,15070,8318,15070,13505,14344,13505,4317,6233,4808,1163,4943,12854,8263,890,1929,7574,23200,10880,18216,2246,150,20154,1,10:11
2024-25,1630162,Anthony Edwards,Anthony,1610612750,MIN,Minnesota Timberwolves,0022400601,2025-01-20T00:00:00,MIN @ MEM,L,37.68333333333333,7.6,18.2,0.421,2.9,7.6,0.375,12.4,17.2,0.722,1.0,2.9,3.8,2.9,4.8,0.0,1.0,0.0,1.0,8.6,30.6,-6.7,37.5,0,0,42.0,1,13222,1,13222,1580,7403,4500,14442,7002,7092,8800,305,220,9243,13602,17194,17774,13393,2617,12854,7781,8846,19935,786,1903,16378,9316,2246,150,5623,1,37:41
2024-25,1641718,Keyonte George,Keyonte,1610612762,UTA,Utah Jazz,0022400605,2025-01-20T00:00:00,UTA @ NOP,L,38.25,5.6,18.8,0.3,1.9,10.4,0.182,8.5,9.4,0.9,0.9,2.8,3.8,6.6,0.0,0.9,0.0,0.9,0.9,6.6,21.6,-2.8,38.9,0,0,35.8,1,13222,1,13222,1245,12566,3906,19363,10710,3101,14207,1196,1655,6805,13712,17319,17908,4581,16469,12429,8263,8413,20015,2001,6508,14472,8494,2246,150,9539,1,38:15
2024-25,1630208,Nick Richards,Nick,1610612756,PHX,Phoenix Suns,0022400603,2025-01-20T00:00:00,PHX @ CLE,L,22.016666666666666,3.3,6.5,0.5,0.0,0.0,0.0,0.0,0.0,0.0,0.0,6.5,6.5,1.6,3.3,0.0,3.3,0.0,8.2,1.6,6.5,-42.5,23.4,0,0,21.3,1,13222,1,13222,14487,18828,22068,8526,15070,20945,15070,13505,14344,13505,14058,7223,11086,17550,5597,12854,1418,8846,1286,14502,21024,25021,19322,2246,150,20127,1,22:01
2024-25,203501,Tim Hardaway Jr.,Tim,1610612765,DET,Detroit Pistons,0022400600,2025-01-20T00:00:00,DET @ HOU,W,29.631666666666668,3.6,7.3,0.5,2.4,4.9,0.5,2.4,2.4,1.0,0.0,1.2,1.2,2.4,1.2,1.2,0.0,0.0,1.2,2.4,12.1,18.2,19.7,0,0,20.7,1,1,13086,1,8119,17974,21221,8526,8369,13536,3944,9239,11386,1,14058,21475,22925,14774,14326,10051,8263,8846,18446,11224,15980,4486,21320,2246,150,20480,1,29:38
2024-25,1627759,Jaylen Brown,Jaylen,1610612738,BOS,Boston Celtics,0022400604,2025-01-20T00:00:00,BOS @ GSW,W,28.538333333333334,10.1,17.7,0.571,1.3,3.8,0.333,0.0,0.0,0.0,1.3,3.8,5.0,2.5,2.5,0.0,0.0,1.3,2.5,2.5,21.4,34.1,28.8,0,0,30.3,1,1,13086,1,9081,3123,5059,6538,13031,16034,9209,13505,14344,13505,11407,14377,14688,14465,8147,12854,8263,5867,12700,10903,6697,1495,15670,2246,150,13736,1,28:32
2024-25,1627832,Fred VanVleet,Fred,1610612745,HOU,Houston Rockets,0022400600,2025-01-20T00:00:00,HOU vs. DET,L,38.125,6.6,14.2,0.467,4.7,12.3,0.385,0.9,1.9,0.5,2.8,1.9,4.7,1.9,0.9,5.7,0.0,0.0,2.8,1.9,18.9,-10.4,43.4,0,0,41.5,1,13222,1,13222,1313,9900,9897,12249,2695,1630,8766,13387,13012,10625,5777,20007,15504,16792,16172,581,8263,8846,11499,13561,8959,18064,5913,2246,150,5883,1,38:08
2024-25,1642366,Quinten Post,Quinten,1610612744,GSW,Golden State Warriors,0022400604,2025-01-20T00:00:00,GSW vs. BOS,L,13.75,10.5,20.9,0.5,2.6,10.5,0.25,0.0,0.0,0.0,0.0,2.6,2.6,7.9,2.6,0.0,2.6,0.0,0.0,0.0,23.6,-20.9,43.7,0,0,41.9,1,13222,1,13222,20333,2745,2373,8526,7768,3007,11902,13505,14344,13505,14058,17902,20608,3045,7806,12854,2200,8846,20257,17725,5084,21817,5800,2246,150,5709,1,13:45
2024-25,1630322,Lindy Waters III,Lindy,1610612744,GSW,Golden State Warriors,0022400604,2025-01-20T00:00:00,GSW vs. BOS,L,18.766666666666666,3.8,13.4,0.286,3.8,11.5,0.333,0.0,0.0,0.0,0.0,7.7,7.7,3.8,1.9,1.9,0.0,0.0,7.7,0.0,11.5,-19.2,30.3,0,0,30.7,1,13222,1,13222,16996,17481,11110,19630,4343,2091,9209,13505,14344,13505,14058,5200,8839,10400,10949,6673,8263,8846,1525,17725,16660,21300,14568,2246,150,13402,1,18:46
2024-25,1642271,Kyle Filipowski,Kyle,1610612762,UTA,Utah Jazz,0022400605,2025-01-20T00:00:00,UTA @ NOP,L,38.06666666666667,3.8,12.3,0.308,0.9,5.7,0.167,0.9,1.9,0.5,3.8,12.3,16.1,0.9,0.0,0.0,0.0,1.9,4.7,0.9,9.5,-12.3,30.2,1,0,27.4,1,13222,1,13222,1345,17613,13089,19226,14808,11516,14236,13382,13004,10625,3911,1234,1407,19809,16469,12854,8263,3586,5216,17555,18680,18855,14685,1,150,15852,1,38:04
2024-25,1631218,Trayce Jackson-Davis,Trayce,1610612744,GSW,Golden State Warriors,0022400604,2025-01-20T00:00:00,GSW vs. BOS,L,18.466666666666665,3.9,5.8,0.667,0.0,0.0,0.0,1.9,3.9,0.5,3.9,5.8,9.7,7.8,0.0,0.0,0.0,0.0,0.0,1.9,9.7,-40.9,33.1,0,0,27.3,1,13222,1,13222,17225,17323,22759,3281,15070,20945,15070,10803,8037,10625,3726,8669,5738,3081,16469,12854,8263,8846,20257,13320,18396,24907,12478,2246,150,15951,1,18:28
2024-25,1630552,Jalen Johnson,Jalen,1610612737,ATL,Atlanta Hawks,0022400602,2025-01-20T00:00:00,ATL @ NYK,L,34.916666666666664,4.1,12.4,0.333,0.0,0.0,0.0,3.1,3.1,1.0,1.0,11.3,12.4,4.1,2.1,0.0,1.0,0.0,1.0,3.1,11.3,-13.4,33.4,1,0,29.9,1,13222,1,13222,3527,16789,12940,17395,15070,20945,15070,7562,9739,1,13022,1726,3219,9597,10201,12854,7267,8846,19522,8909,16848,19271,12261,1,150,14028,1,34:55
2024-25,1630530,Trey Murphy III,Trey,1610612740,NOP,New Orleans Pelicans,0022400605,2025-01-20T00:00:00,NOP vs. UTA,W,44.93333333333333,4.8,12.0,0.4,3.2,8.0,0.4,6.4,8.0,0.8,0.0,5.6,5.6,1.6,0.8,1.6,1.6,0.8,3.2,4.0,19.2,-1.6,37.2,0,0,36.1,1,1,13086,1,62,14920,13557,14933,5939,6425,7874,2488,2512,7681,14058,9288,13271,17641,16453,7976,4539,8826,9839,6290,8626,13840,9559,2246,150,9332,1,44:56
2024-25,1628969,Mikal Bridges,Mikal,1610612752,NYK,New York Knicks,0022400602,2025-01-20T00:00:00,NYK vs. ATL,W,27.433333333333334,15.7,22.3,0.706,1.3,2.6,0.5,1.3,1.3,1.0,1.3,0.0,1.3,5.2,6.6,0.0,0.0,0.0,3.9,5.2,34.1,1.3,37.0,0,0,42.0,1,1,13086,1,9990,384,1671,3027,12816,18407,3944,12271,13713,1,11142,22137,22804,6940,1100,12854,8263,8846,7323,3701,1110,11949,9693,2246,150,5654,1,27:26
2024-25,1630188,Jalen Smith,Jalen,1610612741,CHI,Chicago Bulls,0022400611,2025-01-20T00:00:00,CHI @ LAC,W,14.135,2.5,12.7,0.2,0.0,2.5,0.0,5.1,5.1,1.0,2.5,15.3,17.8,2.5,0.0,0.0,2.5,2.5,5.1,2.5,10.2,0.0,43.0,0,0,35.7,1,1,13086,1,20121,20381,12324,21401,15070,18545,15070,3900,5771,1,6481,522,941,14375,16469,12854,2295,1960,4398,10819,17968,12240,6121,2246,150,9619,1,14:08
2024-25,1627780,Gary Payton II,Gary,1610612744,GSW,Golden State Warriors,0022400604,2025-01-20T00:00:00,GSW vs. BOS,L,11.746666666666666,3.1,9.2,0.333,0.0,3.1,0.0,0.0,0.0,0.0,3.1,6.1,9.2,9.2,0.0,3.1,0.0,0.0,0.0,0.0,6.1,-30.6,40.1,0,0,30.6,1,13222,1,13222,21399,19289,18414,17395,15070,17525,15070,13505,14344,13505,5201,8041,6454,1867,16469,3017,8263,8846,20257,17725,21299,23841,7667,2246,150,13443,1,11:45
2024-25,1641744,Zach Edey,Zach,1610612763,MEM,Memphis Grizzlies,0022400601,2025-01-20T00:00:00,MEM vs. MIN,W,18.983333333333334,1.9,3.8,0.5,0.0,0.0,0.0,0.0,0.0,0.0,3.8,9.5,13.3,0.0,0.0,0.0,1.9,0.0,1.9,0.0,3.8,1.9,25.4,0,0,20.9,1,1,13086,1,16837,21590,24191,8526,15070,20945,15070,13505,14344,13505,3896,3035,2623,19908,16469,12854,3774,8846,15694,17725,22654,11686,17991,2246,150,20363,1,18:59
2024-25,1627736,Malik Beasley,Malik,1610612765,DET,Detroit Pistons,0022400600,2025-01-20T00:00:00,DET @ HOU,W,29.766666666666666,6.0,14.5,0.417,3.6,10.9,0.333,4.8,4.8,1.0,0.0,0.0,0.0,1.2,2.4,2.4,0.0,0.0,0.0,2.4,20.6,1.2,27.2,0,0,30.2,1,1,13086,1,7993,11375,9340,14532,4850,2599,9209,4281,6222,1,14058,22137,23286,18989,8576,4635,8263,8846,20257,11271,7439,12007,16814,2246,150,13767,1,29:46
2024-25,1629004,Svi Mykhailiuk,Svi,1610612762,UTA,Utah Jazz,0022400605,2025-01-20T00:00:00,UTA @ NOP,L,26.411666666666665,9.5,19.1,0.5,5.5,13.6,0.4,1.4,1.4,1.0,1.4,4.1,5.5,0.0,1.4,0.0,2.7,0.0,1.4,1.4,25.9,10.9,39.3,0,0,42.3,1,13222,1,13222,10811,3826,3686,8526,1785,1046,7874,12131,13644,1,10913,13451,13667,19908,13496,12854,2043,8846,17777,15608,3732,7277,8231,2246,150,5521,1,26:25
2024-25,1628973,Jalen Brunson,Jalen,1610612752,NYK,New York Knicks,0022400602,2025-01-20T00:00:00,NYK vs. ATL,W,38.833333333333336,11.1,16.7,0.667,2.8,4.6,0.6,6.5,10.2,0.636,0.0,0.9,0.9,5.6,2.8,0.9,0.0,0.9,1.9,7.4,31.5,-3.7,41.0,0,0,42.6,1,1,13086,1,945,2165,6195,3281,7278,14125,2992,2412,1293,10256,14058,22085,23255,6319,7284,12528,8263,8518,15920,1379,1634,14892,7185,2246,150,5336,1,38:50
2024-25,1630568,Luka Garza,Luka,1610612750,MIN,Minnesota Timberwolves,0022400601,2025-01-20T00:00:00,MIN @ MEM,L,3.8666666666666667,0.0,0.0,0.0,0.0,0.0,0.0,0.0,0.0,0.0,0.0,9.3,9.3,0.0,9.3,0.0,0.0,0.0,18.6,9.3,0.0,121.0,1.9,0,0,9.3,1,13222,1,13222,24555,22635,24836,22635,15070,20945,15070,13505,14344,13505,14058,3193,6304,19908,388,12854,8263,8846,140,564,23200,39,25170,2246,150,24555,1,3:52
2024-25,1630214,Xavier Tillman,Xavier,1610612738,BOS,Boston Celtics,0022400604,2025-01-20T00:00:00,BOS @ GSW,W,8.066666666666666,0.0,4.5,0.0,0.0,4.5,0.0,0.0,0.0,0.0,0.0,4.5,4.5,0.0,0.0,0.0,0.0,0.0,0.0,0.0,0.0,4.5,5.4,0,0,4.5,1,1,13086,1,22791,22635,23827,22635,15070,14539,15070,13505,14344,13505,14058,12356,16135,19908,16469,12854,8263,8846,20257,17725,23200,10402,24976,2246,150,25151,1,8:04
2024-25,203078,Bradley Beal,Bradley,1610612756,PHX,Phoenix Suns,0022400603,2025-01-20T00:00:00,PHX @ CLE,L,24.75,2.9,5.8,0.5,1.5,2.9,0.5,0.0,0.0,0.0,0.0,4.4,4.4,5.8,2.9,0.0,0.0,0.0,1.5,0.0,7.3,-36.4,18.3,0,0,18.9,1,13222,1,13222,12223,19634,22795,8526,12232,17849,3944,13505,14344,13505,14058,12617,16376,5820,6804,12854,8263,8846,17425,17725,20502,24555,21956,2246,150,21426,1,24:45
2024-25,1627741,Buddy Hield,Buddy,1610612744,GSW,Golden State Warriors,0022400604,2025-01-20T00:00:00,GSW vs. BOS,L,22.17,3.2,8.1,0.4,1.6,6.5,0.25,1.6,4.9,0.333,1.6,1.6,3.2,3.2,1.6,0.0,0.0,0.0,0.0,1.6,9.7,-29.2,16.9,0,0,17.9,1,13222,1,13222,14369,18899,20062,14933,11618,9557,11902,11557,6166,13132,9828,20624,19119,12159,12242,12854,8263,8846,20257,14548,18402,23619,22532,2246,150,21928,1,22:10
2024-25,1629645,Kevin Porter Jr.,Kevin,1610612746,LAC,LA Clippers,0022400611,2025-01-20T00:00:00,LAC vs. CHI,L,22.333333333333332,1.6,16.1,0.1,0.0,4.8,0.0,0.0,0.0,0.0,0.0,4.8,4.8,6.4,0.0,1.6,0.0,3.2,1.6,0.0,3.2,1.6,23.5,0,0,17.7,1,13222,1,13222,14245,22014,6943,22561,15070,13608,15070,13505,14344,13505,14058,11315,15207,4786,16469,7941,8263,1130,16826,17725,22881,11827,19239,2246,150,21975,1,22:20
2024-25,203992,Bogdan Bogdanović,Bogdan,1610612737,ATL,Atlanta Hawks,0022400602,2025-01-20T00:00:00,ATL @ NYK,L,14.95,0.0,9.6,0.0,0.0,9.6,0.0,2.4,4.8,0.5,0.0,4.8,4.8,0.0,7.2,0.0,0.0,0.0,9.6,4.8,2.4,-36.1,1.0,0,0,7.2,1,13222,1,13222,19602,22635,17708,22635,15070,3936,15070,9317,6265,10625,14058,11384,15255,19908,802,12854,8263,8846,785,4469,23093,24534,25212,2246,150,24870,1,14:57
2024-25,202699,Tobias Harris,Tobias,1610612765,DET,Detroit Pistons,0022400600,2025-01-20T00:00:00,DET @ HOU,W,33.9,2.1,9.6,0.222,0.0,1.1,0.0,0.0,0.0,0.0,0.0,4.2,4.2,3.2,1.1,3.2,0.0,0.0,2.1,1.1,4.2,14.9,22.6,0,0,18.1,1,1,13086,1,4348,21204,17834,21205,15070,20787,15070,13505,14344,13505,14058,12975,16687,12371,15409,2769,8263,8846,14502,17109,22441,5680,19803,2246,150,21840,1,33:54
2024-25,1631323,Simone Fontecchio,Simone,1610612765,DET,Detroit Pistons,0022400600,2025-01-20T00:00:00,DET @ HOU,W,11.933333333333334,0.0,9.1,0.0,0.0,6.0,0.0,0.0,0.0,0.0,0.0,9.1,9.1,0.0,0.0,0.0,0.0,0.0,3.0,0.0,0.0,-6.0,10.9,0,0,9.1,1,1,13086,1,21316,22635,18641,22635,15070,10608,15070,13505,14344,13505,14058,3459,6662,19908,16469,12854,8263,8846,10634,17725,23200,16078,24265,2246,150,24594,1,11:56
2024-25,1642345,Oso Ighodaro,Oso,1610612756,PHX,Phoenix Suns,0022400603,2025-01-20T00:00:00,PHX @ CLE,L,7.583333333333333,0.0,4.7,0.0,0.0,0.0,0.0,0.0,0.0,0.0,0.0,0.0,0.0,9.5,0.0,4.7,0.0,0.0,4.7,4.7,0.0,14.2,28.5,0,0,19.0,1,13222,1,13222,22957,22635,23641,22635,15070,20945,15070,13505,14344,13505,14058,22137,23286,1705,16469,1050,8263,8846,5183,4617,23200,5908,15885,2246,150,21397,1,7:35
2024-25,1630249,Vít Krejčí,Vít,1610612737,ATL,Atlanta Hawks,0022400602,2025-01-20T00:00:00,ATL @ NYK,L,33.166666666666664,4.3,6.5,0.667,3.3,4.3,0.75,0.0,0.0,0.0,0.0,2.2,2.2,4.3,1.1,1.1,0.0,0.0,0.0,0.0,11.9,-1.1,23.2,0,0,23.9,1,13222,1,13222,5013,16223,22097,3281,5793,14815,1542,13505,14344,13505,14058,19152,21475,9030,15233,11140,8263,8846,20257,17725,16208,13603,19423,2246,150,18410,1,33:10
2024-25,1628415,Dillon Brooks,Dillon,1610612745,HOU,Houston Rockets,0022400600,2025-01-20T00:00:00,HOU vs. DET,L,30.365,2.4,8.3,0.286,1.2,4.7,0.25,0.0,0.0,0.0,0.0,0.0,0.0,0.0,2.4,0.0,0.0,1.2,3.6,0.0,5.9,-19.0,3.6,0,0,7.1,1,13222,1,13222,7453,20721,19796,19630,13444,13861,11902,13505,14344,13505,14058,22137,23286,19908,8765,12854,8263,6367,8576,17725,21440,21230,25105,2246,150,24882,1,30:22
2024-25,1630531,Jaden Springer,Jaden,1610612738,BOS,Boston Celtics,0022400604,2025-01-20T00:00:00,BOS @ GSW,W,6.366666666666666,0.0,5.7,0.0,0.0,0.0,0.0,0.0,0.0,0.0,0.0,0.0,0.0,5.7,0.0,0.0,0.0,0.0,0.0,0.0,0.0,11.3,8.5,0,0,5.7,1,1,13086,1,23428,22635,22940,22635,15070,20945,15070,13505,14344,13505,14058,22137,23286,6133,16469,12854,8263,8846,20257,17725,23200,7089,24636,2246,150,25039,1,6:22
2024-25,1631207,Dalen Terry,Dalen,1610612741,CHI,Chicago Bulls,0022400611,2025-01-20T00:00:00,CHI @ LAC,W,16.483333333333334,0.0,6.6,0.0,0.0,2.2,0.0,2.2,4.4,0.5,6.6,6.6,13.1,4.4,0.0,0.0,2.2,2.2,4.4,2.2,2.2,21.8,31.0,0,0,24.0,1,1,13086,1,18608,22635,22054,22635,15070,19198,15070,10013,7077,10625,1350,7198,2736,8965,16469,12854,2983,2685,6106,12227,23137,3492,14054,2246,150,18312,1,16:29
2024-25,1629660,Ty Jerome,Ty,1610612739,CLE,Cleveland Cavaliers,0022400603,2025-01-20T00:00:00,CLE vs. PHX,W,19.971666666666668,5.4,16.2,0.333,1.8,7.2,0.25,1.8,3.6,0.5,0.0,1.8,1.8,1.8,1.8,1.8,0.0,1.8,3.6,1.8,14.4,28.8,22.9,0,0,23.4,1,1,13086,1,16040,13253,6801,17395,11069,8029,11902,11235,8680,10625,14058,20239,22158,17075,11547,7245,8263,3896,8413,13933,13484,2129,19627,2246,150,18714,1,19:58
2024-25,1630550,JT Thor,JT,1610612739,CLE,Cleveland Cavaliers,0022400603,2025-01-20T00:00:00,CLE vs. PHX,W,6.15,0.0,11.7,0.0,0.0,5.9,0.0,0.0,0.0,0.0,0.0,0.0,0.0,5.9,11.7,0.0,0.0,0.0,11.7,0.0,0.0,-35.1,-2.9,0,0,5.9,1,1,13086,1,23541,22635,14099,22635,15070,11060,15070,13505,14344,13505,14058,22137,23286,5753,217,12854,8263,8846,446,17725,23200,24421,26159,2246,150,25018,1,6:09
2024-25,1630595,Cade Cunningham,Cade,1610612765,DET,Detroit Pistons,0022400600,2025-01-20T00:00:00,DET @ HOU,W,35.78333333333333,12.1,22.1,0.545,3.0,5.0,0.6,5.0,5.0,1.0,0.0,9.1,9.1,7.0,10.1,1.0,1.0,0.0,1.0,4.0,32.2,9.1,49.6,0,0,55.3,1,1,13086,1,2834,1481,1763,7695,6437,13132,2992,3986,5860,1,14058,3453,6655,3963,326,11898,7449,8846,19672,6239,1485,8151,3384,2246,150,1408,1,35:47
2024-25,1631105,Jalen Duren,Jalen,1610612765,DET,Detroit Pistons,0022400600,2025-01-20T00:00:00,DET @ HOU,W,29.986666666666668,9.6,9.6,1.0,0.0,0.0,0.0,0.0,0.0,0.0,7.2,9.6,16.8,3.6,3.6,4.8,2.4,0.0,2.4,1.2,19.2,19.2,62.8,1,0,54.0,1,1,13086,1,7796,3719,17764,1,15070,20945,15070,13505,14344,13505,1061,2913,1170,11083,4774,1024,2555,8846,13204,16405,8644,4200,895,1,150,1615,1,29:59
2024-25,1628998,Cody Martin,Cody,1610612766,CHA,Charlotte Hornets,0022400599,2025-01-20T00:00:00,CHA vs. DAL,W,19.966666666666665,7.2,14.4,0.5,1.8,5.4,0.333,1.8,3.6,0.5,1.8,10.8,12.6,12.6,1.8,1.8,1.8,0.0,1.8,1.8,18.0,19.8,61.1,0,0,52.3,1,1,13086,1,16042,8422,9477,8526,11064,12195,9209,11231,8672,10625,9226,2005,3052,598,11538,7238,4053,8846,16172,13926,9808,4005,1064,2246,150,1972,1,19:58
2024-25,203468,CJ McCollum,CJ,1610612740,NOP,New Orleans Pelicans,0022400605,2025-01-20T00:00:00,NOP vs. UTA,W,43.653333333333336,14.8,25.6,0.581,4.1,9.9,0.417,3.3,3.3,1.0,0.0,6.6,6.6,3.3,1.6,0.0,2.5,0.0,2.5,3.3,37.1,1.6,55.7,0,0,56.1,1,1,13086,1,107,518,716,6484,3730,3612,7826,7111,9313,1,14058,7115,10958,11983,12141,12854,2425,8846,12900,8257,684,11810,1849,2246,150,1295,1,43:39
2024-25,1641757,Jordan Miller,Jordan,1610612746,LAC,LA Clippers,0022400611,2025-01-20T00:00:00,LAC vs. CHI,L,1.4,25.7,25.7,1.0,0.0,0.0,0.0,0.0,0.0,0.0,0.0,0.0,0.0,0.0,0.0,0.0,0.0,0.0,0.0,0.0,51.4,51.4,51.4,0,0,51.4,1,13222,1,13222,25858,58,687,1,15070,20945,15070,13505,14344,13505,14058,22137,23286,19908,16469,12854,8263,8846,20257,17725,145,515,2854,2246,150,2162,1,1:24
2024-25,1628386,Jarrett Allen,Jarrett,1610612739,CLE,Cleveland Cavaliers,0022400603,2025-01-20T00:00:00,CLE vs. PHX,W,22.1,8.1,9.8,0.833,0.0,0.0,0.0,3.3,4.9,0.667,8.1,9.8,17.9,3.3,1.6,0.0,0.0,0.0,1.6,3.3,19.5,21.2,44.3,1,0,40.7,1,1,13086,1,14414,6321,17432,1514,15070,20945,15070,7189,6137,9425,734,2753,927,12123,12219,12854,8263,8846,16782,8385,8320,3654,5515,1,150,6371,1,22:06
2024-25,1630539,Kai Jones,Kai,1610612746,LAC,LA Clippers,0022400611,2025-01-20T00:00:00,LAC vs. CHI,L,1.4,25.7,25.7,1.0,0.0,0.0,0.0,0.0,0.0,0.0,0.0,0.0,0.0,0.0,0.0,0.0,0.0,0.0,0.0,0.0,51.4,51.4,51.4,0,0,51.4,1,13222,1,13222,25858,58,687,1,15070,20945,15070,13505,14344,13505,14058,22137,23286,19908,16469,12854,8263,8846,20257,17725,145,515,2854,2246,150,2162,1,1:24
2024-25,1629655,Daniel Gafford,Daniel,1610612742,DAL,Dallas Mavericks,0022400599,2025-01-20T00:00:00,DAL @ CHA,L,33.61666666666667,12.9,16.1,0.8,0.0,0.0,0.0,7.5,7.5,1.0,8.6,7.5,16.1,3.2,0.0,1.1,7.5,1.1,1.1,4.3,33.2,-3.2,83.0,1,0,69.6,1,13222,1,13222,4618,1087,7033,1688,15070,20945,15070,1669,2915,1,647,5503,1410,12253,16469,11269,170,7300,19266,5634,1285,14682,157,1,150,335,1,33:37
2024-25,1641775,Jordan Walsh,Jordan,1610612738,BOS,Boston Celtics,0022400604,2025-01-20T00:00:00,BOS @ GSW,W,8.066666666666666,8.9,17.9,0.5,8.9,13.4,0.667,0.0,0.0,0.0,0.0,8.9,8.9,0.0,0.0,4.5,0.0,4.5,0.0,0.0,26.8,4.5,50.9,0,0,53.6,1,1,13086,1,22791,4839,4847,8526,306,1136,1957,13505,14344,13505,14058,3586,6849,19908,16469,1249,8263,492,20257,17725,3309,10402,3019,2246,150,1694,1,8:04
2024-25,204001,Kristaps Porziņģis,Kristaps,1610612738,BOS,Boston Celtics,0022400604,2025-01-20T00:00:00,BOS @ GSW,W,22.346666666666668,9.7,20.9,0.462,4.8,11.3,0.429,4.8,4.8,1.0,0.0,11.3,11.3,3.2,0.0,1.6,0.0,0.0,3.2,4.8,29.0,32.2,52.2,0,0,51.6,1,1,13086,1,14242,3641,2376,12428,2511,2274,7394,4289,6230,1,14058,1763,4166,12223,16469,7945,8263,8846,9771,4428,2427,1707,2667,2246,150,2132,1,22:21
2024-25,1641738,Kobe Brown,Kobe,1610612746,LAC,LA Clippers,0022400611,2025-01-20T00:00:00,LAC vs. CHI,L,10.933333333333334,6.6,13.2,0.5,3.3,9.9,0.333,0.0,0.0,0.0,3.3,6.6,9.9,13.2,0.0,0.0,0.0,0.0,6.6,0.0,16.5,16.5,48.1,0,0,42.8,1,13222,1,13222,21736,9969,11539,8526,5690,3632,9209,13505,14344,13505,4760,7130,5565,498,16469,12854,8263,8846,2330,17725,11426,5085,3949,2246,150,5248,1,10:56
2024-25,1631109,Mark Williams,Mark,1610612766,CHA,Charlotte Hornets,0022400599,2025-01-20T00:00:00,CHA vs. DAL,W,29.716666666666665,6.1,17.0,0.357,0.0,0.0,0.0,3.6,4.8,0.75,8.5,7.3,15.7,2.4,3.6,1.2,3.6,2.4,4.8,2.4,15.7,1.2,49.2,1,0,43.6,1,1,13086,1,8027,11347,5848,17140,15070,20945,15070,6420,6206,8186,666,5878,1505,14801,4704,10082,1127,2171,4961,11260,12178,12005,3547,1,150,4871,1,29:43
2024-25,1629636,Darius Garland,Darius,1610612739,CLE,Cleveland Cavaliers,0022400603,2025-01-20T00:00:00,CLE vs. PHX,W,24.745,8.7,18.9,0.462,4.4,7.3,0.6,1.5,2.9,0.5,1.5,1.5,2.9,10.2,2.9,4.4,0.0,0.0,0.0,2.9,23.3,20.4,52.2,0,0,49.5,1,1,13086,1,12233,5221,3830,12428,3294,7882,2992,11897,10208,10625,10518,20979,19968,1347,6803,1327,8263,8846,20257,9562,5313,3847,2658,2246,150,2681,1,24:45
2024-25,1628369,Jayson Tatum,Jayson,1610612738,BOS,Boston Celtics,0022400604,2025-01-20T00:00:00,BOS @ GSW,W,28.438333333333333,11.4,25.3,0.45,3.8,12.7,0.3,1.3,1.3,1.0,0.0,11.4,11.4,8.9,3.8,2.5,0.0,0.0,1.3,0.0,27.8,35.4,58.6,0,0,57.0,1,1,13086,1,9182,1943,765,12982,4447,1447,11319,12399,13789,1,14058,1699,4057,2128,4327,4300,8263,8846,18189,17725,2838,1349,1394,2246,150,1166,1,28:26
2024-25,1627814,Damion Lee,Damion,1610612756,PHX,Phoenix Suns,0022400603,2025-01-20T00:00:00,PHX @ CLE,L,7.583333333333333,14.2,23.7,0.6,4.7,4.7,1.0,9.5,9.5,1.0,0.0,9.5,9.5,4.7,4.7,0.0,0.0,0.0,0.0,4.7,42.7,14.2,56.5,0,0,61.7,1,13222,1,13222,22957,635,1137,5394,2646,13844,1,839,1598,1,14058,3016,6072,8057,2659,12854,8263,8846,20257,4617,327,5908,1730,2246,150,671,1,7:35
2024-25,1628378,Donovan Mitchell,Donovan,1610612739,CLE,Cleveland Cavaliers,0022400603,2025-01-20T00:00:00,CLE vs. PHX,W,29.55,13.4,30.5,0.44,4.9,11.0,0.444,8.5,8.5,1.0,3.7,2.4,6.1,6.1,0.0,1.2,0.0,1.2,2.4,8.5,40.2,34.1,60.3,0,0,59.7,1,1,13086,1,8180,873,252,13537,2452,2529,7211,1171,2171,1,4116,18369,12068,5334,16469,10028,8263,6138,13047,817,435,1487,1155,2246,150,854,1,29:33
2024-25,1626166,Cameron Payne,Cameron,1610612752,NYK,New York Knicks,0022400602,2025-01-20T00:00:00,NYK vs. ATL,W,11.983333333333333,9.0,24.0,0.375,9.0,18.0,0.5,3.0,3.0,1.0,0.0,3.0,3.0,6.0,0.0,6.0,0.0,0.0,6.0,3.0,30.0,45.1,60.7,0,0,60.1,1,1,13086,1,21299,4680,1045,16299,296,329,3944,7790,9964,1,14058,16702,19715,5471,16469,463,8263,8846,2928,9223,2071,702,1112,2246,150,822,1,11:59
2024-25,201939,Stephen Curry,Stephen,1610612744,GSW,Golden State Warriors,0022400604,2025-01-20T00:00:00,GSW vs. BOS,L,27.44,7.9,21.0,0.375,5.2,15.7,0.333,2.6,2.6,1.0,0.0,3.9,3.9,5.2,3.9,2.6,0.0,2.6,3.9,2.6,23.6,-19.7,40.1,0,0,43.3,1,13222,1,13222,9986,6909,2341,16299,2003,560,9209,8750,10922,1,14058,13927,17479,6946,4006,4089,8263,1846,7328,10573,5043,21463,7670,2246,150,5002,1,27:26
2024-25,1642281,Jaylon Tyson,Jaylon,1610612739,CLE,Cleveland Cavaliers,0022400603,2025-01-20T00:00:00,CLE vs. PHX,W,15.366666666666667,7.0,9.4,0.75,4.7,7.0,0.667,4.7,4.7,1.0,2.3,9.4,11.7,4.7,0.0,2.3,0.0,0.0,2.3,4.7,23.4,0.0,51.5,0,0,49.2,1,1,13086,1,19327,8861,18162,2107,2749,8406,1957,4535,6503,1,7110,3135,3743,8214,16469,4887,8263,8846,13468,4743,5179,12240,2829,2246,150,2766,1,15:22
2024-25,1628436,Luke Kornet,Luke,1610612738,BOS,Boston Celtics,0022400604,2025-01-20T00:00:00,BOS @ GSW,W,12.0,12.0,12.0,1.0,0.0,0.0,0.0,0.0,0.0,0.0,9.0,12.0,21.0,6.0,3.0,0.0,6.0,0.0,0.0,0.0,24.0,48.0,73.2,0,0,63.0,1,1,13086,1,21228,1516,13575,1,15070,20945,15070,13505,14344,13505,553,1347,418,5485,6468,12854,310,8846,20257,17725,4793,604,337,2246,150,577,1,12:00
2024-25,202681,Kyrie Irving,Kyrie,1610612742,DAL,Dallas Mavericks,0022400599,2025-01-20T00:00:00,DAL @ CHA,L,40.568333333333335,9.8,21.3,0.458,2.7,7.1,0.375,7.1,8.0,0.889,2.7,0.9,3.5,2.7,3.5,2.7,0.0,1.8,0.0,3.5,29.3,-4.4,42.0,0,0,43.5,1,13222,1,13222,441,3521,2158,12650,7644,8257,8800,1941,2528,6857,6202,22111,18448,14012,4913,3993,8263,3967,20257,7530,2352,15293,6637,2246,150,4921,1,40:34
2024-25,1629027,Trae Young,Trae,1610612737,ATL,Atlanta Hawks,0022400602,2025-01-20T00:00:00,ATL @ NYK,L,35.35,8.1,22.4,0.364,6.1,12.2,0.5,5.1,6.1,0.833,1.0,2.0,3.1,6.1,9.2,3.1,1.0,1.0,4.1,3.1,27.5,-5.1,43.4,0,0,50.9,1,13222,1,13222,3191,6317,1630,16861,1225,1661,3944,3901,4339,7275,13107,19545,19573,5315,404,3042,7360,7748,6930,9055,2979,15644,5940,2246,150,2285,1,35:21
2024-25,1630202,Payton Pritchard,Payton,1610612738,BOS,Boston Celtics,0022400604,2025-01-20T00:00:00,BOS @ GSW,W,21.8,8.3,16.5,0.5,3.3,9.9,0.333,3.3,3.3,1.0,1.7,1.7,3.3,14.9,0.0,1.7,1.7,1.7,1.7,5.0,23.1,39.6,59.3,0,0,51.2,1,1,13086,1,14669,6072,6402,8526,5650,3600,9209,7100,9298,1,9741,20562,18982,303,16469,7805,4412,4286,16703,4198,5402,1002,1285,2246,150,2235,1,21:48
2024-25,1627749,Dejounte Murray,Dejounte,1610612740,NOP,New Orleans Pelicans,0022400605,2025-01-20T00:00:00,NOP vs. UTA,W,44.93333333333333,6.4,19.2,0.333,1.6,6.4,0.25,6.4,6.4,1.0,0.0,7.2,7.2,8.8,2.4,2.4,0.0,0.8,3.2,4.0,20.8,4.8,47.5,1,0,43.3,1,1,13086,1,62,10411,3569,17395,11663,9726,11902,2488,3991,1,14058,5979,9722,2176,8642,4690,8263,8826,9839,6290,7214,10209,4136,1,150,5013,1,44:56
2024-25,1631248,Baylor Scheierman,Baylor,1610612738,BOS,Boston Celtics,0022400604,2025-01-20T00:00:00,BOS @ GSW,W,4.183333333333334,17.2,25.8,0.667,8.6,17.2,0.5,0.0,0.0,0.0,0.0,25.8,25.8,8.6,0.0,8.6,0.0,0.0,0.0,0.0,43.0,8.6,112.7,0,0,103.3,1,1,13086,1,24388,258,677,3281,349,394,3944,13505,14344,13505,14058,73,180,2335,16469,171,8263,8846,20257,17725,313,8360,48,2246,150,52,1,4:11
2024-25,1642384,Isaiah Crawford,Isaiah,1610612758,SAC,Sacramento Kings,0022400598,2025-01-19T00:00:00,SAC vs. WAS,W,2.683333333333333,13.4,26.8,0.5,0.0,0.0,0.0,0.0,0.0,0.0,0.0,26.8,26.8,0.0,0.0,0.0,0.0,0.0,0.0,0.0,26.8,53.7,59.0,0,0,53.7,1,1,13086,1,25134,866,519,8526,15070,20945,15070,13505,14344,13505,14058,61,143,19908,16469,12854,8263,8846,20257,17725,3278,469,1325,2246,150,1676,1,2:41
2024-25,1628371,Jonathan Isaac,Jonathan,1610612753,ORL,Orlando Magic,0022400593,2025-01-19T00:00:00,ORL vs. DEN,L,11.616666666666667,9.3,24.8,0.375,6.2,15.5,0.4,6.2,6.2,1.0,9.3,9.3,18.6,3.1,0.0,0.0,6.2,0.0,9.3,6.2,31.0,-24.8,76.5,0,0,71.3,1,13222,1,13222,21445,4207,877,16299,1165,599,7874,2677,4232,1,504,3206,777,12613,16469,12854,278,8846,874,2394,1777,22761,267,2246,150,298,1,11:37
2024-25,1626179,Terry Rozier,Terry,1610612748,MIA,Miami Heat,0022400592,2025-01-19T00:00:00,MIA vs. SAS,W,30.866666666666667,8.2,16.3,0.5,4.7,5.8,0.8,2.3,2.3,1.0,0.0,4.7,4.7,5.8,2.3,1.2,0.0,1.2,0.0,1.2,23.3,19.8,38.8,0,0,40.8,1,1,13086,1,6979,6275,6639,8526,2785,11131,1389,9519,11687,1,14058,11812,15657,5792,8932,10457,8263,6510,20257,16568,5262,4007,8517,2246,150,6310,1,30:52
2024-25,1627734,Domantas Sabonis,Domantas,1610612758,SAC,Sacramento Kings,0022400598,2025-01-19T00:00:00,SAC vs. WAS,W,31.616666666666667,13.7,18.2,0.75,2.3,3.4,0.667,3.4,5.7,0.6,4.6,15.9,20.5,4.6,5.7,1.1,0.0,0.0,4.6,3.4,33.0,21.6,62.2,1,0,62.6,1,1,13086,1,6321,810,4442,2107,8938,16835,1957,6865,4900,10343,2867,439,469,8523,1643,10688,8263,8846,5657,7905,1316,3547,952,1,150,603,1,31:37
2024-25,1630703,Scoot Henderson,Scoot,1610612757,POR,Portland Trail Blazers,0022400597,2025-01-19T00:00:00,POR vs. CHI,W,38.333333333333336,7.5,14.1,0.533,2.8,7.5,0.375,5.6,7.5,0.75,1.9,4.7,6.6,7.5,3.8,1.9,0.0,0.0,0.9,5.6,23.5,9.4,44.5,0,0,44.1,1,1,13086,1,1200,7739,10030,8140,7166,7370,8800,3268,2896,8186,8902,11715,11012,3385,4420,6861,8263,8846,20027,3145,5148,7993,5418,2246,150,4625,1,38:20
2024-25,1630178,Tyrese Maxey,Tyrese,1610612755,PHI,Philadelphia 76ers,0022400594,2025-01-19T00:00:00,PHI @ MIL,L,41.43333333333333,12.2,24.3,0.5,5.2,13.0,0.4,2.6,2.6,1.0,0.0,5.2,5.2,6.1,1.7,0.9,0.0,0.0,0.9,2.6,32.1,-4.3,48.4,0,0,50.4,1,13222,1,13222,304,1424,967,8526,2041,1286,7874,8790,10959,1,14058,10254,14246,5347,11789,12760,8263,8846,20202,10620,1498,15245,3851,2246,150,2422,1,41:26
2024-25,1642382,Branden Carlson,Branden,1610612760,OKC,Oklahoma City Thunder,0022400595,2025-01-19T00:00:00,OKC vs. BKN,W,18.426666666666666,5.9,11.7,0.5,3.9,9.8,0.4,0.0,0.0,0.0,0.0,9.8,9.8,3.9,0.0,2.0,2.0,0.0,2.0,0.0,15.6,13.7,44.9,0,0,41.0,1,1,13086,1,17263,11918,14068,8526,4185,3763,7874,13505,14344,13505,14058,2758,5719,10209,16469,6483,3619,8846,15390,17725,12290,6135,5212,2246,150,6181,1,18:26
2024-25,202709,Cory Joseph,Cory,1610612753,ORL,Orlando Magic,0022400593,2025-01-19T00:00:00,ORL vs. DEN,L,2.55,14.1,28.2,0.5,14.1,28.2,0.5,0.0,0.0,0.0,0.0,0.0,0.0,0.0,0.0,0.0,0.0,0.0,14.1,0.0,42.4,28.2,42.4,0,0,56.5,1,13222,1,13222,25194,670,378,8526,89,84,3944,13505,14344,13505,14058,22137,23286,19908,16469,12854,8263,8846,277,17725,341,2220,6453,2246,150,1234,1,2:33
2024-25,1631165,Keon Ellis,Keon,1610612758,SAC,Sacramento Kings,0022400598,2025-01-19T00:00:00,SAC vs. WAS,W,17.683333333333334,12.2,16.3,0.75,12.2,16.3,0.75,0.0,0.0,0.0,0.0,6.1,6.1,2.0,2.0,2.0,0.0,0.0,6.1,0.0,36.6,16.3,51.1,0,0,61.1,1,1,13086,1,17794,1395,6708,2107,127,482,1542,13505,14344,13505,14058,8083,12037,16239,10327,6080,8263,8846,2813,17725,734,5147,2965,2246,150,722,1,17:41
2024-25,1631107,Nikola Jović,Nikola,1610612748,MIA,Miami Heat,0022400592,2025-01-19T00:00:00,MIA vs. SAS,W,23.866666666666667,7.5,12.1,0.625,6.0,9.1,0.667,0.0,0.0,0.0,0.0,3.0,3.0,7.5,3.0,3.0,0.0,0.0,0.0,1.5,21.1,12.1,42.1,0,0,43.7,1,1,13086,1,13016,7661,13474,4899,1282,4739,1957,13505,14344,13505,14058,16655,19676,3343,6407,3113,8263,8846,20257,14971,6985,6767,6572,2246,150,4806,1,23:52
2024-25,1642505,Alex Ducas,Alex,1610612760,OKC,Oklahoma City Thunder,0022400595,2025-01-19T00:00:00,OKC vs. BKN,W,4.85,22.3,22.3,1.0,22.3,22.3,1.0,0.0,0.0,0.0,0.0,7.4,7.4,0.0,7.4,0.0,0.0,0.0,14.8,0.0,66.8,-14.8,68.3,0,0,96.5,1,1,13086,1,24045,100,1686,1,20,164,1,13505,14344,13505,14058,5637,9314,19908,734,12854,8263,8846,251,17725,60,19843,509,2246,150,69,1,4:51
2024-25,1627826,Ivica Zubac,Ivica,1610612746,LAC,LA Clippers,0022400596,2025-01-19T00:00:00,LAC vs. LAL,W,35.483333333333334,9.1,16.2,0.563,0.0,0.0,0.0,3.0,3.0,1.0,8.1,11.2,19.3,3.0,2.0,1.0,3.0,3.0,1.0,3.0,21.3,18.3,59.1,1,0,51.7,1,1,13086,1,3087,4483,6785,7127,15070,20945,15070,7683,9863,1,745,1822,632,12782,10375,11814,1638,1292,19611,9088,6819,4471,1306,1,150,2094,1,35:29
2024-25,1631104,Blake Wesley,Blake,1610612759,SAS,San Antonio Spurs,0022400592,2025-01-19T00:00:00,SAS @ MIA,L,2.35,15.3,15.3,1.0,0.0,0.0,0.0,0.0,0.0,0.0,0.0,15.3,15.3,30.6,30.6,0.0,0.0,0.0,0.0,0.0,30.6,30.6,64.3,0,0,76.6,1,13222,1,13222,25292,443,8085,1,15070,20945,15070,13505,14344,13505,14058,516,1642,18,14,12854,8263,8846,20257,17725,1876,1879,753,2246,150,206,1,2:21
2024-25,203999,Nikola Jokić,Nikola,1610612743,DEN,Denver Nuggets,0022400593,2025-01-19T00:00:00,DEN @ ORL,W,30.116666666666667,8.4,10.8,0.778,0.0,0.0,0.0,7.2,8.4,0.857,1.2,15.5,16.7,12.0,2.4,3.6,3.6,1.2,0.0,6.0,23.9,23.9,81.0,1,1,66.9,1,1,13086,1,7664,5862,15768,1994,15070,20945,15070,1890,2280,7071,11818,485,1197,731,8698,2109,1155,6296,20257,2653,4870,3049,179,1,1,397,1,30:07
2024-25,203897,Zach LaVine,Zach,1610612741,CHI,Chicago Bulls,0022400597,2025-01-19T00:00:00,CHI @ POR,L,38.56666666666667,9.3,19.6,0.476,1.9,6.5,0.286,4.7,4.7,1.0,0.0,3.7,3.7,4.7,3.7,1.9,0.9,1.9,0.9,2.8,25.2,0.0,41.4,0,0,41.1,1,13222,1,13222,1075,4153,3275,12010,10794,9466,11433,4566,6551,1,14058,14516,17978,8269,4475,6935,7933,3680,20056,9961,4118,12240,6962,2246,150,6158,1,38:34
2024-25,1631321,Sidy Cissoko,Sidy,1610612759,SAS,San Antonio Spurs,0022400592,2025-01-19T00:00:00,SAS @ MIA,L,2.35,30.6,30.6,1.0,0.0,0.0,0.0,0.0,0.0,0.0,0.0,15.3,15.3,0.0,0.0,0.0,0.0,0.0,0.0,0.0,61.3,30.6,79.7,0,0,76.6,1,13222,1,13222,25292,28,245,1,15070,20945,15070,13505,14344,13505,14058,516,1642,19908,16469,12854,8263,8846,20257,17725,79,1879,197,2246,150,206,1,2:21
2024-25,1630166,Deni Avdija,Deni,1610612757,POR,Portland Trail Blazers,0022400597,2025-01-19T00:00:00,POR vs. CHI,W,35.21666666666667,9.2,16.4,0.563,1.0,4.1,0.25,1.0,1.0,1.0,2.0,10.2,12.3,3.1,4.1,3.1,0.0,0.0,2.0,1.0,20.4,8.2,44.9,1,0,42.9,1,1,13086,1,3299,4357,6610,7127,14408,15378,11902,13162,14182,1,8185,2407,3294,12701,3696,3008,8263,8846,14899,17306,7552,8542,5233,1,150,5181,1,35:13
2024-25,1642353,Cam Christie,Cam,1610612746,LAC,LA Clippers,0022400596,2025-01-19T00:00:00,LAC vs. LAL,W,0.45,0.0,0.0,0.0,0.0,0.0,0.0,80.0,160.0,0.5,0.0,0.0,0.0,0.0,0.0,0.0,0.0,0.0,0.0,80.0,80.0,-80.0,80.0,0,0,80.0,1,1,13086,1,26214,22635,24836,22635,15070,20945,15070,3,3,10625,14058,22137,23286,19908,16469,12854,8263,8846,20257,2,32,26000,192,2246,150,157,1,0:27
2024-25,202685,Jonas Valančiūnas,Jonas,1610612764,WAS,Washington Wizards,0022400598,2025-01-19T00:00:00,WAS @ SAC,L,22.85,14.2,17.3,0.818,0.0,0.0,0.0,7.9,9.5,0.833,1.6,17.3,18.9,4.7,1.6,1.6,0.0,0.0,3.2,4.7,36.2,-11.0,69.2,1,0,63.0,1,13222,1,13222,13831,654,5418,1653,15070,20945,15070,1467,1636,7275,10021,314,717,8119,12439,8083,8263,8846,10078,4670,789,18334,468,1,150,575,1,22:51
2024-25,2544,LeBron James,LeBron,1610612747,LAL,Los Angeles Lakers,0022400596,2025-01-19T00:00:00,LAL @ LAC,L,35.05,9.2,20.5,0.45,2.1,6.2,0.333,5.1,6.2,0.833,2.1,3.1,5.1,11.3,5.1,3.1,1.0,1.0,3.1,3.1,25.7,-3.1,56.0,1,0,52.4,1,13222,1,13222,3418,4290,2614,12982,9899,10287,9209,3843,4270,7275,8146,16458,14431,900,2192,2973,7292,7691,10343,8954,3840,14615,1812,1,150,1951,1,35:03
2024-25,1628983,Shai Gilgeous-Alexander,Shai,1610612760,OKC,Oklahoma City Thunder,0022400595,2025-01-19T00:00:00,OKC vs. BKN,W,28.883333333333333,10.0,17.4,0.571,1.2,5.0,0.25,12.5,12.5,1.0,1.2,2.5,3.7,12.5,2.5,5.0,1.2,1.2,1.2,8.7,33.7,33.7,73.0,1,0,63.6,1,1,13086,1,8775,3252,5302,6538,13117,13233,11902,299,669,1,11498,18200,17962,624,8272,908,5911,5950,18291,744,1191,1553,344,1,150,543,1,28:53
2024-25,203507,Giannis Antetokounmpo,Giannis,1610612749,MIL,Milwaukee Bucks,0022400594,2025-01-19T00:00:00,MIL vs. PHI,W,36.233333333333334,12.9,16.9,0.765,0.0,0.0,0.0,7.9,13.9,0.571,3.0,11.9,14.9,6.0,0.0,0.0,0.0,0.0,2.0,10.9,33.8,24.8,60.6,1,0,54.6,1,1,13086,1,2511,1064,5924,2095,15070,20945,15070,1435,458,10536,5393,1407,1816,5572,16469,12854,8263,8846,15225,284,1168,2853,1120,1,150,1518,1,36:14
2024-25,1630198,Isaiah Joe,Isaiah,1610612760,OKC,Oklahoma City Thunder,0022400595,2025-01-19T00:00:00,OKC vs. BKN,W,22.091666666666665,13.0,16.3,0.8,13.0,16.3,0.8,0.0,0.0,0.0,0.0,1.6,1.6,1.6,0.0,0.0,0.0,0.0,8.1,0.0,39.1,40.7,43.5,0,0,55.4,1,1,13086,1,14425,1022,6695,1688,108,480,1389,13505,14344,13505,14058,20610,22399,17577,16469,12854,8263,8846,1306,17725,508,938,5883,2246,150,1394,1,22:06
2024-25,1641736,Reece Beekman,Reece,1610612751,BKN,Brooklyn Nets,0022400595,2025-01-19T00:00:00,BKN @ OKC,L,4.85,7.4,7.4,1.0,0.0,0.0,0.0,7.4,14.8,0.5,0.0,0.0,0.0,14.8,0.0,7.4,0.0,0.0,0.0,14.8,22.3,14.8,66.8,0,0,52.0,1,13222,1,13222,24045,7948,21036,1,15070,20945,15070,1716,365,10625,14058,22137,23286,307,16469,254,8263,8846,20257,106,6019,5688,579,2246,150,2049,1,4:51
2024-25,1630288,Jeff Dowtin Jr.,Jeff,1610612755,PHI,Philadelphia 76ers,0022400594,2025-01-19T00:00:00,PHI @ MIL,L,19.43,1.9,11.1,0.167,0.0,3.7,0.0,5.6,7.4,0.75,1.9,5.6,7.4,9.3,0.0,0.0,1.9,0.0,3.7,5.6,9.3,-9.3,37.6,0,0,29.6,1,13222,1,13222,16479,21658,15163,21938,15070,16203,15070,3356,2988,8186,9033,9395,9352,1830,16469,12854,3920,8846,8062,3253,18848,17558,9278,2246,150,14210,1,19:26
2024-25,1641730,Noah Clowney,Noah,1610612751,BKN,Brooklyn Nets,0022400595,2025-01-19T00:00:00,BKN @ OKC,L,28.266666666666666,2.5,10.2,0.25,2.5,10.2,0.25,3.8,5.1,0.75,1.3,3.8,5.1,0.0,0.0,1.3,1.3,1.3,2.5,2.5,11.5,-22.9,25.2,0,0,24.2,1,13222,1,13222,9325,20373,16746,20233,7980,3286,11902,6040,5766,8186,11337,14263,14535,19908,16469,9623,5773,5791,12609,10811,16721,22313,18136,2246,150,18209,1,28:16
2024-25,1630581,Josh Giddey,Josh,1610612741,CHI,Chicago Bulls,0022400597,2025-01-19T00:00:00,CHI @ POR,L,29.333333333333332,0.0,2.5,0.0,0.0,1.2,0.0,0.0,0.0,0.0,2.5,1.2,3.7,4.9,2.5,1.2,1.2,0.0,3.7,0.0,0.0,-18.4,16.7,0,0,13.5,1,13222,1,13222,8364,22635,24655,22635,15070,20587,15070,13505,14344,13505,6767,21450,18118,7667,8432,9961,6008,8846,8160,17725,23200,21045,22597,2246,150,23554,1,29:20
2024-25,1641787,Tosan Evbuomwan,Tosan,1610612751,BKN,Brooklyn Nets,0022400595,2025-01-19T00:00:00,BKN @ OKC,L,20.733333333333334,6.9,12.2,0.571,1.7,5.2,0.333,0.0,1.7,0.0,0.0,6.9,6.9,3.5,3.5,0.0,1.7,1.7,3.5,1.7,15.6,-15.6,30.9,0,0,31.3,1,13222,1,13222,15468,9056,13323,6538,11294,12683,9209,13505,13263,13505,14058,6456,10249,11480,5074,12854,4207,4060,8827,14162,12293,20130,14124,2246,150,12963,1,20:44
2024-25,1630170,Devin Vassell,Devin,1610612759,SAS,San Antonio Spurs,0022400592,2025-01-19T00:00:00,SAS @ MIA,L,34.6,8.3,20.8,0.4,4.2,10.4,0.4,3.1,3.1,1.0,0.0,3.1,3.1,2.1,1.0,1.0,2.1,2.1,2.1,2.1,23.9,-27.1,39.1,0,0,39.5,1,13222,1,13222,3784,5936,2452,14933,3647,3062,7874,7489,9665,1,14058,16352,19430,16061,15555,11579,3252,2969,14694,12699,4849,23252,8318,2246,150,7044,1,34:36
2024-25,1641748,Andre Jackson Jr.,Andre,1610612749,MIL,Milwaukee Bucks,0022400594,2025-01-19T00:00:00,MIL vs. PHI,W,19.7,7.3,9.1,0.8,1.8,3.7,0.5,0.0,0.0,0.0,0.0,5.5,5.5,3.7,0.0,1.8,0.0,0.0,3.7,0.0,16.4,5.5,34.0,0,0,31.1,1,1,13086,1,16262,8205,18499,1688,10957,16316,3944,13505,14344,13505,14058,9576,13581,10921,16469,7123,8263,8846,8244,17725,11448,9854,11824,2246,150,13106,1,19:42
2024-25,1627936,Alex Caruso,Alex,1610612760,OKC,Oklahoma City Thunder,0022400595,2025-01-19T00:00:00,OKC vs. BKN,W,19.166666666666668,5.6,11.3,0.5,0.0,1.9,0.0,0.0,0.0,0.0,0.0,5.6,5.6,5.6,0.0,0.0,0.0,0.0,1.9,0.0,11.3,16.9,26.5,0,0,22.5,1,1,13086,1,16703,12600,14892,8526,15070,19776,15070,13505,14344,13505,14058,9207,13196,6177,16469,12854,8263,8846,15794,17725,16924,4940,17302,2246,150,19332,1,19:10
2024-25,1631124,Julian Strawther,Julian,1610612743,DEN,Denver Nuggets,0022400593,2025-01-19T00:00:00,DEN @ ORL,W,25.916666666666668,2.8,11.1,0.25,1.4,5.6,0.25,2.8,2.8,1.0,1.4,2.8,4.2,1.4,1.4,2.8,0.0,2.8,5.6,1.4,9.7,-5.6,23.8,0,0,22.2,1,1,13086,1,11230,19924,15173,20233,12487,11827,11902,8393,10540,1,10796,17469,16891,18377,13341,3736,8263,1629,3621,15500,18427,15858,19124,2246,150,19538,1,25:55
2024-25,1630175,Cole Anthony,Cole,1610612753,ORL,Orlando Magic,0022400593,2025-01-19T00:00:00,ORL vs. DEN,L,28.583333333333332,5.0,16.4,0.308,1.3,3.8,0.333,0.0,0.0,0.0,2.5,5.0,7.6,6.3,0.0,2.5,0.0,1.3,5.0,1.3,11.3,-16.4,37.4,0,0,31.5,1,13222,1,13222,9046,14276,6580,19226,13037,16042,9209,13505,14344,13505,6551,10765,9056,5018,16469,4329,8263,5872,4527,16086,16851,20404,9404,2246,150,12781,1,28:35
2024-25,1641739,Toumani Camara,Toumani,1610612757,POR,Portland Trail Blazers,0022400597,2025-01-19T00:00:00,POR vs. CHI,W,28.816666666666666,0.0,3.7,0.0,0.0,2.5,0.0,0.0,0.0,0.0,1.2,6.2,7.5,2.5,3.7,1.2,1.2,0.0,3.7,2.5,0.0,3.7,16.5,0,0,15.0,1,1,13086,1,8827,22635,24209,22635,15070,18622,15070,13505,14344,13505,11484,7796,9180,14548,4441,9805,5900,8846,7919,10993,23200,10781,22673,2246,150,23065,1,28:49
2024-25,1641763,Julian Phillips,Julian,1610612741,CHI,Chicago Bulls,0022400597,2025-01-19T00:00:00,CHI @ POR,L,4.85,7.4,7.4,1.0,0.0,0.0,0.0,0.0,0.0,0.0,7.4,0.0,7.4,0.0,7.4,0.0,0.0,0.0,14.8,0.0,14.8,-52.0,16.3,0,0,22.3,1,13222,1,13222,24045,7948,21036,1,15070,20945,15070,13505,14344,13505,983,22137,9314,19908,734,12854,8263,8846,251,17725,13069,25468,22728,2246,150,19506,1,4:51
2024-25,203114,Khris Middleton,Khris,1610612749,MIL,Milwaukee Bucks,0022400594,2025-01-19T00:00:00,MIL vs. PHI,W,24.683333333333334,7.3,14.6,0.5,1.5,5.8,0.25,2.9,2.9,1.0,0.0,7.3,7.3,11.7,1.5,0.0,0.0,0.0,0.0,1.5,19.0,11.7,43.8,0,0,39.4,1,1,13086,1,12289,8239,9229,8526,12219,11125,11902,8044,10187,1,14058,5840,9585,795,12964,12854,8263,8846,20257,15196,8896,6944,5785,2246,150,7145,1,24:41
2024-25,1630592,Jalen Wilson,Jalen,1610612751,BKN,Brooklyn Nets,0022400595,2025-01-19T00:00:00,BKN @ OKC,L,24.2,4.5,19.3,0.231,3.0,10.4,0.286,0.0,0.0,0.0,0.0,4.5,4.5,3.0,0.0,0.0,0.0,1.5,0.0,0.0,11.9,-19.3,21.7,0,0,22.3,1,13222,1,13222,12726,15878,3467,21157,6608,3054,11433,13505,14344,13505,14058,12356,16135,13013,16469,12854,8263,4819,20257,17725,16240,21353,20307,2246,150,19478,1,24:12
2024-25,201935,James Harden,James,1610612746,LAC,LA Clippers,0022400596,2025-01-19T00:00:00,LAC vs. LAL,W,39.78333333333333,6.3,17.2,0.368,3.6,8.1,0.444,2.7,2.7,1.0,0.9,2.7,3.6,10.9,4.5,0.9,0.0,0.9,3.6,2.7,19.0,11.8,37.8,1,0,38.9,1,1,13086,1,623,10601,5582,16823,4874,6193,7211,8540,10708,1,13888,17655,18276,1048,2961,12647,8263,8635,8365,10278,8856,6902,9143,1,150,7448,1,39:47
2024-25,1642264,Stephon Castle,Stephon,1610612759,SAS,San Antonio Spurs,0022400592,2025-01-19T00:00:00,SAS @ MIA,L,27.233333333333334,5.3,10.6,0.5,1.3,1.3,1.0,2.6,2.6,1.0,5.3,0.0,5.3,1.3,5.3,0.0,0.0,1.3,1.3,1.3,14.5,-17.2,17.6,0,0,22.5,1,13222,1,13222,10157,13571,16101,8526,12770,20478,1,8705,10876,1,2106,22137,14076,18584,2017,12854,8263,5537,17943,15799,13361,20681,22269,2246,150,19381,1,27:14
2024-25,1630572,Sandro Mamukelashvili,Sandro,1610612759,SAS,San Antonio Spurs,0022400592,2025-01-19T00:00:00,SAS @ MIA,L,9.05,4.0,8.0,0.5,4.0,8.0,0.5,4.0,8.0,0.5,4.0,0.0,4.0,8.0,4.0,0.0,0.0,0.0,4.0,4.0,15.9,15.9,28.6,0,0,31.8,1,13222,1,13222,22430,17143,20334,8526,4031,6527,3944,5730,2549,10625,3625,22137,17366,2936,3923,12854,8263,8846,7198,6367,12008,5283,15774,2246,150,12516,1,9:03
2024-25,1630245,Ayo Dosunmu,Ayo,1610612741,CHI,Chicago Bulls,0022400597,2025-01-19T00:00:00,CHI @ POR,L,32.15,4.5,9.0,0.5,1.1,3.4,0.333,3.4,4.5,0.75,0.0,1.1,1.1,4.5,1.1,1.1,0.0,0.0,3.4,2.2,13.4,-12.3,23.7,0,0,22.4,1,13222,1,13222,5846,15843,18784,8526,13841,16953,9209,6981,6878,8186,14058,21710,23054,8707,15008,10867,8263,8846,9220,11987,14583,18866,19135,2246,150,19427,1,32:09
2024-25,1629645,Kevin Porter Jr.,Kevin,1610612746,LAC,LA Clippers,0022400596,2025-01-19T00:00:00,LAC vs. LAL,W,14.85,7.3,14.5,0.5,2.4,4.8,0.5,2.4,4.8,0.5,0.0,0.0,0.0,7.3,0.0,2.4,2.4,0.0,0.0,2.4,19.4,-2.4,44.8,0,0,38.8,1,1,13086,1,19667,8282,9281,8526,8394,13568,3944,9265,6202,10625,14058,22137,23286,3653,16469,4616,2511,8846,20257,11252,8476,14268,5246,2246,150,7527,1,14:51
2024-25,1626168,Trey Lyles,Trey,1610612758,SAC,Sacramento Kings,0022400598,2025-01-19T00:00:00,SAC vs. WAS,W,19.766666666666666,3.6,10.9,0.333,0.0,5.5,0.0,0.0,0.0,0.0,0.0,9.1,9.1,0.0,1.8,1.8,0.0,0.0,3.6,0.0,7.3,7.3,21.9,0,0,20.0,1,1,13086,1,16206,17981,15482,17395,15070,12050,15070,13505,14344,13505,14058,3400,6578,19908,11448,7151,8263,8846,8284,17725,20494,8995,20230,2246,150,20840,1,19:46
2024-25,202695,Kawhi Leonard,Kawhi,1610612746,LAC,LA Clippers,0022400596,2025-01-19T00:00:00,LAC vs. LAL,W,24.283333333333335,13.3,19.3,0.692,1.5,4.4,0.333,0.0,0.0,0.0,0.0,1.5,1.5,5.9,1.5,1.5,0.0,0.0,0.0,1.5,28.2,29.6,41.8,0,0,40.0,1,1,13086,1,12662,889,3530,3171,12108,14573,9209,13505,14344,13505,14058,20906,22587,5625,12832,8484,8263,8846,20257,15072,2725,2012,6724,2246,150,6765,1,24:17
2024-25,1631103,Malaki Branham,Malaki,1610612759,SAS,San Antonio Spurs,0022400592,2025-01-19T00:00:00,SAS @ MIA,L,2.35,0.0,15.3,0.0,0.0,0.0,0.0,0.0,0.0,0.0,0.0,0.0,0.0,0.0,0.0,0.0,0.0,0.0,0.0,0.0,0.0,30.6,0.0,0,0,0.0,1,13222,1,13222,25292,22635,8085,22635,15070,20945,15070,13505,14344,13505,14058,22137,23286,19908,16469,12854,8263,8846,20257,17725,23200,1879,25228,2246,150,25259,1,2:21
2024-25,1631212,Peyton Watson,Peyton,1610612743,DEN,Denver Nuggets,0022400593,2025-01-19T00:00:00,DEN @ ORL,W,11.583333333333334,3.1,6.2,0.5,0.0,0.0,0.0,6.2,6.2,1.0,0.0,6.2,6.2,3.1,3.1,0.0,9.3,0.0,0.0,3.1,12.4,-9.3,49.4,0,0,40.4,1,1,13086,1,21452,19177,22406,8526,15070,20945,15070,2665,4213,1,14058,7863,11788,12583,6097,12854,83,8846,20257,8858,15673,17593,3452,2246,150,6542,1,11:35
2024-25,1629599,Amir Coffey,Amir,1610612746,LAC,LA Clippers,0022400596,2025-01-19T00:00:00,LAC vs. LAL,W,29.083333333333332,3.7,3.7,1.0,0.0,0.0,0.0,0.0,0.0,0.0,0.0,0.0,0.0,1.2,1.2,1.2,0.0,0.0,2.5,1.2,7.4,2.5,11.8,0,0,11.1,1,1,13086,1,8609,17800,24220,1,15070,20945,15070,13505,14344,13505,14058,22137,23286,18889,14176,9883,8263,8846,12891,16192,20383,11386,24074,2246,150,24188,1,29:05
2024-25,1642355,Bronny James,Bronny,1610612747,LAL,Los Angeles Lakers,0022400596,2025-01-19T00:00:00,LAL @ LAC,L,1.6666666666666667,0.0,0.0,0.0,0.0,0.0,0.0,0.0,0.0,0.0,0.0,0.0,0.0,0.0,0.0,0.0,0.0,0.0,0.0,0.0,0.0,21.6,0.0,0,0,0.0,1,13222,1,13222,25675,22635,24836,22635,15070,20945,15070,13505,14344,13505,14058,22137,23286,19908,16469,12854,8263,8846,20257,17725,23200,3553,25228,2246,150,25259,1,1:40
2024-25,1631101,Shaedon Sharpe,Shaedon,1610612757,POR,Portland Trail Blazers,0022400597,2025-01-19T00:00:00,POR vs. CHI,W,33.416666666666664,8.6,19.4,0.444,2.2,7.5,0.286,5.4,6.5,0.833,0.0,4.3,4.3,3.2,3.2,0.0,0.0,3.2,2.2,3.2,24.8,2.2,31.6,0,0,34.5,1,1,13086,1,4795,5403,3426,13045,9426,7293,11433,3543,3919,7275,14058,12769,16508,12190,5726,12854,8263,1123,14328,8451,4322,11536,13634,2246,150,10474,1,33:25
2024-25,1642267,Bub Carrington,Bub,1610612764,WAS,Washington Wizards,0022400598,2025-01-19T00:00:00,WAS @ SAC,L,26.583333333333332,2.7,6.8,0.4,0.0,2.7,0.0,2.7,2.7,1.0,0.0,8.1,8.1,4.1,0.0,0.0,0.0,0.0,0.0,1.4,8.1,-17.6,24.0,0,0,20.3,1,13222,1,13222,10652,20069,21808,14933,15070,18248,15070,8558,10724,1,14058,4524,8048,9771,16469,12854,8263,8846,20257,15651,19814,20811,18973,2246,150,20683,1,26:35
2024-25,1641710,Anthony Black,Anthony,1610612753,ORL,Orlando Magic,0022400593,2025-01-19T00:00:00,ORL vs. DEN,L,28.066666666666666,6.4,12.8,0.5,1.3,3.8,0.333,3.8,5.1,0.75,1.3,0.0,1.3,6.4,2.6,2.6,1.3,0.0,2.6,7.7,18.0,-10.3,38.1,0,0,34.6,1,13222,1,13222,9490,10406,12167,8526,12921,15903,9209,5982,5709,8186,11280,22137,22834,4834,7998,4212,5726,8846,12544,1201,9885,18001,8967,2246,150,10347,1,28:04
2024-25,1630528,Josh Christopher,Josh,1610612748,MIA,Miami Heat,0022400592,2025-01-19T00:00:00,MIA vs. SAS,W,2.35,0.0,30.6,0.0,0.0,0.0,0.0,0.0,0.0,0.0,0.0,0.0,0.0,0.0,0.0,0.0,0.0,0.0,0.0,0.0,0.0,-30.6,0.0,0,0,0.0,1,1,13086,1,25292,22635,245,22635,15070,20945,15070,13505,14344,13505,14058,22137,23286,19908,16469,12854,8263,8846,20257,17725,23200,23836,25228,2246,150,25259,1,2:21
2024-25,203084,Harrison Barnes,Harrison,1610612759,SAS,San Antonio Spurs,0022400592,2025-01-19T00:00:00,SAS @ MIA,L,31.433333333333334,4.6,10.3,0.444,1.1,3.4,0.333,1.1,2.3,0.5,1.1,4.6,5.7,2.3,0.0,0.0,0.0,1.1,0.0,1.1,11.5,-16.0,21.8,0,0,20.6,1,13222,1,13222,6467,15542,16549,13045,13677,16799,9209,12771,11817,10625,12156,12042,12945,15269,16469,12854,8263,6675,20257,16677,16727,20261,20285,2246,150,20513,1,31:26
2024-25,203926,Doug McDermott,Doug,1610612758,SAC,Sacramento Kings,0022400598,2025-01-19T00:00:00,SAC vs. WAS,W,3.3833333333333333,0.0,0.0,0.0,0.0,0.0,0.0,0.0,0.0,0.0,0.0,0.0,0.0,0.0,0.0,0.0,0.0,0.0,0.0,0.0,0.0,21.3,0.0,0,0,0.0,1,1,13086,1,24777,22635,24836,22635,15070,20945,15070,13505,14344,13505,14058,22137,23286,19908,16469,12854,8263,8846,20257,17725,23200,3626,25228,2246,150,25259,1,3:23
2024-25,201942,DeMar DeRozan,DeMar,1610612758,SAC,Sacramento Kings,0022400598,2025-01-19T00:00:00,SAC vs. WAS,W,38.36666666666667,8.4,19.7,0.429,0.0,3.8,0.0,5.6,6.6,0.857,0.9,4.7,5.6,0.9,0.0,1.9,0.9,0.9,2.8,5.6,22.5,17.8,39.1,0,0,34.7,1,1,13086,1,1178,5724,3175,13735,15070,16088,15070,3276,3812,7071,13727,11732,13210,19822,16469,6877,7904,8431,11574,3152,5841,4613,8313,2246,150,10281,1,38:22
2024-25,201566,Russell Westbrook,Russell,1610612743,DEN,Denver Nuggets,0022400593,2025-01-19T00:00:00,DEN @ ORL,W,25.05,7.2,12.9,0.556,1.4,4.3,0.333,1.4,2.9,0.5,1.4,5.7,7.2,8.6,7.2,0.0,0.0,0.0,1.4,1.4,17.2,12.9,31.6,0,0,34.5,1,1,13086,1,11963,8493,11979,7248,12308,14881,9209,11932,10298,10625,10589,8925,9778,2324,822,12854,8263,8846,17486,15293,10579,6425,13598,2246,150,10458,1,25:03
2024-25,1630649,Stanley Umude,Stanley,1610612749,MIL,Milwaukee Bucks,0022400594,2025-01-19T00:00:00,MIL vs. PHI,W,1.5,0.0,24.0,0.0,0.0,24.0,0.0,0.0,0.0,0.0,0.0,0.0,0.0,0.0,0.0,0.0,0.0,0.0,24.0,0.0,0.0,-24.0,0.0,0,0,0.0,1,1,13086,1,25800,22635,1050,22635,15070,118,15070,13505,14344,13505,14058,22137,23286,19908,16469,12854,8263,8846,69,17725,23200,22572,25228,2246,150,25259,1,1:30
2024-25,1631216,Caleb Houstan,Caleb,1610612753,ORL,Orlando Magic,0022400593,2025-01-19T00:00:00,ORL vs. DEN,L,16.0,4.5,6.8,0.667,4.5,6.8,0.667,0.0,0.0,0.0,0.0,0.0,0.0,2.3,0.0,0.0,0.0,0.0,4.5,0.0,13.5,-4.5,16.9,0,0,20.3,1,13222,1,13222,18929,15777,21831,3281,3070,9015,1957,13505,14344,13505,14058,22137,23286,15433,16469,12854,8263,8846,5775,17725,14501,15326,22536,2246,150,20725,1,16:00
2024-25,1631094,Paolo Banchero,Paolo,1610612753,ORL,Orlando Magic,0022400593,2025-01-19T00:00:00,ORL vs. DEN,L,29.283333333333335,4.9,19.7,0.25,0.0,2.5,0.0,2.5,3.7,0.667,3.7,4.9,8.6,6.1,1.2,2.5,1.2,1.2,1.2,3.7,12.3,-4.9,41.7,0,0,34.4,1,13222,1,13222,8415,14641,3209,20233,15070,18701,15070,9174,8502,9425,4056,11117,7301,5251,14236,4512,5997,6064,18383,7160,15833,15538,6784,2246,150,10507,1,29:17
2024-25,1629162,Jordan McLaughlin,Jordan,1610612758,SAC,Sacramento Kings,0022400598,2025-01-19T00:00:00,SAC vs. WAS,W,3.3833333333333333,0.0,0.0,0.0,0.0,0.0,0.0,0.0,0.0,0.0,0.0,0.0,0.0,10.6,0.0,0.0,0.0,0.0,0.0,0.0,0.0,21.3,16.0,0,0,10.6,1,1,13086,1,24777,22635,24836,22635,15070,20945,15070,13505,14344,13505,14058,22137,23286,1143,16469,12854,8263,8846,20257,17725,23200,3626,22875,2246,150,24301,1,3:23
2024-25,1629652,Luguentz Dort,Luguentz,1610612760,OKC,Oklahoma City Thunder,0022400595,2025-01-19T00:00:00,OKC vs. BKN,W,21.313333333333333,0.0,10.1,0.0,0.0,8.4,0.0,0.0,0.0,0.0,0.0,5.1,5.1,5.1,3.4,0.0,0.0,0.0,1.7,0.0,0.0,30.4,10.3,0,0,10.1,1,1,13086,1,15064,22635,16857,22635,15070,5675,15070,13505,14344,13505,14058,10676,14617,7318,5289,12854,8263,8846,16567,17725,23200,1917,24366,2246,150,24398,1,21:19
2024-25,1641816,Hunter Tyson,Hunter,1610612743,DEN,Denver Nuggets,0022400593,2025-01-19T00:00:00,DEN @ ORL,W,2.15,0.0,33.5,0.0,0.0,33.5,0.0,0.0,0.0,0.0,0.0,0.0,0.0,0.0,0.0,0.0,0.0,0.0,0.0,0.0,0.0,-33.5,0.0,0,0,0.0,1,1,13086,1,25393,22635,157,22635,15070,35,15070,13505,14344,13505,14058,22137,23286,19908,16469,12854,8263,8846,20257,17725,23200,24229,25228,2246,150,25259,1,2:09
2024-25,1641753,Chris Livingston,Chris,1610612749,MIL,Milwaukee Bucks,0022400594,2025-01-19T00:00:00,MIL vs. PHI,W,1.5,0.0,0.0,0.0,0.0,0.0,0.0,0.0,0.0,0.0,0.0,0.0,0.0,0.0,24.0,0.0,0.0,0.0,0.0,0.0,0.0,-24.0,-24.0,0,0,0.0,1,1,13086,1,25800,22635,24836,22635,15070,20945,15070,13505,14344,13505,14058,22137,23286,19908,29,12854,8263,8846,20257,17725,23200,22572,26288,2246,150,25259,1,1:30
2024-25,1629659,Talen Horton-Tucker,Talen,1610612741,CHI,Chicago Bulls,0022400597,2025-01-19T00:00:00,CHI @ POR,L,3.6333333333333333,0.0,0.0,0.0,0.0,0.0,0.0,0.0,0.0,0.0,0.0,9.9,9.9,0.0,0.0,0.0,0.0,0.0,9.9,0.0,0.0,-49.5,11.9,0,0,9.9,1,13222,1,13222,24652,22635,24836,22635,15070,20945,15070,13505,14344,13505,14058,2646,5537,19908,16469,12854,8263,8846,722,17725,23200,25382,24039,2246,150,24443,1,3:38
2024-25,1641745,Adam Flagler,Adam,1610612760,OKC,Oklahoma City Thunder,0022400595,2025-01-19T00:00:00,OKC vs. BKN,W,6.933333333333334,0.0,10.4,0.0,0.0,5.2,0.0,0.0,0.0,0.0,5.2,5.2,10.4,0.0,5.2,0.0,0.0,0.0,10.4,0.0,0.0,-5.2,7.3,0,0,10.4,1,1,13086,1,23204,22635,16407,22635,15070,12716,15070,13505,14344,13505,2202,10298,5018,19908,2120,12854,8263,8846,629,17725,23200,15693,24787,2246,150,24355,1,6:56
2024-25,1631128,Christian Braun,Christian,1610612743,DEN,Denver Nuggets,0022400593,2025-01-19T00:00:00,DEN @ ORL,W,35.583333333333336,6.1,10.1,0.6,1.0,3.0,0.333,7.1,7.1,1.0,5.1,6.1,11.1,2.0,1.0,0.0,0.0,0.0,3.0,4.0,20.2,22.3,35.6,1,0,34.4,1,1,13086,1,3006,11315,16879,5394,14475,17581,9209,1959,3289,1,2315,8177,4296,16289,15766,12854,8263,8846,10557,6181,7708,3408,10642,1,150,10527,1,35:35
2024-25,1630215,Jared Butler,Jared,1610612764,WAS,Washington Wizards,0022400598,2025-01-19T00:00:00,WAS @ SAC,L,7.283333333333333,0.0,9.9,0.0,0.0,0.0,0.0,0.0,0.0,0.0,4.9,0.0,4.9,4.9,0.0,0.0,0.0,0.0,0.0,0.0,0.0,-24.7,13.3,0,0,9.9,1,13222,1,13222,23067,22635,17271,22635,15070,20945,15070,13505,14344,13505,2427,22137,14943,7587,16469,12854,8263,8846,20257,17725,23200,22749,23681,2246,150,24448,1,7:17
2024-25,1630557,Corey Kispert,Corey,1610612764,WAS,Washington Wizards,0022400598,2025-01-19T00:00:00,WAS @ SAC,L,23.0,7.8,20.3,0.385,3.1,11.0,0.286,3.1,4.7,0.667,3.1,1.6,4.7,1.6,0.0,1.6,0.0,1.6,1.6,1.6,21.9,-1.6,34.6,0,0,34.4,1,13222,1,13222,13724,7016,2726,16070,6136,2535,11433,7473,6483,9425,5076,20746,15575,17752,16469,8126,8263,4537,16976,14743,6280,13823,11384,2246,150,10502,1,23:00
2024-25,1627827,Dorian Finney-Smith,Dorian,1610612747,LAL,Los Angeles Lakers,0022400596,2025-01-19T00:00:00,LAL @ LAC,L,21.983333333333334,0.0,4.9,0.0,0.0,4.9,0.0,0.0,0.0,0.0,0.0,1.6,1.6,4.9,0.0,1.6,0.0,0.0,3.3,0.0,0.0,-9.8,14.2,0,0,9.8,1,13222,1,13222,14516,22635,23523,22635,15070,13404,15070,13505,14344,13505,14058,20590,22388,7661,16469,7859,8263,8846,9543,17725,23200,17801,23416,2246,150,24465,1,21:59
2024-25,1630625,Dalano Banton,Dalano,1610612757,POR,Portland Trail Blazers,0022400597,2025-01-19T00:00:00,POR vs. CHI,W,9.666666666666666,7.4,22.3,0.333,3.7,7.4,0.5,3.7,7.4,0.5,0.0,3.7,3.7,3.7,0.0,3.7,3.7,11.2,3.7,3.7,22.3,3.7,54.7,0,0,48.4,1,1,13086,1,22227,7887,1653,17395,4637,7500,3944,6234,2957,10625,14058,14551,18004,10722,16469,1937,1069,53,7985,7071,5968,10792,2039,2246,150,3016,1,9:40
2024-25,1641741,Ricky Council IV,Ricky,1610612755,PHI,Philadelphia 76ers,0022400594,2025-01-19T00:00:00,PHI @ MIL,L,29.083333333333332,5.0,11.1,0.444,3.7,6.2,0.6,2.5,2.5,1.0,0.0,5.0,5.0,3.7,1.2,2.5,0.0,0.0,3.7,1.2,16.1,-7.4,33.8,0,0,33.4,1,13222,1,13222,8609,14537,15126,13045,4666,10221,2992,9117,11267,1,14058,11022,14924,10753,14176,4450,8263,8846,8027,16192,11827,16695,11980,2246,150,11300,1,29:05
2024-25,1626156,D'Angelo Russell,D'Angelo,1610612751,BKN,Brooklyn Nets,0022400595,2025-01-19T00:00:00,BKN @ OKC,L,23.65,3.0,9.1,0.333,0.0,3.0,0.0,7.6,7.6,1.0,1.5,4.6,6.1,10.7,4.6,1.5,0.0,0.0,3.0,4.6,13.7,-22.8,37.0,0,0,33.5,1,13222,1,13222,13186,19331,18504,17395,15070,17562,15070,1601,2806,1,10222,12074,12076,1137,2899,8308,8263,8846,10513,5007,14279,22297,9703,2246,150,11249,1,23:39
2024-25,1630598,Aaron Wiggins,Aaron,1610612760,OKC,Oklahoma City Thunder,0022400595,2025-01-19T00:00:00,OKC vs. BKN,W,25.758333333333333,8.4,15.4,0.545,0.0,5.6,0.0,0.0,0.0,0.0,1.4,2.8,4.2,7.0,2.8,0.0,0.0,0.0,0.0,0.0,16.8,11.2,29.5,0,0,28.0,1,1,13086,1,11362,5829,7996,7695,15070,11747,15070,13505,14344,13505,10762,17410,16830,4013,7234,12854,8263,8846,20257,17725,11102,7148,15159,2246,150,15459,1,25:46
2024-25,1641790,PJ Hall,PJ,1610612743,DEN,Denver Nuggets,0022400593,2025-01-19T00:00:00,DEN @ ORL,W,2.15,0.0,0.0,0.0,0.0,0.0,0.0,16.7,33.5,0.5,0.0,16.7,16.7,0.0,0.0,0.0,0.0,0.0,0.0,16.7,16.7,-33.5,36.8,0,0,33.5,1,1,13086,1,25393,22635,24836,22635,15070,20945,15070,120,42,10625,14058,348,1189,19908,16469,12854,8263,8846,20257,71,11125,24229,9810,2246,150,11249,1,2:09
2024-25,1628398,Kyle Kuzma,Kyle,1610612764,WAS,Washington Wizards,0022400598,2025-01-19T00:00:00,WAS @ SAC,L,33.483333333333334,3.2,16.1,0.2,1.1,7.5,0.143,6.5,6.5,1.0,2.2,5.4,7.5,3.2,4.3,1.1,0.0,0.0,0.0,3.2,14.0,-12.9,26.8,0,0,28.0,1,13222,1,13222,4745,18938,6933,21401,14097,7347,14649,2450,3941,1,7754,9841,9123,12209,3326,11232,8263,8846,20257,8475,13958,19091,17105,2246,150,15457,1,33:29
2024-25,201587,Nicolas Batum,Nicolas,1610612746,LAC,LA Clippers,0022400596,2025-01-19T00:00:00,LAC vs. LAL,W,15.5,4.6,7.0,0.667,4.6,4.6,1.0,0.0,0.0,0.0,2.3,4.6,7.0,2.3,0.0,4.6,0.0,2.3,4.6,0.0,13.9,-23.2,39.7,0,0,37.2,1,1,13086,1,19251,15377,21599,3281,2813,14100,1,13505,14344,13505,7173,11868,10201,15148,16469,1123,8263,2385,5424,17725,14006,22390,7947,2246,150,8607,1,15:30
2024-25,1628389,Bam Adebayo,Bam,1610612748,MIA,Miami Heat,0022400592,2025-01-19T00:00:00,MIA vs. SAS,W,25.216666666666665,4.3,12.8,0.333,0.0,2.9,0.0,0.0,0.0,0.0,4.3,11.4,15.7,7.1,4.3,1.4,1.4,0.0,2.9,1.4,8.6,27.1,42.4,0,0,37.1,1,1,13086,1,11820,16364,12133,17395,15070,17948,15070,13505,14344,13505,3190,1689,1519,3836,3356,8765,5122,8846,11384,15333,19455,2406,6425,2246,150,8635,1,25:13
2024-25,1631170,Jaime Jaquez Jr.,Jaime,1610612748,MIA,Miami Heat,0022400592,2025-01-19T00:00:00,MIA vs. SAS,W,21.993333333333332,8.2,11.5,0.714,3.3,3.3,1.0,0.0,0.0,0.0,3.3,6.5,9.8,1.6,1.6,4.9,1.6,1.6,3.3,1.6,19.6,0.0,51.9,0,0,47.5,1,1,13086,1,14510,6240,14559,2752,5747,17127,1,13505,14344,13505,4798,7211,5643,17545,12190,954,4462,4342,9554,14497,8213,12240,2729,2246,150,3320,1,21:60
2024-25,1631172,Ousmane Dieng,Ousmane,1610612760,OKC,Oklahoma City Thunder,0022400595,2025-01-19T00:00:00,OKC vs. BKN,W,20.883333333333333,8.6,13.8,0.625,3.4,6.9,0.5,0.0,0.0,0.0,0.0,5.2,5.2,3.4,1.7,0.0,1.7,0.0,1.7,0.0,20.7,10.3,35.5,0,0,36.2,1,1,13086,1,15366,5400,10508,4899,5264,8683,3944,13505,14344,13505,14058,10352,14339,11562,11824,12854,4239,8846,16450,17725,7327,7541,10717,2246,150,9224,1,20:53
2024-25,1629008,Michael Porter Jr.,Michael,1610612743,DEN,Denver Nuggets,0022400593,2025-01-19T00:00:00,DEN @ ORL,W,27.5,6.5,11.8,0.556,3.9,6.5,0.6,2.6,3.9,0.667,1.3,6.5,7.9,0.0,1.3,0.0,2.6,0.0,2.6,2.6,19.6,14.4,35.6,0,0,36.7,1,1,13086,1,9944,10075,13977,7248,4146,9437,2992,8761,7997,9425,11154,7215,8538,19908,13767,12854,2200,8846,12363,10585,8217,5859,10650,2246,150,8945,1,27:30
2024-25,1641783,Tristan da Silva,Tristan,1610612753,ORL,Orlando Magic,0022400593,2025-01-19T00:00:00,ORL vs. DEN,L,31.016666666666666,5.8,11.6,0.5,2.3,7.0,0.333,0.0,0.0,0.0,0.0,4.6,4.6,2.3,1.2,2.3,0.0,1.2,1.2,1.2,13.9,-8.1,28.8,0,0,27.9,1,13222,1,13222,6865,12105,14292,8526,8772,8532,9209,13505,14344,13505,14058,11877,15722,15151,14723,4955,8263,6550,18760,16595,14017,17027,15654,2246,150,15534,1,31:01
2024-25,1629637,Jaxson Hayes,Jaxson,1610612747,LAL,Los Angeles Lakers,0022400596,2025-01-19T00:00:00,LAL @ LAC,L,12.771666666666667,5.6,5.6,1.0,0.0,0.0,0.0,0.0,0.0,0.0,0.0,5.6,5.6,5.6,0.0,2.8,0.0,0.0,0.0,0.0,11.3,11.3,35.0,0,0,28.2,1,13222,1,13222,20854,12592,22958,1,15070,20945,15070,13505,14344,13505,14058,9200,13186,6172,16469,3643,8263,8846,20257,17725,16918,7107,11088,2246,150,15306,1,12:46
2024-25,1630200,Tre Jones,Tre,1610612759,SAS,San Antonio Spurs,0022400592,2025-01-19T00:00:00,SAS @ MIA,L,16.033333333333335,4.5,9.0,0.5,2.2,4.5,0.5,0.0,0.0,0.0,0.0,4.5,4.5,6.7,2.2,0.0,0.0,0.0,0.0,0.0,11.2,-33.7,24.5,0,0,24.7,1,13222,1,13222,18900,15812,18755,8526,9068,14459,3944,13505,14344,13505,14058,12284,16072,4372,9325,12854,8263,8846,20257,17725,16973,24259,18634,2246,150,17888,1,16:02
2024-25,1626181,Norman Powell,Norman,1610612746,LAC,LA Clippers,0022400596,2025-01-19T00:00:00,LAC vs. LAL,W,37.3,8.7,16.4,0.529,1.9,7.7,0.25,1.9,1.9,1.0,0.0,3.9,3.9,1.0,1.9,2.9,0.0,1.0,0.0,2.9,21.2,20.3,34.1,0,0,33.8,1,1,13086,1,1795,5286,6533,8281,10503,6958,11902,10864,12906,1,14058,14149,17680,19780,10894,3421,8263,8224,20257,9605,6900,3875,11748,2246,150,11010,1,37:18
2024-25,1642259,Alex Sarr,Alex,1610612764,WAS,Washington Wizards,0022400598,2025-01-19T00:00:00,WAS @ SAC,L,21.766666666666666,1.7,13.2,0.125,1.7,8.3,0.2,5.0,6.6,0.75,0.0,11.6,11.6,1.7,3.3,0.0,0.0,0.0,1.7,3.3,9.9,-23.2,23.0,0,0,24.8,1,13222,1,13222,14698,21961,11424,22420,11526,5969,13429,4102,3748,8186,14058,1578,3871,17489,5482,12854,8263,8846,16687,8226,18235,22365,19572,2246,150,17822,1,21:46
2024-25,202710,Jimmy Butler III,Jimmy,1610612748,MIA,Miami Heat,0022400592,2025-01-19T00:00:00,MIA vs. SAS,W,27.773333333333333,3.9,9.1,0.429,0.0,1.3,0.0,2.6,2.6,1.0,0.0,3.9,3.9,9.1,0.0,0.0,2.6,0.0,2.6,1.3,10.4,24.6,36.4,0,0,28.5,1,1,13086,1,9738,17354,18608,13735,15070,20498,15070,8822,10994,1,14058,14062,17597,1962,16469,12854,2227,8846,12454,15924,17791,2892,10075,2246,150,15059,1,27:46
2024-25,1630243,Trevelin Queen,Trevelin,1610612753,ORL,Orlando Magic,0022400593,2025-01-19T00:00:00,ORL vs. DEN,L,23.966666666666665,6.0,16.5,0.364,0.0,7.5,0.0,0.0,0.0,0.0,1.5,0.0,1.5,3.0,3.0,4.5,1.5,3.0,0.0,0.0,12.0,-13.5,33.3,0,0,28.5,1,13222,1,13222,12929,11480,6394,16861,15070,7375,15070,13505,14344,13505,10314,22137,22565,12906,6454,1222,4840,1325,20257,17725,16115,19314,12304,2246,150,15035,1,23:58
2024-25,101108,Chris Paul,Chris,1610612759,SAS,San Antonio Spurs,0022400592,2025-01-19T00:00:00,SAS @ MIA,L,27.866666666666667,3.9,7.8,0.5,3.9,7.8,0.5,1.3,1.3,1.0,0.0,5.2,5.2,11.6,0.0,0.0,1.3,0.0,0.0,1.3,12.9,-10.3,40.4,0,0,36.2,1,13222,1,13222,9653,17392,20594,8526,4251,6898,3944,12322,13742,1,14058,10362,14349,805,16469,12854,5683,8846,20257,15944,15180,18045,7500,2246,150,9243,1,27:52
2024-25,201599,DeAndre Jordan,DeAndre,1610612743,DEN,Denver Nuggets,0022400593,2025-01-19T00:00:00,DEN @ ORL,W,15.733333333333333,4.6,13.7,0.333,0.0,0.0,0.0,0.0,0.0,0.0,4.6,11.4,16.0,0.0,6.9,0.0,0.0,6.9,9.2,0.0,9.2,-11.4,21.5,0,0,25.2,1,1,13086,1,19108,15554,10600,17395,15070,20945,15070,13505,14344,13505,2833,1674,1428,19908,954,12854,8263,162,911,17725,18942,18503,20405,2246,150,17539,1,15:44
2024-25,1626162,Kelly Oubre Jr.,Kelly,1610612755,PHI,Philadelphia 76ers,0022400594,2025-01-19T00:00:00,PHI @ MIL,L,38.71666666666667,6.5,13.0,0.5,1.9,4.6,0.4,2.8,2.8,1.0,0.9,4.6,5.6,2.8,0.0,0.0,0.0,0.9,2.8,2.8,17.7,-19.5,28.5,0,0,27.9,1,13222,1,13222,1003,10171,11824,8526,10832,14086,7874,8366,10509,1,13770,11859,13332,13619,16469,12854,8263,8497,11686,10000,10148,21405,15842,2246,150,15501,1,38:43
2024-25,1631108,Max Christie,Max,1610612747,LAL,Los Angeles Lakers,0022400596,2025-01-19T00:00:00,LAL @ LAC,L,23.35,6.2,10.8,0.571,3.1,6.2,0.5,0.0,0.0,0.0,0.0,1.5,1.5,1.5,1.5,0.0,1.5,1.5,1.5,1.5,15.4,-35.5,22.7,0,0,24.7,1,13222,1,13222,13419,11054,15709,6538,6260,10279,3944,13505,14344,13505,14058,20792,22521,17834,12574,12854,4721,4616,17077,14828,12499,24465,19770,2246,150,17915,1,23:21
2024-25,1628368,De'Aaron Fox,De'Aaron,1610612758,SAC,Sacramento Kings,0022400598,2025-01-19T00:00:00,SAC vs. WAS,W,35.3,4.1,12.2,0.333,0.0,5.1,0.0,4.1,4.1,1.0,0.0,5.1,5.1,13.3,2.0,2.0,1.0,0.0,1.0,2.0,12.2,24.5,45.4,1,0,36.7,1,1,13086,1,3234,16895,13190,17395,15070,12958,15070,5559,7670,1,14058,10574,14521,485,10300,6057,7347,8846,19578,12876,15884,2931,4999,1,150,8906,1,35:18
2024-25,1641705,Victor Wembanyama,Victor,1610612759,SAS,San Antonio Spurs,0022400592,2025-01-19T00:00:00,SAS @ MIA,L,30.133333333333333,9.6,21.5,0.444,3.6,9.6,0.375,2.4,7.2,0.333,1.2,10.8,11.9,3.6,3.6,0.0,1.2,0.0,2.4,6.0,25.1,-11.9,44.8,1,0,46.6,1,13222,1,13222,7648,3796,2027,13045,4957,4024,8800,9370,3200,13132,11830,2042,3540,11131,4809,12854,6211,8846,13270,2660,4173,18716,5275,1,150,3632,1,30:08
2024-25,201569,Eric Gordon,Eric,1610612755,PHI,Philadelphia 76ers,0022400594,2025-01-19T00:00:00,PHI @ MIL,L,30.216666666666665,3.6,9.5,0.375,2.4,7.1,0.333,2.4,4.8,0.5,0.0,1.2,1.2,7.1,0.0,0.0,1.2,0.0,3.6,2.4,11.9,-3.6,27.6,0,0,25.0,1,13222,1,13222,7573,18144,17888,16299,8544,8151,9209,9385,6364,10625,14058,21533,22948,3825,16469,12854,6231,8846,8512,11419,16228,14831,16466,2246,150,17662,1,30:13
2024-25,201572,Brook Lopez,Brook,1610612749,MIL,Milwaukee Bucks,0022400594,2025-01-19T00:00:00,MIL vs. PHI,W,35.68333333333333,4.0,8.1,0.5,2.0,3.0,0.667,2.0,2.0,1.0,1.0,6.1,7.1,3.0,0.0,0.0,2.0,1.0,2.0,1.0,12.1,5.0,31.2,0,0,28.2,1,1,13086,1,2917,17006,20139,8526,10084,17596,1957,10580,12670,1,13189,8221,10033,12840,16469,12854,3430,7840,15043,17365,16029,10086,13925,2246,150,15252,1,35:41
2024-25,1629651,Nic Claxton,Nic,1610612751,BKN,Brooklyn Nets,0022400595,2025-01-19T00:00:00,BKN @ OKC,L,25.066666666666666,7.2,10.1,0.714,0.0,0.0,0.0,1.4,2.9,0.5,2.9,4.3,7.2,0.0,1.4,1.4,0.0,0.0,0.0,5.7,15.8,-30.2,27.3,0,0,25.9,1,13222,1,13222,11944,8507,16952,2752,15070,20945,15070,11936,10303,10625,5660,12772,9782,19908,13071,8716,8263,8846,20257,2976,12118,23765,16754,2246,150,17037,1,25:04
2024-25,1630172,Patrick Williams,Patrick,1610612741,CHI,Chicago Bulls,0022400597,2025-01-19T00:00:00,CHI @ POR,L,25.65,7.0,15.4,0.455,2.8,7.0,0.4,4.2,5.6,0.75,0.0,4.2,4.2,1.4,1.4,1.4,0.0,1.4,2.8,2.8,21.1,-12.6,31.0,0,0,32.3,1,13222,1,13222,11448,8883,7908,12676,7191,8426,7874,5331,5032,8186,14058,13079,16770,18336,13259,8879,8263,5166,11616,9944,7044,18990,14049,2246,150,12150,1,25:39
2024-25,1630551,Justin Champagnie,Justin,1610612764,WAS,Washington Wizards,0022400598,2025-01-19T00:00:00,WAS @ SAC,L,10.433333333333334,3.5,27.6,0.125,3.5,13.8,0.25,10.4,13.8,0.75,0.0,3.5,3.5,3.5,0.0,3.5,0.0,3.5,3.5,10.4,20.7,-31.1,40.4,0,0,38.0,1,13222,1,13222,21947,18424,436,22420,5253,990,11902,599,477,8186,14058,15365,18654,11550,16469,2306,8263,955,8886,353,7314,23895,7530,2246,150,8055,1,10:26
2024-25,1631119,Jaylin Williams,Jaylin,1610612760,OKC,Oklahoma City Thunder,0022400595,2025-01-19T00:00:00,OKC vs. BKN,W,26.62,8.1,12.2,0.667,2.7,4.1,0.667,0.0,0.0,0.0,2.7,8.1,10.8,6.8,1.4,1.4,1.4,1.4,2.7,4.1,18.9,31.1,48.8,0,0,44.6,1,1,13086,1,10632,6378,13302,3281,7527,15460,1957,13505,14344,13505,6092,4544,4576,4337,13558,9178,5435,5391,12025,6150,8921,1821,3690,2246,150,4416,1,26:37
2024-25,203458,Alex Len,Alex,1610612758,SAC,Sacramento Kings,0022400598,2025-01-19T00:00:00,SAC vs. WAS,W,16.383333333333333,2.2,2.2,1.0,2.2,2.2,1.0,2.2,4.4,0.5,6.6,2.2,8.8,4.4,0.0,4.4,0.0,0.0,4.4,4.4,8.8,8.8,39.1,0,0,33.0,1,1,13086,1,18664,21044,24724,1,9248,19173,1,9956,7035,10625,1333,19072,7046,8898,16469,1307,8263,8846,6032,5362,19279,8284,8328,2246,150,11679,1,16:23
2024-25,1629673,Jordan Poole,Jordan,1610612764,WAS,Washington Wizards,0022400598,2025-01-19T00:00:00,WAS @ SAC,L,27.721666666666668,5.2,14.3,0.364,3.9,11.7,0.333,0.0,0.0,0.0,0.0,1.3,1.3,3.9,7.8,1.3,0.0,1.3,3.9,3.9,14.3,-20.8,17.8,0,0,26.0,1,13222,1,13222,9775,13838,9717,16861,4203,1969,9209,13505,14344,13505,14058,21286,22819,10243,634,9462,8263,5662,7459,6573,13628,21774,22181,2246,150,16953,1,27:43
2024-25,1630553,Keon Johnson,Keon,1610612751,BKN,Brooklyn Nets,0022400595,2025-01-19T00:00:00,BKN @ OKC,L,23.25,3.1,13.9,0.222,0.0,6.2,0.0,3.1,3.1,1.0,0.0,1.5,1.5,6.2,0.0,0.0,0.0,1.5,3.1,6.2,9.3,-31.0,20.4,0,0,17.0,1,13222,1,13222,13513,19205,10266,21205,15070,10214,15070,7556,9732,1,14058,20775,22507,5171,16469,12854,8263,4598,10282,2401,18818,23881,20968,2246,150,22293,1,23:15
2024-25,202696,Nikola Vučević,Nikola,1610612741,CHI,Chicago Bulls,0022400597,2025-01-19T00:00:00,CHI @ POR,L,35.083333333333336,6.2,14.4,0.429,1.0,4.1,0.25,4.1,4.1,1.0,2.1,9.2,11.3,7.2,0.0,3.1,1.0,1.0,2.1,3.1,17.4,0.0,54.1,1,0,45.1,1,13222,1,13222,3396,11083,9584,13735,14389,15335,11902,5519,7622,1,8162,3267,4153,3787,16469,2982,7304,7701,14863,8965,10381,12240,2185,1,150,4187,1,35:05
2024-25,1629646,Charles Bassey,Charles,1610612759,SAS,San Antonio Spurs,0022400592,2025-01-19T00:00:00,SAS @ MIA,L,9.45,3.8,7.6,0.5,0.0,0.0,0.0,0.0,0.0,0.0,3.8,11.4,15.2,0.0,3.8,7.6,0.0,0.0,3.8,3.8,7.6,-22.9,45.0,0,0,38.1,1,13222,1,13222,22292,17536,20760,8526,15070,20945,15070,13505,14344,13505,3869,1682,1669,19908,4293,236,8263,8846,7703,6821,20227,22299,5204,2246,150,7964,1,9:27
2024-25,1642261,Dalton Knecht,Dalton,1610612747,LAL,Los Angeles Lakers,0022400596,2025-01-19T00:00:00,LAL @ LAC,L,16.316666666666666,6.6,8.8,0.75,4.4,6.6,0.667,4.4,4.4,1.0,0.0,8.8,8.8,2.2,0.0,0.0,0.0,0.0,6.6,4.4,22.1,6.6,36.0,0,0,37.5,1,13222,1,13222,18711,9882,18976,2107,3213,9274,1957,4968,7009,1,14058,3690,6976,15603,16469,12854,8263,8846,2300,5313,6155,9325,10389,2246,150,8360,1,16:19
2024-25,1629632,Coby White,Coby,1610612741,CHI,Chicago Bulls,0022400597,2025-01-19T00:00:00,CHI @ POR,L,27.366666666666667,5.3,13.2,0.4,1.3,5.3,0.25,0.0,2.6,0.0,0.0,3.9,3.9,0.0,2.6,0.0,0.0,1.3,0.0,3.9,11.8,-10.5,13.9,0,0,17.1,1,13222,1,13222,10046,13636,11569,14933,12802,12562,11902,13505,10898,13505,14058,13884,17450,19908,7763,12854,8263,5575,20257,6453,16305,18116,23514,2246,150,22258,1,27:22
2024-25,1628380,Zach Collins,Zach,1610612759,SAS,San Antonio Spurs,0022400592,2025-01-19T00:00:00,SAS @ MIA,L,7.116666666666666,5.1,5.1,1.0,0.0,0.0,0.0,0.0,0.0,0.0,10.1,5.1,15.2,10.1,0.0,5.1,0.0,0.0,10.1,0.0,10.1,-5.1,58.7,0,0,45.5,1,13222,1,13222,23127,14209,23421,1,15070,20945,15070,13505,14344,13505,392,10700,1695,1376,16469,866,8263,8846,678,17725,18033,15626,1382,2246,150,4011,1,7:07
2024-25,1630192,Zeke Nnaji,Zeke,1610612743,DEN,Denver Nuggets,0022400593,2025-01-19T00:00:00,DEN @ ORL,W,2.15,0.0,0.0,0.0,0.0,0.0,0.0,0.0,0.0,0.0,0.0,16.7,16.7,0.0,0.0,0.0,0.0,0.0,0.0,0.0,0.0,-33.5,20.1,0,0,16.7,1,1,13086,1,25393,22635,24836,22635,15070,20945,15070,13505,14344,13505,14058,348,1189,19908,16469,12854,8263,8846,20257,17725,23200,24229,21116,2246,150,22407,1,2:09
2024-25,1630188,Jalen Smith,Jalen,1610612741,CHI,Chicago Bulls,0022400597,2025-01-19T00:00:00,CHI @ POR,L,12.916666666666666,5.6,13.9,0.4,0.0,5.6,0.0,8.4,8.4,1.0,2.8,5.6,8.4,0.0,5.6,2.8,5.6,0.0,2.8,5.6,19.5,-30.7,49.1,0,0,44.6,1,13222,1,13222,20783,12773,10266,14933,15070,11784,15070,1245,2282,1,5891,9352,7671,19908,1748,3716,382,8846,11692,3225,8363,23843,3611,2246,150,4424,1,12:55
2024-25,1631213,Tyrese Martin,Tyrese,1610612751,BKN,Brooklyn Nets,0022400595,2025-01-19T00:00:00,BKN @ OKC,L,24.35,8.9,17.7,0.5,4.4,10.3,0.429,0.0,0.0,0.0,1.5,7.4,8.9,3.0,1.5,0.0,0.0,0.0,0.0,0.0,22.2,-16.3,35.8,0,0,38.4,1,13222,1,13222,12606,4929,4964,8526,3177,3104,7394,13505,14344,13505,10399,5700,6923,13068,12860,12854,8263,8846,20257,17725,6086,20356,10521,2246,150,7739,1,24:21
2024-25,1641731,Bilal Coulibaly,Bilal,1610612764,WAS,Washington Wizards,0022400598,2025-01-19T00:00:00,WAS @ SAC,L,32.88333333333333,3.3,9.9,0.333,0.0,3.3,0.0,5.5,7.7,0.714,3.3,1.1,4.4,0.0,1.1,0.0,0.0,1.1,3.3,4.4,12.0,-17.5,16.2,0,0,16.4,1,13222,1,13222,5255,18793,17323,17395,15070,17102,15070,3442,2770,9244,4777,21761,16340,19908,15167,12854,8263,7087,9508,5404,16098,20787,22771,2246,150,22545,1,32:53
2024-25,1629028,Deandre Ayton,Deandre,1610612757,POR,Portland Trail Blazers,0022400597,2025-01-19T00:00:00,POR vs. CHI,W,37.166666666666664,6.8,14.5,0.467,0.0,1.0,0.0,1.0,1.9,0.5,4.8,7.7,12.6,1.9,0.0,0.0,1.9,1.0,2.9,1.0,14.5,6.8,38.4,1,0,32.9,1,1,13086,1,1873,9472,9306,12249,15070,20885,15070,13331,12891,10625,2515,5079,3069,16615,16469,12854,3659,8199,11166,17493,13375,9251,8800,1,150,11705,1,37:10
2024-25,1629661,Cameron Johnson,Cameron,1610612751,BKN,Brooklyn Nets,0022400595,2025-01-19T00:00:00,BKN @ OKC,L,24.75,8.7,16.0,0.545,4.4,11.6,0.375,0.0,0.0,0.0,0.0,2.9,2.9,2.9,5.8,0.0,0.0,0.0,1.5,1.5,21.8,-8.7,23.9,0,0,32.0,1,13222,1,13222,12223,5222,7106,7695,3296,2009,8800,13505,14344,13505,14058,17049,19970,13248,1539,12854,8263,8846,17425,15221,6365,17295,19056,2246,150,12387,1,24:45
2024-25,1627884,Derrick Jones Jr.,Derrick,1610612746,LAC,LA Clippers,0022400596,2025-01-19T00:00:00,LAC vs. LAL,W,25.183333333333334,5.7,12.9,0.444,1.4,5.7,0.25,0.0,0.0,0.0,1.4,4.3,5.7,0.0,1.4,2.9,0.0,0.0,2.9,0.0,12.9,27.2,26.9,0,0,25.7,1,1,13086,1,11850,12361,12098,13045,12337,11407,11902,13505,14344,13505,10629,12839,12971,19908,13111,3519,8263,8846,11368,17725,15228,2395,17039,2246,150,17123,1,25:11
2024-25,1628976,Wendell Carter Jr.,Wendell,1610612753,ORL,Orlando Magic,0022400593,2025-01-19T00:00:00,ORL vs. DEN,L,34.233333333333334,6.3,15.8,0.4,1.1,5.3,0.2,3.2,4.2,0.75,5.3,8.4,13.7,5.3,0.0,3.2,1.1,3.2,4.2,2.1,16.8,-7.4,53.7,1,0,45.2,1,13222,1,13222,4072,10676,7438,14933,14241,12571,13429,7423,7397,8186,2131,4147,2391,6918,16469,2822,7121,1190,6533,12594,11031,16661,2266,1,150,4149,1,34:14
2024-25,1629640,Keldon Johnson,Keldon,1610612759,SAS,San Antonio Spurs,0022400592,2025-01-19T00:00:00,SAS @ MIA,L,17.966666666666665,8.0,18.0,0.444,0.0,4.0,0.0,0.0,0.0,0.0,2.0,4.0,6.0,0.0,0.0,0.0,2.0,4.0,0.0,0.0,16.0,-30.1,29.3,0,0,26.0,1,13222,1,13222,17583,6606,4629,13045,15070,15569,15070,13505,14344,13505,8365,13695,12246,19908,16469,12854,3483,646,20257,17725,11892,23747,15319,2246,150,16896,1,17:58
2024-25,1629639,Tyler Herro,Tyler,1610612748,MIA,Miami Heat,0022400592,2025-01-19T00:00:00,MIA vs. SAS,W,33.24333333333333,7.6,13.0,0.583,2.2,4.3,0.5,2.2,2.2,1.0,0.0,6.5,6.5,7.6,0.0,1.1,0.0,0.0,0.0,2.2,19.5,10.8,41.9,0,0,37.9,1,1,13086,1,4958,7558,11863,6296,9378,14837,3944,10064,12193,1,14058,7316,11182,3307,16469,11162,8263,8846,20257,12312,8379,7312,6663,2246,150,8082,1,33:15
2024-25,1627752,Taurean Prince,Taurean,1610612749,MIL,Milwaukee Bucks,0022400594,2025-01-19T00:00:00,MIL vs. PHI,W,23.833333333333332,6.0,12.1,0.5,4.5,7.6,0.6,0.0,0.0,0.0,1.5,1.5,3.0,1.5,0.0,0.0,0.0,1.5,1.5,1.5,16.6,10.6,22.5,0,0,25.7,1,1,13086,1,13048,11394,13448,8526,3015,7266,2992,13505,14344,13505,10269,20854,19668,17938,16469,12854,8263,4736,17169,14962,11256,7433,19870,2246,150,17151,1,23:50
2024-25,1631200,Kris Murray,Kris,1610612757,POR,Portland Trail Blazers,0022400597,2025-01-19T00:00:00,POR vs. CHI,W,16.516666666666666,2.2,4.4,0.5,0.0,2.2,0.0,0.0,0.0,0.0,4.4,0.0,4.4,4.4,0.0,0.0,2.2,0.0,0.0,0.0,4.4,15.3,22.7,0,0,17.4,1,1,13086,1,18595,21074,23883,8526,15070,19203,15070,13505,14344,13505,3095,22137,16388,8986,16469,12854,2992,8846,20257,17725,22364,5519,19766,2246,150,22112,1,16:31
2024-25,1630264,Anthony Gill,Anthony,1610612764,WAS,Washington Wizards,0022400598,2025-01-19T00:00:00,WAS @ SAC,L,3.3833333333333333,10.6,10.6,1.0,0.0,0.0,0.0,0.0,0.0,0.0,0.0,10.6,10.6,0.0,0.0,0.0,0.0,0.0,0.0,0.0,21.3,-21.3,34.0,0,0,31.9,1,13222,1,13222,24777,2564,15978,1,15070,20945,15070,13505,14344,13505,14058,2120,4773,19908,16469,12854,8263,8846,20257,17725,6843,21903,11765,2246,150,12440,1,3:23
2024-25,1642348,Justin Edwards,Justin,1610612755,PHI,Philadelphia 76ers,0022400594,2025-01-19T00:00:00,PHI @ MIL,L,32.983333333333334,3.3,8.7,0.375,1.1,4.4,0.25,0.0,0.0,0.0,1.1,4.4,5.5,0.0,3.3,0.0,1.1,1.1,3.3,0.0,7.6,-15.3,14.2,0,0,16.4,1,13222,1,13222,5158,18820,19133,16299,13994,14771,11902,13505,14344,13505,12541,12613,13653,19908,5585,12854,6854,7129,9548,17725,20207,20007,23434,2246,150,22558,1,32:59
2024-25,1641717,Cason Wallace,Cason,1610612760,OKC,Oklahoma City Thunder,0022400595,2025-01-19T00:00:00,OKC vs. BKN,W,25.956666666666667,5.5,11.1,0.5,1.4,2.8,0.5,0.0,1.4,0.0,1.4,6.9,8.3,4.2,0.0,1.4,1.4,1.4,1.4,2.8,12.5,15.3,37.0,0,0,31.9,1,1,13086,1,11192,12860,15201,8526,12499,18117,3944,13505,13605,13505,10811,6478,7738,9498,16469,8976,5286,5234,17676,10064,15617,5520,9675,2246,150,12459,1,25:57
2024-25,1641774,Tristan Vukcevic,Tristan,1610612764,WAS,Washington Wizards,0022400598,2025-01-19T00:00:00,WAS @ SAC,L,3.3833333333333333,0.0,0.0,0.0,0.0,0.0,0.0,0.0,0.0,0.0,0.0,0.0,0.0,0.0,0.0,0.0,0.0,0.0,10.6,0.0,0.0,-21.3,0.0,0,0,0.0,1,13222,1,13222,24777,22635,24836,22635,15070,20945,15070,13505,14344,13505,14058,22137,23286,19908,16469,12854,8263,8846,593,17725,23200,21903,25228,2246,150,25259,1,3:23
2024-25,1631099,Keegan Murray,Keegan,1610612758,SAC,Sacramento Kings,0022400598,2025-01-19T00:00:00,SAC vs. WAS,W,31.8,2.3,9.1,0.25,0.0,5.7,0.0,0.0,0.0,0.0,1.1,4.5,5.7,1.1,1.1,2.3,1.1,0.0,1.1,0.0,4.5,19.2,22.1,0,0,18.1,1,1,13086,1,6154,20919,18629,20233,15070,11551,15070,13505,14344,13505,12243,12179,13134,19253,14917,5168,6591,8846,18906,17725,22282,4188,20099,2246,150,21811,1,31:48
2024-25,1630577,Julian Champagnie,Julian,1610612759,SAS,San Antonio Spurs,0022400592,2025-01-19T00:00:00,SAS @ MIA,L,22.066666666666666,3.3,13.1,0.25,1.6,9.8,0.167,0.0,0.0,0.0,3.3,1.6,4.9,3.3,1.6,0.0,0.0,0.0,0.0,0.0,8.2,-11.4,17.3,0,0,17.9,1,13222,1,13222,14445,18845,11771,20233,11590,3740,14236,13505,14344,13505,4813,20601,15081,12100,12210,12854,8263,8846,20257,17725,19783,18493,22379,2246,150,21894,1,22:04
2024-25,1628989,Kevin Huerter,Kevin,1610612758,SAC,Sacramento Kings,0022400598,2025-01-19T00:00:00,SAC vs. WAS,W,9.216666666666667,3.9,23.4,0.167,0.0,15.6,0.0,3.9,7.8,0.5,3.9,3.9,7.8,3.9,3.9,0.0,0.0,0.0,3.9,3.9,11.7,-3.9,23.0,0,0,23.4,1,1,13086,1,22375,17304,1236,21938,15070,581,15070,5867,2655,10625,3714,14004,8592,10210,4074,12854,8263,8846,7424,6546,16427,15018,19533,2246,150,18710,1,9:13
2024-25,1627739,Kris Dunn,Kris,1610612746,LAC,LA Clippers,0022400596,2025-01-19T00:00:00,LAC vs. LAL,W,12.083333333333334,0.0,6.0,0.0,0.0,6.0,0.0,0.0,0.0,0.0,0.0,3.0,3.0,6.0,0.0,0.0,0.0,0.0,3.0,0.0,0.0,-35.8,12.5,0,0,8.9,1,1,13086,1,21195,22635,22648,22635,15070,10790,15070,13505,14344,13505,14058,16806,19794,5574,16469,12854,8263,8846,10815,17725,23200,24501,23897,2246,150,24620,1,12:05
2024-25,1629018,Gary Trent Jr.,Gary,1610612749,MIL,Milwaukee Bucks,0022400594,2025-01-19T00:00:00,MIL vs. PHI,W,23.216666666666665,3.1,10.9,0.286,3.1,7.8,0.4,0.0,0.0,0.0,0.0,3.1,3.1,3.1,0.0,0.0,0.0,0.0,1.6,1.6,9.3,6.2,17.7,0,0,18.6,1,1,13086,1,13533,19197,15595,19630,6213,6894,7874,13505,14344,13505,14058,16407,19475,12600,16469,12854,8263,8846,17041,14802,18810,9513,22227,2246,150,21583,1,23:13
2024-25,1630559,Austin Reaves,Austin,1610612747,LAL,Los Angeles Lakers,0022400596,2025-01-19T00:00:00,LAL @ LAC,L,34.4,4.2,6.3,0.667,2.1,4.2,0.5,4.2,4.2,1.0,0.0,2.1,2.1,3.1,5.2,0.0,1.0,0.0,1.0,2.1,14.7,-16.7,19.8,0,0,24.1,1,13222,1,13222,3923,16627,22342,3281,9719,15150,3944,5364,7435,1,14058,19380,21625,12508,2083,12854,7157,8846,19437,12642,13247,20531,21273,2246,150,18277,1,34:24
2024-25,1629216,Gabe Vincent,Gabe,1610612747,LAL,Los Angeles Lakers,0022400596,2025-01-19T00:00:00,LAL @ LAC,L,22.666666666666668,3.2,7.9,0.4,0.0,4.8,0.0,0.0,0.0,0.0,0.0,0.0,0.0,1.6,1.6,0.0,0.0,0.0,3.2,0.0,6.4,0.0,7.1,0,0,7.9,1,13222,1,13222,13977,19042,20362,14933,15070,13799,15070,13505,14344,13505,14058,22137,23286,17685,12390,12854,8263,8846,9965,17725,21152,12240,24806,2246,150,24771,1,22:40
2024-25,1631133,Jabari Walker,Jabari,1610612757,POR,Portland Trail Blazers,0022400597,2025-01-19T00:00:00,POR vs. CHI,W,10.833333333333334,6.6,10.0,0.667,0.0,0.0,0.0,0.0,0.0,0.0,6.6,6.6,13.3,0.0,3.3,0.0,0.0,0.0,10.0,0.0,13.3,13.3,25.9,0,0,26.6,1,1,13086,1,21781,9835,17104,3281,15070,20945,15070,13505,14344,13505,1305,7002,2609,19908,5443,12854,8263,8846,713,17725,14762,6261,17669,2246,150,16479,1,10:50
2024-25,1630549,Day'Ron Sharpe,Day'Ron,1610612751,BKN,Brooklyn Nets,0022400595,2025-01-19T00:00:00,BKN @ OKC,L,18.083333333333332,8.0,10.0,0.8,0.0,0.0,0.0,2.0,2.0,1.0,10.0,4.0,13.9,4.0,4.0,0.0,0.0,0.0,6.0,2.0,17.9,-13.9,36.6,0,0,35.8,1,13222,1,13222,17512,6710,17135,1688,15070,20945,15070,10684,12756,1,411,13782,2266,9977,3915,12854,8263,8846,2991,13124,9920,19478,9932,2246,150,9494,1,18:05
2024-25,1627750,Jamal Murray,Jamal,1610612743,DEN,Denver Nuggets,0022400593,2025-01-19T00:00:00,DEN @ ORL,W,37.7,7.6,15.3,0.5,1.0,5.7,0.167,1.9,1.9,1.0,1.0,1.0,1.9,3.8,1.0,1.0,0.0,0.0,1.9,1.0,18.1,12.4,28.1,0,0,26.7,1,1,13086,1,1568,7414,8140,8526,14771,11381,14236,10912,12955,1,13606,22047,21981,10449,16116,12311,8263,8846,15622,17533,9685,6627,16161,2246,150,16367,1,37:42
2024-25,1629312,Haywood Highsmith,Haywood,1610612748,MIA,Miami Heat,0022400592,2025-01-19T00:00:00,MIA vs. SAS,W,8.483333333333333,4.2,12.7,0.333,0.0,0.0,0.0,0.0,0.0,0.0,8.5,4.2,12.7,0.0,4.2,0.0,0.0,4.2,0.0,0.0,8.5,-33.9,19.5,0,0,21.2,1,1,13086,1,22635,16475,12331,17395,15070,20945,15070,13505,14344,13505,664,12988,2977,19908,3422,12854,8263,567,20257,17725,19524,24296,21393,2246,150,20147,1,8:29
2024-25,1641794,Dillon Jones,Dillon,1610612760,OKC,Oklahoma City Thunder,0022400595,2025-01-19T00:00:00,OKC vs. BKN,W,19.116666666666667,3.8,7.5,0.5,0.0,1.9,0.0,3.8,3.8,1.0,3.8,5.6,9.4,5.6,1.9,1.9,0.0,0.0,3.8,1.9,11.3,-1.9,34.8,0,0,30.1,1,1,13086,1,16737,17656,20884,8526,15070,19769,15070,6153,8333,1,3937,9171,6157,6148,11141,6845,8263,8846,7854,13576,16894,13967,11166,2246,150,13847,1,19:07
2024-25,1628370,Malik Monk,Malik,1610612758,SAC,Sacramento Kings,0022400598,2025-01-19T00:00:00,SAC vs. WAS,W,30.416666666666668,9.5,17.8,0.533,3.6,7.1,0.5,4.7,4.7,1.0,0.0,1.2,1.2,4.7,0.0,1.2,1.2,0.0,3.6,2.4,27.2,15.4,42.8,0,0,41.4,1,1,13086,1,7392,3925,4943,8140,5026,8251,3944,4453,6421,1,14058,21556,22964,8090,16469,10316,6282,8846,8599,11474,3098,5473,6197,2246,150,5968,1,30:25
2024-25,1629618,Jalen Pickett,Jalen,1610612743,DEN,Denver Nuggets,0022400593,2025-01-19T00:00:00,DEN @ ORL,W,2.55,14.1,28.2,0.5,0.0,14.1,0.0,0.0,0.0,0.0,14.1,0.0,14.1,0.0,0.0,0.0,0.0,0.0,0.0,0.0,28.2,-28.2,45.2,0,0,42.4,1,1,13086,1,25194,670,378,8526,15070,894,15070,13505,14344,13505,155,22137,2174,19908,16469,12854,8263,8846,20257,17725,2697,23477,5093,2246,150,5470,1,2:33
2024-25,1628964,Mo Bamba,Mo,1610612746,LAC,LA Clippers,0022400596,2025-01-19T00:00:00,LAC vs. LAL,W,6.0,6.0,6.0,1.0,0.0,0.0,0.0,6.0,12.0,0.5,0.0,12.0,12.0,0.0,0.0,0.0,0.0,0.0,0.0,6.0,18.0,6.0,32.4,0,0,30.0,1,1,13086,1,23599,11500,22595,1,15070,20945,15070,2855,766,10625,14058,1347,3485,19908,16469,12854,8263,8846,20257,2615,9827,9610,13011,2246,150,13941,1,6:00
2024-25,1630533,Ziaire Williams,Ziaire,1610612751,BKN,Brooklyn Nets,0022400595,2025-01-19T00:00:00,BKN @ OKC,L,22.8,3.2,12.6,0.25,1.6,6.3,0.25,3.2,3.2,1.0,3.2,4.7,7.9,3.2,0.0,1.6,1.6,1.6,1.6,1.6,11.1,-18.9,34.7,0,0,30.0,1,13222,1,13222,13875,19085,12507,20233,11757,9944,11902,7418,9594,1,5023,11597,8470,12455,16469,8065,4607,4492,16932,14696,17140,21222,11257,2246,150,13941,1,22:48
2024-25,1631207,Dalen Terry,Dalen,1610612741,CHI,Chicago Bulls,0022400597,2025-01-19T00:00:00,CHI @ POR,L,15.616666666666667,4.6,9.2,0.5,0.0,2.3,0.0,4.6,4.6,1.0,2.3,4.6,6.9,0.0,0.0,0.0,0.0,0.0,4.6,4.6,13.8,6.9,22.1,0,0,20.7,1,13222,1,13222,19188,15460,18373,8526,15070,18972,15070,4661,6639,1,7226,11958,10299,19908,16469,12854,8263,8846,5515,4918,14116,9180,20061,2246,150,20438,1,15:37
2024-25,1641796,Pelle Larsson,Pelle,1610612748,MIA,Miami Heat,0022400592,2025-01-19T00:00:00,MIA vs. SAS,W,2.35,15.3,30.6,0.5,0.0,15.3,0.0,0.0,0.0,0.0,0.0,0.0,0.0,0.0,0.0,0.0,0.0,0.0,0.0,0.0,30.6,-30.6,30.6,0,0,30.6,1,1,13086,1,25292,443,245,8526,15070,625,15070,13505,14344,13505,14058,22137,23286,19908,16469,12854,8263,8846,20257,17725,1876,23836,14320,2246,150,13450,1,2:21
2024-25,203924,Jerami Grant,Jerami,1610612757,POR,Portland Trail Blazers,0022400597,2025-01-19T00:00:00,POR vs. CHI,W,30.033333333333335,6.0,13.2,0.455,2.4,7.2,0.333,7.2,7.2,1.0,0.0,1.2,1.2,0.0,2.4,0.0,1.2,0.0,4.8,6.0,21.6,15.6,24.2,0,0,27.6,1,1,13086,1,7755,11543,11507,12676,8500,8058,9209,1877,3175,1,14058,21511,22942,19908,8671,12854,6178,8846,5074,2632,6570,5396,18798,2246,150,15742,1,30:02
2024-25,1626171,Bobby Portis,Bobby,1610612749,MIL,Milwaukee Bucks,0022400594,2025-01-19T00:00:00,MIL vs. PHI,W,19.166666666666668,3.8,18.8,0.2,0.0,5.6,0.0,3.8,5.6,0.667,1.9,13.1,15.0,5.6,0.0,0.0,1.9,3.8,3.8,7.5,11.3,0.0,43.4,0,0,35.7,1,1,13086,1,16703,17687,3943,21401,15070,11619,15070,6171,4992,9425,8902,970,1759,6177,16469,12854,3832,764,7889,1319,16924,12240,5937,2246,150,9591,1,19:10
2024-25,1629130,Duncan Robinson,Duncan,1610612748,MIA,Miami Heat,0022400592,2025-01-19T00:00:00,MIA vs. SAS,W,27.773333333333333,10.4,15.6,0.667,6.5,9.1,0.714,0.0,0.0,0.0,1.3,5.2,6.5,2.6,1.3,0.0,0.0,0.0,2.6,0.0,27.2,24.6,37.6,0,0,42.8,1,1,13086,1,9738,2852,7755,3281,1010,4706,1861,13505,14344,13505,11211,10324,11217,14236,13815,12854,8263,8846,12454,17725,3101,2892,9291,2246,150,5265,1,27:46
2024-25,1642276,Kel'el Ware,Kel'el,1610612748,MIA,Miami Heat,0022400592,2025-01-19T00:00:00,MIA vs. SAS,W,33.733333333333334,10.7,20.3,0.526,1.1,5.3,0.2,4.3,4.3,1.0,4.3,4.3,8.5,2.1,0.0,0.0,2.1,2.1,4.3,2.1,26.7,28.8,46.5,0,0,42.7,1,1,13086,1,4498,2541,2785,8379,14148,12362,13429,5217,7272,1,3214,12901,7418,15873,16469,12854,3111,2820,6379,12465,3353,2133,4521,2246,150,5315,1,33:44
2024-25,1642352,Keshad Johnson,Keshad,1610612748,MIA,Miami Heat,0022400592,2025-01-19T00:00:00,MIA vs. SAS,W,2.35,0.0,0.0,0.0,0.0,0.0,0.0,0.0,0.0,0.0,0.0,15.3,15.3,15.3,15.3,0.0,0.0,0.0,0.0,0.0,0.0,-30.6,26.0,0,0,30.6,1,1,13086,1,25292,22635,24836,22635,15070,20945,15070,13505,14344,13505,14058,516,1642,268,105,12854,8263,8846,20257,17725,23200,23836,17588,2246,150,13450,1,2:21
2024-25,1642273,Kyshawn George,Kyshawn,1610612764,WAS,Washington Wizards,0022400598,2025-01-19T00:00:00,WAS @ SAC,L,23.845,3.0,7.5,0.4,3.0,7.5,0.4,0.0,0.0,0.0,1.5,3.0,4.5,4.5,1.5,1.5,1.5,0.0,4.5,0.0,9.1,-24.2,28.8,0,0,27.2,1,13222,1,13222,13043,19377,20861,14933,6432,7278,7874,13505,14344,13505,10274,16652,15973,8573,12702,8369,4808,8846,5708,17725,19020,22612,15605,2246,150,16040,1,23:51
2024-25,1641737,Adem Bona,Adem,1610612755,PHI,Philadelphia 76ers,0022400594,2025-01-19T00:00:00,PHI @ MIL,L,24.086666666666666,6.0,6.0,1.0,0.0,0.0,0.0,3.0,9.0,0.333,1.5,7.5,9.0,0.0,1.5,1.5,1.5,0.0,9.0,6.0,14.9,-17.9,33.2,0,0,29.9,1,13222,1,13222,12809,11581,22628,1,15070,20945,15070,7845,1888,13132,10349,5552,6795,19908,12775,8439,4878,8846,973,2650,12964,20913,12448,2246,150,14030,1,24:05
2024-25,203932,Aaron Gordon,Aaron,1610612743,DEN,Denver Nuggets,0022400593,2025-01-19T00:00:00,DEN @ ORL,W,21.816666666666666,5.0,6.6,0.75,0.0,1.7,0.0,5.0,6.6,0.75,0.0,6.6,6.6,0.0,8.3,0.0,0.0,0.0,0.0,5.0,14.9,16.5,14.5,0,0,21.5,1,1,13086,1,14648,14545,22016,2107,15070,20108,15070,4121,3771,8186,14058,7103,10945,19908,541,12854,8263,8846,20257,4205,13064,5069,23325,2246,150,20004,1,21:49
2024-25,203081,Damian Lillard,Damian,1610612749,MIL,Milwaukee Bucks,0022400594,2025-01-19T00:00:00,MIL vs. PHI,W,39.916666666666664,6.3,15.3,0.412,3.6,9.9,0.364,6.3,6.3,1.0,0.0,4.5,4.5,3.6,3.6,0.9,0.0,0.0,0.9,4.5,22.5,4.5,32.5,0,0,36.1,1,1,13086,1,580,10667,8057,14791,4909,3589,9100,2575,4111,1,14058,12239,16031,11068,4761,12661,8263,8846,20146,5118,5827,10383,12970,2246,150,9316,1,39:55
2024-25,1631098,Johnny Davis,Johnny,1610612764,WAS,Washington Wizards,0022400598,2025-01-19T00:00:00,WAS @ SAC,L,3.3833333333333333,10.6,10.6,1.0,0.0,0.0,0.0,0.0,0.0,0.0,0.0,0.0,0.0,0.0,10.6,0.0,0.0,0.0,10.6,0.0,21.3,-21.3,10.6,0,0,21.3,1,13222,1,13222,24777,2564,15978,1,15070,20945,15070,13505,14344,13505,14058,22137,23286,19908,280,12854,8263,8846,593,17725,6843,21903,24316,2246,150,20109,1,3:23
2024-25,1641824,Matas Buzelis,Matas,1610612741,CHI,Chicago Bulls,0022400597,2025-01-19T00:00:00,CHI @ POR,L,14.833333333333334,4.9,12.1,0.4,2.4,4.9,0.5,4.9,4.9,1.0,2.4,4.9,7.3,0.0,2.4,2.4,4.9,2.4,4.9,4.9,17.0,19.4,45.1,0,0,41.3,1,13222,1,13222,19683,14794,13345,14933,8383,13550,3944,4262,6191,1,6845,11266,9604,19908,8543,4603,555,2160,4940,4384,10856,4137,5110,2246,150,6043,1,14:50
2024-25,1631132,Christian Koloko,Christian,1610612747,LAL,Los Angeles Lakers,0022400596,2025-01-19T00:00:00,LAL @ LAC,L,1.6666666666666667,0.0,21.6,0.0,0.0,0.0,0.0,0.0,0.0,0.0,21.6,0.0,21.6,0.0,0.0,0.0,0.0,0.0,0.0,0.0,0.0,21.6,25.9,0,0,21.6,1,13222,1,13222,25675,22635,1986,22635,15070,20945,15070,13505,14344,13505,41,22137,361,19908,16469,12854,8263,8846,20257,17725,23200,3553,17665,2246,150,19898,1,1:40
2024-25,203076,Anthony Davis,Anthony,1610612747,LAL,Los Angeles Lakers,0022400596,2025-01-19T00:00:00,LAL @ LAC,L,36.983333333333334,4.9,13.6,0.357,0.0,1.0,0.0,5.8,5.8,1.0,1.0,8.8,9.7,2.9,2.9,1.0,2.9,0.0,1.0,2.9,15.6,-17.5,40.4,1,0,36.0,1,13222,1,13222,1997,14756,10779,17140,15070,20881,15070,3037,4699,1,13469,3765,5753,13204,6766,12184,1791,8846,19844,9524,12348,20789,7518,1,150,9358,1,36:59
2024-25,1631157,Ryan Rollins,Ryan,1610612749,MIL,Milwaukee Bucks,0022400594,2025-01-19T00:00:00,MIL vs. PHI,W,14.566666666666666,4.9,9.9,0.5,2.5,7.4,0.333,4.9,4.9,1.0,2.5,0.0,2.5,4.9,0.0,0.0,0.0,0.0,9.9,2.5,17.3,37.1,27.7,0,0,27.2,1,1,13086,1,19845,14570,17271,8526,8251,7578,9209,4127,6037,1,6706,22137,20859,7587,16469,12854,8263,8846,725,11095,10528,1198,16440,2246,150,16031,1,14:34
2024-25,1631250,Pete Nance,Pete,1610612755,PHI,Philadelphia 76ers,0022400594,2025-01-19T00:00:00,PHI @ MIL,L,24.05,4.5,13.5,0.333,3.0,12.0,0.25,0.0,0.0,0.0,1.5,7.5,9.0,3.0,0.0,0.0,0.0,1.5,6.0,0.0,12.0,-6.0,27.2,0,0,26.9,1,13222,1,13222,12844,15808,11047,17395,6545,1795,11902,13505,14344,13505,10335,5525,6776,12957,16469,12854,8263,4788,2967,17725,16167,16050,16791,2246,150,16188,1,24:03
2024-25,1629060,Rui Hachimura,Rui,1610612747,LAL,Los Angeles Lakers,0022400596,2025-01-19T00:00:00,LAL @ LAC,L,33.145,9.8,15.2,0.643,1.1,3.3,0.333,0.0,1.1,0.0,1.1,6.5,7.6,1.1,0.0,0.0,0.0,2.2,1.1,1.1,20.6,-14.1,31.4,0,0,30.4,1,13222,1,13222,5039,3505,8248,4607,14028,17159,9209,13505,14058,13505,12583,7271,8970,19391,16469,12854,8263,2712,19179,16970,7363,19559,13757,2246,150,13626,1,33:09
2024-25,203484,Kentavious Caldwell-Pope,Kentavious,1610612753,ORL,Orlando Magic,0022400593,2025-01-19T00:00:00,ORL vs. DEN,L,34.68333333333333,4.2,14.5,0.286,2.1,7.3,0.286,2.1,3.1,0.667,1.0,0.0,1.0,4.2,1.0,1.0,0.0,0.0,1.0,1.0,12.5,-9.3,22.0,0,0,21.8,1,13222,1,13222,3705,16728,9305,19630,9790,7909,11433,10376,9684,9425,12960,22137,23174,9521,15579,11608,8263,8846,19483,17229,15646,17602,20146,2246,150,19793,1,34:41
2024-25,1630208,Nick Richards,Nick,1610612756,PHX,Phoenix Suns,0022400586,2025-01-18T00:00:00,PHX @ DET,W,29.476666666666667,8.5,9.8,0.875,0.0,0.0,0.0,8.5,11.0,0.778,4.9,8.5,13.4,1.2,0.0,1.2,0.0,0.0,2.4,7.3,25.6,26.9,47.3,1,0,42.7,1,1,13086,1,8246,5527,17437,1353,15070,20945,15070,1162,1027,8092,2472,3991,2517,18950,16469,10008,8263,8846,13023,1430,3854,2453,4223,1,150,5288,1,29:29
2024-25,1630183,Jaden McDaniels,Jaden,1610612750,MIN,Minnesota Timberwolves,0022400590,2025-01-18T00:00:00,MIN vs. CLE,L,37.86666666666667,5.7,8.6,0.667,1.0,1.9,0.5,0.0,0.0,0.0,1.0,3.8,4.8,1.9,0.0,0.0,1.0,0.0,2.9,0.0,12.4,13.3,23.8,0,0,21.9,1,13222,1,13222,1463,12405,19416,3281,14789,19735,3944,13505,14344,13505,13639,14312,15431,16747,16469,12854,7824,8846,11404,17725,15754,6255,19116,2246,150,19743,1,37:52
2024-25,1631218,Trayce Jackson-Davis,Trayce,1610612744,GSW,Golden State Warriors,0022400589,2025-01-18T00:00:00,GSW vs. WAS,W,24.016666666666666,3.0,7.5,0.4,0.0,0.0,0.0,3.0,6.0,0.5,7.5,15.0,22.5,1.5,3.0,0.0,1.5,3.0,4.5,3.0,9.0,-7.5,39.7,0,0,36.0,1,1,13086,1,12885,19438,20937,14933,15070,20945,15070,7817,4488,10625,956,572,306,17979,6501,12854,4860,1346,5785,9270,19092,16733,7945,2246,150,9397,1,24:01
2024-25,1630541,Moses Moody,Moses,1610612744,GSW,Golden State Warriors,0022400589,2025-01-18T00:00:00,GSW vs. WAS,W,28.966666666666665,5.0,8.7,0.571,2.5,6.2,0.4,3.7,3.7,1.0,1.2,1.2,2.5,1.2,0.0,1.2,1.2,0.0,1.2,5.0,16.2,14.9,28.5,0,0,27.3,1,1,13086,1,8697,14478,19190,6538,8201,10167,7874,6228,8421,1,11519,21419,20840,18871,16469,9847,5933,8846,18314,4176,11768,5663,15902,2246,150,15905,1,28:58
2024-25,1630595,Cade Cunningham,Cade,1610612765,DET,Detroit Pistons,0022400586,2025-01-18T00:00:00,DET vs. PHX,L,35.38166666666667,7.1,26.5,0.269,1.0,7.1,0.143,5.1,6.1,0.833,2.0,4.1,6.1,11.2,4.1,1.0,1.0,1.0,4.1,5.1,20.3,5.1,46.5,1,0,42.7,1,13222,1,13222,3171,8655,569,20169,14439,8211,14649,3910,4341,7275,8227,13511,12043,939,3742,11786,7366,7754,6937,3945,7619,10063,4532,1,150,5297,1,35:23
2024-25,1631204,Marcus Sasser,Marcus,1610612765,DET,Detroit Pistons,0022400586,2025-01-18T00:00:00,DET vs. PHX,L,17.233333333333334,8.4,12.5,0.667,0.0,2.1,0.0,6.3,8.4,0.75,0.0,8.4,8.4,4.2,2.1,0.0,0.0,0.0,6.3,4.2,23.0,-12.5,37.2,0,0,35.5,1,13222,1,13222,18112,5874,12677,3281,15070,19386,15070,2623,2285,8186,14058,4208,7685,9444,10051,12854,8263,8846,2634,5883,5491,18953,9550,2246,150,9722,1,17:14
2024-25,203500,Steven Adams,Steven,1610612745,HOU,Houston Rockets,0022400591,2025-01-18T00:00:00,HOU @ POR,W,17.186666666666667,2.1,8.4,0.25,0.0,0.0,0.0,0.0,0.0,0.0,10.5,8.4,18.9,4.2,0.0,2.1,2.1,0.0,4.2,6.3,4.2,27.2,45.7,0,0,35.6,1,1,13086,1,18147,21245,19669,20233,15070,20945,15070,13505,14344,13505,348,4188,724,9413,16469,5816,3226,8846,6588,2301,22468,2386,4872,2246,150,9657,1,17:11
2024-25,1630557,Corey Kispert,Corey,1610612764,WAS,Washington Wizards,0022400589,2025-01-18T00:00:00,WAS @ GSW,L,30.463333333333335,4.7,9.5,0.5,2.4,3.5,0.667,0.0,0.0,0.0,1.2,3.5,4.7,0.0,1.2,1.2,0.0,3.5,0.0,0.0,11.8,7.1,19.9,0,0,21.3,1,13222,1,13222,7361,15171,18029,8526,8621,16555,1957,13505,14344,13505,11921,15099,15489,19908,14570,10334,8263,881,20257,17725,16328,9092,21235,2246,150,20116,1,30:28
2024-25,1627832,Fred VanVleet,Fred,1610612745,HOU,Houston Rockets,0022400591,2025-01-18T00:00:00,HOU @ POR,W,35.81666666666667,3.0,10.1,0.3,3.0,6.0,0.5,0.0,0.0,0.0,0.0,4.0,4.0,3.0,2.0,1.0,0.0,0.0,3.0,1.0,9.0,21.1,19.4,0,0,21.1,1,1,13086,1,2811,19384,16956,19363,6447,10617,3944,13505,14344,13505,14058,13662,17268,12872,10471,11911,8263,8846,10645,17380,19034,3674,21458,2246,150,20214,1,35:49
2024-25,1630700,Dyson Daniels,Dyson,1610612737,ATL,Atlanta Hawks,0022400587,2025-01-18T00:00:00,ATL @ BOS,W,39.876666666666665,9.9,12.6,0.786,0.9,2.7,0.333,0.0,0.0,0.0,0.9,2.7,3.6,3.6,4.5,0.9,0.0,0.9,2.7,0.0,20.8,5.4,28.7,0,0,30.7,1,1,13086,1,590,3294,12501,1975,14955,18250,9209,13505,14344,13505,13898,17674,18297,11055,2980,12656,8263,8649,12012,17725,7262,9877,15703,2246,150,13401,1,39:53
2024-25,203486,Mason Plumlee,Mason,1610612756,PHX,Phoenix Suns,0022400586,2025-01-18T00:00:00,PHX @ DET,W,12.9,5.6,5.6,1.0,0.0,0.0,0.0,0.0,0.0,0.0,5.6,11.2,16.7,2.8,0.0,0.0,0.0,0.0,14.0,0.0,11.2,-27.9,35.4,0,0,30.7,1,1,13086,1,20793,12753,23011,1,15070,20945,15070,13505,14344,13505,1892,1818,1194,13611,16469,12854,8263,8846,286,17725,17024,23416,10772,2246,150,13399,1,12:54
2024-25,1630169,Tyrese Haliburton,Tyrese,1610612754,IND,Indiana Pacers,0022400588,2025-01-18T00:00:00,IND vs. PHI,W,32.483333333333334,4.4,12.2,0.364,1.1,7.8,0.143,0.0,0.0,0.0,1.1,4.4,5.5,10.0,5.5,0.0,0.0,0.0,2.2,0.0,10.0,-3.3,26.0,0,0,26.6,1,1,13086,1,5567,15970,13278,16861,13896,6885,14649,13505,14344,13505,12408,12447,13440,1455,1776,12854,8263,8846,14023,17725,18180,14724,17587,2246,150,16470,1,32:29
2024-25,1628386,Jarrett Allen,Jarrett,1610612739,CLE,Cleveland Cavaliers,0022400590,2025-01-18T00:00:00,CLE @ MIN,W,35.7,6.1,9.1,0.667,0.0,0.0,0.0,2.0,2.0,1.0,1.0,3.0,4.0,1.0,1.0,0.0,1.0,1.0,3.0,1.0,14.1,16.1,22.5,0,0,21.2,1,1,13086,1,2904,11360,18597,3281,15070,20945,15070,10585,12674,1,13192,16629,17232,19653,15787,12854,7426,7843,10598,17366,13831,5203,19886,2246,150,20169,1,35:42
2024-25,1627759,Jaylen Brown,Jaylen,1610612738,BOS,Boston Celtics,0022400587,2025-01-18T00:00:00,BOS vs. ATL,L,42.766666666666666,7.6,22.7,0.333,1.7,7.6,0.222,3.4,4.2,0.8,5.1,4.2,9.3,6.7,3.4,1.7,0.0,6.7,1.7,4.2,20.2,-7.6,43.1,1,0,41.2,1,13222,1,13222,172,7574,1488,17395,11452,7224,13288,6967,7396,7681,2324,13088,6374,4374,5314,7670,8263,172,16587,5819,7736,16770,6092,1,150,6048,1,42:46
2024-25,1631133,Jabari Walker,Jabari,1610612757,POR,Portland Trail Blazers,0022400591,2025-01-18T00:00:00,POR vs. HOU,L,19.866666666666667,9.1,12.7,0.714,0.0,3.6,0.0,0.0,0.0,0.0,0.0,9.1,9.1,0.0,1.8,1.8,0.0,0.0,7.2,0.0,18.1,3.6,32.6,0,0,30.8,1,13222,1,13222,16126,4588,12410,2752,15070,16384,15070,13505,14344,13505,14058,3451,6645,19908,11488,7194,8263,8846,1801,17725,9713,10847,12873,2246,150,13323,1,19:52
2024-25,1629027,Trae Young,Trae,1610612737,ATL,Atlanta Hawks,0022400587,2025-01-18T00:00:00,ATL @ BOS,W,38.865,9.3,21.3,0.435,2.8,9.3,0.3,4.6,4.6,1.0,0.0,3.7,3.7,10.2,4.6,1.9,1.9,1.9,0.9,3.7,25.9,2.8,52.1,1,0,50.0,1,1,13086,1,939,4268,2154,13702,7285,4439,11319,4625,6609,1,14058,14613,18059,1343,2807,7016,3921,3730,20077,7118,3715,11237,2678,1,150,2528,1,38:52
2024-25,1630194,Paul Reed,Paul,1610612765,DET,Detroit Pistons,0022400586,2025-01-18T00:00:00,DET vs. PHX,L,7.666666666666667,9.4,14.1,0.667,0.0,4.7,0.0,9.4,9.4,1.0,4.7,9.4,14.1,9.4,0.0,0.0,4.7,0.0,4.7,9.4,28.2,-18.8,73.3,0,0,61.0,1,13222,1,13222,22933,4039,10030,3281,15070,13963,15070,876,1664,1,2677,3119,2193,1765,16469,12854,613,8846,5292,549,2719,21171,334,2246,150,728,1,7:40
2024-25,1631121,Bryce McGowens,Bryce,1610612757,POR,Portland Trail Blazers,0022400591,2025-01-18T00:00:00,POR vs. HOU,L,2.0,36.0,36.0,1.0,0.0,0.0,0.0,0.0,18.0,0.0,0.0,0.0,0.0,0.0,18.0,0.0,0.0,0.0,0.0,18.0,72.0,-72.0,54.0,0,0,72.0,1,13222,1,13222,25452,18,120,1,15070,20945,15070,13505,192,13505,14058,22137,23286,19908,73,12854,8263,8846,20257,62,50,25910,2201,2246,150,280,1,2:00
2024-25,1631106,Tari Eason,Tari,1610612745,HOU,Houston Rockets,0022400591,2025-01-18T00:00:00,HOU @ POR,W,23.5,9.2,15.3,0.6,0.0,0.0,0.0,9.2,12.3,0.75,4.6,7.7,12.3,6.1,0.0,4.6,0.0,1.5,1.5,6.1,27.6,-3.1,65.3,0,0,55.1,1,1,13086,1,13305,4369,8071,5394,15070,20945,15070,943,709,8186,2808,5222,3302,5282,16469,1151,8263,4654,17110,2476,2946,14602,682,2246,150,1440,1,23:30
2024-25,1642263,Reed Sheppard,Reed,1610612745,HOU,Houston Rockets,0022400591,2025-01-18T00:00:00,HOU @ POR,W,4.883333333333334,7.4,22.1,0.333,7.4,22.1,0.333,0.0,0.0,0.0,0.0,7.4,7.4,7.4,0.0,7.4,0.0,0.0,0.0,0.0,22.1,-7.4,64.1,0,0,59.0,1,1,13086,1,24022,8070,1766,17395,644,170,9209,13505,14344,13505,14058,5716,9424,3542,16469,257,8263,8846,20257,17725,6124,16665,768,2246,150,920,1,4:53
2024-25,1630703,Scoot Henderson,Scoot,1610612757,POR,Portland Trail Blazers,0022400591,2025-01-18T00:00:00,POR vs. HOU,L,31.22833333333333,6.9,12.7,0.545,3.5,5.8,0.6,6.9,6.9,1.0,0.0,5.8,5.8,12.7,4.6,1.2,3.5,1.2,3.5,5.8,24.2,3.5,59.4,1,0,55.3,1,13222,1,13222,6682,9132,12418,7695,5245,11288,2992,2063,3458,1,14058,8873,12859,588,2833,10556,1261,6613,8868,2949,4673,10910,1269,1,150,1407,1,31:14
2024-25,201142,Kevin Durant,Kevin,1610612756,PHX,Phoenix Suns,0022400586,2025-01-18T00:00:00,PHX @ DET,W,38.05,12.3,25.5,0.481,1.9,7.6,0.25,7.6,11.4,0.667,0.0,6.6,6.6,4.7,1.9,1.9,2.8,0.9,1.9,7.6,34.1,11.4,61.4,0,0,56.8,1,1,13086,1,1355,1353,718,11953,10667,7235,11902,1630,935,9425,14058,7051,10895,8102,11090,6807,1897,8370,15731,1287,1122,7075,1034,2246,150,1192,1,38:03
2024-25,1630174,Aaron Nesmith,Aaron,1610612754,IND,Indiana Pacers,0022400588,2025-01-18T00:00:00,IND vs. PHI,W,10.783333333333333,13.4,16.7,0.8,6.7,10.0,0.667,6.7,6.7,1.0,0.0,6.7,6.7,0.0,0.0,0.0,0.0,0.0,0.0,6.7,40.1,36.7,48.1,0,0,53.4,1,1,13086,1,21804,887,6181,1688,907,3468,1957,2259,3685,1,14058,6941,10777,19908,16469,12854,8263,8846,20257,1920,443,1221,3948,2246,150,1722,1,10:47
2024-25,1630578,Alperen Sengun,Alperen,1610612745,HOU,Houston Rockets,0022400591,2025-01-18T00:00:00,HOU @ POR,W,30.733333333333334,11.7,22.3,0.526,1.2,1.2,1.0,2.3,5.9,0.4,7.0,10.5,17.6,7.0,3.5,2.3,1.2,0.0,2.3,7.0,26.9,14.1,65.6,1,0,59.7,1,1,13086,1,7100,1715,1707,8379,13526,20661,1,9473,4674,13061,1136,2198,998,3980,4981,4887,6352,8846,13468,1642,3234,5982,659,1,150,851,1,30:44
2024-25,1628378,Donovan Mitchell,Donovan,1610612739,CLE,Cleveland Cavaliers,0022400590,2025-01-18T00:00:00,CLE @ MIN,W,33.6,12.9,28.9,0.444,4.3,16.1,0.267,8.6,9.6,0.889,2.1,6.4,8.6,7.5,3.2,1.1,0.0,0.0,2.1,5.4,38.6,10.7,60.1,0,0,61.1,1,1,13086,1,4641,1083,332,13045,3413,520,11897,1156,1528,6857,7784,7448,7359,3400,5782,11262,8263,8846,14396,3543,545,7366,1182,2246,150,724,1,33:36
2024-25,1629673,Jordan Poole,Jordan,1610612764,WAS,Washington Wizards,0022400589,2025-01-18T00:00:00,WAS @ GSW,L,36.03333333333333,12.0,25.0,0.48,8.0,15.0,0.533,6.0,6.0,1.0,1.0,4.0,5.0,5.0,2.0,0.0,0.0,1.0,4.0,6.0,38.0,-6.0,49.5,0,0,55.9,1,13222,1,13222,2659,1537,831,11962,453,696,3935,2869,4490,1,13257,13735,14801,7478,10534,12854,8263,7930,7156,2629,614,16055,3439,2246,150,1318,1,36:02
2024-25,1626172,Kevon Looney,Kevon,1610612744,GSW,Golden State Warriors,0022400589,2025-01-18T00:00:00,GSW vs. WAS,W,23.668333333333333,6.1,12.2,0.5,0.0,0.0,0.0,3.0,3.0,1.0,7.6,12.2,19.8,3.0,1.5,0.0,3.0,0.0,6.1,1.5,15.2,19.8,51.1,1,0,44.1,1,1,13086,1,13169,11275,13308,8526,15070,20945,15070,7689,9871,1,913,1283,570,12794,12658,12854,1641,8846,2844,14923,12706,4023,2961,1,150,4637,1,23:40
2024-25,203944,Julius Randle,Julius,1610612750,MIN,Minnesota Timberwolves,0022400590,2025-01-18T00:00:00,MIN vs. CLE,L,38.233333333333334,6.6,11.3,0.583,0.9,4.7,0.2,4.7,6.6,0.714,2.8,10.4,13.2,8.5,2.8,0.9,0.0,0.9,0.9,5.6,18.8,0.0,47.4,1,0,43.3,1,13222,1,13222,1252,9956,14829,6296,14828,13934,13429,4503,3784,9244,5794,2318,2677,2443,7126,12427,8263,8411,20014,3121,9007,12240,4188,1,150,4990,1,38:14
2024-25,1628436,Luke Kornet,Luke,1610612738,BOS,Boston Celtics,0022400587,2025-01-18T00:00:00,BOS vs. ATL,L,30.878333333333334,8.2,10.5,0.778,0.0,0.0,0.0,3.5,4.7,0.75,7.0,1.2,8.2,2.3,1.2,4.7,2.3,0.0,2.3,2.3,19.8,-5.8,52.9,0,0,44.3,1,13222,1,13222,6976,6286,16229,1994,15070,20945,15070,6709,6553,8186,1152,21601,7989,15115,14687,1109,2683,8846,13520,11625,8051,15990,2470,2246,150,4555,1,30:53
2024-25,203952,Andrew Wiggins,Andrew,1610612744,GSW,Golden State Warriors,0022400589,2025-01-18T00:00:00,GSW vs. WAS,W,34.833333333333336,12.4,22.7,0.545,4.1,10.3,0.4,3.1,6.2,0.5,2.1,9.3,11.4,4.1,1.0,1.0,2.1,0.0,1.0,3.1,32.0,1.0,60.1,1,0,57.9,1,1,13086,1,3587,1298,1473,7695,3709,3119,7874,7545,4231,10625,8092,3204,4074,9566,15611,11647,3299,8846,19507,8885,1522,12128,1179,1,150,1045,1,34:50
2024-25,1630168,Onyeka Okongwu,Onyeka,1610612737,ATL,Atlanta Hawks,0022400587,2025-01-18T00:00:00,ATL @ BOS,W,31.836666666666666,6.8,11.3,0.6,2.3,3.4,0.667,5.7,7.9,0.714,5.7,9.0,14.7,2.3,2.3,0.0,4.5,0.0,2.3,4.5,21.5,6.8,53.8,1,0,49.8,1,1,13086,1,6119,9462,14821,5394,9011,16878,1957,3250,2578,9244,1843,3468,1911,15386,9259,12854,677,8846,13818,5087,6657,9248,2245,1,150,2599,1,31:50
2024-25,1642267,Bub Carrington,Bub,1610612764,WAS,Washington Wizards,0022400589,2025-01-18T00:00:00,WAS @ GSW,L,29.58,6.1,9.7,0.625,4.9,7.3,0.667,3.7,6.1,0.6,0.0,2.4,2.4,3.7,2.4,1.2,0.0,0.0,4.9,3.7,20.7,-17.0,30.3,0,0,34.1,1,13222,1,13222,8166,11265,17501,4899,2460,7816,1957,6384,4365,10343,14058,18375,20923,10930,8511,10036,8263,8846,4905,7259,7323,20638,14572,2246,150,10790,1,29:35
2024-25,1628420,Monté Morris,Monté,1610612756,PHX,Phoenix Suns,0022400586,2025-01-18T00:00:00,PHX @ DET,W,6.571666666666666,0.0,5.5,0.0,0.0,0.0,0.0,0.0,0.0,0.0,0.0,0.0,0.0,0.0,0.0,0.0,0.0,0.0,0.0,0.0,0.0,-38.3,0.0,0,0,0.0,1,1,13086,1,23339,22635,23108,22635,15070,20945,15070,13505,14344,13505,14058,22137,23286,19908,16469,12854,8263,8846,20257,17725,23200,24729,25228,2246,150,25259,1,6:34
2024-25,1628398,Kyle Kuzma,Kyle,1610612764,WAS,Washington Wizards,0022400589,2025-01-18T00:00:00,WAS @ GSW,L,31.283333333333335,8.1,13.8,0.583,3.5,6.9,0.5,5.8,6.9,0.833,1.2,5.8,6.9,4.6,3.5,0.0,0.0,1.2,4.6,4.6,25.3,-19.6,37.1,0,0,40.3,1,13222,1,13222,6630,6520,10473,6296,5249,8655,3944,3132,3467,7275,12094,8907,10315,8401,5118,12854,8263,6624,5538,4936,4047,21418,9661,2246,150,6628,1,31:17
2024-25,1630256,Jae'Sean Tate,Jae'Sean,1610612745,HOU,Houston Rockets,0022400591,2025-01-18T00:00:00,HOU @ POR,W,17.313333333333333,0.0,8.3,0.0,0.0,0.0,0.0,0.0,0.0,0.0,4.2,2.1,6.2,2.1,2.1,0.0,2.1,4.2,6.2,4.2,0.0,16.6,14.8,0,0,12.5,1,1,13086,1,18068,22635,19772,22635,15070,20945,15070,13505,14344,13505,3356,19425,11738,16074,10101,12854,3259,598,2672,5933,23200,5026,23253,2246,150,23878,1,17:19
2024-25,1641731,Bilal Coulibaly,Bilal,1610612764,WAS,Washington Wizards,0022400589,2025-01-18T00:00:00,WAS @ GSW,L,34.25333333333333,2.1,8.4,0.25,0.0,4.2,0.0,0.0,2.1,0.0,2.1,4.2,6.3,7.4,4.2,1.1,0.0,0.0,3.2,1.1,4.2,-5.3,21.8,0,0,20.0,1,13222,1,13222,4056,21230,19629,20233,15070,15107,15070,13505,12414,13505,7942,13107,11592,3565,3493,11484,8263,8846,10071,17170,22462,15728,20286,2246,150,20881,1,34:15
2024-25,1631466,Nate Williams,Nate,1610612745,HOU,Houston Rockets,0022400591,2025-01-18T00:00:00,HOU @ POR,W,2.0,0.0,0.0,0.0,0.0,0.0,0.0,0.0,0.0,0.0,0.0,0.0,0.0,0.0,0.0,0.0,0.0,0.0,0.0,0.0,0.0,72.0,0.0,0,0,0.0,1,1,13086,1,25452,22635,24836,22635,15070,20945,15070,13505,14344,13505,14058,22137,23286,19908,16469,12854,8263,8846,20257,17725,23200,222,25228,2246,150,25259,1,2:00
2024-25,1642259,Alex Sarr,Alex,1610612764,WAS,Washington Wizards,0022400589,2025-01-18T00:00:00,WAS @ GSW,L,30.073333333333334,4.8,12.0,0.4,3.6,8.4,0.429,0.0,0.0,0.0,2.4,8.4,10.8,2.4,1.2,1.2,1.2,1.2,0.0,1.2,13.2,-2.4,35.7,0,0,34.7,1,13222,1,13222,7718,14987,13645,14933,4938,5783,7394,13505,14344,13505,6943,4187,4627,14901,14463,10200,6194,6283,20257,16418,14921,14254,10599,2246,150,10283,1,30:04
2024-25,1629674,Neemias Queta,Neemias,1610612738,BOS,Boston Celtics,0022400587,2025-01-18T00:00:00,BOS vs. ATL,L,21.648333333333333,0.0,0.0,0.0,0.0,0.0,0.0,3.3,3.3,1.0,1.7,5.0,6.7,0.0,1.7,1.7,3.3,0.0,6.7,1.7,3.3,1.7,24.6,0,0,20.0,1,13222,1,13222,14810,22635,24836,22635,15070,20945,15070,7058,9248,1,9708,10903,10845,19908,12081,7753,1374,8846,2266,14400,22838,11805,18540,2246,150,20886,1,21:39
2024-25,1629057,Robert Williams III,Robert,1610612757,POR,Portland Trail Blazers,0022400591,2025-01-18T00:00:00,POR vs. HOU,L,19.833333333333332,3.6,5.4,0.667,0.0,0.0,0.0,0.0,0.0,0.0,0.0,7.3,7.3,5.4,3.6,1.8,5.4,0.0,3.6,1.8,7.3,-25.4,42.3,0,0,34.5,1,13222,1,13222,16152,18010,23124,3281,15070,20945,15070,13505,14344,13505,14058,5888,9642,6544,4709,7179,410,8846,8324,13873,20518,22898,6478,2246,150,10464,1,19:50
2024-25,201569,Eric Gordon,Eric,1610612755,PHI,Philadelphia 76ers,0022400588,2025-01-18T00:00:00,PHI @ IND,L,29.95,1.2,8.4,0.143,1.2,6.0,0.2,1.2,2.4,0.5,1.2,0.0,1.2,6.0,1.2,2.4,1.2,1.2,2.4,2.4,4.8,-1.2,24.9,0,0,20.4,1,13222,1,13222,7825,22492,19623,22260,13354,10666,13429,12582,11477,10625,11783,22137,22935,5470,14429,4686,6160,6244,13188,11335,22122,13677,18366,2246,150,20619,1,29:57
2024-25,1641767,Ben Sheppard,Ben,1610612754,IND,Indiana Pacers,0022400588,2025-01-18T00:00:00,IND vs. PHI,W,21.116666666666667,6.8,11.9,0.571,5.1,10.2,0.5,1.7,1.7,1.0,1.7,3.4,5.1,3.4,0.0,0.0,0.0,0.0,1.7,1.7,20.5,29.0,31.7,0,0,34.1,1,1,13086,1,15206,9371,13703,6538,2143,3238,3944,11401,13290,1,9562,15490,14479,11661,16469,12854,8263,8846,16520,14250,7538,2113,13540,2246,150,10779,1,21:07
2024-25,204060,Joe Ingles,Joe,1610612750,MIN,Minnesota Timberwolves,0022400590,2025-01-18T00:00:00,MIN vs. CLE,L,8.716666666666667,0.0,4.1,0.0,0.0,0.0,0.0,0.0,0.0,0.0,0.0,0.0,0.0,0.0,0.0,0.0,0.0,0.0,4.1,0.0,0.0,-66.1,0.0,0,0,0.0,1,13222,1,13222,22558,22635,24033,22635,15070,20945,15070,13505,14344,13505,14058,22137,23286,19908,16469,12854,8263,8846,6740,17725,23200,25813,25228,2246,150,25259,1,8:43
2024-25,1642277,Johnny Furphy,Johnny,1610612754,IND,Indiana Pacers,0022400588,2025-01-18T00:00:00,IND vs. PHI,W,1.0833333333333333,0.0,0.0,0.0,0.0,0.0,0.0,0.0,0.0,0.0,0.0,0.0,0.0,0.0,0.0,0.0,0.0,0.0,0.0,0.0,0.0,66.5,0.0,0,0,0.0,1,1,13086,1,26029,22635,24836,22635,15070,20945,15070,13505,14344,13505,14058,22137,23286,19908,16469,12854,8263,8846,20257,17725,23200,269,25228,2246,150,25259,1,1:05
2024-25,1642484,RayJ Dennis,RayJ,1610612754,IND,Indiana Pacers,0022400588,2025-01-18T00:00:00,IND vs. PHI,W,1.0833333333333333,0.0,0.0,0.0,0.0,0.0,0.0,0.0,0.0,0.0,0.0,0.0,0.0,0.0,0.0,0.0,0.0,0.0,33.2,0.0,0.0,66.5,0.0,0,0,0.0,1,1,13086,1,26029,22635,24836,22635,15070,20945,15070,13505,14344,13505,14058,22137,23286,19908,16469,12854,8263,8846,29,17725,23200,269,25228,2246,150,25259,1,1:05
2024-25,1629622,Max Strus,Max,1610612739,CLE,Cleveland Cavaliers,0022400590,2025-01-18T00:00:00,CLE @ MIN,W,27.7,2.6,9.1,0.286,1.3,6.5,0.2,0.0,0.0,0.0,2.6,5.2,7.8,3.9,0.0,0.0,0.0,1.3,0.0,1.3,6.5,7.8,21.7,0,0,19.5,1,1,13086,1,9787,20279,18565,19630,12858,9552,13429,13505,14344,13505,6350,10281,8623,10234,16469,12854,8263,5656,20257,15910,21047,8732,20317,2246,150,21154,1,27:42
2024-25,203497,Rudy Gobert,Rudy,1610612750,MIN,Minnesota Timberwolves,0022400590,2025-01-18T00:00:00,MIN vs. CLE,L,31.3,6.9,8.1,0.857,0.0,0.0,0.0,5.8,6.9,0.833,2.3,11.5,13.8,1.2,0.0,0.0,0.0,0.0,1.2,4.6,19.6,1.2,37.8,1,0,34.5,1,13222,1,13222,6607,9153,20176,1412,15070,20945,15070,3134,3470,7275,7240,1627,2331,19183,16469,12854,8263,8846,18814,4941,8306,12049,9132,1,150,10441,1,31:18
2024-25,1641709,Ausar Thompson,Ausar,1610612765,DET,Detroit Pistons,0022400586,2025-01-18T00:00:00,DET vs. PHX,L,18.726666666666667,3.8,9.6,0.4,0.0,3.8,0.0,3.8,7.7,0.5,3.8,3.8,7.7,0.0,0.0,0.0,0.0,1.9,5.8,5.8,11.5,-19.2,20.8,0,0,19.2,1,13222,1,13222,17023,17465,17747,14933,15070,15909,15070,5989,2753,10625,3816,14194,8818,19908,16469,12854,8263,3472,3286,2945,16637,21319,20810,2246,150,21281,1,18:44
2024-25,1631323,Simone Fontecchio,Simone,1610612765,DET,Detroit Pistons,0022400586,2025-01-18T00:00:00,DET vs. PHX,L,12.795,5.6,11.3,0.5,0.0,5.6,0.0,0.0,5.6,0.0,2.8,2.8,5.6,2.8,0.0,0.0,0.0,0.0,2.8,2.8,11.3,2.8,22.2,0,0,19.7,1,13222,1,13222,20846,12626,14922,8526,15070,11641,15070,13505,5006,13505,5831,17358,13221,13547,16469,12854,8263,8846,11583,9921,16945,11215,20016,2246,150,21038,1,12:48
2024-25,203110,Draymond Green,Draymond,1610612744,GSW,Golden State Warriors,0022400589,2025-01-18T00:00:00,GSW vs. WAS,W,3.0,0.0,12.0,0.0,0.0,0.0,0.0,0.0,0.0,0.0,0.0,12.0,12.0,0.0,0.0,0.0,0.0,0.0,0.0,0.0,0.0,0.0,14.4,0,0,12.0,1,1,13086,1,24986,22635,13575,22635,15070,20945,15070,13505,14344,13505,14058,1347,3485,19908,16469,12854,8263,8846,20257,17725,23200,12240,23361,2246,150,23970,1,3:00
2024-25,1629726,Garrison Mathews,Garrison,1610612737,ATL,Atlanta Hawks,0022400587,2025-01-18T00:00:00,ATL @ BOS,W,14.461666666666666,0.0,7.5,0.0,0.0,7.5,0.0,5.0,5.0,1.0,0.0,2.5,2.5,2.5,0.0,5.0,0.0,0.0,2.5,2.5,5.0,29.9,26.6,0,0,19.9,1,1,13086,1,19910,22635,20980,22635,15070,7473,15070,4073,5968,1,14058,18215,20835,14577,16469,914,8263,8846,12845,11033,22022,1982,17192,2246,150,20907,1,14:28
2024-25,1628988,Aaron Holiday,Aaron,1610612745,HOU,Houston Rockets,0022400591,2025-01-18T00:00:00,HOU @ POR,W,15.3,9.4,21.2,0.444,4.7,11.8,0.4,0.0,0.0,0.0,0.0,0.0,0.0,2.4,2.4,4.7,0.0,2.4,0.0,2.4,23.5,42.4,38.8,0,0,40.0,1,1,13086,1,19374,4005,2220,13045,2721,1921,7874,13505,14344,13505,14058,22137,23286,15043,8848,1081,8263,2328,20257,11525,5107,814,8524,2246,150,6780,1,15:18
2024-25,1630322,Lindy Waters III,Lindy,1610612744,GSW,Golden State Warriors,0022400589,2025-01-18T00:00:00,GSW vs. WAS,W,10.901666666666667,0.0,6.6,0.0,0.0,6.6,0.0,0.0,0.0,0.0,0.0,0.0,0.0,0.0,0.0,0.0,0.0,0.0,0.0,3.3,0.0,16.5,0.0,0,0,0.0,1,1,13086,1,21752,22635,22012,22635,15070,9310,15070,13505,14344,13505,14058,22137,23286,19908,16469,12854,8263,8846,20257,8247,23200,5065,25228,2246,150,25259,1,10:54
2024-25,1627747,Caris LeVert,Caris,1610612739,CLE,Cleveland Cavaliers,0022400590,2025-01-18T00:00:00,CLE @ MIN,W,25.233333333333334,1.4,8.6,0.167,0.0,4.3,0.0,0.0,0.0,0.0,1.4,4.3,5.7,4.3,1.4,0.0,0.0,0.0,2.9,0.0,2.9,-7.1,14.7,0,0,12.8,1,1,13086,1,11804,22260,19407,21938,15070,14963,15070,13505,14344,13505,10642,12864,12997,9183,13127,12854,8263,8846,11392,17725,22985,16573,23284,2246,150,23764,1,25:14
2024-25,1641712,Rayan Rupert,Rayan,1610612757,POR,Portland Trail Blazers,0022400591,2025-01-18T00:00:00,POR vs. HOU,L,2.0883333333333334,0.0,17.2,0.0,0.0,17.2,0.0,0.0,0.0,0.0,0.0,0.0,0.0,0.0,17.2,0.0,0.0,0.0,0.0,0.0,0.0,-120.7,-17.2,0,0,0.0,1,13222,1,13222,25419,22635,5530,22635,15070,391,15070,13505,14344,13505,14058,22137,23286,19908,82,12854,8263,8846,20257,17725,23200,26229,26267,2246,150,25259,1,2:05
2024-25,1631105,Jalen Duren,Jalen,1610612765,DET,Detroit Pistons,0022400586,2025-01-18T00:00:00,DET vs. PHX,L,24.766666666666666,7.3,13.1,0.556,0.0,0.0,0.0,7.3,8.7,0.833,10.2,4.4,14.5,2.9,1.5,0.0,0.0,0.0,5.8,5.8,21.8,8.7,42.2,1,0,39.2,1,13222,1,13222,12199,8295,11702,7248,15070,20945,15070,1819,2036,7275,381,12620,1983,13253,12993,12854,8263,8846,3195,2873,6379,8317,6543,1,150,7241,1,24:46
2024-25,1629614,Andrew Nembhard,Andrew,1610612754,IND,Indiana Pacers,0022400588,2025-01-18T00:00:00,IND vs. PHI,W,28.45,3.8,7.6,0.5,1.3,2.5,0.5,0.0,2.5,0.0,0.0,1.3,1.3,3.8,1.3,0.0,0.0,0.0,6.3,1.3,8.9,3.8,14.8,0,0,15.2,1,1,13086,1,9165,17575,20802,8526,13007,18571,3944,13505,11125,13505,14058,21351,22856,10504,14000,12854,8263,8846,2571,16057,19213,10753,23235,2246,150,22997,1,28:27
2024-25,1627783,Pascal Siakam,Pascal,1610612754,IND,Indiana Pacers,0022400588,2025-01-18T00:00:00,IND vs. PHI,W,34.7,6.2,12.4,0.5,0.0,2.1,0.0,9.3,14.5,0.643,4.1,4.1,8.3,5.2,0.0,0.0,2.1,0.0,2.1,9.3,21.8,14.5,45.8,0,0,39.4,1,1,13086,1,3691,10912,12820,8526,15070,19412,15070,889,390,10250,3369,13270,7771,7056,16469,12854,3270,8846,14727,557,6389,5812,4837,2246,150,7120,1,34:42
2024-25,1626164,Devin Booker,Devin,1610612756,PHX,Phoenix Suns,0022400586,2025-01-18T00:00:00,PHX @ DET,W,42.16166666666667,9.4,18.8,0.5,0.9,4.3,0.2,10.2,11.1,0.923,0.0,4.3,4.3,2.6,1.7,0.9,0.0,0.0,1.7,7.7,29.9,-4.3,39.7,0,0,39.3,1,1,13086,1,245,4033,3938,8526,15030,14979,13429,639,995,6735,14058,12900,16614,14334,11886,12778,8263,8846,16511,1210,2125,15207,7953,2246,150,7210,1,42:10
2024-25,1629014,Anfernee Simons,Anfernee,1610612757,POR,Portland Trail Blazers,0022400591,2025-01-18T00:00:00,POR vs. HOU,L,32.266666666666666,5.6,14.5,0.385,3.3,6.7,0.5,0.0,0.0,0.0,0.0,4.5,4.5,4.5,0.0,1.1,0.0,0.0,4.5,2.2,14.5,-14.5,29.9,0,0,29.0,1,13222,1,13222,5765,12762,9354,16070,5518,9111,3944,13505,14344,13505,14058,12356,16135,8734,16469,10891,8263,8846,5855,12021,13408,19710,14874,2246,150,14696,1,32:16
2024-25,1642345,Oso Ighodaro,Oso,1610612756,PHX,Phoenix Suns,0022400586,2025-01-18T00:00:00,PHX @ DET,W,5.366666666666666,0.0,6.7,0.0,0.0,0.0,0.0,6.7,13.4,0.5,0.0,6.7,6.7,0.0,0.0,0.0,0.0,6.7,6.7,6.7,6.7,-60.4,14.8,0,0,13.4,1,1,13086,1,23832,22635,21882,22635,15070,20945,15070,2233,540,10625,14058,6874,10711,19908,16469,12854,8263,175,2207,1892,20914,25698,23257,2246,150,23578,1,5:22
2024-25,1629631,De'Andre Hunter,De'Andre,1610612737,ATL,Atlanta Hawks,0022400587,2025-01-18T00:00:00,ATL @ BOS,W,32.03333333333333,6.7,15.7,0.429,1.1,9.0,0.125,3.4,3.4,1.0,3.4,3.4,6.7,1.1,0.0,2.2,0.0,1.1,4.5,2.2,18.0,0.0,34.5,0,0,31.5,1,1,13086,1,5940,9590,7499,13735,13815,4852,14886,6957,9158,1,4598,15591,10649,19278,16469,5225,8263,6843,5788,11950,9866,12240,11451,2246,150,12800,1,32:02
2024-25,1631097,Bennedict Mathurin,Bennedict,1610612754,IND,Indiana Pacers,0022400588,2025-01-18T00:00:00,IND vs. PHI,W,24.916666666666668,4.3,8.7,0.5,0.0,4.3,0.0,2.9,2.9,1.0,2.9,7.2,10.1,1.4,7.2,2.9,0.0,0.0,2.9,2.9,11.6,-21.7,27.3,0,0,28.9,1,1,13086,1,12084,16236,19242,8526,15070,14834,15070,8117,10256,1,5612,5958,5310,18194,803,3437,8263,8846,11223,9623,16610,22007,16740,2246,150,14787,1,24:55
2024-25,1626220,Royce O'Neale,Royce,1610612756,PHX,Phoenix Suns,0022400586,2025-01-18T00:00:00,PHX @ DET,W,16.195,4.4,8.9,0.5,2.2,6.7,0.333,0.0,0.0,0.0,2.2,11.1,13.3,2.2,4.4,0.0,0.0,0.0,6.7,0.0,11.1,31.1,26.0,0,0,28.9,1,1,13086,1,18803,15939,18875,8526,9148,9168,9209,13505,14344,13505,7520,1841,2580,15544,3076,12854,8263,8846,2250,17725,17070,1817,17611,2246,150,14785,1,16:12
2024-25,1627741,Buddy Hield,Buddy,1610612744,GSW,Golden State Warriors,0022400589,2025-01-18T00:00:00,GSW vs. WAS,W,21.013333333333332,3.4,12.0,0.286,1.7,6.9,0.25,1.7,3.4,0.5,1.7,1.7,3.4,3.4,1.7,1.7,0.0,0.0,3.4,1.7,10.3,-20.6,23.0,0,0,22.3,1,1,13086,1,15291,18482,13602,19630,11361,8773,11902,11391,9031,10625,9526,20427,18709,11612,11865,7561,8263,8846,8981,14224,17875,21714,19587,2246,150,19504,1,21:01
2024-25,1630178,Tyrese Maxey,Tyrese,1610612755,PHI,Philadelphia 76ers,0022400588,2025-01-18T00:00:00,PHI @ IND,L,38.8,9.3,21.3,0.435,1.9,6.5,0.286,5.6,5.6,1.0,0.0,0.9,0.9,2.8,0.0,0.0,0.0,0.0,2.8,3.7,26.0,-5.6,31.3,0,0,31.5,1,13222,1,13222,968,4240,2133,13702,10850,9558,11433,3345,5090,1,14058,22083,23254,13636,16469,12854,8263,8846,11710,7102,3696,15868,13855,2246,150,12740,1,38:48
2024-25,202699,Tobias Harris,Tobias,1610612765,DET,Detroit Pistons,0022400586,2025-01-18T00:00:00,DET vs. PHX,L,36.5,8.9,14.8,0.6,2.0,4.9,0.4,1.0,1.0,1.0,1.0,3.9,4.9,2.0,0.0,0.0,1.0,1.0,2.0,1.0,20.7,-7.9,32.5,0,0,31.6,1,13222,1,13222,2337,4920,8908,5394,10279,13363,7874,13275,14236,1,13364,13888,14975,16470,16469,12854,7563,8037,15287,17440,7306,16924,12916,2246,150,12725,1,36:30
2024-25,1631101,Shaedon Sharpe,Shaedon,1610612757,POR,Portland Trail Blazers,0022400591,2025-01-18T00:00:00,POR vs. HOU,L,27.966666666666665,6.4,18.0,0.357,2.6,7.7,0.333,1.3,1.3,1.0,3.9,6.4,10.3,1.3,5.1,0.0,0.0,2.6,1.3,1.3,16.7,-23.2,25.9,0,0,30.9,1,13222,1,13222,9569,10341,4640,17140,7900,6955,9209,12335,13749,1,3791,7434,5120,18702,2170,12854,8263,1909,18085,15960,11133,22371,17700,2246,150,13255,1,27:58
2024-25,1628401,Derrick White,Derrick,1610612738,BOS,Boston Celtics,0022400587,2025-01-18T00:00:00,BOS vs. ATL,L,43.28333333333333,5.8,16.6,0.35,4.2,13.3,0.313,1.7,1.7,1.0,0.8,5.8,6.7,1.7,0.8,0.0,0.8,0.0,2.5,3.3,17.5,4.2,29.6,0,0,31.6,1,13222,1,13222,130,12043,6264,17337,3655,1163,11289,11482,13329,1,14022,8739,10838,17466,16440,12854,8219,8846,12817,8171,10352,10566,15075,2246,150,12697,1,43:17
2024-25,1630162,Anthony Edwards,Anthony,1610612750,MIN,Minnesota Timberwolves,0022400590,2025-01-18T00:00:00,MIN vs. CLE,L,41.035,7.9,19.3,0.409,3.5,7.9,0.444,5.3,5.3,1.0,0.0,2.6,2.6,4.4,1.8,0.9,0.9,0.0,1.8,6.1,24.6,-1.8,37.8,0,0,38.6,1,13222,1,13222,365,6854,3493,14895,5126,6631,7211,3697,5510,1,14058,17873,20582,8924,11719,12744,8148,8846,16358,2458,4444,13897,9157,2246,150,7641,1,41:02
2024-25,1642348,Justin Edwards,Justin,1610612755,PHI,Philadelphia 76ers,0022400588,2025-01-18T00:00:00,PHI @ IND,L,21.916666666666668,3.3,9.9,0.333,0.0,4.9,0.0,0.0,0.0,0.0,0.0,4.9,4.9,1.6,1.6,0.0,0.0,0.0,9.9,0.0,6.6,-21.4,13.3,0,0,13.1,1,13222,1,13222,14561,18789,17317,17395,15070,13371,15070,13505,14344,13505,14058,11090,14988,17529,12169,12854,8263,8846,731,17725,21010,21926,23691,2246,150,23668,1,21:55
2024-25,1630611,Gui Santos,Gui,1610612744,GSW,Golden State Warriors,0022400589,2025-01-18T00:00:00,GSW vs. WAS,W,8.483333333333333,0.0,4.2,0.0,0.0,0.0,0.0,0.0,0.0,0.0,8.5,4.2,12.7,8.5,0.0,4.2,0.0,0.0,8.5,0.0,0.0,8.5,40.7,0,0,29.7,1,1,13086,1,22635,22635,23963,22635,15070,20945,15070,13505,14344,13505,664,12988,2977,2432,16469,1422,8263,8846,1139,17725,23200,8405,7314,2246,150,14160,1,8:29
2024-25,1629638,Nickeil Alexander-Walker,Nickeil,1610612750,MIN,Minnesota Timberwolves,0022400590,2025-01-18T00:00:00,MIN vs. CLE,L,15.828333333333333,2.3,22.7,0.1,0.0,9.1,0.0,0.0,0.0,0.0,4.5,2.3,6.8,2.3,0.0,0.0,0.0,0.0,2.3,0.0,4.5,-34.1,16.1,0,0,13.6,1,13222,1,13222,19055,20898,1472,22561,15070,4674,15070,13505,14344,13505,2874,18842,10483,15328,16469,12854,8263,8846,13754,17725,22267,24317,22790,2246,150,23521,1,15:50
2024-25,203991,Clint Capela,Clint,1610612737,ATL,Atlanta Hawks,0022400587,2025-01-18T00:00:00,ATL @ BOS,W,20.95,1.7,6.9,0.25,0.0,0.0,0.0,1.7,3.4,0.5,3.4,12.0,15.5,1.7,1.7,0.0,0.0,0.0,5.2,1.7,5.2,-10.3,24.6,0,0,22.3,1,1,13086,1,15325,21875,21709,20233,15070,20945,15070,11383,9016,10625,4476,1337,1584,17313,11849,12854,8263,8846,4271,14215,21930,18036,18561,2246,150,19460,1,20:57
2024-25,1626162,Kelly Oubre Jr.,Kelly,1610612755,PHI,Philadelphia 76ers,0022400588,2025-01-18T00:00:00,PHI @ IND,L,38.65,5.6,12.1,0.462,2.8,5.6,0.5,2.8,3.7,0.75,0.9,6.5,7.5,2.8,1.9,0.9,0.0,0.0,2.8,4.7,16.8,-16.8,30.8,0,0,31.7,1,13222,1,13222,1035,12736,13402,12428,7227,11750,3944,8360,8429,8186,13764,7265,9270,13600,11260,12498,8263,8846,11666,4815,11108,20539,14180,2246,150,12650,1,38:39
2024-25,1631250,Pete Nance,Pete,1610612755,PHI,Philadelphia 76ers,0022400588,2025-01-18T00:00:00,PHI @ IND,L,7.383333333333334,4.9,4.9,1.0,4.9,4.9,1.0,4.9,9.8,0.5,0.0,0.0,0.0,0.0,0.0,0.0,0.0,0.0,4.9,4.9,19.5,0.0,19.5,0,0,24.4,1,13222,1,13222,23034,14725,23553,1,2447,13499,1,4229,1483,10625,14058,22137,23286,19908,16469,12854,8263,8846,4888,4341,8371,12240,21405,2246,150,18093,1,7:23
2024-25,1641716,Jarace Walker,Jarace,1610612754,IND,Indiana Pacers,0022400588,2025-01-18T00:00:00,IND vs. PHI,W,8.783333333333333,4.1,8.2,0.5,0.0,4.1,0.0,0.0,0.0,0.0,0.0,12.3,12.3,8.2,4.1,0.0,0.0,0.0,4.1,4.1,8.2,49.2,31.1,0,0,28.7,1,1,13086,1,22537,16846,19946,8526,15070,15347,15070,13505,14344,13505,14058,1232,3270,2699,3674,12854,8263,8846,6840,6056,19748,577,13946,2246,150,14935,1,8:47
2024-25,1627736,Malik Beasley,Malik,1610612765,DET,Detroit Pistons,0022400586,2025-01-18T00:00:00,DET vs. PHX,L,24.723333333333333,8.7,13.1,0.667,2.9,7.3,0.4,0.0,1.5,0.0,1.5,1.5,2.9,1.5,1.5,2.9,0.0,0.0,2.9,1.5,20.4,14.6,33.3,0,0,33.5,1,13222,1,13222,12253,5210,11663,3281,6824,7865,7874,13505,13533,13505,10515,20975,19957,18156,12983,3375,8263,8846,11130,15213,7592,5800,12307,2246,150,11248,1,24:43
2024-25,1629731,Dean Wade,Dean,1610612739,CLE,Cleveland Cavaliers,0022400590,2025-01-18T00:00:00,CLE @ MIN,W,27.116666666666667,4.0,10.6,0.375,2.7,9.3,0.286,0.0,0.0,0.0,2.7,4.0,6.6,2.7,0.0,1.3,0.0,0.0,6.6,0.0,10.6,-21.2,26.6,0,0,25.2,1,1,13086,1,10256,17134,16020,16299,7670,4389,11433,13505,14344,13505,6213,13780,10872,14029,16469,9310,8263,8846,2283,17725,17536,21896,17255,2246,150,17492,1,27:07
2024-25,1630249,Vít Krejčí,Vít,1610612737,ATL,Atlanta Hawks,0022400587,2025-01-18T00:00:00,ATL @ BOS,W,25.97,4.2,11.1,0.375,1.4,6.9,0.2,0.0,0.0,0.0,0.0,2.8,2.8,2.8,1.4,0.0,4.2,0.0,1.4,0.0,9.7,-4.2,28.3,0,0,25.0,1,1,13086,1,11187,16708,15210,16299,12503,8610,13429,13505,14344,13505,14058,17503,20318,13682,13370,12854,835,8846,17678,17725,18441,15155,16014,2246,150,17726,1,25:58
2024-25,201144,Mike Conley,Mike,1610612750,MIN,Minnesota Timberwolves,0022400590,2025-01-18T00:00:00,MIN vs. CLE,L,22.6,4.8,11.2,0.429,4.8,9.6,0.5,0.0,0.0,0.0,1.6,3.2,4.8,4.8,1.6,0.0,0.0,0.0,1.6,0.0,14.3,-8.0,25.6,0,0,28.7,1,13222,1,13222,14030,15022,15102,13735,2597,4034,3944,13505,14344,13505,9954,16136,15351,7979,12363,12854,8263,8846,16894,17725,13567,16960,17849,2246,150,14952,1,22:36
2024-25,1641737,Adem Bona,Adem,1610612755,PHI,Philadelphia 76ers,0022400588,2025-01-18T00:00:00,PHI @ IND,L,18.7,9.6,9.6,1.0,0.0,0.0,0.0,3.9,5.8,0.667,7.7,3.9,11.6,1.9,0.0,0.0,0.0,0.0,0.0,7.7,23.1,-7.7,39.9,0,0,36.6,1,13222,1,13222,17035,3690,17714,1,15070,20945,15070,5977,4781,9425,880,14181,3896,16661,16469,12854,8263,8846,20257,1198,5415,16827,7849,2246,150,8996,1,18:42
2024-25,201950,Jrue Holiday,Jrue,1610612738,BOS,Boston Celtics,0022400587,2025-01-18T00:00:00,BOS vs. ATL,L,30.248333333333335,3.6,9.5,0.375,2.4,6.0,0.4,0.0,0.0,0.0,1.2,6.0,7.1,1.2,3.6,1.2,1.2,1.2,3.6,0.0,9.5,-8.3,23.4,0,0,25.0,1,13222,1,13222,7560,18152,17909,16299,8552,10803,7874,13505,14344,13505,11864,8446,9873,19047,4837,10258,6239,6333,8520,17725,18615,17109,19285,2246,150,17684,1,30:15
2024-25,1628418,Thomas Bryant,Thomas,1610612754,IND,Indiana Pacers,0022400588,2025-01-18T00:00:00,IND vs. PHI,W,20.45,8.8,12.3,0.714,3.5,5.3,0.667,0.0,0.0,0.0,5.3,5.3,10.6,1.8,3.5,0.0,0.0,0.0,0.0,0.0,21.1,5.3,32.9,0,0,37.0,1,1,13086,1,15675,5074,13042,2752,5106,12514,1957,13505,14344,13505,2112,10069,4851,17196,4972,12854,8263,8846,20257,17725,6979,9966,12649,2246,150,8740,1,20:27
2024-25,1641842,Ronald Holland II,Ronald,1610612765,DET,Detroit Pistons,0022400586,2025-01-18T00:00:00,DET vs. PHX,L,15.496666666666666,7.0,13.9,0.5,4.6,9.3,0.5,2.3,4.6,0.5,0.0,4.6,4.6,2.3,0.0,2.3,0.0,0.0,2.3,2.3,20.9,-2.3,36.9,0,0,37.2,1,13222,1,13222,19254,8997,10263,8526,2812,4390,3944,9551,6588,10625,14058,11865,15712,15146,16469,4952,8263,8846,13552,11656,7158,14219,9740,2246,150,8602,1,15:30
2024-25,1641715,Cam Whitmore,Cam,1610612745,HOU,Houston Rockets,0022400591,2025-01-18T00:00:00,HOU @ POR,W,27.316666666666666,5.3,18.5,0.286,1.3,5.3,0.25,4.0,5.3,0.75,6.6,6.6,13.2,4.0,1.3,1.3,0.0,4.0,4.0,2.6,15.8,11.9,40.2,1,0,36.9,1,1,13086,1,10084,13619,4260,19630,12793,12541,11902,5787,5503,8186,1336,7127,2684,10060,13726,9360,8263,664,7269,10529,12108,6854,7642,1,150,8787,1,27:19
2024-25,201939,Stephen Curry,Stephen,1610612744,GSW,Golden State Warriors,0022400589,2025-01-18T00:00:00,GSW vs. WAS,W,34.233333333333334,10.5,23.1,0.455,4.2,14.7,0.286,2.1,2.1,1.0,1.1,4.2,5.3,6.3,1.1,1.1,1.1,0.0,1.1,3.2,27.3,7.4,48.4,0,0,47.3,1,1,13086,1,4072,2702,1339,12676,3548,758,11433,10281,12410,1,12865,13098,14142,5005,15475,11475,7121,8846,19398,8712,3038,8955,3856,2246,150,3367,1,34:14
2024-25,1628415,Dillon Brooks,Dillon,1610612745,HOU,Houston Rockets,0022400591,2025-01-18T00:00:00,HOU @ POR,W,36.68,8.8,17.7,0.5,2.0,5.9,0.333,2.0,2.9,0.667,1.0,4.9,5.9,2.9,0.0,1.0,1.0,1.0,2.9,2.0,21.6,4.9,39.0,0,0,36.3,1,1,13086,1,2225,5001,5054,8526,10333,10975,9209,10770,10106,9425,13408,11137,12546,13111,16469,12108,7604,8078,10957,13260,6557,10156,8435,2246,150,9148,1,36:41
2024-25,1642346,Ryan Dunn,Ryan,1610612756,PHX,Phoenix Suns,0022400586,2025-01-18T00:00:00,PHX @ DET,W,29.305,6.1,16.0,0.385,2.5,6.1,0.4,0.0,0.0,0.0,4.9,4.9,9.8,1.2,0.0,0.0,0.0,1.2,4.9,0.0,14.7,-13.5,28.4,0,0,28.3,1,1,13086,1,8399,11114,7154,16070,8298,10334,7874,13505,14344,13505,2451,11125,5634,18924,16469,12854,8263,6072,4810,17725,13160,19309,15948,2246,150,15246,1,29:18
2024-25,1630224,Jalen Green,Jalen,1610612745,HOU,Houston Rockets,0022400591,2025-01-18T00:00:00,HOU @ POR,W,29.27,12.3,20.9,0.588,4.9,7.4,0.667,2.5,2.5,1.0,1.2,4.9,6.1,1.2,4.9,1.2,0.0,2.5,1.2,3.7,32.0,28.3,40.0,0,0,46.7,1,1,13086,1,8427,1354,2397,6229,2379,7663,1957,9171,11317,1,11611,11115,11940,18919,2440,9948,8263,2109,18380,7155,1537,2212,7781,2246,150,3576,1,29:16
2024-25,1630202,Payton Pritchard,Payton,1610612738,BOS,Boston Celtics,0022400587,2025-01-18T00:00:00,BOS vs. ATL,L,32.94166666666667,7.6,13.1,0.583,4.4,8.7,0.5,2.2,2.2,1.0,1.1,5.5,6.6,1.1,0.0,0.0,0.0,0.0,2.2,1.1,21.9,-6.6,31.4,0,0,33.9,1,13222,1,13222,5208,7383,11650,6296,3282,5203,3944,10006,12131,1,12528,9631,11046,19369,16469,12854,8263,8846,14166,16941,6322,16316,13775,2246,150,10943,1,32:57
2024-25,1630288,Jeff Dowtin Jr.,Jeff,1610612755,PHI,Philadelphia 76ers,0022400588,2025-01-18T00:00:00,PHI @ IND,L,21.933333333333334,4.9,13.1,0.375,0.0,3.3,0.0,0.0,0.0,0.0,0.0,1.6,1.6,9.8,0.0,1.6,0.0,1.6,0.0,0.0,9.8,-9.8,31.5,0,0,24.6,1,13222,1,13222,14543,14623,11619,16299,15070,17108,15070,13505,14344,13505,14058,20583,22380,1511,16469,7846,8263,4326,20257,17725,18313,17808,13669,2246,150,17938,1,21:56
2024-25,202685,Jonas Valančiūnas,Jonas,1610612764,WAS,Washington Wizards,0022400589,2025-01-18T00:00:00,WAS @ GSW,L,17.926666666666666,4.0,18.1,0.222,0.0,0.0,0.0,2.0,4.0,0.5,8.0,10.0,18.1,4.0,0.0,0.0,2.0,0.0,6.0,2.0,10.0,-12.0,43.8,0,0,36.1,1,13222,1,13222,17621,17055,4593,21205,15070,20945,15070,10619,7808,10625,775,2544,878,9893,16469,12854,3465,8846,2905,13049,18122,18758,5777,2246,150,9264,1,17:56
2024-25,1627780,Gary Payton II,Gary,1610612744,GSW,Golden State Warriors,0022400589,2025-01-18T00:00:00,GSW vs. WAS,W,19.216666666666665,7.5,13.1,0.571,1.9,3.7,0.5,1.9,1.9,1.0,0.0,3.7,3.7,3.7,1.9,0.0,0.0,0.0,3.7,3.7,18.7,20.6,27.0,0,0,28.1,1,1,13086,1,16650,7780,11651,6538,10763,16110,3944,11034,13047,1,14058,14479,17941,10661,11193,12854,8263,8846,7921,6995,9102,3782,16967,2246,150,15357,1,19:13
2024-25,203924,Jerami Grant,Jerami,1610612757,POR,Portland Trail Blazers,0022400591,2025-01-18T00:00:00,POR vs. HOU,L,24.983333333333334,2.9,8.6,0.333,1.4,4.3,0.333,2.9,2.9,1.0,1.4,4.3,5.8,1.4,4.3,0.0,2.9,0.0,2.9,1.4,10.1,-25.9,23.5,0,0,24.5,1,13222,1,13222,12017,19706,19282,17395,12289,14855,9209,8143,10279,1,10576,12739,12860,18204,3267,12854,1849,8846,11268,15275,18068,23014,19271,2246,150,18011,1,24:59
2024-25,1629636,Darius Garland,Darius,1610612739,CLE,Cleveland Cavaliers,0022400590,2025-01-18T00:00:00,CLE @ MIN,W,33.2,8.7,20.6,0.421,5.4,10.8,0.5,8.7,8.7,1.0,2.2,3.3,5.4,6.5,1.1,0.0,0.0,1.1,1.1,7.6,31.4,-15.2,46.6,0,0,48.8,1,1,13086,1,4987,5300,2573,14442,1822,2632,3944,1120,2071,1,7690,15927,13755,4707,15241,12854,8263,7191,19190,1267,1651,19968,4479,2246,150,2892,1,33:12
2024-25,1626145,Tyus Jones,Tyus,1610612756,PHX,Phoenix Suns,0022400586,2025-01-18T00:00:00,PHX @ DET,W,30.595,2.4,4.7,0.5,0.0,2.4,0.0,0.0,0.0,0.0,1.2,2.4,3.5,11.8,1.2,2.4,0.0,0.0,1.2,0.0,4.7,12.9,32.5,0,0,24.7,1,1,13086,1,7237,20753,23674,8526,15070,18897,15070,13505,14344,13505,11947,18610,18485,773,14606,4857,8263,8846,18675,17725,22183,6417,12964,2246,150,17882,1,30:36
2024-25,1641871,Duop Reath,Duop,1610612757,POR,Portland Trail Blazers,0022400591,2025-01-18T00:00:00,POR vs. HOU,L,5.8,0.0,6.2,0.0,0.0,6.2,0.0,0.0,0.0,0.0,0.0,0.0,0.0,6.2,6.2,0.0,0.0,0.0,12.4,0.0,0.0,-62.1,3.1,0,0,6.2,1,13222,1,13222,23670,22635,22415,22635,15070,10184,15070,13505,14344,13505,14058,22137,23286,5153,1268,12854,8263,8846,383,17725,23200,25730,25123,2246,150,24985,1,5:48
2024-25,1631303,Justin Minaya,Justin,1610612757,POR,Portland Trail Blazers,0022400591,2025-01-18T00:00:00,POR vs. HOU,L,2.0,0.0,0.0,0.0,0.0,0.0,0.0,0.0,0.0,0.0,0.0,0.0,0.0,18.0,0.0,0.0,0.0,0.0,0.0,0.0,0.0,-72.0,27.0,0,0,18.0,1,13222,1,13222,25452,22635,24836,22635,15070,20945,15070,13505,14344,13505,14058,22137,23286,137,16469,12854,8263,8846,20257,17725,23200,25910,16937,2246,150,21859,1,2:00
2024-25,1630191,Isaiah Stewart,Isaiah,1610612765,DET,Detroit Pistons,0022400586,2025-01-18T00:00:00,DET vs. PHX,L,15.566666666666666,2.3,4.6,0.5,0.0,0.0,0.0,2.3,4.6,0.5,0.0,6.9,6.9,0.0,4.6,2.3,0.0,0.0,9.3,2.3,6.9,-13.9,17.6,0,0,18.5,1,13222,1,13222,19210,20826,23729,8526,15070,20945,15070,9581,6623,10625,14058,6470,10261,19908,2817,4989,8263,8846,887,11698,20763,19454,22273,2246,150,21626,1,15:34
2024-25,203501,Tim Hardaway Jr.,Tim,1610612765,DET,Detroit Pistons,0022400586,2025-01-18T00:00:00,DET vs. PHX,L,31.143333333333334,3.5,10.4,0.333,2.3,6.9,0.333,4.6,6.9,0.667,0.0,2.3,2.3,0.0,0.0,0.0,0.0,0.0,2.3,3.5,13.9,-8.1,16.6,0,0,18.5,1,13222,1,13222,6755,18390,16376,17395,8813,8601,9209,4642,3434,9425,14058,18732,21180,19908,16469,12854,8263,8846,13598,7749,14079,17013,22614,2246,150,21630,1,31:09
2024-25,1630167,Obi Toppin,Obi,1610612754,IND,Indiana Pacers,0022400588,2025-01-18T00:00:00,IND vs. PHI,W,12.216666666666667,5.9,14.7,0.4,0.0,5.9,0.0,0.0,0.0,0.0,0.0,5.9,5.9,5.9,0.0,0.0,0.0,0.0,5.9,2.9,11.8,-8.8,27.7,0,0,23.6,1,1,13086,1,21145,11817,8993,14933,15070,10955,15070,13505,14344,13505,14058,8556,12537,5674,16469,12854,8263,8846,3079,9430,16357,17352,16426,2246,150,18628,1,12:13
2024-25,203992,Bogdan Bogdanović,Bogdan,1610612737,ATL,Atlanta Hawks,0022400587,2025-01-18T00:00:00,ATL @ BOS,W,23.323333333333334,3.1,6.2,0.5,1.5,4.6,0.333,3.1,3.1,1.0,0.0,4.6,4.6,3.1,0.0,1.5,0.0,0.0,3.1,3.1,10.8,-6.2,25.6,0,0,23.2,1,1,13086,1,13449,19236,22446,8526,11886,14134,9209,7578,9751,1,14058,11909,15748,12644,16469,8225,8263,8846,10322,8939,17368,16143,17867,2246,150,18890,1,23:19
2024-25,1631200,Kris Murray,Kris,1610612757,POR,Portland Trail Blazers,0022400591,2025-01-18T00:00:00,POR vs. HOU,L,21.166666666666668,3.4,13.6,0.25,1.7,8.5,0.2,3.4,3.4,1.0,1.7,1.7,3.4,1.7,1.7,0.0,0.0,0.0,1.7,1.7,11.9,-5.1,16.8,0,0,18.7,1,13222,1,13222,15170,18541,10820,20233,11399,5577,13429,6892,9086,1,9574,20456,18782,17362,11916,12854,8263,8846,16536,14263,16235,15647,22549,2246,150,21532,1,21:10
2024-25,1630241,Sam Merrill,Sam,1610612739,CLE,Cleveland Cavaliers,0022400590,2025-01-18T00:00:00,CLE @ MIN,W,6.65,0.0,10.8,0.0,0.0,10.8,0.0,0.0,0.0,0.0,0.0,5.4,5.4,0.0,0.0,0.0,0.0,0.0,5.4,5.4,0.0,5.4,6.5,0,0,5.4,1,1,13086,1,23303,22635,15644,22635,15070,2648,15070,13505,14344,13505,14058,9750,13773,19908,16469,12854,8263,8846,3832,3458,23200,9880,24864,2246,150,25062,1,6:39
2024-25,1642273,Kyshawn George,Kyshawn,1610612764,WAS,Washington Wizards,0022400589,2025-01-18T00:00:00,WAS @ GSW,L,30.386666666666667,2.4,7.1,0.333,2.4,4.7,0.5,1.2,2.4,0.5,0.0,3.6,3.6,1.2,0.0,1.2,0.0,1.2,3.6,2.4,8.3,4.7,17.9,0,0,17.8,1,13222,1,13222,7423,20724,21428,17395,8598,13872,3944,12649,11573,10625,14058,15075,18438,19068,16469,10313,8263,6376,8589,11471,19662,10260,22147,2246,150,21960,1,30:23
2024-25,203083,Andre Drummond,Andre,1610612755,PHI,Philadelphia 76ers,0022400588,2025-01-18T00:00:00,PHI @ IND,L,26.5,5.4,10.9,0.5,0.0,1.4,0.0,0.0,1.4,0.0,1.4,2.7,4.1,0.0,4.1,1.4,0.0,1.4,4.1,1.4,10.9,-20.4,15.8,0,0,17.7,1,13222,1,13222,10724,13173,15570,8526,15070,20425,15070,13505,13650,13505,10941,17645,17126,19908,3727,9144,8263,5365,6918,15628,17297,21661,22938,2246,150,22005,1,26:30
2024-25,204456,T.J. McConnell,T.J.,1610612754,IND,Indiana Pacers,0022400588,2025-01-18T00:00:00,IND vs. PHI,W,16.383333333333333,11.0,15.4,0.714,0.0,0.0,0.0,0.0,0.0,0.0,2.2,2.2,4.4,6.6,2.2,4.4,2.2,2.2,0.0,2.2,22.0,26.4,54.7,0,0,46.1,1,1,13086,1,18664,2264,7990,2752,15070,20945,15070,13505,14344,13505,7590,19072,16300,4575,9515,1307,2952,2646,20257,12171,6241,2539,2048,2246,150,3765,1,16:23
2024-25,1629660,Ty Jerome,Ty,1610612739,CLE,Cleveland Cavaliers,0022400590,2025-01-18T00:00:00,CLE @ MIN,W,21.733333333333334,8.3,11.6,0.714,3.3,3.3,1.0,5.0,6.6,0.75,0.0,6.6,6.6,6.6,1.7,1.7,0.0,1.7,1.7,5.0,24.8,46.4,46.0,0,0,44.7,1,1,13086,1,14727,6019,14314,2752,5620,17037,1,4089,3735,8186,14058,7040,10885,4534,12107,7779,8263,4264,16677,4179,4279,658,4728,2246,150,4383,1,21:44
2024-25,1630552,Jalen Johnson,Jalen,1610612737,ATL,Atlanta Hawks,0022400587,2025-01-18T00:00:00,ATL @ BOS,W,37.68333333333333,4.8,12.4,0.385,0.0,1.9,0.0,3.8,6.7,0.571,1.9,10.5,12.4,2.9,2.9,1.0,1.0,1.9,0.0,3.8,13.4,5.7,35.4,1,0,32.5,1,1,13086,1,1580,15027,12862,16070,15070,19720,15070,6038,3668,10536,8769,2222,3180,13393,6975,12308,7781,3508,20257,6790,14647,9734,10771,1,150,12000,1,37:41
2024-25,1627777,Georges Niang,Georges,1610612739,CLE,Cleveland Cavaliers,0022400590,2025-01-18T00:00:00,CLE @ MIN,W,29.066666666666666,6.2,8.7,0.714,3.7,5.0,0.75,2.5,2.5,1.0,3.7,8.7,12.4,1.2,0.0,1.2,0.0,0.0,3.7,1.2,18.6,11.1,39.0,1,0,38.4,1,1,13086,1,8620,10990,19239,2752,4662,13303,1542,9114,11263,1,4012,3864,3204,18887,16469,9880,8263,8846,8019,16189,9241,7164,8390,1,150,7772,1,29:04
2024-25,1641741,Ricky Council IV,Ricky,1610612755,PHI,Philadelphia 76ers,0022400588,2025-01-18T00:00:00,PHI @ IND,L,36.166666666666664,6.0,17.9,0.333,3.0,9.0,0.333,3.0,4.0,0.75,3.0,6.0,9.0,2.0,2.0,3.0,0.0,1.0,1.0,4.0,17.9,-2.0,38.6,0,0,37.8,1,13222,1,13222,2557,11600,4790,17395,6569,4891,9209,7853,7878,8186,5378,8401,6811,16415,10560,3192,8263,7971,19733,6356,9920,14041,8640,2246,150,8153,1,36:10
2024-25,1641739,Toumani Camara,Toumani,1610612757,POR,Portland Trail Blazers,0022400591,2025-01-18T00:00:00,POR vs. HOU,L,29.966666666666665,8.4,14.4,0.583,1.2,4.8,0.25,2.4,7.2,0.333,3.6,2.4,6.0,3.6,1.2,2.4,1.2,1.2,4.8,4.8,20.4,-19.2,42.6,0,0,38.4,1,13222,1,13222,7812,5781,9490,6296,13356,13690,11902,9327,3161,13132,4205,18472,12256,11076,14432,4691,6164,6251,5042,4489,7565,21316,6285,2246,150,7737,1,29:58
2024-25,1642265,Rob Dillingham,Rob,1610612750,MIN,Minnesota Timberwolves,0022400590,2025-01-18T00:00:00,MIN vs. CLE,L,17.953333333333333,10.0,20.1,0.5,4.0,8.0,0.5,0.0,0.0,0.0,0.0,0.0,0.0,4.0,2.0,0.0,0.0,0.0,12.0,0.0,24.1,6.0,28.1,0,0,32.1,1,13222,1,13222,17592,3196,2935,8526,3977,6415,3944,13505,14344,13505,14058,22137,23286,9908,10500,12854,8263,8846,419,17725,4761,9605,16163,2246,150,12314,1,17:57
2024-25,1628960,Grayson Allen,Grayson,1610612756,PHX,Phoenix Suns,0022400586,2025-01-18T00:00:00,PHX @ DET,W,29.378333333333334,1.2,4.9,0.25,1.2,2.5,0.5,4.9,4.9,1.0,1.2,2.5,3.7,3.7,2.5,0.0,0.0,0.0,4.9,3.7,8.6,3.7,16.1,0,0,17.2,1,1,13086,1,8331,22470,23528,20233,13234,18712,3944,4190,6116,1,11631,18324,18138,10859,8449,12854,8263,8846,4833,7196,19450,10824,22833,2246,150,22234,1,29:23
2024-25,1629675,Naz Reid,Naz,1610612750,MIN,Minnesota Timberwolves,0022400590,2025-01-18T00:00:00,MIN vs. CLE,L,26.466666666666665,8.2,16.3,0.5,5.4,10.9,0.5,0.0,0.0,0.0,0.0,2.7,2.7,5.4,0.0,2.7,2.7,0.0,4.1,1.4,21.8,-20.4,49.5,0,0,46.2,1,13222,1,13222,10757,6282,6645,8526,1798,2602,3944,13505,14344,13505,14058,17633,20403,6550,16469,3862,2046,8846,6896,15620,6411,21675,3413,2246,150,3730,1,26:28
2024-25,203471,Dennis Schröder,Dennis,1610612744,GSW,Golden State Warriors,0022400589,2025-01-18T00:00:00,GSW vs. WAS,W,31.666666666666668,8.0,15.9,0.5,2.3,4.5,0.5,4.5,4.5,1.0,0.0,1.1,1.1,4.5,2.3,1.1,0.0,0.0,2.3,4.5,22.7,6.8,32.1,0,0,33.0,1,1,13086,1,6258,6718,7230,8526,8952,14324,3944,4757,6751,1,14058,21664,23027,8532,9191,10706,8263,8846,13756,5046,5667,9222,13281,2246,150,11674,1,31:40
2024-25,1630573,Sam Hauser,Sam,1610612738,BOS,Boston Celtics,0022400587,2025-01-18T00:00:00,BOS vs. ATL,L,20.2,0.0,12.5,0.0,0.0,8.9,0.0,0.0,0.0,0.0,1.8,3.6,5.3,3.6,1.8,3.6,0.0,0.0,0.0,0.0,0.0,1.8,20.7,0,0,16.0,1,13222,1,13222,15862,22635,12767,22635,15070,4949,15070,13505,14344,13505,9311,15040,13920,11191,11627,2148,8263,8846,20257,17725,23200,11748,20856,2246,150,22689,1,20:12
2024-25,1626167,Myles Turner,Myles,1610612754,IND,Indiana Pacers,0022400588,2025-01-18T00:00:00,IND vs. PHI,W,27.55,9.1,19.6,0.467,2.6,6.5,0.4,2.6,2.6,1.0,2.6,11.8,14.4,2.6,2.6,0.0,1.3,0.0,6.5,1.3,23.5,13.1,46.0,1,0,45.7,1,1,13086,1,9909,4448,3276,12249,7780,9468,7874,8773,10946,1,6313,1491,2058,14172,7821,12854,5619,8846,2371,15876,5113,6368,4746,1,150,3920,1,27:33
2024-25,1630625,Dalano Banton,Dalano,1610612757,POR,Portland Trail Blazers,0022400591,2025-01-18T00:00:00,POR vs. HOU,L,20.833333333333332,5.2,13.8,0.375,1.7,5.2,0.333,0.0,0.0,0.0,0.0,5.2,5.2,3.5,0.0,0.0,1.7,0.0,1.7,3.5,12.1,-13.8,28.7,0,0,25.9,1,13222,1,13222,15405,13861,10456,16299,11315,12743,9209,13505,14344,13505,14058,10325,14310,11530,16469,12854,4227,8846,16435,7786,16039,19433,15730,2246,150,16995,1,20:50
2024-25,1628369,Jayson Tatum,Jayson,1610612738,BOS,Boston Celtics,0022400587,2025-01-18T00:00:00,BOS vs. ATL,L,43.03333333333333,5.9,17.6,0.333,1.7,7.5,0.222,5.9,6.7,0.875,0.0,6.7,6.7,5.9,2.5,2.5,0.0,0.8,1.7,3.3,19.2,0.0,41.1,0,0,38.5,1,13222,1,13222,147,11934,5179,17395,11472,7329,13288,3016,3665,6931,14058,6900,10742,5749,8210,4359,8263,8791,16613,8103,8609,12240,7135,2246,150,7714,1,43:02
2024-25,1631212,Peyton Watson,Peyton,1610612743,DEN,Denver Nuggets,0022400579,2025-01-17T00:00:00,DEN @ MIA,W,17.86,2.0,8.1,0.25,0.0,2.0,0.0,2.0,4.0,0.5,0.0,2.0,2.0,4.0,0.0,2.0,0.0,0.0,2.0,2.0,6.0,12.1,20.6,0,0,16.1,1,1,13086,1,17661,21383,20156,20233,15070,19527,15070,10591,7783,10625,14058,19614,21768,9865,16469,6185,8263,8846,15059,13008,21362,6755,20914,2246,150,22659,1,17:52
2024-25,1628998,Cody Martin,Cody,1610612766,CHA,Charlotte Hornets,0022400584,2025-01-17T00:00:00,CHA @ CHI,W,21.11,5.1,11.9,0.429,1.7,3.4,0.5,0.0,0.0,0.0,1.7,0.0,1.7,1.7,0.0,0.0,0.0,0.0,3.4,0.0,11.9,-15.3,16.5,0,0,17.1,1,1,13086,1,15223,14040,13695,13735,11385,16846,3944,13505,14344,13505,9559,22137,22294,17350,16469,12854,8263,8846,9040,17725,16209,20029,22646,2246,150,22280,1,21:07
2024-25,1627751,Jakob Poeltl,Jakob,1610612761,TOR,Toronto Raptors,0022400580,2025-01-17T00:00:00,TOR @ MIL,L,22.483333333333334,9.6,17.6,0.545,0.0,0.0,0.0,0.0,0.0,0.0,6.4,9.6,16.0,3.2,3.2,1.6,1.6,1.6,8.0,1.6,19.2,-14.4,49.6,1,0,44.8,1,13222,1,13222,14123,3714,5123,7695,15070,20945,15070,13505,14344,13505,1416,2911,1429,12298,5813,7980,4547,4432,1364,14628,8641,19664,3375,1,150,4340,1,22:29
2024-25,1628970,Miles Bridges,Miles,1610612766,CHA,Charlotte Hornets,0022400584,2025-01-17T00:00:00,CHA @ CHI,W,31.623333333333335,9.1,17.1,0.533,3.4,6.8,0.5,2.3,2.3,1.0,1.1,3.4,4.6,3.4,3.4,1.1,0.0,1.1,2.3,2.3,23.9,17.1,34.5,0,0,37.6,1,1,13086,1,6316,4519,5718,8140,5347,8827,3944,9703,11850,1,12204,15480,15918,11647,5198,10695,8263,6724,13740,11833,4872,4878,11460,2246,150,8311,1,31:37
2024-25,1630173,Precious Achiuwa,Precious,1610612752,NYK,New York Knicks,0022400578,2025-01-17T00:00:00,NYK vs. MIN,L,35.5,3.0,10.1,0.3,0.0,0.0,0.0,0.0,0.0,0.0,4.1,5.1,9.1,3.0,0.0,1.0,3.0,1.0,3.0,0.0,6.1,-3.0,33.8,0,0,26.4,1,13222,1,13222,3067,19335,16838,19363,15070,20945,15070,13505,14344,13505,3514,10663,6543,12787,16469,11822,1640,7785,10525,17725,21328,14590,11996,2246,150,16654,1,35:30
2024-25,1641722,Jordan Hawkins,Jordan,1610612740,NOP,New Orleans Pelicans,0022400581,2025-01-17T00:00:00,NOP vs. UTA,W,23.833333333333332,4.5,15.1,0.3,4.5,13.6,0.333,3.0,7.6,0.4,1.5,3.0,4.5,0.0,3.0,0.0,0.0,0.0,0.0,3.0,16.6,4.5,19.0,0,0,25.7,1,1,13086,1,13048,15674,8412,19363,3015,1060,9209,7746,2847,13061,10269,16646,15969,19908,6389,12854,8263,8846,20257,9160,11256,10373,21626,2246,150,17151,1,23:50
2024-25,1641744,Zach Edey,Zach,1610612763,MEM,Memphis Grizzlies,0022400582,2025-01-17T00:00:00,MEM @ SAS,W,7.2,10.0,10.0,1.0,0.0,0.0,0.0,0.0,0.0,0.0,0.0,20.0,20.0,5.0,0.0,0.0,0.0,0.0,0.0,0.0,20.0,10.0,51.5,0,0,45.0,1,1,13086,1,23096,3221,17047,1,15070,20945,15070,13505,14344,13505,14058,172,528,7471,16469,12854,8263,8846,20257,17725,7917,7697,2839,2246,150,4259,1,7:12
2024-25,1630230,Naji Marshall,Naji,1610612742,DAL,Dallas Mavericks,0022400583,2025-01-17T00:00:00,DAL vs. OKC,W,33.75666666666667,5.3,8.5,0.625,3.2,5.3,0.6,1.1,1.1,1.0,1.1,9.6,10.7,1.1,3.2,3.2,1.1,0.0,1.1,1.1,14.9,6.4,38.9,1,0,38.4,1,1,13086,1,4478,13463,19445,4899,5960,12384,2992,13018,14098,1,12744,2925,4755,19460,5825,2747,7019,8846,19309,17087,12988,9426,8463,1,150,7776,1,33:45
2024-25,202066,Garrett Temple,Garrett,1610612761,TOR,Toronto Raptors,0022400580,2025-01-17T00:00:00,TOR @ MIL,L,2.8333333333333335,0.0,0.0,0.0,0.0,0.0,0.0,25.4,25.4,1.0,12.7,0.0,12.7,0.0,0.0,0.0,0.0,0.0,12.7,12.7,25.4,-38.1,40.7,0,0,38.1,1,13222,1,13222,25050,22635,24836,22635,15070,20945,15070,47,83,1,207,22137,2992,19908,16469,12854,8263,8846,363,169,3984,24710,7354,2246,150,7947,1,2:50
2024-25,1630531,Jaden Springer,Jaden,1610612738,BOS,Boston Celtics,0022400577,2025-01-17T00:00:00,BOS vs. ORL,W,2.2,0.0,0.0,0.0,0.0,0.0,0.0,0.0,0.0,0.0,0.0,0.0,0.0,16.4,0.0,0.0,0.0,0.0,16.4,0.0,0.0,65.5,24.5,0,0,16.4,1,1,13086,1,25366,22635,24836,22635,15070,20945,15070,13505,14344,13505,14058,22137,23286,188,16469,12854,8263,8846,197,17725,23200,277,18577,2246,150,22561,1,2:12
2024-25,1642265,Rob Dillingham,Rob,1610612750,MIN,Minnesota Timberwolves,0022400578,2025-01-17T00:00:00,MIN @ NYK,W,13.4,10.7,16.1,0.667,2.7,5.4,0.5,0.0,0.0,0.0,0.0,2.7,2.7,8.1,5.4,0.0,0.0,2.7,0.0,2.7,24.2,-5.4,34.1,0,0,37.6,1,1,13086,1,20538,2455,6946,3281,7577,12269,3944,13505,14344,13505,14058,17739,20483,2826,1925,12854,8263,1760,20257,10348,4689,15774,11713,2246,150,8279,1,13:24
2024-25,1630243,Trevelin Queen,Trevelin,1610612753,ORL,Orlando Magic,0022400577,2025-01-17T00:00:00,ORL @ BOS,L,22.2,6.5,16.2,0.4,0.0,8.1,0.0,1.6,1.6,1.0,4.9,1.6,6.5,1.6,1.6,1.6,0.0,0.0,6.5,1.6,14.6,-13.0,28.1,0,0,25.9,1,13222,1,13222,14344,10216,6810,14933,15070,6266,15070,11560,13372,1,2489,20629,11203,17590,12246,7911,8263,8846,2411,14554,13291,19118,16183,2246,150,16981,1,22:12
2024-25,1631217,Moussa Diabaté,Moussa,1610612766,CHA,Charlotte Hornets,0022400584,2025-01-17T00:00:00,CHA @ CHI,W,15.055,2.4,4.8,0.5,0.0,0.0,0.0,0.0,0.0,0.0,0.0,7.2,7.2,0.0,0.0,2.4,0.0,0.0,0.0,0.0,4.8,-19.1,20.6,0,0,16.7,1,1,13086,1,19523,20692,23621,8526,15070,20945,15070,13505,14344,13505,14058,6053,9802,19908,16469,4725,8263,8846,20257,17725,22142,21282,20912,2246,150,22415,1,15:03
2024-25,1630202,Payton Pritchard,Payton,1610612738,BOS,Boston Celtics,0022400577,2025-01-17T00:00:00,BOS vs. ORL,W,20.916666666666668,3.4,5.2,0.667,0.0,0.0,0.0,0.0,0.0,0.0,3.4,0.0,3.4,5.2,6.9,0.0,0.0,0.0,5.2,0.0,6.9,6.9,11.9,0,0,15.5,1,1,13086,1,15345,18453,23347,3281,15070,20945,15070,13505,14344,13505,4469,22137,18681,7104,940,12854,8263,8846,4260,17725,20802,9192,24041,2246,150,22887,1,20:55
2024-25,1631288,Jamal Cain,Jamal,1610612740,NOP,New Orleans Pelicans,0022400581,2025-01-17T00:00:00,NOP vs. UTA,W,2.4166666666666665,0.0,29.8,0.0,0.0,29.8,0.0,0.0,0.0,0.0,14.9,0.0,14.9,0.0,0.0,14.9,0.0,0.0,14.9,0.0,0.0,-89.4,62.6,0,0,44.7,1,1,13086,1,25259,22635,285,22635,15070,67,15070,13505,14344,13505,135,22137,1818,19908,16469,48,8263,8846,246,17725,23200,26087,910,2246,150,4392,1,2:25
2024-25,1630533,Ziaire Williams,Ziaire,1610612751,BKN,Brooklyn Nets,0022400585,2025-01-17T00:00:00,BKN @ LAL,L,25.2,7.1,18.6,0.385,4.3,12.9,0.333,2.9,2.9,1.0,1.4,4.3,5.7,4.3,1.4,0.0,1.4,1.4,2.9,1.4,21.4,0.0,37.6,0,0,38.6,1,13222,1,13222,11832,8597,4151,16070,3413,1364,9209,8193,10335,1,10634,12844,12975,9167,13117,12854,5119,5064,11375,15328,6706,12240,9304,2246,150,7653,1,25:12
2024-25,1629060,Rui Hachimura,Rui,1610612747,LAL,Los Angeles Lakers,0022400585,2025-01-17T00:00:00,LAL vs. BKN,W,32.3,4.5,11.1,0.4,1.1,4.5,0.25,1.1,1.1,1.0,3.3,3.3,6.7,4.5,1.1,1.1,0.0,2.2,0.0,1.1,11.1,3.3,28.1,0,0,25.6,1,1,13086,1,5727,15899,15111,14933,13864,14552,11902,12873,14020,1,4649,15651,10747,8749,15031,10903,8263,2585,20257,16847,17043,10950,16150,2246,150,17186,1,32:18
2024-25,1628404,Josh Hart,Josh,1610612752,NYK,New York Knicks,0022400578,2025-01-17T00:00:00,NYK vs. MIN,L,38.11666666666667,2.8,11.3,0.25,0.9,4.7,0.2,4.7,5.7,0.833,1.9,6.6,8.5,0.0,2.8,2.8,0.0,0.9,3.8,5.7,11.3,-22.7,27.2,0,0,26.4,1,13222,1,13222,1316,19803,14772,20233,14815,13905,13429,4478,4943,7275,8868,7076,7471,19908,7100,3590,8263,8382,7811,3083,16854,22262,16822,2246,150,16584,1,38:07
2024-25,1631108,Max Christie,Max,1610612747,LAL,Los Angeles Lakers,0022400585,2025-01-17T00:00:00,LAL vs. BKN,W,33.13333333333333,2.2,14.1,0.154,2.2,8.7,0.25,1.1,2.2,0.5,0.0,3.3,3.3,3.3,1.1,0.0,0.0,0.0,0.0,3.3,7.6,0.0,15.3,0,0,16.3,1,1,13086,1,5043,21086,9961,22243,9347,5280,11902,12947,12173,10625,14058,15909,19085,12117,15226,12854,8263,8846,20257,8380,20237,12240,23086,2246,150,22590,1,33:08
2024-25,1641765,Olivier-Maxence Prosper,Olivier-Maxence,1610612742,DAL,Dallas Mavericks,0022400583,2025-01-17T00:00:00,DAL vs. OKC,W,9.391666666666667,11.5,15.3,0.75,3.8,7.7,0.5,0.0,0.0,0.0,0.0,7.7,7.7,0.0,3.8,0.0,0.0,0.0,0.0,0.0,26.8,-11.5,32.2,0,0,38.3,1,1,13086,1,22320,1867,8054,2107,4351,7051,3944,13505,14344,13505,14058,5215,8850,19908,4223,12854,8263,8846,20257,17725,3284,18535,13173,2246,150,7806,1,9:24
2024-25,203484,Kentavious Caldwell-Pope,Kentavious,1610612753,ORL,Orlando Magic,0022400577,2025-01-17T00:00:00,ORL @ BOS,L,25.7,2.8,7.0,0.4,1.4,5.6,0.25,0.0,0.0,0.0,1.4,0.0,1.4,1.4,1.4,1.4,1.4,0.0,1.4,0.0,7.0,-26.6,17.8,0,0,16.8,1,13222,1,13222,11405,19874,21558,14933,12450,11714,11902,13505,14344,13505,10746,22137,22686,18342,13277,8892,5228,8846,17619,17725,20724,23153,22183,2246,150,22377,1,25:42
2024-25,203482,Kelly Olynyk,Kelly,1610612761,TOR,Toronto Raptors,0022400580,2025-01-17T00:00:00,TOR @ MIL,L,19.408333333333335,9.3,13.0,0.714,3.7,7.4,0.5,5.6,11.1,0.5,1.9,5.6,7.4,3.7,1.9,1.9,0.0,0.0,5.6,7.4,27.8,-18.5,46.0,0,0,46.4,1,13222,1,13222,16495,4248,11882,2752,4679,7567,3944,3350,989,10625,9021,9374,9331,10764,11294,7004,8263,8846,3605,1376,2848,21083,4745,2246,150,3703,1,19:25
2024-25,1642276,Kel'el Ware,Kel'el,1610612748,MIA,Miami Heat,0022400579,2025-01-17T00:00:00,MIA vs. DEN,L,15.656666666666666,9.2,20.7,0.444,2.3,6.9,0.333,0.0,0.0,0.0,2.3,13.8,16.1,2.3,0.0,2.3,0.0,0.0,0.0,0.0,20.7,-29.9,50.4,0,0,46.0,1,13222,1,13222,19164,4362,2519,13045,8848,8672,9209,13505,14344,13505,7244,805,1393,15233,16469,5041,8263,8846,20257,17725,7320,23716,3163,2246,150,3820,1,15:39
2024-25,1630163,LaMelo Ball,LaMelo,1610612766,CHA,Charlotte Hornets,0022400584,2025-01-17T00:00:00,CHA @ CHI,W,32.083333333333336,7.9,21.3,0.368,1.1,10.1,0.111,12.3,14.6,0.846,0.0,1.1,1.1,10.1,3.4,2.2,0.0,1.1,2.2,9.0,29.2,-10.1,49.0,0,0,46.0,1,1,13086,1,5901,6949,2145,16823,13825,3379,15003,313,383,7255,14058,21704,23049,1387,5318,5234,8263,6857,13903,667,2383,17927,3618,2246,150,3816,1,32:05
2024-25,1641730,Noah Clowney,Noah,1610612751,BKN,Brooklyn Nets,0022400585,2025-01-17T00:00:00,BKN @ LAL,L,30.625,3.5,11.8,0.3,3.5,8.2,0.429,2.4,2.4,1.0,1.2,4.7,5.9,1.2,3.5,0.0,1.2,1.2,1.2,1.2,12.9,0.0,21.7,0,0,25.9,1,13222,1,13222,7198,18261,14019,19363,5091,6036,7394,9447,11622,1,11960,11696,12573,19096,4959,12854,6332,6440,18687,16528,15168,12240,20291,2246,150,17033,1,30:38
2024-25,1629656,Quentin Grimes,Quentin,1610612742,DAL,Dallas Mavericks,0022400583,2025-01-17T00:00:00,DAL vs. OKC,W,21.6,3.3,6.7,0.5,1.7,5.0,0.333,0.0,0.0,0.0,0.0,5.0,5.0,1.7,0.0,0.0,0.0,0.0,0.0,5.0,8.3,-13.3,16.8,0,0,16.7,1,1,13086,1,14851,18675,21931,8526,11493,13210,9209,13505,14344,13505,14058,10880,14788,17452,16469,12854,8263,8846,20257,4118,19635,19241,22551,2246,150,22441,1,21:36
2024-25,1628971,Bruce Brown,Bruce,1610612761,TOR,Toronto Raptors,0022400580,2025-01-17T00:00:00,TOR @ MIL,L,20.2,10.7,19.6,0.545,3.6,8.9,0.4,5.3,7.1,0.75,3.6,7.1,10.7,0.0,1.8,0.0,0.0,0.0,3.6,3.6,30.3,-19.6,41.3,0,0,44.6,1,13222,1,13222,15862,2511,3274,7695,4998,4949,7874,3593,3242,8186,4275,6120,4705,19908,11627,12854,8263,8846,8547,7494,1983,21434,6964,2246,150,4437,1,20:12
2024-25,1629637,Jaxson Hayes,Jaxson,1610612747,LAL,Los Angeles Lakers,0022400585,2025-01-17T00:00:00,LAL vs. BKN,W,33.06666666666667,3.3,7.6,0.429,0.0,0.0,0.0,0.0,0.0,0.0,1.1,8.7,9.8,1.1,1.1,0.0,0.0,2.2,2.2,1.1,6.5,9.8,18.8,0,0,17.4,1,1,13086,1,5096,18840,20757,13735,15070,20945,15070,13505,14344,13505,12562,3823,5682,19385,15205,12854,8263,2694,14205,16956,21029,7789,21743,2246,150,22121,1,33:04
2024-25,1630553,Keon Johnson,Keon,1610612751,BKN,Brooklyn Nets,0022400585,2025-01-17T00:00:00,BKN @ LAL,L,19.083333333333332,9.4,20.8,0.455,1.9,3.8,0.5,3.8,5.7,0.667,1.9,0.0,1.9,1.9,3.8,3.8,0.0,3.8,3.8,3.8,24.5,11.3,37.2,0,0,37.7,1,13222,1,13222,16762,3973,2484,12676,10694,16053,3944,6137,4961,9425,8875,22137,22024,16800,4385,1879,8263,750,7824,6924,4475,7088,9568,2246,150,8209,1,19:05
2024-25,1626179,Terry Rozier,Terry,1610612748,MIA,Miami Heat,0022400579,2025-01-17T00:00:00,MIA vs. DEN,L,24.45,5.9,10.3,0.571,1.5,5.9,0.25,5.9,5.9,1.0,0.0,10.3,10.3,7.4,0.0,0.0,0.0,0.0,2.9,5.9,19.1,-10.3,42.6,0,0,38.3,1,13222,1,13222,12529,11830,16552,6538,12149,10972,11902,2974,4618,1,14058,2348,5111,3555,16469,12854,8263,8846,10955,2761,8703,18032,6342,2246,150,7839,1,24:27
2024-25,203932,Aaron Gordon,Aaron,1610612743,DEN,Denver Nuggets,0022400579,2025-01-17T00:00:00,DEN @ MIA,W,22.055,8.2,13.1,0.625,1.6,4.9,0.333,8.2,8.2,1.0,0.0,9.8,9.8,4.9,1.6,0.0,0.0,0.0,3.3,4.9,26.1,13.1,43.6,0,0,42.4,1,1,13086,1,14460,6281,11761,4899,11588,13446,9209,1333,2402,1,14058,2732,5689,7693,12209,12854,8263,8846,9598,4300,3620,6371,5860,2246,150,5440,1,22:03
2024-25,1629634,Brandon Clarke,Brandon,1610612763,MEM,Memphis Grizzlies,0022400582,2025-01-17T00:00:00,MEM @ SAS,W,18.988333333333333,11.4,13.3,0.857,0.0,0.0,0.0,0.0,1.9,0.0,3.8,1.9,5.7,3.8,0.0,1.9,0.0,1.9,1.9,1.9,22.8,47.4,41.0,0,0,36.0,1,1,13086,1,16835,1956,11360,1412,15070,20945,15070,13505,12992,13505,3899,19990,13058,10518,16469,6790,8263,3565,15705,13538,5663,627,7195,2246,150,9353,1,18:59
2024-25,1631094,Paolo Banchero,Paolo,1610612753,ORL,Orlando Magic,0022400577,2025-01-17T00:00:00,ORL @ BOS,L,29.316666666666666,9.8,24.6,0.4,0.0,2.5,0.0,6.1,8.6,0.714,0.0,4.9,4.9,4.9,2.5,0.0,0.0,2.5,1.2,7.4,25.8,-23.3,36.6,0,0,35.6,1,13222,1,13222,8382,3437,910,14933,15070,18705,15070,2740,2126,9244,14058,11127,15026,7664,8426,12854,8263,2114,18392,1409,3781,22422,9971,2246,150,9652,1,29:19
2024-25,1641717,Cason Wallace,Cason,1610612760,OKC,Oklahoma City Thunder,0022400583,2025-01-17T00:00:00,OKC @ DAL,L,37.31666666666667,3.9,10.6,0.364,1.9,3.9,0.5,0.0,0.0,0.0,1.9,3.9,5.8,4.8,2.9,3.9,0.0,1.0,1.9,0.0,9.6,-4.8,32.5,0,0,29.9,1,13222,1,13222,1783,17427,16027,16861,10507,15879,3944,13505,14344,13505,8710,14156,12788,7851,6870,1786,8263,8229,15524,17725,18496,15485,12942,2246,150,14022,1,37:19
2024-25,1629640,Keldon Johnson,Keldon,1610612759,SAS,San Antonio Spurs,0022400582,2025-01-17T00:00:00,SAS vs. MEM,L,23.088333333333335,4.7,9.4,0.5,3.1,4.7,0.667,0.0,0.0,0.0,1.6,1.6,3.1,0.0,3.1,1.6,0.0,0.0,3.1,0.0,12.5,-28.1,17.8,0,0,21.8,1,13222,1,13222,13646,15294,18190,8526,6173,14020,1957,13505,14344,13505,10084,20753,19438,19908,6071,8159,8263,8846,10205,17725,15626,23444,22188,2246,150,19772,1,23:05
2024-25,1629004,Svi Mykhailiuk,Svi,1610612762,UTA,Utah Jazz,0022400581,2025-01-17T00:00:00,UTA @ NOP,L,28.45,7.6,17.7,0.429,3.8,12.7,0.3,1.3,2.5,0.5,0.0,6.3,6.3,2.5,3.8,0.0,1.3,0.0,5.1,2.5,20.2,-19.0,31.6,0,0,35.4,1,13222,1,13222,9165,7532,4995,13735,4451,1452,11319,12403,11125,10625,14058,7645,11552,14443,4329,12854,5821,8846,4468,10870,7699,21234,13587,2246,150,9777,1,28:27
2024-25,1631248,Baylor Scheierman,Baylor,1610612738,BOS,Boston Celtics,0022400577,2025-01-17T00:00:00,BOS vs. ORL,W,4.016666666666667,0.0,9.0,0.0,0.0,9.0,0.0,0.0,0.0,0.0,0.0,26.9,26.9,0.0,0.0,0.0,0.0,0.0,0.0,0.0,0.0,9.0,32.3,0,0,26.9,1,1,13086,1,24471,22635,18775,22635,15070,4884,15070,13505,14344,13505,14058,60,140,19908,16469,12854,8263,8846,20257,17725,23200,8196,13112,2246,150,16235,1,4:01
2024-25,1641740,Jaylen Clark,Jaylen,1610612750,MIN,Minnesota Timberwolves,0022400578,2025-01-17T00:00:00,MIN @ NYK,W,1.1833333333333333,0.0,30.4,0.0,0.0,0.0,0.0,0.0,0.0,0.0,30.4,0.0,30.4,0.0,0.0,0.0,0.0,0.0,0.0,0.0,0.0,60.8,36.5,0,0,30.4,1,1,13086,1,25970,22635,254,22635,15070,20945,15070,13505,14344,13505,14,22137,80,19908,16469,12854,8263,8846,20257,17725,23200,349,10023,2246,150,13610,1,1:11
2024-25,1629674,Neemias Queta,Neemias,1610612738,BOS,Boston Celtics,0022400577,2025-01-17T00:00:00,BOS vs. ORL,W,11.191666666666666,9.7,9.7,1.0,0.0,0.0,0.0,3.2,6.4,0.5,0.0,9.7,9.7,3.2,3.2,0.0,0.0,0.0,9.7,3.2,22.5,3.2,35.7,0,0,35.4,1,1,13086,1,21625,3660,17675,1,15070,20945,15070,7289,3957,10625,14058,2871,5871,12239,5774,12854,8263,8846,781,8500,5845,11010,10575,2246,150,9809,1,11:12
2024-25,1628384,OG Anunoby,OG,1610612752,NYK,New York Knicks,0022400578,2025-01-17T00:00:00,NYK vs. MIN,L,38.266666666666666,4.7,9.4,0.5,2.8,5.6,0.5,4.7,5.6,0.833,3.8,5.6,9.4,2.8,0.9,0.9,0.9,0.0,0.9,3.8,16.9,-16.9,37.2,1,0,35.7,1,13222,1,13222,1236,15232,18101,8526,7149,11592,3944,4510,4980,7275,3944,9181,6173,13519,16192,12433,7890,8846,20018,6951,10922,20592,9572,1,150,9548,1,38:16
2024-25,1630245,Ayo Dosunmu,Ayo,1610612741,CHI,Chicago Bulls,0022400584,2025-01-17T00:00:00,CHI vs. CHA,L,28.2,5.1,10.2,0.5,1.3,3.8,0.333,0.0,0.0,0.0,1.3,5.1,6.4,5.1,0.0,1.3,0.0,0.0,5.1,0.0,11.5,5.1,30.6,0,0,26.8,1,13222,1,13222,9378,14065,16707,8526,12953,15934,9209,13505,14344,13505,11323,10548,11440,7229,16469,9606,8263,8846,4361,17725,16681,10050,14319,2246,150,16314,1,28:12
2024-25,1631170,Jaime Jaquez Jr.,Jaime,1610612748,MIA,Miami Heat,0022400579,2025-01-17T00:00:00,MIA vs. DEN,L,24.133333333333333,4.5,10.4,0.429,1.5,3.0,0.5,3.0,3.0,1.0,0.0,4.5,4.5,4.5,0.0,1.5,0.0,0.0,1.5,1.5,13.4,0.0,30.0,0,0,26.9,1,13222,1,13222,12774,15849,16315,13735,12068,17697,3944,7857,10016,1,14058,12323,16108,8714,16469,8446,8263,8846,17255,15036,14589,12240,14808,2246,150,16270,1,24:08
2024-25,1642278,Tyler Kolek,Tyler,1610612752,NYK,New York Knicks,0022400578,2025-01-17T00:00:00,NYK vs. MIN,L,1.1833333333333333,0.0,0.0,0.0,0.0,0.0,0.0,0.0,0.0,0.0,0.0,30.4,30.4,0.0,0.0,0.0,0.0,0.0,0.0,0.0,0.0,-60.8,36.5,0,0,30.4,1,13222,1,13222,25970,22635,24836,22635,15070,20945,15070,13505,14344,13505,14058,33,80,19908,16469,12854,8263,8846,20257,17725,23200,25706,10023,2246,150,13610,1,1:11
2024-25,1631114,Jalen Williams,Jalen,1610612760,OKC,Oklahoma City Thunder,0022400583,2025-01-17T00:00:00,OKC @ DAL,L,37.1,6.8,21.3,0.318,1.0,4.9,0.2,3.9,7.8,0.5,0.0,4.9,4.9,5.8,5.8,0.0,0.0,2.9,1.9,6.8,18.4,-11.6,27.2,0,0,30.1,1,13222,1,13222,1922,9441,2129,19142,14702,13559,13429,5908,2698,10625,14058,11274,15175,5806,1533,12854,8263,1449,15457,1830,9382,18594,16835,2246,150,13888,1,37:06
2024-25,201143,Al Horford,Al,1610612738,BOS,Boston Celtics,0022400577,2025-01-17T00:00:00,BOS vs. ORL,W,22.666666666666668,3.2,6.4,0.5,3.2,4.8,0.667,0.0,0.0,0.0,3.2,1.6,4.8,3.2,0.0,0.0,0.0,0.0,1.6,0.0,9.5,20.6,20.0,0,0,20.6,1,1,13086,1,13977,19042,22263,8526,6017,13799,1957,13505,14344,13505,4991,20703,15388,12398,16469,12854,8263,8846,16905,17725,18605,3772,21161,2246,150,20486,1,22:40
2024-25,1630183,Jaden McDaniels,Jaden,1610612750,MIN,Minnesota Timberwolves,0022400578,2025-01-17T00:00:00,MIN @ NYK,W,33.983333333333334,4.2,11.7,0.364,2.1,6.4,0.333,0.0,0.0,0.0,3.2,5.3,8.5,2.1,0.0,2.1,0.0,0.0,4.2,0.0,10.6,12.7,30.3,0,0,27.5,1,1,13086,1,4278,16490,14213,16861,9600,9859,9209,13505,14344,13505,4987,10033,7511,15933,16469,5701,8263,8846,6453,17725,17565,6514,14579,2246,150,15758,1,33:59
2024-25,1631255,Karlo Matković,Karlo,1610612740,NOP,New Orleans Pelicans,0022400581,2025-01-17T00:00:00,NOP vs. UTA,W,4.266666666666667,0.0,8.4,0.0,0.0,0.0,0.0,0.0,0.0,0.0,0.0,8.4,8.4,0.0,8.4,0.0,16.9,0.0,25.3,0.0,0.0,-92.8,52.3,0,0,42.2,1,1,13086,1,24349,22635,19585,22635,15070,20945,15070,13505,14344,13505,14058,4129,7568,19908,512,12854,17,8846,64,17725,23200,26108,2639,2246,150,5552,1,4:16
2024-25,201599,DeAndre Jordan,DeAndre,1610612743,DEN,Denver Nuggets,0022400579,2025-01-17T00:00:00,DEN @ MIA,W,14.916666666666666,7.2,7.2,1.0,0.0,0.0,0.0,0.0,0.0,0.0,4.8,0.0,4.8,2.4,0.0,0.0,0.0,0.0,0.0,0.0,14.5,36.2,23.9,0,0,21.7,1,1,13086,1,19626,8360,21276,1,15070,20945,15070,13505,14344,13505,2533,22137,15230,14833,16469,12854,8263,8846,20257,17725,13432,1269,19023,2246,150,19830,1,14:55
2024-25,1642268,Isaiah Collier,Isaiah,1610612762,UTA,Utah Jazz,0022400581,2025-01-17T00:00:00,UTA @ NOP,L,35.06666666666667,3.1,10.3,0.3,0.0,1.0,0.0,2.1,4.1,0.5,2.1,5.1,7.2,11.3,2.1,1.0,1.0,4.1,2.1,3.1,8.2,8.2,37.9,0,0,30.8,1,13222,1,13222,3410,19252,16625,19363,15070,20831,15070,10454,7615,10625,8154,10473,9777,902,10244,11700,7297,618,14856,8958,19739,8524,9099,2246,150,13327,1,35:04
2024-25,1628467,Maxi Kleber,Maxi,1610612742,DAL,Dallas Mavericks,0022400583,2025-01-17T00:00:00,DAL vs. OKC,W,20.233333333333334,3.6,12.5,0.286,0.0,7.1,0.0,5.3,5.3,1.0,3.6,0.0,3.6,7.1,0.0,0.0,3.6,1.8,1.8,5.3,12.5,-12.5,38.1,0,0,30.2,1,1,13086,1,15838,18178,12810,19630,15070,8223,15070,3605,5409,1,4289,22137,18419,3866,16469,12854,1180,3955,16272,3576,15647,18924,8977,2246,150,13756,1,20:14
2024-25,1631107,Nikola Jović,Nikola,1610612748,MIA,Miami Heat,0022400579,2025-01-17T00:00:00,MIA vs. DEN,L,30.85,7.0,14.0,0.5,2.3,8.2,0.286,2.3,2.3,1.0,0.0,4.7,4.7,4.7,4.7,0.0,0.0,0.0,2.3,1.2,18.7,-21.0,26.6,0,0,30.3,1,13222,1,13222,6992,8930,10172,8526,8728,6144,11433,9514,11684,1,14058,11806,15653,8263,2759,12854,8263,8846,13509,16565,9149,21833,17213,2246,150,13681,1,30:51
2024-25,1628464,Daniel Theis,Daniel,1610612740,NOP,New Orleans Pelicans,0022400581,2025-01-17T00:00:00,NOP vs. UTA,W,28.033333333333335,7.7,11.6,0.667,2.6,2.6,1.0,5.1,6.4,0.8,6.4,3.9,10.3,3.9,1.3,1.3,0.0,2.6,5.1,3.9,23.1,19.3,43.8,0,0,42.4,1,1,13086,1,9519,7264,14376,3281,7922,18502,1,3837,3980,7681,1407,14176,5149,10362,13883,9547,8263,1919,4304,6698,5404,4182,5771,2246,150,5462,1,28:02
2024-25,203944,Julius Randle,Julius,1610612750,MIN,Minnesota Timberwolves,0022400578,2025-01-17T00:00:00,MIN @ NYK,W,34.5,2.1,6.3,0.333,0.0,2.1,0.0,4.2,4.2,1.0,2.1,5.2,7.3,6.3,4.2,0.0,0.0,1.0,3.1,3.1,8.3,20.9,22.3,0,0,21.9,1,1,13086,1,3852,21253,22364,17395,15070,19389,15070,5389,7468,1,8003,10237,9565,5077,3545,12854,8263,7541,10164,8781,19626,3730,19965,2246,150,19721,1,34:30
2024-25,1628991,Jaren Jackson Jr.,Jaren,1610612763,MEM,Memphis Grizzlies,0022400582,2025-01-17T00:00:00,MEM @ SAS,W,25.85,11.1,27.9,0.4,4.2,11.1,0.375,0.0,0.0,0.0,0.0,2.8,2.8,5.6,1.4,1.4,0.0,4.2,5.6,0.0,26.5,23.7,40.9,0,0,41.8,1,1,13086,1,11287,2146,409,14933,3612,2379,8800,13505,14344,13505,14058,17443,20286,6305,13315,8942,8263,590,3594,17725,3448,3111,7203,2246,150,5760,1,25:51
2024-25,1641710,Anthony Black,Anthony,1610612753,ORL,Orlando Magic,0022400577,2025-01-17T00:00:00,ORL @ BOS,L,28.683333333333334,5.0,12.6,0.4,0.0,3.8,0.0,6.3,7.5,0.833,0.0,7.5,7.5,3.8,1.3,0.0,0.0,0.0,2.5,3.8,16.3,-7.5,29.7,0,0,27.6,1,13222,1,13222,8938,14322,12656,14933,15070,16069,15070,2615,2871,7275,14058,5440,9108,10609,14068,12854,8263,8846,12761,6948,11585,16749,14980,2246,150,15711,1,28:41
2024-25,1641787,Tosan Evbuomwan,Tosan,1610612751,BKN,Brooklyn Nets,0022400585,2025-01-17T00:00:00,BKN @ LAL,L,26.55,8.1,13.6,0.6,1.4,5.4,0.25,2.7,2.7,1.0,4.1,4.1,8.1,2.7,2.7,1.4,0.0,1.4,2.7,2.7,20.3,-4.1,35.5,0,0,35.3,1,13222,1,13222,10687,6335,10900,5394,12625,12157,11902,8547,10714,1,3496,13515,8031,13871,7492,9156,8263,5374,11992,10287,7625,15101,10711,2246,150,9914,1,26:33
2024-25,201572,Brook Lopez,Brook,1610612749,MIL,Milwaukee Bucks,0022400580,2025-01-17T00:00:00,MIL vs. TOR,W,34.2,3.2,7.4,0.429,1.1,3.2,0.333,2.1,2.1,1.0,2.1,5.3,7.4,5.3,2.1,0.0,2.1,0.0,3.2,2.1,9.5,10.5,30.4,0,0,27.4,1,1,13086,1,4097,19088,21116,13735,14237,17348,9209,10274,12403,1,7933,10118,9438,6906,9972,12854,3189,8846,10049,12587,18664,7456,14482,2246,150,15896,1,34:12
2024-25,1630526,Jeremiah Robinson-Earl,Jeremiah,1610612740,NOP,New Orleans Pelicans,0022400581,2025-01-17T00:00:00,NOP vs. UTA,W,20.515,7.0,8.8,0.8,0.0,1.8,0.0,0.0,0.0,0.0,7.0,5.3,12.3,5.3,0.0,3.5,1.8,0.0,3.5,0.0,14.0,17.5,52.5,0,0,42.1,1,1,13086,1,15634,8882,19070,1688,15070,19979,15070,13505,14344,13505,1143,10113,3281,6904,16469,2228,4156,8846,8721,17725,13897,4723,2595,2246,150,5589,1,20:31
2024-25,1628379,Luke Kennard,Luke,1610612763,MEM,Memphis Grizzlies,0022400582,2025-01-17T00:00:00,MEM @ SAS,W,26.05,8.3,12.4,0.667,2.8,5.5,0.5,4.1,4.1,1.0,0.0,4.1,4.1,5.5,1.4,0.0,0.0,1.4,1.4,4.1,23.5,16.6,35.4,0,0,35.9,1,1,13086,1,11127,5998,12839,3281,7343,11896,3944,5446,7528,1,14058,13286,16956,6375,13393,12854,8263,5255,17695,5954,5134,5046,10820,2246,150,9425,1,26:03
2024-25,1630643,Jay Huff,Jay,1610612763,MEM,Memphis Grizzlies,0022400582,2025-01-17T00:00:00,MEM @ SAS,W,10.445,6.9,10.3,0.667,0.0,3.4,0.0,0.0,3.4,0.0,6.9,3.4,10.3,3.4,0.0,0.0,0.0,0.0,3.4,3.4,13.8,-27.6,31.4,0,0,27.6,1,1,13086,1,21944,9180,16484,3281,15070,16774,15070,13505,9000,13505,1182,15384,5070,11568,16469,12854,8263,8846,8908,7820,14185,23350,13777,2246,150,15740,1,10:27
2024-25,1630574,Ariel Hukporti,Ariel,1610612752,NYK,New York Knicks,0022400578,2025-01-17T00:00:00,NYK vs. MIN,L,1.1833333333333333,0.0,0.0,0.0,0.0,0.0,0.0,0.0,0.0,0.0,0.0,0.0,0.0,0.0,0.0,0.0,0.0,0.0,0.0,0.0,0.0,-60.8,0.0,0,0,0.0,1,13222,1,13222,25970,22635,24836,22635,15070,20945,15070,13505,14344,13505,14058,22137,23286,19908,16469,12854,8263,8846,20257,17725,23200,25706,25228,2246,150,25259,1,1:11
2024-25,1629652,Luguentz Dort,Luguentz,1610612760,OKC,Oklahoma City Thunder,0022400583,2025-01-17T00:00:00,OKC @ DAL,L,35.583333333333336,6.1,10.1,0.6,6.1,8.1,0.75,0.0,0.0,0.0,2.0,3.0,5.1,3.0,1.0,1.0,0.0,1.0,2.0,2.0,18.2,-5.1,30.9,0,0,34.4,1,13222,1,13222,3006,11315,16879,5394,1256,6297,1542,13505,14344,13505,8283,16603,14648,12810,15766,11847,8263,7808,15007,12971,9616,15625,14164,2246,150,10527,1,35:35
2024-25,1642359,Pacôme Dadiet,Pacôme,1610612752,NYK,New York Knicks,0022400578,2025-01-17T00:00:00,NYK vs. MIN,L,1.1833333333333333,0.0,0.0,0.0,0.0,0.0,0.0,0.0,0.0,0.0,0.0,0.0,0.0,0.0,0.0,0.0,0.0,0.0,0.0,0.0,0.0,-60.8,0.0,0,0,0.0,1,13222,1,13222,25970,22635,24836,22635,15070,20945,15070,13505,14344,13505,14058,22137,23286,19908,16469,12854,8263,8846,20257,17725,23200,25706,25228,2246,150,25259,1,1:11
2024-25,1629639,Tyler Herro,Tyler,1610612748,MIA,Miami Heat,0022400579,2025-01-17T00:00:00,MIA vs. DEN,L,34.333333333333336,10.5,17.8,0.588,2.1,7.3,0.286,0.0,0.0,0.0,0.0,5.2,5.2,4.2,2.1,0.0,0.0,0.0,1.0,1.0,23.1,-18.9,33.6,0,0,34.6,1,13222,1,13222,3975,2733,4886,6229,9696,7743,11433,13505,14344,13505,14058,10182,14184,9403,10011,12854,8263,8846,19418,17177,5440,21198,12155,2246,150,10365,1,34:20
2024-25,1630192,Zeke Nnaji,Zeke,1610612743,DEN,Denver Nuggets,0022400579,2025-01-17T00:00:00,DEN @ MIA,W,2.433333333333333,0.0,0.0,0.0,0.0,0.0,0.0,0.0,0.0,0.0,0.0,0.0,0.0,0.0,0.0,0.0,0.0,0.0,0.0,0.0,0.0,-14.8,0.0,0,0,0.0,1,1,13086,1,25245,22635,24836,22635,15070,20945,15070,13505,14344,13505,14058,22137,23286,19908,16469,12854,8263,8846,20257,17725,23200,19816,25228,2246,150,25259,1,2:26
2024-25,1641745,Adam Flagler,Adam,1610612760,OKC,Oklahoma City Thunder,0022400583,2025-01-17T00:00:00,OKC @ DAL,L,0.39166666666666666,0.0,0.0,0.0,0.0,0.0,0.0,0.0,0.0,0.0,0.0,0.0,0.0,0.0,0.0,0.0,0.0,0.0,0.0,0.0,0.0,0.0,0.0,0,0,0.0,1,13222,1,13222,26240,22635,24836,22635,15070,20945,15070,13505,14344,13505,14058,22137,23286,19908,16469,12854,8263,8846,20257,17725,23200,12240,25228,2246,150,25259,1,0:24
2024-25,1628389,Bam Adebayo,Bam,1610612748,MIA,Miami Heat,0022400579,2025-01-17T00:00:00,MIA vs. DEN,L,32.63333333333333,7.7,16.5,0.467,0.0,2.2,0.0,2.2,2.2,1.0,3.3,8.8,12.1,4.4,1.1,0.0,0.0,0.0,2.2,1.1,17.7,-11.0,37.7,1,0,34.2,1,13222,1,13222,5451,7221,6368,12249,15070,19157,15070,9926,12068,1,4728,3690,3386,8843,15112,12854,8263,8846,14064,16893,10167,18335,9204,1,150,10699,1,32:38
2024-25,1629023,P.J. Washington,P.J.,1610612742,DAL,Dallas Mavericks,0022400583,2025-01-17T00:00:00,DAL vs. OKC,W,35.593333333333334,6.1,8.1,0.75,2.0,4.0,0.5,2.0,3.0,0.667,0.0,7.1,7.1,5.1,4.0,1.0,1.0,0.0,5.1,3.0,16.2,7.1,34.3,0,0,34.4,1,1,13086,1,3003,11319,20102,2107,10054,15489,3944,10563,9891,9425,14058,6215,9998,7341,3787,11851,7410,8846,4485,9113,11743,9096,11598,2246,150,10537,1,35:36
2024-25,1630170,Devin Vassell,Devin,1610612759,SAS,San Antonio Spurs,0022400582,2025-01-17T00:00:00,SAS vs. MEM,L,32.355,7.8,14.5,0.538,3.3,7.8,0.429,4.5,5.6,0.8,0.0,2.2,2.2,5.6,3.3,0.0,0.0,0.0,2.2,4.5,23.4,-24.5,31.0,0,0,34.5,1,13222,1,13222,5688,7086,9406,7978,5552,6818,7394,4907,5098,7681,14058,18996,21365,6318,5394,12854,8263,8846,13983,5247,5231,22690,14027,2246,150,10457,1,32:21
2024-25,1629618,Jalen Pickett,Jalen,1610612743,DEN,Denver Nuggets,0022400579,2025-01-17T00:00:00,DEN @ MIA,W,2.433333333333333,0.0,14.8,0.0,0.0,14.8,0.0,0.0,0.0,0.0,0.0,0.0,0.0,0.0,0.0,0.0,0.0,0.0,0.0,14.8,0.0,-14.8,0.0,0,0,0.0,1,1,13086,1,25245,22635,8908,22635,15070,738,15070,13505,14344,13505,14058,22137,23286,19908,16469,12854,8263,8846,20257,108,23200,19816,25228,2246,150,25259,1,2:26
2024-25,1641824,Matas Buzelis,Matas,1610612741,CHI,Chicago Bulls,0022400584,2025-01-17T00:00:00,CHI vs. CHA,L,4.166666666666667,8.6,17.3,0.5,0.0,8.6,0.0,0.0,0.0,0.0,0.0,0.0,0.0,0.0,0.0,0.0,8.6,0.0,0.0,0.0,17.3,25.9,43.2,0,0,34.6,1,13222,1,13222,24397,5364,5476,8526,15070,5359,15070,13505,14344,13505,14058,22137,23286,19908,16469,12854,116,8846,20257,17725,10549,2630,6041,2246,150,10401,1,4:10
2024-25,1641775,Jordan Walsh,Jordan,1610612738,BOS,Boston Celtics,0022400577,2025-01-17T00:00:00,BOS vs. ORL,W,4.016666666666667,0.0,0.0,0.0,0.0,0.0,0.0,0.0,0.0,0.0,0.0,0.0,0.0,0.0,0.0,0.0,0.0,0.0,9.0,0.0,0.0,9.0,0.0,0,0,0.0,1,1,13086,1,24471,22635,24836,22635,15070,20945,15070,13505,14344,13505,14058,22137,23286,19908,16469,12854,8263,8846,974,17725,23200,8196,25228,2246,150,25259,1,4:01
2024-25,1642530,Yuki Kawamura,Yuki,1610612763,MEM,Memphis Grizzlies,0022400582,2025-01-17T00:00:00,MEM @ SAS,W,2.1166666666666667,0.0,0.0,0.0,0.0,0.0,0.0,0.0,0.0,0.0,0.0,0.0,0.0,0.0,0.0,0.0,0.0,0.0,0.0,0.0,0.0,-34.0,0.0,0,0,0.0,1,1,13086,1,25408,22635,24836,22635,15070,20945,15070,13505,14344,13505,14058,22137,23286,19908,16469,12854,8263,8846,20257,17725,23200,24306,25228,2246,150,25259,1,2:07
2024-25,1630702,Jaden Hardy,Jaden,1610612742,DAL,Dallas Mavericks,0022400583,2025-01-17T00:00:00,DAL vs. OKC,W,1.3166666666666667,0.0,27.3,0.0,0.0,27.3,0.0,0.0,0.0,0.0,0.0,0.0,0.0,0.0,27.3,0.0,0.0,0.0,0.0,27.3,0.0,-82.0,-27.3,0,0,0.0,1,1,13086,1,25907,22635,459,22635,15070,90,15070,13505,14344,13505,14058,22137,23286,19908,20,12854,8263,8846,20257,12,23200,26023,26293,2246,150,25259,1,1:19
2024-25,1629723,John Konchar,John,1610612763,MEM,Memphis Grizzlies,0022400582,2025-01-17T00:00:00,MEM @ SAS,W,2.1166666666666667,0.0,0.0,0.0,0.0,0.0,0.0,0.0,0.0,0.0,0.0,0.0,0.0,0.0,0.0,0.0,0.0,0.0,0.0,0.0,0.0,-34.0,0.0,0,0,0.0,1,1,13086,1,25408,22635,24836,22635,15070,20945,15070,13505,14344,13505,14058,22137,23286,19908,16469,12854,8263,8846,20257,17725,23200,24306,25228,2246,150,25259,1,2:07
2024-25,202709,Cory Joseph,Cory,1610612753,ORL,Orlando Magic,0022400577,2025-01-17T00:00:00,ORL @ BOS,L,5.083333333333333,0.0,0.0,0.0,0.0,0.0,0.0,0.0,0.0,0.0,0.0,0.0,0.0,0.0,0.0,0.0,0.0,0.0,7.1,0.0,0.0,-56.7,0.0,0,0,0.0,1,13222,1,13222,23956,22635,24836,22635,15070,20945,15070,13505,14344,13505,14058,22137,23286,19908,16469,12854,8263,8846,1907,17725,23200,25600,25228,2246,150,25259,1,5:05
2024-25,1631103,Malaki Branham,Malaki,1610612759,SAS,San Antonio Spurs,0022400582,2025-01-17T00:00:00,SAS vs. MEM,L,3.6666666666666665,0.0,19.6,0.0,0.0,19.6,0.0,0.0,0.0,0.0,0.0,0.0,0.0,0.0,0.0,0.0,0.0,0.0,0.0,0.0,0.0,-49.1,0.0,0,0,0.0,1,13222,1,13222,24637,22635,3233,22635,15070,254,15070,13505,14344,13505,14058,22137,23286,19908,16469,12854,8263,8846,20257,17725,23200,25363,25228,2246,150,25259,1,3:40
2024-25,1630540,Miles McBride,Miles,1610612752,NYK,New York Knicks,0022400578,2025-01-17T00:00:00,NYK vs. MIN,L,19.166666666666668,3.8,11.3,0.333,0.0,7.5,0.0,0.0,0.0,0.0,0.0,0.0,0.0,0.0,1.9,1.9,0.0,0.0,0.0,0.0,7.5,1.9,11.3,0,0,11.3,1,13222,1,13222,16703,17687,14892,17395,15070,7370,15070,13505,14344,13505,14058,22137,23286,19908,11167,6861,8263,8846,20257,17725,20308,11697,24185,2246,150,24161,1,19:10
2024-25,1641998,Trey Jemison III,Trey,1610612747,LAL,Los Angeles Lakers,0022400585,2025-01-17T00:00:00,LAL vs. BKN,W,14.6,0.0,0.0,0.0,0.0,0.0,0.0,0.0,0.0,0.0,0.0,9.9,9.9,0.0,2.5,0.0,4.9,0.0,9.9,0.0,0.0,-14.8,24.2,0,0,19.7,1,1,13086,1,19826,22635,24836,22635,15070,20945,15070,13505,14344,13505,14058,2675,5580,19908,8379,12854,535,8846,729,17725,23200,19816,18832,2246,150,21019,1,14:36
2024-25,1642367,Jonathan Mogbo,Jonathan,1610612761,TOR,Toronto Raptors,0022400580,2025-01-17T00:00:00,TOR @ MIL,L,16.311666666666667,4.4,6.6,0.667,0.0,0.0,0.0,0.0,0.0,0.0,0.0,2.2,2.2,0.0,0.0,0.0,0.0,2.2,4.4,0.0,8.8,-17.7,11.5,0,0,11.0,1,13222,1,13222,18723,16030,21988,3281,15070,20945,15070,13505,14344,13505,14058,19051,21400,19908,16469,12854,8263,2625,5987,17725,19246,20824,24135,2246,150,24213,1,16:19
2024-25,1631104,Blake Wesley,Blake,1610612759,SAS,San Antonio Spurs,0022400582,2025-01-17T00:00:00,SAS vs. MEM,L,3.6666666666666665,0.0,9.8,0.0,0.0,0.0,0.0,0.0,0.0,0.0,0.0,0.0,0.0,19.6,0.0,0.0,0.0,0.0,0.0,9.8,0.0,-49.1,29.5,0,0,19.6,1,13222,1,13222,24637,22635,17365,22635,15070,20945,15070,13505,14344,13505,14058,22137,23286,94,16469,12854,8263,8846,20257,450,23200,25363,15174,2246,150,21072,1,3:40
2024-25,101108,Chris Paul,Chris,1610612759,SAS,San Antonio Spurs,0022400582,2025-01-17T00:00:00,SAS vs. MEM,L,29.35,2.5,7.4,0.333,2.5,6.1,0.4,0.0,1.2,0.0,0.0,2.5,2.5,7.4,0.0,0.0,0.0,0.0,3.7,1.2,7.4,-13.5,21.3,0,0,19.6,1,13222,1,13222,8346,20547,21126,17395,8311,10358,7874,13505,13846,13505,14058,18321,20895,3561,16469,12854,8263,8846,8170,16261,20436,19302,20506,2246,150,21080,1,29:21
2024-25,1631169,Josh Minott,Josh,1610612750,MIN,Minnesota Timberwolves,0022400578,2025-01-17T00:00:00,MIN @ NYK,W,7.25,0.0,9.9,0.0,0.0,5.0,0.0,0.0,0.0,0.0,0.0,0.0,0.0,0.0,0.0,5.0,0.0,0.0,0.0,0.0,0.0,-14.9,14.9,0,0,9.9,1,1,13086,1,23075,22635,17187,22635,15070,13284,15070,13505,14344,13505,14058,22137,23286,19908,16469,923,8263,8846,20257,17725,23200,19863,23216,2246,150,24441,1,7:15
2024-25,1630198,Isaiah Joe,Isaiah,1610612760,OKC,Oklahoma City Thunder,0022400583,2025-01-17T00:00:00,OKC @ DAL,L,22.716666666666665,4.8,12.7,0.375,1.6,6.3,0.25,0.0,0.0,0.0,0.0,3.2,3.2,1.6,0.0,1.6,0.0,0.0,4.8,3.2,11.1,-11.1,22.0,0,0,20.6,1,13222,1,13222,13938,15102,12422,16299,11732,9894,11902,13505,14344,13505,14058,16193,19309,17696,16469,8042,8263,8846,5172,8666,17102,18361,20129,2246,150,20517,1,22:43
2024-25,1642262,Cody Williams,Cody,1610612762,UTA,Utah Jazz,0022400581,2025-01-17T00:00:00,UTA @ NOP,L,18.35,0.0,3.9,0.0,0.0,3.9,0.0,0.0,0.0,0.0,0.0,2.0,2.0,5.9,2.0,0.0,2.0,0.0,7.8,0.0,0.0,-60.8,15.1,0,0,11.8,1,13222,1,13222,17317,22635,24126,22635,15070,15728,15070,13505,14344,13505,14058,19786,21881,5696,10713,12854,3598,8846,1431,17725,23200,25705,23145,2246,150,24042,1,18:21
2024-25,1627752,Taurean Prince,Taurean,1610612749,MIL,Milwaukee Bucks,0022400580,2025-01-17T00:00:00,MIL vs. TOR,W,22.733333333333334,4.8,9.5,0.5,1.6,4.8,0.333,3.2,3.2,1.0,1.6,1.6,3.2,1.6,1.6,0.0,0.0,0.0,4.8,3.2,14.3,12.7,18.8,0,0,20.6,1,1,13086,1,13923,15112,17945,8526,11735,13838,9209,7396,9574,1,9984,20709,19316,17700,12406,12854,8263,8846,5175,8673,13661,6532,21734,2246,150,20524,1,22:44
2024-25,203897,Zach LaVine,Zach,1610612741,CHI,Chicago Bulls,0022400584,2025-01-17T00:00:00,CHI vs. CHA,L,34.8,7.2,15.5,0.467,2.1,4.1,0.5,3.1,3.1,1.0,1.0,5.2,6.2,8.3,4.1,2.1,0.0,0.0,1.0,4.1,19.7,4.1,41.6,0,0,40.3,1,13222,1,13222,3612,8357,7801,12249,9822,15254,3944,7536,9714,1,12986,10351,11808,2631,3594,5914,8263,8846,19503,5963,8197,10576,6837,2246,150,6577,1,34:48
2024-25,1641763,Julian Phillips,Julian,1610612741,CHI,Chicago Bulls,0022400584,2025-01-17T00:00:00,CHI vs. CHA,L,17.566666666666666,2.0,12.3,0.167,0.0,2.0,0.0,8.2,8.2,1.0,8.2,0.0,8.2,0.0,2.0,0.0,0.0,0.0,6.1,6.1,12.3,-8.2,20.1,0,0,20.5,1,13222,1,13222,17878,21317,13085,21938,15070,19459,15070,1318,2384,1,722,22137,7938,19908,10263,12854,8263,8846,2767,2446,15829,17051,21125,2246,150,20583,1,17:34
2024-25,1641989,Elijah Harkless,Elijah,1610612762,UTA,Utah Jazz,0022400581,2025-01-17T00:00:00,UTA @ NOP,L,17.666666666666668,0.0,0.0,0.0,0.0,0.0,0.0,2.0,4.1,0.5,0.0,2.0,2.0,0.0,0.0,4.1,0.0,0.0,2.0,4.1,2.0,26.5,16.7,0,0,12.2,1,13222,1,13222,17805,22635,24836,22635,15070,20945,15070,10499,7687,10625,14058,19542,21731,19908,16469,1562,8263,8846,14934,6105,23152,2522,22593,2246,150,23934,1,17:40
2024-25,1641796,Pelle Larsson,Pelle,1610612748,MIA,Miami Heat,0022400579,2025-01-17T00:00:00,MIA vs. DEN,L,2.433333333333333,0.0,14.8,0.0,0.0,0.0,0.0,0.0,0.0,0.0,0.0,0.0,0.0,0.0,0.0,0.0,0.0,0.0,0.0,0.0,0.0,14.8,0.0,0,0,0.0,1,13222,1,13222,25245,22635,8908,22635,15070,20945,15070,13505,14344,13505,14058,22137,23286,19908,16469,12854,8263,8846,20257,17725,23200,5707,25228,2246,150,25259,1,2:26
2024-25,1631213,Tyrese Martin,Tyrese,1610612751,BKN,Brooklyn Nets,0022400585,2025-01-17T00:00:00,BKN @ LAL,L,14.35,2.5,7.5,0.333,2.5,5.0,0.5,0.0,0.0,0.0,0.0,0.0,0.0,2.5,5.0,0.0,0.0,0.0,0.0,0.0,7.5,-5.0,6.3,0,0,12.5,1,13222,1,13222,19976,20455,20887,17395,8118,13164,3944,13505,14344,13505,14058,22137,23286,14514,2317,12854,8263,8846,20257,17725,20296,15594,24891,2246,150,23861,1,14:21
2024-25,1641857,Liam Robbins,Liam,1610612749,MIL,Milwaukee Bucks,0022400580,2025-01-17T00:00:00,MIL vs. TOR,W,1.0833333333333333,0.0,0.0,0.0,0.0,0.0,0.0,0.0,0.0,0.0,0.0,0.0,0.0,0.0,0.0,0.0,0.0,0.0,0.0,0.0,0.0,33.2,0.0,0,0,0.0,1,1,13086,1,26029,22635,24836,22635,15070,20945,15070,13505,14344,13505,14058,22137,23286,19908,16469,12854,8263,8846,20257,17725,23200,1600,25228,2246,150,25259,1,1:05
2024-25,1630649,Stanley Umude,Stanley,1610612749,MIL,Milwaukee Bucks,0022400580,2025-01-17T00:00:00,MIL vs. TOR,W,1.0833333333333333,0.0,0.0,0.0,0.0,0.0,0.0,0.0,0.0,0.0,0.0,0.0,0.0,0.0,0.0,0.0,0.0,0.0,0.0,0.0,0.0,33.2,0.0,0,0,0.0,1,1,13086,1,26029,22635,24836,22635,15070,20945,15070,13505,14344,13505,14058,22137,23286,19908,16469,12854,8263,8846,20257,17725,23200,1600,25228,2246,150,25259,1,1:05
2024-25,1642352,Keshad Johnson,Keshad,1610612748,MIA,Miami Heat,0022400579,2025-01-17T00:00:00,MIA vs. DEN,L,2.433333333333333,0.0,0.0,0.0,0.0,0.0,0.0,0.0,0.0,0.0,0.0,0.0,0.0,0.0,0.0,0.0,0.0,0.0,14.8,0.0,0.0,14.8,0.0,0,0,0.0,1,13222,1,13222,25245,22635,24836,22635,15070,20945,15070,13505,14344,13505,14058,22137,23286,19908,16469,12854,8263,8846,253,17725,23200,5707,25228,2246,150,25259,1,2:26
2024-25,1629632,Coby White,Coby,1610612741,CHI,Chicago Bulls,0022400584,2025-01-17T00:00:00,CHI vs. CHA,L,32.93333333333333,6.6,7.7,0.857,4.4,5.5,0.8,2.2,3.3,0.667,0.0,5.5,5.5,8.7,3.3,1.1,0.0,0.0,2.2,3.3,19.7,4.4,39.4,0,0,40.4,1,13222,1,13222,5210,10041,20711,1412,3278,12044,1389,9999,9358,9425,14058,9627,13632,2224,5562,11075,8263,8846,14152,8312,8180,10441,8173,2246,150,6524,1,32:56
2024-25,1642419,Jamison Battle,Jamison,1610612761,TOR,Toronto Raptors,0022400580,2025-01-17T00:00:00,TOR @ MIL,L,2.8333333333333335,0.0,25.4,0.0,0.0,25.4,0.0,0.0,0.0,0.0,0.0,12.7,12.7,0.0,0.0,0.0,0.0,0.0,0.0,0.0,0.0,-38.1,15.2,0,0,12.7,1,13222,1,13222,25050,22635,743,22635,15070,106,15070,13505,14344,13505,14058,1098,2992,19908,16469,12854,8263,8846,20257,17725,23200,24710,23103,2246,150,23804,1,2:50
2024-25,1630568,Luka Garza,Luka,1610612750,MIN,Minnesota Timberwolves,0022400578,2025-01-17T00:00:00,MIN @ NYK,W,1.1833333333333333,0.0,0.0,0.0,0.0,0.0,0.0,0.0,0.0,0.0,0.0,0.0,0.0,0.0,0.0,0.0,0.0,0.0,0.0,0.0,0.0,60.8,0.0,0,0,0.0,1,1,13086,1,25970,22635,24836,22635,15070,20945,15070,13505,14344,13505,14058,22137,23286,19908,16469,12854,8263,8846,20257,17725,23200,349,25228,2246,150,25259,1,1:11
2024-25,1629012,Collin Sexton,Collin,1610612762,UTA,Utah Jazz,0022400581,2025-01-17T00:00:00,UTA @ NOP,L,31.916666666666668,7.9,12.4,0.636,1.1,4.5,0.25,10.2,11.3,0.9,1.1,3.4,4.5,5.6,3.4,1.1,0.0,1.1,2.3,7.9,27.1,-20.3,40.9,0,0,40.6,1,13222,1,13222,6045,6855,12883,4689,13781,14407,11902,660,957,6805,12275,15567,16028,6162,5273,10790,8263,6808,13844,1072,3180,21632,7202,2246,150,6437,1,31:55
2024-25,1628371,Jonathan Isaac,Jonathan,1610612753,ORL,Orlando Magic,0022400577,2025-01-17T00:00:00,ORL @ BOS,L,20.416666666666668,1.8,5.3,0.333,0.0,3.5,0.0,1.8,7.1,0.25,0.0,5.3,5.3,1.8,0.0,0.0,3.5,0.0,1.8,7.1,5.3,-19.4,24.9,0,0,19.4,1,13222,1,13222,15698,21812,23269,17395,15070,16605,15070,11308,3317,13358,14058,10054,14066,17186,16469,12854,1206,8846,16329,1621,21857,21376,18381,2246,150,21205,1,20:25
2024-25,1641783,Tristan da Silva,Tristan,1610612753,ORL,Orlando Magic,0022400577,2025-01-17T00:00:00,ORL @ BOS,L,30.583333333333332,2.4,8.2,0.286,1.2,3.5,0.333,0.0,0.0,0.0,3.5,0.0,3.5,2.4,0.0,0.0,0.0,1.2,4.7,0.0,5.9,-22.4,13.7,0,0,12.9,1,13222,1,13222,7243,20751,19882,19630,13489,16589,9209,13505,14344,13505,4324,22137,18482,15038,16469,12854,8263,6425,5257,17725,21469,22183,23588,2246,150,23730,1,30:35
2024-25,1630558,Davion Mitchell,Davion,1610612761,TOR,Toronto Raptors,0022400580,2025-01-17T00:00:00,TOR @ MIL,L,29.6,4.9,7.3,0.667,1.2,3.6,0.333,1.2,1.2,1.0,0.0,0.0,0.0,3.6,2.4,0.0,1.2,0.0,3.6,6.1,12.2,-7.3,18.9,0,0,19.5,1,13222,1,13222,8140,14759,21207,3281,13278,16327,9209,12539,13859,1,14058,22137,23286,10936,8516,12854,6073,8846,8264,2522,15967,16640,21729,2246,150,21172,1,29:36
2024-25,1641753,Chris Livingston,Chris,1610612749,MIL,Milwaukee Bucks,0022400580,2025-01-17T00:00:00,MIL vs. TOR,W,1.85,0.0,0.0,0.0,0.0,0.0,0.0,0.0,0.0,0.0,0.0,19.5,19.5,0.0,0.0,0.0,0.0,0.0,0.0,0.0,0.0,38.9,23.4,0,0,19.5,1,1,13086,1,25566,22635,24836,22635,15070,20945,15070,13505,14344,13505,14058,191,601,19908,16469,12854,8263,8846,20257,17725,23200,1051,19339,2246,150,21172,1,1:51
2024-25,1629627,Zion Williamson,Zion,1610612740,NOP,New Orleans Pelicans,0022400581,2025-01-17T00:00:00,NOP vs. UTA,W,22.571666666666665,17.5,33.5,0.524,0.0,0.0,0.0,3.2,8.0,0.4,12.8,9.6,22.3,9.6,3.2,0.0,4.8,6.4,6.4,6.4,38.3,8.0,90.6,1,0,79.7,1,1,13086,1,14061,242,156,8439,15070,20945,15070,7354,2533,13061,206,2947,317,1665,5856,12854,581,197,2516,2208,580,8642,97,1,150,161,1,22:34
2024-25,1626166,Cameron Payne,Cameron,1610612752,NYK,New York Knicks,0022400578,2025-01-17T00:00:00,NYK vs. MIN,L,12.5,20.2,28.8,0.7,11.5,14.4,0.8,0.0,0.0,0.0,0.0,5.8,5.8,2.9,2.9,2.9,0.0,0.0,0.0,0.0,51.8,5.8,68.8,0,0,77.8,1,13222,1,13222,20992,141,337,3045,140,824,1389,13505,14344,13505,14058,8882,12868,13346,6918,3462,8263,8846,20257,17725,140,9727,489,2246,150,190,1,12:30
2024-25,1629234,Drew Eubanks,Drew,1610612762,UTA,Utah Jazz,0022400581,2025-01-17T00:00:00,UTA @ NOP,L,24.95,8.7,11.5,0.75,1.4,1.4,1.0,5.8,5.8,1.0,0.0,10.1,10.1,1.4,1.4,1.4,5.8,0.0,2.9,5.8,24.5,-20.2,59.0,0,0,51.9,1,13222,1,13222,12051,5332,14402,2107,12281,20334,1,3112,4786,1,14058,2497,5328,18200,13041,8675,348,8846,11240,2942,4471,21607,1331,2246,150,2053,1,24:57
2024-25,1631207,Dalen Terry,Dalen,1610612741,CHI,Chicago Bulls,0022400584,2025-01-17T00:00:00,CHI vs. CHA,L,6.383333333333334,11.3,22.6,0.5,11.3,16.9,0.667,0.0,0.0,0.0,0.0,0.0,0.0,5.6,0.0,5.6,0.0,0.0,5.6,0.0,33.8,-11.3,59.2,0,0,62.0,1,13222,1,13222,23420,2025,1561,8526,148,426,1957,13505,14344,13505,14058,22137,23286,6162,16469,589,8263,8846,3483,17725,1160,18432,1296,2246,150,641,1,6:23
2024-25,1642264,Stephon Castle,Stephon,1610612759,SAS,San Antonio Spurs,0022400582,2025-01-17T00:00:00,SAS vs. MEM,L,25.261666666666667,10.0,15.7,0.636,1.4,4.3,0.333,7.1,10.0,0.714,0.0,5.7,5.7,5.7,4.3,1.4,0.0,0.0,4.3,8.6,28.5,-5.7,43.9,0,0,44.2,1,13222,1,13222,11779,3248,7578,4689,12351,14972,9209,1923,1385,9244,14058,9041,13018,6041,3375,8780,8263,8846,6358,806,2596,15921,5725,2246,150,4603,1,25:16
2024-25,1631109,Mark Williams,Mark,1610612766,CHA,Charlotte Hornets,0022400584,2025-01-17T00:00:00,CHA @ CHI,W,32.945,9.8,18.6,0.529,0.0,0.0,0.0,1.1,2.2,0.5,7.6,13.1,20.8,3.3,0.0,1.1,2.2,1.1,5.5,2.2,20.8,10.9,60.4,1,0,51.4,1,1,13086,1,5207,3424,4147,8281,15070,20945,15070,12923,12133,10625,899,975,442,12053,16469,11082,2979,7109,3758,12221,7265,7268,1141,1,150,2186,1,32:57
2024-25,1629675,Naz Reid,Naz,1610612750,MIN,Minnesota Timberwolves,0022400578,2025-01-17T00:00:00,MIN @ NYK,W,24.7,11.7,16.0,0.727,8.7,8.7,1.0,1.5,2.9,0.5,2.9,8.7,11.7,1.5,1.5,1.5,0.0,1.5,5.8,1.5,33.5,1.5,52.6,0,0,58.3,1,1,13086,1,12272,1752,7065,2666,325,5187,1,11888,10192,10625,5548,3777,3795,18148,12969,8592,8263,4950,3173,15200,1210,11891,2557,2246,150,986,1,24:42
2024-25,1631131,Oscar Tshiebwe,Oscar,1610612762,UTA,Utah Jazz,0022400581,2025-01-17T00:00:00,UTA @ NOP,L,12.233333333333333,8.8,14.7,0.6,0.0,0.0,0.0,5.9,5.9,1.0,2.9,14.7,17.7,0.0,0.0,0.0,0.0,2.9,2.9,5.9,23.5,38.3,44.7,0,0,41.2,1,13222,1,13222,21135,5009,9030,5394,15070,20945,15070,2982,4624,1,5471,621,976,19908,16469,12854,8263,1401,10962,2768,5098,1101,5318,2246,150,6077,1,12:14
2024-25,1629646,Charles Bassey,Charles,1610612759,SAS,San Antonio Spurs,0022400582,2025-01-17T00:00:00,SAS vs. MEM,L,16.916666666666668,10.6,12.8,0.833,0.0,0.0,0.0,4.3,4.3,1.0,8.5,10.6,19.2,0.0,2.1,0.0,4.3,0.0,2.1,2.1,25.5,-23.4,59.2,0,0,53.2,1,13222,1,13222,18307,2564,12270,1514,15070,20945,15070,5245,7302,1,660,2120,658,19908,9856,12854,788,8846,14472,12489,3918,22446,1305,2246,150,1761,1,16:55
2024-25,203999,Nikola Jokić,Nikola,1610612743,DEN,Denver Nuggets,0022400579,2025-01-17T00:00:00,DEN @ MIA,W,30.611666666666668,10.6,14.1,0.75,1.2,2.4,0.5,5.9,5.9,1.0,2.4,11.8,14.1,11.8,2.4,1.2,0.0,0.0,1.2,3.5,28.2,7.1,64.0,1,1,57.6,1,1,13086,1,7215,2638,9986,2107,13501,18904,3944,2991,4641,1,7084,1497,2183,777,8857,10383,8263,8846,18682,7590,2700,9111,782,1,1,1080,1,30:37
2024-25,1626156,D'Angelo Russell,D'Angelo,1610612751,BKN,Brooklyn Nets,0022400585,2025-01-17T00:00:00,BKN @ LAL,L,27.05,9.3,20.0,0.467,6.7,13.3,0.5,0.0,0.0,0.0,0.0,8.0,8.0,10.6,1.3,0.0,0.0,1.3,1.3,4.0,25.3,4.0,49.5,0,0,50.6,1,13222,1,13222,10296,4178,2999,12249,924,1162,3944,13505,14344,13505,14058,4721,8293,1140,13669,12854,8263,5500,17904,6329,4064,10652,3416,2246,150,2368,1,27:03
2024-25,1628369,Jayson Tatum,Jayson,1610612738,BOS,Boston Celtics,0022400577,2025-01-17T00:00:00,BOS vs. ORL,W,35.016666666666666,12.3,21.6,0.571,4.1,9.3,0.444,2.1,3.1,0.667,0.0,6.2,6.2,4.1,1.0,2.1,1.0,0.0,2.1,4.1,30.8,24.7,52.6,0,0,51.4,1,1,13086,1,3448,1333,1994,6538,3760,4449,7211,10450,9761,9425,14058,7976,11898,9635,15652,5982,7284,8846,14840,6028,1822,2883,2553,2246,150,2174,1,35:01
2024-25,1641705,Victor Wembanyama,Victor,1610612759,SAS,San Antonio Spurs,0022400582,2025-01-17T00:00:00,SAS vs. MEM,L,31.083333333333332,9.3,22.0,0.421,3.5,8.1,0.429,0.0,0.0,0.0,2.3,11.6,13.9,3.5,4.6,1.2,6.9,0.0,0.0,1.2,22.0,-19.7,63.6,1,0,59.1,1,13222,1,13222,6807,4264,1822,14442,5207,6268,7394,13505,14344,13505,7189,1575,2281,11473,2801,10516,207,8846,20257,16606,6211,21466,830,1,150,909,1,31:05
2024-25,1641816,Hunter Tyson,Hunter,1610612743,DEN,Denver Nuggets,0022400579,2025-01-17T00:00:00,DEN @ MIA,W,2.433333333333333,14.8,14.8,1.0,14.8,14.8,1.0,0.0,0.0,0.0,0.0,0.0,0.0,0.0,0.0,0.0,0.0,0.0,0.0,0.0,44.4,-14.8,44.4,0,0,59.2,1,1,13086,1,25245,531,8908,1,77,738,1,13505,14344,13505,14058,22137,23286,19908,16469,12854,8263,8846,20257,17725,270,19816,5475,2246,150,895,1,2:26
2024-25,1630631,Jose Alvarado,Jose,1610612740,NOP,New Orleans Pelicans,0022400581,2025-01-17T00:00:00,NOP vs. UTA,W,22.983333333333334,9.4,21.9,0.429,9.4,17.2,0.545,1.6,3.1,0.5,0.0,7.8,7.8,9.4,1.6,0.0,1.6,3.1,1.6,1.6,29.8,3.1,56.4,0,0,59.5,1,1,13086,1,13735,4028,1854,13735,257,392,3863,11654,9639,10625,14058,4965,8567,1762,12474,12854,4655,1211,16974,14739,2176,11044,1745,2246,150,871,1,22:59
2024-25,1627750,Jamal Murray,Jamal,1610612743,DEN,Denver Nuggets,0022400579,2025-01-17T00:00:00,DEN @ MIA,W,37.46666666666667,11.5,23.1,0.5,1.9,6.7,0.286,3.8,3.8,1.0,1.9,4.8,6.7,7.7,0.0,2.9,1.0,0.0,0.0,2.9,28.8,18.3,60.0,0,0,52.8,1,1,13086,1,1700,1849,1367,8526,10544,9062,11433,5990,8148,1,8735,11422,10687,3197,16469,3455,7745,8846,20257,9652,2473,4472,1200,2246,150,1842,1,37:28
2024-25,1629628,RJ Barrett,RJ,1610612761,TOR,Toronto Raptors,0022400580,2025-01-17T00:00:00,TOR @ MIL,L,29.31833333333333,8.6,19.6,0.438,3.7,8.6,0.429,4.9,7.4,0.667,1.2,3.7,4.9,12.3,2.5,1.2,0.0,2.5,4.9,6.1,25.8,-11.1,51.3,1,0,49.1,1,13222,1,13222,8380,5452,3230,13558,4734,5425,7394,4172,3032,9425,11622,14690,15029,657,8429,9958,8263,2115,4815,2459,3784,18342,2890,1,150,2795,1,29:19
2024-25,1630559,Austin Reaves,Austin,1610612747,LAL,Los Angeles Lakers,0022400585,2025-01-17T00:00:00,LAL vs. BKN,W,37.083333333333336,12.6,22.3,0.565,3.9,7.8,0.5,7.8,7.8,1.0,0.0,2.9,2.9,2.9,0.0,1.9,1.0,0.0,1.9,3.9,36.9,1.0,53.5,0,0,52.4,1,1,13086,1,1937,1185,1664,7102,4235,6862,3944,1532,2694,1,14058,17037,19956,13237,16469,6556,7683,8846,15454,6621,707,12176,2335,2246,150,1941,1,37:05
2024-25,1631172,Ousmane Dieng,Ousmane,1610612760,OKC,Oklahoma City Thunder,0022400583,2025-01-17T00:00:00,OKC @ DAL,L,5.95,12.1,24.2,0.5,12.1,18.2,0.667,12.1,12.1,1.0,6.1,0.0,6.1,6.1,0.0,0.0,0.0,0.0,0.0,6.1,48.4,-42.4,64.7,0,0,72.6,1,13222,1,13222,23613,1460,1015,8526,131,322,1957,333,742,1,1590,22137,12158,5395,16469,12854,8263,8846,20257,2556,183,25003,716,2246,150,268,1,5:57
2024-25,1630572,Sandro Mamukelashvili,Sandro,1610612759,SAS,San Antonio Spurs,0022400582,2025-01-17T00:00:00,SAS vs. MEM,L,3.6666666666666665,19.6,19.6,1.0,0.0,0.0,0.0,0.0,0.0,0.0,9.8,0.0,9.8,0.0,9.8,0.0,0.0,0.0,9.8,0.0,39.3,-49.1,41.2,0,0,49.1,1,13222,1,13222,24637,151,3233,1,15070,20945,15070,13505,14344,13505,423,22137,5646,19908,339,12854,8263,8846,743,17725,490,25363,7029,2246,150,2798,1,3:40
2024-25,202696,Nikola Vučević,Nikola,1610612741,CHI,Chicago Bulls,0022400584,2025-01-17T00:00:00,CHI vs. CHA,L,34.17666666666667,17.9,26.3,0.68,2.1,6.3,0.333,4.2,4.2,1.0,2.1,11.6,13.7,3.2,0.0,1.1,0.0,0.0,3.2,3.2,42.1,5.3,66.5,1,0,63.2,1,13222,1,13222,4113,221,591,3276,9655,9939,9209,5327,7392,1,7931,1572,2386,12451,16469,11459,8263,8846,10040,8702,350,9974,605,1,150,567,1,34:11
2024-25,203468,CJ McCollum,CJ,1610612740,NOP,New Orleans Pelicans,0022400581,2025-01-17T00:00:00,NOP vs. UTA,W,29.916666666666668,9.6,19.3,0.5,7.2,14.4,0.5,4.8,6.0,0.8,1.2,4.8,6.0,4.8,2.4,1.2,0.0,0.0,3.6,4.8,31.3,19.3,46.9,0,0,51.7,1,1,13086,1,7855,3689,3542,8526,695,815,3944,4328,4447,7681,11773,11391,12236,7885,8630,10145,8263,8846,8398,4473,1700,4186,4339,2246,150,2093,1,29:55
2024-25,1627759,Jaylen Brown,Jaylen,1610612738,BOS,Boston Celtics,0022400577,2025-01-17T00:00:00,BOS vs. ORL,W,32.666666666666664,5.5,13.2,0.417,1.1,2.2,0.5,9.9,9.9,1.0,1.1,5.5,6.6,6.6,3.3,3.3,0.0,3.3,3.3,7.7,22.0,24.2,46.5,0,0,43.0,1,1,13086,1,5424,12959,11440,14532,13932,19164,3944,722,1405,1,12452,9499,10918,4560,5491,2552,8263,1062,9435,1184,6178,2974,4531,2246,150,5154,1,32:40
2024-25,2544,LeBron James,LeBron,1610612747,LAL,Los Angeles Lakers,0022400585,2025-01-17T00:00:00,LAL vs. BKN,W,34.93333333333333,12.4,17.5,0.706,4.1,6.2,0.667,1.0,2.1,0.5,1.0,6.2,7.2,8.2,5.2,1.0,2.1,1.0,2.1,1.0,29.9,-11.3,55.0,0,0,55.6,1,1,13086,1,3514,1318,5235,3027,3731,10236,1957,13143,12550,10625,13025,7939,9718,2657,2166,11669,3315,7658,14806,17273,2124,18450,1978,2246,150,1368,1,34:56
2024-25,203114,Khris Middleton,Khris,1610612749,MIL,Milwaukee Bucks,0022400580,2025-01-17T00:00:00,MIL vs. TOR,W,23.866666666666667,6.0,9.1,0.667,3.0,4.5,0.667,4.5,4.5,1.0,1.5,3.0,4.5,7.5,0.0,1.5,1.5,0.0,3.0,3.0,19.6,13.6,45.4,0,0,40.7,1,1,13086,1,13016,11417,18641,3281,6439,14370,1957,4794,6796,1,10287,16655,15983,3343,16469,8376,4811,8846,10634,9173,8249,6176,4991,2246,150,6370,1,23:52
2024-25,1630162,Anthony Edwards,Anthony,1610612750,MIN,Minnesota Timberwolves,0022400578,2025-01-17T00:00:00,MIN @ NYK,W,37.81666666666667,11.4,20.0,0.571,7.6,12.4,0.615,3.8,3.8,1.0,1.9,10.5,12.4,6.7,5.7,0.0,0.0,0.0,0.0,4.8,34.3,22.8,53.4,1,0,60.9,1,1,13086,1,1496,1921,2980,6538,548,1586,2984,6065,8228,1,8794,2251,3216,4480,1633,12854,8263,8846,20257,4593,1079,3290,2356,1,150,738,1,37:49
2024-25,1630217,Desmond Bane,Desmond,1610612763,MEM,Memphis Grizzlies,0022400582,2025-01-17T00:00:00,MEM @ SAS,W,32.961666666666666,10.9,18.6,0.588,2.2,6.6,0.333,0.0,0.0,0.0,1.1,5.5,6.6,15.3,3.3,3.3,0.0,1.1,3.3,2.2,24.0,25.1,61.4,1,0,54.6,1,1,13086,1,5188,2327,4160,6229,9300,9427,9209,13505,14344,13505,12531,9643,11057,270,5573,2608,8263,7118,9539,12226,4784,2785,1037,1,150,1528,1,32:58
2024-25,204001,Kristaps Porziņģis,Kristaps,1610612738,BOS,Boston Celtics,0022400577,2025-01-17T00:00:00,BOS vs. ORL,W,23.05,10.9,15.6,0.7,4.7,7.8,0.6,9.4,9.4,1.0,1.6,4.7,6.2,1.6,0.0,0.0,1.6,0.0,7.8,7.8,35.9,21.9,50.4,0,0,51.5,1,1,13086,1,13682,2319,7667,3045,2749,6781,2992,882,1677,1,10069,11744,11714,17761,16469,12854,4666,8846,1451,1123,843,3489,3140,2246,150,2135,1,23:03
2024-25,1641718,Keyonte George,Keyonte,1610612762,UTA,Utah Jazz,0022400581,2025-01-17T00:00:00,UTA @ NOP,L,27.466666666666665,11.8,26.2,0.45,5.2,11.8,0.444,5.2,6.6,0.8,2.6,2.6,5.2,3.9,0.0,1.3,1.3,1.3,1.3,5.2,34.1,-23.6,54.1,0,0,53.7,1,13222,1,13222,9971,1667,614,12982,2007,1900,7211,3717,3828,7681,6293,17893,14178,10128,16469,9404,5603,5599,17993,3711,1120,22473,2173,2246,150,1664,1,27:28
2024-25,1630583,Santi Aldama,Santi,1610612763,MEM,Memphis Grizzlies,0022400582,2025-01-17T00:00:00,MEM @ SAS,W,30.216666666666665,11.9,22.6,0.526,6.0,14.3,0.417,4.8,4.8,1.0,3.6,6.0,9.5,1.2,1.2,1.2,0.0,1.2,0.0,2.4,34.6,29.8,50.2,0,0,53.6,1,1,13086,1,7573,1576,1530,8379,1336,856,7826,4404,6364,1,4260,8431,6018,19046,14506,10248,8263,6328,20257,11419,1036,1995,3224,2246,150,1682,1,30:13
2024-25,203507,Giannis Antetokounmpo,Giannis,1610612749,MIL,Milwaukee Bucks,0022400580,2025-01-17T00:00:00,MIL vs. TOR,W,35.4,12.2,20.3,0.6,0.0,1.0,0.0,11.2,18.3,0.611,4.1,9.2,13.2,3.1,6.1,1.0,1.0,2.0,3.1,11.2,35.6,14.2,56.0,1,0,55.9,1,1,13086,1,3147,1404,2733,5394,15070,20846,15070,451,176,10342,3496,3354,2655,12759,1323,11792,7373,3114,10488,259,892,5912,1799,1,150,1321,1,35:24
2024-25,1631157,Ryan Rollins,Ryan,1610612749,MIL,Milwaukee Bucks,0022400580,2025-01-17T00:00:00,MIL vs. TOR,W,16.25,6.6,11.1,0.6,0.0,2.2,0.0,2.2,4.4,0.5,4.4,0.0,4.4,2.2,0.0,0.0,0.0,2.2,6.6,2.2,15.5,26.6,24.1,0,0,22.2,1,1,13086,1,18753,9830,15229,5394,15070,19137,15070,9893,6974,10625,3012,22137,16213,15572,16469,12854,8263,2611,2270,12095,12413,2503,18838,2246,150,19580,1,16:15
2024-25,1630182,Josh Green,Josh,1610612766,CHA,Charlotte Hornets,0022400584,2025-01-17T00:00:00,CHA @ CHI,W,30.221666666666668,3.6,4.8,0.75,2.4,3.6,0.667,0.0,0.0,0.0,1.2,2.4,3.6,2.4,0.0,2.4,0.0,0.0,0.0,0.0,9.5,4.8,24.5,0,0,22.6,1,1,13086,1,7571,18146,23633,2107,8549,16506,1957,13505,14344,13505,11860,18533,18389,14939,16469,4758,8263,8846,20257,17725,18604,10245,18581,2246,150,19257,1,30:13
2024-25,201950,Jrue Holiday,Jrue,1610612738,BOS,Boston Celtics,0022400577,2025-01-17T00:00:00,BOS vs. ORL,W,29.4,3.7,9.8,0.375,3.7,7.3,0.5,0.0,0.0,0.0,2.4,4.9,7.3,4.9,0.0,1.2,0.0,0.0,1.2,0.0,11.0,24.5,30.9,0,0,29.4,1,1,13086,1,8307,17906,17403,16299,4747,7729,3944,13505,14344,13505,6779,11163,9478,7686,16469,9980,8263,8846,18406,17725,17164,2924,14153,2246,150,14419,1,29:24
2024-25,1630175,Cole Anthony,Cole,1610612753,ORL,Orlando Magic,0022400577,2025-01-17T00:00:00,ORL @ BOS,L,31.333333333333332,10.3,17.2,0.6,2.3,5.7,0.4,3.4,3.4,1.0,3.4,4.6,8.0,0.0,2.3,1.1,0.0,0.0,2.3,2.3,26.4,-21.8,37.2,0,0,39.1,1,13222,1,13222,6570,2876,5537,5394,8855,11343,7874,6801,8998,1,4461,11992,8189,19908,9080,10588,8263,8846,13658,11750,3468,22032,9512,2246,150,7340,1,31:20
2024-25,1628366,Lonzo Ball,Lonzo,1610612741,CHI,Chicago Bulls,0022400584,2025-01-17T00:00:00,CHI vs. CHA,L,24.816666666666666,2.9,8.7,0.333,2.9,8.7,0.333,0.0,0.0,0.0,1.5,2.9,4.4,4.4,0.0,4.4,0.0,1.5,2.9,0.0,8.7,23.2,33.5,0,0,29.0,1,13222,1,13222,12165,19657,19187,17395,6863,5268,9209,13505,14344,13505,10535,17082,16404,9005,16469,1333,8263,4982,11186,17725,19342,3219,12189,2246,150,14692,1,24:49
2024-25,1629655,Daniel Gafford,Daniel,1610612742,DAL,Dallas Mavericks,0022400583,2025-01-17T00:00:00,DAL vs. OKC,W,20.416666666666668,3.5,5.3,0.667,0.0,0.0,0.0,7.1,14.1,0.5,1.8,8.8,10.6,3.5,8.8,1.8,3.5,0.0,8.8,7.1,14.1,22.9,39.1,0,0,38.8,1,1,13086,1,15698,18262,23269,3281,15070,20945,15070,1975,439,10625,9373,3703,4833,11322,448,7391,1206,8846,1022,1621,13844,3286,8305,2246,150,7524,1,20:25
2024-25,203084,Harrison Barnes,Harrison,1610612759,SAS,San Antonio Spurs,0022400582,2025-01-17T00:00:00,SAS vs. MEM,L,29.511666666666667,3.7,9.8,0.375,1.2,4.9,0.25,7.3,7.3,1.0,1.2,3.7,4.9,7.3,0.0,0.0,0.0,0.0,1.2,4.9,15.9,-8.5,32.7,0,0,29.3,1,13222,1,13222,8219,17949,17456,16299,13262,13495,11902,1787,3078,1,11663,14758,15112,3600,16469,12854,8263,8846,18426,4335,12073,17202,12807,2246,150,14497,1,29:31
2024-25,1628976,Wendell Carter Jr.,Wendell,1610612753,ORL,Orlando Magic,0022400577,2025-01-17T00:00:00,ORL @ BOS,L,32.333333333333336,4.5,10.0,0.444,1.1,5.6,0.2,6.7,11.1,0.6,2.2,7.8,10.0,3.3,1.1,0.0,0.0,0.0,2.2,7.8,16.7,-26.7,32.6,0,0,31.2,1,13222,1,13222,5701,15917,17021,13045,13875,11801,13429,2256,987,10343,7504,5019,5414,11855,15040,12854,8263,8846,13976,1138,11172,23184,12864,2246,150,13023,1,32:20
2024-25,1630590,Scotty Pippen Jr.,Scotty,1610612763,MEM,Memphis Grizzlies,0022400582,2025-01-17T00:00:00,MEM @ SAS,W,16.033333333333335,6.7,13.5,0.5,2.2,6.7,0.333,0.0,0.0,0.0,0.0,2.2,2.2,11.2,0.0,0.0,0.0,0.0,9.0,2.2,15.7,26.9,35.3,0,0,31.4,1,1,13086,1,18900,9604,11050,8526,9068,9044,9209,13505,14344,13505,14058,18933,21327,929,16469,12854,8263,8846,971,11960,12200,2440,10900,2246,150,12824,1,16:02
2024-25,1627732,Ben Simmons,Ben,1610612751,BKN,Brooklyn Nets,0022400585,2025-01-17T00:00:00,BKN @ LAL,L,27.05,4.0,5.3,0.75,0.0,0.0,0.0,0.0,0.0,0.0,0.0,6.7,6.7,9.3,4.0,1.3,1.3,0.0,5.3,0.0,8.0,-6.7,33.9,0,0,29.3,1,13222,1,13222,10296,17107,23239,2107,15070,20945,15070,13505,14344,13505,14058,6990,10836,1798,3896,9296,5514,8846,3984,17725,19932,16360,11869,2246,150,14495,1,27:03
2024-25,1630577,Julian Champagnie,Julian,1610612759,SAS,San Antonio Spurs,0022400582,2025-01-17T00:00:00,SAS vs. MEM,L,22.783333333333335,1.6,7.9,0.2,0.0,4.7,0.0,3.2,3.2,1.0,1.6,1.6,3.2,1.6,1.6,1.6,0.0,0.0,1.6,1.6,6.3,-28.4,15.6,0,0,14.2,1,13222,1,13222,13887,22062,20414,21401,15070,13866,15070,7414,9590,1,9999,20720,19343,17709,12422,8062,8263,8846,16931,14691,21175,23508,22975,2246,150,23353,1,22:47
2024-25,201144,Mike Conley,Mike,1610612750,MIN,Minnesota Timberwolves,0022400578,2025-01-17T00:00:00,MIN @ NYK,W,24.7,7.3,13.1,0.556,4.4,7.3,0.6,0.0,0.0,0.0,0.0,0.0,0.0,2.9,1.5,1.5,0.0,1.5,1.5,0.0,18.9,23.3,26.2,0,0,29.1,1,1,13086,1,12272,8247,11645,7248,3278,7848,2992,13505,14344,13505,14058,22137,23286,13222,12969,8592,8263,4950,17411,17725,8907,3188,17459,2246,150,14588,1,24:42
2024-25,1628973,Jalen Brunson,Jalen,1610612752,NYK,New York Knicks,0022400578,2025-01-17T00:00:00,NYK vs. MIN,L,35.6,9.1,23.3,0.391,3.0,7.1,0.429,5.1,5.1,1.0,0.0,1.0,1.0,5.1,1.0,2.0,0.0,0.0,2.0,5.1,26.3,-16.2,40.1,0,0,39.4,1,13222,1,13222,2992,4524,1298,15984,6391,8294,7394,3949,5815,1,14058,21951,23195,7342,15772,6144,8263,8846,15012,4004,3537,20316,7669,2246,150,7109,1,35:36
2024-25,1628380,Zach Collins,Zach,1610612759,SAS,San Antonio Spurs,0022400582,2025-01-17T00:00:00,SAS vs. MEM,L,3.6666666666666665,9.8,9.8,1.0,9.8,9.8,1.0,0.0,0.0,0.0,0.0,0.0,0.0,0.0,0.0,0.0,0.0,0.0,0.0,0.0,29.5,-49.1,29.5,0,0,39.3,1,13222,1,13222,24637,3440,17365,1,220,3702,1,13505,14344,13505,14058,22137,23286,19908,16469,12854,8263,8846,20257,17725,2275,25363,15174,2246,150,7211,1,3:40
2024-25,1628436,Luke Kornet,Luke,1610612738,BOS,Boston Celtics,0022400577,2025-01-17T00:00:00,BOS vs. ORL,W,6.858333333333333,0.0,5.2,0.0,0.0,0.0,0.0,10.5,10.5,1.0,10.5,10.5,21.0,0.0,0.0,0.0,0.0,0.0,10.5,5.2,10.5,21.0,35.7,0,0,31.5,1,1,13086,1,23232,22635,23291,22635,15070,20945,15070,566,1190,1,343,2231,420,19908,16469,12854,8263,8846,609,3701,17663,3696,10581,2246,150,12777,1,6:52
2024-25,203552,Seth Curry,Seth,1610612766,CHA,Charlotte Hornets,0022400584,2025-01-17T00:00:00,CHA @ CHI,W,17.716666666666665,14.2,20.3,0.7,2.0,4.1,0.5,0.0,0.0,0.0,2.0,2.0,4.1,2.0,2.0,0.0,0.0,0.0,0.0,2.0,30.5,-6.1,36.4,0,0,38.6,1,1,13086,1,17765,643,2751,3045,10002,15447,3944,13505,14344,13505,8248,19555,17149,16254,10349,12854,8263,8846,20257,12916,1927,16106,10099,2246,150,7634,1,17:43
2024-25,1641729,Brice Sensabaugh,Brice,1610612762,UTA,Utah Jazz,0022400581,2025-01-17T00:00:00,UTA @ NOP,L,24.366666666666667,8.9,17.7,0.5,4.4,13.3,0.333,0.0,0.0,0.0,0.0,3.0,3.0,1.5,5.9,0.0,0.0,1.5,1.5,0.0,22.2,-4.4,22.0,0,0,31.0,1,13222,1,13222,12590,4942,4979,8526,3184,1166,9209,13505,14344,13505,14058,16877,19841,18062,1445,12854,8263,4849,17309,17725,6095,15289,20138,2246,150,13137,1,24:22
2024-25,203497,Rudy Gobert,Rudy,1610612750,MIN,Minnesota Timberwolves,0022400578,2025-01-17T00:00:00,MIN @ NYK,W,34.43333333333333,5.2,6.3,0.833,0.0,0.0,0.0,1.0,2.1,0.5,1.0,5.2,6.3,1.0,1.0,0.0,2.1,0.0,2.1,1.0,11.5,9.4,25.8,0,0,23.0,1,1,13086,1,3903,13741,22350,1514,15070,20945,15070,13093,12452,10625,12907,10217,11667,19542,15519,12854,3230,8846,14648,17189,16674,7985,17728,2246,150,19023,1,34:26
2024-25,203995,Vasilije Micić,Vasilije,1610612766,CHA,Charlotte Hornets,0022400584,2025-01-17T00:00:00,CHA @ CHI,W,19.411666666666665,5.6,13.0,0.429,1.9,5.6,0.333,3.7,5.6,0.667,1.9,3.7,5.6,7.4,0.0,0.0,0.0,0.0,1.9,7.4,16.7,24.1,34.5,0,0,31.5,1,1,13086,1,16493,12811,11886,13735,10859,11813,9209,6273,5096,9425,9023,14605,13382,3497,16469,12854,8263,8846,15919,1378,11180,3005,11459,2246,150,12759,1,19:25
2024-25,1629018,Gary Trent Jr.,Gary,1610612749,MIL,Milwaukee Bucks,0022400580,2025-01-17T00:00:00,MIL vs. TOR,W,24.78,5.8,11.6,0.5,2.9,7.3,0.4,0.0,0.0,0.0,0.0,4.4,4.4,1.5,0.0,2.9,0.0,0.0,2.9,0.0,14.5,13.1,30.7,0,0,29.1,1,1,13086,1,12197,12087,14272,8526,6855,7914,7874,13505,14344,13505,14058,12630,16391,18170,16469,3395,8263,8846,11168,17725,13378,6363,14306,2246,150,14660,1,24:47
2024-25,1630200,Tre Jones,Tre,1610612759,SAS,San Antonio Spurs,0022400582,2025-01-17T00:00:00,SAS vs. MEM,L,14.983333333333333,2.4,9.6,0.25,0.0,2.4,0.0,0.0,0.0,0.0,0.0,4.8,4.8,4.8,4.8,0.0,0.0,0.0,2.4,0.0,4.8,-28.8,13.0,0,0,14.4,1,13222,1,13222,19573,20657,17749,20233,15070,18802,15070,13505,14344,13505,14058,11418,15284,7907,2573,12854,8263,8846,13194,17725,22123,23562,23776,2246,150,23284,1,14:59
2024-25,1630581,Josh Giddey,Josh,1610612741,CHI,Chicago Bulls,0022400584,2025-01-17T00:00:00,CHI vs. CHA,L,26.216666666666665,4.1,9.6,0.429,0.0,2.7,0.0,0.0,0.0,0.0,2.7,4.1,6.9,6.9,5.5,0.0,0.0,0.0,2.7,0.0,8.2,-22.0,21.3,0,0,22.0,1,13222,1,13222,10987,16801,17745,13735,15070,18173,15070,13505,14344,13505,5988,13354,10396,4191,1815,12854,8263,8846,11858,17725,19714,22064,20544,2246,150,19692,1,26:13
2024-25,1641790,PJ Hall,PJ,1610612743,DEN,Denver Nuggets,0022400579,2025-01-17T00:00:00,DEN @ MIA,W,2.433333333333333,0.0,0.0,0.0,0.0,0.0,0.0,0.0,0.0,0.0,0.0,14.8,14.8,14.8,14.8,0.0,0.0,0.0,14.8,0.0,0.0,-14.8,25.2,0,0,29.6,1,1,13086,1,25245,22635,24836,22635,15070,20945,15070,13505,14344,13505,14058,607,1872,311,118,12854,8263,8846,253,17725,23200,19816,18175,2246,150,14247,1,2:26
2024-25,1629638,Nickeil Alexander-Walker,Nickeil,1610612750,MIN,Minnesota Timberwolves,0022400578,2025-01-17T00:00:00,MIN @ NYK,W,26.85,2.7,8.0,0.333,2.7,6.7,0.4,0.0,2.7,0.0,0.0,2.7,2.7,1.3,0.0,0.0,0.0,0.0,2.7,2.7,8.0,5.4,13.3,0,0,14.7,1,1,13086,1,10452,20127,20180,17395,7588,9097,7874,13505,10790,13505,14058,17744,20493,18534,16469,12854,8263,8846,12117,10372,19880,9912,23702,2246,150,23155,1,26:51
2024-25,203939,Dwight Powell,Dwight,1610612742,DAL,Dallas Mavericks,0022400583,2025-01-17T00:00:00,DAL vs. OKC,W,4.883333333333334,7.4,7.4,1.0,0.0,0.0,0.0,0.0,0.0,0.0,0.0,0.0,0.0,0.0,0.0,0.0,0.0,0.0,14.7,0.0,14.7,29.5,14.7,0,0,14.7,1,1,13086,1,24022,8070,21106,1,15070,20945,15070,13505,14344,13505,14058,22137,23286,19908,16469,12854,8263,8846,256,17725,13158,2031,23264,2246,150,23156,1,4:53
2024-25,201566,Russell Westbrook,Russell,1610612743,DEN,Denver Nuggets,0022400579,2025-01-17T00:00:00,DEN @ MIA,W,26.266666666666666,5.5,9.6,0.571,4.1,5.5,0.75,0.0,0.0,0.0,0.0,0.0,0.0,9.6,0.0,0.0,0.0,0.0,1.4,0.0,15.1,16.4,29.5,0,0,28.8,1,1,13086,1,10937,13029,17786,6538,3763,11995,1542,13505,14344,13505,14058,22137,23286,1651,16469,12854,8263,8846,17742,17725,12829,5094,15171,2246,150,14876,1,26:16
2024-25,1630549,Day'Ron Sharpe,Day'Ron,1610612751,BKN,Brooklyn Nets,0022400585,2025-01-17T00:00:00,BKN @ LAL,L,13.841666666666667,0.0,10.4,0.0,0.0,0.0,0.0,2.6,5.2,0.5,5.2,7.8,13.0,2.6,2.6,0.0,2.6,2.6,2.6,2.6,2.6,-18.2,27.3,0,0,23.4,1,13222,1,13222,20280,22635,16378,22635,15070,20945,15070,8798,5605,10625,2190,5005,2806,14212,7876,12854,2217,1875,12426,10642,23053,20992,16735,2246,150,18729,1,13:51
2024-25,1631128,Christian Braun,Christian,1610612743,DEN,Denver Nuggets,0022400579,2025-01-17T00:00:00,DEN @ MIA,W,26.766666666666666,8.1,13.4,0.6,0.0,0.0,0.0,0.0,0.0,0.0,0.0,2.7,2.7,0.0,0.0,0.0,0.0,0.0,1.3,0.0,16.1,13.4,19.4,0,0,18.8,1,1,13086,1,10516,6486,11085,5394,15070,20945,15070,13505,14344,13505,14058,17727,20470,19908,16469,12854,8263,8846,17844,17725,11776,6217,21472,2246,150,21472,1,26:46
2024-25,1630172,Patrick Williams,Patrick,1610612741,CHI,Chicago Bulls,0022400584,2025-01-17T00:00:00,CHI vs. CHA,L,16.916666666666668,4.3,17.0,0.25,2.1,10.6,0.2,0.0,0.0,0.0,0.0,0.0,0.0,2.1,0.0,0.0,4.3,2.1,0.0,0.0,10.6,-36.2,26.6,0,0,23.4,1,13222,1,13222,18307,16446,5777,20233,9563,2836,13429,13505,14344,13505,14058,22137,23286,15903,16469,12854,788,2838,20257,17725,17520,24538,17216,2246,150,18727,1,16:55
2024-25,1642261,Dalton Knecht,Dalton,1610612747,LAL,Los Angeles Lakers,0022400585,2025-01-17T00:00:00,LAL vs. BKN,W,18.383333333333333,0.0,7.8,0.0,0.0,5.9,0.0,3.9,5.9,0.667,2.0,0.0,2.0,2.0,0.0,0.0,0.0,2.0,0.0,2.0,3.9,11.7,9.2,0,0,7.8,1,1,13086,1,17292,22635,20492,22635,15070,11013,15070,5848,4652,9425,8582,22137,21889,16529,16469,12854,8263,3365,20257,13280,22590,6912,24542,2246,150,24786,1,18:23
2024-25,1629312,Haywood Highsmith,Haywood,1610612748,MIA,Miami Heat,0022400579,2025-01-17T00:00:00,MIA vs. DEN,L,13.35,2.7,8.1,0.333,0.0,5.4,0.0,0.0,0.0,0.0,0.0,0.0,0.0,0.0,0.0,0.0,0.0,0.0,8.1,0.0,5.4,-35.1,5.4,0,0,5.4,1,13222,1,13222,20566,20095,20103,17395,15070,12226,15070,13505,14344,13505,14058,22137,23286,19908,16469,12854,8263,8846,1323,17725,21801,24414,24972,2246,150,25070,1,13:21
2024-25,1629750,Javonte Green,Javonte,1610612740,NOP,New Orleans Pelicans,0022400581,2025-01-17T00:00:00,NOP vs. UTA,W,24.066666666666666,1.5,3.0,0.5,1.5,1.5,1.0,0.0,0.0,0.0,1.5,3.0,4.5,1.5,1.5,1.5,1.5,0.0,1.5,0.0,4.5,6.0,19.6,0,0,18.0,1,1,13086,1,12825,22173,24497,8526,12050,20277,1,13505,14344,13505,10344,16768,16081,17994,12762,8427,4870,8846,17237,17725,22300,9626,21364,2246,150,21890,1,24:04
2024-25,1629003,Shake Milton,Shake,1610612747,LAL,Los Angeles Lakers,0022400585,2025-01-17T00:00:00,LAL vs. BKN,W,7.433333333333334,0.0,0.0,0.0,0.0,0.0,0.0,0.0,0.0,0.0,0.0,0.0,0.0,4.8,0.0,0.0,0.0,0.0,0.0,0.0,0.0,14.5,7.3,0,0,4.8,1,1,13086,1,23024,22635,24836,22635,15070,20945,15070,13505,14344,13505,14058,22137,23286,7809,16469,12854,8263,8846,20257,17725,23200,5810,24789,2246,150,25118,1,7:26
2024-25,1631216,Caleb Houstan,Caleb,1610612753,ORL,Orlando Magic,0022400577,2025-01-17T00:00:00,ORL @ BOS,L,14.35,0.0,7.5,0.0,0.0,7.5,0.0,0.0,0.0,0.0,0.0,0.0,0.0,0.0,0.0,0.0,0.0,0.0,2.5,0.0,0.0,-5.0,0.0,0,0,0.0,1,13222,1,13222,19976,22635,20887,22635,15070,7334,15070,13505,14344,13505,14058,22137,23286,19908,16469,12854,8263,8846,12766,17725,23200,15594,25228,2246,150,25259,1,14:21
2024-25,1629026,Kenrich Williams,Kenrich,1610612760,OKC,Oklahoma City Thunder,0022400583,2025-01-17T00:00:00,OKC @ DAL,L,20.088333333333335,1.8,10.8,0.167,1.8,9.0,0.2,0.0,0.0,0.0,1.8,9.0,10.8,0.0,1.8,0.0,0.0,1.8,3.6,1.8,5.4,-26.9,16.5,0,0,17.9,1,13222,1,13222,15958,21770,15776,21938,11105,4890,13429,13505,14344,13505,9271,3559,4645,19908,11586,12854,8263,3922,8480,13961,21809,23222,22674,2246,150,21906,1,20:05
2024-25,1641711,Gradey Dick,Gradey,1610612761,TOR,Toronto Raptors,0022400580,2025-01-17T00:00:00,TOR @ MIL,L,28.528333333333332,6.3,15.1,0.417,0.0,6.3,0.0,3.8,3.8,1.0,0.0,1.3,1.3,3.8,0.0,1.3,0.0,1.3,1.3,2.5,16.4,-1.3,27.4,0,0,24.0,1,13222,1,13222,9097,10681,8356,14532,15070,9960,15070,6115,8285,1,14058,21357,22860,10546,16469,9707,8263,5863,18213,10897,11494,13697,16674,2246,150,18342,1,28:32
2024-25,1630579,Jericho Sims,Jericho,1610612752,NYK,New York Knicks,0022400578,2025-01-17T00:00:00,NYK vs. MIN,L,18.55,0.0,3.9,0.0,0.0,0.0,0.0,0.0,0.0,0.0,3.9,5.8,9.7,3.9,1.9,1.9,0.0,0.0,3.9,0.0,0.0,0.0,21.3,0,0,17.5,1,13222,1,13222,17147,22635,24144,22635,15070,20945,15070,13505,14344,13505,3759,8740,5795,10278,10845,6558,8263,8846,7505,17725,23200,12240,20500,2246,150,22092,1,18:33
2024-25,1642347,Jamal Shead,Jamal,1610612761,TOR,Toronto Raptors,0022400580,2025-01-17T00:00:00,TOR @ MIL,L,18.4,2.0,5.9,0.333,0.0,2.0,0.0,0.0,0.0,0.0,2.0,0.0,2.0,2.0,2.0,0.0,0.0,0.0,2.0,2.0,3.9,-23.5,7.2,0,0,7.8,1,13222,1,13222,17275,21481,22741,17395,15070,19633,15070,13505,14344,13505,8588,22137,21894,16535,10742,12854,8263,8846,15371,13289,22592,22459,24794,2246,150,24788,1,18:24
2024-25,1627936,Alex Caruso,Alex,1610612760,OKC,Oklahoma City Thunder,0022400583,2025-01-17T00:00:00,OKC @ DAL,L,19.7,3.7,16.4,0.222,3.7,7.3,0.5,0.0,0.0,0.0,3.7,1.8,5.5,3.7,0.0,0.0,0.0,0.0,1.8,0.0,11.0,20.1,23.0,0,0,23.8,1,13222,1,13222,16262,17956,6490,21205,4794,7797,3944,13505,14344,13505,4113,20168,13581,10921,16469,12854,8263,8846,16051,17725,17208,3920,19547,2246,150,18491,1,19:42
2024-25,202691,Klay Thompson,Klay,1610612742,DAL,Dallas Mavericks,0022400583,2025-01-17T00:00:00,DAL vs. OKC,W,23.75,3.0,10.6,0.286,3.0,7.6,0.4,0.0,0.0,0.0,1.5,6.1,7.6,4.5,0.0,4.5,1.5,0.0,1.5,0.0,9.1,7.6,43.2,0,0,36.4,1,1,13086,1,13112,19360,16028,19630,6396,7213,7874,13505,14344,13505,10251,8192,9005,8532,16469,1192,4793,8846,17155,17725,18985,8844,6030,2246,150,9115,1,23:45
2024-25,1627749,Dejounte Murray,Dejounte,1610612740,NOP,New Orleans Pelicans,0022400581,2025-01-17T00:00:00,NOP vs. UTA,W,25.016666666666666,2.9,13.0,0.222,2.9,8.6,0.333,2.9,2.9,1.0,0.0,7.2,7.2,8.6,2.9,1.4,0.0,0.0,0.0,2.9,11.5,15.8,34.5,0,0,33.1,1,1,13086,1,11990,19712,11940,21205,6948,5366,9209,8151,10287,1,14058,6009,9758,2315,6926,8703,8263,8846,20257,9663,16658,5315,11419,2246,150,11578,1,25:01
2024-25,1629130,Duncan Robinson,Duncan,1610612748,MIA,Miami Heat,0022400579,2025-01-17T00:00:00,MIA vs. DEN,L,26.483333333333334,4.1,6.8,0.6,2.7,5.4,0.5,0.0,0.0,0.0,0.0,1.4,1.4,9.5,0.0,0.0,0.0,0.0,4.1,0.0,10.9,-16.3,26.8,0,0,24.5,1,13222,1,13222,10745,16901,21787,5394,7485,12117,3944,13505,14344,13505,14058,21169,22748,1697,16469,12854,8263,8846,6908,17725,17291,20378,17102,2246,150,18026,1,26:29
2024-25,202710,Jimmy Butler III,Jimmy,1610612748,MIA,Miami Heat,0022400579,2025-01-17T00:00:00,MIA vs. DEN,L,33.24333333333333,7.6,16.2,0.467,0.0,2.2,0.0,4.3,4.3,1.0,2.2,1.1,3.2,2.2,1.1,0.0,0.0,1.1,0.0,2.2,19.5,-11.9,25.6,0,0,24.9,1,13222,1,13222,4958,7558,6758,12249,15070,19230,15070,5096,7138,1,7704,21798,19110,15744,15255,12854,8263,7200,20257,12312,8379,18708,17900,2246,150,17749,1,33:15
2024-25,1631124,Julian Strawther,Julian,1610612743,DEN,Denver Nuggets,0022400579,2025-01-17T00:00:00,DEN @ MIA,W,25.716666666666665,7.0,12.6,0.556,5.6,9.8,0.571,0.0,1.4,0.0,0.0,1.4,1.4,1.4,0.0,0.0,0.0,0.0,2.8,1.4,19.6,12.6,23.4,0,0,28.0,1,1,13086,1,11386,8933,12577,7248,1665,3728,3506,13505,13592,13505,14058,21080,22689,18344,16469,12854,8263,8846,11643,15453,8265,6565,19328,2246,150,15423,1,25:43
2024-25,1630188,Jalen Smith,Jalen,1610612741,CHI,Chicago Bulls,0022400584,2025-01-17T00:00:00,CHI vs. CHA,L,13.823333333333334,7.8,18.2,0.429,0.0,10.4,0.0,0.0,0.0,0.0,2.6,7.8,10.4,2.6,2.6,0.0,0.0,0.0,0.0,0.0,15.6,-18.2,29.4,0,0,28.6,1,13222,1,13222,20290,7039,4427,13735,15070,3049,15070,13505,14344,13505,6333,4988,4989,14200,7863,12854,8263,8846,20257,17725,12294,20998,15193,2246,150,14967,1,13:49
2024-25,1628401,Derrick White,Derrick,1610612738,BOS,Boston Celtics,0022400577,2025-01-17T00:00:00,BOS vs. ORL,W,30.733333333333334,5.9,14.1,0.417,2.3,8.2,0.286,0.0,0.0,0.0,1.2,2.3,3.5,2.3,1.2,0.0,1.2,0.0,0.0,1.2,14.1,24.6,24.1,0,0,24.6,1,1,13086,1,7100,11930,10081,14532,8696,6083,11433,13505,14344,13505,11986,18650,18517,15074,14650,12854,6352,8846,20257,16546,13880,2901,18854,2246,150,17949,1,30:44
2024-25,1629008,Michael Porter Jr.,Michael,1610612743,DEN,Denver Nuggets,0022400579,2025-01-17T00:00:00,DEN @ MIA,W,28.606666666666666,5.0,16.4,0.308,5.0,8.8,0.571,2.5,2.5,1.0,1.3,10.1,11.3,2.5,1.3,0.0,0.0,0.0,1.3,3.8,17.6,23.9,33.7,0,0,36.5,1,1,13086,1,9033,14287,6606,19226,2231,5091,3506,8999,11165,1,11428,2529,4108,14478,14045,12854,8263,8846,18226,6918,10203,3048,12026,2246,150,9052,1,28:36
2024-25,1642382,Branden Carlson,Branden,1610612760,OKC,Oklahoma City Thunder,0022400583,2025-01-17T00:00:00,OKC @ DAL,L,6.8,5.3,10.6,0.5,5.3,10.6,0.5,0.0,0.0,0.0,0.0,10.6,10.6,5.3,5.3,0.0,5.3,0.0,0.0,0.0,15.9,26.5,47.1,0,0,47.6,1,13222,1,13222,23248,13546,16062,8526,1957,2884,3944,13505,14344,13505,14058,2157,4823,6831,2008,12854,440,8846,20257,17725,12036,2526,4276,2246,150,3266,1,6:48
2024-25,201988,Patty Mills,Patty,1610612762,UTA,Utah Jazz,0022400581,2025-01-17T00:00:00,UTA @ NOP,L,8.716666666666667,4.1,8.3,0.5,4.1,8.3,0.5,4.1,4.1,1.0,0.0,4.1,4.1,8.3,0.0,0.0,0.0,0.0,0.0,0.0,16.5,49.6,33.9,0,0,33.0,1,13222,1,13222,22558,16772,19854,8526,3716,5984,3944,5473,7567,1,14058,13331,17004,2646,16469,12854,8263,8846,20257,17725,11374,566,11917,2246,150,11625,1,8:43
2024-25,1641733,Nick Smith Jr.,Nick,1610612766,CHA,Charlotte Hornets,0022400584,2025-01-17T00:00:00,CHA @ CHI,W,25.606666666666666,8.4,16.9,0.5,4.2,9.8,0.429,0.0,0.0,0.0,0.0,7.0,7.0,1.4,5.6,1.4,0.0,0.0,0.0,1.4,21.1,11.2,30.2,0,0,36.6,1,1,13086,1,11487,5736,5959,8526,3535,3674,7394,13505,14344,13505,14058,6311,10101,18330,1706,8868,8263,8846,20257,15427,7015,7122,14648,2246,150,9012,1,25:36
2024-25,1629651,Nic Claxton,Nic,1610612751,BKN,Brooklyn Nets,0022400585,2025-01-17T00:00:00,BKN @ LAL,L,29.75,3.6,4.8,0.75,0.0,0.0,0.0,1.2,2.4,0.5,1.2,8.5,9.7,2.4,1.2,1.2,2.4,0.0,0.0,2.4,8.5,14.5,33.4,0,0,27.8,1,13222,1,13222,8001,18011,23577,2107,15070,20945,15070,12553,11422,10625,11723,4082,5826,14808,14368,10090,2519,8846,20257,11265,19537,5815,12266,2246,150,15553,1,29:45
2024-25,1642275,Tidjane Salaün,Tidjane,1610612766,CHA,Charlotte Hornets,0022400584,2025-01-17T00:00:00,CHA @ CHI,W,14.226666666666667,2.5,7.6,0.333,2.5,5.1,0.5,0.0,0.0,0.0,2.5,5.1,7.6,5.1,2.5,2.5,0.0,0.0,2.5,0.0,7.6,-27.8,29.4,0,0,27.8,1,1,13086,1,20064,20405,20807,17395,8046,13046,3944,13505,14344,13505,6523,10692,8989,7334,8117,4306,8263,8846,12670,17725,20253,23398,15247,2246,150,15550,1,14:14
2024-25,1642271,Kyle Filipowski,Kyle,1610612762,UTA,Utah Jazz,0022400581,2025-01-17T00:00:00,UTA @ NOP,L,10.816666666666666,6.7,6.7,1.0,0.0,0.0,0.0,0.0,0.0,0.0,3.3,3.3,6.7,6.7,3.3,3.3,0.0,0.0,6.7,0.0,13.3,-39.9,37.9,0,0,33.3,1,13222,1,13222,21789,9810,21944,1,15070,20945,15070,13505,14344,13505,4689,15699,10825,4491,5425,2505,8263,8846,2261,17725,14732,24835,9055,2246,150,11422,1,10:49
2024-25,1631260,AJ Green,AJ,1610612749,MIL,Milwaukee Bucks,0022400580,2025-01-17T00:00:00,MIL vs. TOR,W,19.433333333333334,3.7,7.4,0.5,3.7,7.4,0.5,0.0,0.0,0.0,0.0,7.4,7.4,1.9,1.9,1.9,0.0,0.0,5.6,1.9,11.1,7.4,26.5,0,0,27.8,1,1,13086,1,16470,17821,21058,8526,4693,7591,3944,13505,14344,13505,14058,5667,9354,16922,11307,7018,8263,8846,3618,13722,17069,8931,17295,2246,150,15588,1,19:26
2024-25,1628449,Chris Boucher,Chris,1610612761,TOR,Toronto Raptors,0022400580,2025-01-17T00:00:00,TOR @ MIL,L,15.266666666666667,7.1,9.4,0.75,0.0,2.4,0.0,0.0,0.0,0.0,4.7,9.4,14.1,0.0,0.0,0.0,0.0,0.0,2.4,0.0,14.1,-9.4,31.1,0,0,28.3,1,13222,1,13222,19400,8753,18070,2107,15070,18888,15070,13505,14344,13505,2655,3090,2168,19908,16469,12854,8263,8846,13404,17725,13792,17634,13971,2246,150,15213,1,15:16
2024-25,1629216,Gabe Vincent,Gabe,1610612747,LAL,Los Angeles Lakers,0022400585,2025-01-17T00:00:00,LAL vs. BKN,W,29.066666666666666,5.0,9.9,0.5,1.2,6.2,0.2,1.2,2.5,0.5,0.0,1.2,1.2,3.7,1.2,2.5,2.5,0.0,2.5,3.7,12.4,0.0,33.1,0,0,28.5,1,1,13086,1,8620,14524,17220,8526,13160,10215,13429,12481,11263,10625,14058,21425,22893,10746,14173,4444,2416,8846,12885,7094,15736,12240,12541,2246,150,15077,1,29:04
2024-25,1626171,Bobby Portis,Bobby,1610612749,MIL,Milwaukee Bucks,0022400580,2025-01-17T00:00:00,MIL vs. TOR,W,23.466666666666665,7.7,16.9,0.455,1.5,6.1,0.25,6.1,6.1,1.0,1.5,7.7,9.2,0.0,4.6,0.0,0.0,0.0,1.5,3.1,23.0,13.8,29.5,0,0,33.8,1,1,13086,1,13330,7328,5941,12676,11914,10347,11902,2742,4304,1,10174,5210,6441,19908,2845,12854,8263,8846,17100,9005,5467,6078,15174,2246,150,11030,1,23:28
2024-25,1630573,Sam Hauser,Sam,1610612738,BOS,Boston Celtics,0022400577,2025-01-17T00:00:00,BOS vs. ORL,W,17.266666666666666,6.3,10.4,0.6,4.2,8.3,0.5,0.0,0.0,0.0,0.0,2.1,2.1,2.1,0.0,0.0,0.0,0.0,2.1,0.0,16.7,12.5,22.3,0,0,25.0,1,1,13086,1,18098,10833,16348,5394,3630,5844,3944,13505,14344,13505,14058,19403,21643,16046,16469,12854,8263,8846,14674,17725,11195,6593,19978,2246,150,17662,1,17:16
2024-25,1628969,Mikal Bridges,Mikal,1610612752,NYK,New York Knicks,0022400578,2025-01-17T00:00:00,NYK vs. MIN,L,38.75,5.6,15.8,0.353,2.8,6.5,0.429,0.0,0.0,0.0,2.8,0.9,3.7,4.6,0.9,0.0,0.0,0.0,0.9,0.9,13.9,-19.5,24.4,0,0,25.1,1,13222,1,13222,985,12773,7418,17268,7255,9541,7394,13505,14344,13505,5891,22081,18031,8315,16249,12854,8263,8846,20069,17605,14006,21401,18666,2246,150,17620,1,38:45
2024-25,1642377,Jaylen Wells,Jaylen,1610612763,MEM,Memphis Grizzlies,0022400582,2025-01-17T00:00:00,MEM @ SAS,W,35.18333333333333,8.2,11.3,0.727,6.1,8.2,0.75,0.0,0.0,0.0,1.0,2.0,3.1,2.0,0.0,0.0,0.0,0.0,4.1,2.0,22.5,12.3,29.3,0,0,33.8,1,1,13086,1,3324,6236,14921,2666,1203,6104,1542,13505,14344,13505,13069,19514,19545,16206,16469,12854,8263,8846,6865,12859,5847,6680,15314,2246,150,11025,1,35:11
2024-25,1630598,Aaron Wiggins,Aaron,1610612760,OKC,Oklahoma City Thunder,0022400583,2025-01-17T00:00:00,OKC @ DAL,L,23.223333333333333,7.8,12.4,0.625,3.1,6.2,0.5,0.0,0.0,0.0,3.1,6.2,9.3,3.1,4.7,1.6,0.0,0.0,9.3,0.0,18.6,-7.8,34.4,0,0,37.2,1,13222,1,13222,13530,7164,12893,4899,6217,10199,3944,13505,14344,13505,5135,7894,6316,12611,2783,8198,8263,8846,873,17725,9220,16856,11500,2246,150,8582,1,23:13
2024-25,1631222,Jake LaRavia,Jake,1610612763,MEM,Memphis Grizzlies,0022400582,2025-01-17T00:00:00,MEM @ SAS,W,32.83833333333333,0.0,3.3,0.0,0.0,2.2,0.0,4.4,6.6,0.667,1.1,7.7,8.8,5.5,1.1,3.3,0.0,1.1,1.1,3.3,4.4,26.3,31.9,0,0,25.2,1,1,13086,1,5297,22635,24397,22635,15070,19182,15070,5018,3797,9425,12498,5198,7073,6468,15158,2582,8263,7074,19124,8281,22354,2555,13401,2246,150,17503,1,32:50
2024-25,202681,Kyrie Irving,Kyrie,1610612742,DAL,Dallas Mavericks,0022400583,2025-01-17T00:00:00,DAL vs. OKC,W,38.90833333333333,8.3,17.6,0.474,2.8,7.4,0.375,3.7,3.7,1.0,0.9,3.7,4.6,4.6,2.8,0.9,0.0,0.9,1.9,1.9,23.1,12.0,35.6,0,0,37.0,1,1,13086,1,914,5930,5160,12072,7303,7613,8800,6289,8477,1,13805,14626,15759,8360,7310,12537,8263,8530,15942,13733,5395,6783,10634,2246,150,8718,1,38:55
2024-25,1630567,Scottie Barnes,Scottie,1610612761,TOR,Toronto Raptors,0022400580,2025-01-17T00:00:00,TOR @ MIL,L,34.81666666666667,4.1,16.5,0.25,0.0,6.2,0.0,2.1,2.1,1.0,1.0,7.2,8.3,10.3,3.1,2.1,2.1,0.0,5.2,2.1,10.3,-14.5,45.1,1,0,37.2,1,13222,1,13222,3597,16756,6373,20233,15070,10195,15070,10411,12528,1,12991,5931,7816,1264,6120,5921,3296,8846,4251,12772,17813,19698,5139,1,150,8571,1,34:49
2024-25,1630592,Jalen Wilson,Jalen,1610612751,BKN,Brooklyn Nets,0022400585,2025-01-17T00:00:00,BKN @ LAL,L,26.5,5.4,10.9,0.5,4.1,5.4,0.75,0.0,0.0,0.0,4.1,2.7,6.8,2.7,1.4,0.0,0.0,0.0,1.4,0.0,14.9,-12.2,25.8,0,0,28.5,1,13222,1,13222,10724,13173,15570,8526,3843,12126,1542,13505,14344,13505,3488,17645,10541,13854,13522,12854,8263,8846,17794,17725,12966,18827,17738,2246,150,15049,1,26:30
2024-25,1630530,Trey Murphy III,Trey,1610612740,NOP,New Orleans Pelicans,0022400581,2025-01-17T00:00:00,NOP vs. UTA,W,36.38,5.9,10.9,0.545,2.0,5.9,0.333,4.9,6.9,0.714,0.0,4.0,4.0,4.9,1.0,2.0,0.0,0.0,4.9,4.0,18.8,15.8,35.9,0,0,33.6,1,1,13086,1,2426,11688,15552,7695,10250,10847,9209,4126,3445,9244,14058,13846,17420,7578,15912,6346,8263,8846,4733,6435,9035,5314,10417,2246,150,11119,1,36:23
2024-25,1631119,Jaylin Williams,Jaylin,1610612760,OKC,Oklahoma City Thunder,0022400583,2025-01-17T00:00:00,OKC @ DAL,L,31.13,4.6,12.7,0.364,2.3,8.1,0.286,2.3,2.3,1.0,4.6,6.9,11.6,3.5,0.0,0.0,1.2,1.2,2.3,5.8,13.9,0.0,36.4,1,0,33.5,1,13222,1,13222,6771,15427,12349,16861,8807,6293,11433,9580,11745,1,2768,6469,3883,11494,16469,12854,6444,6582,13594,2922,14072,12240,10071,1,150,11216,1,31:08
2024-25,203915,Spencer Dinwiddie,Spencer,1610612742,DAL,Dallas Mavericks,0022400583,2025-01-17T00:00:00,DAL vs. OKC,W,30.15,6.0,15.5,0.385,4.8,10.7,0.444,2.4,3.6,0.667,0.0,3.6,3.6,4.8,0.0,2.4,0.0,0.0,1.2,3.6,19.1,15.5,37.7,0,0,37.0,1,1,13086,1,7634,11605,7795,16070,2600,2722,7211,9377,8722,9425,14058,14978,18362,7983,16469,4738,8263,8846,18564,7444,8752,5425,9202,2246,150,8712,1,30:09
2024-25,203081,Damian Lillard,Damian,1610612749,MIL,Milwaukee Bucks,0022400580,2025-01-17T00:00:00,MIL vs. TOR,W,35.85333333333333,6.0,14.1,0.429,4.0,7.0,0.571,10.0,10.0,1.0,0.0,3.0,3.0,8.0,0.0,2.0,1.0,1.0,3.0,7.0,26.1,11.0,50.8,0,0,47.2,1,1,13086,1,2784,11443,10079,13735,3965,8403,3506,689,1348,1,14058,16677,19696,2855,16469,6216,7459,7888,10660,1641,3626,7215,3043,2246,150,3404,1,35:51
2024-25,1626145,Tyus Jones,Tyus,1610612756,PHX,Phoenix Suns,0022400573,2025-01-16T00:00:00,PHX @ WAS,W,31.053333333333335,1.2,5.8,0.2,1.2,3.5,0.333,7.0,7.0,1.0,1.2,2.3,3.5,11.6,2.3,3.5,0.0,0.0,2.3,4.6,10.4,18.5,40.1,0,0,33.6,1,1,13086,1,6837,22530,22813,21401,13599,16697,9209,2035,3408,1,12052,18708,18602,815,8991,2269,8263,8846,13564,4859,17729,4395,7689,2246,150,11142,1,31:03
2024-25,1631101,Shaedon Sharpe,Shaedon,1610612757,POR,Portland Trail Blazers,0022400575,2025-01-16T00:00:00,POR vs. LAC,L,22.866666666666667,7.9,17.3,0.455,1.6,4.7,0.333,1.6,1.6,1.0,3.1,3.1,6.3,6.3,4.7,1.6,0.0,0.0,4.7,4.7,18.9,-31.5,35.9,0,0,36.2,1,13222,1,13222,13818,6906,5435,12676,11774,13902,9209,11639,13418,1,5042,16263,11608,5018,2688,8091,8263,8846,5233,4677,8952,23963,10438,2246,150,9220,1,22:52
2024-25,1642267,Bub Carrington,Bub,1610612764,WAS,Washington Wizards,0022400573,2025-01-16T00:00:00,WAS vs. PHX,L,26.05,2.8,9.7,0.286,1.4,6.9,0.2,1.4,1.4,1.0,0.0,5.5,5.5,4.1,0.0,1.4,1.4,0.0,0.0,2.8,8.3,-19.3,29.4,0,0,24.9,1,13222,1,13222,11127,19951,17624,19630,12514,8646,13429,12064,13614,1,14058,9459,13472,9533,16469,9002,5307,8846,20257,10093,19663,21356,15188,2246,150,17775,1,26:03
2024-25,1641709,Ausar Thompson,Ausar,1610612765,DET,Detroit Pistons,0022400572,2025-01-16T00:00:00,DET vs. IND,L,21.56,5.0,15.0,0.333,0.0,5.0,0.0,3.3,3.3,1.0,5.0,6.7,11.7,5.0,1.7,0.0,1.7,1.7,6.7,1.7,13.4,-36.7,38.2,0,0,33.4,1,13222,1,13222,14887,14367,8566,17395,15070,13196,15070,7025,9211,1,2376,6934,3770,7455,12047,12854,4365,4224,2238,14365,14675,24592,8868,2246,150,11327,1,21:34
2024-25,1626220,Royce O'Neale,Royce,1610612756,PHX,Phoenix Suns,0022400573,2025-01-16T00:00:00,PHX @ WAS,W,21.666666666666668,5.0,10.0,0.5,5.0,10.0,0.5,0.0,0.0,0.0,0.0,6.6,6.6,3.3,1.7,1.7,0.0,0.0,5.0,0.0,15.0,-16.6,31.2,0,0,33.2,1,1,13086,1,14776,14433,17104,8526,2295,3522,3944,13505,14344,13505,14058,7002,10857,11907,12088,7761,8263,8846,4638,17725,12950,20483,13877,2246,150,11472,1,21:40
2024-25,1631106,Tari Eason,Tari,1610612745,HOU,Houston Rockets,0022400576,2025-01-16T00:00:00,HOU @ SAC,L,24.483333333333334,8.8,14.7,0.6,1.5,5.9,0.25,4.4,7.4,0.6,1.5,4.4,5.9,0.0,0.0,1.5,0.0,0.0,4.4,4.4,23.5,1.5,35.0,0,0,33.8,1,13222,1,13222,12492,5023,9047,5394,12159,10991,11902,4971,3048,10343,10434,12497,12563,19908,16469,8529,8263,8846,5995,5316,5109,11880,11057,2246,150,10986,1,24:29
2024-25,1629614,Andrew Nembhard,Andrew,1610612754,IND,Indiana Pacers,0022400572,2025-01-16T00:00:00,IND @ DET,W,41.0,3.5,9.7,0.364,0.0,2.6,0.0,3.5,5.3,0.667,0.0,3.5,3.5,5.3,2.6,2.6,0.0,1.8,1.8,2.6,10.5,7.9,27.9,0,0,24.6,1,1,13086,1,369,18298,17657,16861,15070,18388,15070,6679,5506,9425,14058,15198,18520,6893,7755,4057,8263,4019,16353,10533,17622,8683,16283,2246,150,17956,1,41:00
2024-25,201145,Jeff Green,Jeff,1610612745,HOU,Houston Rockets,0022400576,2025-01-16T00:00:00,HOU @ SAC,L,22.666666666666668,6.4,9.5,0.667,1.6,4.8,0.333,1.6,1.6,1.0,1.6,3.2,4.8,3.2,0.0,0.0,0.0,0.0,3.2,1.6,15.9,-6.4,26.4,0,0,25.4,1,13222,1,13222,13977,10554,17890,3281,11714,13799,9209,11623,13406,1,9969,16169,15388,12398,16469,12854,8263,8846,9965,14668,12052,16223,17374,2246,150,17343,1,22:40
2024-25,1631204,Marcus Sasser,Marcus,1610612765,DET,Detroit Pistons,0022400572,2025-01-16T00:00:00,DET vs. IND,L,13.816666666666666,5.2,13.0,0.4,5.2,10.4,0.5,0.0,0.0,0.0,0.0,5.2,5.2,10.4,0.0,0.0,0.0,2.6,7.8,0.0,15.6,7.8,37.5,0,0,36.5,1,13222,1,13222,20292,13788,11805,14933,2045,3043,3944,13505,14344,13505,14058,10256,14251,1234,16469,12854,8263,1867,1445,17725,12286,8723,9330,2246,150,9061,1,13:49
2024-25,1628368,De'Aaron Fox,De'Aaron,1610612758,SAC,Sacramento Kings,0022400576,2025-01-16T00:00:00,SAC vs. HOU,W,39.78333333333333,5.4,15.4,0.353,1.8,3.6,0.5,4.5,4.5,1.0,1.8,0.9,2.7,6.3,2.7,3.6,0.9,0.9,1.8,2.7,17.2,0.9,40.8,0,0,37.1,1,1,13086,1,623,13191,7987,17268,11038,16397,3944,4796,6797,1,9207,22096,20414,4967,7482,2066,8071,8635,16132,10278,10640,12214,7271,2246,150,8649,1,39:47
2024-25,1630169,Tyrese Haliburton,Tyrese,1610612754,IND,Indiana Pacers,0022400572,2025-01-16T00:00:00,IND @ DET,W,33.96,7.4,15.9,0.467,2.1,6.4,0.333,1.1,1.1,1.0,0.0,4.2,4.2,8.5,0.0,1.1,1.1,0.0,2.1,1.1,18.0,10.6,42.2,0,0,37.1,1,1,13086,1,4304,7966,7267,12249,9592,9849,9209,13044,14112,1,14058,13004,16706,2436,16469,11392,7061,8846,14519,17116,9815,7418,6531,2246,150,8648,1,33:58
2024-25,1641871,Duop Reath,Duop,1610612757,POR,Portland Trail Blazers,0022400575,2025-01-16T00:00:00,POR vs. LAC,L,3.05,11.8,23.6,0.5,0.0,11.8,0.0,23.6,23.6,1.0,0.0,0.0,0.0,0.0,0.0,0.0,0.0,0.0,0.0,11.8,47.2,23.6,47.2,0,0,47.2,1,13222,1,13222,24957,1654,1186,8526,15070,1894,15070,53,91,1,14058,22137,23286,19908,16469,12854,8263,8846,20257,209,203,3123,4241,2246,150,3394,1,3:03
2024-25,1630625,Dalano Banton,Dalano,1610612757,POR,Portland Trail Blazers,0022400575,2025-01-16T00:00:00,POR vs. LAC,L,24.716666666666665,10.2,24.8,0.412,5.8,11.7,0.5,7.3,8.7,0.833,0.0,4.4,4.4,1.5,1.5,1.5,0.0,1.5,1.5,4.4,33.5,-18.9,43.8,0,0,48.1,1,13222,1,13222,12256,3019,883,14791,1456,1998,3944,1812,2025,7275,14058,12604,16359,18151,12974,8600,8263,4955,17414,5425,1215,21219,5747,2246,150,3119,1,24:43
2024-25,1628418,Thomas Bryant,Thomas,1610612754,IND,Indiana Pacers,0022400572,2025-01-16T00:00:00,IND @ DET,W,11.306666666666667,0.0,12.7,0.0,0.0,6.4,0.0,0.0,0.0,0.0,6.4,12.7,19.1,0.0,3.2,0.0,3.2,3.2,0.0,0.0,0.0,-15.9,29.3,0,0,25.5,1,1,13086,1,21583,22635,12320,22635,15070,9828,15070,13505,14344,13505,1442,1095,681,19908,5872,12854,1495,1164,20257,17725,23200,20237,15287,2246,150,17303,1,11:18
2024-25,1629645,Kevin Porter Jr.,Kevin,1610612746,LAC,LA Clippers,0022400575,2025-01-16T00:00:00,LAC @ POR,W,13.533333333333333,8.0,13.3,0.6,0.0,0.0,0.0,5.3,5.3,1.0,0.0,8.0,8.0,8.0,5.3,0.0,0.0,0.0,0.0,2.7,21.3,53.2,37.5,0,0,37.2,1,1,13086,1,20469,6668,11304,5394,15070,20945,15070,3628,5429,1,14058,4731,8302,2909,1986,12854,8263,8846,20257,10437,6843,481,9339,2246,150,8555,1,13:32
2024-25,1630578,Alperen Sengun,Alperen,1610612745,HOU,Houston Rockets,0022400576,2025-01-16T00:00:00,HOU @ SAC,L,33.75,8.5,16.0,0.533,1.1,2.1,0.5,4.3,7.5,0.571,2.1,8.5,10.7,3.2,0.0,4.3,1.1,0.0,2.1,4.3,22.4,-22.4,56.0,1,0,48.0,1,13222,1,13222,4481,5558,7106,8140,14153,19305,3944,5224,2943,10536,7837,4015,4751,12310,16469,1405,7015,8846,14444,5681,5920,22192,1806,1,150,3132,1,33:45
2024-25,1628988,Aaron Holiday,Aaron,1610612745,HOU,Houston Rockets,0022400576,2025-01-16T00:00:00,HOU @ SAC,L,13.765,5.2,13.1,0.4,5.2,13.1,0.4,0.0,0.0,0.0,5.2,2.6,7.8,2.6,5.2,2.6,0.0,0.0,2.6,0.0,15.7,-15.7,31.6,0,0,36.6,1,13222,1,13222,20329,13722,11722,14933,2020,1258,7874,13505,14344,13505,2167,17913,8556,14164,2085,4105,8263,8846,12371,17725,12234,20150,13580,2246,150,8966,1,13:46
2024-25,1628960,Grayson Allen,Grayson,1610612756,PHX,Phoenix Suns,0022400573,2025-01-16T00:00:00,PHX @ WAS,W,28.093333333333334,10.3,15.4,0.667,6.4,9.0,0.714,0.0,0.0,0.0,0.0,6.4,6.4,0.0,2.6,3.8,0.0,0.0,1.3,0.0,26.9,7.7,43.6,0,0,47.4,1,1,13086,1,9475,2962,7994,3281,1056,4877,1861,13505,14344,13505,14058,7494,11380,19908,8007,1798,8263,8846,18118,17725,3246,8779,5865,2246,150,3339,1,28:06
2024-25,1626168,Trey Lyles,Trey,1610612758,SAC,Sacramento Kings,0022400576,2025-01-16T00:00:00,SAC vs. HOU,W,19.116666666666667,3.8,15.1,0.25,1.9,11.3,0.167,0.0,0.0,0.0,0.0,9.4,9.4,3.8,1.9,0.0,0.0,0.0,0.0,0.0,9.4,-7.5,24.5,0,0,24.5,1,1,13086,1,16737,17656,8496,20233,10708,2255,14236,13505,14344,13505,14058,3097,6157,10603,11141,12854,8263,8846,20257,17725,18711,16750,18628,2246,150,18018,1,19:07
2024-25,1630595,Cade Cunningham,Cade,1610612765,DET,Detroit Pistons,0022400572,2025-01-16T00:00:00,DET vs. IND,L,39.166666666666664,6.4,19.3,0.333,0.9,6.4,0.143,4.6,4.6,1.0,0.0,3.7,3.7,8.3,6.4,0.0,0.9,1.8,0.9,3.7,18.4,-6.4,31.5,0,0,33.1,1,13222,1,13222,826,10346,3492,17395,14905,9684,14649,4688,6662,1,14058,14711,18135,2635,1163,12854,8006,3773,20095,7192,9430,16261,13662,2246,150,11583,1,39:10
2024-25,1627826,Ivica Zubac,Ivica,1610612746,LAC,LA Clippers,0022400575,2025-01-16T00:00:00,LAC @ POR,W,28.1,6.4,12.8,0.5,0.0,0.0,0.0,0.0,0.0,0.0,1.3,9.0,10.2,3.8,1.3,2.6,2.6,0.0,3.8,1.3,12.8,35.9,45.0,0,0,37.2,1,1,13086,1,9459,10424,12185,8526,15070,20945,15070,13505,14344,13505,11285,3548,5178,10381,13898,4224,2271,8846,7618,15984,15274,1307,5198,2246,150,8613,1,28:06
2024-25,1629028,Deandre Ayton,Deandre,1610612757,POR,Portland Trail Blazers,0022400575,2025-01-16T00:00:00,POR vs. LAC,L,23.766666666666666,10.6,19.7,0.538,0.0,0.0,0.0,0.0,0.0,0.0,4.5,6.1,10.6,1.5,1.5,0.0,0.0,1.5,1.5,1.5,21.2,-39.4,34.7,0,0,33.3,1,13222,1,13222,13100,2623,3187,7978,15070,20945,15070,13505,14344,13505,2877,8201,4810,17921,12680,12854,8263,4716,17162,14946,6919,24795,11304,2246,150,11379,1,23:46
2024-25,1641715,Cam Whitmore,Cam,1610612745,HOU,Houston Rockets,0022400576,2025-01-16T00:00:00,HOU @ SAC,L,22.883333333333333,6.3,14.2,0.444,1.6,4.7,0.333,0.0,0.0,0.0,0.0,4.7,4.7,4.7,3.1,0.0,1.6,0.0,1.6,0.0,14.2,6.3,28.5,0,0,28.3,1,13222,1,13222,13803,10742,9909,13045,11777,13913,9209,13505,14344,13505,14058,11649,15509,8139,5997,12854,4628,8846,16948,17725,13781,9475,15894,2246,150,15194,1,22:53
2024-25,1626167,Myles Turner,Myles,1610612754,IND,Indiana Pacers,0022400572,2025-01-16T00:00:00,IND @ DET,W,36.693333333333335,8.8,15.7,0.563,7.8,10.8,0.727,2.0,2.0,1.0,0.0,2.9,2.9,1.0,1.0,2.0,2.0,2.0,3.9,4.9,27.5,15.7,43.3,0,0,47.1,1,1,13086,1,2208,5006,7548,7127,498,2682,1855,10772,12829,1,14058,16915,19871,19729,15966,6439,3595,3351,7372,4283,2991,5353,6003,2246,150,3442,1,36:42
2024-25,1628378,Donovan Mitchell,Donovan,1610612739,CLE,Cleveland Cavaliers,0022400574,2025-01-16T00:00:00,CLE @ OKC,L,20.683333333333334,5.2,26.1,0.2,1.7,7.0,0.25,1.7,3.5,0.5,0.0,3.5,3.5,3.5,0.0,1.7,0.0,3.5,0.0,1.7,13.9,-48.7,28.5,0,0,26.1,1,13222,1,13222,15504,13756,629,21401,11278,8538,11902,11347,8921,10625,14058,15287,18589,11447,16469,7483,8263,929,20257,14143,14020,25353,15843,2246,150,16861,1,20:41
2024-25,1628398,Kyle Kuzma,Kyle,1610612764,WAS,Washington Wizards,0022400573,2025-01-16T00:00:00,WAS vs. PHX,L,26.733333333333334,2.7,5.4,0.5,0.0,1.3,0.0,1.3,5.4,0.25,4.0,2.7,6.7,6.7,4.0,2.7,0.0,1.3,1.3,4.0,6.7,-21.5,29.0,0,0,25.6,1,13222,1,13222,10540,20102,23190,8526,15070,20441,15070,12180,5332,13358,3549,17718,10669,4375,3800,3926,8263,5412,17834,6205,20899,21978,15521,2246,150,17222,1,26:44
2024-25,1629057,Robert Williams III,Robert,1610612757,POR,Portland Trail Blazers,0022400575,2025-01-16T00:00:00,POR vs. LAC,L,17.666666666666668,2.0,6.1,0.333,0.0,0.0,0.0,4.1,4.1,1.0,4.1,10.2,14.3,4.1,4.1,0.0,0.0,0.0,4.1,2.0,8.2,-6.1,27.3,0,0,26.5,1,13222,1,13222,17805,21336,22503,17395,15070,20945,15070,5571,7687,1,3488,2437,2115,9722,3727,12854,8263,8846,6918,12890,19787,16116,16742,2246,150,16545,1,17:40
2024-25,1629626,Bol Bol,Bol,1610612756,PHX,Phoenix Suns,0022400573,2025-01-16T00:00:00,PHX @ WAS,W,4.466666666666667,8.1,8.1,1.0,0.0,0.0,0.0,8.1,16.1,0.5,8.1,0.0,8.1,0.0,0.0,0.0,0.0,0.0,8.1,8.1,24.2,-32.2,33.9,0,0,32.2,1,1,13086,1,24251,6507,20163,1,15070,20945,15070,1382,273,10625,766,22137,8154,19908,16469,12854,8263,8846,1336,983,4689,24059,11933,2246,150,12176,1,4:28
2024-25,1628989,Kevin Huerter,Kevin,1610612758,SAC,Sacramento Kings,0022400576,2025-01-16T00:00:00,SAC vs. HOU,W,8.966666666666667,8.0,16.1,0.5,4.0,12.0,0.333,0.0,0.0,0.0,0.0,4.0,4.0,4.0,0.0,0.0,0.0,0.0,0.0,0.0,20.1,-4.0,30.9,0,0,32.1,1,1,13086,1,22465,6574,7038,8526,3968,1754,9209,13505,14344,13505,14058,13677,17282,9897,16469,12854,8263,8846,20257,17725,7862,15075,14117,2246,150,12285,1,8:58
2024-25,1630167,Obi Toppin,Obi,1610612754,IND,Indiana Pacers,0022400572,2025-01-16T00:00:00,IND @ DET,W,16.866666666666667,4.3,10.7,0.4,2.1,6.4,0.333,4.3,8.5,0.5,2.1,8.5,10.7,0.0,2.1,0.0,2.1,0.0,2.1,4.3,14.9,-21.3,32.0,0,0,32.0,1,1,13086,1,18343,16403,15937,14933,9534,9741,9209,5217,2162,10625,7831,4003,4745,19908,9819,12854,3111,8846,14434,5676,12970,21922,13311,2246,150,12378,1,16:52
2024-25,1629660,Ty Jerome,Ty,1610612739,CLE,Cleveland Cavaliers,0022400574,2025-01-16T00:00:00,CLE @ OKC,L,16.25,8.9,11.1,0.8,4.4,6.6,0.667,4.4,4.4,1.0,2.2,4.4,6.6,8.9,2.2,0.0,0.0,0.0,4.4,2.2,26.6,13.3,45.6,0,0,46.5,1,13222,1,13222,18753,4950,15229,1688,3187,9221,1957,4940,6974,1,7545,12453,10850,2127,9456,12854,8263,8846,5938,12095,3393,6258,4880,2246,150,3653,1,16:15
2024-25,1642273,Kyshawn George,Kyshawn,1610612764,WAS,Washington Wizards,0022400573,2025-01-16T00:00:00,WAS vs. PHX,L,31.215,9.2,11.5,0.8,6.9,9.2,0.75,2.3,3.5,0.667,1.2,3.5,4.6,4.6,3.5,1.2,0.0,0.0,6.9,2.3,27.7,12.7,40.1,0,0,46.1,1,13222,1,13222,6694,4320,14418,1688,790,4490,1542,9596,8966,9425,12080,15351,15790,8383,5105,10553,8263,8846,2039,11715,2900,6524,7674,2246,150,3772,1,31:13
2024-25,201935,James Harden,James,1610612746,LAC,LA Clippers,0022400575,2025-01-16T00:00:00,LAC @ POR,W,28.888333333333332,8.7,19.9,0.438,1.2,10.0,0.125,5.0,5.0,1.0,1.2,1.2,2.5,7.5,3.7,1.2,0.0,0.0,0.0,3.7,23.7,16.2,37.9,0,0,37.4,1,1,13086,1,8774,5228,3009,13558,13120,3521,14886,4063,5949,1,11502,21408,20824,3430,4468,9827,8263,8846,20257,7022,4997,5184,9097,2246,150,8443,1,28:53
2024-25,1630224,Jalen Green,Jalen,1610612745,HOU,Houston Rockets,0022400576,2025-01-16T00:00:00,HOU @ SAC,L,33.53333333333333,10.7,21.5,0.5,4.3,8.6,0.5,4.3,5.4,0.8,0.0,5.4,5.4,4.3,4.3,0.0,1.1,1.1,3.2,2.1,30.1,-3.2,41.9,0,0,46.2,1,13222,1,13222,4698,2475,2054,8526,3394,5437,3944,5161,5354,7681,14058,9860,13882,9135,3340,12854,6955,7276,9778,12412,2063,14687,6693,2246,150,3757,1,33:32
2024-25,1627884,Derrick Jones Jr.,Derrick,1610612746,LAC,LA Clippers,0022400575,2025-01-16T00:00:00,LAC @ POR,W,22.25,8.1,11.3,0.714,1.6,1.6,1.0,3.2,6.5,0.5,3.2,3.2,6.5,0.0,3.2,0.0,1.6,0.0,1.6,4.9,21.0,24.3,30.4,0,0,32.4,1,1,13086,1,14313,6440,14784,2752,11631,20144,1,7243,3911,10625,4872,15979,11234,19908,5716,12854,4506,8846,16812,4382,7059,2970,14487,2246,150,12098,1,22:15
2024-25,1626181,Norman Powell,Norman,1610612746,LAC,LA Clippers,0022400575,2025-01-16T00:00:00,LAC @ POR,W,26.466666666666665,9.5,16.3,0.583,4.1,5.4,0.75,8.2,12.2,0.667,1.4,5.4,6.8,4.1,1.4,0.0,0.0,1.4,1.4,6.8,31.3,38.1,44.2,0,0,46.2,1,1,13086,1,10757,3848,6645,6296,3828,12100,1542,1334,710,9425,10926,9692,10527,9702,13512,12854,8263,5357,17790,1822,1702,1109,5568,2246,150,3730,1,26:28
2024-25,1629673,Jordan Poole,Jordan,1610612764,WAS,Washington Wizards,0022400573,2025-01-16T00:00:00,WAS vs. PHX,L,26.433333333333334,8.2,21.8,0.375,4.1,13.6,0.3,4.1,5.4,0.75,0.0,5.4,5.4,5.4,1.4,2.7,0.0,0.0,6.8,6.8,24.5,-31.3,46.0,0,0,44.9,1,13222,1,13222,10788,6261,1907,16299,3816,1049,11319,5550,5253,8186,14058,9677,13681,6538,13500,3856,8263,8846,2139,1817,4480,23936,4737,2246,150,4294,1,26:26
2024-25,1630174,Aaron Nesmith,Aaron,1610612754,IND,Indiana Pacers,0022400572,2025-01-16T00:00:00,IND @ DET,W,9.3,11.6,15.5,0.75,7.7,11.6,0.667,3.9,3.9,1.0,0.0,3.9,3.9,0.0,0.0,0.0,0.0,0.0,3.9,0.0,34.8,15.5,39.5,0,0,46.5,1,1,13086,1,22347,1801,7847,2107,525,2023,1957,5930,8092,1,14058,14122,17652,19908,16469,12854,8263,8846,7544,17725,982,5439,8091,2246,150,3677,1,9:18
2024-25,1627783,Pascal Siakam,Pascal,1610612754,IND,Indiana Pacers,0022400572,2025-01-16T00:00:00,IND @ DET,W,38.75,9.3,18.6,0.5,0.0,1.9,0.0,5.6,6.5,0.857,0.0,6.5,6.5,6.5,0.0,3.7,0.0,0.9,2.8,5.6,24.2,13.0,52.9,0,0,44.6,1,1,13086,1,985,4217,4142,8526,15070,19817,15070,3338,3881,7071,14058,7301,11170,4710,16469,1948,8263,8506,11692,3225,4703,6394,2495,2246,150,4424,1,38:45
2024-25,1641716,Jarace Walker,Jarace,1610612754,IND,Indiana Pacers,0022400572,2025-01-16T00:00:00,IND @ DET,W,21.85,6.6,8.2,0.8,0.0,0.0,0.0,0.0,1.6,0.0,0.0,8.2,8.2,1.6,4.9,1.6,3.3,0.0,6.6,1.6,13.2,18.1,35.4,0,0,33.0,1,1,13086,1,14613,9958,19885,1688,15070,20945,15070,13505,13344,13505,14058,4370,7881,17514,2406,7827,1400,8846,2327,14464,14899,4518,10787,2246,150,11688,1,21:51
2024-25,202684,Tristan Thompson,Tristan,1610612739,CLE,Cleveland Cavaliers,0022400574,2025-01-16T00:00:00,CLE @ OKC,L,12.0,6.0,9.0,0.667,0.0,0.0,0.0,0.0,0.0,0.0,3.0,18.0,21.0,6.0,0.0,0.0,3.0,3.0,0.0,3.0,12.0,54.0,55.2,0,0,45.0,1,13222,1,13222,21228,11500,18708,3281,15070,20945,15070,13505,14344,13505,5329,255,418,5485,16469,12854,1691,1329,20257,9236,16132,450,1956,2246,150,4259,1,12:00
2024-25,1628370,Malik Monk,Malik,1610612758,SAC,Sacramento Kings,0022400576,2025-01-16T00:00:00,SAC vs. HOU,W,37.35,9.6,18.3,0.526,1.9,5.8,0.333,3.9,4.8,0.8,1.0,1.9,2.9,8.7,1.9,1.0,0.0,1.0,1.9,2.9,25.1,7.7,42.5,0,0,40.5,1,1,13086,1,1768,3672,4361,8379,10513,11245,9209,5970,6259,7681,13545,19895,20015,2286,10914,12245,8263,8235,15535,9613,4186,8763,6363,2246,150,6504,1,37:21
2024-25,1641745,Adam Flagler,Adam,1610612760,OKC,Oklahoma City Thunder,0022400574,2025-01-16T00:00:00,OKC vs. CLE,W,7.05,0.0,46.0,0.0,0.0,40.9,0.0,0.0,0.0,0.0,0.0,0.0,0.0,0.0,0.0,0.0,5.1,5.1,0.0,0.0,0.0,-61.3,15.3,0,0,10.2,1,1,13086,1,23144,22635,44,22635,15070,13,15070,13505,14344,13505,14058,22137,23286,19908,16469,12854,491,344,20257,17725,23200,25721,23087,2246,150,24384,1,7:03
2024-25,1630539,Kai Jones,Kai,1610612746,LAC,LA Clippers,0022400575,2025-01-16T00:00:00,LAC @ POR,W,3.05,0.0,0.0,0.0,0.0,0.0,0.0,0.0,0.0,0.0,0.0,0.0,0.0,0.0,0.0,0.0,0.0,0.0,0.0,0.0,0.0,-23.6,0.0,0,0,0.0,1,1,13086,1,24957,22635,24836,22635,15070,20945,15070,13505,14344,13505,14058,22137,23286,19908,16469,12854,8263,8846,20257,17725,23200,22477,25228,2246,150,25259,1,3:03
2024-25,1641731,Bilal Coulibaly,Bilal,1610612764,WAS,Washington Wizards,0022400573,2025-01-16T00:00:00,WAS vs. PHX,L,35.55,4.1,9.1,0.444,0.0,3.0,0.0,5.1,6.1,0.833,1.0,2.0,3.0,2.0,3.0,1.0,0.0,1.0,2.0,4.1,13.2,-14.2,19.8,0,0,20.3,1,13222,1,13222,3031,16972,18534,13045,15070,17575,15070,3941,4376,7275,13155,19574,19611,16280,6319,11836,8263,7802,14993,6167,14923,19573,21241,2246,150,20723,1,35:33
2024-25,1630191,Isaiah Stewart,Isaiah,1610612765,DET,Detroit Pistons,0022400572,2025-01-16T00:00:00,DET vs. IND,L,20.783333333333335,1.7,6.9,0.25,0.0,0.0,0.0,0.0,0.0,0.0,6.9,15.6,22.5,6.9,1.7,1.7,1.7,0.0,5.2,0.0,3.5,8.7,49.5,0,0,39.8,1,13222,1,13222,15435,21858,21637,20233,15070,20945,15070,13505,14344,13505,1168,481,298,4100,11805,7507,4219,8846,4205,17725,22787,8334,3402,2246,150,6872,1,20:47
2024-25,1629014,Anfernee Simons,Anfernee,1610612757,POR,Portland Trail Blazers,0022400575,2025-01-16T00:00:00,POR vs. LAC,L,29.866666666666667,0.0,10.8,0.0,0.0,6.0,0.0,0.0,0.0,0.0,0.0,1.2,1.2,6.0,2.4,1.2,0.0,0.0,2.4,0.0,0.0,-37.4,11.7,0,0,9.6,1,13222,1,13222,7907,22635,15614,22635,15070,10628,15070,13505,14344,13505,14058,21495,22930,5434,8606,10130,8263,8846,13145,17725,23200,24648,24090,2246,150,24502,1,29:52
2024-25,203486,Mason Plumlee,Mason,1610612756,PHX,Phoenix Suns,0022400573,2025-01-16T00:00:00,PHX @ WAS,W,16.866666666666667,6.4,6.4,1.0,0.0,0.0,0.0,0.0,0.0,0.0,6.4,12.8,19.2,8.5,2.1,0.0,0.0,0.0,10.7,0.0,12.8,14.9,46.5,0,0,40.6,1,1,13086,1,18343,10435,22207,1,15070,20945,15070,13505,14344,13505,1417,1077,644,2387,9819,12854,8263,8846,587,17725,15283,5649,4521,2246,150,6472,1,16:52
2024-25,1631303,Justin Minaya,Justin,1610612757,POR,Portland Trail Blazers,0022400575,2025-01-16T00:00:00,POR vs. LAC,L,4.316666666666666,0.0,0.0,0.0,0.0,0.0,0.0,0.0,0.0,0.0,0.0,0.0,0.0,0.0,0.0,0.0,0.0,0.0,0.0,0.0,0.0,16.7,0.0,0,0,0.0,1,13222,1,13222,24318,22635,24836,22635,15070,20945,15070,13505,14344,13505,14058,22137,23286,19908,16469,12854,8263,8846,20257,17725,23200,5009,25228,2246,150,25259,1,4:19
2024-25,1631323,Simone Fontecchio,Simone,1610612765,DET,Detroit Pistons,0022400572,2025-01-16T00:00:00,DET vs. IND,L,17.866666666666667,4.0,10.1,0.4,2.0,2.0,1.0,0.0,0.0,0.0,2.0,2.0,4.0,0.0,2.0,0.0,2.0,2.0,0.0,2.0,10.1,-12.1,18.9,0,0,20.1,1,13222,1,13222,17651,17021,16931,14933,10098,19528,1,13505,14344,13505,8320,19615,17241,19908,10451,12854,3445,3183,20257,13010,18084,18769,21673,2246,150,20775,1,17:52
2024-25,1627777,Georges Niang,Georges,1610612739,CLE,Cleveland Cavaliers,0022400574,2025-01-16T00:00:00,CLE @ OKC,L,14.416666666666666,5.0,17.5,0.286,0.0,7.5,0.0,2.5,2.5,1.0,0.0,5.0,5.0,2.5,2.5,0.0,0.0,2.5,0.0,2.5,12.5,-74.9,19.7,0,0,20.0,1,13222,1,13222,19942,14398,5269,19630,15070,7429,15070,9054,11214,1,14058,10896,14802,14552,8254,12854,8263,2047,20257,10998,15604,25952,21296,2246,150,20878,1,14:25
2024-25,203500,Steven Adams,Steven,1610612745,HOU,Houston Rockets,0022400576,2025-01-16T00:00:00,HOU @ SAC,L,14.25,5.1,5.1,1.0,0.0,0.0,0.0,2.5,5.1,0.5,2.5,10.1,12.6,5.1,0.0,0.0,5.1,0.0,0.0,2.5,12.6,40.4,50.5,0,0,40.4,1,13222,1,13222,20052,14228,23430,1,15070,20945,15070,8969,5819,10625,6534,2496,3041,7346,16469,12854,501,8846,20257,10886,15454,955,3121,2246,150,6535,1,14:15
2024-25,1641739,Toumani Camara,Toumani,1610612757,POR,Portland Trail Blazers,0022400575,2025-01-16T00:00:00,POR vs. LAC,L,25.716666666666665,0.0,7.0,0.0,0.0,4.2,0.0,0.0,0.0,0.0,0.0,1.4,1.4,2.8,2.8,2.8,1.4,0.0,4.2,1.4,0.0,-35.0,15.7,0,0,12.6,1,13222,1,13222,11386,22635,21565,22635,15070,15125,15070,13505,14344,13505,14058,21080,22689,13586,7216,3690,5230,8846,6558,15453,23200,24403,22961,2246,150,23840,1,25:43
2024-25,1641757,Jordan Miller,Jordan,1610612746,LAC,LA Clippers,0022400575,2025-01-16T00:00:00,LAC @ POR,W,8.166666666666666,0.0,4.4,0.0,0.0,0.0,0.0,0.0,0.0,0.0,0.0,0.0,0.0,0.0,0.0,0.0,0.0,0.0,0.0,0.0,0.0,-4.4,0.0,0,0,0.0,1,1,13086,1,22752,22635,23853,22635,15070,20945,15070,13505,14344,13505,14058,22137,23286,19908,16469,12854,8263,8846,20257,17725,23200,15276,25228,2246,150,25259,1,8:10
2024-25,1629731,Dean Wade,Dean,1610612739,CLE,Cleveland Cavaliers,0022400574,2025-01-16T00:00:00,CLE @ OKC,L,24.55,2.9,5.9,0.5,2.9,5.9,0.5,0.0,0.0,0.0,1.5,5.9,7.3,1.5,2.9,0.0,0.0,0.0,0.0,0.0,8.8,-14.7,16.9,0,0,20.5,1,13222,1,13222,12423,19569,22745,8526,6751,11039,3944,13505,14344,13505,10450,8630,9508,18106,6708,12854,8263,8846,20257,17725,19270,19774,22541,2246,150,20560,1,24:33
2024-25,1631172,Ousmane Dieng,Ousmane,1610612760,OKC,Oklahoma City Thunder,0022400574,2025-01-16T00:00:00,OKC vs. CLE,W,9.233333333333333,3.9,11.7,0.333,0.0,7.8,0.0,3.9,7.8,0.5,3.9,3.9,7.8,0.0,0.0,0.0,0.0,0.0,0.0,3.9,11.7,-35.1,21.1,0,0,19.5,1,1,13086,1,22372,17323,14121,17395,15070,6797,15070,5878,2667,10625,3726,14027,8618,19908,16469,12854,8263,8846,20257,6567,16457,24418,20654,2246,150,21151,1,9:14
2024-25,1627734,Domantas Sabonis,Domantas,1610612758,SAC,Sacramento Kings,0022400576,2025-01-16T00:00:00,SAC vs. HOU,W,37.916666666666664,7.6,12.3,0.615,0.9,0.9,1.0,2.8,3.8,0.75,4.7,8.5,13.3,6.6,2.8,0.0,0.9,0.9,5.7,3.8,19.0,15.2,44.9,1,0,41.8,1,1,13086,1,1431,7527,12991,5246,14792,20900,1,8219,8257,8186,2615,4000,2607,4507,7035,12854,7833,8347,3395,6857,8866,5551,5223,1,150,5763,1,37:55
2024-25,201587,Nicolas Batum,Nicolas,1610612746,LAC,LA Clippers,0022400575,2025-01-16T00:00:00,LAC @ POR,W,13.75,2.6,2.6,1.0,2.6,2.6,1.0,0.0,0.0,0.0,0.0,10.5,10.5,0.0,0.0,0.0,0.0,0.0,0.0,0.0,7.9,13.1,20.4,0,0,20.9,1,1,13086,1,20333,20248,24611,1,7768,18415,1,13505,14344,13505,14058,2250,4937,19908,16469,12854,8263,8846,20257,17725,20039,6358,20974,2246,150,20313,1,13:45
2024-25,1629026,Kenrich Williams,Kenrich,1610612760,OKC,Oklahoma City Thunder,0022400574,2025-01-16T00:00:00,OKC vs. CLE,W,11.716666666666667,3.1,9.2,0.333,0.0,6.1,0.0,0.0,0.0,0.0,0.0,3.1,3.1,6.1,0.0,3.1,0.0,0.0,0.0,6.1,6.1,0.0,28.3,0,0,21.5,1,1,13086,1,21409,19268,18378,17395,15070,10329,15070,13505,14344,13505,14058,16484,19542,5256,16469,2993,8263,8846,20257,2451,21288,12240,16025,2246,150,19955,1,11:43
2024-25,1628415,Dillon Brooks,Dillon,1610612745,HOU,Houston Rockets,0022400576,2025-01-16T00:00:00,HOU @ SAC,L,33.36833333333333,5.4,15.1,0.357,2.2,8.6,0.25,0.0,0.0,0.0,1.1,2.2,3.2,4.3,3.2,2.2,0.0,1.1,6.5,1.1,12.9,-2.2,26.5,0,0,27.0,1,13222,1,13222,4838,13293,8434,17140,9409,5373,11902,13505,14344,13505,12650,19185,19140,9089,5715,5553,8263,7236,2423,17009,15147,14129,17268,2246,150,16172,1,33:22
2024-25,1631119,Jaylin Williams,Jaylin,1610612760,OKC,Oklahoma City Thunder,0022400574,2025-01-16T00:00:00,OKC vs. CLE,W,14.15,5.1,15.3,0.333,2.5,12.7,0.2,0.0,0.0,0.0,5.1,7.6,12.7,2.5,0.0,0.0,0.0,0.0,10.2,0.0,12.7,15.3,31.8,0,0,30.5,1,1,13086,1,20109,14123,8153,17395,7996,1416,13429,13505,14344,13505,2294,5264,2982,14383,16469,12854,8263,8846,667,17725,15367,5517,13481,2246,150,13526,1,14:09
2024-25,1630557,Corey Kispert,Corey,1610612764,WAS,Washington Wizards,0022400573,2025-01-16T00:00:00,WAS vs. PHX,L,28.383333333333333,8.9,16.5,0.538,0.0,3.8,0.0,0.0,1.3,0.0,1.3,2.5,3.8,6.3,2.5,1.3,0.0,1.3,1.3,1.3,17.8,19.0,33.1,0,0,30.4,1,13222,1,13222,9227,4918,6434,7978,15070,15982,15070,13505,13785,13505,11372,18088,17806,4954,8091,9661,8263,5820,18181,16039,10076,4254,12510,2246,150,13594,1,28:23
2024-25,1630596,Evan Mobley,Evan,1610612739,CLE,Cleveland Cavaliers,0022400574,2025-01-16T00:00:00,CLE @ OKC,L,18.283333333333335,3.9,13.8,0.286,0.0,3.9,0.0,2.0,2.0,1.0,2.0,3.9,5.9,2.0,3.9,0.0,2.0,0.0,0.0,3.9,9.8,-47.3,21.9,0,0,21.7,1,13222,1,13222,17380,17234,10527,19630,15070,15696,15070,10747,12804,1,8525,13916,12508,16478,4000,12854,3566,8846,20257,6466,18316,25280,20229,2246,150,19861,1,18:17
2024-25,1642382,Branden Carlson,Branden,1610612760,OKC,Oklahoma City Thunder,0022400574,2025-01-16T00:00:00,OKC vs. CLE,W,17.45,8.3,16.5,0.5,6.2,12.4,0.5,0.0,0.0,0.0,2.1,6.2,8.3,0.0,0.0,0.0,2.1,0.0,4.1,0.0,22.7,0.0,38.8,0,0,41.3,1,1,13086,1,17959,6081,6420,8526,1169,1582,3944,13505,14344,13505,8109,7915,7849,19908,16469,12854,3308,8846,6749,17725,5711,12240,8546,2246,150,6041,1,17:27
2024-25,1628420,Monté Morris,Monté,1610612756,PHX,Phoenix Suns,0022400573,2025-01-16T00:00:00,PHX @ WAS,W,15.246666666666666,4.7,9.4,0.5,0.0,0.0,0.0,0.0,0.0,0.0,2.4,2.4,4.7,16.5,4.7,0.0,0.0,0.0,0.0,0.0,9.4,-26.0,35.2,0,0,30.7,1,1,13086,1,19415,15185,18052,8526,15070,20945,15070,13505,14344,13505,7046,18593,15501,182,2690,12854,8263,8846,20257,17725,18690,23021,10947,2246,150,13400,1,15:15
2024-25,201942,DeMar DeRozan,DeMar,1610612758,SAC,Sacramento Kings,0022400576,2025-01-16T00:00:00,SAC vs. HOU,W,38.083333333333336,11.3,21.7,0.522,1.9,3.8,0.5,6.6,6.6,1.0,0.9,3.8,4.7,3.8,1.9,0.0,0.0,1.9,0.9,3.8,31.2,11.3,40.6,0,0,41.6,1,1,13086,1,1336,1976,1931,8473,10677,16040,3944,2303,3747,1,13688,14386,15494,10559,11101,12854,8263,3590,19995,6903,1733,7078,7366,2246,150,5860,1,38:05
2024-25,1631133,Jabari Walker,Jabari,1610612757,POR,Portland Trail Blazers,0022400575,2025-01-16T00:00:00,POR vs. LAC,L,19.65,1.8,7.3,0.25,0.0,3.7,0.0,0.0,0.0,0.0,3.7,7.3,11.0,1.8,0.0,5.5,0.0,1.8,0.0,0.0,3.7,-3.7,36.1,0,0,27.5,1,13222,1,13222,16300,21702,21169,20233,15070,16300,15070,13505,14344,13505,4099,5786,4414,16985,16469,635,8263,3793,20257,17725,22712,14878,10304,2246,150,15802,1,19:39
2024-25,1630215,Jared Butler,Jared,1610612764,WAS,Washington Wizards,0022400573,2025-01-16T00:00:00,WAS vs. PHX,L,12.0,6.0,12.0,0.5,0.0,3.0,0.0,6.0,6.0,1.0,0.0,6.0,6.0,6.0,0.0,6.0,0.0,0.0,9.0,3.0,18.0,42.0,52.2,0,0,42.0,1,13222,1,13222,21228,11500,13575,8526,15070,17643,15070,2855,4464,1,14058,8311,12271,5485,16469,465,8263,8846,963,9236,9827,841,2665,2246,150,5645,1,12:00
2024-25,202699,Tobias Harris,Tobias,1610612765,DET,Detroit Pistons,0022400572,2025-01-16T00:00:00,DET vs. IND,L,36.306666666666665,5.0,10.9,0.455,0.0,2.0,0.0,0.0,0.0,0.0,0.0,4.0,4.0,2.0,3.0,2.0,1.0,0.0,2.0,0.0,9.9,4.0,23.6,0,0,21.8,1,13222,1,13222,2462,14519,15525,12676,15070,19588,15070,13505,14344,13505,14058,13824,17400,16440,6582,6334,7530,8846,15247,17725,18246,10671,19206,2246,150,19784,1,36:18
2024-25,1629611,Terance Mann,Terance,1610612746,LAC,LA Clippers,0022400575,2025-01-16T00:00:00,LAC @ POR,W,22.361666666666668,8.0,12.9,0.625,3.2,4.8,0.667,3.2,3.2,1.0,0.0,8.0,8.0,1.6,1.6,0.0,0.0,0.0,1.6,1.6,22.5,6.4,33.0,0,0,35.4,1,1,13086,1,14229,6533,12074,4899,5904,13627,1957,7279,9478,1,14058,4633,8175,17619,12295,12854,8263,8846,16833,14594,5832,9399,12596,2246,150,9782,1,22:22
2024-25,1641708,Amen Thompson,Amen,1610612745,HOU,Houston Rockets,0022400576,2025-01-16T00:00:00,HOU @ SAC,L,41.3,7.0,10.5,0.667,0.0,0.0,0.0,3.5,3.5,1.0,3.5,5.2,8.7,4.4,2.6,1.7,0.9,0.9,0.0,2.6,17.4,-8.7,39.7,1,0,35.7,1,13222,1,13222,324,8993,16288,3281,15070,20945,15070,6727,8913,1,4396,10212,7144,8989,7817,7473,8158,8734,20257,10590,10392,17293,7986,1,150,9551,1,41:18
2024-25,1628964,Mo Bamba,Mo,1610612746,LAC,LA Clippers,0022400575,2025-01-16T00:00:00,LAC @ POR,W,16.85,4.3,4.3,1.0,0.0,0.0,0.0,0.0,4.3,0.0,4.3,10.7,15.0,2.1,4.3,0.0,2.1,0.0,0.0,2.1,8.5,6.4,31.8,0,0,29.9,1,1,13086,1,18354,16393,23947,1,15070,20945,15070,13505,7261,13505,3205,2097,1788,15864,3378,12854,3103,8846,20257,12453,19471,9419,13451,2246,150,14015,1,16:51
2024-25,1628983,Shai Gilgeous-Alexander,Shai,1610612760,OKC,Oklahoma City Thunder,0022400574,2025-01-16T00:00:00,OKC vs. CLE,W,29.233333333333334,20.9,32.0,0.654,1.2,6.2,0.2,6.2,6.2,1.0,0.0,3.7,3.7,9.9,2.5,2.5,0.0,1.2,1.2,4.9,49.3,39.4,73.4,0,0,69.0,1,1,13086,1,8465,123,203,4554,13196,10303,13429,2722,4278,1,14058,14650,18085,1508,8393,4498,8263,6047,18370,4251,165,1017,327,2246,150,349,1,29:14
2024-25,1629652,Luguentz Dort,Luguentz,1610612760,OKC,Oklahoma City Thunder,0022400574,2025-01-16T00:00:00,OKC vs. CLE,W,19.7,14.6,20.1,0.727,11.0,16.4,0.667,0.0,0.0,0.0,0.0,3.7,3.7,3.7,1.8,1.8,1.8,0.0,7.3,1.8,40.2,21.9,59.2,0,0,65.8,1,1,13086,1,16262,562,2890,2666,160,466,1957,13505,14344,13505,14058,14772,18188,10921,11422,7123,3990,8846,1768,13818,435,3469,1298,2246,150,450,1,19:42
2024-25,1630551,Justin Champagnie,Justin,1610612764,WAS,Washington Wizards,0022400573,2025-01-16T00:00:00,WAS vs. PHX,L,10.485,13.7,20.6,0.667,6.9,10.3,0.667,0.0,0.0,0.0,6.9,3.4,10.3,0.0,3.4,6.9,0.0,0.0,10.3,0.0,34.3,-10.3,63.9,0,0,65.2,1,13222,1,13222,21924,780,2575,3281,810,3153,1957,13505,14344,13505,1195,15430,5117,19908,5161,324,8263,8846,640,17725,1069,18030,797,2246,150,471,1,10:29
2024-25,1626164,Devin Booker,Devin,1610612756,PHX,Phoenix Suns,0022400573,2025-01-16T00:00:00,PHX @ WAS,W,38.86666666666667,9.3,22.2,0.417,3.7,8.3,0.444,12.0,13.9,0.867,0.9,1.9,2.8,4.6,3.7,1.9,0.9,0.9,1.9,10.2,34.3,13.0,49.2,0,0,50.9,1,1,13086,1,929,4269,1719,14532,4693,5859,7211,337,463,7066,13796,20105,20301,8348,4547,7018,7977,8521,15927,380,1078,6409,3548,2246,150,2279,1,38:52
2024-25,1642346,Ryan Dunn,Ryan,1610612756,PHX,Phoenix Suns,0022400573,2025-01-16T00:00:00,PHX @ WAS,W,29.723333333333333,9.7,14.5,0.667,2.4,3.6,0.667,0.0,0.0,0.0,2.4,10.9,13.3,1.2,1.2,0.0,1.2,2.4,2.4,0.0,21.8,4.8,42.0,1,0,41.2,1,1,13086,1,8023,3614,9304,3281,8408,16370,1957,13505,14344,13505,6860,1957,2591,18985,14365,12854,6108,2173,13110,17725,6383,10189,6599,1,150,6091,1,29:43
2024-25,1641854,Craig Porter Jr.,Craig,1610612739,CLE,Cleveland Cavaliers,0022400574,2025-01-16T00:00:00,CLE @ OKC,L,7.05,15.3,15.3,1.0,5.1,5.1,1.0,5.1,5.1,1.0,5.1,0.0,5.1,15.3,5.1,0.0,5.1,0.0,5.1,5.1,40.9,61.3,80.2,0,0,76.6,1,13222,1,13222,23144,442,8071,1,2145,12929,1,3874,5744,1,2281,22137,14499,267,2217,12854,491,8846,4361,3910,404,336,190,2246,150,205,1,7:03
2024-25,1641712,Rayan Rupert,Rayan,1610612757,POR,Portland Trail Blazers,0022400575,2025-01-16T00:00:00,POR vs. LAC,L,6.566666666666666,11.0,16.4,0.667,5.5,5.5,1.0,0.0,0.0,0.0,11.0,0.0,11.0,5.5,0.0,0.0,0.0,0.0,0.0,0.0,27.4,0.0,48.8,0,0,49.3,1,13222,1,13222,23340,2284,6490,3281,1752,11995,1,13505,14344,13505,313,22137,4435,6462,16469,12854,8263,8846,20257,17725,3017,12240,3700,2246,150,2719,1,6:34
2024-25,1629636,Darius Garland,Darius,1610612739,CLE,Cleveland Cavaliers,0022400574,2025-01-16T00:00:00,CLE @ OKC,L,23.966666666666665,10.5,15.0,0.7,1.5,6.0,0.25,7.5,9.0,0.833,1.5,1.5,3.0,13.5,4.5,0.0,1.5,0.0,3.0,4.5,30.0,-27.0,53.9,0,0,51.1,1,13222,1,13222,12929,2704,8578,3045,12020,10670,11902,1657,1858,7275,10314,20871,19715,447,2992,12854,4840,8846,10688,5127,2071,23246,2222,2246,150,2258,1,23:58
2024-25,1631114,Jalen Williams,Jalen,1610612760,OKC,Oklahoma City Thunder,0022400574,2025-01-16T00:00:00,OKC vs. CLE,W,30.116666666666667,9.6,16.7,0.571,1.2,4.8,0.25,2.4,2.4,1.0,1.2,6.0,7.2,6.0,0.0,3.6,2.4,2.4,2.4,2.4,22.7,34.7,58.2,0,0,49.0,1,1,13086,1,7664,3790,6141,6538,13396,13751,11902,9362,11517,1,11818,8388,9807,5538,16469,2109,2576,2246,13263,11389,5696,1428,1449,2246,150,2829,1,30:07
2024-25,1631105,Jalen Duren,Jalen,1610612765,DET,Detroit Pistons,0022400572,2025-01-16T00:00:00,DET vs. IND,L,27.216666666666665,10.6,10.6,1.0,0.0,0.0,0.0,1.3,1.3,1.0,7.9,14.5,22.5,0.0,1.3,0.0,2.6,0.0,2.6,1.3,22.5,-21.2,56.1,1,0,50.3,1,13222,1,13222,10176,2641,16082,1,15070,20945,15070,12240,13696,1,805,650,305,19908,13700,12854,2158,8846,12255,15793,5859,21877,1792,1,150,2458,1,27:13
2024-25,1642259,Alex Sarr,Alex,1610612764,WAS,Washington Wizards,0022400573,2025-01-16T00:00:00,WAS vs. PHX,L,28.3,8.9,21.6,0.412,1.3,8.9,0.143,1.3,2.5,0.5,2.5,8.9,11.4,2.5,0.0,1.3,2.5,1.3,1.3,2.5,20.4,-17.8,49.4,0,0,43.3,1,13222,1,13222,9299,4882,1973,14791,12974,4963,14649,12381,11097,10625,6484,3603,4009,14383,16469,9635,2298,5798,18159,10822,7615,20872,3479,2246,150,5019,1,28:18
2024-25,1630241,Sam Merrill,Sam,1610612739,CLE,Cleveland Cavaliers,0022400574,2025-01-16T00:00:00,CLE @ OKC,L,12.0,9.0,18.0,0.5,9.0,18.0,0.5,0.0,0.0,0.0,0.0,6.0,6.0,9.0,0.0,3.0,0.0,0.0,0.0,0.0,27.0,54.0,56.7,0,0,57.0,1,13222,1,13222,21228,4700,4664,8526,298,332,3944,13505,14344,13505,14058,8311,12271,2013,16469,3139,8263,8846,20257,17725,3208,450,1690,2246,150,1158,1,12:00
2024-25,1641738,Kobe Brown,Kobe,1610612746,LAC,LA Clippers,0022400575,2025-01-16T00:00:00,LAC @ POR,W,6.566666666666666,11.0,16.4,0.667,0.0,5.5,0.0,0.0,0.0,0.0,5.5,5.5,11.0,0.0,5.5,5.5,0.0,0.0,5.5,0.0,21.9,0.0,46.1,0,0,43.9,1,1,13086,1,23340,2284,6490,3281,15070,11995,15070,13505,14344,13505,1954,9576,4435,19908,1825,645,8263,8846,3724,17725,6266,12240,4727,2246,150,4757,1,6:34
2024-25,1628386,Jarrett Allen,Jarrett,1610612739,CLE,Cleveland Cavaliers,0022400574,2025-01-16T00:00:00,CLE @ OKC,L,16.366666666666667,13.2,13.2,1.0,0.0,0.0,0.0,2.2,2.2,1.0,6.6,8.8,15.4,0.0,4.4,0.0,0.0,0.0,2.2,11.0,28.6,-39.6,42.7,0,0,44.0,1,13222,1,13222,18676,953,11485,1,15070,20945,15070,9945,12088,1,1325,3726,1608,19908,3143,12854,8263,8846,14092,279,2575,24813,6279,2246,150,4689,1,16:22
2024-25,202685,Jonas Valančiūnas,Jonas,1610612764,WAS,Washington Wizards,0022400573,2025-01-16T00:00:00,WAS vs. PHX,L,14.85,9.7,14.5,0.667,0.0,0.0,0.0,7.3,9.7,0.75,4.8,14.5,19.4,2.4,0.0,0.0,2.4,0.0,0.0,7.3,26.7,21.8,60.8,0,0,53.3,1,13222,1,13222,19667,3605,9281,3281,15070,20945,15070,1816,1507,8186,2509,651,611,14796,16469,12854,2511,8846,20257,1462,3356,3497,1089,2246,150,1731,1,14:51
2024-25,1630538,Bones Hyland,Bones,1610612746,LAC,LA Clippers,0022400575,2025-01-16T00:00:00,LAC @ POR,W,8.166666666666666,4.4,17.6,0.25,4.4,13.2,0.333,0.0,0.0,0.0,0.0,4.4,4.4,4.4,0.0,8.8,0.0,0.0,0.0,0.0,13.2,-4.4,51.6,0,0,44.1,1,1,13086,1,22752,16041,5095,20233,3219,1195,9209,13505,14344,13505,14058,12502,16262,8852,16469,159,8263,8846,20257,17725,14844,15276,2816,2246,150,4643,1,8:10
2024-25,1627936,Alex Caruso,Alex,1610612760,OKC,Oklahoma City Thunder,0022400574,2025-01-16T00:00:00,OKC vs. CLE,W,13.566666666666666,8.0,8.0,1.0,5.3,5.3,1.0,5.3,5.3,1.0,0.0,2.7,2.7,5.3,0.0,8.0,0.0,0.0,2.7,2.7,26.5,50.4,61.6,0,0,55.7,1,1,13086,1,20447,6714,20326,1,1942,12445,1,3642,5451,1,14058,17804,20531,6801,16469,217,8263,8846,12228,10463,3411,540,1014,2246,150,1359,1,13:34
2024-25,204456,T.J. McConnell,T.J.,1610612754,IND,Indiana Pacers,0022400572,2025-01-16T00:00:00,IND @ DET,W,14.04,2.6,17.9,0.143,0.0,0.0,0.0,0.0,0.0,0.0,0.0,12.8,12.8,12.8,0.0,2.6,2.6,2.6,0.0,2.6,5.1,2.6,55.1,0,0,41.0,1,1,13086,1,20179,20342,4753,22260,15070,20945,15070,13505,14344,13505,14058,1072,2926,560,16469,4220,2269,1925,20257,10748,21941,11336,1965,2246,150,6182,1,14:02
2024-25,1627739,Kris Dunn,Kris,1610612746,LAC,LA Clippers,0022400575,2025-01-16T00:00:00,LAC @ POR,W,19.25,5.6,7.5,0.75,1.9,1.9,1.0,0.0,0.0,0.0,0.0,11.2,11.2,5.6,1.9,5.6,0.0,0.0,7.5,0.0,13.1,37.4,49.9,0,0,43.0,1,1,13086,1,16627,12673,20956,2107,10780,19793,1,13505,14344,13505,14058,1790,4220,6231,11220,600,8263,8846,1657,17725,14990,1165,3287,2246,150,5135,1,19:15
2024-25,201142,Kevin Durant,Kevin,1610612756,PHX,Phoenix Suns,0022400573,2025-01-16T00:00:00,PHX @ WAS,W,32.666666666666664,8.8,17.6,0.5,1.1,5.5,0.2,6.6,8.8,0.75,1.1,5.5,6.6,3.3,2.2,1.1,2.2,1.1,2.2,6.6,25.3,19.8,46.0,0,0,43.0,1,1,13086,1,5424,5036,5095,8526,13932,11923,13429,2307,1968,8186,12452,9499,10918,11958,9493,11005,2936,7029,14073,1973,4028,4003,4760,2246,150,5154,1,32:40
2024-25,1630171,Isaac Okoro,Isaac,1610612739,CLE,Cleveland Cavaliers,0022400574,2025-01-16T00:00:00,CLE @ OKC,L,22.7,3.2,14.3,0.222,1.6,12.7,0.125,3.2,3.2,1.0,0.0,4.8,4.8,1.6,3.2,0.0,0.0,0.0,6.3,1.6,11.1,20.6,16.0,0,0,19.0,1,13222,1,13222,13953,19053,9734,21205,11727,1432,14886,7388,9562,1,14058,11549,15410,17692,5900,12854,8263,8846,2546,14676,17082,3779,22848,2246,150,21379,1,22:42
2024-25,1631200,Kris Murray,Kris,1610612757,POR,Portland Trail Blazers,0022400575,2025-01-16T00:00:00,POR vs. LAC,L,29.35,4.9,12.3,0.4,1.2,4.9,0.25,0.0,0.0,0.0,3.7,1.2,4.9,1.2,2.5,0.0,0.0,0.0,0.0,0.0,11.0,-12.3,16.3,0,0,18.4,1,13222,1,13222,8346,14660,13144,14933,13224,13423,11902,13505,14344,13505,4073,21454,15045,18932,8438,12854,8263,8846,20257,17725,17150,18845,22734,2246,150,21671,1,29:21
2024-25,1641717,Cason Wallace,Cason,1610612760,OKC,Oklahoma City Thunder,0022400574,2025-01-16T00:00:00,OKC vs. CLE,W,26.5,4.1,8.2,0.5,0.0,1.4,0.0,0.0,0.0,0.0,0.0,8.2,8.2,2.7,1.4,0.0,0.0,0.0,2.7,0.0,8.2,17.7,20.6,0,0,19.0,1,1,13086,1,10724,16905,20013,8526,15070,20425,15070,13505,14344,13505,14058,4483,8004,13854,13522,12854,8263,8846,11962,17725,19787,4686,20873,2246,150,21385,1,26:30
2024-25,1642345,Oso Ighodaro,Oso,1610612756,PHX,Phoenix Suns,0022400573,2025-01-16T00:00:00,PHX @ WAS,W,21.35,0.0,3.4,0.0,0.0,0.0,0.0,0.0,0.0,0.0,0.0,5.1,5.1,1.7,1.7,0.0,0.0,0.0,8.4,0.0,0.0,-8.4,6.9,0,0,6.7,1,1,13086,1,15033,22635,24358,22635,15070,20945,15070,13505,14344,13505,14058,10709,14648,17409,11976,12854,8263,8846,1170,17725,23200,17152,24830,2246,150,24920,1,21:21
2024-25,1629599,Amir Coffey,Amir,1610612746,LAC,LA Clippers,0022400575,2025-01-16T00:00:00,LAC @ POR,W,22.6,4.8,8.0,0.6,0.0,1.6,0.0,6.4,6.4,1.0,0.0,4.8,4.8,3.2,1.6,0.0,0.0,0.0,3.2,3.2,15.9,20.7,24.8,0,0,23.9,1,1,13086,1,14030,15022,20322,5394,15070,20176,15070,2526,4036,1,14058,11493,15351,12374,12363,12854,8263,8846,9916,8603,11997,3756,18392,2246,150,18404,1,22:36
2024-25,1627736,Malik Beasley,Malik,1610612765,DET,Detroit Pistons,0022400572,2025-01-16T00:00:00,DET vs. IND,L,25.516666666666666,1.4,14.1,0.1,1.4,11.3,0.125,0.0,1.4,0.0,0.0,2.8,2.8,0.0,2.8,0.0,0.0,2.8,0.0,1.4,4.2,0.0,4.8,0,0,8.5,1,13222,1,13222,11578,22279,9994,22561,12399,2265,14886,13505,13584,13505,14058,17327,20191,19908,7138,12854,8263,1569,20257,15402,22447,12240,25017,2246,150,24692,1,25:31
2024-25,1642505,Alex Ducas,Alex,1610612760,OKC,Oklahoma City Thunder,0022400574,2025-01-16T00:00:00,OKC vs. CLE,W,7.05,0.0,5.1,0.0,0.0,5.1,0.0,0.0,0.0,0.0,5.1,0.0,5.1,0.0,0.0,0.0,0.0,0.0,5.1,0.0,0.0,-61.3,6.1,0,0,5.1,1,1,13086,1,23144,22635,23383,22635,15070,12929,15070,13505,14344,13505,2281,22137,14499,19908,16469,12854,8263,8846,4361,17725,23200,25721,24902,2246,150,25096,1,7:03
2024-25,1641767,Ben Sheppard,Ben,1610612754,IND,Indiana Pacers,0022400572,2025-01-16T00:00:00,IND @ DET,W,16.233333333333334,2.2,4.4,0.5,0.0,0.0,0.0,0.0,0.0,0.0,0.0,0.0,0.0,0.0,0.0,2.2,0.0,0.0,0.0,2.2,4.4,11.1,11.1,0,0,8.9,1,1,13086,1,18766,21000,23835,8526,15070,20945,15070,13505,14344,13505,14058,22137,23286,19908,16469,5327,8263,8846,20257,12086,22325,7198,24229,2246,150,24634,1,16:14
2024-25,1641842,Ronald Holland II,Ronald,1610612765,DET,Detroit Pistons,0022400572,2025-01-16T00:00:00,DET vs. IND,L,7.766666666666667,4.6,18.5,0.25,0.0,9.3,0.0,9.3,9.3,1.0,0.0,0.0,0.0,0.0,4.6,0.0,0.0,0.0,23.2,9.3,18.5,-37.1,13.9,0,0,18.5,1,13222,1,13222,22900,15402,4181,20233,15070,4418,15070,920,1730,1,14058,22137,23286,19908,2797,12854,8263,8846,82,578,9277,24625,23521,2246,150,21606,1,7:46
2024-25,203501,Tim Hardaway Jr.,Tim,1610612765,DET,Detroit Pistons,0022400572,2025-01-16T00:00:00,DET vs. IND,L,30.0,7.2,16.8,0.429,4.8,10.8,0.444,10.8,13.2,0.818,0.0,4.8,4.8,0.0,2.4,0.0,0.0,1.2,0.0,8.4,30.0,-9.6,33.4,0,0,39.6,1,13222,1,13222,7781,8449,6041,13735,2556,2673,7211,517,564,7652,14058,11436,15301,19908,8654,12854,8263,6258,20257,863,2081,17719,12289,2246,150,7017,1,30:00
2024-25,1630703,Scoot Henderson,Scoot,1610612757,POR,Portland Trail Blazers,0022400575,2025-01-16T00:00:00,POR vs. LAC,L,32.46666666666667,6.7,15.5,0.429,2.2,7.8,0.286,2.2,2.2,1.0,0.0,2.2,2.2,6.7,3.3,1.1,0.0,1.1,5.5,3.3,17.7,-21.1,30.4,0,0,31.0,1,13222,1,13222,5579,9819,7793,13735,9171,6873,11433,9885,12032,1,14058,19020,21377,4502,5433,10950,8263,6975,3637,8172,10093,21847,14511,2246,150,13122,1,32:28
2024-25,1630598,Aaron Wiggins,Aaron,1610612760,OKC,Oklahoma City Thunder,0022400574,2025-01-16T00:00:00,OKC vs. CLE,W,32.85,2.2,8.8,0.25,0.0,1.1,0.0,0.0,0.0,0.0,2.2,3.3,5.5,3.3,1.1,0.0,0.0,1.1,1.1,0.0,4.4,8.8,14.8,0,0,13.2,1,1,13086,1,5284,21056,19079,20233,15070,20750,15070,13505,14344,13505,7606,15830,13593,12031,15160,12854,8263,7076,19126,17725,22356,8295,23243,2246,150,23664,1,32:51
2024-25,1642281,Jaylon Tyson,Jaylon,1610612739,CLE,Cleveland Cavaliers,0022400574,2025-01-16T00:00:00,CLE @ OKC,L,12.0,6.0,18.0,0.333,3.0,6.0,0.5,0.0,0.0,0.0,6.0,12.0,18.0,3.0,3.0,0.0,0.0,3.0,0.0,3.0,15.0,54.0,38.1,0,0,39.0,1,13222,1,13222,21228,11500,4664,17395,6500,10684,3944,13505,14344,13505,1612,1347,898,12925,6468,12854,8263,1329,20257,9236,12895,450,8962,2246,150,7377,1,12:00
2024-25,1629622,Max Strus,Max,1610612739,CLE,Cleveland Cavaliers,0022400574,2025-01-16T00:00:00,CLE @ OKC,L,19.95,1.8,7.2,0.25,1.8,7.2,0.25,0.0,0.0,0.0,0.0,5.4,5.4,1.8,5.4,0.0,0.0,0.0,1.8,0.0,5.4,-54.1,9.2,0,0,14.4,1,13222,1,13222,16058,21747,21300,20233,11059,8010,11902,13505,14344,13505,14058,9745,13771,17068,1886,12854,8263,8846,16160,17725,21788,25547,24543,2246,150,23276,1,19:57
2024-25,1630198,Isaiah Joe,Isaiah,1610612760,OKC,Oklahoma City Thunder,0022400574,2025-01-16T00:00:00,OKC vs. CLE,W,21.383333333333333,6.7,11.8,0.571,6.7,11.8,0.571,0.0,0.0,0.0,0.0,5.1,5.1,0.0,1.7,3.4,0.0,0.0,3.4,0.0,20.2,23.6,34.7,0,0,38.7,1,1,13086,1,15006,9609,13964,6538,874,1906,3506,13505,14344,13505,14058,10726,14667,19908,11988,2445,8263,8846,9194,17725,7736,3135,11310,2246,150,7575,1,21:23
2024-25,1627747,Caris LeVert,Caris,1610612739,CLE,Cleveland Cavaliers,0022400574,2025-01-16T00:00:00,CLE @ OKC,L,19.783333333333335,5.5,9.1,0.6,0.0,1.8,0.0,5.5,9.1,0.6,0.0,5.5,5.5,5.5,5.5,0.0,1.8,0.0,0.0,5.5,16.4,-49.1,31.1,0,0,30.9,1,13222,1,13222,16192,13107,18561,5394,15070,19886,15070,3460,1814,10343,14058,9647,13648,6515,1847,12854,4008,8846,20257,3399,11520,25375,13977,2246,150,13218,1,19:47
2024-25,1631099,Keegan Murray,Keegan,1610612758,SAC,Sacramento Kings,0022400576,2025-01-16T00:00:00,SAC vs. HOU,W,39.35,6.4,9.1,0.7,2.7,5.5,0.5,0.9,0.9,1.0,2.7,7.3,10.1,1.8,0.9,0.0,0.0,0.0,1.8,1.8,16.5,-2.7,30.4,1,0,31.1,1,1,13086,1,768,10433,18485,3045,7402,11974,3944,13435,14303,1,5992,5809,5361,16997,16300,12854,8263,8846,16040,13810,11421,14428,14519,1,150,13070,1,39:21
2024-25,1642269,Devin Carter,Devin,1610612758,SAC,Sacramento Kings,0022400576,2025-01-16T00:00:00,SAC vs. HOU,W,8.266666666666667,0.0,4.4,0.0,0.0,0.0,0.0,0.0,0.0,0.0,0.0,4.4,4.4,0.0,0.0,0.0,4.4,4.4,0.0,8.7,0.0,-30.5,18.3,0,0,13.1,1,1,13086,1,22717,22635,23884,22635,15070,20945,15070,13505,14344,13505,14058,12634,16396,19908,16469,12854,733,526,20257,748,23200,23813,21971,2246,150,23690,1,8:16
2024-25,1631165,Keon Ellis,Keon,1610612758,SAC,Sacramento Kings,0022400576,2025-01-16T00:00:00,SAC vs. HOU,W,11.166666666666666,6.4,9.7,0.667,6.4,9.7,0.667,0.0,0.0,0.0,0.0,3.2,3.2,0.0,0.0,0.0,0.0,0.0,6.4,0.0,19.3,9.7,23.2,0,0,29.0,1,1,13086,1,21639,10317,17625,3281,1023,3888,1957,13505,14344,13505,14058,16009,19162,19908,16469,12854,8263,8846,2444,17725,8509,7856,19428,2246,150,14690,1,11:10
2024-25,1641729,Brice Sensabaugh,Brice,1610612762,UTA,Utah Jazz,0022400569,2025-01-15T00:00:00,UTA vs. CHA,L,27.016666666666666,9.3,21.3,0.438,2.7,8.0,0.333,4.0,4.0,1.0,1.3,4.0,5.3,5.3,2.7,0.0,0.0,2.7,2.7,2.7,25.3,12.0,37.0,0,0,38.6,1,13222,1,13222,10318,4165,2144,13558,7636,6461,9209,5698,7848,1,11051,13731,13971,6763,7638,12854,8263,1789,12185,10425,4046,6800,9668,2246,150,7620,1,27:01
2024-25,1631260,AJ Green,AJ,1610612749,MIL,Milwaukee Bucks,0022400564,2025-01-15T00:00:00,MIL vs. ORL,W,16.638333333333332,0.0,6.5,0.0,0.0,2.2,0.0,4.3,6.5,0.667,2.2,8.7,10.8,0.0,0.0,0.0,0.0,0.0,4.3,2.2,4.3,51.9,17.3,0,0,15.1,1,1,13086,1,18511,22635,22125,22635,15070,19232,15070,5106,3894,9425,7710,3879,4577,19908,16469,12854,8263,8846,6200,12327,22384,507,22368,2246,150,23009,1,16:38
2024-25,1630256,Jae'Sean Tate,Jae'Sean,1610612745,HOU,Houston Rockets,0022400568,2025-01-15T00:00:00,HOU @ DEN,W,17.541666666666668,6.2,10.3,0.6,0.0,2.1,0.0,0.0,0.0,0.0,6.2,2.1,8.2,2.1,0.0,0.0,0.0,2.1,6.2,2.1,12.3,-12.3,25.2,0,0,22.6,1,1,13086,1,17893,11083,16638,5394,15070,19454,15070,13505,14344,13505,1538,19501,7927,16183,16469,12854,8263,3053,2762,12839,15815,18863,18116,2246,150,19304,1,17:33
2024-25,1628379,Luke Kennard,Luke,1610612763,MEM,Memphis Grizzlies,0022400567,2025-01-15T00:00:00,MEM @ SAS,W,29.80666666666667,6.0,10.9,0.556,6.0,10.9,0.556,0.0,0.0,0.0,1.2,9.7,10.9,3.6,1.2,0.0,0.0,0.0,1.2,0.0,18.1,18.1,35.4,0,0,38.6,1,1,13086,1,7963,11408,15564,7248,1280,2613,3747,13505,14344,13505,11743,2857,4534,11020,14385,12854,8263,8846,18493,17725,9717,4521,10813,2246,150,7614,1,29:48
2024-25,1642262,Cody Williams,Cody,1610612762,UTA,Utah Jazz,0022400569,2025-01-15T00:00:00,UTA vs. CHA,L,30.2,2.4,9.5,0.25,1.2,4.8,0.25,0.0,1.2,0.0,0.0,2.4,2.4,1.2,0.0,0.0,1.2,0.0,2.4,1.2,6.0,-26.2,14.2,0,0,13.1,1,13222,1,13222,7586,20702,17876,20233,13419,13787,11902,13505,13897,13505,14058,18527,21039,19039,16469,12854,6223,8846,13289,16441,21429,23073,23436,2246,150,23678,1,30:12
2024-25,1628464,Daniel Theis,Daniel,1610612740,NOP,New Orleans Pelicans,0022400566,2025-01-15T00:00:00,NOP vs. DAL,W,18.85,1.9,7.6,0.25,0.0,0.0,0.0,0.0,0.0,0.0,3.8,5.7,9.5,1.9,1.9,1.9,1.9,1.9,5.7,0.0,3.8,-15.3,27.7,0,0,22.9,1,1,13086,1,16938,21566,20730,20233,15070,20945,15070,13505,14344,13505,3856,8969,5993,16717,10991,6716,3739,3512,3339,17725,22645,20006,16432,2246,150,19070,1,18:51
2024-25,1628384,OG Anunoby,OG,1610612752,NYK,New York Knicks,0022400561,2025-01-15T00:00:00,NYK @ PHI,W,44.5,4.9,12.9,0.375,2.4,8.1,0.3,1.6,1.6,1.0,0.0,3.2,3.2,3.2,1.6,0.8,0.0,0.0,0.8,0.8,13.8,-1.6,23.3,0,0,24.3,1,1,13086,1,71,14791,11953,16299,8382,6307,11319,11566,13374,1,14058,15979,19141,12181,12262,12832,8263,8846,20242,17714,14222,13847,19370,2246,150,18155,1,44:30
2024-25,1631212,Peyton Watson,Peyton,1610612743,DEN,Denver Nuggets,0022400568,2025-01-15T00:00:00,DEN vs. HOU,L,22.75,6.3,12.7,0.5,1.6,4.7,0.333,1.6,3.2,0.5,0.0,4.7,4.7,0.0,1.6,0.0,4.7,1.6,0.0,1.6,15.8,-11.1,34.2,0,0,31.6,1,13222,1,13222,13906,10620,12466,8526,11740,13844,9209,11628,9578,10625,14058,11577,15448,19908,12409,12854,599,4478,20257,14684,12097,18349,11662,2246,150,12669,1,22:45
2024-25,1628971,Bruce Brown,Bruce,1610612761,TOR,Toronto Raptors,0022400562,2025-01-15T00:00:00,TOR vs. BOS,W,20.788333333333334,5.2,15.6,0.333,0.0,3.5,0.0,1.7,3.5,0.5,6.9,5.2,12.1,0.0,0.0,0.0,0.0,1.7,6.9,1.7,12.1,3.5,26.7,0,0,24.2,1,1,13086,1,15434,13835,7715,17395,15070,16723,15070,11360,8954,10625,1170,10291,3404,19908,16469,12854,8263,4073,2032,14175,16011,10907,17170,2246,150,18173,1,20:47
2024-25,1642264,Stephon Castle,Stephon,1610612759,SAS,San Antonio Spurs,0022400567,2025-01-15T00:00:00,SAS vs. MEM,L,32.5,10.0,23.3,0.429,2.2,10.0,0.222,6.6,7.8,0.857,3.3,0.0,3.3,4.4,1.1,0.0,0.0,2.2,3.3,5.5,28.8,-15.5,38.3,0,0,38.8,1,13222,1,13222,5553,3255,1296,13735,9182,3522,13288,2285,2705,7071,4704,22137,18935,8811,15085,12854,8263,2611,9374,3280,2484,20100,8821,2246,150,7537,1,32:30
2024-25,1641727,Dariq Whitehead,Dariq,1610612751,BKN,Brooklyn Nets,0022400571,2025-01-15T00:00:00,BKN @ LAC,L,9.466666666666667,3.8,15.2,0.25,3.8,11.4,0.333,0.0,0.0,0.0,0.0,0.0,0.0,0.0,0.0,0.0,0.0,0.0,0.0,0.0,11.4,-15.2,11.4,0,0,15.2,1,13222,1,13222,22286,17556,8230,20233,4424,2165,9209,13505,14344,13505,14058,22137,23286,19908,16469,12854,8263,8846,20257,17725,16778,19979,24152,2246,150,22986,1,9:28
2024-25,1642261,Dalton Knecht,Dalton,1610612747,LAL,Los Angeles Lakers,0022400570,2025-01-15T00:00:00,LAL vs. MIA,W,13.8,0.0,10.4,0.0,0.0,10.4,0.0,5.2,5.2,1.0,0.0,5.2,5.2,2.6,0.0,0.0,0.0,0.0,2.6,2.6,5.2,-10.4,15.4,0,0,13.0,1,1,13086,1,20303,22635,16325,22635,15070,3031,15070,3750,5575,1,14058,10237,14234,14185,16469,12854,8263,8846,12392,10607,21901,18077,23057,2246,150,23698,1,13:48
2024-25,1630592,Jalen Wilson,Jalen,1610612751,BKN,Brooklyn Nets,0022400571,2025-01-15T00:00:00,BKN @ LAC,L,33.63333333333333,5.4,10.7,0.5,1.1,4.3,0.25,5.4,5.4,1.0,0.0,3.2,3.2,1.1,1.1,0.0,0.0,0.0,4.3,2.1,17.1,-37.5,21.5,0,0,22.5,1,13222,1,13222,4603,13398,15878,8526,14124,14962,11902,3585,5384,1,14058,16048,19201,19445,15331,12854,8263,8846,6338,12436,10708,24652,20401,2246,150,19376,1,33:38
2024-25,1631107,Nikola Jović,Nikola,1610612748,MIA,Miami Heat,0022400570,2025-01-15T00:00:00,MIA @ LAL,L,32.315,4.5,7.8,0.571,2.2,3.3,0.667,2.2,2.2,1.0,1.1,3.3,4.5,8.9,2.2,0.0,1.1,1.1,4.5,1.1,13.4,3.3,33.2,0,0,31.2,1,13222,1,13222,5724,15913,20533,6538,9128,16978,1957,9841,11999,1,12369,15662,16160,2097,9393,12854,6701,6928,5876,16850,14662,10951,12426,2246,150,13004,1,32:19
2024-25,1630188,Jalen Smith,Jalen,1610612741,CHI,Chicago Bulls,0022400563,2025-01-15T00:00:00,CHI vs. ATL,L,12.4,5.8,17.4,0.333,2.9,8.7,0.333,0.0,0.0,0.0,2.9,8.7,11.6,0.0,5.8,0.0,0.0,2.9,2.9,0.0,14.5,-31.9,22.6,0,0,29.0,1,13222,1,13222,21047,12093,5328,17395,6857,5252,9209,13505,14344,13505,5579,3823,3834,19908,1548,12854,8263,1462,11175,17725,13390,24023,19786,2246,150,14672,1,12:24
2024-25,1642271,Kyle Filipowski,Kyle,1610612762,UTA,Utah Jazz,0022400569,2025-01-15T00:00:00,UTA vs. CHA,L,22.583333333333332,4.8,8.0,0.6,3.2,6.4,0.5,0.0,0.0,0.0,1.6,1.6,3.2,3.2,0.0,0.0,0.0,0.0,4.8,0.0,12.8,19.1,21.4,0,0,22.3,1,13222,1,13222,14045,15002,20298,5394,5983,9809,3944,13505,14344,13505,9948,20689,19263,12363,16469,12854,8263,8846,5101,17725,15333,4218,20494,2246,150,19474,1,22:35
2024-25,203482,Kelly Olynyk,Kelly,1610612761,TOR,Toronto Raptors,0022400562,2025-01-15T00:00:00,TOR vs. BOS,W,17.266666666666666,2.1,6.3,0.333,2.1,2.1,1.0,8.3,8.3,1.0,2.1,4.2,6.3,8.3,0.0,0.0,0.0,0.0,4.2,4.2,14.6,12.5,34.6,0,0,31.3,1,1,13086,1,18098,21255,22370,17395,9746,19390,1,1260,2298,1,8006,13205,11699,2564,16469,12854,8263,8846,6635,5905,13291,6593,11363,2246,150,12950,1,17:16
2024-25,1627752,Taurean Prince,Taurean,1610612749,MIL,Milwaukee Bucks,0022400564,2025-01-15T00:00:00,MIL vs. ORL,W,20.393333333333334,1.8,3.5,0.5,1.8,1.8,1.0,3.5,3.5,1.0,0.0,1.8,1.8,1.8,0.0,0.0,0.0,0.0,3.5,1.8,8.8,17.7,13.6,0,0,14.1,1,1,13086,1,15724,21809,24297,8526,11204,19965,1,6641,8828,1,14058,20322,22211,17183,16469,12854,8263,8846,8662,14057,19247,4692,23608,2246,150,23387,1,20:24
2024-25,1631117,Walker Kessler,Walker,1610612762,UTA,Utah Jazz,0022400569,2025-01-15T00:00:00,UTA vs. CHA,L,27.41,6.6,9.2,0.714,0.0,0.0,0.0,1.3,5.3,0.25,3.9,6.6,10.5,1.3,1.3,0.0,2.6,1.3,2.6,3.9,14.4,-6.6,35.6,0,0,31.5,1,13222,1,13222,10010,10020,18416,2752,15070,20945,15070,12266,5522,13358,3670,7169,4902,18617,13744,12854,2184,5591,12339,6463,13459,16320,10668,2246,150,12762,1,27:25
2024-25,1641857,Liam Robbins,Liam,1610612749,MIL,Milwaukee Bucks,0022400564,2025-01-15T00:00:00,MIL vs. ORL,W,5.5,0.0,0.0,0.0,0.0,0.0,0.0,19.6,26.2,0.75,6.5,0.0,6.5,0.0,13.1,6.5,0.0,0.0,13.1,19.6,19.6,13.1,34.0,0,0,39.3,1,1,13086,1,23789,22635,24836,22635,15070,20945,15070,77,78,8186,1354,22137,11070,19908,162,365,8263,8846,334,46,8217,6358,11774,2246,150,7211,1,5:30
2024-25,1628401,Derrick White,Derrick,1610612738,BOS,Boston Celtics,0022400562,2025-01-15T00:00:00,BOS @ TOR,L,21.256666666666668,3.4,15.2,0.222,1.7,11.9,0.143,1.7,3.4,0.5,0.0,0.0,0.0,1.7,3.4,0.0,0.0,0.0,1.7,1.7,10.2,-49.1,9.3,0,0,13.5,1,13222,1,13222,15112,18566,8186,21205,11417,1864,14649,11426,9124,10625,14058,22137,23286,17386,5266,12854,8263,8846,16555,14295,17991,25374,24522,2246,150,23546,1,21:15
2024-25,1641711,Gradey Dick,Gradey,1610612761,TOR,Toronto Raptors,0022400562,2025-01-15T00:00:00,TOR vs. BOS,W,25.351666666666667,5.7,12.8,0.444,2.8,8.5,0.333,2.8,2.8,1.0,0.0,4.3,4.3,5.7,1.4,0.0,0.0,1.4,2.8,4.3,17.0,7.1,29.3,0,0,29.8,1,1,13086,1,11696,12480,12257,13045,7085,5556,9209,8240,10392,1,14058,12939,16647,6080,13171,12854,8263,5103,11462,5702,10809,9089,15321,2246,150,14083,1,25:21
2024-25,203084,Harrison Barnes,Harrison,1610612759,SAS,San Antonio Spurs,0022400567,2025-01-15T00:00:00,SAS vs. MEM,L,29.666666666666668,4.9,8.5,0.571,2.4,4.9,0.5,0.0,2.4,0.0,1.2,4.9,6.1,2.4,1.2,0.0,0.0,0.0,1.2,1.2,12.1,-6.1,21.8,0,0,23.1,1,13222,1,13222,8079,14794,19499,6538,8383,13550,3944,13505,11397,13505,11703,11266,12120,14787,14337,12854,8263,8846,18456,16334,15993,16091,20235,2246,150,18975,1,29:40
2024-25,1626153,Delon Wright,Delon,1610612749,MIL,Milwaukee Bucks,0022400564,2025-01-15T00:00:00,MIL vs. ORL,W,6.85,0.0,10.5,0.0,0.0,5.3,0.0,0.0,0.0,0.0,0.0,0.0,0.0,10.5,5.3,5.3,5.3,0.0,0.0,0.0,0.0,-5.3,42.0,0,0,31.5,1,1,13086,1,23234,22635,16200,22635,15070,12577,15070,13505,14344,13505,14058,22137,23286,1199,2055,758,450,8846,20257,17725,23200,15729,6592,2246,150,12747,1,6:51
2024-25,1627741,Buddy Hield,Buddy,1610612744,GSW,Golden State Warriors,0022400565,2025-01-15T00:00:00,GSW @ MIN,W,29.376666666666665,7.4,13.5,0.545,3.7,7.4,0.5,3.7,3.7,1.0,0.0,1.2,1.2,0.0,2.5,3.7,2.5,1.2,2.5,1.2,22.1,9.8,39.5,0,0,39.2,1,1,13086,1,8333,8116,11035,7695,4743,7717,3944,6341,8538,1,14058,21456,22911,19908,8448,1997,2466,6094,12981,16268,6161,7787,8097,2246,150,7264,1,29:23
2024-25,1626179,Terry Rozier,Terry,1610612748,MIA,Miami Heat,0022400570,2025-01-15T00:00:00,MIA @ LAL,L,24.433333333333334,4.4,10.3,0.429,0.0,4.4,0.0,0.0,0.0,0.0,0.0,2.9,2.9,2.9,1.5,0.0,0.0,1.5,1.5,0.0,8.8,-7.4,15.3,0,0,14.7,1,13222,1,13222,12541,16009,16535,13735,15070,14636,15070,13505,14344,13505,14058,16898,19861,13099,12884,12854,8263,4869,17330,17725,19234,16663,23082,2246,150,23163,1,24:26
2024-25,1629060,Rui Hachimura,Rui,1610612747,LAL,Los Angeles Lakers,0022400570,2025-01-15T00:00:00,LAL vs. MIA,W,33.266666666666666,9.7,16.2,0.6,2.2,5.4,0.4,3.2,4.3,0.75,2.2,6.5,8.7,1.1,2.2,1.1,0.0,1.1,2.2,2.2,24.9,10.8,38.0,0,0,39.0,1,1,13086,1,4928,3553,6787,5394,9379,12188,7874,7213,7148,8186,7706,7326,7215,19403,9666,11175,8263,7210,14275,12319,4261,7318,9035,2246,150,7407,1,33:16
2024-25,203995,Vasilije Micić,Vasilije,1610612766,CHA,Charlotte Hornets,0022400569,2025-01-15T00:00:00,CHA @ UTA,W,9.933333333333334,3.6,3.6,1.0,0.0,0.0,0.0,0.0,0.0,0.0,0.0,10.9,10.9,10.9,7.2,0.0,0.0,0.0,3.6,0.0,7.2,-32.6,29.4,0,0,29.0,1,1,13086,1,22128,18022,24260,1,15070,20945,15070,13505,14344,13505,14058,1970,4531,1042,794,12854,8263,8846,8345,17725,20527,24114,15242,2246,150,14708,1,9:56
2024-25,1631222,Jake LaRavia,Jake,1610612763,MEM,Memphis Grizzlies,0022400567,2025-01-15T00:00:00,MEM @ SAS,W,9.813333333333333,3.7,11.0,0.333,3.7,3.7,1.0,0.0,0.0,0.0,7.3,7.3,14.7,0.0,0.0,0.0,0.0,0.0,7.3,0.0,11.0,-44.0,28.6,0,0,29.3,1,1,13086,1,22170,17922,15344,17395,4763,16290,1,13505,14344,13505,1011,5769,1926,19908,16469,12854,8263,8846,1756,17725,17176,25121,15789,2246,150,14449,1,9:49
2024-25,1629640,Keldon Johnson,Keldon,1610612759,SAS,San Antonio Spurs,0022400567,2025-01-15T00:00:00,SAS vs. MEM,L,26.133333333333333,8.3,16.5,0.5,1.4,5.5,0.25,5.5,5.5,1.0,0.0,5.5,5.5,1.4,1.4,0.0,0.0,0.0,0.0,2.8,23.4,-13.8,30.7,0,0,31.7,1,13222,1,13222,11058,6050,6384,8526,12532,11923,11902,3404,5178,1,14058,9499,13509,18411,13416,12854,8263,8846,20257,10128,5186,19410,14263,2246,150,12639,1,26:08
2024-25,1630230,Naji Marshall,Naji,1610612742,DAL,Dallas Mavericks,0022400566,2025-01-15T00:00:00,DAL @ NOP,L,30.266666666666666,3.6,8.3,0.429,1.2,2.4,0.5,0.0,0.0,0.0,0.0,2.4,2.4,11.9,2.4,2.4,0.0,2.4,3.6,0.0,8.3,-16.7,33.8,0,0,28.5,1,13222,1,13222,7529,18158,19755,13735,13426,18851,3944,13505,14344,13505,14058,18545,21049,741,8734,4764,8263,2267,8532,17725,19639,20498,11993,2246,150,15027,1,30:16
2024-25,1630811,Keaton Wallace,Keaton,1610612737,ATL,Atlanta Hawks,0022400563,2025-01-15T00:00:00,ATL @ CHI,W,38.43333333333333,9.4,16.9,0.556,3.7,6.6,0.571,2.8,2.8,1.0,0.9,4.7,5.6,5.6,0.9,3.7,0.0,0.0,2.8,3.7,25.3,27.2,50.8,0,0,47.8,1,1,13086,1,1144,4093,5969,7248,4586,9421,3506,8324,10464,1,13734,11760,13239,6212,16219,1912,8263,8846,11599,6995,4060,2394,3053,2246,150,3236,1,38:26
2024-25,203915,Spencer Dinwiddie,Spencer,1610612742,DAL,Dallas Mavericks,0022400566,2025-01-15T00:00:00,DAL @ NOP,L,37.81666666666667,5.7,16.2,0.353,2.9,7.6,0.375,4.8,4.8,1.0,1.0,3.8,4.8,3.8,1.0,2.9,0.0,1.0,1.9,1.9,19.0,-3.8,38.1,0,0,36.2,1,13222,1,13222,1496,12381,6856,17268,7032,7145,8800,4417,6376,1,13631,14293,15407,10477,16134,3534,8263,8325,15653,13494,8815,14958,8976,2246,150,9241,1,37:49
2024-25,1641715,Cam Whitmore,Cam,1610612745,HOU,Houston Rockets,0022400568,2025-01-15T00:00:00,HOU @ DEN,W,23.933333333333334,10.5,16.5,0.636,3.0,6.0,0.5,0.0,0.0,0.0,3.0,10.5,13.5,1.5,1.5,1.5,1.5,0.0,1.5,0.0,24.1,7.5,50.1,0,0,48.1,1,1,13086,1,12962,2688,6371,4689,6478,10653,3944,13505,14344,13505,5314,2207,2472,17959,12725,8388,4833,8846,17196,17725,4760,8873,3247,2246,150,3102,1,23:56
2024-25,1629630,Ja Morant,Ja,1610612763,MEM,Memphis Grizzlies,0022400567,2025-01-15T00:00:00,MEM @ SAS,W,31.403333333333332,10.3,14.9,0.692,1.1,2.3,0.5,2.3,2.3,1.0,0.0,4.6,4.6,13.8,2.3,2.3,0.0,0.0,3.4,3.4,24.1,25.2,54.8,1,0,48.1,1,1,13086,1,6505,2901,8747,3171,13669,18999,3944,9654,11808,1,14058,12028,15844,415,9108,5071,8263,8846,8939,7844,4752,2766,2032,1,150,3100,1,31:24
2024-25,1630537,Chris Duarte,Chris,1610612741,CHI,Chicago Bulls,0022400563,2025-01-15T00:00:00,CHI vs. ATL,L,1.4333333333333333,0.0,0.0,0.0,0.0,0.0,0.0,0.0,0.0,0.0,0.0,25.1,25.1,0.0,0.0,0.0,0.0,0.0,0.0,0.0,0.0,-50.2,30.1,0,0,25.1,1,13222,1,13222,25842,22635,24836,22635,15070,20945,15070,13505,14344,13505,14058,77,189,19908,16469,12854,8263,8846,20257,17725,23200,25401,14709,2246,150,17584,1,1:26
2024-25,1628978,Donte DiVincenzo,Donte,1610612750,MIN,Minnesota Timberwolves,0022400565,2025-01-15T00:00:00,MIN vs. GSW,L,39.221666666666664,8.3,17.4,0.474,5.5,11.0,0.5,3.7,5.5,0.667,3.7,1.8,5.5,8.3,0.0,0.9,0.0,0.0,2.8,5.5,25.7,0.0,47.5,0,0,46.8,1,13222,1,13222,807,6059,5315,12072,1730,2477,3944,6351,5181,9425,4084,20150,13524,2645,16469,12580,8263,8846,11826,3330,3831,12240,4157,2246,150,3549,1,39:13
2024-25,201599,DeAndre Jordan,DeAndre,1610612743,DEN,Denver Nuggets,0022400568,2025-01-15T00:00:00,DEN vs. HOU,L,23.3,0.0,0.0,0.0,0.0,0.0,0.0,0.0,0.0,0.0,1.5,10.8,12.4,0.0,1.5,1.5,4.6,0.0,3.1,3.1,0.0,-29.4,31.8,0,0,24.7,1,13222,1,13222,13465,22635,24836,22635,15070,20945,15070,13505,14344,13505,10138,2009,3226,19908,12562,8218,636,8846,10308,8918,23200,23637,13455,2246,150,17877,1,23:18
2024-25,1642268,Isaiah Collier,Isaiah,1610612762,UTA,Utah Jazz,0022400569,2025-01-15T00:00:00,UTA vs. CHA,L,26.5,5.4,10.9,0.5,1.4,5.4,0.25,2.7,2.7,1.0,0.0,4.1,4.1,13.6,6.8,0.0,0.0,0.0,4.1,2.7,14.9,-12.2,33.4,1,0,34.0,1,13222,1,13222,10724,13173,15570,8526,12608,12126,11902,8530,10696,1,14058,13494,17126,436,982,12854,8263,8846,6918,10267,12966,18827,12249,1,150,10880,1,26:30
2024-25,1641736,Reece Beekman,Reece,1610612751,BKN,Brooklyn Nets,0022400571,2025-01-15T00:00:00,BKN @ LAC,L,21.3,3.4,10.1,0.333,1.7,5.1,0.333,0.0,0.0,0.0,0.0,6.8,6.8,5.1,0.0,3.4,0.0,1.7,0.0,0.0,8.5,-10.1,34.3,0,0,28.7,1,13222,1,13222,15068,18586,16849,17395,11430,13029,9209,13505,14344,13505,14058,6768,10613,7315,16469,2421,8263,4174,20257,17725,19560,17947,11584,2246,150,14905,1,21:18
2024-25,1629639,Tyler Herro,Tyler,1610612748,MIA,Miami Heat,0022400570,2025-01-15T00:00:00,MIA @ LAL,L,38.25,11.3,16.9,0.667,6.6,11.3,0.583,2.8,2.8,1.0,0.0,3.8,3.8,2.8,6.6,0.9,0.0,0.0,0.9,2.8,32.0,-9.4,37.0,0,0,47.1,1,13222,1,13222,1245,2017,5861,3281,952,2259,3489,8278,10421,1,14058,14431,17908,13511,1084,12429,8263,8846,20015,9878,1533,17625,9705,2246,150,3451,1,38:15
2024-25,1641763,Julian Phillips,Julian,1610612741,CHI,Chicago Bulls,0022400563,2025-01-15T00:00:00,CHI vs. ATL,L,13.783333333333333,10.4,13.1,0.8,0.0,2.6,0.0,5.2,5.2,1.0,5.2,5.2,10.4,0.0,2.6,0.0,0.0,0.0,0.0,5.2,26.1,0.0,36.0,0,0,36.6,1,13222,1,13222,20310,2761,11759,1688,15070,18428,15070,3740,5563,1,2174,10225,4966,19908,7827,12854,8263,8846,20257,3737,3619,12240,10338,2246,150,9004,1,13:47
2024-25,1630526,Jeremiah Robinson-Earl,Jeremiah,1610612740,NOP,New Orleans Pelicans,0022400566,2025-01-15T00:00:00,NOP vs. DAL,W,8.965,8.0,12.0,0.667,0.0,4.0,0.0,0.0,0.0,0.0,8.0,20.1,28.1,4.0,0.0,0.0,0.0,0.0,8.0,0.0,16.1,-24.1,55.8,0,0,48.2,1,1,13086,1,22467,6572,13515,3281,15070,15547,15070,13505,14344,13505,776,170,112,9895,16469,12854,8263,8846,1350,17725,11862,22601,1837,2246,150,3088,1,8:58
2024-25,1641816,Hunter Tyson,Hunter,1610612743,DEN,Denver Nuggets,0022400568,2025-01-15T00:00:00,DEN vs. HOU,L,7.5,4.8,14.4,0.333,4.8,9.6,0.5,4.8,9.6,0.5,4.8,4.8,9.6,0.0,0.0,0.0,0.0,4.8,4.8,4.8,19.2,9.6,30.7,0,0,33.6,1,13222,1,13222,22999,14944,9521,17395,2556,3978,3944,4345,1547,10625,2562,11436,5919,19908,16469,12854,8263,407,5056,4500,8649,7891,14262,2246,150,11161,1,7:30
2024-25,1641989,Elijah Harkless,Elijah,1610612762,UTA,Utah Jazz,0022400569,2025-01-15T00:00:00,UTA vs. CHA,L,21.833333333333332,4.9,13.2,0.375,3.3,9.9,0.333,0.0,0.0,0.0,0.0,1.6,1.6,3.3,1.6,3.3,0.0,0.0,1.6,3.3,13.2,18.1,28.4,0,0,28.0,1,13222,1,13222,14630,14563,11495,16299,5668,3615,9209,13505,14344,13505,14058,20570,22368,11987,12144,2568,8263,8846,16711,8259,14884,4509,15957,2246,150,15403,1,21:50
2024-25,1628436,Luke Kornet,Luke,1610612738,BOS,Boston Celtics,0022400562,2025-01-15T00:00:00,BOS @ TOR,L,10.066666666666666,3.6,7.2,0.5,0.0,0.0,0.0,0.0,0.0,0.0,7.2,3.6,10.7,3.6,0.0,0.0,3.6,0.0,3.6,3.6,7.2,25.0,36.1,0,0,28.6,1,13222,1,13222,22084,18138,21376,8526,15070,20945,15070,13505,14344,13505,1081,15003,4673,11154,16469,12854,1171,8846,8505,7463,20597,2808,10286,2246,150,14978,1,10:04
2024-25,1630217,Desmond Bane,Desmond,1610612763,MEM,Memphis Grizzlies,0022400567,2025-01-15T00:00:00,MEM @ SAS,W,32.906666666666666,8.8,14.2,0.615,2.2,4.4,0.5,3.3,3.3,1.0,2.2,1.1,3.3,2.2,0.0,2.2,1.1,0.0,2.2,2.2,23.0,9.8,40.0,0,0,37.2,1,1,13086,1,5240,5176,9799,5246,9283,14746,3944,7143,9353,1,7623,21766,19036,15671,16469,5448,6827,8846,14148,12210,5505,7769,7741,2246,150,8587,1,32:54
2024-25,201950,Jrue Holiday,Jrue,1610612738,BOS,Boston Celtics,0022400562,2025-01-15T00:00:00,BOS @ TOR,L,31.25,5.8,12.7,0.455,0.0,3.5,0.0,2.3,2.3,1.0,3.5,3.5,6.9,2.3,1.2,1.2,0.0,0.0,2.3,1.2,13.8,-15.0,27.9,0,0,25.3,1,13222,1,13222,6660,12230,12437,12676,15070,16748,15070,9603,11761,1,4448,15360,10308,15217,14782,10563,8263,8846,13628,16635,14126,19892,16316,2246,150,17396,1,31:15
2024-25,1630567,Scottie Barnes,Scottie,1610612761,TOR,Toronto Raptors,0022400562,2025-01-15T00:00:00,TOR vs. BOS,W,35.8,8.0,16.1,0.5,1.0,5.0,0.2,1.0,2.0,0.5,1.0,2.0,3.0,9.1,2.0,1.0,2.0,0.0,1.0,3.0,18.1,11.1,42.3,0,0,37.2,1,1,13086,1,2822,6540,6983,8526,14513,13142,13429,13226,12694,10625,13215,19626,19676,1981,10464,11904,3451,8846,19675,9173,9735,7210,6460,2246,150,8580,1,35:48
2024-25,1626172,Kevon Looney,Kevon,1610612744,GSW,Golden State Warriors,0022400565,2025-01-15T00:00:00,GSW @ MIN,W,21.543333333333333,3.3,3.3,1.0,0.0,0.0,0.0,0.0,0.0,0.0,1.7,6.7,8.4,10.0,1.7,0.0,1.7,0.0,1.7,1.7,6.7,-5.0,35.1,0,0,28.4,1,1,13086,1,14908,18658,24369,1,15070,20945,15070,13505,14344,13505,9672,6921,7691,1420,12039,12854,4361,8846,16620,14361,20933,15593,10996,2246,150,15144,1,21:33
2024-25,1630527,Brandon Boston,Brandon,1610612740,NOP,New Orleans Pelicans,0022400566,2025-01-15T00:00:00,NOP vs. DAL,W,14.95,9.6,19.3,0.5,2.4,4.8,0.5,0.0,0.0,0.0,0.0,7.2,7.2,2.4,0.0,0.0,0.0,0.0,2.4,2.4,21.7,-12.0,34.0,0,0,33.7,1,1,13086,1,19602,3680,3534,8526,8461,13653,3944,13505,14344,13505,14058,5954,9696,14848,16469,12854,8263,8846,13159,11318,6482,18754,11857,2246,150,11067,1,14:57
2024-25,201145,Jeff Green,Jeff,1610612745,HOU,Houston Rockets,0022400568,2025-01-15T00:00:00,HOU @ DEN,W,20.57,5.3,10.5,0.5,3.5,8.8,0.4,0.0,0.0,0.0,0.0,3.5,3.5,0.0,0.0,0.0,1.8,0.0,7.0,0.0,14.0,22.8,23.5,0,0,24.5,1,1,13086,1,15589,13662,16214,8526,5151,5181,7874,13505,14344,13505,14058,15242,18552,19908,16469,12854,4168,8846,1978,17725,13935,3307,19283,2246,150,18007,1,20:34
2024-25,1641705,Victor Wembanyama,Victor,1610612759,SAS,San Antonio Spurs,0022400567,2025-01-15T00:00:00,SAS vs. MEM,L,37.05,4.9,18.5,0.263,2.9,9.7,0.3,0.0,0.0,0.0,0.0,11.7,11.7,1.9,1.0,1.9,7.8,1.9,2.9,1.9,12.6,-3.9,57.7,1,0,48.6,1,13222,1,13222,1957,14783,4246,20219,6812,3829,11319,13505,14344,13505,14058,1539,3794,16590,16012,6545,152,3412,11112,13348,15454,15005,1513,1,150,2961,1,37:03
2024-25,201939,Stephen Curry,Stephen,1610612744,GSW,Golden State Warriors,0022400565,2025-01-15T00:00:00,GSW @ MIN,W,37.333333333333336,9.6,20.3,0.476,6.8,11.6,0.583,3.9,3.9,1.0,1.0,0.0,1.0,7.7,1.0,1.0,0.0,1.9,1.0,3.9,29.9,-1.0,44.6,0,0,47.3,1,1,13086,1,1775,3664,2798,12010,865,2049,3489,5968,8119,1,13540,22137,23237,3171,16063,12244,8263,3453,19884,6688,2121,13510,5395,2246,150,3387,1,37:20
2024-25,1631170,Jaime Jaquez Jr.,Jaime,1610612748,MIA,Miami Heat,0022400570,2025-01-15T00:00:00,MIA @ LAL,L,24.6,4.4,10.2,0.429,2.9,5.9,0.5,4.4,4.4,1.0,0.0,7.3,7.3,4.4,1.5,1.5,0.0,1.5,1.5,2.9,16.1,-17.6,34.4,0,0,33.7,1,13222,1,13222,12377,16098,16655,13735,6766,11060,3944,5011,7051,1,14058,5811,9538,8917,12941,8563,8263,4921,17378,9498,11820,20799,11518,2246,150,11109,1,24:36
2024-25,203897,Zach LaVine,Zach,1610612741,CHI,Chicago Bulls,0022400563,2025-01-15T00:00:00,CHI vs. ATL,L,35.5,7.1,13.2,0.538,1.0,2.0,0.5,0.0,0.0,0.0,0.0,6.1,6.1,7.1,3.0,2.0,0.0,0.0,2.0,2.0,15.2,-10.1,36.2,0,0,33.5,1,13222,1,13222,3067,8707,11511,7978,14463,19504,3944,13505,14344,13505,14058,8134,12083,3887,6303,6119,8263,8846,14976,12946,12696,17948,10237,2246,150,11270,1,35:30
2024-25,202331,Paul George,Paul,1610612755,PHI,Philadelphia 76ers,0022400561,2025-01-15T00:00:00,PHI vs. NYK,L,43.45,7.5,16.6,0.45,2.5,6.6,0.375,4.1,4.1,1.0,0.0,2.5,2.5,5.0,2.5,2.5,0.0,0.0,1.7,2.5,21.5,3.3,37.0,0,0,36.5,1,13222,1,13222,121,7877,6339,12982,8205,9260,8800,5454,7540,1,14058,18231,20842,7536,8312,4425,8263,8846,16676,11048,6600,10965,9728,2246,150,9071,1,43:27
2024-25,1641708,Amen Thompson,Amen,1610612745,HOU,Houston Rockets,0022400568,2025-01-15T00:00:00,HOU @ DEN,W,34.68,4.2,8.3,0.5,0.0,0.0,0.0,3.1,7.3,0.429,3.1,6.2,9.3,0.0,2.1,4.2,2.1,1.0,2.1,6.2,11.4,20.8,39.2,0,0,33.2,1,1,13086,1,3713,16727,19794,8526,15070,20945,15070,7507,3121,13040,5109,7834,6265,19908,10124,1495,3269,7596,14722,2351,16764,3748,8244,2246,150,11481,1,34:41
2024-25,1631218,Trayce Jackson-Davis,Trayce,1610612744,GSW,Golden State Warriors,0022400565,2025-01-15T00:00:00,GSW @ MIN,W,26.54,2.7,9.5,0.286,0.0,0.0,0.0,0.0,0.0,0.0,12.2,8.1,20.3,2.7,2.7,0.0,2.7,1.4,2.7,0.0,5.4,2.7,39.3,0,0,33.9,1,1,13086,1,10697,20057,17957,19630,15070,20945,15070,13505,14344,13505,232,4503,487,13868,7491,12854,2065,5373,11989,17725,21782,11256,8180,2246,150,10919,1,26:32
2024-25,1641744,Zach Edey,Zach,1610612763,MEM,Memphis Grizzlies,0022400567,2025-01-15T00:00:00,MEM @ SAS,W,16.546666666666667,6.5,13.1,0.5,0.0,0.0,0.0,0.0,0.0,0.0,4.4,6.5,10.9,0.0,4.4,2.2,0.0,6.5,2.2,2.2,13.1,0.0,28.3,0,0,28.3,1,1,13086,1,18577,10120,11769,8526,15070,20945,15070,13505,14344,13505,3101,7244,4521,19908,3218,5490,8263,186,14216,12263,15037,12240,16011,2246,150,15219,1,16:33
2024-25,1630202,Payton Pritchard,Payton,1610612738,BOS,Boston Celtics,0022400562,2025-01-15T00:00:00,BOS @ TOR,L,30.85,8.2,12.8,0.636,4.7,9.3,0.5,2.3,3.5,0.667,2.3,0.0,2.3,4.7,0.0,1.2,0.0,0.0,3.5,2.3,23.3,7.0,36.6,0,0,37.3,1,13222,1,13222,6992,6268,12145,4689,2783,4326,3944,9514,8886,9425,7137,22137,21127,8263,16469,10453,8263,8846,8746,11614,5253,9135,9927,2246,150,8478,1,30:51
2024-25,1627751,Jakob Poeltl,Jakob,1610612761,TOR,Toronto Raptors,0022400562,2025-01-15T00:00:00,TOR vs. BOS,W,30.733333333333334,9.4,9.4,1.0,0.0,0.0,0.0,0.0,0.0,0.0,3.5,9.4,12.9,2.3,0.0,0.0,1.2,0.0,0.0,0.0,18.7,8.2,41.2,1,0,36.3,1,1,13086,1,7100,4079,18162,1,15070,20945,15070,13505,14344,13505,4353,3135,2884,15074,16469,12854,6352,8846,20257,17725,9089,8532,7032,1,150,9149,1,30:44
2024-25,1630702,Jaden Hardy,Jaden,1610612742,DAL,Dallas Mavericks,0022400566,2025-01-15T00:00:00,DAL @ NOP,L,25.366666666666667,9.9,18.4,0.538,5.7,8.5,0.667,4.3,5.7,0.75,0.0,7.1,7.1,2.8,2.8,1.4,0.0,1.4,1.4,5.7,29.8,15.6,44.0,0,0,48.3,1,13222,1,13222,11682,3287,4261,7978,1580,5564,1957,5243,4924,8186,14058,6187,9963,13477,7071,8804,8263,5106,17543,3068,2158,5384,5675,2246,150,3062,1,25:22
2024-25,1629675,Naz Reid,Naz,1610612750,MIN,Minnesota Timberwolves,0022400565,2025-01-15T00:00:00,MIN vs. GSW,L,28.655,6.3,16.3,0.385,3.8,8.8,0.429,2.5,2.5,1.0,2.5,5.0,7.5,1.3,0.0,0.0,1.3,1.3,0.0,2.5,18.8,10.1,33.5,0,0,33.9,1,13222,1,13222,8970,10766,6636,16070,4532,5119,7394,9011,11176,1,6577,10811,9099,18819,16469,12854,5873,5901,20257,10946,8998,7676,12163,2246,150,10910,1,28:39
2024-25,1630559,Austin Reaves,Austin,1610612747,LAL,Los Angeles Lakers,0022400570,2025-01-15T00:00:00,LAL vs. MIA,W,35.23,5.1,9.2,0.556,2.0,3.1,0.667,2.0,2.0,1.0,0.0,3.1,3.1,14.3,1.0,3.1,0.0,2.0,4.1,3.1,14.3,14.3,47.6,1,0,39.9,1,1,13086,1,3295,14060,18409,7248,9944,17523,1957,10480,12593,1,14058,16508,19549,356,15697,3014,8263,3082,6880,9015,13597,5886,4106,1,150,6861,1,35:14
2024-25,1630540,Miles McBride,Miles,1610612752,NYK,New York Knicks,0022400561,2025-01-15T00:00:00,NYK @ PHI,W,21.793333333333333,6.6,8.3,0.8,5.0,6.6,0.75,3.3,3.3,1.0,1.7,3.3,5.0,5.0,0.0,1.7,0.0,0.0,1.7,1.7,21.5,8.3,39.8,0,0,39.6,1,1,13086,1,14683,9909,19857,1688,2332,9301,1542,7099,9297,1,9740,15782,14915,7558,16469,7804,8263,8846,16702,14438,6670,8505,7876,2246,150,6983,1,21:48
2024-25,1629674,Neemias Queta,Neemias,1610612738,BOS,Boston Celtics,0022400562,2025-01-15T00:00:00,BOS @ TOR,L,1.3666666666666667,0.0,0.0,0.0,0.0,0.0,0.0,0.0,0.0,0.0,0.0,0.0,0.0,0.0,0.0,0.0,0.0,0.0,0.0,0.0,0.0,26.3,0.0,0,0,0.0,1,13222,1,13222,25879,22635,24836,22635,15070,20945,15070,13505,14344,13505,14058,22137,23286,19908,16469,12854,8263,8846,20257,17725,23200,2543,25228,2246,150,25259,1,1:22
2024-25,1641775,Jordan Walsh,Jordan,1610612738,BOS,Boston Celtics,0022400562,2025-01-15T00:00:00,BOS @ TOR,L,1.3666666666666667,0.0,0.0,0.0,0.0,0.0,0.0,0.0,0.0,0.0,0.0,0.0,0.0,0.0,0.0,0.0,0.0,0.0,0.0,0.0,0.0,26.3,0.0,0,0,0.0,1,13222,1,13222,25879,22635,24836,22635,15070,20945,15070,13505,14344,13505,14058,22137,23286,19908,16469,12854,8263,8846,20257,17725,23200,2543,25228,2246,150,25259,1,1:22
2024-25,1630162,Anthony Edwards,Anthony,1610612750,MIN,Minnesota Timberwolves,0022400565,2025-01-15T00:00:00,MIN vs. GSW,L,40.9,6.2,16.7,0.368,3.5,7.9,0.444,8.8,9.7,0.909,0.9,6.2,7.0,1.8,4.4,0.9,0.9,0.0,0.9,6.2,24.6,-1.8,36.6,0,0,40.5,1,13222,1,13222,387,11071,6149,16823,5106,6583,7211,1072,1514,6764,13953,7988,10077,17196,3141,12734,8141,8846,20182,2437,4393,13902,9944,2246,150,6501,1,40:54
2024-25,2544,LeBron James,LeBron,1610612747,LAL,Los Angeles Lakers,0022400570,2025-01-15T00:00:00,LAL vs. MIA,W,38.15,8.5,14.2,0.6,2.8,5.7,0.5,0.9,1.9,0.5,0.9,3.8,4.7,8.5,1.9,1.9,0.0,0.0,0.0,3.8,20.8,13.2,42.9,0,0,40.6,1,1,13086,1,1295,5625,9917,5394,7115,11544,3944,13388,13014,10625,13696,14404,15514,2425,11116,6825,8263,8846,20257,6920,7267,6300,6158,2246,150,6458,1,38:09
2024-25,201569,Eric Gordon,Eric,1610612755,PHI,Philadelphia 76ers,0022400561,2025-01-15T00:00:00,PHI vs. NYK,L,21.185,6.8,10.2,0.667,5.1,8.5,0.6,5.1,5.1,1.0,0.0,1.7,1.7,3.4,0.0,0.0,0.0,0.0,0.0,1.7,23.8,-15.3,30.9,0,0,34.0,1,13222,1,13222,15161,9426,16739,3281,2158,5590,2992,3893,5760,1,14058,20460,22299,11693,16469,12854,8263,8846,20257,14272,4941,20010,14106,2246,150,10862,1,21:11
2024-25,1641733,Nick Smith Jr.,Nick,1610612766,CHA,Charlotte Hornets,0022400569,2025-01-15T00:00:00,CHA @ UTA,W,16.483333333333334,0.0,10.9,0.0,0.0,10.9,0.0,0.0,0.0,0.0,0.0,2.2,2.2,8.7,2.2,0.0,0.0,0.0,2.2,0.0,0.0,-28.4,13.5,0,0,10.9,1,1,13086,1,18608,22635,15495,22635,15070,2569,15070,13505,14344,13505,14058,19120,21447,2239,9573,12854,8263,8846,14171,17725,23200,23495,23621,2246,150,24239,1,16:29
2024-25,1628404,Josh Hart,Josh,1610612752,NYK,New York Knicks,0022400561,2025-01-15T00:00:00,NYK @ PHI,W,49.416666666666664,2.9,6.6,0.444,0.0,2.2,0.0,1.5,2.2,0.667,3.6,8.7,12.4,8.7,2.2,2.9,0.0,0.0,2.2,1.5,7.3,7.3,41.8,1,1,34.2,1,1,13086,1,6,19622,22051,13045,15070,19195,15070,11891,12132,9425,4136,3787,3206,2234,9570,3370,8263,8846,14167,15208,20494,8995,6719,1,1,10666,1,49:25
2024-25,1629750,Javonte Green,Javonte,1610612740,NOP,New Orleans Pelicans,0022400566,2025-01-15T00:00:00,NOP vs. DAL,W,26.983333333333334,5.3,9.3,0.571,4.0,6.7,0.6,2.7,2.7,1.0,1.3,8.0,9.3,1.3,1.3,1.3,0.0,1.3,5.3,1.3,17.3,10.7,33.2,0,0,34.7,1,1,13086,1,10349,13442,18219,6538,3993,9161,2992,8646,10817,1,11043,4699,6269,18551,13647,9278,8263,5478,3951,15748,10477,7381,12412,2246,150,10304,1,26:59
2024-25,1630700,Dyson Daniels,Dyson,1610612737,ATL,Atlanta Hawks,0022400563,2025-01-15T00:00:00,ATL @ CHI,W,33.71666666666667,7.5,17.1,0.438,1.1,4.3,0.25,3.2,7.5,0.429,5.3,3.2,8.5,3.2,2.1,3.2,1.1,1.1,1.1,4.3,19.2,9.6,45.0,0,0,40.6,1,1,13086,1,4521,7821,5712,13558,14144,14977,11902,7326,2926,13040,2056,16076,7412,12289,9805,2736,7005,7328,19287,5669,8633,7883,5206,2246,150,6460,1,33:43
2024-25,1629008,Michael Porter Jr.,Michael,1610612743,DEN,Denver Nuggets,0022400568,2025-01-15T00:00:00,DEN vs. HOU,L,23.683333333333334,3.0,6.1,0.5,0.0,3.0,0.0,6.1,10.6,0.571,1.5,3.0,4.6,0.0,3.0,0.0,1.5,0.0,3.0,6.1,12.2,-30.4,19.2,0,0,19.8,1,13222,1,13222,13161,19339,22527,8526,15070,17570,15070,2792,1133,10536,10234,16588,15897,19908,6314,12854,4777,8846,10535,2524,15969,23799,21574,2246,150,21003,1,23:41
2024-25,1627824,Guerschon Yabusele,Guerschon,1610612755,PHI,Philadelphia 76ers,0022400561,2025-01-15T00:00:00,PHI vs. NYK,L,38.25,3.8,7.5,0.5,0.9,3.8,0.25,0.0,0.0,0.0,3.8,0.9,4.7,5.6,1.9,0.0,0.0,0.0,3.8,0.9,8.5,-9.4,20.7,0,0,19.8,1,13222,1,13222,1245,17660,20886,8526,14829,16072,11902,13505,14344,13505,3942,22066,15540,6151,11146,12854,8263,8846,7864,17570,19537,17625,20836,2246,150,21001,1,38:15
2024-25,1630695,Micah Potter,Micah,1610612762,UTA,Utah Jazz,0022400569,2025-01-15T00:00:00,UTA vs. CHA,L,20.923333333333332,1.7,8.6,0.2,0.0,3.4,0.0,0.0,0.0,0.0,1.7,5.2,6.9,0.0,0.0,0.0,0.0,1.7,1.7,0.0,3.4,-22.4,11.7,0,0,10.3,1,13222,1,13222,15343,21874,19356,21401,15070,16788,15070,13505,14344,13505,9509,10389,10358,19908,16469,12854,8263,4094,16467,17725,22793,22185,24086,2246,150,24370,1,20:55
2024-25,203939,Dwight Powell,Dwight,1610612742,DAL,Dallas Mavericks,0022400566,2025-01-15T00:00:00,DAL @ NOP,L,3.5166666666666666,0.0,0.0,0.0,0.0,0.0,0.0,0.0,0.0,0.0,0.0,0.0,0.0,10.2,0.0,0.0,0.0,0.0,0.0,10.2,0.0,0.0,15.4,0,0,10.2,1,13222,1,13222,24700,22635,24836,22635,15070,20945,15070,13505,14344,13505,14058,22137,23286,1317,16469,12854,8263,8846,20257,375,23200,12240,23073,2246,150,24380,1,3:31
2024-25,1630558,Davion Mitchell,Davion,1610612761,TOR,Toronto Raptors,0022400562,2025-01-15T00:00:00,TOR vs. BOS,W,26.2,5.5,8.2,0.667,2.7,2.7,1.0,0.0,1.4,0.0,0.0,5.5,5.5,6.9,1.4,2.7,0.0,0.0,4.1,2.7,13.7,22.0,37.5,0,0,34.4,1,1,13086,1,11004,12981,19870,3281,7380,18163,1,13505,13627,13505,14058,9540,13543,4178,13433,3806,8263,8846,6760,10152,14234,3458,9335,2246,150,10565,1,26:12
2024-25,1630178,Tyrese Maxey,Tyrese,1610612755,PHI,Philadelphia 76ers,0022400561,2025-01-15T00:00:00,PHI vs. NYK,L,45.6,10.3,25.3,0.406,1.6,7.1,0.222,3.9,3.9,1.0,1.6,3.2,4.7,4.7,3.2,0.8,0.8,2.4,2.4,3.9,26.1,-7.1,40.4,0,0,40.3,1,13222,1,13222,42,2950,774,14930,11757,8247,13288,5803,7952,1,10002,16231,15471,8085,5953,12841,8252,2292,13356,6452,3655,16558,7507,2246,150,6639,1,45:36
2024-25,1630553,Keon Johnson,Keon,1610612751,BKN,Brooklyn Nets,0022400571,2025-01-15T00:00:00,BKN @ LAC,L,21.616666666666667,3.3,15.0,0.222,0.0,5.0,0.0,3.3,6.7,0.5,0.0,0.0,0.0,0.0,3.3,0.0,0.0,0.0,1.7,5.0,10.0,-58.3,6.7,0,0,10.0,1,13222,1,13222,14834,18681,8637,21205,15070,13214,15070,7046,3698,10625,14058,22137,23286,19908,5416,12854,8263,8846,16636,4123,18166,25638,24846,2246,150,24423,1,21:37
2024-25,1629726,Garrison Mathews,Garrison,1610612737,ATL,Atlanta Hawks,0022400563,2025-01-15T00:00:00,ATL @ CHI,W,21.733333333333334,0.0,11.6,0.0,0.0,9.9,0.0,5.0,5.0,1.0,0.0,1.7,1.7,3.3,0.0,0.0,0.0,1.7,1.7,1.7,5.0,-8.3,11.9,0,0,9.9,1,1,13086,1,14727,22635,14314,22635,15070,3569,15070,4089,5992,1,14058,20546,22357,11932,16469,12854,8263,4264,16677,14422,22028,17087,24021,2246,150,24439,1,21:44
2024-25,1628975,Jevon Carter,Jevon,1610612741,CHI,Chicago Bulls,0022400563,2025-01-15T00:00:00,CHI vs. ATL,L,4.266666666666667,0.0,16.9,0.0,0.0,8.4,0.0,0.0,0.0,0.0,0.0,0.0,0.0,0.0,8.4,0.0,0.0,0.0,8.4,0.0,0.0,42.2,-8.4,0,0,0.0,1,13222,1,13222,24349,22635,5941,22635,15070,5685,15070,13505,14344,13505,14058,22137,23286,19908,512,12854,8263,8846,1162,17725,23200,825,26207,2246,150,25259,1,4:16
2024-25,1631216,Caleb Houstan,Caleb,1610612753,ORL,Orlando Magic,0022400564,2025-01-15T00:00:00,ORL @ MIL,L,24.465,2.9,11.8,0.25,2.9,10.3,0.286,2.9,2.9,1.0,1.5,1.5,2.9,2.9,0.0,0.0,0.0,1.5,1.5,1.5,11.8,-35.3,19.7,0,0,20.6,1,13222,1,13222,12523,19547,13992,20233,6711,3153,11433,7971,10108,1,10426,20936,19872,13116,16469,12854,8263,4877,17339,15118,16374,24450,21300,2246,150,20518,1,24:28
2024-25,1630172,Patrick Williams,Patrick,1610612741,CHI,Chicago Bulls,0022400563,2025-01-15T00:00:00,CHI vs. ATL,L,24.533333333333335,5.9,11.7,0.5,2.9,4.4,0.667,0.0,0.0,0.0,0.0,2.9,2.9,0.0,0.0,0.0,0.0,1.5,0.0,0.0,14.7,-20.5,18.2,0,0,20.5,1,13222,1,13222,12449,11891,14039,8526,6744,14676,1957,13505,14344,13505,14058,16953,19901,19908,16469,12854,8263,4896,20257,17725,13221,21710,22005,2246,150,20552,1,24:32
2024-25,203500,Steven Adams,Steven,1610612745,HOU,Houston Rockets,0022400568,2025-01-15T00:00:00,HOU @ DEN,W,7.108333333333333,5.1,5.1,1.0,0.0,0.0,0.0,0.0,0.0,0.0,10.1,5.1,15.2,5.1,5.1,0.0,5.1,0.0,0.0,5.1,10.1,30.4,46.1,0,0,40.5,1,1,13086,1,23134,14198,23413,1,15070,20945,15070,13505,14344,13505,391,10682,1689,7323,2259,12854,499,8846,20257,3987,18022,1922,4712,2246,150,6491,1,7:07
2024-25,1630314,Brandon Williams,Brandon,1610612742,DAL,Dallas Mavericks,0022400566,2025-01-15T00:00:00,DAL @ NOP,L,5.283333333333333,0.0,20.4,0.0,0.0,6.8,0.0,0.0,0.0,0.0,0.0,0.0,0.0,0.0,6.8,0.0,0.0,6.8,0.0,0.0,0.0,6.8,-6.8,0,0,0.0,1,13222,1,13222,23869,22635,2670,22635,15070,8870,15070,13505,14344,13505,14058,22137,23286,19908,975,12854,8263,167,20257,17725,23200,9227,26190,2246,150,25259,1,5:17
2024-25,1629659,Talen Horton-Tucker,Talen,1610612741,CHI,Chicago Bulls,0022400563,2025-01-15T00:00:00,CHI vs. ATL,L,3.3833333333333333,0.0,10.6,0.0,0.0,10.6,0.0,0.0,0.0,0.0,0.0,0.0,0.0,0.0,10.6,0.0,0.0,0.0,0.0,0.0,0.0,-53.2,-10.6,0,0,0.0,1,13222,1,13222,24777,22635,15978,22635,15070,2836,15070,13505,14344,13505,14058,22137,23286,19908,280,12854,8263,8846,20257,17725,23200,25516,26229,2246,150,25259,1,3:23
2024-25,1629003,Shake Milton,Shake,1610612747,LAL,Los Angeles Lakers,0022400570,2025-01-15T00:00:00,LAL vs. MIA,W,5.683333333333334,0.0,12.7,0.0,0.0,6.3,0.0,0.0,0.0,0.0,0.0,0.0,0.0,0.0,0.0,0.0,0.0,0.0,6.3,0.0,0.0,-50.7,0.0,0,0,0.0,1,1,13086,1,23709,22635,12441,22635,15070,9902,15070,13505,14344,13505,14058,22137,23286,19908,16469,12854,8263,8846,2560,17725,23200,25422,25228,2246,150,25259,1,5:41
2024-25,204001,Kristaps Porziņģis,Kristaps,1610612738,BOS,Boston Celtics,0022400562,2025-01-15T00:00:00,BOS @ TOR,L,34.763333333333335,7.2,11.4,0.636,4.1,5.2,0.8,0.0,2.1,0.0,1.0,7.2,8.3,3.1,3.1,1.0,2.1,0.0,3.1,3.1,18.6,-17.6,39.5,0,0,40.4,1,13222,1,13222,3649,8337,14677,4689,3684,12755,1389,13505,12512,13505,12977,5908,7793,12591,6104,11631,3282,8846,10252,8868,9170,20809,8099,2246,150,6555,1,34:46
2024-25,1641730,Noah Clowney,Noah,1610612751,BKN,Brooklyn Nets,0022400571,2025-01-15T00:00:00,BKN @ LAC,L,22.166666666666668,1.6,9.7,0.167,0.0,6.5,0.0,3.2,3.2,1.0,1.6,1.6,3.2,0.0,3.2,0.0,0.0,0.0,3.2,1.6,6.5,-71.5,7.1,0,0,9.7,1,13222,1,13222,14372,22000,17481,21938,15070,9554,15070,7205,9418,1,9826,20622,19111,19908,5663,12854,8263,8846,9653,14544,21048,25905,24807,2246,150,24479,1,22:10
2024-25,1628988,Aaron Holiday,Aaron,1610612745,HOU,Houston Rockets,0022400568,2025-01-15T00:00:00,HOU @ DEN,W,7.5,0.0,4.8,0.0,0.0,4.8,0.0,0.0,0.0,0.0,0.0,0.0,0.0,9.6,0.0,4.8,0.0,0.0,4.8,4.8,0.0,-9.6,28.8,0,0,19.2,1,1,13086,1,22999,22635,23605,22635,15070,13705,15070,13505,14344,13505,14058,22137,23286,1640,16469,1025,8263,8846,5056,4500,23200,17719,15629,2246,150,21289,1,7:30
2024-25,1642348,Justin Edwards,Justin,1610612755,PHI,Philadelphia 76ers,0022400561,2025-01-15T00:00:00,PHI vs. NYK,L,35.29833333333333,4.1,6.1,0.667,2.0,4.1,0.5,0.0,0.0,0.0,1.0,1.0,2.0,3.1,0.0,1.0,0.0,0.0,3.1,0.0,10.2,1.0,20.3,0,0,19.4,1,13222,1,13222,3249,16894,22495,3281,9962,15399,3944,13505,14344,13505,13092,21934,21719,12723,16469,11761,8263,8846,10433,17725,17956,12141,21028,2246,150,21218,1,35:18
2024-25,1629216,Gabe Vincent,Gabe,1610612747,LAL,Los Angeles Lakers,0022400570,2025-01-15T00:00:00,LAL vs. MIA,W,25.933333333333334,8.3,12.5,0.667,2.8,6.9,0.4,0.0,0.0,0.0,0.0,1.4,1.4,5.6,0.0,1.4,1.4,0.0,4.2,0.0,19.4,0.0,37.8,0,0,34.7,1,1,13086,1,11215,5925,12739,3281,7295,8591,7874,13505,14344,13505,14058,21108,22712,6335,16469,8970,5278,8846,6654,17725,8434,12240,9188,2246,150,10294,1,25:56
2024-25,1630182,Josh Green,Josh,1610612766,CHA,Charlotte Hornets,0022400569,2025-01-15T00:00:00,CHA @ UTA,W,22.11,1.6,3.3,0.5,1.6,3.3,0.5,0.0,0.0,0.0,1.6,3.3,4.9,1.6,0.0,0.0,0.0,0.0,1.6,0.0,4.9,17.9,13.2,0,0,13.0,1,1,13086,1,14413,21996,24407,8526,11605,17162,3944,13505,14344,13505,9819,15916,15101,17580,16469,12854,8263,8846,16786,17725,22073,4587,23721,2246,150,23705,1,22:07
2024-25,203552,Seth Curry,Seth,1610612766,CHA,Charlotte Hornets,0022400569,2025-01-15T00:00:00,CHA @ UTA,W,0.016666666666666666,0.0,0.0,0.0,0.0,0.0,0.0,0.0,0.0,0.0,0.0,0.0,0.0,0.0,0.0,0.0,0.0,0.0,0.0,0.0,0.0,0.0,0.0,0,0,0.0,1,1,13086,1,26296,22635,24836,22635,15070,20945,15070,13505,14344,13505,14058,22137,23286,19908,16469,12854,8263,8846,20257,17725,23200,12240,25228,2246,150,25259,1,0:01
2024-25,201572,Brook Lopez,Brook,1610612749,MIL,Milwaukee Bucks,0022400564,2025-01-15T00:00:00,MIL vs. ORL,W,31.2,5.8,8.1,0.714,0.0,1.2,0.0,3.5,3.5,1.0,0.0,5.8,5.8,2.3,1.2,0.0,5.8,0.0,5.8,4.6,15.0,18.5,41.5,0,0,34.6,1,1,13086,1,6701,12204,20128,2752,15070,20678,15070,6772,8960,1,14058,8860,12842,15206,14769,12854,349,8846,3279,4907,12895,4418,6865,2246,150,10357,1,31:12
2024-25,1631213,Tyrese Martin,Tyrese,1610612751,BKN,Brooklyn Nets,0022400571,2025-01-15T00:00:00,BKN @ LAC,L,36.93333333333333,2.9,15.6,0.188,1.9,7.8,0.25,0.0,0.0,0.0,2.9,1.0,3.9,3.9,3.9,1.0,0.0,0.0,2.9,0.0,7.8,-54.6,17.4,0,0,19.5,1,13222,1,13222,2028,19594,7699,21885,10398,6797,11902,13505,14344,13505,5528,22011,17570,10227,4091,12172,8263,8846,11068,17725,20086,25558,22352,2246,150,21151,1,36:56
2024-25,201587,Nicolas Batum,Nicolas,1610612746,LAC,LA Clippers,0022400571,2025-01-15T00:00:00,LAC vs. BKN,W,17.05,0.0,6.3,0.0,0.0,6.3,0.0,0.0,0.0,0.0,2.1,4.2,6.3,2.1,0.0,2.1,0.0,0.0,2.1,0.0,0.0,27.4,17.1,0,0,12.7,1,1,13086,1,18224,22635,22285,22635,15070,9902,15070,13505,14344,13505,7915,13050,11531,15961,16469,5734,8263,8846,14558,17725,23200,2351,22446,2246,150,23816,1,17:03
2024-25,1641737,Adem Bona,Adem,1610612755,PHI,Philadelphia 76ers,0022400561,2025-01-15T00:00:00,PHI vs. NYK,L,14.75,2.4,2.4,1.0,0.0,0.0,0.0,0.0,0.0,0.0,7.3,7.3,14.6,0.0,2.4,0.0,0.0,0.0,7.3,0.0,4.9,9.8,20.0,0,0,19.5,1,13222,1,13222,19733,20573,24662,1,15070,20945,15070,13505,14344,13505,1016,5802,1936,19908,8487,12854,8263,8846,1761,17725,22076,7813,21159,2246,150,21137,1,14:45
2024-25,1641757,Jordan Miller,Jordan,1610612746,LAC,LA Clippers,0022400571,2025-01-15T00:00:00,LAC vs. BKN,W,14.35,0.0,5.0,0.0,0.0,0.0,0.0,5.0,7.5,0.667,0.0,2.5,2.5,0.0,2.5,2.5,0.0,2.5,0.0,2.5,5.0,25.1,13.0,0,0,12.5,1,1,13086,1,19976,22635,23450,22635,15070,20945,15070,4008,2875,9425,14058,18163,20797,19908,8212,4361,8263,2030,20257,10961,21996,2794,23755,2246,150,23861,1,14:21
2024-25,1629638,Nickeil Alexander-Walker,Nickeil,1610612750,MIN,Minnesota Timberwolves,0022400565,2025-01-15T00:00:00,MIN vs. GSW,L,20.29,1.8,5.3,0.333,1.8,1.8,1.0,3.5,3.5,1.0,0.0,1.8,1.8,0.0,1.8,0.0,0.0,0.0,3.5,3.5,8.9,10.6,9.2,0,0,12.4,1,13222,1,13222,15793,21793,23240,17395,11174,19955,1,6605,8793,1,14058,20309,22199,19908,11653,12854,8263,8846,8611,7535,19199,7397,24538,2246,150,23892,1,20:17
2024-25,1628467,Maxi Kleber,Maxi,1610612742,DAL,Dallas Mavericks,0022400566,2025-01-15T00:00:00,DAL @ NOP,L,14.495,0.0,0.0,0.0,0.0,0.0,0.0,0.0,0.0,0.0,0.0,0.0,0.0,2.5,2.5,2.5,2.5,0.0,7.5,0.0,0.0,5.0,16.1,0,0,12.4,1,13222,1,13222,19885,22635,24836,22635,15070,20945,15070,13505,14344,13505,14058,22137,23286,14600,8316,4429,2409,8846,1674,17725,23200,10133,22793,2246,150,23893,1,14:30
2024-25,1641824,Matas Buzelis,Matas,1610612741,CHI,Chicago Bulls,0022400563,2025-01-15T00:00:00,CHI vs. ATL,L,17.483333333333334,8.2,16.5,0.5,0.0,6.2,0.0,0.0,0.0,0.0,0.0,10.3,10.3,0.0,0.0,0.0,4.1,2.1,2.1,0.0,16.5,-37.1,41.2,0,0,35.0,1,13222,1,13222,17940,6123,6464,8526,15070,10245,15070,13505,14344,13505,14058,2354,5122,19908,16469,12854,856,3026,14816,17725,11417,24621,7060,2246,150,10091,1,17:29
2024-25,1642377,Jaylen Wells,Jaylen,1610612763,MEM,Memphis Grizzlies,0022400567,2025-01-15T00:00:00,MEM @ SAS,W,21.393333333333334,1.7,11.8,0.143,1.7,8.4,0.2,3.4,3.4,1.0,0.0,1.7,1.7,0.0,0.0,0.0,0.0,1.7,5.0,1.7,8.4,8.4,10.4,0,0,11.8,1,1,13086,1,15000,21918,13978,22260,11454,5720,13429,6974,9172,1,14058,20501,22325,19908,16469,12854,8263,4192,4503,14333,19589,8432,24349,2246,150,24040,1,21:24
2024-25,101108,Chris Paul,Chris,1610612759,SAS,San Antonio Spurs,0022400567,2025-01-15T00:00:00,SAS vs. MEM,L,34.9,3.1,6.2,0.5,1.0,4.1,0.25,1.0,1.0,1.0,0.0,5.2,5.2,5.2,4.1,0.0,0.0,0.0,5.2,2.1,8.3,-6.2,18.1,0,0,19.6,1,13222,1,13222,3538,19211,22433,8526,14354,15283,11902,13138,14170,1,14058,10399,14378,7118,3616,12854,8263,8846,4270,12789,19696,16149,22071,2246,150,21094,1,34:54
2024-25,1630531,Jaden Springer,Jaden,1610612738,BOS,Boston Celtics,0022400562,2025-01-15T00:00:00,BOS @ TOR,L,1.3866666666666667,0.0,0.0,0.0,0.0,0.0,0.0,0.0,51.9,0.0,0.0,0.0,0.0,0.0,0.0,0.0,0.0,0.0,0.0,26.0,0.0,26.0,0.0,0,0,0.0,1,13222,1,13222,25874,22635,24836,22635,15070,20945,15070,13505,13,13505,14058,22137,23286,19908,16469,12854,8263,8846,20257,17,23200,2622,25228,2246,150,25259,1,1:23
2024-25,1629618,Jalen Pickett,Jalen,1610612743,DEN,Denver Nuggets,0022400568,2025-01-15T00:00:00,DEN vs. HOU,L,18.366666666666667,2.0,5.9,0.333,0.0,2.0,0.0,0.0,0.0,0.0,0.0,2.0,2.0,9.8,0.0,2.0,0.0,0.0,0.0,0.0,3.9,-5.9,26.9,0,0,19.6,1,13222,1,13222,17303,21476,22728,17395,15070,19629,15070,13505,14344,13505,14058,19794,21887,1538,16469,6454,8263,8846,20257,17725,22586,16010,17054,2246,150,21091,1,18:22
2024-25,201144,Mike Conley,Mike,1610612750,MIN,Minnesota Timberwolves,0022400565,2025-01-15T00:00:00,MIN vs. GSW,L,18.516666666666666,0.0,5.8,0.0,0.0,3.9,0.0,1.9,3.9,0.5,0.0,0.0,0.0,5.8,0.0,0.0,1.9,1.9,1.9,3.9,1.9,-5.8,16.5,0,0,11.7,1,13222,1,13222,17179,22635,22780,22635,15070,15823,15070,10822,8055,10625,14058,22137,23286,5789,16469,12854,3642,3405,15438,6600,23159,15993,22654,2246,150,24068,1,18:31
2024-25,1629130,Duncan Robinson,Duncan,1610612748,MIA,Miami Heat,0022400570,2025-01-15T00:00:00,MIA @ LAL,L,22.016666666666666,3.3,11.4,0.286,0.0,6.5,0.0,4.9,4.9,1.0,0.0,3.3,3.3,1.6,3.3,0.0,1.6,0.0,3.3,3.3,11.4,4.9,19.5,0,0,19.6,1,13222,1,13222,14487,18828,14582,19630,15070,9450,15070,4184,6105,1,14058,15881,19061,17550,5597,12854,4466,8846,9567,8344,16736,10157,21428,2246,150,21083,1,22:01
2024-25,1641783,Tristan da Silva,Tristan,1610612753,ORL,Orlando Magic,0022400564,2025-01-15T00:00:00,ORL @ MIL,L,22.066666666666666,0.0,6.5,0.0,0.0,4.9,0.0,0.0,0.0,0.0,4.9,1.6,6.5,1.6,0.0,1.6,0.0,0.0,3.3,0.0,0.0,-16.3,15.2,0,0,11.4,1,13222,1,13222,14445,22635,22077,22635,15070,13453,15070,13505,14344,13505,2465,20601,11111,17565,16469,7882,8263,8846,9599,17725,23200,20382,23123,2246,150,24128,1,22:04
2024-25,1631342,Daeqwon Plowden,Daeqwon,1610612737,ATL,Atlanta Hawks,0022400563,2025-01-15T00:00:00,ATL @ CHI,W,25.25,10.0,11.4,0.875,7.1,8.6,0.833,0.0,0.0,0.0,4.3,1.4,5.7,0.0,1.4,0.0,0.0,0.0,5.7,0.0,27.1,12.8,32.5,0,0,39.9,1,1,13086,1,11782,3244,14646,1353,719,5490,1341,13505,14344,13505,3196,21034,13010,19908,13133,12854,8263,8846,3388,17725,3166,6457,12946,2246,150,6822,1,25:15
2024-25,1642263,Reed Sheppard,Reed,1610612745,HOU,Houston Rockets,0022400568,2025-01-15T00:00:00,HOU @ DEN,W,6.25,0.0,17.3,0.0,0.0,11.5,0.0,0.0,0.0,0.0,0.0,5.8,5.8,5.8,5.8,0.0,0.0,0.0,0.0,0.0,0.0,0.0,9.8,0,0,11.5,1,1,13086,1,23477,22635,5472,22635,15070,2086,15070,13505,14344,13505,14058,8882,12868,5928,1598,12854,8263,8846,20257,17725,23200,12240,24453,2246,150,24107,1,6:15
2024-25,1626171,Bobby Portis,Bobby,1610612749,MIL,Milwaukee Bucks,0022400564,2025-01-15T00:00:00,MIL vs. ORL,W,23.45,6.1,9.2,0.667,3.1,4.6,0.667,6.1,6.1,1.0,1.5,10.7,12.3,0.0,3.1,0.0,1.5,0.0,4.6,4.6,21.5,24.6,37.8,0,0,39.9,1,1,13086,1,13346,11115,18385,3281,6294,14182,1957,2738,4297,1,10171,2045,3282,19908,6225,12854,4733,8846,5524,4926,6641,2909,9183,2246,150,6827,1,23:27
2024-25,1630533,Ziaire Williams,Ziaire,1610612751,BKN,Brooklyn Nets,0022400571,2025-01-15T00:00:00,BKN @ LAC,L,21.333333333333332,3.4,6.8,0.5,0.0,1.7,0.0,0.0,1.7,0.0,0.0,6.8,6.8,0.0,5.1,3.4,0.0,0.0,3.4,3.4,6.8,-64.1,19.9,0,0,20.3,1,13222,1,13222,15046,18594,21831,8526,15070,20061,15070,13505,13306,13505,14058,6787,10634,19908,2263,2433,8263,8846,9166,8031,20892,25772,21206,2246,150,20725,1,21:20
2024-25,1628964,Mo Bamba,Mo,1610612746,LAC,LA Clippers,0022400571,2025-01-15T00:00:00,LAC vs. BKN,W,17.583333333333332,4.1,10.2,0.4,2.0,8.2,0.25,4.1,4.1,1.0,2.0,12.3,14.3,2.0,2.0,0.0,0.0,0.0,8.2,2.0,14.3,14.3,32.6,0,0,32.8,1,1,13086,1,17865,16857,16668,14933,9924,6097,11902,5531,7639,1,8175,1238,2090,16199,10275,12854,8263,8846,1274,12849,13572,5883,12913,2246,150,11832,1,17:35
2024-25,1630590,Scotty Pippen Jr.,Scotty,1610612763,MEM,Memphis Grizzlies,0022400567,2025-01-15T00:00:00,MEM @ SAS,W,19.17,1.9,5.6,0.333,0.0,1.9,0.0,1.9,7.5,0.25,1.9,5.6,7.5,9.4,0.0,1.9,0.0,1.9,1.9,7.5,5.6,1.9,34.4,0,0,26.3,1,1,13086,1,16702,21617,22964,17395,15070,19778,15070,11018,2898,13358,8907,9211,9150,1766,16469,6868,8263,3635,15799,1322,21641,11698,11542,2246,150,16723,1,19:10
2024-25,1630530,Trey Murphy III,Trey,1610612740,NOP,New Orleans Pelicans,0022400566,2025-01-15T00:00:00,NOP vs. DAL,W,38.416666666666664,6.6,16.9,0.389,1.9,5.6,0.333,7.5,7.5,1.0,5.6,3.7,9.4,3.7,1.9,0.9,2.8,0.9,1.9,6.6,22.5,12.2,48.7,1,0,45.0,1,1,13086,1,1155,10039,5960,16009,10754,11653,9209,1668,2914,1,1867,14473,6229,10650,11189,12458,1939,8438,15816,2022,5855,6720,3729,1,150,4282,1,38:25
2024-25,1626192,Pat Connaughton,Pat,1610612749,MIL,Milwaukee Bucks,0022400564,2025-01-15T00:00:00,MIL vs. ORL,W,11.333333333333334,3.2,6.4,0.5,0.0,0.0,0.0,3.2,6.4,0.5,0.0,3.2,3.2,3.2,3.2,0.0,0.0,0.0,3.2,3.2,9.5,-6.4,14.9,0,0,15.9,1,1,13086,1,21566,19042,22263,8526,15070,20945,15070,7381,4061,10625,14058,16169,19293,12398,5886,12854,8263,8846,9965,8641,18605,16223,23205,2246,150,22761,1,11:20
2024-25,1628371,Jonathan Isaac,Jonathan,1610612753,ORL,Orlando Magic,0022400564,2025-01-15T00:00:00,ORL @ MIL,L,15.366666666666667,9.4,18.7,0.5,0.0,7.0,0.0,2.3,4.7,0.5,2.3,4.7,7.0,0.0,0.0,4.7,0.0,0.0,2.3,7.0,21.1,-42.2,43.6,0,0,37.5,1,13222,1,13222,19327,4079,3977,8526,15070,8406,15070,9473,6503,10625,7110,11744,10102,19908,16469,1095,8263,8846,13468,1642,7018,24995,5863,2246,150,8374,1,15:22
2024-25,1628449,Chris Boucher,Chris,1610612761,TOR,Toronto Raptors,0022400562,2025-01-15T00:00:00,TOR vs. BOS,W,16.52,4.4,15.3,0.286,2.2,8.7,0.25,0.0,0.0,0.0,2.2,17.4,19.6,0.0,2.2,0.0,0.0,2.2,4.4,2.2,10.9,28.3,32.3,0,0,32.7,1,1,13086,1,18594,16178,8172,19630,9318,5241,11902,13505,14344,13505,7658,299,585,19908,9602,12854,8263,2691,6124,12250,17269,2206,13126,2246,150,11886,1,16:31
2024-25,1628389,Bam Adebayo,Bam,1610612748,MIA,Miami Heat,0022400570,2025-01-15T00:00:00,MIA @ LAL,L,31.016666666666666,3.5,8.1,0.429,1.2,3.5,0.333,3.5,4.6,0.75,0.0,4.6,4.6,5.8,3.5,1.2,0.0,0.0,3.5,3.5,11.6,-11.6,25.9,0,0,25.5,1,13222,1,13222,6865,18364,20048,13735,13592,16690,9209,6734,6592,8186,14058,11877,15722,5849,5053,10501,8263,8846,8796,7710,16561,18575,17692,2246,150,17258,1,31:01
2024-25,203967,Dario Šarić,Dario,1610612743,DEN,Denver Nuggets,0022400568,2025-01-15T00:00:00,DEN vs. HOU,L,18.866666666666667,5.7,7.6,0.75,0.0,0.0,0.0,3.8,7.6,0.5,1.9,5.7,7.6,9.5,0.0,0.0,0.0,0.0,1.9,7.6,15.3,-3.8,38.7,0,0,32.4,1,13222,1,13222,16929,12342,20736,2107,15070,20945,15070,6045,2789,10625,8782,8984,8906,1682,16469,12854,8263,8846,15627,1234,12639,14961,8573,2246,150,12032,1,18:52
2024-25,1628991,Jaren Jackson Jr.,Jaren,1610612763,MEM,Memphis Grizzlies,0022400567,2025-01-15T00:00:00,MEM @ SAS,W,30.91,9.3,28.0,0.333,2.3,9.3,0.25,1.2,2.3,0.5,2.3,4.7,7.0,2.3,2.3,0.0,2.3,3.5,4.7,2.3,22.1,1.2,38.7,0,0,38.4,1,1,13086,1,6956,4175,400,17395,8742,4360,11902,12710,11694,10625,7152,11830,10164,15122,8949,12854,2689,918,5384,11632,6114,12039,8616,2246,150,7743,1,30:55
2024-25,1630175,Cole Anthony,Cole,1610612753,ORL,Orlando Magic,0022400564,2025-01-15T00:00:00,ORL @ MIL,L,27.366666666666667,6.6,17.1,0.385,1.3,6.6,0.2,0.0,0.0,0.0,1.3,3.9,5.3,11.8,2.6,0.0,0.0,1.3,7.9,0.0,14.5,-10.5,35.9,0,0,32.9,1,13222,1,13222,10046,9993,5699,16070,12802,9367,13429,13505,14344,13505,11125,13884,14129,755,7763,12854,8263,5575,1410,17725,13444,18116,10420,2246,150,11738,1,27:22
2024-25,1642419,Jamison Battle,Jamison,1610612761,TOR,Toronto Raptors,0022400562,2025-01-15T00:00:00,TOR vs. BOS,W,4.1,0.0,17.6,0.0,0.0,17.6,0.0,0.0,0.0,0.0,0.0,17.6,17.6,8.8,0.0,0.0,0.0,0.0,0.0,0.0,0.0,35.1,34.2,0,0,26.3,1,1,13086,1,24435,22635,5182,22635,15070,371,15070,13505,14344,13505,14058,286,999,2195,16469,12854,8263,8846,20257,17725,23200,1383,11618,2246,150,16671,1,4:06
2024-25,1630534,Ochai Agbaji,Ochai,1610612761,TOR,Toronto Raptors,0022400562,2025-01-15T00:00:00,TOR vs. BOS,W,12.31,5.8,14.6,0.4,2.9,8.8,0.333,0.0,0.0,0.0,2.9,8.8,11.7,2.9,0.0,0.0,0.0,5.8,2.9,0.0,14.6,-26.3,33.0,0,0,32.2,1,1,13086,1,21097,11956,9172,14933,6780,5149,9209,13505,14344,13505,5527,3755,3757,13188,16469,12854,8263,230,11067,17725,13277,23091,12557,2246,150,12249,1,12:19
2024-25,1630163,LaMelo Ball,LaMelo,1610612766,CHA,Charlotte Hornets,0022400569,2025-01-15T00:00:00,CHA @ UTA,W,39.04,10.1,19.4,0.524,1.8,8.3,0.222,2.8,2.8,1.0,0.0,5.5,5.5,8.3,5.5,0.0,2.8,0.9,3.7,3.7,24.9,14.8,46.8,0,0,46.1,1,1,13086,1,871,3064,3450,8439,10901,5915,13288,8419,10569,1,14058,9449,13461,2616,1785,12854,2001,8544,8128,7158,4258,5720,4423,2246,150,3780,1,39:02
2024-25,1628976,Wendell Carter Jr.,Wendell,1610612753,ORL,Orlando Magic,0022400564,2025-01-15T00:00:00,ORL @ MIL,L,32.63333333333333,3.3,13.2,0.25,2.2,4.4,0.5,4.4,5.5,0.8,3.3,7.7,11.0,1.1,0.0,2.2,0.0,1.1,4.4,5.5,13.2,-12.1,34.7,1,0,32.0,1,13222,1,13222,5451,18732,11415,20233,9218,14647,3944,4968,5169,7681,4728,5125,4384,19342,16469,5368,8263,7017,5988,3315,14829,18787,11248,1,150,12396,1,32:38
2024-25,1630214,Xavier Tillman,Xavier,1610612738,BOS,Boston Celtics,0022400562,2025-01-15T00:00:00,BOS @ TOR,L,1.3666666666666667,0.0,0.0,0.0,0.0,0.0,0.0,0.0,0.0,0.0,0.0,26.3,26.3,0.0,0.0,0.0,0.0,0.0,0.0,0.0,0.0,26.3,31.6,0,0,26.3,1,13222,1,13222,25879,22635,24836,22635,15070,20945,15070,13505,14344,13505,14058,65,157,19908,16469,12854,8263,8846,20257,17725,23200,2543,13601,2246,150,16678,1,1:22
2024-25,1629651,Nic Claxton,Nic,1610612751,BKN,Brooklyn Nets,0022400571,2025-01-15T00:00:00,BKN @ LAC,L,16.583333333333332,2.2,15.2,0.143,0.0,0.0,0.0,0.0,4.3,0.0,4.3,6.5,10.9,4.3,0.0,4.3,2.2,2.2,0.0,2.2,4.3,-89.0,43.4,0,0,32.6,1,13222,1,13222,18538,21095,8261,22260,15070,20945,15070,13505,7127,13505,3117,7275,4543,9030,16469,1345,3013,2713,20257,12290,22377,26078,5926,2246,150,11961,1,16:35
2024-25,203952,Andrew Wiggins,Andrew,1610612744,GSW,Golden State Warriors,0022400565,2025-01-15T00:00:00,GSW @ MIN,W,35.4,6.1,16.3,0.375,2.0,8.1,0.25,10.2,12.2,0.833,2.0,3.1,5.1,2.0,3.1,2.0,0.0,2.0,2.0,7.1,24.4,-5.1,36.6,0,0,37.6,1,1,13086,1,3147,11218,6726,16299,9991,6205,11902,657,719,7275,8235,16552,14563,16248,6282,6089,8263,3114,14948,1567,4544,15640,9948,2246,150,8269,1,35:24
2024-25,1630243,Trevelin Queen,Trevelin,1610612753,ORL,Orlando Magic,0022400564,2025-01-15T00:00:00,ORL @ MIL,L,27.566666666666666,6.5,14.4,0.455,3.9,7.8,0.5,0.0,0.0,0.0,0.0,2.6,2.6,3.9,1.3,5.2,0.0,2.6,2.6,0.0,17.0,-18.3,40.4,0,0,37.9,1,13222,1,13222,9899,10113,9586,12676,4168,6742,3944,13505,14344,13505,14058,17920,20619,10178,13775,777,8263,1860,12381,17725,10869,21011,7538,2246,150,8114,1,27:34
2024-25,1629632,Coby White,Coby,1610612741,CHI,Chicago Bulls,0022400563,2025-01-15T00:00:00,CHI vs. ATL,L,32.53333333333333,5.5,15.5,0.357,1.1,7.7,0.143,5.5,5.5,1.0,0.0,2.2,2.2,6.6,3.3,1.1,1.1,0.0,2.2,3.3,17.7,-13.3,33.6,0,0,32.1,1,13222,1,13222,5529,12900,7832,17140,13909,6908,14649,3381,5144,1,14058,19035,21386,4519,5457,10966,6750,8846,14042,8198,10124,19219,12080,2246,150,12308,1,32:32
2024-25,1630245,Ayo Dosunmu,Ayo,1610612741,CHI,Chicago Bulls,0022400563,2025-01-15T00:00:00,CHI vs. ATL,L,25.116666666666667,5.7,10.0,0.571,0.0,1.4,0.0,1.4,1.4,1.0,1.4,2.9,4.3,2.9,1.4,2.9,0.0,0.0,1.4,1.4,12.9,17.2,29.5,0,0,25.8,1,13222,1,13222,11895,12319,16989,6538,15070,20342,15070,11944,13558,1,10604,17190,16532,13387,13089,3493,8263,8846,17500,15310,15202,4840,15125,2246,150,17072,1,25:07
2024-25,1630649,Stanley Umude,Stanley,1610612749,MIL,Milwaukee Bucks,0022400564,2025-01-15T00:00:00,MIL vs. ORL,W,2.2333333333333334,0.0,0.0,0.0,0.0,0.0,0.0,0.0,0.0,0.0,0.0,0.0,0.0,0.0,0.0,0.0,16.1,0.0,0.0,0.0,0.0,-16.1,48.4,0,0,32.2,1,1,13086,1,25338,22635,24836,22635,15070,20945,15070,13505,14344,13505,14058,22137,23286,19908,16469,12854,19,8846,20257,17725,23200,20290,3860,2246,150,12176,1,2:14
2024-25,1628369,Jayson Tatum,Jayson,1610612738,BOS,Boston Celtics,0022400562,2025-01-15T00:00:00,BOS @ TOR,L,36.2,5.0,14.9,0.333,3.0,9.0,0.333,3.0,5.0,0.6,1.0,9.0,9.9,7.0,1.0,0.0,1.0,1.0,2.0,3.0,15.9,-1.0,40.3,1,0,37.8,1,13222,1,13222,2532,14477,8726,17395,6578,4900,9209,7857,5981,10343,13308,3564,5498,4050,15889,12854,7511,7975,15212,9320,12008,13536,7588,1,150,8176,1,36:12
2024-25,1630170,Devin Vassell,Devin,1610612759,SAS,San Antonio Spurs,0022400567,2025-01-15T00:00:00,SAS vs. MEM,L,33.85,7.4,13.8,0.538,3.2,6.4,0.5,4.3,7.4,0.571,1.1,4.3,5.3,3.2,2.1,2.1,0.0,0.0,2.1,4.3,22.3,-18.1,37.8,0,0,38.3,1,13222,1,13222,4399,7908,10453,7978,5976,9798,3944,5250,2960,10536,12766,12955,13996,12355,9867,5671,8263,8846,14479,5714,5981,20956,9189,2246,150,7833,1,33:51
2024-25,203076,Anthony Davis,Anthony,1610612747,LAL,Los Angeles Lakers,0022400570,2025-01-15T00:00:00,LAL vs. MIA,W,36.63333333333333,9.8,20.6,0.476,1.0,2.9,0.333,1.0,2.0,0.5,2.0,8.8,10.8,3.9,1.0,2.0,2.0,1.0,0.0,2.0,21.6,6.9,51.3,1,0,45.2,1,1,13086,1,2264,3431,2549,12010,14638,17759,9209,13281,12815,10625,8544,3672,4587,10130,15955,6416,3580,8064,20257,13238,6530,9195,2898,1,150,4153,1,36:38
2024-25,1627759,Jaylen Brown,Jaylen,1610612738,BOS,Boston Celtics,0022400562,2025-01-15T00:00:00,BOS @ TOR,L,32.63333333333333,4.4,17.7,0.25,1.1,1.1,1.0,1.1,2.2,0.5,2.2,5.5,7.7,4.4,2.2,1.1,0.0,3.3,3.3,4.4,11.0,-25.4,28.0,0,0,26.5,1,13222,1,13222,5451,16031,5069,20233,13925,20742,1,12903,12068,10625,7565,9484,8770,8843,9485,10994,8263,1058,9422,5313,17156,22882,16216,2246,150,16560,1,32:38
2024-25,1629628,RJ Barrett,RJ,1610612761,TOR,Toronto Raptors,0022400562,2025-01-15T00:00:00,TOR vs. BOS,W,35.666666666666664,10.1,18.2,0.556,1.0,5.0,0.2,1.0,4.0,0.25,2.0,8.1,10.1,8.1,2.0,1.0,1.0,2.0,2.0,4.0,22.2,8.1,50.5,1,0,45.4,1,1,13086,1,2928,3115,4484,7248,14492,13081,13429,13215,7765,13358,8301,4601,5335,2813,10433,11869,7420,3165,15035,6215,6072,8599,3137,1,150,4064,1,35:40
2024-25,1642347,Jamal Shead,Jamal,1610612761,TOR,Toronto Raptors,0022400562,2025-01-15T00:00:00,TOR vs. BOS,W,15.263333333333334,7.1,14.2,0.5,4.7,9.4,0.5,0.0,0.0,0.0,0.0,0.0,0.0,2.4,7.1,0.0,0.0,2.4,4.7,0.0,18.9,4.7,15.3,0,0,25.9,1,1,13086,1,19404,8750,9925,8526,2704,4206,3944,13505,14344,13505,14058,22137,23286,15021,857,12854,8263,2315,5244,17725,8975,10273,23081,2246,150,16983,1,15:16
2024-25,1627826,Ivica Zubac,Ivica,1610612746,LAC,LA Clippers,0022400571,2025-01-15T00:00:00,LAC vs. BKN,W,22.05,6.5,9.8,0.667,0.0,0.0,0.0,4.9,4.9,1.0,4.9,9.8,14.7,6.5,3.3,1.6,1.6,0.0,3.3,3.3,18.0,78.4,51.9,0,0,45.7,1,1,13086,1,14461,10110,17403,3281,15070,20945,15070,4196,6120,1,2461,2729,1913,4661,5620,7878,4473,8846,9595,8367,9884,177,2720,2246,150,3926,1,22:03
2024-25,1641741,Ricky Council IV,Ricky,1610612755,PHI,Philadelphia 76ers,0022400561,2025-01-15T00:00:00,PHI vs. NYK,L,6.716666666666667,5.4,10.7,0.5,0.0,0.0,0.0,0.0,0.0,0.0,0.0,5.4,5.4,0.0,0.0,0.0,0.0,0.0,0.0,0.0,10.7,-32.2,17.2,0,0,16.1,1,13222,1,13222,23275,13367,15851,8526,15070,20945,15070,13505,14344,13505,14058,9871,13893,19908,16469,12854,8263,8846,20257,17725,17453,24053,22429,2246,150,22674,1,6:43
2024-25,1641748,Andre Jackson Jr.,Andre,1610612749,MIL,Milwaukee Bucks,0022400564,2025-01-15T00:00:00,MIL vs. ORL,W,15.078333333333333,0.0,2.4,0.0,0.0,0.0,0.0,0.0,0.0,0.0,0.0,7.2,7.2,4.8,4.8,2.4,0.0,2.4,2.4,0.0,0.0,4.8,18.1,0,0,16.7,1,1,13086,1,19513,22635,24680,22635,15070,20945,15070,13505,14344,13505,14058,6075,9830,7988,2622,4740,8263,2255,13278,17725,23200,10238,22033,2246,150,22423,1,15:05
2024-25,1629234,Drew Eubanks,Drew,1610612762,UTA,Utah Jazz,0022400569,2025-01-15T00:00:00,UTA vs. CHA,L,20.4,8.8,15.9,0.556,0.0,0.0,0.0,1.8,3.5,0.5,3.5,10.6,14.1,5.3,0.0,1.8,1.8,0.0,1.8,1.8,19.4,0.0,54.9,0,0,45.9,1,13222,1,13222,15715,5022,7290,7248,15070,20945,15070,11305,8830,10625,4326,2155,2174,6829,16469,7387,4133,8846,16324,14058,8458,12240,2014,2246,150,3866,1,20:24
2024-25,1630583,Santi Aldama,Santi,1610612763,MEM,Memphis Grizzlies,0022400567,2025-01-15T00:00:00,MEM @ SAS,W,26.54,12.2,20.3,0.6,1.4,4.1,0.333,1.4,2.7,0.5,4.1,9.5,13.6,2.7,0.0,0.0,0.0,2.7,1.4,4.1,27.1,27.1,47.5,1,0,44.8,1,1,13086,1,10697,1402,2729,5394,12624,15432,9209,12149,10712,10625,3495,3015,2455,13868,16469,12854,8263,1722,17802,6120,3149,2405,4147,1,150,4366,1,26:32
2024-25,203471,Dennis Schröder,Dennis,1610612744,GSW,Golden State Warriors,0022400565,2025-01-15T00:00:00,GSW @ MIN,W,24.766666666666666,7.3,16.0,0.455,2.9,4.4,0.667,0.0,0.0,0.0,0.0,1.5,1.5,4.4,2.9,2.9,0.0,1.5,8.7,0.0,17.4,-5.8,31.5,0,0,32.0,1,1,13086,1,12199,8295,7133,12676,6846,14775,1957,13505,14344,13505,14058,20982,22631,8981,6810,3387,8263,4971,1061,17725,10382,15975,13649,2246,150,12405,1,24:46
2024-25,1628969,Mikal Bridges,Mikal,1610612752,NYK,New York Knicks,0022400561,2025-01-15T00:00:00,NYK @ PHI,W,43.46666666666667,7.5,15.7,0.474,4.1,8.3,0.5,0.0,0.0,0.0,0.0,1.7,1.7,1.7,0.8,0.0,0.0,0.8,0.0,1.7,19.0,2.5,22.7,0,0,26.5,1,1,13086,1,119,7884,7496,12072,3691,5943,3944,13505,14344,13505,14058,20546,22357,17484,16442,12854,8263,8805,20257,14422,8802,11382,19752,2246,150,16538,1,43:28
2024-25,1630577,Julian Champagnie,Julian,1610612759,SAS,San Antonio Spurs,0022400567,2025-01-15T00:00:00,SAS vs. MEM,L,21.85,4.9,9.9,0.5,4.9,8.2,0.6,0.0,0.0,0.0,0.0,6.6,6.6,3.3,1.6,0.0,1.6,0.0,1.6,0.0,14.8,6.6,31.0,0,0,33.0,1,13222,1,13222,14613,14570,17271,8526,2349,6019,2992,13505,14344,13505,14058,7124,10973,11999,12152,12854,4429,8846,16720,17725,13088,9340,14074,2246,150,11688,1,21:51
2024-25,1631094,Paolo Banchero,Paolo,1610612753,ORL,Orlando Magic,0022400564,2025-01-15T00:00:00,ORL @ MIL,L,25.951666666666668,11.1,27.7,0.4,2.8,9.7,0.286,5.5,6.9,0.8,0.0,6.9,6.9,2.8,9.7,0.0,1.4,6.9,2.8,4.2,30.5,-34.7,37.5,0,0,45.8,1,13222,1,13222,11193,2191,417,14933,7310,3840,11433,3369,3433,7681,14058,6476,10267,13674,350,12854,5285,157,11756,5926,1921,24375,9376,2246,150,3901,1,25:57
2024-25,1630581,Josh Giddey,Josh,1610612741,CHI,Chicago Bulls,0022400563,2025-01-15T00:00:00,CHI vs. ATL,L,29.8,3.6,9.7,0.375,1.2,2.4,0.5,0.0,0.0,0.0,0.0,12.1,12.1,3.6,3.6,0.0,2.4,1.2,3.6,3.6,8.5,-24.2,32.0,0,0,30.2,1,13222,1,13222,7964,18022,17638,16299,13317,18774,3944,13505,14344,13505,14058,1310,3430,11009,4726,12854,2524,6201,8345,7319,19558,22613,13317,2246,150,13799,1,29:48
2024-25,203497,Rudy Gobert,Rudy,1610612750,MIN,Minnesota Timberwolves,0022400565,2025-01-15T00:00:00,MIN vs. GSW,L,29.483333333333334,2.4,2.4,1.0,0.0,0.0,0.0,3.7,6.1,0.6,2.4,9.8,12.2,1.2,1.2,0.0,2.4,0.0,2.4,4.9,8.5,-4.9,31.1,0,0,26.9,1,13222,1,13222,8238,20571,24661,1,15070,20945,15070,6361,4340,10343,6800,2759,3340,18951,14287,12854,2481,8846,13025,4329,19469,15516,13964,2246,150,16261,1,29:29
2024-25,1630288,Jeff Dowtin Jr.,Jeff,1610612755,PHI,Philadelphia 76ers,0022400561,2025-01-15T00:00:00,PHI vs. NYK,L,14.35,7.5,15.1,0.5,2.5,5.0,0.5,0.0,0.0,0.0,0.0,2.5,2.5,7.5,0.0,2.5,0.0,0.0,2.5,0.0,17.6,-7.5,39.4,0,0,35.1,1,13222,1,13222,19976,7695,8509,8526,8118,13164,3944,13505,14344,13505,14058,18163,20797,3358,16469,4361,8263,8846,12766,17725,10255,16745,8139,2246,150,10010,1,14:21
2024-25,1630611,Gui Santos,Gui,1610612744,GSW,Golden State Warriors,0022400565,2025-01-15T00:00:00,GSW @ MIN,W,21.421666666666667,3.4,8.4,0.4,1.7,5.0,0.333,0.0,0.0,0.0,1.7,10.1,11.8,5.0,0.0,0.0,0.0,0.0,6.7,5.0,8.4,8.4,30.1,0,0,26.9,1,1,13086,1,14978,18618,19643,14933,11460,13103,9209,13505,14344,13505,9642,2517,3700,7380,16469,12854,8263,8846,2198,4038,19594,8439,14741,2246,150,16234,1,21:25
2024-25,1630200,Tre Jones,Tre,1610612759,SAS,San Antonio Spurs,0022400567,2025-01-15T00:00:00,SAS vs. MEM,L,13.1,2.7,5.5,0.5,2.7,2.7,1.0,8.2,11.0,0.75,0.0,2.7,2.7,8.2,0.0,0.0,0.0,0.0,0.0,5.5,16.5,-22.0,32.2,0,0,30.2,1,13222,1,13222,20693,19977,23089,8526,7380,18163,1,1302,1026,8186,14058,17560,20358,2657,16469,12854,8263,8846,20257,3343,11400,22067,13215,2246,150,13772,1,13:06
2024-25,1626162,Kelly Oubre Jr.,Kelly,1610612755,PHI,Philadelphia 76ers,0022400561,2025-01-15T00:00:00,PHI vs. NYK,L,45.4,5.6,8.7,0.636,0.8,2.4,0.333,0.8,0.8,1.0,0.8,7.1,7.9,0.8,1.6,1.6,0.8,0.0,2.4,3.2,12.7,-1.6,28.9,1,0,27.0,1,13222,1,13222,46,12844,19149,4689,15063,18851,9209,13501,14340,1,14045,6112,8407,19905,12397,8038,8249,8846,13309,8658,15404,13833,15532,1,150,16179,1,45:24
2024-25,1629599,Amir Coffey,Amir,1610612746,LAC,LA Clippers,0022400571,2025-01-15T00:00:00,LAC vs. BKN,W,31.45,4.6,10.3,0.444,3.4,6.9,0.5,2.3,2.3,1.0,0.0,5.7,5.7,1.1,1.1,1.1,0.0,0.0,1.1,2.3,14.9,21.7,25.8,0,0,27.5,1,1,13086,1,6450,15549,16559,13045,5301,8734,3944,9667,11822,1,14058,8987,12956,19213,14832,10640,8263,8846,18842,11798,13036,3519,17779,2246,150,15813,1,31:27
2024-25,202692,Alec Burks,Alec,1610612748,MIA,Miami Heat,0022400570,2025-01-15T00:00:00,MIA @ LAL,L,20.55,5.3,5.3,1.0,3.5,3.5,1.0,0.0,0.0,0.0,0.0,3.5,3.5,0.0,3.5,0.0,0.0,0.0,0.0,1.8,14.0,1.8,14.7,0,0,21.0,1,13222,1,13222,15607,13656,23288,1,5138,16644,1,13505,14344,13505,14058,15232,18542,19908,5000,12854,8263,8846,20257,14107,13917,11771,23279,2246,150,20267,1,20:33
2024-25,1628970,Miles Bridges,Miles,1610612766,CHA,Charlotte Hornets,0022400569,2025-01-15T00:00:00,CHA @ UTA,W,38.916666666666664,8.3,14.8,0.563,2.8,6.5,0.429,3.7,3.7,1.0,1.9,7.4,9.3,3.7,0.9,0.9,0.9,0.9,2.8,1.9,23.1,23.1,44.4,1,0,42.6,1,1,13086,1,910,5934,8904,7127,7305,9599,7394,6291,8478,1,9042,5677,6384,10786,16264,12539,7982,8532,11746,13734,5398,3234,5464,1,150,5377,1,38:55
2024-25,1630249,Vít Krejčí,Vít,1610612737,ATL,Atlanta Hawks,0022400563,2025-01-15T00:00:00,ATL @ CHI,W,29.4,4.9,12.2,0.4,1.2,6.1,0.2,2.4,2.4,1.0,0.0,3.7,3.7,7.3,1.2,0.0,2.4,0.0,1.2,1.2,13.5,25.7,35.0,0,0,30.6,1,1,13086,1,8307,14676,13180,14933,13239,10378,13429,9199,11341,1,14058,14721,18148,3569,14265,12854,2468,8846,18406,16271,14551,2668,11042,2246,150,13470,1,29:24
2024-25,1627750,Jamal Murray,Jamal,1610612743,DEN,Denver Nuggets,0022400568,2025-01-15T00:00:00,DEN vs. HOU,L,29.633333333333333,9.7,17.0,0.571,4.9,6.1,0.8,2.4,2.4,1.0,0.0,4.9,4.9,6.1,6.1,0.0,0.0,2.4,2.4,3.6,26.7,-20.7,35.6,0,0,42.5,1,13222,1,13222,8100,3584,5795,6538,2473,10508,1389,9241,11388,1,14058,11257,15160,5357,1333,12854,8263,2155,13071,7273,3339,21742,10664,2246,150,5394,1,29:38
2024-25,1631223,David Roddy,David,1610612737,ATL,Atlanta Hawks,0022400563,2025-01-15T00:00:00,ATL @ CHI,W,23.533333333333335,3.1,16.8,0.182,0.0,7.6,0.0,0.0,0.0,0.0,1.5,7.6,9.2,3.1,1.5,4.6,0.0,4.6,0.0,0.0,6.1,10.7,34.0,0,0,27.5,1,1,13086,1,13284,19298,6005,21891,15070,7081,15070,13505,14344,13505,10191,5239,6473,12727,12614,1158,8263,464,20257,17725,21307,7369,11850,2246,150,15765,1,23:32
2024-25,1630539,Kai Jones,Kai,1610612746,LAC,LA Clippers,0022400571,2025-01-15T00:00:00,LAC vs. BKN,W,14.35,7.5,10.0,0.75,0.0,0.0,0.0,0.0,0.0,0.0,0.0,7.5,7.5,0.0,2.5,0.0,2.5,0.0,2.5,0.0,15.1,25.1,29.1,0,0,27.6,1,1,13086,1,19976,7695,16986,2107,15070,20945,15070,13505,14344,13505,14058,5444,9113,19908,8212,12854,2360,8846,12766,17725,12853,2794,15417,2246,150,15722,1,14:21
2024-25,203944,Julius Randle,Julius,1610612750,MIN,Minnesota Timberwolves,0022400565,2025-01-15T00:00:00,MIN vs. GSW,L,27.4,10.5,23.6,0.444,1.3,3.9,0.333,0.0,0.0,0.0,5.3,2.6,7.9,1.3,2.6,1.3,0.0,2.6,3.9,2.6,22.3,-2.6,35.1,0,0,35.5,1,13222,1,13222,10016,2705,1168,13045,12807,15689,9209,13505,14344,13505,2133,17878,8489,18613,7773,9389,8263,1839,7305,10550,5980,14373,11004,2246,150,9749,1,27:24
2024-25,1641706,Brandon Miller,Brandon,1610612766,CHA,Charlotte Hornets,0022400569,2025-01-15T00:00:00,CHA @ UTA,W,33.05,8.7,19.6,0.444,3.3,10.9,0.3,1.1,4.4,0.25,2.2,3.3,5.4,3.3,5.4,3.3,1.1,1.1,2.2,4.4,21.8,13.1,40.8,0,0,42.5,1,1,13086,1,5110,5241,3271,13045,5763,2591,11319,12936,7097,13358,7659,15887,13685,12083,1859,2622,6870,7151,14198,5459,6391,6365,7257,2246,150,5419,1,33:03
2024-25,1631157,Ryan Rollins,Ryan,1610612749,MIL,Milwaukee Bucks,0022400564,2025-01-15T00:00:00,MIL vs. ORL,W,15.283333333333333,7.1,9.4,0.75,0.0,0.0,0.0,0.0,0.0,0.0,0.0,7.1,7.1,4.7,4.7,0.0,4.7,0.0,2.4,0.0,14.1,7.1,39.1,0,0,35.3,1,1,13086,1,19388,8769,18079,2107,15070,20945,15070,13505,14344,13505,14058,6240,10019,8159,2700,12854,611,8846,13410,17725,13802,9103,8340,2246,150,9855,1,15:17
2024-25,1627884,Derrick Jones Jr.,Derrick,1610612746,LAC,LA Clippers,0022400571,2025-01-15T00:00:00,LAC vs. BKN,W,18.766666666666666,7.7,13.4,0.571,0.0,1.9,0.0,5.8,5.8,1.0,0.0,5.8,5.8,0.0,0.0,1.9,0.0,0.0,0.0,5.8,21.1,80.6,33.8,0,0,30.7,1,1,13086,1,16996,7318,11110,6538,15070,19706,15070,3131,4809,1,14058,8903,12890,19908,16469,6673,8263,8846,20257,2966,7001,155,12002,2246,150,13402,1,18:46
2024-25,1630173,Precious Achiuwa,Precious,1610612752,NYK,New York Knicks,0022400561,2025-01-15T00:00:00,NYK @ PHI,W,30.121666666666666,4.8,7.2,0.667,0.0,0.0,0.0,2.4,4.8,0.5,2.4,4.8,7.2,1.2,1.2,1.2,3.6,1.2,2.4,2.4,12.0,10.8,35.5,0,0,29.9,1,1,13086,1,7661,15010,21357,3281,15070,20945,15070,9367,6338,10625,6956,11486,9813,19029,14482,10218,1156,6302,13267,11391,16196,7338,10729,2246,150,14046,1,30:07
2024-25,1642274,Yves Missi,Yves,1610612740,NOP,New Orleans Pelicans,0022400566,2025-01-15T00:00:00,NOP vs. DAL,W,28.911666666666665,6.2,8.7,0.714,0.0,0.0,0.0,2.5,5.0,0.5,3.7,3.7,7.5,0.0,1.2,1.2,2.5,0.0,3.7,2.5,14.9,11.2,33.9,0,0,29.9,1,1,13086,1,8755,10900,19160,2752,15070,20945,15070,9081,5962,10625,3983,14511,9230,19908,14125,9831,2403,8846,7953,11028,12969,7135,11915,2246,150,14041,1,28:55
2024-25,1641722,Jordan Hawkins,Jordan,1610612740,NOP,New Orleans Pelicans,0022400566,2025-01-15T00:00:00,NOP vs. DAL,W,21.423333333333332,8.4,15.1,0.556,3.4,8.4,0.4,0.0,0.0,0.0,1.7,3.4,5.0,3.4,1.7,5.0,0.0,0.0,3.4,1.7,20.2,-15.1,44.7,0,0,42.0,1,1,13086,1,14977,5801,8388,7248,5486,5745,7874,13505,14344,13505,9643,15618,14698,11788,12008,878,8263,8846,9217,14338,7776,19950,5331,2246,150,5636,1,21:25
2024-25,1630541,Moses Moody,Moses,1610612744,GSW,Golden State Warriors,0022400565,2025-01-15T00:00:00,GSW @ MIN,W,24.93,5.8,8.7,0.667,4.3,5.8,0.75,0.0,0.0,0.0,0.0,5.8,5.8,1.4,0.0,0.0,0.0,0.0,7.2,0.0,15.9,10.1,25.0,0,0,27.4,1,1,13086,1,12078,12179,19248,3281,3339,11263,1542,13505,14344,13505,14058,8842,12820,18195,16469,12854,8263,8846,1816,17725,12034,7645,18305,2246,150,15844,1,24:56
2024-25,1630183,Jaden McDaniels,Jaden,1610612750,MIN,Minnesota Timberwolves,0022400565,2025-01-15T00:00:00,MIN vs. GSW,L,35.53333333333333,6.1,9.1,0.667,2.0,3.0,0.667,0.0,1.0,0.0,3.0,1.0,4.1,4.1,0.0,1.0,2.0,1.0,5.1,1.0,14.2,-8.1,34.2,0,0,30.4,1,13222,1,13222,3044,11282,18526,3281,10031,17572,1957,13505,14198,13505,5250,21947,17178,9795,16469,11832,3403,7795,4457,17342,13742,17019,11620,2246,150,13637,1,35:32
2024-25,1628998,Cody Martin,Cody,1610612766,CHA,Charlotte Hornets,0022400569,2025-01-15T00:00:00,CHA @ UTA,W,23.383333333333333,4.6,9.2,0.5,4.6,6.2,0.75,0.0,0.0,0.0,0.0,3.1,3.1,0.0,3.1,0.0,0.0,1.5,0.0,1.5,13.9,-3.1,14.5,0,0,21.6,1,1,13086,1,13392,15440,18349,8526,2858,10300,1542,13505,14344,13505,14058,16467,19530,19908,6191,12854,8263,4624,20257,14836,14093,14612,23338,2246,150,19930,1,23:23
2024-25,1627832,Fred VanVleet,Fred,1610612745,HOU,Houston Rockets,0022400568,2025-01-15T00:00:00,HOU @ DEN,W,35.125,6.1,13.3,0.462,4.1,9.2,0.444,0.0,0.0,0.0,0.0,1.0,1.0,8.2,0.0,3.1,0.0,1.0,3.1,0.0,16.4,18.4,39.2,0,0,35.9,1,1,13086,1,3371,11093,11257,12428,3788,4495,7211,13505,14344,13505,14058,21929,23187,2697,16469,2991,8263,7708,10375,17725,11499,4424,8296,2246,150,9466,1,35:08
2024-25,1630549,Day'Ron Sharpe,Day'Ron,1610612751,BKN,Brooklyn Nets,0022400571,2025-01-15T00:00:00,BKN @ LAC,L,28.25,6.4,16.6,0.385,0.0,1.3,0.0,2.5,8.9,0.286,10.2,7.6,17.8,3.8,5.1,1.3,1.3,0.0,1.3,6.4,15.3,-15.3,45.0,1,0,42.1,1,13222,1,13222,9340,10505,6349,16070,15070,20528,15070,8921,1914,13350,377,5241,940,10438,2226,9614,5768,8846,18147,2216,12623,20009,5189,1,150,5613,1,28:15
2024-25,1631108,Max Christie,Max,1610612747,LAL,Los Angeles Lakers,0022400570,2025-01-15T00:00:00,LAL vs. MIA,W,37.12,5.8,11.6,0.5,2.9,6.8,0.429,1.0,1.9,0.5,0.0,2.9,2.9,0.0,0.0,1.9,1.0,1.9,0.0,1.0,15.5,9.7,27.7,0,0,27.2,1,1,13086,1,1907,12065,14246,8526,6840,8925,7394,13327,12885,10625,14058,17048,19969,19908,16469,6566,7692,3425,20257,17488,12402,7838,16404,2246,150,16055,1,37:07
2024-25,1630573,Sam Hauser,Sam,1610612738,BOS,Boston Celtics,0022400562,2025-01-15T00:00:00,BOS @ TOR,L,16.75,2.1,12.9,0.167,2.1,10.7,0.2,0.0,0.0,0.0,4.3,8.6,12.9,0.0,0.0,4.3,0.0,0.0,2.1,4.3,6.4,0.0,34.8,0,0,30.1,1,13222,1,13222,18416,21146,12048,21938,9463,2722,13429,13505,14344,13505,3170,3941,2875,19908,16469,1376,8263,8846,14360,5590,21085,12240,11183,2246,150,13880,1,16:45
2024-25,1631128,Christian Braun,Christian,1610612743,DEN,Denver Nuggets,0022400568,2025-01-15T00:00:00,DEN vs. HOU,L,34.81666666666667,10.3,11.4,0.909,2.1,3.1,0.667,0.0,0.0,0.0,2.1,2.1,4.1,1.0,1.0,0.0,0.0,0.0,2.1,0.0,22.7,-17.6,28.2,0,0,30.0,1,13222,1,13222,3597,2880,14709,1292,9827,17457,1957,13505,14344,13505,8088,19457,16985,19583,15608,12854,8263,8846,14763,17725,5665,20807,16055,2246,150,13959,1,34:49
2024-25,201143,Al Horford,Al,1610612738,BOS,Boston Celtics,0022400562,2025-01-15T00:00:00,BOS @ TOR,L,20.743333333333332,6.9,17.4,0.4,3.5,13.9,0.25,0.0,0.0,0.0,0.0,3.5,3.5,3.5,0.0,0.0,6.9,0.0,0.0,1.7,17.4,1.7,47.6,0,0,41.7,1,13222,1,13222,15462,9066,5397,14933,5214,960,11902,13505,14344,13505,14058,15320,18616,11490,16469,12854,209,8846,20257,14167,10468,11778,4127,2246,150,5821,1,20:45
2024-25,203468,CJ McCollum,CJ,1610612740,NOP,New Orleans Pelicans,0022400566,2025-01-15T00:00:00,NOP vs. DAL,W,33.5,4.3,15.0,0.286,1.1,7.5,0.143,2.1,2.1,1.0,0.0,0.0,0.0,2.1,2.1,1.1,2.1,0.0,0.0,1.1,11.8,10.7,22.6,0,0,21.5,1,1,13086,1,4727,16328,8533,19630,14100,7354,14649,10132,12256,1,14058,22137,23286,15822,9729,11236,3075,8846,20257,17034,16322,7342,19836,2246,150,19964,1,33:30
2024-25,1627780,Gary Payton II,Gary,1610612744,GSW,Golden State Warriors,0022400565,2025-01-15T00:00:00,GSW @ MIN,W,18.688333333333333,5.8,5.8,1.0,0.0,0.0,0.0,1.9,3.9,0.5,0.0,11.6,11.6,1.9,1.9,0.0,0.0,0.0,5.8,1.9,13.5,-7.7,28.3,0,0,27.0,1,1,13086,1,17045,12172,22831,1,15070,20945,15070,10877,8129,10625,14058,1587,3889,16655,10923,12854,8263,8846,3256,13422,14522,16829,15978,2246,150,16174,1,18:41
2024-25,202696,Nikola Vučević,Nikola,1610612741,CHI,Chicago Bulls,0022400563,2025-01-15T00:00:00,CHI vs. ATL,L,34.166666666666664,6.3,14.8,0.429,0.0,3.2,0.0,2.1,2.1,1.0,4.2,12.6,16.9,4.2,3.2,0.0,0.0,1.1,2.1,4.2,14.8,-3.2,38.1,1,0,35.8,1,13222,1,13222,4116,10647,8982,13735,15070,17341,15070,10269,12398,1,3288,1113,1157,9349,5945,12854,8263,7461,14578,5803,13153,14654,8930,1,150,9500,1,34:10
2024-25,1629312,Haywood Highsmith,Haywood,1610612748,MIA,Miami Heat,0022400570,2025-01-15T00:00:00,MIA @ LAL,L,29.316666666666666,6.1,12.3,0.5,2.5,4.9,0.5,0.0,0.0,0.0,1.2,2.5,3.7,1.2,1.2,0.0,2.5,0.0,1.2,0.0,14.7,-17.2,27.1,0,0,27.0,1,13222,1,13222,8382,11118,13114,8526,8300,13407,3944,13505,14344,13505,11618,18311,18112,18927,14245,12854,2460,8846,18392,17725,13165,20689,16855,2246,150,16144,1,29:19
2024-25,1628973,Jalen Brunson,Jalen,1610612752,NYK,New York Knicks,0022400561,2025-01-15T00:00:00,NYK @ PHI,W,45.468333333333334,11.1,17.4,0.636,2.4,4.8,0.5,5.5,7.1,0.778,0.8,3.2,4.0,3.2,4.0,1.6,0.0,0.0,0.8,7.1,30.1,5.5,40.4,0,0,42.8,1,1,13086,1,44,2197,5341,4689,8570,13839,3944,3372,3243,8092,14047,16208,17417,12437,3957,8052,8263,8846,20246,1564,2052,9823,7528,2246,150,5285,1,45:28
2024-25,1641765,Olivier-Maxence Prosper,Olivier-Maxence,1610612742,DAL,Dallas Mavericks,0022400566,2025-01-15T00:00:00,DAL @ NOP,L,10.416666666666666,0.0,10.4,0.0,0.0,3.5,0.0,3.5,6.9,0.5,3.5,10.4,13.8,3.5,0.0,0.0,0.0,0.0,6.9,6.9,3.5,27.6,25.2,0,0,20.7,1,13222,1,13222,21954,22635,16434,22635,15070,16743,15070,6785,3463,10625,4445,2312,2321,11530,16469,12854,8263,8846,2046,1721,22790,2319,18128,2246,150,20442,1,10:25
2024-25,1641710,Anthony Black,Anthony,1610612753,ORL,Orlando Magic,0022400564,2025-01-15T00:00:00,ORL @ MIL,L,30.166666666666668,3.6,9.5,0.375,0.0,2.4,0.0,4.8,8.4,0.571,0.0,0.0,0.0,4.8,2.4,2.4,0.0,0.0,4.8,7.2,11.9,-20.3,23.9,0,0,21.5,1,13222,1,13222,7621,18126,17862,16299,15070,18840,15070,4386,2291,10536,14058,22137,23286,7992,8714,4741,8263,8846,5125,1540,16212,21630,19044,2246,150,19985,1,30:10
2024-25,1629023,P.J. Washington,P.J.,1610612742,DAL,Dallas Mavericks,0022400566,2025-01-15T00:00:00,DAL @ NOP,L,38.483333333333334,3.7,10.3,0.364,0.9,3.7,0.25,4.7,7.5,0.625,2.8,10.3,13.1,1.9,3.7,0.9,0.0,1.9,2.8,3.7,13.1,-3.7,30.7,1,0,30.9,1,13222,1,13222,1114,17730,16576,16861,14852,16121,11902,4546,2922,10271,5844,2360,2741,16853,4458,12471,8263,3663,11620,7011,14987,14917,14285,1,150,13279,1,38:29
2024-25,202709,Cory Joseph,Cory,1610612753,ORL,Orlando Magic,0022400564,2025-01-15T00:00:00,ORL @ MIL,L,11.466666666666667,0.0,6.3,0.0,0.0,6.3,0.0,0.0,0.0,0.0,0.0,0.0,0.0,3.1,0.0,3.1,0.0,0.0,6.3,0.0,0.0,-12.6,14.1,0,0,9.4,1,13222,1,13222,21498,22635,22343,22635,15070,10027,15070,13505,14344,13505,14058,22137,23286,12509,16469,2860,8263,8846,2624,17725,23200,18969,23462,2246,150,24541,1,11:28
2024-25,1630192,Zeke Nnaji,Zeke,1610612743,DEN,Denver Nuggets,0022400568,2025-01-15T00:00:00,DEN vs. HOU,L,5.833333333333333,6.2,6.2,1.0,0.0,0.0,0.0,0.0,0.0,0.0,0.0,6.2,6.2,0.0,0.0,0.0,0.0,0.0,0.0,0.0,12.3,6.2,19.7,0,0,18.5,1,13222,1,13222,23649,11041,22448,1,15070,20945,15070,13505,14344,13505,14058,7960,11883,19908,16469,12854,8263,8846,20257,17725,15764,9532,21287,2246,150,21616,1,5:50
2024-25,1642275,Tidjane Salaün,Tidjane,1610612766,CHA,Charlotte Hornets,0022400569,2025-01-15T00:00:00,CHA @ UTA,W,13.666666666666666,0.0,5.3,0.0,0.0,5.3,0.0,0.0,0.0,0.0,0.0,2.6,2.6,2.6,2.6,0.0,0.0,0.0,2.6,0.0,0.0,-42.1,4.5,0,0,5.3,1,1,13086,1,20381,22635,23281,22635,15070,12545,15070,13505,14344,13505,14058,17869,20575,14101,7755,12854,8263,8846,12310,17725,23200,24990,25052,2246,150,25080,1,13:40
2024-25,1631124,Julian Strawther,Julian,1610612743,DEN,Denver Nuggets,0022400568,2025-01-15T00:00:00,DEN vs. HOU,L,24.725,4.4,13.1,0.333,2.9,8.7,0.333,2.9,2.9,1.0,0.0,1.5,1.5,4.4,4.4,0.0,0.0,1.5,2.9,2.9,14.6,-5.8,18.5,0,0,23.3,1,13222,1,13222,12252,16152,11664,17395,6825,5206,9209,8054,10197,1,14058,20976,22627,8965,3196,12854,8263,4960,11131,9550,13339,15984,21889,2246,150,18805,1,24:44
2024-25,203484,Kentavious Caldwell-Pope,Kentavious,1610612753,ORL,Orlando Magic,0022400564,2025-01-15T00:00:00,ORL @ MIL,L,22.95,4.7,14.1,0.333,3.1,11.0,0.286,0.0,0.0,0.0,0.0,3.1,3.1,1.6,1.6,1.6,0.0,0.0,0.0,3.1,12.5,-22.0,21.8,0,0,23.5,1,13222,1,13222,13753,15225,9976,17395,6124,2512,11433,13505,14344,13505,14058,16313,19405,17742,12466,8112,8263,8846,20257,8768,15540,22060,20262,2246,150,18651,1,22:57
2024-25,1631207,Dalen Terry,Dalen,1610612741,CHI,Chicago Bulls,0022400563,2025-01-15T00:00:00,CHI vs. ATL,L,5.6,0.0,12.9,0.0,0.0,0.0,0.0,0.0,0.0,0.0,0.0,0.0,0.0,6.4,12.9,0.0,0.0,0.0,12.9,0.0,0.0,-12.9,-3.2,0,0,6.4,1,13222,1,13222,23743,22635,12107,22635,15070,20945,15070,13505,14344,13505,14058,22137,23286,4815,175,12854,8263,8846,355,17725,23200,19079,26160,2246,150,24957,1,5:36
2024-25,1630631,Jose Alvarado,Jose,1610612740,NOP,New Orleans Pelicans,0022400566,2025-01-15T00:00:00,NOP vs. DAL,W,14.983333333333333,2.4,12.0,0.2,0.0,7.2,0.0,0.0,0.0,0.0,0.0,2.4,2.4,12.0,0.0,2.4,0.0,0.0,4.8,0.0,4.8,-14.4,32.9,0,0,24.0,1,1,13086,1,19573,20657,13561,21401,15070,8033,15070,13505,14344,13505,14058,18472,21002,714,16469,4691,8263,8846,5042,17725,22123,19666,12651,2246,150,18308,1,14:59
2024-25,1641787,Tosan Evbuomwan,Tosan,1610612751,BKN,Brooklyn Nets,0022400571,2025-01-15T00:00:00,BKN @ LAC,L,28.716666666666665,3.8,10.0,0.375,0.0,1.3,0.0,1.3,1.3,1.0,1.3,2.5,3.8,2.5,5.0,1.3,0.0,1.3,3.8,3.8,8.8,-30.1,15.8,0,0,17.6,1,13222,1,13222,8903,17674,17000,16299,15070,20556,15070,12439,13809,1,11467,18168,17918,14521,2321,9775,8263,5914,7877,6958,19288,23752,22931,2246,150,22056,1,28:43
2024-25,1641753,Chris Livingston,Chris,1610612749,MIL,Milwaukee Bucks,0022400564,2025-01-15T00:00:00,MIL vs. ORL,W,5.65,0.0,0.0,0.0,0.0,0.0,0.0,0.0,0.0,0.0,0.0,19.1,19.1,0.0,6.4,0.0,0.0,0.0,6.4,0.0,0.0,0.0,16.6,0,0,19.1,1,1,13086,1,23721,22635,24836,22635,15070,20945,15070,13505,14344,13505,14058,207,678,19908,1190,12854,8263,8846,2521,17725,23200,12240,22634,2246,150,21346,1,5:39
2024-25,1629637,Jaxson Hayes,Jaxson,1610612747,LAL,Los Angeles Lakers,0022400570,2025-01-15T00:00:00,LAL vs. MIA,W,14.183333333333334,5.1,7.6,0.667,0.0,0.0,0.0,0.0,0.0,0.0,2.5,0.0,2.5,0.0,0.0,2.5,0.0,0.0,2.5,0.0,10.2,5.1,20.8,0,0,17.8,1,1,13086,1,20092,14156,20767,3281,15070,20945,15070,13505,14344,13505,6501,22137,20729,19908,16469,4279,8263,8846,12640,17725,18002,10071,20782,2246,150,21961,1,14:11
2024-25,1630579,Jericho Sims,Jericho,1610612752,NYK,New York Knicks,0022400561,2025-01-15T00:00:00,NYK @ PHI,W,22.766666666666666,4.7,7.9,0.6,0.0,0.0,0.0,3.2,6.3,0.5,9.5,1.6,11.1,0.0,1.6,0.0,0.0,0.0,6.3,3.2,12.7,-4.7,24.4,0,0,23.7,1,1,13086,1,13894,15140,20406,5394,15070,20945,15070,7411,4096,10625,477,20716,4349,19908,12416,12854,8263,8846,2575,8692,15444,15441,18714,2246,150,18526,1,22:46
2024-25,203992,Bogdan Bogdanović,Bogdan,1610612737,ATL,Atlanta Hawks,0022400563,2025-01-15T00:00:00,ATL @ CHI,W,19.933333333333334,1.8,18.1,0.1,1.8,16.3,0.111,0.0,0.0,0.0,0.0,0.0,0.0,1.8,1.8,0.0,0.0,0.0,1.8,0.0,5.4,-10.8,6.3,0,0,9.0,1,1,13086,1,16074,21746,4607,22561,11052,489,15003,13505,14344,13505,14058,22137,23286,17066,11527,12854,8263,8846,16155,17725,21786,18246,24885,2246,150,24602,1,19:56
2024-25,201959,Taj Gibson,Taj,1610612766,CHA,Charlotte Hornets,0022400569,2025-01-15T00:00:00,CHA @ UTA,W,7.15,0.0,0.0,0.0,0.0,0.0,0.0,0.0,0.0,0.0,0.0,5.0,5.0,0.0,0.0,0.0,0.0,0.0,10.1,0.0,0.0,-80.6,6.0,0,0,5.0,1,1,13086,1,23111,22635,24836,22635,15070,20945,15070,13505,14344,13505,14058,10772,14712,19908,16469,12854,8263,8846,689,17725,23200,26010,24913,2246,150,25102,1,7:09
2024-25,202691,Klay Thompson,Klay,1610612742,DAL,Dallas Mavericks,0022400566,2025-01-15T00:00:00,DAL @ NOP,L,25.813333333333333,7.0,16.7,0.417,2.8,12.6,0.222,0.0,0.0,0.0,0.0,1.4,1.4,2.8,4.2,0.0,0.0,0.0,1.4,0.0,16.7,-13.9,18.4,0,0,23.7,1,13222,1,13222,11326,8996,6139,14532,7249,1502,13288,13505,14344,13505,14058,21101,22704,13622,3531,12854,8263,8846,17642,17725,11130,19484,21929,2246,150,18535,1,25:49
2024-25,1627739,Kris Dunn,Kris,1610612746,LAC,LA Clippers,0022400571,2025-01-15T00:00:00,LAC vs. BKN,W,12.816666666666666,0.0,8.4,0.0,0.0,8.4,0.0,0.0,0.0,0.0,0.0,2.8,2.8,2.8,2.8,0.0,0.0,0.0,0.0,0.0,0.0,8.4,4.8,0,0,5.6,1,1,13086,1,20831,22635,19598,22635,15070,5701,15070,13505,14344,13505,14058,17369,20228,13555,7181,12854,8263,8846,20257,17725,23200,8426,25020,2246,150,25044,1,12:49
2024-25,1628415,Dillon Brooks,Dillon,1610612745,HOU,Houston Rockets,0022400568,2025-01-15T00:00:00,HOU @ DEN,W,26.2,2.7,6.9,0.4,2.7,5.5,0.5,0.0,0.0,0.0,0.0,1.4,1.4,0.0,1.4,2.7,0.0,0.0,1.4,0.0,8.2,23.4,16.8,0,0,17.9,1,1,13086,1,11004,19977,21712,14933,7380,11950,3944,13505,14344,13505,14058,21142,22731,19908,13433,3806,8263,8846,17722,17725,19705,3175,22573,2246,150,21927,1,26:12
2024-25,1629646,Charles Bassey,Charles,1610612759,SAS,San Antonio Spurs,0022400567,2025-01-15T00:00:00,SAS vs. MEM,L,10.95,6.6,9.9,0.667,0.0,0.0,0.0,3.3,6.6,0.5,6.6,9.9,16.4,0.0,0.0,3.3,6.6,3.3,6.6,3.3,16.4,-32.9,65.8,0,0,52.6,1,13222,1,13222,21728,9998,17308,3281,15070,20945,15070,7130,3800,10625,1346,2675,1291,19908,16469,2584,237,1073,2344,8283,11458,24148,648,2246,150,1906,1,10:57
2024-25,202695,Kawhi Leonard,Kawhi,1610612746,LAC,LA Clippers,0022400571,2025-01-15T00:00:00,LAC vs. BKN,W,23.816666666666666,12.1,16.6,0.727,0.0,1.5,0.0,10.6,10.6,1.0,0.0,3.0,3.0,0.0,1.5,1.5,0.0,0.0,0.0,3.0,34.8,69.5,41.4,0,0,40.8,1,1,13086,1,13062,1468,6270,2666,15070,20255,15070,552,1167,1,14058,16638,19659,19908,12692,8360,8263,8846,20257,9154,996,246,6923,2246,150,6321,1,23:49
2024-25,1630643,Jay Huff,Jay,1610612763,MEM,Memphis Grizzlies,0022400567,2025-01-15T00:00:00,MEM @ SAS,W,10.86,13.3,19.9,0.667,9.9,16.6,0.6,0.0,0.0,0.0,0.0,3.3,3.3,0.0,0.0,0.0,3.3,0.0,3.3,0.0,36.5,-3.3,50.4,0,0,56.4,1,1,13086,1,21776,918,3043,3281,213,450,2992,13505,14344,13505,14058,15747,18956,19908,16469,12854,1383,8846,9401,17725,762,14721,3156,2246,150,1249,1,10:52
2024-25,1630699,MarJon Beauchamp,MarJon,1610612749,MIL,Milwaukee Bucks,0022400564,2025-01-15T00:00:00,MIL vs. ORL,W,4.95,14.5,21.8,0.667,7.3,7.3,1.0,7.3,14.5,0.5,0.0,7.3,7.3,0.0,0.0,0.0,0.0,0.0,0.0,7.3,43.6,36.4,52.4,0,0,58.2,1,1,13086,1,24010,572,1896,3281,679,7883,1,1816,387,10625,14058,5868,9619,19908,16469,12854,8263,8846,20257,1462,293,1256,2628,2246,150,1005,1,4:57
2024-25,203991,Clint Capela,Clint,1610612737,ATL,Atlanta Hawks,0022400563,2025-01-15T00:00:00,ATL @ CHI,W,21.05,8.6,18.8,0.455,0.0,0.0,0.0,1.7,3.4,0.5,1.7,15.4,17.1,1.7,0.0,0.0,1.7,0.0,3.4,1.7,18.8,13.7,47.0,1,0,41.0,1,1,13086,1,15255,5525,3919,12676,15070,20945,15070,11395,9044,10625,9543,503,1104,17334,16469,12854,4270,8846,9004,14235,9026,6133,4300,1,150,6174,1,21:03
2024-25,1631109,Mark Williams,Mark,1610612766,CHA,Charlotte Hornets,0022400569,2025-01-15T00:00:00,CHA @ UTA,W,36.25,11.9,13.9,0.857,0.0,0.0,0.0,7.0,9.9,0.7,6.0,7.0,12.9,2.0,0.0,2.0,1.0,0.0,1.0,7.0,30.8,16.9,58.2,1,0,51.6,1,1,13086,1,2502,1575,10334,1412,15070,20945,15070,2040,1396,9366,1645,6447,2868,16431,16469,6317,7518,8846,19750,1691,1834,4949,1452,1,150,2113,1,36:15
2024-25,1626166,Cameron Payne,Cameron,1610612752,NYK,New York Knicks,0022400561,2025-01-15T00:00:00,NYK @ PHI,W,7.466666666666667,9.6,19.3,0.5,9.6,19.3,0.5,0.0,0.0,0.0,0.0,4.8,4.8,9.6,0.0,4.8,0.0,0.0,9.6,0.0,28.9,4.8,63.6,0,0,62.7,1,1,13086,1,23013,3664,3504,8526,239,271,3944,13505,14344,13505,14058,11365,15242,1617,16469,1007,8263,8846,783,17725,2444,10199,825,2246,150,598,1,7:28
2024-25,1629655,Daniel Gafford,Daniel,1610612742,DAL,Dallas Mavericks,0022400566,2025-01-15T00:00:00,DAL @ NOP,L,29.988333333333333,14.4,15.6,0.923,0.0,0.0,0.0,3.6,4.8,0.75,3.6,10.8,14.4,2.4,1.2,0.0,2.4,1.2,1.2,3.6,32.4,-6.0,59.3,1,0,54.0,1,13222,1,13222,7795,599,7687,1286,15070,20945,15070,6487,6300,8186,4212,2015,2042,14878,14441,12854,2556,6256,18537,7388,1435,16064,1281,1,150,1616,1,29:59
2024-25,1630168,Onyeka Okongwu,Onyeka,1610612737,ATL,Atlanta Hawks,0022400563,2025-01-15T00:00:00,ATL @ CHI,W,26.95,6.7,12.0,0.556,1.3,1.3,1.0,4.0,6.7,0.6,4.0,13.4,17.4,9.4,2.7,1.3,1.3,0.0,2.7,5.3,18.7,10.7,58.9,1,0,52.1,1,1,13086,1,10372,9737,13549,7248,12711,20457,1,5680,3682,10343,3587,908,1045,1785,7611,9267,5498,8846,12158,3569,9120,7374,1346,1,150,2014,1,26:57
2024-25,1626181,Norman Powell,Norman,1610612746,LAC,LA Clippers,0022400571,2025-01-15T00:00:00,LAC vs. BKN,W,22.05,11.4,16.3,0.7,4.9,6.5,0.75,1.6,3.3,0.5,0.0,1.6,1.6,3.3,4.9,4.9,0.0,1.6,4.9,1.6,29.4,76.7,46.0,0,0,49.0,1,1,13086,1,14461,1915,6643,3045,2408,9477,1542,11539,9392,10625,14058,20600,22395,12094,2467,959,8263,4356,4839,14517,2302,195,4731,2246,150,2840,1,22:03
2024-25,1630578,Alperen Sengun,Alperen,1610612745,HOU,Houston Rockets,0022400568,2025-01-15T00:00:00,HOU @ DEN,W,25.658333333333335,12.6,29.5,0.429,0.0,1.4,0.0,2.8,2.8,1.0,4.2,8.4,12.6,11.2,1.4,2.8,0.0,5.6,1.4,2.8,28.1,23.9,67.1,0,0,57.5,1,1,13086,1,11444,1183,306,13735,15070,20379,15070,8339,10477,1,3293,4138,3047,930,13265,3672,8263,262,17609,9947,2760,3062,568,2246,150,1095,1,25:40
2024-25,1629611,Terance Mann,Terance,1610612746,LAC,LA Clippers,0022400571,2025-01-15T00:00:00,LAC vs. BKN,W,8.366666666666667,8.6,12.9,0.667,4.3,4.3,1.0,0.0,0.0,0.0,4.3,4.3,8.6,0.0,0.0,0.0,4.3,0.0,8.6,0.0,21.5,17.2,44.7,0,0,43.0,1,1,13086,1,22676,5422,12020,3281,3384,14905,1,13505,14344,13505,3162,12793,7301,19908,16469,12854,759,8846,1094,17725,6625,4834,5303,2246,150,5124,1,8:22
2024-25,1630224,Jalen Green,Jalen,1610612745,HOU,Houston Rockets,0022400568,2025-01-15T00:00:00,HOU @ DEN,W,29.6,12.2,19.5,0.625,7.3,12.2,0.6,9.7,9.7,1.0,1.2,0.0,1.2,6.1,1.2,0.0,1.2,0.0,2.4,6.1,41.4,15.8,54.4,0,0,58.4,1,1,13086,1,8140,1426,3369,4899,666,1693,2992,772,1492,1,11683,22137,22923,5349,14317,12854,6073,8846,13060,2522,381,5322,2123,2246,150,977,1,29:36
2024-25,1629656,Quentin Grimes,Quentin,1610612742,DAL,Dallas Mavericks,0022400566,2025-01-15T00:00:00,DAL @ NOP,L,18.553333333333335,11.6,21.3,0.545,1.9,7.8,0.25,1.9,3.9,0.5,0.0,3.9,3.9,3.9,0.0,1.9,0.0,0.0,1.9,7.8,27.2,0.0,43.5,0,0,40.7,1,13222,1,13222,17146,1770,2132,7695,10455,6875,11902,10838,8077,10625,14058,14089,17619,10281,16469,6562,8263,8846,15462,1158,3131,12240,5899,2246,150,6367,1,18:33
2024-25,1641718,Keyonte George,Keyonte,1610612762,UTA,Utah Jazz,0022400569,2025-01-15T00:00:00,UTA vs. CHA,L,30.6,10.6,25.9,0.409,5.9,15.3,0.385,3.5,5.9,0.6,1.2,3.5,4.7,7.1,1.2,2.4,0.0,2.4,3.5,5.9,30.6,-1.2,52.7,0,0,52.9,1,13222,1,13222,7219,2634,658,14895,1394,629,8766,6645,4634,10343,11948,15146,15540,3947,14607,4858,8263,2328,8671,2775,1899,13659,2527,2246,150,1816,1,30:36
2024-25,1629634,Brandon Clarke,Brandon,1610612763,MEM,Memphis Grizzlies,0022400567,2025-01-15T00:00:00,MEM @ SAS,W,10.65,6.8,13.5,0.5,0.0,0.0,0.0,3.4,6.8,0.5,3.4,13.5,16.9,6.8,3.4,3.4,3.4,3.4,0.0,3.4,16.9,33.8,64.2,0,0,54.1,1,1,13086,1,21857,9527,10969,8526,15070,20945,15070,6936,3598,10625,4580,872,1144,4338,5284,2421,1325,1010,20257,8014,10959,1526,762,2246,150,1603,1,10:39
2024-25,1627749,Dejounte Murray,Dejounte,1610612740,NOP,New Orleans Pelicans,0022400566,2025-01-15T00:00:00,NOP vs. DAL,W,33.016666666666666,10.9,24.0,0.455,4.4,10.9,0.4,6.5,8.7,0.75,0.0,7.6,7.6,7.6,2.2,2.2,0.0,0.0,1.1,4.4,32.7,9.8,57.7,0,0,56.7,1,1,13086,1,5136,2347,1069,12676,3300,2586,7874,2366,2035,8186,14058,5264,8906,3242,9594,5475,8263,8846,19155,5444,1381,7780,1522,2246,150,1200,1,33:01
2024-25,1642276,Kel'el Ware,Kel'el,1610612748,MIA,Miami Heat,0022400570,2025-01-15T00:00:00,MIA @ LAL,L,17.501666666666665,8.2,14.4,0.571,0.0,2.1,0.0,0.0,0.0,0.0,2.1,20.6,22.6,4.1,0.0,0.0,4.1,2.1,0.0,0.0,16.5,-2.1,62.1,0,0,51.4,1,13222,1,13222,17919,6156,9543,6538,15070,19446,15070,13505,14344,13505,8135,153,286,9633,16469,12854,862,3037,20257,17725,11438,14078,954,2246,150,2173,1,17:30
2024-25,201988,Patty Mills,Patty,1610612762,UTA,Utah Jazz,0022400569,2025-01-15T00:00:00,UTA vs. CHA,L,12.533333333333333,11.5,14.4,0.8,8.6,11.5,0.75,0.0,0.0,0.0,0.0,0.0,0.0,2.9,0.0,0.0,0.0,0.0,0.0,0.0,31.6,-20.1,35.9,0,0,43.1,1,13222,1,13222,20972,1872,9589,1688,347,2106,1542,13505,14344,13505,14058,22137,23286,13367,16469,12854,8263,8846,20257,17725,1612,21576,10431,2246,150,5098,1,12:32
2024-25,203507,Giannis Antetokounmpo,Giannis,1610612749,MIL,Milwaukee Bucks,0022400564,2025-01-15T00:00:00,MIL vs. ORL,W,29.84,13.3,18.1,0.733,0.0,0.0,0.0,4.8,9.7,0.5,0.0,13.3,13.3,4.8,7.2,1.2,0.0,0.0,0.0,7.2,31.4,30.2,50.9,1,0,51.9,1,1,13086,1,7935,914,4567,2644,15070,20945,15070,4302,1525,10625,14058,935,2626,7845,800,10126,8263,8846,20257,1487,1675,1945,3009,1,150,2068,1,29:50
2024-25,203081,Damian Lillard,Damian,1610612749,MIL,Milwaukee Bucks,0022400564,2025-01-15T00:00:00,MIL vs. ORL,W,30.483333333333334,15.4,22.4,0.684,3.5,3.5,1.0,1.2,1.2,1.0,0.0,5.9,5.9,4.7,3.5,4.7,0.0,0.0,1.2,1.2,35.4,31.9,60.2,0,0,59.0,1,1,13086,1,7334,439,1617,3255,5049,16564,1,12665,13920,1,14058,8536,12512,8126,4928,1067,8263,8846,18649,16500,909,1748,1167,2246,150,911,1,30:29
2024-25,1630538,Bones Hyland,Bones,1610612746,LAC,LA Clippers,0022400571,2025-01-15T00:00:00,LAC vs. BKN,W,14.35,7.5,15.1,0.5,2.5,10.0,0.25,5.0,5.0,1.0,0.0,7.5,7.5,12.5,5.0,5.0,0.0,0.0,5.0,0.0,22.6,25.1,60.5,0,0,55.2,1,1,13086,1,19976,7695,8509,8526,8118,3449,11902,4008,5886,1,14058,5444,9113,606,2317,888,8263,8846,4566,17725,5802,2794,1139,2246,150,1434,1,14:21
2024-25,201566,Russell Westbrook,Russell,1610612743,DEN,Denver Nuggets,0022400568,2025-01-15T00:00:00,DEN vs. HOU,L,24.691666666666666,8.7,20.4,0.429,4.4,7.3,0.6,2.9,2.9,1.0,4.4,1.5,5.8,2.9,7.3,1.5,0.0,1.5,4.4,1.5,24.8,-21.9,33.2,0,0,40.8,1,13222,1,13222,12288,5188,2683,13735,3275,7840,2992,8048,10190,1,3081,20971,12698,13219,779,8591,8263,4949,6092,15199,4316,22043,12394,2246,150,6307,1,24:42
2024-25,203114,Khris Middleton,Khris,1610612749,MIL,Milwaukee Bucks,0022400564,2025-01-15T00:00:00,MIL vs. ORL,W,21.116666666666667,8.5,13.6,0.625,0.0,1.7,0.0,6.8,10.2,0.667,0.0,3.4,3.4,10.2,0.0,3.4,0.0,0.0,1.7,5.1,23.9,32.4,53.5,0,0,44.3,1,1,13086,1,15206,5573,10759,4899,15070,20041,15070,2145,1280,9425,14058,15490,18761,1322,16469,2362,8263,8846,16520,3897,4896,1691,2320,2246,150,4542,1,21:07
2024-25,1641725,Trey Alexander,Trey,1610612743,DEN,Denver Nuggets,0022400568,2025-01-15T00:00:00,DEN vs. HOU,L,5.833333333333333,6.2,24.7,0.25,6.2,12.3,0.5,0.0,0.0,0.0,0.0,6.2,6.2,6.2,0.0,6.2,0.0,0.0,6.2,6.2,18.5,6.2,53.7,0,0,49.4,1,13222,1,13222,23649,11041,894,20233,1182,1594,3944,13505,14344,13505,14058,7960,11883,5205,16469,433,8263,8846,2734,2424,9311,9532,2276,2246,150,2703,1,5:50
2024-25,201935,James Harden,James,1610612746,LAC,LA Clippers,0022400571,2025-01-15T00:00:00,LAC vs. BKN,W,23.0,9.4,15.7,0.6,4.7,7.8,0.6,9.4,9.4,1.0,0.0,9.4,9.4,17.2,1.6,3.1,0.0,0.0,1.6,6.3,32.9,56.3,77.8,1,0,70.4,1,1,13086,1,13724,4035,7614,5394,2735,6759,2992,875,1660,1,14058,3117,6195,156,12481,2872,8263,8846,16976,2323,1351,418,242,1,150,308,1,23:00
2024-25,1631466,Nate Williams,Nate,1610612745,HOU,Houston Rockets,0022400568,2025-01-15T00:00:00,HOU @ DEN,W,5.833333333333333,24.7,24.7,1.0,6.2,6.2,1.0,0.0,0.0,0.0,0.0,0.0,0.0,6.2,0.0,6.2,0.0,0.0,6.2,0.0,55.5,-6.2,83.3,0,0,80.2,1,1,13086,1,23649,71,894,1,1182,10258,1,13505,14344,13505,14058,22137,23286,5205,16469,433,8263,8846,2734,17725,106,16141,152,2246,150,156,1,5:50
2024-25,1628378,Donovan Mitchell,Donovan,1610612739,CLE,Cleveland Cavaliers,0022400554,2025-01-14T00:00:00,CLE @ IND,W,31.316666666666666,13.8,26.4,0.522,3.4,10.3,0.333,9.2,9.2,1.0,2.3,8.0,10.3,3.4,2.3,2.3,0.0,0.0,3.4,4.6,40.2,14.9,62.4,0,0,62.1,1,1,13086,1,6594,763,572,8473,5259,3106,9209,942,1766,1,7247,4636,5063,11559,9074,5042,8263,8846,8896,4945,434,5647,924,2246,150,636,1,31:19
2024-25,203507,Giannis Antetokounmpo,Giannis,1610612749,MIL,Milwaukee Bucks,0022400558,2025-01-14T00:00:00,MIL vs. SAC,W,36.65,13.8,22.6,0.609,0.0,2.0,0.0,4.9,6.9,0.714,1.0,9.8,10.8,12.8,2.9,0.0,2.0,0.0,2.9,4.9,32.4,29.5,67.5,1,1,59.9,1,1,13086,1,2246,776,1549,5384,15070,19620,15070,4173,3499,9244,13398,2707,4591,572,6645,12854,3587,8846,10943,4272,1434,2036,543,1,1,834,1,36:39
2024-25,201142,Kevin Durant,Kevin,1610612756,PHX,Phoenix Suns,0022400556,2025-01-14T00:00:00,PHX @ ATL,L,38.95,12.0,18.5,0.65,0.0,1.8,0.0,4.6,6.5,0.714,0.9,6.5,7.4,5.5,2.8,1.8,1.8,0.9,0.0,7.4,28.7,4.6,54.2,0,0,49.0,1,13222,1,13222,899,1509,4229,4562,15070,19834,15070,4646,3916,9244,13809,7377,9383,6347,7315,7042,3933,8535,20257,1394,2546,10328,2165,2246,150,2837,1,38:57
2024-25,1630530,Trey Murphy III,Trey,1610612740,NOP,New Orleans Pelicans,0022400557,2025-01-14T00:00:00,NOP @ CHI,W,36.94833333333333,8.8,19.5,0.45,1.9,12.7,0.154,11.7,11.7,1.0,0.0,5.8,5.8,3.9,0.0,2.9,1.0,0.0,1.0,7.8,31.2,0.0,55.7,0,0,50.7,1,1,13086,1,2026,5144,3356,12982,10413,1442,14646,375,840,1,14058,8676,12649,10239,16469,3337,7659,8846,19839,1137,1737,12240,1854,2246,150,2355,1,36:57
2024-25,1628983,Shai Gilgeous-Alexander,Shai,1610612760,OKC,Oklahoma City Thunder,0022400555,2025-01-14T00:00:00,OKC @ PHI,W,33.18333333333333,13.0,16.3,0.8,1.1,3.3,0.333,7.6,8.7,0.875,1.1,2.2,3.3,9.8,4.3,2.2,1.1,0.0,4.3,5.4,34.7,16.3,58.7,0,0,55.3,1,1,13086,1,4996,1028,6724,1688,14039,17168,9209,1614,2067,6931,12596,19158,19098,1558,3238,5512,6891,8846,6174,3443,1004,5151,1379,2246,150,1410,1,33:11
2024-25,203081,Damian Lillard,Damian,1610612749,MIL,Milwaukee Bucks,0022400558,2025-01-14T00:00:00,MIL vs. SAC,W,35.1,8.2,15.4,0.533,5.1,8.2,0.625,3.1,3.1,1.0,0.0,5.1,5.1,7.2,2.1,0.0,1.0,0.0,2.1,3.1,24.6,14.4,42.6,0,0,44.1,1,1,13086,1,3384,6198,7985,8140,2129,6073,2868,7605,9780,1,14058,10481,14446,3792,10252,12854,7308,8846,14868,8970,4418,5873,6332,2246,150,4640,1,35:06
2024-25,1630699,MarJon Beauchamp,MarJon,1610612749,MIL,Milwaukee Bucks,0022400558,2025-01-14T00:00:00,MIL vs. SAC,W,2.5166666666666666,0.0,28.6,0.0,0.0,14.3,0.0,28.6,28.6,1.0,0.0,14.3,14.3,0.0,0.0,0.0,0.0,14.3,0.0,14.3,28.6,-85.8,45.8,0,0,42.9,1,1,13086,1,25203,22635,352,22635,15070,848,15070,35,58,1,14058,691,2095,19908,16469,12854,8263,30,20257,114,2565,26053,4828,2246,150,5187,1,2:31
2024-25,1641732,Colby Jones,Colby,1610612758,SAC,Sacramento Kings,0022400558,2025-01-14T00:00:00,SAC @ MIL,L,2.5166666666666666,14.3,14.3,1.0,0.0,0.0,0.0,0.0,0.0,0.0,0.0,0.0,0.0,0.0,0.0,0.0,14.3,0.0,0.0,0.0,28.6,85.8,71.5,0,0,57.2,1,13222,1,13222,25203,624,9676,1,15070,20945,15070,13505,14344,13505,14058,22137,23286,19908,16469,12854,25,8846,20257,17725,2565,126,385,2246,150,1137,1,2:31
2024-25,1626156,D'Angelo Russell,D'Angelo,1610612751,BKN,Brooklyn Nets,0022400560,2025-01-14T00:00:00,BKN @ POR,W,20.698333333333334,5.2,19.1,0.273,5.2,10.4,0.5,7.0,7.0,1.0,0.0,5.2,5.2,15.7,1.7,7.0,0.0,0.0,3.5,3.5,22.6,19.1,71.5,0,0,62.6,1,1,13086,1,15500,13765,3638,20048,2031,3029,3944,2033,3404,1,14058,10235,14232,238,11785,302,8263,8846,8803,7716,5773,4217,387,2246,150,604,1,20:42
2024-25,1630703,Scoot Henderson,Scoot,1610612757,POR,Portland Trail Blazers,0022400560,2025-01-14T00:00:00,POR vs. BKN,L,38.81666666666667,12.1,16.7,0.722,7.4,9.3,0.8,4.6,7.4,0.625,1.9,1.9,3.7,5.6,3.7,1.9,0.0,0.0,3.7,4.6,36.2,-10.2,50.8,0,0,56.6,1,13222,1,13222,955,1490,6179,2738,628,4416,1389,4612,2981,10271,9021,20098,18046,6314,4540,7004,8263,8846,8042,4859,798,17977,3036,2246,150,1216,1,38:49
2024-25,1626164,Devin Booker,Devin,1610612756,PHX,Phoenix Suns,0022400556,2025-01-14T00:00:00,PHX @ ATL,L,37.7,11.5,22.0,0.522,6.7,13.4,0.5,3.8,3.8,1.0,2.9,1.9,4.8,4.8,4.8,2.9,0.0,1.0,3.8,1.9,33.4,5.7,50.1,0,0,55.4,1,13222,1,13222,1568,1894,1835,8473,902,1144,3944,6041,8202,1,5687,19943,15359,7989,2624,3498,8263,8299,7675,13475,1237,9735,3234,2246,150,1399,1,37:42
2024-25,1642484,RayJ Dennis,RayJ,1610612754,IND,Indiana Pacers,0022400554,2025-01-14T00:00:00,IND vs. CLE,L,1.4833333333333334,0.0,24.3,0.0,0.0,24.3,0.0,48.5,48.5,1.0,0.0,0.0,0.0,0.0,0.0,24.3,0.0,0.0,0.0,24.3,48.5,97.1,121.3,0,0,97.1,1,13222,1,13222,25817,22635,984,22635,15070,117,15070,7,16,1,14058,22137,23286,19908,16469,9,8263,8846,20257,22,180,79,33,2246,150,68,1,1:29
2024-25,1630192,Zeke Nnaji,Zeke,1610612743,DEN,Denver Nuggets,0022400559,2025-01-14T00:00:00,DEN @ DAL,W,3.466666666666667,10.4,10.4,1.0,0.0,0.0,0.0,20.8,20.8,1.0,0.0,10.4,10.4,0.0,20.8,0.0,0.0,0.0,0.0,10.4,41.5,-41.5,33.2,0,0,51.9,1,1,13086,1,24728,2835,16407,1,15070,20945,15070,69,127,1,14058,2295,5018,19908,46,12854,8263,8846,20257,350,375,24938,12400,2246,150,2059,1,3:28
2024-25,1629162,Jordan McLaughlin,Jordan,1610612758,SAC,Sacramento Kings,0022400558,2025-01-14T00:00:00,SAC @ MIL,L,2.5166666666666666,14.3,14.3,1.0,14.3,14.3,1.0,0.0,0.0,0.0,0.0,14.3,14.3,14.3,0.0,0.0,0.0,0.0,14.3,0.0,42.9,85.8,81.5,0,0,85.8,1,13222,1,13222,25203,624,9676,1,84,848,1,13505,14344,13505,14058,691,2095,357,16469,12854,8263,8846,271,17725,317,126,173,2246,150,113,1,2:31
2024-25,1630631,Jose Alvarado,Jose,1610612740,NOP,New Orleans Pelicans,0022400557,2025-01-14T00:00:00,NOP @ CHI,W,16.266666666666666,8.9,17.7,0.5,8.9,17.7,0.5,0.0,0.0,0.0,2.2,4.4,6.6,6.6,0.0,2.2,0.0,0.0,2.2,0.0,26.6,42.0,51.1,0,0,53.1,1,1,13086,1,18746,4963,4999,8526,315,363,3944,13505,14344,13505,7551,12463,10869,4519,16469,5347,8263,8846,14042,17725,3402,838,2957,2246,150,1784,1,16:16
2024-25,203897,Zach LaVine,Zach,1610612741,CHI,Chicago Bulls,0022400557,2025-01-14T00:00:00,CHI vs. NOP,L,38.03333333333333,9.5,20.8,0.455,3.8,5.7,0.667,0.9,2.8,0.333,0.0,6.6,6.6,4.7,4.7,0.9,0.0,0.9,1.9,3.8,23.7,5.7,36.8,0,0,40.7,1,13222,1,13222,1365,3931,2445,12676,4480,11510,1957,13380,10393,13132,14058,7040,10885,8096,2676,12383,8263,8367,15725,6886,5008,9767,9824,2246,150,6377,1,38:02
2024-25,1641726,Dereck Lively II,Dereck,1610612742,DAL,Dallas Mavericks,0022400559,2025-01-14T00:00:00,DAL vs. DEN,L,3.933333333333333,18.3,27.5,0.667,0.0,0.0,0.0,0.0,0.0,0.0,0.0,0.0,0.0,0.0,0.0,0.0,9.2,0.0,0.0,0.0,36.6,-36.6,64.1,0,0,54.9,1,13222,1,13222,24527,197,447,3281,15070,20945,15070,13505,14344,13505,14058,22137,23286,19908,16469,12854,89,8846,20257,17725,739,24577,776,2246,150,1469,1,3:56
2024-25,1627750,Jamal Murray,Jamal,1610612743,DEN,Denver Nuggets,0022400559,2025-01-14T00:00:00,DEN @ DAL,W,36.983333333333334,17.5,25.3,0.692,4.9,8.8,0.556,3.9,3.9,1.0,0.0,1.9,1.9,5.8,4.9,1.9,0.0,1.0,0.0,1.9,43.8,13.6,55.9,0,0,60.4,1,1,13086,1,1997,244,769,3171,2462,5165,3747,5891,8048,1,14058,19835,21914,5774,2504,6524,8263,8157,20257,13332,288,6155,1826,2246,150,798,1,36:59
2024-25,1642382,Branden Carlson,Branden,1610612760,OKC,Oklahoma City Thunder,0022400555,2025-01-14T00:00:00,OKC @ PHI,W,2.5,14.4,14.4,1.0,14.4,14.4,1.0,0.0,0.0,0.0,0.0,0.0,0.0,0.0,0.0,0.0,0.0,0.0,14.4,0.0,43.2,14.4,43.2,0,0,57.6,1,1,13086,1,25215,600,9521,1,81,824,1,13505,14344,13505,14058,22137,23286,19908,16469,12854,8263,8846,269,17725,305,5859,6030,2246,150,1083,1,2:30
2024-25,1629027,Trae Young,Trae,1610612737,ATL,Atlanta Hawks,0022400556,2025-01-14T00:00:00,ATL vs. PHX,W,38.11666666666667,12.3,29.3,0.419,5.7,11.3,0.5,10.4,13.2,0.786,1.9,0.9,2.8,4.7,5.7,2.8,0.0,1.9,1.9,9.4,40.6,9.4,53.9,0,0,59.5,1,1,13086,1,1316,1365,319,14530,1593,2236,3944,588,561,8082,8868,22059,20164,8128,1668,3590,8263,3597,15753,540,413,7966,2221,2246,150,872,1,38:07
2024-25,1630168,Onyeka Okongwu,Onyeka,1610612737,ATL,Atlanta Hawks,0022400556,2025-01-14T00:00:00,ATL vs. PHX,W,28.166666666666668,11.5,17.9,0.643,0.0,0.0,0.0,5.1,6.4,0.8,12.8,14.1,26.8,1.3,1.3,1.3,0.0,1.3,0.0,3.8,28.1,15.3,64.8,1,0,58.8,1,1,13086,1,9408,1864,4813,4607,15070,20945,15070,3866,4018,7681,204,750,141,18729,13917,9593,8263,5764,20257,6756,2737,5487,711,1,150,936,1,28:10
2024-25,1629627,Zion Williamson,Zion,1610612740,NOP,New Orleans Pelicans,0022400557,2025-01-14T00:00:00,NOP @ CHI,W,23.883333333333333,15.1,21.1,0.714,0.0,0.0,0.0,1.5,6.0,0.25,7.5,3.0,10.6,13.6,6.0,0.0,1.5,1.5,4.5,4.5,31.7,10.6,63.2,0,0,58.8,1,1,13086,1,13003,482,2278,2752,15070,20945,15070,11782,4430,13358,936,16665,4859,439,1360,12854,4817,4745,5729,5089,1594,7446,865,2246,150,938,1,23:53
2024-25,1629614,Andrew Nembhard,Andrew,1610612754,IND,Indiana Pacers,0022400554,2025-01-14T00:00:00,IND vs. CLE,L,32.96666666666667,4.4,13.1,0.333,0.0,1.1,0.0,2.2,5.5,0.4,1.1,3.3,4.4,9.8,2.2,3.3,0.0,1.1,1.1,4.4,10.9,-19.7,38.5,0,0,31.7,1,13222,1,13222,5178,16152,11664,17395,15070,20755,15070,10013,5238,13061,12532,15865,16364,1520,9573,2609,8263,7119,19146,5428,17245,21451,8673,2246,150,12651,1,32:58
2024-25,1630702,Jaden Hardy,Jaden,1610612742,DAL,Dallas Mavericks,0022400559,2025-01-14T00:00:00,DAL vs. DEN,L,20.316666666666666,3.5,15.9,0.222,0.0,5.3,0.0,1.8,3.5,0.5,1.8,1.8,3.5,7.1,7.1,1.8,0.0,1.8,5.3,3.5,8.9,-7.1,22.0,0,0,23.0,1,13222,1,13222,15769,18219,7185,21205,15070,12422,15070,11292,8798,10625,9344,20312,18461,3902,852,7364,8263,3973,3993,7548,19212,16547,20164,2246,150,18997,1,20:19
2024-25,1641736,Reece Beekman,Reece,1610612751,BKN,Brooklyn Nets,0022400560,2025-01-14T00:00:00,BKN @ POR,W,0.91,0.0,0.0,0.0,0.0,0.0,0.0,0.0,0.0,0.0,0.0,0.0,0.0,39.6,0.0,0.0,0.0,0.0,0.0,0.0,0.0,118.7,59.3,0,0,39.6,1,1,13086,1,26085,22635,24836,22635,15070,20945,15070,13505,14344,13505,14058,22137,23286,10,16469,12854,8263,8846,20257,17725,23200,42,1275,2246,150,7034,1,0:55
2024-25,1627936,Alex Caruso,Alex,1610612760,OKC,Oklahoma City Thunder,0022400555,2025-01-14T00:00:00,OKC @ PHI,W,17.8,2.0,8.1,0.25,2.0,6.1,0.333,0.0,0.0,0.0,0.0,2.0,2.0,2.0,0.0,4.0,2.0,0.0,4.0,2.0,6.1,-30.3,29.7,0,0,24.3,1,1,13086,1,17706,21362,20103,20233,10055,10518,9209,13505,14344,13505,14058,19582,21755,16290,16469,1590,3410,8846,7010,12975,21341,23790,15003,2246,150,18155,1,17:48
2024-25,1629656,Quentin Grimes,Quentin,1610612742,DAL,Dallas Mavericks,0022400559,2025-01-14T00:00:00,DAL vs. DEN,L,26.583333333333332,4.1,10.8,0.375,2.7,8.1,0.333,2.7,2.7,1.0,0.0,0.0,0.0,6.8,0.0,4.1,0.0,0.0,1.4,1.4,13.5,0.0,35.9,0,0,31.1,1,13222,1,13222,10652,16944,15636,16299,7511,6232,9209,8558,10724,1,14058,22137,23286,4323,16469,1575,8263,8846,17809,15651,14450,12240,10445,2246,150,13044,1,26:35
2024-25,1630241,Sam Merrill,Sam,1610612739,CLE,Cleveland Cavaliers,0022400554,2025-01-14T00:00:00,CLE @ IND,W,12.15,3.0,14.8,0.2,3.0,14.8,0.2,0.0,0.0,0.0,3.0,0.0,3.0,0.0,3.0,0.0,0.0,3.0,0.0,0.0,8.9,-20.7,9.5,0,0,14.8,1,1,13086,1,21171,19502,8876,21401,6641,734,13429,13505,14344,13505,5431,22137,19825,19908,6611,12854,8263,1383,20257,17725,19185,21765,24498,2246,150,23122,1,12:09
2024-25,1629028,Deandre Ayton,Deandre,1610612757,POR,Portland Trail Blazers,0022400560,2025-01-14T00:00:00,POR vs. BKN,L,24.3,1.5,5.9,0.25,0.0,0.0,0.0,0.0,0.0,0.0,0.0,11.9,11.9,0.0,1.5,0.0,0.0,0.0,1.5,0.0,3.0,-28.1,15.7,0,0,14.8,1,13222,1,13222,12648,22189,22682,20233,15070,20945,15070,13505,14344,13505,14058,1439,3614,19908,12839,12854,8263,8846,17294,17725,22964,23466,22951,2246,150,23122,1,24:18
2024-25,1641787,Tosan Evbuomwan,Tosan,1610612751,BKN,Brooklyn Nets,0022400560,2025-01-14T00:00:00,BKN @ POR,W,18.333333333333332,7.9,11.8,0.667,2.0,3.9,0.5,2.0,3.9,0.5,2.0,5.9,7.9,2.0,0.0,0.0,0.0,0.0,5.9,2.0,19.6,19.6,32.0,0,0,31.4,1,1,13086,1,17330,6939,13973,3281,10327,15720,3944,10765,7992,10625,8555,8561,8533,16499,16469,12854,8263,8846,3083,13252,8217,4056,13322,2246,150,12839,1,18:20
2024-25,1630625,Dalano Banton,Dalano,1610612757,POR,Portland Trail Blazers,0022400560,2025-01-14T00:00:00,POR vs. BKN,L,18.583333333333332,5.8,13.6,0.429,3.9,7.7,0.5,3.9,3.9,1.0,0.0,0.0,0.0,1.9,0.0,1.9,0.0,0.0,1.9,3.9,19.4,-15.5,28.1,0,0,29.1,1,13222,1,13222,17123,12083,10896,13735,4256,6901,3944,5922,8087,1,14058,22137,23286,16615,16469,6579,8263,8846,15476,6641,8486,20095,16147,2246,150,14653,1,18:35
2024-25,1641753,Chris Livingston,Chris,1610612749,MIL,Milwaukee Bucks,0022400558,2025-01-14T00:00:00,MIL vs. SAC,W,2.5166666666666666,0.0,0.0,0.0,0.0,0.0,0.0,0.0,0.0,0.0,14.3,0.0,14.3,0.0,0.0,0.0,0.0,0.0,0.0,0.0,0.0,-85.8,17.2,0,0,14.3,1,1,13086,1,25203,22635,24836,22635,15070,20945,15070,13505,14344,13505,152,22137,2095,19908,16469,12854,8263,8846,20257,17725,23200,26053,22424,2246,150,23320,1,2:31
2024-25,1627777,Georges Niang,Georges,1610612739,CLE,Cleveland Cavaliers,0022400554,2025-01-14T00:00:00,CLE @ IND,W,17.383333333333333,6.2,10.4,0.6,2.1,6.2,0.333,0.0,0.0,0.0,4.1,2.1,6.2,0.0,2.1,0.0,0.0,0.0,4.1,0.0,14.5,-6.2,19.9,0,0,22.8,1,1,13086,1,18012,10936,16455,5394,9811,10168,9209,13505,14344,13505,3381,19448,11796,19908,10154,12854,8263,8846,6710,17725,13412,16166,21221,2246,150,19150,1,17:23
2024-25,1631101,Shaedon Sharpe,Shaedon,1610612757,POR,Portland Trail Blazers,0022400560,2025-01-14T00:00:00,POR vs. BKN,L,34.53333333333333,9.4,17.7,0.529,1.0,5.2,0.2,2.1,2.1,1.0,0.0,2.1,2.1,2.1,2.1,1.0,0.0,0.0,1.0,2.1,21.9,-11.5,28.6,0,0,29.2,1,13222,1,13222,3822,4054,4986,8281,14293,12673,13429,10342,12469,1,14058,19403,21643,16046,10072,11564,8263,8846,19457,12682,6293,18519,15826,2246,150,14548,1,34:32
2024-25,1641739,Toumani Camara,Toumani,1610612757,POR,Portland Trail Blazers,0022400560,2025-01-14T00:00:00,POR vs. BKN,L,38.28333333333333,6.6,19.7,0.333,3.8,10.3,0.364,4.7,4.7,1.0,2.8,1.9,4.7,1.9,0.0,1.9,1.9,1.9,1.9,4.7,21.6,1.9,41.4,0,0,39.5,1,13222,1,13222,1228,9980,3151,17395,4549,3108,9100,4512,6476,1,5802,20025,15559,16815,16469,6855,3824,3625,15783,4713,6525,11695,6942,2246,150,7073,1,38:17
2024-25,1626171,Bobby Portis,Bobby,1610612749,MIL,Milwaukee Bucks,0022400558,2025-01-14T00:00:00,MIL vs. SAC,W,20.9,6.9,15.5,0.444,0.0,3.4,0.0,0.0,0.0,0.0,3.4,12.1,15.5,1.7,0.0,0.0,0.0,1.7,1.7,0.0,13.8,6.9,35.0,0,0,31.0,1,1,13086,1,15357,9187,7817,13045,15070,16776,15070,13505,14344,13505,4464,1328,1577,17304,16469,12854,8263,4087,16458,17725,14192,9188,11076,2246,150,13155,1,20:54
2024-25,1628467,Maxi Kleber,Maxi,1610612742,DAL,Dallas Mavericks,0022400559,2025-01-14T00:00:00,DAL vs. DEN,L,18.183333333333334,7.9,13.9,0.571,4.0,7.9,0.5,0.0,0.0,0.0,2.0,0.0,2.0,5.9,0.0,0.0,0.0,0.0,4.0,4.0,19.8,-33.7,31.1,0,0,31.7,1,13222,1,13222,17449,6812,10410,6538,4077,6588,3944,13505,14344,13505,8476,22137,21839,5607,16469,12854,8263,8846,7253,6430,8074,24253,13999,2246,150,12644,1,18:11
2024-25,1642505,Alex Ducas,Alex,1610612760,OKC,Oklahoma City Thunder,0022400555,2025-01-14T00:00:00,OKC @ PHI,W,1.5666666666666667,0.0,0.0,0.0,0.0,0.0,0.0,0.0,0.0,0.0,0.0,23.0,23.0,0.0,0.0,0.0,0.0,0.0,0.0,0.0,0.0,-23.0,27.6,0,0,23.0,1,1,13086,1,25750,22635,24836,22635,15070,20945,15070,13505,14344,13505,14058,102,264,19908,16469,12854,8263,8846,20257,17725,23200,22328,16520,2246,150,19033,1,1:34
2024-25,1628464,Daniel Theis,Daniel,1610612740,NOP,New Orleans Pelicans,0022400557,2025-01-14T00:00:00,NOP @ CHI,W,25.383333333333333,1.4,5.7,0.25,0.0,2.8,0.0,2.8,5.7,0.5,1.4,8.5,9.9,4.3,2.8,1.4,0.0,0.0,2.8,2.8,5.7,14.2,25.4,0,0,22.7,1,1,13086,1,11666,22271,22925,20233,15070,17984,15070,8248,4927,10625,10675,4046,5519,9241,7081,8811,8263,8846,11476,9833,21612,5948,18016,2246,150,19218,1,25:23
2024-25,1641741,Ricky Council IV,Ricky,1610612755,PHI,Philadelphia 76ers,0022400555,2025-01-14T00:00:00,PHI vs. OKC,L,35.376666666666665,5.1,15.3,0.333,1.0,8.1,0.125,2.0,3.1,0.667,2.0,2.0,4.1,4.1,6.1,0.0,0.0,1.0,2.0,5.1,13.2,-15.3,18.1,0,0,22.4,1,13222,1,13222,3174,14127,8161,17395,14438,6198,14886,10509,9841,9425,8226,19549,17138,9741,1322,12854,8263,7753,14942,3944,14838,20001,22048,2246,150,19432,1,35:23
2024-25,1631223,David Roddy,David,1610612737,ATL,Atlanta Hawks,0022400556,2025-01-14T00:00:00,ATL vs. PHX,W,15.816666666666666,0.0,6.8,0.0,0.0,2.3,0.0,0.0,0.0,0.0,6.8,6.8,13.7,6.8,2.3,0.0,4.6,0.0,2.3,0.0,0.0,6.8,38.0,0,0,29.6,1,1,13086,1,19057,22635,21758,22635,15070,19035,15070,13505,14344,13505,1212,6662,2406,4256,9179,12854,668,8846,13741,17725,23200,9217,9018,2246,150,14247,1,15:49
2024-25,1642345,Oso Ighodaro,Oso,1610612756,PHX,Phoenix Suns,0022400556,2025-01-14T00:00:00,PHX @ ATL,L,19.183333333333334,1.9,7.5,0.25,0.0,1.9,0.0,3.8,7.5,0.5,0.0,9.4,9.4,1.9,1.9,1.9,0.0,0.0,0.0,3.8,7.5,-15.0,25.3,0,0,22.5,1,13222,1,13222,16683,21618,20916,20233,15070,19782,15070,6176,2901,10625,14058,3126,6208,16830,11172,6877,8263,8846,20257,6978,20315,19910,18052,2246,150,19341,1,19:11
2024-25,1629023,P.J. Washington,P.J.,1610612742,DAL,Dallas Mavericks,0022400559,2025-01-14T00:00:00,DAL vs. DEN,L,26.3,2.7,13.7,0.2,0.0,2.7,0.0,1.4,2.7,0.5,4.1,6.8,11.0,5.5,1.4,2.7,1.4,2.7,2.7,1.4,6.8,-26.0,39.1,0,0,31.5,1,13222,1,13222,10902,20004,10672,21401,15070,18187,15070,12109,10647,10625,3440,6627,4456,6477,13465,3835,5370,1687,11892,15583,20831,23031,8301,2246,150,12787,1,26:18
2024-25,1627752,Taurean Prince,Taurean,1610612749,MIL,Milwaukee Bucks,0022400558,2025-01-14T00:00:00,MIL vs. SAC,W,22.85,4.7,6.3,0.75,4.7,6.3,0.75,0.0,0.0,0.0,0.0,7.9,7.9,4.7,0.0,0.0,0.0,0.0,6.3,0.0,14.2,41.0,30.7,0,0,31.5,1,1,13086,1,13831,15177,22319,2107,2688,9977,1542,13505,14344,13505,14058,4898,8506,8119,16469,12854,8263,8846,2601,17725,13750,914,14261,2246,150,12768,1,22:51
2024-25,1642269,Devin Carter,Devin,1610612758,SAC,Sacramento Kings,0022400558,2025-01-14T00:00:00,SAC @ MIL,L,14.083333333333334,2.6,15.3,0.167,0.0,10.2,0.0,2.6,5.1,0.5,0.0,5.1,5.1,2.6,0.0,0.0,0.0,0.0,0.0,5.1,7.7,-28.1,17.6,0,0,15.3,1,13222,1,13222,20151,20355,8043,21938,15070,3242,15070,8906,5733,10625,14058,10523,14485,14345,16469,12854,8263,8846,20257,3900,20182,23453,22242,2246,150,22935,1,14:05
2024-25,1627734,Domantas Sabonis,Domantas,1610612758,SAC,Sacramento Kings,0022400558,2025-01-14T00:00:00,SAC @ MIL,L,36.15,6.0,9.0,0.667,2.0,2.0,1.0,2.0,4.0,0.5,2.0,8.0,10.0,9.0,3.0,1.0,0.0,0.0,4.0,3.0,15.9,-10.0,41.3,1,0,38.8,1,13222,1,13222,2569,11594,18775,3281,10201,19573,1,10678,7874,10625,8424,4755,5481,2053,6536,11998,8263,8846,7188,9301,11992,17874,6975,1,150,7492,1,36:09
2024-25,1631157,Ryan Rollins,Ryan,1610612749,MIL,Milwaukee Bucks,0022400558,2025-01-14T00:00:00,MIL vs. SAC,W,19.316666666666666,7.5,16.8,0.444,1.9,7.5,0.25,1.9,1.9,1.0,0.0,5.6,5.6,0.0,3.7,1.9,0.0,1.9,1.9,1.9,18.6,14.9,27.2,0,0,29.8,1,1,13086,1,16563,7881,6084,13045,10812,7493,11902,11075,13084,1,14058,9323,13312,19908,4492,6957,8263,3697,15871,13676,9172,5667,16818,2246,150,14084,1,19:19
2024-25,1641716,Jarace Walker,Jarace,1610612754,IND,Indiana Pacers,0022400554,2025-01-14T00:00:00,IND vs. CLE,L,17.9,8.0,16.1,0.5,2.0,8.0,0.25,4.0,4.0,1.0,2.0,8.0,10.1,2.0,0.0,0.0,2.0,0.0,8.0,2.0,22.1,-14.1,43.2,0,0,40.2,1,13222,1,13222,17630,6540,6983,8526,10115,6376,11902,5661,7796,1,8339,4640,5366,16333,16469,12854,3451,8846,1344,13034,6120,19535,6018,2246,150,6661,1,17:54
2024-25,1627732,Ben Simmons,Ben,1610612751,BKN,Brooklyn Nets,0022400560,2025-01-14T00:00:00,BKN @ POR,W,26.266666666666666,2.7,8.2,0.333,0.0,0.0,0.0,1.4,2.7,0.5,2.7,9.6,12.3,15.1,2.7,0.0,0.0,1.4,6.9,1.4,6.9,8.2,41.5,0,0,34.3,1,1,13086,1,10937,19995,19913,17395,15070,20945,15070,12102,10637,10625,6005,2928,3244,286,7408,12854,8263,5307,2104,15571,20819,8521,6872,2246,150,10642,1,26:16
2024-25,1631128,Christian Braun,Christian,1610612743,DEN,Denver Nuggets,0022400559,2025-01-14T00:00:00,DEN @ DAL,W,29.25,3.7,7.4,0.5,0.0,1.2,0.0,0.0,0.0,0.0,1.2,3.7,4.9,0.0,0.0,0.0,3.7,1.2,2.5,0.0,7.4,25.8,24.4,0,0,19.7,1,1,13086,1,8450,17860,21095,8526,15070,20581,15070,13505,14344,13505,11601,14656,14999,19908,16469,12854,1083,6050,12942,17725,20423,2642,18696,2246,150,21039,1,29:15
2024-25,1630314,Brandon Williams,Brandon,1610612742,DAL,Dallas Mavericks,0022400559,2025-01-14T00:00:00,DAL vs. DEN,L,4.2,8.6,8.6,1.0,8.6,8.6,1.0,0.0,0.0,0.0,0.0,0.0,0.0,0.0,0.0,0.0,0.0,0.0,0.0,8.6,25.7,0.0,25.7,0,0,34.3,1,13222,1,13222,24380,5483,19388,1,355,5458,1,13505,14344,13505,14058,22137,23286,19908,16469,12854,8263,8846,20257,797,3823,12240,17807,2246,150,10617,1,4:12
2024-25,1630553,Keon Johnson,Keon,1610612751,BKN,Brooklyn Nets,0022400560,2025-01-14T00:00:00,BKN @ POR,W,28.95,8.7,14.9,0.583,3.7,7.5,0.5,3.7,5.0,0.75,0.0,3.7,3.7,5.0,2.5,1.2,0.0,0.0,1.2,2.5,24.9,14.9,38.1,0,0,39.8,1,1,13086,1,8713,5264,8723,6296,4620,7483,3944,6218,5976,8186,14058,14534,17987,7525,8303,9841,8263,8846,18310,11040,4269,5661,8995,2246,150,6897,1,28:57
2024-25,201566,Russell Westbrook,Russell,1610612743,DEN,Denver Nuggets,0022400559,2025-01-14T00:00:00,DEN @ DAL,W,26.25,4.1,15.1,0.273,1.4,4.1,0.333,2.7,2.7,1.0,2.7,5.5,8.2,4.1,5.5,2.7,1.4,2.7,2.7,1.4,12.3,30.2,35.2,0,0,34.3,1,1,13086,1,10949,16810,8454,20048,12555,15312,9209,8479,10631,1,5999,9567,7892,9624,1823,3821,5355,1682,11874,15565,15764,1944,10905,2246,150,10617,1,26:15
2024-25,1629618,Jalen Pickett,Jalen,1610612743,DEN,Denver Nuggets,0022400559,2025-01-14T00:00:00,DEN @ DAL,W,4.2,8.6,8.6,1.0,8.6,8.6,1.0,0.0,0.0,0.0,0.0,0.0,0.0,0.0,8.6,0.0,0.0,0.0,8.6,0.0,25.7,0.0,17.1,0,0,34.3,1,1,13086,1,24380,5483,19388,1,355,5458,1,13505,14344,13505,14058,22137,23286,19908,485,12854,8263,8846,1108,17725,3823,12240,22431,2246,150,10617,1,4:12
2024-25,201949,James Johnson,James,1610612754,IND,Indiana Pacers,0022400554,2025-01-14T00:00:00,IND vs. CLE,L,1.4833333333333334,0.0,0.0,0.0,0.0,0.0,0.0,0.0,0.0,0.0,0.0,0.0,0.0,0.0,0.0,0.0,0.0,0.0,0.0,0.0,0.0,97.1,0.0,0,0,0.0,1,13222,1,13222,25817,22635,24836,22635,15070,20945,15070,13505,14344,13505,14058,22137,23286,19908,16469,12854,8263,8846,20257,17725,23200,79,25228,2246,150,25259,1,1:29
2024-25,1631133,Jabari Walker,Jabari,1610612757,POR,Portland Trail Blazers,0022400560,2025-01-14T00:00:00,POR vs. BKN,L,4.766666666666667,0.0,0.0,0.0,0.0,0.0,0.0,0.0,0.0,0.0,0.0,0.0,0.0,0.0,7.6,0.0,0.0,0.0,0.0,0.0,0.0,-151.0,-7.6,0,0,0.0,1,13222,1,13222,24110,22635,24836,22635,15070,20945,15070,13505,14344,13505,14058,22137,23286,19908,692,12854,8263,8846,20257,17725,23200,26258,26201,2246,150,25259,1,4:46
2024-25,1627783,Pascal Siakam,Pascal,1610612754,IND,Indiana Pacers,0022400554,2025-01-14T00:00:00,IND vs. CLE,L,33.733333333333334,10.7,17.1,0.625,2.1,2.1,1.0,1.1,1.1,1.0,2.1,5.3,7.5,4.3,1.1,1.1,0.0,0.0,2.1,4.3,24.5,-11.7,42.0,0,0,40.6,1,13222,1,13222,4498,2541,5719,4899,9534,19303,1,13013,14096,1,7831,9931,9232,9208,15370,11321,8263,8846,14434,5676,4460,18640,6590,2246,150,6472,1,33:44
2024-25,1642277,Johnny Furphy,Johnny,1610612754,IND,Indiana Pacers,0022400554,2025-01-14T00:00:00,IND vs. CLE,L,1.4833333333333334,0.0,0.0,0.0,0.0,0.0,0.0,0.0,0.0,0.0,0.0,0.0,0.0,0.0,0.0,0.0,0.0,0.0,0.0,0.0,0.0,97.1,0.0,0,0,0.0,1,13222,1,13222,25817,22635,24836,22635,15070,20945,15070,13505,14344,13505,14058,22137,23286,19908,16469,12854,8263,8846,20257,17725,23200,79,25228,2246,150,25259,1,1:29
2024-25,1642281,Jaylon Tyson,Jaylon,1610612739,CLE,Cleveland Cavaliers,0022400554,2025-01-14T00:00:00,CLE @ IND,W,1.4833333333333334,0.0,0.0,0.0,0.0,0.0,0.0,0.0,0.0,0.0,0.0,0.0,0.0,0.0,0.0,0.0,0.0,0.0,0.0,0.0,0.0,-97.1,0.0,0,0,0.0,1,1,13086,1,25817,22635,24836,22635,15070,20945,15070,13505,14344,13505,14058,22137,23286,19908,16469,12854,8263,8846,20257,17725,23200,26127,25228,2246,150,25259,1,1:29
2024-25,1626220,Royce O'Neale,Royce,1610612756,PHX,Phoenix Suns,0022400556,2025-01-14T00:00:00,PHX @ ATL,L,16.433333333333334,2.2,11.0,0.2,0.0,8.8,0.0,0.0,0.0,0.0,2.2,6.6,8.8,2.2,2.2,2.2,0.0,0.0,2.2,0.0,4.4,-48.2,22.6,0,0,19.7,1,13222,1,13222,18635,21058,15443,21401,15070,5162,15070,13505,14344,13505,7609,7158,7084,15661,9547,5437,8263,8846,14134,17725,22358,25325,19838,2246,150,21027,1,16:26
2024-25,1641727,Dariq Whitehead,Dariq,1610612751,BKN,Brooklyn Nets,0022400560,2025-01-14T00:00:00,BKN @ POR,W,0.91,0.0,0.0,0.0,0.0,0.0,0.0,0.0,0.0,0.0,0.0,0.0,0.0,0.0,0.0,0.0,0.0,0.0,0.0,0.0,0.0,118.7,0.0,0,0,0.0,1,1,13086,1,26085,22635,24836,22635,15070,20945,15070,13505,14344,13505,14058,22137,23286,19908,16469,12854,8263,8846,20257,17725,23200,42,25228,2246,150,25259,1,0:55
2024-25,1631124,Julian Strawther,Julian,1610612743,DEN,Denver Nuggets,0022400559,2025-01-14T00:00:00,DEN @ DAL,W,17.65,2.0,6.1,0.333,2.0,6.1,0.333,0.0,0.0,0.0,0.0,6.1,6.1,6.1,2.0,0.0,0.0,0.0,8.2,0.0,6.1,-4.1,20.6,0,0,20.4,1,1,13086,1,17819,21333,22496,17395,9963,10388,9209,13505,14344,13505,14058,8053,11995,5296,10300,12854,8263,8846,1297,17725,21306,15107,20899,2246,150,20632,1,17:39
2024-25,1641748,Andre Jackson Jr.,Andre,1610612749,MIL,Milwaukee Bucks,0022400558,2025-01-14T00:00:00,MIL vs. SAC,W,14.083333333333334,2.6,5.1,0.5,0.0,2.6,0.0,0.0,0.0,0.0,5.1,2.6,7.7,0.0,0.0,0.0,0.0,0.0,7.7,0.0,5.1,-12.8,14.3,0,0,12.8,1,1,13086,1,20151,20355,23378,8526,15070,18525,15070,13505,14344,13505,2273,18041,8844,19908,16469,12854,8263,8846,1533,17725,21952,19048,23398,2246,150,23783,1,14:05
2024-25,203992,Bogdan Bogdanović,Bogdan,1610612737,ATL,Atlanta Hawks,0022400556,2025-01-14T00:00:00,ATL vs. PHX,W,25.883333333333333,4.2,18.1,0.231,2.8,12.5,0.222,1.4,2.8,0.5,0.0,0.0,0.0,4.2,0.0,0.0,0.0,0.0,2.8,1.4,12.5,15.3,18.8,0,0,19.5,1,1,13086,1,11254,16669,4577,21157,7273,1513,13288,12039,10530,10625,14058,22137,23286,9463,16469,12854,8263,8846,11719,15490,15578,5505,21769,2246,150,21166,1,25:53
2024-25,203939,Dwight Powell,Dwight,1610612742,DAL,Dallas Mavericks,0022400559,2025-01-14T00:00:00,DAL vs. DEN,L,14.283333333333333,0.0,0.0,0.0,0.0,0.0,0.0,2.5,5.0,0.5,2.5,2.5,5.0,2.5,0.0,5.0,0.0,0.0,7.6,2.5,2.5,-5.0,27.5,0,0,20.2,1,13222,1,13222,20029,22635,24836,22635,15070,20945,15070,8990,5837,10625,6549,18132,14699,14469,16469,879,8263,8846,1591,10909,23073,15611,16605,2246,150,20772,1,14:17
2024-25,1628386,Jarrett Allen,Jarrett,1610612739,CLE,Cleveland Cavaliers,0022400554,2025-01-14T00:00:00,CLE @ IND,W,32.0,5.6,6.8,0.833,0.0,0.0,0.0,6.8,6.8,1.0,0.0,10.1,10.1,2.3,1.1,1.1,1.1,0.0,2.3,4.5,18.0,10.1,39.2,0,0,34.9,1,1,13086,1,5961,12631,21831,1514,15070,20945,15070,2197,3608,1,14058,2486,5298,15433,14975,10822,6636,8846,13879,5140,9827,7639,8299,2246,150,10179,1,32:00
2024-25,1641712,Rayan Rupert,Rayan,1610612757,POR,Portland Trail Blazers,0022400560,2025-01-14T00:00:00,POR vs. BKN,L,1.2333333333333334,0.0,29.2,0.0,0.0,0.0,0.0,0.0,0.0,0.0,0.0,0.0,0.0,0.0,0.0,0.0,0.0,0.0,0.0,0.0,0.0,-145.9,0.0,0,0,0.0,1,13222,1,13222,25942,22635,320,22635,15070,20945,15070,13505,14344,13505,14058,22137,23286,19908,16469,12854,8263,8846,20257,17725,23200,26255,25228,2246,150,25259,1,1:14
2024-25,1631303,Justin Minaya,Justin,1610612757,POR,Portland Trail Blazers,0022400560,2025-01-14T00:00:00,POR vs. BKN,L,1.2333333333333334,0.0,0.0,0.0,0.0,0.0,0.0,0.0,0.0,0.0,0.0,0.0,0.0,0.0,0.0,0.0,0.0,0.0,29.2,0.0,0.0,-145.9,0.0,0,0,0.0,1,13222,1,13222,25942,22635,24836,22635,15070,20945,15070,13505,14344,13505,14058,22137,23286,19908,16469,12854,8263,8846,45,17725,23200,26255,25228,2246,150,25259,1,1:14
2024-25,1642403,Isaac Jones,Isaac,1610612758,SAC,Sacramento Kings,0022400558,2025-01-14T00:00:00,SAC @ MIL,L,2.5166666666666666,0.0,14.3,0.0,0.0,0.0,0.0,0.0,0.0,0.0,0.0,0.0,0.0,0.0,0.0,0.0,0.0,14.3,0.0,0.0,0.0,85.8,0.0,0,0,0.0,1,13222,1,13222,25203,22635,9676,22635,15070,20945,15070,13505,14344,13505,14058,22137,23286,19908,16469,12854,8263,30,20257,17725,23200,126,25228,2246,150,25259,1,2:31
2024-25,203486,Mason Plumlee,Mason,1610612756,PHX,Phoenix Suns,0022400556,2025-01-14T00:00:00,PHX @ ATL,L,25.066666666666666,1.4,2.9,0.5,0.0,0.0,0.0,1.4,1.4,1.0,0.0,7.2,7.2,5.7,1.4,0.0,1.4,0.0,4.3,2.9,4.3,1.4,24.4,0,0,20.1,1,13222,1,13222,11944,22245,24532,8526,15070,20945,15070,11936,13554,1,14058,6037,9782,5958,13071,12854,5093,8846,6257,9678,22398,11903,18674,2246,150,20794,1,25:04
2024-25,203109,Jae Crowder,Jae,1610612758,SAC,Sacramento Kings,0022400558,2025-01-14T00:00:00,SAC @ MIL,L,2.5833333333333335,0.0,0.0,0.0,0.0,0.0,0.0,0.0,0.0,0.0,0.0,0.0,0.0,0.0,0.0,0.0,0.0,0.0,0.0,13.9,0.0,-97.5,0.0,0,0,0.0,1,13222,1,13222,25183,22635,24836,22635,15070,20945,15070,13505,14344,13505,14058,22137,23286,19908,16469,12854,8263,8846,20257,126,23200,26133,25228,2246,150,25259,1,2:35
2024-25,1629014,Anfernee Simons,Anfernee,1610612757,POR,Portland Trail Blazers,0022400560,2025-01-14T00:00:00,POR vs. BKN,L,31.816666666666666,3.4,13.6,0.25,2.3,6.8,0.333,3.4,3.4,1.0,0.0,1.1,1.1,4.5,2.3,0.0,0.0,0.0,1.1,1.1,12.4,-21.5,18.3,0,0,20.4,1,13222,1,13222,6140,18552,10870,20233,8996,8923,9209,6910,9104,1,14058,21677,23034,8586,9249,12854,8263,8846,18911,16757,15657,21968,21953,2246,150,20649,1,31:49
2024-25,1629659,Talen Horton-Tucker,Talen,1610612741,CHI,Chicago Bulls,0022400557,2025-01-14T00:00:00,CHI vs. NOP,L,8.233333333333333,0.0,4.4,0.0,0.0,0.0,0.0,0.0,0.0,0.0,0.0,0.0,0.0,0.0,0.0,0.0,0.0,0.0,0.0,0.0,0.0,26.2,0.0,0,0,0.0,1,13222,1,13222,22725,22635,23877,22635,15070,20945,15070,13505,14344,13505,14058,22137,23286,19908,16469,12854,8263,8846,20257,17725,23200,2574,25228,2246,150,25259,1,8:14
2024-25,1630249,Vít Krejčí,Vít,1610612737,ATL,Atlanta Hawks,0022400556,2025-01-14T00:00:00,ATL vs. PHX,W,34.56666666666667,6.2,9.4,0.667,3.1,6.2,0.5,0.0,0.0,0.0,1.0,4.2,5.2,6.2,0.0,2.1,0.0,0.0,2.1,0.0,15.6,-1.0,37.5,0,0,34.4,1,1,13086,1,3807,10849,18160,3281,6152,10079,3944,13505,14344,13505,12932,13223,14260,5092,16469,5856,8263,8846,14685,17725,12298,13564,9344,2246,150,10555,1,34:34
2024-25,1642258,Zaccharie Risacher,Zaccharie,1610612737,ATL,Atlanta Hawks,0022400556,2025-01-14T00:00:00,ATL vs. PHX,W,17.316666666666666,2.1,10.4,0.2,0.0,4.2,0.0,0.0,0.0,0.0,2.1,6.2,8.3,0.0,4.2,0.0,0.0,2.1,8.3,0.0,4.2,-22.9,10.0,0,0,12.5,1,1,13086,1,18060,21271,16395,21401,15070,15210,15070,13505,14344,13505,8035,7816,7744,19908,3568,12854,8263,2976,1222,17725,22482,22303,24423,2246,150,23879,1,17:19
2024-25,1641725,Trey Alexander,Trey,1610612743,DEN,Denver Nuggets,0022400559,2025-01-14T00:00:00,DEN @ DAL,W,3.4166666666666665,0.0,0.0,0.0,0.0,0.0,0.0,0.0,0.0,0.0,0.0,10.5,10.5,0.0,0.0,0.0,0.0,0.0,10.5,0.0,0.0,-42.1,12.6,0,0,10.5,1,1,13086,1,24757,22635,24836,22635,15070,20945,15070,13505,14344,13505,14058,2199,4875,19908,16469,12854,8263,8846,604,17725,23200,24990,23858,2246,150,24327,1,3:25
2024-25,1631207,Dalen Terry,Dalen,1610612741,CHI,Chicago Bulls,0022400557,2025-01-14T00:00:00,CHI vs. NOP,L,6.133333333333334,0.0,0.0,0.0,0.0,0.0,0.0,0.0,0.0,0.0,0.0,0.0,0.0,0.0,0.0,5.9,0.0,0.0,5.9,0.0,0.0,-41.1,17.6,0,0,11.7,1,13222,1,13222,23548,22635,24836,22635,15070,20945,15070,13505,14344,13505,14058,22137,23286,19908,16469,510,8263,8846,3116,17725,23200,24916,22258,2246,150,24052,1,6:08
2024-25,1641854,Craig Porter Jr.,Craig,1610612739,CLE,Cleveland Cavaliers,0022400554,2025-01-14T00:00:00,CLE @ IND,W,1.4833333333333334,0.0,0.0,0.0,0.0,0.0,0.0,0.0,0.0,0.0,0.0,0.0,0.0,0.0,24.3,0.0,0.0,0.0,0.0,0.0,0.0,-97.1,-24.3,0,0,0.0,1,1,13086,1,25817,22635,24836,22635,15070,20945,15070,13505,14344,13505,14058,22137,23286,19908,28,12854,8263,8846,20257,17725,23200,26127,26290,2246,150,25259,1,1:29
2024-25,1641871,Duop Reath,Duop,1610612757,POR,Portland Trail Blazers,0022400560,2025-01-14T00:00:00,POR vs. BKN,L,1.2333333333333334,0.0,0.0,0.0,0.0,0.0,0.0,0.0,0.0,0.0,0.0,0.0,0.0,0.0,29.2,0.0,0.0,0.0,0.0,0.0,0.0,-145.9,-29.2,0,0,0.0,1,13222,1,13222,25942,22635,24836,22635,15070,20945,15070,13505,14344,13505,14058,22137,23286,19908,18,12854,8263,8846,20257,17725,23200,26255,26295,2246,150,25259,1,1:14
2024-25,1628989,Kevin Huerter,Kevin,1610612758,SAC,Sacramento Kings,0022400558,2025-01-14T00:00:00,SAC @ MIL,L,18.133333333333333,6.0,15.9,0.375,2.0,7.9,0.25,0.0,0.0,0.0,0.0,2.0,2.0,2.0,2.0,0.0,0.0,0.0,2.0,0.0,13.9,-47.6,17.3,0,0,19.9,1,13222,1,13222,17482,11640,7290,16299,10234,6546,11902,13505,14344,13505,14058,19712,21827,16432,10587,12854,8263,8846,15229,17725,14048,25295,22386,2246,150,20944,1,18:08
2024-25,203999,Nikola Jokić,Nikola,1610612743,DEN,Denver Nuggets,0022400559,2025-01-14T00:00:00,DEN @ DAL,W,28.933333333333334,5.0,8.7,0.571,1.2,2.5,0.5,1.2,2.5,0.5,2.5,14.9,17.4,12.4,1.2,2.5,0.0,0.0,3.7,5.0,12.4,28.6,58.2,1,1,48.5,1,1,13086,1,8729,14462,19167,6538,13130,18649,3944,12467,11238,10625,6644,590,1031,627,14134,4415,8263,8846,7966,4162,15662,2165,1446,1,1,2984,1,28:56
2024-25,1630172,Patrick Williams,Patrick,1610612741,CHI,Chicago Bulls,0022400557,2025-01-14T00:00:00,CHI vs. NOP,L,20.05,5.4,12.6,0.429,3.6,7.2,0.5,0.0,0.0,0.0,0.0,1.8,1.8,1.8,1.8,0.0,1.8,0.0,3.6,0.0,14.4,-34.1,22.8,0,0,25.1,1,13222,1,13222,15985,13309,12628,13735,4939,8079,3944,13505,14344,13505,14058,20251,22166,17095,11570,12854,4067,8846,8455,17725,13540,24316,19681,2246,150,17572,1,20:03
2024-25,1630230,Naji Marshall,Naji,1610612742,DAL,Dallas Mavericks,0022400559,2025-01-14T00:00:00,DAL vs. DEN,L,21.766666666666666,8.3,13.2,0.625,0.0,3.3,0.0,1.7,1.7,1.0,0.0,3.3,3.3,6.6,1.7,0.0,0.0,0.0,1.7,1.7,18.2,-11.6,30.4,0,0,28.1,1,13222,1,13222,14698,6043,11424,4899,15070,17051,15070,11496,13335,1,14058,15768,18972,4550,12117,12854,8263,8846,16687,14432,9633,18558,14472,2246,150,15347,1,21:46
2024-25,1630188,Jalen Smith,Jalen,1610612741,CHI,Chicago Bulls,0022400557,2025-01-14T00:00:00,CHI vs. NOP,L,13.866666666666667,15.6,23.4,0.667,2.6,10.4,0.25,0.0,0.0,0.0,7.8,2.6,10.4,0.0,2.6,0.0,0.0,0.0,5.2,2.6,33.8,-44.1,43.6,0,0,46.7,1,13222,1,13222,20260,408,1261,3281,7841,3073,11902,13505,14344,13505,851,17955,5018,19908,7895,12854,8263,8846,4208,10658,1175,25129,5844,2246,150,3582,1,13:52
2024-25,1631097,Bennedict Mathurin,Bennedict,1610612754,IND,Indiana Pacers,0022400554,2025-01-14T00:00:00,IND vs. CLE,L,31.483333333333334,9.1,13.7,0.667,3.4,6.9,0.5,0.0,1.1,0.0,1.1,3.4,4.6,2.3,3.4,1.1,1.1,0.0,3.4,1.1,21.7,-11.4,34.1,0,0,36.6,1,13222,1,13222,6421,4445,10616,3281,5314,8756,3944,13505,13974,13505,12170,15433,15874,15284,5165,10650,6524,8846,8972,16692,6449,18497,11745,2246,150,8988,1,31:29
2024-25,1629636,Darius Garland,Darius,1610612739,CLE,Cleveland Cavaliers,0022400554,2025-01-14T00:00:00,CLE @ IND,W,34.9,9.3,18.6,0.5,2.1,8.3,0.25,4.1,6.2,0.667,1.0,0.0,1.0,7.2,4.1,1.0,0.0,0.0,3.1,3.1,24.8,7.2,35.8,0,0,37.1,1,1,13086,1,3538,4228,4153,8526,9850,5992,11902,5479,4237,9425,13019,22137,23182,3726,3616,11662,8263,8846,10287,8901,4333,9033,10511,2246,150,8629,1,34:54
2024-25,1626192,Pat Connaughton,Pat,1610612749,MIL,Milwaukee Bucks,0022400558,2025-01-14T00:00:00,MIL vs. SAC,W,17.533333333333335,4.1,6.2,0.667,2.1,4.1,0.5,0.0,0.0,0.0,2.1,4.1,6.2,10.3,0.0,0.0,0.0,0.0,2.1,0.0,10.3,10.3,33.1,0,0,28.7,1,1,13086,1,17895,16832,22464,3281,9903,15327,3944,13505,14344,13505,8154,13403,11918,1304,16469,12854,8263,8846,14856,17725,17893,7573,12547,2246,150,14893,1,17:32
2024-25,1630700,Dyson Daniels,Dyson,1610612737,ATL,Atlanta Hawks,0022400556,2025-01-14T00:00:00,ATL vs. PHX,W,33.65,4.3,11.8,0.364,1.1,3.2,0.333,0.0,0.0,0.0,2.1,2.1,4.3,3.2,1.1,3.2,0.0,0.0,4.3,0.0,9.6,-10.7,28.1,0,0,24.6,1,1,13086,1,4593,16375,14001,16861,14132,17250,9209,13505,14344,13505,7800,19239,16588,12269,15342,2719,8263,8846,6346,17725,18517,18183,16112,2246,150,17944,1,33:39
2024-25,1630549,Day'Ron Sharpe,Day'Ron,1610612751,BKN,Brooklyn Nets,0022400560,2025-01-14T00:00:00,BKN @ POR,W,17.9,8.0,14.1,0.571,0.0,2.0,0.0,0.0,0.0,0.0,2.0,12.1,14.1,2.0,0.0,2.0,0.0,2.0,2.0,0.0,16.1,4.0,42.0,0,0,36.2,1,1,13086,1,17630,6540,10043,6538,15070,19534,15070,13505,14344,13505,8339,1316,2199,16333,16469,6201,8263,3197,15078,17725,11829,10634,6595,2246,150,9224,1,17:54
2024-25,1630167,Obi Toppin,Obi,1610612754,IND,Indiana Pacers,0022400554,2025-01-14T00:00:00,IND vs. CLE,L,19.65,7.3,16.5,0.444,3.7,5.5,0.667,0.0,0.0,0.0,0.0,5.5,5.5,5.5,1.8,1.8,0.0,3.7,0.0,1.8,18.3,-1.8,36.8,0,0,36.6,1,13222,1,13222,16300,8171,6434,13045,4770,11950,1957,13505,14344,13505,14058,9540,13543,6430,11404,7105,8263,812,20257,13797,9506,13937,9820,2246,150,8954,1,19:39
2024-25,1627824,Guerschon Yabusele,Guerschon,1610612755,PHI,Philadelphia 76ers,0022400555,2025-01-14T00:00:00,PHI vs. OKC,L,30.666666666666668,7.0,10.6,0.667,3.5,5.9,0.6,2.3,4.7,0.5,5.9,2.3,8.2,4.7,1.2,0.0,0.0,0.0,3.5,5.9,20.0,-21.1,35.7,0,0,36.4,1,13222,1,13222,7151,8829,16114,3281,5103,11023,2992,9458,6485,10625,1697,18632,7913,8194,14636,12854,8263,8846,8694,2789,7956,21866,10586,2246,150,9108,1,30:40
2024-25,1631114,Jalen Williams,Jalen,1610612760,OKC,Oklahoma City Thunder,0022400555,2025-01-14T00:00:00,OKC @ PHI,W,33.81666666666667,8.5,16.0,0.533,2.1,5.3,0.4,6.4,6.4,1.0,1.1,3.2,4.3,6.4,4.3,3.2,1.1,0.0,3.2,4.3,25.5,22.4,48.8,0,0,46.8,1,1,13086,1,4424,5582,7155,8140,9559,12409,7874,2511,4022,1,12759,16112,16651,4870,3403,2756,7031,8846,9892,5704,3910,3391,3715,2246,150,3535,1,33:49
2024-25,1642346,Ryan Dunn,Ryan,1610612756,PHX,Phoenix Suns,0022400556,2025-01-14T00:00:00,PHX @ ATL,L,21.616666666666667,10.0,20.0,0.5,1.7,6.7,0.25,1.7,5.0,0.333,1.7,0.0,1.7,0.0,0.0,1.7,1.7,0.0,6.7,1.7,23.3,8.3,35.3,0,0,33.3,1,13222,1,13222,14834,3231,2985,8526,11497,9189,11902,11476,5926,13132,9699,22137,22344,19908,16469,7741,4377,8846,2256,14389,5272,8471,10865,2246,150,11395,1,21:37
2024-25,1630533,Ziaire Williams,Ziaire,1610612751,BKN,Brooklyn Nets,0022400560,2025-01-14T00:00:00,BKN @ POR,W,27.575,5.2,9.1,0.571,3.9,5.2,0.75,2.6,2.6,1.0,3.9,5.2,9.1,1.3,1.3,2.6,0.0,1.3,2.6,1.3,17.0,7.8,36.4,0,0,36.6,1,1,13086,1,9896,13755,18497,6538,4171,12654,1542,8781,10951,1,3700,10229,6521,18639,13777,4116,8263,5622,12387,15884,10873,8719,10074,2246,150,9010,1,27:35
2024-25,1630527,Brandon Boston,Brandon,1610612740,NOP,New Orleans Pelicans,0022400557,2025-01-14T00:00:00,NOP @ CHI,W,8.7,8.3,20.7,0.4,4.1,8.3,0.5,8.3,8.3,1.0,0.0,0.0,0.0,0.0,0.0,0.0,0.0,0.0,0.0,4.1,29.0,-20.7,29.0,0,0,33.1,1,1,13086,1,22564,6026,2521,14933,3697,5951,3944,1284,2333,1,14058,22137,23286,19908,16469,12854,8263,8846,20257,5963,2434,21755,15512,2246,150,11567,1,8:42
2024-25,1629622,Max Strus,Max,1610612739,CLE,Cleveland Cavaliers,0022400554,2025-01-14T00:00:00,CLE @ IND,W,21.816666666666666,6.6,13.2,0.5,6.6,11.6,0.571,1.7,3.3,0.5,0.0,6.6,6.6,6.6,0.0,1.7,1.7,0.0,3.3,1.7,21.5,8.3,49.2,0,0,47.9,1,1,13086,1,14648,9926,11477,8526,945,2064,3506,11505,9305,10625,14058,7103,10945,4574,16469,7812,4417,8846,9454,14448,6690,8508,3552,2246,150,3199,1,21:49
2024-25,203932,Aaron Gordon,Aaron,1610612743,DEN,Denver Nuggets,0022400559,2025-01-14T00:00:00,DEN @ DAL,W,17.566666666666666,4.1,18.4,0.222,0.0,6.1,0.0,8.2,8.2,1.0,4.1,0.0,4.1,0.0,0.0,2.0,2.0,2.0,4.1,4.1,16.4,-2.0,33.6,0,0,28.7,1,1,13086,1,17878,16846,4262,21205,15070,10323,15070,1318,2384,1,3451,22137,17065,19908,16469,6014,3347,3059,6840,6056,11502,14072,12106,2246,150,14935,1,17:34
2024-25,1630592,Jalen Wilson,Jalen,1610612751,BKN,Brooklyn Nets,0022400560,2025-01-14T00:00:00,BKN @ POR,W,22.5,9.6,12.8,0.75,3.2,4.8,0.667,0.0,0.0,0.0,3.2,3.2,6.4,1.6,0.0,1.6,0.0,0.0,4.8,0.0,22.4,17.6,37.3,0,0,36.8,1,1,13086,1,14100,3722,12207,2107,5956,13705,1957,13505,14344,13505,4943,16089,11401,17651,16469,7984,8263,8846,5056,17725,5920,4709,9480,2246,150,8843,1,22:30
2024-25,1627749,Dejounte Murray,Dejounte,1610612740,NOP,New Orleans Pelicans,0022400557,2025-01-14T00:00:00,NOP @ CHI,W,34.25,4.2,14.7,0.286,4.2,11.6,0.364,3.2,3.2,1.0,1.1,6.3,7.4,7.4,2.1,1.1,0.0,0.0,0.0,1.1,15.8,-9.5,36.7,0,0,36.8,1,1,13086,1,4058,16586,9028,19630,3553,2056,9100,7428,9604,1,12867,7684,9459,3563,9987,11481,8263,8846,20257,17166,12153,17649,9901,2246,150,8855,1,34:15
2024-25,1630649,Stanley Umude,Stanley,1610612749,MIL,Milwaukee Bucks,0022400558,2025-01-14T00:00:00,MIL vs. SAC,W,2.5166666666666666,0.0,42.9,0.0,0.0,28.6,0.0,0.0,0.0,0.0,28.6,0.0,28.6,0.0,0.0,0.0,0.0,14.3,0.0,0.0,0.0,-85.8,34.3,0,0,28.6,1,1,13086,1,25203,22635,63,22635,15070,79,15070,13505,14344,13505,18,22137,108,19908,16469,12854,8263,30,20257,17725,23200,26053,11567,2246,150,14978,1,2:31
2024-25,1641857,Liam Robbins,Liam,1610612749,MIL,Milwaukee Bucks,0022400558,2025-01-14T00:00:00,MIL vs. SAC,W,2.5166666666666666,0.0,14.3,0.0,0.0,0.0,0.0,0.0,0.0,0.0,0.0,0.0,0.0,0.0,0.0,0.0,14.3,14.3,14.3,14.3,0.0,-85.8,42.9,0,0,28.6,1,1,13086,1,25203,22635,9676,22635,15070,20945,15070,13505,14344,13505,14058,22137,23286,19908,16469,12854,25,30,271,114,23200,26053,6168,2246,150,14978,1,2:31
2024-25,1628418,Thomas Bryant,Thomas,1610612754,IND,Indiana Pacers,0022400554,2025-01-14T00:00:00,IND vs. CLE,L,16.966666666666665,6.4,10.6,0.6,4.2,6.4,0.667,0.0,0.0,0.0,4.2,6.4,10.6,2.1,4.2,0.0,0.0,0.0,2.1,2.1,17.0,12.7,28.6,0,0,33.9,1,13222,1,13222,18274,10527,16029,5394,3492,9832,1957,13505,14344,13505,3252,7566,4803,15922,3422,12854,8263,8846,14514,12518,10872,6506,15769,2246,150,10895,1,16:58
2024-25,202681,Kyrie Irving,Kyrie,1610612742,DAL,Dallas Mavericks,0022400559,2025-01-14T00:00:00,DAL vs. DEN,L,30.333333333333332,4.7,21.4,0.222,0.0,3.6,0.0,3.6,4.7,0.75,1.2,3.6,4.7,2.4,1.2,4.7,1.2,1.2,1.2,4.7,13.1,-20.2,38.9,0,0,32.0,1,13222,1,13222,7467,15116,2120,21205,15070,16530,15070,6582,6403,8186,11887,15055,15448,14969,14541,1050,6265,6361,18613,4617,15035,21598,8461,2246,150,12353,1,30:20
2024-25,202691,Klay Thompson,Klay,1610612742,DAL,Dallas Mavericks,0022400559,2025-01-14T00:00:00,DAL vs. DEN,L,20.733333333333334,5.2,13.9,0.375,3.5,10.4,0.333,0.0,0.0,0.0,0.0,5.2,5.2,0.0,3.5,0.0,1.7,0.0,1.7,0.0,13.9,-22.6,21.9,0,0,26.0,1,13222,1,13222,15468,13796,10355,16299,5210,3046,9209,13505,14344,13505,14058,10260,14257,19908,5074,12854,4207,8846,16423,17725,14056,22237,20216,2246,150,16898,1,20:44
2024-25,1629632,Coby White,Coby,1610612741,CHI,Chicago Bulls,0022400557,2025-01-14T00:00:00,CHI vs. NOP,L,33.65,8.6,18.2,0.471,1.1,8.6,0.125,5.3,5.3,1.0,0.0,3.2,3.2,4.3,0.0,0.0,0.0,2.1,3.2,5.3,23.5,-6.4,33.8,0,0,32.1,1,13222,1,13222,4593,5508,4472,12143,14132,5487,14886,3590,5391,1,14058,16052,19207,9185,16469,12854,8263,2804,9818,3559,5102,16255,11964,2246,150,12300,1,33:39
2024-25,1629655,Daniel Gafford,Daniel,1610612742,DAL,Dallas Mavericks,0022400559,2025-01-14T00:00:00,DAL vs. DEN,L,19.033333333333335,9.5,15.1,0.625,0.0,0.0,0.0,5.7,7.6,0.75,1.9,5.7,7.6,1.9,1.9,0.0,1.9,5.7,5.7,3.8,24.6,-11.3,40.3,0,0,37.8,1,13222,1,13222,16794,3944,8378,4899,15070,20945,15070,3215,2842,8186,8854,9109,9038,16783,11095,12854,3786,251,3436,6899,4431,18455,7583,2246,150,8150,1,19:02
2024-25,202696,Nikola Vučević,Nikola,1610612741,CHI,Chicago Bulls,0022400557,2025-01-14T00:00:00,CHI vs. NOP,L,35.36666666666667,10.2,16.3,0.625,1.0,2.0,0.5,1.0,2.0,0.5,7.1,8.1,15.3,2.0,3.1,1.0,1.0,1.0,3.1,2.0,22.4,6.1,46.8,1,0,44.8,1,13222,1,13222,3176,3035,6708,4899,14436,19484,3944,13182,12615,10625,1094,4498,1658,16239,6272,11780,7363,7750,10471,12899,5928,9565,4385,1,150,4354,1,35:22
2024-25,1630581,Josh Giddey,Josh,1610612741,CHI,Chicago Bulls,0022400557,2025-01-14T00:00:00,CHI vs. NOP,L,33.78333333333333,2.1,12.8,0.167,1.1,6.4,0.167,2.1,2.1,1.0,5.3,8.5,13.9,12.8,2.1,4.3,1.1,1.1,2.1,1.1,7.5,-8.5,57.1,1,0,45.8,1,13222,1,13222,4448,21180,12238,21938,14161,9772,14236,10199,12319,1,2068,4027,2304,566,9838,1410,7025,7359,14459,17090,20356,17196,1614,1,150,3890,1,33:47
2024-25,1628366,Lonzo Ball,Lonzo,1610612741,CHI,Chicago Bulls,0022400557,2025-01-14T00:00:00,CHI vs. NOP,L,24.833333333333332,5.8,14.5,0.4,4.3,11.6,0.375,0.0,0.0,0.0,4.3,7.2,11.6,8.7,4.3,1.4,1.4,0.0,5.8,0.0,15.9,14.5,47.3,0,0,46.4,1,13222,1,13222,12147,12115,9359,14933,3315,2038,8800,13505,14344,13505,3105,5909,3849,2273,3223,8634,5037,8846,3224,17725,11971,5823,4225,2246,150,3698,1,24:50
2024-25,1641717,Cason Wallace,Cason,1610612760,OKC,Oklahoma City Thunder,0022400555,2025-01-14T00:00:00,OKC @ PHI,W,34.016666666666666,7.4,10.6,0.7,2.1,5.3,0.4,2.1,2.1,1.0,3.2,2.1,5.3,4.2,1.1,1.1,0.0,0.0,3.2,1.1,19.0,28.6,33.9,0,0,32.8,1,1,13086,1,4244,7997,16078,3045,9612,12483,7874,10238,12364,1,4998,19315,14059,9298,15433,11408,8263,8846,9981,17129,8801,2170,11919,2246,150,11801,1,34:01
2024-25,1629726,Garrison Mathews,Garrison,1610612737,ATL,Atlanta Hawks,0022400556,2025-01-14T00:00:00,ATL vs. PHX,W,26.65,8.1,13.5,0.6,6.8,10.8,0.625,2.7,4.1,0.667,1.4,2.7,4.1,1.4,1.4,0.0,0.0,0.0,6.8,2.7,25.7,24.3,31.2,0,0,37.8,1,1,13086,1,10604,6397,10992,5394,864,2670,2868,8578,7730,9425,10977,17696,17178,18497,13562,12854,8263,8846,2177,10314,3842,2961,13895,2246,150,8154,1,26:39
2024-25,1631119,Jaylin Williams,Jaylin,1610612760,OKC,Oklahoma City Thunder,0022400555,2025-01-14T00:00:00,OKC @ PHI,W,13.333333333333334,5.4,13.5,0.4,2.7,10.8,0.25,0.0,0.0,0.0,0.0,2.7,2.7,8.1,5.4,2.7,0.0,0.0,10.8,0.0,13.5,-5.4,31.6,0,0,32.4,1,1,13086,1,20575,13272,11006,14933,7537,2675,11902,13505,14344,13505,14058,17699,20448,2787,1900,3909,8263,8846,559,17725,14501,15783,13618,2246,150,12062,1,13:20
2024-25,202704,Reggie Jackson,Reggie,1610612755,PHI,Philadelphia 76ers,0022400555,2025-01-14T00:00:00,PHI vs. OKC,L,16.89,4.3,10.7,0.4,0.0,6.4,0.0,0.0,0.0,0.0,0.0,4.3,4.3,8.5,10.7,2.1,0.0,0.0,2.1,0.0,8.5,-25.6,22.2,0,0,25.6,1,13222,1,13222,18329,16423,15962,14933,15070,9768,15070,13505,14344,13505,14058,12927,16636,2400,279,5652,8263,8846,14457,17725,19495,22929,20043,2246,150,17225,1,16:53
2024-25,203468,CJ McCollum,CJ,1610612740,NOP,New Orleans Pelicans,0022400557,2025-01-14T00:00:00,NOP @ CHI,W,29.43,3.7,15.9,0.231,2.4,8.6,0.286,0.0,0.0,0.0,2.4,2.4,4.9,6.1,0.0,1.2,0.0,3.7,3.7,1.2,9.8,-9.8,28.5,0,0,25.7,1,1,13086,1,8291,17918,7261,21157,8329,5482,11433,13505,14344,13505,6785,18339,15085,5305,16469,9988,8263,810,8196,16281,18363,17788,15877,2246,150,17148,1,29:26
2024-25,1626162,Kelly Oubre Jr.,Kelly,1610612755,PHI,Philadelphia 76ers,0022400555,2025-01-14T00:00:00,PHI vs. OKC,L,29.9,2.4,12.0,0.2,0.0,4.8,0.0,4.8,6.0,0.8,1.2,3.6,4.8,2.4,1.2,4.8,0.0,2.4,3.6,6.0,9.6,-30.1,32.3,0,0,26.5,1,13222,1,13222,7869,20645,13525,21401,15070,13653,15070,4322,4443,7681,11768,14889,15255,14848,14408,1011,8263,2201,8391,2595,18514,23754,13111,2246,150,16548,1,29:54
2024-25,1641730,Noah Clowney,Noah,1610612751,BKN,Brooklyn Nets,0022400560,2025-01-14T00:00:00,BKN @ POR,W,29.19,8.6,12.3,0.7,4.9,8.6,0.571,2.5,2.5,1.0,1.2,4.9,6.2,2.5,2.5,2.5,1.2,0.0,3.7,4.9,24.7,16.0,44.4,0,0,45.6,1,1,13086,1,8517,5373,13027,3045,2360,5369,3506,9147,11296,1,11585,11078,11906,14661,8375,4485,5977,8846,8073,4234,4382,5236,5468,2246,150,3965,1,29:11
2024-25,1641765,Olivier-Maxence Prosper,Olivier-Maxence,1610612742,DAL,Dallas Mavericks,0022400559,2025-01-14T00:00:00,DAL vs. DEN,L,14.266666666666667,10.1,15.1,0.667,2.5,7.6,0.333,2.5,10.1,0.25,0.0,5.0,5.0,2.5,2.5,2.5,2.5,0.0,0.0,7.6,25.2,25.2,47.7,0,0,45.4,1,13222,1,13222,20041,3115,8360,3281,8068,7234,9209,8981,1329,13358,14058,10733,14676,14459,8142,4320,2332,8846,20257,1285,4100,2762,4075,2246,150,4066,1,14:16
2024-25,1628392,Isaiah Hartenstein,Isaiah,1610612760,OKC,Oklahoma City Thunder,0022400555,2025-01-14T00:00:00,OKC @ PHI,W,30.75,4.7,8.2,0.571,0.0,1.2,0.0,1.2,2.3,0.5,3.5,15.2,18.7,3.5,2.3,1.2,1.2,0.0,2.3,1.2,10.5,15.2,43.0,0,0,37.5,1,1,13086,1,7086,15283,19951,6538,15070,20662,15070,12698,11659,10625,4357,529,745,11358,8899,10428,6358,8846,13478,16552,17622,5534,6147,2246,150,8390,1,30:45
2024-25,1627747,Caris LeVert,Caris,1610612739,CLE,Cleveland Cavaliers,0022400554,2025-01-14T00:00:00,CLE @ IND,W,26.75,1.3,8.1,0.167,1.3,5.4,0.25,5.4,5.4,1.0,5.4,1.3,6.7,9.4,4.0,2.7,2.7,0.0,0.0,2.7,9.4,12.1,43.7,0,0,37.7,1,1,13086,1,10526,22351,20133,21938,12667,12245,11902,3547,5337,1,2021,21195,10685,1747,3805,3933,2096,8846,20257,10337,18709,6750,5793,2246,150,8234,1,26:45
2024-25,1631200,Kris Murray,Kris,1610612757,POR,Portland Trail Blazers,0022400560,2025-01-14T00:00:00,POR vs. BKN,L,22.733333333333334,3.2,7.9,0.4,0.0,3.2,0.0,0.0,3.2,0.0,4.8,1.6,6.3,4.8,3.2,0.0,0.0,0.0,1.6,3.2,6.3,7.9,17.9,0,0,17.4,1,13222,1,13222,13923,19062,20390,14933,15070,17327,15070,13505,9574,13505,2613,20709,11531,8050,5916,12854,8263,8846,16921,8673,21161,8678,22141,2246,150,22121,1,22:44
2024-25,1630596,Evan Mobley,Evan,1610612739,CLE,Cleveland Cavaliers,0022400554,2025-01-14T00:00:00,CLE @ IND,W,32.56666666666667,8.8,13.3,0.667,3.3,4.4,0.75,3.3,5.5,0.6,3.3,11.1,14.4,1.1,1.1,0.0,1.1,1.1,1.1,4.4,24.3,12.2,45.4,1,0,45.3,1,1,13086,1,5509,4981,11366,3281,5610,14633,1542,7072,5148,10343,4717,1880,2062,19335,15100,12854,6754,6997,19068,5297,4598,6729,4981,1,150,4095,1,32:34
2024-25,1631213,Tyrese Martin,Tyrese,1610612751,BKN,Brooklyn Nets,0022400560,2025-01-14T00:00:00,BKN @ POR,W,19.891666666666666,3.6,9.0,0.4,1.8,5.4,0.333,0.0,0.0,0.0,0.0,1.8,1.8,5.4,3.6,0.0,0.0,0.0,1.8,3.6,9.0,10.9,15.7,0,0,18.1,1,1,13086,1,16105,18036,18644,14933,11038,12141,9209,13505,14344,13505,14058,20214,22145,6574,4739,12854,8263,8846,16132,7334,19033,7294,22940,2246,150,21816,1,19:54
2024-25,1629026,Kenrich Williams,Kenrich,1610612760,OKC,Oklahoma City Thunder,0022400555,2025-01-14T00:00:00,OKC @ PHI,W,9.716666666666667,0.0,11.1,0.0,0.0,7.4,0.0,0.0,0.0,0.0,0.0,3.7,3.7,3.7,3.7,0.0,0.0,3.7,0.0,0.0,0.0,-3.7,6.3,0,0,7.4,1,1,13086,1,22211,22635,15166,22635,15070,7591,15070,13505,14344,13505,14058,14615,18060,10777,4547,12854,8263,796,20257,17725,23200,14888,24887,2246,150,24851,1,9:43
2024-25,1631250,Pete Nance,Pete,1610612755,PHI,Philadelphia 76ers,0022400555,2025-01-14T00:00:00,PHI vs. OKC,L,17.783333333333335,0.0,6.1,0.0,0.0,4.0,0.0,0.0,0.0,0.0,0.0,2.0,2.0,2.0,0.0,2.0,0.0,0.0,2.0,0.0,0.0,-2.0,11.5,0,0,8.1,1,13222,1,13222,17716,22635,22535,22635,15070,15479,15070,13505,14344,13505,14058,19577,21753,16285,16469,6142,8263,8846,14997,17725,23200,14061,24124,2246,150,24753,1,17:47
2024-25,1630198,Isaiah Joe,Isaiah,1610612760,OKC,Oklahoma City Thunder,0022400555,2025-01-14T00:00:00,OKC @ PHI,W,20.883333333333333,6.9,13.8,0.5,3.4,10.3,0.333,0.0,0.0,0.0,0.0,1.7,1.7,1.7,1.7,0.0,0.0,0.0,1.7,6.9,17.2,6.9,20.2,0,0,24.1,1,1,13086,1,15366,9174,10508,8526,5264,3109,9209,13505,14344,13505,14058,20409,22271,17296,11824,12854,8263,8846,16450,1739,10589,9187,21077,2246,150,18239,1,20:53
2024-25,1641767,Ben Sheppard,Ben,1610612754,IND,Indiana Pacers,0022400554,2025-01-14T00:00:00,IND vs. CLE,L,32.03333333333333,1.1,6.7,0.167,1.1,4.5,0.25,4.5,5.6,0.8,0.0,3.4,3.4,2.2,1.1,1.1,1.1,0.0,2.2,2.2,7.9,-4.5,20.9,0,0,19.1,1,13222,1,13222,5940,22564,21842,21938,13815,14436,11902,4845,5023,7681,14058,15591,18823,15446,14985,10834,6644,8846,13888,11950,20029,15322,20738,2246,150,21350,1,32:02
2024-25,1629652,Luguentz Dort,Luguentz,1610612760,OKC,Oklahoma City Thunder,0022400555,2025-01-14T00:00:00,OKC @ PHI,W,26.666666666666668,4.1,10.8,0.375,2.7,6.8,0.4,0.0,0.0,0.0,1.3,1.3,2.7,1.3,2.7,0.0,0.0,0.0,2.7,2.7,10.8,40.5,13.4,0,0,17.6,1,1,13086,1,10590,16975,15695,16299,7537,9015,7874,13505,14344,13505,10979,21185,20448,18503,7537,12854,8263,8846,12044,10316,17375,953,23673,2246,150,22057,1,26:40
2024-25,1641763,Julian Phillips,Julian,1610612741,CHI,Chicago Bulls,0022400557,2025-01-14T00:00:00,CHI vs. NOP,L,14.116666666666667,0.0,5.1,0.0,0.0,5.1,0.0,0.0,0.0,0.0,0.0,5.1,5.1,2.6,0.0,0.0,5.1,0.0,0.0,0.0,0.0,2.6,25.2,0,0,17.9,1,13222,1,13222,20137,22635,23390,22635,15070,12953,15070,13505,14344,13505,14058,10570,14517,14364,16469,12854,493,8846,20257,17725,23200,11343,18112,2246,150,21930,1,14:07
2024-25,201569,Eric Gordon,Eric,1610612755,PHI,Philadelphia 76ers,0022400555,2025-01-14T00:00:00,PHI vs. OKC,L,28.273333333333333,3.8,11.5,0.333,3.8,10.2,0.375,1.3,1.3,1.0,1.3,2.5,3.8,1.3,1.3,1.3,0.0,1.3,2.5,0.0,12.7,-6.4,21.8,0,0,24.2,1,13222,1,13222,9324,17518,14548,17395,4384,3295,8800,12376,13776,1,11341,18069,17779,18748,13948,9629,8263,5792,12616,17725,15355,16232,20277,2246,150,18217,1,28:16
2024-25,1641722,Jordan Hawkins,Jordan,1610612740,NOP,New Orleans Pelicans,0022400557,2025-01-14T00:00:00,NOP @ CHI,W,20.035,7.2,18.0,0.4,1.8,10.8,0.167,0.0,0.0,0.0,0.0,1.8,1.8,0.0,1.8,0.0,1.8,1.8,0.0,0.0,16.2,27.0,21.9,0,0,23.4,1,1,13086,1,15993,8491,4733,14933,11094,2692,14236,13505,14344,13505,14058,20249,22165,19908,11569,12854,4066,3910,20257,17725,11760,2437,20193,2246,150,18761,1,20:02
2024-25,1642274,Yves Missi,Yves,1610612740,NOP,New Orleans Pelicans,0022400557,2025-01-14T00:00:00,NOP @ CHI,W,16.583333333333332,4.3,4.3,1.0,0.0,0.0,0.0,0.0,0.0,0.0,4.3,10.9,15.2,0.0,2.2,0.0,0.0,0.0,2.2,0.0,8.7,-2.2,24.7,0,0,23.9,1,1,13086,1,18538,16223,23893,1,15070,20945,15070,13505,14344,13505,3117,1976,1688,19908,9632,12854,8263,8846,14243,17725,19366,14138,18459,2246,150,18410,1,16:35
2024-25,1629731,Dean Wade,Dean,1610612739,CLE,Cleveland Cavaliers,0022400554,2025-01-14T00:00:00,CLE @ IND,W,21.45,0.0,5.0,0.0,0.0,5.0,0.0,0.0,0.0,0.0,1.7,3.4,5.0,0.0,0.0,0.0,1.7,0.0,5.0,0.0,0.0,20.1,11.1,0,0,8.4,1,1,13086,1,14962,22635,23439,22635,15070,13116,15070,13505,14344,13505,9647,15625,14712,19908,16469,12854,4342,8846,4532,17725,23200,3911,24230,2246,150,24700,1,21:27
2024-25,1630288,Jeff Dowtin Jr.,Jeff,1610612755,PHI,Philadelphia 76ers,0022400555,2025-01-14T00:00:00,PHI vs. OKC,L,29.46,8.6,17.1,0.5,2.4,6.1,0.4,2.4,2.4,1.0,0.0,6.1,6.1,3.7,1.2,2.4,1.2,0.0,2.4,2.4,22.0,-4.9,44.6,0,0,41.5,1,13222,1,13222,8265,5522,5691,8526,8333,10419,7874,9210,11352,1,14058,8081,12033,10887,14277,4551,6040,8846,13009,11183,6218,15523,5364,2246,150,5882,1,29:28
2024-25,203078,Bradley Beal,Bradley,1610612756,PHX,Phoenix Suns,0022400556,2025-01-14T00:00:00,PHX @ ATL,L,28.033333333333335,3.9,11.6,0.333,1.3,5.1,0.25,5.1,7.7,0.667,0.0,5.1,5.1,3.9,1.3,1.3,0.0,0.0,1.3,3.9,14.1,-10.3,28.6,0,0,27.0,1,13222,1,13222,9519,17443,14376,17395,12915,12857,11902,3837,2738,9425,14058,10458,14428,10362,13883,9547,8263,8846,18100,6698,13815,18009,15776,2246,150,16176,1,28:02
2024-25,1631099,Keegan Murray,Keegan,1610612758,SAC,Sacramento Kings,0022400558,2025-01-14T00:00:00,SAC @ MIL,L,36.3,4.0,10.9,0.364,3.0,7.9,0.375,0.0,0.0,0.0,2.0,5.0,6.9,1.0,0.0,0.0,0.0,0.0,2.0,0.0,10.9,-6.9,20.7,0,0,21.8,1,13222,1,13222,2463,17171,15513,16861,6608,6559,8800,13505,14344,13505,8460,11004,10254,19700,16469,12854,8263,8846,15239,17725,17253,16488,20826,2246,150,19775,1,36:18
2024-25,1642348,Justin Edwards,Justin,1610612755,PHI,Philadelphia 76ers,0022400555,2025-01-14T00:00:00,PHI vs. OKC,L,35.016666666666666,9.3,16.4,0.563,4.1,9.3,0.444,3.1,4.1,0.75,1.0,5.1,6.2,4.1,3.1,1.0,0.0,0.0,1.0,3.1,25.7,3.1,39.3,0,0,42.2,1,13222,1,13222,3448,4284,6487,7127,3760,4449,7211,7587,7603,8186,13043,10446,11898,9635,6172,11688,8263,8846,19539,8948,3828,11072,8210,2246,150,5571,1,35:01
2024-25,1626145,Tyus Jones,Tyus,1610612756,PHX,Phoenix Suns,0022400556,2025-01-14T00:00:00,PHX @ ATL,L,26.366666666666667,4.1,6.8,0.6,1.4,2.7,0.5,1.4,2.7,0.5,0.0,1.4,1.4,8.2,0.0,0.0,0.0,1.4,1.4,2.7,10.9,9.6,24.8,0,0,21.8,1,13222,1,13222,10846,16854,21760,5394,12585,18200,3944,12120,10666,10625,14058,21161,22743,2701,16469,12854,8263,5333,17766,10230,17242,7915,18391,2246,150,19760,1,26:22
2024-25,1626168,Trey Lyles,Trey,1610612758,SAC,Sacramento Kings,0022400558,2025-01-14T00:00:00,SAC @ MIL,L,11.75,6.1,12.3,0.5,3.1,9.2,0.333,0.0,0.0,0.0,3.1,0.0,3.1,0.0,0.0,0.0,0.0,0.0,0.0,0.0,15.3,-58.2,19.0,0,0,21.4,1,13222,1,13222,21394,11146,13159,8526,6311,4544,9209,13505,14344,13505,5202,22137,19553,19908,16469,12854,8263,8846,20257,17725,12600,25637,21644,2246,150,20006,1,11:45
2024-25,1630598,Aaron Wiggins,Aaron,1610612760,OKC,Oklahoma City Thunder,0022400555,2025-01-14T00:00:00,OKC @ PHI,W,15.766666666666667,6.8,11.4,0.6,0.0,2.3,0.0,0.0,0.0,0.0,2.3,4.6,6.8,6.8,0.0,0.0,0.0,0.0,0.0,0.0,13.7,-27.4,32.2,0,0,27.4,1,1,13086,1,19092,9294,14627,5394,15070,19018,15070,13505,14344,13505,7296,12074,10429,4209,16469,12854,8263,8846,20257,17725,14281,23321,13179,2246,150,15864,1,15:46
2024-25,1629008,Michael Porter Jr.,Michael,1610612743,DEN,Denver Nuggets,0022400559,2025-01-14T00:00:00,DEN @ DAL,W,26.233333333333334,6.9,12.4,0.556,4.1,5.5,0.75,0.0,0.0,0.0,1.4,6.9,8.2,2.7,1.4,1.4,0.0,0.0,0.0,0.0,17.8,27.4,34.6,0,0,35.7,1,1,13086,1,10963,9266,12978,7248,3744,11974,1542,13505,14344,13505,10869,6605,7884,13769,13446,9057,8263,8846,20257,17725,9990,2352,11391,2246,150,9599,1,26:14
2024-25,1641737,Adem Bona,Adem,1610612755,PHI,Philadelphia 76ers,0022400555,2025-01-14T00:00:00,PHI vs. OKC,L,16.633333333333333,6.5,6.5,1.0,0.0,0.0,0.0,2.2,2.2,1.0,2.2,4.3,6.5,0.0,6.5,0.0,0.0,0.0,6.5,4.3,15.2,-6.5,16.4,0,0,21.6,1,13222,1,13222,18513,10207,22120,1,15070,20945,15070,10070,12200,1,7706,12715,11191,19908,1132,12854,8263,8846,2407,5520,12758,16288,22686,2246,150,19868,1,16:38
2024-25,203915,Spencer Dinwiddie,Spencer,1610612742,DAL,Dallas Mavericks,0022400559,2025-01-14T00:00:00,DAL vs. DEN,L,20.066666666666666,5.4,7.2,0.75,1.8,3.6,0.5,1.8,1.8,1.0,0.0,3.6,3.6,3.6,1.8,1.8,0.0,0.0,0.0,3.6,14.4,-28.7,27.6,0,0,26.9,1,13222,1,13222,15970,13318,21347,2107,11101,16470,3944,11252,13199,1,14058,14955,18342,11120,11574,7281,8263,8846,20257,7426,13548,23538,16474,2246,150,16217,1,20:04
2024-25,201599,DeAndre Jordan,DeAndre,1610612743,DEN,Denver Nuggets,0022400559,2025-01-14T00:00:00,DEN @ DAL,W,15.6,6.9,9.2,0.75,0.0,0.0,0.0,4.6,9.2,0.5,6.9,6.9,13.8,4.6,4.6,0.0,2.3,0.0,0.0,11.5,18.5,0.0,44.3,0,0,41.5,1,1,13086,1,19194,9112,18356,2107,15070,20945,15070,4654,1748,10625,1171,6496,2305,8374,2825,12854,2728,8846,20257,233,9350,12240,5514,2246,150,5884,1,15:36
2024-25,203991,Clint Capela,Clint,1610612737,ATL,Atlanta Hawks,0022400556,2025-01-14T00:00:00,ATL vs. PHX,W,19.833333333333332,1.8,3.6,0.5,0.0,0.0,0.0,1.8,3.6,0.5,0.0,14.5,14.5,0.0,0.0,1.8,1.8,0.0,1.8,1.8,5.4,-12.7,33.8,0,0,27.2,1,1,13086,1,16152,21725,24256,8526,15070,20945,15070,11210,8628,10625,14058,659,1988,19908,16469,7179,4023,8846,16107,13873,21767,19023,12003,2246,150,15999,1,19:50
2024-25,1629661,Cameron Johnson,Cameron,1610612751,BKN,Brooklyn Nets,0022400560,2025-01-14T00:00:00,BKN @ POR,W,26.875,13.4,24.1,0.556,2.7,12.1,0.222,2.7,2.7,1.0,0.0,1.3,1.3,2.7,1.3,0.0,1.3,0.0,0.0,4.0,32.1,9.4,40.5,0,0,41.5,1,1,13086,1,10441,877,1029,7248,7599,1749,13288,8622,10795,1,14058,21213,22772,13971,13625,12854,5487,8846,20257,6255,1497,8003,7491,2246,150,5898,1,26:53
2024-25,1628960,Grayson Allen,Grayson,1610612756,PHX,Phoenix Suns,0022400556,2025-01-14T00:00:00,PHX @ ATL,L,26.65,4.1,5.4,0.75,4.1,5.4,0.75,0.0,0.0,0.0,0.0,5.4,5.4,2.7,1.4,1.4,0.0,0.0,4.1,1.4,12.2,-14.9,25.4,0,0,27.0,1,13222,1,13222,10604,16963,23177,2107,3884,12206,1542,13505,14344,13505,14058,9778,13809,13903,13562,9185,8263,8846,6989,15675,15973,19852,18006,2246,150,16142,1,26:39
2024-25,1641824,Matas Buzelis,Matas,1610612741,CHI,Chicago Bulls,0022400557,2025-01-14T00:00:00,CHI vs. NOP,L,11.933333333333334,6.0,18.1,0.333,3.0,9.1,0.333,0.0,0.0,0.0,0.0,12.1,12.1,0.0,0.0,0.0,0.0,0.0,0.0,0.0,15.1,-6.0,29.6,0,0,30.2,1,13222,1,13222,21316,11417,4559,17395,6439,4739,9209,13505,14344,13505,14058,1316,3434,19908,16469,12854,8263,8846,20257,17725,12820,16078,15101,2246,150,13822,1,11:56
2024-25,1630171,Isaac Okoro,Isaac,1610612739,CLE,Cleveland Cavaliers,0022400554,2025-01-14T00:00:00,CLE @ IND,W,6.7,0.0,16.1,0.0,0.0,5.4,0.0,0.0,0.0,0.0,0.0,5.4,5.4,5.4,0.0,5.4,0.0,5.4,10.7,0.0,0.0,10.7,30.6,0,0,21.5,1,1,13086,1,23282,22635,6946,22635,15070,12269,15070,13505,14344,13505,14058,9845,13870,6678,16469,695,8263,298,569,17725,23200,7346,14327,2246,150,19967,1,6:42
2024-25,1628368,De'Aaron Fox,De'Aaron,1610612758,SAC,Sacramento Kings,0022400558,2025-01-14T00:00:00,SAC @ MIL,L,37.516666666666666,8.6,22.1,0.391,1.9,7.7,0.25,0.0,0.0,0.0,0.0,10.6,10.6,5.8,3.8,0.0,1.9,0.0,1.0,1.0,19.2,-5.8,42.4,1,0,41.3,1,13222,1,13222,1673,5370,1788,15984,10553,7036,11902,13505,14344,13505,14058,2189,4856,5936,4209,12854,3711,8846,19910,17515,8659,15951,6418,1,150,6040,1,37:31
2024-25,201942,DeMar DeRozan,DeMar,1610612758,SAC,Sacramento Kings,0022400558,2025-01-14T00:00:00,SAC @ MIL,L,35.96666666666667,9.0,18.0,0.5,2.0,4.0,0.5,8.0,9.0,0.889,0.0,6.0,6.0,4.0,0.0,1.0,0.0,1.0,2.0,10.0,28.0,-5.0,44.2,0,0,42.0,1,13222,1,13222,2700,4691,4652,8526,10153,15576,3944,1416,1860,6857,14058,8303,12257,9928,16469,11952,8263,7914,15135,417,2773,15591,5549,2246,150,5620,1,35:58
2024-25,1642270,Donovan Clingan,Donovan,1610612757,POR,Portland Trail Blazers,0022400560,2025-01-14T00:00:00,POR vs. BKN,L,22.466666666666665,1.6,1.6,1.0,0.0,0.0,0.0,3.2,3.2,1.0,8.0,14.4,22.4,3.2,6.4,3.2,1.6,0.0,6.4,6.4,6.4,9.6,46.1,0,0,41.7,1,13222,1,13222,14137,22027,24813,1,15070,20945,15070,7320,9512,1,780,671,311,12280,1172,2728,4539,8846,2476,2171,21115,7879,4679,2246,150,5816,1,22:28
2024-25,1631212,Peyton Watson,Peyton,1610612743,DEN,Denver Nuggets,0022400559,2025-01-14T00:00:00,DEN @ DAL,W,26.983333333333334,2.7,8.0,0.333,1.3,4.0,0.333,5.3,5.3,1.0,0.0,6.7,6.7,1.3,1.3,1.3,1.3,1.3,2.7,2.7,12.0,13.3,28.7,0,0,26.7,1,1,13086,1,10349,20158,20255,17395,12718,15581,9209,3608,5412,1,14058,6958,10792,18551,13647,9278,5502,5478,12171,10415,16129,6243,15731,2246,150,16408,1,26:59
2024-25,1631260,AJ Green,AJ,1610612749,MIL,Milwaukee Bucks,0022400558,2025-01-14T00:00:00,MIL vs. SAC,W,30.083333333333332,6.0,15.6,0.385,4.8,14.4,0.333,2.4,2.4,1.0,2.4,2.4,4.8,1.2,0.0,0.0,0.0,0.0,2.4,3.6,19.1,10.8,26.7,0,0,29.9,1,1,13086,1,7702,11562,7750,16070,2582,838,9209,9356,11507,1,6944,18508,15332,19021,16469,12854,8263,8846,13248,7418,8697,7333,17164,2246,150,14010,1,30:05
2024-25,1641816,Hunter Tyson,Hunter,1610612743,DEN,Denver Nuggets,0022400559,2025-01-14T00:00:00,DEN @ DAL,W,3.466666666666667,0.0,0.0,0.0,0.0,0.0,0.0,0.0,0.0,0.0,0.0,10.4,10.4,10.4,0.0,0.0,0.0,0.0,31.2,0.0,0.0,-41.5,28.0,0,0,20.8,1,1,13086,1,24728,22635,24836,22635,15070,20945,15070,13505,14344,13505,14058,2295,5018,1245,16469,12854,8263,8846,36,17725,23200,24938,16198,2246,150,20420,1,3:28
2024-25,203458,Alex Len,Alex,1610612758,SAC,Sacramento Kings,0022400558,2025-01-14T00:00:00,SAC @ MIL,L,9.266666666666667,3.9,7.8,0.5,0.0,0.0,0.0,0.0,0.0,0.0,3.9,3.9,7.8,3.9,3.9,3.9,7.8,0.0,7.8,0.0,7.8,7.8,54.0,0,0,42.7,1,13222,1,13222,22361,17363,20565,8526,15070,20945,15070,13505,14344,13505,3752,14070,8672,10269,4114,1754,153,8846,1479,17725,20104,8742,2210,2246,150,5298,1,9:16
2024-25,201572,Brook Lopez,Brook,1610612749,MIL,Milwaukee Bucks,0022400558,2025-01-14T00:00:00,MIL vs. SAC,W,33.416666666666664,8.6,16.2,0.533,3.2,7.5,0.429,2.2,3.2,0.667,0.0,5.4,5.4,2.2,0.0,1.1,0.0,0.0,3.2,2.2,22.6,8.6,35.6,0,0,35.6,1,1,13086,1,4795,5403,6886,8140,5865,7293,7394,10106,9454,9425,14058,9816,13840,15801,16469,11214,8263,8846,9730,12374,5758,8349,10694,2246,150,9701,1,33:25
2024-25,204456,T.J. McConnell,T.J.,1610612754,IND,Indiana Pacers,0022400554,2025-01-14T00:00:00,IND vs. CLE,L,21.266666666666666,8.5,18.6,0.455,0.0,0.0,0.0,0.0,0.0,0.0,1.7,0.0,1.7,13.5,0.0,1.7,0.0,1.7,3.4,0.0,16.9,5.1,44.4,0,0,35.5,1,13222,1,13222,15095,5681,4093,12676,15070,20945,15070,13505,14344,13505,9602,22137,22311,442,16469,7634,8263,4166,9130,17725,10930,10069,5495,2246,150,9702,1,21:16
2024-25,1629750,Javonte Green,Javonte,1610612740,NOP,New Orleans Pelicans,0022400557,2025-01-14T00:00:00,NOP @ CHI,W,28.52,3.8,7.6,0.5,0.0,1.3,0.0,1.3,1.3,1.0,1.3,3.8,5.0,1.3,0.0,5.0,2.5,1.3,2.5,3.8,8.8,2.5,39.5,0,0,30.3,1,1,13086,1,9099,17605,20829,8526,15070,20545,15070,12414,13800,1,11401,14367,14671,18793,16469,872,2330,5861,12691,6884,19240,11351,8071,2246,150,13722,1,28:31
2024-25,1626167,Myles Turner,Myles,1610612754,IND,Indiana Pacers,0022400554,2025-01-14T00:00:00,IND vs. CLE,L,29.55,6.1,13.4,0.455,1.2,4.9,0.25,7.3,7.3,1.0,1.2,4.9,6.1,0.0,1.2,1.2,0.0,2.4,3.7,3.7,20.7,-24.4,30.5,0,0,30.5,1,13222,1,13222,8180,11248,11150,12676,13271,13504,11902,1796,3086,1,11672,11231,12068,19908,14303,10028,8263,2143,8249,7252,7308,22655,14449,2246,150,13573,1,29:33
2024-25,1631165,Keon Ellis,Keon,1610612758,SAC,Sacramento Kings,0022400558,2025-01-14T00:00:00,SAC @ MIL,L,30.7,5.9,12.9,0.455,5.9,9.4,0.625,3.5,3.5,1.0,3.5,1.2,4.7,1.2,0.0,1.2,0.0,2.3,3.5,4.7,21.1,-7.0,32.0,0,0,35.2,1,13222,1,13222,7123,11912,12041,12676,1420,4278,2868,6671,8855,1,4350,21585,15592,19109,16469,10416,8263,2343,8700,4736,6994,16515,13318,2246,150,9963,1,30:42
2024-25,1631222,Jake LaRavia,Jake,1610612763,MEM,Memphis Grizzlies,0022400551,2025-01-13T00:00:00,MEM @ HOU,L,21.033333333333335,8.6,12.0,0.714,3.4,5.1,0.667,0.0,0.0,0.0,5.1,6.8,12.0,0.0,1.7,3.4,0.0,0.0,3.4,0.0,20.5,-17.1,43.5,0,0,42.8,1,13222,1,13222,15267,5509,13622,2752,5327,12861,1957,13505,14344,13505,2257,6625,3510,19908,11872,2341,8263,8846,8988,17725,7457,20665,5895,2246,150,5257,1,21:02
2024-25,1627884,Derrick Jones Jr.,Derrick,1610612746,LAC,LA Clippers,0022400553,2025-01-13T00:00:00,LAC vs. MIA,W,15.683333333333334,9.2,16.1,0.571,0.0,4.6,0.0,2.3,6.9,0.333,0.0,0.0,0.0,2.3,2.3,2.3,0.0,0.0,2.3,4.6,20.7,18.4,28.7,0,0,27.5,1,1,13086,1,19141,4394,7023,6538,15070,14215,15070,9644,3486,13132,14058,22137,23286,15250,9094,5055,8263,8846,13669,4963,7349,4445,15724,2246,150,15756,1,15:41
2024-25,1630534,Ochai Agbaji,Ochai,1610612761,TOR,Toronto Raptors,0022400550,2025-01-13T00:00:00,TOR vs. GSW,W,24.933333333333334,7.2,11.6,0.625,2.9,7.2,0.4,0.0,0.0,0.0,1.4,2.9,4.3,0.0,0.0,0.0,2.9,0.0,0.0,0.0,17.3,7.2,31.2,0,0,30.3,1,1,13086,1,12062,8403,14384,4899,6903,8009,7874,13505,14344,13505,10562,17121,16452,19908,16469,12854,1837,8846,20257,17725,10503,9035,13907,2246,150,13696,1,24:56
2024-25,1642259,Alex Sarr,Alex,1610612764,WAS,Washington Wizards,0022400548,2025-01-13T00:00:00,WAS vs. MIN,L,27.866666666666667,5.2,12.9,0.4,3.9,6.5,0.6,2.6,5.2,0.5,2.6,1.3,3.9,6.5,1.3,2.6,2.6,0.0,2.6,2.6,16.8,-23.3,45.3,0,0,41.3,1,13222,1,13222,9653,13896,12004,14933,4251,9626,2992,8843,5649,10625,6392,21296,17639,4777,13841,4170,2243,8846,12479,10693,11077,22397,5013,2246,150,6005,1,27:52
2024-25,203084,Harrison Barnes,Harrison,1610612759,SAS,San Antonio Spurs,0022400552,2025-01-13T00:00:00,SAS @ LAL,W,32.3,5.6,8.9,0.625,1.1,2.2,0.5,6.7,6.7,1.0,2.2,2.2,4.5,3.3,0.0,1.1,0.0,0.0,2.2,4.5,18.9,22.3,32.7,0,0,30.1,1,1,13086,1,5727,12785,18845,4899,13864,19116,3944,2247,3668,1,7495,18981,16151,11832,16469,10903,8263,8846,13965,5230,8907,3402,12838,2246,150,13874,1,32:18
2024-25,1629216,Gabe Vincent,Gabe,1610612747,LAL,Los Angeles Lakers,0022400552,2025-01-13T00:00:00,LAL vs. SAS,L,17.366666666666667,6.2,12.4,0.5,2.1,6.2,0.333,0.0,0.0,0.0,2.1,2.1,4.1,2.1,6.2,2.1,0.0,0.0,2.1,0.0,14.5,-6.2,22.6,0,0,26.9,1,13222,1,13222,18025,10921,12839,8526,9803,10152,9209,13505,14344,13505,8066,19443,16956,16103,1263,5904,8263,8846,14737,17725,13401,16170,19821,2246,150,16185,1,17:22
2024-25,1627827,Dorian Finney-Smith,Dorian,1610612747,LAL,Los Angeles Lakers,0022400552,2025-01-13T00:00:00,LAL vs. SAS,L,20.166666666666668,1.8,7.1,0.25,1.8,5.4,0.333,1.8,3.6,0.5,1.8,3.6,5.4,0.0,1.8,3.6,0.0,0.0,1.8,1.8,7.1,-23.2,22.5,0,0,21.4,1,13222,1,13222,15891,21778,21390,20233,11129,12316,9209,11266,8742,10625,9297,15025,13906,19908,11619,2138,8263,8846,16252,13982,20606,22387,19881,2246,150,20020,1,20:10
2024-25,1629645,Kevin Porter Jr.,Kevin,1610612746,LAC,LA Clippers,0022400553,2025-01-13T00:00:00,LAC vs. MIA,W,16.033333333333335,6.7,22.5,0.3,0.0,2.2,0.0,0.0,0.0,0.0,0.0,0.0,0.0,9.0,4.5,0.0,2.2,0.0,2.2,0.0,13.5,4.5,29.2,0,0,26.9,1,1,13086,1,18900,9604,1606,19363,15070,19089,15070,13505,14344,13505,14058,22137,23286,2039,3009,12854,2850,8846,13898,17725,14546,10396,15367,2246,150,16191,1,16:02
2024-25,1642347,Jamal Shead,Jamal,1610612761,TOR,Toronto Raptors,0022400550,2025-01-13T00:00:00,TOR vs. GSW,W,17.838333333333335,6.1,12.1,0.5,6.1,8.1,0.75,0.0,0.0,0.0,2.0,0.0,2.0,4.0,2.0,0.0,0.0,2.0,6.1,0.0,18.2,4.0,24.6,0,0,30.3,1,1,13086,1,17679,11355,13401,8526,1266,6333,1542,13505,14344,13505,8305,22137,21763,9846,10437,12854,8263,3170,2871,17725,9660,10625,18537,2246,150,13741,1,17:50
2024-25,1630578,Alperen Sengun,Alperen,1610612745,HOU,Houston Rockets,0022400551,2025-01-13T00:00:00,HOU vs. MEM,W,32.23,7.8,19.0,0.412,0.0,1.1,0.0,3.4,6.7,0.5,3.4,5.6,8.9,5.6,6.7,3.4,1.1,0.0,5.6,8.9,19.0,6.7,44.8,0,0,42.4,1,1,13086,1,5791,7031,3768,14791,15070,20723,15070,6999,3655,10625,4639,9334,6843,6283,1021,2466,6687,8846,3574,681,8872,9289,5285,2246,150,5437,1,32:14
2024-25,1627741,Buddy Hield,Buddy,1610612744,GSW,Golden State Warriors,0022400550,2025-01-13T00:00:00,GSW @ TOR,L,33.04833333333333,3.3,14.2,0.231,2.2,10.9,0.2,0.0,0.0,0.0,0.0,2.2,2.2,3.3,2.2,4.4,1.1,1.1,1.1,0.0,8.7,6.5,30.4,0,0,27.2,1,13222,1,13222,5116,18833,9904,21157,9320,2590,13429,13505,14344,13505,14058,19132,21455,12082,9603,1330,6869,7150,19160,17725,19335,9367,14505,2246,150,15996,1,33:03
2024-25,1628404,Josh Hart,Josh,1610612752,NYK,New York Knicks,0022400549,2025-01-13T00:00:00,NYK vs. DET,L,37.86666666666667,2.9,4.8,0.6,1.0,1.9,0.5,4.8,5.7,0.833,2.9,10.5,13.3,4.8,1.0,0.0,0.0,0.0,3.8,2.9,11.4,5.7,33.6,1,0,30.4,1,13222,1,13222,1463,19768,23640,5394,14789,19735,3944,4424,4883,7275,5724,2262,2599,8040,16144,12854,8263,8846,7727,9764,16778,9753,12149,1,150,13610,1,37:52
2024-25,2544,LeBron James,LeBron,1610612747,LAL,Los Angeles Lakers,0022400552,2025-01-13T00:00:00,LAL vs. SAS,L,32.1,7.9,12.3,0.636,2.2,3.4,0.667,2.2,4.5,0.5,1.1,4.5,5.6,9.0,7.9,1.1,1.1,0.0,3.4,3.4,20.2,-16.8,39.3,0,0,41.5,1,13222,1,13222,5890,6957,13016,4689,9077,16944,1957,9800,6864,10625,12320,12294,13275,2047,622,10856,6655,8846,9205,8061,7745,20557,8232,2246,150,5916,1,32:06
2024-25,203952,Andrew Wiggins,Andrew,1610612744,GSW,Golden State Warriors,0022400550,2025-01-13T00:00:00,GSW @ TOR,L,35.163333333333334,6.1,13.3,0.462,4.1,9.2,0.444,4.1,6.1,0.667,1.0,2.0,3.1,1.0,2.0,1.0,0.0,0.0,2.0,3.1,20.5,4.1,26.7,0,0,30.7,1,13222,1,13222,3345,11111,11291,12428,3794,4504,7211,5529,4293,9425,13063,19512,19544,19609,10273,11727,8263,8846,14888,8991,7522,10596,17140,2246,150,13389,1,35:10
2024-25,1628398,Kyle Kuzma,Kyle,1610612764,WAS,Washington Wizards,0022400548,2025-01-13T00:00:00,WAS vs. MIN,L,35.483333333333334,9.1,21.3,0.429,3.0,8.1,0.375,1.0,4.1,0.25,0.0,5.1,5.1,5.1,1.0,3.0,0.0,2.0,3.0,2.0,22.3,-11.2,44.1,0,0,41.6,1,13222,1,13222,3087,4483,2153,13735,6363,6256,8800,13198,7721,13358,14058,10655,14594,7309,15752,3061,8263,3131,10521,12941,5995,18391,5608,2246,150,5857,1,35:29
2024-25,203482,Kelly Olynyk,Kelly,1610612761,TOR,Toronto Raptors,0022400550,2025-01-13T00:00:00,TOR vs. GSW,W,10.55,3.4,6.8,0.5,0.0,0.0,0.0,0.0,0.0,0.0,0.0,6.8,6.8,6.8,3.4,0.0,3.4,0.0,3.4,0.0,6.8,-34.1,32.1,0,0,27.3,1,1,13086,1,21898,18515,21761,8526,15070,20945,15070,13505,14344,13505,14058,6669,10477,4259,5205,12854,1294,8846,9033,17725,20845,24318,13271,2246,150,15948,1,10:33
2024-25,1630215,Jared Butler,Jared,1610612764,WAS,Washington Wizards,0022400548,2025-01-13T00:00:00,WAS vs. MIN,L,6.933333333333334,10.4,20.8,0.5,5.2,5.2,1.0,10.4,10.4,1.0,0.0,0.0,0.0,0.0,5.2,0.0,0.0,0.0,0.0,10.4,36.3,26.0,31.2,0,0,41.5,1,13222,1,13222,23204,2835,2468,8526,2061,12716,1,589,1227,1,14058,22137,23286,19908,2120,12854,8263,8846,20257,350,772,2622,13942,2246,150,5884,1,6:56
2024-25,1630611,Gui Santos,Gui,1610612744,GSW,Golden State Warriors,0022400550,2025-01-13T00:00:00,GSW @ TOR,L,11.633333333333333,0.0,9.3,0.0,0.0,6.2,0.0,0.0,0.0,0.0,9.3,0.0,9.3,6.2,0.0,0.0,3.1,0.0,9.3,0.0,0.0,-27.9,29.7,0,0,21.7,1,13222,1,13222,21438,22635,18289,22635,15070,10221,15070,13505,14344,13505,506,22137,6342,5173,16469,12854,1574,8846,875,17725,23200,23401,15020,2246,150,19860,1,11:38
2024-25,1628988,Aaron Holiday,Aaron,1610612745,HOU,Houston Rockets,0022400551,2025-01-13T00:00:00,HOU vs. MEM,W,9.131666666666666,7.9,15.8,0.5,7.9,11.8,0.667,0.0,0.0,0.0,0.0,3.9,3.9,0.0,7.9,0.0,0.0,0.0,0.0,0.0,23.7,11.8,20.5,0,0,35.5,1,1,13086,1,22411,6872,7444,8526,489,1884,1957,13505,14344,13505,14058,13905,17462,19908,612,12854,8263,8846,20257,17725,5015,6870,20947,2246,150,9745,1,9:08
2024-25,1628380,Zach Collins,Zach,1610612759,SAS,San Antonio Spurs,0022400552,2025-01-13T00:00:00,SAS @ LAL,W,1.6833333333333333,0.0,21.4,0.0,0.0,0.0,0.0,0.0,0.0,0.0,0.0,21.4,21.4,0.0,0.0,0.0,0.0,0.0,0.0,0.0,0.0,64.2,25.7,0,0,21.4,1,1,13086,1,25667,22635,2096,22635,15070,20945,15070,13505,14344,13505,14058,131,377,19908,16469,12854,8263,8846,20257,17725,23200,298,17835,2246,150,20032,1,1:41
2024-25,1630183,Jaden McDaniels,Jaden,1610612750,MIN,Minnesota Timberwolves,0022400548,2025-01-13T00:00:00,MIN @ WAS,W,30.3,3.6,9.5,0.375,0.0,3.6,0.0,2.4,2.4,1.0,2.4,7.1,9.5,0.0,2.4,0.0,1.2,1.2,1.2,1.2,9.5,8.3,22.1,0,0,21.4,1,1,13086,1,7493,18164,17940,16299,15070,16521,15070,9395,11553,1,6997,6120,6057,19908,8743,12854,6251,6352,18603,16460,18631,8478,20083,2246,150,20032,1,30:18
2024-25,1629646,Charles Bassey,Charles,1610612759,SAS,San Antonio Spurs,0022400552,2025-01-13T00:00:00,SAS @ LAL,W,12.383333333333333,5.8,8.7,0.667,0.0,0.0,0.0,0.0,0.0,0.0,8.7,17.4,26.2,2.9,5.8,2.9,2.9,0.0,5.8,2.9,11.6,-14.5,59.0,0,0,52.3,1,1,13086,1,21055,12076,19150,3281,15070,20945,15070,13505,14344,13505,610,298,170,13253,1543,3387,1815,8846,3195,9571,16545,19721,1330,2246,150,1965,1,12:23
2024-25,1630224,Jalen Green,Jalen,1610612745,HOU,Houston Rockets,0022400551,2025-01-13T00:00:00,HOU vs. MEM,W,40.13166666666667,11.7,16.1,0.722,4.5,5.4,0.833,9.9,9.9,1.0,0.0,2.7,2.7,3.6,2.7,0.9,0.0,0.0,0.9,5.4,37.7,7.2,46.3,0,0,50.2,1,1,13086,1,535,1749,6905,2738,3092,12250,1341,737,1422,1,14058,17725,20467,11119,7558,12679,8263,8846,20153,3504,633,9057,4631,2246,150,2463,1,40:08
2024-25,201935,James Harden,James,1610612746,LAC,LA Clippers,0022400553,2025-01-13T00:00:00,LAC vs. MIA,W,36.93333333333333,8.8,16.6,0.529,5.8,9.7,0.6,1.9,1.9,1.0,0.0,4.9,4.9,10.7,3.9,1.0,1.0,1.0,1.9,1.0,25.3,12.7,49.2,1,0,50.7,1,1,13086,1,2028,5133,6340,8281,1433,3788,2992,10803,12860,1,14058,11229,15129,1100,4091,12172,7655,8145,15407,17476,4031,6531,3532,1,150,2345,1,36:56
2024-25,1630595,Cade Cunningham,Cade,1610612765,DET,Detroit Pistons,0022400549,2025-01-13T00:00:00,DET @ NYK,W,32.05,15.7,30.3,0.519,4.5,9.0,0.5,4.5,4.5,1.0,0.0,2.2,2.2,4.5,2.2,1.1,0.0,2.2,4.5,4.5,40.4,4.5,51.0,0,0,53.9,1,1,13086,1,5928,388,260,8506,3080,4857,3944,4847,6855,1,14058,18931,21325,8669,9321,10840,8263,2561,5796,5159,421,10394,2989,2246,150,1640,1,32:03
2024-25,1630567,Scottie Barnes,Scottie,1610612761,TOR,Toronto Raptors,0022400550,2025-01-13T00:00:00,TOR vs. GSW,W,40.43333333333333,8.0,18.7,0.429,0.9,3.6,0.25,3.6,5.3,0.667,1.8,5.3,7.1,5.3,2.7,1.8,1.8,0.0,0.9,3.6,20.5,10.7,45.1,0,0,41.0,1,1,13086,1,464,6610,4028,13735,14983,16526,11902,6576,5401,9425,9317,9923,9908,6736,7616,7329,4099,8846,20169,7506,7520,7375,5149,2246,150,6227,1,40:26
2024-25,1626166,Cameron Payne,Cameron,1610612752,NYK,New York Knicks,0022400549,2025-01-13T00:00:00,NYK vs. DET,L,13.6,7.9,18.5,0.429,5.3,15.9,0.333,5.3,5.3,1.0,0.0,2.6,2.6,5.3,5.3,2.6,2.6,0.0,2.6,2.6,26.5,13.2,48.2,0,0,50.3,1,13222,1,13222,20422,6751,4190,13735,1957,534,9209,3661,5472,1,14058,17825,20547,6831,2008,4024,2156,8846,12249,10481,3445,6293,3918,2246,150,2450,1,13:36
2024-25,101108,Chris Paul,Chris,1610612759,SAS,San Antonio Spurs,0022400552,2025-01-13T00:00:00,SAS @ LAL,W,28.916666666666668,3.7,7.5,0.5,2.5,5.0,0.5,6.2,6.2,1.0,0.0,2.5,2.5,12.4,1.2,5.0,0.0,0.0,5.0,3.7,16.2,17.4,51.5,1,0,43.6,1,1,13086,1,8740,17741,20977,8526,8181,13252,3944,2657,4205,1,14058,18212,20834,626,14127,912,8263,8846,4656,7029,11741,4766,2828,1,150,4885,1,28:55
2024-25,1629639,Tyler Herro,Tyler,1610612748,MIA,Miami Heat,0022400553,2025-01-13T00:00:00,MIA @ LAC,L,37.093333333333334,8.7,19.4,0.45,3.9,12.6,0.308,9.7,11.6,0.833,0.0,10.7,10.7,6.8,1.0,0.0,0.0,0.0,0.0,6.8,31.1,-1.9,53.1,1,0,52.4,1,13222,1,13222,1935,5211,3411,12982,4237,1465,11292,781,854,7275,14058,2104,4742,4293,16024,12854,8263,8846,20257,1828,1766,14008,2422,1,150,1944,1,37:06
2024-25,1630572,Sandro Mamukelashvili,Sandro,1610612759,SAS,San Antonio Spurs,0022400552,2025-01-13T00:00:00,SAS @ LAL,W,2.1,17.1,17.1,1.0,0.0,0.0,0.0,34.3,34.3,1.0,17.1,0.0,17.1,0.0,0.0,0.0,0.0,0.0,0.0,17.1,68.6,85.7,89.1,0,0,85.7,1,1,13086,1,25414,266,5641,1,15070,20945,15070,22,41,1,92,22137,1086,19908,16469,12854,8263,8846,20257,69,58,129,105,2246,150,115,1,2:06
2024-25,1630162,Anthony Edwards,Anthony,1610612750,MIN,Minnesota Timberwolves,0022400548,2025-01-13T00:00:00,MIN @ WAS,W,36.4,13.8,24.7,0.56,4.9,10.9,0.455,7.9,7.9,1.0,2.0,4.0,5.9,6.9,6.9,3.0,1.0,0.0,2.0,4.9,40.5,17.8,63.0,0,0,66.3,1,1,13086,1,2413,748,889,7232,2346,2606,7148,1452,2580,1,8485,13852,12442,4105,924,3224,7544,8846,15265,4214,416,4622,875,2246,150,427,1,36:24
2024-25,1627826,Ivica Zubac,Ivica,1610612746,LAC,LA Clippers,0022400553,2025-01-13T00:00:00,LAC vs. MIA,W,32.1,11.2,14.6,0.769,0.0,0.0,0.0,1.1,3.4,0.333,4.5,17.9,22.4,1.1,1.1,0.0,2.2,1.1,0.0,3.4,23.6,3.4,57.8,1,0,51.6,1,1,13086,1,5890,2080,9236,2080,15070,20945,15070,12849,9174,13132,2940,266,312,19288,14998,12854,2853,6865,20257,8061,5091,10941,1508,1,150,2124,1,32:06
2024-25,1642276,Kel'el Ware,Kel'el,1610612748,MIA,Miami Heat,0022400553,2025-01-13T00:00:00,MIA @ LAC,L,32.61666666666667,7.7,12.1,0.636,3.3,3.3,1.0,2.2,2.2,1.0,4.4,9.9,14.3,0.0,1.1,1.1,1.1,1.1,2.2,2.2,21.0,-15.5,43.7,1,0,43.0,1,13222,1,13222,5465,7211,13338,4689,5624,17044,1,9923,12067,1,3032,2634,2077,19908,15108,10987,6765,7010,14060,12129,7101,20078,5803,1,150,5119,1,32:37
2024-25,1627736,Malik Beasley,Malik,1610612765,DET,Detroit Pistons,0022400549,2025-01-13T00:00:00,DET @ NYK,W,17.625,14.3,26.6,0.538,12.3,16.3,0.75,4.1,6.1,0.667,2.0,2.0,4.1,2.0,0.0,2.0,0.0,0.0,2.0,4.1,44.9,20.4,59.0,0,0,67.4,1,1,13086,1,17846,626,552,7978,125,475,1542,5551,4312,9425,8193,19524,17111,16217,16469,6045,8263,8846,14907,6081,254,3838,1326,2246,150,389,1,17:38
2024-25,1628449,Chris Boucher,Chris,1610612761,TOR,Toronto Raptors,0022400550,2025-01-13T00:00:00,TOR vs. GSW,W,21.87,11.5,14.8,0.778,4.9,8.2,0.6,1.6,3.3,0.5,6.6,4.9,11.5,3.3,0.0,0.0,1.6,0.0,1.6,1.6,29.6,1.6,53.3,0,0,52.7,1,1,13086,1,14597,1854,8876,1994,2354,6035,2992,11516,9331,10625,1342,11056,3926,12017,16469,12854,4442,8846,16730,14471,2220,11812,2365,2246,150,1887,1,21:52
2024-25,1629673,Jordan Poole,Jordan,1610612764,WAS,Washington Wizards,0022400548,2025-01-13T00:00:00,WAS vs. MIN,L,33.233333333333334,8.7,22.7,0.381,4.3,11.9,0.364,0.0,0.0,0.0,2.2,5.4,7.6,4.3,5.4,2.2,1.1,4.3,2.2,2.2,21.7,-19.5,41.6,0,0,44.4,1,13222,1,13222,4963,5316,1470,16250,3337,1823,9100,13505,14344,13505,7698,9743,9001,9049,1883,5520,6899,532,14263,12305,6490,21400,6833,2246,150,4503,1,33:14
2024-25,1630170,Devin Vassell,Devin,1610612759,SAS,San Antonio Spurs,0022400552,2025-01-13T00:00:00,SAS @ LAL,W,33.983333333333334,9.5,19.1,0.5,5.3,9.5,0.556,0.0,0.0,0.0,1.1,5.3,6.4,4.2,2.1,2.1,0.0,2.1,1.1,2.1,24.4,23.3,42.6,0,0,44.5,1,1,13086,1,4278,3835,3698,8526,1953,4062,3747,13505,14344,13505,12796,10033,11491,9284,9914,5701,8263,2866,19345,12532,4570,3193,6319,2246,150,4475,1,33:59
2024-25,203937,Kyle Anderson,Kyle,1610612744,GSW,Golden State Warriors,0022400550,2025-01-13T00:00:00,GSW @ TOR,L,17.586666666666666,8.2,10.2,0.8,4.1,4.1,1.0,6.1,6.1,1.0,0.0,4.1,4.1,4.1,0.0,2.0,0.0,0.0,2.0,4.1,26.6,-2.0,43.8,0,0,43.0,1,13222,1,13222,17864,6231,16681,1688,3797,15362,1,2737,4296,1,14058,13438,17085,9674,16469,6026,8263,8846,14895,6064,3383,14070,5764,2246,150,5147,1,17:35
2024-25,1631103,Malaki Branham,Malaki,1610612759,SAS,San Antonio Spurs,0022400552,2025-01-13T00:00:00,SAS @ LAL,W,2.1,17.1,17.1,1.0,17.1,17.1,1.0,0.0,0.0,0.0,0.0,0.0,0.0,0.0,0.0,0.0,0.0,0.0,0.0,0.0,51.4,85.7,51.4,0,0,68.6,1,1,13086,1,25414,266,5641,1,49,401,1,13505,14344,13505,14058,22137,23286,19908,16469,12854,8263,8846,20257,17725,148,129,2858,2246,150,356,1,2:06
2024-25,1641705,Victor Wembanyama,Victor,1610612759,SAS,San Antonio Spurs,0022400552,2025-01-13T00:00:00,SAS @ LAL,W,33.93333333333333,10.6,18.0,0.588,2.1,6.4,0.333,1.1,2.1,0.5,1.1,7.4,8.5,5.3,1.1,3.2,2.1,0.0,1.1,2.1,24.4,27.6,57.4,0,0,50.9,1,1,13086,1,4325,2613,4627,6229,9584,9832,9209,13041,12347,10625,12788,5630,7487,6806,15420,2778,3141,8846,19332,12518,4550,2331,1574,2246,150,2284,1,33:56
2024-25,1626172,Kevon Looney,Kevon,1610612744,GSW,Golden State Warriors,0022400550,2025-01-13T00:00:00,GSW @ TOR,L,17.836666666666666,10.1,18.2,0.556,0.0,0.0,0.0,0.0,0.0,0.0,8.1,10.1,18.2,2.0,0.0,2.0,0.0,4.0,4.0,0.0,20.2,-16.1,51.1,0,0,44.4,1,13222,1,13222,17680,3124,4491,7248,15070,20945,15070,13505,14344,13505,762,2508,862,16309,16469,6168,8263,641,7043,17725,7760,20302,2974,2246,150,4505,1,17:50
2024-25,203076,Anthony Davis,Anthony,1610612747,LAL,Los Angeles Lakers,0022400552,2025-01-13T00:00:00,LAL vs. SAS,L,32.38333333333333,14.5,20.0,0.722,2.2,5.6,0.4,2.2,4.4,0.5,8.9,5.6,14.5,2.2,2.2,2.2,2.2,1.1,4.4,2.2,33.4,-23.3,65.1,1,0,61.1,1,13222,1,13222,5657,589,2961,2738,9145,11820,7874,9858,6941,10625,577,9395,2022,15542,9414,5299,2898,6948,5895,12062,1259,22427,688,1,150,719,1,32:23
2024-25,1642273,Kyshawn George,Kyshawn,1610612764,WAS,Washington Wizards,0022400548,2025-01-13T00:00:00,WAS vs. MIN,L,17.516666666666666,8.2,14.4,0.571,4.1,10.3,0.4,0.0,0.0,0.0,0.0,2.1,2.1,6.2,0.0,4.1,0.0,0.0,4.1,2.1,20.6,-2.1,44.6,0,0,41.1,1,13222,1,13222,17908,6167,9558,6538,3765,3183,7874,13505,14344,13505,14058,19492,21690,5223,16469,1534,8263,8846,6805,12827,7444,14076,5365,2246,150,6135,1,17:31
2024-25,1629675,Naz Reid,Naz,1610612750,MIN,Minnesota Timberwolves,0022400548,2025-01-13T00:00:00,MIN @ WAS,W,23.916666666666668,4.5,7.5,0.6,4.5,6.0,0.75,4.5,6.0,0.75,0.0,7.5,7.5,1.5,0.0,4.5,1.5,0.0,6.0,3.0,18.1,10.5,47.4,0,0,43.7,1,1,13086,1,12977,15731,20898,5394,3042,10642,1542,4811,4442,8186,14058,5454,9123,17955,16469,1217,4828,8846,2910,9199,9779,7454,4174,2246,150,4856,1,23:55
2024-25,1628964,Mo Bamba,Mo,1610612746,LAC,LA Clippers,0022400553,2025-01-13T00:00:00,LAC vs. MIA,W,8.3,8.7,13.0,0.667,4.3,8.7,0.5,0.0,0.0,0.0,4.3,26.0,30.4,0.0,4.3,0.0,0.0,0.0,4.3,0.0,21.7,17.3,53.8,0,0,56.4,1,1,13086,1,22711,5300,11838,3281,3333,5306,3944,13505,14344,13505,3120,71,83,19908,3242,12854,8263,8846,6180,17725,6471,4790,2254,2246,150,1248,1,8:18
2024-25,1631104,Blake Wesley,Blake,1610612759,SAS,San Antonio Spurs,0022400552,2025-01-13T00:00:00,SAS @ LAL,W,2.1,0.0,17.1,0.0,0.0,17.1,0.0,0.0,0.0,0.0,0.0,17.1,17.1,17.1,0.0,0.0,0.0,0.0,0.0,0.0,0.0,85.7,46.3,0,0,34.3,1,1,13086,1,25414,22635,5641,22635,15070,401,15070,13505,14344,13505,14058,319,1086,159,16469,12854,8263,8846,20257,17725,23200,129,4632,2246,150,10617,1,2:06
2024-25,201567,Kevin Love,Kevin,1610612748,MIA,Miami Heat,0022400553,2025-01-13T00:00:00,MIA @ LAC,L,15.383333333333333,7.0,18.7,0.375,7.0,18.7,0.375,0.0,0.0,0.0,0.0,7.0,7.0,0.0,0.0,2.3,0.0,0.0,4.7,0.0,21.1,7.0,36.5,0,0,39.8,1,13222,1,13222,19316,8878,4010,16299,753,295,8800,13505,14344,13505,14058,6329,10115,19908,16469,4898,8263,8846,5337,17725,7037,9124,10023,2246,150,6903,1,15:23
2024-25,1641715,Cam Whitmore,Cam,1610612745,HOU,Houston Rockets,0022400551,2025-01-13T00:00:00,HOU vs. MEM,W,21.483333333333334,10.1,15.1,0.667,6.7,11.7,0.571,0.0,0.0,0.0,0.0,1.7,1.7,1.7,1.7,1.7,0.0,0.0,1.7,0.0,26.8,20.1,34.7,0,0,40.2,1,1,13086,1,14946,3158,8462,3281,894,1939,3506,13505,14344,13505,14058,20511,22331,17428,12017,7695,8263,8846,16605,17725,3294,3917,11303,2246,150,6667,1,21:29
2024-25,1630557,Corey Kispert,Corey,1610612764,WAS,Washington Wizards,0022400548,2025-01-13T00:00:00,WAS vs. MIN,L,17.833333333333332,2.0,8.1,0.25,0.0,4.0,0.0,0.0,0.0,0.0,0.0,4.0,4.0,2.0,0.0,0.0,0.0,0.0,0.0,2.0,4.0,-4.0,11.9,0,0,10.1,1,13222,1,13222,17681,21377,20131,20233,15070,15505,15070,13505,14344,13505,14058,13604,17220,16304,16469,12854,8263,8846,20257,12989,22537,15087,24029,2246,150,24406,1,17:50
2024-25,203471,Dennis Schröder,Dennis,1610612744,GSW,Golden State Warriors,0022400550,2025-01-13T00:00:00,GSW @ TOR,L,23.835,7.6,18.1,0.417,3.0,9.1,0.333,0.0,0.0,0.0,1.5,3.0,4.5,6.0,3.0,1.5,0.0,3.0,1.5,1.5,18.1,9.1,34.1,0,0,34.7,1,13222,1,13222,13046,7641,4536,14532,6431,4721,9209,13505,14344,13505,10273,16650,15971,5413,6394,8368,8263,1312,17174,14964,9708,8144,11702,2246,150,10266,1,23:50
2024-25,1642267,Bub Carrington,Bub,1610612764,WAS,Washington Wizards,0022400548,2025-01-13T00:00:00,WAS vs. MIN,L,33.78333333333333,2.1,9.6,0.222,2.1,6.4,0.333,2.1,2.1,1.0,1.1,4.3,5.3,2.1,0.0,1.1,0.0,0.0,2.1,1.1,8.5,-18.1,21.3,0,0,20.2,1,13222,1,13222,4448,21180,17793,21205,9551,9772,9209,10199,12319,1,12750,12929,13978,15890,16469,11343,8263,8846,14459,17090,19496,20969,20523,2246,150,20731,1,33:47
2024-25,1641744,Zach Edey,Zach,1610612763,MEM,Memphis Grizzlies,0022400551,2025-01-13T00:00:00,MEM @ HOU,L,23.6,1.5,6.1,0.25,0.0,3.1,0.0,0.0,0.0,0.0,1.5,9.2,10.7,0.0,3.1,1.5,1.5,1.5,9.2,0.0,3.1,16.8,22.0,0,0,19.8,1,13222,1,13222,13227,22138,22513,20233,15070,17550,15070,13505,14344,13505,10211,3357,4739,19908,6283,8293,4761,4675,917,17725,22939,4976,20166,2246,150,20957,1,23:36
2024-25,1629628,RJ Barrett,RJ,1610612761,TOR,Toronto Raptors,0022400550,2025-01-13T00:00:00,TOR vs. GSW,W,26.3,8.2,19.2,0.429,1.4,4.1,0.333,2.7,4.1,0.667,0.0,5.5,5.5,6.8,4.1,0.0,0.0,2.7,4.1,4.1,20.5,8.2,33.3,0,0,34.2,1,1,13086,1,10902,6174,3617,13735,12569,15327,9209,8490,7615,9425,14058,9603,13606,4221,3663,12854,8263,1687,6817,6039,7463,8524,12380,2246,150,10684,1,26:18
2024-25,1631169,Josh Minott,Josh,1610612750,MIN,Minnesota Timberwolves,0022400548,2025-01-13T00:00:00,MIN @ WAS,W,6.816666666666666,5.3,10.6,0.5,0.0,5.3,0.0,0.0,0.0,0.0,0.0,0.0,0.0,0.0,0.0,0.0,0.0,0.0,0.0,0.0,10.6,-26.4,10.6,0,0,10.6,1,1,13086,1,23243,13588,16115,8526,15070,12514,15070,13505,14344,13505,14058,22137,23286,19908,16469,12854,8263,8846,20257,17725,17602,23111,24327,2246,150,24319,1,6:49
2024-25,1630322,Lindy Waters III,Lindy,1610612744,GSW,Golden State Warriors,0022400550,2025-01-13T00:00:00,GSW @ TOR,L,21.833333333333332,3.3,9.9,0.333,3.3,6.6,0.5,3.3,4.9,0.667,1.6,13.2,14.8,0.0,1.6,0.0,1.6,0.0,0.0,1.6,13.2,-14.8,34.3,0,0,34.6,1,13222,1,13222,14630,18762,17254,17395,5668,9331,3944,7114,6034,9425,9752,957,1854,19908,12144,12854,4425,8846,20257,14456,14884,19839,11593,2246,150,10353,1,21:50
2024-25,1631098,Johnny Davis,Johnny,1610612764,WAS,Washington Wizards,0022400548,2025-01-13T00:00:00,WAS vs. MIN,L,1.3666666666666667,0.0,0.0,0.0,0.0,0.0,0.0,0.0,0.0,0.0,0.0,0.0,0.0,0.0,0.0,0.0,0.0,0.0,0.0,0.0,0.0,79.0,0.0,0,0,0.0,1,13222,1,13222,25879,22635,24836,22635,15070,20945,15070,13505,14344,13505,14058,22137,23286,19908,16469,12854,8263,8846,20257,17725,23200,169,25228,2246,150,25259,1,1:22
2024-25,1629130,Duncan Robinson,Duncan,1610612748,MIA,Miami Heat,0022400553,2025-01-13T00:00:00,MIA @ LAC,L,24.866666666666667,1.4,7.2,0.2,1.4,7.2,0.2,0.0,0.0,0.0,1.4,1.4,2.9,2.9,2.9,0.0,0.0,2.9,1.4,0.0,4.3,-11.6,9.3,0,0,11.6,1,13222,1,13222,12121,22232,21277,21401,12263,7962,13429,13505,14344,13505,10548,20996,20003,13293,6866,12854,8263,1472,17450,17725,22376,18561,24530,2246,150,24088,1,24:52
2024-25,1641740,Jaylen Clark,Jaylen,1610612750,MIN,Minnesota Timberwolves,0022400548,2025-01-13T00:00:00,MIN @ WAS,W,1.25,0.0,0.0,0.0,0.0,0.0,0.0,0.0,0.0,0.0,0.0,0.0,0.0,0.0,0.0,0.0,0.0,0.0,0.0,0.0,0.0,-86.4,0.0,0,0,0.0,1,1,13086,1,25934,22635,24836,22635,15070,20945,15070,13505,14344,13505,14058,22137,23286,19908,16469,12854,8263,8846,20257,17725,23200,26062,25228,2246,150,25259,1,1:15
2024-25,1630568,Luka Garza,Luka,1610612750,MIN,Minnesota Timberwolves,0022400548,2025-01-13T00:00:00,MIN @ WAS,W,1.25,0.0,28.8,0.0,0.0,0.0,0.0,0.0,0.0,0.0,0.0,0.0,0.0,0.0,0.0,0.0,0.0,0.0,28.8,0.0,0.0,-86.4,0.0,0,0,0.0,1,1,13086,1,25934,22635,337,22635,15070,20945,15070,13505,14344,13505,14058,22137,23286,19908,16469,12854,8263,8846,46,17725,23200,26062,25228,2246,150,25259,1,1:15
2024-25,1630217,Desmond Bane,Desmond,1610612763,MEM,Memphis Grizzlies,0022400551,2025-01-13T00:00:00,MEM @ HOU,L,34.095,9.5,13.7,0.692,4.2,5.3,0.8,3.2,3.2,1.0,1.1,2.1,3.2,2.1,3.2,2.1,0.0,1.1,1.1,2.1,26.4,-11.6,36.5,0,0,40.1,1,13222,1,13222,4176,3877,10608,3171,3525,12525,1389,7395,9573,1,12831,19333,19315,15960,5915,5732,8263,7438,19379,12559,3484,18581,10010,2246,150,6712,1,34:06
2024-25,1641803,Tristen Newton,Tristen,1610612750,MIN,Minnesota Timberwolves,0022400548,2025-01-13T00:00:00,MIN @ WAS,W,1.25,0.0,0.0,0.0,0.0,0.0,0.0,0.0,0.0,0.0,0.0,28.8,28.8,0.0,0.0,0.0,0.0,0.0,28.8,0.0,0.0,-86.4,34.6,0,0,28.8,1,1,13086,1,25934,22635,24836,22635,15070,20945,15070,13505,14344,13505,14058,48,105,19908,16469,12854,8263,8846,46,17725,23200,26062,11403,2246,150,14855,1,1:15
2024-25,1641842,Ronald Holland II,Ronald,1610612765,DET,Detroit Pistons,0022400549,2025-01-13T00:00:00,DET @ NYK,W,14.5,7.4,9.9,0.75,0.0,2.5,0.0,0.0,0.0,0.0,0.0,5.0,5.0,2.5,2.5,0.0,0.0,0.0,2.5,5.0,14.9,-14.9,22.1,0,0,22.3,1,1,13086,1,19877,7896,17187,2107,15070,18661,15070,13505,14344,13505,14058,10974,14882,14602,8319,12854,8263,8846,12870,4185,13020,19863,20086,2246,150,19457,1,14:30
2024-25,203497,Rudy Gobert,Rudy,1610612750,MIN,Minnesota Timberwolves,0022400548,2025-01-13T00:00:00,MIN @ WAS,W,32.56666666666667,5.5,6.6,0.833,0.0,0.0,0.0,1.1,2.2,0.5,5.5,6.6,12.2,2.2,0.0,1.1,1.1,1.1,1.1,2.2,12.2,12.2,36.7,1,0,31.0,1,1,13086,1,5509,12918,21972,1514,15070,20945,15070,12900,12053,10625,1932,7029,3372,15587,16469,10972,6754,6997,19068,12114,15971,6729,9889,1,150,13203,1,32:34
2024-25,1631170,Jaime Jaquez Jr.,Jaime,1610612748,MIA,Miami Heat,0022400553,2025-01-13T00:00:00,MIA @ LAC,L,32.70666666666666,4.4,9.9,0.444,2.2,4.4,0.5,0.0,0.0,0.0,0.0,2.2,2.2,5.5,5.5,1.1,0.0,2.2,2.2,1.1,11.0,0.0,19.7,0,0,23.1,1,13222,1,13222,5398,16055,17231,13045,9237,14675,3944,13505,14344,13505,14058,19061,21407,6418,1809,11015,8263,2638,14085,16902,17175,12240,21310,2246,150,18925,1,32:42
2024-25,1629599,Amir Coffey,Amir,1610612746,LAC,LA Clippers,0022400553,2025-01-13T00:00:00,LAC vs. MIA,W,24.616666666666667,1.5,7.3,0.2,1.5,4.4,0.333,2.9,2.9,1.0,0.0,0.0,0.0,0.0,0.0,2.9,0.0,0.0,2.9,1.5,7.3,2.9,16.1,0,0,14.6,1,1,13086,1,12359,22216,21190,21401,12199,14713,9209,8025,10160,1,14058,22137,23286,19908,16469,3333,8263,8846,11061,15169,20477,11162,22820,2246,150,23207,1,24:37
2024-25,1627751,Jakob Poeltl,Jakob,1610612761,TOR,Toronto Raptors,0022400550,2025-01-13T00:00:00,TOR vs. GSW,W,34.68333333333333,6.2,11.4,0.545,0.0,0.0,0.0,1.0,2.1,0.5,5.2,8.3,13.5,2.1,2.1,0.0,1.0,1.0,3.1,1.0,13.5,14.5,33.8,1,0,31.1,1,1,13086,1,3705,10893,14626,7695,15070,20945,15070,13120,12497,10625,2207,4281,2490,16093,10127,12854,7210,7598,10224,17229,14514,5809,11943,1,150,13049,1,34:41
2024-25,1626157,Karl-Anthony Towns,Karl-Anthony,1610612752,NYK,New York Knicks,0022400549,2025-01-13T00:00:00,NYK vs. DET,L,43.03333333333333,5.9,14.2,0.412,3.3,7.5,0.444,6.7,8.4,0.8,0.0,10.0,10.0,2.5,5.0,0.8,0.0,0.8,4.2,5.0,21.8,-3.3,35.1,1,0,39.3,1,13222,1,13222,147,11934,9800,14791,5522,7329,7211,2245,2281,7681,14058,2547,5391,14511,2316,12811,8263,8791,6598,4078,6424,14737,11020,1,150,7181,1,43:02
2024-25,1629637,Jaxson Hayes,Jaxson,1610612747,LAL,Los Angeles Lakers,0022400552,2025-01-13T00:00:00,LAL vs. SAS,L,12.75,5.6,11.3,0.5,0.0,2.8,0.0,0.0,0.0,0.0,2.8,0.0,2.8,2.8,0.0,0.0,2.8,0.0,5.6,2.8,11.3,-11.3,27.4,0,0,22.6,1,13222,1,13222,20863,12566,14839,8526,15070,18009,15070,13505,14344,13505,5796,22137,20185,13511,16469,12854,1918,8846,3471,9878,16899,18439,16673,2246,150,19294,1,12:45
2024-25,1628384,OG Anunoby,OG,1610612752,NYK,New York Knicks,0022400549,2025-01-13T00:00:00,NYK vs. DET,L,38.766666666666666,4.6,8.4,0.556,0.0,1.9,0.0,0.0,0.0,0.0,1.9,0.9,2.8,0.9,2.8,0.9,0.0,0.9,3.7,0.0,9.3,-7.4,14.0,0,0,14.9,1,13222,1,13222,979,15386,19710,7248,15070,19818,15070,13505,14344,13505,9002,22082,20285,19833,7272,12517,8263,8508,8020,17725,18825,16696,23496,2246,150,23107,1,38:46
2024-25,1631159,Leonard Miller,Leonard,1610612750,MIN,Minnesota Timberwolves,0022400548,2025-01-13T00:00:00,MIN @ WAS,W,1.25,0.0,0.0,0.0,0.0,0.0,0.0,0.0,0.0,0.0,0.0,28.8,28.8,0.0,28.8,0.0,0.0,0.0,0.0,0.0,0.0,-86.4,5.8,0,0,28.8,1,1,13086,1,25934,22635,24836,22635,15070,20945,15070,13505,14344,13505,14058,48,105,19908,19,12854,8263,8846,20257,17725,23200,26062,24941,2246,150,14855,1,1:15
2024-25,1631105,Jalen Duren,Jalen,1610612765,DET,Detroit Pistons,0022400549,2025-01-13T00:00:00,DET @ NYK,W,19.553333333333335,7.4,7.4,1.0,0.0,0.0,0.0,3.7,3.7,1.0,7.4,7.4,14.7,5.5,1.8,0.0,0.0,0.0,11.0,3.7,18.4,-16.6,42.5,0,0,38.7,1,1,13086,1,16377,8092,21121,1,15070,20945,15070,6325,8519,1,1004,5729,1899,6382,11362,12854,8263,8846,532,7180,9406,20466,6351,2246,150,7613,1,19:33
2024-25,1630559,Austin Reaves,Austin,1610612747,LAL,Los Angeles Lakers,0022400552,2025-01-13T00:00:00,LAL vs. SAS,L,33.483333333333334,4.3,14.0,0.308,2.2,7.5,0.286,2.2,2.2,1.0,1.1,4.3,5.4,8.6,4.3,0.0,0.0,0.0,3.2,3.2,12.9,-19.4,28.0,0,0,29.0,1,13222,1,13222,4745,16322,10204,19226,9454,7347,11433,10125,12251,1,12674,12805,13866,2342,3326,12854,8263,8846,9754,8475,15198,21361,16266,2246,150,14677,1,33:29
2024-25,1628971,Bruce Brown,Bruce,1610612761,TOR,Toronto Raptors,0022400550,2025-01-13T00:00:00,TOR vs. GSW,W,13.716666666666667,0.0,5.2,0.0,0.0,2.6,0.0,0.0,0.0,0.0,0.0,7.9,7.9,5.2,7.9,2.6,5.2,0.0,2.6,0.0,0.0,-5.2,33.1,0,0,28.9,1,1,13086,1,20351,22635,23291,22635,15070,18407,15070,13505,14344,13505,14058,4907,8514,6940,618,4084,453,8846,12345,17725,23200,15725,12540,2246,150,14804,1,13:43
2024-25,1629060,Rui Hachimura,Rui,1610612747,LAL,Los Angeles Lakers,0022400552,2025-01-13T00:00:00,LAL vs. SAS,L,29.566666666666666,3.7,7.3,0.5,3.7,4.9,0.75,0.0,0.0,0.0,0.0,3.7,3.7,1.2,1.2,2.4,0.0,1.2,1.2,1.2,11.0,-19.5,23.3,0,0,24.4,1,13222,1,13222,8168,17962,21199,8526,4798,13506,1542,13505,14344,13505,14058,14783,18195,18959,14309,4573,8263,6142,18433,16313,17213,21394,19403,2246,150,18108,1,29:34
2024-25,1630590,Scotty Pippen Jr.,Scotty,1610612763,MEM,Memphis Grizzlies,0022400551,2025-01-13T00:00:00,MEM @ HOU,L,11.421666666666667,6.3,9.5,0.667,0.0,3.2,0.0,0.0,0.0,0.0,0.0,6.3,6.3,3.2,0.0,0.0,0.0,0.0,6.3,3.2,12.6,-9.5,24.9,0,0,22.1,1,13222,1,13222,21524,10696,18028,3281,15070,17363,15070,13505,14344,13505,14058,7688,11594,12472,16469,12854,8263,8846,2598,8725,15486,17646,18358,2246,150,19642,1,11:25
2024-25,202699,Tobias Harris,Tobias,1610612765,DET,Detroit Pistons,0022400549,2025-01-13T00:00:00,DET @ NYK,W,36.1,3.0,12.0,0.25,1.0,3.0,0.333,4.0,4.0,1.0,2.0,6.0,8.0,3.0,0.0,3.0,0.0,0.0,1.0,3.0,11.0,12.0,34.0,0,0,28.9,1,1,13086,1,2612,19453,13651,20233,14568,17683,9209,5712,7858,1,8412,8368,8307,12962,16469,3176,8263,8846,19722,9290,17207,6807,11803,2246,150,14765,1,36:06
2024-25,1630540,Miles McBride,Miles,1610612752,NYK,New York Knicks,0022400549,2025-01-13T00:00:00,NYK vs. DET,L,16.651666666666667,2.2,4.3,0.5,2.2,4.3,0.5,0.0,0.0,0.0,2.2,0.0,2.2,4.3,0.0,0.0,0.0,0.0,0.0,0.0,6.5,8.6,15.6,0,0,15.1,1,13222,1,13222,18500,21114,23901,8526,9393,14854,3944,13505,14344,13505,7717,22137,21490,9072,16469,12854,8263,8846,20257,17725,21060,8342,23006,2246,150,23014,1,16:39
2024-25,1641709,Ausar Thompson,Ausar,1610612765,DET,Detroit Pistons,0022400549,2025-01-13T00:00:00,DET @ NYK,W,25.656666666666666,5.6,9.8,0.571,1.4,2.8,0.5,2.8,2.8,1.0,0.0,9.8,9.8,1.4,1.4,2.8,0.0,0.0,2.8,2.8,15.4,-1.4,36.3,0,0,33.7,1,1,13086,1,11445,12671,17363,6538,12443,18048,3944,8337,10476,1,14058,2709,5642,18338,13264,3671,8263,8846,11621,9946,12482,13756,10125,2246,150,11095,1,25:39
2024-25,1628969,Mikal Bridges,Mikal,1610612752,NYK,New York Knicks,0022400549,2025-01-13T00:00:00,NYK vs. DET,L,37.016666666666666,8.8,12.6,0.692,5.8,7.8,0.75,2.9,2.9,1.0,1.0,1.0,1.9,1.0,1.0,0.0,1.0,0.0,2.9,1.9,26.3,-2.9,32.0,0,0,37.0,1,13222,1,13222,1975,5174,12495,3171,1447,6838,1542,8043,10186,1,13479,22014,21920,19761,16007,12854,7673,8846,11106,13340,3552,14525,13328,2246,150,8753,1,37:01
2024-25,1641711,Gradey Dick,Gradey,1610612761,TOR,Toronto Raptors,0022400550,2025-01-13T00:00:00,TOR vs. GSW,W,23.05,6.2,15.6,0.4,3.1,9.4,0.333,3.1,3.1,1.0,1.6,3.1,4.7,1.6,1.6,0.0,0.0,0.0,1.6,3.1,18.7,-15.6,25.1,0,0,28.1,1,1,13086,1,13682,10855,7667,14933,6156,4288,9209,7482,9659,1,10069,16344,15604,17761,12498,12854,8263,8846,16991,8798,9089,20126,18181,2246,150,15351,1,23:03
2024-25,1629638,Nickeil Alexander-Walker,Nickeil,1610612750,MIN,Minnesota Timberwolves,0022400548,2025-01-13T00:00:00,MIN @ WAS,W,23.066666666666666,3.1,4.7,0.667,3.1,4.7,0.667,0.0,0.0,0.0,0.0,4.7,4.7,4.7,1.6,0.0,1.6,0.0,1.6,0.0,9.4,31.2,25.1,0,0,25.0,1,1,13086,1,13659,19146,23696,3281,6163,14008,1957,13505,14344,13505,14058,11763,15615,8225,12505,12854,4671,8846,16998,17725,18765,1808,18199,2246,150,17706,1,23:04
2024-25,1630200,Tre Jones,Tre,1610612759,SAS,San Antonio Spurs,0022400552,2025-01-13T00:00:00,SAS @ LAL,W,16.983333333333334,4.2,10.6,0.4,0.0,0.0,0.0,0.0,0.0,0.0,2.1,2.1,4.2,4.2,0.0,4.2,0.0,2.1,2.1,0.0,8.5,10.6,32.6,0,0,25.4,1,1,13086,1,18265,16484,16048,14933,15070,20945,15070,13505,14344,13505,7889,19307,16709,9280,16469,1425,8263,2864,14520,17725,19533,7421,12853,2246,150,17324,1,16:59
2024-25,1628991,Jaren Jackson Jr.,Jaren,1610612763,MEM,Memphis Grizzlies,0022400551,2025-01-13T00:00:00,MEM @ HOU,L,30.071666666666665,7.2,13.2,0.545,1.2,3.6,0.333,4.8,7.2,0.667,0.0,2.4,2.4,3.6,2.4,3.6,1.2,1.2,6.0,7.2,20.4,-3.6,40.6,0,0,37.1,1,13222,1,13222,7720,8503,11558,7695,13387,16461,9209,4363,3184,9425,14058,18507,21021,11108,8687,2102,6193,6282,2969,1522,7617,14844,7405,2246,150,8640,1,30:04
2024-25,1626181,Norman Powell,Norman,1610612746,LAC,LA Clippers,0022400553,2025-01-13T00:00:00,LAC vs. MIA,W,35.96666666666667,12.0,17.0,0.706,5.0,8.0,0.625,0.0,0.0,0.0,0.0,6.0,6.0,1.0,0.0,3.0,0.0,1.0,2.0,0.0,29.0,8.0,46.7,0,0,47.0,1,1,13086,1,2700,1510,5791,3027,2266,6437,2868,13505,14344,13505,14058,8303,12257,19675,16469,3135,8263,7914,15135,17725,2417,8629,4428,2246,150,3459,1,35:58
2024-25,1631107,Nikola Jović,Nikola,1610612748,MIA,Miami Heat,0022400553,2025-01-13T00:00:00,MIA @ LAC,L,27.9,1.3,12.9,0.1,1.3,9.0,0.143,2.6,2.6,1.0,2.6,5.2,7.7,3.9,3.9,1.3,1.3,0.0,1.3,2.6,6.5,-20.6,25.4,0,0,24.5,1,13222,1,13222,9625,22409,12032,22561,12896,4772,14649,8853,11025,1,6400,10390,8733,10303,4146,9517,5692,8846,18073,10701,21084,21739,17980,2246,150,18001,1,27:54
2024-25,201144,Mike Conley,Mike,1610612750,MIN,Minnesota Timberwolves,0022400548,2025-01-13T00:00:00,MIN @ WAS,W,20.316666666666666,1.8,5.3,0.333,1.8,3.5,0.5,7.1,8.9,0.8,0.0,8.9,8.9,7.1,1.8,0.0,1.8,0.0,3.5,3.5,12.4,7.1,37.2,0,0,33.7,1,1,13086,1,15769,21795,23245,17395,11179,16559,3944,1951,1946,7681,14058,3651,6938,3902,11660,12854,4119,8846,8624,7548,15707,9094,9525,2246,150,11103,1,20:19
2024-25,1629640,Keldon Johnson,Keldon,1610612759,SAS,San Antonio Spurs,0022400552,2025-01-13T00:00:00,SAS @ LAL,W,21.25,6.8,10.2,0.667,1.7,3.4,0.5,1.7,1.7,1.0,1.7,1.7,3.4,5.1,3.4,1.7,3.4,0.0,3.4,3.4,16.9,18.6,40.5,0,0,37.3,1,1,13086,1,15114,9482,16796,3281,11415,16888,3944,11425,13299,1,9594,20472,18805,7288,5259,7627,1316,8846,9125,7988,10911,4367,7470,2246,150,8529,1,21:15
2024-25,1642261,Dalton Knecht,Dalton,1610612747,LAL,Los Angeles Lakers,0022400552,2025-01-13T00:00:00,LAL vs. SAS,L,13.816666666666666,2.6,13.0,0.2,0.0,10.4,0.0,7.8,7.8,1.0,0.0,7.8,7.8,2.6,0.0,2.6,0.0,2.6,2.6,5.2,13.0,-2.6,34.1,0,0,28.7,1,13222,1,13222,20292,20270,11805,21401,15070,3043,15070,1498,2651,1,14058,4983,8586,14196,16469,4128,8263,1867,12408,3762,15062,14361,11704,2246,150,14954,1,13:49
2024-25,1630583,Santi Aldama,Santi,1610612763,MEM,Memphis Grizzlies,0022400551,2025-01-13T00:00:00,MEM @ HOU,L,17.945,4.0,10.0,0.4,0.0,4.0,0.0,2.0,4.0,0.5,0.0,4.0,4.0,6.0,0.0,4.0,0.0,0.0,2.0,2.0,10.0,8.0,35.9,0,0,28.1,1,13222,1,13222,17604,17064,16999,14933,15070,15558,15070,10626,7819,10625,14058,13687,17289,5454,16469,1621,8263,8846,15111,13056,18135,8624,10422,2246,150,15365,1,17:57
2024-25,1628379,Luke Kennard,Luke,1610612763,MEM,Memphis Grizzlies,0022400551,2025-01-13T00:00:00,MEM @ HOU,L,10.311666666666667,7.0,14.0,0.5,0.0,3.5,0.0,0.0,0.0,0.0,3.5,0.0,3.5,7.0,3.5,0.0,0.0,0.0,0.0,0.0,14.0,34.9,25.1,0,0,24.4,1,13222,1,13222,22003,8976,10224,8526,15070,16671,15070,13505,14344,13505,4388,22137,18572,4020,5031,12854,8263,8846,20257,17725,13975,1403,18187,2246,150,18048,1,10:19
2024-25,203944,Julius Randle,Julius,1610612750,MIN,Minnesota Timberwolves,0022400548,2025-01-13T00:00:00,MIN @ WAS,W,32.733333333333334,8.8,16.5,0.533,0.0,2.2,0.0,4.4,8.8,0.5,3.3,7.7,11.0,3.3,3.3,0.0,0.0,0.0,1.1,4.4,22.0,17.6,36.8,1,0,36.3,1,1,13086,1,5376,5084,6426,8140,15070,19171,15070,4991,1986,10625,4750,5169,4408,11981,5512,12854,8263,8846,19104,5347,6218,4710,9806,1,150,9164,1,32:44
2024-25,201939,Stephen Curry,Stephen,1610612744,GSW,Golden State Warriors,0022400550,2025-01-13T00:00:00,GSW @ TOR,L,34.99333333333333,9.3,17.5,0.529,4.1,10.3,0.4,4.1,4.1,1.0,1.0,6.2,7.2,7.2,4.1,1.0,0.0,0.0,2.1,8.2,26.7,0.0,45.2,0,0,47.3,1,13222,1,13222,3473,4274,5260,8281,3747,3165,7874,5502,7598,1,13041,7958,9738,3760,3637,11685,8263,8846,14829,917,3328,12240,5096,2246,150,3366,1,34:60
2024-25,1642377,Jaylen Wells,Jaylen,1610612763,MEM,Memphis Grizzlies,0022400551,2025-01-13T00:00:00,MEM @ HOU,L,30.02166666666667,6.0,9.6,0.625,3.6,4.8,0.75,1.2,2.4,0.5,0.0,0.0,0.0,0.0,0.0,2.4,0.0,1.2,2.4,2.4,16.8,-3.6,24.0,0,0,25.2,1,13222,1,13222,7765,11538,17789,4899,4931,13717,1542,12595,11496,10625,14058,22137,23286,19908,16469,4706,8263,6270,13218,11359,11084,14846,18963,2246,150,17530,1,30:01
2024-25,1642264,Stephon Castle,Stephon,1610612759,SAS,San Antonio Spurs,0022400552,2025-01-13T00:00:00,SAS @ LAL,W,35.65,10.1,16.2,0.625,1.0,4.0,0.25,2.0,4.0,0.5,1.0,3.0,4.0,1.0,2.0,2.0,0.0,1.0,1.0,2.0,23.2,10.1,33.6,0,0,33.3,1,1,13086,1,2946,3112,6891,4899,14489,15501,11902,10573,7762,10625,13178,16620,17217,19649,10427,6160,8263,7832,19651,12986,5340,7654,12092,2246,150,11379,1,35:39
2024-25,203500,Steven Adams,Steven,1610612745,HOU,Houston Rockets,0022400551,2025-01-13T00:00:00,HOU vs. MEM,W,13.04,2.8,5.5,0.5,0.0,0.0,0.0,0.0,2.8,0.0,16.6,2.8,19.3,2.8,5.5,0.0,2.8,0.0,0.0,5.5,5.5,8.3,35.6,0,0,33.1,1,1,13086,1,20725,19959,23073,8526,15070,20945,15070,13505,10587,13505,95,17529,622,13715,1796,12854,2007,8846,20257,3304,21718,8499,10640,2246,150,11548,1,13:02
2024-25,202695,Kawhi Leonard,Kawhi,1610612746,LAC,LA Clippers,0022400553,2025-01-13T00:00:00,LAC vs. MIA,W,20.733333333333334,5.2,15.6,0.333,0.0,5.2,0.0,0.0,0.0,0.0,1.7,6.9,8.7,1.7,0.0,3.5,0.0,0.0,0.0,1.7,10.4,3.5,33.9,0,0,27.8,1,1,13086,1,15468,13796,7651,17395,15070,12683,15070,13505,14344,13505,9456,6456,7189,17267,16469,2274,8263,8846,20257,14162,17734,10903,11924,2246,150,15592,1,20:44
2024-25,201587,Nicolas Batum,Nicolas,1610612746,LAC,LA Clippers,0022400553,2025-01-13T00:00:00,LAC vs. MIA,W,24.033333333333335,0.0,3.0,0.0,0.0,1.5,0.0,0.0,0.0,0.0,1.5,6.0,7.5,1.5,0.0,1.5,3.0,0.0,3.0,1.5,0.0,4.5,24.7,0,0,18.0,1,1,13086,1,12869,22635,24493,22635,15070,20271,15070,13505,14344,13505,10329,8345,9189,17984,16469,8414,1706,8846,10755,15006,23200,10393,18478,2246,150,21881,1,24:02
2024-25,1629013,Landry Shamet,Landry,1610612752,NYK,New York Knicks,0022400549,2025-01-13T00:00:00,NYK vs. DET,L,4.016666666666667,0.0,9.0,0.0,0.0,9.0,0.0,0.0,0.0,0.0,0.0,9.0,9.0,0.0,0.0,0.0,0.0,0.0,0.0,0.0,0.0,-44.8,10.8,0,0,9.0,1,13222,1,13222,24471,22635,18775,22635,15070,4884,15070,13505,14344,13505,14058,3552,6799,19908,16469,12854,8263,8846,20257,17725,23200,25175,24293,2246,150,24617,1,4:01
2024-25,1629629,Cam Reddish,Cam,1610612747,LAL,Los Angeles Lakers,0022400552,2025-01-13T00:00:00,LAL vs. SAS,L,15.366666666666667,2.3,16.4,0.143,2.3,9.4,0.25,0.0,0.0,0.0,4.7,4.7,9.4,0.0,0.0,0.0,0.0,2.3,2.3,2.3,7.0,-25.8,18.3,0,0,18.7,1,13222,1,13222,19327,20775,6547,22260,8696,4288,11902,13505,14344,13505,2686,11744,6229,19908,16469,12854,8263,2347,13468,11573,20702,22981,21980,2246,150,21516,1,15:22
2024-25,1628415,Dillon Brooks,Dillon,1610612745,HOU,Houston Rockets,0022400551,2025-01-13T00:00:00,HOU vs. MEM,W,39.06333333333333,2.8,10.1,0.273,1.8,7.4,0.25,0.9,1.8,0.5,1.8,2.8,4.6,1.8,0.9,3.7,0.0,0.9,4.6,0.9,8.3,-10.1,26.7,0,0,24.0,1,1,13086,1,862,19949,16851,20048,10906,7673,11902,13424,13123,10625,9076,17521,15794,16956,16277,1986,8263,8548,5521,17621,19660,17946,17134,2246,150,18358,1,39:04
2024-25,203501,Tim Hardaway Jr.,Tim,1610612765,DET,Detroit Pistons,0022400549,2025-01-13T00:00:00,DET @ NYK,W,35.36666666666667,4.1,12.2,0.333,2.0,8.1,0.25,0.0,0.0,0.0,0.0,3.1,3.1,3.1,0.0,0.0,0.0,0.0,0.0,4.1,10.2,5.1,18.4,0,0,18.3,1,1,13086,1,3176,16923,13237,17395,9982,6196,11902,13505,14344,13505,14058,16539,19575,12750,16469,12854,8263,8846,20257,6118,17974,10059,21922,2246,150,21701,1,35:22
2024-25,1641731,Bilal Coulibaly,Bilal,1610612764,WAS,Washington Wizards,0022400548,2025-01-13T00:00:00,WAS vs. MIN,L,34.68333333333333,6.2,10.4,0.6,2.1,2.1,1.0,1.0,1.0,1.0,1.0,0.0,1.0,3.1,2.1,1.0,0.0,0.0,2.1,2.1,15.6,-18.7,22.5,0,0,23.9,1,13222,1,13222,3705,10893,16422,5394,9790,19411,1,13120,14160,1,12960,22137,23174,12574,10127,11608,8263,8846,14724,12735,12354,21130,19856,2246,150,18419,1,34:41
2024-25,1630191,Isaiah Stewart,Isaiah,1610612765,DET,Detroit Pistons,0022400549,2025-01-13T00:00:00,DET @ NYK,W,28.466666666666665,3.8,6.3,0.6,0.0,1.3,0.0,1.3,1.3,1.0,3.8,1.3,5.1,0.0,1.3,0.0,2.5,0.0,2.5,1.3,8.9,17.7,21.2,0,0,19.0,1,1,13086,1,9147,17588,22301,5394,15070,20539,15070,12408,13794,1,3894,21353,14638,19908,14011,12854,2323,8846,12674,16064,19216,4658,20576,2246,150,21406,1,28:28
2024-25,1630541,Moses Moody,Moses,1610612744,GSW,Golden State Warriors,0022400550,2025-01-13T00:00:00,GSW @ TOR,L,13.863333333333333,0.0,15.6,0.0,0.0,7.8,0.0,2.6,5.2,0.5,0.0,5.2,5.2,0.0,0.0,2.6,2.6,5.2,0.0,2.6,2.6,-26.0,24.4,0,0,18.2,1,13222,1,13222,20268,22635,7722,22635,15070,6816,15070,8811,5622,10625,14058,10296,14293,19908,16469,4147,2221,328,20257,10656,23055,23020,18680,2246,150,21785,1,13:52
2024-25,1630551,Justin Champagnie,Justin,1610612764,WAS,Washington Wizards,0022400548,2025-01-13T00:00:00,WAS vs. MIN,L,9.8,0.0,0.0,0.0,0.0,0.0,0.0,0.0,0.0,0.0,0.0,3.7,3.7,0.0,3.7,0.0,0.0,0.0,7.3,0.0,0.0,0.0,0.7,0,0,3.7,1,13222,1,13222,22171,22635,24836,22635,15070,20945,15070,13505,14344,13505,14058,14723,18150,19908,4621,12854,8263,8846,1746,17725,23200,12240,25216,2246,150,25202,1,9:48
2024-25,202692,Alec Burks,Alec,1610612748,MIA,Miami Heat,0022400553,2025-01-13T00:00:00,MIA @ LAC,L,9.916666666666666,0.0,14.5,0.0,0.0,7.3,0.0,0.0,0.0,0.0,0.0,0.0,0.0,3.6,0.0,0.0,0.0,0.0,0.0,3.6,0.0,-21.8,5.4,0,0,3.6,1,13222,1,13222,22132,22635,9323,22635,15070,7918,15070,13505,14344,13505,14058,22137,23286,10994,16469,12854,8263,8846,20257,7307,23200,22021,24968,2246,150,25204,1,9:55
2024-25,1630256,Jae'Sean Tate,Jae'Sean,1610612745,HOU,Houston Rockets,0022400551,2025-01-13T00:00:00,HOU vs. MEM,W,7.516666666666667,0.0,0.0,0.0,0.0,0.0,0.0,0.0,0.0,0.0,0.0,0.0,0.0,9.6,4.8,4.8,0.0,0.0,0.0,0.0,0.0,-57.5,23.9,0,0,19.2,1,1,13086,1,22990,22635,24836,22635,15070,20945,15070,13505,14344,13505,14058,22137,23286,1657,2596,1029,8263,8846,20257,17725,23200,25620,18993,2246,150,21307,1,7:31
2024-25,1630558,Davion Mitchell,Davion,1610612761,TOR,Toronto Raptors,0022400550,2025-01-13T00:00:00,TOR vs. GSW,W,26.625,0.0,4.1,0.0,0.0,1.4,0.0,0.0,0.0,0.0,0.0,0.0,0.0,8.1,0.0,0.0,0.0,0.0,5.4,4.1,0.0,-4.1,12.2,0,0,8.1,1,1,13086,1,10629,22635,24072,22635,15070,20434,15070,13505,14344,13505,14058,22137,23286,2774,16469,12854,8263,8846,3839,6151,23200,15093,23969,2246,150,24751,1,26:38
2024-25,1630577,Julian Champagnie,Julian,1610612759,SAS,San Antonio Spurs,0022400552,2025-01-13T00:00:00,SAS @ LAL,W,16.616666666666667,2.2,15.2,0.143,0.0,13.0,0.0,0.0,0.0,0.0,2.2,0.0,2.2,0.0,0.0,0.0,0.0,0.0,2.2,0.0,4.3,-2.2,6.9,0,0,6.5,1,1,13086,1,18517,21107,8315,22260,15070,1300,15070,13505,14344,13505,7698,22137,21481,19908,16469,12854,8263,8846,14263,17725,22381,14135,24829,2246,150,24945,1,16:37
2024-25,1629634,Brandon Clarke,Brandon,1610612763,MEM,Memphis Grizzlies,0022400551,2025-01-13T00:00:00,MEM @ HOU,L,24.355,3.0,7.4,0.4,0.0,0.0,0.0,3.0,3.0,1.0,3.0,3.0,5.9,0.0,1.5,1.5,0.0,0.0,5.9,1.5,8.9,-23.7,18.9,0,0,17.7,1,13222,1,13222,12605,19519,21089,14933,15070,20945,15070,7933,10079,1,5440,16871,12494,19908,12862,8504,8263,8846,3059,15100,19202,22488,21686,2246,150,21971,1,24:21
2024-25,1630173,Precious Achiuwa,Precious,1610612752,NYK,New York Knicks,0022400549,2025-01-13T00:00:00,NYK vs. DET,L,9.633333333333333,0.0,7.5,0.0,0.0,0.0,0.0,0.0,0.0,0.0,11.2,3.7,14.9,3.7,0.0,3.7,0.0,0.0,3.7,0.0,0.0,-29.9,34.8,0,0,26.2,1,13222,1,13222,22233,22635,20967,22635,15070,20945,15070,13505,14344,13505,294,14504,1792,10688,16469,1920,8263,8846,7946,17725,23200,23717,11240,2246,150,16825,1,9:38
2024-25,1628978,Donte DiVincenzo,Donte,1610612750,MIN,Minnesota Timberwolves,0022400548,2025-01-13T00:00:00,MIN @ WAS,W,28.883333333333333,5.0,18.7,0.267,3.7,13.7,0.273,2.5,2.5,1.0,2.5,1.2,3.7,0.0,3.7,1.2,0.0,1.2,1.2,2.5,16.2,5.0,20.7,0,0,26.2,1,1,13086,1,8775,14427,4029,20170,4600,1021,11838,9067,11226,1,6625,21407,17962,19908,4464,9823,8263,5950,18291,11013,11721,10121,20844,2246,150,16816,1,28:53
2024-25,1629312,Haywood Highsmith,Haywood,1610612748,MIA,Miami Heat,0022400553,2025-01-13T00:00:00,MIA @ LAC,L,36.416666666666664,3.0,7.9,0.375,2.0,6.9,0.286,1.0,2.0,0.5,0.0,4.9,4.9,2.0,1.0,3.0,1.0,0.0,1.0,1.0,8.9,-4.0,28.7,0,0,25.7,1,13222,1,13222,2394,19497,20402,16299,10257,8624,11433,13268,12783,10625,14058,11043,14943,16455,15915,3228,7547,8846,19767,17430,19179,15042,15748,2246,150,17138,1,36:25
2024-25,1631116,Patrick Baldwin Jr.,Patrick,1610612764,WAS,Washington Wizards,0022400548,2025-01-13T00:00:00,WAS vs. MIN,L,1.3666666666666667,0.0,0.0,0.0,0.0,0.0,0.0,0.0,0.0,0.0,0.0,26.3,26.3,0.0,0.0,0.0,0.0,0.0,0.0,0.0,0.0,79.0,31.6,0,0,26.3,1,13222,1,13222,25879,22635,24836,22635,15070,20945,15070,13505,14344,13505,14058,65,157,19908,16469,12854,8263,8846,20257,17725,23200,169,13601,2246,150,16678,1,1:22
2024-25,1630264,Anthony Gill,Anthony,1610612764,WAS,Washington Wizards,0022400548,2025-01-13T00:00:00,WAS vs. MIN,L,1.3666666666666667,0.0,26.3,0.0,0.0,0.0,0.0,26.3,52.7,0.5,0.0,0.0,0.0,0.0,0.0,0.0,0.0,0.0,0.0,26.3,26.3,79.0,26.3,0,0,26.3,1,13222,1,13222,25879,22635,582,22635,15070,20945,15070,45,12,10625,14058,22137,23286,19908,16469,12854,8263,8846,20257,15,3513,169,17395,2246,150,16678,1,1:22
2024-25,1631108,Max Christie,Max,1610612747,LAL,Los Angeles Lakers,0022400552,2025-01-13T00:00:00,LAL vs. SAS,L,30.9,4.7,12.8,0.364,2.3,9.3,0.25,0.0,1.2,0.0,0.0,1.2,1.2,1.2,1.2,0.0,0.0,1.2,0.0,1.2,11.7,-15.1,13.6,0,0,16.3,1,13222,1,13222,6960,15339,12179,16861,8738,4354,11902,13505,13943,13505,14058,21602,22990,19136,14690,12854,8263,6517,20257,16573,16521,19958,23597,2246,150,22581,1,30:54
2024-25,1627832,Fred VanVleet,Fred,1610612745,HOU,Houston Rockets,0022400551,2025-01-13T00:00:00,HOU vs. MEM,W,36.25,2.0,5.0,0.4,2.0,3.0,0.667,3.0,4.0,0.75,0.0,2.0,2.0,8.9,2.0,1.0,1.0,0.0,3.0,4.0,8.9,-2.0,28.7,0,0,25.8,1,1,13086,1,2502,21435,23492,14933,10232,17706,1957,7873,7892,8186,14058,19711,21826,2071,10584,12015,7518,8846,10814,6385,19145,14036,15714,2246,150,17054,1,36:15
2024-25,1631218,Trayce Jackson-Davis,Trayce,1610612744,GSW,Golden State Warriors,0022400550,2025-01-13T00:00:00,GSW @ TOR,L,30.206666666666667,1.2,4.8,0.25,0.0,0.0,0.0,1.2,4.8,0.25,3.6,3.6,7.2,3.6,3.6,1.2,0.0,2.4,2.4,2.4,3.6,7.2,17.5,0,0,16.7,1,13222,1,13222,7585,22503,23631,20233,15070,20945,15070,12624,6362,13358,4257,15014,9855,11161,4829,10245,8263,2260,13295,11418,22750,9066,22289,2246,150,22432,1,30:12
2024-25,1631323,Simone Fontecchio,Simone,1610612765,DET,Detroit Pistons,0022400549,2025-01-13T00:00:00,DET @ NYK,W,15.116666666666667,2.4,7.1,0.333,0.0,2.4,0.0,4.8,4.8,1.0,2.4,4.8,7.1,0.0,4.8,0.0,0.0,0.0,9.5,2.4,9.5,-11.9,13.3,0,0,16.7,1,1,13086,1,19484,20704,21386,17395,15070,18849,15070,4408,6368,1,6977,11536,9863,19908,2634,12854,8263,8846,804,11423,18610,18706,23685,2246,150,22438,1,15:07
2024-25,1626179,Terry Rozier,Terry,1610612748,MIA,Miami Heat,0022400553,2025-01-13T00:00:00,MIA @ LAC,L,23.1,7.8,15.6,0.5,1.6,4.7,0.333,0.0,0.0,0.0,3.1,7.8,10.9,3.1,3.1,0.0,0.0,1.6,0.0,1.6,17.1,-12.5,31.8,0,0,32.7,1,13222,1,13222,13631,7080,7716,8526,11835,14023,9209,13505,14344,13505,5102,5020,4495,12567,6075,12854,8263,4559,20257,14763,10684,18928,13483,2246,150,11849,1,23:06
2024-25,1631204,Marcus Sasser,Marcus,1610612765,DET,Detroit Pistons,0022400549,2025-01-13T00:00:00,DET @ NYK,W,15.565,6.9,11.6,0.6,2.3,4.6,0.5,0.0,0.0,0.0,0.0,0.0,0.0,9.3,6.9,2.3,0.0,0.0,0.0,0.0,16.2,2.3,30.1,0,0,32.4,1,1,13086,1,19216,9073,14368,5394,8807,14148,3944,13505,14344,13505,14058,22137,23286,1840,915,4988,8263,8846,20257,17725,11736,11457,14750,2246,150,12082,1,15:34
2024-25,1641708,Amen Thompson,Amen,1610612745,HOU,Houston Rockets,0022400551,2025-01-13T00:00:00,HOU vs. MEM,W,41.153333333333336,6.1,13.1,0.467,0.9,2.6,0.333,3.5,6.1,0.571,3.5,7.9,11.4,3.5,3.5,1.7,4.4,0.9,0.9,3.5,16.6,2.6,50.4,1,0,44.6,1,1,13086,1,347,11156,11637,12249,15005,18411,9209,6705,4318,10536,4378,4911,4073,11390,5013,7444,721,8729,20189,7668,11252,11312,3155,1,150,4421,1,41:09
2024-25,202685,Jonas Valančiūnas,Jonas,1610612764,WAS,Washington Wizards,0022400548,2025-01-13T00:00:00,WAS vs. MIN,L,18.766666666666666,7.7,7.7,1.0,0.0,0.0,0.0,0.0,0.0,0.0,3.8,11.5,15.3,7.7,0.0,3.8,0.0,0.0,5.8,1.9,15.3,1.9,56.8,0,0,46.0,1,13222,1,13222,16996,7318,20683,1,15070,20945,15070,13505,14344,13505,3827,1623,1632,3208,16469,1808,8263,8846,3304,13444,12574,11671,1677,2246,150,3802,1,18:46
2024-25,1642439,Quincy Olivari,Quincy,1610612747,LAL,Los Angeles Lakers,0022400552,2025-01-13T00:00:00,LAL vs. SAS,L,2.1,0.0,34.3,0.0,0.0,34.3,0.0,0.0,0.0,0.0,0.0,0.0,0.0,17.1,0.0,0.0,0.0,0.0,0.0,0.0,0.0,-85.7,25.7,0,0,17.1,1,13222,1,13222,25414,22635,146,22635,15070,33,15070,13505,14344,13505,14058,22137,23286,159,16469,12854,8263,8846,20257,17725,23200,26052,17807,2246,150,22237,1,2:06
2024-25,1628973,Jalen Brunson,Jalen,1610612752,NYK,New York Knicks,0022400549,2025-01-13T00:00:00,NYK vs. DET,L,39.415,11.0,21.9,0.5,0.9,6.4,0.143,5.5,7.3,0.75,0.0,3.7,3.7,10.0,3.7,0.9,0.0,0.0,2.7,8.2,28.3,-11.0,46.9,1,0,44.8,1,13222,1,13222,748,2294,1859,8526,14922,9775,14649,3433,3088,8186,14058,14781,18193,1408,4668,12603,8263,8846,11881,920,2667,18299,4370,1,150,4371,1,39:25
2024-25,1629630,Ja Morant,Ja,1610612763,MEM,Memphis Grizzlies,0022400551,2025-01-13T00:00:00,MEM @ HOU,L,37.145,10.7,23.3,0.458,3.9,10.7,0.364,2.9,5.8,0.5,0.0,2.9,2.9,3.9,6.8,3.9,0.0,3.9,1.9,2.9,28.1,10.7,42.3,0,0,46.5,1,13222,1,13222,1895,2549,1297,12650,4248,2824,9100,8069,4735,10625,14058,17054,19975,10291,987,1764,8263,695,15471,9569,2743,7388,6498,2246,150,3654,1,37:09
2024-25,1627739,Kris Dunn,Kris,1610612746,LAC,LA Clippers,0022400553,2025-01-13T00:00:00,LAC vs. MIA,W,25.6,1.4,14.1,0.1,0.0,8.4,0.0,0.0,0.0,0.0,0.0,0.0,0.0,11.3,2.8,1.4,0.0,0.0,5.6,0.0,2.8,14.1,21.1,0,0,16.9,1,1,13086,1,11489,22288,10070,22561,15070,5685,15070,13505,14344,13505,14058,22137,23286,917,7171,8863,8263,8846,3504,17725,22994,5979,20638,2246,150,22359,1,25:36
2024-25,1630581,Josh Giddey,Josh,1610612741,CHI,Chicago Bulls,0022400541,2025-01-12T00:00:00,CHI vs. SAC,L,36.516666666666666,3.9,8.9,0.444,1.0,2.0,0.5,3.0,3.9,0.75,2.0,8.9,10.8,6.9,3.0,1.0,0.0,1.0,3.9,4.9,11.8,2.0,35.2,1,0,32.5,1,13222,1,13222,2328,17222,18905,13045,14628,19604,3944,7930,7962,8186,8517,3637,4557,4130,6623,12075,8263,8043,7303,4241,16313,11640,10934,1,150,11979,1,36:31
2024-25,204456,T.J. McConnell,T.J.,1610612754,IND,Indiana Pacers,0022400543,2025-01-12T00:00:00,IND @ CLE,W,17.116666666666667,4.2,12.6,0.333,0.0,2.1,0.0,4.2,4.2,1.0,0.0,8.4,8.4,16.8,4.2,0.0,0.0,2.1,4.2,4.2,12.6,37.9,43.7,0,0,37.9,1,1,13086,1,18188,16578,12532,17395,15070,19363,15070,5335,7397,1,14058,4147,7602,167,3489,12854,8263,2914,6533,5824,15468,1129,5787,2246,150,8126,1,17:07
2024-25,201950,Jrue Holiday,Jrue,1610612738,BOS,Boston Celtics,0022400542,2025-01-12T00:00:00,BOS vs. NOP,W,31.8,3.4,9.1,0.375,1.1,4.5,0.25,1.1,2.3,0.5,2.3,2.3,4.5,6.8,1.1,1.1,1.1,0.0,1.1,2.3,9.1,-1.1,30.3,0,0,26.0,1,1,13086,1,6154,18546,18629,16299,13751,14359,11902,12807,11888,10625,7366,18873,15974,4294,14917,10742,6591,8846,18906,11880,19021,13635,14547,2246,150,16904,1,31:48
2024-25,1627747,Caris LeVert,Caris,1610612739,CLE,Cleveland Cavaliers,0022400543,2025-01-12T00:00:00,CLE vs. IND,L,22.45,0.0,4.8,0.0,0.0,3.2,0.0,3.2,3.2,1.0,0.0,6.4,6.4,3.2,1.6,0.0,1.6,0.0,3.2,1.6,3.2,-30.5,18.9,0,0,16.0,1,13222,1,13222,14153,22635,23597,22635,15070,17255,15070,7314,9508,1,14058,7475,11354,12276,12315,12854,4536,8846,9830,14616,22886,23810,21683,2246,150,22692,1,22:27
2024-25,203081,Damian Lillard,Damian,1610612749,MIL,Milwaukee Bucks,0022400539,2025-01-12T00:00:00,MIL @ NYK,L,37.266666666666666,7.7,16.4,0.471,1.9,6.8,0.286,3.9,4.8,0.8,0.0,2.9,2.9,4.8,5.8,1.0,0.0,1.0,1.9,1.9,21.3,-23.2,29.1,0,0,32.8,1,13222,1,13222,1815,7200,6518,12143,10493,8982,11433,5947,6239,7681,14058,17092,20000,7837,1559,12235,8263,8216,15505,13397,6880,22376,15434,2246,150,11769,1,37:16
2024-25,1628398,Kyle Kuzma,Kyle,1610612764,WAS,Washington Wizards,0022400545,2025-01-12T00:00:00,WAS vs. OKC,L,29.816666666666666,2.4,14.5,0.167,0.0,7.2,0.0,2.4,4.8,0.5,1.2,1.2,2.4,3.6,3.6,1.2,0.0,1.2,2.4,2.4,7.2,-48.3,15.6,0,0,15.7,1,13222,1,13222,7950,20633,9376,21938,15070,7948,15070,9292,6242,10625,11744,21490,20979,11024,4729,10115,8263,6204,13130,11287,20531,25331,22999,2246,150,22823,1,29:49
2024-25,1641787,Tosan Evbuomwan,Tosan,1610612751,BKN,Brooklyn Nets,0022400546,2025-01-12T00:00:00,BKN @ UTA,L,23.891666666666666,10.5,12.1,0.875,3.0,4.5,0.667,9.0,13.6,0.667,1.5,6.0,7.5,1.5,3.0,0.0,0.0,0.0,3.0,7.5,33.1,-3.0,41.4,0,0,45.2,1,13222,1,13222,13001,2668,13501,1353,6457,14382,1957,987,523,9425,10292,8269,9106,17952,6414,12854,8263,8846,10651,1308,1297,14578,6909,2246,150,4154,1,23:54
2024-25,1630167,Obi Toppin,Obi,1610612754,IND,Indiana Pacers,0022400543,2025-01-12T00:00:00,IND @ CLE,W,17.533333333333335,10.3,20.5,0.5,2.1,8.2,0.25,2.1,4.1,0.5,0.0,4.1,4.1,2.1,2.1,6.2,0.0,2.1,2.1,0.0,24.6,20.5,49.1,0,0,45.2,1,1,13086,1,17895,2946,2619,8526,9903,6064,11902,10454,7615,10625,14058,13403,17054,16177,10244,437,8263,3050,14856,17725,4400,3806,3602,2246,150,4170,1,17:32
2024-25,1628970,Miles Bridges,Miles,1610612766,CHA,Charlotte Hornets,0022400547,2025-01-12T00:00:00,CHA @ PHX,L,32.03333333333333,9.0,16.9,0.533,3.4,5.6,0.6,2.2,2.2,1.0,0.0,5.6,5.6,5.6,2.2,0.0,0.0,1.1,3.4,2.2,23.6,9.0,36.5,0,0,38.2,1,13222,1,13222,5940,4725,5974,8140,5450,11666,2992,9788,11940,1,14058,9266,13244,6215,9317,12854,8263,6843,9181,11950,5058,8187,10015,2246,150,7889,1,32:02
2024-25,1630208,Nick Richards,Nick,1610612766,CHA,Charlotte Hornets,0022400547,2025-01-12T00:00:00,CHA @ PHX,L,17.9,4.0,8.0,0.5,0.0,0.0,0.0,0.0,0.0,0.0,8.0,2.0,10.1,4.0,2.0,2.0,0.0,2.0,0.0,0.0,8.0,-26.1,30.2,0,0,26.1,1,13222,1,13222,17630,17037,20180,8526,15070,20945,15070,13505,14344,13505,770,19626,5366,9879,10464,6201,8263,3197,20257,17725,19880,23062,14686,2246,150,16841,1,17:54
2024-25,1630175,Cole Anthony,Cole,1610612753,ORL,Orlando Magic,0022400544,2025-01-12T00:00:00,ORL vs. PHI,W,37.63333333333333,10.5,16.3,0.647,1.9,5.7,0.333,2.9,3.8,0.75,1.0,1.9,2.9,3.8,1.9,1.9,0.0,1.0,4.8,2.9,25.8,-5.7,38.8,0,0,38.3,1,1,13086,1,1610,2693,6736,4571,10574,11360,9209,8167,8187,8186,13592,19933,20064,10433,10976,6698,8263,8288,5100,9690,3758,15940,8518,2246,150,7854,1,37:38
2024-25,1631260,AJ Green,AJ,1610612749,MIL,Milwaukee Bucks,0022400539,2025-01-12T00:00:00,MIL @ NYK,L,24.75,2.9,7.3,0.4,2.9,7.3,0.4,0.0,0.0,0.0,0.0,2.9,2.9,1.5,0.0,0.0,0.0,0.0,5.8,1.5,8.7,-5.8,14.4,0,0,16.0,1,13222,1,13222,12223,19634,21242,14933,6841,7883,7874,13505,14344,13505,14058,17049,19970,18161,16469,12854,8263,8846,3191,15221,19320,15980,23364,2246,150,22705,1,24:45
2024-25,1627824,Guerschon Yabusele,Guerschon,1610612755,PHI,Philadelphia 76ers,0022400544,2025-01-12T00:00:00,PHI @ ORL,L,39.3,2.7,5.5,0.5,0.0,1.8,0.0,1.8,1.8,1.0,0.9,1.8,2.7,1.8,2.7,0.9,0.9,0.0,3.7,2.7,7.3,-14.7,16.1,0,0,15.6,1,13222,1,13222,779,19977,23089,8526,15070,19861,15070,11169,13145,1,13839,20156,20358,16985,7377,12587,8018,8846,8210,10152,20461,19769,22799,2246,150,22857,1,39:18
2024-25,1629012,Collin Sexton,Collin,1610612762,UTA,Utah Jazz,0022400546,2025-01-12T00:00:00,UTA vs. BKN,W,37.96666666666667,7.6,19.0,0.4,0.9,2.8,0.333,3.8,3.8,1.0,1.9,0.9,2.8,4.7,0.0,0.9,0.9,2.8,1.9,4.7,19.9,-9.5,36.1,0,0,32.2,1,1,13086,1,1402,7552,3784,14933,14801,17972,9209,6098,8270,1,8831,22056,20131,8076,16469,12365,7842,1538,15694,4636,7988,17661,10283,2246,150,12176,1,37:58
2024-25,1630230,Naji Marshall,Naji,1610612742,DAL,Dallas Mavericks,0022400540,2025-01-12T00:00:00,DAL vs. DEN,L,30.633333333333333,8.2,14.1,0.583,2.4,5.9,0.4,0.0,0.0,0.0,0.0,7.1,7.1,2.4,1.2,3.5,0.0,1.2,2.4,0.0,18.8,18.8,40.2,0,0,37.6,1,13222,1,13222,7181,6161,10004,6296,8664,11006,7874,13505,14344,13505,14058,6275,10055,15054,14622,2211,8263,6441,13435,17725,9033,4316,7643,2246,150,8284,1,30:38
2024-25,1630172,Patrick Williams,Patrick,1610612741,CHI,Chicago Bulls,0022400541,2025-01-12T00:00:00,CHI vs. SAC,L,34.2,3.2,12.6,0.25,1.1,5.3,0.2,1.1,1.1,1.0,0.0,5.3,5.3,5.3,0.0,1.1,2.1,0.0,2.1,1.1,8.4,-3.2,32.1,0,0,26.3,1,13222,1,13222,4097,19088,12517,20233,14237,12561,13429,13072,14131,1,14058,10118,14127,6906,16469,11465,3189,8846,14593,17162,19578,14650,13248,2246,150,16704,1,34:12
2024-25,1642259,Alex Sarr,Alex,1610612764,WAS,Washington Wizards,0022400545,2025-01-12T00:00:00,WAS vs. OKC,L,24.68,5.8,10.2,0.571,2.9,5.8,0.5,0.0,0.0,0.0,1.5,7.3,8.8,0.0,0.0,0.0,2.9,0.0,1.5,1.5,14.6,-29.2,33.8,0,0,32.1,1,13222,1,13222,12300,12008,16717,6538,6806,11122,3944,13505,14344,13505,10498,5839,7099,19908,16469,12854,1796,8846,17404,15195,13307,23610,11940,2246,150,12307,1,24:41
2024-25,1627732,Ben Simmons,Ben,1610612751,BKN,Brooklyn Nets,0022400546,2025-01-12T00:00:00,BKN @ UTA,L,31.633333333333333,8.0,12.5,0.636,0.0,0.0,0.0,0.0,0.0,0.0,2.3,4.6,6.8,10.2,2.3,0.0,2.3,1.1,1.1,1.1,15.9,11.4,44.0,0,0,37.6,1,13222,1,13222,6299,6706,12696,4689,15070,20945,15070,13505,14344,13505,7321,12118,10466,1315,9179,12854,2783,6725,18872,16718,11993,7064,5649,2246,150,8328,1,31:38
2024-25,1631165,Keon Ellis,Keon,1610612758,SAC,Sacramento Kings,0022400541,2025-01-12T00:00:00,SAC @ CHI,W,19.653333333333332,5.5,9.2,0.6,3.7,7.3,0.5,0.0,0.0,0.0,0.0,3.7,3.7,0.0,0.0,1.8,0.0,0.0,3.7,0.0,14.7,-5.5,24.5,0,0,25.6,1,1,13086,1,16299,12997,18470,5394,4773,7767,3944,13505,14344,13505,14058,14748,18172,19908,16469,7111,8263,8846,8218,17725,13243,15831,18574,2246,150,17178,1,19:39
2024-25,1641717,Cason Wallace,Cason,1610612760,OKC,Oklahoma City Thunder,0022400545,2025-01-12T00:00:00,OKC @ WAS,W,29.783333333333335,7.3,9.7,0.75,2.4,3.6,0.667,0.0,0.0,0.0,1.2,1.2,2.4,6.0,0.0,2.4,0.0,0.0,1.2,1.2,16.9,26.6,36.1,0,0,32.6,1,1,13086,1,7977,8332,17631,2107,8424,16380,1957,13505,14344,13505,11733,21486,20970,5407,16469,4642,8263,8846,18487,16356,10936,2502,10273,2246,150,11915,1,29:47
2024-25,1642277,Johnny Furphy,Johnny,1610612754,IND,Indiana Pacers,0022400543,2025-01-12T00:00:00,IND @ CLE,W,2.7333333333333334,0.0,0.0,0.0,0.0,0.0,0.0,0.0,0.0,0.0,0.0,26.3,26.3,0.0,0.0,0.0,0.0,0.0,13.2,0.0,0.0,-26.3,31.6,0,0,26.3,1,1,13086,1,25094,22635,24836,22635,15070,20945,15070,13505,14344,13505,14058,65,157,19908,16469,12854,8263,8846,328,17725,23200,23093,13601,2246,150,16678,1,2:44
2024-25,1641854,Craig Porter Jr.,Craig,1610612739,CLE,Cleveland Cavaliers,0022400543,2025-01-12T00:00:00,CLE vs. IND,L,2.7333333333333334,13.2,13.2,1.0,0.0,0.0,0.0,0.0,0.0,0.0,0.0,0.0,0.0,0.0,0.0,0.0,0.0,0.0,0.0,0.0,26.3,26.3,26.3,0,0,26.3,1,13222,1,13222,25094,962,11539,1,15070,20945,15070,13505,14344,13505,14058,22137,23286,19908,16469,12854,8263,8846,20257,17725,3513,2543,17395,2246,150,16678,1,2:44
2024-25,1629636,Darius Garland,Darius,1610612739,CLE,Cleveland Cavaliers,0022400543,2025-01-12T00:00:00,CLE vs. IND,L,29.016666666666666,8.7,19.9,0.438,3.7,11.2,0.333,3.7,3.7,1.0,0.0,1.2,1.2,8.7,5.0,0.0,0.0,1.2,3.7,5.0,24.8,-3.7,34.4,0,0,38.5,1,13222,1,13222,8656,5291,3065,13558,4647,2364,9209,6240,8437,1,14058,21422,22890,2281,2390,12854,8263,5993,7993,4190,4299,14901,11541,2246,150,7726,1,29:01
2024-25,1629627,Zion Williamson,Zion,1610612740,NOP,New Orleans Pelicans,0022400542,2025-01-12T00:00:00,NOP @ BOS,L,28.116666666666667,6.4,19.2,0.333,0.0,2.6,0.0,7.7,9.0,0.857,1.3,7.7,9.0,3.8,2.6,6.4,0.0,1.3,1.3,5.1,20.5,5.1,53.6,0,0,46.1,1,13222,1,13222,9444,10442,3587,17395,15070,18519,15070,1566,1891,7071,11294,5189,6799,10388,8015,396,8263,5754,18122,3890,7508,10046,2287,2246,150,3785,1,28:07
2024-25,1627752,Taurean Prince,Taurean,1610612749,MIL,Milwaukee Bucks,0022400539,2025-01-12T00:00:00,MIL @ NYK,L,23.2,1.6,6.2,0.25,1.6,4.7,0.333,0.0,0.0,0.0,0.0,3.1,3.1,4.7,0.0,1.6,0.0,0.0,0.0,4.7,4.7,-43.4,20.0,0,0,17.1,1,13222,1,13222,13550,22108,22415,20233,11857,14066,9209,13505,14344,13505,14058,16399,19469,8288,16469,8188,8263,8846,20257,4817,22212,25093,21156,2246,150,22273,1,23:12
2024-25,1642348,Justin Edwards,Justin,1610612755,PHI,Philadelphia 76ers,0022400544,2025-01-12T00:00:00,PHI @ ORL,L,24.356666666666666,4.4,7.4,0.6,1.5,4.4,0.333,0.0,0.0,0.0,0.0,3.0,3.0,1.5,1.5,0.0,0.0,0.0,3.0,0.0,10.3,-7.4,14.6,0,0,16.3,1,13222,1,13222,12604,15968,21090,5394,12131,14613,9209,13505,14344,13505,14058,16872,19838,18061,12863,12854,8263,8846,10916,17725,17809,16677,23302,2246,150,22600,1,24:21
2024-25,1630596,Evan Mobley,Evan,1610612739,CLE,Cleveland Cavaliers,0022400543,2025-01-12T00:00:00,CLE vs. IND,L,30.833333333333332,7.0,11.7,0.6,1.2,2.3,0.5,3.5,3.5,1.0,0.0,14.0,14.0,1.2,0.0,0.0,1.2,1.2,1.2,3.5,18.7,-3.5,40.7,1,0,37.4,1,13222,1,13222,7013,8918,14159,5394,13552,18927,3944,6699,8878,1,14058,761,2232,19124,16469,12854,6379,6498,18728,7652,9138,14797,7306,1,150,8461,1,30:50
2024-25,1629048,Goga Bitadze,Goga,1610612753,ORL,Orlando Magic,0022400544,2025-01-12T00:00:00,ORL vs. PHI,W,12.05,6.0,9.0,0.667,0.0,0.0,0.0,0.0,0.0,0.0,0.0,6.0,6.0,3.0,3.0,6.0,6.0,3.0,6.0,3.0,12.0,3.0,56.5,0,0,44.8,1,1,13086,1,21207,11594,18775,3281,15070,20945,15070,13505,14344,13505,14058,8393,12351,12975,6536,483,315,1358,2983,9301,16197,11130,1736,2246,150,4348,1,12:03
2024-25,1629656,Quentin Grimes,Quentin,1610612742,DAL,Dallas Mavericks,0022400540,2025-01-12T00:00:00,DAL vs. DEN,L,18.633333333333333,1.9,7.7,0.25,1.9,5.8,0.333,0.0,0.0,0.0,0.0,7.7,7.7,0.0,7.7,0.0,0.0,0.0,1.9,1.9,5.8,-42.5,7.3,0,0,15.5,1,13222,1,13222,17085,21534,20619,20233,10493,11211,9209,13505,14344,13505,14058,5117,8758,19908,656,12854,8263,8846,15505,13397,21526,25019,24773,2246,150,22895,1,18:38
2024-25,1627750,Jamal Murray,Jamal,1610612743,DEN,Denver Nuggets,0022400540,2025-01-12T00:00:00,DEN @ DAL,W,31.946666666666665,7.9,20.3,0.389,2.3,6.8,0.333,1.1,3.4,0.333,0.0,2.3,2.3,2.3,1.1,0.0,0.0,1.1,4.5,3.4,19.2,-5.6,24.1,0,0,25.9,1,1,13086,1,6026,6866,2775,16009,9035,8983,9209,12833,9138,13132,14058,18909,21306,15421,14962,12854,8263,6820,5762,8012,8688,15891,18866,2246,150,16997,1,31:57
2024-25,203486,Mason Plumlee,Mason,1610612756,PHX,Phoenix Suns,0022400547,2025-01-12T00:00:00,PHX vs. CHA,W,15.28,2.4,9.4,0.25,0.0,0.0,0.0,0.0,0.0,0.0,4.7,7.1,11.8,4.7,4.7,2.4,4.7,2.4,4.7,0.0,4.7,-16.5,42.4,0,0,35.3,1,1,13086,1,19395,20746,18075,20233,15070,20945,15070,13505,14344,13505,2660,6235,3687,8157,2699,4844,610,2323,5252,17725,22180,20446,6422,2246,150,9846,1,15:17
2024-25,1642505,Alex Ducas,Alex,1610612760,OKC,Oklahoma City Thunder,0022400545,2025-01-12T00:00:00,OKC @ WAS,W,8.166666666666666,4.4,4.4,1.0,4.4,4.4,1.0,0.0,0.0,0.0,0.0,0.0,0.0,4.4,0.0,4.4,0.0,0.0,0.0,0.0,13.2,17.6,33.1,0,0,30.9,1,1,13086,1,22752,16041,23853,1,3219,14656,1,13505,14344,13505,14058,22137,23286,8852,16469,1295,8263,8846,20257,17725,14844,4700,12544,2246,150,13283,1,8:10
2024-25,1630549,Day'Ron Sharpe,Day'Ron,1610612751,BKN,Brooklyn Nets,0022400546,2025-01-12T00:00:00,BKN @ UTA,L,16.066666666666666,11.2,15.7,0.714,0.0,2.2,0.0,4.5,6.7,0.667,2.2,6.7,9.0,0.0,2.2,0.0,0.0,0.0,6.7,9.0,26.9,-11.2,35.4,0,0,35.9,1,13222,1,13222,18879,2091,7564,2752,15070,19098,15070,4865,3635,9425,7450,6852,6799,19908,9347,12854,8263,8846,2199,669,3255,18406,10800,2246,150,9479,1,16:04
2024-25,1628436,Luke Kornet,Luke,1610612738,BOS,Boston Celtics,0022400542,2025-01-12T00:00:00,BOS vs. NOP,W,13.741666666666667,10.5,15.7,0.667,0.0,0.0,0.0,0.0,0.0,0.0,5.2,13.1,18.3,2.6,0.0,0.0,0.0,0.0,13.1,0.0,21.0,34.1,46.9,0,0,41.9,1,1,13086,1,20340,2740,7517,3281,15070,20945,15070,13505,14344,13505,2156,981,820,14154,16469,12854,8263,8846,333,17725,7122,1497,4352,2246,150,5691,1,13:45
2024-25,1626167,Myles Turner,Myles,1610612754,IND,Indiana Pacers,0022400543,2025-01-12T00:00:00,IND @ CLE,W,28.633333333333333,6.3,12.6,0.5,2.5,7.5,0.333,3.8,6.3,0.6,3.8,8.8,12.6,1.3,0.0,0.0,0.0,0.0,5.0,5.0,18.9,3.8,35.8,1,0,35.2,1,1,13086,1,8997,10757,12624,8526,8094,7289,9209,6143,4147,10343,3921,3724,3082,18808,16469,12854,8263,8846,4540,4061,8984,10767,10486,1,150,9948,1,28:38
2024-25,1629008,Michael Porter Jr.,Michael,1610612743,DEN,Denver Nuggets,0022400540,2025-01-12T00:00:00,DEN @ DAL,W,25.363333333333333,7.1,18.5,0.385,1.4,11.4,0.125,2.8,2.8,1.0,4.3,1.4,5.7,1.4,0.0,0.0,0.0,1.4,4.3,1.4,18.5,2.8,27.4,0,0,27.0,1,1,13086,1,11693,8712,4259,16070,12372,2214,14886,8241,10394,1,3237,21038,13090,18274,16469,12854,8263,5105,6409,15372,9365,11201,16665,2246,150,16175,1,25:22
2024-25,1641733,Nick Smith Jr.,Nick,1610612766,CHA,Charlotte Hornets,0022400547,2025-01-12T00:00:00,CHA @ PHX,L,17.558333333333334,6.2,20.5,0.3,4.1,8.2,0.5,0.0,0.0,0.0,0.0,6.2,6.2,0.0,4.1,2.1,0.0,0.0,2.1,0.0,16.4,-30.8,25.8,0,0,30.8,1,13222,1,13222,17886,11089,2637,19363,3786,6081,3944,13505,14344,13505,14058,7999,11934,19908,3672,6011,8263,8846,14876,17725,11495,23856,17722,2246,150,13354,1,17:34
2024-25,1626153,Delon Wright,Delon,1610612749,MIL,Milwaukee Bucks,0022400539,2025-01-12T00:00:00,MIL @ NYK,L,6.866666666666666,0.0,21.0,0.0,0.0,5.2,0.0,0.0,0.0,0.0,0.0,5.2,5.2,5.2,0.0,5.2,0.0,5.2,0.0,5.2,0.0,-41.9,29.9,0,0,21.0,1,13222,1,13222,23223,22635,2348,22635,15070,12606,15070,13505,14344,13505,14058,10176,14178,6955,16469,767,8263,317,20257,3711,23200,24974,14888,2246,150,20292,1,6:52
2024-25,1628386,Jarrett Allen,Jarrett,1610612739,CLE,Cleveland Cavaliers,0022400543,2025-01-12T00:00:00,CLE vs. IND,L,25.383333333333333,4.3,8.5,0.5,0.0,0.0,0.0,7.1,8.5,0.833,4.3,8.5,12.8,4.3,1.4,0.0,1.4,0.0,1.4,8.5,15.6,-11.3,40.1,0,0,35.5,1,13222,1,13222,11666,16453,19475,8526,15070,20945,15070,1949,2184,7275,3242,4046,2963,9241,13182,12854,5158,8846,17546,824,12322,18454,7673,2246,150,9757,1,25:23
2024-25,203078,Bradley Beal,Bradley,1610612756,PHX,Phoenix Suns,0022400547,2025-01-12T00:00:00,PHX vs. CHA,W,35.13333333333333,5.1,12.3,0.417,2.0,4.1,0.5,3.1,4.1,0.75,0.0,3.1,3.1,6.1,1.0,0.0,2.0,0.0,2.0,3.1,15.4,19.5,33.4,0,0,30.7,1,1,13086,1,3358,14027,13085,14532,9916,15347,3944,7611,7631,8186,14058,16480,19539,5249,15675,12854,3347,8846,14879,8981,12549,4119,12262,2246,150,13365,1,35:08
2024-25,1641729,Brice Sensabaugh,Brice,1610612762,UTA,Utah Jazz,0022400546,2025-01-12T00:00:00,UTA vs. BKN,W,26.95,6.7,17.4,0.385,4.0,13.4,0.3,4.0,4.0,1.0,0.0,1.3,1.3,4.0,2.7,0.0,0.0,0.0,5.3,1.3,21.4,5.3,26.3,0,0,30.7,1,1,13086,1,10372,9737,5387,16070,3982,1149,11319,5680,7832,1,14058,21223,22780,9920,7611,12854,8263,8846,3940,15739,6757,9918,17409,2246,150,13381,1,26:57
2024-25,202709,Cory Joseph,Cory,1610612753,ORL,Orlando Magic,0022400544,2025-01-12T00:00:00,ORL vs. PHI,W,16.45,2.2,10.9,0.2,2.2,8.8,0.25,0.0,0.0,0.0,0.0,2.2,2.2,2.2,0.0,2.2,2.2,0.0,2.2,0.0,6.6,21.9,25.6,0,0,21.9,1,1,13086,1,18625,21063,15459,21401,9274,5174,11902,13505,14344,13505,14058,19104,21435,15667,16469,5444,2972,8846,14145,17725,21013,3485,17879,2246,150,19735,1,16:27
2024-25,1630553,Keon Johnson,Keon,1610612751,BKN,Brooklyn Nets,0022400546,2025-01-12T00:00:00,BKN @ UTA,L,21.225,5.1,15.3,0.333,3.4,11.9,0.286,0.0,0.0,0.0,1.7,5.1,6.8,5.1,0.0,3.4,0.0,3.4,5.1,0.0,13.6,-3.4,39.5,0,0,35.6,1,13222,1,13222,15139,14123,8160,17395,5402,1854,11433,13505,14344,13505,9588,10606,10567,7270,16469,2400,8263,1000,4405,17725,14418,14753,8060,2246,150,9646,1,21:14
2024-25,1626162,Kelly Oubre Jr.,Kelly,1610612755,PHI,Philadelphia 76ers,0022400544,2025-01-12T00:00:00,PHI @ ORL,L,34.61666666666667,5.2,11.4,0.455,0.0,2.1,0.0,2.1,2.1,1.0,1.0,3.1,4.2,1.0,0.0,2.1,0.0,3.1,3.1,1.0,12.5,-4.2,25.3,0,0,21.8,1,13222,1,13222,3771,13820,14595,12676,15070,19404,15070,10355,12481,1,12941,16361,16914,19559,16469,5872,8263,1219,10198,17215,15620,15156,18097,2246,150,19765,1,34:37
2024-25,1630264,Anthony Gill,Anthony,1610612764,WAS,Washington Wizards,0022400545,2025-01-12T00:00:00,WAS vs. OKC,L,5.266666666666667,0.0,6.8,0.0,0.0,0.0,0.0,27.3,27.3,1.0,0.0,0.0,0.0,0.0,0.0,0.0,0.0,6.8,6.8,13.7,27.3,-13.7,27.3,0,0,27.3,1,13222,1,13222,23875,22635,21747,22635,15070,20945,15070,40,64,1,14058,22137,23286,19908,16469,12854,8263,165,2115,132,3038,19370,16708,2246,150,15905,1,5:16
2024-25,1631116,Patrick Baldwin Jr.,Patrick,1610612764,WAS,Washington Wizards,0022400545,2025-01-12T00:00:00,WAS vs. OKC,L,5.266666666666667,6.8,13.7,0.5,6.8,13.7,0.5,0.0,0.0,0.0,0.0,0.0,0.0,0.0,0.0,0.0,0.0,0.0,0.0,0.0,20.5,-13.7,20.5,0,0,27.3,1,13222,1,13222,23875,9329,10690,8526,823,1027,3944,13505,14344,13505,14058,22137,23286,19908,16469,12854,8263,8846,20257,17725,7491,19370,20944,2246,150,15905,1,5:16
2024-25,1642271,Kyle Filipowski,Kyle,1610612762,UTA,Utah Jazz,0022400546,2025-01-12T00:00:00,UTA vs. BKN,W,20.566666666666666,7.0,12.3,0.571,5.3,7.0,0.75,1.8,1.8,1.0,1.8,7.0,8.8,3.5,0.0,1.8,0.0,0.0,0.0,3.5,21.0,5.3,42.0,0,0,42.0,1,1,13086,1,15592,8927,13163,6538,1996,8462,1542,11328,13248,1,9410,6353,7099,11384,16469,7439,8263,8846,20257,7656,7073,9980,6610,2246,150,5637,1,20:34
2024-25,1630533,Ziaire Williams,Ziaire,1610612751,BKN,Brooklyn Nets,0022400546,2025-01-12T00:00:00,BKN @ UTA,L,31.933333333333334,4.5,12.4,0.364,3.4,7.9,0.429,9.0,9.0,1.0,0.0,6.8,6.8,2.3,0.0,1.1,0.0,2.3,3.4,5.6,21.4,1.1,36.3,0,0,36.1,1,13222,1,13222,6032,15747,12894,16861,5429,6638,7394,998,1855,1,14058,6762,10609,15416,16469,10796,8263,2540,9147,3139,6716,12066,10159,2246,150,9316,1,31:56
2024-25,1630530,Trey Murphy III,Trey,1610612740,NOP,New Orleans Pelicans,0022400542,2025-01-12T00:00:00,NOP @ BOS,L,38.666666666666664,9.3,15.8,0.588,4.7,9.3,0.5,4.7,4.7,1.0,0.0,5.6,5.6,3.7,2.8,0.0,0.0,0.9,3.7,4.7,27.9,-3.7,37.4,0,0,41.9,1,13222,1,13222,1025,4181,7379,6229,2800,4366,3944,4584,6569,1,14058,9332,13319,10722,7243,12854,8263,8484,7985,4816,2816,14904,9392,2246,150,5701,1,38:40
2024-25,1642267,Bub Carrington,Bub,1610612764,WAS,Washington Wizards,0022400545,2025-01-12T00:00:00,WAS vs. OKC,L,34.36666666666667,2.1,10.5,0.2,1.0,6.3,0.167,0.0,0.0,0.0,0.0,7.3,7.3,7.3,1.0,0.0,0.0,0.0,4.2,1.0,5.2,-42.9,24.0,0,0,21.0,1,13222,1,13222,3950,21242,16269,21401,14268,10011,14236,13505,14344,13505,14058,5776,9506,3584,15508,12854,8263,8846,6583,17184,21888,25046,18957,2246,150,20309,1,34:22
2024-25,1626168,Trey Lyles,Trey,1610612758,SAC,Sacramento Kings,0022400541,2025-01-12T00:00:00,SAC @ CHI,W,18.15,6.0,19.8,0.3,0.0,11.9,0.0,0.0,2.0,0.0,2.0,13.9,15.9,4.0,0.0,0.0,2.0,0.0,4.0,4.0,11.9,17.9,42.8,0,0,35.7,1,1,13086,1,17469,11651,3076,19363,15070,1835,15070,13505,12773,13505,8460,786,1468,10015,16469,12854,3525,8846,7227,6408,16240,4604,6199,2246,150,9571,1,18:09
2024-25,204001,Kristaps Porziņģis,Kristaps,1610612738,BOS,Boston Celtics,0022400542,2025-01-12T00:00:00,BOS vs. NOP,W,33.89,7.4,20.2,0.368,3.2,9.6,0.333,2.1,3.2,0.667,6.4,5.3,11.7,1.1,1.1,0.0,3.2,1.1,2.1,2.1,20.2,-8.5,44.3,1,0,42.5,1,1,13086,1,4362,7921,2850,16823,5989,4023,9209,10220,9545,9425,1438,10004,3774,19475,15407,12854,1491,7381,14499,12512,7761,17183,5522,1,150,5412,1,33:53
2024-25,1631213,Tyrese Martin,Tyrese,1610612751,BKN,Brooklyn Nets,0022400546,2025-01-12T00:00:00,BKN @ UTA,L,35.233333333333334,5.1,13.3,0.385,1.0,6.1,0.167,0.0,2.0,0.0,3.1,5.1,8.2,3.1,2.0,1.0,1.0,0.0,2.0,1.0,11.2,3.1,29.7,0,0,27.6,1,13222,1,13222,3286,14061,11335,16070,14411,10364,14236,13505,12594,13505,5200,10540,7974,12709,10287,11742,7333,8846,14904,17310,16964,11078,14998,2246,150,15727,1,35:14
2024-25,1628467,Maxi Kleber,Maxi,1610612742,DAL,Dallas Mavericks,0022400540,2025-01-12T00:00:00,DAL vs. DEN,L,19.5,3.7,9.2,0.4,3.7,9.2,0.4,0.0,0.0,0.0,5.5,0.0,5.5,0.0,1.8,0.0,0.0,0.0,5.5,0.0,11.1,-48.0,15.9,0,0,20.3,1,13222,1,13222,16419,17860,18359,14933,4715,4485,7874,13505,14344,13505,1925,22137,13446,19908,11337,12854,8263,8846,3642,17725,17116,25312,22902,2246,150,20690,1,19:30
2024-25,1628392,Isaiah Hartenstein,Isaiah,1610612760,OKC,Oklahoma City Thunder,0022400545,2025-01-12T00:00:00,OKC @ WAS,W,21.661666666666665,6.6,11.6,0.571,0.0,0.0,0.0,3.3,3.3,1.0,10.0,10.0,19.9,3.3,0.0,0.0,0.0,1.7,1.7,1.7,16.6,33.2,45.5,1,0,39.9,1,1,13086,1,14791,9828,14256,6538,15070,20945,15070,7062,9252,1,410,2603,546,11902,16469,12854,8263,4250,16658,14405,11253,1599,4924,1,150,6844,1,21:40
2024-25,1641765,Olivier-Maxence Prosper,Olivier-Maxence,1610612742,DAL,Dallas Mavericks,0022400540,2025-01-12T00:00:00,DAL vs. DEN,L,2.5,0.0,14.4,0.0,0.0,0.0,0.0,0.0,0.0,0.0,0.0,0.0,0.0,0.0,0.0,0.0,0.0,0.0,0.0,0.0,0.0,-57.6,0.0,0,0,0.0,1,13222,1,13222,25215,22635,9521,22635,15070,20945,15070,13505,14344,13505,14058,22137,23286,19908,16469,12854,8263,8846,20257,17725,23200,25621,25228,2246,150,25259,1,2:30
2024-25,1631124,Julian Strawther,Julian,1610612743,DEN,Denver Nuggets,0022400540,2025-01-12T00:00:00,DEN @ DAL,W,25.493333333333332,2.8,12.7,0.222,1.4,7.1,0.2,0.0,0.0,0.0,0.0,0.0,0.0,1.4,0.0,1.4,0.0,0.0,4.2,0.0,7.1,22.6,13.4,0,0,12.7,1,1,13086,1,11596,19829,12369,21205,12395,8331,13429,13505,14344,13505,14058,22137,23286,18303,16469,8833,8263,8846,6457,17725,20675,3346,23659,2246,150,23802,1,25:30
2024-25,1630574,Ariel Hukporti,Ariel,1610612752,NYK,New York Knicks,0022400539,2025-01-12T00:00:00,NYK vs. MIL,W,5.35,0.0,0.0,0.0,0.0,0.0,0.0,0.0,0.0,0.0,6.7,20.2,26.9,0.0,6.7,0.0,6.7,0.0,0.0,0.0,0.0,26.9,45.8,0,0,40.4,1,1,13086,1,23840,22635,24836,22635,15070,20945,15070,13505,14344,13505,1263,164,139,19908,1005,12854,221,8846,20257,17725,23200,2445,4834,2246,150,6561,1,5:21
2024-25,1641706,Brandon Miller,Brandon,1610612766,CHA,Charlotte Hornets,0022400547,2025-01-12T00:00:00,CHA @ PHX,L,33.333333333333336,6.5,17.3,0.375,3.2,8.6,0.375,4.3,4.3,1.0,1.1,3.2,4.3,6.5,1.1,0.0,0.0,2.2,4.3,2.2,20.5,-3.2,34.3,0,0,34.6,1,13222,1,13222,4870,10231,5476,16299,5849,5359,8800,5117,7164,1,12634,15961,16484,4747,15276,12854,8263,2740,6217,12342,7473,14695,11559,2246,150,10401,1,33:20
2024-25,1628378,Donovan Mitchell,Donovan,1610612739,CLE,Cleveland Cavaliers,0022400543,2025-01-12T00:00:00,CLE vs. IND,L,30.833333333333332,8.2,19.8,0.412,3.5,8.2,0.429,2.3,2.3,1.0,2.3,1.2,3.5,1.2,3.5,2.3,0.0,2.3,2.3,3.5,22.2,-3.5,31.6,0,0,35.0,1,13222,1,13222,7013,6260,3068,14791,5142,6134,7394,9509,11680,1,7133,21596,18545,19124,5004,4915,8263,2359,13503,7652,6082,14797,13583,2246,150,10067,1,30:50
2024-25,1631098,Johnny Davis,Johnny,1610612764,WAS,Washington Wizards,0022400545,2025-01-12T00:00:00,WAS vs. OKC,L,5.266666666666667,0.0,20.5,0.0,0.0,13.7,0.0,0.0,0.0,0.0,0.0,0.0,0.0,0.0,0.0,0.0,0.0,0.0,0.0,0.0,0.0,-13.7,0.0,0,0,0.0,1,13222,1,13222,23875,22635,2630,22635,15070,1027,15070,13505,14344,13505,14058,22137,23286,19908,16469,12854,8263,8846,20257,17725,23200,19370,25228,2246,150,25259,1,5:16
2024-25,1629013,Landry Shamet,Landry,1610612752,NYK,New York Knicks,0022400539,2025-01-12T00:00:00,NYK vs. MIL,W,6.166666666666667,0.0,5.8,0.0,0.0,5.8,0.0,0.0,0.0,0.0,0.0,0.0,0.0,0.0,0.0,0.0,0.0,0.0,0.0,0.0,0.0,35.0,0.0,0,0,0.0,1,1,13086,1,23530,22635,22774,22635,15070,11108,15070,13505,14344,13505,14058,22137,23286,19908,16469,12854,8263,8846,20257,17725,23200,1397,25228,2246,150,25259,1,6:10
2024-25,1631216,Caleb Houstan,Caleb,1610612753,ORL,Orlando Magic,0022400544,2025-01-12T00:00:00,ORL vs. PHI,W,25.7,2.8,9.8,0.286,1.4,8.4,0.167,0.0,0.0,0.0,0.0,1.4,1.4,0.0,1.4,1.4,0.0,0.0,5.6,0.0,7.0,-4.2,11.5,0,0,12.6,1,1,13086,1,11405,19874,17391,19630,12450,5728,14236,13505,14344,13505,14058,21078,22686,19908,13277,8892,8263,8846,3542,17725,20724,15181,24132,2246,150,23836,1,25:42
2024-25,1629614,Andrew Nembhard,Andrew,1610612754,IND,Indiana Pacers,0022400543,2025-01-12T00:00:00,IND @ CLE,W,28.166666666666668,8.9,14.1,0.636,2.6,5.1,0.5,3.8,5.1,0.75,0.0,2.6,2.6,5.1,3.8,2.6,0.0,1.3,2.6,2.6,24.3,-5.1,38.9,0,0,39.6,1,1,13086,1,9408,4819,10078,4689,7952,12916,3944,6010,5733,8186,14058,18041,20694,7218,4220,4237,8263,5764,12579,10776,4620,15652,8508,2246,150,6998,1,28:10
2024-25,1630649,Stanley Umude,Stanley,1610612749,MIL,Milwaukee Bucks,0022400539,2025-01-12T00:00:00,MIL @ NYK,L,6.166666666666667,0.0,17.5,0.0,0.0,0.0,0.0,0.0,0.0,0.0,0.0,11.7,11.7,0.0,5.8,0.0,0.0,0.0,5.8,0.0,0.0,-35.0,8.2,0,0,11.7,1,13222,1,13222,23530,22635,5241,22635,15070,20945,15070,13505,14344,13505,14058,1531,3779,19908,1516,12854,8263,8846,3159,17725,23200,24409,24676,2246,150,24064,1,6:10
2024-25,1627783,Pascal Siakam,Pascal,1610612754,IND,Indiana Pacers,0022400543,2025-01-12T00:00:00,IND @ CLE,W,31.05,9.3,24.3,0.381,0.0,5.8,0.0,2.3,2.3,1.0,3.5,7.0,10.4,2.3,1.2,1.2,2.3,1.2,1.2,3.5,20.9,7.0,46.1,0,0,40.6,1,1,13086,1,6839,4245,962,16250,15070,11209,15070,9560,11720,1,4406,6435,4972,15158,14731,10507,2701,6554,18766,7718,7186,9158,4681,2246,150,6457,1,31:03
2024-25,1642275,Tidjane Salaün,Tidjane,1610612766,CHA,Charlotte Hornets,0022400547,2025-01-12T00:00:00,CHA @ PHX,L,6.4,0.0,5.6,0.0,0.0,0.0,0.0,0.0,0.0,0.0,0.0,11.3,11.3,0.0,5.6,0.0,0.0,5.6,5.6,0.0,0.0,-33.8,7.9,0,0,11.3,1,13222,1,13222,23409,22635,22968,22635,15070,20945,15070,13505,14344,13505,14058,1776,4194,19908,1701,12854,8263,258,3504,17725,23200,24270,24713,2246,150,24164,1,6:24
2024-25,1642262,Cody Williams,Cody,1610612762,UTA,Utah Jazz,0022400546,2025-01-12T00:00:00,UTA vs. BKN,W,37.38333333333333,1.9,9.6,0.2,1.0,5.8,0.167,0.0,0.0,0.0,0.0,1.9,1.9,1.9,1.9,1.0,0.0,0.0,0.0,0.0,4.8,-15.4,11.0,0,0,11.6,1,1,13086,1,1750,21542,17710,21401,14738,11261,14236,13505,14344,13505,14058,19902,21954,16658,10926,12254,8263,8846,20257,17725,22118,20056,24243,2246,150,24097,1,37:23
2024-25,202685,Jonas Valančiūnas,Jonas,1610612764,WAS,Washington Wizards,0022400545,2025-01-12T00:00:00,WAS vs. OKC,L,18.053333333333335,8.0,10.0,0.8,2.0,4.0,0.5,4.0,4.0,1.0,4.0,12.0,16.0,0.0,6.0,0.0,0.0,0.0,6.0,2.0,21.9,-37.9,35.1,0,0,39.9,1,13222,1,13222,17533,6677,17103,1688,10192,15606,3944,5713,7860,1,3608,1382,1445,19908,1400,12854,8263,8846,2974,13108,6262,24685,10995,2246,150,6846,1,18:03
2024-25,1642268,Isaiah Collier,Isaiah,1610612762,UTA,Utah Jazz,0022400546,2025-01-12T00:00:00,UTA vs. BKN,W,37.2,8.7,15.5,0.563,2.9,5.8,0.5,1.9,1.9,1.0,0.0,6.8,6.8,6.8,1.9,0.0,1.0,1.0,2.9,1.9,22.3,1.0,41.5,0,0,40.6,1,1,13086,1,1859,5246,7847,7127,6858,11192,3944,10848,12895,1,14058,6746,10588,4322,10871,12854,7705,8204,11181,13384,6040,12178,6878,2246,150,6414,1,37:12
2024-25,1628998,Cody Martin,Cody,1610612766,CHA,Charlotte Hornets,0022400547,2025-01-12T00:00:00,CHA @ PHX,L,25.133333333333333,1.4,4.3,0.333,1.4,2.9,0.5,2.9,2.9,1.0,1.4,2.9,4.3,1.4,1.4,2.9,0.0,0.0,2.9,1.4,7.2,-17.2,21.6,0,0,20.1,1,13222,1,13222,11883,22255,23927,17395,12328,17928,3944,8181,10320,1,10613,17198,16539,18227,13095,3498,8263,8846,11342,15316,20590,20684,20348,2246,150,20834,1,25:08
2024-25,1626145,Tyus Jones,Tyus,1610612756,PHX,Phoenix Suns,0022400547,2025-01-12T00:00:00,PHX vs. CHA,W,18.183333333333334,2.0,9.9,0.2,2.0,5.9,0.333,0.0,0.0,0.0,0.0,2.0,2.0,9.9,4.0,0.0,0.0,2.0,0.0,2.0,5.9,-29.7,19.2,0,0,19.8,1,1,13086,1,17449,21445,17241,21401,10246,10841,9209,13505,14344,13505,14058,19729,21839,1493,3954,12854,8263,3289,20257,13160,21438,23692,21544,2246,150,20985,1,18:11
2024-25,1628384,OG Anunoby,OG,1610612752,NYK,New York Knicks,0022400539,2025-01-12T00:00:00,NYK vs. MIL,W,30.85,5.8,14.0,0.417,1.2,5.8,0.2,0.0,1.2,0.0,0.0,1.2,1.2,2.3,2.3,0.0,1.2,0.0,3.5,2.3,12.8,24.5,18.9,0,0,19.8,1,1,13086,1,6992,12009,10172,14532,13555,11123,13429,13505,13941,13505,14058,21599,22989,15106,8928,12854,6384,8846,8746,11614,15254,2918,21700,2246,150,20953,1,30:51
2024-25,1628464,Daniel Theis,Daniel,1610612740,NOP,New Orleans Pelicans,0022400542,2025-01-12T00:00:00,NOP @ BOS,L,22.166666666666668,3.2,4.9,0.667,0.0,1.6,0.0,3.2,3.2,1.0,0.0,9.7,9.7,0.0,0.0,0.0,0.0,0.0,1.6,3.2,9.7,-13.0,21.4,0,0,19.5,1,13222,1,13222,14372,18890,23557,3281,15070,20138,15070,7205,9418,1,14058,2777,5739,19908,16469,12854,8263,8846,16798,8406,18398,19124,20450,2246,150,21156,1,22:10
2024-25,1631207,Dalen Terry,Dalen,1610612741,CHI,Chicago Bulls,0022400541,2025-01-12T00:00:00,CHI vs. SAC,L,14.733333333333333,2.4,7.3,0.333,0.0,2.4,0.0,0.0,0.0,0.0,0.0,2.4,2.4,7.3,0.0,0.0,2.4,0.0,2.4,0.0,4.9,4.9,26.1,0,0,19.5,1,13222,1,13222,19747,20564,21167,17395,15070,18723,15070,13505,14344,13505,14058,18348,20910,3586,16469,12854,2475,8846,13011,17725,22069,10168,17523,2246,150,21123,1,14:44
2024-25,1641989,Elijah Harkless,Elijah,1610612762,UTA,Utah Jazz,0022400546,2025-01-12T00:00:00,UTA vs. BKN,W,18.566666666666666,1.9,9.7,0.2,1.9,7.8,0.25,0.0,3.9,0.0,1.9,3.9,5.8,1.9,1.9,1.9,0.0,0.0,9.7,1.9,5.8,29.1,19.6,0,0,19.4,1,1,13086,1,17135,21516,17588,21401,10459,6887,11902,13505,8082,13505,8666,14099,12729,16610,10856,6569,8263,8846,765,13372,21511,2096,21369,2246,150,21208,1,18:34
2024-25,203897,Zach LaVine,Zach,1610612741,CHI,Chicago Bulls,0022400541,2025-01-12T00:00:00,CHI vs. SAC,L,37.5,11.5,23.0,0.5,4.8,7.7,0.625,6.7,6.7,1.0,1.9,7.7,9.6,3.8,1.9,1.0,0.0,0.0,0.0,2.9,34.6,4.8,52.8,1,0,54.7,1,13222,1,13222,1684,1856,1370,8526,2556,7035,2868,2223,3638,1,8740,5191,5919,10393,10944,12278,8263,8846,20257,9658,1034,10216,2507,1,150,1501,1,37:30
2024-25,1631114,Jalen Williams,Jalen,1610612760,OKC,Oklahoma City Thunder,0022400545,2025-01-12T00:00:00,OKC @ WAS,W,21.316666666666666,6.8,22.0,0.308,1.7,6.8,0.25,13.5,13.5,1.0,0.0,10.1,10.1,3.4,5.1,0.0,0.0,1.7,1.7,6.8,28.7,35.5,40.9,0,0,43.9,1,1,13086,1,15054,9545,1840,19226,11436,9005,11902,237,529,1,14058,2476,5289,11746,2258,12854,8263,4178,16569,1855,2523,1347,7242,2246,150,4737,1,21:19
2024-25,1630178,Tyrese Maxey,Tyrese,1610612755,PHI,Philadelphia 76ers,0022400544,2025-01-12T00:00:00,PHI @ ORL,L,38.9,6.5,17.6,0.368,2.8,8.3,0.333,11.1,12.0,0.923,0.0,3.7,3.7,4.6,5.6,2.8,0.0,2.8,3.7,10.2,26.8,-0.9,41.0,0,0,43.5,1,13222,1,13222,915,10239,5153,16823,7295,5868,9209,465,758,6735,14058,14625,18068,8358,1770,3742,8263,1633,8068,382,3275,13481,7175,2246,150,4919,1,38:54
2024-25,1630346,Matt Ryan,Matt,1610612752,NYK,New York Knicks,0022400539,2025-01-12T00:00:00,NYK vs. MIL,W,3.183333333333333,22.6,22.6,1.0,22.6,22.6,1.0,22.6,22.6,1.0,0.0,11.3,11.3,0.0,0.0,0.0,0.0,0.0,0.0,11.3,90.5,56.5,104.0,0,0,124.4,1,1,13086,1,24904,99,1536,1,19,154,1,58,105,1,14058,1739,4123,19908,16469,12854,8263,8846,20257,252,17,412,62,2246,150,26,1,3:11
2024-25,1641726,Dereck Lively II,Dereck,1610612742,DAL,Dallas Mavericks,0022400540,2025-01-12T00:00:00,DAL vs. DEN,L,26.69,8.1,10.8,0.75,0.0,0.0,0.0,2.7,2.7,1.0,4.0,4.0,8.1,10.8,4.0,0.0,2.7,1.3,6.7,2.7,18.9,6.7,48.8,0,0,43.2,1,13222,1,13222,10572,6434,15715,2107,15070,20945,15070,8585,10753,1,3534,13580,8111,1074,3786,12854,2088,5406,2182,10324,8961,9268,3688,2246,150,5064,1,26:41
2024-25,1626164,Devin Booker,Devin,1610612756,PHX,Phoenix Suns,0022400547,2025-01-12T00:00:00,PHX vs. CHA,W,38.60666666666667,9.3,18.6,0.5,3.7,8.4,0.444,5.6,5.6,1.0,0.0,4.7,4.7,7.5,0.9,2.8,0.0,0.0,0.9,3.7,28.0,-3.7,52.2,0,0,49.4,1,1,13086,1,1056,4168,4069,8526,4628,5763,7211,3323,5054,1,14058,11817,15664,3447,16236,3695,8263,8846,20062,7058,2796,14906,2660,2246,150,2692,1,38:36
2024-25,202684,Tristan Thompson,Tristan,1610612739,CLE,Cleveland Cavaliers,0022400543,2025-01-12T00:00:00,CLE vs. IND,L,2.7333333333333334,26.3,26.3,1.0,0.0,0.0,0.0,0.0,0.0,0.0,0.0,0.0,0.0,0.0,0.0,0.0,0.0,0.0,0.0,0.0,52.7,26.3,52.7,0,0,52.7,1,13222,1,13222,25094,51,582,1,15070,20945,15070,13505,14344,13505,14058,22137,23286,19908,16469,12854,8263,8846,20257,17725,129,2543,2537,2246,150,1878,1,2:44
2024-25,1628983,Shai Gilgeous-Alexander,Shai,1610612760,OKC,Oklahoma City Thunder,0022400545,2025-01-12T00:00:00,OKC @ WAS,W,30.133333333333333,6.0,20.3,0.294,1.2,4.8,0.25,19.1,20.3,0.941,1.2,7.2,8.4,4.8,3.6,2.4,0.0,2.4,3.6,13.1,32.3,35.8,53.0,0,0,51.4,1,1,13086,1,7648,11599,2757,19598,13400,13760,11902,85,136,6708,11830,6064,7669,7971,4809,4732,8263,2251,8481,147,1467,1310,2439,2246,150,2184,1,30:08
2024-25,202691,Klay Thompson,Klay,1610612742,DAL,Dallas Mavericks,0022400540,2025-01-12T00:00:00,DAL vs. DEN,L,34.906666666666666,9.3,19.6,0.474,6.2,13.4,0.462,1.0,1.0,1.0,0.0,6.2,6.2,2.1,1.0,1.0,1.0,1.0,0.0,1.0,25.8,1.0,41.5,0,0,44.3,1,13222,1,13222,3537,4235,3282,12072,1173,1131,7119,13141,14171,1,14058,7928,11857,16150,15625,11666,7266,7653,20257,17270,3787,12133,6902,2246,150,4532,1,34:54
2024-25,1627749,Dejounte Murray,Dejounte,1610612740,NOP,New Orleans Pelicans,0022400542,2025-01-12T00:00:00,NOP @ BOS,L,35.266666666666666,8.2,19.4,0.421,6.1,9.2,0.667,4.1,5.1,0.8,2.0,7.1,9.2,8.2,1.0,1.0,1.0,2.0,4.1,2.0,26.5,7.1,54.9,0,0,54.1,1,13222,1,13222,3262,6270,3422,14442,1212,4558,1957,5553,5748,7681,8200,6101,6463,2726,15704,11752,7341,3089,6889,12868,3409,9068,2003,2246,150,1599,1,35:16
2024-25,201599,DeAndre Jordan,DeAndre,1610612743,DEN,Denver Nuggets,0022400540,2025-01-12T00:00:00,DEN @ DAL,W,9.366666666666667,11.5,11.5,1.0,0.0,0.0,0.0,0.0,3.8,0.0,7.7,11.5,19.2,0.0,0.0,0.0,3.8,0.0,0.0,7.7,23.1,50.0,57.7,0,0,50.0,1,1,13086,1,22327,1849,14421,1,15070,20945,15070,13505,8148,13505,886,1612,642,19908,16469,12854,1011,8846,20257,1206,5442,549,1529,2246,150,2541,1,9:22
2024-25,1631109,Mark Williams,Mark,1610612766,CHA,Charlotte Hornets,0022400547,2025-01-12T00:00:00,CHA @ PHX,L,29.421666666666667,11.0,14.7,0.75,0.0,0.0,0.0,7.3,12.2,0.6,7.3,12.2,19.6,4.9,3.7,0.0,1.2,0.0,2.4,7.3,29.4,9.8,60.2,1,0,56.3,1,13222,1,13222,8295,2253,9082,2107,15070,20945,15070,1774,715,10343,1010,1258,587,7697,4624,12854,6031,8846,12999,1425,2312,7795,1170,1,150,1259,1,29:25
2024-25,1628973,Jalen Brunson,Jalen,1610612752,NYK,New York Knicks,0022400539,2025-01-12T00:00:00,NYK vs. MIL,W,28.783333333333335,20.0,32.5,0.615,6.3,12.5,0.5,8.8,10.0,0.875,1.3,5.0,6.3,7.5,1.3,1.3,0.0,1.3,0.0,10.0,55.0,28.8,76.3,0,0,77.5,1,1,13086,1,8852,143,180,5246,1134,1517,3944,1090,1372,6931,11479,10877,11705,3396,14094,9797,8263,5929,20257,418,109,2139,273,2246,150,193,1,28:47
2024-25,1641783,Tristan da Silva,Tristan,1610612753,ORL,Orlando Magic,0022400544,2025-01-12T00:00:00,ORL vs. PHI,W,1.0166666666666666,0.0,0.0,0.0,0.0,0.0,0.0,0.0,0.0,0.0,0.0,0.0,0.0,0.0,35.4,35.4,0.0,0.0,35.4,0.0,0.0,0.0,70.8,0,0,70.8,1,1,13086,1,26053,22635,24836,22635,15070,20945,15070,13505,14344,13505,14058,22137,23286,19908,9,7,8263,8846,27,17725,23200,12240,406,2246,150,301,1,1:01
2024-25,1628369,Jayson Tatum,Jayson,1610612738,BOS,Boston Celtics,0022400542,2025-01-12T00:00:00,BOS vs. NOP,W,36.233333333333334,13.9,29.8,0.467,2.0,9.9,0.2,7.9,9.9,0.8,3.0,7.9,10.9,1.0,3.0,1.0,1.0,1.0,1.0,7.0,37.8,-8.9,55.3,1,0,55.6,1,1,13086,1,2511,730,282,12249,10226,3574,13429,1435,1394,7681,5393,4786,4478,19696,6565,12013,7513,7984,19748,1689,627,17400,1921,1,150,1370,1,36:14
2024-25,1626157,Karl-Anthony Towns,Karl-Anthony,1610612752,NYK,New York Knicks,0022400539,2025-01-12T00:00:00,NYK vs. MIL,W,35.53666666666667,10.1,16.2,0.625,2.0,5.1,0.4,8.1,9.1,0.889,5.1,13.2,18.2,4.1,2.0,1.0,0.0,1.0,3.0,7.1,30.4,28.4,59.4,1,0,56.7,1,1,13086,1,3043,3081,6824,4899,10040,13039,7874,1359,1805,6857,2310,966,840,9800,10398,11834,8263,7800,10543,1586,1956,2203,1270,1,150,1198,1,35:32
2024-25,1630163,LaMelo Ball,LaMelo,1610612766,CHA,Charlotte Hornets,0022400547,2025-01-12T00:00:00,CHA @ PHX,L,39.516666666666666,8.2,22.8,0.36,4.6,15.5,0.294,1.8,1.8,1.0,0.9,4.6,5.5,10.0,2.7,2.7,0.9,0.9,2.7,3.6,22.8,2.7,52.6,1,0,50.1,1,13222,1,13222,713,6210,1459,17134,2967,601,11430,11188,13164,1,13856,12113,13629,1423,7430,3843,8040,8603,11903,7274,5653,11246,2573,1,150,2504,1,39:31
2024-25,1627734,Domantas Sabonis,Domantas,1610612758,SAC,Sacramento Kings,0022400541,2025-01-12T00:00:00,SAC @ CHI,W,37.766666666666666,7.6,9.5,0.8,1.0,1.9,0.5,4.8,5.7,0.833,2.9,11.4,14.3,7.6,1.9,0.0,0.0,0.0,1.9,3.8,21.0,-1.9,47.7,1,0,43.8,1,1,13086,1,1530,7447,17887,1688,14780,19725,3944,4402,4869,7275,5703,1678,2105,3250,11007,12854,8263,8846,15639,6815,7101,13983,4082,1,150,4762,1,37:46
2024-25,1628371,Jonathan Isaac,Jonathan,1610612753,ORL,Orlando Magic,0022400544,2025-01-12T00:00:00,ORL vs. PHI,W,27.1,10.6,17.3,0.615,2.7,5.3,0.5,2.7,5.3,0.5,6.6,8.0,14.6,1.3,0.0,0.0,2.7,0.0,1.3,2.7,26.6,1.3,54.1,1,0,50.5,1,1,13086,1,10268,2589,5489,5246,7662,12428,3944,8669,5442,10625,1307,4748,1954,18568,16469,12854,2139,8846,17910,10452,3398,11938,2188,1,150,2400,1,27:06
2024-25,1641716,Jarace Walker,Jarace,1610612754,IND,Indiana Pacers,0022400543,2025-01-12T00:00:00,IND @ CLE,W,21.533333333333335,5.0,8.4,0.6,3.3,5.0,0.667,0.0,0.0,0.0,3.3,16.7,20.1,3.3,0.0,3.3,1.7,0.0,5.0,0.0,13.4,35.1,57.5,0,0,50.2,1,1,13086,1,14913,14339,19707,5394,5528,13171,1957,13505,14344,13505,4653,354,521,11838,16469,2477,4354,8846,4571,17725,14651,1388,1555,2246,150,2489,1,21:32
2024-25,1629004,Svi Mykhailiuk,Svi,1610612762,UTA,Utah Jazz,0022400546,2025-01-12T00:00:00,UTA vs. BKN,W,16.8,10.7,19.3,0.556,8.6,15.0,0.571,4.3,4.3,1.0,2.1,0.0,2.1,6.4,2.1,2.1,0.0,2.1,4.3,2.1,34.3,30.0,50.8,0,0,55.7,1,1,13086,1,18385,2493,3504,7248,355,690,3506,5181,7236,1,7784,22137,21529,4819,9763,5621,8263,2792,6325,12425,1074,1959,3050,2246,150,1361,1,16:48
2024-25,1628989,Kevin Huerter,Kevin,1610612758,SAC,Sacramento Kings,0022400541,2025-01-12T00:00:00,SAC @ CHI,W,10.45,10.3,13.8,0.75,3.4,3.4,1.0,0.0,0.0,0.0,3.4,6.9,10.3,13.8,0.0,0.0,0.0,0.0,3.4,0.0,24.1,3.4,57.2,0,0,51.7,1,1,13086,1,21938,2884,10531,2107,5273,16776,1,13505,14344,13505,4464,6550,5071,411,16469,12854,8263,8846,8912,17725,4723,10915,1599,2246,150,2111,1,10:27
2024-25,1631094,Paolo Banchero,Paolo,1610612753,ORL,Orlando Magic,0022400544,2025-01-12T00:00:00,ORL vs. PHI,W,27.1,6.6,10.6,0.625,1.3,2.7,0.5,12.0,14.6,0.818,2.7,8.0,10.6,8.0,8.0,0.0,1.3,0.0,2.7,8.0,26.6,23.9,47.3,0,0,49.2,1,1,13086,1,10268,9841,16003,4899,12738,18333,3944,343,380,7652,6210,4748,4784,2923,597,12854,5523,8846,12214,1039,3398,3044,4214,2246,150,2779,1,27:06
2024-25,1630215,Jared Butler,Jared,1610612764,WAS,Washington Wizards,0022400545,2025-01-12T00:00:00,WAS vs. OKC,L,8.166666666666666,8.8,8.8,1.0,0.0,0.0,0.0,8.8,8.8,1.0,4.4,13.2,17.6,8.8,4.4,0.0,4.4,0.0,8.8,4.4,26.4,-17.6,69.6,0,0,61.7,1,13222,1,13222,22752,5036,18989,1,15070,20945,15070,1066,1968,1,3043,950,983,2168,3127,12854,710,8846,1020,5322,3455,20819,447,2246,150,671,1,8:10
2024-25,1631119,Jaylin Williams,Jaylin,1610612760,OKC,Oklahoma City Thunder,0022400545,2025-01-12T00:00:00,OKC @ WAS,W,24.133333333333333,6.0,10.4,0.571,1.5,6.0,0.25,0.0,0.0,0.0,4.5,9.0,13.4,6.0,0.0,1.5,3.0,0.0,1.5,0.0,13.4,28.3,51.9,0,0,43.3,1,1,13086,1,12774,11607,16315,6538,12068,10762,11902,13505,14344,13505,2954,3564,2526,5560,16469,8446,1723,8846,17255,17725,14589,2205,2721,2246,150,5017,1,24:08
2024-25,1628960,Grayson Allen,Grayson,1610612756,PHX,Phoenix Suns,0022400547,2025-01-12T00:00:00,PHX vs. CHA,W,13.391666666666667,10.8,18.8,0.571,8.1,16.1,0.5,5.4,5.4,1.0,0.0,2.7,2.7,0.0,0.0,5.4,0.0,0.0,0.0,5.4,34.9,18.8,54.3,0,0,56.5,1,1,13086,1,20546,2452,3914,6538,444,511,3944,3554,5344,1,14058,17733,20478,19908,16469,693,8263,8846,20257,3513,969,4309,2140,2246,150,1237,1,13:24
2024-25,1626166,Cameron Payne,Cameron,1610612752,NYK,New York Knicks,0022400539,2025-01-12T00:00:00,NYK vs. MIL,W,14.366666666666667,15.0,25.1,0.6,10.0,17.5,0.571,5.0,5.0,1.0,0.0,5.0,5.0,5.0,0.0,0.0,0.0,0.0,5.0,2.5,45.1,45.1,58.6,0,0,65.2,1,1,13086,1,19961,490,811,5394,209,378,3506,4022,5899,1,14058,10852,14766,7445,16469,12854,8263,8846,4577,10970,251,700,1388,2246,150,473,1,14:22
2024-25,1630598,Aaron Wiggins,Aaron,1610612760,OKC,Oklahoma City Thunder,0022400545,2025-01-12T00:00:00,OKC @ WAS,W,30.466666666666665,8.3,13.0,0.636,2.4,4.7,0.5,8.3,9.5,0.875,3.5,7.1,10.6,4.7,1.2,1.2,1.2,1.2,4.7,4.7,27.2,31.9,52.9,0,0,49.6,1,1,13086,1,7345,6037,11858,4689,8622,13895,3944,1290,1631,6931,4305,6199,4779,8112,14571,10335,6293,6393,5219,4664,3122,1745,2467,2246,150,2630,1,30:28
2024-25,1641748,Andre Jackson Jr.,Andre,1610612749,MIL,Milwaukee Bucks,0022400539,2025-01-12T00:00:00,MIL @ NYK,L,10.583333333333334,13.6,17.0,0.8,3.4,3.4,1.0,0.0,0.0,0.0,10.2,0.0,10.2,0.0,0.0,0.0,3.4,0.0,10.2,0.0,30.6,-64.6,53.1,0,0,51.0,1,13222,1,13222,21879,826,5803,1688,5375,16862,1,13505,14344,13505,374,22137,5227,19908,16469,12854,1308,8846,663,17725,1886,25790,2431,2246,150,2267,1,10:35
2024-25,1629651,Nic Claxton,Nic,1610612751,BKN,Brooklyn Nets,0022400546,2025-01-12T00:00:00,BKN @ UTA,L,36.93333333333333,4.9,11.7,0.417,0.0,0.0,0.0,3.9,7.8,0.5,4.9,6.8,11.7,3.9,0.0,0.0,1.0,0.0,0.0,6.8,13.6,3.9,36.5,1,0,31.2,1,13222,1,13222,2028,14733,14121,14532,15070,20945,15070,5878,2667,10625,2482,6674,3759,10227,16469,12854,7655,8846,20257,1796,14328,10701,10055,1,150,13005,1,36:56
2024-25,1641763,Julian Phillips,Julian,1610612741,CHI,Chicago Bulls,0022400541,2025-01-12T00:00:00,CHI vs. SAC,L,13.116666666666667,5.5,8.2,0.667,0.0,0.0,0.0,0.0,0.0,0.0,2.7,0.0,2.7,0.0,0.0,0.0,0.0,2.7,0.0,0.0,11.0,-22.0,14.3,0,0,13.7,1,13222,1,13222,20687,13009,19895,3281,15070,20945,15070,13505,14344,13505,5992,22137,20365,19908,16469,12854,8263,1676,20257,17725,17197,22059,23409,2246,150,23492,1,13:07
2024-25,1630173,Precious Achiuwa,Precious,1610612752,NYK,New York Knicks,0022400539,2025-01-12T00:00:00,NYK vs. MIL,W,14.896666666666667,4.8,4.8,1.0,0.0,0.0,0.0,0.0,0.0,0.0,0.0,7.2,7.2,2.4,0.0,4.8,0.0,0.0,7.2,0.0,9.7,19.3,36.5,0,0,29.0,1,1,13086,1,19642,14850,23579,1,15070,20945,15070,13505,14344,13505,14058,5906,9653,14825,16469,999,8263,8846,1800,17725,18475,4164,10038,2246,150,14705,1,14:54
2024-25,1629655,Daniel Gafford,Daniel,1610612742,DAL,Dallas Mavericks,0022400540,2025-01-12T00:00:00,DAL vs. DEN,L,14.936666666666667,4.8,16.9,0.286,0.0,0.0,0.0,9.6,14.5,0.667,2.4,4.8,7.2,0.0,0.0,0.0,2.4,2.4,7.2,9.6,19.3,-16.9,35.2,0,0,31.3,1,13222,1,13222,19613,14890,5957,19630,15070,20945,15070,796,395,9425,6887,11375,9685,19908,16469,12854,2535,2196,1814,488,8568,20569,10939,2246,150,12906,1,14:56
2024-25,1628370,Malik Monk,Malik,1610612758,SAC,Sacramento Kings,0022400541,2025-01-12T00:00:00,SAC @ CHI,W,37.11666666666667,6.8,16.5,0.412,1.0,6.8,0.143,2.9,2.9,1.0,1.0,6.8,7.8,8.7,1.9,1.9,0.0,0.0,1.9,1.9,17.5,-3.9,43.7,0,0,38.8,1,1,13086,1,1911,9444,6434,14791,14706,8921,14649,8062,10206,1,13495,6722,8701,2246,10855,6564,8263,8846,15463,13366,10370,14996,5791,2246,150,7519,1,37:07
2024-25,203915,Spencer Dinwiddie,Spencer,1610612742,DAL,Dallas Mavericks,0022400540,2025-01-12T00:00:00,DAL vs. DEN,L,39.233333333333334,3.7,11.9,0.308,0.0,2.8,0.0,7.3,9.2,0.8,0.9,2.8,3.7,9.2,1.8,0.9,0.0,0.0,2.8,5.5,14.7,-15.6,33.8,1,0,29.4,1,13222,1,13222,800,17913,13715,19226,15070,18157,15070,1775,1781,7681,13834,17553,18156,1883,11388,12581,8263,8846,11829,3333,13211,20122,11998,1,150,14443,1,39:14
2024-25,202704,Reggie Jackson,Reggie,1610612755,PHI,Philadelphia 76ers,0022400544,2025-01-12T00:00:00,PHI @ ORL,L,11.433333333333334,3.1,6.3,0.5,0.0,0.0,0.0,6.3,6.3,1.0,0.0,0.0,0.0,3.1,3.1,3.1,0.0,0.0,0.0,3.1,12.6,-22.0,23.6,0,0,22.0,1,13222,1,13222,21515,19104,22322,8526,15070,20945,15070,2596,4133,1,14058,22137,23286,12480,5988,2837,8263,8846,20257,8739,15501,22072,19192,2246,150,19659,1,11:26
2024-25,1641731,Bilal Coulibaly,Bilal,1610612764,WAS,Washington Wizards,0022400545,2025-01-12T00:00:00,WAS vs. OKC,L,28.92,3.7,14.9,0.25,1.2,8.7,0.143,3.7,5.0,0.75,1.2,5.0,6.2,1.2,2.5,2.5,2.5,0.0,1.2,2.5,12.4,-22.4,34.2,0,0,31.1,1,13222,1,13222,8739,17742,8702,20233,13129,5247,14649,6214,5966,8186,11511,10938,11774,18863,8295,4414,2405,8846,18305,11032,15656,22194,11629,2246,150,13061,1,28:55
2024-25,1627777,Georges Niang,Georges,1610612739,CLE,Cleveland Cavaliers,0022400543,2025-01-12T00:00:00,CLE vs. IND,L,19.573333333333334,5.5,11.0,0.5,1.8,7.4,0.25,0.0,0.0,0.0,0.0,0.0,0.0,0.0,3.7,1.8,1.8,0.0,3.7,1.8,12.9,-22.1,20.2,0,0,22.1,1,13222,1,13222,16357,12944,15308,8526,10930,7711,11902,13505,14344,13505,14058,22137,23286,19908,4607,7083,3959,8846,8176,13781,15220,22080,21046,2246,150,19637,1,19:34
2024-25,1629026,Kenrich Williams,Kenrich,1610612760,OKC,Oklahoma City Thunder,0022400545,2025-01-12T00:00:00,OKC @ WAS,W,21.933333333333334,6.6,14.8,0.444,3.3,6.6,0.5,0.0,0.0,0.0,0.0,6.6,6.6,1.6,4.9,1.6,0.0,0.0,4.9,1.6,16.4,41.0,26.8,0,0,31.2,1,1,13086,1,14543,10026,8949,13045,5726,9398,3944,13505,14344,13505,14058,7175,11030,17534,2432,7846,8263,8846,4789,14487,11486,905,17115,2246,150,13015,1,21:56
2024-25,201142,Kevin Durant,Kevin,1610612756,PHX,Phoenix Suns,0022400547,2025-01-12T00:00:00,PHX vs. CHA,W,40.175,9.9,21.5,0.458,1.8,8.1,0.222,2.7,2.7,1.0,0.0,7.2,7.2,4.5,0.9,0.9,0.0,0.0,4.5,3.6,24.2,7.2,41.3,0,0,39.4,1,1,13086,1,524,3394,2025,12650,11104,6343,13288,8603,10779,1,14058,6063,9817,8705,16355,12683,8263,8846,5825,7441,4683,9060,6984,2246,150,7117,1,40:11
2024-25,203114,Khris Middleton,Khris,1610612749,MIL,Milwaukee Bucks,0022400539,2025-01-12T00:00:00,MIL @ NYK,L,24.6,10.2,13.2,0.778,2.9,5.9,0.5,0.0,0.0,0.0,0.0,0.0,0.0,7.3,2.9,2.9,0.0,0.0,4.4,1.5,23.4,1.5,40.2,0,0,39.5,1,13222,1,13222,12377,2972,11539,1994,6766,11060,3944,13505,14344,13505,14058,22137,23286,3603,6734,3327,8263,8846,6044,15164,5190,11886,7604,2246,150,7062,1,24:36
2024-25,201569,Eric Gordon,Eric,1610612755,PHI,Philadelphia 76ers,0022400544,2025-01-12T00:00:00,PHI @ ORL,L,28.25,5.1,7.6,0.667,3.8,3.8,1.0,3.8,3.8,1.0,1.3,3.8,5.1,0.0,1.3,1.3,1.3,2.5,5.1,2.5,17.8,-7.6,30.3,0,0,31.9,1,13222,1,13222,9340,14103,20720,3281,4374,15945,1,6033,8194,1,11332,14253,14528,19908,13940,9614,5768,1954,4381,10806,9989,16807,14554,2246,150,12485,1,28:15
2024-25,1626171,Bobby Portis,Bobby,1610612749,MIL,Milwaukee Bucks,0022400539,2025-01-12T00:00:00,MIL @ NYK,L,18.966666666666665,7.6,13.3,0.571,0.0,1.9,0.0,0.0,0.0,0.0,1.9,5.7,7.6,0.0,0.0,0.0,0.0,0.0,3.8,1.9,15.2,-36.1,24.3,0,0,22.8,1,13222,1,13222,16851,7532,11324,6538,15070,19743,15070,13505,14344,13505,8821,9059,8983,19908,16469,12854,8263,8846,7750,13520,12724,24531,18751,2246,150,19152,1,18:58
2024-25,1629673,Jordan Poole,Jordan,1610612764,WAS,Washington Wizards,0022400545,2025-01-12T00:00:00,WAS vs. OKC,L,23.25,4.6,15.5,0.3,0.0,9.3,0.0,10.8,10.8,1.0,0.0,4.6,4.6,6.2,9.3,0.0,0.0,0.0,4.6,9.3,20.1,-17.0,25.7,0,0,31.0,1,13222,1,13222,13513,15377,7844,19363,15070,4391,15070,509,1076,1,14058,11868,15714,5171,392,12854,8263,8846,5424,574,7814,20633,17817,2246,150,13191,1,23:15
2024-25,1630188,Jalen Smith,Jalen,1610612741,CHI,Chicago Bulls,0022400541,2025-01-12T00:00:00,CHI vs. SAC,L,14.883333333333333,7.3,19.4,0.375,2.4,9.7,0.25,4.8,7.3,0.667,2.4,9.7,12.1,2.4,0.0,0.0,0.0,0.0,4.8,4.8,21.8,-16.9,39.9,0,0,38.7,1,13222,1,13222,19645,8323,3461,16299,8417,3886,11902,4281,3127,9425,6865,2845,3421,14812,16469,12854,8263,8846,4974,4419,6406,20590,7816,2246,150,7588,1,14:53
2024-25,1628404,Josh Hart,Josh,1610612752,NYK,New York Knicks,0022400539,2025-01-12T00:00:00,NYK vs. MIL,W,35.35,5.1,5.1,1.0,1.0,1.0,1.0,0.0,0.0,0.0,2.0,9.2,11.2,4.1,3.1,1.0,0.0,0.0,4.1,0.0,11.2,24.4,30.8,1,0,29.5,1,1,13086,1,3191,14118,23394,1,14430,20843,1,13505,14344,13505,8220,3343,4236,9732,6269,11775,8263,8846,6930,17725,16995,2938,14235,1,150,14303,1,35:21
2024-25,1642281,Jaylon Tyson,Jaylon,1610612739,CLE,Cleveland Cavaliers,0022400543,2025-01-12T00:00:00,CLE vs. IND,L,2.7333333333333334,0.0,13.2,0.0,0.0,0.0,0.0,0.0,0.0,0.0,0.0,0.0,0.0,13.2,0.0,0.0,0.0,13.2,0.0,0.0,0.0,26.3,19.8,0,0,13.2,1,13222,1,13222,25094,22635,11539,22635,15070,20945,15070,13505,14344,13505,14058,22137,23286,498,16469,12854,8263,37,20257,17725,23200,2543,21283,2246,150,23659,1,2:44
2024-25,1642346,Ryan Dunn,Ryan,1610612756,PHX,Phoenix Suns,0022400547,2025-01-12T00:00:00,PHX vs. CHA,W,27.386666666666667,5.3,6.6,0.8,3.9,5.3,0.75,0.0,0.0,0.0,3.9,3.9,7.9,2.6,0.0,1.3,0.0,0.0,2.6,1.3,14.5,-22.3,31.8,0,0,31.5,1,1,13086,1,10027,13647,22040,1688,4108,12571,1542,13505,14344,13505,3665,13902,8485,14124,16469,9387,8263,8846,12330,15845,13450,22178,13471,2246,150,12739,1,27:23
2024-25,1629622,Max Strus,Max,1610612739,CLE,Cleveland Cavaliers,0022400543,2025-01-12T00:00:00,CLE vs. IND,L,22.95,1.6,9.4,0.167,1.6,7.8,0.2,0.0,0.0,0.0,0.0,6.3,6.3,1.6,3.1,0.0,0.0,1.6,3.1,1.6,4.7,-36.1,11.5,0,0,14.1,1,13222,1,13222,13753,22080,18093,21938,11795,6733,13429,13505,14344,13505,14058,7745,11663,17742,6025,12854,8263,4529,10142,14731,22184,24533,24139,2246,150,23391,1,22:57
2024-25,1627759,Jaylen Brown,Jaylen,1610612738,BOS,Boston Celtics,0022400542,2025-01-12T00:00:00,BOS vs. NOP,W,38.6,5.6,13.1,0.429,0.0,1.9,0.0,3.7,3.7,1.0,1.9,5.6,7.5,6.5,3.7,0.0,0.0,0.9,2.8,4.7,14.9,0.0,29.9,0,0,28.9,1,1,13086,1,1058,12714,11762,13735,15070,19802,15070,6218,8410,1,8964,9304,9247,4665,4479,12854,8263,8472,11656,4799,12996,12240,14845,2246,150,14774,1,38:36
2024-25,1641767,Ben Sheppard,Ben,1610612754,IND,Indiana Pacers,0022400543,2025-01-12T00:00:00,IND @ CLE,W,22.24,3.2,6.5,0.5,1.6,3.2,0.5,0.0,0.0,0.0,0.0,3.2,3.2,4.9,1.6,3.2,0.0,0.0,6.5,1.6,8.1,17.8,27.4,0,0,24.3,1,1,13086,1,14324,18920,22138,8526,11628,17201,3944,13505,14344,13505,14058,15974,19137,7785,12259,2669,8263,8846,2419,14567,19836,4620,16691,2246,150,18149,1,22:14
2024-25,201942,DeMar DeRozan,DeMar,1610612758,SAC,Sacramento Kings,0022400541,2025-01-12T00:00:00,SAC @ CHI,W,37.013333333333335,8.8,19.5,0.45,1.0,2.9,0.333,1.9,1.9,1.0,0.0,0.0,0.0,2.9,1.0,0.0,0.0,1.0,1.9,2.9,20.4,5.8,23.8,0,0,24.3,1,1,13086,1,1982,5173,3383,12982,14692,17825,9209,10821,12872,1,14058,22137,23286,13215,16006,12854,8263,8170,15435,9535,7564,9688,19075,2246,150,18127,1,37:01
2024-25,1641824,Matas Buzelis,Matas,1610612741,CHI,Chicago Bulls,0022400541,2025-01-12T00:00:00,CHI vs. SAC,L,12.833333333333334,5.6,5.6,1.0,2.8,2.8,1.0,0.0,0.0,0.0,2.8,2.8,5.6,0.0,0.0,0.0,0.0,0.0,5.6,0.0,14.0,-8.4,20.8,0,0,22.4,1,13222,1,13222,20823,12673,22986,1,7194,18049,1,13505,14344,13505,5847,17385,13258,19908,16469,12854,8263,8846,3530,17725,13906,17146,20812,2246,150,19395,1,12:50
2024-25,1629234,Drew Eubanks,Drew,1610612762,UTA,Utah Jazz,0022400546,2025-01-12T00:00:00,UTA vs. BKN,W,31.15,4.6,5.8,0.8,0.0,0.0,0.0,0.0,2.3,0.0,0.0,10.4,10.4,2.3,1.2,0.0,3.5,0.0,4.6,2.3,9.2,1.2,34.4,0,0,28.9,1,1,13086,1,6744,15430,22832,1688,15070,20945,15070,13505,11747,13505,14058,2285,5008,15193,14755,12854,1255,8846,5484,11701,18866,12044,11482,2246,150,14788,1,31:09
2024-25,1641710,Anthony Black,Anthony,1610612753,ORL,Orlando Magic,0022400544,2025-01-12T00:00:00,ORL vs. PHI,W,37.43333333333333,6.7,17.3,0.389,0.0,1.9,0.0,2.9,5.8,0.5,1.0,4.8,5.8,5.8,2.9,1.9,0.0,1.9,1.9,5.8,16.3,1.0,34.8,0,0,31.7,1,1,13086,1,1716,9618,5443,16009,15070,19698,15070,8130,4787,10625,13561,11408,12838,5909,6899,6653,8263,3466,15556,2943,11554,12183,11185,2246,150,12595,1,37:26
2024-25,1630695,Micah Potter,Micah,1610612762,UTA,Utah Jazz,0022400546,2025-01-12T00:00:00,UTA vs. BKN,W,20.35,1.8,7.1,0.25,1.8,7.1,0.25,3.5,3.5,1.0,0.0,8.8,8.8,0.0,0.0,0.0,1.8,0.0,7.1,3.5,8.8,-19.5,24.8,0,0,23.0,1,1,13086,1,15748,21801,21469,20233,11192,8304,11902,6622,8813,1,14058,3669,6952,19908,16469,12854,4127,8846,1920,7568,19229,21387,18441,2246,150,19026,1,20:21
2024-25,1629659,Talen Horton-Tucker,Talen,1610612741,CHI,Chicago Bulls,0022400541,2025-01-12T00:00:00,CHI vs. SAC,L,17.383333333333333,6.2,16.6,0.375,6.2,8.3,0.75,2.1,4.1,0.5,0.0,4.1,4.1,0.0,0.0,0.0,0.0,2.1,2.1,2.1,20.7,-24.9,25.7,0,0,31.1,1,13222,1,13222,18012,10936,6343,16299,1156,5940,1542,10396,7542,10625,14058,13295,16964,19908,16469,12854,8263,3002,14747,12758,7309,22775,17830,2246,150,13107,1,17:23
2024-25,1630699,MarJon Beauchamp,MarJon,1610612749,MIL,Milwaukee Bucks,0022400539,2025-01-12T00:00:00,MIL @ NYK,L,11.316666666666666,6.4,15.9,0.4,3.2,6.4,0.5,0.0,0.0,0.0,3.2,3.2,6.4,0.0,0.0,3.2,0.0,3.2,0.0,3.2,15.9,-25.4,33.1,0,0,31.8,1,13222,1,13222,21578,10533,7252,14933,6004,9841,3944,13505,14344,13505,4978,16154,11480,19908,16469,2782,8263,1165,20257,8622,12018,22908,12529,2246,150,12528,1,11:19
2024-25,1630171,Isaac Okoro,Isaac,1610612739,CLE,Cleveland Cavaliers,0022400543,2025-01-12T00:00:00,CLE vs. IND,L,18.15,2.0,9.9,0.2,0.0,4.0,0.0,2.0,4.0,0.5,0.0,0.0,0.0,4.0,0.0,0.0,2.0,2.0,4.0,4.0,6.0,-6.0,17.9,0,0,13.9,1,13222,1,13222,17469,21438,17208,21401,15070,15651,15070,10705,7904,10625,14058,22137,23286,10015,16469,12854,3525,3278,7227,6408,21431,16036,22163,2246,150,23452,1,18:09
2024-25,1630169,Tyrese Haliburton,Tyrese,1610612754,IND,Indiana Pacers,0022400543,2025-01-12T00:00:00,IND @ CLE,W,18.5,1.9,9.7,0.2,0.0,3.9,0.0,0.0,0.0,0.0,0.0,1.9,1.9,9.7,1.9,1.9,1.9,0.0,0.0,0.0,3.9,-27.2,30.6,0,0,23.4,1,1,13086,1,17195,21504,17510,21401,15070,15813,15070,13505,14344,13505,14058,19841,21917,1571,10811,6528,3638,8846,20257,17725,22604,23284,14390,2246,150,18766,1,18:30
2024-25,1630182,Josh Green,Josh,1610612766,CHA,Charlotte Hornets,0022400547,2025-01-12T00:00:00,CHA @ PHX,L,30.22,1.2,4.8,0.25,0.0,3.6,0.0,0.0,0.0,0.0,2.4,6.0,8.3,0.0,1.2,3.6,0.0,0.0,2.4,2.4,2.4,6.0,21.9,0,0,17.9,1,13222,1,13222,7572,22504,23632,20233,15070,16505,15070,13505,14344,13505,6976,8434,7711,19908,14509,2131,8263,8846,13302,11422,23100,9639,20197,2246,150,21925,1,30:13
2024-25,1630551,Justin Champagnie,Justin,1610612764,WAS,Washington Wizards,0022400545,2025-01-12T00:00:00,WAS vs. OKC,L,13.238333333333333,2.7,13.6,0.2,0.0,5.4,0.0,0.0,0.0,0.0,2.7,2.7,5.4,2.7,0.0,2.7,0.0,2.7,0.0,0.0,5.4,-16.3,24.2,0,0,19.0,1,13222,1,13222,20636,20044,10840,21401,15070,12113,15070,13505,14344,13505,6048,17639,13702,13849,16469,3863,8263,1714,20257,17725,21769,20386,18812,2246,150,21378,1,13:14
2024-25,1641737,Adem Bona,Adem,1610612755,PHI,Philadelphia 76ers,0022400544,2025-01-12T00:00:00,PHI @ ORL,L,15.05,0.0,0.0,0.0,0.0,0.0,0.0,0.0,0.0,0.0,0.0,0.0,0.0,0.0,2.4,2.4,2.4,0.0,2.4,0.0,0.0,9.6,12.0,0,0,9.6,1,13222,1,13222,19524,22635,24836,22635,15070,20945,15070,13505,14344,13505,14058,22137,23286,19908,8693,4721,2571,8846,13253,17725,23200,7911,24015,2246,150,24514,1,15:03
2024-25,1642269,Devin Carter,Devin,1610612758,SAC,Sacramento Kings,0022400541,2025-01-12T00:00:00,SAC @ CHI,W,10.883333333333333,0.0,3.3,0.0,0.0,0.0,0.0,6.6,6.6,1.0,3.3,6.6,9.9,6.6,0.0,0.0,0.0,0.0,3.3,6.6,6.6,29.8,28.4,0,0,23.2,1,1,13086,1,21760,22635,24389,22635,15070,20945,15070,2304,3748,1,4734,7065,5526,4550,16469,12854,8263,8846,9425,1969,20979,1998,15909,2246,150,18888,1,10:53
2024-25,1631128,Christian Braun,Christian,1610612743,DEN,Denver Nuggets,0022400540,2025-01-12T00:00:00,DEN @ DAL,W,24.223333333333333,5.9,13.4,0.444,0.0,5.9,0.0,0.0,0.0,0.0,4.5,1.5,5.9,0.0,1.5,0.0,0.0,1.5,3.0,0.0,11.9,-28.2,17.5,0,0,17.8,1,1,13086,1,12711,11671,11181,13045,15070,10827,15070,13505,14344,13505,2971,20900,12421,19908,12813,12854,8263,4827,10841,17725,16251,23480,22285,2246,150,21940,1,24:13
2024-25,1630288,Jeff Dowtin Jr.,Jeff,1610612755,PHI,Philadelphia 76ers,0022400544,2025-01-12T00:00:00,PHI @ ORL,L,5.2,0.0,6.9,0.0,0.0,0.0,0.0,0.0,0.0,0.0,0.0,6.9,6.9,0.0,0.0,0.0,0.0,0.0,0.0,0.0,0.0,-20.8,8.3,0,0,6.9,1,13222,1,13222,23910,22635,21640,22635,15070,20945,15070,13505,14344,13505,14058,6497,10283,19908,16469,12854,8263,8846,20257,17725,23200,21770,24660,2246,150,24899,1,5:12
2024-25,1628976,Wendell Carter Jr.,Wendell,1610612753,ORL,Orlando Magic,0022400544,2025-01-12T00:00:00,ORL vs. PHI,W,24.65,1.5,5.8,0.25,0.0,4.4,0.0,2.9,4.4,0.667,0.0,5.8,5.8,1.5,2.9,1.5,1.5,0.0,5.8,5.8,5.8,-8.8,20.9,0,0,19.0,1,1,13086,1,12326,22220,22772,20233,15070,14725,15070,8033,7062,9425,14058,8689,12667,18133,6761,8576,4995,8846,3154,2830,21498,17312,20752,2246,150,21399,1,24:39
2024-25,1641722,Jordan Hawkins,Jordan,1610612740,NOP,New Orleans Pelicans,0022400542,2025-01-12T00:00:00,NOP @ BOS,L,12.838333333333333,2.8,5.6,0.5,0.0,2.8,0.0,0.0,0.0,0.0,0.0,2.8,2.8,0.0,0.0,0.0,0.0,0.0,2.8,0.0,5.6,-28.0,9.0,0,0,8.4,1,13222,1,13222,20822,19872,22992,8526,15070,18056,15070,13505,14344,13505,14058,17388,20248,19908,16469,12854,8263,8846,11631,17725,21661,23436,24571,2246,150,24699,1,12:50
2024-25,1641730,Noah Clowney,Noah,1610612751,BKN,Brooklyn Nets,0022400546,2025-01-12T00:00:00,BKN @ UTA,L,32.333333333333336,0.0,11.1,0.0,0.0,7.8,0.0,0.0,1.1,0.0,2.2,3.3,5.6,1.1,0.0,0.0,0.0,1.1,2.2,2.2,0.0,1.1,8.4,0,0,6.7,1,13222,1,13222,5701,22635,15133,22635,15070,6808,15070,13505,14023,13505,7504,15667,13367,19311,16469,12854,8263,6938,13976,12042,23200,12073,24652,2246,150,24929,1,32:20
2024-25,1642274,Yves Missi,Yves,1610612740,NOP,New Orleans Pelicans,0022400542,2025-01-12T00:00:00,NOP @ BOS,L,25.833333333333332,2.8,5.6,0.5,0.0,0.0,0.0,4.2,5.6,0.75,1.4,4.2,5.6,5.6,2.8,0.0,1.4,2.8,2.8,2.8,9.8,9.8,26.2,0,0,23.7,1,13222,1,13222,11308,19905,23024,8526,15070,20945,15070,5374,5079,8186,10771,13163,13348,6302,7264,12854,5253,1611,11692,10006,18390,7817,17478,2246,150,18545,1,25:50
2024-25,1630540,Miles McBride,Miles,1610612752,NYK,New York Knicks,0022400539,2025-01-12T00:00:00,NYK vs. MIL,W,19.666666666666668,3.7,12.8,0.286,3.7,11.0,0.333,0.0,0.0,0.0,0.0,0.0,0.0,3.7,0.0,0.0,0.0,0.0,1.8,0.0,11.0,12.8,16.5,0,0,18.3,1,1,13086,1,16285,17938,12180,19630,4777,2505,9209,13505,14344,13505,14058,22137,23286,10901,16469,12854,8263,8846,16031,17725,17190,6468,22678,2246,150,21721,1,19:40
2024-25,1641857,Liam Robbins,Liam,1610612749,MIL,Milwaukee Bucks,0022400539,2025-01-12T00:00:00,MIL @ NYK,L,6.166666666666667,0.0,5.8,0.0,0.0,5.8,0.0,0.0,0.0,0.0,5.8,0.0,5.8,0.0,5.8,0.0,0.0,0.0,5.8,0.0,0.0,-35.0,1.2,0,0,5.8,1,13222,1,13222,23530,22635,22774,22635,15070,11108,15070,13505,14344,13505,1719,22137,12673,19908,1516,12854,8263,8846,3159,17725,23200,24409,25197,2246,150,25022,1,6:10
2024-25,1628969,Mikal Bridges,Mikal,1610612752,NYK,New York Knicks,0022400539,2025-01-12T00:00:00,NYK vs. MIL,W,37.3,1.9,4.8,0.4,1.0,3.9,0.25,1.0,1.9,0.5,1.0,1.0,1.9,5.8,1.0,0.0,1.9,0.0,1.0,1.0,5.8,16.4,21.6,0,0,18.3,1,1,13086,1,1795,21536,23584,14933,14726,15877,11902,13336,12906,10625,13534,22030,21946,5870,16058,12854,3675,8846,19878,17503,21530,5107,20352,2246,150,21694,1,37:18
2024-25,1629023,P.J. Washington,P.J.,1610612742,DAL,Dallas Mavericks,0022400540,2025-01-12T00:00:00,DAL vs. DEN,L,37.416666666666664,2.9,8.7,0.333,0.0,1.9,0.0,1.9,3.8,0.5,0.0,4.8,4.8,1.9,0.0,1.0,1.0,1.0,1.0,2.9,7.7,1.9,22.1,0,0,18.3,1,13222,1,13222,1729,19691,19260,17395,15070,19696,15070,10880,8139,10625,14058,11394,15266,16665,16469,12263,7737,8249,19901,9634,20166,11666,20062,2246,150,21728,1,37:25
2024-25,1631097,Bennedict Mathurin,Bennedict,1610612754,IND,Indiana Pacers,0022400543,2025-01-12T00:00:00,IND @ CLE,W,33.126666666666665,5.4,16.3,0.333,2.2,7.6,0.286,0.0,2.2,0.0,0.0,3.3,3.3,3.3,1.1,0.0,1.1,1.1,3.3,4.3,13.0,15.2,24.0,0,0,23.9,1,1,13086,1,5051,13184,6691,17395,9344,7158,11433,13505,12171,13505,14058,15908,19084,12116,15225,12854,6882,7174,9617,5473,15047,5535,18930,2246,150,18395,1,33:08
2024-25,203468,CJ McCollum,CJ,1610612740,NOP,New Orleans Pelicans,0022400542,2025-01-12T00:00:00,NOP @ BOS,L,37.916666666666664,4.7,14.2,0.333,0.9,5.7,0.167,1.9,2.8,0.667,0.9,2.8,3.8,4.7,0.9,0.0,0.9,0.9,3.8,2.8,12.3,10.4,25.9,0,0,23.7,1,13222,1,13222,1431,15116,9769,17395,14792,11455,14236,10954,10365,9425,13653,17246,17824,8057,16152,12854,7833,8347,7744,9782,15764,7493,17665,2246,150,18500,1,37:55
2024-25,1631131,Oscar Tshiebwe,Oscar,1610612762,UTA,Utah Jazz,0022400546,2025-01-12T00:00:00,UTA vs. BKN,W,18.066666666666666,2.0,2.0,1.0,0.0,0.0,0.0,2.0,4.0,0.5,2.0,8.0,10.0,0.0,0.0,4.0,0.0,0.0,12.0,2.0,6.0,8.0,29.9,0,0,23.9,1,1,13086,1,17524,21424,24761,1,15070,20945,15070,10671,7865,10625,8417,4738,5470,19908,16469,1649,8263,8846,429,13114,21418,8645,14886,2246,150,18387,1,18:04
2024-25,1628401,Derrick White,Derrick,1610612738,BOS,Boston Celtics,0022400542,2025-01-12T00:00:00,BOS vs. NOP,W,30.3,1.2,7.1,0.167,0.0,5.9,0.0,4.8,4.8,1.0,2.4,2.4,4.8,2.4,2.4,3.6,1.2,0.0,3.6,2.4,7.1,-1.2,28.3,0,0,23.8,1,1,13086,1,7493,22507,21403,21938,15070,10838,15070,4427,6392,1,6997,18557,15435,14959,8743,2148,6251,8846,8547,11443,20611,13670,16015,2246,150,18485,1,30:18
2024-25,201572,Brook Lopez,Brook,1610612749,MIL,Milwaukee Bucks,0022400539,2025-01-12T00:00:00,MIL @ NYK,L,23.2,3.1,10.9,0.286,1.6,7.8,0.2,0.0,0.0,0.0,0.0,1.6,1.6,4.7,0.0,0.0,1.6,0.0,0.0,0.0,7.8,-34.1,21.3,0,0,18.6,1,13222,1,13222,13550,19194,15586,19630,11857,6883,13429,13505,14344,13505,14058,20769,22501,8288,16469,12854,4703,8846,20257,17725,20119,24322,20563,2246,150,21571,1,23:12
2024-25,1642345,Oso Ighodaro,Oso,1610612756,PHX,Phoenix Suns,0022400547,2025-01-12T00:00:00,PHX vs. CHA,W,30.21,3.6,3.6,1.0,0.0,0.0,0.0,4.8,7.1,0.667,3.6,3.6,7.1,2.4,1.2,0.0,1.2,0.0,2.4,4.8,11.9,22.6,26.5,0,0,23.8,1,1,13086,1,7583,18143,24281,1,15070,20945,15070,4401,3223,9425,4258,15015,9856,14935,14505,12854,6227,8846,13296,4578,16226,3335,17317,2246,150,18446,1,30:13
2024-25,1630243,Trevelin Queen,Trevelin,1610612753,ORL,Orlando Magic,0022400544,2025-01-12T00:00:00,ORL vs. PHI,W,30.866666666666667,2.3,5.8,0.4,0.0,3.5,0.0,0.0,0.0,0.0,3.5,2.3,5.8,3.5,0.0,0.0,2.3,0.0,1.2,2.3,4.7,10.5,23.9,0,0,18.7,1,1,13086,1,6979,20792,22782,14933,15070,16655,15070,13505,14344,13505,4379,18668,12700,11391,16469,12854,2681,8846,18734,11623,22203,7469,19013,2246,150,21548,1,30:52
2024-25,1630592,Jalen Wilson,Jalen,1610612751,BKN,Brooklyn Nets,0022400546,2025-01-12T00:00:00,BKN @ UTA,L,24.15,3.0,10.4,0.286,1.5,7.5,0.2,3.0,3.0,1.0,0.0,4.5,4.5,1.5,1.5,1.5,1.5,0.0,1.5,4.5,10.4,-10.4,25.5,0,0,23.9,1,13222,1,13222,12762,19470,16325,19630,12074,7494,13429,7869,10023,1,14058,12328,16115,18014,12789,8451,4889,8846,17260,5203,17721,18077,17944,2246,150,18434,1,24:09
2024-25,1630527,Brandon Boston,Brandon,1610612740,NOP,New Orleans Pelicans,0022400542,2025-01-12T00:00:00,NOP @ BOS,L,7.8,0.0,0.0,0.0,0.0,0.0,0.0,0.0,0.0,0.0,0.0,4.6,4.6,0.0,0.0,0.0,0.0,0.0,0.0,0.0,0.0,-36.9,5.5,0,0,4.6,1,13222,1,13222,22891,22635,24836,22635,15070,20945,15070,13505,14344,13505,14058,11943,15782,19908,16469,12854,8263,8846,20257,17725,23200,24611,24959,2246,150,25139,1,7:48
2024-25,1630557,Corey Kispert,Corey,1610612764,WAS,Washington Wizards,0022400545,2025-01-12T00:00:00,WAS vs. OKC,L,23.575,9.2,13.7,0.667,4.6,7.6,0.6,3.1,3.1,1.0,0.0,0.0,0.0,0.0,0.0,0.0,1.5,1.5,3.1,1.5,26.0,-32.1,30.5,0,0,33.6,1,13222,1,13222,13252,4417,10580,3281,2922,7114,2992,7662,9836,1,14058,22137,23286,19908,16469,12854,4757,4669,10470,14892,3705,24042,14401,2246,150,11165,1,23:35
2024-25,1642278,Tyler Kolek,Tyler,1610612752,NYK,New York Knicks,0022400539,2025-01-12T00:00:00,NYK vs. MIL,W,3.183333333333333,0.0,0.0,0.0,0.0,0.0,0.0,0.0,0.0,0.0,0.0,11.3,11.3,22.6,0.0,0.0,0.0,0.0,0.0,0.0,0.0,56.5,47.5,0,0,33.9,1,1,13086,1,24904,22635,24836,22635,15070,20945,15070,13505,14344,13505,14058,1739,4123,56,16469,12854,8263,8846,20257,17725,23200,412,4140,2246,150,10905,1,3:11
2024-25,203507,Giannis Antetokounmpo,Giannis,1610612749,MIL,Milwaukee Bucks,0022400539,2025-01-12T00:00:00,MIL @ NYK,L,30.933333333333334,11.6,24.4,0.476,0.0,1.2,0.0,4.7,11.6,0.4,8.1,7.0,15.1,2.3,4.7,0.0,1.2,1.2,3.5,8.1,27.9,-23.3,48.4,1,0,47.7,1,13222,1,13222,6932,1775,941,12010,15070,20667,15070,4586,857,13061,733,6389,1712,15128,2776,12854,6398,6526,8776,943,2818,22403,3843,1,150,3249,1,30:56
2024-25,203932,Aaron Gordon,Aaron,1610612743,DEN,Denver Nuggets,0022400540,2025-01-12T00:00:00,DEN @ DAL,W,18.366666666666667,11.8,13.7,0.857,2.0,3.9,0.5,0.0,0.0,0.0,2.0,9.8,11.8,3.9,2.0,0.0,2.0,0.0,0.0,2.0,25.5,45.1,49.4,0,0,47.0,1,1,13086,1,17303,1689,10618,1412,10348,15732,3944,13505,14344,13505,8575,2728,3703,10165,10723,12854,3603,8846,20257,13273,3950,701,3463,2246,150,3460,1,18:22
2024-25,202696,Nikola Vučević,Nikola,1610612741,CHI,Chicago Bulls,0022400541,2025-01-12T00:00:00,CHI vs. SAC,L,33.11666666666667,8.7,16.3,0.533,1.1,4.3,0.25,1.1,3.3,0.333,1.1,6.5,7.6,3.3,2.2,1.1,0.0,0.0,4.3,2.2,19.6,2.2,34.7,0,0,33.7,1,13222,1,13222,5055,5272,6675,8140,14024,14797,11902,12944,9405,13132,12575,7259,8955,12110,9619,11127,8263,8846,6144,12269,8290,11524,11314,2246,150,11076,1,33:07
2024-25,203999,Nikola Jokić,Nikola,1610612743,DEN,Denver Nuggets,0022400540,2025-01-12T00:00:00,DEN @ DAL,W,38.63333333333333,5.6,12.1,0.462,0.0,1.9,0.0,6.5,8.4,0.778,3.7,13.0,16.8,8.4,3.7,2.8,0.0,0.9,3.7,9.3,17.7,-1.9,55.1,1,0,48.5,1,1,13086,1,1042,12731,13390,12428,15070,19806,15070,2381,2266,8092,3999,997,1180,2525,4492,3698,8263,8479,7977,562,10124,13959,1976,1,150,3000,1,38:38
2024-25,1630198,Isaiah Joe,Isaiah,1610612760,OKC,Oklahoma City Thunder,0022400545,2025-01-12T00:00:00,OKC @ WAS,W,20.171666666666667,5.4,17.8,0.3,1.8,10.7,0.167,0.0,0.0,0.0,0.0,3.6,3.6,3.6,3.6,1.8,0.0,0.0,7.1,1.8,12.5,33.9,23.9,0,0,25.0,1,1,13086,1,15888,13391,4866,19363,11133,2764,14236,13505,14344,13505,14058,15032,18402,11176,4847,7314,8263,8846,1867,13987,15597,1518,19007,2246,150,17699,1,20:10
2024-25,1642382,Branden Carlson,Branden,1610612760,OKC,Oklahoma City Thunder,0022400545,2025-01-12T00:00:00,OKC @ WAS,W,8.166666666666666,8.8,17.6,0.5,4.4,8.8,0.5,0.0,0.0,0.0,4.4,8.8,13.2,0.0,0.0,0.0,4.4,4.4,8.8,0.0,22.0,17.6,51.1,0,0,48.5,1,1,13086,1,22752,5036,5095,8526,3219,5072,3944,13505,14344,13505,3043,3698,2652,19908,16469,12854,710,512,1020,17725,6178,4700,2951,2246,150,2990,1,8:10
2024-25,1630631,Jose Alvarado,Jose,1610612740,NOP,New Orleans Pelicans,0022400542,2025-01-12T00:00:00,NOP @ BOS,L,11.895,9.1,15.1,0.6,9.1,12.1,0.75,0.0,0.0,0.0,0.0,0.0,0.0,0.0,0.0,0.0,0.0,0.0,3.0,0.0,27.2,-24.2,27.2,0,0,36.3,1,13222,1,13222,21341,4563,8374,5394,288,1729,1542,13505,14344,13505,14058,22137,23286,19908,16469,12854,8263,8846,10597,17725,3093,22626,16797,2246,150,9147,1,11:54
2024-25,1631212,Peyton Watson,Peyton,1610612743,DEN,Denver Nuggets,0022400540,2025-01-12T00:00:00,DEN @ DAL,W,32.95,3.3,5.5,0.6,2.2,3.3,0.667,2.2,2.2,1.0,0.0,6.6,6.6,1.1,2.2,1.1,1.1,0.0,0.0,1.1,10.9,32.8,24.8,0,0,25.1,1,1,13086,1,5189,18814,23115,5394,9295,17115,1957,10007,12134,1,14058,7191,11048,19370,9571,11083,6841,8846,20257,16942,17241,1648,18421,2246,150,17579,1,32:57
2024-25,1626220,Royce O'Neale,Royce,1610612756,PHX,Phoenix Suns,0022400547,2025-01-12T00:00:00,PHX vs. CHA,W,21.633333333333333,5.0,11.6,0.429,3.3,10.0,0.333,1.7,1.7,1.0,0.0,6.7,6.7,1.7,6.7,1.7,1.7,0.0,5.0,1.7,15.0,41.6,28.8,0,0,33.3,1,1,13086,1,14814,14402,14222,13735,5579,3493,9209,11478,13327,1,14058,6984,10825,17461,1051,7745,4386,8846,4618,14395,12928,868,15650,2246,150,11422,1,21:38
2024-25,1626192,Pat Connaughton,Pat,1610612749,MIL,Milwaukee Bucks,0022400539,2025-01-12T00:00:00,MIL @ NYK,L,15.983333333333333,6.8,13.5,0.5,0.0,6.8,0.0,4.5,4.5,1.0,4.5,6.8,11.3,4.5,0.0,0.0,0.0,0.0,2.3,2.3,18.0,-15.8,38.3,0,0,33.8,1,13222,1,13222,18936,9538,10982,8526,15070,8996,15070,4833,6833,1,2917,6776,4187,8645,16469,12854,8263,8846,13867,11928,9816,20180,8837,2246,150,11008,1,15:59
2024-25,202331,Paul George,Paul,1610612755,PHI,Philadelphia 76ers,0022400544,2025-01-12T00:00:00,PHI @ ORL,L,37.13333333333333,9.7,19.4,0.5,4.8,7.8,0.625,0.0,0.0,0.0,0.0,9.7,9.7,5.8,2.9,1.0,0.0,1.0,5.8,4.8,24.2,10.7,44.6,1,0,46.5,1,13222,1,13222,1898,3609,3430,8526,2496,6887,2868,13505,14344,13505,14058,2827,5804,5823,6807,12214,8263,8190,3192,4398,4655,7387,5366,1,150,3650,1,37:08
2024-25,1631099,Keegan Murray,Keegan,1610612758,SAC,Sacramento Kings,0022400541,2025-01-12T00:00:00,SAC @ CHI,W,36.13333333333333,5.0,12.0,0.417,3.0,8.0,0.375,1.0,2.0,0.5,0.0,5.0,5.0,2.0,1.0,1.0,1.0,0.0,0.0,1.0,13.9,1.0,27.9,0,0,27.9,1,1,13086,1,2581,14446,13669,14532,6559,6487,8800,13246,12745,10625,14058,10931,14841,16403,15877,11992,7500,8846,20257,17410,13988,12158,16298,2246,150,15498,1,36:08
2024-25,1628368,De'Aaron Fox,De'Aaron,1610612758,SAC,Sacramento Kings,0022400541,2025-01-12T00:00:00,SAC @ CHI,W,32.833333333333336,9.9,17.5,0.563,4.4,8.8,0.5,4.4,5.5,0.8,4.4,5.5,9.9,3.3,2.2,0.0,1.1,3.3,2.2,4.4,28.5,8.8,46.4,0,0,48.2,1,1,13086,1,5298,3379,5208,7127,3256,5152,3944,5014,5210,7681,3069,9584,5577,12020,9534,12854,6811,1072,14131,5387,2593,8293,4589,2246,150,3067,1,32:50
2024-25,1641741,Ricky Council IV,Ricky,1610612755,PHI,Philadelphia 76ers,0022400544,2025-01-12T00:00:00,PHI @ ORL,L,5.76,0.0,12.5,0.0,0.0,12.5,0.0,0.0,0.0,0.0,0.0,6.3,6.3,6.3,0.0,0.0,6.3,0.0,0.0,0.0,0.0,12.5,35.6,0,0,25.0,1,13222,1,13222,23686,22635,12731,22635,15070,1522,15070,13505,14344,13505,14058,7789,11711,5090,16469,12854,272,8846,20257,17725,23200,6597,10629,2246,150,17675,1,5:46
2024-25,1630573,Sam Hauser,Sam,1610612738,BOS,Boston Celtics,0022400542,2025-01-12T00:00:00,BOS vs. NOP,W,8.883333333333333,4.1,8.1,0.5,4.1,8.1,0.5,0.0,0.0,0.0,0.0,8.1,8.1,4.1,0.0,0.0,0.0,0.0,4.1,0.0,12.2,8.1,28.0,0,0,28.4,1,1,13086,1,22498,16963,20077,8526,3884,6273,3944,13505,14344,13505,14058,4556,8085,9795,16469,12854,8263,8846,6989,17725,15973,8582,16260,2246,150,15166,1,8:53
2024-25,201143,Al Horford,Al,1610612738,BOS,Boston Celtics,0022400542,2025-01-12T00:00:00,BOS vs. NOP,W,22.718333333333334,6.3,9.5,0.667,4.8,6.3,0.75,0.0,0.0,0.0,1.6,9.5,11.1,0.0,0.0,0.0,1.6,0.0,1.6,1.6,17.4,-4.8,35.5,0,0,36.4,1,1,13086,1,13936,10593,17934,3281,2641,9897,1542,13505,14344,13505,9983,3002,4327,19908,16469,12854,4598,8846,16919,14679,10398,15446,10730,2246,150,9077,1,22:43
2024-25,1641736,Reece Beekman,Reece,1610612751,BKN,Brooklyn Nets,0022400546,2025-01-12T00:00:00,BKN @ UTA,L,11.6,3.1,12.4,0.25,3.1,12.4,0.25,3.1,6.2,0.5,0.0,3.1,3.1,6.2,0.0,0.0,0.0,0.0,0.0,6.2,12.4,-24.8,25.4,0,0,24.8,1,13222,1,13222,21448,19194,12868,20233,6208,1565,11902,7538,4222,10625,14058,16399,19469,5153,16469,12854,8263,8846,20257,2384,15694,22764,17964,2246,150,17806,1,11:36
2024-25,1628418,Thomas Bryant,Thomas,1610612754,IND,Indiana Pacers,0022400543,2025-01-12T00:00:00,IND @ CLE,W,19.366666666666667,9.3,9.3,1.0,1.9,1.9,1.0,0.0,1.9,0.0,1.9,3.7,5.6,1.9,0.0,0.0,3.7,0.0,1.9,3.7,20.4,22.3,41.1,0,0,37.2,1,1,13086,1,16522,4210,18279,1,10833,19814,1,13505,13098,13505,8994,14576,13338,16898,16469,12854,1074,8846,15895,7088,7548,3399,7127,2246,150,8596,1,19:22
2024-25,201566,Russell Westbrook,Russell,1610612743,DEN,Denver Nuggets,0022400540,2025-01-12T00:00:00,DEN @ DAL,W,33.656666666666666,10.7,18.2,0.588,0.0,2.1,0.0,1.1,3.2,0.333,2.1,8.6,10.7,7.5,4.3,1.1,2.1,1.1,3.2,2.1,22.5,-3.2,51.9,1,0,47.1,1,1,13086,1,4591,2510,4476,6229,15070,19291,15070,13002,9504,13132,7804,3982,4703,3416,3363,11284,3098,7316,9824,12441,5875,14678,2736,1,150,3450,1,33:39
2024-25,1630202,Payton Pritchard,Payton,1610612738,BOS,Boston Celtics,0022400542,2025-01-12T00:00:00,BOS vs. NOP,W,23.833333333333332,6.0,15.1,0.4,4.5,12.1,0.375,0.0,0.0,0.0,0.0,1.5,1.5,6.0,0.0,0.0,0.0,0.0,1.5,0.0,16.6,18.1,27.5,0,0,28.7,1,1,13086,1,13048,11394,8412,14933,3015,1741,8800,13505,14344,13505,14058,20854,22559,5409,16469,12854,8263,8846,17169,17725,11256,4517,16588,2246,150,14929,1,23:50
2024-25,1630702,Jaden Hardy,Jaden,1610612742,DAL,Dallas Mavericks,0022400540,2025-01-12T00:00:00,DAL vs. DEN,L,15.55,2.3,16.2,0.143,2.3,6.9,0.333,4.6,4.6,1.0,0.0,0.0,0.0,6.9,0.0,2.3,0.0,0.0,4.6,4.6,11.6,-6.9,28.9,0,0,25.5,1,13222,1,13222,19219,20821,6829,22260,8798,8579,9209,4627,6610,1,14058,22137,23286,4070,16469,4978,8263,8846,5465,4873,16596,16489,15535,2246,150,17307,1,15:33
2024-25,1631210,Jacob Toppin,Jacob,1610612752,NYK,New York Knicks,0022400539,2025-01-12T00:00:00,NYK vs. MIL,W,5.366666666666666,6.7,13.4,0.5,0.0,0.0,0.0,0.0,0.0,0.0,0.0,6.7,6.7,0.0,6.7,6.7,0.0,6.7,6.7,0.0,13.4,26.8,34.9,0,0,33.5,1,1,13086,1,23832,9660,11123,8526,15070,20945,15070,13505,14344,13505,14058,6874,10711,19908,1017,345,8263,175,2207,17725,14594,2460,11136,2246,150,11210,1,5:22
2024-25,1630241,Sam Merrill,Sam,1610612739,CLE,Cleveland Cavaliers,0022400543,2025-01-12T00:00:00,CLE vs. IND,L,11.783333333333333,3.1,15.3,0.2,3.1,15.3,0.2,0.0,0.0,0.0,0.0,6.1,6.1,15.3,0.0,0.0,0.0,0.0,3.1,0.0,9.2,0.0,39.4,0,0,33.6,1,13222,1,13222,21382,19305,8141,21401,6335,635,13429,13505,14344,13505,14058,8078,12027,271,16469,12854,8263,8846,10459,17725,18928,12240,8121,2246,150,11154,1,11:47
2024-25,1629652,Luguentz Dort,Luguentz,1610612760,OKC,Oklahoma City Thunder,0022400545,2025-01-12T00:00:00,OKC @ WAS,W,24.066666666666666,7.5,12.0,0.625,1.5,4.5,0.333,0.0,0.0,0.0,0.0,3.0,3.0,1.5,1.5,3.0,0.0,0.0,3.0,0.0,16.5,20.9,29.8,0,0,28.4,1,1,13086,1,12825,7811,13651,4899,12050,14475,9209,13505,14344,13505,14058,16768,19768,17994,12762,3176,8263,8846,10773,17725,11439,3710,14966,2246,150,15129,1,24:04
2024-25,1629750,Javonte Green,Javonte,1610612740,NOP,New Orleans Pelicans,0022400542,2025-01-12T00:00:00,NOP @ BOS,L,19.5,7.4,11.1,0.667,3.7,7.4,0.5,0.0,0.0,0.0,1.8,5.5,7.4,0.0,0.0,3.7,0.0,0.0,1.8,0.0,18.5,7.4,38.4,0,0,36.9,1,13222,1,13222,16419,8043,15229,3281,4715,7653,3944,13505,14344,13505,9058,9430,9400,19908,16469,1975,8263,8846,15960,17725,9354,8945,8770,2246,150,8777,1,19:30
2024-25,1642273,Kyshawn George,Kyshawn,1610612764,WAS,Washington Wizards,0022400545,2025-01-12T00:00:00,WAS vs. OKC,L,20.133333333333333,0.0,8.9,0.0,0.0,7.2,0.0,14.3,14.3,1.0,1.8,1.8,3.6,3.6,0.0,3.6,0.0,0.0,7.2,8.9,14.3,-34.0,34.7,0,0,28.6,1,13222,1,13222,15915,22635,18808,22635,15070,8136,15070,195,412,1,9284,20273,18380,11154,16469,2127,8263,8846,1852,677,13599,24299,11301,2246,150,14978,1,20:08
2024-25,1628366,Lonzo Ball,Lonzo,1610612741,CHI,Chicago Bulls,0022400541,2025-01-12T00:00:00,CHI vs. SAC,L,25.716666666666665,7.0,12.6,0.556,7.0,11.2,0.625,0.0,0.0,0.0,0.0,1.4,1.4,4.2,0.0,0.0,1.4,0.0,2.8,0.0,21.0,-4.2,33.2,0,0,36.4,1,13222,1,13222,11386,8933,12577,7248,757,2329,2868,13505,14344,13505,14058,21080,22689,9385,16469,12854,5230,8846,11643,17725,7086,15178,12450,2246,150,9104,1,25:43
2024-25,203995,Vasilije Micić,Vasilije,1610612766,CHA,Charlotte Hornets,0022400547,2025-01-12T00:00:00,CHA @ PHX,L,8.483333333333333,8.5,8.5,1.0,4.2,4.2,1.0,0.0,0.0,0.0,0.0,4.2,4.2,4.2,4.2,0.0,0.0,0.0,8.5,0.0,21.2,-42.4,28.4,0,0,33.9,1,13222,1,13222,22635,5633,19506,1,3492,15019,1,13505,14344,13505,14058,12988,16698,9265,3422,12854,8263,8846,1139,17725,6910,25017,15917,2246,150,10895,1,8:29
2024-25,1629731,Dean Wade,Dean,1610612739,CLE,Cleveland Cavaliers,0022400543,2025-01-12T00:00:00,CLE vs. IND,L,20.826666666666668,1.7,8.6,0.2,1.7,8.6,0.2,0.0,0.0,0.0,1.7,13.8,15.6,1.7,0.0,1.7,0.0,0.0,3.5,1.7,5.2,-12.1,31.6,0,0,27.7,1,13222,1,13222,15414,21863,19286,21401,11313,5355,13429,13505,14344,13505,9479,799,1562,17286,16469,7520,8263,8846,8874,14189,21918,18772,13590,2246,150,15675,1,20:50
2024-25,1642270,Donovan Clingan,Donovan,1610612757,POR,Portland Trail Blazers,0022400536,2025-01-11T00:00:00,POR vs. MIA,L,27.266666666666666,5.3,7.9,0.667,0.0,1.3,0.0,0.0,0.0,0.0,2.6,10.6,13.2,1.3,1.3,1.3,2.6,0.0,1.3,0.0,10.6,-2.6,38.9,0,0,33.0,1,13222,1,13222,10130,13588,20381,3281,15070,20480,15070,13505,14344,13505,6243,2184,2665,18593,13711,9348,2162,8846,17952,17725,17602,14379,8446,2246,150,11649,1,27:16
2024-25,203486,Mason Plumlee,Mason,1610612756,PHX,Phoenix Suns,0022400533,2025-01-11T00:00:00,PHX vs. UTA,W,22.9,3.1,7.9,0.4,0.0,0.0,0.0,3.1,6.3,0.5,7.9,7.9,15.7,0.0,0.0,1.6,0.0,1.6,3.1,4.7,9.4,34.6,33.0,0,0,28.3,1,1,13086,1,13790,19111,20460,14933,15070,20945,15070,7450,4143,10625,827,4929,1514,19908,16469,8099,8263,4521,10120,4688,18701,1438,12581,2246,150,15210,1,22:54
2024-25,1629130,Duncan Robinson,Duncan,1610612748,MIA,Miami Heat,0022400536,2025-01-11T00:00:00,MIA @ POR,W,16.233333333333334,4.4,17.7,0.25,4.4,11.1,0.4,4.4,4.4,1.0,0.0,4.4,4.4,2.2,2.2,2.2,0.0,0.0,2.2,2.2,17.7,15.5,30.8,0,0,33.3,1,1,13086,1,18766,15964,4964,20233,3177,2420,7874,4933,6966,1,14058,12436,16205,15563,9442,5327,8263,8846,14020,12086,10093,5424,14185,2246,150,11437,1,16:14
2024-25,1629628,RJ Barrett,RJ,1610612761,TOR,Toronto Raptors,0022400534,2025-01-11T00:00:00,TOR @ DET,L,32.79333333333334,4.4,17.6,0.25,0.0,8.8,0.0,2.2,6.6,0.333,1.1,5.5,6.6,3.3,5.5,2.2,0.0,1.1,4.4,4.4,11.0,-18.7,24.9,0,0,25.2,1,13222,1,13222,5337,16090,5181,20233,15070,5137,15070,9964,3788,13132,12485,9564,10982,12003,1820,5408,8263,7063,6038,5375,17198,21124,18349,2246,150,17475,1,32:48
2024-25,1631170,Jaime Jaquez Jr.,Jaime,1610612748,MIA,Miami Heat,0022400536,2025-01-11T00:00:00,MIA @ POR,W,26.133333333333333,5.5,12.4,0.444,0.0,1.4,0.0,4.1,6.9,0.6,0.0,6.9,6.9,2.8,2.8,2.8,1.4,1.4,4.1,4.1,15.2,12.4,37.2,0,0,33.1,1,1,13086,1,11058,12959,12901,13045,15070,20397,15070,5471,3485,10343,14058,6555,10346,13733,7358,3794,5323,5272,6731,5978,12756,6637,9539,2246,150,11610,1,26:08
2024-25,1631101,Shaedon Sharpe,Shaedon,1610612757,POR,Portland Trail Blazers,0022400536,2025-01-11T00:00:00,POR vs. MIA,L,37.35,6.7,19.3,0.35,2.9,7.7,0.375,4.8,5.8,0.833,0.0,2.9,2.9,4.8,5.8,0.0,1.0,1.9,1.9,2.9,21.2,-17.3,29.0,0,0,33.7,1,13222,1,13222,1768,9578,3522,17337,6887,6984,8800,4315,4775,7275,14058,17110,20015,7866,1574,12854,7728,3456,15535,9613,6922,20725,15478,2246,150,11049,1,37:21
2024-25,1642268,Isaiah Collier,Isaiah,1610612762,UTA,Utah Jazz,0022400533,2025-01-11T00:00:00,UTA @ PHX,L,26.933333333333334,2.7,6.7,0.4,1.3,2.7,0.5,0.0,0.0,0.0,1.3,2.7,4.0,10.7,2.7,1.3,0.0,0.0,2.7,0.0,6.7,-4.0,28.9,0,0,25.4,1,13222,1,13222,10388,20145,21913,14933,12703,18309,3944,13505,14344,13505,11034,17760,17294,1109,7607,9262,8263,8846,12151,17725,20934,15072,15579,2246,150,17361,1,26:56
2024-25,1630643,Jay Huff,Jay,1610612763,MEM,Memphis Grizzlies,0022400535,2025-01-11T00:00:00,MEM @ MIN,W,7.683333333333334,0.0,14.1,0.0,0.0,14.1,0.0,0.0,0.0,0.0,4.7,4.7,9.4,0.0,4.7,4.7,4.7,0.0,0.0,4.7,0.0,-28.1,34.7,0,0,28.1,1,1,13086,1,22925,22635,10081,22635,15070,910,15070,13505,14344,13505,2686,11744,6229,19908,2735,1095,616,8846,20257,4743,23200,23450,11317,2246,150,15351,1,7:41
2024-25,1642276,Kel'el Ware,Kel'el,1610612748,MIA,Miami Heat,0022400536,2025-01-11T00:00:00,MIA @ POR,W,16.266666666666666,6.6,13.3,0.5,0.0,4.4,0.0,2.2,4.4,0.5,2.2,6.6,8.9,0.0,0.0,0.0,4.4,0.0,0.0,4.4,15.5,19.9,39.4,0,0,33.2,1,1,13086,1,18746,9848,11341,8526,15070,14626,15070,9900,6981,10625,7551,7019,6944,19908,16469,12854,706,8846,20257,5289,12428,3978,8135,2246,150,11503,1,16:16
2024-25,203501,Tim Hardaway Jr.,Tim,1610612765,DET,Detroit Pistons,0022400534,2025-01-11T00:00:00,DET vs. TOR,W,31.6,10.3,14.8,0.692,8.0,9.1,0.875,2.3,3.4,0.667,0.0,3.4,3.4,1.1,1.1,2.3,0.0,1.1,0.0,2.3,30.8,25.1,42.3,0,0,47.8,1,1,13086,1,6334,2961,8888,3171,458,4644,1327,9693,9049,9425,14058,15470,18745,19228,14874,5110,8263,6718,20257,11826,1844,2803,6494,2246,150,3202,1,31:36
2024-25,1641709,Ausar Thompson,Ausar,1610612765,DET,Detroit Pistons,0022400534,2025-01-11T00:00:00,DET vs. TOR,W,19.916666666666668,3.6,9.0,0.4,1.8,3.6,0.5,1.8,3.6,0.5,0.0,7.2,7.2,5.4,1.8,5.4,0.0,0.0,5.4,3.6,10.8,16.3,42.1,0,0,36.2,1,1,13086,1,16083,18048,18660,14933,11048,16406,3944,11225,8657,10625,14058,5944,9687,6586,11518,673,8263,8846,3815,7350,17321,5152,6560,2246,150,9260,1,19:55
2024-25,1629012,Collin Sexton,Collin,1610612762,UTA,Utah Jazz,0022400533,2025-01-11T00:00:00,UTA @ PHX,L,28.883333333333333,10.0,21.2,0.471,1.2,7.5,0.167,3.7,5.0,0.75,2.5,2.5,5.0,5.0,2.5,0.0,0.0,1.2,2.5,7.5,24.9,-11.2,35.9,0,0,36.1,1,13222,1,13222,8775,3252,2211,12143,13117,7452,14236,6204,5946,8186,6625,18200,14827,7499,8272,12854,8263,5950,12827,1338,4251,18409,10436,2246,150,9266,1,28:53
2024-25,1631107,Nikola Jović,Nikola,1610612748,MIA,Miami Heat,0022400536,2025-01-11T00:00:00,MIA @ POR,W,31.9,9.0,13.5,0.667,4.5,7.9,0.571,1.1,1.1,1.0,1.1,7.9,9.0,5.6,1.1,1.1,1.1,0.0,4.5,2.3,23.7,22.6,48.6,0,0,47.4,1,1,13086,1,6062,4653,10930,3281,3044,6627,3506,12821,13998,1,12272,4861,6688,6155,14948,10784,6620,8846,5745,11908,4980,3349,3766,2246,150,3341,1,31:54
2024-25,1627751,Jakob Poeltl,Jakob,1610612761,TOR,Toronto Raptors,0022400534,2025-01-11T00:00:00,TOR @ DET,L,33.71666666666667,4.3,10.7,0.4,0.0,0.0,0.0,0.0,4.3,0.0,5.3,7.5,12.8,3.2,1.1,3.2,1.1,0.0,3.2,3.2,8.5,-10.7,40.5,0,0,33.1,1,13222,1,13222,4521,16397,15933,14933,15070,20945,15070,13505,7268,13505,2056,5544,2930,12289,15366,2736,7005,8846,9851,8554,19477,18172,7479,2246,150,11575,1,33:43
2024-25,1628991,Jaren Jackson Jr.,Jaren,1610612763,MEM,Memphis Grizzlies,0022400535,2025-01-11T00:00:00,MEM @ MIN,W,33.935,13.8,25.5,0.542,2.1,5.3,0.4,5.3,7.4,0.714,4.2,4.2,8.5,1.1,2.1,1.1,0.0,0.0,3.2,5.3,35.0,6.4,47.8,0,0,48.8,1,1,13086,1,4321,764,732,7965,9587,12456,7874,3648,2975,9244,3255,13000,7491,19483,9897,11380,8263,8846,9936,3623,953,9440,4030,2246,150,2889,1,33:56
2024-25,1641796,Pelle Larsson,Pelle,1610612748,MIA,Miami Heat,0022400536,2025-01-11T00:00:00,MIA @ POR,W,10.266666666666667,3.5,14.0,0.25,0.0,7.0,0.0,0.0,0.0,0.0,0.0,7.0,7.0,0.0,0.0,3.5,3.5,3.5,0.0,7.0,7.0,38.6,36.5,0,0,28.1,1,1,13086,1,22006,18311,10131,20233,15070,8442,15070,13505,14344,13505,14058,6338,10124,19908,16469,2231,1223,908,20257,1655,20716,1076,10049,2246,150,15392,1,10:16
2024-25,203482,Kelly Olynyk,Kelly,1610612761,TOR,Toronto Raptors,0022400534,2025-01-11T00:00:00,TOR @ DET,L,14.283333333333333,5.0,7.6,0.667,0.0,2.5,0.0,0.0,0.0,0.0,5.0,0.0,5.0,12.6,2.5,0.0,0.0,0.0,7.6,2.5,10.1,2.5,32.5,0,0,27.7,1,13222,1,13222,20029,14266,20842,3281,15070,18585,15070,13505,14344,13505,2339,22137,14699,601,8157,12854,8263,8846,1591,10909,18075,11354,12939,2246,150,15625,1,14:17
2024-25,203944,Julius Randle,Julius,1610612750,MIN,Minnesota Timberwolves,0022400535,2025-01-11T00:00:00,MIN vs. MEM,L,33.333333333333336,7.6,14.0,0.538,1.1,5.4,0.2,3.2,4.3,0.75,2.2,6.5,8.6,8.6,4.3,0.0,0.0,1.1,3.2,2.2,19.4,-5.4,38.4,0,0,37.8,1,13222,1,13222,4870,7624,10112,7978,14069,12211,13429,7230,7164,8186,7720,7353,7244,2311,3273,12854,8263,7224,9693,12342,8429,15783,8742,2246,150,8168,1,33:20
2024-25,1629014,Anfernee Simons,Anfernee,1610612757,POR,Portland Trail Blazers,0022400536,2025-01-11T00:00:00,POR vs. MIA,L,33.28333333333333,10.8,24.9,0.435,7.6,15.1,0.5,1.1,1.1,1.0,1.1,3.2,4.3,3.2,2.2,0.0,0.0,1.1,2.2,1.1,30.3,-1.1,38.2,0,0,45.4,1,13222,1,13222,4911,2404,852,13702,572,663,3944,12963,14068,1,12620,15949,16470,12163,9670,12854,8263,7213,14283,16995,1990,13597,8904,2246,150,4057,1,33:17
2024-25,1629638,Nickeil Alexander-Walker,Nickeil,1610612750,MIN,Minnesota Timberwolves,0022400535,2025-01-11T00:00:00,MIN vs. MEM,L,25.95,4.2,13.9,0.3,1.4,9.7,0.143,1.4,4.2,0.333,0.0,2.8,2.8,8.3,1.4,1.4,0.0,0.0,0.0,2.8,11.1,0.0,29.7,0,0,26.4,1,13222,1,13222,11194,16693,10392,19363,12492,3835,14649,12048,7488,13132,14058,17488,20308,2583,13355,8971,8263,8846,20257,10057,17089,12240,15036,2246,150,16663,1,25:57
2024-25,1630166,Deni Avdija,Deni,1610612757,POR,Portland Trail Blazers,0022400536,2025-01-11T00:00:00,POR vs. MIA,L,37.31666666666667,4.8,13.5,0.357,1.0,3.9,0.25,3.9,3.9,1.0,1.0,10.6,11.6,4.8,2.9,1.9,1.0,1.0,1.0,4.8,14.5,-15.4,41.4,1,0,37.6,1,13222,1,13222,1783,14876,10996,17140,14728,15879,11902,5964,8115,1,13536,2146,3872,7851,6870,6624,7724,8229,19881,4452,13442,20070,6936,1,150,8274,1,37:19
2024-25,202699,Tobias Harris,Tobias,1610612765,DET,Detroit Pistons,0022400534,2025-01-11T00:00:00,DET vs. TOR,W,34.833333333333336,6.2,12.4,0.5,2.1,5.2,0.4,3.1,3.1,1.0,0.0,7.2,7.2,3.1,1.0,0.0,1.0,0.0,2.1,3.1,17.6,12.4,33.0,0,0,32.0,1,1,13086,1,3587,10973,12890,8526,9831,12784,7874,7545,9724,1,14058,5939,9681,12609,15611,12854,7247,8846,14769,8885,10251,6636,12611,2246,150,12360,1,34:50
2024-25,1629634,Brandon Clarke,Brandon,1610612763,MEM,Memphis Grizzlies,0022400535,2025-01-11T00:00:00,MEM @ MIN,W,18.598333333333333,9.7,11.6,0.833,0.0,0.0,0.0,0.0,0.0,0.0,3.9,3.9,7.7,1.9,0.0,0.0,1.9,0.0,5.8,0.0,19.4,31.0,37.4,0,0,32.9,1,1,13086,1,17117,3628,14280,1514,15070,20945,15070,13505,14344,13505,3777,14119,8731,16623,16469,12854,3666,8846,3210,17725,8502,1837,9438,2246,150,11725,1,18:36
2024-25,1641842,Ronald Holland II,Ronald,1610612765,DET,Detroit Pistons,0022400534,2025-01-11T00:00:00,DET vs. TOR,W,14.911666666666667,2.4,12.1,0.2,2.4,9.7,0.25,0.0,0.0,0.0,4.8,4.8,9.7,2.4,0.0,2.4,0.0,0.0,2.4,0.0,7.2,-14.5,29.7,0,0,26.6,1,1,13086,1,19631,20634,13468,21401,8438,3906,11902,13505,14344,13505,2530,11344,5862,14831,16469,4652,8263,8846,13134,17725,20532,19703,15032,2246,150,16501,1,14:55
2024-25,1630162,Anthony Edwards,Anthony,1610612750,MIN,Minnesota Timberwolves,0022400535,2025-01-11T00:00:00,MIN vs. MEM,L,39.29833333333333,3.7,11.9,0.308,0.0,4.6,0.0,6.4,6.4,1.0,0.0,4.6,4.6,5.5,5.5,0.9,0.0,0.9,2.7,5.5,13.7,-4.6,24.7,0,0,25.6,1,13222,1,13222,785,17932,13744,19226,15070,14236,15070,2487,3987,1,14058,12047,15854,6429,1812,12585,8263,8576,11845,3342,14233,15361,18465,2246,150,17174,1,39:18
2024-25,1630567,Scottie Barnes,Scottie,1610612761,TOR,Toronto Raptors,0022400534,2025-01-11T00:00:00,TOR @ DET,L,37.68333333333333,4.8,13.4,0.357,1.0,3.8,0.25,4.8,5.7,0.833,2.9,8.6,11.5,2.9,1.0,1.9,1.9,1.9,1.9,5.7,15.3,-7.6,43.8,1,0,38.2,1,13222,1,13222,1580,15027,11182,17140,14769,15952,11902,4378,4848,7275,5683,3940,3994,13393,16113,6711,3737,3508,15618,2995,12629,16806,5740,1,150,7886,1,37:41
2024-25,1630695,Micah Potter,Micah,1610612762,UTA,Utah Jazz,0022400533,2025-01-11T00:00:00,UTA @ PHX,L,18.833333333333332,3.8,5.7,0.667,1.9,3.8,0.5,0.0,0.0,0.0,1.9,0.0,1.9,0.0,0.0,1.9,0.0,0.0,1.9,0.0,9.6,-13.4,17.6,0,0,17.2,1,13222,1,13222,16944,17508,22874,3281,10584,15945,3944,13505,14344,13505,8765,22137,21978,19908,16469,6706,8263,8846,15612,17725,18582,19262,22268,2246,150,22216,1,18:50
2024-25,1627736,Malik Beasley,Malik,1610612765,DET,Detroit Pistons,0022400534,2025-01-11T00:00:00,DET vs. TOR,W,27.166666666666668,8.0,13.3,0.6,5.3,6.6,0.8,2.7,5.3,0.5,0.0,4.0,4.0,2.7,2.7,1.3,0.0,0.0,4.0,2.7,23.9,0.0,33.9,0,0,38.4,1,1,13086,1,10216,6732,11383,5394,1949,9261,1389,8685,5462,10625,14058,13803,17380,14042,7691,9317,8263,8846,7205,10471,4904,12240,11875,2246,150,7751,1,27:10
2024-25,1631117,Walker Kessler,Walker,1610612762,UTA,Utah Jazz,0022400533,2025-01-11T00:00:00,UTA @ PHX,L,31.183333333333334,8.1,10.4,0.778,0.0,0.0,0.0,2.3,3.5,0.667,8.1,6.9,15.0,0.0,1.2,0.0,2.3,0.0,1.2,2.3,18.5,-4.6,42.3,1,0,38.1,1,13222,1,13222,6717,6464,16401,1994,15070,20945,15070,9587,8955,9425,759,6493,1764,19908,14762,12854,2727,8846,18786,11708,9345,15377,6499,1,150,7963,1,31:11
2024-25,1630528,Josh Christopher,Josh,1610612748,MIA,Miami Heat,0022400536,2025-01-11T00:00:00,MIA @ POR,W,1.8166666666666667,0.0,0.0,0.0,0.0,0.0,0.0,0.0,0.0,0.0,0.0,0.0,0.0,19.8,0.0,0.0,0.0,0.0,0.0,0.0,0.0,59.4,29.7,0,0,19.8,1,1,13086,1,25590,22635,24836,22635,15070,20945,15070,13505,14344,13505,14058,22137,23286,88,16469,12854,8263,8846,20257,17725,23200,373,15007,2246,150,20962,1,1:49
2024-25,1641739,Toumani Camara,Toumani,1610612757,POR,Portland Trail Blazers,0022400536,2025-01-11T00:00:00,POR vs. MIA,L,38.82666666666667,1.9,6.5,0.286,0.0,2.8,0.0,1.9,3.7,0.5,6.5,2.8,9.3,1.9,0.9,0.9,0.9,0.0,2.8,4.6,5.6,-6.5,24.1,0,0,20.4,1,13222,1,13222,952,21654,22126,19630,15070,18106,15070,11107,8464,10625,1374,17459,6351,16914,16256,12527,7972,8846,11722,4864,21690,16287,18876,2246,150,20631,1,38:50
2024-25,201988,Patty Mills,Patty,1610612762,UTA,Utah Jazz,0022400533,2025-01-11T00:00:00,UTA @ PHX,L,14.05,2.6,12.8,0.2,0.0,5.1,0.0,0.0,0.0,0.0,2.6,2.6,5.1,2.6,0.0,0.0,0.0,0.0,5.1,0.0,5.1,-23.1,15.1,0,0,12.8,1,13222,1,13222,20169,20343,12185,21401,15070,12889,15070,13505,14344,13505,6445,18027,14450,14329,16469,12854,8263,8846,4332,17725,21943,22347,23140,2246,150,23775,1,14:03
2024-25,1630625,Dalano Banton,Dalano,1610612757,POR,Portland Trail Blazers,0022400536,2025-01-11T00:00:00,POR vs. MIA,L,5.533333333333333,0.0,6.5,0.0,0.0,0.0,0.0,0.0,0.0,0.0,0.0,6.5,6.5,6.5,0.0,0.0,0.0,0.0,0.0,0.0,0.0,-32.5,17.6,0,0,13.0,1,13222,1,13222,23768,22635,22103,22635,15070,20945,15070,13505,14344,13505,14058,7288,11158,4699,16469,12854,8263,8846,20257,17725,23200,24103,22276,2246,150,23709,1,5:32
2024-25,1626145,Tyus Jones,Tyus,1610612756,PHX,Phoenix Suns,0022400533,2025-01-11T00:00:00,PHX vs. UTA,W,25.691666666666666,0.0,5.6,0.0,0.0,4.2,0.0,0.0,0.0,0.0,1.4,2.8,4.2,8.4,2.8,0.0,0.0,0.0,2.8,0.0,0.0,14.0,14.9,0,0,12.6,1,1,13086,1,11417,22635,22996,22635,15070,15109,15070,13505,14344,13505,10744,17391,16791,2502,7204,12854,8263,8846,11636,17725,23200,6007,23226,2246,150,23831,1,25:42
2024-25,1641712,Rayan Rupert,Rayan,1610612757,POR,Portland Trail Blazers,0022400536,2025-01-11T00:00:00,POR vs. MIA,L,2.05,0.0,17.6,0.0,0.0,17.6,0.0,0.0,0.0,0.0,0.0,0.0,0.0,0.0,17.6,0.0,0.0,0.0,0.0,0.0,0.0,-52.7,-17.6,0,0,0.0,1,13222,1,13222,25423,22635,5182,22635,15070,371,15070,13505,14344,13505,14058,22137,23286,19908,80,12854,8263,8846,20257,17725,23200,25495,26269,2246,150,25259,1,2:03
2024-25,201142,Kevin Durant,Kevin,1610612756,PHX,Phoenix Suns,0022400533,2025-01-11T00:00:00,PHX vs. UTA,W,35.56666666666667,11.1,19.2,0.579,1.0,4.0,0.25,2.0,3.0,0.667,0.0,5.1,5.1,7.1,5.1,1.0,0.0,0.0,1.0,6.1,25.3,-9.1,40.0,0,0,40.5,1,1,13086,1,3020,2153,3566,6486,14473,15479,11902,10556,9886,9425,14058,10694,14632,3905,2264,11841,8263,8846,19629,2532,4055,17480,7776,2246,150,6502,1,35:34
2024-25,1629312,Haywood Highsmith,Haywood,1610612748,MIA,Miami Heat,0022400536,2025-01-11T00:00:00,MIA @ POR,W,36.7,4.9,7.8,0.625,3.9,4.9,0.8,0.0,0.0,0.0,1.0,2.0,2.9,3.9,0.0,4.9,0.0,1.0,1.0,1.0,13.7,12.8,37.9,0,0,34.3,1,1,13086,1,2195,14668,20481,4899,4156,13431,1389,13505,14344,13505,13415,19786,19878,10153,16469,957,8263,8088,19807,17451,14242,6500,9111,2246,150,10576,1,36:42
2024-25,1630193,Immanuel Quickley,Immanuel,1610612761,TOR,Toronto Raptors,0022400534,2025-01-11T00:00:00,TOR @ DET,L,31.711666666666666,7.9,22.7,0.35,4.5,10.2,0.444,7.9,7.9,1.0,0.0,2.3,2.3,2.3,2.3,1.1,0.0,0.0,0.0,5.7,28.4,-27.2,35.6,0,0,39.7,1,13222,1,13222,6231,6742,1498,17337,2995,3254,7211,1437,2552,1,14058,18856,21271,15351,9214,10722,8263,8846,20257,3070,2641,23286,10617,2246,150,6933,1,31:43
2024-25,1631121,Bryce McGowens,Bryce,1610612757,POR,Portland Trail Blazers,0022400536,2025-01-11T00:00:00,POR vs. MIA,L,2.05,0.0,17.6,0.0,0.0,17.6,0.0,0.0,0.0,0.0,0.0,0.0,0.0,0.0,0.0,0.0,0.0,0.0,0.0,0.0,0.0,-52.7,0.0,0,0,0.0,1,13222,1,13222,25423,22635,5182,22635,15070,371,15070,13505,14344,13505,14058,22137,23286,19908,16469,12854,8263,8846,20257,17725,23200,25495,25228,2246,150,25259,1,2:03
2024-25,1628420,Monté Morris,Monté,1610612756,PHX,Phoenix Suns,0022400533,2025-01-11T00:00:00,PHX vs. UTA,W,3.5,10.3,10.3,1.0,0.0,0.0,0.0,0.0,0.0,0.0,0.0,0.0,0.0,0.0,0.0,0.0,0.0,0.0,0.0,0.0,20.6,0.0,20.6,0,0,20.6,1,1,13086,1,24704,2923,16579,1,15070,20945,15070,13505,14344,13505,14058,22137,23286,19908,16469,12854,8263,8846,20257,17725,7422,12240,20902,2246,150,20526,1,3:30
2024-25,1628374,Lauri Markkanen,Lauri,1610612762,UTA,Utah Jazz,0022400533,2025-01-11T00:00:00,UTA @ PHX,L,31.45,8.0,20.6,0.389,3.4,13.7,0.25,8.0,9.2,0.875,1.1,3.4,4.6,2.3,0.0,1.1,0.0,0.0,4.6,6.9,27.5,-6.9,39.8,0,0,40.1,1,13222,1,13222,6450,6612,2571,16009,5301,1009,11902,1411,1788,6931,12161,15424,15864,15274,16469,10640,8263,8846,5595,1765,2989,16458,7855,2246,150,6746,1,31:27
2024-25,1641744,Zach Edey,Zach,1610612763,MEM,Memphis Grizzlies,0022400535,2025-01-11T00:00:00,MEM @ MIN,W,19.633333333333333,5.5,12.8,0.429,1.8,3.7,0.5,1.8,1.8,1.0,12.8,3.7,16.5,3.7,1.8,0.0,1.8,0.0,5.5,3.7,14.7,-14.7,43.6,0,0,40.3,1,1,13086,1,16317,12971,12149,13735,10939,16291,3944,11164,13143,1,201,14735,1266,10881,11397,12854,3976,8846,3700,7213,13226,19777,5830,2246,150,6584,1,19:38
2024-25,1642266,Ja'Kobe Walter,Ja'Kobe,1610612761,TOR,Toronto Raptors,0022400534,2025-01-11T00:00:00,TOR @ DET,L,3.85,0.0,0.0,0.0,0.0,0.0,0.0,0.0,0.0,0.0,0.0,0.0,0.0,0.0,0.0,0.0,0.0,0.0,18.7,0.0,0.0,-9.4,0.0,0,0,0.0,1,13222,1,13222,24564,22635,24836,22635,15070,20945,15070,13505,14344,13505,14058,22137,23286,19908,16469,12854,8263,8846,137,17725,23200,17607,25228,2246,150,25259,1,3:51
2024-25,1628449,Chris Boucher,Chris,1610612761,TOR,Toronto Raptors,0022400534,2025-01-11T00:00:00,TOR @ DET,L,19.983333333333334,9.0,10.8,0.833,7.2,9.0,0.8,0.0,0.0,0.0,1.8,3.6,5.4,1.8,0.0,0.0,0.0,0.0,1.8,0.0,25.2,7.2,34.4,0,0,39.6,1,13222,1,13222,16026,4692,15681,1514,699,4816,1389,13505,14344,13505,9235,14918,13807,17077,16469,12854,8263,8846,16181,17725,4105,9040,11504,2246,150,6986,1,19:59
2024-25,1629234,Drew Eubanks,Drew,1610612762,UTA,Utah Jazz,0022400533,2025-01-11T00:00:00,UTA @ PHX,L,16.816666666666666,4.3,10.7,0.4,0.0,0.0,0.0,0.0,0.0,0.0,4.3,19.3,23.5,2.1,2.1,0.0,0.0,4.3,2.1,0.0,8.6,-8.6,37.9,0,0,34.3,1,13222,1,13222,18375,16367,15878,14933,15070,20945,15070,13505,14344,13505,3192,195,245,15859,9779,12854,8263,553,14408,17725,19457,17211,9091,2246,150,10651,1,16:49
2024-25,1642352,Keshad Johnson,Keshad,1610612748,MIA,Miami Heat,0022400536,2025-01-11T00:00:00,MIA @ POR,W,1.8166666666666667,0.0,0.0,0.0,0.0,0.0,0.0,0.0,0.0,0.0,0.0,19.8,19.8,0.0,0.0,0.0,0.0,0.0,0.0,0.0,0.0,59.4,23.8,0,0,19.8,1,1,13086,1,25590,22635,24836,22635,15070,20945,15070,13505,14344,13505,14058,178,558,19908,16469,12854,8263,8846,20257,17725,23200,373,19106,2246,150,20962,1,1:49
2024-25,1629630,Ja Morant,Ja,1610612763,MEM,Memphis Grizzlies,0022400535,2025-01-11T00:00:00,MEM @ MIN,W,30.083333333333332,6.0,22.7,0.263,0.0,4.8,0.0,2.4,2.4,1.0,2.4,3.6,6.0,4.8,6.0,1.2,0.0,1.2,4.8,1.2,14.4,1.2,26.3,0,0,27.5,1,1,13086,1,7702,11562,1473,20219,15070,13741,15070,9356,11507,1,6944,14950,12322,7960,1397,10202,8263,6284,5093,16419,13544,12018,17402,2246,150,15776,1,30:05
2024-25,1642346,Ryan Dunn,Ryan,1610612756,PHX,Phoenix Suns,0022400533,2025-01-11T00:00:00,PHX vs. UTA,W,23.883333333333333,6.0,12.1,0.5,1.5,4.5,0.333,1.5,3.0,0.5,3.0,4.5,7.5,3.0,0.0,0.0,1.5,1.5,6.0,3.0,15.1,-1.5,33.2,0,0,30.1,1,1,13086,1,13003,11431,13493,8526,12000,14377,9209,11782,9937,10625,5299,12203,9100,12876,16469,12854,4817,4745,2903,9184,12832,13805,12463,2246,150,13838,1,23:53
2024-25,1642377,Jaylen Wells,Jaylen,1610612763,MEM,Memphis Grizzlies,0022400535,2025-01-11T00:00:00,MEM @ MIN,W,31.183333333333334,4.6,15.0,0.308,3.5,10.4,0.333,2.3,3.5,0.667,1.2,1.2,2.3,2.3,0.0,3.5,0.0,1.2,0.0,3.5,15.0,0.0,31.6,0,0,30.0,1,1,13086,1,6717,15443,8600,19226,5231,3070,9209,9587,8955,9425,12070,21618,21184,15200,16469,2290,8263,6599,20257,7765,12890,12240,13591,2246,150,13933,1,31:11
2024-25,1630590,Scotty Pippen Jr.,Scotty,1610612763,MEM,Memphis Grizzlies,0022400535,2025-01-11T00:00:00,MEM @ MIN,W,15.641666666666667,4.6,9.2,0.5,0.0,0.0,0.0,2.3,4.6,0.5,0.0,6.9,6.9,9.2,0.0,6.9,0.0,0.0,4.6,2.3,11.5,0.0,54.3,0,0,41.4,1,1,13086,1,19174,15486,18397,8526,15070,20945,15070,9607,6651,10625,14058,6524,10315,1864,16469,315,8263,8846,5538,11731,16665,12240,2135,2246,150,5963,1,15:39
2024-25,1641711,Gradey Dick,Gradey,1610612761,TOR,Toronto Raptors,0022400534,2025-01-11T00:00:00,TOR @ DET,L,29.516666666666666,4.9,13.4,0.364,4.9,9.8,0.5,1.2,1.2,1.0,1.2,2.4,3.7,2.4,1.2,0.0,0.0,2.4,3.7,1.2,15.9,-11.0,22.7,0,0,26.8,1,13222,1,13222,8205,14722,11123,16861,2443,3774,3944,12532,13857,1,11664,18362,18181,14740,14294,12854,8263,2137,8232,16299,12076,18311,19759,2246,150,16280,1,29:31
2024-25,1631222,Jake LaRavia,Jake,1610612763,MEM,Memphis Grizzlies,0022400535,2025-01-11T00:00:00,MEM @ MIN,W,13.3,2.7,8.1,0.333,2.7,5.4,0.5,0.0,0.0,0.0,2.7,2.7,5.4,0.0,2.7,2.7,0.0,2.7,5.4,0.0,8.1,10.8,20.0,0,0,21.7,1,1,13086,1,20597,20074,20050,17395,7516,12178,3944,13505,14344,13505,6085,17676,13773,19908,7512,3891,8263,1732,3832,17725,19816,7314,21149,2246,150,19864,1,13:18
2024-25,1642347,Jamal Shead,Jamal,1610612761,TOR,Toronto Raptors,0022400534,2025-01-11T00:00:00,TOR @ DET,L,16.861666666666668,6.4,6.4,1.0,2.1,2.1,1.0,6.4,6.4,1.0,0.0,0.0,0.0,10.7,0.0,4.3,0.0,0.0,4.3,4.3,21.4,36.3,50.2,0,0,42.7,1,13222,1,13222,18350,10428,22203,1,9532,19302,1,2494,4003,1,14058,22137,23286,1128,16469,1398,8263,8846,6376,5674,6772,1262,3221,2246,150,5312,1,16:52
2024-25,1626179,Terry Rozier,Terry,1610612748,MIA,Miami Heat,0022400536,2025-01-11T00:00:00,MIA @ POR,W,29.233333333333334,4.9,11.1,0.444,1.2,6.2,0.2,2.5,2.5,1.0,0.0,2.5,2.5,4.9,4.9,2.5,0.0,0.0,2.5,1.2,13.5,11.1,26.4,0,0,27.1,1,1,13086,1,8465,14616,15223,13045,13196,10303,13429,9159,11308,1,14058,18287,20871,7625,2427,4498,8263,8846,12931,16229,14447,7201,17384,2246,150,16091,1,29:14
2024-25,1630583,Santi Aldama,Santi,1610612763,MEM,Memphis Grizzlies,0022400535,2025-01-11T00:00:00,MEM @ MIN,W,16.15,8.9,15.6,0.571,6.7,8.9,0.75,0.0,0.0,0.0,0.0,2.2,2.2,2.2,0.0,0.0,0.0,0.0,0.0,2.2,24.5,-8.9,30.5,0,0,35.7,1,1,13086,1,18827,4864,7690,6538,898,4941,1542,13505,14344,13505,14058,18981,21357,15514,16469,12854,8263,8846,20257,12033,4478,17389,14403,2246,150,9614,1,16:09
2024-25,1629675,Naz Reid,Naz,1610612750,MIN,Minnesota Timberwolves,0022400535,2025-01-11T00:00:00,MIN vs. MEM,L,29.591666666666665,8.5,12.2,0.7,6.1,8.5,0.714,0.0,0.0,0.0,1.2,6.1,7.3,3.6,2.4,0.0,1.2,1.2,1.2,1.2,23.1,2.4,38.6,0,0,42.6,1,13222,1,13222,8154,5583,13309,3045,1248,5562,1861,13505,14344,13505,11681,8148,9573,10934,8514,12854,6071,6147,18438,16317,5406,11401,8666,2246,150,5359,1,29:36
2024-25,203078,Bradley Beal,Bradley,1610612756,PHX,Phoenix Suns,0022400533,2025-01-11T00:00:00,PHX vs. UTA,W,31.066666666666666,4.6,11.6,0.4,1.2,5.8,0.2,3.5,4.6,0.75,0.0,2.3,2.3,3.5,0.0,0.0,0.0,0.0,3.5,2.3,13.9,-4.6,21.9,0,0,20.9,1,1,13086,1,6822,15402,14329,14933,13601,11217,13429,6743,6598,8186,14058,18711,21159,11465,16469,12854,8263,8846,8817,11669,14038,15387,20208,2246,150,20364,1,31:04
2024-25,1631200,Kris Murray,Kris,1610612757,POR,Portland Trail Blazers,0022400536,2025-01-11T00:00:00,POR vs. MIA,L,14.616666666666667,12.3,17.2,0.714,0.0,2.5,0.0,0.0,0.0,0.0,7.4,0.0,7.4,4.9,0.0,0.0,2.5,0.0,2.5,0.0,24.6,-39.4,48.3,0,0,41.9,1,13222,1,13222,19811,1347,5525,2752,15070,18694,15070,13505,14344,13505,999,22137,9392,7625,16469,12854,2442,8846,12931,17725,4407,24796,3886,2246,150,5717,1,14:37
2024-25,1628960,Grayson Allen,Grayson,1610612756,PHX,Phoenix Suns,0022400533,2025-01-11T00:00:00,PHX vs. UTA,W,30.466666666666665,5.9,13.0,0.455,4.7,11.8,0.4,0.0,0.0,0.0,0.0,4.7,4.7,4.7,1.2,2.4,0.0,0.0,1.2,2.4,16.5,13.0,35.2,0,0,35.4,1,1,13086,1,7345,11782,11858,12676,2683,1891,7874,13505,14344,13505,14058,11623,15490,8112,14571,4819,8263,8846,18644,11488,11344,6401,10924,2246,150,9761,1,30:28
2024-25,203497,Rudy Gobert,Rudy,1610612750,MIN,Minnesota Timberwolves,0022400535,2025-01-11T00:00:00,MIN vs. MEM,L,28.666666666666668,7.5,7.5,1.0,0.0,0.0,0.0,0.0,2.5,0.0,2.5,2.5,5.0,5.0,0.0,0.0,1.3,0.0,3.8,7.5,15.1,3.8,32.4,0,0,27.6,1,13222,1,13222,8958,7681,20881,1,15070,20945,15070,13505,11178,13505,6578,18155,14739,7402,16469,12854,5874,8846,7848,1303,12835,10770,13011,2246,150,15697,1,28:40
2024-25,1631323,Simone Fontecchio,Simone,1610612765,DET,Detroit Pistons,0022400534,2025-01-11T00:00:00,DET vs. TOR,W,15.483333333333333,9.3,18.6,0.5,2.3,7.0,0.333,0.0,0.0,0.0,2.3,4.7,7.0,0.0,0.0,0.0,0.0,0.0,4.7,0.0,20.9,-18.6,29.3,0,0,30.2,1,1,13086,1,19259,4201,4121,8526,8761,8510,9209,13505,14344,13505,7163,11855,10182,19908,16469,12854,8263,8846,5412,17725,7142,21098,15285,2246,150,13778,1,15:29
2024-25,1631133,Jabari Walker,Jabari,1610612757,POR,Portland Trail Blazers,0022400536,2025-01-11T00:00:00,POR vs. MIA,L,2.05,17.6,35.1,0.5,17.6,35.1,0.5,0.0,0.0,0.0,0.0,0.0,0.0,0.0,0.0,0.0,0.0,17.6,0.0,0.0,52.7,-52.7,52.7,0,0,70.2,1,13222,1,13222,25423,237,133,8526,46,27,3944,13505,14344,13505,14058,22137,23286,19908,16469,12854,8263,21,20257,17725,126,25495,2534,2246,150,312,1,2:03
2024-25,1629639,Tyler Herro,Tyler,1610612748,MIA,Miami Heat,0022400536,2025-01-11T00:00:00,MIA @ POR,W,31.65,12.5,25.0,0.5,8.0,15.9,0.5,3.4,4.5,0.75,2.3,3.4,5.7,5.7,1.1,0.0,0.0,2.3,1.1,2.3,36.4,10.2,50.6,0,0,55.7,1,1,13086,1,6279,1237,817,8526,467,532,3944,6872,6748,8186,7327,15487,13060,6068,14887,12854,8263,2487,18877,11841,768,7585,3095,2246,150,1357,1,31:39
2024-25,1628379,Luke Kennard,Luke,1610612763,MEM,Memphis Grizzlies,0022400535,2025-01-11T00:00:00,MEM @ MIN,W,22.0,4.9,13.1,0.375,3.3,6.5,0.5,4.9,4.9,1.0,4.9,3.3,8.2,8.2,0.0,1.6,0.0,1.6,1.6,1.6,18.0,-4.9,45.0,0,0,40.9,1,1,13086,1,14502,14654,11682,16299,5748,9437,3944,4177,6095,1,2453,15875,7957,2717,16469,7867,8263,4343,16759,14498,9827,15533,5182,2246,150,6263,1,22:00
2024-25,1630217,Desmond Bane,Desmond,1610612763,MEM,Memphis Grizzlies,0022400535,2025-01-11T00:00:00,MEM @ MIN,W,31.791666666666668,9.1,15.9,0.571,4.5,9.1,0.5,1.1,1.1,1.0,0.0,5.7,5.7,5.7,3.4,2.3,0.0,1.1,2.3,1.1,23.8,4.5,42.5,0,0,44.2,1,1,13086,1,6170,4594,7341,6538,3018,4726,3944,12806,13990,1,14058,9137,13129,6123,5235,5167,8263,6772,13802,16753,4945,10375,6393,2246,150,4611,1,31:48
2024-25,1626164,Devin Booker,Devin,1610612756,PHX,Phoenix Suns,0022400533,2025-01-11T00:00:00,PHX vs. UTA,W,36.435,11.9,19.8,0.6,5.9,11.9,0.5,4.0,4.0,1.0,2.0,3.0,4.9,4.0,3.0,2.0,0.0,0.0,3.0,2.0,33.6,15.8,48.4,0,0,52.4,1,1,13086,1,2378,1618,3144,5394,1360,1861,3944,5794,7943,1,8500,16843,14952,10066,6609,6360,8263,8846,10887,13183,1198,5324,3842,2246,150,1956,1,36:26
2024-25,1630183,Jaden McDaniels,Jaden,1610612750,MIN,Minnesota Timberwolves,0022400535,2025-01-11T00:00:00,MIN vs. MEM,L,29.581666666666667,11.0,14.6,0.75,3.7,4.9,0.75,0.0,0.0,0.0,1.2,6.1,7.3,1.2,1.2,3.7,2.4,0.0,2.4,0.0,25.6,1.2,53.2,0,0,49.9,1,13222,1,13222,8165,2304,9197,2107,4801,13512,1542,13505,14344,13505,11677,8133,9571,18962,14312,2027,2497,8846,13055,17725,3901,11996,2399,2246,150,2565,1,29:35
2024-25,1630595,Cade Cunningham,Cade,1610612765,DET,Detroit Pistons,0022400534,2025-01-11T00:00:00,DET vs. TOR,W,37.138333333333335,7.8,16.5,0.471,1.9,3.9,0.5,3.9,4.8,0.8,1.0,8.7,9.7,16.5,7.8,1.0,1.9,1.0,3.9,6.8,21.3,22.3,58.6,1,1,55.3,1,1,13086,1,1896,7155,6457,12143,10467,15856,3944,5919,6204,7681,13503,3807,5806,186,648,12215,3656,8193,7524,1836,6799,3401,1387,1,1,1424,1,37:08
2024-25,1628971,Bruce Brown,Bruce,1610612761,TOR,Toronto Raptors,0022400534,2025-01-11T00:00:00,TOR @ DET,L,19.6,11.0,16.5,0.667,3.7,3.7,1.0,0.0,0.0,0.0,3.7,5.5,9.2,5.5,1.8,3.7,0.0,0.0,1.8,0.0,25.7,3.7,54.2,0,0,51.4,1,13222,1,13222,16331,2247,6384,3281,4750,16281,1,13505,14344,13505,4081,9512,6465,6406,11381,2001,8263,8846,16005,17725,3823,10827,2159,2246,150,2171,1,19:36
2024-25,1629004,Svi Mykhailiuk,Svi,1610612762,UTA,Utah Jazz,0022400533,2025-01-11T00:00:00,UTA @ PHX,L,18.533333333333335,11.7,29.1,0.4,1.9,15.5,0.125,0.0,0.0,0.0,3.9,3.9,7.8,13.6,7.8,1.9,0.0,0.0,0.0,0.0,25.3,3.9,53.0,0,0,52.4,1,13222,1,13222,17163,1757,324,14933,10444,590,14886,13505,14344,13505,3752,14070,8672,434,639,6550,8263,8846,20257,17725,4086,10707,2449,2246,150,1934,1,18:32
2024-25,1631169,Josh Minott,Josh,1610612750,MIN,Minnesota Timberwolves,0022400535,2025-01-11T00:00:00,MIN vs. MEM,L,2.0166666666666666,17.9,17.9,1.0,0.0,0.0,0.0,0.0,0.0,0.0,0.0,0.0,0.0,0.0,0.0,0.0,17.9,0.0,35.7,0.0,35.7,-89.3,89.3,0,0,71.4,1,13222,1,13222,25446,223,4847,1,15070,20945,15070,13505,14344,13505,14058,22137,23286,19908,16469,12854,15,8846,25,17725,874,26086,103,2246,150,293,1,2:01
2024-25,1631303,Justin Minaya,Justin,1610612757,POR,Portland Trail Blazers,0022400536,2025-01-11T00:00:00,POR vs. MIA,L,2.05,0.0,17.6,0.0,0.0,0.0,0.0,0.0,0.0,0.0,35.1,0.0,35.1,17.6,0.0,17.6,0.0,0.0,17.6,0.0,0.0,-52.7,121.2,0,0,87.8,1,13222,1,13222,25423,22635,5182,22635,15070,20945,15070,13505,14344,13505,9,22137,50,147,16469,34,8263,8846,164,17725,23200,25495,35,2246,150,102,1,2:03
2024-25,1628978,Donte DiVincenzo,Donte,1610612750,MIN,Minnesota Timberwolves,0022400535,2025-01-11T00:00:00,MIN vs. MEM,L,36.218333333333334,8.9,13.9,0.643,6.0,10.9,0.545,3.0,3.0,1.0,1.0,8.9,9.9,7.0,3.0,2.0,0.0,0.0,2.0,3.0,26.8,-1.0,52.2,1,0,53.7,1,13222,1,13222,2520,4825,10312,4607,1328,2559,3863,7868,10022,1,13314,3568,5504,4055,6562,6315,8263,8846,15222,9331,3276,13535,2668,1,150,1675,1,36:13
2024-25,1642271,Kyle Filipowski,Kyle,1610612762,UTA,Utah Jazz,0022400533,2025-01-11T00:00:00,UTA @ PHX,L,22.333333333333332,3.2,12.9,0.25,0.0,8.1,0.0,0.0,0.0,0.0,1.6,1.6,3.2,1.6,3.2,3.2,0.0,0.0,0.0,0.0,6.4,-6.4,19.2,0,0,17.7,1,13222,1,13222,14245,18941,12048,20233,15070,6347,15070,13505,14344,13505,9875,20652,19162,17614,5742,2691,8263,8846,20257,17725,21085,16265,21558,2246,150,21975,1,22:20
2024-25,1630703,Scoot Henderson,Scoot,1610612757,POR,Portland Trail Blazers,0022400536,2025-01-11T00:00:00,POR vs. MIA,L,21.266666666666666,1.7,10.2,0.167,0.0,6.8,0.0,1.7,6.8,0.25,0.0,5.1,5.1,5.1,1.7,1.7,0.0,0.0,3.4,3.4,5.1,-28.8,22.2,0,0,18.6,1,13222,1,13222,15095,21910,16807,21938,15070,8956,15070,11429,3587,13358,14058,10642,14581,7295,11945,7634,8263,8846,9130,7995,21968,23547,20039,2246,150,21566,1,21:16
2024-25,1641871,Duop Reath,Duop,1610612757,POR,Portland Trail Blazers,0022400536,2025-01-11T00:00:00,POR vs. MIA,L,16.34,2.2,13.2,0.167,2.2,13.2,0.167,0.0,0.0,0.0,0.0,6.6,6.6,2.2,2.2,0.0,0.0,0.0,4.4,0.0,6.6,-24.2,15.6,0,0,17.6,1,13222,1,13222,18701,21030,11449,21938,9228,1197,14236,13505,14344,13505,14058,7080,10929,15613,9497,12854,8263,8846,6006,17725,20983,22630,22978,2246,150,22024,1,16:20
2024-25,1631105,Jalen Duren,Jalen,1610612765,DET,Detroit Pistons,0022400534,2025-01-11T00:00:00,DET vs. TOR,W,28.316666666666666,3.8,5.1,0.75,0.0,0.0,0.0,5.1,5.1,1.0,1.3,10.2,11.4,2.5,1.3,0.0,1.3,1.3,6.4,2.5,12.7,15.3,32.8,0,0,29.2,1,1,13086,1,9285,17529,23401,2107,15070,20945,15070,3913,5781,1,11350,2445,4016,14391,13962,12854,5786,5801,2533,10828,15375,5521,12723,2246,150,14520,1,28:19
2024-25,202692,Alec Burks,Alec,1610612748,MIA,Miami Heat,0022400536,2025-01-11T00:00:00,MIA @ POR,W,7.816666666666666,0.0,4.6,0.0,0.0,4.6,0.0,0.0,0.0,0.0,0.0,0.0,0.0,13.8,0.0,0.0,0.0,0.0,4.6,0.0,0.0,23.0,20.7,0,0,13.8,1,1,13086,1,22880,22635,23740,22635,15070,14182,15070,13505,14344,13505,14058,22137,23286,407,16469,12854,8263,8846,5524,17725,23200,3261,20827,2246,150,23468,1,7:49
2024-25,1629006,Josh Okogie,Josh,1610612756,PHX,Phoenix Suns,0022400533,2025-01-11T00:00:00,PHX vs. UTA,W,7.34,4.9,9.8,0.5,0.0,0.0,0.0,0.0,0.0,0.0,4.9,4.9,9.8,0.0,0.0,4.9,4.9,0.0,0.0,0.0,9.8,39.2,51.0,0,0,39.2,1,1,13086,1,23054,14667,17382,8526,15070,20945,15070,13505,14344,13505,2457,11147,5663,19908,16469,956,541,8846,20257,17725,18347,1026,2987,2246,150,7248,1,7:20
2024-25,1630191,Isaiah Stewart,Isaiah,1610612765,DET,Detroit Pistons,0022400534,2025-01-11T00:00:00,DET vs. TOR,W,19.683333333333334,5.5,11.0,0.5,0.0,0.0,0.0,0.0,0.0,0.0,3.7,1.8,5.5,9.1,1.8,0.0,1.8,0.0,1.8,3.7,11.0,-5.5,34.9,0,0,29.3,1,1,13086,1,16273,13021,15405,8526,15070,20945,15070,13505,14344,13505,4110,20164,13571,1901,11413,12854,3986,8846,16043,7243,17201,15830,11099,2246,150,14505,1,19:41
2024-25,1642262,Cody Williams,Cody,1610612762,UTA,Utah Jazz,0022400533,2025-01-11T00:00:00,UTA @ PHX,L,21.633333333333333,8.3,16.6,0.5,3.3,6.7,0.5,1.7,5.0,0.333,3.3,0.0,3.3,3.3,1.7,0.0,0.0,1.7,5.0,3.3,21.6,11.6,29.0,0,0,31.6,1,13222,1,13222,14814,5947,6254,8526,5579,9199,3944,11478,5930,13132,4689,22137,18919,11885,12069,12854,8263,4237,4618,8162,6520,6949,15518,2246,150,12691,1,21:38
2024-25,1628389,Bam Adebayo,Bam,1610612748,MIA,Miami Heat,0022400536,2025-01-11T00:00:00,MIA @ POR,W,30.166666666666668,7.2,15.5,0.462,1.2,2.4,0.5,0.0,0.0,0.0,3.6,9.5,13.1,7.2,1.2,1.2,0.0,1.2,3.6,1.2,15.5,8.4,44.4,1,0,39.4,1,1,13086,1,7621,8560,7805,12428,13410,18840,3944,13505,14344,13505,4242,2964,2724,3816,14489,10226,8263,6313,8496,16437,12407,8458,5472,1,150,7142,1,30:10
2024-25,1642345,Oso Ighodaro,Oso,1610612756,PHX,Phoenix Suns,0022400533,2025-01-11T00:00:00,PHX vs. UTA,W,23.15,6.2,9.3,0.667,0.0,0.0,0.0,1.6,3.1,0.5,1.6,1.6,3.1,0.0,0.0,3.1,3.1,0.0,1.6,1.6,14.0,-20.2,36.4,0,0,29.5,1,1,13086,1,13600,10919,18229,3281,15070,20945,15070,11679,9692,10625,10101,20759,19453,19908,16469,2916,1559,8846,17018,14777,13941,21617,10087,2246,150,14289,1,23:09
2024-25,1631204,Marcus Sasser,Marcus,1610612765,DET,Detroit Pistons,0022400534,2025-01-11T00:00:00,DET vs. TOR,W,10.95,6.6,13.2,0.5,3.3,6.6,0.5,0.0,0.0,0.0,0.0,0.0,0.0,3.3,0.0,0.0,0.0,0.0,3.3,3.3,16.4,-52.6,21.4,0,0,23.0,1,1,13086,1,21728,9998,11579,8526,5707,9373,3944,13505,14344,13505,14058,22137,23286,12026,16469,12854,8263,8846,9494,8283,11458,25490,20490,2246,150,19013,1,10:57
2024-25,201144,Mike Conley,Mike,1610612750,MIN,Minnesota Timberwolves,0022400535,2025-01-11T00:00:00,MIN vs. MEM,L,15.343333333333334,2.3,9.4,0.25,2.3,7.0,0.333,0.0,0.0,0.0,0.0,0.0,0.0,4.7,2.3,0.0,0.0,0.0,0.0,0.0,7.0,0.0,11.7,0,0,14.1,1,13222,1,13222,19349,20767,18139,20233,8685,8381,9209,13505,14344,13505,14058,22137,23286,8203,8884,12854,8263,8846,20257,17725,20695,12240,24075,2246,150,23403,1,15:21
2024-25,1641989,Elijah Harkless,Elijah,1610612762,UTA,Utah Jazz,0022400533,2025-01-11T00:00:00,UTA @ PHX,L,9.35,0.0,3.9,0.0,0.0,3.9,0.0,0.0,0.0,0.0,3.9,11.6,15.4,0.0,0.0,0.0,0.0,0.0,7.7,3.9,0.0,-11.6,18.5,0,0,15.4,1,13222,1,13222,22333,22635,24162,22635,15070,15898,15070,13505,14344,13505,3807,1591,1607,19908,16469,12854,8263,8846,1511,6704,23200,18548,21894,2246,150,22915,1,9:21
2024-25,1630574,Ariel Hukporti,Ariel,1610612752,NYK,New York Knicks,0022400529,2025-01-10T00:00:00,NYK vs. OKC,L,12.73,2.8,5.7,0.5,0.0,0.0,0.0,0.0,0.0,0.0,0.0,5.7,5.7,0.0,0.0,0.0,5.7,0.0,2.8,0.0,5.7,2.8,29.4,0,0,22.6,1,13222,1,13222,20883,19819,22939,8526,15070,20945,15070,13505,14344,13505,14058,9152,13142,19908,16469,12854,371,8846,11519,17725,21622,11210,15204,2246,150,19263,1,12:44
2024-25,1642269,Devin Carter,Devin,1610612758,SAC,Sacramento Kings,0022400528,2025-01-10T00:00:00,SAC @ BOS,W,17.43,8.3,16.5,0.5,6.2,10.3,0.6,0.0,0.0,0.0,0.0,8.3,8.3,2.1,2.1,0.0,0.0,0.0,6.2,2.1,22.7,12.4,33.7,0,0,39.2,1,1,13086,1,17984,6058,6392,8526,1166,3130,2992,13505,14344,13505,14058,4335,7831,16134,10182,12854,8263,8846,2714,12780,5690,6640,12060,2246,150,7243,1,17:26
2024-25,1642274,Yves Missi,Yves,1610612740,NOP,New Orleans Pelicans,0022400527,2025-01-10T00:00:00,NOP @ PHI,W,30.25,4.8,8.3,0.571,0.0,0.0,0.0,1.2,2.4,0.5,3.6,4.8,8.3,0.0,4.8,1.2,4.8,2.4,6.0,2.4,10.7,-9.5,33.8,0,0,30.9,1,1,13086,1,7548,15083,19750,6538,15070,20945,15070,12626,11540,10625,4265,11546,7723,19908,2639,10259,595,2264,3019,11428,17464,17682,11969,2246,150,13212,1,30:15
2024-25,203484,Kentavious Caldwell-Pope,Kentavious,1610612753,ORL,Orlando Magic,0022400526,2025-01-10T00:00:00,ORL vs. MIL,L,11.383333333333333,3.2,9.5,0.333,3.2,6.3,0.5,0.0,0.0,0.0,0.0,3.2,3.2,9.5,9.5,3.2,0.0,0.0,0.0,0.0,9.5,25.3,27.5,0,0,31.6,1,13222,1,13222,21541,19079,17972,17395,6051,9930,3944,13505,14344,13505,14058,16220,19333,1709,372,2813,8263,8846,20257,17725,18651,2750,16572,2246,150,12686,1,11:23
2024-25,1631212,Peyton Watson,Peyton,1610612743,DEN,Denver Nuggets,0022400531,2025-01-10T00:00:00,DEN vs. BKN,W,34.666666666666664,3.1,5.2,0.6,0.0,0.0,0.0,4.2,5.2,0.8,0.0,7.3,7.3,5.2,5.2,2.1,2.1,1.0,3.1,5.2,10.4,8.3,34.2,0,0,31.2,1,1,13086,1,3721,19157,23325,5394,15070,20945,15070,5432,5623,7681,14058,5875,9629,7043,2120,5884,3266,7589,10218,3782,17772,8487,11675,2246,150,13035,1,34:40
2024-25,201599,DeAndre Jordan,DeAndre,1610612743,DEN,Denver Nuggets,0022400531,2025-01-10T00:00:00,DEN vs. BKN,W,9.816666666666666,3.7,11.0,0.333,0.0,0.0,0.0,0.0,7.3,0.0,3.7,11.0,14.7,0.0,0.0,3.7,0.0,0.0,7.3,3.7,7.3,-51.3,35.9,0,0,29.3,1,1,13086,1,22166,17925,15349,17395,15070,20945,15070,13505,3061,13505,4089,1899,1928,19908,16469,2007,8263,8846,1758,7213,20455,25438,10402,2246,150,14454,1,9:49
2024-25,1626171,Bobby Portis,Bobby,1610612749,MIL,Milwaukee Bucks,0022400526,2025-01-10T00:00:00,MIL @ ORL,W,25.066666666666666,7.2,12.9,0.556,1.4,4.3,0.333,0.0,0.0,0.0,0.0,10.1,10.1,1.4,0.0,1.4,0.0,0.0,4.3,0.0,15.8,17.2,34.3,0,0,31.6,1,1,13086,1,11944,8507,11986,7248,12310,14895,9209,13505,14344,13505,14058,2536,5370,18215,16469,8716,8263,8846,6257,17725,12118,4826,11571,2246,150,12709,1,25:04
2024-25,1641767,Ben Sheppard,Ben,1610612754,IND,Indiana Pacers,0022400525,2025-01-10T00:00:00,IND vs. GSW,W,20.116666666666667,3.6,10.7,0.333,1.8,5.4,0.333,0.0,0.0,0.0,0.0,3.6,3.6,0.0,0.0,0.0,0.0,0.0,3.6,0.0,8.9,-12.5,13.2,0,0,14.3,1,1,13086,1,15932,18128,15819,17395,11117,12287,9209,13505,14344,13505,14058,14989,18369,19908,16469,12854,8263,8846,8499,17725,19133,18950,23709,2246,150,23315,1,20:07
2024-25,1629750,Javonte Green,Javonte,1610612740,NOP,New Orleans Pelicans,0022400527,2025-01-10T00:00:00,NOP @ PHI,W,25.6,0.0,2.8,0.0,0.0,1.4,0.0,2.8,2.8,1.0,4.2,5.6,9.8,8.4,0.0,0.0,4.2,0.0,1.4,1.4,2.8,-12.7,39.9,0,0,29.5,1,1,13086,1,11489,22635,24552,22635,15070,20377,15070,8318,10459,1,3284,9240,5614,2475,16469,12854,806,8846,17605,15424,22994,19000,7805,2246,150,14304,1,25:36
2024-25,1630311,Pat Spencer,Pat,1610612744,GSW,Golden State Warriors,0022400525,2025-01-10T00:00:00,GSW @ IND,L,20.336666666666666,12.4,21.2,0.583,1.8,5.3,0.333,3.5,3.5,1.0,1.8,3.5,5.3,1.8,5.3,0.0,0.0,1.8,1.8,3.5,30.1,-3.5,33.8,0,0,38.9,1,13222,1,13222,15757,1302,2187,6296,11188,12437,9209,6620,8811,1,9357,15116,14019,17172,1993,12854,8263,3979,16309,7563,2049,14819,11959,2246,150,7414,1,20:20
2024-25,1631116,Patrick Baldwin Jr.,Patrick,1610612764,WAS,Washington Wizards,0022400530,2025-01-10T00:00:00,WAS @ CHI,L,6.166666666666667,5.8,11.7,0.5,5.8,11.7,0.5,0.0,0.0,0.0,0.0,5.8,5.8,0.0,0.0,0.0,0.0,0.0,5.8,0.0,17.5,-23.4,24.5,0,0,29.2,1,13222,1,13222,23530,11992,14159,8526,1440,1981,3944,13505,14344,13505,14058,8697,12673,19908,16469,12854,8263,8846,3159,17725,10312,22429,18596,2246,150,14548,1,6:10
2024-25,1641824,Matas Buzelis,Matas,1610612741,CHI,Chicago Bulls,0022400530,2025-01-10T00:00:00,CHI vs. WAS,W,15.666666666666666,6.9,9.2,0.75,4.6,6.9,0.667,0.0,0.0,0.0,0.0,6.9,6.9,0.0,4.6,0.0,4.6,0.0,4.6,2.3,18.4,29.9,35.8,0,0,39.1,1,1,13086,1,19151,9176,18419,2107,2899,8686,1957,13505,14344,13505,14058,6545,10336,19908,2854,12854,652,8846,5548,11750,9430,1981,10475,2246,150,7340,1,15:40
2024-25,1631165,Keon Ellis,Keon,1610612758,SAC,Sacramento Kings,0022400528,2025-01-10T00:00:00,SAC @ BOS,W,22.916666666666668,3.1,9.4,0.333,1.6,7.9,0.2,1.6,1.6,1.0,1.6,3.1,4.7,3.1,1.6,4.7,1.6,0.0,1.6,3.1,9.4,6.3,37.1,0,0,31.4,1,1,13086,1,13780,19117,18074,17395,11786,6707,13429,11645,13422,1,10039,16299,15527,12503,12457,1075,4639,8846,16959,8754,18707,9477,9648,2246,150,12841,1,22:55
2024-25,1630322,Lindy Waters III,Lindy,1610612744,GSW,Golden State Warriors,0022400525,2025-01-10T00:00:00,GSW @ IND,L,35.46666666666667,3.0,8.1,0.375,1.0,5.1,0.2,0.0,1.0,0.0,1.0,4.1,5.1,2.0,2.0,0.0,0.0,0.0,3.0,1.0,7.1,-13.2,14.2,0,0,15.2,1,13222,1,13222,3102,19330,20050,16299,14458,13017,13429,13505,14194,13505,13132,13543,14590,16265,10366,12854,8263,8846,10510,17334,20631,19196,23428,2246,150,22982,1,35:28
2024-25,1629632,Coby White,Coby,1610612741,CHI,Chicago Bulls,0022400530,2025-01-10T00:00:00,CHI vs. WAS,W,27.916666666666668,6.4,15.5,0.417,3.9,11.6,0.333,2.6,2.6,1.0,1.3,3.9,5.2,7.7,5.2,0.0,1.3,0.0,0.0,3.9,19.3,14.2,35.8,0,0,38.7,1,1,13086,1,9614,10317,7861,14532,4272,2029,9209,8858,11027,1,11243,14130,14375,3144,2157,12854,5694,8846,20257,6657,8511,5947,10473,2246,150,7595,1,27:55
2024-25,1628370,Malik Monk,Malik,1610612758,SAC,Sacramento Kings,0022400528,2025-01-10T00:00:00,SAC @ BOS,W,36.63666666666666,8.8,23.6,0.375,2.9,10.8,0.273,1.0,1.0,1.0,1.0,2.0,2.9,7.9,1.0,1.0,1.0,2.9,3.9,2.0,21.6,17.7,41.9,0,0,39.3,1,1,13086,1,2262,4980,1205,16299,6686,2667,11838,13284,14240,1,13397,19779,19859,3033,15957,12096,7586,1397,7346,13243,6532,4674,6700,2246,150,7193,1,36:38
2024-25,1628989,Kevin Huerter,Kevin,1610612758,SAC,Sacramento Kings,0022400528,2025-01-10T00:00:00,SAC @ BOS,W,18.8,1.9,11.5,0.167,0.0,9.6,0.0,0.0,0.0,0.0,0.0,0.0,0.0,0.0,1.9,5.7,0.0,0.0,0.0,0.0,3.8,1.9,19.1,0,0,15.3,1,1,13086,1,16965,21558,14490,21938,15070,4009,15070,13505,14344,13505,14058,22137,23286,19908,10967,555,8263,8846,20257,17725,22640,11673,21576,2246,150,22950,1,18:48
2024-25,1627752,Taurean Prince,Taurean,1610612749,MIL,Milwaukee Bucks,0022400526,2025-01-10T00:00:00,MIL @ ORL,W,25.718333333333334,2.8,2.8,1.0,2.8,2.8,1.0,0.0,0.0,0.0,0.0,1.4,1.4,0.0,0.0,1.4,0.0,0.0,2.8,0.0,8.4,-8.4,14.3,0,0,15.4,1,1,13086,1,11384,19877,24555,1,7217,18059,1,13505,14344,13505,14058,21090,22696,19908,16469,8905,8263,8846,11650,17725,19595,17138,23407,2246,150,22917,1,25:43
2024-25,1629618,Jalen Pickett,Jalen,1610612743,DEN,Denver Nuggets,0022400531,2025-01-10T00:00:00,DEN vs. BKN,W,9.566666666666666,7.5,15.1,0.5,0.0,3.8,0.0,3.8,3.8,1.0,0.0,3.8,3.8,0.0,0.0,0.0,0.0,0.0,7.5,3.8,18.8,-3.8,23.3,0,0,22.6,1,1,13086,1,22255,7695,8509,8526,15070,16073,15070,6158,8340,1,14058,14433,17910,19908,16469,12854,8263,8846,1621,6951,9018,14927,19354,2246,150,19300,1,9:34
2024-25,1631207,Dalen Terry,Dalen,1610612741,CHI,Chicago Bulls,0022400530,2025-01-10T00:00:00,CHI vs. WAS,W,10.883333333333333,0.0,6.6,0.0,0.0,0.0,0.0,0.0,0.0,0.0,0.0,3.3,3.3,3.3,0.0,3.3,0.0,0.0,6.6,3.3,0.0,0.0,18.9,0,0,13.2,1,1,13086,1,21760,22635,21998,22635,15070,20945,15070,13505,14344,13505,14058,15768,18972,11949,16469,2547,8263,8846,2304,8226,23200,12240,21725,2246,150,23641,1,10:53
2024-25,1641730,Noah Clowney,Noah,1610612751,BKN,Brooklyn Nets,0022400531,2025-01-10T00:00:00,BKN @ DEN,L,29.863333333333333,3.6,10.8,0.333,1.2,6.0,0.2,8.4,8.4,1.0,1.2,4.8,6.0,2.4,0.0,1.2,0.0,1.2,2.4,4.8,16.9,-30.1,31.3,0,0,28.9,1,13222,1,13222,7916,18043,15612,17395,13328,10627,13429,1212,2235,1,11758,11360,12212,14841,16469,10129,8263,6215,13144,4453,10982,23763,13787,2246,150,14760,1,29:52
2024-25,203471,Dennis Schröder,Dennis,1610612744,GSW,Golden State Warriors,0022400525,2025-01-10T00:00:00,GSW @ IND,L,28.696666666666665,6.3,16.3,0.385,1.3,7.5,0.167,1.3,1.3,1.0,0.0,2.5,2.5,5.0,3.8,2.5,0.0,2.5,5.0,0.0,15.1,-12.5,29.4,0,0,28.9,1,13222,1,13222,8934,10793,6670,16070,13073,7333,14236,12438,13808,1,14058,18162,20796,7422,4407,4360,8263,2029,4565,17725,12852,18963,15243,2246,150,14822,1,28:42
2024-25,1629026,Kenrich Williams,Kenrich,1610612760,OKC,Oklahoma City Thunder,0022400529,2025-01-10T00:00:00,OKC @ NYK,W,22.266666666666666,3.2,12.9,0.25,0.0,3.2,0.0,1.6,1.6,1.0,1.6,9.7,11.3,0.0,1.6,0.0,1.6,1.6,3.2,3.2,8.1,16.2,24.9,0,0,22.6,1,1,13086,1,14302,18923,11965,20233,15070,17207,15070,11568,13376,1,9853,2821,4113,19908,12268,12854,4510,4389,9723,8444,19848,5197,18359,2246,150,19254,1,22:16
2024-25,1641741,Ricky Council IV,Ricky,1610612755,PHI,Philadelphia 76ers,0022400527,2025-01-10T00:00:00,PHI vs. NOP,L,17.383333333333333,10.4,14.5,0.714,2.1,6.2,0.333,4.1,4.1,1.0,2.1,0.0,2.1,0.0,0.0,0.0,0.0,0.0,4.1,2.1,26.9,-26.9,29.4,0,0,31.1,1,13222,1,13222,18012,2865,9359,2752,9811,10168,9209,5455,7542,1,8076,22137,21666,19908,16469,12854,8263,8846,6710,12758,3243,23233,15208,2246,150,13107,1,17:23
2024-25,1641722,Jordan Hawkins,Jordan,1610612740,NOP,New Orleans Pelicans,0022400527,2025-01-10T00:00:00,NOP @ PHI,W,31.133333333333333,8.1,17.3,0.467,5.8,12.7,0.455,2.3,3.5,0.667,1.2,1.2,2.3,2.3,0.0,2.3,0.0,0.0,0.0,2.3,24.3,-6.9,37.5,0,0,39.3,1,1,13086,1,6760,6430,5402,12249,1496,1418,7148,9581,8946,9425,12063,21614,21175,15184,16469,4989,8263,8846,20257,11698,4622,16487,9367,2246,150,7184,1,31:08
2024-25,1631216,Caleb Houstan,Caleb,1610612753,ORL,Orlando Magic,0022400526,2025-01-10T00:00:00,ORL vs. MIL,L,29.461666666666666,2.4,6.1,0.4,1.2,4.9,0.25,0.0,0.0,0.0,2.4,1.2,3.7,2.4,0.0,0.0,0.0,0.0,6.1,0.0,6.1,-3.7,14.2,0,0,13.4,1,13222,1,13222,8263,20563,22507,14933,13256,13470,11902,13505,14344,13505,6794,21463,18165,14724,16469,12854,8263,8846,2811,17725,21313,14880,23439,2246,150,23572,1,29:28
2024-25,1627750,Jamal Murray,Jamal,1610612743,DEN,Denver Nuggets,0022400531,2025-01-10T00:00:00,DEN vs. BKN,W,16.15,4.5,11.1,0.4,2.2,4.5,0.5,4.5,4.5,1.0,0.0,0.0,0.0,6.7,6.7,2.2,0.0,0.0,0.0,2.2,15.6,0.0,25.6,0,0,29.0,1,1,13086,1,18827,15899,15111,14933,9123,14552,3944,4896,6918,1,14058,22137,23286,4444,1031,5273,8263,8846,20257,12033,12316,12240,17857,2246,150,14721,1,16:09
2024-25,203114,Khris Middleton,Khris,1610612749,MIL,Milwaukee Bucks,0022400526,2025-01-10T00:00:00,MIL @ ORL,W,22.583333333333332,8.0,15.9,0.5,1.6,8.0,0.2,0.0,0.0,0.0,0.0,4.8,4.8,6.4,1.6,1.6,0.0,1.6,0.0,3.2,17.5,9.6,36.0,0,0,33.5,1,1,13086,1,14045,6686,7194,8526,11691,6487,13429,13505,14344,13505,14058,11482,15338,4887,12356,8008,8263,4448,20257,8598,10288,7912,10353,2246,150,11261,1,22:35
2024-25,1642273,Kyshawn George,Kyshawn,1610612764,WAS,Washington Wizards,0022400530,2025-01-10T00:00:00,WAS @ CHI,L,25.533333333333335,5.6,15.5,0.364,5.6,11.3,0.5,0.0,0.0,0.0,2.8,2.8,5.6,2.8,2.8,0.0,1.4,2.8,2.8,0.0,16.9,-21.1,29.3,0,0,33.8,1,13222,1,13222,11556,12582,7809,16861,1625,2271,3944,13505,14344,13505,5807,17334,13176,13521,7147,12854,5186,1574,11549,17725,10940,21872,15265,2246,150,10972,1,25:32
2024-25,1626168,Trey Lyles,Trey,1610612758,SAC,Sacramento Kings,0022400528,2025-01-10T00:00:00,SAC @ BOS,W,27.98,2.6,6.4,0.4,1.3,5.1,0.25,2.6,2.6,1.0,6.4,7.7,14.2,3.9,1.3,1.3,1.3,1.3,2.6,2.6,9.0,14.2,38.2,0,0,33.5,1,1,13086,1,9564,20325,22173,14933,12908,12834,11902,8872,11041,1,1402,5132,2167,10343,13870,9537,5709,5722,12519,10722,19073,5958,8885,2246,150,11278,1,27:59
2024-25,1631114,Jalen Williams,Jalen,1610612760,OKC,Oklahoma City Thunder,0022400529,2025-01-10T00:00:00,OKC @ NYK,W,33.31666666666667,8.6,17.3,0.5,0.0,3.2,0.0,3.2,4.3,0.75,0.0,4.3,4.3,5.4,1.1,1.1,2.2,1.1,3.2,3.2,20.5,5.4,42.5,0,0,36.7,1,1,13086,1,4886,5357,5467,8526,15070,17194,15070,7227,7161,8186,14058,12741,16482,6632,15271,11191,3042,7222,9687,8432,7465,9888,6392,2246,150,8892,1,33:19
2024-25,1626167,Myles Turner,Myles,1610612754,IND,Indiana Pacers,0022400525,2025-01-10T00:00:00,IND vs. GSW,W,29.316666666666666,3.7,11.1,0.333,1.2,4.9,0.25,4.9,7.4,0.667,0.0,9.8,9.8,2.5,1.2,1.2,3.7,0.0,2.5,3.7,13.5,25.8,42.5,0,0,36.8,1,1,13086,1,8382,17880,15276,17395,13219,13407,11902,4171,3030,9425,14058,2706,5639,14694,14245,9957,1093,8846,12960,7174,14494,2655,6378,2246,150,8820,1,29:19
2024-25,1630573,Sam Hauser,Sam,1610612738,BOS,Boston Celtics,0022400528,2025-01-10T00:00:00,BOS vs. SAC,L,12.9,8.4,16.7,0.5,2.8,11.2,0.25,0.0,0.0,0.0,2.8,2.8,5.6,2.8,5.6,0.0,2.8,0.0,0.0,0.0,19.5,-22.3,33.2,0,0,36.3,1,13222,1,13222,20793,5856,6128,8526,7245,2367,11902,13505,14344,13505,5886,17428,13324,13611,1740,12854,1962,8846,20257,17725,8328,22170,12420,2246,150,9171,1,12:54
2024-25,1630549,Day'Ron Sharpe,Day'Ron,1610612751,BKN,Brooklyn Nets,0022400531,2025-01-10T00:00:00,BKN @ DEN,L,19.266666666666666,5.6,13.1,0.429,0.0,5.6,0.0,1.9,1.9,1.0,3.7,5.6,9.3,5.6,0.0,0.0,0.0,0.0,7.5,5.6,13.1,0.0,32.7,0,0,28.0,1,13222,1,13222,16614,12689,11713,13735,15070,11706,15070,11055,13069,1,3981,9293,6265,6238,16469,12854,8263,8846,1659,3182,15012,12240,12803,2246,150,15405,1,19:16
2024-25,1630167,Obi Toppin,Obi,1610612754,IND,Indiana Pacers,0022400525,2025-01-10T00:00:00,IND vs. GSW,W,16.233333333333334,2.2,6.7,0.333,0.0,4.4,0.0,0.0,0.0,0.0,0.0,8.9,8.9,2.2,2.2,0.0,4.4,0.0,2.2,2.2,4.4,-8.9,29.5,0,0,24.4,1,1,13086,1,18766,21000,21949,17395,15070,14606,15070,13505,14344,13505,14058,3640,6923,15563,9442,12854,703,8846,14020,12086,22325,17365,15155,2246,150,18083,1,16:14
2024-25,1629673,Jordan Poole,Jordan,1610612764,WAS,Washington Wizards,0022400530,2025-01-10T00:00:00,WAS @ CHI,L,24.023333333333333,10.5,19.5,0.538,9.0,13.5,0.667,3.0,3.0,1.0,0.0,3.0,3.0,3.0,4.5,0.0,0.0,1.5,0.0,3.0,33.0,-22.5,36.6,0,0,48.0,1,13222,1,13222,12883,2723,3359,7978,300,1104,1957,7820,9986,1,14058,16748,19752,12946,3004,12854,8263,4783,20257,9275,1332,22216,9990,2246,150,3160,1,24:01
2024-25,1630175,Cole Anthony,Cole,1610612753,ORL,Orlando Magic,0022400526,2025-01-10T00:00:00,ORL vs. MIL,L,35.285,5.1,15.3,0.333,3.1,10.2,0.3,5.1,8.2,0.625,2.0,5.1,7.1,2.0,2.0,2.0,1.0,0.0,1.0,4.1,18.4,3.1,37.1,0,0,36.7,1,13222,1,13222,3253,14088,8108,17395,6320,3271,11319,3886,2401,10271,8205,10568,9872,16220,10297,6055,7345,8846,19576,6092,9450,11080,9596,2246,150,8898,1,35:17
2024-25,1630631,Jose Alvarado,Jose,1610612740,NOP,New Orleans Pelicans,0022400527,2025-01-10T00:00:00,NOP @ PHI,W,23.35,6.2,12.3,0.5,4.6,9.3,0.5,3.1,3.1,1.0,0.0,3.1,3.1,13.9,1.5,3.1,0.0,0.0,3.1,3.1,20.0,29.3,52.3,0,0,47.8,1,1,13086,1,13419,11054,13025,8526,2848,4453,3944,7588,9762,1,14058,16453,19514,404,12574,2968,8263,8846,10338,8950,7892,2069,2652,2246,150,3227,1,23:21
2024-25,203937,Kyle Anderson,Kyle,1610612744,GSW,Golden State Warriors,0022400525,2025-01-10T00:00:00,GSW @ IND,L,25.95,5.5,12.5,0.444,0.0,2.8,0.0,0.0,0.0,0.0,2.8,6.9,9.7,6.9,1.4,1.4,1.4,1.4,1.4,1.4,11.1,-31.9,40.1,0,0,33.3,1,13222,1,13222,11194,12849,12745,13045,15070,18115,15070,13505,14344,13505,5921,6473,5784,4088,13355,8971,5281,5227,17672,15507,17089,24018,7702,2246,150,11406,1,25:57
2024-25,1630346,Matt Ryan,Matt,1610612752,NYK,New York Knicks,0022400529,2025-01-10T00:00:00,NYK vs. OKC,L,2.3,15.7,31.3,0.5,0.0,0.0,0.0,0.0,0.0,0.0,0.0,15.7,15.7,0.0,0.0,0.0,0.0,0.0,0.0,0.0,31.3,47.0,50.1,0,0,47.0,1,13222,1,13222,25316,395,224,8526,15070,20945,15070,13505,14344,13505,14058,473,1536,19908,16469,12854,8263,8846,20257,17725,1693,636,3248,2246,150,3488,1,2:18
2024-25,1629651,Nic Claxton,Nic,1610612751,BKN,Brooklyn Nets,0022400531,2025-01-10T00:00:00,BKN @ DEN,L,26.55,6.8,10.8,0.625,0.0,0.0,0.0,0.0,2.7,0.0,1.4,6.8,8.1,1.4,1.4,4.1,2.7,0.0,2.7,1.4,13.6,-35.3,44.3,0,0,36.6,1,13222,1,13222,10687,9473,15615,4899,15070,20945,15070,13505,10714,13505,10951,6737,8031,18480,13537,1570,2066,8846,11992,15642,14429,24441,5502,2246,150,8968,1,26:33
2024-25,1628973,Jalen Brunson,Jalen,1610612752,NYK,New York Knicks,0022400529,2025-01-10T00:00:00,NYK vs. OKC,L,33.06666666666667,7.6,16.3,0.467,1.1,2.2,0.5,13.1,13.1,1.0,0.0,1.1,1.1,5.4,4.4,0.0,0.0,1.1,3.3,9.8,29.4,-25.0,34.5,0,0,37.0,1,13222,1,13222,5096,7460,6637,12249,14012,19208,3944,260,577,1,14058,21778,23097,6546,3211,12854,8263,7155,9588,454,2300,22814,11438,2246,150,8710,1,33:04
2024-25,1630288,Jeff Dowtin Jr.,Jeff,1610612755,PHI,Philadelphia 76ers,0022400527,2025-01-10T00:00:00,PHI vs. NOP,L,5.25,6.9,13.7,0.5,0.0,0.0,0.0,0.0,0.0,0.0,0.0,6.9,6.9,0.0,0.0,0.0,0.0,0.0,6.9,6.9,13.7,-20.6,21.9,0,0,20.6,1,13222,1,13222,23889,9273,10629,8526,15070,20945,15070,13505,14344,13505,14058,6610,10414,19908,16469,12854,8263,8846,2097,1773,14256,21717,20178,2246,150,20526,1,5:15
2024-25,1629674,Neemias Queta,Neemias,1610612738,BOS,Boston Celtics,0022400528,2025-01-10T00:00:00,BOS vs. SAC,L,2.1333333333333333,0.0,0.0,0.0,0.0,0.0,0.0,0.0,0.0,0.0,0.0,0.0,0.0,0.0,0.0,0.0,0.0,0.0,0.0,0.0,0.0,-50.6,0.0,0,0,0.0,1,13222,1,13222,25401,22635,24836,22635,15070,20945,15070,13505,14344,13505,14058,22137,23286,19908,16469,12854,8263,8846,20257,17725,23200,25419,25228,2246,150,25259,1,2:08
2024-25,1627759,Jaylen Brown,Jaylen,1610612738,BOS,Boston Celtics,0022400528,2025-01-10T00:00:00,BOS vs. SAC,L,35.1,9.2,19.5,0.474,1.0,5.1,0.2,9.2,11.3,0.818,1.0,0.0,1.0,5.1,1.0,1.0,1.0,2.1,2.1,7.2,28.7,-9.2,42.8,0,0,40.0,1,13222,1,13222,3384,4312,3355,12072,14392,12885,13429,931,955,7652,13054,22137,23186,7184,15668,11710,7308,3055,14868,1523,2516,17540,6236,2246,150,6780,1,35:06
2024-25,1630531,Jaden Springer,Jaden,1610612738,BOS,Boston Celtics,0022400528,2025-01-10T00:00:00,BOS vs. SAC,L,2.1333333333333333,0.0,0.0,0.0,0.0,0.0,0.0,0.0,0.0,0.0,0.0,0.0,0.0,0.0,0.0,0.0,0.0,0.0,16.9,0.0,0.0,-50.6,0.0,0,0,0.0,1,13222,1,13222,25401,22635,24836,22635,15070,20945,15070,13505,14344,13505,14058,22137,23286,19908,16469,12854,8263,8846,180,17725,23200,25419,25228,2246,150,25259,1,2:08
2024-25,1630537,Chris Duarte,Chris,1610612741,CHI,Chicago Bulls,0022400530,2025-01-10T00:00:00,CHI vs. WAS,W,3.4166666666666665,0.0,0.0,0.0,0.0,0.0,0.0,0.0,0.0,0.0,0.0,0.0,0.0,0.0,0.0,0.0,0.0,0.0,0.0,0.0,0.0,10.5,0.0,0,0,0.0,1,1,13086,1,24757,22635,24836,22635,15070,20945,15070,13505,14344,13505,14058,22137,23286,19908,16469,12854,8263,8846,20257,17725,23200,7451,25228,2246,150,25259,1,3:25
2024-25,1641763,Julian Phillips,Julian,1610612741,CHI,Chicago Bulls,0022400530,2025-01-10T00:00:00,CHI vs. WAS,W,12.883333333333333,2.8,8.4,0.333,0.0,2.8,0.0,0.0,0.0,0.0,2.8,2.8,5.6,0.0,0.0,0.0,0.0,0.0,0.0,0.0,5.6,27.9,12.3,0,0,11.2,1,1,13086,1,20803,19888,19661,17395,15070,18067,15070,13505,14344,13505,5874,17412,13316,19908,16469,12854,8263,8846,20257,17725,21670,2279,23947,2246,150,24179,1,12:53
2024-25,201949,James Johnson,James,1610612754,IND,Indiana Pacers,0022400525,2025-01-10T00:00:00,IND vs. GSW,W,1.85,0.0,0.0,0.0,0.0,0.0,0.0,0.0,0.0,0.0,0.0,0.0,0.0,0.0,0.0,0.0,0.0,0.0,19.5,0.0,0.0,-97.3,0.0,0,0,0.0,1,1,13086,1,25566,22635,24836,22635,15070,20945,15070,13505,14344,13505,14058,22137,23286,19908,16469,12854,8263,8846,124,17725,23200,26130,25228,2246,150,25259,1,1:51
2024-25,1641736,Reece Beekman,Reece,1610612751,BKN,Brooklyn Nets,0022400531,2025-01-10T00:00:00,BKN @ DEN,L,12.366666666666667,2.9,5.8,0.5,2.9,2.9,1.0,0.0,0.0,0.0,2.9,0.0,2.9,5.8,2.9,0.0,0.0,0.0,0.0,5.8,8.7,32.0,18.0,0,0,20.4,1,13222,1,13222,21065,19628,22790,8526,6827,17836,1,13505,14344,13505,5562,22137,19961,5806,6792,12854,8263,8846,20257,2859,19317,1729,22072,2246,150,20639,1,12:22
2024-25,1642277,Johnny Furphy,Johnny,1610612754,IND,Indiana Pacers,0022400525,2025-01-10T00:00:00,IND vs. GSW,W,1.85,0.0,0.0,0.0,0.0,0.0,0.0,0.0,0.0,0.0,0.0,0.0,0.0,0.0,0.0,0.0,0.0,0.0,0.0,0.0,0.0,-97.3,0.0,0,0,0.0,1,1,13086,1,25566,22635,24836,22635,15070,20945,15070,13505,14344,13505,14058,22137,23286,19908,16469,12854,8263,8846,20257,17725,23200,26130,25228,2246,150,25259,1,1:51
2024-25,1641816,Hunter Tyson,Hunter,1610612743,DEN,Denver Nuggets,0022400531,2025-01-10T00:00:00,DEN vs. BKN,W,0.7,0.0,0.0,0.0,0.0,0.0,0.0,0.0,0.0,0.0,0.0,0.0,0.0,0.0,0.0,0.0,0.0,0.0,0.0,0.0,0.0,-154.3,0.0,0,0,0.0,1,1,13086,1,26159,22635,24836,22635,15070,20945,15070,13505,14344,13505,14058,22137,23286,19908,16469,12854,8263,8846,20257,17725,23200,26259,25228,2246,150,25259,1,0:42
2024-25,1629018,Gary Trent Jr.,Gary,1610612749,MIL,Milwaukee Bucks,0022400526,2025-01-10T00:00:00,MIL @ ORL,W,23.633333333333333,1.5,4.6,0.333,1.5,3.0,0.5,0.0,0.0,0.0,0.0,4.6,4.6,1.5,1.5,0.0,0.0,0.0,3.0,0.0,4.6,7.6,10.8,0,0,12.2,1,1,13086,1,13200,22142,23759,17395,11951,17560,3944,13505,14344,13505,14058,12072,15879,17893,12647,12854,8263,8846,10502,17725,22251,8821,24277,2246,150,23943,1,23:38
2024-25,1642484,RayJ Dennis,RayJ,1610612754,IND,Indiana Pacers,0022400525,2025-01-10T00:00:00,IND vs. GSW,W,1.85,0.0,0.0,0.0,0.0,0.0,0.0,0.0,0.0,0.0,0.0,0.0,0.0,0.0,19.5,0.0,0.0,0.0,0.0,0.0,0.0,-97.3,-19.5,0,0,0.0,1,1,13086,1,25566,22635,24836,22635,15070,20945,15070,13505,14344,13505,14058,22137,23286,19908,57,12854,8263,8846,20257,17725,23200,26130,26276,2246,150,25259,1,1:51
2024-25,201143,Al Horford,Al,1610612738,BOS,Boston Celtics,0022400528,2025-01-10T00:00:00,BOS vs. SAC,L,23.2,1.6,6.2,0.25,0.0,4.7,0.0,0.0,0.0,0.0,1.6,4.7,6.2,1.6,0.0,0.0,0.0,0.0,1.6,0.0,3.1,-1.6,12.9,0,0,10.9,1,13222,1,13222,13550,22108,22415,20233,15070,14066,15070,13505,14344,13505,10113,11837,11810,17802,16469,12854,8263,8846,17037,17725,22922,13818,23799,2246,150,24251,1,23:12
2024-25,1628464,Daniel Theis,Daniel,1610612740,NOP,New Orleans Pelicans,0022400527,2025-01-10T00:00:00,NOP @ PHI,W,17.75,12.2,18.3,0.667,0.0,4.1,0.0,0.0,0.0,0.0,2.0,6.1,8.1,0.0,0.0,2.0,2.0,0.0,2.0,12.2,24.3,32.5,46.2,0,0,40.6,1,1,13086,1,17741,1418,4403,3281,15070,15464,15070,13505,14344,13505,8268,8134,8070,19908,16469,6119,3400,8846,14976,190,4587,1685,4652,2246,150,6468,1,17:45
2024-25,1628392,Isaiah Hartenstein,Isaiah,1610612760,OKC,Oklahoma City Thunder,0022400529,2025-01-10T00:00:00,OKC @ NYK,W,29.966666666666665,2.4,7.2,0.333,0.0,0.0,0.0,2.4,2.4,1.0,1.2,9.6,10.8,7.2,8.4,2.4,2.4,0.0,4.8,1.2,7.2,12.0,37.0,0,0,34.8,1,1,13086,1,7812,20657,21310,17395,15070,20945,15070,9327,11479,1,11788,2909,4585,3746,518,4691,2545,8846,5042,16394,20555,6789,9697,2246,150,10196,1,29:58
2024-25,1628976,Wendell Carter Jr.,Wendell,1610612753,ORL,Orlando Magic,0022400526,2025-01-10T00:00:00,ORL vs. MIL,L,25.45,0.0,5.7,0.0,0.0,1.4,0.0,2.8,5.7,0.5,1.4,5.7,7.1,4.2,0.0,1.4,1.4,0.0,5.7,5.7,2.8,-12.7,26.2,0,0,19.8,1,13222,1,13222,11624,22635,22938,22635,15070,20367,15070,8265,4963,10625,10681,9146,10007,9268,16469,8822,5168,8846,3458,3104,22990,19033,17495,2246,150,20979,1,25:27
2024-25,1630611,Gui Santos,Gui,1610612744,GSW,Golden State Warriors,0022400525,2025-01-10T00:00:00,GSW @ IND,L,23.956666666666667,6.0,7.5,0.8,3.0,3.0,1.0,1.5,3.0,0.5,1.5,3.0,4.5,4.5,1.5,3.0,0.0,0.0,3.0,4.5,16.5,13.5,36.2,0,0,34.6,1,13222,1,13222,12944,11476,20908,1688,6486,17629,1,11794,9962,10625,10313,16701,16040,8638,12730,3130,8263,8846,10687,5124,11363,6196,10225,2246,150,10394,1,23:57
2024-25,1630264,Anthony Gill,Anthony,1610612764,WAS,Washington Wizards,0022400530,2025-01-10T00:00:00,WAS @ CHI,L,3.565,0.0,0.0,0.0,0.0,0.0,0.0,0.0,0.0,0.0,0.0,0.0,0.0,10.1,0.0,0.0,0.0,0.0,10.1,0.0,0.0,-40.4,15.1,0,0,10.1,1,13222,1,13222,24688,22635,24836,22635,15070,20945,15070,13505,14344,13505,14058,22137,23286,1388,16469,12854,8263,8846,683,17725,23200,24868,23127,2246,150,24404,1,3:34
2024-25,1631218,Trayce Jackson-Davis,Trayce,1610612744,GSW,Golden State Warriors,0022400525,2025-01-10T00:00:00,GSW @ IND,L,27.25,4.0,7.9,0.5,0.0,0.0,0.0,4.0,5.3,0.75,4.0,9.2,13.2,1.3,0.0,2.6,1.3,0.0,1.3,2.6,11.9,-7.9,41.6,0,0,34.3,1,13222,1,13222,10145,17180,20375,8526,15070,20945,15070,5760,5489,8186,3645,3256,2661,18589,16469,4038,5556,8846,17951,10503,16248,16944,6822,2246,150,10569,1,27:15
2024-25,1630243,Trevelin Queen,Trevelin,1610612753,ORL,Orlando Magic,0022400526,2025-01-10T00:00:00,ORL vs. MIL,L,1.8166666666666667,0.0,0.0,0.0,0.0,0.0,0.0,0.0,0.0,0.0,0.0,0.0,0.0,0.0,0.0,0.0,0.0,0.0,0.0,0.0,0.0,-19.8,0.0,0,0,0.0,1,13222,1,13222,25590,22635,24836,22635,15070,20945,15070,13505,14344,13505,14058,22137,23286,19908,16469,12854,8263,8846,20257,17725,23200,21497,25228,2246,150,25259,1,1:49
2024-25,1642267,Bub Carrington,Bub,1610612764,WAS,Washington Wizards,0022400530,2025-01-10T00:00:00,WAS @ CHI,L,22.316666666666666,1.6,9.7,0.167,0.0,8.1,0.0,0.0,0.0,0.0,0.0,1.6,1.6,4.8,0.0,1.6,0.0,0.0,0.0,0.0,3.2,-32.3,17.3,0,0,12.9,1,13222,1,13222,14262,22012,17615,21938,15070,6341,15070,13505,14344,13505,14058,20649,22422,7816,16469,7938,8263,8846,20257,17725,22878,24063,22391,2246,150,23741,1,22:19
2024-25,1626172,Kevon Looney,Kevon,1610612744,GSW,Golden State Warriors,0022400525,2025-01-10T00:00:00,GSW @ IND,L,13.6,2.6,10.6,0.25,0.0,2.6,0.0,0.0,0.0,0.0,5.3,13.2,18.5,5.3,2.6,5.3,0.0,2.6,5.3,2.6,5.3,-31.8,48.7,0,0,39.7,1,13222,1,13222,20422,20189,16062,20233,15070,18354,15070,13505,14344,13505,2098,946,788,6831,7707,742,8263,1810,4028,10481,21851,23999,3739,2246,150,6944,1,13:36
2024-25,1630526,Jeremiah Robinson-Earl,Jeremiah,1610612740,NOP,New Orleans Pelicans,0022400527,2025-01-10T00:00:00,NOP @ PHI,W,22.4,0.0,3.2,0.0,0.0,1.6,0.0,0.0,0.0,0.0,1.6,9.6,11.3,8.0,0.0,0.0,0.0,0.0,3.2,3.2,0.0,27.3,25.6,0,0,19.3,1,1,13086,1,14192,22635,24422,22635,15070,20157,15070,13505,14344,13505,9890,2879,4194,2854,16469,12854,8263,8846,9803,8511,23200,2373,17904,2246,150,21248,1,22:24
2024-25,1628418,Thomas Bryant,Thomas,1610612754,IND,Indiana Pacers,0022400525,2025-01-10T00:00:00,IND vs. GSW,W,16.833333333333332,4.3,6.4,0.667,2.1,4.3,0.5,0.0,0.0,0.0,2.1,6.4,8.6,2.1,0.0,4.3,4.3,0.0,0.0,4.3,10.7,-8.6,49.8,0,0,40.6,1,1,13086,1,18364,16379,22183,3281,9513,14967,3944,13505,14344,13505,7805,7470,7389,15862,16469,1390,766,8846,20257,5651,17476,17208,3319,2246,150,6423,1,16:50
2024-25,1642505,Alex Ducas,Alex,1610612760,OKC,Oklahoma City Thunder,0022400529,2025-01-10T00:00:00,OKC @ NYK,W,2.3,0.0,15.7,0.0,0.0,15.7,0.0,0.0,0.0,0.0,0.0,0.0,0.0,0.0,0.0,0.0,0.0,0.0,0.0,0.0,0.0,-47.0,0.0,0,0,0.0,1,1,13086,1,25316,22635,7604,22635,15070,571,15070,13505,14344,13505,14058,22137,23286,19908,16469,12854,8263,8846,20257,17725,23200,25268,25228,2246,150,25259,1,2:18
2024-25,1628997,Caleb Martin,Caleb,1610612755,PHI,Philadelphia 76ers,0022400527,2025-01-10T00:00:00,PHI vs. NOP,L,35.848333333333336,2.0,8.0,0.25,1.0,3.0,0.333,0.0,0.0,0.0,1.0,2.0,3.0,4.0,0.0,1.0,1.0,2.0,2.0,1.0,5.0,-1.0,20.7,0,0,17.1,1,13222,1,13222,2799,21392,20201,20233,14527,17613,9209,13505,14344,13505,13225,19636,19690,9889,16469,11917,7456,3202,15091,17383,21994,13543,20848,2246,150,22272,1,35:51
2024-25,1641716,Jarace Walker,Jarace,1610612754,IND,Indiana Pacers,0022400525,2025-01-10T00:00:00,IND vs. GSW,W,6.85,0.0,15.8,0.0,0.0,0.0,0.0,0.0,0.0,0.0,5.3,10.5,15.8,0.0,5.3,0.0,0.0,0.0,5.3,0.0,0.0,-47.3,13.7,0,0,15.8,1,1,13086,1,23234,22635,7448,22635,15070,20945,15070,13505,14344,13505,2133,2219,1494,19908,2055,12854,8263,8846,4090,17725,23200,25282,23586,2246,150,22799,1,6:51
2024-25,1630533,Ziaire Williams,Ziaire,1610612751,BKN,Brooklyn Nets,0022400531,2025-01-10T00:00:00,BKN @ DEN,L,23.1,4.7,12.5,0.375,3.1,9.4,0.333,3.1,6.2,0.5,3.1,4.7,7.8,4.7,3.1,3.1,0.0,0.0,3.1,4.7,15.6,-24.9,38.2,0,0,37.4,1,13222,1,13222,13631,15297,12784,16299,6177,4303,9209,7501,4194,10625,5102,11780,8628,8242,6075,2896,8263,8846,10211,4768,12341,22797,8903,2246,150,8427,1,23:06
2024-25,1628398,Kyle Kuzma,Kyle,1610612764,WAS,Washington Wizards,0022400530,2025-01-10T00:00:00,WAS @ CHI,L,20.716666666666665,1.7,10.4,0.167,0.0,3.5,0.0,5.2,7.0,0.75,0.0,8.7,8.7,5.2,5.2,0.0,1.7,0.0,1.7,5.2,8.7,-36.5,26.9,0,0,26.1,1,13222,1,13222,15477,21852,16346,21938,15070,16700,15070,3760,3414,8186,14058,3852,7181,7010,2102,12854,4202,8846,16421,3759,19358,24565,16997,2246,150,16887,1,20:43
2024-25,1631098,Johnny Davis,Johnny,1610612764,WAS,Washington Wizards,0022400530,2025-01-10T00:00:00,WAS @ CHI,L,6.226666666666667,11.6,17.3,0.667,5.8,11.6,0.5,0.0,0.0,0.0,0.0,0.0,0.0,0.0,0.0,5.8,0.0,0.0,0.0,0.0,28.9,-34.7,46.3,0,0,46.3,1,13222,1,13222,23503,1830,5402,3281,1496,2053,3944,13505,14344,13505,14058,22137,23286,19908,16469,538,8263,8846,20257,17725,2453,24376,4648,2246,150,3728,1,6:14
2024-25,201942,DeMar DeRozan,DeMar,1610612758,SAC,Sacramento Kings,0022400528,2025-01-10T00:00:00,SAC @ BOS,W,40.18333333333333,8.1,23.3,0.346,1.8,4.5,0.4,3.6,4.5,0.8,0.0,3.6,3.6,8.1,0.0,0.9,0.9,0.9,1.8,4.5,21.5,13.4,43.3,0,0,38.5,1,1,13086,1,517,6500,1280,17386,11106,14496,7874,6524,6877,7681,14058,14976,18359,2824,16469,12684,8100,8680,16222,5190,6634,6221,6000,2246,150,7693,1,40:11
2024-25,1629048,Goga Bitadze,Goga,1610612753,ORL,Orlando Magic,0022400526,2025-01-10T00:00:00,ORL vs. MIL,L,22.55,3.2,6.4,0.5,0.0,0.0,0.0,0.0,0.0,0.0,1.6,6.4,8.0,1.6,0.0,0.0,0.0,1.6,3.2,1.6,6.4,9.6,18.4,0,0,16.0,1,13222,1,13222,14074,19012,22229,8526,15070,20945,15070,13505,14344,13505,9937,7533,8300,17660,16469,12854,8263,4442,9895,14644,21136,7905,21942,2246,150,22721,1,22:33
2024-25,1630581,Josh Giddey,Josh,1610612741,CHI,Chicago Bulls,0022400530,2025-01-10T00:00:00,CHI vs. WAS,W,31.576666666666668,5.7,12.5,0.455,2.3,4.6,0.5,0.0,0.0,0.0,2.3,12.5,14.8,8.0,1.1,3.4,0.0,2.3,0.0,0.0,13.7,26.2,52.6,1,0,45.6,1,1,13086,1,6362,12419,12670,12676,8923,14292,3944,13505,14344,13505,7309,1146,1860,2908,14865,2351,8263,2471,20257,17725,14299,2579,2576,1,150,3972,1,31:35
2024-25,1641731,Bilal Coulibaly,Bilal,1610612764,WAS,Washington Wizards,0022400530,2025-01-10T00:00:00,WAS @ CHI,L,29.316666666666666,3.7,11.1,0.333,1.2,4.9,0.25,0.0,0.0,0.0,0.0,2.5,2.5,6.1,2.5,2.5,1.2,0.0,2.5,0.0,8.6,-35.6,29.3,0,0,25.8,1,13222,1,13222,8382,17880,15276,17395,13219,13407,11902,13505,14344,13505,14058,18311,20888,5265,8426,4519,6004,8846,12960,17725,19433,24474,15250,2246,150,17079,1,29:19
2024-25,1629013,Landry Shamet,Landry,1610612752,NYK,New York Knicks,0022400529,2025-01-10T00:00:00,NYK vs. OKC,L,15.233333333333333,2.4,14.2,0.167,2.4,11.8,0.2,0.0,0.0,0.0,0.0,2.4,2.4,0.0,0.0,2.4,0.0,2.4,2.4,0.0,7.1,-11.8,17.0,0,0,16.5,1,13222,1,13222,19417,20736,9869,21938,8622,1891,13429,13505,14344,13505,14058,18589,21072,19908,16469,4819,8263,2301,13379,17725,20649,18672,22477,2246,150,22491,1,15:14
2024-25,1628401,Derrick White,Derrick,1610612738,BOS,Boston Celtics,0022400528,2025-01-10T00:00:00,BOS vs. SAC,L,27.35,1.3,10.5,0.125,0.0,7.9,0.0,1.3,1.3,1.0,0.0,1.3,1.3,3.9,0.0,1.3,2.6,0.0,1.3,1.3,3.9,-11.8,23.3,0,0,17.1,1,13222,1,13222,10062,22385,16162,22420,15070,6629,15070,12258,13706,1,14058,21253,22797,10076,16469,9372,2176,8846,17971,15827,22572,18684,19373,2246,150,22255,1,27:21
2024-25,1630169,Tyrese Haliburton,Tyrese,1610612754,IND,Indiana Pacers,0022400525,2025-01-10T00:00:00,IND vs. GSW,W,34.916666666666664,8.2,10.3,0.8,2.1,4.1,0.5,7.2,7.2,1.0,0.0,2.1,2.1,10.3,5.2,3.1,0.0,1.0,1.0,5.2,25.8,18.6,47.8,1,0,46.4,1,1,13086,1,3527,6089,16539,1688,9858,15289,3944,1860,3153,1,14058,19471,21675,1278,2163,2943,8263,7654,19522,3844,3790,4389,4035,1,150,3696,1,34:55
2024-25,1628436,Luke Kornet,Luke,1610612738,BOS,Boston Celtics,0022400528,2025-01-10T00:00:00,BOS vs. SAC,L,15.416666666666666,7.0,9.3,0.75,0.0,0.0,0.0,0.0,0.0,0.0,7.0,7.0,14.0,4.7,2.3,2.3,0.0,0.0,0.0,2.3,14.0,-9.3,42.5,0,0,37.4,1,13222,1,13222,19296,8918,18213,2107,15070,20945,15070,13505,14344,13505,1147,6349,2232,8256,8922,4915,8263,8846,20257,11606,13923,17601,6369,2246,150,8461,1,15:25
2024-25,1630178,Tyrese Maxey,Tyrese,1610612755,PHI,Philadelphia 76ers,0022400527,2025-01-10T00:00:00,PHI vs. NOP,L,40.63333333333333,8.9,17.7,0.5,1.8,7.1,0.25,7.1,7.1,1.0,1.8,3.5,5.3,10.6,0.9,0.9,0.0,0.9,0.9,4.4,26.6,0.0,50.7,1,0,46.1,1,13222,1,13222,428,4955,4991,8526,11179,8274,11902,1951,3285,1,9344,15103,14000,1150,16372,12716,8263,8709,20173,5283,3395,12240,3075,1,150,3792,1,40:38
2024-25,1641737,Adem Bona,Adem,1610612755,PHI,Philadelphia 76ers,0022400527,2025-01-10T00:00:00,PHI vs. NOP,L,13.513333333333334,0.0,0.0,0.0,0.0,0.0,0.0,0.0,0.0,0.0,2.7,2.7,5.3,0.0,2.7,0.0,5.3,0.0,10.7,0.0,0.0,-26.6,19.7,0,0,16.0,1,13222,1,13222,20488,22635,24836,22635,15070,20945,15070,13505,14344,13505,6196,17782,13981,19908,7642,12854,435,8846,590,17725,23200,23162,21304,2246,150,22714,1,13:31
2024-25,1630214,Xavier Tillman,Xavier,1610612738,BOS,Boston Celtics,0022400528,2025-01-10T00:00:00,BOS vs. SAC,L,2.1333333333333333,0.0,0.0,0.0,0.0,0.0,0.0,0.0,0.0,0.0,0.0,0.0,0.0,16.9,16.9,0.0,0.0,0.0,0.0,0.0,0.0,-50.6,8.4,0,0,16.9,1,13222,1,13222,25401,22635,24836,22635,15070,20945,15070,13505,14344,13505,14058,22137,23286,165,86,12854,8263,8846,20257,17725,23200,25419,24639,2246,150,22359,1,2:08
2024-25,1627824,Guerschon Yabusele,Guerschon,1610612755,PHI,Philadelphia 76ers,0022400527,2025-01-10T00:00:00,PHI vs. NOP,L,31.455,3.4,5.7,0.6,0.0,1.1,0.0,0.0,0.0,0.0,1.1,6.9,8.0,0.0,2.3,1.1,0.0,0.0,4.6,1.1,6.9,4.6,17.6,0,0,17.2,1,13222,1,13222,6449,18471,22883,5394,15070,20690,15070,13505,14344,13505,12165,6591,8246,19908,9132,10642,8263,8846,5597,16687,20811,10352,22252,2246,150,22229,1,31:27
2024-25,1631128,Christian Braun,Christian,1610612743,DEN,Denver Nuggets,0022400531,2025-01-10T00:00:00,DEN vs. BKN,W,29.085,5.0,8.7,0.571,1.2,1.2,1.0,2.5,2.5,1.0,0.0,8.7,8.7,0.0,1.2,1.2,0.0,1.2,3.7,1.2,13.6,22.3,26.5,0,0,26.0,1,1,13086,1,8607,14541,19248,6538,13164,20571,1,9120,11271,1,14058,3869,7206,19908,14180,9888,8263,6009,8029,16195,14365,3404,17298,2246,150,16938,1,29:05
2024-25,1630172,Patrick Williams,Patrick,1610612741,CHI,Chicago Bulls,0022400530,2025-01-10T00:00:00,CHI vs. WAS,W,19.39,1.9,14.9,0.125,0.0,7.4,0.0,0.0,0.0,0.0,1.9,3.7,5.6,5.6,3.7,5.6,0.0,0.0,5.6,0.0,3.7,14.9,31.7,0,0,26.0,1,1,13086,1,16508,21649,8815,22420,15070,7549,15070,13505,14344,13505,9010,14593,13358,6306,4530,612,8263,8846,3596,17725,22682,5685,13516,2246,150,16938,1,19:23
2024-25,1630553,Keon Johnson,Keon,1610612751,BKN,Brooklyn Nets,0022400531,2025-01-10T00:00:00,BKN @ DEN,L,35.916666666666664,8.0,21.0,0.381,4.0,12.0,0.333,2.0,2.0,1.0,1.0,3.0,4.0,4.0,2.0,1.0,1.0,2.0,2.0,1.0,22.1,-9.0,36.9,0,0,38.1,1,13222,1,13222,2742,6598,2312,16250,3978,1762,9209,10632,12710,1,13235,16691,17295,9911,10501,11935,7468,3218,15120,17389,6171,17433,9780,2246,150,7970,1,35:55
2024-25,1641748,Andre Jackson Jr.,Andre,1610612749,MIL,Milwaukee Bucks,0022400526,2025-01-10T00:00:00,MIL @ ORL,W,13.4,0.0,2.7,0.0,0.0,2.7,0.0,0.0,0.0,0.0,5.4,8.1,13.4,2.7,2.7,0.0,0.0,0.0,5.4,0.0,0.0,-18.8,17.5,0,0,16.1,1,1,13086,1,20538,22635,24590,22635,15070,18285,15070,13505,14344,13505,2023,4617,2519,13945,7568,12854,8263,8846,3881,17725,23200,21181,22306,2246,150,22663,1,13:24
2024-25,1642259,Alex Sarr,Alex,1610612764,WAS,Washington Wizards,0022400530,2025-01-10T00:00:00,WAS @ CHI,L,26.456666666666667,5.4,19.1,0.286,1.4,5.4,0.25,2.7,4.1,0.667,4.1,10.9,15.0,1.4,1.4,0.0,0.0,0.0,2.7,2.7,15.0,-29.9,33.6,1,0,32.7,1,13222,1,13222,10774,13150,3717,19630,12602,12097,11902,8523,7665,9425,3476,1963,1785,18465,13511,12854,8263,8846,11946,10252,12938,23723,12105,1,150,11903,1,26:27
2024-25,1626157,Karl-Anthony Towns,Karl-Anthony,1610612752,NYK,New York Knicks,0022400529,2025-01-10T00:00:00,NYK vs. OKC,L,29.47,11.0,19.5,0.563,1.2,2.4,0.5,4.9,4.9,1.0,3.7,8.6,12.2,1.2,3.7,1.2,0.0,1.2,3.7,6.1,28.1,-12.2,44.6,1,0,45.2,1,13222,1,13222,8249,2259,3313,7127,13260,18726,3944,4214,6140,1,4098,3986,3337,18949,4641,10005,8263,6118,8209,2492,2747,18821,5371,1,150,4156,1,29:28
2024-25,1626162,Kelly Oubre Jr.,Kelly,1610612755,PHI,Philadelphia 76ers,0022400527,2025-01-10T00:00:00,PHI vs. NOP,L,38.88333333333333,6.5,16.7,0.389,1.9,4.6,0.4,4.6,6.5,0.714,3.7,2.8,6.5,0.9,0.9,1.9,0.0,2.8,3.7,3.7,19.4,-1.9,33.2,0,0,32.4,1,13222,1,13222,922,10230,6225,16009,10872,14136,7874,4631,3905,9244,4032,17474,11218,19838,16260,7027,8263,1631,8066,7124,8427,13948,12397,2246,150,12059,1,38:53
2024-25,1631097,Bennedict Mathurin,Bennedict,1610612754,IND,Indiana Pacers,0022400525,2025-01-10T00:00:00,IND vs. GSW,W,34.11666666666667,9.5,19.0,0.5,3.2,8.4,0.375,0.0,0.0,0.0,1.1,9.5,10.6,2.1,2.1,0.0,0.0,1.1,2.1,2.1,22.2,23.2,35.9,1,0,38.0,1,1,13086,1,4155,3886,3763,8526,6046,5680,8800,13505,14344,13505,12834,3013,4858,15965,9953,12854,8263,7448,14564,12565,6097,3218,10451,1,150,8040,1,34:07
2024-25,1631124,Julian Strawther,Julian,1610612743,DEN,Denver Nuggets,0022400531,2025-01-10T00:00:00,DEN vs. BKN,W,31.316666666666666,4.6,10.3,0.444,2.3,5.7,0.4,2.3,2.3,1.0,0.0,1.1,1.1,0.0,1.1,0.0,0.0,0.0,4.6,2.3,13.8,16.1,14.0,0,0,17.2,1,1,13086,1,6594,15504,16470,13045,8850,11339,7874,9623,11779,1,14058,21631,23009,19908,14794,12854,8263,8846,5545,11745,14169,5217,23495,2246,150,22195,1,31:19
2024-25,1630598,Aaron Wiggins,Aaron,1610612760,OKC,Oklahoma City Thunder,0022400529,2025-01-10T00:00:00,OKC @ NYK,W,21.9,6.6,6.6,1.0,0.0,0.0,0.0,0.0,0.0,0.0,1.6,6.6,8.2,1.6,0.0,1.6,0.0,0.0,0.0,0.0,13.2,41.1,30.4,0,0,26.3,1,1,13086,1,14579,9998,22035,1,15070,20945,15070,13505,14344,13505,9769,7153,7908,17526,16469,7833,8263,8846,20257,17725,14935,899,14492,2246,150,16712,1,21:54
2024-25,1627732,Ben Simmons,Ben,1610612751,BKN,Brooklyn Nets,0022400531,2025-01-10T00:00:00,BKN @ DEN,L,21.783333333333335,8.3,11.6,0.714,0.0,0.0,0.0,0.0,0.0,0.0,0.0,6.6,6.6,11.6,6.6,1.7,0.0,1.7,6.6,0.0,16.5,-28.1,40.2,0,0,38.0,1,13222,1,13222,14685,6054,14359,2752,15070,20945,15070,13505,14344,13505,14058,7078,10925,822,1074,7797,8263,4282,2307,17725,11367,23449,7663,2246,150,8024,1,21:47
2024-25,201569,Eric Gordon,Eric,1610612755,PHI,Philadelphia 76ers,0022400527,2025-01-10T00:00:00,PHI vs. NOP,L,15.283333333333333,4.7,9.4,0.5,4.7,9.4,0.5,0.0,0.0,0.0,0.0,4.7,4.7,2.4,2.4,0.0,0.0,0.0,0.0,0.0,14.1,-40.0,21.0,0,0,25.9,1,13222,1,13222,19388,15213,18079,8526,2713,4223,3944,13505,14344,13505,14058,11670,15531,15034,8832,12854,8263,8846,20257,17725,13802,24842,20711,2246,150,16998,1,15:17
2024-25,1627749,Dejounte Murray,Dejounte,1610612740,NOP,New Orleans Pelicans,0022400527,2025-01-10T00:00:00,NOP @ PHI,W,31.583333333333332,8.0,19.4,0.412,2.3,5.7,0.4,1.1,2.3,0.5,0.0,11.4,11.4,6.8,6.8,1.1,0.0,0.0,2.3,2.3,19.4,-5.7,39.9,1,0,42.2,1,1,13086,1,6350,6669,3437,14791,8924,11446,7874,12785,11842,10625,14058,1694,4051,4232,965,10678,8263,8846,13724,11820,8484,15917,7826,1,150,5560,1,31:35
2024-25,1641710,Anthony Black,Anthony,1610612753,ORL,Orlando Magic,0022400526,2025-01-10T00:00:00,ORL vs. MIL,L,20.188333333333333,10.7,19.6,0.545,1.8,7.1,0.25,3.6,3.6,1.0,1.8,1.8,3.6,3.6,0.0,0.0,0.0,1.8,3.6,3.6,26.7,-25.0,36.4,0,0,35.7,1,13222,1,13222,15875,2508,3265,7695,11140,8184,11902,6560,8753,1,9309,20294,18408,11184,16469,12854,8263,3945,8540,7486,3327,22799,10095,2246,150,9616,1,20:11
2024-25,1631210,Jacob Toppin,Jacob,1610612752,NYK,New York Knicks,0022400529,2025-01-10T00:00:00,NYK vs. OKC,L,6.016666666666667,6.0,12.0,0.5,0.0,0.0,0.0,0.0,0.0,0.0,6.0,12.0,18.0,0.0,0.0,0.0,0.0,0.0,0.0,0.0,12.0,-18.0,33.5,0,0,29.9,1,13222,1,13222,23591,11564,13651,8526,15070,20945,15070,13505,14344,13505,1633,1381,919,19908,16469,12854,8263,8846,20257,17725,16176,20916,12191,2246,150,14011,1,6:01
2024-25,1642366,Quinten Post,Quinten,1610612744,GSW,Golden State Warriors,0022400525,2025-01-10T00:00:00,GSW @ IND,L,7.15,10.1,20.1,0.5,5.0,10.1,0.5,5.0,5.0,1.0,0.0,0.0,0.0,0.0,0.0,0.0,0.0,0.0,0.0,5.0,30.2,30.2,30.2,0,0,35.2,1,13222,1,13222,23111,3146,2879,8526,2228,3417,3944,3974,5847,1,14058,22137,23286,19908,16469,12854,8263,8846,20257,4049,2013,1940,14660,2246,150,9922,1,7:09
2024-25,1628369,Jayson Tatum,Jayson,1610612738,BOS,Boston Celtics,0022400528,2025-01-10T00:00:00,BOS vs. SAC,L,35.05,5.1,13.4,0.385,3.1,7.2,0.429,2.1,3.1,0.667,0.0,12.3,12.3,5.1,8.2,0.0,0.0,3.1,3.1,3.1,15.4,-11.3,29.7,1,0,35.9,1,13222,1,13222,3418,13991,11210,16070,6266,8066,7394,10453,9768,9425,14058,1219,3251,7163,547,12854,8263,1249,10343,8954,12510,18442,15039,1,150,9417,1,35:03
2024-25,1630202,Payton Pritchard,Payton,1610612738,BOS,Boston Celtics,0022400528,2025-01-10T00:00:00,BOS vs. SAC,L,27.45,5.2,14.4,0.364,1.3,9.2,0.143,0.0,0.0,0.0,1.3,1.3,2.6,2.6,1.3,1.3,0.0,0.0,3.9,0.0,11.8,-10.5,21.5,0,0,21.0,1,13222,1,13222,9976,13678,9476,16861,12818,4569,14649,13505,14344,13505,11147,21265,20599,14146,13756,9399,8263,8846,7330,17725,16338,18101,20406,2246,150,20289,1,27:27
2024-25,1629652,Luguentz Dort,Luguentz,1610612760,OKC,Oklahoma City Thunder,0022400529,2025-01-10T00:00:00,OKC @ NYK,W,22.8,3.2,7.9,0.4,3.2,4.7,0.667,0.0,0.0,0.0,3.2,4.7,7.9,3.2,1.6,1.6,0.0,0.0,6.3,0.0,9.5,20.5,26.8,0,0,26.8,1,1,13086,1,13875,19085,20420,14933,6061,13879,1957,13505,14344,13505,5023,11597,8470,12455,12425,8065,8263,8846,2582,17725,18664,3809,17061,2246,150,16275,1,22:48
2024-25,1629008,Michael Porter Jr.,Michael,1610612743,DEN,Denver Nuggets,0022400531,2025-01-10T00:00:00,DEN vs. BKN,W,34.135,7.4,16.9,0.438,2.1,9.5,0.222,1.1,2.1,0.5,2.1,4.2,6.3,1.1,1.1,2.1,2.1,1.1,0.0,1.1,17.9,20.0,38.7,0,0,35.9,1,1,13086,1,4138,8052,5954,13558,9648,4119,13288,13066,12393,10625,7928,13062,11550,19511,15462,5748,3180,7458,20257,17153,9909,3939,8595,2246,150,9475,1,34:08
2024-25,1641783,Tristan da Silva,Tristan,1610612753,ORL,Orlando Magic,0022400526,2025-01-10T00:00:00,ORL vs. MIL,L,39.96666666666667,5.4,11.7,0.462,1.8,6.3,0.286,1.8,1.8,1.0,2.7,6.3,9.0,1.8,1.8,0.0,0.0,0.9,1.8,0.9,14.4,-2.7,26.1,1,0,27.0,1,13222,1,13222,567,13263,14094,12428,11071,9967,11433,11237,13192,1,6100,7687,6719,17077,11550,12854,8263,8659,16181,17663,13492,14404,17541,1,150,16139,1,39:58
2024-25,202685,Jonas Valančiūnas,Jonas,1610612764,WAS,Washington Wizards,0022400530,2025-01-10T00:00:00,WAS @ CHI,L,15.168333333333333,7.1,19.0,0.375,0.0,2.4,0.0,0.0,0.0,0.0,9.5,11.9,21.4,2.4,4.7,2.4,0.0,4.7,7.1,2.4,14.2,-4.7,45.8,0,0,42.7,1,13222,1,13222,19455,8658,3770,16299,15070,18862,15070,13505,14344,13505,476,1434,385,14973,2665,4787,8263,428,1877,11458,13682,15443,4819,2246,150,5303,1,15:10
2024-25,1631099,Keegan Murray,Keegan,1610612758,SAC,Sacramento Kings,0022400528,2025-01-10T00:00:00,SAC @ BOS,W,37.13333333333333,6.8,11.6,0.583,4.8,7.8,0.625,0.0,0.0,0.0,1.0,1.9,2.9,0.0,0.0,1.9,2.9,1.0,2.9,1.0,18.4,13.6,36.5,0,0,35.9,1,1,13086,1,1898,9457,14251,6296,2496,6887,2868,13505,14344,13505,13501,19864,19973,19908,16469,6569,1814,8190,11155,17490,9394,6177,10057,2246,150,9467,1,37:08
2024-25,204456,T.J. McConnell,T.J.,1610612754,IND,Indiana Pacers,0022400525,2025-01-10T00:00:00,IND vs. GSW,W,16.966666666666665,8.5,17.0,0.5,0.0,0.0,0.0,4.2,4.2,1.0,0.0,4.2,4.2,12.7,4.2,0.0,2.1,0.0,2.1,2.1,21.2,10.6,47.5,0,0,42.4,1,1,13086,1,18274,5633,5833,8526,15070,20945,15070,5269,7328,1,14058,12988,16698,580,3422,12854,3141,8846,14514,12518,6910,7414,4133,2246,150,5441,1,16:58
2024-25,1627741,Buddy Hield,Buddy,1610612744,GSW,Golden State Warriors,0022400525,2025-01-10T00:00:00,GSW @ IND,L,34.64333333333333,6.2,19.7,0.316,3.1,12.5,0.25,2.1,2.1,1.0,0.0,4.2,4.2,5.2,1.0,0.0,0.0,1.0,2.1,2.1,17.7,-16.6,29.4,0,0,30.1,1,13222,1,13222,3745,10877,3154,19148,6175,1539,11902,10368,12487,1,14058,13250,16924,7041,15572,12854,8263,7587,14712,12720,10150,20485,15207,2246,150,13846,1,34:39
2024-25,1631213,Tyrese Martin,Tyrese,1610612751,BKN,Brooklyn Nets,0022400531,2025-01-10T00:00:00,BKN @ DEN,L,31.8,6.8,15.8,0.429,4.5,10.2,0.444,3.4,3.4,1.0,1.1,3.4,4.5,2.3,2.3,0.0,1.1,0.0,1.1,3.4,21.5,-3.4,31.5,0,0,35.1,1,13222,1,13222,6154,9434,7346,13735,3020,3286,7211,6904,9099,1,12243,15531,15974,15369,9241,12854,6591,8846,18906,7959,6628,14756,13690,2246,150,10028,1,31:48
2024-25,1630540,Miles McBride,Miles,1610612752,NYK,New York Knicks,0022400529,2025-01-10T00:00:00,NYK vs. OKC,L,19.95,5.4,16.2,0.333,0.0,7.2,0.0,1.8,1.8,1.0,7.2,1.8,9.0,9.0,0.0,0.0,0.0,0.0,1.8,1.8,12.6,-37.9,37.0,0,0,30.7,1,13222,1,13222,16058,13228,6759,17395,15070,8010,15070,11230,13188,1,1054,20232,6697,2002,16469,12854,8263,8846,16160,13917,15454,24689,9701,2246,150,13410,1,19:57
2024-25,1641787,Tosan Evbuomwan,Tosan,1610612751,BKN,Brooklyn Nets,0022400531,2025-01-10T00:00:00,BKN @ DEN,L,22.47,6.4,14.4,0.444,3.2,8.0,0.4,0.0,0.0,0.0,1.6,1.6,3.2,1.6,3.2,1.6,1.6,0.0,3.2,1.6,16.0,12.8,28.7,0,0,30.4,1,13222,1,13222,14136,10420,9484,13045,5944,6428,7874,13505,14344,13505,9913,20674,19224,17645,5810,7979,4546,8846,9848,14625,11904,6466,15736,2246,150,13593,1,22:28
2024-25,201950,Jrue Holiday,Jrue,1610612738,BOS,Boston Celtics,0022400528,2025-01-10T00:00:00,BOS vs. SAC,L,27.95,2.6,5.2,0.5,1.3,2.6,0.5,0.0,0.0,0.0,0.0,6.4,6.4,2.6,1.3,1.3,1.3,1.3,1.3,0.0,6.4,-23.2,24.5,0,0,21.9,1,13222,1,13222,9582,20320,23354,8526,12905,18485,3944,13505,14344,13505,14058,7430,11300,14289,13862,9530,5703,5713,18080,17725,21094,22376,18635,2246,150,19728,1,27:57
2024-25,1630541,Moses Moody,Moses,1610612744,GSW,Golden State Warriors,0022400525,2025-01-10T00:00:00,GSW @ IND,L,22.95,4.7,17.3,0.273,1.6,7.8,0.2,0.0,0.0,0.0,1.6,0.0,1.6,3.1,1.6,3.1,0.0,3.1,4.7,0.0,11.0,11.0,25.4,0,0,23.5,1,13222,1,13222,13753,15225,5506,20048,11795,6733,13429,13505,14344,13505,10049,22137,22484,12512,12466,2864,8263,1209,5262,17725,17196,7247,17984,2246,150,18651,1,22:57
2024-25,1631260,AJ Green,AJ,1610612749,MIL,Milwaukee Bucks,0022400526,2025-01-10T00:00:00,MIL @ ORL,W,18.983333333333334,0.0,5.7,0.0,0.0,1.9,0.0,0.0,0.0,0.0,1.9,3.8,5.7,0.0,0.0,1.9,0.0,0.0,0.0,0.0,0.0,13.3,12.5,0,0,9.5,1,1,13086,1,16837,22635,22908,22635,15070,19747,15070,13505,14344,13505,8831,14342,13050,19908,16469,6785,8263,8846,20257,17725,23200,6269,23894,2246,150,24530,1,18:59
2024-25,1628969,Mikal Bridges,Mikal,1610612752,NYK,New York Knicks,0022400529,2025-01-10T00:00:00,NYK vs. OKC,L,31.816666666666666,0.0,10.2,0.0,0.0,7.9,0.0,0.0,0.0,0.0,0.0,1.1,1.1,2.3,0.0,0.0,0.0,0.0,1.1,2.3,0.0,-26.0,4.8,0,0,3.4,1,13222,1,13222,6140,22635,16765,22635,15070,6586,15070,13505,14344,13505,14058,21677,23034,15374,16469,12854,8263,8846,18911,11888,23200,23033,25024,2246,150,25213,1,31:49
2024-25,1630173,Precious Achiuwa,Precious,1610612752,NYK,New York Knicks,0022400529,2025-01-10T00:00:00,NYK vs. OKC,L,5.8,6.2,6.2,1.0,0.0,0.0,0.0,0.0,0.0,0.0,0.0,6.2,6.2,0.0,0.0,0.0,0.0,0.0,6.2,0.0,12.4,-99.3,19.9,0,0,18.6,1,13222,1,13222,23670,10957,22415,1,15070,20945,15070,13505,14344,13505,14058,7878,11810,19908,16469,12854,8263,8846,2703,17725,15694,26145,21232,2246,150,21571,1,5:48
2024-25,201572,Brook Lopez,Brook,1610612749,MIL,Milwaukee Bucks,0022400526,2025-01-10T00:00:00,MIL @ ORL,W,34.4,2.1,5.2,0.4,1.0,3.1,0.333,3.1,4.2,0.75,0.0,3.1,3.1,0.0,1.0,0.0,3.1,0.0,1.0,4.2,8.4,-3.1,20.5,0,0,18.8,1,1,13086,1,3923,21247,23302,14933,14274,17383,9209,7456,7435,8186,14058,16308,19403,19908,15516,12854,1534,8846,19437,5874,19608,14640,20938,2246,150,21465,1,34:24
2024-25,1641717,Cason Wallace,Cason,1610612760,OKC,Oklahoma City Thunder,0022400529,2025-01-10T00:00:00,OKC @ NYK,W,30.1,2.4,8.4,0.286,1.2,2.4,0.5,1.2,2.4,0.5,0.0,2.4,2.4,1.2,0.0,2.4,1.2,1.2,3.6,1.2,7.2,10.8,22.6,0,0,19.1,1,1,13086,1,7690,20689,19683,19630,13392,18829,3944,12607,11513,10625,14058,18509,21024,19024,16469,4721,6202,6288,8462,16423,20575,7336,19811,2246,150,21327,1,30:06
2024-25,1628384,OG Anunoby,OG,1610612752,NYK,New York Knicks,0022400529,2025-01-10T00:00:00,NYK vs. OKC,L,35.916666666666664,2.0,8.0,0.25,0.0,5.0,0.0,0.0,0.0,0.0,1.0,2.0,3.0,2.0,2.0,0.0,0.0,1.0,2.0,3.0,4.0,-6.0,8.6,0,0,9.0,1,13222,1,13222,2742,21402,20233,20233,15070,13181,15070,13505,14344,13505,13235,19646,19706,16360,10501,12854,8263,7903,15120,9215,22553,16066,24621,2246,150,24603,1,35:55
2024-25,1630527,Brandon Boston,Brandon,1610612740,NOP,New Orleans Pelicans,0022400527,2025-01-10T00:00:00,NOP @ PHI,W,23.133333333333333,4.7,10.9,0.429,3.1,4.7,0.667,4.7,6.2,0.75,1.6,1.6,3.1,0.0,0.0,0.0,0.0,0.0,4.7,4.7,17.1,21.8,20.9,0,0,23.3,1,1,13086,1,13610,15321,15543,13735,6185,14039,1957,4560,4205,8186,10098,20755,19448,19908,16469,12854,8263,8846,5366,4790,10721,3510,20766,2246,150,18777,1,23:08
2024-25,1630557,Corey Kispert,Corey,1610612764,WAS,Washington Wizards,0022400530,2025-01-10T00:00:00,WAS @ CHI,L,22.4,0.0,8.0,0.0,0.0,4.8,0.0,0.0,0.0,0.0,0.0,1.6,1.6,4.8,1.6,0.0,0.0,1.6,1.6,0.0,0.0,-14.5,7.6,0,0,6.4,1,13222,1,13222,14192,22635,20198,22635,15070,13640,15070,13505,14344,13505,14058,20663,22433,7860,12305,12854,8263,4417,16848,17725,23200,19692,24749,2246,150,24957,1,22:24
2024-25,1630592,Jalen Wilson,Jalen,1610612751,BKN,Brooklyn Nets,0022400531,2025-01-10T00:00:00,BKN @ DEN,L,16.883333333333333,0.0,10.7,0.0,0.0,8.5,0.0,0.0,0.0,0.0,0.0,6.4,6.4,2.1,6.4,0.0,0.0,2.1,10.7,0.0,0.0,-38.4,4.5,0,0,8.5,1,13222,1,13222,18330,22635,15958,22635,15070,5529,15070,13505,14344,13505,14058,7512,11409,15881,1182,12854,8263,2826,589,17725,23200,24732,25053,2246,150,24680,1,16:53
2024-25,1626158,Richaun Holmes,Richaun,1610612764,WAS,Washington Wizards,0022400530,2025-01-10T00:00:00,WAS @ CHI,L,6.166666666666667,5.8,17.5,0.333,0.0,0.0,0.0,5.8,11.7,0.5,5.8,0.0,5.8,0.0,0.0,0.0,0.0,0.0,0.0,5.8,17.5,-23.4,24.5,0,0,23.4,1,13222,1,13222,23530,11992,5241,17395,15070,20945,15070,3039,843,10625,1719,22137,12673,19908,16469,12854,8263,8846,20257,2834,10312,22429,18596,2246,150,18766,1,6:10
2024-25,1641724,Jett Howard,Jett,1610612753,ORL,Orlando Magic,0022400526,2025-01-10T00:00:00,ORL vs. MIL,L,7.25,0.0,0.0,0.0,0.0,0.0,0.0,0.0,0.0,0.0,0.0,0.0,0.0,5.0,0.0,0.0,0.0,0.0,5.0,0.0,0.0,-9.9,7.4,0,0,5.0,1,13222,1,13222,23075,22635,24836,22635,15070,20945,15070,13505,14344,13505,14058,22137,23286,7541,16469,12854,8263,8846,4692,17725,23200,17862,24762,2246,150,25109,1,7:15
2024-25,1629614,Andrew Nembhard,Andrew,1610612754,IND,Indiana Pacers,0022400525,2025-01-10T00:00:00,IND vs. GSW,W,29.183333333333334,2.5,7.4,0.333,0.0,0.0,0.0,0.0,2.5,0.0,2.5,2.5,4.9,6.2,1.2,1.2,0.0,0.0,1.2,2.5,4.9,14.8,22.6,0,0,18.5,1,1,13086,1,8521,20518,21068,17395,15070,20945,15070,13505,11291,13505,6724,18275,14964,5221,14205,9915,8263,8846,18358,11109,22042,5703,19831,2246,150,21624,1,29:11
2024-25,1630215,Jared Butler,Jared,1610612764,WAS,Washington Wizards,0022400530,2025-01-10T00:00:00,WAS @ CHI,L,20.616666666666667,14.0,21.0,0.667,1.7,3.5,0.5,1.7,3.5,0.5,3.5,7.0,10.5,7.0,1.7,0.0,1.7,1.7,3.5,5.2,31.4,-15.7,58.0,0,0,54.1,1,13222,1,13222,15553,710,2366,3281,11263,16668,3944,11336,8900,10625,4385,6385,4931,4017,11757,12854,4173,4034,8771,3719,1658,20161,1474,2246,150,1596,1,20:37
2024-25,202331,Paul George,Paul,1610612755,PHI,Philadelphia 76ers,0022400527,2025-01-10T00:00:00,PHI vs. NOP,L,35.25,10.2,22.5,0.455,5.1,12.3,0.417,0.0,0.0,0.0,1.0,10.2,11.2,5.1,3.1,2.0,0.0,2.0,3.1,2.0,25.5,7.1,49.7,1,0,51.1,1,13222,1,13222,3274,3005,1599,12676,2145,1645,7826,13505,14344,13505,13080,2417,4211,7229,6246,6045,8263,3086,10417,12866,3919,9067,3342,1,150,2259,1,35:15
2024-25,204001,Kristaps Porziņģis,Kristaps,1610612738,BOS,Boston Celtics,0022400528,2025-01-10T00:00:00,BOS vs. SAC,L,29.183333333333334,7.4,18.5,0.4,4.9,8.6,0.571,7.4,8.6,0.857,1.2,11.1,12.3,0.0,0.0,0.0,2.5,2.5,2.5,7.4,27.1,-9.9,49.3,1,0,49.3,1,13222,1,13222,8521,8009,4215,14933,2359,5365,3506,1735,2102,7071,11580,1853,3243,19908,16469,12854,2436,2094,12920,1387,3143,17825,3487,1,150,2717,1,29:11
2024-25,1629659,Talen Horton-Tucker,Talen,1610612741,CHI,Chicago Bulls,0022400530,2025-01-10T00:00:00,CHI vs. WAS,W,14.65,12.3,19.7,0.625,4.9,9.8,0.5,0.0,0.0,0.0,0.0,7.4,7.4,7.4,4.9,0.0,0.0,2.5,4.9,0.0,29.5,31.9,44.5,0,0,49.1,1,1,13086,1,19792,1361,3217,4899,2385,3690,3944,13505,14344,13505,14058,5716,9424,3542,2446,12854,8263,2112,4807,17725,2267,1742,5432,2246,150,2780,1,14:39
2024-25,203081,Damian Lillard,Damian,1610612749,MIL,Milwaukee Bucks,0022400526,2025-01-10T00:00:00,MIL @ ORL,W,39.681666666666665,8.2,19.1,0.429,2.7,6.4,0.429,7.3,8.2,0.889,0.9,2.7,3.6,6.4,3.6,2.7,0.0,1.8,3.6,5.4,26.3,3.6,44.7,0,0,44.5,1,1,13086,1,662,6273,3715,13735,7474,9873,7394,1826,2400,6857,13875,17630,18258,4930,4716,3859,8263,3857,8331,3417,3530,10845,5320,2246,150,4489,1,39:41
2024-25,1630198,Isaiah Joe,Isaiah,1610612760,OKC,Oklahoma City Thunder,0022400529,2025-01-10T00:00:00,OKC @ NYK,W,30.266666666666666,13.1,19.0,0.688,9.5,13.1,0.727,1.2,1.2,1.0,0.0,1.2,1.2,2.4,1.2,0.0,0.0,0.0,2.4,2.4,36.9,36.9,40.7,0,0,50.0,1,1,13086,1,7529,995,3728,3227,251,1255,1855,12630,13900,1,14058,21538,22952,14950,14518,12854,8263,8846,13309,11435,710,1212,7344,2246,150,2546,1,30:16
2024-25,203897,Zach LaVine,Zach,1610612741,CHI,Chicago Bulls,0022400530,2025-01-10T00:00:00,CHI vs. WAS,W,32.95,15.3,22.9,0.667,3.3,7.6,0.429,2.2,4.4,0.5,0.0,5.5,5.5,3.3,1.1,1.1,0.0,1.1,0.0,4.4,36.1,37.1,49.7,0,0,50.3,1,1,13086,1,5189,447,1408,3281,5738,7084,7394,10007,7072,10625,14058,9637,13638,12059,15179,11083,8263,7110,20257,5421,816,1188,3350,2246,150,2461,1,32:57
2024-25,1642278,Tyler Kolek,Tyler,1610612752,NYK,New York Knicks,0022400529,2025-01-10T00:00:00,NYK vs. OKC,L,2.3,0.0,31.3,0.0,0.0,15.7,0.0,31.3,31.3,1.0,0.0,0.0,0.0,15.7,0.0,15.7,0.0,0.0,0.0,15.7,31.3,47.0,101.7,0,0,78.3,1,13222,1,13222,25316,22635,224,22635,15070,571,15070,27,48,1,14058,22137,23286,239,16469,42,8263,8846,20257,85,1693,636,64,2246,150,182,1,2:18
2024-25,202696,Nikola Vučević,Nikola,1610612741,CHI,Chicago Bulls,0022400530,2025-01-10T00:00:00,CHI vs. WAS,W,27.1,12.0,15.9,0.75,5.3,8.0,0.667,1.3,4.0,0.333,4.0,13.3,17.3,8.0,0.0,0.0,1.3,0.0,1.3,2.7,30.6,38.5,67.2,1,0,63.8,1,1,13086,1,10268,1551,7204,2107,1938,6498,1957,12230,7871,13132,3616,932,1066,2923,16469,12854,5523,8846,17910,10452,1908,1080,560,1,150,538,1,27:06
2024-25,203468,CJ McCollum,CJ,1610612740,NOP,New Orleans Pelicans,0022400527,2025-01-10T00:00:00,NOP @ PHI,W,34.8,13.4,24.8,0.542,6.2,11.4,0.545,6.2,11.4,0.545,2.1,1.0,3.1,3.1,1.0,0.0,0.0,1.0,0.0,5.2,39.3,2.1,46.7,0,0,51.7,1,1,13086,1,3612,860,861,7965,1160,2190,3863,2670,925,10618,8083,21913,19468,12595,15606,12854,8263,7626,20257,3816,488,11590,4464,2246,150,2098,1,34:48
2024-25,1627783,Pascal Siakam,Pascal,1610612754,IND,Indiana Pacers,0022400525,2025-01-10T00:00:00,IND vs. GSW,W,29.916666666666668,14.4,19.3,0.75,1.2,4.8,0.25,0.0,2.4,0.0,3.6,7.2,10.8,0.0,1.2,1.2,0.0,0.0,1.2,3.6,30.1,25.3,45.5,0,0,44.5,1,1,13086,1,7855,593,3542,2107,13342,13663,11902,13505,11470,13505,4195,5964,4568,19908,14414,10145,8263,8846,18519,7367,2054,2754,4944,2246,150,4460,1,29:55
2024-25,1628983,Shai Gilgeous-Alexander,Shai,1610612760,OKC,Oklahoma City Thunder,0022400529,2025-01-10T00:00:00,OKC @ NYK,W,29.366666666666667,18.4,25.7,0.714,1.2,1.2,1.0,9.8,9.8,1.0,0.0,3.7,3.7,2.5,2.5,2.5,1.2,0.0,2.5,6.1,47.8,22.1,64.5,0,0,62.5,1,1,13086,1,8334,195,684,2752,13233,20589,1,753,1450,1,14058,14710,18134,14706,8446,4534,6019,8846,12977,2474,193,3443,740,2246,150,612,1,29:22
2024-25,1628366,Lonzo Ball,Lonzo,1610612741,CHI,Chicago Bulls,0022400530,2025-01-10T00:00:00,CHI vs. WAS,W,22.1,6.5,11.4,0.571,6.5,11.4,0.571,0.0,0.0,0.0,1.6,0.0,1.6,9.8,1.6,4.9,1.6,0.0,1.6,1.6,19.5,22.8,54.1,0,0,50.5,1,1,13086,1,14414,10151,14653,6538,997,2174,3506,13505,14344,13505,9816,22137,22401,1554,12219,972,4485,8846,16782,14533,8320,3299,2182,2246,150,2394,1,22:06
2024-25,1628371,Jonathan Isaac,Jonathan,1610612753,ORL,Orlando Magic,0022400526,2025-01-10T00:00:00,ORL vs. MIL,L,20.115,7.2,17.9,0.4,1.8,7.2,0.25,0.0,0.0,0.0,3.6,3.6,7.2,1.8,0.0,3.6,3.6,1.8,1.8,0.0,16.1,-10.7,48.9,0,0,41.2,1,13222,1,13222,15941,8566,4811,14933,11116,8124,11902,13505,14344,13505,4244,14988,9838,17114,16469,2120,1163,3930,16234,17725,11811,18198,3676,2246,150,6102,1,20:07
2024-25,1630188,Jalen Smith,Jalen,1610612741,CHI,Chicago Bulls,0022400530,2025-01-10T00:00:00,CHI vs. WAS,W,17.483333333333334,10.3,12.4,0.833,6.2,8.2,0.75,4.1,6.2,0.667,4.1,8.2,12.4,8.2,0.0,0.0,2.1,0.0,2.1,4.1,30.9,6.2,64.2,0,0,61.8,1,1,13086,1,17940,2917,12971,1514,1178,6023,1542,5498,4258,9425,3410,4372,3230,2666,16469,12854,3322,8846,14816,6008,1806,9529,760,2246,150,665,1,17:29
2024-25,1626166,Cameron Payne,Cameron,1610612752,NYK,New York Knicks,0022400529,2025-01-10T00:00:00,NYK vs. OKC,L,14.933333333333334,12.1,26.5,0.455,2.4,9.6,0.25,0.0,0.0,0.0,2.4,2.4,4.8,0.0,0.0,2.4,2.4,0.0,0.0,0.0,26.5,-4.8,46.8,0,0,43.4,1,13222,1,13222,19616,1492,556,12676,8447,3918,11902,13505,14344,13505,6884,18446,15242,19908,16469,4659,2532,8846,20257,17725,3421,15483,4416,2246,150,4969,1,14:56
2024-25,1628975,Jevon Carter,Jevon,1610612741,CHI,Chicago Bulls,0022400530,2025-01-10T00:00:00,CHI vs. WAS,W,3.9833333333333334,9.0,9.0,1.0,0.0,0.0,0.0,18.1,18.1,1.0,0.0,9.0,9.0,0.0,0.0,0.0,9.0,0.0,0.0,9.0,36.2,54.2,74.1,0,0,63.3,1,1,13086,1,24489,4632,18660,1,15070,20945,15070,102,187,1,14058,3476,6677,19908,16469,12854,95,8846,20257,640,801,447,313,2246,150,563,1,3:59
2024-25,1642382,Branden Carlson,Branden,1610612760,OKC,Oklahoma City Thunder,0022400529,2025-01-10T00:00:00,OKC @ NYK,W,2.3,15.7,15.7,1.0,15.7,15.7,1.0,0.0,0.0,0.0,0.0,0.0,0.0,0.0,0.0,0.0,0.0,0.0,0.0,0.0,47.0,-47.0,47.0,0,0,62.6,1,1,13086,1,25316,395,7604,1,67,571,1,13505,14344,13505,14058,22137,23286,19908,16469,12854,8263,8846,20257,17725,204,25268,4323,2246,150,605,1,2:18
2024-25,1627734,Domantas Sabonis,Domantas,1610612758,SAC,Sacramento Kings,0022400528,2025-01-10T00:00:00,SAC @ BOS,W,38.92,9.2,13.9,0.667,2.8,3.7,0.75,0.0,0.0,0.0,7.4,18.5,25.9,2.8,3.7,0.0,0.9,0.9,2.8,0.9,21.3,14.8,55.6,1,0,54.6,1,1,13086,1,908,4288,10388,3281,7306,16210,1542,13505,14344,13505,995,225,176,13670,4555,12854,7984,8533,11748,17613,6857,5706,1883,1,150,1533,1,38:55
2024-25,1630551,Justin Champagnie,Justin,1610612764,WAS,Washington Wizards,0022400530,2025-01-10T00:00:00,WAS @ CHI,L,11.326666666666666,12.7,19.1,0.667,9.5,12.7,0.75,0.0,0.0,0.0,3.2,3.2,6.4,3.2,0.0,3.2,0.0,0.0,0.0,0.0,35.0,-15.9,56.9,0,0,60.4,1,13222,1,13222,21574,1144,3694,3281,250,1420,1542,13505,14344,13505,4983,16165,11490,12394,16469,2786,8263,8846,20257,17725,967,20230,1660,2246,150,792,1,11:20
2024-25,1631119,Jaylin Williams,Jaylin,1610612760,OKC,Oklahoma City Thunder,0022400529,2025-01-10T00:00:00,OKC @ NYK,W,15.416666666666666,2.3,9.3,0.25,2.3,7.0,0.333,0.0,0.0,0.0,7.0,16.3,23.4,2.3,4.7,0.0,4.7,0.0,7.0,2.3,7.0,23.4,47.9,0,0,44.4,1,1,13086,1,19296,20789,18213,20233,8721,8454,9209,13505,14344,13505,1147,393,253,15100,2755,12854,624,8846,1975,11606,20721,3177,4013,2246,150,4520,1,15:25
2024-25,1631094,Paolo Banchero,Paolo,1610612753,ORL,Orlando Magic,0022400526,2025-01-10T00:00:00,ORL vs. MIL,L,26.533333333333335,14.9,28.5,0.524,6.8,10.9,0.625,9.5,13.6,0.7,0.0,9.5,9.5,4.1,4.1,2.7,1.4,1.4,1.4,8.1,46.1,8.1,71.8,0,0,74.6,1,13222,1,13222,10701,504,361,8439,848,2628,2868,838,522,9366,14058,3012,6070,9742,3740,3879,5420,5369,17798,948,222,8556,379,2246,150,238,1,26:32
2024-25,201566,Russell Westbrook,Russell,1610612743,DEN,Denver Nuggets,0022400531,2025-01-10T00:00:00,DEN vs. BKN,W,36.38,7.9,16.8,0.471,2.0,4.9,0.4,6.9,8.9,0.778,4.0,6.9,10.9,9.9,2.0,1.0,1.0,1.0,3.0,5.9,24.7,20.8,56.6,1,1,51.5,1,1,13086,1,2426,6818,6009,12143,10250,13321,7874,2055,1921,8092,3649,6492,4512,1494,10619,12040,7542,8010,10858,2703,4350,3746,1707,1,1,2157,1,36:23
2024-25,203507,Giannis Antetokounmpo,Giannis,1610612749,MIL,Milwaukee Bucks,0022400526,2025-01-10T00:00:00,MIL @ ORL,W,36.53333333333333,18.7,28.6,0.655,0.0,1.0,0.0,3.0,9.9,0.3,3.0,10.8,13.8,3.9,3.0,3.0,2.0,2.0,3.9,6.9,40.4,-3.0,74.7,1,0,68.0,1,1,13086,1,2317,188,356,4553,15070,20872,15070,7934,1429,13347,5441,1986,2336,10100,6626,3257,3561,3312,7305,1736,424,14553,300,1,150,373,1,36:32
2024-25,203999,Nikola Jokić,Nikola,1610612743,DEN,Denver Nuggets,0022400531,2025-01-10T00:00:00,DEN vs. BKN,W,38.18333333333333,13.2,19.8,0.667,0.9,0.9,1.0,5.7,7.5,0.75,4.7,6.6,11.3,14.1,0.9,3.8,0.0,0.9,0.9,5.7,33.0,31.1,78.2,1,1,66.9,1,1,13086,1,1281,952,3114,3281,14822,20902,1,3244,2859,8186,2659,7107,4120,379,16180,1881,8263,8394,20005,3106,1320,1818,235,1,1,396,1,38:11
2024-25,202704,Reggie Jackson,Reggie,1610612755,PHI,Philadelphia 76ers,0022400527,2025-01-10T00:00:00,PHI vs. NOP,L,6.5,11.1,27.7,0.4,5.5,11.1,0.5,11.1,11.1,1.0,0.0,11.1,11.1,0.0,0.0,0.0,0.0,0.0,22.2,5.5,38.8,-27.7,52.1,0,0,55.4,1,13222,1,13222,23365,2200,421,14933,1704,2424,3944,471,999,1,14058,1867,4337,19908,16469,12854,8263,8846,96,3280,535,23370,2693,2246,150,1395,1,6:30
2024-25,1628404,Josh Hart,Josh,1610612752,NYK,New York Knicks,0022400529,2025-01-10T00:00:00,NYK vs. OKC,L,30.466666666666665,7.1,15.4,0.462,0.0,1.2,0.0,4.7,4.7,1.0,7.1,8.3,15.4,2.4,1.2,3.5,0.0,5.9,2.4,2.4,18.9,-27.2,50.3,1,0,43.7,1,13222,1,13222,7345,8724,8019,12428,15070,20644,15070,4466,6432,1,1105,4320,1622,15009,14571,2186,8263,225,13379,11488,8944,23273,3172,1,150,4826,1,30:28
2024-25,1626172,Kevon Looney,Kevon,1610612744,GSW,Golden State Warriors,0022400518,2025-01-09T00:00:00,GSW @ DET,W,20.77,6.9,10.4,0.667,0.0,0.0,0.0,0.0,1.7,0.0,5.2,8.7,13.9,5.2,0.0,3.5,1.7,0.0,5.2,3.5,13.9,-24.3,53.9,0,0,43.3,1,1,13086,1,15445,9090,16388,3281,15070,20945,15070,13505,13267,13505,2192,3867,2301,7031,16469,2286,4216,8846,4193,7759,14082,22634,2227,2246,150,4982,1,20:46
2024-25,1630703,Scoot Henderson,Scoot,1610612757,POR,Portland Trail Blazers,0022400521,2025-01-09T00:00:00,POR @ DAL,L,26.466666666666665,4.1,9.5,0.429,2.7,5.4,0.5,16.3,16.3,1.0,1.4,1.4,2.7,5.4,2.7,1.4,0.0,1.4,4.1,8.2,27.2,4.1,40.0,0,0,40.8,1,13222,1,13222,10757,16892,17904,13735,7475,12100,3944,133,253,1,10926,21167,20403,6550,7462,9138,8263,5357,6896,940,3108,10602,7771,2246,150,6325,1,26:28
2024-25,1629630,Ja Morant,Ja,1610612763,MEM,Memphis Grizzlies,0022400520,2025-01-09T00:00:00,MEM vs. HOU,L,29.148333333333333,11.1,27.2,0.409,1.2,6.2,0.2,9.9,13.6,0.727,1.2,2.5,3.7,3.7,4.9,1.2,0.0,2.5,2.5,8.6,33.3,-8.6,42.1,0,0,44.5,1,13222,1,13222,8550,2173,480,14895,13177,10253,13429,732,519,9223,11572,18267,18058,10775,2412,9910,8263,2088,12910,773,1260,17263,6559,2246,150,4487,1,29:09
2024-25,1630595,Cade Cunningham,Cade,1610612765,DET,Detroit Pistons,0022400518,2025-01-09T00:00:00,DET vs. GSW,L,40.185,10.8,18.8,0.571,2.7,5.4,0.5,4.5,7.2,0.625,0.9,4.5,5.4,7.2,3.6,2.7,0.9,2.7,1.8,7.2,28.7,8.1,53.0,0,0,51.1,1,13222,1,13222,516,2453,3918,6538,7576,12265,3944,4869,3201,10271,13920,12311,13868,3810,4812,3939,8105,1759,16225,1534,2541,8605,2446,2246,150,2259,1,40:11
2024-25,1628991,Jaren Jackson Jr.,Jaren,1610612763,MEM,Memphis Grizzlies,0022400520,2025-01-09T00:00:00,MEM vs. HOU,L,34.05,9.5,15.9,0.6,1.1,4.2,0.25,2.1,3.2,0.667,2.1,6.3,8.5,4.2,3.2,2.1,6.3,0.0,2.1,5.3,22.2,6.3,60.9,0,0,52.9,1,13222,1,13222,4210,3854,7329,5394,14207,15054,11902,10249,9562,9425,7906,7609,7536,9314,5900,5720,257,8846,14544,3652,6074,9454,1083,2246,150,1837,1,34:03
2024-25,1628386,Jarrett Allen,Jarrett,1610612739,CLE,Cleveland Cavaliers,0022400517,2025-01-09T00:00:00,CLE vs. TOR,W,28.5,10.1,11.4,0.889,0.0,0.0,0.0,2.5,5.1,0.5,7.6,11.4,18.9,3.8,0.0,1.3,2.5,0.0,1.3,3.8,22.7,10.1,62.5,1,0,53.1,1,1,13086,1,9119,3106,14711,1318,15070,20945,15070,8969,5819,10625,921,1710,707,10522,16469,9693,2325,8846,18203,6873,5667,7649,914,1,150,1792,1,28:30
2024-25,1629023,P.J. Washington,P.J.,1610612742,DAL,Dallas Mavericks,0022400521,2025-01-09T00:00:00,DAL vs. POR,W,35.05,5.1,13.4,0.385,2.1,5.1,0.4,11.3,11.3,1.0,2.1,12.3,14.4,1.0,2.1,3.1,1.0,2.1,3.1,6.2,23.6,3.1,52.7,1,0,49.3,1,1,13086,1,3418,13991,11210,16070,9899,12860,7874,436,949,1,8146,1219,2054,19598,10241,2973,7292,3046,10343,2432,5039,11074,2533,1,150,2733,1,35:03
2024-25,203944,Julius Randle,Julius,1610612750,MIN,Minnesota Timberwolves,0022400519,2025-01-09T00:00:00,MIN @ ORL,W,30.9,9.3,18.6,0.5,1.2,3.5,0.333,7.0,7.0,1.0,4.7,7.0,11.7,2.3,2.3,0.0,1.2,1.2,2.3,5.8,26.8,15.1,45.4,1,0,44.3,1,1,13086,1,6960,4171,4078,8526,13561,16662,9209,2012,3368,1,2735,6372,3805,15121,8944,12854,6393,6517,13524,2858,3299,5571,4979,1,150,4566,1,30:54
2024-25,1628449,Chris Boucher,Chris,1610612761,TOR,Toronto Raptors,0022400517,2025-01-09T00:00:00,TOR @ CLE,L,26.69,12.1,18.9,0.643,6.7,10.8,0.625,0.0,0.0,0.0,4.0,12.1,16.2,0.0,0.0,1.3,1.3,0.0,1.3,1.3,31.0,13.5,58.5,1,0,59.3,1,13222,1,13222,10572,1436,3862,4607,870,2683,2868,13505,14344,13505,3534,1293,1363,19908,16469,9197,5452,8846,17827,15686,1771,6208,1403,1,150,883,1,26:41
2024-25,1631223,David Roddy,David,1610612737,ATL,Atlanta Hawks,0022400522,2025-01-09T00:00:00,ATL @ PHX,L,10.183333333333334,14.1,17.7,0.8,10.6,10.6,1.0,0.0,0.0,0.0,0.0,0.0,0.0,0.0,0.0,0.0,0.0,0.0,7.1,0.0,38.9,-7.1,38.9,0,0,49.5,1,13222,1,13222,22040,664,5039,1688,180,2870,1,13505,14344,13505,14058,22137,23286,19908,16469,12854,8263,8846,1927,17725,528,16539,8486,2246,150,2673,1,10:11
2024-25,1629636,Darius Garland,Darius,1610612739,CLE,Cleveland Cavaliers,0022400517,2025-01-09T00:00:00,CLE vs. TOR,W,35.61666666666667,14.2,22.2,0.636,4.0,7.1,0.571,8.1,9.1,0.889,0.0,2.0,2.0,9.1,3.0,2.0,0.0,1.0,0.0,4.0,40.4,18.2,59.5,0,0,59.6,1,1,13086,1,2975,659,1718,4689,3909,8306,3506,1370,1816,6857,14058,19589,21757,1940,6347,6152,8263,7820,20257,6197,422,4495,1252,2246,150,859,1,35:37
2024-25,1629655,Daniel Gafford,Daniel,1610612742,DAL,Dallas Mavericks,0022400521,2025-01-09T00:00:00,DAL vs. POR,W,10.016666666666667,0.0,10.8,0.0,0.0,0.0,0.0,7.2,7.2,1.0,7.2,7.2,14.4,7.2,7.2,0.0,10.8,3.6,7.2,3.6,7.2,-14.4,60.4,0,0,50.3,1,1,13086,1,22099,22635,15727,22635,15070,20945,15070,1880,3178,1,1067,6023,2056,3778,820,12854,55,849,1830,7400,20568,19647,1144,2246,150,2447,1,10:01
2024-25,1642276,Kel'el Ware,Kel'el,1610612748,MIA,Miami Heat,0022400523,2025-01-09T00:00:00,MIA @ UTA,W,19.283333333333335,7.5,9.3,0.8,0.0,0.0,0.0,0.0,0.0,0.0,7.5,5.6,13.1,1.9,3.7,1.9,3.7,1.9,3.7,3.7,14.9,9.3,46.5,0,0,41.1,1,1,13086,1,16596,7846,18224,1688,15070,20945,15070,13505,14344,13505,970,9302,2761,16868,4475,6935,1065,3680,7960,7036,12978,8032,4544,2246,150,6158,1,19:17
2024-25,1629675,Naz Reid,Naz,1610612750,MIN,Minnesota Timberwolves,0022400519,2025-01-09T00:00:00,MIN @ ORL,W,23.148333333333333,7.8,14.0,0.556,3.1,6.2,0.5,6.2,9.3,0.667,0.0,4.7,4.7,1.6,0.0,3.1,1.6,1.6,1.6,4.7,24.9,21.8,46.8,0,0,43.5,1,1,13086,1,13607,7114,10178,7248,6193,10149,3944,2663,1689,9425,14058,11811,15656,17784,16469,2915,4693,4570,17017,4796,4263,3513,4394,2246,150,4906,1,23:09
2024-25,1630578,Alperen Sengun,Alperen,1610612745,HOU,Houston Rockets,0022400520,2025-01-09T00:00:00,HOU @ MEM,W,35.155,12.3,20.5,0.6,1.0,1.0,1.0,7.2,15.4,0.467,5.1,9.2,14.3,5.1,3.1,0.0,1.0,1.0,4.1,12.3,32.8,2.0,57.7,1,0,55.3,1,1,13086,1,3346,1360,2650,5394,14402,20835,1,1894,328,13030,2267,3288,2087,7203,6219,12854,7319,7719,6853,183,1370,11599,1528,1,150,1419,1,35:09
2024-25,1631170,Jaime Jaquez Jr.,Jaime,1610612748,MIA,Miami Heat,0022400523,2025-01-09T00:00:00,MIA @ UTA,W,36.18333333333333,7.0,10.9,0.636,3.0,5.0,0.6,3.0,4.0,0.75,2.0,5.0,7.0,7.0,3.0,2.0,0.0,2.0,1.0,3.0,19.9,4.0,41.7,0,0,40.8,1,1,13086,1,2546,9012,15457,4689,6575,13266,2992,7855,7881,8186,8435,10952,10216,4045,6550,6300,8263,3261,19737,9317,7999,10661,6778,2246,150,6333,1,36:11
2024-25,1628374,Lauri Markkanen,Lauri,1610612762,UTA,Utah Jazz,0022400523,2025-01-09T00:00:00,UTA vs. MIA,L,30.0,9.6,28.8,0.333,7.2,18.0,0.4,1.2,2.4,0.5,2.4,3.6,6.0,1.2,1.2,0.0,1.2,3.6,0.0,2.4,27.6,-2.4,39.0,0,0,44.4,1,13222,1,13222,7781,3722,337,17395,702,332,7874,12587,11490,10625,6919,14927,12271,19012,14443,12854,6171,846,20257,11348,2932,14257,8406,2246,150,4506,1,30:00
2024-25,1642347,Jamal Shead,Jamal,1610612761,TOR,Toronto Raptors,0022400517,2025-01-09T00:00:00,TOR @ CLE,L,14.593333333333334,14.8,17.3,0.857,7.4,7.4,1.0,0.0,0.0,0.0,0.0,0.0,0.0,7.4,2.5,0.0,0.0,0.0,2.5,0.0,37.0,9.9,45.6,0,0,51.8,1,13222,1,13222,19831,530,5490,1412,633,7616,1,13505,14344,13505,14058,22137,23286,3510,8373,12854,8263,8846,12922,17725,693,7754,4879,2246,150,2079,1,14:36
2024-25,203486,Mason Plumlee,Mason,1610612756,PHX,Phoenix Suns,0022400522,2025-01-09T00:00:00,PHX vs. ATL,W,21.9,1.6,1.6,1.0,0.0,0.0,0.0,0.0,0.0,0.0,6.6,9.9,16.4,6.6,4.9,1.6,0.0,0.0,0.0,4.9,3.3,13.2,32.9,0,0,29.6,1,1,13086,1,14579,21976,24809,1,15070,20945,15070,13505,14344,13505,1346,2675,1291,4596,2418,7833,8263,8846,20257,4235,22854,6320,12671,2246,150,14247,1,21:54
2024-25,1630583,Santi Aldama,Santi,1610612763,MEM,Memphis Grizzlies,0022400520,2025-01-09T00:00:00,MEM vs. HOU,L,23.236666666666668,6.2,18.6,0.333,3.1,9.3,0.333,3.1,7.7,0.4,4.6,9.3,13.9,0.0,3.1,1.5,0.0,1.5,1.5,6.2,18.6,-3.1,36.9,0,0,38.7,1,13222,1,13222,13517,10982,4130,17395,6223,4383,9209,7554,2715,13061,2751,3209,2264,19908,6134,8204,8263,4597,17055,2396,9230,14623,9788,2246,150,7569,1,23:14
2024-25,1628379,Luke Kennard,Luke,1610612763,MEM,Memphis Grizzlies,0022400520,2025-01-09T00:00:00,MEM vs. HOU,L,25.013333333333332,5.8,10.1,0.571,4.3,7.2,0.6,0.0,0.0,0.0,0.0,0.0,0.0,2.9,0.0,0.0,0.0,0.0,0.0,0.0,15.8,18.7,20.1,0,0,23.0,1,13222,1,13222,12006,12244,16929,6538,3353,8052,2992,13505,14344,13505,14058,22137,23286,13350,16469,12854,8263,8846,20257,17725,12093,4342,21084,2246,150,19001,1,25:01
2024-25,1630625,Dalano Banton,Dalano,1610612757,POR,Portland Trail Blazers,0022400521,2025-01-09T00:00:00,POR @ DAL,L,14.783333333333333,4.9,14.6,0.333,2.4,2.4,1.0,0.0,0.0,0.0,4.9,0.0,4.9,7.3,0.0,0.0,2.4,0.0,0.0,0.0,12.2,4.9,36.3,0,0,31.7,1,13222,1,13222,19717,14742,9183,17395,8354,18739,1,13505,14344,13505,2484,22137,15136,3611,16469,12854,2494,8846,20257,17725,15948,10174,10177,2246,150,12661,1,14:47
2024-25,1631159,Leonard Miller,Leonard,1610612750,MIN,Minnesota Timberwolves,0022400519,2025-01-09T00:00:00,MIN @ ORL,W,3.1333333333333333,0.0,23.0,0.0,0.0,11.5,0.0,0.0,0.0,0.0,11.5,11.5,23.0,0.0,0.0,0.0,0.0,0.0,11.5,0.0,0.0,-57.4,27.6,0,0,23.0,1,1,13086,1,24922,22635,1386,22635,15070,2106,15070,13505,14344,13505,274,1635,264,19908,16469,12854,8263,8846,471,17725,23200,25617,16520,2246,150,19033,1,3:08
2024-25,1627747,Caris LeVert,Caris,1610612739,CLE,Cleveland Cavaliers,0022400517,2025-01-09T00:00:00,CLE vs. TOR,W,36.43333333333333,5.9,11.9,0.5,4.0,8.9,0.444,2.0,2.0,1.0,1.0,2.0,3.0,4.9,1.0,0.0,1.0,0.0,1.0,2.0,17.8,1.0,30.7,0,0,31.6,1,1,13086,1,2379,11713,13855,8526,4092,4974,7211,10722,12786,1,13346,19739,19821,7596,15919,12854,7552,8846,19771,13176,10044,12165,14254,2246,150,12690,1,36:26
2024-25,201144,Mike Conley,Mike,1610612750,MIN,Minnesota Timberwolves,0022400519,2025-01-09T00:00:00,MIN @ ORL,W,23.066666666666666,4.7,10.9,0.429,1.6,3.1,0.5,3.1,3.1,1.0,0.0,6.2,6.2,3.1,1.6,3.1,0.0,1.6,0.0,1.6,14.0,35.9,34.0,0,0,31.2,1,1,13086,1,13659,15285,15488,13735,11825,17415,3944,7489,9665,1,14058,7801,11720,12553,12505,2886,8263,4550,20257,14753,13888,1303,11785,2246,150,12988,1,23:04
2024-25,1630162,Anthony Edwards,Anthony,1610612750,MIN,Minnesota Timberwolves,0022400519,2025-01-09T00:00:00,MIN @ ORL,W,36.36666666666667,4.9,18.8,0.263,4.0,10.9,0.364,6.9,8.9,0.778,1.0,2.0,3.0,6.9,2.0,2.0,0.0,4.0,2.0,5.9,20.8,19.8,38.7,0,0,38.6,1,1,13086,1,2428,14549,3922,20219,4077,2595,9100,2053,1919,8092,13335,19729,19809,4098,10613,6341,8263,663,15256,2701,7241,4017,8593,2246,150,7636,1,36:22
2024-25,1629048,Goga Bitadze,Goga,1610612753,ORL,Orlando Magic,0022400519,2025-01-09T00:00:00,ORL vs. MIN,L,30.316666666666666,8.3,14.2,0.583,0.0,1.2,0.0,1.2,1.2,1.0,1.2,8.3,9.5,2.4,0.0,1.2,3.6,2.4,2.4,1.2,17.8,-10.7,47.0,0,0,39.2,1,13222,1,13222,7479,5964,9765,6296,15070,20640,15070,12639,13910,1,11884,4263,6065,14965,16469,10291,1179,2276,13332,16467,10017,18175,4304,2246,150,7281,1,30:19
2024-25,1630256,Jae'Sean Tate,Jae'Sean,1610612745,HOU,Houston Rockets,0022400520,2025-01-09T00:00:00,HOU @ MEM,W,18.465,5.8,11.7,0.5,3.9,5.8,0.667,7.8,15.6,0.5,5.8,1.9,7.8,0.0,0.0,1.9,0.0,0.0,7.8,7.8,23.4,9.7,38.6,0,0,39.0,1,1,13086,1,17241,11956,14120,8526,4196,11079,1957,1508,305,10625,1711,19823,8617,19908,16469,6502,8263,8846,1458,1131,5208,7821,8645,2246,150,7387,1,18:28
2024-25,1627777,Georges Niang,Georges,1610612739,CLE,Cleveland Cavaliers,0022400517,2025-01-09T00:00:00,CLE vs. TOR,W,13.433333333333334,8.0,21.4,0.375,5.4,13.4,0.4,0.0,0.0,0.0,0.0,0.0,0.0,2.7,2.7,0.0,0.0,2.7,5.4,0.0,21.4,-34.8,22.8,0,0,29.5,1,1,13086,1,20517,6555,2067,16299,1884,1133,7874,13505,14344,13505,14058,22137,23286,13966,7590,12854,8263,1773,3910,17725,6702,24388,19702,2246,150,14342,1,13:26
2024-25,1642266,Ja'Kobe Walter,Ja'Kobe,1610612761,TOR,Toronto Raptors,0022400517,2025-01-09T00:00:00,TOR @ CLE,L,15.393333333333333,2.3,4.7,0.5,2.3,4.7,0.5,2.3,4.7,0.5,0.0,0.0,0.0,2.3,0.0,0.0,0.0,0.0,4.7,4.7,9.4,11.7,12.9,0,0,14.0,1,13222,1,13222,19315,20783,23700,8526,8710,14021,3944,9498,6524,10625,14058,22137,23286,15091,16469,12854,8263,8846,5345,4766,18775,6931,23804,2246,150,23415,1,15:24
2024-25,1630558,Davion Mitchell,Davion,1610612761,TOR,Toronto Raptors,0022400517,2025-01-09T00:00:00,TOR @ CLE,L,15.796666666666667,2.3,4.6,0.5,0.0,2.3,0.0,0.0,0.0,0.0,2.3,2.3,4.6,4.6,0.0,0.0,0.0,0.0,0.0,0.0,4.6,-29.6,16.9,0,0,13.7,1,13222,1,13222,19074,20889,23767,8526,15070,19030,15070,13505,14344,13505,7313,18827,15903,8515,16469,12854,8263,8846,20257,17725,22257,23679,22540,2246,150,23510,1,15:48
2024-25,1627741,Buddy Hield,Buddy,1610612744,GSW,Golden State Warriors,0022400518,2025-01-09T00:00:00,GSW @ DET,W,31.331666666666667,8.0,17.2,0.467,5.7,12.6,0.455,0.0,0.0,0.0,1.1,4.6,5.7,3.4,0.0,1.1,0.0,0.0,2.3,1.1,21.8,0.0,37.3,0,0,39.1,1,1,13086,1,6586,6549,5536,12249,1529,1457,7148,13505,14344,13505,12113,11991,12914,11565,16469,10587,8263,8846,13657,16653,6348,12240,9445,2246,150,7339,1,31:20
2024-25,1630171,Isaac Okoro,Isaac,1610612739,CLE,Cleveland Cavaliers,0022400517,2025-01-09T00:00:00,CLE vs. TOR,W,7.533333333333333,0.0,23.9,0.0,0.0,19.1,0.0,0.0,0.0,0.0,4.8,4.8,9.6,4.8,0.0,0.0,0.0,0.0,4.8,0.0,0.0,28.7,18.6,0,0,14.3,1,1,13086,1,22982,22635,1090,22635,15070,279,15070,13505,14344,13505,2587,11488,5973,7971,16469,12854,8263,8846,5111,17725,23200,2156,21824,2246,150,23312,1,7:32
2024-25,1628467,Maxi Kleber,Maxi,1610612742,DAL,Dallas Mavericks,0022400521,2025-01-09T00:00:00,DAL vs. POR,W,11.783333333333333,0.0,0.0,0.0,0.0,0.0,0.0,6.1,6.1,1.0,0.0,6.1,6.1,3.1,0.0,0.0,0.0,0.0,3.1,3.1,6.1,-27.5,18.0,0,0,15.3,1,1,13086,1,21382,22635,24836,22635,15070,20945,15070,2769,4338,1,14058,8078,12027,12740,16469,12854,8263,8846,10459,9051,21310,23342,22083,2246,150,22962,1,11:47
2024-25,1629726,Garrison Mathews,Garrison,1610612737,ATL,Atlanta Hawks,0022400522,2025-01-09T00:00:00,ATL @ PHX,L,10.933333333333334,6.6,13.2,0.5,6.6,13.2,0.5,0.0,0.0,0.0,0.0,0.0,0.0,3.3,0.0,0.0,0.0,0.0,3.3,0.0,19.8,3.3,24.7,0,0,29.6,1,13222,1,13222,21736,9969,11539,8526,954,1215,3944,13505,14344,13505,14058,22137,23286,12009,16469,12854,8263,8846,9481,17725,8112,10977,18491,2246,150,14222,1,10:56
2024-25,1630217,Desmond Bane,Desmond,1610612763,MEM,Memphis Grizzlies,0022400520,2025-01-09T00:00:00,MEM vs. HOU,L,27.441666666666666,7.9,13.1,0.6,2.6,6.6,0.4,2.6,3.9,0.667,0.0,5.2,5.2,5.2,5.2,2.6,0.0,0.0,5.2,1.3,21.0,-7.9,37.8,0,0,39.4,1,13222,1,13222,9985,6911,11643,5394,7756,9413,7874,8751,7979,9425,14058,10165,14165,6947,2063,4090,8263,8846,4111,15855,7089,16913,9174,2246,150,7157,1,27:27
2024-25,1630193,Immanuel Quickley,Immanuel,1610612761,TOR,Toronto Raptors,0022400517,2025-01-09T00:00:00,TOR @ CLE,L,30.34,4.7,11.9,0.4,2.4,7.1,0.333,0.0,0.0,0.0,0.0,0.0,0.0,8.3,2.4,0.0,0.0,1.2,3.6,0.0,11.9,-15.4,22.0,0,0,22.5,1,13222,1,13222,7465,15133,13843,14933,8583,8219,9209,13505,14344,13505,14058,22137,23286,2612,8761,12854,8263,6363,8564,17725,16275,20063,20173,2246,150,19329,1,30:20
2024-25,1630643,Jay Huff,Jay,1610612763,MEM,Memphis Grizzlies,0022400520,2025-01-09T00:00:00,MEM vs. HOU,L,10.066666666666666,7.2,10.7,0.667,0.0,3.6,0.0,14.3,14.3,1.0,0.0,7.2,7.2,3.6,7.2,0.0,0.0,0.0,10.7,7.2,28.6,-39.3,35.4,0,0,39.3,1,13222,1,13222,22084,8574,15839,3281,15070,16493,15070,195,412,1,14058,6087,9844,11154,831,12854,8263,8846,577,1543,2565,24792,10798,2246,150,7169,1,10:04
2024-25,203915,Spencer Dinwiddie,Spencer,1610612742,DAL,Dallas Mavericks,0022400521,2025-01-09T00:00:00,DAL vs. POR,W,34.93333333333333,5.2,12.4,0.417,1.0,5.2,0.2,6.2,8.2,0.75,0.0,5.2,5.2,5.2,0.0,1.0,0.0,0.0,1.0,7.2,17.5,7.2,34.5,0,0,30.9,1,1,13086,1,3514,13946,12948,14532,14360,12819,13429,2691,2355,8186,14058,10414,14390,7127,16469,11669,8263,8846,19527,1503,10307,9039,11429,2246,150,13236,1,34:56
2024-25,1641739,Toumani Camara,Toumani,1610612757,POR,Portland Trail Blazers,0022400521,2025-01-09T00:00:00,POR @ DAL,L,30.566666666666666,4.7,16.5,0.286,3.5,9.4,0.375,0.0,0.0,0.0,2.4,0.0,2.4,1.2,1.2,1.2,0.0,1.2,5.9,2.4,13.0,-8.2,19.9,0,0,22.4,1,13222,1,13222,7262,15213,6434,19630,5074,4223,8800,13505,14344,13505,7068,22137,21086,19090,14598,10365,8263,6420,3086,11513,15139,17069,21211,2246,150,19437,1,30:34
2024-25,201142,Kevin Durant,Kevin,1610612756,PHX,Phoenix Suns,0022400522,2025-01-09T00:00:00,PHX vs. ATL,W,36.35,8.9,14.9,0.6,2.0,6.9,0.286,3.0,4.0,0.75,0.0,2.0,2.0,6.9,3.0,0.0,3.0,0.0,1.0,5.9,22.8,6.9,41.5,0,0,39.6,1,1,13086,1,2443,4869,8812,5394,10245,8606,11433,7890,7918,8186,14058,19726,21836,4096,6586,12854,1732,8846,19761,2697,5648,9170,6887,2246,150,7002,1,36:21
2024-25,1630611,Gui Santos,Gui,1610612744,GSW,Golden State Warriors,0022400518,2025-01-09T00:00:00,GSW @ DET,W,26.226666666666667,5.5,8.2,0.667,5.5,8.2,0.667,1.4,2.7,0.5,4.1,2.7,6.9,4.1,5.5,2.7,0.0,0.0,4.1,2.7,17.8,9.6,35.0,0,0,39.8,1,1,13086,1,10982,13004,19890,3281,1746,6024,1957,12093,10622,10625,3414,17566,10403,9615,1819,3814,8263,8846,6775,10172,9985,7884,11052,2246,150,6891,1,26:14
2024-25,1641740,Jaylen Clark,Jaylen,1610612750,MIN,Minnesota Timberwolves,0022400519,2025-01-09T00:00:00,MIN @ ORL,W,3.1333333333333333,0.0,11.5,0.0,0.0,11.5,0.0,0.0,0.0,0.0,0.0,0.0,0.0,0.0,0.0,0.0,0.0,0.0,11.5,0.0,0.0,-57.4,0.0,0,0,0.0,1,1,13086,1,24922,22635,14490,22635,15070,2106,15070,13505,14344,13505,14058,22137,23286,19908,16469,12854,8263,8846,471,17725,23200,25617,25228,2246,150,25259,1,3:08
2024-25,1628420,Monté Morris,Monté,1610612756,PHX,Phoenix Suns,0022400522,2025-01-09T00:00:00,PHX vs. ATL,W,7.383333333333334,0.0,9.8,0.0,0.0,0.0,0.0,0.0,0.0,0.0,4.9,9.8,14.6,4.9,0.0,0.0,0.0,0.0,4.9,9.8,0.0,19.5,24.9,0,0,19.5,1,1,13086,1,23034,22635,17468,22635,15070,20945,15070,13505,14344,13505,2479,2769,1948,7742,16469,12854,8263,8846,4888,469,23200,4107,18375,2246,150,21143,1,7:23
2024-25,1629130,Duncan Robinson,Duncan,1610612748,MIA,Miami Heat,0022400523,2025-01-09T00:00:00,MIA @ UTA,W,18.223333333333333,0.0,9.9,0.0,0.0,9.9,0.0,0.0,0.0,0.0,0.0,5.9,5.9,2.0,5.9,2.0,0.0,0.0,4.0,2.0,0.0,17.8,10.1,0,0,11.9,1,1,13086,1,17426,22635,17293,22635,15070,3634,15070,13505,14344,13505,14058,8492,12461,16462,1430,6361,8263,8846,7279,13184,23200,4634,24403,2246,150,24017,1,18:13
2024-25,1631323,Simone Fontecchio,Simone,1610612765,DET,Detroit Pistons,0022400518,2025-01-09T00:00:00,DET vs. GSW,L,27.166666666666668,1.3,9.3,0.143,1.3,5.3,0.25,0.0,0.0,0.0,1.3,2.7,4.0,2.7,2.7,0.0,0.0,0.0,1.3,0.0,4.0,-6.6,10.1,0,0,11.9,1,13222,1,13222,10216,22370,18297,22260,12749,12461,11902,13505,14344,13505,11072,17812,17380,14042,7691,12854,8263,8846,17925,17725,22565,16351,24404,2246,150,23999,1,27:10
2024-25,1631111,Wendell Moore Jr.,Wendell,1610612765,DET,Detroit Pistons,0022400518,2025-01-09T00:00:00,DET vs. GSW,L,3.9,0.0,0.0,0.0,0.0,0.0,0.0,0.0,0.0,0.0,0.0,0.0,0.0,0.0,0.0,0.0,0.0,0.0,0.0,0.0,0.0,-46.2,0.0,0,0,0.0,1,13222,1,13222,24542,22635,24836,22635,15070,20945,15070,13505,14344,13505,14058,22137,23286,19908,16469,12854,8263,8846,20257,17725,23200,25238,25228,2246,150,25259,1,3:54
2024-25,1642271,Kyle Filipowski,Kyle,1610612762,UTA,Utah Jazz,0022400523,2025-01-09T00:00:00,UTA vs. MIA,L,23.13,1.6,4.7,0.333,0.0,1.6,0.0,3.1,3.1,1.0,1.6,15.6,17.1,1.6,3.1,3.1,1.6,0.0,1.6,1.6,6.2,-1.6,40.0,0,0,34.2,1,13222,1,13222,13620,22098,23704,17395,15070,20218,15070,7510,9686,1,10097,484,1097,17781,6086,2908,4688,8846,17013,14772,21234,13821,7762,2246,150,10662,1,23:08
2024-25,1642377,Jaylen Wells,Jaylen,1610612763,MEM,Memphis Grizzlies,0022400520,2025-01-09T00:00:00,MEM vs. HOU,L,22.953333333333333,1.6,7.8,0.2,0.0,4.7,0.0,3.1,3.1,1.0,1.6,3.1,4.7,1.6,3.1,0.0,0.0,0.0,1.6,1.6,6.3,-31.4,11.1,0,0,12.5,1,13222,1,13222,13752,22082,20487,21401,15070,13946,15070,7463,9635,1,10052,16318,15550,17747,6030,12854,8263,8846,16971,14737,21200,23942,24218,2246,150,23858,1,22:57
2024-25,1629628,RJ Barrett,RJ,1610612761,TOR,Toronto Raptors,0022400517,2025-01-09T00:00:00,TOR @ CLE,L,37.84,7.6,14.3,0.533,1.9,5.7,0.333,1.9,2.9,0.667,0.0,4.8,4.8,4.8,3.8,1.9,0.0,1.0,1.9,1.9,19.0,-14.3,33.8,0,0,34.2,1,13222,1,13222,1487,7481,9742,8140,10626,11429,9209,10936,10348,9425,14058,11556,15421,8032,4305,6752,8263,8332,15660,13500,8829,19606,11994,2246,150,10655,1,37:50
2024-25,1627751,Jakob Poeltl,Jakob,1610612761,TOR,Toronto Raptors,0022400517,2025-01-09T00:00:00,TOR @ CLE,L,33.81,8.5,10.6,0.8,0.0,0.0,0.0,1.1,4.3,0.25,3.2,4.3,7.5,6.4,0.0,3.2,1.1,0.0,2.1,2.1,18.1,0.0,49.4,0,0,40.5,1,13222,1,13222,4437,5580,15972,1688,15070,20945,15070,13028,7295,13358,4954,12942,9264,4869,16469,2755,7030,8846,14468,12484,9734,12240,3460,2246,150,6511,1,33:49
2024-25,1630168,Onyeka Okongwu,Onyeka,1610612737,ATL,Atlanta Hawks,0022400522,2025-01-09T00:00:00,ATL @ PHX,L,21.986666666666668,6.5,11.5,0.571,0.0,1.6,0.0,0.0,0.0,0.0,1.6,6.5,8.2,9.8,1.6,0.0,1.6,3.3,1.6,1.6,13.1,11.5,40.9,0,0,34.4,1,13222,1,13222,14515,10065,14544,6538,15070,20128,15070,13505,14344,13505,9791,7205,7955,1522,12187,12854,4459,1083,16758,14496,14983,7030,7206,2246,150,10539,1,21:59
2024-25,1629312,Haywood Highsmith,Haywood,1610612748,MIA,Miami Heat,0022400523,2025-01-09T00:00:00,MIA @ UTA,W,21.983333333333334,3.3,11.5,0.286,1.6,9.8,0.167,0.0,0.0,0.0,0.0,3.3,3.3,3.3,0.0,0.0,1.6,0.0,3.3,0.0,8.2,-11.5,21.9,0,0,19.7,1,1,13086,1,14516,18817,14539,19630,11569,3697,14236,13505,14344,13505,14058,15869,19052,12066,16469,12854,4454,8846,9543,17725,19760,18515,20177,2246,150,21066,1,21:59
2024-25,202691,Klay Thompson,Klay,1610612742,DAL,Dallas Mavericks,0022400521,2025-01-09T00:00:00,DAL vs. POR,W,21.783333333333335,1.7,9.9,0.167,0.0,6.6,0.0,1.7,1.7,1.0,3.3,1.7,5.0,6.6,3.3,1.7,0.0,0.0,1.7,0.0,5.0,3.3,22.5,0,0,19.8,1,1,13086,1,14685,21964,17215,21938,15070,9293,15070,11498,13336,1,4742,20560,14910,4563,5495,7797,8263,8846,16697,17725,22032,10970,19891,2246,150,20956,1,21:47
2024-25,1629012,Collin Sexton,Collin,1610612762,UTA,Utah Jazz,0022400523,2025-01-09T00:00:00,UTA vs. MIA,L,28.733333333333334,11.3,22.6,0.5,1.3,3.8,0.333,5.0,5.0,1.0,0.0,1.3,1.3,6.3,2.5,1.3,0.0,1.3,0.0,2.5,28.8,5.0,41.0,0,0,40.1,1,13222,1,13222,8889,2028,1565,8526,13084,16083,9209,4022,5899,1,14058,21392,22874,5073,8227,9784,8263,5917,20257,10970,2479,10104,7189,2246,150,6731,1,28:44
2024-25,1630183,Jaden McDaniels,Jaden,1610612750,MIN,Minnesota Timberwolves,0022400519,2025-01-09T00:00:00,MIN @ ORL,W,31.65,1.1,4.5,0.25,0.0,2.3,0.0,5.7,5.7,1.0,2.3,6.8,9.1,1.1,0.0,0.0,1.1,0.0,4.5,2.3,8.0,13.6,24.0,0,0,20.5,1,1,13086,1,6279,22551,23774,20233,15070,19038,15070,3193,4908,1,7327,6664,6588,19235,16469,12854,6555,8846,5665,11841,19953,6148,18936,2246,150,20591,1,31:39
2024-25,1641744,Zach Edey,Zach,1610612763,MEM,Memphis Grizzlies,0022400520,2025-01-09T00:00:00,MEM vs. HOU,L,17.6,2.0,2.0,1.0,2.0,2.0,1.0,2.0,4.1,0.5,0.0,6.1,6.1,0.0,0.0,0.0,2.0,0.0,10.2,2.0,8.2,-8.2,21.7,0,0,20.5,1,13222,1,13222,17856,21323,24750,1,9937,19465,1,10477,7651,10625,14058,8029,11963,19908,16469,12854,3358,8846,659,12860,19763,17047,20327,2246,150,20607,1,17:36
2024-25,1631107,Nikola Jović,Nikola,1610612748,MIA,Miami Heat,0022400523,2025-01-09T00:00:00,MIA @ UTA,W,27.31,5.3,18.5,0.286,2.6,10.5,0.25,1.3,2.6,0.5,4.0,4.0,7.9,6.6,1.3,0.0,1.3,0.0,1.3,4.0,14.5,13.2,36.5,0,0,34.3,1,1,13086,1,10096,13616,4257,19630,7723,2934,11902,12254,10895,10625,3652,13860,8443,4578,13724,12854,5570,8846,17965,6441,13411,6310,10019,2246,150,10636,1,27:19
2024-25,203991,Clint Capela,Clint,1610612737,ATL,Atlanta Hawks,0022400522,2025-01-09T00:00:00,ATL @ PHX,L,25.9,5.6,15.3,0.364,0.0,0.0,0.0,2.8,2.8,1.0,5.6,9.7,15.3,2.8,1.4,1.4,2.8,2.8,5.6,2.8,13.9,-18.1,47.5,1,0,40.3,1,13222,1,13222,11244,12819,8126,16861,15070,20945,15070,8390,10538,1,1905,2791,1653,13647,13336,8960,1982,1624,3611,10035,14044,20954,4130,1,150,6597,1,25:54
2024-25,1629656,Quentin Grimes,Quentin,1610612742,DAL,Dallas Mavericks,0022400521,2025-01-09T00:00:00,DAL vs. POR,W,26.866666666666667,6.7,16.1,0.417,2.7,8.0,0.333,1.3,1.3,1.0,1.3,4.0,5.4,5.4,2.7,1.3,0.0,0.0,4.0,2.7,17.4,2.7,33.2,0,0,33.5,1,1,13086,1,10444,9683,7000,14532,7591,6386,9209,12200,13677,1,11015,13663,13893,6704,7590,9241,8263,8846,7090,10375,10403,11276,12405,2246,150,11242,1,26:52
2024-25,1626164,Devin Booker,Devin,1610612756,PHX,Phoenix Suns,0022400522,2025-01-09T00:00:00,PHX vs. ATL,W,40.02,8.1,18.9,0.429,0.0,7.2,0.0,1.8,2.7,0.667,0.0,2.7,2.7,10.8,1.8,0.9,0.0,0.9,1.8,1.8,18.0,9.0,38.3,1,0,33.3,1,1,13086,1,559,6423,3855,13735,15070,8051,15070,11243,10748,9425,14058,17705,20451,1071,11559,12667,8263,8661,16193,13942,9849,8184,8826,1,150,11421,1,40:01
2024-25,1629631,De'Andre Hunter,De'Andre,1610612737,ATL,Atlanta Hawks,0022400522,2025-01-09T00:00:00,ATL @ PHX,L,27.033333333333335,4.0,12.0,0.333,2.7,9.3,0.286,5.3,5.3,1.0,0.0,4.0,4.0,5.3,4.0,2.7,0.0,0.0,5.3,2.7,16.0,-14.6,32.8,0,0,33.3,1,13222,1,13222,10306,17102,13612,17395,7640,4351,11433,3621,5424,1,14058,13741,17332,6770,3892,3986,8263,8846,3975,10428,11942,19766,12757,2246,150,11411,1,27:02
2024-25,1630191,Isaiah Stewart,Isaiah,1610612765,DET,Detroit Pistons,0022400518,2025-01-09T00:00:00,DET vs. GSW,L,17.08,4.2,10.5,0.4,0.0,2.1,0.0,0.0,0.0,0.0,4.2,6.3,10.5,2.1,0.0,0.0,2.1,0.0,0.0,2.1,8.4,-33.7,30.6,0,0,25.3,1,13222,1,13222,18213,16553,16150,14933,15070,19356,15070,13505,14344,13505,3287,7652,4873,15976,16469,12854,3182,8846,20257,12577,19569,24267,14374,2246,150,17441,1,17:05
2024-25,1630596,Evan Mobley,Evan,1610612739,CLE,Cleveland Cavaliers,0022400517,2025-01-09T00:00:00,CLE vs. TOR,W,32.21666666666667,7.8,12.3,0.636,3.4,5.6,0.6,4.5,6.7,0.667,4.5,7.8,12.3,6.7,2.2,1.1,0.0,0.0,1.1,3.4,23.5,-1.1,49.4,1,0,48.0,1,1,13086,1,5792,7025,13094,4689,5510,11754,2992,4880,3653,9425,2962,4976,3276,4422,9375,10882,8263,8846,19000,8091,5160,13627,3464,1,150,3123,1,32:13
2024-25,203484,Kentavious Caldwell-Pope,Kentavious,1610612753,ORL,Orlando Magic,0022400519,2025-01-09T00:00:00,ORL vs. MIN,L,33.03333333333333,5.4,7.6,0.714,3.3,4.4,0.75,0.0,0.0,0.0,0.0,1.1,1.1,2.2,1.1,1.1,1.1,0.0,3.3,0.0,14.2,-21.8,24.2,0,0,25.1,1,13222,1,13222,5120,13136,20746,2752,5758,14776,1542,13505,14344,13505,14058,21773,23093,15693,15200,11104,6865,8846,9572,17725,13766,22025,18816,2246,150,17635,1,33:02
2024-25,1631117,Walker Kessler,Walker,1610612762,UTA,Utah Jazz,0022400523,2025-01-09T00:00:00,UTA vs. MIA,L,30.0,4.8,6.0,0.8,0.0,0.0,0.0,1.2,2.4,0.5,6.0,12.0,18.0,0.0,2.4,0.0,2.4,0.0,2.4,1.2,10.8,-2.4,37.2,0,0,33.6,1,13222,1,13222,7781,14944,22595,1688,15070,20945,15070,12587,11490,10625,1612,1347,898,19908,8654,12854,2557,8846,13205,16407,17370,14257,9533,2246,150,11161,1,30:00
2024-25,1627832,Fred VanVleet,Fred,1610612745,HOU,Houston Rockets,0022400520,2025-01-09T00:00:00,HOU @ MEM,W,40.598333333333336,7.1,11.5,0.615,2.7,6.2,0.429,2.7,2.7,1.0,0.0,0.9,0.9,3.5,2.7,3.5,0.0,0.0,3.5,1.8,19.5,1.8,33.9,0,0,33.7,1,1,13086,1,437,8716,14428,5246,7649,10183,7394,8663,10839,1,14058,22112,23271,11257,7655,2181,8263,8846,8615,14028,8367,11756,11913,2246,150,11079,1,40:36
2024-25,203992,Bogdan Bogdanović,Bogdan,1610612737,ATL,Atlanta Hawks,0022400522,2025-01-09T00:00:00,ATL @ PHX,L,27.98,9.0,14.2,0.636,3.9,7.7,0.5,0.0,0.0,0.0,0.0,2.6,2.6,3.9,1.3,2.6,0.0,0.0,2.6,2.6,21.9,10.3,37.2,0,0,37.3,1,13222,1,13222,9564,4694,9920,4689,4301,6961,3944,13505,14344,13505,14058,18005,20680,10343,13870,4196,8263,8846,12519,10722,6308,7563,9551,2246,150,8501,1,27:59
2024-25,1631101,Shaedon Sharpe,Shaedon,1610612757,POR,Portland Trail Blazers,0022400521,2025-01-09T00:00:00,POR @ DAL,L,32.38333333333333,8.9,21.1,0.421,3.3,6.7,0.5,3.3,3.3,1.0,2.2,6.7,8.9,3.3,3.3,2.2,1.1,2.2,5.6,3.3,24.5,-16.7,46.8,0,0,46.7,1,13222,1,13222,5657,4899,2262,14442,5561,9163,3944,7038,9228,1,7518,6959,6897,11866,5398,5299,6714,2599,3617,8137,4515,20503,4399,2246,150,3597,1,32:23
2024-25,1642262,Cody Williams,Cody,1610612762,UTA,Utah Jazz,0022400523,2025-01-09T00:00:00,UTA vs. MIA,L,23.486666666666668,1.5,4.6,0.333,1.5,1.5,1.0,3.1,3.1,1.0,0.0,0.0,0.0,0.0,1.5,4.6,3.1,3.1,7.7,1.5,7.7,-27.6,29.1,0,0,24.5,1,13222,1,13222,13319,22131,23746,17395,11919,20243,1,7632,9808,1,14058,22137,23286,19908,12606,1149,1613,1266,1535,14868,20187,23353,15409,2246,150,17990,1,23:29
2024-25,1629622,Max Strus,Max,1610612739,CLE,Cleveland Cavaliers,0022400517,2025-01-09T00:00:00,CLE vs. TOR,W,24.933333333333334,5.8,10.1,0.571,5.8,10.1,0.571,0.0,0.0,0.0,1.4,1.4,2.9,4.3,2.9,1.4,0.0,0.0,0.0,2.9,17.3,-2.9,28.7,0,0,33.2,1,1,13086,1,12062,12181,16888,6538,1507,3368,3506,13505,14344,13505,10562,21001,20021,9053,6889,8666,8263,8846,20257,9626,10503,14509,15692,2246,150,11491,1,24:56
2024-25,203078,Bradley Beal,Bradley,1610612756,PHX,Phoenix Suns,0022400522,2025-01-09T00:00:00,PHX vs. ATL,W,33.11666666666667,12.0,17.4,0.688,2.2,5.4,0.4,1.1,2.2,0.5,2.2,5.4,7.6,2.2,3.3,3.3,1.1,0.0,4.3,2.2,27.2,-5.4,49.4,0,0,47.8,1,1,13086,1,5055,1549,5358,3227,9339,12124,7874,12944,12170,10625,7676,9704,8955,15713,5631,2633,6880,8846,6144,12269,3124,15801,3482,2246,150,3209,1,33:07
2024-25,1631218,Trayce Jackson-Davis,Trayce,1610612744,GSW,Golden State Warriors,0022400518,2025-01-09T00:00:00,GSW @ DET,W,26.268333333333334,9.6,12.3,0.778,0.0,0.0,0.0,0.0,2.7,0.0,2.7,11.0,13.7,4.1,1.4,0.0,0.0,2.7,1.4,1.4,19.2,21.9,40.4,1,0,37.0,1,1,13086,1,10936,3738,13023,1994,15070,20945,15070,13505,10639,13505,6009,1928,2381,9637,13457,12854,8263,1686,17744,15573,8663,3473,7505,1,150,8721,1,26:16
2024-25,203497,Rudy Gobert,Rudy,1610612750,MIN,Minnesota Timberwolves,0022400519,2025-01-09T00:00:00,MIN @ ORL,W,31.685,5.7,9.1,0.625,0.0,0.0,0.0,0.0,2.3,0.0,4.5,9.1,13.6,1.1,0.0,1.1,0.0,1.1,2.3,2.3,11.4,15.9,32.8,1,0,28.4,1,1,13086,1,6245,12475,18576,4899,15070,20945,15070,13505,11870,13505,2876,3417,2417,19244,16469,10714,8263,6748,13766,11857,16834,5286,12700,1,150,15147,1,31:41
2024-25,1630311,Pat Spencer,Pat,1610612744,GSW,Golden State Warriors,0022400518,2025-01-09T00:00:00,GSW @ DET,W,3.8666666666666667,0.0,0.0,0.0,0.0,0.0,0.0,9.3,18.6,0.5,0.0,0.0,0.0,9.3,0.0,0.0,9.3,0.0,0.0,9.3,9.3,18.6,51.2,0,0,37.2,1,1,13086,1,24555,22635,24836,22635,15070,20945,15070,901,165,10625,14058,22137,23286,1801,16469,12854,84,8846,20257,564,18803,4372,2927,2246,150,8555,1,3:52
2024-25,1630590,Scotty Pippen Jr.,Scotty,1610612763,MEM,Memphis Grizzlies,0022400520,2025-01-09T00:00:00,MEM vs. HOU,L,13.451666666666666,0.0,0.0,0.0,0.0,0.0,0.0,0.0,0.0,0.0,0.0,5.4,5.4,5.4,5.4,2.7,0.0,0.0,8.0,2.7,0.0,-2.7,17.1,0,0,16.1,1,13222,1,13222,20510,22635,24836,22635,15070,20945,15070,13505,14344,13505,14058,9897,13916,6719,1953,3961,8263,8846,1355,10390,23200,14390,22436,2246,150,22686,1,13:27
2024-25,1641783,Tristan da Silva,Tristan,1610612753,ORL,Orlando Magic,0022400519,2025-01-09T00:00:00,ORL vs. MIN,L,23.833333333333332,3.0,13.6,0.222,0.0,7.6,0.0,3.0,3.0,1.0,4.5,9.1,13.6,3.0,1.5,0.0,0.0,0.0,1.5,1.5,9.1,4.5,28.4,0,0,25.7,1,13222,1,13222,13048,19374,10841,21205,15070,7266,15070,7746,9926,1,2886,3447,2435,12855,12698,12854,8263,8846,17169,14962,19016,10373,15940,2246,150,17151,1,23:50
2024-25,1641715,Cam Whitmore,Cam,1610612745,HOU,Houston Rockets,0022400520,2025-01-09T00:00:00,HOU @ MEM,W,15.0,7.2,33.6,0.214,4.8,14.4,0.333,2.4,4.8,0.5,2.4,2.4,4.8,0.0,2.4,7.2,0.0,12.0,0.0,2.4,21.6,9.6,46.6,0,0,45.6,1,1,13086,1,19560,8449,155,21369,2556,824,9209,9340,6302,10625,6919,18483,15301,19908,8654,271,8263,46,20257,11348,6543,7891,4508,2246,150,3976,1,15:00
2024-25,1631200,Kris Murray,Kris,1610612757,POR,Portland Trail Blazers,0022400521,2025-01-09T00:00:00,POR @ DAL,L,19.666666666666668,3.7,5.5,0.667,1.8,1.8,1.0,0.0,0.0,0.0,1.8,3.7,5.5,5.5,1.8,0.0,1.8,0.0,1.8,0.0,9.2,0.0,27.6,0,0,25.6,1,13222,1,13222,16285,17938,23098,3281,10948,19865,1,13505,14344,13505,9126,14752,13557,6442,11408,12854,3980,8846,16031,17725,18946,12240,16464,2246,150,17192,1,19:40
2024-25,1630322,Lindy Waters III,Lindy,1610612744,GSW,Golden State Warriors,0022400518,2025-01-09T00:00:00,GSW @ DET,W,20.253333333333334,7.1,14.2,0.5,5.3,12.4,0.429,0.0,0.0,0.0,0.0,3.6,3.6,0.0,1.8,0.0,1.8,0.0,0.0,1.8,19.6,17.8,27.4,0,0,32.0,1,1,13086,1,15820,8678,9801,8526,1922,1557,7394,13505,14344,13505,14058,15073,18435,19908,11640,12854,4109,8846,20257,14015,8309,4636,16684,2246,150,12395,1,20:15
2024-25,1641708,Amen Thompson,Amen,1610612745,HOU,Houston Rockets,0022400520,2025-01-09T00:00:00,HOU @ MEM,W,35.50666666666667,2.0,6.1,0.333,0.0,0.0,0.0,6.1,7.1,0.857,0.0,7.1,7.1,5.1,0.0,1.0,1.0,0.0,4.1,4.1,10.1,-4.1,32.3,0,0,26.4,1,1,13086,1,3065,21353,22525,17395,15070,20945,15070,2791,3275,7071,14058,6184,9962,7316,16469,11828,7394,8846,6984,6155,18015,15092,13051,2246,150,16660,1,35:30
2024-25,1629006,Josh Okogie,Josh,1610612756,PHX,Phoenix Suns,0022400522,2025-01-09T00:00:00,PHX vs. ATL,W,4.0,9.0,9.0,1.0,0.0,0.0,0.0,18.0,18.0,1.0,9.0,0.0,9.0,0.0,0.0,0.0,0.0,0.0,0.0,9.0,36.0,-9.0,46.8,0,0,45.0,1,1,13086,1,24480,4700,18708,1,15070,20945,15070,105,192,1,553,22137,6730,19908,16469,12854,8263,8846,20257,653,825,17421,4402,2246,150,4259,1,4:00
2024-25,1628978,Donte DiVincenzo,Donte,1610612750,MIN,Minnesota Timberwolves,0022400519,2025-01-09T00:00:00,MIN @ ORL,W,24.466666666666665,5.9,14.7,0.4,5.9,10.3,0.571,0.0,1.5,0.0,1.5,1.5,2.9,5.9,4.4,2.9,0.0,0.0,0.0,2.9,17.7,-1.5,34.4,0,0,38.3,1,1,13086,1,12511,11840,9030,14933,1388,3156,3506,13505,13508,13505,10427,20937,19873,5691,3119,3285,8263,8846,20257,9444,10157,13791,11491,2246,150,7863,1,24:28
2024-25,1641726,Dereck Lively II,Dereck,1610612742,DAL,Dallas Mavericks,0022400521,2025-01-09T00:00:00,DAL vs. POR,W,34.733333333333334,9.3,13.5,0.692,0.0,0.0,0.0,3.1,3.1,1.0,7.3,9.3,16.6,1.0,2.1,0.0,3.1,2.1,3.1,3.1,21.8,15.5,50.5,1,0,45.6,1,1,13086,1,3666,4164,11045,3171,15070,20945,15070,7516,9695,1,1040,3179,1240,19572,10144,12854,1560,2991,10239,8853,6410,5410,3134,1,150,3970,1,34:44
2024-25,1629028,Deandre Ayton,Deandre,1610612757,POR,Portland Trail Blazers,0022400521,2025-01-09T00:00:00,POR @ DAL,L,20.8,5.2,10.4,0.5,0.0,0.0,0.0,0.0,0.0,0.0,1.7,8.7,10.4,1.7,5.2,1.7,3.5,0.0,3.5,0.0,10.4,-5.2,35.8,0,0,32.9,1,13222,1,13222,15426,13839,16407,8526,15070,20945,15070,13505,14344,13505,9471,3880,5018,17278,2120,7511,1258,8846,8861,17725,17772,15693,10490,2246,150,11741,1,20:48
2024-25,1630175,Cole Anthony,Cole,1610612753,ORL,Orlando Magic,0022400519,2025-01-09T00:00:00,ORL vs. MIN,L,26.9,6.7,17.4,0.385,0.0,4.0,0.0,2.7,4.0,0.667,0.0,4.0,4.0,6.7,5.4,2.7,2.7,1.3,1.3,5.4,16.1,-17.4,41.6,0,0,37.5,1,13222,1,13222,10417,9703,5355,16070,15070,15548,15070,8623,7811,9425,14058,13674,17281,4439,1951,3958,2110,5453,17868,3550,11864,20742,6816,2246,150,8386,1,26:54
2024-25,203937,Kyle Anderson,Kyle,1610612744,GSW,Golden State Warriors,0022400518,2025-01-09T00:00:00,GSW @ DET,W,9.4,7.7,15.3,0.5,0.0,0.0,0.0,0.0,0.0,0.0,11.5,7.7,19.1,11.5,0.0,0.0,0.0,0.0,0.0,0.0,15.3,26.8,55.5,0,0,46.0,1,1,13086,1,22312,7360,8085,8526,15070,20945,15070,13505,14344,13505,274,5225,659,840,16469,12854,8263,8846,20257,17725,12606,2467,1891,2246,150,3825,1,9:24
2024-25,1641709,Ausar Thompson,Ausar,1610612765,DET,Detroit Pistons,0022400518,2025-01-09T00:00:00,DET vs. GSW,L,16.566666666666666,6.5,8.7,0.75,2.2,2.2,1.0,4.3,4.3,1.0,0.0,4.3,4.3,6.5,0.0,4.3,2.2,0.0,6.5,4.3,19.6,-17.4,54.1,0,0,45.6,1,13222,1,13222,18554,10136,19208,2107,9347,19218,1,5077,7113,1,14058,12659,16415,4684,16469,1339,3006,8846,2383,5475,8301,20738,2179,2246,150,3961,1,16:34
2024-25,201988,Patty Mills,Patty,1610612762,UTA,Utah Jazz,0022400523,2025-01-09T00:00:00,UTA vs. MIA,L,18.0,6.0,24.0,0.25,4.0,18.0,0.222,2.0,2.0,1.0,0.0,2.0,2.0,2.0,4.0,4.0,2.0,2.0,0.0,2.0,18.0,-6.0,37.4,0,0,38.0,1,13222,1,13222,17558,11500,1050,20233,3999,332,13288,10644,12724,1,14058,19665,21801,16374,3881,1636,3495,3235,20257,13081,9827,16057,9409,2246,150,8029,1,18:00
2024-25,203471,Dennis Schröder,Dennis,1610612744,GSW,Golden State Warriors,0022400518,2025-01-09T00:00:00,GSW @ DET,W,33.68333333333333,5.3,11.8,0.455,1.1,5.3,0.2,2.1,2.1,1.0,0.0,0.0,0.0,6.4,2.1,1.1,1.1,1.1,5.3,4.3,13.9,3.2,27.8,0,0,25.7,1,1,13086,1,4564,13425,14017,12676,14136,12343,13429,10174,12294,1,14058,22137,23286,4837,9794,11292,6992,7323,3938,5659,14054,11016,16373,2246,150,17172,1,33:41
2024-25,1641842,Ronald Holland II,Ronald,1610612765,DET,Detroit Pistons,0022400518,2025-01-09T00:00:00,DET vs. GSW,L,19.783333333333335,5.5,16.4,0.333,5.5,14.6,0.375,3.6,3.6,1.0,0.0,1.8,1.8,1.8,1.8,1.8,0.0,0.0,5.5,1.8,20.0,-1.8,28.6,0,0,32.8,1,13222,1,13222,16192,13107,6571,17395,1776,786,8800,6407,8604,1,14058,20191,22131,17024,11452,7160,8263,8846,3762,13849,7907,13929,15818,2246,150,11837,1,19:47
2024-25,1641724,Jett Howard,Jett,1610612753,ORL,Orlando Magic,0022400519,2025-01-09T00:00:00,ORL vs. MIN,L,23.116666666666667,6.2,17.1,0.364,3.1,14.0,0.222,0.0,0.0,0.0,3.1,9.3,12.5,6.2,3.1,0.0,0.0,0.0,4.7,1.6,15.6,-7.8,36.8,0,0,37.4,1,13222,1,13222,13622,10891,5665,16861,6183,921,13288,13505,14344,13505,5107,3167,3152,5114,6082,12854,8263,8846,5358,14769,12350,16876,9864,2246,150,8450,1,23:07
2024-25,1642258,Zaccharie Risacher,Zaccharie,1610612737,ATL,Atlanta Hawks,0022400522,2025-01-09T00:00:00,ATL @ PHX,L,19.35,3.7,7.4,0.5,0.0,0.0,0.0,1.9,1.9,1.0,1.9,1.9,3.7,0.0,1.9,1.9,0.0,0.0,1.9,1.9,9.3,7.4,17.5,0,0,16.7,1,13222,1,13222,16540,17775,21013,8526,15070,20945,15070,11091,13092,1,8986,20079,18016,19908,11271,6971,8263,8846,15887,13689,18811,8913,22298,2246,150,22410,1,19:21
2024-25,201939,Stephen Curry,Stephen,1610612744,GSW,Golden State Warriors,0022400518,2025-01-09T00:00:00,GSW @ DET,W,36.13333333333333,5.0,20.9,0.238,2.0,13.9,0.143,5.0,5.0,1.0,1.0,8.0,9.0,6.0,3.0,2.0,0.0,1.0,0.0,5.0,16.9,-13.9,39.7,0,0,37.9,1,1,13086,1,2581,14446,2389,21138,10196,939,14649,4067,5959,1,13286,4738,6797,5535,6531,6282,8263,7959,20257,4150,10919,19485,7992,2246,150,8123,1,36:08
2024-25,203500,Steven Adams,Steven,1610612745,HOU,Houston Rockets,0022400520,2025-01-09T00:00:00,HOU @ MEM,W,12.443333333333333,0.0,0.0,0.0,0.0,0.0,0.0,0.0,5.8,0.0,11.6,14.5,26.0,0.0,5.8,0.0,0.0,0.0,5.8,5.8,0.0,0.0,25.5,0,0,26.0,1,1,13086,1,21028,22635,24836,22635,15070,20945,15070,13505,4771,13505,269,665,173,19908,1573,12854,8263,8846,3247,2918,23200,12240,17960,2246,150,16903,1,12:27
2024-25,1642346,Ryan Dunn,Ryan,1610612756,PHX,Phoenix Suns,0022400522,2025-01-09T00:00:00,PHX vs. ATL,W,16.393333333333334,6.6,11.0,0.6,0.0,0.0,0.0,0.0,0.0,0.0,4.4,11.0,15.4,0.0,0.0,0.0,2.2,2.2,8.8,0.0,13.2,24.2,38.2,0,0,32.9,1,1,13086,1,18662,9964,15390,5394,15070,20945,15070,13505,14344,13505,3063,1916,1620,19908,16469,12854,2956,2652,1032,17725,14906,2994,8887,2246,150,11703,1,16:24
2024-25,1630567,Scottie Barnes,Scottie,1610612761,TOR,Toronto Raptors,0022400517,2025-01-09T00:00:00,TOR @ CLE,L,37.81666666666667,10.5,19.0,0.55,0.0,1.9,0.0,1.9,3.8,0.5,1.9,7.6,9.5,7.6,2.9,2.9,0.0,0.0,2.9,2.9,22.8,-6.7,51.4,1,0,45.7,1,13222,1,13222,1496,2747,3725,7655,15070,19730,15070,10932,8228,10625,8794,5296,6032,3266,7007,3534,8263,8846,11382,9747,5599,16363,2866,1,150,3935,1,37:49
2024-25,1629014,Anfernee Simons,Anfernee,1610612757,POR,Portland Trail Blazers,0022400521,2025-01-09T00:00:00,POR @ DAL,L,37.15,8.7,21.3,0.409,3.9,9.7,0.4,0.0,0.0,0.0,0.0,1.0,1.0,3.9,1.0,1.0,0.0,1.9,1.0,1.9,21.3,0.0,30.2,0,0,32.0,1,13222,1,13222,1884,5230,2147,14895,4249,3864,7874,13505,14344,13505,14058,22025,23235,10292,16035,12216,8263,3428,19861,13375,6807,12240,14642,2246,150,12405,1,37:09
2024-25,1630568,Luka Garza,Luka,1610612750,MIN,Minnesota Timberwolves,0022400519,2025-01-09T00:00:00,MIN @ ORL,W,3.1333333333333333,23.0,23.0,1.0,0.0,0.0,0.0,0.0,0.0,0.0,0.0,0.0,0.0,0.0,0.0,0.0,0.0,0.0,11.5,0.0,46.0,-57.4,46.0,0,0,46.0,1,1,13086,1,24922,93,1386,1,15070,20945,15070,13505,14344,13505,14058,22137,23286,19908,16469,12854,8263,8846,471,17725,224,25617,4759,2246,150,3825,1,3:08
2024-25,1628389,Bam Adebayo,Bam,1610612748,MIA,Miami Heat,0022400523,2025-01-09T00:00:00,MIA @ UTA,W,28.716666666666665,7.5,16.3,0.462,1.3,2.5,0.5,2.5,5.0,0.5,2.5,6.3,8.8,3.8,1.3,3.8,2.5,1.3,1.3,2.5,18.8,0.0,52.5,0,0,45.1,1,1,13086,1,8903,7720,6693,12428,13079,18608,3944,9031,5894,10625,6595,7757,7067,10620,14076,1896,2364,5914,18257,10968,9032,12240,2586,2246,150,4196,1,28:43
2024-25,1629234,Drew Eubanks,Drew,1610612762,UTA,Utah Jazz,0022400523,2025-01-09T00:00:00,UTA vs. MIA,L,18.0,4.0,8.0,0.5,0.0,0.0,0.0,4.0,4.0,1.0,2.0,6.0,8.0,6.0,2.0,0.0,0.0,0.0,0.0,4.0,12.0,-6.0,28.6,0,0,26.0,1,13222,1,13222,17558,17087,20259,8526,15070,20945,15070,5689,7842,1,8387,8311,8265,5485,10525,12854,8263,8846,20257,6303,16132,16057,15796,2246,150,16931,1,18:00
2024-25,1630243,Trevelin Queen,Trevelin,1610612753,ORL,Orlando Magic,0022400519,2025-01-09T00:00:00,ORL vs. MIN,L,20.95,1.7,15.5,0.111,1.7,8.6,0.2,0.0,0.0,0.0,5.2,1.7,6.9,1.7,1.7,0.0,1.7,1.7,3.4,0.0,5.2,-18.9,19.4,0,0,18.9,1,13222,1,13222,15325,21875,7872,22520,11343,5429,13429,13505,14344,13505,2241,20420,10372,17313,11849,12854,4254,4098,8944,17725,21930,21212,21446,2246,150,21431,1,20:57
2024-25,1630695,Micah Potter,Micah,1610612762,UTA,Utah Jazz,0022400523,2025-01-09T00:00:00,UTA vs. MIA,L,11.583333333333334,0.0,0.0,0.0,0.0,0.0,0.0,0.0,0.0,0.0,0.0,9.3,9.3,0.0,3.1,0.0,0.0,0.0,3.1,0.0,0.0,-24.9,8.1,0,0,9.3,1,13222,1,13222,21452,22635,24836,22635,15070,20945,15070,13505,14344,13505,14058,3183,6289,19908,6097,12854,8263,8846,10243,17725,23200,22779,24684,2246,150,24553,1,11:35
2024-25,1630230,Naji Marshall,Naji,1610612742,DAL,Dallas Mavericks,0022400521,2025-01-09T00:00:00,DAL vs. POR,W,26.25,6.9,12.3,0.556,0.0,1.4,0.0,1.4,1.4,1.0,0.0,2.7,2.7,5.5,2.7,0.0,0.0,0.0,2.7,1.4,15.1,-8.2,23.9,0,0,23.3,1,1,13086,1,10949,9273,12991,7248,15070,20404,15070,12098,13631,1,14058,17577,20371,6456,7404,12854,8263,8846,11874,15565,12818,17062,19052,2246,150,18791,1,26:15
2024-25,1631169,Josh Minott,Josh,1610612750,MIN,Minnesota Timberwolves,0022400519,2025-01-09T00:00:00,MIN @ ORL,W,7.716666666666667,0.0,9.3,0.0,0.0,4.7,0.0,0.0,0.0,0.0,0.0,0.0,0.0,0.0,0.0,0.0,4.7,0.0,14.0,0.0,0.0,-32.7,14.0,0,0,9.3,1,1,13086,1,22919,22635,18229,22635,15070,14047,15070,13505,14344,13505,14058,22137,23286,19908,16469,12854,627,8846,285,17725,23200,24122,23504,2246,150,24550,1,7:43
2024-25,203482,Kelly Olynyk,Kelly,1610612761,TOR,Toronto Raptors,0022400517,2025-01-09T00:00:00,TOR @ CLE,L,6.376666666666667,0.0,0.0,0.0,0.0,0.0,0.0,0.0,0.0,0.0,0.0,0.0,0.0,5.6,5.6,0.0,0.0,0.0,5.6,0.0,0.0,0.0,2.8,0,0,5.6,1,13222,1,13222,23426,22635,24836,22635,15070,20945,15070,13505,14344,13505,14058,22137,23286,6152,1682,12854,8263,8846,3474,17725,23200,12240,25132,2246,150,25041,1,6:23
2024-25,1629731,Dean Wade,Dean,1610612739,CLE,Cleveland Cavaliers,0022400517,2025-01-09T00:00:00,CLE vs. TOR,W,28.65,2.5,7.5,0.333,1.3,6.3,0.2,0.0,0.0,0.0,1.3,5.0,6.3,2.5,1.3,1.3,0.0,0.0,1.3,0.0,6.3,15.1,20.1,0,0,18.8,1,1,13086,1,8973,20446,20875,17395,13059,10014,13429,13505,14344,13505,11445,10806,11651,14495,14057,9747,8263,8846,18237,17725,21198,5600,21109,2246,150,21458,1,28:39
2024-25,202709,Cory Joseph,Cory,1610612753,ORL,Orlando Magic,0022400519,2025-01-09T00:00:00,ORL vs. MIN,L,5.833333333333333,0.0,0.0,0.0,0.0,0.0,0.0,6.2,12.3,0.5,0.0,0.0,0.0,12.3,12.3,0.0,0.0,0.0,0.0,12.3,6.2,43.2,12.3,0,0,18.5,1,13222,1,13222,23649,22635,24836,22635,15070,20945,15070,2707,693,10625,14058,22137,23286,646,195,12854,8263,8846,20257,179,21260,770,23935,2246,150,21616,1,5:50
2024-25,1630166,Deni Avdija,Deni,1610612757,POR,Portland Trail Blazers,0022400521,2025-01-09T00:00:00,POR @ DAL,L,33.916666666666664,4.2,12.7,0.333,1.1,5.3,0.2,0.0,2.1,0.0,1.1,7.4,8.5,4.2,1.1,0.0,0.0,1.1,2.1,3.2,9.6,-13.8,25.0,0,0,23.4,1,13222,1,13222,4334,16471,12319,17395,14188,12445,13429,13505,12344,13505,12784,5621,7481,9261,15414,12854,8263,7387,14508,8608,18587,19423,18253,2246,150,18765,1,33:55
2024-25,1630241,Sam Merrill,Sam,1610612739,CLE,Cleveland Cavaliers,0022400517,2025-01-09T00:00:00,CLE vs. TOR,W,12.566666666666666,2.9,11.5,0.25,0.0,5.7,0.0,0.0,0.0,0.0,0.0,0.0,0.0,0.0,0.0,0.0,0.0,0.0,11.5,0.0,5.7,37.2,5.7,0,0,5.7,1,1,13086,1,20955,19745,14549,20233,15070,11381,15070,13505,14344,13505,14058,22137,23286,19908,16469,12854,8263,8846,479,17725,21574,1178,24943,2246,150,25035,1,12:34
2024-25,1629638,Nickeil Alexander-Walker,Nickeil,1610612750,MIN,Minnesota Timberwolves,0022400519,2025-01-09T00:00:00,MIN @ ORL,W,21.6,1.7,8.3,0.2,0.0,3.3,0.0,0.0,0.0,0.0,1.7,8.3,10.0,5.0,0.0,0.0,0.0,3.3,3.3,1.7,3.3,3.3,22.8,0,0,18.3,1,1,13086,1,14851,21938,19744,21401,15070,16996,15070,13505,14344,13505,9694,4240,5429,7471,16469,12854,8263,1041,9324,14382,22834,10956,19663,2246,150,21697,1,21:36
2024-25,1631222,Jake LaRavia,Jake,1610612763,MEM,Memphis Grizzlies,0022400520,2025-01-09T00:00:00,MEM vs. HOU,L,19.668333333333333,3.7,7.3,0.5,0.0,3.7,0.0,0.0,0.0,0.0,1.8,7.3,9.2,3.7,0.0,0.0,1.8,0.0,1.8,1.8,7.3,16.5,29.3,0,0,23.8,1,13222,1,13222,16283,17947,21181,8526,15070,16308,15070,13505,14344,13505,9129,5807,6511,10908,16469,12854,3982,8846,16037,13808,20474,5081,15294,2246,150,18469,1,19:40
2024-25,1628415,Dillon Brooks,Dillon,1610612745,HOU,Houston Rockets,0022400520,2025-01-09T00:00:00,HOU @ MEM,W,34.625,2.1,15.6,0.133,1.0,8.3,0.125,0.0,0.0,0.0,2.1,3.1,5.2,4.2,0.0,1.0,0.0,1.0,4.2,0.0,5.2,5.2,20.8,0,0,17.7,1,1,13086,1,3765,21270,7702,22414,14306,5887,14886,13505,14344,13505,8032,16365,14276,9502,16469,11585,8263,7576,6671,17725,21911,10005,20791,2246,150,21997,1,34:38
2024-25,1628988,Aaron Holiday,Aaron,1610612745,HOU,Houston Rockets,0022400520,2025-01-09T00:00:00,HOU @ MEM,W,9.981666666666667,0.0,3.6,0.0,0.0,3.6,0.0,7.2,7.2,1.0,0.0,0.0,0.0,0.0,0.0,0.0,0.0,0.0,3.6,7.2,7.2,25.2,7.2,0,0,7.2,1,1,13086,1,22115,22635,24266,22635,15070,16422,15070,1861,3156,1,14058,22137,23286,19908,16469,12854,8263,8846,8404,1504,20551,2760,24797,2246,150,24874,1,9:59
2024-25,1631204,Marcus Sasser,Marcus,1610612765,DET,Detroit Pistons,0022400518,2025-01-09T00:00:00,DET vs. GSW,L,15.681666666666667,2.3,11.5,0.2,2.3,4.6,0.5,0.0,0.0,0.0,2.3,4.6,6.9,2.3,4.6,0.0,0.0,0.0,0.0,0.0,6.9,-23.0,14.0,0,0,18.4,1,13222,1,13222,19150,20860,14514,21401,8870,14214,3944,13505,14344,13505,7261,12006,10348,15249,2863,12854,8263,8846,20257,17725,20799,22325,23501,2246,150,21684,1,15:41
2024-25,1626179,Terry Rozier,Terry,1610612748,MIA,Miami Heat,0022400523,2025-01-09T00:00:00,MIA @ UTA,W,32.81666666666667,4.4,14.3,0.308,1.1,8.8,0.125,0.0,0.0,0.0,1.1,2.2,3.3,1.1,1.1,1.1,0.0,1.1,1.1,2.2,9.9,-1.1,17.7,0,0,17.6,1,1,13086,1,5319,16102,9753,19226,13955,5145,14886,13505,14344,13505,12487,19085,19013,19353,15145,11043,8263,7067,19113,12185,18282,13612,22231,2246,150,22055,1,32:49
2024-25,1641711,Gradey Dick,Gradey,1610612761,TOR,Toronto Raptors,0022400517,2025-01-09T00:00:00,TOR @ CLE,L,21.343333333333334,8.4,15.2,0.556,1.7,5.1,0.333,0.0,0.0,0.0,0.0,1.7,1.7,1.7,1.7,0.0,0.0,1.7,3.4,1.7,18.6,-1.7,21.4,0,0,23.6,1,13222,1,13222,15041,5739,8290,7248,11441,13048,9209,13505,14344,13505,14058,20494,22321,17408,11974,12854,8263,4183,9174,14316,9264,13870,20459,2246,150,18603,1,21:21
2024-25,1629027,Trae Young,Trae,1610612737,ATL,Atlanta Hawks,0022400522,2025-01-09T00:00:00,ATL @ PHX,L,33.833333333333336,6.4,16.0,0.4,1.1,4.3,0.25,8.5,9.6,0.889,0.0,2.1,2.1,7.4,3.2,1.1,0.0,1.1,0.0,6.4,22.3,-16.0,36.1,0,0,35.1,1,13222,1,13222,4412,10483,7165,14933,14169,15000,11902,1181,1560,6857,14058,19277,21554,3464,5844,11354,8263,7369,20257,2200,5973,20244,10318,2246,150,10018,1,33:50
2024-25,1630700,Dyson Daniels,Dyson,1610612737,ATL,Atlanta Hawks,0022400522,2025-01-09T00:00:00,ATL @ PHX,L,36.403333333333336,5.9,11.9,0.5,1.0,2.0,0.5,0.0,0.0,0.0,2.0,2.0,4.0,3.0,0.0,3.0,0.0,0.0,2.0,0.0,12.9,-8.9,31.0,0,0,26.7,1,13222,1,13222,2412,11701,13841,8526,14608,19594,3944,13505,14344,13505,8490,19736,17428,13036,16469,3227,8263,8846,15267,17725,15239,17384,14087,2246,150,16398,1,36:24
2024-25,1628371,Jonathan Isaac,Jonathan,1610612753,ORL,Orlando Magic,0022400519,2025-01-09T00:00:00,ORL vs. MIN,L,14.966666666666667,2.4,9.6,0.25,0.0,4.8,0.0,4.8,4.8,1.0,7.2,9.6,16.8,0.0,0.0,0.0,4.8,0.0,0.0,2.4,9.6,-26.5,44.3,0,0,36.1,1,13222,1,13222,19587,20650,17721,20233,15070,13669,15070,4329,6280,1,1057,2897,1163,19908,16469,12854,568,8846,20257,11330,18520,23129,5535,2246,150,9311,1,14:58
2024-25,1627736,Malik Beasley,Malik,1610612765,DET,Detroit Pistons,0022400518,2025-01-09T00:00:00,DET vs. GSW,L,36.233333333333334,7.9,20.9,0.381,4.0,13.9,0.286,1.0,1.0,1.0,1.0,3.0,4.0,2.0,1.0,0.0,0.0,1.0,4.0,2.0,20.9,0.0,27.6,0,0,30.8,1,13222,1,13222,2511,6739,2422,16250,4040,949,11433,13256,14227,1,13316,16803,17384,16425,15896,12854,8263,7984,7208,13139,7192,12240,16486,2246,150,13325,1,36:14
2024-25,1642270,Donovan Clingan,Donovan,1610612757,POR,Portland Trail Blazers,0022400521,2025-01-09T00:00:00,POR @ DAL,L,24.266666666666666,5.9,5.9,1.0,1.5,1.5,1.0,3.0,4.5,0.667,5.9,10.4,16.3,1.5,0.0,0.0,3.0,0.0,4.5,3.0,16.3,4.5,47.0,1,0,41.5,1,13222,1,13222,12680,11691,22670,1,12107,20286,1,7903,6935,9425,1654,2295,1319,18044,16469,12854,1735,8846,5888,9365,11577,10407,4302,1,150,5884,1,24:16
2024-25,1628976,Wendell Carter Jr.,Wendell,1610612753,ORL,Orlando Magic,0022400519,2025-01-09T00:00:00,ORL vs. MIN,L,17.683333333333334,6.1,20.4,0.3,0.0,6.1,0.0,4.1,10.2,0.4,2.0,10.2,12.2,2.0,0.0,0.0,0.0,0.0,10.2,10.2,16.3,-12.2,34.0,0,0,30.5,1,13222,1,13222,17794,11207,2718,19363,15070,10422,15070,5577,1299,13061,8223,2442,3338,16239,16469,12854,8263,8846,665,383,11620,18819,11815,2246,150,13522,1,17:41
2024-25,1642268,Isaiah Collier,Isaiah,1610612762,UTA,Utah Jazz,0022400523,2025-01-09T00:00:00,UTA vs. MIA,L,33.516666666666666,3.2,5.4,0.6,0.0,2.1,0.0,2.1,2.1,1.0,1.1,2.1,3.2,9.7,3.2,0.0,0.0,0.0,3.2,2.1,8.6,0.0,23.7,0,0,21.5,1,13222,1,13222,4717,18946,23205,5394,15070,19274,15070,10139,12262,1,12682,19214,19166,1608,5752,12854,8263,8846,9767,12408,19439,12240,19137,2246,150,19984,1,33:31
2024-25,1631105,Jalen Duren,Jalen,1610612765,DET,Detroit Pistons,0022400518,2025-01-09T00:00:00,DET vs. GSW,L,31.0,3.5,7.0,0.5,0.0,0.0,0.0,2.3,3.5,0.667,1.2,12.8,13.9,3.5,2.3,1.2,3.5,3.5,4.6,3.5,9.3,15.1,42.9,0,0,36.0,1,13222,1,13222,6873,18357,21599,8526,15070,20945,15070,9553,8918,9425,12039,1087,2266,11433,8976,10497,1236,927,5424,7705,18818,5593,6191,2246,150,9360,1,31:00
2024-25,1630702,Jaden Hardy,Jaden,1610612742,DAL,Dallas Mavericks,0022400521,2025-01-09T00:00:00,DAL vs. POR,W,29.266666666666666,12.3,22.1,0.556,6.2,11.1,0.556,0.0,1.2,0.0,0.0,0.0,0.0,2.5,2.5,1.2,0.0,1.2,2.5,1.2,30.8,16.0,35.7,0,0,41.8,1,1,13086,1,8428,1351,1759,7248,1199,2429,3747,13505,13837,13505,14058,22137,23286,14679,8406,9941,8263,6053,12948,16240,1848,5252,10600,2246,150,5744,1,29:16
2024-25,1631216,Caleb Houstan,Caleb,1610612753,ORL,Orlando Magic,0022400519,2025-01-09T00:00:00,ORL vs. MIN,L,33.03333333333333,4.4,7.6,0.571,4.4,6.5,0.667,2.2,2.2,1.0,0.0,1.1,1.1,1.1,2.2,0.0,0.0,0.0,3.3,2.2,15.3,-4.4,16.0,0,0,21.8,1,13222,1,13222,5120,16172,20746,6538,3305,9454,1957,10030,12153,1,14058,21773,23093,19382,9597,12854,8263,8846,9572,12243,12647,15252,22847,2246,150,19794,1,33:02
2024-25,1630548,Johnny Juzang,Johnny,1610612762,UTA,Utah Jazz,0022400523,2025-01-09T00:00:00,UTA vs. MIA,L,23.55,3.1,13.8,0.222,1.5,7.6,0.2,0.0,0.0,0.0,1.5,7.6,9.2,0.0,1.5,1.5,0.0,0.0,4.6,0.0,7.6,12.2,21.7,0,0,21.4,1,13222,1,13222,13273,19300,10565,21205,11928,7090,13429,13505,14344,13505,10196,5248,6480,19908,12617,8279,8263,8846,5571,17725,20203,6701,20315,2246,150,20028,1,23:33
2024-25,1642345,Oso Ighodaro,Oso,1610612756,PHX,Phoenix Suns,0022400522,2025-01-09T00:00:00,PHX vs. ATL,W,25.37,2.8,5.7,0.5,0.0,0.0,0.0,0.0,0.0,0.0,1.4,5.7,7.1,2.8,1.4,1.4,1.4,1.4,2.8,0.0,5.7,-4.3,25.5,0,0,21.3,1,1,13086,1,11681,19795,22924,8526,15070,20945,15070,13505,14344,13505,10672,9103,9965,13480,13179,8810,5157,5110,11473,17725,21609,15203,17915,2246,150,20107,1,25:22
2024-25,1630224,Jalen Green,Jalen,1610612745,HOU,Houston Rockets,0022400520,2025-01-09T00:00:00,HOU @ MEM,W,38.225,10.4,19.8,0.524,3.8,7.5,0.5,0.9,1.9,0.5,0.9,0.9,1.9,2.8,2.8,2.8,0.9,0.9,0.0,0.9,25.4,-0.9,40.4,0,0,41.4,1,1,13086,1,1257,2862,3131,8439,4535,7322,3944,13393,13020,10625,13709,22065,22031,13508,7124,3616,7885,8408,20257,17566,3977,13495,7515,2246,150,5954,1,38:14
2024-25,1641710,Anthony Black,Anthony,1610612753,ORL,Orlando Magic,0022400519,2025-01-09T00:00:00,ORL vs. MIN,L,10.333333333333334,3.5,17.4,0.2,0.0,7.0,0.0,3.5,7.0,0.5,0.0,0.0,0.0,3.5,3.5,0.0,3.5,0.0,7.0,7.0,10.5,-20.9,22.6,0,0,20.9,1,13222,1,13222,21992,18357,5328,21401,15070,8521,15070,6730,3391,10625,14058,22137,23286,11433,5047,12854,1236,8846,1998,1677,17712,21805,19786,2246,150,20344,1,10:20
2024-25,202699,Tobias Harris,Tobias,1610612765,DET,Detroit Pistons,0022400518,2025-01-09T00:00:00,DET vs. GSW,L,32.403333333333336,6.7,8.9,0.75,1.1,3.3,0.333,0.0,0.0,0.0,0.0,4.4,4.4,4.4,2.2,0.0,1.1,0.0,2.2,1.1,14.4,8.9,27.6,0,0,26.7,1,13222,1,13222,5634,9788,18889,2107,13886,16999,9209,13505,14344,13505,14058,12425,16188,8785,9426,12854,6721,8846,14003,16859,13463,8230,16536,2246,150,16429,1,32:24
2024-25,1629660,Ty Jerome,Ty,1610612739,CLE,Cleveland Cavaliers,0022400517,2025-01-09T00:00:00,CLE vs. TOR,W,20.116666666666667,3.6,8.9,0.4,0.0,1.8,0.0,7.2,7.2,1.0,3.6,0.0,3.6,1.8,1.8,3.6,0.0,0.0,0.0,5.4,14.3,-21.5,30.2,0,0,26.8,1,1,13086,1,15932,18128,18798,14933,15070,19931,15070,1900,3213,1,4245,22137,18369,17115,11597,2121,8263,8846,20257,3522,13588,21960,14629,2246,150,16274,1,20:07
2024-25,1629634,Brandon Clarke,Brandon,1610612763,MEM,Memphis Grizzlies,0022400520,2025-01-09T00:00:00,MEM vs. HOU,L,17.37,8.3,10.4,0.8,0.0,0.0,0.0,0.0,0.0,0.0,4.1,4.1,8.3,2.1,0.0,4.1,0.0,0.0,12.4,0.0,16.6,6.2,42.1,0,0,35.2,1,13222,1,13222,18024,6004,16441,1688,15070,20945,15070,13505,14344,13505,3378,13291,7785,16110,16469,1503,8263,8846,381,17725,11304,9506,6579,2246,150,9927,1,17:22
2024-25,1630249,Vít Krejčí,Vít,1610612737,ATL,Atlanta Hawks,0022400522,2025-01-09T00:00:00,ATL @ PHX,L,26.39666666666667,5.5,10.9,0.5,4.1,6.8,0.6,1.4,1.4,1.0,0.0,4.1,4.1,8.2,1.4,1.4,0.0,1.4,2.7,1.4,16.4,-13.6,36.3,0,0,35.5,1,13222,1,13222,10823,13118,15510,8526,3802,8862,2992,12126,13641,1,14058,13444,17089,2716,13493,9119,8263,5341,11923,15606,11537,19355,10179,2246,150,9756,1,26:24
2024-25,1629639,Tyler Herro,Tyler,1610612748,MIA,Miami Heat,0022400523,2025-01-09T00:00:00,MIA @ UTA,W,37.36666666666667,6.7,15.4,0.438,3.9,8.7,0.444,4.8,4.8,1.0,0.0,6.7,6.7,4.8,1.0,1.0,1.0,1.9,1.0,1.9,22.2,1.0,42.3,0,0,41.4,1,1,13086,1,1760,9586,7948,13558,4308,5312,7211,4321,6264,1,14058,6808,10647,7875,16067,12248,7731,3458,19890,13416,6099,12180,6475,2246,150,5965,1,37:22
2024-25,1641765,Olivier-Maxence Prosper,Olivier-Maxence,1610612742,DAL,Dallas Mavericks,0022400521,2025-01-09T00:00:00,DAL vs. POR,W,9.316666666666666,0.0,7.7,0.0,0.0,0.0,0.0,0.0,0.0,0.0,7.7,3.9,11.6,7.7,0.0,3.9,0.0,3.9,0.0,0.0,0.0,27.0,37.1,0,0,27.0,1,1,13086,1,22343,22635,20619,22635,15070,20945,15070,13505,14344,13505,869,14140,3853,3151,16469,1778,8263,701,20257,17725,23200,2421,9634,2246,150,16120,1,9:19
2024-25,203110,Draymond Green,Draymond,1610612744,GSW,Golden State Warriors,0022400518,2025-01-09T00:00:00,GSW @ DET,W,32.06666666666667,3.4,10.1,0.333,0.0,3.4,0.0,1.1,2.2,0.5,2.2,3.4,5.6,4.5,4.5,1.1,3.4,3.4,4.5,2.2,7.9,-2.2,30.3,0,0,26.9,1,1,13086,1,5915,18603,16891,17395,15070,16932,15070,12846,11949,10625,7436,15603,13255,8678,3009,10845,1337,1018,5801,11960,20034,14173,14567,2246,150,16191,1,32:04
2024-25,1626145,Tyus Jones,Tyus,1610612756,PHX,Phoenix Suns,0022400522,2025-01-09T00:00:00,PHX vs. ATL,W,28.55,7.6,15.1,0.5,5.0,8.8,0.571,0.0,0.0,0.0,1.3,1.3,2.5,5.0,2.5,1.3,0.0,0.0,0.0,0.0,20.2,7.6,32.0,0,0,35.3,1,1,13086,1,9073,7611,8375,8526,2219,5060,3506,13505,14344,13505,11410,21360,20760,7376,8149,9715,8263,8846,20257,17725,7765,8856,13301,2246,150,9874,1,28:33
2024-25,202692,Alec Burks,Alec,1610612748,MIA,Miami Heat,0022400523,2025-01-09T00:00:00,MIA @ UTA,W,18.116666666666667,4.0,13.9,0.286,4.0,13.9,0.286,0.0,0.0,0.0,2.0,11.9,13.9,2.0,4.0,2.0,0.0,0.0,2.0,0.0,11.9,7.9,33.6,0,0,35.8,1,1,13086,1,17491,17150,10323,19630,4040,949,11433,13505,14344,13505,8446,1407,2276,16425,3931,6316,8263,8846,15225,17725,16221,8658,12125,2246,150,9536,1,18:07
2024-25,1628960,Grayson Allen,Grayson,1610612756,PHX,Phoenix Suns,0022400522,2025-01-09T00:00:00,PHX vs. ATL,W,26.916666666666668,9.4,10.7,0.875,6.7,8.0,0.833,5.3,5.3,1.0,0.0,2.7,2.7,1.3,2.7,0.0,0.0,0.0,1.3,4.0,30.8,4.0,33.3,0,0,41.5,1,1,13086,1,10399,4100,15883,1353,899,6408,1341,3589,5389,1,14058,17757,20503,18545,7604,12854,8263,8846,17873,6276,1841,10639,12348,2246,150,5940,1,26:55
2024-25,1628964,Mo Bamba,Mo,1610612746,LAC,LA Clippers,0022400515,2025-01-08T00:00:00,LAC @ DEN,L,15.4,2.3,11.7,0.2,0.0,4.7,0.0,4.7,4.7,1.0,4.7,14.0,18.7,0.0,0.0,2.3,4.7,0.0,0.0,2.3,9.4,2.3,52.8,0,0,42.1,1,13222,1,13222,19307,20784,14142,21401,15070,14023,15070,4547,6526,1,2707,759,755,19908,16469,4908,623,8846,20257,11596,18777,11443,2500,2246,150,5601,1,15:24
2024-25,1629628,RJ Barrett,RJ,1610612761,TOR,Toronto Raptors,0022400511,2025-01-08T00:00:00,TOR @ NYK,L,28.35,8.9,19.0,0.467,1.3,5.1,0.25,1.3,2.5,0.5,3.8,2.5,6.3,2.5,2.5,1.3,1.3,2.5,5.1,1.3,20.3,-22.9,36.8,0,0,35.6,1,13222,1,13222,9255,4904,3719,12249,12980,13003,11902,12385,11103,10625,3871,18083,11503,14401,8080,9651,5799,1971,4428,16031,7643,22299,9819,2246,150,9690,1,28:21
2024-25,1627751,Jakob Poeltl,Jakob,1610612761,TOR,Toronto Raptors,0022400511,2025-01-08T00:00:00,TOR @ NYK,L,30.161666666666665,4.8,7.2,0.667,0.0,0.0,0.0,0.0,0.0,0.0,2.4,9.5,11.9,3.6,4.8,1.2,0.0,0.0,3.6,2.4,9.5,-22.7,28.0,0,0,27.5,1,13222,1,13222,7633,15040,21369,3281,15070,20945,15070,13505,14344,13505,6964,2963,3548,11142,2625,10224,8263,8846,8492,11400,18592,22263,16191,2246,150,15829,1,30:10
2024-25,1627736,Malik Beasley,Malik,1610612765,DET,Detroit Pistons,0022400513,2025-01-08T00:00:00,DET @ BKN,W,32.95,9.8,18.6,0.529,4.4,12.0,0.364,1.1,1.1,1.0,0.0,2.2,2.2,5.5,1.1,2.2,0.0,0.0,3.3,2.2,25.1,25.1,41.4,0,0,41.5,1,1,13086,1,5189,3426,4150,8281,3283,1772,9100,12924,14050,1,14058,19116,21445,6506,15179,5458,8263,8846,9533,12222,4158,2784,6927,2246,150,5904,1,32:57
2024-25,1642274,Yves Missi,Yves,1610612740,NOP,New Orleans Pelicans,0022400514,2025-01-08T00:00:00,NOP vs. POR,L,24.933333333333334,1.4,2.9,0.5,0.0,0.0,0.0,0.0,0.0,0.0,2.9,7.2,10.1,5.8,0.0,0.0,1.4,0.0,0.0,1.4,2.9,-37.5,28.0,0,0,21.7,1,13222,1,13222,12062,22234,24523,8526,15070,20945,15070,13505,14344,13505,5616,5966,5318,5899,16469,12854,5061,8846,20257,15261,22980,24658,16227,2246,150,19863,1,24:56
2024-25,202699,Tobias Harris,Tobias,1610612765,DET,Detroit Pistons,0022400513,2025-01-08T00:00:00,DET @ BKN,W,25.866666666666667,5.6,12.5,0.444,1.4,4.2,0.333,0.0,0.0,0.0,0.0,4.2,4.2,7.0,1.4,0.0,2.8,1.4,0.0,0.0,12.5,32.0,34.9,0,0,30.6,1,1,13086,1,11270,12799,12691,13045,12479,15180,9209,13505,14344,13505,14058,13183,16868,4052,13322,12854,1977,5207,20257,17725,15571,1732,11100,2246,150,13463,1,25:52
2024-25,1629645,Kevin Porter Jr.,Kevin,1610612746,LAC,LA Clippers,0022400515,2025-01-08T00:00:00,LAC @ DEN,L,15.266666666666667,9.4,16.5,0.571,2.4,9.4,0.25,2.4,9.4,0.25,0.0,0.0,0.0,2.4,0.0,4.7,2.4,0.0,0.0,4.7,23.6,-30.7,48.3,0,0,42.4,1,13222,1,13222,19400,3977,6415,6538,8634,4212,11902,9429,1649,13358,14058,22137,23286,15023,16469,1071,2629,8846,20257,4690,5074,23842,3867,2246,150,5434,1,15:16
2024-25,1641842,Ronald Holland II,Ronald,1610612765,DET,Detroit Pistons,0022400513,2025-01-08T00:00:00,DET @ BKN,W,27.9,5.2,9.0,0.571,0.0,2.6,0.0,0.0,1.3,0.0,0.0,6.5,6.5,3.9,0.0,0.0,0.0,0.0,3.9,1.3,10.3,-6.5,23.9,0,0,20.6,1,1,13086,1,9625,13918,18672,6538,15070,18479,15070,13505,13745,13505,14058,7409,11272,10303,16469,12854,8263,8846,7540,15950,17838,16270,19042,2246,150,20487,1,27:54
2024-25,1641705,Victor Wembanyama,Victor,1610612759,SAS,San Antonio Spurs,0022400516,2025-01-08T00:00:00,SAS @ MIL,L,33.41,4.3,10.8,0.4,2.2,6.5,0.333,0.0,0.0,0.0,4.3,6.5,10.8,1.1,3.2,2.2,3.2,0.0,4.3,3.2,10.8,-7.5,38.3,1,0,35.6,1,13222,1,13222,4809,16298,15743,14933,9425,9612,9209,13505,14344,13505,3150,7388,4626,19421,5725,5564,1444,8846,6254,8450,17392,16757,8856,1,150,9689,1,33:25
2024-25,1630288,Jeff Dowtin Jr.,Jeff,1610612755,PHI,Philadelphia 76ers,0022400512,2025-01-08T00:00:00,PHI vs. WAS,W,9.441666666666666,3.8,11.4,0.333,0.0,0.0,0.0,3.8,7.6,0.5,0.0,7.6,7.6,3.8,0.0,3.8,0.0,3.8,0.0,3.8,11.4,-26.7,37.7,0,0,30.5,1,1,13086,1,22297,17531,14596,17395,15070,20945,15070,6057,2794,10625,14058,5277,8923,10465,16469,1836,8263,724,20257,6815,16742,23175,9193,2246,150,13544,1,9:27
2024-25,1630178,Tyrese Maxey,Tyrese,1610612755,PHI,Philadelphia 76ers,0022400512,2025-01-08T00:00:00,PHI vs. WAS,W,38.55833333333333,10.3,25.2,0.407,2.8,13.1,0.214,3.7,5.6,0.667,0.0,2.8,2.8,5.6,0.9,1.9,0.0,0.9,1.9,3.7,27.1,12.1,43.5,0,0,42.0,1,1,13086,1,1083,2941,788,14925,7211,1263,13424,6213,5046,9425,14058,17398,20253,6246,16228,6933,8263,8467,15848,7035,3175,6738,5884,2246,150,5633,1,38:34
2024-25,1626162,Kelly Oubre Jr.,Kelly,1610612755,PHI,Philadelphia 76ers,0022400512,2025-01-08T00:00:00,PHI vs. WAS,W,38.333333333333336,6.6,13.1,0.5,0.9,5.6,0.167,0.0,0.0,0.0,0.9,2.8,3.8,3.8,2.8,1.9,1.9,0.9,2.8,1.9,14.1,11.3,32.7,0,0,30.1,1,1,13086,1,1200,10005,11583,8526,14840,11619,14236,13505,14344,13505,13725,17348,17925,10633,7160,6861,3832,8426,11564,13592,13859,7114,12813,2246,150,13905,1,38:20
2024-25,1631212,Peyton Watson,Peyton,1610612743,DEN,Denver Nuggets,0022400515,2025-01-08T00:00:00,DEN vs. LAC,W,24.033333333333335,6.0,15.0,0.4,0.0,3.0,0.0,1.5,4.5,0.333,0.0,6.0,6.0,1.5,1.5,1.5,3.0,1.5,4.5,3.0,13.5,25.5,34.9,0,0,30.0,1,1,13086,1,12869,11546,8645,14933,15070,17667,15070,11806,6853,13132,14058,8345,12306,17984,12749,8414,1706,4785,5793,9278,14527,2714,11128,2246,150,13973,1,24:02
2024-25,1630170,Devin Vassell,Devin,1610612759,SAS,San Antonio Spurs,0022400516,2025-01-08T00:00:00,SAS @ MIL,L,32.0,4.5,19.1,0.235,3.4,10.1,0.333,0.0,0.0,0.0,0.0,10.1,10.1,2.3,2.3,1.1,0.0,2.3,0.0,0.0,12.4,-10.1,29.0,0,0,30.4,1,13222,1,13222,5961,15777,3642,21144,5445,3351,9209,13505,14344,13505,14058,2486,5298,15433,9307,10822,8263,2550,20257,17725,15745,17939,15468,2246,150,13650,1,32:00
2024-25,201572,Brook Lopez,Brook,1610612749,MIL,Milwaukee Bucks,0022400516,2025-01-08T00:00:00,MIL vs. SAS,W,35.38333333333333,8.1,17.3,0.471,5.1,11.2,0.455,1.0,1.0,1.0,2.0,5.1,7.1,1.0,0.0,1.0,2.0,0.0,3.1,1.0,22.4,7.1,41.6,0,0,41.7,1,1,13086,1,3158,6332,5457,12143,2171,2338,7148,13184,14187,1,8228,10614,9913,19625,16469,11788,3383,8846,10481,17322,5934,9083,6824,2246,150,5794,1,35:23
2024-25,201599,DeAndre Jordan,DeAndre,1610612743,DEN,Denver Nuggets,0022400515,2025-01-08T00:00:00,DEN vs. LAC,W,23.3,7.7,9.3,0.833,0.0,0.0,0.0,3.1,4.6,0.667,3.1,10.8,13.9,3.1,0.0,3.1,0.0,0.0,3.1,3.1,18.5,26.3,49.1,0,0,41.7,1,1,13086,1,13465,7214,18308,1514,15070,20945,15070,7571,6604,9425,5147,2009,2277,12636,16469,2951,8263,8846,10308,8918,9284,2564,3571,2246,150,5793,1,23:18
2024-25,1629014,Anfernee Simons,Anfernee,1610612757,POR,Portland Trail Blazers,0022400514,2025-01-08T00:00:00,POR @ NOP,W,28.733333333333334,8.8,13.8,0.636,3.8,8.8,0.429,0.0,0.0,0.0,1.3,6.3,7.5,6.3,0.0,1.3,0.0,0.0,0.0,0.0,21.3,18.8,43.5,0,0,41.3,1,1,13086,1,8889,5143,10529,4689,4554,5153,7394,13505,14344,13505,11470,7766,9136,5073,16469,9784,8263,8846,20257,17725,6826,4319,5894,2246,150,6002,1,28:44
2024-25,1630537,Chris Duarte,Chris,1610612741,CHI,Chicago Bulls,0022400510,2025-01-08T00:00:00,CHI @ IND,L,14.433333333333334,5.0,12.5,0.4,2.5,5.0,0.5,0.0,0.0,0.0,2.5,5.0,7.5,7.5,0.0,0.0,0.0,0.0,5.0,0.0,12.5,-20.0,32.7,0,0,29.9,1,13222,1,13222,19928,14415,12775,14933,8160,13228,3944,13505,14344,13505,6622,10909,9201,3421,16469,12854,8263,8846,4627,17725,15628,21535,12821,2246,150,13991,1,14:26
2024-25,1630577,Julian Champagnie,Julian,1610612759,SAS,San Antonio Spurs,0022400516,2025-01-08T00:00:00,SAS @ MIL,L,26.716666666666665,4.0,14.8,0.273,4.0,12.1,0.333,0.0,0.0,0.0,0.0,4.0,4.0,1.3,1.3,0.0,0.0,0.0,2.7,0.0,12.1,-35.0,17.7,0,0,21.6,1,13222,1,13222,10552,16991,8860,20048,3910,1714,9209,13505,14344,13505,14058,13588,17209,18512,13582,12854,8263,8846,12061,17725,16002,24413,22238,2246,150,19927,1,26:43
2024-25,1641763,Julian Phillips,Julian,1610612741,CHI,Chicago Bulls,0022400510,2025-01-08T00:00:00,CHI @ IND,L,14.883333333333333,4.8,9.7,0.5,2.4,4.8,0.5,2.4,4.8,0.5,2.4,2.4,4.8,0.0,2.4,0.0,0.0,0.0,4.8,2.4,14.5,9.7,17.9,0,0,21.8,1,13222,1,13222,19645,14840,17621,8526,8417,13603,3944,9281,6222,10625,6865,18430,15202,19908,8576,12854,8263,8846,4974,11271,13396,7852,22139,2246,150,19807,1,14:53
2024-25,1628973,Jalen Brunson,Jalen,1610612752,NYK,New York Knicks,0022400511,2025-01-08T00:00:00,NYK vs. TOR,W,34.88333333333333,5.2,13.4,0.385,1.0,4.1,0.25,2.1,4.1,0.5,0.0,6.2,6.2,7.2,1.0,1.0,0.0,0.0,1.0,3.1,13.4,20.6,33.7,0,0,29.9,1,1,13086,1,3553,13926,11123,16070,14352,15280,11902,10427,7573,10625,14058,7912,11842,3723,15620,11658,8263,8846,19516,8897,14594,3773,12014,2246,150,13997,1,34:53
2024-25,204456,T.J. McConnell,T.J.,1610612754,IND,Indiana Pacers,0022400510,2025-01-08T00:00:00,IND vs. CHI,W,16.366666666666667,4.4,15.4,0.286,0.0,0.0,0.0,4.4,6.6,0.667,2.2,2.2,4.4,11.0,2.2,6.6,0.0,0.0,0.0,11.0,13.2,-4.4,52.6,0,0,41.8,1,1,13086,1,18676,16060,7965,19630,15070,20945,15070,4991,3774,9425,7585,19065,16282,1005,9505,355,8263,8846,20257,279,14872,15269,2570,2246,150,5756,1,16:22
2024-25,201587,Nicolas Batum,Nicolas,1610612746,LAC,LA Clippers,0022400515,2025-01-08T00:00:00,LAC @ DEN,L,9.316666666666666,3.9,7.7,0.5,3.9,7.7,0.5,0.0,0.0,0.0,3.9,3.9,7.7,3.9,0.0,7.7,0.0,0.0,7.7,0.0,11.6,-46.4,49.8,0,0,42.5,1,13222,1,13222,22343,17417,20619,8526,4285,6938,3944,13505,14344,13505,3789,14140,8758,10324,16469,228,8263,8846,1498,17725,16580,25243,3314,2246,150,5403,1,9:19
2024-25,1628366,Lonzo Ball,Lonzo,1610612741,CHI,Chicago Bulls,0022400510,2025-01-08T00:00:00,CHI @ IND,L,19.25,3.7,11.2,0.333,1.9,9.4,0.2,0.0,0.0,0.0,0.0,5.6,5.6,1.9,3.7,3.7,1.9,0.0,1.9,0.0,9.4,-13.1,32.0,0,0,29.9,1,13222,1,13222,16627,17733,14989,17395,10780,4303,13429,13505,14344,13505,14058,9280,13258,16858,4461,1917,3863,8846,15829,17725,18777,19157,13342,2246,150,14007,1,19:15
2024-25,1630173,Precious Achiuwa,Precious,1610612752,NYK,New York Knicks,0022400511,2025-01-08T00:00:00,NYK vs. TOR,W,15.213333333333333,7.1,11.8,0.6,0.0,2.4,0.0,0.0,0.0,0.0,0.0,9.5,9.5,2.4,0.0,0.0,2.4,0.0,0.0,4.7,14.2,-4.7,36.2,0,0,30.8,1,1,13086,1,19435,8705,13889,5394,15070,18872,15070,13505,14344,13505,14058,3052,6103,14995,16469,12854,2611,8846,20257,4655,13728,15437,10234,2246,150,13349,1,15:13
2024-25,201566,Russell Westbrook,Russell,1610612743,DEN,Denver Nuggets,0022400515,2025-01-08T00:00:00,DEN vs. LAC,W,29.433333333333334,9.8,19.6,0.5,1.2,6.1,0.2,2.4,6.1,0.4,2.4,4.9,7.3,9.8,3.7,0.0,0.0,1.2,3.7,3.7,23.2,22.0,43.1,0,0,41.6,1,1,13086,1,8281,3493,3295,8526,13247,10407,13429,9203,4332,13061,6786,11178,9498,1547,4630,12854,8263,6104,8197,7211,5337,3453,6114,2246,150,5863,1,29:26
2024-25,1630193,Immanuel Quickley,Immanuel,1610612761,TOR,Toronto Raptors,0022400511,2025-01-08T00:00:00,TOR @ NYK,L,31.31833333333333,8.0,13.8,0.583,3.4,6.9,0.5,5.7,6.9,0.833,0.0,3.4,3.4,5.7,2.3,1.1,1.1,1.1,0.0,6.9,25.3,8.0,42.6,0,0,42.5,1,13222,1,13222,6593,6538,10499,6296,5262,8676,3944,3141,3476,7275,14058,15378,18664,5954,9076,10584,6492,6640,20257,1738,4063,8613,6286,2246,150,5385,1,31:19
2024-25,1641736,Reece Beekman,Reece,1610612751,BKN,Brooklyn Nets,0022400513,2025-01-08T00:00:00,BKN vs. DET,L,24.066666666666666,1.5,9.0,0.167,0.0,0.0,0.0,0.0,0.0,0.0,0.0,1.5,1.5,7.5,1.5,3.0,1.5,3.0,1.5,1.5,3.0,-7.5,28.0,0,0,20.9,1,13222,1,13222,12825,22173,18762,21938,15070,20945,15070,13505,14344,13505,14058,20886,22574,3424,12762,3176,4870,1351,17237,15019,22959,16719,16252,2246,150,20317,1,24:04
2024-25,1631213,Tyrese Martin,Tyrese,1610612751,BKN,Brooklyn Nets,0022400513,2025-01-08T00:00:00,BKN vs. DET,L,32.6,4.4,13.3,0.333,4.4,9.9,0.444,0.0,2.2,0.0,2.2,8.8,11.0,4.4,4.4,1.1,0.0,1.1,0.0,1.1,13.3,-18.8,32.0,1,0,35.3,1,13222,1,13222,5479,16017,11383,17395,3208,3569,7211,13505,12062,13505,7558,3682,4369,8837,3115,10980,8263,7005,20257,16888,14804,21169,13305,1,150,9851,1,32:36
2024-25,1641717,Cason Wallace,Cason,1610612760,OKC,Oklahoma City Thunder,0022400509,2025-01-08T00:00:00,OKC @ CLE,L,30.866666666666667,7.0,9.3,0.75,3.5,3.5,1.0,0.0,0.0,0.0,0.0,2.3,2.3,3.5,0.0,0.0,0.0,1.2,4.7,0.0,17.5,2.3,25.5,0,0,26.8,1,13222,1,13222,6979,8938,18229,2107,5152,16655,1,13505,14344,13505,14058,18668,21130,11391,16469,12854,8263,6510,5372,17725,10329,11448,17914,2246,150,16297,1,30:52
2024-25,201935,James Harden,James,1610612746,LAC,LA Clippers,0022400515,2025-01-08T00:00:00,LAC @ DEN,L,27.383333333333333,6.6,19.7,0.333,2.6,10.5,0.25,5.3,6.6,0.8,0.0,3.9,3.9,5.3,6.6,0.0,1.3,1.3,0.0,3.9,21.0,-22.3,31.0,0,0,35.5,1,13222,1,13222,10029,10006,3168,17395,7744,2962,11902,3699,3804,7681,14058,13895,17455,6917,1092,12854,5587,5585,20257,6457,7058,22179,14041,2246,150,9731,1,27:23
2024-25,1629057,Robert Williams III,Robert,1610612757,POR,Portland Trail Blazers,0022400514,2025-01-08T00:00:00,POR @ NOP,W,16.2,4.4,6.7,0.667,0.0,0.0,0.0,0.0,0.0,0.0,2.2,11.1,13.3,0.0,0.0,2.2,8.9,0.0,4.4,2.2,8.9,4.4,58.2,0,0,44.4,1,1,13086,1,18788,15941,21929,3281,15070,20945,15070,13505,14344,13505,7524,1845,2581,19908,16469,5303,101,8846,5902,12068,19185,10408,1447,2246,150,4493,1,16:12
2024-25,1641810,Antonio Reeves,Antonio,1610612740,NOP,New Orleans Pelicans,0022400514,2025-01-08T00:00:00,NOP vs. POR,L,6.016666666666667,18.0,23.9,0.75,12.0,18.0,0.667,6.0,6.0,1.0,0.0,0.0,0.0,0.0,0.0,6.0,0.0,0.0,0.0,6.0,53.9,53.9,71.8,0,0,77.8,1,13222,1,13222,23591,219,1081,2107,133,344,1957,2879,4498,1,14058,22137,23286,19908,16469,479,8263,8846,20257,2647,119,460,376,2246,150,189,1,6:01
2024-25,1629622,Max Strus,Max,1610612739,CLE,Cleveland Cavaliers,0022400509,2025-01-08T00:00:00,CLE vs. OKC,W,26.283333333333335,8.2,9.6,0.857,6.8,8.2,0.833,0.0,0.0,0.0,1.4,2.7,4.1,6.8,4.1,0.0,0.0,0.0,2.7,0.0,23.3,1.4,34.4,0,0,41.1,1,1,13086,1,10915,6171,17798,1412,818,6056,1341,13505,14344,13505,10884,17582,17050,4212,3657,12854,8263,8846,11883,17725,5300,11925,11529,2246,150,6146,1,26:17
2024-25,1630188,Jalen Smith,Jalen,1610612741,CHI,Chicago Bulls,0022400510,2025-01-08T00:00:00,CHI @ IND,L,16.85,8.5,8.5,1.0,4.3,4.3,1.0,6.4,6.4,1.0,4.3,10.7,15.0,6.4,4.3,0.0,2.1,0.0,6.4,4.3,27.8,6.4,57.5,0,0,57.7,1,13222,1,13222,18354,5532,19423,1,3439,14974,1,2492,3996,1,3205,2097,1788,4845,3378,12854,3103,8846,2482,5664,2874,9419,1559,2246,150,1068,1,16:51
2024-25,1627750,Jamal Murray,Jamal,1610612743,DEN,Denver Nuggets,0022400515,2025-01-08T00:00:00,DEN vs. LAC,W,33.71666666666667,7.5,13.9,0.538,4.3,6.4,0.667,3.2,3.2,1.0,0.0,3.2,3.2,9.6,2.1,1.1,1.1,0.0,1.1,4.3,22.4,25.6,45.0,0,0,43.8,1,1,13086,1,4521,7821,10379,7978,3442,9735,1957,7326,9515,1,14058,16076,19229,1635,9805,11309,7005,8846,19287,5669,5906,2688,5206,2246,150,4791,1,33:43
2024-25,1631255,Karlo Matković,Karlo,1610612740,NOP,New Orleans Pelicans,0022400514,2025-01-08T00:00:00,NOP vs. POR,L,6.016666666666667,12.0,18.0,0.667,0.0,6.0,0.0,0.0,0.0,0.0,6.0,18.0,23.9,6.0,0.0,6.0,0.0,0.0,0.0,0.0,23.9,53.9,79.6,0,0,65.8,1,13222,1,13222,23591,1543,4751,3281,15070,10735,15070,13505,14344,13505,1633,265,224,5527,16469,479,8263,8846,20257,17725,4848,460,199,2246,150,449,1,6:01
2024-25,203081,Damian Lillard,Damian,1610612749,MIL,Milwaukee Bucks,0022400516,2025-01-08T00:00:00,MIL vs. SAS,W,35.333333333333336,8.2,13.2,0.615,4.1,7.1,0.571,6.1,6.1,1.0,0.0,5.1,5.1,8.2,2.0,0.0,0.0,0.0,1.0,5.1,26.5,8.2,42.8,0,0,43.8,1,1,13086,1,3201,6299,11403,5246,3843,8188,3506,2766,4333,1,14058,10594,14540,2738,10318,12854,8263,8846,19583,3933,3435,8550,6229,2246,150,4777,1,35:20
2024-25,1641716,Jarace Walker,Jarace,1610612754,IND,Indiana Pacers,0022400510,2025-01-08T00:00:00,IND vs. CHI,W,19.233333333333334,9.4,13.1,0.714,1.9,3.7,0.5,1.9,5.6,0.333,0.0,3.7,3.7,5.6,1.9,1.9,1.9,0.0,3.7,3.7,22.5,-20.6,44.7,0,0,41.2,1,1,13086,1,16641,4106,11668,2752,10769,16114,3944,11041,5031,13132,14058,14487,17948,6223,11206,6910,3853,8846,7930,7001,5876,21725,5316,2246,150,6092,1,19:14
2024-25,203507,Giannis Antetokounmpo,Giannis,1610612749,MIL,Milwaukee Bucks,0022400516,2025-01-08T00:00:00,MIL vs. SAS,W,35.7,11.1,21.2,0.524,0.0,1.0,0.0,3.0,7.1,0.429,3.0,13.1,16.1,8.1,4.0,0.0,1.0,3.0,1.0,5.0,25.2,13.1,55.7,1,0,51.4,1,1,13086,1,2904,2196,2220,8439,15070,20853,15070,7734,3311,13040,5276,976,1382,2819,3811,12854,7426,1306,19656,4036,4114,6348,1864,1,150,2171,1,35:42
2024-25,1630166,Deni Avdija,Deni,1610612757,POR,Portland Trail Blazers,0022400514,2025-01-08T00:00:00,POR @ NOP,W,27.066666666666666,13.3,20.0,0.667,5.3,9.3,0.571,2.7,5.3,0.5,4.0,4.0,8.0,2.7,4.0,1.3,1.3,1.3,2.7,4.0,34.6,31.9,52.1,0,0,55.9,1,1,13086,1,10288,902,3005,3281,1929,4367,3506,8664,5429,10625,3606,13758,8302,14016,3901,9297,5518,5503,12201,6336,1032,1744,2680,2246,150,1329,1,27:04
2024-25,1628392,Isaiah Hartenstein,Isaiah,1610612760,OKC,Oklahoma City Thunder,0022400509,2025-01-08T00:00:00,OKC @ CLE,L,30.583333333333332,9.4,16.5,0.571,0.0,1.2,0.0,2.4,2.4,1.0,5.9,7.1,12.9,9.4,2.4,0.0,0.0,1.2,5.9,2.4,21.2,-2.4,48.5,1,0,43.6,1,13222,1,13222,7243,3998,6455,6538,15070,20656,15070,9436,11608,1,1684,6250,2834,1750,8840,12854,8263,6425,3092,11518,6933,14236,3811,1,150,4897,1,30:35
2024-25,1629660,Ty Jerome,Ty,1610612739,CLE,Cleveland Cavaliers,0022400509,2025-01-08T00:00:00,CLE vs. OKC,W,11.766666666666667,18.4,21.4,0.857,0.0,0.0,0.0,9.2,12.2,0.75,3.1,3.1,6.1,3.1,9.2,6.1,0.0,0.0,3.1,6.1,45.9,6.1,67.0,0,0,67.3,1,1,13086,1,21388,196,2084,1412,15070,20945,15070,945,711,8186,5211,16525,12001,12727,403,442,8263,8846,10438,2483,229,9561,571,2246,150,391,1,11:46
2024-25,1628449,Chris Boucher,Chris,1610612761,TOR,Toronto Raptors,0022400511,2025-01-08T00:00:00,TOR @ NYK,L,3.966666666666667,36.3,36.3,1.0,18.2,18.2,1.0,0.0,0.0,0.0,0.0,0.0,0.0,0.0,0.0,9.1,0.0,0.0,0.0,0.0,90.8,99.8,118.0,0,0,127.1,1,13222,1,13222,24503,17,117,1,42,322,1,13505,14344,13505,14058,22137,23286,19908,16469,142,8263,8846,20257,17725,16,68,40,2246,150,23,1,3:58
2024-25,1630596,Evan Mobley,Evan,1610612739,CLE,Cleveland Cavaliers,0022400509,2025-01-08T00:00:00,CLE vs. OKC,W,35.15,8.2,13.3,0.615,0.0,3.1,0.0,5.1,7.2,0.714,2.0,8.2,10.2,7.2,3.1,1.0,1.0,1.0,2.0,7.2,21.5,8.2,47.6,1,0,43.0,1,1,13086,1,3348,6220,11278,5246,15070,17501,15070,3858,3199,9244,8169,4432,5186,3808,6211,11724,7316,7714,14885,1532,6629,8534,4099,1,150,5133,1,35:09
2024-25,1631157,Ryan Rollins,Ryan,1610612749,MIL,Milwaukee Bucks,0022400516,2025-01-08T00:00:00,MIL vs. SAS,W,2.8,12.9,25.7,0.5,0.0,12.9,0.0,0.0,0.0,0.0,0.0,0.0,0.0,0.0,0.0,12.9,0.0,0.0,12.9,0.0,25.7,-51.4,64.3,0,0,51.4,1,1,13086,1,25062,1078,687,8526,15070,1364,15070,13505,14344,13505,14058,22137,23286,19908,16469,65,8263,8846,355,17725,3816,25442,756,2246,150,2162,1,2:48
2024-25,1630215,Jared Butler,Jared,1610612764,WAS,Washington Wizards,0022400512,2025-01-08T00:00:00,WAS @ PHI,L,20.108333333333334,19.7,34.0,0.579,5.4,5.4,1.0,1.8,3.6,0.5,5.4,1.8,7.2,12.5,1.8,1.8,0.0,3.6,1.8,5.4,46.5,12.5,77.5,0,0,75.2,1,13222,1,13222,15944,150,149,6486,1873,12283,1,11261,8726,10625,2026,20266,9832,609,11593,7297,8263,858,16232,3520,215,6587,243,2246,150,227,1,20:07
2024-25,202685,Jonas Valančiūnas,Jonas,1610612764,WAS,Washington Wizards,0022400512,2025-01-08T00:00:00,WAS @ PHI,L,21.083333333333332,10.2,22.2,0.462,1.7,1.7,1.0,1.7,1.7,1.0,13.7,10.2,23.9,1.7,13.7,0.0,1.7,1.7,5.1,5.1,23.9,-30.7,46.6,1,0,54.6,1,13222,1,13222,15235,2971,1731,12428,11378,20038,1,11399,13288,1,166,2396,225,17348,139,12854,4277,4127,4341,3889,4873,23853,4486,1,150,1519,1,21:05
2024-25,203897,Zach LaVine,Zach,1610612741,CHI,Chicago Bulls,0022400510,2025-01-08T00:00:00,CHI @ IND,L,34.916666666666664,12.4,20.6,0.6,2.1,6.2,0.333,5.2,6.2,0.833,0.0,4.1,4.1,4.1,3.1,0.0,1.0,0.0,2.1,8.2,32.0,-20.6,43.1,0,0,44.3,1,13222,1,13222,3527,1314,2562,5394,9858,10231,9209,3815,4243,7275,14058,13342,17015,9597,6146,12854,7267,8846,14803,909,1541,21731,6094,2246,150,4537,1,34:55
2024-25,1630572,Sandro Mamukelashvili,Sandro,1610612759,SAS,San Antonio Spurs,0022400516,2025-01-08T00:00:00,SAS @ MIL,L,5.566666666666666,12.9,32.3,0.4,6.5,19.4,0.333,12.9,19.4,0.667,0.0,0.0,0.0,0.0,0.0,6.5,0.0,0.0,6.5,12.9,45.3,6.5,64.7,0,0,64.7,1,13222,1,13222,23756,1056,186,14933,1018,267,9209,266,151,9425,14058,22137,23286,19908,16469,376,8263,8846,2427,161,245,9385,724,2246,150,491,1,5:34
2024-25,1631114,Jalen Williams,Jalen,1610612760,OKC,Oklahoma City Thunder,0022400509,2025-01-08T00:00:00,OKC @ CLE,L,35.9,9.0,17.0,0.529,2.0,7.0,0.286,5.0,7.0,0.714,1.0,4.0,5.0,9.0,3.0,3.0,1.0,0.0,3.0,8.0,25.1,-12.0,53.6,0,0,49.1,1,13222,1,13222,2753,4660,5751,8281,10134,8425,11433,4018,3351,9244,13231,13689,14758,1999,6439,3122,7463,8846,10674,1005,4180,18750,2285,2246,150,2783,1,35:54
2024-25,1626157,Karl-Anthony Towns,Karl-Anthony,1610612752,NYK,New York Knicks,0022400511,2025-01-08T00:00:00,NYK vs. TOR,W,34.23833333333334,9.5,14.7,0.643,3.2,3.2,1.0,6.3,6.3,1.0,4.2,9.5,13.7,2.1,2.1,3.2,2.1,2.1,3.2,3.2,28.4,26.3,61.6,1,0,57.8,1,1,13086,1,4069,3935,9017,4607,6079,17353,1,2584,4117,1,3297,3060,2402,15991,9986,2823,3197,2918,10061,8714,2637,2558,1009,1,150,1050,1,34:14
2024-25,202066,Garrett Temple,Garrett,1610612761,TOR,Toronto Raptors,0022400511,2025-01-08T00:00:00,TOR @ NYK,L,3.966666666666667,0.0,0.0,0.0,0.0,0.0,0.0,18.2,18.2,1.0,0.0,0.0,0.0,18.2,0.0,9.1,0.0,0.0,0.0,9.1,18.2,99.8,72.6,0,0,54.5,1,13222,1,13222,24503,22635,24836,22635,15070,20945,15070,99,181,1,14058,22137,23286,134,16469,142,8263,8846,20257,627,9673,68,355,2246,150,1549,1,3:58
2024-25,1626181,Norman Powell,Norman,1610612746,LAC,LA Clippers,0022400515,2025-01-08T00:00:00,LAC @ DEN,L,28.316666666666666,10.2,21.6,0.471,5.1,12.7,0.4,12.7,16.5,0.769,0.0,5.1,5.1,1.3,0.0,0.0,0.0,0.0,2.5,7.6,38.1,-20.3,46.1,0,0,49.6,1,13222,1,13222,9285,3045,1981,12143,2174,1421,7874,282,241,8170,14058,10620,14560,18754,16469,12854,8263,8846,12629,1239,596,21644,4678,2246,150,2645,1,28:19
2024-25,1626171,Bobby Portis,Bobby,1610612749,MIL,Milwaukee Bucks,0022400516,2025-01-08T00:00:00,MIL vs. SAS,W,19.316666666666666,3.7,22.4,0.167,0.0,5.6,0.0,1.9,3.7,0.5,3.7,16.8,20.5,3.7,1.9,1.9,1.9,3.7,3.7,1.9,9.3,37.3,48.8,0,0,41.0,1,1,13086,1,16563,17756,1645,21938,15070,11744,15070,11075,8424,10625,3999,345,468,10718,11255,6957,3891,782,7977,13676,18795,1177,3687,2246,150,6201,1,19:19
2024-25,1628386,Jarrett Allen,Jarrett,1610612739,CLE,Cleveland Cavaliers,0022400509,2025-01-08T00:00:00,CLE vs. OKC,W,32.1,10.1,12.3,0.818,0.0,0.0,0.0,7.9,11.2,0.7,7.9,4.5,12.3,6.7,0.0,3.4,1.1,2.2,1.1,7.9,28.0,7.9,66.4,1,0,56.1,1,1,13086,1,5890,3115,13016,1653,15070,20945,15070,1480,969,9366,830,12294,3242,4392,16469,2451,6655,2568,18983,1097,2771,8709,608,1,150,1299,1,32:06
2024-25,1631323,Simone Fontecchio,Simone,1610612765,DET,Detroit Pistons,0022400513,2025-01-08T00:00:00,DET @ BKN,W,23.683333333333334,10.6,16.7,0.636,4.6,7.6,0.6,0.0,0.0,0.0,1.5,6.1,7.6,3.0,1.5,1.5,0.0,0.0,3.0,1.5,25.8,15.2,42.6,0,0,44.1,1,1,13086,1,13161,2564,6154,4689,2956,7180,2992,13505,14344,13505,10234,8152,8975,12797,12659,8323,8263,8846,10535,14925,3754,5546,6334,2246,150,4643,1,23:41
2024-25,1630631,Jose Alvarado,Jose,1610612740,NOP,New Orleans Pelicans,0022400514,2025-01-08T00:00:00,NOP vs. POR,L,19.766666666666666,5.5,14.6,0.375,1.8,3.6,0.5,3.6,5.5,0.667,3.6,1.8,5.5,5.5,5.5,5.5,1.8,0.0,3.6,3.6,16.4,-9.1,47.5,0,0,43.7,1,13222,1,13222,16206,13092,9252,16299,10985,16344,3944,6402,5233,9425,4136,20187,13636,6500,1844,651,4004,8846,8284,7275,11508,17478,4131,2246,150,4829,1,19:46
2024-25,1629640,Keldon Johnson,Keldon,1610612759,SAS,San Antonio Spurs,0022400516,2025-01-08T00:00:00,SAS @ MIL,L,25.326666666666668,9.9,21.3,0.467,2.8,7.1,0.4,11.4,12.8,0.889,7.1,8.5,15.6,1.4,0.0,0.0,0.0,1.4,0.0,7.1,34.1,-24.2,55.0,1,0,54.0,1,13222,1,13222,11725,3273,2143,12249,7074,8242,7874,428,616,6857,1101,4020,1544,18265,16469,12854,8263,5095,20257,1574,1114,22615,1982,1,150,1617,1,25:20
2024-25,1629618,Jalen Pickett,Jalen,1610612743,DEN,Denver Nuggets,0022400515,2025-01-08T00:00:00,DEN vs. LAC,W,4.45,16.2,16.2,1.0,16.2,16.2,1.0,0.0,0.0,0.0,0.0,0.0,0.0,0.0,0.0,0.0,0.0,0.0,0.0,0.0,48.5,-40.4,48.5,0,0,64.7,1,1,13086,1,24257,344,6859,1,62,504,1,13505,14344,13505,14058,22137,23286,19908,16469,12854,8263,8846,20257,17725,180,24873,3790,2246,150,489,1,4:27
2024-25,1630191,Isaiah Stewart,Isaiah,1610612765,DET,Detroit Pistons,0022400513,2025-01-08T00:00:00,DET @ BKN,W,20.15,5.4,8.9,0.6,0.0,0.0,0.0,0.0,0.0,0.0,3.6,3.6,7.1,3.6,0.0,3.6,7.1,1.8,3.6,0.0,10.7,14.3,56.8,0,0,42.9,1,1,13086,1,15903,13367,18818,5394,15070,20945,15070,13505,14344,13505,4261,15019,9861,11163,16469,2133,193,3938,8514,17725,17453,5893,1673,2246,150,5206,1,20:09
2024-25,1628969,Mikal Bridges,Mikal,1610612752,NYK,New York Knicks,0022400511,2025-01-08T00:00:00,NYK vs. TOR,W,35.78333333333333,4.0,18.1,0.222,2.0,11.1,0.182,0.0,0.0,0.0,1.0,2.0,3.0,3.0,1.0,1.0,0.0,1.0,0.0,1.0,10.1,26.2,20.2,0,0,20.1,1,1,13086,1,2834,17035,4549,21205,10114,2432,14207,13505,14344,13505,13213,19625,19673,12865,15807,11898,8263,7867,20257,17377,18098,2592,21051,2246,150,20786,1,35:47
2024-25,1630198,Isaiah Joe,Isaiah,1610612760,OKC,Oklahoma City Thunder,0022400509,2025-01-08T00:00:00,OKC @ CLE,L,24.89,2.9,8.7,0.333,2.9,8.7,0.333,2.9,2.9,1.0,1.4,8.7,10.1,4.3,0.0,2.9,0.0,0.0,1.4,2.9,11.6,0.0,38.9,0,0,34.7,1,13222,1,13222,12106,19673,19225,17395,6885,5303,9209,8110,10252,1,10553,3856,5301,9037,16469,3432,8263,8846,17455,9610,16599,12240,8473,2246,150,10287,1,24:53
2024-25,1642277,Johnny Furphy,Johnny,1610612754,IND,Indiana Pacers,0022400510,2025-01-08T00:00:00,IND vs. CHI,W,0.49,0.0,0.0,0.0,0.0,0.0,0.0,0.0,0.0,0.0,0.0,0.0,0.0,0.0,0.0,0.0,0.0,0.0,0.0,0.0,0.0,-73.5,0.0,0,0,0.0,1,1,13086,1,26207,22635,24836,22635,15070,20945,15070,13505,14344,13505,14058,22137,23286,19908,16469,12854,8263,8846,20257,17725,23200,25934,25228,2246,150,25259,1,0:29
2024-25,1642348,Justin Edwards,Justin,1610612755,PHI,Philadelphia 76ers,0022400512,2025-01-08T00:00:00,PHI vs. WAS,W,12.366666666666667,2.9,11.6,0.25,0.0,5.8,0.0,0.0,0.0,0.0,2.9,5.8,8.7,0.0,0.0,0.0,2.9,2.9,5.8,0.0,5.8,0.0,25.0,0,0,20.4,1,1,13086,1,21065,19628,14230,20233,15070,11147,15070,13505,14344,13505,5562,8740,7125,19908,16469,12854,1806,1449,3184,17725,21507,12240,18263,2246,150,20639,1,12:22
2024-25,1628380,Zach Collins,Zach,1610612759,SAS,San Antonio Spurs,0022400516,2025-01-08T00:00:00,SAS @ MIL,L,2.8,0.0,12.9,0.0,0.0,12.9,0.0,0.0,0.0,0.0,0.0,0.0,0.0,12.9,12.9,0.0,0.0,0.0,0.0,0.0,0.0,51.4,6.4,0,0,12.9,1,13222,1,13222,25062,22635,12107,22635,15070,1364,15070,13505,14344,13505,14058,22137,23286,555,175,12854,8263,8846,20257,17725,23200,515,24870,2246,150,23754,1,2:48
2024-25,1630527,Brandon Boston,Brandon,1610612740,NOP,New Orleans Pelicans,0022400514,2025-01-08T00:00:00,NOP vs. POR,L,21.2,5.1,20.4,0.25,0.0,6.8,0.0,0.0,3.4,0.0,6.8,0.0,6.8,0.0,5.1,1.7,0.0,5.1,3.4,1.7,10.2,-18.7,18.3,0,0,20.4,1,13222,1,13222,15154,14110,2704,20233,15070,8908,15070,13505,9099,13505,1231,22137,10541,19908,2227,7614,8263,347,9090,14274,17964,21128,21947,2246,150,20639,1,21:12
2024-25,1630172,Patrick Williams,Patrick,1610612741,CHI,Chicago Bulls,0022400510,2025-01-08T00:00:00,CHI @ IND,L,21.383333333333333,0.0,8.4,0.0,0.0,5.1,0.0,3.4,6.7,0.5,0.0,5.1,5.1,0.0,3.4,0.0,1.7,0.0,5.1,3.4,3.4,-35.4,11.1,0,0,11.8,1,13222,1,13222,15006,22635,19616,22635,15070,13072,15070,6967,3619,10625,14058,10726,14667,19908,5314,12854,4337,8846,4493,8052,22824,24454,24223,2246,150,24037,1,21:23
2024-25,1631245,Quenton Jackson,Quenton,1610612754,IND,Indiana Pacers,0022400510,2025-01-08T00:00:00,IND vs. CHI,W,1.4333333333333333,0.0,0.0,0.0,0.0,0.0,0.0,0.0,0.0,0.0,0.0,0.0,0.0,0.0,0.0,0.0,0.0,0.0,0.0,0.0,0.0,0.0,0.0,0,0,0.0,1,1,13086,1,25842,22635,24836,22635,15070,20945,15070,13505,14344,13505,14058,22137,23286,19908,16469,12854,8263,8846,20257,17725,23200,12240,25228,2246,150,25259,1,1:26
2024-25,1631103,Malaki Branham,Malaki,1610612759,SAS,San Antonio Spurs,0022400516,2025-01-08T00:00:00,SAS @ MIL,L,2.8,0.0,0.0,0.0,0.0,0.0,0.0,0.0,0.0,0.0,0.0,0.0,0.0,0.0,0.0,0.0,0.0,0.0,0.0,0.0,0.0,51.4,0.0,0,0,0.0,1,13222,1,13222,25062,22635,24836,22635,15070,20945,15070,13505,14344,13505,14058,22137,23286,19908,16469,12854,8263,8846,20257,17725,23200,515,25228,2246,150,25259,1,2:48
2024-25,1641722,Jordan Hawkins,Jordan,1610612740,NOP,New Orleans Pelicans,0022400514,2025-01-08T00:00:00,NOP vs. POR,L,25.19,5.7,22.9,0.25,2.9,12.9,0.222,0.0,0.0,0.0,1.4,0.0,1.4,1.4,4.3,0.0,0.0,1.4,0.0,0.0,14.3,-15.7,13.9,0,0,20.0,1,13222,1,13222,11845,12369,1427,20233,7026,1363,13288,13505,14344,13505,10631,22137,22659,18235,3348,12854,8263,5062,20257,17725,13619,20163,23534,2246,150,20848,1,25:11
2024-25,1630558,Davion Mitchell,Davion,1610612761,TOR,Toronto Raptors,0022400511,2025-01-08T00:00:00,TOR @ NYK,L,0.43666666666666665,0.0,0.0,0.0,0.0,0.0,0.0,0.0,0.0,0.0,0.0,0.0,0.0,0.0,0.0,0.0,0.0,0.0,0.0,0.0,0.0,0.0,0.0,0,0,0.0,1,13222,1,13222,26217,22635,24836,22635,15070,20945,15070,13505,14344,13505,14058,22137,23286,19908,16469,12854,8263,8846,20257,17725,23200,12240,25228,2246,150,25259,1,0:26
2024-25,1628404,Josh Hart,Josh,1610612752,NYK,New York Knicks,0022400511,2025-01-08T00:00:00,NYK vs. TOR,W,38.36666666666667,8.4,13.1,0.643,1.9,4.7,0.4,0.9,1.9,0.5,5.6,4.7,10.3,6.6,0.9,0.9,0.0,1.9,3.8,1.9,19.7,17.8,43.8,1,0,40.3,1,1,13086,1,1178,5724,11602,4607,10731,13980,7874,13400,13036,10625,1857,11732,5097,4612,16209,12450,8263,3638,7898,13599,8155,4613,5758,1,150,6576,1,38:22
2024-25,1631204,Marcus Sasser,Marcus,1610612765,DET,Detroit Pistons,0022400513,2025-01-08T00:00:00,DET @ BKN,W,21.566666666666666,8.3,15.0,0.556,8.3,11.7,0.714,0.0,0.0,0.0,1.7,0.0,1.7,5.0,1.7,0.0,0.0,0.0,5.0,3.3,25.0,30.0,32.9,0,0,40.1,1,1,13086,1,14874,5891,8572,7248,393,1971,1861,13505,14344,13505,9683,22137,22337,7457,12049,12854,8263,8846,4593,8127,4197,1956,12667,2246,150,6747,1,21:34
2024-25,1630194,Paul Reed,Paul,1610612765,DET,Detroit Pistons,0022400513,2025-01-08T00:00:00,DET @ BKN,W,6.216666666666667,5.8,11.6,0.5,0.0,0.0,0.0,0.0,0.0,0.0,0.0,17.4,17.4,0.0,5.8,5.8,0.0,5.8,5.8,0.0,11.6,-29.0,44.0,0,0,40.5,1,1,13086,1,23504,12132,14340,8526,15070,20945,15070,13505,14344,13505,14058,307,1039,19908,1565,535,8263,234,3234,17725,16587,23581,5670,2246,150,6480,1,6:13
2024-25,1629599,Amir Coffey,Amir,1610612746,LAC,LA Clippers,0022400515,2025-01-08T00:00:00,LAC @ DEN,L,33.416666666666664,2.2,11.9,0.182,0.0,3.2,0.0,2.2,2.2,1.0,0.0,0.0,0.0,1.1,0.0,1.1,0.0,0.0,0.0,2.2,6.5,-12.9,11.3,0,0,9.7,1,13222,1,13222,4795,21129,13863,21891,15070,17209,15070,10106,12235,1,14058,22137,23286,19423,16469,11214,8263,8846,20257,12374,21072,19099,24174,2246,150,24486,1,33:25
2024-25,1630529,Herbert Jones,Herbert,1610612740,NOP,New Orleans Pelicans,0022400514,2025-01-08T00:00:00,NOP vs. POR,L,18.3,0.0,5.9,0.0,0.0,2.0,0.0,0.0,0.0,0.0,0.0,0.0,0.0,2.0,2.0,3.9,0.0,2.0,3.9,0.0,0.0,-33.4,12.8,0,0,9.8,1,13222,1,13222,17361,22635,22707,22635,15070,19610,15070,13505,14344,13505,14058,22137,23286,16486,10676,1704,8263,3325,7330,17725,23200,24225,23826,2246,150,24461,1,18:18
2024-25,1626166,Cameron Payne,Cameron,1610612752,NYK,New York Knicks,0022400511,2025-01-08T00:00:00,NYK vs. TOR,W,11.35,0.0,3.2,0.0,0.0,0.0,0.0,0.0,0.0,0.0,0.0,0.0,0.0,6.3,3.2,3.2,0.0,0.0,0.0,0.0,0.0,28.5,15.9,0,0,12.7,1,1,13086,1,21559,22635,24430,22635,15070,20945,15070,13505,14344,13505,14058,22137,23286,4946,5900,2795,8263,8846,20257,17725,23200,2179,22907,2246,150,23812,1,11:21
2024-25,203468,CJ McCollum,CJ,1610612740,NOP,New Orleans Pelicans,0022400514,2025-01-08T00:00:00,NOP vs. POR,L,27.1,13.3,22.6,0.588,4.0,9.3,0.429,0.0,0.0,0.0,0.0,2.7,2.7,2.7,2.7,0.0,0.0,1.3,4.0,1.3,30.6,-22.6,35.1,0,0,39.9,1,13222,1,13222,10268,906,1551,6229,4022,4377,7394,13505,14344,13505,14058,17795,20526,14020,7666,12854,8263,5508,7187,15768,1908,22244,11013,2246,150,6868,1,27:06
2024-25,1642266,Ja'Kobe Walter,Ja'Kobe,1610612761,TOR,Toronto Raptors,0022400511,2025-01-08T00:00:00,TOR @ NYK,L,21.833333333333332,0.0,8.2,0.0,0.0,4.9,0.0,0.0,0.0,0.0,1.6,0.0,1.6,1.6,0.0,3.3,0.0,0.0,1.6,0.0,0.0,-6.6,14.3,0,0,9.9,1,13222,1,13222,14630,22635,19870,22635,15070,13323,15070,13505,14344,13505,9752,22137,22368,17511,16469,2568,8263,8846,16711,17725,23200,16334,23385,2246,150,24447,1,21:50
2024-25,1630557,Corey Kispert,Corey,1610612764,WAS,Washington Wizards,0022400512,2025-01-08T00:00:00,WAS @ PHI,L,35.28333333333333,8.2,14.3,0.571,4.1,8.2,0.5,3.1,3.1,1.0,0.0,5.1,5.1,5.1,1.0,1.0,0.0,2.0,3.1,1.0,23.5,-3.1,39.3,0,0,39.8,1,13222,1,13222,3254,6279,9718,6538,3825,6152,3944,7642,9818,1,14058,10566,14513,7244,15706,11757,8263,3093,10431,17316,5158,14600,8205,2246,150,6898,1,35:17
2024-25,1642278,Tyler Kolek,Tyler,1610612752,NYK,New York Knicks,0022400511,2025-01-08T00:00:00,NYK vs. TOR,W,2.45,0.0,0.0,0.0,0.0,0.0,0.0,0.0,0.0,0.0,0.0,0.0,0.0,0.0,14.7,0.0,0.0,0.0,0.0,0.0,0.0,-176.3,-14.7,0,0,0.0,1,1,13086,1,25225,22635,24836,22635,15070,20945,15070,13505,14344,13505,14058,22137,23286,19908,122,12854,8263,8846,20257,17725,23200,26271,26255,2246,150,25259,1,2:27
2024-25,1627777,Georges Niang,Georges,1610612739,CLE,Cleveland Cavaliers,0022400509,2025-01-08T00:00:00,CLE vs. OKC,W,13.966666666666667,2.6,12.9,0.2,2.6,7.7,0.333,0.0,0.0,0.0,0.0,5.2,5.2,5.2,2.6,0.0,0.0,0.0,7.7,0.0,7.7,-2.6,19.1,0,0,20.6,1,1,13086,1,20214,20315,12061,21401,7896,6933,9209,13505,14344,13505,14058,10405,14384,7122,7956,12854,8263,8846,1497,17725,20144,14346,21598,2246,150,20504,1,13:58
2024-25,1642450,Daniss Jenkins,Daniss,1610612765,DET,Detroit Pistons,0022400513,2025-01-08T00:00:00,DET @ BKN,W,3.0166666666666666,0.0,23.9,0.0,0.0,23.9,0.0,0.0,0.0,0.0,0.0,0.0,0.0,0.0,11.9,0.0,0.0,0.0,0.0,0.0,0.0,-107.4,-11.9,0,0,0.0,1,1,13086,1,24984,22635,1100,22635,15070,127,15070,13505,14344,13505,14058,22137,23286,19908,208,12854,8263,8846,20257,17725,23200,26184,26244,2246,150,25259,1,3:01
2024-25,1642347,Jamal Shead,Jamal,1610612761,TOR,Toronto Raptors,0022400511,2025-01-08T00:00:00,TOR @ NYK,L,16.35,2.2,6.6,0.333,2.2,4.4,0.5,2.2,4.4,0.5,0.0,0.0,0.0,8.8,4.4,0.0,0.0,2.2,2.2,4.4,8.8,-46.2,17.6,0,0,19.8,1,13222,1,13222,18692,21033,22006,17395,9231,14672,3944,9940,7023,10625,14058,22137,23286,2181,3138,12854,8263,2634,14081,5337,19263,25240,22256,2246,150,20962,1,16:21
2024-25,1630346,Matt Ryan,Matt,1610612752,NYK,New York Knicks,0022400511,2025-01-08T00:00:00,NYK vs. TOR,W,2.45,0.0,0.0,0.0,0.0,0.0,0.0,0.0,0.0,0.0,0.0,0.0,0.0,0.0,0.0,0.0,0.0,0.0,14.7,0.0,0.0,-176.3,0.0,0,0,0.0,1,1,13086,1,25225,22635,24836,22635,15070,20945,15070,13505,14344,13505,14058,22137,23286,19908,16469,12854,8263,8846,259,17725,23200,26271,25228,2246,150,25259,1,2:27
2024-25,1641857,Liam Robbins,Liam,1610612749,MIL,Milwaukee Bucks,0022400516,2025-01-08T00:00:00,MIL vs. SAS,W,2.8,0.0,0.0,0.0,0.0,0.0,0.0,0.0,0.0,0.0,0.0,12.9,12.9,0.0,12.9,0.0,0.0,0.0,12.9,0.0,0.0,-51.4,2.6,0,0,12.9,1,1,13086,1,25062,22635,24836,22635,15070,20945,15070,13505,14344,13505,14058,1059,2901,19908,175,12854,8263,8846,355,17725,23200,25442,25144,2246,150,23754,1,2:48
2024-25,203114,Khris Middleton,Khris,1610612749,MIL,Milwaukee Bucks,0022400516,2025-01-08T00:00:00,MIL vs. SAS,W,20.833333333333332,3.5,12.1,0.286,1.7,8.6,0.2,5.2,6.9,0.75,0.0,8.6,8.6,5.2,0.0,0.0,0.0,0.0,3.5,3.5,13.8,34.6,32.0,0,0,29.4,1,1,13086,1,15405,18411,13429,19630,11315,5356,13429,3783,3463,8186,14058,3890,7242,7066,16469,12854,8263,8846,8875,7786,14125,1441,13352,2246,150,14429,1,20:50
2024-25,1630167,Obi Toppin,Obi,1610612754,IND,Indiana Pacers,0022400510,2025-01-08T00:00:00,IND vs. CHI,W,23.06,7.8,14.1,0.556,1.6,6.2,0.25,1.6,3.1,0.5,1.6,6.2,7.8,3.1,0.0,0.0,0.0,0.0,4.7,4.7,18.7,17.2,32.8,0,0,31.2,1,1,13086,1,13675,7052,10094,7248,11824,10092,11902,11667,9664,10625,10075,7799,8607,12550,16469,12854,8263,8846,5329,4751,9102,4848,12739,2246,150,12978,1,23:04
2024-25,1641871,Duop Reath,Duop,1610612757,POR,Portland Trail Blazers,0022400514,2025-01-08T00:00:00,POR @ NOP,W,3.716666666666667,9.7,19.4,0.5,0.0,0.0,0.0,0.0,0.0,0.0,19.4,0.0,19.4,0.0,0.0,0.0,0.0,0.0,0.0,0.0,19.4,-48.4,42.6,0,0,38.7,1,1,13086,1,24612,3618,3441,8526,15070,20945,15070,13505,14344,13505,61,22137,614,19908,16469,12854,8263,8846,20257,17725,8489,25335,6297,2246,150,7559,1,3:43
2024-25,1628464,Daniel Theis,Daniel,1610612740,NOP,New Orleans Pelicans,0022400514,2025-01-08T00:00:00,NOP vs. POR,L,17.05,4.2,6.3,0.667,0.0,0.0,0.0,4.2,4.2,1.0,8.4,4.2,12.7,0.0,0.0,2.1,0.0,0.0,2.1,6.3,12.7,-4.2,34.2,0,0,29.6,1,13222,1,13222,18224,16538,22285,3281,15070,20945,15070,5308,7370,1,670,13050,3020,19908,16469,5734,8263,8846,14558,2254,15425,15189,11647,2246,150,14282,1,17:03
2024-25,1627739,Kris Dunn,Kris,1610612746,LAC,LA Clippers,0022400515,2025-01-08T00:00:00,LAC @ DEN,L,19.616666666666667,0.0,1.8,0.0,0.0,1.8,0.0,0.0,0.0,0.0,3.7,1.8,5.5,1.8,1.8,1.8,1.8,0.0,5.5,0.0,0.0,-14.7,18.5,0,0,14.7,1,13222,1,13222,16326,22635,24783,22635,15070,19856,15070,13505,14344,13505,4086,20151,13528,16980,11388,7097,3972,8846,3698,17725,23200,19779,21871,2246,150,23187,1,19:37
2024-25,1641725,Trey Alexander,Trey,1610612743,DEN,Denver Nuggets,0022400515,2025-01-08T00:00:00,DEN vs. LAC,W,4.45,0.0,16.2,0.0,0.0,8.1,0.0,0.0,0.0,0.0,0.0,8.1,8.1,16.2,0.0,0.0,0.0,0.0,0.0,0.0,0.0,-40.4,34.0,0,0,24.3,1,1,13086,1,24257,22635,6859,22635,15070,6307,15070,13505,14344,13505,14058,4575,8113,203,16469,12854,8263,8846,20257,17725,23200,24873,11835,2246,150,18155,1,4:27
2024-25,1627826,Ivica Zubac,Ivica,1610612746,LAC,LA Clippers,0022400515,2025-01-08T00:00:00,LAC @ DEN,L,28.616666666666667,2.5,5.0,0.5,0.0,0.0,0.0,7.5,8.8,0.857,1.3,8.8,10.1,3.8,2.5,0.0,1.3,1.3,1.3,5.0,12.6,-26.4,31.6,0,0,28.9,1,13222,1,13222,9022,20436,23443,8526,15070,20945,15070,1639,1980,7071,11429,3717,5359,10574,8176,12854,5860,5880,18227,4056,15515,23113,13627,2246,150,14758,1,28:37
2024-25,1627752,Taurean Prince,Taurean,1610612749,MIL,Milwaukee Bucks,0022400516,2025-01-08T00:00:00,MIL vs. SAS,W,24.366666666666667,1.5,4.4,0.333,1.5,4.4,0.333,0.0,0.0,0.0,0.0,5.9,5.9,1.5,3.0,0.0,0.0,0.0,0.0,0.0,4.4,0.0,10.8,0,0,13.3,1,1,13086,1,12590,22196,23838,17395,12132,14615,9209,13505,14344,13505,14058,8522,12502,18062,6629,12854,8263,8846,20257,17725,22329,12240,24287,2246,150,23619,1,24:22
2024-25,1630534,Ochai Agbaji,Ochai,1610612761,TOR,Toronto Raptors,0022400511,2025-01-08T00:00:00,TOR @ NYK,L,8.716666666666667,8.3,8.3,1.0,0.0,0.0,0.0,0.0,0.0,0.0,0.0,0.0,0.0,4.1,0.0,4.1,0.0,0.0,0.0,0.0,16.5,-20.7,35.1,0,0,28.9,1,13222,1,13222,22558,6063,19854,1,15070,20945,15070,13505,14344,13505,14058,22137,23286,9575,16469,1515,8263,8846,20257,17725,11374,21741,10988,2246,150,14775,1,8:43
2024-25,1631124,Julian Strawther,Julian,1610612743,DEN,Denver Nuggets,0022400515,2025-01-08T00:00:00,DEN vs. LAC,W,31.65,5.7,11.4,0.5,4.5,9.1,0.5,2.3,2.3,1.0,0.0,4.5,4.5,2.3,1.1,0.0,0.0,0.0,3.4,1.1,18.2,20.5,25.9,0,0,29.6,1,1,13086,1,6279,12458,14707,8526,2971,4671,3944,9707,11857,1,14058,12124,15922,15323,14887,12854,8263,8846,9029,16725,9626,3821,17660,2246,150,14273,1,31:39
2024-25,1629659,Talen Horton-Tucker,Talen,1610612741,CHI,Chicago Bulls,0022400510,2025-01-08T00:00:00,CHI @ IND,L,10.166666666666666,10.6,14.2,0.75,3.5,3.5,1.0,3.5,3.5,1.0,0.0,0.0,0.0,0.0,0.0,3.5,0.0,0.0,0.0,7.1,28.3,39.0,39.0,0,0,39.0,1,13222,1,13222,22047,2593,9888,2107,5053,16566,1,6618,8807,1,14058,22137,23286,19908,16469,2190,8263,8846,20257,1593,2663,1046,8442,2246,150,7409,1,10:10
2024-25,1630649,Stanley Umude,Stanley,1610612749,MIL,Milwaukee Bucks,0022400516,2025-01-08T00:00:00,MIL vs. SAS,W,2.8,0.0,0.0,0.0,0.0,0.0,0.0,0.0,0.0,0.0,0.0,12.9,12.9,0.0,0.0,12.9,0.0,0.0,12.9,0.0,0.0,-51.4,54.0,0,0,38.6,1,1,13086,1,25062,22635,24836,22635,15070,20945,15070,13505,14344,13505,14058,1059,2901,19908,16469,65,8263,8846,355,17725,23200,25442,2201,2246,150,7649,1,2:48
2024-25,1631210,Jacob Toppin,Jacob,1610612752,NYK,New York Knicks,0022400511,2025-01-08T00:00:00,NYK vs. TOR,W,2.45,0.0,29.4,0.0,0.0,0.0,0.0,0.0,0.0,0.0,14.7,0.0,14.7,0.0,0.0,0.0,0.0,0.0,0.0,0.0,0.0,-176.3,17.6,0,0,14.7,1,1,13086,1,25225,22635,311,22635,15070,20945,15070,13505,14344,13505,139,22137,1916,19908,16469,12854,8263,8846,20257,17725,23200,26271,22247,2246,150,23177,1,2:27
2024-25,1630699,MarJon Beauchamp,MarJon,1610612749,MIL,Milwaukee Bucks,0022400516,2025-01-08T00:00:00,MIL vs. SAS,W,2.8,12.9,25.7,0.5,0.0,0.0,0.0,0.0,0.0,0.0,12.9,0.0,12.9,0.0,0.0,0.0,0.0,0.0,0.0,0.0,25.7,-51.4,41.1,0,0,38.6,1,1,13086,1,25062,1078,687,8526,15070,20945,15070,13505,14344,13505,198,22137,2901,19908,16469,12854,8263,8846,20257,17725,3816,25442,7087,2246,150,7649,1,2:48
2024-25,1631133,Jabari Walker,Jabari,1610612757,POR,Portland Trail Blazers,0022400514,2025-01-08T00:00:00,POR @ NOP,W,4.75,0.0,0.0,0.0,0.0,0.0,0.0,0.0,0.0,0.0,0.0,15.2,15.2,0.0,0.0,0.0,0.0,0.0,7.6,0.0,0.0,-68.2,18.2,0,0,15.2,1,1,13086,1,24115,22635,24836,22635,15070,20945,15070,13505,14344,13505,14058,538,1698,19908,16469,12854,8263,8846,1580,17725,23200,25851,22008,2246,150,23003,1,4:45
2024-25,1628398,Kyle Kuzma,Kyle,1610612764,WAS,Washington Wizards,0022400512,2025-01-08T00:00:00,WAS @ PHI,L,31.183333333333334,8.1,21.9,0.368,2.3,9.2,0.25,0.0,0.0,0.0,0.0,5.8,5.8,2.3,3.5,0.0,0.0,0.0,1.2,3.5,18.5,-25.4,25.4,0,0,28.9,1,13222,1,13222,6717,6464,1849,16823,8818,4476,11902,13505,14344,13505,14058,8854,12832,15200,5097,12854,8263,8846,18786,7765,9345,22890,18004,2246,150,14811,1,31:11
2024-25,202696,Nikola Vučević,Nikola,1610612741,CHI,Chicago Bulls,0022400510,2025-01-08T00:00:00,CHI @ IND,L,26.933333333333334,6.7,12.0,0.556,0.0,0.0,0.0,0.0,0.0,0.0,2.7,6.7,9.4,1.3,1.3,0.0,2.7,0.0,1.3,2.7,13.4,-29.4,33.3,0,0,29.4,1,13222,1,13222,10388,9726,13538,7248,15070,20945,15070,13505,14344,13505,6165,6923,6254,18547,13638,12854,2119,8846,17878,10398,14663,23643,12365,2246,150,14399,1,26:56
2024-25,203084,Harrison Barnes,Harrison,1610612759,SAS,San Antonio Spurs,0022400516,2025-01-08T00:00:00,SAS @ MIL,L,25.35,5.7,12.8,0.444,2.8,9.9,0.286,5.7,5.7,1.0,0.0,2.8,2.8,1.4,0.0,1.4,0.0,0.0,1.4,4.3,19.9,-11.4,29.7,0,0,29.8,1,13222,1,13222,11699,12476,12246,13045,7082,3562,11433,3208,4922,1,14058,17268,20147,18269,16469,8797,8263,8846,17539,5701,8011,18459,15040,2246,150,14079,1,25:21
2024-25,1627884,Derrick Jones Jr.,Derrick,1610612746,LAC,LA Clippers,0022400515,2025-01-08T00:00:00,LAC @ DEN,L,14.583333333333334,4.9,7.4,0.667,0.0,2.5,0.0,0.0,0.0,0.0,0.0,4.9,4.9,0.0,0.0,0.0,0.0,0.0,9.9,2.5,9.9,-27.2,15.8,0,0,14.8,1,13222,1,13222,19839,14584,21062,3281,15070,18683,15070,13505,14344,13505,14058,11061,14959,19908,16469,12854,8263,8846,728,11103,18279,23269,22930,2246,150,23125,1,14:35
2024-25,1629636,Darius Garland,Darius,1610612739,CLE,Cleveland Cavaliers,0022400509,2025-01-08T00:00:00,CLE vs. OKC,W,32.31666666666667,7.8,16.7,0.467,2.2,6.7,0.333,2.2,2.2,1.0,0.0,1.1,1.1,7.8,2.2,0.0,0.0,0.0,2.2,3.3,20.1,7.8,30.9,0,0,31.2,1,1,13086,1,5711,7074,6166,12249,9129,9138,9209,9842,12000,1,14058,21725,23062,3084,9394,12854,8263,8846,13970,8121,7886,8733,14164,2246,150,13011,1,32:19
2024-25,1641739,Toumani Camara,Toumani,1610612757,POR,Portland Trail Blazers,0022400514,2025-01-08T00:00:00,POR @ NOP,W,29.35,4.9,9.8,0.5,1.2,4.9,0.25,7.4,7.4,1.0,0.0,3.7,3.7,6.1,2.5,3.7,1.2,1.2,3.7,6.1,18.4,28.2,44.3,0,0,39.3,1,1,13086,1,8346,14660,17380,8526,13224,13423,11902,1761,3041,1,14058,14707,18130,5273,8438,1994,6012,6081,8170,2469,9422,2229,5529,2246,150,7239,1,29:21
2024-25,1642264,Stephon Castle,Stephon,1610612759,SAS,San Antonio Spurs,0022400516,2025-01-08T00:00:00,SAS @ MIL,L,24.75,2.9,17.5,0.167,0.0,7.3,0.0,1.5,2.9,0.5,0.0,0.0,0.0,7.3,1.5,0.0,0.0,0.0,1.5,1.5,7.3,4.4,16.7,0,0,14.5,1,13222,1,13222,12223,19634,5298,21938,15070,7883,15070,11898,10209,10625,14058,22137,23286,3653,12989,12854,8263,8846,17425,15221,20502,10444,22587,2246,150,23235,1,24:45
2024-25,1641741,Ricky Council IV,Ricky,1610612755,PHI,Philadelphia 76ers,0022400512,2025-01-08T00:00:00,PHI vs. WAS,W,18.566666666666666,5.8,13.6,0.429,1.9,5.8,0.333,1.9,1.9,1.0,3.9,5.8,9.7,1.9,0.0,0.0,0.0,0.0,0.0,1.9,15.5,-19.4,30.1,0,0,29.1,1,1,13086,1,17135,12069,10874,13735,10459,11168,9209,10840,12887,1,3765,8762,5804,16610,16469,12854,8263,8846,20257,13372,12409,21373,14755,2246,150,14635,1,18:34
2024-25,1629028,Deandre Ayton,Deandre,1610612757,POR,Portland Trail Blazers,0022400514,2025-01-08T00:00:00,POR @ NOP,W,27.05,6.7,10.6,0.625,0.0,0.0,0.0,1.3,2.7,0.5,9.3,8.0,17.3,4.0,1.3,0.0,1.3,0.0,1.3,4.0,14.6,34.6,44.1,1,0,38.6,1,1,13086,1,10296,9816,15973,4899,15070,20945,15070,12225,10834,10625,500,4721,1060,9954,13669,12854,5514,8846,17904,6329,13260,1434,5639,1,150,7646,1,27:03
2024-25,1630526,Jeremiah Robinson-Earl,Jeremiah,1610612740,NOP,New Orleans Pelicans,0022400514,2025-01-08T00:00:00,NOP vs. POR,L,19.75,1.8,1.8,1.0,0.0,0.0,0.0,0.0,0.0,0.0,1.8,5.5,7.3,3.6,0.0,0.0,0.0,0.0,5.5,0.0,3.6,1.8,17.9,0,0,14.6,1,13222,1,13222,16221,21715,24789,1,15070,20945,15070,13505,14344,13505,9159,9618,9588,10950,16469,12854,8263,8846,3750,17725,22722,11726,22159,2246,150,23223,1,19:45
2024-25,1629026,Kenrich Williams,Kenrich,1610612760,OKC,Oklahoma City Thunder,0022400509,2025-01-08T00:00:00,OKC @ CLE,L,13.233333333333333,5.4,10.9,0.5,0.0,5.4,0.0,0.0,0.0,0.0,0.0,0.0,0.0,2.7,0.0,0.0,0.0,0.0,2.7,0.0,10.9,-24.5,15.0,0,0,13.6,1,13222,1,13222,20639,13151,15553,8526,15070,12100,15070,13505,14344,13505,14058,22137,23286,13843,16469,12854,8263,8846,11947,17725,17281,22691,23190,2246,150,23528,1,13:14
2024-25,1629731,Dean Wade,Dean,1610612739,CLE,Cleveland Cavaliers,0022400509,2025-01-08T00:00:00,CLE vs. OKC,W,20.566666666666666,7.0,8.8,0.8,5.3,7.0,0.75,0.0,0.0,0.0,0.0,5.3,5.3,1.8,3.5,0.0,0.0,0.0,5.3,0.0,19.3,0.0,24.7,0,0,31.5,1,1,13086,1,15592,8927,19099,1688,1996,8462,1542,13505,14344,13505,14058,10156,14156,17228,5009,12854,8263,8846,4099,17725,8592,12240,18503,2246,150,12769,1,20:34
2024-25,203501,Tim Hardaway Jr.,Tim,1610612765,DET,Detroit Pistons,0022400513,2025-01-08T00:00:00,DET @ BKN,W,22.816666666666666,3.2,9.5,0.333,3.2,6.3,0.5,6.3,6.3,1.0,0.0,4.7,4.7,1.6,3.2,0.0,1.6,0.0,3.2,4.7,15.8,12.6,25.4,0,0,28.4,1,1,13086,1,13863,19090,18007,17395,6069,9956,3944,2580,4114,1,14058,11609,15477,17716,5957,12854,4610,8846,10054,4653,12145,6555,18000,2246,150,15150,1,22:49
2024-25,1627749,Dejounte Murray,Dejounte,1610612740,NOP,New Orleans Pelicans,0022400514,2025-01-08T00:00:00,NOP vs. POR,L,25.866666666666667,11.1,19.5,0.571,2.8,7.0,0.4,2.8,2.8,1.0,1.4,2.8,4.2,7.0,5.6,2.8,0.0,0.0,0.0,4.2,27.8,-37.6,46.1,0,0,47.3,1,13222,1,13222,11270,2153,3358,6538,7264,8547,7874,8378,10524,1,10781,17451,16868,4052,1755,3723,8263,8846,20257,5893,2845,24661,4719,2246,150,3368,1,25:52
2024-25,1629614,Andrew Nembhard,Andrew,1610612754,IND,Indiana Pacers,0022400510,2025-01-08T00:00:00,IND vs. CHI,W,31.083333333333332,5.8,12.7,0.455,0.0,3.5,0.0,4.6,5.8,0.8,0.0,6.9,6.9,5.8,2.3,2.3,0.0,1.2,3.5,5.8,16.2,23.2,37.9,0,0,33.6,1,1,13086,1,6807,12132,12313,12676,15070,16702,15070,4622,4761,7681,14058,6449,10241,5870,8999,4971,8263,6566,8821,2908,11713,3227,9105,2246,150,11169,1,31:05
2024-25,1630533,Ziaire Williams,Ziaire,1610612751,BKN,Brooklyn Nets,0022400513,2025-01-08T00:00:00,BKN vs. DET,L,27.783333333333335,5.2,16.8,0.308,1.3,9.1,0.143,2.6,2.6,1.0,1.3,5.2,6.5,3.9,5.2,1.3,0.0,0.0,5.2,7.8,14.3,-18.1,26.6,0,0,28.5,1,13222,1,13222,9729,13864,5989,19226,12873,4710,14649,8823,10995,1,11212,10326,11222,10267,2131,9482,8263,8846,4227,1148,13660,20973,17246,2246,150,15066,1,27:47
2024-25,1627783,Pascal Siakam,Pascal,1610612754,IND,Indiana Pacers,0022400510,2025-01-08T00:00:00,IND vs. CHI,W,28.633333333333333,13.8,21.4,0.647,3.8,8.8,0.429,1.3,3.8,0.333,2.5,5.0,7.5,3.8,2.5,0.0,0.0,0.0,0.0,5.0,32.7,12.6,44.9,0,0,47.8,1,1,13086,1,8997,752,2118,4571,4521,5106,7394,12429,8316,13132,6564,10795,9083,10581,8181,12854,8263,8846,20257,4061,1386,6574,5230,2246,150,3232,1,28:38
2024-25,1641787,Tosan Evbuomwan,Tosan,1610612751,BKN,Brooklyn Nets,0022400513,2025-01-08T00:00:00,BKN vs. DET,L,29.016666666666666,5.0,8.7,0.571,0.0,1.2,0.0,6.2,6.2,1.0,3.7,5.0,8.7,1.2,1.2,1.2,0.0,1.2,0.0,5.0,16.1,-8.7,30.9,0,0,28.5,1,13222,1,13222,8656,14504,19215,6538,15070,20567,15070,2673,4225,1,4008,10991,7185,18882,14158,9861,8263,5993,20257,4190,11789,17277,14132,2246,150,15041,1,29:01
2024-25,1629750,Javonte Green,Javonte,1610612740,NOP,New Orleans Pelicans,0022400514,2025-01-08T00:00:00,NOP vs. POR,L,28.81,3.7,8.7,0.429,2.5,6.2,0.4,1.2,1.2,1.0,2.5,6.2,8.7,0.0,1.2,0.0,1.2,1.2,2.5,2.5,11.2,2.5,24.2,0,0,25.0,1,13222,1,13222,8838,17713,19105,13735,8150,10083,7874,12452,13815,1,6611,7795,7105,19908,14101,12854,5899,5938,12799,10991,16956,11371,18777,2246,150,17690,1,28:49
2024-25,1642402,Enrique Freeman,Enrique,1610612754,IND,Indiana Pacers,0022400510,2025-01-08T00:00:00,IND vs. CHI,W,16.0,4.5,6.8,0.667,0.0,0.0,0.0,4.5,9.0,0.5,2.3,6.8,9.0,2.3,2.3,0.0,0.0,0.0,4.5,4.5,13.5,-20.3,25.4,0,0,24.8,1,1,13086,1,18929,15777,21831,3281,15070,20945,15070,4838,1865,10625,7419,6787,6730,15433,9307,12854,8263,8846,5775,5140,14501,21622,17974,2246,150,17854,1,16:00
2024-25,1628983,Shai Gilgeous-Alexander,Shai,1610612760,OKC,Oklahoma City Thunder,0022400509,2025-01-08T00:00:00,OKC @ CLE,L,38.25,12.2,25.4,0.481,0.9,5.6,0.167,3.8,3.8,1.0,0.9,3.8,4.7,3.8,4.7,2.8,1.9,0.0,4.7,5.6,29.2,-0.9,49.9,0,0,48.0,1,13222,1,13222,1245,1386,743,11953,14829,11585,14236,6157,8339,1,13712,14431,15540,10612,2707,3624,3820,8846,5262,3123,2380,13494,3303,2246,150,3132,1,38:15
2024-25,1630598,Aaron Wiggins,Aaron,1610612760,OKC,Oklahoma City Thunder,0022400509,2025-01-08T00:00:00,OKC @ CLE,L,21.633333333333333,8.3,11.6,0.714,1.7,3.3,0.5,0.0,0.0,0.0,1.7,1.7,3.3,1.7,1.7,0.0,0.0,0.0,3.3,0.0,18.3,6.7,23.1,0,0,25.0,1,13222,1,13222,14814,5947,14222,2752,11498,17003,3944,13505,14344,13505,9703,20530,18919,17461,12069,12854,8263,8846,9341,17725,9516,9309,19479,2246,150,17717,1,21:38
2024-25,203967,Dario Šarić,Dario,1610612743,DEN,Denver Nuggets,0022400515,2025-01-08T00:00:00,DEN vs. LAC,W,20.25,5.3,14.2,0.375,1.8,7.1,0.25,0.0,0.0,0.0,5.3,7.1,12.4,3.6,3.6,1.8,0.0,3.6,3.6,0.0,12.4,19.6,34.5,0,0,33.8,1,1,13086,1,15822,13448,9795,16299,11151,8231,11902,13505,14344,13505,2061,6154,3163,11228,4893,7343,8263,873,8581,17725,15659,4088,11464,2246,150,11013,1,20:15
2024-25,1629651,Nic Claxton,Nic,1610612751,BKN,Brooklyn Nets,0022400513,2025-01-08T00:00:00,BKN vs. DET,L,30.133333333333333,7.2,13.1,0.545,0.0,1.2,0.0,2.4,2.4,1.0,2.4,4.8,7.2,3.6,0.0,1.2,3.6,1.2,6.0,2.4,16.7,-13.1,45.0,0,0,37.0,1,13222,1,13222,7648,8537,11594,7695,15070,20627,15070,9370,11524,1,6958,11488,9818,11131,16469,10222,1157,6304,2988,11392,11142,19174,5156,2246,150,8704,1,30:08
2024-25,101108,Chris Paul,Chris,1610612759,SAS,San Antonio Spurs,0022400516,2025-01-08T00:00:00,SAS @ MIL,L,29.31833333333333,7.4,12.3,0.6,6.1,7.4,0.833,1.2,1.2,1.0,2.5,3.7,6.1,8.6,0.0,1.2,1.2,0.0,2.5,1.2,22.1,-12.3,49.7,0,0,47.9,1,13222,1,13222,8380,8086,13117,5394,1202,7686,1341,12509,13844,1,6763,14690,11956,2346,16469,9958,6007,8846,12963,16256,6132,18849,3344,2246,150,3186,1,29:19
2024-25,1630581,Josh Giddey,Josh,1610612741,CHI,Chicago Bulls,0022400510,2025-01-08T00:00:00,CHI @ IND,L,21.783333333333335,6.6,11.6,0.571,1.7,3.3,0.5,0.0,0.0,0.0,3.3,5.0,8.3,8.3,8.3,1.7,0.0,0.0,3.3,0.0,14.9,-13.2,33.9,0,0,36.4,1,13222,1,13222,14685,9898,14359,6538,11529,17059,3944,13505,14344,13505,4742,11008,7829,2643,540,7797,8263,8846,9439,17725,13041,19199,11909,2246,150,9131,1,21:47
2024-25,1629632,Coby White,Coby,1610612741,CHI,Chicago Bulls,0022400510,2025-01-08T00:00:00,CHI @ IND,L,31.05,9.3,19.7,0.471,3.5,11.6,0.3,0.0,1.2,0.0,0.0,2.3,2.3,5.8,2.3,0.0,0.0,1.2,2.3,1.2,22.0,-15.1,31.2,0,0,33.6,1,13222,1,13222,6839,4245,3173,12143,5197,2040,11319,13505,13950,13505,14058,18706,21158,5860,8987,12854,8263,6554,13560,16600,6194,19934,13905,2246,150,11137,1,31:03
2024-25,1630703,Scoot Henderson,Scoot,1610612757,POR,Portland Trail Blazers,0022400514,2025-01-08T00:00:00,POR @ NOP,W,29.216666666666665,7.4,18.5,0.4,1.2,6.2,0.2,0.0,0.0,0.0,0.0,2.5,2.5,6.2,6.2,1.2,0.0,1.2,2.5,1.2,16.0,4.9,25.8,0,0,28.3,1,1,13086,1,8478,8025,4232,14933,13191,10293,13429,13505,14344,13505,14058,18285,20868,5237,1289,9928,8263,6043,12930,16226,11905,10148,17780,2246,150,15181,1,29:13
2024-25,1628418,Thomas Bryant,Thomas,1610612754,IND,Indiana Pacers,0022400510,2025-01-08T00:00:00,IND vs. CHI,W,27.816666666666666,11.6,20.7,0.563,2.6,5.2,0.5,2.6,2.6,1.0,6.5,3.9,10.4,1.3,0.0,2.6,0.0,1.3,2.6,1.3,28.5,27.2,50.6,0,0,47.9,1,1,13086,1,9700,1765,2511,7127,7863,12756,3944,8829,11003,1,1382,14083,5055,18678,16469,4158,8263,5681,12463,15932,2605,2390,3098,2246,150,3189,1,27:49
2024-25,1631128,Christian Braun,Christian,1610612743,DEN,Denver Nuggets,0022400515,2025-01-08T00:00:00,DEN vs. LAC,W,28.445,7.6,10.1,0.75,2.5,2.5,1.0,1.3,1.3,1.0,0.0,2.5,2.5,1.3,0.0,1.3,0.0,1.3,5.1,2.5,19.0,13.9,27.7,0,0,27.8,1,1,13086,1,9179,7531,16872,2107,8045,18570,1,12401,13790,1,14058,18103,20747,18771,16469,9685,8263,5836,4466,10869,8876,6042,16414,2246,150,15545,1,28:27
2024-25,1631105,Jalen Duren,Jalen,1610612765,DET,Detroit Pistons,0022400513,2025-01-08T00:00:00,DET @ BKN,W,21.633333333333333,5.0,8.3,0.6,0.0,0.0,0.0,3.3,6.7,0.5,3.3,11.6,15.0,5.0,1.7,3.3,3.3,0.0,1.7,5.0,13.3,20.0,57.1,0,0,46.6,1,1,13086,1,14814,14402,19764,5394,15070,20945,15070,7053,3704,10625,4689,1546,1781,7482,12069,2505,1370,8846,16644,4133,14732,3959,1619,2246,150,3631,1,21:38
2024-25,1629646,Charles Bassey,Charles,1610612759,SAS,San Antonio Spurs,0022400516,2025-01-08T00:00:00,SAS @ MIL,L,12.761666666666667,5.6,8.5,0.667,0.0,0.0,0.0,0.0,0.0,0.0,2.8,2.8,5.6,0.0,0.0,2.8,2.8,0.0,5.6,0.0,11.3,-25.4,35.0,0,0,28.2,1,13222,1,13222,20861,12579,19552,3281,15070,20945,15070,13505,14344,13505,5804,17332,13169,19908,16469,3636,1920,8846,3480,17725,16908,22885,11067,2246,150,15285,1,12:46
2024-25,1628384,OG Anunoby,OG,1610612752,NYK,New York Knicks,0022400511,2025-01-08T00:00:00,NYK vs. TOR,W,37.58166666666666,7.7,12.5,0.615,3.8,5.7,0.667,6.7,7.7,0.875,1.0,1.0,1.9,0.0,1.9,1.9,1.0,0.0,1.9,3.8,25.9,23.0,34.9,0,0,37.4,1,1,13086,1,1645,7348,12811,5246,4358,11341,1957,2235,2771,6931,13587,22043,21972,19908,10966,6687,7763,8846,15591,6764,3743,3271,11141,2246,150,8466,1,37:35
2024-25,1631097,Bennedict Mathurin,Bennedict,1610612754,IND,Indiana Pacers,0022400510,2025-01-08T00:00:00,IND vs. CHI,W,24.833333333333332,4.3,17.4,0.25,0.0,5.8,0.0,2.9,2.9,1.0,2.9,1.4,4.3,5.8,0.0,1.4,0.0,2.9,2.9,2.9,11.6,33.3,29.9,0,0,24.6,1,1,13086,1,12147,16206,5356,20233,15070,11204,15070,8096,10238,1,5596,20992,16410,5856,16469,8634,8263,1465,11190,9591,16573,1589,14900,2246,150,17925,1,24:50
2024-25,201569,Eric Gordon,Eric,1610612755,PHI,Philadelphia 76ers,0022400512,2025-01-08T00:00:00,PHI vs. WAS,W,30.883333333333333,5.8,9.3,0.625,4.7,8.2,0.571,1.2,3.5,0.333,0.0,2.3,2.3,1.2,1.2,1.2,0.0,0.0,2.3,2.3,17.5,14.0,24.4,0,0,28.0,1,1,13086,1,6971,12029,18241,4899,2793,6155,3506,12708,8893,13132,14058,18677,21135,19135,14688,10463,8263,8846,13521,11626,10341,6019,18699,2246,150,15435,1,30:53
2024-25,1630579,Jericho Sims,Jericho,1610612752,NYK,New York Knicks,0022400511,2025-01-08T00:00:00,NYK vs. TOR,W,3.966666666666667,0.0,0.0,0.0,0.0,0.0,0.0,0.0,0.0,0.0,9.1,0.0,9.1,9.1,18.2,0.0,0.0,0.0,0.0,0.0,0.0,-99.8,6.4,0,0,18.2,1,1,13086,1,24503,22635,24836,22635,15070,20945,15070,13505,14344,13505,535,22137,6620,1955,72,12854,8263,8846,20257,17725,23200,26149,24880,2246,150,21796,1,3:58
2024-25,1630553,Keon Johnson,Keon,1610612751,BKN,Brooklyn Nets,0022400513,2025-01-08T00:00:00,BKN vs. DET,L,27.716666666666665,3.9,13.0,0.3,2.6,5.2,0.5,2.6,2.6,1.0,0.0,1.3,1.3,3.9,2.6,1.3,0.0,2.6,5.2,1.3,13.0,-10.4,21.7,0,0,23.4,1,13222,1,13222,9778,17333,11873,19363,7836,12713,3944,8808,10978,1,14058,21284,22818,10241,7892,9457,8263,1881,4206,15915,15101,18066,20323,2246,150,18752,1,27:43
2024-25,1628971,Bruce Brown,Bruce,1610612761,TOR,Toronto Raptors,0022400511,2025-01-08T00:00:00,TOR @ NYK,L,21.255,3.4,8.5,0.4,0.0,1.7,0.0,0.0,0.0,0.0,0.0,1.7,1.7,0.0,1.7,0.0,0.0,0.0,1.7,0.0,6.8,-27.1,7.1,0,0,8.5,1,13222,1,13222,15113,18565,19541,14933,15070,20053,15070,13505,14344,13505,14058,20476,22310,19908,11943,12854,8263,8846,16554,17725,20880,23262,24811,2246,150,24690,1,21:15
2024-25,1642273,Kyshawn George,Kyshawn,1610612764,WAS,Washington Wizards,0022400512,2025-01-08T00:00:00,WAS @ PHI,L,27.816666666666666,1.3,7.8,0.167,1.3,5.2,0.25,0.0,0.0,0.0,1.3,3.9,5.2,2.6,1.3,1.3,1.3,2.6,1.3,0.0,3.9,22.0,20.4,0,0,18.1,1,13222,1,13222,9700,22404,20573,21938,12882,12756,11902,13505,14344,13505,11224,14083,14326,14251,13827,9492,5673,1895,18053,17725,22609,3455,20966,2246,150,21810,1,27:49
2024-25,1628975,Jevon Carter,Jevon,1610612741,CHI,Chicago Bulls,0022400510,2025-01-08T00:00:00,CHI @ IND,L,6.933333333333334,0.0,0.0,0.0,0.0,0.0,0.0,5.2,10.4,0.5,0.0,0.0,0.0,0.0,0.0,0.0,0.0,0.0,0.0,5.2,5.2,36.3,5.2,0,0,5.2,1,13222,1,13222,23204,22635,24836,22635,15070,20945,15070,3776,1227,10625,14058,22137,23286,19908,16469,12854,8263,8846,20257,3782,21915,1258,24994,2246,150,25086,1,6:56
2024-25,1641748,Andre Jackson Jr.,Andre,1610612749,MIL,Milwaukee Bucks,0022400516,2025-01-08T00:00:00,MIL vs. SAS,W,11.45,0.0,3.1,0.0,0.0,0.0,0.0,0.0,0.0,0.0,6.3,0.0,6.3,0.0,0.0,0.0,0.0,0.0,0.0,0.0,0.0,-31.4,7.5,0,0,6.3,1,1,13086,1,21504,22635,24445,22635,15070,20945,15070,13505,14344,13505,1478,22137,11637,19908,16469,12854,8263,8846,20257,17725,23200,23955,24750,2246,150,24974,1,11:27
2024-25,1641711,Gradey Dick,Gradey,1610612761,TOR,Toronto Raptors,0022400511,2025-01-08T00:00:00,TOR @ NYK,L,20.22833333333333,1.8,10.7,0.167,1.8,7.1,0.25,0.0,0.0,0.0,0.0,7.1,7.1,3.6,5.3,0.0,0.0,0.0,3.6,0.0,5.3,-14.2,13.9,0,0,17.8,1,13222,1,13222,15846,21785,15931,21938,11146,8220,11902,13505,14344,13505,14058,6141,9918,11215,1966,12854,8263,8846,8565,17725,21830,19597,23526,2246,150,21953,1,20:14
2024-25,1642267,Bub Carrington,Bub,1610612764,WAS,Washington Wizards,0022400512,2025-01-08T00:00:00,WAS @ PHI,L,30.733333333333334,4.7,11.7,0.4,0.0,4.7,0.0,0.0,0.0,0.0,0.0,2.3,2.3,5.9,1.2,0.0,0.0,0.0,0.0,1.2,9.4,-21.1,19.8,0,0,17.6,1,13222,1,13222,7100,15269,14081,14933,15070,13992,15070,13505,14344,13505,14058,18650,21116,5747,14650,12854,8263,8846,20257,16546,18754,21856,21262,2246,150,22045,1,30:44
2024-25,1628997,Caleb Martin,Caleb,1610612755,PHI,Philadelphia 76ers,0022400512,2025-01-08T00:00:00,PHI vs. WAS,W,35.36666666666667,4.1,7.1,0.571,0.0,1.0,0.0,0.0,0.0,0.0,0.0,5.1,5.1,2.0,0.0,1.0,3.1,0.0,2.0,0.0,8.1,9.2,29.5,0,0,23.4,1,1,13086,1,3176,16923,21412,6538,15070,20844,15070,13505,14344,13505,14058,10603,14550,16239,16469,11780,1626,8846,14939,17725,19797,8109,15134,2246,150,18726,1,35:22
2024-25,1641816,Hunter Tyson,Hunter,1610612743,DEN,Denver Nuggets,0022400515,2025-01-08T00:00:00,DEN vs. LAC,W,8.671666666666667,0.0,4.2,0.0,0.0,0.0,0.0,0.0,0.0,0.0,0.0,4.2,4.2,0.0,0.0,0.0,0.0,4.2,12.5,0.0,0.0,-4.2,5.0,0,0,4.2,1,1,13086,1,22572,22635,24024,22635,15070,20945,15070,13505,14344,13505,14058,13266,16937,19908,16469,12854,8263,602,380,17725,23200,15151,25010,2246,150,25175,1,8:40
2024-25,1630171,Isaac Okoro,Isaac,1610612739,CLE,Cleveland Cavaliers,0022400509,2025-01-08T00:00:00,CLE vs. OKC,W,13.016666666666667,0.0,5.5,0.0,0.0,5.5,0.0,0.0,0.0,0.0,0.0,0.0,0.0,2.8,0.0,2.8,0.0,0.0,2.8,2.8,0.0,33.2,12.4,0,0,8.3,1,1,13086,1,20734,22635,23066,22635,15070,11886,15070,13505,14344,13505,14058,22137,23286,13699,16469,3764,8263,8846,11779,10086,23200,1609,23914,2246,150,24721,1,13:01
2024-25,1629652,Luguentz Dort,Luguentz,1610612760,OKC,Oklahoma City Thunder,0022400509,2025-01-08T00:00:00,OKC @ CLE,L,33.74333333333333,2.1,6.4,0.333,1.1,3.2,0.333,2.1,2.1,1.0,0.0,4.3,4.3,4.3,2.1,1.1,2.1,0.0,3.2,2.1,7.5,-16.0,26.5,0,0,23.5,1,13222,1,13222,4496,21175,22211,17395,14152,17268,9209,10193,12310,1,14058,12908,16621,9212,9824,11326,3116,8846,9860,12469,20346,20257,17315,2246,150,18689,1,33:45
2024-25,1629013,Landry Shamet,Landry,1610612752,NYK,New York Knicks,0022400511,2025-01-08T00:00:00,NYK vs. TOR,W,21.266666666666666,6.8,13.5,0.5,0.0,5.1,0.0,0.0,0.0,0.0,1.7,1.7,3.4,1.7,1.7,0.0,0.0,1.7,6.8,0.0,13.5,-6.8,18.5,0,0,18.6,1,1,13086,1,15095,9492,10930,8526,15070,13006,15070,13505,14344,13505,9602,20478,18810,17387,11945,12854,8263,4166,2165,17725,14450,16406,21914,2246,150,21566,1,21:16
2024-25,1628378,Donovan Mitchell,Donovan,1610612739,CLE,Cleveland Cavaliers,0022400509,2025-01-08T00:00:00,CLE vs. OKC,W,35.15,3.1,16.4,0.188,2.0,7.2,0.286,3.1,4.1,0.75,1.0,5.1,6.1,4.1,1.0,0.0,0.0,2.0,4.1,4.1,11.3,8.2,23.8,0,0,23.6,1,1,13086,1,3348,19268,6563,21885,9921,8106,11433,7614,7635,8186,13062,10500,11942,9670,15679,12854,8263,3065,6852,6061,16932,8534,19117,2246,150,18639,1,35:09
2024-25,1630551,Justin Champagnie,Justin,1610612764,WAS,Washington Wizards,0022400512,2025-01-08T00:00:00,WAS @ PHI,L,16.616666666666667,4.3,6.5,0.667,2.2,2.2,1.0,0.0,0.0,0.0,2.2,2.2,4.3,2.2,0.0,0.0,2.2,0.0,4.3,0.0,10.8,26.0,25.8,0,0,23.8,1,13222,1,13222,18517,16238,22114,3281,9373,19227,1,13505,14344,13505,7698,19166,16449,15742,16469,12854,3026,8846,6188,17725,17327,2617,17762,2246,150,18448,1,16:37
2024-25,1641712,Rayan Rupert,Rayan,1610612757,POR,Portland Trail Blazers,0022400514,2025-01-08T00:00:00,POR @ NOP,W,4.75,0.0,7.6,0.0,0.0,0.0,0.0,0.0,0.0,0.0,7.6,0.0,7.6,0.0,0.0,0.0,0.0,0.0,7.6,0.0,0.0,-68.2,9.1,0,0,7.6,1,1,13086,1,24115,22635,20817,22635,15070,20945,15070,13505,14344,13505,921,22137,9005,19908,16469,12854,8263,8846,1580,17725,23200,25851,24554,2246,150,24820,1,4:45
2024-25,203482,Kelly Olynyk,Kelly,1610612761,TOR,Toronto Raptors,0022400511,2025-01-08T00:00:00,TOR @ NYK,L,17.733333333333334,6.1,8.1,0.75,0.0,2.0,0.0,2.0,2.0,1.0,2.0,6.1,8.1,0.0,2.0,2.0,0.0,0.0,2.0,2.0,14.2,10.2,28.0,0,0,26.4,1,13222,1,13222,17752,11252,20050,2107,15070,19497,15070,10530,12634,1,8256,8122,8052,19908,10366,6107,8263,8846,14967,12928,13715,7619,16224,2246,150,16630,1,17:44
2024-25,1631200,Kris Murray,Kris,1610612757,POR,Portland Trail Blazers,0022400514,2025-01-08T00:00:00,POR @ NOP,W,20.933333333333334,5.2,10.3,0.5,0.0,5.2,0.0,0.0,0.0,0.0,0.0,1.7,1.7,0.0,0.0,1.7,0.0,0.0,1.7,1.7,10.3,-8.6,17.5,0,0,15.5,1,1,13086,1,15335,13928,16524,8526,15070,12801,15070,13505,14344,13505,14058,20417,22278,19908,16469,7546,8263,8846,16469,14213,17842,17234,22283,2246,150,22893,1,20:56
2024-25,1641757,Jordan Miller,Jordan,1610612746,LAC,LA Clippers,0022400515,2025-01-08T00:00:00,LAC @ DEN,L,15.283333333333333,2.4,11.8,0.2,0.0,0.0,0.0,9.4,9.4,1.0,4.7,7.1,11.8,0.0,2.4,0.0,0.0,2.4,2.4,4.7,14.1,2.4,25.9,0,0,25.9,1,13222,1,13222,19388,20747,13981,21401,15070,20945,15070,871,1654,1,2662,6240,3688,19908,8832,12854,8263,2324,13410,4699,13802,11435,17678,2246,150,16998,1,15:17
2024-25,1630567,Scottie Barnes,Scottie,1610612761,TOR,Toronto Raptors,0022400511,2025-01-08T00:00:00,TOR @ NYK,L,35.68333333333333,7.1,15.1,0.467,2.0,3.0,0.667,2.0,2.0,1.0,1.0,4.0,5.0,5.0,1.0,0.0,4.0,0.0,2.0,2.0,18.2,-13.1,42.9,0,0,38.3,1,13222,1,13222,2917,8783,8373,12249,10084,17596,1957,10580,12670,1,13189,13614,14691,7374,15786,12854,900,8846,15043,12994,9666,19168,6180,2246,150,7804,1,35:41
2024-25,1627747,Caris LeVert,Caris,1610612739,CLE,Cleveland Cavaliers,0022400509,2025-01-08T00:00:00,CLE vs. OKC,W,19.683333333333334,5.5,16.5,0.333,3.7,9.1,0.4,0.0,0.0,0.0,0.0,3.7,3.7,3.7,0.0,0.0,0.0,0.0,1.8,0.0,14.6,-16.5,24.5,0,0,25.6,1,1,13086,1,16273,13021,6475,17395,4788,4613,7874,13505,14344,13505,14058,14763,18183,10915,16469,12854,8263,8846,16043,17725,13268,20431,18604,2246,150,17207,1,19:41
2024-25,1630625,Dalano Banton,Dalano,1610612757,POR,Portland Trail Blazers,0022400514,2025-01-08T00:00:00,POR @ NOP,W,14.933333333333334,4.8,14.5,0.333,0.0,7.2,0.0,0.0,0.0,0.0,0.0,2.4,2.4,4.8,0.0,4.8,0.0,0.0,2.4,0.0,9.6,2.4,34.2,0,0,26.5,1,1,13086,1,19616,14881,9407,17395,15070,7974,15070,13505,14344,13505,14058,18446,20985,7861,16469,1007,8263,8846,13145,17725,18502,11410,11630,2246,150,16527,1,14:56
2024-25,1630192,Zeke Nnaji,Zeke,1610612743,DEN,Denver Nuggets,0022400515,2025-01-08T00:00:00,DEN vs. LAC,W,4.45,8.1,8.1,1.0,0.0,0.0,0.0,0.0,0.0,0.0,0.0,0.0,0.0,0.0,0.0,0.0,0.0,0.0,16.2,0.0,16.2,-40.4,16.2,0,0,16.2,1,1,13086,1,24257,6440,20103,1,15070,20945,15070,13505,14344,13505,14058,22137,23286,19908,16469,12854,8263,8846,203,17725,11745,24873,22779,2246,150,22642,1,4:27
2024-25,1629611,Terance Mann,Terance,1610612746,LAC,LA Clippers,0022400515,2025-01-08T00:00:00,LAC @ DEN,L,12.45,2.9,11.6,0.25,2.9,5.8,0.5,0.0,0.0,0.0,0.0,0.0,0.0,0.0,5.8,2.9,0.0,0.0,5.8,0.0,8.7,-31.8,11.6,0,0,17.3,1,13222,1,13222,21022,19676,14362,20233,6887,11245,3944,13505,14344,13505,14058,22137,23286,19908,1574,3434,8263,8846,3253,17725,19374,24007,24120,2246,150,22146,1,12:27
2024-25,1630200,Tre Jones,Tre,1610612759,SAS,San Antonio Spurs,0022400516,2025-01-08T00:00:00,SAS @ MIL,L,16.4,2.2,4.4,0.5,0.0,2.2,0.0,2.2,2.2,1.0,0.0,4.4,4.4,11.0,0.0,2.2,0.0,2.2,2.2,2.2,6.6,-22.0,34.9,0,0,26.3,1,13222,1,13222,18654,21050,23862,8526,15070,19177,15070,9965,12104,1,14058,12550,16310,1007,16469,5410,8263,2654,14120,12177,20996,22058,11126,2246,150,16671,1,16:24
2024-25,1629018,Gary Trent Jr.,Gary,1610612749,MIL,Milwaukee Bucks,0022400516,2025-01-08T00:00:00,MIL vs. SAS,W,21.65,8.3,8.3,1.0,6.7,6.7,1.0,0.0,0.0,0.0,0.0,5.0,5.0,3.3,0.0,3.3,0.0,0.0,1.7,0.0,23.3,33.3,44.2,0,0,44.9,1,1,13086,1,14796,5958,19777,1,925,9214,1,13505,14344,13505,14058,10904,14815,11897,16469,2515,8263,8846,16653,17725,5307,1596,5555,2246,150,4312,1,21:39
2024-25,1630595,Cade Cunningham,Cade,1610612765,DET,Detroit Pistons,0022400513,2025-01-08T00:00:00,DET @ BKN,W,23.416666666666668,9.2,15.4,0.6,0.0,4.6,0.0,1.5,3.1,0.5,1.5,6.1,7.7,7.7,6.1,1.5,0.0,1.5,1.5,3.1,20.0,9.2,39.2,0,0,38.4,1,1,13086,1,13374,4323,7998,5394,15070,14168,15070,11719,9785,10625,10168,8004,8819,3197,1295,8244,8263,4635,17091,8978,7932,8082,8267,2246,150,7745,1,23:25
2024-25,1641738,Kobe Brown,Kobe,1610612746,LAC,LA Clippers,0022400515,2025-01-08T00:00:00,LAC @ DEN,L,11.016666666666667,6.5,6.5,1.0,3.3,3.3,1.0,3.3,3.3,1.0,0.0,9.8,9.8,0.0,0.0,0.0,0.0,0.0,0.0,3.3,19.6,0.0,31.4,0,0,32.7,1,13222,1,13222,21700,10098,22072,1,5765,17140,1,7167,9385,1,14058,2724,5672,19908,16469,12854,8263,8846,20257,8353,8251,12240,13767,2246,150,11891,1,11:01
2024-25,1630592,Jalen Wilson,Jalen,1610612751,BKN,Brooklyn Nets,0022400513,2025-01-08T00:00:00,BKN vs. DET,L,31.633333333333333,2.3,8.0,0.286,1.1,6.8,0.167,2.3,2.3,1.0,1.1,1.1,2.3,2.3,2.3,1.1,0.0,0.0,0.0,1.1,8.0,-1.1,15.2,0,0,15.9,1,13222,1,13222,6299,20891,20315,19630,13721,8831,14236,9704,11851,1,12205,21660,21257,15315,9179,10696,8263,8846,20257,16718,19947,13638,23102,2246,150,22731,1,31:38
2024-25,1627824,Guerschon Yabusele,Guerschon,1610612755,PHI,Philadelphia 76ers,0022400512,2025-01-08T00:00:00,PHI vs. WAS,W,33.75,6.4,11.7,0.545,5.3,7.5,0.714,4.3,4.3,1.0,4.3,4.3,8.5,3.2,1.1,1.1,2.1,1.1,1.1,4.3,22.4,17.1,46.0,0,0,45.9,1,1,13086,1,4481,10447,14051,7695,1915,7474,1861,5224,7276,1,3220,12911,7434,12310,15372,11327,3117,7349,19303,5681,5920,4885,4753,2246,150,3872,1,33:45
2024-25,1631119,Jaylin Williams,Jaylin,1610612760,OKC,Oklahoma City Thunder,0022400509,2025-01-08T00:00:00,OKC @ CLE,L,10.9,3.3,3.3,1.0,3.3,3.3,1.0,0.0,0.0,0.0,0.0,6.6,6.6,6.6,0.0,0.0,0.0,0.0,0.0,0.0,9.9,-6.6,27.7,0,0,26.4,1,13222,1,13222,21753,18746,24392,1,5650,17062,1,13505,14344,13505,14058,7087,10935,4569,16469,12854,8263,8846,20257,17725,18250,16338,16398,2246,150,16604,1,10:54
2024-25,1630538,Bones Hyland,Bones,1610612746,LAC,LA Clippers,0022400515,2025-01-08T00:00:00,LAC @ DEN,L,9.333333333333334,3.9,15.4,0.25,3.9,15.4,0.25,7.7,7.7,1.0,3.9,3.9,7.7,7.7,0.0,0.0,0.0,0.0,0.0,7.7,19.3,15.4,40.1,0,0,38.6,1,13222,1,13222,22339,17431,7920,20233,4305,610,11902,1548,2733,1,3798,14165,8781,3171,16469,12854,8263,8846,20257,1186,8561,5461,7686,2246,150,7653,1,9:20
2024-25,1641730,Noah Clowney,Noah,1610612751,BKN,Brooklyn Nets,0022400513,2025-01-08T00:00:00,BKN vs. DET,L,37.05,8.7,19.4,0.45,4.9,10.7,0.455,5.8,5.8,1.0,0.0,5.8,5.8,2.9,1.0,1.9,0.0,1.9,1.0,3.9,28.2,-11.7,44.4,0,0,45.7,1,13222,1,13222,1957,5190,3396,12982,2478,2792,7148,3050,4715,1,14058,8722,12702,13221,16012,6545,8263,3412,19852,6612,2717,18606,5461,2246,150,3945,1,37:03
2024-25,1631101,Shaedon Sharpe,Shaedon,1610612757,POR,Portland Trail Blazers,0022400514,2025-01-08T00:00:00,POR @ NOP,W,33.3,8.6,14.1,0.615,4.3,7.6,0.571,1.1,1.1,1.0,0.0,1.1,1.1,2.2,2.2,1.1,0.0,0.0,0.0,1.1,22.7,30.3,28.3,0,0,32.4,1,1,13086,1,4899,5346,10084,5246,3344,7240,3506,12968,14071,1,14058,21804,23113,15756,9676,11185,8263,8846,20257,16997,5703,1936,15974,2246,150,12035,1,33:18
2024-25,1631111,Wendell Moore Jr.,Wendell,1610612765,DET,Detroit Pistons,0022400513,2025-01-08T00:00:00,DET @ BKN,W,6.5,5.5,16.6,0.333,0.0,0.0,0.0,0.0,0.0,0.0,0.0,0.0,0.0,5.5,0.0,0.0,0.0,0.0,0.0,0.0,11.1,-38.8,19.4,0,0,16.6,1,1,13086,1,23365,12880,6279,17395,15070,20945,15070,13505,14344,13505,14058,22137,23286,6358,16469,12854,8263,8846,20257,17725,17116,24760,21464,2246,150,22461,1,6:30
2024-25,1626158,Richaun Holmes,Richaun,1610612764,WAS,Washington Wizards,0022400512,2025-01-08T00:00:00,WAS @ PHI,L,26.648333333333333,1.4,2.7,0.5,0.0,0.0,0.0,1.4,1.4,1.0,2.7,12.2,14.9,1.4,0.0,0.0,2.7,0.0,5.4,2.7,4.1,21.6,32.0,0,0,25.7,1,13222,1,13222,10614,22349,24586,8526,15070,20945,15070,12163,13660,1,6101,1285,1841,18496,16469,12854,2081,8846,3847,10313,22531,3551,13309,2246,150,17159,1,26:39
2024-25,1641767,Ben Sheppard,Ben,1610612754,IND,Indiana Pacers,0022400510,2025-01-08T00:00:00,IND vs. CHI,W,20.85,5.2,8.6,0.6,1.7,3.5,0.5,0.0,0.0,0.0,5.2,6.9,12.1,0.0,0.0,0.0,0.0,0.0,6.9,0.0,12.1,-12.1,26.6,0,0,25.9,1,1,13086,1,15397,13867,19294,5394,11320,16752,3944,13505,14344,13505,2215,6517,3426,19908,16469,12854,8263,8846,2052,17725,16053,18767,17221,2246,150,17004,1,20:51
2024-25,1630169,Tyrese Haliburton,Tyrese,1610612754,IND,Indiana Pacers,0022400510,2025-01-08T00:00:00,IND vs. CHI,W,30.2,8.3,15.5,0.538,2.4,3.6,0.667,0.0,0.0,0.0,0.0,3.6,3.6,15.5,1.2,2.4,0.0,2.4,1.2,0.0,19.1,29.8,52.6,1,0,45.3,1,1,13086,1,7586,5897,7826,7978,8537,16493,1957,13505,14344,13505,14058,15003,18380,251,14502,4748,8263,2259,18577,17725,8783,1992,2571,1,150,4106,1,30:12
2024-25,1629008,Michael Porter Jr.,Michael,1610612743,DEN,Denver Nuggets,0022400515,2025-01-08T00:00:00,DEN vs. LAC,W,27.15,10.6,15.9,0.667,4.0,6.6,0.6,0.0,0.0,0.0,0.0,10.6,10.6,2.7,2.7,1.3,0.0,0.0,1.3,1.3,25.2,19.9,43.2,0,0,45.1,1,1,13086,1,10234,2616,7238,3281,4030,9255,2992,13505,14344,13505,14058,2149,4805,14038,7684,9315,8263,8846,17921,15782,4130,3986,6024,2246,150,4230,1,27:09
2024-25,1641752,Bobi Klintman,Bobi,1610612765,DET,Detroit Pistons,0022400513,2025-01-08T00:00:00,DET @ BKN,W,4.283333333333333,0.0,0.0,0.0,0.0,0.0,0.0,0.0,0.0,0.0,0.0,16.8,16.8,0.0,0.0,0.0,0.0,0.0,16.8,8.4,0.0,-58.8,20.2,0,0,16.8,1,1,13086,1,24336,22635,24836,22635,15070,20945,15070,13505,14344,13505,14058,342,1169,19908,16469,12854,8263,8846,185,859,23200,25656,21075,2246,150,22377,1,4:17
2024-25,202704,Reggie Jackson,Reggie,1610612755,PHI,Philadelphia 76ers,0022400512,2025-01-08T00:00:00,PHI vs. WAS,W,8.483333333333333,8.5,25.5,0.333,4.2,17.0,0.25,4.2,4.2,1.0,0.0,4.2,4.2,4.2,4.2,0.0,0.0,0.0,0.0,4.2,25.5,-21.2,32.7,0,0,38.2,1,1,13086,1,22635,5633,731,17395,3492,420,11902,5269,7328,1,14058,12988,16698,9265,3422,12854,8263,8846,20257,5734,3960,21891,12819,2246,150,7904,1,8:29
2024-25,1641737,Adem Bona,Adem,1610612755,PHI,Philadelphia 76ers,0022400512,2025-01-08T00:00:00,PHI vs. WAS,W,14.25,0.0,2.5,0.0,0.0,0.0,0.0,5.1,5.1,1.0,5.1,2.5,7.6,5.1,0.0,0.0,7.6,2.5,5.1,7.6,5.1,-25.3,44.5,0,0,32.8,1,1,13086,1,20052,22635,24636,22635,15070,20945,15070,3954,5819,1,2320,18113,9005,7346,16469,12854,162,1996,4487,1276,21979,22862,5437,2246,150,11771,1,14:15
2024-25,1641731,Bilal Coulibaly,Bilal,1610612764,WAS,Washington Wizards,0022400512,2025-01-08T00:00:00,WAS @ PHI,L,30.526666666666667,2.4,9.4,0.25,1.2,1.2,1.0,0.0,2.4,0.0,3.5,1.2,4.7,2.4,2.4,0.0,1.2,4.7,3.5,1.2,5.9,-24.8,16.3,0,0,16.5,1,13222,1,13222,7298,20743,18064,20233,13479,20651,1,13505,11601,13505,4312,21568,15515,15021,8824,12854,6306,434,8640,16511,21459,22757,22749,2246,150,22502,1,30:32
2024-25,1631260,AJ Green,AJ,1610612749,MIL,Milwaukee Bucks,0022400516,2025-01-08T00:00:00,MIL vs. SAS,W,24.766666666666666,7.3,13.1,0.556,5.8,10.2,0.571,0.0,0.0,0.0,0.0,1.5,1.5,1.5,0.0,1.5,0.0,0.0,4.4,0.0,20.3,26.2,28.6,0,0,32.0,1,1,13086,1,12199,8295,11702,7248,1466,3305,3506,13505,14344,13505,14058,20982,22631,18166,16469,8619,8263,8846,6119,17725,7618,2590,15778,2246,150,12405,1,24:46
2024-25,1631104,Blake Wesley,Blake,1610612759,SAS,San Antonio Spurs,0022400516,2025-01-08T00:00:00,SAS @ MIL,L,2.8,0.0,0.0,0.0,0.0,0.0,0.0,0.0,0.0,0.0,0.0,25.7,25.7,0.0,12.9,0.0,0.0,0.0,0.0,0.0,0.0,51.4,18.0,0,0,25.7,1,13222,1,13222,25062,22635,24836,22635,15070,20945,15070,13505,14344,13505,14058,74,182,19908,175,12854,8263,8846,20257,17725,23200,515,22091,2246,150,17128,1,2:48
2024-25,1631207,Dalen Terry,Dalen,1610612741,CHI,Chicago Bulls,0022400510,2025-01-08T00:00:00,CHI @ IND,L,8.366666666666667,4.3,12.9,0.333,0.0,4.3,0.0,0.0,0.0,0.0,0.0,4.3,4.3,4.3,0.0,4.3,0.0,0.0,8.6,0.0,8.6,-34.4,33.1,0,0,25.8,1,13222,1,13222,22676,16315,12020,17395,15070,14905,15070,13505,14344,13505,14058,12793,16522,9116,16469,1371,8263,8846,1094,17725,19426,24351,12487,2246,150,17055,1,8:22
2024-25,1641824,Matas Buzelis,Matas,1610612741,CHI,Chicago Bulls,0022400510,2025-01-08T00:00:00,CHI @ IND,L,13.05,2.8,5.5,0.5,0.0,2.8,0.0,0.0,0.0,0.0,2.8,2.8,5.5,0.0,0.0,2.8,0.0,0.0,11.0,0.0,5.5,5.5,20.4,0,0,16.6,1,13222,1,13222,20717,19962,23076,8526,15070,18146,15070,13505,14344,13505,5953,17533,13491,19908,16469,3782,8263,8846,533,17725,21722,9833,20981,2246,150,22485,1,13:03
2024-25,1642274,Yves Missi,Yves,1610612740,NOP,New Orleans Pelicans,0022400505,2025-01-07T00:00:00,NOP vs. MIN,L,27.698333333333334,1.3,9.1,0.143,0.0,0.0,0.0,0.0,0.0,0.0,5.2,6.5,11.7,0.0,0.0,0.0,1.3,2.6,2.6,1.3,2.6,-2.6,20.5,0,0,16.9,1,13222,1,13222,9797,22401,18562,22260,15070,20945,15070,13505,14344,13505,2194,7313,3758,19908,16469,12854,5648,1879,12430,15908,23054,14357,20928,2246,150,22350,1,27:42
2024-25,1631117,Walker Kessler,Walker,1610612762,UTA,Utah Jazz,0022400506,2025-01-07T00:00:00,UTA vs. ATL,L,30.233333333333334,9.5,13.1,0.727,0.0,0.0,0.0,6.0,7.1,0.833,9.5,2.4,11.9,0.0,0.0,1.2,3.6,1.2,0.0,4.8,25.0,-2.4,53.6,1,0,46.4,1,13222,1,13222,7566,3839,11676,2666,15070,20945,15070,2913,3230,7275,466,18534,3574,19908,16469,10253,1175,6331,20257,4583,4214,14247,2308,1,150,3679,1,30:14
2024-25,203078,Bradley Beal,Bradley,1610612756,PHX,Phoenix Suns,0022400502,2025-01-07T00:00:00,PHX @ CHA,L,30.966666666666665,5.8,15.1,0.385,0.0,2.3,0.0,0.0,0.0,0.0,0.0,0.0,0.0,5.8,1.2,0.0,0.0,0.0,2.3,0.0,11.6,-24.4,19.2,0,0,17.4,1,13222,1,13222,6903,12081,8405,16070,15070,18945,15070,13505,14344,13505,14058,22137,23286,5835,14711,12854,8263,8846,13542,17725,16551,22671,21559,2246,150,22111,1,30:58
2024-25,1629674,Neemias Queta,Neemias,1610612738,BOS,Boston Celtics,0022400507,2025-01-07T00:00:00,BOS @ DEN,W,7.883333333333334,18.3,22.8,0.8,0.0,0.0,0.0,0.0,0.0,0.0,0.0,0.0,0.0,0.0,0.0,4.6,0.0,0.0,4.6,0.0,36.5,-45.7,50.2,0,0,45.7,1,1,13086,1,22842,203,1442,1688,15070,20945,15070,13505,14344,13505,14058,22137,23286,19908,16469,1179,8263,8846,5625,17725,748,25212,3204,2246,150,3946,1,7:53
2024-25,1642267,Bub Carrington,Bub,1610612764,WAS,Washington Wizards,0022400503,2025-01-07T00:00:00,WAS vs. HOU,L,34.06666666666667,4.2,8.5,0.5,4.2,6.3,0.667,0.0,1.1,0.0,1.1,3.2,4.2,5.3,0.0,0.0,0.0,0.0,2.1,2.1,12.7,-15.9,25.7,0,0,26.4,1,13222,1,13222,4190,16522,19565,8526,3515,9886,1957,13505,14121,13505,12818,16189,16736,6860,16469,12854,8263,8846,14550,12549,15412,20215,17831,2246,150,16606,1,34:04
2024-25,1631124,Julian Strawther,Julian,1610612743,DEN,Denver Nuggets,0022400507,2025-01-07T00:00:00,DEN vs. BOS,L,26.916666666666668,10.7,20.1,0.533,4.0,8.0,0.5,0.0,0.0,0.0,1.3,1.3,2.7,2.7,1.3,1.3,0.0,0.0,2.7,2.7,25.4,-4.0,35.3,0,0,37.4,1,13222,1,13222,10399,2507,2926,8140,3974,6408,3944,13505,14344,13505,11029,21218,20503,13977,13633,9257,8263,8846,12143,10395,3984,15074,10861,2246,150,8398,1,26:55
2024-25,1641715,Cam Whitmore,Cam,1610612745,HOU,Houston Rockets,0022400503,2025-01-07T00:00:00,HOU @ WAS,W,17.883333333333333,12.1,16.1,0.75,6.0,6.0,1.0,4.0,4.0,1.0,2.0,0.0,2.0,0.0,0.0,2.0,0.0,0.0,0.0,2.0,34.2,4.0,42.7,0,0,46.3,1,1,13086,1,17642,1478,6970,2107,1278,10602,1,5655,7793,1,8330,22137,21772,19908,16469,6192,8263,8846,20257,13025,1084,10631,6276,2246,150,3717,1,17:53
2024-25,1631218,Trayce Jackson-Davis,Trayce,1610612744,GSW,Golden State Warriors,0022400508,2025-01-07T00:00:00,GSW vs. MIA,L,35.43333333333333,9.1,12.2,0.75,0.0,0.0,0.0,1.0,1.0,1.0,3.0,4.1,7.1,0.0,0.0,2.0,1.0,0.0,0.0,2.0,19.3,-15.2,37.0,0,0,32.5,1,13222,1,13222,3125,4455,13275,2107,15070,20945,15070,13190,14191,1,5232,13533,9933,19908,16469,6097,7379,8846,20257,12916,8549,19990,9710,2246,150,11986,1,35:26
2024-25,1628464,Daniel Theis,Daniel,1610612740,NOP,New Orleans Pelicans,0022400505,2025-01-07T00:00:00,NOP vs. MIN,L,13.3,2.7,5.4,0.5,2.7,2.7,1.0,0.0,0.0,0.0,5.4,16.2,21.7,5.4,0.0,0.0,0.0,0.0,0.0,0.0,8.1,-8.1,42.2,0,0,37.9,1,13222,1,13222,20597,20074,23161,8526,7516,18251,1,13505,14344,13505,2001,403,355,6604,16469,12854,8263,8846,20257,17725,19816,17026,6513,2246,150,8092,1,13:18
2024-25,202685,Jonas Valančiūnas,Jonas,1610612764,WAS,Washington Wizards,0022400503,2025-01-07T00:00:00,WAS vs. HOU,L,21.65,11.6,18.3,0.636,0.0,0.0,0.0,6.7,6.7,1.0,1.7,5.0,6.7,1.7,3.3,0.0,0.0,0.0,3.3,3.3,29.9,-10.0,37.1,0,0,38.2,1,13222,1,13222,14796,1773,4382,4689,15070,20945,15070,2282,3712,1,9709,10904,10846,17469,5436,12854,8263,8846,9362,8178,2104,17883,9644,2246,150,7867,1,21:39
2024-25,1642346,Ryan Dunn,Ryan,1610612756,PHX,Phoenix Suns,0022400502,2025-01-07T00:00:00,PHX @ CHA,L,25.333333333333332,4.3,11.4,0.375,0.0,5.7,0.0,0.0,0.0,0.0,1.4,4.3,5.7,0.0,1.4,0.0,1.4,0.0,4.3,1.4,8.5,8.5,18.2,0,0,17.1,1,13222,1,13222,11714,16419,14711,16299,15070,11488,15070,13505,14344,13505,10660,12923,13062,19908,13164,12854,5144,8846,6395,15364,19494,8393,22008,2246,150,22281,1,25:20
2024-25,1629130,Duncan Robinson,Duncan,1610612748,MIA,Miami Heat,0022400508,2025-01-07T00:00:00,MIA @ GSW,W,21.06,6.8,10.3,0.667,6.8,8.5,0.8,0.0,0.0,0.0,0.0,1.7,1.7,13.7,1.7,1.7,0.0,0.0,3.4,0.0,20.5,34.2,46.5,0,0,46.2,1,1,13086,1,15252,9326,16640,3281,822,5501,1389,13505,14344,13505,14058,20437,22288,420,11879,7574,8263,8846,9011,17725,7482,1479,4534,2246,150,3758,1,21:04
2024-25,1642268,Isaiah Collier,Isaiah,1610612762,UTA,Utah Jazz,0022400506,2025-01-07T00:00:00,UTA vs. ATL,L,26.166666666666668,1.4,8.3,0.167,1.4,5.5,0.25,0.0,0.0,0.0,1.4,6.9,8.3,12.4,2.8,0.0,0.0,2.8,4.1,0.0,4.1,-6.9,29.9,0,0,26.1,1,13222,1,13222,11032,22318,19861,21938,12538,11936,11902,13505,14344,13505,10851,6569,7846,639,7371,12854,8263,1667,6748,17725,22496,16463,14903,2246,150,16844,1,26:10
2024-25,1629638,Nickeil Alexander-Walker,Nickeil,1610612750,MIN,Minnesota Timberwolves,0022400505,2025-01-07T00:00:00,MIN @ NOP,W,17.5,8.2,18.5,0.444,4.1,12.3,0.333,2.1,2.1,1.0,0.0,2.1,2.1,4.1,0.0,0.0,0.0,0.0,2.1,2.1,22.6,18.5,31.3,0,0,32.9,1,1,13086,1,17920,6146,4204,13045,3749,1594,9209,10446,12562,1,14058,19486,21684,9624,16469,12854,8263,8846,14830,12811,5753,4405,13854,2246,150,11718,1,17:30
2024-25,1630183,Jaden McDaniels,Jaden,1610612750,MIN,Minnesota Timberwolves,0022400505,2025-01-07T00:00:00,MIN @ NOP,W,31.19,2.3,10.4,0.222,1.2,6.9,0.167,0.0,0.0,0.0,0.0,3.5,3.5,0.0,0.0,2.3,1.2,2.3,2.3,1.2,5.8,0.0,20.3,0,0,17.3,1,1,13086,1,6711,20838,16405,21205,13627,8617,14236,13505,14344,13505,14058,15343,18631,19908,16469,5008,6456,2407,13609,16627,21549,12240,21018,2246,150,22168,1,31:11
2024-25,1629023,P.J. Washington,P.J.,1610612742,DAL,Dallas Mavericks,0022400504,2025-01-07T00:00:00,DAL vs. LAL,W,39.28333333333333,8.2,12.8,0.643,2.7,2.7,1.0,0.9,1.8,0.5,0.9,6.4,7.3,0.0,0.9,0.9,0.0,1.8,1.8,2.7,20.2,11.9,30.8,0,0,32.1,1,1,13086,1,788,6091,12163,4607,7379,18162,1,13434,13144,10625,13837,7474,9512,19908,16294,12583,8263,3790,16021,10150,7779,6831,14208,2246,150,12327,1,39:17
2024-25,1630529,Herbert Jones,Herbert,1610612740,NOP,New Orleans Pelicans,0022400505,2025-01-07T00:00:00,NOP vs. MIN,L,31.661666666666665,3.4,10.2,0.333,2.3,5.7,0.4,2.3,2.3,1.0,0.0,6.8,6.8,5.7,2.3,0.0,0.0,1.1,4.5,2.3,11.4,3.4,25.8,0,0,26.2,1,13222,1,13222,6275,18521,16682,17395,8950,11487,7874,9711,11863,1,14058,6676,10485,6070,9189,12854,8263,6738,5668,11847,16823,10926,17739,2246,150,16832,1,31:40
2024-25,1631212,Peyton Watson,Peyton,1610612743,DEN,Denver Nuggets,0022400507,2025-01-07T00:00:00,DEN vs. BOS,L,33.66833333333334,5.3,9.6,0.556,2.1,3.2,0.667,2.1,2.1,1.0,2.1,2.1,4.3,0.0,1.1,1.1,4.3,0.0,3.2,1.1,15.0,-3.2,35.1,0,0,32.1,1,13222,1,13222,4575,13423,17720,7248,9517,17254,1957,10172,12292,1,7813,19245,16598,19908,15350,11291,772,8846,9829,17065,12937,14674,11010,2246,150,12325,1,33:40
2024-25,1642276,Kel'el Ware,Kel'el,1610612748,MIA,Miami Heat,0022400508,2025-01-07T00:00:00,MIA @ GSW,W,18.206666666666667,4.0,11.9,0.333,0.0,2.0,0.0,4.0,5.9,0.667,4.0,4.0,7.9,2.0,0.0,0.0,2.0,0.0,4.0,4.0,11.9,-4.0,30.3,0,0,25.7,1,1,13086,1,17438,17199,13846,17395,15070,19596,15070,5783,4569,9425,3652,13860,8443,16454,16469,12854,3544,8846,7266,6441,16280,15044,14621,2246,150,17137,1,18:12
2024-25,1629234,Drew Eubanks,Drew,1610612762,UTA,Utah Jazz,0022400506,2025-01-07T00:00:00,UTA vs. ATL,L,17.766666666666666,2.0,8.1,0.25,0.0,0.0,0.0,4.1,4.1,1.0,2.0,14.2,16.2,4.1,10.1,2.0,0.0,4.1,2.0,2.0,8.1,-2.0,29.6,0,0,32.4,1,13222,1,13222,17729,21355,20077,20233,15070,20945,15070,5602,7730,1,8271,723,1356,9795,321,6131,8263,636,14985,12956,19829,14062,15090,2246,150,12046,1,17:46
2024-25,1629675,Naz Reid,Naz,1610612750,MIN,Minnesota Timberwolves,0022400505,2025-01-07T00:00:00,MIN @ NOP,W,22.688333333333333,9.5,25.4,0.375,1.6,7.9,0.2,0.0,1.6,0.0,9.5,9.5,19.0,1.6,4.8,0.0,1.6,1.6,3.2,1.6,20.6,0.0,45.9,1,0,46.0,1,1,13086,1,13964,3852,751,16299,11724,6566,13429,13505,13410,13505,467,2986,690,17690,2640,12854,4596,4467,9989,14675,7370,12240,4801,1,150,3810,1,22:41
2024-25,1629312,Haywood Highsmith,Haywood,1610612748,MIA,Miami Heat,0022400508,2025-01-07T00:00:00,MIA @ GSW,W,23.333333333333332,3.1,6.2,0.5,1.5,4.6,0.333,0.0,0.0,0.0,1.5,7.7,9.3,7.7,0.0,0.0,0.0,0.0,0.0,0.0,7.7,-1.5,30.4,0,0,26.2,1,1,13086,1,13435,19237,22448,8526,11888,14139,9209,13505,14344,13505,10145,5141,6379,3165,16469,12854,8263,8846,20257,17725,20154,13817,14501,2246,150,16776,1,23:20
2024-25,1630557,Corey Kispert,Corey,1610612764,WAS,Washington Wizards,0022400503,2025-01-07T00:00:00,WAS vs. HOU,L,32.833333333333336,7.7,11.0,0.7,5.5,7.7,0.714,4.4,5.5,0.8,2.2,2.2,4.4,3.3,1.1,0.0,0.0,0.0,1.1,4.4,25.2,-20.8,34.3,0,0,38.4,1,13222,1,13222,5298,7314,15427,3045,1755,7042,1861,5014,5210,7681,7602,19090,16321,12020,15150,12854,8263,8846,19119,5387,4108,21792,11576,2246,150,7784,1,32:50
2024-25,203994,Jusuf Nurkić,Jusuf,1610612756,PHX,Phoenix Suns,0022400502,2025-01-07T00:00:00,PHX @ CHA,L,18.916666666666668,5.7,11.4,0.5,3.8,5.7,0.667,0.0,0.0,0.0,1.9,3.8,5.7,5.7,3.8,1.9,1.9,1.9,9.5,1.9,15.2,-41.9,38.3,0,0,38.1,1,13222,1,13222,16893,12389,14624,8526,4419,11424,1957,13505,14344,13505,8797,14297,12986,6025,4301,6746,3752,3533,808,13496,12681,24967,8857,2246,150,7988,1,18:55
2024-25,203497,Rudy Gobert,Rudy,1610612750,MIN,Minnesota Timberwolves,0022400505,2025-01-07T00:00:00,MIN @ NOP,W,35.41166666666667,3.0,4.1,0.75,0.0,0.0,0.0,1.0,2.0,0.5,2.0,12.2,14.2,4.1,2.0,0.0,6.1,1.0,4.1,3.0,7.1,-6.1,46.6,0,0,37.6,1,1,13086,1,3143,19324,24064,2107,15070,20945,15070,13187,12622,10625,8244,1274,2131,9763,10344,12854,295,7758,6947,9075,20622,16108,4506,2246,150,8278,1,35:25
2024-25,1642261,Dalton Knecht,Dalton,1610612747,LAL,Los Angeles Lakers,0022400504,2025-01-07T00:00:00,LAL @ DAL,L,15.966666666666667,11.3,18.0,0.625,4.5,11.3,0.4,2.3,4.5,0.5,0.0,0.0,0.0,0.0,2.3,0.0,2.3,0.0,2.3,2.3,29.3,-18.0,33.8,0,0,38.3,1,13222,1,13222,18951,2031,4624,4899,3051,2278,7874,9768,6824,10625,14058,22137,23286,19908,9284,12854,2831,8846,13851,11920,2341,20944,11954,2246,150,7808,1,15:58
2024-25,1630168,Onyeka Okongwu,Onyeka,1610612737,ATL,Atlanta Hawks,0022400506,2025-01-07T00:00:00,ATL @ UTA,W,22.733333333333334,1.6,7.9,0.2,0.0,0.0,0.0,0.0,0.0,0.0,3.2,11.1,14.3,4.8,0.0,1.6,6.3,1.6,4.8,0.0,3.2,3.2,51.1,0,0,38.0,1,1,13086,1,13923,22054,20390,21401,15070,20945,15070,13505,14344,13505,5009,1862,2123,8050,16469,8047,260,4472,5175,17725,22904,11036,2945,2246,150,8026,1,22:44
2024-25,1628420,Monté Morris,Monté,1610612756,PHX,Phoenix Suns,0022400502,2025-01-07T00:00:00,PHX @ CHA,L,15.033333333333333,2.4,12.0,0.2,0.0,4.8,0.0,0.0,0.0,0.0,0.0,12.0,12.0,0.0,0.0,0.0,0.0,2.4,0.0,0.0,4.8,-14.4,19.2,0,0,16.8,1,13222,1,13222,19532,20676,13639,21401,15070,13731,15070,13505,14344,13505,14058,1374,3515,19908,16469,12854,8263,2235,20257,17725,22136,19640,21571,2246,150,22400,1,15:02
2024-25,1630526,Jeremiah Robinson-Earl,Jeremiah,1610612740,NOP,New Orleans Pelicans,0022400505,2025-01-07T00:00:00,NOP vs. MIN,L,20.85,3.5,10.4,0.333,1.7,5.2,0.333,0.0,0.0,0.0,1.7,12.1,13.8,1.7,3.5,1.7,1.7,0.0,0.0,0.0,8.6,-20.7,34.7,0,0,32.8,1,13222,1,13222,15397,18417,16445,17395,11320,12748,9209,13505,14344,13505,9482,1309,2328,17289,5114,7523,4231,8846,20257,17725,19398,21761,11287,2246,150,11802,1,20:51
2024-25,1628398,Kyle Kuzma,Kyle,1610612764,WAS,Washington Wizards,0022400503,2025-01-07T00:00:00,WAS vs. HOU,L,16.833333333333332,8.6,19.2,0.444,2.1,8.6,0.25,2.1,8.6,0.25,0.0,12.8,12.8,4.3,4.3,2.1,0.0,0.0,0.0,8.6,21.4,4.3,45.3,0,0,44.9,1,13222,1,13222,18364,5517,3548,13045,9513,5490,11902,10169,2150,13358,14058,1070,2921,9189,3364,5638,8263,8846,20257,802,6740,10495,5018,2246,150,4306,1,16:50
2024-25,1630631,Jose Alvarado,Jose,1610612740,NOP,New Orleans Pelicans,0022400505,2025-01-07T00:00:00,NOP vs. MIN,L,20.0,7.2,19.8,0.364,5.4,14.4,0.375,3.6,3.6,1.0,1.8,0.0,1.8,1.8,5.4,1.8,0.0,1.8,5.4,1.8,23.4,-3.6,28.3,0,0,36.0,1,13222,1,13222,16013,8449,3111,16861,1849,824,8800,6488,8686,1,9243,22137,22160,17084,1898,7262,8263,3904,3850,13938,5204,14848,16029,2246,150,9360,1,20:00
2024-25,1642271,Kyle Filipowski,Kyle,1610612762,UTA,Utah Jazz,0022400506,2025-01-07T00:00:00,UTA vs. ATL,L,17.183333333333334,2.1,10.5,0.2,2.1,10.5,0.2,0.0,0.0,0.0,0.0,16.8,16.8,2.1,6.3,0.0,0.0,0.0,2.1,0.0,6.3,25.1,23.3,0,0,27.2,1,13222,1,13222,18148,21242,16269,21401,9708,3005,13429,13505,14344,13505,14058,347,1185,16017,1231,12854,8263,8846,14632,17725,21194,2783,19404,2246,150,15993,1,17:11
2024-25,1642273,Kyshawn George,Kyshawn,1610612764,WAS,Washington Wizards,0022400503,2025-01-07T00:00:00,WAS vs. HOU,L,27.266666666666666,5.3,13.2,0.4,1.3,9.2,0.143,0.0,0.0,0.0,4.0,1.3,5.3,4.0,2.6,2.6,1.3,0.0,4.0,0.0,11.9,-25.1,33.4,0,0,30.4,1,13222,1,13222,10130,13588,11474,14933,12779,4466,14649,13505,14344,13505,3646,21246,14088,10041,7727,4041,5560,8846,7251,17725,16255,22826,12263,2246,150,13661,1,27:16
2024-25,1641731,Bilal Coulibaly,Bilal,1610612764,WAS,Washington Wizards,0022400503,2025-01-07T00:00:00,WAS vs. HOU,L,30.066666666666666,6.0,12.0,0.5,0.0,3.6,0.0,2.4,2.4,1.0,3.6,2.4,6.0,1.2,4.8,0.0,0.0,0.0,2.4,1.2,14.4,-16.8,18.6,0,0,21.6,1,13222,1,13222,7724,11558,13639,8526,15070,16459,15070,9351,11501,1,4222,18501,12318,19018,2596,12854,8263,8846,13233,16415,13536,20537,21858,2246,150,19932,1,30:04
2024-25,1627827,Dorian Finney-Smith,Dorian,1610612747,LAL,Los Angeles Lakers,0022400504,2025-01-07T00:00:00,LAL @ DAL,L,28.466666666666665,3.8,5.1,0.75,3.8,5.1,0.75,2.5,2.5,1.0,0.0,3.8,3.8,0.0,1.3,0.0,0.0,0.0,1.3,2.5,13.9,3.8,17.2,0,0,21.5,1,13222,1,13222,9147,17588,23421,2107,4461,13049,1542,8964,11133,1,14058,14339,17840,19908,14011,12854,8263,8846,18196,10875,14036,10755,22410,2246,150,19961,1,28:28
2024-25,1628960,Grayson Allen,Grayson,1610612756,PHX,Phoenix Suns,0022400502,2025-01-07T00:00:00,PHX @ CHA,L,25.066666666666666,4.3,10.1,0.429,4.3,8.6,0.5,0.0,0.0,0.0,1.4,2.9,4.3,0.0,1.4,1.4,1.4,1.4,1.4,0.0,12.9,-24.4,25.3,0,0,27.3,1,13222,1,13222,11944,16301,16952,13735,3369,5389,3944,13505,14344,13505,10593,17172,16509,19908,13071,8716,5093,5036,17488,17725,15176,22672,18085,2246,150,15960,1,25:04
2024-25,1641706,Brandon Miller,Brandon,1610612766,CHA,Charlotte Hornets,0022400502,2025-01-07T00:00:00,CHA vs. PHX,W,32.583333333333336,5.5,17.7,0.313,3.3,13.3,0.25,0.0,0.0,0.0,0.0,3.3,3.3,2.2,4.4,1.1,1.1,0.0,3.3,0.0,14.4,0.0,23.9,0,0,27.6,1,1,13086,1,5492,12922,5036,19175,5615,1178,11902,13505,14344,13505,14058,15749,18957,15592,3111,10976,6760,8846,9402,17725,13541,12240,19048,2246,150,15701,1,32:35
2024-25,201950,Jrue Holiday,Jrue,1610612738,BOS,Boston Celtics,0022400507,2025-01-07T00:00:00,BOS @ DEN,W,32.11666666666667,6.7,13.5,0.5,3.4,7.8,0.429,4.5,4.5,1.0,0.0,3.4,3.4,7.8,0.0,2.2,1.1,0.0,1.1,2.2,21.3,11.2,47.2,0,0,42.6,1,1,13086,1,5871,9639,11083,8526,5483,6725,7394,4862,6870,1,14058,15611,18846,3048,16469,5242,6661,8846,18986,11976,6828,7131,4245,2246,150,5355,1,32:07
2024-25,1630230,Naji Marshall,Naji,1610612742,DAL,Dallas Mavericks,0022400504,2025-01-07T00:00:00,DAL vs. LAL,W,28.966666666666665,2.5,13.7,0.182,1.2,7.5,0.167,2.5,2.5,1.0,3.7,2.5,6.2,2.5,1.2,1.2,0.0,3.7,1.2,1.2,8.7,-16.2,22.4,0,0,21.1,1,1,13086,1,8697,20491,10690,21891,13136,7491,14236,9092,11244,1,3996,18228,11795,14591,14146,9847,8263,780,18314,16164,19346,20308,19939,2246,150,20202,1,28:58
2024-25,203991,Clint Capela,Clint,1610612737,ATL,Atlanta Hawks,0022400506,2025-01-07T00:00:00,ATL @ UTA,W,25.253333333333334,12.8,15.7,0.818,0.0,0.0,0.0,0.0,0.0,0.0,2.9,5.7,8.6,0.0,1.4,0.0,4.3,0.0,2.9,0.0,25.7,-1.4,47.3,0,0,42.8,1,1,13086,1,11780,1092,7571,1653,15070,20945,15070,13505,14344,13505,5728,9040,7395,19908,13138,12854,773,8846,11416,17725,3846,13771,4197,2246,150,5277,1,25:15
2024-25,1630249,Vít Krejčí,Vít,1610612737,ATL,Atlanta Hawks,0022400506,2025-01-07T00:00:00,ATL @ UTA,W,22.243333333333332,8.1,9.7,0.833,4.9,6.5,0.75,0.0,0.0,0.0,0.0,6.5,6.5,0.0,0.0,1.6,0.0,0.0,6.5,0.0,21.0,11.3,33.7,0,0,35.6,1,1,13086,1,14323,6435,17556,1514,2484,9600,1542,13505,14344,13505,14058,7363,11230,19908,16469,7921,8263,8846,2420,17725,7055,7085,12062,2246,150,9658,1,22:15
2024-25,1631107,Nikola Jović,Nikola,1610612748,MIA,Miami Heat,0022400508,2025-01-07T00:00:00,MIA @ GSW,W,34.21,8.4,17.9,0.471,2.1,8.4,0.25,2.1,3.2,0.667,1.1,5.3,6.3,4.2,2.1,1.1,0.0,1.1,0.0,4.2,21.0,26.3,36.0,0,0,35.8,1,1,13086,1,4095,5765,4818,12143,9662,5715,11902,10276,9596,9425,12859,10130,11575,9365,9977,11467,8263,7471,20257,5818,7049,2556,10378,2246,150,9531,1,34:13
2024-25,203944,Julius Randle,Julius,1610612750,MIN,Minnesota Timberwolves,0022400505,2025-01-07T00:00:00,MIN @ NOP,W,35.31666666666667,6.1,11.2,0.545,1.0,4.1,0.25,3.1,5.1,0.6,0.0,6.1,6.1,3.1,3.1,2.0,0.0,0.0,4.1,5.1,16.3,21.4,31.3,0,0,30.6,1,1,13086,1,3216,11181,15005,7695,14425,15403,11902,7651,5764,10343,14058,8064,12012,12734,6260,6068,8263,8846,6914,3925,11596,3594,13828,2246,150,13493,1,35:19
2024-25,1627741,Buddy Hield,Buddy,1610612744,GSW,Golden State Warriors,0022400508,2025-01-07T00:00:00,GSW vs. MIA,L,23.95,6.0,18.0,0.333,3.0,13.5,0.222,1.5,3.0,0.5,1.5,10.5,12.0,7.5,0.0,1.5,0.0,0.0,1.5,1.5,16.5,-10.5,46.7,0,0,42.1,1,13222,1,13222,12946,11468,4624,17395,6483,1080,13288,11791,9956,10625,10304,2213,3471,3377,16469,8393,8263,8846,17200,14990,11352,18115,4424,2246,150,5597,1,23:57
2024-25,1627832,Fred VanVleet,Fred,1610612745,HOU,Houston Rockets,0022400503,2025-01-07T00:00:00,HOU @ WAS,W,38.05,6.6,14.2,0.467,1.9,8.5,0.222,2.8,2.8,1.0,0.9,0.0,0.9,11.4,1.9,3.8,0.9,0.0,2.8,1.9,18.0,16.1,48.4,1,0,41.6,1,1,13086,1,1355,9875,9845,12249,10667,5564,13288,8242,10395,1,13677,22137,23245,883,11090,1867,7856,8846,11464,13551,9870,5222,3832,1,150,5833,1,38:03
2024-25,1630215,Jared Butler,Jared,1610612764,WAS,Washington Wizards,0022400503,2025-01-07T00:00:00,WAS vs. HOU,L,21.65,8.3,18.3,0.455,3.3,6.7,0.5,3.3,3.3,1.0,0.0,0.0,0.0,8.3,5.0,1.7,1.7,1.7,3.3,5.0,23.3,-18.3,40.7,0,0,41.6,1,13222,1,13222,14796,5958,4382,12676,5591,9214,3944,7059,9249,1,14058,22137,23286,2597,2351,7754,4392,4244,9362,4137,5307,21018,7313,2246,150,5870,1,21:39
2024-25,1628988,Aaron Holiday,Aaron,1610612745,HOU,Houston Rockets,0022400503,2025-01-07T00:00:00,HOU @ WAS,W,23.15,1.6,4.7,0.333,0.0,1.6,0.0,3.1,3.1,1.0,3.1,0.0,3.1,6.2,1.6,3.1,0.0,0.0,6.2,3.1,6.2,48.2,27.1,0,0,21.8,1,1,13086,1,13600,22099,23705,17395,15070,20219,15070,7515,9692,1,5114,22137,19453,5133,12525,2916,8263,8846,2684,8851,21240,597,16892,2246,150,19806,1,23:09
2024-25,1629008,Michael Porter Jr.,Michael,1610612743,DEN,Denver Nuggets,0022400507,2025-01-07T00:00:00,DEN vs. BOS,L,35.91833333333334,5.0,13.0,0.385,2.0,7.0,0.286,3.0,4.0,0.75,1.0,9.0,10.0,3.0,1.0,0.0,0.0,2.0,1.0,3.0,15.0,-16.0,30.6,1,0,30.1,1,13222,1,13222,2740,14366,11803,16070,10142,8431,11433,7783,7828,8186,13237,3497,5411,12901,15830,12854,8263,3220,19696,9216,12873,20263,14368,1,150,13896,1,35:55
2024-25,1630192,Zeke Nnaji,Zeke,1610612743,DEN,Denver Nuggets,0022400507,2025-01-07T00:00:00,DEN vs. BOS,L,4.998333333333333,0.0,14.4,0.0,0.0,0.0,0.0,0.0,0.0,0.0,0.0,0.0,0.0,0.0,0.0,0.0,0.0,7.2,0.0,0.0,0.0,-57.6,0.0,0,0,0.0,1,13222,1,13222,23996,22635,9517,22635,15070,20945,15070,13505,14344,13505,14058,22137,23286,19908,16469,12854,8263,139,20257,17725,23200,25625,25228,2246,150,25259,1,4:60
2024-25,1630700,Dyson Daniels,Dyson,1610612737,ATL,Atlanta Hawks,0022400506,2025-01-07T00:00:00,ATL @ UTA,W,35.18333333333333,7.2,12.3,0.583,2.0,4.1,0.5,0.0,0.0,0.0,1.0,5.1,6.1,7.2,1.0,2.0,2.0,1.0,4.1,0.0,16.4,2.0,45.7,0,0,39.9,1,1,13086,1,3324,8555,13118,6296,9931,15368,3944,13505,14344,13505,13069,10515,11957,3814,15687,6028,3356,7721,6865,17725,11529,11601,4846,2246,150,6832,1,35:11
2024-25,1629618,Jalen Pickett,Jalen,1610612743,DEN,Denver Nuggets,0022400507,2025-01-07T00:00:00,DEN vs. BOS,L,0.3983333333333333,0.0,0.0,0.0,0.0,0.0,0.0,0.0,0.0,0.0,0.0,0.0,0.0,0.0,0.0,0.0,0.0,0.0,0.0,0.0,0.0,0.0,0.0,0,0,0.0,1,13222,1,13222,26234,22635,24836,22635,15070,20945,15070,13505,14344,13505,14058,22137,23286,19908,16469,12854,8263,8846,20257,17725,23200,12240,25228,2246,150,25259,1,0:24
2024-25,1630611,Gui Santos,Gui,1610612744,GSW,Golden State Warriors,0022400508,2025-01-07T00:00:00,GSW vs. MIA,L,3.0833333333333335,0.0,11.7,0.0,0.0,11.7,0.0,0.0,0.0,0.0,0.0,11.7,11.7,0.0,0.0,0.0,0.0,0.0,0.0,0.0,0.0,23.4,14.0,0,0,11.7,1,13222,1,13222,24947,22635,14159,22635,15070,1981,15070,13505,14344,13505,14058,1531,3779,19908,16469,12854,8263,8846,20257,17725,23200,3177,23500,2246,150,24064,1,3:05
2024-25,1630527,Brandon Boston,Brandon,1610612740,NOP,New Orleans Pelicans,0022400505,2025-01-07T00:00:00,NOP vs. MIN,L,25.31833333333333,1.4,8.5,0.167,1.4,4.3,0.333,2.8,2.8,1.0,1.4,4.3,5.7,2.8,1.4,1.4,0.0,0.0,1.4,2.8,7.1,-17.1,21.0,0,0,19.9,1,13222,1,13222,11728,22268,19446,21938,12360,14985,9209,8233,10380,1,10659,12916,13059,13463,13163,8792,8263,8846,17536,9804,20626,20653,20662,2246,150,20915,1,25:19
2024-25,1630311,Pat Spencer,Pat,1610612744,GSW,Golden State Warriors,0022400508,2025-01-07T00:00:00,GSW vs. MIA,L,3.0833333333333335,11.7,11.7,1.0,0.0,0.0,0.0,0.0,0.0,0.0,0.0,11.7,11.7,0.0,11.7,0.0,0.0,0.0,0.0,11.7,23.4,23.4,25.7,0,0,35.0,1,13222,1,13222,24947,1733,14159,1,15070,20945,15070,13505,14344,13505,14058,1531,3779,19908,218,12854,8263,8846,20257,220,5237,3177,17828,2246,150,10070,1,3:05
2024-25,1628436,Luke Kornet,Luke,1610612738,BOS,Boston Celtics,0022400507,2025-01-07T00:00:00,BOS @ DEN,W,17.505,2.1,2.1,1.0,0.0,0.0,0.0,0.0,0.0,0.0,2.1,4.1,6.2,2.1,0.0,0.0,4.1,0.0,4.1,0.0,4.1,10.3,26.9,0,0,20.6,1,1,13086,1,17916,21306,24745,1,15070,20945,15070,13505,14344,13505,8136,13383,11894,16170,16469,12854,863,8846,6796,17725,22503,7567,16993,2246,150,20544,1,17:30
2024-25,1641725,Trey Alexander,Trey,1610612743,DEN,Denver Nuggets,0022400507,2025-01-07T00:00:00,DEN vs. BOS,L,0.3983333333333333,0.0,0.0,0.0,0.0,0.0,0.0,0.0,0.0,0.0,0.0,0.0,0.0,0.0,0.0,0.0,0.0,0.0,0.0,0.0,0.0,0.0,0.0,0,0,0.0,1,13222,1,13222,26234,22635,24836,22635,15070,20945,15070,13505,14344,13505,14058,22137,23286,19908,16469,12854,8263,8846,20257,17725,23200,12240,25228,2246,150,25259,1,0:24
2024-25,1630531,Jaden Springer,Jaden,1610612738,BOS,Boston Celtics,0022400507,2025-01-07T00:00:00,BOS @ DEN,W,1.0083333333333333,0.0,0.0,0.0,0.0,0.0,0.0,0.0,0.0,0.0,0.0,0.0,0.0,0.0,0.0,0.0,0.0,0.0,35.7,0.0,0.0,71.4,0.0,0,0,0.0,1,1,13086,1,26057,22635,24836,22635,15070,20945,15070,13505,14344,13505,14058,22137,23286,19908,16469,12854,8263,8846,25,17725,23200,232,25228,2246,150,25259,1,1:01
2024-25,1626158,Richaun Holmes,Richaun,1610612764,WAS,Washington Wizards,0022400503,2025-01-07T00:00:00,WAS vs. HOU,L,3.05,0.0,11.8,0.0,0.0,0.0,0.0,0.0,0.0,0.0,11.8,0.0,11.8,0.0,0.0,0.0,0.0,0.0,0.0,0.0,0.0,-35.4,14.2,0,0,11.8,1,13222,1,13222,24957,22635,13924,22635,15070,20945,15070,13505,14344,13505,252,22137,3657,19908,16469,12854,8263,8846,20257,17725,23200,24459,23443,2246,150,24028,1,3:03
2024-25,2544,LeBron James,LeBron,1610612747,LAL,Los Angeles Lakers,0022400504,2025-01-07T00:00:00,LAL @ DAL,L,34.86666666666667,6.2,12.4,0.5,1.0,4.1,0.25,5.2,6.2,0.833,0.0,10.3,10.3,8.3,2.1,1.0,0.0,0.0,0.0,3.1,18.6,-12.4,44.4,1,0,40.3,1,13222,1,13222,3564,10986,12908,8526,14349,15272,11902,3806,4234,7275,14058,2334,5092,2646,10183,11655,8263,8846,20257,8894,9235,18895,5469,1,150,6635,1,34:52
2024-25,1630264,Anthony Gill,Anthony,1610612764,WAS,Washington Wizards,0022400503,2025-01-07T00:00:00,WAS vs. HOU,L,4.283333333333333,0.0,8.4,0.0,0.0,8.4,0.0,0.0,0.0,0.0,0.0,0.0,0.0,0.0,0.0,0.0,0.0,0.0,0.0,0.0,0.0,-16.8,0.0,0,0,0.0,1,13222,1,13222,24336,22635,19633,22635,15070,5728,15070,13505,14344,13505,14058,22137,23286,19908,16469,12854,8263,8846,20257,17725,23200,20549,25228,2246,150,25259,1,4:17
2024-25,1642355,Bronny James,Bronny,1610612747,LAL,Los Angeles Lakers,0022400504,2025-01-07T00:00:00,LAL @ DAL,L,1.4333333333333333,0.0,0.0,0.0,0.0,0.0,0.0,0.0,0.0,0.0,0.0,0.0,0.0,0.0,0.0,0.0,0.0,0.0,0.0,0.0,0.0,-100.5,0.0,0,0,0.0,1,13222,1,13222,25842,22635,24836,22635,15070,20945,15070,13505,14344,13505,14058,22137,23286,19908,16469,12854,8263,8846,20257,17725,23200,26151,25228,2246,150,25259,1,1:26
2024-25,1629637,Jaxson Hayes,Jaxson,1610612747,LAL,Los Angeles Lakers,0022400504,2025-01-07T00:00:00,LAL @ DAL,L,11.65,0.0,3.1,0.0,0.0,0.0,0.0,3.1,6.2,0.5,3.1,6.2,9.3,3.1,0.0,3.1,6.2,0.0,12.4,3.1,3.1,-15.5,46.7,0,0,34.0,1,13222,1,13222,21433,22635,24465,22635,15070,20945,15070,7571,4251,10625,5147,7945,6359,12636,16469,2951,282,8846,391,8918,22929,20077,4463,2246,150,10857,1,11:39
2024-25,1641816,Hunter Tyson,Hunter,1610612743,DEN,Denver Nuggets,0022400507,2025-01-07T00:00:00,DEN vs. BOS,L,0.3983333333333333,0.0,0.0,0.0,0.0,0.0,0.0,0.0,0.0,0.0,0.0,0.0,0.0,0.0,0.0,0.0,0.0,0.0,0.0,0.0,0.0,0.0,0.0,0,0,0.0,1,13222,1,13222,26234,22635,24836,22635,15070,20945,15070,13505,14344,13505,14058,22137,23286,19908,16469,12854,8263,8846,20257,17725,23200,12240,25228,2246,150,25259,1,0:24
2024-25,1628467,Maxi Kleber,Maxi,1610612742,DAL,Dallas Mavericks,0022400504,2025-01-07T00:00:00,DAL vs. LAL,W,29.466666666666665,2.4,3.7,0.667,1.2,1.2,1.0,0.0,0.0,0.0,1.2,2.4,3.7,6.1,1.2,1.2,0.0,1.2,2.4,1.2,6.1,25.7,22.1,0,0,19.5,1,1,13086,1,8251,20564,24246,3281,13258,20594,1,13505,14344,13505,11653,18348,18166,5317,14280,10000,8263,6114,13011,16288,21314,2679,20074,2246,150,21123,1,29:28
2024-25,1630256,Jae'Sean Tate,Jae'Sean,1610612745,HOU,Houston Rockets,0022400503,2025-01-07T00:00:00,HOU @ WAS,W,14.416666666666666,2.5,10.0,0.25,0.0,2.5,0.0,0.0,0.0,0.0,2.5,0.0,2.5,0.0,0.0,2.5,0.0,0.0,2.5,5.0,5.0,25.0,15.5,0,0,12.5,1,1,13086,1,19942,20461,17072,20233,15070,18627,15070,13505,14344,13505,6615,22137,20819,19908,16469,4390,8263,8846,12808,4128,22008,2824,23030,2246,150,23872,1,14:25
2024-25,1630573,Sam Hauser,Sam,1610612738,BOS,Boston Celtics,0022400507,2025-01-07T00:00:00,BOS @ DEN,W,17.716666666666665,6.1,10.2,0.6,6.1,10.2,0.6,0.0,0.0,0.0,2.0,2.0,4.1,2.0,2.0,0.0,2.0,0.0,2.0,0.0,18.3,0.0,30.3,0,0,34.5,1,1,13086,1,17765,11233,16803,5394,1239,3318,2992,13505,14344,13505,8248,19555,17149,16254,10349,12854,3392,8846,14963,17725,9538,12240,14605,2246,150,10410,1,17:43
2024-25,203471,Dennis Schröder,Dennis,1610612744,GSW,Golden State Warriors,0022400508,2025-01-07T00:00:00,GSW vs. MIA,L,28.866666666666667,2.5,12.5,0.2,1.2,8.7,0.143,0.0,0.0,0.0,0.0,3.7,3.7,8.7,1.2,0.0,0.0,1.2,2.5,0.0,6.2,-16.2,22.6,0,0,20.0,1,13222,1,13222,8793,20471,12775,21401,13112,5222,14649,13505,14344,13505,14058,14492,17956,2245,14112,12854,8263,5947,12818,17725,21224,20327,19833,2246,150,20888,1,28:52
2024-25,1642275,Tidjane Salaün,Tidjane,1610612766,CHA,Charlotte Hornets,0022400502,2025-01-07T00:00:00,CHA vs. PHX,W,11.233333333333333,3.2,9.6,0.333,0.0,6.4,0.0,6.4,6.4,1.0,0.0,6.4,6.4,0.0,0.0,0.0,0.0,0.0,0.0,3.2,12.8,19.2,20.5,0,0,19.2,1,1,13086,1,21610,18980,17736,17395,15070,9726,15070,2488,3991,1,14058,7486,11368,19908,16469,12854,8263,8846,20257,8540,15270,4196,20940,2246,150,21277,1,11:14
2024-25,1628998,Cody Martin,Cody,1610612766,CHA,Charlotte Hornets,0022400502,2025-01-07T00:00:00,CHA vs. PHX,W,28.816666666666666,1.2,6.2,0.2,0.0,2.5,0.0,2.5,2.5,1.0,1.2,5.0,6.2,3.7,0.0,1.2,1.2,0.0,2.5,1.2,5.0,18.7,25.6,0,0,20.0,1,1,13086,1,8827,22451,22374,21401,15070,18622,15070,9051,11210,1,11484,10888,11715,10654,16469,9805,5900,8846,12801,16134,22006,4331,17875,2246,150,20869,1,28:49
2024-25,1630528,Josh Christopher,Josh,1610612748,MIA,Miami Heat,0022400508,2025-01-07T00:00:00,MIA @ GSW,W,0.6066666666666667,0.0,0.0,0.0,0.0,0.0,0.0,0.0,0.0,0.0,0.0,0.0,0.0,0.0,0.0,0.0,0.0,0.0,0.0,0.0,0.0,-118.7,0.0,0,0,0.0,1,1,13086,1,26181,22635,24836,22635,15070,20945,15070,13505,14344,13505,14058,22137,23286,19908,16469,12854,8263,8846,20257,17725,23200,26222,25228,2246,150,25259,1,0:36
2024-25,1642352,Keshad Johnson,Keshad,1610612748,MIA,Miami Heat,0022400508,2025-01-07T00:00:00,MIA @ GSW,W,0.6066666666666667,0.0,0.0,0.0,0.0,0.0,0.0,0.0,0.0,0.0,0.0,0.0,0.0,0.0,0.0,0.0,0.0,0.0,0.0,0.0,0.0,-118.7,0.0,0,0,0.0,1,1,13086,1,26181,22635,24836,22635,15070,20945,15070,13505,14344,13505,14058,22137,23286,19908,16469,12854,8263,8846,20257,17725,23200,26222,25228,2246,150,25259,1,0:36
2024-25,1630695,Micah Potter,Micah,1610612762,UTA,Utah Jazz,0022400506,2025-01-07T00:00:00,UTA vs. ATL,L,14.983333333333333,2.4,4.8,0.5,2.4,4.8,0.5,0.0,0.0,0.0,0.0,2.4,2.4,0.0,4.8,0.0,0.0,0.0,2.4,0.0,7.2,-21.6,5.3,0,0,12.0,1,13222,1,13222,19573,20657,23603,8526,8479,13690,3944,13505,14344,13505,14058,18472,21002,19908,2573,12854,8263,8846,13194,17725,20555,21998,24982,2246,150,23967,1,14:59
2024-25,1641796,Pelle Larsson,Pelle,1610612748,MIA,Miami Heat,0022400508,2025-01-07T00:00:00,MIA @ GSW,W,0.6066666666666667,0.0,0.0,0.0,0.0,0.0,0.0,0.0,0.0,0.0,0.0,0.0,0.0,0.0,0.0,0.0,0.0,0.0,0.0,0.0,0.0,-118.7,0.0,0,0,0.0,1,1,13086,1,26181,22635,24836,22635,15070,20945,15070,13505,14344,13505,14058,22137,23286,19908,16469,12854,8263,8846,20257,17725,23200,26222,25228,2246,150,25259,1,0:36
2024-25,201599,DeAndre Jordan,DeAndre,1610612743,DEN,Denver Nuggets,0022400507,2025-01-07T00:00:00,DEN vs. BOS,L,19.65,0.0,1.8,0.0,0.0,0.0,0.0,1.8,3.7,0.5,3.7,5.5,9.2,1.8,1.8,0.0,0.0,1.8,3.7,3.7,1.8,1.8,13.7,0,0,12.8,1,13222,1,13222,16300,22635,24784,22635,15070,20945,15070,11169,8558,10625,4099,9540,6495,16985,11404,12854,8263,3793,8210,7224,23165,11722,23565,2246,150,23767,1,19:39
2024-25,1629006,Josh Okogie,Josh,1610612756,PHX,Phoenix Suns,0022400502,2025-01-07T00:00:00,PHX @ CHA,L,2.0166666666666666,0.0,0.0,0.0,0.0,0.0,0.0,0.0,0.0,0.0,0.0,0.0,0.0,0.0,0.0,0.0,0.0,0.0,17.9,0.0,0.0,-107.1,0.0,0,0,0.0,1,13222,1,13222,25446,22635,24836,22635,15070,20945,15070,13505,14344,13505,14058,22137,23286,19908,16469,12854,8263,8846,158,17725,23200,26183,25228,2246,150,25259,1,2:01
2024-25,1629631,De'Andre Hunter,De'Andre,1610612737,ATL,Atlanta Hawks,0022400506,2025-01-07T00:00:00,ATL @ UTA,W,27.433333333333334,6.6,14.4,0.455,5.2,9.2,0.571,3.9,6.6,0.6,1.3,3.9,5.2,1.3,2.6,0.0,0.0,1.3,3.9,6.6,22.3,-15.7,28.0,0,0,34.1,1,1,13086,1,9990,10036,9458,12676,2000,4560,3506,5818,3822,10343,11142,13924,14162,18622,7787,12854,8263,5596,7323,2021,6001,20172,16269,2246,150,10762,1,27:26
2024-25,1631116,Patrick Baldwin Jr.,Patrick,1610612764,WAS,Washington Wizards,0022400503,2025-01-07T00:00:00,WAS vs. HOU,L,4.283333333333333,16.8,16.8,1.0,8.4,8.4,1.0,0.0,0.0,0.0,8.4,0.0,8.4,0.0,8.4,0.0,0.0,0.0,0.0,0.0,42.0,-16.8,43.7,0,0,58.8,1,13222,1,13222,24336,292,6026,1,380,5728,1,13505,14344,13505,673,22137,7611,19908,519,12854,8263,8846,20257,17725,352,20549,5804,2246,150,931,1,4:17
2024-25,1627749,Dejounte Murray,Dejounte,1610612740,NOP,New Orleans Pelicans,0022400505,2025-01-07T00:00:00,NOP vs. MIN,L,33.71666666666667,12.8,21.4,0.6,2.1,8.5,0.25,3.2,6.4,0.5,0.0,2.1,2.1,6.4,2.1,6.4,1.1,1.1,2.1,4.3,31.0,-1.1,63.4,0,0,56.6,1,13222,1,13222,4521,1101,2124,5394,9524,5508,11902,7326,3998,10625,14058,19252,21542,4848,9805,395,7005,7328,14427,5669,1784,13585,841,2246,150,1214,1,33:43
2024-25,1641765,Olivier-Maxence Prosper,Olivier-Maxence,1610612742,DAL,Dallas Mavericks,0022400504,2025-01-07T00:00:00,DAL vs. LAL,W,5.033333333333333,0.0,0.0,0.0,0.0,0.0,0.0,21.5,28.6,0.75,7.2,14.3,21.5,7.2,0.0,0.0,0.0,0.0,0.0,14.3,21.5,78.7,57.9,0,0,50.1,1,1,13086,1,23981,22635,24836,22635,15070,20945,15070,62,58,8186,1081,691,373,3820,16469,12854,8263,8846,20257,114,6680,176,1483,2246,150,2511,1,5:02
2024-25,1630314,Brandon Williams,Brandon,1610612742,DAL,Dallas Mavericks,0022400504,2025-01-07T00:00:00,DAL vs. LAL,W,1.4333333333333333,50.2,50.2,1.0,0.0,0.0,0.0,0.0,0.0,0.0,0.0,0.0,0.0,0.0,0.0,0.0,0.0,0.0,0.0,0.0,100.5,100.5,100.5,0,0,100.5,1,1,13086,1,25842,4,29,1,15070,20945,15070,13505,14344,13505,14058,22137,23286,19908,16469,12854,8263,8846,20257,17725,9,66,67,2246,150,59,1,1:26
2024-25,1626164,Devin Booker,Devin,1610612756,PHX,Phoenix Suns,0022400502,2025-01-07T00:00:00,PHX @ CHA,L,38.983333333333334,12.9,23.1,0.56,1.8,7.4,0.25,8.3,8.3,1.0,0.9,4.6,5.5,9.2,2.8,0.0,0.0,0.0,1.8,8.3,36.0,1.8,53.7,1,0,52.6,1,13222,1,13222,888,1062,1361,7232,10888,7648,11902,1276,2317,1,13816,11940,13443,1845,7320,12854,8263,8846,15957,891,824,11709,2262,1,150,1893,1,38:59
2024-25,201939,Stephen Curry,Stephen,1610612744,GSW,Golden State Warriors,0022400508,2025-01-07T00:00:00,GSW vs. MIA,L,33.4,11.9,23.7,0.5,8.6,18.3,0.471,1.1,1.1,1.0,0.0,7.5,7.5,0.0,4.3,1.1,2.2,0.0,2.2,1.1,33.4,-10.8,47.9,0,0,56.0,1,13222,1,13222,4812,1619,1151,8526,346,309,7106,12977,14075,1,14058,5415,9082,19908,3293,11212,3053,8846,14323,17013,1238,18222,4022,2246,150,1303,1,33:24
2024-25,1630224,Jalen Green,Jalen,1610612745,HOU,Houston Rockets,0022400503,2025-01-07T00:00:00,HOU @ WAS,W,30.116666666666667,12.0,26.3,0.455,8.4,17.9,0.467,2.4,2.4,1.0,2.4,7.2,9.6,2.4,1.2,2.4,0.0,2.4,0.0,1.2,34.7,25.1,55.7,0,0,59.8,1,1,13086,1,7664,1554,599,12676,389,346,7108,9362,11517,1,6954,6057,5968,14910,14476,4726,8263,2246,20257,16428,1012,2790,1859,2246,150,848,1,30:07
2024-25,1629656,Quentin Grimes,Quentin,1610612742,DAL,Dallas Mavericks,0022400504,2025-01-07T00:00:00,DAL vs. LAL,W,29.15,9.9,21.0,0.471,7.4,13.6,0.545,1.2,2.5,0.5,1.2,9.9,11.1,7.4,0.0,1.2,0.0,0.0,2.5,1.2,28.4,16.1,56.6,0,0,56.8,1,1,13086,1,8543,3359,2339,12143,631,1062,3863,12489,11285,10625,11573,2668,4310,3500,16469,9911,8263,8846,12911,16209,2631,5231,1714,2246,150,1186,1,29:09
2024-25,1628374,Lauri Markkanen,Lauri,1610612762,UTA,Utah Jazz,0022400506,2025-01-07T00:00:00,UTA vs. ATL,L,30.683333333333334,12.9,24.6,0.524,9.4,17.6,0.533,5.9,7.0,0.833,0.0,2.3,2.3,1.2,2.3,2.3,1.2,2.3,4.7,5.9,41.1,7.0,53.9,0,0,61.0,1,13222,1,13222,7138,1067,899,8439,259,368,3935,3008,3327,7275,14058,18641,21109,19105,8881,4878,6345,2341,5300,2794,393,9116,2239,2246,150,731,1,30:41
2024-25,1629627,Zion Williamson,Zion,1610612740,NOP,New Orleans Pelicans,0022400505,2025-01-07T00:00:00,NOP vs. MIN,L,27.673333333333332,11.7,19.5,0.6,0.0,2.6,0.0,5.2,11.7,0.444,5.2,2.6,7.8,5.2,5.2,3.9,1.3,2.6,3.9,7.8,28.6,10.4,56.2,0,0,52.0,1,13222,1,13222,9820,1717,3335,5394,15070,18451,15070,3769,828,13035,2189,17943,8608,7026,2111,1738,5643,1873,7438,1126,2563,7507,1776,2246,150,2028,1,27:40
2024-25,203076,Anthony Davis,Anthony,1610612747,LAL,Los Angeles Lakers,0022400504,2025-01-07T00:00:00,LAL @ DAL,L,35.25,7.1,18.4,0.389,0.0,2.0,0.0,7.1,9.2,0.778,2.0,10.2,12.3,3.1,2.0,0.0,2.0,0.0,1.0,5.1,21.4,-19.4,44.8,1,0,40.9,1,13222,1,13222,3274,8582,4301,16009,15070,19470,15070,1909,1772,8092,8193,2417,3302,12714,10293,12854,3364,8846,19566,3910,6692,21379,5251,1,150,6296,1,35:15
2024-25,201566,Russell Westbrook,Russell,1610612743,DEN,Denver Nuggets,0022400507,2025-01-07T00:00:00,DEN vs. BOS,L,33.41833333333334,9.7,19.4,0.5,4.3,9.7,0.444,4.3,5.4,0.8,3.2,6.5,9.7,6.5,8.6,1.1,1.1,1.1,2.2,3.2,28.0,-10.8,47.2,0,0,52.8,1,13222,1,13222,4794,3608,3429,8526,3368,3855,7211,5132,5334,7681,4881,7392,5803,4769,480,11222,6933,7256,14332,8455,2779,18221,4249,2246,150,1856,1,33:25
2024-25,1630702,Jaden Hardy,Jaden,1610612742,DAL,Dallas Mavericks,0022400504,2025-01-07T00:00:00,DAL vs. LAL,W,22.05,9.8,18.0,0.545,4.9,9.8,0.5,0.0,0.0,0.0,1.6,3.3,4.9,3.3,0.0,1.6,0.0,0.0,4.9,1.6,24.5,21.2,40.2,0,0,40.8,1,1,13086,1,14461,3476,4743,7695,2408,3730,3944,13505,14344,13505,9802,15891,15066,12094,16469,7878,8263,8846,4839,14517,4496,3645,7660,2246,150,6315,1,22:03
2024-25,1630163,LaMelo Ball,LaMelo,1610612766,CHA,Charlotte Hornets,0022400502,2025-01-07T00:00:00,CHA vs. PHX,W,35.15,12.3,28.7,0.429,5.1,16.4,0.313,3.1,5.1,0.6,5.1,5.1,10.2,7.2,1.0,4.1,0.0,1.0,3.1,6.1,32.8,0.0,67.1,1,0,63.5,1,1,13086,1,3348,1359,347,13735,2137,469,11289,7614,5723,10343,2266,10500,5186,3808,15679,1542,8263,7714,10380,2451,1369,12240,566,1,150,548,1,35:09
2024-25,1629726,Garrison Mathews,Garrison,1610612737,ATL,Atlanta Hawks,0022400506,2025-01-07T00:00:00,ATL @ UTA,W,18.65,7.7,25.1,0.308,1.9,15.4,0.125,0.0,0.0,0.0,3.9,7.7,11.6,1.9,1.9,3.9,1.9,0.0,0.0,1.9,17.4,15.4,49.6,0,0,44.4,1,1,13086,1,17073,7225,809,19226,10503,609,14886,13505,14344,13505,3793,5129,3867,16640,10894,1783,3675,8846,20257,13402,10450,5456,3382,2246,150,4507,1,18:39
2024-25,1630578,Alperen Sengun,Alperen,1610612745,HOU,Houston Rockets,0022400503,2025-01-07T00:00:00,HOU @ WAS,W,29.683333333333334,14.6,27.9,0.522,0.0,2.4,0.0,2.4,2.4,1.0,4.9,7.3,12.1,7.3,4.9,2.4,0.0,1.2,2.4,3.6,31.5,35.2,59.4,1,0,55.8,1,1,13086,1,8057,568,405,8473,15070,18755,15070,9257,11404,1,2505,5863,3396,3649,2522,4609,8263,6167,13094,7289,1632,1377,1263,1,150,1343,1,29:41
2024-25,1630162,Anthony Edwards,Anthony,1610612750,MIN,Minnesota Timberwolves,0022400505,2025-01-07T00:00:00,MIN @ NOP,W,38.37166666666667,9.4,19.7,0.476,6.6,10.3,0.636,4.7,5.6,0.833,0.9,7.5,8.4,2.8,3.8,1.9,0.0,0.0,2.8,2.8,30.0,2.8,46.3,0,0,51.6,1,1,13086,1,1175,4056,3177,12010,963,3135,2842,4527,5002,7275,13729,5487,7561,13540,4433,6885,8263,8846,11577,9915,2075,11214,4647,2246,150,2119,1,38:22
2024-25,1628369,Jayson Tatum,Jayson,1610612738,BOS,Boston Celtics,0022400507,2025-01-07T00:00:00,BOS @ DEN,W,37.983333333333334,10.4,21.8,0.478,0.9,8.5,0.111,5.7,5.7,1.0,0.0,3.8,3.8,5.7,1.9,0.9,1.9,2.8,1.9,3.8,27.5,21.8,47.2,0,0,43.6,1,1,13086,1,1394,2790,1904,11986,14802,5527,15003,3194,4909,1,14058,14348,17849,6069,11071,12368,3776,1540,15706,6871,2986,3505,4244,2246,150,4874,1,37:59
2024-25,201988,Patty Mills,Patty,1610612762,UTA,Utah Jazz,0022400506,2025-01-07T00:00:00,UTA vs. ATL,L,18.116666666666667,9.9,27.8,0.357,6.0,17.9,0.333,0.0,0.0,0.0,0.0,2.0,2.0,4.0,0.0,6.0,0.0,2.0,0.0,0.0,25.8,-2.0,52.1,0,0,49.7,1,13222,1,13222,17491,3286,411,17140,1331,352,9209,13505,14344,13505,14058,19708,21824,10003,16469,485,8263,3269,20257,17725,3756,14038,2692,2246,150,2620,1,18:07
2024-25,1629639,Tyler Herro,Tyler,1610612748,MIA,Miami Heat,0022400508,2025-01-07T00:00:00,MIA @ GSW,W,26.333333333333332,5.5,19.1,0.286,4.1,12.3,0.333,4.1,4.1,1.0,0.0,10.9,10.9,4.1,0.0,1.4,0.0,2.7,1.4,1.4,19.1,-2.7,42.5,0,0,41.0,1,1,13086,1,10877,13070,3631,19630,3782,1621,9209,5521,7625,1,14058,1934,4468,9660,16469,9097,8263,1693,17755,15590,8704,14425,6357,2246,150,6185,1,26:20
2024-25,1629027,Trae Young,Trae,1610612737,ATL,Atlanta Hawks,0022400506,2025-01-07T00:00:00,ATL @ UTA,W,36.56666666666667,5.9,15.8,0.375,3.0,9.8,0.3,8.9,9.8,0.9,0.0,2.0,2.0,19.7,2.0,0.0,1.0,0.0,1.0,9.8,23.6,3.9,56.5,1,0,50.2,1,1,13086,1,2294,11787,7471,16299,6666,3670,11319,1055,1432,6805,14058,19758,21861,91,10668,12854,7577,8846,19788,442,5034,10683,1726,1,150,2479,1,36:34
2024-25,1630182,Josh Green,Josh,1610612766,CHA,Charlotte Hornets,0022400502,2025-01-07T00:00:00,CHA vs. PHX,W,12.933333333333334,2.8,8.4,0.333,2.8,5.6,0.5,5.6,5.6,1.0,8.4,8.4,16.7,0.0,0.0,2.8,0.0,0.0,11.1,2.8,13.9,2.8,42.3,0,0,39.0,1,1,13086,1,20774,19914,19722,17395,7264,11801,3944,3347,5092,1,690,4217,1206,19908,16469,3723,8263,8846,521,10021,14030,11234,6470,2246,150,7400,1,12:56
2024-25,1642262,Cody Williams,Cody,1610612762,UTA,Utah Jazz,0022400506,2025-01-07T00:00:00,UTA vs. ATL,L,29.35,1.2,7.4,0.167,0.0,2.5,0.0,2.5,2.5,1.0,0.0,3.7,3.7,3.7,0.0,1.2,0.0,1.2,2.5,2.5,4.9,-2.5,18.5,0,0,14.7,1,13222,1,13222,8346,22469,21126,21938,15070,18710,15070,9190,11332,1,14058,14707,18130,10846,16469,9966,8263,6081,12971,11152,22063,14286,21879,2246,150,23167,1,29:21
2024-25,1641726,Dereck Lively II,Dereck,1610612742,DAL,Dallas Mavericks,0022400504,2025-01-07T00:00:00,DAL vs. LAL,W,19.333333333333332,5.6,5.6,1.0,0.0,0.0,0.0,1.9,3.7,0.5,3.7,7.4,11.2,5.6,1.9,0.0,0.0,0.0,9.3,1.9,13.0,-7.4,33.0,0,0,29.8,1,1,13086,1,16552,12743,23006,1,15070,20945,15070,11080,8432,10625,4006,5585,4259,6278,11262,12854,8263,8846,867,13682,15054,16703,12619,2246,150,14103,1,19:20
2024-25,203995,Vasilije Micić,Vasilije,1610612766,CHA,Charlotte Hornets,0022400502,2025-01-07T00:00:00,CHA vs. PHX,W,14.566666666666666,2.5,12.4,0.2,0.0,4.9,0.0,4.9,4.9,1.0,0.0,0.0,0.0,4.9,0.0,0.0,0.0,0.0,0.0,2.5,9.9,14.8,17.3,0,0,14.8,1,1,13086,1,19845,20510,12967,21401,15070,13333,15070,4127,6037,1,14058,22137,23286,7587,16469,12854,8263,8846,20257,11095,18271,5695,22373,2246,150,23118,1,14:34
2024-25,1641733,Nick Smith Jr.,Nick,1610612766,CHA,Charlotte Hornets,0022400502,2025-01-07T00:00:00,CHA vs. PHX,W,21.1,5.1,13.6,0.375,3.4,10.2,0.333,0.0,0.0,0.0,1.7,5.1,6.8,5.1,0.0,0.0,0.0,0.0,0.0,0.0,13.6,18.8,29.5,0,0,29.0,1,1,13086,1,15227,14037,10738,16299,5354,3225,9209,13505,14344,13505,9557,10509,10477,7210,16469,12854,8263,8846,20257,17725,14323,4325,15135,2246,150,14698,1,21:06
2024-25,203952,Andrew Wiggins,Andrew,1610612744,GSW,Golden State Warriors,0022400508,2025-01-07T00:00:00,GSW vs. MIA,L,24.583333333333332,5.9,14.6,0.4,1.5,4.4,0.333,0.0,0.0,0.0,2.9,4.4,7.3,1.5,1.5,1.5,1.5,1.5,2.9,0.0,13.2,-10.3,31.5,0,0,29.3,1,13222,1,13222,12389,11926,9137,14933,12185,14700,9209,13505,14344,13505,5515,12544,9526,18116,12934,8556,4977,4915,11039,17725,14901,17997,13681,2246,150,14482,1,24:35
2024-25,1629060,Rui Hachimura,Rui,1610612747,LAL,Los Angeles Lakers,0022400504,2025-01-07T00:00:00,LAL @ DAL,L,25.85,4.2,7.0,0.6,0.0,2.8,0.0,0.0,0.0,0.0,1.4,0.0,1.4,2.8,1.4,1.4,0.0,0.0,2.8,0.0,8.4,-11.1,17.0,0,0,15.3,1,13222,1,13222,11287,16650,21607,5394,15070,18092,15070,13505,14344,13505,10775,22137,22706,13631,13315,8942,8263,8846,11703,17725,19618,18385,22494,2246,150,22950,1,25:51
2024-25,1630548,Johnny Juzang,Johnny,1610612762,UTA,Utah Jazz,0022400506,2025-01-07T00:00:00,UTA vs. ATL,L,24.9,5.8,15.9,0.364,4.3,11.6,0.375,0.0,0.0,0.0,1.4,4.3,5.8,5.8,0.0,0.0,0.0,0.0,2.9,0.0,15.9,-24.6,31.5,0,0,31.8,1,13222,1,13222,12089,12159,7258,16861,3332,2050,8800,13505,14344,13505,10555,12692,12805,5889,16469,12854,8263,8846,11218,17725,12024,22715,13667,2246,150,12532,1,24:54
2024-25,203468,CJ McCollum,CJ,1610612740,NOP,New Orleans Pelicans,0022400505,2025-01-07T00:00:00,NOP vs. MIN,L,30.048333333333332,1.2,16.8,0.071,1.2,8.4,0.143,2.4,3.6,0.667,0.0,2.4,2.4,2.4,0.0,0.0,1.2,1.2,3.6,1.2,6.0,-18.0,16.1,0,0,14.4,1,13222,1,13222,7751,22497,6085,22631,13376,5769,14649,9347,8698,9425,14058,18499,21014,14890,16469,12854,6182,6276,8442,16412,21400,20924,22832,2246,150,23294,1,30:03
2024-25,1630551,Justin Champagnie,Justin,1610612764,WAS,Washington Wizards,0022400503,2025-01-07T00:00:00,WAS vs. HOU,L,20.716666666666665,3.5,7.0,0.5,1.7,3.5,0.5,3.5,3.5,1.0,3.5,5.2,8.7,0.0,0.0,1.7,1.7,0.0,7.0,1.7,12.2,-20.9,33.0,0,0,29.5,1,13222,1,13222,15477,18378,21619,8526,11289,16700,3944,6744,8933,1,4411,10254,7181,19908,16469,7494,4202,8846,2018,14157,15964,21797,12580,2246,150,14295,1,20:43
2024-25,1631170,Jaime Jaquez Jr.,Jaime,1610612748,MIA,Miami Heat,0022400508,2025-01-07T00:00:00,MIA @ GSW,W,28.516666666666666,8.8,15.1,0.583,1.3,3.8,0.333,3.8,5.0,0.75,2.5,3.8,6.3,1.3,3.8,0.0,0.0,0.0,0.0,3.8,22.7,-3.8,28.4,0,0,31.6,1,1,13086,1,9103,4993,8339,6296,13024,16024,9209,6110,5827,8186,6538,14364,11579,18790,4355,12854,8263,8846,20257,6880,5687,14942,15935,2246,150,12727,1,28:31
2024-25,201143,Al Horford,Al,1610612738,BOS,Boston Celtics,0022400507,2025-01-07T00:00:00,BOS @ DEN,W,33.685,3.2,5.3,0.6,3.2,5.3,0.6,0.0,0.0,0.0,2.1,5.3,7.5,0.0,1.1,4.3,0.0,0.0,1.1,0.0,9.6,16.0,30.4,0,0,28.9,1,1,13086,1,4563,18978,23225,5394,5937,12345,2992,13505,14344,13505,7814,9919,9205,19908,15355,1395,8263,8846,19282,17725,18526,5237,14536,2246,150,14819,1,33:41
2024-25,1626145,Tyus Jones,Tyus,1610612756,PHX,Phoenix Suns,0022400502,2025-01-07T00:00:00,PHX @ CHA,L,21.883333333333333,3.3,9.9,0.333,0.0,3.3,0.0,0.0,0.0,0.0,1.6,0.0,1.6,6.6,1.6,0.0,0.0,1.6,3.3,0.0,6.6,-3.3,16.8,0,0,14.8,1,13222,1,13222,14589,18778,17304,17395,15070,17090,15070,13505,14344,13505,9765,22137,22373,4591,12163,12854,8263,4314,9491,17725,21003,14713,22568,2246,150,23128,1,21:53
2024-25,202692,Alec Burks,Alec,1610612748,MIA,Miami Heat,0022400508,2025-01-07T00:00:00,MIA @ GSW,W,24.666666666666668,4.4,8.8,0.5,4.4,8.8,0.5,2.9,4.4,0.667,0.0,5.8,5.8,0.0,0.0,1.5,0.0,0.0,1.5,1.5,16.1,24.8,27.4,0,0,29.2,1,1,13086,1,12303,16128,19088,8526,3268,5169,3944,8037,7067,9425,14058,8697,12673,19908,16469,8582,8263,8846,17401,15188,11870,2861,16634,2246,150,14548,1,24:40
2024-25,1627750,Jamal Murray,Jamal,1610612743,DEN,Denver Nuggets,0022400507,2025-01-07T00:00:00,DEN vs. BOS,L,39.185,7.3,15.6,0.471,0.9,4.6,0.2,1.8,1.8,1.0,1.8,1.8,3.7,3.7,0.9,1.8,0.0,0.0,2.8,0.9,17.5,-2.8,32.0,0,0,29.4,1,13222,1,13222,817,8125,7667,12143,14906,14210,13429,11156,13135,1,9101,20147,18146,10865,16291,7093,8263,8846,11816,17628,10373,14431,13347,2246,150,14409,1,39:11
2024-25,1629012,Collin Sexton,Collin,1610612762,UTA,Utah Jazz,0022400506,2025-01-07T00:00:00,UTA vs. ATL,L,30.616666666666667,8.2,18.8,0.438,2.4,3.5,0.667,9.4,10.6,0.889,2.4,2.4,4.7,3.5,1.2,0.0,0.0,2.4,3.5,11.8,28.2,4.7,38.0,0,0,38.8,1,13222,1,13222,7200,6140,3917,13558,8660,16599,1957,872,1164,6857,7086,18620,15555,11318,14615,12854,8263,2333,8678,214,2703,10279,9038,2246,150,7508,1,30:37
2024-25,203967,Dario Šarić,Dario,1610612743,DEN,Denver Nuggets,0022400507,2025-01-07T00:00:00,DEN vs. BOS,L,16.533333333333335,0.0,4.4,0.0,0.0,2.2,0.0,0.0,0.0,0.0,0.0,2.2,2.2,8.7,2.2,0.0,2.2,2.2,2.2,2.2,0.0,-15.2,20.0,0,0,15.2,1,13222,1,13222,18580,22635,23884,22635,15070,19208,15070,13505,14344,13505,14058,19134,21457,2262,9608,12854,2997,2694,14205,12253,23200,19991,21147,2246,150,22976,1,16:32
2024-25,1641722,Jordan Hawkins,Jordan,1610612740,NOP,New Orleans Pelicans,0022400505,2025-01-07T00:00:00,NOP vs. MIN,L,9.733333333333333,3.7,14.8,0.25,3.7,14.8,0.25,0.0,0.0,0.0,0.0,0.0,0.0,0.0,0.0,0.0,0.0,0.0,0.0,0.0,11.1,3.7,11.1,0,0,14.8,1,13222,1,13222,22198,17833,8908,20233,4702,738,11902,13505,14344,13505,14058,22137,23286,19908,16469,12854,8263,8846,20257,17725,17093,10809,24227,2246,150,23133,1,9:44
2024-25,203992,Bogdan Bogdanović,Bogdan,1610612737,ATL,Atlanta Hawks,0022400506,2025-01-07T00:00:00,ATL @ UTA,W,28.053333333333335,5.1,12.8,0.4,3.8,9.0,0.429,0.0,0.0,0.0,1.3,0.0,1.3,3.8,3.8,0.0,0.0,0.0,3.8,1.3,14.1,-3.8,17.6,0,0,23.1,1,1,13086,1,9505,14000,12154,14933,4317,4864,7394,13505,14344,13505,11278,22137,22832,10372,4192,12854,8263,8846,7606,15979,13834,14977,22272,2246,150,18944,1,28:03
2024-25,203486,Mason Plumlee,Mason,1610612756,PHX,Phoenix Suns,0022400502,2025-01-07T00:00:00,PHX @ CHA,L,19.55,0.0,1.8,0.0,0.0,0.0,0.0,0.0,0.0,0.0,1.8,20.3,22.1,3.7,0.0,1.8,0.0,0.0,7.4,1.8,0.0,27.6,37.6,0,0,29.5,1,13222,1,13222,16379,22635,24781,22635,15070,20945,15070,13505,14344,13505,9085,163,332,10839,16469,7072,8263,8846,1734,13768,23200,2321,9308,2246,150,14354,1,19:33
2024-25,1630559,Austin Reaves,Austin,1610612747,LAL,Los Angeles Lakers,0022400504,2025-01-07T00:00:00,LAL @ DAL,L,32.083333333333336,5.6,15.7,0.357,4.5,12.3,0.364,1.1,2.2,0.5,0.0,2.2,2.2,1.1,1.1,3.4,0.0,0.0,1.1,2.2,16.8,-28.1,30.2,0,0,31.4,1,13222,1,13222,5901,12684,7534,17140,3088,1603,9100,12847,11952,10625,14058,18939,21330,19286,14995,2448,8263,8846,18980,11968,11024,23438,14675,2246,150,12845,1,32:05
2024-25,1641708,Amen Thompson,Amen,1610612745,HOU,Houston Rockets,0022400503,2025-01-07T00:00:00,HOU @ WAS,W,41.11666666666667,6.1,7.0,0.875,0.0,0.0,0.0,5.3,5.3,1.0,3.5,9.6,13.1,3.5,0.0,2.6,0.0,0.0,0.9,3.5,17.5,16.6,46.4,1,0,39.4,1,1,13086,1,353,11145,21557,1353,15070,20945,15070,3703,5523,1,4374,2890,2718,11382,16469,4078,8263,8846,20188,7655,10316,5024,4578,1,150,7132,1,41:07
2024-25,201145,Jeff Green,Jeff,1610612745,HOU,Houston Rockets,0022400503,2025-01-07T00:00:00,HOU @ WAS,W,9.733333333333333,7.4,14.8,0.5,0.0,7.4,0.0,11.1,14.8,0.75,0.0,3.7,3.7,0.0,0.0,0.0,0.0,0.0,3.7,7.4,25.9,-22.2,30.3,0,0,29.6,1,1,13086,1,22198,8013,8908,8526,15070,7618,15070,467,370,8186,14058,14633,18074,19908,16469,12854,8263,8846,8077,1390,3736,22133,14555,2246,150,14247,1,9:44
2024-25,1631466,Nate Williams,Nate,1610612745,HOU,Houston Rockets,0022400503,2025-01-07T00:00:00,HOU @ WAS,W,3.05,0.0,11.8,0.0,0.0,11.8,0.0,0.0,0.0,0.0,0.0,0.0,0.0,0.0,11.8,0.0,11.8,0.0,0.0,0.0,0.0,35.4,23.6,0,0,23.6,1,1,13086,1,24957,22635,13924,22635,15070,1894,15070,13505,14344,13505,14058,22137,23286,19908,211,12854,44,8846,20257,17725,23200,1350,19199,2246,150,18604,1,3:03
2024-25,1630202,Payton Pritchard,Payton,1610612738,BOS,Boston Celtics,0022400507,2025-01-07T00:00:00,BOS @ DEN,W,19.566666666666666,1.8,11.0,0.167,1.8,9.2,0.2,0.0,0.0,0.0,3.7,1.8,5.5,7.4,3.7,1.8,0.0,0.0,0.0,0.0,5.5,-7.4,25.0,0,0,23.9,1,1,13086,1,16360,21683,15298,21938,10922,4530,13429,13505,14344,13505,4069,20134,13487,3558,4598,7076,8263,8846,20257,17725,21720,16660,18275,2246,150,18383,1,19:34
2024-25,203500,Steven Adams,Steven,1610612745,HOU,Houston Rockets,0022400503,2025-01-07T00:00:00,HOU @ WAS,W,11.416666666666666,0.0,3.2,0.0,0.0,0.0,0.0,0.0,6.3,0.0,6.3,12.6,18.9,0.0,3.2,0.0,0.0,0.0,3.2,3.2,0.0,-22.1,19.6,0,0,18.9,1,1,13086,1,21525,22635,24436,22635,15070,20945,15070,13505,4119,13505,1469,1121,715,19908,5966,12854,8263,8846,10063,8716,23200,22081,21381,2246,150,21421,1,11:25
2024-25,1630322,Lindy Waters III,Lindy,1610612744,GSW,Golden State Warriors,0022400508,2025-01-07T00:00:00,GSW vs. MIA,L,18.8,5.7,15.3,0.375,0.0,7.7,0.0,0.0,0.0,0.0,0.0,3.8,3.8,0.0,1.9,1.9,0.0,0.0,3.8,0.0,11.5,-23.0,19.9,0,0,19.1,1,13222,1,13222,16965,12278,8085,16299,15070,7066,15070,13505,14344,13505,14058,14233,17750,19908,10967,6688,8263,8846,7653,17725,16681,22328,21204,2246,150,21315,1,18:48
2024-25,1629216,Gabe Vincent,Gabe,1610612747,LAL,Los Angeles Lakers,0022400504,2025-01-07T00:00:00,LAL @ DAL,L,24.05,0.0,6.0,0.0,0.0,4.5,0.0,0.0,0.0,0.0,0.0,1.5,1.5,3.0,0.0,0.0,0.0,0.0,1.5,1.5,0.0,-7.5,6.3,0,0,4.5,1,13222,1,13222,12844,22635,22618,22635,15070,14456,15070,13505,14344,13505,14058,20881,22571,12957,16469,12854,8263,8846,17229,15015,23200,16723,24890,2246,150,25148,1,24:03
2024-25,1630541,Moses Moody,Moses,1610612744,GSW,Golden State Warriors,0022400508,2025-01-07T00:00:00,GSW vs. MIA,L,15.183333333333334,2.4,14.2,0.167,2.4,9.5,0.25,0.0,0.0,0.0,4.7,2.4,7.1,2.4,0.0,0.0,0.0,0.0,2.4,2.4,7.1,-16.6,19.2,0,0,19.0,1,13222,1,13222,19447,20722,9788,21938,8590,4130,11902,13505,14344,13505,2621,18569,9928,14978,16469,12854,8263,8846,13343,11461,20623,20477,21543,2246,150,21407,1,15:11
2024-25,1631169,Josh Minott,Josh,1610612750,MIN,Minnesota Timberwolves,0022400505,2025-01-07T00:00:00,MIN @ NOP,W,6.083333333333333,5.9,17.8,0.333,0.0,5.9,0.0,0.0,0.0,0.0,5.9,5.9,11.8,0.0,0.0,0.0,0.0,5.9,0.0,0.0,11.8,11.8,26.0,0,0,23.7,1,1,13086,1,23565,11749,4943,17395,15070,10887,15070,13505,14344,13505,1663,8508,3625,19908,16469,12854,8263,224,20257,17725,16306,6867,17590,2246,150,18564,1,6:05
2024-25,1642345,Oso Ighodaro,Oso,1610612756,PHX,Phoenix Suns,0022400502,2025-01-07T00:00:00,PHX @ CHA,L,5.916666666666667,0.0,18.3,0.0,0.0,0.0,0.0,0.0,0.0,0.0,6.1,6.1,12.2,6.1,0.0,0.0,0.0,6.1,6.1,0.0,0.0,-30.4,23.7,0,0,18.3,1,13222,1,13222,23626,22635,4403,22635,15070,20945,15070,13505,14344,13505,1572,8134,3367,5342,16469,12854,8263,211,2838,17725,23200,23802,19145,2246,150,21739,1,5:55
2024-25,1642258,Zaccharie Risacher,Zaccharie,1610612737,ATL,Atlanta Hawks,0022400506,2025-01-07T00:00:00,ATL @ UTA,W,23.883333333333333,9.0,21.1,0.429,3.0,6.0,0.5,0.0,0.0,0.0,4.5,4.5,9.0,0.0,0.0,0.0,0.0,1.5,3.0,0.0,21.1,12.1,32.0,0,0,33.2,1,1,13086,1,13003,4622,2278,13735,6451,10622,3944,13505,14344,13505,2897,12203,6669,19908,16469,12854,8263,4745,10646,17725,6997,6774,13358,2246,150,11521,1,23:53
2024-25,203915,Spencer Dinwiddie,Spencer,1610612742,DAL,Dallas Mavericks,0022400504,2025-01-07T00:00:00,DAL vs. LAL,W,35.166666666666664,8.2,15.4,0.533,1.0,5.1,0.2,2.0,2.0,1.0,1.0,5.1,6.1,8.2,3.1,1.0,0.0,0.0,1.0,3.1,19.5,24.6,39.1,0,0,36.9,1,1,13086,1,3337,6226,8023,8140,14403,12906,13429,10469,12582,1,13064,10503,11950,2705,6222,11728,8263,8846,19552,8993,8418,2907,8337,2246,150,8812,1,35:10
2024-25,1627759,Jaylen Brown,Jaylen,1610612738,BOS,Boston Celtics,0022400507,2025-01-07T00:00:00,BOS @ DEN,W,38.45,5.6,12.2,0.462,0.0,0.9,0.0,1.9,1.9,1.0,0.0,7.5,7.5,7.5,3.7,0.0,0.0,0.9,2.8,2.8,13.1,4.7,29.6,0,0,28.1,1,1,13086,1,1135,12659,13300,12428,15070,20906,15070,11038,13053,1,14058,5512,9188,3414,4447,12854,8263,8444,11609,9937,14972,10295,15088,2246,150,15362,1,38:27
2024-25,1642259,Alex Sarr,Alex,1610612764,WAS,Washington Wizards,0022400503,2025-01-07T00:00:00,WAS vs. HOU,L,23.3,1.5,18.5,0.083,0.0,7.7,0.0,0.0,0.0,0.0,3.1,10.8,13.9,1.5,4.6,1.5,1.5,1.5,4.6,0.0,3.1,-21.6,26.7,0,0,24.7,1,13222,1,13222,13465,22120,4185,22617,15070,6951,15070,13505,14344,13505,5147,2009,2277,17820,2798,8218,4717,4607,5453,17725,22929,21999,17131,2246,150,17877,1,23:18
2024-25,1630208,Nick Richards,Nick,1610612766,CHA,Charlotte Hornets,0022400502,2025-01-07T00:00:00,CHA vs. PHX,W,25.3,5.7,8.5,0.667,0.0,0.0,0.0,10.0,11.4,0.875,7.1,10.0,17.1,0.0,2.8,0.0,4.3,1.4,2.8,7.1,21.3,32.7,51.8,1,0,47.0,1,1,13086,1,11743,12443,19432,3281,15070,20945,15070,706,923,6931,1098,2613,1109,19908,7042,12854,779,5087,11437,1570,6776,1653,2763,1,150,3498,1,25:18
2024-25,203937,Kyle Anderson,Kyle,1610612744,GSW,Golden State Warriors,0022400508,2025-01-07T00:00:00,GSW vs. MIA,L,26.733333333333334,2.7,9.4,0.286,1.3,2.7,0.5,0.0,0.0,0.0,2.7,4.0,6.7,5.4,1.3,4.0,2.7,1.3,4.0,0.0,6.7,-5.4,41.7,0,0,33.7,1,13222,1,13222,10540,20102,18073,19630,12663,18275,3944,13505,14344,13505,6122,13595,10669,6655,13587,1596,2094,5412,7028,17725,20899,15779,6752,2246,150,11104,1,26:44
2024-25,201142,Kevin Durant,Kevin,1610612756,PHX,Phoenix Suns,0022400502,2025-01-07T00:00:00,PHX @ CHA,L,36.333333333333336,7.9,17.8,0.444,1.0,5.9,0.167,8.9,9.9,0.9,1.0,5.0,5.9,2.0,2.0,0.0,1.0,0.0,2.0,6.9,25.8,1.0,36.9,0,0,36.7,1,13222,1,13222,2452,6798,4874,13045,14598,10825,14236,1032,1407,6805,13329,11014,12417,16443,10603,12854,7534,8846,15251,1703,3801,12164,9794,2246,150,8943,1,36:20
2024-25,202691,Klay Thompson,Klay,1610612742,DAL,Dallas Mavericks,0022400504,2025-01-07T00:00:00,DAL vs. LAL,W,28.683333333333334,6.3,12.6,0.5,3.8,7.5,0.5,0.0,0.0,0.0,0.0,0.0,0.0,2.5,3.8,1.3,0.0,0.0,0.0,0.0,16.3,23.8,20.1,0,0,25.1,1,1,13086,1,8938,10777,12656,8526,4538,7324,3944,13505,14344,13505,14058,22137,23286,14505,4404,9759,8263,8846,20257,17725,11585,3064,21127,2246,150,17606,1,28:41
2024-25,1626179,Terry Rozier,Terry,1610612748,MIA,Miami Heat,0022400508,2025-01-07T00:00:00,MIA @ GSW,W,32.06,4.5,13.5,0.333,1.1,4.5,0.25,0.0,0.0,0.0,0.0,5.6,5.6,5.6,2.2,0.0,1.1,2.2,2.2,0.0,10.1,15.7,26.4,0,0,24.7,1,1,13086,1,5923,15807,11043,17395,13822,14454,11902,13505,14344,13505,14058,9277,13253,6228,9324,12854,6650,2562,13897,17725,18043,5347,17359,2246,150,17885,1,32:04
2024-25,204001,Kristaps Porziņģis,Kristaps,1610612738,BOS,Boston Celtics,0022400507,2025-01-07T00:00:00,BOS @ DEN,W,34.085,9.5,19.0,0.5,1.1,3.2,0.333,6.3,8.4,0.75,5.3,6.3,11.6,3.2,1.1,2.1,1.1,2.1,1.1,8.4,26.4,14.8,53.5,1,0,48.6,1,1,13086,1,4177,3874,3750,8526,14218,17326,9209,2550,2231,8186,2114,7627,3832,12426,15456,5731,7092,2893,19378,848,3480,5713,2315,1,150,2960,1,34:05
2024-25,1631128,Christian Braun,Christian,1610612743,DEN,Denver Nuggets,0022400507,2025-01-07T00:00:00,DEN vs. BOS,L,28.516666666666666,6.3,12.6,0.5,2.5,6.3,0.4,0.0,0.0,0.0,2.5,2.5,5.0,2.5,2.5,1.3,0.0,1.3,3.8,0.0,15.1,-13.9,26.3,0,0,27.8,1,13222,1,13222,9103,10669,12522,8526,8061,9954,7874,13505,14344,13505,6538,18118,14669,14456,8139,9700,8263,5856,7779,17725,12759,19457,17442,2246,150,15599,1,28:31
2024-25,1628978,Donte DiVincenzo,Donte,1610612750,MIN,Minnesota Timberwolves,0022400505,2025-01-07T00:00:00,MIN @ NOP,W,28.716666666666665,5.0,15.0,0.333,2.5,10.0,0.25,0.0,0.0,0.0,0.0,2.5,2.5,8.8,3.8,3.8,0.0,0.0,0.0,1.3,12.5,22.6,36.2,0,0,33.8,1,1,13086,1,8903,14342,8534,17395,8125,3457,11902,13505,14344,13505,14058,18168,20803,2203,4415,1896,8263,8846,20257,16114,15556,3350,10216,2246,150,10963,1,28:43
2024-25,201144,Mike Conley,Mike,1610612750,MIN,Minnesota Timberwolves,0022400505,2025-01-07T00:00:00,MIN @ NOP,W,24.721666666666668,2.9,5.8,0.5,1.5,4.4,0.333,4.4,5.8,0.75,1.5,4.4,5.8,8.7,1.5,0.0,0.0,0.0,1.5,4.4,11.6,-17.5,30.3,0,0,27.7,1,1,13086,1,12254,19626,22787,8526,12227,14764,9209,5043,4722,8186,10514,12607,12711,2238,12982,12854,8263,8846,17420,5427,16523,20775,14586,2246,150,15665,1,24:43
2024-25,1628415,Dillon Brooks,Dillon,1610612745,HOU,Houston Rockets,0022400503,2025-01-07T00:00:00,HOU @ WAS,W,18.333333333333332,7.9,15.7,0.5,5.9,7.9,0.75,0.0,0.0,0.0,2.0,0.0,2.0,3.9,0.0,0.0,0.0,2.0,7.9,2.0,21.6,-13.7,29.8,0,0,33.4,1,1,13086,1,17330,6939,7527,8526,1384,6698,1542,13505,14344,13505,8555,22137,21874,10144,16469,12854,8263,3341,1424,13252,6543,19398,14907,2246,150,11338,1,18:20
2024-25,203939,Dwight Powell,Dwight,1610612742,DAL,Dallas Mavericks,0022400504,2025-01-07T00:00:00,DAL vs. LAL,W,1.4333333333333333,0.0,0.0,0.0,0.0,0.0,0.0,0.0,0.0,0.0,0.0,25.1,25.1,0.0,0.0,0.0,0.0,0.0,0.0,0.0,0.0,100.5,30.1,0,0,25.1,1,1,13086,1,25842,22635,24836,22635,15070,20945,15070,13505,14344,13505,14058,77,189,19908,16469,12854,8263,8846,20257,17725,23200,66,14709,2246,150,17584,1,1:26
2024-25,1629111,Jock Landale,Jock,1610612745,HOU,Houston Rockets,0022400503,2025-01-07T00:00:00,HOU @ WAS,W,3.05,0.0,0.0,0.0,0.0,0.0,0.0,0.0,0.0,0.0,11.8,23.6,35.4,11.8,0.0,0.0,0.0,0.0,0.0,0.0,0.0,35.4,60.2,0,0,47.2,1,1,13086,1,24957,22635,24836,22635,15070,20945,15070,13505,14344,13505,252,96,47,760,16469,12854,8263,8846,20257,17725,23200,1350,1173,2246,150,3394,1,3:03
2024-25,1631108,Max Christie,Max,1610612747,LAL,Los Angeles Lakers,0022400504,2025-01-07T00:00:00,LAL @ DAL,L,30.383333333333333,5.9,10.7,0.556,1.2,4.7,0.25,1.2,1.2,1.0,1.2,0.0,1.2,3.6,2.4,1.2,1.2,0.0,2.4,1.2,14.2,-26.1,25.7,0,0,24.9,1,13222,1,13222,7425,11734,15954,7248,13448,13870,11902,12644,13914,1,11896,22137,22958,11234,8774,10306,6272,8846,13349,16482,13705,23045,17813,2246,150,17771,1,30:23
2024-25,203110,Draymond Green,Draymond,1610612744,GSW,Golden State Warriors,0022400508,2025-01-07T00:00:00,GSW vs. MIA,L,26.883333333333333,4.0,12.1,0.333,0.0,4.0,0.0,1.3,1.3,1.0,1.3,12.1,13.4,13.4,1.3,0.0,0.0,0.0,2.7,4.0,9.4,-12.1,44.2,1,0,36.2,1,13222,1,13222,10435,17051,13509,17395,15070,15541,15070,12202,13679,1,11018,1329,2554,463,13626,12854,8263,8846,12129,6261,18752,18759,5579,1,150,9256,1,26:53
2024-25,1628970,Miles Bridges,Miles,1610612766,CHA,Charlotte Hornets,0022400502,2025-01-07T00:00:00,CHA vs. PHX,W,36.766666666666666,7.8,16.6,0.471,2.0,4.9,0.4,2.9,2.9,1.0,1.0,5.9,6.9,2.9,1.0,2.0,0.0,1.0,3.9,2.0,20.6,4.9,38.1,0,0,36.2,1,1,13086,1,2141,7001,6248,12143,10359,13448,7874,7989,10122,1,13430,8608,10423,13139,15981,6461,8263,8104,7390,13280,7437,10163,8969,2246,150,9203,1,36:46
2024-25,1628389,Bam Adebayo,Bam,1610612748,MIA,Miami Heat,0022400508,2025-01-07T00:00:00,MIA @ GSW,W,29.793333333333333,10.9,16.9,0.643,1.2,1.2,1.0,0.0,1.2,0.0,3.6,7.2,10.9,6.0,1.2,2.4,1.2,1.2,1.2,4.8,23.0,21.7,54.7,0,0,48.3,1,1,13086,1,7974,2363,5896,4607,13316,20611,1,13505,13872,13505,4165,5906,4527,5412,14381,4643,6118,6200,18490,4427,5517,3518,2043,2246,150,3034,1,29:48
2024-25,1631109,Mark Williams,Mark,1610612766,CHA,Charlotte Hornets,0022400502,2025-01-07T00:00:00,CHA vs. PHX,W,21.55,3.3,11.7,0.286,0.0,0.0,0.0,8.4,8.4,1.0,6.7,10.0,16.7,5.0,5.0,0.0,0.0,1.7,1.7,10.0,15.0,-20.0,37.6,0,0,36.8,1,1,13086,1,14889,18660,14133,19630,15070,20945,15070,1252,2292,1,1291,2564,1204,7445,2325,12854,8263,4219,16621,413,12869,21564,9294,2246,150,8878,1,21:33
2024-25,1630170,Devin Vassell,Devin,1610612759,SAS,San Antonio Spurs,0022400498,2025-01-06T00:00:00,SAS @ CHI,L,33.63333333333333,5.4,15.0,0.357,1.1,7.5,0.143,0.0,0.0,0.0,0.0,4.3,4.3,5.4,4.3,2.1,3.2,0.0,0.0,1.1,11.8,-5.4,36.7,0,0,33.2,1,13222,1,13222,4603,13398,8641,17140,14124,7425,14649,13505,14344,13505,14058,12859,16584,6721,3357,5631,1465,8846,20257,17059,16370,15768,9883,2246,150,11513,1,33:38
2024-25,1629628,RJ Barrett,RJ,1610612761,TOR,Toronto Raptors,0022400497,2025-01-06T00:00:00,TOR vs. MIL,L,32.35,12.2,20.0,0.611,2.2,5.6,0.4,1.1,4.5,0.25,3.3,6.7,10.0,5.6,1.1,1.1,0.0,2.2,0.0,3.3,27.8,-21.1,50.4,0,0,47.9,1,13222,1,13222,5691,1382,2951,5351,9135,11810,7874,12880,6933,13358,4669,6941,5419,6316,15042,10915,8263,2590,20257,8127,2851,21869,3149,2246,150,3200,1,32:21
2024-25,1629651,Nic Claxton,Nic,1610612751,BKN,Brooklyn Nets,0022400495,2025-01-06T00:00:00,BKN vs. IND,L,25.583333333333332,2.8,14.1,0.2,0.0,1.4,0.0,0.0,0.0,0.0,2.8,7.0,9.9,4.2,1.4,2.8,1.4,2.8,2.8,2.8,5.6,-32.4,35.0,0,0,28.1,1,13222,1,13222,11499,19842,10052,21401,15070,20375,15070,13505,14344,13505,5828,6296,5602,9336,13240,3650,5206,1584,11579,9916,21644,24078,11031,2246,150,15331,1,25:35
2024-25,1631157,Ryan Rollins,Ryan,1610612749,MIL,Milwaukee Bucks,0022400497,2025-01-06T00:00:00,MIL @ TOR,W,18.336666666666666,7.9,15.7,0.5,0.0,3.9,0.0,3.9,3.9,1.0,0.0,7.9,7.9,5.9,2.0,0.0,0.0,0.0,2.0,5.9,19.6,17.7,35.9,0,0,33.4,1,1,13086,1,17328,6952,7539,8526,15070,15725,15070,5832,7999,1,14058,4943,8543,5685,10706,12854,8263,8846,15343,2760,8233,4682,10412,2246,150,11343,1,18:20
2024-25,1631107,Nikola Jović,Nikola,1610612748,MIA,Miami Heat,0022400501,2025-01-06T00:00:00,MIA @ SAC,L,20.526666666666667,5.3,14.0,0.375,0.0,7.0,0.0,10.5,10.5,1.0,1.8,3.5,5.3,0.0,0.0,1.8,1.8,0.0,1.8,5.3,21.0,0.0,37.9,0,0,33.3,1,13222,1,13222,15629,13639,10124,16299,15070,8433,15070,559,1180,1,9401,15218,14134,19908,16469,7422,4160,8846,16359,3686,7051,12240,9098,2246,150,11385,1,20:32
2024-25,1627752,Taurean Prince,Taurean,1610612749,MIL,Milwaukee Bucks,0022400497,2025-01-06T00:00:00,MIL @ TOR,W,31.1,3.5,8.1,0.429,2.3,5.8,0.4,0.0,0.0,0.0,0.0,2.3,2.3,4.6,2.3,3.5,1.2,0.0,1.2,1.2,9.3,34.7,30.6,0,0,27.8,1,1,13086,1,6796,18380,20083,13735,8798,11231,7874,13505,14344,13505,14058,18719,21167,8350,9009,2274,6437,8846,18770,16612,18852,1423,14378,2246,150,15592,1,31:06
2024-25,1642276,Kel'el Ware,Kel'el,1610612748,MIA,Miami Heat,0022400501,2025-01-06T00:00:00,MIA @ SAC,L,13.05,5.5,8.3,0.667,0.0,2.8,0.0,5.5,11.0,0.5,0.0,8.3,8.3,2.8,0.0,0.0,2.8,0.0,8.3,5.5,16.6,-5.5,38.9,0,0,33.1,1,13222,1,13222,20717,12945,19835,3281,15070,18146,15070,3395,1013,10625,14058,4316,7810,13719,16469,12854,2008,8846,1241,3313,11337,15842,8479,2246,150,11569,1,13:03
2024-25,202695,Kawhi Leonard,Kawhi,1610612746,LAC,LA Clippers,0022400500,2025-01-06T00:00:00,LAC @ MIN,L,20.683333333333334,5.2,19.1,0.273,3.5,8.7,0.4,0.0,0.0,0.0,1.7,1.7,3.5,3.5,1.7,1.7,0.0,0.0,1.7,0.0,13.9,-29.6,26.8,0,0,27.8,1,13222,1,13222,15504,13756,3623,20048,5187,5269,7874,13505,14344,13505,9443,20379,18589,11447,11780,7483,8263,8846,16412,17725,14020,23665,17082,2246,150,15540,1,20:41
2024-25,203497,Rudy Gobert,Rudy,1610612750,MIN,Minnesota Timberwolves,0022400500,2025-01-06T00:00:00,MIN vs. LAC,W,37.85333333333333,2.9,7.6,0.375,0.0,0.0,0.0,1.9,4.8,0.4,7.6,9.5,17.1,1.9,1.9,0.0,1.0,1.9,2.9,2.9,7.6,7.6,32.0,0,0,28.5,1,1,13086,1,1478,19765,20779,16299,15070,20945,15070,10938,6383,13061,906,2997,1100,16746,11028,12854,7823,3539,11400,9759,20236,8825,13359,2246,150,15045,1,37:51
2024-25,202699,Tobias Harris,Tobias,1610612765,DET,Detroit Pistons,0022400493,2025-01-06T00:00:00,DET vs. POR,W,37.11666666666667,4.8,7.8,0.625,1.9,2.9,0.667,4.8,4.8,1.0,1.0,3.9,4.8,2.9,1.0,1.0,0.0,0.0,0.0,2.9,16.5,8.7,28.6,0,0,28.1,1,1,13086,1,1911,14812,20581,4899,10456,17846,1957,4267,6200,1,13495,14095,15183,13245,16026,12212,8263,8846,20257,9561,11400,8310,15791,2246,150,15341,1,37:07
2024-25,1630581,Josh Giddey,Josh,1610612741,CHI,Chicago Bulls,0022400498,2025-01-06T00:00:00,CHI vs. SAS,W,31.273333333333333,3.5,13.8,0.25,0.0,2.3,0.0,0.0,0.0,0.0,2.3,5.8,8.1,3.5,2.3,2.3,1.2,2.3,0.0,4.6,6.9,-2.3,29.8,0,0,25.3,1,1,13086,1,6647,18416,10467,20233,15070,18979,15070,13505,14344,13505,7236,8902,8159,11539,9060,5032,6477,2426,20257,4935,20787,14207,14932,2246,150,17413,1,31:16
2024-25,1630167,Obi Toppin,Obi,1610612754,IND,Indiana Pacers,0022400495,2025-01-06T00:00:00,IND @ BKN,W,21.561666666666667,6.7,10.0,0.667,1.7,3.3,0.5,3.3,3.3,1.0,1.7,6.7,8.3,0.0,1.7,0.0,0.0,0.0,1.7,1.7,18.4,3.3,26.7,0,0,28.4,1,1,13086,1,14886,9739,17025,3281,11487,16983,3944,7026,9212,1,9682,6938,7698,19908,12048,12854,8263,8846,16627,14366,9449,10953,17147,2246,150,15159,1,21:34
2024-25,1626162,Kelly Oubre Jr.,Kelly,1610612755,PHI,Philadelphia 76ers,0022400494,2025-01-06T00:00:00,PHI vs. PHX,L,38.28333333333333,8.5,16.9,0.5,0.9,3.8,0.25,6.6,8.5,0.778,2.8,7.5,10.3,0.9,0.9,0.0,0.0,1.9,3.8,5.6,24.4,2.8,37.3,1,0,36.7,1,13222,1,13222,1228,5683,5883,8526,14833,16076,11902,2334,2214,8092,5802,5457,5065,19815,16194,12854,8263,3625,7876,3128,4520,11211,9452,1,150,8936,1,38:17
2024-25,1626179,Terry Rozier,Terry,1610612748,MIA,Miami Heat,0022400501,2025-01-06T00:00:00,MIA @ SAC,L,41.335,5.2,13.1,0.4,1.7,7.0,0.25,3.5,3.5,1.0,1.7,4.4,6.1,2.6,1.7,0.9,0.0,0.9,3.5,3.5,15.7,-1.7,27.8,0,0,27.9,1,13222,1,13222,319,13750,11754,14933,11276,8530,11902,6732,8919,1,9442,12643,12061,14175,11778,12755,8263,8738,8795,7709,12247,13890,16380,2246,150,15532,1,41:20
2024-25,1626181,Norman Powell,Norman,1610612746,LAC,LA Clippers,0022400500,2025-01-06T00:00:00,LAC @ MIN,L,38.3,6.6,16.0,0.412,1.9,4.7,0.4,8.5,9.4,0.9,1.9,3.8,5.6,0.9,2.8,0.9,0.0,0.0,0.9,5.6,23.5,-7.5,31.7,0,0,33.8,1,13222,1,13222,1212,9988,7138,14791,10716,13955,7874,1203,1659,6805,8895,14447,13173,19816,7142,12440,8263,8846,20020,3130,5132,16742,13565,2246,150,10970,1,38:18
2024-25,201935,James Harden,James,1610612746,LAC,LA Clippers,0022400500,2025-01-06T00:00:00,LAC @ MIN,L,37.403333333333336,7.7,21.2,0.364,2.9,10.6,0.273,2.9,4.8,0.6,1.9,5.8,7.7,7.7,3.8,1.9,1.9,1.9,3.8,3.8,21.2,-4.8,49.7,0,0,47.2,1,13222,1,13222,1738,7273,2233,16861,6912,2893,11838,8125,6277,10343,8731,8852,8805,3185,4191,6650,3696,3464,7605,6712,6945,15478,3368,2246,150,3413,1,37:24
2024-25,203078,Bradley Beal,Bradley,1610612756,PHX,Phoenix Suns,0022400494,2025-01-06T00:00:00,PHX @ PHI,W,29.733333333333334,12.1,18.2,0.667,3.6,7.3,0.5,2.4,2.4,1.0,0.0,3.6,3.6,6.1,0.0,1.2,1.2,1.2,1.2,1.2,30.3,17.0,51.0,0,0,48.4,1,1,13086,1,8016,1456,4493,3281,4846,7911,3944,9275,11421,1,14058,14846,18249,5393,16469,10086,6110,6185,18475,16351,1998,4924,2996,2246,150,3006,1,29:44
2024-25,1631323,Simone Fontecchio,Simone,1610612765,DET,Detroit Pistons,0022400493,2025-01-06T00:00:00,DET vs. POR,W,21.466666666666665,5.0,13.4,0.375,3.4,8.4,0.4,3.4,5.0,0.667,5.0,5.0,10.1,0.0,3.4,1.7,0.0,0.0,0.0,3.4,16.8,-5.0,30.5,0,0,33.5,1,1,13086,1,14954,14293,11123,16299,5504,5771,7874,6993,5857,9425,2350,10787,5362,19908,5347,7690,8263,8846,20257,8084,11103,15604,14416,2246,150,11210,1,21:28
2024-25,201587,Nicolas Batum,Nicolas,1610612746,LAC,LA Clippers,0022400500,2025-01-06T00:00:00,LAC @ MIN,L,12.966666666666667,2.8,5.6,0.5,2.8,5.6,0.5,0.0,0.0,0.0,0.0,8.3,8.3,0.0,2.8,2.8,0.0,0.0,8.3,0.0,8.3,-11.1,23.9,0,0,25.0,1,13222,1,13222,20755,19927,23041,8526,7295,11835,3944,13505,14344,13505,14058,4243,7724,19908,7303,3742,8263,8846,1212,17725,19637,18365,19033,2246,150,17697,1,12:58
2024-25,1641726,Dereck Lively II,Dereck,1610612742,DAL,Dallas Mavericks,0022400499,2025-01-06T00:00:00,DAL @ MEM,L,32.85,7.7,12.1,0.636,0.0,0.0,0.0,0.0,0.0,0.0,5.5,7.7,13.2,1.1,0.0,0.0,3.3,0.0,3.3,0.0,15.3,-18.6,42.6,1,0,36.2,1,13222,1,13222,5284,7327,13500,4689,15070,20945,15070,13505,14344,13505,1956,5209,2704,19357,16469,12854,1406,8846,9497,17725,12579,21112,6292,1,150,9251,1,32:51
2024-25,203486,Mason Plumlee,Mason,1610612756,PHX,Phoenix Suns,0022400494,2025-01-06T00:00:00,PHX @ PHI,W,12.633333333333333,2.8,2.8,1.0,0.0,0.0,0.0,0.0,0.0,0.0,2.8,17.1,19.9,5.7,0.0,2.8,5.7,0.0,5.7,5.7,5.7,-5.7,63.8,0,0,48.4,1,1,13086,1,20927,19771,24542,1,15070,20945,15070,13505,14344,13505,5729,326,545,6042,16469,3551,364,8846,3390,3031,21593,15917,805,2246,150,3004,1,12:38
2024-25,1631111,Wendell Moore Jr.,Wendell,1610612765,DET,Detroit Pistons,0022400493,2025-01-06T00:00:00,DET vs. POR,W,2.8666666666666667,0.0,12.6,0.0,0.0,0.0,0.0,0.0,0.0,0.0,0.0,25.1,25.1,0.0,12.6,0.0,0.0,0.0,12.6,0.0,0.0,125.6,17.6,0,0,25.1,1,1,13086,1,25044,22635,12645,22635,15070,20945,15070,13505,14344,13505,14058,77,189,19908,189,12854,8263,8846,373,17725,23200,32,22269,2246,150,17584,1,2:52
2024-25,1629028,Deandre Ayton,Deandre,1610612757,POR,Portland Trail Blazers,0022400493,2025-01-06T00:00:00,POR @ DET,L,34.61666666666667,9.4,16.6,0.563,0.0,1.0,0.0,0.0,0.0,0.0,1.0,10.4,11.4,4.2,1.0,0.0,1.0,0.0,1.0,0.0,18.7,-10.4,40.8,1,0,36.4,1,13222,1,13222,3771,4105,6257,7127,15070,20818,15070,13505,14344,13505,12941,2288,4020,9499,15562,12854,7192,8846,19467,17725,9110,18068,7299,1,150,9101,1,34:37
2024-25,1629639,Tyler Herro,Tyler,1610612748,MIA,Miami Heat,0022400501,2025-01-06T00:00:00,MIA @ SAC,L,48.86666666666667,8.1,18.4,0.44,2.9,7.4,0.4,0.0,0.0,0.0,0.7,4.4,5.2,2.9,2.2,1.5,0.0,1.5,1.5,2.2,19.2,-4.4,32.0,0,0,33.2,1,13222,1,13222,8,6406,4275,13537,6689,7687,7874,13505,14344,13505,14054,12479,14382,13099,9472,8517,8263,4869,17330,12119,8690,15282,13346,2246,150,11527,1,48:52
2024-25,1629655,Daniel Gafford,Daniel,1610612742,DAL,Dallas Mavericks,0022400499,2025-01-06T00:00:00,DAL @ MEM,L,7.833333333333333,9.2,13.8,0.667,0.0,0.0,0.0,4.6,13.8,0.333,0.0,4.6,4.6,0.0,0.0,0.0,4.6,0.0,9.2,9.2,23.0,27.6,42.3,0,0,36.8,1,13222,1,13222,22872,4369,10513,3281,15070,20945,15070,4688,482,13132,14058,11992,15818,19908,16469,12854,652,8846,901,596,5491,2332,6483,2246,150,8863,1,7:50
2024-25,1630188,Jalen Smith,Jalen,1610612741,CHI,Chicago Bulls,0022400498,2025-01-06T00:00:00,CHI vs. SAS,W,14.316666666666666,7.5,27.7,0.273,2.5,15.1,0.167,5.0,5.0,1.0,12.6,7.5,20.1,2.5,0.0,0.0,0.0,7.5,0.0,5.0,22.6,2.5,50.5,0,0,47.8,1,1,13086,1,20006,7656,428,20048,8094,670,14236,3990,5865,1,216,5417,509,14488,16469,12854,8263,125,20257,4061,5750,11359,3117,2246,150,3232,1,14:19
2024-25,1628418,Thomas Bryant,Thomas,1610612754,IND,Indiana Pacers,0022400495,2025-01-06T00:00:00,IND @ BKN,W,17.216666666666665,6.3,8.4,0.75,2.1,4.2,0.5,2.1,2.1,1.0,2.1,4.2,6.3,4.2,0.0,0.0,2.1,0.0,4.2,2.1,16.7,2.1,36.8,0,0,33.5,1,1,13086,1,18123,10785,19695,2107,9727,15157,3944,10323,12452,1,7987,13157,11667,9432,16469,12854,3230,8846,6600,12652,11139,11580,9839,2246,150,11277,1,17:13
2024-25,1631213,Tyrese Martin,Tyrese,1610612751,BKN,Brooklyn Nets,0022400495,2025-01-06T00:00:00,BKN vs. IND,L,30.383333333333333,7.1,14.2,0.5,1.2,3.6,0.333,2.4,4.7,0.5,3.6,2.4,5.9,1.2,3.6,1.2,0.0,2.4,0.0,4.7,17.8,-13.0,26.7,0,0,28.4,1,13222,1,13222,7425,8680,9802,8526,13448,16541,9209,9406,6414,10625,4295,18574,12468,19067,4900,10306,8263,2286,20257,4639,10061,19142,17179,2246,150,15122,1,30:23
2024-25,1629656,Quentin Grimes,Quentin,1610612742,DAL,Dallas Mavericks,0022400499,2025-01-06T00:00:00,DAL @ MEM,L,26.026666666666667,5.5,18.0,0.308,1.4,8.3,0.167,0.0,0.0,0.0,0.0,8.3,8.3,8.3,2.8,1.4,0.0,1.4,1.4,4.1,12.4,-13.8,36.2,0,0,33.2,1,13222,1,13222,11145,12902,4716,19226,12510,5915,14236,13505,14344,13505,14058,4286,7773,2616,7330,8995,8263,5249,17688,5949,15655,19443,10212,2246,150,11504,1,26:02
2024-25,1628960,Grayson Allen,Grayson,1610612756,PHX,Phoenix Suns,0022400494,2025-01-06T00:00:00,PHX @ PHI,W,14.45,5.0,7.5,0.667,2.5,2.5,1.0,2.5,5.0,0.5,0.0,2.5,2.5,0.0,2.5,2.5,0.0,0.0,2.5,2.5,14.9,7.5,22.9,0,0,24.9,1,1,13086,1,19913,14439,20967,3281,8168,18640,1,9074,5953,10625,14058,18205,20825,19908,8279,4405,8263,8846,12836,11019,12955,8891,19611,2246,150,17745,1,14:27
2024-25,1641724,Jett Howard,Jett,1610612753,ORL,Orlando Magic,0022400496,2025-01-06T00:00:00,ORL @ NYK,W,15.723333333333333,9.2,16.0,0.571,2.3,6.9,0.333,0.0,0.0,0.0,0.0,2.3,2.3,0.0,2.3,0.0,0.0,0.0,6.9,0.0,20.6,25.2,21.1,0,0,25.2,1,1,13086,1,19116,4427,7080,6538,8893,8733,9209,13505,14344,13505,14058,18796,21226,19908,9129,12854,8263,8846,2087,17725,7392,2776,20648,2246,150,17527,1,15:43
2024-25,202696,Nikola Vučević,Nikola,1610612741,CHI,Chicago Bulls,0022400498,2025-01-06T00:00:00,CHI vs. SAS,W,33.68333333333333,10.7,23.5,0.455,2.1,9.6,0.222,2.1,2.1,1.0,4.3,7.5,11.8,3.2,0.0,1.1,0.0,2.1,2.1,1.1,25.7,3.2,47.8,1,0,44.9,1,1,13086,1,4564,2526,1220,12676,9518,3956,13288,10174,12294,1,3203,5532,3709,12279,16469,11292,8263,2808,14420,17067,3852,11016,4055,1,150,4319,1,33:41
2024-25,1630183,Jaden McDaniels,Jaden,1610612750,MIN,Minnesota Timberwolves,0022400500,2025-01-06T00:00:00,MIN vs. LAC,W,33.20333333333333,4.3,5.4,0.8,3.3,3.3,1.0,0.0,0.0,0.0,0.0,2.2,2.2,2.2,0.0,2.2,1.1,0.0,0.0,2.2,11.9,8.7,27.5,0,0,26.0,1,1,13086,1,4986,16234,23152,1688,5807,17174,1,13505,14344,13505,14058,19164,21479,15738,16469,5518,6897,8846,20257,12302,16217,8330,16551,2246,150,16922,1,33:12
2024-25,1629599,Amir Coffey,Amir,1610612746,LAC,LA Clippers,0022400500,2025-01-06T00:00:00,LAC @ MIN,L,20.366666666666667,5.3,15.9,0.333,1.8,3.5,0.5,3.5,3.5,1.0,7.1,0.0,7.1,1.8,0.0,0.0,0.0,3.5,5.3,1.8,15.9,15.9,27.0,0,0,26.5,1,13222,1,13222,15741,13523,7246,17395,11198,16577,3944,6629,8818,1,1114,22137,10010,17176,16469,12854,8263,889,4014,14043,12015,5285,16904,2246,150,16531,1,20:22
2024-25,1630169,Tyrese Haliburton,Tyrese,1610612754,IND,Indiana Pacers,0022400495,2025-01-06T00:00:00,IND @ BKN,W,31.916666666666668,5.6,13.5,0.417,4.5,7.9,0.571,10.2,10.2,1.0,0.0,2.3,2.3,9.0,3.4,1.1,1.1,0.0,2.3,5.6,25.9,11.3,45.6,0,0,46.2,1,1,13086,1,6045,12582,10952,14532,3048,6632,3506,660,1309,1,14058,18904,21302,2001,5273,10790,6624,8846,13844,3133,3712,7105,4910,2246,150,3732,1,31:55
2024-25,1630702,Jaden Hardy,Jaden,1610612742,DAL,Dallas Mavericks,0022400499,2025-01-06T00:00:00,DAL @ MEM,L,21.173333333333332,8.5,17.0,0.5,5.1,8.5,0.6,3.4,3.4,1.0,0.0,5.1,5.1,3.4,6.8,1.7,1.7,3.4,3.4,3.4,25.5,3.4,40.1,0,0,45.9,1,13222,1,13222,15168,5613,5813,8526,2151,5584,2992,6896,9089,1,14058,10569,14514,11687,979,7608,4294,993,9080,7952,3938,10931,7679,2246,150,3855,1,21:10
2024-25,1630567,Scottie Barnes,Scottie,1610612761,TOR,Toronto Raptors,0022400497,2025-01-06T00:00:00,TOR vs. MIL,L,32.1,11.2,20.2,0.556,0.0,4.5,0.0,1.1,2.2,0.5,1.1,1.1,2.2,5.6,5.6,2.2,1.1,0.0,2.2,2.2,23.6,-26.9,39.1,0,0,38.1,1,13222,1,13222,5890,2080,2833,7248,15070,14480,15070,12849,11956,10625,12320,21706,21331,6235,1721,5236,6655,8846,13910,11970,5091,23225,8308,2246,150,7938,1,32:06
2024-25,1629018,Gary Trent Jr.,Gary,1610612749,MIL,Milwaukee Bucks,0022400497,2025-01-06T00:00:00,MIL @ TOR,W,23.933333333333334,9.0,13.5,0.667,4.5,7.5,0.6,3.0,3.0,1.0,0.0,4.5,4.5,1.5,1.5,4.5,0.0,0.0,4.5,1.5,25.6,21.1,45.3,0,0,45.1,1,1,13086,1,12962,4660,10945,3281,3047,7355,2992,7778,9953,1,14058,12234,16026,17959,12725,1218,8263,8846,5751,14987,3893,3683,5053,2246,150,4200,1,23:56
2024-25,1628978,Donte DiVincenzo,Donte,1610612750,MIN,Minnesota Timberwolves,0022400500,2025-01-06T00:00:00,MIN vs. LAC,W,31.183333333333334,5.8,13.9,0.417,3.5,9.2,0.375,2.3,2.3,1.0,1.2,9.2,10.4,1.2,2.3,0.0,0.0,2.3,3.5,1.2,17.3,1.2,29.2,0,0,32.3,1,1,13086,1,6717,12193,10421,14532,5231,4476,8800,9587,11753,1,12070,3266,5015,19168,9031,12854,8263,2402,8858,16623,10512,12046,15353,2246,150,12127,1,31:11
2024-25,1628420,Monté Morris,Monté,1610612756,PHX,Phoenix Suns,0022400494,2025-01-06T00:00:00,PHX @ PHI,W,22.363333333333333,3.2,6.4,0.5,1.6,1.6,1.0,3.2,3.2,1.0,0.0,0.0,0.0,3.2,0.0,0.0,0.0,0.0,3.2,1.6,11.3,17.7,16.1,0,0,16.1,1,1,13086,1,14226,18949,22165,8526,11646,20153,1,7280,9479,1,14058,22137,23286,12227,16469,12854,8263,8846,9784,14595,16929,4657,22813,2246,150,22668,1,22:22
2024-25,202331,Paul George,Paul,1610612755,PHI,Philadelphia 76ers,0022400494,2025-01-06T00:00:00,PHI vs. PHX,L,37.8,4.8,17.1,0.278,2.9,8.6,0.333,0.0,0.0,0.0,0.0,8.6,8.6,4.8,1.9,1.9,0.0,1.0,1.9,1.0,12.4,-7.6,33.6,0,0,32.4,1,13222,1,13222,1509,15079,5639,20025,7027,5456,9209,13505,14344,13505,14058,3969,7358,8016,11012,6737,8263,8319,15647,17539,15740,16796,12098,2246,150,12080,1,37:48
2024-25,1628404,Josh Hart,Josh,1610612752,NYK,New York Knicks,0022400496,2025-01-06T00:00:00,NYK vs. ORL,L,41.71666666666667,4.3,7.8,0.556,0.9,2.6,0.333,3.5,3.5,1.0,2.6,9.5,12.1,1.7,0.9,1.7,0.9,0.9,1.7,1.7,12.9,-6.9,36.9,1,0,32.8,1,13222,1,13222,281,16277,20570,7248,15020,18467,9209,6789,8981,1,6375,3023,3429,17291,16408,7526,8168,8749,16443,14192,15150,16475,9743,1,150,11814,1,41:43
2024-25,1642367,Jonathan Mogbo,Jonathan,1610612761,TOR,Toronto Raptors,0022400497,2025-01-06T00:00:00,TOR vs. MIL,L,6.6,5.5,5.5,1.0,5.5,5.5,1.0,10.9,10.9,1.0,5.5,0.0,5.5,0.0,0.0,0.0,0.0,0.0,10.9,5.5,27.3,27.3,33.8,0,0,38.2,1,13222,1,13222,23329,13120,23119,1,1779,12072,1,499,1052,1,1973,22137,13659,19908,16469,12854,8263,8846,551,3406,3076,2381,11956,2246,150,7912,1,6:36
2024-25,1630643,Jay Huff,Jay,1610612763,MEM,Memphis Grizzlies,0022400499,2025-01-06T00:00:00,MEM vs. DAL,W,27.633333333333333,5.2,9.1,0.571,3.9,7.8,0.5,0.0,0.0,0.0,0.0,1.3,1.3,1.3,2.6,2.6,0.0,0.0,1.3,0.0,14.3,23.4,23.1,0,0,26.1,1,1,13086,1,9840,13788,18524,6538,4183,6773,3944,13505,14344,13505,14058,21279,22815,18650,7856,4128,8263,8846,18017,17725,13574,3166,19523,2246,150,16892,1,27:38
2024-25,1641783,Tristan da Silva,Tristan,1610612753,ORL,Orlando Magic,0022400496,2025-01-06T00:00:00,ORL @ NYK,W,36.15,4.0,12.0,0.333,0.0,7.0,0.0,0.0,0.0,0.0,1.0,5.0,6.0,2.0,0.0,0.0,0.0,2.0,0.0,0.0,8.0,8.0,18.1,0,0,15.9,1,1,13086,1,2569,17133,13684,17395,15070,8517,15070,13505,14344,13505,13292,10938,12351,16410,16469,12854,8263,3249,20257,17725,19946,8646,22046,2246,150,22730,1,36:09
2024-25,1627736,Malik Beasley,Malik,1610612765,DET,Detroit Pistons,0022400493,2025-01-06T00:00:00,DET vs. POR,W,28.893333333333334,1.2,12.5,0.1,1.2,11.2,0.111,2.5,5.0,0.5,1.2,2.5,3.7,1.2,1.2,2.5,0.0,0.0,2.5,3.7,6.2,-18.7,18.8,0,0,17.4,1,1,13086,1,8772,22456,12801,22561,13121,2317,15003,9073,5952,10625,11503,18204,17967,18857,14121,4404,8263,8846,12835,7023,21230,21134,21753,2246,150,22104,1,28:54
2024-25,1641739,Toumani Camara,Toumani,1610612757,POR,Portland Trail Blazers,0022400493,2025-01-06T00:00:00,POR @ DET,L,36.483333333333334,4.9,7.9,0.625,2.0,4.9,0.4,0.0,1.0,0.0,1.0,2.0,3.0,1.0,3.9,3.0,1.0,0.0,3.0,2.0,11.8,-11.8,24.8,0,0,25.7,1,13222,1,13222,2347,14593,20422,4899,10272,13359,7874,13505,14235,13505,13359,19746,19832,19712,3976,3250,7558,8846,10898,13194,16303,18682,18439,2246,150,17166,1,36:29
2024-25,1630592,Jalen Wilson,Jalen,1610612751,BKN,Brooklyn Nets,0022400495,2025-01-06T00:00:00,BKN vs. IND,L,30.95,4.7,12.8,0.364,0.0,4.7,0.0,0.0,0.0,0.0,4.7,0.0,4.7,3.5,1.2,0.0,0.0,0.0,1.2,0.0,9.3,-1.2,19.0,0,0,17.4,1,13222,1,13222,6918,15359,12222,16861,15070,14074,15070,13505,14344,13505,2744,22137,15697,11415,14707,12854,8263,8846,18742,17725,18809,13651,21660,2246,150,22100,1,30:57
2024-25,1629023,P.J. Washington,P.J.,1610612742,DAL,Dallas Mavericks,0022400499,2025-01-06T00:00:00,DAL @ MEM,L,31.783333333333335,7.9,24.9,0.318,2.3,9.1,0.25,1.1,1.1,1.0,2.3,9.1,11.3,5.7,2.3,3.4,0.0,1.1,5.7,2.3,19.3,-20.4,49.3,1,0,45.3,1,13222,1,13222,6172,6793,843,19142,8989,4722,11902,12805,13989,1,7364,3450,4107,6116,9232,2384,8263,6766,3447,11877,8589,21667,3516,1,150,4102,1,31:47
2024-25,1631097,Bennedict Mathurin,Bennedict,1610612754,IND,Indiana Pacers,0022400495,2025-01-06T00:00:00,IND @ BKN,W,31.366666666666667,9.2,16.1,0.571,3.4,6.9,0.5,1.1,2.3,0.5,0.0,3.4,3.4,2.3,3.4,0.0,0.0,0.0,3.4,2.3,23.0,18.4,27.1,0,0,32.1,1,1,13086,1,6536,4394,7023,6538,5277,8697,3944,12763,11800,10625,14058,15396,18676,15250,5145,12854,8263,8846,8924,11765,5522,4445,16881,2246,150,12274,1,31:22
2024-25,1641787,Tosan Evbuomwan,Tosan,1610612751,BKN,Brooklyn Nets,0022400495,2025-01-06T00:00:00,BKN vs. IND,L,23.983333333333334,6.0,10.5,0.571,0.0,1.5,0.0,0.0,3.0,0.0,0.0,9.0,9.0,1.5,3.0,0.0,1.5,0.0,3.0,3.0,12.0,3.0,26.6,0,0,25.5,1,13222,1,13222,12912,11494,16208,6538,15070,20268,15070,13505,9970,13505,14058,3514,6722,17968,6464,12854,4850,8846,10706,9233,16126,11115,17239,2246,150,17267,1,23:59
2024-25,101108,Chris Paul,Chris,1610612759,SAS,San Antonio Spurs,0022400498,2025-01-06T00:00:00,SAS @ CHI,L,32.7,7.7,14.3,0.538,2.2,6.6,0.333,2.2,2.2,1.0,1.1,5.5,6.6,9.9,1.1,0.0,0.0,0.0,3.3,1.1,19.8,-7.7,41.5,0,0,38.5,1,13222,1,13222,5400,7260,9665,7978,9231,9302,9209,9940,12081,1,12461,9522,10935,1487,15126,12854,8263,8846,9444,16900,8053,16830,6884,2246,150,7684,1,32:42
2024-25,203994,Jusuf Nurkić,Jusuf,1610612756,PHX,Phoenix Suns,0022400494,2025-01-06T00:00:00,PHX @ PHI,W,14.363333333333333,2.5,5.0,0.5,0.0,0.0,0.0,7.5,10.0,0.75,2.5,15.0,17.5,2.5,5.0,0.0,0.0,0.0,7.5,10.0,12.5,15.0,32.3,0,0,32.6,1,1,13086,1,19973,20458,23455,8526,15070,20945,15070,1654,1359,8186,6599,563,1006,14526,2324,12854,8263,8846,1636,411,15563,5617,13062,2246,150,11953,1,14:22
2024-25,1631222,Jake LaRavia,Jake,1610612763,MEM,Memphis Grizzlies,0022400499,2025-01-06T00:00:00,MEM vs. DAL,W,27.476666666666667,1.3,5.2,0.25,0.0,2.6,0.0,6.6,7.9,0.833,0.0,2.6,2.6,5.2,2.6,0.0,0.0,1.3,1.3,3.9,9.2,17.0,17.6,0,0,17.0,1,1,13086,1,9967,22393,23299,20233,15070,18412,15070,2359,2619,7275,14058,17896,20603,6962,7800,12854,8263,5603,17995,6488,18921,4894,22279,2246,150,22292,1,27:29
2024-25,1641710,Anthony Black,Anthony,1610612753,ORL,Orlando Magic,0022400496,2025-01-06T00:00:00,ORL @ NYK,W,26.15,1.4,6.9,0.2,0.0,0.0,0.0,9.6,11.0,0.875,0.0,1.4,1.4,6.9,1.4,2.8,0.0,0.0,4.1,8.3,12.4,11.0,31.3,0,0,26.2,1,1,13086,1,11042,22316,21693,21401,15070,20945,15070,797,1021,6931,14058,21136,22727,4160,13421,3799,8263,8846,6737,906,15729,7233,13865,2246,150,16829,1,26:09
2024-25,203507,Giannis Antetokounmpo,Giannis,1610612749,MIL,Milwaukee Bucks,0022400497,2025-01-06T00:00:00,MIL @ TOR,W,28.783333333333335,6.3,10.0,0.625,0.0,1.3,0.0,1.3,2.5,0.5,1.3,13.8,15.0,16.3,8.8,0.0,0.0,1.3,1.3,3.8,13.8,33.8,47.4,1,1,45.0,1,1,13086,1,8852,10839,17044,4899,15070,20560,15070,12449,11205,10625,11479,812,1762,195,462,12854,8263,5929,18271,6984,14219,1531,4177,1,1,4253,1,28:47
2024-25,1629723,John Konchar,John,1610612763,MEM,Memphis Grizzlies,0022400499,2025-01-06T00:00:00,MEM vs. DAL,W,22.5,3.2,9.6,0.333,0.0,4.8,0.0,1.6,1.6,1.0,4.8,16.0,20.8,3.2,0.0,0.0,0.0,0.0,1.6,3.2,8.0,0.0,37.8,0,0,32.0,1,1,13086,1,14100,18998,17768,17395,15070,13705,15070,11598,13391,1,2562,432,440,12310,16469,12854,8263,8846,16875,8563,19921,12240,9186,2246,150,12387,1,22:30
2024-25,1628971,Bruce Brown,Bruce,1610612761,TOR,Toronto Raptors,0022400497,2025-01-06T00:00:00,TOR vs. MIL,L,16.966666666666665,2.1,6.4,0.333,0.0,2.1,0.0,2.1,2.1,1.0,2.1,4.2,6.4,0.0,2.1,2.1,0.0,2.1,4.2,2.1,6.4,-17.0,18.2,0,0,17.0,1,13222,1,13222,18274,21205,22251,17395,15070,19330,15070,10225,12347,1,7878,12988,11474,19908,9893,5691,8263,2861,6439,12518,21145,20610,21990,2246,150,22318,1,16:58
2024-25,1629611,Terance Mann,Terance,1610612746,LAC,LA Clippers,0022400500,2025-01-06T00:00:00,LAC @ MIN,L,9.833333333333334,3.7,7.3,0.5,3.7,7.3,0.5,0.0,0.0,0.0,0.0,0.0,0.0,3.7,0.0,3.7,0.0,0.0,0.0,0.0,11.0,22.0,27.5,0,0,25.6,1,13222,1,13222,22156,17938,21175,8526,4777,7780,3944,13505,14344,13505,14058,22137,23286,10901,16469,2017,8263,8846,20257,17725,17190,3463,16627,2246,150,17192,1,9:50
2024-25,1630534,Ochai Agbaji,Ochai,1610612761,TOR,Toronto Raptors,0022400497,2025-01-06T00:00:00,TOR vs. MIL,L,24.05,1.5,7.5,0.2,0.0,6.0,0.0,0.0,0.0,0.0,1.5,4.5,6.0,1.5,0.0,1.5,1.5,0.0,1.5,0.0,3.0,-13.5,21.4,0,0,16.5,1,13222,1,13222,12844,22169,20950,21401,15070,10729,15070,13505,14344,13505,10335,12282,12316,17990,16469,8422,4865,8846,17229,17725,22958,19293,20469,2246,150,22524,1,24:03
2024-25,1631101,Shaedon Sharpe,Shaedon,1610612757,POR,Portland Trail Blazers,0022400493,2025-01-06T00:00:00,POR @ DET,L,43.15,6.7,14.2,0.471,2.5,5.8,0.429,0.8,0.8,1.0,0.8,5.8,6.7,6.7,0.8,1.7,0.8,0.0,2.5,1.7,16.7,0.8,41.4,0,0,37.5,1,13222,1,13222,140,9752,9865,12143,8138,11106,7394,13489,14337,1,14018,8695,10787,4464,16438,7730,8217,8846,12788,14373,11186,12232,6939,2246,150,8333,1,43:09
2024-25,1631204,Marcus Sasser,Marcus,1610612765,DET,Detroit Pistons,0022400493,2025-01-06T00:00:00,DET vs. POR,W,15.333333333333334,2.3,14.1,0.167,0.0,7.0,0.0,4.7,4.7,1.0,0.0,7.0,7.0,11.7,0.0,2.3,2.3,0.0,2.3,4.7,9.4,2.3,49.5,0,0,37.6,1,1,13086,1,19352,20762,10030,21938,15070,8372,15070,4520,6485,1,14058,6290,10072,779,16469,4876,2648,8846,13448,4726,18736,11440,3403,2246,150,8316,1,15:20
2024-25,203939,Dwight Powell,Dwight,1610612742,DAL,Dallas Mavericks,0022400499,2025-01-06T00:00:00,DAL @ MEM,L,6.4,5.6,11.3,0.5,0.0,0.0,0.0,0.0,0.0,0.0,22.5,5.6,28.1,5.6,5.6,0.0,0.0,5.6,0.0,0.0,11.3,-11.3,47.8,0,0,45.0,1,13222,1,13222,23409,12631,14928,8526,15070,20945,15070,13505,14344,13505,38,9240,111,6197,1701,12854,8263,258,20257,17725,16948,18419,4042,2246,150,4259,1,6:24
2024-25,1642264,Stephon Castle,Stephon,1610612759,SAS,San Antonio Spurs,0022400498,2025-01-06T00:00:00,SAS @ CHI,L,18.85,7.6,17.2,0.444,1.9,3.8,0.5,1.9,3.8,0.5,1.9,0.0,1.9,11.5,3.8,1.9,0.0,3.8,5.7,1.9,19.1,5.7,40.5,0,0,38.2,1,13222,1,13222,16938,7414,5586,13045,10587,15957,3944,10912,8202,10625,8772,22137,21981,852,4269,6716,8263,722,3339,13475,8760,9735,7472,2246,150,7901,1,18:51
2024-25,1631260,AJ Green,AJ,1610612749,MIL,Milwaukee Bucks,0022400497,2025-01-06T00:00:00,MIL @ TOR,W,13.066666666666666,5.5,8.3,0.667,2.8,5.5,0.5,0.0,0.0,0.0,0.0,0.0,0.0,2.8,0.0,0.0,0.0,0.0,13.8,0.0,13.8,11.0,17.9,0,0,19.3,1,1,13086,1,20710,12959,19847,3281,7364,11923,3944,13505,14344,13505,14058,22137,23286,13733,16469,12854,8263,8846,294,17725,14197,7226,22135,2246,150,21250,1,13:04
2024-25,1630200,Tre Jones,Tre,1610612759,SAS,San Antonio Spurs,0022400498,2025-01-06T00:00:00,SAS @ CHI,L,12.483333333333333,2.9,2.9,1.0,0.0,0.0,0.0,0.0,0.0,0.0,5.8,5.8,11.5,5.8,2.9,5.8,0.0,0.0,2.9,0.0,5.8,5.8,42.7,0,0,34.6,1,13222,1,13222,21003,19698,24524,1,15070,20945,15070,13505,14344,13505,1764,8863,3915,5916,6903,544,8263,8846,11249,17725,21552,9720,6275,2246,150,10362,1,12:29
2024-25,1630243,Trevelin Queen,Trevelin,1610612753,ORL,Orlando Magic,0022400496,2025-01-06T00:00:00,ORL @ NYK,W,5.465,0.0,13.2,0.0,0.0,13.2,0.0,0.0,0.0,0.0,0.0,0.0,0.0,0.0,0.0,0.0,0.0,0.0,19.8,0.0,0.0,-19.8,0.0,0,0,0.0,1,1,13086,1,23806,22635,11526,22635,15070,1213,15070,13505,14344,13505,14058,22137,23286,19908,16469,12854,8263,8846,121,17725,23200,21482,25228,2246,150,25259,1,5:28
2024-25,1630649,Stanley Umude,Stanley,1610612749,MIL,Milwaukee Bucks,0022400497,2025-01-06T00:00:00,MIL @ TOR,W,5.35,6.7,6.7,1.0,6.7,6.7,1.0,0.0,0.0,0.0,6.7,6.7,13.5,0.0,0.0,0.0,0.0,0.0,6.7,0.0,20.2,-26.9,36.3,0,0,40.4,1,1,13086,1,23840,9624,21854,1,877,9051,1,13505,14344,13505,1263,6830,2502,19908,16469,12854,8263,8846,2190,17725,7745,23227,10130,2246,150,6561,1,5:21
2024-25,1641765,Olivier-Maxence Prosper,Olivier-Maxence,1610612742,DAL,Dallas Mavericks,0022400499,2025-01-06T00:00:00,DAL @ MEM,L,1.25,0.0,0.0,0.0,0.0,0.0,0.0,0.0,0.0,0.0,0.0,0.0,0.0,0.0,0.0,0.0,0.0,0.0,0.0,0.0,0.0,-57.6,0.0,0,0,0.0,1,13222,1,13222,25934,22635,24836,22635,15070,20945,15070,13505,14344,13505,14058,22137,23286,19908,16469,12854,8263,8846,20257,17725,23200,25621,25228,2246,150,25259,1,1:15
2024-25,204060,Joe Ingles,Joe,1610612750,MIN,Minnesota Timberwolves,0022400500,2025-01-06T00:00:00,MIN vs. LAC,W,0.013333333333333334,0.0,0.0,0.0,0.0,0.0,0.0,0.0,0.0,0.0,0.0,0.0,0.0,0.0,0.0,0.0,0.0,0.0,0.0,0.0,0.0,2700.0,0.0,0,0,0.0,1,1,13086,1,26297,22635,24836,22635,15070,20945,15070,13505,14344,13505,14058,22137,23286,19908,16469,12854,8263,8846,20257,17725,23200,2,25228,2246,150,25259,1,0:01
2024-25,1628389,Bam Adebayo,Bam,1610612748,MIA,Miami Heat,0022400501,2025-01-06T00:00:00,MIA @ SAC,L,44.95,4.8,15.2,0.316,0.8,4.0,0.2,4.0,4.8,0.833,1.6,8.0,9.6,1.6,1.6,3.2,0.8,0.0,1.6,2.4,14.4,-2.4,38.8,1,0,34.4,1,13222,1,13222,60,14933,8221,19148,15061,15575,13429,5685,6295,7275,9914,4692,5910,17646,12326,2735,8240,8846,16868,11343,13489,14261,8559,1,150,10501,1,44:57
2024-25,201569,Eric Gordon,Eric,1610612755,PHI,Philadelphia 76ers,0022400494,2025-01-06T00:00:00,PHI vs. PHX,L,7.65,0.0,4.7,0.0,0.0,4.7,0.0,0.0,0.0,0.0,0.0,0.0,0.0,0.0,4.7,0.0,0.0,0.0,0.0,0.0,0.0,-14.1,-4.7,0,0,0.0,1,13222,1,13222,22936,22635,23677,22635,15070,13937,15070,13505,14344,13505,14058,22137,23286,19908,2707,12854,8263,8846,20257,17725,23200,19554,26170,2246,150,25259,1,7:39
2024-25,1629632,Coby White,Coby,1610612741,CHI,Chicago Bulls,0022400498,2025-01-06T00:00:00,CHI vs. SAS,W,36.11666666666667,9.0,17.9,0.5,3.0,6.0,0.5,2.0,2.0,1.0,0.0,2.0,2.0,4.0,2.0,4.0,0.0,3.0,3.0,2.0,22.9,7.0,41.3,0,0,39.9,1,1,13086,1,2598,4760,4759,8526,6554,10742,3944,10669,12744,1,14058,19685,21812,9964,10548,1648,8263,1355,10777,13110,5536,9150,7010,2246,150,6851,1,36:07
2024-25,203944,Julius Randle,Julius,1610612750,MIN,Minnesota Timberwolves,0022400500,2025-01-06T00:00:00,MIN vs. LAC,W,23.29,3.1,15.5,0.2,0.0,4.6,0.0,1.5,3.1,0.5,6.2,3.1,9.3,3.1,4.6,0.0,0.0,1.5,6.2,6.2,7.7,3.1,18.9,0,0,20.1,1,1,13086,1,13477,19224,7883,21401,15070,14119,15070,11701,9747,10625,1528,16433,6349,12634,2796,12854,8263,4606,2727,2416,20149,11064,21723,2246,150,20803,1,23:17
2024-25,1630288,Jeff Dowtin Jr.,Jeff,1610612755,PHI,Philadelphia 76ers,0022400494,2025-01-06T00:00:00,PHI vs. PHX,L,4.1,0.0,0.0,0.0,0.0,0.0,0.0,0.0,0.0,0.0,0.0,0.0,0.0,0.0,0.0,0.0,0.0,0.0,0.0,0.0,0.0,-43.9,0.0,0,0,0.0,1,13222,1,13222,24435,22635,24836,22635,15070,20945,15070,13505,14344,13505,14058,22137,23286,19908,16469,12854,8263,8846,20257,17725,23200,25116,25228,2246,150,25259,1,4:06
2024-25,1628384,OG Anunoby,OG,1610612752,NYK,New York Knicks,0022400496,2025-01-06T00:00:00,NYK vs. ORL,L,35.445,4.1,11.2,0.364,0.0,3.0,0.0,1.0,2.0,0.5,3.0,1.0,4.1,3.0,1.0,1.0,1.0,0.0,1.0,2.0,9.1,-6.1,23.7,0,0,20.3,1,13222,1,13222,3122,16947,15069,16861,15070,17559,15070,13193,12627,10625,5234,21945,17156,12772,15741,11805,7381,8846,19605,12923,18952,16104,19168,2246,150,20686,1,35:27
2024-25,201949,James Johnson,James,1610612754,IND,Indiana Pacers,0022400495,2025-01-06T00:00:00,IND @ BKN,W,1.6,0.0,0.0,0.0,0.0,0.0,0.0,0.0,0.0,0.0,0.0,0.0,0.0,0.0,0.0,0.0,0.0,0.0,0.0,0.0,0.0,-22.5,0.0,0,0,0.0,1,1,13086,1,25718,22635,24836,22635,15070,20945,15070,13505,14344,13505,14058,22137,23286,19908,16469,12854,8263,8846,20257,17725,23200,22220,25228,2246,150,25259,1,1:36
2024-25,203926,Doug McDermott,Doug,1610612758,SAC,Sacramento Kings,0022400501,2025-01-06T00:00:00,SAC vs. MIA,W,1.6333333333333333,0.0,0.0,0.0,0.0,0.0,0.0,0.0,0.0,0.0,0.0,0.0,0.0,0.0,0.0,0.0,0.0,0.0,0.0,0.0,0.0,-132.2,0.0,0,0,0.0,1,1,13086,1,25696,22635,24836,22635,15070,20945,15070,13505,14344,13505,14058,22137,23286,19908,16469,12854,8263,8846,20257,17725,23200,26241,25228,2246,150,25259,1,1:38
2024-25,1630230,Naji Marshall,Naji,1610612742,DAL,Dallas Mavericks,0022400499,2025-01-06T00:00:00,DAL @ MEM,L,32.733333333333334,5.5,16.5,0.333,2.2,6.6,0.333,4.4,5.5,0.8,1.1,5.5,6.6,3.3,2.2,2.2,0.0,0.0,2.2,5.5,17.6,-8.8,34.9,0,0,34.1,1,13222,1,13222,5376,12975,6426,17395,9240,9323,9209,4991,5190,7681,12467,9536,10954,11981,9505,5392,8263,8846,14092,3340,10225,17330,11143,2246,150,10782,1,32:44
2024-25,1630173,Precious Achiuwa,Precious,1610612752,NYK,New York Knicks,0022400496,2025-01-06T00:00:00,NYK vs. ORL,L,22.44333333333333,8.0,9.6,0.833,0.0,0.0,0.0,0.0,0.0,0.0,1.6,1.6,3.2,0.0,1.6,0.0,0.0,1.6,4.8,0.0,16.0,-22.5,18.3,0,0,19.2,1,13222,1,13222,14166,6594,17718,1514,15070,20945,15070,13505,14344,13505,9903,20670,19210,19908,12314,12854,8263,4425,5025,17725,11878,22209,21973,2246,150,21268,1,22:27
2024-25,1641736,Reece Beekman,Reece,1610612751,BKN,Brooklyn Nets,0022400495,2025-01-06T00:00:00,BKN vs. IND,L,17.683333333333334,8.1,18.3,0.444,2.0,4.1,0.5,0.0,0.0,0.0,0.0,0.0,0.0,0.0,0.0,0.0,0.0,0.0,0.0,2.0,18.3,6.1,18.3,0,0,20.4,1,13222,1,13222,17794,6324,4351,13045,9982,15425,3944,13505,14344,13505,14058,22137,23286,19908,16469,12854,8263,8846,20257,12899,9501,9565,21957,2246,150,20653,1,17:41
2024-25,1641741,Ricky Council IV,Ricky,1610612755,PHI,Philadelphia 76ers,0022400494,2025-01-06T00:00:00,PHI vs. PHX,L,2.5833333333333335,0.0,27.9,0.0,0.0,0.0,0.0,0.0,0.0,0.0,0.0,0.0,0.0,0.0,0.0,0.0,0.0,0.0,0.0,0.0,0.0,-111.5,0.0,0,0,0.0,1,13222,1,13222,25183,22635,407,22635,15070,20945,15070,13505,14344,13505,14058,22137,23286,19908,16469,12854,8263,8846,20257,17725,23200,26203,25228,2246,150,25259,1,2:35
2024-25,1630194,Paul Reed,Paul,1610612765,DET,Detroit Pistons,0022400493,2025-01-06T00:00:00,DET vs. POR,W,6.116666666666666,0.0,5.9,0.0,0.0,0.0,0.0,0.0,0.0,0.0,0.0,0.0,0.0,0.0,0.0,0.0,0.0,0.0,0.0,0.0,0.0,70.6,0.0,0,0,0.0,1,1,13086,1,23559,22635,22720,22635,15070,20945,15070,13505,14344,13505,14058,22137,23286,19908,16469,12854,8263,8846,20257,17725,23200,238,25228,2246,150,25259,1,6:07
2024-25,1629675,Naz Reid,Naz,1610612750,MIN,Minnesota Timberwolves,0022400500,2025-01-06T00:00:00,MIN vs. LAC,W,31.236666666666668,9.2,16.1,0.571,1.2,5.8,0.2,1.2,3.5,0.333,1.2,6.9,8.1,3.5,1.2,1.2,2.3,0.0,5.8,2.3,20.7,-11.5,44.8,0,0,40.3,1,1,13086,1,6668,4330,6920,6538,13638,11294,13429,12743,8974,13132,12087,6507,8142,11529,14780,10562,2736,8846,3290,11726,7276,18543,5252,2246,150,6585,1,31:14
2024-25,1641730,Noah Clowney,Noah,1610612751,BKN,Brooklyn Nets,0022400495,2025-01-06T00:00:00,BKN vs. IND,L,28.816666666666666,5.0,18.7,0.267,3.7,12.5,0.3,3.7,3.7,1.0,1.2,3.7,5.0,1.2,1.2,0.0,0.0,0.0,5.0,5.0,17.5,-11.2,24.1,0,0,27.5,1,13222,1,13222,8827,14393,3986,20170,4583,1525,11319,6189,8378,1,11484,14475,14795,18846,14102,12854,8263,8846,4610,4122,10330,18417,18870,2246,150,15800,1,28:49
2024-25,1630191,Isaiah Stewart,Isaiah,1610612765,DET,Detroit Pistons,0022400493,2025-01-06T00:00:00,DET vs. POR,W,14.473333333333333,2.5,17.4,0.143,0.0,7.5,0.0,0.0,0.0,0.0,12.4,2.5,14.9,0.0,0.0,0.0,5.0,0.0,7.5,0.0,5.0,-27.4,37.8,0,0,29.8,1,1,13086,1,19893,20490,5346,22260,15070,7482,15070,13505,14344,13505,219,18222,1808,19908,16469,12854,521,8846,1670,17725,22026,23314,9160,2246,150,14064,1,14:28
2024-25,1628969,Mikal Bridges,Mikal,1610612752,NYK,New York Knicks,0022400496,2025-01-06T00:00:00,NYK vs. ORL,L,42.38333333333333,8.5,17.0,0.5,0.8,5.9,0.143,2.5,3.4,0.75,0.0,4.2,4.2,1.7,1.7,0.0,0.0,0.8,1.7,1.7,20.4,-6.8,26.3,0,0,27.2,1,13222,1,13222,217,5624,5821,8526,15034,10824,14649,8922,9097,8186,14058,12979,16690,17372,11928,12854,8263,8772,16542,14273,7593,16421,17400,2246,150,16034,1,42:23
2024-25,1641796,Pelle Larsson,Pelle,1610612748,MIA,Miami Heat,0022400501,2025-01-06T00:00:00,MIA @ SAC,L,5.098333333333334,0.0,7.1,0.0,0.0,7.1,0.0,0.0,0.0,0.0,0.0,7.1,7.1,0.0,7.1,7.1,0.0,0.0,0.0,0.0,0.0,-42.4,22.6,0,0,21.2,1,13222,1,13222,23955,22635,21488,22635,15070,8330,15070,13505,14344,13505,14058,6256,10035,19908,865,284,8263,8846,20257,17725,23200,25013,19819,2246,150,20164,1,5:06
2024-25,1626164,Devin Booker,Devin,1610612756,PHX,Phoenix Suns,0022400494,2025-01-06T00:00:00,PHX @ PHI,W,37.916666666666664,2.8,15.2,0.188,0.9,4.7,0.2,2.8,5.7,0.5,0.0,3.8,3.8,9.5,2.8,1.9,0.0,2.8,1.9,6.6,9.5,8.5,31.1,1,0,27.5,1,1,13086,1,1431,19779,8269,21885,14792,13844,13429,8219,4893,10625,14058,14324,17824,1705,7035,6772,8263,1533,15679,1949,18640,8384,13954,1,150,15769,1,37:55
2024-25,1642347,Jamal Shead,Jamal,1610612761,TOR,Toronto Raptors,0022400497,2025-01-06T00:00:00,TOR vs. MIL,L,18.033333333333335,2.0,12.0,0.167,0.0,4.0,0.0,2.0,4.0,0.5,2.0,2.0,4.0,12.0,2.0,4.0,0.0,0.0,4.0,8.0,6.0,4.0,38.7,0,0,29.9,1,13222,1,13222,17542,21417,13626,21938,15070,15598,15070,10657,7853,10625,8403,19678,17338,728,10543,1645,8263,8846,7168,1028,21402,10653,8575,2246,150,13983,1,18:02
2024-25,1642270,Donovan Clingan,Donovan,1610612757,POR,Portland Trail Blazers,0022400493,2025-01-06T00:00:00,POR @ DET,L,13.383333333333333,5.4,16.1,0.333,0.0,2.7,0.0,0.0,2.7,0.0,2.7,10.8,13.4,2.7,2.7,0.0,0.0,2.7,5.4,5.4,10.8,18.8,28.2,0,0,26.9,1,13222,1,13222,20548,13322,6915,17395,15070,18281,15070,13505,10775,13505,6127,2039,2510,13936,7561,12854,8263,1757,3876,3507,17411,4304,16045,2246,150,16228,1,13:23
2024-25,1627751,Jakob Poeltl,Jakob,1610612761,TOR,Toronto Raptors,0022400497,2025-01-06T00:00:00,TOR vs. MIL,L,31.4,6.9,10.3,0.667,0.0,0.0,0.0,0.0,1.1,0.0,0.0,8.0,8.0,1.1,1.1,1.1,1.1,1.1,1.1,1.1,13.8,-34.4,30.8,0,0,27.5,1,13222,1,13222,6506,9213,16524,3281,15070,20945,15070,13505,13970,13505,14058,4671,8224,19201,14819,10619,6510,6660,18833,16670,14212,24347,14174,2246,150,15779,1,31:24
2024-25,201942,DeMar DeRozan,DeMar,1610612758,SAC,Sacramento Kings,0022400501,2025-01-06T00:00:00,SAC vs. MIA,W,46.905,9.2,20.0,0.462,0.8,3.1,0.25,3.8,3.8,1.0,0.0,2.3,2.3,3.1,2.3,0.0,0.8,1.5,2.3,3.1,23.0,18.4,30.4,0,0,30.7,1,1,13086,1,24,4342,3002,12428,15066,17511,11902,6004,8163,1,14058,18754,21199,12690,9059,12854,8258,4644,13633,8998,5461,4433,14502,2246,150,13397,1,46:54
2024-25,1642346,Ryan Dunn,Ryan,1610612756,PHX,Phoenix Suns,0022400494,2025-01-06T00:00:00,PHX @ PHI,W,27.053333333333335,8.0,14.6,0.545,4.0,8.0,0.5,0.0,0.0,0.0,0.0,5.3,5.3,1.3,0.0,0.0,0.0,0.0,4.0,0.0,20.0,-4.0,28.3,0,0,30.6,1,1,13086,1,10295,6664,9150,7695,4016,6478,3944,13505,14344,13505,14058,9975,13987,18563,16469,12854,8263,8846,7172,17725,7952,15057,15964,2246,150,13478,1,27:03
2024-25,1641744,Zach Edey,Zach,1610612763,MEM,Memphis Grizzlies,0022400499,2025-01-06T00:00:00,MEM vs. DAL,W,13.25,5.4,10.9,0.5,0.0,2.7,0.0,0.0,0.0,0.0,5.4,2.7,8.2,0.0,8.2,0.0,5.4,2.7,2.7,2.7,10.9,-13.6,28.8,0,0,29.9,1,1,13086,1,20626,13173,15570,8526,15070,18225,15070,13505,14344,13505,1987,17645,8004,19908,559,12854,411,1716,11962,10267,17297,19332,15629,2246,150,14037,1,13:15
2024-25,1641737,Adem Bona,Adem,1610612755,PHI,Philadelphia 76ers,0022400494,2025-01-06T00:00:00,PHI vs. PHX,L,11.213333333333333,3.2,6.4,0.5,0.0,0.0,0.0,6.4,12.8,0.5,3.2,12.8,16.1,0.0,3.2,0.0,3.2,0.0,9.6,6.4,12.8,-12.8,38.5,0,0,35.3,1,13222,1,13222,21621,18972,22181,8526,15070,20945,15070,2479,611,10625,4919,1067,1414,19908,5794,12854,1466,8846,786,2159,15248,19077,8692,2246,150,9865,1,11:13
2024-25,1642266,Ja'Kobe Walter,Ja'Kobe,1610612761,TOR,Toronto Raptors,0022400497,2025-01-06T00:00:00,TOR vs. MIL,L,11.25,9.6,16.0,0.6,6.4,9.6,0.667,0.0,3.2,0.0,3.2,3.2,6.4,3.2,9.6,0.0,0.0,3.2,0.0,3.2,25.6,9.6,28.5,0,0,41.6,1,13222,1,13222,21601,3722,7106,5394,1062,3978,1957,13505,9523,13505,4943,16089,11401,12310,357,12854,8263,1154,20257,8563,3880,7891,15891,2246,150,5855,1,11:15
2024-25,1628379,Luke Kennard,Luke,1610612763,MEM,Memphis Grizzlies,0022400499,2025-01-06T00:00:00,MEM vs. DAL,W,24.398333333333333,7.4,13.3,0.556,4.4,7.4,0.6,0.0,0.0,0.0,0.0,5.9,5.9,5.9,3.0,0.0,0.0,0.0,1.5,0.0,19.2,14.8,32.2,0,0,35.4,1,1,13086,1,12571,8063,11339,7248,3193,7666,2992,13505,14344,13505,14058,8537,12516,5664,6636,12854,8263,8846,17322,17725,8669,5719,13206,2246,150,9784,1,24:24
2024-25,1630553,Keon Johnson,Keon,1610612751,BKN,Brooklyn Nets,0022400495,2025-01-06T00:00:00,BKN vs. IND,L,31.716666666666665,4.5,11.4,0.4,2.3,3.4,0.667,2.3,2.3,1.0,1.1,3.4,4.5,5.7,5.7,4.5,0.0,1.1,3.4,1.1,13.6,-25.0,35.5,0,0,35.2,1,13222,1,13222,6220,15652,14749,14933,8976,16859,1957,9727,11875,1,12226,15507,15948,6088,1663,1201,8263,6751,9064,16740,14362,22800,10709,2246,150,9961,1,31:43
2024-25,1641716,Jarace Walker,Jarace,1610612754,IND,Indiana Pacers,0022400495,2025-01-06T00:00:00,IND @ BKN,W,10.75,6.7,13.4,0.5,0.0,3.3,0.0,0.0,0.0,0.0,0.0,10.0,10.0,3.3,0.0,0.0,0.0,0.0,3.3,0.0,13.4,16.7,30.5,0,0,26.8,1,1,13086,1,21825,9684,11157,8526,15070,16962,15070,13505,14344,13505,14058,2538,5374,11813,16469,12854,8263,8846,9251,17725,14620,4989,14437,2246,150,16328,1,10:45
2024-25,1629312,Haywood Highsmith,Haywood,1610612748,MIA,Miami Heat,0022400501,2025-01-06T00:00:00,MIA @ SAC,L,45.64,3.9,6.3,0.625,1.6,3.2,0.5,1.6,2.4,0.667,1.6,3.2,4.7,0.8,0.0,0.0,1.6,0.0,2.4,2.4,11.0,0.0,22.6,0,0,21.3,1,13222,1,13222,41,17220,22311,4899,11764,17351,3944,11634,11580,9425,10013,16242,15479,19906,16469,12854,4616,8846,13366,11479,17147,12240,19791,2246,150,20102,1,45:38
2024-25,1642277,Johnny Furphy,Johnny,1610612754,IND,Indiana Pacers,0022400495,2025-01-06T00:00:00,IND @ BKN,W,2.7,13.3,13.3,1.0,0.0,0.0,0.0,0.0,0.0,0.0,0.0,0.0,0.0,0.0,0.0,0.0,0.0,0.0,0.0,0.0,26.7,-26.7,26.7,0,0,26.7,1,1,13086,1,25126,891,11241,1,15070,20945,15070,13505,14344,13505,14058,22137,23286,19908,16469,12854,8263,8846,20257,17725,3360,23163,17172,2246,150,16421,1,2:42
2024-25,203501,Tim Hardaway Jr.,Tim,1610612765,DET,Detroit Pistons,0022400493,2025-01-06T00:00:00,DET vs. POR,W,32.833333333333336,11.0,16.4,0.667,6.6,9.9,0.667,0.0,0.0,0.0,0.0,0.0,0.0,0.0,0.0,0.0,0.0,1.1,1.1,2.2,28.5,9.9,28.5,0,0,35.1,1,1,13086,1,5298,2291,6490,3281,958,3640,1957,13505,14344,13505,14058,22137,23286,19908,16469,12854,8263,7072,19119,12190,2593,7753,15872,2246,150,10033,1,32:50
2024-25,1628976,Wendell Carter Jr.,Wendell,1610612753,ORL,Orlando Magic,0022400496,2025-01-06T00:00:00,ORL @ NYK,W,25.7,11.2,15.4,0.727,4.2,4.2,1.0,0.0,0.0,0.0,0.0,2.8,2.8,5.6,1.4,1.4,0.0,1.4,1.4,2.8,26.6,7.0,41.2,0,0,42.0,1,1,13086,1,11405,2089,7952,2666,3555,15112,1,13505,14344,13505,14058,17393,20249,6243,13277,8892,8263,5175,17619,9955,3381,9133,7059,2246,150,5627,1,25:42
2024-25,1641842,Ronald Holland II,Ronald,1610612765,DET,Detroit Pistons,0022400493,2025-01-06T00:00:00,DET vs. POR,W,14.756666666666666,7.3,9.8,0.75,0.0,2.4,0.0,4.9,4.9,1.0,2.4,2.4,4.9,2.4,4.9,4.9,2.4,0.0,12.2,2.4,19.5,-17.1,46.1,0,0,41.5,1,1,13086,1,19732,8190,17459,2107,15070,18732,15070,4224,6157,1,6806,18360,15113,14739,2493,980,2485,8846,406,11204,8360,20657,4696,2246,150,5931,1,14:45
2024-25,1626167,Myles Turner,Myles,1610612754,IND,Indiana Pacers,0022400495,2025-01-06T00:00:00,IND @ BKN,W,30.783333333333335,4.7,8.2,0.571,2.3,4.7,0.5,0.0,0.0,0.0,2.3,3.5,5.8,1.2,1.2,3.5,3.5,0.0,1.2,3.5,11.7,15.2,40.3,0,0,35.1,1,1,13086,1,7055,15292,19964,6538,8706,14016,3944,13505,14344,13505,7123,15212,12644,19116,14665,2229,1222,8846,18720,7638,16465,5544,7542,2246,150,10034,1,30:47
2024-25,1630699,MarJon Beauchamp,MarJon,1610612749,MIL,Milwaukee Bucks,0022400497,2025-01-06T00:00:00,MIL @ TOR,W,6.6,5.5,16.4,0.333,0.0,10.9,0.0,0.0,0.0,0.0,0.0,0.0,0.0,0.0,5.5,0.0,5.5,0.0,5.5,0.0,10.9,-27.3,21.8,0,0,21.8,1,1,13086,1,23329,13120,6592,17395,15070,2579,15070,13505,14344,13505,14058,22137,23286,19908,1850,12854,406,8846,3769,17725,17253,23292,20249,2246,150,19775,1,6:36
2024-25,203484,Kentavious Caldwell-Pope,Kentavious,1610612753,ORL,Orlando Magic,0022400496,2025-01-06T00:00:00,ORL @ NYK,W,30.433333333333334,7.1,11.8,0.6,3.5,7.1,0.5,0.0,0.0,0.0,1.2,3.5,4.7,2.4,2.4,3.5,0.0,0.0,2.4,0.0,17.7,8.3,35.3,0,0,35.5,1,1,13086,1,7377,8708,13894,5394,5036,8258,3944,13505,14344,13505,11909,15088,15480,14996,8788,2178,8263,8846,13368,17725,10091,8500,10901,2246,150,9739,1,30:26
2024-25,1627734,Domantas Sabonis,Domantas,1610612758,SAC,Sacramento Kings,0022400501,2025-01-06T00:00:00,SAC vs. MIA,W,50.483333333333334,5.0,11.4,0.438,1.4,1.4,1.0,3.6,5.0,0.714,3.6,9.3,12.8,7.8,4.3,0.7,2.1,0.7,3.6,2.9,15.0,7.8,46.4,1,1,42.8,1,1,13086,1,3,14406,14642,13558,12346,20353,1,6566,5933,9244,4274,3235,2920,3050,3362,12852,3097,8843,8544,9760,12931,8714,4568,1,1,5261,1,50:29
2024-25,1626192,Pat Connaughton,Pat,1610612749,MIL,Milwaukee Bucks,0022400497,2025-01-06T00:00:00,MIL @ TOR,W,6.6,5.5,10.9,0.5,0.0,0.0,0.0,0.0,0.0,0.0,0.0,5.5,5.5,5.5,0.0,0.0,0.0,0.0,5.5,5.5,10.9,-27.3,25.6,0,0,21.8,1,1,13086,1,23329,13120,15513,8526,15070,20945,15070,13505,14344,13505,14058,9658,13659,6523,16469,12854,8263,8846,3769,3406,17253,23292,17855,2246,150,19775,1,6:36
2024-25,1631099,Keegan Murray,Keegan,1610612758,SAC,Sacramento Kings,0022400501,2025-01-06T00:00:00,SAC vs. MIA,W,43.46666666666667,4.1,8.3,0.5,3.3,5.0,0.667,0.0,0.0,0.0,4.1,5.8,9.9,0.8,0.0,0.0,0.8,0.0,1.7,0.8,11.6,13.3,27.2,1,0,27.3,1,1,13086,1,119,16742,19821,8526,5620,13276,1957,13505,14344,13505,3382,8799,5505,19898,16469,12854,8222,8846,16677,17711,16579,6277,16784,1,150,15923,1,43:28
2024-25,1628366,Lonzo Ball,Lonzo,1610612741,CHI,Chicago Bulls,0022400498,2025-01-06T00:00:00,CHI vs. SAS,W,24.116666666666667,3.0,6.0,0.5,1.5,4.5,0.333,0.0,0.0,0.0,1.5,4.5,6.0,3.0,4.5,4.5,0.0,0.0,1.5,1.5,7.5,10.4,28.1,0,0,26.9,1,1,13086,1,12787,19463,22637,8526,12064,14499,9209,13505,14344,13505,10351,12313,12359,12984,3027,1243,8263,8846,17250,15031,20354,7492,16174,2246,150,16255,1,24:07
2024-25,1626168,Trey Lyles,Trey,1610612758,SAC,Sacramento Kings,0022400501,2025-01-06T00:00:00,SAC vs. MIA,W,23.43,3.1,12.3,0.25,1.5,7.7,0.2,1.5,3.1,0.5,3.1,6.1,9.2,1.5,1.5,0.0,0.0,1.5,0.0,1.5,9.2,-30.7,21.0,0,0,21.5,1,1,13086,1,13371,19266,13093,20233,11907,7029,13429,11720,9788,10625,5185,8009,6413,17849,12591,12854,8263,4638,20257,14847,18883,23852,20657,2246,150,19953,1,23:26
2024-25,1630178,Tyrese Maxey,Tyrese,1610612755,PHI,Philadelphia 76ers,0022400494,2025-01-06T00:00:00,PHI vs. PHX,L,43.9,9.0,20.5,0.44,4.9,11.5,0.429,2.5,4.1,0.6,0.0,0.0,0.0,8.2,3.3,1.6,0.0,0.0,0.8,2.5,25.4,-4.1,39.4,1,0,41.8,1,13222,1,13222,92,4675,2639,13537,2373,2123,7394,9169,7629,10343,14058,22137,23286,2696,5557,7853,8263,8846,20238,11125,3982,15120,8163,1,150,5744,1,43:54
2024-25,201144,Mike Conley,Mike,1610612750,MIN,Minnesota Timberwolves,0022400500,2025-01-06T00:00:00,MIN vs. LAC,W,26.386666666666667,5.5,10.9,0.5,2.7,4.1,0.667,1.4,1.4,1.0,1.4,4.1,5.5,4.1,1.4,1.4,0.0,1.4,1.4,4.1,15.0,15.0,30.4,0,0,30.0,1,1,13086,1,10829,13113,15506,8526,7453,15367,1957,12125,13640,1,10907,13440,13653,9678,13491,9117,8263,5340,17771,6069,12892,5623,14478,2246,150,13934,1,26:23
2024-25,203897,Zach LaVine,Zach,1610612741,CHI,Chicago Bulls,0022400498,2025-01-06T00:00:00,CHI vs. SAS,W,39.583333333333336,11.8,22.7,0.52,2.7,5.5,0.5,5.5,6.4,0.857,0.9,8.2,9.1,7.3,1.8,0.9,0.0,0.9,0.9,6.4,31.8,11.8,54.6,1,0,52.7,1,1,13086,1,692,1641,1473,8497,7454,12069,3944,3468,4046,7071,13866,4443,6592,3651,11457,12619,8263,8610,20122,2223,1566,6872,2073,1,150,1863,1,39:35
2024-25,201142,Kevin Durant,Kevin,1610612756,PHX,Phoenix Suns,0022400494,2025-01-06T00:00:00,PHX @ PHI,W,34.38333333333333,9.4,14.7,0.643,3.1,4.2,0.75,2.1,3.1,0.667,0.0,6.3,6.3,5.2,3.1,1.0,1.0,0.0,1.0,3.1,24.1,3.1,42.6,0,0,42.9,1,1,13086,1,3934,3990,9124,4607,6120,15145,1542,10314,9627,9425,14058,7727,11654,6973,6018,11524,7153,8846,19430,8759,4744,11043,6299,2246,150,5183,1,34:23
2024-25,1630549,Day'Ron Sharpe,Day'Ron,1610612751,BKN,Brooklyn Nets,0022400495,2025-01-06T00:00:00,BKN vs. IND,L,22.416666666666668,12.8,20.9,0.615,0.0,1.6,0.0,0.0,0.0,0.0,14.5,6.4,20.9,8.0,0.0,0.0,0.0,0.0,3.2,0.0,25.7,14.5,62.8,1,0,54.6,1,13222,1,13222,14177,1090,2415,5246,15070,20159,15070,13505,14344,13505,147,7456,431,2857,16469,12854,8263,8846,9811,17725,3832,5839,894,1,150,1531,1,22:25
2024-25,1641748,Andre Jackson Jr.,Andre,1610612749,MIL,Milwaukee Bucks,0022400497,2025-01-06T00:00:00,MIL @ TOR,W,15.95,4.5,6.8,0.667,2.3,4.5,0.5,0.0,0.0,0.0,6.8,2.3,9.0,6.8,4.5,0.0,6.8,0.0,2.3,0.0,11.3,20.3,48.1,0,0,42.9,1,1,13086,1,18962,15733,21808,3281,9025,14397,3944,13505,14344,13505,1243,18898,6688,4323,2979,12854,217,8846,13839,17725,16904,3862,3947,2246,150,5200,1,15:57
2024-25,1626153,Delon Wright,Delon,1610612749,MIL,Milwaukee Bucks,0022400497,2025-01-06T00:00:00,MIL @ TOR,W,3.933333333333333,9.2,18.3,0.5,9.2,18.3,0.5,0.0,0.0,0.0,0.0,0.0,0.0,0.0,0.0,0.0,9.2,0.0,9.2,0.0,27.5,-45.8,54.9,0,0,54.9,1,1,13086,1,24527,4432,4363,8526,280,310,3944,13505,14344,13505,14058,22137,23286,19908,16469,12854,89,8846,911,17725,2998,25218,2006,2246,150,1469,1,3:56
2024-25,1628991,Jaren Jackson Jr.,Jaren,1610612763,MEM,Memphis Grizzlies,0022400499,2025-01-06T00:00:00,MEM vs. DAL,W,34.18333333333333,13.7,24.2,0.565,1.1,2.1,0.5,8.4,12.6,0.667,5.3,8.4,13.7,5.3,2.1,3.2,1.1,4.2,2.1,6.3,36.9,9.5,71.7,1,0,65.3,1,1,13086,1,4106,791,1010,7102,14230,19357,3944,1216,645,9425,2127,4133,2387,6900,9966,2816,7110,581,14587,2267,711,7954,380,1,150,469,1,34:11
2024-25,1629006,Josh Okogie,Josh,1610612756,PHX,Phoenix Suns,0022400494,2025-01-06T00:00:00,PHX @ PHI,W,6.516666666666667,5.5,11.0,0.5,5.5,11.0,0.5,0.0,0.0,0.0,0.0,16.6,16.6,5.5,0.0,0.0,0.0,0.0,5.5,0.0,16.6,11.0,44.7,0,0,44.2,1,1,13086,1,23362,12922,15283,8526,1715,2444,3944,13505,14344,13505,14058,370,1243,6378,16469,12854,8263,8846,3665,17725,11308,7213,5305,2246,150,4594,1,6:31
2024-25,1630577,Julian Champagnie,Julian,1610612759,SAS,San Antonio Spurs,0022400498,2025-01-06T00:00:00,SAS @ CHI,L,16.248333333333335,8.9,19.9,0.444,8.9,19.9,0.444,0.0,0.0,0.0,2.2,6.6,8.9,0.0,0.0,0.0,0.0,0.0,2.2,0.0,26.6,0.0,37.2,0,0,44.3,1,13222,1,13222,18762,4948,3008,13045,312,240,7211,13505,14344,13505,7544,6999,6935,19908,16469,12854,8263,8846,14030,17725,3392,12240,9514,2246,150,4551,1,16:15
2024-25,1629014,Anfernee Simons,Anfernee,1610612757,POR,Portland Trail Blazers,0022400493,2025-01-06T00:00:00,POR @ DET,L,36.35,13.9,20.8,0.667,7.9,11.9,0.667,0.0,0.0,0.0,0.0,2.0,2.0,8.9,4.0,0.0,0.0,1.0,3.0,4.0,35.7,-2.0,47.4,0,0,54.5,1,13222,1,13222,2443,744,2454,3281,480,1848,1957,13505,14344,13505,14058,19726,21836,2095,3948,12854,8263,8001,10843,6425,886,14032,4162,2246,150,1546,1,36:21
2024-25,1641727,Dariq Whitehead,Dariq,1610612751,BKN,Brooklyn Nets,0022400495,2025-01-06T00:00:00,BKN vs. IND,L,2.7,13.3,40.0,0.333,13.3,40.0,0.333,0.0,0.0,0.0,0.0,0.0,0.0,0.0,0.0,0.0,0.0,0.0,13.3,0.0,40.0,26.7,40.0,0,0,53.3,1,13222,1,13222,25126,891,74,17395,97,16,9209,13505,14344,13505,14058,22137,23286,19908,16469,12854,8263,8846,312,17725,446,2493,7763,2246,150,1733,1,2:42
2024-25,1627826,Ivica Zubac,Ivica,1610612746,LAC,LA Clippers,0022400500,2025-01-06T00:00:00,LAC @ MIN,L,35.13,7.2,11.3,0.636,0.0,0.0,0.0,3.1,3.1,1.0,3.1,13.3,16.4,2.0,2.0,1.0,6.1,0.0,2.0,3.1,17.4,-2.0,59.6,1,0,50.2,1,13222,1,13222,3370,8527,14883,4689,15070,20945,15070,7610,9786,1,5182,920,1297,16191,10262,11718,285,8846,14878,8980,10402,14073,1232,1,150,2477,1,35:08
2024-25,1630595,Cade Cunningham,Cade,1610612765,DET,Detroit Pistons,0022400493,2025-01-06T00:00:00,DET vs. POR,W,38.733333333333334,10.2,21.4,0.478,3.7,9.3,0.4,5.6,5.6,1.0,0.0,5.6,5.6,8.4,3.7,1.9,0.0,0.9,1.9,4.6,29.7,7.4,50.8,0,0,51.1,1,1,13086,1,993,2999,2116,11986,4654,4384,7874,3335,5074,1,14058,9345,13338,2547,4513,6979,8263,8501,15895,4839,2180,8917,3032,2246,150,2249,1,38:44
2024-25,1630590,Scotty Pippen Jr.,Scotty,1610612763,MEM,Memphis Grizzlies,0022400499,2025-01-06T00:00:00,MEM vs. DAL,W,28.225,7.7,16.6,0.462,3.8,8.9,0.429,3.8,5.1,0.75,1.3,5.1,6.4,5.1,1.3,6.4,1.3,1.3,2.6,3.8,23.0,11.5,59.9,0,0,53.6,1,1,13086,1,9368,7377,6326,12428,4370,4926,7394,6031,5753,8186,11327,10565,11456,7243,13934,402,5761,5782,12601,6781,5516,7019,1204,2246,150,1692,1,28:14
2024-25,1641705,Victor Wembanyama,Victor,1610612759,SAS,San Antonio Spurs,0022400498,2025-01-06T00:00:00,SAS @ CHI,L,34.55,9.4,22.9,0.409,4.2,11.5,0.364,1.0,2.1,0.5,2.1,12.5,14.6,4.2,5.2,0.0,8.3,1.0,3.1,2.1,24.0,-6.3,67.5,1,0,63.6,1,13222,1,13222,3812,4070,1410,14895,3638,2132,9100,13105,12477,10625,8015,1158,1966,9476,2104,12854,129,7561,10185,12689,4831,16191,540,1,150,544,1,34:33
2024-25,1626171,Bobby Portis,Bobby,1610612749,MIL,Milwaukee Bucks,0022400497,2025-01-06T00:00:00,MIL @ TOR,W,22.766666666666666,12.7,19.0,0.667,6.3,9.5,0.667,0.0,0.0,0.0,1.6,9.5,11.1,4.7,1.6,0.0,0.0,0.0,3.2,0.0,31.6,14.2,50.4,0,0,53.8,1,1,13086,1,13894,1174,3777,3281,1102,4127,1957,13505,14344,13505,9995,3030,4349,8072,12416,12854,8263,8846,10030,17725,1601,5919,3142,2246,150,1660,1,22:46
2024-25,1630162,Anthony Edwards,Anthony,1610612750,MIN,Minnesota Timberwolves,0022400500,2025-01-06T00:00:00,MIN vs. LAC,W,37.166666666666664,13.6,28.1,0.483,5.8,12.6,0.462,2.9,3.9,0.75,1.0,5.8,6.8,7.7,1.9,1.0,0.0,3.9,1.9,2.9,35.8,3.9,56.6,0,0,58.1,1,1,13086,1,1873,835,390,11952,1468,1483,7119,8078,8087,8186,13509,8770,10576,3132,10864,12221,8263,696,15476,9578,856,10713,1713,2246,150,1012,1,37:10
2024-25,1629645,Kevin Porter Jr.,Kevin,1610612746,LAC,LA Clippers,0022400500,2025-01-06T00:00:00,LAC @ MIN,L,18.83,5.7,9.6,0.6,1.9,3.8,0.5,0.0,1.9,0.0,1.9,9.6,11.5,13.4,3.8,1.9,0.0,1.9,1.9,3.8,13.4,15.3,49.1,0,0,44.0,1,13222,1,13222,16952,12310,17833,5394,10582,15943,3944,13505,12950,13505,8764,2953,3984,465,4255,6705,8263,3504,15611,6784,14636,5507,3569,2246,150,4702,1,18:50
2024-25,1642269,Devin Carter,Devin,1610612758,SAC,Sacramento Kings,0022400501,2025-01-06T00:00:00,SAC vs. MIA,W,9.483333333333333,7.6,15.2,0.5,0.0,3.8,0.0,3.8,7.6,0.5,7.6,7.6,15.2,11.4,0.0,0.0,7.6,0.0,3.8,3.8,19.0,-7.6,77.1,0,0,60.7,1,1,13086,1,22281,7532,8282,8526,15070,16002,15070,6088,2822,10625,916,5340,1692,870,16469,12854,161,8846,7750,6860,8877,16776,260,2246,150,756,1,9:29
2024-25,203081,Damian Lillard,Damian,1610612749,MIL,Milwaukee Bucks,0022400497,2025-01-06T00:00:00,MIL @ TOR,W,25.73,9.8,16.8,0.583,7.0,11.2,0.625,8.4,9.8,0.857,0.0,7.0,7.0,4.2,1.4,0.0,0.0,1.4,0.0,5.6,35.0,28.0,48.3,0,0,53.2,1,1,13086,1,11380,3481,6056,6296,763,2337,2868,1229,1458,7071,14058,6367,10155,9397,13291,12854,8263,5181,20257,3196,964,2272,3888,2246,150,1771,1,25:44
2024-25,1627783,Pascal Siakam,Pascal,1610612754,IND,Indiana Pacers,0022400495,2025-01-06T00:00:00,IND @ BKN,W,23.738333333333333,10.6,24.3,0.438,0.0,4.5,0.0,7.6,7.6,1.0,1.5,7.6,9.1,3.0,0.0,0.0,0.0,1.5,3.0,4.5,28.8,21.2,44.3,0,0,40.9,1,1,13086,1,13124,2599,991,13558,15070,14321,15070,1621,2830,1,10250,5355,6589,12823,16469,12854,8263,4708,10568,5043,2480,3644,5528,2246,150,6237,1,23:44
2024-25,1630193,Immanuel Quickley,Immanuel,1610612761,TOR,Toronto Raptors,0022400497,2025-01-06T00:00:00,TOR vs. MIL,L,29.966666666666665,3.6,12.0,0.3,1.2,6.0,0.2,4.8,4.8,1.0,0.0,1.2,1.2,3.6,2.4,2.4,0.0,2.4,2.4,3.6,13.2,-31.2,24.9,0,0,24.0,1,13222,1,13222,7812,18072,13561,19363,13356,10674,13429,4335,6291,1,14058,21506,22936,11076,8644,4691,8263,2212,13194,7381,14854,23924,18374,2246,150,18308,1,29:58
2024-25,1629013,Landry Shamet,Landry,1610612752,NYK,New York Knicks,0022400496,2025-01-06T00:00:00,NYK vs. ORL,L,20.6,0.0,5.2,0.0,0.0,5.2,0.0,0.0,0.0,0.0,0.0,1.7,1.7,1.7,1.7,0.0,0.0,0.0,3.5,3.5,0.0,1.7,3.0,0,0,3.5,1,13222,1,13222,15566,22635,23298,22635,15070,12610,15070,13505,14344,13505,14058,20358,22233,17238,11752,12854,8263,8846,8763,7675,23200,11773,25127,2246,150,25209,1,20:36
2024-25,1631216,Caleb Houstan,Caleb,1610612753,ORL,Orlando Magic,0022400496,2025-01-06T00:00:00,ORL @ NYK,W,15.983333333333333,0.0,6.8,0.0,0.0,6.8,0.0,0.0,0.0,0.0,0.0,2.3,2.3,2.3,2.3,0.0,0.0,0.0,4.5,0.0,0.0,-11.3,3.8,0,0,4.5,1,1,13086,1,18936,22635,21828,22635,15070,8996,15070,13505,14344,13505,14058,18912,21309,15425,9296,12854,8263,8846,5766,17725,23200,18424,25088,2246,150,25147,1,15:59
2024-25,1642285,Cam Spencer,Cam,1610612763,MEM,Memphis Grizzlies,0022400499,2025-01-06T00:00:00,MEM vs. DAL,W,10.216666666666667,3.5,10.6,0.333,3.5,10.6,0.333,0.0,0.0,0.0,0.0,0.0,0.0,3.5,0.0,0.0,0.0,0.0,3.5,0.0,10.6,-7.0,15.9,0,0,17.6,1,1,13086,1,22023,18266,16106,17395,5098,2909,9209,13505,14344,13505,14058,22137,23286,11330,16469,12854,8263,8846,8689,17725,17591,16520,22908,2246,150,22027,1,10:13
2024-25,1631169,Josh Minott,Josh,1610612750,MIN,Minnesota Timberwolves,0022400500,2025-01-06T00:00:00,MIN vs. LAC,W,4.516666666666667,0.0,8.0,0.0,0.0,8.0,0.0,0.0,0.0,0.0,0.0,0.0,0.0,8.0,8.0,8.0,0.0,0.0,8.0,0.0,0.0,-63.8,27.9,0,0,23.9,1,1,13086,1,24226,22635,20298,22635,15070,6487,15070,13505,14344,13505,14058,22137,23286,2914,593,213,8263,8846,1375,17725,23200,25763,16298,2246,150,18387,1,4:31
2024-25,1642348,Justin Edwards,Justin,1610612755,PHI,Philadelphia 76ers,0022400494,2025-01-06T00:00:00,PHI vs. PHX,L,13.433333333333334,2.7,5.4,0.5,2.7,2.7,1.0,0.0,0.0,0.0,5.4,2.7,8.0,0.0,0.0,0.0,2.7,0.0,2.7,0.0,8.0,-8.0,25.7,0,0,24.1,1,13222,1,13222,20517,20132,23211,8526,7591,18295,1,13505,14344,13505,2035,17747,8197,19908,16469,12854,2105,8846,12119,17725,19887,16991,17797,2246,150,18250,1,13:26
2024-25,1630172,Patrick Williams,Patrick,1610612741,CHI,Chicago Bulls,0022400498,2025-01-06T00:00:00,CHI vs. SAS,W,34.3,4.2,7.3,0.571,3.1,5.2,0.6,1.0,2.1,0.5,0.0,1.0,1.0,3.1,2.1,1.0,1.0,0.0,2.1,1.0,12.6,6.3,22.8,0,0,24.1,1,1,13086,1,4009,16603,21143,6538,6099,12597,2992,13081,12426,10625,14058,21881,23160,12480,10003,11497,7140,8846,14616,17173,15501,9472,19704,2246,150,18238,1,34:18
2024-25,1626145,Tyus Jones,Tyus,1610612756,PHX,Phoenix Suns,0022400494,2025-01-06T00:00:00,PHX @ PHI,W,19.583333333333332,3.7,12.9,0.286,1.8,9.2,0.2,0.0,0.0,0.0,0.0,5.5,5.5,3.7,1.8,1.8,0.0,0.0,0.0,0.0,9.2,1.8,25.0,0,0,23.9,1,1,13086,1,16344,17899,12094,19630,10931,4544,13429,13505,14344,13505,14058,9489,13499,10855,11371,7087,8263,8846,20257,17725,18905,11718,18288,2246,150,18402,1,19:35
2024-25,1629646,Charles Bassey,Charles,1610612759,SAS,San Antonio Spurs,0022400498,2025-01-06T00:00:00,SAS @ CHI,L,13.45,2.7,5.4,0.5,0.0,0.0,0.0,0.0,0.0,0.0,2.7,10.7,13.4,0.0,2.7,0.0,0.0,0.0,8.0,2.7,5.4,5.4,18.7,0,0,18.7,1,13222,1,13222,20511,20137,23216,8526,15070,20945,15070,13505,14344,13505,6154,2073,2559,19908,7597,12854,8263,8846,1351,10386,21823,9915,21784,2246,150,21519,1,13:27
2024-25,1641824,Matas Buzelis,Matas,1610612741,CHI,Chicago Bulls,0022400498,2025-01-06T00:00:00,CHI vs. SAS,W,12.21,0.0,8.8,0.0,0.0,5.9,0.0,0.0,0.0,0.0,2.9,0.0,2.9,2.9,0.0,0.0,5.9,2.9,0.0,0.0,0.0,-8.8,25.7,0,0,17.7,1,1,13086,1,21153,22635,18944,22635,15070,10948,15070,13505,14344,13505,5456,22137,19857,13098,16469,12854,327,1396,20257,17725,23200,17354,17845,2246,150,21989,1,12:13
2024-25,1641763,Julian Phillips,Julian,1610612741,CHI,Chicago Bulls,0022400498,2025-01-06T00:00:00,CHI vs. SAS,W,8.95,0.0,0.0,0.0,0.0,0.0,0.0,0.0,0.0,0.0,0.0,4.0,4.0,0.0,0.0,0.0,0.0,0.0,0.0,0.0,0.0,-16.1,4.8,0,0,4.0,1,1,13086,1,22470,22635,24836,22635,15070,20945,15070,13505,14344,13505,14058,13651,17262,19908,16469,12854,8263,8846,20257,17725,23200,20281,25013,2246,150,25183,1,8:57
2024-25,1629614,Andrew Nembhard,Andrew,1610612754,IND,Indiana Pacers,0022400495,2025-01-06T00:00:00,IND @ BKN,W,31.27166666666667,3.5,9.2,0.375,1.2,4.6,0.25,1.2,2.3,0.5,0.0,5.8,5.8,3.5,1.2,2.3,0.0,1.2,2.3,1.2,9.2,13.8,27.1,0,0,24.2,1,1,13086,1,6648,18415,18393,16299,13643,14190,11902,12748,11765,10625,14058,8901,12889,11538,14784,5031,8263,6623,13635,16641,18896,6077,16895,2246,150,18223,1,31:16
2024-25,202704,Reggie Jackson,Reggie,1610612755,PHI,Philadelphia 76ers,0022400494,2025-01-06T00:00:00,PHI vs. PHX,L,7.65,0.0,4.7,0.0,0.0,4.7,0.0,0.0,0.0,0.0,0.0,4.7,4.7,0.0,0.0,0.0,0.0,0.0,4.7,0.0,0.0,-14.1,5.6,0,0,4.7,1,13222,1,13222,22936,22635,23677,22635,15070,13937,15070,13505,14344,13505,14058,11682,15540,19908,16469,12854,8263,8846,5262,17725,23200,19554,24953,2246,150,25134,1,7:39
2024-25,1630703,Scoot Henderson,Scoot,1610612757,POR,Portland Trail Blazers,0022400493,2025-01-06T00:00:00,POR @ DET,L,19.216666666666665,0.0,3.7,0.0,0.0,1.9,0.0,0.0,0.0,0.0,1.9,0.0,1.9,5.6,7.5,0.0,0.0,0.0,0.0,3.7,0.0,-18.7,3.2,0,0,7.5,1,13222,1,13222,16650,22635,24210,22635,15070,19786,15070,13505,14344,13505,8932,22137,22045,6212,715,12854,8263,8846,20257,6995,23200,21152,25120,2246,150,24837,1,19:13
2024-25,1629638,Nickeil Alexander-Walker,Nickeil,1610612750,MIN,Minnesota Timberwolves,0022400500,2025-01-06T00:00:00,MIN vs. LAC,W,15.15,2.4,11.9,0.2,2.4,7.1,0.333,0.0,0.0,0.0,2.4,2.4,4.8,4.8,4.8,0.0,2.4,0.0,2.4,2.4,7.1,-16.6,22.3,0,0,23.8,1,1,13086,1,19468,20712,13798,21401,8561,8191,9209,13505,14344,13505,6997,18557,15435,8044,2654,12854,2599,8846,13322,11443,20611,20489,19963,2246,150,18485,1,15:09
2024-25,1641767,Ben Sheppard,Ben,1610612754,IND,Indiana Pacers,0022400495,2025-01-06T00:00:00,IND @ BKN,W,19.961666666666666,0.0,5.4,0.0,0.0,3.6,0.0,0.0,0.0,0.0,0.0,3.6,3.6,1.8,1.8,0.0,0.0,1.8,1.8,1.8,0.0,-1.8,5.2,0,0,5.4,1,1,13086,1,16056,22635,23169,22635,15070,16421,15070,13505,14344,13505,14058,14900,18304,17071,11535,12854,8263,3891,16168,13924,23200,13922,24990,2246,150,25066,1,19:58
2024-25,1630533,Ziaire Williams,Ziaire,1610612751,BKN,Brooklyn Nets,0022400495,2025-01-06T00:00:00,BKN vs. IND,L,25.766666666666666,5.6,11.2,0.5,2.8,7.0,0.4,0.0,0.0,0.0,0.0,11.2,11.2,5.6,1.4,1.4,1.4,0.0,5.6,4.2,14.0,-27.9,42.8,0,0,39.1,1,13222,1,13222,11353,12736,15059,8526,7227,8490,7874,13505,14344,13505,14058,1810,4254,6274,13296,8919,5243,8846,3567,5869,13962,23420,6244,2246,150,7311,1,25:46
2024-25,201572,Brook Lopez,Brook,1610612749,MIL,Milwaukee Bucks,0022400497,2025-01-06T00:00:00,MIL @ TOR,W,31.583333333333332,6.8,11.4,0.6,4.6,9.1,0.5,0.0,0.0,0.0,0.0,4.6,4.6,4.6,4.6,1.1,2.3,0.0,1.1,0.0,18.2,25.1,36.2,0,0,38.8,1,1,13086,1,6350,9321,14660,5394,2957,4642,3944,13505,14344,13505,14058,12101,15901,8512,2913,10678,2776,8846,18863,17725,9587,2799,10199,2246,150,7551,1,31:35
2024-25,1631165,Keon Ellis,Keon,1610612758,SAC,Sacramento Kings,0022400501,2025-01-06T00:00:00,SAC vs. MIA,W,48.516666666666666,4.5,8.2,0.545,2.2,5.2,0.429,1.5,2.2,0.667,0.7,5.2,5.9,2.2,1.5,2.2,0.7,0.0,3.0,2.2,12.6,5.2,30.5,0,0,28.9,1,1,13086,1,10,15922,20001,7695,9134,12715,7394,11822,12003,9425,14053,10295,12438,15526,12826,5288,8262,8846,10861,12049,15480,10008,14428,2246,150,14755,1,48:31
2024-25,1641857,Liam Robbins,Liam,1610612749,MIL,Milwaukee Bucks,0022400497,2025-01-06T00:00:00,MIL @ TOR,W,6.266666666666667,0.0,11.5,0.0,0.0,0.0,0.0,5.7,11.5,0.5,5.7,5.7,11.5,5.7,5.7,0.0,0.0,11.5,0.0,11.5,5.7,-28.7,22.4,0,0,23.0,1,1,13086,1,23472,22635,14490,22635,15070,20945,15070,3142,892,10625,1779,8934,3955,5958,1610,12854,8263,49,20257,237,21569,23540,19923,2246,150,19033,1,6:16
2024-25,1631200,Kris Murray,Kris,1610612757,POR,Portland Trail Blazers,0022400493,2025-01-06T00:00:00,POR @ DET,L,27.335,5.3,9.2,0.571,2.6,4.0,0.667,1.3,1.3,1.0,1.3,4.0,5.3,4.0,0.0,0.0,1.3,2.6,4.0,1.3,14.5,4.0,30.7,0,0,29.0,1,13222,1,13222,10079,13630,18377,6538,7730,15676,1957,12256,13704,1,11118,13875,14124,10068,16469,12854,5576,1830,7279,15824,13425,10677,14280,2246,150,14727,1,27:20
2024-25,1628989,Kevin Huerter,Kevin,1610612758,SAC,Sacramento Kings,0022400501,2025-01-06T00:00:00,SAC vs. MIA,W,15.15,7.1,19.0,0.375,2.4,9.5,0.25,0.0,0.0,0.0,0.0,4.8,4.8,2.4,2.4,2.4,0.0,2.4,2.4,0.0,16.6,-33.3,30.7,0,0,30.9,1,1,13086,1,19468,8628,3751,16299,8561,4102,11902,13505,14344,13505,14058,11564,15435,14959,8743,4775,8263,2273,13322,17725,11236,24204,14307,2246,150,13258,1,15:09
2024-25,203084,Harrison Barnes,Harrison,1610612759,SAS,San Antonio Spurs,0022400498,2025-01-06T00:00:00,SAS @ CHI,L,29.633333333333333,3.6,9.7,0.375,1.2,4.9,0.25,3.6,4.9,0.75,1.2,3.6,4.9,2.4,0.0,1.2,0.0,1.2,1.2,2.4,12.1,-7.3,25.3,0,0,23.1,1,13222,1,13222,8100,17977,17540,16299,13285,13537,11902,6399,6178,8186,11694,14807,15160,14776,16469,10053,8263,6155,18448,11226,15981,16636,18098,2246,150,18955,1,29:38
2024-25,204456,T.J. McConnell,T.J.,1610612754,IND,Indiana Pacers,0022400495,2025-01-06T00:00:00,IND @ BKN,W,17.133333333333333,6.3,8.4,0.75,0.0,0.0,0.0,4.2,4.2,1.0,0.0,2.1,2.1,4.2,0.0,4.2,0.0,0.0,4.2,4.2,16.8,2.1,38.2,0,0,31.5,1,1,13086,1,18175,10697,19633,2107,15070,20945,15070,5341,7403,1,14058,19356,21607,9374,16469,1453,8263,8846,6544,5832,11049,11567,8864,2246,150,12765,1,17:08
2024-25,1641711,Gradey Dick,Gradey,1610612761,TOR,Toronto Raptors,0022400497,2025-01-06T00:00:00,TOR vs. MIL,L,27.283333333333335,4.0,15.8,0.25,4.0,11.9,0.333,2.6,2.6,1.0,1.3,2.6,4.0,4.0,1.3,0.0,1.3,1.3,2.6,2.6,14.5,-19.8,27.8,0,0,29.0,1,13222,1,13222,10113,17188,7370,20233,4080,1851,9209,8716,10887,1,11103,17855,17418,10045,13715,12854,5566,5553,12290,10515,13393,21490,16339,2246,150,14678,1,27:17
2024-25,1629048,Goga Bitadze,Goga,1610612753,ORL,Orlando Magic,0022400496,2025-01-06T00:00:00,ORL @ NYK,W,22.3,4.8,8.1,0.6,0.0,0.0,0.0,0.0,0.0,0.0,1.6,11.3,12.9,6.5,1.6,0.0,4.8,0.0,1.6,3.2,9.7,6.5,47.8,0,0,38.7,1,1,13086,1,14279,14826,20137,5394,15070,20945,15070,13505,14344,13505,9866,1750,2864,4779,12280,12854,558,8846,16822,8465,18453,9388,4053,2246,150,7559,1,22:18
2024-25,1628973,Jalen Brunson,Jalen,1610612752,NYK,New York Knicks,0022400496,2025-01-06T00:00:00,NYK vs. ORL,L,35.895,8.0,21.1,0.381,0.0,1.0,0.0,8.0,10.0,0.8,1.0,0.0,1.0,4.0,2.0,1.0,0.0,1.0,6.0,9.0,24.1,-3.0,32.3,0,0,31.1,1,13222,1,13222,2762,6585,2302,16250,15070,20859,15070,1406,1355,7681,13230,22137,23204,9905,10493,11931,8263,7898,2914,648,4756,14574,13093,2246,150,13084,1,35:54
2024-25,1627824,Guerschon Yabusele,Guerschon,1610612755,PHI,Philadelphia 76ers,0022400494,2025-01-06T00:00:00,PHI vs. PHX,L,36.266666666666666,5.0,11.9,0.417,3.0,7.9,0.375,1.0,2.0,0.5,5.0,5.0,9.9,1.0,0.0,0.0,1.0,1.0,3.0,2.0,13.9,-8.9,30.3,1,0,29.8,1,13222,1,13222,2491,14502,13735,14532,6595,6546,8800,13260,12769,10625,2415,10986,5522,19699,16469,12854,7521,7987,10818,13144,14048,17397,14606,1,150,14117,1,36:16
2024-25,1628370,Malik Monk,Malik,1610612758,SAC,Sacramento Kings,0022400501,2025-01-06T00:00:00,SAC vs. MIA,W,48.516666666666666,5.9,18.6,0.32,0.7,6.7,0.111,4.5,5.2,0.857,1.5,2.2,3.7,4.5,0.7,1.5,0.0,0.7,2.2,3.7,17.1,5.2,31.9,0,0,28.9,1,1,13086,1,10,11690,4173,19139,15068,9146,15003,4906,5621,7071,10376,18993,18044,8765,16468,8480,8263,8841,13980,7107,10790,10008,13399,2246,150,14755,1,48:31
2024-25,1630175,Cole Anthony,Cole,1610612753,ORL,Orlando Magic,0022400496,2025-01-06T00:00:00,ORL @ NYK,W,36.63333333333333,8.8,17.7,0.5,2.9,5.9,0.5,2.9,3.9,0.75,2.0,4.9,6.9,3.9,2.0,1.0,0.0,0.0,2.9,4.9,23.6,2.9,38.7,0,0,39.3,1,1,13086,1,2264,4979,5027,8526,6685,10949,3944,7959,7985,8186,8544,11126,10362,10130,10687,12093,8263,8846,10940,4268,5069,11145,8579,2246,150,7189,1,36:38
2024-25,1629640,Keldon Johnson,Keldon,1610612759,SAS,San Antonio Spurs,0022400498,2025-01-06T00:00:00,SAS @ CHI,L,21.783333333333335,8.3,16.5,0.5,1.7,6.6,0.25,0.0,3.3,0.0,1.7,3.3,5.0,1.7,1.7,1.7,0.0,0.0,3.3,1.7,18.2,-1.7,29.9,0,0,29.7,1,13222,1,13222,14685,6054,6389,8526,11529,9293,11902,13505,9296,13505,9736,15779,14910,17495,12126,7797,8263,8846,9439,14435,9644,13858,14858,2246,150,14137,1,21:47
2024-25,1631110,Jeremy Sochan,Jeremy,1610612759,SAS,San Antonio Spurs,0022400498,2025-01-06T00:00:00,SAS @ CHI,L,26.668333333333333,6.7,9.4,0.714,1.3,4.0,0.333,0.0,0.0,0.0,4.0,1.3,5.4,2.7,2.7,1.3,1.3,0.0,1.3,0.0,14.8,-2.7,30.8,0,0,29.7,1,13222,1,13222,10588,9576,18045,2752,12656,15478,9209,13505,14344,13505,3529,21187,13819,13914,7540,9192,5445,8846,17824,17725,13068,14401,14217,2246,150,14164,1,26:40
2024-25,1631170,Jaime Jaquez Jr.,Jaime,1610612748,MIA,Miami Heat,0022400501,2025-01-06T00:00:00,MIA @ SAC,L,45.568333333333335,5.5,11.9,0.467,0.0,1.6,0.0,1.6,3.2,0.5,3.2,6.3,9.5,7.9,2.4,4.0,0.8,3.2,2.4,1.6,12.6,-3.2,47.7,1,1,39.5,1,13222,1,13222,43,12913,13864,12249,15070,20194,15070,11630,9591,10625,5021,7657,6088,3001,8773,1686,8251,1186,13348,14693,15449,14652,4066,1,1,7068,1,45:34
2024-25,1629634,Brandon Clarke,Brandon,1610612763,MEM,Memphis Grizzlies,0022400499,2025-01-06T00:00:00,MEM vs. DAL,W,14.89,7.3,16.9,0.429,0.0,0.0,0.0,0.0,2.4,0.0,0.0,4.8,4.8,2.4,2.4,2.4,2.4,0.0,9.7,2.4,14.5,9.7,36.0,0,0,31.4,1,1,13086,1,19643,8328,5886,13735,15070,20945,15070,13505,11428,13505,14058,11318,15210,14818,8581,4641,2523,8846,776,11278,13405,7857,10356,2246,150,12830,1,14:53
2024-25,1631105,Jalen Duren,Jalen,1610612765,DET,Detroit Pistons,0022400493,2025-01-06T00:00:00,DET vs. POR,W,27.41,9.2,14.4,0.636,0.0,0.0,0.0,0.0,0.0,0.0,7.9,7.9,15.8,5.3,3.9,0.0,0.0,2.6,0.0,0.0,18.4,2.6,41.2,1,0,39.4,1,1,13086,1,10010,4367,9439,4689,15070,20945,15070,13505,14344,13505,822,4896,1500,6932,3994,12854,8263,1841,20257,17725,9429,11308,7028,1,150,7130,1,27:25
2024-25,1631207,Dalen Terry,Dalen,1610612741,CHI,Chicago Bulls,0022400498,2025-01-06T00:00:00,CHI vs. SAS,W,5.45,0.0,0.0,0.0,0.0,0.0,0.0,0.0,0.0,0.0,0.0,13.2,13.2,0.0,13.2,0.0,0.0,0.0,0.0,0.0,0.0,-52.8,2.6,0,0,13.2,1,1,13086,1,23808,22635,24836,22635,15070,20945,15070,13505,14344,13505,14058,951,2662,19908,158,12854,8263,8846,20257,17725,23200,25504,25139,2246,150,23644,1,5:27
2024-25,1628997,Caleb Martin,Caleb,1610612755,PHI,Philadelphia 76ers,0022400494,2025-01-06T00:00:00,PHI vs. PHX,L,37.12,1.9,5.8,0.333,1.0,1.9,0.5,2.9,5.8,0.5,1.0,5.8,6.8,2.9,1.0,1.9,1.0,0.0,3.9,3.9,7.8,-4.8,28.0,0,0,24.2,1,13222,1,13222,1907,21515,22794,17395,14707,19662,3944,8064,4732,10625,13499,8758,10557,13246,16029,6566,7692,8846,7515,6627,20119,15500,16212,2246,150,18170,1,37:07
2024-25,203482,Kelly Olynyk,Kelly,1610612761,TOR,Toronto Raptors,0022400497,2025-01-06T00:00:00,TOR vs. MIL,L,10.0,3.6,14.4,0.25,0.0,3.6,0.0,3.6,7.2,0.5,0.0,3.6,3.6,7.2,0.0,3.6,0.0,0.0,3.6,3.6,10.8,3.6,36.7,0,0,28.8,1,13222,1,13222,22105,18082,9521,20233,15070,16439,15070,6488,3169,10625,14058,14927,18325,3761,16469,2093,8263,8846,8427,7390,17370,10855,9879,2246,150,14855,1,10:00
2024-25,1642530,Yuki Kawamura,Yuki,1610612763,MEM,Memphis Grizzlies,0022400499,2025-01-06T00:00:00,MEM vs. DAL,W,2.3,0.0,15.7,0.0,0.0,15.7,0.0,0.0,0.0,0.0,0.0,15.7,15.7,15.7,0.0,0.0,0.0,0.0,31.3,0.0,0.0,15.7,42.3,0,0,31.3,1,1,13086,1,25316,22635,7604,22635,15070,571,15070,13505,14344,13505,14058,473,1536,239,16469,12854,8263,8846,35,17725,23200,5367,6495,2246,150,12918,1,2:18
2024-25,1630579,Jericho Sims,Jericho,1610612752,NYK,New York Knicks,0022400496,2025-01-06T00:00:00,NYK vs. ORL,L,29.466666666666665,2.4,4.9,0.5,0.0,0.0,0.0,0.0,0.0,0.0,2.4,9.8,12.2,2.4,2.4,0.0,1.2,1.2,1.2,1.2,4.9,-4.9,24.4,0,0,22.0,1,13222,1,13222,8251,20564,23538,8526,15070,20945,15070,13505,14344,13505,6795,2744,3332,14725,8473,12854,6042,6114,18418,16288,22069,15519,18660,2246,150,19684,1,29:28
2024-25,1627739,Kris Dunn,Kris,1610612746,LAC,LA Clippers,0022400500,2025-01-06T00:00:00,LAC @ MIN,L,21.013333333333332,1.7,8.6,0.2,0.0,6.9,0.0,0.0,0.0,0.0,1.7,1.7,3.4,0.0,0.0,0.0,3.4,0.0,5.1,0.0,3.4,-17.1,17.8,0,0,13.7,1,13222,1,13222,15291,21885,19399,21401,15070,8773,15070,13505,14344,13505,9526,20427,18709,19908,16469,12854,1282,8846,4300,17725,22797,20670,22171,2246,150,23498,1,21:01
2024-25,1629130,Duncan Robinson,Duncan,1610612748,MIA,Miami Heat,0022400501,2025-01-06T00:00:00,MIA @ SAC,L,24.965,4.3,11.5,0.375,2.9,10.1,0.286,0.0,0.0,0.0,0.0,2.9,2.9,5.8,2.9,0.0,0.0,1.4,1.4,0.0,11.5,-2.9,20.8,0,0,23.1,1,13222,1,13222,12043,16260,14413,16299,6923,3382,11433,13505,14344,13505,14058,17135,20032,5915,6902,12854,8263,5015,17471,17725,16632,14504,20809,2246,150,18963,1,24:58
2024-25,1642377,Jaylen Wells,Jaylen,1610612763,MEM,Memphis Grizzlies,0022400499,2025-01-06T00:00:00,MEM vs. DAL,W,34.92666666666667,3.1,11.3,0.273,1.0,5.2,0.2,10.3,11.3,0.909,2.1,9.3,11.3,1.0,0.0,0.0,0.0,1.0,1.0,6.2,17.5,18.6,32.7,1,0,30.9,1,1,13086,1,3524,19220,14767,20048,14359,12818,13429,617,939,6764,8117,3228,4103,19588,16469,12854,8263,7657,19526,2413,10304,4393,12822,1,150,13232,1,34:56
2024-25,1630314,Brandon Williams,Brandon,1610612742,DAL,Dallas Mavericks,0022400499,2025-01-06T00:00:00,DAL @ MEM,L,1.25,0.0,0.0,0.0,0.0,0.0,0.0,28.8,57.6,0.5,0.0,0.0,0.0,0.0,0.0,0.0,0.0,0.0,0.0,28.8,28.8,-57.6,28.8,0,0,28.8,1,13222,1,13222,25934,22635,24836,22635,15070,20945,15070,34,9,10625,14058,22137,23286,19908,16469,12854,8263,8846,20257,9,2484,25621,15629,2246,150,14855,1,1:15
2024-25,1642345,Oso Ighodaro,Oso,1610612756,PHX,Phoenix Suns,0022400494,2025-01-06T00:00:00,PHX @ PHI,W,21.003333333333334,6.9,10.3,0.667,0.0,1.7,0.0,0.0,0.0,0.0,3.4,6.9,10.3,5.1,3.4,0.0,0.0,0.0,3.4,0.0,13.7,10.3,30.3,0,0,29.1,1,1,13086,1,15295,9285,16596,3281,15070,20030,15070,13505,14344,13505,4488,6617,5141,7154,5171,12854,8263,8846,8980,17725,14268,7565,14549,2246,150,14596,1,21:00
2024-25,1628371,Jonathan Isaac,Jonathan,1610612753,ORL,Orlando Magic,0022400496,2025-01-06T00:00:00,ORL @ NYK,W,25.461666666666666,5.7,7.1,0.8,1.4,1.4,1.0,5.7,8.5,0.667,5.7,7.1,12.7,1.4,0.0,0.0,2.8,0.0,1.4,4.2,18.4,9.9,44.3,0,0,39.6,1,1,13086,1,11619,12541,21476,1688,12390,20368,1,3246,2202,9425,1839,6232,2980,18297,16469,12854,1912,8846,17567,5738,9437,7738,5536,2246,150,7020,1,25:28
2024-25,1626166,Cameron Payne,Cameron,1610612752,NYK,New York Knicks,0022400496,2025-01-06T00:00:00,NYK vs. ORL,L,12.05,6.0,20.9,0.286,6.0,14.9,0.4,6.0,6.0,1.0,3.0,0.0,3.0,6.0,6.0,0.0,0.0,0.0,3.0,3.0,23.9,-9.0,30.5,0,0,38.8,1,13222,1,13222,21207,11594,2396,19630,1320,709,7874,2888,4506,1,5375,22137,19772,5542,1403,12854,8263,8846,10783,9301,4875,17408,14438,2246,150,7493,1,12:03
2024-25,1628467,Maxi Kleber,Maxi,1610612742,DAL,Dallas Mavericks,0022400499,2025-01-06T00:00:00,DAL @ MEM,L,22.533333333333335,3.2,4.8,0.667,0.0,1.6,0.0,0.0,0.0,0.0,0.0,3.2,3.2,1.6,1.6,0.0,1.6,0.0,4.8,0.0,6.4,4.8,15.8,0,0,14.4,1,13222,1,13222,14083,19008,23610,3281,15070,20170,15070,13505,14344,13505,14058,16103,19248,17658,12345,12854,4560,8846,5077,17725,21130,10221,22919,2246,150,23293,1,22:32
2024-25,203458,Alex Len,Alex,1610612758,SAC,Sacramento Kings,0022400501,2025-01-06T00:00:00,SAC vs. MIA,W,2.415,0.0,0.0,0.0,0.0,0.0,0.0,0.0,0.0,0.0,14.9,14.9,29.8,0.0,14.9,0.0,0.0,0.0,14.9,0.0,0.0,29.8,20.9,0,0,29.8,1,1,13086,1,25268,22635,24836,22635,15070,20945,15070,13505,14344,13505,134,593,86,19908,113,12854,8263,8846,245,17725,23200,1989,20758,2246,150,14089,1,2:25
2024-25,1627884,Derrick Jones Jr.,Derrick,1610612746,LAC,LA Clippers,0022400500,2025-01-06T00:00:00,LAC @ MIN,L,25.473333333333333,4.2,7.1,0.6,1.4,2.8,0.5,4.2,5.7,0.75,0.0,2.8,2.8,1.4,0.0,1.4,0.0,0.0,1.4,5.7,14.1,18.4,23.9,0,0,22.6,1,13222,1,13222,11608,16482,21480,5394,12392,18003,3944,5279,4972,8186,14058,17312,20177,18299,16469,8830,8263,8846,17573,3115,13805,4442,19029,2246,150,19276,1,25:28
2024-25,203915,Spencer Dinwiddie,Spencer,1610612742,DAL,Dallas Mavericks,0022400499,2025-01-06T00:00:00,DAL @ MEM,L,29.566666666666666,2.4,3.7,0.667,2.4,2.4,1.0,0.0,0.0,0.0,0.0,1.2,1.2,3.7,2.4,0.0,0.0,0.0,4.9,1.2,7.3,-11.0,11.8,0,0,14.6,1,13222,1,13222,8168,20583,24250,3281,8354,18739,1,13505,14344,13505,14058,21471,22921,10926,8504,12854,8263,8846,4900,16313,20482,18297,24058,2246,150,23211,1,29:34
2024-25,202691,Klay Thompson,Klay,1610612742,DAL,Dallas Mavericks,0022400499,2025-01-06T00:00:00,DAL @ MEM,L,26.6,6.8,21.7,0.313,4.1,10.8,0.375,2.7,2.7,1.0,1.4,4.1,5.4,4.1,1.4,0.0,2.7,0.0,0.0,1.4,20.3,-24.4,39.7,0,0,39.2,1,13222,1,13222,10642,9513,1959,19175,3867,2648,8800,8567,10732,1,10967,13543,13773,9775,13554,12854,2072,8846,20257,15659,7659,22654,7990,2246,150,7240,1,26:36
2024-25,1630166,Deni Avdija,Deni,1610612757,POR,Portland Trail Blazers,0022400493,2025-01-06T00:00:00,POR @ DET,L,29.465,7.3,15.9,0.462,1.2,6.1,0.2,1.2,1.2,1.0,1.2,3.7,4.9,3.7,1.2,1.2,0.0,0.0,3.7,2.4,17.1,9.8,30.9,0,0,29.3,1,13222,1,13222,8262,8167,7289,12428,13257,10420,13429,12524,13852,1,11652,14738,15094,10889,14279,9999,8263,8846,8205,11185,10736,7803,14119,2246,150,14461,1,29:28
2024-25,1630198,Isaiah Joe,Isaiah,1610612760,OKC,Oklahoma City Thunder,0022400487,2025-01-05T00:00:00,OKC vs. BOS,W,16.906666666666666,4.3,10.6,0.4,4.3,10.6,0.4,0.0,0.0,0.0,2.1,2.1,4.3,4.3,0.0,2.1,0.0,0.0,0.0,2.1,12.8,-10.6,30.7,0,0,29.8,1,1,13086,1,18317,16438,15974,14933,3469,2834,7874,13505,14344,13505,7849,19274,16650,9232,16469,5662,8263,8846,20257,12485,15318,18160,14304,2246,150,14092,1,16:54
2024-25,204001,Kristaps Porziņģis,Kristaps,1610612738,BOS,Boston Celtics,0022400487,2025-01-05T00:00:00,BOS @ OKC,L,29.31,7.4,14.7,0.5,1.2,7.4,0.167,7.4,7.4,1.0,4.9,6.1,11.1,1.2,4.9,1.2,0.0,1.2,6.1,7.4,23.3,-20.9,37.2,0,0,39.3,1,13222,1,13222,8397,8080,8990,8526,13217,7683,14236,1755,3028,1,2452,8021,4362,18925,2448,9956,8263,6073,2776,1408,5256,21802,9521,2246,150,7194,1,29:19
2024-25,1630598,Aaron Wiggins,Aaron,1610612760,OKC,Oklahoma City Thunder,0022400487,2025-01-05T00:00:00,OKC vs. BOS,W,19.583333333333332,11.0,16.5,0.667,5.5,11.0,0.5,0.0,0.0,0.0,0.0,1.8,1.8,3.7,1.8,0.0,0.0,0.0,5.5,0.0,27.6,3.7,33.5,0,0,38.6,1,1,13086,1,16344,2233,6372,3281,1722,2456,3944,13505,14344,13505,14058,20143,22104,10855,11371,12854,8263,8846,3678,17725,2941,10823,12220,2246,150,7639,1,19:35
2024-25,1629731,Dean Wade,Dean,1610612739,CLE,Cleveland Cavaliers,0022400488,2025-01-05T00:00:00,CLE vs. CHA,W,21.788333333333334,3.3,6.6,0.5,3.3,6.6,0.5,0.0,0.0,0.0,1.7,5.0,6.6,3.3,0.0,0.0,0.0,0.0,3.3,0.0,9.9,28.1,22.8,0,0,23.1,1,1,13086,1,14684,18745,22003,8526,5646,9297,3944,13505,14344,13505,9739,11012,10932,11964,16469,12854,8263,8846,9441,17725,18248,2252,19682,2246,150,18910,1,21:47
2024-25,1630559,Austin Reaves,Austin,1610612747,LAL,Los Angeles Lakers,0022400491,2025-01-05T00:00:00,LAL @ HOU,L,41.3,5.2,11.3,0.462,2.6,5.2,0.5,5.2,6.1,0.857,0.0,0.0,0.0,8.7,0.0,0.0,0.0,0.9,1.7,3.5,18.3,10.5,31.4,1,0,29.6,1,13222,1,13222,324,13723,14775,12428,7774,12635,3944,3729,4346,7071,14058,22137,23286,2259,16469,12854,8263,8734,16398,7698,9516,7486,13766,1,150,14220,1,41:18
2024-25,1629003,Shake Milton,Shake,1610612747,LAL,Los Angeles Lakers,0022400491,2025-01-05T00:00:00,LAL @ HOU,L,4.966666666666667,0.0,0.0,0.0,0.0,0.0,0.0,7.2,14.5,0.5,7.2,0.0,7.2,0.0,14.5,0.0,0.0,0.0,0.0,7.2,7.2,-116.0,1.4,0,0,14.5,1,13222,1,13222,24003,22635,24836,22635,15070,20945,15070,1830,392,10625,1042,22137,9654,19908,127,12854,8263,8846,20257,1478,20527,26220,25187,2246,150,23255,1,4:58
2024-25,1630526,Jeremiah Robinson-Earl,Jeremiah,1610612740,NOP,New Orleans Pelicans,0022400489,2025-01-05T00:00:00,NOP @ WAS,W,10.4,3.5,6.9,0.5,3.5,6.9,0.5,0.0,0.0,0.0,3.5,10.4,13.8,3.5,0.0,0.0,0.0,0.0,0.0,0.0,10.4,34.6,32.2,0,0,31.2,1,1,13086,1,21961,18401,21640,8526,5236,8620,3944,13505,14344,13505,4431,2295,2308,11516,16469,12854,8263,8846,20257,17725,17772,1433,13181,2246,150,13037,1,10:24
2024-25,202685,Jonas Valančiūnas,Jonas,1610612764,WAS,Washington Wizards,0022400489,2025-01-05T00:00:00,WAS vs. NOP,L,19.678333333333335,5.5,9.1,0.6,0.0,0.0,0.0,0.0,0.0,0.0,1.8,11.0,12.8,3.7,1.8,0.0,1.8,1.8,3.7,1.8,11.0,-34.8,35.5,0,0,31.1,1,13222,1,13222,16280,13016,18488,5394,15070,20945,15070,13505,14344,13505,9133,1917,2937,10913,11412,12854,3984,3805,8236,13811,17199,24384,10735,2246,150,13075,1,19:41
2024-25,1641708,Amen Thompson,Amen,1610612745,HOU,Houston Rockets,0022400491,2025-01-05T00:00:00,HOU vs. LAL,W,40.571666666666665,9.8,16.9,0.579,0.0,2.7,0.0,0.9,3.5,0.25,5.3,8.9,14.2,2.7,3.5,0.9,0.0,1.8,1.8,3.5,20.4,0.9,40.6,1,0,39.0,1,1,13086,1,440,3522,5971,6486,15070,18328,15070,13462,8791,13358,2071,3636,2149,14013,4914,12713,8263,3968,16289,7531,7574,12218,7427,1,150,7360,1,40:34
2024-25,203468,CJ McCollum,CJ,1610612740,NOP,New Orleans Pelicans,0022400489,2025-01-05T00:00:00,NOP @ WAS,W,35.71666666666667,9.1,18.1,0.5,6.0,11.1,0.545,1.0,2.0,0.5,0.0,3.0,3.0,3.0,3.0,0.0,1.0,2.0,1.0,1.0,25.2,-5.0,33.4,0,0,39.3,1,1,13086,1,2887,4572,4521,8526,1271,2421,3863,13218,12677,10625,14058,16636,19653,12848,6377,12854,7432,3179,19658,17370,4124,15610,12285,2246,150,7187,1,35:43
2024-25,1631117,Walker Kessler,Walker,1610612762,UTA,Utah Jazz,0022400490,2025-01-05T00:00:00,UTA @ ORL,W,28.85,5.0,7.5,0.667,0.0,0.0,0.0,2.5,2.5,1.0,7.5,13.7,21.2,2.5,2.5,0.0,1.2,0.0,3.7,2.5,12.5,1.2,42.9,1,0,38.7,1,1,13086,1,8805,14407,20942,3281,15070,20945,15070,9060,11219,1,958,819,395,14556,8262,12854,5906,8846,7930,11003,15622,11978,6162,1,150,7598,1,28:51
2024-25,1641722,Jordan Hawkins,Jordan,1610612740,NOP,New Orleans Pelicans,0022400489,2025-01-05T00:00:00,NOP @ WAS,W,12.283333333333333,5.9,29.3,0.2,5.9,20.5,0.286,0.0,0.0,0.0,0.0,5.9,5.9,0.0,2.9,0.0,0.0,2.9,2.9,0.0,17.6,49.8,21.7,0,0,29.3,1,1,13086,1,21109,11914,317,21401,1421,215,11433,13505,14344,13505,14058,8638,12608,19908,6714,12854,8263,1415,11023,17725,10238,553,20324,2246,150,14471,1,12:17
2024-25,1627763,Malcolm Brogdon,Malcolm,1610612764,WAS,Washington Wizards,0022400489,2025-01-05T00:00:00,WAS vs. NOP,L,14.561666666666667,4.9,17.3,0.286,0.0,4.9,0.0,0.0,0.0,0.0,0.0,7.4,7.4,12.4,2.5,0.0,0.0,0.0,0.0,2.5,9.9,-29.7,34.9,0,0,29.7,1,13222,1,13222,19851,14567,5448,19630,15070,13331,15070,13505,14344,13505,14058,5657,9341,644,8361,12854,8263,8846,20257,11093,18269,23686,11146,2246,150,14189,1,14:34
2024-25,1627832,Fred VanVleet,Fred,1610612745,HOU,Houston Rockets,0022400491,2025-01-05T00:00:00,HOU vs. LAL,W,42.38,4.2,10.2,0.417,2.5,6.8,0.375,1.7,2.5,0.667,0.0,1.7,1.7,1.7,0.0,0.8,0.8,0.0,0.8,2.5,12.7,-4.2,22.4,0,0,22.1,1,1,13086,1,218,16469,16745,14532,7977,8906,8800,11416,11087,9425,14058,20461,22300,17371,16469,12789,8189,8846,20211,10810,15347,15201,19915,2246,150,19627,1,42:23
2024-25,1631109,Mark Williams,Mark,1610612766,CHA,Charlotte Hornets,0022400488,2025-01-05T00:00:00,CHA @ CLE,L,28.333333333333332,5.1,8.9,0.571,0.0,0.0,0.0,3.8,3.8,1.0,1.3,10.2,11.4,1.3,2.5,1.3,1.3,1.3,6.4,3.8,14.0,-11.4,34.7,0,0,31.8,1,13222,1,13222,9268,14137,18872,6538,15070,20945,15070,6060,8218,1,11355,2448,4024,18759,8074,9646,5794,5809,2535,6819,13959,18500,11305,2246,150,12561,1,28:20
2024-25,201959,Taj Gibson,Taj,1610612766,CHA,Charlotte Hornets,0022400488,2025-01-05T00:00:00,CHA @ CLE,L,7.9816666666666665,0.0,0.0,0.0,0.0,0.0,0.0,4.5,9.0,0.5,0.0,0.0,0.0,0.0,0.0,0.0,4.5,0.0,0.0,4.5,4.5,36.1,18.0,0,0,13.5,1,13222,1,13222,22819,22635,24836,22635,15070,20945,15070,4816,1854,10625,14058,22137,23286,19908,16469,12854,683,8846,20257,5116,22289,1280,22076,2246,150,23548,1,7:59
2024-25,1630541,Moses Moody,Moses,1610612744,GSW,Golden State Warriors,0022400492,2025-01-05T00:00:00,GSW vs. SAC,L,26.1,6.9,13.8,0.5,4.1,8.3,0.5,0.0,0.0,0.0,0.0,1.4,1.4,2.8,2.8,2.8,0.0,0.0,1.4,0.0,17.9,-6.9,29.2,0,0,31.7,1,13222,1,13222,11088,9172,10500,8526,3701,5960,3944,13505,14344,13505,14058,21128,22722,13719,7347,3782,8263,8846,17708,17725,9907,16472,15332,2246,150,12603,1,26:06
2024-25,1628415,Dillon Brooks,Dillon,1610612745,HOU,Houston Rockets,0022400491,2025-01-05T00:00:00,HOU vs. LAL,W,32.666666666666664,2.2,8.8,0.25,1.1,4.4,0.25,0.0,0.0,0.0,1.1,4.4,5.5,3.3,0.0,0.0,0.0,0.0,2.2,0.0,5.5,-4.4,17.1,0,0,15.4,1,1,13086,1,5424,21027,18989,20233,13932,14656,11902,13505,14344,13505,12452,12502,13509,11958,16469,12854,8263,8846,14073,17725,21728,15276,22453,2246,150,22901,1,32:40
2024-25,1631114,Jalen Williams,Jalen,1610612760,OKC,Oklahoma City Thunder,0022400487,2025-01-05T00:00:00,OKC vs. BOS,W,34.78666666666667,3.1,10.3,0.3,1.0,3.1,0.333,3.1,4.1,0.75,0.0,6.2,6.2,5.2,4.1,1.0,0.0,1.0,5.2,5.2,10.3,19.7,24.5,0,0,24.8,1,1,13086,1,3625,19192,16467,19363,14340,17452,9209,7533,7552,8186,14058,7875,11805,7077,3593,11638,8263,7624,4241,3811,17806,4048,18590,2246,150,17803,1,34:47
2024-25,1631165,Keon Ellis,Keon,1610612758,SAC,Sacramento Kings,0022400492,2025-01-05T00:00:00,SAC @ GSW,W,24.475,4.4,10.3,0.429,1.5,4.4,0.333,5.9,5.9,1.0,0.0,1.5,1.5,2.9,0.0,2.9,0.0,0.0,1.5,5.9,16.2,27.9,31.2,0,0,27.9,1,1,13086,1,12507,16037,16568,13735,12156,14649,9209,2986,4633,1,14058,20943,22607,13125,16469,3292,8263,8846,17344,2772,11745,2278,13914,2246,150,15461,1,24:29
2024-25,1628436,Luke Kornet,Luke,1610612738,BOS,Boston Celtics,0022400487,2025-01-05T00:00:00,BOS @ OKC,L,14.636666666666667,4.9,4.9,1.0,0.0,0.0,0.0,0.0,0.0,0.0,2.5,7.4,9.8,0.0,0.0,0.0,2.5,0.0,4.9,0.0,9.8,-4.9,29.0,0,0,24.6,1,13222,1,13222,19801,14638,23518,1,15070,20945,15070,13505,14344,13505,6750,5713,5622,19908,16469,12854,2455,8846,4802,17725,18326,15540,15471,2246,150,17951,1,14:38
2024-25,1628401,Derrick White,Derrick,1610612738,BOS,Boston Celtics,0022400487,2025-01-05T00:00:00,BOS @ OKC,L,37.263333333333335,3.9,12.6,0.308,1.9,10.6,0.182,1.0,1.9,0.5,0.0,3.9,3.9,3.9,2.9,1.0,2.9,0.0,1.0,1.0,10.6,-7.7,29.8,0,0,28.0,1,13222,1,13222,1828,17416,12640,19226,10492,2854,14207,13335,12902,10625,14058,14139,17669,10323,6852,12233,1825,8846,19876,17498,17533,16846,14971,2246,150,15411,1,37:16
2024-25,201143,Al Horford,Al,1610612738,BOS,Boston Celtics,0022400487,2025-01-05T00:00:00,BOS @ OKC,L,24.523333333333333,2.9,8.8,0.333,2.9,7.3,0.4,0.0,0.0,0.0,2.9,8.8,11.7,1.5,2.9,1.5,0.0,1.5,1.5,1.5,8.8,-1.5,26.6,0,0,27.9,1,13222,1,13222,12459,19567,19009,17395,6740,7742,7874,13505,14344,13505,5497,3715,3719,18104,6699,8544,8263,4894,17357,15141,19262,13787,17236,2246,150,15503,1,24:31
2024-25,1630311,Pat Spencer,Pat,1610612744,GSW,Golden State Warriors,0022400492,2025-01-05T00:00:00,GSW vs. SAC,L,12.0,3.0,12.0,0.25,0.0,3.0,0.0,6.0,12.0,0.5,0.0,3.0,3.0,12.0,0.0,3.0,0.0,3.0,0.0,12.0,12.0,0.0,42.6,0,0,33.0,1,13222,1,13222,21228,19415,13575,20233,15070,17643,15070,2855,766,10625,14058,16717,19729,719,16469,3139,8263,1329,20257,199,16132,12240,6306,2246,150,11653,1,12:00
2024-25,203110,Draymond Green,Draymond,1610612744,GSW,Golden State Warriors,0022400492,2025-01-05T00:00:00,GSW vs. SAC,L,25.233333333333334,5.7,11.4,0.5,2.9,5.7,0.5,0.0,0.0,0.0,1.4,4.3,5.7,5.7,7.1,2.9,1.4,0.0,4.3,2.9,14.3,-21.4,35.4,0,0,37.1,1,13222,1,13222,11804,12396,14634,8526,7035,11432,3944,13505,14344,13505,10642,12864,12997,6028,837,3541,5125,8846,6342,9753,13645,21938,10816,2246,150,8660,1,25:14
2024-25,1627777,Georges Niang,Georges,1610612739,CLE,Cleveland Cavaliers,0022400488,2025-01-05T00:00:00,CLE vs. CHA,W,18.361666666666668,7.8,13.7,0.571,3.9,9.8,0.4,0.0,0.0,0.0,0.0,3.9,3.9,5.9,5.9,0.0,0.0,0.0,9.8,0.0,19.6,11.8,27.3,0,0,33.3,1,1,13086,1,17314,6980,10611,6538,4162,3725,7874,13505,14344,13505,14058,13964,17511,5702,1476,12854,8263,8846,747,17725,8254,6903,16780,2246,150,11374,1,18:22
2024-25,203952,Andrew Wiggins,Andrew,1610612744,GSW,Golden State Warriors,0022400492,2025-01-05T00:00:00,GSW vs. SAC,L,26.018333333333334,9.7,18.0,0.538,1.4,4.2,0.333,4.2,5.5,0.75,1.4,4.2,5.5,1.4,2.8,0.0,0.0,1.4,4.2,5.5,24.9,-31.8,30.9,0,0,33.2,1,13222,1,13222,11147,3622,4709,7978,12509,15232,9209,5438,5142,8186,10827,13268,13458,18398,7328,12854,8263,5248,6692,3292,4256,24011,14169,2246,150,11493,1,26:01
2024-25,2544,LeBron James,LeBron,1610612747,LAL,Los Angeles Lakers,0022400491,2025-01-05T00:00:00,LAL @ HOU,L,36.05,8.0,16.0,0.5,4.0,7.0,0.571,1.0,2.0,0.5,1.0,12.0,13.0,9.0,2.0,1.0,0.0,1.0,4.0,2.0,21.0,-13.0,51.0,1,0,48.9,1,13222,1,13222,2646,6655,7141,8526,4010,8480,3506,13239,12730,10625,13263,1369,2815,2037,10538,11972,8263,7938,7163,13095,7101,19119,2980,1,150,2851,1,36:03
2024-25,203926,Doug McDermott,Doug,1610612758,SAC,Sacramento Kings,0022400492,2025-01-05T00:00:00,SAC @ GSW,W,6.65,10.8,10.8,1.0,10.8,10.8,1.0,0.0,0.0,0.0,0.0,0.0,0.0,5.4,5.4,0.0,0.0,0.0,10.8,0.0,32.5,-10.8,35.2,0,0,48.7,1,1,13086,1,23303,2393,15644,1,165,2648,1,13505,14344,13505,14058,22137,23286,6604,1887,12854,8263,8846,557,17725,1419,18242,10940,2246,150,2913,1,6:39
2024-25,1629234,Drew Eubanks,Drew,1610612762,UTA,Utah Jazz,0022400490,2025-01-05T00:00:00,UTA @ ORL,W,16.566666666666666,6.5,6.5,1.0,0.0,0.0,0.0,2.2,4.3,0.5,0.0,6.5,6.5,2.2,2.2,2.2,4.3,0.0,2.2,2.2,15.2,26.1,43.7,0,0,36.9,1,1,13086,1,18554,10136,22091,1,15070,20945,15070,10044,7113,10625,14058,7266,11133,15715,9623,5497,737,8846,14229,12277,12689,2603,5819,2246,150,8766,1,16:34
2024-25,203500,Steven Adams,Steven,1610612745,HOU,Houston Rockets,0022400491,2025-01-05T00:00:00,HOU vs. LAL,W,16.576666666666668,6.5,8.7,0.75,0.0,0.0,0.0,4.3,8.7,0.5,15.2,4.3,19.5,2.2,0.0,2.2,2.2,0.0,4.3,13.0,17.4,36.9,57.1,0,0,47.8,1,1,13086,1,18550,10157,19214,2107,15070,20945,15070,5084,2063,10625,124,12675,593,15720,16469,5506,3012,8846,6162,153,10448,1207,1615,2246,150,3231,1,16:35
2024-25,1629048,Goga Bitadze,Goga,1610612753,ORL,Orlando Magic,0022400490,2025-01-05T00:00:00,ORL vs. UTA,L,28.716666666666665,5.0,11.3,0.444,1.3,2.5,0.5,0.0,5.0,0.0,6.3,7.5,13.8,5.0,2.5,1.3,0.0,2.5,2.5,5.0,11.3,-15.0,36.6,0,0,33.8,1,13222,1,13222,8903,14342,14859,13045,13079,18608,3944,13505,5894,13505,1492,5460,2340,7434,8221,9775,8263,2032,12774,4089,16909,19921,9955,2246,150,10963,1,28:43
2024-25,201939,Stephen Curry,Stephen,1610612744,GSW,Golden State Warriors,0022400492,2025-01-05T00:00:00,GSW vs. SAC,L,29.706666666666667,9.7,14.5,0.667,4.8,9.7,0.5,7.3,7.3,1.0,0.0,8.5,8.5,0.0,4.8,1.2,0.0,0.0,3.6,4.8,31.5,-20.6,40.5,0,0,47.3,1,13222,1,13222,8037,3609,9293,3281,2496,3856,3944,1818,3117,1,14058,4069,7498,19908,2527,10080,8263,8846,8313,4398,1636,21727,7476,2246,150,3383,1,29:42
2024-25,1630163,LaMelo Ball,LaMelo,1610612766,CHA,Charlotte Hornets,0022400488,2025-01-05T00:00:00,CHA @ CLE,L,33.19166666666667,7.6,21.7,0.35,3.3,11.9,0.273,7.6,9.8,0.778,1.1,2.2,3.3,4.3,3.3,0.0,0.0,0.0,3.3,8.7,26.0,-7.6,33.2,0,0,36.9,1,13222,1,13222,4995,7543,1949,17337,5802,1819,11838,1615,1478,8092,12599,19161,19101,9040,5651,12854,8263,8846,9640,760,3665,16775,12439,2246,150,8801,1,33:12
2024-25,1630557,Corey Kispert,Corey,1610612764,WAS,Washington Wizards,0022400489,2025-01-05T00:00:00,WAS vs. NOP,L,26.378333333333334,1.4,13.6,0.1,0.0,9.6,0.0,4.1,4.1,1.0,0.0,1.4,1.4,0.0,1.4,0.0,1.4,2.7,2.7,1.4,6.8,-27.3,11.2,0,0,10.9,1,13222,1,13222,10842,22330,10743,22561,15070,4035,15070,5533,7643,1,14058,21162,22744,19908,13486,12854,5392,1699,11918,15600,20847,23296,24201,2246,150,24241,1,26:23
2024-25,1629629,Cam Reddish,Cam,1610612747,LAL,Los Angeles Lakers,0022400491,2025-01-05T00:00:00,LAL @ HOU,L,3.6,0.0,0.0,0.0,0.0,0.0,0.0,0.0,0.0,0.0,0.0,0.0,0.0,0.0,0.0,0.0,0.0,0.0,10.0,0.0,0.0,-120.0,0.0,0,0,0.0,1,13222,1,13222,24663,22635,24836,22635,15070,20945,15070,13505,14344,13505,14058,22137,23286,19908,16469,12854,8263,8846,701,17725,23200,26227,25228,2246,150,25259,1,3:36
2024-25,1630182,Josh Green,Josh,1610612766,CHA,Charlotte Hornets,0022400488,2025-01-05T00:00:00,CHA @ CLE,L,22.325,0.0,6.5,0.0,0.0,4.8,0.0,0.0,0.0,0.0,1.6,0.0,1.6,1.6,1.6,3.2,0.0,1.6,0.0,0.0,0.0,-21.0,12.4,0,0,9.7,1,13222,1,13222,14257,22635,22153,22635,15070,13603,15070,13505,14344,13505,9873,22137,22425,17612,12287,2689,8263,4402,20257,17725,23200,21819,23919,2246,150,24492,1,22:20
2024-25,1628369,Jayson Tatum,Jayson,1610612738,BOS,Boston Celtics,0022400487,2025-01-05T00:00:00,BOS @ OKC,L,38.86666666666667,6.5,15.7,0.412,1.9,5.6,0.333,9.3,11.1,0.833,0.9,8.3,9.3,0.9,1.9,1.9,0.0,1.9,0.9,6.5,24.1,-11.1,40.3,1,0,39.8,1,13222,1,13222,929,10224,7479,14791,10866,11821,9209,924,993,7275,13796,4237,6366,19837,11307,7018,8263,3732,20078,2103,4743,18370,7580,1,150,6879,1,38:52
2024-25,1630596,Evan Mobley,Evan,1610612739,CLE,Cleveland Cavaliers,0022400488,2025-01-05T00:00:00,CLE vs. CHA,W,31.4,6.9,14.9,0.462,1.1,6.9,0.167,4.6,5.7,0.8,1.1,4.6,5.7,1.1,1.1,1.1,2.3,1.1,1.1,8.0,19.5,11.5,37.3,0,0,34.4,1,1,13086,1,6506,9213,8743,12428,13667,8711,14236,4703,4846,7681,12141,12021,12935,19201,14819,10619,2763,6660,18833,1000,8382,7029,9490,2246,150,10530,1,31:24
2024-25,1628970,Miles Bridges,Miles,1610612766,CHA,Charlotte Hornets,0022400488,2025-01-05T00:00:00,CHA @ CLE,L,26.485,6.8,19.0,0.357,1.4,8.2,0.167,0.0,0.0,0.0,1.4,9.5,10.9,4.1,1.4,1.4,0.0,0.0,4.1,0.0,15.0,-19.0,36.8,0,0,34.0,1,13222,1,13222,10744,9429,3735,17140,12607,6167,14236,13505,14344,13505,10937,2995,4530,9715,13520,9142,8263,8846,6912,17725,12953,21248,9814,2246,150,10866,1,26:29
2024-25,1628371,Jonathan Isaac,Jonathan,1610612753,ORL,Orlando Magic,0022400490,2025-01-05T00:00:00,ORL vs. UTA,L,14.416666666666666,2.5,12.5,0.2,0.0,5.0,0.0,0.0,0.0,0.0,0.0,10.0,10.0,5.0,0.0,0.0,0.0,2.5,2.5,0.0,5.0,-20.0,24.5,0,0,20.0,1,13222,1,13222,19942,20461,12745,21401,15070,13218,15070,13505,14344,13505,14058,2597,5442,7480,16469,12854,8263,2047,12808,17725,22008,21541,18637,2246,150,20878,1,14:25
2024-25,1630264,Anthony Gill,Anthony,1610612764,WAS,Washington Wizards,0022400489,2025-01-05T00:00:00,WAS vs. NOP,L,7.266666666666667,0.0,0.0,0.0,0.0,0.0,0.0,0.0,0.0,0.0,0.0,0.0,0.0,0.0,5.0,5.0,0.0,0.0,5.0,0.0,0.0,9.9,9.9,0,0,9.9,1,13222,1,13222,23070,22635,24836,22635,15070,20945,15070,13505,14344,13505,14058,22137,23286,19908,2399,926,8263,8846,4710,17725,23200,7733,24436,2246,150,24443,1,7:16
2024-25,1641783,Tristan da Silva,Tristan,1610612753,ORL,Orlando Magic,0022400490,2025-01-05T00:00:00,ORL vs. UTA,L,30.666666666666668,3.5,12.9,0.273,0.0,4.7,0.0,0.0,0.0,0.0,3.5,7.0,10.6,2.3,0.0,0.0,0.0,0.0,2.3,1.2,7.0,-20.0,23.2,0,0,20.0,1,13222,1,13222,7151,18276,12012,20048,15070,13963,15070,13505,14344,13505,4341,6290,4846,15064,16469,12854,8263,8846,13448,16533,20692,21537,19416,2246,150,20885,1,30:40
2024-25,1630550,JT Thor,JT,1610612739,CLE,Cleveland Cavaliers,0022400488,2025-01-05T00:00:00,CLE vs. CHA,W,3.05,0.0,0.0,0.0,0.0,0.0,0.0,0.0,0.0,0.0,0.0,0.0,0.0,0.0,11.8,0.0,0.0,0.0,0.0,0.0,0.0,-106.2,-11.8,0,0,0.0,1,1,13086,1,24957,22635,24836,22635,15070,20945,15070,13505,14344,13505,14058,22137,23286,19908,211,12854,8263,8846,20257,17725,23200,26174,26240,2246,150,25259,1,3:03
2024-25,1631218,Trayce Jackson-Davis,Trayce,1610612744,GSW,Golden State Warriors,0022400492,2025-01-05T00:00:00,GSW vs. SAC,L,17.783333333333335,0.0,6.1,0.0,0.0,0.0,0.0,0.0,0.0,0.0,0.0,4.0,4.0,6.1,6.1,0.0,0.0,0.0,6.1,0.0,0.0,-32.4,7.9,0,0,10.1,1,13222,1,13222,17716,22635,22535,22635,15070,20945,15070,13505,14344,13505,14058,13576,17191,5361,1338,12854,8263,8846,2852,17725,23200,24085,24709,2246,150,24401,1,17:47
2024-25,1630551,Justin Champagnie,Justin,1610612764,WAS,Washington Wizards,0022400489,2025-01-05T00:00:00,WAS vs. NOP,L,27.27166666666667,1.3,7.9,0.167,1.3,5.3,0.25,0.0,0.0,0.0,2.6,4.0,6.6,5.3,1.3,0.0,1.3,1.3,2.6,0.0,4.0,-17.2,22.4,0,0,19.8,1,13222,1,13222,10129,22382,20386,21938,12783,12523,11902,13505,14344,13505,6249,13838,10951,6867,13713,12854,5564,5551,12287,17725,22568,20675,19907,2246,150,20982,1,27:16
2024-25,203471,Dennis Schröder,Dennis,1610612744,GSW,Golden State Warriors,0022400492,2025-01-05T00:00:00,GSW vs. SAC,L,20.966666666666665,1.7,12.0,0.143,0.0,3.4,0.0,1.7,3.4,0.5,1.7,1.7,3.4,3.4,1.7,0.0,0.0,1.7,1.7,3.4,5.2,-37.8,12.7,0,0,12.0,1,13222,1,13222,15314,21878,13554,22260,15070,16802,15070,11387,9019,10625,9515,20423,18699,11590,11854,12854,8263,4101,16476,7858,21934,24676,23842,2246,150,23966,1,20:58
2024-25,203995,Vasilije Micić,Vasilije,1610612766,CHA,Charlotte Hornets,0022400488,2025-01-05T00:00:00,CHA @ CLE,L,5.35,0.0,6.7,0.0,0.0,0.0,0.0,0.0,0.0,0.0,0.0,0.0,0.0,0.0,6.7,0.0,0.0,0.0,0.0,0.0,0.0,-53.8,-6.7,0,0,0.0,1,13222,1,13222,23840,22635,21854,22635,15070,20945,15070,13505,14344,13505,14058,22137,23286,19908,1005,12854,8263,8846,20257,17725,23200,25534,26188,2246,150,25259,1,5:21
2024-25,1642269,Devin Carter,Devin,1610612758,SAC,Sacramento Kings,0022400492,2025-01-05T00:00:00,SAC @ GSW,W,23.44333333333333,6.1,16.9,0.364,3.1,10.7,0.286,4.6,6.1,0.75,1.5,9.2,10.7,3.1,3.1,1.5,0.0,3.1,1.5,3.1,20.0,13.8,39.0,0,0,39.9,1,1,13086,1,13358,11112,5923,16861,6292,2719,11433,4668,4294,8186,10169,3293,4647,12687,6221,8252,8263,1264,17098,8992,7949,6075,8399,2246,150,6817,1,23:27
2024-25,1642281,Jaylon Tyson,Jaylon,1610612739,CLE,Cleveland Cavaliers,0022400488,2025-01-05T00:00:00,CLE vs. CHA,W,3.05,0.0,23.6,0.0,0.0,11.8,0.0,0.0,0.0,0.0,0.0,11.8,11.8,0.0,0.0,0.0,0.0,0.0,0.0,0.0,0.0,-106.2,14.2,0,0,11.8,1,1,13086,1,24957,22635,1186,22635,15070,1894,15070,13505,14344,13505,14058,1465,3657,19908,16469,12854,8263,8846,20257,17725,23200,26174,23443,2246,150,24028,1,3:03
2024-25,1631098,Johnny Davis,Johnny,1610612764,WAS,Washington Wizards,0022400489,2025-01-05T00:00:00,WAS vs. NOP,L,5.233333333333333,0.0,6.9,0.0,0.0,6.9,0.0,0.0,0.0,0.0,0.0,0.0,0.0,0.0,0.0,0.0,0.0,0.0,0.0,0.0,0.0,27.5,0.0,0,0,0.0,1,13222,1,13222,23896,22635,21698,22635,15070,8711,15070,13505,14344,13505,14058,22137,23286,19908,16469,12854,8263,8846,20257,17725,23200,2340,25228,2246,150,25259,1,5:14
2024-25,202684,Tristan Thompson,Tristan,1610612739,CLE,Cleveland Cavaliers,0022400488,2025-01-05T00:00:00,CLE vs. CHA,W,3.05,0.0,11.8,0.0,0.0,0.0,0.0,0.0,23.6,0.0,0.0,0.0,0.0,0.0,0.0,0.0,0.0,0.0,0.0,11.8,0.0,-106.2,0.0,0,0,0.0,1,1,13086,1,24957,22635,13924,22635,15070,20945,15070,13505,91,13505,14058,22137,23286,19908,16469,12854,8263,8846,20257,209,23200,26174,25228,2246,150,25259,1,3:03
2024-25,1641854,Craig Porter Jr.,Craig,1610612739,CLE,Cleveland Cavaliers,0022400488,2025-01-05T00:00:00,CLE vs. CHA,W,3.05,0.0,0.0,0.0,0.0,0.0,0.0,0.0,0.0,0.0,0.0,0.0,0.0,0.0,0.0,0.0,0.0,0.0,0.0,0.0,0.0,-106.2,0.0,0,0,0.0,1,1,13086,1,24957,22635,24836,22635,15070,20945,15070,13505,14344,13505,14058,22137,23286,19908,16469,12854,8263,8846,20257,17725,23200,26174,25228,2246,150,25259,1,3:03
2024-25,1631099,Keegan Murray,Keegan,1610612758,SAC,Sacramento Kings,0022400492,2025-01-05T00:00:00,SAC @ GSW,W,26.265,5.5,15.1,0.364,4.1,11.0,0.375,0.0,0.0,0.0,2.7,2.7,5.5,2.7,0.0,1.4,1.4,0.0,4.1,0.0,15.1,13.7,34.0,0,0,32.9,1,1,13086,1,10944,13028,8472,16861,3762,2520,8800,13505,14344,13505,6004,17580,13580,13784,16469,9073,5360,8846,6800,17725,12828,6123,11822,2246,150,11732,1,26:16
2024-25,1629004,Svi Mykhailiuk,Svi,1610612762,UTA,Utah Jazz,0022400490,2025-01-05T00:00:00,UTA @ ORL,W,20.383333333333333,7.1,15.9,0.444,1.8,10.6,0.167,5.3,5.3,1.0,0.0,7.1,7.1,5.3,5.3,5.3,0.0,0.0,1.8,3.5,21.2,15.9,48.2,0,0,45.9,1,1,13086,1,15731,8774,7272,13045,11201,2876,14236,3658,5467,1,14058,6247,10026,6821,2005,741,8263,8846,16320,7579,6931,5289,3909,2246,150,3846,1,20:23
2024-25,1627827,Dorian Finney-Smith,Dorian,1610612747,LAL,Los Angeles Lakers,0022400491,2025-01-05T00:00:00,LAL @ HOU,L,25.878333333333334,7.0,12.5,0.556,2.8,8.3,0.333,1.4,1.4,1.0,1.4,1.4,2.8,2.8,0.0,2.8,0.0,0.0,4.2,1.4,18.1,-8.3,33.9,0,0,32.0,1,13222,1,13222,11266,9034,12694,7248,7272,5835,9209,12038,13602,1,10786,21104,20293,13644,16469,3729,8263,8846,6628,15489,9752,17120,11865,2246,150,12394,1,25:53
2024-25,1628989,Kevin Huerter,Kevin,1610612758,SAC,Sacramento Kings,0022400492,2025-01-05T00:00:00,SAC @ GSW,W,19.891666666666666,9.0,12.7,0.714,7.2,10.9,0.667,3.6,3.6,1.0,0.0,1.8,1.8,0.0,1.8,3.6,0.0,0.0,0.0,5.4,29.0,5.4,40.2,0,0,45.2,1,1,13086,1,16105,4614,12440,2752,686,2624,1957,6451,8647,1,14058,20214,22145,19908,11505,2066,8263,8846,20257,3433,2436,9872,7647,2246,150,4132,1,19:54
2024-25,201942,DeMar DeRozan,DeMar,1610612758,SAC,Sacramento Kings,0022400492,2025-01-05T00:00:00,SAC @ GSW,W,31.375,5.7,16.1,0.357,0.0,4.6,0.0,2.3,2.3,1.0,0.0,0.0,0.0,1.1,3.4,1.1,0.0,0.0,2.3,1.1,13.8,19.5,15.5,0,0,17.2,1,1,13086,1,6532,12303,7031,17140,15070,14220,15070,9651,11805,1,14058,22137,23286,19199,5147,10608,8263,8846,13675,16664,14204,4105,23028,2246,150,22212,1,31:23
2024-25,1628464,Daniel Theis,Daniel,1610612740,NOP,New Orleans Pelicans,0022400489,2025-01-05T00:00:00,NOP @ WAS,W,15.25,4.7,7.1,0.667,2.4,4.7,0.5,0.0,0.0,0.0,2.4,14.2,16.5,4.7,0.0,2.4,2.4,0.0,0.0,0.0,11.8,23.6,52.9,0,0,44.9,1,1,13086,1,19408,15186,21464,3281,8627,13907,3944,13505,14344,13505,7047,727,1257,8129,16469,4829,2621,8846,20257,17725,16338,3123,2488,2246,150,4329,1,15:15
2024-25,1627749,Dejounte Murray,Dejounte,1610612740,NOP,New Orleans Pelicans,0022400489,2025-01-05T00:00:00,NOP @ WAS,W,35.63333333333333,5.1,14.1,0.357,1.0,5.1,0.2,3.0,4.0,0.75,2.0,8.1,10.1,12.1,4.0,0.0,0.0,0.0,2.0,3.0,14.1,15.2,40.4,1,1,37.4,1,1,13086,1,2960,14234,9933,17140,14487,13071,13429,7719,7754,8186,8294,4589,5323,693,3798,12854,8263,8846,15022,9122,13794,5566,7512,1,1,8446,1,35:38
2024-25,1626168,Trey Lyles,Trey,1610612758,SAC,Sacramento Kings,0022400492,2025-01-05T00:00:00,SAC @ GSW,W,24.21,1.5,4.5,0.333,1.5,3.0,0.5,5.9,5.9,1.0,3.0,10.4,13.4,1.5,3.0,3.0,0.0,0.0,4.5,3.0,10.4,49.1,34.6,0,0,32.7,1,1,13086,1,12724,22186,23829,17395,12087,17715,3944,2917,4549,1,5411,2281,2560,18028,6583,3214,8263,8846,5864,9349,17746,579,11336,2246,150,11867,1,24:13
2024-25,1630573,Sam Hauser,Sam,1610612738,BOS,Boston Celtics,0022400487,2025-01-05T00:00:00,BOS @ OKC,L,11.083333333333334,3.2,16.2,0.2,3.2,16.2,0.2,0.0,0.0,0.0,0.0,3.2,3.2,0.0,0.0,0.0,0.0,0.0,3.2,0.0,9.7,-13.0,13.6,0,0,16.2,1,13222,1,13222,21667,18890,6763,21401,5815,490,13429,13505,14344,13505,14058,15938,19111,19908,16469,12854,8263,8846,9653,17725,18398,19124,23594,2246,150,22608,1,11:05
2024-25,1630256,Jae'Sean Tate,Jae'Sean,1610612745,HOU,Houston Rockets,0022400491,2025-01-05T00:00:00,HOU vs. LAL,W,14.983333333333333,4.8,7.2,0.667,4.8,7.2,0.667,0.0,0.0,0.0,2.4,0.0,2.4,4.8,0.0,0.0,0.0,0.0,12.0,0.0,14.4,33.6,24.5,0,0,26.4,1,1,13086,1,19573,14926,21310,3281,2546,8033,1957,13505,14344,13505,6910,22137,21002,7907,16469,12854,8263,8846,422,17725,13487,1555,18606,2246,150,16594,1,14:59
2024-25,1641729,Brice Sensabaugh,Brice,1610612762,UTA,Utah Jazz,0022400490,2025-01-05T00:00:00,UTA @ ORL,W,28.066666666666666,14.1,24.4,0.579,6.4,7.7,0.833,0.0,0.0,0.0,2.6,1.3,3.8,0.0,1.3,0.0,0.0,1.3,1.3,1.3,34.6,6.4,38.0,0,0,44.9,1,1,13086,1,9490,679,956,6486,1047,7010,1341,13505,14344,13505,6439,21317,17714,19908,13886,12854,8263,5740,18108,15981,1021,9413,9044,2246,150,4316,1,28:04
2024-25,1626172,Kevon Looney,Kevon,1610612744,GSW,Golden State Warriors,0022400492,2025-01-05T00:00:00,GSW vs. SAC,L,15.623333333333333,9.2,16.1,0.571,0.0,0.0,0.0,2.3,4.6,0.5,9.2,2.3,11.5,0.0,2.3,4.6,2.3,0.0,2.3,4.6,20.7,-13.8,53.0,0,0,46.1,1,13222,1,13222,19186,4333,6928,6538,15070,20945,15070,9602,6643,10625,511,18749,3927,19908,9046,1139,2737,8846,13627,4923,7281,19436,2455,2246,150,3787,1,15:37
2024-25,1628386,Jarrett Allen,Jarrett,1610612739,CLE,Cleveland Cavaliers,0022400488,2025-01-05T00:00:00,CLE vs. CHA,W,28.1,11.5,12.8,0.9,0.0,0.0,0.0,1.3,2.6,0.5,6.4,7.7,14.1,2.6,1.3,0.0,2.6,0.0,0.0,1.3,24.3,6.4,51.5,1,0,46.1,1,1,13086,1,9459,1849,12185,1303,15070,20945,15070,12350,11063,10625,1415,5178,2191,14329,13898,12854,2271,8846,20257,15984,4584,9421,2837,1,150,3776,1,28:06
2024-25,1630695,Micah Potter,Micah,1610612762,UTA,Utah Jazz,0022400490,2025-01-05T00:00:00,UTA @ ORL,W,20.883333333333333,1.7,5.2,0.333,0.0,1.7,0.0,1.7,1.7,1.0,1.7,1.7,3.4,0.0,1.7,1.7,1.7,0.0,1.7,1.7,5.2,-3.4,17.9,0,0,15.5,1,1,13086,1,15366,21869,23343,17395,15070,20016,15070,11373,13277,1,9491,20409,18666,19908,11824,7532,4239,8846,16450,14201,21924,14775,22126,2246,150,22875,1,20:53
2024-25,203458,Alex Len,Alex,1610612758,SAC,Sacramento Kings,0022400492,2025-01-05T00:00:00,SAC @ GSW,W,9.608333333333333,3.7,3.7,1.0,0.0,0.0,0.0,0.0,0.0,0.0,3.7,3.7,7.5,3.7,0.0,0.0,3.7,0.0,0.0,3.7,7.5,-41.2,33.3,0,0,26.2,1,1,13086,1,22241,17718,24210,1,15070,20945,15070,13505,14344,13505,3970,14479,9185,10661,16469,12854,1061,8846,20257,6995,20324,24925,12305,2246,150,16777,1,9:37
2024-25,1630631,Jose Alvarado,Jose,1610612740,NOP,New Orleans Pelicans,0022400489,2025-01-05T00:00:00,NOP @ WAS,W,12.366666666666667,2.9,11.6,0.25,2.9,11.6,0.25,0.0,0.0,0.0,0.0,0.0,0.0,8.7,0.0,2.9,0.0,0.0,8.7,5.8,8.7,-8.7,30.6,0,0,26.2,1,1,13086,1,21065,19628,14230,20233,6827,2001,11902,13505,14344,13505,14058,22137,23286,2241,16469,3376,8263,8846,1058,2859,19317,17297,14371,2246,150,16796,1,12:22
2024-25,1631216,Caleb Houstan,Caleb,1610612753,ORL,Orlando Magic,0022400490,2025-01-05T00:00:00,ORL vs. UTA,L,24.783333333333335,4.4,14.5,0.3,4.4,14.5,0.3,0.0,0.0,0.0,1.5,1.5,2.9,0.0,0.0,2.9,0.0,0.0,1.5,1.5,13.1,4.4,25.3,0,0,26.1,1,13222,1,13222,12187,16179,9316,19363,3307,795,11319,13505,14344,13505,10528,20985,19985,19908,16469,3398,8263,8846,17439,15231,15017,10448,18089,2246,150,16839,1,24:47
2024-25,201950,Jrue Holiday,Jrue,1610612738,BOS,Boston Celtics,0022400487,2025-01-05T00:00:00,BOS @ OKC,L,33.81666666666667,1.1,6.4,0.167,0.0,4.3,0.0,0.0,0.0,0.0,3.2,4.3,7.5,6.4,2.1,0.0,0.0,0.0,4.3,0.0,2.1,-11.7,18.5,0,0,16.0,1,13222,1,13222,4424,22593,22226,21938,15070,14998,15070,13505,14344,13505,4955,12945,9267,4870,9850,12854,8263,8846,6407,17725,23145,18627,21877,2246,150,22719,1,33:49
2024-25,1631115,Orlando Robinson,Orlando,1610612758,SAC,Sacramento Kings,0022400492,2025-01-05T00:00:00,SAC @ GSW,W,6.65,5.4,10.8,0.5,0.0,0.0,0.0,5.4,5.4,1.0,0.0,10.8,10.8,0.0,5.4,5.4,0.0,0.0,0.0,5.4,16.2,-10.8,40.1,0,0,37.9,1,1,13086,1,23303,13231,15644,8526,15070,20945,15070,3517,5296,1,14058,1997,4570,19908,1887,676,8263,8846,20257,3458,11667,18242,7722,2246,150,8092,1,6:39
2024-25,1628998,Cody Martin,Cody,1610612766,CHA,Charlotte Hornets,0022400488,2025-01-05T00:00:00,CHA @ CLE,L,21.583333333333332,6.7,8.3,0.8,0.0,0.0,0.0,0.0,0.0,0.0,1.7,8.3,10.0,8.3,3.3,6.7,0.0,0.0,3.3,1.7,13.3,20.0,54.5,0,0,45.0,1,13222,1,13222,14862,9758,19732,1688,15070,20945,15070,13505,14344,13505,9689,4227,5423,2564,5396,348,8263,8846,9315,14377,14694,3946,2076,2246,150,4251,1,21:35
2024-25,1642268,Isaiah Collier,Isaiah,1610612762,UTA,Utah Jazz,0022400490,2025-01-05T00:00:00,UTA @ ORL,W,27.616666666666667,1.3,10.4,0.125,0.0,3.9,0.0,0.0,0.0,0.0,1.3,5.2,6.5,7.8,6.5,0.0,0.0,2.6,2.6,2.6,2.6,5.2,15.6,0,0,16.9,1,1,13086,1,9855,22398,16342,22420,15070,15761,15070,13505,14344,13505,11182,10252,11140,3065,1122,12854,8263,1865,12401,10616,23052,9997,22976,2246,150,22330,1,27:37
2024-25,1629060,Rui Hachimura,Rui,1610612747,LAL,Los Angeles Lakers,0022400491,2025-01-05T00:00:00,LAL @ HOU,L,28.02166666666667,6.4,11.6,0.556,3.9,7.7,0.5,0.0,2.6,0.0,1.3,0.0,1.3,0.0,1.3,0.0,0.0,0.0,2.6,2.6,16.7,5.1,17.0,0,0,21.8,1,13222,1,13222,9533,10380,14369,7248,4307,6989,3944,13505,11051,13505,11268,22137,22828,19908,13881,12854,8263,8846,12532,10732,11168,10034,22505,2246,150,19764,1,28:01
2024-25,1641715,Cam Whitmore,Cam,1610612745,HOU,Houston Rockets,0022400491,2025-01-05T00:00:00,HOU vs. LAL,W,16.35,6.6,17.6,0.375,4.4,11.0,0.4,0.0,0.0,0.0,0.0,8.8,8.8,0.0,0.0,0.0,2.2,0.0,2.2,2.2,17.6,13.2,34.8,0,0,35.2,1,1,13086,1,18692,9914,5121,16299,3226,2480,7874,13505,14344,13505,14058,3716,7009,19908,16469,12854,2939,8846,14081,12155,10206,6301,11211,2246,150,9928,1,16:21
2024-25,1642275,Tidjane Salaün,Tidjane,1610612766,CHA,Charlotte Hornets,0022400488,2025-01-05T00:00:00,CHA @ CLE,L,22.566666666666666,3.2,12.8,0.25,1.6,8.0,0.2,1.6,3.2,0.5,8.0,6.4,14.4,1.6,3.2,1.6,0.0,0.0,1.6,3.2,9.6,9.6,30.8,0,0,30.3,1,13222,1,13222,14063,19016,12280,20233,11688,6481,13429,11605,9537,10625,791,7539,2069,17666,5849,8001,8263,8846,16888,8593,18568,7907,14210,2246,150,13711,1,22:34
2024-25,1629622,Max Strus,Max,1610612739,CLE,Cleveland Cavaliers,0022400488,2025-01-05T00:00:00,CLE vs. CHA,W,24.766666666666666,4.4,13.1,0.333,1.5,7.3,0.2,2.9,2.9,1.0,0.0,4.4,4.4,5.8,1.5,0.0,1.5,0.0,0.0,5.8,13.1,34.9,29.9,0,0,27.6,1,1,13086,1,12199,16168,11702,17395,12237,7902,13429,8070,10216,1,14058,12620,16382,5829,12993,12854,5026,8846,20257,2873,15007,1405,14836,2246,150,15704,1,24:46
2024-25,1642267,Bub Carrington,Bub,1610612764,WAS,Washington Wizards,0022400489,2025-01-05T00:00:00,WAS vs. NOP,L,33.53333333333333,6.4,9.7,0.667,4.3,7.5,0.571,0.0,0.0,0.0,1.1,6.4,7.5,4.3,1.1,1.1,0.0,0.0,1.1,0.0,17.2,1.1,34.8,0,0,35.4,1,13222,1,13222,4698,10332,17647,3281,3394,7367,3506,13505,14344,13505,12689,7428,9141,9135,15311,11244,8263,8846,19251,17725,10654,12099,11216,2246,150,9778,1,33:32
2024-25,1628392,Isaiah Hartenstein,Isaiah,1610612760,OKC,Oklahoma City Thunder,0022400487,2025-01-05T00:00:00,OKC vs. BOS,W,35.13333333333333,4.1,9.2,0.444,0.0,1.0,0.0,0.0,1.0,0.0,2.0,8.2,10.2,2.0,2.0,2.0,3.1,2.0,2.0,2.0,8.2,11.3,36.9,0,0,30.7,1,1,13086,1,3358,16846,18372,13045,15070,20833,15070,13505,14177,13505,8167,4424,5182,16192,10263,6014,1605,3059,14879,12844,19748,7110,9776,2246,150,13365,1,35:08
2024-25,1629026,Kenrich Williams,Kenrich,1610612760,OKC,Oklahoma City Thunder,0022400487,2025-01-05T00:00:00,OKC vs. BOS,W,12.193333333333333,3.0,5.9,0.5,3.0,3.0,1.0,0.0,0.0,0.0,3.0,0.0,3.0,0.0,0.0,3.0,0.0,0.0,3.0,3.0,8.9,-8.9,21.3,0,0,20.7,1,1,13086,1,21161,19527,22704,8526,6667,17752,1,13505,14344,13505,5449,22137,19847,19908,16469,3266,8263,8846,10929,9414,19214,17358,20565,2246,150,20474,1,12:12
2024-25,1630578,Alperen Sengun,Alperen,1610612745,HOU,Houston Rockets,0022400491,2025-01-05T00:00:00,HOU vs. LAL,W,31.426666666666666,6.9,16.0,0.429,0.0,2.3,0.0,2.3,4.6,0.5,2.3,4.6,6.9,4.6,2.3,0.0,0.0,3.4,4.6,2.3,16.0,-16.0,28.9,0,0,27.5,1,1,13086,1,6483,9238,7061,13735,15070,19003,15070,9662,6685,10625,7272,12037,10374,8447,9116,12854,8263,967,5586,11788,11886,20264,15585,2246,150,15796,1,31:26
2024-25,1630175,Cole Anthony,Cole,1610612753,ORL,Orlando Magic,0022400490,2025-01-05T00:00:00,ORL vs. UTA,L,28.466666666666665,6.3,17.7,0.357,2.5,5.1,0.5,0.0,0.0,0.0,0.0,5.1,5.1,0.0,1.3,0.0,3.8,1.3,6.3,2.5,15.2,-10.1,31.4,0,0,30.4,1,13222,1,13222,9147,10643,4999,17140,8048,13049,3944,13505,14344,13505,14058,10700,14638,19908,14011,12854,1034,5842,2579,10875,12735,17935,13778,2246,150,13672,1,28:28
2024-25,1627759,Jaylen Brown,Jaylen,1610612738,BOS,Boston Celtics,0022400487,2025-01-05T00:00:00,BOS @ OKC,L,39.61666666666667,7.3,17.3,0.421,0.9,5.5,0.167,3.6,3.6,1.0,0.0,3.6,3.6,2.7,2.7,0.9,0.9,0.9,1.8,2.7,19.1,-6.4,30.3,0,0,30.0,1,13222,1,13222,680,8291,5491,14442,14934,12077,14236,6418,8620,1,14058,14836,18244,13835,7453,12625,8052,8616,16098,10239,8774,16229,14615,2246,150,13958,1,39:37
2024-25,1627747,Caris LeVert,Caris,1610612739,CLE,Cleveland Cavaliers,0022400488,2025-01-05T00:00:00,CLE vs. CHA,W,24.683333333333334,1.5,8.8,0.167,0.0,4.4,0.0,0.0,0.0,0.0,1.5,5.8,7.3,8.8,2.9,1.5,0.0,1.5,2.9,0.0,2.9,-1.5,26.3,0,0,21.9,1,1,13086,1,12289,22222,19100,21938,15070,14748,15070,13505,14344,13505,10499,8716,9585,2221,6782,8588,8263,4945,11108,17725,22974,13783,17445,2246,150,19740,1,24:41
2024-25,202709,Cory Joseph,Cory,1610612753,ORL,Orlando Magic,0022400490,2025-01-05T00:00:00,ORL vs. UTA,L,15.083333333333334,4.8,11.9,0.4,2.4,7.2,0.333,0.0,0.0,0.0,0.0,0.0,0.0,7.2,2.4,0.0,0.0,0.0,4.8,2.4,11.9,7.2,20.3,0,0,21.5,1,13222,1,13222,19506,15042,13703,14933,8529,8123,9209,13505,14344,13505,14058,22137,23286,3816,8714,12854,8263,8846,5125,11401,16212,9062,21032,2246,150,19985,1,15:05
2024-25,1642271,Kyle Filipowski,Kyle,1610612762,UTA,Utah Jazz,0022400490,2025-01-05T00:00:00,UTA @ ORL,W,29.7,7.3,9.7,0.75,0.0,2.4,0.0,0.0,1.2,0.0,1.2,7.3,8.5,3.6,1.2,0.0,0.0,0.0,3.6,2.4,14.5,18.2,29.0,0,0,26.7,1,1,13086,1,8039,8282,17583,2107,15070,18760,15070,13505,13867,13505,11711,5868,7493,10977,14352,12854,8263,8846,8304,11252,13356,4496,15509,2246,150,16410,1,29:42
2024-25,1627741,Buddy Hield,Buddy,1610612744,GSW,Golden State Warriors,0022400492,2025-01-05T00:00:00,GSW vs. SAC,L,18.418333333333333,5.9,13.7,0.429,2.0,9.8,0.2,0.0,0.0,0.0,0.0,5.9,5.9,5.9,3.9,0.0,0.0,0.0,3.9,0.0,13.7,-48.9,25.6,0,0,27.4,1,13222,1,13222,17265,11911,10679,13735,10371,3758,13429,13505,14344,13505,14058,8636,12606,5739,4069,12854,8263,8846,7417,17725,14298,25354,17878,2246,150,15899,1,18:25
2024-25,1629162,Jordan McLaughlin,Jordan,1610612758,SAC,Sacramento Kings,0022400492,2025-01-05T00:00:00,SAC @ GSW,W,8.383333333333333,0.0,8.6,0.0,0.0,4.3,0.0,0.0,0.0,0.0,4.3,0.0,4.3,8.6,4.3,4.3,0.0,0.0,4.3,0.0,0.0,-12.9,26.6,0,0,21.5,1,1,13086,1,22666,22635,19369,22635,15070,14924,15070,13505,14344,13505,3173,22137,16544,2351,3340,1379,8263,8846,6298,17725,23200,19086,17199,2246,150,19992,1,8:23
2024-25,1629652,Luguentz Dort,Luguentz,1610612760,OKC,Oklahoma City Thunder,0022400487,2025-01-05T00:00:00,OKC vs. BOS,W,38.81333333333333,4.6,13.0,0.357,3.7,8.3,0.444,0.0,0.0,0.0,1.9,3.7,5.6,0.9,2.8,0.9,0.9,0.9,2.8,0.9,13.0,11.1,23.8,0,0,26.9,1,1,13086,1,966,15398,11881,17140,4678,5833,7211,13505,14344,13505,9019,14601,13377,19835,7280,12523,7967,8513,11716,17607,15107,7175,19068,2246,150,16230,1,38:49
2024-25,1630611,Gui Santos,Gui,1610612744,GSW,Golden State Warriors,0022400492,2025-01-05T00:00:00,GSW vs. SAC,L,12.0,3.0,9.0,0.333,0.0,6.0,0.0,0.0,0.0,0.0,3.0,3.0,6.0,3.0,3.0,3.0,0.0,0.0,6.0,3.0,6.0,0.0,23.7,0,0,21.0,1,13222,1,13222,21228,19415,18708,17395,15070,10684,15070,13505,14344,13505,5329,16717,12271,12925,6468,3139,8263,8846,2940,9236,21387,12240,19152,2246,150,20283,1,12:00
2024-25,1629637,Jaxson Hayes,Jaxson,1610612747,LAL,Los Angeles Lakers,0022400491,2025-01-05T00:00:00,LAL @ HOU,L,5.9383333333333335,0.0,12.1,0.0,0.0,0.0,0.0,12.1,12.1,1.0,6.1,6.1,12.1,6.1,0.0,0.0,0.0,0.0,12.1,6.1,12.1,-42.4,35.8,0,0,30.3,1,13222,1,13222,23618,22635,13374,22635,15070,20945,15070,330,735,1,1583,8195,3402,5377,16469,12854,8263,8846,413,2542,16007,25016,10526,2246,150,13709,1,5:56
2024-25,1630548,Johnny Juzang,Johnny,1610612762,UTA,Utah Jazz,0022400490,2025-01-05T00:00:00,UTA @ ORL,W,22.516666666666666,4.8,8.0,0.6,3.2,6.4,0.5,6.4,6.4,1.0,0.0,4.8,4.8,4.8,3.2,0.0,1.6,0.0,6.4,3.2,19.2,12.8,33.7,0,0,35.2,1,1,13086,1,14094,14962,20273,5394,5963,9766,3944,2507,4015,1,14058,11448,15313,7932,5828,12854,4557,8846,2494,8576,8666,6480,12021,2246,150,9969,1,22:31
2024-25,1642274,Yves Missi,Yves,1610612740,NOP,New Orleans Pelicans,0022400489,2025-01-05T00:00:00,NOP @ WAS,W,32.75,4.4,5.5,0.8,0.0,0.0,0.0,8.8,8.8,1.0,3.3,4.4,7.7,1.1,1.1,1.1,3.3,0.0,3.3,6.6,17.6,2.2,40.6,0,0,35.2,1,1,13086,1,5365,16069,23089,1688,15070,20945,15070,1077,1994,1,4754,12535,8812,19349,15135,11025,1396,8846,9463,1994,10236,11512,7420,2246,150,9967,1,32:45
2024-25,1630527,Brandon Boston,Brandon,1610612740,NOP,New Orleans Pelicans,0022400489,2025-01-05T00:00:00,NOP @ WAS,W,18.616666666666667,1.9,13.5,0.143,1.9,7.7,0.25,3.9,3.9,1.0,1.9,5.8,7.7,1.9,1.9,0.0,0.0,0.0,0.0,1.9,9.7,-13.5,19.9,0,0,21.3,1,1,13086,1,17095,21528,10948,22260,10484,6926,11902,5940,8098,1,8691,8793,8750,16627,10880,12854,8263,8846,20257,13391,18471,19320,21202,2246,150,20117,1,18:37
2024-25,1628378,Donovan Mitchell,Donovan,1610612739,CLE,Cleveland Cavaliers,0022400488,2025-01-05T00:00:00,CLE vs. CHA,W,29.266666666666666,9.8,19.7,0.5,3.7,8.6,0.429,0.0,0.0,0.0,0.0,3.7,3.7,4.9,1.2,0.0,0.0,0.0,2.5,1.2,23.4,3.7,33.9,0,0,35.7,1,1,13086,1,8428,3411,3197,8526,4720,5403,7394,13505,14344,13505,14058,14660,18090,7642,14231,12854,8263,8846,12948,16240,5225,10815,11862,2246,150,9607,1,29:16
2024-25,1629012,Collin Sexton,Collin,1610612762,UTA,Utah Jazz,0022400490,2025-01-05T00:00:00,UTA @ ORL,W,26.166666666666668,8.3,24.8,0.333,4.1,11.0,0.375,6.9,6.9,1.0,0.0,5.5,5.5,2.8,4.1,1.4,0.0,1.4,2.8,6.9,27.5,-5.5,38.2,0,0,42.6,1,1,13086,1,11032,6075,881,17395,3721,2482,8800,2094,3498,1,14058,9525,13530,13745,3613,9036,8263,5276,11832,1759,2973,15833,8861,2246,150,5333,1,26:10
2024-25,1630202,Payton Pritchard,Payton,1610612738,BOS,Boston Celtics,0022400487,2025-01-05T00:00:00,BOS @ OKC,L,10.883333333333333,0.0,16.5,0.0,0.0,9.9,0.0,0.0,0.0,0.0,3.3,0.0,3.3,3.3,0.0,0.0,0.0,3.3,3.3,0.0,0.0,-9.9,8.9,0,0,6.6,1,13222,1,13222,21760,22635,6379,22635,15070,3585,15070,13505,14344,13505,4734,22137,18972,11949,16469,12854,8263,1060,9425,17725,23200,17860,24579,2246,150,24936,1,10:53
2024-25,1628988,Aaron Holiday,Aaron,1610612745,HOU,Houston Rockets,0022400491,2025-01-05T00:00:00,HOU vs. LAL,W,12.213333333333333,8.8,20.6,0.429,2.9,8.8,0.333,0.0,0.0,0.0,0.0,0.0,0.0,0.0,0.0,0.0,0.0,0.0,0.0,2.9,20.6,29.5,20.6,0,0,23.6,1,1,13086,1,21152,4984,2555,13735,6687,5039,9209,13505,14344,13505,14058,22137,23286,19908,16469,12854,8263,8846,20257,9429,7365,2033,20886,2246,150,18626,1,12:13
2024-25,203484,Kentavious Caldwell-Pope,Kentavious,1610612753,ORL,Orlando Magic,0022400490,2025-01-05T00:00:00,ORL vs. UTA,L,27.966666666666665,1.3,10.3,0.125,0.0,5.1,0.0,0.0,0.0,0.0,0.0,2.6,2.6,2.6,1.3,0.0,0.0,0.0,2.6,2.6,2.6,-15.4,8.2,0,0,7.7,1,13222,1,13222,9569,22411,16564,22420,15070,12824,15070,13505,14344,13505,14058,18001,20677,14295,13864,12854,8263,8846,12513,10721,23057,20076,24668,2246,150,24803,1,27:58
2024-25,1641717,Cason Wallace,Cason,1610612760,OKC,Oklahoma City Thunder,0022400487,2025-01-05T00:00:00,OKC vs. BOS,W,35.07666666666667,6.2,13.3,0.462,1.0,5.1,0.2,0.0,0.0,0.0,0.0,3.1,3.1,2.1,0.0,2.1,0.0,0.0,1.0,0.0,13.3,11.3,26.3,0,0,23.6,1,1,13086,1,3404,11079,11226,12428,14386,12871,13429,13505,14344,13505,14058,16469,19531,16182,16469,6004,8263,8846,19545,17725,14697,7100,17430,2246,150,18611,1,35:05
2024-25,1642273,Kyshawn George,Kyshawn,1610612764,WAS,Washington Wizards,0022400489,2025-01-05T00:00:00,WAS vs. NOP,L,26.971666666666668,0.0,9.3,0.0,0.0,8.0,0.0,1.3,1.3,1.0,1.3,2.7,4.0,1.3,2.7,1.3,0.0,0.0,6.7,0.0,1.3,-16.0,9.5,0,0,9.3,1,13222,1,13222,10358,22635,18209,22635,15070,6436,15070,12215,13684,1,11041,17771,17305,18550,7624,9277,8263,8846,2243,17725,23191,20259,24500,2246,150,24548,1,26:58
2024-25,201988,Patty Mills,Patty,1610612762,UTA,Utah Jazz,0022400490,2025-01-05T00:00:00,UTA @ ORL,W,19.25,0.0,3.7,0.0,0.0,3.7,0.0,0.0,0.0,0.0,0.0,3.7,3.7,1.9,5.6,0.0,0.0,0.0,1.9,5.6,0.0,31.8,1.7,0,0,5.6,1,1,13086,1,16627,22635,24215,22635,15070,16124,15070,13505,14344,13505,14058,14496,17960,16858,1715,12854,8263,8846,15829,3174,23200,1760,25179,2246,150,25045,1,19:15
2024-25,1630529,Herbert Jones,Herbert,1610612740,NOP,New Orleans Pelicans,0022400489,2025-01-05T00:00:00,NOP @ WAS,W,37.6,3.8,7.7,0.5,1.0,3.8,0.25,1.9,1.9,1.0,0.0,3.8,3.8,1.0,1.0,1.9,1.9,0.0,1.0,3.8,10.5,1.9,27.1,0,0,23.9,1,1,13086,1,1632,17495,20704,8526,14762,15936,11902,10903,12944,1,14058,14233,17750,19792,16103,6688,3722,8846,19923,6768,17629,11673,16877,2246,150,18375,1,37:36
2024-25,1642354,KJ Simpson,KJ,1610612766,CHA,Charlotte Hornets,0022400488,2025-01-05T00:00:00,CHA @ CLE,L,13.033333333333333,2.8,11.0,0.25,0.0,2.8,0.0,0.0,0.0,0.0,2.8,0.0,2.8,0.0,5.5,0.0,0.0,2.8,2.8,0.0,5.5,5.5,3.3,0,0,8.3,1,13222,1,13222,20729,19953,15283,20233,15070,18135,15070,13505,14344,13505,5942,22137,20330,19908,1791,12854,8263,1651,11789,17725,21715,9831,25113,2246,150,24723,1,13:02
2024-25,203937,Kyle Anderson,Kyle,1610612744,GSW,Golden State Warriors,0022400492,2025-01-05T00:00:00,GSW vs. SAC,L,16.346666666666668,2.2,4.4,0.5,0.0,0.0,0.0,0.0,0.0,0.0,2.2,2.2,4.4,4.4,2.2,0.0,2.2,0.0,4.4,0.0,4.4,-39.6,20.7,0,0,17.6,1,13222,1,13222,18698,21032,23855,8526,15070,20945,15070,13505,14344,13505,7576,19059,16275,8872,9499,12854,2938,8846,6009,17725,22343,24819,20838,2246,150,22027,1,16:21
2024-25,1642261,Dalton Knecht,Dalton,1610612747,LAL,Los Angeles Lakers,0022400491,2025-01-05T00:00:00,LAL @ HOU,L,17.033333333333335,0.0,6.3,0.0,0.0,4.2,0.0,0.0,0.0,0.0,0.0,2.1,2.1,0.0,0.0,0.0,0.0,0.0,0.0,0.0,0.0,-6.3,2.5,0,0,2.1,1,13222,1,13222,18234,22635,22275,22635,15070,15058,15070,13505,14344,13505,14058,19324,21587,19908,16469,12854,8263,8846,20257,17725,23200,16220,25146,2246,150,25253,1,17:02
2024-25,1630322,Lindy Waters III,Lindy,1610612744,GSW,Golden State Warriors,0022400492,2025-01-05T00:00:00,GSW vs. SAC,L,19.803333333333335,3.6,9.1,0.4,1.8,7.3,0.25,0.0,0.0,0.0,0.0,3.6,3.6,0.0,0.0,1.8,0.0,0.0,0.0,0.0,9.1,-5.5,18.9,0,0,18.2,1,13222,1,13222,16173,17998,18577,14933,11007,7894,11902,13505,14344,13505,14058,14835,18241,19908,16469,7172,8263,8846,20257,17725,18989,15807,21698,2246,150,21784,1,19:48
2024-25,1630208,Nick Richards,Nick,1610612766,CHA,Charlotte Hornets,0022400488,2025-01-05T00:00:00,CHA @ CLE,L,8.108333333333333,0.0,8.9,0.0,0.0,0.0,0.0,0.0,0.0,0.0,4.4,13.3,17.8,0.0,0.0,0.0,0.0,4.4,0.0,0.0,0.0,-31.1,21.3,0,0,17.8,1,13222,1,13222,22779,22635,18897,22635,15070,20945,15070,13505,14344,13505,2998,922,952,19908,16469,12854,8263,499,20257,17725,23200,23903,20526,2246,150,21963,1,8:07
2024-25,1631108,Max Christie,Max,1610612747,LAL,Los Angeles Lakers,0022400491,2025-01-05T00:00:00,LAL @ HOU,L,38.745,3.7,7.4,0.5,1.9,4.6,0.4,3.7,3.7,1.0,0.9,4.6,5.6,1.9,0.9,0.9,0.0,0.9,1.9,1.9,13.0,13.0,24.3,0,0,24.2,1,13222,1,13222,990,17793,21025,8526,10839,14099,7874,6257,8451,1,13780,11867,13347,16902,16248,12516,8263,8505,15902,13705,15084,6393,18721,2246,150,18231,1,38:45
2024-25,1630530,Trey Murphy III,Trey,1610612740,NOP,New Orleans Pelicans,0022400489,2025-01-05T00:00:00,NOP @ WAS,W,29.383333333333333,9.8,23.3,0.421,4.9,12.3,0.4,2.5,2.5,1.0,3.7,6.1,9.8,2.5,0.0,2.5,1.2,1.2,2.5,1.2,27.0,23.3,53.4,0,0,51.5,1,1,13086,1,8324,3471,1286,14442,2405,1648,7874,9196,11337,1,4077,8045,5679,14708,16469,4537,6021,6095,12982,16269,3229,3201,2350,2246,150,2155,1,29:23
2024-25,1631119,Jaylin Williams,Jaylin,1610612760,OKC,Oklahoma City Thunder,0022400487,2025-01-05T00:00:00,OKC vs. BOS,W,8.64,4.2,8.3,0.5,4.2,8.3,0.5,0.0,0.0,0.0,4.2,20.8,25.0,8.3,8.3,0.0,0.0,0.0,4.2,0.0,12.5,25.0,46.7,0,0,50.0,1,1,13086,1,22584,16682,19744,8526,3642,5862,3944,13505,14344,13505,3344,146,194,2574,530,12854,8263,8846,6651,17725,15590,2820,4457,2246,150,2529,1,8:38
2024-25,1627734,Domantas Sabonis,Domantas,1610612758,SAC,Sacramento Kings,0022400492,2025-01-05T00:00:00,SAC @ GSW,W,29.848333333333333,12.1,15.7,0.769,1.2,2.4,0.5,1.2,2.4,0.5,3.6,12.1,15.7,8.4,0.0,0.0,0.0,0.0,3.6,7.2,26.5,43.4,58.0,1,0,51.9,1,1,13086,1,7933,1488,7576,2080,13326,18781,3944,12566,11447,10625,4181,1326,1530,2473,16469,12854,8263,8846,8368,1488,3415,760,1471,1,150,2070,1,29:51
2024-25,203076,Anthony Davis,Anthony,1610612747,LAL,Los Angeles Lakers,0022400491,2025-01-05T00:00:00,LAL @ HOU,L,38.46666666666667,9.4,16.8,0.556,1.9,3.7,0.5,7.5,7.5,1.0,3.7,8.4,12.2,1.9,3.7,0.0,4.7,0.9,4.7,8.4,28.1,6.6,55.8,1,0,53.3,1,13222,1,13222,1124,4106,5987,7248,10769,16114,3944,1675,2918,1,3975,4135,3369,16848,4449,12854,622,8450,5341,855,2755,9360,1843,1,150,1729,1,38:28
2024-25,1628983,Shai Gilgeous-Alexander,Shai,1610612760,OKC,Oklahoma City Thunder,0022400487,2025-01-05T00:00:00,OKC vs. BOS,W,38.86666666666667,10.2,21.3,0.478,2.8,5.6,0.5,7.4,7.4,1.0,1.9,8.3,10.2,5.6,2.8,2.8,1.9,0.9,1.9,7.4,30.6,11.1,62.2,1,0,58.4,1,1,13086,1,929,3024,2156,11986,7286,11821,3944,1727,2990,1,9034,4237,5239,6324,7292,3735,3923,8521,15927,1383,1905,7184,943,1,150,981,1,38:52
2024-25,1628370,Malik Monk,Malik,1610612758,SAC,Sacramento Kings,0022400492,2025-01-05T00:00:00,SAC @ GSW,W,29.2,11.1,17.3,0.643,6.2,9.9,0.625,3.7,3.7,1.0,0.0,3.7,3.7,14.8,4.9,4.9,1.2,1.2,3.7,1.2,32.1,50.5,72.2,1,0,69.0,1,1,13086,1,8496,2192,5498,4607,1185,3644,2868,6292,8479,1,14058,14633,18074,311,2418,932,5980,6036,8077,16218,1516,536,363,1,150,348,1,29:12
2024-25,1641724,Jett Howard,Jett,1610612753,ORL,Orlando Magic,0022400490,2025-01-05T00:00:00,ORL vs. UTA,L,25.483333333333334,9.9,22.6,0.438,5.7,14.1,0.4,4.2,4.2,1.0,2.8,0.0,2.8,5.7,1.4,0.0,0.0,0.0,0.0,4.2,29.7,-9.9,40.1,0,0,43.8,1,13222,1,13222,11598,3348,1544,13558,1610,890,7874,5283,7343,1,5790,22137,20183,6144,13211,12854,8263,8846,20257,5747,2205,17844,7680,2246,150,4782,1,25:29
2024-25,1629660,Ty Jerome,Ty,1610612739,CLE,Cleveland Cavaliers,0022400488,2025-01-05T00:00:00,CLE vs. CHA,W,20.166666666666668,5.4,17.9,0.3,3.6,8.9,0.4,0.0,0.0,0.0,1.8,5.4,7.1,8.9,0.0,3.6,0.0,1.8,3.6,0.0,14.3,23.2,46.9,0,0,41.1,1,1,13086,1,15891,13383,4865,19363,4983,4934,7874,13505,14344,13505,9297,9886,9875,2086,16469,2138,8263,3941,8523,17725,13632,3222,4331,2246,150,6171,1,20:10
2024-25,1630243,Trevelin Queen,Trevelin,1610612753,ORL,Orlando Magic,0022400490,2025-01-05T00:00:00,ORL vs. UTA,L,25.133333333333333,4.3,14.3,0.3,2.9,7.2,0.4,4.3,5.7,0.75,1.4,2.9,4.3,8.6,2.9,4.3,1.4,1.4,4.3,4.3,15.8,-8.6,48.1,0,0,43.0,1,13222,1,13222,11883,16331,9654,19363,7008,8120,7874,5159,4851,8186,10613,17198,16539,2347,6977,1377,5111,5053,6295,5593,12172,17228,3936,2246,150,5162,1,25:08
2024-25,1641733,Nick Smith Jr.,Nick,1610612766,CHA,Charlotte Hornets,0022400488,2025-01-05T00:00:00,CHA @ CLE,L,19.375,13.0,22.3,0.583,7.4,11.1,0.667,0.0,0.0,0.0,0.0,9.3,9.3,3.7,0.0,0.0,1.9,1.9,1.9,0.0,33.4,13.0,55.7,0,0,57.6,1,13222,1,13222,16518,1035,1680,6296,619,2373,1957,13505,14344,13505,14058,3213,6329,10745,16469,12854,3910,3710,15903,17725,1229,6394,1851,2246,150,1083,1,19:23
2024-25,1628976,Wendell Carter Jr.,Wendell,1610612753,ORL,Orlando Magic,0022400490,2025-01-05T00:00:00,ORL vs. UTA,L,19.283333333333335,11.2,18.7,0.6,1.9,5.6,0.333,3.7,3.7,1.0,3.7,7.5,11.2,3.7,5.6,3.7,0.0,0.0,5.6,3.7,28.0,-1.9,52.6,0,0,52.3,1,13222,1,13222,16596,2092,4050,5394,10794,11723,9209,6215,8403,1,3985,5559,4237,10697,1724,1928,8263,8846,3545,7036,2780,13960,2550,2246,150,1973,1,19:17
2024-25,1628398,Kyle Kuzma,Kyle,1610612764,WAS,Washington Wizards,0022400489,2025-01-05T00:00:00,WAS vs. NOP,L,30.833333333333332,15.2,26.9,0.565,2.3,5.8,0.4,0.0,0.0,0.0,1.2,4.7,5.8,1.2,3.5,2.3,1.2,3.5,0.0,2.3,32.7,-1.2,48.5,0,0,49.0,1,13222,1,13222,7013,460,515,7102,8721,11108,7874,13505,14344,13505,12010,11799,12673,19124,5004,4915,6379,913,20257,11606,1384,13652,3822,2246,150,2825,1,30:50
2024-25,1641706,Brandon Miller,Brandon,1610612766,CHA,Charlotte Hornets,0022400488,2025-01-05T00:00:00,CHA @ CLE,L,31.666666666666668,9.1,15.9,0.571,6.8,11.4,0.6,2.3,3.4,0.667,1.1,1.1,2.3,2.3,1.1,0.0,1.1,0.0,2.3,2.3,27.3,-30.7,35.7,0,0,40.9,1,13222,1,13222,6258,4536,7230,6538,832,2197,2992,9713,9066,9425,12214,21664,21258,15331,14893,12854,6561,8846,13756,11848,3071,23848,10576,2246,150,6250,1,31:40
2024-25,1642259,Alex Sarr,Alex,1610612764,WAS,Washington Wizards,0022400489,2025-01-05T00:00:00,WAS vs. NOP,L,28.321666666666665,7.6,11.4,0.667,3.8,7.6,0.5,3.8,6.4,0.6,2.5,11.4,14.0,3.8,2.5,0.0,0.0,0.0,2.5,5.1,22.9,8.9,42.8,1,0,44.5,1,13222,1,13222,9280,7446,14594,3281,4398,7126,3944,6056,4060,10343,6492,1676,2244,10464,8072,12854,8263,8846,12631,3949,5572,8224,6203,1,150,4477,1,28:19
2024-25,1630224,Jalen Green,Jalen,1610612745,HOU,Houston Rockets,0022400491,2025-01-05T00:00:00,HOU vs. LAL,W,32.83166666666666,13.2,26.3,0.5,5.5,13.2,0.417,4.4,4.4,1.0,1.1,5.5,6.6,4.4,0.0,0.0,1.1,0.0,5.5,4.4,36.2,-5.5,53.9,0,0,54.8,1,1,13086,1,5313,971,593,8526,1751,1224,7826,5013,7055,1,12492,9575,11002,8925,16469,12854,6810,8846,3723,5386,795,15828,2217,2246,150,1482,1,32:50
2024-25,1630215,Jared Butler,Jared,1610612764,WAS,Washington Wizards,0022400489,2025-01-05T00:00:00,WAS vs. NOP,L,19.95,10.8,21.7,0.5,1.8,5.4,0.333,7.2,9.0,0.8,1.8,5.4,7.2,9.0,3.6,1.8,0.0,1.8,5.4,7.2,30.7,5.4,54.7,0,0,52.3,1,13222,1,13222,16058,2392,1958,8526,11059,12175,9209,1858,1853,7681,9221,9745,9708,2002,4758,7234,8263,3887,3831,1500,1870,9879,2055,2246,150,1964,1,19:57
2024-25,1629636,Darius Garland,Darius,1610612739,CLE,Cleveland Cavaliers,0022400488,2025-01-05T00:00:00,CLE vs. CHA,W,29.266666666666666,9.8,17.2,0.571,4.9,8.6,0.571,6.2,6.2,1.0,0.0,3.7,3.7,2.5,2.5,1.2,0.0,1.2,3.7,4.9,30.8,11.1,40.1,0,0,44.3,1,1,13086,1,8428,3411,5554,6538,2373,5403,3506,2727,4287,1,14058,14660,18090,14679,8406,9941,8263,6053,8121,4259,1848,7206,7696,2246,150,4562,1,29:16
2024-25,203897,Zach LaVine,Zach,1610612741,CHI,Chicago Bulls,0022400482,2025-01-04T00:00:00,CHI vs. NYK,W,35.81666666666667,13.1,21.1,0.619,3.0,6.0,0.5,4.0,4.0,1.0,1.0,3.0,4.0,7.0,2.0,1.0,0.0,0.0,0.0,3.0,33.2,7.0,49.6,0,0,49.3,1,1,13086,1,2811,1010,2270,5227,6447,10617,3944,5663,7802,1,13219,16663,17268,3974,10471,11911,8263,8846,20257,9180,1293,9119,3399,2246,150,2745,1,35:49
2024-25,1641705,Victor Wembanyama,Victor,1610612759,SAS,San Antonio Spurs,0022400484,2025-01-04T00:00:00,SAS vs. DEN,L,39.0,6.5,17.5,0.368,1.8,11.1,0.167,3.7,3.7,1.0,0.0,21.2,21.2,2.8,3.7,0.9,3.7,1.8,3.7,4.6,18.5,0.0,58.2,1,0,53.5,1,13222,1,13222,882,10282,5218,16823,10892,2424,14236,6305,8493,1,14058,136,391,13692,4568,12549,1083,3752,8110,4911,9354,12240,1443,1,150,1700,1,39:00
2024-25,1629645,Kevin Porter Jr.,Kevin,1610612746,LAC,LA Clippers,0022400486,2025-01-04T00:00:00,LAC vs. ATL,W,18.6,11.6,13.5,0.857,0.0,0.0,0.0,5.8,7.7,0.75,0.0,5.8,5.8,13.5,1.9,3.9,0.0,0.0,5.8,3.9,29.0,31.0,66.0,0,0,56.1,1,1,13086,1,17106,1801,10925,1412,15070,20945,15070,3080,2717,8186,14058,8788,12754,441,10871,1770,8263,8846,3214,6651,2414,1838,633,2246,150,1282,1,18:36
2024-25,1630533,Ziaire Williams,Ziaire,1610612751,BKN,Brooklyn Nets,0022400478,2025-01-04T00:00:00,BKN vs. PHI,L,21.616666666666667,10.0,13.3,0.75,6.7,10.0,0.667,5.0,6.7,0.75,0.0,5.0,5.0,3.3,3.3,1.7,1.7,0.0,1.7,3.3,31.6,-31.6,49.3,0,0,53.3,1,13222,1,13222,14834,3231,11259,2107,918,3484,1957,4043,3698,8186,14058,10890,14797,11877,5416,7741,4377,8846,16636,8155,1597,23982,3500,2246,150,1742,1,21:37
2024-25,1641737,Adem Bona,Adem,1610612755,PHI,Philadelphia 76ers,0022400478,2025-01-04T00:00:00,PHI @ BKN,W,6.833333333333333,10.5,10.5,1.0,0.0,0.0,0.0,10.5,21.1,0.5,0.0,15.8,15.8,5.3,10.5,0.0,5.3,0.0,5.3,10.5,31.6,15.8,63.7,0,0,63.2,1,1,13086,1,23241,2676,16151,1,15070,20945,15070,556,121,10625,14058,458,1483,6893,291,12854,444,8846,4077,325,1606,5325,817,2246,150,565,1,6:50
2024-25,1641824,Matas Buzelis,Matas,1610612741,CHI,Chicago Bulls,0022400482,2025-01-04T00:00:00,CHI vs. NYK,W,2.0166666666666666,0.0,0.0,0.0,0.0,0.0,0.0,35.7,35.7,1.0,17.9,0.0,17.9,0.0,0.0,0.0,0.0,0.0,17.9,17.9,35.7,71.4,57.1,0,0,53.6,1,1,13086,1,25446,22635,24836,22635,15070,20945,15070,19,38,1,87,22137,933,19908,16469,12854,8263,8846,158,65,874,232,1612,2246,150,1694,1,2:01
2024-25,1630188,Jalen Smith,Jalen,1610612741,CHI,Chicago Bulls,0022400482,2025-01-04T00:00:00,CHI vs. NYK,W,13.983333333333333,7.7,18.0,0.429,5.1,15.4,0.333,5.1,5.1,1.0,2.6,10.3,12.9,2.6,0.0,0.0,5.1,0.0,12.9,5.1,25.7,18.0,60.5,0,0,56.6,1,1,13086,1,20207,7216,4640,13735,2110,607,9209,3819,5683,1,6413,2352,2891,14295,16469,12854,475,8846,353,3855,3810,4553,1131,2246,150,1205,1,13:59
2024-25,1631117,Walker Kessler,Walker,1610612762,UTA,Utah Jazz,0022400481,2025-01-04T00:00:00,UTA @ MIA,W,26.2,8.2,9.6,0.857,0.0,0.0,0.0,2.7,5.5,0.5,9.6,12.4,22.0,0.0,1.4,0.0,0.0,1.4,2.7,2.7,19.2,35.7,44.2,1,0,41.2,1,1,13086,1,11004,6096,17727,1412,15070,20945,15070,8458,5192,10625,453,1201,340,19908,13433,12854,8263,5284,11846,10152,8611,1319,5545,1,150,6063,1,26:12
2024-25,1641741,Ricky Council IV,Ricky,1610612755,PHI,Philadelphia 76ers,0022400478,2025-01-04T00:00:00,PHI @ BKN,W,8.85,8.1,12.2,0.667,0.0,4.1,0.0,0.0,0.0,0.0,0.0,16.3,16.3,8.1,0.0,0.0,0.0,0.0,0.0,0.0,16.3,24.4,48.0,0,0,40.7,1,1,13086,1,22511,6335,13250,3281,15070,15433,15070,13505,14344,13505,14058,398,1333,2755,16469,12854,8263,8846,20257,17725,11639,2944,3973,2246,150,6394,1,8:51
2024-25,1629632,Coby White,Coby,1610612741,CHI,Chicago Bulls,0022400482,2025-01-04T00:00:00,CHI vs. NYK,W,33.5,11.8,18.3,0.647,9.7,11.8,0.818,2.1,2.1,1.0,1.1,1.1,2.1,3.2,2.1,0.0,0.0,2.1,0.0,2.1,35.5,10.7,40.7,0,0,50.5,1,1,13086,1,4727,1643,4392,4571,237,1889,1387,10132,12256,1,12680,21816,21516,12216,9729,12854,8263,2769,20257,12401,907,7342,7319,2246,150,2389,1,33:30
2024-25,1641757,Jordan Miller,Jordan,1610612746,LAC,LA Clippers,0022400486,2025-01-04T00:00:00,LAC vs. ATL,W,5.1,7.1,7.1,1.0,0.0,0.0,0.0,0.0,0.0,0.0,0.0,0.0,0.0,14.1,7.1,14.1,0.0,0.0,0.0,0.0,14.1,28.2,70.6,0,0,56.5,1,1,13086,1,23941,8787,21490,1,15070,20945,15070,13505,14344,13505,14058,22137,23286,381,866,52,8263,8846,20257,17725,13824,2220,415,2246,150,1234,1,5:06
2024-25,1630162,Anthony Edwards,Anthony,1610612750,MIN,Minnesota Timberwolves,0022400479,2025-01-04T00:00:00,MIN @ DET,L,44.45,13.0,25.1,0.516,8.1,12.1,0.667,8.9,9.7,0.917,0.8,4.0,4.9,1.6,4.9,0.0,0.0,0.0,3.2,4.9,42.9,-2.4,46.3,0,0,57.5,1,13222,1,13222,76,1050,805,8522,434,1696,1957,1038,1499,6748,14036,13575,15160,17596,2511,12854,8263,8846,9698,4371,316,14277,4608,2246,150,1101,1,44:27
2024-25,1627736,Malik Beasley,Malik,1610612765,DET,Detroit Pistons,0022400479,2025-01-04T00:00:00,DET vs. MIN,W,33.38333333333333,8.6,18.3,0.471,6.5,15.1,0.429,1.1,2.2,0.5,0.0,2.2,2.2,1.1,1.1,3.2,0.0,0.0,1.1,1.1,24.8,4.3,37.6,0,0,41.0,1,1,13086,1,4824,5388,4345,12143,1015,669,7394,12976,12226,10625,14058,19187,21501,19420,15286,2672,8263,8846,19225,17011,4309,10473,9261,2246,150,6214,1,33:23
2024-25,1630169,Tyrese Haliburton,Tyrese,1610612754,IND,Indiana Pacers,0022400480,2025-01-04T00:00:00,IND vs. PHX,W,32.833333333333336,8.8,20.8,0.421,5.5,13.2,0.417,6.6,7.7,0.857,1.1,4.4,5.5,8.8,0.0,2.2,1.1,0.0,0.0,5.5,29.6,14.3,59.2,0,0,55.9,1,1,13086,1,5298,5138,2440,14442,1755,1225,7826,2339,2763,7071,12493,12562,13589,2206,16469,5422,6811,8846,20257,3369,2234,5905,1299,2246,150,1322,1,32:50
2024-25,1628381,John Collins,John,1610612762,UTA,Utah Jazz,0022400481,2025-01-04T00:00:00,UTA @ MIA,W,28.3,11.4,20.4,0.563,3.8,5.1,0.75,3.8,5.1,0.75,6.4,5.1,11.4,3.8,1.3,1.3,3.8,1.3,3.8,7.6,30.5,38.2,64.0,0,0,59.8,1,1,13086,1,9299,1907,2722,7127,4389,12988,1542,6045,5775,8186,1446,10606,4009,10458,13954,9635,1020,5798,7682,1234,1917,1104,780,2246,150,846,1,28:18
2024-25,1626157,Karl-Anthony Towns,Karl-Anthony,1610612752,NYK,New York Knicks,0022400482,2025-01-04T00:00:00,NYK @ CHI,L,37.26,16.4,28.0,0.586,2.9,6.8,0.429,6.8,9.7,0.7,5.8,9.7,15.5,4.8,2.9,1.0,0.0,1.0,2.9,7.7,42.5,-4.8,68.3,1,0,67.6,1,13222,1,13222,1830,325,397,6293,6873,8976,7394,2184,1521,9366,1747,2858,1587,7835,6851,12232,8263,8213,11196,1176,335,15490,507,1,150,383,1,37:16
2024-25,203083,Andre Drummond,Andre,1610612755,PHI,Philadelphia 76ers,0022400478,2025-01-04T00:00:00,PHI @ BKN,W,8.15,8.8,17.7,0.5,0.0,4.4,0.0,8.8,8.8,1.0,0.0,17.7,17.7,0.0,4.4,4.4,0.0,4.4,4.4,4.4,26.5,4.4,56.5,0,0,53.0,1,1,13086,1,22761,4999,5051,8526,15070,14642,15070,1062,1956,1,14058,277,974,19908,3115,1289,8263,509,5977,5307,3429,10419,1719,2246,150,1797,1,8:09
2024-25,1631107,Nikola Jović,Nikola,1610612748,MIA,Miami Heat,0022400481,2025-01-04T00:00:00,MIA vs. UTA,L,23.533333333333335,10.7,21.4,0.5,4.6,7.6,0.6,0.0,0.0,0.0,0.0,1.5,1.5,4.6,0.0,3.1,3.1,1.5,1.5,1.5,26.0,-30.6,53.1,0,0,49.0,1,13222,1,13222,13284,2497,2084,8526,2912,7081,2992,13505,14344,13505,14058,20811,22534,8439,16469,3028,1620,4659,17114,14875,3679,23828,2425,2246,150,2847,1,23:32
2024-25,1641738,Kobe Brown,Kobe,1610612746,LAC,LA Clippers,0022400486,2025-01-04T00:00:00,LAC vs. ATL,W,5.1,14.1,14.1,1.0,0.0,0.0,0.0,7.1,7.1,1.0,0.0,28.2,28.2,7.1,7.1,0.0,0.0,0.0,0.0,7.1,35.3,28.2,72.7,0,0,70.6,1,1,13086,1,23941,670,9968,1,15070,20945,15070,1971,3308,1,14058,50,110,3941,866,12854,8263,8846,20257,1614,925,2220,352,2246,150,306,1,5:06
2024-25,203954,Joel Embiid,Joel,1610612755,PHI,Philadelphia 76ers,0022400478,2025-01-04T00:00:00,PHI @ BKN,W,28.966666666666665,9.9,19.9,0.5,2.5,3.7,0.667,12.4,12.4,1.0,1.2,13.7,14.9,7.5,3.7,0.0,0.0,2.5,2.5,6.2,34.8,27.3,60.2,1,0,59.7,1,1,13086,1,8697,3279,3045,8526,8201,16143,1957,303,677,1,11519,828,1814,3452,4489,12854,8263,2064,12860,2378,993,2364,1177,1,150,858,1,28:58
2024-25,1630595,Cade Cunningham,Cade,1610612765,DET,Detroit Pistons,0022400479,2025-01-04T00:00:00,DET vs. MIN,W,38.155,14.2,27.4,0.517,3.8,7.5,0.5,5.7,6.6,0.857,0.0,5.7,5.7,8.5,2.8,0.9,0.0,1.9,2.8,6.6,37.7,22.6,57.3,0,0,57.6,1,1,13086,1,1293,658,457,8516,4514,7280,3944,3239,3765,7071,14058,9140,13133,2428,7117,12417,8263,3606,11512,1986,629,3333,1589,2246,150,1091,1,38:09
2024-25,1628973,Jalen Brunson,Jalen,1610612752,NYK,New York Knicks,0022400482,2025-01-04T00:00:00,NYK @ CHI,L,32.833333333333336,12.1,21.9,0.55,1.1,4.4,0.25,11.0,12.1,0.909,1.1,1.1,2.2,8.8,1.1,2.2,0.0,0.0,0.0,7.7,36.2,-19.7,57.5,0,0,52.6,1,13222,1,13222,5298,1489,1854,7655,13960,14718,11902,493,752,6764,12493,21757,21426,2206,15150,5422,8263,8846,20257,1216,796,21473,1562,2246,150,1898,1,32:50
2024-25,203999,Nikola Jokić,Nikola,1610612743,DEN,Denver Nuggets,0022400484,2025-01-04T00:00:00,DEN @ SAS,W,43.31666666666667,15.8,29.1,0.543,2.5,6.6,0.375,4.2,5.0,0.833,3.3,4.2,7.5,8.3,1.7,1.7,1.7,0.8,2.5,5.8,38.2,5.8,68.0,1,0,63.2,1,1,13086,1,128,377,325,7964,8164,9219,8800,5431,5945,7275,4700,13254,9208,2603,12086,7760,4396,8801,12826,2870,588,9695,523,1,150,569,1,43:19
2024-25,1641729,Brice Sensabaugh,Brice,1610612762,UTA,Utah Jazz,0022400481,2025-01-04T00:00:00,UTA @ MIA,W,25.583333333333332,16.9,25.3,0.667,9.9,15.5,0.636,4.2,4.2,1.0,1.4,8.4,9.9,2.8,4.2,2.8,0.0,1.4,5.6,2.8,47.8,25.3,68.1,0,0,76.0,1,1,13086,1,11499,283,764,3281,218,604,2842,5311,7373,1,10718,4123,5602,13541,3465,3650,8263,5156,3500,9916,192,2741,520,2246,150,219,1,25:35
2024-25,1626181,Norman Powell,Norman,1610612746,LAC,LA Clippers,0022400486,2025-01-04T00:00:00,LAC vs. ATL,W,29.2,9.9,19.7,0.5,4.9,12.3,0.4,0.0,0.0,0.0,0.0,4.9,4.9,1.2,2.5,2.5,0.0,1.2,0.0,1.2,24.7,34.5,37.4,0,0,40.7,1,1,13086,1,8496,3386,3162,8526,2361,1604,7874,13505,14344,13505,14058,11079,14975,18905,8379,4489,8263,6036,20257,16218,4387,1446,9439,2246,150,6389,1,29:12
2024-25,1628997,Caleb Martin,Caleb,1610612755,PHI,Philadelphia 76ers,0022400478,2025-01-04T00:00:00,PHI @ BKN,W,24.85,10.1,11.6,0.875,2.9,4.3,0.667,1.4,4.3,0.333,4.3,1.4,5.8,4.3,1.4,1.4,1.4,0.0,4.3,2.9,24.6,26.1,45.3,0,0,43.5,1,1,13086,1,12131,3071,14326,1353,6874,14801,1957,11910,7113,13132,3107,20994,12772,9016,13015,8644,5042,8846,6151,9600,4408,2603,5014,2246,150,4936,1,24:51
2024-25,1627814,Damion Lee,Damion,1610612756,PHX,Phoenix Suns,0022400480,2025-01-04T00:00:00,PHX @ IND,L,0.9,0.0,0.0,0.0,0.0,0.0,0.0,80.0,80.0,1.0,40.0,0.0,40.0,0.0,0.0,0.0,0.0,0.0,0.0,40.0,80.0,0.0,128.0,0,0,120.0,1,13222,1,13222,26096,22635,24836,22635,15070,20945,15070,3,4,1,6,22137,25,19908,16469,12854,8263,8846,20257,5,32,12240,25,2246,150,31,1,0:54
2024-25,1642352,Keshad Johnson,Keshad,1610612748,MIA,Miami Heat,0022400481,2025-01-04T00:00:00,MIA vs. UTA,L,19.75,5.5,10.9,0.5,0.0,3.6,0.0,1.8,7.3,0.25,1.8,5.5,7.3,1.8,1.8,1.8,1.8,1.8,3.6,3.6,12.8,-16.4,33.4,0,0,29.2,1,13222,1,13222,16221,13070,15464,8526,15070,16336,15070,11186,3099,13358,9159,9618,9588,17015,11443,7141,4000,3821,8275,7270,15328,20413,12294,2246,150,14572,1,19:45
2024-25,201587,Nicolas Batum,Nicolas,1610612746,LAC,LA Clippers,0022400486,2025-01-04T00:00:00,LAC vs. ATL,W,11.05,6.5,13.0,0.5,0.0,6.5,0.0,0.0,0.0,0.0,0.0,0.0,0.0,3.3,0.0,3.3,0.0,0.0,6.5,0.0,13.0,-9.8,27.7,0,0,22.8,1,1,13086,1,21686,10151,11799,8526,15070,9516,15070,13505,14344,13505,14058,22137,23286,12123,16469,2634,8263,8846,2390,17725,15057,17783,16432,2246,150,19138,1,11:03
2024-25,1631157,Ryan Rollins,Ryan,1610612749,MIL,Milwaukee Bucks,0022400483,2025-01-04T00:00:00,MIL vs. POR,L,5.716666666666667,6.3,6.3,1.0,0.0,0.0,0.0,0.0,0.0,0.0,0.0,0.0,0.0,6.3,0.0,6.3,0.0,0.0,0.0,0.0,12.6,6.3,40.9,0,0,31.5,1,13222,1,13222,23692,10723,22322,1,15070,20945,15070,13505,14344,13505,14058,22137,23286,5018,16469,413,8263,8846,20257,17725,15501,9472,7208,2246,150,12781,1,5:43
2024-25,203903,Jordan Clarkson,Jordan,1610612762,UTA,Utah Jazz,0022400481,2025-01-04T00:00:00,UTA @ MIA,W,2.7533333333333334,13.1,26.2,0.5,0.0,13.1,0.0,0.0,0.0,0.0,0.0,0.0,0.0,13.1,0.0,0.0,0.0,0.0,0.0,0.0,26.2,26.2,45.8,0,0,39.2,1,1,13086,1,25086,1003,622,8526,15070,1261,15070,13505,14344,13505,14058,22137,23286,518,16469,12854,8263,8846,20257,17725,3607,2594,4832,2246,150,7258,1,2:45
2024-25,1630166,Deni Avdija,Deni,1610612757,POR,Portland Trail Blazers,0022400483,2025-01-04T00:00:00,POR @ MIL,W,42.583333333333336,5.9,11.8,0.5,2.5,6.8,0.375,1.7,1.7,1.0,0.0,11.8,11.8,3.4,5.9,2.5,0.0,0.8,2.5,1.7,16.1,5.1,37.0,1,0,38.9,1,1,13086,1,194,11754,13888,8526,8025,8977,8800,11435,13301,1,14058,1453,3627,11731,1439,4282,8263,8777,12647,14307,11861,10074,9677,1,150,7456,1,42:35
2024-25,202692,Alec Burks,Alec,1610612748,MIA,Miami Heat,0022400481,2025-01-04T00:00:00,MIA vs. UTA,L,5.416666666666667,0.0,13.3,0.0,0.0,6.6,0.0,0.0,0.0,0.0,0.0,6.6,6.6,6.6,0.0,0.0,0.0,0.0,0.0,0.0,0.0,-26.6,17.9,0,0,13.3,1,13222,1,13222,23816,22635,11317,22635,15070,9226,15070,13505,14344,13505,14058,7002,10857,4510,16469,12854,8263,8846,20257,17725,23200,23147,22119,2246,150,23620,1,5:25
2024-25,1630346,Matt Ryan,Matt,1610612752,NYK,New York Knicks,0022400482,2025-01-04T00:00:00,NYK @ CHI,L,1.5666666666666667,0.0,0.0,0.0,0.0,0.0,0.0,0.0,0.0,0.0,0.0,23.0,23.0,0.0,0.0,0.0,0.0,0.0,0.0,0.0,0.0,0.0,27.6,0,0,23.0,1,13222,1,13222,25750,22635,24836,22635,15070,20945,15070,13505,14344,13505,14058,102,264,19908,16469,12854,8263,8846,20257,17725,23200,12240,16520,2246,150,19033,1,1:34
2024-25,203501,Tim Hardaway Jr.,Tim,1610612765,DET,Detroit Pistons,0022400479,2025-01-04T00:00:00,DET vs. MIN,W,33.21666666666667,3.3,9.8,0.333,1.1,6.5,0.167,0.0,1.1,0.0,0.0,2.2,2.2,3.3,0.0,0.0,0.0,0.0,1.1,2.2,7.6,-2.2,15.1,0,0,14.1,1,1,13086,1,4978,18881,17464,17395,14047,9542,14236,13505,14062,13505,14058,19165,21480,12140,16469,12854,8263,8846,19191,12303,20255,14137,23159,2246,150,23400,1,33:13
2024-25,1631170,Jaime Jaquez Jr.,Jaime,1610612748,MIA,Miami Heat,0022400481,2025-01-04T00:00:00,MIA vs. UTA,L,34.083333333333336,3.2,6.3,0.5,0.0,1.1,0.0,7.4,9.5,0.778,0.0,2.1,2.1,4.2,2.1,1.1,0.0,0.0,1.1,5.3,13.7,-28.5,23.7,0,0,22.2,1,13222,1,13222,4178,19060,22279,8526,15070,20797,15070,1740,1595,8092,14058,19331,21591,9327,9946,11433,8263,8846,19372,3663,14246,23515,19170,2246,150,19569,1,34:05
2024-25,1627752,Taurean Prince,Taurean,1610612749,MIL,Milwaukee Bucks,0022400483,2025-01-04T00:00:00,MIL vs. POR,L,22.05,3.3,8.2,0.4,1.6,6.5,0.25,0.0,0.0,0.0,0.0,4.9,4.9,8.2,0.0,0.0,0.0,0.0,0.0,0.0,8.2,1.6,26.3,0,0,22.9,1,13222,1,13222,14461,18844,19999,14933,11585,9477,11902,13505,14344,13505,14058,11163,15066,2730,16469,12854,8263,8846,20257,17725,19777,11817,17421,2246,150,19097,1,22:03
2024-25,1631110,Jeremy Sochan,Jeremy,1610612759,SAS,San Antonio Spurs,0022400484,2025-01-04T00:00:00,SAS vs. DEN,L,25.783333333333335,2.8,5.6,0.5,1.4,2.8,0.5,0.0,0.0,0.0,2.8,8.4,11.2,0.0,0.0,1.4,0.0,0.0,1.4,0.0,7.0,4.2,24.6,0,0,22.3,1,13222,1,13222,11342,19895,23009,8526,12464,18073,3944,13505,14344,13505,5881,4189,4263,19908,16469,8924,8263,8846,17633,17725,20742,10551,18560,2246,150,19459,1,25:47
2024-25,1630548,Johnny Juzang,Johnny,1610612762,UTA,Utah Jazz,0022400481,2025-01-04T00:00:00,UTA @ MIA,W,20.866666666666667,5.2,8.6,0.6,3.5,6.9,0.5,0.0,0.0,0.0,0.0,8.6,8.6,0.0,0.0,1.7,0.0,0.0,1.7,1.7,13.8,12.1,29.3,0,0,29.3,1,1,13086,1,15383,13876,19314,5394,5253,8662,3944,13505,14344,13505,14058,3908,7265,19908,16469,7527,8263,8846,16444,14193,14152,6763,15262,2246,150,14458,1,20:52
2024-25,1631097,Bennedict Mathurin,Bennedict,1610612754,IND,Indiana Pacers,0022400480,2025-01-04T00:00:00,IND vs. PHX,W,34.483333333333334,5.2,10.4,0.5,1.0,3.1,0.333,2.1,2.1,1.0,1.0,9.4,10.4,4.2,0.0,0.0,0.0,0.0,4.2,1.0,13.6,24.0,32.4,1,0,29.2,1,1,13086,1,3866,13763,16320,8526,14287,17398,9209,10334,12463,1,12916,3112,4970,9452,16469,12854,8263,8846,6621,17198,14411,3017,13038,1,150,14526,1,34:29
2024-25,1629014,Anfernee Simons,Anfernee,1610612757,POR,Portland Trail Blazers,0022400483,2025-01-04T00:00:00,POR @ MIL,W,40.61666666666667,8.0,17.7,0.45,4.4,10.6,0.417,4.4,4.4,1.0,0.0,2.7,2.7,7.1,3.5,0.0,0.0,0.0,0.9,2.7,24.8,8.9,35.1,0,0,39.0,1,1,13086,1,430,6675,4984,12982,3186,2844,7826,4937,6972,1,14058,17793,20525,3898,4919,12854,8263,8846,20171,10444,4295,8239,10994,2246,150,7382,1,40:37
2024-25,1642348,Justin Edwards,Justin,1610612755,PHI,Philadelphia 76ers,0022400478,2025-01-04T00:00:00,PHI @ BKN,W,22.866666666666667,6.3,11.0,0.571,4.7,9.4,0.5,0.0,0.0,0.0,1.6,6.3,7.9,1.6,1.6,0.0,0.0,1.6,3.1,0.0,17.3,17.3,27.6,0,0,31.5,1,1,13086,1,13818,10723,15331,6538,2693,4191,3944,13505,14344,13505,10028,7698,8516,17728,12445,12854,8263,4508,10095,17725,10511,4804,16537,2246,150,12781,1,22:52
2024-25,1631128,Christian Braun,Christian,1610612743,DEN,Denver Nuggets,0022400484,2025-01-04T00:00:00,DEN @ SAS,W,27.066666666666666,5.3,10.6,0.5,0.0,1.3,0.0,0.0,0.0,0.0,0.0,2.7,2.7,4.0,0.0,1.3,1.3,1.3,2.7,0.0,10.6,-20.0,27.8,0,0,22.6,1,1,13086,1,10288,13488,15978,8526,15070,20464,15070,13505,14344,13505,14058,17790,20521,9961,16469,9297,5518,5503,12201,17725,17520,21534,16361,2246,150,19277,1,27:04
2024-25,101108,Chris Paul,Chris,1610612759,SAS,San Antonio Spurs,0022400484,2025-01-04T00:00:00,SAS vs. DEN,L,31.266666666666666,1.2,10.4,0.111,0.0,3.5,0.0,0.0,0.0,0.0,0.0,0.0,0.0,9.2,2.3,0.0,1.2,0.0,1.2,1.2,2.3,-2.3,17.3,0,0,13.8,1,13222,1,13222,6650,22537,16442,22520,15070,16749,15070,13505,14344,13505,14058,22137,23286,1859,9055,12854,6473,8846,18804,16639,23114,14208,22387,2246,150,23468,1,31:16
2024-25,1631200,Kris Murray,Kris,1610612757,POR,Portland Trail Blazers,0022400483,2025-01-04T00:00:00,POR @ MIL,W,20.066666666666666,3.6,10.8,0.333,0.0,1.8,0.0,0.0,0.0,0.0,1.8,3.6,5.4,1.8,0.0,0.0,0.0,3.6,1.8,0.0,7.2,1.8,16.3,0,0,14.4,1,1,13086,1,15970,18107,15758,17395,15070,19924,15070,13505,14344,13505,9258,14955,13852,17100,16469,12854,8263,852,16210,17725,20575,11740,22730,2246,150,23305,1,20:04
2024-25,202695,Kawhi Leonard,Kawhi,1610612746,LAC,LA Clippers,0022400486,2025-01-04T00:00:00,LAC vs. ATL,W,19.416666666666668,7.4,20.4,0.364,5.6,9.3,0.6,1.9,5.6,0.333,1.9,3.7,5.6,1.9,3.7,1.9,0.0,1.9,1.9,3.7,22.2,40.8,33.6,0,0,38.9,1,1,13086,1,16483,7973,2695,16861,1690,4427,2992,11108,5099,13132,9024,14606,13388,16916,4543,7008,8263,3723,15920,7112,6046,926,12151,2246,150,7421,1,19:25
2024-25,201144,Mike Conley,Mike,1610612750,MIN,Minnesota Timberwolves,0022400479,2025-01-04T00:00:00,MIN @ DET,L,21.15,0.0,6.8,0.0,0.0,5.1,0.0,0.0,0.0,0.0,0.0,0.0,0.0,8.5,1.7,3.4,0.0,0.0,1.7,0.0,0.0,-30.6,21.3,0,0,15.3,1,13222,1,13222,15185,22635,21780,22635,15070,12929,15070,13505,14344,13505,14058,22137,23286,2412,11910,2376,8263,8846,16532,17725,23200,23839,20552,2246,150,22942,1,21:09
2024-25,201935,James Harden,James,1610612746,LAC,LA Clippers,0022400486,2025-01-04T00:00:00,LAC vs. ATL,W,29.4,3.7,11.0,0.333,1.2,6.1,0.2,3.7,4.9,0.75,0.0,2.4,2.4,18.4,4.9,2.4,0.0,0.0,2.4,2.4,12.2,12.2,45.2,1,0,39.2,1,1,13086,1,8307,17906,15321,17395,13239,10378,13429,6345,6120,8186,14058,18328,20899,126,2467,4539,8263,8846,12985,11164,15876,6695,5090,1,150,7284,1,29:24
2024-25,1630249,Vít Krejčí,Vít,1610612737,ATL,Atlanta Hawks,0022400486,2025-01-04T00:00:00,ATL @ LAC,L,28.433333333333334,3.8,10.1,0.375,3.8,7.6,0.5,0.0,0.0,0.0,0.0,2.5,2.5,2.5,5.1,1.3,0.0,1.3,2.5,2.5,11.4,-32.9,17.0,0,0,22.8,1,13222,1,13222,9184,17571,16864,16299,4439,7186,3944,13505,14344,13505,14058,18096,20741,14435,2259,9681,8263,5834,12660,10865,16800,24151,22500,2246,150,19146,1,28:26
2024-25,1628420,Monté Morris,Monté,1610612756,PHX,Phoenix Suns,0022400480,2025-01-04T00:00:00,PHX @ IND,L,22.066666666666666,4.9,8.2,0.6,3.3,6.5,0.5,6.5,6.5,1.0,0.0,0.0,0.0,0.0,1.6,0.0,0.0,0.0,0.0,3.3,19.6,-1.6,17.9,0,0,22.8,1,13222,1,13222,14445,14687,20008,5394,5772,9487,3944,2377,3854,1,14058,22137,23286,19908,12210,12854,8263,8846,20257,8370,8281,13851,22118,2246,150,19111,1,22:04
2024-25,1642377,Jaylen Wells,Jaylen,1610612763,MEM,Memphis Grizzlies,0022400485,2025-01-04T00:00:00,MEM @ GSW,L,35.306666666666665,4.1,13.3,0.308,0.0,5.1,0.0,0.0,0.0,0.0,2.0,4.1,6.1,4.1,2.0,2.0,0.0,0.0,1.0,3.1,8.2,-10.2,25.7,0,0,22.4,1,13222,1,13222,3230,16899,11381,19226,15070,12961,15070,13505,14344,13505,8212,13485,12009,9710,10311,6065,8263,8846,19582,9037,19783,17974,17823,2246,150,19405,1,35:18
2024-25,1629640,Keldon Johnson,Keldon,1610612759,SAS,San Antonio Spurs,0022400484,2025-01-04T00:00:00,SAS vs. DEN,L,27.216666666666665,4.0,10.6,0.375,1.3,6.6,0.2,4.0,5.3,0.75,5.3,5.3,10.6,1.3,1.3,0.0,1.3,1.3,2.6,2.6,13.2,-18.5,30.6,0,0,29.1,1,13222,1,13222,10176,17167,16082,16299,12764,9285,13429,5751,5481,8186,2102,10049,4830,18581,13700,12854,5548,5530,12255,10491,14841,21071,14386,2246,150,14621,1,27:13
2024-25,1629651,Nic Claxton,Nic,1610612751,BKN,Brooklyn Nets,0022400478,2025-01-04T00:00:00,BKN vs. PHI,L,23.4,7.7,12.3,0.625,0.0,1.5,0.0,0.0,0.0,0.0,1.5,6.2,7.7,0.0,3.1,0.0,0.0,0.0,3.1,1.5,15.4,-32.3,21.5,0,0,23.1,1,13222,1,13222,13381,7288,13058,4899,15070,20236,15070,13505,14344,13505,10163,7994,8815,19908,6197,12854,8263,8846,10366,14841,12536,24066,20386,2246,150,18958,1,23:24
2024-25,1626164,Devin Booker,Devin,1610612756,PHX,Phoenix Suns,0022400480,2025-01-04T00:00:00,PHX @ IND,L,36.21666666666667,7.0,14.9,0.467,2.0,5.0,0.4,4.0,5.0,0.8,0.0,8.0,8.0,8.9,1.0,0.0,0.0,1.0,3.0,5.0,19.9,-15.9,41.8,0,0,38.8,1,13222,1,13222,2521,9025,8736,12249,10220,13274,7874,5735,5990,7681,14058,4775,8362,2066,15891,12854,8263,7979,10805,4178,8012,20235,6703,2246,150,7540,1,36:13
2024-25,1628366,Lonzo Ball,Lonzo,1610612741,CHI,Chicago Bulls,0022400482,2025-01-04T00:00:00,CHI vs. NYK,W,25.35,4.3,9.9,0.429,1.4,5.7,0.25,1.4,2.8,0.5,0.0,2.8,2.8,8.5,0.0,2.8,0.0,0.0,2.8,1.4,11.4,14.2,36.1,0,0,29.8,1,1,13086,1,11699,16430,17170,13735,12369,11507,11902,11978,10389,10625,14058,17268,20147,2407,16469,3574,8263,8846,11460,15367,16835,5933,10317,2246,150,14079,1,25:21
2024-25,1629599,Amir Coffey,Amir,1610612746,LAC,LA Clippers,0022400486,2025-01-04T00:00:00,LAC vs. ATL,W,29.383333333333333,6.1,17.2,0.357,3.7,9.8,0.375,4.9,4.9,1.0,0.0,4.9,4.9,2.5,0.0,0.0,0.0,1.2,1.2,3.7,20.8,22.1,30.4,0,0,31.9,1,1,13086,1,8324,11150,5632,17140,4744,3727,8800,4191,6117,1,14058,11156,15057,14708,16469,12854,8263,6095,18404,7200,7217,3447,14508,2246,150,12489,1,29:23
2024-25,1626166,Cameron Payne,Cameron,1610612752,NYK,New York Knicks,0022400482,2025-01-04T00:00:00,NYK @ CHI,L,13.916666666666666,7.8,12.9,0.6,5.2,7.8,0.667,0.0,0.0,0.0,0.0,0.0,0.0,7.8,2.6,0.0,2.6,0.0,10.3,0.0,20.7,12.9,37.5,0,0,38.8,1,13222,1,13222,20237,7147,11965,5394,2079,6877,1957,13505,14344,13505,14058,22137,23286,3125,7925,12854,2237,8846,635,17725,7319,6420,9337,2246,150,7508,1,13:55
2024-25,1642268,Isaiah Collier,Isaiah,1610612762,UTA,Utah Jazz,0022400481,2025-01-04T00:00:00,UTA @ MIA,W,24.366666666666667,4.4,7.4,0.6,0.0,1.5,0.0,1.5,1.5,1.0,0.0,3.0,3.0,8.9,1.5,3.0,1.5,1.5,3.0,1.5,10.3,25.1,39.0,0,0,31.0,1,1,13086,1,12590,15975,21093,5394,15070,20293,15070,11834,13504,1,14058,16877,19841,2121,12864,3262,4929,4849,10923,15101,17812,2787,8400,2246,150,13137,1,24:22
2024-25,1641787,Tosan Evbuomwan,Tosan,1610612751,BKN,Brooklyn Nets,0022400478,2025-01-04T00:00:00,BKN vs. PHI,L,20.691666666666666,1.7,7.0,0.25,1.7,7.0,0.25,0.0,3.5,0.0,0.0,1.7,1.7,1.7,1.7,0.0,1.7,0.0,5.2,1.7,5.2,-19.1,13.4,0,0,13.9,1,13222,1,13222,15503,21848,21609,20233,11283,8546,11902,13505,8925,13505,14058,20383,22248,17260,11783,12854,4194,8846,4160,14148,21900,21285,23664,2246,150,23441,1,20:42
2024-25,1641739,Toumani Camara,Toumani,1610612757,POR,Portland Trail Blazers,0022400483,2025-01-04T00:00:00,POR @ MIL,W,33.35,6.5,11.9,0.545,2.2,4.3,0.5,1.1,1.1,1.0,1.1,5.4,6.5,2.2,0.0,1.1,0.0,0.0,2.2,2.2,16.2,-1.1,30.4,0,0,29.1,1,1,13086,1,4857,10240,13816,7695,9399,14867,3944,12972,14072,1,12641,9794,11226,15771,16469,11197,8263,8846,14307,12351,11734,13591,14466,2246,150,14591,1,33:21
2024-25,1629638,Nickeil Alexander-Walker,Nickeil,1610612750,MIN,Minnesota Timberwolves,0022400479,2025-01-04T00:00:00,MIN @ DET,L,28.033333333333335,2.6,10.3,0.25,2.6,9.0,0.286,1.3,2.6,0.5,0.0,2.6,2.6,3.9,0.0,0.0,2.6,0.0,3.9,3.9,9.0,-10.3,25.6,0,0,23.1,1,13222,1,13222,9519,20334,16608,20233,7922,4853,11433,12343,11052,10625,14058,18012,20683,10362,16469,12854,2264,8846,7596,6698,19098,18009,17902,2246,150,18921,1,28:02
2024-25,1631223,David Roddy,David,1610612737,ATL,Atlanta Hawks,0022400486,2025-01-04T00:00:00,ATL @ LAC,L,17.966666666666665,6.0,8.0,0.75,0.0,2.0,0.0,6.0,6.0,1.0,2.0,4.0,6.0,4.0,0.0,4.0,2.0,0.0,2.0,4.0,18.0,-28.1,49.3,0,0,40.1,1,13222,1,13222,17583,11474,20238,2107,15070,19553,15070,2846,4455,1,8365,13695,12246,9915,16469,1626,3483,8846,15126,6286,9803,23442,3503,2246,150,6741,1,17:58
2024-25,1630579,Jericho Sims,Jericho,1610612752,NYK,New York Knicks,0022400482,2025-01-04T00:00:00,NYK @ CHI,L,1.5666666666666667,0.0,0.0,0.0,0.0,0.0,0.0,0.0,0.0,0.0,0.0,0.0,0.0,0.0,0.0,0.0,0.0,0.0,0.0,0.0,0.0,0.0,0.0,0,0,0.0,1,13222,1,13222,25750,22635,24836,22635,15070,20945,15070,13505,14344,13505,14058,22137,23286,19908,16469,12854,8263,8846,20257,17725,23200,12240,25228,2246,150,25259,1,1:34
2024-25,201569,Eric Gordon,Eric,1610612755,PHI,Philadelphia 76ers,0022400478,2025-01-04T00:00:00,PHI @ BKN,W,6.95,0.0,5.2,0.0,0.0,5.2,0.0,0.0,0.0,0.0,0.0,0.0,0.0,0.0,5.2,5.2,0.0,0.0,0.0,0.0,0.0,10.4,10.4,0,0,10.4,1,1,13086,1,23197,22635,23335,22635,15070,12748,15070,13505,14344,13505,14058,22137,23286,19908,2135,794,8263,8846,20257,17725,23200,7531,24355,2246,150,24361,1,6:57
2024-25,1629646,Charles Bassey,Charles,1610612759,SAS,San Antonio Spurs,0022400484,2025-01-04T00:00:00,SAS vs. DEN,L,3.6333333333333333,0.0,9.9,0.0,0.0,0.0,0.0,0.0,0.0,0.0,9.9,0.0,9.9,0.0,0.0,0.0,0.0,0.0,9.9,0.0,0.0,-19.8,11.9,0,0,9.9,1,13222,1,13222,24652,22635,17220,22635,15070,20945,15070,13505,14344,13505,414,22137,5537,19908,16469,12854,8263,8846,722,17725,23200,21497,24039,2246,150,24443,1,3:38
2024-25,1629639,Tyler Herro,Tyler,1610612748,MIA,Miami Heat,0022400481,2025-01-04T00:00:00,MIA vs. UTA,L,29.35,4.9,14.7,0.333,1.2,9.8,0.125,7.4,7.4,1.0,0.0,4.9,4.9,7.4,3.7,1.2,0.0,1.2,1.2,7.4,18.4,-34.3,35.3,0,0,34.3,1,13222,1,13222,8346,14660,9022,17395,13224,3715,14886,1761,3041,1,14058,11142,15045,3561,4604,9966,8263,6081,18397,1412,9422,24341,10853,2246,150,10572,1,29:21
2024-25,1630553,Keon Johnson,Keon,1610612751,BKN,Brooklyn Nets,0022400478,2025-01-04T00:00:00,BKN vs. PHI,L,36.345,5.0,13.9,0.357,2.0,5.0,0.4,3.0,4.0,0.75,1.0,6.9,7.9,7.9,2.0,1.0,0.0,1.0,3.0,3.0,14.9,-15.8,37.2,0,0,34.7,1,13222,1,13222,2448,14534,10401,17140,10244,13309,7874,7889,7917,8186,13332,6486,8419,2969,10610,12031,8263,7999,10842,9354,13057,20214,9500,2246,150,10323,1,36:21
2024-25,203471,Dennis Schröder,Dennis,1610612744,GSW,Golden State Warriors,0022400485,2025-01-04T00:00:00,GSW vs. MEM,W,35.946666666666665,6.0,15.0,0.4,3.0,6.0,0.5,2.0,4.0,0.5,1.0,2.0,3.0,9.0,3.0,1.0,0.0,2.0,1.0,5.0,17.0,13.0,34.2,0,0,34.1,1,1,13086,1,2730,11479,8577,14933,6487,10667,3944,10636,7833,10625,13240,19651,19714,2008,6452,11943,8263,3222,19699,4106,10820,6388,11688,2246,150,10812,1,35:57
2024-25,1641816,Hunter Tyson,Hunter,1610612743,DEN,Denver Nuggets,0022400484,2025-01-04T00:00:00,DEN @ SAS,W,0.97,0.0,0.0,0.0,0.0,0.0,0.0,0.0,0.0,0.0,0.0,0.0,0.0,0.0,0.0,0.0,0.0,0.0,37.1,0.0,0.0,-111.3,0.0,0,0,0.0,1,1,13086,1,26072,22635,24836,22635,15070,20945,15070,13505,14344,13505,14058,22137,23286,19908,16469,12854,8263,8846,20,17725,23200,26200,25228,2246,150,25259,1,0:58
2024-25,1642278,Tyler Kolek,Tyler,1610612752,NYK,New York Knicks,0022400482,2025-01-04T00:00:00,NYK @ CHI,L,1.5666666666666667,0.0,0.0,0.0,0.0,0.0,0.0,0.0,0.0,0.0,0.0,0.0,0.0,0.0,0.0,0.0,0.0,0.0,0.0,0.0,0.0,0.0,0.0,0,0,0.0,1,13222,1,13222,25750,22635,24836,22635,15070,20945,15070,13505,14344,13505,14058,22137,23286,19908,16469,12854,8263,8846,20257,17725,23200,12240,25228,2246,150,25259,1,1:34
2024-25,1642277,Johnny Furphy,Johnny,1610612754,IND,Indiana Pacers,0022400480,2025-01-04T00:00:00,IND vs. PHX,W,0.9,0.0,0.0,0.0,0.0,0.0,0.0,0.0,0.0,0.0,0.0,0.0,0.0,0.0,0.0,0.0,0.0,0.0,0.0,0.0,0.0,0.0,0.0,0,0,0.0,1,1,13086,1,26096,22635,24836,22635,15070,20945,15070,13505,14344,13505,14058,22137,23286,19908,16469,12854,8263,8846,20257,17725,23200,12240,25228,2246,150,25259,1,0:54
2024-25,1629008,Michael Porter Jr.,Michael,1610612743,DEN,Denver Nuggets,0022400484,2025-01-04T00:00:00,DEN @ SAS,W,46.29666666666667,7.0,13.2,0.529,3.1,7.0,0.444,4.7,5.4,0.857,1.6,6.2,7.8,1.6,0.8,0.0,0.0,1.6,0.8,2.3,21.8,16.3,32.7,1,0,34.2,1,1,13086,1,32,8937,11450,8281,6193,8470,7211,4568,5256,7071,10100,7854,8666,17784,16461,12854,8263,4570,20250,11622,6401,5133,12836,1,150,10691,1,46:18
2024-25,1631102,TyTy Washington Jr.,TyTy,1610612756,PHX,Phoenix Suns,0022400480,2025-01-04T00:00:00,PHX @ IND,L,0.9,0.0,0.0,0.0,0.0,0.0,0.0,0.0,0.0,0.0,0.0,0.0,0.0,0.0,0.0,0.0,0.0,0.0,0.0,0.0,0.0,0.0,0.0,0,0,0.0,1,13222,1,13222,26096,22635,24836,22635,15070,20945,15070,13505,14344,13505,14058,22137,23286,19908,16469,12854,8263,8846,20257,17725,23200,12240,25228,2246,150,25259,1,0:54
2024-25,1631204,Marcus Sasser,Marcus,1610612765,DET,Detroit Pistons,0022400479,2025-01-04T00:00:00,DET vs. MIN,W,11.016666666666667,3.3,16.3,0.2,0.0,13.1,0.0,0.0,0.0,0.0,3.3,0.0,3.3,0.0,3.3,0.0,0.0,0.0,3.3,0.0,6.5,-35.9,7.2,0,0,9.8,1,1,13086,1,21700,18835,6627,21401,15070,1264,15070,13505,14344,13505,4809,22137,19070,19908,5610,12854,8263,8846,9580,17725,21027,24515,24803,2246,150,24471,1,11:01
2024-25,203952,Andrew Wiggins,Andrew,1610612744,GSW,Golden State Warriors,0022400485,2025-01-04T00:00:00,GSW vs. MEM,W,36.21666666666667,8.9,16.9,0.529,3.0,9.9,0.3,3.0,3.0,1.0,0.0,2.0,2.0,3.0,2.0,4.0,0.0,0.0,1.0,2.0,23.9,9.9,40.7,0,0,39.8,1,1,13086,1,2521,4822,5915,8281,6583,3565,11319,7863,10021,1,14058,19705,21823,12993,10576,1662,8263,8846,19745,13135,4902,7725,7357,2246,150,6912,1,36:13
2024-25,201142,Kevin Durant,Kevin,1610612756,PHX,Phoenix Suns,0022400480,2025-01-04T00:00:00,PHX @ IND,L,37.5,8.6,13.4,0.643,1.0,2.9,0.333,5.8,5.8,1.0,0.0,6.7,6.7,6.7,4.8,0.0,1.0,0.0,1.0,3.8,24.0,-21.1,40.2,0,0,40.3,1,13222,1,13222,1684,5360,11102,4607,14751,17898,9209,3123,4801,1,14058,6857,10701,4401,2581,12854,7749,8846,19908,6743,4793,21864,7614,2246,150,6589,1,37:30
2024-25,1631210,Jacob Toppin,Jacob,1610612752,NYK,New York Knicks,0022400482,2025-01-04T00:00:00,NYK @ CHI,L,1.5666666666666667,0.0,0.0,0.0,0.0,0.0,0.0,0.0,0.0,0.0,0.0,0.0,0.0,0.0,0.0,0.0,0.0,0.0,0.0,0.0,0.0,0.0,0.0,0,0,0.0,1,13222,1,13222,25750,22635,24836,22635,15070,20945,15070,13505,14344,13505,14058,22137,23286,19908,16469,12854,8263,8846,20257,17725,23200,12240,25228,2246,150,25259,1,1:34
2024-25,1642264,Stephon Castle,Stephon,1610612759,SAS,San Antonio Spurs,0022400484,2025-01-04T00:00:00,SAS vs. DEN,L,15.75,9.1,22.9,0.4,2.3,9.1,0.25,2.3,2.3,1.0,0.0,2.3,2.3,6.9,0.0,0.0,0.0,2.3,2.3,4.6,22.9,-9.1,35.9,0,0,34.3,1,13222,1,13222,19100,4458,1428,14933,8904,4615,11902,9674,11827,1,14058,18806,21233,4199,16469,12854,8263,2460,13705,5002,5583,17496,10446,2246,150,10617,1,15:45
2024-25,1631207,Dalen Terry,Dalen,1610612741,CHI,Chicago Bulls,0022400482,2025-01-04T00:00:00,CHI vs. NYK,W,11.866666666666667,3.0,9.1,0.333,0.0,0.0,0.0,0.0,0.0,0.0,0.0,3.0,3.0,3.0,3.0,0.0,0.0,3.0,12.1,0.0,6.1,15.2,11.2,0,0,12.1,1,1,13086,1,21351,19352,18558,17395,15070,20945,15070,13505,14344,13505,14058,16608,19623,12813,6338,12854,8263,1295,409,17725,21341,5558,24194,2246,150,23945,1,11:52
2024-25,1630541,Moses Moody,Moses,1610612744,GSW,Golden State Warriors,0022400485,2025-01-04T00:00:00,GSW vs. MEM,W,8.9,8.1,12.1,0.667,8.1,12.1,0.667,8.1,12.1,0.667,0.0,0.0,0.0,0.0,0.0,0.0,0.0,0.0,8.1,4.0,32.4,-44.5,32.4,0,0,40.4,1,1,13086,1,22489,6440,13345,3281,437,1705,1957,1367,730,9425,14058,22137,23286,19908,16469,12854,8263,8846,1323,6184,1447,25146,13043,2246,150,6519,1,8:54
2024-25,1629012,Collin Sexton,Collin,1610612762,UTA,Utah Jazz,0022400481,2025-01-04T00:00:00,UTA @ MIA,W,30.63,8.2,22.3,0.368,2.4,8.2,0.286,1.2,1.2,1.0,2.4,3.5,5.9,9.4,2.4,1.2,0.0,3.5,0.0,0.0,20.0,41.1,42.3,0,0,40.0,1,1,13086,1,7197,6159,1663,16823,8663,6044,11433,12684,13929,1,7088,15158,12582,1758,8861,10390,8263,897,20257,17725,7936,896,6469,2246,150,6804,1,30:38
2024-25,1630592,Jalen Wilson,Jalen,1610612751,BKN,Brooklyn Nets,0022400478,2025-01-04T00:00:00,BKN vs. PHI,L,33.03,4.4,12.0,0.364,3.3,8.7,0.375,0.0,0.0,0.0,1.1,3.3,4.4,0.0,3.3,0.0,0.0,0.0,6.5,1.1,12.0,-21.8,14.0,0,0,19.6,1,13222,1,13222,5131,16171,13604,16861,5757,5238,8800,13505,14344,13505,12553,15886,16386,19908,5602,12854,8263,8846,2368,16952,16154,22026,23511,2246,150,21085,1,33:02
2024-25,203497,Rudy Gobert,Rudy,1610612750,MIN,Minnesota Timberwolves,0022400479,2025-01-04T00:00:00,MIN @ DET,L,29.533333333333335,3.7,7.3,0.5,0.0,0.0,0.0,0.0,2.4,0.0,2.4,4.9,7.3,0.0,3.7,0.0,2.4,1.2,2.4,3.7,7.3,-2.4,19.7,0,0,19.5,1,13222,1,13222,8194,17954,21187,8526,15070,20945,15070,13505,11368,13505,6811,11219,9543,19908,4662,12854,2487,6132,13043,7245,20476,14279,21288,2246,150,21143,1,29:32
2024-25,1628991,Jaren Jackson Jr.,Jaren,1610612763,MEM,Memphis Grizzlies,0022400485,2025-01-04T00:00:00,MEM @ GSW,L,36.03333333333333,11.0,21.0,0.524,0.0,3.0,0.0,1.0,1.0,1.0,1.0,8.0,9.0,2.0,4.0,2.0,1.0,1.0,4.0,5.0,23.0,-10.0,41.8,0,0,40.0,1,13222,1,13222,2659,2260,2346,8439,15070,17664,15070,13238,14217,1,13257,4712,6759,16380,3888,6255,7480,7930,7156,4124,5491,17888,6746,2246,150,6803,1,36:02
2024-25,1629312,Haywood Highsmith,Haywood,1610612748,MIA,Miami Heat,0022400481,2025-01-04T00:00:00,MIA vs. UTA,L,16.266666666666666,2.2,4.4,0.5,0.0,0.0,0.0,0.0,0.0,0.0,4.4,2.2,6.6,0.0,2.2,2.2,2.2,0.0,6.6,0.0,4.4,-24.3,23.5,0,0,19.9,1,13222,1,13222,18746,21013,23845,8526,15070,20945,15070,13505,14344,13505,3018,19035,10869,19908,9460,5347,2920,8846,2281,17725,22333,22651,19279,2246,150,20903,1,16:16
2024-25,1627884,Derrick Jones Jr.,Derrick,1610612746,LAC,LA Clippers,0022400486,2025-01-04T00:00:00,LAC vs. ATL,W,21.95,9.8,18.0,0.545,0.0,4.9,0.0,0.0,0.0,0.0,1.6,3.3,4.9,0.0,0.0,4.9,0.0,0.0,1.6,0.0,19.7,1.6,40.3,0,0,34.4,1,1,13086,1,14538,3411,4622,7695,15070,13389,15070,13505,14344,13505,9784,15850,15004,19908,16469,942,8263,8846,16749,17725,8175,11814,7544,2246,150,10495,1,21:57
2024-25,1631218,Trayce Jackson-Davis,Trayce,1610612744,GSW,Golden State Warriors,0022400485,2025-01-04T00:00:00,GSW vs. MEM,W,27.933333333333334,6.4,16.8,0.385,0.0,0.0,0.0,1.3,1.3,1.0,3.9,7.7,11.6,6.4,1.3,3.9,0.0,5.2,2.6,1.3,14.2,15.5,48.1,0,0,40.0,1,1,13086,1,9595,10329,6107,16070,15070,20945,15070,12331,13748,1,3788,5115,3848,4798,13858,1777,8263,333,12501,15953,13754,5446,3953,2246,150,6808,1,27:56
2024-25,203991,Clint Capela,Clint,1610612737,ATL,Atlanta Hawks,0022400486,2025-01-04T00:00:00,ATL @ LAC,L,18.516666666666666,5.8,9.7,0.6,0.0,0.0,0.0,0.0,3.9,0.0,3.9,9.7,13.6,1.9,7.8,1.9,1.9,0.0,0.0,3.9,11.7,-29.2,34.8,0,0,35.0,1,13222,1,13222,17179,12014,17533,5394,15070,20945,15070,13505,8055,13505,3745,2796,2425,16584,638,6539,3642,8846,20257,6600,16505,23609,11198,2246,150,10097,1,18:31
2024-25,1629013,Landry Shamet,Landry,1610612752,NYK,New York Knicks,0022400482,2025-01-04T00:00:00,NYK @ CHI,L,16.833333333333332,4.3,12.8,0.333,0.0,4.3,0.0,0.0,0.0,0.0,2.1,0.0,2.1,0.0,2.1,2.1,2.1,2.1,0.0,0.0,8.6,-2.1,21.8,0,0,19.2,1,13222,1,13222,18364,16379,12156,17395,15070,14967,15070,13505,14344,13505,7805,22137,21537,19908,9787,5638,3099,2805,20257,17725,19463,14118,20254,2246,150,21269,1,16:50
2024-25,1630700,Dyson Daniels,Dyson,1610612737,ATL,Atlanta Hawks,0022400486,2025-01-04T00:00:00,ATL @ LAC,L,29.566666666666666,6.1,12.2,0.5,0.0,1.2,0.0,1.2,2.4,0.5,1.2,2.4,3.7,1.2,2.4,3.7,1.2,0.0,1.2,1.2,13.4,-30.4,31.8,0,0,28.0,1,13222,1,13222,8168,11258,13294,8526,15070,20603,15070,12536,11374,10625,11674,18372,18195,18959,8504,2024,6064,8846,18433,16313,14624,23806,13489,2246,150,15417,1,29:34
2024-25,1630590,Scotty Pippen Jr.,Scotty,1610612763,MEM,Memphis Grizzlies,0022400485,2025-01-04T00:00:00,MEM @ GSW,L,26.716666666666665,5.4,12.1,0.444,4.0,5.4,0.75,1.3,2.7,0.5,5.4,1.3,6.7,1.3,1.3,2.7,1.3,1.3,2.7,4.0,16.2,-9.4,37.1,0,0,36.4,1,13222,1,13222,10552,13303,13368,13045,3910,12234,1542,12176,10760,10625,2019,21193,10660,18512,13582,3921,5457,5410,12061,6201,11761,17637,9659,2246,150,9112,1,26:43
2024-25,1641716,Jarace Walker,Jarace,1610612754,IND,Indiana Pacers,0022400480,2025-01-04T00:00:00,IND vs. PHX,W,14.133333333333333,7.6,10.2,0.75,2.5,5.1,0.5,0.0,0.0,0.0,0.0,0.0,0.0,2.5,0.0,2.5,0.0,0.0,2.5,0.0,17.8,-17.8,29.3,0,0,28.0,1,1,13086,1,20122,7404,16746,2107,7980,12969,3944,13505,14344,13505,14058,22137,23286,14371,16469,4265,8263,8846,12609,17725,9999,20878,15287,2246,150,15410,1,14:08
2024-25,1629027,Trae Young,Trae,1610612737,ATL,Atlanta Hawks,0022400486,2025-01-04T00:00:00,ATL @ LAC,L,33.833333333333336,7.4,17.0,0.438,4.3,9.6,0.444,2.1,3.2,0.667,0.0,4.3,4.3,14.9,3.2,1.1,0.0,1.1,2.1,2.1,21.3,-7.4,48.7,1,0,46.8,1,13222,1,13222,4412,7896,5777,13558,3473,4007,7211,10205,9535,9425,14058,12949,16659,300,5844,11354,8263,7369,14472,12489,6843,16702,3725,1,150,3543,1,33:50
2024-25,1627750,Jamal Murray,Jamal,1610612743,DEN,Denver Nuggets,0022400484,2025-01-04T00:00:00,DEN @ SAS,W,37.751666666666665,5.7,16.2,0.353,1.0,2.9,0.333,0.0,0.0,0.0,0.0,5.7,5.7,5.7,1.0,4.8,1.0,0.0,2.9,1.0,12.4,3.8,44.1,0,0,36.2,1,1,13086,1,1538,12355,6818,17268,14779,17940,9209,13505,14344,13505,14058,8997,12964,6009,16126,1041,7798,8846,11364,17535,15720,10743,5636,2246,150,9196,1,37:45
2024-25,1630643,Jay Huff,Jay,1610612763,MEM,Memphis Grizzlies,0022400485,2025-01-04T00:00:00,MEM @ GSW,L,15.31,7.1,9.4,0.75,7.1,9.4,0.75,0.0,0.0,0.0,0.0,4.7,4.7,0.0,2.4,0.0,7.1,0.0,7.1,0.0,21.2,0.0,45.6,0,0,47.0,1,13222,1,13222,19372,8806,18105,2107,739,4250,1542,13505,14344,13505,14058,11695,15558,19908,8860,12854,201,8846,1942,17725,6954,12240,4891,2246,150,3466,1,15:19
2024-25,1630581,Josh Giddey,Josh,1610612741,CHI,Chicago Bulls,0022400482,2025-01-04T00:00:00,CHI vs. NYK,W,30.6,5.9,11.8,0.5,3.5,3.5,1.0,2.4,2.4,1.0,0.0,11.8,11.8,9.4,2.4,1.2,1.2,0.0,2.4,1.2,17.6,11.8,50.6,1,0,47.1,1,1,13086,1,7219,11855,14005,8526,5085,16592,1,9443,11616,1,14058,1488,3698,1752,8848,10377,6323,8846,13424,16519,10174,6900,3102,1,150,3452,1,30:36
2024-25,1630228,Jonathan Kuminga,Jonathan,1610612744,GSW,Golden State Warriors,0022400485,2025-01-04T00:00:00,GSW vs. MEM,W,15.3,9.4,14.1,0.667,7.1,7.1,1.0,4.7,9.4,0.5,0.0,4.7,4.7,4.7,9.4,0.0,0.0,0.0,0.0,9.4,30.6,0.0,33.9,0,0,47.1,1,1,13086,1,19374,4005,9976,3281,738,8341,1,4505,1655,10625,14058,11682,15540,8173,380,12854,8263,8846,20257,545,1899,12240,11903,2246,150,3452,1,15:18
2024-25,1641763,Julian Phillips,Julian,1610612741,CHI,Chicago Bulls,0022400482,2025-01-04T00:00:00,CHI vs. NYK,W,15.033333333333333,7.2,9.6,0.75,2.4,2.4,1.0,0.0,0.0,0.0,2.4,0.0,2.4,2.4,0.0,2.4,0.0,0.0,0.0,0.0,16.8,28.7,30.4,0,0,28.7,1,1,13086,1,19532,8498,17811,2107,8505,18819,1,13505,14344,13505,6937,22137,21017,14894,16469,4710,8263,8846,20257,17725,11111,2142,14490,2246,150,14900,1,15:02
2024-25,1631212,Peyton Watson,Peyton,1610612743,DEN,Denver Nuggets,0022400484,2025-01-04T00:00:00,DEN @ SAS,W,33.865,2.1,6.4,0.333,0.0,3.2,0.0,4.3,6.4,0.667,1.1,7.4,8.5,3.2,1.1,0.0,2.1,0.0,0.0,4.3,8.5,22.3,28.8,0,0,24.5,1,1,13086,1,4394,21195,22234,17395,15070,17289,15070,5254,4029,9425,12769,5600,7460,12358,15397,12854,3132,8846,20257,5716,19508,3395,15625,2246,150,18039,1,33:52
2024-25,1629611,Terance Mann,Terance,1610612746,LAC,LA Clippers,0022400486,2025-01-04T00:00:00,LAC vs. ATL,W,16.033333333333335,11.2,11.2,1.0,4.5,4.5,1.0,0.0,0.0,0.0,0.0,6.7,6.7,4.5,2.2,2.2,0.0,0.0,2.2,0.0,26.9,-9.0,46.3,0,0,47.2,1,1,13086,1,18900,2071,14984,1,3086,14459,1,13505,14344,13505,14058,6820,10664,8678,9325,5232,8263,8846,13898,17725,3233,17412,4646,2246,150,3416,1,16:02
2024-25,1631105,Jalen Duren,Jalen,1610612765,DET,Detroit Pistons,0022400479,2025-01-04T00:00:00,DET vs. MIN,W,22.883333333333333,3.1,6.3,0.5,0.0,0.0,0.0,1.6,3.1,0.5,7.9,3.1,11.0,4.7,0.0,3.1,1.6,1.6,7.9,4.7,7.9,4.7,42.3,0,0,33.0,1,1,13086,1,13803,19107,22332,8526,15070,20945,15070,11641,9619,10625,824,16281,4401,8139,16469,2842,4628,4513,1420,4683,20031,10271,6466,2246,150,11630,1,22:53
2024-25,1630539,Kai Jones,Kai,1610612746,LAC,LA Clippers,0022400486,2025-01-04T00:00:00,LAC vs. ATL,W,5.1,7.1,7.1,1.0,0.0,0.0,0.0,0.0,0.0,0.0,0.0,0.0,0.0,0.0,0.0,0.0,7.1,0.0,7.1,0.0,14.1,28.2,35.3,0,0,28.2,1,1,13086,1,23941,8787,21490,1,15070,20945,15070,13505,14344,13505,14058,22137,23286,19908,16469,12854,200,8846,1935,17725,13824,2220,10876,2246,150,15260,1,5:06
2024-25,1642285,Cam Spencer,Cam,1610612763,MEM,Memphis Grizzlies,0022400485,2025-01-04T00:00:00,MEM @ GSW,L,12.983333333333333,8.3,11.1,0.75,0.0,2.8,0.0,2.8,2.8,1.0,0.0,2.8,2.8,2.8,0.0,0.0,0.0,0.0,0.0,0.0,19.4,8.3,26.9,0,0,25.0,1,13222,1,13222,20745,5951,15209,2107,15070,18119,15070,8406,10551,1,14058,17498,20317,13679,16469,12854,8263,8846,20257,17725,8462,8476,17026,2246,150,17724,1,12:59
2024-25,1626171,Bobby Portis,Bobby,1610612749,MIL,Milwaukee Bucks,0022400483,2025-01-04T00:00:00,MIL vs. POR,L,25.55,5.6,15.5,0.364,1.4,5.6,0.25,0.0,0.0,0.0,1.4,8.5,9.9,1.4,1.4,4.2,0.0,0.0,4.2,0.0,12.7,-7.0,37.9,0,0,33.8,1,13222,1,13222,11534,12597,7822,16861,12411,11614,11902,13505,14344,13505,10704,4108,5580,18313,13230,1436,8263,8846,6480,17725,15411,16516,9078,2246,150,10988,1,25:33
2024-25,1627826,Ivica Zubac,Ivica,1610612746,LAC,LA Clippers,0022400486,2025-01-04T00:00:00,LAC vs. ATL,W,31.85,10.2,12.4,0.818,0.0,0.0,0.0,0.0,1.1,0.0,4.5,15.8,20.3,4.5,1.1,0.0,1.1,0.0,3.4,1.1,20.3,28.3,53.8,1,0,47.5,1,1,13086,1,6101,3043,12849,1653,15070,20945,15070,13505,13994,13505,2898,455,488,8597,14933,12854,6605,8846,9109,16766,7620,2216,2252,1,150,3318,1,31:51
2024-25,1641767,Ben Sheppard,Ben,1610612754,IND,Indiana Pacers,0022400480,2025-01-04T00:00:00,IND vs. PHX,W,19.066666666666666,3.8,9.4,0.4,3.8,9.4,0.4,7.6,7.6,1.0,1.9,1.9,3.8,1.9,0.0,0.0,0.0,0.0,0.0,5.7,18.9,11.3,26.2,0,0,28.3,1,1,13086,1,16774,17629,18057,14933,4510,4200,7874,1637,2847,1,8872,20009,17880,16793,16469,12854,8263,8846,20257,3085,8963,7086,17449,2246,150,15192,1,19:04
2024-25,201566,Russell Westbrook,Russell,1610612743,DEN,Denver Nuggets,0022400484,2025-01-04T00:00:00,DEN @ SAS,W,36.266666666666666,4.0,10.9,0.364,1.0,4.0,0.25,0.0,0.0,0.0,4.0,6.0,9.9,6.0,1.0,3.0,1.0,0.0,3.0,1.0,8.9,5.0,40.7,0,0,33.8,1,1,13086,1,2491,17157,15499,16861,14588,15641,11902,13505,14344,13505,3636,8435,5522,5579,15900,3207,7521,8846,10818,17423,19151,10135,7327,2246,150,11030,1,36:16
2024-25,1641709,Ausar Thompson,Ausar,1610612765,DET,Detroit Pistons,0022400479,2025-01-04T00:00:00,DET vs. MIN,W,25.66,7.0,7.0,1.0,0.0,0.0,0.0,0.0,0.0,0.0,4.2,9.8,14.0,2.8,1.4,8.4,0.0,0.0,2.8,1.4,14.0,22.4,58.9,1,0,47.7,1,1,13086,1,11442,8890,21540,1,15070,20945,15070,13505,14344,13505,3294,2712,2219,13568,13266,182,8263,8846,11623,15443,13903,3375,1343,1,150,3254,1,25:40
2024-25,1642270,Donovan Clingan,Donovan,1610612757,POR,Portland Trail Blazers,0022400483,2025-01-04T00:00:00,POR @ MIL,W,13.933333333333334,5.2,12.9,0.4,0.0,2.6,0.0,0.0,0.0,0.0,5.2,7.8,12.9,0.0,0.0,0.0,2.6,0.0,0.0,2.6,10.3,0.0,33.6,0,0,28.4,1,1,13086,1,20229,13896,12004,14933,15070,18473,15070,13505,14344,13505,2223,5076,2862,19908,16469,12854,2243,8846,20257,10693,17819,12240,12119,2246,150,15140,1,13:56
2024-25,201572,Brook Lopez,Brook,1610612749,MIL,Milwaukee Bucks,0022400483,2025-01-04T00:00:00,MIL vs. POR,L,23.216666666666665,3.1,14.0,0.222,1.6,9.3,0.167,0.0,0.0,0.0,1.6,7.8,9.3,0.0,1.6,1.6,1.6,0.0,0.0,0.0,7.8,1.6,26.7,0,0,24.8,1,13222,1,13222,13533,19197,10235,21205,11862,4374,14236,13505,14344,13505,10117,5074,6311,19908,12546,8192,4707,8846,20257,17725,20128,11849,17168,2246,150,17821,1,23:13
2024-25,1630183,Jaden McDaniels,Jaden,1610612750,MIN,Minnesota Timberwolves,0022400479,2025-01-04T00:00:00,MIN @ DET,L,29.033333333333335,3.7,7.4,0.5,1.2,2.5,0.5,1.2,1.2,1.0,1.2,5.0,6.2,0.0,1.2,3.7,0.0,0.0,5.0,1.2,9.9,-2.5,27.3,0,0,24.8,1,13222,1,13222,8644,17777,21016,8526,13151,18666,3944,12475,13825,1,11535,11001,11827,19908,14162,1943,8263,8846,4705,16181,18241,14299,16761,2246,150,17829,1,29:02
2024-25,1630200,Tre Jones,Tre,1610612759,SAS,San Antonio Spurs,0022400484,2025-01-04T00:00:00,SAS vs. DEN,L,18.2,7.9,11.9,0.667,2.0,4.0,0.5,0.0,0.0,0.0,0.0,2.0,2.0,11.9,0.0,0.0,0.0,0.0,5.9,2.0,17.8,2.0,38.0,0,0,33.6,1,13222,1,13222,17440,6822,13824,3281,10254,15667,3944,13505,14344,13505,14058,19735,21844,746,16469,12854,8263,8846,3033,13172,10024,11634,9039,2246,150,11135,1,18:12
2024-25,1629028,Deandre Ayton,Deandre,1610612757,POR,Portland Trail Blazers,0022400483,2025-01-04T00:00:00,POR @ MIL,W,34.06666666666667,5.3,9.5,0.556,0.0,1.1,0.0,0.0,1.1,0.0,2.1,11.6,13.7,0.0,2.1,1.1,1.1,0.0,1.1,2.1,10.6,3.2,31.3,1,0,28.5,1,1,13086,1,4190,13583,17926,7248,15070,20796,15070,13505,14121,13505,7908,1551,2367,19908,9938,11427,7084,8846,19369,12549,17598,11033,13845,1,150,15044,1,34:04
2024-25,201599,DeAndre Jordan,DeAndre,1610612743,DEN,Denver Nuggets,0022400484,2025-01-04T00:00:00,DEN @ SAS,W,9.683333333333334,3.7,14.9,0.25,0.0,0.0,0.0,3.7,7.4,0.5,11.2,11.2,22.3,0.0,3.7,0.0,0.0,7.4,7.4,7.4,11.2,14.9,34.2,0,0,33.5,1,1,13086,1,22225,17784,8791,20233,15070,20945,15070,6252,2970,10625,298,1824,320,19908,4513,12854,8263,134,1687,1361,17033,5677,11649,2246,150,11275,1,9:41
2024-25,203937,Kyle Anderson,Kyle,1610612744,GSW,Golden State Warriors,0022400485,2025-01-04T00:00:00,GSW vs. MEM,W,21.55,5.0,8.4,0.6,1.7,5.0,0.333,0.0,1.7,0.0,1.7,3.3,5.0,5.0,1.7,1.7,3.3,0.0,3.3,1.7,11.7,-3.3,38.6,0,0,33.4,1,1,13086,1,14889,14354,19720,5394,11481,13184,9209,13505,13322,13505,9673,15664,14766,7445,12041,7719,1356,8846,9285,14362,16467,14731,8652,2246,150,11306,1,21:33
2024-25,203081,Damian Lillard,Damian,1610612749,MIL,Milwaukee Bucks,0022400483,2025-01-04T00:00:00,MIL vs. POR,L,36.68333333333333,4.9,14.7,0.333,2.0,6.9,0.286,3.9,4.9,0.8,1.0,1.0,2.0,5.9,2.9,3.9,0.0,0.0,1.0,3.9,15.7,-2.0,35.7,0,0,33.4,1,13222,1,13222,2212,14659,9013,17395,10334,8732,11433,5833,6100,7681,13410,21994,21879,5689,6662,1712,8263,8846,19801,6500,12223,14020,10563,2246,150,11349,1,36:41
2024-25,203507,Giannis Antetokounmpo,Giannis,1610612749,MIL,Milwaukee Bucks,0022400483,2025-01-04T00:00:00,MIL vs. POR,L,38.333333333333336,13.1,25.4,0.519,0.0,0.9,0.0,2.8,3.8,0.75,1.9,8.5,10.3,1.9,3.8,1.9,1.9,2.8,1.9,4.7,29.1,-2.8,51.8,1,0,48.8,1,13222,1,13222,1200,976,757,8506,15070,20905,15070,8304,8356,8186,8902,4113,5089,16819,4420,6861,3832,1581,15794,4726,2392,14467,2750,1,150,2881,1,38:20
2024-25,1626167,Myles Turner,Myles,1610612754,IND,Indiana Pacers,0022400480,2025-01-04T00:00:00,IND vs. PHX,W,27.25,11.9,22.5,0.529,2.6,7.9,0.333,0.0,0.0,0.0,2.6,5.3,7.9,1.3,0.0,1.3,4.0,2.6,0.0,0.0,26.4,21.1,53.8,0,0,48.9,1,1,13086,1,10145,1594,1604,8281,7705,6578,9209,13505,14344,13505,6239,10065,8409,18589,16469,9345,939,1818,20257,17725,3470,3666,2256,2246,150,2863,1,27:15
2024-25,1642276,Kel'el Ware,Kel'el,1610612748,MIA,Miami Heat,0022400481,2025-01-04T00:00:00,MIA vs. UTA,L,22.45,8.0,14.4,0.556,3.2,4.8,0.667,0.0,0.0,0.0,0.0,6.4,6.4,1.6,3.2,3.2,0.0,1.6,0.0,0.0,19.2,-19.2,35.8,0,0,36.9,1,13222,1,13222,14153,6601,9463,7248,5934,13669,1957,13505,14344,13505,14058,7475,11354,17633,5802,2724,8263,4426,20257,17725,8603,21324,10533,2246,150,8794,1,22:27
2024-25,1641718,Keyonte George,Keyonte,1610612762,UTA,Utah Jazz,0022400481,2025-01-04T00:00:00,UTA @ MIA,W,26.216666666666665,5.5,13.7,0.4,4.1,11.0,0.375,0.0,0.0,0.0,0.0,8.2,8.2,6.9,6.9,1.4,0.0,0.0,5.5,0.0,15.1,27.5,32.5,0,0,37.1,1,1,13086,1,10987,13000,10599,14933,3742,2501,8800,13505,14344,13505,14058,4369,7877,4191,953,9049,8263,8846,3709,17725,12799,2349,12920,2246,150,8673,1,26:13
2024-25,1629634,Brandon Clarke,Brandon,1610612763,MEM,Memphis Grizzlies,0022400485,2025-01-04T00:00:00,MEM @ GSW,L,26.0,6.9,9.7,0.714,0.0,0.0,0.0,0.0,0.0,0.0,2.8,5.5,8.3,0.0,0.0,1.4,1.4,1.4,5.5,1.4,13.8,5.5,32.1,0,0,27.7,1,13222,1,13222,11159,9112,17593,2752,15070,20945,15070,13505,14344,13505,5928,9430,7753,19908,16469,8986,5295,5240,3642,15514,14101,9826,13239,2246,150,15637,1,26:00
2024-25,1630703,Scoot Henderson,Scoot,1610612757,POR,Portland Trail Blazers,0022400483,2025-01-04T00:00:00,POR @ MIL,W,23.616666666666667,4.6,7.6,0.6,1.5,3.0,0.5,3.0,3.0,1.0,1.5,9.1,10.7,4.6,4.6,1.5,1.5,0.0,0.0,1.5,13.7,-7.6,38.0,0,0,36.6,1,1,13086,1,13215,15563,20756,5394,11947,17553,3944,7675,9852,1,10215,3364,4748,8470,2894,8298,4764,8846,20257,14900,14253,16798,9046,2246,150,8993,1,23:37
2024-25,202704,Reggie Jackson,Reggie,1610612755,PHI,Philadelphia 76ers,0022400478,2025-01-04T00:00:00,PHI @ BKN,W,22.1,4.9,14.7,0.333,3.3,9.8,0.333,0.0,0.0,0.0,1.6,1.6,3.3,1.6,1.6,3.3,0.0,0.0,6.5,1.6,13.0,19.5,27.5,0,0,27.7,1,1,13086,1,14414,14708,9120,17395,5786,3755,9209,13505,14344,13505,9816,20612,19087,17578,12219,2634,8263,8846,2390,14533,15057,4093,16562,2246,150,15649,1,22:06
2024-25,1630577,Julian Champagnie,Julian,1610612759,SAS,San Antonio Spurs,0022400484,2025-01-04T00:00:00,SAS vs. DEN,L,22.716666666666665,3.2,7.9,0.4,3.2,4.8,0.667,6.3,7.9,0.8,1.6,3.2,4.8,1.6,1.6,0.0,0.0,1.6,0.0,3.2,15.8,-11.1,22.3,0,0,25.4,1,13222,1,13222,13938,19057,20380,14933,6037,13821,1957,2548,2573,7681,9980,16193,15429,17696,12401,12854,8263,4470,20257,8666,12084,18361,19951,2246,150,17387,1,22:43
2024-25,1628389,Bam Adebayo,Bam,1610612748,MIA,Miami Heat,0022400481,2025-01-04T00:00:00,MIA vs. UTA,L,25.55,0.0,8.5,0.0,0.0,1.4,0.0,5.6,8.5,0.667,1.4,9.9,11.3,2.8,4.2,1.4,1.4,0.0,1.4,5.6,5.6,-33.8,27.6,0,0,25.4,1,13222,1,13222,11534,22635,19565,22635,15070,20371,15070,3267,2225,9425,10704,2675,4168,13528,3452,8847,5194,8846,17587,3142,21637,24281,16489,2246,150,17379,1,25:33
2024-25,1629631,De'Andre Hunter,De'Andre,1610612737,ATL,Atlanta Hawks,0022400486,2025-01-04T00:00:00,ATL @ LAC,L,28.416666666666668,7.6,20.3,0.375,5.1,13.9,0.364,2.5,2.5,1.0,0.0,3.8,3.8,2.5,3.8,1.3,0.0,0.0,1.3,5.1,22.8,-13.9,31.2,0,0,36.7,1,13222,1,13222,9198,7518,2790,16299,2194,944,9100,8953,11118,1,14058,14317,17817,14429,4319,9678,8263,8846,18186,3979,5629,19478,13930,2246,150,8891,1,28:25
2024-25,1627739,Kris Dunn,Kris,1610612746,LAC,LA Clippers,0022400486,2025-01-04T00:00:00,LAC vs. ATL,W,12.716666666666667,2.8,5.7,0.5,0.0,0.0,0.0,0.0,0.0,0.0,0.0,8.5,8.5,0.0,8.5,2.8,2.8,0.0,5.7,0.0,5.7,2.8,24.3,0,0,25.5,1,1,13086,1,20884,19807,22933,8526,15070,20945,15070,13505,14344,13505,14058,4061,7476,19908,506,3596,1903,8846,3449,17725,21619,11206,18719,2246,150,17300,1,12:43
2024-25,1628380,Zach Collins,Zach,1610612759,SAS,San Antonio Spurs,0022400484,2025-01-04T00:00:00,SAS vs. DEN,L,10.366666666666667,6.9,27.8,0.25,0.0,10.4,0.0,0.0,0.0,0.0,3.5,10.4,13.9,0.0,0.0,0.0,0.0,3.5,10.4,0.0,13.9,-31.3,30.6,0,0,27.8,1,13222,1,13222,21976,9056,414,20233,15070,3046,15070,13505,14344,13505,4415,2277,2283,19908,16469,12854,8263,939,624,17725,14056,23927,14377,2246,150,15592,1,10:22
2024-25,1629626,Bol Bol,Bol,1610612756,PHX,Phoenix Suns,0022400480,2025-01-04T00:00:00,PHX @ IND,L,11.95,6.0,12.1,0.5,3.0,9.0,0.333,0.0,0.0,0.0,0.0,3.0,3.0,0.0,0.0,0.0,6.0,0.0,0.0,0.0,15.1,-9.0,36.8,0,0,33.1,1,13222,1,13222,21308,11437,13510,8526,6459,4759,9209,13505,14344,13505,14058,16669,19691,19908,16469,12854,306,8846,20257,17725,12844,17444,9863,2246,150,11542,1,11:57
2024-25,1629018,Gary Trent Jr.,Gary,1610612749,MIL,Milwaukee Bucks,0022400483,2025-01-04T00:00:00,MIL vs. POR,L,18.016666666666666,4.0,10.0,0.4,2.0,6.0,0.333,0.0,0.0,0.0,0.0,4.0,4.0,0.0,0.0,0.0,0.0,0.0,4.0,0.0,10.0,-8.0,14.8,0,0,16.0,1,13222,1,13222,17549,17100,17067,14933,10169,10716,9209,13505,14344,13505,14058,13735,17327,19908,16469,12854,8263,8846,7156,17725,18168,16971,23245,2246,150,22713,1,18:01
2024-25,1629130,Duncan Robinson,Duncan,1610612748,MIA,Miami Heat,0022400481,2025-01-04T00:00:00,MIA vs. UTA,L,21.516666666666666,10.0,20.1,0.5,5.0,15.1,0.333,1.7,1.7,1.0,0.0,3.3,3.3,3.3,0.0,0.0,0.0,0.0,1.7,1.7,26.8,-40.2,35.8,0,0,38.5,1,13222,1,13222,14925,3180,2911,8526,2253,680,9209,11468,13320,1,14058,15647,18874,11827,16469,12854,8263,8846,16613,14354,3316,24852,10504,2246,150,7714,1,21:31
2024-25,1642346,Ryan Dunn,Ryan,1610612756,PHX,Phoenix Suns,0022400480,2025-01-04T00:00:00,PHX @ IND,L,29.53,7.3,13.4,0.545,1.2,4.9,0.25,0.0,0.0,0.0,1.2,3.7,4.9,1.2,0.0,0.0,1.2,1.2,1.2,0.0,15.8,-2.4,27.2,0,0,25.6,1,13222,1,13222,8202,8200,11139,7695,13268,13498,11902,13505,14344,13505,11668,14768,15119,18954,16469,12854,6060,6130,18428,17725,12082,14280,16827,2246,150,17208,1,29:32
2024-25,1629726,Garrison Mathews,Garrison,1610612737,ATL,Atlanta Hawks,0022400486,2025-01-04T00:00:00,ATL @ LAC,L,25.6,5.6,14.1,0.4,5.6,14.1,0.4,4.2,4.2,1.0,2.8,8.4,11.3,4.2,5.6,1.4,0.0,0.0,2.8,2.8,21.1,-14.1,39.5,0,0,45.0,1,13222,1,13222,11489,12631,10070,14933,1645,908,7874,5312,7377,1,5832,4129,4194,9339,1701,8863,8263,8846,11586,9924,7007,19527,8064,2246,150,4259,1,25:36
2024-25,1630217,Desmond Bane,Desmond,1610612763,MEM,Memphis Grizzlies,0022400485,2025-01-04T00:00:00,MEM @ GSW,L,35.18333333333333,9.2,20.5,0.45,2.0,8.2,0.25,2.0,2.0,1.0,0.0,4.1,4.1,10.2,8.2,2.0,1.0,2.0,0.0,1.0,22.5,-10.2,43.8,1,0,45.0,1,13222,1,13222,3324,4343,2661,12982,9931,6104,11902,10474,12587,1,14058,13441,17087,1320,552,6028,7322,3071,20257,17299,5847,17989,5769,1,150,4254,1,35:11
2024-25,1630178,Tyrese Maxey,Tyrese,1610612755,PHI,Philadelphia 76ers,0022400478,2025-01-04T00:00:00,PHI @ BKN,W,31.8,5.7,13.6,0.417,2.3,6.8,0.333,6.8,7.9,0.857,0.0,2.3,2.3,7.9,4.5,0.0,0.0,0.0,0.0,7.9,20.4,22.6,30.5,0,0,32.8,1,1,13086,1,6154,12533,10847,14532,8991,8908,9209,2164,2572,7071,14058,18873,21283,2968,2953,12854,8263,8846,20257,1065,7595,3335,14454,2246,150,11781,1,31:48
2024-25,1641796,Pelle Larsson,Pelle,1610612748,MIA,Miami Heat,0022400481,2025-01-04T00:00:00,MIA vs. UTA,L,9.783333333333333,0.0,0.0,0.0,0.0,0.0,0.0,3.7,7.4,0.5,3.7,3.7,7.4,7.4,0.0,0.0,3.7,0.0,7.4,3.7,3.7,-11.0,34.6,0,0,25.8,1,13222,1,13222,22179,22635,24836,22635,15070,20945,15070,6327,3036,10625,4069,14701,9452,3558,16469,12854,1097,8846,1736,7183,22699,18338,11385,2246,150,17101,1,9:47
2024-25,1630528,Josh Christopher,Josh,1610612748,MIA,Miami Heat,0022400481,2025-01-04T00:00:00,MIA vs. UTA,L,13.95,5.2,5.2,1.0,0.0,0.0,0.0,2.6,5.2,0.5,0.0,0.0,0.0,7.7,5.2,0.0,2.6,0.0,2.6,2.6,12.9,-7.7,27.1,0,0,25.8,1,13222,1,13222,20220,13918,23349,1,15070,20945,15070,8853,5660,10625,14058,22137,23286,3138,2154,12854,2247,8846,12493,10701,15195,16851,16875,2246,150,17062,1,13:57
2024-25,1628969,Mikal Bridges,Mikal,1610612752,NYK,New York Knicks,0022400482,2025-01-04T00:00:00,NYK @ CHI,L,33.266666666666666,8.7,19.5,0.444,0.0,5.4,0.0,2.2,3.2,0.667,3.2,0.0,3.2,1.1,1.1,0.0,1.1,0.0,2.2,2.2,19.5,-22.7,27.2,0,0,26.0,1,13222,1,13222,4928,5332,3361,13045,15070,12188,15070,10070,9425,9425,4854,22137,19121,19403,15262,12854,6905,8846,14275,12319,8397,22273,16842,2246,150,16955,1,33:16
2024-25,203114,Khris Middleton,Khris,1610612749,MIL,Milwaukee Bucks,0022400483,2025-01-04T00:00:00,MIL vs. POR,L,25.95,1.4,6.9,0.2,0.0,4.2,0.0,0.0,0.0,0.0,0.0,9.7,9.7,4.2,1.4,0.0,0.0,0.0,2.8,0.0,2.8,-5.5,19.3,0,0,16.6,1,13222,1,13222,11194,22306,21634,21401,15070,15204,15070,13505,14344,13505,14058,2804,5784,9488,13355,12854,8263,8846,11749,17725,23003,15852,21507,2246,150,22448,1,25:57
2024-25,1630173,Precious Achiuwa,Precious,1610612752,NYK,New York Knicks,0022400482,2025-01-04T00:00:00,NYK @ CHI,L,26.85,2.7,2.7,1.0,0.0,0.0,0.0,1.3,2.7,0.5,2.7,4.0,6.7,0.0,1.3,1.3,0.0,0.0,1.3,1.3,6.7,-4.0,17.4,0,0,16.1,1,13222,1,13222,10452,20127,24593,1,15070,20945,15070,12196,10790,10625,6146,13651,10725,19908,13617,9237,8263,8846,17859,15720,20920,15080,22322,2246,150,22671,1,26:51
2024-25,1630311,Pat Spencer,Pat,1610612744,GSW,Golden State Warriors,0022400485,2025-01-04T00:00:00,GSW vs. MEM,W,12.053333333333333,3.0,6.0,0.5,0.0,0.0,0.0,0.0,0.0,0.0,6.0,3.0,9.0,6.0,3.0,3.0,3.0,0.0,6.0,3.0,6.0,-14.9,40.6,0,0,32.9,1,1,13086,1,21205,19462,22633,8526,15070,20945,15070,13505,14344,13505,1642,16783,6809,5547,6546,3191,1721,8846,2988,9312,21421,19878,7383,2246,150,11761,1,12:03
2024-25,1626156,D'Angelo Russell,D'Angelo,1610612751,BKN,Brooklyn Nets,0022400478,2025-01-04T00:00:00,BKN vs. PHI,L,14.133333333333333,2.5,10.2,0.25,2.5,5.1,0.5,5.1,7.6,0.667,0.0,2.5,2.5,10.2,7.6,5.1,0.0,0.0,0.0,2.5,12.7,-28.0,38.7,0,0,38.2,1,13222,1,13222,20122,20373,16746,20233,7980,12969,3944,3896,2781,9425,14058,18064,20711,1344,669,840,8263,8846,20257,10811,15350,23431,8581,2246,150,7891,1,14:08
2024-25,1629618,Jalen Pickett,Jalen,1610612743,DEN,Denver Nuggets,0022400484,2025-01-04T00:00:00,DEN @ SAS,W,3.8333333333333335,9.4,9.4,1.0,0.0,0.0,0.0,0.0,0.0,0.0,0.0,18.8,18.8,0.0,0.0,0.0,0.0,0.0,0.0,0.0,18.8,37.6,41.3,0,0,37.6,1,1,13086,1,24568,4039,18128,1,15070,20945,15070,13505,14344,13505,14058,212,731,19908,16469,12854,8263,8846,20257,17725,9051,1155,6977,2246,150,8316,1,3:50
2024-25,1629006,Josh Okogie,Josh,1610612756,PHX,Phoenix Suns,0022400480,2025-01-04T00:00:00,PHX @ IND,L,17.516666666666666,4.1,8.2,0.5,0.0,2.1,0.0,4.1,4.1,1.0,2.1,4.1,6.2,6.2,0.0,2.1,2.1,2.1,6.2,2.1,12.3,4.1,41.3,0,0,32.9,1,13222,1,13222,17908,16821,19915,8526,15070,19449,15070,5508,7607,1,8139,13387,11907,5223,16469,5987,3334,3040,2745,12827,15783,10589,6985,2246,150,11742,1,17:31
2024-25,1629659,Talen Horton-Tucker,Talen,1610612741,CHI,Chicago Bulls,0022400482,2025-01-04T00:00:00,CHI vs. NYK,W,2.8833333333333333,12.5,12.5,1.0,0.0,0.0,0.0,0.0,0.0,0.0,0.0,0.0,0.0,12.5,25.0,0.0,0.0,0.0,0.0,0.0,25.0,0.0,18.7,0,0,37.5,1,1,13086,1,25039,1252,12745,1,15070,20945,15070,13505,14344,13505,14058,22137,23286,617,26,12854,8263,8846,20257,17725,4226,12240,21789,2246,150,8394,1,2:53
2024-25,1628960,Grayson Allen,Grayson,1610612756,PHX,Phoenix Suns,0022400480,2025-01-04T00:00:00,PHX @ IND,L,30.636666666666667,5.9,11.8,0.5,3.5,8.2,0.429,0.0,0.0,0.0,0.0,4.7,4.7,7.1,1.2,0.0,1.2,0.0,2.4,2.4,15.3,-14.1,33.8,0,0,32.9,1,13222,1,13222,7179,11880,14030,8526,5095,6048,7394,13505,14344,13505,14058,11704,15568,3955,14631,12854,6337,8846,13444,11548,12635,19544,11938,2246,150,11729,1,30:38
2024-25,1630322,Lindy Waters III,Lindy,1610612744,GSW,Golden State Warriors,0022400485,2025-01-04T00:00:00,GSW vs. MEM,W,27.933333333333334,7.7,9.0,0.857,5.2,6.4,0.8,0.0,0.0,0.0,0.0,3.9,3.9,2.6,1.3,1.3,1.3,0.0,2.6,1.3,20.6,-6.4,35.6,0,0,37.4,1,1,13086,1,9595,7195,18686,1412,2102,9666,1389,13505,14344,13505,14058,14135,17665,14286,13858,9525,5698,8846,12501,15953,7381,16264,10680,2246,150,8451,1,27:56
2024-25,1628374,Lauri Markkanen,Lauri,1610612762,UTA,Utah Jazz,0022400481,2025-01-04T00:00:00,UTA @ MIA,W,26.633333333333333,8.1,17.6,0.462,2.7,8.1,0.333,1.4,1.4,1.0,1.4,4.1,5.4,4.1,0.0,2.7,0.0,0.0,1.4,1.4,20.3,27.0,41.0,0,0,37.8,1,1,13086,1,10618,6390,5175,12428,7530,6265,9209,12160,13658,1,10971,13561,13798,9789,16469,3899,8263,8846,17817,15666,7683,2423,7192,2246,150,8132,1,26:38
2024-25,1630167,Obi Toppin,Obi,1610612754,IND,Indiana Pacers,0022400480,2025-01-04T00:00:00,IND vs. PHX,W,16.383333333333333,6.6,13.2,0.5,0.0,4.4,0.0,13.2,13.2,1.0,6.6,0.0,6.6,4.4,2.2,4.4,0.0,2.2,2.2,6.6,26.4,8.8,51.9,0,0,46.1,1,1,13086,1,18664,9951,11508,8526,15070,14695,15070,253,568,1,1333,22137,10970,8898,9515,1307,8263,2646,14108,1999,3497,8284,2745,2246,150,3765,1,16:23
2024-25,1630172,Patrick Williams,Patrick,1610612741,CHI,Chicago Bulls,0022400482,2025-01-04T00:00:00,CHI vs. NYK,W,34.93333333333333,1.0,5.2,0.2,0.0,2.1,0.0,3.1,3.1,1.0,0.0,5.2,5.2,5.2,1.0,0.0,1.0,0.0,2.1,2.1,5.2,-6.2,21.1,0,0,17.5,1,1,13086,1,3514,22607,23353,21401,15070,19437,15070,7569,9745,1,14058,10414,14390,7127,15628,12854,7269,8846,14806,12799,21933,16146,20624,2246,150,22071,1,34:56
2024-25,1627824,Guerschon Yabusele,Guerschon,1610612755,PHI,Philadelphia 76ers,0022400478,2025-01-04T00:00:00,PHI @ BKN,W,25.55,1.4,5.6,0.25,0.0,4.2,0.0,1.4,2.8,0.5,1.4,7.0,8.5,0.0,0.0,2.8,0.0,0.0,0.0,2.8,4.2,18.3,22.8,0,0,18.3,1,1,13086,1,11534,22281,22961,20233,15070,15058,15070,12001,10436,10625,10704,6288,7542,19908,16469,3645,8263,8846,20257,9902,22450,4456,19668,2246,150,21707,1,25:33
2024-25,1630168,Onyeka Okongwu,Onyeka,1610612737,ATL,Atlanta Hawks,0022400486,2025-01-04T00:00:00,ATL @ LAC,L,24.383333333333333,3.0,10.3,0.286,0.0,4.4,0.0,0.0,0.0,0.0,1.5,10.3,11.8,3.0,0.0,0.0,1.5,0.0,1.5,1.5,5.9,-10.3,28.9,0,0,23.6,1,13222,1,13222,12578,19525,16487,19630,15070,14621,15070,13505,14344,13505,10409,2331,3653,13080,16469,12854,4938,8846,17317,15103,21452,18045,15538,2246,150,18593,1,24:23
2024-25,1631124,Julian Strawther,Julian,1610612743,DEN,Denver Nuggets,0022400484,2025-01-04T00:00:00,DEN @ SAS,W,25.95,1.4,12.5,0.111,1.4,6.9,0.2,2.8,2.8,1.0,0.0,6.9,6.9,2.8,0.0,0.0,0.0,1.4,2.8,2.8,6.9,9.7,19.4,0,0,18.0,1,1,13086,1,11194,22306,12745,22520,12492,8596,13429,8400,10546,1,14058,6473,10264,13671,16469,12854,8263,5227,11749,10057,20769,7833,21443,2246,150,21844,1,25:57
2024-25,1641842,Ronald Holland II,Ronald,1610612765,DET,Detroit Pistons,0022400479,2025-01-04T00:00:00,DET vs. MIN,W,16.933333333333334,4.3,6.4,0.667,0.0,0.0,0.0,8.5,8.5,1.0,2.1,2.1,4.3,2.1,4.3,0.0,0.0,0.0,4.3,6.4,17.0,34.0,21.0,0,0,23.4,1,1,13086,1,18290,16457,22235,3281,15070,20945,15070,1185,2187,1,7865,19284,16677,15908,3411,12854,8263,8846,6422,2209,10839,1502,20660,2246,150,18747,1,16:56
2024-25,1628978,Donte DiVincenzo,Donte,1610612750,MIN,Minnesota Timberwolves,0022400479,2025-01-04T00:00:00,MIN @ DET,L,26.166666666666668,2.8,8.3,0.333,1.4,6.9,0.2,0.0,0.0,0.0,1.4,4.1,5.5,4.1,4.1,2.8,0.0,0.0,1.4,4.1,6.9,-13.8,23.8,0,0,23.4,1,13222,1,13222,11032,19971,19861,17395,12538,8717,13429,13505,14344,13505,10851,13335,13530,9584,3613,3801,8263,8846,17719,5992,20804,19403,19096,2246,150,18743,1,26:10
2024-25,1630538,Bones Hyland,Bones,1610612746,LAC,LA Clippers,0022400486,2025-01-04T00:00:00,LAC vs. ATL,W,5.1,0.0,14.1,0.0,0.0,7.1,0.0,0.0,0.0,0.0,7.1,0.0,7.1,0.0,7.1,0.0,0.0,7.1,0.0,0.0,0.0,28.2,1.4,0,0,7.1,1,1,13086,1,23941,22635,9968,22635,15070,8335,15070,13505,14344,13505,1121,22137,10039,19908,866,12854,8263,150,20257,17725,23200,2220,25189,2246,150,24887,1,5:06
2024-25,1630695,Micah Potter,Micah,1610612762,UTA,Utah Jazz,0022400481,2025-01-04T00:00:00,UTA @ MIA,W,6.65,0.0,16.2,0.0,0.0,16.2,0.0,0.0,0.0,0.0,0.0,0.0,0.0,5.4,0.0,0.0,0.0,0.0,0.0,0.0,0.0,-27.1,8.1,0,0,5.4,1,1,13086,1,23303,22635,6763,22635,15070,490,15070,13505,14344,13505,14058,22137,23286,6604,16469,12854,8263,8846,20257,17725,23200,23254,24679,2246,150,25062,1,6:39
2024-25,1642271,Kyle Filipowski,Kyle,1610612762,UTA,Utah Jazz,0022400481,2025-01-04T00:00:00,UTA @ MIA,W,21.8,1.7,3.3,0.5,0.0,1.7,0.0,3.3,3.3,1.0,0.0,5.0,5.0,3.3,1.7,1.7,0.0,0.0,6.6,1.7,6.6,16.5,20.8,0,0,18.2,1,1,13086,1,14669,21966,24392,8526,15070,20103,15070,7100,9298,1,14058,11014,14918,11966,12129,7805,8263,8846,2312,14439,20985,5064,20785,2246,150,21794,1,21:48
2024-25,1628384,OG Anunoby,OG,1610612752,NYK,New York Knicks,0022400482,2025-01-04T00:00:00,NYK @ CHI,L,32.39,5.6,13.3,0.417,2.2,6.7,0.333,0.0,0.0,0.0,2.2,3.3,5.6,0.0,3.3,1.1,0.0,1.1,0.0,1.1,13.3,-8.9,20.0,0,0,23.3,1,13222,1,13222,5655,12827,11231,14532,9148,9168,9209,13505,14344,13505,7520,15681,13406,19908,5401,10928,8263,6953,20257,16858,14701,17379,21164,2246,150,18778,1,32:23
2024-25,1641736,Reece Beekman,Reece,1610612751,BKN,Brooklyn Nets,0022400478,2025-01-04T00:00:00,BKN vs. PHI,L,17.916666666666668,6.0,8.0,0.75,0.0,2.0,0.0,2.0,2.0,1.0,0.0,2.0,2.0,0.0,8.0,2.0,2.0,0.0,2.0,4.0,14.1,-16.1,20.5,0,0,24.1,1,13222,1,13222,17625,11432,20197,2107,15070,19537,15070,10614,12703,1,14058,19632,21778,19908,578,6210,3459,8846,15087,6256,13876,20275,20949,2246,150,18255,1,17:55
2024-25,1626179,Terry Rozier,Terry,1610612748,MIA,Miami Heat,0022400481,2025-01-04T00:00:00,MIA vs. UTA,L,18.35,7.8,17.7,0.444,0.0,9.8,0.0,0.0,0.0,0.0,0.0,2.0,2.0,0.0,2.0,0.0,0.0,0.0,2.0,0.0,15.7,-29.4,16.1,0,0,17.7,1,13222,1,13222,17317,6965,5063,13045,15070,3719,15070,13505,14344,13505,14058,19786,21881,19908,10713,12854,8263,8846,15348,17725,12230,23650,22819,2246,150,22007,1,18:21
2024-25,1631230,Dominick Barlow,Dominick,1610612737,ATL,Atlanta Hawks,0022400486,2025-01-04T00:00:00,ATL @ LAC,L,5.1,0.0,7.1,0.0,0.0,7.1,0.0,0.0,0.0,0.0,0.0,0.0,0.0,0.0,0.0,0.0,0.0,0.0,0.0,0.0,0.0,-28.2,0.0,0,0,0.0,1,13222,1,13222,23941,22635,21490,22635,15070,8335,15070,13505,14344,13505,14058,22137,23286,19908,16469,12854,8263,8846,20257,17725,23200,23477,25228,2246,150,25259,1,5:06
2024-25,1631101,Shaedon Sharpe,Shaedon,1610612757,POR,Portland Trail Blazers,0022400483,2025-01-04T00:00:00,POR @ MIL,W,31.766666666666666,7.9,17.0,0.467,2.3,7.9,0.286,0.0,2.3,0.0,1.1,3.4,4.5,3.4,1.1,1.1,0.0,0.0,1.1,2.3,18.1,1.1,30.9,0,0,30.6,1,1,13086,1,6187,6783,5814,12249,8988,6568,11433,13505,11883,13505,12235,15523,15964,11689,14914,10735,8263,8846,18900,11870,9697,12058,14098,2246,150,13483,1,31:46
2024-25,1631222,Jake LaRavia,Jake,1610612763,MEM,Memphis Grizzlies,0022400485,2025-01-04T00:00:00,MEM @ GSW,L,32.0,5.6,9.0,0.625,1.1,2.3,0.5,6.8,9.0,0.75,1.1,3.4,4.5,11.3,3.4,0.0,0.0,0.0,2.3,4.5,19.1,1.1,38.0,1,0,36.0,1,13222,1,13222,5961,12631,18708,4899,13806,19084,3944,2197,1865,8186,12295,15584,16050,917,5293,12854,8263,8846,13879,5140,8719,12068,9010,1,150,9360,1,32:00
2024-25,203486,Mason Plumlee,Mason,1610612756,PHX,Phoenix Suns,0022400480,2025-01-04T00:00:00,PHX @ IND,L,19.833333333333332,1.8,5.4,0.333,0.0,0.0,0.0,3.6,3.6,1.0,0.0,9.1,9.1,1.8,3.6,1.8,0.0,1.8,1.8,1.8,7.3,-27.2,22.7,0,0,21.8,1,13222,1,13222,16152,21725,23124,17395,15070,20945,15070,6429,8628,1,14058,3430,6620,17041,4709,7179,8263,3855,16107,13873,20518,23281,19756,2246,150,19797,1,19:50
2024-25,204456,T.J. McConnell,T.J.,1610612754,IND,Indiana Pacers,0022400480,2025-01-04T00:00:00,IND vs. PHX,W,17.883333333333333,8.1,18.1,0.444,0.0,0.0,0.0,0.0,0.0,0.0,0.0,6.0,6.0,8.1,2.0,0.0,0.0,2.0,8.1,0.0,16.1,-4.0,33.4,0,0,30.2,1,1,13086,1,17642,6524,4544,13045,15070,20945,15070,13505,14344,13505,14058,8250,12187,2835,10458,12854,8263,3193,1340,17725,11814,15083,12254,2246,150,13803,1,17:53
2024-25,1629614,Andrew Nembhard,Andrew,1610612754,IND,Indiana Pacers,0022400480,2025-01-04T00:00:00,IND vs. PHX,W,30.116666666666667,3.6,3.6,1.0,2.4,2.4,1.0,1.2,2.4,0.5,1.2,2.4,3.6,8.4,2.4,1.2,0.0,0.0,4.8,1.2,10.8,23.9,28.8,0,0,27.5,1,1,13086,1,7664,18115,24274,1,8518,18834,1,12610,11517,10625,11818,18513,18352,2544,8698,10214,8263,8846,5106,16428,17412,3049,15626,2246,150,15795,1,30:07
2024-25,1630191,Isaiah Stewart,Isaiah,1610612765,DET,Detroit Pistons,0022400479,2025-01-04T00:00:00,DET vs. MIN,W,25.116666666666667,5.7,11.5,0.5,0.0,1.4,0.0,0.0,0.0,0.0,1.4,7.2,8.6,4.3,0.0,0.0,1.4,0.0,2.9,0.0,11.5,15.8,32.5,0,0,27.2,1,1,13086,1,11895,12319,14529,8526,15070,20342,15070,13505,14344,13505,10604,6065,7314,9124,16469,12854,5105,8846,11331,17725,16715,5334,12926,2246,150,15995,1,25:07
2024-25,1642258,Zaccharie Risacher,Zaccharie,1610612737,ATL,Atlanta Hawks,0022400486,2025-01-04T00:00:00,ATL @ LAC,L,28.183333333333334,6.4,14.1,0.455,1.3,5.1,0.25,2.6,2.6,1.0,1.3,5.1,6.4,3.8,2.6,1.3,0.0,1.3,2.6,1.3,16.6,-14.1,31.3,0,0,30.7,1,13222,1,13222,9395,10480,10092,12676,12945,12924,11902,8909,11075,1,11315,10536,11434,10414,8031,9597,8263,5772,12585,15999,11275,19519,13827,2246,150,13431,1,28:11
2024-25,1641744,Zach Edey,Zach,1610612763,MEM,Memphis Grizzlies,0022400485,2025-01-04T00:00:00,MEM @ GSW,L,20.466666666666665,3.5,3.5,1.0,0.0,0.0,0.0,1.8,3.5,0.5,3.5,7.0,10.6,1.8,5.3,0.0,0.0,0.0,3.5,1.8,8.8,-19.3,18.8,0,0,21.1,1,13222,1,13222,15662,18286,24303,1,15070,20945,15070,11316,8855,10625,4350,6296,4857,17204,2035,12854,8263,8846,8700,14079,19274,21357,21747,2246,150,20210,1,20:28
2024-25,200768,Kyle Lowry,Kyle,1610612755,PHI,Philadelphia 76ers,0022400478,2025-01-04T00:00:00,PHI @ BKN,W,24.116666666666667,3.0,3.0,1.0,1.5,1.5,1.0,0.0,0.0,0.0,1.5,4.5,6.0,6.0,1.5,3.0,0.0,0.0,3.0,0.0,7.5,22.4,31.0,0,0,26.9,1,1,13086,1,12787,19463,24500,1,12064,20283,1,13505,14344,13505,10351,12313,12359,5552,12781,3193,8263,8846,10792,17725,20354,3383,14023,2246,150,16255,1,24:07
2024-25,202699,Tobias Harris,Tobias,1610612765,DET,Detroit Pistons,0022400479,2025-01-04T00:00:00,DET vs. MIN,W,33.635,5.4,13.9,0.385,2.1,5.4,0.4,4.3,4.3,1.0,2.1,9.6,11.8,4.3,4.3,0.0,0.0,1.1,5.4,4.3,17.1,9.6,33.4,1,0,35.3,1,1,13086,1,4602,13402,10317,16070,9509,12327,7874,5193,7246,1,7798,2888,3692,9181,3359,12854,8263,7312,3922,5646,10712,7871,12270,1,150,9862,1,33:38
2024-25,203944,Julius Randle,Julius,1610612750,MIN,Minnesota Timberwolves,0022400479,2025-01-04T00:00:00,MIN @ DET,L,36.15,6.0,12.0,0.5,0.0,4.0,0.0,5.0,5.0,1.0,2.0,5.0,7.0,6.0,3.0,0.0,0.0,0.0,4.0,4.0,16.9,-19.9,31.3,0,0,29.9,1,13222,1,13222,2569,11594,13684,8526,15070,15612,15070,4072,5966,1,8424,10938,10194,5542,6536,12854,8263,8846,7188,6350,10928,21528,13852,2246,150,14048,1,36:09
2024-25,1631260,AJ Green,AJ,1610612749,MIL,Milwaukee Bucks,0022400483,2025-01-04T00:00:00,MIL vs. POR,L,30.016666666666666,8.4,15.6,0.538,8.4,15.6,0.538,0.0,0.0,0.0,0.0,2.4,2.4,3.6,1.2,1.2,0.0,0.0,2.4,0.0,25.2,4.8,35.9,0,0,42.0,1,13222,1,13222,7767,5813,7708,7978,384,588,3915,13505,14344,13505,14058,18487,21008,11092,14447,10177,8263,8846,13214,17725,4136,10219,10465,2246,150,5663,1,30:01
2024-25,202331,Paul George,Paul,1610612755,PHI,Philadelphia 76ers,0022400478,2025-01-04T00:00:00,PHI @ BKN,W,28.966666666666665,7.5,17.4,0.429,3.7,11.2,0.333,2.5,2.5,1.0,0.0,5.0,5.0,7.5,2.5,2.5,0.0,0.0,2.5,1.2,21.1,27.3,43.2,0,0,42.3,1,1,13086,1,8697,7875,5352,13735,4634,2350,9209,9092,11244,1,14058,10960,14871,3452,8307,4422,8263,8846,12860,16164,6973,2364,6013,2246,150,5519,1,28:58
2024-25,203078,Bradley Beal,Bradley,1610612756,PHX,Phoenix Suns,0022400480,2025-01-04T00:00:00,PHX @ IND,L,32.95,3.3,13.1,0.25,2.2,3.3,0.667,0.0,0.0,0.0,2.2,1.1,3.3,3.3,1.1,1.1,1.1,0.0,3.3,0.0,8.7,-22.9,23.1,0,0,21.9,1,13222,1,13222,5189,18814,11658,20233,9295,17115,1957,13505,14344,13505,7632,21767,19047,12059,15179,11083,6841,8846,9533,17725,19314,22320,19527,2246,150,19755,1,32:57
2024-25,1627741,Buddy Hield,Buddy,1610612744,GSW,Golden State Warriors,0022400485,2025-01-04T00:00:00,GSW vs. MEM,W,23.566666666666666,7.6,13.7,0.556,6.1,10.7,0.571,0.0,0.0,0.0,1.5,1.5,3.1,4.6,4.6,0.0,0.0,1.5,3.1,0.0,21.4,27.5,27.3,0,0,35.1,1,1,13086,1,13257,7418,10574,7248,1224,2777,3506,13505,14344,13505,10199,20814,19570,8446,2873,12854,8263,4664,10459,17725,6740,2345,16705,2246,150,10004,1,23:34
2024-25,1627783,Pascal Siakam,Pascal,1610612754,IND,Indiana Pacers,0022400480,2025-01-04T00:00:00,IND vs. PHX,W,34.06666666666667,7.4,18.0,0.412,1.1,5.3,0.2,0.0,0.0,0.0,1.1,8.5,9.5,4.2,1.1,0.0,0.0,1.1,1.1,1.1,15.9,19.0,32.5,0,0,30.6,1,1,13086,1,4190,8019,4738,14791,14212,12510,13429,13505,14344,13505,12818,4108,6046,9320,15449,12854,8263,7434,19369,17145,12079,4256,12916,2246,150,13445,1,34:04
2024-25,203110,Draymond Green,Draymond,1610612744,GSW,Golden State Warriors,0022400485,2025-01-04T00:00:00,GSW vs. MEM,W,30.6,3.5,8.2,0.429,3.5,7.1,0.5,0.0,0.0,0.0,1.2,1.2,2.4,3.5,2.4,2.4,1.2,0.0,4.7,2.4,10.6,11.8,26.9,0,0,27.1,1,1,13086,1,7219,18253,19893,13735,5085,8341,3944,13505,14344,13505,11948,21574,21093,11312,8848,4858,6323,8846,5262,11525,17568,6900,16992,2246,150,16113,1,30:36
2024-25,1630170,Devin Vassell,Devin,1610612759,SAS,San Antonio Spurs,0022400484,2025-01-04T00:00:00,SAS vs. DEN,L,38.516666666666666,7.5,18.7,0.4,0.9,5.6,0.167,1.9,1.9,1.0,3.7,3.7,7.5,2.8,3.7,0.9,0.0,0.9,0.0,1.9,17.8,-11.2,30.0,0,0,30.8,1,13222,1,13222,1098,7819,4031,14933,14857,11699,14236,11053,13067,1,3980,14502,9213,13578,4466,12481,8263,8459,20257,13646,10073,18408,14790,2246,150,13301,1,38:31
2024-25,1641748,Andre Jackson Jr.,Andre,1610612749,MIL,Milwaukee Bucks,0022400483,2025-01-04T00:00:00,MIL vs. POR,L,14.466666666666667,7.5,10.0,0.75,0.0,0.0,0.0,0.0,0.0,0.0,5.0,2.5,7.5,10.0,0.0,5.0,0.0,0.0,2.5,0.0,14.9,-10.0,53.8,0,0,42.3,1,13222,1,13222,19896,7855,17138,2107,15070,20945,15070,13505,14344,13505,2397,18216,9242,1460,16469,915,8263,8846,12846,17725,12985,17870,2261,2246,150,5497,1,14:28
2024-25,1628404,Josh Hart,Josh,1610612752,NYK,New York Knicks,0022400482,2025-01-04T00:00:00,NYK @ CHI,L,40.38333333333333,0.0,4.5,0.0,0.0,2.7,0.0,1.8,1.8,1.0,2.7,11.6,14.3,8.9,1.8,0.9,0.0,0.9,2.7,1.8,1.8,-12.5,33.2,1,0,26.7,1,13222,1,13222,476,22635,23830,22635,15070,18308,15070,11278,13211,1,6162,1568,2117,2094,11625,12700,8263,8695,12147,13992,23169,18935,12461,1,150,16362,1,40:23
2024-25,202696,Nikola Vučević,Nikola,1610612741,CHI,Chicago Bulls,0022400482,2025-01-04T00:00:00,CHI vs. NYK,W,34.016666666666666,10.6,20.1,0.526,1.1,4.2,0.25,1.1,1.1,1.0,4.2,8.5,12.7,3.2,2.1,1.1,0.0,0.0,5.3,1.1,23.3,6.3,44.3,1,0,42.3,1,1,13086,1,4244,2639,2886,8379,14203,15039,11902,13051,14116,1,3265,4091,3001,12406,9923,11408,8263,8846,4038,17129,5303,9451,5500,1,150,5484,1,34:01
2024-25,1641730,Noah Clowney,Noah,1610612751,BKN,Brooklyn Nets,0022400478,2025-01-04T00:00:00,BKN vs. PHI,L,18.6,1.9,5.8,0.333,1.9,5.8,0.333,0.0,0.0,0.0,1.9,9.7,11.6,3.9,7.7,1.9,0.0,0.0,3.9,1.9,5.8,-27.1,23.6,0,0,27.1,1,13222,1,13222,17106,21526,22805,17395,10478,11192,9209,13505,14344,13505,8684,2840,3837,10306,651,6587,8263,8846,7544,13384,21523,23260,19193,2246,150,16089,1,18:36
2024-25,1630549,Day'Ron Sharpe,Day'Ron,1610612751,BKN,Brooklyn Nets,0022400478,2025-01-04T00:00:00,BKN vs. PHI,L,25.033333333333335,2.9,11.5,0.25,1.4,5.8,0.25,0.0,1.4,0.0,1.4,5.8,7.2,2.9,1.4,0.0,1.4,0.0,2.9,2.9,7.2,-8.6,23.0,0,0,21.6,1,13222,1,13222,11975,19720,14462,20233,12301,11326,11902,13505,13550,13505,10583,8913,9768,13354,13067,12854,5081,8846,11291,9670,20565,17255,19560,2246,150,19920,1,25:02
2024-25,1629675,Naz Reid,Naz,1610612750,MIN,Minnesota Timberwolves,0022400479,2025-01-04T00:00:00,MIN @ DET,L,25.483333333333334,2.8,9.9,0.286,2.8,5.7,0.5,4.2,5.7,0.75,0.0,4.2,4.2,1.4,0.0,0.0,0.0,1.4,2.8,2.8,12.7,-9.9,19.9,0,0,21.2,1,13222,1,13222,11598,19827,17266,19630,7137,11580,3944,5283,4973,8186,14058,13010,16714,18302,16469,12854,8263,5129,11524,9874,15374,17844,21201,2246,150,20162,1,25:29
2024-25,1628418,Thomas Bryant,Thomas,1610612754,IND,Indiana Pacers,0022400480,2025-01-04T00:00:00,IND vs. PHX,W,12.883333333333333,5.6,16.8,0.333,2.8,8.4,0.333,0.0,0.0,0.0,8.4,8.4,16.8,8.4,2.8,0.0,0.0,5.6,2.8,0.0,14.0,-2.8,43.9,0,0,41.9,1,1,13086,1,20803,12736,6094,17395,7227,5776,9209,13505,14344,13505,678,4177,1183,2528,7235,12854,8263,267,11666,17725,13962,14448,5736,2246,150,5693,1,12:53
2024-25,1631213,Tyrese Martin,Tyrese,1610612751,BKN,Brooklyn Nets,0022400478,2025-01-04T00:00:00,BKN vs. PHI,L,29.233333333333334,7.4,22.2,0.333,1.2,8.6,0.143,3.7,4.9,0.75,1.2,4.9,6.2,3.7,0.0,0.0,0.0,1.2,1.2,3.7,19.7,-23.4,32.6,0,0,30.8,1,13222,1,13222,8465,8036,1747,17395,13196,5387,14649,6303,6072,8186,11595,11096,11927,10804,16469,12854,8263,6047,18370,7145,8156,22443,12857,2246,150,13333,1,29:14
2024-25,203084,Harrison Barnes,Harrison,1610612759,SAS,San Antonio Spurs,0022400484,2025-01-04T00:00:00,SAS vs. DEN,L,32.55,8.8,15.5,0.571,4.4,8.8,0.5,2.2,2.2,1.0,0.0,1.1,1.1,3.3,0.0,0.0,1.1,0.0,4.4,2.2,24.3,-10.0,34.0,0,0,35.4,1,13222,1,13222,5517,4973,7843,6538,3199,5028,3944,9903,12049,1,14058,21741,23075,11921,16469,12854,6752,8846,5957,12108,4591,17872,11856,2246,150,9800,1,32:33
2024-25,1628398,Kyle Kuzma,Kyle,1610612764,WAS,Washington Wizards,0022400472,2025-01-03T00:00:00,WAS @ NOP,L,28.483333333333334,8.8,10.1,0.875,0.0,1.3,0.0,0.0,2.5,0.0,1.3,7.6,8.8,1.3,2.5,1.3,0.0,0.0,0.0,1.3,17.7,-16.4,31.5,0,0,30.3,1,13222,1,13222,9135,4975,16884,1353,15070,20541,15070,13505,11135,13505,11391,5354,6949,18781,8125,9691,8263,8846,20257,16067,10134,20420,13691,2246,150,13684,1,28:29
2024-25,1631212,Peyton Watson,Peyton,1610612743,DEN,Denver Nuggets,0022400475,2025-01-03T00:00:00,DEN vs. SAS,L,18.621666666666666,1.9,7.7,0.25,0.0,1.9,0.0,0.0,1.9,0.0,1.9,1.9,3.9,3.9,0.0,3.9,3.9,0.0,0.0,1.9,3.9,-19.3,37.5,0,0,27.1,1,13222,1,13222,17091,21532,20614,20233,15070,19678,15070,13505,12899,13505,8694,19884,17664,10319,16469,1776,996,8846,20257,13395,22623,21349,9340,2246,150,16109,1,18:37
2024-25,1629023,P.J. Washington,P.J.,1610612742,DAL,Dallas Mavericks,0022400474,2025-01-03T00:00:00,DAL vs. CLE,L,30.966666666666665,7.0,20.9,0.333,1.2,8.1,0.143,2.3,3.5,0.667,1.2,7.0,8.1,1.2,2.3,0.0,1.2,0.0,1.2,2.3,17.4,-17.4,30.1,0,0,30.2,1,13222,1,13222,6903,8990,2387,17395,13579,6202,14649,9542,8912,9425,12032,6401,8027,19144,8964,12854,6408,8846,18746,11648,10388,20761,14727,2246,150,13778,1,30:58
2024-25,202691,Klay Thompson,Klay,1610612742,DAL,Dallas Mavericks,0022400474,2025-01-03T00:00:00,DAL vs. CLE,L,28.5,5.1,16.4,0.308,5.1,12.6,0.4,5.1,5.1,1.0,0.0,3.8,3.8,3.8,0.0,1.3,0.0,0.0,0.0,2.5,20.2,-11.4,34.2,0,0,35.4,1,13222,1,13222,9119,14228,6522,19226,2206,1458,7874,3954,5819,1,14058,14352,17851,10522,16469,9693,8263,8846,20257,10886,7729,18464,11632,2246,150,9824,1,28:30
2024-25,1642355,Bronny James,Bronny,1610612747,LAL,Los Angeles Lakers,0022400477,2025-01-03T00:00:00,LAL vs. ATL,W,1.6833333333333333,0.0,21.4,0.0,0.0,0.0,0.0,0.0,0.0,0.0,0.0,0.0,0.0,21.4,0.0,0.0,0.0,0.0,0.0,0.0,0.0,42.8,32.1,0,0,21.4,1,1,13086,1,25667,22635,2096,22635,15070,20945,15070,13505,14344,13505,14058,22137,23286,67,16469,12854,8263,8846,20257,17725,23200,786,13265,2246,150,20032,1,1:41
2024-25,1629008,Michael Porter Jr.,Michael,1610612743,DEN,Denver Nuggets,0022400475,2025-01-03T00:00:00,DEN vs. SAS,L,41.763333333333335,7.8,12.1,0.643,3.4,6.9,0.5,0.0,0.0,0.0,0.9,2.6,3.4,0.9,0.9,0.0,1.7,0.0,0.0,0.0,19.0,6.0,28.7,0,0,30.2,1,13222,1,13222,276,7150,13473,4607,5263,8682,3944,13505,14344,13505,13984,17982,18665,19885,16411,12854,4238,8846,20257,17725,8892,9598,15709,2246,150,13820,1,41:46
2024-25,1630700,Dyson Daniels,Dyson,1610612737,ATL,Atlanta Hawks,0022400477,2025-01-03T00:00:00,ATL @ LAL,L,30.933333333333334,7.0,16.3,0.429,1.2,5.8,0.2,0.0,1.2,0.0,0.0,3.5,3.5,4.7,0.0,5.8,0.0,1.2,1.2,2.3,15.1,-22.1,43.8,0,0,36.1,1,13222,1,13222,6932,8969,6698,13735,13572,11159,13429,13505,13946,13505,14058,15263,18569,8288,16469,526,8263,6526,18739,11639,12780,22101,5784,2246,150,9314,1,30:56
2024-25,1630314,Brandon Williams,Brandon,1610612742,DAL,Dallas Mavericks,0022400474,2025-01-03T00:00:00,DAL vs. CLE,L,20.083333333333332,7.2,16.1,0.444,3.6,7.2,0.5,5.4,7.2,0.75,1.8,3.6,5.4,3.6,1.8,0.0,0.0,3.6,1.8,5.4,23.3,14.3,33.3,0,0,35.9,1,13222,1,13222,15960,8532,6921,13045,4956,8102,3944,3552,3194,8186,9265,14972,13861,11130,11582,12854,8263,853,16217,3510,5291,5882,12310,2246,150,9479,1,20:05
2024-25,203482,Kelly Olynyk,Kelly,1610612761,TOR,Toronto Raptors,0022400470,2025-01-03T00:00:00,TOR vs. ORL,L,14.5,5.0,7.4,0.667,0.0,0.0,0.0,5.0,5.0,1.0,5.0,0.0,5.0,2.5,2.5,2.5,0.0,2.5,5.0,2.5,14.9,2.5,29.5,0,0,27.3,1,13222,1,13222,19877,14489,21005,3281,15070,20945,15070,4094,5997,1,2408,22137,14882,14602,8319,4430,8263,2067,4692,11055,13020,11383,15110,2246,150,15940,1,14:30
2024-25,1628386,Jarrett Allen,Jarrett,1610612739,CLE,Cleveland Cavaliers,0022400474,2025-01-03T00:00:00,CLE @ DAL,W,22.35,8.1,16.1,0.5,0.0,0.0,0.0,1.6,3.2,0.5,4.8,9.7,14.5,0.0,0.0,0.0,1.6,3.2,6.4,1.6,17.7,8.1,39.9,0,0,35.4,1,1,13086,1,14231,6523,6968,8526,15070,20945,15070,11581,9474,10625,2528,2856,1998,19908,16469,12854,4523,1135,2452,14591,10116,8611,7800,2246,150,9767,1,22:21
2024-25,1631230,Dominick Barlow,Dominick,1610612737,ATL,Atlanta Hawks,0022400477,2025-01-03T00:00:00,ATL @ LAL,L,1.6833333333333333,0.0,0.0,0.0,0.0,0.0,0.0,0.0,0.0,0.0,0.0,21.4,21.4,0.0,0.0,0.0,0.0,0.0,0.0,0.0,0.0,-42.8,25.7,0,0,21.4,1,13222,1,13222,25667,22635,24836,22635,15070,20945,15070,13505,14344,13505,14058,131,377,19908,16469,12854,8263,8846,20257,17725,23200,25030,17835,2246,150,20032,1,1:41
2024-25,1631223,David Roddy,David,1610612737,ATL,Atlanta Hawks,0022400477,2025-01-03T00:00:00,ATL @ LAL,L,1.6833333333333333,0.0,21.4,0.0,0.0,0.0,0.0,0.0,0.0,0.0,0.0,21.4,21.4,0.0,0.0,0.0,0.0,0.0,0.0,0.0,0.0,-42.8,25.7,0,0,21.4,1,13222,1,13222,25667,22635,2096,22635,15070,20945,15070,13505,14344,13505,14058,131,377,19908,16469,12854,8263,8846,20257,17725,23200,25030,17835,2246,150,20032,1,1:41
2024-25,1629731,Dean Wade,Dean,1610612739,CLE,Cleveland Cavaliers,0022400474,2025-01-03T00:00:00,CLE @ DAL,W,26.4,5.5,6.8,0.8,2.7,4.1,0.667,0.0,0.0,0.0,0.0,4.1,4.1,1.4,0.0,0.0,2.7,0.0,6.8,0.0,13.6,-8.2,28.8,0,0,27.3,1,1,13086,1,10812,13120,21768,1688,7458,15372,1957,13505,14344,13505,14058,13445,17090,18456,16469,12854,2038,8846,2126,17725,14344,17047,15658,2246,150,15969,1,26:24
2024-25,1630591,Jalen Suggs,Jalen,1610612753,ORL,Orlando Magic,0022400470,2025-01-03T00:00:00,ORL @ TOR,W,13.25,5.4,19.0,0.286,5.4,13.6,0.4,0.0,0.0,0.0,0.0,5.4,5.4,2.7,2.7,2.7,0.0,0.0,0.0,0.0,16.3,16.3,32.3,0,0,35.3,1,1,13086,1,20626,13173,3745,19630,1808,1062,7874,13505,14344,13505,14058,9705,13716,13854,7476,3869,8263,8846,20257,17725,11602,5140,13063,2246,150,9858,1,13:15
2024-25,1627750,Jamal Murray,Jamal,1610612743,DEN,Denver Nuggets,0022400475,2025-01-03T00:00:00,DEN vs. SAS,L,36.55,5.9,16.7,0.353,2.0,4.9,0.4,0.0,0.0,0.0,1.0,3.0,3.9,6.9,2.0,0.0,0.0,0.0,1.0,1.0,13.8,-6.9,26.9,0,0,26.6,1,13222,1,13222,2304,11773,6115,17268,10296,13382,7874,13505,14344,13505,13376,16876,17471,4141,10666,12854,8263,8846,19786,17444,14177,16471,17031,2246,150,16471,1,36:33
2024-25,1630578,Alperen Sengun,Alperen,1610612745,HOU,Houston Rockets,0022400471,2025-01-03T00:00:00,HOU vs. BOS,L,28.75,7.5,18.8,0.4,0.0,1.3,0.0,2.5,2.5,1.0,2.5,6.3,8.8,3.8,5.0,1.3,1.3,1.3,5.0,2.5,17.5,-35.1,36.2,0,0,35.1,1,13222,1,13222,8877,7737,3939,14933,15070,20558,15070,9039,11200,1,6603,7769,7079,10631,2332,9790,5887,5920,4592,10977,10293,24415,10247,2246,150,10051,1,28:45
2024-25,1641726,Dereck Lively II,Dereck,1610612742,DAL,Dallas Mavericks,0022400474,2025-01-03T00:00:00,DAL vs. CLE,L,27.05,4.0,6.7,0.6,0.0,0.0,0.0,1.3,2.7,0.5,5.3,9.3,14.6,4.0,1.3,0.0,1.3,2.7,2.7,2.7,9.3,-22.6,35.5,0,0,30.6,1,13222,1,13222,10296,17107,21948,5394,15070,20945,15070,12225,10834,10625,2072,3189,1941,9954,13669,12854,5514,1796,12197,10434,18798,22255,10707,2246,150,13473,1,27:03
2024-25,203991,Clint Capela,Clint,1610612737,ATL,Atlanta Hawks,0022400477,2025-01-03T00:00:00,ATL @ LAL,L,22.45,6.4,12.8,0.5,0.0,0.0,0.0,0.0,0.0,0.0,4.8,6.4,11.2,3.2,0.0,0.0,0.0,0.0,8.0,1.6,12.8,-12.8,31.1,0,0,27.3,1,13222,1,13222,14153,10401,12165,8526,15070,20945,15070,13505,14344,13505,2548,7475,4218,12276,16469,12854,8263,8846,1358,14616,15259,19067,13986,2246,150,15981,1,22:27
2024-25,1628998,Cody Martin,Cody,1610612766,CHA,Charlotte Hornets,0022400469,2025-01-03T00:00:00,CHA @ DET,L,20.033333333333335,3.6,9.0,0.4,0.0,0.0,0.0,0.0,3.6,0.0,0.0,12.6,12.6,3.6,0.0,0.0,3.6,1.8,1.8,3.6,7.2,5.4,38.5,0,0,30.5,1,13222,1,13222,15994,18094,18748,14933,15070,20945,15070,13505,8699,13505,14058,1134,3078,11099,16469,12854,1148,3908,16201,7400,20568,9894,8734,2246,150,13516,1,20:02
2024-25,1628436,Luke Kornet,Luke,1610612738,BOS,Boston Celtics,0022400471,2025-01-03T00:00:00,BOS @ HOU,W,23.511666666666667,6.1,10.7,0.571,0.0,0.0,0.0,1.5,6.1,0.25,9.2,6.1,15.3,6.1,1.5,1.5,1.5,1.5,3.1,6.1,13.8,35.2,49.0,0,0,41.3,1,1,13086,1,13303,11154,15854,6538,15070,20945,15070,11731,4317,13358,516,8048,1647,5290,12612,8271,4744,4656,10429,2480,14191,1372,3628,2246,150,6004,1,23:31
2024-25,1626157,Karl-Anthony Towns,Karl-Anthony,1610612752,NYK,New York Knicks,0022400473,2025-01-03T00:00:00,NYK @ OKC,L,42.285,6.0,11.1,0.538,0.0,0.0,0.0,2.6,3.4,0.75,3.4,15.3,18.7,3.4,1.7,2.6,0.0,1.7,3.4,1.7,14.5,-5.1,48.0,1,0,41.7,1,13222,1,13222,231,11632,15253,7978,15070,20945,15070,8910,9080,8186,4533,513,747,11675,11908,4241,8263,4144,9063,14257,13439,15651,3968,1,150,5792,1,42:17
2024-25,1641711,Gradey Dick,Gradey,1610612761,TOR,Toronto Raptors,0022400470,2025-01-03T00:00:00,TOR vs. ORL,L,29.683333333333334,2.4,13.3,0.182,2.4,8.5,0.286,2.4,2.4,1.0,0.0,6.1,6.1,1.2,1.2,1.2,0.0,2.4,2.4,2.4,9.7,-9.7,21.2,0,0,21.8,1,13222,1,13222,8057,20599,11227,21891,8389,5603,11433,9257,11404,1,14058,8191,12135,18975,14341,10066,8263,2165,13094,11244,18442,17759,20583,2246,150,19770,1,29:41
2024-25,1630202,Payton Pritchard,Payton,1610612738,BOS,Boston Celtics,0022400471,2025-01-03T00:00:00,BOS @ HOU,W,32.233333333333334,8.9,11.2,0.8,4.5,6.7,0.667,0.0,0.0,0.0,1.1,3.4,4.5,2.2,0.0,0.0,1.1,0.0,1.1,0.0,22.3,23.5,34.4,0,0,35.7,1,1,13086,1,5785,4834,15072,1688,3115,9101,1957,13505,14344,13505,12348,15637,16127,15500,16469,12854,6688,8846,19003,17725,5978,3165,11511,2246,150,9550,1,32:14
2024-25,203552,Seth Curry,Seth,1610612766,CHA,Charlotte Hornets,0022400469,2025-01-03T00:00:00,CHA @ DET,L,23.866666666666667,4.5,7.5,0.6,3.0,6.0,0.5,1.5,1.5,1.0,0.0,4.5,4.5,3.0,1.5,1.5,0.0,0.0,1.5,1.5,13.6,-7.5,26.5,0,0,27.2,1,13222,1,13222,13016,15695,20870,5394,6439,10608,3944,11779,13480,1,14058,12193,15983,12867,12707,8376,8263,8846,17180,14971,14407,16756,17258,2246,150,16057,1,23:52
2024-25,1630224,Jalen Green,Jalen,1610612745,HOU,Houston Rockets,0022400471,2025-01-03T00:00:00,HOU vs. BOS,L,35.03333333333333,10.3,21.6,0.476,5.1,13.4,0.385,2.1,2.1,1.0,0.0,3.1,3.1,1.0,1.0,0.0,2.1,2.1,3.1,2.1,27.7,-24.7,38.1,0,0,41.1,1,13222,1,13222,3435,2935,1999,12010,2119,1148,8766,10452,12566,1,14058,16455,19517,19595,15654,12854,3334,3040,10341,12827,2886,22738,8944,2246,150,6135,1,35:02
2024-25,1630595,Cade Cunningham,Cade,1610612765,DET,Detroit Pistons,0022400469,2025-01-03T00:00:00,DET vs. CHA,W,28.776666666666667,10.0,25.0,0.4,1.3,3.8,0.333,1.3,2.5,0.5,0.0,6.3,6.3,6.3,2.5,2.5,1.3,3.8,6.3,1.3,22.5,1.3,48.2,0,0,43.8,1,1,13086,1,8864,3213,820,14933,13097,16094,9209,12448,11203,10625,14058,7777,11698,5085,8238,4382,5895,767,2651,16127,5844,11977,3923,2246,150,4785,1,28:47
2024-25,1630596,Evan Mobley,Evan,1610612739,CLE,Cleveland Cavaliers,0022400474,2025-01-03T00:00:00,CLE @ DAL,W,29.546666666666667,17.1,25.6,0.667,3.7,7.3,0.5,3.7,4.9,0.75,2.4,9.7,12.2,4.9,0.0,0.0,2.4,0.0,3.7,4.9,41.4,39.0,70.7,1,0,67.0,1,1,13086,1,8189,274,712,3281,4793,7796,3944,6376,6163,8186,6817,2776,3359,7751,16469,12854,2489,8846,8243,4348,377,1042,410,1,150,395,1,29:33
2024-25,201942,DeMar DeRozan,DeMar,1610612758,SAC,Sacramento Kings,0022400476,2025-01-03T00:00:00,SAC vs. MEM,W,37.8,9.5,17.1,0.556,3.8,6.7,0.571,4.8,6.7,0.714,1.0,1.9,2.9,4.8,1.0,0.0,1.0,1.0,3.8,2.9,27.6,9.5,40.1,0,0,41.0,1,1,13086,1,1509,3844,5639,7248,4409,9170,3506,4412,3692,9244,13627,19957,20100,8016,16132,12854,7805,8319,7703,9737,2927,7931,7700,2246,150,6233,1,37:48
2024-25,202693,Markieff Morris,Markieff,1610612742,DAL,Dallas Mavericks,0022400474,2025-01-03T00:00:00,DAL vs. CLE,L,4.116666666666666,17.5,43.7,0.4,8.7,35.0,0.25,0.0,0.0,0.0,0.0,8.7,8.7,8.7,0.0,0.0,0.0,0.0,8.7,0.0,43.7,61.2,67.3,0,0,70.0,1,13222,1,13222,24422,245,57,14933,325,29,11902,13505,14344,13505,14058,3777,7106,2224,16469,12854,8263,8846,1048,17725,289,338,551,2246,150,326,1,4:07
2024-25,1628989,Kevin Huerter,Kevin,1610612758,SAC,Sacramento Kings,0022400476,2025-01-03T00:00:00,SAC vs. MEM,W,14.283333333333333,5.0,12.6,0.4,2.5,7.6,0.333,0.0,0.0,0.0,5.0,2.5,7.6,10.1,2.5,2.5,2.5,0.0,0.0,2.5,12.6,-7.6,49.4,0,0,42.8,1,1,13086,1,20029,14266,12569,14933,8077,7250,9209,13505,14344,13505,2339,18132,9046,1396,8157,4326,2336,8846,20257,10909,15495,16761,3461,2246,150,5224,1,14:17
2024-25,1630217,Desmond Bane,Desmond,1610612763,MEM,Memphis Grizzlies,0022400476,2025-01-03T00:00:00,MEM @ SAC,L,34.87,7.2,14.5,0.5,0.0,4.1,0.0,8.3,8.3,1.0,1.0,6.2,7.2,8.3,5.2,2.1,1.0,2.1,2.1,4.1,22.7,-1.0,47.9,0,0,44.4,1,13222,1,13222,3562,8388,9429,8526,15070,15277,15070,1297,2349,1,13012,7906,9693,2648,2153,5942,7256,3014,14791,5989,5694,13557,4009,2246,150,4509,1,34:52
2024-25,1642261,Dalton Knecht,Dalton,1610612747,LAL,Los Angeles Lakers,0022400477,2025-01-03T00:00:00,LAL vs. ATL,W,14.95,9.6,16.9,0.571,7.2,9.6,0.75,4.8,4.8,1.0,2.4,7.2,9.6,2.4,2.4,2.4,0.0,2.4,4.8,2.4,31.3,14.4,51.3,0,0,55.4,1,1,13086,1,19602,3680,5976,6538,691,3936,1542,4322,6265,1,6891,5954,5887,14848,8619,4671,8263,2201,5019,11318,1695,5843,2899,2246,150,1395,1,14:57
2024-25,1642259,Alex Sarr,Alex,1610612764,WAS,Washington Wizards,0022400472,2025-01-03T00:00:00,WAS @ NOP,L,27.313333333333333,9.2,17.1,0.538,0.0,2.6,0.0,6.6,6.6,1.0,4.0,5.3,9.2,6.6,2.6,0.0,0.0,1.3,5.3,4.0,25.0,-22.4,43.4,0,0,40.9,1,13222,1,13222,10095,4321,5654,7978,15070,18386,15070,2327,3786,1,3654,10096,6407,4579,7751,12854,8263,5565,4075,6445,4195,22195,5952,2246,150,6292,1,27:19
2024-25,203999,Nikola Jokić,Nikola,1610612743,DEN,Denver Nuggets,0022400475,2025-01-03T00:00:00,DEN vs. SAS,L,36.64833333333333,14.7,35.4,0.417,2.9,9.8,0.3,7.9,8.8,0.889,3.9,13.8,17.7,8.8,2.0,2.0,0.0,2.0,2.9,7.9,40.3,6.9,78.7,1,0,73.7,1,13222,1,13222,2259,544,131,14532,6688,3700,11319,1476,1953,6857,3686,814,969,2140,10693,6423,8263,3337,10942,1092,431,9198,222,1,150,251,1,36:39
2024-25,203500,Steven Adams,Steven,1610612745,HOU,Houston Rockets,0022400471,2025-01-03T00:00:00,HOU vs. BOS,L,6.85,10.5,21.0,0.5,0.0,0.0,0.0,10.5,10.5,1.0,21.0,0.0,21.0,5.3,0.0,0.0,0.0,0.0,0.0,10.5,31.5,42.0,64.6,0,0,57.8,1,13222,1,13222,23234,2705,2322,8526,15070,20945,15070,562,1185,1,49,22137,415,6922,16469,12854,8263,8846,20257,329,1632,839,728,2246,150,1053,1,6:51
2024-25,1627747,Caris LeVert,Caris,1610612739,CLE,Cleveland Cavaliers,0022400474,2025-01-03T00:00:00,CLE @ DAL,W,25.483333333333334,9.9,21.2,0.467,2.8,9.9,0.286,1.4,4.2,0.333,0.0,5.7,5.7,2.8,0.0,2.8,1.4,2.8,1.4,2.8,24.0,21.2,47.7,0,0,43.8,1,1,13086,1,11598,3348,2210,12249,7137,3622,11433,11990,7343,13132,14058,9167,13154,13508,16469,3616,5175,1561,17575,9874,4789,3652,4060,2246,150,4782,1,25:29
2024-25,2544,LeBron James,LeBron,1610612747,LAL,Los Angeles Lakers,0022400477,2025-01-03T00:00:00,LAL vs. ATL,W,30.0,15.6,24.0,0.65,2.4,6.0,0.4,2.4,2.4,1.0,0.0,3.6,3.6,9.6,3.6,0.0,0.0,0.0,3.6,2.4,36.0,4.8,51.1,0,0,51.6,1,1,13086,1,7781,404,1050,4562,8487,10684,7874,9340,11490,1,14058,14927,18325,1640,4775,12854,8263,8846,8427,11348,825,10216,2959,2246,150,2120,1,30:00
2024-25,1630194,Paul Reed,Paul,1610612765,DET,Detroit Pistons,0022400469,2025-01-03T00:00:00,DET vs. CHA,W,5.066666666666666,0.0,0.0,0.0,0.0,0.0,0.0,14.2,14.2,1.0,0.0,0.0,0.0,7.1,0.0,14.2,0.0,0.0,7.1,14.2,14.2,14.2,67.5,0,0,49.7,1,1,13086,1,23968,22635,24836,22635,15070,20945,15070,199,424,1,14058,22137,23286,3878,16469,51,8263,8846,1890,117,13710,5927,541,2246,150,2602,1,5:04
2024-25,1631119,Jaylin Williams,Jaylin,1610612760,OKC,Oklahoma City Thunder,0022400473,2025-01-03T00:00:00,OKC vs. NYK,W,7.95,9.1,13.6,0.667,9.1,13.6,0.667,0.0,0.0,0.0,0.0,13.6,13.6,4.5,0.0,0.0,4.5,0.0,4.5,0.0,27.2,13.6,63.8,0,0,63.4,1,1,13086,1,22828,4596,10847,3281,290,1062,1957,13505,14344,13505,14058,851,2439,8574,16469,12854,674,8846,5710,17725,3126,6171,800,2246,150,553,1,7:57
2024-25,203468,CJ McCollum,CJ,1610612740,NOP,New Orleans Pelicans,0022400472,2025-01-03T00:00:00,NOP vs. WAS,W,30.68,21.1,31.7,0.667,11.7,18.8,0.625,4.7,4.7,1.0,1.2,2.3,3.5,2.3,1.2,0.0,0.0,0.0,2.3,4.7,58.7,24.6,65.2,0,0,76.3,1,1,13086,1,7146,117,214,3281,139,294,2868,4525,6493,1,11973,18640,18507,15067,14643,12854,8263,8846,13452,4733,95,2889,684,2246,150,215,1,30:41
2024-25,1629673,Jordan Poole,Jordan,1610612764,WAS,Washington Wizards,0022400472,2025-01-03T00:00:00,WAS @ NOP,L,30.716666666666665,9.4,21.1,0.444,3.5,11.7,0.3,8.2,9.4,0.875,1.2,3.5,4.7,8.2,3.5,1.2,0.0,3.5,4.7,7.0,30.5,-1.2,48.4,0,0,49.2,1,13222,1,13222,7112,4071,2283,13045,5114,1948,11319,1316,1676,6931,11982,15189,15598,2695,4980,10420,8263,902,5315,1636,1931,13655,3849,2246,150,2753,1,30:43
2024-25,1630526,Jeremiah Robinson-Earl,Jeremiah,1610612740,NOP,New Orleans Pelicans,0022400472,2025-01-03T00:00:00,NOP vs. WAS,W,2.89,12.5,12.5,1.0,12.5,12.5,1.0,0.0,0.0,0.0,0.0,12.5,12.5,0.0,0.0,12.5,0.0,0.0,0.0,0.0,37.4,-49.8,89.7,0,0,87.2,1,1,13086,1,25038,1271,12808,1,121,1549,1,13505,14344,13505,14058,1171,3154,19908,16469,69,8263,8846,20257,17725,668,25392,101,2246,150,103,1,2:53
2024-25,1626168,Trey Lyles,Trey,1610612758,SAC,Sacramento Kings,0022400476,2025-01-03T00:00:00,SAC vs. MEM,W,22.048333333333332,9.8,9.8,1.0,6.5,6.5,1.0,0.0,0.0,0.0,1.6,8.2,9.8,1.6,1.6,1.6,3.3,0.0,1.6,0.0,26.1,9.8,53.4,0,0,53.9,1,1,13086,1,14468,3475,17402,1,988,9476,1,13505,14344,13505,9801,4469,5684,17561,12206,7877,1424,8846,16772,17725,3615,7790,2358,2246,150,1645,1,22:03
2024-25,1629636,Darius Garland,Darius,1610612739,CLE,Cleveland Cavaliers,0022400474,2025-01-03T00:00:00,CLE @ DAL,W,28.883333333333333,7.5,15.0,0.5,2.5,6.2,0.4,2.5,2.5,1.0,0.0,5.0,5.0,11.2,1.2,1.2,0.0,0.0,1.2,2.5,19.9,29.9,45.2,0,0,41.1,1,1,13086,1,8775,7816,8669,8526,8165,10128,7874,9067,11226,1,14058,10917,14827,934,14115,9823,8263,8846,18291,11013,7966,1973,5069,2246,150,6126,1,28:53
2024-25,1630550,JT Thor,JT,1610612739,CLE,Cleveland Cavaliers,0022400474,2025-01-03T00:00:00,CLE @ DAL,W,4.116666666666666,8.7,17.5,0.5,0.0,0.0,0.0,8.7,17.5,0.5,17.5,0.0,17.5,0.0,8.7,0.0,0.0,0.0,0.0,8.7,26.2,-61.2,38.5,0,0,43.7,1,1,13086,1,24422,5190,5258,8526,15070,20945,15070,1093,206,10625,90,22137,1013,19908,463,12854,8263,8846,20257,735,3568,25716,8720,2246,150,4822,1,4:07
2024-25,1627777,Georges Niang,Georges,1610612739,CLE,Cleveland Cavaliers,0022400474,2025-01-03T00:00:00,CLE @ DAL,W,20.236666666666668,10.7,16.0,0.667,5.3,8.9,0.6,0.0,0.0,0.0,0.0,3.6,3.6,5.3,3.6,0.0,0.0,0.0,1.8,0.0,26.7,16.0,35.4,0,0,40.9,1,1,13086,1,15836,2540,7100,3281,1913,4971,2992,13505,14344,13505,14058,15066,18426,6750,4888,12854,8263,8846,16274,17725,3350,5243,10802,2246,150,6259,1,20:14
2024-25,1641765,Olivier-Maxence Prosper,Olivier-Maxence,1610612742,DAL,Dallas Mavericks,0022400474,2025-01-03T00:00:00,DAL vs. CLE,L,7.483333333333333,4.8,24.1,0.2,0.0,4.8,0.0,9.6,9.6,1.0,14.4,4.8,19.2,4.8,4.8,4.8,0.0,0.0,4.8,4.8,19.2,-33.7,59.2,0,0,52.9,1,13222,1,13222,23006,14909,1041,21401,15070,13669,15070,800,1537,1,148,11395,636,7891,2561,1014,8263,8846,5027,4476,8603,24256,1304,2246,150,1822,1,7:29
2024-25,1629655,Daniel Gafford,Daniel,1610612742,DAL,Dallas Mavericks,0022400474,2025-01-03T00:00:00,DAL vs. CLE,L,16.833333333333332,10.7,12.8,0.833,0.0,0.0,0.0,4.3,8.6,0.5,10.7,6.4,17.1,4.3,2.1,0.0,2.1,0.0,0.0,4.3,25.7,-4.3,56.9,0,0,51.3,1,13222,1,13222,18364,2511,12156,1514,15070,20945,15070,5201,2150,10625,325,7470,1103,9189,9787,12854,3099,8846,20257,5651,3844,15212,1661,2246,150,2195,1,16:50
2024-25,203076,Anthony Davis,Anthony,1610612747,LAL,Los Angeles Lakers,0022400477,2025-01-03T00:00:00,LAL vs. ATL,W,37.3,5.8,16.4,0.353,0.0,1.9,0.0,5.8,6.8,0.857,3.9,14.5,18.3,3.9,3.9,2.9,2.9,1.0,1.9,6.8,17.4,16.4,58.7,1,0,51.2,1,1,13086,1,1795,12132,6533,17268,15070,19682,15070,3093,3605,7071,3793,663,821,10338,4169,3421,1830,8224,15515,1854,10450,5107,1380,1,150,2240,1,37:18
2024-25,1630598,Aaron Wiggins,Aaron,1610612760,OKC,Oklahoma City Thunder,0022400473,2025-01-03T00:00:00,OKC vs. NYK,W,24.883333333333333,10.1,13.0,0.778,5.8,8.7,0.667,1.4,1.4,1.0,2.9,4.3,7.2,2.9,0.0,0.0,2.9,0.0,1.4,1.4,27.5,11.6,49.2,0,0,49.2,1,1,13086,1,12108,3085,11821,1994,1488,5301,1957,11914,13542,1,5604,12685,9682,13299,16469,12854,1834,8846,17452,15256,2983,6982,3544,2246,150,2768,1,24:53
2024-25,1641809,Drew Peterson,Drew,1610612738,BOS,Boston Celtics,0022400471,2025-01-03T00:00:00,BOS @ HOU,W,4.883333333333334,14.7,14.7,1.0,7.4,7.4,1.0,0.0,0.0,0.0,0.0,7.4,7.4,7.4,0.0,0.0,0.0,0.0,0.0,0.0,36.9,14.7,56.8,0,0,59.0,1,1,13086,1,24022,542,8986,1,644,7674,1,13505,14344,13505,14058,5716,9424,3542,16469,12854,8263,8846,20257,17725,712,5725,1681,2246,150,920,1,4:53
2024-25,1630168,Onyeka Okongwu,Onyeka,1610612737,ATL,Atlanta Hawks,0022400477,2025-01-03T00:00:00,ATL @ LAL,L,23.866666666666667,10.6,18.1,0.583,0.0,1.5,0.0,0.0,0.0,0.0,10.6,6.0,16.6,3.0,0.0,0.0,1.5,1.5,6.0,1.5,21.1,-10.6,50.1,1,0,43.7,1,13222,1,13222,13016,2660,4559,6296,15070,20261,15070,13505,14344,13505,338,8258,1238,12867,16469,12854,4811,4743,2898,14971,6985,18135,3251,1,150,4806,1,23:52
2024-25,1628370,Malik Monk,Malik,1610612758,SAC,Sacramento Kings,0022400476,2025-01-03T00:00:00,SAC vs. MEM,W,33.35,11.9,21.6,0.55,6.5,13.0,0.5,3.2,3.2,1.0,0.0,2.2,2.2,6.5,2.2,1.1,0.0,0.0,2.2,2.2,33.5,4.3,46.8,0,0,50.7,1,1,13086,1,4857,1601,1995,7655,1011,1320,3944,7235,9440,1,14058,19181,21496,4751,9688,11197,8263,8846,14307,12351,1225,10470,4373,2246,150,2335,1,33:21
2024-25,1628983,Shai Gilgeous-Alexander,Shai,1610612760,OKC,Oklahoma City Thunder,0022400473,2025-01-03T00:00:00,OKC vs. NYK,W,36.68333333333333,11.8,25.5,0.462,2.0,2.9,0.667,6.9,6.9,1.0,1.0,2.9,3.9,6.9,2.0,1.0,1.0,2.0,1.0,5.9,32.4,9.8,51.3,0,0,49.1,1,1,13086,1,2212,1680,722,12428,10334,17766,1957,2102,3505,1,13410,16913,17502,4182,10710,12111,7606,3349,19801,2765,1442,7779,2891,2246,150,2816,1,36:41
2024-25,1631116,Patrick Baldwin Jr.,Patrick,1610612764,WAS,Washington Wizards,0022400472,2025-01-03T00:00:00,WAS @ NOP,L,1.1166666666666667,32.2,32.2,1.0,32.2,32.2,1.0,0.0,0.0,0.0,0.0,0.0,0.0,0.0,0.0,0.0,0.0,0.0,0.0,0.0,96.7,96.7,96.7,0,0,129.0,1,13222,1,13222,26010,25,187,1,4,46,1,13505,14344,13505,14058,22137,23286,19908,16469,12854,8263,8846,20257,17725,11,82,76,2246,150,22,1,1:07
2024-25,1641789,Jazian Gortman,Jazian,1610612742,DAL,Dallas Mavericks,0022400474,2025-01-03T00:00:00,DAL vs. CLE,L,4.116666666666666,8.7,26.2,0.333,8.7,26.2,0.333,0.0,0.0,0.0,0.0,0.0,0.0,8.7,0.0,0.0,0.0,0.0,8.7,0.0,26.2,61.2,39.4,0,0,43.7,1,13222,1,13222,24422,5190,609,17395,325,102,9209,13505,14344,13505,14058,22137,23286,2224,16469,12854,8263,8846,1048,17725,3568,338,8173,2246,150,4822,1,4:07
2024-25,1641705,Victor Wembanyama,Victor,1610612759,SAS,San Antonio Spurs,0022400475,2025-01-03T00:00:00,SAS @ DEN,W,33.416666666666664,15.1,23.7,0.636,4.3,6.5,0.667,3.2,4.3,0.75,3.2,16.2,19.4,4.3,7.5,1.1,2.2,1.1,5.4,4.3,37.7,18.3,69.6,1,0,72.2,1,1,13086,1,4795,481,1156,4689,3367,9614,1957,7255,7189,8186,4879,420,613,9101,697,11214,3057,7253,3867,5563,631,4458,449,1,150,277,1,33:25
2024-25,1629656,Quentin Grimes,Quentin,1610612742,DAL,Dallas Mavericks,0022400474,2025-01-03T00:00:00,DAL vs. CLE,L,32.56666666666667,9.9,15.5,0.643,1.1,5.5,0.2,7.7,7.7,1.0,1.1,1.1,2.2,6.6,2.2,1.1,0.0,1.1,2.2,4.4,28.7,2.2,42.4,0,0,40.9,1,13222,1,13222,5509,3275,7858,4607,13913,11898,13429,1540,2722,1,12424,21743,21390,4528,9467,10972,8263,6997,14046,5297,2509,11505,6399,2246,150,6268,1,32:34
2024-25,1631108,Max Christie,Max,1610612747,LAL,Los Angeles Lakers,0022400477,2025-01-03T00:00:00,LAL vs. ATL,W,32.516666666666666,3.3,4.4,0.75,1.1,2.2,0.5,2.2,3.3,0.667,1.1,3.3,4.4,2.2,2.2,0.0,1.1,0.0,4.4,3.3,10.0,15.5,19.7,0,0,19.9,1,1,13086,1,5539,18704,23844,2107,13903,19140,3944,9898,9257,9425,12416,15733,16221,15578,9459,12854,6745,8846,5947,8194,18192,5433,21309,2246,150,20897,1,32:31
2024-25,1630643,Jay Huff,Jay,1610612763,MEM,Memphis Grizzlies,0022400476,2025-01-03T00:00:00,MEM @ SAC,L,3.1816666666666666,0.0,0.0,0.0,0.0,0.0,0.0,0.0,0.0,0.0,0.0,11.3,11.3,0.0,0.0,0.0,0.0,0.0,0.0,0.0,0.0,-33.9,13.6,0,0,11.3,1,13222,1,13222,24912,22635,24836,22635,15070,20945,15070,13505,14344,13505,14058,1737,4115,19908,16469,12854,8263,8846,20257,17725,23200,24293,23614,2246,150,24150,1,3:11
2024-25,1631204,Marcus Sasser,Marcus,1610612765,DET,Detroit Pistons,0022400469,2025-01-03T00:00:00,DET vs. CHA,W,21.833333333333332,1.6,8.2,0.2,1.6,6.6,0.25,0.0,0.0,0.0,0.0,4.9,4.9,8.2,3.3,0.0,0.0,0.0,6.6,1.6,4.9,-1.6,20.0,0,0,19.8,1,1,13086,1,14630,21968,19870,21401,11540,9331,11902,13505,14344,13505,14058,11036,14936,2657,5514,12854,8263,8846,2324,14456,22035,13854,21193,2246,150,20990,1,21:50
2024-25,1630590,Scotty Pippen Jr.,Scotty,1610612763,MEM,Memphis Grizzlies,0022400476,2025-01-03T00:00:00,MEM @ SAC,L,25.015,5.8,8.6,0.667,4.3,7.2,0.6,7.2,7.2,1.0,0.0,2.9,2.9,7.2,5.8,1.4,0.0,0.0,5.8,4.3,23.0,-30.2,35.8,0,0,40.3,1,13222,1,13222,12005,12247,19292,3281,3354,8054,2992,1876,3173,1,14058,17154,20047,3769,1603,8702,8263,8846,3303,5540,5460,23772,10485,2246,150,6610,1,25:01
2024-25,1641854,Craig Porter Jr.,Craig,1610612739,CLE,Cleveland Cavaliers,0022400474,2025-01-03T00:00:00,CLE @ DAL,W,4.116666666666666,0.0,8.7,0.0,0.0,0.0,0.0,17.5,17.5,1.0,0.0,0.0,0.0,0.0,0.0,0.0,8.7,0.0,8.7,8.7,17.5,-61.2,43.7,0,0,35.0,1,1,13086,1,24422,22635,19106,22635,15070,20945,15070,109,206,1,14058,22137,23286,19908,16469,12854,103,8846,1048,735,10330,25716,5798,2246,150,10104,1,4:07
2024-25,1630567,Scottie Barnes,Scottie,1610612761,TOR,Toronto Raptors,0022400470,2025-01-03T00:00:00,TOR vs. ORL,L,37.43333333333333,8.7,18.3,0.474,1.9,3.8,0.5,0.0,1.9,0.0,1.0,7.7,8.7,2.9,1.0,1.0,0.0,0.0,1.0,2.9,19.2,-2.9,35.9,0,0,34.6,1,13222,1,13222,1716,5336,4390,12072,10532,15906,3944,13505,12925,13505,13561,5176,7218,13329,16079,12265,8263,8846,19902,9638,8619,14507,10455,2246,150,10355,1,37:26
2024-25,1630170,Devin Vassell,Devin,1610612759,SAS,San Antonio Spurs,0022400475,2025-01-03T00:00:00,SAS @ DEN,W,36.21666666666667,7.0,15.9,0.438,1.0,4.0,0.25,3.0,6.0,0.5,1.0,5.0,6.0,6.0,0.0,2.0,0.0,0.0,0.0,6.0,17.9,-17.9,40.0,0,0,34.8,1,1,13086,1,2521,9025,7256,13558,14584,15631,11902,7863,4524,10625,13311,10966,12372,5567,16469,6312,8263,8846,20257,2672,9937,20900,7788,2246,150,10235,1,36:13
2024-25,1630243,Trevelin Queen,Trevelin,1610612753,ORL,Orlando Magic,0022400470,2025-01-03T00:00:00,ORL @ TOR,W,10.8,6.7,6.7,1.0,3.3,3.3,1.0,0.0,0.0,0.0,6.7,0.0,6.7,6.7,0.0,3.3,0.0,0.0,0.0,0.0,16.7,-36.7,44.7,0,0,40.0,1,1,13086,1,21797,9781,21931,1,5569,16996,1,13505,14344,13505,1293,22137,10807,4479,16469,2494,8263,8846,20257,17725,11206,24586,5345,2246,150,6780,1,10:48
2024-25,1628401,Derrick White,Derrick,1610612738,BOS,Boston Celtics,0022400471,2025-01-03T00:00:00,BOS @ HOU,W,34.766666666666666,8.3,16.6,0.5,6.2,12.4,0.5,1.0,2.1,0.5,2.1,2.1,4.1,2.1,3.1,0.0,2.1,0.0,0.0,2.1,23.8,28.0,35.0,0,0,40.4,1,1,13086,1,3641,6015,6343,8526,1156,1561,3944,13125,12513,10625,8076,19448,16964,16113,6105,12854,3283,8846,20257,12758,4927,2275,11055,2246,150,6558,1,34:46
2024-25,1628976,Wendell Carter Jr.,Wendell,1610612753,ORL,Orlando Magic,0022400470,2025-01-03T00:00:00,ORL @ TOR,W,17.933333333333334,4.0,14.1,0.286,0.0,6.0,0.0,4.0,4.0,1.0,2.0,16.1,18.1,2.0,2.0,2.0,2.0,0.0,4.0,4.0,12.0,6.0,46.8,0,0,40.1,1,1,13086,1,17607,17059,10090,19630,15070,10638,15070,5673,7814,1,8356,430,879,16346,10482,6218,3467,8846,7097,6271,16097,9603,4415,2246,150,6700,1,17:56
2024-25,1627751,Jakob Poeltl,Jakob,1610612761,TOR,Toronto Raptors,0022400470,2025-01-03T00:00:00,TOR vs. ORL,L,33.5,11.8,12.9,0.917,0.0,0.0,0.0,3.2,3.2,1.0,2.1,4.3,6.4,2.1,3.2,1.1,1.1,0.0,4.3,4.3,26.9,-10.7,41.1,0,0,39.8,1,13222,1,13222,4727,1643,12048,1287,15070,20945,15070,7270,9470,1,7760,12812,11281,15822,5742,11236,6944,8846,6290,5590,3263,18206,7146,2246,150,6911,1,33:30
2024-25,1631114,Jalen Williams,Jalen,1610612760,OKC,Oklahoma City Thunder,0022400473,2025-01-03T00:00:00,OKC vs. NYK,W,37.85,7.6,16.2,0.471,1.0,3.8,0.25,2.9,4.8,0.6,0.0,3.8,3.8,4.8,0.0,1.9,1.0,0.0,1.9,2.9,19.0,5.7,39.3,0,0,34.2,1,1,13086,1,1480,7489,6879,12143,14787,15985,11902,8206,6382,10343,14058,14308,17810,8035,16469,6754,7820,8846,15661,9753,8835,9750,8206,2246,150,10663,1,37:51
2024-25,1630256,Jae'Sean Tate,Jae'Sean,1610612745,HOU,Houston Rockets,0022400471,2025-01-03T00:00:00,HOU vs. BOS,L,17.921666666666667,0.0,2.0,0.0,0.0,2.0,0.0,0.0,0.0,0.0,6.0,2.0,8.0,0.0,0.0,0.0,2.0,0.0,4.0,2.0,0.0,-14.1,15.7,0,0,12.1,1,13222,1,13222,17623,22635,24758,22635,15070,19538,15070,13505,14344,13505,1603,19635,8207,19908,16469,12854,3461,8846,7093,13042,23200,19526,22965,2246,150,23963,1,17:55
2024-25,1641816,Hunter Tyson,Hunter,1610612743,DEN,Denver Nuggets,0022400475,2025-01-03T00:00:00,DEN vs. SAS,L,5.35,0.0,6.7,0.0,0.0,6.7,0.0,0.0,0.0,0.0,0.0,6.7,6.7,0.0,0.0,0.0,6.7,0.0,0.0,6.7,0.0,-74.0,28.3,0,0,20.2,1,13222,1,13222,23840,22635,21854,22635,15070,9051,15070,13505,14344,13505,14058,6830,10675,19908,16469,12854,221,8846,20257,1877,23200,25941,16028,2246,150,20750,1,5:21
2024-25,201950,Jrue Holiday,Jrue,1610612738,BOS,Boston Celtics,0022400471,2025-01-03T00:00:00,BOS @ HOU,W,27.77166666666667,6.5,11.7,0.556,2.6,6.5,0.4,2.6,2.6,1.0,0.0,5.2,5.2,3.9,2.6,1.3,1.3,1.3,0.0,2.6,18.1,20.7,35.4,0,0,35.0,1,1,13086,1,9740,10229,14187,7248,7856,9591,7874,8821,10993,1,14058,10323,14309,10262,7908,9480,5667,5671,20257,10670,9683,3750,10812,2246,150,10096,1,27:46
2024-25,1630264,Anthony Gill,Anthony,1610612764,WAS,Washington Wizards,0022400472,2025-01-03T00:00:00,WAS @ NOP,L,1.1166666666666667,0.0,0.0,0.0,0.0,0.0,0.0,0.0,0.0,0.0,0.0,0.0,0.0,0.0,0.0,0.0,0.0,0.0,0.0,0.0,0.0,96.7,0.0,0,0,0.0,1,13222,1,13222,26010,22635,24836,22635,15070,20945,15070,13505,14344,13505,14058,22137,23286,19908,16469,12854,8263,8846,20257,17725,23200,82,25228,2246,150,25259,1,1:07
2024-25,1629723,John Konchar,John,1610612763,MEM,Memphis Grizzlies,0022400476,2025-01-03T00:00:00,MEM @ SAC,L,14.68,0.0,9.8,0.0,0.0,7.4,0.0,0.0,0.0,0.0,2.5,7.4,9.8,0.0,2.5,0.0,0.0,2.5,4.9,0.0,0.0,-7.4,9.3,0,0,9.8,1,13222,1,13222,19782,22635,17382,22635,15070,7711,15070,13505,14344,13505,6776,5744,5663,19908,8445,12854,8263,2120,4826,17725,23200,16659,24521,2246,150,24470,1,14:41
2024-25,1628971,Bruce Brown,Bruce,1610612761,TOR,Toronto Raptors,0022400470,2025-01-03T00:00:00,TOR vs. ORL,L,13.083333333333334,0.0,5.5,0.0,0.0,0.0,0.0,5.5,5.5,1.0,0.0,2.8,2.8,2.8,0.0,0.0,0.0,0.0,0.0,2.8,5.5,-22.0,12.9,0,0,11.0,1,13222,1,13222,20706,22635,23085,22635,15070,20945,15070,3412,5185,1,14058,17554,20353,13745,16469,12854,8263,8846,20257,10141,21731,22070,23788,2246,150,24218,1,13:05
2024-25,1626166,Cameron Payne,Cameron,1610612752,NYK,New York Knicks,0022400473,2025-01-03T00:00:00,NYK @ OKC,L,7.866666666666666,0.0,4.6,0.0,0.0,0.0,0.0,0.0,0.0,0.0,0.0,0.0,0.0,0.0,0.0,0.0,0.0,0.0,9.2,4.6,0.0,-32.0,0.0,0,0,0.0,1,13222,1,13222,22856,22635,23755,22635,15070,20945,15070,13505,14344,13505,14058,22137,23286,19908,16469,12854,8263,8846,911,4990,23200,24034,25228,2246,150,25259,1,7:52
2024-25,1628368,De'Aaron Fox,De'Aaron,1610612758,SAC,Sacramento Kings,0022400476,2025-01-03T00:00:00,SAC vs. MEM,W,39.81666666666667,6.3,20.8,0.304,0.9,7.2,0.125,7.2,8.1,0.889,0.0,2.7,2.7,4.5,0.9,2.7,0.0,1.8,3.6,5.4,20.8,1.8,38.1,0,0,34.4,1,1,13086,1,613,10623,2457,19355,14950,7973,14886,1844,2416,6857,14058,17659,20421,8599,16338,3881,8263,3874,8380,3441,7236,11734,8985,2246,150,10563,1,39:49
2024-25,1641733,Nick Smith Jr.,Nick,1610612766,CHA,Charlotte Hornets,0022400469,2025-01-03T00:00:00,CHA @ DET,L,7.266666666666667,5.0,9.9,0.5,5.0,5.0,1.0,0.0,0.0,0.0,0.0,9.9,9.9,5.0,0.0,0.0,0.0,0.0,0.0,5.0,14.9,-5.0,34.2,0,0,34.7,1,13222,1,13222,23070,14524,17220,8526,2334,13303,1,13505,14344,13505,14058,2646,5537,7559,16469,12854,8263,8846,20257,4198,13051,15562,11660,2246,150,10311,1,7:16
2024-25,1628988,Aaron Holiday,Aaron,1610612745,HOU,Houston Rockets,0022400471,2025-01-03T00:00:00,HOU vs. BOS,L,18.616666666666667,0.0,7.7,0.0,0.0,1.9,0.0,0.0,0.0,0.0,3.9,1.9,5.8,0.0,3.9,1.9,0.0,0.0,1.9,1.9,0.0,-13.5,8.9,0,0,9.7,1,13222,1,13222,17095,22635,20611,22635,15070,19677,15070,13505,14344,13505,3786,19880,12761,19908,4153,6599,8263,8846,15494,13391,23200,19320,24589,2246,150,24496,1,18:37
2024-25,1631098,Johnny Davis,Johnny,1610612764,WAS,Washington Wizards,0022400472,2025-01-03T00:00:00,WAS @ NOP,L,1.1166666666666667,0.0,0.0,0.0,0.0,0.0,0.0,0.0,0.0,0.0,0.0,0.0,0.0,0.0,0.0,0.0,0.0,0.0,0.0,0.0,0.0,96.7,0.0,0,0,0.0,1,13222,1,13222,26010,22635,24836,22635,15070,20945,15070,13505,14344,13505,14058,22137,23286,19908,16469,12854,8263,8846,20257,17725,23200,82,25228,2246,150,25259,1,1:07
2024-25,1628369,Jayson Tatum,Jayson,1610612738,BOS,Boston Celtics,0022400471,2025-01-03T00:00:00,BOS @ HOU,W,32.95,7.6,20.8,0.368,4.4,10.9,0.4,2.2,2.2,1.0,1.1,5.5,6.6,5.5,3.3,1.1,0.0,2.2,1.1,5.5,21.9,12.0,37.9,0,0,40.4,1,1,13086,1,5189,7388,2476,16823,3283,2565,7874,10007,12134,1,12529,9637,11048,6506,5568,11083,8263,2683,19140,3395,6325,6787,9073,2246,150,6532,1,32:57
2024-25,1627827,Dorian Finney-Smith,Dorian,1610612747,LAL,Los Angeles Lakers,0022400477,2025-01-03T00:00:00,LAL vs. ATL,W,23.4,4.6,7.7,0.6,3.1,4.6,0.667,0.0,0.0,0.0,4.6,3.1,7.7,0.0,0.0,0.0,0.0,1.5,7.7,1.5,12.3,18.5,21.5,0,0,23.1,1,1,13086,1,13381,15447,20663,5394,6282,14160,1957,13505,14344,13505,2777,16473,8815,19908,16469,12854,8263,4630,1512,14841,15818,4418,20386,2246,150,18958,1,23:24
2024-25,1642347,Jamal Shead,Jamal,1610612761,TOR,Toronto Raptors,0022400470,2025-01-03T00:00:00,TOR vs. ORL,L,13.606666666666667,2.6,5.3,0.5,0.0,2.6,0.0,0.0,0.0,0.0,2.6,0.0,2.6,15.9,5.3,2.6,0.0,0.0,0.0,2.6,5.3,-29.1,34.9,0,0,29.1,1,13222,1,13222,20420,20198,23267,8526,15070,18364,15070,13505,14344,13505,6230,22137,20552,224,2014,4028,8263,8846,20257,10490,21856,23601,11107,2246,150,14620,1,13:36
2024-25,1630193,Immanuel Quickley,Immanuel,1610612761,TOR,Toronto Raptors,0022400470,2025-01-03T00:00:00,TOR vs. ORL,L,33.36,4.3,18.3,0.235,1.1,9.7,0.111,2.2,2.2,1.0,0.0,4.3,4.3,11.9,3.2,0.0,0.0,3.2,1.1,3.2,11.9,1.1,31.6,1,0,29.1,1,13222,1,13222,4853,16274,4338,21144,14076,3833,15003,10087,12221,1,14058,12752,16494,745,5709,12854,8263,1119,19219,8440,16265,12094,13597,1,150,14597,1,33:22
2024-25,1642273,Kyshawn George,Kyshawn,1610612764,WAS,Washington Wizards,0022400472,2025-01-03T00:00:00,WAS @ NOP,L,17.466666666666665,4.1,6.2,0.667,2.1,4.1,0.5,0.0,0.0,0.0,4.1,6.2,10.3,2.1,6.2,2.1,0.0,0.0,10.3,0.0,10.3,-4.1,25.8,0,0,28.9,1,13222,1,13222,17950,16793,22442,3281,9865,15293,3944,13505,14344,13505,3404,7939,5114,16152,1278,5956,8263,8846,639,17725,17854,15133,17773,2246,150,14820,1,17:28
2024-25,1631165,Keon Ellis,Keon,1610612758,SAC,Sacramento Kings,0022400476,2025-01-03T00:00:00,SAC vs. MEM,W,33.888333333333335,5.3,11.7,0.455,2.1,5.3,0.4,1.1,2.1,0.5,2.1,2.1,4.2,3.2,2.1,3.2,1.1,0.0,4.2,2.1,13.8,9.6,34.3,0,0,31.9,1,1,13086,1,4363,13507,14149,12676,9576,12435,7874,13036,12341,10625,7870,19292,16684,12369,9880,2767,7046,8846,6430,12510,14140,7914,11581,2246,150,12480,1,33:53
2024-25,1642263,Reed Sheppard,Reed,1610612745,HOU,Houston Rockets,0022400471,2025-01-03T00:00:00,HOU vs. BOS,L,4.883333333333334,0.0,0.0,0.0,0.0,0.0,0.0,0.0,0.0,0.0,0.0,0.0,0.0,0.0,7.4,7.4,0.0,0.0,0.0,0.0,0.0,-14.7,14.7,0,0,14.7,1,13222,1,13222,24022,22635,24836,22635,15070,20945,15070,13505,14344,13505,14058,22137,23286,19908,751,257,8263,8846,20257,17725,23200,19803,23264,2246,150,23156,1,4:53
2024-25,1630577,Julian Champagnie,Julian,1610612759,SAS,San Antonio Spurs,0022400475,2025-01-03T00:00:00,SAS @ DEN,W,25.0,8.6,15.8,0.545,4.3,8.6,0.5,0.0,0.0,0.0,2.9,2.9,5.8,0.0,1.4,0.0,0.0,1.4,1.4,0.0,21.6,-8.6,27.1,0,0,31.7,1,1,13086,1,12008,5360,7364,7695,3349,5356,3944,13505,14344,13505,5640,17149,12868,19908,13058,12854,8263,5022,17478,17725,6543,17260,16888,2246,150,12642,1,25:00
2024-25,1641715,Cam Whitmore,Cam,1610612745,HOU,Houston Rockets,0022400471,2025-01-03T00:00:00,HOU vs. BOS,L,33.81666666666667,4.3,18.1,0.235,1.1,9.6,0.111,2.1,2.1,1.0,1.1,5.3,6.4,1.1,1.1,1.1,0.0,2.1,0.0,1.1,11.7,-12.8,23.1,0,0,22.4,1,13222,1,13222,4424,16440,4566,21144,14166,4000,15003,10203,12325,1,12759,9975,11432,19465,15386,11347,8263,2836,20257,17096,16439,19046,19495,2246,150,19450,1,33:49
2024-25,1629674,Neemias Queta,Neemias,1610612738,BOS,Boston Celtics,0022400471,2025-01-03T00:00:00,BOS @ HOU,W,19.516666666666666,3.7,5.5,0.667,0.0,0.0,0.0,1.8,3.7,0.5,1.8,1.8,3.7,1.8,1.8,0.0,0.0,0.0,7.4,1.8,9.2,1.8,14.6,0,0,14.8,1,1,13086,1,16401,17868,23063,3281,15070,20945,15070,11131,8499,10625,9066,20123,18095,16950,11343,12854,8263,8846,1725,13754,18879,11710,23314,2246,150,23153,1,19:31
2024-25,1630702,Jaden Hardy,Jaden,1610612742,DAL,Dallas Mavericks,0022400474,2025-01-03T00:00:00,DAL vs. CLE,L,24.966666666666665,8.7,15.9,0.545,2.9,5.8,0.5,4.3,5.8,0.75,1.4,2.9,4.3,4.3,1.4,0.0,1.4,1.4,7.2,4.3,24.5,-27.4,39.1,0,0,38.9,1,13222,1,13222,12032,5342,7328,7695,6924,11281,3944,5110,4790,8186,10572,17136,16471,9064,13048,12854,5067,5016,1820,5530,4482,23320,8352,2246,150,7427,1,24:58
2024-25,1630214,Xavier Tillman,Xavier,1610612738,BOS,Boston Celtics,0022400471,2025-01-03T00:00:00,BOS @ HOU,W,4.883333333333334,0.0,0.0,0.0,0.0,0.0,0.0,0.0,0.0,0.0,0.0,0.0,0.0,0.0,7.4,7.4,7.4,0.0,0.0,0.0,0.0,14.7,36.9,0,0,29.5,1,1,13086,1,24022,22635,24836,22635,15070,20945,15070,13505,14344,13505,14058,22137,23286,19908,751,257,183,8846,20257,17725,23200,5725,9792,2246,150,14334,1,4:53
2024-25,203501,Tim Hardaway Jr.,Tim,1610612765,DET,Detroit Pistons,0022400469,2025-01-03T00:00:00,DET vs. CHA,W,33.85,3.2,10.6,0.3,3.2,8.5,0.375,2.1,4.3,0.5,0.0,2.1,2.1,1.1,1.1,2.1,0.0,0.0,4.3,2.1,11.7,-1.1,21.2,0,0,22.3,1,1,13086,1,4399,19017,15992,19363,5976,5571,8800,10209,7310,10625,14058,19283,21559,19469,15392,5671,8263,8846,6418,12497,16454,13583,20613,2246,150,19462,1,33:51
2024-25,1630631,Jose Alvarado,Jose,1610612740,NOP,New Orleans Pelicans,0022400472,2025-01-03T00:00:00,NOP vs. WAS,W,19.716666666666665,3.7,11.0,0.333,1.8,7.3,0.25,0.0,0.0,0.0,1.8,1.8,3.7,5.5,0.0,5.5,0.0,0.0,3.7,1.8,9.1,29.2,38.2,0,0,31.0,1,1,13086,1,16246,17963,15437,17395,10965,7812,11902,13505,14344,13505,9145,20174,18198,6473,16469,647,8263,8846,8255,13826,18967,2079,8917,2246,150,13128,1,19:43
2024-25,1629660,Ty Jerome,Ty,1610612739,CLE,Cleveland Cavaliers,0022400474,2025-01-03T00:00:00,CLE @ DAL,W,19.466666666666665,5.5,9.2,0.6,1.8,3.7,0.5,3.7,3.7,1.0,0.0,3.7,3.7,9.2,0.0,0.0,0.0,0.0,1.8,1.8,16.6,-11.1,35.0,0,0,31.4,1,1,13086,1,16447,12857,18339,5394,10879,16212,3944,6292,8479,1,14058,14633,18074,1841,16469,12854,8263,8846,15947,13736,11229,18363,11089,2246,150,12820,1,19:28
2024-25,1641783,Tristan da Silva,Tristan,1610612753,ORL,Orlando Magic,0022400470,2025-01-03T00:00:00,ORL @ TOR,W,36.9,8.8,12.7,0.692,4.9,6.8,0.714,2.0,2.0,1.0,2.9,1.0,3.9,2.0,1.0,2.0,0.0,1.0,1.0,1.0,24.4,11.7,36.9,0,0,39.0,1,1,13086,1,2059,5116,12414,3171,2446,8829,1861,10801,12856,1,5519,22009,17562,16556,15993,6493,8263,8139,19833,17471,4556,6926,9783,2246,150,7365,1,36:54
2024-25,1641744,Zach Edey,Zach,1610612763,MEM,Memphis Grizzlies,0022400476,2025-01-03T00:00:00,MEM @ SAC,L,21.8,6.6,16.5,0.4,0.0,1.7,0.0,1.7,3.3,0.5,5.0,6.6,11.6,0.0,1.7,0.0,1.7,3.3,5.0,1.7,14.9,0.0,32.0,0,0,29.7,1,13222,1,13222,14669,9914,6402,14933,15070,20103,15070,11500,9298,10625,2418,7087,3888,19908,12129,12854,4412,1063,4710,14439,13053,12240,13293,2246,150,14153,1,21:48
2024-25,1627736,Malik Beasley,Malik,1610612765,DET,Detroit Pistons,0022400469,2025-01-03T00:00:00,DET vs. CHA,W,31.19333333333333,5.8,18.5,0.313,1.2,11.5,0.1,1.2,1.2,1.0,0.0,2.3,2.3,3.5,1.2,1.2,0.0,0.0,2.3,2.3,13.8,8.1,24.1,0,0,23.1,1,1,13086,1,6710,12201,4242,19175,13628,2073,15047,12738,13956,1,14058,18739,21186,11513,14768,10548,8263,8846,13610,11711,14099,8597,18861,2246,150,18956,1,31:12
2024-25,1630527,Brandon Boston,Brandon,1610612740,NOP,New Orleans Pelicans,0022400472,2025-01-03T00:00:00,NOP vs. WAS,W,26.233333333333334,6.9,9.6,0.714,1.4,2.7,0.5,2.7,2.7,1.0,1.4,4.1,5.5,4.1,1.4,0.0,1.4,0.0,5.5,5.5,17.8,12.4,33.3,0,0,31.6,1,1,13086,1,10963,9266,17757,2752,12548,18176,3944,8473,10623,1,10869,13364,13566,9617,13446,12854,5348,8846,3715,3356,9990,6658,12303,2246,150,12724,1,26:14
2024-25,1642274,Yves Missi,Yves,1610612740,NOP,New Orleans Pelicans,0022400472,2025-01-03T00:00:00,NOP vs. WAS,W,32.45,5.5,7.8,0.714,0.0,0.0,0.0,2.2,4.4,0.5,6.7,5.5,12.2,3.3,1.1,0.0,1.1,0.0,2.2,5.5,13.3,3.3,35.2,1,0,31.1,1,1,13086,1,5597,12863,20572,2752,15070,20945,15070,9877,6960,10625,1299,9417,3346,11889,15066,12854,6728,8846,14015,3271,14735,10958,10959,1,150,13110,1,32:27
2024-25,203484,Kentavious Caldwell-Pope,Kentavious,1610612753,ORL,Orlando Magic,0022400470,2025-01-03T00:00:00,ORL @ TOR,W,32.68333333333333,6.6,11.0,0.6,3.3,7.7,0.429,0.0,0.0,0.0,0.0,1.1,1.1,2.2,0.0,2.2,1.1,0.0,1.1,0.0,16.5,14.3,31.1,0,0,29.7,1,1,13086,1,5409,9907,15337,5394,5647,6985,7394,13505,14344,13505,14058,21747,23079,15614,16469,5383,6781,8846,19092,17725,11372,5885,14014,2246,150,14141,1,32:41
2024-25,204001,Kristaps Porziņģis,Kristaps,1610612738,BOS,Boston Celtics,0022400471,2025-01-03T00:00:00,BOS @ HOU,W,27.6,3.9,10.4,0.375,2.6,3.9,0.667,3.9,5.2,0.75,1.3,5.2,6.5,2.6,1.3,0.0,2.6,0.0,3.9,7.8,14.3,13.0,32.6,0,0,31.3,1,1,13086,1,9868,17294,16325,16299,7794,15755,1957,5856,5575,8186,11177,10237,11125,14185,13780,12854,2210,8846,7402,1113,13553,6376,12881,2246,150,12933,1,27:36
2024-25,1627832,Fred VanVleet,Fred,1610612745,HOU,Houston Rockets,0022400471,2025-01-03T00:00:00,HOU vs. BOS,L,30.416666666666668,3.6,8.3,0.429,1.2,3.6,0.333,1.2,1.2,1.0,0.0,1.2,1.2,3.6,1.2,0.0,0.0,0.0,3.6,0.0,9.5,-17.8,15.0,0,0,15.4,1,13222,1,13222,7392,18201,19817,13735,13455,16545,9209,12651,13916,1,14058,21556,22964,11246,14557,12854,8263,8846,8599,17725,18671,20854,23169,2246,150,22922,1,30:25
2024-25,1629637,Jaxson Hayes,Jaxson,1610612747,LAL,Los Angeles Lakers,0022400477,2025-01-03T00:00:00,LAL vs. ATL,W,10.7,3.4,6.7,0.5,0.0,0.0,0.0,3.4,6.7,0.5,0.0,3.4,3.4,0.0,0.0,0.0,0.0,0.0,0.0,6.7,10.1,0.0,14.1,0,0,13.5,1,1,13086,1,21842,18610,21854,8526,15070,20945,15070,6976,3623,10625,14058,15607,18840,19908,16469,12854,8263,8846,20257,1877,18054,12240,23460,2246,150,23565,1,10:42
2024-25,1641709,Ausar Thompson,Ausar,1610612765,DET,Detroit Pistons,0022400469,2025-01-03T00:00:00,DET vs. CHA,W,14.316666666666666,5.0,7.5,0.667,0.0,0.0,0.0,0.0,5.0,0.0,5.0,7.5,12.6,0.0,5.0,0.0,0.0,0.0,0.0,2.5,10.1,-15.1,20.1,0,0,22.6,1,1,13086,1,20006,14296,20867,3281,15070,20945,15070,13505,5865,13505,2352,5417,3082,19908,2305,12854,8263,8846,20257,10932,18100,19941,21104,2246,150,19258,1,14:19
2024-25,1629622,Max Strus,Max,1610612739,CLE,Cleveland Cavaliers,0022400474,2025-01-03T00:00:00,CLE @ DAL,W,24.433333333333334,1.5,7.4,0.2,0.0,5.9,0.0,0.0,0.0,0.0,4.4,4.4,8.8,10.3,0.0,0.0,0.0,0.0,1.5,2.9,2.9,17.7,29.0,0,0,22.1,1,1,13086,1,12541,22201,21117,21401,15070,10955,15070,13505,14344,13505,3027,12479,6958,1276,16469,12854,8263,8846,17330,9430,22968,4677,15467,2246,150,19617,1,24:26
2024-25,1630557,Corey Kispert,Corey,1610612764,WAS,Washington Wizards,0022400472,2025-01-03T00:00:00,WAS @ NOP,L,21.12,5.1,8.5,0.6,3.4,5.1,0.667,0.0,0.0,0.0,1.7,1.7,3.4,1.7,1.7,0.0,0.0,0.0,6.8,0.0,13.6,-13.6,18.6,0,0,22.2,1,13222,1,13222,15204,14047,19457,5394,5360,12915,1957,13505,14344,13505,9565,20452,18764,17355,11899,12854,8263,8846,2128,17725,14348,19353,21853,2246,150,19579,1,21:07
2024-25,202685,Jonas Valančiūnas,Jonas,1610612764,WAS,Washington Wizards,0022400472,2025-01-03T00:00:00,WAS @ NOP,L,19.57,7.4,16.6,0.444,0.0,0.0,0.0,1.8,3.7,0.5,5.5,12.9,18.4,3.7,7.4,0.0,0.0,1.8,5.5,1.8,16.6,3.7,36.8,0,0,38.6,1,13222,1,13222,16359,8107,6362,13045,15070,20945,15070,11150,8529,10625,1941,1054,809,10851,759,12854,8263,3771,3673,13780,11329,10822,9844,2246,150,7626,1,19:34
2024-25,1629013,Landry Shamet,Landry,1610612752,NYK,New York Knicks,0022400473,2025-01-03T00:00:00,NYK @ OKC,L,14.0,2.6,5.1,0.5,0.0,2.6,0.0,0.0,0.0,0.0,0.0,0.0,0.0,5.1,2.6,2.6,0.0,0.0,2.6,2.6,5.1,7.7,18.0,0,0,15.4,1,13222,1,13222,20196,20327,23358,8526,15070,18495,15070,13505,14344,13505,14058,22137,23286,7145,7975,4199,8263,8846,12524,10728,21939,8762,22091,2246,150,22901,1,14:00
2024-25,1628970,Miles Bridges,Miles,1610612766,CHA,Charlotte Hornets,0022400469,2025-01-03T00:00:00,CHA @ DET,L,39.155,4.6,14.7,0.313,2.8,6.4,0.429,6.4,8.3,0.778,0.0,8.3,8.3,4.6,5.5,1.8,0.9,2.8,1.8,3.7,18.4,-2.8,38.0,0,0,39.5,1,13222,1,13222,830,15510,9038,19175,7358,9680,7394,2465,2337,8092,14058,4319,7815,8422,1801,7085,8005,1657,15996,7190,9426,14434,9042,2246,150,7047,1,39:09
2024-25,101108,Chris Paul,Chris,1610612759,SAS,San Antonio Spurs,0022400475,2025-01-03T00:00:00,SAS @ DEN,W,31.233333333333334,3.5,12.7,0.273,1.2,6.9,0.167,0.0,0.0,0.0,0.0,9.2,9.2,12.7,1.2,0.0,0.0,2.3,1.2,1.2,8.1,-6.9,37.0,0,0,31.1,1,1,13086,1,6669,18409,12420,20048,13634,8636,14236,13505,14344,13505,14058,3279,6412,589,14778,12854,8263,2417,18800,16632,19864,16482,9698,2246,150,13060,1,31:14
2024-25,1628392,Isaiah Hartenstein,Isaiah,1610612760,OKC,Oklahoma City Thunder,0022400473,2025-01-03T00:00:00,OKC vs. NYK,W,31.15,2.3,4.6,0.5,0.0,0.0,0.0,0.0,2.3,0.0,2.3,13.9,16.2,8.1,3.5,1.2,1.2,0.0,1.2,2.3,4.6,12.7,39.6,0,0,33.5,1,1,13086,1,6744,20833,23732,8526,15070,20945,15070,13505,11747,13505,7213,792,1365,2792,5091,10539,6449,8846,18782,11701,22222,6513,7999,2246,150,11230,1,31:09
2024-25,1630552,Jalen Johnson,Jalen,1610612737,ATL,Atlanta Hawks,0022400477,2025-01-03T00:00:00,ATL @ LAL,L,32.983333333333334,8.7,14.2,0.615,1.1,3.3,0.333,2.2,2.2,1.0,2.2,6.5,8.7,1.1,3.3,0.0,1.1,1.1,2.2,2.2,20.7,-8.7,32.9,0,0,33.8,1,13222,1,13222,5158,5214,9853,5246,13994,17123,9209,10018,12140,1,7640,7207,7126,19377,5585,12854,6854,7129,14176,12236,7282,17296,12691,2246,150,10976,1,32:59
2024-25,1630529,Herbert Jones,Herbert,1610612740,NOP,New Orleans Pelicans,0022400472,2025-01-03T00:00:00,NOP vs. WAS,W,33.266666666666666,4.3,6.5,0.667,2.2,3.2,0.667,0.0,0.0,0.0,0.0,1.1,1.1,6.5,1.1,2.2,0.0,0.0,5.4,1.1,10.8,29.2,27.3,0,0,24.9,1,1,13086,1,4928,16249,22120,3281,9379,17184,1957,13505,14344,13505,14058,21800,23110,4730,15262,5527,8263,8846,3836,16993,17343,2078,16764,2246,150,17763,1,33:16
2024-25,1630531,Jaden Springer,Jaden,1610612738,BOS,Boston Celtics,0022400471,2025-01-03T00:00:00,BOS @ HOU,W,3.8666666666666667,0.0,0.0,0.0,0.0,0.0,0.0,18.6,18.6,1.0,0.0,0.0,0.0,0.0,0.0,9.3,0.0,0.0,18.6,9.3,18.6,18.6,46.6,0,0,37.2,1,1,13086,1,24555,22635,24836,22635,15070,20945,15070,93,165,1,14058,22137,23286,19908,16469,134,8263,8846,140,564,9188,4372,4513,2246,150,8555,1,3:52
2024-25,1641724,Jett Howard,Jett,1610612753,ORL,Orlando Magic,0022400470,2025-01-03T00:00:00,ORL @ TOR,W,10.133333333333333,3.6,17.8,0.2,3.6,14.2,0.25,7.1,7.1,1.0,0.0,0.0,0.0,3.6,3.6,0.0,0.0,0.0,7.1,3.6,17.8,-24.9,19.5,0,0,24.9,1,1,13086,1,22062,18194,4939,21401,5020,868,11902,1934,3259,1,14058,22137,23286,11241,4904,12854,8263,8846,1890,7522,10068,22782,21389,2246,150,17784,1,10:08
2024-25,1631124,Julian Strawther,Julian,1610612743,DEN,Denver Nuggets,0022400475,2025-01-03T00:00:00,DEN vs. SAS,L,22.95,6.3,11.0,0.571,4.7,9.4,0.5,0.0,0.0,0.0,0.0,1.6,1.6,1.6,0.0,1.6,0.0,0.0,3.1,0.0,17.3,1.6,26.2,0,0,28.2,1,13222,1,13222,13753,10780,15384,6538,2721,4235,3944,13505,14344,13505,14058,20740,22484,17742,16469,8112,8263,8846,10142,17725,10571,11843,17481,2246,150,15263,1,22:57
2024-25,1628404,Josh Hart,Josh,1610612752,NYK,New York Knicks,0022400473,2025-01-03T00:00:00,NYK @ OKC,L,44.248333333333335,6.5,12.2,0.533,1.6,5.7,0.286,0.8,1.6,0.5,2.4,3.3,5.7,1.6,1.6,0.8,0.8,0.8,3.3,2.4,15.5,-9.8,28.0,0,0,27.7,1,13222,1,13222,83,10172,13249,8140,11609,11465,11433,13494,13368,10625,6804,15925,13033,17583,12230,12826,8232,8820,9639,11198,12454,17778,16234,2246,150,15672,1,44:15
2024-25,1630551,Justin Champagnie,Justin,1610612764,WAS,Washington Wizards,0022400472,2025-01-03T00:00:00,WAS @ NOP,L,29.89666666666667,6.0,9.6,0.625,2.4,4.8,0.5,0.0,2.4,0.0,2.4,6.0,8.4,1.2,3.6,3.6,0.0,0.0,2.4,3.6,14.4,-8.4,33.6,0,0,33.7,1,13222,1,13222,7884,11449,17707,4899,8459,13652,3944,13505,11465,13505,6890,8281,7583,19004,4751,2078,8263,8846,13158,7359,13457,17150,12112,2246,150,11063,1,29:54
2024-25,1629026,Kenrich Williams,Kenrich,1610612760,OKC,Oklahoma City Thunder,0022400473,2025-01-03T00:00:00,OKC vs. NYK,W,8.516666666666667,4.2,4.2,1.0,0.0,0.0,0.0,8.5,8.5,1.0,4.2,4.2,8.5,0.0,12.7,0.0,0.0,0.0,4.2,4.2,16.9,-42.3,14.4,0,0,25.4,1,1,13086,1,22624,16522,23975,1,15070,20945,15070,1207,2225,1,3277,13036,7542,19908,181,12854,8263,8846,6480,5768,10951,25000,23370,2246,150,17383,1,8:31
2024-25,1629111,Jock Landale,Jock,1610612745,HOU,Houston Rockets,0022400471,2025-01-03T00:00:00,HOU vs. BOS,L,4.883333333333334,7.4,22.1,0.333,0.0,0.0,0.0,7.4,7.4,1.0,7.4,7.4,14.7,0.0,0.0,0.0,0.0,0.0,0.0,14.7,22.1,-14.7,39.8,0,0,36.9,1,13222,1,13222,24022,8070,1766,17395,15070,20945,15070,1752,3023,1,1002,5716,1895,19908,16469,12854,8263,8846,20257,110,6124,19803,7878,2246,150,8808,1,4:53
2024-25,202709,Cory Joseph,Cory,1610612753,ORL,Orlando Magic,0022400470,2025-01-03T00:00:00,ORL @ TOR,W,16.616666666666667,8.7,15.2,0.571,6.5,10.8,0.6,0.0,0.0,0.0,0.0,0.0,0.0,6.5,2.2,0.0,0.0,0.0,0.0,2.2,23.8,4.3,31.4,0,0,36.8,1,1,13086,1,18517,5316,8315,6538,1004,2640,2992,13505,14344,13505,14058,22137,23286,4715,9653,12854,8263,8846,20257,12305,4917,10460,13737,2246,150,8821,1,16:37
2024-25,1642354,KJ Simpson,KJ,1610612766,CHA,Charlotte Hornets,0022400469,2025-01-03T00:00:00,CHA @ DET,L,25.55,4.2,14.1,0.3,2.8,5.6,0.5,0.0,2.8,0.0,2.8,1.4,4.2,1.4,0.0,2.8,0.0,2.8,1.4,8.5,11.3,-7.0,26.9,0,0,25.4,1,13222,1,13222,11534,16522,10027,19363,7165,11614,3944,13505,10436,13505,5816,21056,16736,18313,16469,3645,8263,1579,17587,846,16921,16516,17018,2246,150,17379,1,25:33
2024-25,1631128,Christian Braun,Christian,1610612743,DEN,Denver Nuggets,0022400475,2025-01-03T00:00:00,DEN vs. SAS,L,42.75,2.5,8.4,0.3,1.7,5.1,0.333,2.5,3.4,0.75,0.8,5.9,6.7,4.2,0.0,0.0,1.7,0.8,1.7,1.7,9.3,0.0,28.7,0,0,25.3,1,13222,1,13222,175,20411,19608,19363,11451,13064,9209,8969,9164,8186,14011,8555,10662,9361,16469,12854,4335,8782,16585,14324,18850,12240,15701,2246,150,17462,1,42:45
2024-25,1629027,Trae Young,Trae,1610612737,ATL,Atlanta Hawks,0022400477,2025-01-03T00:00:00,ATL @ LAL,L,35.95,10.0,22.0,0.455,3.0,9.0,0.333,10.0,12.0,0.833,0.0,0.0,0.0,9.0,3.0,1.0,0.0,0.0,1.0,8.0,33.0,-8.0,46.6,0,0,47.1,1,13222,1,13222,2713,3209,1814,12676,6488,4803,9209,698,760,7275,14058,22137,23286,2009,6457,11944,8263,8846,19700,1014,1309,16978,4505,2246,150,3449,1,35:57
2024-25,1641842,Ronald Holland II,Ronald,1610612765,DET,Detroit Pistons,0022400469,2025-01-03T00:00:00,DET vs. CHA,W,10.823333333333334,13.3,26.6,0.5,3.3,10.0,0.333,0.0,0.0,0.0,0.0,10.0,10.0,3.3,6.7,0.0,0.0,3.3,10.0,0.0,29.9,-3.3,40.2,0,0,46.6,1,1,13086,1,21788,900,544,8526,5590,3506,9209,13505,14344,13505,14058,2599,5454,11896,1054,12854,8263,1048,711,17725,2103,14726,7601,2246,150,3642,1,10:49
2024-25,1629060,Rui Hachimura,Rui,1610612747,LAL,Los Angeles Lakers,0022400477,2025-01-03T00:00:00,LAL vs. ATL,W,24.483333333333334,8.8,13.2,0.667,1.5,4.4,0.333,0.0,1.5,0.0,4.4,7.4,11.8,1.5,1.5,0.0,1.5,0.0,2.9,1.5,19.1,14.7,38.4,0,0,36.8,1,1,13086,1,12492,5023,11421,3281,12159,14650,9209,13505,13510,13505,3038,5750,3701,18093,12898,12854,4959,8846,10976,15127,8745,5738,8788,2246,150,8871,1,24:29
2024-25,1630173,Precious Achiuwa,Precious,1610612752,NYK,New York Knicks,0022400473,2025-01-03T00:00:00,NYK @ OKC,L,7.95,4.5,18.1,0.25,0.0,4.5,0.0,4.5,9.1,0.5,9.1,13.6,22.6,0.0,4.5,0.0,0.0,4.5,0.0,4.5,13.6,-13.6,36.2,0,0,36.2,1,13222,1,13222,22828,15678,4545,20233,15070,14359,15070,4783,1838,10625,539,851,284,19908,2953,12854,8263,478,20257,5072,14391,19332,10217,2246,150,9205,1,7:57
2024-25,202699,Tobias Harris,Tobias,1610612765,DET,Detroit Pistons,0022400469,2025-01-03T00:00:00,DET vs. CHA,W,36.06166666666667,9.0,16.0,0.563,4.0,5.0,0.8,2.0,2.0,1.0,3.0,7.0,10.0,1.0,1.0,3.0,1.0,1.0,1.0,1.0,24.0,10.0,48.4,1,0,46.9,1,1,13086,1,2639,4742,7151,7127,4013,13220,1389,10656,12734,1,5358,6381,5448,19681,15861,3166,7487,7944,19716,17403,4833,7704,3840,1,150,3516,1,36:04
2024-25,1630208,Nick Richards,Nick,1610612766,CHA,Charlotte Hornets,0022400469,2025-01-03T00:00:00,CHA @ DET,L,17.258333333333333,8.3,14.6,0.571,0.0,0.0,0.0,4.2,6.3,0.667,4.2,4.2,8.3,10.4,2.1,0.0,4.2,0.0,0.0,4.2,20.9,22.9,56.9,0,0,48.0,1,13222,1,13222,18106,5901,9203,6538,15070,20945,15070,5392,4171,9425,3333,13195,7701,1232,10065,12854,827,8846,20257,5900,7197,3282,1648,2246,150,3152,1,17:16
2024-25,1630559,Austin Reaves,Austin,1610612747,LAL,Los Angeles Lakers,0022400477,2025-01-03T00:00:00,LAL vs. ATL,W,38.65,5.6,16.8,0.333,2.8,6.5,0.429,4.7,5.6,0.833,3.7,2.8,6.5,5.6,5.6,0.0,0.0,0.0,0.9,3.7,18.6,16.8,29.2,0,0,33.5,1,1,13086,1,1035,12736,6094,17395,7227,9506,7394,4581,5058,7275,4005,17412,11132,6274,1735,12854,8263,8846,20065,7067,9181,4981,15324,2246,150,11217,1,38:39
2024-25,1628378,Donovan Mitchell,Donovan,1610612739,CLE,Cleveland Cavaliers,0022400474,2025-01-03T00:00:00,CLE @ DAL,W,26.733333333333334,6.7,14.8,0.455,2.7,9.4,0.286,4.0,4.0,1.0,0.0,0.0,0.0,8.1,2.7,2.7,0.0,0.0,1.3,4.0,20.2,4.0,37.7,0,0,36.4,1,1,13086,1,10540,9614,8885,12676,7562,4217,11433,5626,7760,1,14058,22137,23286,2805,7552,3926,8263,8846,17834,6205,7738,10622,9222,2246,150,9129,1,26:44
2024-25,1630175,Cole Anthony,Cole,1610612753,ORL,Orlando Magic,0022400470,2025-01-03T00:00:00,ORL @ TOR,W,33.81666666666667,4.3,11.7,0.364,1.1,4.3,0.25,0.0,0.0,0.0,1.1,3.2,4.3,11.7,3.2,1.1,0.0,0.0,3.2,0.0,9.6,13.8,32.3,0,0,28.7,1,1,13086,1,4424,16440,14093,16861,14166,14998,11902,13505,14344,13505,12759,16112,16651,786,5839,11347,8263,8846,9892,17725,18559,6067,13124,2246,150,14896,1,33:49
2024-25,1630198,Isaiah Joe,Isaiah,1610612760,OKC,Oklahoma City Thunder,0022400473,2025-01-03T00:00:00,OKC vs. NYK,W,14.75,7.3,19.5,0.375,2.4,9.8,0.25,0.0,0.0,0.0,0.0,4.9,4.9,2.4,0.0,4.9,0.0,0.0,2.4,0.0,17.1,7.3,41.2,0,0,36.6,1,1,13086,1,19733,8179,3328,16299,8344,3767,11902,13505,14344,13505,14058,11203,15106,14733,16469,976,8263,8846,13031,17725,10760,8974,7020,2246,150,8968,1,14:45
2024-25,1628991,Jaren Jackson Jr.,Jaren,1610612763,MEM,Memphis Grizzlies,0022400476,2025-01-03T00:00:00,MEM @ SAC,L,34.02,9.5,22.2,0.429,3.2,9.5,0.333,7.4,10.6,0.7,0.0,6.3,6.3,5.3,4.2,0.0,1.1,1.1,6.3,8.5,29.6,-5.3,44.1,0,0,46.6,1,13222,1,13222,4242,3844,1722,13735,6023,4070,9209,1729,1165,9366,14058,7596,11503,6844,3438,12854,7071,7423,2542,843,2223,15742,5609,2246,150,3645,1,34:01
2024-25,1629048,Goga Bitadze,Goga,1610612753,ORL,Orlando Magic,0022400470,2025-01-03T00:00:00,ORL @ TOR,W,30.066666666666666,3.6,10.8,0.333,0.0,2.4,0.0,6.0,9.6,0.625,3.6,12.0,15.6,8.4,1.2,1.2,3.6,0.0,3.6,4.8,13.2,7.2,57.6,1,0,46.7,1,1,13086,1,7724,18101,15740,17395,15070,18819,15070,2877,1553,10271,4222,1374,1559,2530,14460,10195,1151,8846,8452,4521,14914,9053,1540,1,150,3595,1,30:04
2024-25,1628379,Luke Kennard,Luke,1610612763,MEM,Memphis Grizzlies,0022400476,2025-01-03T00:00:00,MEM @ SAC,L,31.56833333333333,3.4,11.4,0.3,2.3,5.7,0.4,3.4,3.4,1.0,2.3,6.8,9.1,10.3,1.1,1.1,0.0,1.1,2.3,2.3,12.5,14.8,41.2,0,0,36.5,1,13222,1,13222,6364,18497,14652,19363,8922,11443,7874,6851,9043,1,7308,6633,6553,1306,14864,10676,8263,6712,13723,11819,15550,5697,7071,2246,150,9054,1,31:34
2024-25,1630530,Trey Murphy III,Trey,1610612740,NOP,New Orleans Pelicans,0022400472,2025-01-03T00:00:00,NOP vs. WAS,W,34.516666666666666,5.2,19.8,0.263,2.1,8.3,0.25,5.2,5.2,1.0,2.1,3.1,5.2,5.2,1.0,1.0,2.1,0.0,2.1,4.2,17.7,-11.5,40.2,0,0,36.5,1,1,13086,1,3842,13777,3085,20219,9744,5838,11902,3758,5589,1,8005,16337,14242,7007,15536,11558,3242,8846,14670,5900,10104,18522,7664,2246,150,9048,1,34:31
2024-25,1642275,Tidjane Salaün,Tidjane,1610612766,CHA,Charlotte Hornets,0022400469,2025-01-03T00:00:00,CHA @ DET,L,19.333333333333332,7.4,13.0,0.571,0.0,5.6,0.0,1.9,5.6,0.333,0.0,1.9,1.9,1.9,1.9,3.7,0.0,0.0,0.0,3.7,16.8,0.0,31.1,0,0,27.9,1,13222,1,13222,16552,7887,11797,6538,15070,11756,15070,11080,5062,13132,14058,20072,22063,16885,11262,1937,8263,8846,20257,7071,11115,12240,13991,2246,150,15473,1,19:20
2024-25,1642349,Ajay Mitchell,Ajay,1610612760,OKC,Oklahoma City Thunder,0022400473,2025-01-03T00:00:00,OKC vs. NYK,W,13.2,8.2,16.4,0.5,0.0,0.0,0.0,5.5,5.5,1.0,0.0,2.7,2.7,0.0,0.0,0.0,0.0,0.0,5.5,8.2,21.8,-10.9,25.1,0,0,24.5,1,1,13086,1,20652,6242,6592,8526,15070,20945,15070,3472,5244,1,14058,17616,20395,19908,16469,12854,8263,8846,3769,932,6359,18281,18219,2246,150,17975,1,13:12
2024-25,1641775,Jordan Walsh,Jordan,1610612738,BOS,Boston Celtics,0022400471,2025-01-03T00:00:00,BOS @ HOU,W,8.616666666666667,0.0,8.4,0.0,0.0,4.2,0.0,0.0,0.0,0.0,0.0,8.4,8.4,0.0,8.4,0.0,0.0,0.0,0.0,0.0,0.0,-8.4,1.7,0,0,8.4,1,1,13086,1,22589,22635,19713,22635,15070,15174,15070,13505,14344,13505,14058,4208,7685,19908,525,12854,8263,8846,20257,17725,23200,17125,25180,2246,150,24706,1,8:37
2024-25,1630182,Josh Green,Josh,1610612766,CHA,Charlotte Hornets,0022400469,2025-01-03T00:00:00,CHA @ DET,L,35.17,3.1,8.2,0.375,1.0,5.1,0.2,2.0,2.0,1.0,1.0,3.1,4.1,2.0,1.0,1.0,0.0,0.0,2.0,4.1,9.2,-5.1,19.2,0,0,18.4,1,13222,1,13222,3335,19278,19959,16299,14405,12910,13429,10473,12586,1,13067,16490,17084,16204,15685,11732,8263,8846,14894,6063,18890,15658,21522,2246,150,21659,1,35:10
2024-25,1642269,Devin Carter,Devin,1610612758,SAC,Sacramento Kings,0022400476,2025-01-03T00:00:00,SAC vs. MEM,W,10.813333333333333,0.0,10.0,0.0,0.0,6.7,0.0,0.0,0.0,0.0,0.0,16.6,16.6,6.7,0.0,0.0,0.0,0.0,6.7,0.0,0.0,-26.6,30.0,0,0,23.3,1,1,13086,1,21794,22635,17074,22635,15070,9196,15070,13505,14344,13505,14058,363,1226,4490,16469,12854,8263,8846,2259,17725,23200,23160,14822,2246,150,18799,1,10:49
2024-25,202684,Tristan Thompson,Tristan,1610612739,CLE,Cleveland Cavaliers,0022400474,2025-01-03T00:00:00,CLE @ DAL,W,4.116666666666666,0.0,8.7,0.0,0.0,0.0,0.0,0.0,0.0,0.0,0.0,17.5,17.5,0.0,0.0,0.0,0.0,0.0,0.0,0.0,0.0,-61.2,21.0,0,0,17.5,1,1,13086,1,24422,22635,19106,22635,15070,20945,15070,13505,14344,13505,14058,293,1013,19908,16469,12854,8263,8846,20257,17725,23200,25716,20695,2246,150,22080,1,4:07
2024-25,1629631,De'Andre Hunter,De'Andre,1610612737,ATL,Atlanta Hawks,0022400477,2025-01-03T00:00:00,ATL @ LAL,L,27.2,1.3,15.9,0.083,0.0,7.9,0.0,1.3,2.6,0.5,1.3,2.6,4.0,1.3,1.3,0.0,0.0,2.6,5.3,5.3,4.0,-14.6,9.4,0,0,9.3,1,13222,1,13222,10190,22374,7290,22617,15070,6546,15070,12239,10866,10625,11077,17825,17387,18578,13694,12854,8263,1810,4028,3637,22567,19733,24512,2246,150,24566,1,27:12
2024-25,1630573,Sam Hauser,Sam,1610612738,BOS,Boston Celtics,0022400471,2025-01-03T00:00:00,BOS @ HOU,W,19.4,0.0,1.9,0.0,0.0,1.9,0.0,0.0,0.0,0.0,0.0,5.6,5.6,0.0,0.0,1.9,0.0,0.0,0.0,0.0,0.0,3.7,12.2,0,0,9.3,1,1,13086,1,16499,22635,24780,22635,15070,19819,15070,13505,14344,13505,14058,9366,13364,19908,16469,6998,8263,8846,20257,17725,23200,10802,23956,2246,150,24560,1,19:24
2024-25,201145,Jeff Green,Jeff,1610612745,HOU,Houston Rockets,0022400471,2025-01-03T00:00:00,HOU vs. BOS,L,28.7,2.5,3.8,0.667,1.3,2.5,0.5,2.5,2.5,1.0,0.0,6.3,6.3,0.0,1.3,1.3,0.0,0.0,3.8,1.3,8.8,-20.1,18.8,0,0,18.8,1,13222,1,13222,8920,20455,24200,3281,13074,18607,3944,9023,11186,1,14058,7752,11675,19908,14073,9764,8263,8846,7866,16109,19281,21572,21751,2246,150,21475,1,28:42
2024-25,1629726,Garrison Mathews,Garrison,1610612737,ATL,Atlanta Hawks,0022400477,2025-01-03T00:00:00,ATL @ LAL,L,14.933333333333334,0.0,9.6,0.0,0.0,9.6,0.0,0.0,0.0,0.0,0.0,0.0,0.0,0.0,0.0,0.0,2.4,0.0,2.4,2.4,0.0,-14.5,7.2,0,0,4.8,1,13222,1,13222,19616,22635,17685,22635,15070,3918,15070,13505,14344,13505,14058,22137,23286,19908,16469,12854,2532,8846,13145,11304,23200,19691,24795,2246,150,25121,1,14:56
2024-25,1641717,Cason Wallace,Cason,1610612760,OKC,Oklahoma City Thunder,0022400473,2025-01-03T00:00:00,OKC vs. NYK,W,32.5,1.1,3.3,0.333,1.1,2.2,0.5,2.2,2.2,1.0,1.1,3.3,4.4,3.3,4.4,2.2,0.0,0.0,2.2,1.1,5.5,15.5,18.1,0,0,18.8,1,1,13086,1,5553,22574,24384,17395,13899,19137,3944,9893,12041,1,12411,15724,16213,11905,3100,5337,8263,8846,14031,16877,21707,5429,22066,2246,150,21470,1,32:30
2024-25,1629652,Luguentz Dort,Luguentz,1610612760,OKC,Oklahoma City Thunder,0022400473,2025-01-03T00:00:00,OKC vs. NYK,W,32.516666666666666,4.4,7.7,0.571,3.3,5.5,0.6,0.0,0.0,0.0,0.0,2.2,2.2,1.1,1.1,1.1,1.1,0.0,5.5,0.0,12.2,10.0,22.0,0,0,23.2,1,1,13086,1,5539,15986,20598,6538,5601,11879,2992,13505,14344,13505,14058,19032,21384,19331,15088,10962,6745,8846,3653,17725,15942,7712,20125,2246,150,18838,1,32:31
2024-25,1628415,Dillon Brooks,Dillon,1610612745,HOU,Houston Rockets,0022400471,2025-01-03T00:00:00,HOU vs. BOS,L,30.128333333333334,4.8,15.5,0.308,2.4,7.2,0.333,0.0,0.0,0.0,1.2,1.2,2.4,0.0,0.0,1.2,0.0,3.6,6.0,1.2,11.9,-11.9,18.4,0,0,19.1,1,13222,1,13222,7658,15014,7783,19226,8524,8105,9209,13505,14344,13505,11829,21525,21030,19908,16469,10221,8263,854,2987,16434,16198,18717,21930,2246,150,21332,1,30:08
2024-25,1630534,Ochai Agbaji,Ochai,1610612761,TOR,Toronto Raptors,0022400470,2025-01-03T00:00:00,TOR vs. ORL,L,33.166666666666664,6.5,9.8,0.667,3.3,5.4,0.6,0.0,0.0,0.0,1.1,2.2,3.3,1.1,0.0,0.0,0.0,2.2,1.1,0.0,16.3,-7.6,21.8,0,0,23.9,1,13222,1,13222,5013,10162,17439,3281,5793,12145,2992,13505,14344,13505,12589,19152,19090,19394,16469,12854,8263,2713,19183,17725,11627,16782,20250,2246,150,18410,1,33:10
2024-25,1642264,Stephon Castle,Stephon,1610612759,SAS,San Antonio Spurs,0022400475,2025-01-03T00:00:00,SAS @ DEN,W,24.483333333333334,4.4,11.8,0.375,1.5,5.9,0.25,1.5,2.9,0.5,1.5,2.9,4.4,5.9,1.5,0.0,0.0,1.5,2.9,1.5,11.8,26.5,24.4,0,0,23.5,1,1,13086,1,12492,16038,14010,16299,12159,10991,11902,11847,10112,10625,10434,16930,16259,5703,12898,12854,8263,4883,10976,15127,16384,2529,18681,2246,150,18655,1,24:29
2024-25,1641722,Jordan Hawkins,Jordan,1610612740,NOP,New Orleans Pelicans,0022400472,2025-01-03T00:00:00,NOP vs. WAS,W,16.516666666666666,2.2,13.1,0.167,2.2,8.7,0.25,2.2,4.4,0.5,0.0,4.4,4.4,4.4,0.0,0.0,2.2,0.0,2.2,2.2,8.7,-13.1,27.0,0,0,24.0,1,1,13086,1,18595,21074,11719,21938,9311,5240,11902,10030,7092,10625,14058,12627,16388,8986,16469,12854,2992,8846,14188,12243,19331,19155,16922,2246,150,18343,1,16:31
2024-25,1628384,OG Anunoby,OG,1610612752,NYK,New York Knicks,0022400473,2025-01-03T00:00:00,NYK @ OKC,L,42.53333333333333,5.9,11.0,0.538,2.5,5.9,0.429,2.5,2.5,1.0,0.0,1.7,1.7,2.5,0.8,0.0,0.0,1.7,2.5,1.7,16.9,-10.2,21.9,0,0,23.7,1,13222,1,13222,199,11732,15347,7978,8013,10873,7394,8938,11106,1,14058,20478,22311,14406,16429,12854,8263,4166,12639,14297,10930,17952,20194,2246,150,18540,1,42:32
2024-25,1631216,Caleb Houstan,Caleb,1610612753,ORL,Orlando Magic,0022400470,2025-01-03T00:00:00,ORL @ TOR,W,24.416666666666668,2.9,7.4,0.4,2.9,5.9,0.5,0.0,0.0,0.0,1.5,2.9,4.4,1.5,0.0,1.5,1.5,0.0,1.5,0.0,8.8,10.3,25.2,0,0,23.6,1,1,13086,1,12550,19534,21106,14933,6682,10947,3944,13505,14344,13505,10415,16892,16231,18076,16469,8515,4947,8846,17326,17725,19228,7553,18141,2246,150,18620,1,24:25
2024-25,203995,Vasilije Micić,Vasilije,1610612766,CHA,Charlotte Hornets,0022400469,2025-01-03T00:00:00,CHA @ DET,L,24.05,1.5,12.0,0.125,0.0,7.5,0.0,3.0,4.5,0.667,0.0,4.5,4.5,7.5,6.0,0.0,0.0,0.0,0.0,3.0,6.0,-1.5,16.6,0,0,18.0,1,13222,1,13222,12844,22169,13638,22420,15070,7436,15070,7832,6859,9425,14058,12282,16070,3420,1392,12854,8263,8846,20257,9283,21403,13798,22619,2246,150,21885,1,24:03
2024-25,1629634,Brandon Clarke,Brandon,1610612763,MEM,Memphis Grizzlies,0022400476,2025-01-03T00:00:00,MEM @ SAC,L,23.018333333333334,4.7,9.4,0.5,0.0,0.0,0.0,7.8,9.4,0.833,6.3,6.3,12.5,0.0,1.6,0.0,1.6,1.6,0.0,6.3,17.2,-3.1,35.3,0,0,32.8,1,13222,1,13222,13709,15261,18143,8526,15070,20945,15070,1496,1671,7275,1503,7776,3126,19908,12491,12854,4660,4543,20257,2330,10623,14635,10835,2246,150,11770,1,23:01
2024-25,1642377,Jaylen Wells,Jaylen,1610612763,MEM,Memphis Grizzlies,0022400476,2025-01-03T00:00:00,MEM @ SAC,L,36.13333333333333,11.0,15.9,0.688,8.0,9.0,0.889,0.0,0.0,0.0,3.0,2.0,5.0,2.0,0.0,0.0,0.0,0.0,1.0,0.0,29.9,-4.0,38.9,0,0,44.8,1,13222,1,13222,2581,2297,7194,3227,460,4882,1325,13505,14344,13505,5374,19686,14841,16403,16469,12854,8263,8846,19725,17725,2122,15055,8504,2246,150,4339,1,36:08
2024-25,1642258,Zaccharie Risacher,Zaccharie,1610612737,ATL,Atlanta Hawks,0022400477,2025-01-03T00:00:00,ATL @ LAL,L,25.266666666666666,4.3,11.4,0.375,0.0,2.8,0.0,1.4,1.4,1.0,0.0,4.3,4.3,0.0,1.4,1.4,0.0,1.4,4.3,1.4,10.0,-11.4,18.0,0,0,17.1,1,13222,1,13222,11769,16390,14660,16299,15070,17959,15070,11969,13569,1,14058,12883,16601,19908,13140,8781,8263,5077,6360,15346,18183,18484,22115,2246,150,22263,1,25:16
2024-25,1631111,Wendell Moore Jr.,Wendell,1610612765,DET,Detroit Pistons,0022400469,2025-01-03T00:00:00,DET vs. CHA,W,15.133333333333333,0.0,7.1,0.0,0.0,4.8,0.0,0.0,0.0,0.0,0.0,0.0,0.0,7.1,0.0,4.8,0.0,0.0,2.4,0.0,0.0,16.7,25.0,0,0,16.7,1,1,13086,1,19475,22635,21395,22635,15070,13812,15070,13505,14344,13505,14058,22137,23286,3838,16469,1045,8263,8846,13309,17725,23200,5018,18308,2246,150,22446,1,15:08
2024-25,1628371,Jonathan Isaac,Jonathan,1610612753,ORL,Orlando Magic,0022400470,2025-01-03T00:00:00,ORL @ TOR,W,13.383333333333333,5.4,8.1,0.667,2.7,5.4,0.5,5.4,8.1,0.667,2.7,8.1,10.8,2.7,5.4,0.0,5.4,0.0,5.4,5.4,18.8,2.7,46.5,0,0,45.7,1,1,13086,1,20548,13322,20141,3281,7569,12255,3944,3550,2469,9425,6127,4607,4639,13936,1919,12854,421,8846,3876,3507,9009,11269,4519,2246,150,3921,1,13:23
2024-25,1631109,Mark Williams,Mark,1610612766,CHA,Charlotte Hornets,0022400469,2025-01-03T00:00:00,CHA @ DET,L,28.316666666666666,8.9,15.3,0.583,0.0,1.3,0.0,5.1,6.4,0.8,5.1,6.4,11.4,1.3,3.8,0.0,1.3,1.3,3.8,3.8,22.9,-17.8,38.5,0,0,38.1,1,13222,1,13222,9285,4886,8168,6296,15070,20532,15070,3913,4058,7681,2297,7584,4016,18754,4280,12854,5786,5801,7694,6814,5569,20868,8698,2246,150,7932,1,28:19
2024-25,1628969,Mikal Bridges,Mikal,1610612752,NYK,New York Knicks,0022400473,2025-01-03T00:00:00,NYK @ OKC,L,40.983333333333334,8.8,16.7,0.526,3.5,9.7,0.364,0.0,0.0,0.0,0.9,1.8,2.6,1.8,1.8,0.9,0.9,0.0,0.9,1.8,21.1,-8.8,30.4,0,0,32.5,1,13222,1,13222,373,5114,6192,8379,5118,3896,9100,13505,14344,13505,13960,20339,20574,17210,11715,12741,8147,8846,20185,14088,7020,17324,14503,2246,150,11990,1,40:59
2024-25,1627749,Dejounte Murray,Dejounte,1610612740,NOP,New Orleans Pelicans,0022400472,2025-01-03T00:00:00,NOP vs. WAS,W,28.283333333333335,5.1,15.3,0.333,0.0,2.5,0.0,3.8,3.8,1.0,1.3,3.8,5.1,15.3,1.3,3.8,1.3,0.0,2.5,2.5,14.0,-5.1,57.0,1,0,44.5,1,1,13086,1,9310,14121,8145,17395,15070,18547,15070,6043,8205,1,11343,14268,14542,272,13950,1828,5779,8846,12617,10820,13934,15643,1635,1,150,4440,1,28:17
2024-25,201599,DeAndre Jordan,DeAndre,1610612743,DEN,Denver Nuggets,0022400475,2025-01-03T00:00:00,DEN vs. SAS,L,4.133333333333334,0.0,8.7,0.0,0.0,0.0,0.0,0.0,0.0,0.0,8.7,8.7,17.4,0.0,0.0,0.0,0.0,0.0,0.0,0.0,0.0,-69.7,20.9,0,0,17.4,1,13222,1,13222,24406,22635,19167,22635,15070,20945,15070,13505,14344,13505,612,3823,1031,19908,16469,12854,8263,8846,20257,17725,23200,25882,20741,2246,150,22121,1,4:08
2024-25,1629629,Cam Reddish,Cam,1610612747,LAL,Los Angeles Lakers,0022400477,2025-01-03T00:00:00,LAL vs. ATL,W,12.833333333333334,2.8,5.6,0.5,2.8,5.6,0.5,0.0,0.0,0.0,2.8,0.0,2.8,2.8,0.0,0.0,0.0,0.0,2.8,0.0,8.4,2.8,16.0,0,0,16.8,1,1,13086,1,20823,19865,22986,8526,7194,11686,3944,13505,14344,13505,5847,22137,20243,13571,16469,12854,8263,8846,11624,17725,19585,11222,22863,2246,150,22370,1,12:50
2024-25,1630200,Tre Jones,Tre,1610612759,SAS,San Antonio Spurs,0022400475,2025-01-03T00:00:00,SAS @ DEN,W,16.766666666666666,2.1,4.3,0.5,0.0,0.0,0.0,0.0,0.0,0.0,2.1,6.4,8.6,4.3,2.1,0.0,0.0,0.0,2.1,0.0,4.3,19.3,18.9,0,0,17.2,1,1,13086,1,18408,21150,23929,8526,15070,20945,15070,13505,14344,13505,7766,7428,7330,9135,9738,12854,8263,8846,14372,17725,22412,4167,21704,2246,150,22223,1,16:46
2024-25,1628380,Zach Collins,Zach,1610612759,SAS,San Antonio Spurs,0022400475,2025-01-03T00:00:00,SAS @ DEN,W,14.583333333333334,4.9,12.3,0.4,0.0,2.5,0.0,0.0,0.0,0.0,7.4,4.9,12.3,0.0,0.0,2.5,2.5,0.0,12.3,0.0,9.9,-34.6,39.5,0,0,32.1,1,1,13086,1,19839,14584,13011,14933,15070,18683,15070,13505,14344,13505,993,11061,3240,19908,16469,4475,2432,8846,393,17725,18279,24364,8079,2246,150,12305,1,14:35
2024-25,1642267,Bub Carrington,Bub,1610612764,WAS,Washington Wizards,0022400472,2025-01-03T00:00:00,WAS @ NOP,L,36.2,4.0,8.0,0.5,0.0,3.0,0.0,0.0,0.0,0.0,0.0,3.0,3.0,6.0,2.0,0.0,0.0,0.0,1.0,2.0,8.0,-26.9,18.5,0,0,16.9,1,13222,1,13222,2532,17143,20334,8526,15070,17697,15070,13505,14344,13505,14058,16792,19785,5560,10570,12854,8263,8846,19742,13132,19959,23217,21886,2246,150,22347,1,36:12
2024-25,1627763,Malcolm Brogdon,Malcolm,1610612764,WAS,Washington Wizards,0022400472,2025-01-03T00:00:00,WAS @ NOP,L,24.766666666666666,5.8,14.5,0.4,0.0,1.5,0.0,11.6,11.6,1.0,1.5,2.9,4.4,4.4,1.5,0.0,0.0,1.5,0.0,8.7,23.3,1.5,33.6,0,0,32.0,1,13222,1,13222,12199,12076,9301,14933,15070,20319,15070,383,860,1,10522,17055,16382,8981,12993,12854,8263,4971,20257,746,5325,11895,12130,2246,150,12405,1,24:46
2024-25,201566,Russell Westbrook,Russell,1610612743,DEN,Denver Nuggets,0022400475,2025-01-03T00:00:00,DEN vs. SAS,L,31.233333333333334,4.6,8.1,0.571,1.2,2.3,0.5,0.0,2.3,0.0,1.2,5.8,6.9,9.2,3.5,2.3,0.0,0.0,5.8,2.3,10.4,6.9,36.0,0,0,32.3,1,13222,1,13222,6669,15460,20145,6538,13634,18972,3944,13505,11757,13505,12084,8878,10299,1854,5109,5016,8263,8846,3289,11719,17786,9180,10394,2246,150,12152,1,31:14
2024-25,203939,Dwight Powell,Dwight,1610612742,DAL,Dallas Mavericks,0022400474,2025-01-03T00:00:00,DAL vs. CLE,L,4.116666666666666,0.0,0.0,0.0,0.0,0.0,0.0,0.0,0.0,0.0,8.7,17.5,26.2,0.0,0.0,0.0,0.0,0.0,8.7,0.0,0.0,61.2,31.5,0,0,26.2,1,13222,1,13222,24422,22635,24836,22635,15070,20945,15070,13505,14344,13505,605,293,166,19908,16469,12854,8263,8846,1048,17725,23200,338,13685,2246,150,16768,1,4:07
2024-25,203458,Alex Len,Alex,1610612758,SAC,Sacramento Kings,0022400476,2025-01-03T00:00:00,SAC vs. MEM,W,9.9,7.3,7.3,1.0,0.0,0.0,0.0,0.0,0.0,0.0,3.6,0.0,3.6,0.0,0.0,3.6,3.6,0.0,3.6,0.0,14.5,-3.6,40.7,0,0,32.7,1,1,13086,1,22137,8282,21242,1,15070,20945,15070,13505,14344,13505,4149,22137,18235,19908,16469,2051,1124,8846,8304,17725,13356,14866,7320,2246,150,11849,1,9:54
2024-25,1642281,Jaylon Tyson,Jaylon,1610612739,CLE,Cleveland Cavaliers,0022400474,2025-01-03T00:00:00,CLE @ DAL,W,4.116666666666666,0.0,8.7,0.0,0.0,8.7,0.0,0.0,0.0,0.0,0.0,17.5,17.5,8.7,8.7,0.0,0.0,0.0,8.7,0.0,0.0,-61.2,25.4,0,0,26.2,1,1,13086,1,24422,22635,19106,22635,15070,5187,15070,13505,14344,13505,14058,293,1013,2224,463,12854,8263,8846,1048,17725,23200,25716,18035,2246,150,16768,1,4:07
2024-25,1630215,Jared Butler,Jared,1610612764,WAS,Washington Wizards,0022400472,2025-01-03T00:00:00,WAS @ NOP,L,1.1166666666666667,0.0,32.2,0.0,0.0,32.2,0.0,0.0,0.0,0.0,0.0,0.0,0.0,32.2,0.0,0.0,0.0,0.0,0.0,0.0,0.0,96.7,48.4,0,0,32.2,1,13222,1,13222,26010,22635,187,22635,15070,46,15070,13505,14344,13505,14058,22137,23286,14,16469,12854,8263,8846,20257,17725,23200,82,3860,2246,150,12176,1,1:07
2024-25,1629640,Keldon Johnson,Keldon,1610612759,SAS,San Antonio Spurs,0022400475,2025-01-03T00:00:00,SAS @ DEN,W,26.45,8.2,19.1,0.429,4.1,8.2,0.5,1.4,1.4,1.0,2.7,2.7,5.4,1.4,1.4,0.0,0.0,1.4,0.0,1.4,21.8,6.8,29.0,0,0,32.7,1,1,13086,1,10776,6270,3712,13735,3820,6147,3944,12134,13646,1,6045,17627,13689,18463,13504,12854,8263,5352,20257,15613,6399,9230,15493,2246,150,11897,1,26:27
2024-25,1628467,Maxi Kleber,Maxi,1610612742,DAL,Dallas Mavericks,0022400474,2025-01-03T00:00:00,DAL vs. CLE,L,15.816666666666666,2.3,9.1,0.25,0.0,6.8,0.0,0.0,0.0,0.0,6.8,2.3,9.1,2.3,0.0,0.0,0.0,0.0,2.3,0.0,4.6,-13.7,18.9,0,0,15.9,1,13222,1,13222,19057,20891,18555,20233,15070,8831,15070,13505,14344,13505,1212,18837,6583,15315,16469,12854,8263,8846,13741,17725,22262,19367,21707,2246,150,22731,1,15:49
2024-25,1631105,Jalen Duren,Jalen,1610612765,DET,Detroit Pistons,0022400469,2025-01-03T00:00:00,DET vs. CHA,W,24.711666666666666,7.3,13.1,0.556,0.0,0.0,0.0,0.0,0.0,0.0,10.2,10.2,20.4,1.5,2.9,0.0,4.4,1.5,7.3,0.0,14.6,-1.5,51.4,1,0,45.2,1,1,13086,1,12270,8251,11655,7248,15070,20945,15070,13505,14344,13505,376,2428,481,18150,6790,12854,724,4954,1780,17725,13327,13782,2861,1,150,4174,1,24:43
2024-25,1631222,Jake LaRavia,Jake,1610612763,MEM,Memphis Grizzlies,0022400476,2025-01-03T00:00:00,MEM @ SAC,L,15.713333333333333,4.6,4.6,1.0,2.3,2.3,1.0,2.3,4.6,0.5,0.0,6.9,6.9,4.6,0.0,2.3,0.0,0.0,0.0,2.3,13.7,2.3,35.7,0,0,32.1,1,13222,1,13222,19128,15539,23752,1,8886,19003,1,9662,6685,10625,14058,6577,10374,8447,16469,5075,8263,8846,20257,11788,14229,11468,10549,2246,150,12327,1,15:43
2024-25,1629003,Shake Milton,Shake,1610612747,LAL,Los Angeles Lakers,0022400477,2025-01-03T00:00:00,LAL vs. ATL,W,13.483333333333333,0.0,8.0,0.0,0.0,5.3,0.0,5.3,5.3,1.0,0.0,10.7,10.7,10.7,2.7,0.0,2.7,0.0,2.7,2.7,5.3,2.7,39.5,0,0,32.0,1,1,13086,1,20496,22635,20246,22635,15070,12353,15070,3602,5405,1,14058,2100,4736,1123,7618,12854,2123,8846,12165,10407,21827,11282,8065,2246,150,12358,1,13:29
2024-25,1630191,Isaiah Stewart,Isaiah,1610612765,DET,Detroit Pistons,0022400469,2025-01-03T00:00:00,DET vs. CHA,W,18.233333333333334,3.9,5.9,0.667,2.0,3.9,0.5,0.0,0.0,0.0,3.9,9.9,13.8,0.0,0.0,2.0,3.9,0.0,2.0,0.0,9.9,5.9,44.2,0,0,37.5,1,1,13086,1,17417,17206,22686,3281,10268,15679,3944,13505,14344,13505,3659,2673,2324,19908,16469,6368,946,8846,15279,17725,18283,9647,5560,2246,150,8353,1,18:14
2024-25,203915,Spencer Dinwiddie,Spencer,1610612742,DAL,Dallas Mavericks,0022400474,2025-01-03T00:00:00,DAL vs. CLE,L,23.383333333333333,1.5,10.8,0.143,0.0,4.6,0.0,0.0,0.0,0.0,1.5,4.6,6.2,7.7,4.6,0.0,0.0,1.5,1.5,1.5,3.1,-24.6,17.4,0,0,16.9,1,13222,1,13222,13392,22126,15739,22260,15070,14156,15070,13505,14344,13505,10157,11931,11923,3187,2821,12854,8263,4624,17086,14836,22935,22729,22340,2246,150,22338,1,23:23
2024-25,1627734,Domantas Sabonis,Domantas,1610612758,SAC,Sacramento Kings,0022400476,2025-01-03T00:00:00,SAC vs. MEM,W,38.1,5.7,10.4,0.545,2.8,5.7,0.5,1.9,1.9,1.0,2.8,6.6,9.4,5.7,0.9,0.0,1.9,0.9,4.7,5.7,16.1,5.7,40.6,1,0,37.8,1,1,13086,1,1325,12509,16397,7695,7106,11528,3944,10989,13007,1,5772,7067,6116,6104,16169,12854,3795,8379,5230,3079,11859,9770,7377,1,150,8173,1,38:06
2024-25,203084,Harrison Barnes,Harrison,1610612759,SAS,San Antonio Spurs,0022400475,2025-01-03T00:00:00,SAS @ DEN,W,31.85,4.5,11.3,0.4,0.0,3.4,0.0,0.0,0.0,0.0,1.1,3.4,4.5,3.4,1.1,0.0,0.0,1.1,0.0,0.0,9.0,11.3,18.4,0,0,17.0,1,1,13086,1,6101,15709,14825,14933,15070,16879,15070,13505,14344,13505,12257,15540,15991,11702,14933,12854,8263,6789,20257,17725,19038,7095,21923,2246,150,22327,1,31:51
2024-25,1628973,Jalen Brunson,Jalen,1610612752,NYK,New York Knicks,0022400473,2025-01-03T00:00:00,NYK @ OKC,L,40.13333333333333,8.1,20.6,0.391,0.0,4.5,0.0,3.6,5.4,0.667,0.9,1.8,2.7,8.1,2.7,0.9,0.0,0.9,1.8,4.5,19.7,-2.7,35.1,0,0,32.3,1,13222,1,13222,533,6481,2557,15984,15070,14482,15070,6509,5339,9425,13915,20256,20468,2814,7559,12680,8263,8676,16210,5176,8136,14399,11007,2246,150,12145,1,40:08
2024-25,203992,Bogdan Bogdanović,Bogdan,1610612737,ATL,Atlanta Hawks,0022400477,2025-01-03T00:00:00,ATL @ LAL,L,23.05,3.1,9.4,0.333,1.6,6.2,0.25,0.0,0.0,0.0,0.0,3.1,3.1,4.7,0.0,4.7,0.0,0.0,1.6,1.6,7.8,-9.4,32.6,0,0,26.6,1,13222,1,13222,13682,19143,18162,17395,11819,10084,11902,13505,14344,13505,14058,16344,19426,8214,16469,1095,8263,8846,16991,14751,20080,17614,12854,2246,150,16502,1,23:03
2024-25,1642266,Ja'Kobe Walter,Ja'Kobe,1610612761,TOR,Toronto Raptors,0022400470,2025-01-03T00:00:00,TOR vs. ORL,L,18.366666666666667,3.9,5.9,0.667,2.0,3.9,0.5,0.0,0.0,0.0,0.0,3.9,3.9,0.0,0.0,0.0,0.0,0.0,0.0,0.0,9.8,-5.9,14.5,0,0,15.7,1,13222,1,13222,17303,17267,22728,3281,10348,15732,3944,13505,14344,13505,14058,13967,17513,19908,16469,12854,8263,8846,20257,17725,18353,16010,23329,2246,150,22831,1,18:22
2024-25,1630558,Davion Mitchell,Davion,1610612761,TOR,Toronto Raptors,0022400470,2025-01-03T00:00:00,TOR vs. ORL,L,13.3,2.7,5.4,0.5,2.7,2.7,1.0,0.0,0.0,0.0,0.0,10.8,10.8,5.4,0.0,2.7,0.0,0.0,0.0,0.0,8.1,8.1,37.4,0,0,32.5,1,13222,1,13222,20597,20074,23161,8526,7516,18251,1,13505,14344,13505,14058,1997,4570,6604,16469,3891,8263,8846,20257,17725,19816,8571,9440,2246,150,12002,1,13:18
2024-25,1628464,Daniel Theis,Daniel,1610612740,NOP,New Orleans Pelicans,0022400472,2025-01-03T00:00:00,NOP vs. WAS,W,15.446666666666667,7.0,11.7,0.6,0.0,2.3,0.0,2.3,4.7,0.5,2.3,7.0,9.3,0.0,2.3,0.0,0.0,0.0,4.7,2.3,16.3,21.0,25.2,0,0,25.6,1,1,13086,1,19286,8953,14212,5394,15070,18934,15070,9523,6557,10625,7146,6371,6292,19908,8943,12854,8263,8846,5379,11629,11592,3698,18157,2246,150,17183,1,15:27
2024-25,1628389,Bam Adebayo,Bam,1610612748,MIA,Miami Heat,0022400463,2025-01-02T00:00:00,MIA vs. IND,L,25.151666666666667,11.5,17.2,0.667,0.0,1.4,0.0,5.7,8.6,0.667,4.3,7.2,11.5,2.9,1.4,1.4,0.0,1.4,0.0,4.3,28.6,-18.6,49.5,0,0,45.8,1,13222,1,13222,11875,1906,5603,3281,15070,20348,15070,3165,2139,9425,3178,6083,4007,13406,13101,8752,8263,5056,20257,5609,2561,21101,3406,2246,150,3895,1,25:09
2024-25,1629130,Duncan Robinson,Duncan,1610612748,MIA,Miami Heat,0022400463,2025-01-02T00:00:00,MIA vs. IND,L,18.15,4.0,9.9,0.4,4.0,7.9,0.5,0.0,0.0,0.0,0.0,2.0,2.0,7.9,2.0,0.0,0.0,0.0,0.0,0.0,11.9,-31.7,24.2,0,0,25.8,1,13222,1,13222,17469,17171,17208,14933,4060,6559,3944,13505,14344,13505,14058,19718,21832,2964,10598,12854,8263,8846,20257,17725,16240,23994,18814,2246,150,17080,1,18:09
2024-25,1629014,Anfernee Simons,Anfernee,1610612757,POR,Portland Trail Blazers,0022400468,2025-01-02T00:00:00,POR @ LAL,L,36.65,7.9,16.7,0.471,3.9,8.8,0.444,2.9,2.9,1.0,0.0,2.9,2.9,4.9,3.9,2.0,0.0,1.0,2.0,2.0,22.6,-4.9,35.5,0,0,38.3,1,13222,1,13222,2246,6933,6176,12143,4138,5040,7211,7961,10100,1,14058,16898,19861,7666,4020,6424,8263,8065,15331,13246,5784,15535,10758,2246,150,7819,1,36:39
2024-25,1629639,Tyler Herro,Tyler,1610612748,MIA,Miami Heat,0022400463,2025-01-02T00:00:00,MIA vs. IND,L,35.75,6.0,12.1,0.5,3.0,7.0,0.429,2.0,2.0,1.0,0.0,3.0,3.0,3.0,3.0,0.0,0.0,1.0,2.0,2.0,17.1,-4.0,22.3,0,0,26.2,1,13222,1,13222,2860,11399,13450,8526,6430,8362,7394,10599,12685,1,14058,16649,19670,12856,6393,12854,8263,7862,15068,13022,10718,15084,20009,2246,150,16805,1,35:45
2024-25,1631172,Ousmane Dieng,Ousmane,1610612760,OKC,Oklahoma City Thunder,0022400466,2025-01-02T00:00:00,OKC vs. LAC,W,3.1666666666666665,11.4,11.4,1.0,0.0,0.0,0.0,0.0,0.0,0.0,0.0,0.0,0.0,0.0,0.0,11.4,0.0,0.0,0.0,0.0,22.7,-22.7,56.8,0,0,45.5,1,1,13086,1,24913,1958,14711,1,15070,20945,15070,13505,14344,13505,14058,22137,23286,19908,16469,81,8263,8846,20257,17725,5667,22274,1666,2246,150,4023,1,3:10
2024-25,203944,Julius Randle,Julius,1610612750,MIN,Minnesota Timberwolves,0022400464,2025-01-02T00:00:00,MIN vs. BOS,L,39.166666666666664,8.3,14.7,0.563,4.6,6.4,0.714,3.7,3.7,1.0,1.8,5.5,7.4,6.4,3.7,0.9,0.0,0.9,0.9,2.8,24.8,9.2,42.4,0,0,45.0,1,13222,1,13222,826,6035,9043,7127,2899,9684,1861,6336,8532,1,9094,9489,9465,4807,4611,12569,8263,8562,20095,10117,4296,8093,6445,2246,150,4249,1,39:10
2024-25,203471,Dennis Schröder,Dennis,1610612744,GSW,Golden State Warriors,0022400467,2025-01-02T00:00:00,GSW vs. PHI,W,25.316666666666666,7.1,12.8,0.556,4.3,5.7,0.75,2.8,2.8,1.0,2.8,2.8,5.7,8.5,0.0,2.8,0.0,2.8,5.7,2.8,21.3,24.2,49.5,0,0,45.5,1,1,13086,1,11729,8675,12214,7248,3456,11483,1542,8229,10377,1,5748,17258,13057,2396,16469,3565,8263,1539,3409,9800,6792,2991,3424,2246,150,4015,1,25:19
2024-25,1630573,Sam Hauser,Sam,1610612738,BOS,Boston Celtics,0022400464,2025-01-02T00:00:00,BOS @ MIN,W,27.308333333333334,6.6,14.5,0.455,6.6,14.5,0.455,0.0,0.0,0.0,1.3,2.6,4.0,2.6,0.0,0.0,0.0,0.0,1.3,0.0,19.8,-13.2,28.5,0,0,33.0,1,1,13086,1,10099,9955,9355,12676,951,801,7148,13505,14344,13505,11112,17867,17430,14094,16469,12854,8263,8846,17964,17725,8099,19189,15895,2246,150,11681,1,27:19
2024-25,1629675,Naz Reid,Naz,1610612750,MIN,Minnesota Timberwolves,0022400464,2025-01-02T00:00:00,MIN vs. BOS,L,25.541666666666668,8.5,15.5,0.545,5.6,7.0,0.8,5.6,5.6,1.0,4.2,2.8,7.0,4.2,2.8,0.0,0.0,0.0,1.4,2.8,28.2,-5.6,40.2,0,0,45.1,1,13222,1,13222,11552,5698,7816,7695,1629,8365,1389,3264,4990,1,3275,17340,10062,9319,7155,12854,8263,8846,17585,9901,2713,15894,7657,2246,150,4224,1,25:33
2024-25,1629638,Nickeil Alexander-Walker,Nickeil,1610612750,MIN,Minnesota Timberwolves,0022400464,2025-01-02T00:00:00,MIN vs. BOS,L,16.935,2.1,4.3,0.5,2.1,2.1,1.0,2.1,4.3,0.5,0.0,6.4,6.4,0.0,0.0,0.0,0.0,0.0,2.1,4.3,8.5,0.0,16.2,0,0,17.0,1,13222,1,13222,18289,21199,23961,8526,9572,19321,1,10214,7317,10625,14058,7546,11454,19908,16469,12854,8263,8846,14490,5722,19515,12240,22786,2246,150,22308,1,16:56
2024-25,1629652,Luguentz Dort,Luguentz,1610612760,OKC,Oklahoma City Thunder,0022400466,2025-01-02T00:00:00,OKC vs. LAC,W,23.4,4.6,10.8,0.429,4.6,10.8,0.429,0.0,0.0,0.0,0.0,1.5,1.5,0.0,0.0,3.1,0.0,0.0,4.6,0.0,13.8,40.0,24.9,0,0,26.2,1,1,13086,1,13381,15447,15751,13735,2862,2705,7394,13505,14344,13505,14058,20799,22524,19908,16469,2985,8263,8846,5503,17725,14101,984,18344,2246,150,16831,1,23:24
2024-25,1631170,Jaime Jaquez Jr.,Jaime,1610612748,MIA,Miami Heat,0022400463,2025-01-02T00:00:00,MIA vs. IND,L,15.233333333333333,0.0,7.1,0.0,0.0,0.0,0.0,0.0,0.0,0.0,2.4,7.1,9.5,11.8,0.0,2.4,0.0,2.4,2.4,0.0,0.0,14.2,36.2,0,0,26.0,1,13222,1,13222,19417,22635,21452,22635,15070,20945,15070,13505,14344,13505,7037,6199,6109,757,16469,4819,8263,2301,13379,17725,23200,5949,10261,2246,150,16935,1,15:14
2024-25,1627783,Pascal Siakam,Pascal,1610612754,IND,Indiana Pacers,0022400463,2025-01-02T00:00:00,IND @ MIA,W,31.9,9.0,14.7,0.615,1.1,2.3,0.5,1.1,4.5,0.25,4.5,7.9,12.4,4.5,0.0,0.0,0.0,1.1,1.1,2.3,20.3,14.7,42.0,1,0,38.4,1,1,13086,1,6062,4653,9099,5246,13777,19070,3944,12821,6816,13358,2907,4861,3182,8621,16469,12854,8263,6806,18937,11908,7646,5754,6630,1,150,7785,1,31:54
2024-25,1628401,Derrick White,Derrick,1610612738,BOS,Boston Celtics,0022400464,2025-01-02T00:00:00,BOS @ MIN,W,36.85,9.8,19.5,0.5,4.9,9.8,0.5,1.0,1.0,1.0,0.0,2.0,2.0,2.0,0.0,0.0,2.0,1.0,2.0,5.9,25.4,2.9,36.5,0,0,38.1,1,1,13086,1,2096,3512,3322,8526,2434,3761,3944,13300,14249,1,14058,19813,21899,16546,16469,12854,3618,8124,15387,2801,3997,11159,10007,2246,150,7961,1,36:51
2024-25,203497,Rudy Gobert,Rudy,1610612750,MIN,Minnesota Timberwolves,0022400464,2025-01-02T00:00:00,MIN vs. BOS,L,27.833333333333332,3.9,6.5,0.6,0.0,0.0,0.0,0.0,0.0,0.0,3.9,5.2,9.1,0.0,0.0,0.0,0.0,1.3,1.3,1.3,7.8,-7.8,18.6,0,0,16.8,1,13222,1,13222,9684,17380,22141,5394,15070,20945,15070,13505,14344,13505,3761,10346,6656,19908,16469,12854,8263,5688,18056,15936,20117,16862,21829,2246,150,22373,1,27:50
2024-25,1641738,Kobe Brown,Kobe,1610612746,LAC,LA Clippers,0022400466,2025-01-02T00:00:00,LAC @ OKC,L,8.816666666666666,0.0,0.0,0.0,0.0,0.0,0.0,0.0,0.0,0.0,4.1,8.2,12.2,4.1,0.0,0.0,0.0,0.0,8.2,0.0,0.0,20.4,20.8,0,0,16.3,1,13222,1,13222,22526,22635,24836,22635,15070,20945,15070,13505,14344,13505,3472,4466,3309,9695,16469,12854,8263,8846,1292,17725,23200,3840,20777,2246,150,22574,1,8:49
2024-25,1628978,Donte DiVincenzo,Donte,1610612750,MIN,Minnesota Timberwolves,0022400464,2025-01-02T00:00:00,MIN vs. BOS,L,28.583333333333332,3.8,6.3,0.6,3.8,6.3,0.6,3.8,3.8,1.0,0.0,3.8,3.8,3.8,2.5,0.0,0.0,1.3,6.3,2.5,15.1,-8.8,22.8,0,0,26.4,1,13222,1,13222,9046,17623,22322,5394,4507,9983,2992,6128,8301,1,14058,14393,17877,10566,8162,12854,8263,5872,2605,10919,12794,17337,19687,2246,150,16577,1,28:35
2024-25,1630699,MarJon Beauchamp,MarJon,1610612749,MIL,Milwaukee Bucks,0022400465,2025-01-02T00:00:00,MIL vs. BKN,L,6.648333333333333,0.0,0.0,0.0,0.0,0.0,0.0,0.0,0.0,0.0,0.0,16.2,16.2,0.0,0.0,0.0,0.0,0.0,0.0,0.0,0.0,97.5,19.5,0,0,16.2,1,13222,1,13222,23317,22635,24836,22635,15070,20945,15070,13505,14344,13505,14058,402,1342,19908,16469,12854,8263,8846,20257,17725,23200,78,21408,2246,150,22606,1,6:39
2024-25,1626167,Myles Turner,Myles,1610612754,IND,Indiana Pacers,0022400463,2025-01-02T00:00:00,IND @ MIA,W,34.63333333333333,8.3,15.6,0.533,2.1,5.2,0.4,3.1,4.2,0.75,1.0,4.2,5.2,2.1,0.0,1.0,2.1,1.0,3.1,3.1,21.8,14.6,40.5,0,0,37.4,1,1,13086,1,3749,5954,7706,8140,9773,12706,7874,7499,7507,8186,12947,13245,14282,16075,16469,11589,3261,7580,10206,8821,6353,5804,7434,2246,150,8417,1,34:38
2024-25,1641767,Ben Sheppard,Ben,1610612754,IND,Indiana Pacers,0022400463,2025-01-02T00:00:00,IND @ MIA,W,19.883333333333333,1.8,5.4,0.333,1.8,5.4,0.333,0.0,0.0,0.0,3.6,0.0,3.6,1.8,0.0,5.4,1.8,0.0,3.6,0.0,5.4,-7.2,34.2,0,0,27.2,1,1,13086,1,16109,21738,23141,17395,11031,12133,9209,13505,14344,13505,4173,22137,18274,17052,16469,667,4036,8846,8360,17725,21775,16610,11639,2246,150,16052,1,19:53
2024-25,1641741,Ricky Council IV,Ricky,1610612755,PHI,Philadelphia 76ers,0022400467,2025-01-02T00:00:00,PHI @ GSW,L,26.8,5.4,10.7,0.5,1.3,5.4,0.25,4.0,5.4,0.75,1.3,1.3,2.7,1.3,0.0,0.0,0.0,1.3,0.0,4.0,16.1,-13.4,21.4,0,0,21.5,1,13222,1,13222,10488,13333,15790,8526,12679,12269,11902,5646,5348,8186,11000,21201,20483,18526,16469,12854,8263,5431,20257,6229,11794,19282,20495,2246,150,19967,1,26:48
2024-25,1630162,Anthony Edwards,Anthony,1610612750,MIN,Minnesota Timberwolves,0022400464,2025-01-02T00:00:00,MIN vs. BOS,L,36.21666666666667,5.0,15.9,0.313,2.0,8.9,0.222,3.0,4.0,0.75,0.0,4.0,4.0,6.0,2.0,0.0,0.0,1.0,0.0,2.0,14.9,-9.9,26.6,0,0,26.8,1,13222,1,13222,2521,14481,7256,19175,10220,4905,13288,7863,7884,8186,14058,13800,17375,5567,10576,12854,8263,7979,20257,13135,13004,17864,17189,2246,150,16277,1,36:13
2024-25,1630541,Moses Moody,Moses,1610612744,GSW,Golden State Warriors,0022400467,2025-01-02T00:00:00,GSW vs. PHI,W,15.433333333333334,9.3,11.7,0.8,9.3,11.7,0.8,0.0,0.0,0.0,0.0,4.7,4.7,0.0,2.3,0.0,0.0,0.0,4.7,0.0,28.0,30.3,31.3,0,0,42.0,1,1,13086,1,19289,4157,14193,1688,269,1991,1389,13505,14344,13505,14058,11812,15657,19908,8932,12854,8263,8846,5372,17725,2790,1929,13862,2246,150,5657,1,15:26
2024-25,1630288,Jeff Dowtin Jr.,Jeff,1610612755,PHI,Philadelphia 76ers,0022400467,2025-01-02T00:00:00,PHI @ GSW,L,15.116666666666667,4.8,11.9,0.4,0.0,0.0,0.0,4.8,9.5,0.5,0.0,2.4,2.4,4.8,0.0,0.0,0.0,4.8,4.8,7.1,14.3,-21.4,24.3,0,0,21.4,1,13222,1,13222,19484,15071,13747,14933,15070,20945,15070,4408,1587,10625,14058,18534,21045,8011,16469,12854,8263,422,5146,1550,13622,21947,18754,2246,150,20015,1,15:07
2024-25,1641737,Adem Bona,Adem,1610612755,PHI,Philadelphia 76ers,0022400467,2025-01-02T00:00:00,PHI @ GSW,L,9.183333333333334,0.0,3.9,0.0,0.0,0.0,0.0,0.0,0.0,0.0,0.0,11.8,11.8,0.0,3.9,3.9,7.8,0.0,7.8,0.0,0.0,-15.7,45.5,0,0,35.3,1,13222,1,13222,22392,22635,24127,22635,15070,20945,15070,13505,14344,13505,14058,1491,3703,19908,4035,1716,149,8846,1435,17725,23200,20142,4953,2246,150,9889,1,9:11
2024-25,1626171,Bobby Portis,Bobby,1610612749,MIL,Milwaukee Bucks,0022400465,2025-01-02T00:00:00,MIL vs. BKN,L,28.183333333333334,5.1,11.5,0.444,3.8,5.1,0.75,5.1,5.1,1.0,1.3,8.9,10.2,0.0,5.1,0.0,1.3,1.3,2.6,2.6,19.2,-2.6,30.1,0,0,35.8,1,13222,1,13222,9395,14058,14479,13045,4357,12924,1542,3872,5741,1,11315,3575,5211,19908,2215,12854,5749,5772,12585,10784,8684,14336,14705,2246,150,9537,1,28:11
2024-25,1630178,Tyrese Maxey,Tyrese,1610612755,PHI,Philadelphia 76ers,0022400467,2025-01-02T00:00:00,PHI @ GSW,L,32.05833333333333,4.5,14.6,0.308,2.2,6.7,0.333,4.5,4.5,1.0,0.0,3.4,3.4,6.7,3.4,4.5,2.2,0.0,2.2,4.5,15.7,-27.0,46.7,0,0,41.5,1,13222,1,13222,5924,15806,9206,19226,9065,9042,9209,4850,6858,1,14058,15600,18831,4369,5312,1230,2849,8846,13896,5161,12197,23234,4440,2246,150,5880,1,32:04
2024-25,1631119,Jaylin Williams,Jaylin,1610612760,OKC,Oklahoma City Thunder,0022400466,2025-01-02T00:00:00,OKC vs. LAC,W,19.05,1.9,13.2,0.143,0.0,11.3,0.0,0.0,0.0,0.0,1.9,11.3,13.2,3.8,0.0,0.0,0.0,0.0,1.9,1.9,3.8,-15.1,25.3,0,0,20.8,1,1,13086,1,16782,21600,11433,22260,15070,2231,15070,13505,14344,13505,8861,1729,2649,10563,16469,12854,8263,8846,15746,13557,22656,19948,18059,2246,150,20417,1,19:03
2024-25,202331,Paul George,Paul,1610612755,PHI,Philadelphia 76ers,0022400467,2025-01-02T00:00:00,PHI @ GSW,L,32.166666666666664,7.8,13.4,0.583,3.4,6.7,0.5,2.2,2.2,1.0,0.0,2.2,2.2,0.0,2.2,0.0,0.0,0.0,2.2,1.1,21.3,-29.1,21.7,0,0,26.9,1,13222,1,13222,5835,6999,11108,6296,5494,9080,3944,9815,11974,1,14058,18955,21340,19908,9353,12854,8263,8846,13932,16827,6865,23600,20312,2246,150,16262,1,32:10
2024-25,1629018,Gary Trent Jr.,Gary,1610612749,MIL,Milwaukee Bucks,0022400465,2025-01-02T00:00:00,MIL vs. BKN,L,21.043333333333333,3.4,13.7,0.25,3.4,12.0,0.286,6.8,6.8,1.0,1.7,1.7,3.4,0.0,1.7,1.7,0.0,0.0,3.4,3.4,17.1,-18.8,24.6,0,0,27.4,1,13222,1,13222,15266,18495,10677,20233,5334,1794,11433,2126,3528,1,9542,20433,18733,19908,11878,7569,8263,8846,9000,7892,10734,21187,18532,2246,150,15893,1,21:03
2024-25,1642270,Donovan Clingan,Donovan,1610612757,POR,Portland Trail Blazers,0022400468,2025-01-02T00:00:00,POR @ LAL,L,17.283333333333335,2.1,4.2,0.5,0.0,0.0,0.0,4.2,4.2,1.0,4.2,2.1,6.2,2.1,2.1,0.0,2.1,0.0,0.0,2.1,8.3,-2.1,23.1,0,0,20.8,1,13222,1,13222,18086,21260,24016,8526,15070,20945,15070,5402,7480,1,3346,19413,11713,16055,10083,12854,3249,8846,20257,12691,19636,14093,19483,2246,150,20385,1,17:17
2024-25,1630538,Bones Hyland,Bones,1610612746,LAC,LA Clippers,0022400466,2025-01-02T00:00:00,LAC @ OKC,L,7.183333333333334,5.0,20.0,0.25,0.0,10.0,0.0,0.0,0.0,0.0,0.0,5.0,5.0,10.0,0.0,5.0,0.0,0.0,5.0,0.0,10.0,50.1,46.1,0,0,35.1,1,13222,1,13222,23100,14354,2938,20233,15070,3462,15070,13505,14344,13505,14058,10852,14766,1422,16469,894,8263,8846,4577,17725,18141,545,4699,2246,150,10036,1,7:11
2024-25,201144,Mike Conley,Mike,1610612750,MIN,Minnesota Timberwolves,0022400464,2025-01-02T00:00:00,MIN vs. BOS,L,18.966666666666665,3.8,7.6,0.5,1.9,3.8,0.5,0.0,0.0,0.0,1.9,1.9,3.8,5.7,1.9,0.0,0.0,0.0,0.0,1.9,9.5,1.9,20.7,0,0,20.9,1,13222,1,13222,16851,17575,20802,8526,10643,16002,3944,13505,14344,13505,8821,19979,17829,6053,11055,12854,8263,8846,20257,13520,18645,11684,20845,2246,150,20355,1,18:58
2024-25,1626192,Pat Connaughton,Pat,1610612749,MIL,Milwaukee Bucks,0022400465,2025-01-02T00:00:00,MIL vs. BKN,L,9.548333333333334,3.8,11.3,0.333,0.0,7.5,0.0,0.0,0.0,0.0,7.5,7.5,15.1,3.8,0.0,3.8,3.8,0.0,3.8,0.0,7.5,52.8,53.9,0,0,41.5,1,13222,1,13222,22270,17646,14806,17395,15070,7298,15070,13505,14344,13505,935,5424,1740,10587,16469,1883,1048,8846,7835,17725,20284,487,2225,2246,150,5930,1,9:33
2024-25,201950,Jrue Holiday,Jrue,1610612738,BOS,Boston Celtics,0022400464,2025-01-02T00:00:00,BOS @ MIN,W,38.983333333333334,3.7,8.3,0.444,2.8,6.5,0.429,0.0,0.0,0.0,1.8,0.9,2.8,7.4,0.0,1.8,0.0,0.0,3.7,0.0,10.2,0.9,30.1,0,0,26.8,1,1,13086,1,888,17857,19780,13045,7319,9613,7394,13505,14344,13505,9056,22087,20320,3528,16469,7049,8263,8846,8109,17725,17998,12205,14729,2246,150,16339,1,38:59
2024-25,1631101,Shaedon Sharpe,Shaedon,1610612757,POR,Portland Trail Blazers,0022400468,2025-01-02T00:00:00,POR @ LAL,L,36.9,5.9,15.6,0.375,1.0,4.9,0.2,5.9,7.8,0.75,0.0,4.9,4.9,1.0,2.9,1.0,0.0,0.0,2.0,3.9,18.5,-6.8,25.9,0,0,27.3,1,13222,1,13222,2059,11936,7683,16299,14678,13496,13429,3017,2660,8186,14058,11216,15117,19749,6734,12164,8263,8846,15401,6560,9286,16439,17712,2246,150,15935,1,36:54
2024-25,202710,Jimmy Butler III,Jimmy,1610612748,MIA,Miami Heat,0022400463,2025-01-02T00:00:00,MIA vs. IND,L,26.516666666666666,4.1,8.1,0.5,1.4,2.7,0.5,2.7,2.7,1.0,0.0,2.7,2.7,5.4,1.4,2.7,0.0,0.0,0.0,2.7,12.2,-36.7,30.4,0,0,27.2,1,13222,1,13222,10712,16919,20031,8526,12615,18229,3944,8537,10706,1,14058,17653,20412,6567,13530,3876,8263,8846,20257,10276,15904,24584,14491,2246,150,16056,1,26:31
2024-25,1630166,Deni Avdija,Deni,1610612757,POR,Portland Trail Blazers,0022400468,2025-01-02T00:00:00,POR @ LAL,L,35.983333333333334,8.0,14.0,0.571,1.0,3.0,0.333,2.0,2.0,1.0,0.0,10.0,10.0,4.0,2.0,1.0,0.0,2.0,1.0,2.0,19.0,5.0,38.0,1,0,36.0,1,13222,1,13222,2695,6628,10167,6538,14549,17641,9209,10642,12722,1,14058,2585,5428,9935,10523,11957,8263,3232,19706,13080,8852,10112,9014,1,150,9357,1,35:59
2024-25,1631169,Josh Minott,Josh,1610612750,MIN,Minnesota Timberwolves,0022400464,2025-01-02T00:00:00,MIN vs. BOS,L,11.316666666666666,6.4,9.5,0.667,3.2,6.4,0.5,6.4,6.4,1.0,0.0,3.2,3.2,0.0,3.2,0.0,6.4,0.0,3.2,3.2,22.3,22.3,42.0,0,0,41.4,1,13222,1,13222,21578,10533,17866,3281,6004,9841,3944,2533,4051,1,14058,16154,19286,19908,5875,12854,256,8846,9941,8622,6027,3406,6625,2246,150,5999,1,11:19
2024-25,1630528,Josh Christopher,Josh,1610612748,MIA,Miami Heat,0022400463,2025-01-02T00:00:00,MIA vs. IND,L,2.033333333333333,0.0,0.0,0.0,0.0,0.0,0.0,0.0,0.0,0.0,0.0,35.4,35.4,0.0,17.7,0.0,0.0,0.0,0.0,0.0,0.0,70.8,24.8,0,0,35.4,1,13222,1,13222,25436,22635,24836,22635,15070,20945,15070,13505,14344,13505,14058,22,47,19908,77,12854,8263,8846,20257,17725,23200,234,18428,2246,150,9785,1,2:02
2024-25,1641717,Cason Wallace,Cason,1610612760,OKC,Oklahoma City Thunder,0022400466,2025-01-02T00:00:00,OKC vs. LAC,W,17.416666666666668,8.3,12.4,0.667,2.1,2.1,1.0,0.0,0.0,0.0,0.0,4.1,4.1,2.1,0.0,4.1,0.0,0.0,4.1,0.0,18.6,4.1,39.1,0,0,35.1,1,1,13086,1,17986,6046,12890,3281,9831,19431,1,13505,14344,13505,14058,13320,16992,16127,16469,1512,8263,8846,6727,17725,9218,10579,8360,2246,150,10002,1,17:25
2024-25,1641739,Toumani Camara,Toumani,1610612757,POR,Portland Trail Blazers,0022400468,2025-01-02T00:00:00,POR @ LAL,L,38.78333333333333,7.4,12.1,0.615,1.9,3.7,0.5,0.0,0.0,0.0,1.9,1.9,3.7,2.8,0.0,0.0,0.9,0.0,1.9,4.6,16.7,-8.4,28.1,0,0,26.9,1,13222,1,13222,971,7946,13474,5246,10848,16185,3944,13505,14344,13505,9011,20092,18035,13634,16469,12854,7961,8846,15912,4853,11163,17124,16116,2246,150,16214,1,38:47
2024-25,1642348,Justin Edwards,Justin,1610612755,PHI,Philadelphia 76ers,0022400467,2025-01-02T00:00:00,PHI @ GSW,L,9.183333333333334,7.8,19.6,0.4,0.0,11.8,0.0,0.0,0.0,0.0,0.0,0.0,0.0,3.9,3.9,3.9,0.0,0.0,0.0,0.0,15.7,-15.7,29.4,0,0,27.4,1,13222,1,13222,22392,6985,3276,14933,15070,1924,15070,13505,14344,13505,14058,22137,23286,10165,4035,1716,8263,8846,20257,17725,12243,20142,15213,2246,150,15835,1,9:11
2024-25,1630167,Obi Toppin,Obi,1610612754,IND,Indiana Pacers,0022400463,2025-01-02T00:00:00,IND @ MIA,W,20.316666666666666,8.9,15.9,0.556,3.5,7.1,0.5,0.0,0.0,0.0,1.8,8.9,10.6,0.0,1.8,0.0,0.0,3.5,1.8,0.0,21.3,3.5,32.2,0,0,35.4,1,1,13086,1,15769,4955,7185,7248,5047,8274,3944,13505,14344,13505,9344,3651,4783,19908,11660,12854,8263,884,16297,17725,6866,10879,13127,2246,150,9766,1,20:19
2024-25,1628436,Luke Kornet,Luke,1610612738,BOS,Boston Celtics,0022400464,2025-01-02T00:00:00,BOS @ MIN,W,11.15,9.7,9.7,1.0,0.0,0.0,0.0,3.2,3.2,1.0,0.0,9.7,9.7,3.2,0.0,3.2,0.0,0.0,9.7,3.2,22.6,0.0,48.8,0,0,42.0,1,1,13086,1,21645,3618,17601,1,15070,20945,15070,7259,9459,1,14058,2833,5818,12199,16469,2678,8263,8846,766,8465,5780,12240,3717,2246,150,5667,1,11:09
2024-25,1629651,Nic Claxton,Nic,1610612751,BKN,Brooklyn Nets,0022400465,2025-01-02T00:00:00,BKN @ MIL,W,33.266666666666666,5.4,9.7,0.556,0.0,0.0,0.0,6.5,8.7,0.75,1.1,10.8,11.9,2.2,0.0,1.1,1.1,0.0,3.2,5.4,17.3,-1.1,41.3,1,0,35.7,1,1,13086,1,4928,13243,17493,7248,15070,20945,15070,2409,2083,8186,12615,2001,3577,15746,16469,11175,6905,8846,9673,3465,10515,13600,6970,1,150,9566,1,33:16
2024-25,1631097,Bennedict Mathurin,Bennedict,1610612754,IND,Indiana Pacers,0022400463,2025-01-02T00:00:00,IND @ MIA,W,29.626666666666665,6.1,14.6,0.417,1.2,6.1,0.2,1.2,1.2,1.0,1.2,1.2,2.4,1.2,3.6,0.0,0.0,2.4,1.2,1.2,14.6,18.2,15.7,0,0,19.4,1,1,13086,1,8123,11296,9231,14532,13284,10504,13429,12543,13862,1,11692,21474,20932,18967,4685,12854,8263,2154,18445,16326,13314,4484,22963,2246,150,21183,1,29:38
2024-25,1630598,Aaron Wiggins,Aaron,1610612760,OKC,Oklahoma City Thunder,0022400466,2025-01-02T00:00:00,OKC vs. LAC,W,28.15,5.1,9.0,0.571,1.3,3.8,0.333,0.0,0.0,0.0,2.6,2.6,5.1,2.6,1.3,0.0,0.0,0.0,0.0,0.0,11.5,20.5,20.2,0,0,20.5,1,1,13086,1,9420,14042,18793,6538,12941,15923,9209,13505,14344,13505,6458,18040,14474,14343,13915,12854,8263,8846,20257,17725,16660,3826,21059,2246,150,20602,1,28:09
2024-25,1627741,Buddy Hield,Buddy,1610612744,GSW,Golden State Warriors,0022400467,2025-01-02T00:00:00,GSW vs. PHI,W,20.675,1.7,8.7,0.2,1.7,8.7,0.2,0.0,0.0,0.0,0.0,1.7,1.7,1.7,0.0,0.0,0.0,0.0,5.2,0.0,5.2,29.6,9.9,0,0,10.4,1,1,13086,1,15512,21845,19181,21401,11277,5263,13429,13505,14344,13505,14058,20378,22245,17258,16469,12854,8263,8846,4153,17725,21897,2017,24434,2246,150,24349,1,20:41
2024-25,201572,Brook Lopez,Brook,1610612749,MIL,Milwaukee Bucks,0022400465,2025-01-02T00:00:00,MIL vs. BKN,L,22.683333333333334,4.8,6.3,0.75,0.0,1.6,0.0,1.6,3.2,0.5,1.6,3.2,4.8,1.6,1.6,0.0,1.6,0.0,3.2,1.6,11.1,-12.7,22.4,0,0,20.6,1,13222,1,13222,13966,15080,22269,2107,15070,20182,15070,11624,9559,10625,9972,16179,15400,17688,12394,12854,4594,8846,9985,14671,17075,19017,19937,2246,150,20498,1,22:41
2024-25,1641748,Andre Jackson Jr.,Andre,1610612749,MIL,Milwaukee Bucks,0022400465,2025-01-02T00:00:00,MIL vs. BKN,L,13.501666666666667,2.7,2.7,1.0,0.0,0.0,0.0,0.0,0.0,0.0,2.7,2.7,5.3,0.0,2.7,0.0,0.0,0.0,5.3,0.0,5.3,0.0,9.1,0,0,10.7,1,13222,1,13222,20490,20165,24599,1,15070,20945,15070,13505,14344,13505,6190,17779,13965,19908,7637,12854,8263,8846,3965,17725,21835,12240,24561,2246,150,24299,1,13:30
2024-25,1626181,Norman Powell,Norman,1610612746,LAC,LA Clippers,0022400466,2025-01-02T00:00:00,LAC @ OKC,L,27.573333333333334,1.3,14.4,0.091,0.0,6.5,0.0,5.2,6.5,0.8,0.0,1.3,1.3,2.6,7.8,0.0,0.0,2.6,5.2,5.2,7.8,-33.9,5.5,0,0,11.8,1,13222,1,13222,9897,22395,9589,22599,15070,9484,15070,3742,3853,7681,14058,21273,22810,14179,625,12854,8263,1862,4156,3743,20058,24295,24967,2246,150,24047,1,27:34
2024-25,203081,Damian Lillard,Damian,1610612749,MIL,Milwaukee Bucks,0022400465,2025-01-02T00:00:00,MIL vs. BKN,L,40.291666666666664,5.4,17.9,0.3,3.6,11.6,0.308,6.3,7.1,0.875,0.9,1.8,2.7,6.3,2.7,0.9,0.0,0.9,1.8,5.4,20.6,-3.6,33.1,0,0,34.8,1,13222,1,13222,496,13366,4835,19363,4975,2020,11292,2631,3226,6931,13926,20278,20497,5087,7589,12693,8263,8686,16244,3532,7446,14830,12470,2246,150,10193,1,40:18
2024-25,1642382,Branden Carlson,Branden,1610612760,OKC,Oklahoma City Thunder,0022400466,2025-01-02T00:00:00,OKC vs. LAC,W,3.1666666666666665,0.0,0.0,0.0,0.0,0.0,0.0,0.0,0.0,0.0,0.0,0.0,0.0,11.4,0.0,0.0,0.0,0.0,0.0,0.0,0.0,-22.7,17.1,0,0,11.4,1,1,13086,1,24913,22635,24836,22635,15070,20945,15070,13505,14344,13505,14058,22137,23286,875,16469,12854,8263,8846,20257,17725,23200,22274,22461,2246,150,24138,1,3:10
2024-25,201587,Nicolas Batum,Nicolas,1610612746,LAC,LA Clippers,0022400466,2025-01-02T00:00:00,LAC @ OKC,L,16.483333333333334,0.0,2.2,0.0,0.0,2.2,0.0,0.0,0.0,0.0,0.0,4.4,4.4,2.2,0.0,2.2,0.0,0.0,4.4,2.2,0.0,0.0,15.1,0,0,10.9,1,13222,1,13222,18608,22635,24726,22635,15070,19198,15070,13505,14344,13505,14058,12608,16364,15683,16469,5460,8263,8846,6106,12227,23200,12240,23155,2246,150,24239,1,16:29
2024-25,1642277,Johnny Furphy,Johnny,1610612754,IND,Indiana Pacers,0022400463,2025-01-02T00:00:00,IND @ MIA,W,0.5233333333333333,0.0,0.0,0.0,0.0,0.0,0.0,0.0,0.0,0.0,0.0,0.0,0.0,0.0,0.0,0.0,0.0,0.0,68.8,0.0,0.0,-137.6,0.0,0,0,0.0,1,1,13086,1,26200,22635,24836,22635,15070,20945,15070,13505,14344,13505,14058,22137,23286,19908,16469,12854,8263,8846,10,17725,23200,26248,25228,2246,150,25259,1,0:31
2024-25,1629026,Kenrich Williams,Kenrich,1610612760,OKC,Oklahoma City Thunder,0022400466,2025-01-02T00:00:00,OKC vs. LAC,W,14.533333333333333,5.0,14.9,0.333,5.0,7.4,0.667,2.5,5.0,0.5,0.0,2.5,2.5,5.0,0.0,2.5,0.0,2.5,5.0,5.0,17.3,7.4,35.2,0,0,34.7,1,1,13086,1,19865,14524,8801,17395,2334,7535,1957,9114,6024,10625,14058,18250,20849,7559,16469,4444,8263,2075,4710,4198,10482,8918,10954,2246,150,10311,1,14:32
2024-25,1629003,Shake Milton,Shake,1610612747,LAL,Los Angeles Lakers,0022400468,2025-01-02T00:00:00,LAL vs. POR,W,16.316666666666666,4.4,11.0,0.4,0.0,6.6,0.0,0.0,0.0,0.0,0.0,6.6,6.6,0.0,0.0,0.0,0.0,2.2,0.0,2.2,8.8,4.4,16.8,0,0,15.4,1,1,13086,1,18711,16031,15311,14933,15070,9274,15070,13505,14344,13505,14058,7060,10909,19908,16469,12854,8263,2626,20257,12133,19248,10421,22571,2246,150,22899,1,16:19
2024-25,1641775,Jordan Walsh,Jordan,1610612738,BOS,Boston Celtics,0022400464,2025-01-02T00:00:00,BOS @ MIN,W,6.541666666666667,0.0,5.5,0.0,0.0,5.5,0.0,0.0,0.0,0.0,0.0,0.0,0.0,0.0,0.0,5.5,0.0,0.0,0.0,0.0,0.0,-11.0,16.5,0,0,11.0,1,1,13086,1,23355,22635,23085,22635,15070,11936,15070,13505,14344,13505,14058,22137,23286,19908,16469,634,8263,8846,20257,17725,23200,18323,22660,2246,150,24218,1,6:33
2024-25,203952,Andrew Wiggins,Andrew,1610612744,GSW,Golden State Warriors,0022400467,2025-01-02T00:00:00,GSW vs. PHI,W,26.075,8.3,15.2,0.545,1.4,5.5,0.25,2.8,2.8,1.0,1.4,8.3,9.7,5.5,1.4,0.0,1.4,1.4,2.8,2.8,20.7,27.6,43.4,0,0,40.0,1,1,13086,1,11108,6015,8279,7695,12520,11909,11902,8435,10586,1,10836,4305,5850,6384,13402,12854,5312,5263,11795,10103,7309,2324,5961,2246,150,6758,1,26:05
2024-25,201569,Eric Gordon,Eric,1610612755,PHI,Philadelphia 76ers,0022400467,2025-01-02T00:00:00,PHI @ GSW,L,14.3,2.5,5.0,0.5,2.5,5.0,0.5,0.0,0.0,0.0,0.0,2.5,2.5,0.0,0.0,0.0,0.0,0.0,2.5,0.0,7.6,-25.2,10.6,0,0,12.6,1,13222,1,13222,20016,20431,23439,8526,8082,13116,3944,13505,14344,13505,14058,18146,20773,19908,16469,12854,8263,8846,12719,17725,20277,22845,24326,2246,150,23845,1,14:18
2024-25,1629661,Cameron Johnson,Cameron,1610612751,BKN,Brooklyn Nets,0022400465,2025-01-02T00:00:00,BKN @ MIL,W,38.67333333333333,9.3,14.9,0.625,5.6,11.2,0.5,0.0,0.0,0.0,1.9,2.8,4.7,0.0,4.7,0.0,0.0,0.0,0.9,0.0,24.2,-1.9,25.1,0,0,34.4,1,1,13086,1,1023,4190,8767,4899,1674,2360,3944,13505,14344,13505,8985,17424,15691,19908,2778,12854,8263,8846,20067,17725,4677,13957,18191,2246,150,10494,1,38:40
2024-25,1631213,Tyrese Martin,Tyrese,1610612751,BKN,Brooklyn Nets,0022400465,2025-01-02T00:00:00,BKN @ MIL,W,14.91,0.0,4.8,0.0,0.0,2.4,0.0,0.0,0.0,0.0,0.0,0.0,0.0,7.2,0.0,2.4,0.0,0.0,2.4,2.4,0.0,38.6,18.1,0,0,12.1,1,1,13086,1,19632,22635,23583,22635,15070,18777,15070,13505,14344,13505,14058,22137,23286,3694,16469,4651,8263,8846,13133,11293,23200,1072,22049,2246,150,23957,1,14:55
2024-25,1629060,Rui Hachimura,Rui,1610612747,LAL,Los Angeles Lakers,0022400468,2025-01-02T00:00:00,LAL vs. POR,W,23.4,3.1,9.2,0.333,0.0,6.2,0.0,3.1,3.1,1.0,1.5,4.6,6.2,4.6,3.1,0.0,0.0,0.0,1.5,1.5,9.2,-4.6,20.5,0,0,20.0,1,1,13086,1,13381,19257,18356,17395,15070,10307,15070,7602,9777,1,10163,11943,11931,8374,6197,12854,8263,8846,17089,14841,18873,15375,20964,2246,150,20849,1,23:24
2024-25,1641796,Pelle Larsson,Pelle,1610612748,MIA,Miami Heat,0022400463,2025-01-02T00:00:00,MIA vs. IND,L,2.033333333333333,0.0,0.0,0.0,0.0,0.0,0.0,0.0,0.0,0.0,0.0,0.0,0.0,0.0,0.0,0.0,0.0,0.0,0.0,0.0,0.0,70.8,0.0,0,0,0.0,1,13222,1,13222,25436,22635,24836,22635,15070,20945,15070,13505,14344,13505,14058,22137,23286,19908,16469,12854,8263,8846,20257,17725,23200,234,25228,2246,150,25259,1,2:02
2024-25,1627884,Derrick Jones Jr.,Derrick,1610612746,LAC,LA Clippers,0022400466,2025-01-02T00:00:00,LAC @ OKC,L,23.456666666666667,4.6,10.7,0.429,0.0,3.1,0.0,0.0,0.0,0.0,4.6,4.6,9.2,1.5,1.5,0.0,0.0,0.0,3.1,0.0,9.2,-32.2,21.0,0,0,20.0,1,13222,1,13222,13345,15484,15811,13735,15070,17513,15070,13505,14344,13505,2797,11974,6435,17857,12597,12854,8263,8846,10392,17725,18897,24058,20674,2246,150,20890,1,23:27
2024-25,1629599,Amir Coffey,Amir,1610612746,LAC,LA Clippers,0022400466,2025-01-02T00:00:00,LAC @ OKC,L,35.3,10.2,14.3,0.714,6.1,8.2,0.75,0.0,0.0,0.0,1.0,2.0,3.1,2.0,4.1,1.0,0.0,0.0,1.0,0.0,26.5,-10.2,32.2,0,0,39.8,1,13222,1,13222,3234,3015,9727,2752,1216,6156,1542,13505,14344,13505,13093,19529,19564,16221,3715,11762,8263,8846,19578,17725,3424,17975,13149,2246,150,6906,1,35:18
2024-25,1627826,Ivica Zubac,Ivica,1610612746,LAC,LA Clippers,0022400466,2025-01-02T00:00:00,LAC @ OKC,L,23.083333333333332,7.8,14.0,0.556,0.0,0.0,0.0,1.6,4.7,0.333,1.6,12.5,14.0,3.1,3.1,0.0,0.0,1.6,1.6,6.2,17.2,-35.9,35.6,0,0,34.3,1,13222,1,13222,13647,7065,10118,7248,15070,20945,15070,11670,6522,13132,10081,1164,2215,12563,6066,12854,8263,4556,17003,2346,10674,24509,10690,2246,150,10601,1,23:05
2024-25,1641757,Jordan Miller,Jordan,1610612746,LAC,LA Clippers,0022400466,2025-01-02T00:00:00,LAC @ OKC,L,23.093333333333334,6.2,12.5,0.5,1.6,7.8,0.2,1.6,3.1,0.5,1.6,4.7,6.2,7.8,1.6,4.7,0.0,0.0,1.6,1.6,15.6,1.6,47.2,0,0,40.5,1,13222,1,13222,13645,10874,12775,8526,11834,6807,13429,11673,9678,10625,10085,11779,11742,3087,12514,1104,8263,8846,17007,14762,12338,11847,4234,2246,150,6482,1,23:06
2024-25,1630169,Tyrese Haliburton,Tyrese,1610612754,IND,Indiana Pacers,0022400463,2025-01-02T00:00:00,IND @ MIA,W,34.67333333333333,13.5,21.8,0.619,6.2,13.5,0.462,1.0,3.1,0.333,1.0,4.2,5.2,15.6,0.0,2.1,1.0,0.0,1.0,3.1,34.3,27.0,73.2,1,0,67.5,1,1,13086,1,3719,852,1901,5227,1146,1099,7119,13119,9682,13132,12957,13262,14301,245,16469,5889,7206,8846,19482,8835,1080,2430,338,1,150,386,1,34:40
2024-25,2544,LeBron James,LeBron,1610612747,LAL,Los Angeles Lakers,0022400468,2025-01-02T00:00:00,LAL vs. POR,W,36.195,14.9,24.9,0.6,7.0,9.9,0.7,1.0,2.0,0.5,1.0,2.0,3.0,8.0,4.0,0.0,0.0,0.0,1.0,5.0,37.8,4.0,49.3,0,0,55.7,1,1,13086,1,2541,505,856,5394,777,3555,1937,13252,12763,10625,13307,19698,19784,2934,3922,12854,8263,8846,19740,4172,622,10662,3492,2246,150,1364,1,36:12
2024-25,1642276,Kel'el Ware,Kel'el,1610612748,MIA,Miami Heat,0022400463,2025-01-02T00:00:00,MIA vs. IND,L,21.448333333333334,15.1,18.5,0.818,5.0,6.7,0.75,6.7,8.4,0.8,0.0,0.0,0.0,1.7,1.7,1.7,5.0,0.0,3.4,5.0,42.0,6.7,62.9,0,0,62.1,1,13222,1,13222,14966,473,4245,1653,2227,9083,1542,2228,2264,7681,14058,22137,23286,17425,12012,7688,505,8846,9229,4047,354,9284,883,2246,150,633,1,21:27
2024-25,1642352,Keshad Johnson,Keshad,1610612748,MIA,Miami Heat,0022400463,2025-01-02T00:00:00,MIA vs. IND,L,12.0,6.0,6.0,1.0,3.0,3.0,1.0,0.0,0.0,0.0,0.0,18.0,18.0,3.0,3.0,0.0,9.0,0.0,3.0,0.0,15.0,33.0,65.1,0,0,57.0,1,13222,1,13222,21228,11500,22595,1,6500,17643,1,13505,14344,13505,14058,255,898,12925,6468,12854,97,8846,10710,17725,12895,1627,690,2246,150,1158,1,12:00
2024-25,1630560,Cam Thomas,Cam,1610612751,BKN,Brooklyn Nets,0022400465,2025-01-02T00:00:00,BKN @ MIL,W,21.865,13.2,36.2,0.364,3.3,18.1,0.182,9.9,9.9,1.0,4.9,6.6,11.5,3.3,1.6,3.3,0.0,1.6,1.6,8.2,39.5,-1.6,66.5,0,0,64.2,1,1,13086,1,14611,960,118,16861,5687,325,14207,733,1419,1,2431,7129,3921,12004,12159,2574,8263,4310,16727,915,478,13853,603,2246,150,511,1,21:52
2024-25,203937,Kyle Anderson,Kyle,1610612744,GSW,Golden State Warriors,0022400467,2025-01-02T00:00:00,GSW vs. PHI,W,7.516666666666667,14.4,14.4,1.0,0.0,0.0,0.0,9.6,14.4,0.667,0.0,4.8,4.8,0.0,4.8,0.0,0.0,0.0,0.0,9.6,38.3,4.8,39.3,0,0,43.1,1,1,13086,1,22990,607,9578,1,15070,20945,15070,812,404,9425,14058,11462,15322,19908,2596,12854,8263,8846,20257,500,579,10223,8210,2246,150,5085,1,7:31
2024-25,1628983,Shai Gilgeous-Alexander,Shai,1610612760,OKC,Oklahoma City Thunder,0022400466,2025-01-02T00:00:00,OKC vs. LAC,W,30.116666666666667,10.8,20.3,0.529,2.4,6.0,0.4,10.8,10.8,1.0,0.0,3.6,3.6,9.6,1.2,2.4,0.0,0.0,1.2,6.0,34.7,22.7,59.3,0,0,55.0,1,1,13086,1,7664,2443,2750,8281,8518,10751,7874,524,1097,1,14058,14966,18352,1668,14476,4726,8263,8846,18559,2653,1012,3319,1283,2246,150,1460,1,30:07
2024-25,1641716,Jarace Walker,Jarace,1610612754,IND,Indiana Pacers,0022400463,2025-01-02T00:00:00,IND @ MIA,W,13.326666666666666,8.1,16.2,0.5,8.1,8.1,1.0,8.1,10.8,0.75,0.0,2.7,2.7,2.7,0.0,2.7,0.0,0.0,5.4,5.4,32.4,-35.1,47.8,0,0,51.3,1,1,13086,1,20584,6405,6825,8526,433,6280,1,1360,1084,8186,14058,17698,20447,13905,16469,3908,8263,8846,3848,3478,1433,24420,4041,2246,150,2197,1,13:20
2024-25,1628369,Jayson Tatum,Jayson,1610612738,BOS,Boston Celtics,0022400464,2025-01-02T00:00:00,BOS @ MIN,W,38.15,12.3,25.5,0.481,5.7,16.0,0.353,0.9,1.9,0.5,0.0,7.5,7.5,8.5,1.9,2.8,0.0,0.9,1.9,2.8,31.1,2.8,59.5,0,0,58.5,1,1,13086,1,1295,1372,726,11953,1599,522,9205,13388,13014,10625,14058,5405,9071,2425,11116,3596,8263,8389,15757,9857,1744,11206,1248,2246,150,963,1,38:09
2024-25,201939,Stephen Curry,Stephen,1610612744,GSW,Golden State Warriors,0022400467,2025-01-02T00:00:00,GSW vs. PHI,W,29.816666666666666,13.3,18.1,0.733,9.7,9.7,1.0,0.0,0.0,0.0,1.2,6.0,7.2,12.1,2.4,1.2,0.0,0.0,1.2,2.4,36.2,38.6,64.2,1,0,67.6,1,1,13086,1,7950,909,4547,2644,238,3900,1,13505,14344,13505,11744,8253,9665,702,8592,10115,8263,8846,18494,11287,791,1071,761,1,150,384,1,29:49
2024-25,1628392,Isaiah Hartenstein,Isaiah,1610612760,OKC,Oklahoma City Thunder,0022400466,2025-01-02T00:00:00,OKC vs. LAC,W,23.483333333333334,7.7,13.8,0.556,0.0,1.5,0.0,1.5,1.5,1.0,0.0,13.8,13.8,9.2,3.1,1.5,3.1,0.0,6.1,1.5,16.9,35.3,57.9,0,0,49.1,1,1,13086,1,13320,7340,10492,7248,15070,20242,15070,11726,13454,1,14058,804,2335,1866,6240,8266,1612,8846,2786,14862,10997,1367,1477,2246,150,2821,1,23:29
2024-25,1628964,Mo Bamba,Mo,1610612746,LAC,LA Clippers,0022400466,2025-01-02T00:00:00,LAC @ OKC,L,15.863333333333333,11.3,13.6,0.833,4.5,6.8,0.667,0.0,0.0,0.0,2.3,15.9,18.2,0.0,4.5,0.0,0.0,0.0,2.3,0.0,27.2,-6.8,44.5,0,0,49.9,1,13222,1,13222,19025,1973,10802,1514,2998,8888,1957,13505,14344,13505,7352,441,863,19908,2939,12854,8263,8846,13782,17725,3094,16423,5430,2246,150,2554,1,15:52
2024-25,203507,Giannis Antetokounmpo,Giannis,1610612749,MIL,Milwaukee Bucks,0022400465,2025-01-02T00:00:00,MIL vs. BKN,L,37.1,11.6,23.3,0.5,0.0,0.0,0.0,2.9,9.7,0.3,2.9,9.7,12.6,6.8,2.9,1.0,2.9,1.0,3.9,7.8,26.2,11.6,60.3,1,0,53.4,1,13222,1,13222,1922,1766,1281,8526,15070,20945,15070,8056,1503,13347,5562,2815,3056,4301,6792,12207,1806,8181,7505,1155,3583,6953,1164,1,150,1728,1,37:06
2024-25,1626172,Kevon Looney,Kevon,1610612744,GSW,Golden State Warriors,0022400467,2025-01-02T00:00:00,GSW vs. PHI,W,7.516666666666667,14.4,14.4,1.0,0.0,0.0,0.0,0.0,4.8,0.0,0.0,9.6,9.6,4.8,4.8,4.8,4.8,0.0,0.0,4.8,28.7,4.8,71.4,0,0,62.3,1,1,13086,1,22990,607,9578,1,15070,20945,15070,13505,6319,13505,14058,2939,5950,7944,2596,1029,575,8846,20257,4521,2510,10223,391,2246,150,626,1,7:31
2024-25,203110,Draymond Green,Draymond,1610612744,GSW,Golden State Warriors,0022400467,2025-01-02T00:00:00,GSW vs. PHI,W,30.583333333333332,7.1,11.8,0.6,1.2,5.9,0.2,2.4,2.4,1.0,0.0,7.1,7.1,8.2,3.5,0.0,3.5,0.0,3.5,3.5,17.7,35.3,45.6,0,0,41.2,1,1,13086,1,7243,8779,13996,5394,13489,10983,13429,9436,11608,1,14058,6250,10030,2662,4949,12854,1202,8846,8658,7581,10157,1361,4917,2246,150,6079,1,30:35
2024-25,1630539,Kai Jones,Kai,1610612746,LAC,LA Clippers,0022400466,2025-01-02T00:00:00,LAC @ OKC,L,7.183333333333334,15.0,15.0,1.0,0.0,0.0,0.0,0.0,0.0,0.0,5.0,10.0,15.0,5.0,5.0,0.0,0.0,0.0,5.0,0.0,30.1,50.1,50.6,0,0,50.1,1,13222,1,13222,23100,490,8554,1,15070,20945,15070,13505,14344,13505,2373,2564,1757,7445,2325,12854,8263,8846,4577,17725,2060,545,3092,2246,150,2501,1,7:11
2024-25,1631132,Christian Koloko,Christian,1610612747,LAL,Los Angeles Lakers,0022400468,2025-01-02T00:00:00,LAL vs. POR,W,18.5,7.8,15.6,0.5,0.0,0.0,0.0,0.0,0.0,0.0,11.7,3.9,15.6,5.8,0.0,1.9,0.0,1.9,3.9,1.9,15.6,15.6,48.8,0,0,40.9,1,1,13086,1,17195,7097,7732,8526,15070,20945,15070,13505,14344,13505,263,14045,1558,5776,16469,6528,8263,3399,7467,13335,12357,5400,3679,2246,150,6288,1,18:30
2024-25,1631108,Max Christie,Max,1610612747,LAL,Los Angeles Lakers,0022400468,2025-01-02T00:00:00,LAL vs. POR,W,31.583333333333332,10.3,18.2,0.563,5.7,10.3,0.556,5.7,5.7,1.0,0.0,3.4,3.4,2.3,0.0,2.3,1.1,1.1,0.0,3.4,31.9,9.1,49.7,0,0,50.2,1,1,13086,1,6350,2956,4421,7127,1559,3201,3747,3183,4886,1,14058,15466,18741,15301,16469,5105,6540,6713,20257,7896,1549,8124,3360,2246,150,2491,1,31:35
2024-25,203954,Joel Embiid,Joel,1610612755,PHI,Philadelphia 76ers,0022400467,2025-01-02T00:00:00,PHI @ GSW,L,30.966666666666665,9.3,22.1,0.421,1.2,3.5,0.333,12.8,16.3,0.786,3.5,12.8,16.3,2.3,2.3,1.2,2.3,3.5,2.3,9.3,32.6,-29.1,63.7,1,0,59.3,1,13222,1,13222,6903,4201,1780,14442,13579,16678,9209,276,257,8082,4395,1082,1331,15138,8964,10485,2692,924,13542,572,1405,23597,820,1,150,890,1,30:58
2024-25,1631114,Jalen Williams,Jalen,1610612760,OKC,Oklahoma City Thunder,0022400466,2025-01-02T00:00:00,OKC vs. LAC,W,29.6,9.7,17.0,0.571,1.2,3.6,0.333,1.2,2.4,0.5,0.0,3.6,3.6,4.9,2.4,2.4,1.2,0.0,0.0,1.2,21.9,40.1,42.1,0,0,38.9,1,1,13086,1,8140,3561,5773,6538,13278,16327,9209,12539,11378,10625,14058,14791,18208,7765,8516,4580,6073,8846,20257,16318,6294,972,6574,2246,150,7432,1,29:36
2024-25,1631107,Nikola Jović,Nikola,1610612748,MIA,Miami Heat,0022400463,2025-01-02T00:00:00,MIA vs. IND,L,25.1,4.3,10.0,0.429,0.0,2.9,0.0,2.9,2.9,1.0,0.0,2.9,2.9,7.2,1.4,1.4,0.0,0.0,1.4,1.4,11.5,-15.8,28.5,0,0,24.4,1,13222,1,13222,11916,16315,16981,13735,15070,17918,15070,8172,10312,1,14058,17182,20067,3805,13082,8731,8263,8846,17495,15306,16705,20188,15847,2246,150,18091,1,25:06
2024-25,1630625,Dalano Banton,Dalano,1610612757,POR,Portland Trail Blazers,0022400468,2025-01-02T00:00:00,POR @ LAL,L,4.816666666666666,7.5,29.9,0.25,0.0,0.0,0.0,0.0,0.0,0.0,0.0,7.5,7.5,0.0,7.5,0.0,0.0,0.0,0.0,0.0,14.9,-14.9,16.4,0,0,22.4,1,13222,1,13222,24081,7821,279,20233,15070,20945,15070,13505,14344,13505,14058,5544,9218,19908,718,12854,8263,8846,20257,17725,12955,19884,22689,2246,150,19410,1,4:49
2024-25,1626156,D'Angelo Russell,D'Angelo,1610612751,BKN,Brooklyn Nets,0022400465,2025-01-02T00:00:00,BKN @ MIL,W,27.883333333333333,3.9,14.2,0.273,0.0,5.2,0.0,6.5,6.5,1.0,0.0,3.9,3.9,15.5,1.3,2.6,0.0,1.3,2.6,3.9,14.2,1.3,48.5,1,0,38.7,1,1,13086,1,9638,17399,9833,20048,15070,12789,15070,2445,3932,1,14058,14115,17647,252,13851,4175,8263,5697,12488,6645,13724,11957,3788,1,150,7568,1,27:53
2024-25,202704,Reggie Jackson,Reggie,1610612755,PHI,Philadelphia 76ers,0022400467,2025-01-02T00:00:00,PHI @ GSW,L,7.491666666666666,4.8,14.4,0.333,0.0,9.6,0.0,0.0,0.0,0.0,0.0,4.8,4.8,4.8,4.8,4.8,0.0,0.0,0.0,0.0,9.6,-24.0,32.2,0,0,28.8,1,13222,1,13222,23004,14926,9490,17395,15070,3965,15070,13505,14344,13505,14058,11418,15284,7907,2573,1018,8263,8846,20257,17725,18535,22583,13177,2246,150,14835,1,7:30
2024-25,1628997,Caleb Martin,Caleb,1610612755,PHI,Philadelphia 76ers,0022400467,2025-01-02T00:00:00,PHI @ GSW,L,21.7,1.7,8.3,0.2,0.0,3.3,0.0,0.0,0.0,0.0,0.0,0.0,0.0,3.3,1.7,3.3,0.0,1.7,1.7,0.0,3.3,-31.5,16.6,0,0,13.3,1,13222,1,13222,14753,21954,19802,21401,15070,17030,15070,13505,14344,13505,14058,22137,23286,11921,12097,2532,8263,4258,16671,17725,22844,23970,22623,2246,150,23627,1,21:42
2024-25,1630322,Lindy Waters III,Lindy,1610612744,GSW,Golden State Warriors,0022400467,2025-01-02T00:00:00,GSW vs. PHI,W,15.666666666666666,9.2,16.1,0.571,4.6,9.2,0.5,0.0,0.0,0.0,0.0,4.6,4.6,2.3,0.0,0.0,2.3,2.3,4.6,0.0,23.0,-4.6,38.8,0,0,39.1,1,1,13086,1,19151,4369,6995,6538,2899,4544,3944,13505,14344,13505,14058,11992,15818,15238,16469,12854,2750,2429,5548,17725,5491,15364,8520,2246,150,7340,1,15:40
2024-25,1629028,Deandre Ayton,Deandre,1610612757,POR,Portland Trail Blazers,0022400468,2025-01-02T00:00:00,POR @ LAL,L,20.983333333333334,5.1,6.9,0.75,0.0,1.7,0.0,0.0,0.0,0.0,1.7,8.6,10.3,1.7,5.1,0.0,0.0,0.0,1.7,0.0,10.3,-24.0,20.1,0,0,22.3,1,13222,1,13222,15304,13961,21722,2107,15070,20028,15070,13505,14344,13505,9518,3963,5123,17323,2173,12854,8263,8846,16480,17725,17865,22582,21131,2246,150,19488,1,20:59
2024-25,1631218,Trayce Jackson-Davis,Trayce,1610612744,GSW,Golden State Warriors,0022400467,2025-01-02T00:00:00,GSW vs. PHI,W,20.983333333333334,1.7,8.6,0.2,0.0,0.0,0.0,1.7,3.4,0.5,1.7,6.9,8.6,5.1,1.7,0.0,1.7,1.7,5.1,3.4,5.1,24.0,26.6,0,0,22.3,1,1,13086,1,15304,21881,19387,21401,15070,20945,15070,11389,9025,10625,9518,6603,7351,7141,11860,12854,4257,4104,4288,7865,21937,3015,17220,2246,150,19488,1,20:59
2024-25,200768,Kyle Lowry,Kyle,1610612755,PHI,Philadelphia 76ers,0022400467,2025-01-02T00:00:00,PHI @ GSW,L,9.6,0.0,7.5,0.0,0.0,3.8,0.0,7.5,7.5,1.0,0.0,0.0,0.0,0.0,0.0,3.8,0.0,3.8,7.5,3.8,7.5,-52.5,18.8,0,0,15.0,1,13222,1,13222,22243,22635,20924,22635,15070,16098,15070,1664,2908,1,14058,22137,23286,19908,16469,1911,8263,768,1643,6987,20319,25485,21778,2246,150,23059,1,9:36
2024-25,1631157,Ryan Rollins,Ryan,1610612749,MIL,Milwaukee Bucks,0022400465,2025-01-02T00:00:00,MIL vs. BKN,L,18.698333333333334,3.9,7.7,0.5,0.0,3.9,0.0,0.0,0.0,0.0,1.9,1.9,3.9,1.9,0.0,0.0,0.0,0.0,7.7,1.9,7.7,-23.1,15.2,0,0,13.5,1,13222,1,13222,17042,17447,20649,8526,15070,15897,15070,13505,14344,13505,8726,19903,17706,16660,16469,12854,8263,8846,1510,13426,20160,22356,23117,2246,150,23560,1,18:42
2024-25,1627739,Kris Dunn,Kris,1610612746,LAC,LA Clippers,0022400466,2025-01-02T00:00:00,LAC @ OKC,L,27.64666666666667,3.9,9.1,0.429,2.6,3.9,0.667,0.0,0.0,0.0,0.0,2.6,2.6,6.5,1.3,0.0,0.0,0.0,2.6,1.3,10.4,-33.9,22.0,0,0,22.1,1,13222,1,13222,9839,17303,18531,13735,7813,15770,1957,13505,14344,13505,14058,17939,20632,4696,13788,12854,8263,8846,12414,15897,17737,24284,20144,2246,150,19596,1,27:39
2024-25,1630559,Austin Reaves,Austin,1610612747,LAL,Los Angeles Lakers,0022400468,2025-01-02T00:00:00,LAL vs. POR,W,36.43333333333333,4.9,14.8,0.333,2.0,8.9,0.222,3.0,3.0,1.0,2.0,5.9,7.9,10.9,3.0,2.0,0.0,0.0,3.0,2.0,14.8,9.9,43.6,1,0,39.5,1,1,13086,1,2379,14577,8861,17395,10262,4974,13288,7912,10057,1,8494,8486,8449,1044,6605,6357,8263,8846,10882,13176,13093,7746,5862,1,150,7057,1,36:26
2024-25,1630549,Day'Ron Sharpe,Day'Ron,1610612751,BKN,Brooklyn Nets,0022400465,2025-01-02T00:00:00,BKN @ MIL,W,19.883333333333333,1.8,5.4,0.333,0.0,1.8,0.0,7.2,7.2,1.0,3.6,7.2,10.9,7.2,3.6,0.0,0.0,1.8,7.2,5.4,10.9,30.8,31.1,0,0,29.0,1,1,13086,1,16109,21738,23141,17395,15070,19901,15070,1835,3137,1,4173,5924,4538,3698,4732,12854,8263,3867,1807,3429,17304,1863,13956,2246,150,14733,1,19:53
2024-25,1630592,Jalen Wilson,Jalen,1610612751,BKN,Brooklyn Nets,0022400465,2025-01-02T00:00:00,BKN @ MIL,W,36.983333333333334,5.8,12.7,0.462,1.0,3.9,0.25,0.0,0.0,0.0,1.9,1.9,3.9,1.0,1.9,1.9,0.0,1.0,2.9,0.0,12.7,-20.4,22.7,0,0,22.4,1,1,13086,1,1997,11987,12476,12428,14689,15809,11902,13505,14344,13505,8635,19835,17584,19756,10808,6524,8263,8157,11091,17725,15440,21689,19761,2246,150,19431,1,36:59
2024-25,1642261,Dalton Knecht,Dalton,1610612747,LAL,Los Angeles Lakers,0022400468,2025-01-02T00:00:00,LAL vs. POR,W,16.921666666666667,4.3,12.8,0.333,0.0,6.4,0.0,4.3,4.3,1.0,2.1,0.0,2.1,0.0,2.1,0.0,0.0,0.0,8.5,2.1,12.8,-6.4,13.2,0,0,14.9,1,1,13086,1,18303,16451,12277,17395,15070,9795,15070,5247,7305,1,7861,22137,21557,19908,9864,12854,8263,8846,1133,12495,15324,16241,23720,2246,150,23098,1,16:55
2024-25,1630311,Pat Spencer,Pat,1610612744,GSW,Golden State Warriors,0022400467,2025-01-02T00:00:00,GSW vs. PHI,W,7.516666666666667,0.0,4.8,0.0,0.0,0.0,0.0,0.0,0.0,0.0,0.0,9.6,9.6,9.6,0.0,0.0,0.0,4.8,0.0,0.0,0.0,4.8,25.9,0,0,19.2,1,1,13086,1,22990,22635,23612,22635,15070,20945,15070,13505,14344,13505,14058,2939,5950,1657,16469,12854,8263,411,20257,17725,23200,10223,17703,2246,150,21307,1,7:31
2024-25,1629312,Haywood Highsmith,Haywood,1610612748,MIA,Miami Heat,0022400463,2025-01-02T00:00:00,MIA vs. IND,L,18.083333333333332,6.0,8.0,0.75,0.0,2.0,0.0,0.0,0.0,0.0,2.0,6.0,8.0,4.0,2.0,0.0,0.0,0.0,6.0,0.0,11.9,-29.9,25.5,0,0,23.9,1,13222,1,13222,17512,11600,20324,2107,15070,19574,15070,13505,14344,13505,8430,8401,8335,9977,10560,12854,8263,8846,2991,17725,16202,23710,17947,2246,150,18406,1,18:05
2024-25,1629629,Cam Reddish,Cam,1610612747,LAL,Los Angeles Lakers,0022400468,2025-01-02T00:00:00,LAL vs. POR,W,18.8,1.9,5.7,0.333,0.0,1.9,0.0,0.0,0.0,0.0,0.0,5.7,5.7,1.9,0.0,1.9,1.9,0.0,0.0,0.0,3.8,-3.8,25.1,0,0,19.1,1,1,13086,1,16965,21558,22866,17395,15070,19710,15070,13505,14344,13505,14058,8934,12915,16700,16469,6688,3722,8846,20257,17725,22640,14966,18227,2246,150,21315,1,18:48
2024-25,1630611,Gui Santos,Gui,1610612744,GSW,Golden State Warriors,0022400467,2025-01-02T00:00:00,GSW vs. PHI,W,7.516666666666667,4.8,9.6,0.5,0.0,4.8,0.0,0.0,0.0,0.0,0.0,0.0,0.0,4.8,0.0,0.0,4.8,0.0,0.0,0.0,9.6,4.8,31.1,0,0,23.9,1,1,13086,1,22990,14976,17811,8526,15070,13731,15070,13505,14344,13505,14058,22137,23286,7944,16469,12854,575,8846,20257,17725,18560,10223,13968,2246,150,18367,1,7:31
2024-25,1641794,Dillon Jones,Dillon,1610612760,OKC,Oklahoma City Thunder,0022400466,2025-01-02T00:00:00,OKC vs. LAC,W,5.783333333333333,0.0,0.0,0.0,0.0,0.0,0.0,0.0,12.4,0.0,0.0,6.2,6.2,0.0,6.2,0.0,0.0,0.0,0.0,6.2,0.0,-24.9,1.2,0,0,6.2,1,1,13086,1,23675,22635,24836,22635,15070,20945,15070,13505,671,13505,14058,7836,11763,19908,1259,12854,8263,8846,20257,2354,23200,22788,25195,2246,150,24981,1,5:47
2024-25,1627827,Dorian Finney-Smith,Dorian,1610612747,LAL,Los Angeles Lakers,0022400468,2025-01-02T00:00:00,LAL vs. POR,W,24.0,1.5,9.0,0.167,1.5,6.0,0.25,0.0,0.0,0.0,3.0,3.0,6.0,3.0,1.5,1.5,0.0,1.5,4.5,0.0,4.5,16.5,19.2,0,0,18.0,1,1,13086,1,12899,22162,18708,21938,12029,10684,11902,13505,14344,13505,5329,16717,12271,12925,12741,8407,8263,4776,5775,17725,22291,5070,21545,2246,150,21859,1,24:00
2024-25,201143,Al Horford,Al,1610612738,BOS,Boston Celtics,0022400464,2025-01-02T00:00:00,BOS @ MIN,W,34.81666666666667,4.1,8.3,0.5,1.0,5.2,0.2,0.0,0.0,0.0,3.1,2.1,5.2,4.1,0.0,0.0,2.1,0.0,2.1,0.0,9.3,-2.1,27.9,0,0,23.8,1,1,13086,1,3597,16756,19840,8526,14343,12772,13429,13505,14344,13505,5131,19457,14346,9561,16469,12854,3296,8846,14763,17725,18808,14084,16286,2246,150,18478,1,34:49
2024-25,1630533,Ziaire Williams,Ziaire,1610612751,BKN,Brooklyn Nets,0022400465,2025-01-02T00:00:00,BKN @ MIL,W,18.518333333333334,3.9,9.7,0.4,3.9,7.8,0.5,3.9,3.9,1.0,3.9,7.8,11.7,1.9,1.9,0.0,1.9,1.9,3.9,3.9,15.6,23.3,36.4,0,0,36.9,1,1,13086,1,17178,17359,17538,14933,4225,6846,3944,5901,8061,1,3750,5041,3792,16589,10833,12854,3646,3410,7486,6607,12374,3187,10115,2246,150,8772,1,18:31
2024-25,203114,Khris Middleton,Khris,1610612749,MIL,Milwaukee Bucks,0022400465,2025-01-02T00:00:00,MIL vs. BKN,L,24.035,9.0,16.5,0.545,0.0,4.5,0.0,0.0,0.0,0.0,0.0,4.5,4.5,3.0,0.0,1.5,0.0,0.0,0.0,1.5,18.0,-27.0,32.4,0,0,28.5,1,13222,1,13222,12867,4738,6459,7695,15070,14447,15070,13505,14344,13505,14058,12279,16069,12950,16469,8421,8263,8846,20257,15012,9876,23235,13046,2246,150,15105,1,24:02
2024-25,1630183,Jaden McDaniels,Jaden,1610612750,MIN,Minnesota Timberwolves,0022400464,2025-01-02T00:00:00,MIN vs. BOS,L,35.44,6.1,12.2,0.5,4.1,8.1,0.5,3.0,3.0,1.0,2.0,6.1,8.1,2.0,3.0,0.0,0.0,0.0,1.0,2.0,19.3,-6.1,29.1,0,0,33.5,1,13222,1,13222,3124,11240,13282,8526,3864,6229,3944,7678,9856,1,8251,8112,8047,16261,6291,12854,8263,8846,19603,12921,8551,16105,15451,2246,150,11225,1,35:26
2024-25,1629614,Andrew Nembhard,Andrew,1610612754,IND,Indiana Pacers,0022400463,2025-01-02T00:00:00,IND @ MIA,W,29.116666666666667,3.7,8.7,0.429,0.0,2.5,0.0,0.0,0.0,0.0,3.7,3.7,7.4,7.4,0.0,1.2,0.0,0.0,1.2,2.5,7.4,12.4,31.2,0,0,24.7,1,1,13086,1,8571,17809,19267,13735,15070,18677,15070,13505,14344,13505,4024,14602,9333,3495,16469,9896,8263,8846,18345,11087,20391,6650,13938,2246,150,17873,1,29:07
2024-25,1642349,Ajay Mitchell,Ajay,1610612760,OKC,Oklahoma City Thunder,0022400466,2025-01-02T00:00:00,OKC vs. LAC,W,24.6,4.4,8.8,0.5,1.5,4.4,0.333,5.9,5.9,1.0,1.5,1.5,2.9,4.4,2.9,0.0,0.0,0.0,1.5,4.4,16.1,-11.7,23.3,0,0,24.9,1,1,13086,1,12377,16098,19061,8526,12193,14709,9209,3017,4677,1,10468,20955,19919,8917,6734,12854,8263,8846,17378,5380,11820,18623,19395,2246,150,17774,1,24:36
2024-25,1631200,Kris Murray,Kris,1610612757,POR,Portland Trail Blazers,0022400468,2025-01-02T00:00:00,POR @ LAL,L,16.416666666666668,2.2,6.6,0.333,0.0,4.4,0.0,2.2,4.4,0.5,4.4,6.6,11.0,2.2,2.2,2.2,2.2,0.0,4.4,2.2,6.6,-21.9,34.0,0,0,28.5,1,13222,1,13222,18646,21054,22031,17395,15070,14718,15070,9978,7056,10625,3069,7147,4441,15651,9534,5422,2960,8846,6050,12190,21004,22053,11824,2246,150,15065,1,16:25
2024-25,1627752,Taurean Prince,Taurean,1610612749,MIL,Milwaukee Bucks,0022400465,2025-01-02T00:00:00,MIL vs. BKN,L,18.266666666666666,5.9,11.8,0.5,3.9,9.9,0.4,0.0,0.0,0.0,3.9,2.0,5.9,3.9,2.0,2.0,0.0,0.0,3.9,0.0,15.8,-7.9,32.7,0,0,33.5,1,13222,1,13222,17395,11770,13900,8526,4110,3660,7874,13505,14344,13505,3667,19752,12495,10100,10657,6388,8263,8846,7305,17725,12153,16917,12790,2246,150,11236,1,18:16
2024-25,1630553,Keon Johnson,Keon,1610612751,BKN,Brooklyn Nets,0022400465,2025-01-02T00:00:00,BKN @ MIL,W,28.016666666666666,3.9,9.0,0.429,1.3,2.6,0.5,2.6,3.9,0.667,2.6,9.0,11.6,1.3,2.6,0.0,1.3,1.3,5.1,2.6,11.6,-7.7,28.7,0,0,28.3,1,1,13086,1,9535,17435,18735,13735,12913,18500,3944,8879,8125,9425,6429,3529,3882,18709,7985,12854,5714,5728,4298,10730,16605,16834,15760,2246,150,15233,1,28:01
2024-25,1630202,Payton Pritchard,Payton,1610612738,BOS,Boston Celtics,0022400464,2025-01-02T00:00:00,BOS @ MIN,W,24.7,4.4,11.7,0.375,2.9,8.7,0.333,1.5,2.9,0.5,1.5,1.5,2.9,5.8,0.0,1.5,0.0,0.0,1.5,1.5,13.1,7.3,29.7,0,0,27.7,1,1,13086,1,12272,16141,14197,16299,6814,5187,9209,11888,10192,10625,10505,20972,19952,5794,16469,8592,8263,8846,17411,15200,14964,8993,14999,2246,150,15637,1,24:42
2024-25,1628418,Thomas Bryant,Thomas,1610612754,IND,Indiana Pacers,0022400463,2025-01-02T00:00:00,IND @ MIA,W,7.116666666666666,5.1,15.2,0.333,5.1,15.2,0.333,0.0,0.0,0.0,0.0,0.0,0.0,5.1,0.0,0.0,0.0,0.0,5.1,0.0,15.2,5.1,22.8,0,0,25.3,1,1,13086,1,23127,14209,8296,17395,2201,656,9209,13505,14344,13505,14058,22137,23286,7335,16469,12854,8263,8846,4475,17725,12735,10077,19712,2246,150,17441,1,7:07
2024-25,204456,T.J. McConnell,T.J.,1610612754,IND,Indiana Pacers,0022400463,2025-01-02T00:00:00,IND @ MIA,W,18.883333333333333,7.6,13.3,0.571,0.0,0.0,0.0,0.0,0.0,0.0,0.0,1.9,1.9,7.6,3.8,1.9,0.0,0.0,3.8,0.0,15.3,5.7,30.9,0,0,28.6,1,1,13086,1,16915,7447,11222,6538,15070,20945,15070,13505,14344,13505,14058,19951,21988,3250,4284,6729,8263,8846,7697,17725,12653,9743,14140,2246,150,14995,1,18:53
2024-25,1629637,Jaxson Hayes,Jaxson,1610612747,LAL,Los Angeles Lakers,0022400468,2025-01-02T00:00:00,LAL vs. POR,W,17.85,4.0,8.1,0.5,0.0,0.0,0.0,0.0,0.0,0.0,4.0,8.1,12.1,0.0,2.0,2.0,2.0,0.0,6.1,2.0,8.1,10.1,32.7,0,0,28.2,1,1,13086,1,17663,17009,20148,8526,15070,20945,15070,13505,14344,13505,3557,4610,3415,19908,10443,6173,3437,8846,2874,12999,19865,7660,12823,2246,150,15263,1,17:51
2024-25,202692,Alec Burks,Alec,1610612748,MIA,Miami Heat,0022400463,2025-01-02T00:00:00,MIA vs. IND,L,8.833333333333334,4.1,4.1,1.0,4.1,4.1,1.0,0.0,0.0,0.0,0.0,8.2,8.2,0.0,0.0,0.0,0.0,0.0,0.0,0.0,12.2,-20.4,22.0,0,0,24.5,1,13222,1,13222,22517,16905,24056,1,3843,15407,1,13505,14344,13505,14058,4483,8004,19908,16469,12854,8263,8846,20257,17725,15898,21659,20142,2246,150,18036,1,8:50
2024-25,1626179,Terry Rozier,Terry,1610612748,MIA,Miami Heat,0022400463,2025-01-02T00:00:00,MIA vs. IND,L,29.666666666666668,7.3,14.6,0.5,0.0,3.6,0.0,4.9,4.9,1.0,0.0,6.1,6.1,8.5,3.6,0.0,0.0,1.2,3.6,6.1,19.4,-3.6,35.8,0,0,34.0,1,13222,1,13222,8079,8259,9263,8526,15070,16351,15070,4262,6191,1,14058,8181,12120,2424,4695,12854,8263,6163,8291,2536,8455,14868,10509,2246,150,10869,1,29:40
2024-25,1629645,Kevin Porter Jr.,Kevin,1610612746,LAC,LA Clippers,0022400466,2025-01-02T00:00:00,LAC @ OKC,L,24.316666666666666,4.4,16.3,0.273,0.0,4.4,0.0,7.4,10.4,0.714,1.5,3.0,4.4,4.4,1.5,0.0,1.5,0.0,0.0,4.4,16.3,-10.4,31.2,0,0,28.1,1,13222,1,13222,12630,15952,6710,20048,15070,14593,15070,1734,1232,9244,10389,16850,16191,8789,12846,12854,4920,8846,20257,5257,11621,18057,13875,2246,150,15340,1,24:19
2024-25,1630198,Isaiah Joe,Isaiah,1610612760,OKC,Oklahoma City Thunder,0022400466,2025-01-02T00:00:00,OKC vs. LAC,W,17.533333333333335,6.2,12.3,0.5,6.2,12.3,0.5,0.0,0.0,0.0,0.0,4.1,4.1,0.0,0.0,0.0,0.0,0.0,0.0,8.2,18.5,-16.4,23.4,0,0,28.7,1,1,13086,1,17895,11074,13047,8526,1190,1610,3944,13505,14344,13505,14058,13403,17054,19908,16469,12854,8263,8846,20257,923,9341,20416,19310,2246,150,14893,1,17:32
2024-25,1630228,Jonathan Kuminga,Jonathan,1610612744,GSW,Golden State Warriors,0022400467,2025-01-02T00:00:00,GSW vs. PHI,W,25.383333333333333,11.3,15.6,0.727,2.8,4.3,0.667,2.8,4.3,0.667,0.0,7.1,7.1,7.1,1.4,1.4,0.0,0.0,2.8,2.8,28.4,35.5,50.3,0,0,48.2,1,1,13086,1,11666,1974,7694,2666,7093,15003,1957,8248,7308,9425,14058,6195,9973,3896,13182,8811,8263,8846,11476,9833,2648,1348,3168,2246,150,3075,1,25:23
2024-25,1629674,Neemias Queta,Neemias,1610612738,BOS,Boston Celtics,0022400464,2025-01-02T00:00:00,BOS @ MIN,W,21.5,6.7,8.4,0.8,0.0,0.0,0.0,0.0,0.0,0.0,5.0,3.3,8.4,0.0,1.7,1.7,0.0,0.0,1.7,0.0,13.4,28.5,26.8,0,0,25.1,1,1,13086,1,14935,9684,19677,1688,15070,20945,15070,13505,14344,13505,2354,15639,7657,19908,12019,7698,8263,8846,16607,17725,14620,2190,17091,2246,150,17584,1,21:30
2024-25,1627824,Guerschon Yabusele,Guerschon,1610612755,PHI,Philadelphia 76ers,0022400467,2025-01-02T00:00:00,PHI @ GSW,L,31.433333333333334,4.6,6.9,0.667,1.1,2.3,0.5,4.6,4.6,1.0,2.3,4.6,6.9,2.3,0.0,0.0,0.0,0.0,2.3,2.3,14.9,-22.9,26.6,0,0,25.2,1,13222,1,13222,6467,15542,21710,3281,13677,19006,3944,4709,6687,1,7273,12042,10379,15269,16469,12854,8263,8846,13691,11792,13030,22310,17237,2246,150,17519,1,31:26
2024-25,1630703,Scoot Henderson,Scoot,1610612757,POR,Portland Trail Blazers,0022400468,2025-01-02T00:00:00,POR @ LAL,L,32.18333333333333,4.5,7.8,0.571,1.1,2.2,0.5,3.4,4.5,0.75,1.1,4.5,5.6,8.9,3.4,1.1,1.1,0.0,5.6,2.2,13.4,3.4,36.9,0,0,33.6,1,13222,1,13222,5816,15852,20497,6538,13846,19102,3944,6989,6885,8186,12337,12326,13309,2063,5342,10873,6677,8846,3562,11995,14591,10944,9763,2246,150,11197,1,32:11
2024-25,1631124,Julian Strawther,Julian,1610612743,DEN,Denver Nuggets,0022400461,2025-01-01T00:00:00,DEN vs. ATL,W,30.1,7.2,14.4,0.5,1.2,6.0,0.2,0.0,0.0,0.0,0.0,7.2,7.2,2.4,1.2,2.4,1.2,0.0,2.4,2.4,15.5,4.8,37.3,0,0,33.5,1,1,13086,1,7690,8517,9607,8526,13392,10743,13429,13505,14344,13505,14058,6042,9791,14904,14467,4721,6202,8846,13253,11382,12378,10229,9462,2246,150,11255,1,30:06
2024-25,1630557,Corey Kispert,Corey,1610612764,WAS,Washington Wizards,0022400456,2025-01-01T00:00:00,WAS vs. CHI,W,29.183333333333334,6.2,14.8,0.417,3.7,7.4,0.5,0.0,0.0,0.0,1.2,1.2,2.5,2.5,1.2,0.0,0.0,2.5,0.0,0.0,16.0,27.1,21.5,0,0,24.7,1,1,13086,1,8521,11052,8900,14532,4699,7614,3944,13505,14344,13505,11580,21434,20865,14657,14205,12854,8263,2094,20257,17725,11888,2402,20433,2246,150,17912,1,29:11
2024-25,1631107,Nikola Jović,Nikola,1610612748,MIA,Miami Heat,0022400457,2025-01-01T00:00:00,MIA vs. NOP,W,33.5,3.2,6.4,0.5,2.1,4.3,0.5,0.0,0.0,0.0,0.0,7.5,7.5,6.4,4.3,0.0,0.0,1.1,1.1,1.1,8.6,0.0,23.0,0,0,24.7,1,1,13086,1,4727,18941,22155,8526,9463,14917,3944,13505,14344,13505,14058,5458,9127,4786,3334,12854,8263,7271,19245,17034,19432,12240,19567,2246,150,17881,1,33:30
2024-25,1630193,Immanuel Quickley,Immanuel,1610612761,TOR,Toronto Raptors,0022400459,2025-01-01T00:00:00,TOR vs. BKN,W,32.108333333333334,7.8,17.9,0.438,3.4,7.8,0.429,4.5,4.5,1.0,0.0,4.5,4.5,16.8,1.1,0.0,0.0,0.0,3.4,3.4,23.5,25.8,53.0,1,0,48.2,1,1,13086,1,5887,6964,4763,13558,5482,6720,7394,4860,6868,1,14058,12299,16089,168,15000,12854,8263,8846,9207,8066,5097,2654,2447,1,150,3079,1,32:07
2024-25,1630581,Josh Giddey,Josh,1610612741,CHI,Chicago Bulls,0022400456,2025-01-01T00:00:00,CHI @ WAS,L,26.266666666666666,4.1,11.0,0.375,0.0,1.4,0.0,0.0,0.0,0.0,4.1,4.1,8.2,2.7,6.9,1.4,1.4,0.0,1.4,2.7,8.2,-23.3,23.6,0,0,24.7,1,13222,1,13222,10937,16820,15414,16299,15070,20405,15070,13505,14344,13505,3432,13384,7901,13785,959,9074,5361,8846,17742,10188,19732,22413,19219,2246,150,17913,1,26:16
2024-25,1628370,Malik Monk,Malik,1610612758,SAC,Sacramento Kings,0022400462,2025-01-01T00:00:00,SAC vs. PHI,W,32.21666666666667,5.6,13.4,0.417,0.0,5.6,0.0,11.2,11.2,1.0,0.0,2.2,2.2,6.7,2.2,1.1,0.0,1.1,3.4,5.6,22.3,16.8,36.2,0,0,33.5,1,1,13086,1,5792,12741,11141,14532,15070,11754,15070,452,976,1,14058,18969,21350,4422,9375,10882,8263,6894,9241,3211,5965,4984,10236,2246,150,11223,1,32:13
2024-25,203083,Andre Drummond,Andre,1610612755,PHI,Philadelphia 76ers,0022400462,2025-01-01T00:00:00,PHI @ SAC,L,20.39666666666667,7.1,10.6,0.667,0.0,0.0,0.0,3.5,7.1,0.5,3.5,12.4,15.9,3.5,3.5,0.0,0.0,0.0,3.5,3.5,17.6,5.3,38.5,0,0,37.1,1,13222,1,13222,15722,8786,16056,3281,15070,20945,15070,6642,3307,10625,4325,1206,1460,11307,4953,12854,8263,8846,8665,7586,10169,9956,8722,2246,150,8685,1,20:24
2024-25,1626168,Trey Lyles,Trey,1610612758,SAC,Sacramento Kings,0022400462,2025-01-01T00:00:00,SAC vs. PHI,W,31.083333333333332,4.6,10.4,0.444,4.6,9.3,0.5,0.0,0.0,0.0,0.0,8.1,8.1,2.3,2.3,2.3,0.0,1.2,0.0,1.2,13.9,2.3,31.7,0,0,33.6,1,1,13086,1,6807,15412,16349,13045,2836,4434,3944,13505,14344,13505,14058,4554,8080,15170,8999,4971,8263,6566,20257,16606,14047,11456,13526,2246,150,11169,1,31:05
2024-25,1630553,Keon Johnson,Keon,1610612751,BKN,Brooklyn Nets,0022400459,2025-01-01T00:00:00,BKN @ TOR,L,29.05,7.4,22.3,0.333,3.7,14.9,0.25,2.5,2.5,1.0,0.0,1.2,1.2,0.0,1.2,1.2,0.0,2.5,2.5,3.7,21.1,-13.6,25.0,0,0,28.5,1,13222,1,13222,8631,7923,1672,17395,4654,724,11902,9109,11257,1,14058,21424,22892,19908,14168,9871,8263,2074,12881,7088,7031,19349,18266,2246,150,15068,1,29:03
2024-25,1631212,Peyton Watson,Peyton,1610612743,DEN,Denver Nuggets,0022400461,2025-01-01T00:00:00,DEN vs. ATL,W,24.01,6.0,15.0,0.4,1.5,6.0,0.25,3.0,3.0,1.0,0.0,0.0,0.0,1.5,3.0,3.0,1.5,3.0,3.0,3.0,16.5,4.5,29.2,0,0,28.5,1,1,13086,1,12897,11530,8629,14933,12033,10712,11902,7813,9981,1,14058,22137,23286,17977,6498,3158,4858,1345,10743,9267,11398,10389,15335,2246,150,15074,1,24:01
2024-25,1630172,Patrick Williams,Patrick,1610612741,CHI,Chicago Bulls,0022400456,2025-01-01T00:00:00,CHI @ WAS,L,22.716666666666665,4.8,9.5,0.5,1.6,6.3,0.25,0.0,0.0,0.0,0.0,4.8,4.8,4.8,3.2,1.6,0.0,0.0,0.0,0.0,11.1,-4.8,25.5,0,0,25.4,1,13222,1,13222,13938,15102,17930,8526,11732,9894,11902,13505,14344,13505,14058,11560,15429,8036,5910,8042,8263,8846,20257,17725,17102,15447,17929,2246,150,17387,1,22:43
2024-25,1628384,OG Anunoby,OG,1610612752,NYK,New York Knicks,0022400458,2025-01-01T00:00:00,NYK vs. UTA,W,40.66833333333334,8.9,14.2,0.625,0.9,2.7,0.333,0.9,2.7,0.333,0.9,1.8,2.7,1.8,0.9,2.7,1.8,2.7,2.7,2.7,19.5,0.0,37.7,0,0,33.6,1,1,13086,1,423,4970,9903,4899,14989,18339,9209,13464,10847,13132,13942,20319,20530,17171,16373,4002,4125,1802,12223,10459,8401,12240,9218,2246,150,11124,1,40:40
2024-25,1629632,Coby White,Coby,1610612741,CHI,Chicago Bulls,0022400456,2025-01-01T00:00:00,CHI @ WAS,L,31.0,5.8,12.8,0.455,2.3,7.0,0.333,5.8,5.8,1.0,0.0,2.3,2.3,7.0,4.6,1.2,0.0,1.2,3.5,4.6,19.7,-25.5,31.8,0,0,33.7,1,13222,1,13222,6873,12093,12264,12676,8771,8521,9209,3077,4747,1,14058,18696,21149,4041,2788,10497,8263,6543,8791,4843,8125,22925,13463,2246,150,11094,1,31:00
2024-25,1630224,Jalen Green,Jalen,1610612745,HOU,Houston Rockets,0022400460,2025-01-01T00:00:00,HOU vs. DAL,W,37.733333333333334,8.6,20.0,0.429,0.0,2.9,0.0,3.8,4.8,0.8,0.0,4.8,4.8,0.0,1.9,1.0,0.0,2.9,2.9,4.8,21.0,17.2,27.7,0,0,27.7,1,1,13086,1,1546,5466,2949,13735,15070,17932,15070,6045,6355,7681,14058,11513,15368,19908,10999,12316,8263,1516,11353,4572,7090,4847,16449,2246,150,15666,1,37:44
2024-25,1631128,Christian Braun,Christian,1610612743,DEN,Denver Nuggets,0022400461,2025-01-01T00:00:00,DEN vs. ATL,W,31.8,7.9,10.2,0.778,0.0,1.1,0.0,1.1,1.1,1.0,0.0,3.4,3.4,4.5,0.0,0.0,0.0,1.1,3.4,1.1,17.0,26.0,27.8,0,0,24.9,1,1,13086,1,6154,6803,16746,1994,15070,20708,15070,12807,13991,1,14058,15531,18788,8574,16469,12854,8263,6773,9090,16754,10863,2611,16335,2246,150,17751,1,31:48
2024-25,202681,Kyrie Irving,Kyrie,1610612742,DAL,Dallas Mavericks,0022400460,2025-01-01T00:00:00,DAL @ HOU,L,37.245,6.8,12.6,0.538,0.0,1.9,0.0,1.9,2.9,0.667,0.0,6.8,6.8,1.9,3.9,2.9,1.9,0.0,3.9,4.8,15.5,-15.5,37.1,0,0,33.8,1,13222,1,13222,1837,9514,12635,7978,15070,19679,15070,10854,10237,9425,14058,6759,10605,16633,4160,3410,3672,8846,7564,4429,12452,20082,9617,2246,150,10983,1,37:15
2024-25,1627749,Dejounte Murray,Dejounte,1610612740,NOP,New Orleans Pelicans,0022400457,2025-01-01T00:00:00,NOP @ MIA,L,31.3,5.8,15.0,0.385,0.0,5.8,0.0,2.3,2.3,1.0,0.0,3.5,3.5,8.1,4.6,0.0,0.0,1.2,1.2,1.2,13.8,-12.7,25.4,0,0,25.3,1,13222,1,13222,6607,12264,8679,16070,15070,11330,15070,9615,11772,1,14058,15365,18654,2839,2850,12854,8263,6629,18814,16647,14152,18998,17981,2246,150,17428,1,31:18
2024-25,1631095,Jabari Smith Jr.,Jabari,1610612745,HOU,Houston Rockets,0022400460,2025-01-01T00:00:00,HOU vs. DAL,W,22.833333333333332,7.9,12.6,0.625,1.6,3.2,0.5,1.6,3.2,0.5,1.6,1.6,3.2,0.0,3.2,3.2,1.6,0.0,1.6,1.6,18.9,-6.3,33.7,0,0,33.1,1,1,13086,1,13849,6873,12542,4899,11765,17355,3944,11635,9604,10625,10014,20726,19357,19908,5966,2825,4618,8846,16937,14706,8932,16207,12017,2246,150,11562,1,22:50
2024-25,1627832,Fred VanVleet,Fred,1610612745,HOU,Houston Rockets,0022400460,2025-01-01T00:00:00,HOU vs. DAL,W,41.8,0.9,6.9,0.125,0.0,3.4,0.0,2.6,2.6,1.0,0.0,4.3,4.3,6.0,1.7,5.2,0.0,0.9,2.6,0.9,4.3,13.8,32.3,0,0,25.0,1,1,13086,1,269,22633,21685,22420,15070,16776,15070,8843,11014,1,14058,12782,16518,5433,11837,803,8263,8756,12479,17701,22402,6088,13092,2246,150,17703,1,41:48
2024-25,1642273,Kyshawn George,Kyshawn,1610612764,WAS,Washington Wizards,0022400456,2025-01-01T00:00:00,WAS vs. CHI,W,20.416666666666668,7.1,17.6,0.4,1.8,10.6,0.167,0.0,0.0,0.0,0.0,7.1,7.1,0.0,0.0,1.8,0.0,1.8,1.8,0.0,15.9,14.1,29.6,0,0,28.2,1,1,13086,1,15698,8808,5104,14933,11210,2896,14236,13505,14344,13505,14058,6274,10053,19908,16469,7391,8263,3996,16329,17725,12063,5966,15070,2246,150,15283,1,20:25
2024-25,1630168,Onyeka Okongwu,Onyeka,1610612737,ATL,Atlanta Hawks,0022400461,2025-01-01T00:00:00,ATL @ DEN,L,24.383333333333333,5.9,8.9,0.667,1.5,4.4,0.333,0.0,0.0,0.0,1.5,8.9,10.3,3.0,0.0,1.5,1.5,0.0,4.4,0.0,13.3,-13.3,39.0,0,0,34.0,1,13222,1,13222,12578,11792,18922,3281,12136,14621,9209,13505,14344,13505,10409,3655,5071,13080,16469,8510,4938,8846,5943,17725,14767,19222,8426,2246,150,10889,1,24:23
2024-25,1631207,Dalen Terry,Dalen,1610612741,CHI,Chicago Bulls,0022400456,2025-01-01T00:00:00,CHI @ WAS,L,18.533333333333335,3.9,5.8,0.667,1.9,3.9,0.5,1.9,3.9,0.5,0.0,1.9,1.9,5.8,3.9,1.9,0.0,0.0,1.9,1.9,11.7,-13.6,24.7,0,0,25.3,1,13222,1,13222,17163,17363,22784,3281,10444,15831,3944,10827,8066,10625,14058,19852,21925,5801,4114,6550,8263,8846,15445,13351,16516,19339,18510,2246,150,17474,1,18:32
2024-25,1629655,Daniel Gafford,Daniel,1610612742,DAL,Dallas Mavericks,0022400460,2025-01-01T00:00:00,DAL @ HOU,L,11.75,6.1,12.3,0.5,0.0,0.0,0.0,0.0,0.0,0.0,3.1,9.2,12.3,0.0,6.1,3.1,3.1,0.0,6.1,0.0,12.3,-82.7,39.2,0,0,36.8,1,13222,1,13222,21394,11146,13159,8526,15070,20945,15070,13505,14344,13505,5202,3313,3302,19908,1306,3018,1614,8846,2793,17725,15866,26033,8258,2246,150,8863,1,11:45
2024-25,1629726,Garrison Mathews,Garrison,1610612737,ATL,Atlanta Hawks,0022400461,2025-01-01T00:00:00,ATL @ DEN,L,28.555,5.0,10.1,0.5,1.3,5.0,0.25,0.0,1.3,0.0,1.3,5.0,6.3,3.8,2.5,0.0,1.3,0.0,3.8,1.3,11.3,-18.9,25.8,0,0,25.2,1,13222,1,13222,9072,14257,16918,8526,13033,13096,11902,13505,13802,13505,11413,10748,11595,10558,8152,12854,5850,8846,7802,16081,16844,21217,17715,2246,150,17502,1,28:33
2024-25,1630591,Jalen Suggs,Jalen,1610612753,ORL,Orlando Magic,0022400455,2025-01-01T00:00:00,ORL @ DET,L,33.81666666666667,9.6,21.3,0.45,3.2,9.6,0.333,3.2,4.3,0.75,1.1,3.2,4.3,3.2,2.1,3.2,2.1,0.0,3.2,4.3,25.5,-5.3,49.3,0,0,46.8,1,13222,1,13222,4424,3758,2163,12982,5970,4000,9209,7345,7297,8186,12759,16112,16651,12345,9850,2756,3125,8846,9892,5704,3910,15759,3504,2246,150,3535,1,33:49
2024-25,1628404,Josh Hart,Josh,1610612752,NYK,New York Knicks,0022400458,2025-01-01T00:00:00,NYK vs. UTA,W,45.13333333333333,4.8,9.6,0.5,0.8,3.2,0.25,1.6,2.4,0.667,1.6,9.6,11.2,9.6,5.6,0.8,0.8,1.6,3.2,2.4,12.0,12.0,38.9,1,1,36.7,1,1,13086,1,53,14992,17819,8526,15062,17284,11902,11605,11512,9425,9942,2945,4266,1662,1739,12839,8245,4446,9898,11381,16180,6809,8465,1,1,8921,1,45:08
2024-25,1628415,Dillon Brooks,Dillon,1610612745,HOU,Houston Rockets,0022400460,2025-01-01T00:00:00,HOU vs. DAL,W,39.8,5.4,13.6,0.4,2.7,7.2,0.375,3.6,3.6,1.0,1.8,3.6,5.4,0.9,0.0,0.9,0.0,0.0,2.7,1.8,17.2,8.1,27.8,0,0,28.0,1,1,13086,1,617,13193,10883,14933,7497,7966,8800,6453,8649,1,9208,14873,13736,19863,16469,12648,8263,8846,11981,13898,10647,8555,16388,2246,150,15395,1,39:48
2024-25,203484,Kentavious Caldwell-Pope,Kentavious,1610612753,ORL,Orlando Magic,0022400455,2025-01-01T00:00:00,ORL @ DET,L,34.38333333333333,8.4,11.5,0.727,4.2,6.3,0.667,1.0,1.0,1.0,0.0,2.1,2.1,2.1,2.1,2.1,1.0,0.0,2.1,2.1,22.0,-17.8,35.0,0,0,36.6,1,13222,1,13222,3934,5846,14445,2666,3589,10018,1957,13088,14138,1,14058,19378,21624,16023,10027,5817,7153,8846,14638,12636,6230,20869,11074,2246,150,8952,1,34:23
2024-25,1641711,Gradey Dick,Gradey,1610612761,TOR,Toronto Raptors,0022400459,2025-01-01T00:00:00,TOR vs. BKN,W,36.541666666666664,8.9,16.7,0.529,3.9,7.9,0.5,0.0,0.0,0.0,1.0,2.0,3.0,2.0,2.0,3.0,0.0,0.0,1.0,1.0,21.7,21.7,35.1,0,0,36.5,1,1,13086,1,2314,4936,6113,8281,4115,6657,3944,13505,14344,13505,13374,19756,19840,16476,10664,3259,8263,8846,19785,17443,6481,3541,11008,2246,150,9074,1,36:33
2024-25,1642347,Jamal Shead,Jamal,1610612761,TOR,Toronto Raptors,0022400459,2025-01-01T00:00:00,TOR vs. BKN,W,18.041666666666668,6.0,14.0,0.429,0.0,6.0,0.0,2.0,6.0,0.333,0.0,0.0,0.0,10.0,6.0,2.0,0.0,2.0,2.0,6.0,14.0,4.0,28.9,0,0,27.9,1,1,13086,1,17539,11559,10218,13735,15070,10732,15070,10664,4496,13132,14058,22137,23286,1454,1394,6269,8263,3242,15172,2644,13972,10655,15539,2246,150,15471,1,18:03
2024-25,203914,Gary Harris,Gary,1610612753,ORL,Orlando Magic,0022400455,2025-01-01T00:00:00,ORL @ DET,L,15.316666666666666,4.7,11.8,0.4,0.0,4.7,0.0,0.0,0.0,0.0,2.4,2.4,4.7,0.0,2.4,7.1,0.0,2.4,0.0,0.0,9.4,14.1,33.8,0,0,28.2,1,13222,1,13222,19361,15239,14024,14933,15070,13953,15070,13505,14344,13505,7090,18624,15561,19908,8862,288,8263,2336,20257,17725,18724,5968,11935,2246,150,15290,1,15:19
2024-25,1642267,Bub Carrington,Bub,1610612764,WAS,Washington Wizards,0022400456,2025-01-01T00:00:00,WAS vs. CHI,W,30.516666666666666,4.7,5.9,0.8,3.5,3.5,1.0,0.0,0.0,0.0,0.0,4.7,4.7,7.1,0.0,1.2,1.2,0.0,1.2,0.0,13.0,14.2,36.3,0,0,33.0,1,1,13086,1,7300,15195,22711,1688,5062,16573,1,13505,14344,13505,14058,11652,15510,3915,16469,10346,6304,8846,18655,17725,15114,5957,10133,2246,150,11636,1,30:31
2024-25,202331,Paul George,Paul,1610612755,PHI,Philadelphia 76ers,0022400462,2025-01-01T00:00:00,PHI @ SAC,L,36.248333333333335,10.9,19.9,0.55,4.0,7.0,0.571,4.0,4.0,1.0,1.0,7.0,7.9,5.0,5.0,0.0,1.0,0.0,6.0,5.0,29.8,-3.0,44.8,0,0,48.7,1,13222,1,13222,2508,2326,3053,7655,4047,8564,3506,5740,7891,1,13318,6446,8375,7540,2384,12854,7517,8846,3005,4184,2161,14560,5283,2246,150,2935,1,36:15
2024-25,1628467,Maxi Kleber,Maxi,1610612742,DAL,Dallas Mavericks,0022400460,2025-01-01T00:00:00,DAL @ HOU,L,29.591666666666665,2.4,4.9,0.5,1.2,2.4,0.5,0.0,0.0,0.0,1.2,1.2,2.4,1.2,2.4,1.2,1.2,0.0,4.9,2.4,6.1,-18.2,15.7,0,0,15.8,1,13222,1,13222,8154,20588,23560,8526,13277,18745,3944,13505,14344,13505,11681,21472,20924,18965,8514,10040,6071,8846,4908,11212,21331,21001,22955,2246,150,22784,1,29:36
2024-25,1630188,Jalen Smith,Jalen,1610612741,CHI,Chicago Bulls,0022400456,2025-01-01T00:00:00,CHI @ WAS,L,13.7,2.6,15.8,0.167,2.6,10.5,0.25,0.0,0.0,0.0,0.0,5.3,5.3,0.0,2.6,2.6,2.6,0.0,5.3,2.6,7.9,-44.7,27.3,0,0,26.3,1,13222,1,13222,20364,20228,7448,21938,7746,2967,11902,13505,14344,13505,14058,10138,14144,19908,7773,4067,2182,8846,4090,10550,20009,25162,16720,2246,150,16734,1,13:42
2024-25,1631093,Jaden Ivey,Jaden,1610612765,DET,Detroit Pistons,0022400455,2025-01-01T00:00:00,DET vs. ORL,W,26.75,10.8,14.8,0.727,6.7,8.1,0.833,1.3,2.7,0.5,0.0,1.3,1.3,5.4,6.7,1.3,0.0,0.0,0.0,4.0,29.6,12.1,36.6,0,0,45.8,1,1,13086,1,10526,2440,8899,2666,880,6328,1341,12185,10769,10625,14058,21195,22763,6663,1009,9209,8263,8846,20257,6218,2230,6750,9957,2246,150,3908,1,26:45
2024-25,1630700,Dyson Daniels,Dyson,1610612737,ATL,Atlanta Hawks,0022400461,2025-01-01T00:00:00,ATL @ DEN,L,30.0,4.8,20.4,0.235,1.2,8.4,0.143,0.0,0.0,0.0,3.6,2.4,6.0,7.2,0.0,3.6,0.0,1.2,1.2,0.0,10.8,-20.4,39.6,0,0,32.4,1,13222,1,13222,7781,14944,2692,21144,13366,5747,14649,13505,14344,13505,4213,18483,12271,3761,16469,2093,8263,6258,18539,17725,17370,21673,8015,2246,150,12062,1,30:00
2024-25,1628371,Jonathan Isaac,Jonathan,1610612753,ORL,Orlando Magic,0022400455,2025-01-01T00:00:00,ORL @ DET,L,15.033333333333333,2.4,12.0,0.2,0.0,9.6,0.0,4.8,4.8,1.0,2.4,2.4,4.8,2.4,4.8,2.4,2.4,0.0,4.8,4.8,9.6,7.2,28.5,0,0,26.3,1,13222,1,13222,19532,20676,13639,21401,15070,4004,15070,4359,6319,1,6937,18501,15322,14894,2596,4710,2565,8846,5083,4521,18560,9053,15879,2246,150,16678,1,15:02
2024-25,1628374,Lauri Markkanen,Lauri,1610612762,UTA,Utah Jazz,0022400458,2025-01-01T00:00:00,UTA @ NYK,L,35.38333333333333,6.1,22.4,0.273,1.0,10.2,0.1,3.1,3.1,1.0,3.1,7.1,10.2,2.0,1.0,2.0,2.0,3.1,2.0,5.1,16.3,0.0,42.7,1,0,37.6,1,13222,1,13222,3158,11211,1639,20048,14441,3307,15047,7666,9842,1,5225,6135,5256,16246,15727,6087,3383,1283,14944,3946,11633,12240,6255,1,150,8254,1,35:23
2024-25,202696,Nikola Vučević,Nikola,1610612741,CHI,Chicago Bulls,0022400456,2025-01-01T00:00:00,CHI @ WAS,L,31.816666666666666,5.7,19.2,0.294,2.3,10.2,0.222,0.0,0.0,0.0,2.3,13.6,15.8,6.8,1.1,0.0,0.0,0.0,2.3,0.0,13.6,-2.3,41.6,1,0,38.5,1,13222,1,13222,6140,12539,3561,19598,8996,3298,13288,13505,14344,13505,7371,858,1476,4305,14923,12854,8263,8846,13807,17725,14403,14183,6807,1,150,7718,1,31:49
2024-25,203458,Alex Len,Alex,1610612758,SAC,Sacramento Kings,0022400462,2025-01-01T00:00:00,SAC vs. PHI,W,5.613333333333333,0.0,6.4,0.0,0.0,0.0,0.0,0.0,0.0,0.0,6.4,0.0,6.4,12.8,0.0,6.4,0.0,0.0,6.4,0.0,0.0,-77.0,46.2,0,0,32.1,1,1,13086,1,23742,22635,22188,22635,15070,20945,15070,13505,14344,13505,1409,22137,11358,559,16469,392,8263,8846,2473,17725,23200,25976,4671,2246,150,12333,1,5:37
2024-25,1628464,Daniel Theis,Daniel,1610612740,NOP,New Orleans Pelicans,0022400457,2025-01-01T00:00:00,NOP @ MIA,L,17.7,0.0,2.0,0.0,0.0,2.0,0.0,0.0,0.0,0.0,0.0,6.1,6.1,2.0,0.0,0.0,4.1,0.0,2.0,0.0,0.0,8.1,22.6,0,0,16.3,1,13222,1,13222,17779,22635,24752,22635,15070,19487,15070,13505,14344,13505,14058,8095,12049,16248,16469,12854,881,8846,14948,17725,23200,8562,19829,2246,150,22597,1,17:42
2024-25,1631230,Dominick Barlow,Dominick,1610612737,ATL,Atlanta Hawks,0022400461,2025-01-01T00:00:00,ATL @ DEN,L,4.033333333333333,8.9,26.8,0.333,0.0,0.0,0.0,0.0,0.0,0.0,0.0,17.9,17.9,8.9,0.0,0.0,0.0,0.0,0.0,0.0,17.9,26.8,52.7,0,0,44.6,1,13222,1,13222,24464,4839,527,17395,15070,20945,15070,13505,14344,13505,14058,270,933,2075,16469,12854,8263,8846,20257,17725,9967,2473,2545,2246,150,4414,1,4:02
2024-25,1641783,Tristan da Silva,Tristan,1610612753,ORL,Orlando Magic,0022400455,2025-01-01T00:00:00,ORL @ DET,L,22.7,0.0,9.5,0.0,0.0,1.6,0.0,0.0,0.0,0.0,1.6,7.9,9.5,4.8,1.6,1.6,0.0,0.0,4.8,0.0,0.0,-28.5,21.7,0,0,17.4,1,13222,1,13222,13953,22635,17913,22635,15070,20183,15070,13505,14344,13505,9977,4809,6035,8023,12397,8038,8263,8846,5157,17725,23200,23518,20303,2246,150,22103,1,22:42
2024-25,202704,Reggie Jackson,Reggie,1610612755,PHI,Philadelphia 76ers,0022400462,2025-01-01T00:00:00,PHI @ SAC,L,12.656666666666666,2.8,8.5,0.333,2.8,5.7,0.5,0.0,0.0,0.0,2.8,2.8,5.7,0.0,0.0,0.0,0.0,0.0,5.7,0.0,8.5,0.0,15.4,0,0,17.1,1,13222,1,13222,20919,19784,19443,17395,7068,11481,3944,13505,14344,13505,5747,17257,13054,19908,16469,12854,8263,8846,3406,17725,19489,12240,23072,2246,150,22277,1,12:39
2024-25,1642268,Isaiah Collier,Isaiah,1610612762,UTA,Utah Jazz,0022400458,2025-01-01T00:00:00,UTA @ NYK,L,11.2,0.0,6.4,0.0,0.0,6.4,0.0,0.0,0.0,0.0,0.0,6.4,6.4,6.4,3.2,6.4,0.0,0.0,6.4,0.0,0.0,-35.4,33.4,0,0,25.7,1,13222,1,13222,21622,22635,22175,22635,15070,9692,15070,13505,14344,13505,14058,7444,11317,4815,5781,388,8263,8846,2466,17725,23200,24455,12237,2246,150,17128,1,11:12
2024-25,1641722,Jordan Hawkins,Jordan,1610612740,NOP,New Orleans Pelicans,0022400457,2025-01-01T00:00:00,NOP @ MIA,L,20.2,5.3,16.0,0.333,3.6,8.9,0.4,0.0,0.0,0.0,1.8,5.3,7.1,1.8,0.0,1.8,3.6,0.0,0.0,0.0,14.3,-12.5,41.5,0,0,37.4,1,13222,1,13222,15862,13414,7057,17395,4998,4949,7874,13505,14344,13505,9311,9906,9893,17142,16469,7323,1178,8846,20257,17725,13652,18934,6876,2246,150,8411,1,20:12
2024-25,1629013,Landry Shamet,Landry,1610612752,NYK,New York Knicks,0022400458,2025-01-01T00:00:00,NYK vs. UTA,W,11.083333333333334,3.2,3.2,1.0,0.0,0.0,0.0,0.0,0.0,0.0,0.0,3.2,3.2,0.0,0.0,3.2,0.0,0.0,0.0,0.0,6.5,32.5,20.1,0,0,16.2,1,1,13086,1,21667,18890,24411,1,15070,20945,15070,13505,14344,13505,14058,15938,19111,19908,16469,2648,8263,8846,20257,17725,21048,1675,21088,2246,150,22608,1,11:05
2024-25,1629639,Tyler Herro,Tyler,1610612748,MIA,Miami Heat,0022400457,2025-01-01T00:00:00,MIA vs. NOP,W,40.233333333333334,9.8,19.7,0.5,4.5,10.7,0.417,4.5,4.5,1.0,0.0,0.9,0.9,3.6,0.0,0.0,0.0,1.8,0.9,2.7,28.6,11.6,35.1,0,0,37.6,1,1,13086,1,506,3410,3194,8526,3107,2745,7826,4876,6892,1,14058,22103,23268,11147,16469,12854,8263,3932,20158,10362,2559,6957,11006,2246,150,8304,1,40:14
2024-25,203991,Clint Capela,Clint,1610612737,ATL,Atlanta Hawks,0022400461,2025-01-01T00:00:00,ATL @ DEN,L,19.583333333333332,3.7,7.4,0.5,0.0,0.0,0.0,0.0,3.7,0.0,1.8,11.0,12.9,1.8,3.7,1.8,0.0,0.0,1.8,3.7,7.4,-23.9,27.4,0,0,25.7,1,13222,1,13222,16344,17899,21135,8526,15070,20945,15070,13505,8532,13505,9094,1892,2897,16970,4611,7087,8263,8846,15997,7192,20442,22545,16670,2246,150,17114,1,19:35
2024-25,202699,Tobias Harris,Tobias,1610612765,DET,Detroit Pistons,0022400455,2025-01-01T00:00:00,DET vs. ORL,W,34.865,7.2,9.3,0.778,2.1,4.1,0.5,1.0,2.1,0.5,2.1,6.2,8.3,2.1,1.0,0.0,1.0,0.0,3.1,1.0,17.6,19.6,32.6,0,0,32.0,1,1,13086,1,3576,8384,18282,1994,9840,15270,3944,13134,12537,10625,8098,7901,7832,16135,15617,12854,7252,8846,10279,17263,10265,4066,12859,2246,150,12383,1,34:52
2024-25,1628969,Mikal Bridges,Mikal,1610612752,NYK,New York Knicks,0022400458,2025-01-01T00:00:00,NYK vs. UTA,W,44.483333333333334,9.7,13.8,0.706,1.6,4.0,0.4,0.8,1.6,0.5,0.0,0.8,0.8,0.0,0.0,0.0,0.8,0.0,1.6,2.4,21.9,10.5,25.2,0,0,25.9,1,1,13086,1,73,3591,10554,3027,11629,15488,7874,13496,13373,10625,14058,22132,23283,19908,16469,12854,8236,8846,16811,11238,6328,7458,18109,2246,150,17006,1,44:29
2024-25,1641709,Ausar Thompson,Ausar,1610612765,DET,Detroit Pistons,0022400455,2025-01-01T00:00:00,DET vs. ORL,W,24.756666666666668,4.4,13.1,0.333,0.0,2.9,0.0,0.0,2.9,0.0,1.5,5.8,7.3,1.5,7.3,7.3,0.0,2.9,2.9,2.9,8.7,4.4,34.2,0,0,32.0,1,1,13086,1,12219,16165,11697,17395,15070,17850,15070,13505,10214,13505,10520,8764,9626,18165,784,266,8263,1455,11158,9567,19326,10445,11671,2246,150,12397,1,24:45
2024-25,201942,DeMar DeRozan,DeMar,1610612758,SAC,Sacramento Kings,0022400462,2025-01-01T00:00:00,SAC vs. PHI,W,31.583333333333332,8.0,16.0,0.5,0.0,1.1,0.0,4.6,4.6,1.0,1.1,4.6,5.7,1.1,1.1,2.3,0.0,1.1,0.0,3.4,20.5,-5.7,34.8,0,0,31.9,1,1,13086,1,6350,6669,7169,8526,15070,20693,15070,4744,6730,1,12192,12101,13019,19225,14866,5105,8263,6713,20257,7896,7475,15917,11228,2246,150,12445,1,31:35
2024-25,1630534,Ochai Agbaji,Ochai,1610612761,TOR,Toronto Raptors,0022400459,2025-01-01T00:00:00,TOR vs. BKN,W,37.18333333333333,4.8,7.7,0.625,1.9,1.9,1.0,1.9,1.9,1.0,1.9,1.0,2.9,1.9,1.0,1.0,1.9,0.0,2.9,1.9,13.6,22.3,27.7,0,0,26.1,1,1,13086,1,1867,14832,20603,4899,10475,19669,1,10847,12894,1,8683,22027,19987,16621,16044,12225,3665,8846,11172,13383,14436,3405,16435,2246,150,16843,1,37:11
2024-25,1631165,Keon Ellis,Keon,1610612758,SAC,Sacramento Kings,0022400462,2025-01-01T00:00:00,SAC vs. PHI,W,37.76166666666666,2.9,7.6,0.375,2.9,7.6,0.375,0.0,0.0,0.0,1.0,0.0,1.0,1.9,0.0,3.8,1.9,0.0,1.0,1.9,8.6,16.2,29.7,0,0,25.7,1,1,13086,1,1537,19753,20749,16299,7021,7125,8800,13505,14344,13505,13617,22137,23242,16725,16469,1835,3744,8846,19948,13484,19447,5182,14984,2246,150,17109,1,37:46
2024-25,202709,Cory Joseph,Cory,1610612753,ORL,Orlando Magic,0022400455,2025-01-01T00:00:00,ORL @ DET,L,6.233333333333333,0.0,5.8,0.0,0.0,5.8,0.0,0.0,0.0,0.0,0.0,5.8,5.8,0.0,0.0,5.8,0.0,0.0,0.0,5.8,0.0,-17.3,24.3,0,0,17.3,1,13222,1,13222,23489,22635,22835,22635,15070,11265,15070,13505,14344,13505,14058,8843,12821,19908,16469,539,8263,8846,20257,2932,23200,20721,18767,2246,150,22159,1,6:14
2024-25,1630551,Justin Champagnie,Justin,1610612764,WAS,Washington Wizards,0022400456,2025-01-01T00:00:00,WAS vs. CHI,W,20.781666666666666,10.4,13.9,0.75,3.5,5.2,0.667,1.7,1.7,1.0,0.0,3.5,3.5,1.7,1.7,1.7,0.0,0.0,3.5,1.7,26.0,5.2,36.2,0,0,38.1,1,1,13086,1,15441,2829,10413,2107,5229,12711,1957,11359,13268,1,14058,15336,18627,17275,11804,7506,8263,8846,8854,14174,3694,10006,10235,2246,150,7954,1,20:47
2024-25,1641718,Keyonte George,Keyonte,1610612762,UTA,Utah Jazz,0022400458,2025-01-01T00:00:00,UTA @ NYK,L,35.86666666666667,6.0,13.0,0.462,3.0,7.0,0.429,0.0,0.0,0.0,0.0,1.0,1.0,5.0,2.0,1.0,0.0,0.0,1.0,1.0,15.1,-6.0,24.8,0,0,26.1,1,13222,1,13222,2776,11447,11780,12428,6471,8412,7394,13505,14344,13505,14058,21966,23202,7420,10482,11925,8263,8846,19688,17386,12851,16073,18425,2246,150,16870,1,35:52
2024-25,1630529,Herbert Jones,Herbert,1610612740,NOP,New Orleans Pelicans,0022400457,2025-01-01T00:00:00,NOP @ MIA,L,38.95,2.8,4.6,0.6,0.0,0.9,0.0,1.8,1.8,1.0,0.0,3.7,3.7,3.7,1.8,0.9,0.0,0.0,4.6,1.8,7.4,0.0,18.3,0,0,16.6,1,13222,1,13222,899,19935,23733,5394,15070,20921,15070,11121,13113,1,14058,14644,18080,10797,11330,12541,8263,8846,5487,13741,20414,12240,21968,2246,150,22455,1,38:57
2024-25,1630175,Cole Anthony,Cole,1610612753,ORL,Orlando Magic,0022400455,2025-01-01T00:00:00,ORL @ DET,L,13.3,8.1,32.5,0.25,0.0,8.1,0.0,5.4,8.1,0.667,2.7,2.7,5.4,2.7,2.7,5.4,0.0,0.0,5.4,5.4,21.7,2.7,45.7,0,0,40.6,1,13222,1,13222,20597,6363,181,20233,15070,6239,15070,3517,2434,9425,6085,17676,13773,13890,7512,676,8263,8846,3832,3458,6500,11257,4844,2246,150,6438,1,13:18
2024-25,1627824,Guerschon Yabusele,Guerschon,1610612755,PHI,Philadelphia 76ers,0022400462,2025-01-01T00:00:00,PHI @ SAC,L,29.631666666666668,3.6,7.3,0.5,2.4,6.1,0.4,0.0,0.0,0.0,0.0,1.2,1.2,3.6,0.0,0.0,1.2,0.0,3.6,2.4,9.7,-20.7,20.3,0,0,19.4,1,13222,1,13222,8119,17974,21221,8526,8369,10507,7874,13505,14344,13505,14058,21475,22925,10952,16469,12854,6083,8846,8280,11224,18431,21744,21030,2246,150,21187,1,29:38
2024-25,203915,Spencer Dinwiddie,Spencer,1610612742,DAL,Dallas Mavericks,0022400460,2025-01-01T00:00:00,DAL @ HOU,L,24.388333333333332,4.4,10.3,0.429,3.0,5.9,0.5,0.0,3.0,0.0,0.0,1.5,1.5,3.0,4.4,0.0,0.0,0.0,1.5,4.4,11.8,1.5,13.6,0,0,19.2,1,13222,1,13222,12573,15988,16503,13735,6668,10928,3944,13505,10089,13505,14058,20927,22599,13085,3106,12854,8263,8846,17320,5286,16336,11879,23613,2246,150,21296,1,24:23
2024-25,203482,Kelly Olynyk,Kelly,1610612761,TOR,Toronto Raptors,0022400459,2025-01-01T00:00:00,TOR vs. BKN,W,13.708333333333334,7.9,7.9,1.0,2.6,2.6,1.0,0.0,0.0,0.0,0.0,5.3,5.3,2.6,0.0,0.0,2.6,0.0,0.0,0.0,18.4,2.6,36.5,0,0,34.1,1,1,13086,1,20360,6890,20440,1,7749,18404,1,13505,14344,13505,14058,10152,14151,14134,16469,12854,2186,8846,20257,17725,9436,11310,10031,2246,150,10741,1,13:43
2024-25,1631204,Marcus Sasser,Marcus,1610612765,DET,Detroit Pistons,0022400455,2025-01-01T00:00:00,DET vs. ORL,W,6.566666666666666,0.0,5.5,0.0,0.0,5.5,0.0,0.0,0.0,0.0,0.0,0.0,0.0,0.0,0.0,0.0,0.0,0.0,0.0,0.0,0.0,21.9,0.0,0,0,0.0,1,1,13086,1,23340,22635,23105,22635,15070,11995,15070,13505,14344,13505,14058,22137,23286,19908,16469,12854,8263,8846,20257,17725,23200,3469,25228,2246,150,25259,1,6:34
2024-25,1641816,Hunter Tyson,Hunter,1610612743,DEN,Denver Nuggets,0022400461,2025-01-01T00:00:00,DEN vs. ATL,W,4.033333333333333,0.0,0.0,0.0,0.0,0.0,0.0,0.0,0.0,0.0,0.0,0.0,0.0,0.0,0.0,0.0,0.0,0.0,0.0,0.0,0.0,-26.8,0.0,0,0,0.0,1,1,13086,1,24464,22635,24836,22635,15070,20945,15070,13505,14344,13505,14058,22137,23286,19908,16469,12854,8263,8846,20257,17725,23200,23200,25228,2246,150,25259,1,4:02
2024-25,1627750,Jamal Murray,Jamal,1610612743,DEN,Denver Nuggets,0022400461,2025-01-01T00:00:00,DEN vs. ATL,W,35.516666666666666,6.1,14.2,0.429,2.0,5.1,0.4,7.1,7.1,1.0,1.0,2.0,3.0,2.0,2.0,2.0,1.0,1.0,1.0,2.0,21.3,11.1,35.1,0,0,34.5,1,1,13086,1,3054,11278,9849,13735,10028,13035,7874,1946,3278,1,13144,19567,19605,16277,10386,6126,7395,7790,19621,12952,6839,7161,11011,2246,150,10479,1,35:31
2024-25,1630314,Brandon Williams,Brandon,1610612742,DAL,Dallas Mavericks,0022400460,2025-01-01T00:00:00,DAL @ HOU,L,2.05,0.0,0.0,0.0,0.0,0.0,0.0,0.0,0.0,0.0,0.0,0.0,0.0,0.0,0.0,0.0,0.0,0.0,0.0,0.0,0.0,70.2,0.0,0,0,0.0,1,13222,1,13222,25423,22635,24836,22635,15070,20945,15070,13505,14344,13505,14058,22137,23286,19908,16469,12854,8263,8846,20257,17725,23200,242,25228,2246,150,25259,1,2:03
2024-25,1641842,Ronald Holland II,Ronald,1610612765,DET,Detroit Pistons,0022400455,2025-01-01T00:00:00,DET vs. ORL,W,10.166666666666666,3.5,7.1,0.5,0.0,0.0,0.0,0.0,0.0,0.0,0.0,0.0,0.0,3.5,3.5,0.0,0.0,0.0,7.1,0.0,7.1,-28.3,8.9,0,0,10.6,1,1,13086,1,22047,18223,21460,8526,15070,20945,15070,13505,14344,13505,14058,22137,23286,11269,4930,12854,8263,8846,1907,17725,20653,23489,24596,2246,150,24309,1,10:10
2024-25,1642419,Jamison Battle,Jamison,1610612761,TOR,Toronto Raptors,0022400459,2025-01-01T00:00:00,TOR vs. BKN,W,0.6916666666666667,0.0,0.0,0.0,0.0,0.0,0.0,0.0,0.0,0.0,0.0,0.0,0.0,0.0,0.0,0.0,0.0,0.0,0.0,0.0,0.0,-52.0,0.0,0,0,0.0,1,1,13086,1,26161,22635,24836,22635,15070,20945,15070,13505,14344,13505,14058,22137,23286,19908,16469,12854,8263,8846,20257,17725,23200,25470,25228,2246,150,25259,1,0:42
2024-25,1642367,Jonathan Mogbo,Jonathan,1610612761,TOR,Toronto Raptors,0022400459,2025-01-01T00:00:00,TOR vs. BKN,W,0.6916666666666667,0.0,0.0,0.0,0.0,0.0,0.0,0.0,0.0,0.0,0.0,0.0,0.0,0.0,0.0,0.0,0.0,0.0,0.0,0.0,0.0,-52.0,0.0,0,0,0.0,1,1,13086,1,26161,22635,24836,22635,15070,20945,15070,13505,14344,13505,14058,22137,23286,19908,16469,12854,8263,8846,20257,17725,23200,25470,25228,2246,150,25259,1,0:42
2024-25,1642279,Ulrich Chomche,Ulrich,1610612761,TOR,Toronto Raptors,0022400459,2025-01-01T00:00:00,TOR vs. BKN,W,0.6916666666666667,0.0,0.0,0.0,0.0,0.0,0.0,0.0,0.0,0.0,0.0,0.0,0.0,0.0,0.0,0.0,0.0,0.0,52.0,0.0,0.0,-52.0,0.0,0,0,0.0,1,1,13086,1,26161,22635,24836,22635,15070,20945,15070,13505,14344,13505,14058,22137,23286,19908,16469,12854,8263,8846,13,17725,23200,25470,25228,2246,150,25259,1,0:42
2024-25,1630558,Davion Mitchell,Davion,1610612761,TOR,Toronto Raptors,0022400459,2025-01-01T00:00:00,TOR vs. BKN,W,6.483333333333333,0.0,5.6,0.0,0.0,5.6,0.0,0.0,0.0,0.0,0.0,5.6,5.6,5.6,0.0,0.0,0.0,0.0,22.2,0.0,0.0,-16.7,15.0,0,0,11.1,1,1,13086,1,23375,22635,23041,22635,15070,11835,15070,13505,14344,13505,14058,9407,13414,6335,16469,12854,8263,8846,95,17725,23200,20499,23181,2246,150,24196,1,6:29
2024-25,1629312,Haywood Highsmith,Haywood,1610612748,MIA,Miami Heat,0022400457,2025-01-01T00:00:00,MIA vs. NOP,W,26.116666666666667,1.4,8.3,0.167,0.0,4.1,0.0,0.0,0.0,0.0,1.4,2.8,4.1,2.8,2.8,1.4,0.0,0.0,5.5,0.0,2.8,15.2,13.2,0,0,12.4,1,1,13086,1,11073,22313,19841,21938,15070,15260,15070,13505,14344,13505,10841,17541,16987,13726,7352,9016,8263,8846,3681,17725,23007,5559,23710,2246,150,23897,1,26:07
2024-25,1641789,Jazian Gortman,Jazian,1610612742,DAL,Dallas Mavericks,0022400460,2025-01-01T00:00:00,DAL @ HOU,L,1.9,0.0,18.9,0.0,0.0,18.9,0.0,0.0,0.0,0.0,0.0,0.0,0.0,0.0,0.0,0.0,0.0,0.0,0.0,0.0,0.0,75.8,0.0,0,0,0.0,1,13222,1,13222,25521,22635,3793,22635,15070,289,15070,13505,14344,13505,14058,22137,23286,19908,16469,12854,8263,8846,20257,17725,23200,198,25228,2246,150,25259,1,1:54
2024-25,1641715,Cam Whitmore,Cam,1610612745,HOU,Houston Rockets,0022400460,2025-01-01T00:00:00,HOU vs. DAL,W,24.0,10.5,13.5,0.778,4.5,6.0,0.75,1.5,1.5,1.0,0.0,4.5,4.5,1.5,3.0,1.5,0.0,1.5,3.0,1.5,27.0,18.0,36.2,0,0,40.5,1,1,13086,1,12899,2714,11006,1994,3070,10684,1542,11800,13486,1,14058,12261,16050,17974,6468,8407,8263,4776,10710,15001,3208,4558,10266,2246,150,6495,1,24:00
2024-25,1642278,Tyler Kolek,Tyler,1610612752,NYK,New York Knicks,0022400458,2025-01-01T00:00:00,NYK vs. UTA,W,12.383333333333333,2.9,5.8,0.5,0.0,2.9,0.0,0.0,0.0,0.0,0.0,2.9,2.9,11.6,0.0,0.0,0.0,0.0,5.8,0.0,5.8,32.0,26.7,0,0,20.3,1,1,13086,1,21055,19642,22797,8526,15070,17851,15070,13505,14344,13505,14058,17055,19976,802,16469,12854,8263,8846,3195,17725,21513,1736,17121,2246,150,20658,1,12:23
2024-25,1631098,Johnny Davis,Johnny,1610612764,WAS,Washington Wizards,0022400456,2025-01-01T00:00:00,WAS vs. CHI,W,1.6666666666666667,0.0,21.6,0.0,0.0,21.6,0.0,0.0,0.0,0.0,0.0,0.0,0.0,0.0,0.0,0.0,0.0,0.0,0.0,0.0,0.0,-43.2,0.0,0,0,0.0,1,1,13086,1,25675,22635,1986,22635,15070,181,15070,13505,14344,13505,14058,22137,23286,19908,16469,12854,8263,8846,20257,17725,23200,25068,25228,2246,150,25259,1,1:40
2024-25,1630249,Vít Krejčí,Vít,1610612737,ATL,Atlanta Hawks,0022400461,2025-01-01T00:00:00,ATL @ DEN,L,28.361666666666668,6.3,15.2,0.417,3.8,10.2,0.375,1.3,1.3,1.0,1.3,6.3,7.6,6.3,0.0,0.0,2.5,0.0,6.3,1.3,17.8,3.8,44.0,0,0,40.6,1,13222,1,13222,9252,10574,8201,14532,4417,3325,8800,12387,13784,1,11366,7605,8944,4941,16469,12854,2306,8846,2544,16035,10064,10747,5644,2246,150,6431,1,28:22
2024-25,1629656,Quentin Grimes,Quentin,1610612742,DAL,Dallas Mavericks,0022400460,2025-01-01T00:00:00,DAL @ HOU,L,30.183333333333334,7.2,15.5,0.462,2.4,8.3,0.286,3.6,4.8,0.75,1.2,4.8,6.0,3.6,1.2,0.0,1.2,0.0,0.0,4.8,20.3,-6.0,35.2,0,0,34.6,1,13222,1,13222,7604,8570,7812,12428,8531,5828,11433,6536,6351,8186,11843,11511,12375,11150,14496,12854,6220,8846,20257,4570,7682,16043,10943,2246,150,10373,1,30:11
2024-25,1628975,Jevon Carter,Jevon,1610612741,CHI,Chicago Bulls,0022400456,2025-01-01T00:00:00,CHI @ WAS,L,4.35,8.3,8.3,1.0,8.3,8.3,1.0,0.0,0.0,0.0,0.0,0.0,0.0,8.3,0.0,0.0,0.0,0.0,0.0,0.0,24.8,0.0,37.2,0,0,41.4,1,13222,1,13222,24306,6026,19831,1,401,5951,1,13505,14344,13505,14058,22137,23286,2631,16469,12854,8263,8846,20257,17725,4286,12240,9502,2246,150,5986,1,4:21
2024-25,1630215,Jared Butler,Jared,1610612764,WAS,Washington Wizards,0022400456,2025-01-01T00:00:00,WAS vs. CHI,W,1.6666666666666667,0.0,0.0,0.0,0.0,0.0,0.0,0.0,0.0,0.0,0.0,0.0,0.0,21.6,0.0,0.0,0.0,0.0,0.0,0.0,0.0,-43.2,32.4,0,0,21.6,1,1,13086,1,25675,22635,24836,22635,15070,20945,15070,13505,14344,13505,14058,22137,23286,61,16469,12854,8263,8846,20257,17725,23200,25068,13011,2246,150,19898,1,1:40
2024-25,1628398,Kyle Kuzma,Kyle,1610612764,WAS,Washington Wizards,0022400456,2025-01-01T00:00:00,WAS vs. CHI,W,22.166666666666668,3.2,4.9,0.667,0.0,0.0,0.0,1.6,1.6,1.0,0.0,8.1,8.1,8.1,0.0,1.6,0.0,0.0,3.2,3.2,8.1,16.2,34.9,0,0,27.6,1,1,13086,1,14372,18890,23557,3281,15070,20945,15070,11553,13369,1,14058,4530,8052,2765,16469,7903,8263,8846,9653,8406,19816,5160,11112,2246,150,15712,1,22:10
2024-25,1631213,Tyrese Martin,Tyrese,1610612751,BKN,Brooklyn Nets,0022400459,2025-01-01T00:00:00,BKN @ TOR,L,20.0,1.8,7.2,0.25,0.0,3.6,0.0,0.0,0.0,0.0,0.0,7.2,7.2,7.2,0.0,1.8,0.0,0.0,1.8,0.0,3.6,5.4,28.4,0,0,21.6,1,13222,1,13222,16013,21758,21317,20233,15070,16439,15070,13505,14344,13505,14058,5993,9739,3761,16469,7262,8263,8846,16188,17725,22742,9889,15912,2246,150,19892,1,20:00
2024-25,203468,CJ McCollum,CJ,1610612740,NOP,New Orleans Pelicans,0022400457,2025-01-01T00:00:00,NOP @ MIA,L,34.31666666666667,9.4,16.8,0.563,1.0,5.2,0.2,3.1,5.2,0.6,1.0,3.1,4.2,5.2,1.0,0.0,1.0,0.0,1.0,4.2,23.1,-12.6,38.1,0,0,35.7,1,13222,1,13222,3991,3964,6065,7127,14259,12603,13429,7445,5535,10343,12883,16276,16822,6953,15496,12854,7144,8846,19411,5856,5431,18979,8974,2246,150,9612,1,34:19
2024-25,201566,Russell Westbrook,Russell,1610612743,DEN,Denver Nuggets,0022400461,2025-01-01T00:00:00,DEN vs. ATL,W,25.616666666666667,7.0,8.4,0.833,1.4,2.8,0.5,7.0,7.0,1.0,0.0,2.8,2.8,15.5,2.8,0.0,0.0,0.0,4.2,4.2,22.5,33.7,46.2,1,0,42.2,1,1,13086,1,11477,8864,19592,1514,12428,18038,3944,1989,3336,1,14058,17365,20223,257,7177,12854,8263,8846,6511,5800,5862,1543,4654,1,150,5566,1,25:37
2024-25,1629618,Jalen Pickett,Jalen,1610612743,DEN,Denver Nuggets,0022400461,2025-01-01T00:00:00,DEN vs. ATL,W,13.233333333333333,8.2,13.6,0.6,2.7,5.4,0.5,0.0,0.0,0.0,0.0,2.7,2.7,10.9,2.7,0.0,0.0,0.0,2.7,0.0,19.0,-10.9,35.9,0,0,35.4,1,1,13086,1,20639,6282,10828,5394,7475,12100,3944,13505,14344,13505,14058,17633,20403,1040,7462,12854,8263,8846,11947,17725,8810,18273,10424,2246,150,9826,1,13:14
2024-25,1629048,Goga Bitadze,Goga,1610612753,ORL,Orlando Magic,0022400455,2025-01-01T00:00:00,ORL @ DET,L,22.65,4.8,12.7,0.375,0.0,0.0,0.0,3.2,6.4,0.5,1.6,3.2,4.8,9.5,3.2,1.6,0.0,1.6,3.2,3.2,12.7,-9.5,34.3,0,0,30.2,1,13222,1,13222,13991,15061,12358,16299,15070,20945,15070,7373,4056,10625,9965,16162,15372,1685,5879,8029,8263,4462,9958,8632,15370,17687,11567,2246,150,13801,1,22:39
2024-25,1630578,Alperen Sengun,Alperen,1610612745,HOU,Houston Rockets,0022400460,2025-01-01T00:00:00,HOU vs. DAL,W,36.745,8.8,15.7,0.563,0.0,1.0,0.0,4.9,7.8,0.625,0.0,5.9,5.9,3.9,3.9,4.9,0.0,2.9,2.0,8.8,22.5,20.6,46.2,0,0,42.1,1,1,13086,1,2167,5035,7579,7127,15070,20876,15070,4195,2637,10271,14058,8596,12572,10176,4045,958,8263,1406,15358,711,5835,3790,4651,2246,150,5583,1,36:45
2024-25,1642461,Spencer Jones,Spencer,1610612743,DEN,Denver Nuggets,0022400461,2025-01-01T00:00:00,DEN vs. ATL,W,3.3666666666666667,10.7,21.4,0.5,0.0,10.7,0.0,0.0,0.0,0.0,0.0,0.0,0.0,0.0,0.0,0.0,0.0,0.0,0.0,0.0,21.4,-64.2,21.4,0,0,21.4,1,1,13086,1,24790,2511,2096,8526,15070,2777,15070,13505,14344,13505,14058,22137,23286,19908,16469,12854,8263,8846,20257,17725,6740,25773,20476,2246,150,20032,1,3:22
2024-25,1642259,Alex Sarr,Alex,1610612764,WAS,Washington Wizards,0022400456,2025-01-01T00:00:00,WAS vs. CHI,W,24.766666666666666,7.3,16.0,0.455,1.5,2.9,0.5,0.0,1.5,0.0,1.5,13.1,14.5,7.3,2.9,0.0,1.5,0.0,1.5,1.5,16.0,14.5,45.8,1,0,42.2,1,1,13086,1,12199,8295,7133,12676,12237,17851,3944,13505,13535,13505,10522,987,1983,3667,6810,12854,5026,8846,17431,15226,11932,5807,4825,1,150,5569,1,24:46
2024-25,203939,Dwight Powell,Dwight,1610612742,DAL,Dallas Mavericks,0022400460,2025-01-01T00:00:00,DAL @ HOU,L,6.95,0.0,0.0,0.0,0.0,0.0,0.0,10.4,10.4,1.0,0.0,10.4,10.4,0.0,0.0,0.0,10.4,0.0,0.0,5.2,10.4,67.3,53.9,0,0,41.4,1,13222,1,13222,23197,22635,24836,22635,15070,20945,15070,596,1233,1,14058,2314,5048,19908,16469,12854,60,8846,20257,3799,17796,262,2235,2246,150,5954,1,6:57
2024-25,1628366,Lonzo Ball,Lonzo,1610612741,CHI,Chicago Bulls,0022400456,2025-01-01T00:00:00,CHI @ WAS,L,22.466666666666665,3.2,11.2,0.286,1.6,9.6,0.167,0.0,0.0,0.0,1.6,11.2,12.8,6.4,1.6,4.8,1.6,0.0,1.6,0.0,8.0,-9.6,50.6,0,0,41.7,1,13222,1,13222,14137,18980,14999,19630,11663,3961,14236,13505,14344,13505,9908,1795,2927,4840,12319,1017,4539,8846,16867,17725,19914,17726,3090,2246,150,5816,1,22:28
2024-25,1629130,Duncan Robinson,Duncan,1610612748,MIA,Miami Heat,0022400457,2025-01-01T00:00:00,MIA vs. NOP,W,25.15,10.0,18.6,0.538,4.3,10.0,0.429,0.0,0.0,0.0,0.0,5.7,5.7,4.3,0.0,1.4,0.0,1.4,2.9,2.9,24.3,10.0,41.9,0,0,41.5,1,1,13086,1,11876,3203,4114,7978,3394,3466,7394,13505,14344,13505,14058,8980,12952,9135,16469,8748,8263,5055,11351,9717,4590,7688,6650,2246,150,5905,1,25:09
2024-25,1631117,Walker Kessler,Walker,1610612762,UTA,Utah Jazz,0022400458,2025-01-01T00:00:00,UTA @ NYK,L,30.165,3.6,4.8,0.75,0.0,0.0,0.0,0.0,0.0,0.0,3.6,6.0,9.5,6.0,2.4,1.2,1.2,0.0,3.6,1.2,7.2,-16.7,32.3,0,0,27.4,1,13222,1,13222,7631,18125,23626,2107,15070,20945,15070,13505,14344,13505,4241,8411,5998,5559,8713,10225,6216,8846,8495,16436,20591,20520,13052,2246,150,15831,1,30:10
2024-25,1629651,Nic Claxton,Nic,1610612751,BKN,Brooklyn Nets,0022400459,2025-01-01T00:00:00,BKN @ TOR,L,30.133333333333333,8.4,13.1,0.636,0.0,1.2,0.0,2.4,3.6,0.667,0.0,11.9,11.9,4.8,0.0,0.0,0.0,1.2,0.0,3.6,19.1,-20.3,40.6,1,0,35.8,1,13222,1,13222,7648,5868,11594,4689,15070,20627,15070,9370,8718,9425,14058,1391,3540,7971,16469,12854,8263,6304,20257,7442,8726,21636,7384,1,150,9488,1,30:08
2024-25,1630548,Johnny Juzang,Johnny,1610612762,UTA,Utah Jazz,0022400458,2025-01-01T00:00:00,UTA @ NYK,L,22.716666666666665,4.8,9.5,0.5,3.2,6.3,0.5,3.2,3.2,1.0,3.2,4.8,7.9,0.0,0.0,0.0,0.0,0.0,7.9,1.6,15.8,-6.3,25.4,0,0,26.9,1,13222,1,13222,13938,15102,17930,8526,6037,9894,3944,7394,9569,1,5007,11560,8420,19908,16469,12854,8263,8846,1394,14677,12084,16219,18038,2246,150,16197,1,22:43
2024-25,1629023,P.J. Washington,P.J.,1610612742,DAL,Dallas Mavericks,0022400460,2025-01-01T00:00:00,DAL @ HOU,L,16.138333333333332,6.7,17.8,0.375,0.0,2.2,0.0,0.0,0.0,0.0,0.0,6.7,6.7,2.2,0.0,0.0,2.2,0.0,2.2,2.2,13.4,-8.9,31.5,0,0,26.8,1,13222,1,13222,18838,9702,4868,16299,15070,19113,15070,13505,14344,13505,14058,6901,10743,15509,16469,12854,2881,8846,13958,12027,14635,17391,13706,2246,150,16345,1,16:08
2024-25,1641731,Bilal Coulibaly,Bilal,1610612764,WAS,Washington Wizards,0022400456,2025-01-01T00:00:00,WAS vs. CHI,W,8.566666666666666,0.0,4.2,0.0,0.0,0.0,0.0,0.0,0.0,0.0,4.2,0.0,4.2,8.4,4.2,4.2,0.0,0.0,0.0,0.0,0.0,0.0,26.1,0,0,21.0,1,1,13086,1,22608,22635,23992,22635,15070,20945,15070,13505,14344,13505,3298,22137,16795,2504,3494,1453,8263,8846,20257,17725,23200,12240,17580,2246,150,20276,1,8:34
2024-25,1626166,Cameron Payne,Cameron,1610612752,NYK,New York Knicks,0022400458,2025-01-01T00:00:00,NYK vs. UTA,W,35.61666666666667,2.0,9.1,0.222,1.0,3.0,0.333,3.0,4.0,0.75,1.0,2.0,3.0,9.1,3.0,3.0,0.0,0.0,1.0,2.0,8.1,5.1,31.4,0,0,27.3,1,1,13086,1,2975,21367,18568,21205,14483,17583,9209,7712,7751,8186,13169,19589,19627,1940,6347,3080,8263,8846,19641,12979,19845,10083,13716,2246,150,15957,1,35:37
2024-25,1630256,Jae'Sean Tate,Jae'Sean,1610612745,HOU,Houston Rockets,0022400460,2025-01-01T00:00:00,HOU vs. DAL,W,14.605,2.5,12.3,0.2,2.5,2.5,1.0,0.0,0.0,0.0,0.0,7.4,7.4,4.9,0.0,2.5,0.0,9.9,4.9,0.0,7.4,-17.3,31.1,0,0,27.1,1,1,13086,1,19823,20527,13039,21401,8271,18692,1,13505,14344,13505,14058,5697,9381,7621,16469,4496,8263,70,4776,17725,20413,20704,14017,2246,150,16073,1,14:36
2024-25,201569,Eric Gordon,Eric,1610612755,PHI,Philadelphia 76ers,0022400462,2025-01-01T00:00:00,PHI @ SAC,L,27.0,6.7,12.0,0.556,4.0,9.3,0.429,1.3,1.3,1.0,0.0,1.3,1.3,4.0,0.0,0.0,1.3,0.0,0.0,0.0,18.7,0.0,30.3,0,0,30.7,1,13222,1,13222,10332,9769,13575,7248,3999,4331,7394,12219,13686,1,14058,21227,22784,9938,16469,12854,5506,8846,20257,17725,9153,12240,14613,2246,150,13420,1,27:00
2024-25,1630530,Trey Murphy III,Trey,1610612740,NOP,New Orleans Pelicans,0022400457,2025-01-01T00:00:00,NOP @ MIA,L,39.03333333333333,10.1,22.1,0.458,4.6,13.8,0.333,6.5,6.5,1.0,0.9,2.8,3.7,2.8,0.9,0.0,0.0,0.0,2.8,5.5,31.4,-15.7,39.0,0,0,42.4,1,13222,1,13222,873,3063,1761,12650,2870,979,9209,2442,3931,1,13822,17518,18095,13697,16275,12854,8263,8846,11778,3293,1678,20141,8393,2246,150,5447,1,39:02
2024-25,1641824,Matas Buzelis,Matas,1610612741,CHI,Chicago Bulls,0022400456,2025-01-01T00:00:00,CHI @ WAS,L,14.2,5.1,12.7,0.4,2.5,7.6,0.333,0.0,0.0,0.0,2.5,7.6,10.1,0.0,2.5,2.5,2.5,0.0,0.0,0.0,12.7,5.1,37.5,0,0,35.5,1,13222,1,13222,20077,14176,12427,14933,8029,7161,9209,13505,14344,13505,6510,5312,5280,19908,8097,4285,2309,8846,20257,17725,15417,10075,9329,2246,150,9734,1,14:12
2024-25,1630191,Isaiah Stewart,Isaiah,1610612765,DET,Detroit Pistons,0022400455,2025-01-01T00:00:00,DET vs. ORL,W,21.266666666666666,3.4,8.5,0.4,1.7,3.4,0.5,3.4,3.4,1.0,0.0,13.5,13.5,5.1,0.0,0.0,1.7,0.0,5.1,3.4,11.8,-6.8,40.8,0,0,35.5,1,1,13086,1,15095,18570,19547,14933,11421,16894,3944,6931,9127,1,14058,865,2466,7295,16469,12854,4310,8846,4431,7995,16296,16406,7277,2246,150,9702,1,21:16
2024-25,1630192,Zeke Nnaji,Zeke,1610612743,DEN,Denver Nuggets,0022400461,2025-01-01T00:00:00,DEN vs. ATL,W,3.3666666666666667,10.7,21.4,0.5,0.0,0.0,0.0,0.0,0.0,0.0,0.0,0.0,0.0,0.0,0.0,0.0,0.0,0.0,0.0,0.0,21.4,-64.2,21.4,0,0,21.4,1,1,13086,1,24790,2511,2096,8526,15070,20945,15070,13505,14344,13505,14058,22137,23286,19908,16469,12854,8263,8846,20257,17725,6740,25773,20476,2246,150,20032,1,3:22
2024-25,1629008,Michael Porter Jr.,Michael,1610612743,DEN,Denver Nuggets,0022400461,2025-01-01T00:00:00,DEN vs. ATL,W,24.323333333333334,11.8,20.7,0.571,7.4,13.3,0.556,0.0,0.0,0.0,0.0,5.9,5.9,3.0,1.5,1.5,0.0,0.0,1.5,1.5,31.1,35.5,45.6,0,0,50.3,1,1,13086,1,12628,1626,2506,6538,635,1158,3747,13505,14344,13505,14058,8506,12479,13059,12852,8499,8263,8846,17304,15090,1757,1340,4901,2246,150,2444,1,24:19
2024-25,202685,Jonas Valančiūnas,Jonas,1610612764,WAS,Washington Wizards,0022400456,2025-01-01T00:00:00,WAS vs. CHI,W,21.535,10.0,20.1,0.5,0.0,0.0,0.0,3.3,5.0,0.667,3.3,6.7,10.0,10.0,6.7,5.0,0.0,0.0,3.3,3.3,23.4,21.7,58.8,0,0,53.5,1,1,13086,1,14911,3192,2930,8526,15070,20945,15070,7016,5893,9425,4658,6919,5402,1418,1033,890,8263,8846,9281,8119,5198,3525,1358,2246,150,1712,1,21:32
2024-25,1630264,Anthony Gill,Anthony,1610612764,WAS,Washington Wizards,0022400456,2025-01-01T00:00:00,WAS vs. CHI,W,1.6666666666666667,21.6,43.2,0.5,21.6,21.6,1.0,0.0,0.0,0.0,0.0,0.0,0.0,0.0,0.0,0.0,0.0,0.0,0.0,0.0,64.8,-43.2,64.8,0,0,86.4,1,1,13086,1,25675,109,60,8526,23,181,1,13505,14344,13505,14058,22137,23286,19908,16469,12854,8263,8846,20257,17725,66,25068,711,2246,150,108,1,1:40
2024-25,1629673,Jordan Poole,Jordan,1610612764,WAS,Washington Wizards,0022400456,2025-01-01T00:00:00,WAS vs. CHI,W,27.6,13.0,27.4,0.476,7.8,17.0,0.462,5.2,5.2,1.0,1.3,2.6,3.9,2.6,6.5,3.9,0.0,1.3,2.6,6.5,39.1,10.4,53.0,0,0,61.3,1,1,13086,1,9868,1018,453,12010,507,422,7119,3750,5575,1,11177,17927,17536,14185,1119,1726,8263,5628,12392,2062,507,7494,2459,2246,150,707,1,27:36
2024-25,201599,DeAndre Jordan,DeAndre,1610612743,DEN,Denver Nuggets,0022400461,2025-01-01T00:00:00,DEN vs. ATL,W,15.116666666666667,9.5,9.5,1.0,0.0,0.0,0.0,0.0,0.0,0.0,0.0,16.7,16.7,7.1,2.4,2.4,2.4,0.0,2.4,0.0,19.1,-14.3,61.7,0,0,52.4,1,1,13086,1,19484,3839,17895,1,15070,20945,15070,13505,14344,13505,14058,360,1218,3828,8731,4759,2590,8846,13303,17725,8798,19613,1004,2246,150,1948,1,15:07
2024-25,1630595,Cade Cunningham,Cade,1610612765,DET,Detroit Pistons,0022400455,2025-01-01T00:00:00,DET vs. ORL,W,34.333333333333336,7.3,14.7,0.5,4.2,6.3,0.667,1.0,2.1,0.5,1.0,7.3,8.4,9.4,5.2,0.0,1.0,2.1,2.1,4.2,19.9,-3.1,42.0,0,0,44.0,1,1,13086,1,3975,8147,9086,8526,3577,9997,1957,13083,12431,10625,12886,5765,7639,1735,2070,12854,7149,2930,14621,5860,7979,14645,6591,2246,150,4674,1,34:20
2024-25,203897,Zach LaVine,Zach,1610612741,CHI,Chicago Bulls,0022400456,2025-01-01T00:00:00,CHI @ WAS,L,31.216666666666665,13.8,23.1,0.6,3.5,9.2,0.375,5.8,8.1,0.714,0.0,1.2,1.2,3.5,3.5,2.3,1.2,2.3,2.3,4.6,36.9,2.3,50.4,0,0,51.9,1,13222,1,13222,6684,750,1366,5394,5243,4492,8800,3119,2467,9244,14058,21624,23005,11523,5107,5012,6463,2415,13618,4913,706,11461,3152,2246,150,2063,1,31:13
2024-25,1630549,Day'Ron Sharpe,Day'Ron,1610612751,BKN,Brooklyn Nets,0022400459,2025-01-01T00:00:00,BKN @ TOR,L,17.866666666666667,10.1,12.1,0.833,0.0,2.0,0.0,2.0,2.0,1.0,2.0,14.1,16.1,4.0,4.0,4.0,0.0,0.0,4.0,2.0,22.2,0.0,55.6,0,0,50.4,1,13222,1,13222,17651,3139,13434,1514,15070,19528,15070,10593,12681,1,8320,741,1387,9866,3825,1605,8263,8846,7059,13010,6091,12240,1876,2246,150,2430,1,17:52
2024-25,1629012,Collin Sexton,Collin,1610612762,UTA,Utah Jazz,0022400458,2025-01-01T00:00:00,UTA @ NYK,L,31.116666666666667,11.6,15.0,0.769,4.6,5.8,0.8,1.2,1.2,1.0,1.2,3.5,4.6,5.8,4.6,0.0,0.0,0.0,2.3,1.2,28.9,-5.8,38.5,0,0,44.0,1,13222,1,13222,6775,1826,8543,2080,2843,11242,1389,12732,13954,1,12061,15321,15755,5883,2812,12854,8263,8846,13591,16615,2446,15964,8691,2246,150,4709,1,31:07
2024-25,1629661,Cameron Johnson,Cameron,1610612751,BKN,Brooklyn Nets,0022400459,2025-01-01T00:00:00,BKN @ TOR,L,27.75,9.1,15.6,0.583,3.9,6.5,0.6,9.1,9.1,1.0,1.3,0.0,1.3,3.9,3.9,1.3,0.0,1.3,3.9,9.1,31.1,-22.1,38.5,0,0,42.8,1,13222,1,13222,9757,4559,7732,6296,4211,9576,2992,976,1828,1,11209,22137,22821,10253,4102,9468,8263,5665,7467,623,1747,22077,8685,2246,150,5244,1,27:45
2024-25,203999,Nikola Jokić,Nikola,1610612743,DEN,Denver Nuggets,0022400461,2025-01-01T00:00:00,DEN vs. ATL,W,29.516666666666666,9.8,19.5,0.5,1.2,1.2,1.0,7.3,7.3,1.0,3.7,17.1,20.7,18.3,2.4,0.0,1.2,1.2,2.4,6.1,28.1,37.8,81.6,1,1,70.7,1,1,13086,1,8205,3525,3333,8526,13263,20601,1,1789,3080,1,4109,328,443,131,8495,12854,6056,6126,13036,2507,2761,1136,171,1,1,305,1,29:31
2024-25,1631105,Jalen Duren,Jalen,1610612765,DET,Detroit Pistons,0022400455,2025-01-01T00:00:00,DET vs. ORL,W,26.733333333333334,12.1,13.5,0.9,0.0,0.0,0.0,0.0,0.0,0.0,4.0,10.8,14.8,1.3,1.3,1.3,0.0,0.0,4.0,2.7,24.2,17.5,46.7,1,0,43.1,1,1,13086,1,10540,1451,11056,1303,15070,20945,15070,13505,14344,13505,3549,2032,1865,18516,13587,9206,8263,8846,7028,10333,4651,4737,4436,1,150,5093,1,26:44
2024-25,1630178,Tyrese Maxey,Tyrese,1610612755,PHI,Philadelphia 76ers,0022400462,2025-01-01T00:00:00,PHI @ SAC,L,42.42666666666667,8.5,19.5,0.435,2.5,8.5,0.3,3.4,3.4,1.0,0.0,1.7,1.7,5.9,3.4,4.2,0.8,2.5,2.5,1.7,22.9,-7.6,45.7,0,0,43.3,1,13222,1,13222,210,5640,3332,13702,7992,5609,11319,6913,9105,1,14058,20464,22302,5606,5242,1424,8191,1964,12620,14279,5549,16803,4849,2246,150,5007,1,42:26
2024-25,1630527,Brandon Boston,Brandon,1610612740,NOP,New Orleans Pelicans,0022400457,2025-01-01T00:00:00,NOP @ MIA,L,20.216666666666665,8.9,12.5,0.714,0.0,1.8,0.0,7.1,7.1,1.0,1.8,5.3,7.1,1.8,0.0,3.6,0.0,0.0,1.8,3.6,24.9,19.6,46.8,0,0,41.0,1,13222,1,13222,15849,4883,12793,2752,15070,19946,15070,1925,3247,1,9317,9923,9908,17146,16469,2151,8263,8846,16267,7506,4250,4077,4383,2246,150,6227,1,20:13
2024-25,1641774,Tristan Vukcevic,Tristan,1610612764,WAS,Washington Wizards,0022400456,2025-01-01T00:00:00,WAS vs. CHI,W,1.6666666666666667,21.6,21.6,1.0,0.0,0.0,0.0,0.0,0.0,0.0,21.6,0.0,21.6,0.0,0.0,0.0,0.0,0.0,21.6,0.0,43.2,-43.2,69.1,0,0,64.8,1,1,13086,1,25675,109,1986,1,15070,20945,15070,13505,14344,13505,41,22137,361,19908,16469,12854,8263,8846,100,17725,307,25068,472,2246,150,483,1,1:40
2024-25,1626157,Karl-Anthony Towns,Karl-Anthony,1610612752,NYK,New York Knicks,0022400458,2025-01-01T00:00:00,NYK vs. UTA,W,37.385,9.6,19.3,0.5,2.9,5.8,0.5,7.7,8.7,0.889,1.9,18.3,20.2,3.9,1.9,1.0,1.0,1.0,2.9,5.8,29.9,10.6,63.7,1,0,60.7,1,1,13086,1,1749,3684,3539,8526,6900,11262,3944,1554,2078,6857,8723,239,496,10366,10927,12257,7732,8240,11227,2930,2136,7423,816,1,150,762,1,37:23
2024-25,1630567,Scottie Barnes,Scottie,1610612761,TOR,Toronto Raptors,0022400459,2025-01-01T00:00:00,TOR vs. BKN,W,38.025,13.3,17.0,0.778,2.8,3.8,0.75,1.9,1.9,1.0,0.0,12.3,12.3,4.7,2.8,1.9,0.9,0.0,2.8,2.8,31.2,13.3,58.8,1,0,56.8,1,1,13086,1,1371,922,5754,1994,7081,16026,1542,10979,12999,1,14058,1226,3262,8094,7064,6798,7854,8846,11459,9819,1714,6276,1362,1,150,1189,1,38:02
2024-25,1626156,D'Angelo Russell,D'Angelo,1610612751,BKN,Brooklyn Nets,0022400459,2025-01-01T00:00:00,BKN @ TOR,L,26.016666666666666,12.5,18.0,0.692,2.8,8.3,0.333,2.8,2.8,1.0,0.0,2.8,2.8,11.1,4.2,1.4,2.8,0.0,4.2,4.2,30.4,2.8,58.7,0,0,55.3,1,13222,1,13222,11148,1272,4708,3171,7329,5910,9209,8417,10567,1,14058,17515,20326,981,3581,8993,2000,8846,6691,5946,1935,11238,1383,2246,150,1405,1,26:01
2024-25,1628368,De'Aaron Fox,De'Aaron,1610612758,SAC,Sacramento Kings,0022400462,2025-01-01T00:00:00,SAC vs. PHI,W,37.516666666666666,12.5,15.4,0.813,1.9,3.8,0.5,6.7,7.7,0.875,0.0,2.9,2.9,3.8,2.9,0.0,1.0,0.0,2.9,3.8,33.6,11.5,42.8,0,0,44.1,1,1,13086,1,1673,1261,8028,1683,10553,15920,3944,2224,2759,6931,14058,17153,20044,10397,6924,12854,7751,8846,11281,6748,1200,7004,6226,2246,150,4624,1,37:31
2024-25,1627734,Domantas Sabonis,Domantas,1610612758,SAC,Sacramento Kings,0022400462,2025-01-01T00:00:00,SAC vs. PHI,W,36.693333333333335,7.8,13.7,0.571,0.0,0.0,0.0,1.0,2.0,0.5,8.8,11.8,20.6,6.9,6.9,0.0,0.0,1.0,2.9,6.9,16.7,12.8,44.8,1,0,44.1,1,1,13086,1,2208,6962,10595,6538,15070,20945,15070,13292,12829,10625,590,1485,456,4189,952,12854,8263,8084,10960,1768,11198,6498,5249,1,150,4616,1,36:42
2024-25,1641721,Maxwell Lewis,Maxwell,1610612751,BKN,Brooklyn Nets,0022400459,2025-01-01T00:00:00,BKN @ TOR,L,1.0833333333333333,33.2,33.2,1.0,33.2,33.2,1.0,0.0,0.0,0.0,0.0,0.0,0.0,0.0,0.0,0.0,0.0,0.0,0.0,0.0,99.7,-33.2,99.7,0,0,132.9,1,13222,1,13222,26029,20,160,1,3,37,1,13505,14344,13505,14058,22137,23286,19908,16469,12854,8263,8846,20257,17725,10,24198,68,2246,150,18,1,1:05
2024-25,1628389,Bam Adebayo,Bam,1610612748,MIA,Miami Heat,0022400457,2025-01-01T00:00:00,MIA vs. NOP,W,31.3,10.4,16.1,0.643,0.0,2.3,0.0,5.8,5.8,1.0,1.2,9.2,10.4,11.5,4.6,2.3,0.0,0.0,3.5,3.5,26.5,6.9,58.4,1,0,52.9,1,1,13086,1,6607,2867,6973,4607,15070,18980,15070,3134,4813,1,12102,3309,5056,839,2850,5033,8263,8846,8886,7800,3451,9184,1413,1,150,1823,1,31:18
2024-25,1629027,Trae Young,Trae,1610612737,ATL,Atlanta Hawks,0022400461,2025-01-01T00:00:00,ATL @ DEN,L,30.266666666666666,9.5,20.2,0.471,4.8,11.9,0.4,11.9,14.3,0.833,0.0,4.8,4.8,10.7,4.8,2.4,0.0,1.2,1.2,8.3,35.7,-29.7,59.8,0,0,60.7,1,13222,1,13222,7529,3854,2817,12143,2626,1841,7874,349,416,7275,14058,11549,15410,1105,2641,4764,8263,6339,18593,886,880,23697,1214,2246,150,763,1,30:16
2024-25,1641765,Olivier-Maxence Prosper,Olivier-Maxence,1610612742,DAL,Dallas Mavericks,0022400460,2025-01-01T00:00:00,DAL @ HOU,L,7.016666666666667,15.4,15.4,1.0,0.0,0.0,0.0,0.0,0.0,0.0,5.1,10.3,15.4,0.0,0.0,5.1,0.0,0.0,5.1,0.0,30.8,-5.1,64.6,0,0,56.4,1,13222,1,13222,23162,435,7970,1,15070,20945,15070,13505,14344,13505,2258,2384,1609,19908,16469,818,8263,8846,4317,17725,1835,15664,727,2246,150,1242,1,7:01
2024-25,1642276,Kel'el Ware,Kel'el,1610612748,MIA,Miami Heat,0022400457,2025-01-01T00:00:00,MIA vs. NOP,W,16.7,8.6,8.6,1.0,2.2,2.2,1.0,2.2,4.3,0.5,2.2,8.6,10.8,2.2,0.0,0.0,2.2,0.0,4.3,2.2,21.6,10.8,44.2,0,0,41.0,1,1,13086,1,18461,5392,19320,1,9416,19250,1,10100,7185,10625,7734,3909,4622,15792,16469,12854,3053,8846,6239,12365,6590,7330,5577,2246,150,6226,1,16:42
2024-25,1641726,Dereck Lively II,Dereck,1610612742,DAL,Dallas Mavericks,0022400460,2025-01-01T00:00:00,DAL @ HOU,L,20.383333333333333,7.1,8.8,0.8,0.0,0.0,0.0,0.0,0.0,0.0,1.8,8.8,10.6,10.6,0.0,1.8,7.1,1.8,7.1,0.0,14.1,8.8,69.2,0,0,53.0,1,13222,1,13222,15731,8774,18969,1688,15070,20945,15070,13505,14344,13505,9364,3686,4818,1165,16469,7379,199,3987,1932,17725,13811,8255,465,2246,150,1809,1,20:23
2024-25,1629631,De'Andre Hunter,De'Andre,1610612737,ATL,Atlanta Hawks,0022400461,2025-01-01T00:00:00,ATL @ DEN,L,26.1,9.7,19.3,0.5,4.1,6.9,0.6,4.1,6.9,0.6,2.8,2.8,5.5,4.1,2.8,4.1,0.0,1.4,0.0,5.5,27.6,-13.8,50.1,0,0,49.7,1,13222,1,13222,11088,3656,3489,8526,3701,8677,2992,5463,3478,10343,5953,17533,13491,9557,7347,1508,8263,5265,20257,3313,2937,19418,3253,2246,150,2623,1,26:06
2024-25,203903,Jordan Clarkson,Jordan,1610612762,UTA,Utah Jazz,0022400458,2025-01-01T00:00:00,UTA @ NYK,L,32.03333333333333,9.0,22.5,0.4,3.4,7.9,0.429,6.7,10.1,0.667,1.1,3.4,4.5,1.1,5.6,1.1,2.2,2.2,1.1,7.9,28.1,-11.2,39.7,0,0,43.8,1,13222,1,13222,5940,4725,1597,14933,5450,6679,7394,2205,1323,9425,12306,15591,16063,19278,1713,10834,2843,2558,18967,1088,2748,18414,7978,2246,150,4774,1,32:02
2024-25,1630173,Precious Achiuwa,Precious,1610612752,NYK,New York Knicks,0022400458,2025-01-01T00:00:00,NYK vs. UTA,W,13.246666666666666,13.6,21.7,0.625,2.7,2.7,1.0,2.7,5.4,0.5,0.0,8.2,8.2,0.0,0.0,2.7,2.7,0.0,2.7,5.4,32.6,40.8,58.7,0,0,54.4,1,1,13086,1,20635,832,1933,4899,7488,18223,1,8529,5268,10625,14058,4482,8003,19908,16469,3867,2052,8846,11961,3424,1398,929,1375,2246,150,1565,1,13:15
2024-25,1641763,Julian Phillips,Julian,1610612741,CHI,Chicago Bulls,0022400456,2025-01-01T00:00:00,CHI @ WAS,L,7.816666666666666,9.2,13.8,0.667,0.0,4.6,0.0,0.0,0.0,0.0,0.0,0.0,0.0,0.0,0.0,0.0,0.0,0.0,0.0,0.0,18.4,-9.2,18.4,0,0,18.4,1,13222,1,13222,22880,4338,10462,3281,15070,14182,15070,13505,14344,13505,14058,22137,23286,19908,16469,12854,8263,8846,20257,17725,9389,17534,21924,2246,150,21662,1,7:49
2024-25,200768,Kyle Lowry,Kyle,1610612755,PHI,Philadelphia 76ers,0022400462,2025-01-01T00:00:00,PHI @ SAC,L,17.356666666666666,0.0,6.2,0.0,0.0,6.2,0.0,0.0,0.0,0.0,0.0,0.0,0.0,2.1,6.2,2.1,0.0,0.0,2.1,4.1,0.0,-18.7,3.1,0,0,6.2,1,13222,1,13222,18040,22635,22399,22635,15070,10146,15070,13505,14344,13505,14058,22137,23286,16099,1261,5898,8263,8846,14734,5952,23200,21125,25122,2246,150,24983,1,17:21
2024-25,1641741,Ricky Council IV,Ricky,1610612755,PHI,Philadelphia 76ers,0022400462,2025-01-01T00:00:00,PHI @ SAC,L,10.433333333333334,3.5,10.4,0.333,0.0,3.5,0.0,3.5,3.5,1.0,3.5,10.4,13.8,0.0,6.9,0.0,0.0,0.0,0.0,3.5,10.4,38.0,20.0,0,0,24.2,1,13222,1,13222,21947,18424,16460,17395,15070,16758,15070,6791,8984,1,4452,2322,2331,19908,932,12854,8263,8846,20257,7800,17803,1122,21160,2246,150,18234,1,10:26
2024-25,1628989,Kevin Huerter,Kevin,1610612758,SAC,Sacramento Kings,0022400462,2025-01-01T00:00:00,SAC vs. PHI,W,18.336666666666666,2.0,15.7,0.125,0.0,5.9,0.0,0.0,0.0,0.0,3.9,5.9,9.8,0.0,2.0,0.0,2.0,2.0,5.9,0.0,3.9,-21.6,19.6,0,0,17.7,1,1,13086,1,17328,21470,7539,22420,15070,10971,15070,13505,14344,13505,3689,8565,5656,19908,10706,12854,3594,3347,3084,17725,22583,21991,21351,2246,150,21999,1,18:20
2024-25,1629004,Svi Mykhailiuk,Svi,1610612762,UTA,Utah Jazz,0022400458,2025-01-01T00:00:00,UTA @ NYK,L,15.766666666666667,0.0,13.7,0.0,0.0,9.1,0.0,0.0,0.0,0.0,0.0,2.3,2.3,0.0,0.0,0.0,0.0,0.0,2.3,0.0,0.0,-27.4,2.7,0,0,2.3,1,13222,1,13222,19092,22635,10657,22635,15070,4623,15070,13505,14344,13505,14058,18814,21239,19908,16469,12854,8263,8846,13709,17725,23200,23321,25135,2246,150,25249,1,15:46
2024-25,1627732,Ben Simmons,Ben,1610612751,BKN,Brooklyn Nets,0022400459,2025-01-01T00:00:00,BKN @ TOR,L,24.5,1.5,8.8,0.167,0.0,0.0,0.0,0.0,0.0,0.0,0.0,2.9,2.9,8.8,1.5,1.5,0.0,0.0,4.4,0.0,2.9,-26.4,22.6,0,0,17.6,1,13222,1,13222,12473,22206,18999,21938,15070,20945,15070,13505,14344,13505,14058,16940,19890,2171,12905,8533,8263,8846,6003,17725,22970,23122,19795,2246,150,22017,1,24:30
2024-25,1641724,Jett Howard,Jett,1610612753,ORL,Orlando Magic,0022400455,2025-01-01T00:00:00,ORL @ DET,L,15.2,7.1,9.5,0.75,0.0,2.4,0.0,7.1,9.5,0.75,0.0,2.4,2.4,0.0,0.0,0.0,0.0,0.0,2.4,7.1,21.3,-2.4,24.2,0,0,23.7,1,13222,1,13222,19439,8690,17986,2107,15070,18869,15070,1934,1608,8186,14058,18578,21065,19908,16469,12854,8263,8846,13353,1576,6810,14243,18836,2246,150,18549,1,15:12
2024-25,1642274,Yves Missi,Yves,1610612740,NOP,New Orleans Pelicans,0022400457,2025-01-01T00:00:00,NOP @ MIA,L,29.233333333333334,3.7,3.7,1.0,0.0,0.0,0.0,1.2,2.5,0.5,1.2,3.7,4.9,2.5,1.2,0.0,1.2,0.0,3.7,1.2,8.6,-14.8,20.7,0,0,18.5,1,13222,1,13222,8465,17854,24231,1,15070,20945,15070,12498,11308,10625,11595,14650,14992,14671,14225,12854,5991,8846,8105,16229,19412,19810,20846,2246,150,21641,1,29:14
2024-25,203501,Tim Hardaway Jr.,Tim,1610612765,DET,Detroit Pistons,0022400455,2025-01-01T00:00:00,DET vs. ORL,W,32.485,4.4,12.2,0.364,0.0,4.4,0.0,4.4,5.5,0.8,1.1,1.1,2.2,3.3,1.1,0.0,0.0,0.0,2.2,6.6,13.3,17.7,19.8,0,0,18.8,1,1,13086,1,5564,15974,13281,16861,15070,14614,15070,4936,5137,7681,12410,21735,21383,11900,15084,12854,8263,8846,14027,1947,14754,4651,21245,2246,150,21463,1,32:29
2024-25,1641736,Reece Beekman,Reece,1610612751,BKN,Brooklyn Nets,0022400459,2025-01-01T00:00:00,BKN @ TOR,L,3.8666666666666667,0.0,0.0,0.0,0.0,0.0,0.0,9.3,18.6,0.5,0.0,0.0,0.0,9.3,0.0,0.0,0.0,0.0,0.0,9.3,9.3,0.0,23.3,0,0,18.6,1,13222,1,13222,24555,22635,24836,22635,15070,20945,15070,901,165,10625,14058,22137,23286,1801,16469,12854,8263,8846,20257,564,18803,12240,19388,2246,150,21571,1,3:52
2024-25,202692,Alec Burks,Alec,1610612748,MIA,Miami Heat,0022400457,2025-01-01T00:00:00,MIA vs. NOP,W,19.0,1.9,7.6,0.25,1.9,3.8,0.5,5.7,5.7,1.0,0.0,1.9,1.9,3.8,0.0,0.0,0.0,1.9,0.0,1.9,11.4,3.8,19.3,0,0,18.9,1,1,13086,1,16826,21594,20817,20233,10653,16016,3944,3196,4910,1,14058,19992,22008,10522,16469,12854,8263,3568,20257,13539,16824,10757,21485,2246,150,21412,1,19:00
2024-25,202710,Jimmy Butler III,Jimmy,1610612748,MIA,Miami Heat,0022400457,2025-01-01T00:00:00,MIA vs. NOP,W,24.733333333333334,4.4,7.3,0.6,1.5,2.9,0.5,2.9,2.9,1.0,0.0,5.8,5.8,2.9,0.0,0.0,0.0,1.5,1.5,2.9,13.1,13.1,24.5,0,0,23.3,1,1,13086,1,12237,16158,21237,5394,12229,17836,3944,8056,10199,1,14058,8740,12714,13238,16469,12854,8263,4961,17421,9551,14980,6353,18650,2246,150,18809,1,24:44
2024-25,203926,Doug McDermott,Doug,1610612758,SAC,Sacramento Kings,0022400462,2025-01-01T00:00:00,SAC vs. PHI,W,9.195,0.0,7.8,0.0,0.0,7.8,0.0,0.0,0.0,0.0,0.0,0.0,0.0,0.0,3.9,3.9,0.0,0.0,0.0,0.0,0.0,-3.9,7.8,0,0,7.8,1,1,13086,1,22389,22635,20496,22635,15070,6747,15070,13505,14344,13505,14058,22137,23286,19908,4053,1724,8263,8846,20257,17725,23200,15022,24720,2246,150,24787,1,9:12
2024-25,1642258,Zaccharie Risacher,Zaccharie,1610612737,ATL,Atlanta Hawks,0022400461,2025-01-01T00:00:00,ATL @ DEN,L,31.65,6.8,13.6,0.5,1.1,6.8,0.167,0.0,0.0,0.0,3.4,0.0,3.4,2.3,1.1,0.0,1.1,0.0,1.1,1.1,14.8,-19.3,24.6,0,0,23.9,1,13222,1,13222,6279,9357,10737,8526,13729,8838,14236,13505,14344,13505,4512,22137,18757,15323,14887,12854,6555,8846,18877,16725,13130,21352,18562,2246,150,18408,1,31:39
2024-25,1628449,Chris Boucher,Chris,1610612761,TOR,Toronto Raptors,0022400459,2025-01-01T00:00:00,TOR vs. BKN,W,4.583333333333333,7.9,15.7,0.5,7.9,15.7,0.5,0.0,0.0,0.0,0.0,7.9,7.9,0.0,0.0,0.0,0.0,0.0,0.0,0.0,23.6,-55.0,33.0,0,0,39.3,1,1,13086,1,24183,6939,7527,8526,495,564,3944,13505,14344,13505,14058,4935,8533,19908,16469,12854,8263,8846,20257,17725,5083,25566,12603,2246,150,7211,1,4:35
2024-25,1628988,Aaron Holiday,Aaron,1610612745,HOU,Houston Rockets,0022400460,2025-01-01T00:00:00,HOU vs. DAL,W,15.1,4.8,9.5,0.5,0.0,4.8,0.0,0.0,0.0,0.0,0.0,2.4,2.4,2.4,0.0,0.0,0.0,0.0,4.8,0.0,9.5,-19.1,16.0,0,0,14.3,1,1,13086,1,19500,15061,17876,8526,15070,13787,15070,13505,14344,13505,14058,18527,21039,14929,16469,12854,8263,8846,5135,17725,18598,21259,22871,2246,150,23320,1,15:06
2024-25,1629750,Javonte Green,Javonte,1610612740,NOP,New Orleans Pelicans,0022400457,2025-01-01T00:00:00,NOP @ MIA,L,9.05,4.0,8.0,0.5,4.0,4.0,1.0,0.0,0.0,0.0,0.0,4.0,4.0,4.0,4.0,0.0,4.0,0.0,0.0,0.0,11.9,-43.8,30.6,0,0,31.8,1,13222,1,13222,22430,17143,20334,8526,4031,15623,1,13505,14344,13505,14058,13793,17366,9990,3923,12854,932,8846,20257,17725,16212,25106,14324,2246,150,12516,1,9:03
2024-25,1628997,Caleb Martin,Caleb,1610612755,PHI,Philadelphia 76ers,0022400462,2025-01-01T00:00:00,PHI @ SAC,L,39.05,4.6,9.2,0.5,1.8,3.7,0.5,0.0,0.0,0.0,2.8,3.7,6.5,2.8,1.8,2.8,0.9,0.9,2.8,0.0,11.1,-13.8,32.2,0,0,29.5,1,13222,1,13222,864,15465,18376,8526,10902,16248,3944,13505,14344,13505,5934,14670,11270,13699,11349,3764,7994,8545,11779,17725,17129,19439,13201,2246,150,14321,1,39:03
2024-25,1642266,Ja'Kobe Walter,Ja'Kobe,1610612761,TOR,Toronto Raptors,0022400459,2025-01-01T00:00:00,TOR vs. BKN,W,17.65,8.2,12.2,0.667,4.1,8.2,0.5,2.0,4.1,0.5,2.0,4.1,6.1,6.1,0.0,0.0,0.0,2.0,2.0,6.1,22.4,-8.2,39.0,0,0,38.8,1,1,13086,1,17819,6289,13190,3281,3831,6156,3944,10490,7670,10625,8206,13480,11995,5296,16469,12854,8263,3095,14919,2482,5893,17041,8439,2246,150,7552,1,17:39
2024-25,1642348,Justin Edwards,Justin,1610612755,PHI,Philadelphia 76ers,0022400462,2025-01-01T00:00:00,PHI @ SAC,L,4.8,0.0,7.5,0.0,0.0,7.5,0.0,0.0,0.0,0.0,0.0,0.0,0.0,0.0,0.0,7.5,0.0,0.0,15.0,0.0,0.0,67.5,22.5,0,0,15.0,1,13222,1,13222,24089,22635,20924,22635,15070,7397,15070,13505,14344,13505,14058,22137,23286,19908,16469,245,8263,8846,239,17725,23200,260,19874,2246,150,23059,1,4:48
2024-25,1642271,Kyle Filipowski,Kyle,1610612762,UTA,Utah Jazz,0022400458,2025-01-01T00:00:00,UTA @ NYK,L,11.085,3.2,16.2,0.2,0.0,3.2,0.0,0.0,0.0,0.0,9.7,9.7,19.5,6.5,3.2,0.0,3.2,3.2,6.5,0.0,6.5,-13.0,46.1,0,0,39.0,1,13222,1,13222,21666,18899,6781,21401,15070,17182,15070,13505,14344,13505,438,2780,598,4725,5673,12854,1434,1106,2405,17725,21053,19122,4691,2246,150,7398,1,11:05
2024-25,203500,Steven Adams,Steven,1610612745,HOU,Houston Rockets,0022400460,2025-01-01T00:00:00,HOU vs. DAL,W,7.383333333333334,9.8,14.6,0.667,0.0,0.0,0.0,0.0,0.0,0.0,4.9,14.6,19.5,0.0,0.0,0.0,0.0,0.0,0.0,4.9,19.5,-9.8,42.9,0,0,39.0,1,1,13086,1,23034,3535,9166,3281,15070,20945,15070,13505,14344,13505,2479,637,596,19908,16469,12854,8263,8846,20257,4341,8371,17774,6170,2246,150,7374,1,7:23
2024-25,1630702,Jaden Hardy,Jaden,1610612742,DAL,Dallas Mavericks,0022400460,2025-01-01T00:00:00,DAL @ HOU,L,20.703333333333333,7.0,10.4,0.667,3.5,5.2,0.667,1.7,8.7,0.2,0.0,0.0,0.0,5.2,5.2,1.7,0.0,0.0,0.0,3.5,19.1,12.2,27.0,0,0,31.3,1,13222,1,13222,15487,9035,16339,3281,5200,12664,1957,11353,2053,13489,14058,22137,23286,7005,2100,7493,8263,8846,20257,7724,8715,6724,16985,2246,150,12938,1,20:42
2024-25,1627763,Malcolm Brogdon,Malcolm,1610612764,WAS,Washington Wizards,0022400456,2025-01-01T00:00:00,WAS vs. CHI,W,27.8,6.5,15.5,0.417,0.0,1.3,0.0,2.6,2.6,1.0,1.3,3.9,5.2,7.8,1.3,0.0,1.3,2.6,1.3,2.6,15.5,15.5,36.0,0,0,31.1,1,1,13086,1,9716,10245,7767,14532,15070,20500,15070,8825,10997,1,11218,14070,14314,3117,13822,12854,5669,1892,18049,10672,12384,5415,10366,2246,150,13089,1,27:48
2024-25,1641730,Noah Clowney,Noah,1610612751,BKN,Brooklyn Nets,0022400459,2025-01-01T00:00:00,BKN @ TOR,L,28.25,2.5,6.4,0.4,1.3,5.1,0.25,0.0,0.0,0.0,1.3,2.5,3.8,0.0,0.0,1.3,0.0,0.0,0.0,0.0,6.4,-20.4,14.8,0,0,14.0,1,13222,1,13222,9340,20371,22239,14933,12967,12962,11902,13505,14344,13505,11332,18060,17767,19908,16469,9614,8263,8846,20257,17725,21142,21668,23246,2246,150,23420,1,28:15
2024-25,1627751,Jakob Poeltl,Jakob,1610612761,TOR,Toronto Raptors,0022400459,2025-01-01T00:00:00,TOR vs. BKN,W,33.6,6.4,10.7,0.6,0.0,0.0,0.0,0.0,0.0,0.0,4.3,5.4,9.6,2.1,0.0,1.1,2.1,0.0,3.2,2.1,12.9,18.2,37.3,0,0,31.1,1,1,13086,1,4641,10367,15860,5394,15070,20945,15070,13505,14344,13505,3186,9881,5880,15848,16469,11262,3090,8846,9805,12425,15235,4489,9477,2246,150,13098,1,33:36
2024-25,202691,Klay Thompson,Klay,1610612742,DAL,Dallas Mavericks,0022400460,2025-01-01T00:00:00,DAL @ HOU,L,31.7,6.8,12.5,0.545,4.5,9.1,0.5,0.0,0.0,0.0,1.1,4.5,5.7,1.1,5.7,1.1,0.0,0.0,3.4,0.0,18.2,-23.8,24.4,0,0,31.8,1,13222,1,13222,6233,9387,12741,7695,2990,4693,3944,13505,14344,13505,12223,12143,13088,19247,1658,10716,8263,8846,9054,17725,9654,22534,18673,2246,150,12544,1,31:42
2024-25,1641729,Brice Sensabaugh,Brice,1610612762,UTA,Utah Jazz,0022400458,2025-01-01T00:00:00,UTA @ NYK,L,14.666666666666666,4.9,12.3,0.4,0.0,7.4,0.0,0.0,0.0,0.0,2.5,7.4,9.8,2.5,0.0,0.0,0.0,0.0,0.0,0.0,9.8,-34.4,25.3,0,0,22.1,1,13222,1,13222,19783,14654,13125,14933,15070,7697,15070,13505,14344,13505,6767,5730,5646,14697,16469,12854,8263,8846,20257,17725,18338,24343,18081,2246,150,19623,1,14:40
2024-25,1630592,Jalen Wilson,Jalen,1610612751,BKN,Brooklyn Nets,0022400459,2025-01-01T00:00:00,BKN @ TOR,L,31.483333333333334,3.4,12.6,0.273,1.1,5.7,0.2,3.4,3.4,1.0,1.1,0.0,1.1,0.0,1.1,0.0,0.0,2.3,3.4,2.3,11.4,-11.4,11.7,0,0,13.7,1,13222,1,13222,6421,18475,12617,20048,13688,11409,13429,6832,9027,1,12170,22137,23019,19908,14841,12854,8263,2457,8972,11805,16746,18497,24097,2246,150,23494,1,31:29
2024-25,1631223,David Roddy,David,1610612737,ATL,Atlanta Hawks,0022400461,2025-01-01T00:00:00,ATL @ DEN,L,17.066666666666666,8.4,14.8,0.571,4.2,6.3,0.667,0.0,0.0,0.0,0.0,2.1,2.1,4.2,4.2,0.0,0.0,4.2,2.1,0.0,21.1,10.5,25.7,0,0,31.6,1,13222,1,13222,18215,5732,8962,6538,3532,9925,1957,13505,14344,13505,14058,19337,21592,9339,3472,12854,8263,580,14569,17725,7007,7449,17794,2246,150,12679,1,17:04
2024-25,1627736,Malik Beasley,Malik,1610612765,DET,Detroit Pistons,0022400455,2025-01-01T00:00:00,DET vs. ORL,W,22.076666666666668,0.0,11.4,0.0,0.0,6.5,0.0,3.3,3.3,1.0,1.6,8.2,9.8,1.6,6.5,0.0,0.0,1.6,1.6,1.6,3.3,-6.5,10.9,0,0,14.7,1,1,13086,1,14439,22635,14632,22635,15070,9496,15070,7183,9403,1,9809,4481,5696,17572,1118,12854,8263,4360,16777,14524,22866,16302,24254,2246,150,23189,1,22:05
2024-25,1631216,Caleb Houstan,Caleb,1610612753,ORL,Orlando Magic,0022400455,2025-01-01T00:00:00,ORL @ DET,L,27.3,1.3,5.3,0.25,1.3,5.3,0.25,0.0,0.0,0.0,1.3,1.3,2.6,1.3,0.0,2.6,0.0,1.3,4.0,0.0,4.0,7.9,17.0,0,0,14.5,1,13222,1,13222,10100,22383,23277,20233,12791,12536,11902,13505,14344,13505,11109,21248,20570,18601,16469,4050,8263,5558,7264,17725,22570,8679,22481,2246,150,23254,1,27:18
2024-25,1631170,Jaime Jaquez Jr.,Jaime,1610612748,MIA,Miami Heat,0022400457,2025-01-01T00:00:00,MIA vs. NOP,W,23.266666666666666,7.7,13.9,0.556,1.5,1.5,1.0,1.5,6.2,0.25,3.1,3.1,6.2,6.2,0.0,3.1,0.0,1.5,3.1,3.1,18.6,3.1,44.6,0,0,38.7,1,1,13086,1,13494,7192,10294,7248,11869,20228,1,11697,4237,13358,5143,16420,11845,5173,16469,2939,8263,4602,10287,8901,9249,11060,5383,2246,150,7600,1,23:16
2024-25,1628976,Wendell Carter Jr.,Wendell,1610612753,ORL,Orlando Magic,0022400455,2025-01-01T00:00:00,ORL @ DET,L,34.06666666666667,7.4,15.9,0.467,0.0,4.2,0.0,1.1,2.1,0.5,2.1,6.3,8.5,1.1,1.1,2.1,1.1,0.0,3.2,2.1,15.9,-11.6,36.0,0,0,31.7,1,13222,1,13222,4190,8019,7343,12249,15070,15058,15070,13060,12380,10625,7908,7616,7542,19503,15449,5725,7084,8846,9998,12549,12079,18584,10345,2246,150,12623,1,34:04
2024-25,1629659,Talen Horton-Tucker,Talen,1610612741,CHI,Chicago Bulls,0022400456,2025-01-01T00:00:00,CHI @ WAS,L,15.916666666666666,6.8,11.3,0.6,2.3,4.5,0.5,0.0,0.0,0.0,2.3,4.5,6.8,0.0,0.0,0.0,2.3,0.0,2.3,2.3,15.8,-40.7,30.8,0,0,29.4,1,13222,1,13222,18986,9459,14808,5394,9004,14373,3944,13505,14344,13505,7374,12196,10561,19908,16469,12854,2819,8846,13810,11894,12091,24896,14233,2246,150,14402,1,15:55
2024-25,1627777,Georges Niang,Georges,1610612739,CLE,Cleveland Cavaliers,0022400454,2024-12-31T00:00:00,CLE @ LAL,W,18.216666666666665,5.9,9.9,0.6,4.0,5.9,0.667,2.0,4.0,0.5,2.0,4.0,5.9,2.0,0.0,0.0,0.0,0.0,2.0,2.0,17.8,-5.9,27.9,0,0,29.6,1,1,13086,1,17428,11713,17284,5394,4092,10863,1957,10722,7939,10625,8494,13870,12458,16456,16469,12854,8263,8846,15271,13176,10044,16027,16325,2246,150,14212,1,18:13
2024-25,1630198,Isaiah Joe,Isaiah,1610612760,OKC,Oklahoma City Thunder,0022400452,2024-12-31T00:00:00,OKC vs. MIN,W,12.65,8.5,17.1,0.5,2.8,11.4,0.25,0.0,0.0,0.0,0.0,0.0,0.0,2.8,0.0,2.8,0.0,0.0,0.0,0.0,19.9,56.9,32.7,0,0,31.3,1,1,13086,1,20920,5548,5719,8526,7062,2189,11902,13505,14344,13505,14058,22137,23286,13455,16469,3562,8263,8846,20257,17725,7981,407,12780,2246,150,12922,1,12:39
2024-25,1627884,Derrick Jones Jr.,Derrick,1610612746,LAC,LA Clippers,0022400451,2024-12-31T00:00:00,LAC @ SAS,L,21.133333333333333,3.4,8.5,0.4,1.7,5.1,0.333,1.7,3.4,0.5,1.7,1.7,3.4,0.0,1.7,0.0,0.0,0.0,1.7,1.7,10.2,-32.4,12.6,0,0,15.3,1,13222,1,13222,15195,18530,19465,14933,11393,12921,9209,11405,9078,10625,9567,20454,18768,19908,11902,12854,8263,8846,16529,14254,17931,24081,23865,2246,150,22938,1,21:08
2024-25,1628392,Isaiah Hartenstein,Isaiah,1610612760,OKC,Oklahoma City Thunder,0022400452,2024-12-31T00:00:00,OKC vs. MIN,W,32.0,5.6,11.3,0.5,0.0,1.1,0.0,5.6,5.6,1.0,3.4,7.9,11.3,4.5,0.0,1.1,2.3,2.3,1.1,3.4,16.9,14.6,47.3,1,0,39.4,1,1,13086,1,5961,12631,14928,8526,15070,20716,15070,3286,5010,1,4593,4906,4194,8651,16469,10822,2839,2550,18962,8031,10983,5770,4229,1,150,7146,1,32:00
2024-25,1627826,Ivica Zubac,Ivica,1610612746,LAC,LA Clippers,0022400451,2024-12-31T00:00:00,LAC @ SAS,L,22.166666666666668,3.2,11.4,0.286,0.0,0.0,0.0,1.6,3.2,0.5,3.2,8.1,11.4,3.2,1.6,0.0,0.0,3.2,3.2,3.2,8.1,-30.9,25.0,0,0,22.7,1,13222,1,13222,14372,18890,14711,19630,15070,20945,15070,11553,9418,10625,4844,4530,4074,12147,12238,12854,8263,1103,9653,8406,19816,23860,18280,2246,150,19176,1,22:10
2024-25,1628971,Bruce Brown,Bruce,1610612761,TOR,Toronto Raptors,0022400449,2024-12-31T00:00:00,TOR @ BOS,L,19.383333333333333,3.7,13.0,0.286,1.9,3.7,0.5,1.9,3.7,0.5,1.9,1.9,3.7,1.9,0.0,1.9,0.0,1.9,5.6,1.9,11.1,-40.9,24.0,0,0,22.3,1,13222,1,13222,16510,17797,11853,19630,10843,16181,3944,11102,8453,10625,9002,20091,18032,16905,16469,6992,8263,3714,3593,13707,17045,24903,18983,2246,150,19495,1,19:23
2024-25,1642266,Ja'Kobe Walter,Ja'Kobe,1610612761,TOR,Toronto Raptors,0022400449,2024-12-31T00:00:00,TOR @ BOS,L,22.383333333333333,1.6,16.1,0.1,0.0,6.4,0.0,1.6,3.2,0.5,1.6,1.6,3.2,3.2,1.6,0.0,1.6,3.2,1.6,1.6,4.8,-41.8,16.7,0,0,14.5,1,13222,1,13222,14203,22020,6999,22561,15070,9686,15070,11586,9489,10625,9886,20656,19187,12239,12300,12854,4531,1142,16838,14599,22111,24962,22588,2246,150,23260,1,22:23
2024-25,1626164,Devin Booker,Devin,1610612756,PHX,Phoenix Suns,0022400453,2024-12-31T00:00:00,PHX vs. MEM,L,30.35,4.7,23.7,0.2,2.4,9.5,0.25,7.1,7.1,1.0,1.2,3.6,4.7,10.7,3.6,1.2,0.0,3.6,1.2,7.1,19.0,-1.2,40.7,0,0,39.1,1,13222,1,13222,7456,15138,1147,21401,8585,4125,11902,1928,3250,1,11890,15060,15460,1126,4880,10298,8263,871,18616,1568,8880,13669,7340,2246,150,7300,1,30:21
2024-25,1630214,Xavier Tillman,Xavier,1610612738,BOS,Boston Celtics,0022400449,2024-12-31T00:00:00,BOS vs. TOR,W,9.066666666666666,4.0,4.0,1.0,0.0,0.0,0.0,0.0,0.0,0.0,0.0,0.0,0.0,0.0,0.0,7.9,4.0,0.0,0.0,0.0,7.9,39.7,43.7,0,0,31.8,1,1,13086,1,22424,17157,24105,1,15070,20945,15070,13505,14344,13505,14058,22137,23286,19908,16469,218,935,8846,20257,17725,19968,999,5820,2246,150,12561,1,9:04
2024-25,1642346,Ryan Dunn,Ryan,1610612756,PHX,Phoenix Suns,0022400453,2024-12-31T00:00:00,PHX vs. MEM,L,34.943333333333335,3.1,7.2,0.429,2.1,5.2,0.4,0.0,0.0,0.0,3.1,6.2,9.3,3.1,0.0,2.1,2.1,0.0,3.1,0.0,8.2,4.1,36.4,0,0,30.9,1,13222,1,13222,3509,19225,21309,13735,9870,12822,7874,13505,14344,13505,5146,7943,6350,12635,16469,5961,3317,8846,10307,17725,19712,10585,10104,2246,150,13245,1,34:57
2024-25,1628436,Luke Kornet,Luke,1610612738,BOS,Boston Celtics,0022400449,2024-12-31T00:00:00,BOS vs. TOR,W,13.05,2.8,5.5,0.5,0.0,0.0,0.0,0.0,0.0,0.0,2.8,8.3,11.0,5.5,2.8,0.0,0.0,0.0,0.0,0.0,5.5,46.9,24.3,0,0,22.1,1,1,13086,1,20717,19962,23076,8526,15070,20945,15070,13505,14344,13505,5953,4316,4381,6392,7347,12854,8263,8846,20257,17725,21722,639,18759,2246,150,19641,1,13:03
2024-25,1630558,Davion Mitchell,Davion,1610612761,TOR,Toronto Raptors,0022400449,2024-12-31T00:00:00,TOR @ BOS,L,26.15,4.1,5.5,0.75,2.8,2.8,1.0,1.4,2.8,0.5,0.0,2.8,2.8,4.1,6.9,0.0,0.0,0.0,2.8,2.8,12.4,-24.8,15.0,0,0,22.0,1,13222,1,13222,11042,16770,23083,2107,7371,18156,1,12083,10604,10625,14058,17551,20350,9573,941,12854,8263,8846,11827,10137,15729,22759,23174,2246,150,19665,1,26:09
2024-25,1630167,Obi Toppin,Obi,1610612754,IND,Indiana Pacers,0022400450,2024-12-31T00:00:00,IND vs. MIL,L,12.416666666666666,2.9,8.7,0.333,0.0,2.9,0.0,5.8,11.6,0.5,0.0,5.8,5.8,5.8,2.9,0.0,2.9,0.0,0.0,8.7,11.6,-37.7,33.1,0,0,29.0,1,13222,1,13222,21035,19659,19193,17395,15070,17868,15070,3086,872,10625,14058,8796,12763,5856,6845,12854,1824,8846,20257,755,16573,24670,12551,2246,150,14708,1,12:25
2024-25,1631108,Max Christie,Max,1610612747,LAL,Los Angeles Lakers,0022400454,2024-12-31T00:00:00,LAL vs. CLE,L,28.383333333333333,2.5,7.6,0.333,1.3,6.3,0.2,0.0,0.0,0.0,0.0,1.3,1.3,2.5,0.0,1.3,0.0,0.0,3.8,0.0,6.3,-21.6,15.5,0,0,14.0,1,13222,1,13222,9227,20399,20776,17395,12988,9882,13429,13505,14344,13505,14058,21343,22852,14414,16469,9661,8263,8846,7717,17725,21157,21983,23031,2246,150,23434,1,28:23
2024-25,1642285,Cam Spencer,Cam,1610612763,MEM,Memphis Grizzlies,0022400453,2024-12-31T00:00:00,MEM @ PHX,W,16.233333333333334,2.2,8.9,0.25,0.0,6.7,0.0,0.0,0.0,0.0,4.4,4.4,8.9,6.7,2.2,4.4,0.0,0.0,6.7,0.0,4.4,20.0,36.1,0,0,28.8,1,1,13086,1,18766,21000,18907,20233,15070,9209,15070,13505,14344,13505,3002,12436,6923,4502,9442,1274,8263,8846,2264,17725,22325,3964,10269,2246,150,14840,1,16:14
2024-25,1630538,Bones Hyland,Bones,1610612746,LAC,LA Clippers,0022400451,2024-12-31T00:00:00,LAC @ SAS,L,17.333333333333332,4.2,20.8,0.2,2.1,12.5,0.167,4.2,4.2,1.0,0.0,2.1,2.1,4.2,2.1,0.0,0.0,2.1,2.1,2.1,14.5,-18.7,21.2,0,0,22.8,1,13222,1,13222,18048,16718,2468,21401,9779,1546,14236,5432,7515,1,14058,19433,21659,9512,10114,12854,8263,2978,14715,12725,13365,21136,20602,2246,150,19105,1,17:20
2024-25,1627783,Pascal Siakam,Pascal,1610612754,IND,Indiana Pacers,0022400450,2024-12-31T00:00:00,IND vs. MIL,L,31.0,7.0,16.3,0.429,3.5,8.1,0.429,5.8,9.3,0.625,0.0,8.1,8.1,4.6,1.2,0.0,0.0,0.0,3.5,5.8,23.2,-5.8,38.8,0,0,39.5,1,13222,1,13222,6873,8999,6742,13735,5180,6225,7394,3077,1715,10271,14058,4518,8044,8315,14718,12854,8263,8846,8791,2889,5340,15972,8544,2246,150,7080,1,31:00
2024-25,1629018,Gary Trent Jr.,Gary,1610612749,MIL,Milwaukee Bucks,0022400450,2024-12-31T00:00:00,MIL @ IND,W,28.683333333333334,6.3,11.3,0.556,5.0,6.3,0.8,0.0,0.0,0.0,0.0,2.5,2.5,1.3,0.0,2.5,0.0,0.0,1.3,0.0,17.6,6.3,30.0,0,0,31.4,1,1,13086,1,8938,10777,14837,7248,2250,10031,1389,13505,14344,13505,14058,18158,20791,18825,16469,4354,8263,8846,18245,17725,10250,9483,14800,2246,150,12870,1,28:41
2024-25,1629026,Kenrich Williams,Kenrich,1610612760,OKC,Oklahoma City Thunder,0022400452,2024-12-31T00:00:00,OKC vs. MIN,W,14.616666666666667,4.9,9.9,0.5,2.5,4.9,0.5,0.0,0.0,0.0,2.5,2.5,4.9,0.0,2.5,2.5,0.0,0.0,4.9,0.0,12.3,-9.9,23.2,0,0,24.6,1,1,13086,1,19811,14616,17325,8526,8272,13376,3944,13505,14344,13505,6740,18287,14992,19908,8393,4498,8263,8846,4784,17725,15812,17814,19463,2246,150,17935,1,14:37
2024-25,1627759,Jaylen Brown,Jaylen,1610612738,BOS,Boston Celtics,0022400449,2024-12-31T00:00:00,BOS vs. TOR,W,25.466666666666665,8.5,18.4,0.462,0.0,2.8,0.0,0.0,0.0,0.0,7.1,5.7,12.7,4.2,4.2,1.4,0.0,1.4,1.4,4.2,17.0,15.5,38.6,0,0,36.8,1,1,13086,1,11613,5646,4311,12428,15070,17998,15070,13505,14344,13505,1117,9153,2981,9274,3428,8824,8263,5127,17568,5740,10882,5408,8651,2246,150,8873,1,25:28
2024-25,1631114,Jalen Williams,Jalen,1610612760,OKC,Oklahoma City Thunder,0022400452,2024-12-31T00:00:00,OKC vs. MIN,W,37.733333333333334,5.7,11.4,0.5,1.0,3.8,0.25,1.0,3.8,0.25,0.0,6.7,6.7,6.7,2.9,2.9,0.0,1.0,2.9,3.8,13.4,-9.5,37.1,0,0,33.4,1,1,13086,1,1546,12342,14571,8526,14773,15963,11902,13364,8207,13358,14058,6939,10776,4455,6986,3507,8263,8306,11353,6802,14678,17692,9621,2246,150,11329,1,37:44
2024-25,203114,Khris Middleton,Khris,1610612749,MIL,Milwaukee Bucks,0022400450,2024-12-31T00:00:00,MIL @ IND,W,30.815,4.7,12.9,0.364,1.2,4.7,0.25,7.0,7.0,1.0,2.3,4.7,7.0,8.2,4.7,0.0,0.0,3.5,4.7,3.5,17.5,2.3,33.5,0,0,33.9,1,1,13086,1,7036,15307,12131,16861,13545,14028,11902,2005,3359,1,7132,11793,10133,2722,2752,12854,8263,912,5354,7648,10302,11446,12174,2246,150,10941,1,30:49
2024-25,1641717,Cason Wallace,Cason,1610612760,OKC,Oklahoma City Thunder,0022400452,2024-12-31T00:00:00,OKC vs. MIN,W,32.0,1.1,9.0,0.125,0.0,4.5,0.0,3.4,4.5,0.75,1.1,1.1,2.3,7.9,0.0,4.5,0.0,0.0,2.3,2.3,5.6,21.4,33.6,0,0,24.8,1,1,13086,1,5961,22560,18708,22420,15070,14425,15070,6948,6840,8186,12295,21699,21317,3024,16469,1225,8263,8846,13879,11936,21645,3607,12081,2246,150,17854,1,32:00
2024-25,1629638,Nickeil Alexander-Walker,Nickeil,1610612750,MIN,Minnesota Timberwolves,0022400452,2024-12-31T00:00:00,MIN @ OKC,L,19.395,5.6,5.6,1.0,3.7,3.7,1.0,0.0,0.0,0.0,0.0,7.4,7.4,1.9,9.3,0.0,0.0,0.0,5.6,1.9,14.8,-22.3,17.3,0,0,27.8,1,13222,1,13222,16507,12796,23028,1,4671,16187,1,13505,14344,13505,14058,5636,9312,16911,393,12854,8263,8846,3597,13711,13067,22155,22390,2246,150,15546,1,19:24
2024-25,101108,Chris Paul,Chris,1610612759,SAS,San Antonio Spurs,0022400451,2024-12-31T00:00:00,SAS vs. LAC,W,20.15,5.4,8.9,0.6,1.8,3.6,0.5,0.0,0.0,0.0,3.6,12.5,16.1,7.1,0.0,5.4,0.0,0.0,1.8,0.0,12.5,33.9,58.6,0,0,48.2,1,1,13086,1,15903,13367,18818,5394,11125,16507,3944,13505,14344,13505,4261,1157,1402,3827,16469,709,8263,8846,16246,17725,15587,1511,1396,2246,150,3069,1,20:09
2024-25,1628401,Derrick White,Derrick,1610612738,BOS,Boston Celtics,0022400449,2024-12-31T00:00:00,BOS vs. TOR,W,27.366666666666667,7.9,10.5,0.75,3.9,3.9,1.0,1.3,2.6,0.5,0.0,5.3,5.3,3.9,2.6,1.3,5.3,1.3,2.6,1.3,21.0,38.1,50.4,0,0,47.4,1,1,13086,1,10046,6859,16171,2107,4102,15685,1,12260,10898,10625,14058,10122,14129,10083,7763,9377,446,5575,12318,15831,7048,1105,3159,2246,150,3353,1,27:22
2024-25,1629640,Keldon Johnson,Keldon,1610612759,SAS,San Antonio Spurs,0022400451,2024-12-31T00:00:00,SAS vs. LAC,W,19.0,13.3,20.8,0.636,1.9,7.6,0.25,3.8,3.8,1.0,1.9,9.5,11.4,1.9,1.9,0.0,0.0,0.0,0.0,1.9,32.2,28.4,46.8,0,0,47.4,1,1,13086,1,16826,916,2432,4689,10653,7213,11902,6103,8275,1,8840,3047,4074,16767,11073,12854,8263,8846,20257,13539,1479,2196,4400,2246,150,3348,1,19:00
2024-25,1628380,Zach Collins,Zach,1610612759,SAS,San Antonio Spurs,0022400451,2024-12-31T00:00:00,SAS vs. LAC,W,16.733333333333334,4.3,10.8,0.4,0.0,4.3,0.0,6.5,6.5,1.0,6.5,2.2,8.6,8.6,0.0,2.2,0.0,0.0,2.2,8.6,15.1,30.1,44.7,0,0,36.6,1,1,13086,1,18432,16315,15769,14933,15070,14905,15070,2447,3934,1,1389,19205,7301,2335,16469,5585,8263,8846,14351,783,12847,1949,5303,2246,150,8999,1,16:44
2024-25,203081,Damian Lillard,Damian,1610612749,MIL,Milwaukee Bucks,0022400450,2024-12-31T00:00:00,MIL @ IND,W,35.95,3.0,14.0,0.214,3.0,9.0,0.333,0.0,0.0,0.0,2.0,2.0,4.0,5.0,4.0,2.0,0.0,1.0,2.0,1.0,9.0,4.0,23.3,0,0,25.0,1,1,13086,1,2713,19408,10139,21369,6488,4803,9209,13505,14344,13505,8374,19652,17303,7460,3874,6239,8263,7909,15129,17394,19065,10646,19353,2246,150,17651,1,35:57
2024-25,1628978,Donte DiVincenzo,Donte,1610612750,MIN,Minnesota Timberwolves,0022400452,2024-12-31T00:00:00,MIN @ OKC,L,29.833333333333332,3.6,12.1,0.3,2.4,8.4,0.286,2.4,2.4,1.0,1.2,3.6,4.8,6.0,2.4,0.0,0.0,1.2,2.4,2.4,12.1,-7.2,24.5,0,0,25.3,1,13222,1,13222,7938,18034,13474,19363,8440,5672,11433,9296,11443,1,11750,14870,15230,5426,8598,12854,8263,6207,13136,11297,16074,16609,18615,2246,150,17401,1,29:50
2024-25,1631260,AJ Green,AJ,1610612749,MIL,Milwaukee Bucks,0022400450,2024-12-31T00:00:00,MIL @ IND,W,16.316666666666666,6.6,13.2,0.5,6.6,13.2,0.5,0.0,0.0,0.0,2.2,2.2,4.4,2.2,0.0,0.0,0.0,0.0,11.0,0.0,19.9,17.7,28.5,0,0,33.1,1,1,13086,1,18711,9882,11415,8526,939,1192,3944,13505,14344,13505,7565,19052,16254,15603,16469,12854,8263,8846,534,17725,8024,4693,15901,2246,150,11579,1,16:19
2024-25,1630598,Aaron Wiggins,Aaron,1610612760,OKC,Oklahoma City Thunder,0022400452,2024-12-31T00:00:00,OKC vs. MIN,W,13.666666666666666,7.9,15.8,0.5,2.6,5.3,0.5,0.0,0.0,0.0,0.0,7.9,7.9,2.6,2.6,2.6,0.0,0.0,0.0,0.0,18.4,-21.1,37.1,0,0,36.9,1,1,13086,1,20381,6844,7409,8526,7727,12545,3944,13505,14344,13505,14058,4855,8456,14101,7755,4057,8263,8846,20257,17725,9378,21848,9590,2246,150,8798,1,13:40
2024-25,201572,Brook Lopez,Brook,1610612749,MIL,Milwaukee Bucks,0022400450,2024-12-31T00:00:00,MIL @ IND,W,23.8,10.6,16.6,0.636,0.0,4.5,0.0,3.0,3.0,1.0,1.5,6.1,7.6,4.5,1.5,0.0,0.0,0.0,0.0,3.0,24.2,-21.2,38.6,0,0,36.3,1,1,13086,1,13075,2634,6259,4689,15070,14343,15070,7734,9914,1,10262,8223,9044,8557,12688,12854,8263,8846,20257,9143,4678,21879,8659,2246,150,9154,1,23:48
2024-25,1630217,Desmond Bane,Desmond,1610612763,MEM,Memphis Grizzlies,0022400453,2024-12-31T00:00:00,MEM @ PHX,W,36.88333333333333,12.7,24.4,0.52,3.9,7.8,0.5,1.0,2.9,0.333,1.0,3.9,4.9,6.8,3.9,0.0,1.0,2.0,3.9,2.0,30.3,2.0,45.4,0,0,47.8,1,1,13086,1,2069,1158,951,8497,4190,6784,3944,13307,10152,13132,13452,14012,15111,4246,4080,12854,7649,3379,7435,13309,2000,11647,4997,2246,150,3211,1,36:53
2024-25,1631104,Blake Wesley,Blake,1610612759,SAS,San Antonio Spurs,0022400451,2024-12-31T00:00:00,SAS vs. LAC,W,8.55,4.2,4.2,1.0,0.0,0.0,0.0,0.0,0.0,0.0,0.0,0.0,0.0,16.8,0.0,0.0,4.2,0.0,0.0,0.0,8.4,16.8,46.3,0,0,33.7,1,1,13086,1,22616,16562,23984,1,15070,20945,15070,13505,14344,13505,14058,22137,23286,166,16469,12854,808,8846,20257,17725,19578,4960,4611,2246,150,11089,1,8:33
2024-25,1628964,Mo Bamba,Mo,1610612746,LAC,LA Clippers,0022400451,2024-12-31T00:00:00,LAC @ SAS,L,7.166666666666667,5.0,20.1,0.25,0.0,15.1,0.0,0.0,0.0,0.0,5.0,5.0,10.0,5.0,0.0,0.0,0.0,0.0,5.0,0.0,10.0,-55.3,29.6,0,0,25.1,1,13222,1,13222,23108,14310,2894,20233,15070,676,15070,13505,14344,13505,2354,10813,5374,7402,16469,12854,8263,8846,4554,17725,18111,25573,15063,2246,150,17584,1,7:10
2024-25,1627814,Damion Lee,Damion,1610612756,PHX,Phoenix Suns,0022400453,2024-12-31T00:00:00,PHX vs. MEM,L,1.6666666666666667,0.0,21.6,0.0,0.0,21.6,0.0,0.0,0.0,0.0,0.0,0.0,0.0,0.0,0.0,0.0,0.0,0.0,0.0,0.0,0.0,-86.4,0.0,0,0,0.0,1,13222,1,13222,25675,22635,1986,22635,15070,181,15070,13505,14344,13505,14058,22137,23286,19908,16469,12854,8263,8846,20257,17725,23200,26060,25228,2246,150,25259,1,1:40
2024-25,1628420,Monté Morris,Monté,1610612756,PHX,Phoenix Suns,0022400453,2024-12-31T00:00:00,PHX vs. MEM,L,19.991666666666667,9.0,14.4,0.625,0.0,1.8,0.0,3.6,5.4,0.667,1.8,3.6,5.4,3.6,1.8,1.8,0.0,0.0,3.6,5.4,21.6,9.0,37.1,0,0,34.2,1,13222,1,13222,16024,4697,9514,4899,15070,19918,15070,6486,5312,9425,9239,14925,13811,11084,11556,7257,8263,8846,8421,3479,6542,8178,9633,2246,150,10690,1,19:60
2024-25,1642367,Jonathan Mogbo,Jonathan,1610612761,TOR,Toronto Raptors,0022400449,2024-12-31T00:00:00,TOR @ BOS,L,6.233333333333333,0.0,0.0,0.0,0.0,0.0,0.0,0.0,0.0,0.0,0.0,0.0,0.0,0.0,5.8,0.0,0.0,0.0,0.0,0.0,0.0,-34.7,-5.8,0,0,0.0,1,13222,1,13222,23489,22635,24836,22635,15070,20945,15070,13505,14344,13505,14058,22137,23286,19908,1582,12854,8263,8846,20257,17725,23200,24371,26181,2246,150,25259,1,6:14
2024-25,203944,Julius Randle,Julius,1610612750,MIN,Minnesota Timberwolves,0022400452,2024-12-31T00:00:00,MIN @ OKC,L,27.183333333333334,6.6,15.9,0.417,1.3,5.3,0.25,0.0,0.0,0.0,5.3,2.6,7.9,7.9,5.3,0.0,1.3,0.0,1.3,1.3,14.6,-9.3,34.7,0,0,34.4,1,13222,1,13222,10204,9879,7279,14532,12755,12471,11902,13505,14344,13505,2093,17820,8372,2942,2006,12854,5541,8846,17931,15789,13328,17562,11291,2246,150,10504,1,27:11
2024-25,1631103,Malaki Branham,Malaki,1610612759,SAS,San Antonio Spurs,0022400451,2024-12-31T00:00:00,SAS vs. LAC,W,7.366666666666666,9.8,19.5,0.5,4.9,14.7,0.333,0.0,0.0,0.0,0.0,4.9,4.9,0.0,0.0,0.0,0.0,0.0,4.9,0.0,24.4,0.0,30.3,0,0,34.2,1,1,13086,1,23041,3506,3306,8526,2427,771,9209,13505,14344,13505,14058,11192,15095,19908,16469,12854,8263,8846,4864,17725,4531,12240,14578,2246,150,10693,1,7:22
2024-25,1629675,Naz Reid,Naz,1610612750,MIN,Minnesota Timberwolves,0022400452,2024-12-31T00:00:00,MIN @ OKC,L,32.916666666666664,8.7,15.3,0.571,1.1,5.5,0.2,2.2,2.2,1.0,2.2,6.6,8.7,1.1,4.4,1.1,3.3,0.0,4.4,3.3,20.8,-8.7,41.7,0,0,40.5,1,13222,1,13222,5232,5185,8097,6538,13976,12034,13429,9995,12124,1,7624,7179,7103,19366,3188,11073,1410,8846,6089,8305,7245,17304,6790,2246,150,6510,1,32:55
2024-25,1629629,Cam Reddish,Cam,1610612747,LAL,Los Angeles Lakers,0022400454,2024-12-31T00:00:00,LAL vs. CLE,L,19.383333333333333,0.0,5.6,0.0,0.0,3.7,0.0,0.0,0.0,0.0,0.0,7.4,7.4,0.0,0.0,1.9,0.0,1.9,0.0,0.0,0.0,-1.9,14.5,0,0,11.1,1,13222,1,13222,16510,22635,23026,22635,15070,16181,15070,13505,14344,13505,14058,5622,9301,19908,16469,6992,8263,3714,20257,17725,23200,13953,23333,2246,150,24186,1,19:23
2024-25,1630658,Colin Castleton,Colin,1610612763,MEM,Memphis Grizzlies,0022400453,2024-12-31T00:00:00,MEM @ PHX,W,12.821666666666667,0.0,5.6,0.0,0.0,0.0,0.0,2.8,5.6,0.5,2.8,0.0,2.8,0.0,2.8,2.8,0.0,5.6,5.6,5.6,2.8,-2.8,11.8,0,0,11.2,1,1,13086,1,20829,22635,22984,22635,15070,20945,15070,8331,5030,10625,5842,22137,20232,19908,7189,3666,8263,261,3521,3169,22997,14459,24064,2246,150,24169,1,12:49
2024-25,1626167,Myles Turner,Myles,1610612754,IND,Indiana Pacers,0022400450,2024-12-31T00:00:00,IND vs. MIL,L,33.38333333333333,7.5,12.9,0.583,2.2,5.4,0.4,0.0,0.0,0.0,4.3,6.5,10.8,2.2,2.2,0.0,1.1,0.0,3.2,0.0,17.3,-2.2,34.5,1,0,34.5,1,13222,1,13222,4824,7644,11960,6296,9411,12230,7874,13505,14344,13505,3143,7375,4616,15785,9696,12854,6923,8846,9719,17725,10572,14127,11439,1,150,10440,1,33:23
2024-25,1642349,Ajay Mitchell,Ajay,1610612760,OKC,Oklahoma City Thunder,0022400452,2024-12-31T00:00:00,OKC vs. MIN,W,17.966666666666665,2.0,8.0,0.25,0.0,6.0,0.0,2.0,2.0,1.0,2.0,4.0,6.0,0.0,0.0,0.0,0.0,0.0,4.0,2.0,6.0,4.0,13.2,0,0,12.0,1,1,13086,1,17583,21404,20238,20233,15070,10664,15070,10635,12713,1,8365,13695,12246,19908,16469,12854,8263,8846,7118,13062,21379,10644,23713,2246,150,23964,1,17:58
2024-25,1642347,Jamal Shead,Jamal,1610612761,TOR,Toronto Raptors,0022400449,2024-12-31T00:00:00,TOR @ BOS,L,24.516666666666666,2.9,14.7,0.2,1.5,7.3,0.2,0.0,0.0,0.0,0.0,1.5,1.5,4.4,4.4,2.9,0.0,0.0,0.0,1.5,7.3,-54.3,20.1,0,0,20.6,1,13222,1,13222,12460,19563,9081,21401,12172,7738,13429,13505,14344,13505,14058,20947,22611,8870,3136,3305,8263,8846,20257,15138,20451,25551,21103,2246,150,20546,1,24:31
2024-25,1630534,Ochai Agbaji,Ochai,1610612761,TOR,Toronto Raptors,0022400449,2024-12-31T00:00:00,TOR @ BOS,L,24.716666666666665,1.5,10.2,0.143,0.0,5.8,0.0,0.0,0.0,0.0,1.5,2.9,4.4,1.5,4.4,0.0,1.5,0.0,1.5,1.5,2.9,-24.8,10.3,0,0,11.7,1,13222,1,13222,12256,22224,16740,22260,15070,11140,15070,13505,14344,13505,10509,17035,16359,18151,3194,12854,5018,8846,17414,15210,22975,22756,24362,2246,150,24069,1,24:43
2024-25,1630200,Tre Jones,Tre,1610612759,SAS,San Antonio Spurs,0022400451,2024-12-31T00:00:00,SAS vs. LAC,W,17.933333333333334,2.0,4.0,0.5,0.0,2.0,0.0,0.0,0.0,0.0,4.0,4.0,8.0,8.0,4.0,0.0,0.0,0.0,2.0,2.0,4.0,28.1,21.7,0,0,20.1,1,1,13086,1,17607,21395,24088,8526,15070,19542,15070,13505,14344,13505,3577,13677,8219,2857,3859,12854,8263,8846,15101,13051,22549,2249,20328,2246,150,20821,1,17:56
2024-25,1642261,Dalton Knecht,Dalton,1610612747,LAL,Los Angeles Lakers,0022400454,2024-12-31T00:00:00,LAL vs. CLE,L,22.15,3.3,13.0,0.25,0.0,8.1,0.0,0.0,0.0,0.0,1.6,3.3,4.9,1.6,0.0,0.0,0.0,1.6,0.0,0.0,6.5,-4.9,14.8,0,0,13.0,1,13222,1,13222,14386,18885,11852,20233,15070,6229,15070,13505,14344,13505,9824,15932,15120,17585,16469,12854,8263,4371,20257,17725,21046,15514,23244,2246,150,23716,1,22:09
2024-25,1629614,Andrew Nembhard,Andrew,1610612754,IND,Indiana Pacers,0022400450,2024-12-31T00:00:00,IND vs. MIL,L,31.666666666666668,4.5,15.9,0.286,2.3,5.7,0.4,0.0,0.0,0.0,0.0,2.3,2.3,3.4,2.3,0.0,0.0,0.0,4.5,3.4,11.4,2.3,16.9,0,0,19.3,1,13222,1,13222,6258,15628,7230,19630,8952,11488,7874,13505,14344,13505,14058,18843,21258,11658,9191,12854,8263,8846,5669,7916,16824,11475,22515,2246,150,21240,1,31:40
2024-25,204456,T.J. McConnell,T.J.,1610612754,IND,Indiana Pacers,0022400450,2024-12-31T00:00:00,IND vs. MIL,L,16.333333333333332,6.6,11.0,0.6,0.0,2.2,0.0,0.0,4.4,0.0,0.0,6.6,6.6,11.0,6.6,4.4,0.0,0.0,0.0,2.2,13.2,-22.0,44.3,0,0,39.7,1,13222,1,13222,18704,9892,15321,5394,15070,19164,15070,13505,7016,13505,14058,7073,10918,991,1073,1295,8263,8846,20257,12147,14844,22075,5520,2246,150,6965,1,16:20
2024-25,1631321,Sidy Cissoko,Sidy,1610612759,SAS,San Antonio Spurs,0022400451,2024-12-31T00:00:00,SAS vs. LAC,W,5.583333333333333,6.4,12.9,0.5,0.0,6.4,0.0,0.0,0.0,0.0,0.0,0.0,0.0,6.4,0.0,0.0,0.0,0.0,0.0,0.0,12.9,0.0,22.6,0,0,19.3,1,1,13086,1,23752,10317,12048,8526,15070,9655,15070,13505,14344,13505,14058,22137,23286,4786,16469,12854,8263,8846,20257,17725,15205,12240,19835,2246,150,21233,1,5:35
2024-25,1627827,Dorian Finney-Smith,Dorian,1610612747,LAL,Los Angeles Lakers,0022400454,2024-12-31T00:00:00,LAL vs. CLE,L,20.388333333333332,1.8,7.1,0.25,0.0,3.5,0.0,0.0,0.0,0.0,3.5,0.0,3.5,3.5,0.0,0.0,0.0,0.0,3.5,0.0,3.5,12.4,13.1,0,0,10.6,1,13222,1,13222,15726,21808,21487,20233,15070,16587,15070,13505,14344,13505,4322,22137,18481,11299,16469,12854,8263,8846,8655,17725,22763,6653,23749,2246,150,24311,1,20:23
2024-25,1629674,Neemias Queta,Neemias,1610612738,BOS,Boston Celtics,0022400449,2024-12-31T00:00:00,BOS vs. TOR,W,18.633333333333333,7.7,9.7,0.8,0.0,0.0,0.0,0.0,0.0,0.0,5.8,1.9,7.7,0.0,0.0,1.9,3.9,1.9,1.9,3.9,15.5,30.9,42.1,0,0,34.8,1,1,13086,1,17085,7200,17652,1688,15070,20945,15070,13505,14344,13505,1748,19887,8758,19908,16469,6609,997,3445,15505,6666,12456,1844,6558,2246,150,10248,1,18:38
2024-25,1626181,Norman Powell,Norman,1610612746,LAC,LA Clippers,0022400451,2024-12-31T00:00:00,LAC @ SAS,L,26.333333333333332,5.5,16.4,0.333,4.1,13.7,0.3,5.5,5.5,1.0,0.0,6.8,6.8,2.7,1.4,2.7,0.0,0.0,0.0,4.1,20.5,-26.0,39.6,0,0,39.6,1,13222,1,13222,10877,13070,6535,17395,3782,1027,11319,3447,5227,1,14058,6642,10450,13808,13474,3839,8263,8846,20257,6052,7489,23022,7996,2246,150,6981,1,26:20
2024-25,1631157,Ryan Rollins,Ryan,1610612749,MIL,Milwaukee Bucks,0022400450,2024-12-31T00:00:00,MIL @ IND,W,1.4833333333333334,0.0,0.0,0.0,0.0,0.0,0.0,0.0,0.0,0.0,0.0,0.0,0.0,0.0,0.0,0.0,0.0,0.0,0.0,0.0,0.0,-48.5,0.0,0,0,0.0,1,1,13086,1,25817,22635,24836,22635,15070,20945,15070,13505,14344,13505,14058,22137,23286,19908,16469,12854,8263,8846,20257,17725,23200,25343,25228,2246,150,25259,1,1:29
2024-25,1642377,Jaylen Wells,Jaylen,1610612763,MEM,Memphis Grizzlies,0022400453,2024-12-31T00:00:00,MEM @ PHX,W,31.733333333333334,3.4,13.6,0.25,2.3,9.1,0.25,3.4,4.5,0.75,3.4,3.4,6.8,2.3,3.4,1.1,0.0,1.1,4.5,3.4,12.5,9.1,24.1,0,0,26.1,1,1,13086,1,6208,18537,10807,20233,8977,4702,11902,6889,6769,8186,4536,15513,10513,15354,5223,10724,8263,6754,5689,7941,15621,8136,18913,2246,150,16872,1,31:44
2024-25,201935,James Harden,James,1610612746,LAC,LA Clippers,0022400451,2024-12-31T00:00:00,LAC @ SAS,L,25.466666666666665,7.1,15.5,0.455,2.8,8.5,0.333,7.1,8.5,0.833,1.4,2.8,4.2,1.4,7.1,1.4,1.4,0.0,1.4,4.2,24.0,-38.2,32.7,0,0,38.2,1,13222,1,13222,11613,8764,7763,12676,7127,5616,9209,1968,2205,7275,10683,17308,16705,18298,861,8824,5172,8846,17568,5740,4782,24716,12840,2246,150,7918,1,25:28
2024-25,1630596,Evan Mobley,Evan,1610612739,CLE,Cleveland Cavaliers,0022400454,2024-12-31T00:00:00,CLE @ LAL,W,31.666666666666668,9.1,15.9,0.571,2.3,4.5,0.5,2.3,2.3,1.0,1.1,5.7,6.8,1.1,2.3,1.1,1.1,0.0,1.1,1.1,22.7,8.0,37.2,0,0,37.5,1,1,13086,1,6258,4536,7230,6538,8952,14324,3944,9713,11865,1,12214,9077,10486,19239,9191,10706,6561,8846,18881,16731,5667,8650,9561,2246,150,8352,1,31:40
2024-25,1629646,Charles Bassey,Charles,1610612759,SAS,San Antonio Spurs,0022400451,2024-12-31T00:00:00,SAS vs. LAC,W,5.583333333333333,6.4,19.3,0.333,0.0,0.0,0.0,0.0,0.0,0.0,6.4,12.9,19.3,12.9,6.4,0.0,0.0,6.4,6.4,0.0,12.9,0.0,49.0,0,0,45.1,1,1,13086,1,23752,10317,3463,17395,15070,20945,15070,13505,14344,13505,1390,1049,619,551,1153,12854,8263,190,2444,17725,15205,12240,3625,2246,150,4193,1,5:35
2024-25,1630162,Anthony Edwards,Anthony,1610612750,MIN,Minnesota Timberwolves,0022400452,2024-12-31T00:00:00,MIN @ OKC,L,38.81666666666667,5.6,11.1,0.5,3.7,6.5,0.571,3.7,3.7,1.0,0.0,6.5,6.5,1.9,2.8,0.0,0.9,0.0,2.8,1.9,18.5,-2.8,29.1,0,0,32.5,1,13222,1,13222,955,12808,15144,8526,4679,9562,3506,6269,8461,1,14058,7328,11193,16913,7281,12854,7968,8846,11717,13715,9269,14442,15410,2246,150,12019,1,38:49
2024-25,1631169,Josh Minott,Josh,1610612750,MIN,Minnesota Timberwolves,0022400452,2024-12-31T00:00:00,MIN @ OKC,L,9.733333333333333,11.1,14.8,0.75,0.0,3.7,0.0,0.0,0.0,0.0,0.0,0.0,0.0,3.7,0.0,0.0,0.0,0.0,0.0,0.0,22.2,-18.5,27.7,0,0,25.9,1,13222,1,13222,22198,2192,8908,2107,15070,16212,15070,13505,14344,13505,14058,22137,23286,10788,16469,12854,8263,8846,20257,17725,6078,21063,16401,2246,150,17011,1,9:44
2024-25,203482,Kelly Olynyk,Kelly,1610612761,TOR,Toronto Raptors,0022400449,2024-12-31T00:00:00,TOR @ BOS,L,9.816666666666666,7.3,18.3,0.4,3.7,7.3,0.5,0.0,0.0,0.0,3.7,0.0,3.7,0.0,0.0,0.0,0.0,0.0,3.7,3.7,18.3,-91.7,22.7,0,0,25.7,1,13222,1,13222,22166,8155,4343,14933,4766,7754,3944,13505,14344,13505,4089,22137,18161,19908,16469,12854,8263,8846,8199,7213,9480,26101,19723,2246,150,17157,1,9:49
2024-25,203486,Mason Plumlee,Mason,1610612756,PHX,Phoenix Suns,0022400453,2024-12-31T00:00:00,PHX vs. MEM,L,27.238333333333333,7.9,7.9,1.0,0.0,0.0,0.0,0.0,0.0,0.0,2.6,7.9,10.6,4.0,0.0,0.0,4.0,0.0,5.3,5.3,15.9,-9.3,46.4,0,0,38.3,1,13222,1,13222,10156,6792,20369,1,15070,20945,15070,13505,14344,13505,6238,4808,4839,10029,16469,12854,938,8846,4047,3651,12071,17550,4583,2246,150,7809,1,27:14
2024-25,1629599,Amir Coffey,Amir,1610612746,LAC,LA Clippers,0022400451,2024-12-31T00:00:00,LAC @ SAS,L,28.2,7.7,15.3,0.5,2.6,5.1,0.5,0.0,0.0,0.0,0.0,2.6,2.6,0.0,0.0,1.3,0.0,2.6,1.3,0.0,17.9,-17.9,24.8,0,0,25.5,1,13222,1,13222,9378,7353,8071,8526,7959,12929,3944,13505,14344,13505,14058,18047,20699,19908,16469,9606,8263,1945,18138,17725,9949,20893,18443,2246,150,17260,1,28:12
2024-25,1641757,Jordan Miller,Jordan,1610612746,LAC,LA Clippers,0022400451,2024-12-31T00:00:00,LAC @ SAS,L,14.15,0.0,2.5,0.0,0.0,0.0,0.0,5.1,5.1,1.0,5.1,10.2,15.3,7.6,2.5,5.1,0.0,0.0,0.0,2.5,5.1,-17.8,47.6,0,0,38.2,1,13222,1,13222,20109,22635,24631,22635,15070,20945,15070,3907,5775,1,2294,2443,1660,3242,8065,844,8263,8846,20257,10822,21961,20872,4114,2246,150,7920,1,14:09
2024-25,1630573,Sam Hauser,Sam,1610612738,BOS,Boston Celtics,0022400449,2024-12-31T00:00:00,BOS vs. TOR,W,17.833333333333332,8.1,14.1,0.571,8.1,14.1,0.571,0.0,0.0,0.0,0.0,4.0,4.0,2.0,0.0,0.0,0.0,0.0,0.0,0.0,24.2,56.5,32.1,0,0,38.4,1,1,13086,1,17681,6474,9952,6538,442,888,3506,13505,14344,13505,14058,13604,17220,16304,16469,12854,8263,8846,20257,17725,4662,414,13257,2246,150,7792,1,17:50
2024-25,1629060,Rui Hachimura,Rui,1610612747,LAL,Los Angeles Lakers,0022400454,2024-12-31T00:00:00,LAL vs. CLE,L,30.383333333333333,3.6,11.8,0.3,0.0,3.6,0.0,1.2,2.4,0.5,3.6,2.4,5.9,0.0,1.2,1.2,0.0,2.4,1.2,2.4,8.3,-20.1,17.8,0,0,16.6,1,13222,1,13222,7425,18191,13866,19363,15070,16541,15070,12644,11569,10625,4295,18574,12468,19908,14550,10306,8263,2286,18624,11467,19661,21590,22190,2246,150,22474,1,30:23
2024-25,1630531,Jaden Springer,Jaden,1610612738,BOS,Boston Celtics,0022400449,2024-12-31T00:00:00,BOS vs. TOR,W,6.233333333333333,5.8,5.8,1.0,0.0,0.0,0.0,0.0,0.0,0.0,0.0,0.0,0.0,5.8,5.8,0.0,0.0,0.0,5.8,5.8,11.6,34.7,14.4,0,0,17.3,1,1,13086,1,23489,12181,22835,1,15070,20945,15070,13505,14344,13505,14058,22137,23286,5899,1582,12854,8263,8846,3262,2932,16613,1430,23351,2246,150,22159,1,6:14
2024-25,1628449,Chris Boucher,Chris,1610612761,TOR,Toronto Raptors,0022400449,2024-12-31T00:00:00,TOR @ BOS,L,14.433333333333334,5.0,17.5,0.286,2.5,10.0,0.25,5.0,5.0,1.0,0.0,5.0,5.0,2.5,0.0,2.5,0.0,5.0,2.5,5.0,17.5,-57.4,34.7,0,0,32.4,1,13222,1,13222,19928,14415,5292,19630,8160,3509,11902,4053,5938,1,14058,10909,14817,14561,16469,4394,8263,373,12818,4139,10368,25613,11323,2246,150,12044,1,14:26
2024-25,1628378,Donovan Mitchell,Donovan,1610612739,CLE,Cleveland Cavaliers,0022400454,2024-12-31T00:00:00,CLE @ LAL,W,32.18333333333333,8.9,22.4,0.4,6.7,14.5,0.462,4.5,5.6,0.8,1.1,3.4,4.5,4.5,3.4,0.0,0.0,1.1,0.0,2.2,29.1,10.1,37.8,0,0,44.7,1,1,13086,1,5816,4815,1644,14933,891,794,7119,4873,5055,7681,12337,15626,16111,8716,5342,12854,8263,6883,20257,11995,2407,7668,9159,2246,150,4377,1,32:11
2024-25,201144,Mike Conley,Mike,1610612750,MIN,Minnesota Timberwolves,0022400452,2024-12-31T00:00:00,MIN @ OKC,L,23.316666666666666,7.7,15.4,0.5,6.2,10.8,0.571,3.1,3.1,1.0,1.5,0.0,1.5,6.2,1.5,3.1,0.0,0.0,1.5,3.1,24.7,-3.1,43.5,0,0,44.8,1,13222,1,13222,13450,7226,7905,8526,1181,2668,3506,7576,9750,1,10141,22137,22518,5201,12565,2959,8263,8846,17071,8934,4366,14617,5874,2246,150,4357,1,23:19
2024-25,1641767,Ben Sheppard,Ben,1610612754,IND,Indiana Pacers,0022400450,2024-12-31T00:00:00,IND vs. MIL,L,18.95,3.8,9.5,0.4,1.9,7.6,0.25,0.0,0.0,0.0,0.0,13.3,13.3,0.0,0.0,1.9,1.9,0.0,3.8,0.0,9.5,1.9,36.9,0,0,32.3,1,13222,1,13222,16868,17566,17952,14933,10638,7182,11902,13505,14344,13505,14058,930,2605,19908,16469,6764,3764,8846,7739,17725,18636,11682,9797,2246,150,12144,1,18:57
2024-25,1642279,Ulrich Chomche,Ulrich,1610612761,TOR,Toronto Raptors,0022400449,2024-12-31T00:00:00,TOR @ BOS,L,4.533333333333333,7.9,7.9,1.0,0.0,0.0,0.0,0.0,0.0,0.0,0.0,0.0,0.0,0.0,0.0,0.0,0.0,0.0,7.9,0.0,15.9,-55.6,15.9,0,0,15.9,1,13222,1,13222,24213,6751,20351,1,15070,20945,15070,13505,14344,13505,14058,22137,23286,19908,16469,12854,8263,8846,1387,17725,12036,25580,22900,2246,150,22755,1,4:32
2024-25,1642419,Jamison Battle,Jamison,1610612761,TOR,Toronto Raptors,0022400449,2024-12-31T00:00:00,TOR @ BOS,L,19.016666666666666,5.7,15.1,0.375,5.7,11.4,0.5,0.0,0.0,0.0,5.7,0.0,5.7,3.8,1.9,0.0,0.0,1.9,3.8,0.0,17.0,-37.9,27.6,0,0,32.2,1,13222,1,13222,16808,12482,8350,16299,1577,2212,3944,13505,14344,13505,1826,22137,13081,10542,11081,12854,8263,3575,7784,17725,10812,24683,16467,2246,150,12234,1,19:01
2024-25,1631119,Jaylin Williams,Jaylin,1610612760,OKC,Oklahoma City Thunder,0022400452,2024-12-31T00:00:00,OKC vs. MIN,W,10.433333333333334,3.5,13.8,0.25,3.5,13.8,0.25,0.0,0.0,0.0,0.0,3.5,3.5,3.5,0.0,3.5,0.0,0.0,0.0,0.0,10.4,-20.7,30.0,0,0,27.6,1,1,13086,1,21947,18424,10485,20233,5253,990,11902,13505,14344,13505,14058,15365,18654,11550,16469,2306,8263,8846,20257,17725,17803,21758,14778,2246,150,15716,1,10:26
2024-25,1631097,Bennedict Mathurin,Bennedict,1610612754,IND,Indiana Pacers,0022400450,2024-12-31T00:00:00,IND vs. MIL,L,36.96666666666667,9.7,17.5,0.556,2.9,4.9,0.6,1.9,4.9,0.4,1.9,6.8,8.8,1.9,5.8,1.0,1.0,0.0,2.9,3.9,24.3,-10.7,37.8,0,0,41.9,1,13222,1,13222,2010,3554,5223,7248,6790,13509,2992,10812,6170,13061,8631,6679,7081,16567,1512,12181,7661,8846,11086,6574,4581,18190,9169,2246,150,5713,1,36:58
2024-25,1630590,Scotty Pippen Jr.,Scotty,1610612763,MEM,Memphis Grizzlies,0022400453,2024-12-31T00:00:00,MEM @ PHX,W,21.533333333333335,0.0,8.4,0.0,0.0,5.0,0.0,3.3,3.3,1.0,1.7,1.7,3.3,5.0,5.0,1.7,3.3,0.0,6.7,1.7,3.3,-10.0,24.9,0,0,21.7,1,1,13086,1,14913,22635,19707,22635,15070,13171,15070,7014,9204,1,9665,20514,18882,7430,2320,7711,1353,8846,2230,14358,22831,17900,18354,2246,150,19824,1,21:32
2024-25,1629731,Dean Wade,Dean,1610612739,CLE,Cleveland Cavaliers,0022400454,2024-12-31T00:00:00,CLE @ LAL,W,24.061666666666667,1.5,6.0,0.25,0.0,4.5,0.0,1.5,1.5,1.0,3.0,10.5,13.5,3.0,0.0,0.0,0.0,0.0,3.0,1.5,4.5,13.5,25.1,0,0,20.9,1,1,13086,1,12839,22172,22623,20233,15070,14470,15070,11808,13492,1,5362,2249,2500,12961,16469,12854,8263,8846,10771,15017,22299,6211,18188,2246,150,20312,1,24:04
2024-25,1642264,Stephon Castle,Stephon,1610612759,SAS,San Antonio Spurs,0022400451,2024-12-31T00:00:00,SAS vs. LAC,W,23.166666666666668,7.8,12.4,0.625,0.0,4.7,0.0,7.8,9.3,0.833,0.0,6.2,6.2,6.2,1.6,1.6,1.6,0.0,3.1,4.7,23.3,28.0,47.9,0,0,42.0,1,1,13086,1,13583,7120,12850,4899,15070,14054,15070,1528,1694,7275,14058,7863,11788,5141,12530,8172,4695,8846,10243,4801,5281,2273,4019,2246,150,5674,1,23:10
2024-25,1641809,Drew Peterson,Drew,1610612738,BOS,Boston Celtics,0022400449,2024-12-31T00:00:00,BOS vs. TOR,W,12.0,6.0,9.0,0.667,3.0,6.0,0.5,0.0,0.0,0.0,0.0,12.0,12.0,6.0,3.0,0.0,0.0,0.0,0.0,0.0,15.0,51.0,35.4,0,0,36.0,1,1,13086,1,21228,11500,18708,3281,6500,10684,3944,13505,14344,13505,14058,1347,3485,5485,6468,12854,8263,8846,20257,17725,12895,531,10803,2246,150,9360,1,12:00
2024-25,1630577,Julian Champagnie,Julian,1610612759,SAS,San Antonio Spurs,0022400451,2024-12-31T00:00:00,SAS vs. LAC,W,16.016666666666666,6.7,18.0,0.375,4.5,13.5,0.333,2.2,2.2,1.0,2.2,2.2,4.5,2.2,2.2,0.0,2.2,2.2,0.0,4.5,20.2,36.0,33.5,0,0,36.0,1,1,13086,1,18915,9590,4717,16299,3077,1105,9209,9788,11940,1,7429,18926,16063,15446,9317,12854,2843,2558,20257,5156,7713,1297,12199,2246,150,9407,1,16:01
2024-25,1630643,Jay Huff,Jay,1610612763,MEM,Memphis Grizzlies,0022400453,2024-12-31T00:00:00,MEM @ PHX,W,18.618333333333332,5.8,13.5,0.429,3.9,9.7,0.4,0.0,0.0,0.0,0.0,3.9,3.9,0.0,0.0,0.0,1.9,1.9,3.9,0.0,15.5,-7.7,25.9,0,0,27.1,1,1,13086,1,17092,12111,10953,13735,4279,3892,7874,13505,14344,13505,14058,14133,17662,19908,16469,12854,3670,3443,7561,17725,12448,16847,17679,2246,150,16105,1,18:37
2024-25,1626171,Bobby Portis,Bobby,1610612749,MIL,Milwaukee Bucks,0022400450,2024-12-31T00:00:00,MIL @ IND,W,30.933333333333334,7.0,16.3,0.429,0.0,2.3,0.0,2.3,2.3,1.0,4.7,12.8,17.5,3.5,0.0,2.3,0.0,0.0,0.0,2.3,16.3,17.5,49.5,1,0,41.9,1,1,13086,1,6932,8969,6698,13735,15070,18941,15070,9534,11699,1,2738,1079,1023,11413,16469,4941,8263,8846,20257,11639,11618,4753,3437,1,150,5703,1,30:56
2024-25,1629652,Luguentz Dort,Luguentz,1610612760,OKC,Oklahoma City Thunder,0022400452,2024-12-31T00:00:00,OKC vs. MIN,W,34.6,5.2,12.5,0.417,4.2,7.3,0.571,0.0,0.0,0.0,2.1,4.2,6.2,2.1,1.0,0.0,0.0,2.1,2.1,2.1,14.6,3.1,24.1,0,0,27.1,1,1,13086,1,3784,13809,12745,14532,3647,7853,3506,13505,14344,13505,8023,13228,11720,16061,15555,12854,8263,2969,14694,12699,13332,11049,18843,2246,150,16117,1,34:36
2024-25,1629636,Darius Garland,Darius,1610612739,CLE,Cleveland Cavaliers,0022400454,2024-12-31T00:00:00,CLE @ LAL,W,32.05,5.6,18.0,0.313,2.2,9.0,0.25,2.2,2.2,1.0,0.0,2.2,2.2,15.7,3.4,2.2,1.1,1.1,1.1,1.1,15.7,11.2,48.7,1,0,42.7,1,1,13086,1,5928,12660,4727,19175,9061,4857,11902,9792,11944,1,14058,18931,21325,232,5305,5229,6647,6846,18972,16809,12194,7124,3719,1,150,5323,1,32:03
2024-25,1631110,Jeremy Sochan,Jeremy,1610612759,SAS,San Antonio Spurs,0022400451,2024-12-31T00:00:00,SAS vs. LAC,W,15.216666666666667,4.7,11.8,0.4,0.0,2.4,0.0,0.0,0.0,0.0,4.7,7.1,11.8,4.7,2.4,2.4,0.0,2.4,2.4,0.0,9.5,33.1,35.5,0,0,30.8,1,1,13086,1,19426,15166,13894,14933,15070,18873,15070,13505,14344,13505,2633,6181,3630,8098,8788,4808,8263,2294,13368,17725,18677,1614,10739,2246,150,13352,1,15:13
2024-25,1628418,Thomas Bryant,Thomas,1610612754,IND,Indiana Pacers,0022400450,2024-12-31T00:00:00,IND vs. MIL,L,5.066666666666666,7.1,7.1,1.0,0.0,0.0,0.0,7.1,7.1,1.0,7.1,7.1,14.2,0.0,0.0,0.0,0.0,0.0,7.1,7.1,21.3,42.6,38.4,0,0,35.5,1,13222,1,13222,23968,8690,21431,1,15070,20945,15070,1934,3259,1,1102,6160,2138,19908,16469,12854,8263,8846,1890,1576,6810,795,8793,2246,150,9716,1,5:04
2024-25,1630169,Tyrese Haliburton,Tyrese,1610612754,IND,Indiana Pacers,0022400450,2024-12-31T00:00:00,IND vs. MIL,L,38.63333333333333,2.8,12.1,0.231,0.9,5.6,0.167,4.7,5.6,0.833,1.9,4.7,6.5,6.5,0.9,0.9,1.9,0.0,1.9,2.8,11.2,-5.6,36.2,0,0,30.8,1,13222,1,13222,1042,19886,13390,21157,14864,11744,14236,4576,5057,7275,8975,11827,11122,4677,16237,12496,3891,8846,15871,9975,17008,15876,10197,2246,150,13358,1,38:38
2024-25,1630539,Kai Jones,Kai,1610612746,LAC,LA Clippers,0022400451,2024-12-31T00:00:00,LAC @ SAS,L,17.333333333333332,4.2,12.5,0.333,0.0,4.2,0.0,0.0,0.0,0.0,2.1,6.2,8.3,2.1,0.0,0.0,4.2,0.0,2.1,0.0,8.3,-18.7,33.9,0,0,27.0,1,13222,1,13222,18048,16718,12797,17395,15070,15219,15070,13505,14344,13505,8047,7829,7753,16088,16469,12854,836,8846,14715,17725,19649,21136,11929,2246,150,16146,1,17:20
2024-25,201950,Jrue Holiday,Jrue,1610612738,BOS,Boston Celtics,0022400449,2024-12-31T00:00:00,BOS vs. TOR,W,25.083333333333332,7.2,11.5,0.625,5.7,7.2,0.8,0.0,0.0,0.0,1.4,0.0,1.4,5.7,0.0,4.3,0.0,0.0,0.0,0.0,20.1,35.9,43.3,0,0,41.6,1,1,13086,1,11930,8517,14512,4899,1535,8087,1389,13505,14344,13505,10598,22137,22650,5968,16469,1369,8263,8846,20257,17725,7843,1306,5964,2246,150,5837,1,25:05
2024-25,1626145,Tyus Jones,Tyus,1610612756,PHX,Phoenix Suns,0022400453,2024-12-31T00:00:00,PHX vs. MEM,L,30.388333333333332,8.3,17.8,0.467,2.4,5.9,0.4,5.9,7.1,0.833,1.2,3.6,4.7,2.4,5.9,3.6,0.0,2.4,3.6,5.9,24.9,-11.8,38.9,0,0,41.5,1,13222,1,13222,7422,5996,4936,12249,8599,10875,7874,2945,3258,7275,11901,15077,15468,14987,1435,2166,8263,2288,8590,2718,4268,18685,8503,2246,150,5938,1,30:23
2024-25,1627752,Taurean Prince,Taurean,1610612749,MIL,Milwaukee Bucks,0022400450,2024-12-31T00:00:00,MIL @ IND,W,25.351666666666667,5.7,12.8,0.444,1.4,5.7,0.25,0.0,1.4,0.0,1.4,2.8,4.3,2.8,1.4,2.8,0.0,1.4,4.3,2.8,12.8,22.7,29.3,0,0,27.0,1,1,13086,1,11696,12480,12257,13045,12371,11509,11902,13505,13570,13505,10666,17271,16647,13474,13171,3578,8263,5103,6405,9820,15317,3314,15321,2246,150,16168,1,25:21
2024-25,1627739,Kris Dunn,Kris,1610612746,LAC,LA Clippers,0022400451,2024-12-31T00:00:00,LAC @ SAS,L,22.6,4.8,9.6,0.5,1.6,4.8,0.333,0.0,0.0,0.0,0.0,3.2,3.2,1.6,1.6,1.6,0.0,0.0,3.2,0.0,11.2,-25.5,20.5,0,0,20.7,1,13222,1,13222,14030,15022,17849,8526,11695,13767,9209,13505,14344,13505,14058,16136,19274,17672,12363,8014,8263,8846,9916,17725,17037,22914,20916,2246,150,20458,1,22:36
2024-25,1630170,Devin Vassell,Devin,1610612759,SAS,San Antonio Spurs,0022400451,2024-12-31T00:00:00,SAS vs. LAC,W,26.4,5.5,19.1,0.286,0.0,8.2,0.0,0.0,0.0,0.0,0.0,4.1,4.1,4.1,0.0,4.1,0.0,0.0,2.7,0.0,10.9,27.3,34.2,0,0,27.3,1,1,13086,1,10812,13120,3682,19630,15070,6111,15070,13505,14344,13505,14058,13445,17090,9680,16469,1549,8263,8846,11924,17725,17253,2381,11634,2246,150,15969,1,26:24
2024-25,1629660,Ty Jerome,Ty,1610612739,CLE,Cleveland Cavaliers,0022400454,2024-12-31T00:00:00,CLE @ LAL,W,13.95,5.2,15.5,0.333,2.6,7.7,0.333,0.0,0.0,0.0,2.6,12.9,15.5,5.2,2.6,0.0,0.0,2.6,2.6,0.0,12.9,15.5,36.6,0,0,36.1,1,1,13086,1,20220,13918,7844,17395,7889,6912,9209,13505,14344,13505,6400,1047,1579,7111,7944,12854,8263,1904,12493,17725,15195,5438,9925,2246,150,9279,1,13:57
2024-25,1629003,Shake Milton,Shake,1610612747,LAL,Los Angeles Lakers,0022400454,2024-12-31T00:00:00,LAL vs. CLE,L,10.083333333333334,7.1,14.3,0.5,7.1,14.3,0.5,0.0,0.0,0.0,0.0,7.1,7.1,0.0,0.0,0.0,0.0,0.0,3.6,0.0,21.4,-32.1,30.0,0,0,35.7,1,13222,1,13222,22077,8605,9721,8526,714,859,3944,13505,14344,13505,14058,6107,9875,19908,16469,12854,8263,8846,8523,17725,6713,24051,14803,2246,150,9582,1,10:05
2024-25,1641775,Jordan Walsh,Jordan,1610612738,BOS,Boston Celtics,0022400449,2024-12-31T00:00:00,BOS vs. TOR,W,12.0,12.0,18.0,0.667,3.0,3.0,1.0,3.0,6.0,0.5,0.0,3.0,3.0,6.0,0.0,0.0,0.0,0.0,3.0,3.0,30.0,51.0,42.6,0,0,42.0,1,1,13086,1,21228,1516,4664,3281,6500,17643,1,7799,4464,10625,14058,16717,19729,5485,16469,12854,8263,8846,10710,9236,2081,531,6306,2246,150,5645,1,12:00
2024-25,1629723,John Konchar,John,1610612763,MEM,Memphis Grizzlies,0022400453,2024-12-31T00:00:00,MEM @ PHX,W,35.58166666666666,3.0,7.1,0.429,0.0,2.0,0.0,1.0,1.0,1.0,4.0,8.1,12.1,4.0,0.0,1.0,1.0,2.0,5.1,3.0,7.1,0.0,33.8,0,0,27.3,1,1,13086,1,3017,19351,21459,13735,15070,19513,15070,13209,14203,1,3533,4571,3384,9812,16469,11846,7406,3145,4474,9112,20652,12240,11979,2246,150,15934,1,35:35
2024-25,1629645,Kevin Porter Jr.,Kevin,1610612746,LAC,LA Clippers,0022400451,2024-12-31T00:00:00,LAC @ SAS,L,13.4,2.7,16.1,0.167,0.0,5.4,0.0,0.0,0.0,0.0,2.7,8.1,10.7,10.7,2.7,0.0,0.0,2.7,5.4,2.7,5.4,-32.2,31.7,0,0,26.9,1,13222,1,13222,20538,20117,6946,21938,15070,12269,15070,13505,14344,13505,6133,4617,4652,1086,7568,12854,8263,1760,3881,10348,21810,24059,13549,2246,150,16257,1,13:24
2024-25,203084,Harrison Barnes,Harrison,1610612759,SAS,San Antonio Spurs,0022400451,2024-12-31T00:00:00,SAS vs. LAC,W,24.75,5.8,13.1,0.444,4.4,5.8,0.75,0.0,0.0,0.0,2.9,2.9,5.8,1.5,0.0,0.0,0.0,0.0,1.5,0.0,16.0,32.0,25.2,0,0,27.6,1,1,13086,1,12223,12067,11682,13045,3296,11165,1542,13505,14344,13505,5569,17049,12726,18161,16469,12854,8263,8846,17425,17725,11919,1733,18169,2246,150,15692,1,24:45
2024-25,1627751,Jakob Poeltl,Jakob,1610612761,TOR,Toronto Raptors,0022400449,2024-12-31T00:00:00,TOR @ BOS,L,29.7,3.6,4.8,0.75,0.0,0.0,0.0,1.2,2.4,0.5,4.8,10.9,15.8,3.6,1.2,2.4,1.2,0.0,3.6,1.2,8.5,-23.0,42.5,0,0,35.2,1,13222,1,13222,8039,17993,23569,2107,15070,20945,15070,12550,11412,10625,2509,1949,1502,10977,14352,4616,6100,8846,8304,16344,19527,22342,6344,2246,150,9989,1,29:42
2024-25,203078,Bradley Beal,Bradley,1610612756,PHX,Phoenix Suns,0022400453,2024-12-31T00:00:00,PHX vs. MEM,L,12.0,3.0,15.0,0.2,0.0,3.0,0.0,3.0,6.0,0.5,0.0,3.0,3.0,6.0,3.0,3.0,0.0,0.0,3.0,3.0,9.0,-30.0,27.6,0,0,24.0,1,13222,1,13222,21228,19415,8606,21401,15070,17643,15070,7799,4464,10625,14058,16717,19729,5485,6468,3139,8263,8846,10710,9236,19078,23732,16499,2246,150,18317,1,12:00
2024-25,201587,Nicolas Batum,Nicolas,1610612746,LAC,LA Clippers,0022400451,2024-12-31T00:00:00,LAC @ SAS,L,12.716666666666667,0.0,2.8,0.0,0.0,2.8,0.0,0.0,0.0,0.0,2.8,5.7,8.5,0.0,2.8,0.0,0.0,0.0,5.7,0.0,0.0,-28.3,7.4,0,0,8.5,1,13222,1,13222,20884,22635,24547,22635,15070,17992,15070,13505,14344,13505,5779,9137,7476,19908,7110,12854,8263,8846,3449,17725,23200,23485,24771,2246,150,24683,1,12:43
2024-25,1641738,Kobe Brown,Kobe,1610612746,LAC,LA Clippers,0022400451,2024-12-31T00:00:00,LAC @ SAS,L,12.0,6.0,18.0,0.333,3.0,3.0,1.0,0.0,0.0,0.0,0.0,0.0,0.0,0.0,0.0,0.0,0.0,3.0,3.0,9.0,15.0,-24.0,15.0,0,0,18.0,1,13222,1,13222,21228,11500,4664,17395,6500,17643,1,13505,14344,13505,14058,22137,23286,19908,16469,12854,8263,1329,10710,653,12895,22572,23175,2246,150,21859,1,12:00
2024-25,1629006,Josh Okogie,Josh,1610612756,PHX,Phoenix Suns,0022400453,2024-12-31T00:00:00,PHX vs. MEM,L,27.62,5.2,9.1,0.571,1.3,5.2,0.25,0.0,1.3,0.0,0.0,2.6,2.6,0.0,1.3,0.0,1.3,0.0,5.2,5.2,11.7,0.0,17.5,0,0,18.2,1,13222,1,13222,9854,13780,18517,6538,12849,12672,11902,13505,13724,13505,14058,17933,20630,19908,13785,12854,5634,8846,4169,3758,16414,12240,22305,2246,150,21742,1,27:37
2024-25,1630639,A.J. Lawson,A.J.,1610612761,TOR,Toronto Raptors,0022400449,2024-12-31T00:00:00,TOR @ BOS,L,4.0,0.0,27.0,0.0,0.0,27.0,0.0,0.0,0.0,0.0,9.0,0.0,9.0,0.0,0.0,0.0,0.0,0.0,0.0,0.0,0.0,-72.0,10.8,0,0,9.0,1,13222,1,13222,24480,22635,499,22635,15070,94,15070,13505,14344,13505,553,22137,6730,19908,16469,12854,8263,8846,20257,17725,23200,25910,24281,2246,150,24606,1,4:00
2024-25,1627747,Caris LeVert,Caris,1610612739,CLE,Cleveland Cavaliers,0022400454,2024-12-31T00:00:00,CLE @ LAL,W,22.605,1.6,6.4,0.25,1.6,4.8,0.333,0.0,0.0,0.0,0.0,1.6,1.6,3.2,1.6,1.6,1.6,0.0,3.2,0.0,4.8,6.4,19.4,0,0,17.5,1,1,13086,1,14029,22041,22249,20233,11700,13770,9209,13505,14344,13505,14058,20695,22448,12378,12371,8019,4580,8846,9924,17725,22145,9435,21440,2246,150,22072,1,22:36
2024-25,1630241,Sam Merrill,Sam,1610612739,CLE,Cleveland Cavaliers,0022400454,2024-12-31T00:00:00,CLE @ LAL,W,7.566666666666666,0.0,4.8,0.0,0.0,4.8,0.0,0.0,0.0,0.0,0.0,0.0,0.0,4.8,0.0,0.0,0.0,0.0,9.5,0.0,0.0,4.8,7.1,0,0,4.8,1,1,13086,1,22969,22635,23636,22635,15070,13812,15070,13505,14344,13505,14058,22137,23286,8023,16469,12854,8263,8846,806,17725,23200,10249,24809,2246,150,25128,1,7:34
2024-25,1630183,Jaden McDaniels,Jaden,1610612750,MIN,Minnesota Timberwolves,0022400452,2024-12-31T00:00:00,MIN @ OKC,L,27.733333333333334,3.9,10.4,0.375,1.3,6.5,0.2,0.0,0.0,0.0,0.0,7.8,7.8,0.0,3.9,0.0,0.0,0.0,2.6,1.3,9.1,0.0,14.5,0,0,18.2,1,13222,1,13222,9768,17340,16407,16299,12863,9566,13429,13505,14344,13505,14058,5026,8633,19908,4098,12854,8263,8846,12441,15919,18990,12240,23317,2246,150,21788,1,27:44
2024-25,1641748,Andre Jackson Jr.,Andre,1610612749,MIL,Milwaukee Bucks,0022400450,2024-12-31T00:00:00,MIL @ IND,W,11.85,6.1,9.1,0.667,0.0,0.0,0.0,0.0,0.0,0.0,0.0,6.1,6.1,0.0,0.0,0.0,0.0,0.0,9.1,3.0,12.2,-18.2,19.4,0,0,18.2,1,1,13086,1,21361,11289,18534,3281,15070,20945,15070,13505,14344,13505,14058,8162,12102,19908,16469,12854,8263,8846,925,9103,15977,20997,21433,2246,150,21755,1,11:51
2024-25,201143,Al Horford,Al,1610612738,BOS,Boston Celtics,0022400449,2024-12-31T00:00:00,BOS vs. TOR,W,20.966666666666665,0.0,12.0,0.0,0.0,10.3,0.0,0.0,0.0,0.0,0.0,10.3,10.3,6.9,0.0,3.4,0.0,0.0,1.7,0.0,0.0,34.3,33.0,0,0,24.0,1,1,13086,1,15314,22635,13554,22635,15070,3151,15070,13505,14344,13505,14058,2351,5116,4185,16469,2327,8263,8846,16476,17725,23200,1467,12613,2246,150,18299,1,20:58
2024-25,1642345,Oso Ighodaro,Oso,1610612756,PHX,Phoenix Suns,0022400453,2024-12-31T00:00:00,PHX vs. MEM,L,17.268333333333334,2.1,8.3,0.25,0.0,0.0,0.0,0.0,0.0,0.0,2.1,2.1,4.2,2.1,6.3,0.0,4.2,0.0,10.4,2.1,4.2,4.2,18.6,0,0,18.8,1,13222,1,13222,18097,21258,19740,20233,15070,20945,15070,13505,14344,13505,8013,19410,16888,16053,1244,12854,828,8846,622,12688,22479,10562,21860,2246,150,21505,1,17:16
2024-25,203497,Rudy Gobert,Rudy,1610612750,MIN,Minnesota Timberwolves,0022400452,2024-12-31T00:00:00,MIN @ OKC,L,31.071666666666665,3.5,7.0,0.5,0.0,0.0,0.0,2.3,2.3,1.0,2.3,5.8,8.1,1.2,1.2,0.0,2.3,1.2,2.3,1.2,9.3,3.5,26.5,0,0,23.2,1,13222,1,13222,6821,18377,21618,8526,15070,20945,15070,9567,11730,1,7186,8803,8074,19153,14739,12854,2709,6565,13574,16605,18846,10901,17274,2246,150,18874,1,31:04
2024-25,1628981,Bruno Fernando,Bruno,1610612761,TOR,Toronto Raptors,0022400449,2024-12-31T00:00:00,TOR @ BOS,L,3.95,0.0,9.1,0.0,0.0,0.0,0.0,0.0,0.0,0.0,0.0,9.1,9.1,0.0,0.0,0.0,0.0,9.1,9.1,0.0,0.0,-27.3,10.9,0,0,9.1,1,13222,1,13222,24514,22635,18542,22635,15070,20945,15070,13505,14344,13505,14058,3392,6567,19908,16469,12854,8263,83,927,17725,23200,23298,24251,2246,150,24586,1,3:57
2024-25,1630559,Austin Reaves,Austin,1610612747,LAL,Los Angeles Lakers,0022400454,2024-12-31T00:00:00,LAL vs. CLE,L,37.961666666666666,10.4,19.0,0.55,0.9,3.8,0.25,11.4,12.3,0.923,0.9,7.6,8.5,9.5,3.8,0.9,0.0,1.9,1.9,6.6,33.2,-2.8,56.7,1,0,54.1,1,13222,1,13222,1408,2783,3783,7655,14800,16012,11902,426,698,6735,13662,5346,7431,1711,4343,12364,8263,3557,15693,1954,1287,14484,1689,1,150,1609,1,37:58
2024-25,1641716,Jarace Walker,Jarace,1610612754,IND,Indiana Pacers,0022400450,2024-12-31T00:00:00,IND vs. MIL,L,15.583333333333334,6.9,11.6,0.6,2.3,6.9,0.333,9.2,9.2,1.0,0.0,2.3,2.3,2.3,0.0,6.9,2.3,0.0,4.6,4.6,25.4,-4.6,59.4,0,0,50.8,1,13222,1,13222,19203,9095,14384,5394,8816,8611,9209,930,1745,1,14058,18735,21182,15196,16469,311,2722,8846,5490,4897,3984,15379,1268,2246,150,2311,1,15:35
2024-25,1630567,Scottie Barnes,Scottie,1610612761,TOR,Toronto Raptors,0022400449,2024-12-31T00:00:00,TOR @ BOS,L,31.166666666666668,8.1,21.9,0.368,1.2,9.2,0.125,1.2,1.2,1.0,2.3,12.7,15.0,2.3,6.9,2.3,1.2,0.0,0.0,0.0,18.5,-45.0,43.4,1,0,43.9,1,13222,1,13222,6734,6459,1845,16823,13623,4468,14886,12735,13955,1,7217,1098,1760,15196,920,4998,6452,8846,20257,17725,9336,25188,5917,1,150,4744,1,31:10
2024-25,2544,LeBron James,LeBron,1610612747,LAL,Los Angeles Lakers,0022400454,2024-12-31T00:00:00,LAL vs. CLE,L,34.2,9.5,17.9,0.529,3.2,6.3,0.5,2.1,2.1,1.0,0.0,4.2,4.2,7.4,2.1,0.0,1.1,1.1,1.1,3.2,24.2,-11.6,41.4,0,0,41.1,1,13222,1,13222,4097,3917,4812,8281,6065,9950,3944,10274,12403,1,14058,13081,16772,3549,9972,12854,7115,7469,19389,8707,4671,18560,6949,2246,150,6172,1,34:12
2024-25,1628991,Jaren Jackson Jr.,Jaren,1610612763,MEM,Memphis Grizzlies,0022400453,2024-12-31T00:00:00,MEM @ PHX,W,37.895,11.4,22.8,0.5,3.8,8.5,0.444,9.5,16.1,0.588,1.9,9.5,11.4,3.8,4.7,1.9,0.9,1.9,2.8,11.4,36.1,7.6,59.3,1,0,60.8,1,1,13086,1,1449,1936,1452,8526,4434,5497,7211,837,271,10528,8813,3010,4050,10496,2656,6763,7830,3545,11421,243,811,8835,1286,1,150,752,1,37:54
2024-25,1628379,Luke Kennard,Luke,1610612763,MEM,Memphis Grizzlies,0022400453,2024-12-31T00:00:00,MEM @ PHX,W,28.7,6.3,10.0,0.625,3.8,7.5,0.5,5.0,5.0,1.0,2.5,6.3,8.8,5.0,0.0,2.5,0.0,0.0,2.5,2.5,21.3,11.3,46.9,0,0,43.9,1,1,13086,1,8920,10795,16986,4899,4541,7334,3944,4008,5886,1,6588,7752,7057,7423,16469,4361,8263,8846,12766,10961,6800,7101,4347,2246,150,4738,1,28:42
2024-25,1630202,Payton Pritchard,Payton,1610612738,BOS,Boston Celtics,0022400449,2024-12-31T00:00:00,BOS vs. TOR,W,22.933333333333334,11.0,20.4,0.538,7.8,12.6,0.625,0.0,0.0,0.0,1.6,7.8,9.4,6.3,3.1,4.7,0.0,1.6,1.6,1.6,29.8,56.5,61.5,0,0,62.8,1,1,13086,1,13772,2263,2688,7978,498,1500,2868,13505,14344,13505,10045,4945,6156,5053,6023,1078,8263,4527,16962,14726,2150,415,1018,2246,150,589,1,22:56
2024-25,1628983,Shai Gilgeous-Alexander,Shai,1610612760,OKC,Oklahoma City Thunder,0022400452,2024-12-31T00:00:00,OKC vs. MIN,W,34.333333333333336,15.7,24.1,0.652,3.1,5.2,0.6,7.3,9.4,0.778,1.0,2.1,3.1,2.1,3.1,4.2,0.0,2.1,1.0,6.3,41.9,11.5,58.3,0,0,58.7,1,1,13086,1,3975,387,1027,4556,6107,12610,2992,1776,1647,8092,12886,19368,19385,16009,5999,1462,8263,2930,19418,2295,360,6989,1431,2246,150,941,1,34:20
2024-25,1641705,Victor Wembanyama,Victor,1610612759,SAS,San Antonio Spurs,0022400451,2024-12-31T00:00:00,SAS vs. LAC,W,25.683333333333334,14.0,25.2,0.556,1.4,8.4,0.167,8.4,9.8,0.857,1.4,11.2,12.6,7.0,2.8,1.4,4.2,0.0,4.2,5.6,37.8,30.8,77.5,0,0,70.1,1,1,13086,1,11418,700,783,7248,12447,5725,14236,1223,1449,7071,10742,1797,3055,4002,7198,8889,814,8846,6540,3179,618,1855,244,2246,150,318,1,25:41
2024-25,1629622,Max Strus,Max,1610612739,CLE,Cleveland Cavaliers,0022400454,2024-12-31T00:00:00,CLE @ LAL,W,26.4,6.8,12.3,0.556,5.5,10.9,0.5,1.4,1.4,1.0,1.4,2.7,4.1,5.5,0.0,0.0,2.7,0.0,6.8,4.1,20.5,6.8,41.7,0,0,40.9,1,1,13086,1,10812,9377,13125,7248,1779,2579,3944,12127,13642,1,10910,17616,17090,6523,16469,12854,2038,8846,2126,6070,7541,9225,6767,2246,150,6262,1,26:24
2024-25,203507,Giannis Antetokounmpo,Giannis,1610612749,MIL,Milwaukee Bucks,0022400450,2024-12-31T00:00:00,MIL @ IND,W,34.81666666666667,11.4,20.7,0.55,0.0,0.0,0.0,8.3,13.4,0.615,2.1,10.3,12.4,5.2,2.1,2.1,0.0,2.1,4.1,9.3,31.0,12.4,57.8,1,0,52.7,1,1,13086,1,3597,1957,2528,7655,15070,20945,15070,1289,537,10337,8088,2328,3187,7091,10166,5921,8263,3005,6723,571,1772,6633,1499,1,150,1868,1,34:49
2024-25,1630572,Sandro Mamukelashvili,Sandro,1610612759,SAS,San Antonio Spurs,0022400451,2024-12-31T00:00:00,SAS vs. LAC,W,7.866666666666666,9.2,13.7,0.667,0.0,4.6,0.0,0.0,0.0,0.0,0.0,18.3,18.3,4.6,0.0,0.0,4.6,0.0,4.6,0.0,18.3,9.2,60.9,0,0,50.3,1,1,13086,1,22856,4432,10600,3281,15070,14247,15070,13505,14344,13505,14058,234,829,8459,16469,12854,661,8846,5599,17725,9516,8112,1085,2246,150,2437,1,7:52
2024-25,1628386,Jarrett Allen,Jarrett,1610612739,CLE,Cleveland Cavaliers,0022400454,2024-12-31T00:00:00,CLE @ LAL,W,31.3,13.8,16.1,0.857,0.0,0.0,0.0,3.5,4.6,0.75,3.5,12.7,16.1,1.2,1.2,1.2,3.5,0.0,0.0,3.5,31.1,13.8,64.8,1,0,57.5,1,1,13086,1,6607,759,6973,1412,15070,20945,15070,6791,6656,8186,4452,1110,1390,19183,14792,10575,1265,8846,20257,7800,1767,6080,715,1,150,1100,1,31:18
2024-25,1628369,Jayson Tatum,Jayson,1610612738,BOS,Boston Celtics,0022400449,2024-12-31T00:00:00,BOS vs. TOR,W,29.366666666666667,7.4,15.9,0.462,4.9,11.0,0.444,8.6,13.5,0.636,0.0,9.8,9.8,3.7,3.7,1.2,0.0,0.0,2.5,8.6,28.2,46.6,45.5,0,0,49.0,1,1,13086,1,8334,8110,7213,12428,2400,2453,7211,1152,536,10256,14058,2721,5669,10853,4610,9977,8263,8846,12977,792,2711,651,4950,2246,150,2827,1,29:22
2024-25,203076,Anthony Davis,Anthony,1610612747,LAL,Los Angeles Lakers,0022400454,2024-12-31T00:00:00,LAL vs. CLE,L,37.06666666666667,11.7,22.3,0.522,1.9,3.9,0.5,1.9,1.9,1.0,1.0,11.7,12.6,3.9,1.0,2.9,1.9,1.0,1.9,2.9,27.2,-5.8,61.8,1,0,55.4,1,13222,1,13222,1945,1757,1658,8473,10444,15831,3944,10827,12875,1,13482,1544,3048,10269,16015,3371,3649,8177,15445,9545,3112,15986,991,1,150,1402,1,37:04
2024-25,201142,Kevin Durant,Kevin,1610612756,PHX,Phoenix Suns,0022400453,2024-12-31T00:00:00,PHX vs. MEM,L,38.53333333333333,10.3,17.8,0.579,1.9,4.7,0.4,4.7,6.5,0.714,0.9,8.4,9.3,5.6,2.8,0.9,1.9,0.9,1.9,4.7,27.1,-3.7,52.3,1,0,49.5,1,13222,1,13222,1092,2934,4952,6486,10786,14035,7874,4556,3843,9244,13751,4153,6265,6238,7202,12484,3867,8462,15842,4782,3164,14910,2637,1,150,2667,1,38:32
2024-25,1629636,Darius Garland,Darius,1610612739,CLE,Cleveland Cavaliers,0022400446,2024-12-30T00:00:00,CLE @ GSW,W,28.566666666666666,12.6,21.4,0.588,3.8,10.1,0.375,2.5,5.0,0.5,0.0,3.8,3.8,10.1,0.0,2.5,0.0,0.0,2.5,5.0,31.5,29.0,58.7,0,0,54.2,1,1,13086,1,9061,1195,2079,6229,4500,3402,8800,8990,5837,10625,14058,14388,17874,1396,16469,4326,8263,8846,12707,4039,1637,2112,1372,2246,150,1592,1,28:34
2024-25,1641871,Duop Reath,Duop,1610612757,POR,Portland Trail Blazers,0022400447,2024-12-30T00:00:00,POR vs. PHI,L,4.05,17.8,26.7,0.667,8.9,17.8,0.5,35.6,53.3,0.667,0.0,8.9,8.9,0.0,0.0,0.0,0.0,0.0,8.9,26.7,80.0,26.7,90.7,0,0,97.8,1,13222,1,13222,24455,230,535,3281,307,356,3944,20,11,9425,14058,3614,6898,19908,16469,12854,8263,8846,999,13,32,2488,95,2246,150,63,1,4:03
2024-25,1626157,Karl-Anthony Towns,Karl-Anthony,1610612752,NYK,New York Knicks,0022400443,2024-12-30T00:00:00,NYK @ WAS,W,31.833333333333332,14.7,21.5,0.684,0.0,3.4,0.0,6.8,7.9,0.857,5.7,9.0,14.7,1.1,1.1,1.1,0.0,1.1,4.5,7.9,36.2,23.7,57.8,1,0,54.3,1,1,13086,1,6121,547,2044,3255,15070,16877,15070,2173,2576,7071,1840,3463,1910,19258,14928,10758,8263,6781,5721,1068,794,3081,1500,1,150,1575,1,31:50
2024-25,1628470,Torrey Craig,Torrey,1610612741,CHI,Chicago Bulls,0022400442,2024-12-30T00:00:00,CHI @ CHA,W,21.448333333333334,10.1,16.8,0.6,8.4,11.7,0.714,1.7,3.4,0.5,3.4,5.0,8.4,3.4,0.0,1.7,0.0,1.7,1.7,3.4,30.2,20.1,50.4,0,0,53.7,1,1,13086,1,14966,3145,6066,5394,386,1929,1861,11458,9183,10625,4626,10770,7636,11801,16469,7688,8263,4202,16602,8079,2012,3910,3165,2246,150,1671,1,21:27
2024-25,203903,Jordan Clarkson,Jordan,1610612762,UTA,Utah Jazz,0022400445,2024-12-30T00:00:00,UTA vs. DEN,L,27.766666666666666,9.1,19.4,0.467,3.9,6.5,0.6,9.1,9.1,1.0,2.6,3.9,6.5,5.2,5.2,1.3,0.0,0.0,2.6,5.2,31.1,-9.1,45.4,0,0,49.3,1,13222,1,13222,9742,4565,3387,12249,4220,9590,2992,977,1830,1,6367,14060,11214,7061,2129,9475,8263,8846,12450,3789,1752,17467,5002,2246,150,2739,1,27:46
2024-25,1630311,Pat Spencer,Pat,1610612744,GSW,Golden State Warriors,0022400446,2024-12-30T00:00:00,GSW vs. CLE,L,4.65,0.0,7.7,0.0,0.0,0.0,0.0,0.0,0.0,0.0,0.0,23.2,23.2,15.5,0.0,7.7,0.0,0.0,0.0,0.0,0.0,7.7,74.3,0,0,54.2,1,13222,1,13222,24158,22635,20606,22635,15070,20945,15070,13505,14344,13505,14058,100,258,254,16469,226,8263,8846,20257,17725,23200,8754,309,2246,150,1590,1,4:39
2024-25,1631133,Jabari Walker,Jabari,1610612757,POR,Portland Trail Blazers,0022400447,2024-12-30T00:00:00,POR vs. PHI,L,4.05,17.8,26.7,0.667,0.0,8.9,0.0,8.9,26.7,0.333,0.0,0.0,0.0,0.0,0.0,0.0,0.0,0.0,0.0,26.7,44.4,26.7,44.4,0,0,44.4,1,13222,1,13222,24455,230,535,3281,15070,4977,15070,1046,74,13132,14058,22137,23286,19908,16469,12854,8263,8846,20257,13,269,2488,5443,2246,150,4493,1,4:03
2024-25,1630264,Anthony Gill,Anthony,1610612764,WAS,Washington Wizards,0022400443,2024-12-30T00:00:00,WAS vs. NYK,L,1.8,20.0,20.0,1.0,0.0,0.0,0.0,0.0,0.0,0.0,20.0,20.0,40.0,0.0,0.0,0.0,0.0,0.0,0.0,0.0,40.0,-80.0,88.0,0,0,80.0,1,13222,1,13222,25607,144,2966,1,15070,20945,15070,13505,14344,13505,54,172,25,19908,16469,12854,8263,8846,20257,17725,446,26000,110,2246,150,157,1,1:48
2024-25,1628368,De'Aaron Fox,De'Aaron,1610612758,SAC,Sacramento Kings,0022400448,2024-12-30T00:00:00,SAC vs. DAL,W,35.21666666666667,13.3,23.5,0.565,3.1,7.2,0.429,4.1,5.1,0.8,2.0,4.1,6.1,6.1,1.0,1.0,0.0,2.0,5.1,6.1,33.7,17.4,52.3,0,0,51.1,1,1,13086,1,3299,904,1221,7102,6305,8132,7394,5547,5740,7681,8185,13452,11969,5272,15691,11739,8263,3077,4356,2468,1181,4781,2632,2246,150,2250,1,35:13
2024-25,1631250,Pete Nance,Pete,1610612755,PHI,Philadelphia 76ers,0022400447,2024-12-30T00:00:00,PHI @ POR,W,2.933333333333333,12.3,12.3,1.0,12.3,12.3,1.0,0.0,0.0,0.0,0.0,12.3,12.3,0.0,0.0,0.0,0.0,0.0,36.8,0.0,36.8,-24.5,51.5,0,0,61.4,1,1,13086,1,25014,1367,13125,1,124,1631,1,13505,14344,13505,14058,1240,3284,19908,16469,12854,8263,8846,23,17725,716,22704,2826,2246,150,701,1,2:56
2024-25,1631109,Mark Williams,Mark,1610612766,CHA,Charlotte Hornets,0022400442,2024-12-30T00:00:00,CHA vs. CHI,L,31.338333333333335,10.3,10.3,1.0,0.0,0.0,0.0,2.3,2.3,1.0,2.3,11.5,13.8,2.3,1.1,2.3,3.4,0.0,1.1,2.3,23.0,13.8,59.0,1,0,50.5,1,13222,1,13222,6567,2883,16486,1,15070,20945,15070,9637,11793,1,7255,1650,2345,15246,14803,5051,1268,8846,18827,11760,5504,6085,1323,1,150,2379,1,31:20
2024-25,1641789,Jazian Gortman,Jazian,1610612742,DAL,Dallas Mavericks,0022400448,2024-12-30T00:00:00,DAL @ SAC,L,8.333333333333334,8.6,13.0,0.667,0.0,0.0,0.0,4.3,8.6,0.5,0.0,8.6,8.6,4.3,13.0,4.3,0.0,0.0,13.0,4.3,21.6,43.2,38.4,0,0,43.2,1,13222,1,13222,22699,5364,11924,3281,15070,20945,15070,5117,2098,10625,14058,3891,7244,9076,171,1357,8263,8846,347,5536,6549,771,8742,2246,150,5044,1,8:20
2024-25,202685,Jonas Valančiūnas,Jonas,1610612764,WAS,Washington Wizards,0022400443,2024-12-30T00:00:00,WAS vs. NYK,L,20.966666666666665,17.2,22.3,0.769,1.7,3.4,0.5,1.7,1.7,1.0,8.6,6.9,15.5,3.4,1.7,0.0,1.7,0.0,6.9,6.9,37.8,-12.0,64.9,0,0,61.8,1,13222,1,13222,15314,262,1668,2080,11349,16802,3944,11387,13284,1,645,6585,1589,11590,11854,12854,4255,8846,2088,1765,624,18741,700,2246,150,657,1,20:58
2024-25,1629731,Dean Wade,Dean,1610612739,CLE,Cleveland Cavaliers,0022400446,2024-12-30T00:00:00,CLE @ GSW,W,25.321666666666665,5.7,10.0,0.571,2.8,7.1,0.4,0.0,0.0,0.0,4.3,14.2,18.5,0.0,0.0,1.4,2.8,0.0,4.3,0.0,14.2,31.3,49.2,1,0,44.1,1,1,13086,1,11727,12459,17149,6538,7073,8240,7874,13505,14344,13505,3225,711,795,19908,16469,8793,1887,8846,6390,17725,13707,1798,3543,1,150,4658,1,25:19
2024-25,1628970,Miles Bridges,Miles,1610612766,CHA,Charlotte Hornets,0022400442,2024-12-30T00:00:00,CHA vs. CHI,L,36.18333333333333,12.9,31.8,0.406,2.0,12.9,0.154,3.0,3.0,1.0,1.0,10.9,11.9,8.0,3.0,0.0,0.0,2.0,2.0,3.0,30.8,2.0,54.1,1,0,52.7,1,13222,1,13222,2546,1056,207,14930,10211,1333,14646,7855,10015,1,13299,1931,3547,2930,6550,12854,8263,3261,15207,9317,1821,11628,2175,1,150,1870,1,36:11
2024-25,1626181,Norman Powell,Norman,1610612746,LAC,LA Clippers,0022400444,2024-12-30T00:00:00,LAC @ NOP,W,40.15,11.7,24.2,0.481,3.6,10.8,0.333,4.5,5.4,0.833,0.9,1.8,2.7,1.8,1.8,1.8,0.0,1.8,0.9,3.6,31.4,2.7,40.9,0,0,43.0,1,1,13086,1,528,1755,1012,11953,4953,2711,9209,4863,5341,7275,13916,20258,20470,17103,11580,7287,8263,3918,20154,7431,1669,11269,7234,2246,150,5122,1,40:09
2024-25,1631210,Jacob Toppin,Jacob,1610612752,NYK,New York Knicks,0022400443,2024-12-30T00:00:00,NYK @ WAS,W,1.8,0.0,0.0,0.0,0.0,0.0,0.0,0.0,0.0,0.0,0.0,20.0,20.0,40.0,0.0,0.0,0.0,0.0,0.0,0.0,0.0,80.0,84.0,0,0,60.0,1,1,13086,1,25607,22635,24836,22635,15070,20945,15070,13505,14344,13505,14058,172,528,9,16469,12854,8263,8846,20257,17725,23200,161,147,2246,150,827,1,1:48
2024-25,1629014,Anfernee Simons,Anfernee,1610612757,POR,Portland Trail Blazers,0022400447,2024-12-30T00:00:00,POR vs. PHI,L,30.233333333333334,10.7,21.4,0.5,4.8,11.9,0.4,3.6,4.8,0.75,0.0,4.8,4.8,4.8,1.2,0.0,0.0,2.4,4.8,4.8,29.8,-20.2,41.4,0,0,44.1,1,13222,1,13222,7566,2492,2075,8526,2615,1828,7874,6547,6368,8186,14058,11536,15395,8011,14510,12854,8263,2261,5146,4583,2171,21620,6908,2246,150,4666,1,30:14
2024-25,203458,Alex Len,Alex,1610612758,SAC,Sacramento Kings,0022400448,2024-12-30T00:00:00,SAC vs. DAL,W,7.225,10.0,34.9,0.286,0.0,0.0,0.0,0.0,0.0,0.0,24.9,14.9,39.9,0.0,0.0,0.0,0.0,10.0,5.0,0.0,19.9,0.0,67.8,0,0,59.8,1,1,13086,1,23088,3259,136,19630,15070,20945,15070,13505,14344,13505,30,582,27,19908,16469,12854,8263,67,4643,17725,7971,12240,532,2246,150,843,1,7:14
2024-25,203999,Nikola Jokić,Nikola,1610612743,DEN,Denver Nuggets,0022400445,2024-12-30T00:00:00,DEN @ UTA,W,38.3,13.2,31.0,0.424,2.8,8.5,0.333,4.7,5.6,0.833,6.6,14.1,20.7,10.3,1.9,3.8,0.0,1.9,0.0,5.6,33.8,18.8,83.6,1,1,75.2,1,1,13086,1,1212,970,234,14438,7157,5656,9209,4513,4982,7275,1344,743,451,1266,11158,1899,8263,3628,20257,3130,1159,4317,150,1,1,226,1,38:18
2024-25,1629023,P.J. Washington,P.J.,1610612742,DAL,Dallas Mavericks,0022400448,2024-12-30T00:00:00,DAL @ SAC,L,38.04666666666667,7.6,18.9,0.4,3.8,8.5,0.444,7.6,9.5,0.8,0.0,3.8,3.8,0.9,1.9,0.9,1.9,0.0,3.8,6.6,26.5,0.0,39.1,0,0,40.7,1,13222,1,13222,1364,7604,3822,14933,4487,5563,7211,1628,1621,7681,14058,14375,17864,19808,11088,12386,3784,8846,7792,1964,3434,12240,8351,2246,150,6388,1,38:03
2024-25,1628386,Jarrett Allen,Jarrett,1610612739,CLE,Cleveland Cavaliers,0022400446,2024-12-30T00:00:00,CLE @ GSW,W,24.716666666666665,8.7,13.1,0.667,0.0,0.0,0.0,0.0,0.0,0.0,4.4,8.7,13.1,1.5,1.5,1.5,2.9,2.9,7.3,0.0,17.5,32.0,47.0,0,0,40.8,1,1,13086,1,12256,5206,11660,3281,15070,20945,15070,13505,14344,13505,3083,3790,2733,18151,12974,8600,1803,1446,1781,17725,10347,1727,4298,2246,150,6337,1,24:43
2024-25,203954,Joel Embiid,Joel,1610612755,PHI,Philadelphia 76ers,0022400447,2024-12-30T00:00:00,PHI @ POR,W,35.63333333333333,12.1,21.2,0.571,1.0,1.0,1.0,12.1,13.1,0.923,3.0,6.1,9.1,3.0,4.0,0.0,0.0,3.0,2.0,8.1,37.4,26.3,48.8,0,0,50.5,1,1,13086,1,2960,1448,2200,6538,14487,20851,1,331,571,6735,5265,8196,6594,12828,3798,12854,8263,1298,15022,977,666,2563,3697,2246,150,2387,1,35:38
2024-25,1628464,Daniel Theis,Daniel,1610612740,NOP,New Orleans Pelicans,0022400444,2024-12-30T00:00:00,NOP vs. LAC,L,10.933333333333334,9.9,9.9,1.0,0.0,0.0,0.0,0.0,0.0,0.0,0.0,6.6,6.6,3.3,6.6,0.0,0.0,0.0,3.3,0.0,19.8,-9.9,26.0,0,0,29.6,1,13222,1,13222,21736,3361,17287,1,15070,20945,15070,13505,14344,13505,14058,7130,10988,12009,1086,12854,8263,8846,9481,17725,8112,17831,17610,2246,150,14222,1,10:56
2024-25,1631099,Keegan Murray,Keegan,1610612758,SAC,Sacramento Kings,0022400448,2024-12-30T00:00:00,SAC vs. DAL,W,36.041666666666664,2.0,8.0,0.25,0.0,3.0,0.0,0.0,0.0,0.0,0.0,6.0,6.0,1.0,1.0,2.0,0.0,1.0,3.0,0.0,4.0,3.0,17.7,0,0,15.0,1,1,13086,1,2655,21415,20275,20233,15070,17665,15070,13505,14344,13505,14058,8342,12303,19678,15856,6260,8263,7936,10753,17725,22556,11122,22225,2246,150,23066,1,36:03
2024-25,201942,DeMar DeRozan,DeMar,1610612758,SAC,Sacramento Kings,0022400448,2024-12-30T00:00:00,SAC vs. DAL,W,25.5,8.5,18.4,0.462,1.4,2.8,0.5,1.4,1.4,1.0,0.0,5.6,5.6,2.8,1.4,0.0,0.0,2.8,5.6,1.4,19.8,-1.4,29.4,0,0,29.6,1,1,13086,1,11588,5666,4331,12428,12396,18009,3944,11993,13581,1,14058,9174,13162,13511,13213,12854,8263,1562,3471,15397,8104,13765,15236,2246,150,14206,1,25:30
2024-25,1627747,Caris LeVert,Caris,1610612739,CLE,Cleveland Cavaliers,0022400446,2024-12-30T00:00:00,CLE @ GSW,W,21.05,5.1,15.4,0.333,3.4,6.8,0.5,1.7,3.4,0.5,0.0,1.7,1.7,1.7,3.4,3.4,0.0,0.0,0.0,1.7,15.4,6.8,26.9,0,0,29.1,1,1,13086,1,15255,14004,7970,17395,5336,8800,3944,11395,9044,10625,14058,20434,22286,17334,5185,2347,8263,8846,20257,14235,12526,9213,17055,2246,150,14645,1,21:03
2024-25,1630173,Precious Achiuwa,Precious,1610612752,NYK,New York Knicks,0022400443,2024-12-30T00:00:00,NYK @ WAS,W,19.366666666666667,3.7,3.7,1.0,1.9,1.9,1.0,0.0,0.0,0.0,0.0,7.4,7.4,0.0,1.9,0.0,1.9,0.0,3.7,0.0,9.3,-3.7,21.9,0,0,22.3,1,1,13086,1,16522,17784,24218,1,10833,19814,1,13505,14344,13505,14058,5608,9293,19908,11279,12854,3906,8846,8013,17725,18814,14899,20185,2246,150,19486,1,19:22
2024-25,1642262,Cody Williams,Cody,1610612762,UTA,Utah Jazz,0022400445,2024-12-30T00:00:00,UTA vs. DEN,L,17.133333333333333,4.2,6.3,0.667,4.2,6.3,0.667,2.1,4.2,0.5,0.0,2.1,2.1,2.1,2.1,0.0,0.0,0.0,2.1,2.1,14.7,-14.7,18.3,0,0,23.1,1,13222,1,13222,18175,16589,22315,3281,3555,9970,1957,10285,7403,10625,14058,19356,21607,15993,9989,12854,8263,8846,14604,12600,13188,19789,21977,2246,150,18927,1,17:08
2024-25,201587,Nicolas Batum,Nicolas,1610612746,LAC,LA Clippers,0022400444,2024-12-30T00:00:00,LAC @ NOP,W,19.675,1.8,1.8,1.0,1.8,1.8,1.0,0.0,0.0,0.0,1.8,7.3,9.1,3.7,1.8,5.5,0.0,0.0,1.8,0.0,5.5,12.8,36.6,0,0,31.1,1,1,13086,1,16282,21708,24785,1,10951,19868,1,13505,14344,13505,9131,5809,6513,10911,11411,642,8263,8846,16040,17725,21740,6470,9969,2246,150,13070,1,19:41
2024-25,201599,DeAndre Jordan,DeAndre,1610612743,DEN,Denver Nuggets,0022400445,2024-12-30T00:00:00,DEN @ UTA,W,9.7,3.7,7.4,0.5,0.0,0.0,0.0,0.0,0.0,0.0,0.0,3.7,3.7,3.7,0.0,0.0,0.0,0.0,3.7,7.4,7.4,-33.4,17.4,0,0,14.8,1,1,13086,1,22215,17803,21036,8526,15070,20945,15070,13505,14344,13505,14058,14596,18036,10757,16469,12854,8263,8846,8032,1368,20385,24217,22314,2246,150,23112,1,9:42
2024-25,1626162,Kelly Oubre Jr.,Kelly,1610612755,PHI,Philadelphia 76ers,0022400447,2024-12-30T00:00:00,PHI @ POR,W,36.733333333333334,5.9,9.8,0.6,0.0,2.9,0.0,2.9,2.9,1.0,2.0,2.9,4.9,2.0,2.0,7.8,1.0,0.0,2.9,5.9,14.7,21.6,48.0,0,0,39.2,1,1,13086,1,2168,11860,17396,5394,15070,17779,15070,7978,10113,1,8575,16935,15061,16517,10723,223,7619,8846,10984,2779,13197,3564,3967,2246,150,7270,1,36:44
2024-25,1641731,Bilal Coulibaly,Bilal,1610612764,WAS,Washington Wizards,0022400443,2024-12-30T00:00:00,WAS vs. NYK,L,31.216666666666665,1.2,11.5,0.1,0.0,4.6,0.0,4.6,4.6,1.0,0.0,3.5,3.5,6.9,2.3,0.0,3.5,1.2,1.2,2.3,6.9,-10.4,29.5,0,0,24.2,1,13222,1,13222,6684,22536,14419,22561,15070,14167,15070,4657,6636,1,14058,15353,18638,4112,9037,12854,1259,6606,18794,11716,20776,18060,15131,2246,150,18195,1,31:13
2024-25,1628997,Caleb Martin,Caleb,1610612755,PHI,Philadelphia 76ers,0022400447,2024-12-30T00:00:00,PHI @ POR,W,37.65,2.9,5.7,0.5,1.0,1.9,0.5,0.0,0.0,0.0,0.0,1.0,1.0,1.9,0.0,1.0,1.0,0.0,2.9,1.0,6.7,25.8,16.4,0,0,14.3,1,1,13086,1,1602,19734,22873,8526,14765,19717,3944,13505,14344,13505,14058,22046,23241,16710,16469,12300,7773,8846,11316,17528,20927,2646,22688,2246,150,23308,1,37:39
2024-25,1627749,Dejounte Murray,Dejounte,1610612740,NOP,New Orleans Pelicans,0022400444,2024-12-30T00:00:00,NOP vs. LAC,L,40.47666666666667,5.3,14.2,0.375,0.9,4.4,0.2,0.0,0.0,0.0,0.0,8.9,8.9,7.1,3.6,5.3,0.0,0.0,3.6,0.9,11.6,-1.8,45.4,1,0,39.1,1,13222,1,13222,456,13446,9785,16299,14985,14577,13429,13505,14344,13505,14058,3611,6895,3870,4889,723,8263,8846,8574,17676,16606,13914,5008,1,150,7304,1,40:29
2024-25,1630208,Nick Richards,Nick,1610612766,CHA,Charlotte Hornets,0022400442,2024-12-30T00:00:00,CHA vs. CHI,L,12.8,2.8,5.6,0.5,0.0,0.0,0.0,0.0,5.6,0.0,0.0,5.6,5.6,0.0,5.6,0.0,5.6,0.0,8.4,2.8,5.6,-36.6,23.6,0,0,22.5,1,13222,1,13222,20839,19847,22968,8526,15070,20945,15070,13505,5010,13505,14058,9240,13224,19908,1701,12854,375,8846,1162,9924,21645,24571,19186,2246,150,19354,1,12:48
2024-25,1629632,Coby White,Coby,1610612741,CHI,Chicago Bulls,0022400442,2024-12-30T00:00:00,CHI @ CHA,W,40.9,7.0,21.1,0.333,0.9,9.7,0.091,5.3,6.2,0.857,0.9,7.9,8.8,7.9,2.6,0.9,0.0,0.0,1.8,5.3,20.2,-2.6,42.7,1,0,39.6,1,1,13086,1,387,8833,2260,17395,14995,3879,15062,3681,4271,7071,13953,4822,7021,2972,7727,12734,8263,8846,16342,3660,7701,14379,6273,1,150,7008,1,40:54
2024-25,203995,Vasilije Micić,Vasilije,1610612766,CHA,Charlotte Hornets,0022400442,2024-12-30T00:00:00,CHA vs. CHI,L,34.93333333333333,1.0,13.4,0.077,1.0,8.2,0.125,4.1,5.2,0.8,0.0,3.1,3.1,7.2,2.1,2.1,0.0,0.0,2.1,3.1,7.2,5.2,25.9,0,0,22.7,1,13222,1,13222,3514,22607,11156,22628,14360,6000,14886,5486,5679,7681,14058,16430,19496,3736,10207,5956,8263,8846,14806,8916,20550,10026,17702,2246,150,19237,1,34:56
2024-25,1631200,Kris Murray,Kris,1610612757,POR,Portland Trail Blazers,0022400447,2024-12-30T00:00:00,POR vs. PHI,L,15.183333333333334,2.4,4.7,0.5,0.0,2.4,0.0,0.0,0.0,0.0,0.0,2.4,2.4,2.4,0.0,2.4,0.0,0.0,0.0,0.0,4.7,19.0,18.3,0,0,14.2,1,13222,1,13222,19447,20722,23649,8526,15070,18863,15070,13505,14344,13505,14058,18569,21062,14978,16469,4791,8263,8846,20257,17725,22161,4268,21985,2246,150,23350,1,15:11
2024-25,1641718,Keyonte George,Keyonte,1610612762,UTA,Utah Jazz,0022400445,2024-12-30T00:00:00,UTA vs. DEN,L,28.266666666666666,3.8,11.5,0.333,1.3,5.1,0.25,0.0,1.3,0.0,0.0,3.8,3.8,7.6,3.8,1.3,0.0,0.0,0.0,1.3,8.9,-10.2,25.0,0,0,24.2,1,13222,1,13222,9325,17516,14543,17395,12970,12969,11902,13505,13772,13505,14058,14263,17777,3232,4266,9623,8263,8846,20257,16015,19168,17969,18319,2246,150,18209,1,28:16
2024-25,1629659,Talen Horton-Tucker,Talen,1610612741,CHI,Chicago Bulls,0022400442,2024-12-30T00:00:00,CHI @ CHA,W,20.1,3.6,10.7,0.333,0.0,5.4,0.0,0.0,0.0,0.0,1.8,7.2,9.0,5.4,3.6,5.4,3.6,1.8,5.4,0.0,7.2,35.8,49.3,0,0,39.4,1,1,13086,1,15948,18120,15790,17395,15070,12269,15070,13505,14344,13505,9272,6073,6815,6678,4815,695,1160,3923,3881,17725,20588,1314,3524,2246,150,7129,1,20:06
2024-25,1628374,Lauri Markkanen,Lauri,1610612762,UTA,Utah Jazz,0022400445,2024-12-30T00:00:00,UTA vs. DEN,L,32.05,5.6,14.6,0.385,2.2,10.1,0.222,5.6,5.6,1.0,1.1,0.0,1.1,0.0,2.2,0.0,0.0,1.1,1.1,5.6,19.1,-20.2,18.2,0,0,22.5,1,13222,1,13222,5928,12660,9202,16070,9061,3363,13288,3301,5028,1,12309,22137,23047,19908,9321,12854,8263,6846,18972,3168,8767,21618,22003,2246,150,19385,1,32:03
2024-25,1630702,Jaden Hardy,Jaden,1610612742,DAL,Dallas Mavericks,0022400448,2024-12-30T00:00:00,DAL @ SAC,L,20.816666666666666,5.2,12.1,0.429,3.5,5.2,0.667,0.0,1.7,0.0,0.0,5.2,5.2,0.0,1.7,0.0,3.5,0.0,6.9,1.7,13.8,-13.8,28.7,0,0,29.4,1,13222,1,13222,15419,13849,13406,13735,5244,12733,1957,13505,13272,13505,14058,10316,14303,19908,11808,12854,1260,8846,2041,14180,14114,19445,15705,2246,150,14407,1,20:49
2024-25,1630527,Brandon Boston,Brandon,1610612740,NOP,New Orleans Pelicans,0022400444,2024-12-30T00:00:00,NOP vs. LAC,L,12.65,2.8,8.5,0.333,2.8,8.5,0.333,0.0,0.0,0.0,0.0,2.8,2.8,0.0,0.0,0.0,0.0,0.0,8.5,2.8,8.5,-14.2,12.0,0,0,14.2,1,13222,1,13222,20920,19783,19432,17395,7062,5516,9209,13505,14344,13505,14058,17253,20128,19908,16469,12854,8263,8846,1122,9793,19484,19594,24016,2246,150,23349,1,12:39
2024-25,1630182,Josh Green,Josh,1610612766,CHA,Charlotte Hornets,0022400442,2024-12-30T00:00:00,CHA vs. CHI,L,37.85,3.8,7.6,0.5,2.9,5.7,0.5,2.9,2.9,1.0,2.9,2.9,5.7,1.0,1.9,0.0,0.0,0.0,4.8,1.9,13.3,1.0,19.7,0,0,22.8,1,13222,1,13222,1480,17551,20777,8526,7035,11432,3944,8206,10350,1,5718,17228,12997,19799,11027,12854,8263,8846,5170,13502,14730,12189,21318,2246,150,19122,1,37:51
2024-25,1626168,Trey Lyles,Trey,1610612758,SAC,Sacramento Kings,0022400448,2024-12-30T00:00:00,SAC vs. DAL,W,21.783333333333335,8.3,14.9,0.556,5.0,9.9,0.5,1.7,1.7,1.0,1.7,5.0,6.6,1.7,0.0,1.7,0.0,1.7,1.7,3.3,23.1,51.2,38.5,0,0,39.7,1,1,13086,1,14685,6054,8789,7248,2329,3594,3944,11498,13336,1,9736,11008,10925,17495,16469,7797,8263,4282,16697,8237,5391,529,8709,2246,150,6972,1,21:47
2024-25,1642278,Tyler Kolek,Tyler,1610612752,NYK,New York Knicks,0022400443,2024-12-30T00:00:00,NYK @ WAS,W,1.8,0.0,20.0,0.0,0.0,20.0,0.0,0.0,0.0,0.0,0.0,0.0,0.0,0.0,0.0,0.0,0.0,0.0,0.0,0.0,0.0,80.0,0.0,0,0,0.0,1,1,13086,1,25607,22635,2966,22635,15070,232,15070,13505,14344,13505,14058,22137,23286,19908,16469,12854,8263,8846,20257,17725,23200,161,25228,2246,150,25259,1,1:48
2024-25,1627824,Guerschon Yabusele,Guerschon,1610612755,PHI,Philadelphia 76ers,0022400447,2024-12-30T00:00:00,PHI @ POR,W,27.983333333333334,7.7,11.6,0.667,2.6,5.1,0.5,2.6,3.9,0.667,0.0,5.1,5.1,1.3,2.6,1.3,1.3,0.0,1.3,2.6,20.6,21.9,33.8,0,0,34.7,1,1,13086,1,9556,7229,14350,3281,7907,12836,3944,8874,8112,9425,14058,10433,14410,18705,7973,9539,5710,8846,18092,10725,7412,3488,11946,2246,150,10268,1,27:59
2024-25,1641816,Hunter Tyson,Hunter,1610612743,DEN,Denver Nuggets,0022400445,2024-12-30T00:00:00,DEN @ UTA,W,6.966666666666667,0.0,10.3,0.0,0.0,10.3,0.0,0.0,0.0,0.0,0.0,0.0,0.0,0.0,0.0,0.0,0.0,0.0,5.2,0.0,0.0,-31.0,0.0,0,0,0.0,1,1,13086,1,23184,22635,16487,22635,15070,3116,15070,13505,14344,13505,14058,22137,23286,19908,16469,12854,8263,8846,4253,17725,23200,23886,25228,2246,150,25259,1,6:58
2024-25,1631098,Johnny Davis,Johnny,1610612764,WAS,Washington Wizards,0022400443,2024-12-30T00:00:00,WAS vs. NYK,L,1.8,0.0,40.0,0.0,0.0,20.0,0.0,0.0,0.0,0.0,0.0,0.0,0.0,0.0,0.0,0.0,0.0,0.0,0.0,20.0,0.0,-80.0,0.0,0,0,0.0,1,13222,1,13222,25607,22635,74,22635,15070,232,15070,13505,14344,13505,14058,22137,23286,19908,16469,12854,8263,8846,20257,43,23200,26000,25228,2246,150,25259,1,1:48
2024-25,1630322,Lindy Waters III,Lindy,1610612744,GSW,Golden State Warriors,0022400446,2024-12-30T00:00:00,GSW vs. CLE,L,14.466666666666667,0.0,14.9,0.0,0.0,12.4,0.0,5.0,5.0,1.0,0.0,5.0,5.0,0.0,0.0,0.0,0.0,0.0,5.0,2.5,5.0,-10.0,10.9,0,0,10.0,1,13222,1,13222,19896,22635,8713,22635,15070,1557,15070,4074,5970,1,14058,10946,14855,19908,16469,12854,8263,8846,4664,11034,22023,17870,24250,2246,150,24434,1,14:28
2024-25,1641732,Colby Jones,Colby,1610612758,SAC,Sacramento Kings,0022400448,2024-12-30T00:00:00,SAC vs. DAL,W,1.4,0.0,0.0,0.0,0.0,0.0,0.0,0.0,0.0,0.0,0.0,0.0,0.0,0.0,0.0,0.0,0.0,0.0,0.0,0.0,0.0,-51.4,0.0,0,0,0.0,1,1,13086,1,25858,22635,24836,22635,15070,20945,15070,13505,14344,13505,14058,22137,23286,19908,16469,12854,8263,8846,20257,17725,23200,25442,25228,2246,150,25259,1,1:24
2024-25,1627750,Jamal Murray,Jamal,1610612743,DEN,Denver Nuggets,0022400445,2024-12-30T00:00:00,DEN @ UTA,W,37.233333333333334,6.8,16.4,0.412,1.9,5.8,0.333,3.9,3.9,1.0,1.0,2.9,3.9,9.7,2.9,1.9,1.0,0.0,1.9,3.9,19.3,-8.7,44.3,1,0,40.6,1,1,13086,1,1841,9505,6499,14791,10484,11200,9209,5940,8098,1,13520,17086,17660,1606,6841,6599,7712,8846,15494,6660,8515,17288,5527,1,150,6435,1,37:14
2024-25,1641774,Tristan Vukcevic,Tristan,1610612764,WAS,Washington Wizards,0022400443,2024-12-30T00:00:00,WAS vs. NYK,L,1.8,0.0,20.0,0.0,0.0,20.0,0.0,0.0,0.0,0.0,0.0,0.0,0.0,0.0,0.0,0.0,0.0,0.0,0.0,0.0,0.0,-80.0,0.0,0,0,0.0,1,13222,1,13222,25607,22635,2966,22635,15070,232,15070,13505,14344,13505,14058,22137,23286,19908,16469,12854,8263,8846,20257,17725,23200,26000,25228,2246,150,25259,1,1:48
2024-25,1631217,Moussa Diabaté,Moussa,1610612766,CHA,Charlotte Hornets,0022400442,2024-12-30T00:00:00,CHA vs. CHI,L,8.828333333333333,0.0,0.0,0.0,0.0,0.0,0.0,0.0,0.0,0.0,0.0,12.2,12.2,0.0,0.0,0.0,0.0,0.0,4.1,0.0,0.0,-24.5,14.7,0,0,12.2,1,13222,1,13222,22525,22635,24836,22635,15070,20945,15070,13505,14344,13505,14058,1259,3324,19908,16469,12854,8263,8846,6912,17725,23200,22685,23288,2246,150,23933,1,8:50
2024-25,1642384,Isaiah Crawford,Isaiah,1610612758,SAC,Sacramento Kings,0022400448,2024-12-30T00:00:00,SAC vs. DAL,W,1.4,0.0,0.0,0.0,0.0,0.0,0.0,0.0,0.0,0.0,0.0,0.0,0.0,0.0,0.0,0.0,0.0,0.0,0.0,0.0,0.0,-51.4,0.0,0,0,0.0,1,1,13086,1,25858,22635,24836,22635,15070,20945,15070,13505,14344,13505,14058,22137,23286,19908,16469,12854,8263,8846,20257,17725,23200,25442,25228,2246,150,25259,1,1:24
2024-25,1642403,Isaac Jones,Isaac,1610612758,SAC,Sacramento Kings,0022400448,2024-12-30T00:00:00,SAC vs. DAL,W,1.4,0.0,0.0,0.0,0.0,0.0,0.0,0.0,0.0,0.0,0.0,0.0,0.0,0.0,0.0,0.0,0.0,0.0,0.0,0.0,0.0,-51.4,0.0,0,0,0.0,1,1,13086,1,25858,22635,24836,22635,15070,20945,15070,13505,14344,13505,14058,22137,23286,19908,16469,12854,8263,8846,20257,17725,23200,25442,25228,2246,150,25259,1,1:24
2024-25,1641763,Julian Phillips,Julian,1610612741,CHI,Chicago Bulls,0022400442,2024-12-30T00:00:00,CHI @ CHA,W,11.0,0.0,0.0,0.0,0.0,0.0,0.0,6.5,6.5,1.0,0.0,3.3,3.3,0.0,3.3,0.0,0.0,0.0,3.3,3.3,6.5,-68.7,7.2,0,0,9.8,1,1,13086,1,21708,22635,24836,22635,15070,20945,15070,2362,3838,1,14058,15875,19057,19908,5590,12854,8263,8846,9557,8334,21022,25864,24799,2246,150,24466,1,11:00
2024-25,202331,Paul George,Paul,1610612755,PHI,Philadelphia 76ers,0022400447,2024-12-30T00:00:00,PHI @ POR,W,22.833333333333332,6.3,14.2,0.444,1.6,4.7,0.333,0.0,0.0,0.0,4.7,4.7,9.5,6.3,6.3,1.6,0.0,0.0,7.9,3.2,14.2,31.5,33.4,0,0,34.7,1,1,13086,1,13849,10686,9850,13045,11765,13890,9209,13505,14344,13505,2636,11615,6105,5007,1223,8078,8263,8846,1412,8716,13740,1778,12244,2246,150,10306,1,22:50
2024-25,1630556,Kessler Edwards,Kessler,1610612742,DAL,Dallas Mavericks,0022400448,2024-12-30T00:00:00,DAL @ SAC,L,2.15,0.0,0.0,0.0,0.0,0.0,0.0,0.0,0.0,0.0,0.0,0.0,0.0,0.0,0.0,0.0,0.0,0.0,0.0,0.0,0.0,50.2,0.0,0,0,0.0,1,13222,1,13222,25393,22635,24836,22635,15070,20945,15070,13505,14344,13505,14058,22137,23286,19908,16469,12854,8263,8846,20257,17725,23200,544,25228,2246,150,25259,1,2:09
2024-25,1641729,Brice Sensabaugh,Brice,1610612762,UTA,Utah Jazz,0022400445,2024-12-30T00:00:00,UTA vs. DEN,L,18.116666666666667,4.0,9.9,0.4,2.0,7.9,0.25,0.0,0.0,0.0,0.0,6.0,6.0,2.0,4.0,0.0,0.0,0.0,6.0,0.0,9.9,0.0,16.1,0,0,19.9,1,13222,1,13222,17491,17150,17183,14933,10226,6537,11902,13505,14344,13505,14058,8423,12382,16425,3931,12854,8263,8846,3003,17725,18214,12240,22815,2246,150,20930,1,18:07
2024-25,201935,James Harden,James,1610612746,LAC,LA Clippers,0022400444,2024-12-30T00:00:00,LAC @ NOP,W,35.983333333333334,6.0,14.0,0.429,5.0,10.0,0.5,10.0,12.0,0.833,0.0,2.0,2.0,4.0,7.0,1.0,0.0,0.0,3.0,8.0,27.0,3.0,31.4,0,0,40.0,1,1,13086,1,2695,11497,10167,13735,2267,3474,3944,700,765,7275,14058,19662,21800,9935,890,11957,8263,8846,10707,1019,3203,11117,13736,2246,150,6769,1,35:59
2024-25,1629655,Daniel Gafford,Daniel,1610612742,DAL,Dallas Mavericks,0022400448,2024-12-30T00:00:00,DAL @ SAC,L,27.5,3.9,6.5,0.6,0.0,0.0,0.0,2.6,2.6,1.0,0.0,7.9,7.9,0.0,3.9,1.3,6.5,0.0,6.5,5.2,10.5,-15.7,39.5,0,0,34.0,1,13222,1,13222,9944,17259,22057,5394,15070,20945,15070,8761,10935,1,14058,4940,8538,19908,4027,9410,241,8846,2364,3722,17686,20157,8051,2246,150,10821,1,27:30
2024-25,1630579,Jericho Sims,Jericho,1610612752,NYK,New York Knicks,0022400443,2024-12-30T00:00:00,NYK @ WAS,W,1.8,0.0,0.0,0.0,0.0,0.0,0.0,0.0,0.0,0.0,0.0,20.0,20.0,0.0,0.0,0.0,0.0,0.0,0.0,0.0,0.0,80.0,24.0,0,0,20.0,1,1,13086,1,25607,22635,24836,22635,15070,20945,15070,13505,14344,13505,14058,172,528,19908,16469,12854,8263,8846,20257,17725,23200,161,18937,2246,150,20849,1,1:48
2024-25,1630346,Matt Ryan,Matt,1610612752,NYK,New York Knicks,0022400443,2024-12-30T00:00:00,NYK @ WAS,W,0.87,0.0,0.0,0.0,0.0,0.0,0.0,0.0,0.0,0.0,0.0,0.0,0.0,0.0,0.0,0.0,0.0,0.0,0.0,0.0,0.0,124.1,0.0,0,0,0.0,1,1,13086,1,26115,22635,24836,22635,15070,20945,15070,13505,14344,13505,14058,22137,23286,19908,16469,12854,8263,8846,20257,17725,23200,35,25228,2246,150,25259,1,0:52
2024-25,1630581,Josh Giddey,Josh,1610612741,CHI,Chicago Bulls,0022400442,2024-12-30T00:00:00,CHI @ CHA,W,30.468333333333334,4.7,18.9,0.25,1.2,10.6,0.111,4.7,4.7,1.0,5.9,8.3,14.2,7.1,2.4,1.2,0.0,2.4,0.0,3.5,15.4,-4.7,44.2,1,0,40.2,1,1,13086,1,7344,15180,3837,20233,13468,2848,15003,4475,6439,1,1671,4322,2157,3901,8808,10337,8263,2306,20257,7547,12558,15434,5581,1,150,6689,1,30:28
2024-25,1628384,OG Anunoby,OG,1610612752,NYK,New York Knicks,0022400443,2024-12-30T00:00:00,NYK @ WAS,W,34.13333333333333,5.3,14.8,0.357,4.2,11.6,0.364,4.2,4.2,1.0,2.1,6.3,8.4,1.1,0.0,0.0,1.1,2.1,3.2,3.2,19.0,1.1,33.9,0,0,34.8,1,1,13086,1,4140,13615,8962,17140,3532,2031,9100,5312,7377,1,7924,7641,7568,19510,16469,12854,7100,2897,10024,8687,8874,12113,11927,2246,150,10224,1,34:08
2024-25,1631116,Patrick Baldwin Jr.,Patrick,1610612764,WAS,Washington Wizards,0022400443,2024-12-30T00:00:00,WAS vs. NYK,L,1.8,0.0,0.0,0.0,0.0,0.0,0.0,0.0,0.0,0.0,0.0,0.0,0.0,0.0,0.0,0.0,0.0,0.0,0.0,0.0,0.0,-80.0,0.0,0,0,0.0,1,13222,1,13222,25607,22635,24836,22635,15070,20945,15070,13505,14344,13505,14058,22137,23286,19908,16469,12854,8263,8846,20257,17725,23200,26000,25228,2246,150,25259,1,1:48
2024-25,1631117,Walker Kessler,Walker,1610612762,UTA,Utah Jazz,0022400445,2024-12-30T00:00:00,UTA vs. DEN,L,37.61666666666667,5.7,5.7,1.0,0.0,0.0,0.0,0.0,0.0,0.0,1.9,10.5,12.4,3.8,1.9,1.0,1.9,0.0,3.8,1.0,11.5,-14.4,38.9,1,0,33.5,1,13222,1,13222,1622,12293,22871,1,15070,20945,15070,13505,14344,13505,8760,2210,3165,10430,10974,12295,3725,8846,7657,17525,16696,19634,8507,1,150,11246,1,37:37
2024-25,1630541,Moses Moody,Moses,1610612744,GSW,Golden State Warriors,0022400446,2024-12-30T00:00:00,GSW vs. CLE,L,20.55,12.3,14.0,0.875,5.3,7.0,0.75,3.5,3.5,1.0,0.0,3.5,3.5,1.8,1.8,1.8,0.0,0.0,0.0,1.8,33.3,3.5,43.6,0,0,47.3,1,13222,1,13222,15607,1374,10148,1353,1989,8452,1542,6696,8876,1,14058,15232,18542,17223,11728,7433,8263,8846,20257,14107,1270,10893,5840,2246,150,3377,1,20:33
2024-25,203471,Dennis Schröder,Dennis,1610612744,GSW,Golden State Warriors,0022400446,2024-12-30T00:00:00,GSW vs. CLE,L,30.315,4.8,13.1,0.364,2.4,4.8,0.5,2.4,2.4,1.0,1.2,3.6,4.8,3.6,4.8,0.0,0.0,2.4,2.4,3.6,14.3,-28.5,20.5,0,0,24.9,1,13222,1,13222,7487,15114,11755,16861,8572,13840,3944,9400,11558,1,11883,15048,15445,11203,2655,12854,8263,2275,13331,7500,13663,23514,20919,2246,150,17734,1,30:19
2024-25,1641739,Toumani Camara,Toumani,1610612757,POR,Portland Trail Blazers,0022400447,2024-12-30T00:00:00,POR vs. PHI,L,33.93333333333333,4.2,9.5,0.444,0.0,2.1,0.0,4.2,5.3,0.8,6.4,4.2,10.6,1.1,0.0,2.1,0.0,0.0,5.3,8.5,12.7,-24.4,33.4,1,0,28.6,1,13222,1,13222,4325,16475,17859,13045,15070,19330,15070,5269,5457,7681,1444,12988,4803,19481,16469,5691,8263,8846,4011,836,15358,22665,12250,1,150,14970,1,33:56
2024-25,1629008,Michael Porter Jr.,Michael,1610612743,DEN,Denver Nuggets,0022400445,2024-12-30T00:00:00,DEN @ UTA,W,34.75,8.3,18.6,0.444,3.1,6.2,0.5,2.1,3.1,0.667,5.2,1.0,6.2,2.1,0.0,0.0,0.0,0.0,4.1,2.1,21.8,13.5,32.3,0,0,33.2,1,1,13086,1,3654,6007,4071,13045,6199,10160,3944,10392,9698,9425,2215,21909,11785,16111,16469,12854,8263,8846,6707,12754,6419,6210,13072,2246,150,11528,1,34:45
2024-25,203552,Seth Curry,Seth,1610612766,CHA,Charlotte Hornets,0022400442,2024-12-30T00:00:00,CHA vs. CHI,L,33.33,7.6,14.0,0.538,3.2,7.6,0.429,0.0,0.0,0.0,1.1,1.1,2.2,1.1,2.2,0.0,0.0,0.0,2.2,3.2,18.4,-2.2,20.4,0,0,24.8,1,13222,1,13222,4882,7623,10108,7978,5848,7252,7394,13505,14344,13505,12633,21806,21492,19412,9683,12854,8263,8846,14297,8434,9453,14131,20980,2246,150,17801,1,33:20
2024-25,1629656,Quentin Grimes,Quentin,1610612742,DAL,Dallas Mavericks,0022400448,2024-12-30T00:00:00,DAL @ SAC,L,32.93666666666667,4.4,13.1,0.333,3.3,7.7,0.429,0.0,0.0,0.0,1.1,6.6,7.7,3.3,4.4,0.0,1.1,0.0,1.1,2.2,12.0,-19.7,25.0,0,0,28.4,1,13222,1,13222,5209,16148,11649,17395,5734,7079,7394,13505,14344,13505,12527,7188,8878,12052,3192,12854,6840,8846,19139,12220,16112,21460,18272,2246,150,15143,1,32:56
2024-25,203952,Andrew Wiggins,Andrew,1610612744,GSW,Golden State Warriors,0022400446,2024-12-30T00:00:00,GSW vs. CLE,L,27.266666666666666,6.6,11.9,0.556,1.3,6.6,0.2,0.0,0.0,0.0,0.0,4.0,4.0,2.6,2.6,0.0,2.6,0.0,2.6,0.0,14.5,-26.4,28.5,0,0,27.7,1,13222,1,13222,10130,9923,13796,7248,12779,9315,13429,13505,14344,13505,14058,13836,17409,14080,7727,12854,2162,8846,12276,17725,13382,23111,15869,2246,150,15623,1,27:16
2024-25,1629012,Collin Sexton,Collin,1610612762,UTA,Utah Jazz,0022400445,2024-12-30T00:00:00,UTA vs. DEN,L,28.683333333333334,11.3,23.8,0.474,1.3,7.5,0.167,3.8,3.8,1.0,1.3,1.3,2.5,5.0,2.5,0.0,0.0,1.3,2.5,2.5,27.6,-15.1,35.6,0,0,36.4,1,13222,1,13222,8938,2016,1106,12072,13066,7324,14236,6155,8337,1,11457,21385,20791,7417,8203,12854,8263,5905,12761,10957,2929,19925,10618,2246,150,9103,1,28:41
2024-25,1628404,Josh Hart,Josh,1610612752,NYK,New York Knicks,0022400443,2024-12-30T00:00:00,NYK @ WAS,W,41.28,6.1,13.1,0.467,3.5,7.0,0.5,4.4,6.1,0.714,3.5,9.6,13.1,8.7,0.9,1.7,0.0,0.9,3.5,6.1,20.1,21.8,53.2,1,1,48.8,1,1,13086,1,328,11210,11707,12249,5171,8509,3944,5053,4342,9244,4394,2929,2752,2256,16395,7472,8263,8733,8784,2496,7880,3504,2397,1,1,2879,1,41:17
2024-25,201566,Russell Westbrook,Russell,1610612743,DEN,Denver Nuggets,0022400445,2024-12-30T00:00:00,DEN @ UTA,W,32.733333333333334,7.7,7.7,1.0,0.0,0.0,0.0,2.2,2.2,1.0,3.3,7.7,11.0,11.0,0.0,4.4,0.0,0.0,3.3,1.1,17.6,25.3,60.5,1,1,48.4,1,1,13086,1,5376,7276,20656,1,15070,20945,15070,9945,12088,1,4750,5169,4408,1005,16469,1302,8263,8846,9460,16906,10225,2751,1133,1,1,3022,1,32:44
2024-25,1642354,KJ Simpson,KJ,1610612766,CHA,Charlotte Hornets,0022400442,2024-12-30T00:00:00,CHA vs. CHI,L,14.15,5.1,17.8,0.286,0.0,10.2,0.0,5.1,7.6,0.667,0.0,5.1,5.1,2.5,2.5,5.1,0.0,0.0,0.0,5.1,15.3,-33.1,37.9,0,0,33.1,1,13222,1,13222,20109,14123,4901,19630,15070,3303,15070,3907,2789,9425,14058,10606,14552,14383,8065,844,8263,8846,20257,3941,12639,24179,9074,2246,150,11601,1,14:09
2024-25,1630540,Miles McBride,Miles,1610612752,NYK,New York Knicks,0022400443,2024-12-30T00:00:00,NYK @ WAS,W,17.766666666666666,6.1,16.2,0.375,2.0,6.1,0.333,2.0,4.1,0.5,4.1,0.0,4.1,12.2,0.0,6.1,0.0,2.0,4.1,4.1,16.2,12.2,57.5,0,0,46.6,1,1,13086,1,17729,11282,6819,16299,10031,10495,9209,10552,7730,10625,3521,22137,17178,685,16469,451,8263,3140,6989,6161,11717,6731,1547,2246,150,3626,1,17:46
2024-25,201939,Stephen Curry,Stephen,1610612744,GSW,Golden State Warriors,0022400446,2024-12-30T00:00:00,GSW vs. CLE,L,29.086666666666666,5.0,17.3,0.286,3.7,13.6,0.273,0.0,0.0,0.0,0.0,2.5,2.5,3.7,1.2,1.2,1.2,0.0,1.2,2.5,13.6,-2.5,28.3,0,0,28.5,1,13222,1,13222,8605,14543,5422,19630,4670,1053,11838,13505,14344,13505,14058,18254,20853,10755,14181,9889,5956,8846,18340,11080,14366,14298,15965,2246,150,15098,1,29:05
2024-25,1630703,Scoot Henderson,Scoot,1610612757,POR,Portland Trail Blazers,0022400447,2024-12-30T00:00:00,POR vs. PHI,L,23.816666666666666,3.0,10.6,0.286,0.0,6.0,0.0,3.0,4.5,0.667,0.0,0.0,0.0,10.6,4.5,4.5,0.0,0.0,3.0,4.5,9.1,-16.6,34.0,0,0,28.7,1,13222,1,13222,13062,19371,16089,19630,15070,10584,15070,7742,6772,9425,14058,22137,23286,1172,2945,1204,8263,8846,10610,5063,19007,20486,11799,2246,150,14913,1,23:49
2024-25,1631218,Trayce Jackson-Davis,Trayce,1610612744,GSW,Golden State Warriors,0022400446,2024-12-30T00:00:00,GSW vs. CLE,L,28.566666666666666,7.6,17.6,0.429,0.0,0.0,0.0,5.0,5.0,1.0,7.6,12.6,20.2,2.5,2.5,0.0,2.5,1.3,2.5,3.8,20.2,-29.0,53.2,1,0,47.9,1,13222,1,13222,9061,7621,5082,13735,15070,20945,15070,3966,5837,1,929,1125,505,14469,8157,12854,2336,5870,12707,6905,7777,23588,2400,1,150,3187,1,28:34
2024-25,1627777,Georges Niang,Georges,1610612739,CLE,Cleveland Cavaliers,0022400446,2024-12-30T00:00:00,CLE @ GSW,W,19.795,1.8,5.5,0.333,1.8,3.6,0.5,0.0,0.0,0.0,0.0,5.5,5.5,9.1,1.8,1.8,0.0,0.0,7.3,1.8,5.5,9.1,29.3,0,0,25.5,1,1,13086,1,16186,21723,23118,17395,11004,16363,3944,13505,14344,13505,14058,9656,13657,1945,11459,7168,8263,8846,1786,13858,21761,8131,15301,2246,150,17310,1,19:48
2024-25,1630172,Patrick Williams,Patrick,1610612741,CHI,Chicago Bulls,0022400442,2024-12-30T00:00:00,CHI @ CHA,W,32.28333333333333,5.6,12.3,0.455,5.6,11.2,0.5,2.2,2.2,1.0,1.1,2.2,3.3,0.0,1.1,0.0,0.0,1.1,2.2,1.1,19.0,-10.0,21.9,0,0,27.9,1,1,13086,1,5753,12770,13142,12676,1679,2371,3944,9834,11989,1,12356,18977,18877,19908,15027,12854,8263,6911,13959,16844,8899,17904,20228,2246,150,15522,1,32:17
2024-25,1630557,Corey Kispert,Corey,1610612764,WAS,Washington Wizards,0022400443,2024-12-30T00:00:00,WAS vs. NYK,L,23.15,9.3,15.6,0.6,4.7,9.3,0.5,1.6,3.1,0.5,3.1,0.0,3.1,1.6,1.6,1.6,0.0,0.0,1.6,1.6,24.9,-9.3,34.1,0,0,37.3,1,13222,1,13222,13600,4157,7762,5394,2785,4333,3944,11679,9692,10625,5114,22137,19453,17786,12525,8169,8263,8846,17018,14777,4265,17596,11755,2246,150,8489,1,23:09
2024-25,1629660,Ty Jerome,Ty,1610612739,CLE,Cleveland Cavaliers,0022400446,2024-12-30T00:00:00,CLE @ GSW,W,19.566666666666666,5.5,18.4,0.3,3.7,9.2,0.4,3.7,3.7,1.0,1.8,1.8,3.7,7.4,0.0,1.8,0.0,5.5,3.7,9.2,18.4,22.1,39.4,0,0,36.8,1,1,13086,1,16360,12940,4294,19363,4737,4530,7874,6327,8524,1,9088,20134,18122,3558,16469,7076,8263,281,8165,594,9420,3441,8154,2246,150,8845,1,19:34
2024-25,1642270,Donovan Clingan,Donovan,1610612757,POR,Portland Trail Blazers,0022400447,2024-12-30T00:00:00,POR vs. PHI,L,8.516666666666667,4.2,8.5,0.5,0.0,0.0,0.0,4.2,8.5,0.5,0.0,4.2,4.2,8.5,12.7,0.0,0.0,0.0,8.5,4.2,12.7,4.2,17.8,0,0,25.4,1,13222,1,13222,22624,16522,19565,8526,15070,20945,15070,5297,2225,10625,14058,13036,16736,2464,181,12854,8263,8846,1158,5768,15412,10529,22199,2246,150,17383,1,8:31
2024-25,1630548,Johnny Juzang,Johnny,1610612762,UTA,Utah Jazz,0022400445,2024-12-30T00:00:00,UTA vs. DEN,L,22.85,7.9,14.2,0.556,3.2,7.9,0.4,3.2,3.2,1.0,1.6,4.7,6.3,1.6,0.0,0.0,0.0,1.6,1.6,1.6,22.1,20.5,32.0,0,0,33.1,1,13222,1,13222,13831,6893,9872,7248,6093,6661,7874,7438,9611,1,10021,11631,11601,17722,16469,12854,8263,4505,16942,14709,6164,3818,13339,2246,150,11591,1,22:51
2024-25,1629750,Javonte Green,Javonte,1610612740,NOP,New Orleans Pelicans,0022400444,2024-12-30T00:00:00,NOP vs. LAC,L,15.033333333333333,7.2,7.2,1.0,2.4,2.4,1.0,0.0,0.0,0.0,0.0,2.4,2.4,2.4,2.4,2.4,0.0,0.0,7.2,0.0,16.8,-14.4,28.0,0,0,28.7,1,13222,1,13222,19532,8498,21336,1,8505,18819,1,13505,14344,13505,14058,18501,21017,14894,8679,4710,8263,8846,1834,17725,11111,19640,16219,2246,150,14900,1,15:02
2024-25,1631212,Peyton Watson,Peyton,1610612743,DEN,Denver Nuggets,0022400445,2024-12-30T00:00:00,DEN @ UTA,W,26.366666666666667,8.2,12.3,0.667,1.4,4.1,0.333,0.0,0.0,0.0,0.0,5.5,5.5,1.4,1.4,0.0,1.4,0.0,1.4,0.0,17.7,-2.7,29.1,0,0,28.7,1,1,13086,1,10846,6221,13101,3281,12585,15356,9209,13505,14344,13505,14058,9641,13640,18447,13482,12854,5386,8846,17766,17725,10086,14421,15428,2246,150,14948,1,26:22
2024-25,1642273,Kyshawn George,Kyshawn,1610612764,WAS,Washington Wizards,0022400443,2024-12-30T00:00:00,WAS vs. NYK,L,25.033333333333335,1.4,8.6,0.167,1.4,7.2,0.2,1.4,2.9,0.5,0.0,7.2,7.2,0.0,2.9,0.0,1.4,0.0,2.9,1.4,5.8,-23.0,15.8,0,0,17.3,1,13222,1,13222,11975,22240,19307,21938,12301,8063,13429,11927,10292,10625,14058,6019,9768,19908,6936,12854,5081,8846,11291,15287,21564,22339,22918,2246,150,22187,1,25:02
2024-25,1627739,Kris Dunn,Kris,1610612746,LAC,LA Clippers,0022400444,2024-12-30T00:00:00,LAC @ NOP,W,32.083333333333336,3.4,7.9,0.429,1.1,5.6,0.2,0.0,0.0,0.0,2.2,1.1,3.4,6.7,2.2,2.2,1.1,0.0,2.2,1.1,7.9,-5.6,29.8,0,0,25.8,1,1,13086,1,5901,18608,20473,13735,13825,11693,13429,13505,14344,13505,7443,21704,18837,4379,9332,5234,6652,8846,13903,16813,20041,15883,14908,2246,150,17061,1,32:05
2024-25,1630288,Jeff Dowtin Jr.,Jeff,1610612755,PHI,Philadelphia 76ers,0022400447,2024-12-30T00:00:00,PHI @ POR,W,4.85,7.4,7.4,1.0,7.4,7.4,1.0,0.0,0.0,0.0,0.0,14.8,14.8,0.0,7.4,0.0,0.0,0.0,0.0,0.0,22.3,-22.3,32.7,0,0,44.5,1,1,13086,1,24045,7948,21036,1,620,7554,1,13505,14344,13505,14058,604,1846,19908,734,12854,8263,8846,20257,17725,6019,22150,12835,2246,150,4446,1,4:51
2024-25,1629013,Landry Shamet,Landry,1610612752,NYK,New York Knicks,0022400443,2024-12-30T00:00:00,NYK @ WAS,W,10.966666666666667,6.6,13.1,0.5,6.6,6.6,1.0,0.0,0.0,0.0,0.0,3.3,3.3,3.3,0.0,0.0,0.0,0.0,3.3,3.3,19.7,49.2,28.6,0,0,32.8,1,1,13086,1,21725,10026,11619,8526,965,9398,1,13505,14344,13505,14058,15842,19031,12045,16469,12854,8263,8846,9513,8300,8162,574,15831,2246,150,11784,1,10:58
2024-25,203939,Dwight Powell,Dwight,1610612742,DAL,Dallas Mavericks,0022400448,2024-12-30T00:00:00,DAL @ SAC,L,16.833333333333332,0.0,0.0,0.0,0.0,0.0,0.0,0.0,0.0,0.0,2.1,8.6,10.7,4.3,0.0,4.3,4.3,0.0,2.1,0.0,0.0,4.3,44.9,0,0,32.1,1,13222,1,13222,18364,22635,24836,22635,15070,20945,15070,13505,14344,13505,7805,3984,4705,9189,16469,1390,766,8846,14413,17725,23200,10495,5221,2246,150,12318,1,16:50
2024-25,203468,CJ McCollum,CJ,1610612740,NOP,New Orleans Pelicans,0022400444,2024-12-30T00:00:00,NOP vs. LAC,L,39.09,11.1,23.0,0.48,7.4,12.9,0.571,0.9,1.8,0.5,0.0,1.8,1.8,3.7,3.7,0.9,0.0,0.9,1.8,1.8,30.4,5.5,37.2,0,0,45.1,1,13222,1,13222,850,2219,1379,11962,650,1352,3506,13426,13128,10625,14058,20130,22099,10836,4594,12558,8263,8553,15985,13767,1955,9830,9530,2246,150,4199,1,39:05
2024-25,1627763,Malcolm Brogdon,Malcolm,1610612764,WAS,Washington Wizards,0022400443,2024-12-30T00:00:00,WAS vs. NYK,L,28.716666666666665,6.3,13.8,0.455,1.3,5.0,0.25,8.8,8.8,1.0,2.5,5.0,7.5,8.8,2.5,2.5,0.0,0.0,1.3,6.3,22.6,-18.8,49.8,0,0,45.1,1,13222,1,13222,8903,10803,10511,12676,13079,13175,11902,1085,2002,1,6595,10842,9128,2203,8221,4367,8263,8846,18257,2313,5814,21179,3337,2246,150,4196,1,28:43
2024-25,1630551,Justin Champagnie,Justin,1610612764,WAS,Washington Wizards,0022400443,2024-12-30T00:00:00,WAS vs. NYK,L,24.966666666666665,1.4,11.5,0.125,1.4,8.7,0.167,0.0,0.0,0.0,0.0,11.5,11.5,0.0,1.4,1.4,2.9,0.0,7.2,1.4,4.3,-24.5,29.7,0,0,26.0,1,13222,1,13222,12032,22237,14414,22420,12284,5342,14236,13505,14344,13505,14058,1606,3915,19908,13048,8685,1844,8846,1820,15269,22385,22694,15026,2246,150,16973,1,24:58
2024-25,1641765,Olivier-Maxence Prosper,Olivier-Maxence,1610612742,DAL,Dallas Mavericks,0022400448,2024-12-30T00:00:00,DAL @ SAC,L,8.833333333333334,0.0,8.2,0.0,0.0,4.1,0.0,0.0,0.0,0.0,0.0,4.1,4.1,4.1,0.0,4.1,0.0,0.0,0.0,0.0,0.0,-32.6,23.2,0,0,16.3,1,13222,1,13222,22517,22635,20013,22635,15070,15407,15070,13505,14344,13505,14058,13494,17126,9722,16469,1562,8263,8846,20257,17725,23200,24110,19422,2246,150,22587,1,8:50
2024-25,1641722,Jordan Hawkins,Jordan,1610612740,NOP,New Orleans Pelicans,0022400444,2024-12-30T00:00:00,NOP vs. LAC,L,15.533333333333333,2.3,11.6,0.2,2.3,9.3,0.25,0.0,0.0,0.0,0.0,4.6,4.6,2.3,2.3,0.0,0.0,0.0,4.6,0.0,7.0,-16.2,13.7,0,0,16.2,1,13222,1,13222,19234,20814,14329,21401,8784,4418,11902,13505,14344,13505,14058,11892,15738,15162,8995,12854,8263,8846,5447,17725,20757,20329,23581,2246,150,22624,1,15:32
2024-25,1642267,Bub Carrington,Bub,1610612764,WAS,Washington Wizards,0022400443,2024-12-30T00:00:00,WAS vs. NYK,L,27.666666666666668,2.6,7.8,0.333,2.6,6.5,0.4,0.0,0.0,0.0,0.0,6.5,6.5,6.5,0.0,1.3,0.0,0.0,2.6,0.0,7.8,0.0,29.3,0,0,26.0,1,13222,1,13222,9822,20276,20524,17395,7819,9531,7874,13505,14344,13505,14058,7288,11158,4699,16469,9446,8263,8846,12421,17725,20081,12240,15304,2246,150,16909,1,27:40
2024-25,1642259,Alex Sarr,Alex,1610612764,WAS,Washington Wizards,0022400443,2024-12-30T00:00:00,WAS vs. NYK,L,25.233333333333334,10.0,18.5,0.538,4.3,8.6,0.5,1.4,2.9,0.5,1.4,4.3,5.7,0.0,2.9,0.0,1.4,0.0,5.7,1.4,25.7,-12.8,34.0,0,0,38.5,1,13222,1,13222,11804,3237,4177,7978,3427,5483,3944,11962,10350,10625,10642,12864,12997,19908,7014,12854,5125,8846,3379,15338,3838,19075,11854,2246,150,7695,1,25:14
2024-25,1641854,Craig Porter Jr.,Craig,1610612739,CLE,Cleveland Cavaliers,0022400446,2024-12-30T00:00:00,CLE @ GSW,W,4.083333333333333,8.8,17.6,0.5,0.0,0.0,0.0,0.0,0.0,0.0,0.0,8.8,8.8,0.0,0.0,0.0,0.0,0.0,0.0,0.0,17.6,-35.3,28.2,0,0,26.4,1,1,13086,1,24444,5036,5095,8526,15070,20945,15070,13505,14344,13505,14058,3698,6989,19908,16469,12854,8263,8846,20257,17725,10179,24444,16061,2246,150,16577,1,4:05
2024-25,1642281,Jaylon Tyson,Jaylon,1610612739,CLE,Cleveland Cavaliers,0022400446,2024-12-30T00:00:00,CLE @ GSW,W,4.083333333333333,0.0,8.8,0.0,0.0,0.0,0.0,0.0,0.0,0.0,8.8,17.6,26.4,0.0,0.0,0.0,0.0,0.0,0.0,0.0,0.0,-35.3,31.7,0,0,26.4,1,1,13086,1,24444,22635,18989,22635,15070,20945,15070,13505,14344,13505,592,280,154,19908,16469,12854,8263,8846,20257,17725,23200,24444,13523,2246,150,16577,1,4:05
2024-25,1630550,JT Thor,JT,1610612739,CLE,Cleveland Cavaliers,0022400446,2024-12-30T00:00:00,CLE @ GSW,W,4.083333333333333,8.8,17.6,0.5,0.0,8.8,0.0,0.0,0.0,0.0,0.0,8.8,8.8,0.0,0.0,0.0,0.0,0.0,0.0,0.0,17.6,-35.3,28.2,0,0,26.4,1,1,13086,1,24444,5036,5095,8526,15070,5072,15070,13505,14344,13505,14058,3698,6989,19908,16469,12854,8263,8846,20257,17725,10179,24444,16061,2246,150,16577,1,4:05
2024-25,1628378,Donovan Mitchell,Donovan,1610612739,CLE,Cleveland Cavaliers,0022400446,2024-12-30T00:00:00,CLE @ GSW,W,27.35,11.8,25.0,0.474,6.6,14.5,0.455,0.0,0.0,0.0,0.0,3.9,3.9,5.3,1.3,0.0,0.0,2.6,0.0,0.0,30.3,10.5,41.6,0,0,46.1,1,1,13086,1,10062,1624,827,12072,956,806,7148,13505,14344,13505,14058,13881,17446,6901,13733,12854,8263,1831,20257,17725,1996,7455,6836,2246,150,3794,1,27:21
2024-25,1628366,Lonzo Ball,Lonzo,1610612741,CHI,Chicago Bulls,0022400442,2024-12-30T00:00:00,CHI @ CHA,W,25.9,1.4,4.2,0.333,1.4,4.2,0.333,1.4,4.2,0.333,1.4,2.8,4.2,6.9,1.4,4.2,0.0,0.0,4.2,1.4,5.6,34.7,32.1,0,0,26.4,1,1,13086,1,11244,22302,24010,17395,12485,15187,9209,12043,7472,13132,10792,17463,16883,4064,13336,1477,8263,8846,6635,15495,21694,1419,13246,2246,150,16615,1,25:54
2024-25,1630166,Deni Avdija,Deni,1610612757,POR,Portland Trail Blazers,0022400447,2024-12-30T00:00:00,POR vs. PHI,L,32.93333333333333,5.5,9.8,0.556,2.2,5.5,0.4,5.5,5.5,1.0,2.2,5.5,7.7,2.2,10.9,1.1,0.0,0.0,3.3,3.3,18.6,-23.0,23.4,0,0,32.8,1,13222,1,13222,5210,13085,17338,7248,9286,12044,7874,3453,5230,1,7628,9627,8876,15678,260,11075,8263,8846,9526,8312,9238,22324,19318,2246,150,11811,1,32:56
2024-25,1630596,Evan Mobley,Evan,1610612739,CLE,Cleveland Cavaliers,0022400446,2024-12-30T00:00:00,CLE @ GSW,W,24.666666666666668,2.9,8.8,0.333,1.5,5.8,0.25,2.9,2.9,1.0,1.5,8.8,10.2,1.5,8.8,1.5,2.9,0.0,7.3,1.5,10.2,7.3,29.0,0,0,32.1,1,1,13086,1,12303,19605,19088,17395,12213,11108,11902,8037,10176,1,10490,3768,5217,18139,461,8582,1792,8846,1771,15188,17935,8986,15456,2246,150,12292,1,24:40
2024-25,1627734,Domantas Sabonis,Domantas,1610612758,SAC,Sacramento Kings,0022400448,2024-12-30T00:00:00,SAC vs. DAL,W,33.416666666666664,8.6,17.2,0.5,0.0,1.1,0.0,1.1,2.2,0.5,7.5,9.7,17.2,7.5,2.2,1.1,0.0,3.2,3.2,3.2,18.3,-6.5,51.4,1,0,45.2,1,1,13086,1,4795,5403,5534,8526,15070,20769,15070,12980,12235,10625,934,2826,1073,3347,9705,11214,8263,1123,9730,8451,9511,16273,2872,1,150,4130,1,33:25
2024-25,202696,Nikola Vučević,Nikola,1610612741,CHI,Chicago Bulls,0022400442,2024-12-30T00:00:00,CHI @ CHA,W,34.85,6.2,14.5,0.429,3.1,7.2,0.429,1.0,3.1,0.333,2.1,11.4,13.4,3.1,2.1,1.0,0.0,0.0,3.1,3.1,16.5,-4.1,38.3,1,0,38.2,1,1,13086,1,3581,10976,9415,13735,6218,7980,7394,13133,9726,13132,8096,1717,2523,12613,10179,11651,8263,8846,10274,8888,11364,15140,8824,1,150,7880,1,34:51
2024-25,1629599,Amir Coffey,Amir,1610612746,LAC,LA Clippers,0022400444,2024-12-30T00:00:00,LAC @ NOP,W,20.916666666666668,1.7,5.2,0.333,0.0,1.7,0.0,6.9,6.9,1.0,0.0,5.2,5.2,0.0,1.7,0.0,0.0,0.0,3.4,3.4,10.3,0.0,14.8,0,0,15.5,1,1,13086,1,15345,21872,23347,17395,15070,20021,15070,2089,3488,1,14058,10384,14367,19908,11843,12854,8263,8846,8929,7832,17832,12240,23238,2246,150,22887,1,20:55
2024-25,1627884,Derrick Jones Jr.,Derrick,1610612746,LAC,LA Clippers,0022400444,2024-12-30T00:00:00,LAC @ NOP,W,31.516666666666666,5.7,12.6,0.455,1.1,6.9,0.167,0.0,0.0,0.0,1.1,2.3,3.4,2.3,1.1,2.3,1.1,1.1,2.3,1.1,12.6,4.6,29.2,0,0,26.3,1,1,13086,1,6406,12383,12638,12676,13694,8771,14236,13505,14344,13505,12178,18810,18706,15289,14848,5095,6528,6700,13706,16697,15528,10354,15331,2246,150,16736,1,31:31
2024-25,1630178,Tyrese Maxey,Tyrese,1610612755,PHI,Philadelphia 76ers,0022400447,2024-12-30T00:00:00,PHI @ POR,W,35.86666666666667,7.0,13.0,0.538,3.0,7.0,0.429,6.0,6.0,1.0,0.0,1.0,1.0,3.0,4.0,1.0,0.0,0.0,4.0,4.0,23.1,14.1,27.8,0,0,32.1,1,1,13086,1,2776,8867,11780,7978,6471,8412,7394,2832,4438,1,14058,21966,23202,12889,3859,11925,8263,8846,7097,6271,5426,5985,16355,2246,150,12285,1,35:52
2024-25,1629162,Jordan McLaughlin,Jordan,1610612758,SAC,Sacramento Kings,0022400448,2024-12-30T00:00:00,SAC vs. DAL,W,1.4,0.0,0.0,0.0,0.0,0.0,0.0,0.0,0.0,0.0,0.0,0.0,0.0,25.7,25.7,0.0,0.0,0.0,0.0,0.0,0.0,-51.4,12.9,0,0,25.7,1,1,13086,1,25858,22635,24836,22635,15070,20945,15070,13505,14344,13505,14058,22137,23286,36,24,12854,8263,8846,20257,17725,23200,25442,23806,2246,150,17128,1,1:24
2024-25,1628989,Kevin Huerter,Kevin,1610612758,SAC,Sacramento Kings,0022400448,2024-12-30T00:00:00,SAC vs. DAL,W,19.616666666666667,1.8,9.2,0.2,1.8,7.3,0.25,0.0,0.0,0.0,0.0,3.7,3.7,1.8,0.0,0.0,1.8,0.0,1.8,0.0,5.5,20.2,18.2,0,0,16.5,1,1,13086,1,16326,21697,18449,21401,10936,7741,11902,13505,14344,13505,14058,14732,18156,16980,16469,12854,3972,8846,16010,17725,21730,3889,22022,2246,150,22500,1,19:37
2024-25,1631101,Shaedon Sharpe,Shaedon,1610612757,POR,Portland Trail Blazers,0022400447,2024-12-30T00:00:00,POR vs. PHI,L,34.233333333333334,5.3,14.7,0.357,1.1,8.4,0.125,1.1,2.1,0.5,0.0,1.1,1.1,1.1,3.2,0.0,0.0,0.0,3.2,1.1,12.6,-26.3,12.3,0,0,15.8,1,13222,1,13222,4072,13647,9010,17140,14241,5721,14886,13074,12410,10625,14058,21873,23155,19518,5961,12854,8263,8846,10060,17164,15468,23086,23945,2246,150,22795,1,34:14
2024-25,1629057,Robert Williams III,Robert,1610612757,POR,Portland Trail Blazers,0022400447,2024-12-30T00:00:00,POR vs. PHI,L,11.416666666666666,0.0,3.2,0.0,0.0,3.2,0.0,0.0,0.0,0.0,0.0,3.2,3.2,0.0,3.2,0.0,6.3,0.0,9.5,0.0,0.0,-12.6,19.6,0,0,15.8,1,13222,1,13222,21525,22635,24436,22635,15070,17355,15070,13505,14344,13505,14058,16245,19357,19908,5966,12854,262,8846,825,17725,23200,18985,21381,2246,150,22799,1,11:25
2024-25,203915,Spencer Dinwiddie,Spencer,1610612742,DAL,Dallas Mavericks,0022400448,2024-12-30T00:00:00,DAL @ SAC,L,35.5,8.1,18.3,0.444,3.0,6.1,0.5,11.2,12.2,0.917,0.0,3.0,3.0,6.1,2.0,1.0,0.0,1.0,1.0,5.1,30.4,-9.1,44.2,0,0,44.6,1,13222,1,13222,3067,6383,4403,13045,6367,10478,3944,456,725,6748,14058,16576,19601,5342,10378,11822,8263,7785,19616,3968,1945,17490,5565,2246,150,4418,1,35:30
2024-25,1631209,Isaiah Wong,Isaiah,1610612766,CHA,Charlotte Hornets,0022400442,2024-12-30T00:00:00,CHA vs. CHI,L,17.016666666666666,2.1,14.8,0.143,0.0,4.2,0.0,0.0,4.2,0.0,4.2,2.1,6.3,2.1,2.1,2.1,0.0,2.1,0.0,2.1,4.2,-12.7,19.3,0,0,16.9,1,13222,1,13222,18243,21216,8890,22260,15070,15047,15070,13505,7355,13505,3270,19316,11510,15946,9927,5712,8263,2877,20257,12541,22448,19010,21517,2246,150,22342,1,17:01
2024-25,1630228,Jonathan Kuminga,Jonathan,1610612744,GSW,Golden State Warriors,0022400446,2024-12-30T00:00:00,GSW vs. CLE,L,31.95,4.5,16.9,0.267,0.0,2.3,0.0,11.3,15.8,0.714,2.3,9.0,11.3,2.3,0.0,1.1,1.1,2.3,3.4,12.4,20.3,-5.6,43.9,1,0,38.3,1,13222,1,13222,6020,15756,5907,20170,15070,19077,15070,440,293,9244,7400,3505,4178,15422,16469,10805,6629,2542,9151,178,7672,15890,5702,1,150,7818,1,31:57
2024-25,1628964,Mo Bamba,Mo,1610612746,LAC,LA Clippers,0022400444,2024-12-30T00:00:00,LAC @ NOP,W,7.55,4.8,4.8,1.0,0.0,0.0,0.0,0.0,0.0,0.0,9.5,4.8,14.3,0.0,0.0,0.0,0.0,0.0,0.0,0.0,9.5,4.8,26.7,0,0,23.8,1,1,13086,1,22976,15061,23630,1,15070,20945,15070,13505,14344,13505,465,11516,2095,19908,16469,12854,8263,8846,20257,17725,18598,10242,17155,2246,150,18442,1,7:33
2024-25,1631207,Dalen Terry,Dalen,1610612741,CHI,Chicago Bulls,0022400442,2024-12-30T00:00:00,CHI @ CHA,W,19.466666666666665,1.8,7.4,0.25,1.8,5.5,0.333,3.7,7.4,0.5,0.0,7.4,7.4,5.5,1.8,0.0,0.0,1.8,0.0,5.5,9.2,9.2,24.6,0,0,24.0,1,1,13086,1,16447,21665,21073,20233,10879,11851,9209,6292,2997,10625,14058,5681,9369,6342,11325,12854,8263,3740,20257,3269,18864,8070,18546,2246,150,18297,1,19:28
2024-25,1641712,Rayan Rupert,Rayan,1610612757,POR,Portland Trail Blazers,0022400447,2024-12-30T00:00:00,POR vs. PHI,L,7.733333333333333,0.0,4.7,0.0,0.0,4.7,0.0,0.0,0.0,0.0,0.0,0.0,0.0,9.3,0.0,4.7,0.0,4.7,0.0,0.0,0.0,-14.0,27.9,0,0,18.6,1,13222,1,13222,22912,22635,23712,22635,15070,14066,15070,13505,14344,13505,14058,22137,23286,1801,16469,1114,8263,449,20257,17725,23200,19491,16274,2246,150,21571,1,7:44
2024-25,1642366,Quinten Post,Quinten,1610612744,GSW,Golden State Warriors,0022400446,2024-12-30T00:00:00,GSW vs. CLE,L,4.65,7.7,15.5,0.5,0.0,7.7,0.0,0.0,0.0,0.0,7.7,0.0,7.7,0.0,0.0,0.0,0.0,0.0,0.0,0.0,15.5,7.7,24.8,0,0,23.2,1,13222,1,13222,24158,7182,7847,8526,15070,6916,15070,13505,14344,13505,867,22137,8740,19908,16469,12854,8263,8846,20257,17725,12434,8754,18435,2246,150,18854,1,4:39
2024-25,202704,Reggie Jackson,Reggie,1610612755,PHI,Philadelphia 76ers,0022400447,2024-12-30T00:00:00,PHI @ POR,W,17.866666666666667,2.0,6.0,0.333,0.0,2.0,0.0,2.0,4.0,0.5,0.0,4.0,4.0,8.1,2.0,0.0,0.0,2.0,2.0,2.0,6.0,6.0,21.0,0,0,18.1,1,1,13086,1,17651,21384,22556,17395,15070,19528,15070,10593,7784,10625,14058,13625,17241,2826,10451,12854,8263,3183,15061,13010,21363,9592,20713,2246,150,21804,1,17:52
2024-25,1631124,Julian Strawther,Julian,1610612743,DEN,Denver Nuggets,0022400445,2024-12-30T00:00:00,DEN @ UTA,W,17.816666666666666,2.0,10.1,0.2,0.0,6.1,0.0,4.0,4.0,1.0,2.0,2.0,4.0,2.0,2.0,2.0,0.0,0.0,4.0,2.0,8.1,10.1,20.0,0,0,18.2,1,1,13086,1,17699,21369,16892,21401,15070,10536,15070,5623,7754,1,8294,19594,17210,16295,10419,6154,8263,8846,7025,12981,19850,7651,21166,2246,150,21780,1,17:49
2024-25,1631121,Bryce McGowens,Bryce,1610612757,POR,Portland Trail Blazers,0022400447,2024-12-30T00:00:00,POR vs. PHI,L,4.05,0.0,0.0,0.0,0.0,0.0,0.0,0.0,0.0,0.0,8.9,0.0,8.9,0.0,0.0,0.0,0.0,0.0,0.0,0.0,0.0,26.7,10.7,0,0,8.9,1,13222,1,13222,24455,22635,24836,22635,15070,20945,15070,13505,14344,13505,579,22137,6898,19908,16469,12854,8263,8846,20257,17725,23200,2488,24309,2246,150,24630,1,4:03
2024-25,1641741,Ricky Council IV,Ricky,1610612755,PHI,Philadelphia 76ers,0022400447,2024-12-30T00:00:00,PHI @ POR,W,13.6,5.3,5.3,1.0,2.6,2.6,1.0,5.3,5.3,1.0,0.0,2.6,2.6,0.0,2.6,0.0,0.0,0.0,7.9,2.6,18.5,-29.1,19.1,0,0,23.8,1,1,13086,1,20422,13546,23257,1,7692,18354,1,3661,5472,1,14058,17825,20547,19908,7707,12854,8263,8846,1387,10481,9293,23603,21613,2246,150,18449,1,13:36
2024-25,1630611,Gui Santos,Gui,1610612744,GSW,Golden State Warriors,0022400446,2024-12-30T00:00:00,GSW vs. CLE,L,4.65,0.0,7.7,0.0,0.0,7.7,0.0,0.0,0.0,0.0,0.0,7.7,7.7,0.0,0.0,0.0,0.0,0.0,0.0,0.0,0.0,7.7,9.3,0,0,7.7,1,13222,1,13222,24158,22635,20606,22635,15070,6916,15070,13505,14344,13505,14058,5093,8740,19908,16469,12854,8263,8846,20257,17725,23200,8754,24527,2246,150,24799,1,4:39
2024-25,1628467,Maxi Kleber,Maxi,1610612742,DAL,Dallas Mavericks,0022400448,2024-12-30T00:00:00,DAL @ SAC,L,29.416666666666668,0.0,3.7,0.0,0.0,3.7,0.0,0.0,0.0,0.0,0.0,4.9,4.9,1.2,0.0,0.0,1.2,0.0,0.0,1.2,0.0,-4.9,11.4,0,0,8.6,1,13222,1,13222,8296,22635,24242,22635,15070,16285,15070,13505,14344,13505,14058,11173,15077,18943,16469,12854,6027,8846,20257,16278,23200,15526,24159,2246,150,24670,1,29:25
2024-25,1627741,Buddy Hield,Buddy,1610612744,GSW,Golden State Warriors,0022400446,2024-12-30T00:00:00,GSW vs. CLE,L,18.781666666666666,1.9,15.3,0.125,0.0,5.8,0.0,0.0,0.0,0.0,1.9,3.8,5.8,0.0,1.9,0.0,0.0,1.9,0.0,0.0,3.8,-17.3,8.8,0,0,9.6,1,13222,1,13222,16991,21551,8051,22420,15070,11334,15070,13505,14344,13505,8749,14223,12905,19908,10958,12854,8263,3484,20257,17725,22635,20702,24600,2246,150,24512,1,18:47
2024-25,1628973,Jalen Brunson,Jalen,1610612752,NYK,New York Knicks,0022400443,2024-12-30T00:00:00,NYK @ WAS,W,35.88333333333333,6.0,17.1,0.353,1.0,6.0,0.167,5.0,5.0,1.0,0.0,3.0,3.0,6.0,2.0,1.0,0.0,2.0,1.0,3.0,18.1,2.0,31.7,0,0,30.1,1,1,13086,1,2764,11455,5741,17268,14533,10644,14236,4013,5891,1,14058,16679,19697,5450,10490,11928,8263,3211,19689,9201,9784,11619,13548,2246,150,13870,1,35:53
2024-25,1642274,Yves Missi,Yves,1610612740,NOP,New Orleans Pelicans,0022400444,2024-12-30T00:00:00,NOP vs. LAC,L,34.983333333333334,4.1,7.2,0.571,0.0,0.0,0.0,4.1,6.2,0.667,3.1,6.2,9.3,4.1,1.0,0.0,5.1,0.0,2.1,3.1,12.3,1.0,44.0,0,0,36.0,1,13222,1,13222,3475,16808,21313,6538,15070,20945,15070,5501,4261,9425,5156,7956,6371,9622,15641,12854,476,8846,14824,8937,15760,12136,5646,2246,150,9354,1,34:59
2024-25,1641824,Matas Buzelis,Matas,1610612741,CHI,Chicago Bulls,0022400442,2024-12-30T00:00:00,CHI @ CHA,W,10.433333333333334,3.5,20.7,0.167,0.0,3.5,0.0,0.0,0.0,0.0,0.0,6.9,6.9,0.0,0.0,0.0,3.5,0.0,3.5,0.0,6.9,10.4,25.5,0,0,20.7,1,1,13086,1,21947,18424,2514,21938,15070,16758,15070,13505,14344,13505,14058,6528,10322,19908,16469,12854,1265,8846,8886,17725,20789,7537,17921,2246,150,20459,1,10:26
2024-25,1642271,Kyle Filipowski,Kyle,1610612762,UTA,Utah Jazz,0022400445,2024-12-30T00:00:00,UTA vs. DEN,L,10.383333333333333,6.9,10.4,0.667,0.0,0.0,0.0,3.5,3.5,1.0,0.0,3.5,3.5,6.9,0.0,6.9,0.0,0.0,6.9,3.5,17.3,13.9,52.7,0,0,41.6,1,13222,1,13222,21969,9086,16384,3281,15070,20945,15070,6759,8949,1,14058,15328,18622,4092,16469,308,8263,8846,2028,7751,10488,6053,2530,2246,150,5850,1,10:23
2024-25,1629645,Kevin Porter Jr.,Kevin,1610612746,LAC,LA Clippers,0022400444,2024-12-30T00:00:00,LAC @ NOP,W,16.133333333333333,4.5,20.1,0.222,2.2,4.5,0.5,0.0,0.0,0.0,0.0,4.5,4.5,8.9,4.5,0.0,0.0,0.0,6.7,2.2,11.2,13.4,25.4,0,0,26.8,1,1,13086,1,18839,15878,2903,21205,9112,14539,3944,13505,14344,13505,14058,12356,16135,2075,3049,12854,8263,8846,2223,12021,17030,6231,17969,2246,150,16340,1,16:08
2024-25,1629028,Deandre Ayton,Deandre,1610612757,POR,Portland Trail Blazers,0022400447,2024-12-30T00:00:00,POR vs. PHI,L,29.85,7.2,9.6,0.75,0.0,1.2,0.0,0.0,0.0,0.0,3.6,3.6,7.2,3.6,3.6,0.0,2.4,0.0,3.6,1.2,14.5,-28.9,32.2,0,0,30.2,1,13222,1,13222,7920,8366,17678,2107,15070,20615,15070,13505,14344,13505,4185,14879,9678,11041,4745,12854,2529,8846,8375,16371,13440,23579,13172,2246,150,13836,1,29:51
2024-25,203110,Draymond Green,Draymond,1610612744,GSW,Golden State Warriors,0022400446,2024-12-30T00:00:00,GSW vs. CLE,L,25.066666666666666,1.4,14.4,0.1,0.0,2.9,0.0,0.0,2.9,0.0,4.3,7.2,11.5,7.2,4.3,1.4,2.9,0.0,2.9,5.7,2.9,-11.5,36.0,0,0,30.2,1,13222,1,13222,11944,22245,9589,22561,15070,17911,15070,13505,10303,13505,3151,6037,3955,3790,3305,8716,1855,8846,11299,2976,22981,18528,10336,2246,150,13828,1,25:04
2024-25,1628398,Kyle Kuzma,Kyle,1610612764,WAS,Washington Wizards,0022400443,2024-12-30T00:00:00,WAS vs. NYK,L,20.916666666666668,6.9,15.5,0.444,0.0,5.2,0.0,1.7,6.9,0.25,1.7,1.7,3.4,5.2,3.4,1.7,0.0,0.0,5.2,5.2,15.5,6.9,29.1,0,0,27.5,1,13222,1,13222,15345,9205,7834,13045,15070,12792,15070,11377,3488,13358,9504,20414,18681,7104,5148,7541,8263,8846,4260,3828,12429,9192,15425,2246,150,15763,1,20:55
2024-25,1628969,Mikal Bridges,Mikal,1610612752,NYK,New York Knicks,0022400443,2024-12-30T00:00:00,NYK @ WAS,W,35.8,6.0,15.1,0.4,1.0,6.0,0.167,0.0,0.0,0.0,2.0,4.0,6.0,6.0,1.0,2.0,0.0,0.0,1.0,0.0,13.1,7.0,34.4,0,0,30.2,1,1,13086,1,2822,11417,8456,14933,14513,10608,14236,13505,14344,13505,8339,13651,12200,5426,15812,6201,8263,8846,19675,17725,15019,9117,11517,2246,150,13821,1,35:48
2024-25,1630314,Brandon Williams,Brandon,1610612742,DAL,Dallas Mavericks,0022400448,2024-12-30T00:00:00,DAL @ SAC,L,19.633333333333333,7.3,11.0,0.667,0.0,3.7,0.0,3.7,3.7,1.0,0.0,1.8,1.8,3.7,3.7,1.8,0.0,0.0,1.8,3.7,18.3,-11.0,27.9,0,0,27.5,1,13222,1,13222,16317,8155,15349,3281,15070,16291,15070,6354,8549,1,14058,20154,22109,10881,4634,7103,8263,8846,16018,7213,9480,18322,16318,2246,150,15789,1,19:38
2024-25,1628370,Malik Monk,Malik,1610612758,SAC,Sacramento Kings,0022400448,2024-12-30T00:00:00,SAC vs. DAL,W,35.61333333333334,4.0,14.2,0.286,1.0,6.1,0.167,5.1,6.1,0.833,2.0,5.1,7.1,6.1,6.1,1.0,0.0,2.0,4.0,4.0,14.2,7.1,28.7,0,0,30.3,1,1,13086,1,2986,16988,9924,19630,14482,10526,14236,3952,4385,7275,8292,10721,10004,5372,1342,11854,8263,3157,7021,6196,13786,9098,15704,2246,150,13690,1,35:37
2024-25,1626166,Cameron Payne,Cameron,1610612752,NYK,New York Knicks,0022400443,2024-12-30T00:00:00,NYK @ WAS,W,6.7,5.4,16.1,0.333,5.4,16.1,0.333,0.0,0.0,0.0,0.0,0.0,0.0,5.4,5.4,0.0,0.0,5.4,5.4,0.0,16.1,53.7,18.8,0,0,26.9,1,1,13086,1,23282,13333,6946,17395,1870,515,9209,13505,14344,13505,14058,22137,23286,6678,1925,12854,8263,298,3881,17725,11794,463,21757,2246,150,16257,1,6:42
2024-25,1630188,Jalen Smith,Jalen,1610612741,CHI,Chicago Bulls,0022400442,2024-12-30T00:00:00,CHI @ CHA,W,18.15,9.9,19.8,0.5,2.0,11.9,0.167,0.0,0.0,0.0,2.0,7.9,9.9,0.0,0.0,2.0,2.0,0.0,2.0,0.0,21.8,21.8,45.6,0,0,41.7,1,1,13086,1,17469,3312,3076,8526,10239,1835,14236,13505,14344,13505,8460,4802,5533,19908,16469,6325,3525,8846,15239,17725,6359,3497,4888,2246,150,5820,1,18:09
2024-25,1629610,DaQuan Jeffries,DaQuan,1610612766,CHA,Charlotte Hornets,0022400442,2024-12-30T00:00:00,CHA vs. CHI,L,21.753333333333334,5.0,6.6,0.75,0.0,0.0,0.0,0.0,0.0,0.0,0.0,5.0,5.0,0.0,0.0,1.7,1.7,1.7,1.7,0.0,9.9,-9.9,25.8,0,0,21.5,1,13222,1,13222,14716,14498,21993,2107,15070,20945,15070,13505,14344,13505,14058,10982,14892,19908,16469,7788,4406,4272,16683,17725,18231,17861,17733,2246,150,19950,1,21:45
2024-25,1642275,Tidjane Salaün,Tidjane,1610612766,CHA,Charlotte Hornets,0022400442,2024-12-30T00:00:00,CHA vs. CHI,L,16.816666666666666,2.1,12.8,0.167,2.1,6.4,0.333,0.0,0.0,0.0,0.0,17.1,17.1,4.3,0.0,0.0,0.0,0.0,6.4,0.0,6.4,-19.3,33.4,0,0,30.0,1,13222,1,13222,18375,21161,12134,21938,9503,9706,9209,13505,14344,13505,14058,324,1095,9179,16469,12854,8263,8846,2471,17725,21108,21334,12269,2246,150,13966,1,16:49
2024-25,202684,Tristan Thompson,Tristan,1610612739,CLE,Cleveland Cavaliers,0022400446,2024-12-30T00:00:00,CLE @ GSW,W,4.083333333333333,8.8,8.8,1.0,0.0,0.0,0.0,0.0,0.0,0.0,8.8,8.8,17.6,0.0,8.8,0.0,0.0,0.0,0.0,0.0,17.6,-35.3,30.0,0,0,35.3,1,1,13086,1,24444,5036,18989,1,15070,20945,15070,13505,14344,13505,592,3698,983,19908,447,12854,8263,8846,20257,17725,10179,24444,14815,2246,150,9900,1,4:05
2024-25,1641737,Adem Bona,Adem,1610612755,PHI,Philadelphia 76ers,0022400447,2024-12-30T00:00:00,PHI @ POR,W,4.05,0.0,0.0,0.0,0.0,0.0,0.0,17.8,17.8,1.0,0.0,0.0,0.0,8.9,0.0,0.0,0.0,0.0,17.8,8.9,17.8,-26.7,31.1,0,0,26.7,1,1,13086,1,24455,22635,24836,22635,15070,20945,15070,107,200,1,14058,22137,23286,2114,16469,12854,8263,8846,160,695,10052,23166,13983,2246,150,16410,1,4:03
2024-25,1630241,Sam Merrill,Sam,1610612739,CLE,Cleveland Cavaliers,0022400446,2024-12-30T00:00:00,CLE @ GSW,W,13.75,5.2,10.5,0.5,2.6,5.2,0.5,0.0,0.0,0.0,2.6,2.6,5.2,0.0,2.6,0.0,0.0,0.0,10.5,0.0,13.1,18.3,16.8,0,0,20.9,1,1,13086,1,20333,13711,16273,8526,7768,12622,3944,13505,14344,13505,6301,17902,14202,19908,7806,12854,8263,8846,616,17725,14990,4453,22575,2246,150,20313,1,13:45
2024-25,1630530,Trey Murphy III,Trey,1610612740,NOP,New Orleans Pelicans,0022400444,2024-12-30T00:00:00,NOP vs. LAC,L,37.86666666666667,5.7,9.5,0.6,3.8,6.7,0.571,1.9,1.9,1.0,1.0,2.9,3.8,5.7,1.9,2.9,0.0,1.0,1.0,2.9,17.1,-5.7,36.9,0,0,36.1,1,13222,1,13222,1463,12405,17936,5394,4424,9206,3506,10941,12970,1,13639,17230,17812,6033,11030,3544,8263,8334,19965,9764,10728,15923,9778,2246,150,9281,1,37:52
2024-25,1631165,Keon Ellis,Keon,1610612758,SAC,Sacramento Kings,0022400448,2024-12-30T00:00:00,SAC vs. DAL,W,19.986666666666668,1.8,9.0,0.2,1.8,5.4,0.333,7.2,7.2,1.0,1.8,7.2,9.0,0.0,5.4,3.6,0.0,0.0,1.8,7.2,12.6,-7.2,28.8,0,0,30.6,1,1,13086,1,16025,21757,18705,21401,11077,12205,9209,1869,3164,1,9238,5988,6725,19908,1897,2092,8263,8846,16185,1509,15485,16593,15618,2246,150,13462,1,19:59
2024-25,1630215,Jared Butler,Jared,1610612764,WAS,Washington Wizards,0022400443,2024-12-30T00:00:00,WAS vs. NYK,L,4.933333333333334,7.3,14.6,0.5,0.0,0.0,0.0,0.0,0.0,0.0,0.0,0.0,0.0,7.3,0.0,0.0,0.0,7.3,0.0,0.0,14.6,-65.7,25.5,0,0,21.9,1,13222,1,13222,24017,8225,9207,8526,15070,20945,15070,13505,14344,13505,14058,22137,23286,3616,16469,12854,8263,136,20257,17725,13291,25808,17916,2246,150,19732,1,4:56
2024-25,1630529,Herbert Jones,Herbert,1610612740,NOP,New Orleans Pelicans,0022400444,2024-12-30T00:00:00,NOP vs. LAC,L,33.43333333333333,6.5,10.8,0.6,2.2,3.2,0.667,4.3,4.3,1.0,2.2,2.2,4.3,5.4,1.1,2.2,0.0,0.0,4.3,4.3,19.4,7.5,38.0,0,0,35.5,1,13222,1,13222,4782,10283,15752,5394,9433,17211,1957,5137,7195,1,7738,19191,16514,6662,15292,5570,8263,8846,6264,5567,8481,8864,9019,2246,150,9712,1,33:26
2024-25,1627826,Ivica Zubac,Ivica,1610612746,LAC,LA Clippers,0022400444,2024-12-30T00:00:00,LAC @ NOP,W,35.99166666666667,9.0,13.0,0.692,0.0,0.0,0.0,2.0,5.0,0.4,7.0,9.0,16.0,4.0,0.0,1.0,0.0,2.0,0.0,5.0,20.0,-4.0,48.2,1,0,42.0,1,1,13086,1,2692,4698,11851,3171,15070,20945,15070,10643,5919,13061,1149,3515,1431,9937,16469,11959,8263,3233,20257,4116,7915,15065,3911,1,150,5637,1,35:60
2024-25,1642268,Isaiah Collier,Isaiah,1610612762,UTA,Utah Jazz,0022400445,2024-12-30T00:00:00,UTA vs. DEN,L,17.133333333333333,6.3,8.4,0.75,2.1,4.2,0.5,2.1,2.1,1.0,0.0,8.4,8.4,10.5,0.0,2.1,0.0,0.0,2.1,2.1,16.8,-10.5,49.0,0,0,42.0,1,13222,1,13222,18175,10697,19633,2107,9676,15112,3944,10285,12415,1,14058,4155,7611,1200,16469,5778,8263,8846,14604,12600,11049,18106,3635,2246,150,5627,1,17:08
2024-25,1629622,Max Strus,Max,1610612739,CLE,Cleveland Cavaliers,0022400446,2024-12-30T00:00:00,CLE @ GSW,W,18.883333333333333,1.9,11.4,0.167,1.9,9.5,0.2,0.0,0.0,0.0,0.0,7.6,7.6,1.9,5.7,1.9,0.0,1.9,0.0,3.8,5.7,-3.8,17.7,0,0,21.0,1,1,13086,1,16915,21572,14596,21938,10600,4065,13429,13505,14344,13505,14058,5277,8923,16727,1627,6729,8263,3524,20257,6815,21581,14959,22207,2246,150,20292,1,18:53
2024-25,1631128,Christian Braun,Christian,1610612743,DEN,Denver Nuggets,0022400445,2024-12-30T00:00:00,DEN @ UTA,W,36.13333333333333,9.0,12.0,0.75,0.0,1.0,0.0,2.0,2.0,1.0,0.0,2.0,2.0,2.0,0.0,2.0,1.0,0.0,3.0,1.0,19.9,19.9,34.3,0,0,29.9,1,1,13086,1,2581,4772,13669,2107,15070,20868,15070,10671,12745,1,14058,19686,21813,16403,16469,6282,7500,8846,10782,17410,7974,3976,11604,2246,150,14033,1,36:08
2024-25,1642258,Zaccharie Risacher,Zaccharie,1610612737,ATL,Atlanta Hawks,0022400438,2024-12-29T00:00:00,ATL @ TOR,W,26.716666666666665,6.7,10.8,0.625,2.7,4.0,0.667,2.7,2.7,1.0,6.7,2.7,9.4,2.7,2.7,2.7,1.3,0.0,4.0,1.3,18.9,25.6,43.7,0,0,41.8,1,1,13086,1,10552,9599,15731,4899,7556,15495,1957,8591,10760,1,1257,17715,6131,13924,7548,3921,5457,8846,7022,15692,8977,2694,5825,2246,150,5766,1,26:43
2024-25,1631213,Tyrese Martin,Tyrese,1610612751,BKN,Brooklyn Nets,0022400436,2024-12-29T00:00:00,BKN @ ORL,L,20.253333333333334,1.8,5.3,0.333,0.0,1.8,0.0,3.6,3.6,1.0,1.8,7.1,8.9,1.8,1.8,0.0,1.8,0.0,3.6,1.8,7.1,23.1,24.0,0,0,21.3,1,13222,1,13222,15820,21788,23237,17395,15070,19950,15070,6593,8778,1,9331,6157,6906,17152,11640,12854,4109,8846,8584,14015,20625,3239,18954,2246,150,20086,1,20:15
2024-25,1628389,Bam Adebayo,Bam,1610612748,MIA,Miami Heat,0022400439,2024-12-29T00:00:00,MIA @ HOU,W,34.28333333333333,4.2,12.6,0.333,0.0,1.1,0.0,4.2,6.3,0.667,2.1,8.4,10.5,1.1,2.1,3.2,0.0,0.0,5.3,3.2,12.6,-1.1,34.1,1,0,30.5,1,1,13086,1,4024,16599,12572,17395,15070,20811,15070,5344,4129,9425,7949,4166,4908,19526,9997,2836,8263,8846,4100,8733,15496,13572,11706,1,150,13581,1,34:17
2024-25,1628418,Thomas Bryant,Thomas,1610612754,IND,Indiana Pacers,0022400437,2024-12-29T00:00:00,IND @ BOS,W,15.383333333333333,9.4,14.0,0.667,0.0,2.3,0.0,0.0,0.0,0.0,7.0,0.0,7.0,0.0,0.0,2.3,0.0,0.0,4.7,0.0,18.7,-7.0,34.2,0,0,30.4,1,1,13086,1,19316,4102,10109,3281,15070,18916,15070,13505,14344,13505,1141,22137,10115,19908,16469,4898,8263,8846,5337,17725,9109,16511,11673,2246,150,13602,1,15:23
2024-25,1626179,Terry Rozier,Terry,1610612748,MIA,Miami Heat,0022400439,2024-12-29T00:00:00,MIA @ HOU,W,38.18833333333333,5.7,17.9,0.316,0.0,7.5,0.0,1.9,1.9,1.0,0.9,3.8,4.7,0.0,1.9,0.9,0.9,2.8,0.9,0.9,13.2,-2.8,22.6,0,0,21.7,1,1,13086,1,1279,12540,4794,19148,15070,7292,15070,11003,13017,1,13703,14411,15525,19908,11126,12421,7877,1558,20007,17562,14871,14476,19798,2246,150,19850,1,38:11
2024-25,1628976,Wendell Carter Jr.,Wendell,1610612753,ORL,Orlando Magic,0022400436,2024-12-29T00:00:00,ORL vs. BKN,W,26.8,8.1,12.1,0.667,0.0,1.3,0.0,1.3,5.4,0.25,1.3,6.7,8.1,1.3,2.7,0.0,0.0,1.3,4.0,2.7,17.5,-2.7,26.5,0,0,26.9,1,1,13086,1,10488,6507,13434,3281,15070,20445,15070,12191,5348,13358,11000,6863,8154,18526,7568,12854,8263,5431,7059,10348,10364,14396,17311,2246,150,16257,1,26:48
2024-25,1631216,Caleb Houstan,Caleb,1610612753,ORL,Orlando Magic,0022400436,2024-12-29T00:00:00,ORL vs. BKN,W,15.378333333333334,7.0,11.7,0.6,7.0,9.4,0.75,7.0,7.0,1.0,0.0,0.0,0.0,2.3,0.0,2.3,0.0,0.0,7.0,2.3,28.1,21.1,38.6,0,0,42.1,1,1,13086,1,19322,8873,14107,5394,752,4300,1542,1993,3346,1,14058,22137,23286,15083,16469,4896,8263,8846,1963,11583,2751,3681,8634,2246,150,5580,1,15:23
2024-25,1642285,Cam Spencer,Cam,1610612763,MEM,Memphis Grizzlies,0022400440,2024-12-29T00:00:00,MEM @ OKC,L,22.285,1.6,8.1,0.2,1.6,4.8,0.333,6.5,6.5,1.0,3.2,4.8,8.1,6.5,1.6,0.0,0.0,1.6,1.6,6.5,11.3,0.0,29.1,0,0,27.5,1,13222,1,13222,14286,22007,20127,21401,11638,13583,9209,2435,3920,1,4883,11290,8134,4773,12279,12854,8263,4394,16821,2122,16888,12240,15433,2246,150,15821,1,22:17
2024-25,1641783,Tristan da Silva,Tristan,1610612753,ORL,Orlando Magic,0022400436,2024-12-29T00:00:00,ORL vs. BKN,W,34.6,8.3,15.6,0.533,4.2,9.4,0.444,1.0,1.0,1.0,3.1,3.1,6.2,7.3,2.1,0.0,1.0,0.0,1.0,3.1,21.8,23.9,41.3,0,0,41.6,1,1,13086,1,3784,5936,7686,8140,3647,4299,7211,13108,14149,1,5092,16352,11720,3632,10089,12854,7188,8846,19465,8809,6330,3039,6989,2246,150,5839,1,34:36
2024-25,1630183,Jaden McDaniels,Jaden,1610612750,MIN,Minnesota Timberwolves,0022400441,2024-12-29T00:00:00,MIN vs. SAS,W,32.06666666666667,6.7,13.5,0.5,0.0,4.5,0.0,0.0,0.0,0.0,4.5,6.7,11.2,1.1,2.2,1.1,1.1,0.0,5.6,2.2,13.5,-4.5,33.1,1,0,30.3,1,1,13086,1,5915,9604,11050,8526,15070,14459,15070,13505,14344,13505,2933,6820,4215,19284,9325,10845,6651,8846,3525,11960,14546,15320,12496,1,150,13708,1,32:04
2024-25,1628449,Chris Boucher,Chris,1610612761,TOR,Toronto Raptors,0022400438,2024-12-29T00:00:00,TOR vs. ATL,L,12.216666666666667,2.9,8.8,0.333,2.9,5.9,0.5,17.7,17.7,1.0,0.0,5.9,5.9,0.0,2.9,2.9,0.0,0.0,2.9,8.8,26.5,2.9,39.5,0,0,41.3,1,13222,1,13222,21145,19537,18954,17395,6689,10955,3944,108,202,1,14058,8556,12537,19908,6645,3276,8263,8846,10943,708,3419,11146,8087,2246,150,6045,1,12:13
2024-25,1629661,Cameron Johnson,Cameron,1610612751,BKN,Brooklyn Nets,0022400436,2024-12-29T00:00:00,BKN @ ORL,L,24.65,4.4,13.1,0.333,2.9,7.3,0.4,1.5,1.5,1.0,1.5,2.9,4.4,5.8,2.9,4.4,0.0,0.0,1.5,0.0,13.1,1.5,37.4,0,0,35.1,1,13222,1,13222,12326,16118,11588,17395,6793,7816,7874,11876,13523,1,10481,17012,16330,5772,6761,1316,8263,8846,17392,17725,14940,11889,9416,2246,150,10058,1,24:39
2024-25,1630162,Anthony Edwards,Anthony,1610612750,MIN,Minnesota Timberwolves,0022400441,2024-12-29T00:00:00,MIN vs. SAS,W,38.2,5.7,18.8,0.3,0.9,8.5,0.111,0.9,0.9,1.0,0.9,6.6,7.5,3.8,1.9,0.0,0.9,0.9,0.9,0.9,13.2,1.9,28.8,0,0,27.3,1,1,13086,1,1272,12549,3883,19363,14824,5616,15003,13390,14288,1,13705,7119,9095,10590,11128,12854,7878,8399,20008,17563,14880,11693,15604,2246,150,15924,1,38:12
2024-25,201567,Kevin Love,Kevin,1610612748,MIA,Miami Heat,0022400439,2024-12-29T00:00:00,MIA @ HOU,W,14.0,2.6,18.0,0.143,0.0,2.6,0.0,7.7,10.3,0.75,7.7,7.7,15.4,2.6,2.6,0.0,0.0,0.0,2.6,5.1,12.9,-33.4,32.7,0,0,30.9,1,1,13086,1,20196,20327,4664,22260,15070,18495,15070,1547,1259,8186,874,5141,1594,14302,7975,12854,8263,8846,12524,3859,15231,24223,12837,2246,150,13283,1,14:00
2024-25,1630198,Isaiah Joe,Isaiah,1610612760,OKC,Oklahoma City Thunder,0022400440,2024-12-29T00:00:00,OKC vs. MEM,W,22.168333333333333,6.5,14.6,0.444,4.9,13.0,0.375,0.0,0.0,0.0,1.6,3.2,4.9,0.0,1.6,1.6,0.0,0.0,3.2,0.0,17.9,34.1,27.0,0,0,30.9,1,1,13086,1,14370,10203,9176,13045,2456,1303,8800,13505,14344,13505,9827,15945,15133,19908,12241,7908,8263,8846,9672,17725,9956,1490,16981,2246,150,13297,1,22:10
2024-25,1628436,Luke Kornet,Luke,1610612738,BOS,Boston Celtics,0022400437,2024-12-29T00:00:00,BOS vs. IND,L,13.7,0.0,2.6,0.0,0.0,0.0,0.0,2.6,5.3,0.5,2.6,21.0,23.6,0.0,0.0,0.0,7.9,0.0,0.0,2.6,2.6,-7.9,54.7,0,0,42.0,1,13222,1,13222,20364,22635,24606,22635,15070,20945,15070,8739,5517,10625,6277,141,240,19908,16469,12854,145,8846,20257,10550,23045,16917,2060,2246,150,5615,1,13:42
2024-25,1628415,Dillon Brooks,Dillon,1610612745,HOU,Houston Rockets,0022400439,2024-12-29T00:00:00,HOU vs. MIA,L,39.666666666666664,7.3,18.2,0.4,4.5,10.9,0.417,0.9,0.9,1.0,0.9,2.7,3.6,0.0,0.9,0.0,0.9,0.0,1.8,1.8,20.0,7.3,26.1,0,0,29.9,1,13222,1,13222,664,8315,4501,14933,2999,2593,7826,13443,14313,1,13874,17626,18251,19908,16332,12854,8058,8846,16107,13873,7946,9013,17530,2246,150,13978,1,39:40
2024-25,1630170,Devin Vassell,Devin,1610612759,SAS,San Antonio Spurs,0022400441,2024-12-29T00:00:00,SAS @ MIN,L,36.28333333333333,7.9,13.9,0.571,3.0,6.9,0.429,3.0,4.0,0.75,2.0,5.0,6.9,4.0,0.0,0.0,0.0,0.0,1.0,4.0,21.8,5.0,36.1,0,0,35.7,1,13222,1,13222,2476,6768,10354,6538,6601,8576,7394,7883,7900,8186,8455,10997,10244,10014,16469,12854,8263,8846,19755,6400,6354,10137,10289,2246,150,9561,1,36:17
2024-25,203482,Kelly Olynyk,Kelly,1610612761,TOR,Toronto Raptors,0022400438,2024-12-29T00:00:00,TOR vs. ATL,L,11.716666666666667,3.1,12.3,0.25,0.0,3.1,0.0,12.3,12.3,1.0,9.2,9.2,18.4,6.1,12.3,0.0,0.0,0.0,12.3,6.1,18.4,-3.1,37.5,0,0,43.0,1,13222,1,13222,21409,19268,13099,20233,15070,17501,15070,315,703,1,510,3282,803,5256,197,12854,8263,8846,395,2451,9383,14608,9352,2246,150,5133,1,11:43
2024-25,1628369,Jayson Tatum,Jayson,1610612738,BOS,Boston Celtics,0022400437,2024-12-29T00:00:00,BOS vs. IND,L,41.21666666666667,7.0,14.8,0.471,1.7,8.7,0.2,3.5,4.4,0.8,1.7,6.1,7.9,5.2,2.6,2.6,0.9,0.9,2.6,2.6,19.2,-18.3,44.4,0,0,41.1,1,13222,1,13222,337,8965,8829,12143,11262,5211,13429,6717,7080,7681,9425,8072,8530,6963,7801,4094,8155,8732,12356,10581,8638,21030,5481,2246,150,6173,1,41:13
2024-25,1642530,Yuki Kawamura,Yuki,1610612763,MEM,Memphis Grizzlies,0022400440,2024-12-29T00:00:00,MEM @ OKC,L,11.016666666666667,13.1,16.3,0.8,6.5,9.8,0.667,0.0,0.0,0.0,0.0,9.8,9.8,9.8,0.0,0.0,0.0,0.0,3.3,3.3,32.7,16.3,59.1,0,0,58.8,1,13222,1,13222,21700,1007,6627,1688,985,3724,1957,13505,14344,13505,14058,2724,5672,1537,16469,12854,8263,8846,9580,8353,1388,5130,1307,2246,150,934,1,11:01
2024-25,1642419,Jamison Battle,Jamison,1610612761,TOR,Toronto Raptors,0022400438,2024-12-29T00:00:00,TOR vs. ATL,L,8.716666666666667,12.4,24.8,0.5,8.3,12.4,0.667,0.0,0.0,0.0,0.0,8.3,8.3,0.0,0.0,0.0,0.0,0.0,0.0,0.0,33.0,-4.1,43.0,0,0,49.6,1,13222,1,13222,22558,1303,879,8526,405,1576,1957,13505,14344,13505,14058,4337,7834,19908,16469,12854,8263,8846,20257,17725,1310,15138,6150,2246,150,2650,1,8:43
2024-25,1629026,Kenrich Williams,Kenrich,1610612760,OKC,Oklahoma City Thunder,0022400440,2024-12-29T00:00:00,OKC vs. MEM,W,11.533333333333333,12.5,18.7,0.667,9.4,12.5,0.75,3.1,3.1,1.0,3.1,6.2,9.4,9.4,0.0,0.0,0.0,0.0,9.4,3.1,37.5,46.8,62.7,0,0,65.5,1,1,13086,1,21478,1252,3998,3281,261,1529,1542,7489,9665,1,5092,7801,6243,1777,16469,12854,8263,8846,852,8809,658,643,897,2246,150,458,1,11:32
2024-25,1629048,Goga Bitadze,Goga,1610612753,ORL,Orlando Magic,0022400436,2024-12-29T00:00:00,ORL vs. BKN,W,33.9,8.5,10.6,0.8,0.0,1.1,0.0,3.2,5.3,0.6,4.2,7.4,11.7,5.3,1.1,2.1,1.1,0.0,4.2,4.2,20.2,9.6,50.7,1,0,43.5,1,1,13086,1,4348,5619,16022,1688,15070,20787,15070,7360,5448,10343,3249,5616,3777,6800,15409,5681,7048,8846,6432,5726,7763,7915,3082,1,150,4908,1,33:54
2024-25,1628983,Shai Gilgeous-Alexander,Shai,1610612760,OKC,Oklahoma City Thunder,0022400440,2024-12-29T00:00:00,OKC vs. MEM,W,28.066666666666666,18.0,24.4,0.737,1.3,6.4,0.2,7.7,7.7,1.0,0.0,7.7,7.7,9.0,1.3,1.3,5.1,0.0,1.3,6.4,44.9,34.6,85.6,0,0,75.7,1,1,13086,1,9490,218,956,2641,12921,9720,13429,1561,2748,1,14058,5174,8810,2041,13886,9563,483,8846,18108,2167,256,1432,133,2246,150,223,1,28:04
2024-25,1629631,De'Andre Hunter,De'Andre,1610612737,ATL,Atlanta Hawks,0022400438,2024-12-29T00:00:00,ATL @ TOR,W,22.283333333333335,12.9,17.8,0.727,3.2,4.8,0.667,6.5,11.3,0.571,1.6,3.2,4.8,3.2,1.6,4.8,0.0,0.0,3.2,9.7,35.5,17.8,59.1,0,0,56.5,1,1,13086,1,14287,1063,4934,2666,5867,13580,1957,2434,948,10536,9859,15988,15189,12193,12275,992,8263,8846,9733,476,895,4637,1310,2246,150,1221,1,22:17
2024-25,1642367,Jonathan Mogbo,Jonathan,1610612761,TOR,Toronto Raptors,0022400438,2024-12-29T00:00:00,TOR vs. ATL,L,6.45,11.2,22.3,0.5,0.0,0.0,0.0,0.0,0.0,0.0,11.2,11.2,22.3,5.6,11.2,0.0,0.0,0.0,5.6,0.0,22.3,5.6,46.3,0,0,50.2,1,13222,1,13222,23387,2132,1665,8526,15070,20945,15070,13505,14344,13505,296,1818,318,6288,245,12854,8263,8846,3576,17725,5986,9803,4609,2246,150,2468,1,6:27
2024-25,1630560,Cam Thomas,Cam,1610612751,BKN,Brooklyn Nets,0022400436,2024-12-29T00:00:00,BKN @ ORL,L,24.56833333333333,8.8,26.4,0.333,4.4,10.3,0.429,14.7,16.1,0.909,1.5,7.3,8.8,7.3,2.9,0.0,0.0,1.5,1.5,7.3,36.6,11.7,55.2,0,0,57.1,1,13222,1,13222,12408,5096,578,17395,3245,3203,7394,186,275,6764,10461,5790,7042,3593,6720,12854,8263,4913,17373,1433,736,6920,1946,2246,150,1143,1,24:34
2024-25,1629639,Tyler Herro,Tyler,1610612748,MIA,Miami Heat,0022400439,2024-12-29T00:00:00,MIA @ HOU,W,36.955,9.7,16.6,0.588,2.9,6.8,0.429,3.9,6.8,0.571,0.0,5.8,5.8,8.8,2.9,0.0,0.0,0.0,1.9,4.9,26.3,12.7,43.5,0,0,43.8,1,1,13086,1,2017,3551,6357,6229,6789,8861,7394,5885,3549,10536,14058,8680,12656,2210,6758,12854,8263,8846,15421,4351,3534,6533,5872,2246,150,4770,1,36:57
2024-25,1631114,Jalen Williams,Jalen,1610612760,OKC,Oklahoma City Thunder,0022400440,2024-12-29T00:00:00,OKC vs. MEM,W,25.59,9.8,22.5,0.438,0.0,7.0,0.0,0.0,0.0,0.0,5.6,8.4,14.1,11.3,2.8,2.8,1.4,0.0,4.2,1.4,19.7,16.9,63.3,1,0,53.5,1,1,13086,1,11498,3403,1582,13558,15070,8395,15070,13505,14344,13505,1861,4127,2205,915,7170,3652,5209,8846,6502,15423,8167,4950,855,1,150,1719,1,25:35
2024-25,1641705,Victor Wembanyama,Victor,1610612759,SAS,San Antonio Spurs,0022400441,2024-12-29T00:00:00,SAS @ MIN,L,36.695,12.8,29.4,0.433,3.9,11.8,0.333,3.9,4.9,0.8,2.0,5.9,7.8,2.0,1.0,1.0,2.0,1.0,0.0,4.9,33.4,4.9,53.6,0,0,53.0,1,13222,1,13222,2206,1128,309,13733,4155,1913,9209,5836,6106,7681,8563,8574,8550,16511,15967,12118,3596,8086,20257,4285,1255,10158,2310,2246,150,1810,1,36:42
2024-25,1630811,Keaton Wallace,Keaton,1610612737,ATL,Atlanta Hawks,0022400438,2024-12-29T00:00:00,ATL @ TOR,W,15.6,6.9,18.5,0.375,6.9,13.8,0.5,0.0,0.0,0.0,0.0,2.3,2.3,4.6,2.3,4.6,0.0,2.3,0.0,0.0,20.8,-23.1,42.0,0,0,43.8,1,1,13086,1,19194,9112,4246,16299,787,971,3944,13505,14344,13505,14058,18740,21187,8374,9034,1136,8263,2409,20257,17725,7250,22349,6613,2246,150,4763,1,15:36
2024-25,1629674,Neemias Queta,Neemias,1610612738,BOS,Boston Celtics,0022400437,2024-12-29T00:00:00,BOS vs. IND,L,5.183333333333334,13.9,13.9,1.0,0.0,0.0,0.0,13.9,20.8,0.667,13.9,6.9,20.8,6.9,0.0,0.0,0.0,0.0,13.9,20.8,41.7,20.8,77.1,0,0,69.5,1,13222,1,13222,23915,735,10355,1,15070,20945,15070,210,126,9425,160,6456,434,4070,16469,12854,8263,8846,290,40,374,3738,257,2246,150,337,1,5:11
2024-25,1627759,Jaylen Brown,Jaylen,1610612738,BOS,Boston Celtics,0022400437,2024-12-29T00:00:00,BOS vs. IND,L,36.416666666666664,12.9,20.8,0.619,2.0,5.9,0.333,3.0,4.9,0.6,0.0,4.0,4.0,5.9,2.0,1.0,0.0,0.0,3.0,6.9,30.6,-9.9,45.3,0,0,44.5,1,13222,1,13222,2394,1085,2475,5227,10257,10858,9209,7905,6037,10343,14058,13862,17431,5622,10629,12047,8263,8846,10867,1713,1874,17838,5052,2246,150,4481,1,36:25
2024-25,1630202,Payton Pritchard,Payton,1610612738,BOS,Boston Celtics,0022400437,2024-12-29T00:00:00,BOS vs. IND,L,27.7,9.1,16.9,0.538,6.5,10.4,0.625,2.6,2.6,1.0,1.3,3.9,5.2,3.9,2.6,0.0,0.0,1.3,2.6,2.6,27.3,-2.6,36.8,0,0,42.9,1,13222,1,13222,9787,4531,5919,7978,1005,3065,2868,8803,10973,1,11200,14034,14276,10234,7886,12854,8263,5656,12431,10647,3070,14355,9853,2246,150,5199,1,27:42
2024-25,1629027,Trae Young,Trae,1610612737,ATL,Atlanta Hawks,0022400438,2024-12-29T00:00:00,ATL @ TOR,W,32.4,11.1,23.3,0.476,7.8,14.4,0.538,7.8,7.8,1.0,0.0,2.2,2.2,11.1,5.6,1.1,2.2,2.2,2.2,3.3,37.8,43.3,61.6,1,0,65.6,1,1,13086,1,5635,2180,1271,12010,518,814,3915,1522,2684,1,14058,19004,21369,962,1768,10930,2900,2601,13994,8141,623,765,1017,1,150,457,1,32:24
2024-25,1630168,Onyeka Okongwu,Onyeka,1610612737,ATL,Atlanta Hawks,0022400438,2024-12-29T00:00:00,ATL @ TOR,W,18.1,11.9,15.9,0.75,0.0,2.0,0.0,6.0,9.9,0.6,4.0,4.0,8.0,0.0,0.0,4.0,2.0,0.0,4.0,6.0,29.8,29.8,57.3,0,0,49.7,1,1,13086,1,17498,1563,7239,2107,15070,19578,15070,2897,1392,10343,3625,13793,8353,19908,16469,1660,3519,8846,7198,2667,2143,1987,1587,2246,150,2607,1,18:06
2024-25,1642349,Ajay Mitchell,Ajay,1610612760,OKC,Oklahoma City Thunder,0022400440,2024-12-29T00:00:00,OKC vs. MEM,W,21.595,10.0,18.3,0.545,5.0,8.3,0.6,3.3,3.3,1.0,0.0,1.7,1.7,5.0,0.0,1.7,0.0,1.7,5.0,5.0,28.3,33.3,42.8,0,0,43.3,1,1,13086,1,14859,3218,4342,7695,2269,5861,2992,7041,9229,1,14058,20521,22341,7470,16469,7734,8263,4234,4601,4116,2658,1590,6198,2246,150,4978,1,21:36
2024-25,1631230,Dominick Barlow,Dominick,1610612737,ATL,Atlanta Hawks,0022400438,2024-12-29T00:00:00,ATL @ TOR,W,3.316666666666667,0.0,10.9,0.0,0.0,0.0,0.0,0.0,0.0,0.0,0.0,0.0,0.0,0.0,0.0,0.0,0.0,0.0,0.0,0.0,0.0,-10.9,0.0,0,0,0.0,1,1,13086,1,24840,22635,15599,22635,15070,20945,15070,13505,14344,13505,14058,22137,23286,19908,16469,12854,8263,8846,20257,17725,23200,18253,25228,2246,150,25259,1,3:19
2024-25,1630214,Xavier Tillman,Xavier,1610612738,BOS,Boston Celtics,0022400437,2024-12-29T00:00:00,BOS vs. IND,L,2.4166666666666665,0.0,14.9,0.0,0.0,14.9,0.0,0.0,0.0,0.0,0.0,0.0,0.0,0.0,0.0,0.0,0.0,0.0,0.0,0.0,0.0,89.4,0.0,0,0,0.0,1,13222,1,13222,25259,22635,8750,22635,15070,713,15070,13505,14344,13505,14058,22137,23286,19908,16469,12854,8263,8846,20257,17725,23200,109,25228,2246,150,25259,1,2:25
2024-25,1631172,Ousmane Dieng,Ousmane,1610612760,OKC,Oklahoma City Thunder,0022400440,2024-12-29T00:00:00,OKC vs. MEM,W,4.5,0.0,16.0,0.0,0.0,8.0,0.0,0.0,0.0,0.0,0.0,16.0,16.0,8.0,8.0,8.0,0.0,0.0,0.0,0.0,0.0,-24.0,47.2,0,0,40.0,1,1,13086,1,24240,22635,7106,22635,15070,6448,15070,13505,14344,13505,14058,432,1432,2886,585,211,8263,8846,20257,17725,23200,22572,4243,2246,150,6780,1,4:30
2024-25,1641775,Jordan Walsh,Jordan,1610612738,BOS,Boston Celtics,0022400437,2024-12-29T00:00:00,BOS vs. IND,L,19.4,0.0,3.7,0.0,0.0,1.9,0.0,0.0,3.7,0.0,1.9,3.7,5.6,0.0,0.0,1.9,1.9,0.0,3.7,1.9,0.0,7.4,17.8,0,0,13.0,1,13222,1,13222,16499,22635,24221,22635,15070,19819,15070,13505,8456,13505,9014,14596,13364,19908,16469,6998,3915,8846,8032,13712,23200,8919,22173,2246,150,23721,1,19:24
2024-25,202692,Alec Burks,Alec,1610612748,MIA,Miami Heat,0022400439,2024-12-29T00:00:00,MIA @ HOU,W,17.928333333333335,2.0,10.0,0.2,2.0,10.0,0.2,2.0,2.0,1.0,0.0,0.0,0.0,0.0,4.0,0.0,0.0,0.0,2.0,4.0,8.0,-4.0,4.0,0,0,10.0,1,1,13086,1,17619,21393,16980,21401,10129,3445,13429,10620,12706,1,14058,22137,23286,19908,3855,12854,8263,8846,15099,6264,19895,15078,25080,2246,150,24415,1,17:56
2024-25,1631169,Josh Minott,Josh,1610612750,MIN,Minnesota Timberwolves,0022400441,2024-12-29T00:00:00,MIN vs. SAS,W,11.433333333333334,6.3,12.6,0.5,3.1,6.3,0.5,0.0,0.0,0.0,0.0,12.6,12.6,3.1,0.0,0.0,0.0,0.0,6.3,0.0,15.7,0.0,35.6,0,0,34.6,1,1,13086,1,21515,10723,12585,8526,6099,9983,3944,13505,14344,13505,14058,1127,3066,12480,16469,12854,8263,8846,2605,17725,12182,12240,10675,2246,150,10342,1,11:26
2024-25,1627751,Jakob Poeltl,Jakob,1610612761,TOR,Toronto Raptors,0022400438,2024-12-29T00:00:00,TOR vs. ATL,L,26.716666666666665,6.7,10.8,0.625,0.0,0.0,0.0,4.0,5.4,0.75,4.0,4.0,8.1,1.3,5.4,2.7,4.0,1.3,5.4,2.7,17.5,-33.7,44.1,0,0,40.4,1,13222,1,13222,10552,9599,15731,4899,15070,20945,15070,5622,5331,8186,3546,13588,8122,18512,1912,3921,897,5410,3865,10329,10310,24260,5634,2246,150,6533,1,26:43
2024-25,1642277,Johnny Furphy,Johnny,1610612754,IND,Indiana Pacers,0022400437,2024-12-29T00:00:00,IND @ BOS,W,1.1333333333333333,0.0,0.0,0.0,0.0,0.0,0.0,0.0,0.0,0.0,0.0,0.0,0.0,0.0,0.0,0.0,0.0,0.0,0.0,0.0,0.0,-127.1,0.0,0,0,0.0,1,1,13086,1,26002,22635,24836,22635,15070,20945,15070,13505,14344,13505,14058,22137,23286,19908,16469,12854,8263,8846,20257,17725,23200,26237,25228,2246,150,25259,1,1:08
2024-25,1641715,Cam Whitmore,Cam,1610612745,HOU,Houston Rockets,0022400439,2024-12-29T00:00:00,HOU vs. MIA,L,11.528333333333334,9.4,21.9,0.429,3.1,6.2,0.5,0.0,0.0,0.0,0.0,9.4,9.4,0.0,0.0,0.0,0.0,3.1,0.0,0.0,21.9,18.7,33.1,0,0,34.4,1,13222,1,13222,21482,4092,1881,13735,6160,10091,3944,13505,14344,13505,14058,3143,6239,19908,16469,12854,8263,1217,20257,17725,6319,4332,12514,2246,150,10567,1,11:32
2024-25,1631223,David Roddy,David,1610612737,ATL,Atlanta Hawks,0022400438,2024-12-29T00:00:00,ATL @ TOR,W,9.283333333333333,0.0,7.8,0.0,0.0,7.8,0.0,0.0,0.0,0.0,3.9,0.0,3.9,0.0,3.9,3.9,0.0,0.0,0.0,0.0,0.0,-34.9,12.4,0,0,11.6,1,1,13086,1,22353,22635,20584,22635,15070,6887,15070,13505,14344,13505,3765,22137,17631,19908,4136,1759,8263,8846,20257,17725,23200,24395,23921,2246,150,24074,1,9:17
2024-25,203084,Harrison Barnes,Harrison,1610612759,SAS,San Antonio Spurs,0022400441,2024-12-29T00:00:00,SAS @ MIN,L,33.733333333333334,8.5,9.6,0.889,3.2,4.3,0.75,5.3,5.3,1.0,2.1,3.2,5.3,0.0,0.0,0.0,0.0,0.0,2.1,3.2,25.6,14.9,32.0,0,0,34.2,1,13222,1,13222,4498,5548,17761,1318,5954,14980,1542,3610,5415,1,7831,16088,13949,19908,16469,12854,8263,8846,14434,8562,3870,5649,13311,2246,150,10736,1,33:44
2024-25,1631245,Quenton Jackson,Quenton,1610612754,IND,Indiana Pacers,0022400437,2024-12-29T00:00:00,IND @ BOS,W,1.1333333333333333,0.0,31.8,0.0,0.0,0.0,0.0,0.0,0.0,0.0,0.0,0.0,0.0,0.0,0.0,0.0,0.0,0.0,0.0,0.0,0.0,-127.1,0.0,0,0,0.0,1,1,13086,1,26002,22635,208,22635,15070,20945,15070,13505,14344,13505,14058,22137,23286,19908,16469,12854,8263,8846,20257,17725,23200,26237,25228,2246,150,25259,1,1:08
2024-25,101108,Chris Paul,Chris,1610612759,SAS,San Antonio Spurs,0022400441,2024-12-29T00:00:00,SAS @ MIN,L,34.82,0.0,6.2,0.0,0.0,4.1,0.0,6.2,6.2,1.0,0.0,5.2,5.2,14.5,0.0,4.1,0.0,0.0,2.1,4.1,6.2,13.4,46.5,0,0,34.1,1,13222,1,13222,3596,22635,22424,22635,15070,15259,15070,2673,4225,1,14058,10360,14347,336,16469,1509,8263,8846,14768,5974,21247,6220,4525,2246,150,10764,1,34:49
2024-25,1630552,Jalen Johnson,Jalen,1610612737,ATL,Atlanta Hawks,0022400438,2024-12-29T00:00:00,ATL @ TOR,W,33.06666666666667,6.5,15.2,0.429,1.1,5.4,0.2,2.2,4.4,0.5,0.0,4.4,4.4,3.3,3.3,6.5,1.1,1.1,3.3,3.3,16.3,40.3,46.1,0,0,40.3,1,1,13086,1,5096,10105,8187,13735,14012,12092,13429,10035,7100,10625,14058,12634,16396,12091,5615,366,6872,7155,9588,8362,11570,967,4726,2246,150,6625,1,33:04
2024-25,1631222,Jake LaRavia,Jake,1610612763,MEM,Memphis Grizzlies,0022400440,2024-12-29T00:00:00,MEM @ OKC,L,13.823333333333334,0.0,2.6,0.0,0.0,0.0,0.0,0.0,0.0,0.0,5.2,0.0,5.2,5.2,5.2,0.0,0.0,0.0,2.6,0.0,0.0,-59.9,8.9,0,0,10.4,1,13222,1,13222,20290,22635,24616,22635,15070,20945,15070,13505,14344,13505,2186,22137,14258,7017,2105,12854,8263,8846,12414,17725,23200,25686,24595,2246,150,24354,1,13:49
2024-25,1627832,Fred VanVleet,Fred,1610612745,HOU,Houston Rockets,0022400439,2024-12-29T00:00:00,HOU vs. MIA,L,38.22666666666667,5.7,16.0,0.353,3.8,9.4,0.4,0.0,0.0,0.0,1.9,4.7,6.6,5.7,2.8,2.8,1.9,0.9,3.8,0.9,15.1,3.8,42.8,0,0,40.5,1,13222,1,13222,1256,12560,7101,17268,4536,4229,7874,13505,14344,13505,8883,11676,10969,6146,7125,3620,3817,8410,7852,17567,12839,10771,6243,2246,150,6499,1,38:14
2024-25,1642377,Jaylen Wells,Jaylen,1610612763,MEM,Memphis Grizzlies,0022400440,2024-12-29T00:00:00,MEM @ OKC,L,25.226666666666667,2.9,17.1,0.167,0.0,10.0,0.0,0.0,0.0,0.0,1.4,1.4,2.9,1.4,1.4,1.4,0.0,2.9,2.9,1.4,5.7,-20.0,14.1,0,0,12.8,1,13222,1,13222,11816,19760,5670,21938,15070,3489,15070,13505,14344,13505,10641,21032,20106,18241,13125,8770,8263,1528,11390,15337,21588,21543,23462,2246,150,23763,1,25:14
2024-25,1642266,Ja'Kobe Walter,Ja'Kobe,1610612761,TOR,Toronto Raptors,0022400438,2024-12-29T00:00:00,TOR vs. ATL,L,16.2,4.4,6.7,0.667,2.2,4.4,0.5,0.0,0.0,0.0,0.0,0.0,0.0,2.2,4.4,2.2,0.0,0.0,2.2,0.0,11.1,-13.3,16.7,0,0,20.0,1,13222,1,13222,18788,15941,21929,3281,9151,14579,3944,13505,14344,13505,14058,22137,23286,15547,3080,5303,8263,8846,13994,17725,17072,19244,22602,2246,150,20849,1,16:12
2024-25,1631110,Jeremy Sochan,Jeremy,1610612759,SAS,San Antonio Spurs,0022400441,2024-12-29T00:00:00,SAS @ MIN,L,37.43333333333333,1.9,7.7,0.25,1.0,2.9,0.333,0.0,0.0,0.0,1.0,2.9,3.8,1.0,2.9,0.0,1.0,1.9,4.8,0.0,4.8,-3.8,10.9,0,0,12.5,1,13222,1,13222,1716,21543,20660,20233,14744,17888,9209,13505,14344,13505,13561,17132,17716,19786,6899,12854,7739,3466,5037,17725,22121,14976,24263,2246,150,23868,1,37:26
2024-25,1628371,Jonathan Isaac,Jonathan,1610612753,ORL,Orlando Magic,0022400436,2024-12-29T00:00:00,ORL vs. BKN,W,18.651666666666667,3.9,11.6,0.333,0.0,1.9,0.0,1.9,3.9,0.5,9.7,7.7,17.4,3.9,3.9,1.9,0.0,0.0,1.9,1.9,9.7,-23.2,38.2,0,0,34.7,1,1,13086,1,17072,17426,14347,17395,15070,19686,15070,10866,8111,10625,447,5131,1044,10342,4170,6622,8263,8846,15522,13406,18492,22368,8883,2246,150,10265,1,18:39
2024-25,1631170,Jaime Jaquez Jr.,Jaime,1610612748,MIA,Miami Heat,0022400439,2024-12-29T00:00:00,MIA @ HOU,W,16.411666666666665,2.2,6.6,0.333,0.0,0.0,0.0,0.0,0.0,0.0,4.4,2.2,6.6,0.0,0.0,0.0,0.0,0.0,0.0,0.0,4.4,-15.4,12.3,0,0,11.0,1,1,13086,1,18650,21053,22030,17395,15070,20945,15070,13505,14344,13505,3068,19088,10995,19908,16469,12854,8263,8846,20257,17725,22353,20030,23948,2246,150,24227,1,16:25
2024-25,1628380,Zach Collins,Zach,1610612759,SAS,San Antonio Spurs,0022400441,2024-12-29T00:00:00,SAS @ MIN,L,6.613333333333333,0.0,5.4,0.0,0.0,5.4,0.0,0.0,0.0,0.0,0.0,0.0,0.0,0.0,5.4,0.0,0.0,0.0,16.3,0.0,0.0,-16.3,-5.4,0,0,0.0,1,13222,1,13222,23328,22635,23127,22635,15070,12092,15070,13505,14344,13505,14058,22137,23286,19908,1861,12854,8263,8846,198,17725,23200,20390,26179,2246,150,25259,1,6:37
2024-25,1641708,Amen Thompson,Amen,1610612745,HOU,Houston Rockets,0022400439,2024-12-29T00:00:00,HOU vs. MIA,L,31.755,2.3,4.5,0.5,0.0,1.1,0.0,1.1,2.3,0.5,3.4,2.3,5.7,5.7,0.0,1.1,0.0,0.0,3.4,1.1,5.7,-19.3,24.4,0,0,19.3,1,13222,1,13222,6196,20914,23784,8526,15070,20705,15070,12803,11882,10625,4540,18864,13114,6109,16469,10731,8263,8846,9079,16746,21617,21336,18694,2246,150,21261,1,31:45
2024-25,1628988,Aaron Holiday,Aaron,1610612745,HOU,Houston Rockets,0022400439,2024-12-29T00:00:00,HOU vs. MIA,L,10.978333333333333,3.3,13.1,0.25,0.0,3.3,0.0,0.0,0.0,0.0,0.0,0.0,0.0,6.6,0.0,0.0,0.0,0.0,9.8,3.3,6.6,-16.4,16.4,0,0,13.1,1,13222,1,13222,21721,18809,11648,20233,15070,17112,15070,13505,14344,13505,14058,22137,23286,4632,16469,12854,8263,8846,737,8314,21018,20410,22708,2246,150,23676,1,10:59
2024-25,1629638,Nickeil Alexander-Walker,Nickeil,1610612750,MIN,Minnesota Timberwolves,0022400441,2024-12-29T00:00:00,MIN vs. SAS,W,15.933333333333334,4.5,11.3,0.4,4.5,9.0,0.5,0.0,0.0,0.0,0.0,4.5,4.5,4.5,4.5,2.3,0.0,0.0,4.5,0.0,13.6,13.6,28.0,0,0,31.6,1,1,13086,1,18975,15718,14833,14933,3036,4762,3944,13505,14344,13505,14058,12213,15999,8608,2972,5183,8263,8846,5733,17725,14432,6186,16221,2246,150,12683,1,15:56
2024-25,202066,Garrett Temple,Garrett,1610612761,TOR,Toronto Raptors,0022400438,2024-12-29T00:00:00,TOR vs. ATL,L,6.45,0.0,0.0,0.0,0.0,0.0,0.0,0.0,0.0,0.0,0.0,16.7,16.7,5.6,5.6,0.0,0.0,0.0,0.0,0.0,0.0,5.6,22.9,0,0,22.3,1,13222,1,13222,23387,22635,24836,22635,15070,20945,15070,13505,14344,13505,14058,351,1194,6288,1740,12854,8263,8846,20257,17725,23200,9803,19631,2246,150,19466,1,6:27
2024-25,203914,Gary Harris,Gary,1610612753,ORL,Orlando Magic,0022400436,2024-12-29T00:00:00,ORL vs. BKN,W,14.738333333333333,4.9,9.8,0.5,4.9,9.8,0.5,0.0,4.9,0.0,0.0,0.0,0.0,4.9,2.4,2.4,0.0,2.4,2.4,2.4,14.7,-31.8,26.9,0,0,29.3,1,1,13086,1,19743,14711,17437,8526,2433,3760,3944,13505,6144,13505,14058,22137,23286,7723,8481,4558,8263,2131,13023,11192,13240,23997,17044,2246,150,14469,1,14:44
2024-25,1630573,Sam Hauser,Sam,1610612738,BOS,Boston Celtics,0022400437,2024-12-29T00:00:00,BOS vs. IND,L,19.666666666666668,5.5,11.0,0.5,5.5,11.0,0.5,0.0,0.0,0.0,0.0,0.0,0.0,5.5,0.0,1.8,0.0,0.0,1.8,0.0,16.5,0.0,30.2,0,0,31.1,1,13222,1,13222,16285,13002,15377,8526,1743,2505,3944,13505,14344,13505,14058,22137,23286,6442,16469,7112,8263,8846,16031,17725,11416,12240,14663,2246,150,13063,1,19:40
2024-25,1629675,Naz Reid,Naz,1610612750,MIN,Minnesota Timberwolves,0022400441,2024-12-29T00:00:00,MIN vs. SAS,W,20.533333333333335,8.8,19.3,0.455,1.8,7.0,0.25,0.0,3.5,0.0,0.0,7.0,7.0,3.5,0.0,1.8,1.8,1.8,7.0,1.8,19.3,7.0,43.5,0,0,38.6,1,1,13086,1,15619,5146,3504,12676,11244,8442,11902,13505,8873,13505,14058,6338,10124,11371,16469,7423,4161,4022,1967,14100,8561,9128,5893,2246,150,7653,1,20:32
2024-25,1629726,Garrison Mathews,Garrison,1610612737,ATL,Atlanta Hawks,0022400438,2024-12-29T00:00:00,ATL @ TOR,W,22.966666666666665,3.1,14.1,0.222,3.1,11.0,0.286,7.8,9.4,0.833,0.0,3.1,3.1,9.4,0.0,0.0,3.1,0.0,4.7,7.8,17.2,23.5,44.5,0,0,39.2,1,1,13086,1,13744,19127,9996,21205,6126,2519,11433,1485,1657,7275,14058,16322,19410,1757,16469,12854,1536,8846,5276,1105,10585,3144,5414,2246,150,7280,1,22:58
2024-25,1630534,Ochai Agbaji,Ochai,1610612761,TOR,Toronto Raptors,0022400438,2024-12-29T00:00:00,TOR vs. ATL,L,17.5,2.1,12.3,0.167,2.1,8.2,0.25,0.0,0.0,0.0,4.1,4.1,8.2,6.2,4.1,0.0,0.0,4.1,10.3,0.0,6.2,-37.0,21.2,0,0,22.6,1,13222,1,13222,17920,21300,12991,21938,9883,6036,11902,13505,14344,13505,3419,13373,7892,5205,3639,12854,8263,613,643,17725,21260,24618,20600,2246,150,19260,1,17:30
2024-25,1630658,Colin Castleton,Colin,1610612763,MEM,Memphis Grizzlies,0022400440,2024-12-29T00:00:00,MEM @ OKC,L,11.016666666666667,3.3,13.1,0.25,0.0,6.5,0.0,3.3,3.3,1.0,0.0,3.3,3.3,0.0,0.0,0.0,0.0,0.0,3.3,3.3,9.8,16.3,13.7,0,0,13.1,1,13222,1,13222,21700,18835,11734,20233,15070,9465,15070,7167,9385,1,14058,15888,19070,19908,16469,12854,8263,8846,9580,8353,18351,5130,23569,2246,150,23689,1,11:01
2024-25,1629652,Luguentz Dort,Luguentz,1610612760,OKC,Oklahoma City Thunder,0022400440,2024-12-29T00:00:00,OKC vs. MEM,W,26.421666666666667,1.4,8.2,0.167,1.4,6.8,0.2,0.0,0.0,0.0,1.4,4.1,5.5,2.7,0.0,0.0,0.0,1.4,4.1,2.7,4.1,17.7,14.7,0,0,13.6,1,1,13086,1,10801,22334,19982,21938,12598,8882,13429,13505,14344,13505,10918,13456,13673,13839,16469,12854,8263,5345,6879,10242,22511,4656,23280,2246,150,23525,1,26:25
2024-25,1629723,John Konchar,John,1610612763,MEM,Memphis Grizzlies,0022400440,2024-12-29T00:00:00,MEM @ OKC,L,34.38333333333333,2.1,8.4,0.25,0.0,5.2,0.0,0.0,0.0,0.0,3.1,12.6,15.7,1.0,1.0,3.1,2.1,1.0,1.0,2.1,4.2,-8.4,39.3,0,0,31.4,1,13222,1,13222,3934,21246,19674,20233,15070,12624,15070,13505,14344,13505,5060,1137,1518,19537,15513,2856,3227,7520,19430,12636,22469,17128,8224,2246,150,12850,1,34:23
2024-25,1630567,Scottie Barnes,Scottie,1610612761,TOR,Toronto Raptors,0022400438,2024-12-29T00:00:00,TOR vs. ATL,L,35.016666666666666,7.2,12.3,0.583,0.0,1.0,0.0,5.1,5.1,1.0,1.0,7.2,8.2,5.1,8.2,3.1,0.0,0.0,1.0,6.2,19.5,-35.0,38.1,0,0,39.1,1,13222,1,13222,3448,8464,13015,6296,15070,20829,15070,3828,5691,1,13043,6006,7900,7156,546,2966,8263,8846,19539,2428,8330,24399,8931,2246,150,7337,1,35:01
2024-25,204456,T.J. McConnell,T.J.,1610612754,IND,Indiana Pacers,0022400437,2024-12-29T00:00:00,IND @ BOS,W,13.583333333333334,2.7,15.9,0.167,0.0,2.7,0.0,2.7,5.3,0.5,8.0,5.3,13.3,2.7,5.3,2.7,0.0,5.3,2.7,2.7,8.0,-26.5,30.5,0,0,29.2,1,1,13086,1,20440,20182,7263,21938,15070,18348,15070,8685,5462,10625,799,10023,2636,14042,2001,4015,8263,311,12240,10471,19961,23135,14434,2246,150,14585,1,13:35
2024-25,1642347,Jamal Shead,Jamal,1610612761,TOR,Toronto Raptors,0022400438,2024-12-29T00:00:00,TOR vs. ATL,L,25.116666666666667,2.9,2.9,1.0,1.4,1.4,1.0,0.0,0.0,0.0,1.4,1.4,2.9,8.6,1.4,0.0,1.4,0.0,2.9,0.0,7.2,-21.5,26.4,0,0,22.9,1,13222,1,13222,11895,19739,24535,1,12320,20342,1,13505,14344,13505,10604,21019,20077,2343,13089,12854,5105,8846,11331,17725,20581,21970,17367,2246,150,19067,1,25:07
2024-25,203991,Clint Capela,Clint,1610612737,ATL,Atlanta Hawks,0022400438,2024-12-29T00:00:00,ATL @ TOR,W,26.583333333333332,5.4,8.1,0.667,0.0,0.0,0.0,4.1,5.4,0.75,5.4,10.8,16.3,2.7,0.0,2.7,0.0,0.0,5.4,4.1,14.9,20.3,46.6,1,0,39.3,1,1,13086,1,10652,13223,20047,3281,15070,20945,15070,5588,5293,8186,1998,1994,1341,13884,16469,3889,8263,8846,3825,6138,13017,3862,4498,1,150,7211,1,26:35
2024-25,1626167,Myles Turner,Myles,1610612754,IND,Indiana Pacers,0022400437,2024-12-29T00:00:00,IND @ BOS,W,32.61666666666667,5.5,8.8,0.625,0.0,1.1,0.0,3.3,4.4,0.75,1.1,5.5,6.6,3.3,0.0,0.0,0.0,1.1,0.0,7.7,14.3,13.2,27.3,0,0,24.3,1,1,13086,1,5465,12942,18973,4899,15070,20740,15070,7081,7007,8186,12442,9476,10896,11941,16469,12854,8263,7010,20257,1177,13552,6289,16771,2246,150,18147,1,32:37
2024-25,1629614,Andrew Nembhard,Andrew,1610612754,IND,Indiana Pacers,0022400437,2024-12-29T00:00:00,IND @ BOS,W,33.28333333333333,6.5,13.0,0.5,1.1,1.1,1.0,4.3,5.4,0.8,1.1,7.6,8.7,8.7,2.2,0.0,1.1,0.0,3.2,3.2,18.4,24.9,42.8,0,0,38.9,1,1,13086,1,4911,10211,11892,8526,14059,20763,1,5108,5305,7681,12620,5372,7222,2302,9670,12854,6909,8846,9678,8422,9427,2843,6206,2246,150,7420,1,33:17
2024-25,1631107,Nikola Jović,Nikola,1610612748,MIA,Miami Heat,0022400439,2024-12-29T00:00:00,MIA @ HOU,W,30.966666666666665,5.8,10.5,0.556,3.5,5.8,0.6,5.8,5.8,1.0,2.3,5.8,8.1,7.0,0.0,0.0,0.0,1.2,1.2,4.7,20.9,20.9,41.2,0,0,39.5,1,1,13086,1,6903,12081,16285,7248,5173,11179,2992,3071,4738,1,7163,8769,8027,4033,16469,12854,8263,6535,18746,4830,7142,3715,7079,2246,150,7053,1,30:58
2024-25,1630531,Jaden Springer,Jaden,1610612738,BOS,Boston Celtics,0022400437,2024-12-29T00:00:00,BOS vs. IND,L,2.4166666666666665,0.0,29.8,0.0,0.0,14.9,0.0,0.0,0.0,0.0,0.0,14.9,14.9,14.9,0.0,0.0,0.0,0.0,0.0,0.0,0.0,89.4,40.2,0,0,29.8,1,13222,1,13222,25259,22635,285,22635,15070,713,15070,13505,14344,13505,14058,595,1818,298,16469,12854,8263,8846,20257,17725,23200,109,7619,2246,150,14103,1,2:25
2024-25,1641809,Drew Peterson,Drew,1610612738,BOS,Boston Celtics,0022400437,2024-12-29T00:00:00,BOS vs. IND,L,2.4166666666666665,14.9,14.9,1.0,0.0,0.0,0.0,0.0,0.0,0.0,0.0,0.0,0.0,0.0,0.0,0.0,0.0,0.0,0.0,0.0,29.8,89.4,29.8,0,0,29.8,1,13222,1,13222,25259,507,8750,1,15070,20945,15070,13505,14344,13505,14058,22137,23286,19908,16469,12854,8263,8846,20257,17725,2162,109,14945,2246,150,14103,1,2:25
2024-25,1629640,Keldon Johnson,Keldon,1610612759,SAS,San Antonio Spurs,0022400441,2024-12-29T00:00:00,SAS @ MIN,L,17.48,10.3,22.7,0.455,0.0,10.3,0.0,6.2,12.4,0.5,0.0,12.4,12.4,0.0,0.0,0.0,0.0,2.1,0.0,8.2,26.8,-35.0,41.6,0,0,39.1,1,13222,1,13222,17947,2916,1521,12676,15070,3159,15070,2701,689,10625,14058,1204,3228,19908,16469,12854,8263,3025,20257,913,3312,24407,6830,2246,150,7305,1,17:29
2024-25,1630643,Jay Huff,Jay,1610612763,MEM,Memphis Grizzlies,0022400440,2024-12-29T00:00:00,MEM @ OKC,L,17.015,14.8,23.3,0.636,6.3,12.7,0.5,0.0,0.0,0.0,2.1,0.0,2.1,4.2,6.3,0.0,0.0,0.0,2.1,0.0,36.0,-33.9,38.5,0,0,48.7,1,13222,1,13222,18251,528,1291,4689,1088,1429,3944,13505,14344,13505,7900,22137,21585,9306,1198,12854,8263,8846,14538,17725,836,24283,8708,2246,150,2936,1,17:01
2024-25,1641716,Jarace Walker,Jarace,1610612754,IND,Indiana Pacers,0022400437,2024-12-29T00:00:00,IND @ BOS,W,25.3,5.7,11.4,0.5,4.3,7.1,0.6,1.4,2.8,0.5,0.0,7.1,7.1,0.0,1.4,0.0,0.0,1.4,1.4,1.4,17.1,4.3,24.2,0,0,28.5,1,1,13086,1,11743,12443,14692,8526,3446,8226,2992,11974,10371,10625,14058,6146,9925,19908,13156,12854,8263,5087,17531,15355,10778,10504,18821,2246,150,15105,1,25:18
2024-25,1630249,Vít Krejčí,Vít,1610612737,ATL,Atlanta Hawks,0022400438,2024-12-29T00:00:00,ATL @ TOR,W,29.683333333333334,2.4,8.5,0.286,1.2,6.1,0.2,0.0,0.0,0.0,1.2,3.6,4.9,3.6,1.2,3.6,1.2,0.0,0.0,2.4,6.1,17.0,30.7,0,0,25.5,1,1,13086,1,8057,20599,19505,19630,13299,10531,13429,13505,14344,13505,11705,14823,15176,10971,14341,2049,6094,8846,20257,11244,21348,4919,14284,2246,150,17305,1,29:41
2024-25,203944,Julius Randle,Julius,1610612750,MIN,Minnesota Timberwolves,0022400441,2024-12-29T00:00:00,MIN vs. SAS,W,34.766666666666666,7.2,16.6,0.438,0.0,7.2,0.0,2.1,2.1,1.0,1.0,3.1,4.1,4.1,1.0,0.0,0.0,0.0,1.0,2.1,16.6,-9.3,26.7,0,0,24.9,1,1,13086,1,3641,8338,6343,13558,15070,7937,15070,10396,12513,1,12978,16389,16964,9541,15596,12854,8263,8846,19498,12758,11319,17591,17146,2246,150,17793,1,34:46
2024-25,1630578,Alperen Sengun,Alperen,1610612745,HOU,Houston Rockets,0022400439,2024-12-29T00:00:00,HOU vs. MIA,L,34.78333333333333,8.3,14.5,0.571,0.0,1.0,0.0,2.1,2.1,1.0,5.2,13.5,18.6,6.2,5.2,1.0,1.0,1.0,4.1,5.2,18.6,4.1,51.3,1,0,47.6,1,13222,1,13222,3627,6023,9371,6538,15070,20825,15070,10400,12516,1,2219,886,763,5146,2138,11634,7236,7618,6717,3809,9179,10575,2887,1,150,3275,1,34:47
2024-25,1628971,Bruce Brown,Bruce,1610612761,TOR,Toronto Raptors,0022400438,2024-12-29T00:00:00,TOR vs. ATL,L,19.183333333333334,11.3,22.5,0.5,0.0,3.8,0.0,0.0,0.0,0.0,1.9,3.8,5.6,1.9,1.9,1.9,0.0,3.8,1.9,1.9,22.5,-11.3,35.8,0,0,33.8,1,13222,1,13222,16683,2041,1575,8526,15070,16088,15070,13505,14344,13505,8915,14458,13210,16830,11172,6877,8263,766,15803,13599,5841,18422,10476,2246,150,11011,1,19:11
2024-25,1631119,Jaylin Williams,Jaylin,1610612760,OKC,Oklahoma City Thunder,0022400440,2024-12-29T00:00:00,OKC vs. MEM,W,9.666666666666666,7.4,7.4,1.0,3.7,3.7,1.0,0.0,0.0,0.0,0.0,7.4,7.4,3.7,3.7,0.0,0.0,0.0,3.7,0.0,18.6,-14.9,29.4,0,0,33.5,1,1,13086,1,22227,7887,20996,1,4637,16152,1,13505,14344,13505,14058,5585,9271,10722,4498,12854,8263,8846,7985,17725,9185,19868,15197,2246,150,11229,1,9:40
2024-25,1641711,Gradey Dick,Gradey,1610612761,TOR,Toronto Raptors,0022400438,2024-12-29T00:00:00,TOR vs. ATL,L,24.516666666666666,4.4,17.6,0.25,0.0,4.4,0.0,0.0,0.0,0.0,2.9,5.9,8.8,1.5,2.9,2.9,0.0,2.9,5.9,0.0,8.8,-26.4,27.5,0,0,25.0,1,13222,1,13222,12460,16050,5117,20233,15070,14671,15070,13505,14344,13505,5492,8612,7003,18101,6693,3305,8263,1409,3111,17725,19260,23117,16623,2246,150,17715,1,24:31
2024-25,1629628,RJ Barrett,RJ,1610612761,TOR,Toronto Raptors,0022400438,2024-12-29T00:00:00,TOR vs. ATL,L,30.2,6.0,15.5,0.385,1.2,6.0,0.2,7.2,9.5,0.75,0.0,7.2,7.2,4.8,3.6,0.0,0.0,1.2,2.4,6.0,20.3,-28.6,32.4,0,0,33.4,1,13222,1,13222,7586,11626,7826,16070,13419,10785,13429,1904,1577,8186,14058,6087,9844,7999,4822,12854,8263,6323,13289,2676,7690,23525,12998,2246,150,11340,1,30:12
2024-25,1642276,Kel'el Ware,Kel'el,1610612748,MIA,Miami Heat,0022400439,2024-12-29T00:00:00,MIA @ HOU,W,13.716666666666667,7.9,7.9,1.0,0.0,0.0,0.0,2.6,7.9,0.333,2.6,15.7,18.4,5.2,2.6,0.0,2.6,0.0,5.2,7.9,18.4,13.1,53.5,0,0,47.2,1,1,13086,1,20351,6904,20448,1,15070,20945,15070,8747,2608,13132,6288,465,814,6940,7787,12854,2188,8846,4105,1082,9444,6334,2317,2246,150,3390,1,13:43
2024-25,1628991,Jaren Jackson Jr.,Jaren,1610612763,MEM,Memphis Grizzlies,0022400440,2024-12-29T00:00:00,MEM @ OKC,L,25.351666666666667,4.3,24.1,0.176,0.0,8.5,0.0,9.9,11.4,0.875,2.8,4.3,7.1,5.7,4.3,1.4,1.4,5.7,5.7,8.5,18.5,-12.8,39.8,0,0,36.9,1,13222,1,13222,11696,16436,1024,21936,15070,5556,15070,713,931,6931,5761,12939,9956,6080,3401,8802,5151,250,3427,821,9363,19047,7910,2246,150,8779,1,25:21
2024-25,1628392,Isaiah Hartenstein,Isaiah,1610612760,OKC,Oklahoma City Thunder,0022400440,2024-12-29T00:00:00,OKC vs. MEM,W,25.221666666666668,8.6,18.6,0.462,0.0,2.9,0.0,0.0,0.0,0.0,2.9,10.0,12.8,8.6,2.9,0.0,4.3,1.4,4.3,1.4,17.1,20.0,55.4,0,0,47.1,1,1,13086,1,11818,5499,4167,12428,15070,17949,15070,13505,14344,13505,5717,2595,2913,2374,7012,12854,764,5069,6337,15335,10703,3953,1910,2246,150,3439,1,25:13
2024-25,1628978,Donte DiVincenzo,Donte,1610612750,MIN,Minnesota Timberwolves,0022400441,2024-12-29T00:00:00,MIN vs. SAS,W,33.68333333333333,8.6,16.0,0.533,5.3,10.7,0.5,5.3,6.4,0.833,1.1,6.4,7.5,4.3,2.1,1.1,0.0,0.0,1.1,4.3,27.8,24.6,44.2,0,0,47.0,1,1,13086,1,4564,5526,7067,8140,1902,2793,3944,3598,3986,7275,12723,7483,9203,9195,9794,11292,8263,8846,19280,5659,2865,2904,5542,2246,150,3467,1,33:41
2024-25,1630217,Desmond Bane,Desmond,1610612763,MEM,Memphis Grizzlies,0022400440,2024-12-29T00:00:00,MEM @ OKC,L,29.115,8.7,18.5,0.467,3.7,9.9,0.375,6.2,7.4,0.833,1.2,9.9,11.1,4.9,2.5,0.0,0.0,0.0,2.5,6.2,27.2,-23.5,45.5,0,0,47.0,1,13222,1,13222,8587,5338,4176,12249,4682,3618,8800,2693,2983,7275,11560,2660,4297,7582,8354,12854,8263,8846,12901,2417,3109,22461,4936,2246,150,3478,1,29:07
2024-25,1627783,Pascal Siakam,Pascal,1610612754,IND,Indiana Pacers,0022400437,2024-12-29T00:00:00,IND @ BOS,W,30.85,7.0,12.8,0.545,1.2,2.3,0.5,4.7,4.7,1.0,0.0,9.3,9.3,7.0,2.3,3.5,1.2,1.2,3.5,2.3,19.8,11.7,53.2,0,0,46.7,1,1,13086,1,6992,8930,12145,7695,13555,18931,3944,4562,6547,1,14058,3173,6273,4006,8928,2239,6384,6503,8746,11614,8039,6943,2393,2246,150,3599,1,30:51
2024-25,1630590,Scotty Pippen Jr.,Scotty,1610612763,MEM,Memphis Grizzlies,0022400440,2024-12-29T00:00:00,MEM @ OKC,L,23.816666666666666,6.0,10.6,0.571,1.5,3.0,0.5,1.5,3.0,0.5,3.0,1.5,4.5,9.1,6.0,1.5,1.5,1.5,1.5,6.0,15.1,-28.7,37.2,0,0,36.3,1,13222,1,13222,13062,11378,16089,6538,11989,17602,3944,11770,9920,10625,5284,20853,15958,1966,1352,8360,4800,4731,17167,2567,12790,23539,9549,2246,150,9174,1,23:49
2024-25,1630598,Aaron Wiggins,Aaron,1610612760,OKC,Oklahoma City Thunder,0022400440,2024-12-29T00:00:00,OKC vs. MEM,W,23.76,9.1,19.7,0.462,1.5,7.6,0.2,4.5,4.5,1.0,0.0,4.5,4.5,0.0,0.0,3.0,0.0,1.5,0.0,3.0,24.2,4.5,38.8,0,0,36.4,1,1,13086,1,13110,4548,3182,12428,11979,7225,13429,4764,6756,1,14058,12139,15938,19908,16469,3085,8263,4715,20257,9124,4647,10365,8543,2246,150,9125,1,23:46
2024-25,1630169,Tyrese Haliburton,Tyrese,1610612754,IND,Indiana Pacers,0022400437,2024-12-29T00:00:00,IND @ BOS,W,36.13333333333333,11.0,18.9,0.579,1.0,6.0,0.167,8.0,9.0,0.889,0.0,6.0,6.0,7.0,0.0,1.0,0.0,0.0,0.0,6.0,30.9,13.0,51.5,0,0,46.8,1,1,13086,1,2581,2297,3818,6486,14573,10746,14236,1425,1889,6857,14058,8383,12339,4035,16469,11992,8263,8846,20257,2651,1808,6414,2835,2246,150,3539,1,36:08
2024-25,1630592,Jalen Wilson,Jalen,1610612751,BKN,Brooklyn Nets,0022400436,2024-12-29T00:00:00,BKN @ ORL,L,31.163333333333334,4.6,5.8,0.8,4.6,5.8,0.8,4.6,4.6,1.0,0.0,1.2,1.2,1.2,1.2,1.2,0.0,0.0,4.6,2.3,18.5,5.8,23.9,0,0,27.7,1,13222,1,13222,6740,15437,22834,1688,2854,11264,1389,4648,6630,1,14058,21616,23000,19164,14758,10543,8263,8846,5489,11705,9334,9717,19010,2246,150,15624,1,31:10
2024-25,1641724,Jett Howard,Jett,1610612753,ORL,Orlando Magic,0022400436,2024-12-29T00:00:00,ORL vs. BKN,W,12.316666666666666,0.0,8.8,0.0,0.0,8.8,0.0,0.0,0.0,0.0,0.0,2.9,2.9,2.9,0.0,0.0,0.0,0.0,2.9,0.0,0.0,-52.6,7.9,0,0,5.8,1,1,13086,1,21092,22635,19077,22635,15070,5155,15070,13505,14344,13505,14058,16999,19930,13192,16469,12854,8263,8846,11073,17725,23200,25491,24710,2246,150,25021,1,12:19
2024-25,1627732,Ben Simmons,Ben,1610612751,BKN,Brooklyn Nets,0022400436,2024-12-29T00:00:00,BKN @ ORL,L,30.561666666666667,3.5,7.1,0.5,0.0,0.0,0.0,0.0,0.0,0.0,1.2,7.1,8.2,8.2,2.4,0.0,0.0,1.2,2.4,0.0,7.1,-25.9,27.0,0,0,23.6,1,13222,1,13222,7271,18247,21478,8526,15070,20945,15070,13505,14344,13505,11937,6237,7861,2656,8831,12854,8263,6417,13409,17725,20671,23010,16968,2246,150,18638,1,30:34
2024-25,1642264,Stephon Castle,Stephon,1610612759,SAS,San Antonio Spurs,0022400441,2024-12-29T00:00:00,SAS @ MIN,L,7.566666666666666,0.0,4.8,0.0,0.0,4.8,0.0,0.0,0.0,0.0,0.0,0.0,0.0,4.8,19.0,0.0,0.0,0.0,4.8,9.5,0.0,-57.1,-11.9,0,0,4.8,1,13222,1,13222,22969,22635,23636,22635,15070,13812,15070,13505,14344,13505,14058,22137,23286,8023,62,12854,8263,8846,5157,519,23200,25607,26243,2246,150,25128,1,7:34
2024-25,1630553,Keon Johnson,Keon,1610612751,BKN,Brooklyn Nets,0022400436,2024-12-29T00:00:00,BKN @ ORL,L,33.18333333333333,5.4,11.9,0.455,1.1,5.4,0.2,3.3,4.3,0.75,2.2,1.1,3.3,2.2,2.2,1.1,0.0,0.0,3.3,4.3,15.2,-5.4,23.4,0,0,23.9,1,13222,1,13222,4996,13204,13699,12676,14039,12154,13429,7198,7130,8186,7687,21793,19098,15729,9638,11148,8263,8846,9635,5496,12722,15795,19292,2246,150,18423,1,33:11
2024-25,1630243,Trevelin Queen,Trevelin,1610612753,ORL,Orlando Magic,0022400436,2024-12-29T00:00:00,ORL vs. BKN,W,5.65,0.0,0.0,0.0,0.0,0.0,0.0,0.0,0.0,0.0,0.0,6.4,6.4,0.0,19.1,0.0,0.0,0.0,6.4,0.0,0.0,-89.2,-11.5,0,0,6.4,1,1,13086,1,23721,22635,24836,22635,15070,20945,15070,13505,14344,13505,14058,7557,11465,19908,61,12854,8263,8846,2521,17725,23200,26085,26236,2246,150,24963,1,5:39
2024-25,1642382,Branden Carlson,Branden,1610612760,OKC,Oklahoma City Thunder,0022400440,2024-12-29T00:00:00,OKC vs. MEM,W,4.0,0.0,9.0,0.0,0.0,9.0,0.0,0.0,0.0,0.0,0.0,9.0,9.0,0.0,9.0,0.0,0.0,0.0,0.0,0.0,0.0,-27.0,1.8,0,0,9.0,1,1,13086,1,24480,22635,18708,22635,15070,4827,15070,13505,14344,13505,14058,3516,6730,19908,421,12854,8263,8846,20257,17725,23200,23238,25174,2246,150,24606,1,4:00
2024-25,1641730,Noah Clowney,Noah,1610612751,BKN,Brooklyn Nets,0022400436,2024-12-29T00:00:00,BKN @ ORL,L,27.698333333333334,5.2,9.1,0.571,3.9,6.5,0.6,2.6,2.6,1.0,0.0,2.6,2.6,0.0,2.6,0.0,0.0,1.3,1.3,1.3,16.9,-5.2,17.4,0,0,23.4,1,13222,1,13222,9797,13823,18562,6538,4197,9551,2992,8802,10972,1,14058,17947,20641,19908,7885,12854,8263,5655,18031,15908,10965,15699,22332,2246,150,18737,1,27:42
2024-25,1630200,Tre Jones,Tre,1610612759,SAS,San Antonio Spurs,0022400441,2024-12-29T00:00:00,SAS @ MIN,L,13.316666666666666,2.7,5.4,0.5,0.0,0.0,0.0,0.0,0.0,0.0,0.0,8.1,8.1,5.4,0.0,0.0,0.0,0.0,2.7,0.0,5.4,-24.3,23.2,0,0,18.9,1,13222,1,13222,20588,20084,23173,8526,15070,20945,15070,13505,14344,13505,14058,4549,8075,6624,16469,12854,8263,8846,12028,17725,21791,22649,19410,2246,150,21418,1,13:19
2024-25,202709,Cory Joseph,Cory,1610612753,ORL,Orlando Magic,0022400436,2024-12-29T00:00:00,ORL vs. BKN,W,13.816666666666666,2.6,7.8,0.333,2.6,5.2,0.5,0.0,0.0,0.0,2.6,2.6,5.2,2.6,2.6,0.0,0.0,0.0,2.6,2.6,7.8,-18.2,15.4,0,0,18.2,1,1,13086,1,20292,20270,20515,17395,7808,12676,3944,13505,14344,13505,6328,17934,14251,14196,7856,12854,8263,8846,12408,10622,20073,21000,23066,2246,150,21750,1,13:49
2024-25,203484,Kentavious Caldwell-Pope,Kentavious,1610612753,ORL,Orlando Magic,0022400436,2024-12-29T00:00:00,ORL vs. BKN,W,34.03333333333333,2.1,10.6,0.2,0.0,4.2,0.0,1.1,1.1,1.0,0.0,1.1,1.1,5.3,0.0,2.1,1.1,0.0,2.1,1.1,5.3,18.0,24.0,0,0,18.0,1,1,13086,1,4225,21216,16095,21401,15070,15047,15070,13054,14117,1,14058,21860,23146,6849,16469,5712,7073,8846,14539,17136,21858,4564,18935,2246,150,21877,1,34:02
2024-25,1630577,Julian Champagnie,Julian,1610612759,SAS,San Antonio Spurs,0022400441,2024-12-29T00:00:00,SAS @ MIN,L,11.366666666666667,0.0,12.7,0.0,0.0,6.3,0.0,0.0,0.0,0.0,0.0,3.2,3.2,3.2,0.0,3.2,3.2,3.2,3.2,0.0,0.0,6.3,27.6,0,0,19.0,1,13222,1,13222,21548,22635,12441,22635,15070,9902,15070,13505,14344,13505,14058,16201,19316,12427,16469,2803,1510,1179,10007,17725,23200,9457,16535,2246,150,21391,1,11:22
2024-25,1630591,Jalen Suggs,Jalen,1610612753,ORL,Orlando Magic,0022400436,2024-12-29T00:00:00,ORL vs. BKN,W,13.183333333333334,5.5,19.1,0.286,0.0,2.7,0.0,10.9,13.7,0.8,2.7,2.7,5.5,5.5,2.7,0.0,0.0,2.7,8.2,10.9,21.8,-10.9,33.9,0,0,32.8,1,1,13086,1,20660,13100,3648,19630,15070,18200,15070,497,505,7681,6028,17602,13640,6510,7434,12854,8263,1698,1272,285,6334,18288,11922,2246,150,11823,1,13:11
2024-25,203497,Rudy Gobert,Rudy,1610612750,MIN,Minnesota Timberwolves,0022400441,2024-12-29T00:00:00,MIN vs. SAS,W,30.55,7.1,14.1,0.5,0.0,0.0,0.0,5.9,7.1,0.833,13.0,4.7,17.7,2.4,1.2,0.0,2.4,2.4,4.7,7.1,20.0,-1.2,50.7,1,0,44.8,1,1,13086,1,7274,8759,9938,8526,15070,20945,15070,2967,3300,7275,194,11664,970,15028,14591,12854,2634,2321,5250,1603,7899,13665,3079,1,150,4356,1,30:33
2024-25,1628379,Luke Kennard,Luke,1610612763,MEM,Memphis Grizzlies,0022400440,2024-12-29T00:00:00,MEM @ OKC,L,26.95,8.0,16.0,0.5,5.3,12.0,0.444,0.0,0.0,0.0,2.7,4.0,6.7,4.0,5.3,0.0,0.0,0.0,0.0,0.0,21.4,-29.4,30.1,0,0,37.4,1,13222,1,13222,10372,6608,7073,8526,1905,1769,7211,13505,14344,13505,6171,13701,10773,9920,1961,12854,8263,8846,20257,17725,6757,23642,14753,2246,150,8427,1,26:57
2024-25,1629646,Charles Bassey,Charles,1610612759,SAS,San Antonio Spurs,0022400441,2024-12-29T00:00:00,SAS @ MIN,L,4.691666666666666,7.7,7.7,1.0,0.0,0.0,0.0,15.3,15.3,1.0,7.7,7.7,15.3,0.0,0.0,0.0,0.0,0.0,15.3,7.7,30.7,-30.7,49.1,0,0,46.0,1,13222,1,13222,24146,7318,20683,1,15070,20945,15070,160,331,1,892,5200,1632,19908,16469,12854,8263,8846,231,1217,1864,23847,3579,2246,150,3802,1,4:42
2024-25,1630175,Cole Anthony,Cole,1610612753,ORL,Orlando Magic,0022400436,2024-12-29T00:00:00,ORL vs. BKN,W,16.93166666666667,6.4,23.4,0.273,4.3,12.8,0.333,4.3,4.3,1.0,2.1,4.3,6.4,6.4,0.0,0.0,0.0,0.0,4.3,2.1,21.3,36.1,38.5,0,0,38.3,1,1,13086,1,18301,10495,1254,20048,3476,1405,9209,5253,7312,1,7864,12959,11447,4881,16469,12854,8263,8846,6420,12503,6867,1271,8717,2246,150,7851,1,16:56
2024-25,1629651,Nic Claxton,Nic,1610612751,BKN,Brooklyn Nets,0022400436,2024-12-29T00:00:00,BKN @ ORL,L,31.533333333333335,2.3,5.7,0.4,0.0,0.0,0.0,2.3,4.6,0.5,1.1,4.6,5.7,1.1,2.3,1.1,0.0,0.0,4.6,9.1,6.8,-21.7,16.6,0,0,16.0,1,13222,1,13222,6391,20884,22896,14933,15070,20945,15070,9677,6711,10625,12181,12074,12993,19219,9148,10658,8263,8846,5625,611,20824,22009,22639,2246,150,22716,1,31:32
2024-25,1629312,Haywood Highsmith,Haywood,1610612748,MIA,Miami Heat,0022400439,2024-12-29T00:00:00,MIA @ HOU,W,37.55,5.8,8.6,0.667,2.9,5.8,0.5,0.0,0.0,0.0,3.8,3.8,7.7,1.9,2.9,1.9,1.0,0.0,1.0,1.0,14.4,9.6,32.2,0,0,32.6,1,1,13086,1,1655,12261,19306,3281,6957,11325,3944,13505,14344,13505,3830,14218,8843,16684,6934,6678,7761,8846,19914,17519,13520,7902,13163,2246,150,11940,1,37:33
2024-25,1631097,Bennedict Mathurin,Bennedict,1610612754,IND,Indiana Pacers,0022400437,2024-12-29T00:00:00,IND @ BOS,W,29.45,7.3,9.8,0.75,1.2,1.2,1.0,1.2,1.2,1.0,1.2,4.9,6.1,1.2,2.4,0.0,0.0,1.2,2.4,2.4,17.1,11.0,23.8,0,0,25.7,1,1,13086,1,8267,8155,17425,2107,13251,20592,1,12520,13851,1,11647,11185,12021,18945,8467,12854,8263,6107,13004,11180,10727,7236,19069,2246,150,17157,1,29:27
2024-25,201144,Mike Conley,Mike,1610612750,MIN,Minnesota Timberwolves,0022400441,2024-12-29T00:00:00,MIN vs. SAS,W,22.833333333333332,1.6,7.9,0.2,1.6,6.3,0.25,3.2,3.2,1.0,0.0,3.2,3.2,4.7,0.0,0.0,0.0,0.0,4.7,3.2,7.9,-17.3,18.8,0,0,17.3,1,1,13086,1,13849,22067,20429,21401,11765,9963,11902,7428,9604,1,14058,16245,19357,8104,16469,12854,8263,8846,5214,8716,20009,20724,21773,2246,150,22152,1,22:50
2024-25,1641717,Cason Wallace,Cason,1610612760,OKC,Oklahoma City Thunder,0022400440,2024-12-29T00:00:00,OKC vs. MEM,W,30.91,2.3,5.8,0.4,1.2,2.3,0.5,0.0,0.0,0.0,0.0,1.2,1.2,3.5,1.2,2.3,0.0,0.0,4.7,0.0,5.8,8.2,18.3,0,0,16.3,1,1,13086,1,6956,20800,22789,14933,13566,18936,3944,13505,14344,13505,14058,21604,22992,11401,14693,4939,8263,8846,5384,17725,21506,8549,21974,2246,150,22586,1,30:55
2024-25,203500,Steven Adams,Steven,1610612745,HOU,Houston Rockets,0022400439,2024-12-29T00:00:00,HOU vs. MIA,L,12.483333333333333,5.8,8.7,0.667,0.0,0.0,0.0,0.0,0.0,0.0,14.4,11.5,26.0,8.7,0.0,0.0,0.0,0.0,2.9,0.0,11.5,-17.3,55.7,0,0,46.1,1,13222,1,13222,21003,12208,19273,3281,15070,20945,15070,13505,14344,13505,149,1606,174,2303,16469,12854,8263,8846,11249,17725,16633,20711,1866,2246,150,3769,1,12:29
2024-25,1641767,Ben Sheppard,Ben,1610612754,IND,Indiana Pacers,0022400437,2024-12-29T00:00:00,IND @ BOS,W,21.133333333333333,5.1,13.6,0.375,3.4,8.5,0.4,0.0,0.0,0.0,3.4,3.4,6.8,1.7,0.0,0.0,0.0,0.0,8.5,0.0,13.6,-6.8,24.4,0,0,25.6,1,1,13086,1,15195,14056,10779,16299,5363,5559,7874,13505,14344,13505,4527,15501,10497,17356,16469,12854,8263,8846,1130,17725,14355,16427,18704,2246,150,17245,1,21:08
2024-25,1630224,Jalen Green,Jalen,1610612745,HOU,Houston Rockets,0022400439,2024-12-29T00:00:00,HOU vs. MIA,L,34.288333333333334,6.3,21.0,0.3,1.0,8.4,0.125,6.3,7.3,0.857,2.1,1.0,3.1,2.1,1.0,0.0,0.0,0.0,2.1,3.1,19.9,-10.5,25.8,0,0,26.2,1,13222,1,13222,4020,10719,2335,19363,14257,5752,14886,2595,3052,7071,7952,21878,19372,16004,15492,12854,8263,8846,14614,8737,7962,18103,17725,2246,150,16754,1,34:17
2024-25,1641794,Dillon Jones,Dillon,1610612760,OKC,Oklahoma City Thunder,0022400440,2024-12-29T00:00:00,OKC vs. MEM,W,6.566666666666666,0.0,0.0,0.0,0.0,0.0,0.0,0.0,0.0,0.0,0.0,0.0,0.0,5.5,0.0,0.0,5.5,0.0,5.5,0.0,0.0,-11.0,24.7,0,0,16.4,1,1,13086,1,23340,22635,24836,22635,15070,20945,15070,13505,14344,13505,14058,22137,23286,6462,16469,12854,398,8846,3724,17725,23200,18302,18509,2246,150,22530,1,6:34
2024-25,201143,Al Horford,Al,1610612738,BOS,Boston Celtics,0022400437,2024-12-29T00:00:00,BOS vs. IND,L,30.65,2.3,14.1,0.167,1.2,11.7,0.1,0.0,0.0,0.0,0.0,5.9,5.9,3.5,0.0,0.0,0.0,0.0,5.9,0.0,5.9,-16.4,18.2,0,0,16.4,1,13222,1,13222,7168,20761,10016,21938,13510,1932,15047,13505,14344,13505,14058,8613,12588,11327,16469,12854,8263,8846,3114,17725,21479,20426,21999,2246,150,22531,1,30:39
2024-25,1628401,Derrick White,Derrick,1610612738,BOS,Boston Celtics,0022400437,2024-12-29T00:00:00,BOS vs. IND,L,38.81666666666667,6.5,13.9,0.467,2.8,10.2,0.273,0.0,0.0,0.0,0.9,1.9,2.8,2.8,0.9,0.0,0.9,0.0,3.7,0.0,15.8,-18.5,25.1,0,0,26.0,1,13222,1,13222,955,10209,10322,12249,7271,3273,11838,13505,14344,13505,13786,20098,20292,13643,16254,12854,7968,8846,8042,17725,12165,21083,18192,2246,150,16961,1,38:49
2024-25,1631095,Jabari Smith Jr.,Jabari,1610612745,HOU,Houston Rockets,0022400439,2024-12-29T00:00:00,HOU vs. MIA,L,26.29,2.7,11.0,0.25,2.7,6.8,0.4,1.4,1.4,1.0,1.4,2.7,4.1,0.0,2.7,0.0,0.0,0.0,2.7,1.4,9.6,-5.5,11.8,0,0,16.4,1,13222,1,13222,10913,20003,15441,20233,7424,8785,7874,12108,13634,1,10888,17585,17053,19908,7416,12854,8263,8846,11888,15582,18556,15825,24068,2246,150,22536,1,26:17
2024-25,1630549,Day'Ron Sharpe,Day'Ron,1610612751,BKN,Brooklyn Nets,0022400436,2024-12-29T00:00:00,BKN @ ORL,L,16.388333333333332,8.8,19.8,0.444,0.0,4.4,0.0,0.0,0.0,0.0,4.4,8.8,13.2,2.2,0.0,2.2,4.4,0.0,2.2,4.4,17.6,39.5,56.5,0,0,46.1,1,13222,1,13222,18663,5107,3138,13045,15070,14699,15070,13505,14344,13505,3061,3741,2683,15638,16469,5405,716,8846,14115,5368,10247,1013,1738,2246,150,3774,1,16:23
2024-25,1631105,Jalen Duren,Jalen,1610612765,DET,Detroit Pistons,0022400432,2024-12-28T00:00:00,DET @ DEN,L,19.9,9.0,14.5,0.625,0.0,0.0,0.0,3.6,7.2,0.5,5.4,7.2,12.7,3.6,1.8,0.0,0.0,0.0,7.2,3.6,21.7,-14.5,40.5,0,0,38.0,1,13222,1,13222,16094,4618,9397,4899,15070,20945,15070,6453,3142,10625,1993,5934,3026,11036,11507,12854,8263,8846,1811,7339,6461,19695,7448,2246,150,8038,1,19:54
2024-25,1626168,Trey Lyles,Trey,1610612758,SAC,Sacramento Kings,0022400435,2024-12-28T00:00:00,SAC @ LAL,L,23.43166666666667,3.1,12.3,0.25,0.0,7.7,0.0,3.1,3.1,1.0,4.6,3.1,7.7,0.0,1.5,0.0,0.0,0.0,4.6,3.1,9.2,-6.1,16.9,0,0,16.9,1,13222,1,13222,13370,19267,13097,20233,15070,7033,15070,7613,9789,1,2790,16483,8831,19908,12592,12854,8263,8846,5517,8984,18884,16130,22528,2246,150,22348,1,23:26
2024-25,1631111,Wendell Moore Jr.,Wendell,1610612765,DET,Detroit Pistons,0022400432,2024-12-28T00:00:00,DET @ DEN,L,12.0,6.0,15.0,0.4,0.0,6.0,0.0,6.0,6.0,1.0,6.0,9.0,15.0,12.0,0.0,0.0,0.0,3.0,0.0,3.0,18.0,36.0,54.0,0,0,45.0,1,13222,1,13222,21228,11500,8606,14933,15070,10684,15070,2855,4464,1,1612,3516,1766,719,16469,12854,8263,1329,20257,9236,9827,1287,2201,2246,150,4259,1,12:00
2024-25,1630598,Aaron Wiggins,Aaron,1610612760,OKC,Oklahoma City Thunder,0022400428,2024-12-28T00:00:00,OKC @ CHA,W,33.25,6.5,10.8,0.6,3.2,7.6,0.429,2.2,2.2,1.0,3.2,2.2,5.4,1.1,2.2,2.2,0.0,0.0,2.2,2.2,18.4,19.5,30.9,0,0,32.5,1,1,13086,1,4943,10197,15644,5394,5815,7213,7394,10067,12196,1,4844,19169,13773,19401,9661,5526,8263,8846,14274,12315,9412,4110,14155,2246,150,12000,1,33:15
2024-25,1626166,Cameron Payne,Cameron,1610612752,NYK,New York Knicks,0022400429,2024-12-28T00:00:00,NYK @ WAS,W,5.6,6.4,12.9,0.5,0.0,6.4,0.0,0.0,0.0,0.0,0.0,6.4,6.4,0.0,6.4,6.4,0.0,0.0,0.0,0.0,12.9,0.0,33.4,0,0,32.1,1,1,13086,1,23743,10362,12107,8526,15070,9692,15070,13505,14344,13505,14058,7444,11317,19908,1164,388,8263,8846,20257,17725,15231,12240,12237,2246,150,12268,1,5:36
2024-25,1642268,Isaiah Collier,Isaiah,1610612762,UTA,Utah Jazz,0022400433,2024-12-28T00:00:00,UTA vs. PHI,L,19.366666666666667,1.9,5.6,0.333,0.0,3.7,0.0,0.0,0.0,0.0,1.9,3.7,5.6,7.4,9.3,0.0,0.0,0.0,1.9,1.9,3.7,-22.3,12.3,0,0,16.7,1,13222,1,13222,16522,21646,23022,17395,15070,16174,15070,13505,14344,13505,8994,14576,13338,3475,391,12854,8263,8846,15895,13700,22679,22165,23951,2246,150,22417,1,19:22
2024-25,1627752,Taurean Prince,Taurean,1610612749,MIL,Milwaukee Bucks,0022400430,2024-12-28T00:00:00,MIL @ CHI,L,20.4,5.3,14.1,0.375,0.0,5.3,0.0,0.0,0.0,0.0,0.0,5.3,5.3,0.0,1.8,0.0,0.0,0.0,1.8,0.0,10.6,-1.8,15.2,0,0,15.9,1,13222,1,13222,15715,13542,9968,16299,15070,12475,15070,13505,14344,13505,14058,10038,14048,19908,11684,12854,8263,8846,16324,17725,17566,13905,23121,2246,150,22755,1,20:24
2024-25,1630198,Isaiah Joe,Isaiah,1610612760,OKC,Oklahoma City Thunder,0022400428,2024-12-28T00:00:00,OKC @ CHA,W,16.366666666666667,4.4,15.4,0.286,2.2,13.2,0.167,0.0,2.2,0.0,2.2,6.6,8.8,0.0,0.0,2.2,0.0,2.2,2.2,4.4,11.0,4.4,28.2,0,0,26.4,1,1,13086,1,18676,16060,7965,19630,9240,1207,14236,13505,12088,13505,7585,7110,7028,19908,16469,5392,8263,2642,14092,5347,17180,10429,16103,2246,150,16624,1,16:22
2024-25,1642270,Donovan Clingan,Donovan,1610612757,POR,Portland Trail Blazers,0022400434,2024-12-28T00:00:00,POR vs. DAL,W,12.306666666666667,2.9,8.8,0.333,0.0,2.9,0.0,5.9,5.9,1.0,11.7,8.8,20.5,0.0,8.8,0.0,2.9,0.0,2.9,5.9,11.7,-35.1,36.3,0,0,38.0,1,1,13086,1,21098,19589,19066,17395,15070,17809,15070,3025,4685,1,262,3751,470,19908,459,12854,1783,8846,11060,2817,16450,24419,10180,2246,150,8011,1,12:18
2024-25,1630548,Johnny Juzang,Johnny,1610612762,UTA,Utah Jazz,0022400433,2024-12-28T00:00:00,UTA vs. PHI,L,15.633333333333333,4.6,11.5,0.4,4.6,9.2,0.5,0.0,0.0,0.0,2.3,9.2,11.5,2.3,0.0,0.0,0.0,2.3,2.3,0.0,13.8,-23.0,31.1,0,0,32.2,1,13222,1,13222,19175,15477,14448,14933,2876,4507,3944,13505,14344,13505,7232,3295,3930,15219,16469,12854,8263,2423,13631,17725,14133,22341,13995,2246,150,12171,1,15:38
2024-25,1630595,Cade Cunningham,Cade,1610612765,DET,Detroit Pistons,0022400432,2024-12-28T00:00:00,DET @ DEN,L,26.583333333333332,9.5,24.4,0.389,1.4,10.8,0.125,2.7,2.7,1.0,1.4,1.4,2.7,10.8,4.1,0.0,0.0,1.4,4.1,2.7,23.0,-14.9,38.5,0,0,37.9,1,13222,1,13222,10652,3907,955,16009,12639,2639,14886,8558,10724,1,10962,21176,20433,1058,3758,12854,8263,5384,6963,10300,5464,19868,8731,2246,150,8077,1,26:35
2024-25,203114,Khris Middleton,Khris,1610612749,MIL,Milwaukee Bucks,0022400430,2024-12-28T00:00:00,MIL @ CHI,L,27.6,10.4,19.6,0.533,5.2,7.8,0.667,1.3,1.3,1.0,0.0,7.8,7.8,5.2,2.6,0.0,0.0,0.0,5.2,2.6,27.4,-5.2,42.0,0,0,45.7,1,13222,1,13222,9868,2775,3300,8140,2032,6760,1957,12288,13720,1,14058,4974,8575,6997,7841,12854,8263,8846,4162,10607,3025,15705,6614,2246,150,3956,1,27:36
2024-25,1629632,Coby White,Coby,1610612741,CHI,Chicago Bulls,0022400430,2024-12-28T00:00:00,CHI vs. MIL,W,34.18333333333333,9.5,16.9,0.563,1.1,5.3,0.2,3.2,3.2,1.0,0.0,2.1,2.1,4.2,1.1,0.0,1.1,2.1,3.2,4.2,23.2,12.6,34.1,0,0,32.6,1,1,13086,1,4106,3908,5980,7127,14230,12551,13429,7416,9592,1,14058,19344,21597,9356,15468,12854,7110,2905,10041,5810,5371,6545,11711,2246,150,11909,1,34:11
2024-25,1629013,Landry Shamet,Landry,1610612752,NYK,New York Knicks,0022400429,2024-12-28T00:00:00,NYK @ WAS,W,6.3533333333333335,0.0,5.7,0.0,0.0,5.7,0.0,0.0,0.0,0.0,0.0,0.0,0.0,5.7,0.0,5.7,0.0,0.0,0.0,0.0,0.0,0.0,25.5,0,0,17.0,1,1,13086,1,23438,22635,22929,22635,15070,11536,15070,13505,14344,13505,14058,22137,23286,6111,16469,580,8263,8846,20257,17725,23200,12240,17939,2246,150,22311,1,6:21
2024-25,1629026,Kenrich Williams,Kenrich,1610612760,OKC,Oklahoma City Thunder,0022400428,2024-12-28T00:00:00,OKC @ CHA,W,22.033333333333335,6.5,9.8,0.667,0.0,0.0,0.0,1.6,1.6,1.0,0.0,6.5,6.5,1.6,1.6,1.6,0.0,0.0,1.6,1.6,14.7,3.3,28.3,0,0,26.1,1,1,13086,1,14474,10098,17393,3281,15070,20945,15070,11534,13359,1,14058,7231,11094,17555,12199,7873,8263,8846,16767,14512,13192,10990,16026,2246,150,16842,1,22:02
2024-25,202699,Tobias Harris,Tobias,1610612765,DET,Detroit Pistons,0022400432,2024-12-28T00:00:00,DET @ DEN,L,23.5,3.1,9.2,0.333,1.5,6.1,0.25,3.1,3.1,1.0,1.5,1.5,3.1,1.5,0.0,0.0,0.0,0.0,3.1,3.1,10.7,-12.3,16.7,0,0,16.9,1,13222,1,13222,13305,19290,18419,17395,11921,10368,11902,7635,9811,1,10187,20809,19553,17865,16469,12854,8263,8846,10417,9020,17451,18841,22595,2246,150,22364,1,23:30
2024-25,1631119,Jaylin Williams,Jaylin,1610612760,OKC,Oklahoma City Thunder,0022400428,2024-12-28T00:00:00,OKC @ CHA,W,22.533333333333335,4.8,11.2,0.429,4.8,9.6,0.5,0.0,0.0,0.0,3.2,3.2,6.4,9.6,1.6,1.6,0.0,0.0,4.8,1.6,14.4,3.2,39.6,0,0,38.3,1,1,13086,1,14083,14970,15051,13735,2574,3994,3944,13505,14344,13505,4951,16103,11423,1654,12345,7992,8263,8846,5077,14643,13525,11021,8007,2246,150,7802,1,22:32
2024-25,1630811,Keaton Wallace,Keaton,1610612737,ATL,Atlanta Hawks,0022400427,2024-12-28T00:00:00,ATL vs. MIA,W,13.516666666666667,5.3,10.7,0.5,2.7,5.3,0.5,0.0,0.0,0.0,0.0,5.3,5.3,5.3,0.0,2.7,0.0,0.0,5.3,0.0,13.3,-24.0,35.7,0,0,32.0,1,1,13086,1,20480,13477,15965,8526,7640,12398,3944,13505,14344,13505,14058,9966,13983,6770,16469,3986,8263,8846,3975,17725,14728,22568,10584,2246,150,12418,1,13:31
2024-25,1631132,Christian Koloko,Christian,1610612747,LAL,Los Angeles Lakers,0022400435,2024-12-28T00:00:00,LAL vs. SAC,W,4.783333333333333,15.1,15.1,1.0,0.0,0.0,0.0,0.0,0.0,0.0,7.5,0.0,7.5,0.0,7.5,0.0,0.0,0.0,7.5,15.1,30.1,-30.1,31.6,0,0,37.6,1,1,13086,1,24099,485,8509,1,15070,20945,15070,13505,14344,13505,941,22137,9113,19908,702,12854,8263,8846,1621,101,2043,23755,13601,2246,150,8264,1,4:47
2024-25,1629130,Duncan Robinson,Duncan,1610612748,MIA,Miami Heat,0022400427,2024-12-28T00:00:00,MIA @ ATL,L,38.333333333333336,5.6,13.1,0.429,3.8,9.4,0.4,0.0,0.0,0.0,0.0,4.7,4.7,4.7,0.9,1.9,0.0,0.0,2.8,0.0,15.0,9.4,32.4,0,0,31.9,1,13222,1,13222,1200,12600,11583,13735,4557,4267,7874,13505,14344,13505,14058,11715,15577,8194,16203,6861,8263,8846,11564,17725,12877,7993,13011,2246,150,12436,1,38:20
2024-25,1629655,Daniel Gafford,Daniel,1610612742,DAL,Dallas Mavericks,0022400434,2024-12-28T00:00:00,DAL @ POR,L,28.25,7.6,10.2,0.75,0.0,0.0,0.0,3.8,5.1,0.75,5.1,6.4,11.5,0.0,3.8,1.3,6.4,0.0,5.1,2.5,19.1,-6.4,52.0,0,0,45.9,1,13222,1,13222,9340,7392,16742,2107,15070,20945,15070,6033,5761,8186,2290,7554,3986,19908,4256,9614,255,8846,4381,10806,8726,16236,2709,2246,150,3869,1,28:15
2024-25,1631323,Simone Fontecchio,Simone,1610612765,DET,Detroit Pistons,0022400432,2024-12-28T00:00:00,DET @ DEN,L,13.55,2.7,15.9,0.167,2.7,10.6,0.25,0.0,0.0,0.0,5.3,5.3,10.6,5.3,2.7,0.0,0.0,2.7,0.0,0.0,8.0,-42.5,26.0,0,0,26.6,1,13222,1,13222,20458,20175,7204,21938,7662,2853,11902,13505,14344,13505,2080,9998,4784,6791,7666,12854,8263,1800,20257,17725,19942,25020,17591,2246,150,16489,1,13:33
2024-25,1641709,Ausar Thompson,Ausar,1610612765,DET,Detroit Pistons,0022400432,2024-12-28T00:00:00,DET @ DEN,L,24.048333333333332,7.5,12.0,0.625,0.0,0.0,0.0,0.0,1.5,0.0,4.5,4.5,9.0,3.0,1.5,3.0,0.0,1.5,4.5,4.5,15.0,18.0,37.7,0,0,32.9,1,13222,1,13222,12859,7800,13634,4899,15070,20945,15070,13505,13491,13505,2931,12281,6774,12955,12757,3171,8263,4787,5799,5163,12936,4570,9207,2246,150,11704,1,24:03
2024-25,1631260,AJ Green,AJ,1610612749,MIL,Milwaukee Bucks,0022400430,2024-12-28T00:00:00,MIL @ CHI,L,24.41,2.9,5.9,0.5,1.5,4.4,0.333,0.0,0.0,0.0,0.0,2.9,2.9,1.5,1.5,0.0,1.5,0.0,1.5,0.0,7.4,-2.9,16.1,0,0,16.2,1,13222,1,13222,12561,19532,22710,8526,12142,14629,9209,13505,14344,13505,14058,16889,19853,18075,12878,12854,4946,8846,17325,17725,20428,14549,22824,2246,150,22625,1,24:25
2024-25,1628983,Shai Gilgeous-Alexander,Shai,1610612760,OKC,Oklahoma City Thunder,0022400428,2024-12-28T00:00:00,OKC @ CHA,W,32.985,8.7,16.4,0.533,1.1,6.5,0.167,5.5,6.5,0.833,1.1,3.3,4.4,6.5,6.5,2.2,1.1,0.0,4.4,4.4,24.0,13.1,42.3,0,0,42.6,1,1,13086,1,5157,5215,6585,8140,14000,9433,14236,3467,3835,7275,12546,15873,16372,4637,1106,5469,6859,8846,6113,5434,4792,6355,6456,2246,150,5369,1,32:59
2024-25,203501,Tim Hardaway Jr.,Tim,1610612765,DET,Detroit Pistons,0022400432,2024-12-28T00:00:00,DET @ DEN,L,18.05,4.0,6.0,0.667,2.0,2.0,1.0,6.0,6.0,1.0,0.0,2.0,2.0,2.0,0.0,0.0,0.0,0.0,2.0,2.0,16.0,-23.9,21.3,0,0,21.9,1,13222,1,13222,17534,17118,22624,3281,10188,19569,1,2879,4498,1,14058,19683,21811,16395,16469,12854,8263,8846,15177,13107,11962,22553,20507,2246,150,19708,1,18:03
2024-25,1641842,Ronald Holland II,Ronald,1610612765,DET,Detroit Pistons,0022400432,2024-12-28T00:00:00,DET @ DEN,L,19.781666666666666,9.1,16.4,0.556,1.8,1.8,1.0,1.8,3.6,0.5,0.0,3.6,3.6,0.0,0.0,0.0,0.0,3.6,3.6,1.8,21.8,0.0,26.2,0,0,27.3,1,13222,1,13222,16203,4529,6569,7248,10995,19885,1,11195,8603,10625,14058,14819,18225,19908,16469,12854,8263,826,8292,13848,6337,12240,17476,2246,150,15949,1,19:47
2024-25,1629234,Drew Eubanks,Drew,1610612762,UTA,Utah Jazz,0022400433,2024-12-28T00:00:00,UTA vs. PHI,L,9.206666666666667,11.7,11.7,1.0,0.0,0.0,0.0,0.0,0.0,0.0,0.0,7.8,7.8,3.9,3.9,0.0,0.0,0.0,11.7,3.9,23.5,15.6,34.8,0,0,35.2,1,13222,1,13222,22384,1706,14059,1,15070,20945,15070,13505,14344,13505,14058,4978,8581,10199,4067,12854,8263,8846,444,6536,5161,5371,11201,2246,150,9958,1,9:12
2024-25,203939,Dwight Powell,Dwight,1610612742,DAL,Dallas Mavericks,0022400434,2024-12-28T00:00:00,DAL @ POR,L,7.916666666666667,4.5,9.1,0.5,0.0,0.0,0.0,0.0,0.0,0.0,0.0,0.0,0.0,9.1,4.5,0.0,4.5,4.5,4.5,0.0,9.1,-31.8,31.8,0,0,27.3,1,13222,1,13222,22835,15628,18571,8526,15070,20945,15070,13505,14344,13505,14058,22137,23286,1942,2926,12854,671,474,5669,17725,18985,24012,13453,2246,150,15964,1,7:55
2024-25,203991,Clint Capela,Clint,1610612737,ATL,Atlanta Hawks,0022400427,2024-12-28T00:00:00,ATL vs. MIA,W,21.366666666666667,5.1,5.1,1.0,0.0,0.0,0.0,0.0,1.7,0.0,0.0,11.8,11.8,1.7,1.7,1.7,0.0,0.0,1.7,3.4,10.1,-5.1,30.2,0,0,27.0,1,1,13086,1,15018,14220,23426,1,15070,20945,15070,13505,13310,13505,14058,1479,3677,17412,11981,7667,8263,8846,16582,8045,18037,15623,14691,2246,150,16181,1,21:22
2024-25,203110,Draymond Green,Draymond,1610612744,GSW,Golden State Warriors,0022400431,2024-12-28T00:00:00,GSW vs. PHX,W,34.81666666666667,6.2,9.3,0.667,3.1,5.2,0.6,1.0,1.0,1.0,1.0,7.2,8.3,7.2,1.0,2.1,1.0,0.0,1.0,1.0,16.5,18.6,45.6,0,0,41.4,1,1,13086,1,3597,10967,18267,3281,6211,12772,2992,13132,14166,1,12991,5931,7816,3706,15608,5921,7242,8846,19505,17254,11343,4380,4897,2246,150,5996,1,34:49
2024-25,1642259,Alex Sarr,Alex,1610612764,WAS,Washington Wizards,0022400429,2024-12-28T00:00:00,WAS vs. NYK,L,31.8,3.4,11.3,0.3,2.3,4.5,0.5,4.5,4.5,1.0,2.3,4.5,6.8,5.7,2.3,0.0,1.1,0.0,4.5,2.3,13.6,2.3,31.4,0,0,30.6,1,13222,1,13222,6154,18546,14793,19363,8991,14359,3944,4783,6779,1,7366,12179,10541,6127,9241,12854,6591,8846,5710,11880,14391,11481,13781,2246,150,13499,1,31:48
2024-25,1628470,Torrey Craig,Torrey,1610612741,CHI,Chicago Bulls,0022400430,2024-12-28T00:00:00,CHI vs. MIL,W,11.216666666666667,6.4,25.7,0.25,6.4,22.5,0.286,0.0,0.0,0.0,3.2,6.4,9.6,0.0,0.0,0.0,0.0,3.2,3.2,0.0,19.3,-3.2,30.8,0,0,35.3,1,1,13086,1,21618,10389,699,20233,1044,159,11433,13505,14344,13505,4920,7463,5891,19908,16469,12854,8263,1147,9818,17725,8587,14679,14194,2246,150,9876,1,11:13
2024-25,1631204,Marcus Sasser,Marcus,1610612765,DET,Detroit Pistons,0022400432,2024-12-28T00:00:00,DET @ DEN,L,15.166666666666666,4.7,9.5,0.5,2.4,7.1,0.333,0.0,0.0,0.0,2.4,0.0,2.4,4.7,7.1,4.7,0.0,0.0,4.7,0.0,11.9,0.0,29.0,0,0,30.9,1,13222,1,13222,19456,15116,17958,8526,8577,8213,9209,13505,14344,13505,7009,22137,21060,8057,844,1050,8263,8846,5183,17725,16266,12240,15517,2246,150,13283,1,15:10
2024-25,1628404,Josh Hart,Josh,1610612752,NYK,New York Knicks,0022400429,2024-12-28T00:00:00,NYK @ WAS,W,38.6,4.7,9.3,0.5,0.0,2.8,0.0,2.8,2.8,1.0,2.8,7.5,10.3,6.5,1.9,0.9,0.0,1.9,0.9,2.8,12.1,5.6,35.2,1,0,30.8,1,1,13086,1,1058,15332,18236,8526,15070,18061,15070,8355,10493,1,5865,5565,5167,4665,11245,12491,8263,3690,20059,9967,16008,9794,10962,1,150,13339,1,38:36
2024-25,1642271,Kyle Filipowski,Kyle,1610612762,UTA,Utah Jazz,0022400433,2024-12-28T00:00:00,UTA vs. PHI,L,9.183333333333334,0.0,7.8,0.0,0.0,0.0,0.0,0.0,0.0,0.0,3.9,11.8,15.7,3.9,3.9,3.9,0.0,3.9,7.8,0.0,0.0,-19.6,32.5,0,0,27.4,1,13222,1,13222,22392,22635,20488,22635,15070,20945,15070,13505,14344,13505,3695,1491,1527,10165,4035,1716,8263,677,1435,17725,23200,21433,12923,2246,150,15835,1,9:11
2024-25,1631217,Moussa Diabaté,Moussa,1610612766,CHA,Charlotte Hornets,0022400428,2024-12-28T00:00:00,CHA vs. OKC,L,13.833333333333334,0.0,2.6,0.0,0.0,0.0,0.0,0.0,0.0,0.0,0.0,7.8,7.8,2.6,2.6,5.2,0.0,0.0,0.0,0.0,0.0,7.8,26.3,0,0,20.8,1,13222,1,13222,20282,22635,24617,22635,15070,20945,15070,13505,14344,13505,14058,4999,8603,14208,7871,782,8263,8846,20257,17725,23200,8727,17422,2246,150,20391,1,13:50
2024-25,203897,Zach LaVine,Zach,1610612741,CHI,Chicago Bulls,0022400430,2024-12-28T00:00:00,CHI vs. MIL,W,34.583333333333336,5.2,12.5,0.417,1.0,4.2,0.25,4.2,6.2,0.667,0.0,6.2,6.2,7.3,3.1,0.0,0.0,0.0,0.0,6.2,15.6,7.3,30.9,0,0,30.2,1,1,13086,1,3799,13803,12742,14532,14299,15203,11902,5406,4178,9425,14058,7797,11718,3629,6056,12854,8263,8846,20257,2338,12305,8994,14113,2246,150,13810,1,34:35
2024-25,1631128,Christian Braun,Christian,1610612743,DEN,Denver Nuggets,0022400432,2024-12-28T00:00:00,DEN vs. DET,W,29.616666666666667,2.4,4.9,0.5,0.0,1.2,0.0,7.3,7.3,1.0,2.4,2.4,4.9,3.6,0.0,3.6,1.2,0.0,3.6,3.6,12.2,15.8,38.0,0,0,30.4,1,1,13086,1,8126,20590,23563,8526,15070,20604,15070,1804,3096,1,6835,18389,15151,10946,16469,2035,6080,8846,8272,7267,15975,5326,8999,2246,150,13644,1,29:37
2024-25,203924,Jerami Grant,Jerami,1610612757,POR,Portland Trail Blazers,0022400434,2024-12-28T00:00:00,POR vs. DAL,W,41.71666666666667,3.5,7.8,0.444,2.6,3.5,0.75,2.6,3.5,0.75,1.7,5.2,6.9,2.6,0.0,0.0,1.7,0.0,2.6,2.6,12.1,9.5,29.4,0,0,27.6,1,1,13086,1,281,18422,20570,13045,7862,16756,1542,8828,8981,8186,9485,10338,10320,14250,16469,12854,4234,8846,12461,10676,16062,7947,15194,2246,150,15709,1,41:43
2024-25,1630557,Corey Kispert,Corey,1610612764,WAS,Washington Wizards,0022400429,2024-12-28T00:00:00,WAS vs. NYK,L,22.836666666666666,6.3,14.2,0.444,1.6,9.5,0.167,3.2,3.2,1.0,1.6,3.2,4.7,3.2,1.6,1.6,0.0,0.0,0.0,3.2,17.3,-11.0,30.9,0,0,30.0,1,13222,1,13222,13848,10693,9857,13045,11769,4166,14236,7432,9609,1,10019,16251,15484,12470,12437,8081,8263,8846,20257,8723,10480,18336,14129,2246,150,13976,1,22:50
2024-25,1631109,Mark Williams,Mark,1610612766,CHA,Charlotte Hornets,0022400428,2024-12-28T00:00:00,CHA vs. OKC,L,22.25,6.5,14.6,0.444,0.0,0.0,0.0,6.5,8.1,0.8,3.2,12.9,16.2,3.2,1.6,0.0,1.6,0.0,4.9,4.9,19.4,-24.3,46.9,1,0,42.1,1,13222,1,13222,14313,10261,9263,13045,15070,20945,15070,2424,2453,7681,4872,1031,1365,12181,12262,12854,4506,8846,4937,4382,8452,22635,4343,1,150,5608,1,22:15
2024-25,1629027,Trae Young,Trae,1610612737,ATL,Atlanta Hawks,0022400427,2024-12-28T00:00:00,ATL vs. MIA,W,36.85,2.9,12.7,0.231,2.0,8.8,0.222,2.9,3.9,0.75,0.0,1.0,1.0,14.7,2.9,1.0,0.0,1.0,0.0,2.9,10.7,16.6,33.9,1,0,30.3,1,1,13086,1,2096,19574,12384,21157,10372,5124,13288,8008,8027,8186,14058,22002,23226,323,6714,12151,8263,8124,20257,9488,17425,5038,11892,1,150,13730,1,36:51
2024-25,202692,Alec Burks,Alec,1610612748,MIA,Miami Heat,0022400427,2024-12-28T00:00:00,MIA @ ATL,L,19.283333333333335,5.6,16.8,0.333,3.7,11.2,0.333,3.7,3.7,1.0,0.0,1.9,1.9,1.9,0.0,1.9,0.0,0.0,1.9,3.7,18.7,-29.9,29.3,0,0,29.9,1,13222,1,13222,16596,12700,6040,17395,4614,2325,9209,6215,8403,1,14058,20054,22054,16868,16469,6935,8263,8846,15849,7036,9152,23712,15273,2246,150,14054,1,19:17
2024-25,1630166,Deni Avdija,Deni,1610612757,POR,Portland Trail Blazers,0022400434,2024-12-28T00:00:00,POR vs. DAL,W,31.433333333333334,6.9,14.9,0.462,0.0,2.3,0.0,10.3,12.6,0.818,2.3,3.4,5.7,5.7,2.3,0.0,0.0,3.4,3.4,8.0,24.1,-9.2,37.2,0,0,35.5,1,1,13086,1,6467,9243,8770,12428,15070,19006,15070,616,654,7652,7273,15418,12945,5996,9118,12854,8263,969,8951,1010,4770,17510,9518,2246,150,9725,1,31:26
2024-25,1630702,Jaden Hardy,Jaden,1610612742,DAL,Dallas Mavericks,0022400434,2024-12-28T00:00:00,DAL @ POR,L,16.85,8.5,15.0,0.571,6.4,12.8,0.5,0.0,0.0,0.0,0.0,8.5,8.5,2.1,2.1,0.0,0.0,0.0,4.3,0.0,23.5,-23.5,34.8,0,0,40.6,1,13222,1,13222,18354,5532,8672,6538,1053,1383,3944,13505,14344,13505,14058,3997,7404,15864,9797,12854,8263,8846,6364,17725,5126,22462,11179,2246,150,6446,1,16:51
2024-25,1641796,Pelle Larsson,Pelle,1610612748,MIA,Miami Heat,0022400427,2024-12-28T00:00:00,MIA @ ATL,L,4.25,0.0,8.5,0.0,0.0,0.0,0.0,0.0,0.0,0.0,0.0,0.0,0.0,0.0,0.0,0.0,0.0,0.0,16.9,0.0,0.0,33.9,0.0,0,0,0.0,1,13222,1,13222,24355,22635,19529,22635,15070,20945,15070,13505,14344,13505,14058,22137,23286,19908,16469,12854,8263,8846,177,17725,23200,1519,25228,2246,150,25259,1,4:15
2024-25,1630182,Josh Green,Josh,1610612766,CHA,Charlotte Hornets,0022400428,2024-12-28T00:00:00,CHA vs. OKC,L,39.25,2.8,8.3,0.333,2.8,5.5,0.5,0.9,1.8,0.5,0.0,1.8,1.8,0.9,1.8,2.8,0.0,0.0,2.8,0.9,9.2,-11.0,19.2,0,0,20.2,1,13222,1,13222,795,19971,19861,17395,7375,11936,3944,13433,13142,10625,14058,20153,22107,19848,11392,3801,8263,8846,11832,17630,18916,18323,21567,2246,150,20763,1,39:15
2024-25,1629656,Quentin Grimes,Quentin,1610612742,DAL,Dallas Mavericks,0022400434,2024-12-28T00:00:00,DAL @ POR,L,27.716666666666665,6.5,13.0,0.5,3.9,6.5,0.6,2.6,2.6,1.0,2.6,5.2,7.8,3.9,0.0,1.3,1.3,2.6,3.9,2.6,19.5,1.3,42.5,0,0,40.3,1,13222,1,13222,9778,10204,11873,8526,4202,9559,2992,8808,10978,1,6353,10289,8627,10241,16469,9457,5653,1881,7457,10653,8393,11955,6385,2246,150,6638,1,27:43
2024-25,1631114,Jalen Williams,Jalen,1610612760,OKC,Oklahoma City Thunder,0022400428,2024-12-28T00:00:00,OKC @ CHA,W,33.63333333333333,8.6,22.5,0.381,1.1,7.5,0.143,3.2,3.2,1.0,0.0,3.2,3.2,6.4,1.1,1.1,0.0,2.1,0.0,4.3,21.4,18.2,37.0,0,0,34.3,1,1,13086,1,4603,5500,1596,16250,14124,7425,14649,7303,9499,1,14058,16048,19201,4826,15331,11277,8263,2799,20257,5641,6725,4493,9673,2246,150,10651,1,33:38
2024-25,1628389,Bam Adebayo,Bam,1610612748,MIA,Miami Heat,0022400427,2024-12-28T00:00:00,MIA @ ATL,L,36.53333333333333,7.9,16.8,0.471,0.0,2.0,0.0,1.0,1.0,1.0,3.0,6.9,9.9,2.0,2.0,1.0,2.0,0.0,3.0,3.0,16.8,-1.0,38.4,1,0,34.5,1,13222,1,13222,2317,6873,6111,12143,15070,19605,15070,13276,14237,1,5441,6536,5597,16473,10657,12080,3561,8846,10915,9401,11122,13525,8755,1,150,10463,1,36:32
2024-25,201566,Russell Westbrook,Russell,1610612743,DEN,Denver Nuggets,0022400432,2024-12-28T00:00:00,DEN vs. DET,W,30.533333333333335,4.7,7.1,0.667,0.0,1.2,0.0,0.0,0.0,0.0,2.4,8.3,10.6,9.4,7.1,2.4,0.0,0.0,4.7,1.2,9.4,15.3,36.3,0,0,34.2,1,1,13086,1,7291,15203,21470,3281,15070,20652,15070,13505,14344,13505,7060,4349,4801,1738,858,4839,8263,8846,5245,16512,18706,5491,10146,2246,150,10705,1,30:32
2024-25,203995,Vasilije Micić,Vasilije,1610612766,CHA,Charlotte Hornets,0022400428,2024-12-28T00:00:00,CHA vs. OKC,L,29.248333333333335,7.4,16.0,0.462,4.9,8.6,0.571,0.0,0.0,0.0,0.0,2.5,2.5,4.9,6.2,1.2,0.0,0.0,1.2,1.2,19.7,-16.0,27.6,0,0,34.5,1,13222,1,13222,8460,8042,7105,12428,2370,5394,3506,13505,14344,13505,14058,18295,20876,7637,1293,9936,8263,8846,18372,16237,8168,20256,16526,2246,150,10478,1,29:15
2024-25,1631093,Jaden Ivey,Jaden,1610612765,DET,Detroit Pistons,0022400432,2024-12-28T00:00:00,DET @ DEN,L,20.803333333333335,12.1,15.6,0.778,3.5,5.2,0.667,1.7,1.7,1.0,1.7,3.5,5.2,1.7,5.2,0.0,0.0,0.0,0.0,1.7,29.4,-29.4,33.1,0,0,39.8,1,13222,1,13222,15425,1453,7729,1994,5241,12727,1957,11362,13270,1,9474,15350,14300,17281,2126,12854,8263,8846,20257,14178,2292,23647,12550,2246,150,6892,1,20:48
2024-25,203458,Alex Len,Alex,1610612758,SAC,Sacramento Kings,0022400435,2024-12-28T00:00:00,SAC @ LAL,L,11.051666666666666,3.3,3.3,1.0,0.0,0.0,0.0,3.3,6.5,0.5,0.0,0.0,0.0,3.3,0.0,0.0,0.0,0.0,6.5,3.3,9.8,-26.1,14.7,0,0,13.0,1,13222,1,13222,21685,18869,24406,1,15070,20945,15070,7195,3866,10625,14058,22137,23286,12132,16469,12854,8263,8846,2393,8388,18376,23043,23293,2246,150,23703,1,11:03
2024-25,1629659,Talen Horton-Tucker,Talen,1610612741,CHI,Chicago Bulls,0022400430,2024-12-28T00:00:00,CHI vs. MIL,W,3.25,0.0,0.0,0.0,0.0,0.0,0.0,0.0,0.0,0.0,0.0,0.0,0.0,0.0,0.0,0.0,0.0,0.0,11.1,0.0,0.0,55.4,0.0,0,0,0.0,1,1,13086,1,24867,22635,24836,22635,15070,20945,15070,13505,14344,13505,14058,22137,23286,19908,16469,12854,8263,8846,528,17725,23200,433,25228,2246,150,25259,1,3:15
2024-25,1631172,Ousmane Dieng,Ousmane,1610612760,OKC,Oklahoma City Thunder,0022400428,2024-12-28T00:00:00,OKC @ CHA,W,7.398333333333333,0.0,9.7,0.0,0.0,4.9,0.0,0.0,0.0,0.0,0.0,9.7,9.7,0.0,0.0,0.0,0.0,4.9,4.9,0.0,0.0,4.9,11.7,0,0,9.7,1,1,13086,1,23033,22635,17508,22635,15070,13514,15070,13505,14344,13505,14058,2790,5755,19908,16469,12854,8263,393,4909,17725,23200,10178,24093,2246,150,24480,1,7:24
2024-25,203471,Dennis Schröder,Dennis,1610612744,GSW,Golden State Warriors,0022400431,2024-12-28T00:00:00,GSW vs. PHX,W,33.63333333333333,4.3,13.9,0.308,1.1,7.5,0.143,2.1,2.1,1.0,1.1,2.1,3.2,3.2,2.1,0.0,0.0,3.2,1.1,1.1,11.8,-1.1,18.3,0,0,19.3,1,1,13086,1,4603,16367,10313,19226,14124,7425,14649,10163,12286,1,12713,19236,19201,12261,9779,12854,8263,1146,19272,17059,16370,13587,21966,2246,150,21263,1,33:38
2024-25,1626156,D'Angelo Russell,D'Angelo,1610612747,LAL,Los Angeles Lakers,0022400435,2024-12-28T00:00:00,LAL vs. SAC,W,28.241666666666667,5.1,12.7,0.4,1.3,5.1,0.25,0.0,0.0,0.0,0.0,2.5,2.5,5.1,1.3,0.0,0.0,0.0,1.3,1.3,11.5,5.1,20.9,0,0,20.4,1,1,13086,1,9354,14098,12300,14933,12965,12959,11902,13505,14344,13505,14058,18058,20707,7252,13938,12854,8263,8846,18146,16010,16710,10056,20736,2246,150,20634,1,28:15
2024-25,1629014,Anfernee Simons,Anfernee,1610612757,POR,Portland Trail Blazers,0022400434,2024-12-28T00:00:00,POR vs. DAL,W,39.63333333333333,7.3,16.3,0.444,3.6,7.3,0.5,1.8,1.8,1.0,0.0,3.6,3.6,7.3,1.8,0.0,0.0,3.6,0.9,0.9,20.0,6.4,33.4,0,0,34.5,1,1,13086,1,674,8300,6614,13045,4841,7905,3944,11205,13171,1,14058,14839,18246,3668,11469,12854,8263,827,20126,17645,7935,9445,12242,2246,150,10431,1,39:38
2024-25,1631099,Keegan Murray,Keegan,1610612758,SAC,Sacramento Kings,0022400435,2024-12-28T00:00:00,SAC @ LAL,L,28.565,2.5,8.8,0.286,1.3,7.6,0.167,0.0,0.0,0.0,2.5,1.3,3.8,0.0,1.3,0.0,0.0,0.0,3.8,0.0,6.3,-18.9,9.6,0,0,11.3,1,13222,1,13222,9068,20424,18984,19630,13034,7249,14236,13505,14344,13505,6548,21363,17873,19908,14036,12854,8263,8846,7804,17725,21185,21214,24487,2246,150,24146,1,28:34
2024-25,202331,Paul George,Paul,1610612755,PHI,Philadelphia 76ers,0022400433,2024-12-28T00:00:00,PHI @ UTA,W,31.641666666666666,4.6,12.5,0.364,2.3,5.7,0.4,3.4,5.7,0.6,0.0,3.4,3.4,2.3,1.1,5.7,0.0,1.1,5.7,3.4,14.8,6.8,38.2,0,0,34.1,1,1,13086,1,6296,15624,12701,16861,8947,11481,7874,6871,4904,10343,14058,15485,18755,15320,14886,573,8263,6732,3406,7911,13129,9219,8875,2246,150,10748,1,31:39
2024-25,1630556,Kessler Edwards,Kessler,1610612742,DAL,Dallas Mavericks,0022400434,2024-12-28T00:00:00,DAL @ POR,L,0.26666666666666666,0.0,0.0,0.0,0.0,0.0,0.0,0.0,0.0,0.0,0.0,0.0,0.0,0.0,0.0,0.0,0.0,0.0,0.0,0.0,0.0,405.0,0.0,0,0,0.0,1,13222,1,13222,26257,22635,24836,22635,15070,20945,15070,13505,14344,13505,14058,22137,23286,19908,16469,12854,8263,8846,20257,17725,23200,7,25228,2246,150,25259,1,0:16
2024-25,1641712,Rayan Rupert,Rayan,1610612757,POR,Portland Trail Blazers,0022400434,2024-12-28T00:00:00,POR vs. DAL,W,4.35,0.0,0.0,0.0,0.0,0.0,0.0,0.0,0.0,0.0,0.0,0.0,0.0,0.0,0.0,0.0,0.0,0.0,16.6,0.0,0.0,-66.2,0.0,0,0,0.0,1,1,13086,1,24306,22635,24836,22635,15070,20945,15070,13505,14344,13505,14058,22137,23286,19908,16469,12854,8263,8846,190,17725,23200,25815,25228,2246,150,25259,1,4:21
2024-25,1642258,Zaccharie Risacher,Zaccharie,1610612737,ATL,Atlanta Hawks,0022400427,2024-12-28T00:00:00,ATL vs. MIA,W,27.283333333333335,5.3,15.8,0.333,1.3,5.3,0.25,0.0,0.0,0.0,2.6,2.6,5.3,1.3,1.3,0.0,0.0,1.3,1.3,1.3,11.9,-15.8,18.9,0,0,19.8,1,1,13086,1,10113,13602,7370,17395,12786,12526,11902,13505,14344,13505,6253,17855,14098,18599,13715,12854,8263,5553,17956,15811,16262,20208,21717,2246,150,20988,1,27:17
2024-25,1631170,Jaime Jaquez Jr.,Jaime,1610612748,MIA,Miami Heat,0022400427,2024-12-28T00:00:00,MIA @ ATL,L,21.066666666666666,6.8,20.5,0.333,0.0,8.5,0.0,0.0,0.0,0.0,1.7,6.8,8.5,1.7,0.0,5.1,0.0,1.7,1.7,3.4,13.7,-8.5,41.9,0,0,34.2,1,13222,1,13222,15243,9329,2630,17395,15070,5505,15070,13505,14344,13505,9550,6642,7408,17341,16469,823,8263,4123,16505,7900,14306,17204,6696,2246,150,10715,1,21:04
2024-25,201942,DeMar DeRozan,DeMar,1610612758,SAC,Sacramento Kings,0022400435,2024-12-28T00:00:00,SAC @ LAL,L,41.215,10.5,14.8,0.706,0.0,1.7,0.0,0.9,0.9,1.0,1.7,3.5,5.2,6.1,0.9,0.9,0.0,0.0,3.5,0.9,21.8,-7.9,39.0,0,0,34.9,1,13222,1,13222,339,2737,8827,3027,15070,19992,15070,13472,14333,1,9424,15253,14190,5308,16391,12749,8263,8846,8767,17693,6341,16909,8372,2246,150,10140,1,41:13
2024-25,1631101,Shaedon Sharpe,Shaedon,1610612757,POR,Portland Trail Blazers,0022400434,2024-12-28T00:00:00,POR vs. DAL,W,38.05,8.5,17.0,0.5,1.9,3.8,0.5,2.8,2.8,1.0,0.9,3.8,4.7,3.8,0.0,0.9,0.0,1.9,2.8,2.8,21.8,16.1,36.0,0,0,34.1,1,1,13086,1,1355,5584,5767,8526,10667,16032,3944,8242,10395,1,13677,14376,15483,10549,16469,12387,8263,3583,11464,9825,6415,5222,10397,2246,150,10801,1,38:03
2024-25,1630703,Scoot Henderson,Scoot,1610612757,POR,Portland Trail Blazers,0022400434,2024-12-28T00:00:00,POR vs. DAL,W,28.626666666666665,10.1,18.9,0.533,2.5,7.5,0.333,1.3,3.8,0.333,0.0,5.0,5.0,7.5,1.3,6.3,1.3,0.0,2.5,2.5,23.9,3.8,62.6,0,0,54.1,1,1,13086,1,9016,3154,3875,8140,8093,7288,9209,12428,8313,13132,14058,10790,14722,3340,14049,415,5865,8846,12732,10930,4881,10766,905,2246,150,1607,1,28:38
2024-25,1630581,Josh Giddey,Josh,1610612741,CHI,Chicago Bulls,0022400430,2024-12-28T00:00:00,CHI vs. MIL,W,29.483333333333334,11.0,18.3,0.6,2.4,7.3,0.333,3.7,4.9,0.75,2.4,15.9,18.3,12.2,2.4,1.2,1.2,0.0,1.2,2.4,28.1,22.0,73.3,1,1,65.9,1,1,13086,1,8238,2261,4359,5394,8340,7771,9209,6361,6147,8186,6800,445,828,675,8483,10010,6047,8846,18419,11195,2753,3460,333,1,1,445,1,29:29
2024-25,1628973,Jalen Brunson,Jalen,1610612752,NYK,New York Knicks,0022400429,2024-12-28T00:00:00,NYK @ WAS,W,43.985,14.7,25.4,0.581,2.5,9.0,0.273,13.1,13.9,0.941,0.0,2.5,2.5,7.4,2.5,0.0,0.0,0.8,0.8,10.6,45.0,0.8,56.6,0,0,57.3,1,1,13086,1,90,546,755,6484,8301,4824,11838,258,457,6708,14058,18314,20889,3551,8431,12854,8263,8815,20239,316,253,12235,1716,2246,150,1132,1,43:59
2024-25,203076,Anthony Davis,Anthony,1610612747,LAL,Los Angeles Lakers,0022400435,2024-12-28T00:00:00,LAL vs. SAC,W,38.916666666666664,11.1,14.8,0.75,0.9,0.9,1.0,10.2,12.0,0.846,1.9,12.0,13.9,7.4,1.9,0.0,0.0,0.0,1.9,7.4,33.3,19.4,59.2,1,0,55.5,1,1,13086,1,910,2188,8904,2107,14887,20920,1,654,759,7255,9042,1340,2293,3511,11319,12854,8263,8846,15944,1388,1267,4133,1301,1,150,1389,1,38:55
2024-25,1630178,Tyrese Maxey,Tyrese,1610612755,PHI,Philadelphia 76ers,0022400433,2024-12-28T00:00:00,PHI @ UTA,W,40.65,8.0,20.4,0.391,4.4,11.5,0.385,8.0,8.9,0.9,0.0,0.0,0.0,5.3,1.8,1.8,0.9,1.8,2.7,4.4,28.3,-1.8,42.5,0,0,43.4,1,1,13086,1,424,6686,2712,15984,3192,2090,8766,1425,1947,6805,14058,22137,23286,6791,11667,7370,8127,3977,12214,5287,2659,13907,6361,2246,150,4968,1,40:39
2024-25,202681,Kyrie Irving,Kyrie,1610612742,DAL,Dallas Mavericks,0022400434,2024-12-28T00:00:00,DAL @ POR,L,38.63333333333333,14.9,24.2,0.615,4.7,11.2,0.417,8.4,8.4,1.0,0.9,0.9,1.9,1.9,3.7,1.9,0.9,2.8,0.9,5.6,42.9,-15.8,52.6,0,0,56.8,1,13222,1,13222,1042,506,1007,5246,2796,2354,7826,1235,2266,1,13762,22077,22061,16882,4492,6957,7943,1604,20064,3206,320,20211,2577,2246,150,1178,1,38:38
2024-25,1629012,Collin Sexton,Collin,1610612762,UTA,Utah Jazz,0022400433,2024-12-28T00:00:00,UTA vs. PHI,L,31.116666666666667,10.4,18.5,0.563,2.3,4.6,0.5,0.0,0.0,0.0,3.5,3.5,6.9,9.3,2.3,1.2,0.0,1.2,2.3,3.5,23.1,11.6,46.5,0,0,44.0,1,13222,1,13222,6775,2809,4206,7127,8800,14142,3944,13505,14344,13505,4418,15321,10257,1836,9014,10524,8263,6576,13591,7736,5388,6983,4530,2246,150,4709,1,31:07
2024-25,203954,Joel Embiid,Joel,1610612755,PHI,Philadelphia 76ers,0022400433,2024-12-28T00:00:00,PHI @ UTA,W,34.65,10.4,21.8,0.476,1.0,4.2,0.25,11.4,13.5,0.846,2.1,3.1,5.2,4.2,4.2,4.2,3.1,0.0,1.0,8.3,33.2,8.3,63.4,0,0,58.2,1,1,13086,1,3736,2833,1894,12010,14313,15215,11902,416,530,7255,8044,16368,14288,9508,3572,1491,1556,8846,19477,890,1275,8485,850,2246,150,1004,1,34:39
2024-25,203078,Bradley Beal,Bradley,1610612756,PHX,Phoenix Suns,0022400431,2024-12-28T00:00:00,PHX @ GSW,L,39.72833333333333,10.9,21.7,0.5,3.6,10.0,0.364,0.0,0.0,0.0,0.9,3.6,4.5,1.8,0.0,0.9,1.8,0.9,2.7,0.9,25.4,-9.1,41.7,0,0,40.8,1,13222,1,13222,644,2364,1926,8526,4857,3525,9100,13505,14344,13505,13883,14860,15972,17048,16469,12643,4031,8629,11958,17652,4013,17459,6779,2246,150,6343,1,39:44
2024-25,1631165,Keon Ellis,Keon,1610612758,SAC,Sacramento Kings,0022400435,2024-12-28T00:00:00,SAC @ LAL,L,13.401666666666667,10.7,10.7,1.0,8.1,8.1,1.0,0.0,0.0,0.0,0.0,2.7,2.7,2.7,0.0,2.7,2.7,0.0,2.7,0.0,29.5,18.8,52.9,0,0,53.7,1,13222,1,13222,20537,2468,15810,1,448,6355,1,13505,14344,13505,14058,17741,20487,13948,16469,3941,2100,8846,12097,17725,2259,4315,2474,2246,150,1668,1,13:24
2024-25,1629639,Tyler Herro,Tyler,1610612748,MIA,Miami Heat,0022400427,2024-12-28T00:00:00,MIA @ ATL,L,35.916666666666664,8.0,15.0,0.533,4.0,7.0,0.571,8.0,8.0,1.0,0.0,7.0,7.0,10.0,2.0,0.0,0.0,0.0,3.0,6.0,28.1,-3.0,49.5,1,0,49.1,1,13222,1,13222,2742,6598,8552,8140,3978,8430,3506,1408,2506,1,14058,6332,10121,1421,10501,12854,8263,8846,10680,2606,2758,14572,3412,1,150,2797,1,35:55
2024-25,1626157,Karl-Anthony Towns,Karl-Anthony,1610612752,NYK,New York Knicks,0022400429,2024-12-28T00:00:00,NYK @ WAS,W,43.62,10.7,15.7,0.684,1.7,4.1,0.4,1.7,2.5,0.667,2.5,9.1,11.6,2.5,2.5,0.0,1.7,0.0,2.5,3.3,24.8,6.6,44.8,1,0,43.7,1,1,13086,1,109,2479,7572,3255,11534,15282,7874,11503,11266,9425,6685,3428,3891,14633,8343,12854,4416,8846,12890,8248,4331,9334,5265,1,150,4810,1,43:37
2024-25,1627750,Jamal Murray,Jamal,1610612743,DEN,Denver Nuggets,0022400432,2024-12-28T00:00:00,DEN vs. DET,W,39.56666666666667,10.9,19.1,0.571,3.6,6.4,0.571,5.5,6.4,0.857,0.9,3.6,4.5,3.6,0.9,0.9,2.7,0.0,0.9,3.6,30.9,21.8,51.9,0,0,50.0,1,1,13086,1,699,2334,3670,6538,4825,9824,3506,3460,4039,7071,13863,14820,15924,10963,16322,12615,2037,8846,20118,7283,1791,3494,2742,2246,150,2522,1,39:34
2024-25,1629631,De'Andre Hunter,De'Andre,1610612737,ATL,Atlanta Hawks,0022400427,2024-12-28T00:00:00,ATL vs. MIA,W,28.65,10.1,17.6,0.571,5.0,8.8,0.571,7.5,8.8,0.857,0.0,6.3,6.3,2.5,0.0,1.3,0.0,1.3,2.5,6.3,32.7,18.8,47.7,0,0,49.0,1,1,13086,1,8973,3160,5143,6538,2239,5116,3506,1642,1991,7071,14058,7724,11651,14495,16469,9747,8263,5896,12741,2302,1389,4297,4062,2246,150,2831,1,28:39
2024-25,202696,Nikola Vučević,Nikola,1610612741,CHI,Chicago Bulls,0022400430,2024-12-28T00:00:00,CHI vs. MIL,W,38.416666666666664,9.4,22.5,0.417,2.8,6.6,0.429,0.0,0.0,0.0,4.7,7.5,12.2,4.7,0.9,0.9,0.0,1.9,1.9,0.9,21.6,2.8,45.1,1,0,43.1,1,1,13086,1,1155,4079,1590,14532,7179,9411,7394,13505,14344,13505,2686,5501,3360,8214,16216,12458,8263,3649,15816,17588,6593,11217,5143,1,150,5084,1,38:25
2024-25,1630559,Austin Reaves,Austin,1610612747,LAL,Los Angeles Lakers,0022400435,2024-12-28T00:00:00,LAL vs. SAC,W,42.6,7.6,13.5,0.563,2.5,3.4,0.75,4.2,6.8,0.625,0.8,4.2,5.1,13.5,4.2,0.0,0.0,0.8,2.5,5.1,22.0,12.7,44.1,1,0,43.1,1,1,13086,1,190,7499,10969,7127,8037,16906,1542,5301,3598,10271,14007,13045,14609,446,3458,12854,8263,8779,12656,3972,6244,6529,5613,1,150,5089,1,42:36
2024-25,203081,Damian Lillard,Damian,1610612749,MIL,Milwaukee Bucks,0022400430,2024-12-28T00:00:00,MIL @ CHI,L,35.46666666666667,8.1,19.3,0.421,3.0,9.1,0.333,10.2,10.2,1.0,1.0,5.1,6.1,12.2,0.0,2.0,0.0,1.0,2.0,9.1,29.4,-4.1,61.1,1,0,54.8,1,13222,1,13222,3102,6363,3504,14442,6359,4621,9209,662,1310,1,13132,10649,12071,679,16469,6107,8263,7773,14967,609,2284,15098,1065,1,150,1485,1,35:28
2024-25,1630552,Jalen Johnson,Jalen,1610612737,ATL,Atlanta Hawks,0022400427,2024-12-28T00:00:00,ATL vs. MIA,W,35.31666666666667,13.3,20.4,0.65,2.0,3.1,0.667,0.0,1.0,0.0,4.1,9.2,13.3,5.1,0.0,0.0,2.0,0.0,4.1,2.0,28.5,18.3,58.2,1,0,53.0,1,1,13086,1,3216,932,2700,4562,9971,17538,1957,13505,14185,13505,3486,3335,2642,7256,16469,12854,3377,8846,6914,12888,2586,4448,1451,1,150,1803,1,35:19
2024-25,201939,Stephen Curry,Stephen,1610612744,GSW,Golden State Warriors,0022400431,2024-12-28T00:00:00,GSW vs. PHX,W,35.05,9.2,22.6,0.409,4.1,13.4,0.308,0.0,0.0,0.0,2.1,4.1,6.2,6.2,5.1,1.0,0.0,0.0,3.1,0.0,22.6,20.5,37.2,0,0,41.1,1,1,13086,1,3418,4290,1546,14895,3773,1150,11292,13505,14344,13505,8146,13399,11912,5231,2192,11694,8263,8846,10343,17725,5782,3799,9553,2246,150,6149,1,35:03
2024-25,1630228,Jonathan Kuminga,Jonathan,1610612744,GSW,Golden State Warriors,0022400431,2024-12-28T00:00:00,GSW vs. PHX,W,34.45,12.5,20.9,0.6,2.1,5.2,0.4,8.4,12.5,0.667,5.2,4.2,9.4,3.1,1.0,1.0,0.0,2.1,4.2,7.3,35.5,9.4,53.6,0,0,52.2,1,1,13086,1,3894,1226,2403,5394,9730,12647,7874,1246,663,9425,2173,13167,6178,12523,15522,11539,8263,2952,6609,1439,898,7988,2297,2246,150,1983,1,34:27
2024-25,203999,Nikola Jokić,Nikola,1610612743,DEN,Denver Nuggets,0022400432,2024-12-28T00:00:00,DEN vs. DET,W,37.233333333333334,10.6,16.4,0.647,3.9,4.8,0.8,10.6,13.5,0.786,1.0,7.7,8.7,7.7,1.9,0.0,0.0,0.0,3.9,10.6,35.8,24.2,55.9,0,0,56.1,1,1,13086,1,1841,2576,6499,4571,4277,13616,1389,544,527,8082,13520,5110,7166,3146,10880,12854,8263,8846,7559,317,863,2992,1825,2246,150,1293,1,37:14
2024-25,1630194,Paul Reed,Paul,1610612765,DET,Detroit Pistons,0022400432,2024-12-28T00:00:00,DET @ DEN,L,12.0,6.0,15.0,0.4,0.0,6.0,0.0,9.0,12.0,0.75,0.0,6.0,6.0,6.0,0.0,12.0,3.0,0.0,6.0,9.0,21.0,36.0,82.2,0,0,63.0,1,13222,1,13222,21228,11500,8606,14933,15070,10684,15070,1001,766,8186,14058,8311,12271,5485,16469,73,1691,8846,2940,653,7080,1287,166,2246,150,577,1,12:00
2024-25,1631218,Trayce Jackson-Davis,Trayce,1610612744,GSW,Golden State Warriors,0022400431,2024-12-28T00:00:00,GSW vs. PHX,W,23.216666666666665,9.3,17.1,0.545,0.0,0.0,0.0,6.2,6.2,1.0,6.2,9.3,15.5,3.1,0.0,1.6,6.2,4.7,1.6,4.7,24.8,-17.1,71.3,1,0,58.9,1,1,13086,1,13533,4193,5736,7695,15070,20945,15070,2675,4228,1,1522,3199,1575,12600,16469,8192,276,450,17041,4826,4304,20648,392,1,150,924,1,23:13
2024-25,1628368,De'Aaron Fox,De'Aaron,1610612758,SAC,Sacramento Kings,0022400435,2024-12-28T00:00:00,SAC @ LAL,L,38.983333333333334,11.1,23.1,0.48,0.9,8.3,0.111,3.7,6.5,0.571,0.9,3.7,4.6,11.1,2.8,3.7,0.9,0.9,1.8,4.6,26.8,-6.5,60.0,1,0,52.6,1,13222,1,13222,888,2199,1361,11962,14890,5895,15003,6304,3918,10536,13816,14653,15781,971,7320,1973,7989,8537,15957,4905,3308,16274,1192,1,150,1893,1,38:59
2024-25,1630551,Justin Champagnie,Justin,1610612764,WAS,Washington Wizards,0022400429,2024-12-28T00:00:00,WAS vs. NYK,L,44.68,10.5,12.1,0.867,4.0,4.8,0.833,0.0,0.0,0.0,3.2,4.8,8.1,0.8,2.4,1.6,0.0,0.0,3.2,0.8,25.0,-3.2,38.3,1,0,41.1,1,13222,1,13222,67,2744,13445,1408,3945,13615,1341,13505,14344,13505,4896,11322,8160,19901,8583,7944,8263,8846,9766,17716,4225,14689,8848,1,150,6145,1,44:41
2024-25,1627763,Malcolm Brogdon,Malcolm,1610612764,WAS,Washington Wizards,0022400429,2024-12-28T00:00:00,WAS vs. NYK,L,30.17,7.2,17.9,0.4,3.6,8.4,0.429,8.4,9.5,0.875,1.2,2.4,3.6,8.4,6.0,1.2,0.0,1.2,2.4,4.8,26.3,-3.6,40.7,0,0,44.1,1,13222,1,13222,7620,8565,4809,14933,4966,5822,7394,1252,1575,6931,11841,18524,18368,2554,1410,10232,8263,6318,13283,4566,3559,14835,7335,2246,150,4615,1,30:10
2024-25,1628384,OG Anunoby,OG,1610612752,NYK,New York Knicks,0022400429,2024-12-28T00:00:00,NYK @ WAS,W,42.08,3.4,10.3,0.333,0.9,4.3,0.2,0.0,0.0,0.0,0.9,2.6,3.4,0.0,0.9,0.9,0.0,0.9,0.9,0.0,7.7,-1.7,13.5,0,0,13.7,1,1,13086,1,254,18494,16624,17395,15026,14965,13429,13505,14344,13505,13990,18019,18732,19908,16417,12775,8263,8763,20206,17725,20165,13881,23628,2246,150,23505,1,42:05
2024-25,203486,Mason Plumlee,Mason,1610612756,PHX,Phoenix Suns,0022400431,2024-12-28T00:00:00,PHX @ GSW,L,26.116666666666667,0.0,0.0,0.0,0.0,0.0,0.0,2.8,2.8,1.0,1.4,11.0,12.4,8.3,2.8,1.4,1.4,0.0,1.4,2.8,2.8,-2.8,35.6,0,0,28.9,1,13222,1,13222,11073,22635,24836,22635,15070,20945,15070,8445,10592,1,10841,1893,3189,2637,7352,9016,5320,8846,17710,10118,23007,14432,10687,2246,150,14745,1,26:07
2024-25,203952,Andrew Wiggins,Andrew,1610612744,GSW,Golden State Warriors,0022400431,2024-12-28T00:00:00,GSW vs. PHX,W,39.1,2.8,11.0,0.25,0.9,5.5,0.167,0.0,0.0,0.0,1.8,4.6,6.4,2.8,0.9,0.9,1.8,1.8,1.8,0.0,6.4,12.0,25.7,0,0,22.1,1,1,13086,1,842,19953,15283,20233,14897,11904,14236,13505,14344,13505,9085,11975,11290,13710,16281,12560,3953,3766,15986,17725,21089,6806,17825,2246,150,19619,1,39:06
2024-25,1641765,Olivier-Maxence Prosper,Olivier-Maxence,1610612742,DAL,Dallas Mavericks,0022400434,2024-12-28T00:00:00,DAL @ POR,L,13.316666666666666,2.7,8.1,0.333,0.0,0.0,0.0,5.4,16.2,0.333,2.7,2.7,5.4,2.7,2.7,2.7,0.0,0.0,0.0,8.1,10.8,2.7,26.8,0,0,24.3,1,13222,1,13222,20588,20084,20070,17395,15070,20945,15070,3522,263,13132,6094,17690,13798,13899,7522,3899,8263,8846,20257,963,17354,11260,17108,2246,150,18120,1,13:19
2024-25,1630540,Miles McBride,Miles,1610612752,NYK,New York Knicks,0022400429,2024-12-28T00:00:00,NYK @ WAS,W,19.101666666666667,1.9,9.4,0.2,1.9,7.5,0.25,0.0,0.0,0.0,0.0,0.0,0.0,1.9,0.0,0.0,1.9,0.0,3.8,0.0,5.7,-5.7,14.1,0,0,13.2,1,1,13086,1,16750,21607,18078,21401,10703,7309,11902,13505,14344,13505,14058,22137,23286,16806,16469,12854,3814,8846,7842,17725,21626,15898,23458,2246,150,23654,1,19:06
2024-25,1631108,Max Christie,Max,1610612747,LAL,Los Angeles Lakers,0022400435,2024-12-28T00:00:00,LAL vs. SAC,W,32.166666666666664,5.6,9.0,0.625,3.4,5.6,0.6,3.4,3.4,1.0,0.0,1.1,1.1,2.2,0.0,2.2,1.1,0.0,5.6,2.2,17.9,-7.8,32.7,0,0,31.3,1,1,13086,1,5835,12712,18789,4899,5494,11733,2992,6984,9180,1,14058,21712,23056,15483,16469,5250,6676,8846,3552,11991,9926,16892,12817,2246,150,12902,1,32:10
2024-25,1631107,Nikola Jović,Nikola,1610612748,MIA,Miami Heat,0022400427,2024-12-28T00:00:00,MIA @ ATL,L,18.366666666666667,0.0,5.9,0.0,0.0,3.9,0.0,7.8,9.8,0.8,2.0,2.0,3.9,2.0,2.0,0.0,0.0,0.0,3.9,3.9,7.8,-21.6,13.5,0,0,13.7,1,13222,1,13222,17303,22635,22728,22635,15070,15732,15070,1484,1452,7681,8575,19794,17513,16517,10723,12854,8263,8846,7382,6510,20049,21982,23625,2246,150,23495,1,18:22
2024-25,1642349,Ajay Mitchell,Ajay,1610612760,OKC,Oklahoma City Thunder,0022400428,2024-12-28T00:00:00,OKC @ CHA,W,31.566666666666666,4.6,9.1,0.5,1.1,2.3,0.5,1.1,1.1,1.0,1.1,4.6,5.7,4.6,1.1,0.0,0.0,1.1,1.1,1.1,11.4,8.0,23.9,0,0,22.8,1,1,13086,1,6365,15595,18518,8526,13708,19025,3944,12783,13977,1,12190,12095,13014,8505,14861,12854,8263,6709,18860,16707,16784,8636,18989,2246,150,19136,1,31:34
2024-25,203915,Spencer Dinwiddie,Spencer,1610612742,DAL,Dallas Mavericks,0022400434,2024-12-28T00:00:00,DAL @ POR,L,35.31666666666667,5.1,13.3,0.385,2.0,6.1,0.333,5.1,5.1,1.0,0.0,8.2,8.2,4.1,1.0,0.0,0.0,0.0,5.1,6.1,17.3,3.1,32.2,0,0,31.6,1,13222,1,13222,3216,14106,11400,16070,9971,10404,9209,3895,5764,1,14058,4479,7999,9716,15717,12854,8263,8846,4384,2488,10498,11084,13164,2246,150,12704,1,35:19
2024-25,1627824,Guerschon Yabusele,Guerschon,1610612755,PHI,Philadelphia 76ers,0022400433,2024-12-28T00:00:00,PHI @ UTA,W,22.1,6.5,11.4,0.571,3.3,6.5,0.5,3.3,3.3,1.0,8.1,4.9,13.0,3.3,0.0,0.0,0.0,0.0,8.1,4.9,19.5,4.9,40.1,0,0,39.1,1,1,13086,1,14414,10151,14653,6538,5786,9516,3944,7189,9410,1,734,11195,2786,12123,16469,12854,8263,8846,1308,4323,8320,10169,7715,2246,150,7323,1,22:06
2024-25,1628374,Lauri Markkanen,Lauri,1610612762,UTA,Utah Jazz,0022400433,2024-12-28T00:00:00,UTA vs. PHI,L,32.74166666666667,8.8,23.1,0.381,5.5,16.5,0.333,2.2,2.2,1.0,1.1,3.3,4.4,2.2,3.3,1.1,0.0,3.3,1.1,4.4,25.3,-11.0,33.9,0,0,39.6,1,13222,1,13222,5374,5090,1359,16250,1736,457,9209,9948,12093,1,12469,15798,16295,15626,5513,11023,8263,1067,19106,5358,4062,18321,11920,2246,150,7024,1,32:45
2024-25,1627736,Malik Beasley,Malik,1610612765,DET,Detroit Pistons,0022400432,2024-12-28T00:00:00,DET @ DEN,L,18.516666666666666,9.7,21.4,0.455,5.8,17.5,0.333,1.9,3.9,0.5,1.9,1.9,3.9,1.9,0.0,0.0,0.0,0.0,3.9,3.9,27.2,-23.3,34.8,0,0,38.9,1,13222,1,13222,17179,3580,2096,12676,1449,380,9209,10822,8055,10625,8645,19846,17598,16584,16469,12854,8263,8846,7480,6600,3102,22420,11198,2246,150,7461,1,18:31
2024-25,203903,Jordan Clarkson,Jordan,1610612762,UTA,Utah Jazz,0022400433,2024-12-28T00:00:00,UTA vs. PHI,L,30.166666666666668,8.4,19.1,0.438,0.0,3.6,0.0,3.6,3.6,1.0,1.2,2.4,3.6,4.8,2.4,0.0,1.2,1.2,1.2,6.0,20.3,-10.7,32.9,0,0,31.0,1,13222,1,13222,7621,5880,3681,13558,15070,16486,15070,6530,8728,1,11840,18521,18366,7992,8714,12854,6217,6313,18570,2667,7669,18201,12638,2246,150,13136,1,30:10
2024-25,1630173,Precious Achiuwa,Precious,1610612752,NYK,New York Knicks,0022400429,2024-12-28T00:00:00,NYK @ WAS,W,19.013333333333332,1.9,5.7,0.333,0.0,1.9,0.0,1.9,1.9,1.0,3.8,9.5,13.3,3.8,3.8,0.0,0.0,0.0,1.9,1.9,5.7,11.4,23.5,0,0,22.7,1,1,13086,1,16820,21596,22920,17395,15070,19752,15070,10980,13000,1,3906,3051,2635,10539,4358,12854,8263,8846,15724,13546,21608,7072,19272,2246,150,19199,1,19:01
2024-25,1626179,Terry Rozier,Terry,1610612748,MIA,Miami Heat,0022400427,2024-12-28T00:00:00,MIA @ ATL,L,20.15,5.4,14.3,0.375,1.8,8.9,0.2,3.6,3.6,1.0,0.0,8.9,8.9,1.8,1.8,1.8,3.6,0.0,0.0,1.8,16.1,-16.1,43.8,0,0,39.3,1,13222,1,13222,15903,13367,9703,16299,11125,4918,13429,6545,8739,1,14058,3582,6846,17129,11610,7307,1174,8846,20257,13978,11847,20277,5780,2246,150,7192,1,20:09
2024-25,1629629,Cam Reddish,Cam,1610612747,LAL,Los Angeles Lakers,0022400435,2024-12-28T00:00:00,LAL vs. SAC,W,19.25,1.9,5.6,0.333,0.0,1.9,0.0,0.0,3.7,0.0,0.0,1.9,1.9,3.7,0.0,1.9,0.0,0.0,0.0,1.9,3.7,7.5,17.2,0,0,13.1,1,1,13086,1,16627,21628,22986,17395,15070,19793,15070,13505,8393,13505,14058,20043,22048,10681,16469,6920,8263,8846,20257,13638,22672,8888,22407,2246,150,23683,1,19:15
2024-25,201572,Brook Lopez,Brook,1610612749,MIL,Milwaukee Bucks,0022400430,2024-12-28T00:00:00,MIL @ CHI,L,37.56666666666667,8.6,21.1,0.409,2.9,10.5,0.273,1.0,1.0,1.0,1.0,5.7,6.7,2.9,0.0,0.0,2.9,0.0,1.9,1.0,21.1,-3.8,42.1,0,0,39.3,1,13222,1,13222,1648,5390,2288,14895,6966,2939,11838,13353,14275,1,13583,8920,10716,13360,16469,12854,1853,8846,15582,17520,7019,14971,6581,2246,150,7204,1,37:34
2024-25,1641794,Dillon Jones,Dillon,1610612760,OKC,Oklahoma City Thunder,0022400428,2024-12-28T00:00:00,OKC @ CHA,W,14.766666666666667,2.4,12.2,0.2,0.0,7.3,0.0,0.0,0.0,0.0,0.0,7.3,7.3,2.4,0.0,0.0,0.0,0.0,4.9,0.0,4.9,-26.8,17.3,0,0,14.6,1,1,13086,1,19725,20577,13283,21401,15070,7792,15070,13505,14344,13505,14058,5815,9543,14746,16469,12854,8263,8846,4888,17725,22080,23203,22369,2246,150,23204,1,14:46
2024-25,1628970,Miles Bridges,Miles,1610612766,CHA,Charlotte Hornets,0022400428,2024-12-28T00:00:00,CHA vs. OKC,L,38.483333333333334,4.7,15.0,0.313,0.9,7.5,0.125,7.5,7.5,1.0,0.9,8.4,9.4,5.6,2.8,0.9,1.9,0.0,0.9,3.7,17.8,-2.8,43.0,1,0,39.3,1,13222,1,13222,1114,15295,8657,19175,14852,7440,14886,1678,2922,1,13742,4137,6256,6230,7193,12471,3859,8846,20050,7011,10058,14457,6127,1,150,7205,1,38:29
2024-25,1631207,Dalen Terry,Dalen,1610612741,CHI,Chicago Bulls,0022400430,2024-12-28T00:00:00,CHI vs. MIL,W,16.85,2.1,4.3,0.5,0.0,0.0,0.0,0.0,4.3,0.0,2.1,4.3,6.4,4.3,2.1,0.0,0.0,2.1,6.4,4.3,4.3,-12.8,16.2,0,0,15.0,1,1,13086,1,18354,21168,23947,8526,15070,20945,15070,13505,7261,13505,7818,12885,11378,9198,9797,12854,8263,2811,2482,5664,22426,19062,22761,2246,150,23074,1,16:51
2024-25,1642275,Tidjane Salaün,Tidjane,1610612766,CHA,Charlotte Hornets,0022400428,2024-12-28T00:00:00,CHA vs. OKC,L,31.416666666666668,3.4,11.5,0.3,1.1,4.6,0.25,2.3,2.3,1.0,1.1,4.6,5.7,1.1,2.3,1.1,1.1,0.0,3.4,2.3,10.3,-1.1,23.5,0,0,22.9,1,13222,1,13222,6487,18459,14549,19363,13672,14229,11902,9656,11810,1,12148,12032,12937,19206,9112,10625,6512,8846,8941,11784,17848,13639,19268,2246,150,19070,1,31:25
2024-25,1631117,Walker Kessler,Walker,1610612762,UTA,Utah Jazz,0022400433,2024-12-28T00:00:00,UTA vs. PHI,L,29.57,6.1,9.7,0.625,0.0,0.0,0.0,1.2,3.7,0.333,6.1,7.3,13.4,0.0,4.9,0.0,1.2,0.0,6.1,3.7,13.4,-6.1,28.2,1,0,29.2,1,13222,1,13222,8167,11264,17492,4899,15070,20945,15070,12537,8576,13132,1570,5822,2553,19908,2500,12854,6067,8846,2837,7255,14626,16100,16043,1,150,14534,1,29:34
2024-25,202685,Jonas Valančiūnas,Jonas,1610612764,WAS,Washington Wizards,0022400429,2024-12-28T00:00:00,WAS vs. NYK,L,21.246666666666666,6.8,15.2,0.444,0.0,0.0,0.0,0.0,0.0,0.0,1.7,11.9,13.6,5.1,1.7,1.7,1.7,1.7,3.4,0.0,13.6,-13.6,45.9,0,0,39.0,1,13222,1,13222,15126,9480,8180,13045,15070,20945,15070,13505,14344,13505,9593,1436,2462,7280,11938,7626,4307,4163,9124,17725,14434,19325,4773,2246,150,7399,1,21:15
2024-25,1630322,Lindy Waters III,Lindy,1610612744,GSW,Golden State Warriors,0022400431,2024-12-28T00:00:00,GSW vs. PHX,W,13.583333333333334,2.7,8.0,0.333,2.7,5.3,0.5,0.0,0.0,0.0,5.3,5.3,10.6,2.7,2.7,2.7,0.0,2.7,5.3,2.7,8.0,-34.5,29.9,0,0,29.2,1,1,13086,1,20440,20182,20345,17395,7682,12461,3944,13505,14344,13505,2090,10023,4811,14042,7691,4015,8263,1807,4017,10471,19961,24352,14834,2246,150,14585,1,13:35
2024-25,1631200,Kris Murray,Kris,1610612757,POR,Portland Trail Blazers,0022400434,2024-12-28T00:00:00,POR vs. DAL,W,8.183333333333334,4.4,4.4,1.0,0.0,0.0,0.0,0.0,0.0,0.0,4.4,0.0,4.4,0.0,8.8,0.0,0.0,0.0,0.0,0.0,8.8,-26.4,5.3,0,0,13.2,1,1,13086,1,22745,16060,23857,1,15070,20945,15070,13505,14344,13505,3052,22137,16282,19908,450,12854,8263,8846,20257,17725,19270,23108,24984,2246,150,23651,1,8:11
2024-25,1628370,Malik Monk,Malik,1610612758,SAC,Sacramento Kings,0022400435,2024-12-28T00:00:00,SAC @ LAL,L,33.0,7.6,17.5,0.438,3.3,8.7,0.375,3.3,3.3,1.0,1.1,5.5,6.5,7.6,1.1,0.0,0.0,0.0,3.3,3.3,21.8,-13.1,40.0,0,0,39.3,1,13222,1,13222,5145,7422,5298,13558,5748,5224,8800,7159,9368,1,12547,9664,11070,3240,15192,12854,8263,8846,9557,8334,6365,19157,7745,2246,150,7211,1,33:00
2024-25,1628997,Caleb Martin,Caleb,1610612755,PHI,Philadelphia 76ers,0022400433,2024-12-28T00:00:00,PHI @ UTA,W,35.92,2.0,5.0,0.4,1.0,2.0,0.5,0.0,1.0,0.0,1.0,5.0,6.0,0.0,0.0,1.0,2.0,0.0,2.0,1.0,5.0,-7.0,21.2,0,0,18.0,1,1,13086,1,2739,21403,23458,14933,14544,19551,3944,13505,14212,13505,13238,10865,12240,19908,16469,11938,3481,8846,15124,17392,22002,16510,20573,2246,150,21843,1,35:55
2024-25,1641741,Ricky Council IV,Ricky,1610612755,PHI,Philadelphia 76ers,0022400433,2024-12-28T00:00:00,PHI @ UTA,W,10.836666666666666,3.3,10.0,0.333,0.0,3.3,0.0,3.3,6.6,0.5,0.0,6.6,6.6,0.0,0.0,0.0,3.3,0.0,3.3,3.3,10.0,0.0,27.9,0,0,23.3,1,1,13086,1,21780,18703,17110,17395,15070,17022,15070,7065,3716,10625,14058,7010,10862,19908,16469,12854,1379,8846,9380,8192,18188,12240,16294,2246,150,18836,1,10:50
2024-25,1631124,Julian Strawther,Julian,1610612743,DEN,Denver Nuggets,0022400432,2024-12-28T00:00:00,DEN vs. DET,W,22.55,4.8,14.4,0.333,0.0,6.4,0.0,0.0,0.0,0.0,0.0,4.8,4.8,1.6,1.6,1.6,0.0,0.0,4.8,1.6,9.6,-8.0,20.9,0,0,19.2,1,1,13086,1,14074,14976,9582,17395,15070,9786,15070,13505,14344,13505,14058,11462,15322,17660,12351,7995,8263,8846,5083,14644,18560,16967,20727,2246,150,21307,1,22:33
2024-25,1642267,Bub Carrington,Bub,1610612764,WAS,Washington Wizards,0022400429,2024-12-28T00:00:00,WAS vs. NYK,L,43.325,6.6,10.8,0.615,0.8,3.3,0.25,0.0,0.0,0.0,0.0,4.2,4.2,4.2,0.8,0.0,0.0,0.0,1.7,1.7,14.1,2.5,24.5,0,0,23.3,1,13222,1,13222,127,9829,15691,5246,15051,17016,11902,13505,14344,13505,14058,13256,16927,9511,16441,12854,8263,8846,16659,14406,13817,11373,18602,2246,150,18831,1,43:20
2024-25,1626220,Royce O'Neale,Royce,1610612756,PHX,Phoenix Suns,0022400431,2024-12-28T00:00:00,PHX @ GSW,L,11.805,0.0,9.1,0.0,0.0,9.1,0.0,0.0,0.0,0.0,0.0,3.0,3.0,0.0,0.0,0.0,3.0,0.0,3.0,0.0,0.0,-15.2,12.8,0,0,9.1,1,13222,1,13222,21375,22635,18485,22635,15070,4608,15070,13505,14344,13505,14058,16560,19586,19908,16469,12854,1632,8846,10494,17725,23200,19995,23819,2246,150,24580,1,11:48
2024-25,1641748,Andre Jackson Jr.,Andre,1610612749,MIL,Milwaukee Bucks,0022400430,2024-12-28T00:00:00,MIL @ CHI,L,22.8,0.0,4.7,0.0,0.0,1.6,0.0,0.0,0.0,0.0,1.6,0.0,1.6,1.6,0.0,0.0,0.0,0.0,0.0,0.0,0.0,-3.2,4.3,0,0,3.2,1,13222,1,13222,13875,22635,23651,22635,15070,20195,15070,13505,14344,13505,10002,22137,22469,17713,16469,12854,8263,8846,20257,17725,23200,14651,25067,2246,150,25225,1,22:48
2024-25,202691,Klay Thompson,Klay,1610612742,DAL,Dallas Mavericks,0022400434,2024-12-28T00:00:00,DAL @ POR,L,34.333333333333336,5.2,17.8,0.294,2.1,8.4,0.25,0.0,0.0,0.0,0.0,1.0,1.0,1.0,1.0,1.0,0.0,0.0,3.1,0.0,12.6,4.2,17.5,0,0,18.9,1,13222,1,13222,3975,13691,4886,19598,9696,5765,11902,13505,14344,13505,14058,21886,23163,19532,15500,11506,8263,8846,10115,17725,15512,10547,22292,2246,150,21443,1,34:20
2024-25,1642345,Oso Ighodaro,Oso,1610612756,PHX,Phoenix Suns,0022400431,2024-12-28T00:00:00,PHX @ GSW,L,19.916666666666668,1.8,7.2,0.25,0.0,0.0,0.0,0.0,0.0,0.0,3.6,7.2,10.8,1.8,0.0,3.6,0.0,0.0,1.8,3.6,3.6,12.7,30.2,0,0,23.5,1,13222,1,13222,16083,21744,21285,20233,15070,20945,15070,13505,14344,13505,4190,5944,4556,17058,16469,2072,8263,8846,16145,7350,22734,6538,14674,2246,150,18675,1,19:55
2024-25,1626145,Tyus Jones,Tyus,1610612756,PHX,Phoenix Suns,0022400431,2024-12-28T00:00:00,PHX @ GSW,L,31.585,3.4,12.5,0.273,2.3,6.8,0.333,0.0,0.0,0.0,0.0,5.7,5.7,6.8,1.1,0.0,0.0,2.3,1.1,0.0,9.1,-12.5,25.1,0,0,23.9,1,13222,1,13222,6348,18500,12672,20048,8927,8807,9209,13505,14344,13505,14058,9048,13027,4234,14871,12854,8263,2473,18865,17725,18972,18957,18234,2246,150,18376,1,31:35
2024-25,1641732,Colby Jones,Colby,1610612758,SAC,Sacramento Kings,0022400435,2024-12-28T00:00:00,SAC @ LAL,L,0.21833333333333332,0.0,0.0,0.0,0.0,0.0,0.0,0.0,0.0,0.0,0.0,0.0,0.0,0.0,0.0,0.0,0.0,0.0,0.0,0.0,0.0,0.0,0.0,0,0,0.0,1,13222,1,13222,26261,22635,24836,22635,15070,20945,15070,13505,14344,13505,14058,22137,23286,19908,16469,12854,8263,8846,20257,17725,23200,12240,25228,2246,150,25259,1,0:13
2024-25,1629312,Haywood Highsmith,Haywood,1610612748,MIA,Miami Heat,0022400427,2024-12-28T00:00:00,MIA @ ATL,L,36.1,6.0,8.0,0.75,2.0,3.0,0.667,0.0,0.0,0.0,3.0,3.0,6.0,2.0,1.0,0.0,0.0,1.0,4.0,0.0,14.0,-11.0,23.1,0,0,23.9,1,13222,1,13222,2612,11564,20293,2107,10188,17683,1957,13505,14344,13505,5363,16768,12327,16395,15867,12854,8263,7954,7177,17725,13977,18305,19476,2246,150,18377,1,36:06
2024-25,1641789,Jazian Gortman,Jazian,1610612742,DAL,Dallas Mavericks,0022400434,2024-12-28T00:00:00,DAL @ POR,L,4.716666666666667,0.0,7.6,0.0,0.0,0.0,0.0,0.0,0.0,0.0,0.0,0.0,0.0,7.6,0.0,0.0,0.0,7.6,0.0,0.0,0.0,53.4,11.4,0,0,7.6,1,13222,1,13222,24137,22635,20736,22635,15070,20945,15070,13505,14344,13505,14058,22137,23286,3242,16469,12854,8263,118,20257,17725,23200,477,24140,2246,150,24816,1,4:43
2024-25,1641763,Julian Phillips,Julian,1610612741,CHI,Chicago Bulls,0022400430,2024-12-28T00:00:00,CHI vs. MIL,W,4.716666666666667,0.0,7.6,0.0,0.0,0.0,0.0,0.0,0.0,0.0,0.0,7.6,7.6,0.0,0.0,0.0,0.0,0.0,0.0,0.0,0.0,0.0,9.2,0,0,7.6,1,1,13086,1,24137,22635,20736,22635,15070,20945,15070,13505,14344,13505,14058,5264,8906,19908,16469,12854,8263,8846,20257,17725,23200,12240,24546,2246,150,24816,1,4:43
2024-25,1641816,Hunter Tyson,Hunter,1610612743,DEN,Denver Nuggets,0022400432,2024-12-28T00:00:00,DEN vs. DET,W,13.2,2.7,8.2,0.333,0.0,2.7,0.0,0.0,0.0,0.0,2.7,5.5,8.2,5.5,2.7,0.0,0.0,2.7,0.0,0.0,5.5,21.8,20.7,0,0,19.1,1,1,13086,1,20652,20029,19967,17395,15070,18207,15070,13505,14344,13505,6038,9658,7957,6523,7446,12854,8263,1700,20257,17725,21762,3497,20825,2246,150,21355,1,13:12
2024-25,1626162,Kelly Oubre Jr.,Kelly,1610612755,PHI,Philadelphia 76ers,0022400433,2024-12-28T00:00:00,PHI @ UTA,W,30.616666666666667,3.5,8.2,0.429,0.0,3.5,0.0,3.5,4.7,0.75,1.2,1.2,2.4,2.4,1.2,1.2,0.0,0.0,4.7,4.7,10.6,-1.2,19.3,0,0,17.6,1,1,13086,1,7200,18258,19898,13735,15070,16599,15070,6650,6473,8186,11954,21577,21099,15051,14615,10384,8263,8846,5273,4712,17579,13658,21506,2246,150,22013,1,30:37
2024-25,1627741,Buddy Hield,Buddy,1610612744,GSW,Golden State Warriors,0022400431,2024-12-28T00:00:00,GSW vs. PHX,W,14.783333333333333,0.0,17.0,0.0,0.0,17.0,0.0,0.0,0.0,0.0,0.0,0.0,0.0,2.4,0.0,2.4,0.0,2.4,2.4,0.0,0.0,4.9,11.0,0,0,7.3,1,1,13086,1,19717,22635,5752,22635,15070,414,15070,13505,14344,13505,14058,22137,23286,14754,16469,4573,8263,2144,13051,17725,23200,10174,24249,2246,150,24866,1,14:47
2024-25,1628467,Maxi Kleber,Maxi,1610612742,DAL,Dallas Mavericks,0022400434,2024-12-28T00:00:00,DAL @ POR,L,32.68333333333333,0.0,2.2,0.0,0.0,1.1,0.0,0.0,0.0,0.0,2.2,6.6,8.8,5.5,1.1,0.0,2.2,0.0,2.2,0.0,0.0,1.1,24.3,0,0,18.7,1,13222,1,13222,5409,22635,24720,22635,15070,20744,15070,13505,14344,13505,7574,7082,7001,6409,15123,12854,2937,8846,14078,17725,23200,12079,18723,2246,150,21525,1,32:41
2024-25,1630208,Nick Richards,Nick,1610612766,CHA,Charlotte Hornets,0022400428,2024-12-28T00:00:00,CHA vs. OKC,L,11.916666666666666,0.0,3.0,0.0,0.0,0.0,0.0,3.0,6.0,0.5,6.0,15.1,21.1,0.0,3.0,0.0,0.0,0.0,3.0,6.0,3.0,0.0,25.4,0,0,24.2,1,13222,1,13222,21323,22635,24483,22635,15070,20945,15070,7746,4412,10625,1595,546,405,19908,6389,12854,8263,8846,10619,2571,22951,12240,18023,2246,150,18229,1,11:55
2024-25,1630695,Micah Potter,Micah,1610612762,UTA,Utah Jazz,0022400433,2024-12-28T00:00:00,UTA vs. PHI,L,15.298333333333334,0.0,4.7,0.0,0.0,4.7,0.0,0.0,0.0,0.0,0.0,0.0,0.0,7.1,0.0,0.0,0.0,0.0,2.4,0.0,0.0,23.5,10.6,0,0,7.1,1,13222,1,13222,19382,22635,23675,22635,15070,13936,15070,13505,14344,13505,14058,22137,23286,3940,16469,12854,8263,8846,13423,17725,23200,3139,24322,2246,150,24886,1,15:18
2024-25,1631212,Peyton Watson,Peyton,1610612743,DEN,Denver Nuggets,0022400432,2024-12-28T00:00:00,DEN vs. DET,W,22.816666666666666,3.2,9.5,0.333,0.0,1.6,0.0,1.6,1.6,1.0,0.0,1.6,1.6,4.7,0.0,3.2,1.6,0.0,3.2,1.6,7.9,-9.5,31.1,0,0,23.7,1,1,13086,1,13863,19090,18007,17395,15070,20197,15070,11632,13413,1,14058,20723,22471,8095,16469,2820,4610,8846,10054,14700,20005,17653,14000,2246,150,18568,1,22:49
2024-25,1641764,Brandin Podziemski,Brandin,1610612744,GSW,Golden State Warriors,0022400431,2024-12-28T00:00:00,GSW vs. PHX,W,11.366666666666667,0.0,3.2,0.0,0.0,0.0,0.0,0.0,0.0,0.0,3.2,3.2,6.3,0.0,0.0,0.0,0.0,0.0,6.3,0.0,0.0,-53.8,7.6,0,0,6.3,1,1,13086,1,21548,22635,24431,22635,15070,20945,15070,13505,14344,13505,5009,16201,11531,19908,16469,12854,8263,8846,2560,17725,23200,25536,24743,2246,150,24966,1,11:22
2024-25,1642262,Cody Williams,Cody,1610612762,UTA,Utah Jazz,0022400433,2024-12-28T00:00:00,UTA vs. PHI,L,23.168333333333333,3.1,6.2,0.5,0.0,1.6,0.0,3.1,3.1,1.0,1.6,6.2,7.8,1.6,3.1,0.0,0.0,0.0,7.8,1.6,9.3,24.9,17.9,0,0,18.6,1,13222,1,13222,13582,19184,22409,8526,15070,20223,15070,7522,9706,1,10110,7866,8684,17796,6102,12854,8263,8846,1483,14787,18792,2845,22155,2246,150,21553,1,23:10
2024-25,1628989,Kevin Huerter,Kevin,1610612758,SAC,Sacramento Kings,0022400435,2024-12-28T00:00:00,SAC @ LAL,L,24.216666666666665,5.9,10.4,0.571,1.5,5.9,0.25,0.0,0.0,0.0,0.0,1.5,1.5,4.5,1.5,1.5,0.0,0.0,3.0,0.0,13.4,1.5,24.8,0,0,23.8,1,13222,1,13222,12715,11667,16370,6538,12088,10820,11902,13505,14344,13505,14058,20898,22582,8745,12808,8469,8263,8846,10836,17725,14646,11873,18404,2246,150,18474,1,24:13
2024-25,1629216,Gabe Vincent,Gabe,1610612747,LAL,Los Angeles Lakers,0022400435,2024-12-28T00:00:00,LAL vs. SAC,W,6.916666666666667,0.0,5.2,0.0,0.0,5.2,0.0,0.0,0.0,0.0,0.0,5.2,5.2,0.0,5.2,0.0,0.0,0.0,0.0,5.2,0.0,46.8,1.0,0,0,5.2,1,1,13086,1,23209,22635,23316,22635,15070,12690,15070,13505,14344,13505,14058,10267,14265,19908,2107,12854,8263,8846,20257,3769,23200,642,25205,2246,150,25085,1,6:55
2024-25,1630172,Patrick Williams,Patrick,1610612741,CHI,Chicago Bulls,0022400430,2024-12-28T00:00:00,CHI vs. MIL,W,28.683333333333334,5.0,10.0,0.5,1.3,1.3,1.0,0.0,0.0,0.0,0.0,2.5,2.5,1.3,1.3,1.3,2.5,1.3,1.3,0.0,11.3,15.1,26.2,0,0,23.8,1,1,13086,1,8938,14322,16976,8526,13066,20553,1,13505,14344,13505,14058,18158,20791,18825,14068,9759,2359,5905,18245,17725,16897,5606,17461,2246,150,18437,1,28:41
2024-25,1629018,Gary Trent Jr.,Gary,1610612749,MIL,Milwaukee Bucks,0022400430,2024-12-28T00:00:00,MIL @ CHI,L,16.566666666666666,6.5,17.4,0.375,2.2,8.7,0.25,0.0,0.0,0.0,0.0,4.3,4.3,2.2,4.3,2.2,0.0,2.2,2.2,2.2,15.2,-15.2,25.9,0,0,28.2,1,13222,1,13222,18554,10136,5362,16299,9347,5280,11902,13505,14344,13505,14058,12659,16415,15715,3230,5497,8263,2707,14229,12277,12689,19981,17705,2246,150,15251,1,16:34
2024-25,1628969,Mikal Bridges,Mikal,1610612752,NYK,New York Knicks,0022400429,2024-12-28T00:00:00,NYK @ WAS,W,46.64666666666667,6.2,10.8,0.571,2.3,6.9,0.333,1.5,1.5,1.0,0.8,1.5,2.3,2.3,2.3,2.3,0.0,0.0,3.9,0.8,16.2,3.1,27.1,0,0,27.8,1,1,13086,1,28,11036,15689,6538,8797,8575,9209,11706,13445,1,14049,20789,21166,15174,9008,4977,8263,8846,7581,17722,11720,11069,16880,2246,150,15591,1,46:39
2024-25,1628420,Monté Morris,Monté,1610612756,PHX,Phoenix Suns,0022400431,2024-12-28T00:00:00,PHX @ GSW,L,16.4,6.6,13.2,0.5,0.0,4.4,0.0,4.4,4.4,1.0,0.0,2.2,2.2,4.4,0.0,2.2,0.0,2.2,0.0,2.2,17.6,19.8,33.4,0,0,28.5,1,13222,1,13222,18654,9966,11530,8526,15070,14705,15070,5008,7046,1,14058,19078,21421,8912,16469,5410,8263,2654,20257,12177,10255,4024,12282,2246,150,15039,1,16:24
2024-25,1627734,Domantas Sabonis,Domantas,1610612758,SAC,Sacramento Kings,0022400435,2024-12-28T00:00:00,SAC @ LAL,L,25.916666666666668,8.3,18.1,0.462,2.8,4.2,0.667,0.0,0.0,0.0,5.6,11.1,16.7,9.7,1.4,0.0,0.0,2.8,8.3,1.4,19.4,-4.2,52.6,1,0,48.6,1,13222,1,13222,11230,5915,4609,12428,7290,15193,1957,13505,14344,13505,1911,1843,1221,1578,13341,12854,8263,1629,1208,15500,8422,15162,2551,1,150,2949,1,25:55
2024-25,1629060,Rui Hachimura,Rui,1610612747,LAL,Los Angeles Lakers,0022400435,2024-12-28T00:00:00,LAL vs. SAC,W,34.24166666666667,7.4,11.6,0.636,4.2,5.3,0.8,3.2,3.2,1.0,0.0,4.2,4.2,0.0,1.1,1.1,2.1,0.0,1.1,3.2,22.1,-1.1,35.5,0,0,36.8,1,1,13086,1,4067,8103,14366,4689,3551,12576,1389,7426,9602,1,14058,13102,16788,19908,15479,11480,3199,8846,19401,8715,6144,13576,10706,2246,150,8848,1,34:15
2024-25,203552,Seth Curry,Seth,1610612766,CHA,Charlotte Hornets,0022400428,2024-12-28T00:00:00,CHA vs. OKC,L,21.983333333333334,6.6,13.1,0.5,1.6,3.3,0.5,4.9,4.9,1.0,1.6,1.6,3.3,0.0,0.0,0.0,1.6,0.0,1.6,4.9,19.7,-31.1,28.5,0,0,27.8,1,13222,1,13222,14516,10058,11671,8526,11569,17121,3944,4168,6089,1,9788,20590,19052,19908,16469,12854,4454,8846,16754,4269,8203,23911,15880,2246,150,15548,1,21:59
2024-25,1642276,Kel'el Ware,Kel'el,1610612748,MIA,Miami Heat,0022400427,2024-12-28T00:00:00,MIA @ ATL,L,10.0,7.2,10.8,0.667,0.0,3.6,0.0,0.0,0.0,0.0,0.0,3.6,3.6,0.0,0.0,3.6,0.0,0.0,0.0,0.0,14.4,-28.8,29.5,0,0,25.2,1,13222,1,13222,22105,8449,15692,3281,15070,16439,15070,13505,14344,13505,14058,14927,18325,19908,16469,2093,8263,8846,20257,17725,13498,23551,15133,2246,150,17516,1,10:00
2024-25,1642273,Kyshawn George,Kyshawn,1610612764,WAS,Washington Wizards,0022400429,2024-12-28T00:00:00,WAS vs. NYK,L,34.17,5.3,11.6,0.455,3.2,7.4,0.429,0.0,0.0,0.0,1.1,2.1,3.2,3.2,0.0,0.0,1.1,0.0,3.2,1.1,13.7,-3.2,25.4,0,0,25.3,1,13222,1,13222,4115,13631,14328,12676,6057,7672,7394,13505,14344,13505,12855,19343,19341,12449,16469,12854,7108,8846,10038,17159,14286,14653,18012,2246,150,17448,1,34:10
2024-25,1642261,Dalton Knecht,Dalton,1610612747,LAL,Los Angeles Lakers,0022400435,2024-12-28T00:00:00,LAL vs. SAC,W,32.88333333333333,6.6,10.9,0.6,2.2,5.5,0.4,4.4,4.4,1.0,0.0,2.2,2.2,1.1,0.0,0.0,0.0,1.1,0.0,2.2,19.7,9.9,24.0,0,0,25.2,1,1,13086,1,5255,10016,15451,5394,9270,12024,7874,5025,7065,1,14058,19099,21433,19359,16469,12854,8263,7087,20257,12203,8154,7763,18968,2246,150,17532,1,32:53
2024-25,1628392,Isaiah Hartenstein,Isaiah,1610612760,OKC,Oklahoma City Thunder,0022400428,2024-12-28T00:00:00,OKC @ CHA,W,25.466666666666665,8.5,9.9,0.857,0.0,0.0,0.0,0.0,0.0,0.0,1.4,19.8,21.2,5.7,4.2,1.4,0.0,0.0,5.7,1.4,17.0,14.1,50.9,1,0,46.6,1,1,13086,1,11613,5646,17249,1412,15070,20945,15070,13505,14344,13505,10683,184,396,6133,3428,8824,8263,8846,3460,15391,10882,5963,3013,1,150,3608,1,25:28
2024-25,1629610,DaQuan Jeffries,DaQuan,1610612766,CHA,Charlotte Hornets,0022400428,2024-12-28T00:00:00,CHA vs. OKC,L,12.866666666666667,5.6,14.0,0.4,2.8,11.2,0.25,0.0,0.0,0.0,2.8,5.6,8.4,2.8,5.6,0.0,0.0,0.0,5.6,0.0,14.0,-2.8,22.7,0,0,28.0,1,13222,1,13222,20815,12714,10186,14933,7219,2341,11902,13505,14344,13505,5865,9304,7633,13592,1728,12854,8263,8846,3554,17725,13948,14453,19771,2246,150,15433,1,12:52
2024-25,1628975,Jevon Carter,Jevon,1610612741,CHI,Chicago Bulls,0022400430,2024-12-28T00:00:00,CHI vs. MIL,W,6.166666666666667,5.8,11.7,0.5,5.8,11.7,0.5,11.7,11.7,1.0,0.0,5.8,5.8,5.8,0.0,0.0,0.0,0.0,0.0,5.8,29.2,-23.4,45.0,0,0,46.7,1,1,13086,1,23530,11992,14159,8526,1440,1981,3944,377,843,1,14058,8697,12673,5776,16469,12854,8263,8846,20257,2834,2375,22429,5205,2246,150,3590,1,6:10
2024-25,202704,Reggie Jackson,Reggie,1610612755,PHI,Philadelphia 76ers,0022400433,2024-12-28T00:00:00,PHI @ UTA,W,14.833333333333334,7.3,12.1,0.6,4.9,7.3,0.667,0.0,0.0,0.0,2.4,7.3,9.7,2.4,0.0,0.0,0.0,0.0,2.4,0.0,19.4,-2.4,34.7,0,0,36.4,1,1,13086,1,19683,8259,13345,5394,2486,7861,1957,13505,14344,13505,6845,5855,5788,14787,16469,12854,8263,8846,13084,17725,8455,14273,11286,2246,150,9096,1,14:50
2024-25,1628366,Lonzo Ball,Lonzo,1610612741,CHI,Chicago Bulls,0022400430,2024-12-28T00:00:00,CHI vs. MIL,W,19.483333333333334,5.5,9.2,0.6,5.5,7.4,0.75,0.0,0.0,0.0,0.0,5.5,5.5,5.5,3.7,1.8,0.0,0.0,5.5,0.0,16.6,-31.4,33.4,0,0,37.0,1,1,13086,1,16431,12875,18346,5394,1702,7639,1542,13505,14344,13505,14058,9422,13433,6351,4566,7046,8263,8846,3639,17725,11242,23948,12227,2246,150,8756,1,19:29
2024-25,1630249,Vít Krejčí,Vít,1610612737,ATL,Atlanta Hawks,0022400427,2024-12-28T00:00:00,ATL vs. MIA,W,23.183333333333334,3.1,9.3,0.333,1.6,6.2,0.25,3.1,3.1,1.0,1.6,3.1,4.7,7.8,1.6,0.0,0.0,1.6,4.7,1.6,10.9,-7.8,26.6,0,0,24.8,1,1,13086,1,13567,19188,18251,17395,11853,10174,11902,7528,9708,1,10111,16391,15674,3121,12536,12854,8263,4580,5386,14790,17295,16863,17254,2246,150,17798,1,23:11
2024-25,1629008,Michael Porter Jr.,Michael,1610612743,DEN,Denver Nuggets,0022400432,2024-12-28T00:00:00,DEN vs. DET,W,33.71666666666667,9.6,14.9,0.643,5.3,7.5,0.714,3.2,4.3,0.75,1.1,2.1,3.2,0.0,1.1,0.0,0.0,0.0,1.1,2.1,27.8,5.3,30.5,0,0,36.3,1,1,13086,1,4521,3708,8683,4607,1911,7458,1861,7326,7268,8186,12732,19252,19229,19908,15366,12854,8263,8846,19287,12460,2881,9924,14406,2246,150,9154,1,33:43
2024-25,1641729,Brice Sensabaugh,Brice,1610612762,UTA,Utah Jazz,0022400433,2024-12-28T00:00:00,UTA vs. PHI,L,24.548333333333332,8.8,13.2,0.667,4.4,7.3,0.6,7.3,7.3,1.0,0.0,7.3,7.3,2.9,1.5,0.0,1.5,1.5,4.4,5.9,29.3,-5.9,45.5,0,0,46.9,1,13222,1,13222,12444,5083,11484,3281,3230,7757,2992,1778,3063,1,14058,5777,9507,13151,12918,12854,4969,4903,6018,2796,2330,16004,4967,2246,150,3512,1,24:33
2024-25,201142,Kevin Durant,Kevin,1610612756,PHX,Phoenix Suns,0022400431,2024-12-28T00:00:00,PHX @ GSW,L,37.13333333333333,9.7,23.3,0.417,1.0,4.8,0.2,9.7,11.6,0.833,1.9,3.9,5.8,2.9,7.8,0.0,3.9,1.9,1.9,7.8,30.1,-16.5,45.3,0,0,47.5,1,13222,1,13222,1898,3609,1293,14532,14709,13578,13429,785,858,7275,8666,14099,12729,13251,645,12854,987,3426,15464,1160,2065,20440,5054,2246,150,3302,1,37:08
2024-25,1626171,Bobby Portis,Bobby,1610612749,MIL,Milwaukee Bucks,0022400430,2024-12-28T00:00:00,MIL @ CHI,L,33.916666666666664,5.3,18.0,0.294,2.1,7.4,0.286,2.1,2.1,1.0,3.2,6.4,9.6,4.2,1.1,2.1,1.1,2.1,3.2,3.2,14.9,-4.2,41.2,0,0,37.1,1,13222,1,13222,4334,13511,4619,19598,9579,7537,11433,10222,12344,1,4973,7561,5985,9261,15414,5689,7050,2858,9926,8608,13054,15200,7058,2246,150,8617,1,33:55
2024-25,1631157,Ryan Rollins,Ryan,1610612749,MIL,Milwaukee Bucks,0022400430,2024-12-28T00:00:00,MIL @ CHI,L,21.273333333333333,5.1,10.2,0.5,1.7,1.7,1.0,0.0,0.0,0.0,0.0,11.8,11.8,1.7,0.0,1.7,3.4,3.4,3.4,0.0,11.8,5.1,43.8,0,0,37.2,1,13222,1,13222,15092,14155,16815,8526,11424,20056,1,13505,14344,13505,14058,1445,3620,17394,16469,7640,1322,1006,9141,17725,16301,10070,5750,2246,150,8569,1,21:16
2024-25,1626204,Larry Nance Jr.,Larry,1610612737,ATL,Atlanta Hawks,0022400427,2024-12-28T00:00:00,ATL vs. MIA,W,26.633333333333333,5.4,8.1,0.667,0.0,1.4,0.0,2.7,2.7,1.0,2.7,10.8,13.5,1.4,5.4,2.7,0.0,0.0,0.0,1.4,13.5,17.6,34.5,1,0,33.8,1,1,13086,1,10618,13254,20070,3281,15070,20435,15070,8576,10740,1,6094,2014,2479,18492,1893,3899,8263,8846,20257,15666,14482,4715,11471,1,150,11004,1,26:38
2024-25,1641731,Bilal Coulibaly,Bilal,1610612764,WAS,Washington Wizards,0022400429,2024-12-28T00:00:00,WAS vs. NYK,L,36.77166666666667,7.8,16.6,0.471,2.0,3.9,0.5,0.0,1.0,0.0,1.0,4.9,5.9,5.9,2.0,2.0,1.0,1.0,4.9,2.0,17.6,0.0,40.3,0,0,37.2,1,13222,1,13222,2140,7005,6251,12143,10363,15745,3944,13505,14247,13505,13435,11175,12586,5718,10737,6465,7632,8111,4851,13285,10200,12240,7550,2246,150,8584,1,36:46
2024-25,200768,Kyle Lowry,Kyle,1610612755,PHI,Philadelphia 76ers,0022400433,2024-12-28T00:00:00,PHI @ UTA,W,18.751666666666665,0.0,1.9,0.0,0.0,1.9,0.0,0.0,0.0,0.0,0.0,3.8,3.8,9.6,0.0,3.8,1.9,0.0,0.0,0.0,0.0,17.3,36.3,0,0,25.0,1,1,13086,1,17003,22635,24772,22635,15070,19703,15070,13505,14344,13505,14058,14207,17733,1647,16469,1803,3709,8846,20257,17725,23200,4815,10176,2246,150,17721,1,18:45
2024-25,1642346,Ryan Dunn,Ryan,1610612756,PHX,Phoenix Suns,0022400431,2024-12-28T00:00:00,PHX @ GSW,L,26.5,8.2,16.3,0.5,1.4,8.2,0.167,2.7,2.7,1.0,2.7,2.7,5.4,1.4,0.0,0.0,2.7,0.0,2.7,1.4,20.4,8.2,37.1,0,0,34.0,1,13222,1,13222,10724,6299,6680,8526,12608,6169,14236,8530,10696,1,6051,17645,13716,18475,16469,12854,2053,8846,11962,15628,7595,8550,9638,2246,150,10880,1,26:30
2024-25,201599,DeAndre Jordan,DeAndre,1610612743,DEN,Denver Nuggets,0022400432,2024-12-28T00:00:00,DEN vs. DET,W,10.766666666666667,6.7,6.7,1.0,0.0,0.0,0.0,6.7,13.4,0.5,0.0,10.0,10.0,0.0,3.3,0.0,3.3,0.0,0.0,6.7,20.1,-40.1,38.8,0,0,36.8,1,1,13086,1,21817,9715,21905,1,15070,20945,15070,2249,547,10625,14058,2555,5400,19908,5376,12854,1353,8846,20257,1909,7874,24850,8545,2246,150,8859,1,10:46
2024-25,1629006,Josh Okogie,Josh,1610612756,PHX,Phoenix Suns,0022400431,2024-12-28T00:00:00,PHX @ GSW,L,30.815,4.7,9.3,0.5,1.2,2.3,0.5,2.3,4.7,0.5,7.0,3.5,10.5,0.0,2.3,2.3,2.3,1.2,2.3,2.3,12.9,3.5,37.2,0,0,33.9,1,13222,1,13222,7036,15307,18206,8526,13545,18926,3944,9504,6535,10625,1145,15229,4894,19908,8918,4910,2674,6493,13498,11602,15242,10892,9582,2246,150,10941,1,30:49
2024-25,1641824,Matas Buzelis,Matas,1610612741,CHI,Chicago Bulls,0022400430,2024-12-28T00:00:00,CHI vs. MIL,W,12.966666666666667,2.8,5.6,0.5,0.0,0.0,0.0,0.0,0.0,0.0,5.6,2.8,8.3,0.0,0.0,0.0,5.6,0.0,2.8,0.0,5.6,-11.1,32.2,0,0,25.0,1,1,13086,1,20755,19927,23041,8526,15070,20945,15070,13505,14344,13505,1914,17479,7724,19908,16469,12854,385,8846,11741,17725,21702,18365,13169,2246,150,17697,1,12:58
2024-25,1631209,Isaiah Wong,Isaiah,1610612766,CHA,Charlotte Hornets,0022400428,2024-12-28T00:00:00,CHA vs. OKC,L,18.751666666666665,3.8,15.4,0.25,0.0,5.8,0.0,11.5,11.5,1.0,0.0,0.0,0.0,1.9,1.9,1.9,0.0,1.9,1.9,5.8,19.2,1.9,25.9,0,0,25.0,1,13222,1,13222,17003,17478,8021,20233,15070,11308,15070,401,888,1,14058,22137,23286,16678,10948,6669,8263,3479,15576,2961,8656,11670,17672,2246,150,17721,1,18:45
2024-25,1629028,Deandre Ayton,Deandre,1610612757,POR,Portland Trail Blazers,0022400434,2024-12-28T00:00:00,POR vs. DAL,W,35.7,9.1,15.1,0.6,0.0,1.0,0.0,3.0,4.0,0.75,4.0,12.1,16.1,1.0,4.0,2.0,3.0,1.0,4.0,3.0,21.2,16.1,53.1,1,0,48.4,1,1,13086,1,2904,4565,8385,5394,15070,20853,15070,7734,7775,8186,3557,1306,1382,19653,3811,6173,1662,7843,7048,9143,6940,5203,2406,1,150,3018,1,35:42
2024-25,1630191,Isaiah Stewart,Isaiah,1610612765,DET,Detroit Pistons,0022400432,2024-12-28T00:00:00,DET @ DEN,L,16.1,2.2,6.7,0.333,2.2,4.5,0.5,0.0,0.0,0.0,0.0,8.9,8.9,6.7,0.0,0.0,0.0,0.0,8.9,0.0,6.7,-38.0,27.5,0,0,24.6,1,13222,1,13222,18858,20975,21888,17395,9093,14517,3944,13505,14344,13505,14058,3569,6828,4413,16469,12854,8263,8846,979,17725,20916,24697,16578,2246,150,17950,1,16:06
2024-25,1629726,Garrison Mathews,Garrison,1610612737,ATL,Atlanta Hawks,0022400427,2024-12-28T00:00:00,ATL vs. MIA,W,27.2,6.6,10.6,0.625,5.3,9.3,0.571,5.3,6.6,0.8,0.0,2.6,2.6,2.6,1.3,1.3,0.0,0.0,4.0,5.3,23.8,21.2,33.6,0,0,37.1,1,1,13086,1,10190,9887,16062,4899,1957,4436,3506,3661,3744,7681,14058,17825,20547,14057,13694,9327,8263,8846,7212,3637,4918,3654,12101,2246,150,8688,1,27:12
2024-25,1627741,Buddy Hield,Buddy,1610612744,GSW,Golden State Warriors,0022400426,2024-12-27T00:00:00,GSW @ LAC,L,21.65,3.3,13.3,0.25,1.7,10.0,0.167,0.0,0.0,0.0,3.3,11.6,15.0,0.0,1.7,0.0,0.0,1.7,3.3,0.0,8.3,-26.6,24.6,0,0,24.9,1,13222,1,13222,14796,18690,11298,20233,11500,3508,14236,13505,14344,13505,4696,1548,1786,19908,12082,12854,8263,4244,9362,17725,19645,23151,18542,2246,150,17731,1,21:39
2024-25,1628988,Aaron Holiday,Aaron,1610612745,HOU,Houston Rockets,0022400422,2024-12-27T00:00:00,HOU vs. MIN,L,5.35,0.0,0.0,0.0,0.0,0.0,0.0,0.0,0.0,0.0,0.0,0.0,0.0,6.7,0.0,13.5,0.0,0.0,0.0,0.0,0.0,33.6,50.5,0,0,33.6,1,13222,1,13222,23840,22635,24836,22635,15070,20945,15070,13505,14344,13505,14058,22137,23286,4384,16469,57,8263,8846,20257,17725,23200,1554,3137,2246,150,11114,1,5:21
2024-25,1642346,Ryan Dunn,Ryan,1610612756,PHX,Phoenix Suns,0022400425,2024-12-27T00:00:00,PHX vs. DAL,L,21.201666666666668,3.4,13.6,0.25,1.7,8.5,0.2,0.0,0.0,0.0,1.7,6.8,8.5,1.7,0.0,5.1,1.7,3.4,3.4,1.7,8.5,-10.2,41.6,0,0,34.0,1,13222,1,13222,15153,18551,10867,20233,11406,5602,13429,13505,14344,13505,9584,6719,7483,17375,16469,842,4298,997,9097,14277,19523,17966,6831,2246,150,10888,1,21:12
2024-25,1630578,Alperen Sengun,Alperen,1610612745,HOU,Houston Rockets,0022400422,2024-12-27T00:00:00,HOU vs. MIN,L,40.85,14.1,22.0,0.64,0.0,0.9,0.0,5.3,8.8,0.6,7.1,3.5,10.6,0.9,1.8,0.9,0.0,2.6,3.5,8.8,33.5,-5.3,48.4,1,0,46.7,1,13222,1,13222,395,681,1811,4685,15070,20930,15070,3673,1976,10343,1124,15164,4836,19876,11696,12730,8263,1816,8686,717,1218,15739,3854,1,150,3589,1,40:51
2024-25,203497,Rudy Gobert,Rudy,1610612750,MIN,Minnesota Timberwolves,0022400422,2024-12-27T00:00:00,MIN @ HOU,W,28.616666666666667,3.8,6.3,0.6,0.0,0.0,0.0,1.3,7.5,0.167,6.3,5.0,11.3,0.0,0.0,0.0,2.5,0.0,2.5,6.3,8.8,-22.6,29.9,0,0,25.2,1,1,13086,1,9022,17637,22334,5394,15070,20945,15070,12426,2855,13500,1477,10783,4110,19908,16469,12854,2343,8846,12726,2297,19264,22257,14841,2246,150,17553,1,28:37
2024-25,1628467,Maxi Kleber,Maxi,1610612742,DAL,Dallas Mavericks,0022400425,2024-12-27T00:00:00,DAL @ PHX,W,26.22833333333333,6.9,9.6,0.714,1.4,2.7,0.5,5.5,5.5,1.0,1.4,8.2,9.6,2.7,0.0,1.4,0.0,0.0,0.0,2.7,20.6,5.5,40.4,0,0,37.1,1,1,13086,1,10981,9264,17753,2752,12547,18175,3944,3422,5204,1,10868,4374,5913,13768,16469,9056,8263,8846,20257,10175,7408,9851,7537,2246,150,8687,1,26:14
2024-25,1629599,Amir Coffey,Amir,1610612746,LAC,LA Clippers,0022400426,2024-12-27T00:00:00,LAC vs. GSW,W,25.633333333333333,4.2,9.8,0.429,4.2,7.0,0.6,2.8,2.8,1.0,0.0,2.8,2.8,0.0,0.0,0.0,1.4,0.0,4.2,4.2,15.4,-1.4,23.0,0,0,25.3,1,1,13086,1,11458,16558,17353,13735,3537,8421,2992,8328,10467,1,14058,17369,20228,19908,16469,12854,5216,8846,6517,5804,12462,13757,19544,2246,150,17451,1,25:38
2024-25,1630541,Moses Moody,Moses,1610612744,GSW,Golden State Warriors,0022400426,2024-12-27T00:00:00,GSW @ LAC,L,24.416666666666668,5.9,16.2,0.364,1.5,7.4,0.2,2.9,2.9,1.0,0.0,2.9,2.9,1.5,1.5,5.9,0.0,4.4,5.9,4.4,16.2,8.8,38.2,0,0,33.9,1,13222,1,13222,12550,11810,6807,16861,12143,7674,13429,7956,10096,1,14058,16892,19854,18076,12880,501,8263,505,3076,5294,11709,8249,8901,2246,150,10918,1,24:25
2024-25,1629023,P.J. Washington,P.J.,1610612742,DAL,Dallas Mavericks,0022400425,2024-12-27T00:00:00,DAL @ PHX,W,19.866666666666667,3.6,9.1,0.4,3.6,7.2,0.5,1.8,3.6,0.5,1.8,3.6,5.4,3.6,7.2,0.0,0.0,1.8,5.4,3.6,12.7,18.1,17.4,0,0,25.4,1,1,13086,1,16126,18022,18625,14933,4858,7937,3944,11213,8638,10625,9200,14861,13709,11009,794,12854,8263,3862,3793,7319,15406,4519,22341,2246,150,17377,1,19:52
2024-25,1629651,Nic Claxton,Nic,1610612751,BKN,Brooklyn Nets,0022400421,2024-12-27T00:00:00,BKN vs. SAS,L,32.86666666666667,5.5,14.2,0.385,0.0,2.2,0.0,1.1,1.1,1.0,4.4,6.6,11.0,0.0,4.4,3.3,2.2,1.1,2.2,2.2,12.0,-5.5,37.2,1,0,34.0,1,13222,1,13222,5276,13044,9776,16070,15070,19184,15070,12918,14046,1,3075,7158,4452,19908,3171,2592,2966,7080,14134,12200,16094,15822,9503,1,150,10891,1,32:52
2024-25,1629638,Nickeil Alexander-Walker,Nickeil,1610612750,MIN,Minnesota Timberwolves,0022400422,2024-12-27T00:00:00,MIN @ HOU,W,29.25,4.9,11.1,0.444,3.7,8.6,0.429,0.0,0.0,0.0,0.0,4.9,4.9,6.2,0.0,0.0,0.0,0.0,1.2,0.0,13.5,16.0,28.7,0,0,28.3,1,1,13086,1,8450,14625,15229,13045,4715,5395,7394,13505,14344,13505,14058,11106,14999,5241,16469,12854,8263,8846,18373,17725,14459,5246,15737,2246,150,15204,1,29:15
2024-25,1630529,Herbert Jones,Herbert,1610612740,NOP,New Orleans Pelicans,0022400423,2024-12-27T00:00:00,NOP vs. MEM,L,27.816666666666666,2.6,7.8,0.333,0.0,3.9,0.0,0.0,0.0,0.0,2.6,3.9,6.5,3.9,2.6,3.9,2.6,1.3,6.5,0.0,5.2,5.2,35.6,0,0,28.5,1,13222,1,13222,9700,20292,20573,17395,15070,15842,15070,13505,14344,13505,6377,14083,11235,10275,7922,1756,2233,5681,2425,17725,21921,10016,10670,2246,150,15093,1,27:49
2024-25,1629634,Brandon Clarke,Brandon,1610612763,MEM,Memphis Grizzlies,0022400423,2024-12-27T00:00:00,MEM @ NOP,W,19.15,0.0,1.9,0.0,0.0,0.0,0.0,5.6,7.5,0.75,0.0,7.5,7.5,0.0,1.9,3.8,3.8,0.0,3.8,3.8,5.6,3.8,35.3,0,0,28.2,1,1,13086,1,16714,22635,24778,22635,15070,20945,15070,3258,2886,8186,14058,5463,9132,19908,11158,1899,1055,8846,7884,6961,21634,10774,10839,2246,150,15295,1,19:09
2024-25,1630579,Jericho Sims,Jericho,1610612752,NYK,New York Knicks,0022400419,2024-12-27T00:00:00,NYK @ ORL,W,1.3,0.0,27.7,0.0,0.0,0.0,0.0,0.0,0.0,0.0,27.7,0.0,27.7,0.0,0.0,0.0,0.0,0.0,0.0,0.0,0.0,0.0,33.2,0,0,27.7,1,1,13086,1,25917,22635,424,22635,15070,20945,15070,13505,14344,13505,19,22137,120,19908,16469,12854,8263,8846,20257,17725,23200,12240,12400,2246,150,15649,1,1:18
2024-25,1630183,Jaden McDaniels,Jaden,1610612750,MIN,Minnesota Timberwolves,0022400422,2024-12-27T00:00:00,MIN @ HOU,W,20.133333333333333,1.8,10.7,0.167,0.0,3.6,0.0,0.0,0.0,0.0,1.8,7.2,8.9,1.8,3.6,5.4,0.0,0.0,7.2,3.6,3.6,-8.9,29.5,0,0,25.0,1,1,13086,1,15915,21773,15839,21938,15070,16493,15070,13505,14344,13505,9284,6087,6836,17120,4822,707,8263,8846,1852,7463,22747,17399,15145,2246,150,17653,1,20:08
2024-25,1630643,Jay Huff,Jay,1610612763,MEM,Memphis Grizzlies,0022400423,2024-12-27T00:00:00,MEM @ NOP,W,12.666666666666666,5.7,11.4,0.5,2.8,8.5,0.333,5.7,5.7,1.0,0.0,5.7,5.7,0.0,0.0,0.0,0.0,0.0,5.7,2.8,19.9,-42.6,26.7,0,0,28.4,1,1,13086,1,20909,12461,14711,8526,7075,5534,9209,3196,4910,1,14058,9077,13062,19908,16469,12854,8263,8846,3414,9805,8002,25025,17145,2246,150,15129,1,12:40
2024-25,201587,Nicolas Batum,Nicolas,1610612746,LAC,LA Clippers,0022400426,2024-12-27T00:00:00,LAC vs. GSW,W,20.05,1.8,5.4,0.333,1.8,5.4,0.333,0.0,0.0,0.0,1.8,7.2,9.0,5.4,3.6,0.0,1.8,0.0,1.8,0.0,5.4,-3.6,26.0,0,0,25.1,1,1,13086,1,15985,21764,23190,17395,11096,12240,9209,13505,14344,13505,9253,6036,6783,6655,4796,12854,4067,8846,16207,17725,21804,14843,17595,2246,150,17572,1,20:03
2024-25,1631110,Jeremy Sochan,Jeremy,1610612759,SAS,San Antonio Spurs,0022400421,2024-12-27T00:00:00,SAS @ BKN,W,33.833333333333336,3.2,7.4,0.429,0.0,0.0,0.0,6.4,8.5,0.75,3.2,11.7,14.9,3.2,1.1,0.0,1.1,2.1,2.1,5.3,12.8,-1.1,37.6,1,0,33.0,1,1,13086,1,4412,19014,21005,13735,15070,20945,15070,2515,2181,8186,4958,1523,1826,12349,15389,12854,7034,2838,14472,3600,15320,13584,9312,1,150,11662,1,33:50
2024-25,201949,James Johnson,James,1610612754,IND,Indiana Pacers,0022400420,2024-12-27T00:00:00,IND @ BOS,L,6.366666666666666,11.3,17.0,0.667,0.0,0.0,0.0,0.0,5.7,0.0,0.0,0.0,0.0,0.0,0.0,0.0,5.7,0.0,11.3,5.7,22.6,-17.0,39.6,0,0,33.9,1,13222,1,13222,23428,1998,5840,3281,15070,20945,15070,13505,4969,13505,14058,22137,23286,19908,16469,12854,372,8846,496,3110,5760,20605,8024,2246,150,10905,1,6:22
2024-25,1629008,Michael Porter Jr.,Michael,1610612743,DEN,Denver Nuggets,0022400424,2024-12-27T00:00:00,DEN vs. CLE,L,31.933333333333334,6.8,12.4,0.545,5.6,9.0,0.625,1.1,2.3,0.5,1.1,3.4,4.5,3.4,1.1,0.0,0.0,0.0,5.6,1.1,20.3,-5.6,29.6,0,0,33.8,1,13222,1,13222,6032,9519,12894,7695,1630,4790,2868,12829,11919,10625,12279,15572,16031,11728,14957,12854,8263,8846,3488,16787,7664,15893,15055,2246,150,10984,1,31:56
2024-25,1629731,Dean Wade,Dean,1610612739,CLE,Cleveland Cavaliers,0022400424,2024-12-27T00:00:00,CLE @ DEN,W,25.8,4.2,5.6,0.75,4.2,5.6,0.75,2.8,2.8,1.0,1.4,2.8,4.2,7.0,1.4,0.0,2.8,1.4,1.4,1.4,15.3,26.5,37.8,0,0,36.3,1,1,13086,1,11331,16635,23011,2107,3596,11764,1542,8364,10503,1,10768,17428,16842,4030,13305,12854,1962,5190,17638,15470,12572,2517,9155,2246,150,9171,1,25:48
2024-25,1641715,Cam Whitmore,Cam,1610612745,HOU,Houston Rockets,0022400422,2024-12-27T00:00:00,HOU vs. MIN,L,11.583333333333334,3.1,15.5,0.2,0.0,9.3,0.0,6.2,6.2,1.0,0.0,9.3,9.3,3.1,0.0,0.0,0.0,0.0,3.1,3.1,12.4,-24.9,28.3,0,0,24.9,1,13222,1,13222,21452,19177,7767,21401,15070,4344,15070,2665,4213,1,14058,3183,6289,12583,16469,12854,8263,8846,10243,8858,15673,22779,16012,2246,150,17786,1,11:35
2024-25,1630170,Devin Vassell,Devin,1610612759,SAS,San Antonio Spurs,0022400421,2024-12-27T00:00:00,SAS @ BKN,W,33.81666666666667,4.3,17.0,0.25,2.1,5.3,0.4,0.0,0.0,0.0,2.1,4.3,6.4,5.3,1.1,3.2,1.1,0.0,0.0,1.1,10.6,-2.1,38.0,0,0,33.0,1,1,13086,1,4424,16440,5765,20233,9559,12409,7874,13505,14344,13505,7851,12945,11432,6776,15386,2756,7031,8846,20257,17096,17519,14115,9023,2246,150,11652,1,33:49
2024-25,1630241,Sam Merrill,Sam,1610612739,CLE,Cleveland Cavaliers,0022400424,2024-12-27T00:00:00,CLE @ DEN,W,18.666666666666668,5.8,7.7,0.75,5.8,7.7,0.75,0.0,0.0,0.0,0.0,5.8,5.8,0.0,0.0,0.0,3.9,0.0,1.9,1.9,17.4,19.3,35.9,0,0,36.6,1,1,13086,1,17057,12151,20635,2107,1490,6975,1542,13505,14344,13505,14058,8821,12794,19908,16469,12854,1002,8846,15529,13409,10464,4175,10456,2246,150,8953,1,18:40
2024-25,1628418,Thomas Bryant,Thomas,1610612754,IND,Indiana Pacers,0022400420,2024-12-27T00:00:00,IND @ BOS,L,18.783333333333335,9.6,13.4,0.714,3.8,7.7,0.5,0.0,0.0,0.0,1.9,11.5,13.4,0.0,3.8,1.9,1.9,0.0,0.0,0.0,23.0,-21.1,46.8,0,0,47.9,1,13222,1,13222,16980,3752,11134,2752,4351,7051,3944,13505,14344,13505,8750,1632,2537,19908,4223,6680,3715,8846,20257,17725,5475,21855,4417,2246,150,3172,1,18:47
2024-25,1641708,Amen Thompson,Amen,1610612745,HOU,Houston Rockets,0022400422,2024-12-27T00:00:00,HOU vs. MIN,L,38.96666666666667,8.3,11.1,0.75,0.0,0.9,0.0,1.8,1.8,1.0,1.8,8.3,10.2,0.9,2.8,0.9,0.9,0.0,3.7,2.8,18.5,-3.7,34.8,1,0,33.3,1,13222,1,13222,895,5957,15218,2107,15070,20922,15070,11123,13116,1,9050,4260,5265,19840,7317,12542,7988,8846,8100,10070,9342,14886,11177,1,150,11445,1,38:58
2024-25,1627749,Dejounte Murray,Dejounte,1610612740,NOP,New Orleans Pelicans,0022400423,2024-12-27T00:00:00,NOP vs. MEM,L,38.63333333333333,5.6,14.9,0.375,0.9,3.7,0.25,1.9,1.9,1.0,0.9,5.6,6.5,8.4,6.5,2.8,0.9,1.9,1.9,0.9,14.0,-14.0,39.0,0,0,37.3,1,13222,1,13222,1042,12731,8738,16299,14864,16148,11902,11075,13084,1,13762,9323,11122,2525,1117,3698,7943,3697,15871,17598,13956,19497,8373,2246,150,8527,1,38:38
2024-25,1641705,Victor Wembanyama,Victor,1610612759,SAS,San Antonio Spurs,0022400421,2024-12-27T00:00:00,SAS @ BKN,W,35.483333333333334,7.1,14.2,0.5,3.0,6.1,0.5,2.0,2.0,1.0,0.0,7.1,7.1,4.1,3.0,0.0,6.1,1.0,4.1,5.1,19.3,3.0,49.1,0,0,45.7,1,1,13086,1,3087,8698,9827,8526,6363,10473,3944,10539,12640,1,14058,6169,9948,9781,6300,12854,296,7777,6977,3965,8571,11095,3581,2246,150,3954,1,35:29
2024-25,1629655,Daniel Gafford,Daniel,1610612742,DAL,Dallas Mavericks,0022400425,2024-12-27T00:00:00,DAL @ PHX,W,28.936666666666667,8.7,13.7,0.636,0.0,0.0,0.0,2.5,2.5,1.0,2.5,3.7,6.2,1.2,1.2,0.0,2.5,1.2,5.0,3.7,19.9,10.0,35.5,0,0,32.3,1,1,13086,1,8728,5258,10678,4689,15070,20945,15070,9087,11241,1,6654,14526,11779,18866,14138,12854,2406,5970,4673,7044,7995,7721,10762,2246,150,12111,1,28:56
2024-25,1631128,Christian Braun,Christian,1610612743,DEN,Denver Nuggets,0022400424,2024-12-27T00:00:00,DEN vs. CLE,L,31.883333333333333,7.9,10.2,0.778,2.3,4.5,0.5,0.0,0.0,0.0,1.1,1.1,2.3,1.1,1.1,1.1,0.0,0.0,4.5,0.0,18.1,-23.7,24.7,0,0,26.0,1,13222,1,13222,6069,6841,16800,1994,9021,14393,3944,13505,14344,13505,12268,21687,21299,19262,14944,10777,8263,8846,5740,17725,9773,22501,18472,2246,150,16959,1,31:53
2024-25,1631212,Peyton Watson,Peyton,1610612743,DEN,Denver Nuggets,0022400424,2024-12-27T00:00:00,DEN vs. CLE,L,25.65,8.4,11.2,0.75,2.8,2.8,1.0,5.6,7.0,0.8,0.0,1.4,1.4,2.8,0.0,1.4,1.4,1.4,0.0,4.2,25.3,-22.5,39.6,0,0,37.9,1,13222,1,13222,11448,5759,14980,2107,7191,18047,1,3302,3352,7681,14058,21073,22684,13564,16469,8879,5220,5166,20257,5811,4078,22208,8026,2246,150,8084,1,25:39
2024-25,1641765,Olivier-Maxence Prosper,Olivier-Maxence,1610612742,DAL,Dallas Mavericks,0022400425,2024-12-27T00:00:00,DAL @ PHX,W,5.538333333333333,6.5,13.0,0.5,0.0,6.5,0.0,0.0,0.0,0.0,0.0,6.5,6.5,0.0,0.0,6.5,0.0,0.0,0.0,0.0,13.0,-6.5,40.3,0,0,32.5,1,1,13086,1,23767,10183,11854,8526,15070,9548,15070,13505,14344,13505,14058,7306,11178,19908,16469,375,8263,8846,20257,17725,15093,16293,7571,2246,150,11991,1,5:32
2024-25,1642377,Jaylen Wells,Jaylen,1610612763,MEM,Memphis Grizzlies,0022400423,2024-12-27T00:00:00,MEM @ NOP,W,32.435,3.3,11.1,0.3,1.1,6.7,0.167,3.3,4.4,0.75,0.0,2.2,2.2,2.2,0.0,0.0,0.0,1.1,2.2,3.3,11.1,4.4,17.1,0,0,16.6,1,1,13086,1,5611,18683,15190,19363,13888,9195,14236,7051,6958,8186,14058,19017,21375,15557,16469,12854,8263,6970,14014,8161,17088,10413,22448,2246,150,22447,1,32:26
2024-25,1629013,Landry Shamet,Landry,1610612752,NYK,New York Knicks,0022400419,2024-12-27T00:00:00,NYK @ ORL,W,10.345,10.4,13.9,0.75,3.5,3.5,1.0,0.0,0.0,0.0,0.0,3.5,3.5,0.0,0.0,7.0,0.0,3.5,0.0,0.0,24.4,17.4,49.4,0,0,45.2,1,1,13086,1,21990,2773,10306,2107,5193,16692,1,13505,14344,13505,14058,15291,18595,19908,16469,301,8263,931,20257,17725,4578,4772,3453,2246,150,4136,1,10:21
2024-25,1629003,Shake Milton,Shake,1610612751,BKN,Brooklyn Nets,0022400421,2024-12-27T00:00:00,BKN vs. SAS,L,34.3,5.2,9.4,0.556,3.1,6.3,0.5,3.1,4.2,0.75,0.0,3.1,3.1,12.6,1.0,1.0,0.0,1.0,3.1,4.2,16.8,7.3,41.6,1,0,37.8,1,13222,1,13222,4009,13672,18048,7248,6099,9983,3944,7443,7413,8186,14058,16263,19373,602,15493,11497,8263,7493,10095,5849,11079,8962,6851,1,150,8178,1,34:18
2024-25,1630200,Tre Jones,Tre,1610612759,SAS,San Antonio Spurs,0022400421,2024-12-27T00:00:00,SAS @ BKN,W,16.516666666666666,0.0,2.2,0.0,0.0,2.2,0.0,4.4,4.4,1.0,2.2,2.2,4.4,13.1,4.4,2.2,0.0,0.0,2.2,4.4,4.4,17.4,31.4,0,0,26.2,1,1,13086,1,18595,22635,24727,22635,15070,19203,15070,5054,7092,1,7653,19128,16388,517,3209,5478,8263,8846,14188,5454,22364,4763,13760,2246,150,16830,1,16:31
2024-25,1630217,Desmond Bane,Desmond,1610612763,MEM,Memphis Grizzlies,0022400423,2024-12-27T00:00:00,MEM @ NOP,W,32.23166666666667,6.7,14.5,0.462,2.2,6.7,0.333,4.5,4.5,1.0,0.0,4.5,4.5,8.9,1.1,4.5,0.0,1.1,2.2,4.5,20.1,15.6,51.2,0,0,44.7,1,1,13086,1,5789,9677,9329,12428,9103,9100,9209,4883,6902,1,14058,12342,16126,2072,15019,1247,8263,6896,13948,5213,7836,5373,2943,2246,150,4403,1,32:14
2024-25,1630592,Jalen Wilson,Jalen,1610612751,BKN,Brooklyn Nets,0022400421,2024-12-27T00:00:00,BKN vs. SAS,L,39.38333333333333,3.7,11.9,0.308,2.7,5.5,0.5,0.0,0.0,0.0,0.0,1.8,1.8,2.7,1.8,0.0,0.0,1.8,3.7,0.9,10.1,-11.0,14.5,0,0,17.4,1,13222,1,13222,751,17955,13795,19226,7413,11991,3944,13505,14344,13505,14058,20167,22119,13782,11417,12854,8263,3807,8239,17636,18105,18304,23319,2246,150,22143,1,39:23
2024-25,1630230,Naji Marshall,Naji,1610612742,DAL,Dallas Mavericks,0022400425,2024-12-27T00:00:00,DAL @ PHX,W,18.65,3.9,5.8,0.667,0.0,0.0,0.0,0.0,0.0,0.0,0.0,5.8,5.8,3.9,1.9,0.0,0.0,0.0,1.9,0.0,7.7,19.3,18.5,0,0,17.4,1,1,13086,1,17073,17423,22819,3281,15070,20945,15070,13505,14344,13505,14058,8806,12777,10338,10894,12854,8263,8846,15515,17725,20151,4173,21873,2246,150,22137,1,18:39
2024-25,1630530,Trey Murphy III,Trey,1610612740,NOP,New Orleans Pelicans,0022400423,2024-12-27T00:00:00,NOP vs. MEM,L,38.833333333333336,9.3,19.5,0.476,4.6,11.1,0.417,9.3,10.2,0.909,0.0,2.8,2.8,3.7,1.9,0.0,0.9,0.9,3.7,6.5,32.4,-1.9,42.3,0,0,45.4,1,13222,1,13222,945,4258,3366,12010,2830,2391,7826,923,1293,6764,14058,17460,20296,10767,11297,12854,7973,8518,8049,2097,1426,13950,6489,2246,150,4060,1,38:50
2024-25,1628384,OG Anunoby,OG,1610612752,NYK,New York Knicks,0022400419,2024-12-27T00:00:00,NYK @ ORL,W,27.555,5.2,10.5,0.5,0.0,1.3,0.0,0.0,0.0,0.0,1.3,5.2,6.5,0.0,3.9,0.0,0.0,1.3,5.2,0.0,10.5,9.1,14.4,0,0,17.0,1,1,13086,1,9907,13749,16304,8526,15070,20487,15070,13505,14344,13505,11168,10222,11100,19908,4044,12854,8263,5619,4150,17725,17711,8116,23371,2246,150,22317,1,27:33
2024-25,1630531,Jaden Springer,Jaden,1610612738,BOS,Boston Celtics,0022400420,2024-12-27T00:00:00,BOS vs. IND,W,7.7283333333333335,0.0,0.0,0.0,0.0,0.0,0.0,27.9,27.9,1.0,0.0,4.7,4.7,0.0,0.0,0.0,0.0,0.0,9.3,14.0,27.9,41.9,33.5,0,0,32.6,1,1,13086,1,22918,22635,24836,22635,15070,20945,15070,38,63,1,14058,11832,15676,19908,16469,12854,8263,8846,866,124,2807,850,12165,2246,150,11934,1,7:44
2024-25,1630527,Brandon Boston,Brandon,1610612740,NOP,New Orleans Pelicans,0022400423,2024-12-27T00:00:00,NOP vs. MEM,L,11.116666666666667,9.7,13.0,0.75,3.2,3.2,1.0,0.0,0.0,0.0,0.0,0.0,0.0,0.0,0.0,3.2,0.0,0.0,0.0,0.0,22.7,42.1,32.4,0,0,32.4,1,13222,1,13222,21654,3589,11936,2107,5854,17200,1,13505,14344,13505,14058,22137,23286,19908,16469,2666,8263,8846,20257,17725,5728,834,13029,2246,150,12078,1,11:07
2024-25,1642274,Yves Missi,Yves,1610612740,NOP,New Orleans Pelicans,0022400423,2024-12-27T00:00:00,NOP vs. MEM,L,27.383333333333333,3.9,9.2,0.429,0.0,0.0,0.0,0.0,0.0,0.0,3.9,3.9,7.9,2.6,3.9,0.0,3.9,2.6,5.3,1.3,7.9,-7.9,29.2,0,0,26.3,1,13222,1,13222,10029,17217,18403,13735,15070,20945,15070,13505,14344,13505,3662,13895,8483,14118,3981,12854,948,1837,4086,15839,20006,16923,15368,2246,150,16720,1,27:23
2024-25,1642281,Jaylon Tyson,Jaylon,1610612739,CLE,Cleveland Cavaliers,0022400424,2024-12-27T00:00:00,CLE @ DEN,W,1.6,0.0,0.0,0.0,0.0,0.0,0.0,0.0,0.0,0.0,0.0,22.5,22.5,22.5,0.0,0.0,0.0,0.0,0.0,0.0,0.0,-45.0,60.8,0,0,45.0,1,1,13086,1,25718,22635,24836,22635,15070,20945,15070,13505,14344,13505,14058,112,299,57,16469,12854,8263,8846,20257,17725,23200,25184,1103,2246,150,4259,1,1:36
2024-25,201143,Al Horford,Al,1610612738,BOS,Boston Celtics,0022400420,2024-12-27T00:00:00,BOS vs. IND,W,20.0,7.2,14.4,0.5,5.4,10.8,0.5,3.6,3.6,1.0,1.8,7.2,9.0,3.6,3.6,0.0,1.8,0.0,0.0,1.8,23.4,41.4,41.4,0,0,45.0,1,1,13086,1,16013,8449,9521,8526,1849,2673,3944,6488,8686,1,9243,5993,6730,11087,4775,12854,4061,8846,20257,13938,5204,879,6931,2246,150,4259,1,20:00
2024-25,202681,Kyrie Irving,Kyrie,1610612742,DAL,Dallas Mavericks,0022400425,2024-12-27T00:00:00,DAL @ PHX,W,39.62166666666667,5.5,19.1,0.286,4.5,9.1,0.5,2.7,2.7,1.0,0.0,3.6,3.6,4.5,4.5,0.9,0.0,2.7,3.6,3.6,18.2,10.9,27.5,0,0,32.7,1,1,13086,1,678,13129,3689,19630,2988,4691,3944,8514,10680,1,14058,14837,18245,8550,2935,12628,8263,1703,8316,7296,9651,7279,16559,2246,150,11874,1,39:37
2024-25,1627747,Caris LeVert,Caris,1610612739,CLE,Cleveland Cavaliers,0022400424,2024-12-27T00:00:00,CLE @ DEN,W,23.1,7.8,15.6,0.5,4.7,6.2,0.75,0.0,0.0,0.0,1.6,3.1,4.7,4.7,0.0,0.0,1.6,0.0,1.6,0.0,20.3,4.7,37.6,0,0,37.4,1,1,13086,1,13631,7080,7716,8526,2770,10125,1542,13505,14344,13505,10086,16369,15624,8242,16469,12854,4679,8846,17008,17725,7694,10299,9313,2246,150,8427,1,23:06
2024-25,1626172,Kevon Looney,Kevon,1610612744,GSW,Golden State Warriors,0022400426,2024-12-27T00:00:00,GSW @ LAC,L,12.05,0.0,6.0,0.0,0.0,0.0,0.0,0.0,0.0,0.0,6.0,6.0,12.0,0.0,3.0,0.0,0.0,0.0,9.0,3.0,0.0,0.0,11.4,0,0,12.0,1,13222,1,13222,21207,22635,22629,22635,15070,20945,15070,13505,14344,13505,1641,8393,3535,19908,6536,12854,8263,8846,974,9301,23200,12240,24167,2246,150,23989,1,12:03
2024-25,1642263,Reed Sheppard,Reed,1610612745,HOU,Houston Rockets,0022400422,2024-12-27T00:00:00,HOU vs. MIN,L,4.1,0.0,0.0,0.0,0.0,0.0,0.0,0.0,0.0,0.0,0.0,0.0,0.0,0.0,8.8,0.0,0.0,0.0,0.0,0.0,0.0,-52.7,-8.8,0,0,0.0,1,13222,1,13222,24435,22635,24836,22635,15070,20945,15070,13505,14344,13505,14058,22137,23286,19908,455,12854,8263,8846,20257,17725,23200,25495,26211,2246,150,25259,1,4:06
2024-25,1641775,Jordan Walsh,Jordan,1610612738,BOS,Boston Celtics,0022400420,2024-12-27T00:00:00,BOS vs. IND,W,20.933333333333334,3.4,5.2,0.667,3.4,5.2,0.667,5.2,6.9,0.75,3.4,5.2,8.6,3.4,1.7,0.0,1.7,0.0,3.4,3.4,15.5,27.5,34.4,0,0,34.4,1,1,13086,1,15335,18455,23351,3281,5288,12801,1957,3812,3495,8186,4472,10396,7315,11580,11845,12854,4252,8846,8934,7838,12439,2340,11515,2246,150,10531,1,20:56
2024-25,1630702,Jaden Hardy,Jaden,1610612742,DAL,Dallas Mavericks,0022400425,2024-12-27T00:00:00,DAL @ PHX,W,0.8716666666666667,0.0,41.3,0.0,0.0,41.3,0.0,0.0,0.0,0.0,0.0,0.0,0.0,0.0,0.0,0.0,0.0,0.0,0.0,0.0,0.0,-82.6,0.0,0,0,0.0,1,1,13086,1,26103,22635,67,22635,15070,11,15070,13505,14344,13505,14058,22137,23286,19908,16469,12854,8263,8846,20257,17725,23200,26026,25228,2246,150,25259,1,0:52
2024-25,1630556,Kessler Edwards,Kessler,1610612742,DAL,Dallas Mavericks,0022400425,2024-12-27T00:00:00,DAL @ PHX,W,0.8716666666666667,0.0,0.0,0.0,0.0,0.0,0.0,0.0,0.0,0.0,0.0,0.0,0.0,0.0,0.0,0.0,0.0,0.0,0.0,0.0,0.0,-82.6,0.0,0,0,0.0,1,1,13086,1,26103,22635,24836,22635,15070,20945,15070,13505,14344,13505,14058,22137,23286,19908,16469,12854,8263,8846,20257,17725,23200,26026,25228,2246,150,25259,1,0:52
2024-25,1641789,Jazian Gortman,Jazian,1610612742,DAL,Dallas Mavericks,0022400425,2024-12-27T00:00:00,DAL @ PHX,W,0.8716666666666667,0.0,0.0,0.0,0.0,0.0,0.0,0.0,0.0,0.0,0.0,0.0,0.0,0.0,0.0,0.0,0.0,0.0,0.0,0.0,0.0,-82.6,0.0,0,0,0.0,1,1,13086,1,26103,22635,24836,22635,15070,20945,15070,13505,14344,13505,14058,22137,23286,19908,16469,12854,8263,8846,20257,17725,23200,26026,25228,2246,150,25259,1,0:52
2024-25,1629750,Javonte Green,Javonte,1610612740,NOP,New Orleans Pelicans,0022400423,2024-12-27T00:00:00,NOP vs. MEM,L,2.9833333333333334,0.0,0.0,0.0,0.0,0.0,0.0,0.0,0.0,0.0,0.0,0.0,0.0,0.0,0.0,0.0,0.0,0.0,0.0,12.1,0.0,-120.7,0.0,0,0,0.0,1,13222,1,13222,24995,22635,24836,22635,15070,20945,15070,13505,14344,13505,14058,22137,23286,19908,16469,12854,8263,8846,20257,197,23200,26229,25228,2246,150,25259,1,2:59
2024-25,1630192,Zeke Nnaji,Zeke,1610612743,DEN,Denver Nuggets,0022400424,2024-12-27T00:00:00,DEN vs. CLE,L,1.6,0.0,0.0,0.0,0.0,0.0,0.0,0.0,0.0,0.0,0.0,0.0,0.0,0.0,0.0,0.0,0.0,0.0,0.0,0.0,0.0,45.0,0.0,0,0,0.0,1,13222,1,13222,25718,22635,24836,22635,15070,20945,15070,13505,14344,13505,14058,22137,23286,19908,16469,12854,8263,8846,20257,17725,23200,705,25228,2246,150,25259,1,1:36
2024-25,1631095,Jabari Smith Jr.,Jabari,1610612745,HOU,Houston Rockets,0022400422,2024-12-27T00:00:00,HOU vs. MIN,L,42.53333333333333,4.2,10.2,0.417,1.7,6.8,0.25,0.0,0.0,0.0,1.7,3.4,5.1,0.8,0.8,0.0,0.8,0.0,0.8,0.0,10.2,3.4,19.2,0,0,19.5,1,13222,1,13222,199,16505,16807,14532,11421,8956,11902,13505,14344,13505,9602,15563,14581,19892,16429,12854,8194,8846,20216,17725,17999,10934,21540,2246,150,21167,1,42:32
2024-25,1642461,Spencer Jones,Spencer,1610612743,DEN,Denver Nuggets,0022400424,2024-12-27T00:00:00,DEN vs. CLE,L,1.6,0.0,0.0,0.0,0.0,0.0,0.0,0.0,0.0,0.0,0.0,0.0,0.0,0.0,0.0,0.0,0.0,0.0,0.0,0.0,0.0,45.0,0.0,0,0,0.0,1,13222,1,13222,25718,22635,24836,22635,15070,20945,15070,13505,14344,13505,14058,22137,23286,19908,16469,12854,8263,8846,20257,17725,23200,705,25228,2246,150,25259,1,1:36
2024-25,1629006,Josh Okogie,Josh,1610612756,PHX,Phoenix Suns,0022400425,2024-12-27T00:00:00,PHX vs. DAL,L,21.633333333333333,5.0,13.3,0.375,3.3,8.3,0.4,0.0,0.0,0.0,3.3,3.3,6.7,1.7,0.0,3.3,1.7,1.7,1.7,0.0,13.3,0.0,38.8,0,0,34.9,1,13222,1,13222,14814,14402,11279,16299,5579,5881,7874,13505,14344,13505,4689,15699,10825,17461,16469,2505,4386,4237,16644,17725,14732,12240,8556,2246,150,10136,1,21:38
2024-25,1626181,Norman Powell,Norman,1610612746,LAC,LA Clippers,0022400426,2024-12-27T00:00:00,LAC vs. GSW,W,40.18333333333333,9.0,17.9,0.5,1.8,6.3,0.286,3.6,3.6,1.0,0.0,2.7,2.7,0.9,3.6,1.8,0.9,0.0,3.6,4.5,23.3,16.1,32.3,0,0,34.0,1,1,13086,1,517,4792,4789,8526,11106,10042,11433,6524,8719,1,14058,17736,20480,19868,4811,7292,8100,8846,8482,5190,5298,5207,13053,2246,150,10815,1,40:11
2024-25,1628379,Luke Kennard,Luke,1610612763,MEM,Memphis Grizzlies,0022400423,2024-12-27T00:00:00,MEM @ NOP,W,19.816666666666666,5.4,16.3,0.333,5.4,12.7,0.429,0.0,0.0,0.0,0.0,7.3,7.3,5.4,0.0,0.0,0.0,1.8,1.8,0.0,16.3,-12.7,33.2,0,0,34.5,1,1,13086,1,16160,13131,6614,17395,1790,1419,7394,13505,14344,13505,14058,5884,9636,6535,16469,12854,8263,3847,16099,17725,11550,19026,12392,2246,150,10431,1,19:49
2024-25,1628976,Wendell Carter Jr.,Wendell,1610612753,ORL,Orlando Magic,0022400419,2024-12-27T00:00:00,ORL vs. NYK,L,17.416666666666668,2.1,12.4,0.167,0.0,2.1,0.0,0.0,0.0,0.0,2.1,4.1,6.2,2.1,0.0,0.0,0.0,2.1,4.1,2.1,4.1,-24.8,14.7,0,0,12.4,1,13222,1,13222,17986,21285,12890,21938,15070,19431,15070,13505,14344,13505,8092,13320,11824,16127,16469,12854,8263,3007,6727,12775,22489,22762,23292,2246,150,23899,1,17:25
2024-25,1641779,Jalen Bridges,Jalen,1610612756,PHX,Phoenix Suns,0022400425,2024-12-27T00:00:00,PHX vs. DAL,L,0.8716666666666667,0.0,0.0,0.0,0.0,0.0,0.0,0.0,0.0,0.0,0.0,0.0,0.0,0.0,0.0,0.0,0.0,0.0,0.0,0.0,0.0,82.6,0.0,0,0,0.0,1,13222,1,13222,26103,22635,24836,22635,15070,20945,15070,13505,14344,13505,14058,22137,23286,19908,16469,12854,8263,8846,20257,17725,23200,141,25228,2246,150,25259,1,0:52
2024-25,1628964,Mo Bamba,Mo,1610612746,LAC,LA Clippers,0022400426,2024-12-27T00:00:00,LAC vs. GSW,W,12.05,0.0,0.0,0.0,0.0,0.0,0.0,0.0,0.0,0.0,0.0,6.0,6.0,0.0,0.0,0.0,3.0,0.0,3.0,3.0,0.0,14.9,16.1,0,0,12.0,1,1,13086,1,21207,22635,24836,22635,15070,20945,15070,13505,14344,13505,14058,8393,12351,19908,16469,12854,1719,8846,10783,9301,23200,5654,22795,2246,150,23989,1,12:03
2024-25,1641757,Jordan Miller,Jordan,1610612746,LAC,LA Clippers,0022400426,2024-12-27T00:00:00,LAC vs. GSW,W,3.566666666666667,0.0,20.2,0.0,0.0,20.2,0.0,0.0,0.0,0.0,0.0,0.0,0.0,0.0,10.1,0.0,0.0,0.0,10.1,0.0,0.0,-50.5,-10.1,0,0,0.0,1,1,13086,1,24684,22635,2833,22635,15070,226,15070,13505,14344,13505,14058,22137,23286,19908,324,12854,8263,8846,684,17725,23200,25414,26221,2246,150,25259,1,3:34
2024-25,1628420,Monté Morris,Monté,1610612756,PHX,Phoenix Suns,0022400425,2024-12-27T00:00:00,PHX vs. DAL,L,17.768333333333334,0.0,8.1,0.0,0.0,4.1,0.0,0.0,0.0,0.0,0.0,6.1,6.1,4.1,0.0,0.0,0.0,2.0,2.0,0.0,0.0,4.1,13.4,0,0,10.1,1,13222,1,13222,17728,22635,20081,22635,15070,15476,15070,13505,14344,13505,14058,8158,12099,9800,16469,12854,8263,3142,14991,17725,23200,10618,23668,2246,150,24399,1,17:46
2024-25,1630590,Scotty Pippen Jr.,Scotty,1610612763,MEM,Memphis Grizzlies,0022400423,2024-12-27T00:00:00,MEM @ NOP,W,23.183333333333334,6.2,15.5,0.4,4.7,9.3,0.5,3.1,3.1,1.0,4.7,4.7,9.3,6.2,1.6,0.0,0.0,1.6,6.2,1.6,20.2,-12.4,39.1,0,0,40.4,1,1,13086,1,13567,10942,7787,14933,2798,4361,3944,7528,9708,1,2736,11831,6298,5144,12536,12854,8263,4580,2697,14790,7745,18914,8311,2246,150,6561,1,23:11
2024-25,203994,Jusuf Nurkić,Jusuf,1610612756,PHX,Phoenix Suns,0022400425,2024-12-27T00:00:00,PHX vs. DAL,L,13.5,2.7,10.7,0.25,2.7,2.7,1.0,0.0,0.0,0.0,5.3,8.0,13.3,5.3,10.7,2.7,2.7,0.0,8.0,5.3,8.0,-26.7,37.3,0,0,40.0,1,13222,1,13222,20491,20160,15944,20233,7628,18319,1,13505,14344,13505,2061,4702,2581,6755,278,3979,2129,8846,1366,3582,19921,23166,9449,2246,150,6780,1,13:30
2024-25,1627826,Ivica Zubac,Ivica,1610612746,LAC,LA Clippers,0022400426,2024-12-27T00:00:00,LAC vs. GSW,W,35.95,8.0,9.0,0.889,0.0,0.0,0.0,1.0,3.0,0.333,1.0,10.0,11.0,2.0,2.0,0.0,5.0,0.0,2.0,3.0,17.0,5.0,46.3,1,0,40.1,1,1,13086,1,2713,6614,18698,1318,15070,20945,15070,13230,9967,13132,13241,2575,4400,16364,10511,12854,514,8846,15129,9228,10821,10110,4641,1,150,6750,1,35:57
2024-25,1629656,Quentin Grimes,Quentin,1610612742,DAL,Dallas Mavericks,0022400425,2024-12-27T00:00:00,DAL @ PHX,W,28.991666666666667,3.7,11.2,0.333,2.5,6.2,0.4,0.0,0.0,0.0,1.2,5.0,6.2,1.2,2.5,0.0,0.0,2.5,0.0,1.2,9.9,-12.4,16.8,0,0,19.9,1,1,13086,1,8683,17762,15064,17395,8208,10182,7874,13505,14344,13505,11527,10972,11806,18877,8317,12854,8263,2066,20257,16172,18216,18909,22572,2246,150,20933,1,28:60
2024-25,203471,Dennis Schröder,Dennis,1610612744,GSW,Golden State Warriors,0022400426,2024-12-27T00:00:00,GSW @ LAC,L,23.583333333333332,4.6,16.8,0.273,0.0,9.2,0.0,1.5,3.1,0.5,0.0,1.5,1.5,7.6,4.6,0.0,0.0,0.0,0.0,3.1,10.7,-24.4,19.4,0,0,19.8,1,13222,1,13222,13240,15547,6052,20048,15070,4597,15070,11740,9837,10625,14058,20816,22538,3242,2881,12854,8263,8846,20257,9060,17489,22674,21463,2246,150,20950,1,23:35
2024-25,1630175,Cole Anthony,Cole,1610612753,ORL,Orlando Magic,0022400419,2024-12-27T00:00:00,ORL vs. NYK,L,6.016666666666667,12.0,29.9,0.4,6.0,6.0,1.0,0.0,0.0,0.0,0.0,6.0,6.0,0.0,12.0,0.0,0.0,0.0,0.0,6.0,29.9,-47.9,25.1,0,0,41.9,1,13222,1,13222,23591,1543,278,14933,1315,10735,1,13505,14344,13505,14058,8368,12327,19908,204,12854,8263,8846,20257,2647,2108,25309,18197,2246,150,5711,1,6:01
2024-25,1631124,Julian Strawther,Julian,1610612743,DEN,Denver Nuggets,0022400424,2024-12-27T00:00:00,DEN vs. CLE,L,23.183333333333334,6.2,10.9,0.571,1.6,3.1,0.5,3.1,3.1,1.0,0.0,3.1,3.1,0.0,3.1,0.0,0.0,1.6,0.0,4.7,17.1,9.3,17.7,0,0,21.7,1,13222,1,13222,13567,10942,15565,6538,11853,17450,3944,7528,9708,1,14058,16391,19464,19908,6108,12854,8263,4580,20257,4810,10766,8041,22216,2246,150,19823,1,23:11
2024-25,1629622,Max Strus,Max,1610612739,CLE,Cleveland Cavaliers,0022400424,2024-12-27T00:00:00,CLE @ DEN,W,23.816666666666666,3.0,9.1,0.333,1.5,6.0,0.25,0.0,0.0,0.0,1.5,6.0,7.6,1.5,1.5,1.5,0.0,0.0,6.0,3.0,7.6,-7.6,21.9,0,0,21.2,1,1,13086,1,13062,19371,18615,17395,11989,10584,11902,13505,14344,13505,10265,8233,9054,17933,12692,8360,8263,8846,2881,9154,20274,16759,20199,2246,150,20183,1,23:49
2024-25,1629640,Keldon Johnson,Keldon,1610612759,SAS,San Antonio Spurs,0022400421,2024-12-27T00:00:00,SAS @ BKN,W,27.083333333333332,6.6,14.6,0.455,1.3,2.7,0.5,5.3,5.3,1.0,4.0,4.0,8.0,1.3,2.7,2.7,0.0,1.3,1.3,2.7,19.9,2.7,36.8,0,0,35.9,1,1,13086,1,10284,9830,9173,12676,12736,18331,3944,3633,5436,1,3609,13764,8312,18565,7664,3999,8263,5505,17908,10446,7967,11294,9826,2246,150,9458,1,27:05
2024-25,202691,Klay Thompson,Klay,1610612742,DAL,Dallas Mavericks,0022400425,2024-12-27T00:00:00,DAL @ PHX,W,31.561666666666667,4.6,10.3,0.444,1.1,6.8,0.167,2.3,2.3,1.0,0.0,6.8,6.8,5.7,1.1,1.1,1.1,0.0,1.1,2.3,12.5,19.4,35.0,0,0,30.8,1,1,13086,1,6373,15594,16628,13045,13706,8796,14236,9685,11839,1,14058,6629,10441,6036,14860,10673,6537,8846,18859,11813,15545,4142,11044,2246,150,13328,1,31:34
2024-25,1628969,Mikal Bridges,Mikal,1610612752,NYK,New York Knicks,0022400419,2024-12-27T00:00:00,NYK @ ORL,W,43.516666666666666,5.0,9.9,0.5,0.0,0.8,0.0,4.1,5.0,0.833,0.0,1.7,1.7,2.5,1.7,1.7,0.0,0.0,1.7,3.3,14.1,17.4,23.1,0,0,21.5,1,1,13086,1,115,14500,17194,8526,15070,20943,15070,5466,6004,7275,14058,20554,22361,14608,12116,7789,8263,8846,16685,8225,13878,4782,19512,2246,150,19954,1,43:31
2024-25,1628978,Donte DiVincenzo,Donte,1610612750,MIN,Minnesota Timberwolves,0022400422,2024-12-27T00:00:00,MIN @ HOU,W,36.61666666666667,6.9,11.8,0.583,5.9,9.8,0.6,2.0,2.0,1.0,0.0,3.9,3.9,3.9,2.0,2.0,1.0,1.0,2.0,2.0,21.6,10.8,39.1,0,0,41.3,1,1,13086,1,2270,9212,13944,6296,1380,3687,2992,10756,12810,1,14058,13933,17487,10127,10682,6409,7583,8061,15319,13233,6523,7321,8312,2246,150,6030,1,36:37
2024-25,203937,Kyle Anderson,Kyle,1610612744,GSW,Golden State Warriors,0022400426,2024-12-27T00:00:00,GSW @ LAC,L,14.783333333333333,4.9,9.7,0.5,2.4,4.9,0.5,0.0,0.0,0.0,9.7,4.9,14.6,2.4,2.4,4.9,0.0,0.0,0.0,0.0,12.2,-17.0,45.5,0,0,41.4,1,13222,1,13222,19717,14742,17489,8526,8354,13506,3944,13505,14344,13505,439,11236,1956,14754,8504,983,8263,8846,20257,17725,15948,20641,4922,2246,150,5978,1,14:47
2024-25,1630540,Miles McBride,Miles,1610612752,NYK,New York Knicks,0022400419,2024-12-27T00:00:00,NYK @ ORL,W,21.761666666666667,1.7,6.6,0.25,0.0,1.7,0.0,5.0,6.6,0.75,3.3,5.0,8.3,5.0,3.3,0.0,0.0,0.0,1.7,5.0,8.3,28.1,22.3,0,0,21.5,1,1,13086,1,14712,21960,21997,20233,15070,20101,15070,4100,3746,8186,4732,10990,7820,7546,5481,12854,8263,8846,16686,4189,19678,2247,19964,2246,150,19956,1,21:46
2024-25,1630256,Jae'Sean Tate,Jae'Sean,1610612745,HOU,Houston Rockets,0022400422,2024-12-27T00:00:00,HOU vs. MIN,L,16.346666666666668,6.6,13.2,0.5,0.0,2.2,0.0,0.0,0.0,0.0,4.4,8.8,13.2,0.0,2.2,4.4,0.0,4.4,8.8,4.4,13.2,8.8,40.1,0,0,35.2,1,13222,1,13222,18698,9910,11459,8526,15070,19169,15070,13505,14344,13505,3048,3713,2660,19908,9499,1301,8263,514,1024,5335,14856,8268,7709,2246,150,9924,1,16:21
2024-25,1631213,Tyrese Martin,Tyrese,1610612751,BKN,Brooklyn Nets,0022400421,2024-12-27T00:00:00,BKN vs. SAS,L,19.016666666666666,11.4,26.5,0.429,1.9,13.3,0.143,0.0,0.0,0.0,1.9,9.5,11.4,0.0,3.8,1.9,0.0,0.0,1.9,1.9,24.6,-17.0,40.1,0,0,41.6,1,13222,1,13222,16808,1967,557,13735,10661,1181,14649,13505,14344,13505,8848,3052,4086,19908,4359,6799,8263,8846,15725,13547,4423,20637,7676,2246,150,5824,1,19:01
2024-25,203939,Dwight Powell,Dwight,1610612742,DAL,Dallas Mavericks,0022400425,2024-12-27T00:00:00,DAL @ PHX,W,15.32,0.0,0.0,0.0,0.0,0.0,0.0,0.0,0.0,0.0,4.7,4.7,9.4,7.0,0.0,0.0,2.3,0.0,4.7,2.3,0.0,-7.0,28.9,0,0,21.1,1,1,13086,1,19359,22635,24836,22635,15070,20945,15070,13505,14344,13505,2674,11706,6187,3956,16469,12854,2646,8846,5287,11550,23200,16524,15561,2246,150,20193,1,15:19
2024-25,1628401,Derrick White,Derrick,1610612738,BOS,Boston Celtics,0022400420,2024-12-27T00:00:00,BOS vs. IND,W,29.95,3.6,9.6,0.375,3.6,9.6,0.375,0.0,0.0,0.0,0.0,3.6,3.6,7.2,2.4,0.0,2.4,0.0,1.2,0.0,10.8,28.8,30.8,0,0,30.1,1,1,13086,1,7825,18068,17732,16299,4910,3960,8800,13505,14344,13505,14058,14901,18305,3739,8640,12854,2544,8846,18529,17725,17351,2128,14221,2246,150,13907,1,29:57
2024-25,1641809,Drew Peterson,Drew,1610612738,BOS,Boston Celtics,0022400420,2024-12-27T00:00:00,BOS vs. IND,W,8.383333333333333,4.3,4.3,1.0,4.3,4.3,1.0,0.0,0.0,0.0,4.3,4.3,8.6,4.3,4.3,0.0,0.0,0.0,12.9,0.0,12.9,38.6,25.3,0,0,30.1,1,1,13086,1,22666,16332,23929,1,3394,14924,1,13505,14344,13505,3173,12819,7330,9135,3340,12854,8263,8846,352,17725,15215,1070,18049,2246,150,13900,1,8:23
2024-25,1630526,Jeremiah Robinson-Earl,Jeremiah,1610612740,NOP,New Orleans Pelicans,0022400423,2024-12-27T00:00:00,NOP vs. MEM,L,23.015,3.1,9.4,0.333,0.0,6.3,0.0,1.6,3.1,0.5,4.7,4.7,9.4,3.1,0.0,3.1,0.0,0.0,3.1,1.6,7.8,-4.7,33.2,0,0,26.6,1,13222,1,13222,13718,19136,18139,17395,15070,10070,15070,11658,9649,10625,2679,11728,6207,12537,16469,2875,8263,8846,10175,14746,20070,15417,12464,2246,150,16472,1,23:01
2024-25,203486,Mason Plumlee,Mason,1610612756,PHX,Phoenix Suns,0022400425,2024-12-27T00:00:00,PHX vs. DAL,L,17.81833333333333,2.0,4.0,0.5,0.0,0.0,0.0,4.0,8.1,0.5,6.1,12.1,18.2,4.0,0.0,0.0,0.0,0.0,6.1,6.1,8.1,0.0,36.0,0,0,30.3,1,13222,1,13222,17698,21371,24082,8526,15070,20945,15070,5625,2463,10625,1585,1301,860,9829,16469,12854,8263,8846,2864,2544,19852,12240,10392,2246,150,13713,1,17:49
2024-25,1631218,Trayce Jackson-Davis,Trayce,1610612744,GSW,Golden State Warriors,0022400426,2024-12-27T00:00:00,GSW @ LAC,L,30.785,8.2,14.0,0.583,0.0,0.0,0.0,1.2,2.3,0.5,7.0,3.5,10.5,2.3,2.3,2.3,0.0,2.3,1.2,1.2,17.5,-14.0,38.4,0,0,35.1,1,13222,1,13222,7053,6235,10123,6296,15070,20945,15070,12703,11672,10625,1144,15216,4890,15090,8911,4905,8263,2354,18722,16557,10279,19513,8802,2246,150,10035,1,30:47
2024-25,1626220,Royce O'Neale,Royce,1610612756,PHX,Phoenix Suns,0022400425,2024-12-27T00:00:00,PHX vs. DAL,L,30.278333333333332,5.9,13.1,0.455,4.8,10.7,0.444,0.0,0.0,0.0,0.0,5.9,5.9,4.8,2.4,2.4,2.4,0.0,2.4,0.0,16.6,-13.1,42.8,0,0,41.6,1,13222,1,13222,7525,11670,11718,12676,2633,2772,7211,13505,14344,13505,14058,8461,12420,8033,8739,4772,2595,8846,13315,17725,11226,19156,6222,2246,150,5844,1,30:17
2024-25,203084,Harrison Barnes,Harrison,1610612759,SAS,San Antonio Spurs,0022400421,2024-12-27T00:00:00,SAS @ BKN,W,22.383333333333333,4.8,11.3,0.429,0.0,3.2,0.0,4.8,6.4,0.75,1.6,1.6,3.2,0.0,0.0,1.6,0.0,0.0,0.0,3.2,14.5,11.3,23.2,0,0,20.9,1,1,13086,1,14203,14871,14910,13735,15070,17238,15070,4303,3957,8186,9886,20656,19187,19908,16469,7951,8263,8846,20257,8500,13435,7119,19454,2246,150,20338,1,22:23
2024-25,1631097,Bennedict Mathurin,Bennedict,1610612754,IND,Indiana Pacers,0022400420,2024-12-27T00:00:00,IND @ BOS,L,31.916666666666668,6.8,14.7,0.462,1.1,2.3,0.5,5.6,6.8,0.833,3.4,3.4,6.8,2.3,1.1,0.0,0.0,1.1,4.5,4.5,20.3,-28.2,30.7,0,0,30.5,1,13222,1,13222,6045,9508,9111,12428,13781,19072,3944,3260,3595,7275,4576,15567,10603,15410,14952,12854,8263,6808,5757,5115,7656,23473,14291,2246,150,13579,1,31:55
2024-25,1626145,Tyus Jones,Tyus,1610612756,PHX,Phoenix Suns,0022400425,2024-12-27T00:00:00,PHX vs. DAL,L,24.066666666666666,1.5,7.5,0.2,1.5,6.0,0.25,0.0,0.0,0.0,3.0,0.0,3.0,9.0,3.0,0.0,1.5,0.0,0.0,0.0,4.5,-16.5,23.0,0,0,20.9,1,13222,1,13222,12825,22173,20959,21401,12050,10735,11902,13505,14344,13505,5363,22137,19768,2045,6520,12854,4870,8846,20257,17725,22300,20428,19540,2246,150,20317,1,24:04
2024-25,1627832,Fred VanVleet,Fred,1610612745,HOU,Houston Rockets,0022400422,2024-12-27T00:00:00,HOU vs. MIN,L,38.55,5.6,14.9,0.375,4.7,9.3,0.5,0.9,2.8,0.333,0.9,4.7,5.6,6.5,2.8,0.0,0.9,0.0,1.9,2.8,16.8,0.0,33.3,0,0,35.5,1,13222,1,13222,1087,12695,8698,16299,2781,4322,3944,13409,10486,13132,13752,11803,13284,4653,7208,12854,7929,8846,15845,9955,11049,12240,12313,2246,150,9741,1,38:33
2024-25,1630169,Tyrese Haliburton,Tyrese,1610612754,IND,Indiana Pacers,0022400420,2024-12-27T00:00:00,IND @ BOS,L,29.633333333333333,7.3,15.8,0.462,3.6,9.7,0.375,4.9,4.9,1.0,0.0,4.9,4.9,10.9,2.4,0.0,0.0,1.2,0.0,2.4,23.1,-32.8,42.9,0,0,42.5,1,13222,1,13222,8100,8243,7419,12428,4814,3826,8800,4253,6178,1,14058,11257,15160,1019,8529,12854,8263,6155,20257,11226,5427,24140,6179,2246,150,5394,1,29:38
2024-25,1641730,Noah Clowney,Noah,1610612751,BKN,Brooklyn Nets,0022400421,2024-12-27T00:00:00,BKN vs. SAS,L,24.016666666666666,3.0,9.0,0.333,1.5,6.0,0.25,0.0,0.0,0.0,1.5,6.0,7.5,1.5,1.5,1.5,0.0,0.0,7.5,0.0,7.5,-19.5,21.7,0,0,21.0,1,13222,1,13222,12885,19438,18736,17395,12035,10714,11902,13505,14344,13505,10328,8337,9184,17979,12747,8412,8263,8846,1647,17725,20322,21397,20298,2246,150,20287,1,24:01
2024-25,1628436,Luke Kornet,Luke,1610612738,BOS,Boston Celtics,0022400420,2024-12-27T00:00:00,BOS vs. IND,W,18.783333333333335,1.9,3.8,0.5,0.0,0.0,0.0,1.9,3.8,0.5,3.8,5.7,9.6,1.9,1.9,1.9,0.0,1.9,1.9,1.9,5.7,21.1,24.0,0,0,21.1,1,1,13086,1,16980,21552,24169,8526,15070,20945,15070,10897,8171,10625,3831,8920,5942,16688,10959,6680,8263,3486,15582,13448,21568,3677,18984,2246,150,20232,1,18:47
2024-25,201566,Russell Westbrook,Russell,1610612743,DEN,Denver Nuggets,0022400424,2024-12-27T00:00:00,DEN vs. CLE,L,29.516666666666666,6.1,15.9,0.385,1.2,6.1,0.2,0.0,0.0,0.0,0.0,4.9,4.9,8.5,4.9,1.2,0.0,2.4,3.7,0.0,13.4,-15.9,30.9,0,0,30.5,1,13222,1,13222,8205,11229,7337,16070,13263,10443,13429,13505,14344,13505,14058,11214,15115,2387,2494,10019,8263,2137,8232,17725,14594,20218,14155,2246,150,13555,1,29:31
2024-25,203484,Kentavious Caldwell-Pope,Kentavious,1610612753,ORL,Orlando Magic,0022400419,2024-12-27T00:00:00,ORL vs. NYK,L,31.1,4.6,12.7,0.364,1.2,6.9,0.167,1.2,1.2,1.0,0.0,0.0,0.0,3.5,1.2,2.3,0.0,0.0,1.2,2.3,11.6,-11.6,22.6,0,0,20.8,1,13222,1,13222,6796,15420,12327,16861,13607,8579,14236,12730,13953,1,14058,22137,23286,11480,14743,4978,8263,8846,18770,11687,16596,18556,19834,2246,150,20379,1,31:06
2024-25,1630596,Evan Mobley,Evan,1610612739,CLE,Cleveland Cavaliers,0022400424,2024-12-27T00:00:00,CLE @ DEN,W,31.05,10.4,15.1,0.692,4.6,7.0,0.667,4.6,7.0,0.667,1.2,4.6,5.8,7.0,1.2,0.0,1.2,0.0,4.6,7.0,30.1,-1.2,49.9,0,0,49.9,1,1,13086,1,6839,2775,8480,3171,2825,8552,1957,4610,3406,9425,12048,11887,12765,4056,14731,12854,6424,8846,5445,1687,2027,13650,3313,2246,150,2577,1,31:03
2024-25,1630228,Jonathan Kuminga,Jonathan,1610612744,GSW,Golden State Warriors,0022400426,2024-12-27T00:00:00,GSW @ LAC,L,36.751666666666665,10.8,18.6,0.579,1.0,2.9,0.333,10.8,13.7,0.786,3.9,5.9,9.8,4.9,2.9,2.0,1.0,2.0,1.0,7.8,33.3,-4.9,58.3,1,0,54.9,1,13222,1,13222,2157,2436,4109,6486,14660,17788,9209,522,493,8082,3697,8606,5687,7692,6685,6459,7627,3363,19820,1106,1266,15529,1435,1,150,1480,1,36:45
2024-25,1641744,Zach Edey,Zach,1610612763,MEM,Memphis Grizzlies,0022400423,2024-12-27T00:00:00,MEM @ NOP,W,27.166666666666668,6.6,8.0,0.833,0.0,1.3,0.0,5.3,6.6,0.8,4.0,8.0,11.9,2.7,1.3,1.3,2.7,0.0,4.0,5.3,18.6,6.6,47.4,0,0,41.1,1,1,13086,1,10216,9868,20345,1514,15070,20469,15070,3652,3735,7681,3630,4777,3562,14042,13688,9317,2151,8846,7205,3629,9265,9321,4161,2246,150,6153,1,27:10
2024-25,1642366,Quinten Post,Quinten,1610612744,GSW,Golden State Warriors,0022400426,2024-12-27T00:00:00,GSW @ LAC,L,0.815,0.0,44.2,0.0,0.0,44.2,0.0,0.0,0.0,0.0,0.0,0.0,0.0,44.2,0.0,0.0,0.0,0.0,0.0,0.0,0.0,88.3,66.3,0,0,44.2,1,13222,1,13222,26128,22635,55,22635,15070,10,15070,13505,14344,13505,14058,22137,23286,7,16469,12854,8263,8846,20257,17725,23200,114,617,2246,150,4605,1,0:49
2024-25,1627783,Pascal Siakam,Pascal,1610612754,IND,Indiana Pacers,0022400420,2024-12-27T00:00:00,IND @ BOS,L,23.816666666666666,7.6,16.6,0.455,4.5,9.1,0.5,1.5,3.0,0.5,3.0,10.6,13.6,1.5,1.5,1.5,0.0,0.0,1.5,1.5,21.2,-25.7,42.8,0,0,43.8,1,13222,1,13222,13062,7628,6270,12676,3005,4711,3944,11770,9920,10625,5284,2167,2430,17933,12692,8360,8263,8846,17167,14956,6956,22960,6233,2246,150,4771,1,23:49
2024-25,1630549,Day'Ron Sharpe,Day'Ron,1610612751,BKN,Brooklyn Nets,0022400421,2024-12-27T00:00:00,BKN vs. SAS,L,12.966666666666667,5.6,13.9,0.4,0.0,0.0,0.0,0.0,0.0,0.0,8.3,8.3,16.7,5.6,2.8,2.8,2.8,2.8,5.6,0.0,11.1,8.3,53.3,0,0,44.4,1,13222,1,13222,20755,12837,10376,14933,15070,20945,15070,13505,14344,13505,696,4243,1225,6335,7303,3742,1988,1633,3625,17725,17079,8470,2374,2246,150,4501,1,12:58
2024-25,203915,Spencer Dinwiddie,Spencer,1610612742,DAL,Dallas Mavericks,0022400425,2024-12-27T00:00:00,DAL @ PHX,W,22.67,7.9,19.1,0.417,1.6,7.9,0.2,6.4,6.4,1.0,0.0,4.8,4.8,4.8,1.6,3.2,1.6,0.0,0.0,3.2,23.8,6.4,49.4,0,0,44.5,1,1,13086,1,13975,6765,3711,14532,11717,6553,13429,2540,4064,1,14058,11535,15394,8010,12393,2791,4592,8846,20257,8648,4925,9449,3467,2246,150,4485,1,22:40
2024-25,1628369,Jayson Tatum,Jayson,1610612738,BOS,Boston Celtics,0022400420,2024-12-27T00:00:00,BOS vs. IND,W,31.638333333333332,8.0,17.1,0.467,3.4,11.4,0.3,5.7,6.8,0.833,1.1,13.7,14.8,4.6,1.1,3.4,0.0,0.0,2.3,4.6,25.0,23.9,58.7,1,0,54.6,1,1,13086,1,6297,6708,5729,12249,5350,2192,11319,3190,3542,7275,12210,840,1882,8527,14884,2357,8263,8846,13749,5040,4202,3053,1373,1,150,1525,1,31:38
2024-25,1630591,Jalen Suggs,Jalen,1610612753,ORL,Orlando Magic,0022400419,2024-12-27T00:00:00,ORL vs. NYK,L,26.45,13.6,27.2,0.5,5.4,8.2,0.667,4.1,4.1,1.0,1.4,4.1,5.4,4.1,4.1,1.4,0.0,2.7,6.8,8.2,36.7,-8.2,49.4,0,0,54.4,1,13222,1,13222,10776,825,475,8526,1795,6147,1957,5553,7660,1,10922,13466,13689,9695,3708,9133,8263,1710,2141,937,723,17045,3458,2246,150,1553,1,26:27
2024-25,1628378,Donovan Mitchell,Donovan,1610612739,CLE,Cleveland Cavaliers,0022400424,2024-12-27T00:00:00,CLE @ DEN,W,30.35,11.9,20.2,0.588,7.1,14.2,0.5,8.3,8.3,1.0,2.4,3.6,5.9,7.1,3.6,1.2,0.0,0.0,2.4,4.7,39.1,4.7,56.9,0,0,61.7,1,1,13086,1,7456,1612,2867,6229,722,865,3944,1279,2324,1,7013,15060,12453,3866,4880,10298,8263,8846,13340,4630,505,10257,1650,2246,150,680,1,30:21
2024-25,203944,Julius Randle,Julius,1610612750,MIN,Minnesota Timberwolves,0022400422,2024-12-27T00:00:00,MIN @ HOU,W,36.18333333333333,9.9,15.9,0.625,5.0,6.0,0.833,2.0,2.0,1.0,1.0,7.0,8.0,8.0,5.0,0.0,1.0,0.0,3.0,1.0,26.9,2.0,46.4,0,0,49.7,1,1,13086,1,2546,3274,7225,4899,2314,10761,1341,10690,12759,1,13299,6429,8346,2930,2375,12854,7510,8846,10795,17417,3266,11628,4595,2246,150,2601,1,36:11
2024-25,1630214,Xavier Tillman,Xavier,1610612738,BOS,Boston Celtics,0022400420,2024-12-27T00:00:00,BOS vs. IND,W,5.0,14.4,28.8,0.5,7.2,14.4,0.5,0.0,0.0,0.0,0.0,7.2,7.2,0.0,0.0,0.0,0.0,7.2,0.0,0.0,36.0,14.4,44.6,0,0,50.4,1,1,13086,1,23993,600,337,8526,702,824,3944,13505,14344,13505,14058,5993,9739,19908,16469,12854,8263,140,20257,17725,825,5859,5354,2246,150,2420,1,5:00
2024-25,1628386,Jarrett Allen,Jarrett,1610612739,CLE,Cleveland Cavaliers,0022400424,2024-12-27T00:00:00,CLE @ DEN,W,30.816666666666666,11.7,15.2,0.769,0.0,0.0,0.0,2.3,2.3,1.0,3.5,8.2,11.7,4.7,2.3,3.5,1.2,0.0,2.3,2.3,25.7,21.0,58.4,1,0,51.4,1,1,13086,1,7026,1730,8280,2080,15070,20945,15070,9505,11676,1,4371,4458,3776,8250,8919,2235,6374,8846,13499,11603,3830,3688,1415,1,150,2177,1,30:49
2024-25,1627814,Damion Lee,Damion,1610612756,PHX,Phoenix Suns,0022400425,2024-12-27T00:00:00,PHX vs. DAL,L,0.8716666666666667,41.3,82.6,0.5,0.0,0.0,0.0,0.0,0.0,0.0,0.0,0.0,0.0,0.0,0.0,0.0,0.0,0.0,0.0,0.0,82.6,82.6,82.6,0,0,82.6,1,13222,1,13222,26103,11,5,8526,15070,20945,15070,13505,14344,13505,14058,22137,23286,19908,16469,12854,8263,8846,20257,17725,27,141,163,2246,150,134,1,0:52
2024-25,1641722,Jordan Hawkins,Jordan,1610612740,NOP,New Orleans Pelicans,0022400423,2024-12-27T00:00:00,NOP vs. MEM,L,15.083333333333334,4.8,21.5,0.222,2.4,9.5,0.25,9.5,9.5,1.0,0.0,4.8,4.8,0.0,2.4,4.8,2.4,0.0,2.4,4.8,21.5,-7.2,46.3,0,0,43.0,1,13222,1,13222,19506,15042,2049,21205,8529,4041,11902,824,1573,1,14058,11502,15361,19908,8714,1038,2582,8846,13279,4563,6662,16585,4622,2246,150,5164,1,15:05
2024-25,1628973,Jalen Brunson,Jalen,1610612752,NYK,New York Knicks,0022400419,2024-12-27T00:00:00,NYK @ ORL,W,36.705,10.8,20.6,0.524,0.0,2.0,0.0,3.9,5.9,0.667,1.0,2.0,2.9,8.8,1.0,2.0,0.0,0.0,3.9,2.0,25.5,18.6,47.2,0,0,41.2,1,1,13086,1,2193,2426,2579,8439,15070,19626,15070,5839,4631,9425,13417,19789,19882,2154,15972,6447,8263,8846,7374,13268,3941,4368,4252,2246,150,6082,1,36:42
2024-25,203468,CJ McCollum,CJ,1610612740,NOP,New Orleans Pelicans,0022400423,2024-12-27T00:00:00,NOP vs. MEM,L,34.51833333333333,12.5,22.9,0.545,3.1,8.3,0.375,5.2,5.2,1.0,1.0,4.2,5.2,4.2,1.0,1.0,1.0,1.0,5.2,3.1,33.4,-16.7,51.1,0,0,50.1,1,13222,1,13222,3840,1234,1407,7695,6139,5841,8800,3759,5590,1,12924,13201,14244,9469,15539,11561,7179,7552,4168,8788,1250,20510,2962,2246,150,2516,1,34:31
2024-25,1629636,Darius Garland,Darius,1610612739,CLE,Cleveland Cavaliers,0022400424,2024-12-27T00:00:00,CLE @ DEN,W,31.5,11.4,20.6,0.556,2.3,9.1,0.25,3.4,4.6,0.75,0.0,2.3,2.3,8.0,2.3,4.6,0.0,0.0,1.1,2.3,28.6,14.9,54.7,0,0,50.3,1,1,13086,1,6410,1915,2591,7248,8904,4615,11902,6834,6708,8186,14058,18806,21233,2886,9141,1176,8263,8846,18851,11809,2578,5683,2040,2246,150,2452,1,31:30
2024-25,1631169,Josh Minott,Josh,1610612750,MIN,Minnesota Timberwolves,0022400422,2024-12-27T00:00:00,MIN @ HOU,W,5.816666666666666,6.2,6.2,1.0,6.2,6.2,1.0,0.0,0.0,0.0,0.0,0.0,0.0,6.2,0.0,6.2,0.0,0.0,6.2,0.0,18.6,37.1,46.4,0,0,43.3,1,1,13086,1,23660,10993,22433,1,1169,10221,1,13505,14344,13505,14058,22137,23286,5173,16469,429,8263,8846,2719,17725,9249,1189,4571,2246,150,4985,1,5:49
2024-25,1630202,Payton Pritchard,Payton,1610612738,BOS,Boston Celtics,0022400420,2024-12-27T00:00:00,BOS vs. IND,W,31.616666666666667,8.0,18.2,0.438,4.6,11.4,0.4,0.0,0.0,0.0,5.7,3.4,9.1,11.4,0.0,1.1,1.1,1.1,5.7,0.0,20.5,28.5,55.3,1,0,50.1,1,1,13086,1,6321,6698,4442,13558,2968,2187,7874,13505,14344,13505,1816,15474,6575,873,16469,10688,6547,6721,3399,17725,7500,2189,1922,1,150,2506,1,31:37
2024-25,1629048,Goga Bitadze,Goga,1610612753,ORL,Orlando Magic,0022400419,2024-12-27T00:00:00,ORL vs. NYK,L,30.583333333333332,7.1,10.6,0.667,1.2,1.2,1.0,1.2,2.4,0.5,4.7,8.2,12.9,3.5,4.7,1.2,2.4,0.0,2.4,3.5,16.5,-12.9,43.2,1,0,41.2,1,13222,1,13222,7243,8779,16052,3281,13489,20656,1,12673,11608,10625,2664,4368,2834,11300,2703,10370,2638,8846,13416,7581,11408,19112,6030,1,150,6079,1,30:35
2024-25,203500,Steven Adams,Steven,1610612745,HOU,Houston Rockets,0022400422,2024-12-27T00:00:00,HOU vs. MIN,L,2.8,0.0,12.9,0.0,0.0,0.0,0.0,0.0,0.0,0.0,12.9,0.0,12.9,12.9,0.0,12.9,0.0,0.0,0.0,0.0,0.0,0.0,73.3,0,0,51.4,1,13222,1,13222,25062,22635,12107,22635,15070,20945,15070,13505,14344,13505,198,22137,2901,555,16469,65,8263,8846,20257,17725,23200,12240,330,2246,150,2162,1,2:48
2024-25,201599,DeAndre Jordan,DeAndre,1610612743,DEN,Denver Nuggets,0022400424,2024-12-27T00:00:00,DEN vs. CLE,L,10.65,6.8,13.5,0.5,0.0,0.0,0.0,0.0,3.4,0.0,10.1,13.5,23.7,3.4,0.0,0.0,6.8,3.4,10.1,3.4,13.5,-3.4,67.3,0,0,54.1,1,13222,1,13222,21857,9527,10969,8526,15070,20945,15070,13505,9140,13505,389,872,238,11732,16469,12854,219,1010,674,8014,14476,14749,554,2246,150,1603,1,10:39
2024-25,1627759,Jaylen Brown,Jaylen,1610612738,BOS,Boston Celtics,0022400420,2024-12-27T00:00:00,BOS vs. IND,W,37.24,15.5,23.2,0.667,5.8,10.6,0.545,5.8,5.8,1.0,2.9,1.9,4.8,2.9,1.0,3.9,0.0,0.0,0.0,6.8,42.5,29.0,63.3,0,0,63.8,1,1,13086,1,1839,419,1320,3281,1479,2849,3863,3085,4751,1,5594,19883,15214,13274,16051,1775,8263,8846,20257,1846,333,2109,853,2246,150,537,1,37:14
2024-25,1628464,Daniel Theis,Daniel,1610612740,NOP,New Orleans Pelicans,0022400423,2024-12-27T00:00:00,NOP vs. MEM,L,20.616666666666667,5.2,8.7,0.6,0.0,3.5,0.0,8.7,8.7,1.0,3.5,15.7,19.2,10.5,1.7,1.7,1.7,0.0,3.5,5.2,19.2,-3.5,66.7,1,0,55.9,1,13222,1,13222,15553,13702,19136,5394,15070,16668,15070,1099,2028,1,4385,468,647,1214,11757,7457,4173,8846,8771,3719,8645,14792,588,1,150,1327,1,20:37
2024-25,1629630,Ja Morant,Ja,1610612763,MEM,Memphis Grizzlies,0022400423,2024-12-27T00:00:00,MEM @ NOP,W,24.833333333333332,11.6,15.9,0.727,4.3,5.8,0.75,8.7,10.1,0.857,0.0,2.9,2.9,10.1,4.3,1.4,0.0,1.4,2.9,5.8,36.2,30.4,54.9,0,0,56.5,1,1,13086,1,12147,1810,7187,2666,3315,11204,1542,1109,1312,7071,14058,17087,19997,1363,3223,8634,8263,4986,11190,2900,788,1905,1993,2246,150,1224,1,24:50
2024-25,203999,Nikola Jokić,Nikola,1610612743,DEN,Denver Nuggets,0022400424,2024-12-27T00:00:00,DEN vs. CLE,L,35.75,12.1,19.1,0.632,0.0,3.0,0.0,3.0,4.0,0.75,3.0,11.1,14.1,13.1,1.0,3.0,0.0,0.0,1.0,5.0,27.2,-15.1,71.8,1,1,60.4,1,13222,1,13222,2860,1474,3636,4871,15070,17607,15070,7750,7790,8186,5290,1867,2189,511,15799,3105,8263,8846,19667,4049,3117,19944,377,1,1,786,1,35:45
2024-25,1630577,Julian Champagnie,Julian,1610612759,SAS,San Antonio Spurs,0022400421,2024-12-27T00:00:00,SAS @ BKN,W,20.033333333333335,10.8,16.2,0.667,9.0,12.6,0.714,1.8,1.8,1.0,0.0,3.6,3.6,1.8,1.8,3.6,0.0,0.0,0.0,1.8,32.3,30.5,48.3,0,0,53.9,1,1,13086,1,15994,2428,6874,3281,301,1490,1861,11247,13196,1,14058,14943,18337,17092,11568,2100,8263,8846,20257,13950,1450,1893,3868,2246,150,1641,1,20:02
2024-25,1628404,Josh Hart,Josh,1610612752,NYK,New York Knicks,0022400419,2024-12-27T00:00:00,NYK @ ORL,W,38.43333333333333,6.6,10.3,0.636,0.9,2.8,0.333,7.5,9.4,0.8,2.8,9.4,12.2,0.9,2.8,1.9,1.9,0.0,2.8,6.6,21.5,21.5,46.0,1,0,43.1,1,1,13086,1,1144,10045,16557,4689,14845,18040,9209,1671,1679,7681,5839,3146,3362,19824,7180,6900,3848,8846,11599,2027,6598,3569,4747,1,150,5097,1,38:26
2024-25,1627750,Jamal Murray,Jamal,1610612743,DEN,Denver Nuggets,0022400424,2024-12-27T00:00:00,DEN vs. CLE,L,40.38333333333333,8.9,17.8,0.5,2.7,5.3,0.5,3.6,3.6,1.0,0.0,2.7,2.7,9.8,3.6,1.8,0.0,0.9,2.7,3.6,24.1,-8.0,43.8,1,0,42.8,1,13222,1,13222,476,4868,4881,8526,7613,12330,3944,6565,8755,1,14058,17759,20506,1535,4861,7321,8263,8695,12147,7493,4757,16982,5781,1,150,5256,1,40:23
2024-25,1628991,Jaren Jackson Jr.,Jaren,1610612763,MEM,Memphis Grizzlies,0022400423,2024-12-27T00:00:00,MEM @ NOP,W,35.166666666666664,11.3,21.5,0.524,4.1,6.1,0.667,7.2,7.2,1.0,2.0,3.1,5.1,3.1,4.1,4.1,3.1,4.1,1.0,6.1,33.8,32.8,61.9,0,0,60.4,1,1,13086,1,3337,2040,2029,8439,3795,10335,1957,1896,3202,1,8175,16489,14461,12688,3682,1545,1609,623,19552,2456,1167,1652,973,2246,150,791,1,35:10
2024-25,1629723,John Konchar,John,1610612763,MEM,Memphis Grizzlies,0022400423,2024-12-27T00:00:00,MEM @ NOP,W,6.083333333333333,0.0,17.8,0.0,0.0,11.8,0.0,0.0,0.0,0.0,5.9,11.8,17.8,5.9,5.9,0.0,0.0,0.0,0.0,0.0,0.0,5.9,24.3,0,0,23.7,1,1,13086,1,23565,22635,4943,22635,15070,1877,15070,13505,14344,13505,1663,1451,953,5638,1436,12854,8263,8846,20257,17725,23200,9652,18764,2246,150,18564,1,6:05
2024-25,1631222,Jake LaRavia,Jake,1610612763,MEM,Memphis Grizzlies,0022400423,2024-12-27T00:00:00,MEM @ NOP,W,7.266666666666667,0.0,5.0,0.0,0.0,0.0,0.0,0.0,0.0,0.0,0.0,5.0,5.0,0.0,19.8,0.0,0.0,5.0,0.0,0.0,0.0,-44.6,-13.9,0,0,5.0,1,1,13086,1,23070,22635,23497,22635,15070,20945,15070,13505,14344,13505,14058,11014,14918,19908,49,12854,8263,378,20257,17725,23200,25156,26251,2246,150,25111,1,7:16
2024-25,1627777,Georges Niang,Georges,1610612739,CLE,Cleveland Cavaliers,0022400424,2024-12-27T00:00:00,CLE @ DEN,W,15.983333333333333,2.3,11.3,0.2,2.3,6.8,0.333,0.0,0.0,0.0,0.0,2.3,2.3,6.8,0.0,0.0,0.0,2.3,2.3,0.0,6.8,-9.0,19.6,0,0,18.0,1,1,13086,1,18936,20944,14904,21401,9038,8996,9209,13505,14344,13505,14058,18912,21309,4344,16469,12854,8263,2544,13867,17725,20890,17427,21365,2246,150,21853,1,15:59
2024-25,1641736,Reece Beekman,Reece,1610612751,BKN,Brooklyn Nets,0022400421,2024-12-27T00:00:00,BKN vs. SAS,L,13.7,0.0,7.9,0.0,0.0,5.3,0.0,0.0,0.0,0.0,0.0,0.0,0.0,2.6,2.6,0.0,0.0,0.0,5.3,0.0,0.0,-42.0,1.3,0,0,2.6,1,13222,1,13222,20364,22635,20429,22635,15070,12577,15070,13505,14344,13505,14058,22137,23286,14127,7773,12854,8263,8846,4090,17725,23200,24978,25193,2246,150,25244,1,13:42
2024-25,1641710,Anthony Black,Anthony,1610612753,ORL,Orlando Magic,0022400419,2024-12-27T00:00:00,ORL vs. NYK,L,30.266666666666666,2.4,10.7,0.222,0.0,1.2,0.0,5.9,5.9,1.0,2.4,1.2,3.6,2.4,1.2,1.2,0.0,0.0,4.8,4.8,10.7,-10.7,20.9,0,0,19.0,1,13222,1,13222,7529,20709,15874,21205,15070,20633,15070,2918,4550,1,6985,21538,18404,14950,14518,10267,8263,8846,5157,4595,17469,18186,20722,2246,150,21379,1,30:16
2024-25,203914,Gary Harris,Gary,1610612753,ORL,Orlando Magic,0022400419,2024-12-27T00:00:00,ORL vs. NYK,L,14.733333333333333,2.4,7.3,0.333,0.0,4.9,0.0,0.0,0.0,0.0,0.0,0.0,0.0,2.4,0.0,0.0,0.0,0.0,0.0,0.0,4.9,-29.3,8.6,0,0,7.3,1,13222,1,13222,19747,20564,21167,17395,15070,13471,15070,13505,14344,13505,14058,22137,23286,14725,16469,12854,8263,8846,20257,17725,22069,23632,24626,2246,150,24862,1,14:44
2024-25,201144,Mike Conley,Mike,1610612750,MIN,Minnesota Timberwolves,0022400422,2024-12-27T00:00:00,MIN @ HOU,W,23.65,1.5,7.6,0.2,1.5,6.1,0.25,0.0,0.0,0.0,1.5,1.5,3.0,3.0,0.0,3.0,0.0,0.0,0.0,1.5,4.6,-25.9,21.9,0,0,18.3,1,1,13086,1,13186,22144,20772,21401,11954,10467,11902,13505,14344,13505,10222,20828,19598,12778,16469,3060,8263,8846,20257,14911,22252,23003,20196,2246,150,21733,1,23:39
2024-25,1631245,Quenton Jackson,Quenton,1610612754,IND,Indiana Pacers,0022400420,2024-12-27T00:00:00,IND @ BOS,L,8.983333333333333,0.0,0.0,0.0,0.0,0.0,0.0,12.0,16.0,0.75,0.0,0.0,0.0,12.0,0.0,0.0,0.0,0.0,12.0,8.0,12.0,-28.1,30.1,0,0,24.0,1,13222,1,13222,22457,22635,24836,22635,15070,20945,15070,338,278,8186,14058,22137,23286,713,16469,12854,8263,8846,420,1013,16113,23442,14753,2246,150,18293,1,8:59
2024-25,1641767,Ben Sheppard,Ben,1610612754,IND,Indiana Pacers,0022400420,2024-12-27T00:00:00,IND @ BOS,L,19.7,1.8,12.8,0.143,0.0,7.3,0.0,0.0,0.0,0.0,1.8,1.8,3.7,1.8,0.0,0.0,0.0,1.8,3.7,1.8,3.7,-32.9,10.8,0,0,9.1,1,13222,1,13222,16262,21710,12231,22260,15070,7797,15070,13505,14344,13505,9138,20168,18188,17003,16469,12854,8263,3808,8244,13818,22716,24150,24288,2246,150,24581,1,19:42
2024-25,1630243,Trevelin Queen,Trevelin,1610612753,ORL,Orlando Magic,0022400419,2024-12-27T00:00:00,ORL vs. NYK,L,26.0,4.2,9.7,0.429,4.2,9.7,0.429,0.0,0.0,0.0,1.4,1.4,2.8,4.2,1.4,0.0,0.0,0.0,5.5,1.4,12.5,-27.7,20.6,0,0,23.5,1,13222,1,13222,11159,16718,17593,13735,3664,3860,7394,13505,14344,13505,10818,21117,20322,9512,13378,12854,8263,8846,3642,15514,15637,23370,20888,2246,150,18648,1,26:00
2024-25,1626166,Cameron Payne,Cameron,1610612752,NYK,New York Knicks,0022400419,2024-12-27T00:00:00,NYK @ ORL,W,7.166666666666667,0.0,10.0,0.0,0.0,10.0,0.0,0.0,0.0,0.0,0.0,0.0,0.0,5.0,0.0,0.0,0.0,0.0,5.0,0.0,0.0,-5.0,7.5,0,0,5.0,1,1,13086,1,23108,22635,16959,22635,15070,3433,15070,13505,14344,13505,14058,22137,23286,7402,16469,12854,8263,8846,4554,17725,23200,15600,24751,2246,150,25104,1,7:10
2024-25,202709,Cory Joseph,Cory,1610612753,ORL,Orlando Magic,0022400419,2024-12-27T00:00:00,ORL vs. NYK,L,7.633333333333334,0.0,14.1,0.0,0.0,4.7,0.0,0.0,0.0,0.0,0.0,9.4,9.4,0.0,0.0,4.7,0.0,0.0,4.7,0.0,0.0,-18.9,25.5,0,0,18.9,1,13222,1,13222,22940,22635,9929,22635,15070,13916,15070,13505,14344,13505,14058,3090,6139,19908,16469,1071,8263,8846,5245,17725,23200,21194,17954,2246,150,21448,1,7:38
2024-25,1641783,Tristan da Silva,Tristan,1610612753,ORL,Orlando Magic,0022400419,2024-12-27T00:00:00,ORL vs. NYK,L,27.85,0.0,6.5,0.0,0.0,3.9,0.0,0.0,0.0,0.0,0.0,2.6,2.6,2.6,5.2,0.0,1.3,0.0,1.3,1.3,0.0,-7.8,5.7,0,0,7.8,1,13222,1,13222,9671,22635,22145,22635,15070,15854,15070,13505,14344,13505,14058,17983,20665,14264,2141,12854,5680,8846,18060,15940,23200,16858,24950,2246,150,24798,1,27:51
2024-25,203952,Andrew Wiggins,Andrew,1610612744,GSW,Golden State Warriors,0022400426,2024-12-27T00:00:00,GSW @ LAC,L,23.583333333333332,3.1,16.8,0.182,1.5,4.6,0.333,0.0,0.0,0.0,1.5,1.5,3.1,3.1,1.5,0.0,1.5,3.1,0.0,3.1,7.6,-24.4,18.9,0,0,18.3,1,13222,1,13222,13240,19314,6052,21891,11938,14240,9209,13505,14344,13505,10205,20816,19577,12754,12628,12854,4758,1282,20257,9060,20214,22674,21678,2246,150,21706,1,23:35
2024-25,1630322,Lindy Waters III,Lindy,1610612744,GSW,Golden State Warriors,0022400426,2024-12-27T00:00:00,GSW @ LAC,L,16.195,0.0,13.3,0.0,0.0,13.3,0.0,0.0,0.0,0.0,0.0,2.2,2.2,2.2,0.0,2.2,0.0,0.0,2.2,0.0,0.0,35.6,12.7,0,0,8.9,1,13222,1,13222,18803,22635,11231,22635,15070,1153,15070,13505,14344,13505,14058,19002,21368,15544,16469,5301,8263,8846,13992,17725,23200,1337,23850,2246,150,24629,1,16:12
2024-25,203078,Bradley Beal,Bradley,1610612756,PHX,Phoenix Suns,0022400425,2024-12-27T00:00:00,PHX vs. DAL,L,38.336666666666666,4.7,16.9,0.278,0.9,4.7,0.2,0.0,0.0,0.0,1.9,0.9,2.8,3.8,3.8,1.9,0.9,0.0,2.8,1.9,10.3,-12.2,24.0,0,0,23.5,1,13222,1,13222,1199,15254,5906,20025,14841,13972,13429,13505,14344,13505,8906,22070,20203,10635,4424,6867,7899,8846,11566,13594,17828,18816,18920,2246,150,18687,1,38:20
2024-25,1631216,Caleb Houstan,Caleb,1610612753,ORL,Orlando Magic,0022400419,2024-12-27T00:00:00,ORL vs. NYK,L,4.533333333333333,0.0,0.0,0.0,0.0,0.0,0.0,0.0,0.0,0.0,0.0,0.0,0.0,7.9,0.0,0.0,0.0,0.0,0.0,0.0,0.0,-7.9,11.9,0,0,7.9,1,13222,1,13222,24213,22635,24836,22635,15070,20945,15070,13505,14344,13505,14058,22137,23286,2949,16469,12854,8263,8846,20257,17725,23200,16950,24028,2246,150,24770,1,4:32
2024-25,1641816,Hunter Tyson,Hunter,1610612743,DEN,Denver Nuggets,0022400424,2024-12-27T00:00:00,DEN vs. CLE,L,6.25,5.8,17.3,0.333,5.8,5.8,1.0,0.0,0.0,0.0,0.0,5.8,5.8,0.0,0.0,0.0,0.0,5.8,5.8,0.0,17.3,-11.5,24.2,0,0,28.8,1,13222,1,13222,23477,12230,5472,17395,1517,11296,1,13505,14344,13505,14058,8882,12868,19908,16469,12854,8263,239,3292,17725,10543,18541,18818,2246,150,14855,1,6:15
2024-25,201935,James Harden,James,1610612746,LAC,LA Clippers,0022400426,2024-12-27T00:00:00,LAC vs. GSW,W,38.833333333333336,5.6,13.0,0.429,1.9,7.4,0.25,3.7,3.7,1.0,0.9,1.9,2.8,6.5,5.6,0.9,0.9,0.0,2.8,1.9,16.7,7.4,29.8,0,0,31.5,1,1,13086,1,945,12814,11895,13735,10860,7572,11902,6274,8465,1,13792,20101,20296,4732,1760,12528,7973,8846,11724,13716,11185,8929,14970,2246,150,12763,1,38:50
2024-25,1626157,Karl-Anthony Towns,Karl-Anthony,1610612752,NYK,New York Knicks,0022400419,2024-12-27T00:00:00,NYK @ ORL,W,32.586666666666666,6.6,11.0,0.6,2.2,4.4,0.5,2.2,4.4,0.5,1.1,7.7,8.8,0.0,4.4,1.1,0.0,1.1,4.4,5.5,17.7,18.8,27.2,0,0,30.9,1,1,13086,1,5490,9865,15290,5394,9208,14639,3944,9915,6999,10625,12438,5114,6961,19908,3113,10979,8263,7004,5974,3303,10142,4322,16833,2246,150,13221,1,32:35
2024-25,1630611,Gui Santos,Gui,1610612744,GSW,Golden State Warriors,0022400426,2024-12-27T00:00:00,GSW @ LAC,L,4.836666666666667,0.0,7.4,0.0,0.0,7.4,0.0,0.0,0.0,0.0,0.0,7.4,7.4,7.4,7.4,0.0,0.0,0.0,14.9,0.0,0.0,-59.5,12.7,0,0,14.9,1,13222,1,13222,24066,22635,21012,22635,15070,7518,15070,13505,14344,13505,14058,5597,9283,3468,731,12854,8263,8846,250,17725,23200,25680,23856,2246,150,23100,1,4:50
2024-25,1629618,Jalen Pickett,Jalen,1610612743,DEN,Denver Nuggets,0022400424,2024-12-27T00:00:00,DEN vs. CLE,L,1.6,0.0,0.0,0.0,0.0,0.0,0.0,0.0,0.0,0.0,0.0,0.0,0.0,22.5,0.0,0.0,0.0,0.0,0.0,0.0,0.0,45.0,33.8,0,0,22.5,1,13222,1,13222,25718,22635,24836,22635,15070,20945,15070,13505,14344,13505,14058,22137,23286,57,16469,12854,8263,8846,20257,17725,23200,705,12008,2246,150,19354,1,1:36
2024-25,1630162,Anthony Edwards,Anthony,1610612750,MIN,Minnesota Timberwolves,0022400422,2024-12-27T00:00:00,MIN @ HOU,W,35.3,9.2,17.3,0.529,4.1,8.2,0.5,2.0,3.1,0.667,0.0,5.1,5.1,3.1,3.1,0.0,1.0,2.0,3.1,2.0,24.5,-1.0,35.2,0,0,38.8,1,1,13086,1,3234,4399,5410,8281,3831,6156,3944,10490,9821,9425,14058,10574,14521,12724,6255,12854,7347,3095,10434,12876,4502,13552,10945,2246,150,7552,1,35:18
2024-25,1641716,Jarace Walker,Jarace,1610612754,IND,Indiana Pacers,0022400420,2024-12-27T00:00:00,IND @ BOS,L,28.416666666666668,6.3,12.7,0.5,1.3,5.1,0.25,5.1,7.6,0.667,0.0,0.0,0.0,6.3,1.3,2.5,0.0,0.0,3.8,7.6,19.0,-27.9,34.8,0,0,31.7,1,13222,1,13222,9198,10602,12441,8526,12995,13036,11902,3938,2815,9425,14058,22137,23286,4968,13990,4292,8263,8846,7735,1258,8856,23407,11166,2246,150,12647,1,28:25
2024-25,1629674,Neemias Queta,Neemias,1610612738,BOS,Boston Celtics,0022400420,2024-12-27T00:00:00,BOS vs. IND,W,9.216666666666667,7.8,11.7,0.667,0.0,0.0,0.0,7.8,11.7,0.667,7.8,0.0,7.8,0.0,3.9,0.0,3.9,0.0,7.8,7.8,23.4,11.7,40.6,0,0,39.1,1,1,13086,1,22375,7040,14073,3281,15070,20945,15070,1500,824,9425,841,22137,8592,19908,4074,12854,966,8846,1448,1120,5173,6922,7381,2246,150,7343,1,9:13
2024-25,1642402,Enrique Freeman,Enrique,1610612754,IND,Indiana Pacers,0022400420,2024-12-27T00:00:00,IND @ BOS,L,6.366666666666666,5.7,17.0,0.333,0.0,5.7,0.0,0.0,0.0,0.0,5.7,5.7,11.3,0.0,0.0,0.0,0.0,5.7,0.0,0.0,11.3,-17.0,24.9,0,0,22.6,1,13222,1,13222,23428,12542,5840,17395,15070,11563,15070,13505,14344,13505,1840,9153,4123,19908,16469,12854,8263,252,20257,17725,16876,20605,18368,2246,150,19264,1,6:22
2024-25,1630224,Jalen Green,Jalen,1610612745,HOU,Houston Rockets,0022400422,2024-12-27T00:00:00,HOU vs. MIN,L,38.92,4.6,13.9,0.333,2.8,5.5,0.5,0.9,1.8,0.5,0.0,1.8,1.8,5.5,1.8,0.0,0.0,0.9,0.0,2.8,12.9,5.5,21.6,0,0,23.1,1,13222,1,13222,908,15429,10388,17395,7306,11846,3944,13422,13109,10625,14058,20108,22081,6340,11321,12854,8263,8533,20257,10056,15142,9817,20341,2246,150,18914,1,38:55
2024-25,1627739,Kris Dunn,Kris,1610612746,LAC,LA Clippers,0022400426,2024-12-27T00:00:00,LAC vs. GSW,W,34.21666666666667,5.3,8.4,0.625,2.1,5.3,0.4,1.1,2.1,0.5,1.1,6.3,7.4,4.2,5.3,1.1,0.0,0.0,3.2,2.1,13.7,14.7,26.7,0,0,29.5,1,1,13086,1,4083,13641,19619,4899,9663,12566,7874,13073,12405,10625,12860,7670,9446,9368,2051,11468,8263,8846,10051,12590,14301,5732,17136,2246,150,14357,1,34:13
2024-25,101108,Chris Paul,Chris,1610612759,SAS,San Antonio Spurs,0022400421,2024-12-27T00:00:00,SAS @ BKN,W,31.866666666666667,2.3,6.8,0.333,0.0,3.4,0.0,1.1,2.3,0.5,0.0,2.3,2.3,5.6,1.1,0.0,0.0,0.0,2.3,1.1,5.6,16.9,15.7,0,0,13.6,1,1,13086,1,6086,20930,21803,17395,15070,16885,15070,12817,11905,10625,14058,18892,21297,6149,14941,12854,8263,8846,13824,16772,21629,4926,22952,2246,150,23543,1,31:52
2024-25,204456,T.J. McConnell,T.J.,1610612754,IND,Indiana Pacers,0022400420,2024-12-27T00:00:00,IND @ BOS,L,19.633333333333333,7.3,20.2,0.364,0.0,3.7,0.0,0.0,0.0,0.0,0.0,0.0,0.0,7.3,3.7,0.0,0.0,1.8,0.0,0.0,14.7,-23.8,22.0,0,0,22.0,1,13222,1,13222,16317,8155,2861,16861,15070,16291,15070,13505,14344,13505,14058,22137,23286,3581,4634,12854,8263,3786,20257,17725,13226,22531,20148,2246,150,19678,1,19:38
2024-25,1642277,Johnny Furphy,Johnny,1610612754,IND,Indiana Pacers,0022400420,2024-12-27T00:00:00,IND @ BOS,L,23.533333333333335,0.0,9.2,0.0,0.0,6.1,0.0,0.0,0.0,0.0,3.1,3.1,6.1,3.1,0.0,1.5,1.5,1.5,3.1,0.0,0.0,-24.5,21.1,0,0,15.3,1,13222,1,13222,13284,22635,18445,22635,15070,10394,15070,13505,14344,13505,5211,16525,12001,12727,16469,8274,4747,4659,10438,17725,23200,22688,20629,2246,150,22958,1,23:32
2024-25,1641764,Brandin Podziemski,Brandin,1610612744,GSW,Golden State Warriors,0022400426,2024-12-27T00:00:00,GSW @ LAC,L,30.55,4.7,10.6,0.444,2.4,5.9,0.4,0.0,0.0,0.0,0.0,2.4,2.4,5.9,0.0,3.5,0.0,0.0,2.4,2.4,11.8,7.1,34.1,0,0,29.5,1,13222,1,13222,7274,15205,16035,13045,8639,10960,7874,13505,14344,13505,14058,18601,21084,5678,16469,2199,8263,8846,13406,11509,16364,9101,11756,2246,150,14356,1,30:33
2024-25,1642345,Oso Ighodaro,Oso,1610612756,PHX,Phoenix Suns,0022400425,2024-12-27T00:00:00,PHX vs. DAL,L,15.958333333333334,4.5,4.5,1.0,0.0,0.0,0.0,0.0,4.5,0.0,0.0,6.8,6.8,2.3,0.0,2.3,0.0,0.0,2.3,2.3,9.0,6.8,27.3,0,0,22.6,1,13222,1,13222,18958,15742,23800,1,15070,20945,15070,13505,6821,13505,14058,6757,10603,15410,16469,5202,8263,8846,13844,11917,19053,9258,16747,2246,150,19312,1,15:58
2024-25,1628371,Jonathan Isaac,Jonathan,1610612753,ORL,Orlando Magic,0022400419,2024-12-27T00:00:00,ORL vs. NYK,L,17.416666666666668,6.2,18.6,0.333,0.0,8.3,0.0,2.1,2.1,1.0,4.1,6.2,10.3,2.1,2.1,2.1,0.0,0.0,6.2,2.1,14.5,-33.1,34.1,0,0,31.0,1,13222,1,13222,17986,10973,4117,17395,15070,5974,15070,10417,12533,1,3390,7892,5082,16127,10172,5926,8263,8846,2709,12775,13446,24178,11725,2246,150,13163,1,17:25
2024-25,1642264,Stephon Castle,Stephon,1610612759,SAS,San Antonio Spurs,0022400421,2024-12-27T00:00:00,SAS @ BKN,W,18.983333333333334,3.8,13.3,0.286,1.9,3.8,0.5,1.9,7.6,0.25,1.9,1.9,3.8,1.9,3.8,1.9,0.0,0.0,1.9,5.7,11.4,-7.6,20.7,0,0,22.8,1,1,13086,1,16837,17590,11350,19630,10648,16013,3944,10965,2826,13358,8831,19985,17842,16762,4344,6785,8263,8846,15694,3046,16814,16774,20860,2246,150,19163,1,18:59
2024-25,1630573,Sam Hauser,Sam,1610612738,BOS,Boston Celtics,0022400420,2024-12-27T00:00:00,BOS vs. IND,W,19.51,3.7,14.8,0.25,0.0,9.2,0.0,0.0,0.0,0.0,1.8,1.8,3.7,3.7,0.0,0.0,0.0,0.0,1.8,0.0,7.4,22.1,17.3,0,0,14.8,1,1,13086,1,16416,17863,8970,20233,15070,4491,15070,13505,14344,13505,9064,20121,18089,10812,16469,12854,8263,8846,15964,17725,20425,3426,22354,2246,150,23148,1,19:31
2024-25,1629675,Naz Reid,Naz,1610612750,MIN,Minnesota Timberwolves,0022400422,2024-12-27T00:00:00,MIN @ HOU,W,24.433333333333334,8.8,17.7,0.5,1.5,7.4,0.2,1.5,4.4,0.333,2.9,1.5,4.4,1.5,2.9,0.0,1.5,0.0,8.8,4.4,20.6,20.6,29.6,0,0,30.9,1,1,13086,1,12541,4988,5033,8526,12146,7687,13429,11842,6994,13132,5458,20933,16241,18081,6645,12854,4953,8846,1016,5301,7369,3777,15073,2246,150,13213,1,24:26
2024-25,1629660,Ty Jerome,Ty,1610612739,CLE,Cleveland Cavaliers,0022400424,2024-12-27T00:00:00,CLE @ DEN,W,7.316666666666666,4.9,29.5,0.167,0.0,14.8,0.0,0.0,4.9,0.0,0.0,0.0,0.0,19.7,0.0,4.9,0.0,4.9,0.0,9.8,9.8,73.8,54.1,0,0,39.4,1,1,13086,1,23056,14631,301,21938,15070,752,15070,13505,6079,13505,14058,22137,23286,92,16469,942,8263,384,20257,443,18320,209,2176,2246,150,7154,1,7:19
2024-25,1627884,Derrick Jones Jr.,Derrick,1610612746,LAC,LA Clippers,0022400426,2024-12-27T00:00:00,LAC vs. GSW,W,29.516666666666666,8.5,14.6,0.583,0.0,2.4,0.0,0.0,0.0,0.0,2.4,4.9,7.3,2.4,1.2,2.4,0.0,2.4,1.2,0.0,17.1,9.8,35.6,0,0,31.7,1,1,13086,1,8205,5548,9151,6296,15070,18733,15070,13505,14344,13505,6808,11214,9537,14740,14294,4564,8263,2137,18427,17725,10778,7816,10639,2246,150,12615,1,29:31
2024-25,201142,Kevin Durant,Kevin,1610612756,PHX,Phoenix Suns,0022400425,2024-12-27T00:00:00,PHX vs. DAL,L,37.695,10.5,18.1,0.579,2.9,3.8,0.75,9.6,11.5,0.833,0.0,2.9,2.9,0.0,1.0,0.0,0.0,1.0,1.0,5.7,33.4,-2.9,35.9,0,0,39.2,1,13222,1,13222,1578,2711,4514,6486,7005,15956,1542,821,900,7275,14058,17196,20084,19908,16115,12854,8263,8297,19938,2997,1236,14494,10425,2246,150,7297,1,37:42
2024-25,1630553,Keon Johnson,Keon,1610612751,BKN,Brooklyn Nets,0022400421,2024-12-27T00:00:00,BKN vs. SAS,L,36.61666666666667,9.8,19.7,0.5,3.9,9.8,0.4,1.0,2.0,0.5,1.0,2.9,3.9,2.9,2.9,1.0,1.0,2.0,2.0,2.0,24.6,5.9,36.7,0,0,39.3,1,13222,1,13222,2270,3428,3215,8526,4130,3687,7874,13279,12810,10625,13392,16890,17487,13094,6640,12090,7583,3329,15319,13233,4439,9660,9905,2246,150,7177,1,36:37
2024-25,1627827,Dorian Finney-Smith,Dorian,1610612751,BKN,Brooklyn Nets,0022400421,2024-12-27T00:00:00,BKN vs. SAS,L,27.133333333333333,1.3,9.3,0.143,0.0,5.3,0.0,0.0,1.3,0.0,2.7,9.3,11.9,0.0,1.3,0.0,0.0,1.3,1.3,1.3,2.7,-8.0,15.7,0,0,14.6,1,13222,1,13222,10243,22369,18284,22260,15070,12445,15070,13505,13691,13505,6220,3218,3545,19908,13683,12854,8263,5512,17916,15777,23034,16957,22971,2246,150,23217,1,27:08
2024-25,1626167,Myles Turner,Myles,1610612754,IND,Indiana Pacers,0022400420,2024-12-27T00:00:00,IND @ BOS,L,22.85,4.7,11.0,0.429,1.6,6.3,0.25,1.6,3.2,0.5,4.7,3.2,7.9,0.0,4.7,0.0,0.0,0.0,4.7,3.2,12.6,-36.2,17.3,0,0,22.1,1,13222,1,13222,13831,15177,15315,13735,11770,9977,11902,11637,9611,10625,2642,16253,8506,19908,2684,12854,8263,8846,5228,8729,15493,24546,22357,2246,150,19648,1,22:51
2024-25,1630173,Precious Achiuwa,Precious,1610612752,NYK,New York Knicks,0022400419,2024-12-27T00:00:00,NYK @ ORL,W,20.63,3.5,3.5,1.0,0.0,0.0,0.0,3.5,7.0,0.5,5.2,5.2,10.5,1.7,5.2,1.7,1.7,0.0,1.7,3.5,10.5,12.2,30.9,0,0,29.7,1,1,13086,1,15547,18347,24312,1,15070,20945,15070,6722,3381,10625,2160,10201,4939,17246,2079,7466,4177,8846,16387,7688,17690,6707,14135,2246,150,14191,1,20:38
2024-25,1642279,Ulrich Chomche,Ulrich,1610612761,TOR,Toronto Raptors,0022400414,2024-12-26T00:00:00,TOR @ MEM,L,4.866666666666666,0.0,7.4,0.0,0.0,0.0,0.0,0.0,0.0,0.0,14.8,0.0,14.8,7.4,7.4,0.0,0.0,0.0,7.4,0.0,0.0,-14.8,21.5,0,0,22.2,1,13222,1,13222,24032,22635,21073,22635,15070,20945,15070,13505,14344,13505,137,22137,1872,3513,744,12854,8263,8846,1710,17725,23200,19816,20440,2246,150,19558,1,4:52
2024-25,1631114,Jalen Williams,Jalen,1610612760,OKC,Oklahoma City Thunder,0022400410,2024-12-26T00:00:00,OKC @ IND,W,35.5,8.1,22.3,0.364,2.0,6.1,0.333,2.0,2.0,1.0,0.0,4.1,4.1,5.1,2.0,0.0,0.0,5.1,2.0,4.1,20.3,-8.1,30.7,0,0,31.4,1,1,13086,1,3067,6383,1670,16861,10023,10478,9209,10544,12645,1,14058,13557,17169,7311,10378,12854,8263,353,14976,6151,7672,17022,14256,2246,150,12822,1,35:30
2024-25,1631260,AJ Green,AJ,1610612749,MIL,Milwaukee Bucks,0022400415,2024-12-26T00:00:00,MIL vs. BKN,L,29.25,3.7,9.8,0.375,2.5,8.6,0.286,0.0,0.0,0.0,1.2,6.2,7.4,2.5,0.0,0.0,0.0,0.0,1.2,0.0,9.8,2.5,22.4,0,0,22.2,1,13222,1,13222,8450,17860,17330,16299,8278,5395,11433,13505,14344,13505,11601,7994,9400,14676,16469,12854,8263,8846,18373,17725,18315,11391,19927,2246,150,19580,1,29:15
2024-25,1628998,Cody Martin,Cody,1610612766,CHA,Charlotte Hornets,0022400412,2024-12-26T00:00:00,CHA @ WAS,L,18.555,0.0,1.9,0.0,0.0,0.0,0.0,3.9,3.9,1.0,3.9,3.9,7.8,1.9,3.9,0.0,0.0,0.0,7.8,1.9,3.9,-1.9,12.2,0,0,13.6,1,13222,1,13222,17145,22635,24771,22635,15070,20945,15070,5913,8079,1,3760,14092,8696,16608,4131,12854,8263,8846,1489,13365,22612,14007,23963,2246,150,23536,1,18:33
2024-25,1642270,Donovan Clingan,Donovan,1610612757,POR,Portland Trail Blazers,0022400417,2024-12-26T00:00:00,POR vs. UTA,W,13.635,5.3,7.9,0.667,0.0,0.0,0.0,0.0,0.0,0.0,5.3,5.3,10.6,0.0,2.6,5.3,0.0,0.0,2.6,0.0,10.6,7.9,36.4,0,0,31.7,1,1,13086,1,20398,13599,20384,3281,15070,20945,15070,13505,14344,13505,2115,10077,4852,19908,7738,748,8263,8846,12285,17725,17604,8677,10066,2246,150,12641,1,13:38
2024-25,1641783,Tristan da Silva,Tristan,1610612753,ORL,Orlando Magic,0022400411,2024-12-26T00:00:00,ORL vs. MIA,L,38.776666666666664,6.5,11.1,0.583,0.9,2.8,0.333,2.8,2.8,1.0,1.9,3.7,5.6,1.9,3.7,0.9,0.9,0.9,1.9,1.9,16.7,11.1,28.0,0,0,28.8,1,13222,1,13222,976,10190,15125,6296,14877,18095,9209,8375,10521,1,9009,14591,13357,16908,4525,12519,7960,8510,15911,13710,11159,7169,16200,2246,150,14877,1,38:47
2024-25,1629651,Nic Claxton,Nic,1610612751,BKN,Brooklyn Nets,0022400415,2024-12-26T00:00:00,BKN @ MIL,W,30.995,5.8,13.9,0.417,0.0,2.3,0.0,3.5,7.0,0.5,2.3,5.8,8.1,3.5,1.2,2.3,0.0,1.2,0.0,3.5,15.1,8.1,35.9,0,0,31.4,1,1,13086,1,6888,12092,10265,14532,15070,18948,15070,6729,3390,10625,7172,8780,8042,11430,14717,4953,8263,6541,20257,7704,12807,8566,10440,2246,150,12888,1,30:60
2024-25,1630553,Keon Johnson,Keon,1610612751,BKN,Brooklyn Nets,0022400415,2024-12-26T00:00:00,BKN @ MIL,W,30.21,6.0,17.9,0.333,2.4,10.7,0.222,0.0,0.0,0.0,0.0,4.8,4.8,1.2,0.0,2.4,1.2,1.2,4.8,0.0,14.3,0.0,32.5,0,0,29.8,1,1,13086,1,7583,11637,4831,17395,8543,2751,13288,13505,14344,13505,14058,11527,15383,19045,16469,4756,6227,6327,5144,17725,13608,12240,12928,2246,150,14109,1,30:13
2024-25,1642349,Ajay Mitchell,Ajay,1610612760,OKC,Oklahoma City Thunder,0022400410,2024-12-26T00:00:00,OKC @ IND,W,15.798333333333334,9.1,11.4,0.8,2.3,4.6,0.5,0.0,2.3,0.0,0.0,2.3,2.3,0.0,0.0,2.3,0.0,0.0,2.3,2.3,20.5,2.3,30.1,0,0,29.6,1,1,13086,1,19072,4500,14672,1688,8929,14300,3944,13505,11845,13505,14058,18828,21250,19908,16469,5109,8263,8846,13729,11824,7488,11472,14743,2246,150,14232,1,15:48
2024-25,1630598,Aaron Wiggins,Aaron,1610612760,OKC,Oklahoma City Thunder,0022400410,2024-12-26T00:00:00,OKC @ IND,W,5.916666666666667,6.1,24.3,0.25,0.0,12.2,0.0,0.0,0.0,0.0,0.0,0.0,0.0,12.2,0.0,0.0,0.0,0.0,6.1,0.0,12.2,-18.3,30.4,0,0,24.3,1,1,13086,1,23626,11266,964,20233,15070,1682,15070,13505,14344,13505,14058,22137,23286,682,16469,12854,8263,8846,2838,17725,15958,21002,14480,2246,150,18113,1,5:55
2024-25,1630169,Tyrese Haliburton,Tyrese,1610612754,IND,Indiana Pacers,0022400410,2024-12-26T00:00:00,IND vs. OKC,L,35.28333333333333,2.0,6.1,0.333,0.0,2.0,0.0,0.0,0.0,0.0,1.0,1.0,2.0,8.2,1.0,0.0,0.0,1.0,1.0,0.0,4.1,-13.3,17.8,0,0,14.3,1,13222,1,13222,3254,21330,22494,17395,15070,19476,15070,13505,14344,13505,13088,21932,21716,2731,15706,12854,8263,7734,19574,17725,22516,19209,22198,2246,150,23331,1,35:17
2024-25,1641729,Brice Sensabaugh,Brice,1610612762,UTA,Utah Jazz,0022400417,2024-12-26T00:00:00,UTA @ POR,L,17.233333333333334,4.2,14.6,0.286,0.0,6.3,0.0,4.2,4.2,1.0,0.0,2.1,2.1,4.2,4.2,2.1,0.0,0.0,4.2,2.1,12.5,-27.2,23.4,0,0,23.0,1,13222,1,13222,18112,16650,9170,19630,15070,10048,15070,5379,7455,1,14058,19391,21635,9444,3540,5838,8263,8846,6612,12664,15559,23270,19316,2246,150,19033,1,17:14
2024-25,203991,Clint Capela,Clint,1610612737,ATL,Atlanta Hawks,0022400413,2024-12-26T00:00:00,ATL vs. CHI,W,25.083333333333332,4.3,4.3,1.0,0.0,0.0,0.0,2.9,2.9,1.0,1.4,4.3,5.7,2.9,0.0,0.0,1.4,0.0,0.0,1.4,11.5,33.0,27.0,0,0,23.0,1,1,13086,1,11930,16310,23919,1,15070,20945,15070,8166,10309,1,10598,12785,12926,13376,16469,12854,5099,8846,20257,15301,16698,1624,16964,2246,150,19059,1,25:05
2024-25,1641717,Cason Wallace,Cason,1610612760,OKC,Oklahoma City Thunder,0022400410,2024-12-26T00:00:00,OKC @ IND,W,29.868333333333332,1.2,6.0,0.2,0.0,2.4,0.0,0.0,0.0,0.0,0.0,2.4,2.4,1.2,0.0,2.4,1.2,0.0,3.6,1.2,2.4,-4.8,18.0,0,0,13.3,1,1,13086,1,7905,22489,22569,21401,15070,18787,15070,13505,14344,13505,14058,18451,20988,19000,16469,4664,6139,8846,8384,16377,23092,15482,22109,2246,150,23630,1,29:52
2024-25,1631200,Kris Murray,Kris,1610612757,POR,Portland Trail Blazers,0022400417,2024-12-26T00:00:00,POR vs. UTA,W,7.166666666666667,0.0,10.0,0.0,0.0,5.0,0.0,0.0,0.0,0.0,0.0,0.0,0.0,5.0,0.0,5.0,0.0,0.0,0.0,0.0,0.0,-15.1,22.6,0,0,15.1,1,1,13086,1,23108,22635,16959,22635,15070,13151,15070,13505,14344,13505,14058,22137,23286,7402,16469,885,8263,8846,20257,17725,23200,19929,19811,2246,150,23038,1,7:10
2024-25,1641732,Colby Jones,Colby,1610612758,SAC,Sacramento Kings,0022400418,2024-12-26T00:00:00,SAC vs. DET,L,10.77,3.3,3.3,1.0,0.0,0.0,0.0,0.0,0.0,0.0,0.0,3.3,3.3,3.3,3.3,0.0,0.0,0.0,6.7,3.3,6.7,40.1,12.4,0,0,13.4,1,13222,1,13222,21815,18657,24368,1,15070,20945,15070,13505,14344,13505,14058,15659,18887,11847,5382,12854,8263,8846,2234,8120,20932,975,23929,2246,150,23593,1,10:46
2024-25,1627763,Malcolm Brogdon,Malcolm,1610612764,WAS,Washington Wizards,0022400412,2024-12-26T00:00:00,WAS vs. CHA,W,29.966666666666665,4.8,15.6,0.308,0.0,2.4,0.0,3.6,4.8,0.75,0.0,3.6,3.6,7.2,1.2,2.4,0.0,1.2,0.0,3.6,13.2,10.8,34.4,0,0,28.8,1,1,13086,1,7812,14926,7672,19226,15070,18802,15070,6480,6291,8186,14058,14916,18312,3746,14432,4691,8263,6251,20257,7381,14854,7323,11549,2246,150,14835,1,29:58
2024-25,1627752,Taurean Prince,Taurean,1610612749,MIL,Milwaukee Bucks,0022400415,2024-12-26T00:00:00,MIL vs. BKN,L,23.383333333333333,4.6,13.9,0.333,4.6,9.2,0.5,0.0,3.1,0.0,0.0,4.6,4.6,0.0,1.5,0.0,0.0,0.0,3.1,3.1,13.9,7.7,17.9,0,0,23.1,1,13222,1,13222,13392,15440,10415,17395,2858,4472,3944,13505,9773,13505,14058,11931,15776,19908,12585,12854,8263,8846,10358,8960,14093,8771,22162,2246,150,18946,1,23:23
2024-25,1630558,Davion Mitchell,Davion,1610612761,TOR,Toronto Raptors,0022400414,2024-12-26T00:00:00,TOR @ MEM,L,26.733333333333334,2.7,8.1,0.333,2.7,6.7,0.4,0.0,0.0,0.0,0.0,0.0,0.0,6.7,0.0,2.7,0.0,0.0,1.3,5.4,8.1,-17.5,26.3,0,0,22.9,1,13222,1,13222,10540,20102,20122,17395,7562,9047,7874,13505,14344,13505,14058,22137,23286,4375,16469,3926,8263,8846,17834,3498,19853,20782,17441,2246,150,19079,1,26:44
2024-25,1630175,Cole Anthony,Cole,1610612753,ORL,Orlando Magic,0022400411,2024-12-26T00:00:00,ORL vs. MIA,L,11.666666666666666,0.0,12.3,0.0,0.0,6.2,0.0,0.0,0.0,0.0,0.0,9.3,9.3,6.2,12.3,0.0,0.0,0.0,12.3,0.0,0.0,-9.3,8.0,0,0,15.4,1,13222,1,13222,21428,22635,12991,22635,15070,10258,15070,13505,14344,13505,14058,3247,6379,5205,195,12854,8263,8846,392,17725,23200,17554,24694,2246,150,22901,1,11:40
2024-25,1629312,Haywood Highsmith,Haywood,1610612748,MIA,Miami Heat,0022400411,2024-12-26T00:00:00,MIA @ ORL,W,27.076666666666668,4.0,8.0,0.5,4.0,6.6,0.6,0.0,0.0,0.0,0.0,4.0,4.0,0.0,2.7,1.3,0.0,0.0,6.6,0.0,12.0,-13.3,18.1,0,0,22.6,1,1,13086,1,10287,17121,20294,8526,4019,9220,2992,13505,14344,13505,14058,13762,17347,19908,7662,9301,8263,8846,2269,17725,16179,19225,22055,2246,150,19285,1,27:05
2024-25,1626153,Delon Wright,Delon,1610612749,MIL,Milwaukee Bucks,0022400415,2024-12-26T00:00:00,MIL vs. BKN,L,18.17,0.0,5.9,0.0,0.0,5.9,0.0,0.0,0.0,0.0,0.0,0.0,0.0,9.9,2.0,2.0,0.0,0.0,2.0,4.0,0.0,9.9,18.8,0,0,13.9,1,13222,1,13222,17459,22635,22666,22635,15070,10829,15070,13505,14344,13505,14058,22137,23286,1490,10608,6338,8263,8846,15253,6423,23200,7736,21746,2246,150,23456,1,18:10
2024-25,1641709,Ausar Thompson,Ausar,1610612765,DET,Detroit Pistons,0022400418,2024-12-26T00:00:00,DET @ SAC,W,18.303333333333335,5.9,9.8,0.6,0.0,0.0,0.0,2.0,3.9,0.5,3.9,11.8,15.7,0.0,2.0,0.0,0.0,0.0,3.9,3.9,13.8,-2.0,30.7,0,0,29.5,1,1,13086,1,17359,11806,17347,5394,15070,20945,15070,10755,7983,10625,3683,1477,1511,19908,10681,12854,8263,8846,7340,6480,14205,14022,14286,2246,150,14319,1,18:18
2024-25,1630530,Trey Murphy III,Trey,1610612740,NOP,New Orleans Pelicans,0022400416,2024-12-26T00:00:00,NOP vs. HOU,L,29.6,8.5,19.5,0.438,4.9,10.9,0.444,3.6,3.6,1.0,0.0,3.6,3.6,2.4,1.2,1.2,0.0,2.4,1.2,4.9,25.5,-36.5,36.0,0,0,38.9,1,13222,1,13222,8140,5588,3369,13558,2464,2544,7211,6387,8585,1,14058,14791,18208,14763,14317,10041,8263,2150,18439,4359,3915,24563,10376,2246,150,7432,1,29:36
2024-25,1642377,Jaylen Wells,Jaylen,1610612763,MEM,Memphis Grizzlies,0022400414,2024-12-26T00:00:00,MEM vs. TOR,W,23.766666666666666,9.1,18.2,0.5,7.6,15.1,0.5,0.0,0.0,0.0,0.0,1.5,1.5,1.5,0.0,1.5,0.0,0.0,1.5,0.0,25.8,30.3,34.4,0,0,39.4,1,1,13086,1,13100,4553,4482,8526,570,661,3944,13505,14344,13505,14058,20846,22553,17921,16469,8342,8263,8846,17162,17725,3806,1933,11525,2246,150,7141,1,23:46
2024-25,1628470,Torrey Craig,Torrey,1610612741,CHI,Chicago Bulls,0022400413,2024-12-26T00:00:00,CHI @ ATL,L,13.583333333333334,8.0,13.3,0.6,2.7,8.0,0.333,0.0,0.0,0.0,5.3,5.3,10.6,0.0,0.0,0.0,0.0,0.0,8.0,0.0,18.6,-23.9,31.3,0,0,31.8,1,13222,1,13222,20440,6732,11383,5394,7682,6533,9209,13505,14344,13505,2090,10023,4811,19908,16469,12854,8263,8846,1384,17725,9265,22535,13849,2246,150,12540,1,13:35
2024-25,1626204,Larry Nance Jr.,Larry,1610612737,ATL,Atlanta Hawks,0022400413,2024-12-26T00:00:00,ATL vs. CHI,W,22.916666666666668,7.9,14.1,0.556,3.1,6.3,0.5,0.0,0.0,0.0,0.0,1.6,1.6,1.6,0.0,1.6,1.6,0.0,3.1,0.0,18.9,-23.6,32.5,0,0,31.4,1,1,13086,1,13780,6944,9944,7248,6119,10013,3944,13505,14344,13505,14058,20734,22480,17737,16469,8103,4639,8846,10133,17725,8994,22468,12937,2246,150,12841,1,22:55
2024-25,1642262,Cody Williams,Cody,1610612762,UTA,Utah Jazz,0022400417,2024-12-26T00:00:00,UTA @ POR,L,25.033333333333335,2.9,4.3,0.667,1.4,1.4,1.0,0.0,0.0,0.0,1.4,0.0,1.4,1.4,1.4,0.0,1.4,0.0,5.8,0.0,7.2,-25.9,13.9,0,0,14.4,1,13222,1,13222,11975,19720,23908,3281,12301,20337,1,13505,14344,13505,10583,22137,22647,18212,13067,12854,5081,8846,3310,17725,20565,23004,23512,2246,150,23292,1,25:02
2024-25,203995,Vasilije Micić,Vasilije,1610612766,CHA,Charlotte Hornets,0022400412,2024-12-26T00:00:00,CHA @ WAS,L,10.083333333333334,7.1,10.7,0.667,7.1,10.7,0.667,0.0,0.0,0.0,0.0,0.0,0.0,3.6,3.6,3.6,0.0,0.0,3.6,0.0,21.4,25.0,33.9,0,0,39.3,1,13222,1,13222,22077,8605,15864,3281,714,2759,1957,13505,14344,13505,14058,22137,23286,11170,4841,2138,8263,8846,8523,17725,6713,2822,11878,2246,150,7211,1,10:05
2024-25,1628368,De'Aaron Fox,De'Aaron,1610612758,SAC,Sacramento Kings,0022400418,2024-12-26T00:00:00,SAC vs. DET,L,38.416666666666664,10.3,23.4,0.44,1.9,6.6,0.286,1.9,2.8,0.667,0.9,4.7,5.6,3.7,2.8,0.0,1.9,0.9,3.7,2.8,24.4,-12.2,39.5,0,0,39.4,1,13222,1,13222,1155,2909,1239,13537,10754,9411,11433,11032,10460,9425,13731,11744,13235,10650,7176,12854,3847,8438,7915,9931,4571,18805,8047,2246,150,7155,1,38:25
2024-25,1629634,Brandon Clarke,Brandon,1610612763,MEM,Memphis Grizzlies,0022400414,2024-12-26T00:00:00,MEM vs. TOR,W,20.151666666666667,7.1,10.7,0.667,0.0,0.0,0.0,5.4,8.9,0.6,5.4,10.7,16.1,0.0,0.0,0.0,1.8,0.0,5.4,5.4,19.7,8.9,44.3,0,0,39.3,1,1,13086,1,15902,8588,15853,3281,15070,20945,15070,3580,1907,10343,2037,2069,1406,19908,16469,12854,4090,8846,3915,3542,8204,8213,5518,2246,150,7198,1,20:09
2024-25,1630557,Corey Kispert,Corey,1610612764,WAS,Washington Wizards,0022400412,2024-12-26T00:00:00,WAS vs. CHA,W,30.3,5.9,10.7,0.556,2.4,7.1,0.333,1.2,1.2,1.0,0.0,2.4,2.4,2.4,2.4,0.0,0.0,0.0,2.4,1.2,15.4,1.2,19.5,0,0,22.6,1,1,13086,1,7493,11679,15888,7248,8561,8191,9209,12635,13907,1,14058,18557,21053,14959,8743,12854,8263,8846,13322,16460,12465,12022,21419,2246,150,19305,1,30:18
2024-25,1630592,Jalen Wilson,Jalen,1610612751,BKN,Brooklyn Nets,0022400415,2024-12-26T00:00:00,BKN @ MIL,W,31.638333333333332,2.3,8.0,0.286,0.0,4.6,0.0,0.0,0.0,0.0,1.1,3.4,4.6,5.7,1.1,0.0,0.0,0.0,1.1,1.1,4.6,6.8,17.4,0,0,14.8,1,1,13086,1,6297,20896,20321,19630,15070,14318,15070,13505,14344,13505,12210,15484,15921,6065,14884,12854,8263,8846,18876,16723,22264,9218,22336,2246,150,23139,1,31:38
2024-25,1626167,Myles Turner,Myles,1610612754,IND,Indiana Pacers,0022400410,2024-12-26T00:00:00,IND vs. OKC,L,32.983333333333334,4.4,14.2,0.308,1.1,6.5,0.167,3.3,6.5,0.5,4.4,7.6,12.0,2.2,2.2,0.0,5.5,0.0,2.2,5.5,13.1,-5.5,45.0,1,0,39.3,1,13222,1,13222,5158,16161,9853,19226,13994,9432,14236,7154,3833,10625,3087,5256,3481,15687,9581,12854,405,8846,14176,3403,14986,15808,5197,1,150,7202,1,32:59
2024-25,1631099,Keegan Murray,Keegan,1610612758,SAC,Sacramento Kings,0022400418,2024-12-26T00:00:00,SAC vs. DET,L,37.068333333333335,3.9,10.7,0.364,1.0,6.8,0.143,1.9,1.9,1.0,1.9,9.7,11.7,1.9,1.0,1.0,1.0,0.0,2.9,1.0,10.7,-3.9,32.4,1,0,29.1,1,13222,1,13222,1944,17372,15919,16861,14698,8901,14649,10831,12878,1,8656,2803,3802,16598,16019,12200,7681,8846,11122,17485,17495,15003,12992,1,150,14598,1,37:04
2024-25,1642267,Bub Carrington,Bub,1610612764,WAS,Washington Wizards,0022400412,2024-12-26T00:00:00,WAS vs. CHA,W,28.2,3.8,7.7,0.5,1.3,2.6,0.5,0.0,0.0,0.0,0.0,1.3,1.3,3.8,1.3,0.0,0.0,0.0,5.1,2.6,8.9,-8.9,14.9,0,0,15.3,1,1,13086,1,9378,17492,20702,8526,12953,18534,3944,13505,14344,13505,14058,21332,22843,10421,13926,12854,8263,8846,4361,10787,19148,17398,23204,2246,150,22942,1,28:12
2024-25,1630256,Jae'Sean Tate,Jae'Sean,1610612745,HOU,Houston Rockets,0022400416,2024-12-26T00:00:00,HOU @ NOP,W,17.466666666666665,8.2,12.4,0.667,0.0,2.1,0.0,4.1,4.1,1.0,0.0,4.1,4.1,0.0,2.1,0.0,0.0,0.0,4.1,2.1,20.6,47.4,23.5,0,0,24.7,1,1,13086,1,17950,6096,12948,3281,15070,19437,15070,5486,7582,1,14058,13345,17019,19908,10207,12854,8263,8846,6760,12799,7385,626,19262,2246,150,17867,1,17:28
2024-25,1630167,Obi Toppin,Obi,1610612754,IND,Indiana Pacers,0022400410,2024-12-26T00:00:00,IND vs. OKC,L,6.816666666666666,10.6,10.6,1.0,5.3,5.3,1.0,0.0,0.0,0.0,0.0,15.8,15.8,0.0,0.0,0.0,0.0,0.0,5.3,0.0,26.4,10.6,45.4,0,0,47.5,1,13222,1,13222,23243,2653,16115,1,1968,12514,1,13505,14344,13505,14058,449,1475,19908,16469,12854,8263,8846,4056,17725,3478,7440,4986,2246,150,3291,1,6:49
2024-25,1628449,Chris Boucher,Chris,1610612761,TOR,Toronto Raptors,0022400414,2024-12-26T00:00:00,TOR @ MEM,L,21.416666666666668,10.1,20.2,0.5,3.4,8.4,0.4,1.7,1.7,1.0,5.0,3.4,8.4,0.0,1.7,0.0,0.0,1.7,5.0,5.0,25.2,-15.1,33.6,0,0,37.0,1,13222,1,13222,14979,3129,2860,8526,5484,5728,7874,11451,13314,1,2336,15615,7611,19908,12002,12854,8263,4195,4520,4032,4109,19951,12100,2246,150,8734,1,21:25
2024-25,1631204,Marcus Sasser,Marcus,1610612765,DET,Detroit Pistons,0022400418,2024-12-26T00:00:00,DET @ SAC,W,7.566666666666666,4.8,9.5,0.5,4.8,9.5,0.5,0.0,0.0,0.0,0.0,0.0,0.0,4.8,0.0,4.8,0.0,0.0,9.5,0.0,14.3,23.8,35.7,0,0,33.3,1,1,13086,1,22969,15088,17913,8526,2626,4079,3944,13505,14344,13505,14058,22137,23286,8023,16469,1045,8263,8846,806,17725,13639,3076,10591,2246,150,11398,1,7:34
2024-25,201145,Jeff Green,Jeff,1610612745,HOU,Houston Rockets,0022400416,2024-12-26T00:00:00,HOU @ NOP,W,8.9,8.1,12.1,0.667,4.0,8.1,0.5,4.0,8.1,0.5,4.0,4.0,8.1,0.0,0.0,0.0,0.0,0.0,4.0,4.0,24.3,-44.5,34.0,0,0,36.4,1,1,13086,1,22489,6440,13345,3281,3899,6307,3944,5615,2453,10625,3536,13581,8113,19908,16469,12854,8263,8846,7010,6184,4629,25146,11835,2246,150,9096,1,8:54
2024-25,1631213,Tyrese Martin,Tyrese,1610612751,BKN,Brooklyn Nets,0022400415,2024-12-26T00:00:00,BKN @ MIL,W,17.433333333333334,2.1,8.3,0.25,0.0,4.1,0.0,6.2,8.3,0.75,0.0,10.3,10.3,4.1,2.1,0.0,0.0,0.0,2.1,6.2,10.3,-8.3,26.8,0,0,24.8,1,1,13086,1,17972,21289,19854,20233,15070,15272,15070,2678,2343,8186,14058,2334,5092,9575,10183,12854,8263,8846,14781,2397,17834,17078,17058,2246,150,17841,1,17:26
2024-25,1630700,Dyson Daniels,Dyson,1610612737,ATL,Atlanta Hawks,0022400413,2024-12-26T00:00:00,ATL vs. CHI,W,33.233333333333334,6.5,9.7,0.667,3.2,5.4,0.6,0.0,0.0,0.0,1.1,6.5,7.6,4.3,1.1,1.1,0.0,0.0,0.0,1.1,16.2,18.4,34.0,0,0,33.6,1,1,13086,1,4963,10184,17473,3281,5811,12171,2992,13505,14344,13505,12604,7307,9001,9049,15248,11157,8263,8846,20257,16986,11656,4434,11794,2246,150,11175,1,33:14
2024-25,1630172,Patrick Williams,Patrick,1610612741,CHI,Chicago Bulls,0022400413,2024-12-26T00:00:00,CHI @ ATL,L,27.15,6.6,13.3,0.5,1.3,8.0,0.167,0.0,0.0,0.0,1.3,2.7,4.0,5.3,0.0,4.0,0.0,1.3,0.0,0.0,14.6,-25.2,39.2,0,0,33.1,1,13222,1,13222,10234,9860,11373,8526,12748,6526,14236,13505,14344,13505,11067,17809,17365,6810,16469,1659,8263,5516,20257,17725,13309,22852,8237,2246,150,11531,1,27:09
2024-25,1628976,Wendell Carter Jr.,Wendell,1610612753,ORL,Orlando Magic,0022400411,2024-12-26T00:00:00,ORL vs. MIA,L,15.216666666666667,2.4,14.2,0.167,0.0,4.7,0.0,7.1,9.5,0.75,0.0,14.2,14.2,2.4,2.4,0.0,2.4,2.4,0.0,4.7,11.8,-16.6,37.1,0,0,33.1,1,13222,1,13222,19426,20729,9840,21938,15070,13886,15070,1945,1620,8186,14058,720,2150,14996,8788,12854,2613,2294,20257,4657,16314,20465,9589,2246,150,11553,1,15:13
2024-25,1628392,Isaiah Hartenstein,Isaiah,1610612760,OKC,Oklahoma City Thunder,0022400410,2024-12-26T00:00:00,OKC @ IND,W,34.46666666666667,3.1,6.3,0.5,0.0,0.0,0.0,5.2,8.4,0.625,2.1,11.5,13.6,1.0,0.0,0.0,1.0,1.0,2.1,5.2,11.5,-4.2,32.5,1,0,28.2,1,1,13086,1,3877,19131,22357,8526,15070,20945,15070,3742,2285,10271,7994,1635,2448,19546,16469,12854,7167,7533,14659,3743,16681,15170,12957,1,150,15293,1,34:28
2024-25,203924,Jerami Grant,Jerami,1610612757,POR,Portland Trail Blazers,0022400417,2024-12-26T00:00:00,POR vs. UTA,W,31.336666666666666,3.4,5.7,0.6,2.3,3.4,0.667,6.9,8.0,0.857,0.0,3.4,3.4,1.1,2.3,0.0,1.1,0.0,1.1,4.6,16.1,-10.3,23.1,0,0,25.3,1,1,13086,1,6568,18443,22870,5394,8865,16775,1957,2082,2495,7071,14058,15385,18673,19195,9087,12854,6500,8846,18825,4958,11843,18049,19507,2246,150,17459,1,31:20
2024-25,1641711,Gradey Dick,Gradey,1610612761,TOR,Toronto Raptors,0022400414,2024-12-26T00:00:00,TOR @ MEM,L,24.683333333333334,8.8,17.5,0.5,1.5,5.8,0.25,1.5,1.5,1.0,1.5,2.9,4.4,4.4,4.4,2.9,0.0,1.5,4.4,0.0,20.4,-32.1,36.6,0,0,36.5,1,13222,1,13222,12289,5179,5254,8526,12219,11125,11902,11885,13526,1,10499,17023,16346,8948,3186,3363,8263,4945,6087,17725,7569,24048,9952,2246,150,9068,1,24:41
2024-25,1630163,LaMelo Ball,LaMelo,1610612766,CHA,Charlotte Hornets,0022400412,2024-12-26T00:00:00,CHA @ WAS,L,37.916666666666664,11.4,25.6,0.444,3.8,12.3,0.308,2.8,2.8,1.0,0.0,5.7,5.7,5.7,4.7,0.9,0.0,0.0,1.9,6.6,29.4,-9.5,42.9,0,0,46.5,1,13222,1,13222,1431,1942,703,13045,4444,1594,11292,8219,10365,1,14058,9050,13028,6048,2659,12352,8263,8846,15679,1949,2286,17669,6167,2246,150,3652,1,37:55
2024-25,1630217,Desmond Bane,Desmond,1610612763,MEM,Memphis Grizzlies,0022400414,2024-12-26T00:00:00,MEM vs. TOR,W,23.35,12.3,20.0,0.615,4.6,9.3,0.5,0.0,0.0,0.0,0.0,7.7,7.7,3.1,3.1,0.0,1.5,1.5,4.6,0.0,29.3,33.9,44.7,0,0,47.8,1,1,13086,1,13419,1335,2945,5246,2848,4453,3944,13505,14344,13505,14058,5153,8788,12652,6174,12854,4721,4616,5480,17725,2347,1516,5328,2246,150,3227,1,23:21
2024-25,203458,Alex Len,Alex,1610612758,SAC,Sacramento Kings,0022400418,2024-12-26T00:00:00,SAC vs. DET,L,22.7,1.6,1.6,1.0,0.0,0.0,0.0,3.2,3.2,1.0,1.6,7.9,9.5,6.3,1.6,0.0,3.2,0.0,4.8,3.2,6.3,-1.6,35.2,0,0,28.5,1,13222,1,13222,13953,22051,24816,1,15070,20945,15070,7388,9562,1,9977,4809,6035,4946,12397,12854,1503,8846,5157,8658,21156,13833,10928,2246,150,15027,1,22:42
2024-25,1631222,Jake LaRavia,Jake,1610612763,MEM,Memphis Grizzlies,0022400414,2024-12-26T00:00:00,MEM vs. TOR,W,21.383333333333333,5.1,15.2,0.333,0.0,3.4,0.0,3.4,6.7,0.5,6.7,8.4,15.2,5.1,5.1,1.7,0.0,0.0,8.4,5.1,13.5,-5.1,39.2,0,0,37.0,1,1,13086,1,15006,14237,8333,17395,15070,16933,15070,6967,3619,10625,1260,4139,1699,7350,2277,7670,8263,8846,1182,4015,14554,15617,8252,2246,150,8703,1,21:23
2024-25,1631157,Ryan Rollins,Ryan,1610612749,MIL,Milwaukee Bucks,0022400415,2024-12-26T00:00:00,MIL vs. BKN,L,29.001666666666665,3.7,8.7,0.429,1.2,6.2,0.2,0.0,0.0,0.0,2.5,2.5,5.0,3.7,5.0,3.7,1.2,0.0,5.0,0.0,8.7,-14.9,30.2,0,0,28.6,1,13222,1,13222,8671,17771,19211,13735,13146,10191,13429,13505,14344,13505,6671,18240,14891,10730,2388,1939,5943,8846,4700,17725,19357,19862,14688,2246,150,15026,1,29:00
2024-25,204456,T.J. McConnell,T.J.,1610612754,IND,Indiana Pacers,0022400410,2024-12-26T00:00:00,IND vs. OKC,L,19.3,11.2,16.8,0.667,1.9,3.7,0.5,0.0,0.0,0.0,0.0,5.6,5.6,5.6,1.9,0.0,0.0,0.0,0.0,1.9,24.2,-9.3,37.5,0,0,37.3,1,13222,1,13222,16572,2102,6059,3281,10805,16138,3944,13505,14344,13505,14058,9304,13296,6256,11245,12854,8263,8846,20257,13666,4644,17594,9346,2246,150,8503,1,19:18
2024-25,1628988,Aaron Holiday,Aaron,1610612745,HOU,Houston Rockets,0022400416,2024-12-26T00:00:00,HOU @ NOP,W,8.9,0.0,0.0,0.0,0.0,0.0,0.0,8.1,8.1,1.0,0.0,0.0,0.0,4.0,0.0,4.0,4.0,0.0,0.0,4.0,8.1,-44.5,38.4,0,0,28.3,1,1,13086,1,22489,22635,24836,22635,15070,20945,15070,1367,2453,1,14058,22137,23286,9818,16469,1590,891,8846,20257,6184,19838,25146,8757,2246,150,15197,1,8:54
2024-25,1629726,Garrison Mathews,Garrison,1610612737,ATL,Atlanta Hawks,0022400413,2024-12-26T00:00:00,ATL vs. CHI,W,18.6,1.9,13.5,0.143,1.9,13.5,0.143,3.9,3.9,1.0,3.9,1.9,5.8,0.0,1.9,1.9,1.9,0.0,1.9,3.9,9.7,-36.8,26.3,0,0,25.2,1,1,13086,1,17106,21526,10925,22260,10478,1071,14649,5930,8092,1,3778,19877,12754,19908,10871,6587,3667,8846,15484,6651,18462,24597,17403,2246,150,17552,1,18:36
2024-25,203484,Kentavious Caldwell-Pope,Kentavious,1610612753,ORL,Orlando Magic,0022400411,2024-12-26T00:00:00,ORL vs. MIA,L,32.11666666666667,5.6,9.0,0.625,1.1,4.5,0.25,0.0,0.0,0.0,0.0,2.2,2.2,2.2,1.1,3.4,0.0,0.0,0.0,3.4,12.3,11.2,27.4,0,0,24.7,1,13222,1,13222,5871,12693,18773,4899,13829,14487,11902,13505,14344,13505,14058,18945,21334,15468,15002,2452,8263,8846,20257,8068,15788,7131,16698,2246,150,17917,1,32:07
2024-25,1627732,Ben Simmons,Ben,1610612751,BKN,Brooklyn Nets,0022400415,2024-12-26T00:00:00,BKN @ MIL,W,28.983333333333334,5.0,11.2,0.444,0.0,0.0,0.0,0.0,0.0,0.0,1.2,3.7,5.0,11.2,7.5,1.2,0.0,1.2,1.2,1.2,9.9,19.9,28.9,0,0,28.6,1,1,13086,1,8688,14484,15058,13045,15070,20945,15070,13505,14344,13505,11523,14547,14878,942,725,9853,8263,5984,18317,16169,18213,3989,15533,2246,150,15014,1,28:59
2024-25,202692,Alec Burks,Alec,1610612748,MIA,Miami Heat,0022400411,2024-12-26T00:00:00,MIA @ ORL,W,31.65,4.5,5.7,0.8,3.4,3.4,1.0,6.8,8.0,0.857,1.1,5.7,6.8,0.0,1.1,3.4,0.0,0.0,3.4,5.7,19.3,19.3,36.6,0,0,36.4,1,1,13086,1,6279,15626,22913,1688,5352,16841,1,2140,2546,7071,12212,9074,10474,19908,14887,2358,8263,8846,9029,3053,8516,4162,9938,2246,150,9102,1,31:39
2024-25,1631097,Bennedict Mathurin,Bennedict,1610612754,IND,Indiana Pacers,0022400410,2024-12-26T00:00:00,IND vs. OKC,L,39.05,4.6,12.0,0.385,1.8,4.6,0.4,5.5,7.4,0.75,1.8,3.7,5.5,2.8,0.9,0.0,0.9,0.0,5.5,5.5,16.6,3.7,29.2,0,0,28.6,1,13222,1,13222,864,15465,13615,16070,10902,14174,7874,3382,3021,8186,9074,14670,13462,13699,16276,12854,7994,8846,3657,3300,11289,10817,15341,2246,150,15009,1,39:03
2024-25,1630552,Jalen Johnson,Jalen,1610612737,ATL,Atlanta Hawks,0022400413,2024-12-26T00:00:00,ATL vs. CHI,W,39.05,10.1,14.8,0.688,0.0,1.8,0.0,7.4,8.3,0.889,4.6,9.2,13.8,3.7,1.8,1.8,0.0,0.0,1.8,8.3,27.7,6.5,53.5,1,0,48.9,1,1,13086,1,864,3065,8983,3227,15070,19844,15070,1750,2327,6857,2789,3281,2319,10820,11349,7060,8263,8846,15971,895,2910,9392,2339,1,150,2870,1,39:03
2024-25,1629639,Tyler Herro,Tyler,1610612748,MIA,Miami Heat,0022400411,2024-12-26T00:00:00,MIA @ ORL,W,32.05,9.0,19.1,0.471,3.4,6.7,0.5,1.1,1.1,1.0,0.0,3.4,3.4,2.2,6.7,1.1,0.0,1.1,1.1,2.2,22.5,-11.2,26.5,0,0,33.7,1,1,13086,1,5928,4740,3679,12143,5454,9036,3944,12843,14008,1,14058,15596,18825,15452,1004,10840,8263,6846,18972,11958,5874,18413,17290,2246,150,11078,1,32:03
2024-25,1630595,Cade Cunningham,Cade,1610612765,DET,Detroit Pistons,0022400418,2024-12-26T00:00:00,DET @ SAC,W,38.18666666666667,8.5,22.6,0.375,3.8,10.4,0.364,10.4,11.3,0.917,0.0,3.8,3.8,9.4,2.8,0.0,0.0,0.9,3.8,7.5,31.1,7.5,46.9,1,0,48.1,1,1,13086,1,1280,5642,1535,16299,4523,3085,9100,595,945,6748,14058,14410,17892,1742,7118,12854,8263,8398,7832,1298,1753,8862,4332,1,150,3115,1,38:11
2024-25,1629610,DaQuan Jeffries,DaQuan,1610612766,CHA,Charlotte Hornets,0022400412,2024-12-26T00:00:00,CHA @ WAS,L,6.983333333333333,0.0,5.2,0.0,0.0,0.0,0.0,0.0,0.0,0.0,0.0,0.0,0.0,0.0,5.2,0.0,0.0,0.0,5.2,0.0,0.0,-72.2,-5.2,0,0,0.0,1,13222,1,13222,23177,22635,23352,22635,15070,20945,15070,13505,14344,13505,14058,22137,23286,19908,2164,12854,8263,8846,4273,17725,23200,25914,26174,2246,150,25259,1,6:59
2024-25,202696,Nikola Vučević,Nikola,1610612741,CHI,Chicago Bulls,0022400413,2024-12-26T00:00:00,CHI @ ATL,L,36.06666666666667,9.0,13.0,0.692,1.0,1.0,1.0,0.0,0.0,0.0,2.0,6.0,8.0,3.0,0.0,2.0,0.0,1.0,4.0,3.0,19.0,-8.0,39.0,0,0,34.9,1,13222,1,13222,2629,4743,11905,3171,14562,20867,1,13505,14344,13505,8403,8355,8295,12953,16469,6266,8263,7945,7168,9281,8891,16968,8386,2246,150,10145,1,36:04
2024-25,1641708,Amen Thompson,Amen,1610612745,HOU,Houston Rockets,0022400416,2024-12-26T00:00:00,HOU @ NOP,W,30.6,4.7,9.4,0.5,0.0,3.5,0.0,1.2,2.4,0.5,7.1,4.7,11.8,3.5,3.5,1.2,5.9,1.2,0.0,1.2,10.6,25.9,47.6,0,0,40.0,1,1,13086,1,7219,15225,18093,8526,15070,16592,15070,12677,11616,10625,1122,11682,3698,11312,4955,10377,331,6430,20257,16519,17568,2633,4089,2246,150,6780,1,30:36
2024-25,1641748,Andre Jackson Jr.,Andre,1610612749,MIL,Milwaukee Bucks,0022400415,2024-12-26T00:00:00,MIL vs. BKN,L,23.005,4.7,7.8,0.6,0.0,0.0,0.0,3.1,4.7,0.667,1.6,3.1,4.7,3.1,1.6,0.0,0.0,0.0,1.6,3.1,12.5,0.0,21.3,0,0,20.3,1,13222,1,13222,13722,15255,20509,5394,15070,20945,15070,7474,6492,9425,10057,16336,15583,12535,12484,12854,8263,8846,16979,8786,15576,12240,20546,2246,150,20668,1,23:00
2024-25,1641736,Reece Beekman,Reece,1610612751,BKN,Brooklyn Nets,0022400415,2024-12-26T00:00:00,BKN @ MIL,W,0.6233333333333333,0.0,0.0,0.0,0.0,0.0,0.0,0.0,0.0,0.0,0.0,0.0,0.0,0.0,0.0,0.0,0.0,0.0,0.0,0.0,0.0,0.0,0.0,0,0,0.0,1,1,13086,1,26172,22635,24836,22635,15070,20945,15070,13505,14344,13505,14058,22137,23286,19908,16469,12854,8263,8846,20257,17725,23200,12240,25228,2246,150,25259,1,0:37
2024-25,1642367,Jonathan Mogbo,Jonathan,1610612761,TOR,Toronto Raptors,0022400414,2024-12-26T00:00:00,TOR @ MEM,L,17.035,2.1,14.8,0.143,0.0,2.1,0.0,0.0,0.0,0.0,6.3,6.3,12.7,2.1,2.1,4.2,6.3,0.0,6.3,0.0,4.2,-35.9,52.2,0,0,40.2,1,13222,1,13222,18233,21220,8925,22260,15070,19350,15070,13505,14344,13505,1454,7619,3015,15958,9944,1440,258,8846,2554,17725,22453,24511,2666,2246,150,6698,1,17:02
2024-25,1641794,Dillon Jones,Dillon,1610612760,OKC,Oklahoma City Thunder,0022400410,2024-12-26T00:00:00,OKC @ IND,W,2.9833333333333334,0.0,12.1,0.0,0.0,0.0,0.0,12.1,24.1,0.5,0.0,0.0,0.0,0.0,0.0,0.0,0.0,12.1,12.1,12.1,12.1,84.5,12.1,0,0,12.1,1,1,13086,1,24995,22635,13474,22635,15070,20945,15070,335,89,10625,14058,22137,23286,19908,16469,12854,8263,44,415,197,16074,132,23990,2246,150,23958,1,2:59
2024-25,1641710,Anthony Black,Anthony,1610612753,ORL,Orlando Magic,0022400411,2024-12-26T00:00:00,ORL vs. MIA,L,13.983333333333333,2.6,15.4,0.167,0.0,5.1,0.0,0.0,0.0,0.0,2.6,2.6,5.1,2.6,2.6,0.0,0.0,5.1,5.1,0.0,5.1,-23.2,12.6,0,0,12.9,1,13222,1,13222,20207,20323,7896,21938,15070,12824,15070,13505,14344,13505,6413,18001,14400,14295,7967,12854,8263,335,4284,17725,21936,22371,23864,2246,150,23750,1,13:59
2024-25,202699,Tobias Harris,Tobias,1610612765,DET,Detroit Pistons,0022400418,2024-12-26T00:00:00,DET @ SAC,W,27.055,1.3,9.3,0.143,0.0,2.7,0.0,2.7,2.7,1.0,0.0,4.0,4.0,2.7,0.0,0.0,0.0,0.0,2.7,1.3,5.3,4.0,14.1,0,0,12.0,1,1,13086,1,10294,22365,18253,22260,15070,18329,15070,8662,10838,1,14058,13753,17341,14014,16469,12854,8263,8846,12200,15763,21838,10654,23467,2246,150,23982,1,27:03
2024-25,1631209,Isaiah Wong,Isaiah,1610612766,CHA,Charlotte Hornets,0022400412,2024-12-26T00:00:00,CHA @ WAS,L,5.416666666666667,0.0,13.3,0.0,0.0,6.6,0.0,0.0,0.0,0.0,0.0,0.0,0.0,0.0,0.0,0.0,0.0,0.0,6.6,0.0,0.0,19.9,0.0,0,0,0.0,1,13222,1,13222,23816,22635,11317,22635,15070,9226,15070,13505,14344,13505,14058,22137,23286,19908,16469,12854,8263,8846,2272,17725,23200,3971,25228,2246,150,25259,1,5:25
2024-25,1641730,Noah Clowney,Noah,1610612751,BKN,Brooklyn Nets,0022400415,2024-12-26T00:00:00,BKN @ MIL,W,30.636666666666667,8.2,11.8,0.7,7.1,10.6,0.667,0.0,0.0,0.0,1.2,3.5,4.7,2.4,2.4,1.2,0.0,0.0,1.2,2.4,23.5,11.8,33.8,0,0,40.0,1,1,13086,1,7179,6164,14030,3045,740,2901,1957,13505,14344,13505,11965,15163,15568,15060,8871,10397,8263,8846,18692,11548,5129,6911,11938,2246,150,6810,1,30:38
2024-25,203482,Kelly Olynyk,Kelly,1610612761,TOR,Toronto Raptors,0022400414,2024-12-26T00:00:00,TOR @ MEM,L,23.1,9.4,14.0,0.667,3.1,6.2,0.5,0.0,0.0,0.0,0.0,7.8,7.8,7.8,3.1,0.0,0.0,0.0,3.1,0.0,21.8,-12.5,39.7,0,0,40.5,1,13222,1,13222,13631,4119,10131,3281,6177,10125,3944,13505,14344,13505,14058,5020,8628,3090,6075,12854,8263,8846,10211,17725,6365,18928,7928,2246,150,6488,1,23:06
2024-25,1629026,Kenrich Williams,Kenrich,1610612760,OKC,Oklahoma City Thunder,0022400410,2024-12-26T00:00:00,OKC @ IND,W,16.6,8.7,13.0,0.667,2.2,4.3,0.5,0.0,0.0,0.0,4.3,8.7,13.0,0.0,0.0,0.0,0.0,2.2,0.0,2.2,19.5,28.2,35.1,0,0,34.7,1,1,13086,1,18528,5300,11838,3281,9366,14827,3944,13505,14344,13505,3120,3860,2802,19908,16469,12854,8263,2718,20257,12298,8354,2230,10975,2246,150,10296,1,16:36
2024-25,1628989,Kevin Huerter,Kevin,1610612758,SAC,Sacramento Kings,0022400418,2024-12-26T00:00:00,SAC vs. DET,L,23.046666666666667,3.1,10.9,0.286,3.1,9.4,0.333,3.1,3.1,1.0,3.1,4.7,7.8,4.7,1.6,1.6,1.6,0.0,1.6,3.1,12.5,6.2,36.7,0,0,34.4,1,13222,1,13222,13693,19142,15468,19630,6154,4286,9209,7481,9658,1,5088,11741,8598,8213,12497,8143,4665,8846,16989,8797,15594,9496,9884,2246,150,10557,1,23:03
2024-25,1642273,Kyshawn George,Kyshawn,1610612764,WAS,Washington Wizards,0022400412,2024-12-26T00:00:00,WAS vs. CHA,W,23.535,0.0,7.6,0.0,0.0,4.6,0.0,0.0,0.0,0.0,1.5,4.6,6.1,3.1,0.0,1.5,0.0,1.5,3.1,1.5,0.0,4.6,16.5,0,0,12.2,1,1,13086,1,13283,22635,20716,22635,15070,14224,15070,13505,14344,13505,10195,12012,12006,12732,16469,8278,8263,4661,10444,14877,23200,10346,22655,2246,150,23932,1,23:32
2024-25,1631217,Moussa Diabaté,Moussa,1610612766,CHA,Charlotte Hornets,0022400412,2024-12-26T00:00:00,CHA @ WAS,L,5.428333333333334,0.0,6.6,0.0,0.0,0.0,0.0,0.0,0.0,0.0,6.6,13.3,19.9,0.0,13.3,0.0,0.0,6.6,0.0,0.0,0.0,-33.2,10.6,0,0,19.9,1,13222,1,13222,23815,22635,21975,22635,15070,20945,15070,13505,14344,13505,1310,936,552,19908,151,12854,8263,180,20257,17725,23200,24187,24319,2246,150,20917,1,5:26
2024-25,1628371,Jonathan Isaac,Jonathan,1610612753,ORL,Orlando Magic,0022400411,2024-12-26T00:00:00,ORL vs. MIA,L,13.14,0.0,2.7,0.0,0.0,0.0,0.0,0.0,0.0,0.0,0.0,5.5,5.5,0.0,0.0,0.0,2.7,0.0,0.0,0.0,0.0,-32.9,14.8,0,0,11.0,1,13222,1,13222,20680,22635,24571,22635,15070,20945,15070,13505,14344,13505,14058,9589,13593,19908,16469,12854,2030,8846,20257,17725,23200,24147,23240,2246,150,24230,1,13:08
2024-25,1626171,Bobby Portis,Bobby,1610612749,MIL,Milwaukee Bucks,0022400415,2024-12-26T00:00:00,MIL vs. BKN,L,35.31666666666667,7.1,16.3,0.438,0.0,4.1,0.0,4.1,4.1,1.0,2.0,6.1,8.2,4.1,4.1,2.0,0.0,0.0,3.1,3.1,18.3,-16.3,36.3,0,0,34.7,1,13222,1,13222,3216,8615,6667,13558,15070,15403,15070,5570,7684,1,8214,8064,7999,9716,3722,6068,8263,8846,10445,9040,9467,20375,10172,2246,150,10327,1,35:19
2024-25,1629630,Ja Morant,Ja,1610612763,MEM,Memphis Grizzlies,0022400414,2024-12-26T00:00:00,MEM vs. TOR,W,24.116666666666667,7.5,14.9,0.5,1.5,4.5,0.333,6.0,6.0,1.0,0.0,3.0,3.0,13.4,4.5,0.0,0.0,0.0,0.0,7.5,22.4,41.8,41.6,0,0,40.3,1,1,13086,1,12787,7861,8716,8526,12064,14499,9209,2892,4512,1,14058,16785,19780,458,3027,12854,8263,8846,20257,1346,5930,859,6805,2246,150,6600,1,24:07
2024-25,1641722,Jordan Hawkins,Jordan,1610612740,NOP,New Orleans Pelicans,0022400416,2024-12-26T00:00:00,NOP vs. HOU,L,17.5,2.1,16.5,0.125,0.0,12.3,0.0,6.2,10.3,0.6,0.0,0.0,0.0,2.1,0.0,4.1,0.0,0.0,0.0,4.1,10.3,-47.3,25.7,0,0,20.6,1,13222,1,13222,17920,21300,6478,22420,15070,1594,15070,2707,1259,10343,14058,22137,23286,16161,16469,1528,8263,8846,20257,6017,17866,25283,17804,2246,150,20526,1,17:30
2024-25,202066,Garrett Temple,Garrett,1610612761,TOR,Toronto Raptors,0022400414,2024-12-26T00:00:00,TOR @ MEM,L,5.45,0.0,19.8,0.0,0.0,13.2,0.0,0.0,0.0,0.0,0.0,13.2,13.2,6.6,6.6,0.0,0.0,0.0,0.0,6.6,0.0,-26.4,19.2,0,0,19.8,1,13222,1,13222,23808,22635,3087,22635,15070,1200,15070,13505,14344,13505,14058,951,2662,4569,1078,12854,8263,8846,20257,1982,23200,23114,21572,2246,150,20962,1,5:27
2024-25,1629659,Talen Horton-Tucker,Talen,1610612741,CHI,Chicago Bulls,0022400413,2024-12-26T00:00:00,CHI @ ATL,L,22.25,0.0,9.7,0.0,0.0,4.9,0.0,0.0,0.0,0.0,0.0,0.0,0.0,9.7,1.6,0.0,0.0,1.6,3.2,0.0,0.0,22.7,12.9,0,0,9.7,1,13222,1,13222,14313,22635,17561,22635,15070,13549,15070,13505,14344,13505,14058,22137,23286,1585,12262,12854,8263,4387,9715,17725,23200,3329,23784,2246,150,24485,1,22:15
2024-25,1641724,Jett Howard,Jett,1610612753,ORL,Orlando Magic,0022400411,2024-12-26T00:00:00,ORL vs. MIA,L,5.333333333333333,0.0,0.0,0.0,0.0,0.0,0.0,0.0,0.0,0.0,0.0,0.0,0.0,0.0,0.0,0.0,0.0,0.0,0.0,0.0,0.0,-54.0,0.0,0,0,0.0,1,13222,1,13222,23857,22635,24836,22635,15070,20945,15070,13505,14344,13505,14058,22137,23286,19908,16469,12854,8263,8846,20257,17725,23200,25540,25228,2246,150,25259,1,5:20
2024-25,1641739,Toumani Camara,Toumani,1610612757,POR,Portland Trail Blazers,0022400417,2024-12-26T00:00:00,POR vs. UTA,W,31.598333333333333,3.4,9.1,0.375,0.0,4.6,0.0,0.0,0.0,0.0,2.3,6.8,9.1,0.0,1.1,1.1,1.1,0.0,4.6,1.1,6.8,-5.7,23.5,0,0,20.5,1,1,13086,1,6346,18502,18533,16299,15070,14301,15070,13505,14344,13505,7314,6641,6561,19908,14873,10686,6543,8846,5652,16711,20836,15916,19275,2246,150,20572,1,31:36
2024-25,1642285,Cam Spencer,Cam,1610612763,MEM,Memphis Grizzlies,0022400414,2024-12-26T00:00:00,MEM vs. TOR,W,2.933333333333333,0.0,0.0,0.0,0.0,0.0,0.0,0.0,0.0,0.0,0.0,0.0,0.0,0.0,0.0,0.0,0.0,0.0,0.0,0.0,0.0,0.0,0.0,0,0,0.0,1,1,13086,1,25014,22635,24836,22635,15070,20945,15070,13505,14344,13505,14058,22137,23286,19908,16469,12854,8263,8846,20257,17725,23200,12240,25228,2246,150,25259,1,2:56
2024-25,1642275,Tidjane Salaün,Tidjane,1610612766,CHA,Charlotte Hornets,0022400412,2024-12-26T00:00:00,CHA @ WAS,L,13.216666666666667,5.4,8.2,0.667,5.4,5.4,1.0,0.0,0.0,0.0,5.4,5.4,10.9,0.0,0.0,0.0,0.0,0.0,0.0,0.0,16.3,2.7,29.4,0,0,32.7,1,13222,1,13222,20647,13138,19986,3281,1793,12086,1,13505,14344,13505,1980,9677,4504,19908,16469,12854,8263,8846,20257,17725,11562,11251,15199,2246,150,11887,1,13:13
2024-25,1630703,Scoot Henderson,Scoot,1610612757,POR,Portland Trail Blazers,0022400417,2024-12-26T00:00:00,POR vs. UTA,W,29.9,7.2,14.4,0.5,3.6,7.2,0.5,3.6,4.8,0.75,0.0,0.0,0.0,12.0,1.2,2.4,1.2,1.2,4.8,3.6,21.7,26.5,49.4,1,0,44.5,1,1,13086,1,7869,8395,9435,8526,4898,7995,3944,6465,6265,8186,14058,22137,23286,709,14408,4671,6146,6225,5019,7360,6482,2523,3476,1,150,4442,1,29:54
2024-25,1629027,Trae Young,Trae,1610612737,ATL,Atlanta Hawks,0022400413,2024-12-26T00:00:00,ATL vs. CHI,W,38.733333333333334,7.4,15.8,0.471,3.7,10.2,0.364,6.5,6.5,1.0,0.9,0.9,1.9,12.1,1.9,1.9,0.0,0.0,1.9,4.6,25.1,18.6,49.2,1,0,46.5,1,1,13086,1,993,7923,7411,12143,4654,3246,9100,2395,3876,1,13776,22079,22070,701,11279,6979,8263,8846,15895,4839,4170,4382,3555,1,150,3666,1,38:44
2024-25,1642419,Jamison Battle,Jamison,1610612761,TOR,Toronto Raptors,0022400414,2024-12-26T00:00:00,TOR @ MEM,L,16.45,4.4,13.1,0.333,2.2,10.9,0.2,2.2,2.2,1.0,0.0,0.0,0.0,6.6,2.2,2.2,0.0,0.0,4.4,0.0,13.1,-17.5,27.4,0,0,26.3,1,13222,1,13222,18625,16132,11616,17395,9274,2548,13429,9989,12119,1,14058,22137,23286,4615,9554,5444,8263,8846,6080,17725,14947,20783,16692,2246,150,16743,1,16:27
2024-25,1642271,Kyle Filipowski,Kyle,1610612762,UTA,Utah Jazz,0022400417,2024-12-26T00:00:00,UTA @ POR,L,17.6,4.1,4.1,1.0,4.1,4.1,1.0,0.0,4.1,0.0,0.0,8.2,8.2,4.1,4.1,2.0,0.0,0.0,4.1,2.0,12.3,-14.3,30.3,0,0,32.7,1,13222,1,13222,17856,16864,24052,1,3803,15372,1,13505,7651,13505,14058,4444,7957,9680,3688,6034,8263,8846,6868,12860,15852,19622,14609,2246,150,11849,1,17:36
2024-25,1627783,Pascal Siakam,Pascal,1610612754,IND,Indiana Pacers,0022400410,2024-12-26T00:00:00,IND vs. OKC,L,31.183333333333334,8.1,16.2,0.5,5.8,8.1,0.714,3.5,4.6,0.75,1.2,10.4,11.5,3.5,1.2,0.0,0.0,2.3,4.6,3.5,25.4,3.5,43.3,1,0,46.2,1,13222,1,13222,6717,6464,6883,8526,1512,6317,1861,6769,6633,8186,12070,2292,3909,11509,14762,12854,8263,2402,5497,7765,4000,10908,5988,1,150,3750,1,31:11
2024-25,1631093,Jaden Ivey,Jaden,1610612765,DET,Detroit Pistons,0022400418,2024-12-26T00:00:00,DET @ SAC,W,32.916666666666664,7.7,14.2,0.538,3.3,7.7,0.429,2.2,3.3,0.667,3.3,3.3,6.6,0.0,3.3,0.0,1.1,1.1,2.2,3.3,20.8,-1.1,28.7,0,0,32.8,1,1,13086,1,5232,7372,9804,7978,5729,7071,7394,9995,9355,9425,4784,15847,11035,19908,5555,12854,6828,7100,14149,8305,7245,13609,15761,2246,150,11799,1,32:55
2024-25,1631107,Nikola Jović,Nikola,1610612748,MIA,Miami Heat,0022400411,2024-12-26T00:00:00,MIA @ ORL,W,23.666666666666668,4.6,12.2,0.375,3.0,6.1,0.5,0.0,0.0,0.0,0.0,6.1,6.1,7.6,3.0,4.6,0.0,1.5,0.0,0.0,12.2,7.6,41.5,0,0,38.0,1,1,13086,1,13171,15592,13303,16299,6367,10478,3944,13505,14344,13505,14058,8134,12083,3277,6303,1184,8263,4687,20257,17725,15958,8828,6874,2246,150,8011,1,23:40
2024-25,1641810,Antonio Reeves,Antonio,1610612740,NOP,New Orleans Pelicans,0022400416,2024-12-26T00:00:00,NOP vs. HOU,L,8.9,8.1,20.2,0.4,0.0,4.0,0.0,0.0,0.0,0.0,4.0,0.0,4.0,12.1,4.0,0.0,0.0,4.0,0.0,0.0,16.2,44.5,35.2,0,0,32.4,1,13222,1,13222,22489,6440,2813,14933,15070,15490,15070,13505,14344,13505,3536,22137,17200,690,3789,12854,8263,637,20257,17725,11745,728,10936,2246,150,12098,1,8:54
2024-25,1628370,Malik Monk,Malik,1610612758,SAC,Sacramento Kings,0022400418,2024-12-26T00:00:00,SAC vs. DET,L,29.631666666666668,6.1,13.4,0.455,3.6,8.5,0.429,2.4,2.4,1.0,0.0,1.2,1.2,0.0,2.4,1.2,0.0,1.2,2.4,1.2,18.2,3.6,20.9,0,0,25.5,1,13222,1,13222,8119,11299,11196,12676,4813,5574,7394,9239,11386,1,14058,21475,22925,19908,8528,10051,8263,6154,13070,16328,9602,10839,20745,2246,150,17270,1,29:38
2024-25,1641731,Bilal Coulibaly,Bilal,1610612764,WAS,Washington Wizards,0022400412,2024-12-26T00:00:00,WAS vs. CHA,W,31.316666666666666,6.9,18.4,0.375,2.3,8.0,0.286,6.9,9.2,0.75,0.0,6.9,6.9,5.7,1.1,0.0,0.0,1.1,2.3,4.6,23.0,4.6,38.7,0,0,37.9,1,1,13086,1,6594,9168,4296,16299,8850,6373,11433,2079,1766,8186,14058,6540,10333,5951,14794,12854,8263,6636,13652,4945,5486,10338,8571,2246,150,8070,1,31:19
2024-25,1630549,Day'Ron Sharpe,Day'Ron,1610612751,BKN,Brooklyn Nets,0022400415,2024-12-26T00:00:00,BKN @ MIL,W,11.396666666666667,0.0,6.3,0.0,0.0,0.0,0.0,0.0,0.0,0.0,6.3,3.2,9.5,0.0,6.3,3.2,0.0,0.0,3.2,0.0,0.0,-22.1,14.5,0,0,15.8,1,1,13086,1,21540,22635,22304,22635,15070,20945,15070,13505,14344,13505,1464,16230,6090,19908,1214,2817,8263,8846,10044,17725,23200,22100,23320,2246,150,22789,1,11:24
2024-25,1626168,Trey Lyles,Trey,1610612758,SAC,Sacramento Kings,0022400418,2024-12-26T00:00:00,SAC vs. DET,L,25.3,7.1,11.4,0.625,5.7,10.0,0.571,8.5,11.4,0.75,1.4,10.0,11.4,0.0,1.4,0.0,0.0,0.0,4.3,10.0,28.5,0.0,40.7,0,0,45.5,1,13222,1,13222,11743,8666,14692,4899,1566,3537,3506,1165,923,8186,10655,2613,4064,19908,13156,12854,8263,8846,6379,428,2610,12240,7330,2246,150,4009,1,25:18
2024-25,1630526,Jeremiah Robinson-Earl,Jeremiah,1610612740,NOP,New Orleans Pelicans,0022400416,2024-12-26T00:00:00,NOP vs. HOU,L,12.683333333333334,8.5,14.2,0.6,5.7,11.4,0.5,2.8,2.8,1.0,5.7,2.8,8.5,5.7,2.8,0.0,0.0,0.0,2.8,2.8,25.5,31.2,41.4,0,0,45.4,1,13222,1,13222,20904,5584,9846,5394,1580,2216,3944,8244,10397,1,1830,17275,7451,6084,7071,12854,8263,8846,11467,9826,3912,1804,6907,2246,150,4070,1,12:41
2024-25,1629673,Jordan Poole,Jordan,1610612764,WAS,Washington Wizards,0022400412,2024-12-26T00:00:00,WAS vs. CHA,W,35.4,7.1,19.3,0.368,5.1,15.3,0.333,6.1,7.1,0.857,2.0,4.1,6.1,3.1,1.0,1.0,2.0,1.0,2.0,6.1,25.4,12.2,45.5,0,0,45.8,1,1,13086,1,3147,8660,3482,16823,2176,640,9209,2776,3249,7071,8235,13515,12049,12759,15731,11792,3386,7757,14948,2501,3980,6710,4968,2246,150,3904,1,35:24
2024-25,202709,Cory Joseph,Cory,1610612753,ORL,Orlando Magic,0022400411,2024-12-26T00:00:00,ORL vs. MIA,L,7.683333333333334,9.4,18.7,0.5,4.7,9.4,0.5,0.0,0.0,0.0,0.0,0.0,0.0,0.0,0.0,4.7,0.0,4.7,0.0,0.0,23.4,-51.5,37.5,0,0,37.5,1,13222,1,13222,22925,4079,3977,8526,2749,4288,3944,13505,14344,13505,14058,22137,23286,19908,16469,1095,8263,441,20257,17725,5179,25457,9353,2246,150,8374,1,7:41
2024-25,1631105,Jalen Duren,Jalen,1610612765,DET,Detroit Pistons,0022400418,2024-12-26T00:00:00,DET @ SAC,W,31.955,5.6,9.0,0.625,0.0,0.0,0.0,3.4,4.5,0.75,2.3,9.0,11.3,3.4,1.1,2.3,2.3,1.1,2.3,4.5,14.6,-12.4,45.6,1,0,38.3,1,1,13086,1,6015,12605,18696,4899,15070,20945,15070,6939,6831,8186,7403,3506,4182,11739,14964,5207,2834,6824,13865,5126,13250,18896,4886,1,150,7823,1,31:57
2024-25,1641763,Julian Phillips,Julian,1610612741,CHI,Chicago Bulls,0022400413,2024-12-26T00:00:00,CHI @ ATL,L,13.483333333333333,2.7,13.3,0.2,0.0,2.7,0.0,0.0,0.0,0.0,5.3,2.7,8.0,2.7,0.0,0.0,0.0,0.0,5.3,2.7,5.3,40.0,19.0,0,0,16.0,1,13222,1,13222,20496,20152,11215,21401,15070,18314,15070,13505,14344,13505,2055,17768,8248,13988,16469,12854,8263,8846,3944,10407,21827,981,21665,2246,150,22696,1,13:29
2024-25,1631170,Jaime Jaquez Jr.,Jaime,1610612748,MIA,Miami Heat,0022400411,2024-12-26T00:00:00,MIA @ ORL,W,30.5,4.7,10.6,0.444,3.5,5.9,0.6,4.7,4.7,1.0,2.4,2.4,4.7,4.7,3.5,5.9,1.2,0.0,2.4,3.5,17.7,2.4,48.2,0,0,44.9,1,1,13086,1,7321,15186,16015,13045,5056,10930,2992,4479,6441,1,7047,18594,15504,8129,4934,499,6300,8846,13391,7559,10124,11432,3930,2246,150,4329,1,30:30
2024-25,1629012,Collin Sexton,Collin,1610612762,UTA,Utah Jazz,0022400417,2024-12-26T00:00:00,UTA @ POR,L,27.45,9.2,24.9,0.368,3.9,9.2,0.429,2.6,2.6,1.0,1.3,0.0,1.3,14.4,1.3,0.0,0.0,0.0,2.6,3.9,24.9,1.3,46.8,1,0,44.6,1,13222,1,13222,9976,4397,844,16823,4125,4569,7394,8753,10924,1,11147,22137,22805,340,13756,12854,8263,8846,12351,6474,4252,11950,4389,1,150,4428,1,27:27
2024-25,1629048,Goga Bitadze,Goga,1610612753,ORL,Orlando Magic,0022400411,2024-12-26T00:00:00,ORL vs. MIA,L,32.78333333333333,4.4,7.7,0.571,0.0,0.0,0.0,2.2,3.3,0.667,5.5,9.9,15.4,2.2,2.2,3.3,3.3,1.1,1.1,4.4,11.0,6.6,50.3,1,0,41.7,1,13222,1,13222,5340,16086,20665,6538,15070,20945,15070,9961,9325,9425,1951,2665,1616,15639,9523,2572,1401,7056,19110,5372,17194,9342,3180,1,150,5786,1,32:47
2024-25,1628389,Bam Adebayo,Bam,1610612748,MIA,Miami Heat,0022400411,2024-12-26T00:00:00,MIA @ ORL,W,35.21666666666667,2.0,10.2,0.2,0.0,1.0,0.0,0.0,0.0,0.0,3.1,6.1,9.2,7.2,4.1,0.0,5.1,2.0,4.1,1.0,4.1,-3.1,37.1,0,0,30.7,1,1,13086,1,3299,21326,16695,21401,15070,20838,15070,13505,14344,13505,5196,8034,6449,3818,3696,12854,489,3077,6875,17306,22510,14603,9629,2246,150,13419,1,35:13
2024-25,1630188,Jalen Smith,Jalen,1610612741,CHI,Chicago Bulls,0022400413,2024-12-26T00:00:00,CHI @ ATL,L,11.933333333333334,12.1,15.1,0.8,0.0,0.0,0.0,0.0,0.0,0.0,3.0,15.1,18.1,0.0,0.0,0.0,0.0,3.0,6.0,0.0,24.1,0.0,45.9,0,0,42.2,1,13222,1,13222,21316,1482,8458,1688,15070,20945,15070,13505,14344,13505,5297,555,872,19908,16469,12854,8263,1315,2898,17725,4711,12240,4804,2246,150,5531,1,11:56
2024-25,1631117,Walker Kessler,Walker,1610612762,UTA,Utah Jazz,0022400417,2024-12-26T00:00:00,UTA @ POR,L,30.4,1.2,5.9,0.2,0.0,0.0,0.0,3.6,7.1,0.5,3.6,15.4,18.9,1.2,0.0,2.4,2.4,3.6,1.2,4.7,5.9,5.9,44.6,0,0,35.5,1,13222,1,13222,7411,22508,22691,21401,15070,20945,15070,6598,3259,10625,4299,502,706,19070,16469,4802,2607,874,18629,4645,21443,9649,5352,2246,150,9716,1,30:24
2024-25,1630249,Vít Krejčí,Vít,1610612737,ATL,Atlanta Hawks,0022400413,2024-12-26T00:00:00,ATL vs. CHI,W,11.033333333333333,3.3,6.5,0.5,3.3,6.5,0.5,0.0,0.0,0.0,0.0,3.3,3.3,13.1,3.3,0.0,3.3,0.0,0.0,0.0,9.8,-9.8,39.8,0,0,35.9,1,1,13086,1,21693,18845,22077,8526,5772,9487,3944,13505,14344,13505,14058,15896,19074,523,5624,12854,1425,8846,20257,17725,18359,17789,7879,2246,150,9456,1,11:02
2024-25,203500,Steven Adams,Steven,1610612745,HOU,Houston Rockets,0022400416,2024-12-26T00:00:00,HOU @ NOP,W,10.8,3.3,3.3,1.0,0.0,0.0,0.0,0.0,3.3,0.0,0.0,16.7,16.7,0.0,3.3,0.0,3.3,0.0,3.3,10.0,6.7,30.0,33.3,0,0,30.0,1,1,13086,1,21797,18675,24376,1,15070,20945,15070,13505,9234,13505,14058,361,1222,19908,5405,12854,1365,8846,9324,420,20947,1963,12320,2246,150,13955,1,10:48
2024-25,1630208,Nick Richards,Nick,1610612766,CHA,Charlotte Hornets,0022400412,2024-12-26T00:00:00,CHA @ WAS,L,15.983333333333333,4.5,11.3,0.4,0.0,0.0,0.0,4.5,6.8,0.667,2.3,9.0,11.3,2.3,6.8,0.0,0.0,2.3,9.0,6.8,13.5,-6.8,23.6,0,0,27.0,1,13222,1,13222,18936,15767,14904,14933,15070,20945,15070,4833,3602,9425,7406,3513,4187,15425,999,12854,8263,2544,959,1852,14487,16401,19174,2246,150,16132,1,15:59
2024-25,1627736,Malik Beasley,Malik,1610612765,DET,Detroit Pistons,0022400418,2024-12-26T00:00:00,DET @ SAC,W,27.216666666666665,9.3,21.2,0.438,7.9,14.5,0.545,2.6,2.6,1.0,1.3,1.3,2.6,2.6,0.0,0.0,0.0,1.3,4.0,1.3,29.1,-4.0,36.2,0,0,42.3,1,1,13086,1,10176,4273,2238,13558,477,789,3863,8699,10870,1,11084,21240,20553,14063,16469,12854,8263,5530,7224,15793,2398,15049,10205,2246,150,5488,1,27:13
2024-25,1631109,Mark Williams,Mark,1610612766,CHA,Charlotte Hornets,0022400412,2024-12-26T00:00:00,CHA @ WAS,L,26.48,10.9,15.0,0.727,0.0,0.0,0.0,0.0,0.0,0.0,2.7,8.2,10.9,6.8,0.0,1.4,0.0,4.1,5.4,0.0,21.8,8.2,49.1,0,0,42.1,1,13222,1,13222,10755,2359,8675,2666,15070,20945,15070,13505,14344,13505,6049,4478,4524,4290,16469,9140,8263,626,3788,17725,6423,8548,3599,2246,150,5575,1,26:29
2024-25,1628464,Daniel Theis,Daniel,1610612740,NOP,New Orleans Pelicans,0022400416,2024-12-26T00:00:00,NOP vs. HOU,L,19.133333333333333,0.0,3.8,0.0,0.0,1.9,0.0,3.8,3.8,1.0,1.9,7.5,9.4,3.8,1.9,1.9,0.0,0.0,7.5,1.9,3.8,-24.5,24.5,0,0,20.7,1,13222,1,13222,16723,22635,24200,22635,15070,19771,15070,6158,8340,1,8887,5444,6173,10613,11148,6850,8263,8846,1621,13580,22663,22683,18644,2246,150,20461,1,19:08
2024-25,1630578,Alperen Sengun,Alperen,1610612745,HOU,Houston Rockets,0022400416,2024-12-26T00:00:00,HOU @ NOP,W,25.163333333333334,7.2,15.7,0.455,0.0,2.9,0.0,0.0,0.0,0.0,4.3,14.3,18.6,8.6,4.3,0.0,0.0,0.0,2.9,0.0,14.3,27.2,45.2,1,0,41.5,1,1,13086,1,11871,8573,7494,12676,15070,17935,15070,13505,14344,13505,3180,690,776,2357,3345,12854,8263,8846,11356,17725,13596,2389,5080,1,150,5921,1,25:10
2024-25,1631119,Jaylin Williams,Jaylin,1610612760,OKC,Oklahoma City Thunder,0022400410,2024-12-26T00:00:00,OKC @ IND,W,9.516666666666667,3.8,11.3,0.333,3.8,11.3,0.333,0.0,0.0,0.0,3.8,7.6,11.3,3.8,0.0,0.0,0.0,0.0,3.8,0.0,11.3,26.5,30.6,0,0,30.3,1,1,13086,1,22276,17613,14751,17395,4494,2217,9209,13505,14344,13505,3911,5386,4093,10554,16469,12854,8263,8846,7797,17725,16843,2524,14318,2246,150,13751,1,9:31
2024-25,203468,CJ McCollum,CJ,1610612740,NOP,New Orleans Pelicans,0022400416,2024-12-26T00:00:00,NOP vs. HOU,L,26.85,6.7,16.1,0.417,2.7,6.7,0.4,1.3,2.7,0.5,1.3,1.3,2.7,4.0,1.3,0.0,0.0,0.0,2.7,1.3,17.4,-17.4,25.3,0,0,26.8,1,13222,1,13222,10452,9671,6983,14532,7588,9097,7874,12196,10790,10625,11012,21209,20493,9879,13617,12854,8263,8846,12117,15720,10399,20755,18044,2246,150,16307,1,26:51
2024-25,1629018,Gary Trent Jr.,Gary,1610612749,MIL,Milwaukee Bucks,0022400415,2024-12-26T00:00:00,MIL vs. BKN,L,21.68166666666667,10.0,16.6,0.6,3.3,3.3,1.0,0.0,0.0,0.0,0.0,5.0,5.0,0.0,5.0,5.0,0.0,0.0,0.0,0.0,23.2,5.0,39.2,0,0,41.5,1,13222,1,13222,14774,3263,6297,5394,5602,17024,1,13505,14344,13505,14058,10932,14845,19908,2360,911,8263,8846,20257,17725,5332,10127,8280,2246,150,5908,1,21:41
2024-25,1641706,Brandon Miller,Brandon,1610612766,CHA,Charlotte Hornets,0022400412,2024-12-26T00:00:00,CHA @ WAS,L,36.361666666666665,5.9,20.8,0.286,4.0,11.9,0.333,2.0,2.0,1.0,0.0,3.0,3.0,8.9,1.0,1.0,0.0,0.0,3.0,4.0,17.8,5.9,36.7,0,0,35.6,1,13222,1,13222,2440,11682,2460,19630,4076,1850,9209,10715,12779,1,14058,16826,19808,2101,15909,12035,8263,8846,10851,6429,10008,9643,9872,2246,150,9637,1,36:22
2024-25,1630529,Herbert Jones,Herbert,1610612740,NOP,New Orleans Pelicans,0022400416,2024-12-26T00:00:00,NOP vs. HOU,L,30.866666666666667,5.8,15.2,0.385,0.0,2.3,0.0,0.0,0.0,0.0,4.7,2.3,7.0,8.2,2.3,0.0,0.0,3.5,2.3,0.0,11.7,-4.7,30.0,0,0,26.8,1,13222,1,13222,6979,12020,8320,16070,15070,18932,15070,13505,14344,13505,2730,18668,10151,2729,8932,12854,8263,915,13514,17725,16508,15396,14816,2246,150,16297,1,30:52
2024-25,1629750,Javonte Green,Javonte,1610612740,NOP,New Orleans Pelicans,0022400416,2024-12-26T00:00:00,NOP vs. HOU,L,19.188333333333333,9.4,11.3,0.833,1.9,1.9,1.0,0.0,0.0,0.0,5.6,3.8,9.4,0.0,1.9,1.9,0.0,0.0,3.8,0.0,20.6,-20.6,35.6,0,0,35.6,1,13222,1,13222,16681,4062,14917,1514,10739,19783,1,13505,14344,13505,1860,14463,6216,19908,11180,6887,8263,8846,7902,17725,7361,21736,10616,2246,150,9633,1,19:11
2024-25,201942,DeMar DeRozan,DeMar,1610612758,SAC,Sacramento Kings,0022400418,2024-12-26T00:00:00,SAC vs. DET,L,36.17,7.0,12.9,0.538,1.0,3.0,0.333,4.0,6.0,0.667,0.0,3.0,3.0,4.0,1.0,0.0,0.0,2.0,1.0,4.0,18.9,-1.0,27.5,0,0,26.9,1,13222,1,13222,2554,9010,11963,7978,14580,17695,9209,5724,4511,9425,14058,16784,19779,9984,15887,12854,8263,3259,19736,6360,8937,13537,16608,2246,150,16251,1,36:10
2024-25,1630198,Isaiah Joe,Isaiah,1610612760,OKC,Oklahoma City Thunder,0022400410,2024-12-26T00:00:00,OKC @ IND,W,16.833333333333332,4.3,17.1,0.25,2.1,15.0,0.143,0.0,0.0,0.0,2.1,2.1,4.3,4.3,0.0,0.0,0.0,0.0,4.3,0.0,10.7,0.0,22.2,0,0,21.4,1,1,13086,1,18364,16379,5688,20233,9513,697,14649,13505,14344,13505,7805,19242,16591,9189,16469,12854,8263,8846,6351,17725,17476,12240,20014,2246,150,20032,1,16:50
2024-25,1629661,Cameron Johnson,Cameron,1610612751,BKN,Brooklyn Nets,0022400415,2024-12-26T00:00:00,BKN @ MIL,W,35.18333333333333,8.2,13.3,0.615,4.1,6.1,0.667,9.2,9.2,1.0,1.0,4.1,5.1,3.1,6.1,0.0,0.0,0.0,1.0,5.1,29.7,8.2,34.3,0,0,42.0,1,1,13086,1,3324,6236,11303,5246,3799,10345,1957,938,1762,1,13069,13441,14470,12691,1302,12854,8263,8846,19556,3895,2203,8540,11602,2246,150,5677,1,35:11
2024-25,1626179,Terry Rozier,Terry,1610612748,MIA,Miami Heat,0022400411,2024-12-26T00:00:00,MIA @ ORL,W,28.841666666666665,7.5,17.5,0.429,1.2,2.5,0.5,1.2,2.5,0.5,1.2,3.7,5.0,1.2,2.5,1.2,0.0,2.5,1.2,5.0,17.5,15.0,26.6,0,0,27.5,1,1,13086,1,8815,7790,5274,13735,13107,18629,3944,12454,11218,10625,11492,14486,14805,18851,8260,9815,8263,2050,18283,4131,10349,5634,17226,2246,150,15825,1,28:51
2024-25,1629652,Luguentz Dort,Luguentz,1610612760,OKC,Oklahoma City Thunder,0022400410,2024-12-26T00:00:00,OKC @ IND,W,34.53333333333333,5.2,13.6,0.385,3.1,8.3,0.375,0.0,0.0,0.0,3.1,4.2,7.3,0.0,0.0,0.0,0.0,0.0,3.1,1.0,13.6,11.5,22.3,0,0,24.0,1,1,13086,1,3822,13784,10917,16070,6144,5844,8800,13505,14344,13505,5082,13205,9576,19908,16469,12854,8263,8846,10178,17204,14440,7027,19978,2246,150,18340,1,34:32
2024-25,1630243,Trevelin Queen,Trevelin,1610612753,ORL,Orlando Magic,0022400411,2024-12-26T00:00:00,ORL vs. MIA,L,36.983333333333334,3.9,7.8,0.5,0.0,2.9,0.0,0.0,0.0,0.0,1.0,1.9,2.9,1.9,1.0,2.9,0.0,0.0,2.9,0.0,7.8,8.8,22.0,0,0,18.5,1,13222,1,13222,1997,17342,20551,8526,15070,17820,15070,13505,14344,13505,13469,19835,19942,16574,16003,3347,8263,8846,11091,17725,20095,8298,20151,2246,150,21632,1,36:59
2024-25,1642276,Kel'el Ware,Kel'el,1610612748,MIA,Miami Heat,0022400411,2024-12-26T00:00:00,MIA @ ORL,W,13.125,2.7,11.0,0.25,0.0,2.7,0.0,0.0,0.0,0.0,0.0,0.0,0.0,2.7,0.0,0.0,0.0,0.0,5.5,0.0,5.5,11.0,9.6,0,0,8.2,1,1,13086,1,20684,19991,15409,20233,15070,18179,15070,13505,14344,13505,14058,22137,23286,13778,16469,12854,8263,8846,3722,17725,21744,7251,24484,2246,150,24730,1,13:08
2024-25,1631207,Dalen Terry,Dalen,1610612741,CHI,Chicago Bulls,0022400413,2024-12-26T00:00:00,CHI @ ATL,L,9.133333333333333,0.0,3.9,0.0,0.0,3.9,0.0,0.0,0.0,0.0,0.0,0.0,0.0,3.9,3.9,0.0,0.0,0.0,15.8,0.0,0.0,-63.1,2.0,0,0,3.9,1,13222,1,13222,22406,22635,24112,22635,15070,15689,15070,13505,14344,13505,14058,22137,23286,10100,3986,12854,8263,8846,215,17725,23200,25750,25160,2246,150,25190,1,9:08
2024-25,1631095,Jabari Smith Jr.,Jabari,1610612745,HOU,Houston Rockets,0022400416,2024-12-26T00:00:00,HOU @ NOP,W,28.316666666666666,1.3,8.9,0.143,0.0,3.8,0.0,5.1,5.1,1.0,2.5,5.1,7.6,0.0,2.5,0.0,1.3,0.0,3.8,2.5,7.6,7.6,18.1,0,0,17.8,1,1,13086,1,9285,22429,18867,22260,15070,15970,15070,3913,5781,1,6488,10620,8920,19908,8070,12854,5786,8846,7694,10828,20219,8816,22070,2246,150,21952,1,28:19
2024-25,1628418,Thomas Bryant,Thomas,1610612754,IND,Indiana Pacers,0022400410,2024-12-26T00:00:00,IND vs. OKC,L,9.8,0.0,7.3,0.0,0.0,7.3,0.0,0.0,0.0,0.0,0.0,3.7,3.7,0.0,0.0,0.0,0.0,0.0,3.7,3.7,0.0,14.7,4.4,0,0,3.7,1,13222,1,13222,22171,22635,21147,22635,15070,7735,15070,13505,14344,13505,14058,14723,18150,19908,16469,12854,8263,8846,8187,7202,23200,5744,25058,2246,150,25202,1,9:48
2024-25,1631323,Simone Fontecchio,Simone,1610612765,DET,Detroit Pistons,0022400418,2024-12-26T00:00:00,DET @ SAC,W,13.983333333333333,0.0,7.7,0.0,0.0,7.7,0.0,0.0,0.0,0.0,2.6,5.1,7.7,5.1,2.6,2.6,0.0,2.6,2.6,0.0,0.0,-7.7,22.1,0,0,18.0,1,1,13086,1,20207,22635,20624,22635,15070,6955,15070,13505,14344,13505,6413,10422,8767,7133,7967,4191,8263,1909,12513,17725,23200,16842,20055,2246,150,21852,1,13:59
2024-25,1629111,Jock Landale,Jock,1610612745,HOU,Houston Rockets,0022400416,2024-12-26T00:00:00,HOU @ NOP,W,8.9,0.0,4.0,0.0,0.0,4.0,0.0,0.0,0.0,0.0,0.0,0.0,0.0,0.0,12.1,0.0,4.0,0.0,4.0,0.0,0.0,-44.5,0.0,0,0,8.1,1,1,13086,1,22489,22635,24079,22635,15070,15490,15070,13505,14344,13505,14058,22137,23286,19908,200,12854,891,8846,7010,17725,23200,25146,25228,2246,150,24754,1,8:54
2024-25,1642263,Reed Sheppard,Reed,1610612745,HOU,Houston Rockets,0022400416,2024-12-26T00:00:00,HOU @ NOP,W,18.4,0.0,15.7,0.0,0.0,7.8,0.0,2.0,3.9,0.5,2.0,5.9,7.8,3.9,0.0,2.0,0.0,0.0,2.0,2.0,2.0,-25.4,23.1,0,0,17.6,1,1,13086,1,17275,22635,7604,22635,15070,6755,15070,10788,8015,10625,8588,8615,8570,10189,16469,6469,8263,8846,15371,13289,23157,22902,19509,2246,150,22033,1,18:24
2024-25,1629130,Duncan Robinson,Duncan,1610612748,MIA,Miami Heat,0022400411,2024-12-26T00:00:00,MIA @ ORL,W,17.873333333333335,0.0,6.0,0.0,0.0,6.0,0.0,0.0,0.0,0.0,0.0,4.0,4.0,2.0,0.0,0.0,0.0,0.0,4.0,0.0,0.0,-24.2,7.9,0,0,6.0,1,1,13086,1,17649,22635,22561,22635,15070,10596,15070,13505,14344,13505,14058,13636,17254,16322,16469,12854,8263,8846,7070,17725,23200,22618,24714,2246,150,25002,1,17:52
2024-25,1642268,Isaiah Collier,Isaiah,1610612762,UTA,Utah Jazz,0022400417,2024-12-26T00:00:00,UTA @ POR,L,34.833333333333336,3.1,10.3,0.3,1.0,3.1,0.333,0.0,1.0,0.0,1.0,7.2,8.3,7.2,6.2,0.0,0.0,2.1,4.1,1.0,7.2,10.3,21.8,0,0,23.8,1,13222,1,13222,3587,19200,16498,19363,14344,17459,9209,13505,14167,13505,12996,5939,7825,3712,1269,12854,8263,3007,6727,17255,20537,7545,20259,2246,150,18482,1,34:50
2024-25,1641767,Ben Sheppard,Ben,1610612754,IND,Indiana Pacers,0022400410,2024-12-26T00:00:00,IND vs. OKC,L,21.766666666666666,3.3,5.0,0.667,1.7,3.3,0.5,0.0,0.0,0.0,0.0,1.7,1.7,3.3,3.3,1.7,0.0,0.0,3.3,0.0,8.3,-1.7,16.9,0,0,18.2,1,13222,1,13222,14698,18734,23494,3281,11526,17051,3944,13505,14344,13505,14058,20555,22362,11949,5482,7790,8263,8846,9425,17725,19679,13859,22538,2246,150,21777,1,21:46
2024-25,1631165,Keon Ellis,Keon,1610612758,SAC,Sacramento Kings,0022400418,2024-12-26T00:00:00,SAC vs. DET,L,13.641666666666667,5.3,10.6,0.5,2.6,5.3,0.5,0.0,0.0,0.0,2.6,2.6,5.3,2.6,5.3,0.0,0.0,0.0,2.6,0.0,13.2,-5.3,18.2,0,0,23.8,1,13222,1,13222,20396,13602,16124,8526,7713,12526,3944,13505,14344,13505,6253,17855,14098,14087,2032,12854,8263,8846,12290,17725,14878,15735,21996,2246,150,18496,1,13:39
2024-25,1641842,Ronald Holland II,Ronald,1610612765,DET,Detroit Pistons,0022400418,2024-12-26T00:00:00,DET @ SAC,W,6.65,0.0,10.8,0.0,0.0,0.0,0.0,0.0,0.0,0.0,0.0,5.4,5.4,0.0,5.4,0.0,0.0,0.0,0.0,0.0,0.0,-81.2,1.1,0,0,5.4,1,1,13086,1,23303,22635,15644,22635,15070,20945,15070,13505,14344,13505,14058,9750,13773,19908,1887,12854,8263,8846,20257,17725,23200,26014,25201,2246,150,25062,1,6:39
2024-25,1630534,Ochai Agbaji,Ochai,1610612761,TOR,Toronto Raptors,0022400414,2024-12-26T00:00:00,TOR @ MEM,L,25.266666666666666,5.7,15.7,0.364,1.4,8.5,0.167,1.4,2.8,0.5,0.0,0.0,0.0,2.8,0.0,0.0,0.0,1.4,2.8,1.4,14.2,-31.3,18.5,0,0,18.5,1,13222,1,13222,11769,12420,7582,16861,12352,5498,14236,11969,10360,10625,14058,22137,23286,13443,16469,12854,8263,5077,11422,15346,13664,23940,21878,2246,150,21613,1,25:16
2024-25,1630182,Josh Green,Josh,1610612766,CHA,Charlotte Hornets,0022400412,2024-12-26T00:00:00,CHA @ WAS,L,29.858333333333334,1.2,2.4,0.5,1.2,2.4,0.5,0.0,2.4,0.0,2.4,1.2,3.6,2.4,1.2,1.2,2.4,0.0,3.6,3.6,3.6,-7.2,21.2,0,0,18.1,1,13222,1,13222,7919,22488,24667,8526,13327,18783,3944,13505,11452,13505,6883,21494,18284,14840,14396,10128,2531,8846,8379,7345,22733,16605,20586,2246,150,21824,1,29:52
2024-25,1629014,Anfernee Simons,Anfernee,1610612757,POR,Portland Trail Blazers,0022400417,2024-12-26T00:00:00,POR vs. UTA,W,30.35,3.6,14.2,0.25,2.4,9.5,0.25,0.0,0.0,0.0,1.2,2.4,3.6,3.6,3.6,2.4,0.0,2.4,3.6,1.2,9.5,-17.8,22.7,0,0,23.7,1,1,13086,1,7456,18178,9781,20233,8585,4125,11902,13505,14344,13505,11890,18568,18419,11217,4880,4790,8263,2282,8567,16475,18649,20865,19779,2246,150,18524,1,30:21
2024-25,1642274,Yves Missi,Yves,1610612740,NOP,New Orleans Pelicans,0022400416,2024-12-26T00:00:00,NOP vs. HOU,L,28.866666666666667,1.2,3.7,0.333,0.0,0.0,0.0,0.0,0.0,0.0,3.7,7.5,11.2,5.0,0.0,0.0,2.5,1.2,1.2,2.5,2.5,-5.0,30.9,0,0,23.7,1,13222,1,13222,8793,22454,24214,17395,15070,20945,15070,13505,14344,13505,3977,5529,4219,7491,16469,12854,2388,5947,18289,11008,23078,15584,14105,2246,150,18543,1,28:52
2024-25,203501,Tim Hardaway Jr.,Tim,1610612765,DET,Detroit Pistons,0022400418,2024-12-26T00:00:00,DET @ SAC,W,23.313333333333333,3.1,12.4,0.25,3.1,10.8,0.286,0.0,0.0,0.0,1.5,4.6,6.2,4.6,0.0,0.0,0.0,1.5,0.0,1.5,9.3,17.0,23.6,0,0,23.2,1,1,13086,1,13460,19231,12974,20233,6243,2665,11433,13505,14344,13505,10140,11905,11876,8344,16469,12854,8263,4609,20257,14822,18847,4914,19184,2246,150,18883,1,23:19
2024-25,1629631,De'Andre Hunter,De'Andre,1610612737,ATL,Atlanta Hawks,0022400413,2024-12-26T00:00:00,ATL vs. CHI,W,27.883333333333333,7.7,18.1,0.429,3.9,9.0,0.429,12.9,12.9,1.0,1.3,6.5,7.7,1.3,2.6,1.3,1.3,0.0,1.3,7.7,32.3,11.6,48.7,0,0,50.4,1,1,13086,1,9638,7176,4586,13735,4261,4762,7394,268,602,1,11237,7402,8726,18690,7939,9511,5689,8846,18070,1165,1462,6966,3753,2246,150,2433,1,27:53
2024-25,1628379,Luke Kennard,Luke,1610612763,MEM,Memphis Grizzlies,0022400414,2024-12-26T00:00:00,MEM vs. TOR,W,24.65,5.8,13.1,0.444,4.4,11.7,0.375,5.8,5.8,1.0,0.0,0.0,0.0,11.7,4.4,1.5,0.0,0.0,1.5,1.5,21.9,10.2,39.4,0,0,40.9,1,1,13086,1,12326,11983,11588,13045,3263,1974,8800,3036,4696,1,14058,22137,23286,792,3168,8576,8263,8846,17392,15182,6283,7593,8111,2246,150,6273,1,24:39
2024-25,1641716,Jarace Walker,Jarace,1610612754,IND,Indiana Pacers,0022400410,2024-12-26T00:00:00,IND vs. OKC,L,15.216666666666667,11.8,23.7,0.5,4.7,9.5,0.5,0.0,0.0,0.0,2.4,9.5,11.8,0.0,2.4,0.0,2.4,0.0,4.7,0.0,28.4,-37.9,47.3,0,0,49.7,1,13222,1,13222,19426,1634,1164,8526,2674,4159,3944,13505,14344,13505,7029,3057,3630,19908,8788,12854,2613,8846,5207,17725,2636,24681,4202,2246,150,2618,1,15:13
2024-25,1630551,Justin Champagnie,Justin,1610612764,WAS,Washington Wizards,0022400412,2024-12-26T00:00:00,WAS vs. CHA,W,13.281666666666666,8.1,10.8,0.75,2.7,5.4,0.5,2.7,5.4,0.5,5.4,10.8,16.3,0.0,5.4,2.7,5.4,0.0,5.4,2.7,21.7,-27.1,60.2,0,0,56.9,1,1,13086,1,20612,6345,15627,2107,7506,12160,3944,8551,5286,10625,1995,1984,1335,19908,1881,3883,414,8846,3818,10293,6474,23263,1175,2246,150,1172,1,13:17
2024-25,203114,Khris Middleton,Khris,1610612749,MIL,Milwaukee Bucks,0022400415,2024-12-26T00:00:00,MIL vs. BKN,L,26.208333333333332,11.0,17.9,0.615,4.1,8.2,0.5,2.7,4.1,0.667,0.0,6.9,6.9,6.9,9.6,1.4,0.0,0.0,5.5,2.7,28.8,-12.4,41.9,0,0,49.4,1,13222,1,13222,11003,2262,4846,5246,3738,6014,3944,8465,7588,9425,14058,6585,10389,4185,356,9048,8263,8846,3708,10168,2468,18885,6672,2246,150,2683,1,26:13
2024-25,1629614,Andrew Nembhard,Andrew,1610612754,IND,Indiana Pacers,0022400410,2024-12-26T00:00:00,IND vs. OKC,L,28.6,11.3,21.4,0.529,1.3,6.3,0.2,5.0,5.0,1.0,2.5,8.8,11.3,8.8,2.5,0.0,1.3,1.3,2.5,2.5,29.0,-3.8,57.0,0,0,52.9,1,13222,1,13222,9035,1982,2093,8281,13042,9993,13429,3974,5847,1,6556,3710,4105,2179,8169,12854,5857,5878,12719,10924,2439,14934,1636,2246,150,1834,1,28:36
2024-25,1630591,Jalen Suggs,Jalen,1610612753,ORL,Orlando Magic,0022400411,2024-12-26T00:00:00,ORL vs. MIA,L,32.31666666666667,11.1,23.4,0.476,2.2,12.3,0.182,7.8,8.9,0.875,0.0,4.5,4.5,2.2,7.8,1.1,0.0,0.0,3.3,10.0,32.3,8.9,36.5,0,0,43.4,1,13222,1,13222,5711,2148,1252,12010,9129,1646,14207,1510,1917,6931,14058,12389,16161,15520,632,10910,8263,8846,9282,409,1458,8219,10006,2246,150,4942,1,32:19
2024-25,1630567,Scottie Barnes,Scottie,1610612761,TOR,Toronto Raptors,0022400414,2024-12-26T00:00:00,TOR @ MEM,L,35.7,10.1,20.2,0.5,2.0,5.0,0.4,4.0,4.0,1.0,1.0,5.0,6.1,8.1,3.0,1.0,0.0,2.0,4.0,3.0,26.2,-22.2,45.6,0,0,44.4,1,13222,1,13222,2904,3131,2862,8526,10090,13099,7874,5639,7775,1,13192,10751,12158,2819,6369,11877,8263,3174,7048,9143,3578,22128,4904,2246,150,4519,1,35:42
2024-25,1630583,Santi Aldama,Santi,1610612763,MEM,Memphis Grizzlies,0022400414,2024-12-26T00:00:00,MEM vs. TOR,W,3.3,21.8,32.7,0.667,0.0,0.0,0.0,0.0,0.0,0.0,21.8,10.9,32.7,0.0,10.9,0.0,0.0,0.0,0.0,0.0,43.6,32.7,72.0,0,0,76.4,1,1,13086,1,24846,108,173,3281,15070,20945,15070,13505,14344,13505,40,1949,63,19908,262,12854,8263,8846,20257,17725,292,1653,367,2246,150,213,1,3:18
2024-25,1629004,Svi Mykhailiuk,Svi,1610612762,UTA,Utah Jazz,0022400417,2024-12-26T00:00:00,UTA @ POR,L,24.683333333333334,8.8,19.0,0.462,8.8,17.5,0.5,0.0,0.0,0.0,0.0,1.5,1.5,1.5,0.0,1.5,1.5,1.5,0.0,1.5,26.3,23.3,38.9,0,0,43.8,1,13222,1,13222,12289,5179,3787,12428,323,379,3944,13505,14344,13505,14058,20969,22622,18143,16469,8588,5009,4945,20257,15196,3558,3183,8452,2246,150,4797,1,24:41
2024-25,201572,Brook Lopez,Brook,1610612749,MIL,Milwaukee Bucks,0022400415,2024-12-26T00:00:00,MIL vs. BKN,L,33.983333333333334,8.5,12.7,0.667,4.2,5.3,0.8,0.0,0.0,0.0,2.1,5.3,7.4,2.1,1.1,2.1,2.1,1.1,2.1,0.0,21.2,-8.5,44.9,0,0,43.4,1,13222,1,13222,4278,5658,12366,3281,3507,12473,1389,13505,14344,13505,7891,10033,9344,15933,15429,5701,3152,7405,14523,17725,6934,17171,5218,2246,150,4952,1,33:59
2024-25,1630590,Scotty Pippen Jr.,Scotty,1610612763,MEM,Memphis Grizzlies,0022400414,2024-12-26T00:00:00,MEM vs. TOR,W,20.95,8.6,20.6,0.417,1.7,8.6,0.2,6.9,8.6,0.8,1.7,1.7,3.4,5.2,3.4,6.9,0.0,1.7,3.4,8.6,25.8,1.7,54.8,0,0,49.8,1,1,13086,1,15325,5458,2562,14532,11343,5429,13429,2097,2131,7681,9513,20420,18696,7119,5156,322,8263,4098,8944,788,3790,11784,2027,2246,150,2583,1,20:57
2024-25,1630224,Jalen Green,Jalen,1610612745,HOU,Houston Rockets,0022400416,2024-12-26T00:00:00,HOU @ NOP,W,29.6,14.6,25.5,0.571,7.3,13.4,0.545,0.0,0.0,0.0,0.0,2.4,2.4,2.4,0.0,2.4,0.0,1.2,1.2,2.4,36.5,36.5,50.4,0,0,53.5,1,1,13086,1,8140,564,719,6538,666,1139,3863,13505,14344,13505,14058,18380,20926,14763,16469,4580,8263,6148,18439,11214,757,1246,3166,2246,150,1707,1,29:36
2024-25,1630639,A.J. Lawson,A.J.,1610612761,TOR,Toronto Raptors,0022400414,2024-12-26T00:00:00,TOR @ MEM,L,5.45,13.2,19.8,0.667,6.6,6.6,1.0,6.6,13.2,0.5,0.0,13.2,13.2,0.0,0.0,0.0,0.0,6.6,0.0,6.6,39.6,-26.4,55.5,0,0,59.4,1,13222,1,13222,23808,947,3087,3281,943,9302,1,2314,562,10625,14058,951,2662,19908,16469,12854,8263,181,20257,1982,473,23114,1894,2246,150,876,1,5:27
2024-25,1630166,Deni Avdija,Deni,1610612757,POR,Portland Trail Blazers,0022400417,2024-12-26T00:00:00,POR vs. UTA,W,30.948333333333334,10.5,15.1,0.692,2.3,4.7,0.5,8.1,11.6,0.7,0.0,9.3,9.3,7.0,2.3,1.2,1.2,1.2,4.7,7.0,31.4,12.8,57.7,0,0,54.7,1,1,13086,1,6924,2748,8390,3171,8757,14073,3944,1343,859,9366,14058,3198,6310,4023,8961,10481,6403,6532,5406,1673,1663,6478,1519,2246,150,1514,1,30:57
2024-25,1627749,Dejounte Murray,Dejounte,1610612740,NOP,New Orleans Pelicans,0022400416,2024-12-26T00:00:00,NOP vs. HOU,L,26.966666666666665,9.3,20.0,0.467,2.7,6.7,0.4,1.3,2.7,0.5,1.3,4.0,5.3,5.3,4.0,4.0,0.0,0.0,0.0,1.3,22.7,-26.7,45.1,0,0,44.1,1,13222,1,13222,10359,4136,2957,12249,7620,9154,7874,12213,10810,10625,11038,13706,13938,6740,3875,1632,8263,8846,20257,15743,5710,23179,5119,2246,150,4668,1,26:58
2024-25,1628374,Lauri Markkanen,Lauri,1610612762,UTA,Utah Jazz,0022400417,2024-12-26T00:00:00,UTA @ POR,L,30.4,9.5,16.6,0.571,4.7,9.5,0.5,5.9,7.1,0.833,3.6,3.6,7.1,1.2,1.2,3.6,0.0,2.4,1.2,4.7,29.6,5.9,49.4,0,0,49.7,1,13222,1,13222,7411,3912,6328,6538,2664,4137,3944,2946,3259,7275,4299,15078,9941,19070,14555,2168,8263,2290,18629,4645,2231,9649,3469,2246,150,2602,1,30:24
2024-25,1628991,Jaren Jackson Jr.,Jaren,1610612763,MEM,Memphis Grizzlies,0022400414,2024-12-26T00:00:00,MEM vs. TOR,W,31.966666666666665,10.1,19.1,0.529,1.1,3.4,0.333,2.3,2.3,1.0,4.5,7.9,12.4,6.8,3.4,0.0,3.4,1.1,2.3,3.4,23.6,31.5,55.4,1,0,50.7,1,1,13086,1,5995,3076,3624,8281,13793,16913,9209,9775,11928,1,2917,4883,3203,4344,5286,12854,1328,6825,13867,8022,5017,1778,1906,1,150,2348,1,31:58
2024-25,1631101,Shaedon Sharpe,Shaedon,1610612757,POR,Portland Trail Blazers,0022400417,2024-12-26T00:00:00,POR vs. UTA,W,30.698333333333334,12.9,21.1,0.611,5.9,11.7,0.5,0.0,0.0,0.0,0.0,5.9,5.9,3.5,0.0,0.0,2.3,0.0,2.3,0.0,31.7,8.2,51.0,0,0,51.6,1,1,13086,1,7132,1069,2266,5351,1419,1942,3944,13505,14344,13505,14058,8637,12607,11341,16469,12854,2653,8846,13460,17725,1591,8531,2985,2246,150,2121,1,30:42
2024-25,1629028,Deandre Ayton,Deandre,1610612757,POR,Portland Trail Blazers,0022400417,2024-12-26T00:00:00,POR vs. UTA,W,34.36666666666667,8.4,16.8,0.5,1.0,2.1,0.5,1.0,1.0,1.0,4.2,8.4,12.6,2.1,1.0,1.0,2.1,1.0,1.0,1.0,18.9,-1.0,45.5,1,0,40.9,1,1,13086,1,3950,5838,6101,8526,14268,19377,3944,13087,14137,1,3311,4184,3085,16017,15508,11518,3222,7515,19425,17184,8989,13569,4966,1,150,6295,1,34:22
2024-25,1630548,Johnny Juzang,Johnny,1610612762,UTA,Utah Jazz,0022400417,2024-12-26T00:00:00,UTA @ POR,L,14.766666666666667,9.8,17.1,0.571,7.3,12.2,0.6,7.3,9.8,0.75,2.4,9.8,12.2,0.0,0.0,2.4,0.0,0.0,0.0,4.9,34.1,-4.9,56.1,0,0,58.5,1,13222,1,13222,19725,3535,5731,6538,661,1675,2992,1792,1483,8186,6811,2769,3355,19908,16469,4567,8263,8846,20257,4341,1106,15513,1794,2246,150,961,1,14:46
2024-25,1628975,Jevon Carter,Jevon,1610612741,CHI,Chicago Bulls,0022400413,2024-12-26T00:00:00,CHI @ ATL,L,35.95,9.0,15.0,0.6,7.0,11.0,0.636,1.0,2.0,0.5,0.0,4.0,4.0,5.0,2.0,1.0,0.0,0.0,3.0,2.0,26.0,7.0,39.4,0,0,44.1,1,13222,1,13222,2713,4682,8581,5394,755,2475,2842,13230,12715,10625,14058,13704,17303,7460,10511,11944,8263,8846,10695,13066,3662,9129,8172,2246,150,4663,1,35:57
2024-25,203897,Zach LaVine,Zach,1610612741,CHI,Chicago Bulls,0022400413,2024-12-26T00:00:00,CHI @ ATL,L,36.06666666666667,14.0,25.0,0.56,7.0,9.0,0.778,2.0,2.0,1.0,1.0,4.0,5.0,7.0,7.0,1.0,1.0,1.0,3.0,1.0,36.9,-8.0,52.4,0,0,59.9,1,13222,1,13222,2629,709,836,7232,770,4862,1530,10657,12736,1,13269,13747,14808,4014,894,11978,7489,7945,10763,17404,703,16968,2618,2246,150,836,1,36:04
2024-25,1630527,Brandon Boston,Brandon,1610612740,NOP,New Orleans Pelicans,0022400416,2024-12-26T00:00:00,NOP vs. HOU,L,19.445,13.0,25.9,0.5,1.9,5.6,0.333,3.7,5.6,0.667,1.9,9.3,11.1,1.9,3.7,7.4,0.0,3.7,5.6,3.7,31.5,20.4,66.1,0,0,61.1,1,13222,1,13222,16466,1049,652,8526,10876,11833,9209,6287,5119,9425,9038,3250,4315,16925,4552,256,8263,798,3624,7126,1647,3849,626,2246,150,721,1,19:27
2024-25,1629003,Shake Milton,Shake,1610612751,BKN,Brooklyn Nets,0022400415,2024-12-26T00:00:00,BKN @ MIL,W,22.9,11.0,15.7,0.7,6.3,9.4,0.667,3.1,4.7,0.667,1.6,1.6,3.1,0.0,3.1,1.6,0.0,0.0,1.6,4.7,31.4,-9.4,36.8,0,0,44.0,1,1,13086,1,13790,2256,7512,3045,1124,4207,1957,7450,6452,9425,10035,20733,19388,19908,6001,8099,8263,8846,16955,4688,1653,17637,9847,2246,150,4685,1,22:54
2024-25,1630194,Paul Reed,Paul,1610612765,DET,Detroit Pistons,0022400418,2024-12-26T00:00:00,DET @ SAC,W,12.853333333333333,8.4,8.4,1.0,2.8,2.8,1.0,0.0,0.0,0.0,0.0,8.4,8.4,5.6,0.0,5.6,2.8,0.0,11.2,0.0,19.6,33.6,63.3,0,0,53.2,1,1,13086,1,20818,5800,19644,1,7212,18057,1,13505,14344,13505,14058,4165,7623,6247,16469,602,1955,8846,511,17725,8255,1558,856,2246,150,1758,1,12:51
2024-25,1629234,Drew Eubanks,Drew,1610612762,UTA,Utah Jazz,0022400417,2024-12-26T00:00:00,UTA @ POR,L,17.6,12.3,12.3,1.0,2.0,2.0,1.0,4.1,4.1,1.0,2.0,4.1,6.1,0.0,0.0,0.0,2.0,0.0,0.0,6.1,30.7,-14.3,44.2,0,0,43.0,1,13222,1,13222,17856,1371,13136,1,9937,19465,1,5540,7651,1,8182,13445,11963,19908,16469,12854,3358,8846,20257,2466,1869,19622,5583,2246,150,5169,1,17:36
2024-25,1629632,Coby White,Coby,1610612741,CHI,Chicago Bulls,0022400413,2024-12-26T00:00:00,CHI @ ATL,L,34.38333333333333,8.4,13.6,0.615,5.2,8.4,0.625,2.1,2.1,1.0,0.0,3.1,3.1,9.4,3.1,1.0,0.0,0.0,3.1,6.3,24.1,-16.8,42.0,0,0,44.0,1,13222,1,13222,3934,5846,10812,5246,2016,5788,2868,10314,12442,1,14058,16304,19400,1744,6018,11524,8263,8846,10139,2305,4744,20533,6629,2246,150,4701,1,34:23
2024-25,1642258,Zaccharie Risacher,Zaccharie,1610612737,ATL,Atlanta Hawks,0022400413,2024-12-26T00:00:00,ATL vs. CHI,W,23.466666666666665,7.7,18.4,0.417,4.6,10.7,0.429,4.6,6.1,0.75,1.5,6.1,7.7,4.6,4.6,1.5,0.0,1.5,7.7,3.1,24.5,1.5,40.7,0,0,44.5,1,1,13086,1,13330,7328,4280,14532,2885,2743,7394,4681,4304,8186,10174,8026,8842,8405,2845,8261,8263,4646,1530,9005,4454,11857,7360,2246,150,4478,1,23:28
2024-25,1642403,Isaac Jones,Isaac,1610612758,SAC,Sacramento Kings,0022400418,2024-12-26T00:00:00,SAC vs. DET,L,3.255,11.1,11.1,1.0,0.0,0.0,0.0,11.1,11.1,1.0,0.0,0.0,0.0,11.1,11.1,0.0,0.0,0.0,0.0,11.1,33.2,-33.2,38.7,0,0,44.2,1,13222,1,13222,24865,2212,15263,1,15070,20945,15070,478,1006,1,14058,22137,23286,985,254,12854,8263,8846,20257,273,1289,24191,8590,2246,150,4579,1,3:15
2024-25,1629723,John Konchar,John,1610612763,MEM,Memphis Grizzlies,0022400414,2024-12-26T00:00:00,MEM vs. TOR,W,16.148333333333333,6.7,6.7,1.0,6.7,6.7,1.0,0.0,0.0,0.0,2.2,8.9,11.1,4.5,0.0,2.2,2.2,0.0,2.2,0.0,20.1,11.1,53.5,0,0,51.3,1,1,13086,1,18836,9712,21902,1,897,9121,1,13505,14344,13505,7494,3598,4279,8748,16469,5272,2884,8846,13963,17725,7873,7166,2332,2246,150,2209,1,16:09
2024-25,1627832,Fred VanVleet,Fred,1610612745,HOU,Houston Rockets,0022400416,2024-12-26T00:00:00,HOU @ NOP,W,25.72,11.2,21.0,0.533,9.8,16.8,0.583,2.8,2.8,1.0,5.6,2.8,8.4,5.6,2.8,1.4,0.0,0.0,2.8,1.4,35.0,19.6,54.9,0,0,61.6,1,1,13086,1,11382,2096,2338,8140,223,432,3489,8353,10492,1,1882,17401,7627,6252,7219,8907,8263,8846,11651,15457,957,4074,2016,2246,150,687,1,25:43
2024-25,1641744,Zach Edey,Zach,1610612763,MEM,Memphis Grizzlies,0022400414,2024-12-26T00:00:00,MEM vs. TOR,W,27.283333333333335,11.9,19.8,0.6,1.3,6.6,0.2,2.6,6.6,0.4,11.9,9.2,21.1,2.6,0.0,0.0,2.6,0.0,0.0,4.0,27.7,38.3,64.9,1,0,58.1,1,1,13086,1,10113,1600,3123,5394,12786,9327,13429,8716,3776,13061,248,3264,408,14087,16469,12854,2165,8846,20257,6432,2891,1099,699,1,150,1018,1,27:17
2024-25,1628970,Miles Bridges,Miles,1610612766,CHA,Charlotte Hornets,0022400412,2024-12-26T00:00:00,CHA @ WAS,L,33.71666666666667,8.5,18.2,0.471,4.3,9.6,0.444,2.1,2.1,1.0,1.1,13.9,14.9,6.4,2.1,1.1,2.1,2.1,0.0,1.1,23.5,1.1,58.5,1,0,55.5,1,13222,1,13222,4521,5544,4501,12143,3442,3968,7211,10186,12305,1,12732,788,1792,4848,9805,11309,3108,2817,20257,17074,5139,12104,1407,1,150,1387,1,33:43
2024-25,202685,Jonas Valančiūnas,Jonas,1610612764,WAS,Washington Wizards,0022400412,2024-12-26T00:00:00,WAS vs. CHA,W,23.45,7.7,12.3,0.625,0.0,1.5,0.0,6.1,6.1,1.0,3.1,15.4,18.4,4.6,3.1,4.6,0.0,0.0,4.6,4.6,21.5,3.1,61.3,1,0,53.7,1,1,13086,1,13346,7313,13113,4899,15070,20240,15070,2738,4297,1,5191,510,804,8397,6225,1142,8263,8846,5524,4926,6641,11077,1045,1,150,1665,1,23:27
2024-25,1629628,RJ Barrett,RJ,1610612761,TOR,Toronto Raptors,0022400414,2024-12-26T00:00:00,TOR @ MEM,L,33.848333333333336,10.6,19.1,0.556,2.1,5.3,0.4,5.3,7.4,0.714,3.2,6.4,9.6,10.6,2.1,0.0,0.0,2.1,2.1,5.3,28.7,-14.9,54.0,1,0,51.1,1,13222,1,13222,4409,2575,3627,7248,9566,12420,7874,3632,2959,9244,4959,7538,5959,1149,9866,12854,8263,2842,14478,3605,2518,19861,2196,1,150,2264,1,33:51
2024-25,1642259,Alex Sarr,Alex,1610612764,WAS,Washington Wizards,0022400412,2024-12-26T00:00:00,WAS vs. CHA,W,24.55,8.8,16.1,0.545,4.4,8.8,0.5,0.0,2.9,0.0,1.5,2.9,4.4,1.5,1.5,1.5,4.4,0.0,2.9,2.9,22.0,1.5,45.6,0,0,44.0,1,1,13086,1,12423,5084,6925,7695,3231,5108,3944,13505,10134,13505,10450,16959,16282,18106,12919,8547,715,8846,11016,9480,6218,11881,4896,2246,150,4689,1,24:33
2024-25,1628983,Shai Gilgeous-Alexander,Shai,1610612760,OKC,Oklahoma City Thunder,0022400410,2024-12-26T00:00:00,OKC @ IND,W,37.983333333333334,14.2,20.9,0.682,3.8,4.7,0.8,10.4,10.4,1.0,0.0,6.6,6.6,7.6,0.9,0.9,1.9,0.0,1.9,6.6,42.7,9.5,69.6,0,0,66.3,1,1,13086,1,1394,645,2430,3269,4469,13872,1389,576,1215,1,14058,7027,10877,3306,16161,12368,3776,8846,15706,1957,328,7955,451,2246,150,422,1,37:59
2024-25,1641715,Cam Whitmore,Cam,1610612745,HOU,Houston Rockets,0022400416,2024-12-26T00:00:00,HOU @ NOP,W,27.233333333333334,11.9,21.2,0.563,5.3,10.6,0.5,6.6,7.9,0.833,1.3,4.0,5.3,1.3,0.0,1.3,0.0,0.0,0.0,4.0,35.7,10.6,48.0,0,0,50.2,1,1,13086,1,10157,1589,2246,7127,1963,2902,3944,2310,2567,7275,11091,13826,14076,18584,16469,9337,8263,8846,20257,6415,879,7431,3988,2246,150,2468,1,27:14
2024-25,1641705,Victor Wembanyama,Victor,1610612759,SAS,San Antonio Spurs,0022400405,2024-12-25T00:00:00,SAS @ NYK,L,40.39,14.3,27.6,0.516,5.3,14.3,0.375,3.6,3.6,1.0,1.8,14.3,16.0,3.6,3.6,0.9,3.6,0.0,0.9,5.3,37.4,6.2,71.8,1,0,71.3,1,13222,1,13222,475,630,432,8522,1896,860,8800,6568,8756,1,9310,704,1416,11188,4864,12702,1177,8846,20168,3561,660,9499,374,1,150,297,1,40:23
2024-25,2544,LeBron James,LeBron,1610612747,LAL,Los Angeles Lakers,0022400408,2024-12-25T00:00:00,LAL @ GSW,W,36.96666666666667,11.7,21.4,0.545,1.9,3.9,0.5,4.9,4.9,1.0,0.0,3.9,3.9,9.7,1.0,1.9,1.0,1.9,2.9,3.9,30.2,3.9,57.3,1,0,51.6,1,1,13086,1,2010,1727,2078,7695,10415,15804,3944,4239,6170,1,14058,14039,17581,1569,16000,6515,7661,3389,11086,6574,2022,10705,1590,1,150,2118,1,36:58
2024-25,202681,Kyrie Irving,Kyrie,1610612742,DAL,Dallas Mavericks,0022400406,2024-12-25T00:00:00,DAL vs. MIN,L,37.25,13.5,26.1,0.519,4.8,13.5,0.357,5.8,5.8,1.0,1.0,3.9,4.8,1.9,1.9,0.0,1.0,1.9,1.0,6.8,37.7,-3.9,47.4,0,0,51.2,1,13222,1,13222,1834,843,633,8506,2512,1079,9188,3088,4752,1,13524,14138,15216,16634,10886,12854,7715,3444,19874,1848,632,14984,4192,2246,150,2226,1,37:15
2024-25,201142,Kevin Durant,Kevin,1610612756,PHX,Phoenix Suns,0022400409,2024-12-25T00:00:00,PHX vs. DEN,W,37.8,8.6,24.8,0.346,0.0,4.8,0.0,8.6,8.6,1.0,1.9,1.9,3.8,5.7,0.0,1.9,1.9,0.0,2.9,7.6,25.7,2.9,50.3,0,0,42.9,1,1,13086,1,1509,5482,882,17386,15070,13804,15070,1155,2145,1,8792,19957,17797,6017,16469,6737,3750,8846,11375,1243,3816,11188,3186,2246,150,5216,1,37:48
2024-25,203954,Joel Embiid,Joel,1610612755,PHI,Philadelphia 76ers,0022400407,2024-12-25T00:00:00,PHI @ BOS,W,30.75,9.4,17.6,0.533,4.7,5.9,0.8,8.2,8.2,1.0,1.2,9.4,10.5,2.3,2.3,0.0,0.0,0.0,3.5,7.0,31.6,-21.1,45.4,0,0,49.2,1,1,13086,1,7086,4095,5182,8140,2763,11060,1389,1323,2387,1,11989,3149,4875,15079,8899,12854,8263,8846,8714,1646,1606,21848,4984,2246,150,2777,1,30:45
2024-25,203078,Bradley Beal,Bradley,1610612756,PHX,Phoenix Suns,0022400409,2024-12-25T00:00:00,PHX vs. DEN,W,38.3,10.3,19.7,0.524,2.8,6.6,0.429,1.9,3.8,0.5,0.9,0.9,1.9,3.8,2.8,3.8,0.9,0.9,3.8,2.8,25.4,11.3,44.6,0,0,43.2,1,1,13086,1,1212,2881,3158,8439,7157,9363,7394,11014,8350,10625,13721,22068,22039,10624,7142,1899,7893,8422,7884,9888,4010,7104,5390,2246,150,5026,1,38:18
2024-25,1630178,Tyrese Maxey,Tyrese,1610612755,PHI,Philadelphia 76ers,0022400407,2024-12-25T00:00:00,PHI @ BOS,W,40.80833333333333,10.6,20.3,0.522,2.6,7.9,0.333,5.3,5.3,1.0,0.9,2.6,3.5,10.6,2.6,2.6,0.9,0.9,1.8,5.3,29.1,6.2,57.2,1,0,52.9,1,1,13086,1,402,2637,2772,8473,7695,6554,9209,3666,5478,1,13949,17832,18493,1171,7717,4027,8135,8716,16327,3640,2393,9530,1604,1,150,1818,1,40:49
2024-25,1628369,Jayson Tatum,Jayson,1610612738,BOS,Boston Celtics,0022400407,2024-12-25T00:00:00,BOS vs. PHI,L,41.85,9.5,17.2,0.55,3.4,6.9,0.5,5.2,6.0,0.857,1.7,11.2,12.9,3.4,2.6,0.9,0.9,0.9,1.7,4.3,27.5,4.3,50.8,1,0,50.8,1,13222,1,13222,264,3937,5572,7655,5285,8709,3944,3807,4440,7071,9510,1808,2870,11579,7944,12773,8176,8758,16468,5584,2968,10482,3060,1,150,2328,1,41:51
2024-25,1629029,Luka Dončić,Luka,1610612742,DAL,Dallas Mavericks,0022400406,2024-12-25T00:00:00,DAL vs. MIN,L,16.216666666666665,11.1,20.0,0.556,6.7,11.1,0.6,2.2,2.2,1.0,2.2,8.9,11.1,4.4,6.7,2.2,0.0,0.0,2.2,4.4,31.1,-13.3,51.1,0,0,57.7,1,13222,1,13222,18779,2189,2987,7248,921,2412,2992,9868,12018,1,7532,3627,4318,8791,1047,5315,8263,8846,14008,5261,1758,19234,2975,2246,150,1062,1,16:13
2024-25,1629638,Nickeil Alexander-Walker,Nickeil,1610612750,MIN,Minnesota Timberwolves,0022400406,2024-12-25T00:00:00,MIN @ DAL,W,15.008333333333333,7.2,16.8,0.429,4.8,9.6,0.5,0.0,0.0,0.0,0.0,7.2,7.2,4.8,0.0,2.4,0.0,0.0,4.8,0.0,19.2,2.4,42.2,0,0,40.8,1,1,13086,1,19558,8467,6054,13735,2565,3988,3944,13505,14344,13505,14058,6007,9755,7927,16469,4704,8263,8846,5068,17725,8661,11418,6517,2246,150,6342,1,15:01
2024-25,1628420,Monté Morris,Monté,1610612756,PHX,Phoenix Suns,0022400409,2024-12-25T00:00:00,PHX vs. DEN,W,17.616666666666667,6.1,16.3,0.375,2.0,10.2,0.2,8.2,8.2,1.0,2.0,2.0,4.1,6.1,0.0,4.1,0.0,0.0,0.0,4.1,22.5,16.3,48.8,0,0,42.9,1,1,13086,1,17847,11140,6618,16299,9946,3252,13429,1330,2394,1,8190,19519,17105,5278,16469,1555,8263,8846,20257,6079,5866,5128,3682,2246,150,5190,1,17:37
2024-25,201939,Stephen Curry,Stephen,1610612744,GSW,Golden State Warriors,0022400408,2024-12-25T00:00:00,GSW vs. LAL,L,35.61666666666667,14.2,24.3,0.583,8.1,15.2,0.533,2.0,2.0,1.0,0.0,1.0,1.0,6.1,4.0,0.0,0.0,0.0,3.0,2.0,38.4,-1.0,44.7,0,0,53.6,1,13222,1,13222,2975,659,993,6296,441,659,3935,10567,12658,1,14058,21952,23197,5373,3794,12854,8263,8846,10569,12979,566,13546,5340,2246,150,1690,1,35:37
2024-25,1628969,Mikal Bridges,Mikal,1610612752,NYK,New York Knicks,0022400405,2024-12-25T00:00:00,NYK vs. SAS,W,43.25,14.2,20.8,0.68,5.0,7.5,0.667,0.8,0.8,1.0,0.8,0.0,0.8,3.3,0.0,1.7,1.7,0.0,1.7,0.8,34.1,6.7,50.1,0,0,49.9,1,1,13086,1,132,661,2451,3276,2278,7431,1957,13490,14338,1,14021,22137,23280,11883,16469,7743,4384,8846,16642,17710,1108,9307,3240,2246,150,2547,1,43:15
2024-25,1630559,Austin Reaves,Austin,1610612747,LAL,Los Angeles Lakers,0022400408,2024-12-25T00:00:00,LAL @ GSW,W,36.666666666666664,7.9,19.6,0.4,3.9,9.8,0.4,5.9,5.9,1.0,2.0,7.9,9.8,9.8,2.9,1.0,0.0,2.0,0.0,4.9,25.5,-3.9,52.0,1,1,51.1,1,1,13086,1,2230,6939,3233,14933,4140,3702,7874,2972,4615,1,8555,4935,5646,1523,6658,12105,8263,3341,20257,4278,3923,15025,2698,1,1,2263,1,36:40
2024-25,203084,Harrison Barnes,Harrison,1610612759,SAS,San Antonio Spurs,0022400405,2024-12-25T00:00:00,SAS @ NYK,L,17.316666666666666,2.1,6.2,0.333,0.0,2.1,0.0,2.1,4.2,0.5,2.1,0.0,2.1,2.1,2.1,0.0,2.1,0.0,2.1,2.1,6.2,-20.8,16.0,0,0,14.6,1,13222,1,13222,18060,21271,22382,17395,15070,19405,15070,10362,7507,10625,8035,22137,21654,16075,10102,12854,3261,8846,14708,12714,21222,21776,22851,2246,150,23233,1,17:19
2024-25,1628467,Maxi Kleber,Maxi,1610612742,DAL,Dallas Mavericks,0022400406,2024-12-25T00:00:00,DAL vs. MIN,L,22.585,3.2,4.8,0.667,1.6,1.6,1.0,0.0,0.0,0.0,0.0,3.2,3.2,1.6,1.6,0.0,0.0,0.0,4.8,0.0,8.0,15.9,12.6,0,0,14.3,1,13222,1,13222,14044,19018,23623,3281,11693,20175,1,13505,14344,13505,14058,16127,19267,17670,12360,12854,8263,8846,5105,17725,19943,5272,23873,2246,150,23307,1,22:35
2024-25,1631212,Peyton Watson,Peyton,1610612743,DEN,Denver Nuggets,0022400409,2024-12-25T00:00:00,DEN @ PHX,L,24.283333333333335,0.0,4.4,0.0,0.0,4.4,0.0,3.0,3.0,1.0,1.5,3.0,4.4,3.0,0.0,0.0,1.5,0.0,3.0,1.5,3.0,-5.9,17.2,0,0,13.3,1,13222,1,13222,12662,22635,23833,22635,15070,14573,15070,7908,10053,1,10379,16838,16176,13038,16469,12854,4912,8846,10875,15072,22963,16029,22413,2246,150,23600,1,24:17
2024-25,1629216,Gabe Vincent,Gabe,1610612747,LAL,Los Angeles Lakers,0022400408,2024-12-25T00:00:00,LAL @ GSW,W,29.35,2.5,8.6,0.286,1.2,7.4,0.167,0.0,0.0,0.0,0.0,3.7,3.7,3.7,1.2,0.0,0.0,0.0,3.7,1.2,6.1,3.7,14.8,0,0,14.7,1,1,13086,1,8346,20547,19378,19630,13224,7707,14236,13505,14344,13505,14058,14707,18130,10846,14253,12854,8263,8846,8170,16261,21297,10821,23229,2246,150,23167,1,29:21
2024-25,1626220,Royce O'Neale,Royce,1610612756,PHX,Phoenix Suns,0022400409,2024-12-25T00:00:00,PHX vs. DEN,W,30.116666666666667,2.4,8.4,0.286,1.2,6.0,0.2,0.0,0.0,0.0,1.2,8.4,9.6,7.2,0.0,2.4,1.2,1.2,3.6,0.0,6.0,3.6,39.0,0,0,31.1,1,1,13086,1,7664,20693,19691,19630,13396,10751,13429,13505,14344,13505,11818,4195,5968,3803,16469,4726,6206,6296,8475,17725,21420,10861,8433,2246,150,13089,1,30:07
2024-25,1630170,Devin Vassell,Devin,1610612759,SAS,San Antonio Spurs,0022400405,2024-12-25T00:00:00,SAS @ NYK,L,35.72666666666667,4.0,11.1,0.364,1.0,4.0,0.25,2.0,2.0,1.0,2.0,1.0,3.0,5.0,4.0,0.0,1.0,1.0,1.0,2.0,11.1,-13.1,21.3,0,0,22.2,1,13222,1,13222,2884,17019,15221,16861,14502,15513,11902,10592,12680,1,8319,21957,19660,7385,3824,12854,7440,7854,19663,13009,17111,19165,20559,2246,150,19571,1,35:44
2024-25,1628436,Luke Kornet,Luke,1610612738,BOS,Boston Celtics,0022400407,2024-12-25T00:00:00,BOS vs. PHI,L,20.281666666666666,5.3,7.1,0.75,0.0,0.0,0.0,0.0,1.8,0.0,10.7,7.1,17.8,3.6,0.0,0.0,3.6,0.0,1.8,1.8,10.7,-1.8,47.9,0,0,39.1,1,13222,1,13222,15804,13481,21439,2107,15070,20945,15070,13505,13219,13505,330,6175,955,11250,16469,12854,1191,8846,16287,14021,17517,13910,4006,2246,150,7352,1,20:17
2024-25,1626166,Cameron Payne,Cameron,1610612752,NYK,New York Knicks,0022400405,2024-12-25T00:00:00,NYK vs. SAS,W,4.838333333333333,7.4,22.3,0.333,0.0,14.9,0.0,0.0,0.0,0.0,0.0,0.0,0.0,7.4,14.9,0.0,0.0,0.0,7.4,0.0,14.9,-74.4,11.2,0,0,22.3,1,1,13086,1,24065,7914,1667,17395,15070,722,15070,13505,14344,13505,14058,22137,23286,3470,117,12854,8263,8846,1685,17725,13034,25944,24206,2246,150,19470,1,4:50
2024-25,203932,Aaron Gordon,Aaron,1610612743,DEN,Denver Nuggets,0022400409,2024-12-25T00:00:00,DEN @ PHX,L,19.05,5.7,13.2,0.429,0.0,1.9,0.0,1.9,3.8,0.5,1.9,3.8,5.7,3.8,0.0,0.0,0.0,1.9,3.8,3.8,13.2,-1.9,25.7,0,0,22.7,1,13222,1,13222,16782,12509,11433,13735,15070,19757,15070,10989,8299,10625,8861,14390,13110,10563,16469,12854,8263,3591,7807,6908,14840,13972,17818,2246,150,19234,1,19:03
2024-25,203110,Draymond Green,Draymond,1610612744,GSW,Golden State Warriors,0022400408,2024-12-25T00:00:00,GSW vs. LAL,L,34.06666666666667,1.1,6.3,0.167,1.1,5.3,0.2,0.0,0.0,0.0,4.2,6.3,10.6,6.3,2.1,0.0,4.2,0.0,5.3,1.1,3.2,2.1,35.9,0,0,29.6,1,13222,1,13222,4190,22599,22275,21938,14212,12510,13429,13505,14344,13505,3277,7616,4845,4959,9938,12854,802,8846,4053,17145,22903,11561,10411,2246,150,14268,1,34:04
2024-25,203471,Dennis Schröder,Dennis,1610612744,GSW,Golden State Warriors,0022400408,2024-12-25T00:00:00,GSW vs. LAL,L,28.35,3.8,12.7,0.3,3.8,7.6,0.5,2.5,2.5,1.0,0.0,2.5,2.5,6.3,1.3,1.3,0.0,2.5,5.1,3.8,14.0,5.1,29.1,0,0,29.2,1,13222,1,13222,9255,17539,12390,19363,4414,7142,3944,8935,11103,1,14058,18083,20728,4931,13969,9651,8263,1971,4428,6824,13971,10068,15431,2246,150,14541,1,28:21
2024-25,1631218,Trayce Jackson-Davis,Trayce,1610612744,GSW,Golden State Warriors,0022400408,2024-12-25T00:00:00,GSW vs. LAL,L,26.116666666666667,6.9,9.6,0.714,0.0,0.0,0.0,1.4,4.1,0.333,4.1,8.3,12.4,5.5,2.8,0.0,2.8,0.0,1.4,2.8,15.2,15.2,43.8,0,0,38.6,1,13222,1,13222,11073,9184,17677,2752,15070,20945,15070,12074,7558,13132,3388,4323,3189,6400,7352,12854,2011,8846,17710,10118,12747,5559,5748,2246,150,7645,1,26:07
2024-25,203486,Mason Plumlee,Mason,1610612756,PHX,Phoenix Suns,0022400409,2024-12-25T00:00:00,PHX vs. DEN,W,12.533333333333333,2.9,2.9,1.0,0.0,0.0,0.0,2.9,2.9,1.0,0.0,11.5,11.5,2.9,5.7,0.0,0.0,0.0,8.6,5.7,8.6,8.6,21.0,0,0,23.0,1,1,13086,1,20972,19728,24532,1,15070,20945,15070,8161,10303,1,14058,1635,3955,13367,1610,12854,8263,8846,1090,2976,19418,8351,20708,2246,150,19033,1,12:32
2024-25,1626157,Karl-Anthony Towns,Karl-Anthony,1610612752,NYK,New York Knicks,0022400405,2024-12-25T00:00:00,NYK vs. SAS,W,29.56,11.0,19.5,0.563,1.2,6.1,0.2,2.4,2.4,1.0,2.4,8.5,11.0,2.4,1.2,0.0,0.0,0.0,6.1,1.2,25.6,-15.8,41.2,0,0,40.2,1,1,13086,1,8178,2293,3357,7127,13272,10466,13429,9227,11373,1,6819,4026,4446,14753,14306,12854,8263,8846,2833,16310,3890,20207,7074,2246,150,6680,1,29:34
2024-25,203076,Anthony Davis,Anthony,1610612747,LAL,Los Angeles Lakers,0022400408,2024-12-25T00:00:00,LAL @ GSW,W,7.2,0.0,15.0,0.0,0.0,0.0,0.0,0.0,0.0,0.0,5.0,5.0,10.0,0.0,0.0,5.0,0.0,5.0,0.0,0.0,0.0,-35.0,27.0,0,0,20.0,1,1,13086,1,23096,22635,8606,22635,15070,20945,15070,13505,14344,13505,2381,10880,5429,19908,16469,901,8263,371,20257,17725,23200,24404,16937,2246,150,20849,1,7:12
2024-25,1629640,Keldon Johnson,Keldon,1610612759,SAS,San Antonio Spurs,0022400405,2024-12-25T00:00:00,SAS @ NYK,L,17.705,2.0,4.1,0.5,0.0,0.0,0.0,0.0,0.0,0.0,2.0,4.1,6.1,2.0,0.0,0.0,0.0,0.0,6.1,0.0,4.1,10.2,14.4,0,0,12.2,1,13222,1,13222,17778,21341,24063,8526,15070,20945,15070,13505,14344,13505,8243,13524,12057,16250,16469,12854,8263,8846,2822,17725,22524,7615,23352,2246,150,23940,1,17:42
2024-25,1630202,Payton Pritchard,Payton,1610612738,BOS,Boston Celtics,0022400407,2024-12-25T00:00:00,BOS vs. PHI,L,33.233333333333334,1.1,9.7,0.111,0.0,8.7,0.0,2.2,2.2,1.0,2.2,1.1,3.2,5.4,1.1,0.0,0.0,0.0,2.2,2.2,4.3,-13.0,15.3,0,0,13.0,1,13222,1,13222,4963,22585,17473,22520,15070,5315,15070,10060,12189,1,7698,21794,19105,6597,15248,12854,8263,8846,14263,12305,22381,19129,23095,2246,150,23717,1,33:14
2024-25,1629675,Naz Reid,Naz,1610612750,MIN,Minnesota Timberwolves,0022400406,2024-12-25T00:00:00,MIN @ DAL,W,21.95,4.9,9.8,0.5,0.0,0.0,0.0,0.0,0.0,0.0,0.0,3.3,3.3,3.3,1.6,1.6,0.0,1.6,1.6,0.0,9.8,-4.9,22.0,0,0,19.7,1,1,13086,1,14538,14631,17332,8526,15070,20945,15070,13505,14344,13505,14058,15850,19039,12050,12182,7853,8263,4336,16749,17725,18320,15541,20160,2246,150,21047,1,21:57
2024-25,1641775,Jordan Walsh,Jordan,1610612738,BOS,Boston Celtics,0022400407,2024-12-25T00:00:00,BOS vs. PHI,L,0.9166666666666666,0.0,0.0,0.0,0.0,0.0,0.0,0.0,0.0,0.0,0.0,0.0,0.0,0.0,0.0,0.0,0.0,0.0,0.0,0.0,0.0,-78.5,0.0,0,0,0.0,1,13222,1,13222,26081,22635,24836,22635,15070,20945,15070,13505,14344,13505,14058,22137,23286,19908,16469,12854,8263,8846,20257,17725,23200,25988,25228,2246,150,25259,1,0:55
2024-25,1626145,Tyus Jones,Tyus,1610612756,PHX,Phoenix Suns,0022400409,2024-12-25T00:00:00,PHX vs. DEN,W,30.383333333333333,8.3,10.7,0.778,3.6,5.9,0.6,0.0,0.0,0.0,0.0,3.6,3.6,4.7,1.2,1.2,0.0,0.0,1.2,0.0,20.1,2.4,33.9,0,0,34.4,1,1,13086,1,7425,5994,15954,1994,5018,10874,2992,13505,14344,13505,14058,15074,18436,8079,14550,10306,8263,8846,18624,17725,7800,11428,11899,2246,150,10560,1,30:23
2024-25,1629656,Quentin Grimes,Quentin,1610612742,DAL,Dallas Mavericks,0022400406,2024-12-25T00:00:00,DAL vs. MIN,L,24.293333333333333,5.9,13.3,0.444,3.0,7.4,0.4,0.0,0.0,0.0,4.4,5.9,10.4,3.0,0.0,0.0,1.5,0.0,1.5,1.5,14.8,-14.8,36.2,0,0,34.1,1,13222,1,13222,12660,11719,11233,13045,6639,7595,7874,13505,14344,13505,2989,8488,5036,13045,16469,12854,4915,8846,17292,15076,13098,19835,10259,2246,150,10788,1,24:18
2024-25,1627759,Jaylen Brown,Jaylen,1610612738,BOS,Boston Celtics,0022400407,2024-12-25T00:00:00,BOS vs. PHI,L,42.833333333333336,8.4,19.3,0.435,2.5,5.0,0.5,0.0,2.5,0.0,0.8,5.0,5.9,3.4,4.2,1.7,0.0,3.4,3.4,4.2,19.3,-0.8,32.3,0,0,34.5,1,13222,1,13222,165,5787,3475,13702,8075,13097,3944,13505,11155,13505,14013,10749,12558,11785,3494,7682,8263,1020,9212,5832,8523,13454,13106,2246,150,10482,1,42:50
2024-25,1631132,Christian Koloko,Christian,1610612747,LAL,Los Angeles Lakers,0022400408,2024-12-25T00:00:00,LAL @ GSW,W,8.9,4.0,4.0,1.0,0.0,0.0,0.0,0.0,0.0,0.0,16.2,8.1,24.3,0.0,4.0,0.0,4.0,0.0,0.0,0.0,8.1,28.3,45.3,0,0,40.4,1,1,13086,1,22489,16984,24079,1,15070,20945,15070,13505,14344,13505,105,4575,214,19908,3789,12854,891,8846,20257,17725,19838,2209,5036,2246,150,6519,1,8:54
2024-25,201144,Mike Conley,Mike,1610612750,MIN,Minnesota Timberwolves,0022400406,2024-12-25T00:00:00,MIN @ DAL,W,25.656666666666666,5.6,12.6,0.444,1.4,7.0,0.2,1.4,1.4,1.0,0.0,2.8,2.8,4.2,0.0,1.4,0.0,0.0,2.8,1.4,14.0,1.4,27.9,0,0,25.3,1,1,13086,1,11445,12671,12518,13045,12443,8432,13429,12014,13590,1,14058,17384,20242,9364,16469,8884,8263,8846,11621,15442,13901,11915,16282,2246,150,17471,1,25:39
2024-25,1630173,Precious Achiuwa,Precious,1610612752,NYK,New York Knicks,0022400405,2024-12-25T00:00:00,NYK vs. SAS,W,20.278333333333332,3.6,8.9,0.4,1.8,5.3,0.333,0.0,0.0,0.0,7.1,10.7,17.8,1.8,0.0,1.8,1.8,0.0,0.0,0.0,8.9,24.9,43.5,0,0,37.3,1,1,13086,1,15805,18206,18901,14933,11168,12402,9209,13505,14344,13505,1103,2117,954,17155,16469,7354,4113,8846,20257,17725,19195,2849,5888,2246,150,8520,1,20:17
2024-25,1630228,Jonathan Kuminga,Jonathan,1610612744,GSW,Golden State Warriors,0022400408,2024-12-25T00:00:00,GSW vs. LAL,L,27.683333333333334,5.2,13.0,0.4,0.0,5.2,0.0,7.8,10.4,0.75,0.0,7.8,7.8,0.0,1.3,1.3,0.0,0.0,1.3,5.2,18.2,-22.1,30.2,0,0,28.6,1,13222,1,13222,9805,13811,11846,14933,15070,12698,15070,1506,1219,8186,14058,5005,8612,19908,13794,9448,8263,8846,18026,3772,9620,22094,14683,2246,150,14978,1,27:41
2024-25,202691,Klay Thompson,Klay,1610612742,DAL,Dallas Mavericks,0022400406,2024-12-25T00:00:00,DAL vs. MIN,L,28.583333333333332,5.0,15.1,0.333,5.0,12.6,0.4,0.0,0.0,0.0,0.0,5.0,5.0,1.3,2.5,2.5,2.5,0.0,0.0,0.0,15.1,2.5,35.6,0,0,36.5,1,13222,1,13222,9046,14276,8404,17395,2223,1478,7874,13505,14344,13505,14058,10765,14707,18801,8162,4329,2339,8846,20257,17725,12794,11357,10619,2246,150,9031,1,28:35
2024-25,201566,Russell Westbrook,Russell,1610612743,DEN,Denver Nuggets,0022400409,2024-12-25T00:00:00,DEN @ PHX,L,27.166666666666668,8.0,15.9,0.5,1.3,5.3,0.25,5.3,9.3,0.571,1.3,6.6,8.0,2.7,5.3,1.3,0.0,0.0,1.3,5.3,22.5,4.0,34.7,0,0,37.1,1,13222,1,13222,10216,6732,7263,8526,12749,12461,11902,3652,1727,10536,11072,7040,8363,14042,2001,9317,8263,8846,17925,3629,5838,10665,11271,2246,150,8646,1,27:10
2024-25,200768,Kyle Lowry,Kyle,1610612755,PHI,Philadelphia 76ers,0022400407,2024-12-25T00:00:00,PHI @ BOS,W,20.55,3.5,7.0,0.5,1.8,3.5,0.5,0.0,0.0,0.0,0.0,5.3,5.3,5.3,0.0,0.0,1.8,1.8,7.0,1.8,8.8,35.0,28.2,0,0,24.5,1,1,13086,1,15607,18319,21552,8526,11248,16644,3944,13505,14344,13505,14058,10144,14147,6927,16469,12854,4163,4024,1974,14107,19299,1396,16069,2246,150,17989,1,20:33
2024-25,1631108,Max Christie,Max,1610612747,LAL,Los Angeles Lakers,0022400408,2024-12-25T00:00:00,LAL @ GSW,W,34.016666666666666,5.3,13.8,0.385,2.1,8.5,0.25,4.2,4.2,1.0,0.0,4.2,4.2,2.1,1.1,0.0,0.0,2.1,2.1,2.1,16.9,-8.5,24.1,0,0,25.4,1,1,13086,1,4244,13556,10554,16070,9612,5646,11902,5287,7351,1,14058,13022,16724,15941,15433,12854,8263,2873,14531,12538,10924,17169,18855,2246,150,17359,1,34:01
2024-25,203994,Jusuf Nurkić,Jusuf,1610612756,PHX,Phoenix Suns,0022400409,2024-12-25T00:00:00,PHX vs. DEN,W,29.933333333333334,3.6,7.2,0.5,1.2,4.8,0.25,1.2,2.4,0.5,3.6,12.0,15.6,7.2,1.2,0.0,0.0,0.0,2.4,1.2,9.6,6.0,38.0,0,0,33.7,1,1,13086,1,7840,18067,21301,8526,13346,13669,11902,12578,11472,10625,4197,1338,1545,3734,14421,12854,8263,8846,13173,16384,18520,9606,9024,2246,150,11096,1,29:56
2024-25,1628978,Donte DiVincenzo,Donte,1610612750,MIN,Minnesota Timberwolves,0022400406,2024-12-25T00:00:00,MIN @ DAL,W,24.69333333333333,5.8,14.6,0.4,4.4,10.2,0.429,0.0,0.0,0.0,0.0,4.4,4.4,1.5,1.5,0.0,0.0,2.9,1.5,2.9,16.0,0.0,22.0,0,0,26.2,1,1,13086,1,12286,12020,9237,14933,3276,3265,7394,13505,14344,13505,14058,12590,16350,18147,12967,12854,8263,1438,17409,9542,11887,12240,20137,2246,150,16762,1,24:42
2024-25,203944,Julius Randle,Julius,1610612750,MIN,Minnesota Timberwolves,0022400406,2024-12-25T00:00:00,MIN @ DAL,W,34.233333333333334,6.3,13.7,0.462,3.2,5.3,0.6,8.4,10.5,0.8,2.1,8.4,10.5,8.4,3.2,0.0,0.0,2.1,2.1,5.3,24.2,5.3,46.3,1,0,46.3,1,1,13086,1,4072,10676,10690,12428,6076,12571,2992,1221,1183,7681,7937,4147,4893,2496,5961,12854,8263,2914,14599,3690,4686,9976,4636,1,150,3722,1,34:14
2024-25,1642346,Ryan Dunn,Ryan,1610612756,PHX,Phoenix Suns,0022400409,2024-12-25T00:00:00,PHX vs. DEN,W,20.85,3.5,5.2,0.667,1.7,3.5,0.5,0.0,0.0,0.0,3.5,1.7,5.2,1.7,0.0,0.0,0.0,0.0,1.7,0.0,8.6,5.2,17.4,0,0,17.3,1,1,13086,1,15397,18417,23335,3281,11320,16752,3944,13505,14344,13505,4449,20406,14314,17289,16469,12854,8263,8846,16440,17725,19398,10014,22317,2246,150,22185,1,20:51
2024-25,204001,Kristaps Porziņģis,Kristaps,1610612738,BOS,Boston Celtics,0022400407,2024-12-25T00:00:00,BOS vs. PHI,L,13.235,8.2,21.8,0.375,8.2,16.3,0.5,0.0,0.0,0.0,0.0,5.4,5.4,8.2,0.0,0.0,0.0,0.0,2.7,2.7,24.5,-35.4,43.2,0,0,46.2,1,13222,1,13222,20638,6288,1919,16299,419,477,3944,13505,14344,13505,14058,9697,13701,2734,16469,12854,8263,8846,11953,10260,4501,24456,6014,2246,150,3734,1,13:14
2024-25,1629006,Josh Okogie,Josh,1610612756,PHX,Phoenix Suns,0022400409,2024-12-25T00:00:00,PHX vs. DEN,W,16.933333333333334,6.4,12.8,0.5,2.1,6.4,0.333,0.0,0.0,0.0,4.3,0.0,4.3,0.0,0.0,2.1,0.0,0.0,0.0,0.0,14.9,19.1,26.4,0,0,25.5,1,1,13086,1,18290,10496,12284,8526,9569,9803,9209,13505,14344,13505,3243,22137,16677,19908,16469,5675,8263,8846,20257,17725,13033,4216,17375,2246,150,17272,1,16:56
2024-25,1630230,Naji Marshall,Naji,1610612742,DAL,Dallas Mavericks,0022400406,2024-12-25T00:00:00,DAL vs. MIN,L,13.716666666666667,2.6,7.9,0.333,0.0,0.0,0.0,5.2,5.2,1.0,0.0,5.2,5.2,0.0,2.6,0.0,0.0,0.0,2.6,2.6,10.5,-18.4,14.2,0,0,15.7,1,13222,1,13222,20351,20236,20448,17395,15070,20945,15070,3706,5528,1,14058,10162,14162,19908,7787,12854,8263,8846,12345,10567,17663,21036,23441,2246,150,22810,1,13:43
2024-25,1628404,Josh Hart,Josh,1610612752,NYK,New York Knicks,0022400405,2024-12-25T00:00:00,NYK vs. SAS,W,38.45666666666666,3.7,7.5,0.5,0.9,2.8,0.333,2.8,3.7,0.75,4.7,6.6,11.2,5.6,0.9,1.9,0.0,0.9,3.7,2.8,11.2,-0.9,37.8,1,0,32.8,1,1,13086,1,1134,17724,20941,8526,14849,18045,9209,8330,8384,8186,2703,7196,4212,6220,16221,6908,8263,8449,7928,9940,16969,13488,9148,1,150,11827,1,38:27
2024-25,1631110,Jeremy Sochan,Jeremy,1610612759,SAS,San Antonio Spurs,0022400405,2024-12-25T00:00:00,SAS @ NYK,L,33.471666666666664,8.6,10.8,0.8,3.2,3.2,1.0,2.2,2.2,1.0,2.2,7.5,9.7,2.2,5.4,0.0,0.0,0.0,4.3,1.1,22.6,-12.9,32.1,0,0,37.6,1,13222,1,13222,4758,5438,15772,1688,5879,17219,1,10124,12250,1,7753,5443,5828,15816,1922,12854,8263,8846,6284,17028,5789,19094,13288,2246,150,8255,1,33:28
2024-25,1629674,Neemias Queta,Neemias,1610612738,BOS,Boston Celtics,0022400407,2024-12-25T00:00:00,BOS vs. PHI,L,7.883333333333334,4.6,9.1,0.5,0.0,0.0,0.0,0.0,0.0,0.0,4.6,18.3,22.8,0.0,0.0,0.0,0.0,0.0,4.6,4.6,9.1,-4.6,36.5,0,0,32.0,1,13222,1,13222,22842,15576,18504,8526,15070,20945,15070,13505,14344,13505,2846,240,274,19908,16469,12854,8263,8846,5625,5007,18957,15353,10011,2246,150,12416,1,7:53
2024-25,1631128,Christian Braun,Christian,1610612743,DEN,Denver Nuggets,0022400409,2024-12-25T00:00:00,DEN @ PHX,L,28.116666666666667,2.6,9.0,0.286,0.0,2.6,0.0,1.3,2.6,0.5,3.8,2.6,6.4,3.8,1.3,0.0,0.0,1.3,3.8,1.3,6.4,-12.8,18.6,0,0,16.6,1,13222,1,13222,9444,20350,18775,19630,15070,18519,15070,12352,11066,10625,3820,18032,11393,10388,13908,12854,8263,5754,7625,15988,21121,19054,21857,2246,150,22451,1,28:07
2024-25,1629008,Michael Porter Jr.,Michael,1610612743,DEN,Denver Nuggets,0022400409,2024-12-25T00:00:00,DEN @ PHX,L,36.666666666666664,6.9,13.7,0.5,2.9,7.9,0.375,4.9,6.9,0.714,2.0,2.0,3.9,2.0,4.9,0.0,1.0,1.0,2.0,2.9,21.6,-3.9,27.3,0,0,32.4,1,13222,1,13222,2230,9239,10579,8526,6702,6698,8800,4177,3503,9244,8555,19782,17496,16499,2454,12854,7597,8073,15337,9437,6543,15025,16748,2246,150,12062,1,36:40
2024-25,1627741,Buddy Hield,Buddy,1610612744,GSW,Golden State Warriors,0022400408,2024-12-25T00:00:00,GSW vs. LAL,L,17.45,4.1,12.4,0.333,2.1,10.3,0.2,0.0,0.0,0.0,0.0,0.0,0.0,0.0,2.1,0.0,2.1,0.0,4.1,0.0,10.3,-8.3,14.4,0,0,16.5,1,13222,1,13222,17959,16781,12930,17395,9850,3140,13429,13505,14344,13505,14058,22137,23286,19908,10193,12854,3308,8846,6749,17725,17845,17076,23350,2246,150,22505,1,17:27
2024-25,203999,Nikola Jokić,Nikola,1610612743,DEN,Denver Nuggets,0022400409,2024-12-25T00:00:00,DEN @ PHX,L,37.8,9.5,18.1,0.526,1.9,6.7,0.286,2.9,3.8,0.75,4.8,9.5,14.3,1.9,1.9,1.9,0.0,1.0,1.0,3.8,23.8,-2.9,47.6,1,0,45.7,1,13222,1,13222,1509,3844,4568,8379,10612,9170,11433,8193,8221,8186,2606,2983,2107,16734,11012,6737,8263,8319,19954,6821,4933,14489,4104,1,150,3926,1,37:48
2024-25,201143,Al Horford,Al,1610612738,BOS,Boston Celtics,0022400407,2024-12-25T00:00:00,BOS vs. PHI,L,33.4,6.5,14.0,0.462,5.4,10.8,0.5,0.0,0.0,0.0,0.0,4.3,4.3,2.2,0.0,0.0,1.1,0.0,3.2,0.0,18.3,23.7,30.0,0,0,32.3,1,13222,1,13222,4812,10270,10156,12428,1859,2695,3944,13505,14344,13505,14058,12760,16501,15792,16469,12854,6926,8846,9723,17725,9499,3099,14821,2246,150,12118,1,33:24
2024-25,1630162,Anthony Edwards,Anthony,1610612750,MIN,Minnesota Timberwolves,0022400406,2024-12-25T00:00:00,MIN @ DAL,W,39.21666666666667,10.1,22.0,0.458,3.7,6.4,0.571,0.0,0.0,0.0,0.9,6.4,7.3,4.6,3.7,1.8,0.9,1.8,0.0,2.8,23.9,7.3,44.2,0,0,45.0,1,1,13086,1,808,3113,1812,12650,4754,9700,3506,13505,14344,13505,13833,7451,9489,8437,4623,7096,8013,3781,20257,10135,4896,8966,5601,2246,150,4281,1,39:13
2024-25,1641764,Brandin Podziemski,Brandin,1610612744,GSW,Golden State Warriors,0022400408,2024-12-25T00:00:00,GSW vs. LAL,L,24.15,3.0,7.5,0.4,3.0,4.5,0.667,0.0,0.0,0.0,0.0,4.5,4.5,1.5,1.5,0.0,0.0,0.0,0.0,0.0,8.9,3.0,15.1,0,0,17.9,1,13222,1,13222,12762,19470,20994,14933,6585,14513,1957,13505,14344,13505,14058,12328,16115,18014,12789,12854,8263,8846,20257,17725,19136,11132,23162,2246,150,21920,1,24:09
2024-25,203915,Spencer Dinwiddie,Spencer,1610612742,DAL,Dallas Mavericks,0022400406,2024-12-25T00:00:00,DAL vs. MIN,L,14.133333333333333,0.0,17.8,0.0,0.0,10.2,0.0,5.1,5.1,1.0,0.0,2.5,2.5,5.1,0.0,2.5,0.0,0.0,0.0,2.5,5.1,-22.9,23.4,0,0,17.8,1,13222,1,13222,20122,22635,4880,22635,15070,3286,15070,3896,5766,1,14058,18064,20711,7260,16469,4265,8263,8846,20257,10811,21956,22313,19291,2246,150,21942,1,14:08
2024-25,1629023,P.J. Washington,P.J.,1610612742,DAL,Dallas Mavericks,0022400406,2024-12-25T00:00:00,DAL vs. MIN,L,40.20666666666666,2.7,7.2,0.375,0.9,3.6,0.25,0.0,0.0,0.0,1.8,4.5,6.3,1.8,0.9,0.9,0.9,0.0,0.9,0.0,6.3,-2.7,21.0,0,0,18.8,1,13222,1,13222,513,20119,21368,16299,14973,16485,11902,13505,14344,13505,9278,12319,11683,17111,16359,12686,8107,8846,20157,17725,21201,14395,20714,2246,150,21478,1,40:12
2024-25,1631124,Julian Strawther,Julian,1610612743,DEN,Denver Nuggets,0022400409,2024-12-25T00:00:00,DEN @ PHX,L,17.616666666666667,4.1,8.2,0.5,2.0,4.1,0.5,0.0,0.0,0.0,2.0,2.0,4.1,2.0,0.0,0.0,0.0,0.0,6.1,0.0,10.2,-16.3,18.2,0,0,18.4,1,13222,1,13222,17847,16872,19983,8526,9946,15379,3944,13505,14344,13505,8190,19519,17105,16214,16469,12854,8263,8846,2789,17725,17932,20395,22010,2246,150,21672,1,17:37
2024-25,1629629,Cam Reddish,Cam,1610612747,LAL,Los Angeles Lakers,0022400408,2024-12-25T00:00:00,LAL @ GSW,W,22.5,3.2,6.4,0.5,0.0,3.2,0.0,0.0,0.0,0.0,1.6,0.0,1.6,3.2,1.6,3.2,0.0,0.0,3.2,1.6,6.4,11.2,21.1,0,0,17.6,1,1,13086,1,14100,18998,22212,8526,15070,17269,15070,13505,14344,13505,9921,22137,22440,12310,12335,2743,8263,8846,9863,14634,21123,7137,20625,2246,150,22038,1,22:30
2024-25,1642264,Stephon Castle,Stephon,1610612759,SAS,San Antonio Spurs,0022400405,2024-12-25T00:00:00,SAS @ NYK,L,16.883333333333333,4.3,14.9,0.286,0.0,2.1,0.0,4.3,8.5,0.5,0.0,4.3,4.3,6.4,0.0,0.0,0.0,4.3,2.1,4.3,12.8,-8.5,27.5,0,0,23.5,1,13222,1,13222,18330,16413,8718,19630,15070,19307,15070,5230,2170,10625,14058,12918,16628,4858,16469,12854,8263,559,14448,5687,15296,17198,16574,2246,150,18697,1,16:53
2024-25,1627750,Jamal Murray,Jamal,1610612743,DEN,Denver Nuggets,0022400409,2024-12-25T00:00:00,DEN @ PHX,L,39.1,3.7,9.2,0.4,0.9,1.8,0.5,3.7,3.7,1.0,0.0,5.5,5.5,5.5,3.7,0.0,0.0,0.0,0.9,1.8,12.0,-14.7,23.2,0,0,23.9,1,13222,1,13222,842,17884,18394,14933,14897,19849,3944,6322,8513,1,14058,9463,13475,6378,4595,12854,8263,8846,20091,13768,16172,19800,19434,2246,150,18373,1,39:06
2024-25,1630573,Sam Hauser,Sam,1610612738,BOS,Boston Celtics,0022400407,2024-12-25T00:00:00,BOS vs. PHI,L,13.45,0.0,2.7,0.0,0.0,2.7,0.0,0.0,0.0,0.0,2.7,2.7,5.4,0.0,0.0,0.0,0.0,0.0,2.7,0.0,0.0,-32.1,6.4,0,0,5.4,1,13222,1,13222,20511,22635,24596,22635,15070,18300,15070,13505,14344,13505,6154,17754,13911,19908,16469,12854,8263,8846,12134,17725,23200,24049,24871,2246,150,25074,1,13:27
2024-25,1628384,OG Anunoby,OG,1610612752,NYK,New York Knicks,0022400405,2024-12-25T00:00:00,NYK vs. SAS,W,35.655,3.0,10.1,0.3,2.0,6.1,0.333,0.0,0.0,0.0,3.0,2.0,5.0,1.0,0.0,1.0,0.0,2.0,2.0,0.0,8.1,13.1,18.7,0,0,18.2,1,1,13086,1,2943,19363,16896,19363,10073,10550,9209,13505,14344,13505,5271,19597,14674,19650,16469,11867,8263,3164,15033,17725,19859,6333,21806,2246,150,21787,1,35:39
2024-25,1626172,Kevon Looney,Kevon,1610612744,GSW,Golden State Warriors,0022400408,2024-12-25T00:00:00,GSW vs. LAL,L,4.8,0.0,0.0,0.0,0.0,0.0,0.0,0.0,0.0,0.0,0.0,0.0,0.0,7.5,0.0,0.0,0.0,0.0,0.0,0.0,0.0,-52.5,11.3,0,0,7.5,1,13222,1,13222,24089,22635,24836,22635,15070,20945,15070,13505,14344,13505,14058,22137,23286,3400,16469,12854,8263,8846,20257,17725,23200,25485,24188,2246,150,24834,1,4:48
2024-25,1642345,Oso Ighodaro,Oso,1610612756,PHX,Phoenix Suns,0022400409,2024-12-25T00:00:00,PHX vs. DEN,W,5.533333333333333,0.0,6.5,0.0,0.0,0.0,0.0,0.0,0.0,0.0,0.0,6.5,6.5,0.0,0.0,0.0,0.0,0.0,0.0,0.0,0.0,13.0,7.8,0,0,6.5,1,1,13086,1,23768,22635,22103,22635,15070,20945,15070,13505,14344,13505,14058,7288,11158,19908,16469,12854,8263,8846,20257,17725,23200,6389,24722,2246,150,24943,1,5:32
2024-25,1626162,Kelly Oubre Jr.,Kelly,1610612755,PHI,Philadelphia 76ers,0022400407,2024-12-25T00:00:00,PHI @ BOS,W,38.483333333333334,1.9,5.6,0.333,0.0,1.9,0.0,0.0,0.0,0.0,0.0,7.5,7.5,1.9,0.0,0.9,1.9,0.9,0.9,0.0,3.7,-9.4,23.9,0,0,18.7,1,1,13086,1,1114,21627,22985,17395,15070,19792,15070,13505,14344,13505,14058,5528,9200,16853,16469,12471,3859,8453,20050,17725,22670,17609,18991,2246,150,21531,1,38:29
2024-25,1630540,Miles McBride,Miles,1610612752,NYK,New York Knicks,0022400405,2024-12-25T00:00:00,NYK vs. SAS,W,29.783333333333335,2.4,12.1,0.2,2.4,7.3,0.333,2.4,2.4,1.0,1.2,2.4,3.6,2.4,0.0,0.0,0.0,0.0,1.2,1.2,9.7,0.0,17.6,0,0,18.1,1,1,13086,1,7977,20625,13441,21401,8424,7932,9209,9284,11430,1,11733,18434,18262,14819,16469,12854,8263,8846,18487,16356,18470,12240,22239,2246,150,21805,1,29:47
2024-25,1629655,Daniel Gafford,Daniel,1610612742,DAL,Dallas Mavericks,0022400406,2024-12-25T00:00:00,DAL vs. MIN,L,12.95,0.0,5.6,0.0,0.0,0.0,0.0,0.0,0.0,0.0,0.0,0.0,0.0,0.0,0.0,0.0,2.8,2.8,5.6,2.8,0.0,-25.0,8.3,0,0,5.6,1,13222,1,13222,20763,22635,23036,22635,15070,20945,15070,13505,14344,13505,14058,22137,23286,19908,16469,12854,1982,1624,3611,10035,23200,22809,24653,2246,150,25050,1,12:57
2024-25,1629060,Rui Hachimura,Rui,1610612747,LAL,Los Angeles Lakers,0022400408,2024-12-25T00:00:00,LAL @ GSW,W,39.1,5.5,11.0,0.5,4.6,6.4,0.714,0.9,0.9,1.0,0.9,2.8,3.7,0.9,0.9,0.0,0.9,0.9,3.7,2.8,16.6,-4.6,24.2,0,0,27.6,1,1,13086,1,842,12922,15283,8526,2882,9662,1861,13427,14299,1,13827,17523,18116,19843,16281,12854,8001,8555,8155,10094,11308,15372,18796,2246,150,15701,1,39:06
2024-25,1627824,Guerschon Yabusele,Guerschon,1610612755,PHI,Philadelphia 76ers,0022400407,2024-12-25T00:00:00,PHI @ BOS,W,21.298333333333332,6.8,15.2,0.444,3.4,6.8,0.5,3.4,3.4,1.0,1.7,5.1,6.8,1.7,0.0,1.7,0.0,1.7,5.1,3.4,20.3,30.4,36.0,0,0,35.5,1,1,13086,1,15076,9525,8226,13045,5432,8984,3944,6935,9139,1,9612,10662,10612,17397,16469,7649,8263,4173,4445,8013,7671,1908,10363,2246,150,9732,1,21:18
2024-25,1631169,Josh Minott,Josh,1610612750,MIN,Minnesota Timberwolves,0022400406,2024-12-25T00:00:00,MIN @ DAL,W,5.21,6.9,20.7,0.333,0.0,13.8,0.0,0.0,0.0,0.0,0.0,13.8,13.8,0.0,0.0,0.0,6.9,0.0,0.0,0.0,13.8,41.5,51.1,0,0,41.5,1,1,13086,1,23909,9143,2501,17395,15070,985,15070,13505,14344,13505,14058,801,2325,19908,16469,12854,210,8846,20257,17725,14130,877,2953,2246,150,5943,1,5:13
2024-25,203497,Rudy Gobert,Rudy,1610612750,MIN,Minnesota Timberwolves,0022400406,2024-12-25T00:00:00,MIN @ DAL,W,39.43,5.5,6.4,0.857,0.0,0.0,0.0,1.8,1.8,1.0,1.8,7.3,9.1,0.0,0.9,0.9,1.8,0.0,2.7,1.8,12.8,7.3,31.0,1,0,27.4,1,1,13086,1,738,13041,22219,1412,15070,20945,15070,11179,13157,1,9144,5824,6540,19908,16309,12605,3994,8846,11887,13825,15309,8983,14028,1,150,15875,1,39:26
2024-25,1642261,Dalton Knecht,Dalton,1610612747,LAL,Los Angeles Lakers,0022400408,2024-12-25T00:00:00,LAL @ GSW,W,25.3,7.1,12.8,0.556,1.4,7.1,0.2,2.8,2.8,1.0,2.8,7.1,10.0,2.8,0.0,0.0,1.4,0.0,0.0,2.8,18.5,18.5,39.0,0,0,35.6,1,1,13086,1,11743,8666,12194,7248,12357,8226,13429,8227,10371,1,5744,6146,5476,13455,16469,12854,5139,8846,20257,9793,9323,4411,8419,2246,150,9679,1,25:18
2024-25,1628973,Jalen Brunson,Jalen,1610612752,NYK,New York Knicks,0022400405,2024-12-25T00:00:00,NYK vs. SAS,W,38.178333333333335,6.6,21.7,0.304,0.0,4.7,0.0,5.7,6.6,0.857,0.9,5.7,6.6,8.5,0.9,0.9,0.0,2.8,1.9,8.5,18.9,3.8,41.4,0,0,35.8,1,1,13086,1,1287,9925,1951,19355,15070,13921,15070,3243,3770,7071,13702,9149,10944,2433,16179,12419,8263,1557,15762,837,8986,10768,6933,2246,150,9497,1,38:11
2024-25,1628997,Caleb Martin,Caleb,1610612755,PHI,Philadelphia 76ers,0022400407,2024-12-25T00:00:00,PHI @ BOS,W,37.718333333333334,7.6,10.5,0.727,6.7,8.6,0.778,0.0,0.0,0.0,1.0,1.9,2.9,1.9,0.0,1.0,0.0,0.0,2.9,1.0,22.0,7.6,31.1,0,0,35.3,1,1,13086,1,1556,7426,16218,2666,904,5436,1530,13505,14344,13505,13612,19949,20092,16719,16469,12315,8263,8846,11350,17534,6256,8811,13980,2246,150,9866,1,37:43
2024-25,203952,Andrew Wiggins,Andrew,1610612744,GSW,Golden State Warriors,0022400408,2024-12-25T00:00:00,GSW vs. LAL,L,35.233333333333334,8.2,19.4,0.421,3.1,7.2,0.429,2.0,2.0,1.0,5.1,7.2,12.3,3.1,0.0,0.0,1.0,2.0,1.0,2.0,21.5,4.1,43.8,1,0,41.9,1,13222,1,13222,3286,6258,3410,14442,6309,8136,7394,10481,12594,1,2278,6087,3297,12709,16469,12854,7333,3083,19564,12864,6684,10598,5749,1,150,5708,1,35:14
2024-25,1630577,Julian Champagnie,Julian,1610612759,SAS,San Antonio Spurs,0022400405,2024-12-25T00:00:00,SAS @ NYK,L,25.883333333333333,4.2,9.7,0.429,4.2,9.7,0.429,0.0,0.0,0.0,0.0,2.8,2.8,1.4,0.0,0.0,0.0,0.0,2.8,0.0,12.5,-5.6,17.9,0,0,20.9,1,13222,1,13222,11254,16669,17502,13735,3628,3796,7394,13505,14344,13505,14058,17457,20294,18371,16469,12854,8263,8846,11719,17725,15578,15863,22120,2246,150,20362,1,25:53
2024-25,1630200,Tre Jones,Tre,1610612759,SAS,San Antonio Spurs,0022400405,2024-12-25T00:00:00,SAS @ NYK,L,16.216666666666665,6.7,8.9,0.75,0.0,0.0,0.0,2.2,2.2,1.0,0.0,2.2,2.2,20.0,0.0,2.2,0.0,0.0,2.2,4.4,15.5,22.2,54.8,0,0,42.2,1,13222,1,13222,18779,9803,18897,2107,15070,20945,15070,9868,12018,1,14058,19015,21373,86,16469,5315,8263,8846,14008,5261,12383,3416,2023,2246,150,5559,1,16:13
2024-25,1628401,Derrick White,Derrick,1610612738,BOS,Boston Celtics,0022400407,2024-12-25T00:00:00,BOS vs. PHI,L,32.916666666666664,8.7,16.4,0.533,5.5,10.9,0.5,0.0,0.0,0.0,0.0,3.3,3.3,4.4,4.4,0.0,0.0,0.0,3.3,2.2,23.0,-5.5,29.1,0,0,36.1,1,13222,1,13222,5232,5185,6535,8140,1764,2554,3944,13505,14344,13505,14058,15847,19037,8950,3188,12854,8263,8846,9521,12212,5507,15817,15421,2246,150,9303,1,32:55
2024-25,1630183,Jaden McDaniels,Jaden,1610612750,MIN,Minnesota Timberwolves,0022400406,2024-12-25T00:00:00,MIN @ DAL,W,34.60166666666667,2.1,7.3,0.286,1.0,2.1,0.5,0.0,0.0,0.0,3.1,3.1,6.2,2.1,0.0,2.1,1.0,1.0,3.1,0.0,5.2,4.2,25.2,0,0,20.8,1,1,13086,1,3783,21266,21229,19630,14302,19401,3944,13505,14344,13505,5096,16359,11732,16067,16469,5870,7191,7572,10196,17725,21909,10565,18155,2246,150,20401,1,34:36
2024-25,101108,Chris Paul,Chris,1610612759,SAS,San Antonio Spurs,0022400405,2024-12-25T00:00:00,SAS @ NYK,L,36.406666666666666,4.0,7.9,0.5,3.0,5.9,0.5,2.0,2.0,1.0,0.0,5.9,5.9,6.9,1.0,1.0,0.0,0.0,1.0,3.0,12.9,5.9,32.3,0,0,30.7,1,13222,1,13222,2411,17197,20400,8526,6630,10857,3944,10720,12781,1,14058,8481,12451,4108,15914,12045,8263,8846,19766,9371,15240,9645,13059,2246,150,13437,1,36:24
2024-25,202704,Reggie Jackson,Reggie,1610612755,PHI,Philadelphia 76ers,0022400407,2024-12-25T00:00:00,PHI @ BOS,W,16.708333333333332,2.2,10.8,0.2,0.0,4.3,0.0,0.0,0.0,0.0,2.2,6.5,8.6,4.3,0.0,2.2,0.0,0.0,2.2,0.0,4.3,23.7,27.6,0,0,21.5,1,1,13086,1,18460,21129,15745,21401,15070,14894,15070,13505,14344,13505,7737,7390,7283,9101,16469,5565,8263,8846,14328,17725,22397,3101,16516,2246,150,19935,1,16:43
2024-25,201599,DeAndre Jordan,DeAndre,1610612743,DEN,Denver Nuggets,0022400409,2024-12-25T00:00:00,DEN @ PHX,L,10.2,7.1,7.1,1.0,0.0,0.0,0.0,0.0,0.0,0.0,0.0,7.1,7.1,0.0,0.0,0.0,0.0,0.0,3.5,0.0,14.1,-24.7,22.6,0,0,21.2,1,13222,1,13222,22028,8787,21490,1,15070,20945,15070,13505,14344,13505,14058,6259,10039,19908,16469,12854,8263,8846,8666,17725,13824,22747,19823,2246,150,20167,1,10:12
2024-25,1641726,Dereck Lively II,Dereck,1610612742,DAL,Dallas Mavericks,0022400406,2024-12-25T00:00:00,DAL vs. MIN,L,30.065,3.6,8.4,0.429,0.0,0.0,0.0,0.0,0.0,0.0,4.8,7.2,12.0,3.6,2.4,1.2,2.4,2.4,3.6,1.2,7.2,7.2,35.3,0,0,29.9,1,13222,1,13222,7732,18100,19666,13735,15070,20945,15070,13505,14344,13505,2577,6030,3514,11107,8678,10194,2564,2234,8451,16414,20572,9052,10855,2246,150,13990,1,30:04
2024-25,202331,Paul George,Paul,1610612755,PHI,Philadelphia 76ers,0022400407,2024-12-25T00:00:00,PHI @ BOS,W,33.68333333333333,4.3,16.0,0.267,0.0,7.5,0.0,4.3,4.3,1.0,0.0,4.3,4.3,4.3,1.1,3.2,1.1,0.0,0.0,2.1,12.8,-17.1,36.1,0,0,29.9,1,1,13086,1,4564,16388,7067,20170,15070,7446,15070,5207,7257,1,14058,12881,16600,9195,15352,2725,6992,8846,20257,12447,15262,20662,10285,2246,150,13999,1,33:41
2024-25,1627780,Gary Payton II,Gary,1610612744,GSW,Golden State Warriors,0022400408,2024-12-25T00:00:00,GSW vs. LAL,L,6.533333333333333,11.0,11.0,1.0,0.0,0.0,0.0,0.0,0.0,0.0,0.0,5.5,5.5,0.0,0.0,0.0,0.0,0.0,5.5,0.0,22.0,-22.0,28.7,0,0,27.6,1,13222,1,13222,23356,2241,15321,1,15070,20945,15070,13505,14344,13505,14058,9499,13509,19908,16469,12854,8263,8846,3686,17725,6178,22075,15762,2246,150,15753,1,6:32
2024-25,1629638,Nickeil Alexander-Walker,Nickeil,1610612750,MIN,Minnesota Timberwolves,0022400395,2024-12-23T00:00:00,MIN @ ATL,L,28.7,5.0,8.8,0.571,3.8,7.5,0.5,0.0,0.0,0.0,0.0,5.0,5.0,5.0,2.5,1.3,0.0,0.0,2.5,1.3,13.8,1.3,28.6,0,0,30.1,1,13222,1,13222,8920,14334,19054,6538,4541,7334,3944,13505,14344,13505,14058,10829,14747,7423,8212,9764,8263,8846,12766,16109,14163,11976,15798,2246,150,13862,1,28:42
2024-25,1641724,Jett Howard,Jett,1610612753,ORL,Orlando Magic,0022400393,2024-12-23T00:00:00,ORL vs. BOS,W,4.783333333333333,15.1,37.6,0.4,0.0,7.5,0.0,0.0,0.0,0.0,0.0,0.0,0.0,0.0,0.0,0.0,0.0,0.0,7.5,0.0,30.1,-7.5,30.1,0,0,30.1,1,1,13086,1,24099,485,100,14933,15070,7334,15070,13505,14344,13505,14058,22137,23286,19908,16469,12854,8263,8846,1621,17725,2043,16745,14730,2246,150,13862,1,4:47
2024-25,1629629,Cam Reddish,Cam,1610612747,LAL,Los Angeles Lakers,0022400404,2024-12-23T00:00:00,LAL vs. DET,L,17.183333333333334,6.3,6.3,1.0,2.1,2.1,1.0,0.0,0.0,0.0,0.0,8.4,8.4,2.1,2.1,2.1,2.1,0.0,2.1,0.0,14.7,-10.5,38.3,0,0,35.6,1,13222,1,13222,18148,10760,22336,1,9708,19377,1,13505,14344,13505,14058,4184,7651,16017,10023,5810,3222,8846,14632,17725,13229,18092,8814,2246,150,9649,1,17:11
2024-25,1630175,Cole Anthony,Cole,1610612753,ORL,Orlando Magic,0022400393,2024-12-23T00:00:00,ORL vs. BOS,W,17.278333333333332,8.3,18.8,0.444,0.0,4.2,0.0,4.2,4.2,1.0,0.0,4.2,4.2,10.4,10.4,0.0,0.0,0.0,10.4,4.2,20.8,12.5,31.0,0,0,35.4,1,1,13086,1,18095,5916,3970,13045,15070,15196,15070,5401,7479,1,14058,13220,16895,1237,303,12854,8263,8846,625,5912,7212,6596,14025,2246,150,9781,1,17:17
2024-25,1628401,Derrick White,Derrick,1610612738,BOS,Boston Celtics,0022400393,2024-12-23T00:00:00,BOS @ ORL,L,40.43333333333333,4.5,10.7,0.417,2.7,6.2,0.429,3.6,4.5,0.8,0.0,3.6,3.6,3.6,4.5,2.7,0.0,0.9,2.7,2.7,15.1,-4.5,28.3,0,0,30.3,1,13222,1,13222,464,15923,15917,14532,7619,10127,7394,6576,6932,7681,14058,15049,18417,11207,3071,3971,8263,8701,12161,10405,12774,15302,15982,2246,150,13739,1,40:26
2024-25,1641783,Tristan da Silva,Tristan,1610612753,ORL,Orlando Magic,0022400393,2024-12-23T00:00:00,ORL vs. BOS,W,35.583333333333336,6.1,11.1,0.545,4.0,8.1,0.5,2.0,2.0,1.0,0.0,3.0,3.0,0.0,1.0,1.0,0.0,0.0,1.0,1.0,18.2,-1.0,23.9,0,0,27.3,1,1,13086,1,3006,11315,15145,7695,3897,6297,3944,10558,12653,1,14058,16603,19621,19908,15766,11847,8263,8846,19633,17349,9616,13548,19035,2246,150,15936,1,35:35
2024-25,1631157,Ryan Rollins,Ryan,1610612749,MIL,Milwaukee Bucks,0022400398,2024-12-23T00:00:00,MIL @ CHI,W,22.316666666666666,4.8,9.7,0.5,3.2,4.8,0.667,0.0,0.0,0.0,0.0,8.1,8.1,1.6,3.2,3.2,1.6,0.0,3.2,1.6,12.9,1.6,36.3,0,0,35.5,1,1,13086,1,14262,14835,17615,8526,5880,13599,1957,13505,14344,13505,14058,4612,8145,17608,5737,2686,4518,8846,9750,14583,15193,11826,10167,2246,150,9737,1,22:19
2024-25,1641764,Brandin Podziemski,Brandin,1610612744,GSW,Golden State Warriors,0022400403,2024-12-23T00:00:00,GSW vs. IND,L,26.363333333333333,2.7,5.5,0.5,1.4,1.4,1.0,0.0,0.0,0.0,2.7,5.5,8.2,2.7,0.0,4.1,0.0,1.4,1.4,1.4,6.8,5.5,33.0,0,0,27.3,1,13222,1,13222,10853,20020,23116,8526,12584,20416,1,13505,14344,13505,6027,9640,7942,13817,16469,1543,8263,5332,17765,15597,20843,9862,12560,2246,150,15939,1,26:22
2024-25,1641816,Hunter Tyson,Hunter,1610612743,DEN,Denver Nuggets,0022400402,2024-12-23T00:00:00,DEN vs. PHX,W,15.683333333333334,4.6,9.2,0.5,2.3,4.6,0.5,2.3,4.6,0.5,0.0,9.2,9.2,0.0,0.0,2.3,0.0,0.0,4.6,2.3,13.8,6.9,31.7,0,0,29.8,1,1,13086,1,19141,15524,18438,8526,8871,14215,3944,9644,6670,10625,14058,3329,6468,19908,16469,5055,8263,8846,5563,11765,14199,9191,13564,2246,150,14071,1,15:41
2024-25,1629660,Ty Jerome,Ty,1610612739,CLE,Cleveland Cavaliers,0022400392,2024-12-23T00:00:00,CLE vs. UTA,W,13.9,5.2,18.1,0.286,2.6,12.9,0.2,0.0,0.0,0.0,0.0,0.0,0.0,5.2,0.0,0.0,0.0,0.0,7.8,0.0,12.9,-18.1,20.7,0,0,20.7,1,1,13086,1,20244,13867,4533,19630,7858,1324,13429,13505,14344,13505,14058,22137,23286,7070,16469,12854,8263,8846,1479,17725,15142,20971,20830,2246,150,20453,1,13:54
2024-25,1642263,Reed Sheppard,Reed,1610612745,HOU,Houston Rockets,0022400391,2024-12-23T00:00:00,HOU @ CHA,W,18.9,1.9,13.3,0.143,1.9,11.4,0.167,0.0,0.0,0.0,1.9,5.7,7.6,3.8,0.0,1.9,1.9,0.0,5.7,1.9,5.7,-5.7,32.0,0,0,26.7,1,1,13086,1,16908,21578,11234,22260,10612,2151,14236,13505,14344,13505,8792,9007,8933,10470,16469,6737,3750,8846,3362,13491,21584,15930,13324,2246,150,16410,1,18:54
2024-25,1630578,Alperen Sengun,Alperen,1610612745,HOU,Houston Rockets,0022400391,2024-12-23T00:00:00,HOU @ CHA,W,26.816666666666666,6.7,14.8,0.455,1.3,2.7,0.5,6.7,6.7,1.0,5.4,5.4,10.7,5.4,1.3,0.0,1.3,0.0,2.7,6.7,21.5,13.4,45.1,0,0,41.6,1,1,13086,1,10473,9657,8960,12676,12682,18288,3944,2230,3648,1,2027,9855,4664,6690,13606,12854,5475,8846,12101,1890,6663,6223,5128,2246,150,5840,1,26:49
2024-25,1642281,Jaylon Tyson,Jaylon,1610612739,CLE,Cleveland Cavaliers,0022400392,2024-12-23T00:00:00,CLE vs. UTA,W,8.216666666666667,8.8,13.1,0.667,0.0,0.0,0.0,0.0,0.0,0.0,0.0,4.4,4.4,0.0,0.0,4.4,0.0,0.0,8.8,4.4,17.5,-26.3,35.9,0,0,30.7,1,1,13086,1,22729,5155,11588,3281,15070,20945,15070,13505,14344,13505,14058,12571,16333,19908,16469,1317,8263,8846,1043,5400,10299,23085,10413,2246,150,13417,1,8:13
2024-25,1628963,Marvin Bagley III,Marvin,1610612764,WAS,Washington Wizards,0022400400,2024-12-23T00:00:00,WAS @ OKC,L,15.95,4.5,6.8,0.667,0.0,0.0,0.0,6.8,9.0,0.75,2.3,11.3,13.5,2.3,2.3,2.3,0.0,0.0,0.0,4.5,15.8,-33.9,39.9,0,0,36.1,1,13222,1,13222,18962,15733,21808,3281,15070,20945,15070,2181,1850,8186,7390,1753,2466,15406,9274,5194,8263,8846,20257,5110,12117,24284,7796,2246,150,9291,1,15:57
2024-25,201599,DeAndre Jordan,DeAndre,1610612743,DEN,Denver Nuggets,0022400402,2024-12-23T00:00:00,DEN vs. PHX,W,14.096666666666666,5.1,5.1,1.0,0.0,0.0,0.0,0.0,0.0,0.0,2.6,10.2,12.8,2.6,2.6,2.6,2.6,0.0,2.6,0.0,10.2,20.4,42.1,0,0,35.8,1,1,13086,1,20149,14064,23381,1,15070,20945,15070,13505,14344,13505,6465,2416,2959,14355,8035,4243,2287,8846,12593,17725,17939,3837,6551,2246,150,9544,1,14:06
2024-25,1642266,Ja'Kobe Walter,Ja'Kobe,1610612761,TOR,Toronto Raptors,0022400397,2024-12-23T00:00:00,TOR @ NYK,L,24.933333333333334,5.8,7.2,0.8,0.0,1.4,0.0,11.6,14.4,0.8,0.0,1.4,1.4,0.0,1.4,0.0,2.9,0.0,5.8,7.2,23.1,-27.4,32.1,0,0,30.3,1,13222,1,13222,12062,12181,21297,1688,15070,20331,15070,395,397,7681,14058,21001,22644,19908,13033,12854,1837,8846,3262,1499,5415,23331,13286,2246,150,13696,1,24:56
2024-25,1628420,Monté Morris,Monté,1610612756,PHX,Phoenix Suns,0022400402,2024-12-23T00:00:00,PHX @ DEN,L,20.183333333333334,5.4,17.8,0.3,1.8,5.4,0.333,0.0,0.0,0.0,0.0,7.1,7.1,5.4,0.0,1.8,0.0,0.0,0.0,1.8,12.5,7.1,34.4,0,0,30.3,1,13222,1,13222,15876,13404,4872,19363,11135,12328,9209,13505,14344,13505,14058,6115,9887,6723,16469,7316,8263,8846,20257,13989,15604,9076,11495,2246,150,13694,1,20:11
2024-25,1631098,Johnny Davis,Johnny,1610612764,WAS,Washington Wizards,0022400400,2024-12-23T00:00:00,WAS @ OKC,L,3.35,0.0,10.7,0.0,0.0,10.7,0.0,0.0,0.0,0.0,0.0,10.7,10.7,10.7,0.0,0.0,0.0,0.0,0.0,10.7,0.0,-10.7,29.0,0,0,21.5,1,13222,1,13222,24817,22635,15790,22635,15070,2725,15070,13505,14344,13505,14058,2046,4652,1086,16469,12854,8263,8846,20257,298,23200,18202,15474,2246,150,19967,1,3:21
2024-25,1641774,Tristan Vukcevic,Tristan,1610612764,WAS,Washington Wizards,0022400400,2024-12-23T00:00:00,WAS @ OKC,L,3.35,0.0,21.5,0.0,0.0,21.5,0.0,0.0,0.0,0.0,0.0,0.0,0.0,0.0,0.0,0.0,10.7,0.0,0.0,0.0,0.0,-10.7,32.2,0,0,21.5,1,13222,1,13222,24817,22635,2033,22635,15070,191,15070,13505,14344,13505,14058,22137,23286,19908,16469,12854,56,8846,20257,17725,23200,18202,13136,2246,150,19967,1,3:21
2024-25,1631093,Jaden Ivey,Jaden,1610612765,DET,Detroit Pistons,0022400404,2024-12-23T00:00:00,DET @ LAL,W,29.058333333333334,9.9,18.6,0.533,2.5,5.0,0.5,0.0,0.0,0.0,0.0,3.7,3.7,2.5,2.5,2.5,0.0,0.0,2.5,1.2,22.3,6.2,35.4,0,0,35.9,1,1,13086,1,8628,3316,4137,8140,8226,13302,3944,13505,14344,13505,14058,14585,18029,14626,8338,4443,8263,8846,12884,16187,6004,9518,10781,2246,150,9427,1,29:04
2024-25,1641730,Noah Clowney,Noah,1610612751,BKN,Brooklyn Nets,0022400396,2024-12-23T00:00:00,BKN @ MIA,L,29.493333333333332,7.3,15.9,0.462,4.9,12.2,0.4,3.7,3.7,1.0,0.0,6.1,6.1,1.2,1.2,0.0,0.0,0.0,2.4,3.7,23.2,-17.1,31.1,0,0,35.4,1,13222,1,13222,8235,8176,7316,12428,2436,1664,7874,6363,8561,1,14058,8094,12046,18952,14289,12854,8263,8846,13028,7231,5359,20659,13972,2246,150,9798,1,29:30
2024-25,201587,Nicolas Batum,Nicolas,1610612746,LAC,LA Clippers,0022400399,2024-12-23T00:00:00,LAC @ MEM,W,27.55,2.6,2.6,1.0,2.6,2.6,1.0,0.0,0.0,0.0,0.0,6.5,6.5,5.2,2.6,1.3,1.3,0.0,2.6,0.0,7.8,-2.6,28.7,0,0,27.4,1,1,13086,1,9909,20256,24613,1,7780,18422,1,13505,14344,13505,14058,7234,11096,6988,7821,9419,5619,8846,12377,17725,20049,14365,15680,2246,150,15835,1,27:33
2024-25,1630700,Dyson Daniels,Dyson,1610612737,ATL,Atlanta Hawks,0022400395,2024-12-23T00:00:00,ATL vs. MIN,W,34.05,4.2,10.6,0.4,1.1,2.1,0.5,1.1,2.1,0.5,0.0,4.2,4.2,4.2,2.1,8.5,2.1,1.1,1.1,1.1,10.6,16.9,51.6,0,0,41.2,1,1,13086,1,4210,16519,16104,14933,14207,19347,3944,13056,12377,10625,14058,13034,16734,9314,9933,181,3165,7429,19361,17141,17590,4937,2809,2246,150,6057,1,34:03
2024-25,1626181,Norman Powell,Norman,1610612746,LAC,LA Clippers,0022400399,2024-12-23T00:00:00,LAC @ MEM,W,36.666666666666664,9.8,19.6,0.5,3.9,7.9,0.5,4.9,6.9,0.714,0.0,2.9,2.9,2.0,3.9,2.0,0.0,0.0,3.9,5.9,28.5,12.8,36.9,0,0,41.2,1,1,13086,1,2230,3440,3233,8526,4140,6698,3944,4177,3503,9244,14058,16908,19869,16499,4023,6429,8263,8846,7356,2756,2603,6495,9760,2246,150,6054,1,36:40
2024-25,1631105,Jalen Duren,Jalen,1610612765,DET,Detroit Pistons,0022400404,2024-12-23T00:00:00,DET @ LAL,W,27.435,1.3,2.6,0.5,0.0,0.0,0.0,5.2,5.2,1.0,3.9,7.9,11.8,2.6,2.6,1.3,1.3,0.0,3.9,2.6,7.9,-24.9,31.2,0,0,27.6,1,1,13086,1,9988,22392,24608,8526,15070,20945,15070,3709,5531,1,3676,4909,3654,14142,7792,9397,5600,8846,7326,10572,20025,22794,13880,2246,150,15752,1,27:26
2024-25,1641739,Toumani Camara,Toumani,1610612757,POR,Portland Trail Blazers,0022400401,2024-12-23T00:00:00,POR @ DAL,L,29.721666666666668,2.4,7.3,0.333,1.2,6.1,0.2,0.0,0.0,0.0,4.8,9.7,14.5,0.0,1.2,0.0,0.0,0.0,2.4,1.2,6.1,-21.8,22.3,0,0,21.8,1,13222,1,13222,8024,20611,21254,17395,13307,10553,13429,13505,14344,13505,2514,2831,1986,19908,14364,12854,8263,8846,13109,16350,21354,22028,19988,2246,150,19789,1,29:43
2024-25,1631108,Max Christie,Max,1610612747,LAL,Los Angeles Lakers,0022400404,2024-12-23T00:00:00,LAL vs. DET,L,33.24333333333333,6.5,10.8,0.6,3.2,4.3,0.75,2.2,2.2,1.0,0.0,1.1,1.1,0.0,1.1,2.2,0.0,1.1,1.1,2.2,18.4,10.8,25.1,0,0,27.1,1,13222,1,13222,4958,10195,15641,5394,5814,14837,1542,10064,12193,1,14058,21798,23109,19908,15255,5525,8263,7200,19196,12312,9407,7312,18202,2246,150,16103,1,33:15
2024-25,1631128,Christian Braun,Christian,1610612743,DEN,Denver Nuggets,0022400402,2024-12-23T00:00:00,DEN vs. PHX,W,25.876666666666665,2.8,12.5,0.222,0.0,4.2,0.0,0.0,0.0,0.0,1.4,8.3,9.7,5.6,1.4,0.0,0.0,2.8,0.0,0.0,5.6,25.0,24.2,0,0,20.9,1,1,13086,1,11267,19918,12693,21205,15070,15182,15070,13505,14344,13505,10785,4222,5746,6313,13330,12854,8263,1620,20257,17725,21688,2806,18806,2246,150,20360,1,25:53
2024-25,1630200,Tre Jones,Tre,1610612759,SAS,San Antonio Spurs,0022400394,2024-12-23T00:00:00,SAS @ PHI,L,14.416666666666666,2.5,2.5,1.0,0.0,0.0,0.0,0.0,0.0,0.0,0.0,0.0,0.0,7.5,5.0,5.0,2.5,0.0,2.5,0.0,5.0,25.0,33.7,0,0,27.5,1,13222,1,13222,19942,20461,24641,1,15070,20945,15070,13505,14344,13505,14058,22137,23286,3413,2345,906,2381,8846,12808,17725,22008,2824,12037,2246,150,15817,1,14:25
2024-25,201572,Brook Lopez,Brook,1610612749,MIL,Milwaukee Bucks,0022400398,2024-12-23T00:00:00,MIL @ CHI,W,36.36666666666667,6.9,11.9,0.583,3.0,5.9,0.5,4.0,4.0,1.0,1.0,1.0,2.0,1.0,0.0,0.0,0.0,0.0,1.0,2.0,20.8,13.9,24.6,0,0,26.7,1,1,13086,1,2428,9098,13805,6296,6621,10841,3944,5770,7921,1,13335,21984,21839,19705,16469,12854,8263,8846,19762,13160,7241,6057,18524,2246,150,16380,1,36:22
2024-25,1631207,Dalen Terry,Dalen,1610612741,CHI,Chicago Bulls,0022400398,2024-12-23T00:00:00,CHI vs. MIL,L,16.4,8.8,15.4,0.571,0.0,4.4,0.0,0.0,0.0,0.0,4.4,2.2,6.6,2.2,0.0,2.2,0.0,0.0,4.4,2.2,17.6,-11.0,35.3,0,0,30.7,1,13222,1,13222,18654,5116,8011,6538,15070,14705,15070,13505,14344,13505,3064,19078,10986,15643,16469,5410,8263,8846,6040,12177,10255,18310,10840,2246,150,13372,1,16:24
2024-25,203932,Aaron Gordon,Aaron,1610612743,DEN,Denver Nuggets,0022400402,2024-12-23T00:00:00,DEN vs. PHX,W,22.821666666666665,6.3,11.0,0.571,3.2,4.7,0.667,3.2,3.2,1.0,0.0,3.2,3.2,1.6,0.0,1.6,0.0,1.6,4.7,3.2,18.9,14.2,29.8,0,0,30.0,1,1,13086,1,13861,10675,15296,6538,6075,13885,1957,7422,9599,1,14058,16243,19354,17719,16469,8076,8263,4499,5206,8711,8925,5937,14933,2246,150,13964,1,22:49
2024-25,1641729,Brice Sensabaugh,Brice,1610612762,UTA,Utah Jazz,0022400392,2024-12-23T00:00:00,UTA @ CLE,L,10.833333333333334,3.3,13.3,0.25,0.0,3.3,0.0,0.0,0.0,0.0,3.3,6.6,10.0,6.6,0.0,3.3,0.0,3.3,6.6,3.3,6.6,19.9,38.5,0,0,29.9,1,13222,1,13222,21781,18695,11317,20233,15070,17017,15070,13505,14344,13505,4705,7002,5463,4510,16469,2520,8263,1049,2272,8186,20960,3971,8674,2246,150,14020,1,10:50
2024-25,1641717,Cason Wallace,Cason,1610612760,OKC,Oklahoma City Thunder,0022400400,2024-12-23T00:00:00,OKC vs. WAS,W,28.1,5.1,7.7,0.667,1.3,2.6,0.5,0.0,0.0,0.0,2.6,2.6,5.1,5.1,0.0,2.6,1.3,1.3,3.8,1.3,11.5,28.2,36.9,0,0,30.7,1,1,13086,1,9459,14020,20666,3281,12929,18515,3944,13505,14344,13505,6445,18027,14450,7191,16469,4224,5733,5746,7618,15984,16639,2231,9773,2246,150,13359,1,28:06
2024-25,1627739,Kris Dunn,Kris,1610612746,LAC,LA Clippers,0022400399,2024-12-23T00:00:00,LAC @ MEM,W,27.033333333333335,4.0,12.0,0.333,1.3,4.0,0.333,0.0,0.0,0.0,1.3,4.0,5.3,2.7,1.3,4.0,0.0,1.3,2.7,0.0,9.3,6.7,30.4,0,0,26.6,1,1,13086,1,10306,17102,13612,17395,12729,15594,9209,13505,14344,13505,11056,13741,13983,14007,13668,1643,8263,5495,12189,17725,18794,9308,14527,2246,150,16443,1,27:02
2024-25,1629130,Duncan Robinson,Duncan,1610612748,MIA,Miami Heat,0022400396,2024-12-23T00:00:00,MIA vs. BKN,W,25.273333333333333,8.5,15.7,0.545,7.1,14.2,0.5,0.0,0.0,0.0,1.4,0.0,1.4,5.7,2.8,1.4,0.0,0.0,4.3,0.0,24.2,15.7,35.9,0,0,41.3,1,1,13086,1,11768,5531,7588,7695,721,863,3944,13505,14344,13505,10650,22137,22661,6047,7034,8782,8263,8846,6362,17725,4666,5361,10437,2246,150,6023,1,25:16
2024-25,1630591,Jalen Suggs,Jalen,1610612753,ORL,Orlando Magic,0022400393,2024-12-23T00:00:00,ORL vs. BOS,W,29.121666666666666,6.2,16.1,0.385,1.2,6.2,0.2,6.2,6.2,1.0,1.2,6.2,7.4,6.2,6.2,1.2,2.5,2.5,2.5,3.7,19.8,6.2,42.9,0,0,42.0,1,1,13086,1,8569,11018,7021,16070,13170,10238,13429,2696,4250,1,11566,7944,9339,5195,1280,9901,2429,2085,12904,7111,8095,9527,6176,2246,150,5625,1,29:07
2024-25,1626158,Richaun Holmes,Richaun,1610612764,WAS,Washington Wizards,0022400400,2024-12-23T00:00:00,WAS @ OKC,L,3.35,0.0,10.7,0.0,0.0,0.0,0.0,0.0,0.0,0.0,10.7,10.7,21.5,0.0,0.0,0.0,0.0,0.0,0.0,0.0,0.0,-10.7,25.8,0,0,21.5,1,13222,1,13222,24817,22635,15790,22635,15070,20945,15070,13505,14344,13505,319,2046,369,19908,16469,12854,8263,8846,20257,17725,23200,18202,17756,2246,150,19967,1,3:21
2024-25,1628973,Jalen Brunson,Jalen,1610612752,NYK,New York Knicks,0022400397,2024-12-23T00:00:00,NYK vs. TOR,W,32.13333333333333,4.5,14.6,0.308,0.0,5.6,0.0,4.5,9.0,0.5,0.0,1.1,1.1,7.8,3.4,2.2,0.0,1.1,6.7,7.8,13.4,9.0,29.9,0,0,26.9,1,1,13086,1,5859,15834,9260,19226,15070,11717,15070,4865,1891,10625,14058,21709,23053,3052,5330,5243,8263,6870,2199,1101,14574,8196,14857,2246,150,16235,1,32:08
2024-25,1630183,Jaden McDaniels,Jaden,1610612750,MIN,Minnesota Timberwolves,0022400395,2024-12-23T00:00:00,MIN @ ATL,L,20.233333333333334,5.3,10.7,0.5,0.0,1.8,0.0,0.0,0.0,0.0,1.8,1.8,3.6,0.0,0.0,1.8,1.8,0.0,7.1,3.6,10.7,-28.5,25.6,0,0,21.4,1,13222,1,13222,15838,13440,15934,8526,15070,19949,15070,13505,14344,13505,9322,20301,18419,19908,16469,7337,4102,8846,1880,7509,17504,23511,17868,2246,150,20073,1,20:14
2024-25,1629646,Charles Bassey,Charles,1610612759,SAS,San Antonio Spurs,0022400394,2024-12-23T00:00:00,SAS @ PHI,L,6.566666666666666,0.0,11.0,0.0,0.0,0.0,0.0,0.0,0.0,0.0,0.0,16.4,16.4,0.0,5.5,0.0,5.5,0.0,11.0,0.0,0.0,-27.4,30.7,0,0,27.4,1,13222,1,13222,23340,22635,15414,22635,15070,20945,15070,13505,14344,13505,14058,385,1288,19908,1825,12854,398,8846,544,17725,23200,23324,14273,2246,150,15858,1,6:34
2024-25,1631209,Isaiah Wong,Isaiah,1610612766,CHA,Charlotte Hornets,0022400391,2024-12-23T00:00:00,CHA vs. HOU,L,8.066666666666666,4.5,17.9,0.25,0.0,4.5,0.0,0.0,0.0,0.0,8.9,0.0,8.9,8.9,0.0,4.5,0.0,0.0,0.0,0.0,8.9,-4.5,46.4,0,0,35.7,1,13222,1,13222,22791,15878,4847,20233,15070,14539,15070,13505,14344,13505,566,22137,6849,2075,16469,1249,8263,8846,20257,17725,19155,15307,4575,2246,150,9571,1,8:04
2024-25,1628371,Jonathan Isaac,Jonathan,1610612753,ORL,Orlando Magic,0022400393,2024-12-23T00:00:00,ORL vs. BOS,W,13.533333333333333,5.3,21.3,0.25,2.7,10.6,0.25,5.3,5.3,1.0,5.3,8.0,13.3,2.7,2.7,2.7,0.0,0.0,2.7,5.3,18.6,0.0,43.9,0,0,42.6,1,1,13086,1,20469,13488,2168,20233,7650,2836,11902,3628,5429,1,2076,4731,2603,14016,7656,3995,8263,8846,12201,3600,9188,12240,5726,2246,150,5370,1,13:32
2024-25,202696,Nikola Vučević,Nikola,1610612741,CHI,Chicago Bulls,0022400398,2024-12-23T00:00:00,CHI vs. MIL,L,30.966666666666665,8.1,18.6,0.438,2.3,9.3,0.25,1.2,2.3,0.5,2.3,11.6,14.0,3.5,1.2,1.2,0.0,0.0,1.2,2.3,19.8,-17.4,44.1,1,0,41.9,1,13222,1,13222,6903,6334,4121,13558,8761,4376,11902,12718,11705,10625,7163,1550,2262,11420,14711,10485,8263,8846,18746,11648,8106,20761,5635,1,150,5731,1,30:58
2024-25,1629675,Naz Reid,Naz,1610612750,MIN,Minnesota Timberwolves,0022400395,2024-12-23T00:00:00,MIN @ ATL,L,28.8,12.5,23.8,0.526,3.8,12.5,0.3,0.0,0.0,0.0,2.5,1.3,3.8,3.8,1.3,1.3,0.0,0.0,2.5,0.0,28.8,-16.3,41.4,0,0,42.5,1,13222,1,13222,8839,1246,1134,8379,4578,1522,11319,13505,14344,13505,6609,21399,17932,10646,14099,9801,8263,8846,12797,17725,2506,20353,6943,2246,150,5404,1,28:48
2024-25,1641711,Gradey Dick,Gradey,1610612761,TOR,Toronto Raptors,0022400397,2024-12-23T00:00:00,TOR @ NYK,L,30.516666666666666,5.9,15.3,0.385,2.4,5.9,0.4,4.7,4.7,1.0,2.4,3.5,5.9,3.5,2.4,2.4,0.0,1.2,3.5,3.5,18.9,-7.1,36.0,0,0,35.4,1,13222,1,13222,7300,11808,8049,16070,8632,10945,7874,4487,6449,1,7056,15117,12531,11278,8817,4835,8263,6405,8636,7565,8970,16541,10380,2246,150,9805,1,30:31
2024-25,1630215,Jared Butler,Jared,1610612764,WAS,Washington Wizards,0022400400,2024-12-23T00:00:00,WAS @ OKC,L,8.25,8.7,26.2,0.333,0.0,0.0,0.0,4.4,4.4,1.0,4.4,0.0,4.4,4.4,13.1,0.0,0.0,17.5,0.0,4.4,21.8,-4.4,20.5,0,0,30.5,1,13222,1,13222,22722,5222,617,17395,15070,20945,15070,5048,7086,1,3089,22137,16376,8972,162,12854,8263,22,20257,5436,6365,15255,20943,2246,150,13518,1,8:15
2024-25,1629631,De'Andre Hunter,De'Andre,1610612737,ATL,Atlanta Hawks,0022400395,2024-12-23T00:00:00,ATL vs. MIN,W,28.416666666666668,6.3,11.4,0.556,3.8,8.9,0.429,7.6,7.6,1.0,0.0,5.1,5.1,2.5,3.8,0.0,0.0,0.0,3.8,5.1,24.1,19.0,30.2,0,0,35.5,1,1,13086,1,9198,10602,14656,7248,4432,4999,7394,1608,2815,1,14058,10674,14614,14429,4319,12854,8263,8846,7735,3979,4755,4263,14698,2246,150,9751,1,28:25
2024-25,1629659,Talen Horton-Tucker,Talen,1610612741,CHI,Chicago Bulls,0022400398,2024-12-23T00:00:00,CHI vs. MIL,L,13.416666666666666,0.0,10.7,0.0,0.0,8.0,0.0,5.4,5.4,1.0,0.0,8.0,8.0,2.7,0.0,5.4,0.0,0.0,5.4,2.7,5.4,-26.8,35.2,0,0,26.8,1,13222,1,13222,20527,22635,15829,22635,15070,6367,15070,3566,5360,1,14058,4628,8171,13955,16469,705,8263,8846,3899,10367,21815,23208,10964,2246,150,16280,1,13:25
2024-25,1626172,Kevon Looney,Kevon,1610612744,GSW,Golden State Warriors,0022400403,2024-12-23T00:00:00,GSW vs. IND,L,9.083333333333334,11.9,11.9,1.0,0.0,0.0,0.0,0.0,0.0,0.0,0.0,7.9,7.9,4.0,0.0,0.0,0.0,0.0,4.0,0.0,23.8,27.7,39.2,0,0,35.7,1,13222,1,13222,22416,1594,13778,1,15070,20945,15070,13505,14344,13505,14058,4811,8410,10032,16469,12854,8263,8846,7239,17725,4945,2306,8246,2246,150,9610,1,9:05
2024-25,203952,Andrew Wiggins,Andrew,1610612744,GSW,Golden State Warriors,0022400403,2024-12-23T00:00:00,GSW vs. IND,L,34.11833333333333,7.4,16.9,0.438,1.1,7.4,0.143,1.1,1.1,1.0,1.1,3.2,4.2,3.2,2.1,0.0,1.1,0.0,2.1,1.1,16.9,-15.8,27.8,0,0,27.4,1,13222,1,13222,4154,8041,5936,13558,14223,7652,14649,13065,14126,1,12839,16214,16757,12439,9954,12854,7099,8846,14567,17152,10979,20204,16394,2246,150,15845,1,34:07
2024-25,200768,Kyle Lowry,Kyle,1610612755,PHI,Philadelphia 76ers,0022400394,2024-12-23T00:00:00,PHI vs. SAS,W,21.433333333333334,3.4,10.1,0.333,3.4,6.7,0.5,0.0,0.0,0.0,0.0,1.7,1.7,6.7,1.7,0.0,0.0,1.7,3.4,1.7,10.1,-5.0,20.5,0,0,21.8,1,1,13086,1,14969,18624,16925,17395,5491,9077,3944,13505,14344,13505,14058,20507,22328,4402,12009,12854,8263,4200,9223,14340,18080,15609,20952,2246,150,19766,1,21:26
2024-25,1629618,Jalen Pickett,Jalen,1610612743,DEN,Denver Nuggets,0022400402,2024-12-23T00:00:00,DEN vs. PHX,W,23.2,6.2,17.1,0.364,4.7,12.4,0.375,0.0,0.0,0.0,0.0,4.7,4.7,12.4,3.1,0.0,1.6,0.0,0.0,0.0,17.1,26.4,42.8,0,0,41.9,1,1,13086,1,13550,10957,5728,16861,2802,1565,8800,13505,14344,13505,14058,11837,15684,629,6115,12854,4703,8846,20257,17725,10787,2538,6207,2246,150,5703,1,23:12
2024-25,1630590,Scotty Pippen Jr.,Scotty,1610612763,MEM,Memphis Grizzlies,0022400399,2024-12-23T00:00:00,MEM vs. LAC,L,18.516666666666666,9.7,19.4,0.5,5.8,7.8,0.75,0.0,1.9,0.0,1.9,1.9,3.9,3.9,1.9,0.0,1.9,1.9,5.8,5.8,25.3,15.6,39.7,0,0,42.8,1,13222,1,13222,17179,3580,3389,8526,1449,6845,1542,13505,12873,13505,8645,19846,17598,10263,10825,12854,3642,3405,3172,2844,4072,5405,7985,2246,150,5266,1,18:31
2024-25,201939,Stephen Curry,Stephen,1610612744,GSW,Golden State Warriors,0022400403,2024-12-23T00:00:00,GSW vs. IND,L,35.42166666666667,2.0,13.2,0.154,2.0,9.1,0.222,4.1,4.1,1.0,0.0,5.1,5.1,7.1,3.0,0.0,3.0,0.0,1.0,3.0,10.2,6.1,33.0,0,0,30.5,1,13222,1,13222,3135,21343,11460,22243,9999,4612,13288,5582,7707,1,14058,10634,14576,3871,6288,12854,1634,8846,19600,9079,17990,9570,12571,2246,150,13557,1,35:25
2024-25,1630163,LaMelo Ball,LaMelo,1610612766,CHA,Charlotte Hornets,0022400391,2024-12-23T00:00:00,CHA vs. HOU,L,30.483333333333334,10.6,21.3,0.5,5.9,13.0,0.455,0.0,0.0,0.0,1.2,4.7,5.9,9.4,0.0,0.0,1.2,1.2,1.2,1.2,27.2,-7.1,52.0,0,0,50.8,1,13222,1,13222,7334,2588,2183,8526,1374,1304,7148,13505,14344,13505,11925,11637,12512,1728,16469,12854,6299,6398,18649,16500,3133,16545,2713,2246,150,2320,1,30:29
2024-25,1641705,Victor Wembanyama,Victor,1610612759,SAS,San Antonio Spurs,0022400394,2024-12-23T00:00:00,SAS @ PHI,L,36.5,8.9,18.7,0.474,5.9,12.8,0.462,2.0,2.0,1.0,1.0,7.9,8.9,3.9,4.9,0.0,7.9,1.0,2.0,5.9,25.6,-4.9,61.0,0,0,60.2,1,13222,1,13222,2337,4920,3982,12072,1365,1376,7119,10733,12797,1,13364,4875,6918,10088,2418,12854,144,8037,15287,2730,3855,15549,1078,2246,150,812,1,36:30
2024-25,201935,James Harden,James,1610612746,LAC,LA Clippers,0022400399,2024-12-23T00:00:00,LAC @ MEM,W,35.8,6.0,16.1,0.375,1.0,6.0,0.167,8.0,10.1,0.8,2.0,6.0,8.0,9.1,4.0,1.0,0.0,0.0,4.0,5.0,21.1,-2.0,43.3,0,0,41.2,1,1,13086,1,2822,11417,6983,16299,14513,10608,14236,1392,1342,7681,8339,8258,8182,1981,3837,11904,8263,8846,7081,4068,6982,14051,5965,2246,150,6058,1,35:48
2024-25,1628983,Shai Gilgeous-Alexander,Shai,1610612760,OKC,Oklahoma City Thunder,0022400400,2024-12-23T00:00:00,OKC vs. WAS,W,35.38333333333333,14.2,25.4,0.56,3.1,6.1,0.5,10.2,10.2,1.0,3.1,6.1,9.2,3.1,3.1,3.1,3.1,1.0,3.1,6.1,41.7,25.4,72.5,0,0,69.2,1,1,13086,1,3158,633,736,7232,6342,10428,3944,655,1303,1,5225,8091,6500,12757,6278,3047,1629,7755,10481,2497,371,2721,356,2246,150,343,1,35:23
2024-25,1630178,Tyrese Maxey,Tyrese,1610612755,PHI,Philadelphia 76ers,0022400394,2024-12-23T00:00:00,PHI vs. SAS,W,40.71666666666667,10.6,22.1,0.48,4.4,9.7,0.455,2.7,4.4,0.6,0.0,8.8,8.8,7.1,0.9,2.7,0.0,1.8,0.9,5.3,28.3,6.2,56.6,1,0,53.9,1,1,13086,1,413,2612,1775,11962,3203,3815,7148,8681,6993,10343,14058,3675,6957,3923,16374,4012,8263,3983,20176,3622,2672,9520,1709,1,150,1638,1,40:43
2024-25,1641733,Nick Smith Jr.,Nick,1610612766,CHA,Charlotte Hornets,0022400391,2024-12-23T00:00:00,CHA vs. HOU,L,3.433333333333333,10.5,10.5,1.0,10.5,10.5,1.0,10.5,21.0,0.5,0.0,0.0,0.0,0.0,0.0,0.0,0.0,0.0,0.0,0.0,41.9,62.9,41.9,0,0,52.4,1,13222,1,13222,24743,2726,16237,1,187,2986,1,568,123,10625,14058,22137,23286,19908,16469,12854,8263,8846,20257,17725,356,319,6648,2246,150,1938,1,3:26
2024-25,203076,Anthony Davis,Anthony,1610612747,LAL,Los Angeles Lakers,0022400404,2024-12-23T00:00:00,LAL vs. DET,L,38.6,6.5,13.1,0.5,0.9,2.8,0.333,3.7,7.5,0.5,2.8,6.5,9.3,5.6,2.8,1.9,1.9,1.9,0.9,4.7,17.7,14.0,45.7,1,0,41.0,1,13222,1,13222,1058,10119,11762,8526,14862,18061,9209,6218,2949,10625,5865,7242,6284,6256,7221,6945,3879,3690,20059,4799,10114,6016,4859,1,150,6177,1,38:36
2024-25,1630545,Terrence Shannon Jr.,Terrence,1610612750,MIN,Minnesota Timberwolves,0022400395,2024-12-23T00:00:00,MIN @ ATL,L,1.6333333333333333,22.0,22.0,1.0,0.0,0.0,0.0,0.0,0.0,0.0,0.0,0.0,0.0,0.0,0.0,0.0,0.0,0.0,0.0,0.0,44.1,88.2,44.1,0,0,44.1,1,13222,1,13222,25696,105,1795,1,15070,20945,15070,13505,14344,13505,14058,22137,23286,19908,16469,12854,8263,8846,20257,17725,280,115,5627,2246,150,4643,1,1:38
2024-25,203939,Dwight Powell,Dwight,1610612742,DAL,Dallas Mavericks,0022400401,2024-12-23T00:00:00,DAL vs. POR,W,10.5,10.3,10.3,1.0,3.4,3.4,1.0,0.0,6.9,0.0,3.4,6.9,10.3,0.0,0.0,3.4,3.4,0.0,6.9,3.4,24.0,-10.3,56.9,0,0,51.4,1,1,13086,1,21919,2923,16579,1,5315,16813,1,13505,3513,13505,4484,6610,5131,19908,16469,2331,1281,8846,2097,7870,4793,18014,1656,2246,150,2162,1,10:30
2024-25,203114,Khris Middleton,Khris,1610612749,MIL,Milwaukee Bucks,0022400398,2024-12-23T00:00:00,MIL @ CHI,W,23.373333333333335,13.9,23.1,0.6,4.6,7.7,0.6,0.0,0.0,0.0,0.0,7.7,7.7,7.7,6.2,1.5,0.0,0.0,3.1,0.0,32.3,23.1,51.6,0,0,55.4,1,1,13086,1,13404,746,1349,5394,2855,7001,2992,13505,14344,13505,14058,5163,8801,3184,1290,8239,8263,8846,10354,17725,1451,3240,2808,2246,150,1392,1,23:22
2024-25,1642264,Stephon Castle,Stephon,1610612759,SAS,San Antonio Spurs,0022400394,2024-12-23T00:00:00,SAS @ PHI,L,13.333333333333334,18.9,24.3,0.778,2.7,5.4,0.5,5.4,5.4,1.0,0.0,8.1,8.1,2.7,5.4,2.7,0.0,0.0,10.8,13.5,45.9,-8.1,62.4,0,0,64.8,1,13222,1,13222,20575,177,977,1994,7537,12211,3944,3529,5313,1,14058,4564,8098,13907,1900,3909,8263,8846,559,136,228,17018,931,2246,150,483,1,13:20
2024-25,1631109,Mark Williams,Mark,1610612766,CHA,Charlotte Hornets,0022400391,2024-12-23T00:00:00,CHA vs. HOU,L,19.05,7.6,15.1,0.5,0.0,0.0,0.0,7.6,9.4,0.8,3.8,13.2,17.0,5.7,1.9,1.9,0.0,0.0,5.7,7.6,22.7,-26.5,55.4,0,0,49.1,1,13222,1,13222,16782,7625,8395,8526,15070,20945,15070,1632,1638,7681,3915,948,1125,6104,11104,6811,8263,8846,3443,1291,5722,23127,1913,2246,150,2785,1,19:03
2024-25,1626166,Cameron Payne,Cameron,1610612752,NYK,New York Knicks,0022400397,2024-12-23T00:00:00,NYK vs. TOR,W,15.466666666666667,16.3,23.3,0.7,9.3,16.3,0.571,2.3,2.3,1.0,0.0,4.7,4.7,0.0,2.3,2.3,0.0,0.0,4.7,4.7,44.2,16.3,54.5,0,0,62.8,1,1,13086,1,19270,334,1287,3045,271,481,3506,9534,11699,1,14058,11837,15684,19908,8956,4941,8263,8846,5395,4817,277,5143,2096,2246,150,588,1,15:28
2024-25,1627759,Jaylen Brown,Jaylen,1610612738,BOS,Boston Celtics,0022400393,2024-12-23T00:00:00,BOS @ ORL,L,36.88333333333333,14.6,28.3,0.517,1.0,6.8,0.143,3.9,5.9,0.667,2.0,6.8,8.8,3.9,4.9,2.9,0.0,4.9,3.9,6.8,34.2,5.9,54.5,0,0,53.7,1,13222,1,13222,2069,560,375,8516,14674,8825,14649,5872,4675,9425,8608,6658,7054,10216,2490,3326,8263,388,7435,1792,1097,9681,2097,2246,150,1673,1,36:53
2024-25,1630188,Jalen Smith,Jalen,1610612741,CHI,Chicago Bulls,0022400398,2024-12-23T00:00:00,CHI vs. MIL,L,16.783333333333335,12.9,23.6,0.545,2.1,10.7,0.2,2.1,2.1,1.0,4.3,10.7,15.0,4.3,4.3,0.0,0.0,0.0,4.3,4.3,30.0,-21.4,50.2,0,0,51.5,1,13222,1,13222,18397,1076,1199,7695,9482,2751,13429,10148,12274,1,3182,2062,1761,9159,3347,12854,8263,8846,6314,5616,2074,21952,3215,2246,150,2148,1,16:47
2024-25,1628991,Jaren Jackson Jr.,Jaren,1610612763,MEM,Memphis Grizzlies,0022400399,2024-12-23T00:00:00,MEM vs. LAC,L,29.933333333333334,10.8,31.3,0.346,1.2,8.4,0.143,6.0,10.8,0.556,1.2,6.0,7.2,3.6,1.2,0.0,0.0,1.2,4.8,8.4,28.9,2.4,41.7,0,0,40.9,1,13222,1,13222,7840,2396,228,17386,13346,5713,14649,2844,1079,10597,11776,8291,9712,11063,14421,12854,8263,6236,5027,856,2463,11414,6763,2246,150,6274,1,29:56
2024-25,1641790,PJ Hall,PJ,1610612743,DEN,Denver Nuggets,0022400402,2024-12-23T00:00:00,DEN vs. PHX,W,2.75,0.0,0.0,0.0,0.0,0.0,0.0,0.0,0.0,0.0,0.0,26.2,26.2,0.0,0.0,0.0,13.1,0.0,0.0,0.0,0.0,26.2,70.7,0,0,52.4,1,1,13086,1,25087,22635,24836,22635,15070,20945,15070,13505,14344,13505,14058,70,168,19908,16469,12854,33,8846,20257,17725,23200,2587,408,2246,150,1957,1,2:45
2024-25,1630228,Jonathan Kuminga,Jonathan,1610612744,GSW,Golden State Warriors,0022400403,2024-12-23T00:00:00,GSW vs. IND,L,29.863333333333333,10.8,19.3,0.563,2.4,3.6,0.667,7.2,10.8,0.667,4.8,4.8,9.6,4.8,1.2,0.0,1.2,1.2,0.0,6.0,31.3,-2.4,52.6,0,0,50.6,1,13222,1,13222,7916,2382,3501,7127,8446,16404,1957,1845,1069,9425,2537,11360,5878,7858,14398,12854,6135,6215,20257,2582,1685,14264,2575,2246,150,2358,1,29:52
2024-25,203999,Nikola Jokić,Nikola,1610612743,DEN,Denver Nuggets,0022400402,2024-12-23T00:00:00,DEN vs. PHX,W,29.743333333333332,14.5,20.6,0.706,4.8,7.3,0.667,4.8,6.1,0.8,0.0,2.4,2.4,8.5,1.2,0.0,0.0,0.0,1.2,7.3,38.7,23.0,53.1,0,0,54.5,1,1,13086,1,8014,577,2589,3027,2504,7916,1957,4275,4401,7681,14058,18425,20963,2444,14367,12854,8263,8846,18476,1472,536,3269,2408,2246,150,1547,1,29:45
2024-25,1629013,Landry Shamet,Landry,1610612752,NYK,New York Knicks,0022400397,2024-12-23T00:00:00,NYK vs. TOR,W,1.4,25.7,25.7,1.0,0.0,0.0,0.0,0.0,0.0,0.0,0.0,0.0,0.0,0.0,0.0,0.0,0.0,0.0,0.0,0.0,51.4,-25.7,51.4,0,0,51.4,1,1,13086,1,25858,58,687,1,15070,20945,15070,13505,14344,13505,14058,22137,23286,19908,16469,12854,8263,8846,20257,17725,145,22962,2854,2246,150,2162,1,1:24
2024-25,1629645,Kevin Porter Jr.,Kevin,1610612746,LAC,LA Clippers,0022400399,2024-12-23T00:00:00,LAC @ MEM,W,20.35,8.8,24.8,0.357,1.8,5.3,0.333,3.5,3.5,1.0,1.8,8.8,10.6,7.1,5.3,3.5,0.0,3.5,7.1,1.8,23.0,1.8,51.7,0,0,49.5,1,1,13086,1,15748,4978,880,17140,11192,12454,9209,6622,8813,1,9358,3669,4800,3920,1999,2196,8263,888,1920,14039,5478,11758,2788,2246,150,2660,1,20:21
2024-25,1631169,Josh Minott,Josh,1610612750,MIN,Minnesota Timberwolves,0022400395,2024-12-23T00:00:00,MIN @ ATL,L,13.15,2.7,13.7,0.2,0.0,2.7,0.0,5.5,5.5,1.0,5.5,5.5,11.0,8.2,0.0,5.5,0.0,5.5,5.5,2.7,11.0,21.9,52.8,0,0,41.1,1,13222,1,13222,20672,20004,10672,21401,15070,18187,15070,3440,5219,1,1960,9603,4456,2683,16469,649,8263,287,3740,10200,17218,3482,2498,2246,150,6167,1,13:09
2024-25,1629726,Garrison Mathews,Garrison,1610612737,ATL,Atlanta Hawks,0022400395,2024-12-23T00:00:00,ATL vs. MIN,W,25.95,9.7,11.1,0.875,9.7,11.1,0.875,5.5,6.9,0.8,0.0,2.8,2.8,1.4,1.4,2.8,1.4,0.0,2.8,2.8,34.7,8.3,51.2,0,0,56.9,1,1,13086,1,11194,3592,15191,1353,231,2414,1327,3366,3431,7681,14058,17488,20308,18384,13355,3748,5281,8846,11749,10057,1009,8474,2932,2246,150,1176,1,25:57
2024-25,1631133,Jabari Walker,Jabari,1610612757,POR,Portland Trail Blazers,0022400401,2024-12-23T00:00:00,POR @ DAL,L,7.966666666666667,27.1,31.6,0.857,4.5,4.5,1.0,0.0,4.5,0.0,9.0,13.6,22.6,0.0,0.0,0.0,0.0,4.5,0.0,4.5,58.7,22.6,85.9,0,0,85.9,1,13222,1,13222,22821,44,216,1412,3036,14386,1,13505,6807,13505,542,864,288,19908,16469,12854,8263,480,20257,5095,94,3346,128,2246,150,112,1,7:58
2024-25,1631213,Tyrese Martin,Tyrese,1610612751,BKN,Brooklyn Nets,0022400396,2024-12-23T00:00:00,BKN @ MIA,L,22.05666666666667,8.2,11.4,0.714,6.5,8.2,0.8,0.0,0.0,0.0,1.6,6.5,8.2,3.3,3.3,1.6,0.0,0.0,1.6,0.0,22.9,-21.2,39.2,0,0,44.1,1,13222,1,13222,14458,6287,14618,2752,990,6154,1389,13505,14344,13505,9804,7241,7990,12099,5621,7880,8263,8846,16774,17725,5595,21890,8288,2246,150,4659,1,22:03
2024-25,2544,LeBron James,LeBron,1610612747,LAL,Los Angeles Lakers,0022400404,2024-12-23T00:00:00,LAL vs. DET,L,35.44166666666667,10.2,16.3,0.625,2.0,4.1,0.5,6.1,7.1,0.857,2.0,9.1,11.2,11.2,2.0,0.0,0.0,0.0,1.0,4.1,28.4,-1.0,56.6,1,1,52.8,1,13222,1,13222,3123,3055,6748,4899,10008,15452,3944,2782,3255,7071,8252,3367,4258,943,10360,12854,8263,8846,19604,6137,2617,13550,1710,1,1,1850,1,35:27
2024-25,1628384,OG Anunoby,OG,1610612752,NYK,New York Knicks,0022400397,2024-12-23T00:00:00,NYK vs. TOR,W,33.75,13.9,16.0,0.867,4.3,6.4,0.667,1.1,3.2,0.333,2.1,5.3,7.5,4.3,2.1,1.1,0.0,0.0,2.1,2.1,33.1,26.7,49.5,0,0,51.2,1,1,13086,1,4481,743,7106,1408,3452,9750,1957,13015,9523,13132,7837,9937,9240,9213,9825,11327,8263,8846,14444,12470,1306,2488,3421,2246,150,2233,1,33:45
2024-25,1629636,Darius Garland,Darius,1610612739,CLE,Cleveland Cavaliers,0022400392,2024-12-23T00:00:00,CLE vs. UTA,W,32.68333333333333,8.8,15.4,0.571,3.3,6.6,0.5,4.4,5.5,0.8,1.1,2.2,3.3,8.8,2.2,1.1,0.0,1.1,1.1,5.5,25.3,23.1,43.6,0,0,43.0,1,1,13086,1,5409,5058,7938,6538,5647,9298,3944,4982,5180,7681,12459,19058,18981,2178,9498,11009,8263,7034,19092,3328,4036,3233,5841,2246,150,5166,1,32:41
2024-25,1630241,Sam Merrill,Sam,1610612739,CLE,Cleveland Cavaliers,0022400392,2024-12-23T00:00:00,CLE vs. UTA,W,23.966666666666665,9.0,18.0,0.5,9.0,16.5,0.545,3.0,3.0,1.0,1.5,0.0,1.5,6.0,1.5,4.5,0.0,0.0,3.0,3.0,30.0,3.0,52.9,0,0,55.6,1,1,13086,1,12929,4680,4634,8526,296,456,3863,7790,9964,1,10314,22137,22565,5471,12731,1222,8263,8846,10688,9223,2071,11113,2491,2246,150,1378,1,23:58
2024-25,1628449,Chris Boucher,Chris,1610612761,TOR,Toronto Raptors,0022400397,2024-12-23T00:00:00,TOR @ NYK,L,18.7,9.6,11.6,0.833,7.7,9.6,0.8,3.9,3.9,1.0,1.9,3.9,5.8,1.9,0.0,5.8,1.9,0.0,1.9,1.9,30.8,9.6,63.7,0,0,61.6,1,13222,1,13222,17035,3690,14384,1514,533,3945,1389,5977,8134,1,8728,14181,12821,16661,16469,539,3692,8846,15547,13427,1831,7872,819,2246,150,686,1,18:42
2024-25,1629029,Luka Dončić,Luka,1610612742,DAL,Dallas Mavericks,0022400401,2024-12-23T00:00:00,DAL vs. POR,W,29.783333333333335,12.1,23.0,0.526,1.2,8.5,0.143,7.3,9.7,0.75,1.2,7.3,8.5,8.5,3.6,1.2,0.0,0.0,2.4,7.3,32.6,19.3,55.5,0,0,53.2,1,1,13086,1,7977,1470,1401,8379,13315,5653,14649,1828,1517,8186,11733,5902,7528,2458,4721,10101,8263,8846,13117,1476,1394,4158,1896,2246,150,1767,1,29:47
2024-25,1631217,Moussa Diabaté,Moussa,1610612766,CHA,Charlotte Hornets,0022400391,2024-12-23T00:00:00,CHA vs. HOU,L,15.966666666666667,13.5,13.5,1.0,0.0,0.0,0.0,4.5,9.0,0.5,2.3,9.0,11.3,0.0,0.0,0.0,0.0,0.0,0.0,6.8,31.6,27.1,45.1,0,0,42.8,1,13222,1,13222,18951,844,10959,1,15070,20945,15070,4818,1855,10625,7395,3498,4167,19908,16469,12854,8263,8846,20257,1849,1622,2419,5133,2246,150,5229,1,15:58
2024-25,204456,T.J. McConnell,T.J.,1610612754,IND,Indiana Pacers,0022400403,2024-12-23T00:00:00,IND @ GSW,W,20.368333333333332,8.8,17.7,0.5,5.3,5.3,1.0,0.0,0.0,0.0,0.0,0.0,0.0,8.8,3.5,0.0,1.8,0.0,1.8,1.8,23.0,-31.8,38.0,0,0,40.7,1,1,13086,1,15740,4992,5041,8526,1946,12459,1,13505,14344,13505,14058,22137,23286,2145,4942,12854,4129,8846,16317,14050,5503,24009,9027,2246,150,6409,1,20:22
2024-25,1629008,Michael Porter Jr.,Michael,1610612743,DEN,Denver Nuggets,0022400402,2024-12-23T00:00:00,DEN vs. PHX,W,29.566666666666666,12.2,14.6,0.833,2.4,4.9,0.5,2.4,2.4,1.0,2.4,4.9,7.3,4.9,1.2,0.0,0.0,0.0,1.2,3.7,29.2,26.8,44.1,0,0,43.8,1,1,13086,1,8168,1414,9183,1514,8354,13506,3944,9228,11374,1,6821,11236,9562,7756,14309,12854,8263,8846,18433,7254,2371,2471,5631,2246,150,4772,1,29:34
2024-25,203944,Julius Randle,Julius,1610612750,MIN,Minnesota Timberwolves,0022400395,2024-12-23T00:00:00,MIN @ ATL,L,35.61666666666667,6.1,15.2,0.4,2.0,7.1,0.286,5.1,6.1,0.833,6.1,7.1,13.1,7.1,8.1,0.0,1.0,1.0,3.0,5.1,19.2,-5.1,40.5,1,0,43.5,1,13222,1,13222,2975,11327,8321,14933,10060,8306,11433,3953,4387,7275,1581,6219,2714,3922,573,12854,7413,7820,10569,4008,8647,15622,7440,1,150,4933,1,35:37
2024-25,1629018,Gary Trent Jr.,Gary,1610612749,MIL,Milwaukee Bucks,0022400398,2024-12-23T00:00:00,MIL @ CHI,W,16.65,10.8,21.6,0.5,8.6,13.0,0.667,0.0,0.0,0.0,2.2,6.5,8.6,0.0,0.0,2.2,0.0,0.0,4.3,2.2,30.3,34.6,47.1,0,0,51.9,1,1,13086,1,18502,2410,1975,8526,342,1310,1957,13505,14344,13505,7714,7336,7229,19908,16469,5538,8263,8846,6206,12334,1997,1435,4267,2246,150,2064,1,16:39
2024-25,1629026,Kenrich Williams,Kenrich,1610612760,OKC,Oklahoma City Thunder,0022400400,2024-12-23T00:00:00,OKC vs. WAS,W,13.083333333333334,8.3,19.3,0.429,2.8,13.8,0.2,0.0,0.0,0.0,8.3,13.8,22.0,2.8,2.8,8.3,0.0,0.0,2.8,0.0,19.3,52.3,71.8,0,0,63.3,1,1,13086,1,20706,6075,3537,13735,7375,1004,13429,13505,14344,13505,712,812,338,13745,7371,191,8263,8846,11832,17725,8585,499,375,2246,150,562,1,13:05
2024-25,1630537,Chris Duarte,Chris,1610612741,CHI,Chicago Bulls,0022400398,2024-12-23T00:00:00,CHI vs. MIL,L,4.2,8.6,17.1,0.5,0.0,0.0,0.0,0.0,0.0,0.0,0.0,17.1,17.1,8.6,0.0,0.0,0.0,0.0,0.0,0.0,17.1,8.6,50.6,0,0,42.9,1,13222,1,13222,24380,5483,5641,8526,15070,20945,15070,13505,14344,13505,14058,319,1086,2364,16469,12854,8263,8846,20257,17725,10684,8374,3107,2246,150,5218,1,4:12
2024-25,1626204,Larry Nance Jr.,Larry,1610612737,ATL,Atlanta Hawks,0022400395,2024-12-23T00:00:00,ATL vs. MIN,W,21.1,3.4,6.8,0.5,3.4,6.8,0.5,0.0,0.0,0.0,0.0,6.8,6.8,3.4,0.0,3.4,5.1,0.0,1.7,0.0,10.2,13.6,49.1,0,0,40.9,1,1,13086,1,15227,18515,21761,8526,5354,8840,3944,13505,14344,13505,14058,6669,10477,11655,16469,2360,487,8846,16515,17725,17910,6149,3566,2246,150,6236,1,21:06
2024-25,1630596,Evan Mobley,Evan,1610612739,CLE,Cleveland Cavaliers,0022400392,2024-12-23T00:00:00,CLE vs. UTA,W,33.7,9.6,18.2,0.529,3.2,5.3,0.6,1.1,2.1,0.5,2.1,8.5,10.7,4.3,2.1,1.1,3.2,2.1,2.1,3.2,23.5,18.2,53.4,1,0,50.2,1,1,13086,1,4549,3703,4496,8281,5941,12348,2992,13008,12298,10625,7818,3997,4735,9198,9797,11299,1473,2811,14422,8545,5126,4500,2351,1,150,2481,1,33:42
2024-25,1630166,Deni Avdija,Deni,1610612757,POR,Portland Trail Blazers,0022400401,2024-12-23T00:00:00,POR @ DAL,L,22.95,9.4,17.3,0.545,3.1,6.3,0.5,7.8,12.5,0.625,6.3,3.1,9.4,4.7,3.1,0.0,1.6,3.1,6.3,7.8,29.8,-22.0,49.7,0,0,50.2,1,13222,1,13222,13753,4005,5506,7695,6124,10032,3944,1482,662,10271,1489,16313,6164,8173,6025,12854,4648,1209,2630,1100,2157,22060,3346,2246,150,2483,1,22:57
2024-25,1627824,Guerschon Yabusele,Guerschon,1610612755,PHI,Philadelphia 76ers,0022400394,2024-12-23T00:00:00,PHI vs. SAS,W,31.85,6.8,9.0,0.75,3.4,5.7,0.6,2.3,2.3,1.0,1.1,3.4,4.5,2.3,2.3,4.5,1.1,0.0,2.3,2.3,19.2,7.9,42.7,0,0,40.7,1,1,13086,1,6101,9467,18654,2107,5403,11577,2992,9751,11899,1,12257,15540,15991,15388,9261,1213,6605,8846,13820,11897,8639,8679,6259,2246,150,6383,1,31:51
2024-25,1629673,Jordan Poole,Jordan,1610612764,WAS,Washington Wizards,0022400400,2024-12-23T00:00:00,WAS @ OKC,L,37.666666666666664,8.6,19.1,0.45,4.8,11.5,0.417,7.6,9.6,0.8,1.0,1.9,2.9,6.7,3.8,1.9,1.0,0.0,2.9,9.6,29.6,-9.6,47.9,0,0,49.7,1,13222,1,13222,1590,5440,3648,12982,2595,2126,7826,1578,1567,7681,13599,19937,20074,4442,4256,6706,7777,8846,11327,507,2226,17698,4012,2246,150,2612,1,37:40
2024-25,1626157,Karl-Anthony Towns,Karl-Anthony,1610612752,NYK,New York Knicks,0022400397,2024-12-23T00:00:00,NYK vs. TOR,W,32.11666666666667,12.3,16.8,0.733,1.1,3.4,0.333,9.0,11.2,0.8,3.4,7.8,11.2,7.8,1.1,1.1,0.0,0.0,6.7,10.1,34.7,19.1,62.2,1,0,57.2,1,1,13086,1,5871,1337,6021,2644,13829,16946,9209,1017,971,7681,4610,4949,4231,3048,15002,10858,8263,8846,2197,397,999,4243,947,1,150,1140,1,32:07
2024-25,1631159,Leonard Miller,Leonard,1610612750,MIN,Minnesota Timberwolves,0022400395,2024-12-23T00:00:00,MIN @ ATL,L,1.6333333333333333,0.0,0.0,0.0,0.0,0.0,0.0,44.1,44.1,1.0,0.0,0.0,0.0,0.0,0.0,22.0,0.0,0.0,0.0,22.0,44.1,88.2,110.2,0,0,88.2,1,13222,1,13222,25696,22635,24836,22635,15070,20945,15070,9,23,1,14058,22137,23286,19908,16469,16,8263,8846,20257,31,280,115,52,2246,150,101,1,1:38
2024-25,203903,Jordan Clarkson,Jordan,1610612762,UTA,Utah Jazz,0022400392,2024-12-23T00:00:00,UTA @ CLE,L,33.483333333333334,7.5,18.3,0.412,3.2,5.4,0.6,10.8,11.8,0.909,0.0,6.5,6.5,5.4,4.3,2.2,1.1,0.0,5.4,8.6,29.0,4.3,50.2,0,0,50.5,1,13222,1,13222,4745,7711,4386,14791,5886,12261,2992,525,804,6764,14058,7410,11273,6674,3326,5594,6940,8846,3880,785,2416,10483,3213,2246,150,2383,1,33:29
2024-25,1641708,Amen Thompson,Amen,1610612745,HOU,Houston Rockets,0022400391,2024-12-23T00:00:00,HOU @ CHA,W,38.03333333333333,7.6,15.1,0.5,1.9,5.7,0.333,0.9,0.9,1.0,4.7,5.7,10.4,2.8,1.9,0.9,2.8,1.9,0.0,2.8,18.0,16.1,44.2,1,0,40.7,1,1,13086,1,1365,7588,8350,8526,10661,11510,9209,13380,14284,1,2631,9092,4994,13475,11081,12383,1895,3575,20257,9821,9860,5219,5570,1,150,6377,1,38:02
2024-25,1629655,Daniel Gafford,Daniel,1610612742,DAL,Dallas Mavericks,0022400401,2024-12-23T00:00:00,DAL vs. POR,W,20.851666666666667,12.1,12.1,1.0,0.0,0.0,0.0,15.5,24.2,0.643,1.7,6.9,8.6,3.5,0.0,0.0,1.7,0.0,0.0,17.3,39.7,17.3,60.4,0,0,55.2,1,1,13086,1,15396,1473,13446,1,15070,20945,15070,154,87,10250,9484,6518,7254,11543,16469,12854,4233,8846,20257,68,468,4819,1142,2246,150,1425,1,20:51
2024-25,1630217,Desmond Bane,Desmond,1610612763,MEM,Memphis Grizzlies,0022400399,2024-12-23T00:00:00,MEM vs. LAC,L,31.866666666666667,7.9,16.9,0.467,3.4,7.9,0.429,4.5,5.6,0.8,3.4,6.8,10.2,7.9,4.5,2.3,0.0,1.1,3.4,2.3,23.7,0.0,50.0,0,0,49.7,1,13222,1,13222,6086,6834,5860,12249,5408,6615,7394,4803,4975,7681,4560,6739,5263,2988,2972,5183,8263,6796,9121,11899,4971,12240,3263,2246,150,2610,1,31:52
2024-25,1642349,Ajay Mitchell,Ajay,1610612760,OKC,Oklahoma City Thunder,0022400400,2024-12-23T00:00:00,OKC vs. WAS,W,21.515,10.0,11.7,0.857,3.3,5.0,0.667,3.3,5.0,0.667,5.0,15.1,20.1,3.3,3.3,1.7,1.7,0.0,3.3,3.3,26.8,33.5,62.6,1,0,60.2,1,1,13086,1,14930,3179,14087,1412,5521,13161,1957,7006,5884,9425,2363,557,516,11826,5367,7706,4353,8846,9264,8102,3313,1575,908,1,150,806,1,21:31
2024-25,1641796,Pelle Larsson,Pelle,1610612748,MIA,Miami Heat,0022400396,2024-12-23T00:00:00,MIA vs. BKN,W,16.743333333333332,0.0,10.8,0.0,0.0,6.5,0.0,4.3,4.3,1.0,0.0,2.2,2.2,2.2,2.2,2.2,0.0,0.0,4.3,4.3,4.3,-10.8,14.4,0,0,12.9,1,1,13086,1,18430,22635,15778,22635,15070,9651,15070,5150,7210,1,14058,19208,21514,15819,9726,5596,8263,8846,6287,5588,22409,18209,23360,2246,150,23743,1,16:45
2024-25,1630162,Anthony Edwards,Anthony,1610612750,MIN,Minnesota Timberwolves,0022400395,2024-12-23T00:00:00,MIN @ ATL,L,32.28333333333333,7.8,22.3,0.35,1.1,7.8,0.143,1.1,1.1,1.0,2.2,4.5,6.7,4.5,5.6,2.2,0.0,1.1,1.1,2.2,17.8,-25.6,33.7,0,0,34.6,1,13222,1,13222,5753,7051,1677,17337,13859,6787,14649,12870,14018,1,7488,12376,10744,8743,1746,5269,8263,6911,19010,12028,9987,22946,12051,2246,150,10389,1,32:17
2024-25,1630202,Payton Pritchard,Payton,1610612738,BOS,Boston Celtics,0022400393,2024-12-23T00:00:00,BOS @ ORL,L,21.11,5.1,11.9,0.429,1.7,8.5,0.2,0.0,0.0,0.0,1.7,3.4,5.1,1.7,3.4,0.0,0.0,1.7,1.7,1.7,11.9,-20.5,17.2,0,0,20.5,1,13222,1,13222,15223,14040,13695,13735,11385,5533,13429,13505,14344,13505,9559,15488,14470,17350,5209,12854,8263,4132,16519,14248,16209,21697,22398,2246,150,20598,1,21:07
2024-25,1642419,Jamison Battle,Jamison,1610612761,TOR,Toronto Raptors,0022400397,2024-12-23T00:00:00,TOR @ NYK,L,14.216666666666667,2.5,7.6,0.333,0.0,5.1,0.0,5.1,5.1,1.0,2.5,2.5,5.1,5.1,0.0,0.0,0.0,0.0,2.5,2.5,10.1,-27.9,23.8,0,0,20.3,1,13222,1,13222,20066,20402,20798,17395,15070,13040,15070,3940,5804,1,6517,18096,14622,7323,16469,12854,8263,8846,12660,10865,18022,23404,19091,2246,150,20719,1,14:13
2024-25,1630249,Vít Krejčí,Vít,1610612737,ATL,Atlanta Hawks,0022400395,2024-12-23T00:00:00,ATL vs. MIN,W,16.7,2.2,4.3,0.5,0.0,2.2,0.0,0.0,0.0,0.0,0.0,6.5,6.5,2.2,4.3,0.0,0.0,0.0,0.0,2.2,4.3,8.6,11.0,0,0,12.9,1,1,13086,1,18461,21125,23910,8526,15070,19250,15070,13505,14344,13505,14058,7383,11241,15792,3293,12854,8263,8846,20257,12365,22394,8348,24239,2246,150,23733,1,16:42
2024-25,202692,Alec Burks,Alec,1610612748,MIA,Miami Heat,0022400396,2024-12-23T00:00:00,MIA vs. BKN,W,24.206666666666667,5.9,11.9,0.5,4.5,8.9,0.5,1.5,3.0,0.5,1.5,3.0,4.5,1.5,0.0,1.5,1.5,1.5,3.0,1.5,17.8,25.3,34.4,0,0,34.2,1,1,13086,1,12725,11664,13769,8526,3126,4935,3944,11820,10039,10625,10367,16814,16147,18027,16469,8468,4901,4823,10834,15052,9983,2752,11555,2246,150,10696,1,24:12
2024-25,203497,Rudy Gobert,Rudy,1610612750,MIN,Minnesota Timberwolves,0022400395,2024-12-23T00:00:00,MIN @ ATL,L,28.316666666666666,1.3,5.1,0.25,0.0,0.0,0.0,0.0,0.0,0.0,2.5,5.1,7.6,0.0,3.8,0.0,1.3,1.3,1.3,1.3,2.5,-20.3,11.7,0,0,12.7,1,13222,1,13222,9285,22429,23401,20233,15070,20945,15070,13505,14344,13505,6488,10620,8920,19908,4280,12854,5786,5801,18162,16024,23065,21644,24088,2246,150,23800,1,28:19
2024-25,1630811,Keaton Wallace,Keaton,1610612737,ATL,Atlanta Hawks,0022400395,2024-12-23T00:00:00,ATL vs. MIN,W,1.4,0.0,0.0,0.0,0.0,0.0,0.0,0.0,0.0,0.0,0.0,0.0,0.0,0.0,25.7,0.0,0.0,0.0,0.0,0.0,0.0,-51.4,-25.7,0,0,0.0,1,1,13086,1,25858,22635,24836,22635,15070,20945,15070,13505,14344,13505,14058,22137,23286,19908,24,12854,8263,8846,20257,17725,23200,25442,26291,2246,150,25259,1,1:24
2024-25,1630534,Ochai Agbaji,Ochai,1610612761,TOR,Toronto Raptors,0022400397,2024-12-23T00:00:00,TOR @ NYK,L,20.333333333333332,3.5,10.6,0.333,0.0,7.1,0.0,0.0,0.0,0.0,0.0,3.5,3.5,1.8,0.0,0.0,0.0,0.0,3.5,0.0,7.1,-26.6,14.0,0,0,12.4,1,13222,1,13222,15758,18223,16013,17395,15070,8280,15070,13505,14344,13505,14058,15105,18462,17168,16469,12854,8263,8846,8628,17725,20653,23142,23506,2246,150,23901,1,20:20
2024-25,1629028,Deandre Ayton,Deandre,1610612757,POR,Portland Trail Blazers,0022400401,2024-12-23T00:00:00,POR @ DAL,L,25.716666666666665,11.2,15.4,0.727,0.0,0.0,0.0,0.0,0.0,0.0,5.6,7.0,12.6,0.0,1.4,2.8,0.0,0.0,4.2,0.0,22.4,-28.0,44.5,0,0,40.6,1,13222,1,13222,11386,2095,7962,2666,15070,20945,15070,13505,14344,13505,1881,6360,3065,19908,13283,3690,8263,8846,6558,17725,5926,23426,5416,2246,150,6442,1,25:43
2024-25,1627752,Taurean Prince,Taurean,1610612749,MIL,Milwaukee Bucks,0022400398,2024-12-23T00:00:00,MIL @ CHI,W,23.166666666666668,1.6,10.9,0.143,0.0,7.8,0.0,3.1,3.1,1.0,1.6,6.2,7.8,3.1,3.1,1.6,0.0,1.6,1.6,1.6,6.2,15.5,21.8,0,0,20.2,1,1,13086,1,13583,22102,15555,22260,15070,6854,15070,7518,9699,1,10106,7863,8672,12583,6097,8172,8263,4574,17025,14783,21243,5415,20287,2246,150,20747,1,23:10
2024-25,1629312,Haywood Highsmith,Haywood,1610612748,MIA,Miami Heat,0022400396,2024-12-23T00:00:00,MIA vs. BKN,W,20.4,1.8,7.1,0.25,1.8,5.3,0.333,0.0,0.0,0.0,0.0,3.5,3.5,0.0,1.8,0.0,0.0,0.0,5.3,0.0,5.3,26.5,7.8,0,0,10.6,1,1,13086,1,15715,21810,21490,20233,11206,12475,9209,13505,14344,13505,14058,15141,18486,19908,11684,12854,8263,8846,4027,17725,21850,2526,24727,2246,150,24313,1,20:24
2024-25,202704,Reggie Jackson,Reggie,1610612755,PHI,Philadelphia 76ers,0022400394,2024-12-23T00:00:00,PHI vs. SAS,W,5.8,0.0,6.2,0.0,0.0,6.2,0.0,0.0,0.0,0.0,0.0,0.0,0.0,0.0,0.0,0.0,0.0,0.0,0.0,0.0,0.0,12.4,0.0,0,0,0.0,1,1,13086,1,23670,22635,22415,22635,15070,10184,15070,13505,14344,13505,14058,22137,23286,19908,16469,12854,8263,8846,20257,17725,23200,6627,25228,2246,150,25259,1,5:48
2024-25,1630552,Jalen Johnson,Jalen,1610612737,ATL,Atlanta Hawks,0022400395,2024-12-23T00:00:00,ATL vs. MIN,W,35.0,8.2,14.4,0.571,0.0,3.1,0.0,1.0,1.0,1.0,2.1,9.3,11.3,7.2,1.0,2.1,0.0,1.0,2.1,2.1,17.5,5.1,47.0,1,0,40.1,1,1,13086,1,3460,6146,9521,6538,15070,17475,15070,13146,14172,1,8126,3247,4117,3761,15643,5973,8263,7676,14830,12811,10340,10031,4312,1,150,6714,1,35:00
2024-25,203924,Jerami Grant,Jerami,1610612757,POR,Portland Trail Blazers,0022400401,2024-12-23T00:00:00,POR @ DAL,L,20.016666666666666,1.8,12.6,0.143,1.8,7.2,0.25,0.0,0.0,0.0,0.0,1.8,1.8,3.6,1.8,0.0,0.0,0.0,3.6,1.8,5.4,-25.2,11.2,0,0,12.6,1,13222,1,13222,16001,21760,12598,22260,11083,8055,11902,13505,14344,13505,14058,20247,22162,11096,11561,12854,8263,8846,8436,13947,21800,22847,24211,2246,150,23844,1,20:01
2024-25,1627732,Ben Simmons,Ben,1610612751,BKN,Brooklyn Nets,0022400396,2024-12-23T00:00:00,BKN @ MIA,L,29.7,1.2,2.4,0.5,0.0,0.0,0.0,2.4,2.4,1.0,0.0,2.4,2.4,10.9,1.2,1.2,0.0,0.0,1.2,2.4,4.8,-6.1,26.5,0,0,20.6,1,13222,1,13222,8039,22483,24664,8526,15070,20945,15070,9265,11412,1,14058,18414,20954,1029,14352,10072,8263,8846,18464,11252,22093,16088,17262,2246,150,20515,1,29:42
2024-25,1641798,Jaylen Martin,Jaylen,1610612751,BKN,Brooklyn Nets,0022400396,2024-12-23T00:00:00,BKN @ MIA,L,1.6166666666666667,0.0,22.3,0.0,0.0,0.0,0.0,0.0,0.0,0.0,0.0,0.0,0.0,0.0,0.0,0.0,0.0,0.0,0.0,0.0,0.0,111.3,0.0,0,0,0.0,1,13222,1,13222,25706,22635,1692,22635,15070,20945,15070,13505,14344,13505,14058,22137,23286,19908,16469,12854,8263,8846,20257,17725,23200,52,25228,2246,150,25259,1,1:37
2024-25,1641736,Reece Beekman,Reece,1610612751,BKN,Brooklyn Nets,0022400396,2024-12-23T00:00:00,BKN @ MIA,L,1.6166666666666667,0.0,0.0,0.0,0.0,0.0,0.0,0.0,0.0,0.0,0.0,0.0,0.0,0.0,0.0,0.0,0.0,0.0,0.0,0.0,0.0,111.3,0.0,0,0,0.0,1,13222,1,13222,25706,22635,24836,22635,15070,20945,15070,13505,14344,13505,14058,22137,23286,19908,16469,12854,8263,8846,20257,17725,23200,52,25228,2246,150,25259,1,1:37
2024-25,1630528,Josh Christopher,Josh,1610612748,MIA,Miami Heat,0022400396,2024-12-23T00:00:00,MIA vs. BKN,W,1.6166666666666667,0.0,22.3,0.0,0.0,22.3,0.0,0.0,0.0,0.0,0.0,0.0,0.0,0.0,22.3,0.0,0.0,0.0,0.0,0.0,0.0,-111.3,-22.3,0,0,0.0,1,1,13086,1,25706,22635,1692,22635,15070,165,15070,13505,14344,13505,14058,22137,23286,19908,40,12854,8263,8846,20257,17725,23200,26200,26283,2246,150,25259,1,1:37
2024-25,1630649,Stanley Umude,Stanley,1610612749,MIL,Milwaukee Bucks,0022400398,2024-12-23T00:00:00,MIL @ CHI,W,1.5,0.0,24.0,0.0,0.0,24.0,0.0,0.0,0.0,0.0,0.0,0.0,0.0,0.0,0.0,0.0,0.0,0.0,24.0,0.0,0.0,-96.0,0.0,0,0,0.0,1,1,13086,1,25800,22635,1050,22635,15070,118,15070,13505,14344,13505,14058,22137,23286,19908,16469,12854,8263,8846,69,17725,23200,26122,25228,2246,150,25259,1,1:30
2024-25,1631223,David Roddy,David,1610612737,ATL,Atlanta Hawks,0022400395,2024-12-23T00:00:00,ATL vs. MIN,W,1.4,0.0,0.0,0.0,0.0,0.0,0.0,0.0,0.0,0.0,0.0,0.0,0.0,0.0,0.0,0.0,0.0,0.0,0.0,0.0,0.0,-51.4,0.0,0,0,0.0,1,1,13086,1,25858,22635,24836,22635,15070,20945,15070,13505,14344,13505,14058,22137,23286,19908,16469,12854,8263,8846,20257,17725,23200,25442,25228,2246,150,25259,1,1:24
2024-25,1641716,Jarace Walker,Jarace,1610612754,IND,Indiana Pacers,0022400403,2024-12-23T00:00:00,IND @ GSW,W,4.15,8.7,8.7,1.0,0.0,0.0,0.0,0.0,0.0,0.0,0.0,17.3,17.3,0.0,0.0,0.0,0.0,0.0,0.0,0.0,17.3,-8.7,38.2,0,0,34.7,1,1,13086,1,24401,5300,19232,1,15070,20945,15070,13505,14344,13505,14058,311,1049,19908,16469,12854,8263,8846,20257,17725,10474,17274,8909,2246,150,10296,1,4:09
2024-25,1630639,A.J. Lawson,A.J.,1610612761,TOR,Toronto Raptors,0022400397,2024-12-23T00:00:00,TOR @ NYK,L,4.15,8.7,8.7,1.0,8.7,8.7,1.0,0.0,0.0,0.0,0.0,0.0,0.0,0.0,0.0,0.0,0.0,0.0,0.0,0.0,26.0,43.4,26.0,0,0,34.7,1,13222,1,13222,24401,5300,19232,1,336,5306,1,13505,14344,13505,14058,22137,23286,19908,16469,12854,8263,8846,20257,17725,3670,763,17605,2246,150,10296,1,4:09
2024-25,1627884,Derrick Jones Jr.,Derrick,1610612746,LAC,LA Clippers,0022400399,2024-12-23T00:00:00,LAC @ MEM,W,21.8,8.3,18.2,0.455,0.0,3.3,0.0,5.0,5.0,1.0,3.3,0.0,3.3,0.0,0.0,3.3,1.7,0.0,5.0,3.3,21.5,6.6,40.3,0,0,34.7,1,1,13086,1,14669,6072,4489,12676,15070,17062,15070,4118,6024,1,4745,22137,18982,19908,16469,2559,4412,8846,4710,8239,6674,9331,7578,2246,150,10311,1,21:48
2024-25,1630696,Dru Smith,Dru,1610612748,MIA,Miami Heat,0022400396,2024-12-23T00:00:00,MIA vs. BKN,W,7.2,0.0,5.0,0.0,0.0,0.0,0.0,0.0,0.0,0.0,0.0,5.0,5.0,5.0,10.0,0.0,0.0,0.0,5.0,0.0,0.0,30.0,3.5,0,0,10.0,1,1,13086,1,23096,22635,23463,22635,15070,20945,15070,13505,14344,13505,14058,10880,14788,7471,328,12854,8263,8846,4604,17725,23200,1959,25108,2246,150,24419,1,7:12
2024-25,1641890,Tyler Smith,Tyler,1610612749,MIL,Milwaukee Bucks,0022400398,2024-12-23T00:00:00,MIL @ CHI,W,3.6333333333333333,9.9,9.9,1.0,0.0,0.0,0.0,0.0,0.0,0.0,0.0,19.8,19.8,0.0,0.0,0.0,0.0,0.0,0.0,0.0,19.8,-9.9,43.6,0,0,39.6,1,1,13086,1,24652,3317,17220,1,15070,20945,15070,13505,14344,13505,14058,178,558,19908,16469,12854,8263,8846,20257,17725,8053,17852,5854,2246,150,6986,1,3:38
2024-25,201566,Russell Westbrook,Russell,1610612743,DEN,Denver Nuggets,0022400402,2024-12-23T00:00:00,DEN vs. PHX,W,24.8,7.3,17.4,0.417,1.5,7.3,0.2,0.0,0.0,0.0,4.4,2.9,7.3,10.2,4.4,2.9,0.0,0.0,2.9,0.0,16.0,14.5,44.3,0,0,40.6,1,1,13086,1,12175,8320,5328,14532,12246,7920,13429,13505,14344,13505,3098,17077,9646,1358,3211,3402,8263,8846,11175,17725,11953,5816,5530,2246,150,6414,1,24:48
2024-25,1631210,Jacob Toppin,Jacob,1610612752,NYK,New York Knicks,0022400397,2024-12-23T00:00:00,NYK vs. TOR,W,1.4,0.0,0.0,0.0,0.0,0.0,0.0,0.0,0.0,0.0,0.0,0.0,0.0,0.0,0.0,0.0,0.0,0.0,25.7,0.0,0.0,-25.7,0.0,0,0,0.0,1,1,13086,1,25858,22635,24836,22635,15070,20945,15070,13505,14344,13505,14058,22137,23286,19908,16469,12854,8263,8846,60,17725,23200,22962,25228,2246,150,25259,1,1:24
2024-25,1642278,Tyler Kolek,Tyler,1610612752,NYK,New York Knicks,0022400397,2024-12-23T00:00:00,NYK vs. TOR,W,1.4,0.0,25.7,0.0,0.0,0.0,0.0,0.0,0.0,0.0,0.0,0.0,0.0,0.0,0.0,0.0,0.0,25.7,25.7,0.0,0.0,-25.7,0.0,0,0,0.0,1,1,13086,1,25858,22635,687,22635,15070,20945,15070,13505,14344,13505,14058,22137,23286,19908,16469,12854,8263,11,60,17725,23200,22962,25228,2246,150,25259,1,1:24
2024-25,1629632,Coby White,Coby,1610612741,CHI,Chicago Bulls,0022400398,2024-12-23T00:00:00,CHI vs. MIL,L,34.06666666666667,4.2,11.6,0.364,2.1,6.3,0.333,0.0,0.0,0.0,1.1,1.1,2.1,3.2,3.2,1.1,0.0,0.0,0.0,5.3,10.6,-13.7,17.9,0,0,20.1,1,13222,1,13222,4190,16522,14269,16861,9627,9886,9209,13505,14344,13505,12818,21864,21587,12421,5907,11427,8263,8846,20257,3657,17598,19394,22161,2246,150,20819,1,34:04
2024-25,1628408,PJ Dozier,PJ,1610612750,MIN,Minnesota Timberwolves,0022400395,2024-12-23T00:00:00,MIN @ ATL,L,1.6333333333333333,0.0,0.0,0.0,0.0,0.0,0.0,0.0,0.0,0.0,0.0,0.0,0.0,0.0,0.0,0.0,0.0,0.0,0.0,0.0,0.0,88.2,0.0,0,0,0.0,1,13222,1,13222,25696,22635,24836,22635,15070,20945,15070,13505,14344,13505,14058,22137,23286,19908,16469,12854,8263,8846,20257,17725,23200,115,25228,2246,150,25259,1,1:38
2024-25,1631218,Trayce Jackson-Davis,Trayce,1610612744,GSW,Golden State Warriors,0022400403,2024-12-23T00:00:00,GSW vs. IND,L,23.133333333333333,9.3,14.0,0.667,0.0,0.0,0.0,1.6,1.6,1.0,4.7,7.8,12.4,4.7,0.0,0.0,1.6,1.6,0.0,3.1,20.2,-26.5,46.8,0,0,40.5,1,13222,1,13222,13610,4146,10170,3281,15070,20945,15070,11677,13437,1,2726,5033,3157,8261,16469,12854,4689,4566,20257,8843,7711,23126,4378,2246,150,6512,1,23:08
2024-25,1630699,MarJon Beauchamp,MarJon,1610612749,MIL,Milwaukee Bucks,0022400398,2024-12-23T00:00:00,MIL @ CHI,W,3.6333333333333333,0.0,9.9,0.0,0.0,9.9,0.0,0.0,0.0,0.0,0.0,0.0,0.0,0.0,9.9,0.0,0.0,0.0,0.0,0.0,0.0,-9.9,-9.9,0,0,0.0,1,1,13086,1,24652,22635,17220,22635,15070,3600,15070,13505,14344,13505,14058,22137,23286,19908,335,12854,8263,8846,20257,17725,23200,17852,26218,2246,150,25259,1,3:38
2024-25,1631172,Ousmane Dieng,Ousmane,1610612760,OKC,Oklahoma City Thunder,0022400400,2024-12-23T00:00:00,OKC vs. WAS,W,2.9833333333333334,0.0,12.1,0.0,0.0,0.0,0.0,0.0,0.0,0.0,0.0,12.1,12.1,0.0,0.0,0.0,0.0,12.1,0.0,0.0,0.0,-12.1,14.5,0,0,12.1,1,1,13086,1,24995,22635,13474,22635,15070,20945,15070,13505,14344,13505,14058,1316,3434,19908,16469,12854,8263,44,20257,17725,23200,18762,23335,2246,150,23958,1,2:59
2024-25,1628964,Mo Bamba,Mo,1610612746,LAC,LA Clippers,0022400399,2024-12-23T00:00:00,LAC @ MEM,W,6.2,0.0,5.8,0.0,0.0,5.8,0.0,0.0,0.0,0.0,0.0,5.8,5.8,0.0,5.8,0.0,17.4,0.0,23.2,0.0,0.0,-81.3,53.4,0,0,40.6,1,1,13086,1,23518,22635,22803,22635,15070,11190,15070,13505,14344,13505,14058,8783,12747,19908,1548,12854,16,8846,80,17725,23200,26016,2348,2246,150,6414,1,6:12
2024-25,1641857,Liam Robbins,Liam,1610612749,MIL,Milwaukee Bucks,0022400398,2024-12-23T00:00:00,MIL @ CHI,W,3.6333333333333333,0.0,0.0,0.0,0.0,0.0,0.0,0.0,0.0,0.0,9.9,9.9,19.8,0.0,0.0,0.0,0.0,0.0,0.0,0.0,0.0,-9.9,23.8,0,0,19.8,1,1,13086,1,24652,22635,24836,22635,15070,20945,15070,13505,14344,13505,414,2646,558,19908,16469,12854,8263,8846,20257,17725,23200,17852,19106,2246,150,20962,1,3:38
2024-25,1630625,Dalano Banton,Dalano,1610612757,POR,Portland Trail Blazers,0022400401,2024-12-23T00:00:00,POR @ DAL,L,12.8,2.8,8.4,0.333,0.0,5.6,0.0,2.8,5.6,0.5,0.0,2.8,2.8,8.4,8.4,0.0,0.0,0.0,0.0,2.8,8.4,0.0,16.0,0,0,19.7,1,13222,1,13222,20839,19847,19585,17395,15070,11644,15070,8318,5010,10625,14058,17359,20217,2475,512,12854,8263,8846,20257,9924,19565,12240,22842,2246,150,21045,1,12:48
2024-25,1630192,Zeke Nnaji,Zeke,1610612743,DEN,Denver Nuggets,0022400402,2024-12-23T00:00:00,DEN vs. PHX,W,4.066666666666666,0.0,8.9,0.0,0.0,8.9,0.0,0.0,0.0,0.0,0.0,0.0,0.0,0.0,0.0,0.0,0.0,0.0,8.9,8.9,0.0,17.7,0.0,0,0,0.0,1,1,13086,1,24450,22635,18928,22635,15070,5015,15070,13505,14344,13505,14058,22137,23286,19908,16469,12854,8263,8846,1012,705,23200,4658,25228,2246,150,25259,1,4:04
2024-25,203110,Draymond Green,Draymond,1610612744,GSW,Golden State Warriors,0022400403,2024-12-23T00:00:00,GSW vs. IND,L,25.916666666666668,1.4,6.9,0.2,1.4,6.9,0.2,1.4,5.6,0.25,0.0,9.7,9.7,6.9,2.8,4.2,1.4,0.0,2.8,2.8,5.6,-8.3,41.5,0,0,34.7,1,13222,1,13222,11230,22303,21624,21401,12487,8579,13429,12046,5111,13358,14058,2795,5769,4070,7295,1481,5272,8846,11733,10043,21697,17111,6868,2246,150,10274,1,25:55
2024-25,1628386,Jarrett Allen,Jarrett,1610612739,CLE,Cleveland Cavaliers,0022400392,2024-12-23T00:00:00,CLE vs. UTA,W,26.893333333333334,2.7,8.0,0.333,0.0,0.0,0.0,4.0,5.4,0.75,2.7,5.4,8.0,2.7,1.3,0.0,0.0,1.3,1.3,2.7,9.4,13.4,21.7,0,0,20.1,1,1,13086,1,10430,20136,20205,17395,15070,20945,15070,5668,5377,8186,6153,9889,8212,13972,13627,12854,8263,5452,17867,10384,18759,6233,20325,2246,150,20817,1,26:54
2024-25,203552,Seth Curry,Seth,1610612766,CHA,Charlotte Hornets,0022400391,2024-12-23T00:00:00,CHA vs. HOU,L,6.483333333333333,0.0,11.1,0.0,0.0,0.0,0.0,0.0,0.0,0.0,0.0,0.0,0.0,0.0,0.0,0.0,0.0,5.6,0.0,0.0,0.0,-5.6,0.0,0,0,0.0,1,13222,1,13222,23375,22635,15185,22635,15070,20945,15070,13505,14344,13505,14058,22137,23286,19908,16469,12854,8263,273,20257,17725,23200,15855,25228,2246,150,25259,1,6:29
2024-25,1631200,Kris Murray,Kris,1610612757,POR,Portland Trail Blazers,0022400401,2024-12-23T00:00:00,POR @ DAL,L,18.4,2.0,7.8,0.25,0.0,2.0,0.0,0.0,0.0,0.0,0.0,3.9,3.9,3.9,2.0,0.0,0.0,0.0,7.8,2.0,3.9,-13.7,12.5,0,0,11.7,1,13222,1,13222,17275,21481,20500,20233,15070,19633,15070,13505,14344,13505,14058,13983,17529,10189,10742,12854,8263,8846,1442,13289,22592,19376,23889,2246,150,24050,1,18:24
2024-25,1630548,Johnny Juzang,Johnny,1610612762,UTA,Utah Jazz,0022400392,2024-12-23T00:00:00,UTA @ CLE,L,14.166666666666666,2.5,5.1,0.5,2.5,5.1,0.5,0.0,0.0,0.0,2.5,0.0,2.5,0.0,5.1,0.0,0.0,0.0,5.1,0.0,7.6,-12.7,5.6,0,0,12.7,1,13222,1,13222,20100,20391,23404,8526,8009,12997,3944,13505,14344,13505,6494,22137,20723,19908,2240,12854,8263,8846,4417,17725,20222,19023,24957,2246,150,23803,1,14:10
2024-25,201143,Al Horford,Al,1610612738,BOS,Boston Celtics,0022400393,2024-12-23T00:00:00,BOS @ ORL,L,34.9,3.1,10.3,0.3,1.0,5.2,0.2,1.0,2.1,0.5,1.0,5.2,6.2,2.1,0.0,1.0,0.0,1.0,0.0,2.1,8.3,2.1,21.9,0,0,19.6,1,13222,1,13222,3538,19211,16533,19363,14354,12804,13429,13138,12543,10625,13019,10399,11845,16144,16469,11662,8263,7649,20257,12789,19696,11593,20223,2246,150,21094,1,34:54
2024-25,1631097,Bennedict Mathurin,Bennedict,1610612754,IND,Indiana Pacers,0022400403,2024-12-23T00:00:00,IND @ GSW,W,35.766666666666666,5.0,14.1,0.357,1.0,5.0,0.2,1.0,2.0,0.5,1.0,4.0,5.0,2.0,1.0,0.0,0.0,2.0,5.0,2.0,12.1,27.2,20.1,0,0,20.1,1,1,13086,1,2851,14289,10023,17140,14507,13120,13429,13222,12689,10625,13208,13640,14716,16327,15803,12854,8263,3193,4537,13025,16064,2391,21094,2246,150,20779,1,35:46
2024-25,1626220,Royce O'Neale,Royce,1610612756,PHX,Phoenix Suns,0022400402,2024-12-23T00:00:00,PHX @ DEN,L,28.633333333333333,2.5,11.3,0.222,2.5,10.1,0.25,0.0,0.0,0.0,1.3,1.3,2.5,5.0,0.0,1.3,0.0,1.3,2.5,0.0,7.5,-12.6,21.9,0,0,20.1,1,13222,1,13222,8997,20439,14800,21205,8094,3428,11902,13505,14344,13505,11436,21371,20777,7396,16469,9738,8263,5888,12733,17725,20282,18974,20218,2246,150,20788,1,28:38
2024-25,1629640,Keldon Johnson,Keldon,1610612759,SAS,San Antonio Spurs,0022400394,2024-12-23T00:00:00,SAS @ PHI,L,21.733333333333334,3.3,9.9,0.333,0.0,6.6,0.0,0.0,0.0,0.0,0.0,1.7,1.7,3.3,1.7,0.0,0.0,0.0,0.0,0.0,6.6,16.6,11.9,0,0,11.6,1,13222,1,13222,14727,18721,17175,17395,15070,9261,15070,13505,14344,13505,14058,20546,22357,11932,12107,12854,8263,8846,20257,17725,20971,5050,24021,2246,150,24082,1,21:44
2024-25,203991,Clint Capela,Clint,1610612737,ATL,Atlanta Hawks,0022400395,2024-12-23T00:00:00,ATL vs. MIN,W,25.5,2.8,8.5,0.333,0.0,0.0,0.0,0.0,0.0,0.0,5.6,5.6,11.3,2.8,4.2,1.4,0.0,1.4,2.8,1.4,5.6,9.9,23.4,0,0,22.6,1,1,13086,1,11588,19830,19529,17395,15070,20945,15070,13505,14344,13505,1845,9174,4145,13511,3434,8834,8263,5131,11532,15397,21631,7745,19290,2246,150,19294,1,25:30
2024-25,1629628,RJ Barrett,RJ,1610612761,TOR,Toronto Raptors,0022400397,2024-12-23T00:00:00,TOR @ NYK,L,33.3,7.6,14.1,0.538,1.1,4.3,0.25,8.6,11.9,0.727,0.0,6.5,6.5,6.5,3.2,0.0,0.0,0.0,1.1,8.6,24.9,-1.1,39.1,0,0,38.9,1,13222,1,13222,4899,7609,10084,7978,14064,14851,11902,1126,790,9223,14058,7336,11203,4735,5686,12854,8263,8846,19208,771,4271,13595,8309,2246,150,7432,1,33:18
2024-25,1630592,Jalen Wilson,Jalen,1610612751,BKN,Brooklyn Nets,0022400396,2024-12-23T00:00:00,BKN @ MIA,L,29.99,3.6,12.0,0.3,0.0,3.6,0.0,2.4,3.6,0.667,1.2,2.4,3.6,1.2,1.2,0.0,0.0,1.2,1.2,2.4,9.6,-15.6,14.5,0,0,14.4,1,13222,1,13222,7794,18079,13574,19363,15070,16437,15070,9339,8685,9425,11793,18482,18322,19011,14442,12854,8263,6257,18538,11347,18544,20124,23324,2246,150,23287,1,29:59
2024-25,1630577,Julian Champagnie,Julian,1610612759,SAS,San Antonio Spurs,0022400394,2024-12-23T00:00:00,SAS @ PHI,L,28.766666666666666,6.3,12.5,0.5,6.3,12.5,0.5,0.0,0.0,0.0,0.0,10.0,10.0,1.3,3.8,0.0,1.3,0.0,3.8,1.3,18.8,10.0,32.7,0,0,38.8,1,13222,1,13222,8867,10828,12702,8526,1133,1514,3944,13505,14344,13505,14058,2577,5420,18839,4428,12854,5891,8846,7894,16125,9058,7691,12830,2246,150,7521,1,28:46
2024-25,1631323,Simone Fontecchio,Simone,1610612765,DET,Detroit Pistons,0022400404,2024-12-23T00:00:00,DET @ LAL,W,19.383333333333333,7.4,7.4,1.0,3.7,3.7,1.0,5.6,5.6,1.0,0.0,3.7,3.7,0.0,1.9,0.0,0.0,0.0,1.9,1.9,24.1,35.3,26.7,0,0,31.6,1,1,13086,1,16510,7935,21029,1,4663,16181,1,3341,5084,1,14058,14589,18032,19908,11287,12854,8263,8846,15906,13707,4708,1363,17124,2246,150,12719,1,19:23
2024-25,1628418,Thomas Bryant,Thomas,1610612754,IND,Indiana Pacers,0022400403,2024-12-23T00:00:00,IND @ GSW,W,9.948333333333334,0.0,10.9,0.0,0.0,7.2,0.0,7.2,7.2,1.0,7.2,3.6,10.9,3.6,0.0,3.6,0.0,3.6,3.6,3.6,7.2,-36.2,36.5,0,0,28.9,1,1,13086,1,22126,22635,15594,22635,15070,7964,15070,1840,3141,1,1047,14872,4542,11035,16469,2068,8263,833,8367,7338,20535,24540,9996,2246,150,14744,1,9:57
2024-25,1641710,Anthony Black,Anthony,1610612753,ORL,Orlando Magic,0022400393,2024-12-23T00:00:00,ORL vs. BOS,W,23.066666666666666,3.1,7.8,0.4,1.6,3.1,0.5,6.2,6.2,1.0,1.6,4.7,6.2,4.7,3.1,1.6,0.0,1.6,3.1,6.2,14.0,3.1,30.1,0,0,29.7,1,1,13086,1,13659,19146,20529,14933,11825,17415,3944,2638,4182,1,10076,11763,11720,8225,6059,8151,8263,4550,10192,2339,13888,11049,14721,2246,150,14201,1,23:04
2024-25,1628436,Luke Kornet,Luke,1610612738,BOS,Boston Celtics,0022400393,2024-12-23T00:00:00,BOS @ ORL,L,20.22833333333333,3.6,7.1,0.5,0.0,0.0,0.0,0.0,0.0,0.0,3.6,5.3,8.9,0.0,0.0,1.8,1.8,1.8,0.0,1.8,7.1,10.7,28.5,0,0,23.1,1,13222,1,13222,15846,18176,21421,8526,15070,20945,15070,13505,14344,13505,4287,9928,6890,19908,16469,7336,4101,3954,20257,14003,20619,7378,15893,2246,150,18908,1,20:14
2024-25,1631110,Jeremy Sochan,Jeremy,1610612759,SAS,San Antonio Spurs,0022400394,2024-12-23T00:00:00,SAS @ PHI,L,31.95,6.8,10.1,0.667,0.0,1.1,0.0,3.4,3.4,1.0,1.1,7.9,9.0,3.4,0.0,0.0,0.0,0.0,1.1,2.3,16.9,-12.4,32.8,0,0,29.3,1,13222,1,13222,6020,9527,16838,3281,15070,20714,15070,6936,9140,1,12281,4880,6710,11732,16469,12854,8263,8846,18948,11924,10959,18898,12733,2246,150,14479,1,31:57
2024-25,1631117,Walker Kessler,Walker,1610612762,UTA,Utah Jazz,0022400392,2024-12-23T00:00:00,UTA @ CLE,L,38.45,3.7,5.6,0.667,0.0,0.9,0.0,0.9,5.6,0.167,7.5,7.5,15.0,2.8,0.0,0.0,2.8,0.9,0.9,6.6,8.4,-14.0,39.0,0,0,31.8,1,13222,1,13222,1135,17721,22982,3281,15070,20906,15070,13405,5026,13500,957,5512,1776,13559,16469,12854,1943,8444,20043,2031,19574,19514,8376,2246,150,12507,1,38:27
2024-25,1630173,Precious Achiuwa,Precious,1610612752,NYK,New York Knicks,0022400397,2024-12-23T00:00:00,NYK vs. TOR,W,22.15,3.3,11.4,0.286,1.6,3.3,0.5,0.0,0.0,0.0,3.3,8.1,11.4,3.3,1.6,1.6,1.6,0.0,4.9,1.6,8.1,-6.5,34.8,0,0,30.9,1,1,13086,1,14386,18885,14703,19630,11613,17176,3944,13505,14344,13505,4840,4521,4069,12143,12236,7902,4493,8846,4886,14541,19812,16295,11218,2246,150,13269,1,22:09
2024-25,1642273,Kyshawn George,Kyshawn,1610612764,WAS,Washington Wizards,0022400400,2024-12-23T00:00:00,WAS @ OKC,L,27.516666666666666,3.9,7.8,0.5,3.9,7.8,0.5,2.6,2.6,1.0,1.3,2.6,3.9,1.3,3.9,2.6,1.3,0.0,1.3,1.3,14.4,-27.5,28.9,0,0,31.4,1,13222,1,13222,9931,17263,20478,8526,4153,6716,3944,8765,10938,1,11159,17910,17505,18631,4030,4102,5615,8846,18002,15867,13512,23339,15553,2246,150,12859,1,27:31
2024-25,1641789,Jazian Gortman,Jazian,1610612742,DAL,Dallas Mavericks,0022400401,2024-12-23T00:00:00,DAL vs. POR,W,9.25,3.9,15.6,0.25,3.9,11.7,0.333,0.0,0.0,0.0,0.0,3.9,3.9,3.9,0.0,3.9,0.0,0.0,7.8,0.0,11.7,-23.4,33.9,0,0,31.1,1,1,13086,1,22365,17345,7732,20233,4211,1981,9209,13505,14344,13505,14058,14045,17588,10253,16469,1744,8263,8846,1467,17725,16488,22429,11923,2246,150,13051,1,9:15
2024-25,1642352,Keshad Johnson,Keshad,1610612748,MIA,Miami Heat,0022400396,2024-12-23T00:00:00,MIA vs. BKN,W,1.6166666666666667,0.0,0.0,0.0,0.0,0.0,0.0,0.0,0.0,0.0,0.0,22.3,22.3,0.0,0.0,0.0,0.0,0.0,22.3,0.0,0.0,-111.3,26.7,0,0,22.3,1,1,13086,1,25706,22635,24836,22635,15070,20945,15070,13505,14344,13505,14058,119,321,19908,16469,12854,8263,8846,92,17725,23200,26200,17137,2246,150,19513,1,1:37
2024-25,1642367,Jonathan Mogbo,Jonathan,1610612761,TOR,Toronto Raptors,0022400397,2024-12-23T00:00:00,TOR @ NYK,L,22.633333333333333,4.8,6.4,0.75,0.0,0.0,0.0,3.2,3.2,1.0,0.0,6.4,6.4,3.2,1.6,0.0,0.0,0.0,3.2,3.2,12.7,-31.8,23.5,0,0,22.3,1,13222,1,13222,14002,15048,22254,2107,15070,20945,15070,7366,9548,1,14058,7572,11480,12387,12377,12854,8263,8846,9941,8622,15364,24008,19234,2246,150,19513,1,22:38
2024-25,101108,Chris Paul,Chris,1610612759,SAS,San Antonio Spurs,0022400394,2024-12-23T00:00:00,SAS @ PHI,L,34.666666666666664,3.1,9.3,0.333,2.1,5.2,0.4,4.2,4.2,1.0,0.0,4.2,4.2,8.3,4.2,1.0,0.0,0.0,3.1,1.0,12.5,-2.1,28.9,0,0,29.1,1,13222,1,13222,3721,19157,18203,17395,9779,12716,7874,5432,7515,1,14058,13257,16928,2606,3573,11601,8263,8846,10218,17222,15637,14088,15583,2246,150,14641,1,34:40
2024-25,1629661,Cameron Johnson,Cameron,1610612751,BKN,Brooklyn Nets,0022400396,2024-12-23T00:00:00,BKN @ MIA,L,32.75,7.7,16.5,0.467,3.3,7.7,0.429,2.2,2.2,1.0,1.1,2.2,3.3,2.2,2.2,1.1,0.0,0.0,1.1,1.1,20.9,-16.5,29.2,0,0,31.9,1,13222,1,13222,5365,7283,6434,12249,5668,7014,7394,9950,12096,1,12470,19069,18994,15629,9512,11025,8263,8846,19107,16910,7176,20442,15333,2246,150,12475,1,32:45
2024-25,1628969,Mikal Bridges,Mikal,1610612752,NYK,New York Knicks,0022400397,2024-12-23T00:00:00,NYK vs. TOR,W,40.68333333333333,4.4,8.8,0.5,3.5,7.1,0.5,0.0,0.0,0.0,0.0,0.9,0.9,3.5,1.8,0.9,0.0,0.0,0.0,0.9,12.4,0.9,19.6,0,0,22.1,1,1,13086,1,419,15998,18938,8526,5061,8291,3944,13505,14344,13505,14058,22115,23272,11277,11671,12719,8263,8846,20257,17680,15732,12219,21343,2246,150,19605,1,40:41
2024-25,1628404,Josh Hart,Josh,1610612752,NYK,New York Knicks,0022400397,2024-12-23T00:00:00,NYK vs. TOR,W,30.916666666666668,3.5,7.0,0.5,1.2,2.3,0.5,4.7,4.7,1.0,0.0,3.5,3.5,4.7,3.5,0.0,0.0,1.2,2.3,2.3,12.8,18.6,20.5,0,0,22.1,1,1,13086,1,6943,18338,21577,8526,13567,18937,3944,4578,6562,1,14058,15254,18563,8282,5022,12854,8263,6522,13529,11633,15281,4370,20950,2246,150,19604,1,30:55
2024-25,201950,Jrue Holiday,Jrue,1610612738,BOS,Boston Celtics,0022400393,2024-12-23T00:00:00,BOS @ ORL,L,33.105,7.6,13.0,0.583,2.2,5.4,0.4,0.0,0.0,0.0,1.1,7.6,8.7,0.0,5.4,3.3,2.2,0.0,2.2,1.1,17.4,-4.3,38.7,0,0,39.1,1,13222,1,13222,5067,7479,11779,6296,9336,12120,7874,13505,14344,13505,12574,5306,7171,19908,1866,2632,3002,8846,14224,16967,10431,15247,8586,2246,150,7299,1,33:06
2024-25,1641709,Ausar Thompson,Ausar,1610612765,DET,Detroit Pistons,0022400404,2024-12-23T00:00:00,DET @ LAL,W,16.236666666666668,8.9,11.1,0.8,0.0,0.0,0.0,0.0,0.0,0.0,6.7,4.4,11.1,0.0,0.0,0.0,0.0,0.0,4.4,4.4,17.7,-8.9,31.0,0,0,28.8,1,1,13086,1,18765,4932,15220,1688,15070,20945,15070,13505,14344,13505,1303,12446,4333,19908,16469,12854,8263,8846,5931,5275,10099,17364,14030,2246,150,14844,1,16:14
2024-25,1630541,Moses Moody,Moses,1610612744,GSW,Golden State Warriors,0022400403,2024-12-23T00:00:00,GSW vs. IND,L,10.183333333333334,3.5,14.1,0.25,3.5,14.1,0.25,0.0,0.0,0.0,0.0,0.0,0.0,0.0,0.0,0.0,0.0,0.0,0.0,0.0,10.6,56.6,10.6,0,0,14.1,1,13222,1,13222,22040,18236,9938,20233,5068,885,11902,13505,14344,13505,14058,22137,23286,19908,16469,12854,8263,8846,20257,17725,17548,411,24321,2246,150,23379,1,10:11
2024-25,1642258,Zaccharie Risacher,Zaccharie,1610612737,ATL,Atlanta Hawks,0022400395,2024-12-23T00:00:00,ATL vs. MIN,W,19.183333333333334,3.8,9.4,0.4,1.9,7.5,0.25,0.0,0.0,0.0,0.0,0.0,0.0,1.9,5.6,0.0,0.0,0.0,1.9,0.0,9.4,-1.9,6.6,0,0,13.1,1,1,13086,1,16683,17699,18144,14933,10731,7380,11902,13505,14344,13505,14058,22137,23286,16830,1698,12854,8263,8846,15803,17725,18744,13964,24859,2246,150,23669,1,19:11
2024-25,203915,Spencer Dinwiddie,Spencer,1610612742,DAL,Dallas Mavericks,0022400401,2024-12-23T00:00:00,DAL vs. POR,W,14.1,2.6,5.1,0.5,2.6,2.6,1.0,0.0,0.0,0.0,2.6,0.0,2.6,5.1,2.6,2.6,0.0,0.0,2.6,2.6,7.7,15.3,23.5,0,0,23.0,1,1,13086,1,20145,20363,23383,8526,7959,18534,1,13505,14344,13505,6466,22137,20699,7229,8036,4244,8263,8846,12594,10787,20189,5498,19269,2246,150,19033,1,14:06
2024-25,1629003,Shake Milton,Shake,1610612751,BKN,Brooklyn Nets,0022400396,2024-12-23T00:00:00,BKN @ MIA,L,19.233333333333334,1.9,15.0,0.125,0.0,3.7,0.0,3.7,3.7,1.0,0.0,3.7,3.7,5.6,3.7,3.7,0.0,1.9,5.6,5.6,7.5,-29.9,27.9,0,0,24.3,1,13222,1,13222,16641,21624,8649,22420,15070,16114,15070,6194,8385,1,14058,14487,17948,6223,4449,1915,8263,3657,3522,3170,20329,23728,16308,2246,150,18117,1,19:14
2024-25,1630557,Corey Kispert,Corey,1610612764,WAS,Washington Wizards,0022400400,2024-12-23T00:00:00,WAS @ OKC,L,26.0,4.2,12.5,0.333,2.8,8.3,0.333,0.0,0.0,0.0,1.4,2.8,4.2,4.2,1.4,0.0,0.0,0.0,5.5,0.0,11.1,-11.1,20.9,0,0,22.2,1,13222,1,13222,11159,16718,12797,17395,7321,5899,9209,13505,14344,13505,10818,17508,16928,9512,13378,12854,8263,8846,3642,17725,17116,18349,20734,2246,150,19580,1,26:00
2024-25,1642268,Isaiah Collier,Isaiah,1610612762,UTA,Utah Jazz,0022400392,2024-12-23T00:00:00,UTA @ CLE,L,13.633333333333333,0.0,2.6,0.0,0.0,0.0,0.0,0.0,0.0,0.0,2.6,0.0,2.6,10.6,2.6,0.0,0.0,0.0,5.3,0.0,0.0,7.9,16.4,0,0,13.2,1,13222,1,13222,20399,22635,24602,22635,15070,20945,15070,13505,14344,13505,6243,22137,20564,1176,7727,12854,8263,8846,4056,17725,23200,8676,22715,2246,150,23648,1,13:38
2024-25,203995,Vasilije Micić,Vasilije,1610612766,CHA,Charlotte Hornets,0022400391,2024-12-23T00:00:00,CHA vs. HOU,L,14.3,2.5,15.1,0.167,2.5,10.1,0.25,0.0,0.0,0.0,0.0,0.0,0.0,5.0,5.0,0.0,0.0,2.5,0.0,0.0,7.6,-37.8,10.1,0,0,15.1,1,13222,1,13222,20016,20431,8412,21938,8082,3417,11902,13505,14344,13505,14058,22137,23286,7388,2300,12854,8263,2016,20257,17725,20277,24674,24405,2246,150,23023,1,14:18
2024-25,1627936,Alex Caruso,Alex,1610612760,OKC,Oklahoma City Thunder,0022400400,2024-12-23T00:00:00,OKC vs. WAS,W,14.95,2.4,12.0,0.2,0.0,4.8,0.0,0.0,0.0,0.0,2.4,2.4,4.8,9.6,0.0,4.8,0.0,2.4,0.0,0.0,4.8,53.0,39.5,0,0,28.9,1,1,13086,1,19602,20645,13525,21401,15070,13653,15070,13505,14344,13505,6891,18460,15255,1622,16469,1011,8263,2201,20257,17725,22116,485,8082,2246,150,14786,1,14:57
2024-25,1629639,Tyler Herro,Tyler,1610612748,MIA,Miami Heat,0022400396,2024-12-23T00:00:00,MIA vs. BKN,W,38.666666666666664,4.7,12.1,0.385,1.9,6.5,0.286,4.7,5.6,0.833,0.0,11.2,11.2,8.4,0.9,0.0,0.9,0.9,0.0,2.8,15.8,12.1,43.7,1,0,39.1,1,1,13086,1,1025,15346,13409,16070,10817,9513,11433,4584,5062,7275,14058,1812,4259,2532,16241,12854,7947,8484,20257,9984,12096,6753,5824,1,150,7319,1,38:40
2024-25,1630224,Jalen Green,Jalen,1610612745,HOU,Houston Rockets,0022400391,2024-12-23T00:00:00,HOU @ CHA,W,24.283333333333335,4.4,11.9,0.375,0.0,4.4,0.0,0.0,0.0,0.0,0.0,3.0,3.0,1.5,0.0,0.0,0.0,0.0,1.5,0.0,8.9,14.8,14.7,0,0,13.3,1,1,13086,1,12662,15934,13849,16299,15070,14573,15070,13505,14344,13505,14058,16838,19819,18046,16469,12854,8263,8846,17286,17725,19182,5698,23291,2246,150,23600,1,24:17
2024-25,1631170,Jaime Jaquez Jr.,Jaime,1610612748,MIA,Miami Heat,0022400396,2024-12-23T00:00:00,MIA vs. BKN,W,24.343333333333334,4.4,5.9,0.75,1.5,3.0,0.5,3.0,3.0,1.0,1.5,5.9,7.4,0.0,3.0,0.0,0.0,0.0,1.5,1.5,13.3,-11.8,19.2,0,0,22.2,1,1,13086,1,12615,15963,22697,2107,12126,17740,3944,7929,10076,1,10398,8516,9382,19908,6622,12854,8263,8846,17305,15095,14743,18680,21533,2246,150,19566,1,24:21
2024-25,1630703,Scoot Henderson,Scoot,1610612757,POR,Portland Trail Blazers,0022400401,2024-12-23T00:00:00,POR @ DAL,L,26.066666666666666,5.5,15.2,0.364,2.8,4.1,0.667,5.5,5.5,1.0,1.4,6.9,8.3,5.5,5.5,1.4,0.0,1.4,6.9,9.7,19.3,-16.6,36.2,0,0,38.7,1,13222,1,13222,11112,12922,8265,16861,7347,15244,1957,3387,5151,1,10832,6519,7789,6378,1791,9005,8263,5258,2055,482,8518,20467,10248,2246,150,7609,1,26:04
2024-25,203486,Mason Plumlee,Mason,1610612756,PHX,Phoenix Suns,0022400402,2024-12-23T00:00:00,PHX @ DEN,L,14.966666666666667,2.4,7.2,0.333,0.0,0.0,0.0,9.6,9.6,1.0,7.2,2.4,9.6,4.8,0.0,0.0,0.0,2.4,4.8,7.2,14.4,-28.9,33.2,0,0,28.9,1,13222,1,13222,19587,20650,21301,17395,15070,20945,15070,800,1537,1,1057,18469,5899,7891,16469,12854,8263,2206,5027,1502,13474,23565,12433,2246,150,14808,1,14:58
2024-25,1641767,Ben Sheppard,Ben,1610612754,IND,Indiana Pacers,0022400403,2024-12-23T00:00:00,IND @ GSW,W,10.8,0.0,6.7,0.0,0.0,6.7,0.0,0.0,0.0,0.0,3.3,10.0,13.3,0.0,0.0,0.0,0.0,0.0,0.0,3.3,0.0,-73.3,16.0,0,0,13.3,1,1,13086,1,21797,22635,21931,22635,15070,9178,15070,13505,14344,13505,4677,2587,2585,19908,16469,12854,8263,8846,20257,8147,23200,25928,22854,2246,150,23604,1,10:48
2024-25,1629004,Svi Mykhailiuk,Svi,1610612762,UTA,Utah Jazz,0022400392,2024-12-23T00:00:00,UTA @ CLE,L,25.383333333333333,5.7,14.2,0.4,2.8,7.1,0.4,1.4,2.8,0.5,0.0,4.3,4.3,4.3,2.8,1.4,0.0,0.0,0.0,1.4,15.6,-22.7,28.5,0,0,29.8,1,13222,1,13222,11666,12499,9866,14933,7093,8268,7874,11981,10399,10625,14058,12953,16666,9241,7081,8811,8263,8846,20257,15376,12322,22266,15873,2246,150,14114,1,25:23
2024-25,1629599,Amir Coffey,Amir,1610612746,LAC,LA Clippers,0022400399,2024-12-23T00:00:00,LAC @ MEM,W,24.956666666666667,1.4,7.2,0.2,0.0,2.9,0.0,4.3,4.3,1.0,0.0,7.2,7.2,0.0,1.4,0.0,0.0,1.4,2.9,2.9,7.2,-2.9,14.4,0,0,14.4,1,1,13086,1,12047,22236,21307,21401,15070,17889,15070,5105,7152,1,14058,5977,9719,19908,13046,12854,8263,5013,11248,9642,20552,14506,23356,2246,150,23278,1,24:57
2024-25,1642271,Kyle Filipowski,Kyle,1610612762,UTA,Utah Jazz,0022400392,2024-12-23T00:00:00,UTA @ CLE,L,9.55,0.0,7.5,0.0,0.0,0.0,0.0,0.0,0.0,0.0,3.8,11.3,15.1,7.5,3.8,0.0,0.0,0.0,7.5,7.5,0.0,15.1,25.6,0,0,22.6,1,13222,1,13222,22263,22635,20876,22635,15070,20945,15070,13505,14344,13505,3929,1744,1741,3350,4395,12854,8263,8846,1608,1300,23200,5601,17858,2246,150,19269,1,9:33
2024-25,1641712,Rayan Rupert,Rayan,1610612757,POR,Portland Trail Blazers,0022400401,2024-12-23T00:00:00,POR @ DAL,L,7.966666666666667,4.5,9.0,0.5,0.0,4.5,0.0,18.1,18.1,1.0,0.0,4.5,4.5,0.0,4.5,0.0,0.0,0.0,0.0,9.0,27.1,22.6,28.0,0,0,31.6,1,13222,1,13222,22821,15718,18660,8526,15070,14386,15070,102,187,1,14058,12213,15999,19908,2972,12854,8263,8846,20257,640,3156,3346,16221,2246,150,12683,1,7:58
2024-25,1631212,Peyton Watson,Peyton,1610612743,DEN,Denver Nuggets,0022400402,2024-12-23T00:00:00,DEN vs. PHX,W,21.218333333333334,3.4,8.5,0.4,0.0,1.7,0.0,0.0,0.0,0.0,5.1,5.1,10.2,1.7,3.4,0.0,1.7,1.7,3.4,0.0,6.8,23.8,23.2,0,0,22.1,1,1,13086,1,15142,18555,19516,14933,15070,20049,15070,13505,14344,13505,2293,10602,5249,17379,5244,12854,4303,4158,9106,17725,20869,3079,19415,2246,150,19650,1,21:13
2024-25,1642345,Oso Ighodaro,Oso,1610612756,PHX,Phoenix Suns,0022400402,2024-12-23T00:00:00,PHX @ DEN,L,18.163333333333334,5.9,5.9,1.0,0.0,0.0,0.0,2.0,7.9,0.25,0.0,11.9,11.9,2.0,0.0,0.0,2.0,0.0,0.0,4.0,13.9,-19.8,37.1,0,0,31.7,1,13222,1,13222,17467,11668,22661,1,15070,20945,15070,10710,2569,13358,14058,1420,3592,16441,16469,12854,3534,8846,20257,6417,14074,21504,9652,2246,150,12614,1,18:10
2024-25,1642265,Rob Dillingham,Rob,1610612750,MIN,Minnesota Timberwolves,0022400395,2024-12-23T00:00:00,MIN @ ATL,L,1.6333333333333333,0.0,0.0,0.0,0.0,0.0,0.0,0.0,0.0,0.0,0.0,0.0,0.0,22.0,22.0,0.0,0.0,0.0,0.0,0.0,0.0,88.2,11.0,0,0,22.0,1,13222,1,13222,25696,22635,24836,22635,15070,20945,15070,13505,14344,13505,14058,22137,23286,59,42,12854,8263,8846,20257,17725,23200,115,24237,2246,150,19653,1,1:38
2024-25,1641779,Jalen Bridges,Jalen,1610612756,PHX,Phoenix Suns,0022400402,2024-12-23T00:00:00,PHX @ DEN,L,4.933333333333334,0.0,7.3,0.0,0.0,7.3,0.0,0.0,0.0,0.0,0.0,14.6,14.6,0.0,0.0,0.0,0.0,0.0,0.0,7.3,0.0,-36.5,17.5,0,0,14.6,1,13222,1,13222,24017,22635,21207,22635,15070,7822,15070,13505,14344,13505,14058,640,1962,19908,16469,12854,8263,8846,20257,1448,23200,24563,22290,2246,150,23217,1,4:56
2024-25,1641744,Zach Edey,Zach,1610612763,MEM,Memphis Grizzlies,0022400399,2024-12-23T00:00:00,MEM vs. LAC,L,26.916666666666668,1.3,10.7,0.125,1.3,4.0,0.333,0.0,0.0,0.0,9.4,9.4,18.7,1.3,2.7,1.3,2.7,0.0,0.0,1.3,4.0,4.0,37.9,0,0,33.4,1,13222,1,13222,10399,22361,15883,22420,12701,15557,9209,13505,14344,13505,494,3152,751,18545,7604,9257,2117,8846,20257,15731,22551,10639,9126,2246,150,11286,1,26:55
2024-25,201142,Kevin Durant,Kevin,1610612756,PHX,Phoenix Suns,0022400402,2024-12-23T00:00:00,PHX @ DEN,L,31.066666666666666,9.3,17.4,0.533,2.3,3.5,0.667,5.8,7.0,0.833,2.3,8.1,10.4,2.3,3.5,2.3,1.2,1.2,1.2,4.6,26.7,-22.0,49.6,0,0,48.7,1,13222,1,13222,6822,4253,5367,8140,8784,16699,1957,3090,3412,7275,7181,4548,4981,15162,5070,4964,6428,6561,18769,4866,3364,22071,3385,2246,150,2932,1,31:04
2024-25,1629614,Andrew Nembhard,Andrew,1610612754,IND,Indiana Pacers,0022400403,2024-12-23T00:00:00,IND @ GSW,W,33.31666666666667,6.5,14.0,0.462,1.1,4.3,0.25,2.2,2.2,1.0,1.1,3.2,4.3,3.2,4.3,0.0,0.0,3.2,2.2,1.1,16.2,4.3,21.9,0,0,24.9,1,1,13086,1,4886,10225,10098,12428,14067,14857,11902,10077,12212,1,12631,15956,16482,12174,3269,12854,8263,1116,14295,17001,11719,10468,20184,2246,150,17792,1,33:19
2024-25,203482,Kelly Olynyk,Kelly,1610612761,TOR,Toronto Raptors,0022400397,2024-12-23T00:00:00,TOR @ NYK,L,18.366666666666667,3.9,5.9,0.667,3.9,3.9,1.0,0.0,0.0,0.0,0.0,5.9,5.9,3.9,2.0,0.0,0.0,0.0,7.8,3.9,11.8,13.7,22.7,0,0,25.5,1,13222,1,13222,17303,17267,22728,3281,4163,15732,1,13505,14344,13505,14058,8592,12566,10165,10723,12854,8263,8846,1435,6510,16386,6116,19723,2246,150,17299,1,18:22
2024-25,1630695,Micah Potter,Micah,1610612762,UTA,Utah Jazz,0022400392,2024-12-23T00:00:00,UTA @ CLE,L,26.2,5.5,9.6,0.571,4.1,8.2,0.5,0.0,0.0,0.0,2.7,6.9,9.6,2.7,1.4,1.4,1.4,0.0,1.4,0.0,15.1,-11.0,37.6,0,0,37.1,1,13222,1,13222,11004,12981,17727,6538,3731,6000,3944,13505,14344,13505,5979,6580,5905,13753,13433,9042,5336,8846,17722,17725,12792,18319,9251,2246,150,8650,1,26:12
2024-25,1642261,Dalton Knecht,Dalton,1610612747,LAL,Los Angeles Lakers,0022400404,2024-12-23T00:00:00,LAL vs. DET,L,15.728333333333333,4.6,9.2,0.5,2.3,4.6,0.5,4.6,4.6,1.0,2.3,2.3,4.6,2.3,0.0,0.0,0.0,0.0,2.3,2.3,16.0,-22.9,24.9,0,0,25.2,1,13222,1,13222,19112,15552,18473,8526,8895,14244,3944,4720,6697,1,7284,18800,15867,15278,16469,12854,8263,8846,13699,11799,11903,22308,18330,2246,150,17533,1,15:44
2024-25,1627736,Malik Beasley,Malik,1610612765,DET,Detroit Pistons,0022400404,2024-12-23T00:00:00,DET @ LAL,W,25.77166666666667,11.2,21.0,0.533,7.0,14.0,0.5,0.0,0.0,0.0,0.0,7.0,7.0,0.0,0.0,2.8,0.0,0.0,1.4,0.0,29.3,15.4,46.1,0,0,48.9,1,1,13086,1,11352,2124,2368,8140,773,932,3944,13505,14344,13505,14058,6388,10167,19908,16469,3703,8263,8846,17631,17725,2328,5483,4705,2246,150,2859,1,25:46
2024-25,203078,Bradley Beal,Bradley,1610612756,PHX,Phoenix Suns,0022400402,2024-12-23T00:00:00,PHX @ DEN,L,34.635,9.4,17.7,0.529,5.2,7.3,0.714,0.0,0.0,0.0,0.0,0.0,0.0,2.1,2.1,1.0,0.0,0.0,1.0,1.0,23.9,-18.7,28.1,0,0,33.3,1,13222,1,13222,3748,4115,5048,8281,2058,7879,1861,13505,14344,13505,14058,22137,23286,16083,10106,11594,8263,8846,19475,17220,4871,21144,16172,2246,150,11442,1,34:38
2024-25,1642267,Bub Carrington,Bub,1610612764,WAS,Washington Wizards,0022400400,2024-12-23T00:00:00,WAS @ OKC,L,29.116666666666667,4.9,13.6,0.364,4.9,9.9,0.5,2.5,2.5,1.0,0.0,2.5,2.5,3.7,4.9,0.0,0.0,1.2,3.7,1.2,17.3,-7.4,20.9,0,0,28.4,1,13222,1,13222,8571,14566,10833,16861,2343,3619,3944,9128,11277,1,14058,18259,20858,10765,2403,12854,8263,6014,8047,16200,10521,16689,20746,2246,150,15121,1,29:07
2024-25,1629048,Goga Bitadze,Goga,1610612753,ORL,Orlando Magic,0022400393,2024-12-23T00:00:00,ORL vs. BOS,W,21.116666666666667,6.8,11.9,0.571,0.0,0.0,0.0,0.0,0.0,0.0,3.4,11.9,15.3,5.1,3.4,3.4,3.4,1.7,5.1,0.0,13.6,-5.1,56.8,0,0,47.7,1,1,13086,1,15206,9371,13703,6538,15070,20945,15070,13505,14344,13505,4521,1397,1635,7213,5212,2362,1299,4133,4350,17725,14341,15656,1680,2246,150,3244,1,21:07
2024-25,204001,Kristaps Porziņģis,Kristaps,1610612738,BOS,Boston Celtics,0022400393,2024-12-23T00:00:00,BOS @ ORL,L,36.89,2.0,9.8,0.2,0.0,3.9,0.0,12.7,13.7,0.929,1.0,2.9,3.9,0.0,1.0,0.0,2.0,0.0,2.9,7.8,16.6,-7.8,26.2,0,0,24.4,1,13222,1,13222,2066,21492,17457,21401,15070,15778,15070,284,504,6719,13455,16983,17561,19908,15991,12854,3623,8846,11049,1124,11296,16883,17512,2246,150,18080,1,36:53
2024-25,1629216,Gabe Vincent,Gabe,1610612747,LAL,Los Angeles Lakers,0022400404,2024-12-23T00:00:00,LAL vs. DET,L,18.811666666666667,5.7,9.6,0.6,5.7,9.6,0.6,0.0,0.0,0.0,0.0,3.8,3.8,1.9,3.8,0.0,0.0,0.0,1.9,0.0,17.2,-42.1,20.9,0,0,28.7,1,13222,1,13222,16958,12297,17821,5394,1533,4014,2992,13505,14344,13505,14058,14245,17761,16708,4246,12854,8263,8846,15604,17725,10603,24985,20765,2246,150,14925,1,18:49
2024-25,1629023,P.J. Washington,P.J.,1610612742,DAL,Dallas Mavericks,0022400401,2024-12-23T00:00:00,DAL vs. POR,W,23.533333333333335,7.6,12.2,0.625,3.1,4.6,0.667,0.0,0.0,0.0,1.5,4.6,6.1,3.1,1.5,1.5,0.0,0.0,3.1,0.0,18.4,41.3,33.3,0,0,33.7,1,1,13086,1,13284,7385,13199,4899,6323,14221,1957,13505,14344,13505,10191,12010,12001,12727,12614,8274,8263,8846,10438,17725,9462,885,12302,2246,150,11110,1,23:32
2024-25,203500,Steven Adams,Steven,1610612745,HOU,Houston Rockets,0022400391,2024-12-23T00:00:00,HOU @ CHA,W,11.583333333333334,3.1,3.1,1.0,0.0,0.0,0.0,0.0,6.2,0.0,12.4,12.4,24.9,9.3,0.0,0.0,3.1,0.0,6.2,3.1,6.2,12.4,59.4,0,0,46.6,1,1,13086,1,21452,19177,24457,1,15070,20945,15070,13505,4213,13505,220,1181,196,1795,16469,12854,1562,8846,2692,8858,21243,6620,1272,2246,150,3622,1,11:35
2024-25,203994,Jusuf Nurkić,Jusuf,1610612756,PHX,Phoenix Suns,0022400402,2024-12-23T00:00:00,PHX @ DEN,L,14.883333333333333,2.4,7.3,0.333,2.4,2.4,1.0,2.4,2.4,1.0,4.8,4.8,9.7,9.7,4.8,2.4,0.0,0.0,9.7,4.8,9.7,-12.1,38.2,0,0,36.3,1,13222,1,13222,19645,20619,21266,17395,8417,18768,1,9281,11426,1,2523,11307,5832,1600,2534,4635,8263,8846,775,4419,18464,18771,8881,2246,150,9167,1,14:53
2024-25,1630243,Trevelin Queen,Trevelin,1610612753,ORL,Orlando Magic,0022400393,2024-12-23T00:00:00,ORL vs. BOS,W,34.46666666666667,5.2,9.4,0.556,3.1,4.2,0.75,4.2,4.2,1.0,0.0,1.0,1.0,3.1,3.1,3.1,1.0,0.0,5.2,2.1,17.8,4.2,33.1,0,0,33.4,1,1,13086,1,3877,13752,18115,7248,6130,15174,1542,5379,7455,1,14058,21891,23168,12525,6035,2871,7167,8846,4156,12664,10078,10557,12506,2246,150,11295,1,34:28
2024-25,1626153,Delon Wright,Delon,1610612749,MIL,Milwaukee Bucks,0022400398,2024-12-23T00:00:00,MIL @ CHI,W,25.683333333333334,4.2,8.4,0.5,2.8,5.6,0.5,1.4,2.8,0.5,1.4,4.2,5.6,7.0,2.8,2.8,0.0,0.0,2.8,2.8,12.6,28.0,35.5,0,0,33.6,1,1,13086,1,11418,16584,19626,8526,7204,11703,3944,12015,10483,10625,10742,13103,13276,4002,7198,3682,8263,8846,11633,9952,15478,2268,10755,2246,150,11121,1,25:41
2024-25,1630583,Santi Aldama,Santi,1610612763,MEM,Memphis Grizzlies,0022400399,2024-12-23T00:00:00,MEM vs. LAC,L,31.016666666666666,4.6,10.4,0.444,3.5,7.0,0.5,0.0,1.2,0.0,0.0,8.1,8.1,3.5,1.2,2.3,2.3,1.2,1.2,3.5,12.8,-11.6,40.5,0,0,37.1,1,13222,1,13222,6865,15387,16311,13045,5185,8532,3944,13505,13949,13505,14058,4526,8050,11445,14723,4955,2698,6550,18760,7710,15321,18575,7462,2246,150,8623,1,31:01
2024-25,1631114,Jalen Williams,Jalen,1610612760,OKC,Oklahoma City Thunder,0022400400,2024-12-23T00:00:00,OKC vs. WAS,W,29.116666666666667,8.7,22.3,0.389,0.0,2.5,0.0,3.7,4.9,0.75,2.5,6.2,8.7,4.9,2.5,1.2,0.0,2.5,4.9,3.7,21.0,-9.9,40.1,0,0,37.1,1,1,13086,1,8571,5339,1709,16009,15070,18677,15070,6270,6035,8186,6700,7941,7219,7583,8355,9896,8263,2084,4736,7109,7067,17847,7723,2246,150,8662,1,29:07
2024-25,1631119,Jaylin Williams,Jaylin,1610612760,OKC,Oklahoma City Thunder,0022400400,2024-12-23T00:00:00,OKC vs. WAS,W,7.816666666666666,4.6,13.8,0.333,4.6,13.8,0.333,0.0,0.0,0.0,0.0,0.0,0.0,9.2,0.0,0.0,4.6,0.0,4.6,0.0,13.8,13.8,41.4,0,0,36.8,1,1,13086,1,22880,15477,10462,17395,2876,986,9209,13505,14344,13505,14058,22137,23286,1859,16469,12854,645,8846,5524,17725,14133,6076,6905,2246,150,8818,1,7:49
2024-25,202691,Klay Thompson,Klay,1610612742,DAL,Dallas Mavericks,0022400401,2024-12-23T00:00:00,DAL vs. POR,W,18.283333333333335,9.8,19.7,0.5,5.9,15.8,0.375,0.0,0.0,0.0,0.0,3.9,3.9,3.9,2.0,3.9,0.0,0.0,2.0,0.0,25.6,41.3,46.1,0,0,47.3,1,1,13086,1,17380,3406,3190,8526,1372,558,8800,13505,14344,13505,14058,13916,17474,10111,10668,1698,8263,8846,15306,17725,3881,882,4716,2246,150,3384,1,18:17
2024-25,1630167,Obi Toppin,Obi,1610612754,IND,Indiana Pacers,0022400403,2024-12-23T00:00:00,IND @ GSW,W,18.466666666666665,7.8,11.7,0.667,0.0,1.9,0.0,0.0,0.0,0.0,0.0,7.8,7.8,1.9,0.0,3.9,0.0,0.0,1.9,0.0,15.6,7.8,39.6,0,0,33.1,1,1,13086,1,17225,7065,14121,3281,15070,19644,15070,13505,14344,13505,14058,5010,8618,16561,16469,1741,8263,8846,15407,17725,12324,8731,8029,2246,150,11538,1,18:28
2024-25,1641842,Ronald Holland II,Ronald,1610612765,DET,Detroit Pistons,0022400404,2024-12-23T00:00:00,DET @ LAL,W,12.741666666666667,14.1,19.8,0.714,0.0,2.8,0.0,0.0,0.0,0.0,2.8,8.5,11.3,2.8,0.0,2.8,0.0,0.0,2.8,0.0,28.3,39.6,54.5,0,0,48.0,1,1,13086,1,20875,667,3131,2752,15070,18006,15070,13505,14344,13505,5790,4077,4139,13508,16469,3616,8263,8846,11524,17725,2687,1012,2080,2246,150,3127,1,12:45
2024-25,1629656,Quentin Grimes,Quentin,1610612742,DAL,Dallas Mavericks,0022400401,2024-12-23T00:00:00,DAL vs. POR,W,17.116666666666667,4.2,12.6,0.333,0.0,4.2,0.0,2.1,4.2,0.5,2.1,4.2,6.3,8.4,0.0,0.0,0.0,0.0,4.2,4.2,10.5,29.4,30.7,0,0,25.2,1,1,13086,1,18188,16578,12532,17395,15070,15102,15070,10281,7397,10625,7937,13098,11584,2496,16469,12854,8263,8846,6533,5824,17648,2042,14270,2246,150,17482,1,17:07
2024-25,1641765,Olivier-Maxence Prosper,Olivier-Maxence,1610612742,DAL,Dallas Mavericks,0022400401,2024-12-23T00:00:00,DAL vs. POR,W,10.5,6.9,13.7,0.5,0.0,3.4,0.0,13.7,13.7,1.0,6.9,10.3,17.1,3.4,3.4,0.0,0.0,0.0,0.0,6.9,27.4,-10.3,49.7,0,0,48.0,1,1,13086,1,21919,9273,10629,8526,15070,16813,15070,223,491,1,1199,2361,1086,11607,5166,12854,8263,8846,20257,1773,3008,18014,3349,2246,150,3132,1,10:30
2024-25,1630208,Nick Richards,Nick,1610612766,CHA,Charlotte Hornets,0022400391,2024-12-23T00:00:00,CHA vs. HOU,L,12.983333333333333,2.8,8.3,0.333,0.0,0.0,0.0,11.1,19.4,0.571,0.0,11.1,11.1,0.0,0.0,0.0,0.0,5.5,8.3,11.1,16.6,-30.5,29.9,0,0,27.7,1,13222,1,13222,20745,19935,19768,17395,15070,20945,15070,469,150,10536,14058,1858,4329,19908,16469,12854,8263,276,1220,270,11235,23817,14835,2246,150,15622,1,12:59
2024-25,201144,Mike Conley,Mike,1610612750,MIN,Minnesota Timberwolves,0022400395,2024-12-23T00:00:00,MIN @ ATL,L,27.183333333333334,5.3,7.9,0.667,4.0,6.6,0.6,0.0,0.0,0.0,0.0,2.6,2.6,7.9,1.3,4.0,0.0,0.0,1.3,0.0,14.6,-10.6,40.3,0,0,37.1,1,13222,1,13222,10204,13538,20349,3281,4045,9272,2992,13505,14344,13505,14058,17820,20543,2942,13693,1666,8263,8846,17931,17725,13328,18144,7595,2246,150,8665,1,27:11
2024-25,1641726,Dereck Lively II,Dereck,1610612742,DAL,Dallas Mavericks,0022400401,2024-12-23T00:00:00,DAL vs. POR,W,16.05,4.5,4.5,1.0,0.0,0.0,0.0,0.0,0.0,0.0,6.7,2.2,9.0,2.2,2.2,2.2,0.0,0.0,2.2,0.0,9.0,35.9,27.6,0,0,24.7,1,1,13086,1,18894,15826,23814,1,15070,20945,15070,13505,14344,13505,1266,18942,6788,15462,9337,5236,8263,8846,13910,17725,19114,1305,16508,2246,150,17911,1,16:03
2024-25,1630549,Day'Ron Sharpe,Day'Ron,1610612751,BKN,Brooklyn Nets,0022400396,2024-12-23T00:00:00,BKN @ MIA,L,15.266666666666667,7.1,21.2,0.333,0.0,4.7,0.0,0.0,2.4,0.0,11.8,4.7,16.5,2.4,0.0,0.0,0.0,0.0,7.1,2.4,14.1,-23.6,37.5,0,0,33.0,1,13222,1,13222,19400,8753,2195,17395,15070,13916,15070,13505,11602,13505,257,11660,1263,15023,16469,12854,8263,8846,1923,11507,13792,22471,9343,2246,150,11645,1,15:16
2024-25,1628988,Aaron Holiday,Aaron,1610612745,HOU,Houston Rockets,0022400391,2024-12-23T00:00:00,HOU @ CHA,W,3.04,23.7,47.4,0.5,0.0,11.8,0.0,0.0,0.0,0.0,0.0,0.0,0.0,0.0,11.8,0.0,0.0,0.0,0.0,0.0,47.4,-47.4,35.5,0,0,47.4,1,1,13086,1,24981,86,39,8526,15070,1876,15070,13505,14344,13505,14058,22137,23286,19908,210,12854,8263,8846,20257,17725,201,25285,10710,2246,150,3349,1,3:02
2024-25,1629610,DaQuan Jeffries,DaQuan,1610612766,CHA,Charlotte Hornets,0022400391,2024-12-23T00:00:00,CHA vs. HOU,L,19.14666666666667,1.9,11.3,0.167,0.0,3.8,0.0,3.8,3.8,1.0,1.9,0.0,1.9,0.0,1.9,3.8,3.8,1.9,5.6,1.9,7.5,-24.4,30.5,0,0,24.4,1,13222,1,13222,16720,21611,14863,21938,15070,16077,15070,6165,8349,1,8894,22137,22038,19908,11156,1898,1053,3627,3481,13588,20305,22678,14446,2246,150,18043,1,19:09
2024-25,1627763,Malcolm Brogdon,Malcolm,1610612764,WAS,Washington Wizards,0022400400,2024-12-23T00:00:00,WAS @ OKC,L,26.066666666666666,6.9,16.6,0.417,1.4,4.1,0.333,1.4,1.4,1.0,1.4,6.9,8.3,6.9,1.4,0.0,0.0,4.1,0.0,1.4,16.6,-16.6,35.5,0,0,33.1,1,13222,1,13222,11112,9146,6336,14532,12516,15244,9209,12066,13615,1,10832,6519,7789,4123,13396,12854,8263,604,20257,15525,11308,20467,10731,2246,150,11533,1,26:04
2024-25,203501,Tim Hardaway Jr.,Tim,1610612765,DET,Detroit Pistons,0022400404,2024-12-23T00:00:00,DET @ LAL,W,24.823333333333334,7.3,11.6,0.625,2.9,7.3,0.4,4.4,4.4,1.0,0.0,0.0,0.0,0.0,2.9,0.0,0.0,0.0,1.5,1.5,21.8,-14.5,18.9,0,0,24.7,1,1,13086,1,12162,8334,14302,4899,6868,7935,7874,5067,7109,1,14058,22137,23286,19908,6843,12854,8263,8846,17444,15244,6421,19709,21726,2246,150,17920,1,24:49
2024-25,1628978,Donte DiVincenzo,Donte,1610612750,MIN,Minnesota Timberwolves,0022400395,2024-12-23T00:00:00,MIN @ ATL,L,19.183333333333334,3.8,15.0,0.25,3.8,11.3,0.333,3.8,3.8,1.0,1.9,3.8,5.6,5.6,0.0,1.9,0.0,1.9,1.9,1.9,15.0,-16.9,35.8,0,0,33.8,1,13222,1,13222,16683,17699,8589,20233,4564,2287,9209,6176,8363,1,8915,14458,13210,6190,16469,6877,8263,3638,15803,13599,12886,20581,10476,2246,150,11011,1,19:11
2024-25,1630198,Isaiah Joe,Isaiah,1610612760,OKC,Oklahoma City Thunder,0022400400,2024-12-23T00:00:00,OKC vs. WAS,W,18.80666666666667,1.9,15.3,0.125,1.9,9.6,0.2,3.8,5.7,0.667,0.0,3.8,3.8,1.9,1.9,5.7,0.0,1.9,0.0,1.9,9.6,-13.4,32.4,0,0,28.7,1,1,13086,1,16960,21563,8095,22420,10569,4012,13429,6026,4826,9425,14058,14242,17758,16705,10973,557,8263,3499,20257,13462,18569,19266,13048,2246,150,14921,1,18:48
2024-25,1631107,Nikola Jović,Nikola,1610612748,MIA,Miami Heat,0022400396,2024-12-23T00:00:00,MIA vs. BKN,W,31.933333333333334,5.6,9.0,0.625,4.5,5.6,0.8,4.5,4.5,1.0,0.0,4.5,4.5,4.5,1.1,0.0,0.0,0.0,1.1,3.4,20.3,23.7,31.3,0,0,33.8,1,1,13086,1,6032,12593,18689,4899,3051,11612,1389,4818,6824,1,14058,12239,16031,8629,14957,12854,8263,8846,18943,8006,7664,3112,13794,2246,150,10984,1,31:56
2024-25,1642276,Kel'el Ware,Kel'el,1610612748,MIA,Miami Heat,0022400396,2024-12-23T00:00:00,MIA vs. BKN,W,17.483333333333334,8.2,12.4,0.667,2.1,4.1,0.5,0.0,0.0,0.0,4.1,10.3,14.4,0.0,4.1,4.1,2.1,0.0,4.1,0.0,18.5,14.4,50.2,0,0,47.4,1,1,13086,1,17940,6123,12971,3281,9876,15304,3944,13505,14344,13505,3410,2354,2038,19908,3632,1524,3322,8846,6773,17725,9290,5854,3199,2246,150,3352,1,17:29
2024-25,1628970,Miles Bridges,Miles,1610612766,CHA,Charlotte Hornets,0022400391,2024-12-23T00:00:00,CHA vs. HOU,L,29.0,11.2,21.1,0.529,2.5,7.4,0.333,5.0,5.0,1.0,0.0,9.9,9.9,3.7,2.5,1.2,0.0,1.2,0.0,3.7,29.8,-8.7,48.5,0,0,48.4,1,13222,1,13222,8672,2126,2276,8281,8210,7509,9209,4094,5997,1,14058,2635,5513,10727,8319,9857,8263,5989,20257,7076,2165,17280,3792,2246,150,3016,1,29:00
2024-25,1630172,Patrick Williams,Patrick,1610612741,CHI,Chicago Bulls,0022400398,2024-12-23T00:00:00,CHI vs. MIL,L,22.9,7.9,12.6,0.625,4.7,9.4,0.5,0.0,0.0,0.0,0.0,6.3,6.3,1.6,0.0,0.0,0.0,0.0,3.1,0.0,20.4,1.6,30.3,0,0,33.0,1,13222,1,13222,13790,6931,12620,4899,2706,4207,3944,13505,14344,13505,14058,7715,11637,17733,16469,12854,8263,8846,10120,17725,7557,11841,14545,2246,150,11644,1,22:54
2024-25,1630170,Devin Vassell,Devin,1610612759,SAS,San Antonio Spurs,0022400394,2024-12-23T00:00:00,SAS @ PHI,L,31.766666666666666,4.5,12.5,0.364,1.1,5.7,0.2,6.8,7.9,0.857,1.1,4.5,5.7,2.3,0.0,0.0,1.1,1.1,4.5,3.4,17.0,-19.3,30.6,0,0,28.3,1,13222,1,13222,6187,15670,12790,16861,13746,11536,13429,2159,2565,7071,12235,12169,13117,15357,16469,12854,6583,6763,5701,7953,10848,21333,14351,2246,150,15188,1,31:46
2024-25,1629027,Trae Young,Trae,1610612737,ATL,Atlanta Hawks,0022400395,2024-12-23T00:00:00,ATL vs. MIN,W,31.3,9.2,17.3,0.533,4.6,8.1,0.571,10.4,13.8,0.75,0.0,2.3,2.3,8.1,5.8,0.0,0.0,0.0,2.3,6.9,33.4,10.4,42.4,0,0,48.3,1,1,13086,1,6607,4352,5509,8140,2887,6363,3506,599,477,8186,14058,18760,21202,2839,1607,12854,8263,8846,13643,1728,1256,7537,6403,2246,150,3044,1,31:18
2024-25,1628976,Wendell Carter Jr.,Wendell,1610612753,ORL,Orlando Magic,0022400393,2024-12-23T00:00:00,ORL vs. BOS,W,26.883333333333333,6.7,10.7,0.625,1.3,1.3,1.0,0.0,0.0,0.0,1.3,8.0,9.4,5.4,0.0,0.0,2.7,1.3,1.3,0.0,14.7,9.4,42.0,0,0,36.2,1,1,13086,1,10435,9692,15862,4899,12694,20453,1,13505,14344,13505,11018,4653,6226,6711,16469,12854,2107,5449,17864,17725,13168,8004,6588,2246,150,9256,1,26:53
2024-25,1631101,Shaedon Sharpe,Shaedon,1610612757,POR,Portland Trail Blazers,0022400401,2024-12-23T00:00:00,POR @ DAL,L,24.216666666666665,8.9,20.8,0.429,1.5,5.9,0.25,0.0,0.0,0.0,0.0,3.0,3.0,4.5,1.5,4.5,0.0,0.0,1.5,1.5,19.3,-23.8,41.5,0,0,37.2,1,13222,1,13222,12715,4860,2450,13735,12088,10820,11902,13505,14344,13505,14058,16816,19799,8745,12808,1253,8263,8846,17273,15053,8528,22522,6895,2246,150,8605,1,24:13
2024-25,203897,Zach LaVine,Zach,1610612741,CHI,Chicago Bulls,0022400398,2024-12-23T00:00:00,CHI vs. MIL,L,33.61666666666667,5.4,13.9,0.385,1.1,6.4,0.167,3.2,3.2,1.0,0.0,6.4,6.4,3.2,3.2,1.1,0.0,0.0,0.0,3.2,15.0,-19.3,27.5,0,0,27.8,1,13222,1,13222,4618,13386,10304,16070,14120,9701,14236,7298,9493,1,14058,7452,11330,12253,5787,11269,8263,8846,20257,8516,12916,21337,16564,2246,150,15542,1,33:37
2024-25,1630256,Jae'Sean Tate,Jae'Sean,1610612745,HOU,Houston Rockets,0022400391,2024-12-23T00:00:00,HOU @ CHA,W,14.71,2.4,4.9,0.5,2.4,4.9,0.5,7.3,9.8,0.75,0.0,2.4,2.4,4.9,0.0,0.0,0.0,0.0,7.3,4.9,14.7,26.9,25.0,0,0,24.5,1,1,13086,1,19766,20560,23533,8526,8328,13452,3944,1772,1460,8186,14058,18338,20904,7696,16469,12854,8263,8846,1752,4303,13209,2444,18318,2246,150,18022,1,14:43
2024-25,1627777,Georges Niang,Georges,1610612739,CLE,Cleveland Cavaliers,0022400392,2024-12-23T00:00:00,CLE vs. UTA,W,21.25,5.1,13.6,0.375,3.4,10.2,0.333,0.0,0.0,0.0,1.7,10.2,11.9,5.1,3.4,1.7,0.0,1.7,6.8,3.4,13.6,-1.7,37.1,0,0,37.3,1,1,13086,1,15114,14145,10913,16299,5411,3315,9209,13505,14344,13505,9594,2450,3612,7288,5259,7627,8263,4164,2162,7988,14437,13873,9631,2246,150,8529,1,21:15
2024-25,1631124,Julian Strawther,Julian,1610612743,DEN,Denver Nuggets,0022400402,2024-12-23T00:00:00,DEN vs. PHX,W,18.043333333333333,6.0,18.0,0.333,6.0,14.0,0.429,0.0,0.0,0.0,2.0,2.0,4.0,2.0,0.0,2.0,0.0,2.0,2.0,0.0,18.0,14.0,31.7,0,0,33.9,1,1,13086,1,17537,11560,4745,17395,1313,933,7394,13505,14344,13505,8409,19681,17343,16392,16469,6273,8263,3243,15175,17725,9887,6027,13533,2246,150,10912,1,18:03
2024-25,1630551,Justin Champagnie,Justin,1610612764,WAS,Washington Wizards,0022400400,2024-12-23T00:00:00,WAS @ OKC,L,29.1,1.2,8.7,0.143,1.2,4.9,0.25,0.0,0.0,0.0,2.5,7.4,9.9,2.5,0.0,0.0,3.7,0.0,4.9,0.0,3.7,-16.1,30.4,0,0,24.7,1,13222,1,13222,8594,22461,19259,22260,13167,13314,11902,13505,14344,13505,6691,5644,5549,14636,16469,12854,1076,8846,4728,17725,22684,20278,14471,2246,150,17861,1,29:06
2024-25,1629651,Nic Claxton,Nic,1610612751,BKN,Brooklyn Nets,0022400396,2024-12-23T00:00:00,BKN @ MIA,L,28.35,1.3,8.9,0.143,0.0,0.0,0.0,5.1,6.3,0.8,2.5,10.2,12.7,2.5,2.5,0.0,2.5,0.0,2.5,5.1,7.6,-7.6,31.7,0,0,27.9,1,13222,1,13222,9255,22431,18876,22260,15070,20945,15070,3917,4067,7681,6497,2454,3002,14401,8080,12854,2305,8846,12636,3954,20228,16795,13519,2246,150,15469,1,28:21
2024-25,1629630,Ja Morant,Ja,1610612763,MEM,Memphis Grizzlies,0022400399,2024-12-23T00:00:00,MEM vs. LAC,L,29.483333333333334,8.5,24.4,0.35,2.4,9.8,0.25,8.5,9.8,0.875,0.0,7.3,7.3,4.9,8.5,1.2,1.2,2.4,0.0,9.8,28.1,-14.7,43.0,0,0,47.6,1,13222,1,13222,8238,5529,944,17337,8340,3764,11902,1164,1475,6931,14058,5791,9517,7725,491,10010,6047,2132,20257,465,2753,19768,6144,2246,150,3274,1,29:29
2024-25,1631222,Jake LaRavia,Jake,1610612763,MEM,Memphis Grizzlies,0022400399,2024-12-23T00:00:00,MEM vs. LAC,L,21.516666666666666,5.0,8.4,0.6,3.3,5.0,0.667,0.0,0.0,0.0,5.0,5.0,10.0,3.3,1.7,1.7,0.0,0.0,5.0,1.7,13.4,-11.7,33.8,0,0,33.5,1,13222,1,13222,14925,14330,19693,5394,5522,13163,1957,13505,14344,13505,2364,10828,5391,11827,12027,7707,8263,8846,4564,14354,14633,18628,11973,2246,150,11273,1,21:31
2024-25,202331,Paul George,Paul,1610612755,PHI,Philadelphia 76ers,0022400394,2024-12-23T00:00:00,PHI vs. SAS,W,36.93333333333333,5.8,15.6,0.375,1.9,6.8,0.286,4.9,6.8,0.714,1.0,7.8,8.8,3.9,1.9,0.0,0.0,1.0,1.0,4.9,18.5,14.6,32.9,0,0,33.1,1,1,13086,1,2028,11959,7699,16299,10398,8845,11433,4232,3544,9244,13460,5010,7069,10227,10782,12854,8263,8145,19837,4345,9306,5772,12629,2246,150,11538,1,36:56
2024-25,1626145,Tyus Jones,Tyus,1610612756,PHX,Phoenix Suns,0022400402,2024-12-23T00:00:00,PHX @ DEN,L,22.768333333333334,6.3,12.6,0.5,1.6,4.7,0.333,0.0,0.0,0.0,0.0,3.2,3.2,3.2,3.2,0.0,1.6,0.0,0.0,0.0,14.2,-37.9,24.3,0,0,25.3,1,13222,1,13222,13893,10640,12486,8526,11753,13859,9209,13505,14344,13505,14058,16223,19337,12445,5943,12854,4605,8846,20257,17725,13695,24693,18716,2246,150,17437,1,22:46
2024-25,1627741,Buddy Hield,Buddy,1610612744,GSW,Golden State Warriors,0022400403,2024-12-23T00:00:00,GSW vs. IND,L,16.018333333333334,11.2,24.7,0.455,6.7,13.5,0.5,0.0,0.0,0.0,2.2,6.7,9.0,2.2,6.7,0.0,0.0,0.0,2.2,2.2,29.2,-2.2,36.6,0,0,47.2,1,13222,1,13222,18914,2067,890,12676,871,1106,3944,13505,14344,13505,7433,6810,6763,15451,1003,12854,8263,8846,13891,11957,2372,14176,9931,2246,150,3402,1,16:01
2024-25,1630567,Scottie Barnes,Scottie,1610612761,TOR,Toronto Raptors,0022400397,2024-12-23T00:00:00,TOR @ NYK,L,36.358333333333334,9.9,19.8,0.5,0.0,3.0,0.0,4.0,5.9,0.667,0.0,3.0,3.0,7.9,5.0,1.0,0.0,0.0,5.0,4.0,23.8,-2.0,37.2,0,0,36.6,1,13222,1,13222,2442,3327,3109,8526,15070,17724,15070,5768,4560,9425,14058,16825,19807,2973,2401,12034,8263,8846,4723,6426,4957,14031,9509,2246,150,8958,1,36:22
2024-25,1629006,Josh Okogie,Josh,1610612756,PHX,Phoenix Suns,0022400402,2024-12-23T00:00:00,PHX @ DEN,L,12.818333333333333,0.0,11.2,0.0,0.0,2.8,0.0,0.0,0.0,0.0,0.0,5.6,5.6,2.8,8.4,0.0,0.0,2.8,2.8,2.8,0.0,-39.3,2.5,0,0,8.4,1,13222,1,13222,20830,22635,14971,22635,15070,18044,15070,13505,14344,13505,14058,9271,13248,13561,517,12854,8263,1593,11612,9939,23200,24789,25148,2246,150,24696,1,12:49
2024-25,202699,Tobias Harris,Tobias,1610612765,DET,Detroit Pistons,0022400404,2024-12-23T00:00:00,DET @ LAL,W,29.233333333333334,3.7,12.3,0.3,0.0,3.7,0.0,0.0,0.0,0.0,0.0,1.2,1.2,4.9,0.0,2.5,2.5,3.7,3.7,0.0,7.4,-12.3,31.0,0,0,23.4,1,1,13086,1,8465,17854,13051,19363,15070,16231,15070,13505,14344,13505,14058,21438,22903,7625,16469,4498,2442,800,8105,17725,20421,18864,14036,2246,150,18735,1,29:14
2024-25,1631260,AJ Green,AJ,1610612749,MIL,Milwaukee Bucks,0022400398,2024-12-23T00:00:00,MIL @ CHI,W,24.583333333333332,4.4,11.7,0.375,1.5,7.3,0.2,4.4,4.4,1.0,0.0,2.9,2.9,4.4,1.5,0.0,0.0,0.0,1.5,4.4,14.6,26.4,23.3,0,0,23.4,1,1,13086,1,12389,16082,14077,16299,12185,7779,13429,5003,7041,1,14058,16974,19914,8905,12934,12854,8263,8846,17375,5369,13252,2541,19382,2246,150,18717,1,24:35
2024-25,1630182,Josh Green,Josh,1610612766,CHA,Charlotte Hornets,0022400391,2024-12-23T00:00:00,CHA vs. HOU,L,30.586666666666666,1.2,4.7,0.25,1.2,4.7,0.25,0.0,0.0,0.0,1.2,1.2,2.4,1.2,1.2,0.0,0.0,0.0,3.5,0.0,3.5,-7.1,6.9,0,0,8.2,1,13222,1,13222,7242,22513,23671,20233,13494,13934,11902,13505,14344,13505,11946,21573,21092,19093,14604,12854,8263,8846,8661,17725,22764,16537,24828,2246,150,24729,1,30:35
2024-25,1642270,Donovan Clingan,Donovan,1610612757,POR,Portland Trail Blazers,0022400401,2024-12-23T00:00:00,POR @ DAL,L,15.295,4.7,11.8,0.4,0.0,2.4,0.0,0.0,0.0,0.0,2.4,4.7,7.1,2.4,2.4,0.0,0.0,0.0,4.7,0.0,9.4,-16.5,19.1,0,0,18.8,1,13222,1,13222,19385,15222,14000,14933,15070,18895,15070,13505,14344,13505,7075,11678,10035,15041,8844,12854,8263,8846,5260,17725,18712,20437,21605,2246,150,21471,1,15:18
2024-25,1641824,Matas Buzelis,Matas,1610612741,CHI,Chicago Bulls,0022400398,2024-12-23T00:00:00,CHI vs. MIL,L,15.35,2.3,9.4,0.25,2.3,7.0,0.333,2.3,4.7,0.5,2.3,2.3,4.7,2.3,2.3,0.0,2.3,0.0,2.3,2.3,9.4,4.7,23.2,0,0,23.5,1,13222,1,13222,19342,20768,18146,20233,8687,8382,9209,9467,6495,10625,7106,18644,15592,15069,8885,12854,2654,8846,13461,11565,18745,10291,19426,2246,150,18700,1,15:21
2024-25,1642279,Ulrich Chomche,Ulrich,1610612761,TOR,Toronto Raptors,0022400397,2024-12-23T00:00:00,TOR @ NYK,L,4.15,0.0,0.0,0.0,0.0,0.0,0.0,0.0,0.0,0.0,0.0,8.7,8.7,0.0,8.7,0.0,0.0,0.0,8.7,0.0,0.0,43.4,1.7,0,0,8.7,1,13222,1,13222,24401,22635,24836,22635,15070,20945,15070,13505,14344,13505,14058,3860,7196,19908,474,12854,8263,8846,1075,17725,23200,763,25176,2246,150,24653,1,4:09
2024-25,1641725,Trey Alexander,Trey,1610612743,DEN,Denver Nuggets,0022400402,2024-12-23T00:00:00,DEN vs. PHX,W,4.066666666666666,0.0,0.0,0.0,0.0,0.0,0.0,0.0,0.0,0.0,0.0,0.0,0.0,8.9,0.0,0.0,0.0,0.0,0.0,0.0,0.0,17.7,13.3,0,0,8.9,1,1,13086,1,24450,22635,24836,22635,15070,20945,15070,13505,14344,13505,14058,22137,23286,2130,16469,12854,8263,8846,20257,17725,23200,4658,23699,2246,150,24637,1,4:04
2024-25,203471,Dennis Schröder,Dennis,1610612744,GSW,Golden State Warriors,0022400403,2024-12-23T00:00:00,GSW vs. IND,L,29.898333333333333,3.6,10.8,0.333,1.2,3.6,0.333,2.4,2.4,1.0,0.0,0.0,0.0,3.6,0.0,1.2,0.0,1.2,6.0,1.2,10.8,-26.5,19.9,0,0,18.1,1,13222,1,13222,7882,18054,15630,17395,13338,16409,9209,9316,11466,1,14058,22137,23286,11051,16469,10138,8263,6223,2913,16380,17325,23133,21230,2246,150,21836,1,29:54
2024-25,1641763,Julian Phillips,Julian,1610612741,CHI,Chicago Bulls,0022400398,2024-12-23T00:00:00,CHI vs. MIL,L,14.316666666666666,2.5,10.1,0.25,0.0,7.5,0.0,0.0,0.0,0.0,2.5,0.0,2.5,0.0,2.5,0.0,0.0,0.0,7.5,0.0,5.0,-50.3,5.5,0,0,7.5,1,13222,1,13222,20006,20439,16946,20233,15070,7289,15070,13505,14344,13505,6564,22137,20777,19908,8181,12854,8263,8846,1605,17725,21988,25409,24960,2246,150,24829,1,14:19
2024-25,1630231,KJ Martin,KJ,1610612755,PHI,Philadelphia 76ers,0022400394,2024-12-23T00:00:00,PHI vs. SAS,W,19.65,3.7,12.8,0.286,0.0,1.8,0.0,0.0,0.0,0.0,1.8,9.2,11.0,1.8,0.0,1.8,0.0,5.5,7.3,0.0,7.3,3.7,28.8,0,0,23.8,1,1,13086,1,16300,17933,12172,19630,15070,19861,15070,13505,14344,13505,9119,3350,4414,16985,16469,7105,8263,285,1760,17725,20461,10830,15668,2246,150,18456,1,19:39
2024-25,1627747,Caris LeVert,Caris,1610612739,CLE,Cleveland Cavaliers,0022400392,2024-12-23T00:00:00,CLE vs. UTA,W,23.933333333333334,4.5,9.0,0.5,1.5,4.5,0.333,6.0,7.5,0.8,1.5,3.0,4.5,1.5,0.0,0.0,0.0,0.0,4.5,3.0,16.5,9.0,24.2,0,0,24.1,1,1,13086,1,12962,15740,18677,8526,12011,14404,9209,2837,2885,7681,10299,16684,16026,17959,16469,12854,8263,8846,5751,9208,11341,8169,18793,2246,150,18280,1,23:56
2024-25,1629652,Luguentz Dort,Luguentz,1610612760,OKC,Oklahoma City Thunder,0022400400,2024-12-23T00:00:00,OKC vs. WAS,W,24.566666666666666,0.0,8.8,0.0,0.0,7.3,0.0,0.0,0.0,0.0,2.9,0.0,2.9,1.5,0.0,0.0,1.5,0.0,2.9,0.0,0.0,1.5,10.1,0,0,7.3,1,1,13086,1,12410,22635,19036,22635,15070,7767,15070,13505,14344,13505,5505,22137,19905,18111,16469,12854,4972,8846,11023,17725,23200,11882,24394,2246,150,24863,1,24:34
2024-25,201145,Jeff Green,Jeff,1610612745,HOU,Houston Rockets,0022400391,2024-12-23T00:00:00,HOU @ CHA,W,6.566666666666666,0.0,11.0,0.0,0.0,5.5,0.0,0.0,0.0,0.0,0.0,5.5,5.5,0.0,0.0,0.0,0.0,0.0,5.5,0.0,0.0,-76.8,6.6,0,0,5.5,1,1,13086,1,23340,22635,15414,22635,15070,11995,15070,13505,14344,13505,14058,9576,13581,19908,16469,12854,8263,8846,3724,17725,23200,25974,24858,2246,150,25055,1,6:34
2024-25,1629014,Anfernee Simons,Anfernee,1610612757,POR,Portland Trail Blazers,0022400401,2024-12-23T00:00:00,POR @ DAL,L,28.883333333333333,6.2,15.0,0.417,0.0,3.7,0.0,0.0,0.0,0.0,0.0,0.0,0.0,6.2,2.5,0.0,0.0,0.0,2.5,0.0,12.5,-27.4,19.3,0,0,18.7,1,13222,1,13222,8775,10883,8669,14532,15070,16125,15070,13505,14344,13505,14058,22137,23286,5109,8272,12854,8263,8846,12827,17725,15634,23327,21494,2246,150,21539,1,28:53
2024-25,1630598,Aaron Wiggins,Aaron,1610612760,OKC,Oklahoma City Thunder,0022400400,2024-12-23T00:00:00,OKC vs. WAS,W,13.595,7.9,21.2,0.375,2.6,13.2,0.2,0.0,0.0,0.0,0.0,2.6,2.6,0.0,7.9,0.0,0.0,0.0,0.0,0.0,18.5,-2.6,13.8,0,0,23.8,1,1,13086,1,20436,6747,2215,16299,7691,1191,13429,13505,14344,13505,14058,17823,20545,19908,600,12854,8263,8846,20257,17725,9287,14382,23557,2246,150,18447,1,13:36
2024-25,1628379,Luke Kennard,Luke,1610612763,MEM,Memphis Grizzlies,0022400399,2024-12-23T00:00:00,MEM vs. LAC,L,16.133333333333333,0.0,0.0,0.0,0.0,0.0,0.0,0.0,0.0,0.0,2.2,0.0,2.2,0.0,2.2,0.0,0.0,0.0,0.0,0.0,0.0,-8.9,0.4,0,0,2.2,1,13222,1,13222,18839,22635,24836,22635,15070,20945,15070,13505,14344,13505,7484,22137,21354,19908,9383,12854,8263,8846,20257,17725,23200,17392,25223,2246,150,25250,1,16:08
2024-25,203084,Harrison Barnes,Harrison,1610612759,SAS,San Antonio Spurs,0022400394,2024-12-23T00:00:00,SAS @ PHI,L,20.3,0.0,8.9,0.0,0.0,8.9,0.0,0.0,0.0,0.0,0.0,1.8,1.8,0.0,0.0,0.0,0.0,0.0,1.8,0.0,0.0,-17.7,2.1,0,0,1.8,1,13222,1,13222,15787,22635,18912,22635,15070,5001,15070,13505,14344,13505,14058,20311,22200,19908,16469,12854,8263,8846,16290,17725,23200,20845,25156,2246,150,25257,1,20:18
2024-25,1629111,Jock Landale,Jock,1610612745,HOU,Houston Rockets,0022400391,2024-12-23T00:00:00,HOU @ CHA,W,5.266666666666667,0.0,13.7,0.0,0.0,0.0,0.0,0.0,0.0,0.0,6.8,0.0,6.8,0.0,0.0,0.0,0.0,6.8,0.0,0.0,0.0,-54.7,8.2,0,0,6.8,1,1,13086,1,23875,22635,10690,22635,15070,20945,15070,13505,14344,13505,1209,22137,10450,19908,16469,12854,8263,165,20257,17725,23200,25560,24672,2246,150,24910,1,5:16
2024-25,1641794,Dillon Jones,Dillon,1610612760,OKC,Oklahoma City Thunder,0022400400,2024-12-23T00:00:00,OKC vs. WAS,W,2.9833333333333334,0.0,0.0,0.0,0.0,0.0,0.0,0.0,0.0,0.0,0.0,0.0,0.0,0.0,0.0,0.0,0.0,0.0,0.0,0.0,0.0,-12.1,0.0,0,0,0.0,1,1,13086,1,24995,22635,24836,22635,15070,20945,15070,13505,14344,13505,14058,22137,23286,19908,16469,12854,8263,8846,20257,17725,23200,18762,25228,2246,150,25259,1,2:59
2024-25,1629060,Rui Hachimura,Rui,1610612747,LAL,Los Angeles Lakers,0022400404,2024-12-23T00:00:00,LAL vs. DET,L,28.621666666666666,3.8,10.1,0.375,0.0,2.5,0.0,5.0,5.0,1.0,0.0,1.3,1.3,1.3,1.3,1.3,0.0,1.3,1.3,2.5,12.6,-6.3,18.5,0,0,17.6,1,13222,1,13222,9018,17640,16942,16299,15070,18594,15070,3983,5856,1,14058,21370,22865,18807,14048,9735,8263,5884,18231,10929,15518,16200,21891,2246,150,22032,1,28:37
2024-25,1630573,Sam Hauser,Sam,1610612738,BOS,Boston Celtics,0022400393,2024-12-23T00:00:00,BOS @ ORL,L,16.45,0.0,0.0,0.0,0.0,0.0,0.0,0.0,0.0,0.0,0.0,4.4,4.4,4.4,0.0,4.4,0.0,0.0,6.6,2.2,0.0,-10.9,24.9,0,0,17.5,1,13222,1,13222,18625,22635,24836,22635,15070,20945,15070,13505,14344,13505,14058,12583,16344,8940,16469,1321,8263,8846,2349,12205,23200,18293,18331,2246,150,22074,1,16:27
2024-25,1627814,Damion Lee,Damion,1610612756,PHX,Phoenix Suns,0022400402,2024-12-23T00:00:00,PHX @ DEN,L,6.75,0.0,21.3,0.0,0.0,10.7,0.0,0.0,0.0,0.0,0.0,0.0,0.0,0.0,0.0,0.0,0.0,0.0,5.3,0.0,0.0,-16.0,0.0,0,0,0.0,1,13222,1,13222,23257,22635,2137,22635,15070,2812,15070,13505,14344,13505,14058,22137,23286,19908,16469,12854,8263,8846,3956,17725,23200,20254,25228,2246,150,25259,1,6:45
2024-25,1642461,Spencer Jones,Spencer,1610612743,DEN,Denver Nuggets,0022400402,2024-12-23T00:00:00,DEN vs. PHX,W,4.066666666666666,0.0,8.9,0.0,0.0,8.9,0.0,0.0,0.0,0.0,0.0,17.7,17.7,0.0,8.9,0.0,0.0,0.0,8.9,0.0,0.0,17.7,12.4,0,0,17.7,1,1,13086,1,24450,22635,18928,22635,15070,5015,15070,13505,14344,13505,14058,275,962,19908,441,12854,8263,8846,1012,17725,23200,4658,23923,2246,150,21984,1,4:04
2024-25,1642346,Ryan Dunn,Ryan,1610612756,PHX,Phoenix Suns,0022400402,2024-12-23T00:00:00,PHX @ DEN,L,30.198333333333334,2.4,7.2,0.333,1.2,4.8,0.25,0.0,0.0,0.0,1.2,3.6,4.8,2.4,1.2,0.0,2.4,0.0,1.2,0.0,6.0,-22.7,21.2,0,0,19.1,1,13222,1,13222,7602,20701,21375,17395,13418,13786,11902,13505,14344,13505,11849,15002,15371,14928,14501,12854,2584,8846,18576,17725,21428,22258,20587,2246,150,21364,1,30:12
2024-25,1628374,Lauri Markkanen,Lauri,1610612762,UTA,Utah Jazz,0022400392,2024-12-23T00:00:00,UTA @ CLE,L,31.966666666666665,7.9,23.6,0.333,6.8,15.8,0.429,6.8,7.9,0.857,3.4,4.5,7.9,1.1,1.1,0.0,0.0,0.0,2.3,3.4,29.3,-16.9,39.3,0,0,45.0,1,13222,1,13222,5995,6873,1168,17395,863,553,7394,2188,2601,7071,4584,12251,8489,19268,14969,12854,8263,8846,13867,8022,2353,20582,8196,2246,150,4245,1,31:58
2024-25,1630194,Paul Reed,Paul,1610612765,DET,Detroit Pistons,0022400404,2024-12-23T00:00:00,DET @ LAL,W,20.058333333333334,0.0,1.8,0.0,0.0,0.0,0.0,0.0,0.0,0.0,1.8,3.6,5.4,9.0,0.0,5.4,3.6,0.0,7.2,0.0,0.0,35.9,46.8,0,0,32.3,1,1,13086,1,15982,22635,24794,22635,15070,20945,15070,13505,14344,13505,9256,14953,13847,2046,16469,689,1152,8846,1836,17725,23200,1304,4375,2246,150,12138,1,20:04
2024-25,1630245,Ayo Dosunmu,Ayo,1610612741,CHI,Chicago Bulls,0022400398,2024-12-23T00:00:00,CHI vs. MIL,L,33.78333333333333,2.1,9.6,0.222,0.0,5.3,0.0,1.1,2.1,0.5,0.0,4.3,4.3,11.7,4.3,2.1,0.0,1.1,2.1,1.1,5.3,-20.2,30.2,0,0,25.6,1,13222,1,13222,4448,21180,17793,21205,15070,12396,15070,13023,12319,10625,14058,12929,16640,783,3395,5654,8263,7359,14459,17090,21837,21621,14694,2246,150,17226,1,33:47
2024-25,1630553,Keon Johnson,Keon,1610612751,BKN,Brooklyn Nets,0022400396,2024-12-23T00:00:00,BKN @ MIA,L,28.31,7.6,15.3,0.5,2.5,6.4,0.4,1.3,2.5,0.5,1.3,5.1,6.4,2.5,3.8,3.8,0.0,1.3,5.1,1.3,19.1,2.5,38.1,0,0,38.1,1,13222,1,13222,9296,7442,8165,8526,8002,9854,7874,12382,11098,10625,11349,10615,11488,14390,4278,1833,8263,5800,4408,16023,8782,11344,8925,2246,150,7929,1,28:19
2024-25,1628467,Maxi Kleber,Maxi,1610612742,DAL,Dallas Mavericks,0022400401,2024-12-23T00:00:00,DAL vs. POR,W,16.015,2.2,4.5,0.5,2.2,4.5,0.5,0.0,0.0,0.0,2.2,0.0,2.2,0.0,4.5,2.2,0.0,0.0,9.0,2.2,6.7,6.7,11.7,0,0,15.7,1,1,13086,1,18924,20950,23810,8526,9053,14435,3944,13505,14344,13505,7428,22137,21321,19908,3003,5224,8263,8846,968,11949,20894,9269,24091,2246,150,22811,1,16:01
2024-25,1630558,Davion Mitchell,Davion,1610612761,TOR,Toronto Raptors,0022400397,2024-12-23T00:00:00,TOR @ NYK,L,12.341666666666667,5.8,8.8,0.667,2.9,2.9,1.0,0.0,0.0,0.0,0.0,0.0,0.0,8.8,2.9,0.0,0.0,0.0,2.9,2.9,14.6,-52.5,24.8,0,0,26.3,1,13222,1,13222,21081,12013,19100,3281,6807,17826,1,13505,14344,13505,14058,22137,23286,2221,6782,12854,8263,8846,11108,9537,13311,25487,18424,2246,150,16752,1,12:21
2024-25,1630169,Tyrese Haliburton,Tyrese,1610612754,IND,Indiana Pacers,0022400403,2024-12-23T00:00:00,IND @ GSW,W,38.365,5.6,10.3,0.545,1.9,6.6,0.286,1.9,1.9,1.0,0.0,5.6,5.6,11.3,0.9,1.9,0.0,0.0,0.0,3.8,15.0,26.3,43.4,1,0,37.5,1,1,13086,1,1187,12614,16521,7695,10730,9391,11433,11023,13035,1,14058,9226,13209,913,16208,6876,8263,8846,20257,6977,12885,2562,5960,1,150,8337,1,38:22
2024-25,203954,Joel Embiid,Joel,1610612755,PHI,Philadelphia 76ers,0022400394,2024-12-23T00:00:00,PHI vs. SAS,W,14.366666666666667,5.0,20.0,0.25,2.5,10.0,0.25,10.0,10.0,1.0,0.0,7.5,7.5,2.5,5.0,5.0,0.0,0.0,7.5,5.0,22.6,2.5,45.4,0,0,45.1,1,1,13086,1,19961,14354,2938,20233,8131,3462,11902,693,1361,1,14058,5465,9136,14531,2325,894,8263,8846,1638,4094,5822,11367,5010,2246,150,4219,1,14:22
2024-25,1627832,Fred VanVleet,Fred,1610612745,HOU,Houston Rockets,0022400391,2024-12-23T00:00:00,HOU @ CHA,W,29.1,9.9,19.8,0.5,3.7,9.9,0.375,1.2,1.2,1.0,0.0,6.2,6.2,7.4,2.5,0.0,1.2,0.0,2.5,0.0,24.7,19.8,44.5,0,0,44.5,1,1,13086,1,8594,3332,3120,8526,4675,3610,8800,12486,13831,1,14058,7933,11861,3491,8346,12854,5957,8846,12895,17725,4347,4018,5402,2246,150,4447,1,29:06
2024-25,1626171,Bobby Portis,Bobby,1610612749,MIL,Milwaukee Bucks,0022400398,2024-12-23T00:00:00,MIL @ CHI,W,32.3,7.8,20.1,0.389,2.2,6.7,0.333,3.3,4.5,0.75,1.1,13.4,14.5,6.7,1.1,0.0,0.0,0.0,3.3,4.5,21.2,16.7,47.5,1,0,44.6,1,1,13086,1,5727,7057,2926,16009,9123,9122,9209,7008,6918,8186,12362,904,2000,4444,15031,12854,8263,8846,9267,5230,6937,4997,4146,1,150,4430,1,32:18
2024-25,1630579,Jericho Sims,Jericho,1610612752,NYK,New York Knicks,0022400397,2024-12-23T00:00:00,NYK vs. TOR,W,3.35,0.0,0.0,0.0,0.0,0.0,0.0,21.5,21.5,1.0,0.0,0.0,0.0,10.7,0.0,0.0,0.0,0.0,10.7,10.7,21.5,-43.0,37.6,0,0,32.2,1,1,13086,1,24817,22635,24836,22635,15070,20945,15070,61,115,1,14058,22137,23286,1086,16469,12854,8263,8846,569,298,6645,25048,9278,2246,150,12176,1,3:21
2024-25,1627783,Pascal Siakam,Pascal,1610612754,IND,Indiana Pacers,0022400403,2024-12-23T00:00:00,IND @ GSW,W,34.28333333333333,9.5,18.9,0.5,1.1,4.2,0.25,1.1,1.1,1.0,1.1,4.2,5.3,1.1,1.1,2.1,0.0,1.1,5.3,2.1,21.0,0.0,34.1,0,0,32.6,1,1,13086,1,4024,3954,3840,8526,14249,15120,11902,13079,14135,1,12873,13120,14160,19526,15486,5783,8263,7490,4100,12608,7078,12240,11706,2246,150,11971,1,34:17
2024-25,1631116,Patrick Baldwin Jr.,Patrick,1610612764,WAS,Washington Wizards,0022400400,2024-12-23T00:00:00,WAS @ OKC,L,1.5833333333333333,22.7,22.7,1.0,0.0,0.0,0.0,0.0,0.0,0.0,0.0,0.0,0.0,0.0,0.0,0.0,0.0,0.0,0.0,0.0,45.5,22.7,45.5,0,0,45.5,1,13222,1,13222,25736,95,1473,1,15070,20945,15070,13505,14344,13505,14058,22137,23286,19908,16469,12854,8263,8846,20257,17725,233,3308,4953,2246,150,4023,1,1:35
2024-25,1630595,Cade Cunningham,Cade,1610612765,DET,Detroit Pistons,0022400404,2024-12-23T00:00:00,DET @ LAL,W,35.25833333333333,9.2,25.5,0.36,0.0,5.1,0.0,2.0,2.0,1.0,2.0,3.1,5.1,10.2,5.1,1.0,0.0,0.0,2.0,3.1,20.4,-11.2,39.8,1,0,37.8,1,1,13086,1,3270,4383,721,17134,15070,12945,15070,10486,12600,1,8198,16516,14506,1332,2221,11751,8263,8846,14910,9026,7568,18412,7865,1,150,8186,1,35:16
2024-25,1627826,Ivica Zubac,Ivica,1610612746,LAC,LA Clippers,0022400399,2024-12-23T00:00:00,LAC @ MEM,W,39.64333333333333,9.1,16.3,0.556,0.0,0.0,0.0,0.0,0.9,0.0,8.2,9.1,17.3,0.9,0.9,3.6,0.9,1.8,2.7,1.8,18.2,15.4,52.9,1,0,45.4,1,1,13086,1,671,4561,6621,7248,15070,20945,15070,13505,14312,13505,730,3424,1068,19859,16329,2058,8056,3853,11938,13870,9662,5457,2464,1,150,4074,1,39:39
2024-25,203484,Kentavious Caldwell-Pope,Kentavious,1610612753,ORL,Orlando Magic,0022400393,2024-12-23T00:00:00,ORL vs. BOS,W,34.166666666666664,2.1,8.4,0.25,2.1,6.3,0.333,2.1,2.1,1.0,0.0,5.3,5.3,2.1,1.1,2.1,2.1,0.0,3.2,2.1,8.4,1.1,29.5,0,0,26.3,1,1,13086,1,4116,21225,19596,20233,9651,9934,9209,10269,12398,1,14058,10104,14119,15977,15464,5751,3183,8846,10035,12578,19571,12116,15147,2246,150,16671,1,34:10
2024-25,1628998,Cody Martin,Cody,1610612766,CHA,Charlotte Hornets,0022400391,2024-12-23T00:00:00,CHA vs. HOU,L,31.5,3.4,11.4,0.3,0.0,5.7,0.0,0.0,0.0,0.0,2.3,3.4,5.7,4.6,2.3,2.3,2.3,0.0,1.1,0.0,6.9,-3.4,32.0,0,0,26.3,1,13222,1,13222,6410,18476,14607,19363,15070,11412,15070,13505,14344,13505,7292,15435,12975,8475,9141,5092,2773,8846,18851,17725,20815,14770,13324,2246,150,16729,1,31:30
2024-25,1629012,Collin Sexton,Collin,1610612762,UTA,Utah Jazz,0022400392,2024-12-23T00:00:00,UTA @ CLE,L,36.333333333333336,9.9,21.8,0.455,4.0,9.9,0.4,0.0,0.0,0.0,1.0,2.0,3.0,5.0,4.0,1.0,0.0,1.0,3.0,1.0,23.8,-12.9,33.8,0,0,37.7,1,13222,1,13222,2452,3317,1905,12676,4067,3600,7874,13505,14344,13505,13329,19723,19800,7559,3945,12030,8263,7998,10840,17426,4945,19085,11987,2246,150,8249,1,36:20
2024-25,202685,Jonas Valančiūnas,Jonas,1610612764,WAS,Washington Wizards,0022400400,2024-12-23T00:00:00,WAS @ OKC,L,28.7,7.5,15.1,0.5,0.0,1.3,0.0,0.0,0.0,0.0,5.0,15.1,20.1,1.3,2.5,2.5,2.5,1.3,1.3,1.3,15.1,-2.5,53.6,1,0,46.4,1,13222,1,13222,8920,7695,8509,8526,15070,20555,15070,13505,14344,13505,2365,558,519,18829,8212,4361,2360,5908,18250,16109,12853,14316,2311,1,150,3692,1,28:42
2024-25,1641715,Cam Whitmore,Cam,1610612745,HOU,Houston Rockets,0022400391,2024-12-23T00:00:00,HOU @ CHA,W,27.116666666666667,9.3,21.2,0.438,4.0,10.6,0.375,0.0,0.0,0.0,4.0,6.6,10.6,0.0,5.3,2.7,1.3,2.7,1.3,0.0,22.6,1.3,42.0,0,0,45.1,1,1,13086,1,10256,4213,2189,13558,4025,2860,8800,13505,14344,13505,3621,7022,4794,19908,1994,4004,5527,1804,17915,17725,5810,11939,6644,2246,150,4190,1,27:07
2024-25,1642275,Tidjane Salaün,Tidjane,1610612766,CHA,Charlotte Hornets,0022400391,2024-12-23T00:00:00,CHA vs. HOU,L,19.0,0.0,7.6,0.0,0.0,3.8,0.0,0.0,0.0,0.0,1.9,3.8,5.7,3.8,3.8,1.9,1.9,1.9,1.9,0.0,0.0,-11.4,20.1,0,0,17.1,1,13222,1,13222,16826,22635,20817,22635,15070,16016,15070,13505,14344,13505,8840,14352,13062,10522,4347,6793,3778,3568,15711,17725,23200,18464,21124,2246,150,22281,1,19:00
2024-25,1629634,Brandon Clarke,Brandon,1610612763,MEM,Memphis Grizzlies,0022400399,2024-12-23T00:00:00,MEM vs. LAC,L,6.666666666666667,0.0,5.4,0.0,0.0,0.0,0.0,0.0,0.0,0.0,5.4,5.4,10.8,10.8,0.0,5.4,0.0,0.0,10.8,0.0,0.0,-10.8,45.4,0,0,32.4,1,13222,1,13222,23297,22635,23178,22635,15070,20945,15070,13505,14344,13505,2016,9783,4594,1070,16469,684,8263,8846,559,17725,23200,18229,5006,2246,150,12062,1,6:40
2024-25,203083,Andre Drummond,Andre,1610612755,PHI,Philadelphia 76ers,0022400394,2024-12-23T00:00:00,PHI vs. SAS,W,6.65,5.4,10.8,0.5,0.0,0.0,0.0,0.0,0.0,0.0,5.4,10.8,16.2,5.4,0.0,0.0,0.0,5.4,0.0,0.0,10.8,-27.1,38.4,0,0,32.5,1,1,13086,1,23303,13231,15644,8526,15070,20945,15070,13505,14344,13505,2001,1997,1344,6604,16469,12854,8263,291,20257,17725,17332,23254,8749,2246,150,12002,1,6:39
2024-25,1631095,Jabari Smith Jr.,Jabari,1610612745,HOU,Houston Rockets,0022400391,2024-12-23T00:00:00,HOU @ CHA,W,34.583333333333336,7.3,14.6,0.5,2.1,5.2,0.4,5.2,6.2,0.833,3.1,8.3,11.5,2.1,1.0,0.0,0.0,1.0,1.0,3.1,21.9,26.0,37.7,1,0,37.5,1,1,13086,1,3799,8249,9247,8526,9757,12690,7874,3766,4178,7275,5090,4246,4006,16060,15552,12854,8263,7565,19464,8807,6317,2614,9239,1,150,8384,1,34:35
2024-25,1641748,Andre Jackson Jr.,Andre,1610612749,MIL,Milwaukee Bucks,0022400398,2024-12-23T00:00:00,MIL @ CHI,W,23.16,1.6,3.1,0.5,1.6,1.6,1.0,1.6,3.1,0.5,1.6,6.2,7.8,1.6,0.0,0.0,0.0,0.0,1.6,1.6,6.2,4.7,17.9,0,0,17.1,1,1,13086,1,13598,22101,24456,8526,11846,20220,1,11683,9697,10625,10104,7861,8669,17790,16469,12854,8263,8846,17024,14781,21242,10306,22153,2246,150,22262,1,23:10
2024-25,1630540,Miles McBride,Miles,1610612752,NYK,New York Knicks,0022400397,2024-12-23T00:00:00,NYK vs. TOR,W,25.233333333333334,7.1,11.4,0.625,2.9,5.7,0.5,0.0,1.4,0.0,1.4,4.3,5.7,7.1,1.4,2.9,0.0,0.0,4.3,0.0,17.1,10.0,41.8,0,0,38.5,1,1,13086,1,11804,8621,14634,4899,7035,11432,3944,13505,13566,13505,10642,12864,12997,3845,13127,3541,8263,8846,6342,17725,10716,7702,6727,2246,150,7695,1,25:14
2024-25,1630230,Naji Marshall,Naji,1610612742,DAL,Dallas Mavericks,0022400401,2024-12-23T00:00:00,DAL vs. POR,W,15.6,4.6,13.8,0.333,0.0,2.3,0.0,0.0,0.0,0.0,0.0,2.3,2.3,4.6,0.0,0.0,0.0,2.3,2.3,0.0,9.2,-11.5,18.9,0,0,16.2,1,1,13086,1,19194,15447,10424,17395,15070,18970,15070,13505,14344,13505,14058,18740,21187,8374,16469,12854,8263,2409,13612,17725,18873,18546,21682,2246,150,22653,1,15:36
2024-25,1628975,Jevon Carter,Jevon,1610612741,CHI,Chicago Bulls,0022400398,2024-12-23T00:00:00,CHI vs. MIL,L,4.2,0.0,8.6,0.0,0.0,8.6,0.0,0.0,0.0,0.0,0.0,0.0,0.0,0.0,0.0,8.6,0.0,0.0,0.0,0.0,0.0,8.6,25.7,0,0,17.1,1,13222,1,13222,24380,22635,19388,22635,15070,5458,15070,13505,14344,13505,14058,22137,23286,19908,16469,174,8263,8846,20257,17725,23200,8374,17807,2246,150,22237,1,4:12
2024-25,1642377,Jaylen Wells,Jaylen,1610612763,MEM,Memphis Grizzlies,0022400399,2024-12-23T00:00:00,MEM vs. LAC,L,27.95,2.6,6.4,0.4,1.3,5.2,0.25,2.6,2.6,1.0,2.6,1.3,3.9,2.6,2.6,0.0,0.0,0.0,2.6,3.9,9.0,2.6,14.9,0,0,16.7,1,13222,1,13222,9582,20320,22162,14933,12905,12821,11902,8865,11033,1,6412,21303,17671,14289,7961,12854,8263,8846,12509,6666,19061,11328,23202,2246,150,22407,1,27:57
2024-25,1628392,Isaiah Hartenstein,Isaiah,1610612760,OKC,Oklahoma City Thunder,0022400400,2024-12-23T00:00:00,OKC vs. WAS,W,27.1,9.3,15.9,0.583,0.0,0.0,0.0,2.7,2.7,1.0,4.0,10.6,14.6,4.0,0.0,0.0,2.7,1.3,2.7,4.0,21.3,-5.3,52.7,1,0,45.2,1,1,13086,1,10268,4204,7204,6296,15070,20945,15070,8669,10844,1,3616,2132,1954,9973,16469,12854,2139,5508,12214,6348,6874,15753,2523,1,150,4171,1,27:06
2024-25,1628389,Bam Adebayo,Bam,1610612748,MIA,Miami Heat,0022400396,2024-12-23T00:00:00,MIA vs. BKN,W,30.516666666666666,9.4,14.2,0.667,0.0,2.4,0.0,8.3,9.4,0.875,0.0,8.3,8.3,8.3,2.4,1.2,0.0,0.0,1.2,9.4,27.1,9.4,50.6,0,0,46.0,1,1,13086,1,7300,3969,9916,3281,15070,18885,15070,1298,1645,6931,14058,4345,7841,2649,8817,10346,8263,8846,18655,541,3146,7968,3096,2246,150,3815,1,30:31
2024-25,1630556,Kessler Edwards,Kessler,1610612742,DAL,Dallas Mavericks,0022400401,2024-12-23T00:00:00,DAL vs. POR,W,9.25,0.0,11.7,0.0,0.0,3.9,0.0,0.0,0.0,0.0,0.0,3.9,3.9,3.9,0.0,0.0,3.9,0.0,7.8,0.0,0.0,-23.4,22.2,0,0,15.6,1,1,13086,1,22365,22635,14159,22635,15070,15813,15070,13505,14344,13505,14058,14045,17588,10253,16469,12854,976,8846,1467,17725,23200,22429,20035,2246,150,22859,1,9:15
2024-25,1641727,Dariq Whitehead,Dariq,1610612751,BKN,Brooklyn Nets,0022400396,2024-12-23T00:00:00,BKN @ MIA,L,1.6166666666666667,0.0,0.0,0.0,0.0,0.0,0.0,0.0,0.0,0.0,0.0,0.0,0.0,0.0,0.0,22.3,0.0,0.0,0.0,0.0,0.0,111.3,66.8,0,0,44.5,1,13222,1,13222,25706,22635,24836,22635,15070,20945,15070,13505,14344,13505,14058,22137,23286,19908,16469,14,8263,8846,20257,17725,23200,52,579,2246,150,4447,1,1:37
2024-25,1630559,Austin Reaves,Austin,1610612747,LAL,Los Angeles Lakers,0022400404,2024-12-23T00:00:00,LAL vs. DET,L,36.875,4.9,8.8,0.556,2.0,4.9,0.4,0.0,0.0,0.0,0.0,6.8,6.8,2.0,5.9,2.0,0.0,1.0,2.0,3.9,11.7,15.6,22.8,0,0,26.4,1,13222,1,13222,2080,14717,19047,7248,10380,13491,7874,13505,14344,13505,14058,6656,10462,16552,1498,6491,8263,8134,15394,6555,16431,5378,19656,2246,150,16661,1,36:53
2024-25,202681,Kyrie Irving,Kyrie,1610612742,DAL,Dallas Mavericks,0022400401,2024-12-23T00:00:00,DAL vs. POR,W,29.166666666666668,8.6,17.3,0.5,2.5,7.4,0.333,4.9,4.9,1.0,1.2,2.5,3.7,2.5,0.0,1.2,1.2,0.0,1.2,2.5,24.7,37.0,40.2,0,0,38.3,1,1,13086,1,8534,5364,5476,8526,8256,7604,9209,4139,6055,1,11577,18270,18066,14648,16469,9913,5974,8846,18356,11103,4373,1201,7606,2246,150,7856,1,29:10
2024-25,1626162,Kelly Oubre Jr.,Kelly,1610612755,PHI,Philadelphia 76ers,0022400394,2024-12-23T00:00:00,PHI vs. SAS,W,35.61666666666667,4.0,12.1,0.333,0.0,6.1,0.0,2.0,3.0,0.667,1.0,5.1,6.1,1.0,0.0,0.0,0.0,3.0,2.0,3.0,10.1,-1.0,18.9,0,0,17.2,1,1,13086,1,2975,16989,13363,17395,15070,10527,15070,10567,9898,9425,13169,10722,12132,19646,16469,12854,8263,1297,15017,9117,18040,13546,21702,2246,150,22222,1,35:37
2024-25,1628997,Caleb Martin,Caleb,1610612755,PHI,Philadelphia 76ers,0022400394,2024-12-23T00:00:00,PHI vs. SAS,W,26.983333333333334,5.3,10.7,0.5,4.0,6.7,0.6,1.3,2.7,0.5,5.3,1.3,6.7,0.0,1.3,1.3,1.3,1.3,4.0,2.7,16.0,0.0,30.7,0,0,32.0,1,1,13086,1,10349,13442,15936,8526,3993,9161,2992,12216,10817,10625,2059,21226,10792,19908,13647,9278,5502,5478,7135,10415,11914,12240,14281,2246,150,12374,1,26:59
2024-25,1629622,Max Strus,Max,1610612739,CLE,Cleveland Cavaliers,0022400392,2024-12-23T00:00:00,CLE vs. UTA,W,21.756666666666668,1.7,5.0,0.333,0.0,3.3,0.0,0.0,0.0,0.0,3.3,6.6,9.9,3.3,0.0,0.0,0.0,0.0,5.0,1.7,3.3,-6.6,20.2,0,0,16.5,1,1,13086,1,14713,21959,23493,17395,15070,17050,15070,13505,14344,13505,4731,7063,5518,11948,16469,12854,8263,8846,4702,14431,22848,16349,21067,2246,150,22487,1,21:45
2024-25,1626167,Myles Turner,Myles,1610612754,IND,Indiana Pacers,0022400403,2024-12-23T00:00:00,IND @ GSW,W,34.535,9.4,14.6,0.643,3.1,7.3,0.429,2.1,2.1,1.0,2.1,8.3,10.4,1.0,2.1,0.0,3.1,0.0,1.0,1.0,24.0,18.8,45.3,1,0,44.8,1,1,13086,1,3821,4057,9221,4607,6147,7836,7394,10347,12474,1,8012,4236,4984,19555,10079,12854,1544,8846,19460,17210,4819,4327,5012,1,150,4344,1,34:32
2024-25,1626156,D'Angelo Russell,D'Angelo,1610612747,LAL,Los Angeles Lakers,0022400404,2024-12-23T00:00:00,LAL vs. DET,L,15.495,2.3,11.6,0.2,2.3,9.3,0.25,4.6,4.6,1.0,0.0,0.0,0.0,11.6,4.6,0.0,0.0,0.0,2.3,4.6,11.6,-30.2,24.4,0,0,25.6,1,13222,1,13222,19255,20809,14278,21401,8769,4388,11902,4602,6586,1,14058,22137,23286,808,2787,12854,8263,8846,13550,4841,16557,23769,18685,2246,150,17238,1,15:30
2024-25,1628378,Donovan Mitchell,Donovan,1610612739,CLE,Cleveland Cavaliers,0022400392,2024-12-23T00:00:00,CLE vs. UTA,W,33.7,7.5,16.0,0.467,4.3,8.5,0.5,4.3,5.3,0.8,0.0,3.2,3.2,7.5,1.1,3.2,0.0,0.0,2.1,2.1,23.5,18.2,47.1,0,0,44.9,1,1,13086,1,4549,7817,7082,12249,3439,5502,3944,5209,5403,7681,14058,16070,19221,3427,15358,2734,8263,8846,14422,12453,5126,4500,4280,2246,150,4327,1,33:42
2024-25,203932,Aaron Gordon,Aaron,1610612743,DEN,Denver Nuggets,0022400390,2024-12-22T00:00:00,DEN @ NOP,W,35.29666666666667,6.1,12.2,0.5,2.0,4.1,0.5,3.1,6.1,0.5,5.1,3.1,8.2,3.1,2.0,1.0,0.0,1.0,2.0,3.1,17.3,-6.1,32.7,0,0,32.6,1,1,13086,1,3250,11163,13189,8526,9961,15398,3944,7646,4323,10625,2289,16522,7991,12722,10299,11760,8263,7735,14918,9033,10485,16122,12772,2246,150,11914,1,35:18
2024-25,1626167,Myles Turner,Myles,1610612754,IND,Indiana Pacers,0022400389,2024-12-22T00:00:00,IND @ SAC,W,24.85,10.1,13.0,0.778,1.4,4.3,0.333,0.0,0.0,0.0,0.0,8.7,8.7,1.4,2.9,2.9,2.9,0.0,2.9,1.4,21.7,13.0,48.8,0,0,44.9,1,1,13086,1,12131,3071,11788,1994,12258,14801,9209,13505,14344,13505,14058,3849,7176,18182,6855,3420,1827,8846,11206,15248,6442,6381,3689,2246,150,4308,1,24:51
2024-25,1630578,Alperen Sengun,Alperen,1610612745,HOU,Houston Rockets,0022400388,2024-12-22T00:00:00,HOU @ TOR,W,32.64666666666667,7.7,15.4,0.5,0.0,2.2,0.0,3.3,5.5,0.6,3.3,7.7,11.0,5.5,5.5,3.3,2.2,1.1,2.2,4.4,18.7,4.4,51.3,1,0,46.3,1,1,13086,1,5449,7228,7909,8526,15070,19161,15070,7092,5175,10343,4733,5134,4387,6402,1804,2546,2934,7022,14070,5320,9085,10422,2905,1,150,3716,1,32:39
2024-25,1641708,Amen Thompson,Amen,1610612745,HOU,Houston Rockets,0022400388,2024-12-22T00:00:00,HOU @ TOR,W,23.123333333333335,6.2,10.9,0.571,0.0,0.0,0.0,3.1,4.7,0.667,4.7,3.1,7.8,3.1,3.1,0.0,0.0,0.0,1.6,4.7,15.6,10.9,26.5,0,0,26.5,1,1,13086,1,13621,10897,15537,6538,15070,20945,15070,7509,6539,9425,2718,16377,8646,12575,6085,12854,8263,8846,17012,4783,12355,7280,17309,2246,150,16568,1,23:07
2024-25,1626168,Trey Lyles,Trey,1610612758,SAC,Sacramento Kings,0022400389,2024-12-22T00:00:00,SAC vs. IND,L,19.466666666666665,5.5,12.9,0.429,3.7,7.4,0.5,0.0,0.0,0.0,1.8,3.7,5.5,1.8,0.0,0.0,0.0,0.0,0.0,3.7,14.8,-7.4,24.2,0,0,25.9,1,13222,1,13222,16447,12857,11948,13735,4702,7618,3944,13505,14344,13505,9046,14633,13425,16929,16469,12854,8263,8846,20257,7133,13117,16678,18785,2246,150,17011,1,19:28
2024-25,1631124,Julian Strawther,Julian,1610612743,DEN,Denver Nuggets,0022400390,2024-12-22T00:00:00,DEN @ NOP,W,19.996666666666666,7.2,14.4,0.5,1.8,9.0,0.2,7.2,7.2,1.0,0.0,1.8,1.8,1.8,0.0,0.0,1.8,0.0,3.6,5.4,23.4,36.0,33.7,0,0,32.4,1,1,13086,1,16022,8448,9520,8526,11078,4825,13429,1872,3168,1,14058,20245,22159,17083,16469,12854,4060,8846,8425,3482,5197,1286,12061,2246,150,12058,1,19:60
2024-25,1628449,Chris Boucher,Chris,1610612761,TOR,Toronto Raptors,0022400388,2024-12-22T00:00:00,TOR vs. HOU,L,19.2,11.3,20.6,0.545,3.8,9.4,0.4,1.9,1.9,1.0,1.9,0.0,1.9,7.5,7.5,1.9,0.0,1.9,3.8,1.9,28.1,0.0,39.8,0,0,45.0,1,13222,1,13222,16670,2052,2560,7695,4578,4284,7874,11027,13041,1,8923,22137,22044,3400,712,6889,8263,3647,7905,13610,2734,12240,7919,2246,150,4259,1,19:12
2024-25,1630167,Obi Toppin,Obi,1610612754,IND,Indiana Pacers,0022400389,2024-12-22T00:00:00,IND @ SAC,W,21.341666666666665,6.7,13.5,0.5,1.7,6.7,0.25,3.4,5.1,0.667,1.7,3.4,5.1,3.4,1.7,1.7,0.0,0.0,3.4,3.4,18.6,18.6,33.1,0,0,32.0,1,1,13086,1,15042,9577,11018,8526,11440,9025,11902,6953,5810,9425,9623,15587,14636,11760,11973,7660,8263,8846,9173,8036,9261,4390,12543,2246,150,12344,1,21:21
2024-25,1642277,Johnny Furphy,Johnny,1610612754,IND,Indiana Pacers,0022400389,2024-12-22T00:00:00,IND @ SAC,W,8.233333333333333,8.7,8.7,1.0,0.0,0.0,0.0,0.0,0.0,0.0,0.0,4.4,4.4,0.0,0.0,0.0,0.0,0.0,0.0,0.0,17.5,30.6,22.7,0,0,21.9,1,1,13086,1,22725,5190,19106,1,15070,20945,15070,13505,14344,13505,14058,12593,16352,19908,16469,12854,8263,8846,20257,17725,10330,1884,19723,2246,150,19746,1,8:14
2024-25,1630224,Jalen Green,Jalen,1610612745,HOU,Houston Rockets,0022400388,2024-12-22T00:00:00,HOU @ TOR,W,33.583333333333336,9.6,21.4,0.45,2.1,8.6,0.25,2.1,3.2,0.667,1.1,6.4,7.5,2.1,2.1,0.0,0.0,0.0,0.0,3.2,23.6,-3.2,33.7,0,0,35.4,1,1,13086,1,4656,3662,2067,12982,9490,5454,11902,10154,9490,9425,12702,7441,9162,15843,9757,12854,8263,8846,20257,8507,5070,14683,12069,2246,150,9819,1,33:35
2024-25,1627750,Jamal Murray,Jamal,1610612743,DEN,Denver Nuggets,0022400390,2024-12-22T00:00:00,DEN @ NOP,W,41.26833333333333,7.9,16.6,0.474,1.7,7.9,0.222,6.1,7.0,0.875,0.9,6.1,7.0,3.5,5.2,2.6,0.9,0.0,1.7,4.4,23.6,-4.4,42.4,0,0,42.7,1,1,13086,1,329,6954,6334,12072,11270,6712,13288,2773,3384,6931,13968,8087,10176,11419,2080,4101,8157,8846,16396,5443,5088,15254,6429,2246,150,5290,1,41:16
2024-25,1630527,Brandon Boston,Brandon,1610612740,NOP,New Orleans Pelicans,0022400390,2024-12-22T00:00:00,NOP vs. DEN,L,15.02,7.2,12.0,0.6,0.0,2.4,0.0,4.8,4.8,1.0,0.0,2.4,2.4,0.0,2.4,0.0,0.0,0.0,2.4,2.4,19.2,-14.4,19.7,0,0,21.6,1,13222,1,13222,19550,8478,13616,5394,15070,18816,15070,4355,6310,1,14058,18498,21013,19908,8672,12854,8263,8846,13226,11366,8674,19649,21340,2246,150,19919,1,15:01
2024-25,1630534,Ochai Agbaji,Ochai,1610612761,TOR,Toronto Raptors,0022400388,2024-12-22T00:00:00,TOR vs. HOU,L,32.11666666666667,7.8,15.7,0.5,1.1,3.4,0.333,0.0,0.0,0.0,1.1,4.5,5.6,1.1,1.1,1.1,0.0,1.1,0.0,0.0,16.8,6.7,27.5,0,0,26.9,1,13222,1,13222,5871,6969,7557,8526,13829,16946,9209,13505,14344,13505,12325,12302,13281,19292,15002,10858,8263,6868,20257,17725,11046,9276,16621,2246,150,16224,1,32:07
2024-25,1630529,Herbert Jones,Herbert,1610612740,NOP,New Orleans Pelicans,0022400390,2024-12-22T00:00:00,NOP vs. DEN,L,39.233333333333334,2.8,7.3,0.375,0.0,1.8,0.0,1.8,1.8,1.0,0.9,4.6,5.5,5.5,3.7,3.7,0.9,0.9,2.8,2.8,7.3,2.8,32.3,0,0,27.5,1,13222,1,13222,800,19970,21155,16299,15070,19856,15070,11159,13138,1,13834,12015,13528,6414,4625,2005,8014,8568,11829,10139,20453,11242,13088,2246,150,15773,1,39:14
2024-25,1641711,Gradey Dick,Gradey,1610612761,TOR,Toronto Raptors,0022400388,2024-12-22T00:00:00,TOR vs. HOU,L,31.333333333333332,5.7,10.3,0.556,2.3,3.4,0.667,2.3,3.4,0.667,1.1,1.1,2.3,6.9,3.4,1.1,0.0,1.1,3.4,4.6,16.1,8.0,29.2,0,0,29.9,1,13222,1,13222,6570,12278,16480,7248,8855,16771,1957,9628,8998,9425,12114,21635,21207,4144,5133,10588,8263,6643,8906,4953,11839,8615,15373,2246,150,14052,1,31:20
2024-25,1631097,Bennedict Mathurin,Bennedict,1610612754,IND,Indiana Pacers,0022400389,2024-12-22T00:00:00,IND @ SAC,W,29.941666666666666,2.4,10.8,0.222,0.0,3.6,0.0,0.0,0.0,0.0,1.2,8.4,9.6,4.8,1.2,0.0,1.2,1.2,1.2,1.2,4.8,32.5,26.0,0,0,21.6,1,1,13086,1,7836,20656,15660,21205,15070,16420,15070,13505,14344,13505,11782,4143,5904,7904,14428,12854,6159,6243,18528,16390,22120,1683,17636,2246,150,19870,1,29:57
2024-25,1641716,Jarace Walker,Jarace,1610612754,IND,Indiana Pacers,0022400389,2024-12-22T00:00:00,IND @ SAC,W,19.216666666666665,7.5,15.0,0.5,1.9,9.4,0.2,0.0,0.0,0.0,0.0,3.7,3.7,3.7,1.9,1.9,0.0,0.0,3.7,1.9,16.9,13.1,30.7,0,0,30.0,1,1,13086,1,16650,7780,8639,8526,10763,4297,13429,13505,14344,13505,14058,14479,17941,10661,11193,6900,8263,8846,7921,13621,10999,6343,14260,2246,150,13962,1,19:13
2024-25,203482,Kelly Olynyk,Kelly,1610612761,TOR,Toronto Raptors,0022400388,2024-12-22T00:00:00,TOR vs. HOU,L,24.933333333333334,4.3,11.6,0.375,2.9,5.8,0.5,0.0,0.0,0.0,2.9,10.1,13.0,5.8,7.2,2.9,1.4,0.0,7.2,4.3,11.6,-2.9,41.6,0,0,41.9,1,13222,1,13222,12062,16243,14384,16299,6903,11265,3944,13505,14344,13505,5616,2493,2809,5899,809,3440,5061,8846,1818,5515,16613,14509,6839,2246,150,5715,1,24:56
2024-25,201599,DeAndre Jordan,DeAndre,1610612743,DEN,Denver Nuggets,0022400390,2024-12-22T00:00:00,DEN @ NOP,W,10.433333333333334,6.9,10.4,0.667,0.0,0.0,0.0,0.0,0.0,0.0,0.0,13.8,13.8,0.0,0.0,0.0,0.0,3.5,3.5,0.0,13.8,-10.4,30.4,0,0,27.6,1,1,13086,1,21947,9153,16460,3281,15070,20945,15070,13505,14344,13505,14058,802,2331,19908,16469,12854,8263,955,8886,17725,14152,18054,14526,2246,150,15716,1,10:26
2024-25,1628415,Dillon Brooks,Dillon,1610612745,HOU,Houston Rockets,0022400388,2024-12-22T00:00:00,HOU @ TOR,W,36.998333333333335,5.8,11.7,0.5,1.9,6.8,0.286,12.6,13.6,0.929,1.9,3.9,5.8,1.9,5.8,2.9,0.0,0.0,3.9,8.8,26.3,-6.8,39.1,0,0,41.8,1,1,13086,1,1995,11991,14157,8526,10426,8884,11433,287,509,6719,8637,14044,12672,16576,1515,3349,8263,8846,7466,733,3546,16426,8324,2246,150,5734,1,36:60
2024-25,1642263,Reed Sheppard,Reed,1610612745,HOU,Houston Rockets,0022400388,2024-12-22T00:00:00,HOU @ TOR,W,6.203333333333333,5.8,5.8,1.0,5.8,5.8,1.0,0.0,0.0,0.0,0.0,11.6,11.6,0.0,5.8,0.0,0.0,0.0,0.0,0.0,17.4,-17.4,25.5,0,0,34.8,1,1,13086,1,23517,12105,22810,1,1477,11195,1,13505,14344,13505,14058,1558,3842,19908,1557,12854,8263,8846,20257,17725,10422,20749,17919,2246,150,10215,1,6:12
2024-25,1628368,De'Aaron Fox,De'Aaron,1610612758,SAC,Sacramento Kings,0022400389,2024-12-22T00:00:00,SAC vs. IND,L,35.31666666666667,7.1,19.4,0.368,2.0,6.1,0.333,7.1,8.2,0.875,1.0,4.1,5.1,7.1,2.0,1.0,0.0,1.0,2.0,5.1,23.4,-19.4,41.3,0,0,39.8,1,13222,1,13222,3216,8615,3446,16823,9971,10404,9209,1919,2407,6931,13099,13491,14531,3841,10314,11768,8263,7739,14929,3925,5169,21367,7000,2246,150,6915,1,35:19
2024-25,1629111,Jock Landale,Jock,1610612745,HOU,Houston Rockets,0022400388,2024-12-22T00:00:00,HOU @ TOR,W,3.3666666666666667,0.0,0.0,0.0,0.0,0.0,0.0,0.0,0.0,0.0,0.0,0.0,0.0,0.0,0.0,0.0,0.0,0.0,0.0,0.0,0.0,-106.9,0.0,0,0,0.0,1,1,13086,1,24790,22635,24836,22635,15070,20945,15070,13505,14344,13505,14058,22137,23286,19908,16469,12854,8263,8846,20257,17725,23200,26181,25228,2246,150,25259,1,3:22
2024-25,1642367,Jonathan Mogbo,Jonathan,1610612761,TOR,Toronto Raptors,0022400388,2024-12-22T00:00:00,TOR vs. HOU,L,16.15,2.2,6.7,0.333,0.0,2.2,0.0,2.2,2.2,1.0,0.0,6.7,6.7,2.2,0.0,0.0,2.2,0.0,6.7,2.2,6.7,-13.4,24.7,0,0,20.1,1,13222,1,13222,18827,20982,21903,17395,15070,19116,15070,9838,11995,1,14058,6907,10747,15514,16469,12854,2886,8846,2229,12033,20929,19261,18460,2246,150,20828,1,16:09
2024-25,1629750,Javonte Green,Javonte,1610612740,NOP,New Orleans Pelicans,0022400390,2024-12-22T00:00:00,NOP vs. DEN,L,14.275,2.5,5.0,0.5,0.0,0.0,0.0,0.0,0.0,0.0,0.0,2.5,2.5,0.0,2.5,2.5,0.0,2.5,10.1,0.0,5.0,-30.3,13.1,0,0,12.6,1,13222,1,13222,20039,20423,23435,8526,15070,20945,15070,13505,14344,13505,14058,18129,20760,19908,8149,4325,8263,2004,688,17725,21985,23780,23737,2246,150,23834,1,14:17
2024-25,1631095,Jabari Smith Jr.,Jabari,1610612745,HOU,Houston Rockets,0022400388,2024-12-22T00:00:00,HOU @ TOR,W,37.05166666666667,3.9,8.7,0.444,1.0,2.9,0.333,5.8,5.8,1.0,2.9,5.8,8.7,0.0,2.9,1.0,3.9,1.9,1.9,3.9,14.6,9.7,36.7,0,0,34.0,1,1,13086,1,1956,17362,19119,13045,14694,17832,9209,3053,4717,1,5555,8725,7116,19908,6788,12197,981,3414,15442,6614,13323,7830,9875,2246,150,10844,1,37:03
2024-25,1641722,Jordan Hawkins,Jordan,1610612740,NOP,New Orleans Pelicans,0022400390,2024-12-22T00:00:00,NOP vs. DEN,L,33.67333333333333,9.6,19.2,0.5,5.3,13.9,0.385,2.1,2.1,1.0,0.0,1.1,1.1,1.1,1.1,0.0,3.2,1.1,0.0,1.1,26.7,3.2,38.2,0,0,40.6,1,13222,1,13222,4574,3694,3550,8526,1901,953,8766,10173,12293,1,14058,21827,23126,19448,15351,12854,1468,7322,20257,17066,3338,11014,8911,2246,150,6427,1,33:40
2024-25,201566,Russell Westbrook,Russell,1610612743,DEN,Denver Nuggets,0022400390,2024-12-22T00:00:00,DEN @ NOP,W,35.8,9.1,14.1,0.643,1.0,4.0,0.25,2.0,4.0,0.5,3.0,2.0,5.0,5.0,5.0,3.0,1.0,0.0,3.0,3.0,21.1,6.0,41.7,0,0,40.2,1,1,13086,1,2822,4611,10043,4607,14513,15527,11902,10605,7796,10625,5297,19626,14728,7398,2307,3113,7452,8846,10634,9173,6982,9599,6765,2246,150,6661,1,35:48
2024-25,1630530,Trey Murphy III,Trey,1610612740,NOP,New Orleans Pelicans,0022400390,2024-12-22T00:00:00,NOP vs. DEN,L,27.296666666666667,11.9,21.1,0.563,4.0,9.2,0.429,0.0,0.0,0.0,2.6,7.9,10.6,4.0,2.6,2.6,0.0,1.3,2.6,2.6,27.7,10.6,51.6,0,0,51.4,1,13222,1,13222,10110,1602,2281,7127,4082,4480,7394,13505,14344,13505,6259,4837,4861,10048,7743,4049,8263,5557,12295,10520,2894,7447,2819,2246,150,2161,1,27:18
2024-25,1627749,Dejounte Murray,Dejounte,1610612740,NOP,New Orleans Pelicans,0022400390,2024-12-22T00:00:00,NOP vs. DEN,L,43.96666666666667,5.7,19.7,0.292,0.0,4.9,0.0,2.5,4.1,0.6,0.8,5.7,6.6,12.3,1.6,4.9,0.8,0.8,2.5,2.5,13.9,-6.6,55.8,1,0,44.2,1,13222,1,13222,91,12325,3225,19628,15070,13404,15070,9180,7644,10343,14032,8967,11065,655,12185,951,8229,8814,12959,11141,14028,16312,1847,1,150,4588,1,43:58
2024-25,1628418,Thomas Bryant,Thomas,1610612754,IND,Indiana Pacers,0022400389,2024-12-22T00:00:00,IND @ SAC,W,13.9,7.8,10.4,0.75,5.2,7.8,0.667,0.0,0.0,0.0,0.0,10.4,10.4,2.6,0.0,2.6,2.6,0.0,2.6,0.0,20.7,49.2,52.6,0,0,49.2,1,1,13086,1,20244,7120,16445,2107,2070,6854,1957,13505,14344,13505,14058,2314,5048,14241,16469,4155,2231,8846,12459,17725,7303,576,2568,2246,150,2760,1,13:54
2024-25,1627734,Domantas Sabonis,Domantas,1610612758,SAC,Sacramento Kings,0022400389,2024-12-22T00:00:00,SAC vs. IND,L,31.283333333333335,9.2,25.3,0.364,1.2,4.6,0.25,0.0,2.3,0.0,9.2,15.0,24.2,4.6,2.3,1.2,0.0,3.5,3.5,3.5,19.6,-29.9,56.6,1,0,51.8,1,13222,1,13222,6630,4345,767,16861,13644,14191,11902,13505,11766,13505,513,580,217,8401,9061,10569,8263,952,8880,7792,8296,23721,1705,1,150,2085,1,31:17
2024-25,1642266,Ja'Kobe Walter,Ja'Kobe,1610612761,TOR,Toronto Raptors,0022400388,2024-12-22T00:00:00,TOR vs. HOU,L,27.866666666666667,11.6,23.3,0.5,7.8,14.2,0.545,3.9,5.2,0.75,2.6,0.0,2.6,3.9,1.3,0.0,0.0,2.6,7.8,3.9,34.9,-18.1,42.5,0,0,49.1,1,13222,1,13222,9653,1787,1300,8526,523,871,3863,5921,5649,8186,6392,22137,20670,10294,13841,12854,8263,1899,1494,6638,977,20959,6366,2246,150,2798,1,27:52
2024-25,204456,T.J. McConnell,T.J.,1610612754,IND,Indiana Pacers,0022400389,2024-12-22T00:00:00,IND @ SAC,W,22.61,9.6,17.5,0.545,0.0,1.6,0.0,0.0,0.0,0.0,3.2,8.0,11.1,15.9,1.6,1.6,0.0,0.0,0.0,4.8,19.1,14.3,59.5,1,0,49.4,1,1,13086,1,14028,3808,5239,7695,15070,20177,15070,13505,14344,13505,4972,4762,4280,221,12372,8020,8263,8846,20257,4558,8750,5884,1247,1,150,2711,1,22:37
2024-25,203468,CJ McCollum,CJ,1610612740,NOP,New Orleans Pelicans,0022400390,2024-12-22T00:00:00,NOP vs. DEN,L,38.50833333333333,7.5,19.6,0.381,3.7,9.3,0.4,3.7,5.6,0.667,0.0,5.6,5.6,8.4,1.9,0.9,0.9,1.9,1.9,3.7,22.4,0.0,45.5,0,0,43.9,1,13222,1,13222,1106,7814,3250,16250,4599,4317,7874,6202,5039,9425,14058,9287,13269,2495,11227,12480,7923,3670,15839,7018,5892,12240,4931,2246,150,4721,1,38:31
2024-25,1629614,Andrew Nembhard,Andrew,1610612754,IND,Indiana Pacers,0022400389,2024-12-22T00:00:00,IND @ SAC,W,18.833333333333332,9.6,11.5,0.833,3.8,3.8,1.0,0.0,0.0,0.0,0.0,1.9,1.9,7.6,3.8,1.9,1.9,0.0,1.9,0.0,22.9,19.1,44.3,0,0,44.0,1,1,13086,1,16944,3796,14522,1514,4374,15945,1,13505,14344,13505,14058,19937,21978,3227,4256,6706,3733,8846,15612,17725,5532,4223,5497,2246,150,4708,1,18:50
2024-25,1627783,Pascal Siakam,Pascal,1610612754,IND,Indiana Pacers,0022400389,2024-12-22T00:00:00,IND @ SAC,W,28.108333333333334,9.0,17.9,0.5,2.6,6.4,0.4,3.8,6.4,0.6,1.3,11.5,12.8,3.8,0.0,0.0,0.0,2.6,3.8,3.8,24.3,16.6,45.5,1,0,43.5,1,1,13086,1,9457,4775,4774,8526,7943,9740,7874,5998,4005,10343,11293,1614,2933,10387,16469,12854,8263,1932,7622,6738,4589,5020,4962,1,150,4905,1,28:07
2024-25,201949,James Johnson,James,1610612754,IND,Indiana Pacers,0022400389,2024-12-22T00:00:00,IND @ SAC,W,4.85,0.0,0.0,0.0,0.0,0.0,0.0,0.0,0.0,0.0,0.0,14.8,14.8,7.4,7.4,0.0,0.0,0.0,7.4,0.0,0.0,14.8,21.5,0,0,22.3,1,1,13086,1,24045,22635,24836,22635,15070,20945,15070,13505,14344,13505,14058,604,1846,3484,734,12854,8263,8846,1694,17725,23200,5688,20395,2246,150,19506,1,4:51
2024-25,1631115,Orlando Robinson,Orlando,1610612758,SAC,Sacramento Kings,0022400389,2024-12-22T00:00:00,SAC vs. IND,L,4.85,0.0,22.3,0.0,0.0,7.4,0.0,0.0,0.0,0.0,0.0,0.0,0.0,14.8,0.0,0.0,0.0,0.0,0.0,0.0,0.0,-14.8,22.3,0,0,14.8,1,13222,1,13222,24045,22635,1686,22635,15070,7554,15070,13505,14344,13505,14058,22137,23286,307,16469,12854,8263,8846,20257,17725,23200,19843,19997,2246,150,23112,1,4:51
2024-25,1631165,Keon Ellis,Keon,1610612758,SAC,Sacramento Kings,0022400389,2024-12-22T00:00:00,SAC vs. IND,L,4.85,7.4,14.8,0.5,7.4,14.8,0.5,0.0,0.0,0.0,0.0,0.0,0.0,0.0,7.4,0.0,0.0,0.0,0.0,0.0,22.3,-14.8,14.8,0,0,29.7,1,13222,1,13222,24045,7948,8830,8526,620,726,3944,13505,14344,13505,14058,22137,23286,19908,734,12854,8263,8846,20257,17725,6019,19843,23227,2246,150,14169,1,4:51
2024-25,1641767,Ben Sheppard,Ben,1610612754,IND,Indiana Pacers,0022400389,2024-12-22T00:00:00,IND @ SAC,W,17.325,10.4,10.4,1.0,8.3,8.3,1.0,0.0,0.0,0.0,0.0,2.1,2.1,0.0,0.0,0.0,0.0,0.0,4.2,0.0,29.1,12.5,31.6,0,0,39.5,1,1,13086,1,18056,2833,16403,1,398,5894,1,13505,14344,13505,14058,19432,21658,19908,16469,12854,8263,8846,6681,17725,2403,6609,13622,2246,150,7082,1,17:20
2024-25,1641732,Colby Jones,Colby,1610612758,SAC,Sacramento Kings,0022400389,2024-12-22T00:00:00,SAC vs. IND,L,4.85,7.4,7.4,1.0,0.0,0.0,0.0,0.0,0.0,0.0,0.0,7.4,7.4,0.0,0.0,0.0,0.0,0.0,7.4,0.0,14.8,-14.8,23.8,0,0,22.3,1,13222,1,13222,24045,7948,21036,1,15070,20945,15070,13505,14344,13505,14058,5637,9314,19908,16469,12854,8263,8846,1694,17725,13069,19843,19127,2246,150,19506,1,4:51
2024-25,1642419,Jamison Battle,Jamison,1610612761,TOR,Toronto Raptors,0022400388,2024-12-22T00:00:00,TOR vs. HOU,L,16.583333333333332,8.7,15.2,0.571,6.5,10.9,0.6,0.0,0.0,0.0,2.2,6.5,8.7,0.0,4.3,0.0,0.0,2.2,2.2,0.0,23.9,-8.7,30.0,0,0,39.1,1,13222,1,13222,18538,5293,8261,6538,999,2625,2992,13505,14344,13505,7684,7275,7186,19908,3235,12854,8263,2713,14243,17725,4891,17276,14825,2246,150,7333,1,16:35
2024-25,1629162,Jordan McLaughlin,Jordan,1610612758,SAC,Sacramento Kings,0022400389,2024-12-22T00:00:00,SAC vs. IND,L,4.85,7.4,7.4,1.0,7.4,7.4,1.0,0.0,0.0,0.0,0.0,0.0,0.0,0.0,7.4,0.0,0.0,0.0,0.0,0.0,22.3,-14.8,14.8,0,0,29.7,1,13222,1,13222,24045,7948,21036,1,620,7554,1,13505,14344,13505,14058,22137,23286,19908,734,12854,8263,8846,20257,17725,6019,19843,23227,2246,150,14169,1,4:51
2024-25,1629008,Michael Porter Jr.,Michael,1610612743,DEN,Denver Nuggets,0022400390,2024-12-22T00:00:00,DEN @ NOP,W,23.251666666666665,3.1,12.4,0.25,3.1,9.3,0.333,3.1,3.1,1.0,0.0,6.2,6.2,1.5,6.2,0.0,3.1,1.5,3.1,1.5,12.4,-15.5,25.2,0,0,29.4,1,1,13086,1,13511,19207,12922,20233,6225,4397,9209,7557,9733,1,14058,7908,11840,17813,1273,12854,1573,4599,10284,14812,15735,20090,18120,2246,150,14387,1,23:15
2024-25,1628464,Daniel Theis,Daniel,1610612740,NOP,New Orleans Pelicans,0022400390,2024-12-22T00:00:00,NOP vs. DEN,L,13.093333333333334,2.7,5.5,0.5,0.0,0.0,0.0,2.7,2.7,1.0,2.7,5.5,8.2,5.5,0.0,0.0,0.0,0.0,11.0,2.7,8.2,-19.2,26.4,0,0,22.0,1,13222,1,13222,20704,19975,23088,8526,15070,20945,15070,8456,10607,1,5977,9536,7857,6426,16469,12854,8263,8846,539,10149,19703,21326,17354,2246,150,19679,1,13:06
2024-25,203926,Doug McDermott,Doug,1610612758,SAC,Sacramento Kings,0022400389,2024-12-22T00:00:00,SAC vs. IND,L,18.026666666666667,2.0,8.0,0.25,2.0,8.0,0.25,0.0,0.0,0.0,2.0,0.0,2.0,0.0,0.0,2.0,0.0,0.0,4.0,0.0,6.0,-24.0,14.4,0,0,14.0,1,13222,1,13222,17546,21416,20279,20233,10179,6466,11902,13505,14344,13505,8400,22137,21807,19908,16469,6265,8263,8846,7165,17725,21399,22565,23369,2246,150,23427,1,18:02
2024-25,1642403,Isaac Jones,Isaac,1610612758,SAC,Sacramento Kings,0022400389,2024-12-22T00:00:00,SAC vs. IND,L,4.85,0.0,0.0,0.0,0.0,0.0,0.0,14.8,14.8,1.0,7.4,0.0,7.4,0.0,0.0,0.0,0.0,0.0,0.0,7.4,14.8,-14.8,23.8,0,0,22.3,1,13222,1,13222,24045,22635,24836,22635,15070,20945,15070,180,365,1,983,22137,9314,19908,16469,12854,8263,8846,20257,1368,13069,19843,19127,2246,150,19506,1,4:51
2024-25,1631212,Peyton Watson,Peyton,1610612743,DEN,Denver Nuggets,0022400390,2024-12-22T00:00:00,DEN @ NOP,W,17.55,4.1,10.3,0.4,0.0,2.1,0.0,2.1,2.1,1.0,0.0,10.3,10.3,10.3,2.1,0.0,4.1,2.1,2.1,4.1,10.3,10.3,48.2,0,0,39.0,1,1,13086,1,17887,16839,16641,14933,15070,19455,15070,10460,12573,1,14058,2389,5171,1308,10252,12854,866,3055,14868,6048,17899,7582,3915,2246,150,7396,1,17:33
2024-25,1631128,Christian Braun,Christian,1610612743,DEN,Denver Nuggets,0022400390,2024-12-22T00:00:00,DEN @ NOP,W,38.836666666666666,3.7,7.4,0.5,0.0,0.9,0.0,1.9,1.9,1.0,2.8,2.8,5.6,4.6,0.9,1.9,0.0,1.9,0.9,0.9,9.3,1.9,27.5,0,0,23.2,1,1,13086,1,944,17818,21052,8526,15070,20918,15070,11111,13104,1,5908,17462,13392,8340,16257,7013,8263,3727,20075,17609,18845,11706,16557,2246,150,18872,1,38:50
2024-25,201942,DeMar DeRozan,DeMar,1610612758,SAC,Sacramento Kings,0022400389,2024-12-22T00:00:00,SAC vs. IND,L,28.133333333333333,1.3,9.0,0.143,0.0,1.3,0.0,0.0,0.0,0.0,1.3,1.3,2.6,2.6,0.0,0.0,0.0,0.0,1.3,0.0,2.6,-26.9,9.5,0,0,7.7,1,13222,1,13222,9432,22419,18785,22260,15070,20517,15070,13505,14344,13505,11299,21328,20691,14340,16469,12854,8263,8846,18127,17725,23060,23220,24502,2246,150,24813,1,28:08
2024-25,1630567,Scottie Barnes,Scottie,1610612761,TOR,Toronto Raptors,0022400388,2024-12-22T00:00:00,TOR vs. HOU,L,38.88333333333333,1.9,13.9,0.133,0.0,7.4,0.0,1.9,3.7,0.5,2.8,6.5,9.3,3.7,1.9,2.8,0.0,0.0,2.8,1.9,5.6,-7.4,28.7,0,0,24.1,1,13222,1,13222,922,21662,10361,22414,15070,7601,15070,11115,8474,10625,5915,7351,6376,10782,11314,3737,8263,8846,11738,13729,21700,16685,15712,2246,150,18274,1,38:53
2024-25,1631099,Keegan Murray,Keegan,1610612758,SAC,Sacramento Kings,0022400389,2024-12-22T00:00:00,SAC vs. IND,L,28.423333333333332,3.8,11.4,0.333,1.3,5.1,0.25,3.8,3.8,1.0,0.0,5.1,5.1,2.5,0.0,0.0,1.3,0.0,0.0,2.5,12.7,-15.2,26.3,0,0,24.1,1,13222,1,13222,9196,17565,14659,17395,13002,13038,11902,6083,8251,1,14058,10680,14620,14432,16469,12854,5817,8846,20257,10864,15430,19976,17390,2246,150,18282,1,28:25
2024-25,1627832,Fred VanVleet,Fred,1610612745,HOU,Houston Rockets,0022400388,2024-12-22T00:00:00,HOU @ TOR,W,37.5,1.0,9.6,0.1,0.0,4.8,0.0,0.0,0.0,0.0,1.9,5.8,7.7,4.8,1.0,1.9,0.0,0.0,1.9,0.0,1.9,-4.8,23.1,0,0,18.2,1,1,13086,1,1684,22624,17768,22561,15070,13705,15070,13505,14344,13505,8740,8882,8835,7920,16089,6665,8263,8846,15572,17725,23161,15473,19475,2246,150,21748,1,37:30
2024-25,1642347,Jamal Shead,Jamal,1610612761,TOR,Toronto Raptors,0022400388,2024-12-22T00:00:00,TOR vs. HOU,L,32.93333333333333,5.5,7.7,0.714,1.1,3.3,0.333,0.0,0.0,0.0,0.0,6.6,6.6,10.9,3.3,2.2,1.1,0.0,2.2,0.0,12.0,1.1,42.9,1,0,37.2,1,13222,1,13222,5210,13085,20711,2752,13978,17111,9209,13505,14344,13505,14058,7185,11038,1020,5562,5453,6833,8846,14152,17725,16109,12082,6195,1,150,8604,1,32:56
2024-25,1630256,Jae'Sean Tate,Jae'Sean,1610612745,HOU,Houston Rockets,0022400388,2024-12-22T00:00:00,HOU @ TOR,W,15.193333333333333,7.1,14.2,0.5,0.0,0.0,0.0,2.4,4.7,0.5,4.7,0.0,4.7,2.4,0.0,4.7,0.0,0.0,7.1,4.7,16.6,33.2,40.0,0,0,33.2,1,1,13086,1,19445,8687,9805,8526,15070,20945,15070,9408,6417,10625,2625,22137,15466,14986,16469,1060,8263,8846,1888,4642,11302,1610,7738,2246,150,11518,1,15:12
2024-25,1628370,Malik Monk,Malik,1610612758,SAC,Sacramento Kings,0022400389,2024-12-22T00:00:00,SAC vs. IND,L,31.666666666666668,6.8,18.2,0.375,2.3,10.2,0.222,0.0,0.0,0.0,0.0,4.5,4.5,1.1,4.5,0.0,2.3,1.1,1.1,1.1,15.9,-21.6,25.4,0,0,28.4,1,13222,1,13222,6258,9366,4469,16299,8952,3232,13288,13505,14344,13505,14058,12127,15928,19239,2926,12854,2792,6739,18881,16731,12005,21992,18040,2246,150,15140,1,31:40
2024-25,1642274,Yves Missi,Yves,1610612740,NOP,New Orleans Pelicans,0022400390,2024-12-22T00:00:00,NOP vs. DEN,L,39.93333333333333,8.1,10.8,0.75,0.0,0.9,0.0,2.7,4.5,0.6,3.6,4.5,8.1,0.9,0.0,1.8,2.7,0.9,3.6,3.6,18.9,3.6,43.5,0,0,37.0,1,13222,1,13222,577,6380,15665,2107,15070,20925,15070,8574,6828,10343,4202,12246,8069,19866,16469,7238,2077,8654,8405,7374,8922,10853,5873,2246,150,8748,1,39:56
2024-25,1641715,Cam Whitmore,Cam,1610612745,HOU,Houston Rockets,0022400388,2024-12-22T00:00:00,HOU @ TOR,W,14.333333333333334,12.6,25.1,0.5,2.5,5.0,0.5,0.0,0.0,0.0,5.0,5.0,10.0,2.5,2.5,2.5,0.0,0.0,0.0,0.0,27.6,32.7,48.5,0,0,47.7,1,1,13086,1,19991,1219,799,8526,8107,13151,3944,13505,14344,13505,2354,10813,5374,14499,8192,4345,8263,8846,20257,17725,2920,1665,3816,2246,150,3247,1,14:20
2024-25,203999,Nikola Jokić,Nikola,1610612743,DEN,Denver Nuggets,0022400390,2024-12-22T00:00:00,DEN @ NOP,W,42.56666666666667,9.3,16.9,0.55,1.7,2.5,0.667,2.5,4.2,0.6,1.7,9.3,11.0,8.5,2.5,0.8,0.8,2.5,4.2,4.2,22.8,5.1,51.3,1,1,47.4,1,1,13086,1,197,4196,5900,7655,11426,18556,1957,8941,7360,10343,9607,3202,4413,2462,8090,12796,8196,1976,6477,5766,5606,10072,2911,1,1,3351,1,42:34
2024-25,1628989,Kevin Huerter,Kevin,1610612758,SAC,Sacramento Kings,0022400389,2024-12-22T00:00:00,SAC vs. IND,L,23.433333333333334,4.6,7.7,0.6,1.5,3.1,0.5,1.5,3.1,0.5,3.1,4.6,7.7,3.1,0.0,0.0,0.0,0.0,1.5,1.5,12.3,-18.4,26.1,0,0,24.6,1,13222,1,13222,13361,15469,20675,5394,11908,17501,3944,11721,9790,10625,5187,11962,8832,12684,16469,12854,8263,8846,17095,14848,15837,21054,17546,2246,150,17960,1,23:26
2024-25,1630169,Tyrese Haliburton,Tyrese,1610612754,IND,Indiana Pacers,0022400389,2024-12-22T00:00:00,IND @ SAC,W,30.79,5.8,11.7,0.5,4.7,10.5,0.444,0.0,0.0,0.0,1.2,4.7,5.8,9.4,1.2,0.0,0.0,0.0,0.0,0.0,16.4,17.5,36.2,0,0,36.2,1,1,13086,1,7052,11967,14137,8526,2769,2955,7211,13505,14344,13505,12002,11778,12648,1784,14668,12854,8263,8846,20257,17725,11533,4726,10201,2246,150,9190,1,30:47
2024-25,1629750,Javonte Green,Javonte,1610612740,NOP,New Orleans Pelicans,0022400384,2024-12-21T00:00:00,NOP vs. NYK,L,17.601666666666667,4.1,8.2,0.5,4.1,4.1,1.0,0.0,0.0,0.0,4.1,6.1,10.2,2.0,4.1,2.0,2.0,2.0,6.1,4.1,12.3,-14.3,35.8,0,0,36.8,1,13222,1,13222,17855,16866,19972,8526,3808,15377,1,13505,14344,13505,3466,8032,5201,16211,3694,6037,3361,3075,2784,6074,15854,19619,10512,2246,150,8832,1,17:36
2024-25,1642264,Stephon Castle,Stephon,1610612759,SAS,San Antonio Spurs,0022400386,2024-12-21T00:00:00,SAS vs. POR,W,20.216666666666665,7.1,17.8,0.4,0.0,3.6,0.0,0.0,0.0,0.0,0.0,7.1,7.1,8.9,3.6,1.8,0.0,1.8,3.6,1.8,14.2,33.8,37.9,0,0,33.8,1,1,13086,1,15849,8651,4905,14933,15070,16526,15070,13505,14344,13505,14058,6134,9908,2108,4875,7329,8263,3951,8557,13998,13669,1523,9060,2246,150,10978,1,20:13
2024-25,1627780,Gary Payton II,Gary,1610612744,GSW,Golden State Warriors,0022400383,2024-12-21T00:00:00,GSW @ MIN,W,20.75,3.5,5.2,0.667,0.0,1.7,0.0,5.2,6.9,0.75,0.0,8.7,8.7,6.9,0.0,0.0,0.0,0.0,5.2,3.5,12.1,22.6,33.0,0,0,27.8,1,1,13086,1,15455,18384,23316,3281,15070,20003,15070,3766,3427,8186,14058,3860,7196,4082,16469,12854,8263,8846,4180,7744,15987,3354,12616,2246,150,15608,1,20:45
2024-25,1629639,Tyler Herro,Tyler,1610612748,MIA,Miami Heat,0022400377,2024-12-21T00:00:00,MIA @ ORL,L,38.343333333333334,6.6,16.0,0.412,2.8,8.4,0.333,4.7,6.6,0.714,0.0,5.6,5.6,4.7,3.8,0.0,0.0,2.8,0.9,1.9,20.7,-4.7,30.7,0,0,33.8,1,13222,1,13222,1198,10008,7163,14791,7168,5668,9209,4524,3806,9244,14058,9212,13202,8199,4425,12854,8263,1582,20029,13595,7351,15418,14272,2246,150,10999,1,38:21
2024-25,1629629,Cam Reddish,Cam,1610612747,LAL,Los Angeles Lakers,0022400376,2024-12-21T00:00:00,LAL @ SAC,W,21.666666666666668,3.3,11.6,0.286,0.0,5.0,0.0,1.7,3.3,0.5,3.3,3.3,6.6,0.0,0.0,3.3,3.3,0.0,1.7,5.0,8.3,0.0,36.2,0,0,28.2,1,1,13086,1,14776,18695,14258,19630,15070,13240,15070,11483,9254,10625,4705,15727,10857,19908,16469,2520,1376,8846,16660,4145,19652,12240,10221,2246,150,15254,1,21:40
2024-25,1626181,Norman Powell,Norman,1610612746,LAC,LA Clippers,0022400385,2024-12-21T00:00:00,LAC @ DAL,L,41.583333333333336,6.9,19.0,0.364,2.6,9.5,0.273,7.8,8.7,0.9,0.9,3.5,4.3,1.7,0.9,0.9,0.9,2.6,2.6,4.3,24.2,-10.4,36.4,0,0,36.4,1,13222,1,13222,292,9110,3721,16861,7840,4074,11838,1514,2083,6805,13978,15342,16459,17277,16404,12765,8167,1883,12439,5520,4650,18065,10108,2246,150,9127,1,41:35
2024-25,1629003,Shake Milton,Shake,1610612751,BKN,Brooklyn Nets,0022400379,2024-12-21T00:00:00,BKN vs. UTA,L,25.566666666666666,7.0,14.1,0.5,1.4,5.6,0.25,0.0,0.0,0.0,1.4,1.4,2.8,2.8,0.0,1.4,0.0,0.0,7.0,1.4,15.5,-9.9,27.3,0,0,25.3,1,13222,1,13222,11516,8835,10039,8526,12419,11625,11902,13505,14344,13505,10714,21060,20204,13532,16469,8854,8263,8846,1949,15414,12430,17819,16728,2246,150,17393,1,25:34
2024-25,202696,Nikola Vučević,Nikola,1610612741,CHI,Chicago Bulls,0022400381,2024-12-21T00:00:00,CHI vs. BOS,L,32.145,9.0,21.3,0.421,0.0,4.5,0.0,3.4,3.4,1.0,6.7,4.5,11.2,2.2,1.1,1.1,0.0,0.0,1.1,4.5,21.3,-19.0,40.3,1,0,37.0,1,13222,1,13222,5854,4791,2176,14442,15070,14495,15070,6980,9179,1,1269,12309,4239,15482,15006,10866,8263,8846,18989,5189,6855,21254,7561,1,150,8751,1,32:09
2024-25,1631230,Dominick Barlow,Dominick,1610612737,ATL,Atlanta Hawks,0022400378,2024-12-21T00:00:00,ATL vs. MEM,L,5.4,6.7,6.7,1.0,6.7,6.7,1.0,0.0,0.0,0.0,0.0,6.7,6.7,0.0,0.0,6.7,0.0,0.0,6.7,0.0,20.0,60.0,48.0,0,0,46.7,1,13222,1,13222,23821,9781,21931,1,915,9178,1,13505,14344,13505,14058,6969,10807,19908,16469,350,8263,8846,2252,17725,7917,370,3983,2246,150,3600,1,5:24
2024-25,203944,Julius Randle,Julius,1610612750,MIN,Minnesota Timberwolves,0022400383,2024-12-21T00:00:00,MIN vs. GSW,L,32.38333333333333,4.4,14.5,0.308,1.1,3.3,0.333,7.8,10.0,0.778,1.1,6.7,7.8,6.7,3.3,0.0,0.0,2.2,1.1,5.6,17.8,-6.7,33.8,0,0,33.4,1,13222,1,13222,5657,15936,9432,19226,13882,16995,9209,1520,1374,8092,12380,6959,8656,4471,5398,12854,8263,2599,19037,3253,10041,16366,11975,2246,150,11358,1,32:23
2024-25,1630696,Dru Smith,Dru,1610612748,MIA,Miami Heat,0022400377,2024-12-21T00:00:00,MIA @ ORL,L,26.21,5.5,11.0,0.5,2.7,5.5,0.5,4.1,5.5,0.75,2.7,2.7,5.5,0.0,1.4,5.5,0.0,1.4,6.9,4.1,17.9,-23.3,39.6,0,0,37.1,1,13222,1,13222,11002,12998,15370,8526,7394,11963,3944,5491,5197,8186,5987,17564,13550,19908,13442,638,8263,5289,2092,6004,9965,22428,8039,2246,150,8664,1,26:13
2024-25,1641709,Ausar Thompson,Ausar,1610612765,DET,Detroit Pistons,0022400387,2024-12-21T00:00:00,DET @ PHX,W,14.166666666666666,5.1,10.2,0.5,0.0,0.0,0.0,0.0,0.0,0.0,0.0,5.1,5.1,2.5,5.1,5.1,0.0,0.0,7.6,2.5,10.2,12.7,30.2,0,0,28.0,1,1,13086,1,20100,14137,16791,8526,15070,20945,15070,13505,14344,13505,14058,10628,14567,14394,2240,851,8263,8846,1560,10834,17985,6515,14632,2246,150,15458,1,14:10
2024-25,1630557,Corey Kispert,Corey,1610612764,WAS,Washington Wizards,0022400382,2024-12-21T00:00:00,WAS @ MIL,L,25.863333333333333,7.0,11.1,0.625,4.2,7.0,0.6,4.2,4.2,1.0,0.0,2.8,2.8,1.4,0.0,0.0,1.4,0.0,1.4,2.8,22.3,-2.8,31.9,0,0,33.4,1,13222,1,13222,11283,9022,15132,4899,3621,8545,2992,5387,7466,1,14058,17450,20289,18369,16469,12854,5261,8846,17656,10020,6018,14445,13420,2246,150,11314,1,25:52
2024-25,1629660,Ty Jerome,Ty,1610612739,CLE,Cleveland Cavaliers,0022400380,2024-12-21T00:00:00,CLE vs. PHI,W,23.95,6.0,16.5,0.364,4.5,10.5,0.429,0.0,0.0,0.0,3.0,3.0,6.0,6.0,1.5,0.0,0.0,0.0,3.0,0.0,16.5,30.1,31.3,0,0,33.1,1,1,13086,1,12946,11468,6381,16861,3051,2957,7394,13505,14344,13505,5318,16695,12244,5467,12727,12854,8263,8846,10681,17725,11352,1955,13857,2246,150,11605,1,23:57
2024-25,1627759,Jaylen Brown,Jaylen,1610612738,BOS,Boston Celtics,0022400381,2024-12-21T00:00:00,BOS @ CHI,W,33.0,9.8,21.8,0.45,0.0,5.5,0.0,1.1,2.2,0.5,2.2,3.3,5.5,8.7,2.2,1.1,0.0,0.0,0.0,4.4,20.7,17.5,41.5,0,0,37.1,1,1,13086,1,5145,3440,1896,12982,15070,12074,15070,12931,12144,10625,7646,15875,13664,2248,9588,11095,8263,8846,20257,5436,7297,4754,6903,2246,150,8663,1,33:00
2024-25,1641764,Brandin Podziemski,Brandin,1610612744,GSW,Golden State Warriors,0022400383,2024-12-21T00:00:00,GSW @ MIN,W,19.528333333333332,9.2,16.6,0.556,3.7,5.5,0.667,0.0,0.0,0.0,3.7,9.2,12.9,1.8,0.0,3.7,0.0,1.8,0.0,0.0,22.1,20.3,51.4,0,0,47.9,1,1,13086,1,16397,4332,6316,7248,4726,11889,1957,13505,14344,13505,4059,3286,2869,16955,16469,1984,8263,3760,20257,17725,6122,3873,2853,2246,150,3165,1,19:32
2024-25,201143,Al Horford,Al,1610612738,BOS,Boston Celtics,0022400381,2024-12-21T00:00:00,BOS @ CHI,W,25.033333333333335,4.3,10.1,0.429,1.4,4.3,0.333,1.4,2.9,0.5,1.4,8.6,10.1,0.0,2.9,1.4,1.4,0.0,1.4,2.9,11.5,30.2,29.3,0,0,28.8,1,1,13086,1,11975,16280,16937,13735,12301,14874,9209,11927,10292,10625,10583,3904,5358,19908,6936,8709,5081,8846,17483,9670,16670,1943,15256,2246,150,14885,1,25:02
2024-25,1630592,Jalen Wilson,Jalen,1610612751,BKN,Brooklyn Nets,0022400379,2024-12-21T00:00:00,BKN vs. UTA,L,22.75,4.7,14.2,0.333,1.6,7.9,0.2,3.2,3.2,1.0,1.6,9.5,11.1,3.2,3.2,1.6,0.0,3.2,1.6,3.2,14.2,-7.9,33.9,0,0,33.2,1,13222,1,13222,13906,15116,9774,17395,11740,6595,13429,7399,9578,1,9989,3016,4337,12440,5927,8054,8263,1182,16924,8684,13677,16938,11921,2246,150,11458,1,22:45
2024-25,1642259,Alex Sarr,Alex,1610612764,WAS,Washington Wizards,0022400382,2024-12-21T00:00:00,WAS @ MIL,L,32.63333333333333,4.4,7.7,0.571,3.3,6.6,0.5,0.0,0.0,0.0,0.0,5.5,5.5,3.3,1.1,2.2,0.0,0.0,0.0,0.0,12.1,-7.7,29.2,0,0,28.7,1,13222,1,13222,5451,16031,20626,6538,5629,9274,3944,13505,14344,13505,14058,9484,13495,11946,15112,5368,8263,8846,20257,17725,15993,16841,15337,2246,150,14941,1,32:38
2024-25,1631165,Keon Ellis,Keon,1610612758,SAC,Sacramento Kings,0022400376,2024-12-21T00:00:00,SAC vs. LAL,L,14.116666666666667,5.1,15.3,0.333,2.6,10.2,0.25,0.0,0.0,0.0,0.0,5.1,5.1,2.6,0.0,5.1,0.0,0.0,7.7,2.6,12.8,-7.7,38.0,0,0,33.2,1,13222,1,13222,20137,14090,8114,17395,7969,3276,11902,13505,14344,13505,14058,10570,14517,14364,16469,835,8263,8846,1542,10795,15335,16809,9029,2246,150,11525,1,14:07
2024-25,1627824,Guerschon Yabusele,Guerschon,1610612755,PHI,Philadelphia 76ers,0022400380,2024-12-21T00:00:00,PHI @ CLE,L,22.7,4.8,7.9,0.6,1.6,4.8,0.333,0.0,0.0,0.0,0.0,4.8,4.8,1.6,4.8,3.2,0.0,0.0,1.6,0.0,11.1,-22.2,23.9,0,0,25.4,1,13222,1,13222,13953,15088,20370,5394,11727,13812,9209,13505,14344,13505,14058,11549,15410,17692,2641,2795,8263,8846,16910,17725,17082,22138,18992,2246,150,17375,1,22:42
2024-25,1629659,Talen Horton-Tucker,Talen,1610612741,CHI,Chicago Bulls,0022400381,2024-12-21T00:00:00,CHI vs. BOS,L,14.333333333333334,2.5,12.6,0.2,2.5,5.0,0.5,0.0,0.0,0.0,0.0,7.5,7.5,2.5,2.5,2.5,0.0,0.0,2.5,0.0,7.5,-25.1,25.4,0,0,25.1,1,13222,1,13222,19991,20450,12645,21401,8107,13151,3944,13505,14344,13505,14058,5433,9102,14499,8192,4345,8263,8846,12751,17725,20287,22831,18030,2246,150,17584,1,14:20
2024-25,1626162,Kelly Oubre Jr.,Kelly,1610612755,PHI,Philadelphia 76ers,0022400380,2024-12-21T00:00:00,PHI @ CLE,L,27.283333333333335,4.0,14.5,0.273,1.3,6.6,0.2,2.6,6.6,0.4,2.6,4.0,6.6,0.0,1.3,1.3,1.3,0.0,1.3,5.3,11.9,-44.9,26.4,0,0,25.1,1,13222,1,13222,10113,17188,9339,20048,12786,9327,13429,8716,3776,13061,6253,13844,10958,19908,13715,9355,5566,8846,17956,3667,16262,25179,17356,2246,150,17633,1,27:17
2024-25,203484,Kentavious Caldwell-Pope,Kentavious,1610612753,ORL,Orlando Magic,0022400377,2024-12-21T00:00:00,ORL vs. MIA,W,36.15,5.0,10.0,0.5,2.0,7.0,0.286,12.0,12.0,1.0,0.0,2.0,2.0,2.0,0.0,0.0,2.0,0.0,2.0,9.0,23.9,12.9,35.3,0,0,33.9,1,1,13086,1,2569,14457,17131,8526,10201,8517,11433,344,778,1,14058,19691,21815,16410,16469,12854,3515,8846,15195,669,4875,6415,10897,2246,150,10959,1,36:09
2024-25,101108,Chris Paul,Chris,1610612759,SAS,San Antonio Spurs,0022400386,2024-12-21T00:00:00,SAS vs. POR,W,26.316666666666666,2.7,8.2,0.333,2.7,6.8,0.4,0.0,0.0,0.0,0.0,5.5,5.5,12.3,0.0,0.0,0.0,0.0,1.4,1.4,8.2,17.8,33.2,0,0,28.7,1,1,13086,1,10888,20010,19940,17395,7431,8802,7874,13505,14344,13505,14058,9613,13619,652,16469,12854,8263,8846,17752,15586,19745,4631,12395,2246,150,14908,1,26:19
2024-25,1631260,AJ Green,AJ,1610612749,MIL,Milwaukee Bucks,0022400382,2024-12-21T00:00:00,MIL vs. WAS,W,31.133333333333333,2.3,8.1,0.286,2.3,6.9,0.333,0.0,0.0,0.0,0.0,4.6,4.6,6.9,0.0,2.3,0.0,0.0,1.2,1.2,6.9,-1.2,29.8,0,0,25.4,1,1,13086,1,6760,20826,20098,19630,8809,8595,9209,13505,14344,13505,14058,11918,15760,4085,16469,4989,8263,8846,18779,16618,20763,13647,14917,2246,150,17321,1,31:08
2024-25,1628381,John Collins,John,1610612762,UTA,Utah Jazz,0022400379,2024-12-21T00:00:00,UTA @ BKN,W,35.333333333333336,5.1,13.2,0.385,0.0,3.1,0.0,3.1,6.1,0.5,2.0,9.2,11.2,2.0,5.1,1.0,0.0,1.0,2.0,8.2,13.2,8.2,27.7,1,0,28.5,1,1,13086,1,3201,14114,11403,16070,15070,17541,15070,7656,4333,10625,8216,3341,4232,16230,2234,11771,8263,7745,14934,941,14816,8550,16418,1,150,15049,1,35:20
2024-25,1641724,Jett Howard,Jett,1610612753,ORL,Orlando Magic,0022400377,2024-12-21T00:00:00,ORL vs. MIA,W,12.666666666666666,8.5,25.6,0.333,8.5,17.1,0.5,0.0,0.0,0.0,2.8,8.5,11.4,2.8,8.5,0.0,0.0,0.0,2.8,0.0,25.6,17.1,35.0,0,0,48.3,1,1,13086,1,20909,5565,714,17395,366,413,3944,13505,14344,13505,5753,4021,4074,13464,500,12854,8263,8846,11449,17725,3887,4890,11084,2246,150,3038,1,12:40
2024-25,1631207,Dalen Terry,Dalen,1610612741,CHI,Chicago Bulls,0022400381,2024-12-21T00:00:00,CHI vs. BOS,L,11.516666666666667,3.1,15.6,0.2,3.1,6.3,0.5,0.0,0.0,0.0,0.0,3.1,3.1,3.1,6.3,0.0,3.1,0.0,6.3,0.0,9.4,-28.1,20.9,0,0,25.0,1,13222,1,13222,21485,19138,7648,21401,6149,10075,3944,13505,14344,13505,14058,16340,19424,12538,1246,12854,1546,8846,2654,17725,18749,23459,20718,2246,150,17671,1,11:31
2024-25,1629655,Daniel Gafford,Daniel,1610612742,DAL,Dallas Mavericks,0022400385,2024-12-21T00:00:00,DAL vs. LAC,W,18.966666666666665,7.6,9.5,0.8,0.0,0.0,0.0,9.5,13.3,0.714,1.9,9.5,11.4,3.8,3.8,0.0,3.8,1.9,9.5,7.6,24.7,5.7,51.6,0,0,47.5,1,1,13086,1,16851,7532,17966,1688,15070,20945,15070,844,554,9244,8821,3027,4062,10504,4329,12854,1032,3551,816,1264,4377,9757,2798,2246,150,3325,1,18:58
2024-25,1627741,Buddy Hield,Buddy,1610612744,GSW,Golden State Warriors,0022400383,2024-12-21T00:00:00,GSW @ MIN,W,20.621666666666666,7.0,15.7,0.444,5.2,14.0,0.375,0.0,0.0,0.0,1.7,3.5,5.2,3.5,1.7,1.7,0.0,0.0,3.5,1.7,19.2,7.0,34.2,0,0,36.7,1,1,13086,1,15552,8968,7525,13045,2014,934,8800,13505,14344,13505,9431,15262,14201,11412,11762,7462,8263,8846,8775,14130,8648,9145,11643,2246,150,8944,1,20:37
2024-25,1627826,Ivica Zubac,Ivica,1610612746,LAC,LA Clippers,0022400385,2024-12-21T00:00:00,LAC @ DAL,L,33.86666666666667,6.4,10.6,0.6,0.0,0.0,0.0,1.1,2.1,0.5,4.3,11.7,15.9,3.2,2.1,1.1,1.1,0.0,2.1,5.3,13.8,-2.1,42.0,1,0,37.2,1,13222,1,13222,4385,10496,16001,5394,15070,20945,15070,13035,12333,10625,3243,1529,1450,12359,9874,11359,7039,8846,14483,3606,14132,14113,6628,1,150,8581,1,33:52
2024-25,203083,Andre Drummond,Andre,1610612755,PHI,Philadelphia 76ers,0022400380,2024-12-21T00:00:00,PHI @ CLE,L,14.4,0.0,7.5,0.0,0.0,0.0,0.0,0.0,0.0,0.0,5.0,15.0,20.0,0.0,2.5,0.0,2.5,0.0,10.0,0.0,0.0,-27.5,29.0,0,0,25.0,1,13222,1,13222,19952,22635,20924,22635,15070,20945,15070,13505,14344,13505,2381,568,528,19908,8244,12854,2377,8846,701,17725,23200,23344,15486,2246,150,17675,1,14:24
2024-25,1628436,Luke Kornet,Luke,1610612738,BOS,Boston Celtics,0022400381,2024-12-21T00:00:00,BOS @ CHI,W,19.366666666666667,3.7,11.2,0.333,0.0,0.0,0.0,0.0,0.0,0.0,9.3,5.6,14.9,5.6,0.0,0.0,0.0,3.7,1.9,0.0,7.4,18.6,33.6,0,0,27.9,1,1,13086,1,16522,17784,15094,17395,15070,20945,15070,13505,14344,13505,505,9345,1834,6299,16469,12854,8263,789,15895,17725,20374,4382,12076,2246,150,15515,1,19:22
2024-25,1629645,Kevin Porter Jr.,Kevin,1610612746,LAC,LA Clippers,0022400385,2024-12-21T00:00:00,LAC @ DAL,L,27.383333333333333,10.5,15.8,0.667,2.6,5.3,0.5,1.3,2.6,0.5,1.3,1.3,2.6,3.9,5.3,1.3,0.0,2.6,3.9,2.6,25.0,-21.0,32.7,0,0,36.8,1,13222,1,13222,10029,2699,7436,3281,7744,12569,3944,12262,10907,10625,11132,21257,20585,10093,2053,9384,8263,1837,7298,10546,4224,21839,12777,2246,150,8835,1,27:23
2024-25,1641763,Julian Phillips,Julian,1610612741,CHI,Chicago Bulls,0022400381,2024-12-21T00:00:00,CHI vs. BOS,L,16.716666666666665,4.3,10.8,0.4,4.3,8.6,0.5,2.2,4.3,0.5,4.3,4.3,8.6,4.3,0.0,0.0,2.2,0.0,4.3,2.2,15.1,-8.6,38.3,0,0,36.6,1,13222,1,13222,18448,16305,15752,14933,3374,5398,3944,10110,7195,10625,3153,12778,7289,9108,16469,12854,3058,8846,6264,12376,12831,17240,8818,2246,150,8968,1,16:43
2024-25,1630703,Scoot Henderson,Scoot,1610612757,POR,Portland Trail Blazers,0022400386,2024-12-21T00:00:00,POR @ SAS,L,23.816666666666666,6.0,15.1,0.4,3.0,6.0,0.5,3.0,6.0,0.5,1.5,4.5,6.0,1.5,1.5,0.0,0.0,3.0,4.5,4.5,18.1,-9.1,26.1,0,0,28.7,1,13222,1,13222,13062,11378,8401,14933,6426,10584,3944,7742,4410,10625,10265,12164,12173,17933,12692,12854,8263,1309,5696,5063,9694,17461,17519,2246,150,14913,1,23:49
2024-25,202681,Kyrie Irving,Kyrie,1610612742,DAL,Dallas Mavericks,0022400385,2024-12-21T00:00:00,DAL vs. LAC,W,37.711666666666666,5.7,23.9,0.24,1.9,8.6,0.222,1.0,1.0,1.0,1.0,1.9,2.9,5.7,1.0,0.0,0.0,1.9,1.0,1.9,14.3,11.5,25.4,0,0,24.8,1,1,13086,1,1565,12336,1103,21137,10593,5432,13288,13363,14278,1,13609,19946,20091,5994,16121,12854,8263,3514,19941,13477,13587,7033,18009,2246,150,17816,1,37:43
2024-25,1628978,Donte DiVincenzo,Donte,1610612750,MIN,Minnesota Timberwolves,0022400383,2024-12-21T00:00:00,MIN vs. GSW,L,25.55,9.9,16.9,0.583,4.2,8.5,0.5,2.8,4.2,0.667,1.4,4.2,5.6,5.6,2.8,2.8,0.0,0.0,1.4,2.8,26.8,-7.0,47.6,0,0,47.9,1,13222,1,13222,11534,3386,5905,6296,3515,5663,3944,8297,7361,9425,10704,13036,13192,6175,7158,3645,8263,8846,17587,9902,3314,16516,4101,2246,150,3179,1,25:33
2024-25,1628976,Wendell Carter Jr.,Wendell,1610612753,ORL,Orlando Magic,0022400377,2024-12-21T00:00:00,ORL vs. MIA,W,12.966666666666667,5.6,13.9,0.4,2.8,5.6,0.5,0.0,0.0,0.0,0.0,2.8,2.8,2.8,0.0,0.0,2.8,2.8,5.6,0.0,13.9,-22.2,29.7,0,0,27.8,1,1,13086,1,20755,12837,10376,14933,7295,11835,3944,13505,14344,13505,14058,17479,20304,13662,16469,12854,1988,1633,3625,17725,14068,22139,15023,2246,150,15603,1,12:58
2024-25,1630173,Precious Achiuwa,Precious,1610612752,NYK,New York Knicks,0022400384,2024-12-21T00:00:00,NYK @ NOP,W,11.898333333333333,3.0,12.1,0.25,0.0,0.0,0.0,0.0,0.0,0.0,15.1,6.1,21.2,3.0,3.0,0.0,3.0,0.0,6.1,0.0,6.1,-39.3,42.1,0,0,36.3,1,1,13086,1,21339,19368,13411,20233,15070,20945,15070,13505,14344,13505,128,8222,400,12841,6368,12854,1661,8846,2873,17725,21356,24791,6586,2246,150,9152,1,11:54
2024-25,1630590,Scotty Pippen Jr.,Scotty,1610612763,MEM,Memphis Grizzlies,0022400378,2024-12-21T00:00:00,MEM @ ATL,W,32.666666666666664,9.9,13.2,0.75,3.3,4.4,0.75,1.1,3.3,0.333,0.0,5.5,5.5,9.9,5.5,2.2,0.0,1.1,1.1,5.5,24.2,15.4,46.8,0,0,47.4,1,1,13086,1,5424,3310,11440,2107,5638,14656,1542,12907,9294,13132,14058,9499,13509,1485,1805,5376,8263,7029,19084,3326,4646,5459,4381,2246,150,3346,1,32:40
2024-25,1631323,Simone Fontecchio,Simone,1610612765,DET,Detroit Pistons,0022400387,2024-12-21T00:00:00,DET @ PHX,W,14.758333333333333,9.8,17.1,0.571,4.9,9.8,0.5,0.0,0.0,0.0,2.4,0.0,2.4,0.0,2.4,2.4,0.0,2.4,4.9,0.0,24.4,2.4,32.2,0,0,36.6,1,1,13086,1,19731,3525,5719,6538,2443,3774,3944,13505,14344,13505,6808,22137,20916,19908,8495,4564,8263,2137,4879,17725,4554,11399,13173,2246,150,8991,1,14:46
2024-25,1642270,Donovan Clingan,Donovan,1610612757,POR,Portland Trail Blazers,0022400386,2024-12-21T00:00:00,POR @ SAS,L,12.8,8.4,11.3,0.75,2.8,2.8,1.0,0.0,0.0,0.0,5.6,11.3,16.9,2.8,0.0,0.0,2.8,2.8,11.3,0.0,19.7,-14.1,52.6,0,0,47.8,1,13222,1,13222,20839,5732,14928,2107,7176,18036,1,13505,14344,13505,1862,1776,1150,13548,16469,12854,1934,1586,502,17725,8171,19527,2560,2246,150,3217,1,12:48
2024-25,1628989,Kevin Huerter,Kevin,1610612758,SAC,Sacramento Kings,0022400376,2024-12-21T00:00:00,SAC vs. LAL,L,22.616666666666667,6.4,15.9,0.4,1.6,11.1,0.143,0.0,0.0,0.0,0.0,3.2,3.2,0.0,0.0,3.2,0.0,0.0,3.2,0.0,14.3,0.0,27.7,0,0,25.5,1,13222,1,13222,14015,10523,7228,14933,11702,2376,14649,13505,14344,13505,14058,16149,19282,19908,16469,2775,8263,8846,9929,17725,13579,12240,16428,2246,150,17306,1,22:37
2024-25,1641731,Bilal Coulibaly,Bilal,1610612764,WAS,Washington Wizards,0022400382,2024-12-21T00:00:00,WAS @ MIL,L,34.63333333333333,7.3,14.6,0.5,1.0,5.2,0.2,5.2,7.3,0.714,2.1,10.4,12.5,5.2,3.1,3.1,1.0,0.0,1.0,5.2,20.8,-4.2,52.9,1,0,47.8,1,13222,1,13222,3749,8277,9276,8526,14308,12706,13429,3773,3115,9244,8035,2291,3143,7036,6072,2895,7195,8846,19469,3778,7238,15154,2477,1,150,3216,1,34:38
2024-25,1626157,Karl-Anthony Towns,Karl-Anthony,1610612752,NYK,New York Knicks,0022400384,2024-12-21T00:00:00,NYK @ NOP,W,27.233333333333334,4.0,13.2,0.3,2.6,6.6,0.4,4.0,4.0,1.0,2.6,10.6,13.2,5.3,6.6,0.0,1.3,1.3,6.6,2.6,14.5,1.3,35.7,1,0,38.3,1,1,13086,1,10157,17178,11450,19363,7699,9296,7874,5758,7910,1,6234,2173,2656,6851,1076,12854,5552,5537,2310,10495,13361,11944,10583,1,150,7805,1,27:14
2024-25,1629057,Robert Williams III,Robert,1610612757,POR,Portland Trail Blazers,0022400386,2024-12-21T00:00:00,POR @ SAS,L,12.483333333333333,0.0,0.0,0.0,0.0,0.0,0.0,0.0,0.0,0.0,2.9,8.7,11.5,0.0,0.0,0.0,2.9,0.0,0.0,0.0,0.0,26.0,22.5,0,0,17.3,1,13222,1,13222,21003,22635,24836,22635,15070,20945,15070,13505,14344,13505,5629,3882,3915,19908,16469,12854,1844,8846,20257,17725,23200,2626,19880,2246,150,22173,1,12:29
2024-25,1641783,Tristan da Silva,Tristan,1610612753,ORL,Orlando Magic,0022400377,2024-12-21T00:00:00,ORL vs. MIA,W,28.19,3.8,8.9,0.429,0.0,3.8,0.0,2.6,2.6,1.0,0.0,2.6,2.6,3.8,0.0,0.0,0.0,1.3,3.8,2.6,10.2,3.8,19.0,0,0,16.6,1,1,13086,1,9391,17491,18811,13735,15070,15932,15070,8911,11077,1,14058,18046,20698,10419,16469,12854,8263,5777,7652,10786,17934,10737,21630,2246,150,22469,1,28:11
2024-25,1629130,Duncan Robinson,Duncan,1610612748,MIA,Miami Heat,0022400377,2024-12-21T00:00:00,MIA @ ORL,L,26.563333333333333,4.1,9.5,0.429,2.7,8.1,0.333,2.7,2.7,1.0,1.4,4.1,5.4,4.1,1.4,0.0,0.0,0.0,4.1,1.4,13.6,-10.8,24.8,0,0,25.7,1,13222,1,13222,10680,16939,17976,13735,7506,6216,9209,8551,10719,1,10959,13525,13757,9765,13545,12854,8263,8846,6950,15645,14439,18249,18422,2246,150,17107,1,26:34
2024-25,1626153,Delon Wright,Delon,1610612749,MIL,Milwaukee Bucks,0022400382,2024-12-21T00:00:00,MIL vs. WAS,W,17.366666666666667,0.0,8.3,0.0,0.0,2.1,0.0,4.1,4.1,1.0,4.1,2.1,6.2,2.1,2.1,2.1,0.0,2.1,0.0,6.2,4.1,43.5,18.9,0,0,16.6,1,1,13086,1,18025,22635,19804,22635,15070,19419,15070,5446,7528,1,3375,19443,11781,16103,10144,5904,8263,2991,20257,2368,22485,756,21718,2246,150,22476,1,17:22
2024-25,1642346,Ryan Dunn,Ryan,1610612756,PHX,Phoenix Suns,0022400387,2024-12-21T00:00:00,PHX vs. DET,L,14.363333333333333,5.0,10.0,0.5,2.5,7.5,0.333,0.0,0.0,0.0,0.0,5.0,5.0,2.5,2.5,2.5,2.5,0.0,10.0,0.0,12.5,0.0,34.8,0,0,32.6,1,13222,1,13222,19973,14350,17008,8526,8130,7361,9209,13505,14344,13505,14058,10849,14763,14526,8225,4368,2367,8846,695,17725,15563,12240,11166,2246,150,11953,1,14:22
2024-25,1641842,Ronald Holland II,Ronald,1610612765,DET,Detroit Pistons,0022400387,2024-12-21T00:00:00,DET @ PHX,W,13.555,5.3,10.6,0.5,0.0,2.7,0.0,0.0,0.0,0.0,0.0,8.0,8.0,2.7,0.0,2.7,0.0,0.0,5.3,0.0,10.6,-10.6,32.1,0,0,26.6,1,1,13086,1,20455,13506,16012,8526,15070,18338,15070,13505,14344,13505,14058,4754,8331,14027,16469,4001,8263,8846,4004,17725,17534,18153,13230,2246,150,16496,1,13:33
2024-25,1630540,Miles McBride,Miles,1610612752,NYK,New York Knicks,0022400384,2024-12-21T00:00:00,NYK @ NOP,W,15.936666666666667,2.3,13.6,0.167,0.0,6.8,0.0,0.0,0.0,0.0,2.3,2.3,4.5,2.3,0.0,2.3,0.0,4.5,0.0,2.3,4.5,-22.6,20.1,0,0,15.8,1,1,13086,1,18974,20933,10912,21938,15070,8947,15070,13505,14344,13505,7387,18895,16010,15401,16469,5189,8263,481,20257,11903,22286,22246,21110,2246,150,22785,1,15:56
2024-25,1630228,Jonathan Kuminga,Jonathan,1610612744,GSW,Golden State Warriors,0022400383,2024-12-21T00:00:00,GSW @ MIN,W,23.45,4.6,16.9,0.273,3.1,6.1,0.5,4.6,6.1,0.75,0.0,6.1,6.1,3.1,1.5,0.0,1.5,0.0,0.0,3.1,16.9,7.7,31.9,0,0,32.2,1,1,13086,1,13346,15477,5931,20048,6294,10343,3944,4669,4297,8186,14058,8022,11954,12689,12595,12854,4733,8846,20257,8994,10976,8785,13374,2246,150,12171,1,23:27
2024-25,1630695,Micah Potter,Micah,1610612762,UTA,Utah Jazz,0022400379,2024-12-21T00:00:00,UTA @ BKN,W,8.75,4.1,4.1,1.0,4.1,4.1,1.0,0.0,0.0,0.0,4.1,4.1,8.2,8.2,0.0,0.0,0.0,0.0,0.0,0.0,12.3,45.3,34.6,0,0,32.9,1,1,13086,1,22544,16810,24041,1,3749,15312,1,13505,14344,13505,3419,13373,7892,2673,16469,12854,8263,8846,20257,17725,15764,694,11404,2246,150,11718,1,8:45
2024-25,1628368,De'Aaron Fox,De'Aaron,1610612758,SAC,Sacramento Kings,0022400376,2024-12-21T00:00:00,SAC vs. LAL,L,37.56666666666667,11.5,16.3,0.706,2.9,4.8,0.6,3.8,3.8,1.0,1.0,3.8,4.8,6.7,3.8,1.0,0.0,1.0,2.9,1.9,29.7,-10.5,44.6,0,0,46.0,1,13222,1,13222,1648,1867,6703,3027,6966,13727,2992,6014,8171,1,13583,14224,15320,4413,4223,12292,8263,8278,11296,13448,2190,18128,5384,2246,150,3817,1,37:34
2024-25,1628420,Monté Morris,Monté,1610612756,PHX,Phoenix Suns,0022400387,2024-12-21T00:00:00,PHX vs. DET,L,15.25,2.4,7.1,0.333,0.0,2.4,0.0,4.7,4.7,1.0,0.0,0.0,0.0,7.1,4.7,0.0,0.0,2.4,0.0,2.4,9.4,11.8,15.3,0,0,16.5,1,13222,1,13222,19408,20737,21464,17395,15070,18881,15070,4479,6441,1,14058,22137,23286,3911,2692,12854,8263,2308,20257,11494,18692,6881,23075,2246,150,22497,1,15:15
2024-25,201587,Nicolas Batum,Nicolas,1610612746,LAC,LA Clippers,0022400385,2024-12-21T00:00:00,LAC @ DAL,L,14.866666666666667,0.0,0.0,0.0,0.0,0.0,0.0,7.3,7.3,1.0,0.0,0.0,0.0,4.8,0.0,2.4,0.0,0.0,2.4,2.4,7.3,-19.4,21.8,0,0,17.0,1,13222,1,13222,19657,22635,24836,22635,15070,20945,15070,1821,3122,1,14058,22137,23286,7809,16469,4628,8263,8846,13111,11262,20513,21368,20267,2246,150,22328,1,14:52
2024-25,1631218,Trayce Jackson-Davis,Trayce,1610612744,GSW,Golden State Warriors,0022400383,2024-12-21T00:00:00,GSW @ MIN,W,25.8,9.8,11.2,0.875,0.0,0.0,0.0,1.4,2.8,0.5,2.8,9.8,12.6,2.8,1.4,1.4,2.8,1.4,7.0,2.8,20.9,9.8,51.3,0,0,44.7,1,1,13086,1,11331,3514,15081,1353,15070,20945,15070,12021,10503,10625,5886,2760,3090,13611,13305,8928,1962,5190,1995,9994,7139,7807,2881,2246,150,4408,1,25:48
2024-25,1631108,Max Christie,Max,1610612747,LAL,Los Angeles Lakers,0022400376,2024-12-21T00:00:00,LAL @ SAC,W,17.641666666666666,4.1,8.2,0.5,2.0,4.1,0.5,0.0,0.0,0.0,0.0,6.1,6.1,0.0,0.0,4.1,0.0,0.0,2.0,0.0,10.2,6.1,29.8,0,0,26.5,1,1,13086,1,17837,16890,20000,8526,9959,15394,3944,13505,14344,13505,14058,8051,11988,19908,16469,1558,8263,8846,14913,17725,17948,9559,14945,2246,150,16518,1,17:39
2024-25,1629651,Nic Claxton,Nic,1610612751,BKN,Brooklyn Nets,0022400379,2024-12-21T00:00:00,BKN vs. UTA,L,25.683333333333334,7.0,14.0,0.5,0.0,0.0,0.0,0.0,0.0,0.0,2.8,4.2,7.0,0.0,2.8,2.8,2.8,1.4,0.0,5.6,14.0,-22.4,36.4,0,0,32.2,1,13222,1,13222,11418,8910,10142,8526,15070,20945,15070,13505,14344,13505,5854,13103,10137,19908,7198,3682,1949,5172,20257,3179,13915,22200,10063,2246,150,12176,1,25:41
2024-25,203992,Bogdan Bogdanović,Bogdan,1610612737,ATL,Atlanta Hawks,0022400378,2024-12-21T00:00:00,ATL vs. MEM,L,24.916666666666668,2.9,7.2,0.4,1.4,5.8,0.25,2.9,2.9,1.0,0.0,0.0,0.0,4.3,4.3,0.0,0.0,0.0,4.3,4.3,10.1,-23.1,12.3,0,0,15.9,1,13222,1,13222,12084,19682,21291,14933,12275,11256,11902,8117,10256,1,14058,22137,23286,9046,3246,12854,8263,8846,6186,5510,18035,22357,23949,2246,150,22752,1,24:55
2024-25,1629018,Gary Trent Jr.,Gary,1610612749,MIL,Milwaukee Bucks,0022400382,2024-12-21T00:00:00,MIL vs. WAS,W,31.033333333333335,7.0,18.6,0.375,3.5,11.6,0.3,0.0,0.0,0.0,1.2,7.0,8.1,2.3,1.2,2.3,1.2,0.0,3.5,0.0,17.4,-2.3,39.9,0,0,38.3,1,1,13086,1,6853,9018,4161,16299,5189,2035,11319,13505,14344,13505,12044,6433,8052,15152,14726,4958,6421,8846,8800,17725,10429,14218,7820,2246,150,7841,1,31:02
2024-25,1630162,Anthony Edwards,Anthony,1610612750,MIN,Minnesota Timberwolves,0022400383,2024-12-21T00:00:00,MIN vs. GSW,L,39.083333333333336,5.5,18.4,0.3,3.7,10.1,0.364,2.8,3.7,0.75,0.9,5.5,6.4,4.6,0.9,0.0,0.0,0.0,3.7,4.6,17.5,-0.9,31.2,0,0,32.2,1,13222,1,13222,852,12919,4272,19363,4731,3347,9100,8425,8509,8186,13825,9460,11281,8397,16279,12854,8263,8846,8147,4926,10323,13476,13883,2246,150,12176,1,39:05
2024-25,1630548,Johnny Juzang,Johnny,1610612762,UTA,Utah Jazz,0022400379,2024-12-21T00:00:00,UTA @ BKN,W,12.2,3.0,8.9,0.333,3.0,5.9,0.5,0.0,0.0,0.0,0.0,5.9,5.9,3.0,0.0,5.9,0.0,0.0,0.0,0.0,8.9,35.4,38.1,0,0,32.5,1,1,13086,1,21156,19528,18928,17395,6672,10930,3944,13505,14344,13505,14058,8539,12517,13089,16469,499,8263,8846,20257,17725,19216,1350,8984,2246,150,12020,1,12:12
2024-25,1628960,Grayson Allen,Grayson,1610612756,PHX,Phoenix Suns,0022400387,2024-12-21T00:00:00,PHX vs. DET,L,19.733333333333334,0.0,1.8,0.0,0.0,1.8,0.0,3.6,3.6,1.0,1.8,3.6,5.5,3.6,1.8,1.8,0.0,0.0,1.8,3.6,3.6,3.6,19.3,0,0,16.4,1,13222,1,13222,16233,22635,24788,22635,15070,19875,15070,6387,8585,1,9157,14791,13617,10936,11439,7137,8263,8846,16068,7264,22721,10836,21481,2246,150,22546,1,19:44
2024-25,1626156,D'Angelo Russell,D'Angelo,1610612747,LAL,Los Angeles Lakers,0022400376,2024-12-21T00:00:00,LAL @ SAC,W,30.358333333333334,8.3,15.4,0.538,3.6,8.3,0.429,3.6,4.7,0.75,0.0,4.7,4.7,5.9,1.2,0.0,0.0,0.0,2.4,3.6,23.7,1.2,37.1,0,0,37.9,1,1,13086,1,7454,5978,7946,7978,5012,5913,7394,6588,6411,8186,14058,11589,15463,5628,14545,12854,8263,8846,13342,7515,4974,12023,9615,2246,150,8063,1,30:22
2024-25,1630243,Trevelin Queen,Trevelin,1610612753,ORL,Orlando Magic,0022400377,2024-12-21T00:00:00,ORL vs. MIA,W,17.961666666666666,6.0,8.0,0.75,2.0,2.0,1.0,0.0,0.0,0.0,0.0,2.0,2.0,4.0,2.0,4.0,4.0,0.0,0.0,2.0,14.0,54.1,44.5,0,0,38.1,1,1,13086,1,17590,11466,20237,2107,10143,19552,1,13505,14344,13505,14058,19648,21791,9912,10504,1625,912,8846,20257,13061,13902,449,5426,2246,150,7977,1,17:58
2024-25,203915,Spencer Dinwiddie,Spencer,1610612742,DAL,Dallas Mavericks,0022400385,2024-12-21T00:00:00,DAL vs. LAC,W,28.995,5.0,16.1,0.308,1.2,7.4,0.167,7.4,7.4,1.0,0.0,3.7,3.7,7.4,1.2,3.7,0.0,1.2,1.2,3.7,18.6,13.7,44.2,0,0,38.5,1,1,13086,1,8682,14486,6912,19226,13144,7498,14236,1700,2956,1,14058,14549,18002,3460,14156,1936,8263,5988,18320,7070,9183,6146,5572,2246,150,7709,1,28:60
2024-25,1626204,Larry Nance Jr.,Larry,1610612737,ATL,Atlanta Hawks,0022400378,2024-12-21T00:00:00,ATL vs. MEM,L,23.933333333333334,3.0,12.0,0.25,1.5,9.0,0.167,3.0,3.0,1.0,1.5,13.5,15.0,6.0,4.5,1.5,4.5,0.0,4.5,3.0,10.5,-31.6,51.1,0,0,45.1,1,13222,1,13222,12962,19395,13534,20233,12011,4781,14236,7778,9953,1,10299,868,1754,5457,2983,8388,681,8846,5751,9208,17631,23979,2947,2246,150,4200,1,23:56
2024-25,1642377,Jaylen Wells,Jaylen,1610612763,MEM,Memphis Grizzlies,0022400378,2024-12-21T00:00:00,MEM @ ATL,W,25.716666666666665,8.4,16.8,0.5,1.4,5.6,0.25,0.0,0.0,0.0,2.8,1.4,4.2,2.8,1.4,2.8,0.0,0.0,2.8,1.4,18.2,0.0,34.4,0,0,32.2,1,1,13086,1,11386,5804,6044,8526,12453,11725,11902,13505,14344,13505,5862,21080,16811,13586,13283,3690,8263,8846,11643,15453,9627,12240,11489,2246,150,12218,1,25:43
2024-25,1630551,Justin Champagnie,Justin,1610612764,WAS,Washington Wizards,0022400382,2024-12-21T00:00:00,WAS @ MIL,L,16.903333333333332,2.1,6.4,0.333,2.1,6.4,0.333,0.0,0.0,0.0,4.3,8.5,12.8,0.0,4.3,2.1,0.0,0.0,0.0,0.0,6.4,-44.7,23.9,0,0,25.6,1,13222,1,13222,18319,21188,22225,17395,9557,9782,9209,13505,14344,13505,3236,4037,2952,19908,3402,5661,8263,8846,20257,17725,21133,25170,19057,2246,150,17237,1,16:54
2024-25,1630549,Day'Ron Sharpe,Day'Ron,1610612751,BKN,Brooklyn Nets,0022400379,2024-12-21T00:00:00,BKN vs. UTA,L,18.65,5.8,11.6,0.5,0.0,0.0,0.0,0.0,0.0,0.0,5.8,11.6,17.4,0.0,0.0,0.0,1.9,3.9,0.0,0.0,11.6,0.0,38.2,0,0,32.8,1,13222,1,13222,17073,12132,14340,8526,15070,20945,15070,13505,14344,13505,1750,1575,1039,19908,16469,12854,3675,703,20257,17725,16587,12240,8879,2246,150,11795,1,18:39
2024-25,1629014,Anfernee Simons,Anfernee,1610612757,POR,Portland Trail Blazers,0022400386,2024-12-21T00:00:00,POR @ SAS,L,32.63333333333333,7.7,24.3,0.318,3.3,12.1,0.273,1.1,1.1,1.0,1.1,3.3,4.4,6.6,4.4,5.5,0.0,3.3,2.2,2.2,19.9,-16.5,47.2,0,0,45.2,1,13222,1,13222,5451,7221,984,19142,5629,1705,11838,12903,14037,1,12445,15766,16254,4546,3121,631,8263,1058,14064,12133,8024,20460,4240,2246,150,4144,1,32:38
2024-25,1641729,Brice Sensabaugh,Brice,1610612762,UTA,Utah Jazz,0022400379,2024-12-21T00:00:00,UTA @ BKN,W,18.25,5.9,15.8,0.375,2.0,7.9,0.25,2.0,2.0,1.0,2.0,5.9,7.9,3.9,0.0,2.0,2.0,0.0,0.0,2.0,15.8,7.9,43.0,0,0,37.5,1,1,13086,1,17404,11754,7430,16299,10279,6640,11902,10733,12797,1,8513,8513,8479,10088,16469,6378,3557,8846,20257,13198,12139,8688,6138,2246,150,8379,1,18:15
2024-25,1629004,Svi Mykhailiuk,Svi,1610612762,UTA,Utah Jazz,0022400379,2024-12-21T00:00:00,UTA @ BKN,W,20.0,12.6,19.8,0.636,7.2,14.4,0.5,0.0,0.0,0.0,0.0,0.0,0.0,1.8,3.6,1.8,0.0,0.0,1.8,0.0,32.4,5.4,36.9,0,0,45.0,1,1,13086,1,16013,1196,3111,4689,702,824,3944,13505,14344,13505,14058,22137,23286,17084,4775,7262,8263,8846,16188,17725,1438,9889,9769,2246,150,4259,1,20:00
2024-25,1630811,Keaton Wallace,Keaton,1610612737,ATL,Atlanta Hawks,0022400378,2024-12-21T00:00:00,ATL vs. MEM,L,23.283333333333335,3.1,6.2,0.5,1.5,4.6,0.333,0.0,0.0,0.0,0.0,1.5,1.5,6.2,4.6,0.0,0.0,0.0,0.0,0.0,7.7,-6.2,14.2,0,0,17.0,1,13222,1,13222,13481,19217,22440,8526,11877,14115,9209,13505,14344,13505,14058,20781,22512,5190,2795,12854,8263,8846,20257,17725,20145,16148,23421,2246,150,22301,1,23:17
2024-25,1630559,Austin Reaves,Austin,1610612747,LAL,Los Angeles Lakers,0022400376,2024-12-21T00:00:00,LAL @ SAC,W,35.93333333333333,6.0,14.0,0.429,1.0,7.0,0.143,3.0,5.0,0.6,2.0,2.0,4.0,5.0,2.0,0.0,0.0,0.0,1.0,4.0,16.0,10.0,26.3,0,0,26.0,1,1,13086,1,2731,11474,10126,13735,14545,8437,14649,7787,5905,10343,8365,19650,17297,7455,10505,12854,8263,8846,19697,6286,11892,7689,17387,2246,150,16896,1,35:56
2024-25,1629731,Dean Wade,Dean,1610612739,CLE,Cleveland Cavaliers,0022400380,2024-12-21T00:00:00,CLE vs. PHI,W,24.875,2.9,4.3,0.667,2.9,4.3,0.667,0.0,0.0,0.0,0.0,5.8,5.8,2.9,0.0,2.9,0.0,0.0,1.4,1.4,8.7,21.7,28.7,0,0,26.1,1,1,13086,1,12119,19668,23893,3281,6882,14815,1957,13505,14344,13505,14058,8815,12786,13296,16469,3424,8263,8846,17451,15254,19366,3529,15759,2246,150,16895,1,24:53
2024-25,202331,Paul George,Paul,1610612755,PHI,Philadelphia 76ers,0022400380,2024-12-21T00:00:00,PHI @ CLE,L,27.183333333333334,5.3,15.9,0.333,1.3,5.3,0.25,2.6,2.6,1.0,1.3,5.3,6.6,1.3,4.0,1.3,0.0,0.0,1.3,2.6,14.6,-9.3,24.5,0,0,26.5,1,13222,1,13222,10204,13538,7279,17395,12755,12471,11902,8691,10862,1,11076,10031,10903,18576,3933,9325,8263,8846,17931,10479,13328,17562,18610,2246,150,16552,1,27:11
2024-25,203937,Kyle Anderson,Kyle,1610612744,GSW,Golden State Warriors,0022400383,2024-12-21T00:00:00,GSW @ MIN,W,16.72833333333333,2.2,8.6,0.25,2.2,2.2,1.0,0.0,0.0,0.0,2.2,2.2,4.3,4.3,0.0,0.0,0.0,0.0,4.3,0.0,6.5,0.0,18.1,0,0,17.2,1,1,13086,1,18442,21137,19346,20233,9444,19262,1,13505,14344,13505,7747,19202,16519,9114,16469,12854,8263,8846,6273,17725,21079,12240,22057,2246,150,22210,1,16:44
2024-25,203078,Bradley Beal,Bradley,1610612756,PHX,Phoenix Suns,0022400387,2024-12-21T00:00:00,PHX vs. DET,L,38.515,10.3,18.7,0.55,2.8,5.6,0.5,0.9,1.9,0.5,0.9,4.7,5.6,4.7,1.9,0.0,0.0,0.9,1.9,1.9,24.3,-14.0,36.2,0,0,37.4,1,13222,1,13222,1104,2932,4030,7655,7202,11698,3944,13408,13066,10625,13747,11790,13272,8249,11229,12854,8263,8458,15840,13645,4613,19509,10255,2246,150,8441,1,38:31
2024-25,1630194,Paul Reed,Paul,1610612765,DET,Detroit Pistons,0022400387,2024-12-21T00:00:00,DET @ PHX,W,13.65,7.9,10.5,0.75,0.0,2.6,0.0,0.0,0.0,0.0,5.3,2.6,7.9,5.3,0.0,5.3,2.6,0.0,2.6,0.0,15.8,0.0,57.0,0,0,44.8,1,1,13086,1,20388,6826,16134,2107,15070,18381,15070,13505,14344,13505,2119,17863,8439,6880,16469,750,2166,8846,12296,17725,12098,12240,1644,2246,150,4337,1,13:39
2024-25,1642281,Jaylon Tyson,Jaylon,1610612739,CLE,Cleveland Cavaliers,0022400380,2024-12-21T00:00:00,CLE vs. PHI,W,14.2,7.6,12.7,0.6,2.5,2.5,1.0,2.5,5.1,0.5,5.1,2.5,7.6,2.5,0.0,0.0,0.0,0.0,5.1,2.5,20.3,40.6,33.2,0,0,33.0,1,1,13086,1,20077,7493,12427,5394,8029,18559,1,8946,5798,10625,2303,18093,8958,14422,16469,12854,8263,8846,4446,10857,7672,942,12417,2246,150,11680,1,14:12
2024-25,1641722,Jordan Hawkins,Jordan,1610612740,NOP,New Orleans Pelicans,0022400384,2024-12-21T00:00:00,NOP vs. NYK,L,20.718333333333334,5.2,13.9,0.375,5.2,10.4,0.5,0.0,0.0,0.0,1.7,1.7,3.5,1.7,0.0,0.0,0.0,0.0,0.0,3.5,15.6,-8.7,22.4,0,0,26.1,1,13222,1,13222,15476,13783,10341,16299,2043,3041,3944,13505,14344,13505,9455,20390,18610,17266,16469,12854,8263,8846,20257,7730,12275,17278,19920,2246,150,16889,1,20:43
2024-25,1630583,Santi Aldama,Santi,1610612763,MEM,Memphis Grizzlies,0022400378,2024-12-21T00:00:00,MEM @ ATL,W,20.933333333333334,5.2,15.5,0.333,3.4,12.0,0.286,3.4,3.4,1.0,1.7,8.6,10.3,6.9,1.7,0.0,0.0,0.0,1.7,3.4,17.2,34.4,38.2,0,0,37.8,1,1,13086,1,15335,13928,7856,17395,5288,1757,11433,6814,9011,1,9511,3937,5098,4166,11845,12854,8263,8846,16469,7838,10635,1458,8906,2246,150,8141,1,20:56
2024-25,1631105,Jalen Duren,Jalen,1610612765,DET,Detroit Pistons,0022400387,2024-12-21T00:00:00,DET @ PHX,W,33.59166666666667,7.5,7.5,1.0,0.0,0.0,0.0,3.2,5.4,0.6,3.2,8.6,11.8,2.1,2.1,0.0,0.0,0.0,2.1,4.3,18.2,4.3,33.4,1,0,32.2,1,1,13086,1,4652,7760,20923,1,15070,20945,15070,7291,5373,10343,4912,3968,3680,15845,9761,12854,8263,8846,14394,5626,9608,10487,12231,1,150,12262,1,33:36
2024-25,1627749,Dejounte Murray,Dejounte,1610612740,NOP,New Orleans Pelicans,0022400384,2024-12-21T00:00:00,NOP vs. NYK,L,33.3,5.4,16.2,0.333,2.2,6.5,0.333,2.2,2.2,1.0,0.0,9.7,9.7,8.6,3.2,1.1,0.0,0.0,3.2,2.2,15.1,-9.7,39.8,0,0,37.8,1,13222,1,13222,4899,13261,6810,17395,9388,9576,9209,10074,12207,1,14058,2791,5756,2307,5686,11185,8263,8846,9681,12334,12776,17770,7895,2246,150,8139,1,33:18
2024-25,1627739,Kris Dunn,Kris,1610612746,LAC,LA Clippers,0022400385,2024-12-21T00:00:00,LAC @ DAL,L,33.5,3.2,7.5,0.429,3.2,6.4,0.5,0.0,0.0,0.0,1.1,2.1,3.2,3.2,1.1,2.1,1.1,0.0,1.1,1.1,9.7,-8.6,27.0,0,0,25.8,1,13222,1,13222,4727,18941,20901,13735,5891,9655,3944,13505,14344,13505,12680,19211,19162,12216,15307,5602,6944,8846,19245,17034,18466,17231,16970,2246,150,17077,1,33:30
2024-25,203991,Clint Capela,Clint,1610612737,ATL,Atlanta Hawks,0022400378,2024-12-21T00:00:00,ATL vs. MEM,L,18.666666666666668,7.7,19.3,0.4,0.0,0.0,0.0,0.0,3.9,0.0,3.9,11.6,15.4,0.0,3.9,0.0,3.9,0.0,0.0,1.9,15.4,-7.7,41.7,0,0,38.6,1,13222,1,13222,17057,7244,3504,14933,15070,20945,15070,13505,8119,13505,3798,1579,1598,19908,4173,12854,1002,8846,20257,13409,12497,16835,6796,2246,150,7653,1,18:40
2024-25,202691,Klay Thompson,Klay,1610612742,DAL,Dallas Mavericks,0022400385,2024-12-21T00:00:00,DAL vs. LAC,W,23.611666666666668,9.1,13.7,0.667,6.1,9.1,0.667,0.0,0.0,0.0,0.0,1.5,1.5,1.5,1.5,6.1,0.0,0.0,6.1,0.0,24.4,21.3,45.3,0,0,45.7,1,1,13086,1,13222,4444,10615,3281,1236,4610,1957,13505,14344,13505,14058,20822,22542,17891,12640,446,8263,8846,2824,17725,4552,3613,5048,2246,150,3919,1,23:37
2024-25,1631104,Blake Wesley,Blake,1610612759,SAS,San Antonio Spurs,0022400386,2024-12-21T00:00:00,SAS vs. POR,W,3.35,0.0,10.7,0.0,0.0,0.0,0.0,0.0,0.0,0.0,0.0,0.0,0.0,10.7,0.0,0.0,0.0,0.0,10.7,0.0,0.0,-64.5,16.1,0,0,10.7,1,1,13086,1,24817,22635,15790,22635,15070,20945,15070,13505,14344,13505,14058,22137,23286,1086,16469,12854,8263,8846,569,17725,23200,25784,22803,2246,150,24281,1,3:21
2024-25,1627752,Taurean Prince,Taurean,1610612749,MIL,Milwaukee Bucks,0022400382,2024-12-21T00:00:00,MIL vs. WAS,W,23.616666666666667,3.0,9.1,0.333,0.0,3.0,0.0,0.0,0.0,0.0,0.0,4.6,4.6,3.0,1.5,3.0,0.0,0.0,4.6,1.5,6.1,-30.5,23.8,0,0,19.8,1,1,13086,1,13215,19325,18490,17395,15070,17553,15070,13505,14344,13505,14058,12067,15876,12767,12642,3054,8263,8846,5616,14900,21319,23815,19110,2246,150,20962,1,23:37
2024-25,1631103,Malaki Branham,Malaki,1610612759,SAS,San Antonio Spurs,0022400386,2024-12-21T00:00:00,SAS vs. POR,W,3.35,0.0,10.7,0.0,0.0,10.7,0.0,0.0,0.0,0.0,0.0,0.0,0.0,10.7,10.7,0.0,0.0,0.0,0.0,0.0,0.0,-64.5,5.4,0,0,10.7,1,1,13086,1,24817,22635,15790,22635,15070,2725,15070,13505,14344,13505,14058,22137,23286,1086,269,12854,8263,8846,20257,17725,23200,25784,24974,2246,150,24281,1,3:21
2024-25,1629060,Rui Hachimura,Rui,1610612747,LAL,Los Angeles Lakers,0022400376,2024-12-21T00:00:00,LAL @ SAC,W,38.38333333333333,3.8,7.5,0.5,0.9,4.7,0.2,0.0,0.0,0.0,2.8,7.5,10.3,0.9,0.0,0.9,0.9,0.0,1.9,0.0,8.4,9.4,27.9,0,0,24.4,1,1,13086,1,1170,17708,20922,8526,14843,13986,13429,13505,14344,13505,5830,5493,5101,19823,16469,12454,7906,8846,15811,17725,19563,8002,16330,2246,150,18088,1,38:23
2024-25,1641757,Jordan Miller,Jordan,1610612746,LAC,LA Clippers,0022400385,2024-12-21T00:00:00,LAC @ DAL,L,1.3333333333333333,0.0,0.0,0.0,0.0,0.0,0.0,0.0,0.0,0.0,0.0,0.0,0.0,0.0,0.0,0.0,0.0,0.0,0.0,0.0,0.0,-108.0,0.0,0,0,0.0,1,13222,1,13222,25896,22635,24836,22635,15070,20945,15070,13505,14344,13505,14058,22137,23286,19908,16469,12854,8263,8846,20257,17725,23200,26185,25228,2246,150,25259,1,1:20
2024-25,1641765,Olivier-Maxence Prosper,Olivier-Maxence,1610612742,DAL,Dallas Mavericks,0022400385,2024-12-21T00:00:00,DAL vs. LAC,W,0.5883333333333334,0.0,0.0,0.0,0.0,0.0,0.0,0.0,0.0,0.0,0.0,0.0,0.0,0.0,0.0,0.0,0.0,0.0,0.0,0.0,0.0,0.0,0.0,0,0,0.0,1,1,13086,1,26186,22635,24836,22635,15070,20945,15070,13505,14344,13505,14058,22137,23286,19908,16469,12854,8263,8846,20257,17725,23200,12240,25228,2246,150,25259,1,0:35
2024-25,203897,Zach LaVine,Zach,1610612741,CHI,Chicago Bulls,0022400381,2024-12-21T00:00:00,CHI vs. BOS,L,29.533333333333335,4.9,13.4,0.364,4.9,6.1,0.8,2.4,2.4,1.0,0.0,4.9,4.9,4.9,2.4,1.2,0.0,1.2,1.2,1.2,17.1,-14.6,31.4,0,0,34.1,1,13222,1,13222,8194,14725,11142,16861,2447,10449,1389,9224,11368,1,14058,11219,15122,7742,8499,10024,8263,6132,18429,16302,10791,19758,13707,2246,150,10749,1,29:32
2024-25,1630539,Kai Jones,Kai,1610612746,LAC,LA Clippers,0022400385,2024-12-21T00:00:00,LAC @ DAL,L,1.3333333333333333,0.0,0.0,0.0,0.0,0.0,0.0,0.0,0.0,0.0,0.0,0.0,0.0,0.0,0.0,0.0,0.0,0.0,0.0,0.0,0.0,-108.0,0.0,0,0,0.0,1,13222,1,13222,25896,22635,24836,22635,15070,20945,15070,13505,14344,13505,14058,22137,23286,19908,16469,12854,8263,8846,20257,17725,23200,26185,25228,2246,150,25259,1,1:20
2024-25,1628467,Maxi Kleber,Maxi,1610612742,DAL,Dallas Mavericks,0022400385,2024-12-21T00:00:00,DAL vs. LAC,W,16.766666666666666,0.0,6.4,0.0,0.0,4.3,0.0,2.1,4.3,0.5,2.1,2.1,4.3,2.1,0.0,2.1,0.0,2.1,2.1,2.1,2.1,6.4,17.0,0,0,12.9,1,1,13086,1,18408,22635,22160,22635,15070,14924,15070,10144,7221,10625,7766,19218,16544,15830,16469,5611,8263,2772,14372,12412,23142,9397,22502,2246,150,23748,1,16:46
2024-25,1630699,MarJon Beauchamp,MarJon,1610612749,MIL,Milwaukee Bucks,0022400382,2024-12-21T00:00:00,MIL vs. WAS,W,1.7166666666666666,0.0,21.0,0.0,0.0,21.0,0.0,0.0,0.0,0.0,0.0,0.0,0.0,0.0,0.0,0.0,0.0,0.0,0.0,0.0,0.0,-83.9,0.0,0,0,0.0,1,1,13086,1,25651,22635,2348,22635,15070,201,15070,13505,14344,13505,14058,22137,23286,19908,16469,12854,8263,8846,20257,17725,23200,26038,25228,2246,150,25259,1,1:43
2024-25,203458,Alex Len,Alex,1610612758,SAC,Sacramento Kings,0022400376,2024-12-21T00:00:00,SAC vs. LAL,L,0.04833333333333333,0.0,0.0,0.0,0.0,0.0,0.0,0.0,0.0,0.0,0.0,0.0,0.0,0.0,0.0,0.0,0.0,0.0,0.0,0.0,0.0,-1489.7,0.0,0,0,0.0,1,13222,1,13222,26288,22635,24836,22635,15070,20945,15070,13505,14344,13505,14058,22137,23286,19908,16469,12854,8263,8846,20257,17725,23200,26304,25228,2246,150,25259,1,0:03
2024-25,202709,Cory Joseph,Cory,1610612753,ORL,Orlando Magic,0022400377,2024-12-21T00:00:00,ORL vs. MIA,W,23.683333333333334,3.0,7.6,0.4,1.5,4.6,0.333,0.0,0.0,0.0,1.5,4.6,6.1,1.5,1.5,1.5,0.0,0.0,3.0,4.6,7.6,6.1,20.2,0,0,19.8,1,1,13086,1,13161,19339,20793,14933,11962,14293,9209,13505,14344,13505,10234,12099,12097,17901,12659,8323,8263,8846,10535,5027,20241,9579,21054,2246,150,21003,1,23:41
2024-25,203076,Anthony Davis,Anthony,1610612747,LAL,Los Angeles Lakers,0022400376,2024-12-21T00:00:00,LAL @ SAC,W,37.31666666666667,3.9,9.6,0.4,0.0,0.0,0.0,1.9,3.9,0.5,1.9,12.5,14.5,4.8,4.8,0.0,2.9,0.0,1.9,5.8,9.6,-1.9,38.1,1,0,34.7,1,1,13086,1,1783,17427,17680,14933,15070,20945,15070,10868,8115,10625,8710,1145,2015,7851,2544,12854,1832,8846,15524,2917,18496,14000,8958,1,150,10271,1,37:19
2024-25,1630572,Sandro Mamukelashvili,Sandro,1610612759,SAS,San Antonio Spurs,0022400386,2024-12-21T00:00:00,SAS vs. POR,W,3.35,0.0,10.7,0.0,0.0,10.7,0.0,0.0,0.0,0.0,0.0,0.0,0.0,0.0,0.0,0.0,0.0,0.0,0.0,0.0,0.0,-64.5,0.0,0,0,0.0,1,1,13086,1,24817,22635,15790,22635,15070,2725,15070,13505,14344,13505,14058,22137,23286,19908,16469,12854,8263,8846,20257,17725,23200,25784,25228,2246,150,25259,1,3:21
2024-25,1628371,Jonathan Isaac,Jonathan,1610612753,ORL,Orlando Magic,0022400377,2024-12-21T00:00:00,ORL vs. MIA,W,17.451666666666668,0.0,8.3,0.0,0.0,6.2,0.0,0.0,4.1,0.0,2.1,8.3,10.3,2.1,0.0,2.1,2.1,0.0,4.1,2.1,0.0,16.5,27.8,0,0,20.6,1,1,13086,1,17958,22635,19867,22635,15070,10230,15070,13505,7580,13505,8113,4352,5102,16149,16469,5953,3313,8846,6755,12794,23200,5068,16337,2246,150,20500,1,17:27
2024-25,1628991,Jaren Jackson Jr.,Jaren,1610612763,MEM,Memphis Grizzlies,0022400378,2024-12-21T00:00:00,MEM @ ATL,W,25.25,8.6,24.2,0.353,1.4,7.1,0.2,0.0,0.0,0.0,0.0,7.1,7.1,1.4,4.3,1.4,1.4,1.4,7.1,0.0,18.5,-1.4,33.5,0,0,34.2,1,1,13086,1,11782,5517,1002,17268,12348,8191,13429,13505,14344,13505,14058,6120,9893,18246,3364,8774,5128,5071,1870,17725,9288,13772,12192,2246,150,10686,1,25:15
2024-25,1630202,Payton Pritchard,Payton,1610612738,BOS,Boston Celtics,0022400381,2024-12-21T00:00:00,BOS @ CHI,W,31.666666666666668,2.3,8.0,0.286,2.3,6.8,0.333,0.0,0.0,0.0,3.4,1.1,4.5,2.3,0.0,2.3,0.0,0.0,1.1,0.0,6.8,35.2,22.5,0,0,20.5,1,1,13086,1,6258,20899,20330,19630,8952,8849,9209,13505,14344,13505,4517,21664,15928,15331,16469,5130,8263,8846,18881,17725,20849,1371,19866,2246,150,20599,1,31:40
2024-25,1641712,Rayan Rupert,Rayan,1610612757,POR,Portland Trail Blazers,0022400386,2024-12-21T00:00:00,POR @ SAS,L,3.35,0.0,10.7,0.0,0.0,0.0,0.0,0.0,0.0,0.0,0.0,0.0,0.0,0.0,0.0,0.0,0.0,0.0,0.0,0.0,0.0,64.5,0.0,0,0,0.0,1,13222,1,13222,24817,22635,15790,22635,15070,20945,15070,13505,14344,13505,14058,22137,23286,19908,16469,12854,8263,8846,20257,17725,23200,293,25228,2246,150,25259,1,3:21
2024-25,1629234,Drew Eubanks,Drew,1610612762,UTA,Utah Jazz,0022400379,2024-12-21T00:00:00,UTA @ BKN,W,9.133333333333333,0.0,0.0,0.0,0.0,0.0,0.0,0.0,7.9,0.0,3.9,7.9,11.8,0.0,3.9,0.0,0.0,0.0,3.9,3.9,0.0,-15.8,10.2,0,0,11.8,1,1,13086,1,22406,22635,24836,22635,15070,20945,15070,13505,2601,13505,3667,4883,3637,19908,3986,12854,8263,8846,7305,6461,23200,20180,24374,2246,150,24021,1,9:08
2024-25,203939,Dwight Powell,Dwight,1610612742,DAL,Dallas Mavericks,0022400385,2024-12-21T00:00:00,DAL vs. LAC,W,0.5883333333333334,0.0,0.0,0.0,0.0,0.0,0.0,0.0,0.0,0.0,0.0,0.0,0.0,0.0,0.0,0.0,0.0,0.0,0.0,0.0,0.0,0.0,0.0,0,0,0.0,1,1,13086,1,26186,22635,24836,22635,15070,20945,15070,13505,14344,13505,14058,22137,23286,19908,16469,12854,8263,8846,20257,17725,23200,12240,25228,2246,150,25259,1,0:35
2024-25,1630577,Julian Champagnie,Julian,1610612759,SAS,San Antonio Spurs,0022400386,2024-12-21T00:00:00,SAS vs. POR,W,23.8,4.5,10.6,0.429,1.5,6.1,0.25,0.0,0.0,0.0,0.0,4.5,4.5,0.0,4.5,1.5,0.0,1.5,4.5,0.0,10.6,10.6,16.0,0,0,19.7,1,1,13086,1,13075,15658,16062,13735,11987,10563,11902,13505,14344,13505,14058,12154,15952,19908,2940,8355,8263,4725,5689,17725,17568,7424,22841,2246,150,21056,1,23:48
2024-25,1641789,Jazian Gortman,Jazian,1610612742,DAL,Dallas Mavericks,0022400385,2024-12-21T00:00:00,DAL vs. LAC,W,0.5883333333333334,0.0,0.0,0.0,0.0,0.0,0.0,0.0,0.0,0.0,0.0,0.0,0.0,0.0,0.0,0.0,0.0,0.0,0.0,0.0,0.0,0.0,0.0,0,0,0.0,1,1,13086,1,26186,22635,24836,22635,15070,20945,15070,13505,14344,13505,14058,22137,23286,19908,16469,12854,8263,8846,20257,17725,23200,12240,25228,2246,150,25259,1,0:35
2024-25,1642267,Bub Carrington,Bub,1610612764,WAS,Washington Wizards,0022400382,2024-12-21T00:00:00,WAS @ MIL,L,31.953333333333333,3.4,6.8,0.5,1.1,2.3,0.5,0.0,0.0,0.0,0.0,2.3,2.3,1.1,1.1,0.0,0.0,0.0,1.1,0.0,7.9,-4.5,11.2,0,0,12.4,1,13222,1,13222,6017,18589,21825,8526,13791,19078,3944,13505,14344,13505,14058,18910,21307,19266,14963,12854,8263,8846,18949,17725,20008,15328,24209,2246,150,23902,1,31:57
2024-25,1642285,Cam Spencer,Cam,1610612763,MEM,Memphis Grizzlies,0022400378,2024-12-21T00:00:00,MEM @ ATL,W,2.1166666666666667,0.0,17.0,0.0,0.0,0.0,0.0,0.0,0.0,0.0,0.0,0.0,0.0,0.0,0.0,0.0,0.0,0.0,17.0,0.0,0.0,-51.0,0.0,0,0,0.0,1,1,13086,1,25408,22635,5803,22635,15070,20945,15070,13505,14344,13505,14058,22137,23286,19908,16469,12854,8263,8846,175,17725,23200,25433,25228,2246,150,25259,1,2:07
2024-25,1626179,Terry Rozier,Terry,1610612748,MIA,Miami Heat,0022400377,2024-12-21T00:00:00,MIA @ ORL,L,33.45,8.6,16.1,0.533,2.2,7.5,0.286,5.4,6.5,0.833,1.1,4.3,5.4,2.2,0.0,0.0,0.0,1.1,2.2,3.2,24.8,1.1,34.4,0,0,34.4,1,13222,1,13222,4768,5421,6910,8140,9441,7323,11433,3548,3929,7275,12669,12789,13854,15807,16469,12854,8263,7260,14342,8470,4339,12095,11483,2246,150,10499,1,33:27
2024-25,1630556,Kessler Edwards,Kessler,1610612742,DAL,Dallas Mavericks,0022400385,2024-12-21T00:00:00,DAL vs. LAC,W,0.5883333333333334,0.0,0.0,0.0,0.0,0.0,0.0,0.0,0.0,0.0,0.0,0.0,0.0,0.0,0.0,0.0,0.0,0.0,0.0,0.0,0.0,0.0,0.0,0,0,0.0,1,1,13086,1,26186,22635,24836,22635,15070,20945,15070,13505,14344,13505,14058,22137,23286,19908,16469,12854,8263,8846,20257,17725,23200,12240,25228,2246,150,25259,1,0:35
2024-25,203924,Jerami Grant,Jerami,1610612757,POR,Portland Trail Blazers,0022400386,2024-12-21T00:00:00,POR @ SAS,L,30.266666666666666,2.4,14.3,0.167,1.2,7.1,0.167,0.0,0.0,0.0,0.0,0.0,0.0,2.4,2.4,0.0,1.2,3.6,1.2,0.0,5.9,-30.9,10.7,0,0,11.9,1,13222,1,13222,7529,20709,9734,21938,13426,8171,14236,13505,14344,13505,14058,22137,23286,14950,8734,12854,6242,863,18593,17725,21433,23875,24298,2246,150,24007,1,30:16
2024-25,1641739,Toumani Camara,Toumani,1610612757,POR,Portland Trail Blazers,0022400386,2024-12-21T00:00:00,POR @ SAS,L,28.566666666666666,0.0,3.8,0.0,0.0,2.5,0.0,0.0,0.0,0.0,1.3,7.6,8.8,3.8,2.5,0.0,0.0,0.0,0.0,0.0,0.0,-34.0,13.7,0,0,12.6,1,13222,1,13222,9061,22635,24196,22635,15070,18585,15070,13505,14344,13505,11414,5390,6980,10561,8157,12854,8263,8846,20257,17725,23200,24309,23567,2246,150,23839,1,28:34
2024-25,1628997,Caleb Martin,Caleb,1610612755,PHI,Philadelphia 76ers,0022400380,2024-12-21T00:00:00,PHI @ CLE,L,28.966666666666665,3.7,12.4,0.3,0.0,3.7,0.0,2.5,5.0,0.5,2.5,1.2,3.7,3.7,1.2,1.2,0.0,0.0,5.0,2.5,9.9,-12.4,22.5,0,0,19.9,1,13222,1,13222,8697,17751,12854,19363,15070,16143,15070,9092,5985,10625,6657,21419,17997,10716,14146,9847,8263,8846,4683,11043,18207,18915,19879,2246,150,20925,1,28:58
2024-25,1630552,Jalen Johnson,Jalen,1610612737,ATL,Atlanta Hawks,0022400378,2024-12-21T00:00:00,ATL vs. MEM,L,33.016666666666666,4.4,13.1,0.333,1.1,3.3,0.333,4.4,5.5,0.8,1.1,10.9,12.0,8.7,3.3,2.2,0.0,0.0,0.0,4.4,14.2,-17.4,44.9,1,0,40.3,1,13222,1,13222,5136,16166,11699,17395,14002,17132,9209,5052,5246,7681,12550,1955,3500,2252,5594,5475,8263,8846,20257,5444,13758,20764,5217,1,150,6578,1,33:01
2024-25,1629021,Moritz Wagner,Moritz,1610612753,ORL,Orlando Magic,0022400377,2024-12-21T00:00:00,ORL vs. MIA,W,1.5666666666666667,0.0,0.0,0.0,0.0,0.0,0.0,0.0,0.0,0.0,0.0,0.0,0.0,0.0,23.0,0.0,0.0,0.0,0.0,0.0,0.0,-206.8,-23.0,0,0,0.0,1,1,13086,1,25750,22635,24836,22635,15070,20945,15070,13505,14344,13505,14058,22137,23286,19908,34,12854,8263,8846,20257,17725,23200,26283,26284,2246,150,25259,1,1:34
2024-25,1631169,Josh Minott,Josh,1610612750,MIN,Minnesota Timberwolves,0022400383,2024-12-21T00:00:00,MIN vs. GSW,L,2.216666666666667,0.0,0.0,0.0,0.0,0.0,0.0,0.0,0.0,0.0,0.0,0.0,0.0,0.0,0.0,0.0,0.0,0.0,0.0,0.0,0.0,32.5,0.0,0,0,0.0,1,13222,1,13222,25342,22635,24836,22635,15070,20945,15070,13505,14344,13505,14058,22137,23286,19908,16469,12854,8263,8846,20257,17725,23200,1675,25228,2246,150,25259,1,2:13
2024-25,202684,Tristan Thompson,Tristan,1610612739,CLE,Cleveland Cavaliers,0022400380,2024-12-21T00:00:00,CLE vs. PHI,W,5.25,0.0,0.0,0.0,0.0,0.0,0.0,6.9,13.7,0.5,6.9,6.9,13.7,0.0,0.0,0.0,0.0,0.0,6.9,6.9,6.9,-27.4,23.3,0,0,20.6,1,1,13086,1,23889,22635,24836,22635,15070,20945,15070,2113,491,10625,1199,6610,2375,19908,16469,12854,8263,8846,2097,1773,20815,23328,19364,2246,150,20526,1,5:15
2024-25,201572,Brook Lopez,Brook,1610612749,MIL,Milwaukee Bucks,0022400382,2024-12-21T00:00:00,MIL vs. WAS,W,30.666666666666668,7.0,16.4,0.429,2.3,5.9,0.4,0.0,0.0,0.0,0.0,1.2,1.2,1.2,1.2,0.0,0.0,1.2,0.0,0.0,16.4,21.1,18.4,0,0,21.1,1,1,13086,1,7151,8829,6503,13735,8675,11023,7874,13505,14344,13505,14058,21583,22980,19100,14636,12854,8263,6455,20257,17725,11465,3668,21921,2246,150,20200,1,30:40
2024-25,1641824,Matas Buzelis,Matas,1610612741,CHI,Chicago Bulls,0022400381,2024-12-21T00:00:00,CHI vs. BOS,L,20.105,7.2,17.9,0.4,1.8,7.2,0.25,0.0,0.0,0.0,0.0,1.8,1.8,3.6,0.0,0.0,1.8,0.0,3.6,0.0,16.1,-23.3,29.0,0,0,26.9,1,13222,1,13222,15945,8557,4803,14933,11114,8119,11902,13505,14344,13505,14058,20264,22172,11141,16469,12854,4081,8846,8490,17725,11804,22404,15480,2246,150,16265,1,20:06
2024-25,1628964,Mo Bamba,Mo,1610612746,LAC,LA Clippers,0022400385,2024-12-21T00:00:00,LAC @ DAL,L,10.216666666666667,3.5,17.6,0.2,0.0,7.0,0.0,0.0,0.0,0.0,3.5,3.5,7.0,0.0,3.5,0.0,3.5,0.0,0.0,0.0,7.0,-35.2,22.6,0,0,21.1,1,13222,1,13222,22023,18266,5118,21401,15070,8365,15070,13505,14344,13505,4338,15167,10062,19908,4963,12854,1211,8846,20257,17725,20685,24439,19847,2246,150,20196,1,10:13
2024-25,1631157,Ryan Rollins,Ryan,1610612749,MIL,Milwaukee Bucks,0022400382,2024-12-21T00:00:00,MIL vs. WAS,W,30.633333333333333,5.9,11.8,0.5,2.4,5.9,0.4,2.4,3.5,0.667,0.0,3.5,3.5,2.4,3.5,1.2,0.0,0.0,1.2,3.5,16.5,-11.8,24.2,0,0,27.0,1,1,13086,1,7181,11874,14024,8526,8664,11006,7874,9448,8840,9425,14058,15159,18498,15054,4961,10391,8263,8846,18688,7595,11441,18646,18805,2246,150,16130,1,30:38
2024-25,1641775,Jordan Walsh,Jordan,1610612738,BOS,Boston Celtics,0022400381,2024-12-21T00:00:00,BOS @ CHI,W,3.45,10.4,20.9,0.5,0.0,10.4,0.0,10.4,10.4,1.0,10.4,0.0,10.4,0.0,0.0,0.0,0.0,0.0,0.0,10.4,31.3,0.0,43.8,0,0,41.7,1,1,13086,1,24736,2775,2418,8526,15070,3031,15070,574,1211,1,351,22137,4972,19908,16469,12854,8263,8846,20257,344,1696,12240,5751,2246,150,5777,1,3:27
2024-25,1631321,Sidy Cissoko,Sidy,1610612759,SAS,San Antonio Spurs,0022400386,2024-12-21T00:00:00,SAS vs. POR,W,3.35,10.7,21.5,0.5,0.0,10.7,0.0,0.0,0.0,0.0,0.0,0.0,0.0,0.0,0.0,0.0,0.0,0.0,10.7,0.0,21.5,-64.5,21.5,0,0,21.5,1,1,13086,1,24817,2455,2033,8526,15070,2725,15070,13505,14344,13505,14058,22137,23286,19908,16469,12854,8263,8846,569,17725,6645,25784,20415,2246,150,19967,1,3:21
2024-25,1631117,Walker Kessler,Walker,1610612762,UTA,Utah Jazz,0022400379,2024-12-21T00:00:00,UTA @ BKN,W,20.85,3.5,3.5,1.0,0.0,0.0,0.0,1.7,3.5,0.5,3.5,8.6,12.1,3.5,3.5,1.7,6.9,0.0,6.9,1.7,8.6,-10.4,50.8,0,0,41.4,1,1,13086,1,15397,18417,24331,1,15070,20945,15070,11367,8976,10625,4449,3896,3426,11540,5114,7523,211,8846,2052,14191,19398,18055,3054,2246,150,5954,1,20:51
2024-25,1631200,Kris Murray,Kris,1610612757,POR,Portland Trail Blazers,0022400386,2024-12-21T00:00:00,POR @ SAS,L,3.35,0.0,0.0,0.0,0.0,0.0,0.0,0.0,0.0,0.0,10.7,0.0,10.7,10.7,0.0,0.0,0.0,0.0,0.0,0.0,0.0,64.5,29.0,0,0,21.5,1,13222,1,13222,24817,22635,24836,22635,15070,20945,15070,13505,14344,13505,319,22137,4652,1086,16469,12854,8263,8846,20257,17725,23200,293,15474,2246,150,19967,1,3:21
2024-25,203952,Andrew Wiggins,Andrew,1610612744,GSW,Golden State Warriors,0022400383,2024-12-21T00:00:00,GSW @ MIN,W,28.905,3.7,13.7,0.273,1.2,6.2,0.2,2.5,2.5,1.0,2.5,0.0,2.5,2.5,2.5,3.7,2.5,0.0,3.7,2.5,11.2,-5.0,34.1,0,0,29.9,1,1,13086,1,8760,17740,10652,20048,13123,10137,13429,9080,11235,1,6636,22137,20830,14573,8288,1924,2401,8846,7952,11026,16988,15579,11709,2246,150,14032,1,28:54
2024-25,1630531,Jaden Springer,Jaden,1610612738,BOS,Boston Celtics,0022400381,2024-12-21T00:00:00,BOS @ CHI,W,3.45,10.4,10.4,1.0,0.0,0.0,0.0,10.4,10.4,1.0,0.0,10.4,10.4,0.0,0.0,0.0,0.0,0.0,0.0,10.4,31.3,0.0,43.8,0,0,41.7,1,1,13086,1,24736,2775,16325,1,15070,20945,15070,574,1211,1,14058,2271,4972,19908,16469,12854,8263,8846,20257,344,1696,12240,5751,2246,150,5777,1,3:27
2024-25,1628401,Derrick White,Derrick,1610612738,BOS,Boston Celtics,0022400381,2024-12-21T00:00:00,BOS @ CHI,W,25.566666666666666,4.2,16.9,0.25,0.0,8.4,0.0,2.8,2.8,1.0,0.0,5.6,5.6,1.4,4.2,0.0,1.4,1.4,0.0,1.4,11.3,8.4,20.1,0,0,21.1,1,1,13086,1,11516,16535,5916,20233,15070,5670,15070,8307,10447,1,14058,9215,13204,18321,3461,12854,5201,5152,20257,15414,16933,8417,21089,2246,150,20205,1,25:34
2024-25,1628378,Donovan Mitchell,Donovan,1610612739,CLE,Cleveland Cavaliers,0022400380,2024-12-21T00:00:00,CLE vs. PHI,W,27.9,9.0,20.6,0.438,5.2,12.9,0.4,1.3,1.3,1.0,0.0,5.2,5.2,6.5,5.2,0.0,0.0,0.0,0.0,3.9,24.5,10.3,35.2,0,0,41.3,1,1,13086,1,9625,4647,2546,13558,2093,1347,7874,12327,13745,1,14058,10390,14370,4785,2154,12854,8263,8846,20257,6648,4479,7552,10918,2246,150,6032,1,27:54
2024-25,201935,James Harden,James,1610612746,LAC,LA Clippers,0022400385,2024-12-21T00:00:00,LAC @ DAL,L,36.88333333333333,5.9,17.6,0.333,2.0,8.8,0.222,4.9,4.9,1.0,0.0,7.8,7.8,2.9,6.8,1.0,1.0,0.0,2.0,3.9,18.5,-3.9,31.3,0,0,35.1,1,13222,1,13222,2069,11932,5178,17395,10381,5135,13288,4220,6154,1,14058,4996,8600,13173,973,12158,7649,8846,15395,6556,9275,15017,13801,2246,150,10003,1,36:53
2024-25,1630231,KJ Martin,KJ,1610612755,PHI,Philadelphia 76ers,0022400380,2024-12-21T00:00:00,PHI @ CLE,L,27.116666666666667,4.0,6.6,0.6,1.3,4.0,0.333,0.0,0.0,0.0,1.3,8.0,9.3,1.3,2.7,0.0,0.0,0.0,5.3,0.0,9.3,-8.0,19.8,0,0,21.2,1,13222,1,13222,10256,17134,21970,5394,12740,15613,9209,13505,14344,13505,11063,4757,6325,18571,7674,12854,8263,8846,4006,17725,18816,16961,21270,2246,150,20140,1,27:07
2024-25,1642273,Kyshawn George,Kyshawn,1610612764,WAS,Washington Wizards,0022400382,2024-12-21T00:00:00,WAS @ MIL,L,22.816666666666666,4.7,11.0,0.429,1.6,6.3,0.25,0.0,0.0,0.0,1.6,4.7,6.3,1.6,1.6,1.6,1.6,0.0,4.7,0.0,11.0,0.0,28.9,0,0,26.8,1,13222,1,13222,13863,15162,15294,13735,11761,9956,11902,13505,14344,13505,10009,11609,11582,17716,12431,8072,4610,8846,5204,17725,17145,12240,15576,2246,150,16300,1,22:49
2024-25,1628969,Mikal Bridges,Mikal,1610612752,NYK,New York Knicks,0022400384,2024-12-21T00:00:00,NYK @ NOP,W,45.016666666666666,5.6,12.8,0.438,2.4,4.8,0.5,0.8,1.6,0.5,0.0,0.0,0.0,1.6,2.4,1.6,0.0,0.0,0.0,2.4,14.4,16.0,19.2,0,0,21.6,1,1,13086,1,58,12710,12221,13558,8493,13714,3944,13498,13393,10625,14058,22137,23286,17655,8666,7990,8263,8846,20257,11355,13510,5250,21553,2246,150,19906,1,45:01
2024-25,202685,Jonas Valančiūnas,Jonas,1610612764,WAS,Washington Wizards,0022400382,2024-12-21T00:00:00,WAS @ MIL,L,15.366666666666667,7.0,16.4,0.429,0.0,4.7,0.0,0.0,0.0,0.0,4.7,9.4,14.1,7.0,2.3,0.0,0.0,2.3,0.0,0.0,14.1,-9.4,39.1,0,0,35.1,1,13222,1,13222,19327,8861,6547,13735,15070,13992,15070,13505,14344,13505,2686,3135,2207,3980,8891,12854,8263,2347,20257,17725,13880,17614,8315,2246,150,9996,1,15:22
2024-25,1629048,Goga Bitadze,Goga,1610612753,ORL,Orlando Magic,0022400377,2024-12-21T00:00:00,ORL vs. MIA,W,31.298333333333332,9.2,9.2,1.0,0.0,0.0,0.0,2.3,3.5,0.667,4.6,10.4,15.0,1.2,0.0,0.0,2.3,0.0,3.5,3.5,20.7,-2.3,47.3,1,0,41.4,1,1,13086,1,6626,4351,18405,1,15070,20945,15070,9614,8983,9425,2802,2321,1791,19182,16469,12854,2743,8846,8885,7799,7313,14206,4219,1,150,5974,1,31:18
2024-25,1630178,Tyrese Maxey,Tyrese,1610612755,PHI,Philadelphia 76ers,0022400380,2024-12-21T00:00:00,PHI @ CLE,L,33.0,8.7,22.9,0.381,5.5,10.9,0.5,6.5,8.7,0.75,0.0,1.1,1.1,3.3,1.1,1.1,0.0,1.1,0.0,4.4,29.5,-26.2,37.9,0,0,41.5,1,13222,1,13222,5145,5222,1418,16250,1783,2584,3944,2362,2030,8186,14058,21772,23091,12073,15192,11095,8263,7136,20257,5436,2278,23068,9124,2246,150,5947,1,33:00
2024-25,203903,Jordan Clarkson,Jordan,1610612762,UTA,Utah Jazz,0022400379,2024-12-21T00:00:00,UTA @ BKN,W,30.933333333333334,7.0,14.0,0.5,2.3,5.8,0.4,2.3,4.7,0.5,0.0,3.5,3.5,9.3,1.2,1.2,0.0,0.0,0.0,4.7,18.6,4.7,39.1,0,0,36.1,1,1,13086,1,6932,8969,10220,8526,8750,11159,7874,9534,6570,10625,14058,15263,18569,1801,14700,10473,8263,8846,20257,4817,9188,10310,8339,2246,150,9314,1,30:56
2024-25,1631099,Keegan Murray,Keegan,1610612758,SAC,Sacramento Kings,0022400376,2024-12-21T00:00:00,SAC vs. LAL,L,27.483333333333334,3.9,11.8,0.333,2.6,9.2,0.286,2.6,2.6,1.0,1.3,3.9,5.2,0.0,1.3,0.0,0.0,1.3,5.2,1.3,13.1,-2.6,18.1,0,0,21.0,1,13222,1,13222,9957,17251,13956,17395,7764,4585,11433,8757,10931,1,11152,13937,14193,19908,13761,12854,8263,5604,4127,15858,14983,14368,22058,2246,150,20303,1,27:29
2024-25,1641710,Anthony Black,Anthony,1610612753,ORL,Orlando Magic,0022400377,2024-12-21T00:00:00,ORL vs. MIA,W,18.466666666666665,7.8,13.6,0.571,1.9,3.9,0.5,1.9,1.9,1.0,0.0,1.9,1.9,3.9,9.7,0.0,0.0,0.0,9.7,1.9,19.5,-29.2,17.9,0,0,27.3,1,1,13086,1,17225,7065,10745,6538,10398,15790,3944,10803,12860,1,14058,19824,21906,10227,346,12854,8263,8846,754,13320,8376,23620,22125,2246,150,15951,1,18:28
2024-25,1627736,Malik Beasley,Malik,1610612765,DET,Detroit Pistons,0022400387,2024-12-21T00:00:00,DET @ PHX,W,26.55,8.1,20.3,0.4,6.8,14.9,0.455,1.4,2.7,0.5,0.0,2.7,2.7,0.0,2.7,4.1,0.0,0.0,0.0,2.7,24.4,-4.1,37.2,0,0,42.0,1,1,13086,1,10687,6335,2733,14933,850,712,7148,12150,10714,10625,14058,17661,20424,19908,7492,1570,8263,8846,20257,10287,4548,15101,9578,2246,150,5624,1,26:33
2024-25,1630288,Jeff Dowtin Jr.,Jeff,1610612755,PHI,Philadelphia 76ers,0022400380,2024-12-21T00:00:00,PHI @ CLE,L,12.0,12.0,15.0,0.8,0.0,0.0,0.0,3.0,3.0,1.0,0.0,0.0,0.0,3.0,0.0,0.0,3.0,0.0,0.0,3.0,27.0,-12.0,40.5,0,0,36.0,1,13222,1,13222,21228,1516,8606,1688,15070,20945,15070,7799,9972,1,14058,22137,23286,12925,16469,12854,1691,8846,20257,9236,3208,18731,7464,2246,150,9360,1,12:00
2024-25,1629632,Coby White,Coby,1610612741,CHI,Chicago Bulls,0022400381,2024-12-21T00:00:00,CHI vs. BOS,L,25.386666666666667,7.1,19.9,0.357,2.8,11.3,0.25,2.8,2.8,1.0,0.0,0.0,0.0,1.4,4.3,1.4,0.0,1.4,5.7,2.8,19.9,-32.6,22.0,0,0,26.9,1,13222,1,13222,11665,8723,3058,17140,7098,2223,11902,8254,10403,1,14058,22137,23286,18280,3409,8816,8263,5114,3438,9842,8028,24113,20158,2246,150,16195,1,25:23
2024-25,1627777,Georges Niang,Georges,1610612739,CLE,Cleveland Cavaliers,0022400380,2024-12-21T00:00:00,CLE vs. PHI,W,27.358333333333334,6.6,11.8,0.556,3.9,6.6,0.6,0.0,0.0,0.0,1.3,5.3,6.6,2.6,0.0,0.0,0.0,0.0,6.6,0.0,17.1,23.7,28.9,0,0,30.3,1,1,13086,1,10061,9989,13874,7248,4100,9364,2992,13505,14344,13505,11124,10117,11001,14108,16469,12854,8263,8846,2338,17725,10735,3106,15525,2246,150,13748,1,27:22
2024-25,203497,Rudy Gobert,Rudy,1610612750,MIN,Minnesota Timberwolves,0022400383,2024-12-21T00:00:00,MIN vs. GSW,L,36.833333333333336,6.8,7.8,0.875,0.0,0.0,0.0,3.9,6.8,0.571,2.0,9.8,11.7,2.0,1.0,1.0,1.0,1.0,0.0,5.9,17.6,-2.9,39.5,1,0,35.2,1,13222,1,13222,2107,9316,20513,1353,15070,20945,15070,5863,3531,10536,8596,2753,3732,16543,15986,12146,7642,8121,20257,2798,10232,14538,8089,1,150,9962,1,36:50
2024-25,1641854,Craig Porter Jr.,Craig,1610612739,CLE,Cleveland Cavaliers,0022400380,2024-12-21T00:00:00,CLE vs. PHI,W,5.25,6.9,20.6,0.333,0.0,0.0,0.0,0.0,0.0,0.0,6.9,0.0,6.9,6.9,0.0,0.0,0.0,6.9,6.9,0.0,13.7,-27.4,32.2,0,0,27.4,1,1,13086,1,23889,9273,2591,17395,15070,20945,15070,13505,14344,13505,1199,22137,10414,4199,16469,12854,8263,163,2097,17725,14256,23328,13147,2246,150,15847,1,5:15
2024-25,1628374,Lauri Markkanen,Lauri,1610612762,UTA,Utah Jazz,0022400379,2024-12-21T00:00:00,UTA @ BKN,W,35.8,8.0,21.1,0.381,3.0,13.1,0.231,2.0,2.0,1.0,2.0,5.0,7.0,0.0,1.0,0.0,2.0,1.0,2.0,1.0,21.1,4.0,34.6,0,0,35.2,1,1,13086,1,2822,6540,2264,16250,6439,1262,13279,10605,12694,1,8339,10800,10084,19908,15812,12854,3451,7870,15078,17379,6982,10634,11383,2246,150,9955,1,35:48
2024-25,1628389,Bam Adebayo,Bam,1610612748,MIA,Miami Heat,0022400377,2024-12-21T00:00:00,MIA @ ORL,L,34.333333333333336,8.4,15.7,0.533,0.0,4.2,0.0,8.4,12.6,0.667,1.0,5.2,6.3,0.0,4.2,2.1,0.0,1.0,2.1,8.4,25.2,-36.7,34.8,0,0,35.7,1,13222,1,13222,3975,5823,7506,8140,15070,15133,15070,1233,657,9425,12886,10182,11629,19908,3514,5800,8263,7507,14621,865,4148,24589,11186,2246,150,9626,1,34:20
2024-25,1630200,Tre Jones,Tre,1610612759,SAS,San Antonio Spurs,0022400386,2024-12-21T00:00:00,SAS vs. POR,W,18.066666666666666,4.0,4.0,1.0,0.0,0.0,0.0,0.0,0.0,0.0,0.0,6.0,6.0,13.9,0.0,2.0,2.0,0.0,2.0,0.0,8.0,17.9,48.0,0,0,35.9,1,1,13086,1,17524,17126,24099,1,15070,20945,15070,13505,14344,13505,14058,8383,12339,396,16469,6282,3512,8846,15186,17725,19941,4580,3966,2246,150,9469,1,18:04
2024-25,1629028,Deandre Ayton,Deandre,1610612757,POR,Portland Trail Blazers,0022400386,2024-12-21T00:00:00,POR @ SAS,L,28.616666666666667,8.8,13.8,0.636,0.0,2.5,0.0,0.0,0.0,0.0,2.5,7.5,10.1,2.5,0.0,0.0,0.0,1.3,2.5,0.0,17.6,-30.2,33.5,0,0,30.2,1,13222,1,13222,9022,5067,10440,4689,15070,18593,15070,13505,14344,13505,6560,5409,5359,14480,16469,12854,8263,5880,12726,17725,10212,23768,12214,2246,150,13805,1,28:37
2024-25,1627747,Caris LeVert,Caris,1610612739,CLE,Cleveland Cavaliers,0022400380,2024-12-21T00:00:00,CLE vs. PHI,W,21.933333333333334,8.2,18.1,0.455,3.3,9.8,0.333,0.0,0.0,0.0,0.0,1.6,1.6,4.9,4.9,3.3,0.0,1.6,1.6,0.0,19.7,59.1,34.0,0,0,36.1,1,1,13086,1,14543,6196,4613,12676,5726,3666,9209,13505,14344,13505,14058,20583,22380,7633,2432,2598,8263,4326,16745,17725,8162,383,11837,2246,150,9293,1,21:56
2024-25,1641737,Adem Bona,Adem,1610612755,PHI,Philadelphia 76ers,0022400380,2024-12-21T00:00:00,PHI @ CLE,L,11.65,3.1,3.1,1.0,0.0,0.0,0.0,3.1,3.1,1.0,3.1,6.2,9.3,3.1,0.0,0.0,0.0,0.0,3.1,3.1,9.3,-12.4,25.0,0,0,21.6,1,13222,1,13222,21433,19227,24465,1,15070,20945,15070,7571,9749,1,5147,7945,6359,12636,16469,12854,8263,8846,10308,8918,18840,18882,18270,2246,150,19875,1,11:39
2024-25,1629673,Jordan Poole,Jordan,1610612764,WAS,Washington Wizards,0022400382,2024-12-21T00:00:00,WAS @ MIL,L,35.88,8.0,19.1,0.421,8.0,13.0,0.615,2.0,4.0,0.5,0.0,5.0,5.0,3.0,7.0,0.0,0.0,1.0,2.0,5.0,26.1,8.0,29.6,0,0,42.1,1,13222,1,13222,2773,6581,3701,14442,450,1279,2984,10623,7818,10625,14058,10835,14752,12892,883,12854,8263,7889,15108,4083,3638,8623,15081,2246,150,5578,1,35:53
2024-25,1629661,Cameron Johnson,Cameron,1610612751,BKN,Brooklyn Nets,0022400379,2024-12-21T00:00:00,BKN vs. UTA,L,37.6,6.7,14.4,0.467,1.9,8.6,0.222,1.9,1.9,1.0,0.0,2.9,2.9,4.8,5.7,1.9,0.0,0.0,1.9,1.9,17.2,-5.7,27.9,0,0,30.6,1,13222,1,13222,1632,9675,9589,12249,10564,5389,13288,10903,12944,1,14058,17172,20059,7959,1610,6688,8263,8846,15593,13456,10591,15941,16328,2246,150,13450,1,37:36
2024-25,1630527,Brandon Boston,Brandon,1610612740,NOP,New Orleans Pelicans,0022400384,2024-12-21T00:00:00,NOP vs. NYK,L,17.138333333333332,4.2,12.6,0.333,2.1,4.2,0.5,4.2,8.4,0.5,0.0,4.2,4.2,2.1,4.2,0.0,2.1,0.0,4.2,4.2,14.7,-10.5,25.0,0,0,27.3,1,13222,1,13222,18173,16597,12568,17395,9681,15119,3944,5342,2257,10625,14058,13119,16805,15999,3504,12854,3206,8846,6555,5838,13193,18105,18292,2246,150,15942,1,17:08
2024-25,1630529,Herbert Jones,Herbert,1610612740,NOP,New Orleans Pelicans,0022400384,2024-12-21T00:00:00,NOP vs. NYK,L,32.80166666666667,1.1,7.7,0.143,1.1,4.4,0.25,2.2,4.4,0.5,2.2,2.2,4.4,4.4,1.1,3.3,0.0,1.1,6.6,5.5,5.5,4.4,26.1,0,0,22.0,1,13222,1,13222,5325,22579,20674,22260,13954,14711,11902,9973,7053,10625,7601,19084,16318,8920,15144,2579,8263,7066,2333,3360,21742,10436,17543,2246,150,19706,1,32:48
2024-25,1641748,Andre Jackson Jr.,Andre,1610612749,MIL,Milwaukee Bucks,0022400382,2024-12-21T00:00:00,MIL vs. WAS,W,18.45,3.9,9.8,0.4,2.0,5.9,0.333,0.0,0.0,0.0,7.8,5.9,13.7,9.8,2.0,0.0,0.0,0.0,7.8,2.0,9.8,31.2,38.8,0,0,35.1,1,1,13086,1,17247,17313,17462,14933,10388,11060,9209,13505,14344,13505,844,8656,2404,1561,10773,12854,8263,8846,1453,13311,18387,1805,8521,2246,150,10010,1,18:27
2024-25,1630230,Naji Marshall,Naji,1610612742,DAL,Dallas Mavericks,0022400385,2024-12-21T00:00:00,DAL vs. LAC,W,21.316666666666666,6.8,13.5,0.5,3.4,5.1,0.667,3.4,3.4,1.0,0.0,5.1,5.1,3.4,1.7,1.7,0.0,1.7,0.0,3.4,20.3,10.1,34.8,0,0,35.5,1,1,13086,1,15054,9545,10987,8526,5440,13037,1957,6940,9147,1,14058,10678,14618,11746,11964,7655,8263,4178,20257,8025,7689,7630,11210,2246,150,9752,1,21:19
2024-25,1630172,Patrick Williams,Patrick,1610612741,CHI,Chicago Bulls,0022400381,2024-12-21T00:00:00,CHI vs. BOS,L,21.816666666666666,8.3,18.2,0.455,3.3,6.6,0.5,3.3,3.3,1.0,0.0,8.3,8.3,8.3,1.7,1.7,1.7,1.7,0.0,3.3,23.1,-8.3,53.6,0,0,49.5,1,13222,1,13222,14648,6082,4501,12676,5660,9318,3944,7107,9305,1,14058,4353,7853,2653,12135,7812,4417,4297,20257,8251,5415,17075,2293,2246,150,2671,1,21:49
2024-25,1631133,Jabari Walker,Jabari,1610612757,POR,Portland Trail Blazers,0022400386,2024-12-21T00:00:00,POR @ SAS,L,3.35,10.7,21.5,0.5,0.0,10.7,0.0,10.7,10.7,1.0,0.0,10.7,10.7,0.0,0.0,0.0,0.0,0.0,0.0,10.7,32.2,64.5,45.1,0,0,43.0,1,13222,1,13222,24817,2455,2033,8526,15070,2725,15070,526,1100,1,14058,2046,4652,19908,16469,12854,8263,8846,20257,298,1469,293,5112,2246,150,5148,1,3:21
2024-25,1628369,Jayson Tatum,Jayson,1610612738,BOS,Boston Celtics,0022400381,2024-12-21T00:00:00,BOS @ CHI,W,35.516666666666666,16.2,24.3,0.667,9.1,15.2,0.6,2.0,2.0,1.0,1.0,14.2,15.2,10.1,4.1,0.0,0.0,1.0,2.0,1.0,43.6,13.2,73.0,1,1,78.0,1,1,13086,1,3054,341,968,3281,284,653,2992,10547,12647,1,13144,722,1682,1369,3772,12854,8263,7790,14982,17339,294,6311,346,1,1,186,1,35:31
2024-25,203114,Khris Middleton,Khris,1610612749,MIL,Milwaukee Bucks,0022400382,2024-12-21T00:00:00,MIL vs. WAS,W,23.65,10.7,21.3,0.5,6.1,9.1,0.667,0.0,0.0,0.0,1.5,7.6,9.1,12.2,1.5,1.5,0.0,0.0,1.5,1.5,27.4,47.2,59.7,0,0,57.8,1,1,13086,1,13186,2554,2150,8526,1243,4623,1957,13505,14344,13505,10222,5307,6524,680,12650,8308,8263,8846,17137,14911,3023,632,1227,2246,150,1049,1,23:39
2024-25,1630217,Desmond Bane,Desmond,1610612763,MEM,Memphis Grizzlies,0022400378,2024-12-21T00:00:00,MEM @ ATL,W,26.95,9.4,16.0,0.583,5.3,10.7,0.5,6.7,6.7,1.0,0.0,6.7,6.7,10.7,2.7,5.3,0.0,1.3,4.0,4.0,30.7,26.7,68.1,0,0,64.1,1,1,13086,1,10372,4119,7073,6296,1905,2796,3944,2258,3682,1,14058,6934,10773,1122,7611,721,8263,5469,7122,6289,1856,2482,519,2246,150,519,1,26:57
2024-25,1628973,Jalen Brunson,Jalen,1610612752,NYK,New York Knicks,0022400384,2024-12-21T00:00:00,NYK @ NOP,W,39.89,11.7,17.1,0.684,6.3,9.0,0.7,5.4,5.4,1.0,0.0,0.9,0.9,5.4,3.6,1.8,0.0,0.9,0.9,9.9,35.2,22.6,46.2,0,0,51.4,1,1,13086,1,587,1703,5638,3255,1106,4784,1937,3515,5295,1,14058,22099,23264,6601,4757,7233,8263,8652,20142,430,936,3352,4663,2246,150,2160,1,39:53
2024-25,1629646,Charles Bassey,Charles,1610612759,SAS,San Antonio Spurs,0022400386,2024-12-21T00:00:00,SAS vs. POR,W,18.25,13.8,17.8,0.778,0.0,0.0,0.0,3.9,3.9,1.0,7.9,15.8,23.7,0.0,2.0,2.0,0.0,0.0,2.0,3.9,31.6,-5.9,63.9,1,0,59.2,1,1,13086,1,17404,757,4943,1994,15070,20945,15070,5806,7956,1,821,461,237,19908,10649,6378,8263,8846,15287,6454,1625,16024,788,1,150,895,1,18:15
2024-25,1629631,De'Andre Hunter,De'Andre,1610612737,ATL,Atlanta Hawks,0022400378,2024-12-21T00:00:00,ATL vs. MEM,L,24.233333333333334,13.4,20.8,0.643,1.5,7.4,0.2,10.4,10.4,1.0,0.0,3.0,3.0,0.0,1.5,0.0,0.0,1.5,1.5,7.4,38.6,-32.7,40.7,0,0,43.1,1,13222,1,13222,12695,884,2454,4607,12096,7544,13429,584,1221,1,14058,16819,19803,19908,12816,12854,8263,4828,17278,1364,541,24125,7325,2246,150,5101,1,24:14
2024-25,203935,Marcus Smart,Marcus,1610612763,MEM,Memphis Grizzlies,0022400378,2024-12-21T00:00:00,MEM @ ATL,W,9.066666666666666,11.9,19.9,0.6,7.9,15.9,0.5,4.0,4.0,1.0,0.0,0.0,0.0,7.9,0.0,4.0,0.0,0.0,4.0,4.0,35.7,55.6,59.6,0,0,59.6,1,1,13086,1,22424,1578,3058,5394,472,534,3944,5742,7893,1,14058,22137,23286,2949,16469,1668,8263,8846,7212,6388,868,427,1244,2246,150,865,1,9:04
2024-25,1628975,Jevon Carter,Jevon,1610612741,CHI,Chicago Bulls,0022400381,2024-12-21T00:00:00,CHI vs. BOS,L,4.3,16.7,25.1,0.667,0.0,0.0,0.0,0.0,0.0,0.0,8.4,0.0,8.4,8.4,0.0,0.0,0.0,0.0,0.0,0.0,33.5,0.0,56.1,0,0,50.2,1,13222,1,13222,24333,299,797,3281,15070,20945,15070,13505,14344,13505,681,22137,7657,2537,16469,12854,8263,8846,20257,17725,1217,12240,1791,2246,150,2464,1,4:18
2024-25,1641726,Dereck Lively II,Dereck,1610612742,DAL,Dallas Mavericks,0022400385,2024-12-21T00:00:00,DAL vs. LAC,W,28.445,6.3,7.6,0.833,0.0,0.0,0.0,1.3,1.3,1.0,6.3,7.6,13.9,6.3,1.3,2.5,2.5,0.0,5.1,1.3,13.9,16.5,54.0,1,0,44.3,1,1,13086,1,9179,10628,20801,1514,15070,20945,15070,12401,13790,1,1460,5339,2273,4986,13999,4301,2317,8846,4466,16056,14026,5092,2193,1,150,4559,1,28:27
2024-25,1630175,Cole Anthony,Cole,1610612753,ORL,Orlando Magic,0022400377,2024-12-21T00:00:00,ORL vs. MIA,W,28.081666666666667,16.7,32.0,0.52,2.6,10.3,0.25,9.0,9.0,1.0,3.8,6.4,10.3,11.5,2.6,1.3,1.3,0.0,3.8,6.4,44.9,21.8,79.6,0,0,74.4,1,1,13086,1,9483,303,200,8497,7935,3206,11902,1014,1886,1,3815,7485,5173,831,8006,9570,5729,8846,7613,2170,257,3508,198,2246,150,242,1,28:05
2024-25,1627732,Ben Simmons,Ben,1610612751,BKN,Brooklyn Nets,0022400379,2024-12-21T00:00:00,BKN vs. UTA,L,29.316666666666666,6.1,13.5,0.455,0.0,0.0,0.0,6.1,7.4,0.833,2.5,4.9,7.4,12.3,7.4,2.5,0.0,1.2,1.2,4.9,18.4,-16.0,45.7,1,0,43.0,1,13222,1,13222,8382,11118,10993,12676,15070,20945,15070,2740,3030,7275,6761,11127,9440,656,755,4519,8263,6075,18392,4271,9396,20246,4863,1,150,5157,1,29:19
2024-25,1629726,Garrison Mathews,Garrison,1610612737,ATL,Atlanta Hawks,0022400378,2024-12-21T00:00:00,ATL vs. MEM,L,6.05,11.9,17.9,0.667,11.9,17.9,0.667,0.0,0.0,0.0,0.0,6.0,6.0,0.0,6.0,0.0,0.0,0.0,0.0,11.9,35.7,35.7,36.9,0,0,53.6,1,13222,1,13222,23581,1587,4847,3281,135,353,1957,13505,14344,13505,14058,8447,12404,19908,1414,12854,8263,8846,20257,203,874,1322,9774,2246,150,1694,1,6:03
2024-25,1631222,Jake LaRavia,Jake,1610612763,MEM,Memphis Grizzlies,0022400378,2024-12-21T00:00:00,MEM @ ATL,W,22.416666666666668,9.6,16.1,0.6,6.4,8.0,0.8,0.0,0.0,0.0,4.8,1.6,6.4,6.4,3.2,3.2,0.0,1.6,1.6,0.0,25.7,8.0,49.5,0,0,51.4,1,1,13086,1,14177,3676,7038,5394,1039,6403,1389,13505,14344,13505,2542,20667,11335,4824,5792,2715,8263,4420,16854,17725,3832,8622,3436,2246,150,2181,1,22:25
2024-25,1641705,Victor Wembanyama,Victor,1610612759,SAS,San Antonio Spurs,0022400386,2024-12-21T00:00:00,SAS vs. POR,W,29.75,9.7,19.4,0.5,4.8,9.7,0.5,12.1,13.3,0.909,3.6,4.8,8.5,3.6,1.2,0.0,12.1,1.2,0.0,9.7,36.3,27.8,87.0,1,0,77.4,1,1,13086,1,8001,3623,3452,8526,2505,3882,3944,333,553,6764,4162,11301,7513,10998,14368,12854,41,6187,20257,478,775,2295,114,1,150,195,1,29:45
2024-25,1630700,Dyson Daniels,Dyson,1610612737,ATL,Atlanta Hawks,0022400378,2024-12-21T00:00:00,ATL vs. MEM,L,29.45,7.3,11.0,0.667,3.7,6.1,0.6,0.0,0.0,0.0,1.2,2.4,3.7,7.3,6.1,7.3,1.2,0.0,0.0,0.0,18.3,-23.2,53.3,0,0,50.1,1,13222,1,13222,8267,8155,15349,3281,4766,10413,2992,13505,14344,13505,11647,18345,18161,3581,1319,260,6035,8846,20257,17725,9480,22390,2377,2246,150,2500,1,29:27
2024-25,1641871,Duop Reath,Duop,1610612757,POR,Portland Trail Blazers,0022400386,2024-12-21T00:00:00,POR @ SAS,L,3.35,10.7,32.2,0.333,10.7,32.2,0.333,0.0,0.0,0.0,0.0,0.0,0.0,10.7,0.0,0.0,0.0,0.0,0.0,0.0,32.2,64.5,48.4,0,0,53.7,1,13222,1,13222,24817,2455,187,17395,168,46,9209,13505,14344,13505,14058,22137,23286,1086,16469,12854,8263,8846,20257,17725,1469,293,3860,2246,150,1666,1,3:21
2024-25,1642276,Kel'el Ware,Kel'el,1610612748,MIA,Miami Heat,0022400377,2024-12-21T00:00:00,MIA @ ORL,L,13.816666666666666,10.4,10.4,1.0,0.0,0.0,0.0,0.0,0.0,0.0,5.2,13.0,18.2,0.0,0.0,0.0,5.2,0.0,2.6,0.0,20.8,67.7,58.4,0,0,49.5,1,13222,1,13222,20292,2795,16354,1,15070,20945,15070,13505,14344,13505,2182,1002,838,19908,16469,12854,465,8846,12408,17725,7205,258,1424,2246,150,2670,1,13:49
2024-25,1629656,Quentin Grimes,Quentin,1610612742,DAL,Dallas Mavericks,0022400385,2024-12-21T00:00:00,DAL vs. LAC,W,25.071666666666665,10.1,11.5,0.875,4.3,5.7,0.75,4.3,4.3,1.0,2.9,7.2,10.1,1.4,1.4,0.0,0.0,0.0,0.0,1.4,28.7,17.2,41.5,0,0,44.5,1,1,13086,1,11941,3163,14511,1353,3370,11353,1542,5136,7194,1,5665,6040,5371,18220,13078,12854,8263,8846,20257,15300,2517,4828,6886,2246,150,4469,1,25:04
2024-25,1630596,Evan Mobley,Evan,1610612739,CLE,Cleveland Cavaliers,0022400380,2024-12-21T00:00:00,CLE vs. PHI,W,30.183333333333334,11.9,16.7,0.714,1.2,2.4,0.5,1.2,6.0,0.2,3.6,11.9,15.5,8.3,1.2,2.4,1.2,0.0,1.2,3.6,26.2,11.9,66.9,1,0,58.4,1,1,13086,1,7604,1567,6177,2752,13416,18844,3944,12618,4526,13489,4248,1406,1576,2556,14496,4744,6220,8846,18572,7461,3567,6826,574,1,150,970,1,30:11
2024-25,1626171,Bobby Portis,Bobby,1610612749,MIL,Milwaukee Bucks,0022400382,2024-12-21T00:00:00,MIL vs. WAS,W,31.733333333333334,15.9,23.8,0.667,6.8,10.2,0.667,0.0,0.0,0.0,2.3,9.1,11.3,9.1,2.3,3.4,1.1,2.3,1.1,0.0,38.6,6.8,77.1,1,0,74.9,1,1,13086,1,6208,367,1112,3281,841,3262,1957,13505,14344,13505,7353,3430,4096,1955,9220,2377,6578,2507,18893,17725,545,9229,255,1,150,233,1,31:44
2024-25,1630595,Cade Cunningham,Cade,1610612765,DET,Detroit Pistons,0022400387,2024-12-21T00:00:00,DET @ PHX,W,36.016666666666666,9.0,19.0,0.474,3.0,8.0,0.375,7.0,9.0,0.778,0.0,1.0,1.0,13.0,4.0,2.0,2.0,0.0,4.0,6.0,28.0,7.0,56.7,1,0,53.0,1,1,13086,1,2671,4718,3765,12072,6526,6456,8800,2009,1873,8092,14058,21974,23208,534,3884,6252,3500,8846,7147,2626,2791,9137,1696,1,150,1811,1,36:01
2024-25,1631093,Jaden Ivey,Jaden,1610612765,DET,Detroit Pistons,0022400387,2024-12-21T00:00:00,DET @ PHX,W,29.926666666666666,8.4,16.8,0.5,4.8,7.2,0.667,2.4,2.4,1.0,4.8,4.8,9.6,9.6,1.2,1.2,0.0,0.0,2.4,2.4,24.1,7.2,52.4,0,0,50.5,1,1,13086,1,7853,5761,5991,8526,2537,8013,1957,9320,11471,1,2547,11393,5898,1629,14419,10151,8263,8846,13172,11329,4762,9036,2601,2246,150,2386,1,29:56
2024-25,201142,Kevin Durant,Kevin,1610612756,PHX,Phoenix Suns,0022400387,2024-12-21T00:00:00,PHX vs. DET,L,38.555,13.1,24.3,0.538,3.7,8.4,0.444,10.3,10.3,1.0,0.9,3.7,4.7,5.6,7.5,1.9,0.0,0.0,3.7,8.4,40.2,-8.4,52.3,0,0,57.9,1,13222,1,13222,1084,1006,982,7978,4611,5744,7211,631,1268,1,13754,14514,15649,6245,720,6932,8263,8846,7955,862,439,17139,2645,2246,150,1043,1,38:33
2024-25,1627734,Domantas Sabonis,Domantas,1610612758,SAC,Sacramento Kings,0022400376,2024-12-21T00:00:00,SAC vs. LAL,L,37.001666666666665,8.8,18.5,0.474,0.0,1.9,0.0,1.0,2.9,0.333,4.9,13.6,18.5,4.9,0.0,1.0,0.0,1.9,1.9,3.9,18.5,0.0,50.9,1,0,43.8,1,13222,1,13222,1987,5170,4228,12072,15070,19653,15070,13320,10183,13132,2492,846,792,7769,16469,12189,8263,3403,15433,6593,9331,12240,3016,1,150,4789,1,37:00
2024-25,1629675,Naz Reid,Naz,1610612750,MIN,Minnesota Timberwolves,0022400383,2024-12-21T00:00:00,MIN vs. GSW,L,24.666666666666668,8.8,16.1,0.545,5.8,10.2,0.571,0.0,0.0,0.0,1.5,4.4,5.8,2.9,4.4,0.0,1.5,1.5,4.4,2.9,23.4,-17.5,34.7,0,0,40.9,1,13222,1,13222,12303,5163,7044,7695,1440,3256,3506,13505,14344,13505,10490,12579,12673,13206,3178,12854,4999,4942,6076,9526,5237,20785,11258,2246,150,6288,1,24:40
2024-25,204001,Kristaps Porziņģis,Kristaps,1610612738,BOS,Boston Celtics,0022400381,2024-12-21T00:00:00,BOS @ CHI,W,29.633333333333333,9.7,18.2,0.533,2.4,7.3,0.333,4.9,4.9,1.0,1.2,7.3,8.5,2.4,1.2,2.4,2.4,0.0,4.9,4.9,26.7,17.0,53.9,0,0,49.8,1,1,13086,1,8100,3584,4437,8140,8372,7842,9209,4253,6178,1,11694,5844,7461,14776,14328,4589,2503,8846,4925,4371,3339,4904,2218,2246,150,2587,1,29:38
2024-25,1629636,Darius Garland,Darius,1610612739,CLE,Cleveland Cavaliers,0022400380,2024-12-21T00:00:00,CLE vs. PHI,W,25.916666666666668,12.5,15.3,0.818,8.3,9.7,0.857,2.8,2.8,1.0,1.4,5.6,6.9,5.6,2.8,1.4,0.0,0.0,2.8,2.8,36.1,9.7,54.2,0,0,59.7,1,1,13086,1,11230,1244,8139,1653,395,3821,1329,8393,10540,1,10796,9403,10249,6328,7295,8964,8263,8846,11733,10043,808,7828,2161,2246,150,853,1,25:55
2024-25,201939,Stephen Curry,Stephen,1610612744,GSW,Golden State Warriors,0022400383,2024-12-21T00:00:00,GSW @ MIN,W,34.21666666666667,10.5,22.1,0.476,7.4,16.8,0.438,4.2,5.3,0.8,0.0,3.2,3.2,10.5,1.1,1.1,0.0,0.0,1.1,4.2,32.6,21.0,54.3,1,0,55.8,1,1,13086,1,4083,2696,1778,12010,651,431,7390,5333,5514,7681,14058,16237,19352,1195,15470,11468,8263,8846,19391,5820,1397,3686,2142,1,150,1349,1,34:13
2024-25,2544,LeBron James,LeBron,1610612747,LAL,Los Angeles Lakers,0022400376,2024-12-21T00:00:00,LAL @ SAC,W,34.416666666666664,13.6,25.1,0.542,1.0,8.4,0.125,5.2,6.3,0.833,0.0,7.3,7.3,6.3,4.2,4.2,0.0,1.0,2.1,4.2,33.5,10.5,60.0,0,0,56.5,1,1,13086,1,3913,828,806,7965,14276,5799,14886,3729,4154,7275,14058,5799,9525,5056,3529,1470,8263,7528,14645,5878,1220,7486,1190,2246,150,1232,1,34:25
2024-25,1628366,Lonzo Ball,Lonzo,1610612741,CHI,Chicago Bulls,0022400381,2024-12-21T00:00:00,CHI vs. BOS,L,15.283333333333333,2.4,11.8,0.2,0.0,7.1,0.0,0.0,0.0,0.0,0.0,4.7,4.7,4.7,2.4,4.7,0.0,0.0,0.0,0.0,4.7,-14.1,29.2,0,0,23.6,1,13222,1,13222,19388,20747,13981,21401,15070,8320,15070,13505,14344,13505,14058,11670,15531,8159,8832,1077,8263,8846,20257,17725,22181,19563,15352,2246,150,18640,1,15:17
2024-25,1629634,Brandon Clarke,Brandon,1610612763,MEM,Memphis Grizzlies,0022400378,2024-12-21T00:00:00,MEM @ ATL,W,18.3,7.9,13.8,0.571,0.0,0.0,0.0,0.0,0.0,0.0,3.9,2.0,5.9,2.0,2.0,0.0,0.0,2.0,9.8,2.0,15.7,17.7,23.8,0,0,23.6,1,1,13086,1,17361,6914,10543,6538,15070,20945,15070,13505,14344,13505,3678,19762,12522,16486,10676,12854,8263,3325,738,13228,12187,4658,19090,2246,150,18609,1,18:18
2024-25,1629312,Haywood Highsmith,Haywood,1610612748,MIA,Miami Heat,0022400377,2024-12-21T00:00:00,MIA @ ORL,L,6.15,0.0,0.0,0.0,0.0,0.0,0.0,0.0,0.0,0.0,0.0,5.9,5.9,0.0,0.0,0.0,0.0,0.0,5.9,0.0,0.0,-5.9,7.0,0,0,5.9,1,13222,1,13222,23541,22635,24836,22635,15070,20945,15070,13505,14344,13505,14058,8656,12621,19908,16469,12854,8263,8846,3135,17725,23200,15999,24818,2246,150,25018,1,6:09
2024-25,1628379,Luke Kennard,Luke,1610612763,MEM,Memphis Grizzlies,0022400378,2024-12-21T00:00:00,MEM @ ATL,W,17.933333333333334,2.0,8.0,0.25,2.0,6.0,0.333,2.0,2.0,1.0,0.0,4.0,4.0,4.0,2.0,0.0,0.0,0.0,2.0,0.0,8.0,10.0,16.9,0,0,18.1,1,1,13086,1,17607,21395,20209,20233,10130,10638,9209,10621,12707,1,14058,13677,17282,9897,10482,12854,8263,8846,15101,17725,19899,7680,22542,2246,150,21830,1,17:56
2024-25,1630188,Jalen Smith,Jalen,1610612741,CHI,Chicago Bulls,0022400381,2024-12-21T00:00:00,CHI vs. BOS,L,16.6,2.2,6.5,0.333,0.0,2.2,0.0,0.0,0.0,0.0,0.0,17.3,17.3,2.2,0.0,0.0,0.0,0.0,0.0,2.2,4.3,-34.7,28.4,0,0,23.9,1,13222,1,13222,18528,21101,22110,17395,15070,19225,15070,13505,14344,13505,14058,311,1049,15732,16469,12854,8263,8846,20257,12298,22379,24378,15933,2246,150,18430,1,16:36
2024-25,201144,Mike Conley,Mike,1610612750,MIN,Minnesota Timberwolves,0022400383,2024-12-21T00:00:00,MIN vs. GSW,L,25.433333333333334,1.4,8.5,0.167,1.4,7.1,0.2,0.0,0.0,0.0,0.0,2.8,2.8,7.1,2.8,1.4,0.0,1.4,5.7,2.8,4.2,-1.4,19.7,0,0,18.4,1,13222,1,13222,11634,22274,19500,21938,12383,8300,13429,13505,14344,13505,14058,17292,20165,3918,7110,8821,8263,5119,3449,9857,22442,13768,21325,2246,150,21670,1,25:26
2024-25,1626166,Cameron Payne,Cameron,1610612752,NYK,New York Knicks,0022400384,2024-12-21T00:00:00,NYK @ NOP,W,8.056666666666667,4.5,8.9,0.5,0.0,4.5,0.0,0.0,0.0,0.0,0.0,4.5,4.5,4.5,0.0,0.0,0.0,0.0,4.5,0.0,8.9,-62.6,21.0,0,0,17.9,1,1,13086,1,22804,15872,18815,8526,15070,14527,15070,13505,14344,13505,14058,12341,16124,8727,16469,12854,8263,8846,5848,17725,19147,25738,20685,2246,150,21924,1,8:03
2024-25,1626168,Trey Lyles,Trey,1610612758,SAC,Sacramento Kings,0022400376,2024-12-21T00:00:00,SAC vs. LAL,L,17.048333333333332,2.1,8.4,0.25,2.1,4.2,0.5,0.0,0.0,0.0,2.1,4.2,6.3,0.0,0.0,2.1,0.0,0.0,0.0,2.1,6.3,-19.0,20.3,0,0,19.0,1,13222,1,13222,18230,21221,19579,20233,9633,15068,3944,13505,14344,13505,7914,13049,11530,19908,16469,5733,8263,8846,20257,12560,21160,21240,21037,2246,150,21390,1,17:03
2024-25,200768,Kyle Lowry,Kyle,1610612755,PHI,Philadelphia 76ers,0022400380,2024-12-21T00:00:00,PHI @ CLE,L,4.566666666666666,0.0,7.9,0.0,0.0,7.9,0.0,0.0,0.0,0.0,0.0,7.9,7.9,15.8,0.0,0.0,0.0,0.0,0.0,0.0,0.0,-15.8,33.1,0,0,23.6,1,13222,1,13222,24188,22635,20429,22635,15070,6650,15070,13505,14344,13505,14058,4883,8489,229,16469,12854,8263,8846,20257,17725,23200,20180,12508,2246,150,18577,1,4:34
2024-25,1629638,Nickeil Alexander-Walker,Nickeil,1610612750,MIN,Minnesota Timberwolves,0022400383,2024-12-21T00:00:00,MIN vs. GSW,L,18.716666666666665,1.9,7.7,0.25,0.0,3.8,0.0,0.0,0.0,0.0,0.0,3.8,3.8,1.9,3.8,0.0,0.0,1.9,1.9,0.0,3.8,-23.1,7.5,0,0,9.6,1,13222,1,13222,17025,21543,20660,20233,15070,15906,15070,13505,14344,13505,14058,14190,17716,16666,4194,12854,8263,3466,15556,17725,22631,22351,24757,2246,150,24509,1,18:43
2024-25,1642274,Yves Missi,Yves,1610612740,NOP,New Orleans Pelicans,0022400384,2024-12-21T00:00:00,NOP vs. NYK,L,30.05,3.6,9.6,0.375,0.0,0.0,0.0,3.6,4.8,0.75,8.4,1.2,9.6,1.2,6.0,1.2,0.0,0.0,2.4,2.4,10.8,-13.2,21.7,0,0,24.0,1,13222,1,13222,7740,18094,17806,16299,15070,20945,15070,6498,6311,8186,677,21512,5939,19014,1390,10184,8263,8846,13227,11368,17388,19187,20326,2246,150,18359,1,30:03
2024-25,1630241,Sam Merrill,Sam,1610612739,CLE,Cleveland Cavaliers,0022400380,2024-12-21T00:00:00,CLE vs. PHI,W,8.4,0.0,8.6,0.0,0.0,8.6,0.0,0.0,0.0,0.0,4.3,0.0,4.3,0.0,0.0,0.0,0.0,0.0,4.3,0.0,0.0,25.7,5.1,0,0,4.3,1,1,13086,1,22661,22635,19388,22635,15070,5458,15070,13505,14344,13505,3186,22137,16568,19908,16469,12854,8263,8846,6325,17725,23200,2669,24999,2246,150,25170,1,8:24
2024-25,1642268,Isaiah Collier,Isaiah,1610612762,UTA,Utah Jazz,0022400379,2024-12-21T00:00:00,UTA @ BKN,W,16.216666666666665,0.0,2.2,0.0,0.0,0.0,0.0,0.0,0.0,0.0,0.0,8.9,8.9,4.4,6.7,0.0,2.2,0.0,4.4,0.0,0.0,24.4,17.3,0,0,17.8,1,1,13086,1,18779,22635,24716,22635,15070,20945,15070,13505,14344,13505,14058,3627,6915,8791,1047,12854,2905,8846,5917,17725,23200,2941,22364,2246,150,21963,1,16:13
2024-25,1631213,Tyrese Martin,Tyrese,1610612751,BKN,Brooklyn Nets,0022400379,2024-12-21T00:00:00,BKN vs. UTA,L,22.433333333333334,4.8,14.4,0.333,1.6,11.2,0.143,0.0,0.0,0.0,3.2,3.2,6.4,4.8,0.0,0.0,0.0,0.0,1.6,0.0,11.2,-4.8,26.2,0,0,24.1,1,13222,1,13222,14170,14903,9444,17395,11656,2303,14649,13505,14344,13505,4920,16052,11346,7883,16469,12854,8263,8846,16857,17725,16970,15479,17508,2246,150,18275,1,22:26
2024-25,1629023,P.J. Washington,P.J.,1610612742,DAL,Dallas Mavericks,0022400385,2024-12-21T00:00:00,DAL vs. LAC,W,36.76166666666666,3.9,10.8,0.364,2.0,4.9,0.4,0.0,0.0,0.0,1.0,5.9,6.9,1.0,2.9,1.0,1.0,1.0,2.0,0.0,9.8,5.9,22.4,0,0,23.5,1,1,13086,1,2154,17281,15749,16861,10357,13447,7874,13505,14344,13505,13429,8607,10421,19737,6687,12133,7628,8102,15361,17725,18357,9674,19916,2246,150,18673,1,36:46
2024-25,1629599,Amir Coffey,Amir,1610612746,LAC,LA Clippers,0022400385,2024-12-21T00:00:00,LAC @ DAL,L,21.6,0.0,1.7,0.0,0.0,1.7,0.0,0.0,0.0,0.0,0.0,1.7,1.7,1.7,0.0,0.0,0.0,0.0,1.7,0.0,0.0,-15.0,4.5,0,0,3.3,1,13222,1,13222,14851,22635,24806,22635,15070,20084,15070,13505,14344,13505,14058,20523,22343,17452,16469,12854,8263,8846,16634,17725,23200,19898,25048,2246,150,25216,1,21:36
2024-25,1631132,Christian Koloko,Christian,1610612747,LAL,Los Angeles Lakers,0022400376,2024-12-21T00:00:00,LAL @ SAC,W,3.3833333333333333,0.0,0.0,0.0,0.0,0.0,0.0,0.0,0.0,0.0,0.0,0.0,0.0,0.0,0.0,0.0,0.0,0.0,10.6,0.0,0.0,-21.3,0.0,0,0,0.0,1,1,13086,1,24777,22635,24836,22635,15070,20945,15070,13505,14344,13505,14058,22137,23286,19908,16469,12854,8263,8846,593,17725,23200,21903,25228,2246,150,25259,1,3:23
2024-25,1626220,Royce O'Neale,Royce,1610612756,PHX,Phoenix Suns,0022400387,2024-12-21T00:00:00,PHX vs. DET,L,34.0,4.2,6.4,0.667,3.2,5.3,0.6,0.0,0.0,0.0,0.0,3.2,3.2,1.1,3.2,2.1,0.0,0.0,3.2,1.1,11.6,-8.5,20.2,0,0,23.3,1,13222,1,13222,4265,16491,22263,3281,6017,12477,2992,13505,14344,13505,14058,16169,19293,19494,5886,5704,8263,8846,9965,17123,16524,17170,21049,2246,150,18807,1,34:00
2024-25,1629723,John Konchar,John,1610612763,MEM,Memphis Grizzlies,0022400378,2024-12-21T00:00:00,MEM @ ATL,W,12.0,0.0,3.0,0.0,0.0,3.0,0.0,0.0,0.0,0.0,0.0,3.0,3.0,6.0,0.0,0.0,0.0,0.0,0.0,0.0,0.0,-24.0,12.6,0,0,9.0,1,1,13086,1,21228,22635,24488,22635,15070,17643,15070,13505,14344,13505,14058,16717,19729,5485,16469,12854,8263,8846,20257,17725,23200,22572,23867,2246,150,24606,1,12:00
2024-25,201950,Jrue Holiday,Jrue,1610612738,BOS,Boston Celtics,0022400381,2024-12-21T00:00:00,BOS @ CHI,W,29.016666666666666,3.7,6.2,0.6,1.2,3.7,0.333,0.0,0.0,0.0,2.5,5.0,7.4,1.2,0.0,2.5,0.0,0.0,3.7,0.0,8.7,17.4,26.9,0,0,23.6,1,1,13086,1,8656,17773,22424,5394,13147,16161,9209,13505,14344,13505,6672,10991,9281,18882,16469,4434,8263,8846,7993,17725,19364,4784,17008,2246,150,18631,1,29:01
2024-25,1641730,Noah Clowney,Noah,1610612751,BKN,Brooklyn Nets,0022400379,2024-12-21T00:00:00,BKN vs. UTA,L,28.8,5.0,12.5,0.4,2.5,7.5,0.333,0.0,0.0,0.0,3.8,3.8,7.5,1.3,0.0,0.0,0.0,2.5,3.8,1.3,12.5,-3.8,23.4,0,0,23.8,1,13222,1,13222,8839,14383,12731,14933,8148,7397,9209,13505,14344,13505,3966,14465,9165,18843,16469,12854,8263,2045,7905,16131,15590,14921,19330,2246,150,18497,1,28:48
2024-25,1628370,Malik Monk,Malik,1610612758,SAC,Sacramento Kings,0022400376,2024-12-21T00:00:00,SAC vs. LAL,L,35.76833333333333,3.0,14.1,0.214,1.0,8.1,0.125,0.0,0.0,0.0,0.0,4.0,4.0,8.1,5.0,1.0,1.0,2.0,4.0,2.0,7.0,5.0,25.0,0,0,24.2,1,13222,1,13222,2848,19378,10026,21369,14509,6362,14886,13505,14344,13505,14058,13645,17259,2837,2302,11896,7448,3196,7078,13029,20690,10090,18322,2246,150,18233,1,35:46
2024-25,1642261,Dalton Knecht,Dalton,1610612747,LAL,Los Angeles Lakers,0022400376,2024-12-21T00:00:00,LAL @ SAC,W,4.983333333333333,0.0,0.0,0.0,0.0,0.0,0.0,0.0,0.0,0.0,0.0,0.0,0.0,7.2,7.2,0.0,0.0,0.0,0.0,0.0,0.0,-43.3,3.6,0,0,7.2,1,1,13086,1,23997,22635,24836,22635,15070,20945,15070,13505,14344,13505,14058,22137,23286,3724,803,12854,8263,8846,20257,17725,23200,25084,25102,2246,150,24871,1,4:59
2024-25,1631216,Caleb Houstan,Caleb,1610612753,ORL,Orlando Magic,0022400377,2024-12-21T00:00:00,ORL vs. MIA,W,11.516666666666667,0.0,9.4,0.0,0.0,6.3,0.0,0.0,0.0,0.0,0.0,0.0,0.0,3.1,0.0,0.0,0.0,0.0,0.0,0.0,0.0,-28.1,4.7,0,0,3.1,1,1,13086,1,21485,22635,18151,22635,15070,10075,15070,13505,14344,13505,14058,22137,23286,12538,16469,12854,8263,8846,20257,17725,23200,23459,25031,2246,150,25227,1,11:31
2024-25,1628386,Jarrett Allen,Jarrett,1610612739,CLE,Cleveland Cavaliers,0022400380,2024-12-21T00:00:00,CLE vs. PHI,W,24.783333333333335,2.9,7.3,0.4,0.0,0.0,0.0,2.9,4.4,0.667,1.5,7.3,8.7,2.9,2.9,1.5,0.0,1.5,1.5,7.3,8.7,10.2,25.0,0,0,23.2,1,1,13086,1,12187,19653,21257,14933,15070,20945,15070,8081,7095,9425,10528,5886,7145,13259,6823,8622,8263,4975,17439,1471,19333,7614,18304,2246,150,18844,1,24:47
2024-25,1630214,Xavier Tillman,Xavier,1610612738,BOS,Boston Celtics,0022400381,2024-12-21T00:00:00,BOS @ CHI,W,4.3,0.0,8.4,0.0,0.0,0.0,0.0,0.0,0.0,0.0,8.4,0.0,8.4,0.0,0.0,0.0,0.0,0.0,0.0,0.0,0.0,0.0,10.0,0,0,8.4,1,1,13086,1,24333,22635,19677,22635,15070,20945,15070,13505,14344,13505,681,22137,7657,19908,16469,12854,8263,8846,20257,17725,23200,12240,24407,2246,150,24703,1,4:18
2024-25,203471,Dennis Schröder,Dennis,1610612744,GSW,Golden State Warriors,0022400383,2024-12-21T00:00:00,GSW @ MIN,W,27.8,3.9,10.4,0.375,0.0,5.2,0.0,3.9,5.2,0.75,0.0,2.6,2.6,3.9,3.9,1.3,1.3,0.0,5.2,3.9,11.7,-11.7,24.5,0,0,23.3,1,1,13086,1,9716,17363,16445,16299,15070,12748,15070,5903,5635,8186,14058,17968,20654,10269,4114,9487,5669,8846,4229,6615,16514,18602,18632,2246,150,18793,1,27:48
2024-25,1630249,Vít Krejčí,Vít,1610612737,ATL,Atlanta Hawks,0022400378,2024-12-21T00:00:00,ATL vs. MEM,L,19.766666666666666,3.6,7.3,0.5,1.8,5.5,0.333,3.6,3.6,1.0,0.0,0.0,0.0,5.5,3.6,1.8,0.0,0.0,9.1,1.8,12.7,-3.6,22.8,0,0,23.7,1,13222,1,13222,16206,17981,21227,8526,10985,12050,9209,6402,8599,1,14058,22137,23286,6500,4689,7151,8263,8846,933,13842,15337,14869,19709,2246,150,18557,1,19:46
2024-25,1630553,Keon Johnson,Keon,1610612751,BKN,Brooklyn Nets,0022400379,2024-12-21T00:00:00,BKN vs. UTA,L,29.2,3.7,17.3,0.214,0.0,11.1,0.0,2.5,2.5,1.0,2.5,7.4,9.9,1.2,1.2,1.2,0.0,0.0,4.9,2.5,9.9,-2.5,26.0,0,0,23.4,1,13222,1,13222,8496,17833,5498,21369,15070,2415,15070,9149,11300,1,6731,5681,5580,18905,14211,9920,8263,8846,4769,11114,18293,14292,17609,2246,150,18721,1,29:12
2024-25,1641796,Pelle Larsson,Pelle,1610612748,MIA,Miami Heat,0022400377,2024-12-21T00:00:00,MIA @ ORL,L,24.05,1.5,3.0,0.5,0.0,0.0,0.0,4.5,4.5,1.0,0.0,3.0,3.0,3.0,1.5,0.0,0.0,0.0,7.5,3.0,7.5,-3.0,14.1,0,0,13.5,1,13222,1,13222,12844,22169,24496,8526,15070,20945,15070,4851,6859,1,14058,16764,19764,12957,12758,12854,8263,8846,1653,9283,20335,14567,23485,2246,150,23562,1,24:03
2024-25,1630166,Deni Avdija,Deni,1610612757,POR,Portland Trail Blazers,0022400386,2024-12-21T00:00:00,POR @ SAS,L,26.9,2.7,16.1,0.167,1.3,9.4,0.143,2.7,2.7,1.0,2.7,5.4,8.0,5.4,4.0,2.7,0.0,2.7,2.7,5.4,9.4,-13.4,31.0,0,0,29.4,1,13222,1,13222,10417,20137,7036,21938,12697,4295,14649,8623,10797,1,6154,9892,8213,6715,3857,3958,8263,1779,12134,3550,18761,19264,14024,2246,150,14368,1,26:54
2024-25,1630526,Jeremiah Robinson-Earl,Jeremiah,1610612740,NOP,New Orleans Pelicans,0022400384,2024-12-21T00:00:00,NOP vs. NYK,L,17.95,4.0,8.0,0.5,0.0,4.0,0.0,0.0,0.0,0.0,2.0,6.0,8.0,2.0,2.0,2.0,0.0,0.0,0.0,0.0,8.0,0.0,24.7,0,0,22.1,1,13222,1,13222,17593,17065,20225,8526,15070,15559,15070,13505,14344,13505,8361,8287,8231,16353,10494,6228,8263,8846,20257,17725,19904,12240,18511,2246,150,19643,1,17:57
2024-25,203486,Mason Plumlee,Mason,1610612756,PHX,Phoenix Suns,0022400387,2024-12-21T00:00:00,PHX vs. DET,L,21.965,3.3,4.9,0.667,0.0,1.6,0.0,1.6,3.3,0.5,3.3,11.5,14.8,6.6,0.0,0.0,0.0,0.0,3.3,1.6,8.2,3.3,35.7,0,0,29.5,1,13222,1,13222,14534,18810,23519,3281,15070,20124,15070,11526,9360,10625,4788,1655,1893,4633,16469,12854,8263,8846,9529,14491,19751,10988,10558,2246,150,14320,1,21:58
2024-25,1626145,Tyus Jones,Tyus,1610612756,PHX,Phoenix Suns,0022400387,2024-12-21T00:00:00,PHX vs. DET,L,32.485,7.8,8.9,0.875,3.3,3.3,1.0,2.2,2.2,1.0,0.0,0.0,0.0,2.2,2.2,1.1,0.0,1.1,1.1,1.1,21.1,-12.2,25.5,0,0,28.8,1,13222,1,13222,5564,7153,18914,1353,5593,17015,1,9890,12038,1,14058,22137,23286,15571,9454,10956,8263,6983,19055,16876,7042,18807,17946,2246,150,14853,1,32:29
2024-25,1631110,Jeremy Sochan,Jeremy,1610612759,SAS,San Antonio Spurs,0022400386,2024-12-21T00:00:00,SAS vs. POR,W,24.083333333333332,6.0,14.9,0.4,0.0,4.5,0.0,3.0,3.0,1.0,4.5,6.0,10.5,7.5,1.5,1.5,1.5,0.0,0.0,1.5,14.9,31.4,46.2,0,0,38.9,1,1,13086,1,12811,11578,8683,14933,15070,14483,15070,7842,10005,1,2944,8379,4945,3432,12771,8434,4876,8846,20257,15024,12955,1788,4667,2246,150,7474,1,24:05
2024-25,203468,CJ McCollum,CJ,1610612740,NOP,New Orleans Pelicans,0022400384,2024-12-21T00:00:00,NOP vs. NYK,L,32.35666666666667,5.6,14.5,0.385,0.0,4.5,0.0,3.3,4.5,0.75,2.2,3.3,5.6,4.5,2.2,1.1,1.1,0.0,1.1,2.2,14.5,-11.1,32.3,0,0,28.9,1,13222,1,13222,5685,12813,9413,16070,15070,14568,15070,7034,6936,8186,7513,15678,13386,8767,9404,10918,6710,8846,19031,12052,13448,18375,13115,2246,150,14764,1,32:21
2024-25,1630530,Trey Murphy III,Trey,1610612740,NOP,New Orleans Pelicans,0022400384,2024-12-21T00:00:00,NOP vs. NYK,L,38.083333333333336,10.4,17.0,0.611,2.8,7.6,0.375,0.9,0.9,1.0,0.9,4.7,5.7,1.9,2.8,0.0,1.9,0.9,2.8,0.9,24.6,-11.3,37.1,0,0,38.8,1,13222,1,13222,1336,2824,5792,5351,7099,7247,8800,13385,14286,1,13688,11631,13104,16787,7086,12854,3791,8376,11483,17557,4441,18453,9658,2246,150,7548,1,38:05
2024-25,1626172,Kevon Looney,Kevon,1610612744,GSW,Golden State Warriors,0022400383,2024-12-21T00:00:00,GSW @ MIN,W,22.2,3.2,4.9,0.667,0.0,0.0,0.0,1.6,3.2,0.5,4.9,8.1,13.0,3.2,1.6,0.0,0.0,0.0,4.9,3.2,8.1,4.9,26.9,0,0,24.3,1,1,13086,1,14344,18907,23561,3281,15070,20945,15070,11560,9430,10625,2489,4552,2821,12167,12246,12854,8263,8846,4910,8426,19828,10179,17012,2246,150,18122,1,22:12
2024-25,1641741,Ricky Council IV,Ricky,1610612755,PHI,Philadelphia 76ers,0022400380,2024-12-21T00:00:00,PHI @ CLE,L,21.466666666666665,3.4,11.7,0.286,1.7,5.0,0.333,10.1,10.1,1.0,3.4,5.0,8.4,0.0,1.7,1.7,0.0,0.0,0.0,6.7,18.4,-16.8,31.9,0,0,31.9,1,13222,1,13222,14954,18632,14035,19630,11464,13128,9209,682,1338,1,4631,10787,7645,19908,12015,7690,8263,8846,20257,1892,9369,20540,13428,2246,150,12483,1,21:28
2024-25,203084,Harrison Barnes,Harrison,1610612759,SAS,San Antonio Spurs,0022400386,2024-12-21T00:00:00,SAS vs. POR,W,22.316666666666666,4.8,9.7,0.5,3.2,4.8,0.667,1.6,3.2,0.5,3.2,1.6,4.8,1.6,3.2,0.0,0.0,0.0,0.0,1.6,14.5,17.7,19.5,0,0,24.2,1,1,13086,1,14262,14835,17615,8526,5880,13599,1957,11578,9464,10625,4891,20649,15200,17608,5737,12854,8263,8846,20257,14583,13388,4645,21394,2246,150,18213,1,22:19
2024-25,202699,Tobias Harris,Tobias,1610612765,DET,Detroit Pistons,0022400387,2024-12-21T00:00:00,DET @ PHX,W,29.166666666666668,3.7,6.2,0.6,1.2,2.5,0.5,3.7,4.9,0.75,0.0,3.7,3.7,2.5,1.2,0.0,1.2,0.0,2.5,2.5,12.3,13.6,23.0,0,0,22.2,1,1,13086,1,8534,17825,22456,5394,13178,18683,3944,6286,6055,8186,14058,14622,18066,14648,14203,12854,5974,8846,12915,11103,15775,6175,19586,2246,150,19544,1,29:10
2024-25,1630579,Jericho Sims,Jericho,1610612752,NYK,New York Knicks,0022400384,2024-12-21T00:00:00,NYK @ NOP,W,12.75,0.0,0.0,0.0,0.0,0.0,0.0,0.0,0.0,0.0,11.3,11.3,22.6,2.8,0.0,2.8,0.0,0.0,8.5,2.8,0.0,48.0,39.8,0,0,31.1,1,1,13086,1,20863,22635,24836,22635,15070,20945,15070,13505,14344,13505,288,1752,289,13511,16469,3624,8263,8846,1147,9878,23200,604,7872,2246,150,13114,1,12:45
2024-25,203501,Tim Hardaway Jr.,Tim,1610612765,DET,Detroit Pistons,0022400387,2024-12-21T00:00:00,DET @ PHX,W,28.618333333333332,7.5,12.6,0.6,5.0,7.5,0.667,0.0,0.0,0.0,0.0,1.3,1.3,2.5,0.0,1.3,0.0,0.0,1.3,5.0,20.1,16.4,29.2,0,0,31.4,1,1,13086,1,9021,7647,12613,5394,2232,7282,1957,13505,14344,13505,14058,21368,22863,14484,16469,9734,8263,8846,18230,4057,7819,5124,15371,2246,150,12813,1,28:37
2024-25,1629216,Gabe Vincent,Gabe,1610612747,LAL,Los Angeles Lakers,0022400376,2024-12-21T00:00:00,LAL @ SAC,W,15.916666666666666,4.5,6.8,0.667,4.5,6.8,0.667,0.0,0.0,0.0,0.0,0.0,0.0,0.0,0.0,2.3,0.0,0.0,4.5,0.0,13.6,-9.0,20.4,0,0,22.6,1,1,13086,1,18986,15701,21796,3281,3027,8932,1957,13505,14344,13505,14058,22137,23286,19908,16469,5176,8263,8846,5721,17725,14412,17450,21000,2246,150,19264,1,15:55
2024-25,1642403,Isaac Jones,Isaac,1610612758,SAC,Sacramento Kings,0022400376,2024-12-21T00:00:00,SAC vs. LAL,L,10.998333333333333,3.3,3.3,1.0,0.0,0.0,0.0,3.3,6.5,0.5,3.3,6.5,9.8,3.3,3.3,0.0,0.0,0.0,0.0,3.3,9.8,-13.1,23.2,0,0,22.9,1,13222,1,13222,21712,18822,24402,1,15070,20945,15070,7158,3836,10625,4799,7213,5644,12072,5588,12854,8263,8846,20257,8332,18337,19161,19418,2246,150,19074,1,10:60
2024-25,1631223,David Roddy,David,1610612737,ATL,Atlanta Hawks,0022400378,2024-12-21T00:00:00,ATL vs. MEM,L,9.2,7.8,11.7,0.667,3.9,7.8,0.5,0.0,0.0,0.0,0.0,7.8,7.8,0.0,3.9,0.0,0.0,0.0,0.0,0.0,19.6,39.1,25.0,0,0,31.3,1,13222,1,13222,22386,7011,14035,3281,4175,6755,3944,13505,14344,13505,14058,4970,8570,19908,4056,12854,8263,8846,20257,17725,8292,1031,18257,2246,150,12918,1,9:12
2024-25,201569,Eric Gordon,Eric,1610612755,PHI,Philadelphia 76ers,0022400380,2024-12-21T00:00:00,PHI @ CLE,L,9.666666666666666,11.2,14.9,0.75,3.7,7.4,0.5,0.0,0.0,0.0,0.0,0.0,0.0,0.0,0.0,0.0,0.0,0.0,0.0,0.0,26.1,-33.5,26.1,0,0,29.8,1,13222,1,13222,22227,2126,8750,2107,4637,7500,3944,13505,14344,13505,14058,22137,23286,19908,16469,12854,8263,8846,20257,17725,3648,24234,17570,2246,150,14103,1,9:40
2024-25,1629012,Collin Sexton,Collin,1610612762,UTA,Utah Jazz,0022400379,2024-12-21T00:00:00,UTA @ BKN,W,32.53333333333333,8.9,15.5,0.571,2.2,5.5,0.4,0.0,0.0,0.0,1.1,1.1,2.2,5.5,3.3,4.4,0.0,1.1,4.4,1.1,19.9,8.9,40.8,0,0,38.7,1,1,13086,1,5529,4963,7832,6538,9190,11884,7874,13505,14344,13505,12419,21739,21386,6369,5457,1280,8263,6991,5949,16881,7983,8245,7261,2246,150,7572,1,32:32
2024-25,1631107,Nikola Jović,Nikola,1610612748,MIA,Miami Heat,0022400377,2024-12-21T00:00:00,MIA @ ORL,L,19.266666666666666,0.0,5.6,0.0,0.0,3.7,0.0,7.5,7.5,1.0,0.0,1.9,1.9,0.0,0.0,1.9,0.0,0.0,7.5,3.7,7.5,0.0,15.3,0,0,13.1,1,13222,1,13222,16614,22635,22995,22635,15070,16127,15070,1679,2926,1,14058,20050,22052,19908,16469,6926,8263,8846,1659,7024,20339,12240,23085,2246,150,23687,1,19:16
2024-25,1631170,Jaime Jaquez Jr.,Jaime,1610612748,MIA,Miami Heat,0022400377,2024-12-21T00:00:00,MIA @ ORL,L,17.816666666666666,2.0,8.1,0.25,0.0,0.0,0.0,6.1,8.1,0.75,0.0,4.0,4.0,8.1,6.1,0.0,0.0,6.1,2.0,4.0,10.1,12.1,21.0,0,0,22.2,1,13222,1,13222,17699,21369,20119,20233,15070,20945,15070,2806,2461,8186,14058,13590,17210,2802,1343,12854,8263,215,15022,6202,18046,6742,20680,2246,150,19537,1,17:49
2024-25,1630183,Jaden McDaniels,Jaden,1610612750,MIN,Minnesota Timberwolves,0022400383,2024-12-21T00:00:00,MIN vs. GSW,L,35.11666666666667,4.1,12.3,0.333,1.0,4.1,0.25,1.0,2.1,0.5,5.1,2.1,7.2,2.1,1.0,1.0,0.0,0.0,4.1,1.0,10.3,-12.3,24.0,0,0,22.6,1,13222,1,13222,3373,16844,13075,17395,14395,15344,11902,13155,12574,10625,2262,19507,9791,16187,15670,11712,8263,8846,6835,17291,17900,18858,18956,2246,150,19321,1,35:07
2024-25,1628384,OG Anunoby,OG,1610612752,NYK,New York Knicks,0022400384,2024-12-21T00:00:00,NYK @ NOP,W,37.26833333333333,5.8,16.4,0.353,1.9,7.7,0.25,1.9,1.9,1.0,1.9,2.9,4.8,2.9,1.9,2.9,0.0,1.0,2.9,1.0,15.5,16.4,32.4,0,0,30.9,1,1,13086,1,1814,12123,6520,17268,10498,6945,11902,10861,12905,1,8702,17096,15227,13288,10891,3419,8263,8221,11204,17502,12459,5104,13042,2246,150,13242,1,37:16
2024-25,1641744,Zach Edey,Zach,1610612763,MEM,Memphis Grizzlies,0022400378,2024-12-21T00:00:00,MEM @ ATL,W,26.65,6.8,9.5,0.714,0.0,0.0,0.0,0.0,1.4,0.0,0.0,8.1,8.1,0.0,2.7,1.4,0.0,1.4,1.4,1.4,13.5,6.8,24.6,0,0,24.3,1,1,13086,1,10604,9548,18026,2752,15070,20945,15070,13505,13661,13505,14058,4556,8085,19908,7533,9185,8263,5397,17819,15675,14493,9262,18552,2246,150,18128,1,26:39
2024-25,1630170,Devin Vassell,Devin,1610612759,SAS,San Antonio Spurs,0022400386,2024-12-21T00:00:00,SAS vs. POR,W,23.233333333333334,7.7,15.5,0.5,0.0,6.2,0.0,1.5,1.5,1.0,0.0,6.2,6.2,0.0,1.5,3.1,0.0,0.0,3.1,1.5,17.0,29.4,32.2,0,0,29.4,1,1,13086,1,13518,7173,7829,8526,15070,10202,15070,11693,13440,1,14058,7896,11829,19908,12548,2932,8263,8846,10274,14806,10803,2044,13146,2246,150,14371,1,23:14
2024-25,1627763,Malcolm Brogdon,Malcolm,1610612764,WAS,Washington Wizards,0022400382,2024-12-21T00:00:00,WAS @ MIL,L,23.95,3.0,15.0,0.2,0.0,3.0,0.0,1.5,3.0,0.5,1.5,6.0,7.5,4.5,4.5,0.0,1.5,0.0,3.0,3.0,7.5,-31.6,23.3,0,0,22.5,1,13222,1,13222,12946,19401,8562,21401,15070,17626,15070,11791,9956,10625,10304,8293,9139,8629,2988,12854,4836,8846,10681,9218,20307,23976,19371,2246,150,19325,1,23:57
2024-25,1631101,Shaedon Sharpe,Shaedon,1610612757,POR,Portland Trail Blazers,0022400386,2024-12-21T00:00:00,POR @ SAS,L,30.516666666666666,13.0,18.9,0.688,3.5,7.1,0.5,0.0,1.2,0.0,0.0,3.5,3.5,0.0,1.2,1.2,0.0,1.2,1.2,2.4,29.5,-23.6,36.1,0,0,38.9,1,13222,1,13222,7300,1043,3868,3227,5062,8297,3944,13505,13923,13505,14058,15117,18470,19908,14586,10346,8263,6405,18655,11502,2266,22475,10299,2246,150,7428,1,30:31
2024-25,1630245,Ayo Dosunmu,Ayo,1610612741,CHI,Chicago Bulls,0022400381,2024-12-21T00:00:00,CHI vs. BOS,L,32.263333333333335,3.3,7.8,0.429,1.1,4.5,0.25,0.0,0.0,0.0,1.1,3.3,4.5,6.7,1.1,1.1,0.0,1.1,1.1,1.1,7.8,-11.2,25.4,0,0,22.3,1,13222,1,13222,5775,18644,20520,13735,13856,14537,11902,13505,14344,13505,12352,15645,16134,4435,15024,10890,8263,6904,19007,16840,20079,18390,17967,2246,150,19477,1,32:16
2024-25,1629640,Keldon Johnson,Keldon,1610612759,SAS,San Antonio Spurs,0022400386,2024-12-21T00:00:00,SAS vs. POR,W,20.566666666666666,8.8,21.0,0.417,1.8,7.0,0.25,0.0,0.0,0.0,0.0,3.5,3.5,1.8,0.0,0.0,1.8,0.0,0.0,0.0,19.3,8.8,31.3,0,0,29.8,1,1,13086,1,15592,5176,2329,14532,11251,8462,11902,13505,14344,13505,14058,15239,18547,17228,16469,12854,4165,8846,20257,17725,8592,8300,13799,2246,150,14130,1,20:34
2024-25,1627884,Derrick Jones Jr.,Derrick,1610612746,LAC,LA Clippers,0022400385,2024-12-21T00:00:00,LAC @ DAL,L,17.433333333333334,4.1,12.4,0.333,0.0,8.3,0.0,0.0,0.0,0.0,0.0,8.3,8.3,2.1,2.1,2.1,4.1,0.0,2.1,0.0,8.3,-6.2,37.8,0,0,31.0,1,13222,1,13222,17972,16772,12908,17395,15070,5984,15070,13505,14344,13505,14058,4337,7834,16136,10183,5932,848,8846,14781,17725,19691,16155,9167,2246,150,13188,1,17:26
2024-25,203994,Jusuf Nurkić,Jusuf,1610612756,PHX,Phoenix Suns,0022400387,2024-12-21T00:00:00,PHX vs. DET,L,25.133333333333333,5.7,10.0,0.571,0.0,0.0,0.0,2.9,2.9,1.0,1.4,8.6,10.0,8.6,0.0,2.9,0.0,1.4,5.7,2.9,14.3,-8.6,47.8,0,0,38.7,1,13222,1,13222,11883,12327,17005,6538,15070,20945,15070,8181,10320,1,10613,3945,5405,2347,16469,3498,8263,5053,3339,9711,13582,17228,4034,2246,150,7608,1,25:08
2024-25,1642258,Zaccharie Risacher,Zaccharie,1610612737,ATL,Atlanta Hawks,0022400378,2024-12-21T00:00:00,ATL vs. MEM,L,22.083333333333332,4.9,11.4,0.429,1.6,4.9,0.333,4.9,6.5,0.75,1.6,1.6,3.3,1.6,1.6,0.0,0.0,0.0,1.6,6.5,16.3,-1.6,21.0,0,0,22.8,1,13222,1,13222,14427,14694,14638,13735,11596,13461,9209,4203,3862,8186,9810,20606,19083,17574,12216,12854,8263,8846,16779,2065,11602,13850,20669,2246,150,19125,1,22:05
2024-25,201942,DeMar DeRozan,DeMar,1610612758,SAC,Sacramento Kings,0022400376,2024-12-21T00:00:00,SAC vs. LAL,L,37.35166666666667,3.9,9.6,0.4,1.0,1.9,0.5,2.9,2.9,1.0,1.9,1.9,3.9,2.9,1.9,1.9,0.0,0.0,1.9,1.9,11.6,5.8,24.4,0,0,23.1,1,13222,1,13222,1767,17434,17694,14933,14734,19692,3944,8116,10255,1,8716,19896,17694,13308,10915,6633,8263,8846,15538,13415,16604,9710,18690,2246,150,18911,1,37:21
2024-25,1628404,Josh Hart,Josh,1610612752,NYK,New York Knicks,0022400384,2024-12-21T00:00:00,NYK @ NOP,W,41.95,5.1,11.2,0.462,0.9,3.4,0.25,0.9,1.7,0.5,0.9,6.0,6.9,4.3,0.9,1.7,0.9,0.0,2.6,0.9,12.0,10.3,33.6,0,0,29.2,1,1,13086,1,258,13959,15090,12428,15025,16808,11902,13480,13285,10625,13988,8301,10398,9156,16415,7555,8179,8846,12518,17702,16116,7562,12154,2246,150,14566,1,41:57
2024-25,1631209,Isaiah Wong,Isaiah,1610612766,CHA,Charlotte Hornets,0022400373,2024-12-20T00:00:00,CHA @ PHI,L,15.6,9.2,16.2,0.571,2.3,4.6,0.5,4.6,9.2,0.5,2.3,0.0,2.3,9.2,4.6,0.0,0.0,4.6,2.3,9.2,25.4,4.6,37.4,0,0,39.2,1,13222,1,13222,19194,4306,6895,6538,8821,14160,3944,4654,1748,10625,7221,22137,21187,1847,2825,12854,8263,461,13612,586,4006,10331,9418,2246,150,7252,1,15:36
2024-25,1630178,Tyrese Maxey,Tyrese,1610612755,PHI,Philadelphia 76ers,0022400373,2024-12-20T00:00:00,PHI vs. CHA,W,37.65,8.6,17.2,0.5,3.8,10.5,0.364,1.0,1.9,0.5,0.0,3.8,3.8,5.7,1.9,1.0,1.0,0.0,1.0,3.8,22.0,15.3,39.0,0,0,39.2,1,1,13086,1,1602,5422,5562,8526,4372,2961,9100,13356,12948,10625,14058,14250,17765,5973,10979,12300,7773,8846,19929,6783,6225,5506,8396,2246,150,7269,1,37:39
2024-25,1626192,Pat Connaughton,Pat,1610612749,MIL,Milwaukee Bucks,0022400374,2024-12-20T00:00:00,MIL @ CLE,L,13.266666666666667,2.7,2.7,1.0,2.7,2.7,1.0,0.0,0.0,0.0,0.0,2.7,2.7,0.0,0.0,0.0,0.0,0.0,2.7,2.7,8.1,-10.9,11.4,0,0,13.6,1,13222,1,13222,20616,20053,24581,1,7499,18234,1,13505,14344,13505,14058,17657,20416,19908,16469,12854,8263,8846,11983,10280,19802,18253,24156,2246,150,23538,1,13:16
2024-25,203083,Andre Drummond,Andre,1610612755,PHI,Philadelphia 76ers,0022400373,2024-12-20T00:00:00,PHI vs. CHA,W,10.008333333333333,0.0,7.2,0.0,0.0,3.6,0.0,0.0,0.0,0.0,0.0,7.2,7.2,0.0,7.2,3.6,0.0,0.0,18.0,0.0,0.0,3.6,12.2,0,0,14.4,1,1,13086,1,22104,22635,21322,22635,15070,16447,15070,13505,14344,13505,14058,6011,9761,19908,817,2099,8263,8846,156,17725,23200,10856,23961,2246,150,23291,1,10:01
2024-25,1627747,Caris LeVert,Caris,1610612739,CLE,Cleveland Cavaliers,0022400374,2024-12-20T00:00:00,CLE vs. MIL,W,18.466666666666665,5.8,13.6,0.429,1.9,7.8,0.25,0.0,0.0,0.0,0.0,3.9,3.9,7.8,3.9,1.9,0.0,0.0,1.9,0.0,13.6,35.1,32.0,0,0,31.2,1,1,13086,1,17225,11959,10745,13735,10398,6797,11902,13505,14344,13505,14058,14027,17570,3081,4091,6503,8263,8846,15407,17725,14328,1390,13348,2246,150,13005,1,18:28
2024-25,1630696,Dru Smith,Dru,1610612748,MIA,Miami Heat,0022400375,2024-12-20T00:00:00,MIA vs. OKC,L,30.3,5.9,7.1,0.833,3.6,4.8,0.75,0.0,0.0,0.0,0.0,0.0,0.0,4.8,3.6,2.4,1.2,0.0,3.6,0.0,15.4,-10.7,29.7,0,0,30.9,1,13222,1,13222,7493,11679,21403,1514,4998,13827,1542,13505,14344,13505,14058,22137,23286,8044,4866,4775,6251,8846,8547,17725,12465,18177,15028,2246,150,13258,1,30:18
2024-25,202684,Tristan Thompson,Tristan,1610612739,CLE,Cleveland Cavaliers,0022400374,2024-12-20T00:00:00,CLE vs. MIL,W,9.216666666666667,0.0,11.7,0.0,0.0,0.0,0.0,7.8,7.8,1.0,7.8,15.6,23.4,0.0,0.0,0.0,0.0,0.0,0.0,3.9,7.8,-39.1,35.9,0,0,31.2,1,1,13086,1,22375,22635,14073,22635,15070,20945,15070,1500,2655,1,841,479,248,19908,16469,12854,8263,8846,20257,6546,20076,24778,10406,2246,150,12965,1,9:13
2024-25,1629610,DaQuan Jeffries,DaQuan,1610612766,CHA,Charlotte Hornets,0022400373,2024-12-20T00:00:00,CHA @ PHI,L,29.626666666666665,6.1,10.9,0.556,2.4,4.9,0.5,0.0,0.0,0.0,1.2,4.9,6.1,1.2,0.0,1.2,1.2,0.0,3.6,1.2,14.6,7.3,31.0,0,0,29.2,1,13222,1,13222,8123,11296,15467,7248,8368,13533,3944,13505,14344,13505,11692,11256,12105,18967,16469,10050,6082,8846,8279,16326,13314,8991,14069,2246,150,14574,1,29:38
2024-25,1630198,Isaiah Joe,Isaiah,1610612760,OKC,Oklahoma City Thunder,0022400375,2024-12-20T00:00:00,OKC @ MIA,W,16.08,2.2,13.4,0.167,2.2,11.2,0.2,0.0,0.0,0.0,0.0,4.5,4.5,0.0,0.0,0.0,0.0,0.0,2.2,0.0,6.7,22.4,12.1,0,0,13.4,1,1,13086,1,18878,20969,11107,21938,9088,2335,13429,13505,14344,13505,14058,12316,16102,19908,16469,12854,8263,8846,13931,17725,20912,3384,23983,2246,150,23575,1,16:05
2024-25,1629130,Duncan Robinson,Duncan,1610612748,MIA,Miami Heat,0022400375,2024-12-20T00:00:00,MIA vs. OKC,L,30.516666666666666,4.7,16.5,0.286,3.5,13.0,0.273,2.4,2.4,1.0,0.0,3.5,3.5,7.1,0.0,0.0,0.0,1.2,1.2,2.4,15.3,-3.5,30.2,0,0,29.5,1,13222,1,13222,7300,15195,6400,19630,5062,1309,11838,9425,11598,1,14058,15117,18470,3915,16469,12854,8263,6405,18655,11502,12586,14817,14666,2246,150,14329,1,30:31
2024-25,201569,Eric Gordon,Eric,1610612755,PHI,Philadelphia 76ers,0022400373,2024-12-20T00:00:00,PHI vs. CHA,W,16.016666666666666,2.2,6.7,0.333,0.0,4.5,0.0,0.0,0.0,0.0,0.0,4.5,4.5,4.5,0.0,4.5,0.0,0.0,0.0,0.0,4.5,-29.2,30.1,0,0,22.5,1,1,13086,1,18915,20951,21842,17395,15070,14436,15070,13505,14344,13505,14058,12273,16063,8664,16469,1227,8263,8846,20257,17725,22295,23617,14724,2246,150,19377,1,16:01
2024-25,202331,Paul George,Paul,1610612755,PHI,Philadelphia 76ers,0022400373,2024-12-20T00:00:00,PHI vs. CHA,W,38.65,1.9,11.2,0.167,0.9,6.5,0.143,0.0,0.0,0.0,1.9,7.5,9.3,7.5,1.9,2.8,0.9,1.9,3.7,0.9,4.7,4.7,36.3,0,0,29.8,1,1,13086,1,1035,21639,15059,21938,14866,9506,14649,13505,14344,13505,8979,5582,6301,3458,11260,3700,7945,3701,7981,17600,22210,10309,10137,2246,150,14094,1,38:39
2024-25,1628392,Isaiah Hartenstein,Isaiah,1610612760,OKC,Oklahoma City Thunder,0022400375,2024-12-20T00:00:00,OKC @ MIA,W,33.81666666666667,4.3,6.4,0.667,0.0,0.0,0.0,5.3,8.5,0.625,5.3,13.8,19.2,2.1,0.0,1.1,0.0,0.0,4.3,4.3,13.8,4.3,43.2,1,0,37.3,1,1,13086,1,4424,16440,22226,3281,15070,20945,15070,3625,2178,10271,2073,798,656,15899,16469,11347,8263,8846,6407,5704,14110,10513,6027,1,150,8538,1,33:49
2024-25,1627936,Alex Caruso,Alex,1610612760,OKC,Oklahoma City Thunder,0022400375,2024-12-20T00:00:00,OKC @ MIA,W,25.47,2.8,7.1,0.4,0.0,2.8,0.0,0.0,0.0,0.0,1.4,2.8,4.2,7.1,2.8,2.8,2.8,0.0,0.0,1.4,5.7,-4.2,35.5,0,0,28.3,1,1,13086,1,11611,19824,21479,14933,15070,18001,15070,13505,14344,13505,10687,17310,16706,3934,7121,3613,1915,8846,20257,15392,21627,15196,10748,2246,150,15235,1,25:28
2024-25,1626179,Terry Rozier,Terry,1610612748,MIA,Miami Heat,0022400375,2024-12-20T00:00:00,MIA vs. OKC,L,23.4,4.6,15.4,0.3,1.5,6.2,0.25,0.0,0.0,0.0,1.5,4.6,6.2,3.1,1.5,1.5,1.5,1.5,1.5,0.0,10.8,3.1,30.5,0,0,27.7,1,13222,1,13222,13381,15447,7983,19363,11900,10307,11902,13505,14344,13505,10163,11943,11931,12675,12586,8243,4729,4630,17089,17725,17398,11076,14445,2246,150,15637,1,23:24
2024-25,202710,Jimmy Butler III,Jimmy,1610612748,MIA,Miami Heat,0022400375,2024-12-20T00:00:00,MIA vs. OKC,L,7.316666666666666,0.0,0.0,0.0,0.0,0.0,0.0,0.0,0.0,0.0,0.0,0.0,0.0,9.8,0.0,0.0,0.0,0.0,0.0,0.0,0.0,-14.8,14.8,0,0,9.8,1,13222,1,13222,23056,22635,24836,22635,15070,20945,15070,13505,14344,13505,14058,22137,23286,1513,16469,12854,8263,8846,20257,17725,23200,19808,23254,2246,150,24458,1,7:19
2024-25,1642281,Jaylon Tyson,Jaylon,1610612739,CLE,Cleveland Cavaliers,0022400374,2024-12-20T00:00:00,CLE vs. MIL,W,9.216666666666667,0.0,3.9,0.0,0.0,3.9,0.0,0.0,0.0,0.0,0.0,0.0,0.0,0.0,11.7,0.0,0.0,0.0,3.9,0.0,0.0,-39.1,-11.7,0,0,0.0,1,1,13086,1,22375,22635,24131,22635,15070,15771,15070,13505,14344,13505,14058,22137,23286,19908,216,12854,8263,8846,7424,17725,23200,24778,26239,2246,150,25259,1,9:13
2024-25,1628386,Jarrett Allen,Jarrett,1610612739,CLE,Cleveland Cavaliers,0022400374,2024-12-20T00:00:00,CLE vs. MIL,W,24.666666666666668,7.3,8.8,0.833,0.0,0.0,0.0,0.0,0.0,0.0,1.5,13.1,14.6,0.0,1.5,2.9,0.0,0.0,1.5,2.9,14.6,23.4,39.4,1,0,35.0,1,1,13086,1,12303,8225,19088,1514,15070,20945,15070,13505,14344,13505,10490,972,1962,19908,12959,3350,8263,8846,17401,9526,13291,3177,8125,1,150,10070,1,24:40
2024-25,1631260,AJ Green,AJ,1610612749,MIL,Milwaukee Bucks,0022400374,2024-12-20T00:00:00,MIL @ CLE,L,16.616666666666667,0.0,8.7,0.0,0.0,6.5,0.0,0.0,0.0,0.0,0.0,2.2,2.2,8.7,0.0,2.2,2.2,0.0,2.2,0.0,0.0,-43.3,28.6,0,0,19.5,1,13222,1,13222,18517,22635,19244,22635,15070,9549,15070,13505,14344,13505,14058,19166,21481,2295,16469,5520,3026,8846,14263,17725,23200,25082,15800,2246,150,21149,1,16:37
2024-25,1631170,Jaime Jaquez Jr.,Jaime,1610612748,MIA,Miami Heat,0022400375,2024-12-20T00:00:00,MIA vs. OKC,L,30.05,3.6,9.6,0.375,0.0,3.6,0.0,3.6,4.8,0.75,0.0,7.2,7.2,0.0,2.4,1.2,0.0,0.0,6.0,3.6,10.8,-6.0,20.6,0,0,20.4,1,13222,1,13222,7740,18094,17806,16299,15070,16454,15070,6498,6311,8186,14058,6023,9772,19908,8673,10184,8263,8846,2963,7400,17388,16053,20895,2246,150,20650,1,30:03
2024-25,201567,Kevin Love,Kevin,1610612748,MIA,Miami Heat,0022400375,2024-12-20T00:00:00,MIA vs. OKC,L,3.4,0.0,0.0,0.0,0.0,0.0,0.0,0.0,0.0,0.0,0.0,0.0,0.0,0.0,10.6,0.0,0.0,0.0,0.0,0.0,0.0,-84.7,-10.6,0,0,0.0,1,13222,1,13222,24770,22635,24836,22635,15070,20945,15070,13505,14344,13505,14058,22137,23286,19908,287,12854,8263,8846,20257,17725,23200,26049,26227,2246,150,25259,1,3:24
2024-25,1630596,Evan Mobley,Evan,1610612739,CLE,Cleveland Cavaliers,0022400374,2024-12-20T00:00:00,CLE vs. MIL,W,27.216666666666665,7.9,13.2,0.6,0.0,2.6,0.0,4.0,4.0,1.0,2.6,6.6,9.3,5.3,2.6,0.0,0.0,0.0,2.6,5.3,19.8,27.8,36.2,0,0,34.4,1,1,13086,1,10176,6772,11438,5394,15070,18365,15070,5751,7903,1,6231,7071,6375,6845,7718,12854,8263,8846,12255,3644,8037,2303,10205,2246,150,10533,1,27:13
2024-25,201572,Brook Lopez,Brook,1610612749,MIL,Milwaukee Bucks,0022400374,2024-12-20T00:00:00,MIL @ CLE,L,24.15,6.0,8.9,0.667,3.0,4.5,0.667,0.0,0.0,0.0,3.0,6.0,8.9,1.5,1.5,0.0,3.0,0.0,1.5,0.0,14.9,-31.3,35.3,0,0,34.3,1,13222,1,13222,12762,11622,18801,3281,6585,14513,1957,13505,14344,13505,5389,8420,6827,18014,12789,12854,1727,8846,17260,17725,13008,23931,10848,2246,150,10617,1,24:09
2024-25,1630182,Josh Green,Josh,1610612766,CHA,Charlotte Hornets,0022400373,2024-12-20T00:00:00,CHA @ PHI,L,32.50833333333333,2.2,4.4,0.5,0.0,1.1,0.0,0.0,0.0,0.0,1.1,2.2,3.3,0.0,3.3,1.1,0.0,0.0,4.4,2.2,4.4,-6.6,8.4,0,0,10.0,1,13222,1,13222,5552,21010,23841,8526,15070,20737,15070,13505,14344,13505,12414,19031,18944,19908,5447,10960,8263,8846,5942,12101,22331,16358,24643,2246,150,24430,1,32:31
2024-25,203114,Khris Middleton,Khris,1610612749,MIL,Milwaukee Bucks,0022400374,2024-12-20T00:00:00,MIL @ CLE,L,19.033333333333335,9.5,22.7,0.417,1.9,3.8,0.5,5.7,9.5,0.6,1.9,3.8,5.7,5.7,3.8,0.0,0.0,0.0,3.8,3.8,26.5,-11.3,38.0,0,0,39.7,1,13222,1,13222,16794,3944,1503,14532,10672,16035,3944,3215,1628,10343,8854,14381,13097,6089,4368,12854,8263,8846,7797,6899,3442,18455,9015,2246,150,6940,1,19:02
2024-25,200768,Kyle Lowry,Kyle,1610612755,PHI,Philadelphia 76ers,0022400373,2024-12-20T00:00:00,PHI vs. CHA,W,12.5,0.0,0.0,0.0,0.0,0.0,0.0,0.0,0.0,0.0,0.0,2.9,2.9,2.9,0.0,2.9,0.0,0.0,8.6,0.0,0.0,0.0,16.4,0,0,11.5,1,1,13086,1,20992,22635,24836,22635,15070,20945,15070,13505,14344,13505,14058,17149,20041,13346,16469,3462,8263,8846,1078,17725,23200,12240,22693,2246,150,24107,1,12:30
2024-25,1629622,Max Strus,Max,1610612739,CLE,Cleveland Cavaliers,0022400374,2024-12-20T00:00:00,CLE vs. MIL,W,19.116666666666667,5.6,15.1,0.375,5.6,15.1,0.375,0.0,0.0,0.0,0.0,0.0,0.0,3.8,0.0,0.0,0.0,0.0,3.8,0.0,16.9,37.7,22.6,0,0,26.4,1,1,13086,1,16737,12561,8496,16299,1612,678,8800,13505,14344,13505,14058,22137,23286,10603,16469,12854,8263,8846,7854,17725,10905,1147,19816,2246,150,16655,1,19:07
2024-25,1631107,Nikola Jović,Nikola,1610612748,MIA,Miami Heat,0022400375,2024-12-20T00:00:00,MIA vs. OKC,L,19.4,3.7,13.0,0.286,1.9,7.4,0.25,3.7,5.6,0.667,0.0,1.9,1.9,0.0,3.7,0.0,0.0,0.0,3.7,7.4,13.0,-5.6,11.5,0,0,16.7,1,13222,1,13222,16499,17803,11872,19630,10850,7554,11902,6264,5090,9425,14058,20093,22074,19908,4532,12854,8263,8846,8032,1368,15100,15868,24131,2246,150,22425,1,19:24
2024-25,1628970,Miles Bridges,Miles,1610612766,CHA,Charlotte Hornets,0022400373,2024-12-20T00:00:00,CHA @ PHI,L,28.733333333333334,5.0,16.3,0.308,1.3,8.8,0.143,7.5,7.5,1.0,1.3,7.5,8.8,1.3,6.3,1.3,2.5,2.5,2.5,5.0,18.8,-23.8,36.2,0,0,37.6,1,13222,1,13222,8889,14354,6707,19226,13084,5153,14649,1655,2891,1,11470,5465,7072,18833,1239,9784,2369,2036,12777,4094,9042,22525,10231,2246,150,8302,1,28:44
2024-25,1642349,Ajay Mitchell,Ajay,1610612760,OKC,Oklahoma City Thunder,0022400375,2024-12-20T00:00:00,OKC @ MIA,W,13.333333333333334,2.7,5.4,0.5,0.0,2.7,0.0,0.0,0.0,0.0,2.7,5.4,8.1,2.7,8.1,0.0,0.0,0.0,5.4,0.0,5.4,-40.5,11.1,0,0,16.2,1,1,13086,1,20575,20089,23178,8526,15070,18262,15070,13505,14344,13505,6104,9783,8098,13907,567,12854,8263,8846,3851,17725,21795,24880,24231,2246,150,22634,1,13:20
2024-25,1629312,Haywood Highsmith,Haywood,1610612748,MIA,Miami Heat,0022400375,2024-12-20T00:00:00,MIA vs. OKC,L,24.15,1.5,4.5,0.333,1.5,4.5,0.333,0.0,0.0,0.0,0.0,7.5,7.5,0.0,4.5,1.5,0.0,0.0,1.5,0.0,4.5,-13.4,13.4,0,0,16.4,1,13222,1,13222,12762,22181,23821,17395,12074,14513,9209,13505,14344,13505,14058,5578,9263,19908,3038,8451,8263,8846,17260,17725,22307,19273,23656,2246,150,22552,1,24:09
2024-25,1641741,Ricky Council IV,Ricky,1610612755,PHI,Philadelphia 76ers,0022400373,2024-12-20T00:00:00,PHI vs. CHA,W,12.5,11.5,14.4,0.8,2.9,2.9,1.0,5.8,5.8,1.0,2.9,2.9,5.8,0.0,2.9,2.9,0.0,0.0,8.6,2.9,31.7,-20.2,44.4,0,0,46.1,1,1,13086,1,20992,1856,9521,1688,6939,17898,1,3123,4801,1,5640,17149,12868,19908,6918,3462,8263,8846,1078,9658,1588,21593,5494,2246,150,3789,1,12:30
2024-25,1630208,Nick Richards,Nick,1610612766,CHA,Charlotte Hornets,0022400373,2024-12-20T00:00:00,CHA @ PHI,L,29.54,4.9,8.5,0.571,0.0,0.0,0.0,2.4,4.9,0.5,2.4,4.9,7.3,3.7,3.7,0.0,1.2,2.4,3.7,3.7,12.2,-17.1,26.4,0,0,25.6,1,13222,1,13222,8191,14731,19447,6538,15070,20945,15070,9225,6161,10625,6816,11226,9548,10920,4665,12854,6061,2142,8241,7248,15932,20652,17326,2246,150,17214,1,29:32
2024-25,1629636,Darius Garland,Darius,1610612739,CLE,Cleveland Cavaliers,0022400374,2024-12-20T00:00:00,CLE vs. MIL,W,24.666666666666668,8.8,21.9,0.4,5.8,8.8,0.667,0.0,0.0,0.0,2.9,2.9,5.8,7.3,4.4,1.5,0.0,2.9,0.0,0.0,23.4,23.4,41.3,0,0,45.2,1,1,13086,1,12303,5163,1869,14933,1440,5169,1957,13505,14344,13505,5540,17017,12673,3616,3178,8582,8263,1428,20257,17725,5237,3177,6990,2246,150,4133,1,24:40
2024-25,1629652,Luguentz Dort,Luguentz,1610612760,OKC,Oklahoma City Thunder,0022400375,2024-12-20T00:00:00,OKC @ MIA,W,32.333333333333336,5.6,7.8,0.714,4.5,5.6,0.8,0.0,0.0,0.0,1.1,0.0,1.1,0.0,0.0,2.2,0.0,0.0,5.6,1.1,15.6,11.1,23.6,0,0,25.6,1,1,13086,1,5701,12799,20542,2752,3144,11801,1389,13505,14344,13505,12371,22137,23064,19908,16469,5284,8263,8846,3599,16851,12340,7171,19203,2246,150,17205,1,32:20
2024-25,1628389,Bam Adebayo,Bam,1610612748,MIA,Miami Heat,0022400375,2024-12-20T00:00:00,MIA vs. OKC,L,35.833333333333336,7.0,11.1,0.636,0.0,1.0,0.0,3.0,6.0,0.5,3.0,7.0,10.0,1.0,6.0,1.0,1.0,0.0,2.0,6.0,17.1,5.0,30.6,1,0,32.1,1,13222,1,13222,2802,8853,15279,4689,15070,20857,15070,7764,4431,10625,5301,6307,5374,19665,1361,11915,7455,8846,15087,2580,10771,10094,14316,1,150,12263,1,35:50
2024-25,1630231,KJ Martin,KJ,1610612755,PHI,Philadelphia 76ers,0022400373,2024-12-20T00:00:00,PHI vs. CHA,W,28.45,1.3,2.5,0.5,0.0,0.0,0.0,0.0,0.0,0.0,1.3,2.5,3.8,0.0,1.3,2.5,2.5,1.3,1.3,1.3,2.5,25.3,21.0,0,0,16.4,1,1,13086,1,9165,22435,24635,8526,15070,20945,15070,13505,14344,13505,11387,18106,17829,19908,14000,4302,2318,5837,18191,16057,23069,2746,20684,2246,150,22527,1,28:27
2024-25,1626162,Kelly Oubre Jr.,Kelly,1610612755,PHI,Philadelphia 76ers,0022400373,2024-12-20T00:00:00,PHI vs. CHA,W,38.96666666666667,7.4,9.2,0.8,3.7,5.5,0.667,1.8,2.8,0.667,0.9,3.7,4.6,1.8,0.0,0.9,0.0,0.0,1.8,2.8,20.3,11.1,31.4,0,0,32.3,1,1,13086,1,895,8033,18346,1688,4713,11864,1957,11123,10554,9425,13814,14647,15773,16938,16469,12542,8263,8846,15951,10070,7637,7200,13739,2246,150,12121,1,38:58
2024-25,1630649,Stanley Umude,Stanley,1610612749,MIL,Milwaukee Bucks,0022400374,2024-12-20T00:00:00,MIL @ CLE,L,7.15,0.0,5.0,0.0,0.0,0.0,0.0,0.0,0.0,0.0,0.0,15.1,15.1,5.0,0.0,5.0,0.0,0.0,0.0,0.0,0.0,35.2,40.8,0,0,30.2,1,13222,1,13222,23111,22635,23439,22635,15070,20945,15070,13505,14344,13505,14058,546,1722,7388,16469,881,8263,8846,20257,17725,23200,1370,7287,2246,150,13788,1,7:09
2024-25,203995,Vasilije Micić,Vasilije,1610612766,CHA,Charlotte Hornets,0022400373,2024-12-20T00:00:00,CHA @ PHI,L,33.111666666666665,7.6,15.2,0.5,3.3,8.7,0.375,3.3,3.3,1.0,0.0,1.1,1.1,4.3,1.1,0.0,0.0,0.0,0.0,3.3,21.7,-9.8,28.5,0,0,30.4,1,13222,1,13222,5064,7483,8213,8526,5779,5275,8800,7182,9402,1,14058,21784,23100,9011,15221,12854,8263,8846,20257,8377,6428,17787,15884,2246,150,13591,1,33:07
2024-25,1627824,Guerschon Yabusele,Guerschon,1610612755,PHI,Philadelphia 76ers,0022400373,2024-12-20T00:00:00,PHI vs. CHA,W,13.775,10.5,18.3,0.571,0.0,2.6,0.0,2.6,5.2,0.5,7.8,5.2,13.1,5.2,5.2,0.0,0.0,2.6,2.6,5.2,23.5,-5.2,41.8,0,0,41.8,1,1,13086,1,20319,2756,4379,6538,15070,18422,15070,8773,5558,10625,834,10219,2763,6988,2091,12854,8263,1858,12377,3732,5113,15708,6720,2246,150,5749,1,13:47
2024-25,1626171,Bobby Portis,Bobby,1610612749,MIL,Milwaukee Bucks,0022400374,2024-12-20T00:00:00,MIL @ CLE,L,20.216666666666665,7.1,16.0,0.444,1.8,3.6,0.5,0.0,0.0,0.0,1.8,3.6,5.3,3.6,1.8,1.8,0.0,0.0,7.1,0.0,16.0,-35.6,31.3,0,0,30.3,1,13222,1,13222,15849,8651,7081,13045,11144,16526,3944,13505,14344,13505,9317,15049,13931,11207,11634,7329,8263,8846,1876,17725,11897,24475,13793,2246,150,13739,1,20:13
2024-25,1641857,Liam Robbins,Liam,1610612749,MIL,Milwaukee Bucks,0022400374,2024-12-20T00:00:00,MIL @ CLE,L,9.216666666666667,0.0,3.9,0.0,0.0,0.0,0.0,0.0,0.0,0.0,3.9,3.9,7.8,3.9,3.9,3.9,3.9,0.0,3.9,0.0,0.0,39.1,34.8,0,0,27.3,1,13222,1,13222,22375,22635,24131,22635,15070,20945,15070,13505,14344,13505,3714,14004,8592,10210,4074,1735,966,8846,7424,17725,23200,1036,11230,2246,150,15905,1,9:13
2024-25,1626153,Delon Wright,Delon,1610612749,MIL,Milwaukee Bucks,0022400374,2024-12-20T00:00:00,MIL @ CLE,L,17.033333333333335,2.1,8.5,0.25,0.0,4.2,0.0,0.0,0.0,0.0,2.1,2.1,4.2,4.2,2.1,4.2,0.0,0.0,4.2,0.0,4.2,10.6,26.2,0,0,21.1,1,13222,1,13222,18234,21219,19565,20233,15070,15058,15070,13505,14344,13505,7908,19324,16736,9320,9938,1436,8263,8846,6480,17725,22450,7438,17474,2246,150,20198,1,17:02
2024-25,1628998,Cody Martin,Cody,1610612766,CHA,Charlotte Hornets,0022400373,2024-12-20T00:00:00,CHA @ PHI,L,20.278333333333332,8.9,17.8,0.5,1.8,5.3,0.333,0.0,0.0,0.0,0.0,8.9,8.9,5.3,1.8,3.6,0.0,0.0,3.6,0.0,19.5,-24.9,47.0,0,0,42.6,1,13222,1,13222,15805,4923,4951,8526,11168,12402,9209,13505,14344,13505,14058,3632,6920,6773,11649,2174,8263,8846,8603,17725,8335,22778,4297,2246,150,5350,1,20:17
2024-25,1631217,Moussa Diabaté,Moussa,1610612766,CHA,Charlotte Hornets,0022400373,2024-12-20T00:00:00,CHA @ PHI,L,18.46,3.9,7.8,0.5,0.0,0.0,0.0,5.9,7.8,0.75,5.9,7.8,13.7,0.0,2.0,0.0,0.0,0.0,3.9,5.9,13.7,7.8,28.1,0,0,27.3,1,13222,1,13222,17243,17321,20531,8526,15070,20945,15070,3025,2666,8186,1709,5009,2410,19908,10781,12854,8263,8846,7446,2817,14322,8730,16153,2246,150,15943,1,18:28
2024-25,1630699,MarJon Beauchamp,MarJon,1610612749,MIL,Milwaukee Bucks,0022400374,2024-12-20T00:00:00,MIL @ CLE,L,12.0,9.0,12.0,0.75,3.0,3.0,1.0,3.0,6.0,0.5,0.0,12.0,12.0,3.0,9.0,0.0,0.0,0.0,3.0,3.0,24.0,12.0,33.9,0,0,42.0,1,13222,1,13222,21228,4700,13575,2107,6500,17643,1,7799,4464,10625,14058,1347,3485,12925,421,12854,8263,8846,10710,9236,4793,6794,11891,2246,150,5645,1,12:00
2024-25,1642275,Tidjane Salaün,Tidjane,1610612766,CHA,Charlotte Hornets,0022400373,2024-12-20T00:00:00,CHA @ PHI,L,23.533333333333335,4.6,12.2,0.375,3.1,7.6,0.4,0.0,0.0,0.0,6.1,6.1,12.2,7.6,1.5,3.1,0.0,0.0,3.1,1.5,12.2,4.6,46.0,0,0,41.3,1,13222,1,13222,13284,15526,13199,16299,6323,7081,7874,13505,14344,13505,1554,8056,3318,3226,12614,3028,8263,8846,10438,14875,15886,10345,4729,2246,150,6026,1,23:32
2024-25,1627752,Taurean Prince,Taurean,1610612749,MIL,Milwaukee Bucks,0022400374,2024-12-20T00:00:00,MIL @ CLE,L,25.033333333333335,2.9,5.8,0.5,1.4,4.3,0.333,0.0,0.0,0.0,1.4,2.9,4.3,2.9,5.8,1.4,0.0,0.0,2.9,0.0,7.2,-27.3,15.2,0,0,18.7,1,13222,1,13222,11975,19720,22862,8526,12301,14874,9209,13505,14344,13505,10583,17161,16495,13354,1605,8709,8263,8846,11291,17725,20565,23297,23104,2246,150,21540,1,25:02
2024-25,1627777,Georges Niang,Georges,1610612739,CLE,Cleveland Cavaliers,0022400374,2024-12-20T00:00:00,CLE vs. MIL,W,16.65,4.3,8.6,0.5,2.2,4.3,0.5,0.0,0.0,0.0,0.0,4.3,4.3,2.2,0.0,2.2,0.0,0.0,0.0,2.2,10.8,28.1,25.7,0,0,23.8,1,1,13086,1,18502,16264,19277,8526,9388,14851,3944,13505,14344,13505,14058,12733,16475,15756,16469,5538,8263,8846,20257,12334,17360,2248,17796,2246,150,18477,1,16:39
2024-25,1630598,Aaron Wiggins,Aaron,1610612760,OKC,Oklahoma City Thunder,0022400375,2024-12-20T00:00:00,OKC @ MIA,W,13.233333333333333,2.7,8.2,0.333,2.7,8.2,0.333,0.0,0.0,0.0,0.0,8.2,8.2,0.0,0.0,0.0,0.0,0.0,0.0,0.0,8.2,5.4,18.0,0,0,19.0,1,1,13086,1,20639,20039,20002,17395,7475,6153,9209,13505,14344,13505,14058,4470,7987,19908,16469,12854,8263,8846,20257,17725,19779,9870,22112,2246,150,21374,1,13:14
2024-25,1641854,Craig Porter Jr.,Craig,1610612739,CLE,Cleveland Cavaliers,0022400374,2024-12-20T00:00:00,CLE vs. MIL,W,7.7,0.0,0.0,0.0,0.0,0.0,0.0,0.0,0.0,0.0,0.0,4.7,4.7,4.7,0.0,0.0,0.0,0.0,0.0,0.0,0.0,-37.4,12.6,0,0,9.4,1,1,13086,1,22922,22635,24836,22635,15070,20945,15070,13505,14344,13505,14058,11780,15624,8242,16469,12854,8263,8846,20257,17725,23200,24649,23862,2246,150,24546,1,7:42
2024-25,1630241,Sam Merrill,Sam,1610612739,CLE,Cleveland Cavaliers,0022400374,2024-12-20T00:00:00,CLE vs. MIL,W,19.15,3.8,11.3,0.333,1.9,9.4,0.2,0.0,0.0,0.0,0.0,5.6,5.6,1.9,3.8,0.0,0.0,1.9,0.0,3.8,9.4,0.0,15.2,0,0,18.8,1,1,13086,1,16714,17676,14865,17395,10716,4257,13429,13505,14344,13505,14058,9190,13173,16816,4416,12854,8263,3628,20257,6961,18726,12240,23108,2246,150,21479,1,19:09
2024-25,1629018,Gary Trent Jr.,Gary,1610612749,MIL,Milwaukee Bucks,0022400374,2024-12-20T00:00:00,MIL @ CLE,L,18.466666666666665,5.8,9.7,0.6,1.9,5.8,0.333,1.9,1.9,1.0,0.0,1.9,1.9,0.0,1.9,1.9,0.0,0.0,0.0,0.0,15.6,-39.0,21.8,0,0,23.4,1,13222,1,13222,17225,11959,17477,5394,10398,11081,9209,10803,12860,1,14058,19824,21906,19908,10782,6503,8263,8846,20257,17725,12324,24773,20241,2246,150,18738,1,18:28
2024-25,203552,Seth Curry,Seth,1610612766,CHA,Charlotte Hornets,0022400373,2024-12-20T00:00:00,CHA @ PHI,L,8.608333333333333,0.0,8.4,0.0,0.0,4.2,0.0,0.0,0.0,0.0,0.0,4.2,4.2,4.2,0.0,0.0,0.0,0.0,0.0,0.0,0.0,-12.5,11.3,0,0,8.4,1,13222,1,13222,22596,22635,19695,22635,15070,15157,15070,13505,14344,13505,14058,13157,16848,9432,16469,12854,8263,8846,20257,17725,23200,18964,24181,2246,150,24704,1,8:37
2024-25,1641717,Cason Wallace,Cason,1610612760,OKC,Oklahoma City Thunder,0022400375,2024-12-20T00:00:00,OKC @ MIA,W,22.883333333333333,1.6,3.1,0.5,0.0,0.0,0.0,0.0,0.0,0.0,0.0,3.1,3.1,6.3,1.6,0.0,3.1,1.6,1.6,0.0,3.1,-1.6,24.2,0,0,18.9,1,1,13086,1,13803,22070,24442,8526,15070,20945,15070,13505,14344,13505,14058,16281,19381,5036,12450,12854,1527,4513,16948,17725,22910,13828,18784,2246,150,21442,1,22:53
2024-25,1641748,Andre Jackson Jr.,Andre,1610612749,MIL,Milwaukee Bucks,0022400374,2024-12-20T00:00:00,MIL @ CLE,L,15.4,0.0,11.7,0.0,0.0,9.4,0.0,0.0,0.0,0.0,2.3,2.3,4.7,2.3,2.3,0.0,0.0,0.0,0.0,0.0,0.0,-37.4,6.8,0,0,7.0,1,13222,1,13222,19307,22635,14142,22635,15070,4303,15070,13505,14344,13505,7127,18661,15624,15092,8912,12854,8263,8846,20257,17725,23200,24649,24838,2246,150,24891,1,15:24
2024-25,203507,Giannis Antetokounmpo,Giannis,1610612749,MIL,Milwaukee Bucks,0022400374,2024-12-20T00:00:00,MIL @ CLE,L,30.416666666666668,15.4,26.0,0.591,1.2,1.2,1.0,7.1,11.8,0.6,2.4,14.2,16.6,3.6,5.9,3.6,0.0,0.0,2.4,7.1,39.1,-22.5,69.0,1,0,67.5,1,13222,1,13222,7392,436,638,6217,13455,20642,1,1939,801,10343,7023,718,1244,11246,1439,2172,8263,8846,13358,1580,514,22219,476,1,150,388,1,30:25
2024-25,1629660,Ty Jerome,Ty,1610612739,CLE,Cleveland Cavaliers,0022400374,2024-12-20T00:00:00,CLE vs. MIL,W,15.783333333333333,11.4,22.8,0.5,6.8,16.0,0.429,0.0,0.0,0.0,4.6,4.6,9.1,9.1,4.6,4.6,0.0,2.3,0.0,0.0,29.7,-2.3,63.4,0,0,63.9,1,1,13086,1,19079,1931,1449,8526,820,529,7394,13505,14344,13505,2857,12095,6550,1921,2911,1186,8263,2468,20257,17725,2214,14195,845,2246,150,534,1,15:47
2024-25,203954,Joel Embiid,Joel,1610612755,PHI,Philadelphia 76ers,0022400373,2024-12-20T00:00:00,PHI vs. CHA,W,31.483333333333334,13.7,27.4,0.5,2.3,4.6,0.5,9.1,10.3,0.889,3.4,2.3,5.7,10.3,4.6,2.3,2.3,0.0,1.1,8.0,38.9,20.6,70.3,0,0,66.3,1,1,13086,1,6421,782,448,8526,8901,14259,3944,954,1258,6857,4483,18803,12973,1288,2891,5087,2770,8846,18847,1017,529,3787,421,2246,150,424,1,31:29
2024-25,1629026,Kenrich Williams,Kenrich,1610612760,OKC,Oklahoma City Thunder,0022400375,2024-12-20T00:00:00,OKC @ MIA,W,9.566666666666666,7.5,18.8,0.4,3.8,7.5,0.5,0.0,0.0,0.0,3.8,7.5,11.3,15.1,3.8,3.8,0.0,0.0,7.5,0.0,18.8,48.9,62.5,0,0,56.4,1,1,13086,1,22255,7695,3915,14933,4541,7334,3944,13505,14344,13505,3944,5444,4149,289,4408,1892,8263,8846,1621,17725,9018,582,921,2246,150,1240,1,9:34
2024-25,1631157,Ryan Rollins,Ryan,1610612749,MIL,Milwaukee Bucks,0022400374,2024-12-20T00:00:00,MIL @ CLE,L,12.0,12.0,21.0,0.571,3.0,6.0,0.5,0.0,0.0,0.0,0.0,0.0,0.0,6.0,0.0,9.0,0.0,0.0,0.0,0.0,27.0,12.0,63.0,0,0,54.0,1,13222,1,13222,21228,1516,2332,6538,6500,10684,3944,13505,14344,13505,14058,22137,23286,5485,16469,146,8263,8846,20257,17725,3208,6794,875,2246,150,1619,1,12:00
2024-25,1628378,Donovan Mitchell,Donovan,1610612739,CLE,Cleveland Cavaliers,0022400374,2024-12-20T00:00:00,CLE vs. MIL,W,27.216666666666665,11.9,19.8,0.6,4.0,9.3,0.429,7.9,10.6,0.75,0.0,5.3,5.3,7.9,0.0,2.6,0.0,0.0,1.3,7.9,35.7,27.8,61.9,0,0,58.2,1,1,13086,1,10176,1586,3071,5394,4059,4443,7394,1441,1166,8186,14058,10049,14064,2959,16469,4029,8263,8846,17940,1058,872,2303,976,2246,150,1001,1,27:13
2024-25,1631114,Jalen Williams,Jalen,1610612760,OKC,Oklahoma City Thunder,0022400375,2024-12-20T00:00:00,OKC @ MIA,W,35.71666666666667,12.1,25.2,0.48,4.0,7.1,0.571,5.0,7.1,0.714,1.0,5.0,6.0,4.0,4.0,0.0,1.0,1.0,1.0,5.0,33.3,1.0,45.6,0,0,49.4,1,1,13086,1,2887,1465,791,11962,3936,8348,3506,3967,3314,9244,13196,10759,12169,9861,3819,12854,7432,7851,19658,4040,1274,12151,4915,2246,150,2700,1,35:43
2024-25,1629731,Dean Wade,Dean,1610612739,CLE,Cleveland Cavaliers,0022400374,2024-12-20T00:00:00,CLE vs. MIL,W,20.933333333333334,8.6,10.3,0.833,6.9,8.6,0.8,1.7,1.7,1.0,0.0,8.6,8.6,3.4,0.0,3.4,0.0,0.0,3.4,1.7,25.8,32.7,51.6,0,0,51.6,1,1,13086,1,15335,5445,16524,1514,804,5421,1389,11382,13281,1,14058,3937,7315,11580,16469,2319,8263,8846,8934,14213,3775,1660,2811,2246,150,2122,1,20:56
2024-25,1628983,Shai Gilgeous-Alexander,Shai,1610612760,OKC,Oklahoma City Thunder,0022400375,2024-12-20T00:00:00,OKC @ MIA,W,37.56666666666667,9.6,24.0,0.4,2.9,8.6,0.333,1.9,1.9,1.0,1.9,4.8,6.7,3.8,2.9,1.9,0.0,1.0,1.0,4.8,24.0,13.4,40.6,0,0,41.2,1,1,13086,1,1648,3752,1074,14933,6966,5380,9209,10897,12940,1,8750,11460,10716,10410,6943,6680,8263,8278,19917,4518,4835,6227,7376,2246,150,6073,1,37:34
2024-25,1629639,Tyler Herro,Tyler,1610612748,MIA,Miami Heat,0022400375,2024-12-20T00:00:00,MIA vs. OKC,L,35.63333333333333,11.1,24.2,0.458,3.0,10.1,0.3,3.0,5.1,0.6,3.0,9.1,12.1,5.1,0.0,3.0,0.0,3.0,1.0,2.0,28.3,-2.0,59.5,1,0,54.6,1,13222,1,13222,2960,2177,1000,12650,6399,3374,11319,7719,5825,10343,5265,3413,3403,7348,16469,3084,8263,1298,19646,12981,2676,14058,1256,1,150,1539,1,35:38
2024-25,1641810,Antonio Reeves,Antonio,1610612740,NOP,New Orleans Pelicans,0022400365,2024-12-19T00:00:00,NOP @ HOU,L,2.05,17.6,35.1,0.5,17.6,35.1,0.5,0.0,0.0,0.0,0.0,0.0,0.0,0.0,0.0,0.0,0.0,0.0,0.0,0.0,52.7,-17.6,52.7,0,0,70.2,1,13222,1,13222,25423,237,133,8526,46,27,3944,13505,14344,13505,14058,22137,23286,19908,16469,12854,8263,8846,20257,17725,126,20800,2534,2246,150,312,1,2:03
2024-25,1630162,Anthony Edwards,Anthony,1610612750,MIN,Minnesota Timberwolves,0022400367,2024-12-19T00:00:00,MIN vs. NYK,L,33.58833333333333,7.5,17.1,0.438,3.2,7.5,0.429,0.0,0.0,0.0,0.0,5.4,5.4,7.5,2.1,3.2,1.1,0.0,0.0,1.1,18.2,-16.1,46.6,0,0,42.9,1,13222,1,13222,4654,7759,5636,13558,5914,7393,7394,13505,14344,13505,14058,9877,13901,3397,9760,2707,6972,8846,20257,17054,9605,20276,4483,2246,150,5208,1,33:35
2024-25,1630346,Matt Ryan,Matt,1610612752,NYK,New York Knicks,0022400367,2024-12-19T00:00:00,NYK @ MIN,W,4.1,17.6,43.9,0.4,0.0,17.6,0.0,0.0,0.0,0.0,0.0,8.8,8.8,0.0,0.0,8.8,0.0,0.0,0.0,0.0,35.1,26.3,72.0,0,0,61.5,1,1,13086,1,24435,237,56,14933,15070,371,15070,13505,14344,13505,14058,3746,7057,19908,16469,160,8263,8846,20257,17725,941,2542,367,2246,150,694,1,4:06
2024-25,1629028,Deandre Ayton,Deandre,1610612757,POR,Portland Trail Blazers,0022400371,2024-12-19T00:00:00,POR vs. DEN,W,34.55,7.3,14.6,0.5,0.0,0.0,0.0,1.0,2.1,0.5,4.2,9.4,13.5,4.2,1.0,1.0,4.2,0.0,4.2,2.1,15.6,-3.1,52.7,1,0,43.8,1,1,13086,1,3812,8237,9224,8526,15070,20945,15070,13105,12477,10625,3342,3130,2465,9476,15547,11571,829,8846,6649,12689,12290,14634,2525,1,150,4796,1,34:33
2024-25,203458,Alex Len,Alex,1610612758,SAC,Sacramento Kings,0022400372,2024-12-19T00:00:00,SAC vs. LAL,L,4.851666666666667,7.4,14.8,0.5,0.0,0.0,0.0,7.4,22.3,0.333,7.4,0.0,7.4,7.4,0.0,0.0,7.4,0.0,0.0,14.8,22.3,14.8,64.6,0,0,51.9,1,13222,1,13222,24043,7967,8840,8526,15070,20945,15070,1722,107,13132,990,22137,9327,3494,16469,12854,177,8846,20257,107,6038,5691,735,2246,150,2054,1,4:51
2024-25,201142,Kevin Durant,Kevin,1610612756,PHX,Phoenix Suns,0022400369,2024-12-19T00:00:00,PHX vs. IND,L,37.93333333333333,14.2,25.6,0.556,2.8,5.7,0.5,3.8,5.7,0.667,0.0,9.5,9.5,5.7,4.7,0.9,0.0,1.9,0.9,4.7,35.1,-11.4,53.1,1,0,55.0,1,13222,1,13222,1416,640,706,7248,7058,11467,3944,6088,4899,9425,14058,3027,6083,6053,2668,12357,8263,3551,19975,4629,942,18476,2405,1,150,1450,1,37:56
2024-25,1629673,Jordan Poole,Jordan,1610612764,WAS,Washington Wizards,0022400362,2024-12-19T00:00:00,WAS vs. CHA,W,33.68666666666667,7.5,16.0,0.467,5.3,10.7,0.5,8.5,10.7,0.8,1.1,2.1,3.2,4.3,2.1,2.1,2.1,0.0,5.3,6.4,28.9,3.2,49.8,0,0,50.2,1,1,13086,1,4562,7810,7070,12249,1904,2795,3944,1161,1118,7681,12726,19246,19216,9197,9796,5642,3101,8846,3939,2169,2466,11018,3328,2246,150,2475,1,33:41
2024-25,1630578,Alperen Sengun,Alperen,1610612745,HOU,Houston Rockets,0022400365,2024-12-19T00:00:00,HOU vs. NOP,W,34.135,10.5,14.8,0.714,0.0,1.1,0.0,3.2,4.2,0.75,0.0,9.5,9.5,7.4,0.0,0.0,1.1,0.0,3.2,5.3,24.3,26.4,49.9,0,0,43.2,1,1,13086,1,4138,2671,8966,2752,15070,20803,15070,7408,7383,8186,14058,3024,6081,3533,16469,12854,7105,8846,10026,3674,4637,2540,3301,2246,150,5023,1,34:08
2024-25,1629630,Ja Morant,Ja,1610612763,MEM,Memphis Grizzlies,0022400366,2024-12-19T00:00:00,MEM vs. GSW,W,17.416666666666668,8.3,18.6,0.444,2.1,10.3,0.2,0.0,0.0,0.0,2.1,4.1,6.2,6.2,2.1,4.1,4.1,0.0,2.1,0.0,18.6,49.6,58.1,0,0,49.6,1,1,13086,1,17986,6046,4117,13045,9831,3119,13429,13505,14344,13505,8092,13320,11824,5159,10172,1512,845,8846,14769,17725,9218,564,1466,2246,150,2637,1,17:25
2024-25,1627750,Jamal Murray,Jamal,1610612743,DEN,Denver Nuggets,0022400371,2024-12-19T00:00:00,DEN @ POR,L,38.3,8.5,17.9,0.474,2.8,5.6,0.5,2.8,3.8,0.75,0.0,2.8,2.8,9.4,0.9,2.8,0.0,0.9,2.8,3.8,22.6,0.9,47.6,1,0,43.2,1,13222,1,13222,1212,5687,4841,12072,7157,11600,3944,8287,8350,8186,14058,17333,20196,1761,16199,3637,8263,8422,11547,6961,5817,12196,4118,1,150,5026,1,38:18
2024-25,1630595,Cade Cunningham,Cade,1610612765,DET,Detroit Pistons,0022400360,2024-12-19T00:00:00,DET vs. UTA,L,38.666666666666664,12.1,21.4,0.565,2.8,7.4,0.375,3.7,3.7,1.0,0.0,3.7,3.7,6.5,3.7,0.9,3.7,3.7,5.6,3.7,30.7,-4.7,55.2,0,0,53.1,1,13222,1,13222,1025,1458,2086,7102,7239,7500,8800,6234,8432,1,14058,14551,18004,4687,4498,12500,1069,785,3572,7071,1855,15393,1954,2246,150,1790,1,38:40
2024-25,1630163,LaMelo Ball,LaMelo,1610612766,CHA,Charlotte Hornets,0022400362,2024-12-19T00:00:00,CHA @ WAS,L,33.53333333333333,11.8,34.4,0.344,3.2,19.3,0.167,9.7,10.7,0.9,1.1,3.2,4.3,14.0,1.1,4.3,0.0,1.1,3.2,6.4,36.5,3.2,74.4,1,0,66.6,1,13222,1,13222,4698,1652,145,17394,5900,270,14236,792,1102,6805,12689,16016,16544,395,15311,1379,8263,7276,9778,2134,753,11007,308,1,150,411,1,33:32
2024-25,1642403,Isaac Jones,Isaac,1610612758,SAC,Sacramento Kings,0022400372,2024-12-19T00:00:00,SAC vs. LAL,L,4.863333333333333,7.4,7.4,1.0,0.0,0.0,0.0,0.0,0.0,0.0,0.0,22.2,22.2,0.0,0.0,0.0,14.8,0.0,0.0,0.0,14.8,7.4,85.9,0,0,66.6,1,13222,1,13222,24041,8004,21067,1,15070,20945,15070,13505,14344,13505,14058,121,326,19908,16469,12854,23,8846,20257,17725,13112,8935,126,2246,150,409,1,4:52
2024-25,203897,Zach LaVine,Zach,1610612741,CHI,Chicago Bulls,0022400363,2024-12-19T00:00:00,CHI @ BOS,W,33.0,12.0,20.7,0.579,6.5,12.0,0.545,8.7,9.8,0.889,0.0,6.5,6.5,4.4,1.1,0.0,0.0,1.1,1.1,3.3,39.3,8.7,52.6,0,0,56.7,1,1,13086,1,5145,1516,2502,6486,979,1779,3863,1101,1445,6857,14058,7215,11070,8972,15192,12854,8263,7136,19153,8334,490,8312,2566,2246,150,1199,1,33:00
2024-25,1630194,Paul Reed,Paul,1610612765,DET,Detroit Pistons,0022400360,2024-12-19T00:00:00,DET vs. UTA,L,17.921666666666667,12.1,18.1,0.667,0.0,0.0,0.0,0.0,0.0,0.0,8.0,10.0,18.1,2.0,4.0,4.0,4.0,0.0,0.0,2.0,24.1,22.1,68.9,0,0,60.3,1,13222,1,13222,17623,1493,4580,3281,15070,20945,15070,13505,14344,13505,774,2542,875,16340,3850,1615,908,8846,20257,13042,4730,3434,486,2246,150,804,1,17:55
2024-25,1630591,Jalen Suggs,Jalen,1610612753,ORL,Orlando Magic,0022400361,2024-12-19T00:00:00,ORL vs. OKC,L,17.183333333333334,8.4,21.0,0.4,2.1,12.6,0.167,0.0,0.0,0.0,2.1,8.4,10.5,8.4,8.4,2.1,4.2,2.1,2.1,2.1,18.9,-6.3,54.5,0,0,52.4,1,13222,1,13222,18148,5838,2369,14933,9708,1493,14236,13505,14344,13505,7970,4184,4933,2531,522,5810,819,2937,14632,12631,8989,16198,2092,2246,150,1953,1,17:11
2024-25,1631222,Jake LaRavia,Jake,1610612763,MEM,Memphis Grizzlies,0022400366,2024-12-19T00:00:00,MEM vs. GSW,W,23.85,9.1,18.1,0.5,6.0,7.5,0.8,4.5,4.5,1.0,1.5,7.5,9.1,4.5,3.0,1.5,0.0,0.0,1.5,3.0,28.7,40.8,47.8,0,0,51.3,1,1,13086,1,13031,4596,4545,8526,1281,7283,1389,4783,6779,1,10276,5411,6651,8574,6399,8370,8263,8846,17175,9167,2536,936,4025,2246,150,2199,1,23:51
2024-25,203937,Kyle Anderson,Kyle,1610612744,GSW,Golden State Warriors,0022400366,2024-12-19T00:00:00,GSW @ MEM,L,19.666666666666668,7.3,14.6,0.5,5.5,7.3,0.75,0.0,0.0,0.0,0.0,5.5,5.5,5.5,0.0,0.0,3.7,1.8,5.5,0.0,20.1,-11.0,45.9,0,0,43.9,1,13222,1,13222,16285,8182,9139,8526,1743,7780,1542,13505,14344,13505,14058,9557,13557,6442,16469,12854,1112,3799,3712,17725,7809,18315,4764,2246,150,4725,1,19:40
2024-25,1641764,Brandin Podziemski,Brandin,1610612744,GSW,Golden State Warriors,0022400366,2024-12-19T00:00:00,GSW @ MEM,L,25.3,12.8,18.5,0.692,2.8,7.1,0.4,1.4,2.8,0.5,2.8,2.8,5.7,8.5,0.0,2.8,0.0,0.0,0.0,1.4,29.9,-11.4,58.1,0,0,52.6,1,13222,1,13222,11743,1106,4221,3171,7062,8226,7874,11974,10371,10625,5744,17253,13043,2387,16469,3562,8263,8846,20257,15355,2126,18474,1467,2246,150,1891,1,25:18
2024-25,203999,Nikola Jokić,Nikola,1610612743,DEN,Denver Nuggets,0022400371,2024-12-19T00:00:00,DEN @ POR,L,36.61666666666667,12.8,17.7,0.722,3.9,5.9,0.667,3.9,3.9,1.0,0.0,5.9,5.9,7.9,2.9,1.0,0.0,1.0,3.9,2.0,33.4,-4.9,52.3,0,0,53.1,1,13222,1,13222,2270,1121,5018,2738,4130,10944,1957,5821,7984,1,14058,8548,12530,3031,6640,12090,8263,8061,7341,13233,1234,15537,2643,2246,150,1788,1,36:37
2024-25,1629014,Anfernee Simons,Anfernee,1610612757,POR,Portland Trail Blazers,0022400371,2024-12-19T00:00:00,POR vs. DEN,W,35.0,11.3,20.6,0.55,4.1,11.3,0.364,2.1,3.1,0.667,0.0,1.0,1.0,10.3,3.1,0.0,0.0,1.0,2.1,2.1,28.8,3.1,42.4,1,0,44.2,1,1,13086,1,3460,1995,2591,7655,3749,2245,9100,10446,9753,9425,14058,21920,23184,1292,6166,12854,8263,7676,14830,12811,2484,11070,6443,1,150,4581,1,35:00
2024-25,1628991,Jaren Jackson Jr.,Jaren,1610612763,MEM,Memphis Grizzlies,0022400366,2024-12-19T00:00:00,MEM vs. GSW,W,19.6,9.2,18.4,0.5,1.8,3.7,0.5,11.0,11.0,1.0,1.8,9.2,11.0,9.2,0.0,1.8,1.8,1.8,3.7,7.3,31.2,51.4,69.2,0,0,60.6,1,1,13086,1,16331,4391,4317,8526,10933,16281,3944,487,1019,1,9102,3327,4398,1878,16469,7094,3966,3779,8187,1419,1722,525,464,2246,150,770,1,19:36
2024-25,203076,Anthony Davis,Anthony,1610612747,LAL,Los Angeles Lakers,0022400372,2024-12-19T00:00:00,LAL @ SAC,W,35.32,7.1,20.4,0.35,0.0,1.0,0.0,7.1,9.2,0.778,7.1,12.2,19.4,4.1,3.1,3.1,6.1,1.0,0.0,5.1,21.4,19.4,75.2,1,0,63.2,1,1,13086,1,3214,8618,2703,17337,15070,20842,15070,1920,1782,8092,1091,1260,617,9720,6261,3037,293,7742,20257,3927,6731,4151,292,1,150,568,1,35:19
2024-25,1629012,Collin Sexton,Collin,1610612762,UTA,Utah Jazz,0022400360,2024-12-19T00:00:00,UTA @ DET,W,35.6,9.1,15.2,0.6,5.1,7.1,0.714,7.1,9.1,0.778,2.0,4.0,6.1,7.1,10.1,3.0,0.0,2.0,4.0,5.1,30.3,7.1,47.2,0,0,54.6,1,1,13086,1,2992,4524,8309,5394,2204,8294,1861,1963,1812,8092,8286,13581,12120,3913,322,3075,8263,3149,7010,4004,1970,9097,4235,2246,150,1529,1,35:36
2024-25,1630559,Austin Reaves,Austin,1610612747,LAL,Los Angeles Lakers,0022400372,2024-12-19T00:00:00,LAL @ SAC,W,34.916666666666664,7.2,14.4,0.5,3.1,7.2,0.429,8.2,9.3,0.889,0.0,6.2,6.2,5.2,1.0,2.1,0.0,2.1,0.0,6.2,25.8,9.3,46.1,0,0,44.3,1,1,13086,1,3527,8408,9461,8526,6234,8014,7394,1301,1725,6857,14058,7931,11859,7119,15626,5954,8263,3021,20257,2409,3790,8056,4711,2246,150,4537,1,34:55
2024-25,1630549,Day'Ron Sharpe,Day'Ron,1610612751,BKN,Brooklyn Nets,0022400364,2024-12-19T00:00:00,BKN @ TOR,W,10.333333333333334,3.5,17.4,0.2,0.0,0.0,0.0,10.5,13.9,0.75,13.9,17.4,31.4,0.0,10.5,0.0,3.5,3.5,17.4,10.5,17.4,3.5,55.0,0,0,55.7,1,1,13086,1,21992,18357,5328,21401,15070,20945,15070,572,456,8186,158,300,71,19908,299,12854,1236,927,168,343,10403,10896,1977,2246,150,1353,1,10:20
2024-25,1631169,Josh Minott,Josh,1610612750,MIN,Minnesota Timberwolves,0022400367,2024-12-19T00:00:00,MIN vs. NYK,L,10.566666666666666,17.0,27.3,0.625,3.4,6.8,0.5,0.0,0.0,0.0,6.8,0.0,6.8,3.4,0.0,10.2,3.4,3.4,0.0,0.0,37.5,30.7,91.6,0,0,78.4,1,13222,1,13222,21884,278,471,4899,5363,8870,3944,13505,14344,13505,1220,22137,10497,11669,16469,113,1301,986,20257,17725,655,1874,91,2246,150,181,1,10:34
2024-25,1628369,Jayson Tatum,Jayson,1610612738,BOS,Boston Celtics,0022400363,2024-12-19T00:00:00,BOS vs. CHI,L,37.04333333333334,9.7,21.4,0.455,3.9,10.7,0.364,6.8,8.7,0.778,0.0,9.7,9.7,3.9,1.0,1.9,0.0,0.0,3.9,4.9,30.1,0.0,52.5,1,0,51.5,1,13222,1,13222,1965,3588,2114,12676,4226,2791,9100,2156,2020,8092,14058,2800,5775,10266,16011,6544,8263,8846,7488,4376,2035,12240,2593,1,150,2141,1,37:03
2024-25,1626204,Larry Nance Jr.,Larry,1610612737,ATL,Atlanta Hawks,0022400370,2024-12-19T00:00:00,ATL @ SAS,L,31.466666666666665,9.2,14.9,0.615,5.7,6.9,0.833,0.0,0.0,0.0,3.4,11.4,14.9,2.3,0.0,1.1,1.1,1.1,4.6,1.1,24.0,2.3,52.2,1,0,51.5,1,13222,1,13222,6437,4432,8790,5246,1546,8747,1341,13505,14344,13505,4482,1674,1833,15281,16469,10644,6519,6687,5599,16689,4787,11471,2671,1,150,2146,1,31:28
2024-25,1631109,Mark Williams,Mark,1610612766,CHA,Charlotte Hornets,0022400362,2024-12-19T00:00:00,CHA @ WAS,L,19.066666666666666,13.2,22.7,0.583,0.0,0.0,0.0,3.8,5.7,0.667,5.7,9.4,15.1,1.9,0.0,1.9,1.9,3.8,1.9,3.8,30.2,5.7,62.5,0,0,54.8,1,13222,1,13222,16774,944,1518,6296,15070,20945,15070,6132,4950,9425,1834,3082,1722,16793,16469,6819,3799,748,15754,6913,2013,9772,916,2246,150,1496,1,19:04
2024-25,1630224,Jalen Green,Jalen,1610612745,HOU,Houston Rockets,0022400365,2024-12-19T00:00:00,HOU vs. NOP,W,32.45,14.4,24.4,0.591,4.4,11.1,0.4,4.4,5.5,0.8,1.1,5.5,6.7,3.3,3.3,1.1,0.0,0.0,4.4,5.5,37.7,16.6,50.7,0,0,54.4,1,1,13086,1,5597,596,947,6217,3174,2416,7874,4929,5131,7681,12395,9417,10830,11889,5430,10943,8263,8846,5926,3271,630,5022,3069,2246,150,1564,1,32:27
2024-25,1628983,Shai Gilgeous-Alexander,Shai,1610612760,OKC,Oklahoma City Thunder,0022400361,2024-12-19T00:00:00,OKC @ ORL,W,36.416666666666664,14.8,25.7,0.577,1.0,4.9,0.2,4.0,4.0,1.0,0.0,4.0,4.0,5.9,4.0,4.0,2.0,2.0,1.0,3.0,34.6,-5.9,62.1,0,0,57.3,1,1,13086,1,2394,522,696,6533,14609,13333,13429,5784,7935,1,14058,13862,17431,5622,3961,1680,3545,3295,19767,9373,1028,16030,957,2246,150,1126,1,36:25
2024-25,1630574,Ariel Hukporti,Ariel,1610612752,NYK,New York Knicks,0022400367,2024-12-19T00:00:00,NYK @ MIN,W,1.8333333333333333,0.0,0.0,0.0,0.0,0.0,0.0,19.6,39.3,0.5,19.6,19.6,39.3,0.0,19.6,0.0,0.0,0.0,0.0,19.6,19.6,-19.6,47.1,0,0,58.9,1,1,13086,1,25581,22635,24836,22635,15070,20945,15070,77,30,10625,57,186,30,19908,54,12854,8263,8846,20257,46,8217,21444,4270,2246,150,926,1,1:50
2024-25,1641705,Victor Wembanyama,Victor,1610612759,SAS,San Antonio Spurs,0022400370,2024-12-19T00:00:00,SAS vs. ATL,W,37.22666666666667,12.6,23.2,0.542,6.8,14.5,0.467,8.7,11.6,0.75,0.0,5.8,5.8,4.8,4.8,1.9,3.9,0.0,0.0,8.7,40.6,16.4,67.4,0,0,69.6,1,1,13086,1,1847,1215,1319,7965,860,798,7108,1105,868,8186,14058,8791,12760,7826,2535,6598,995,8846,20257,751,412,5097,547,2246,150,334,1,37:14
2024-25,1641715,Cam Whitmore,Cam,1610612745,HOU,Houston Rockets,0022400365,2024-12-19T00:00:00,HOU vs. NOP,W,3.3833333333333333,21.3,21.3,1.0,0.0,0.0,0.0,0.0,0.0,0.0,0.0,10.6,10.6,0.0,0.0,0.0,0.0,0.0,0.0,0.0,42.6,21.3,55.3,0,0,53.2,1,1,13086,1,24777,114,2168,1,15070,20945,15070,13505,14344,13505,14058,2120,4773,19908,16469,12854,8263,8846,20257,17725,332,3626,1926,2246,150,1761,1,3:23
2024-25,1626157,Karl-Anthony Towns,Karl-Anthony,1610612752,NYK,New York Knicks,0022400367,2024-12-19T00:00:00,NYK @ MIN,W,37.63333333333333,9.6,11.5,0.833,4.8,4.8,1.0,6.7,8.6,0.778,2.9,16.3,19.1,5.7,3.8,1.9,0.0,0.0,1.9,5.7,30.6,29.7,64.1,1,0,64.1,1,1,13086,1,1610,3782,14513,1514,2591,13748,1,2242,2118,8092,5669,400,661,5969,4247,6698,8263,8846,15605,2993,1887,2011,774,1,150,521,1,37:38
2024-25,1628392,Isaiah Hartenstein,Isaiah,1610612760,OKC,Oklahoma City Thunder,0022400361,2024-12-19T00:00:00,OKC @ ORL,W,33.21666666666667,5.4,9.8,0.556,0.0,0.0,0.0,2.2,2.2,1.0,2.2,10.8,13.0,4.3,2.2,4.3,1.1,1.1,1.1,4.3,13.0,7.6,49.2,1,0,41.2,1,1,13086,1,4978,13217,17464,7248,15070,20945,15070,10058,12187,1,7696,1987,2805,9044,9649,1348,6898,7195,19191,5508,15085,8842,3540,1,150,6088,1,33:13
2024-25,201566,Russell Westbrook,Russell,1610612743,DEN,Denver Nuggets,0022400371,2024-12-19T00:00:00,DEN @ POR,L,33.2,8.7,13.0,0.667,2.2,4.3,0.5,1.1,2.2,0.5,2.2,2.2,4.3,7.6,3.3,1.1,2.2,0.0,3.3,1.1,20.6,7.6,43.7,0,0,41.2,1,13222,1,13222,4987,5300,11838,3281,9366,14827,3944,12953,12184,10625,7690,19162,16444,3298,5656,11152,3020,8846,9645,16981,7396,8840,5808,2246,150,6075,1,33:12
2024-25,1630540,Miles McBride,Miles,1610612752,NYK,New York Knicks,0022400367,2024-12-19T00:00:00,NYK @ MIN,W,28.933333333333334,7.5,16.2,0.462,5.0,11.2,0.444,0.0,0.0,0.0,2.5,3.7,6.2,10.0,1.2,1.2,0.0,0.0,0.0,1.2,19.9,28.6,44.8,0,0,43.5,1,1,13086,1,8729,7855,6871,12428,2307,2332,7211,13505,14344,13505,6644,14523,11778,1460,14134,9835,8263,8846,20257,16160,7992,2165,5280,2246,150,4899,1,28:56
2024-25,1627763,Malcolm Brogdon,Malcolm,1610612764,WAS,Washington Wizards,0022400362,2024-12-19T00:00:00,WAS vs. CHA,W,26.966666666666665,10.7,17.4,0.615,4.0,6.7,0.6,8.0,8.0,1.0,1.3,0.0,1.3,8.0,2.7,1.3,0.0,0.0,1.3,5.3,33.4,18.7,48.3,0,0,49.4,1,1,13086,1,10359,2533,5398,5246,3987,9154,2992,1414,2515,1,11038,22137,22782,2881,7618,9271,8263,8846,17889,3572,1249,4345,3871,2246,150,2697,1,26:58
2024-25,1629661,Cameron Johnson,Cameron,1610612751,BKN,Brooklyn Nets,0022400364,2024-12-19T00:00:00,BKN @ TOR,W,34.35,9.4,15.7,0.6,4.2,10.5,0.4,11.5,12.6,0.917,0.0,10.5,10.5,6.3,2.1,0.0,2.1,0.0,3.1,8.4,34.6,11.5,60.8,1,0,59.7,1,1,13086,1,3964,3977,7515,5394,3582,2999,7874,399,661,6748,14058,2245,4927,5046,10019,12854,3216,8846,10129,867,1031,6991,1100,1,150,852,1,34:21
2024-25,1630583,Santi Aldama,Santi,1610612763,MEM,Memphis Grizzlies,0022400366,2024-12-19T00:00:00,MEM vs. GSW,W,24.683333333333334,11.7,23.3,0.5,7.3,14.6,0.5,0.0,0.0,0.0,2.9,17.5,20.4,5.8,1.5,2.9,1.5,1.5,1.5,2.9,30.6,40.8,75.5,1,0,72.9,1,1,13086,1,12289,1742,1270,8526,670,783,3944,13505,14344,13505,5546,292,477,5788,12964,3363,5009,4945,17405,9537,1882,923,282,1,150,262,1,24:41
2024-25,1631115,Orlando Robinson,Orlando,1610612758,SAC,Sacramento Kings,0022400372,2024-12-19T00:00:00,SAC vs. LAL,L,0.98,36.7,36.7,1.0,0.0,0.0,0.0,0.0,0.0,0.0,36.7,0.0,36.7,0.0,0.0,0.0,0.0,0.0,0.0,0.0,73.5,0.0,117.6,0,0,110.2,1,13222,1,13222,26067,15,109,1,15070,20945,15070,13505,14344,13505,7,22137,40,19908,16469,12854,8263,8846,20257,17725,47,12240,42,2246,150,41,1,0:59
2024-25,1630167,Obi Toppin,Obi,1610612754,IND,Indiana Pacers,0022400369,2024-12-19T00:00:00,IND @ PHX,W,17.05,8.4,14.8,0.571,4.2,10.6,0.4,6.3,8.4,0.75,2.1,14.8,16.9,2.1,0.0,2.1,2.1,0.0,6.3,4.2,27.4,0.0,63.6,0,0,59.1,1,1,13086,1,18224,5720,8938,6538,3526,2924,7874,2552,2232,8186,7915,614,1148,15961,16469,5734,3172,8846,2560,5783,3003,12240,832,2246,150,903,1,17:03
2024-25,1630611,Gui Santos,Gui,1610612744,GSW,Golden State Warriors,0022400366,2024-12-19T00:00:00,GSW @ MEM,L,8.066666666666666,0.0,0.0,0.0,0.0,0.0,0.0,0.0,0.0,0.0,4.5,0.0,4.5,0.0,0.0,0.0,4.5,0.0,4.5,0.0,0.0,17.9,18.7,0,0,13.4,1,13222,1,13222,22791,22635,24836,22635,15070,20945,15070,13505,14344,13505,2968,22137,16135,19908,16469,12854,692,8846,5855,17725,23200,4604,21780,2246,150,23590,1,8:04
2024-25,1626164,Devin Booker,Devin,1610612756,PHX,Phoenix Suns,0022400369,2024-12-19T00:00:00,PHX vs. IND,L,25.016666666666666,7.2,14.4,0.5,0.0,4.3,0.0,10.1,11.5,0.875,1.4,1.4,2.9,8.6,1.4,1.4,0.0,0.0,0.0,8.6,24.5,-13.0,43.7,0,0,38.9,1,13222,1,13222,11990,8470,9551,8526,15070,14869,15070,678,889,6931,10581,21009,20048,2315,13062,8703,8263,8846,20257,776,4512,19113,5786,2246,150,7480,1,25:01
2024-25,1641763,Julian Phillips,Julian,1610612741,CHI,Chicago Bulls,0022400363,2024-12-19T00:00:00,CHI @ BOS,W,19.366666666666667,5.6,13.0,0.429,1.9,9.3,0.2,5.6,5.6,1.0,5.6,3.7,9.3,1.9,0.0,0.0,0.0,0.0,5.6,3.7,18.6,14.9,32.5,0,0,31.6,1,1,13086,1,16522,12765,11829,13735,10833,4384,13429,3335,5074,1,1897,14576,6322,16898,16469,12854,8263,8846,3584,7088,9231,5677,12929,2246,150,12701,1,19:22
2024-25,1629638,Nickeil Alexander-Walker,Nickeil,1610612750,MIN,Minnesota Timberwolves,0022400367,2024-12-19T00:00:00,MIN vs. NYK,L,22.033333333333335,8.2,8.2,1.0,1.6,1.6,1.0,1.6,1.6,1.0,0.0,4.9,4.9,1.6,1.6,1.6,0.0,0.0,3.3,3.3,19.6,-34.3,31.2,0,0,31.0,1,13222,1,13222,14474,6265,19988,1,11580,20132,1,11534,13359,1,14058,11154,15055,17555,12199,7873,8263,8846,9580,8353,8251,24337,13893,2246,150,13126,1,22:02
2024-25,1641730,Noah Clowney,Noah,1610612751,BKN,Brooklyn Nets,0022400364,2024-12-19T00:00:00,BKN @ TOR,W,37.0,2.9,9.7,0.3,1.9,7.8,0.25,2.9,2.9,1.0,1.0,7.8,8.8,1.0,0.0,0.0,0.0,1.0,4.9,6.8,10.7,1.9,22.7,0,0,22.4,1,1,13086,1,1988,19605,17510,19363,10427,6827,11902,8037,10176,1,13475,5029,7092,19757,16469,12854,8263,8164,4910,1815,17472,11652,19763,2246,150,19436,1,37:00
2024-25,1641739,Toumani Camara,Toumani,1610612757,POR,Portland Trail Blazers,0022400371,2024-12-19T00:00:00,POR vs. DEN,W,36.10333333333333,5.0,9.0,0.556,2.0,5.0,0.4,2.0,2.0,1.0,4.0,4.0,8.0,1.0,1.0,3.0,0.0,0.0,4.0,4.0,14.0,6.0,33.0,0,0,30.9,1,1,13086,1,2611,14426,18765,7248,10191,13232,7874,10668,12743,1,3607,13763,8308,19687,15869,3181,8263,8846,7178,6338,13978,9628,12592,2246,150,13241,1,36:06
2024-25,1642258,Zaccharie Risacher,Zaccharie,1610612737,ATL,Atlanta Hawks,0022400370,2024-12-19T00:00:00,ATL @ SAS,L,22.14666666666667,6.5,21.1,0.308,1.6,6.5,0.25,0.0,0.0,0.0,3.3,3.3,6.5,0.0,0.0,3.3,0.0,4.9,4.9,0.0,14.6,-6.5,32.2,0,0,29.3,1,13222,1,13222,14391,10182,2258,19226,11612,9544,11902,13505,14344,13505,4839,15929,11172,19908,16469,2645,8263,390,4883,17725,13269,16296,13188,2246,150,14507,1,22:09
2024-25,1628420,Monté Morris,Monté,1610612756,PHX,Phoenix Suns,0022400369,2024-12-19T00:00:00,PHX vs. IND,L,13.233333333333333,0.0,5.4,0.0,0.0,2.7,0.0,8.2,13.6,0.6,0.0,0.0,0.0,5.4,2.7,0.0,0.0,0.0,8.2,5.4,8.2,-10.9,13.6,0,0,13.6,1,13222,1,13222,20639,22635,23129,22635,15070,18219,15070,1334,515,10343,14058,22137,23286,6550,7462,12854,8263,8846,1296,3418,19779,18273,23604,2246,150,23528,1,13:14
2024-25,1641709,Ausar Thompson,Ausar,1610612765,DET,Detroit Pistons,0022400360,2024-12-19T00:00:00,DET vs. UTA,L,19.788333333333334,5.5,16.4,0.333,0.0,5.5,0.0,5.5,7.3,0.75,3.6,0.0,3.6,7.3,0.0,1.8,0.0,0.0,10.9,5.5,16.4,0.0,37.1,0,0,30.9,1,13222,1,13222,16188,13112,6579,17395,15070,12067,15070,3465,3114,8186,4147,22137,18229,3648,16469,7166,8263,8846,550,3402,11526,12240,9622,2246,150,13228,1,19:47
2024-25,203482,Kelly Olynyk,Kelly,1610612761,TOR,Toronto Raptors,0022400364,2024-12-19T00:00:00,TOR vs. BKN,L,17.63,4.1,10.2,0.4,0.0,2.0,0.0,8.2,8.2,1.0,2.0,10.2,12.3,10.2,4.1,0.0,0.0,0.0,8.2,8.2,16.3,12.3,42.3,0,0,38.8,1,13222,1,13222,17845,16878,16720,14933,15070,19473,15070,1332,2397,1,8199,2421,3307,1333,3707,12854,8263,8846,1290,936,11568,6693,6491,2246,150,7518,1,17:38
2024-25,1642264,Stephon Castle,Stephon,1610612759,SAS,San Antonio Spurs,0022400370,2024-12-19T00:00:00,SAS vs. ATL,W,20.885,5.2,17.2,0.3,0.0,3.4,0.0,1.7,3.4,0.5,0.0,1.7,1.7,5.2,1.7,1.7,0.0,3.4,3.4,1.7,12.1,-27.6,25.3,0,0,22.4,1,1,13086,1,15365,13890,5533,19363,15070,16770,15070,11375,8997,10625,14058,20411,22272,7089,11834,7536,8263,961,8905,14207,16081,23352,18046,2246,150,19417,1,20:53
2024-25,203500,Steven Adams,Steven,1610612745,HOU,Houston Rockets,0022400365,2024-12-19T00:00:00,HOU vs. NOP,W,10.316666666666666,3.5,3.5,1.0,0.0,0.0,0.0,0.0,0.0,0.0,3.5,10.5,14.0,3.5,7.0,3.5,0.0,0.0,0.0,0.0,7.0,-24.4,32.5,0,0,31.4,1,1,13086,1,21999,18349,24313,1,15070,20945,15070,13505,14344,13505,4389,2252,2259,11415,898,2249,8263,8846,20257,17725,20743,22676,12983,2246,150,12856,1,10:19
2024-25,1630182,Josh Green,Josh,1610612766,CHA,Charlotte Hornets,0022400362,2024-12-19T00:00:00,CHA @ WAS,L,23.9,3.0,10.5,0.286,1.5,6.0,0.25,0.0,0.0,0.0,3.0,0.0,3.0,3.0,1.5,0.0,0.0,1.5,7.5,0.0,7.5,0.0,14.2,0,0,15.1,1,13222,1,13222,12991,19386,16143,19630,12001,10631,11902,13505,14344,13505,5303,22137,19691,12881,12717,12854,8263,4752,1618,17725,20292,12240,23450,2246,150,23041,1,23:54
2024-25,1642285,Cam Spencer,Cam,1610612763,MEM,Memphis Grizzlies,0022400366,2024-12-19T00:00:00,MEM vs. GSW,W,8.066666666666666,8.9,13.4,0.667,4.5,4.5,1.0,0.0,0.0,0.0,0.0,4.5,4.5,0.0,4.5,0.0,0.0,0.0,0.0,4.5,22.3,-17.9,23.2,0,0,31.2,1,1,13086,1,22791,4839,11165,3281,3121,14539,1,13505,14344,13505,14058,12356,16135,19908,3049,12854,8263,8846,20257,5217,5997,20885,19430,2246,150,12969,1,8:04
2024-25,1631213,Tyrese Martin,Tyrese,1610612751,BKN,Brooklyn Nets,0022400364,2024-12-19T00:00:00,BKN @ TOR,W,14.65,7.4,17.2,0.429,2.5,9.8,0.25,0.0,0.0,0.0,7.4,2.5,9.8,0.0,2.5,0.0,0.0,0.0,0.0,0.0,17.2,-9.8,26.5,0,0,29.5,1,1,13086,1,19792,8070,5576,13735,8293,3690,11902,13505,14344,13505,1002,18310,5631,19908,8422,12854,8263,8846,20257,17725,10626,17802,17269,2246,150,14334,1,14:39
2024-25,1628964,Mo Bamba,Mo,1610612746,LAC,LA Clippers,0022400368,2024-12-19T00:00:00,LAC @ DAL,W,14.683333333333334,2.5,9.8,0.25,0.0,4.9,0.0,0.0,0.0,0.0,4.9,12.3,17.2,4.9,0.0,0.0,2.5,0.0,4.9,0.0,4.9,19.6,40.2,0,0,31.9,1,1,13086,1,19778,20550,17389,20233,15070,13433,15070,13505,14344,13505,2459,1249,1085,7682,16469,12854,2465,8846,4828,17725,22064,4070,7630,2246,150,12479,1,14:41
2024-25,203994,Jusuf Nurkić,Jusuf,1610612756,PHX,Phoenix Suns,0022400369,2024-12-19T00:00:00,PHX vs. IND,L,32.083333333333336,4.5,7.9,0.571,0.0,1.1,0.0,4.5,5.6,0.8,1.1,10.1,11.2,2.2,2.2,1.1,0.0,0.0,3.4,5.6,13.5,-16.8,31.4,1,0,29.2,1,13222,1,13222,5901,15819,20473,6538,15070,20719,15070,4855,5036,7681,12316,2498,4225,15458,9332,10849,8263,8846,9195,3177,14558,20558,13733,1,150,14567,1,32:05
2024-25,1642419,Jamison Battle,Jamison,1610612761,TOR,Toronto Raptors,0022400364,2024-12-19T00:00:00,TOR vs. BKN,L,17.715,6.1,14.2,0.429,4.1,12.2,0.333,0.0,0.0,0.0,0.0,0.0,0.0,2.0,0.0,0.0,0.0,0.0,4.1,0.0,16.3,12.2,19.3,0,0,22.4,1,13222,1,13222,17777,11232,9791,13735,3862,1670,9209,13505,14344,13505,14058,22137,23286,16253,16469,12854,8263,8846,6956,17725,11646,6717,21500,2246,150,19451,1,17:43
2024-25,1641824,Matas Buzelis,Matas,1610612741,CHI,Chicago Bulls,0022400363,2024-12-19T00:00:00,CHI @ BOS,W,9.75,0.0,11.1,0.0,0.0,7.4,0.0,0.0,0.0,0.0,0.0,11.1,11.1,3.7,0.0,0.0,0.0,0.0,7.4,0.0,0.0,3.7,18.8,0,0,14.8,1,1,13086,1,22194,22635,15229,22635,15070,7653,15070,13505,14344,13505,14058,1867,4337,10805,16469,12854,8263,8846,1719,17725,23200,10813,21744,2246,150,23146,1,9:45
2024-25,201939,Stephen Curry,Stephen,1610612744,GSW,Golden State Warriors,0022400366,2024-12-19T00:00:00,GSW @ MEM,L,24.366666666666667,0.0,10.3,0.0,0.0,8.9,0.0,3.0,3.0,1.0,0.0,4.4,4.4,1.5,3.0,1.5,1.5,3.0,0.0,3.0,3.0,-60.6,16.4,0,0,14.8,1,13222,1,13222,12590,22635,16478,22635,15070,5004,15070,7937,10083,1,14058,12450,16211,18062,6629,8505,4929,1389,20257,9404,22966,25703,22705,2246,150,23144,1,24:22
2024-25,1630545,Terrence Shannon Jr.,Terrence,1610612750,MIN,Minnesota Timberwolves,0022400367,2024-12-19T00:00:00,MIN vs. NYK,L,10.566666666666666,3.4,6.8,0.5,0.0,0.0,0.0,0.0,0.0,0.0,0.0,3.4,3.4,3.4,0.0,0.0,0.0,0.0,3.4,0.0,6.8,30.7,16.0,0,0,13.6,1,13222,1,13222,21884,18530,21771,8526,15070,20945,15070,13505,14344,13505,14058,15501,18768,11669,16469,12854,8263,8846,9054,17725,20854,1874,22850,2246,150,23522,1,10:34
2024-25,203486,Mason Plumlee,Mason,1610612756,PHX,Phoenix Suns,0022400369,2024-12-19T00:00:00,PHX vs. IND,L,2.7,0.0,0.0,0.0,0.0,0.0,0.0,0.0,0.0,0.0,0.0,13.3,13.3,0.0,0.0,0.0,0.0,0.0,0.0,0.0,0.0,13.3,16.0,0,0,13.3,1,13222,1,13222,25126,22635,24836,22635,15070,20945,15070,13505,14344,13505,14058,916,2585,19908,16469,12854,8263,8846,20257,17725,23200,6244,22854,2246,150,23604,1,2:42
2024-25,203924,Jerami Grant,Jerami,1610612757,POR,Portland Trail Blazers,0022400371,2024-12-19T00:00:00,POR vs. DEN,W,36.06666666666667,4.0,14.0,0.286,3.0,10.0,0.3,2.0,2.0,1.0,2.0,3.0,5.0,4.0,2.0,1.0,1.0,0.0,2.0,2.0,13.0,-6.0,28.9,0,0,28.9,1,1,13086,1,2629,17109,10208,19630,6543,3498,11319,10657,12736,1,8403,16759,14808,9957,10543,11978,7489,8846,15167,13097,15115,16051,15528,2246,150,14746,1,36:04
2024-25,1630579,Jericho Sims,Jericho,1610612752,NYK,New York Knicks,0022400367,2024-12-19T00:00:00,NYK @ MIN,W,18.766666666666666,5.8,11.5,0.5,0.0,0.0,0.0,0.0,0.0,0.0,3.8,7.7,11.5,0.0,3.8,0.0,0.0,1.9,5.8,1.9,11.5,-1.9,21.5,0,0,23.0,1,1,13086,1,16996,12253,14454,8526,15070,20945,15070,13505,14344,13505,3827,5200,3932,19908,4214,12854,8263,3482,3304,13444,16660,13992,20422,2246,150,19005,1,18:46
2024-25,1626172,Kevon Looney,Kevon,1610612744,GSW,Golden State Warriors,0022400366,2024-12-19T00:00:00,GSW @ MEM,L,12.095,3.0,14.9,0.2,0.0,0.0,0.0,0.0,6.0,0.0,11.9,0.0,11.9,0.0,0.0,6.0,0.0,0.0,6.0,3.0,6.0,-68.5,38.1,0,0,29.8,1,13222,1,13222,21194,19480,8777,21401,15070,20945,15070,13505,4542,13505,246,22137,3576,19908,16469,488,8263,8846,3008,9342,21430,25859,8963,2246,150,14128,1,12:06
2024-25,1631105,Jalen Duren,Jalen,1610612765,DET,Detroit Pistons,0022400360,2024-12-19T00:00:00,DET vs. UTA,L,25.6,5.6,5.6,1.0,0.0,0.0,0.0,0.0,0.0,0.0,4.2,5.6,9.8,2.8,1.4,2.8,0.0,0.0,4.2,2.8,11.3,-36.6,34.3,0,0,29.5,1,13222,1,13222,11489,12631,22968,1,15070,20945,15070,13505,14344,13505,3284,9240,5614,13548,13245,3653,8263,8846,6505,9924,16948,24571,11582,2246,150,14304,1,25:36
2024-25,1628960,Grayson Allen,Grayson,1610612756,PHX,Phoenix Suns,0022400369,2024-12-19T00:00:00,PHX vs. IND,L,29.483333333333334,3.7,11.0,0.333,0.0,3.7,0.0,2.4,2.4,1.0,3.7,8.5,12.2,0.0,0.0,2.4,1.2,3.7,2.4,1.2,9.8,23.2,35.4,0,0,29.3,1,13222,1,13222,8238,17936,15369,17395,15070,16305,15070,9216,11357,1,4102,3995,3340,19908,16469,4559,6047,813,13025,16293,18380,3223,10791,2246,150,14473,1,29:29
2024-25,201935,James Harden,James,1610612746,LAC,LA Clippers,0022400368,2024-12-19T00:00:00,LAC @ DAL,W,35.766666666666666,6.0,14.1,0.429,2.0,5.0,0.4,10.1,10.1,1.0,1.0,3.0,4.0,7.0,6.0,1.0,0.0,0.0,2.0,5.0,24.2,19.1,36.5,0,0,39.3,1,1,13086,1,2851,11404,10023,13735,10108,13120,7874,680,1337,1,13208,16651,17257,3961,1355,11893,8263,8846,15072,4054,4701,4221,10008,2246,150,7235,1,35:46
2024-25,1629634,Brandon Clarke,Brandon,1610612763,MEM,Memphis Grizzlies,0022400366,2024-12-19T00:00:00,MEM vs. GSW,W,24.075,6.0,9.0,0.667,0.0,0.0,0.0,0.0,0.0,0.0,7.5,7.5,15.0,3.0,1.5,1.5,3.0,0.0,1.5,0.0,12.0,40.4,46.4,0,0,38.9,1,1,13086,1,12823,11572,18767,3281,15070,20945,15070,13505,14344,13505,964,5541,1790,12966,12769,8432,1715,8846,17240,17725,16182,957,4597,2246,150,7464,1,24:05
2024-25,1628989,Kevin Huerter,Kevin,1610612758,SAC,Sacramento Kings,0022400372,2024-12-19T00:00:00,SAC vs. LAL,L,24.333333333333332,3.0,5.9,0.5,3.0,5.9,0.5,1.5,3.0,0.5,0.0,5.9,5.9,3.0,5.9,0.0,0.0,0.0,3.0,1.5,10.4,10.4,16.0,0,0,22.2,1,13222,1,13222,12619,19510,22692,8526,6651,10887,3944,11828,10071,10625,14058,8508,12480,13060,1436,12854,8263,8846,10903,15091,17801,7533,22870,2246,150,19558,1,24:20
2024-25,1631097,Bennedict Mathurin,Bennedict,1610612754,IND,Indiana Pacers,0022400369,2024-12-19T00:00:00,IND @ PHX,W,37.1,5.8,13.6,0.429,1.9,6.8,0.286,1.9,1.9,1.0,1.0,1.0,1.9,1.9,1.9,2.9,1.0,1.0,2.9,2.9,15.5,-2.9,30.5,0,0,29.1,1,1,13086,1,1922,12044,10864,13735,10453,8916,11433,10833,12880,1,13489,22022,21929,16602,10845,3376,7686,8181,11134,9551,12397,14519,14441,2246,150,14615,1,37:06
2024-25,1629021,Moritz Wagner,Moritz,1610612753,ORL,Orlando Magic,0022400361,2024-12-19T00:00:00,ORL vs. OKC,L,19.066666666666666,7.6,13.2,0.571,0.0,1.9,0.0,3.8,7.6,0.5,0.0,0.0,0.0,3.8,1.9,0.0,0.0,1.9,1.9,5.7,18.9,-17.0,22.7,0,0,22.7,1,13222,1,13222,16774,7634,11456,6538,15070,19763,15070,6132,2847,10625,14058,22137,23286,10568,11110,12854,8263,3602,15754,3085,8963,20619,19775,2246,150,19239,1,19:04
2024-25,1628449,Chris Boucher,Chris,1610612761,TOR,Toronto Raptors,0022400364,2024-12-19T00:00:00,TOR vs. BKN,L,18.95,1.9,9.5,0.2,1.9,9.5,0.2,0.0,0.0,0.0,3.8,1.9,5.7,1.9,0.0,1.9,1.9,0.0,5.7,0.0,5.7,5.7,26.8,0,0,22.8,1,13222,1,13222,16868,21585,17952,21401,10638,4111,13429,13505,14344,13505,3888,19972,13019,16752,16469,6764,3764,8846,3390,17725,21593,9754,17094,2246,150,19142,1,18:57
2024-25,1641783,Tristan da Silva,Tristan,1610612753,ORL,Orlando Magic,0022400361,2024-12-19T00:00:00,ORL vs. OKC,L,37.36666666666667,5.8,14.5,0.4,2.9,7.7,0.375,0.0,0.0,0.0,1.9,1.0,2.9,1.0,1.9,1.0,0.0,1.0,1.0,1.0,14.5,5.8,20.3,0,0,23.1,1,13222,1,13222,1760,12165,9433,14933,6896,6990,8800,13505,14344,13505,8717,22034,20020,19782,10916,12248,8263,8236,19890,17507,13456,9712,21011,2246,150,18916,1,37:22
2024-25,1630556,Kessler Edwards,Kessler,1610612742,DAL,Dallas Mavericks,0022400368,2024-12-19T00:00:00,DAL vs. LAC,L,2.933333333333333,0.0,12.3,0.0,0.0,12.3,0.0,0.0,0.0,0.0,0.0,12.3,12.3,0.0,0.0,0.0,0.0,0.0,0.0,0.0,0.0,-73.6,14.7,0,0,12.3,1,13222,1,13222,25014,22635,13125,22635,15070,1631,15070,13505,14344,13505,14058,1240,3284,19908,16469,12854,8263,8846,20257,17725,23200,25935,23273,2246,150,23920,1,2:56
2024-25,1642359,Pacôme Dadiet,Pacôme,1610612752,NYK,New York Knicks,0022400367,2024-12-19T00:00:00,NYK @ MIN,W,5.083333333333333,0.0,14.2,0.0,0.0,14.2,0.0,0.0,0.0,0.0,0.0,0.0,0.0,0.0,0.0,0.0,0.0,0.0,0.0,0.0,0.0,-63.7,0.0,0,0,0.0,1,1,13086,1,23956,22635,9888,22635,15070,879,15070,13505,14344,13505,14058,22137,23286,19908,16469,12854,8263,8846,20257,17725,23200,25762,25228,2246,150,25259,1,5:05
2024-25,1641724,Jett Howard,Jett,1610612753,ORL,Orlando Magic,0022400361,2024-12-19T00:00:00,ORL vs. OKC,L,9.15,0.0,0.0,0.0,0.0,0.0,0.0,0.0,0.0,0.0,0.0,0.0,0.0,0.0,3.9,0.0,0.0,0.0,7.9,0.0,0.0,-3.9,-3.9,0,0,0.0,1,13222,1,13222,22401,22635,24836,22635,15070,20945,15070,13505,14344,13505,14058,22137,23286,19908,4008,12854,8263,8846,1416,17725,23200,15031,26164,2246,150,25259,1,9:09
2024-25,203471,Dennis Schröder,Dennis,1610612744,GSW,Golden State Warriors,0022400366,2024-12-19T00:00:00,GSW @ MEM,L,21.933333333333334,3.3,19.7,0.167,0.0,6.6,0.0,1.6,3.3,0.5,0.0,3.3,3.3,8.2,6.6,0.0,0.0,1.6,3.3,4.9,8.2,-55.8,17.9,0,0,19.7,1,13222,1,13222,14543,18798,3183,21938,15070,9398,15070,11522,9350,10625,14058,15842,19031,2692,1096,12854,8263,4326,9513,4256,19746,25586,22143,2246,150,21036,1,21:56
2024-25,1629631,De'Andre Hunter,De'Andre,1610612737,ATL,Atlanta Hawks,0022400370,2024-12-19T00:00:00,ATL @ SAS,L,36.3,8.9,14.9,0.6,4.0,7.9,0.5,5.0,5.0,1.0,1.0,5.0,6.0,1.0,3.0,1.0,0.0,0.0,4.0,3.0,26.8,7.9,35.4,0,0,39.7,1,13222,1,13222,2463,4839,8784,5394,4060,6559,3944,4110,6021,1,13326,11004,12404,19700,6575,12027,8263,8846,7227,9346,3309,8669,10797,2246,150,6968,1,36:18
2024-25,1641736,Reece Beekman,Reece,1610612751,BKN,Brooklyn Nets,0022400364,2024-12-19T00:00:00,BKN @ TOR,W,3.5,0.0,0.0,0.0,0.0,0.0,0.0,0.0,0.0,0.0,0.0,0.0,0.0,0.0,10.3,0.0,0.0,0.0,0.0,0.0,0.0,-30.9,-10.3,0,0,0.0,1,1,13086,1,24704,22635,24836,22635,15070,20945,15070,13505,14344,13505,14058,22137,23286,19908,306,12854,8263,8846,20257,17725,23200,23862,26223,2246,150,25259,1,3:30
2024-25,1629060,Rui Hachimura,Rui,1610612747,LAL,Los Angeles Lakers,0022400372,2024-12-19T00:00:00,LAL @ SAC,W,36.56666666666667,3.0,8.9,0.333,1.0,3.9,0.25,3.0,3.9,0.75,1.0,3.9,4.9,2.0,3.9,0.0,1.0,1.0,1.0,2.0,9.8,20.7,17.7,0,0,19.7,1,1,13086,1,2294,19524,18920,17395,14634,15696,11902,7943,7969,8186,13382,13916,15002,16478,4000,12854,7577,8056,19788,13217,18316,3768,22210,2246,150,21041,1,36:34
2024-25,1631114,Jalen Williams,Jalen,1610612760,OKC,Oklahoma City Thunder,0022400361,2024-12-19T00:00:00,OKC @ ORL,W,35.6,5.1,15.2,0.333,1.0,5.1,0.2,0.0,0.0,0.0,1.0,0.0,1.0,7.1,3.0,0.0,0.0,2.0,3.0,1.0,11.1,2.0,19.9,0,0,20.2,1,1,13086,1,2992,14217,8309,17395,14479,13058,13429,13505,14344,13505,13166,22137,23195,3913,6338,12854,8263,3149,10561,17352,17060,11611,21199,2246,150,20737,1,35:36
2024-25,203926,Doug McDermott,Doug,1610612758,SAC,Sacramento Kings,0022400372,2024-12-19T00:00:00,SAC vs. LAL,L,0.98,0.0,36.7,0.0,0.0,36.7,0.0,0.0,0.0,0.0,0.0,0.0,0.0,0.0,0.0,0.0,0.0,0.0,0.0,0.0,0.0,0.0,0.0,0,0,0.0,1,13222,1,13222,26067,22635,109,22635,15070,22,15070,13505,14344,13505,14058,22137,23286,19908,16469,12854,8263,8846,20257,17725,23200,12240,25228,2246,150,25259,1,0:59
2024-25,1629674,Neemias Queta,Neemias,1610612738,BOS,Boston Celtics,0022400363,2024-12-19T00:00:00,BOS vs. CHI,L,0.3233333333333333,0.0,0.0,0.0,0.0,0.0,0.0,0.0,0.0,0.0,0.0,0.0,0.0,0.0,0.0,0.0,0.0,0.0,0.0,0.0,0.0,334.0,0.0,0,0,0.0,1,13222,1,13222,26249,22635,24836,22635,15070,20945,15070,13505,14344,13505,14058,22137,23286,19908,16469,12854,8263,8846,20257,17725,23200,10,25228,2246,150,25259,1,0:19
2024-25,1641775,Jordan Walsh,Jordan,1610612738,BOS,Boston Celtics,0022400363,2024-12-19T00:00:00,BOS vs. CHI,L,0.3233333333333333,0.0,111.3,0.0,0.0,111.3,0.0,0.0,0.0,0.0,0.0,0.0,0.0,0.0,0.0,0.0,0.0,0.0,0.0,0.0,0.0,334.0,0.0,0,0,0.0,1,13222,1,13222,26249,22635,2,22635,15070,2,15070,13505,14344,13505,14058,22137,23286,19908,16469,12854,8263,8846,20257,17725,23200,10,25228,2246,150,25259,1,0:19
2024-25,1627832,Fred VanVleet,Fred,1610612745,HOU,Houston Rockets,0022400365,2024-12-19T00:00:00,HOU vs. NOP,W,35.016666666666666,3.1,8.2,0.375,2.1,7.2,0.286,5.1,6.2,0.833,1.0,1.0,2.1,9.3,2.1,2.1,2.1,0.0,0.0,5.1,13.4,25.7,40.0,0,0,35.0,1,1,13086,1,3448,19244,19912,16299,9893,8050,11433,3828,4265,7275,13043,21923,21689,1839,10235,5982,3333,8846,20257,3864,14665,2671,7769,2246,150,10127,1,35:01
2024-25,1628436,Luke Kornet,Luke,1610612738,BOS,Boston Celtics,0022400363,2024-12-19T00:00:00,BOS vs. CHI,L,0.3233333333333333,0.0,0.0,0.0,0.0,0.0,0.0,0.0,0.0,0.0,0.0,0.0,0.0,0.0,0.0,0.0,0.0,0.0,0.0,0.0,0.0,334.0,0.0,0,0,0.0,1,13222,1,13222,26249,22635,24836,22635,15070,20945,15070,13505,14344,13505,14058,22137,23286,19908,16469,12854,8263,8846,20257,17725,23200,10,25228,2246,150,25259,1,0:19
2024-25,1629162,Jordan McLaughlin,Jordan,1610612758,SAC,Sacramento Kings,0022400372,2024-12-19T00:00:00,SAC vs. LAL,L,0.98,0.0,0.0,0.0,0.0,0.0,0.0,0.0,0.0,0.0,0.0,0.0,0.0,0.0,0.0,0.0,0.0,0.0,0.0,0.0,0.0,0.0,0.0,0,0,0.0,1,13222,1,13222,26067,22635,24836,22635,15070,20945,15070,13505,14344,13505,14058,22137,23286,19908,16469,12854,8263,8846,20257,17725,23200,12240,25228,2246,150,25259,1,0:59
2024-25,1629629,Cam Reddish,Cam,1610612747,LAL,Los Angeles Lakers,0022400372,2024-12-19T00:00:00,LAL @ SAC,W,11.416666666666666,0.0,3.2,0.0,0.0,3.2,0.0,0.0,0.0,0.0,0.0,0.0,0.0,0.0,0.0,0.0,0.0,0.0,12.6,0.0,0.0,-28.4,0.0,0,0,0.0,1,1,13086,1,21525,22635,24436,22635,15070,17355,15070,13505,14344,13505,14058,22137,23286,19908,16469,12854,8263,8846,371,17725,23200,23493,25228,2246,150,25259,1,11:25
2024-25,1630208,Nick Richards,Nick,1610612766,CHA,Charlotte Hornets,0022400362,2024-12-19T00:00:00,CHA @ WAS,L,16.868333333333332,6.4,12.8,0.5,0.0,0.0,0.0,4.3,8.5,0.5,10.7,4.3,14.9,2.1,0.0,0.0,0.0,2.1,4.3,4.3,17.1,-27.7,38.2,0,0,34.1,1,13222,1,13222,18342,10440,12199,8526,15070,20945,15070,5223,2167,10625,328,12907,1798,15879,16469,12854,8263,2823,6384,5679,10783,23384,8893,2246,150,10738,1,16:52
2024-25,1630202,Payton Pritchard,Payton,1610612738,BOS,Boston Celtics,0022400363,2024-12-19T00:00:00,BOS vs. CHI,L,30.383333333333333,5.9,14.2,0.417,4.7,11.8,0.4,0.0,0.0,0.0,4.7,2.4,7.1,3.6,0.0,1.2,0.0,0.0,1.2,0.0,16.6,-11.8,34.0,0,0,34.4,1,13222,1,13222,7425,11734,9802,14532,2660,1870,7874,13505,14344,13505,2624,18574,9936,11234,16469,10306,8263,8846,18624,17725,11301,18686,11804,2246,150,10560,1,30:23
2024-25,1629048,Goga Bitadze,Goga,1610612753,ORL,Orlando Magic,0022400361,2024-12-19T00:00:00,ORL vs. OKC,L,27.205,7.9,11.9,0.667,0.0,1.3,0.0,4.0,5.3,0.75,2.6,10.6,13.2,4.0,2.6,0.0,1.3,1.3,2.6,4.0,19.8,5.3,43.0,1,0,39.7,1,13222,1,13222,10189,6766,13742,3281,15070,20476,15070,5749,5477,8186,6229,2163,2647,10013,7716,12854,5547,5529,12254,6399,8030,9961,6137,1,150,6949,1,27:12
2024-25,1642349,Ajay Mitchell,Ajay,1610612760,OKC,Oklahoma City Thunder,0022400361,2024-12-19T00:00:00,OKC @ ORL,W,9.466666666666667,3.8,7.6,0.5,3.8,3.8,1.0,7.6,7.6,1.0,0.0,3.8,3.8,7.6,3.8,0.0,0.0,0.0,3.8,3.8,19.0,26.6,31.2,0,0,34.2,1,1,13086,1,22286,17556,20784,8526,4424,15989,1,1605,2809,1,14058,14312,17812,3277,4310,12854,8263,8846,7727,6840,8847,2498,13913,2246,150,10678,1,9:28
2024-25,1642273,Kyshawn George,Kyshawn,1610612764,WAS,Washington Wizards,0022400362,2024-12-19T00:00:00,WAS vs. CHA,W,16.633333333333333,2.2,8.7,0.25,0.0,6.5,0.0,2.2,4.3,0.5,2.2,4.3,6.5,2.2,4.3,0.0,2.2,0.0,4.3,2.2,6.5,19.5,19.7,0,0,19.5,1,1,13086,1,18513,21109,19261,20233,15070,9561,15070,10070,7148,10625,7706,12715,11191,15746,3256,12854,3034,8846,6196,12319,21054,4114,21316,2246,150,21162,1,16:38
2024-25,1630526,Jeremiah Robinson-Earl,Jeremiah,1610612740,NOP,New Orleans Pelicans,0022400365,2024-12-19T00:00:00,NOP @ HOU,L,2.05,0.0,0.0,0.0,0.0,0.0,0.0,0.0,0.0,0.0,0.0,0.0,0.0,0.0,0.0,0.0,0.0,0.0,0.0,0.0,0.0,-17.6,0.0,0,0,0.0,1,13222,1,13222,25423,22635,24836,22635,15070,20945,15070,13505,14344,13505,14058,22137,23286,19908,16469,12854,8263,8846,20257,17725,23200,20800,25228,2246,150,25259,1,2:03
2024-25,201599,DeAndre Jordan,DeAndre,1610612743,DEN,Denver Nuggets,0022400371,2024-12-19T00:00:00,DEN @ POR,L,11.383333333333333,3.2,6.3,0.5,0.0,0.0,0.0,0.0,0.0,0.0,6.3,15.8,22.1,0.0,0.0,0.0,3.2,3.2,6.3,9.5,6.3,9.5,42.4,0,0,34.8,1,13222,1,13222,21541,19079,22300,8526,15070,20945,15070,13505,14344,13505,1461,456,329,19908,16469,12854,1513,1183,2575,526,21174,7950,6442,2246,150,10237,1,11:23
2024-25,201144,Mike Conley,Mike,1610612750,MIN,Minnesota Timberwolves,0022400367,2024-12-19T00:00:00,MIN vs. NYK,L,18.0,2.0,10.0,0.2,2.0,6.0,0.333,0.0,0.0,0.0,0.0,0.0,0.0,4.0,0.0,2.0,2.0,0.0,2.0,2.0,6.0,-38.0,24.0,0,0,20.0,1,13222,1,13222,17558,21412,17047,21401,10162,10684,9209,13505,14344,13505,14058,22137,23286,9938,16469,6249,3495,8846,15144,13081,21387,24695,18937,2246,150,20849,1,18:00
2024-25,1641842,Ronald Holland II,Ronald,1610612765,DET,Detroit Pistons,0022400360,2024-12-19T00:00:00,DET vs. UTA,L,12.533333333333333,2.9,5.7,0.5,0.0,2.9,0.0,5.7,5.7,1.0,2.9,5.7,8.6,0.0,0.0,0.0,0.0,0.0,5.7,2.9,11.5,17.2,21.8,0,0,20.1,1,13222,1,13222,20972,19728,22866,8526,15070,17911,15070,3142,4821,1,5660,8934,7284,19908,16469,12854,8263,8846,3326,9678,16681,4826,20244,2246,150,20794,1,12:32
2024-25,203939,Dwight Powell,Dwight,1610612742,DAL,Dallas Mavericks,0022400368,2024-12-19T00:00:00,DAL vs. LAC,L,2.933333333333333,0.0,0.0,0.0,0.0,0.0,0.0,0.0,0.0,0.0,0.0,0.0,0.0,0.0,0.0,0.0,0.0,0.0,0.0,0.0,0.0,-73.6,0.0,0,0,0.0,1,13222,1,13222,25014,22635,24836,22635,15070,20945,15070,13505,14344,13505,14058,22137,23286,19908,16469,12854,8263,8846,20257,17725,23200,25935,25228,2246,150,25259,1,2:56
2024-25,1642278,Tyler Kolek,Tyler,1610612752,NYK,New York Knicks,0022400367,2024-12-19T00:00:00,NYK @ MIN,W,1.8333333333333333,0.0,19.6,0.0,0.0,19.6,0.0,0.0,0.0,0.0,0.0,0.0,0.0,0.0,0.0,0.0,0.0,0.0,0.0,0.0,0.0,-19.6,0.0,0,0,0.0,1,1,13086,1,25581,22635,3233,22635,15070,254,15070,13505,14344,13505,14058,22137,23286,19908,16469,12854,8263,8846,20257,17725,23200,21444,25228,2246,150,25259,1,1:50
2024-25,202693,Markieff Morris,Markieff,1610612742,DAL,Dallas Mavericks,0022400368,2024-12-19T00:00:00,DAL vs. LAC,L,2.933333333333333,0.0,0.0,0.0,0.0,0.0,0.0,0.0,0.0,0.0,0.0,0.0,0.0,0.0,0.0,0.0,0.0,0.0,0.0,0.0,0.0,-73.6,0.0,0,0,0.0,1,13222,1,13222,25014,22635,24836,22635,15070,20945,15070,13505,14344,13505,14058,22137,23286,19908,16469,12854,8263,8846,20257,17725,23200,25935,25228,2246,150,25259,1,2:56
2024-25,1642275,Tidjane Salaün,Tidjane,1610612766,CHA,Charlotte Hornets,0022400362,2024-12-19T00:00:00,CHA @ WAS,L,16.116666666666667,2.2,11.2,0.2,2.2,8.9,0.25,0.0,0.0,0.0,4.5,4.5,8.9,2.2,0.0,0.0,0.0,0.0,2.2,2.2,6.7,-4.5,20.8,0,0,20.1,1,13222,1,13222,18846,20978,15072,21401,9104,4916,11902,13505,14344,13505,2963,12344,6844,15500,16469,12854,8263,8846,13949,12012,20921,15310,20804,2246,150,20797,1,16:07
2024-25,1630245,Ayo Dosunmu,Ayo,1610612741,CHI,Chicago Bulls,0022400363,2024-12-19T00:00:00,CHI @ BOS,W,37.65,6.7,13.4,0.5,2.9,4.8,0.6,0.0,0.0,0.0,1.0,6.7,7.6,3.8,1.0,1.9,0.0,2.9,1.0,0.0,16.3,16.3,36.0,0,0,34.4,1,1,13086,1,1602,9701,11170,8526,6987,13752,2992,13505,14344,13505,13596,6898,8883,10437,16111,6704,8263,1505,19929,17725,11649,5157,10398,2246,150,10507,1,37:39
2024-25,1630531,Jaden Springer,Jaden,1610612738,BOS,Boston Celtics,0022400363,2024-12-19T00:00:00,BOS vs. CHI,L,13.123333333333333,0.0,5.5,0.0,0.0,2.7,0.0,0.0,0.0,0.0,0.0,11.0,11.0,0.0,0.0,0.0,0.0,0.0,2.7,0.0,0.0,-13.7,13.2,0,0,11.0,1,13222,1,13222,20685,22635,23104,22635,15070,18178,15070,13505,14344,13505,14058,1919,4431,19908,16469,12854,8263,8846,11873,17725,23200,19386,23726,2246,150,24224,1,13:07
2024-25,201587,Nicolas Batum,Nicolas,1610612746,LAC,LA Clippers,0022400368,2024-12-19T00:00:00,LAC @ DAL,W,22.883333333333333,1.6,7.9,0.2,1.6,7.9,0.2,0.0,0.0,0.0,1.6,4.7,6.3,4.7,0.0,0.0,1.6,0.0,3.1,1.6,4.7,7.9,24.1,0,0,20.5,1,1,13086,1,13803,22070,20456,21401,11777,6680,13429,13505,14344,13505,10031,11649,11626,8139,16469,12854,4628,8846,10110,14716,22171,8701,18900,2246,150,20608,1,22:53
2024-25,1641716,Jarace Walker,Jarace,1610612754,IND,Indiana Pacers,0022400369,2024-12-19T00:00:00,IND @ PHX,W,5.328333333333333,6.8,6.8,1.0,0.0,0.0,0.0,0.0,0.0,0.0,0.0,0.0,0.0,6.8,6.8,0.0,0.0,0.0,6.8,0.0,13.5,-27.0,16.9,0,0,20.3,1,1,13086,1,23860,9541,21829,1,15070,20945,15070,13505,14344,13505,14058,22137,23286,4346,1000,12854,8263,8846,2176,17725,14491,23244,22530,2246,150,20714,1,5:20
2024-25,1627780,Gary Payton II,Gary,1610612744,GSW,Golden State Warriors,0022400366,2024-12-19T00:00:00,GSW @ MEM,L,4.541666666666667,7.9,23.8,0.333,7.9,15.9,0.5,0.0,0.0,0.0,7.9,0.0,7.9,0.0,0.0,0.0,0.0,7.9,7.9,0.0,23.8,-31.7,33.3,0,0,39.6,1,13222,1,13222,24211,6798,1128,17395,479,543,3944,13505,14344,13505,810,22137,8410,19908,16469,12854,8263,110,1392,17725,4945,23993,12359,2246,150,6986,1,4:33
2024-25,1627749,Dejounte Murray,Dejounte,1610612740,NOP,New Orleans Pelicans,0022400365,2024-12-19T00:00:00,NOP @ HOU,L,31.433333333333334,5.7,13.7,0.417,1.1,2.3,0.5,3.4,3.4,1.0,0.0,5.7,5.7,9.2,4.6,1.1,0.0,0.0,3.4,2.3,16.0,-28.6,35.5,0,0,34.4,1,13222,1,13222,6467,12338,10581,14532,13677,19006,3944,6822,9017,1,14058,8978,12945,1891,2877,10636,8263,8846,8951,11792,11891,23530,10725,2246,150,10562,1,31:26
2024-25,202709,Cory Joseph,Cory,1610612753,ORL,Orlando Magic,0022400361,2024-12-19T00:00:00,ORL vs. OKC,L,7.383333333333334,0.0,9.8,0.0,0.0,9.8,0.0,0.0,0.0,0.0,0.0,4.9,4.9,4.9,0.0,4.9,0.0,0.0,0.0,0.0,0.0,9.8,27.8,0,0,19.5,1,13222,1,13222,23034,22635,17468,22635,15070,3780,15070,13505,14344,13505,14058,11219,15122,7742,16469,982,8263,8846,20257,17725,23200,7819,16369,2246,150,21143,1,7:23
2024-25,1628418,Thomas Bryant,Thomas,1610612754,IND,Indiana Pacers,0022400369,2024-12-19T00:00:00,IND @ PHX,W,4.516666666666667,0.0,15.9,0.0,0.0,0.0,0.0,0.0,0.0,0.0,15.9,15.9,31.9,8.0,0.0,0.0,0.0,0.0,8.0,0.0,0.0,-15.9,50.2,0,0,39.9,1,1,13086,1,24226,22635,7194,22635,15070,20945,15070,13505,14344,13505,110,437,68,2914,16469,12854,8263,8846,1375,17725,23200,20240,3212,2246,150,6861,1,4:31
2024-25,1641732,Colby Jones,Colby,1610612758,SAC,Sacramento Kings,0022400372,2024-12-19T00:00:00,SAC vs. LAL,L,0.98,0.0,0.0,0.0,0.0,0.0,0.0,0.0,0.0,0.0,0.0,0.0,0.0,0.0,0.0,0.0,0.0,0.0,0.0,0.0,0.0,0.0,0.0,0,0,0.0,1,13222,1,13222,26067,22635,24836,22635,15070,20945,15070,13505,14344,13505,14058,22137,23286,19908,16469,12854,8263,8846,20257,17725,23200,12240,25228,2246,150,25259,1,0:59
2024-25,203468,CJ McCollum,CJ,1610612740,NOP,New Orleans Pelicans,0022400365,2024-12-19T00:00:00,NOP @ HOU,L,33.9,6.4,18.1,0.353,1.1,5.3,0.2,5.3,6.4,0.833,0.0,5.3,5.3,6.4,3.2,1.1,0.0,2.1,3.2,6.4,19.1,-17.0,35.0,0,0,34.0,1,13222,1,13222,4348,10505,4615,17268,14183,12441,13429,3639,4034,7275,14058,10007,14024,4893,5866,11373,8263,2855,9914,2216,8726,20618,11027,2246,150,10865,1,33:54
2024-25,203932,Aaron Gordon,Aaron,1610612743,DEN,Denver Nuggets,0022400371,2024-12-19T00:00:00,DEN @ POR,L,30.983333333333334,1.2,7.0,0.167,0.0,3.5,0.0,0.0,2.3,0.0,1.2,5.8,7.0,3.5,2.3,0.0,0.0,1.2,2.3,2.3,2.3,0.0,13.6,0,0,12.8,1,13222,1,13222,6893,22529,21595,21938,15070,16682,15070,13505,11708,13505,12036,8776,10190,11424,8971,12854,8263,6538,13547,11654,23106,12240,23606,2246,150,23783,1,30:59
2024-25,1630198,Isaiah Joe,Isaiah,1610612760,OKC,Oklahoma City Thunder,0022400361,2024-12-19T00:00:00,OKC @ ORL,W,17.841666666666665,6.1,12.1,0.5,2.0,6.1,0.333,0.0,0.0,0.0,0.0,4.0,4.0,0.0,2.0,0.0,0.0,0.0,2.0,2.0,14.1,-24.2,16.9,0,0,20.2,1,1,13086,1,17677,11358,13405,8526,10084,10560,9209,13505,14344,13505,14058,13614,17230,19908,10439,12854,8263,8846,15043,12994,13822,22627,22510,2246,150,20764,1,17:51
2024-25,1630183,Jaden McDaniels,Jaden,1610612750,MIN,Minnesota Timberwolves,0022400367,2024-12-19T00:00:00,MIN vs. NYK,L,24.278333333333332,4.4,11.9,0.375,3.0,8.9,0.333,0.0,0.0,0.0,0.0,8.9,8.9,4.4,0.0,0.0,3.0,1.5,1.5,0.0,11.9,-26.7,38.1,0,0,34.1,1,13222,1,13222,12677,15932,13848,16299,6632,4968,9209,13505,14344,13505,14058,3609,6893,8771,16469,12854,1740,4836,17285,17725,16281,23176,8956,2246,150,10776,1,24:17
2024-25,1642261,Dalton Knecht,Dalton,1610612747,LAL,Los Angeles Lakers,0022400372,2024-12-19T00:00:00,LAL @ SAC,W,10.183333333333334,3.5,14.1,0.25,0.0,7.1,0.0,0.0,0.0,0.0,0.0,3.5,3.5,0.0,0.0,0.0,0.0,0.0,3.5,0.0,7.1,-14.1,11.3,0,0,10.6,1,1,13086,1,22040,18236,9938,20233,15070,8317,15070,13505,14344,13505,14058,15125,18475,19908,16469,12854,8263,8846,8644,17725,20665,19565,24173,2246,150,24310,1,10:11
2024-25,1627759,Jaylen Brown,Jaylen,1610612738,BOS,Boston Celtics,0022400363,2024-12-19T00:00:00,BOS vs. CHI,L,36.443333333333335,6.9,16.8,0.412,1.0,7.9,0.125,4.0,4.9,0.8,1.0,2.0,3.0,4.0,3.0,1.0,0.0,0.0,1.0,5.9,18.8,-18.8,28.3,0,0,28.6,1,13222,1,13222,2376,9137,6050,14791,14619,6622,14886,5795,6050,7681,13350,19743,19824,10067,6610,12055,8263,8846,19774,2714,9061,21167,16038,2246,150,14967,1,36:27
2024-25,1629632,Coby White,Coby,1610612741,CHI,Chicago Bulls,0022400363,2024-12-19T00:00:00,CHI @ BOS,W,32.3,4.5,12.3,0.364,1.1,5.6,0.2,3.3,4.5,0.75,2.2,4.5,6.7,3.3,0.0,0.0,0.0,1.1,3.3,5.6,13.4,-3.3,26.4,0,0,24.5,1,1,13086,1,5727,15899,13152,16861,13864,11787,13429,7008,6918,8186,7495,12379,10747,11832,16469,12854,8263,6919,9267,3229,14647,14733,17338,2246,150,17995,1,32:18
2024-25,1627884,Derrick Jones Jr.,Derrick,1610612746,LAC,LA Clippers,0022400368,2024-12-19T00:00:00,LAC @ DAL,W,20.183333333333334,5.4,7.1,0.75,3.6,3.6,1.0,0.0,0.0,0.0,0.0,1.8,1.8,1.8,0.0,1.8,1.8,0.0,3.6,0.0,14.3,25.0,29.8,0,0,28.5,1,1,13086,1,15876,13404,21398,2107,4990,16518,1,13505,14344,13505,14058,20289,22182,17138,16469,7316,4094,8846,8536,17725,13642,2824,14953,2246,150,15038,1,20:11
2024-25,1642274,Yves Missi,Yves,1610612740,NOP,New Orleans Pelicans,0022400365,2024-12-19T00:00:00,NOP @ HOU,L,32.55,5.5,8.8,0.625,0.0,0.0,0.0,1.1,2.2,0.5,4.4,7.7,12.2,1.1,1.1,0.0,0.0,0.0,5.5,2.2,12.2,-21.0,27.3,1,0,25.4,1,13222,1,13222,5517,12914,18939,4899,15070,20945,15070,12898,12049,10625,3022,5089,3370,19333,15098,12854,8263,8846,3661,12108,15963,21835,16726,1,150,17323,1,32:33
2024-25,1631218,Trayce Jackson-Davis,Trayce,1610612744,GSW,Golden State Warriors,0022400366,2024-12-19T00:00:00,GSW @ MEM,L,19.816666666666666,3.6,5.4,0.667,0.0,0.0,0.0,5.4,5.4,1.0,1.8,10.9,12.7,3.6,1.8,1.8,1.8,1.8,1.8,3.6,12.7,-7.3,42.5,0,0,36.3,1,13222,1,13222,16160,18002,23121,3281,15070,20945,15070,3476,5249,1,9180,1958,2986,10984,11469,7173,4018,3847,16099,7300,15369,16622,6359,2246,150,9140,1,19:49
2024-25,1631217,Moussa Diabaté,Moussa,1610612766,CHA,Charlotte Hornets,0022400362,2024-12-19T00:00:00,CHA @ WAS,L,11.595,6.2,6.2,1.0,0.0,0.0,0.0,0.0,0.0,0.0,12.4,9.3,21.7,6.2,0.0,0.0,3.1,0.0,6.2,0.0,12.4,9.3,57.1,0,0,46.6,1,13222,1,13222,21451,10952,22412,1,15070,20945,15070,13505,14344,13505,221,3190,353,5149,16469,12854,1568,8846,2701,17725,15689,8042,1609,2246,150,3640,1,11:36
2024-25,1630170,Devin Vassell,Devin,1610612759,SAS,San Antonio Spurs,0022400370,2024-12-19T00:00:00,SAS vs. ATL,W,37.68333333333333,8.6,15.3,0.563,4.8,6.7,0.714,0.0,0.0,0.0,1.0,2.9,3.8,1.9,1.0,1.9,0.0,0.0,1.0,1.0,22.0,3.8,34.2,0,0,36.3,1,1,13086,1,1580,5446,8134,7127,2599,9122,1861,13505,14344,13505,13602,17194,17774,16715,16113,6711,8263,8846,19935,17530,6243,10740,11650,2246,150,9153,1,37:41
2024-25,1628370,Malik Monk,Malik,1610612758,SAC,Sacramento Kings,0022400372,2024-12-19T00:00:00,SAC vs. LAL,L,36.97,6.8,14.6,0.467,2.9,9.7,0.3,0.0,0.0,0.0,0.0,2.9,2.9,3.9,4.9,1.0,0.0,1.9,2.9,0.0,16.6,-17.5,24.0,0,0,28.2,1,13222,1,13222,2009,9385,9194,12249,6792,3794,11319,13505,14344,13505,14058,17010,19936,10250,2502,12183,8263,3394,11089,17725,11332,20792,18986,2246,150,15259,1,36:58
2024-25,1628973,Jalen Brunson,Jalen,1610612752,NYK,New York Knicks,0022400367,2024-12-19T00:00:00,NYK @ MIN,W,29.75,6.1,16.9,0.357,2.4,6.1,0.4,2.4,2.4,1.0,1.2,2.4,3.6,8.5,3.6,1.2,0.0,2.4,1.2,4.8,16.9,9.7,34.0,0,0,33.9,1,1,13086,1,8001,11360,5861,17140,8413,10563,7874,9277,11422,1,11723,18426,18254,2445,4712,10090,8263,2179,18477,4412,10911,7847,11810,2246,150,10935,1,29:45
2024-25,1626181,Norman Powell,Norman,1610612746,LAC,LA Clippers,0022400368,2024-12-19T00:00:00,LAC @ DAL,W,37.56666666666667,9.6,18.2,0.526,3.8,7.7,0.5,4.8,4.8,1.0,1.0,5.7,6.7,4.8,1.9,2.9,0.0,2.9,1.9,3.8,27.8,16.3,49.7,0,0,48.9,1,1,13086,1,1648,3752,4449,8379,4351,7051,3944,4358,6317,1,13583,8920,10716,7940,10959,3475,8263,1499,15582,6759,2862,5146,3343,2246,150,2865,1,37:34
2024-25,1626167,Myles Turner,Myles,1610612754,IND,Indiana Pacers,0022400369,2024-12-19T00:00:00,IND @ PHX,W,34.195,5.3,10.5,0.5,3.2,8.4,0.375,6.3,6.3,1.0,0.0,6.3,6.3,1.1,2.1,1.1,2.1,0.0,4.2,3.2,20.0,15.8,36.5,0,0,36.8,1,1,13086,1,4104,13635,16166,8526,6060,5708,8800,2571,4106,1,14058,7660,11568,19514,9970,11463,3188,8846,6522,8704,7916,5330,10012,2246,150,8815,1,34:12
2024-25,1631101,Shaedon Sharpe,Shaedon,1610612757,POR,Portland Trail Blazers,0022400371,2024-12-19T00:00:00,POR vs. DEN,W,28.7,11.3,22.6,0.5,2.5,10.0,0.25,8.8,10.0,0.875,2.5,5.0,7.5,5.0,0.0,0.0,0.0,0.0,1.3,5.0,33.9,5.0,50.4,0,0,48.9,1,1,13086,1,8920,2019,1553,8526,8118,3449,11902,1082,1351,6931,6588,10829,9113,7423,16469,12854,8263,8846,18250,4081,1153,10100,3144,2246,150,2852,1,28:42
2024-25,1631110,Jeremy Sochan,Jeremy,1610612759,SAS,San Antonio Spurs,0022400370,2024-12-19T00:00:00,SAS vs. ATL,W,42.35,6.8,11.9,0.571,0.9,1.7,0.5,2.6,4.3,0.6,1.7,5.1,6.8,3.4,0.9,0.9,1.7,1.7,3.4,4.3,17.0,4.3,37.1,0,0,33.2,1,1,13086,1,220,9419,13764,6538,15033,20047,3944,8918,7318,10343,9579,10570,10529,11688,16422,12787,4295,4151,9081,5723,10847,10520,9654,2246,150,11525,1,42:21
2024-25,1627936,Alex Caruso,Alex,1610612760,OKC,Oklahoma City Thunder,0022400361,2024-12-19T00:00:00,OKC @ ORL,W,18.0,6.0,14.0,0.429,6.0,14.0,0.429,4.0,4.0,1.0,0.0,6.0,6.0,2.0,0.0,6.0,0.0,0.0,2.0,2.0,22.0,24.0,50.2,0,0,48.0,1,1,13086,1,17558,11500,10175,13735,1297,924,7394,5689,7842,1,14058,8311,12271,16374,16469,465,8263,8846,15144,13081,6215,3019,3214,2246,150,3132,1,18:00
2024-25,1641757,Jordan Miller,Jordan,1610612746,LAC,LA Clippers,0022400368,2024-12-19T00:00:00,LAC @ DAL,W,2.933333333333333,0.0,0.0,0.0,0.0,0.0,0.0,0.0,0.0,0.0,0.0,0.0,0.0,0.0,0.0,12.3,0.0,0.0,0.0,0.0,0.0,73.6,36.8,0,0,24.5,1,1,13086,1,25014,22635,24836,22635,15070,20945,15070,13505,14344,13505,14058,22137,23286,19908,16469,72,8263,8846,20257,17725,23200,210,9829,2246,150,17975,1,2:56
2024-25,1642270,Donovan Clingan,Donovan,1610612757,POR,Portland Trail Blazers,0022400371,2024-12-19T00:00:00,POR vs. DEN,W,11.666666666666666,3.1,6.2,0.5,3.1,3.1,1.0,0.0,0.0,0.0,0.0,6.2,6.2,0.0,0.0,3.1,0.0,0.0,0.0,0.0,9.3,27.8,25.9,0,0,24.7,1,1,13086,1,21428,19237,22448,8526,6253,17475,1,13505,14344,13505,14058,7960,11883,19908,16469,2961,8263,8846,20257,17725,18855,2305,17669,2246,150,17899,1,11:40
2024-25,1627783,Pascal Siakam,Pascal,1610612754,IND,Indiana Pacers,0022400369,2024-12-19T00:00:00,IND @ PHX,W,39.61666666666667,8.2,20.0,0.409,2.7,6.4,0.429,3.6,4.5,0.8,2.7,13.6,16.4,2.7,0.9,0.9,0.9,1.8,2.7,4.5,22.7,4.5,51.0,1,0,48.2,1,1,13086,1,680,6251,2979,14895,7463,9848,7394,6418,6759,7681,6039,843,1311,13835,16327,12625,8052,3845,11932,5052,5692,10366,2995,1,150,3098,1,39:37
2024-25,1629656,Quentin Grimes,Quentin,1610612742,DAL,Dallas Mavericks,0022400368,2024-12-19T00:00:00,DAL vs. LAC,L,28.15,3.8,10.2,0.375,1.3,5.1,0.25,5.1,6.4,0.8,0.0,6.4,6.4,3.8,1.3,1.3,0.0,0.0,2.6,2.6,14.1,-28.1,30.1,0,0,28.1,1,13222,1,13222,9420,17481,16685,16299,12941,12913,11902,3862,4016,7681,14058,7517,11412,10400,13915,9589,8263,8846,12575,10771,13874,23461,14756,2246,150,15336,1,28:09
2024-25,2544,LeBron James,LeBron,1610612747,LAL,Los Angeles Lakers,0022400372,2024-12-19T00:00:00,LAL @ SAC,W,34.083333333333336,8.4,22.2,0.381,1.1,4.2,0.25,2.1,2.1,1.0,0.0,6.3,6.3,7.4,2.1,0.0,1.1,1.1,1.1,2.1,20.1,13.7,39.8,0,0,37.0,1,1,13086,1,4178,5711,1741,16250,14215,15066,11902,10254,12384,1,14058,7624,11526,3520,9946,12854,7087,7437,19372,12555,7869,6111,7866,2246,150,8742,1,34:05
2024-25,1631124,Julian Strawther,Julian,1610612743,DEN,Denver Nuggets,0022400371,2024-12-19T00:00:00,DEN @ POR,L,9.783333333333333,7.4,14.7,0.5,7.4,14.7,0.5,0.0,0.0,0.0,0.0,0.0,0.0,3.7,0.0,0.0,0.0,0.0,7.4,0.0,22.1,-62.6,27.6,0,0,33.1,1,13222,1,13222,22179,8099,9019,8526,653,760,3944,13505,14344,13505,14058,22137,23286,10843,16469,12854,8263,8846,1736,17725,6144,25737,16501,2246,150,11556,1,9:47
2024-25,1628988,Aaron Holiday,Aaron,1610612745,HOU,Houston Rockets,0022400365,2024-12-19T00:00:00,HOU vs. NOP,W,15.791666666666666,6.8,11.4,0.6,4.6,6.8,0.667,4.6,4.6,1.0,0.0,6.8,6.8,2.3,0.0,0.0,0.0,2.3,6.8,6.8,22.8,-2.3,34.4,0,0,36.5,1,1,13086,1,19077,9321,14660,5394,2957,8804,1957,4744,6730,1,14058,6637,10448,15301,16469,12854,8263,2472,2112,1786,5632,14193,11496,2246,150,9064,1,15:48
2024-25,1628969,Mikal Bridges,Mikal,1610612752,NYK,New York Knicks,0022400367,2024-12-19T00:00:00,NYK @ MIN,W,35.605,12.1,18.2,0.667,4.0,8.1,0.5,1.0,1.0,1.0,2.0,4.0,6.1,6.1,3.0,1.0,0.0,0.0,2.0,1.0,29.3,35.4,45.7,0,0,47.5,1,1,13086,1,2989,1444,4460,3281,3906,6313,3944,13211,14205,1,8291,13586,12131,5371,6345,11853,8263,8846,15015,17353,2334,1355,4858,2246,150,3294,1,35:36
2024-25,1629023,P.J. Washington,P.J.,1610612742,DAL,Dallas Mavericks,0022400368,2024-12-19T00:00:00,DAL vs. LAC,L,34.86666666666667,5.2,13.4,0.385,3.1,4.1,0.75,1.0,2.1,0.5,1.0,8.3,9.3,0.0,2.1,2.1,1.0,1.0,3.1,3.1,14.5,-13.4,32.8,0,0,33.0,1,13222,1,13222,3564,13913,11120,16070,6224,15272,1542,13135,12538,10625,13006,4337,6326,19908,10183,5932,7253,7639,10280,8894,13452,19278,12701,2246,150,11625,1,34:52
2024-25,1629008,Michael Porter Jr.,Michael,1610612743,DEN,Denver Nuggets,0022400371,2024-12-19T00:00:00,DEN @ POR,L,32.38333333333333,6.7,12.2,0.545,3.3,7.8,0.429,1.1,2.2,0.5,1.1,5.6,6.7,3.3,1.1,1.1,0.0,1.1,1.1,2.2,17.8,7.8,33.0,0,0,33.4,1,13222,1,13222,5657,9762,13216,7695,5561,6835,7394,12885,12014,10625,12380,9395,10795,11866,15053,10927,8263,6948,19037,12062,10041,8738,12579,2246,150,11358,1,32:23
2024-25,203903,Jordan Clarkson,Jordan,1610612762,UTA,Utah Jazz,0022400360,2024-12-19T00:00:00,UTA @ DET,W,13.566666666666666,2.7,15.9,0.167,2.7,8.0,0.333,0.0,0.0,0.0,0.0,2.7,2.7,13.3,10.6,2.7,2.7,0.0,2.7,5.3,8.0,-26.5,36.4,0,0,37.1,1,1,13086,1,20447,20180,7222,21938,7674,6518,9209,13505,14344,13505,14058,17804,20531,480,285,4008,2146,8846,12228,3615,19954,23139,10114,2246,150,8617,1,13:34
2024-25,1630527,Brandon Boston,Brandon,1610612740,NOP,New Orleans Pelicans,0022400365,2024-12-19T00:00:00,NOP @ HOU,L,21.4,5.0,15.1,0.333,1.7,3.4,0.5,0.0,0.0,0.0,0.0,5.0,5.0,5.0,1.7,5.0,0.0,1.7,0.0,0.0,11.8,1.7,38.9,0,0,33.6,1,13222,1,13222,14991,14240,8358,17395,11455,16940,3944,13505,14344,13505,14058,10733,14676,7361,11995,873,8263,4193,20257,17725,16368,11797,8501,2246,150,11114,1,21:24
2024-25,1630169,Tyrese Haliburton,Tyrese,1610612754,IND,Indiana Pacers,0022400369,2024-12-19T00:00:00,IND @ PHX,W,37.15,3.9,8.7,0.444,3.9,8.7,0.444,1.0,1.9,0.5,1.0,2.9,3.9,11.6,1.9,0.0,1.0,0.0,1.0,0.0,12.6,13.6,35.7,1,0,33.9,1,1,13086,1,1884,17390,19150,13045,4249,5230,7211,13328,12888,10625,13504,17055,17636,802,10859,12854,7697,8846,19861,17725,15498,6181,10608,1,150,10913,1,37:09
2024-25,1630173,Precious Achiuwa,Precious,1610612752,NYK,New York Knicks,0022400367,2024-12-19T00:00:00,NYK @ MIN,W,27.795,7.8,11.7,0.667,1.3,1.3,1.0,0.0,0.0,0.0,3.9,9.1,13.0,2.6,1.3,1.3,0.0,0.0,2.6,0.0,16.8,-5.2,38.9,1,0,36.3,1,1,13086,1,9727,7119,14205,3281,12877,20499,1,13505,14344,13505,3751,3442,2831,14240,13821,9486,8263,8846,12458,17725,11016,15687,8506,1,150,9181,1,27:48
2024-25,203078,Bradley Beal,Bradley,1610612756,PHX,Phoenix Suns,0022400369,2024-12-19T00:00:00,PHX vs. IND,L,31.416666666666668,6.9,10.3,0.667,2.3,4.6,0.5,2.3,2.3,1.0,1.1,1.1,2.3,0.0,3.4,0.0,1.1,0.0,2.3,1.1,18.3,-19.5,21.1,0,0,25.2,1,13222,1,13222,6487,9232,16537,3281,8883,14229,3944,9656,11810,1,12148,21643,21217,19908,5154,12854,6512,8846,13688,16672,9485,21393,20642,2246,150,17510,1,31:25
2024-25,203991,Clint Capela,Clint,1610612737,ATL,Atlanta Hawks,0022400370,2024-12-19T00:00:00,ATL @ SAS,L,21.593333333333334,8.3,11.7,0.714,0.0,0.0,0.0,0.0,0.0,0.0,5.0,10.0,15.0,1.7,5.0,0.0,1.7,1.7,3.3,1.7,16.7,-15.0,37.2,0,0,36.7,1,13222,1,13222,14861,5913,14182,2752,15070,20945,15070,13505,14344,13505,2380,2586,1765,17449,2339,12854,4371,4233,9318,14381,11200,19908,9557,2246,150,8935,1,21:36
2024-25,1627826,Ivica Zubac,Ivica,1610612746,LAC,LA Clippers,0022400368,2024-12-19T00:00:00,LAC @ DAL,W,33.31666666666667,10.8,14.0,0.769,0.0,0.0,0.0,1.1,2.2,0.5,3.2,13.0,16.2,5.4,1.1,2.2,0.0,0.0,2.2,2.2,22.7,16.2,55.6,1,0,48.6,1,1,13086,1,4886,2413,10098,2080,15070,20945,15070,12971,12212,10625,4859,1026,1357,6632,15271,5542,8263,8846,14295,12341,5715,5181,1868,1,150,2947,1,33:19
2024-25,1629646,Charles Bassey,Charles,1610612759,SAS,San Antonio Spurs,0022400370,2024-12-19T00:00:00,SAS vs. ATL,W,7.566666666666666,9.5,23.8,0.4,0.0,0.0,0.0,0.0,0.0,0.0,9.5,9.5,19.0,0.0,4.8,0.0,4.8,0.0,4.8,0.0,19.0,-33.3,51.4,0,0,47.6,1,1,13086,1,22969,3854,1124,14933,15070,20945,15070,13505,14344,13505,469,2989,691,19908,2641,12854,598,8846,5157,17725,8822,24208,2874,2246,150,3277,1,7:34
2024-25,1630551,Justin Champagnie,Justin,1610612764,WAS,Washington Wizards,0022400362,2024-12-19T00:00:00,WAS vs. CHA,W,26.8,6.7,9.4,0.714,1.3,4.0,0.333,4.0,4.0,1.0,5.4,5.4,10.7,2.7,2.7,0.0,0.0,0.0,1.3,2.7,18.8,4.0,33.0,0,0,33.6,1,1,13086,1,10488,9648,18109,2752,12679,15515,9209,5646,7784,1,2023,9845,4652,13945,7568,12854,8263,8846,17854,10348,9030,10629,12561,2246,150,11173,1,26:48
2024-25,1630228,Jonathan Kuminga,Jonathan,1610612744,GSW,Golden State Warriors,0022400366,2024-12-19T00:00:00,GSW @ MEM,L,27.6,2.6,15.7,0.167,0.0,2.6,0.0,9.1,13.0,0.7,0.0,5.2,5.2,2.6,5.2,1.3,0.0,1.3,0.0,7.8,14.3,-30.0,23.2,0,0,24.8,1,13222,1,13222,9868,20263,7621,21938,15070,18436,15070,958,581,9366,14058,10237,14234,14185,2098,9430,8263,5628,20257,1113,13553,23732,19427,2246,150,17840,1,27:36
2024-25,1628374,Lauri Markkanen,Lauri,1610612762,UTA,Utah Jazz,0022400360,2024-12-19T00:00:00,UTA @ DET,W,36.166666666666664,7.0,14.9,0.467,3.0,9.0,0.333,10.0,10.0,1.0,3.0,10.9,13.9,1.0,1.0,1.0,1.0,1.0,0.0,8.0,26.9,16.9,50.1,1,0,48.8,1,1,13086,1,2557,8999,8713,12249,6569,4891,9209,708,1389,1,5378,1929,2266,19689,15885,12003,7507,7971,20257,1044,3260,4933,3254,1,150,2898,1,36:10
2024-25,1629234,Drew Eubanks,Drew,1610612762,UTA,Utah Jazz,0022400360,2024-12-19T00:00:00,UTA @ DET,W,12.916666666666666,5.6,13.9,0.4,0.0,0.0,0.0,0.0,0.0,0.0,0.0,11.1,11.1,2.8,0.0,0.0,0.0,2.8,5.6,0.0,11.1,-22.3,28.7,0,0,25.1,1,1,13086,1,20783,12773,10266,14933,15070,20945,15070,13505,14344,13505,14058,1827,4278,13625,16469,12854,8263,1611,3587,17725,17039,22164,15707,2246,150,17618,1,12:55
2024-25,1627827,Dorian Finney-Smith,Dorian,1610612751,BKN,Brooklyn Nets,0022400364,2024-12-19T00:00:00,BKN @ TOR,W,32.266666666666666,3.3,7.8,0.429,2.2,4.5,0.5,0.0,0.0,0.0,1.1,4.5,5.6,1.1,0.0,1.1,2.2,1.1,0.0,1.1,8.9,21.2,27.3,0,0,24.5,1,1,13086,1,5765,18645,20521,13735,9112,14539,3944,13505,14344,13505,12353,12356,13334,19304,16469,10891,2878,6905,20257,16841,19155,3650,16716,2246,150,17975,1,32:16
2024-25,1629651,Nic Claxton,Nic,1610612751,BKN,Brooklyn Nets,0022400364,2024-12-19T00:00:00,BKN @ TOR,W,10.566666666666666,10.2,17.0,0.6,0.0,0.0,0.0,3.4,6.8,0.5,6.8,10.2,17.0,0.0,0.0,0.0,3.4,0.0,0.0,10.2,23.8,-6.8,54.5,0,0,47.7,1,1,13086,1,21884,3000,5763,5394,15070,20945,15070,6886,3555,10625,1220,2408,1120,19908,16469,12854,1301,8846,20257,377,4907,16427,2085,2246,150,3255,1,10:34
2024-25,1631204,Marcus Sasser,Marcus,1610612765,DET,Detroit Pistons,0022400360,2024-12-19T00:00:00,DET vs. UTA,L,11.933333333333334,6.0,15.1,0.4,3.0,9.1,0.333,0.0,0.0,0.0,0.0,3.0,3.0,12.1,3.0,0.0,0.0,0.0,12.1,0.0,15.1,-3.0,33.8,0,0,33.2,1,13222,1,13222,21316,11417,8458,14933,6439,4739,9209,13505,14344,13505,14058,16655,19676,703,6407,12854,8263,8846,415,17725,12820,14579,11986,2246,150,11512,1,11:56
2024-25,204001,Kristaps Porziņģis,Kristaps,1610612738,BOS,Boston Celtics,0022400363,2024-12-19T00:00:00,BOS vs. CHI,L,35.67666666666667,7.1,17.2,0.412,2.0,7.1,0.286,4.0,4.0,1.0,2.0,6.1,8.1,0.0,0.0,0.0,3.0,2.0,2.0,3.0,20.2,-8.1,38.9,0,0,36.3,1,13222,1,13222,2927,8778,5629,14791,10081,8323,11433,5634,7770,1,8305,8219,8137,19908,16469,12854,1659,3170,15042,9137,7762,17002,8445,2246,150,9143,1,35:41
2024-25,1630577,Julian Champagnie,Julian,1610612759,SAS,San Antonio Spurs,0022400370,2024-12-19T00:00:00,SAS vs. ATL,W,25.983333333333334,4.2,11.1,0.375,2.8,8.3,0.333,0.0,0.0,0.0,0.0,5.5,5.5,2.8,1.4,2.8,0.0,0.0,4.2,0.0,11.1,5.5,28.8,0,0,27.7,1,1,13086,1,11176,16714,15222,16299,7316,5893,9209,13505,14344,13505,14058,9424,13438,13684,13372,3757,8263,8846,6677,17725,17112,9824,15620,2246,150,15631,1,25:59
2024-25,1629027,Trae Young,Trae,1610612737,ATL,Atlanta Hawks,0022400370,2024-12-19T00:00:00,ATL @ SAS,L,36.66166666666667,6.9,15.7,0.438,2.9,5.9,0.5,5.9,7.9,0.75,0.0,0.0,0.0,15.7,4.9,2.9,0.0,1.0,2.9,4.9,22.6,-6.9,50.1,1,0,47.1,1,13222,1,13222,2241,9236,7526,13558,6701,10966,3944,2971,2623,8186,14058,22137,23286,234,2453,3281,8263,8070,10951,4276,5793,16461,3250,1,150,3423,1,36:40
2024-25,1641718,Keyonte George,Keyonte,1610612762,UTA,Utah Jazz,0022400360,2024-12-19T00:00:00,UTA @ DET,W,32.666666666666664,8.8,18.7,0.471,7.7,14.3,0.538,5.5,6.6,0.833,0.0,4.4,4.4,3.3,5.5,0.0,1.1,0.0,1.1,4.4,30.9,13.2,38.9,0,0,48.5,1,1,13086,1,5424,5036,3993,12143,530,844,3915,3404,3752,7275,14058,12502,16262,11958,1805,12854,6777,8846,19084,5322,1814,6298,8476,2246,150,2990,1,32:40
2024-25,1628381,John Collins,John,1610612762,UTA,Utah Jazz,0022400360,2024-12-19T00:00:00,UTA @ DET,W,36.781666666666666,3.9,9.8,0.4,2.0,3.9,0.5,5.9,5.9,1.0,2.9,5.9,8.8,0.0,5.9,0.0,1.0,1.0,4.9,5.9,15.7,0.0,23.3,0,0,28.4,1,1,13086,1,2134,17285,17410,14933,10364,15750,3944,3003,4654,1,5496,8614,7008,19908,1486,12854,7635,8112,4854,2787,12257,12240,19376,2246,150,15157,1,36:47
2024-25,1630539,Kai Jones,Kai,1610612746,LAC,LA Clippers,0022400368,2024-12-19T00:00:00,LAC @ DAL,W,2.933333333333333,0.0,0.0,0.0,0.0,0.0,0.0,0.0,0.0,0.0,0.0,12.3,12.3,12.3,0.0,0.0,0.0,0.0,0.0,0.0,0.0,73.6,33.1,0,0,24.5,1,1,13086,1,25014,22635,24836,22635,15070,20945,15070,13505,14344,13505,14058,1240,3284,658,16469,12854,8263,8846,20257,17725,23200,210,12483,2246,150,17975,1,2:56
2024-25,1629026,Kenrich Williams,Kenrich,1610612760,OKC,Oklahoma City Thunder,0022400361,2024-12-19T00:00:00,OKC @ ORL,W,11.483333333333333,6.3,9.4,0.667,0.0,3.1,0.0,6.3,6.3,1.0,0.0,6.3,6.3,3.1,0.0,0.0,0.0,0.0,9.4,3.1,18.8,18.8,31.0,0,0,28.2,1,1,13086,1,21495,10799,18106,3281,15070,17391,15070,2620,4160,1,14058,7754,11678,12519,16469,12854,8263,8846,839,8774,9028,4312,14034,2246,150,15280,1,11:29
2024-25,1630188,Jalen Smith,Jalen,1610612741,CHI,Chicago Bulls,0022400363,2024-12-19T00:00:00,CHI @ BOS,W,15.0,0.0,0.0,0.0,0.0,0.0,0.0,0.0,0.0,0.0,2.4,12.0,14.4,2.4,2.4,0.0,0.0,0.0,2.4,2.4,0.0,2.4,18.5,0,0,16.8,1,1,13086,1,19560,22635,24836,22635,15070,20945,15070,13505,14344,13505,6919,1347,2044,14879,8654,12854,8263,8846,13205,11348,23200,11417,21895,2246,150,22384,1,15:00
2024-25,1630529,Herbert Jones,Herbert,1610612740,NOP,New Orleans Pelicans,0022400365,2024-12-19T00:00:00,NOP @ HOU,L,31.566666666666666,6.8,16.0,0.429,4.6,9.1,0.5,4.6,4.6,1.0,1.1,1.1,2.3,2.3,1.1,0.0,0.0,1.1,3.4,3.4,22.8,-23.9,27.8,0,0,31.9,1,13222,1,13222,6365,9314,7157,13735,2954,4637,3944,4741,6726,1,12190,21657,21243,15296,14861,12854,8263,6709,9001,7893,5627,22559,16348,2246,150,12433,1,31:34
2024-25,1630557,Corey Kispert,Corey,1610612764,WAS,Washington Wizards,0022400362,2024-12-19T00:00:00,WAS vs. CHA,W,19.133333333333333,9.4,15.1,0.625,5.6,9.4,0.6,0.0,0.0,0.0,0.0,7.5,7.5,3.8,3.8,0.0,1.9,1.9,1.9,0.0,24.5,9.4,41.0,0,0,45.2,1,1,13086,1,16723,4016,8509,4899,1617,4242,2992,13505,14344,13505,14058,5444,9113,10613,4408,12854,3821,3620,15776,17725,4514,7986,7164,2246,150,4177,1,19:08
2024-25,1628415,Dillon Brooks,Dillon,1610612745,HOU,Houston Rockets,0022400365,2024-12-19T00:00:00,HOU vs. NOP,W,33.70666666666666,10.7,17.1,0.625,6.4,10.7,0.6,0.0,0.0,0.0,1.1,6.4,7.5,2.1,1.1,1.1,0.0,0.0,3.2,2.1,27.8,23.5,42.1,0,0,45.9,1,1,13086,1,4544,2532,5707,4899,1055,2801,2992,13505,14344,13505,12729,7493,9216,15869,15363,11305,8263,8846,9849,12458,2877,3148,6575,2246,150,3845,1,33:42
2024-25,203084,Harrison Barnes,Harrison,1610612759,SAS,San Antonio Spurs,0022400370,2024-12-19T00:00:00,SAS vs. ATL,W,18.215,4.0,17.8,0.222,0.0,7.9,0.0,4.0,5.9,0.667,2.0,4.0,5.9,4.0,2.0,2.0,0.0,0.0,4.0,5.9,11.9,15.8,28.9,0,0,25.7,1,1,13086,1,17435,17202,4917,21205,15070,6618,15070,5788,4578,9425,8493,13869,12457,10062,10632,6356,8263,8846,7274,2710,16284,5321,15593,2246,150,17144,1,18:13
2024-25,1630175,Cole Anthony,Cole,1610612753,ORL,Orlando Magic,0022400361,2024-12-19T00:00:00,ORL vs. OKC,L,12.511666666666667,2.9,8.6,0.333,2.9,5.8,0.5,0.0,0.0,0.0,0.0,8.6,8.6,5.8,11.5,0.0,0.0,0.0,5.8,0.0,8.6,-60.4,16.1,0,0,25.9,1,13222,1,13222,20989,19718,19296,17395,6954,11316,3944,13505,14344,13505,14058,3898,7256,5941,227,12854,8263,8846,3307,17725,19403,25701,22804,2246,150,17008,1,12:31
2024-25,1631132,Christian Koloko,Christian,1610612747,LAL,Los Angeles Lakers,0022400372,2024-12-19T00:00:00,LAL @ SAC,W,4.166666666666667,0.0,17.3,0.0,0.0,0.0,0.0,0.0,0.0,0.0,0.0,8.6,8.6,0.0,0.0,0.0,8.6,8.6,8.6,0.0,0.0,-51.8,36.3,0,0,25.9,1,1,13086,1,24397,22635,5476,22635,15070,20945,15070,13505,14344,13505,14058,3891,7244,19908,16469,12854,116,90,1082,17725,23200,25463,10174,2246,150,16996,1,4:10
2024-25,1641729,Brice Sensabaugh,Brice,1610612762,UTA,Utah Jazz,0022400360,2024-12-19T00:00:00,UTA @ DET,W,12.416666666666666,5.8,8.7,0.667,2.9,5.8,0.5,0.0,0.0,0.0,0.0,14.5,14.5,5.8,2.9,0.0,0.0,0.0,5.8,0.0,14.5,14.5,37.7,0,0,37.7,1,1,13086,1,21035,12115,19193,3281,6871,11204,3944,13505,14344,13505,14058,661,1993,5856,6845,12854,8263,8846,3224,17725,13412,5823,9228,2246,150,8229,1,12:25
2024-25,203484,Kentavious Caldwell-Pope,Kentavious,1610612753,ORL,Orlando Magic,0022400361,2024-12-19T00:00:00,ORL vs. OKC,L,33.0,3.3,8.7,0.375,3.3,5.5,0.6,2.2,2.2,1.0,1.1,0.0,1.1,5.5,2.2,1.1,1.1,1.1,2.2,1.1,12.0,8.7,25.9,0,0,26.2,1,13222,1,13222,5145,18824,19140,16299,5748,12074,2992,10021,12144,1,12547,22137,23091,6527,9588,11095,6860,7136,14183,16947,16132,8312,17710,2246,150,16805,1,33:00
2024-25,101108,Chris Paul,Chris,1610612759,SAS,San Antonio Spurs,0022400370,2024-12-19T00:00:00,SAS vs. ATL,W,31.885,4.5,4.5,1.0,3.4,3.4,1.0,1.1,1.1,1.0,0.0,7.9,7.9,9.0,4.5,4.5,1.1,0.0,1.1,2.3,13.5,19.2,49.0,0,0,45.2,1,1,13086,1,6068,15729,23795,1,5419,16891,1,12820,13997,1,14058,4854,8455,1996,2978,1216,6619,8846,18936,11907,14444,4204,3626,2246,150,4173,1,31:53
2024-25,1630530,Trey Murphy III,Trey,1610612740,NOP,New Orleans Pelicans,0022400365,2024-12-19T00:00:00,NOP @ HOU,L,36.056666666666665,10.0,17.0,0.588,4.0,6.0,0.667,4.0,5.0,0.8,1.0,0.0,1.0,3.0,2.0,1.0,0.0,1.0,4.0,4.0,28.0,-11.0,34.6,0,0,37.9,1,13222,1,13222,2642,3240,5834,6229,4011,10722,1957,5709,5931,7681,13267,22137,23210,12951,10540,11976,8263,7941,7166,6327,2806,18314,11337,2246,150,8065,1,36:03
2024-25,1642267,Bub Carrington,Bub,1610612764,WAS,Washington Wizards,0022400362,2024-12-19T00:00:00,WAS vs. CHA,W,33.96333333333333,1.1,4.2,0.25,0.0,2.1,0.0,0.0,0.0,0.0,2.1,7.4,9.5,4.2,2.1,0.0,0.0,0.0,4.2,0.0,2.1,3.2,17.8,0,0,15.9,1,1,13086,1,4302,22595,23968,20233,15070,19336,15070,13505,14344,13505,7886,5650,6009,9278,9908,12854,8263,8846,6447,17725,23147,11027,22174,2246,150,22749,1,33:58
2024-25,1629723,John Konchar,John,1610612763,MEM,Memphis Grizzlies,0022400366,2024-12-19T00:00:00,MEM vs. GSW,W,14.166666666666666,5.1,10.2,0.5,5.1,10.2,0.5,0.0,0.0,0.0,0.0,5.1,5.1,7.6,2.5,2.5,0.0,0.0,7.6,2.5,15.2,7.6,37.9,0,0,38.1,1,1,13086,1,20100,14137,16791,8526,2178,3314,3944,13505,14344,13505,14058,10628,14567,3256,8074,4273,8263,8846,1560,10834,12658,8818,9112,2246,150,7947,1,14:10
2024-25,1629645,Kevin Porter Jr.,Kevin,1610612746,LAC,LA Clippers,0022400368,2024-12-19T00:00:00,LAC @ DAL,W,19.733333333333334,9.1,20.1,0.455,3.6,7.3,0.5,0.0,0.0,0.0,0.0,7.3,7.3,0.0,3.6,0.0,0.0,1.8,3.6,1.8,21.9,7.3,27.0,0,0,32.8,1,1,13086,1,16233,4495,2919,12676,4804,7822,3944,13505,14344,13505,14058,5827,9576,19908,4675,12854,8263,3818,8264,13832,6294,8986,16951,2246,150,11773,1,19:44
2024-25,1630598,Aaron Wiggins,Aaron,1610612760,OKC,Oklahoma City Thunder,0022400361,2024-12-19T00:00:00,OKC @ ORL,W,30.666666666666668,3.5,8.2,0.429,2.3,3.5,0.667,3.5,4.7,0.75,0.0,2.3,2.3,1.2,0.0,2.3,1.2,1.2,3.5,3.5,12.9,17.6,28.1,0,0,25.8,1,1,13086,1,7151,18276,19921,13735,8675,16611,1957,6666,6485,8186,14058,18632,21106,19100,16469,4876,6341,6455,8694,7604,15187,4705,16182,2246,150,17049,1,30:40
2024-25,1628379,Luke Kennard,Luke,1610612763,MEM,Memphis Grizzlies,0022400366,2024-12-19T00:00:00,MEM vs. GSW,W,23.75,7.6,15.2,0.5,7.6,10.6,0.714,0.0,0.0,0.0,0.0,3.0,3.0,1.5,0.0,1.5,0.0,1.5,1.5,1.5,22.7,22.7,33.2,0,0,37.9,1,1,13086,1,13112,7560,8323,8526,568,2867,1861,13505,14344,13505,14058,16612,19629,17916,16469,8338,8263,4709,17155,14939,5667,3308,12429,2246,150,8092,1,23:45
2024-25,204456,T.J. McConnell,T.J.,1610612754,IND,Indiana Pacers,0022400369,2024-12-19T00:00:00,IND @ PHX,W,15.588333333333333,6.9,18.5,0.375,0.0,0.0,0.0,11.5,13.9,0.833,0.0,4.6,4.6,11.5,2.3,2.3,0.0,0.0,2.3,6.9,25.4,-4.6,52.9,0,0,46.2,1,1,13086,1,19201,9102,4235,16299,15070,20945,15070,397,470,7275,14058,11930,15775,828,9029,5002,8263,8846,13605,1708,3996,15378,2486,2246,150,3748,1,15:35
2024-25,1626166,Cameron Payne,Cameron,1610612752,NYK,New York Knicks,0022400367,2024-12-19T00:00:00,NYK @ MIN,W,18.25,5.9,17.8,0.333,5.9,13.8,0.429,0.0,0.0,0.0,2.0,0.0,2.0,11.8,0.0,2.0,2.0,2.0,2.0,0.0,17.8,35.5,49.7,0,0,45.4,1,1,13086,1,17404,11754,4943,17395,1365,988,7394,13505,14344,13505,8513,22137,21852,756,16469,6378,3557,3306,15287,17725,10082,1343,3355,2246,150,4082,1,18:15
2024-25,1628978,Donte DiVincenzo,Donte,1610612750,MIN,Minnesota Timberwolves,0022400367,2024-12-19T00:00:00,MIN vs. NYK,L,25.471666666666668,7.1,12.7,0.556,4.2,8.5,0.5,2.8,2.8,1.0,1.4,7.1,8.5,4.2,2.8,0.0,0.0,0.0,1.4,2.8,21.2,-28.3,34.9,0,0,38.2,1,13222,1,13222,11610,8768,12351,7248,3499,5622,3944,8271,10415,1,10688,6239,7504,9277,7122,12854,8263,8846,17572,9872,6924,23482,11119,2246,150,7923,1,25:28
2024-25,1630166,Deni Avdija,Deni,1610612757,POR,Portland Trail Blazers,0022400371,2024-12-19T00:00:00,POR vs. DEN,W,21.063333333333333,10.3,15.4,0.667,5.1,10.3,0.5,6.8,6.8,1.0,0.0,3.4,3.4,1.7,1.7,0.0,1.7,0.0,5.1,5.1,32.5,-12.0,42.6,0,0,46.1,1,1,13086,1,15251,2959,7988,3281,2130,3208,3944,2131,3534,1,14058,15469,18744,17340,11881,12854,4272,8846,4326,3884,1423,18721,6340,2246,150,3762,1,21:04
2024-25,203501,Tim Hardaway Jr.,Tim,1610612765,DET,Detroit Pistons,0022400360,2024-12-19T00:00:00,DET vs. UTA,L,30.316666666666666,3.6,13.1,0.273,2.4,10.7,0.222,0.0,1.2,0.0,0.0,2.4,2.4,2.4,0.0,0.0,0.0,1.2,0.0,2.4,9.5,-23.7,15.9,0,0,16.6,1,13222,1,13222,7479,18170,11757,20048,8573,2794,13288,13505,13910,13505,14058,18563,21058,14965,16469,12854,8263,6359,20257,11449,18635,22510,22890,2246,150,22458,1,30:19
2024-25,1627741,Buddy Hield,Buddy,1610612744,GSW,Golden State Warriors,0022400366,2024-12-19T00:00:00,GSW @ MEM,L,19.71,7.3,11.0,0.667,1.8,5.5,0.333,0.0,0.0,0.0,0.0,7.3,7.3,0.0,1.8,3.7,0.0,0.0,1.8,0.0,16.4,-45.7,34.3,0,0,32.9,1,13222,1,13222,16259,8214,15433,3281,10964,12008,9209,13505,14344,13505,14058,5820,9561,19908,11429,2023,8263,8846,16055,17725,11463,25210,11564,2246,150,11749,1,19:43
2024-25,203552,Seth Curry,Seth,1610612766,CHA,Charlotte Hornets,0022400362,2024-12-19T00:00:00,CHA @ WAS,L,31.753333333333334,3.4,10.2,0.333,2.3,7.9,0.286,0.0,0.0,0.0,1.1,3.4,4.5,3.4,0.0,3.4,0.0,0.0,4.5,1.1,9.1,4.5,29.8,0,0,26.1,1,13222,1,13222,6198,18544,16724,17395,8987,6557,11433,13505,14344,13505,12233,15521,15957,11686,16469,2382,8263,8846,5695,16745,19006,10370,14928,2246,150,16883,1,31:45
2024-25,1642367,Jonathan Mogbo,Jonathan,1610612761,TOR,Toronto Raptors,0022400364,2024-12-19T00:00:00,TOR vs. BKN,L,30.37,4.7,13.0,0.364,0.0,2.4,0.0,0.0,0.0,0.0,1.2,5.9,7.1,4.7,1.2,2.4,0.0,1.2,3.6,2.4,9.5,-15.4,31.1,0,0,26.1,1,13222,1,13222,7441,15144,11786,16861,15070,18865,15070,13505,14344,13505,11894,8491,9931,8075,14549,4795,8263,6370,8580,11466,18656,20057,14019,2246,150,16880,1,30:22
2024-25,203992,Bogdan Bogdanović,Bogdan,1610612737,ATL,Atlanta Hawks,0022400370,2024-12-19T00:00:00,ATL @ SAS,L,30.826666666666668,3.5,10.5,0.333,2.3,8.2,0.286,2.3,2.3,1.0,1.2,3.5,4.7,4.7,3.5,1.2,0.0,0.0,1.2,2.3,11.7,9.3,24.3,0,0,25.7,1,13222,1,13222,7022,18320,16206,17395,8720,6131,11433,9508,11679,1,12009,15235,15645,8254,5002,10447,8263,8846,18727,11605,16486,8021,18755,2246,150,17145,1,30:50
2024-25,1630249,Vít Krejčí,Vít,1610612737,ATL,Atlanta Hawks,0022400370,2024-12-19T00:00:00,ATL @ SAS,L,19.691666666666666,0.0,7.3,0.0,0.0,7.3,0.0,0.0,0.0,0.0,0.0,5.5,5.5,5.5,3.7,5.5,1.8,0.0,1.8,0.0,0.0,3.7,33.1,0,0,25.6,1,13222,1,13222,16272,22635,21189,22635,15070,7793,15070,13505,14344,13505,14058,9570,13577,6458,4664,644,3987,8846,16048,17725,23200,10832,12523,2246,150,17212,1,19:42
2024-25,1630700,Dyson Daniels,Dyson,1610612737,ATL,Atlanta Hawks,0022400370,2024-12-19T00:00:00,ATL @ SAS,L,27.58,2.6,7.8,0.333,0.0,2.6,0.0,0.0,0.0,0.0,1.3,5.2,6.5,2.6,2.6,1.3,0.0,1.3,5.2,0.0,5.2,-44.4,18.3,0,0,17.0,1,13222,1,13222,9894,20262,20494,17395,15070,18433,15070,13505,14344,13505,11172,10231,11110,14183,7838,9425,8263,5623,4159,17725,21899,25144,21979,2246,150,22321,1,27:35
2024-25,1626156,D'Angelo Russell,D'Angelo,1610612747,LAL,Los Angeles Lakers,0022400372,2024-12-19T00:00:00,LAL @ SAC,W,22.85,11.0,23.6,0.467,3.2,9.5,0.333,0.0,0.0,0.0,1.6,7.9,9.5,1.6,0.0,1.6,1.6,0.0,3.2,0.0,25.2,1.6,48.4,0,0,45.7,1,1,13086,1,13831,2236,1177,12249,6093,4179,9209,13505,14344,13505,10021,4898,6113,17722,16469,8083,4620,8846,10078,17725,4116,11838,3858,2246,150,3937,1,22:51
2024-25,1628401,Derrick White,Derrick,1610612738,BOS,Boston Celtics,0022400363,2024-12-19T00:00:00,BOS vs. CHI,L,35.51,5.1,14.2,0.357,3.0,12.2,0.25,3.0,3.0,1.0,1.0,7.1,8.1,4.1,0.0,1.0,2.0,0.0,1.0,5.1,16.2,-9.1,41.2,0,0,37.5,1,13222,1,13222,3064,14189,9843,17140,6375,1689,11902,7691,9873,1,13143,6186,8073,9788,16469,11829,3402,8846,19620,3976,11703,17488,7077,2246,150,8356,1,35:31
2024-25,1641744,Zach Edey,Zach,1610612763,MEM,Memphis Grizzlies,0022400366,2024-12-19T00:00:00,MEM vs. GSW,W,23.925,4.5,7.5,0.6,1.5,3.0,0.5,1.5,3.0,0.5,6.0,6.0,12.0,6.0,6.0,0.0,3.0,1.5,7.5,3.0,12.0,36.1,38.5,0,0,37.6,1,1,13086,1,12974,15737,20899,5394,12009,17621,3944,11788,9952,10625,1607,8285,3459,5452,1364,12854,1681,4764,1633,9206,16102,1276,8699,2246,150,8276,1,23:56
2024-25,1629216,Gabe Vincent,Gabe,1610612747,LAL,Los Angeles Lakers,0022400372,2024-12-19T00:00:00,LAL @ SAC,W,22.45,6.4,8.0,0.8,6.4,8.0,0.8,0.0,0.0,0.0,3.2,4.8,8.0,4.8,0.0,0.0,0.0,0.0,6.4,3.2,19.2,6.4,36.1,0,0,38.5,1,1,13086,1,14153,10401,20234,1688,1046,6418,1389,13505,14344,13505,4925,11395,8238,7891,16469,12854,8263,8846,2472,8537,8603,9412,10310,2246,150,7711,1,22:27
2024-25,1641708,Amen Thompson,Amen,1610612745,HOU,Houston Rockets,0022400365,2024-12-19T00:00:00,HOU vs. NOP,W,23.916666666666668,1.5,4.5,0.333,0.0,0.0,0.0,3.0,3.0,1.0,0.0,6.0,6.0,7.5,3.0,0.0,3.0,1.5,6.0,1.5,6.0,1.5,30.6,0,0,25.6,1,1,13086,1,12977,22157,23796,17395,15070,20945,15070,7774,9948,1,14058,8280,12226,3364,6431,12854,1678,4759,2910,14984,21373,11866,14385,2246,150,17218,1,23:55
2024-25,1630534,Ochai Agbaji,Ochai,1610612761,TOR,Toronto Raptors,0022400364,2024-12-19T00:00:00,TOR vs. BKN,L,35.56666666666667,8.1,16.2,0.5,4.0,8.1,0.5,0.0,0.0,0.0,0.0,5.1,5.1,1.0,0.0,1.0,0.0,0.0,1.0,0.0,20.2,-8.1,30.9,0,0,32.4,1,13222,1,13222,3020,6420,6839,8526,3893,6290,3944,13505,14344,13505,14058,10694,14632,19640,16469,11841,8263,8846,19629,17725,7702,17016,14148,2246,150,12069,1,35:34
2024-25,1630592,Jalen Wilson,Jalen,1610612751,BKN,Brooklyn Nets,0022400364,2024-12-19T00:00:00,BKN @ TOR,W,27.4,1.3,14.5,0.091,0.0,9.2,0.0,5.3,6.6,0.8,2.6,0.0,2.6,1.3,0.0,2.6,0.0,0.0,1.3,2.6,7.9,-10.5,20.9,0,0,17.1,1,1,13086,1,10016,22391,9431,22599,15070,4537,15070,3701,3810,7681,6277,22137,20589,18613,16469,4067,8263,8846,17978,10550,20009,18109,20748,2246,150,22269,1,27:24
2024-25,1641710,Anthony Black,Anthony,1610612753,ORL,Orlando Magic,0022400361,2024-12-19T00:00:00,ORL vs. OKC,L,30.816666666666666,9.3,16.4,0.571,3.5,7.0,0.5,4.7,5.8,0.8,0.0,1.2,1.2,3.5,1.2,1.2,0.0,0.0,3.5,4.7,26.9,-3.5,35.9,0,0,37.4,1,13222,1,13222,7026,4135,6611,6538,5136,8449,3944,4553,4697,7681,14058,21593,22986,11378,14672,10444,8263,8846,8735,4777,3262,14800,10463,2246,150,8445,1,30:49
2024-25,1641717,Cason Wallace,Cason,1610612760,OKC,Oklahoma City Thunder,0022400361,2024-12-19T00:00:00,OKC @ ORL,W,20.85,3.5,5.2,0.667,1.7,3.5,0.5,0.0,0.0,0.0,0.0,1.7,1.7,0.0,0.0,0.0,1.7,0.0,1.7,0.0,8.6,-15.5,15.9,0,0,15.5,1,1,13086,1,15397,18417,23335,3281,11320,16752,3944,13505,14344,13505,14058,20406,22267,19908,16469,12854,4231,8846,16440,17725,19398,20104,22899,2246,150,22867,1,20:51
2024-25,1630217,Desmond Bane,Desmond,1610612763,MEM,Memphis Grizzlies,0022400366,2024-12-19T00:00:00,MEM vs. GSW,W,24.25,8.9,13.4,0.667,4.5,7.4,0.6,0.0,0.0,0.0,0.0,5.9,5.9,10.4,4.5,1.5,0.0,0.0,1.5,0.0,22.3,53.4,45.0,0,0,46.0,1,1,13086,1,12688,4874,11201,3281,3143,7554,2992,13505,14344,13505,14058,8468,12434,1243,3068,8476,8263,8846,17281,17725,6027,475,5191,2246,150,3807,1,24:15
2024-25,1642259,Alex Sarr,Alex,1610612764,WAS,Washington Wizards,0022400362,2024-12-19T00:00:00,WAS vs. CHA,W,32.61666666666667,6.6,14.3,0.462,3.3,6.6,0.5,4.4,8.8,0.5,2.2,7.7,9.9,5.5,3.3,0.0,3.3,0.0,1.1,5.5,21.0,4.4,47.8,0,0,46.4,1,1,13086,1,5465,9877,9621,12428,5624,9270,3944,4966,1958,10625,7561,5120,5510,6389,5475,12854,1387,8846,19076,3310,7101,10420,4051,2246,150,3706,1,32:37
2024-25,1641711,Gradey Dick,Gradey,1610612761,TOR,Toronto Raptors,0022400364,2024-12-19T00:00:00,TOR vs. BKN,L,33.483333333333334,6.5,15.1,0.429,4.3,8.6,0.5,3.2,4.3,0.75,3.2,3.2,6.5,2.2,4.3,1.1,1.1,2.2,4.3,6.5,20.4,-11.8,33.5,0,0,37.6,1,13222,1,13222,4745,10308,8522,13735,3391,5418,3944,7267,7207,8186,4892,16004,11273,15817,3326,11232,6940,2767,6285,2125,7561,18677,12161,2246,150,8264,1,33:29
2024-25,1630172,Patrick Williams,Patrick,1610612741,CHI,Chicago Bulls,0022400363,2024-12-19T00:00:00,CHI @ BOS,W,22.95,7.8,20.4,0.385,6.3,14.1,0.444,0.0,0.0,0.0,0.0,3.1,3.1,1.6,1.6,0.0,0.0,4.7,4.7,0.0,22.0,-1.6,26.5,0,0,32.9,1,1,13086,1,13753,6978,2697,16070,1128,895,7211,13505,14344,13505,14058,16313,19405,17742,12466,12854,8263,437,5262,17725,6253,13826,17289,2246,150,11701,1,22:57
2024-25,1629652,Luguentz Dort,Luguentz,1610612760,OKC,Oklahoma City Thunder,0022400361,2024-12-19T00:00:00,OKC @ ORL,W,26.458333333333332,1.4,6.8,0.2,0.0,5.4,0.0,0.0,0.0,0.0,1.4,4.1,5.4,1.4,2.7,2.7,1.4,0.0,6.8,1.4,2.7,10.9,20.8,0,0,17.7,1,1,13086,1,10773,22338,21783,21401,15070,12098,15070,13505,14344,13505,10925,13473,13696,18467,7460,3860,5404,8846,2142,15619,23019,7284,20781,2246,150,21990,1,26:28
2024-25,1629057,Robert Williams III,Robert,1610612757,POR,Portland Trail Blazers,0022400371,2024-12-19T00:00:00,POR vs. DEN,W,10.266666666666667,0.0,0.0,0.0,0.0,0.0,0.0,0.0,0.0,0.0,3.5,10.5,14.0,3.5,0.0,0.0,0.0,0.0,0.0,0.0,0.0,-3.5,22.1,0,0,17.5,1,1,13086,1,22006,22635,24836,22635,15070,20945,15070,13505,14344,13505,4368,2214,2224,11371,16469,12854,8263,8846,20257,17725,23200,14802,20091,2246,150,22062,1,10:16
2024-25,1642346,Ryan Dunn,Ryan,1610612756,PHX,Phoenix Suns,0022400369,2024-12-19T00:00:00,PHX vs. IND,L,11.666666666666666,3.1,9.3,0.333,0.0,3.1,0.0,0.0,0.0,0.0,0.0,0.0,0.0,3.1,0.0,0.0,0.0,3.1,6.2,0.0,6.2,6.2,10.8,0,0,9.3,1,13222,1,13222,21428,19237,18328,17395,15070,17475,15070,13505,14344,13505,14058,22137,23286,12646,16469,12854,8263,1245,2734,17725,21260,9532,24281,2246,150,24567,1,11:40
2024-25,1631212,Peyton Watson,Peyton,1610612743,DEN,Denver Nuggets,0022400371,2024-12-19T00:00:00,DEN @ POR,L,17.016666666666666,4.2,6.3,0.667,0.0,2.1,0.0,8.5,10.6,0.8,2.1,2.1,4.2,2.1,2.1,0.0,0.0,0.0,4.2,6.3,16.9,-4.2,23.1,0,0,23.3,1,13222,1,13222,18243,16506,22272,3281,15070,19344,15070,1200,1169,7681,7901,19316,16728,15946,9927,12854,8263,8846,6467,2240,10933,15191,19522,2246,150,18822,1,17:01
2024-25,1629111,Jock Landale,Jock,1610612745,HOU,Houston Rockets,0022400365,2024-12-19T00:00:00,HOU vs. NOP,W,2.05,0.0,0.0,0.0,0.0,0.0,0.0,0.0,0.0,0.0,0.0,17.6,17.6,0.0,0.0,0.0,0.0,0.0,0.0,0.0,0.0,17.6,21.1,0,0,17.6,1,1,13086,1,25423,22635,24836,22635,15070,20945,15070,13505,14344,13505,14058,286,999,19908,16469,12854,8263,8846,20257,17725,23200,4717,20644,2246,150,22047,1,2:03
2024-25,1641722,Jordan Hawkins,Jordan,1610612740,NOP,New Orleans Pelicans,0022400365,2024-12-19T00:00:00,NOP @ HOU,L,17.25,4.2,14.6,0.286,2.1,6.3,0.333,0.0,0.0,0.0,0.0,2.1,2.1,0.0,0.0,0.0,2.1,2.1,0.0,0.0,10.4,-14.6,19.2,0,0,18.8,1,13222,1,13222,18110,16666,9188,19630,9740,10057,9209,13505,14344,13505,14058,19397,21639,19908,16469,12854,3240,2959,20257,17725,17721,19749,21545,2246,150,21484,1,17:15
2024-25,1631165,Keon Ellis,Keon,1610612758,SAC,Sacramento Kings,0022400372,2024-12-19T00:00:00,SAC vs. LAL,L,21.066666666666666,3.4,6.8,0.5,1.7,3.4,0.5,0.0,0.0,0.0,0.0,6.8,6.8,1.7,0.0,0.0,0.0,1.7,1.7,1.7,8.5,-1.7,19.3,0,0,18.8,1,13222,1,13222,15243,18503,21747,8526,11370,16831,3944,13505,14344,13505,14058,6642,10450,17341,16469,12854,8263,4123,16505,14238,19473,13878,21496,2246,150,21480,1,21:04
2024-25,1630256,Jae'Sean Tate,Jae'Sean,1610612745,HOU,Houston Rockets,0022400365,2024-12-19T00:00:00,HOU vs. NOP,W,2.05,0.0,17.6,0.0,0.0,17.6,0.0,0.0,0.0,0.0,0.0,0.0,0.0,17.6,0.0,0.0,0.0,0.0,17.6,0.0,0.0,17.6,26.3,0,0,17.6,1,1,13086,1,25423,22635,5182,22635,15070,371,15070,13505,14344,13505,14058,22137,23286,147,16469,12854,8263,8846,164,17725,23200,4717,17393,2246,150,22047,1,2:03
2024-25,1630548,Johnny Juzang,Johnny,1610612762,UTA,Utah Jazz,0022400360,2024-12-19T00:00:00,UTA @ DET,W,13.433333333333334,5.4,13.4,0.4,2.7,5.4,0.5,0.0,0.0,0.0,2.7,5.4,8.0,0.0,0.0,0.0,0.0,0.0,2.7,0.0,13.4,-42.9,23.0,0,0,24.1,1,1,13086,1,20517,13367,11151,14933,7591,12304,3944,13505,14344,13505,6149,9871,8197,19908,16469,12854,8263,8846,12119,17725,14617,25039,19532,2246,150,18250,1,13:26
2024-25,1630553,Keon Johnson,Keon,1610612751,BKN,Brooklyn Nets,0022400364,2024-12-19T00:00:00,BKN @ TOR,W,8.183333333333334,0.0,13.2,0.0,0.0,8.8,0.0,0.0,0.0,0.0,0.0,4.4,4.4,0.0,8.8,0.0,0.0,4.4,17.6,4.4,0.0,-26.4,-3.5,0,0,4.4,1,1,13086,1,22745,22635,11485,22635,15070,5108,15070,13505,14344,13505,14058,12524,16282,19908,450,12854,8263,515,163,5347,23200,23108,26163,2246,150,25163,1,8:11
2024-25,1642345,Oso Ighodaro,Oso,1610612756,PHX,Phoenix Suns,0022400369,2024-12-19T00:00:00,PHX vs. IND,L,4.55,0.0,0.0,0.0,0.0,0.0,0.0,0.0,0.0,0.0,0.0,7.9,7.9,0.0,0.0,0.0,0.0,0.0,7.9,0.0,0.0,31.6,9.5,0,0,7.9,1,13222,1,13222,24199,22635,24836,22635,15070,20945,15070,13505,14344,13505,14058,4838,8432,19908,16469,12854,8263,8846,1399,17725,23200,1769,24494,2246,150,24773,1,4:33
2024-25,1641767,Ben Sheppard,Ben,1610612754,IND,Indiana Pacers,0022400369,2024-12-19T00:00:00,IND @ PHX,W,16.421666666666667,2.2,8.8,0.25,0.0,6.6,0.0,0.0,0.0,0.0,2.2,2.2,4.4,0.0,0.0,2.2,2.2,0.0,8.8,0.0,4.4,24.1,22.8,0,0,17.5,1,1,13086,1,18643,21055,19076,20233,15070,9370,15070,13505,14344,13505,7605,19094,16323,19908,16469,5430,2964,8846,1040,17725,22355,3003,19685,2246,150,22061,1,16:25
2024-25,1629675,Naz Reid,Naz,1610612750,MIN,Minnesota Timberwolves,0022400367,2024-12-19T00:00:00,MIN vs. NYK,L,15.628333333333334,2.3,16.1,0.143,2.3,9.2,0.25,0.0,0.0,0.0,0.0,4.6,4.6,4.6,2.3,0.0,0.0,0.0,9.2,0.0,6.9,-13.8,17.0,0,0,18.4,1,13222,1,13222,19182,20846,6938,22260,8835,4505,11902,13505,14344,13505,14058,11963,15795,8396,9053,12854,8263,8846,894,17725,20785,19430,22468,2246,150,21657,1,15:38
2024-25,1641765,Olivier-Maxence Prosper,Olivier-Maxence,1610612742,DAL,Dallas Mavericks,0022400368,2024-12-19T00:00:00,DAL vs. LAC,L,11.366666666666667,0.0,9.5,0.0,0.0,3.2,0.0,0.0,0.0,0.0,0.0,0.0,0.0,3.2,0.0,0.0,0.0,3.2,0.0,3.2,0.0,-3.2,4.8,0,0,3.2,1,13222,1,13222,21548,22635,17945,22635,15070,17327,15070,13505,14344,13505,14058,22137,23286,12427,16469,12854,8263,1179,20257,8673,23200,14658,25025,2246,150,25224,1,11:22
2024-25,1631209,Isaiah Wong,Isaiah,1610612766,CHA,Charlotte Hornets,0022400362,2024-12-19T00:00:00,CHA @ WAS,L,13.426666666666666,2.7,10.7,0.25,0.0,2.7,0.0,0.0,5.4,0.0,0.0,8.0,8.0,5.4,2.7,0.0,0.0,2.7,0.0,2.7,5.4,-18.8,20.4,0,0,18.8,1,13222,1,13222,20526,20130,15845,20233,15070,18294,15070,13505,5367,13505,14058,4644,8188,6703,7588,12854,8263,1772,20257,10373,21819,21166,20991,2246,150,21501,1,13:26
2024-25,203497,Rudy Gobert,Rudy,1610612750,MIN,Minnesota Timberwolves,0022400367,2024-12-19T00:00:00,MIN vs. NYK,L,22.3,1.6,1.6,1.0,0.0,0.0,0.0,1.6,6.5,0.25,1.6,4.8,6.5,0.0,0.0,3.2,0.0,0.0,3.2,3.2,4.8,-59.7,22.3,0,0,17.8,1,13222,1,13222,14279,22008,24812,1,15070,20945,15070,11576,3927,13358,9866,11298,11258,19908,16469,2678,8263,8846,9742,8465,22099,25682,19995,2246,150,21966,1,22:18
2024-25,1631323,Simone Fontecchio,Simone,1610612765,DET,Detroit Pistons,0022400360,2024-12-19T00:00:00,DET vs. UTA,L,18.456666666666667,3.9,5.9,0.667,0.0,2.0,0.0,3.9,3.9,1.0,2.0,2.0,3.9,0.0,2.0,3.9,0.0,0.0,2.0,2.0,11.7,19.5,26.1,0,0,23.4,1,13222,1,13222,17244,17318,22755,3281,15070,19642,15070,5877,8035,1,8619,19820,17567,19908,10777,1739,8263,8846,15405,13315,16449,4106,17531,2246,150,18731,1,18:27
2024-25,1641816,Hunter Tyson,Hunter,1610612743,DEN,Denver Nuggets,0022400371,2024-12-19T00:00:00,DEN @ POR,L,5.833333333333333,0.0,12.3,0.0,0.0,6.2,0.0,0.0,0.0,0.0,6.2,6.2,12.3,6.2,0.0,0.0,0.0,0.0,0.0,0.0,0.0,49.4,24.1,0,0,18.5,1,13222,1,13222,23649,22635,12991,22635,15070,10258,15070,13505,14344,13505,1531,7960,3235,5205,16469,12854,8263,8846,20257,17725,23200,568,18902,2246,150,21616,1,5:50
2024-25,1629750,Javonte Green,Javonte,1610612740,NOP,New Orleans Pelicans,0022400365,2024-12-19T00:00:00,NOP @ HOU,L,17.043333333333333,4.2,6.3,0.667,0.0,0.0,0.0,0.0,2.1,0.0,0.0,6.3,6.3,0.0,0.0,0.0,2.1,0.0,2.1,2.1,8.4,6.3,22.4,0,0,19.0,1,13222,1,13222,18231,16534,22284,3281,15070,20945,15070,13505,12386,13505,14058,7628,11529,19908,16469,12854,3171,8846,14557,12558,19561,9456,19932,2246,150,21387,1,17:03
2024-25,1628467,Maxi Kleber,Maxi,1610612742,DAL,Dallas Mavericks,0022400368,2024-12-19T00:00:00,DAL vs. LAC,L,13.25,0.0,2.7,0.0,0.0,0.0,0.0,0.0,0.0,0.0,2.7,2.7,5.4,0.0,0.0,0.0,0.0,0.0,0.0,0.0,0.0,-16.3,6.5,0,0,5.4,1,13222,1,13222,20626,22635,24578,22635,15070,20945,15070,13505,14344,13505,6051,17645,13716,19908,16469,12854,8263,8846,20257,17725,23200,20366,24861,2246,150,25059,1,13:15
2024-25,201950,Jrue Holiday,Jrue,1610612738,BOS,Boston Celtics,0022400363,2024-12-19T00:00:00,BOS vs. CHI,L,29.116666666666667,3.7,9.9,0.375,0.0,4.9,0.0,0.0,0.0,0.0,0.0,1.2,1.2,4.9,0.0,1.2,1.2,0.0,1.2,0.0,7.4,1.2,23.7,0,0,18.5,1,13222,1,13222,8571,17809,17258,16299,15070,13324,15070,13505,14344,13505,14058,21428,22894,7583,16469,9896,5960,8846,18345,17725,20391,11984,19134,2246,150,21604,1,29:07
2024-25,1630200,Tre Jones,Tre,1610612759,SAS,San Antonio Spurs,0022400370,2024-12-19T00:00:00,SAS vs. ATL,W,13.755,0.0,5.2,0.0,0.0,2.6,0.0,0.0,0.0,0.0,0.0,0.0,0.0,5.2,0.0,0.0,0.0,2.6,2.6,0.0,0.0,-5.2,7.9,0,0,5.2,1,1,13086,1,20332,22635,23301,22635,15070,18419,15070,13505,14344,13505,14058,22137,23286,6974,16469,12854,8263,1853,12368,17725,23200,15719,24719,2246,150,25084,1,13:45
2024-25,1630322,Lindy Waters III,Lindy,1610612744,GSW,Golden State Warriors,0022400366,2024-12-19T00:00:00,GSW @ MEM,L,17.258333333333333,2.1,12.5,0.167,2.1,8.3,0.25,0.0,0.0,0.0,0.0,4.2,4.2,2.1,0.0,2.1,0.0,0.0,2.1,0.0,6.3,-33.4,20.7,0,0,18.8,1,13222,1,13222,18106,21254,12699,21938,9744,5838,11902,13505,14344,13505,14058,13195,16877,16043,16469,5848,8263,8846,14670,17725,21207,24213,20872,2246,150,21495,1,17:16
2024-25,1627739,Kris Dunn,Kris,1610612746,LAC,LA Clippers,0022400368,2024-12-19T00:00:00,LAC @ DAL,W,25.1,1.4,7.2,0.2,1.4,4.3,0.333,0.0,0.0,0.0,0.0,1.4,1.4,8.6,1.4,1.4,0.0,0.0,4.3,0.0,4.3,15.8,21.8,0,0,18.6,1,1,13086,1,11916,22251,21355,21401,12316,14905,9209,13505,14344,13505,14058,21016,22651,2335,13082,8731,8263,8846,6276,17725,22407,5333,20263,2246,150,21554,1,25:06
2024-25,1630695,Micah Potter,Micah,1610612762,UTA,Utah Jazz,0022400360,2024-12-19T00:00:00,UTA @ DET,W,11.368333333333334,3.2,3.2,1.0,0.0,0.0,0.0,0.0,0.0,0.0,3.2,9.5,12.7,0.0,0.0,0.0,0.0,0.0,3.2,0.0,6.3,41.2,21.5,0,0,19.0,1,1,13086,1,21547,19068,24432,1,15070,20945,15070,13505,14344,13505,5013,3009,3023,19908,16469,12854,8263,8846,10017,17725,21168,894,20389,2246,150,21393,1,11:22
2024-25,203110,Draymond Green,Draymond,1610612744,GSW,Golden State Warriors,0022400366,2024-12-19T00:00:00,GSW @ MEM,L,19.061666666666667,0.0,7.6,0.0,0.0,1.9,0.0,0.0,0.0,0.0,0.0,0.0,0.0,0.0,7.6,1.9,0.0,1.9,7.6,3.8,0.0,-79.3,-1.9,0,0,3.8,1,13222,1,13222,16781,22635,20850,22635,15070,19762,15070,13505,14344,13505,14058,22137,23286,19908,691,6818,8263,3601,1595,6912,23200,25996,26152,2246,150,25196,1,19:04
2024-25,1628366,Lonzo Ball,Lonzo,1610612741,CHI,Chicago Bulls,0022400363,2024-12-19T00:00:00,CHI @ BOS,W,18.066666666666666,2.0,13.9,0.143,2.0,13.9,0.143,0.0,0.0,0.0,2.0,4.0,6.0,6.0,4.0,0.0,2.0,0.0,4.0,0.0,6.0,19.9,24.1,0,0,23.9,1,1,13086,1,17524,21424,10251,22260,10196,939,14649,13505,14344,13505,8417,13767,12339,5535,3907,12854,3512,8846,7183,17725,21418,3976,18872,2246,150,18387,1,18:04
2024-25,1642347,Jamal Shead,Jamal,1610612761,TOR,Toronto Raptors,0022400364,2024-12-19T00:00:00,TOR vs. BKN,L,25.618333333333332,2.8,9.8,0.286,1.4,7.0,0.2,0.0,0.0,0.0,1.4,0.0,1.4,5.6,2.8,1.4,0.0,0.0,5.6,4.2,7.0,-14.1,18.5,0,0,18.3,1,13222,1,13222,11475,19854,17341,19630,12432,8411,13429,13505,14344,13505,10728,22137,22680,6209,7179,8873,8263,8846,3515,5802,20704,19521,21865,2246,150,21731,1,25:37
2024-25,1630703,Scoot Henderson,Scoot,1610612757,POR,Portland Trail Blazers,0022400371,2024-12-19T00:00:00,POR vs. DEN,W,26.583333333333332,2.7,14.9,0.182,1.4,6.8,0.2,2.7,4.1,0.667,2.7,2.7,5.4,5.4,2.7,1.4,1.4,2.7,2.7,4.1,9.5,6.8,29.5,0,0,27.1,1,1,13086,1,10652,20069,8750,21891,12639,8956,13429,8558,7710,9425,6079,17672,13766,6596,7504,9168,5428,1727,12010,6138,18657,9255,15132,2246,150,16093,1,26:35
2024-25,1629659,Talen Horton-Tucker,Talen,1610612741,CHI,Chicago Bulls,0022400363,2024-12-19T00:00:00,CHI @ BOS,W,18.916666666666668,7.6,20.9,0.364,1.9,9.5,0.2,0.0,0.0,0.0,1.9,3.8,5.7,1.9,1.9,0.0,0.0,0.0,3.8,1.9,17.1,-7.6,24.9,0,0,26.6,1,1,13086,1,16893,7476,2379,16861,10619,4088,13429,13505,14344,13505,8797,14297,12986,16740,11022,12854,8263,8846,7714,13496,10704,16793,18340,2246,150,16437,1,18:55
2024-25,1631095,Jabari Smith Jr.,Jabari,1610612745,HOU,Houston Rockets,0022400365,2024-12-19T00:00:00,HOU vs. NOP,W,31.966666666666665,6.8,12.4,0.545,3.4,6.8,0.5,0.0,0.0,0.0,1.1,1.1,2.3,5.6,0.0,1.1,0.0,0.0,1.1,1.1,16.9,21.4,31.4,0,0,30.4,1,1,13086,1,5995,9538,12917,7695,5437,8996,3944,13505,14344,13505,12285,21695,21309,6188,16469,10810,8263,8846,18951,16795,10970,3597,13730,2246,150,13627,1,31:58
2024-25,203944,Julius Randle,Julius,1610612750,MIN,Minnesota Timberwolves,0022400367,2024-12-19T00:00:00,MIN vs. NYK,L,30.466666666666665,9.5,20.1,0.471,4.7,9.5,0.5,4.7,7.1,0.667,2.4,3.5,5.9,3.5,5.9,0.0,0.0,0.0,2.4,3.5,28.4,-15.4,34.9,0,0,42.5,1,13222,1,13222,7345,3951,2898,12143,2683,4175,3944,4466,3284,9425,7037,15100,12505,11264,1446,12854,8263,8846,13379,7544,2649,20035,11149,2246,150,5383,1,30:28
2024-25,203915,Spencer Dinwiddie,Spencer,1610612742,DAL,Dallas Mavericks,0022400368,2024-12-19T00:00:00,DAL vs. LAC,L,37.333333333333336,5.8,15.4,0.375,0.0,5.8,0.0,6.8,8.7,0.778,1.0,1.9,2.9,6.8,1.0,2.9,1.0,1.0,0.0,6.8,18.3,-16.4,42.5,0,0,35.7,1,13222,1,13222,1775,12151,7920,16299,15070,11238,15070,2197,2068,8092,13540,19892,20013,4349,16063,3430,7726,8233,20257,1858,9504,20408,6354,2246,150,9602,1,37:20
2024-25,203995,Vasilije Micić,Vasilije,1610612766,CHA,Charlotte Hornets,0022400362,2024-12-19T00:00:00,CHA @ WAS,L,15.906666666666666,2.3,9.1,0.25,0.0,0.0,0.0,4.5,4.5,1.0,4.5,2.3,6.8,2.3,2.3,4.5,0.0,0.0,2.3,4.5,9.1,-38.5,31.9,0,0,27.2,1,13222,1,13222,18996,20922,18638,20233,15070,20945,15070,4791,6791,1,2892,18880,10554,15373,9247,1210,8263,8846,13806,5082,19028,24744,13395,2246,150,16052,1,15:54
2024-25,1631099,Keegan Murray,Keegan,1610612758,SAC,Sacramento Kings,0022400372,2024-12-19T00:00:00,SAC vs. LAL,L,34.85333333333333,4.1,11.4,0.364,2.1,4.1,0.5,0.0,0.0,0.0,1.0,6.2,7.2,1.0,0.0,2.1,1.0,1.0,1.0,0.0,10.3,-16.5,29.9,0,0,26.9,1,13222,1,13222,3578,16768,14736,16861,9839,15267,3944,13505,14344,13505,13003,7898,9686,19585,16469,5931,7251,7638,19510,17725,17829,20453,14904,2246,150,16267,1,34:51
2024-25,1628976,Wendell Carter Jr.,Wendell,1610612753,ORL,Orlando Magic,0022400361,2024-12-19T00:00:00,ORL vs. OKC,L,29.566666666666666,2.4,7.3,0.333,0.0,2.4,0.0,7.3,11.0,0.667,3.7,12.2,15.8,4.9,0.0,0.0,1.2,1.2,1.2,7.3,12.2,-1.2,42.1,1,0,35.3,1,13222,1,13222,8168,20583,21199,17395,15070,18739,15070,1798,1038,9425,4118,1278,1478,7756,16469,12854,6064,6142,18433,1443,15948,13684,6555,1,150,9872,1,29:34
2024-25,1631117,Walker Kessler,Walker,1610612762,UTA,Utah Jazz,0022400360,2024-12-19T00:00:00,UTA @ DET,W,35.083333333333336,3.1,6.2,0.5,0.0,0.0,0.0,0.0,0.0,0.0,5.1,7.2,12.3,4.1,0.0,0.0,4.1,3.1,2.1,0.0,6.2,15.4,39.4,0,0,30.8,1,1,13086,1,3396,19256,22470,8526,15070,20945,15070,13505,14344,13505,2260,6035,3258,9656,16469,12854,865,1254,14863,17725,21279,5471,8128,2246,150,13334,1,35:05
2024-25,1627734,Domantas Sabonis,Domantas,1610612758,SAC,Sacramento Kings,0022400372,2024-12-19T00:00:00,SAC vs. LAL,L,38.285,7.5,12.2,0.615,0.9,0.9,1.0,0.9,3.8,0.25,0.9,10.3,11.3,8.5,0.9,0.0,1.9,2.8,4.7,1.9,16.9,-15.0,47.9,1,0,41.4,1,13222,1,13222,1227,7718,13222,5246,14835,20904,1,13397,8348,13358,13719,2327,4157,2456,16195,12854,3825,1572,5280,13587,10932,19923,4018,1,150,5988,1,38:17
2024-25,1641731,Bilal Coulibaly,Bilal,1610612764,WAS,Washington Wizards,0022400362,2024-12-19T00:00:00,WAS vs. CHA,W,34.81666666666667,5.2,13.4,0.385,2.1,7.2,0.286,2.1,2.1,1.0,1.0,6.2,7.2,5.2,3.1,2.1,1.0,1.0,3.1,3.1,14.5,-1.0,37.1,0,0,35.2,1,1,13086,1,3597,13893,11100,16070,9827,7963,11433,10411,12528,1,12991,7884,9673,7091,6120,5921,7242,7630,10267,8882,13434,13558,9610,2246,150,9987,1,34:49
2024-25,1628384,OG Anunoby,OG,1610612752,NYK,New York Knicks,0022400367,2024-12-19T00:00:00,NYK @ MIN,W,30.416666666666668,3.6,9.5,0.375,1.2,5.9,0.2,2.4,2.4,1.0,1.2,2.4,3.6,4.7,0.0,2.4,1.2,1.2,1.2,1.2,10.7,33.1,32.7,0,0,27.2,1,1,13086,1,7392,18201,18003,16299,13455,10894,13429,9410,11577,1,11904,18583,18443,8090,16469,4805,6282,6382,18634,16489,17512,1613,12826,2246,150,16002,1,30:25
2024-25,1642266,Ja'Kobe Walter,Ja'Kobe,1610612761,TOR,Toronto Raptors,0022400364,2024-12-19T00:00:00,TOR vs. BKN,L,24.233333333333334,4.5,14.9,0.3,1.5,4.5,0.333,0.0,1.5,0.0,3.0,3.0,5.9,3.0,0.0,0.0,0.0,4.5,5.9,1.5,10.4,-13.4,22.0,0,0,20.8,1,13222,1,13222,12695,15908,8812,19363,12096,14558,9209,13505,13501,13505,5414,16819,12425,13022,16469,12854,8263,494,3024,15058,17762,19259,20155,2246,150,20410,1,24:14
2024-25,1626220,Royce O'Neale,Royce,1610612756,PHX,Phoenix Suns,0022400369,2024-12-19T00:00:00,PHX vs. IND,L,26.333333333333332,4.1,6.8,0.6,4.1,6.8,0.6,0.0,0.0,0.0,0.0,8.2,8.2,5.5,2.7,1.4,1.4,0.0,6.8,0.0,12.3,-2.7,35.8,0,0,35.5,1,13222,1,13222,10877,16841,21747,5394,3782,8810,2992,13505,14344,13505,14058,4418,7933,6489,7426,9097,5375,8846,2115,17725,15821,14425,10499,2246,150,9706,1,26:20
2024-25,1627732,Ben Simmons,Ben,1610612751,BKN,Brooklyn Nets,0022400364,2024-12-19T00:00:00,BKN @ TOR,W,32.4,5.6,10.0,0.556,0.0,0.0,0.0,2.2,3.3,0.667,1.1,4.4,5.6,7.8,5.6,0.0,0.0,0.0,2.2,3.3,13.3,16.7,26.1,0,0,26.7,1,1,13086,1,5635,12829,17047,7248,15070,20945,15070,9861,9230,9425,12385,12416,13409,3105,1768,12854,8263,8846,13994,8141,14702,5011,17551,2246,150,16410,1,32:24
2024-25,1629003,Shake Milton,Shake,1610612751,BKN,Brooklyn Nets,0022400364,2024-12-19T00:00:00,BKN @ TOR,W,29.35,6.1,12.3,0.5,0.0,4.9,0.0,2.5,2.5,1.0,1.2,2.5,3.7,2.5,1.2,0.0,0.0,0.0,1.2,1.2,14.7,12.3,21.6,0,0,20.9,1,1,13086,1,8346,11135,13144,8526,15070,13423,15070,9190,11332,1,11625,18321,18130,14702,14253,12854,8263,8846,18397,16261,13180,6688,20367,2246,150,20370,1,29:21
2024-25,1629655,Daniel Gafford,Daniel,1610612742,DAL,Dallas Mavericks,0022400368,2024-12-19T00:00:00,DAL vs. LAC,L,13.85,0.0,10.4,0.0,0.0,0.0,0.0,5.2,10.4,0.5,5.2,5.2,10.4,5.2,2.6,0.0,0.0,0.0,5.2,5.2,5.2,-31.2,22.9,0,0,20.8,1,13222,1,13222,20270,22635,16392,22635,15070,20945,15070,3771,1223,10625,2195,10281,5011,7033,7886,12854,8263,8846,4198,3775,21911,23918,19636,2246,150,20414,1,13:51
2024-25,1641998,Trey Jemison III,Trey,1610612740,NOP,New Orleans Pelicans,0022400365,2024-12-19T00:00:00,NOP @ HOU,L,14.7,2.4,7.3,0.333,0.0,0.0,0.0,2.4,9.8,0.25,12.2,2.4,14.7,4.9,0.0,0.0,0.0,0.0,7.3,4.9,7.3,-7.3,32.3,0,0,26.9,1,13222,1,13222,19772,20556,21144,17395,15070,20945,15070,9199,1454,13358,230,18328,1913,7686,16469,12854,8263,8846,1744,4295,20446,16656,13068,2246,150,16201,1,14:42
2024-25,1629614,Andrew Nembhard,Andrew,1610612754,IND,Indiana Pacers,0022400369,2024-12-19T00:00:00,IND @ PHX,W,33.03333333333333,6.5,13.1,0.5,2.2,2.2,1.0,5.4,6.5,0.833,0.0,1.1,1.1,4.4,0.0,1.1,0.0,1.1,0.0,4.4,20.7,12.0,31.8,0,0,30.5,1,1,13086,1,5120,10092,11719,8526,9311,19203,1,3479,3844,7275,14058,21773,23093,8986,16469,11104,8263,7144,20257,5454,7312,6802,13461,2246,150,13538,1,33:02
2024-25,1642263,Reed Sheppard,Reed,1610612745,HOU,Houston Rockets,0022400365,2024-12-19T00:00:00,HOU vs. NOP,W,15.216666666666667,2.4,9.5,0.25,0.0,2.4,0.0,0.0,0.0,0.0,2.4,4.7,7.1,0.0,2.4,2.4,2.4,0.0,2.4,0.0,4.7,-7.1,25.1,0,0,21.3,1,1,13086,1,19426,20729,18016,20233,15070,18873,15070,13505,14344,13505,7029,11612,9959,19908,8788,4808,2613,8846,13368,17725,22165,16554,18232,2246,150,20103,1,15:13
2024-25,1630230,Naji Marshall,Naji,1610612742,DAL,Dallas Mavericks,0022400368,2024-12-19T00:00:00,DAL vs. LAC,L,24.05,6.0,18.0,0.333,1.5,6.0,0.25,0.0,0.0,0.0,1.5,6.0,7.5,1.5,1.5,1.5,0.0,0.0,1.5,0.0,13.5,-22.5,27.7,0,0,26.9,1,13222,1,13222,12844,11557,4740,17395,12046,10729,11902,13505,14344,13505,10335,8358,9198,17990,12758,8422,8263,8846,17229,17725,14543,22207,16432,2246,150,16188,1,24:03
2024-25,202699,Tobias Harris,Tobias,1610612765,DET,Detroit Pistons,0022400360,2024-12-19T00:00:00,DET vs. UTA,L,30.283333333333335,3.6,15.5,0.231,0.0,3.6,0.0,2.4,2.4,1.0,2.4,5.9,8.3,2.4,1.2,1.2,2.4,2.4,3.6,3.6,9.5,-20.2,32.6,0,0,27.3,1,13222,1,13222,7510,18161,7893,21157,15070,16520,15070,9392,11551,1,6994,8462,7739,14956,14529,10274,2597,2272,8541,7487,18625,21613,12898,2246,150,15905,1,30:17
2024-25,1630568,Luka Garza,Luka,1610612750,MIN,Minnesota Timberwolves,0022400367,2024-12-19T00:00:00,MIN vs. NYK,L,10.566666666666666,6.8,13.6,0.5,3.4,6.8,0.5,0.0,0.0,0.0,0.0,6.8,6.8,3.4,0.0,0.0,0.0,0.0,0.0,0.0,17.0,30.7,30.3,0,0,30.7,1,13222,1,13222,21884,9387,10779,8526,5363,8870,3944,13505,14344,13505,14058,6680,10497,11669,16469,12854,8263,8846,20257,17725,10816,1874,14560,2246,150,13424,1,10:34
2024-25,1631108,Max Christie,Max,1610612747,LAL,Los Angeles Lakers,0022400372,2024-12-19T00:00:00,LAL @ SAC,W,28.046666666666667,1.3,3.9,0.333,1.3,3.9,0.333,6.4,7.7,0.833,3.9,1.3,5.1,0.0,0.0,2.6,0.0,0.0,2.6,3.9,10.3,21.8,24.1,0,0,21.8,1,1,13086,1,9515,22415,24161,17395,12917,15896,9209,2483,2742,7275,3806,21315,14438,19908,16469,4208,8263,8846,12540,6703,17891,3496,18853,2246,150,19774,1,28:03
2024-25,1630552,Jalen Johnson,Jalen,1610612737,ATL,Atlanta Hawks,0022400370,2024-12-19T00:00:00,ATL @ SAS,L,38.733333333333334,7.4,13.0,0.571,0.9,0.9,1.0,4.6,5.6,0.833,0.9,7.4,8.4,2.8,3.7,1.9,2.8,0.9,0.0,2.8,20.4,-0.9,44.9,0,0,41.8,1,13222,1,13222,993,7923,11829,6538,14871,20912,1,4600,5074,7275,13776,5608,7668,13623,4513,6979,1969,8501,20257,10003,7548,13482,5227,2246,150,5743,1,38:44
2024-25,1642377,Jaylen Wells,Jaylen,1610612763,MEM,Memphis Grizzlies,0022400366,2024-12-19T00:00:00,MEM vs. GSW,W,19.8,9.1,10.9,0.833,5.5,7.3,0.75,0.0,0.0,0.0,1.8,5.5,7.3,1.8,0.0,1.8,0.0,0.0,0.0,1.8,23.6,41.8,40.5,0,0,41.8,1,1,13086,1,16175,4548,15520,1514,1783,7883,1542,13505,14344,13505,9175,9664,9619,17030,16469,7169,8263,8846,20257,13860,5028,858,7430,2246,150,5748,1,19:48
2024-25,1628998,Cody Martin,Cody,1610612766,CHA,Charlotte Hornets,0022400362,2024-12-19T00:00:00,CHA @ WAS,L,25.95,6.9,12.5,0.556,1.4,6.9,0.2,4.2,4.2,1.0,1.4,1.4,2.8,1.4,2.8,2.8,0.0,0.0,0.0,1.4,19.4,-16.6,30.4,0,0,30.5,1,13222,1,13222,11194,9078,12745,7248,12492,8596,13429,5409,7488,1,10807,21109,20308,18384,7312,3748,8263,8846,20257,15507,8445,20494,14512,2246,150,13533,1,25:57
2024-25,1641726,Dereck Lively II,Dereck,1610612742,DAL,Dallas Mavericks,0022400368,2024-12-19T00:00:00,DAL vs. LAC,L,28.166666666666668,6.4,6.4,1.0,0.0,0.0,0.0,3.8,5.1,0.75,1.3,7.7,8.9,2.6,2.6,0.0,3.8,0.0,5.1,2.6,16.6,-3.8,40.1,0,0,35.8,1,13222,1,13222,9408,10470,22221,1,15070,20945,15070,6010,5733,8186,11310,5212,6825,14345,8024,12854,1014,8846,4355,10776,11266,14973,7677,2246,150,9524,1,28:10
2024-25,202685,Jonas Valančiūnas,Jonas,1610612764,WAS,Washington Wizards,0022400362,2024-12-19T00:00:00,WAS vs. CHA,W,15.383333333333333,7.0,14.0,0.5,0.0,2.3,0.0,0.0,0.0,0.0,0.0,18.7,18.7,9.4,0.0,0.0,0.0,0.0,0.0,0.0,14.0,11.7,50.5,0,0,42.1,1,1,13086,1,19316,8878,10109,8526,15070,18916,15070,13505,14344,13505,14058,218,752,1780,16469,12854,8263,8846,20257,17725,13891,6927,3114,2246,150,5586,1,15:23
2024-25,201942,DeMar DeRozan,DeMar,1610612758,SAC,Sacramento Kings,0022400372,2024-12-19T00:00:00,SAC vs. LAL,L,35.20333333333333,4.1,13.3,0.308,0.0,2.0,0.0,2.0,2.0,1.0,0.0,5.1,5.1,4.1,1.0,1.0,0.0,1.0,3.1,3.1,10.2,-14.3,24.5,0,0,21.5,1,13222,1,13222,3315,16866,11312,19226,15070,19467,15070,10479,12589,1,14058,10522,14483,9686,15690,11738,8263,7726,10400,9009,17920,19619,18578,2246,150,19990,1,35:12
2024-25,1641789,Jazian Gortman,Jazian,1610612742,DAL,Dallas Mavericks,0022400368,2024-12-19T00:00:00,DAL vs. LAC,L,10.666666666666666,6.8,20.3,0.333,0.0,3.4,0.0,3.4,6.8,0.5,0.0,3.4,3.4,6.8,3.4,0.0,0.0,0.0,3.4,3.4,16.9,-20.3,27.7,0,0,27.0,1,13222,1,13222,21853,9563,2798,17395,15070,16921,15070,6948,3608,10625,14058,15584,18819,4349,5293,12854,8263,8846,9166,8031,10983,21622,16442,2246,150,16149,1,10:40
2024-25,202696,Nikola Vučević,Nikola,1610612741,CHI,Chicago Bulls,0022400363,2024-12-19T00:00:00,CHI @ BOS,W,33.0,7.6,9.8,0.778,2.2,3.3,0.667,0.0,0.0,0.0,2.2,13.1,15.3,4.4,3.3,0.0,1.1,0.0,1.1,1.1,17.5,8.7,42.3,1,0,41.5,1,1,13086,1,5145,7422,17365,1994,9308,17128,1957,13505,14344,13505,7646,982,1657,8972,5590,12854,6860,8846,19153,16947,10374,8312,6463,1,150,5947,1,33:00
2024-25,1627736,Malik Beasley,Malik,1610612765,DET,Detroit Pistons,0022400360,2024-12-19T00:00:00,DET vs. UTA,L,34.5,9.4,27.1,0.346,7.3,19.8,0.368,1.0,3.1,0.333,0.0,2.1,2.1,4.2,0.0,1.0,0.0,1.0,0.0,2.1,27.1,7.3,39.0,0,0,42.8,1,13222,1,13222,3852,4035,485,17386,663,243,9098,13100,9642,13132,14058,19397,21639,9459,16469,11553,8263,7541,20257,12677,3147,8982,8387,2246,150,5263,1,34:30
2024-25,1631128,Christian Braun,Christian,1610612743,DEN,Denver Nuggets,0022400371,2024-12-19T00:00:00,DEN @ POR,L,24.5,7.3,14.7,0.5,1.5,2.9,0.5,2.9,2.9,1.0,0.0,5.9,5.9,1.5,0.0,1.5,0.0,2.9,1.5,1.5,19.1,-17.6,32.8,0,0,30.9,1,13222,1,13222,12473,8128,9056,8526,12167,17780,3944,7980,10115,1,14058,8597,12573,18096,16469,8533,8263,1408,17347,15131,8754,20815,12747,2246,150,13283,1,24:30
2024-25,1629640,Keldon Johnson,Keldon,1610612759,SAS,San Antonio Spurs,0022400370,2024-12-19T00:00:00,SAS vs. ATL,W,29.45,6.1,11.0,0.556,1.2,2.4,0.5,0.0,0.0,0.0,2.4,3.7,6.1,4.9,2.4,2.4,0.0,1.2,0.0,1.2,13.4,6.1,33.0,0,0,30.6,1,1,13086,1,8267,11191,15349,7248,13251,18721,3944,13505,14344,13505,6790,14735,12021,7707,8467,4549,8263,6107,20257,16284,14572,9564,12593,2246,150,13505,1,29:27
2024-25,1630567,Scottie Barnes,Scottie,1610612761,TOR,Toronto Raptors,0022400364,2024-12-19T00:00:00,TOR vs. BKN,L,36.43333333333333,4.9,10.9,0.455,2.0,5.9,0.333,4.0,4.9,0.8,0.0,3.0,3.0,5.9,3.0,0.0,2.0,0.0,4.0,4.9,15.8,1.0,31.2,0,0,30.6,1,13222,1,13222,2379,14577,15568,12676,10262,10863,9209,5790,6046,7681,14058,16840,19821,5629,6605,12854,3547,8846,7275,4225,12112,12165,13884,2246,150,13458,1,36:26
2024-25,1626145,Tyus Jones,Tyus,1610612756,PHX,Phoenix Suns,0022400369,2024-12-19T00:00:00,PHX vs. IND,L,25.583333333333332,4.2,14.1,0.3,1.4,8.4,0.167,0.0,0.0,0.0,1.4,1.4,2.8,9.9,2.8,0.0,1.4,1.4,1.4,1.4,9.9,-16.9,29.4,0,0,26.7,1,13222,1,13222,11499,16540,10052,19363,12423,5679,14236,13505,14344,13505,10718,21063,20213,1509,7167,12854,5206,5156,17602,15418,18311,20580,15206,2246,150,16370,1,25:35
2024-25,202691,Klay Thompson,Klay,1610612742,DAL,Dallas Mavericks,0022400368,2024-12-19T00:00:00,DAL vs. LAC,L,29.5,11.0,20.7,0.529,2.4,11.0,0.222,2.4,2.4,1.0,1.2,2.4,3.7,3.7,4.9,2.4,0.0,0.0,0.0,2.4,26.8,-2.4,39.2,0,0,41.5,1,13222,1,13222,8222,2269,2490,8281,8344,2505,13288,9218,11359,1,11659,18358,18175,10897,2489,4561,8263,8846,20257,11199,3272,14282,8287,2246,150,5918,1,29:30
2024-25,1630590,Scotty Pippen Jr.,Scotty,1610612763,MEM,Memphis Grizzlies,0022400366,2024-12-19T00:00:00,MEM vs. GSW,W,16.416666666666668,6.6,17.5,0.375,2.2,6.6,0.333,2.2,8.8,0.25,0.0,0.0,0.0,11.0,4.4,0.0,0.0,2.2,6.6,4.4,17.5,52.6,29.6,0,0,30.7,1,1,13086,1,18646,9990,5208,16299,9260,9365,9209,9978,2003,13358,14058,22137,23286,1011,3162,12854,8263,2659,2339,5387,10277,496,15079,2246,150,13395,1,16:25
2024-25,1628970,Miles Bridges,Miles,1610612766,CHA,Charlotte Hornets,0022400362,2024-12-19T00:00:00,CHA @ WAS,L,31.883333333333333,7.9,18.1,0.438,0.0,4.5,0.0,2.3,3.4,0.667,1.1,7.9,9.0,3.4,2.3,0.0,0.0,2.3,2.3,2.3,18.1,-7.9,31.7,0,0,30.5,1,13222,1,13222,6069,6841,4601,13558,15070,14393,15070,9760,9122,9425,12268,4852,6685,11716,9270,12854,8263,2529,13833,11905,9773,16932,13530,2246,150,13558,1,31:53
2024-25,1628371,Jonathan Isaac,Jonathan,1610612753,ORL,Orlando Magic,0022400361,2024-12-19T00:00:00,ORL vs. OKC,L,16.75,2.1,8.6,0.25,0.0,4.3,0.0,2.1,2.1,1.0,2.1,4.3,6.4,0.0,2.1,2.1,2.1,0.0,2.1,2.1,6.4,-25.8,24.9,0,0,21.5,1,13222,1,13222,18416,21146,19360,20233,15070,14917,15070,10132,12256,1,7760,12812,11281,19908,9729,5602,3075,8846,14360,12401,21085,22984,18339,2246,150,19964,1,16:45
2024-25,203952,Andrew Wiggins,Andrew,1610612744,GSW,Golden State Warriors,0022400366,2024-12-19T00:00:00,GSW @ MEM,L,20.583333333333332,10.5,19.2,0.545,7.0,8.7,0.8,5.2,5.2,1.0,1.7,0.0,1.7,0.0,1.7,0.0,0.0,0.0,0.0,3.5,33.2,-57.7,33.6,0,0,42.0,1,13222,1,13222,15578,2718,3558,7695,761,5187,1389,3712,5533,1,9415,22137,22228,19908,11740,12854,8263,8846,20257,7671,1276,25626,12126,2246,150,5665,1,20:35
2024-25,1642265,Rob Dillingham,Rob,1610612750,MIN,Minnesota Timberwolves,0022400367,2024-12-19T00:00:00,MIN vs. NYK,L,16.533333333333335,4.4,15.2,0.286,0.0,6.5,0.0,0.0,0.0,0.0,0.0,2.2,2.2,10.9,4.4,0.0,0.0,0.0,2.2,2.2,8.7,-17.4,23.3,0,0,21.8,1,13222,1,13222,18580,16185,8187,19630,15070,9470,15070,13505,14344,13505,14058,19134,21457,1039,3211,12854,8263,8846,14205,12253,19336,20751,19372,2246,150,19802,1,16:32
2024-25,1629599,Amir Coffey,Amir,1610612746,LAC,LA Clippers,0022400368,2024-12-19T00:00:00,LAC @ DAL,W,24.9,10.1,14.5,0.7,2.9,5.8,0.5,0.0,0.0,0.0,0.0,4.3,4.3,0.0,1.4,0.0,0.0,1.4,4.3,0.0,23.1,14.5,26.9,0,0,30.4,1,1,13086,1,12089,3090,9422,3045,6887,11245,3944,13505,14344,13505,14058,12692,16440,19908,13028,12854,8263,4998,6177,17725,5393,5836,17029,2246,150,13666,1,24:54
2024-25,1628368,De'Aaron Fox,De'Aaron,1610612758,SAC,Sacramento Kings,0022400372,2024-12-19T00:00:00,SAC vs. LAL,L,35.653333333333336,7.1,17.2,0.412,2.0,5.0,0.4,10.1,11.1,0.909,0.0,3.0,3.0,5.0,4.0,3.0,0.0,2.0,5.0,7.1,26.3,-10.1,42.5,0,0,42.4,1,13222,1,13222,2944,8765,5613,14791,10071,13078,7874,669,994,6764,14058,16624,19640,7359,3802,3092,8263,3163,4502,1607,3557,17926,6360,2246,150,5453,1,35:39
2024-25,201143,Al Horford,Al,1610612738,BOS,Boston Celtics,0022400363,2024-12-19T00:00:00,BOS vs. CHI,L,21.733333333333334,1.7,6.6,0.25,0.0,3.3,0.0,0.0,0.0,0.0,5.0,3.3,8.3,3.3,0.0,0.0,3.3,0.0,3.3,0.0,3.3,-6.6,28.2,0,0,21.5,1,13222,1,13222,14727,21958,21978,20233,15070,17037,15070,13505,14344,13505,2405,15752,7795,11932,16469,12854,1385,8846,9406,17725,22846,16351,16100,2246,150,19938,1,21:44
2024-25,1627732,Ben Simmons,Ben,1610612751,BKN,Brooklyn Nets,0022401224,2024-12-16T00:00:00,BKN vs. CLE,L,30.816666666666666,4.7,8.2,0.571,0.0,0.0,0.0,2.3,2.3,1.0,0.0,4.7,4.7,9.3,7.0,2.3,0.0,1.2,0.0,2.3,11.7,-18.7,31.3,0,0,30.4,1,13222,1,13222,7026,15309,19976,6538,15070,20945,15070,9505,11676,1,14058,11794,15639,1790,889,4911,8263,6494,20257,11603,16481,21135,13818,2246,150,13652,1,30:49
2024-25,1629012,Collin Sexton,Collin,1610612762,UTA,Utah Jazz,0022401226,2024-12-16T00:00:00,UTA @ LAC,L,23.566666666666666,10.7,15.3,0.7,1.5,3.1,0.5,0.0,0.0,0.0,0.0,0.0,0.0,3.1,0.0,0.0,0.0,1.5,3.1,3.1,22.9,-19.9,27.5,0,0,27.5,1,13222,1,13222,13257,2511,8141,3045,11934,17542,3944,13505,14344,13505,14058,22137,23286,12740,16469,12854,8263,4664,10459,9051,5546,21512,16582,2246,150,15793,1,23:34
2024-25,1641711,Gradey Dick,Gradey,1610612761,TOR,Toronto Raptors,0022401223,2024-12-16T00:00:00,TOR vs. CHI,L,32.846666666666664,9.9,21.9,0.45,3.3,9.9,0.333,6.6,7.7,0.857,1.1,5.5,6.6,2.2,1.1,0.0,0.0,1.1,4.4,4.4,29.6,16.4,39.7,0,0,41.6,1,13222,1,13222,5294,3385,1860,12982,5705,3643,9209,2343,2766,7071,12499,9587,11006,15656,15159,12854,8263,7075,6058,5395,2237,5096,7974,2246,150,5823,1,32:51
2024-25,1629639,Tyler Herro,Tyler,1610612748,MIA,Miami Heat,0022401221,2024-12-16T00:00:00,MIA @ DET,L,40.583333333333336,8.0,22.2,0.36,3.5,15.1,0.235,0.9,0.9,1.0,0.0,3.5,3.5,0.9,2.7,0.9,0.0,1.8,0.0,4.4,20.4,5.3,26.0,0,0,30.2,1,13222,1,13222,438,6665,1742,17134,5038,672,13275,13463,14327,1,14058,15092,18453,19873,7652,12714,8263,3969,20257,5273,7578,9932,17623,2246,150,13827,1,40:35
2024-25,1631105,Jalen Duren,Jalen,1610612765,DET,Detroit Pistons,0022401221,2024-12-16T00:00:00,DET vs. MIA,W,31.78,4.5,7.9,0.571,0.0,0.0,0.0,1.1,1.1,1.0,4.5,13.6,18.1,2.3,5.7,1.1,1.1,0.0,5.7,2.3,10.2,-5.7,36.5,0,0,35.1,1,1,13086,1,6184,15675,20373,6538,15070,20945,15070,12804,13988,1,2887,848,867,15364,1669,10737,6585,8846,3446,11876,17958,15907,10046,2246,150,10015,1,31:47
2024-25,1631212,Peyton Watson,Peyton,1610612743,DEN,Denver Nuggets,0022401225,2024-12-16T00:00:00,DEN @ SAC,W,17.101666666666667,6.3,16.8,0.375,2.1,2.1,1.0,4.2,6.3,0.667,6.3,2.1,8.4,2.1,2.1,2.1,0.0,4.2,6.3,4.2,18.9,-10.5,36.4,0,0,35.8,1,1,13086,1,18198,10663,5992,16299,9661,19360,1,5332,4110,9425,1466,19348,7593,15983,9976,5763,8263,583,2589,5817,8917,18119,10078,2246,150,9526,1,17:06
2024-25,1631323,Simone Fontecchio,Simone,1610612765,DET,Detroit Pistons,0022401221,2024-12-16T00:00:00,DET vs. MIA,W,24.226666666666667,3.0,8.9,0.333,1.5,4.5,0.333,5.9,5.9,1.0,1.5,1.5,3.0,3.0,4.5,0.0,0.0,0.0,0.0,3.0,13.4,1.5,16.9,0,0,20.8,1,1,13086,1,12709,19486,18848,17395,12095,14557,9209,2921,4554,1,10372,20901,19801,13019,3062,12854,8263,8846,20257,9352,14655,11874,22514,2246,150,20403,1,24:14
2024-25,1628368,De'Aaron Fox,De'Aaron,1610612758,SAC,Sacramento Kings,0022401225,2024-12-16T00:00:00,SAC vs. DEN,L,38.65,10.2,22.4,0.458,1.9,6.5,0.286,4.7,5.6,0.833,0.0,4.7,4.7,6.5,2.8,0.0,0.9,0.9,3.7,3.7,27.0,-12.1,42.4,0,0,41.9,1,13222,1,13222,1035,2970,1650,12650,10814,9506,11433,4581,5058,7275,14058,11834,15679,4682,7235,12854,7945,8482,7981,7067,3204,18779,6439,2246,150,5693,1,38:39
2024-25,203903,Jordan Clarkson,Jordan,1610612762,UTA,Utah Jazz,0022401226,2024-12-16T00:00:00,UTA @ LAC,L,23.366666666666667,9.2,20.0,0.462,4.6,9.2,0.5,7.7,9.2,0.833,0.0,0.0,0.0,3.1,9.2,1.5,0.0,0.0,0.0,4.6,30.8,-32.4,30.8,0,0,41.6,1,13222,1,13222,13408,4292,2953,12428,2852,4463,3944,1555,1742,7275,14058,22137,23286,12663,398,8234,8263,8846,20257,4888,1827,24072,14193,2246,150,5856,1,23:22
2024-25,203501,Tim Hardaway Jr.,Tim,1610612765,DET,Detroit Pistons,0022401221,2024-12-16T00:00:00,DET vs. MIA,W,36.291666666666664,5.0,10.9,0.455,5.0,9.9,0.5,1.0,2.0,0.5,0.0,2.0,2.0,2.0,2.0,1.0,0.0,0.0,5.0,4.0,15.9,-1.0,22.2,0,0,26.8,1,1,13086,1,2474,14512,15509,12676,2328,3590,3944,13261,12771,10625,14058,19716,21830,16436,10597,12026,8263,8846,4704,6407,12061,13533,20020,2246,150,16336,1,36:18
2024-25,1630553,Keon Johnson,Keon,1610612751,BKN,Brooklyn Nets,0022401224,2024-12-16T00:00:00,BKN vs. CLE,L,23.733333333333334,3.0,12.1,0.25,1.5,6.1,0.25,0.0,0.0,0.0,0.0,6.1,6.1,3.0,1.5,1.5,0.0,1.5,7.6,0.0,7.6,-1.5,22.4,0,0,21.2,1,13222,1,13222,13126,19352,13345,20233,11975,10518,11902,13505,14344,13505,14058,8181,12120,12813,12670,8334,8263,4705,1578,17725,20257,13808,19903,2246,150,20142,1,23:44
2024-25,1628374,Lauri Markkanen,Lauri,1610612762,UTA,Utah Jazz,0022401226,2024-12-16T00:00:00,UTA @ LAC,L,25.25,7.1,12.8,0.556,4.3,8.6,0.5,5.7,5.7,1.0,4.3,2.9,7.1,1.4,4.3,2.9,0.0,0.0,0.0,2.9,24.2,-35.6,39.2,0,0,42.8,1,13222,1,13222,11782,8628,12156,7248,3431,5490,3944,3181,4884,1,3196,17235,9893,18246,3364,3546,8263,8846,20257,9769,4652,24477,8262,2246,150,5266,1,25:15
2024-25,1627739,Kris Dunn,Kris,1610612746,LAC,LA Clippers,0022401226,2024-12-16T00:00:00,LAC vs. UTA,W,24.25,7.4,11.9,0.625,3.0,5.9,0.5,0.0,0.0,0.0,0.0,3.0,3.0,5.9,1.5,3.0,0.0,0.0,3.0,0.0,17.8,37.1,37.7,0,0,35.6,1,1,13086,1,12688,7948,13812,4899,6625,10845,3944,13505,14344,13505,14058,16829,19812,5610,12824,3221,8263,8846,10856,17725,10013,1191,9219,2246,150,9643,1,24:15
2024-25,202696,Nikola Vučević,Nikola,1610612741,CHI,Chicago Bulls,0022401223,2024-12-16T00:00:00,CHI @ TOR,W,32.165,11.2,19.0,0.588,2.2,4.5,0.5,2.2,2.2,1.0,1.1,4.5,5.6,3.4,0.0,0.0,2.2,0.0,3.4,2.2,26.9,2.2,45.3,0,0,42.5,1,1,13086,1,5843,2099,3736,6229,9089,14503,3944,9814,11973,1,12333,12318,13295,11797,16469,12854,2864,8846,9226,11990,3267,11494,5025,2246,150,5386,1,32:10
2024-25,1628366,Lonzo Ball,Lonzo,1610612741,CHI,Chicago Bulls,0022401223,2024-12-16T00:00:00,CHI @ TOR,W,23.04,3.1,14.1,0.222,3.1,12.5,0.25,3.1,3.1,1.0,1.6,7.8,9.4,10.9,4.7,1.6,1.6,0.0,4.7,3.1,12.5,-14.1,44.8,0,0,42.2,1,1,13086,1,13697,19141,10070,21205,6151,1522,11902,7480,9657,1,10066,4989,6222,1017,2734,8142,4662,8846,5318,8795,15590,19527,5248,2246,150,5552,1,23:02
2024-25,1641729,Brice Sensabaugh,Brice,1610612762,UTA,Utah Jazz,0022401226,2024-12-16T00:00:00,UTA @ LAC,L,24.6,2.9,13.2,0.222,1.5,10.2,0.143,1.5,2.9,0.5,2.9,4.4,7.3,7.3,5.9,2.9,0.0,1.5,2.9,1.5,8.8,-24.9,31.5,0,0,30.7,1,13222,1,13222,12377,19586,11539,21205,12193,3217,14649,11868,10155,10625,5519,12556,9538,3603,1500,3327,8263,4921,11050,15164,19286,22784,13696,2246,150,13375,1,24:36
2024-25,1628386,Jarrett Allen,Jarrett,1610612739,CLE,Cleveland Cavaliers,0022401224,2024-12-16T00:00:00,CLE @ BKN,W,23.733333333333334,7.6,7.6,1.0,0.0,0.0,0.0,3.0,4.6,0.667,4.6,7.6,12.1,6.1,1.5,3.0,0.0,0.0,3.0,7.6,18.2,25.8,49.4,0,0,42.5,1,1,13086,1,13126,7555,20815,1,15070,20945,15070,7705,6747,9425,2871,5351,3386,5366,12670,3075,8263,8846,10561,1274,9621,2656,3441,2246,150,5421,1,23:44
2024-25,1626162,Kelly Oubre Jr.,Kelly,1610612755,PHI,Philadelphia 76ers,0022401222,2024-12-16T00:00:00,PHI @ CHA,W,39.766666666666666,6.3,10.0,0.636,0.9,3.6,0.25,3.6,5.4,0.667,2.7,5.4,8.1,3.6,3.6,1.8,0.9,0.0,0.9,3.6,17.2,17.2,36.9,0,0,35.3,1,1,13086,1,632,10597,17133,4689,14946,16393,11902,6448,5273,9425,6058,9709,8015,11027,4732,7201,8069,8846,20137,7331,10630,4838,9742,2246,150,9875,1,39:46
2024-25,1629659,Talen Horton-Tucker,Talen,1610612741,CHI,Chicago Bulls,0022401223,2024-12-16T00:00:00,CHI @ TOR,W,24.966666666666665,8.7,17.3,0.5,1.4,8.7,0.167,2.9,8.7,0.333,1.4,2.9,4.3,2.9,0.0,2.9,0.0,0.0,4.3,5.8,21.6,-8.7,39.8,0,0,36.0,1,1,13086,1,12032,5342,5451,8526,12284,5342,14236,8134,2091,13132,10572,17136,16471,13332,16469,3450,8263,8846,6203,2944,6524,17268,7885,2246,150,9335,1,24:58
2024-25,1631165,Keon Ellis,Keon,1610612758,SAC,Sacramento Kings,0022401225,2024-12-16T00:00:00,SAC vs. DEN,L,32.58166666666666,3.3,7.7,0.429,1.1,5.5,0.2,5.5,5.5,1.0,3.3,3.3,6.6,1.1,0.0,2.2,4.4,0.0,1.1,4.4,13.3,9.9,42.8,0,0,35.4,1,13222,1,13222,5503,18718,20612,13735,13916,11903,13429,3386,5150,1,4718,15748,10883,19337,16469,5360,707,8846,19072,5303,14795,7724,6242,2246,150,9833,1,32:35
2024-25,1641718,Keyonte George,Keyonte,1610612762,UTA,Utah Jazz,0022401226,2024-12-16T00:00:00,UTA @ LAC,L,33.31666666666667,2.2,11.9,0.182,1.1,5.4,0.2,4.3,7.6,0.571,0.0,3.2,3.2,7.6,3.2,0.0,0.0,2.2,3.2,4.3,9.7,-28.1,21.7,0,0,21.6,1,13222,1,13222,4886,21116,13786,21891,14067,12209,13429,5114,2844,10536,14058,15956,19129,3321,5696,12854,8263,2737,9687,5535,18424,23448,20308,2246,150,19887,1,33:19
2024-25,202710,Jimmy Butler III,Jimmy,1610612748,MIA,Miami Heat,0022401221,2024-12-16T00:00:00,MIA @ DET,L,44.333333333333336,9.7,17.1,0.571,0.8,2.4,0.333,8.1,9.7,0.833,5.7,9.7,15.4,8.1,0.0,3.2,0.8,1.6,0.0,8.9,28.4,8.9,71.3,1,1,60.9,1,13222,1,13222,80,3545,5744,6538,15059,18738,9209,1350,1488,7275,1819,2777,1598,2765,16469,2648,8234,4373,20257,682,2626,8212,393,1,1,740,1,44:20
2024-25,203482,Kelly Olynyk,Kelly,1610612761,TOR,Toronto Raptors,0022401223,2024-12-16T00:00:00,TOR vs. CHI,L,13.25,5.4,16.3,0.333,0.0,2.7,0.0,8.2,10.9,0.75,0.0,8.2,8.2,2.7,5.4,5.4,0.0,0.0,13.6,10.9,19.0,-19.0,43.7,0,0,40.8,1,13222,1,13222,20626,13173,6680,17395,15070,18225,15070,1340,1065,8186,14058,4483,8004,13854,1870,664,8263,8846,301,288,8839,21245,5790,2246,150,6347,1,13:15
2024-25,1629628,RJ Barrett,RJ,1610612761,TOR,Toronto Raptors,0022401223,2024-12-16T00:00:00,TOR vs. CHI,L,37.36666666666667,10.6,23.1,0.458,1.9,3.9,0.5,7.7,8.7,0.889,1.0,3.9,4.8,8.7,5.8,1.0,1.9,2.9,1.0,5.8,30.8,1.0,52.5,0,0,52.0,1,13222,1,13222,1760,2630,1343,12650,10515,15890,3944,1552,2074,6857,13549,14171,15254,2292,1576,12248,3688,1481,19890,2924,1824,12180,2591,2246,150,2032,1,37:22
2024-25,202331,Paul George,Paul,1610612755,PHI,Philadelphia 76ers,0022401222,2024-12-16T00:00:00,PHI @ CHA,W,39.78333333333333,11.8,18.1,0.65,5.4,8.1,0.667,0.9,1.8,0.5,0.0,4.5,4.5,7.2,3.6,1.8,0.9,0.9,1.8,4.5,29.9,10.0,50.7,0,0,52.5,1,1,13086,1,623,1685,4565,4562,1815,6193,1957,13447,13180,10625,14058,12194,15985,3702,4739,7207,8071,8635,16132,5084,2132,7718,3077,2246,150,1925,1,39:47
2024-25,1630538,Bones Hyland,Bones,1610612746,LAC,LA Clippers,0022401226,2024-12-16T00:00:00,LAC vs. UTA,W,12.0,9.0,18.0,0.5,6.0,15.0,0.4,0.0,0.0,0.0,0.0,0.0,0.0,9.0,3.0,9.0,0.0,0.0,0.0,3.0,24.0,6.0,61.5,0,0,57.0,1,1,13086,1,21228,4700,4664,8526,1297,690,7874,13505,14344,13505,14058,22137,23286,2013,6468,146,8263,8846,20257,9236,4793,9610,1024,2246,150,1158,1,12:00
2024-25,1626181,Norman Powell,Norman,1610612746,LAC,LA Clippers,0022401226,2024-12-16T00:00:00,LAC vs. UTA,W,28.455,15.2,20.2,0.75,6.3,8.9,0.714,0.0,0.0,0.0,0.0,5.1,5.1,1.3,1.3,1.3,0.0,0.0,3.8,1.3,36.7,41.8,47.2,0,0,51.9,1,1,13086,1,9163,459,2808,2107,1101,5012,1861,13505,14344,13505,14058,10697,14634,18774,14008,9686,8263,8846,7758,16062,731,862,4246,2246,150,2069,1,28:27
2024-25,1628378,Donovan Mitchell,Donovan,1610612739,CLE,Cleveland Cavaliers,0022401224,2024-12-16T00:00:00,CLE @ BKN,W,30.366666666666667,7.1,16.6,0.429,3.6,11.9,0.3,3.6,4.7,0.75,0.0,3.6,3.6,5.9,1.2,4.7,0.0,1.2,2.4,4.7,21.3,34.4,47.5,0,0,43.9,1,1,13086,1,7443,8669,6307,13735,5013,1864,11319,6590,6412,8186,14058,15068,18428,5631,14546,1059,8263,6368,13343,4634,6779,1460,4129,2246,150,4755,1,30:22
2024-25,203999,Nikola Jokić,Nikola,1610612743,DEN,Denver Nuggets,0022401225,2024-12-16T00:00:00,DEN @ SAC,W,38.3,7.5,17.9,0.421,0.9,5.6,0.167,2.8,3.8,0.75,1.9,11.3,13.2,12.2,4.7,1.9,0.9,0.0,0.0,2.8,18.8,3.8,56.7,1,1,50.8,1,1,13086,1,1212,7723,4841,14442,14837,11600,14236,8287,8350,8186,8895,1757,2698,673,2718,6857,7893,8846,20257,9888,9037,10774,1694,1,1,2325,1,38:18
2024-25,1630581,Josh Giddey,Josh,1610612741,CHI,Chicago Bulls,0022401223,2024-12-16T00:00:00,CHI @ TOR,W,23.866666666666667,4.5,6.0,0.75,1.5,3.0,0.5,6.0,6.0,1.0,1.5,12.1,13.6,12.1,4.5,3.0,1.5,0.0,3.0,4.5,16.6,18.1,60.0,0,0,52.8,1,1,13086,1,13016,15695,22563,2107,11999,17610,3944,2827,4424,1,10287,1316,2452,703,2960,3113,4811,8846,10634,5083,11293,4527,1191,2246,150,1853,1,23:52
2024-25,1628370,Malik Monk,Malik,1610612758,SAC,Sacramento Kings,0022401225,2024-12-16T00:00:00,SAC vs. DEN,L,34.125,9.5,20.0,0.474,4.2,10.5,0.4,3.2,3.2,1.0,0.0,6.3,6.3,10.5,3.2,1.1,3.2,1.1,4.2,3.2,26.4,-6.3,59.3,1,0,55.9,1,13222,1,13222,4151,3889,2943,12072,3531,2929,7874,7399,9578,1,14058,7636,11543,1180,5927,11444,1511,7452,6503,8684,3494,16215,1284,1,150,1324,1,34:08
2024-25,1642347,Jamal Shead,Jamal,1610612761,TOR,Toronto Raptors,0022401223,2024-12-16T00:00:00,TOR vs. CHI,L,12.0,12.0,12.0,1.0,6.0,6.0,1.0,0.0,0.0,0.0,6.0,6.0,12.0,18.0,3.0,3.0,0.0,0.0,3.0,0.0,30.0,30.0,77.4,0,0,72.0,1,13222,1,13222,21228,1516,13575,1,1297,10684,1,13505,14344,13505,1612,8311,3485,137,6468,3139,8263,8846,10710,17725,2081,1959,249,2246,150,280,1,12:00
2024-25,201935,James Harden,James,1610612746,LAC,LA Clippers,0022401226,2024-12-16T00:00:00,LAC vs. UTA,W,30.716666666666665,12.9,19.9,0.647,8.2,12.9,0.636,14.1,16.4,0.857,0.0,1.2,1.2,7.0,4.7,1.2,1.2,1.2,2.3,7.0,48.1,31.6,62.4,0,0,69.1,1,1,13086,1,7112,1072,3019,4571,416,1353,2842,206,249,7071,14058,21588,22982,3976,2732,10420,6349,6467,13465,1636,185,1772,934,2246,150,344,1,30:43
2024-25,1627747,Caris LeVert,Caris,1610612739,CLE,Cleveland Cavaliers,0022401224,2024-12-16T00:00:00,CLE @ BKN,W,18.95,11.4,19.0,0.6,11.4,17.1,0.667,1.9,3.8,0.5,0.0,1.9,1.9,7.6,1.9,3.8,3.8,0.0,1.9,1.9,36.1,28.5,70.7,0,0,72.2,1,1,13086,1,16868,1937,3760,5394,143,406,1957,10949,8252,10625,14058,19972,22002,3286,11041,1850,1030,8846,15669,13510,812,2185,409,2246,150,276,1,18:57
2024-25,1630178,Tyrese Maxey,Tyrese,1610612755,PHI,Philadelphia 76ers,0022401222,2024-12-16T00:00:00,PHI @ CHA,W,39.95,10.8,25.2,0.429,5.4,10.8,0.5,9.0,11.7,0.769,0.9,3.6,4.5,4.5,3.6,3.6,0.0,3.6,2.7,7.2,36.0,16.2,55.4,0,0,57.7,1,1,13086,1,571,2409,782,13735,1842,2661,3944,1000,825,8170,13903,14914,16044,8641,4767,2089,8263,843,12033,1506,818,5176,1904,2246,150,1070,1,39:57
2024-25,1629661,Cameron Johnson,Cameron,1610612751,BKN,Brooklyn Nets,0022401224,2024-12-16T00:00:00,BKN vs. CLE,L,27.741666666666667,6.5,13.0,0.5,3.9,7.8,0.5,11.7,16.9,0.692,0.0,1.3,1.3,6.5,3.9,0.0,1.3,2.6,1.3,7.8,28.5,-26.0,39.8,0,0,42.8,1,13222,1,13222,9766,10214,11903,8526,4210,6825,3944,376,230,9414,14058,21287,22820,4734,4100,12854,5656,1887,18040,1144,2583,23018,7853,2246,150,5240,1,27:45
2024-25,1641709,Ausar Thompson,Ausar,1610612765,DET,Detroit Pistons,0022401221,2024-12-16T00:00:00,DET vs. MIA,W,26.913333333333334,10.7,18.7,0.571,1.3,4.0,0.333,2.7,5.4,0.5,0.0,12.0,12.0,1.3,4.0,5.4,1.3,1.3,6.7,2.7,25.4,-17.4,57.9,0,0,53.5,1,1,13086,1,10410,2506,4005,6538,12700,15556,9209,8631,5388,10625,14058,1334,3457,18543,3862,714,5493,5458,2228,10393,3983,20739,1484,2246,150,1709,1,26:55
2024-25,1627826,Ivica Zubac,Ivica,1610612746,LAC,LA Clippers,0022401226,2024-12-16T00:00:00,LAC vs. UTA,W,25.566666666666666,11.3,15.5,0.727,0.0,0.0,0.0,4.2,5.6,0.75,2.8,14.1,16.9,5.6,1.4,1.4,2.8,1.4,4.2,4.2,26.8,40.8,66.7,1,0,57.7,1,1,13086,1,11516,2037,7835,2666,15070,20945,15070,5306,4995,8186,5819,745,1146,6185,13238,8854,1928,5152,6490,5781,3325,924,584,1,150,1061,1,25:34
2024-25,1627777,Georges Niang,Georges,1610612739,CLE,Cleveland Cavaliers,0022401224,2024-12-16T00:00:00,CLE @ BKN,W,24.716666666666665,10.2,14.6,0.7,2.9,7.3,0.4,1.5,1.5,1.0,5.8,7.3,13.1,2.9,4.4,0.0,0.0,1.5,4.4,1.5,24.8,40.8,40.5,0,0,43.7,1,1,13086,1,12256,3019,9259,3045,6820,7855,7874,11893,13530,1,1729,5852,2733,13233,3194,12854,8263,4955,6102,15210,4328,927,7469,2246,150,4836,1,24:43
2024-25,1630163,LaMelo Ball,LaMelo,1610612766,CHA,Charlotte Hornets,0022401222,2024-12-16T00:00:00,CHA vs. PHI,L,25.83,7.0,20.9,0.333,4.2,11.1,0.375,2.8,5.6,0.5,0.0,7.0,7.0,15.3,4.2,5.6,0.0,1.4,4.2,4.2,20.9,-13.9,64.8,1,0,58.5,1,13222,1,13222,11315,8998,2398,17395,3607,2372,8800,8367,5078,10625,14058,6417,10199,266,3539,610,8263,5199,6606,5882,7162,19483,708,1,150,956,1,25:50
2024-25,1630208,Nick Richards,Nick,1610612766,CHA,Charlotte Hornets,0022401222,2024-12-16T00:00:00,CHA vs. PHI,L,15.233333333333333,16.5,21.3,0.778,0.0,0.0,0.0,11.8,14.2,0.833,2.4,9.5,11.8,0.0,7.1,2.4,2.4,2.4,4.7,9.5,44.9,-11.8,66.2,0,0,66.2,1,13222,1,13222,19417,313,2178,1994,15070,20945,15070,363,429,7275,7037,3070,3645,19908,850,4819,2620,2301,5219,536,255,18672,620,2246,150,431,1,15:14
2024-25,1630549,Day'Ron Sharpe,Day'Ron,1610612751,BKN,Brooklyn Nets,0022401224,2024-12-16T00:00:00,BKN vs. CLE,L,19.866666666666667,9.1,18.1,0.5,1.8,5.4,0.333,7.2,7.2,1.0,5.4,7.2,12.7,1.8,5.4,5.4,0.0,1.8,3.6,3.6,27.2,1.8,56.0,0,0,54.4,1,13222,1,13222,16126,4588,4540,8526,11026,12122,9209,1830,3131,1,1986,5909,3009,17049,1868,661,8263,3862,8345,7319,3120,11731,1808,2246,150,1563,1,19:52
2024-25,1630231,KJ Martin,KJ,1610612755,PHI,Philadelphia 76ers,0022401222,2024-12-16T00:00:00,PHI @ CHA,W,21.361666666666668,1.7,3.4,0.5,0.0,1.7,0.0,0.0,0.0,0.0,0.0,3.4,3.4,0.0,3.4,1.7,0.0,1.7,8.4,1.7,3.4,1.7,9.1,0,0,10.1,1,1,13086,1,15028,21917,24361,8526,15070,20065,15070,13505,14344,13505,14058,15594,18824,19908,5304,7666,8263,4186,1175,14321,22822,11796,24553,2246,150,24402,1,21:22
2024-25,203932,Aaron Gordon,Aaron,1610612743,DEN,Denver Nuggets,0022401225,2024-12-16T00:00:00,DEN @ SAC,W,30.891666666666666,10.5,16.3,0.643,1.2,3.5,0.333,5.8,7.0,0.833,4.7,3.5,8.2,2.3,1.2,0.0,0.0,0.0,3.5,5.8,28.0,7.0,40.1,0,0,39.6,1,1,13086,1,6970,2725,6654,4607,13560,16660,9209,3057,3367,7275,2733,15250,7994,15120,14689,12854,8263,8846,8760,2854,2801,9141,7704,2246,150,6996,1,30:54
2024-25,1629636,Darius Garland,Darius,1610612739,CLE,Cleveland Cavaliers,0022401224,2024-12-16T00:00:00,CLE @ BKN,W,24.0,6.0,9.0,0.667,3.0,6.0,0.5,1.5,1.5,1.0,0.0,0.0,0.0,9.0,9.0,1.5,1.5,0.0,1.5,4.5,16.5,6.0,30.0,0,0,34.5,1,1,13086,1,12899,11500,18708,3281,6500,10684,3944,11800,13486,1,14058,22137,23286,2013,421,8407,4855,8846,17217,5140,11393,9610,14793,2246,150,10451,1,24:00
2024-25,202066,Garrett Temple,Garrett,1610612761,TOR,Toronto Raptors,0022401223,2024-12-16T00:00:00,TOR vs. CHI,L,3.4,0.0,10.6,0.0,0.0,10.6,0.0,0.0,0.0,0.0,0.0,0.0,0.0,0.0,10.6,0.0,0.0,0.0,0.0,0.0,0.0,10.6,-10.6,0,0,0.0,1,13222,1,13222,24770,22635,16062,22635,15070,2884,15070,13505,14344,13505,14058,22137,23286,19908,287,12854,8263,8846,20257,17725,23200,7424,26227,2246,150,25259,1,3:24
2024-25,1631109,Mark Williams,Mark,1610612766,CHA,Charlotte Hornets,0022401222,2024-12-16T00:00:00,CHA vs. PHI,L,17.07,6.3,10.5,0.6,0.0,0.0,0.0,2.1,4.2,0.5,2.1,4.2,6.3,6.3,2.1,0.0,6.3,2.1,6.3,4.2,14.8,-23.2,48.7,0,0,40.1,1,13222,1,13222,18214,10634,16142,5394,15070,20945,15070,10265,7384,10625,7929,13064,11555,4988,9960,12854,261,2901,2574,5797,13147,22382,3737,2246,150,6745,1,17:04
2024-25,1627750,Jamal Murray,Jamal,1610612743,DEN,Denver Nuggets,0022401225,2024-12-16T00:00:00,DEN @ SAC,W,38.09166666666667,10.4,24.6,0.423,3.8,7.6,0.5,1.9,1.9,1.0,0.0,1.9,1.9,5.7,0.9,0.0,0.9,3.8,1.9,2.8,26.5,9.5,39.1,0,0,39.7,1,1,13086,1,1335,2827,909,14439,4502,7253,3944,10988,13006,1,14058,20003,22018,6099,16168,12854,7866,743,15743,9844,3447,7965,8314,2246,150,6951,1,38:06
2024-25,1631217,Moussa Diabaté,Moussa,1610612766,CHA,Charlotte Hornets,0022401222,2024-12-16T00:00:00,CHA vs. PHI,L,15.696666666666667,4.6,4.6,1.0,0.0,0.0,0.0,0.0,0.0,0.0,4.6,2.3,6.9,0.0,2.3,2.3,0.0,0.0,6.9,2.3,9.2,6.9,22.0,0,0,20.6,1,13222,1,13222,19138,15533,23751,1,15070,20945,15070,13505,14344,13505,2818,18780,10361,19908,9102,5065,8263,8846,2076,11775,18915,9194,20134,2246,150,20493,1,15:42
2024-25,202684,Tristan Thompson,Tristan,1610612739,CLE,Cleveland Cavaliers,0022401224,2024-12-16T00:00:00,CLE @ BKN,W,7.216666666666667,0.0,20.0,0.0,0.0,0.0,0.0,5.0,10.0,0.5,5.0,15.0,20.0,0.0,5.0,0.0,5.0,0.0,0.0,10.0,5.0,-29.9,38.9,0,0,34.9,1,1,13086,1,23090,22635,3003,22635,15070,20945,15070,4053,1383,10625,2387,578,542,19908,2354,12854,516,8846,20257,426,22015,23722,8471,2246,150,10155,1,7:13
2024-25,1630191,Isaiah Stewart,Isaiah,1610612765,DET,Detroit Pistons,0022401221,2024-12-16T00:00:00,DET vs. MIA,W,7.333333333333333,9.8,19.6,0.5,0.0,4.9,0.0,0.0,0.0,0.0,0.0,14.7,14.7,0.0,4.9,0.0,0.0,0.0,0.0,0.0,19.6,44.2,32.4,0,0,34.4,1,1,13086,1,23055,3440,3233,8526,15070,13414,15070,13505,14344,13505,14058,619,1900,19908,2454,12854,8263,8846,20257,17725,8217,732,13011,2246,150,10558,1,7:20
2024-25,1630241,Sam Merrill,Sam,1610612739,CLE,Cleveland Cavaliers,0022401224,2024-12-16T00:00:00,CLE @ BKN,W,24.083333333333332,1.5,12.0,0.125,1.5,12.0,0.125,6.0,6.0,1.0,0.0,0.0,0.0,4.5,0.0,1.5,0.0,0.0,3.0,4.5,10.5,3.0,21.7,0,0,19.4,1,1,13086,1,12811,22178,13664,22420,12057,1803,14886,2887,4503,1,14058,22137,23286,8695,16469,8434,8263,8846,10779,5177,17698,11128,20333,2246,150,21189,1,24:05
2024-25,1629632,Coby White,Coby,1610612741,CHI,Chicago Bulls,0022401223,2024-12-16T00:00:00,CHI @ TOR,W,34.626666666666665,5.2,15.6,0.333,3.1,7.3,0.429,6.2,7.3,0.857,0.0,0.0,0.0,5.2,4.2,3.1,0.0,4.2,4.2,3.1,19.8,10.4,32.7,0,0,34.3,1,1,13086,1,3764,13829,7705,17395,6172,7872,7394,2646,3112,7071,14058,22137,23286,7035,3566,2894,8263,598,6674,8819,8118,7514,12764,2246,150,10605,1,34:38
2024-25,1642275,Tidjane Salaün,Tidjane,1610612766,CHA,Charlotte Hornets,0022401222,2024-12-16T00:00:00,CHA vs. PHI,L,18.27,0.0,3.9,0.0,0.0,3.9,0.0,0.0,3.9,0.0,0.0,3.9,3.9,2.0,2.0,0.0,2.0,2.0,2.0,2.0,0.0,-17.7,11.6,0,0,9.9,1,13222,1,13222,17394,22635,24116,22635,15070,15693,15070,13505,7966,13505,14058,13912,17470,16475,10663,12854,3565,3314,15301,13212,23200,20847,24103,2246,150,24456,1,18:16
2024-25,1628449,Chris Boucher,Chris,1610612761,TOR,Toronto Raptors,0022401223,2024-12-16T00:00:00,TOR vs. CHI,L,20.783333333333335,6.9,13.9,0.5,0.0,3.5,0.0,5.2,8.7,0.6,5.2,12.1,17.3,0.0,0.0,0.0,1.7,3.5,6.9,5.2,19.1,-15.6,45.0,1,0,39.8,1,13222,1,13222,15435,9099,10414,8526,15070,16722,15070,3774,2082,10343,2199,1300,1056,19908,16469,12854,4219,945,2031,3780,8795,20118,5158,1,150,6872,1,20:47
2024-25,1642266,Ja'Kobe Walter,Ja'Kobe,1610612761,TOR,Toronto Raptors,0022401223,2024-12-16T00:00:00,TOR vs. CHI,L,23.85333333333333,4.5,9.1,0.5,0.0,1.5,0.0,0.0,0.0,0.0,1.5,3.0,4.5,3.0,1.5,3.0,0.0,0.0,3.0,0.0,9.1,-9.1,26.6,0,0,22.6,1,13222,1,13222,13030,15691,18637,8526,15070,20258,15070,13505,14344,13505,10283,16654,15981,12864,12706,3109,8263,8846,10628,17725,19025,17452,17247,2246,150,19251,1,23:51
2024-25,1627736,Malik Beasley,Malik,1610612765,DET,Detroit Pistons,0022401221,2024-12-16T00:00:00,DET vs. MIA,W,40.733333333333334,8.0,15.9,0.5,6.2,11.5,0.538,2.7,2.7,1.0,0.0,2.7,2.7,3.5,1.8,0.0,0.9,0.9,1.8,1.8,24.7,7.1,34.1,0,0,38.9,1,1,13086,1,410,6726,7246,8526,1174,2106,3915,8683,10857,1,14058,17810,20536,11286,11674,12854,8132,8714,16314,14043,4343,9101,11714,2246,150,7458,1,40:44
2024-25,203083,Andre Drummond,Andre,1610612755,PHI,Philadelphia 76ers,0022401222,2024-12-16T00:00:00,PHI @ CHA,W,28.233333333333334,5.1,8.9,0.571,0.0,2.6,0.0,1.3,1.3,1.0,3.8,15.3,19.1,1.3,5.1,2.6,1.3,0.0,3.8,2.6,11.5,11.5,42.7,0,0,39.5,1,1,13086,1,9357,14090,18828,6538,15070,18539,15070,12365,13767,1,3845,521,663,18739,2223,4256,5762,8846,7661,10795,16701,7021,6264,2246,150,7051,1,28:14
2024-25,203995,Vasilije Micić,Vasilije,1610612766,CHA,Charlotte Hornets,0022401222,2024-12-16T00:00:00,CHA vs. PHI,L,16.116666666666667,0.0,6.7,0.0,0.0,2.2,0.0,0.0,0.0,0.0,0.0,2.2,2.2,11.2,6.7,0.0,0.0,0.0,2.2,2.2,0.0,-31.3,12.7,0,0,13.4,1,13222,1,13222,18846,22635,21894,22635,15070,19109,15070,13505,14344,13505,14058,18971,21352,946,1022,12854,8263,8846,13949,12012,23200,23928,23835,2246,150,23587,1,16:07
2024-25,1631204,Marcus Sasser,Marcus,1610612765,DET,Detroit Pistons,0022401221,2024-12-16T00:00:00,DET vs. MIA,W,20.628333333333334,3.5,7.0,0.5,3.5,5.2,0.667,0.0,0.0,0.0,0.0,0.0,0.0,5.2,1.7,1.7,0.0,0.0,5.2,0.0,10.5,-12.2,21.8,0,0,22.7,1,1,13086,1,15549,18346,21583,8526,5164,12623,1957,13505,14344,13505,14058,22137,23286,6972,11763,7464,8263,8846,4138,17725,17688,18822,20252,2246,150,19223,1,20:38
2024-25,1629008,Michael Porter Jr.,Michael,1610612743,DEN,Denver Nuggets,0022401225,2024-12-16T00:00:00,DEN @ SAC,W,30.956666666666667,4.7,8.1,0.571,1.2,2.3,0.5,2.3,3.5,0.667,2.3,9.3,11.6,1.2,2.3,1.2,0.0,1.2,1.2,3.5,12.8,9.3,29.7,1,0,29.1,1,1,13086,1,6917,15361,20035,6538,13578,18944,3944,9540,8910,9425,7162,3201,3821,19143,8963,10483,8263,6533,18744,7694,15301,8047,15050,1,150,14647,1,30:57
2024-25,1641730,Noah Clowney,Noah,1610612751,BKN,Brooklyn Nets,0022401224,2024-12-16T00:00:00,BKN vs. CLE,L,17.1,2.1,8.4,0.25,0.0,4.2,0.0,0.0,0.0,0.0,0.0,4.2,4.2,2.1,4.2,0.0,2.1,0.0,12.6,2.1,4.2,-58.9,14.5,0,0,14.7,1,13222,1,13222,18200,21226,19608,20233,15070,15094,15070,13505,14344,13505,14058,13081,16772,15981,3482,12854,3189,8846,369,12587,22460,25658,23323,2246,150,23161,1,17:06
2024-25,1628998,Cody Martin,Cody,1610612766,CHA,Charlotte Hornets,0022401222,2024-12-16T00:00:00,CHA vs. PHI,L,28.983333333333334,5.0,8.7,0.571,2.5,6.2,0.4,0.0,0.0,0.0,1.2,5.0,6.2,2.5,1.2,2.5,1.2,0.0,6.2,0.0,12.4,-11.2,33.5,0,0,31.1,1,13222,1,13222,8688,14484,19205,6538,8207,10178,7874,13505,14344,13505,11523,10970,11802,14597,14153,4427,5937,8846,2698,17725,15687,18395,12167,2246,150,13118,1,28:59
2024-25,1642367,Jonathan Mogbo,Jonathan,1610612761,TOR,Toronto Raptors,0022401223,2024-12-16T00:00:00,TOR vs. CHI,L,27.55,2.6,5.2,0.5,0.0,0.0,0.0,0.0,1.3,0.0,0.0,5.2,5.2,1.3,2.6,0.0,1.3,1.3,3.9,1.3,5.2,10.5,14.8,0,0,14.4,1,13222,1,13222,9909,20256,23306,8526,15070,20945,15070,13505,13718,13505,14058,10219,14217,18634,7821,12854,5619,5616,7382,15876,21894,7488,23252,2246,150,23295,1,27:33
2024-25,1641816,Hunter Tyson,Hunter,1610612743,DEN,Denver Nuggets,0022401225,2024-12-16T00:00:00,DEN @ SAC,W,17.05,4.2,4.2,1.0,2.1,2.1,1.0,4.2,4.2,1.0,2.1,4.2,6.3,2.1,2.1,2.1,0.0,0.0,6.3,2.1,14.8,-14.8,29.8,0,0,29.6,1,1,13086,1,18224,16538,23979,1,9634,19352,1,5308,7370,1,7915,13050,11531,15961,9948,5734,8263,8846,2560,12561,13135,19812,14962,2246,150,14282,1,17:03
2024-25,1630592,Jalen Wilson,Jalen,1610612751,BKN,Brooklyn Nets,0022401224,2024-12-16T00:00:00,BKN vs. CLE,L,29.25,4.9,13.5,0.364,4.9,9.8,0.5,1.2,2.5,0.5,0.0,1.2,1.2,2.5,1.2,2.5,0.0,0.0,3.7,2.5,16.0,-17.2,27.3,0,0,29.5,1,13222,1,13222,8450,14625,10943,16861,2371,3667,3944,12499,11315,10625,14058,21440,22904,14676,14227,4506,8263,8846,8110,11123,11919,20697,16722,2246,150,14297,1,29:15
2024-25,201569,Eric Gordon,Eric,1610612755,PHI,Philadelphia 76ers,0022401222,2024-12-16T00:00:00,PHI @ CHA,W,26.15,4.1,6.9,0.6,4.1,6.9,0.6,0.0,0.0,0.0,0.0,1.4,1.4,1.4,1.4,1.4,0.0,0.0,0.0,1.4,12.4,-1.4,18.9,0,0,22.0,1,1,13086,1,11042,16770,21693,5394,3715,8705,2992,13505,14344,13505,14058,21136,22727,18418,13421,9031,8263,8846,20257,15544,15729,13746,21722,2246,150,19665,1,26:09
2024-25,201942,DeMar DeRozan,DeMar,1610612758,SAC,Sacramento Kings,0022401225,2024-12-16T00:00:00,SAC vs. DEN,L,34.12833333333333,7.4,19.0,0.389,0.0,1.1,0.0,3.2,3.2,1.0,1.1,2.1,3.2,4.2,2.1,2.1,0.0,0.0,4.2,4.2,17.9,0.0,32.3,0,0,29.5,1,13222,1,13222,4149,8049,3769,16009,15070,20801,15070,7403,9585,1,12842,19336,19328,9338,9955,5742,8263,8846,6504,5792,9906,12240,13104,2246,150,14301,1,34:08
2024-25,201567,Kevin Love,Kevin,1610612748,MIA,Miami Heat,0022401221,2024-12-16T00:00:00,MIA @ DET,L,12.321666666666667,5.8,14.6,0.4,0.0,5.8,0.0,0.0,0.0,0.0,0.0,14.6,14.6,2.9,5.8,0.0,0.0,0.0,5.8,2.9,11.7,26.3,27.8,0,0,29.2,1,13222,1,13222,21091,11978,9189,14933,15070,11092,15070,13505,14344,13505,14058,638,1958,13200,1511,12854,8263,8846,3146,9520,16474,2557,16391,2246,150,14535,1,12:19
2024-25,1629312,Haywood Highsmith,Haywood,1610612748,MIA,Miami Heat,0022401221,2024-12-16T00:00:00,MIA @ DET,L,19.536666666666665,1.8,3.7,0.5,1.8,3.7,0.5,0.0,0.0,0.0,0.0,3.7,3.7,3.7,1.8,1.8,1.8,0.0,1.8,0.0,5.5,-25.8,24.7,0,0,22.1,1,13222,1,13222,16384,21677,24236,8526,10912,16253,3944,13505,14344,13505,14058,14684,18109,10830,11358,7069,3950,8846,15978,17725,21713,22986,18494,2246,150,19611,1,19:32
2024-25,203109,Jae Crowder,Jae,1610612758,SAC,Sacramento Kings,0022401225,2024-12-16T00:00:00,SAC vs. DEN,L,5.221666666666667,0.0,0.0,0.0,0.0,0.0,0.0,0.0,0.0,0.0,6.9,6.9,13.8,0.0,6.9,0.0,0.0,0.0,6.9,0.0,0.0,-48.3,9.7,0,0,13.8,1,13222,1,13222,23904,22635,24836,22635,15070,20945,15070,13505,14344,13505,1181,6544,2341,19908,937,12854,8263,8846,2064,17725,23200,25330,24475,2246,150,23479,1,5:13
2024-25,1630182,Josh Green,Josh,1610612766,CHA,Charlotte Hornets,0022401222,2024-12-16T00:00:00,CHA vs. PHI,L,29.816666666666666,4.8,9.7,0.5,2.4,7.2,0.333,0.0,1.2,0.0,1.2,1.2,2.4,0.0,1.2,4.8,1.2,0.0,4.8,3.6,12.1,-13.3,31.9,0,0,29.0,1,13222,1,13222,7950,14863,17654,8526,8435,7948,9209,13505,13873,13505,11744,21490,20979,19908,14387,1004,6122,8846,4997,7328,16069,19220,13421,2246,150,14725,1,29:49
2024-25,201599,DeAndre Jordan,DeAndre,1610612743,DEN,Denver Nuggets,0022401225,2024-12-16T00:00:00,DEN @ SAC,W,9.7,0.0,3.7,0.0,0.0,0.0,0.0,0.0,0.0,0.0,0.0,7.4,7.4,11.1,3.7,3.7,3.7,0.0,7.4,7.4,0.0,-11.1,44.2,0,0,33.4,1,1,13086,1,22215,22635,24221,22635,15070,20945,15070,13505,14344,13505,14058,5637,9314,955,4532,1950,1075,8846,1694,1368,23200,18379,5598,2246,150,11316,1,9:42
2024-25,1630171,Isaac Okoro,Isaac,1610612739,CLE,Cleveland Cavaliers,0022401224,2024-12-16T00:00:00,CLE @ BKN,W,19.516666666666666,7.4,9.2,0.8,3.7,5.5,0.667,3.7,3.7,1.0,1.8,0.0,1.8,1.8,0.0,1.8,0.0,0.0,3.7,1.8,22.1,36.9,32.6,0,0,33.2,1,1,13086,1,16401,8060,18368,1688,4722,11883,1957,6310,8499,1,9066,22137,22095,16950,16469,7054,8263,8846,8124,13754,6108,1210,12843,2246,150,11494,1,19:31
2024-25,1630245,Ayo Dosunmu,Ayo,1610612741,CHI,Chicago Bulls,0022401223,2024-12-16T00:00:00,CHI @ TOR,W,39.75,4.5,13.6,0.333,0.9,5.4,0.167,0.9,1.8,0.5,0.0,4.5,4.5,4.5,0.0,0.9,0.9,1.8,2.7,0.9,10.9,-5.4,28.5,0,0,24.5,1,1,13086,1,635,15678,10847,17395,14945,12126,14236,13445,13175,10625,14058,12179,15974,8574,16469,12645,8068,3866,11962,17654,17297,15800,15860,2246,150,18034,1,39:45
2024-25,1630550,JT Thor,JT,1610612739,CLE,Cleveland Cavaliers,0022401224,2024-12-16T00:00:00,CLE @ BKN,W,5.383333333333334,0.0,6.7,0.0,0.0,0.0,0.0,26.7,26.7,1.0,6.7,0.0,6.7,0.0,0.0,0.0,6.7,0.0,13.4,13.4,26.7,-53.5,54.8,0,0,46.8,1,1,13086,1,23824,22635,21905,22635,15070,20945,15070,43,72,1,1284,22137,10755,19908,16469,12854,228,8846,310,142,3326,25525,2022,2246,150,3548,1,5:23
2024-25,1630194,Paul Reed,Paul,1610612765,DET,Detroit Pistons,0022401221,2024-12-16T00:00:00,DET vs. MIA,W,11.566666666666666,6.2,12.4,0.5,0.0,0.0,0.0,6.2,6.2,1.0,3.1,3.1,6.2,0.0,0.0,0.0,0.0,0.0,3.1,6.2,18.7,-6.2,26.1,0,0,24.9,1,1,13086,1,21464,10902,12813,8526,15070,20945,15070,2657,4205,1,5111,16378,11763,19908,16469,12854,8263,8846,10229,2354,9143,16172,17525,2246,150,17754,1,11:34
2024-25,1629003,Shake Milton,Shake,1610612751,BKN,Brooklyn Nets,0022401224,2024-12-16T00:00:00,BKN vs. CLE,L,17.183333333333334,4.2,18.9,0.222,2.1,4.2,0.5,0.0,0.0,0.0,4.2,6.3,10.5,2.1,2.1,0.0,0.0,2.1,12.6,4.2,10.5,-27.2,24.1,0,0,25.1,1,13222,1,13222,18148,16619,3876,21205,9708,15139,3944,13505,14344,13505,3311,7720,4933,16017,10023,12854,8263,2937,372,5870,17685,23282,18882,2246,150,17570,1,17:11
2024-25,1630172,Patrick Williams,Patrick,1610612741,CHI,Chicago Bulls,0022401223,2024-12-16T00:00:00,CHI @ TOR,W,21.385,3.4,10.1,0.333,0.0,3.4,0.0,3.4,3.4,1.0,3.4,3.4,6.7,1.7,0.0,1.7,3.4,0.0,1.7,3.4,10.1,-6.7,35.9,0,0,28.6,1,1,13086,1,15004,18606,16893,17395,15070,16936,15070,6971,9170,1,4606,15605,10667,17416,16469,7674,1338,8846,16590,8054,18048,16395,10469,2246,150,14976,1,21:23
2024-25,1628964,Mo Bamba,Mo,1610612746,LAC,LA Clippers,0022401226,2024-12-16T00:00:00,LAC vs. UTA,W,16.6,2.2,4.3,0.5,2.2,2.2,1.0,6.5,8.7,0.75,2.2,13.0,15.2,2.2,2.2,0.0,2.2,0.0,4.3,4.3,13.0,13.0,38.8,0,0,36.9,1,1,13086,1,18528,21101,23898,8526,9366,19225,1,2400,2071,8186,7690,1012,1694,15732,9642,12854,3020,8846,6180,5504,15082,6392,8525,2246,150,8805,1,16:36
2024-25,1629130,Duncan Robinson,Duncan,1610612748,MIA,Miami Heat,0022401221,2024-12-16T00:00:00,MIA @ DET,L,23.85,7.5,15.1,0.5,4.5,10.6,0.429,0.0,0.0,0.0,0.0,0.0,0.0,1.5,3.0,1.5,0.0,0.0,4.5,0.0,19.6,-25.7,23.4,0,0,28.7,1,13222,1,13222,13031,7648,8442,8526,3020,2913,7394,13505,14344,13505,14058,22137,23286,17941,6399,8370,8263,8846,5710,17725,8239,22950,19317,2246,150,14944,1,23:51
2024-25,1627734,Domantas Sabonis,Domantas,1610612758,SAC,Sacramento Kings,0022401225,2024-12-16T00:00:00,SAC vs. DEN,L,41.416666666666664,10.4,17.4,0.6,0.9,2.6,0.333,2.6,2.6,1.0,3.5,8.7,12.2,5.2,1.7,2.6,0.0,0.9,2.6,2.6,24.3,0.9,52.8,1,0,47.8,1,13222,1,13222,308,2784,5362,5394,15013,18442,9209,8788,10957,1,4409,3849,3366,7006,11788,4127,8263,8742,12399,10614,4586,12223,2496,1,150,3220,1,41:25
2024-25,1629645,Kevin Porter Jr.,Kevin,1610612746,LAC,LA Clippers,0022401226,2024-12-16T00:00:00,LAC vs. UTA,W,26.216666666666665,1.4,11.0,0.125,0.0,4.1,0.0,6.9,8.2,0.833,4.1,6.9,11.0,8.2,2.7,4.1,0.0,1.4,2.7,4.1,9.6,20.6,44.8,0,0,37.1,1,1,13086,1,10987,22319,15373,22420,15070,15301,15070,2106,2360,7275,3407,6593,4424,2664,7386,1523,8263,5291,11858,6006,18533,3783,5297,2246,150,8673,1,26:13
2024-25,1629599,Amir Coffey,Amir,1610612746,LAC,LA Clippers,0022401226,2024-12-16T00:00:00,LAC vs. UTA,W,34.055,6.3,7.4,0.857,3.2,3.2,1.0,1.1,2.1,0.5,1.1,2.1,3.2,3.2,1.1,0.0,1.1,0.0,3.2,2.1,16.9,18.0,27.6,0,0,28.5,1,1,13086,1,4208,10584,21071,1412,6034,17325,1,13059,12379,10625,12815,19322,19304,12418,15448,12854,7081,8846,9996,12548,10947,4568,16506,2246,150,15033,1,34:03
2024-25,1642403,Isaac Jones,Isaac,1610612758,SAC,Sacramento Kings,0022401225,2024-12-16T00:00:00,SAC vs. DEN,L,6.39,5.6,11.3,0.5,0.0,0.0,0.0,0.0,0.0,0.0,0.0,5.6,5.6,0.0,0.0,5.6,0.0,5.6,5.6,0.0,11.3,-11.3,34.9,0,0,28.2,1,13222,1,13222,23416,12603,14897,8526,15070,20945,15070,13505,14344,13505,14058,9209,13199,19908,16469,594,8263,257,3490,17725,16930,18426,11102,2246,150,15317,1,6:23
2024-25,203926,Doug McDermott,Doug,1610612758,SAC,Sacramento Kings,0022401225,2024-12-16T00:00:00,SAC vs. DEN,L,26.89,8.0,12.0,0.667,5.4,9.4,0.571,0.0,0.0,0.0,0.0,1.3,1.3,0.0,0.0,0.0,0.0,0.0,2.7,0.0,21.4,8.0,23.0,0,0,28.1,1,13222,1,13222,10431,6568,13514,3281,1890,4287,3506,13505,14344,13505,14058,21214,22773,19908,16469,12854,8263,8846,12132,17725,6715,8620,19545,2246,150,15349,1,26:53
2024-25,1630534,Ochai Agbaji,Ochai,1610612761,TOR,Toronto Raptors,0022401223,2024-12-16T00:00:00,TOR vs. CHI,L,30.766666666666666,7.0,11.7,0.6,1.2,5.9,0.2,2.3,4.7,0.5,1.2,2.3,3.5,0.0,0.0,0.0,1.2,0.0,1.2,4.7,17.6,-5.9,25.3,0,0,24.6,1,13222,1,13222,7073,8878,14114,5394,13536,11074,13429,9491,6516,10625,11994,18656,18526,19908,16469,12854,6363,8846,18718,4759,10268,15998,18093,2246,150,17964,1,30:46
2024-25,1641706,Brandon Miller,Brandon,1610612766,CHA,Charlotte Hornets,0022401222,2024-12-16T00:00:00,CHA vs. PHI,L,31.2,4.6,10.4,0.444,2.3,8.1,0.286,2.3,3.5,0.667,0.0,4.6,4.6,4.6,2.3,0.0,1.2,0.0,2.3,1.2,13.8,-3.5,27.5,0,0,27.7,1,13222,1,13222,6701,15447,16407,13045,8821,6324,11433,9593,8960,9425,14058,11943,15782,8374,9034,12854,6457,8846,13612,16628,14101,14778,16622,2246,150,15637,1,31:12
2024-25,1630596,Evan Mobley,Evan,1610612739,CLE,Cleveland Cavaliers,0022401224,2024-12-16T00:00:00,CLE @ BKN,W,23.033333333333335,10.9,14.1,0.778,1.6,1.6,1.0,9.4,9.4,1.0,1.6,6.3,7.8,3.1,3.1,1.6,0.0,0.0,4.7,6.3,32.8,21.9,48.5,0,0,48.5,1,1,13086,1,13699,2309,10067,1994,11812,20214,1,879,1674,1,10062,7785,8589,12538,6049,8138,8263,8846,5312,2331,1361,3486,3826,2246,150,3002,1,23:02
2024-25,1641824,Matas Buzelis,Matas,1610612741,CHI,Chicago Bulls,0022401223,2024-12-16T00:00:00,CHI @ TOR,W,12.55,8.6,14.3,0.6,2.9,5.7,0.5,0.0,0.0,0.0,0.0,11.5,11.5,2.9,0.0,0.0,0.0,0.0,2.9,0.0,20.1,20.1,38.2,0,0,37.3,1,1,13086,1,20962,5422,9629,5394,6988,11365,3944,13505,14344,13505,14058,1654,3982,13380,16469,12854,8263,8846,11317,17725,7855,3925,8922,2246,150,8511,1,12:33
2024-25,1641842,Ronald Holland II,Ronald,1610612765,DET,Detroit Pistons,0022401221,2024-12-16T00:00:00,DET vs. MIA,W,23.215,4.7,7.8,0.6,1.6,1.6,1.0,1.6,3.1,0.5,0.0,6.2,6.2,0.0,0.0,1.6,0.0,0.0,1.6,1.6,12.4,9.3,24.5,0,0,23.3,1,1,13086,1,13548,15360,20592,5394,11861,20225,1,11689,9719,10625,14058,7886,11819,19908,16469,8191,8263,8846,17040,14801,15706,8046,18609,2246,150,18835,1,23:13
2024-25,203458,Alex Len,Alex,1610612758,SAC,Sacramento Kings,0022401225,2024-12-16T00:00:00,SAC vs. DEN,L,2.2333333333333334,0.0,0.0,0.0,0.0,0.0,0.0,0.0,0.0,0.0,0.0,0.0,0.0,0.0,0.0,0.0,0.0,0.0,16.1,0.0,0.0,16.1,0.0,0,0,0.0,1,13222,1,13222,25338,22635,24836,22635,15070,20945,15070,13505,14344,13505,14058,22137,23286,19908,16469,12854,8263,8846,205,17725,23200,5210,25228,2246,150,25259,1,2:14
2024-25,200768,Kyle Lowry,Kyle,1610612755,PHI,Philadelphia 76ers,0022401222,2024-12-16T00:00:00,PHI @ CHA,W,17.816666666666666,0.0,2.0,0.0,0.0,2.0,0.0,6.1,8.1,0.75,2.0,0.0,2.0,2.0,0.0,2.0,2.0,0.0,6.1,6.1,6.1,0.0,23.6,0,0,18.2,1,1,13086,1,17699,22635,24755,22635,15070,19518,15070,2806,2461,8186,8294,22137,21760,16295,16469,6154,3414,8846,2863,2543,21350,12240,19177,2246,150,21780,1,17:49
2024-25,1641757,Jordan Miller,Jordan,1610612746,LAC,LA Clippers,0022401226,2024-12-16T00:00:00,LAC vs. UTA,W,19.961666666666666,1.8,10.8,0.167,0.0,7.2,0.0,0.0,0.0,0.0,0.0,0.0,0.0,0.0,0.0,0.0,1.8,0.0,1.8,1.8,3.6,18.0,9.0,0,0,7.2,1,1,13086,1,16056,21750,15661,21938,15070,8021,15070,13505,14344,13505,14058,22137,23286,19908,16469,12854,4051,8846,16168,13924,22737,4547,24565,2246,150,24873,1,19:58
2024-25,1642271,Kyle Filipowski,Kyle,1610612762,UTA,Utah Jazz,0022401226,2024-12-16T00:00:00,UTA @ LAC,L,14.966666666666667,2.4,4.8,0.5,0.0,2.4,0.0,4.8,4.8,1.0,2.4,12.0,14.4,0.0,0.0,0.0,0.0,0.0,9.6,4.8,9.6,-24.1,26.9,0,0,24.1,1,13222,1,13222,19587,20650,23597,8526,15070,18795,15070,4329,6280,1,6901,1338,2031,19908,16469,12854,8263,8846,787,4476,18520,22592,16995,2246,150,18287,1,14:58
2024-25,1627824,Guerschon Yabusele,Guerschon,1610612755,PHI,Philadelphia 76ers,0022401222,2024-12-16T00:00:00,PHI @ CHA,W,18.338333333333335,0.0,3.9,0.0,0.0,3.9,0.0,0.0,0.0,0.0,0.0,5.9,5.9,2.0,0.0,0.0,0.0,0.0,3.9,2.0,0.0,5.9,10.0,0,0,7.9,1,1,13086,1,17327,22635,24124,22635,15070,15726,15070,13505,14344,13505,14058,8568,12545,16508,16469,12854,8263,8846,7366,13259,23200,9666,24415,2246,150,24783,1,18:20
2024-25,1629731,Dean Wade,Dean,1610612739,CLE,Cleveland Cavaliers,0022401224,2024-12-16T00:00:00,CLE @ BKN,W,22.883333333333333,1.6,3.1,0.5,1.6,3.1,0.5,0.0,0.0,0.0,1.6,9.4,11.0,0.0,0.0,1.6,1.6,0.0,1.6,0.0,4.7,29.9,27.4,0,0,23.6,1,1,13086,1,13803,22070,24442,8526,11777,17373,3944,13505,14344,13505,10031,3083,4401,19908,16469,8096,4628,8846,16948,17725,22171,1978,16682,2246,150,18615,1,22:53
2024-25,1630558,Davion Mitchell,Davion,1610612761,TOR,Toronto Raptors,0022401223,2024-12-16T00:00:00,TOR vs. CHI,L,16.433333333333334,2.2,4.4,0.5,2.2,2.2,1.0,0.0,0.0,0.0,0.0,2.2,2.2,8.8,6.6,0.0,2.2,0.0,0.0,0.0,6.6,-13.1,22.3,0,0,24.1,1,13222,1,13222,18635,21058,23869,8526,9265,19184,1,13505,14344,13505,14058,19096,21430,2213,1093,12854,2966,8846,20257,17725,21008,19175,19953,2246,150,18260,1,16:26
2024-25,1630539,Kai Jones,Kai,1610612746,LAC,LA Clippers,0022401226,2024-12-16T00:00:00,LAC vs. UTA,W,5.833333333333333,0.0,0.0,0.0,0.0,0.0,0.0,0.0,0.0,0.0,0.0,6.2,6.2,0.0,0.0,0.0,0.0,0.0,6.2,0.0,0.0,12.3,7.4,0,0,6.2,1,1,13086,1,23649,22635,24836,22635,15070,20945,15070,13505,14344,13505,14058,7960,11883,19908,16469,12854,8263,8846,2734,17725,23200,6661,24768,2246,150,24989,1,5:50
2024-25,1630696,Dru Smith,Dru,1610612748,MIA,Miami Heat,0022401221,2024-12-16T00:00:00,MIA @ DET,L,30.875,2.3,4.7,0.5,1.2,2.3,0.5,2.3,2.3,1.0,0.0,0.0,0.0,2.3,1.2,7.0,0.0,0.0,7.0,1.2,8.2,24.5,31.5,0,0,25.7,1,13222,1,13222,6978,20794,23707,8526,13558,18933,3944,9521,11690,1,14058,22137,23286,15114,14686,297,8263,8846,1981,16570,19778,2926,13686,2246,150,17171,1,30:53
2024-25,201587,Nicolas Batum,Nicolas,1610612746,LAC,LA Clippers,0022401226,2024-12-16T00:00:00,LAC vs. UTA,W,16.345,2.2,2.2,1.0,2.2,2.2,1.0,2.2,4.4,0.5,0.0,6.6,6.6,0.0,4.4,4.4,0.0,0.0,2.2,2.2,8.8,41.8,25.5,0,0,26.4,1,1,13086,1,18700,21031,24721,1,9230,19168,1,9939,7022,10625,14058,7085,10934,19908,3137,1300,8263,8846,14080,12154,19261,855,17905,2246,150,16593,1,16:21
2024-25,1629660,Ty Jerome,Ty,1610612739,CLE,Cleveland Cavaliers,0022401224,2024-12-16T00:00:00,CLE @ BKN,W,16.116666666666667,4.5,15.6,0.286,2.2,11.2,0.2,0.0,0.0,0.0,0.0,6.7,6.7,13.4,4.5,2.2,0.0,0.0,0.0,4.5,11.2,24.6,41.5,0,0,38.0,1,1,13086,1,18846,15873,7639,19630,9104,2361,13429,13505,14344,13505,14058,6887,10728,460,3043,5264,8263,8846,20257,5214,17020,2906,6861,2246,150,8045,1,16:07
2024-25,1631170,Jaime Jaquez Jr.,Jaime,1610612748,MIA,Miami Heat,0022401221,2024-12-16T00:00:00,MIA @ DET,L,18.85,9.5,22.9,0.417,0.0,5.7,0.0,5.7,5.7,1.0,0.0,1.9,1.9,7.6,1.9,1.9,0.0,0.0,5.7,3.8,24.8,-26.7,42.4,0,0,38.2,1,13222,1,13222,16938,3818,1413,14532,15070,11381,15070,3162,4851,1,14058,19943,21981,3238,10991,6716,8263,8846,3339,6791,4288,23187,6426,2246,150,7901,1,18:51
2024-25,1630188,Jalen Smith,Jalen,1610612741,CHI,Chicago Bulls,0022401223,2024-12-16T00:00:00,CHI @ TOR,W,15.766666666666667,6.8,11.4,0.6,4.6,4.6,1.0,4.6,4.6,1.0,4.6,6.8,11.4,2.3,0.0,2.3,0.0,0.0,0.0,4.6,22.8,4.6,46.8,0,0,45.7,1,1,13086,1,19092,9294,14627,5394,2943,14273,1,4733,6711,1,2846,6622,4039,15291,16469,5097,8263,8846,20257,5007,5608,10355,4397,2246,150,3946,1,15:46
2024-25,1628970,Miles Bridges,Miles,1610612766,CHA,Charlotte Hornets,0022401222,2024-12-16T00:00:00,CHA vs. PHI,L,28.23,12.8,24.2,0.526,2.6,10.2,0.25,2.6,3.8,0.667,1.3,6.4,7.7,5.1,3.8,0.0,0.0,0.0,1.3,3.8,30.6,2.6,43.6,0,0,45.9,1,13222,1,13222,9366,1130,1005,8379,7968,3272,11902,8917,8191,9425,11328,7549,8877,7246,4252,12854,8263,8846,18142,6782,1892,11342,5849,2246,150,3852,1,28:14
2024-25,1631209,Isaiah Wong,Isaiah,1610612766,CHA,Charlotte Hornets,0022401222,2024-12-16T00:00:00,CHA vs. PHI,L,13.553333333333333,8.0,10.6,0.75,2.7,2.7,1.0,0.0,0.0,0.0,5.3,0.0,5.3,0.0,2.7,0.0,0.0,0.0,5.3,2.7,18.6,5.3,22.3,0,0,26.6,1,13222,1,13222,20456,6701,16009,2107,7668,18337,1,13505,14344,13505,2085,22137,14015,19908,7672,12854,8263,8846,4003,10458,9228,9938,19974,2246,150,16492,1,13:33
2024-25,1628389,Bam Adebayo,Bam,1610612748,MIA,Miami Heat,0022401221,2024-12-16T00:00:00,MIA @ DET,L,40.733333333333334,5.3,10.6,0.5,0.9,2.7,0.333,1.8,1.8,1.0,0.9,6.2,7.1,2.7,0.9,0.9,0.0,0.0,0.9,1.8,13.3,-8.8,27.5,0,0,25.6,1,13222,1,13222,410,13523,16035,8526,14990,18346,9209,11299,13226,1,13946,7930,10010,14040,16375,12722,8263,8846,20177,14043,14800,17349,16593,2246,150,17190,1,40:44
2024-25,1641732,Colby Jones,Colby,1610612758,SAC,Sacramento Kings,0022401225,2024-12-16T00:00:00,SAC vs. DEN,L,18.363333333333333,0.0,5.9,0.0,0.0,3.9,0.0,0.0,0.0,0.0,3.9,3.9,7.8,0.0,0.0,2.0,2.0,0.0,3.9,0.0,0.0,11.8,21.2,0,0,15.7,1,13222,1,13222,17313,22635,22727,22635,15070,15731,15070,13505,14344,13505,3694,13965,8559,19908,16469,6452,3602,8846,7381,17725,23200,6906,20608,2246,150,22829,1,18:22
2024-25,1626179,Terry Rozier,Terry,1610612748,MIA,Miami Heat,0022401221,2024-12-16T00:00:00,MIA @ DET,L,33.916666666666664,3.2,8.5,0.375,1.1,4.2,0.25,4.2,4.2,1.0,1.1,4.2,5.3,6.4,2.1,1.1,0.0,0.0,3.2,2.1,11.7,3.2,28.7,0,0,26.5,1,13222,1,13222,4334,19024,19502,16299,14188,15017,11902,5266,7325,1,12784,12984,14027,4903,9890,11376,8263,8846,9926,12515,16487,11026,15755,2246,150,16510,1,33:55
2024-25,1631124,Julian Strawther,Julian,1610612743,DEN,Denver Nuggets,0022401225,2024-12-16T00:00:00,DEN @ SAC,W,23.155,9.3,18.7,0.5,1.6,6.2,0.25,0.0,0.0,0.0,0.0,6.2,6.2,1.6,0.0,0.0,1.6,0.0,1.6,3.1,20.2,-17.1,34.7,0,0,32.6,1,1,13086,1,13599,4163,4064,8526,11845,10151,11902,13505,14344,13505,14058,7856,11780,17789,16469,12854,4694,8846,17023,8852,7728,20663,11320,2246,150,11907,1,23:09
2024-25,1631117,Walker Kessler,Walker,1610612762,UTA,Utah Jazz,0022401226,2024-12-16T00:00:00,UTA @ LAC,L,23.416666666666668,7.7,9.2,0.833,0.0,0.0,0.0,0.0,1.5,0.0,6.1,4.6,10.8,0.0,4.6,1.5,1.5,0.0,3.1,1.5,15.4,-38.4,32.9,0,0,32.3,1,13222,1,13222,13374,7297,18366,1514,15070,20945,15070,13505,13452,13505,1543,11957,4636,19908,2832,8244,4731,8846,10375,14845,12545,24741,12658,2246,150,12149,1,23:25
2024-25,1641763,Julian Phillips,Julian,1610612741,CHI,Chicago Bulls,0022401223,2024-12-16T00:00:00,CHI @ TOR,W,11.883333333333333,12.1,15.1,0.8,3.0,3.0,1.0,3.0,3.0,1.0,0.0,0.0,0.0,0.0,6.1,3.0,3.0,0.0,9.1,6.1,30.3,-9.1,42.4,0,0,45.4,1,1,13086,1,21343,1452,8341,1688,6403,17587,1,7724,9909,1,14058,22137,23286,19908,1345,3087,1657,8846,938,2547,1986,17471,6419,2246,150,4045,1,11:53
2024-25,1631213,Tyrese Martin,Tyrese,1610612751,BKN,Brooklyn Nets,0022401224,2024-12-16T00:00:00,BKN vs. CLE,L,17.85,2.0,8.1,0.25,2.0,8.1,0.25,0.0,0.0,0.0,4.0,2.0,6.1,4.0,4.0,4.0,0.0,0.0,2.0,2.0,6.1,-18.2,27.4,0,0,26.2,1,13222,1,13222,17663,21380,20148,20233,10090,6338,11902,13505,14344,13505,3557,19604,12158,9853,3811,1601,8263,8846,15051,12999,21357,20976,16637,2246,150,16784,1,17:51
2024-25,1629651,Nic Claxton,Nic,1610612751,BKN,Brooklyn Nets,0022401224,2024-12-16T00:00:00,BKN vs. CLE,L,22.5,6.4,11.2,0.571,0.0,0.0,0.0,0.0,0.0,0.0,3.2,3.2,6.4,3.2,0.0,1.6,0.0,0.0,3.2,0.0,12.8,-38.4,30.1,0,0,25.6,1,13222,1,13222,14100,10447,15021,6538,15070,20945,15070,13505,14344,13505,4943,16089,11401,12310,16469,7984,8263,8846,9863,17725,15289,24736,14742,2246,150,17209,1,22:30
2024-25,201566,Russell Westbrook,Russell,1610612743,DEN,Denver Nuggets,0022401225,2024-12-16T00:00:00,DEN @ SAC,W,34.75333333333333,8.3,13.5,0.615,0.0,3.1,0.0,2.1,4.1,0.5,3.1,6.2,9.3,10.4,3.1,3.1,0.0,2.1,3.1,2.1,18.6,3.1,51.6,1,0,44.5,1,1,13086,1,3653,6008,11055,5246,15070,17448,15070,10394,7537,10625,5121,7867,6291,1257,6103,2922,8263,2999,10250,12756,9167,11058,2813,1,150,4445,1,34:45
2024-25,1627751,Jakob Poeltl,Jakob,1610612761,TOR,Toronto Raptors,0022401223,2024-12-16T00:00:00,TOR vs. CHI,L,21.75,5.0,11.6,0.429,0.0,0.0,0.0,0.0,0.0,0.0,1.7,6.6,8.3,5.0,1.7,1.7,0.0,1.7,0.0,1.7,9.9,-11.6,30.6,0,0,26.5,1,13222,1,13222,14717,14489,14333,13735,15070,20945,15070,13505,14344,13505,9731,7058,7801,7541,12112,7785,8263,4269,20257,14428,18222,18565,14329,2246,150,16555,1,21:45
2024-25,1642268,Isaiah Collier,Isaiah,1610612762,UTA,Utah Jazz,0022401226,2024-12-16T00:00:00,UTA @ LAC,L,11.6,0.0,6.2,0.0,0.0,6.2,0.0,0.0,0.0,0.0,0.0,3.1,3.1,6.2,3.1,0.0,3.1,0.0,3.1,0.0,0.0,-34.1,19.2,0,0,15.5,1,13222,1,13222,21448,22635,22415,22635,15070,10184,15070,13505,14344,13505,14058,16399,19469,5153,6115,12854,1569,8846,10262,17725,23200,24322,21524,2246,150,22874,1,11:36
2024-25,1628381,John Collins,John,1610612762,UTA,Utah Jazz,0022401226,2024-12-16T00:00:00,UTA @ LAC,L,37.666666666666664,3.8,10.5,0.364,0.0,2.9,0.0,5.7,7.6,0.75,0.0,4.8,4.8,1.9,1.9,1.9,1.0,1.9,2.9,4.8,13.4,-23.9,28.7,0,0,25.8,1,13222,1,13222,1590,17508,16196,16861,15070,17922,15070,3157,2780,8186,14058,11488,15347,16711,10982,6706,7777,3505,11327,4548,14642,22543,15739,2246,150,17064,1,37:40
2024-25,1630570,Trendon Watford,Trendon,1610612751,BKN,Brooklyn Nets,0022401224,2024-12-16T00:00:00,BKN vs. CLE,L,9.958333333333334,7.2,10.8,0.667,3.6,3.6,1.0,10.8,10.8,1.0,0.0,0.0,0.0,0.0,0.0,0.0,0.0,0.0,0.0,10.8,28.9,-39.8,28.9,0,0,32.5,1,13222,1,13222,22121,8379,15620,3281,4887,16406,1,508,1072,1,14058,22137,23286,19908,16469,12854,8263,8846,20257,291,2447,24829,15546,2246,150,11978,1,9:58
2024-25,1641741,Ricky Council IV,Ricky,1610612755,PHI,Philadelphia 76ers,0022401222,2024-12-16T00:00:00,PHI @ CHA,W,8.6,4.2,16.7,0.25,0.0,8.4,0.0,16.7,16.7,1.0,4.2,0.0,4.2,0.0,4.2,4.2,0.0,8.4,4.2,8.4,25.1,20.9,38.5,0,0,37.7,1,1,13086,1,22597,16627,6115,20233,15070,5792,15070,120,231,1,3317,22137,16837,19908,3523,1469,8263,95,6590,868,4161,3713,8703,2246,150,8236,1,8:36
2024-25,1627827,Dorian Finney-Smith,Dorian,1610612751,BKN,Brooklyn Nets,0022401224,2024-12-16T00:00:00,BKN vs. CLE,L,24.0,6.0,12.0,0.5,3.0,6.0,0.5,0.0,0.0,0.0,0.0,6.0,6.0,1.5,1.5,0.0,0.0,0.0,3.0,0.0,15.0,-15.0,23.0,0,0,25.5,1,13222,1,13222,12899,11500,13575,8526,6500,10684,3944,13505,14344,13505,14058,8311,12271,17974,12741,12854,8263,8846,10710,17725,12895,19899,19590,2246,150,17280,1,24:00
2024-25,1630595,Cade Cunningham,Cade,1610612765,DET,Detroit Pistons,0022401221,2024-12-16T00:00:00,DET vs. MIA,W,42.31166666666667,6.0,14.5,0.412,2.6,5.1,0.5,2.6,4.3,0.6,0.9,8.5,9.4,15.3,3.4,0.0,0.9,0.0,1.7,3.4,17.0,7.7,50.4,1,1,45.9,1,1,13086,1,229,11644,9411,14791,7966,12946,3944,8914,7309,10343,13998,4049,6250,269,5225,12854,8186,8846,16535,7943,10832,8796,3161,1,1,3840,1,42:19
2024-25,1630548,Johnny Juzang,Johnny,1610612762,UTA,Utah Jazz,0022401226,2024-12-16T00:00:00,UTA @ LAC,L,22.25,6.5,11.3,0.571,6.5,11.3,0.571,0.0,0.0,0.0,0.0,4.9,4.9,1.6,0.0,0.0,0.0,0.0,4.9,0.0,19.4,-19.4,27.7,0,0,32.4,1,13222,1,13222,14313,10261,14784,6538,1014,2237,3506,13505,14344,13505,14058,11265,15171,17600,16469,12854,8263,8846,4937,17725,8452,21381,16450,2246,150,12098,1,22:15
2024-25,1628418,Thomas Bryant,Thomas,1610612754,IND,Indiana Pacers,0022401216,2024-12-15T00:00:00,IND vs. NOP,W,11.433333333333334,9.4,9.4,1.0,3.1,3.1,1.0,0.0,0.0,0.0,0.0,6.3,6.3,0.0,0.0,0.0,3.1,0.0,0.0,0.0,22.0,-18.9,39.0,0,0,37.8,1,1,13086,1,21515,3957,18049,1,6099,17368,1,13505,14344,13505,14058,7698,11608,19908,16469,12854,1522,8846,20257,17725,6183,21206,8374,2246,150,8180,1,11:26
2024-25,203497,Rudy Gobert,Rudy,1610612750,MIN,Minnesota Timberwolves,0022401218,2024-12-15T00:00:00,MIN @ SAS,W,34.75,5.2,11.4,0.455,0.0,0.0,0.0,0.0,1.0,0.0,4.1,5.2,9.3,2.1,2.1,1.0,1.0,1.0,2.1,3.1,10.4,8.3,28.8,0,0,25.9,1,1,13086,1,3654,13867,14667,12676,15070,20945,15070,13505,14161,13505,3379,10331,6288,16111,10151,11626,7230,7612,14746,8857,17796,8496,15644,2246,150,17004,1,34:45
2024-25,201950,Jrue Holiday,Jrue,1610612738,BOS,Boston Celtics,0022401217,2024-12-15T00:00:00,BOS @ WAS,W,23.766666666666666,6.1,10.6,0.571,1.5,4.5,0.333,4.5,6.1,0.75,0.0,1.5,1.5,1.5,3.0,1.5,0.0,0.0,0.0,3.0,18.2,-3.0,23.8,0,0,25.8,1,1,13086,1,13100,11341,16041,6538,11980,14335,9209,4765,4389,8186,14058,20846,22553,17921,6357,8342,8263,8846,20257,9127,9645,14585,19105,2246,150,17106,1,23:46
2024-25,1630572,Sandro Mamukelashvili,Sandro,1610612759,SAS,San Antonio Spurs,0022401218,2024-12-15T00:00:00,SAS vs. MIN,L,8.383333333333333,4.3,12.9,0.333,4.3,12.9,0.333,0.0,0.0,0.0,0.0,4.3,4.3,4.3,0.0,0.0,0.0,0.0,4.3,4.3,12.9,12.9,24.5,0,0,25.8,1,13222,1,13222,22666,16332,12069,17395,3394,1354,9209,13505,14344,13505,14058,12819,16544,9135,16469,12854,8263,8846,6298,5599,15215,6443,18631,2246,150,17093,1,8:23
2024-25,1630527,Brandon Boston,Brandon,1610612740,NOP,New Orleans Pelicans,0022401216,2024-12-15T00:00:00,NOP @ IND,L,30.816666666666666,8.2,17.5,0.467,3.5,4.7,0.75,3.5,5.8,0.6,1.2,1.2,2.3,1.2,1.2,1.2,0.0,2.3,3.5,4.7,23.4,-9.3,30.3,0,0,32.7,1,13222,1,13222,7026,6253,5230,12249,5136,14029,1542,6693,4697,10343,12007,21593,21126,19121,14672,10444,8263,2357,8735,4777,5232,17605,14619,2246,150,11873,1,30:49
2024-25,1630551,Justin Champagnie,Justin,1610612764,WAS,Washington Wizards,0022401217,2024-12-15T00:00:00,WAS vs. BOS,L,39.035,4.6,10.1,0.455,0.9,4.6,0.2,1.8,1.8,1.0,4.6,8.3,12.9,2.8,0.0,2.8,1.8,2.8,1.8,0.9,12.0,0.0,45.5,1,0,37.8,1,13222,1,13222,872,15459,16830,12676,14894,14171,13429,11134,13121,1,2783,4284,2867,13698,16469,3762,3944,1644,15970,17620,16153,12240,4963,1,150,8161,1,39:02
2024-25,1628991,Jaren Jackson Jr.,Jaren,1610612763,MEM,Memphis Grizzlies,0022401220,2024-12-15T00:00:00,MEM @ LAL,L,29.063333333333333,11.1,16.1,0.692,2.5,3.7,0.667,6.2,7.4,0.833,1.2,5.0,6.2,2.5,2.5,1.2,0.0,1.2,7.4,6.2,31.0,-16.1,43.4,0,0,44.6,1,13222,1,13222,8626,2145,6972,3171,8227,16180,1957,2683,2971,7275,11548,11013,11839,14627,8339,9878,8263,6008,1689,2402,1783,20287,5956,2246,150,4426,1,29:04
2024-25,1630162,Anthony Edwards,Anthony,1610612750,MIN,Minnesota Timberwolves,0022401218,2024-12-15T00:00:00,MIN @ SAS,W,28.456666666666667,12.7,26.6,0.476,3.8,8.9,0.429,3.8,3.8,1.0,0.0,6.3,6.3,2.5,1.3,0.0,0.0,2.5,3.8,1.3,32.9,11.4,43.0,0,0,45.5,1,1,13086,1,9162,1173,550,12010,4460,5013,7394,6093,8264,1,14058,7649,11558,14445,14009,12854,8263,1990,7759,16063,1348,7061,6135,2246,150,4007,1,28:27
2024-25,202709,Cory Joseph,Cory,1610612753,ORL,Orlando Magic,0022401227,2024-12-15T00:00:00,ORL vs. NYK,L,9.3,3.9,3.9,1.0,0.0,0.0,0.0,0.0,0.0,0.0,0.0,3.9,3.9,3.9,3.9,0.0,0.0,0.0,3.9,0.0,7.7,15.5,14.3,0,0,15.5,1,13222,1,13222,22347,17405,24151,1,15070,20945,15070,13505,14344,13505,14058,14122,17652,10306,4148,12854,8263,8846,7544,17725,20134,5439,23394,2246,150,22890,1,9:18
2024-25,1641726,Dereck Lively II,Dereck,1610612742,DAL,Dallas Mavericks,0022401228,2024-12-15T00:00:00,DAL @ GSW,W,30.356666666666666,4.7,4.7,1.0,0.0,0.0,0.0,0.0,2.4,0.0,2.4,5.9,8.3,3.6,2.4,1.2,1.2,0.0,3.6,1.2,9.5,11.9,29.5,0,0,26.1,1,1,13086,1,7455,15141,23647,1,15070,20945,15070,13505,11566,13505,7014,8485,7768,11223,8764,10302,6269,8846,8573,16478,18652,6856,15122,2246,150,16873,1,30:21
2024-25,203110,Draymond Green,Draymond,1610612744,GSW,Golden State Warriors,0022401228,2024-12-15T00:00:00,GSW vs. DAL,L,29.423333333333332,7.3,17.1,0.429,6.1,11.0,0.556,4.9,4.9,1.0,3.7,4.9,8.6,4.9,4.9,0.0,0.0,0.0,1.2,3.7,25.7,4.9,38.4,0,0,45.3,1,13222,1,13222,8294,8142,5666,13735,1221,2479,3747,4202,6125,1,4085,11177,7372,7698,2478,12854,8263,8846,18412,7208,3834,10165,8763,2246,150,4115,1,29:25
2024-25,2544,LeBron James,LeBron,1610612747,LAL,Los Angeles Lakers,0022401220,2024-12-15T00:00:00,LAL vs. MEM,W,34.0,7.4,18.0,0.412,3.2,6.4,0.5,1.1,4.2,0.25,4.2,4.2,8.5,8.5,5.3,1.1,2.1,1.1,2.1,4.2,19.1,0.0,46.2,0,0,45.5,1,1,13086,1,4265,7988,4664,14791,6017,9865,3944,13048,7346,13358,3261,13015,7513,2445,2008,11402,3157,7412,14526,5750,8788,12240,4673,2246,150,4010,1,34:00
2024-25,1630228,Jonathan Kuminga,Jonathan,1610612744,GSW,Golden State Warriors,0022401228,2024-12-15T00:00:00,GSW vs. DAL,L,29.7,10.9,18.2,0.6,2.4,3.6,0.667,0.0,0.0,0.0,2.4,1.2,3.6,7.3,0.0,0.0,0.0,1.2,4.8,0.0,24.2,-12.1,39.5,0,0,37.6,1,13222,1,13222,8039,2341,4477,5394,8394,16364,1957,13505,14344,13505,6856,21482,18235,3653,16469,12854,8263,6176,4957,17725,4647,18783,8067,2246,150,8306,1,29:42
2024-25,1629673,Jordan Poole,Jordan,1610612764,WAS,Washington Wizards,0022401217,2024-12-15T00:00:00,WAS vs. BOS,L,36.151666666666664,8.0,18.9,0.421,3.0,11.0,0.273,2.0,2.0,1.0,0.0,3.0,3.0,7.0,3.0,2.0,0.0,0.0,5.0,6.0,20.9,6.0,37.9,0,0,37.8,1,13222,1,13222,2567,6705,3824,14442,6567,2537,11838,10679,12752,1,14058,16782,19777,4040,6543,6293,8263,8846,4661,2659,7153,9633,9056,2246,150,8137,1,36:09
2024-25,1628436,Luke Kornet,Luke,1610612738,BOS,Boston Celtics,0022401217,2024-12-15T00:00:00,BOS @ WAS,W,26.833333333333332,1.3,4.0,0.333,0.0,0.0,0.0,6.7,10.7,0.625,6.7,8.0,14.8,5.4,1.3,0.0,1.3,2.7,0.0,8.0,9.4,26.8,37.8,0,0,32.2,1,1,13086,1,10465,22354,24085,17395,15070,20945,15070,2233,1103,10271,1273,4628,1892,6696,13612,12854,5480,1766,20257,988,18733,2460,9136,2246,150,12215,1,26:50
2024-25,1629750,Javonte Green,Javonte,1610612740,NOP,New Orleans Pelicans,0022401216,2024-12-15T00:00:00,NOP @ IND,L,13.816666666666666,5.2,13.0,0.4,0.0,5.2,0.0,5.2,7.8,0.667,2.6,7.8,10.4,0.0,2.6,0.0,0.0,0.0,5.2,5.2,15.6,-2.6,25.5,0,0,26.1,1,13222,1,13222,20292,13788,11805,14933,15070,12676,15070,3762,2651,9425,6328,4983,4986,19908,7856,12854,8263,8846,4173,3762,12286,14361,17920,2246,150,16892,1,13:49
2024-25,1630215,Jared Butler,Jared,1610612764,WAS,Washington Wizards,0022401217,2024-12-15T00:00:00,WAS vs. BOS,L,14.415,7.5,10.0,0.75,2.5,2.5,1.0,0.0,0.0,0.0,2.5,5.0,7.5,0.0,5.0,2.5,0.0,0.0,5.0,0.0,17.5,-25.0,29.0,0,0,32.5,1,13222,1,13222,19950,7785,17071,2107,8153,18626,1,13505,14344,13505,6614,10894,9187,19908,2344,4389,8263,8846,4616,17725,10343,22802,15507,2246,150,12016,1,14:25
2024-25,1629057,Robert Williams III,Robert,1610612757,POR,Portland Trail Blazers,0022401219,2024-12-15T00:00:00,POR @ PHX,L,16.61,8.7,8.7,1.0,0.0,0.0,0.0,0.0,0.0,0.0,2.2,4.3,6.5,2.2,2.2,0.0,0.0,0.0,4.3,0.0,17.3,-13.0,26.2,0,0,26.0,1,13222,1,13222,18527,5310,19241,1,15070,20945,15070,13505,14344,13505,7697,12700,11171,15741,9652,12854,8263,8846,6185,17725,10484,19133,17464,2246,150,16925,1,16:37
2024-25,1629629,Cam Reddish,Cam,1610612747,LAL,Los Angeles Lakers,0022401220,2024-12-15T00:00:00,LAL vs. MEM,W,14.266666666666667,7.6,15.1,0.5,0.0,5.0,0.0,5.0,5.0,1.0,0.0,5.0,5.0,2.5,2.5,5.0,0.0,0.0,7.6,2.5,20.2,20.2,42.6,0,0,37.9,1,1,13086,1,20041,7599,8360,8526,15070,13081,15070,3958,5829,1,14058,10733,14676,14459,8142,873,8263,8846,1589,10898,7745,3889,6287,2246,150,8130,1,14:16
2024-25,201144,Mike Conley,Mike,1610612750,MIN,Minnesota Timberwolves,0022401218,2024-12-15T00:00:00,MIN @ SAS,W,27.916666666666668,3.9,11.6,0.333,3.9,6.4,0.6,0.0,0.0,0.0,3.9,2.6,6.4,10.3,3.9,1.3,1.3,1.3,2.6,1.3,11.6,5.2,38.7,0,0,37.4,1,1,13086,1,9614,17409,14293,17395,4272,9655,2992,13505,14344,13505,3783,17994,11281,1273,4152,9520,5694,5703,12498,15951,16562,10024,8604,2246,150,8434,1,27:55
2024-25,203935,Marcus Smart,Marcus,1610612763,MEM,Memphis Grizzlies,0022401220,2024-12-15T00:00:00,MEM @ LAL,L,29.316666666666666,3.7,13.5,0.273,1.2,4.9,0.25,0.0,0.0,0.0,1.2,2.5,3.7,3.7,1.2,0.0,0.0,0.0,2.5,0.0,8.6,0.0,17.3,0,0,17.2,1,13222,1,13222,8382,17880,10993,20048,13219,13407,11902,13505,14344,13505,11618,18311,18112,10834,14245,12854,8263,8846,12960,17725,19433,12240,22365,2246,150,22219,1,29:19
2024-25,1628384,OG Anunoby,OG,1610612752,NYK,New York Knicks,0022401227,2024-12-15T00:00:00,NYK @ ORL,W,36.715,2.9,7.8,0.375,1.0,2.9,0.333,0.0,0.0,0.0,1.0,3.9,4.9,1.0,2.0,1.0,0.0,2.0,2.0,2.0,6.9,13.7,15.2,0,0,15.7,1,1,13086,1,2189,19553,20484,16299,14651,17774,9209,13505,14344,13505,13419,13960,15053,19732,10718,12122,8263,3354,15352,13271,20813,6113,23118,2246,150,22827,1,36:43
2024-25,1628369,Jayson Tatum,Jayson,1610612738,BOS,Boston Celtics,0022401217,2024-12-15T00:00:00,BOS @ WAS,W,34.88333333333333,12.4,26.8,0.462,2.1,9.3,0.222,2.1,2.1,1.0,1.0,11.4,12.4,2.1,4.1,0.0,0.0,1.0,4.1,2.1,28.9,4.1,42.7,1,0,45.4,1,1,13086,1,3553,1308,519,12428,9845,4398,13288,10427,12540,1,13013,1722,3207,16140,3612,12854,8263,7646,6747,12787,2457,10582,6258,1,150,4072,1,34:53
2024-25,1641764,Brandin Podziemski,Brandin,1610612744,GSW,Golden State Warriors,0022401228,2024-12-15T00:00:00,GSW vs. DAL,L,15.833333333333334,2.3,11.4,0.2,2.3,6.8,0.333,0.0,0.0,0.0,0.0,2.3,2.3,4.5,0.0,0.0,0.0,2.3,2.3,0.0,6.8,-2.3,16.4,0,0,15.9,1,13222,1,13222,19040,20899,14711,21401,8952,8849,9209,13505,14344,13505,14058,18843,21258,8532,16469,12854,8263,2491,13756,17725,20849,14188,22717,2246,150,22742,1,15:50
2024-25,1641739,Toumani Camara,Toumani,1610612757,POR,Portland Trail Blazers,0022401219,2024-12-15T00:00:00,POR @ PHX,L,32.233333333333334,5.6,12.3,0.455,2.2,6.7,0.333,2.2,2.2,1.0,2.2,5.6,7.8,2.2,1.1,1.1,1.1,0.0,3.4,3.4,15.6,3.4,34.0,0,0,32.4,1,13222,1,13222,5785,12750,13110,12676,9104,9101,9209,9831,11985,1,7479,9336,8584,15500,15020,10887,6688,8846,9248,8093,12280,10948,11859,2246,150,12072,1,32:14
2024-25,1626167,Myles Turner,Myles,1610612754,IND,Indiana Pacers,0022401216,2024-12-15T00:00:00,IND vs. NOP,W,27.9,5.2,10.3,0.5,2.6,5.2,0.5,5.2,6.5,0.8,2.6,5.2,7.7,2.6,0.0,2.6,5.2,1.3,3.9,5.2,18.1,19.4,54.5,0,0,46.5,1,1,13086,1,9625,13918,16517,8526,7889,12797,3944,3807,3939,7681,6400,10390,8733,14278,16469,4177,472,5701,7540,3832,9777,4156,2098,2246,150,3674,1,27:54
2024-25,1630703,Scoot Henderson,Scoot,1610612757,POR,Portland Trail Blazers,0022401219,2024-12-15T00:00:00,POR @ PHX,L,18.65,0.0,7.7,0.0,0.0,3.9,0.0,3.9,3.9,1.0,0.0,1.9,1.9,7.7,1.9,0.0,1.9,0.0,7.7,1.9,3.9,-21.2,21.6,0,0,17.4,1,13222,1,13222,17073,22635,20627,22635,15070,15877,15070,5958,8110,1,14058,19890,21946,3156,10894,12854,3675,8846,1500,13402,22625,21894,20352,2246,150,22137,1,18:39
2024-25,1642377,Jaylen Wells,Jaylen,1610612763,MEM,Memphis Grizzlies,0022401220,2024-12-15T00:00:00,MEM @ LAL,L,17.666666666666668,6.1,16.3,0.375,0.0,0.0,0.0,4.1,4.1,1.0,0.0,0.0,0.0,0.0,0.0,0.0,0.0,0.0,8.2,2.0,16.3,8.2,16.3,0,0,16.3,1,13222,1,13222,17805,11189,6680,16299,15070,20945,15070,5571,7687,1,14058,22137,23286,19908,16469,12854,8263,8846,1302,12890,11602,8550,22738,2246,150,22587,1,17:40
2024-25,1629674,Neemias Queta,Neemias,1610612738,BOS,Boston Celtics,0022401217,2024-12-15T00:00:00,BOS @ WAS,W,9.833333333333334,0.0,7.3,0.0,0.0,0.0,0.0,0.0,0.0,0.0,3.7,3.7,7.3,3.7,7.3,7.3,3.7,0.0,7.3,3.7,0.0,-14.6,39.9,0,0,32.9,1,1,13086,1,22156,22635,21175,22635,15070,20945,15070,13505,14344,13505,4105,14752,9531,10901,768,262,1112,8846,1764,7234,23200,19763,7821,2246,150,11695,1,9:50
2024-25,1631108,Max Christie,Max,1610612747,LAL,Los Angeles Lakers,0022401220,2024-12-15T00:00:00,LAL vs. MEM,W,28.766666666666666,1.3,3.8,0.333,1.3,2.5,0.5,5.0,5.0,1.0,1.3,1.3,2.5,1.3,1.3,0.0,1.3,0.0,5.0,2.5,8.8,8.8,16.1,0,0,16.3,1,1,13086,1,8867,22449,24207,17395,13094,18618,3944,4030,5908,1,11476,21396,20809,18839,14090,12854,5891,8846,4595,10979,19298,8299,22792,2246,150,22598,1,28:46
2024-25,1630531,Jaden Springer,Jaden,1610612738,BOS,Boston Celtics,0022401217,2024-12-15T00:00:00,BOS @ WAS,W,2.3666666666666667,0.0,15.2,0.0,0.0,0.0,0.0,15.2,30.4,0.5,15.2,0.0,15.2,0.0,0.0,0.0,0.0,15.2,0.0,15.2,15.2,-106.5,33.5,0,0,30.4,1,1,13086,1,25286,22635,8230,22635,15070,20945,15070,164,53,10625,122,22137,1677,19908,16469,12854,8263,27,20257,93,12696,26178,12210,2246,150,13610,1,2:22
2024-25,1630529,Herbert Jones,Herbert,1610612740,NOP,New Orleans Pelicans,0022401216,2024-12-15T00:00:00,NOP @ IND,L,37.86666666666667,5.7,16.2,0.353,1.9,7.6,0.25,4.8,4.8,1.0,2.9,1.9,4.8,2.9,2.9,3.8,0.0,1.0,2.9,2.9,18.1,-12.4,36.6,0,0,35.2,1,13222,1,13222,1463,12405,6884,17268,10631,7165,11902,4424,6387,1,5724,19967,15431,13437,7018,1844,8263,8334,11404,9764,9778,18880,9961,2246,150,9966,1,37:52
2024-25,1630217,Desmond Bane,Desmond,1610612763,MEM,Memphis Grizzlies,0022401220,2024-12-15T00:00:00,MEM @ LAL,L,28.1,3.8,10.2,0.375,0.0,2.6,0.0,1.3,1.3,1.0,2.6,6.4,9.0,9.0,1.3,0.0,0.0,1.3,5.1,2.6,9.0,-15.4,31.9,0,0,26.9,1,13222,1,13222,9459,17468,16648,16299,15070,18515,15070,12350,13757,1,6445,7495,6794,2051,13898,12854,8263,5746,4332,10752,19120,20040,13403,2246,150,16222,1,28:06
2024-25,1627783,Pascal Siakam,Pascal,1610612754,IND,Indiana Pacers,0022401216,2024-12-15T00:00:00,IND vs. NOP,W,36.083333333333336,8.0,16.0,0.5,3.0,6.0,0.5,3.0,4.0,0.75,1.0,4.0,5.0,2.0,0.0,1.0,1.0,1.0,2.0,5.0,21.9,14.0,36.9,0,0,35.9,1,1,13086,1,2619,6666,7162,8526,6548,10732,3944,7836,7855,8186,13276,13756,14817,16389,16469,11984,7493,7950,15172,4139,6258,6026,9761,2246,150,9438,1,36:05
2024-25,1629655,Daniel Gafford,Daniel,1610612742,DAL,Dallas Mavericks,0022401228,2024-12-15T00:00:00,DAL @ GSW,W,16.9,10.7,14.9,0.714,0.0,0.0,0.0,0.0,0.0,0.0,8.5,10.7,19.2,2.1,6.4,0.0,0.0,2.1,6.4,0.0,21.3,0.0,41.1,0,0,42.6,1,1,13086,1,18320,2557,8732,2752,15070,20945,15070,13505,14344,13505,659,2118,652,15893,1183,12854,8263,2832,2497,17725,6823,12240,7110,2246,150,5351,1,16:54
2024-25,1631104,Blake Wesley,Blake,1610612759,SAS,San Antonio Spurs,0022401218,2024-12-15T00:00:00,SAS vs. MIN,L,9.466666666666667,7.6,11.4,0.667,0.0,0.0,0.0,0.0,0.0,0.0,0.0,7.6,7.6,19.0,3.8,0.0,0.0,3.8,3.8,3.8,15.2,19.0,49.1,0,0,41.8,1,13222,1,13222,22286,7499,14643,3281,15070,20945,15070,13505,14344,13505,14058,5316,8961,114,4310,12854,8263,730,7727,6840,12696,4260,3608,2246,150,5737,1,9:28
2024-25,1630214,Xavier Tillman,Xavier,1610612738,BOS,Boston Celtics,0022401217,2024-12-15T00:00:00,BOS @ WAS,W,2.3666666666666667,0.0,15.2,0.0,0.0,0.0,0.0,0.0,0.0,0.0,0.0,0.0,0.0,0.0,15.2,15.2,0.0,0.0,15.2,0.0,0.0,-106.5,30.4,0,0,30.4,1,1,13086,1,25286,22635,8230,22635,15070,20945,15070,13505,14344,13505,14058,22137,23286,19908,107,46,8263,8846,234,17725,23200,26178,14480,2246,150,13610,1,2:22
2024-25,1641744,Zach Edey,Zach,1610612763,MEM,Memphis Grizzlies,0022401220,2024-12-15T00:00:00,MEM @ LAL,L,24.333333333333332,8.9,11.8,0.75,0.0,0.0,0.0,1.5,1.5,1.0,11.8,3.0,14.8,1.5,0.0,1.5,1.5,0.0,5.9,4.4,19.2,17.8,48.1,1,0,41.4,1,13222,1,13222,12619,4920,13883,2107,15070,20945,15070,11828,13503,1,251,16861,1872,18057,16469,8500,4924,8846,3050,5265,8623,4643,3944,1,150,5966,1,24:20
2024-25,1628404,Josh Hart,Josh,1610612752,NYK,New York Knicks,0022401227,2024-12-15T00:00:00,NYK @ ORL,W,33.035,5.4,9.8,0.556,1.1,3.3,0.333,1.1,3.3,0.333,0.0,5.4,5.4,5.4,5.4,4.4,1.1,1.1,1.1,3.3,13.1,9.8,38.7,0,0,36.0,1,1,13086,1,5119,13137,17387,7248,14008,17138,9209,12935,9384,13132,14058,9676,13680,6537,1854,1329,6868,7149,19159,8349,15015,7786,8607,2246,150,9410,1,33:02
2024-25,1630577,Julian Champagnie,Julian,1610612759,SAS,San Antonio Spurs,0022401218,2024-12-15T00:00:00,SAS vs. MIN,L,29.166666666666668,4.9,17.3,0.286,3.7,14.8,0.25,0.0,0.0,0.0,2.5,4.9,7.4,1.2,0.0,2.5,0.0,0.0,2.5,0.0,13.6,-7.4,31.7,0,0,30.9,1,13222,1,13222,8534,14584,5476,19630,4695,737,11902,13505,14344,13505,6715,11061,9357,18899,16469,4475,8263,8846,12915,17725,14405,16684,13534,2246,150,13283,1,29:10
2024-25,1630540,Miles McBride,Miles,1610612752,NYK,New York Knicks,0022401227,2024-12-15T00:00:00,NYK @ ORL,W,20.633333333333333,3.5,10.5,0.333,3.5,3.5,1.0,1.7,3.5,0.5,1.7,1.7,3.5,1.7,0.0,0.0,0.0,3.5,3.5,1.7,12.2,10.5,19.0,0,0,20.9,1,1,13086,1,15533,18349,16278,17395,5165,16673,1,11340,8906,10625,9434,20363,18576,17248,16469,12854,8263,921,8779,14132,15911,7481,21633,2246,150,20321,1,20:38
2024-25,1629656,Quentin Grimes,Quentin,1610612742,DAL,Dallas Mavericks,0022401228,2024-12-15T00:00:00,DAL @ GSW,W,18.583333333333332,9.7,23.2,0.417,7.7,15.5,0.5,0.0,0.0,0.0,0.0,3.9,3.9,0.0,0.0,1.9,0.0,0.0,0.0,0.0,27.1,-21.3,37.6,0,0,42.6,1,1,13086,1,17123,3616,1303,14532,524,598,3944,13505,14344,13505,14058,14110,17640,19908,16469,6579,8263,8846,20257,17725,3152,21914,9298,2246,150,5339,1,18:35
2024-25,1641716,Jarace Walker,Jarace,1610612754,IND,Indiana Pacers,0022401216,2024-12-15T00:00:00,IND vs. NOP,W,21.366666666666667,5.1,16.8,0.3,3.4,11.8,0.286,0.0,0.0,0.0,0.0,15.2,15.2,3.4,1.7,0.0,0.0,0.0,1.7,1.7,13.5,10.1,35.0,0,0,35.4,1,1,13086,1,15018,14220,5982,19363,5456,1902,11433,13505,14344,13505,14058,536,1697,11768,11981,12854,8263,8846,16582,14322,14533,7644,11025,2246,150,9810,1,21:22
2024-25,1630573,Sam Hauser,Sam,1610612738,BOS,Boston Celtics,0022401217,2024-12-15T00:00:00,BOS @ WAS,W,28.25,5.1,12.7,0.4,5.1,11.5,0.444,0.0,0.0,0.0,2.5,6.4,8.9,1.3,0.0,2.5,0.0,1.3,0.0,0.0,15.3,34.4,35.6,0,0,35.7,1,1,13086,1,9340,14103,12305,14933,2159,2126,7211,13505,14344,13505,6475,7554,6865,18741,16469,4262,8263,5787,20257,17725,12623,1456,10693,2246,150,9597,1,28:15
2024-25,1630559,Austin Reaves,Austin,1610612747,LAL,Los Angeles Lakers,0022401220,2024-12-15T00:00:00,LAL vs. MEM,W,35.766666666666666,6.0,15.1,0.4,2.0,8.1,0.25,5.0,5.0,1.0,0.0,2.0,2.0,8.1,1.0,2.0,0.0,0.0,4.0,7.0,19.1,11.1,38.7,0,0,35.2,1,1,13086,1,2851,11404,8436,14933,10108,6360,11902,3979,5853,1,14058,19623,21772,2835,15803,6192,8263,8846,7075,1627,8720,7205,8622,2246,150,9929,1,35:46
2024-25,1629675,Naz Reid,Naz,1610612750,MIN,Minnesota Timberwolves,0022401218,2024-12-15T00:00:00,MIN @ SAS,W,26.75,1.3,13.5,0.1,0.0,5.4,0.0,1.3,1.3,1.0,0.0,10.8,10.8,4.0,0.0,0.0,1.3,0.0,1.3,1.3,4.0,35.0,27.1,0,0,21.5,1,1,13086,1,10526,22351,11074,22561,15070,12245,15070,12185,13669,1,14058,2035,4632,9844,16469,12854,5463,8846,17838,15700,22538,1400,16901,2246,150,19939,1,26:45
2024-25,1626172,Kevon Looney,Kevon,1610612744,GSW,Golden State Warriors,0022401228,2024-12-15T00:00:00,GSW vs. DAL,L,21.366666666666667,3.4,5.1,0.667,0.0,0.0,0.0,0.0,0.0,0.0,0.0,5.1,5.1,10.1,0.0,0.0,0.0,0.0,0.0,0.0,6.7,-25.3,28.0,0,0,21.9,1,13222,1,13222,15018,18598,23426,3281,15070,20945,15070,13505,14344,13505,14058,10718,14658,1380,16469,12854,8263,8846,20257,17725,20895,22866,16256,2246,150,19724,1,21:22
2024-25,1628978,Donte DiVincenzo,Donte,1610612750,MIN,Minnesota Timberwolves,0022401218,2024-12-15T00:00:00,MIN @ SAS,W,20.183333333333334,5.4,12.5,0.429,1.8,8.9,0.2,0.0,0.0,0.0,0.0,8.9,8.9,3.6,1.8,0.0,0.0,0.0,0.0,1.8,12.5,26.8,26.8,0,0,26.8,1,1,13086,1,15876,13404,12745,13735,11135,4939,13429,13505,14344,13505,14058,3596,6866,11179,11622,12854,8263,8846,20257,13989,15604,2475,17114,2246,150,16354,1,20:11
2024-25,203468,CJ McCollum,CJ,1610612740,NOP,New Orleans Pelicans,0022401216,2024-12-15T00:00:00,NOP @ IND,L,30.916666666666668,7.0,21.0,0.333,1.2,5.8,0.2,2.3,2.3,1.0,2.3,1.2,3.5,2.3,3.5,1.2,0.0,1.2,7.0,4.7,17.5,-11.6,25.2,0,0,26.8,1,13222,1,13222,6943,8966,2363,17395,13567,11147,13429,9528,11695,1,7153,21605,18563,15124,5022,10467,8263,6522,1988,4813,10352,18594,18174,2246,150,16337,1,30:55
2024-25,1628973,Jalen Brunson,Jalen,1610612752,NYK,New York Knicks,0022401227,2024-12-15T00:00:00,NYK @ ORL,W,38.05,7.6,17.0,0.444,3.8,7.6,0.5,10.4,13.2,0.786,0.0,2.8,2.8,4.7,2.8,0.9,0.0,0.9,1.9,9.5,29.3,2.8,39.8,0,0,42.6,1,1,13086,1,1355,7605,5767,13045,4490,7235,3944,580,559,8082,14058,17274,20150,8102,7069,12387,8263,8370,15731,533,2331,11202,7858,2246,150,5361,1,38:03
2024-25,204456,T.J. McConnell,T.J.,1610612754,IND,Indiana Pacers,0022401216,2024-12-15T00:00:00,IND vs. NOP,W,20.1,5.4,10.7,0.5,0.0,1.8,0.0,0.0,0.0,0.0,3.6,1.8,5.4,14.3,3.6,0.0,0.0,1.8,5.4,1.8,10.7,0.0,35.1,0,0,30.4,1,1,13086,1,15948,13333,15790,8526,15070,19928,15070,13505,14344,13505,4237,20262,13870,354,4815,12854,8263,3923,3881,13964,17425,12240,10991,2246,150,13583,1,20:06
2024-25,203944,Julius Randle,Julius,1610612750,MIN,Minnesota Timberwolves,0022401218,2024-12-15T00:00:00,MIN @ SAS,W,28.5,5.1,13.9,0.364,0.0,1.3,0.0,3.8,5.1,0.75,2.5,2.5,5.1,3.8,2.5,2.5,1.3,2.5,3.8,3.8,13.9,10.1,34.5,0,0,30.3,1,1,13086,1,9119,14228,10350,16861,15070,20542,15070,6103,5819,8186,6534,18113,14662,10522,8127,4315,5837,1996,7769,6873,14052,7649,11466,2246,150,13700,1,28:30
2024-25,1642274,Yves Missi,Yves,1610612740,NOP,New Orleans Pelicans,0022401216,2024-12-15T00:00:00,NOP @ IND,L,34.03333333333333,4.2,7.4,0.571,0.0,0.0,0.0,1.1,2.1,0.5,5.3,9.5,14.8,2.1,0.0,1.1,1.1,2.1,3.2,1.1,9.5,-14.8,36.8,0,0,30.7,1,13222,1,13222,4225,16506,21063,6538,15070,20945,15070,13054,12374,10625,2105,2987,1868,15946,16469,11420,7073,2877,9990,17136,18617,19830,9834,2246,150,13412,1,34:02
2024-25,1631218,Trayce Jackson-Davis,Trayce,1610612744,GSW,Golden State Warriors,0022401228,2024-12-15T00:00:00,GSW vs. DAL,L,14.335,5.0,5.0,1.0,0.0,0.0,0.0,2.5,7.5,0.333,7.5,7.5,15.1,7.5,0.0,0.0,0.0,0.0,7.5,5.0,12.6,5.0,41.9,0,0,35.2,1,13222,1,13222,19989,14318,23446,1,15070,20945,15070,9017,2869,13132,939,5436,1746,3355,16469,12854,8263,8846,1617,4073,15537,10096,6651,2246,150,9983,1,14:20
2024-25,1628969,Mikal Bridges,Mikal,1610612752,NYK,New York Knicks,0022401227,2024-12-15T00:00:00,NYK @ ORL,W,40.81666666666667,6.2,9.7,0.636,0.9,2.6,0.333,1.8,1.8,1.0,0.0,0.9,0.9,0.9,0.9,0.9,0.9,1.8,1.8,2.6,15.0,1.8,21.8,0,0,21.2,1,1,13086,1,401,11037,17575,4689,14994,18363,9209,11306,13231,1,14058,22117,23274,19875,16378,12727,8136,3993,16328,10489,12914,11761,20271,2246,150,20178,1,40:49
2024-25,1641783,Tristan da Silva,Tristan,1610612753,ORL,Orlando Magic,0022401227,2024-12-15T00:00:00,ORL vs. NYK,L,32.166666666666664,10.1,19.0,0.529,2.2,5.6,0.4,0.0,0.0,0.0,3.4,0.0,3.4,2.2,2.2,0.0,0.0,1.1,4.5,0.0,22.4,-9.0,27.5,0,0,30.2,1,13222,1,13222,5835,3144,3738,8281,9090,11733,7874,13505,14344,13505,4625,22137,18855,15483,9353,12854,8263,6881,5827,17725,5934,17406,16555,2246,150,13785,1,32:10
2024-25,1631103,Malaki Branham,Malaki,1610612759,SAS,San Antonio Spurs,0022401218,2024-12-15T00:00:00,SAS vs. MIN,L,3.0,0.0,0.0,0.0,0.0,0.0,0.0,0.0,0.0,0.0,0.0,0.0,0.0,12.0,0.0,0.0,0.0,0.0,0.0,0.0,0.0,72.0,18.0,0,0,12.0,1,13222,1,13222,24986,22635,24836,22635,15070,20945,15070,13505,14344,13505,14058,22137,23286,719,16469,12854,8263,8846,20257,17725,23200,222,22091,2246,150,23970,1,3:00
2024-25,203924,Jerami Grant,Jerami,1610612757,POR,Portland Trail Blazers,0022401219,2024-12-15T00:00:00,POR @ PHX,L,35.983333333333334,6.0,16.0,0.375,4.0,11.0,0.364,1.0,2.0,0.5,0.0,6.0,6.0,3.0,0.0,2.0,0.0,0.0,2.0,4.0,17.0,6.0,34.7,0,0,34.0,1,13222,1,13222,2695,11497,7103,16299,3996,2484,9100,13236,12722,10625,14058,8310,12269,12923,16469,6248,8263,8846,15141,6300,10839,9609,11276,2246,150,10840,1,35:59
2024-25,1631097,Bennedict Mathurin,Bennedict,1610612754,IND,Indiana Pacers,0022401216,2024-12-15T00:00:00,IND vs. NOP,W,27.933333333333334,3.9,7.7,0.5,0.0,1.3,0.0,2.6,2.6,1.0,1.3,6.4,7.7,0.0,3.9,0.0,1.3,1.3,5.2,1.3,10.3,12.9,19.6,0,0,20.6,1,1,13086,1,9595,17414,20615,8526,15070,20508,15070,8861,11030,1,11247,7423,8753,19908,4157,12854,5698,5708,4273,15953,17850,6442,21367,2246,150,20504,1,27:56
2024-25,1628408,PJ Dozier,PJ,1610612750,MIN,Minnesota Timberwolves,0022401218,2024-12-15T00:00:00,MIN @ SAS,W,3.0,0.0,0.0,0.0,0.0,0.0,0.0,0.0,0.0,0.0,0.0,0.0,0.0,0.0,0.0,0.0,0.0,0.0,0.0,0.0,0.0,-84.0,0.0,0,0,0.0,1,1,13086,1,24986,22635,24836,22635,15070,20945,15070,13505,14344,13505,14058,22137,23286,19908,16469,12854,8263,8846,20257,17725,23200,26040,25228,2246,150,25259,1,3:00
2024-25,1630625,Dalano Banton,Dalano,1610612757,POR,Portland Trail Blazers,0022401219,2024-12-15T00:00:00,POR @ PHX,L,14.3,7.6,22.7,0.333,2.5,10.1,0.25,0.0,0.0,0.0,5.0,5.0,10.1,10.1,5.0,0.0,0.0,2.5,5.0,0.0,17.6,0.0,39.8,0,0,40.3,1,13222,1,13222,20016,7634,1518,17395,8082,3417,11902,13505,14344,13505,2345,10772,5350,1402,2300,12854,8263,2016,4532,17725,10196,12240,7901,2246,150,6626,1,14:18
2024-25,1627741,Buddy Hield,Buddy,1610612744,GSW,Golden State Warriors,0022401228,2024-12-15T00:00:00,GSW vs. DAL,L,26.718333333333334,4.0,14.8,0.273,4.0,10.8,0.375,0.0,0.0,0.0,0.0,0.0,0.0,1.3,4.0,1.3,0.0,0.0,1.3,0.0,12.1,-25.6,14.1,0,0,20.2,1,13222,1,13222,10551,16992,8863,20048,3913,2694,8800,13505,14344,13505,14058,22137,23286,18515,3797,9203,8263,8846,17833,17725,16004,22935,23455,2246,150,20741,1,26:43
2024-25,203486,Mason Plumlee,Mason,1610612756,PHX,Phoenix Suns,0022401219,2024-12-15T00:00:00,PHX vs. POR,W,12.405,0.0,0.0,0.0,0.0,0.0,0.0,0.0,0.0,0.0,2.9,8.7,11.6,2.9,0.0,0.0,2.9,0.0,0.0,0.0,0.0,20.3,27.0,0,0,20.3,1,1,13086,1,21044,22635,24836,22635,15070,20945,15070,13505,14344,13505,5587,3834,3841,13268,16469,12854,1822,8846,20257,17725,23200,3861,16955,2246,150,20682,1,12:24
2024-25,1626164,Devin Booker,Devin,1610612756,PHX,Phoenix Suns,0022401219,2024-12-15T00:00:00,PHX vs. POR,W,37.233333333333334,6.8,13.5,0.5,3.9,7.7,0.5,9.7,11.6,0.833,1.0,1.9,2.9,4.8,1.9,1.0,0.0,0.0,0.0,8.7,27.1,1.0,38.8,0,0,40.6,1,1,13086,1,1841,9505,10948,8526,4277,6926,3944,789,869,7275,13520,19880,19995,7827,10880,12229,8263,8846,20257,752,3178,12179,8557,2246,150,6435,1,37:14
2024-25,1627749,Dejounte Murray,Dejounte,1610612740,NOP,New Orleans Pelicans,0022401216,2024-12-15T00:00:00,NOP @ IND,L,34.71666666666667,8.3,15.6,0.533,2.1,3.1,0.667,1.0,2.1,0.5,1.0,6.2,7.3,7.3,8.3,2.1,0.0,0.0,1.0,3.1,19.7,-14.5,37.2,0,0,40.4,1,13222,1,13222,3675,5989,7755,8140,9799,17440,1957,13122,12505,10625,12971,7853,9645,3673,535,5899,8263,8846,19490,8849,8158,19715,9511,2246,150,6526,1,34:43
2024-25,1642259,Alex Sarr,Alex,1610612764,WAS,Washington Wizards,0022401217,2024-12-15T00:00:00,WAS vs. BOS,L,27.751666666666665,7.8,23.3,0.333,2.6,7.8,0.333,0.0,0.0,0.0,2.6,5.2,7.8,1.3,3.9,0.0,2.6,0.0,7.8,1.3,18.2,13.0,33.3,0,0,35.0,1,13222,1,13222,9755,7100,1265,17395,7850,6834,9209,13505,14344,13505,6365,10314,8654,18669,4105,12854,2225,8846,1473,15922,9664,6408,12312,2246,150,10078,1,27:45
2024-25,1631098,Johnny Davis,Johnny,1610612764,WAS,Washington Wizards,0022401217,2024-12-15T00:00:00,WAS vs. BOS,L,13.481666666666667,5.3,13.4,0.4,0.0,2.7,0.0,2.7,5.3,0.5,2.7,0.0,2.7,2.7,0.0,2.7,5.3,0.0,2.7,5.3,13.4,-58.7,44.6,0,0,34.7,1,13222,1,13222,20505,13434,11213,14933,15070,18313,15070,8640,5404,10625,6173,22137,20511,13987,16469,3972,430,8846,12164,3571,14686,25650,5367,2246,150,10286,1,13:29
2024-25,1641731,Bilal Coulibaly,Bilal,1610612764,WAS,Washington Wizards,0022401217,2024-12-15T00:00:00,WAS vs. BOS,L,36.91833333333334,7.8,19.5,0.4,2.9,7.8,0.375,0.0,0.0,0.0,1.0,3.9,4.9,5.9,3.9,1.0,0.0,1.0,3.9,2.0,18.5,-2.9,32.2,0,0,34.1,1,13222,1,13222,2049,7061,3339,14933,6777,6792,8800,13505,14344,13505,13458,14025,15126,5759,4087,12170,8263,8143,7445,13317,9295,14531,13196,2246,150,10752,1,36:55
2024-25,1630556,Kessler Edwards,Kessler,1610612742,DAL,Dallas Mavericks,0022401228,2024-12-15T00:00:00,DAL @ GSW,W,0.7433333333333333,0.0,0.0,0.0,0.0,0.0,0.0,0.0,0.0,0.0,0.0,0.0,0.0,0.0,0.0,0.0,0.0,0.0,0.0,0.0,0.0,0.0,0.0,0,0,0.0,1,1,13086,1,26150,22635,24836,22635,15070,20945,15070,13505,14344,13505,14058,22137,23286,19908,16469,12854,8263,8846,20257,17725,23200,12240,25228,2246,150,25259,1,0:45
2024-25,1630243,Trevelin Queen,Trevelin,1610612753,ORL,Orlando Magic,0022401227,2024-12-15T00:00:00,ORL vs. NYK,L,1.5166666666666666,0.0,0.0,0.0,0.0,0.0,0.0,0.0,0.0,0.0,0.0,0.0,0.0,0.0,0.0,0.0,0.0,0.0,23.7,0.0,0.0,94.9,0.0,0,0,0.0,1,13222,1,13222,25778,22635,24836,22635,15070,20945,15070,13505,14344,13505,14058,22137,23286,19908,16469,12854,8263,8846,74,17725,23200,91,25228,2246,150,25259,1,1:31
2024-25,1629048,Goga Bitadze,Goga,1610612753,ORL,Orlando Magic,0022401227,2024-12-15T00:00:00,ORL vs. NYK,L,24.833333333333332,5.8,10.1,0.571,0.0,0.0,0.0,0.0,0.0,0.0,5.8,10.1,15.9,1.4,5.8,1.4,4.3,0.0,1.4,0.0,11.6,-2.9,44.5,0,0,40.6,1,13222,1,13222,12147,12115,16827,6538,15070,20945,15070,13505,14344,13505,1744,2460,1447,18179,1558,8634,736,8846,17446,17725,16573,14512,5423,2246,150,6450,1,24:50
2024-25,203915,Spencer Dinwiddie,Spencer,1610612742,DAL,Dallas Mavericks,0022401228,2024-12-15T00:00:00,DAL @ GSW,W,21.35,0.0,3.4,0.0,0.0,1.7,0.0,0.0,0.0,0.0,0.0,5.1,5.1,6.7,3.4,0.0,0.0,0.0,0.0,0.0,0.0,-13.5,12.8,0,0,11.8,1,1,13086,1,15033,22635,24358,22635,15070,20062,15070,13505,14344,13505,14058,10709,14648,4361,5300,12854,8263,8846,20257,17725,23200,19301,23818,2246,150,24034,1,21:21
2024-25,101108,Chris Paul,Chris,1610612759,SAS,San Antonio Spurs,0022401218,2024-12-15T00:00:00,SAS vs. MIN,L,30.2,0.0,6.0,0.0,0.0,3.6,0.0,0.0,0.0,0.0,1.2,3.6,4.8,10.7,3.6,2.4,0.0,1.2,3.6,0.0,0.0,2.4,25.4,0,0,20.3,1,13222,1,13222,7586,22635,22646,22635,15070,16493,15070,13505,14344,13505,11850,15003,15372,1097,4822,4748,8263,6323,8505,17725,23200,11423,18011,2246,150,20717,1,30:12
2024-25,1630264,Anthony Gill,Anthony,1610612764,WAS,Washington Wizards,0022401217,2024-12-15T00:00:00,WAS vs. BOS,L,11.081666666666667,6.5,13.0,0.5,0.0,3.2,0.0,0.0,0.0,0.0,0.0,6.5,6.5,0.0,0.0,0.0,0.0,0.0,3.2,0.0,13.0,-35.7,20.8,0,0,19.5,1,13222,1,13222,21678,10196,11865,8526,15070,17178,15070,13505,14344,13505,14058,7317,11183,19908,16469,12854,8263,8846,9650,17725,15096,24497,20794,2246,150,21155,1,11:05
2024-25,1631222,Jake LaRavia,Jake,1610612763,MEM,Memphis Grizzlies,0022401220,2024-12-15T00:00:00,MEM @ LAL,L,14.433333333333334,0.0,5.0,0.0,0.0,2.5,0.0,5.0,5.0,1.0,0.0,5.0,5.0,5.0,7.5,2.5,0.0,0.0,5.0,2.5,5.0,-22.4,18.5,0,0,20.0,1,13222,1,13222,19928,22635,23471,22635,15070,18635,15070,4053,5938,1,14058,10909,14817,7491,716,4394,8263,8846,4627,11008,22015,22206,21911,2246,150,20888,1,14:26
2024-25,1630311,Pat Spencer,Pat,1610612744,GSW,Golden State Warriors,0022401228,2024-12-15T00:00:00,GSW vs. DAL,L,0.7433333333333333,0.0,0.0,0.0,0.0,0.0,0.0,0.0,0.0,0.0,0.0,0.0,0.0,0.0,0.0,0.0,0.0,0.0,0.0,0.0,0.0,0.0,0.0,0,0,0.0,1,13222,1,13222,26150,22635,24836,22635,15070,20945,15070,13505,14344,13505,14058,22137,23286,19908,16469,12854,8263,8846,20257,17725,23200,12240,25228,2246,150,25259,1,0:45
2024-25,1642265,Rob Dillingham,Rob,1610612750,MIN,Minnesota Timberwolves,0022401218,2024-12-15T00:00:00,MIN @ SAS,W,9.466666666666667,3.8,11.4,0.333,3.8,11.4,0.333,0.0,0.0,0.0,0.0,3.8,3.8,7.6,3.8,3.8,0.0,0.0,0.0,0.0,11.4,-22.8,35.0,0,0,34.2,1,1,13086,1,22286,17556,14643,17395,4424,2165,9209,13505,14344,13505,14058,14312,17812,3277,4310,1844,8263,8846,20257,17725,16778,22292,11063,2246,150,10678,1,9:28
2024-25,1641724,Jett Howard,Jett,1610612753,ORL,Orlando Magic,0022401227,2024-12-15T00:00:00,ORL vs. NYK,L,4.95,0.0,14.5,0.0,0.0,14.5,0.0,0.0,0.0,0.0,0.0,0.0,0.0,0.0,7.3,0.0,0.0,0.0,7.3,0.0,0.0,-7.3,-7.3,0,0,0.0,1,13222,1,13222,24010,22635,9281,22635,15070,790,15070,13505,14344,13505,14058,22137,23286,19908,781,12854,8263,8846,1787,17725,23200,16626,26199,2246,150,25259,1,4:57
2024-25,1631116,Patrick Baldwin Jr.,Patrick,1610612764,WAS,Washington Wizards,0022401217,2024-12-15T00:00:00,WAS vs. BOS,L,0.565,0.0,0.0,0.0,0.0,0.0,0.0,0.0,0.0,0.0,0.0,0.0,0.0,0.0,0.0,0.0,0.0,0.0,0.0,0.0,0.0,-63.7,0.0,0,0,0.0,1,13222,1,13222,26194,22635,24836,22635,15070,20945,15070,13505,14344,13505,14058,22137,23286,19908,16469,12854,8263,8846,20257,17725,23200,25759,25228,2246,150,25259,1,0:34
2024-25,203939,Dwight Powell,Dwight,1610612742,DAL,Dallas Mavericks,0022401228,2024-12-15T00:00:00,DAL @ GSW,W,0.7433333333333333,0.0,0.0,0.0,0.0,0.0,0.0,0.0,0.0,0.0,0.0,0.0,0.0,0.0,0.0,0.0,0.0,0.0,0.0,0.0,0.0,0.0,0.0,0,0,0.0,1,1,13086,1,26150,22635,24836,22635,15070,20945,15070,13505,14344,13505,14058,22137,23286,19908,16469,12854,8263,8846,20257,17725,23200,12240,25228,2246,150,25259,1,0:45
2024-25,1641789,Jazian Gortman,Jazian,1610612742,DAL,Dallas Mavericks,0022401228,2024-12-15T00:00:00,DAL @ GSW,W,0.7433333333333333,0.0,0.0,0.0,0.0,0.0,0.0,0.0,0.0,0.0,0.0,0.0,0.0,0.0,0.0,0.0,0.0,0.0,0.0,0.0,0.0,0.0,0.0,0,0,0.0,1,1,13086,1,26150,22635,24836,22635,15070,20945,15070,13505,14344,13505,14058,22137,23286,19908,16469,12854,8263,8846,20257,17725,23200,12240,25228,2246,150,25259,1,0:45
2024-25,1630591,Jalen Suggs,Jalen,1610612753,ORL,Orlando Magic,0022401227,2024-12-15T00:00:00,ORL vs. NYK,L,32.36666666666667,4.4,21.1,0.211,1.1,5.6,0.2,0.0,0.0,0.0,1.1,4.4,5.6,8.9,2.2,1.1,3.3,1.1,6.7,3.3,10.0,-16.7,41.2,0,0,34.5,1,13222,1,13222,5670,15930,2256,21398,13878,11815,13429,13505,14344,13505,12376,12405,13393,2111,9405,10921,1362,6944,2244,8135,18153,20507,7080,2246,150,10470,1,32:22
2024-25,1641705,Victor Wembanyama,Victor,1610612759,SAS,San Antonio Spurs,0022401218,2024-12-15T00:00:00,SAS vs. MIN,L,33.416666666666664,8.6,21.5,0.4,1.1,7.5,0.143,3.2,3.2,1.0,1.1,11.9,12.9,5.4,4.3,0.0,7.5,1.1,4.3,6.5,21.5,-8.6,63.5,1,0,56.0,1,13222,1,13222,4795,5403,2007,14933,14084,7293,14649,7255,9454,1,12659,1441,2854,6655,3303,12854,167,7253,6255,2120,6596,17242,839,1,150,1308,1,33:25
2024-25,203076,Anthony Davis,Anthony,1610612747,LAL,Los Angeles Lakers,0022401220,2024-12-15T00:00:00,LAL vs. MEM,W,33.4,16.2,23.7,0.682,1.1,4.3,0.25,9.7,12.9,0.75,4.3,12.9,17.2,2.2,4.3,2.2,1.1,1.1,4.3,9.7,43.1,15.1,72.4,1,0,70.1,1,1,13086,1,4812,345,1151,3269,14082,14881,11902,782,595,8186,3146,1035,1069,15792,3293,5561,6926,7246,6239,474,309,5596,360,1,150,319,1,33:24
2024-25,1627780,Gary Payton II,Gary,1610612744,GSW,Golden State Warriors,0022401228,2024-12-15T00:00:00,GSW vs. DAL,L,11.483333333333333,6.3,15.7,0.4,0.0,6.3,0.0,0.0,0.0,0.0,12.5,0.0,12.5,3.1,0.0,3.1,3.1,0.0,3.1,0.0,12.5,18.8,51.1,0,0,40.8,1,13222,1,13222,21495,10799,7580,14933,15070,10044,15070,13505,14344,13505,218,22137,3105,12519,16469,2869,1536,8846,10152,17725,15553,4312,2964,2246,150,6347,1,11:29
2024-25,1629006,Josh Okogie,Josh,1610612756,PHX,Phoenix Suns,0022401219,2024-12-15T00:00:00,PHX vs. POR,W,3.283333333333333,11.0,11.0,1.0,0.0,0.0,0.0,0.0,0.0,0.0,0.0,0.0,0.0,0.0,0.0,11.0,0.0,0.0,0.0,0.0,21.9,11.0,54.8,0,0,43.9,1,1,13086,1,24848,2284,15414,1,15070,20945,15070,13505,14344,13505,14058,22137,23286,19908,16469,98,8263,8846,20257,17725,6266,7254,2025,2246,150,4757,1,3:17
2024-25,1630183,Jaden McDaniels,Jaden,1610612750,MIN,Minnesota Timberwolves,0022401218,2024-12-15T00:00:00,MIN @ SAS,W,27.616666666666667,5.2,13.0,0.4,2.6,2.6,1.0,2.6,2.6,1.0,5.2,9.1,14.3,1.3,1.3,5.2,0.0,2.6,1.3,2.6,15.6,7.8,49.1,1,0,44.3,1,1,13086,1,9855,13779,11793,14933,7804,18445,1,8789,10958,1,2180,3383,2084,18646,13783,778,8263,1865,18015,10616,12270,8721,3563,1,150,4544,1,27:37
2024-25,1630175,Cole Anthony,Cole,1610612753,ORL,Orlando Magic,0022401227,2024-12-15T00:00:00,ORL vs. NYK,L,9.05,8.0,15.9,0.5,0.0,8.0,0.0,0.0,0.0,0.0,0.0,8.0,8.0,19.9,0.0,0.0,4.0,0.0,0.0,0.0,15.9,4.0,67.2,0,0,51.7,1,13222,1,13222,22430,6721,7239,8526,15070,6527,15070,13505,14344,13505,14058,4768,8353,87,16469,12854,932,8846,20257,17725,12008,10664,559,2246,150,2104,1,9:03
2024-25,1629029,Luka Dončić,Luka,1610612742,DAL,Dallas Mavericks,0022401228,2024-12-15T00:00:00,DAL @ GSW,W,37.848333333333336,15.2,21.9,0.696,5.7,10.5,0.545,6.7,8.6,0.778,1.9,8.6,10.5,12.4,2.9,2.9,1.9,0.0,1.0,7.6,42.8,17.1,85.3,1,1,80.8,1,1,13086,1,1485,455,1876,3165,1553,3014,3863,2273,2147,8092,8806,3979,4947,643,7013,3540,3756,8846,19962,1249,323,4860,134,1,1,150,1,37:51
2024-25,201939,Stephen Curry,Stephen,1610612744,GSW,Golden State Warriors,0022401228,2024-12-15T00:00:00,GSW vs. DAL,L,35.42333333333333,9.1,19.3,0.474,7.1,13.2,0.538,1.0,1.0,1.0,0.0,5.1,5.1,10.2,2.0,1.0,0.0,0.0,1.0,4.1,26.4,-10.2,48.8,1,0,50.8,1,13222,1,13222,3134,4449,3490,12072,723,1199,3915,13189,14190,1,14058,10635,14577,1357,10347,11801,8263,8846,19601,6130,3469,17956,3704,1,150,2315,1,35:25
2024-25,202691,Klay Thompson,Klay,1610612742,DAL,Dallas Mavericks,0022401228,2024-12-15T00:00:00,DAL @ GSW,W,29.416666666666668,11.0,17.1,0.643,8.6,13.5,0.636,4.9,6.1,0.8,0.0,6.1,6.1,4.9,1.2,2.4,1.2,0.0,3.7,2.4,35.5,25.7,60.0,0,0,62.4,1,1,13086,1,8296,2250,5661,4607,360,1112,2842,4200,4326,7681,14058,8056,12001,7695,14270,4544,6027,8846,8194,11169,905,2672,1199,2246,150,620,1,29:25
2024-25,1630167,Obi Toppin,Obi,1610612754,IND,Indiana Pacers,0022401216,2024-12-15T00:00:00,IND vs. NOP,W,20.583333333333332,10.5,14.0,0.75,7.0,10.5,0.667,0.0,0.0,0.0,0.0,8.7,8.7,3.5,1.7,5.2,0.0,0.0,3.5,0.0,28.0,12.2,57.7,0,0,57.7,1,1,13086,1,15578,2718,10183,2107,761,2978,1957,13505,14344,13505,14058,3777,7106,11395,11740,764,8263,8846,8756,17725,2793,6697,1514,2246,150,1063,1,20:35
2024-25,1631110,Jeremy Sochan,Jeremy,1610612759,SAS,San Antonio Spurs,0022401218,2024-12-15T00:00:00,SAS vs. MIN,L,30.383333333333333,8.3,11.8,0.7,0.0,2.4,0.0,3.6,4.7,0.75,5.9,11.8,17.8,4.7,5.9,2.4,1.2,1.2,3.6,2.4,20.1,-4.7,53.3,1,0,49.8,1,13222,1,13222,7425,5994,13866,3045,15070,18866,15070,6594,6414,8186,1661,1443,951,8079,1434,4796,6272,6373,8585,11467,7800,15440,2370,1,150,2595,1,30:23
2024-25,204001,Kristaps Porziņģis,Kristaps,1610612738,BOS,Boston Celtics,0022401217,2024-12-15T00:00:00,BOS @ WAS,W,11.333333333333334,15.9,19.1,0.833,3.2,6.4,0.5,0.0,0.0,0.0,3.2,3.2,6.4,6.4,3.2,0.0,0.0,0.0,3.2,9.5,34.9,-6.4,48.9,0,0,50.8,1,1,13086,1,21566,367,3709,1514,6017,9865,3944,13505,14344,13505,4991,16169,11498,4924,5886,12854,8263,8846,9965,515,971,16223,3658,2246,150,2311,1,11:20
2024-25,1631321,Sidy Cissoko,Sidy,1610612759,SAS,San Antonio Spurs,0022401218,2024-12-15T00:00:00,SAS vs. MIN,L,3.0,24.0,24.0,1.0,24.0,24.0,1.0,0.0,0.0,0.0,0.0,0.0,0.0,0.0,0.0,0.0,0.0,0.0,0.0,0.0,72.0,72.0,72.0,0,0,96.0,1,13222,1,13222,24986,78,1050,1,15,118,1,13505,14344,13505,14058,22137,23286,19908,16469,12854,8263,8846,20257,17725,50,222,367,2246,150,71,1,3:00
2024-25,1629021,Moritz Wagner,Moritz,1610612753,ORL,Orlando Magic,0022401227,2024-12-15T00:00:00,ORL vs. NYK,L,25.533333333333335,14.1,21.1,0.667,5.6,9.9,0.571,11.3,15.5,0.727,0.0,8.5,8.5,1.4,4.2,2.8,0.0,0.0,5.6,9.9,45.1,-1.4,61.6,0,0,66.3,1,13222,1,13222,11556,682,2247,3281,1625,3638,3506,439,315,9223,14058,4100,7532,18310,3447,3638,8263,8846,3483,438,250,13763,1010,2246,150,426,1,25:32
2024-25,1629638,Nickeil Alexander-Walker,Nickeil,1610612750,MIN,Minnesota Timberwolves,0022401218,2024-12-15T00:00:00,MIN @ SAS,W,24.36,8.9,22.2,0.4,3.0,11.8,0.25,4.4,4.4,1.0,1.5,3.0,4.4,4.4,0.0,3.0,0.0,0.0,0.0,7.4,25.1,41.4,46.0,0,0,42.9,1,1,13086,1,12603,4933,1746,14933,6660,1886,11902,4934,6970,1,10403,16873,16209,8805,16469,3258,8263,8846,20257,1397,4160,880,4757,2246,150,5216,1,24:22
2024-25,203994,Jusuf Nurkić,Jusuf,1610612756,PHX,Phoenix Suns,0022401219,2024-12-15T00:00:00,PHX vs. POR,W,26.233333333333334,5.5,12.4,0.444,0.0,1.4,0.0,2.7,4.1,0.667,6.9,12.4,19.2,2.7,6.9,1.4,1.4,1.4,5.5,5.5,13.7,5.5,42.3,1,0,41.2,1,1,13086,1,10963,13009,12978,13045,15070,20403,15070,8473,7596,9425,1198,1208,643,13769,955,9057,5348,5296,3715,3356,14249,9852,6493,1,150,6097,1,26:14
2024-25,1630643,Jay Huff,Jay,1610612763,MEM,Memphis Grizzlies,0022401220,2024-12-15T00:00:00,MEM @ LAL,L,6.15,5.9,17.6,0.333,5.9,11.7,0.5,0.0,0.0,0.0,5.9,11.7,17.6,0.0,5.9,5.9,0.0,0.0,11.7,5.9,17.6,-46.8,50.3,0,0,52.7,1,13222,1,13222,23541,11936,5199,17395,1430,1957,3944,13505,14344,13505,1703,1522,1004,19908,1500,513,8263,8846,446,2810,10261,25259,3171,2246,150,1878,1,6:09
2024-25,1626157,Karl-Anthony Towns,Karl-Anthony,1610612752,NYK,New York Knicks,0022401227,2024-12-15T00:00:00,NYK @ ORL,W,43.29,5.8,12.5,0.467,0.8,2.5,0.333,5.8,5.8,1.0,3.3,15.0,18.3,4.2,5.0,0.0,0.8,0.8,3.3,3.3,18.3,7.5,44.0,1,0,43.2,1,1,13086,1,129,12062,12770,12249,15050,18634,9209,3065,4729,1,4695,577,836,9503,2348,12854,8220,8800,9358,8175,9534,8887,5677,1,150,5022,1,43:17
2024-25,1630322,Lindy Waters III,Lindy,1610612744,GSW,Golden State Warriors,0022401228,2024-12-15T00:00:00,GSW vs. DAL,L,21.45,6.7,15.1,0.444,6.7,11.7,0.571,0.0,0.0,0.0,3.4,5.0,8.4,3.4,0.0,6.7,0.0,0.0,5.0,0.0,20.1,21.8,55.4,0,0,52.0,1,13222,1,13222,14962,9656,8412,13045,888,1930,3506,13505,14344,13505,4627,10772,7637,11803,16469,344,8263,8846,4532,17725,7806,3497,1909,2246,150,2030,1,21:27
2024-25,1628963,Marvin Bagley III,Marvin,1610612764,WAS,Washington Wizards,0022401217,2024-12-15T00:00:00,WAS vs. BOS,L,11.365,3.2,15.8,0.2,0.0,0.0,0.0,0.0,6.3,0.0,15.8,3.2,19.0,0.0,0.0,3.2,0.0,3.2,3.2,3.2,6.3,-9.5,38.6,0,0,31.7,1,13222,1,13222,21555,19061,7367,21401,15070,20945,15070,13505,4082,13505,113,16200,696,19908,16469,2802,8263,1178,10006,8672,21159,17673,8625,2246,150,12646,1,11:22
2024-25,1629216,Gabe Vincent,Gabe,1610612747,LAL,Los Angeles Lakers,0022401220,2024-12-15T00:00:00,LAL vs. MEM,W,13.95,2.6,7.7,0.333,2.6,7.7,0.333,0.0,0.0,0.0,0.0,5.2,5.2,0.0,2.6,2.6,5.2,0.0,2.6,0.0,7.7,-7.7,34.6,0,0,31.0,1,1,13086,1,20220,20306,20605,17395,7889,6912,9209,13505,14344,13505,14058,10390,14370,19908,7944,4177,472,8846,12493,17725,20133,16851,11394,2246,150,13191,1,13:57
2024-25,1641775,Jordan Walsh,Jordan,1610612738,BOS,Boston Celtics,0022401217,2024-12-15T00:00:00,BOS @ WAS,W,2.3666666666666667,0.0,15.2,0.0,0.0,15.2,0.0,0.0,0.0,0.0,15.2,0.0,15.2,0.0,0.0,0.0,0.0,0.0,0.0,0.0,0.0,-106.5,18.3,0,0,15.2,1,1,13086,1,25286,22635,8230,22635,15070,646,15070,13505,14344,13505,122,22137,1677,19908,16469,12854,8263,8846,20257,17725,23200,26178,21987,2246,150,22986,1,2:22
2024-25,1629634,Brandon Clarke,Brandon,1610612763,MEM,Memphis Grizzlies,0022401220,2024-12-15T00:00:00,MEM @ LAL,L,12.783333333333333,5.6,11.3,0.5,0.0,0.0,0.0,2.8,5.6,0.5,2.8,11.3,14.1,2.8,2.8,0.0,0.0,2.8,2.8,5.6,14.1,-25.3,32.4,0,0,31.0,1,13222,1,13222,20849,12606,14899,8526,15070,20945,15070,8307,4995,10625,5819,1769,2198,13532,7161,12854,8263,1583,11568,3148,13863,22876,13028,2246,150,13184,1,12:47
2024-25,1630530,Trey Murphy III,Trey,1610612740,NOP,New Orleans Pelicans,0022401216,2024-12-15T00:00:00,NOP @ IND,L,36.483333333333334,4.9,15.8,0.313,2.0,9.9,0.2,3.9,3.9,1.0,1.0,4.9,5.9,2.0,2.0,1.0,2.0,2.0,0.0,3.0,15.8,-11.8,32.8,0,0,31.6,1,13222,1,13222,2347,14593,7425,19175,10272,3641,13429,5804,7953,1,13359,11075,12478,16469,10645,12065,3555,3304,20257,9392,12132,18682,12756,2246,150,12718,1,36:29
2024-25,1630173,Precious Achiuwa,Precious,1610612752,NYK,New York Knicks,0022401227,2024-12-15T00:00:00,NYK @ ORL,W,17.51,2.1,6.2,0.333,0.0,2.1,0.0,4.1,4.1,1.0,2.1,8.2,10.3,0.0,0.0,2.1,0.0,2.1,4.1,4.1,8.2,-8.2,26.7,0,0,22.6,1,1,13086,1,17915,21309,22457,17395,15070,19447,15070,5506,7605,1,8138,4390,5143,19908,16469,5985,8263,3039,6800,6030,19731,17060,17133,2246,150,19274,1,17:31
2024-25,1626166,Cameron Payne,Cameron,1610612752,NYK,New York Knicks,0022401227,2024-12-15T00:00:00,NYK @ ORL,W,9.95,0.0,3.6,0.0,0.0,3.6,0.0,0.0,0.0,0.0,0.0,7.2,7.2,7.2,0.0,0.0,0.0,0.0,3.6,3.6,0.0,21.7,19.5,0,0,14.5,1,1,13086,1,22122,22635,24263,22635,15070,16398,15070,13505,14344,13505,14058,5934,9674,3707,16469,12854,8263,8846,8369,7339,23200,3529,21390,2246,150,23261,1,9:57
2024-25,1628371,Jonathan Isaac,Jonathan,1610612753,ORL,Orlando Magic,0022401227,2024-12-15T00:00:00,ORL vs. NYK,L,15.0,2.4,2.4,1.0,2.4,2.4,1.0,0.0,0.0,0.0,0.0,7.2,7.2,0.0,0.0,2.4,4.8,0.0,2.4,0.0,7.2,-28.8,37.4,0,0,31.2,1,13222,1,13222,19560,20666,24673,1,8487,18805,1,13505,14344,13505,14058,5993,9739,19908,16469,4700,570,8846,13205,17725,20560,23551,9383,2246,150,12999,1,15:00
2024-25,203484,Kentavious Caldwell-Pope,Kentavious,1610612753,ORL,Orlando Magic,0022401227,2024-12-15T00:00:00,ORL vs. NYK,L,32.7,2.2,7.7,0.286,0.0,3.3,0.0,0.0,0.0,0.0,1.1,1.1,2.2,2.2,2.2,1.1,1.1,0.0,3.3,2.2,4.4,-2.2,14.8,0,0,13.2,1,13222,1,13222,5400,21033,20646,19630,15070,17062,15070,13505,14344,13505,12461,21749,21405,15617,9501,11012,6783,8846,9444,12155,22344,14146,23260,2246,150,23644,1,32:42
2024-25,1627759,Jaylen Brown,Jaylen,1610612738,BOS,Boston Celtics,0022401217,2024-12-15T00:00:00,BOS @ WAS,W,25.716666666666665,5.6,19.6,0.286,2.8,7.0,0.4,1.4,5.6,0.25,0.0,4.2,4.2,5.6,4.2,4.2,1.4,2.8,1.4,4.2,15.4,18.2,41.4,0,0,39.2,1,1,13086,1,11386,12701,3280,19630,7215,8469,7874,12017,5049,13358,14058,13123,16811,6250,3506,1459,5230,1603,17623,5843,12518,4491,6911,2246,150,7274,1,25:43
2024-25,1628960,Grayson Allen,Grayson,1610612756,PHX,Phoenix Suns,0022401219,2024-12-15T00:00:00,PHX vs. POR,W,23.733333333333334,6.1,19.7,0.308,6.1,13.7,0.444,0.0,0.0,0.0,1.5,1.5,3.0,1.5,0.0,1.5,0.0,0.0,6.1,1.5,18.2,16.7,28.7,0,0,31.9,1,1,13086,1,13126,11321,3170,19226,1258,1041,7211,13505,14344,13505,10247,20843,19623,17913,16469,8334,8263,8846,2854,14933,9621,5008,15747,2246,150,12490,1,23:44
2024-25,1642264,Stephon Castle,Stephon,1610612759,SAS,San Antonio Spurs,0022401218,2024-12-15T00:00:00,SAS vs. MIN,L,23.0,1.6,12.5,0.125,0.0,4.7,0.0,0.0,0.0,0.0,0.0,3.1,3.1,7.8,4.7,0.0,0.0,0.0,1.6,0.0,3.1,-36.0,13.9,0,0,14.1,1,13222,1,13222,13724,22086,12692,22420,15070,13960,15070,13505,14344,13505,14058,16328,19415,3062,2722,12854,8263,8846,16976,17725,22913,24522,23516,2246,150,23401,1,23:00
2024-25,1628976,Wendell Carter Jr.,Wendell,1610612753,ORL,Orlando Magic,0022401227,2024-12-15T00:00:00,ORL vs. NYK,L,27.266666666666666,1.3,5.3,0.25,0.0,2.6,0.0,0.0,0.0,0.0,1.3,5.3,6.6,1.3,0.0,1.3,0.0,0.0,2.6,2.6,2.6,-11.9,16.5,0,0,13.2,1,13222,1,13222,10130,22378,23274,20233,15070,18374,15070,13505,14344,13505,11099,10069,10942,18593,16469,9348,8263,8846,12276,10505,23038,18700,22663,2246,150,23648,1,27:16
2024-25,1642277,Johnny Furphy,Johnny,1610612754,IND,Indiana Pacers,0022401216,2024-12-15T00:00:00,IND vs. NOP,W,12.306666666666667,0.0,5.9,0.0,0.0,5.9,0.0,0.0,0.0,0.0,0.0,2.9,2.9,0.0,2.9,2.9,2.9,0.0,11.7,0.0,0.0,5.9,18.1,0,0,14.6,1,1,13086,1,21098,22635,22756,22635,15070,11074,15070,13505,14344,13505,14058,16993,19924,19908,6746,3331,1783,8846,448,17725,23200,9683,22037,2246,150,23206,1,12:18
2024-25,1642261,Dalton Knecht,Dalton,1610612747,LAL,Los Angeles Lakers,0022401220,2024-12-15T00:00:00,LAL vs. MEM,W,12.766666666666667,5.6,11.3,0.5,0.0,5.6,0.0,2.8,5.6,0.5,0.0,8.5,8.5,0.0,5.6,0.0,0.0,0.0,2.8,2.8,14.1,-5.6,18.6,0,0,22.6,1,1,13086,1,20855,12582,14867,8526,15070,11604,15070,8290,4983,10625,14058,4100,7532,19908,1686,12854,8263,8846,11549,9891,13848,15895,21839,2246,150,19312,1,12:46
2024-25,1629646,Charles Bassey,Charles,1610612759,SAS,San Antonio Spurs,0022401218,2024-12-15T00:00:00,SAS vs. MIN,L,14.583333333333334,9.9,12.3,0.8,0.0,0.0,0.0,0.0,0.0,0.0,4.9,12.3,17.3,2.5,4.9,0.0,0.0,0.0,4.9,0.0,19.7,-14.8,39.3,0,0,39.5,1,13222,1,13222,19839,3368,13011,1688,15070,20945,15070,13505,14344,13505,2432,1212,1064,14648,2414,12854,8263,8846,4756,17725,8122,19832,8235,2246,150,7071,1,14:35
2024-25,1630166,Deni Avdija,Deni,1610612757,POR,Portland Trail Blazers,0022401219,2024-12-15T00:00:00,POR @ PHX,L,27.95,7.7,11.6,0.667,3.9,6.4,0.6,2.6,5.2,0.5,0.0,9.0,9.0,3.9,5.2,0.0,0.0,0.0,1.3,2.6,21.9,-11.6,33.4,0,0,38.6,1,13222,1,13222,9582,7200,14320,3281,4285,9672,2992,8865,5680,10625,14058,3503,6706,10324,2167,12854,8263,8846,18080,10717,6288,18570,12290,2246,150,7622,1,27:57
2024-25,1642346,Ryan Dunn,Ryan,1610612756,PHX,Phoenix Suns,0022401219,2024-12-15T00:00:00,PHX vs. POR,W,14.74,2.4,7.3,0.333,0.0,4.9,0.0,4.9,4.9,1.0,2.4,2.4,4.9,0.0,2.4,0.0,0.0,0.0,0.0,2.4,9.8,29.3,13.2,0,0,14.7,1,1,13086,1,19742,20570,21170,17395,15070,13481,15070,4215,6145,1,6799,18356,15101,19908,8482,12854,8263,8846,20257,11194,18377,2066,23722,2246,150,23195,1,14:44
2024-25,1630590,Scotty Pippen Jr.,Scotty,1610612763,MEM,Memphis Grizzlies,0022401220,2024-12-15T00:00:00,MEM @ LAL,L,9.016666666666667,4.0,16.0,0.25,0.0,8.0,0.0,0.0,0.0,0.0,0.0,8.0,8.0,0.0,12.0,0.0,4.0,4.0,4.0,0.0,8.0,-24.0,17.6,0,0,24.0,1,13222,1,13222,22447,17109,7152,20233,15070,6472,15070,13505,14344,13505,14058,4723,8295,19908,203,12854,922,651,7168,17725,19933,22561,22275,2246,150,18362,1,9:01
2024-25,1630170,Devin Vassell,Devin,1610612759,SAS,San Antonio Spurs,0022401218,2024-12-15T00:00:00,SAS vs. MIN,L,25.016666666666666,2.9,15.8,0.182,0.0,8.6,0.0,0.0,0.0,0.0,0.0,0.0,0.0,0.0,0.0,0.0,0.0,0.0,0.0,1.4,5.8,-43.2,5.8,0,0,5.8,1,13222,1,13222,11990,19712,7377,21891,15070,5366,15070,13505,14344,13505,14058,22137,23286,19908,16469,12854,8263,8846,20257,15282,21560,25066,24942,2246,150,25032,1,25:01
2024-25,1631132,Christian Koloko,Christian,1610612747,LAL,Los Angeles Lakers,0022401220,2024-12-15T00:00:00,LAL vs. MEM,W,11.916666666666666,0.0,0.0,0.0,0.0,0.0,0.0,3.0,6.0,0.5,0.0,0.0,0.0,0.0,0.0,0.0,0.0,0.0,6.0,3.0,3.0,-33.2,3.0,0,0,3.0,1,1,13086,1,21323,22635,24836,22635,15070,20945,15070,7746,4412,10625,14058,22137,23286,19908,16469,12854,8263,8846,2887,9160,22951,24198,25125,2246,150,25234,1,11:55
2024-25,1631288,Jamal Cain,Jamal,1610612740,NOP,New Orleans Pelicans,0022401216,2024-12-15T00:00:00,NOP @ IND,L,7.833333333333333,0.0,9.2,0.0,0.0,4.6,0.0,0.0,0.0,0.0,9.2,9.2,18.4,0.0,0.0,0.0,0.0,0.0,0.0,0.0,0.0,-18.4,22.1,0,0,18.4,1,13222,1,13222,22872,22635,18419,22635,15070,14200,15070,13505,14344,13505,514,3313,811,19908,16469,12854,8263,8846,20257,17725,23200,21041,20105,2246,150,21675,1,7:50
2024-25,1629060,Rui Hachimura,Rui,1610612747,LAL,Los Angeles Lakers,0022401220,2024-12-15T00:00:00,LAL vs. MEM,W,37.71666666666667,1.9,4.8,0.4,0.0,1.0,0.0,3.8,5.7,0.667,1.0,4.8,5.7,1.0,2.9,1.0,1.0,1.0,4.8,3.8,7.6,12.4,18.8,0,0,18.1,1,1,13086,1,1557,21568,23628,14933,15070,20896,15070,6044,4858,9425,13610,11508,12943,19796,6981,12312,7788,8303,5130,6798,20212,6632,21761,2246,150,21803,1,37:43
2024-25,1628464,Daniel Theis,Daniel,1610612740,NOP,New Orleans Pelicans,0022401216,2024-12-15T00:00:00,NOP @ IND,L,13.516666666666667,0.0,5.3,0.0,0.0,0.0,0.0,0.0,0.0,0.0,8.0,2.7,10.7,2.7,0.0,2.7,2.7,2.7,2.7,2.7,0.0,2.7,32.8,0,0,24.0,1,13222,1,13222,20480,22635,23238,22635,15070,20945,15070,13505,14344,13505,787,17783,4760,14007,16469,3986,2132,1791,12189,10428,23200,11290,12757,2246,150,18350,1,13:31
2024-25,1630583,Santi Aldama,Santi,1610612763,MEM,Memphis Grizzlies,0022401220,2024-12-15T00:00:00,MEM @ LAL,L,19.47,1.8,14.8,0.125,0.0,5.5,0.0,7.4,7.4,1.0,1.8,3.7,5.5,0.0,0.0,1.8,1.8,1.8,0.0,5.5,11.1,1.8,28.8,0,0,24.0,1,13222,1,13222,16445,21666,8926,22420,15070,11853,15070,1738,3002,1,9047,14640,13428,19908,16469,7040,3932,3746,20257,3270,17101,11708,15599,2246,150,18300,1,19:28
2024-25,1631169,Josh Minott,Josh,1610612750,MIN,Minnesota Timberwolves,0022401218,2024-12-15T00:00:00,MIN @ SAS,W,3.0,12.0,12.0,1.0,0.0,0.0,0.0,0.0,0.0,0.0,0.0,0.0,0.0,0.0,0.0,0.0,0.0,0.0,0.0,0.0,24.0,-84.0,24.0,0,0,24.0,1,1,13086,1,24986,1516,13575,1,15070,20945,15070,13505,14344,13505,14058,22137,23286,19908,16469,12854,8263,8846,20257,17725,4793,26040,18937,2246,150,18317,1,3:00
2024-25,1631133,Jabari Walker,Jabari,1610612757,POR,Portland Trail Blazers,0022401219,2024-12-15T00:00:00,POR @ PHX,L,6.006666666666667,6.0,12.0,0.5,0.0,6.0,0.0,0.0,0.0,0.0,6.0,6.0,12.0,0.0,0.0,0.0,0.0,0.0,0.0,0.0,12.0,-36.0,26.4,0,0,24.0,1,13222,1,13222,23598,11543,13608,8526,15070,10720,15070,13505,14344,13505,1629,8341,3507,19908,16469,12854,8263,8846,20257,17725,16157,24519,17370,2246,150,18346,1,6:00
2024-25,1630545,Terrence Shannon Jr.,Terrence,1610612750,MIN,Minnesota Timberwolves,0022401218,2024-12-15T00:00:00,MIN @ SAS,W,3.0,12.0,12.0,1.0,0.0,0.0,0.0,0.0,0.0,0.0,0.0,0.0,0.0,0.0,0.0,0.0,0.0,0.0,0.0,0.0,24.0,-84.0,24.0,0,0,24.0,1,1,13086,1,24986,1516,13575,1,15070,20945,15070,13505,14344,13505,14058,22137,23286,19908,16469,12854,8263,8846,20257,17725,4793,26040,18937,2246,150,18317,1,3:00
2024-25,1641710,Anthony Black,Anthony,1610612753,ORL,Orlando Magic,0022401227,2024-12-15T00:00:00,ORL vs. NYK,L,19.6,1.8,12.9,0.143,0.0,1.8,0.0,3.7,3.7,1.0,0.0,1.8,1.8,5.5,0.0,1.8,0.0,1.8,3.7,3.7,7.3,-5.5,23.3,0,0,18.4,1,13222,1,13222,16331,21693,12122,22260,15070,19855,15070,6346,8541,1,14058,20149,22106,6406,16469,7094,8263,3779,8187,7202,20449,15838,19357,2246,150,21682,1,19:36
2024-25,1629630,Ja Morant,Ja,1610612763,MEM,Memphis Grizzlies,0022401220,2024-12-15T00:00:00,MEM @ LAL,L,31.183333333333334,6.9,24.2,0.286,2.3,8.1,0.286,6.9,9.2,0.75,2.3,5.8,8.1,6.9,8.1,3.5,0.0,1.2,3.5,8.1,23.1,-9.2,45.5,0,0,47.3,1,13222,1,13222,6717,9105,1001,19630,8818,6317,11433,2056,1747,8186,7220,8854,8128,4103,574,2290,8263,6599,8858,978,5424,17542,4946,2246,150,3363,1,31:11
2024-25,1629614,Andrew Nembhard,Andrew,1610612754,IND,Indiana Pacers,0022401216,2024-12-15T00:00:00,IND vs. NOP,W,27.6,6.5,10.4,0.625,0.0,2.6,0.0,9.1,9.1,1.0,1.3,1.3,2.6,9.1,6.5,0.0,0.0,0.0,1.3,5.2,22.2,23.5,32.5,0,0,33.9,1,1,13086,1,9868,10132,16325,4899,15070,18436,15070,958,1803,1,11177,21275,20623,1913,1119,12854,8263,8846,18012,3752,6087,3155,12959,2246,150,10914,1,27:36
2024-25,1642267,Bub Carrington,Bub,1610612764,WAS,Washington Wizards,0022401217,2024-12-15T00:00:00,WAS vs. BOS,L,40.35166666666667,3.6,8.0,0.444,2.7,4.5,0.6,0.0,0.0,0.0,1.8,7.1,8.9,1.8,2.7,0.9,0.0,0.0,1.8,1.8,9.8,-13.4,23.2,1,0,25.0,1,13222,1,13222,485,18157,20218,13045,7607,14547,2992,13505,14344,13505,9302,6111,6862,17136,7601,12698,8263,8846,16255,13988,18342,19263,19438,1,150,17701,1,40:21
2024-25,1642270,Donovan Clingan,Donovan,1610612757,POR,Portland Trail Blazers,0022401219,2024-12-15T00:00:00,POR @ PHX,L,19.35,9.3,16.7,0.556,0.0,3.7,0.0,0.0,0.0,0.0,7.4,9.3,16.7,5.6,5.6,0.0,3.7,0.0,9.3,0.0,18.6,-3.7,52.7,0,0,48.4,1,13222,1,13222,16540,4198,6128,7248,15070,16164,15070,13505,14344,13505,977,3203,1194,6295,1743,12854,1072,8846,872,17725,9213,14900,2549,2246,150,3025,1,19:21
2024-25,1629014,Anfernee Simons,Anfernee,1610612757,POR,Portland Trail Blazers,0022401219,2024-12-15T00:00:00,POR @ PHX,L,36.71666666666667,6.9,14.7,0.467,3.9,9.8,0.4,2.0,2.0,1.0,1.0,2.9,3.9,4.9,1.0,2.0,0.0,0.0,2.0,1.0,19.6,-7.8,36.6,0,0,36.3,1,13222,1,13222,2182,9262,9042,12249,4160,3722,7874,10775,12834,1,13420,16928,17508,7684,15973,6448,8263,8846,15353,17452,8248,16898,9986,2246,150,9173,1,36:43
2024-25,1630202,Payton Pritchard,Payton,1610612738,BOS,Boston Celtics,0022401217,2024-12-15T00:00:00,BOS @ WAS,W,36.833333333333336,4.9,11.7,0.417,4.9,9.8,0.5,0.0,0.0,0.0,3.9,6.8,10.8,5.9,2.9,0.0,0.0,0.0,2.9,2.0,14.7,16.6,33.4,1,0,36.2,1,1,13086,1,2107,14708,14061,14532,2431,3755,3944,13505,14344,13505,3706,6634,4646,5737,6711,12854,8263,8846,11022,13300,13236,5036,12243,1,150,9252,1,36:50
2024-25,1628379,Luke Kennard,Luke,1610612763,MEM,Memphis Grizzlies,0022401220,2024-12-15T00:00:00,MEM @ LAL,L,18.483333333333334,5.8,13.6,0.429,5.8,7.8,0.75,5.8,7.8,0.75,0.0,5.8,5.8,5.8,1.9,3.9,0.0,1.9,3.9,3.9,23.4,35.1,48.9,0,0,48.7,1,13222,1,13222,17211,11979,10768,13735,1437,6814,1542,3035,2674,8186,14058,8685,12663,5770,10799,1743,8263,3389,7460,6574,5223,1394,3667,2246,150,2926,1,18:29
2024-25,1628420,Monté Morris,Monté,1610612756,PHX,Phoenix Suns,0022401219,2024-12-15T00:00:00,PHX vs. POR,W,15.8,4.6,11.4,0.4,0.0,2.3,0.0,0.0,0.0,0.0,4.6,4.6,9.1,2.3,0.0,2.3,0.0,2.3,0.0,0.0,9.1,25.1,30.3,0,0,25.1,1,1,13086,1,19061,15610,14674,14933,15070,19032,15070,13505,14344,13505,2862,12107,6567,15307,16469,5110,8263,2475,20257,17725,18976,2803,14574,2246,150,17637,1,15:48
2024-25,1630169,Tyrese Haliburton,Tyrese,1610612754,IND,Indiana Pacers,0022401216,2024-12-15T00:00:00,IND vs. NOP,W,34.693333333333335,6.2,14.5,0.429,4.2,8.3,0.5,5.2,6.2,0.833,0.0,4.2,4.2,10.4,4.2,3.1,1.0,0.0,1.0,3.1,21.8,9.3,50.6,1,0,48.8,1,1,13086,1,3704,10899,9313,13735,3671,5911,3944,3779,4204,7275,14058,13269,16939,1251,3583,2907,7213,8846,19485,8841,6388,8026,3089,1,150,2900,1,34:42
2024-25,202681,Kyrie Irving,Kyrie,1610612742,DAL,Dallas Mavericks,0022401228,2024-12-15T00:00:00,DAL @ GSW,W,35.315,8.2,16.3,0.5,1.0,4.1,0.25,4.1,5.1,0.8,1.0,2.0,3.1,8.2,2.0,0.0,0.0,0.0,0.0,3.1,21.4,10.2,35.3,0,0,33.6,1,1,13086,1,3228,6296,6666,8526,14424,15402,11902,5569,5763,7681,13098,19540,19567,2737,10313,12854,8263,8846,20257,9039,6725,7605,10888,2246,150,11122,1,35:19
2024-25,1642345,Oso Ighodaro,Oso,1610612756,PHX,Phoenix Suns,0022401219,2024-12-15T00:00:00,PHX vs. POR,W,6.161666666666667,11.7,17.5,0.667,0.0,0.0,0.0,0.0,0.0,0.0,5.8,5.8,11.7,0.0,0.0,5.8,0.0,5.8,0.0,5.8,23.4,11.7,54.9,0,0,46.7,1,1,13086,1,23540,1728,5225,3281,15070,20945,15070,13505,14344,13505,1717,8688,3773,19908,16469,518,8263,233,20257,2829,5228,6936,2002,2246,150,3575,1,6:10
2024-25,201142,Kevin Durant,Kevin,1610612756,PHX,Phoenix Suns,0022401219,2024-12-15T00:00:00,PHX vs. POR,W,35.95,9.0,23.0,0.391,1.0,9.0,0.111,1.0,2.0,0.5,0.0,7.0,7.0,7.0,1.0,1.0,0.0,0.0,1.0,5.0,20.0,-7.0,41.0,0,0,37.1,1,1,13086,1,2713,4682,1372,15984,14546,4803,15003,13230,12715,10625,14058,6342,10131,4000,15834,11944,8263,8846,19700,4107,7902,16504,7191,2246,150,8692,1,35:57
2024-25,1630568,Luka Garza,Luka,1610612750,MIN,Minnesota Timberwolves,0022401218,2024-12-15T00:00:00,MIN @ SAS,W,3.0,12.0,12.0,1.0,0.0,0.0,0.0,24.0,24.0,1.0,0.0,0.0,0.0,0.0,12.0,0.0,0.0,0.0,12.0,12.0,48.0,-84.0,36.0,0,0,48.0,1,1,13086,1,24986,1516,13575,1,15070,20945,15070,50,90,1,14058,22137,23286,19908,201,12854,8263,8846,423,199,186,26040,10366,2246,150,3132,1,3:00
2024-25,1631216,Caleb Houstan,Caleb,1610612753,ORL,Orlando Magic,0022401227,2024-12-15T00:00:00,ORL vs. NYK,L,5.716666666666667,6.3,12.6,0.5,6.3,12.6,0.5,0.0,0.0,0.0,0.0,0.0,0.0,0.0,0.0,0.0,0.0,0.0,0.0,0.0,18.9,-6.3,18.9,0,0,25.2,1,13222,1,13222,23692,10723,12585,8526,1115,1478,3944,13505,14344,13505,14058,22137,23286,19908,16469,12854,8263,8846,20257,17725,8952,16203,21705,2246,150,17521,1,5:43
2024-25,202685,Jonas Valančiūnas,Jonas,1610612764,WAS,Washington Wizards,0022401217,2024-12-15T00:00:00,WAS vs. BOS,L,8.883333333333333,4.1,16.2,0.25,0.0,8.1,0.0,0.0,0.0,0.0,0.0,4.1,4.1,8.1,4.1,0.0,4.1,0.0,4.1,0.0,8.1,-85.1,33.2,0,0,28.4,1,13222,1,13222,22498,16963,6819,20233,15070,6273,15070,13505,14344,13505,14058,13565,17178,2783,3777,12854,889,8846,6989,17725,19829,26050,12400,2246,150,15166,1,8:53
2024-25,203952,Andrew Wiggins,Andrew,1610612744,GSW,Golden State Warriors,0022401228,2024-12-15T00:00:00,GSW vs. DAL,L,33.52333333333333,11.8,21.5,0.55,5.4,9.7,0.556,2.1,3.2,0.667,1.1,2.1,3.2,4.3,1.1,1.1,1.1,3.2,2.1,3.2,31.1,-21.5,46.8,0,0,48.3,1,13222,1,13222,4715,1648,2051,7655,1876,3895,3747,10142,9473,9425,12686,19217,19170,9134,15310,11243,6952,1134,14371,8483,1743,21963,4386,2246,150,3036,1,33:31
2024-25,1631101,Shaedon Sharpe,Shaedon,1610612757,POR,Portland Trail Blazers,0022401219,2024-12-15T00:00:00,POR @ PHX,L,32.2,5.6,16.8,0.333,1.1,8.9,0.125,1.1,1.1,1.0,1.1,4.5,5.6,5.6,0.0,1.1,0.0,1.1,1.1,2.2,13.4,-2.2,31.9,0,0,28.0,1,13222,1,13222,5800,12734,6093,17395,13849,4907,14886,12864,14013,1,12345,12330,13315,6272,16469,10878,8263,6889,18998,12003,14604,14165,13429,2246,150,15460,1,32:12
2024-25,1629023,P.J. Washington,P.J.,1610612742,DAL,Dallas Mavericks,0022401228,2024-12-15T00:00:00,DAL @ GSW,W,34.79,4.1,7.2,0.571,2.1,4.1,0.5,3.1,4.1,0.75,1.0,3.1,4.1,1.0,2.1,1.0,1.0,1.0,2.1,3.1,13.5,20.7,24.1,0,0,24.8,1,1,13086,1,3623,16746,21275,6538,9820,15252,3944,7534,7554,8186,12984,16397,16974,19579,10158,11639,7240,7625,14756,8875,14570,3758,18873,2246,150,17804,1,34:47
2024-25,1628401,Derrick White,Derrick,1610612738,BOS,Boston Celtics,0022401217,2024-12-15T00:00:00,BOS @ WAS,W,35.45,5.1,10.2,0.5,3.0,7.1,0.429,2.0,4.1,0.5,0.0,5.1,5.1,5.1,1.0,2.0,2.0,0.0,3.0,5.1,15.2,18.3,40.1,0,0,36.6,1,1,13086,1,3112,14153,16812,8526,6357,8239,7394,10525,7711,10625,14058,10644,14587,7299,15742,6102,3396,8846,10506,3958,12673,4467,7687,2246,150,9009,1,35:27
2024-25,203084,Harrison Barnes,Harrison,1610612759,SAS,San Antonio Spurs,0022401218,2024-12-15T00:00:00,SAS vs. MIN,L,30.383333333333333,7.1,11.8,0.6,4.7,8.3,0.571,1.2,2.4,0.5,1.2,0.0,1.2,2.4,0.0,0.0,0.0,0.0,1.2,2.4,20.1,-17.8,25.1,0,0,28.4,1,13222,1,13222,7425,8680,13866,5394,2660,5930,3506,12644,11569,10625,11896,22137,22958,14984,16469,12854,8263,8846,18624,11467,7800,20859,18204,2246,150,15122,1,30:23
2024-25,1626220,Royce O'Neale,Royce,1610612756,PHX,Phoenix Suns,0022401219,2024-12-15T00:00:00,PHX vs. POR,W,32.36666666666667,5.6,10.0,0.556,3.3,6.7,0.5,0.0,0.0,0.0,0.0,4.4,4.4,2.2,0.0,0.0,0.0,0.0,1.1,0.0,14.5,-3.3,23.1,0,0,24.5,1,1,13086,1,5670,12816,17039,7248,5553,9157,3944,13505,14344,13505,14058,12405,16172,15535,16469,12854,8263,8846,19034,17725,13451,14728,19477,2246,150,18024,1,32:22
2024-25,1626156,D'Angelo Russell,D'Angelo,1610612747,LAL,Los Angeles Lakers,0022401220,2024-12-15T00:00:00,LAL vs. MEM,W,17.45,4.1,14.4,0.286,4.1,12.4,0.333,2.1,4.1,0.5,0.0,6.2,6.2,4.1,6.2,2.1,0.0,0.0,2.1,4.1,14.4,-14.4,28.1,0,0,33.0,1,1,13086,1,17959,16781,9447,19630,3724,1582,9209,10430,7576,10625,14058,7915,11845,9587,1274,5945,8263,8846,14796,5993,13466,19678,16180,2246,150,11646,1,17:27
2024-25,1641765,Olivier-Maxence Prosper,Olivier-Maxence,1610612742,DAL,Dallas Mavericks,0022401228,2024-12-15T00:00:00,DAL @ GSW,W,13.21,2.7,5.5,0.5,2.7,5.5,0.5,0.0,0.0,0.0,0.0,8.2,8.2,5.5,0.0,0.0,0.0,0.0,0.0,0.0,8.2,-27.3,26.2,0,0,24.5,1,1,13086,1,20649,20033,23120,8526,7465,12079,3944,13505,14344,13505,14058,4459,7971,6534,16469,12854,8263,8846,20257,17725,19771,23288,17499,2246,150,17988,1,13:13
2024-25,1626145,Tyus Jones,Tyus,1610612756,PHX,Phoenix Suns,0022401219,2024-12-15T00:00:00,PHX vs. POR,W,32.093333333333334,9.0,10.1,0.889,3.4,3.4,1.0,0.0,0.0,0.0,0.0,4.5,4.5,4.5,2.2,0.0,0.0,1.1,3.4,1.1,21.3,-4.5,31.2,0,0,33.7,1,1,13086,1,5899,4758,16899,1318,5472,16939,1,13505,14344,13505,14058,12291,16085,8690,9336,12854,8263,6864,9200,16815,6814,15318,13912,2246,150,11111,1,32:06
2024-25,1629631,De'Andre Hunter,De'Andre,1610612737,ATL,Atlanta Hawks,0022401229,2024-12-14T00:00:00,ATL @ MIL,L,29.883333333333333,6.0,19.3,0.313,3.6,7.2,0.5,2.4,4.8,0.5,1.2,7.2,8.4,3.6,2.4,0.0,0.0,3.6,2.4,3.6,18.1,-3.6,31.2,0,0,33.7,1,13222,1,13222,7889,11444,3527,19175,4890,7989,3944,9309,6260,10625,11762,5949,7574,11048,8613,12854,8263,838,13153,7353,9768,14855,13898,2246,150,11051,1,29:53
2024-25,1630552,Jalen Johnson,Jalen,1610612737,ATL,Atlanta Hawks,0022401229,2024-12-14T00:00:00,ATL @ MIL,L,39.11666666666667,5.5,13.8,0.4,0.0,3.7,0.0,2.8,4.6,0.6,0.9,8.3,9.2,3.7,0.9,0.9,0.0,0.9,2.8,4.6,13.8,-10.1,32.2,1,0,28.5,1,13222,1,13222,839,12933,10484,14933,15070,16260,15070,8436,6654,10343,13829,4307,6444,10842,16285,12565,8263,8557,11797,4939,14149,17938,13165,1,150,15048,1,39:07
2024-25,1631106,Tari Eason,Tari,1610612745,HOU,Houston Rockets,0022401230,2024-12-14T00:00:00,HOU @ OKC,L,17.383333333333333,6.2,16.6,0.375,4.1,12.4,0.333,8.3,12.4,0.667,0.0,4.1,4.1,0.0,0.0,0.0,2.1,0.0,8.3,6.2,24.9,-24.9,36.0,0,0,37.3,1,13222,1,13222,18012,10936,6343,16299,3686,1561,9209,1281,679,9425,14058,13295,16964,19908,16469,12854,3283,8846,1237,2380,4275,22775,10346,2246,150,8524,1,17:23
2024-25,203081,Damian Lillard,Damian,1610612749,MIL,Milwaukee Bucks,0022401229,2024-12-14T00:00:00,MIL @ ATL,W,37.17166666666667,7.7,20.3,0.381,4.8,13.6,0.357,3.9,4.8,0.8,0.0,5.8,5.8,6.8,1.9,2.9,0.0,1.0,2.9,4.8,24.2,4.8,48.1,0,0,47.5,1,1,13086,1,1870,7172,2737,16250,2503,1068,9188,5925,6214,7681,14058,8774,12745,4317,10867,3396,8263,8202,11169,4409,4668,10190,3935,2246,150,3323,1,37:10
2024-25,201572,Brook Lopez,Brook,1610612749,MIL,Milwaukee Bucks,0022401229,2024-12-14T00:00:00,MIL @ ATL,W,33.43333333333333,7.5,10.8,0.7,2.2,5.4,0.4,0.0,0.0,0.0,0.0,3.2,3.2,1.1,1.1,0.0,2.2,0.0,2.2,0.0,17.2,22.6,28.1,0,0,28.0,1,1,13086,1,4782,7674,15752,3045,9433,12243,7874,13505,14344,13505,14058,15990,19148,19425,15292,12854,3058,8846,14333,17725,10600,3343,16133,2246,150,15424,1,33:26
2024-25,1629652,Luguentz Dort,Luguentz,1610612760,OKC,Oklahoma City Thunder,0022401230,2024-12-14T00:00:00,OKC @ HOU,W,31.266666666666666,5.8,12.7,0.455,5.8,10.4,0.556,4.6,6.9,0.667,2.3,8.1,10.4,1.2,0.0,3.5,0.0,1.2,3.5,5.8,21.9,11.5,46.4,0,0,46.1,1,1,13086,1,6650,12245,12456,12676,1521,3089,3747,4669,3465,9425,7232,4616,5046,19179,16469,2302,8263,6620,8877,2963,6303,7005,4579,2246,150,3798,1,31:16
2024-25,1631095,Jabari Smith Jr.,Jabari,1610612745,HOU,Houston Rockets,0022401230,2024-12-14T00:00:00,HOU @ OKC,L,39.56666666666667,2.7,7.3,0.375,1.8,3.6,0.5,5.5,6.4,0.857,2.7,2.7,5.5,2.7,2.7,0.9,0.9,0.9,1.8,4.5,12.7,-13.6,26.1,0,0,26.4,1,13222,1,13222,699,20025,21232,16299,10996,16354,3944,3460,4039,7071,6032,17608,13648,13822,7440,12615,8044,8606,16084,5044,15349,19363,17549,2246,150,16633,1,39:34
2024-25,1631260,AJ Green,AJ,1610612749,MIL,Milwaukee Bucks,0022401229,2024-12-14T00:00:00,MIL @ ATL,W,19.216666666666665,5.6,11.2,0.5,5.6,11.2,0.5,0.0,0.0,0.0,0.0,1.9,1.9,1.9,3.7,0.0,0.0,1.9,11.2,0.0,16.9,11.2,18.2,0,0,26.2,1,1,13086,1,16650,12650,14956,8526,1650,2301,3944,13505,14344,13505,14058,20035,22045,16842,4444,12854,8263,3655,507,17725,10999,7123,22017,2246,150,16777,1,19:13
2024-25,1630700,Dyson Daniels,Dyson,1610612737,ATL,Atlanta Hawks,0022401229,2024-12-14T00:00:00,ATL @ MIL,L,38.02,4.7,9.5,0.5,0.0,2.8,0.0,0.9,3.8,0.25,0.9,6.6,7.6,4.7,2.8,0.9,0.9,0.0,1.9,1.9,10.4,-0.9,29.4,0,0,26.5,1,13222,1,13222,1373,15160,18001,8526,15070,17977,15070,13379,8279,13358,13675,7038,9017,8089,7062,12380,7852,8846,15722,13545,17741,13499,15183,2246,150,16534,1,38:01
2024-25,1642349,Ajay Mitchell,Ajay,1610612760,OKC,Oklahoma City Thunder,0022401230,2024-12-14T00:00:00,OKC @ HOU,W,9.083333333333334,0.0,0.0,0.0,0.0,0.0,0.0,7.9,7.9,1.0,0.0,7.9,7.9,4.0,0.0,0.0,0.0,0.0,4.0,4.0,7.9,31.7,23.4,0,0,19.8,1,1,13086,1,22416,22635,24836,22635,15070,20945,15070,1447,2570,1,14058,4811,8410,10032,16469,12854,8263,8846,7239,6421,19977,1766,19321,2246,150,20962,1,9:05
2024-25,1641717,Cason Wallace,Cason,1610612760,OKC,Oklahoma City Thunder,0022401230,2024-12-14T00:00:00,OKC @ HOU,W,32.026666666666664,2.2,6.7,0.333,1.1,4.5,0.25,0.0,0.0,0.0,1.1,5.6,6.7,2.2,2.2,1.1,1.1,0.0,3.4,0.0,5.6,9.0,21.6,0,0,20.2,1,1,13086,1,5950,20949,21840,17395,13814,14434,11902,13505,14344,13505,12305,9264,10645,15445,9315,10833,6643,8846,9180,17725,21652,8185,20369,2246,150,20734,1,32:02
2024-25,1630598,Aaron Wiggins,Aaron,1610612760,OKC,Oklahoma City Thunder,0022401230,2024-12-14T00:00:00,OKC @ HOU,W,9.716666666666667,0.0,0.0,0.0,0.0,0.0,0.0,0.0,0.0,0.0,0.0,0.0,0.0,0.0,0.0,0.0,0.0,0.0,7.4,0.0,0.0,-7.4,0.0,0,0,0.0,1,1,13086,1,22211,22635,24836,22635,15070,20945,15070,13505,14344,13505,14058,22137,23286,19908,16469,12854,8263,8846,1705,17725,23200,16687,25228,2246,150,25259,1,9:43
2024-25,1630578,Alperen Sengun,Alperen,1610612745,HOU,Houston Rockets,0022401230,2024-12-14T00:00:00,HOU @ OKC,L,32.596666666666664,6.6,17.7,0.375,1.1,2.2,0.5,0.0,1.1,0.0,5.5,6.6,12.1,2.2,4.4,2.2,0.0,0.0,5.5,3.3,14.4,-5.5,34.5,1,0,34.2,1,13222,1,13222,5488,9867,5047,16299,13919,19147,3944,13505,14035,13505,1938,7039,3380,15594,3114,5363,8263,8846,3668,8212,13547,15844,11476,1,150,10670,1,32:36
2024-25,1627936,Alex Caruso,Alex,1610612760,OKC,Oklahoma City Thunder,0022401230,2024-12-14T00:00:00,OKC @ HOU,W,19.683333333333334,0.0,5.5,0.0,0.0,5.5,0.0,0.0,0.0,0.0,0.0,3.7,3.7,3.7,0.0,1.8,0.0,0.0,5.5,0.0,0.0,29.3,15.4,0,0,11.0,1,1,13086,1,16273,22635,23102,22635,15070,11984,15070,13505,14344,13505,14058,14763,18183,10915,16469,7119,8263,8846,3719,17725,23200,2071,23070,2246,150,24223,1,19:41
2024-25,1641708,Amen Thompson,Amen,1610612745,HOU,Houston Rockets,0022401230,2024-12-14T00:00:00,HOU @ OKC,L,29.683333333333334,10.9,18.2,0.6,0.0,1.2,0.0,1.2,3.6,0.333,4.9,3.6,8.5,1.2,4.9,3.6,0.0,1.2,3.6,2.4,23.0,-17.0,41.1,0,0,40.0,1,13222,1,13222,8057,2336,4467,5394,15070,20607,15070,12547,8609,13132,2505,14823,7484,18975,2522,2049,8263,6167,8298,11244,5455,20613,7109,2246,150,6766,1,29:41
2024-25,1628988,Aaron Holiday,Aaron,1610612745,HOU,Houston Rockets,0022401230,2024-12-14T00:00:00,HOU @ OKC,L,5.45,0.0,6.6,0.0,0.0,6.6,0.0,0.0,0.0,0.0,0.0,0.0,0.0,0.0,0.0,0.0,0.0,0.0,13.2,0.0,0.0,-6.6,0.0,0,0,0.0,1,13222,1,13222,23808,22635,22006,22635,15070,9302,15070,13505,14344,13505,14058,22137,23286,19908,16469,12854,8263,8846,325,17725,23200,16338,25228,2246,150,25259,1,5:27
2024-25,1628415,Dillon Brooks,Dillon,1610612745,HOU,Houston Rockets,0022401230,2024-12-14T00:00:00,HOU @ OKC,L,33.18333333333333,5.4,18.4,0.294,4.3,14.1,0.308,0.0,0.0,0.0,2.2,3.3,5.4,2.2,0.0,0.0,0.0,0.0,5.4,1.1,15.2,-5.4,25.0,0,0,27.1,1,13222,1,13222,4996,13204,4263,19598,3330,900,11292,13505,14344,13505,7687,15924,13748,15729,16469,12854,8263,8846,3811,16979,12722,15795,18327,2246,150,16071,1,33:11
2024-25,1630224,Jalen Green,Jalen,1610612745,HOU,Houston Rockets,0022401230,2024-12-14T00:00:00,HOU @ OKC,L,34.11666666666667,5.3,14.8,0.357,1.1,8.4,0.125,1.1,1.1,1.0,0.0,3.2,3.2,2.1,3.2,0.0,1.1,1.1,2.1,4.2,12.7,-16.9,19.6,0,0,21.1,1,13222,1,13222,4155,13610,8947,17140,14219,5680,14886,13064,14124,1,14058,16212,19322,15965,5923,12854,7096,7448,14564,5791,15433,20578,21355,2246,150,20216,1,34:07
2024-25,1628392,Isaiah Hartenstein,Isaiah,1610612760,OKC,Oklahoma City Thunder,0022401230,2024-12-14T00:00:00,OKC @ HOU,W,33.29666666666667,9.7,13.0,0.75,0.0,0.0,0.0,3.2,4.3,0.75,1.1,7.6,8.6,2.2,4.3,0.0,1.1,0.0,4.3,2.2,22.7,7.6,35.2,0,0,35.7,1,1,13086,1,4905,3560,11908,2107,15070,20945,15070,7220,7159,8186,12628,5382,7228,15755,3263,12854,6914,8846,6205,12333,5701,8854,10904,2246,150,9601,1,33:18
2024-25,203992,Bogdan Bogdanović,Bogdan,1610612737,ATL,Atlanta Hawks,0022401229,2024-12-14T00:00:00,ATL @ MIL,L,23.596666666666668,6.1,10.7,0.571,3.1,4.6,0.667,0.0,0.0,0.0,0.0,1.5,1.5,1.5,0.0,0.0,0.0,1.5,3.1,4.6,15.3,-1.5,19.4,0,0,21.4,1,13222,1,13222,13236,11216,15929,6538,6344,14246,1957,13505,14344,13505,14058,20820,22540,17888,16469,12854,8263,4674,10487,4988,12649,13812,21470,2246,150,20067,1,23:36
2024-25,1629026,Kenrich Williams,Kenrich,1610612760,OKC,Oklahoma City Thunder,0022401230,2024-12-14T00:00:00,OKC @ HOU,W,10.683333333333334,10.1,13.5,0.75,3.4,6.7,0.5,0.0,0.0,0.0,0.0,3.4,3.4,0.0,3.4,0.0,0.0,0.0,10.1,0.0,23.6,-13.5,24.3,0,0,30.3,1,1,13086,1,21849,3101,11038,2107,5456,9038,3944,13505,14344,13505,14058,15597,18827,19908,5308,12854,8263,8846,681,17725,5067,19295,18765,2246,150,13686,1,10:41
2024-25,1626171,Bobby Portis,Bobby,1610612749,MIL,Milwaukee Bucks,0022401229,2024-12-14T00:00:00,MIL @ ATL,W,22.95,7.8,15.7,0.5,0.0,4.7,0.0,0.0,0.0,0.0,1.6,12.5,14.1,3.1,0.0,0.0,1.6,0.0,3.1,0.0,15.7,-7.8,42.0,0,0,36.1,1,1,13086,1,13753,6978,7562,8526,15070,13937,15070,13505,14344,13505,10049,1143,2178,12512,16469,12854,4648,8846,10142,17725,12238,16896,6594,2246,150,9313,1,22:57
2024-25,203991,Clint Capela,Clint,1610612737,ATL,Atlanta Hawks,0022401229,2024-12-14T00:00:00,ATL @ MIL,L,28.733333333333334,3.8,10.0,0.375,0.0,0.0,0.0,0.0,2.5,0.0,2.5,7.5,10.0,0.0,1.3,1.3,5.0,2.5,5.0,1.3,7.5,-13.8,37.1,0,0,30.1,1,13222,1,13222,8889,17681,17013,16299,15070,20945,15070,13505,11195,13505,6600,5465,5406,19908,14082,9784,512,2036,4577,16121,20306,19414,9640,2246,150,13895,1,28:44
2024-25,1629027,Trae Young,Trae,1610612737,ATL,Atlanta Hawks,0022401229,2024-12-14T00:00:00,ATL @ MIL,L,39.59166666666667,8.2,16.4,0.5,2.7,4.5,0.6,12.7,15.5,0.824,1.8,4.5,6.4,9.1,4.5,0.0,0.9,0.0,3.6,10.0,31.8,-3.6,51.3,1,0,51.8,1,13222,1,13222,689,6241,6591,8526,7456,14333,2992,280,319,7649,9174,12137,11477,1946,2931,12854,8049,8846,8301,419,1568,14867,2903,1,150,2076,1,39:36
2024-25,1628983,Shai Gilgeous-Alexander,Shai,1610612760,OKC,Oklahoma City Thunder,0022401230,2024-12-14T00:00:00,OKC @ HOU,W,37.61666666666667,7.7,20.1,0.381,1.9,5.7,0.333,13.4,14.4,0.933,0.0,7.7,7.7,5.7,1.0,4.8,1.0,1.0,2.9,9.6,30.6,15.3,64.7,0,0,57.4,1,1,13086,1,1622,7368,2892,16250,10571,11355,9209,243,407,6716,14058,5229,8864,5965,16106,1032,7767,8283,11307,505,1884,5500,720,2246,150,1113,1,37:37
2024-25,203500,Steven Adams,Steven,1610612745,HOU,Houston Rockets,0022401230,2024-12-14T00:00:00,HOU @ OKC,L,6.32,5.7,11.4,0.5,0.0,0.0,0.0,11.4,22.8,0.5,17.1,17.1,34.2,0.0,5.7,0.0,0.0,0.0,0.0,17.1,22.8,-5.7,58.1,0,0,57.0,1,13222,1,13222,23449,12429,14674,8526,15070,20945,15070,423,103,10625,93,327,56,19908,1640,12854,8263,8846,20257,70,5640,15915,1460,2246,150,1167,1,6:19
2024-25,203507,Giannis Antetokounmpo,Giannis,1610612749,MIL,Milwaukee Bucks,0022401229,2024-12-14T00:00:00,MIL @ ATL,W,37.87833333333333,9.5,14.3,0.667,0.0,0.0,0.0,11.4,17.1,0.667,1.0,12.4,13.3,8.6,1.0,1.0,3.8,2.9,1.0,10.5,30.4,2.9,72.5,1,0,61.8,1,1,13086,1,1459,3876,9761,3281,15070,20945,15070,421,222,9425,13645,1205,2601,2380,16147,12345,1028,1531,19969,342,1948,11196,358,1,150,664,1,37:53
2024-25,1627752,Taurean Prince,Taurean,1610612749,MIL,Milwaukee Bucks,0022401229,2024-12-14T00:00:00,MIL @ ATL,W,20.066666666666666,3.6,14.4,0.25,3.6,12.6,0.286,0.0,0.0,0.0,1.8,3.6,5.4,0.0,3.6,1.8,0.0,0.0,3.6,0.0,10.8,10.8,19.0,0,0,23.3,1,1,13086,1,15970,18107,9607,20233,4944,1499,11433,13505,14344,13505,9258,14955,13852,19908,4800,7281,8263,8846,8462,17725,17402,7336,21634,2246,150,18787,1,20:04
2024-25,1630249,Vít Krejčí,Vít,1610612737,ATL,Atlanta Hawks,0022401229,2024-12-14T00:00:00,ATL @ MIL,L,4.958333333333333,0.0,0.0,0.0,0.0,0.0,0.0,0.0,0.0,0.0,0.0,0.0,0.0,0.0,0.0,0.0,0.0,0.0,14.5,0.0,0.0,-21.8,0.0,0,0,0.0,1,13222,1,13222,24008,22635,24836,22635,15070,20945,15070,13505,14344,13505,14058,22137,23286,19908,16469,12854,8263,8846,268,17725,23200,22021,25228,2246,150,25259,1,4:58
2024-25,1627832,Fred VanVleet,Fred,1610612745,HOU,Houston Rockets,0022401230,2024-12-14T00:00:00,HOU @ OKC,L,41.7,2.6,12.9,0.2,0.9,9.5,0.091,0.9,2.6,0.333,1.7,6.0,7.8,6.0,0.9,0.9,0.0,0.9,1.7,2.6,6.9,-5.2,27.0,0,0,23.3,1,13222,1,13222,285,20288,11941,21401,15019,4114,15062,13478,10997,13132,9482,8242,8672,5408,16407,12767,8263,8748,16440,10672,20788,15686,16924,2246,150,18794,1,41:42
2024-25,1642258,Zaccharie Risacher,Zaccharie,1610612737,ATL,Atlanta Hawks,0022401229,2024-12-14T00:00:00,ATL @ MIL,L,16.833333333333332,2.1,6.4,0.333,0.0,2.1,0.0,0.0,0.0,0.0,0.0,0.0,0.0,0.0,2.1,0.0,0.0,0.0,2.1,2.1,4.3,-19.2,2.1,0,0,4.3,1,13222,1,13222,18364,21164,22183,17395,15070,19293,15070,13505,14344,13505,14058,22137,23286,19908,9787,12854,8263,8846,14413,12443,22419,21327,25153,2246,150,25171,1,16:50
2024-25,1629018,Gary Trent Jr.,Gary,1610612749,MIL,Milwaukee Bucks,0022401229,2024-12-14T00:00:00,MIL @ ATL,W,21.871666666666666,0.0,8.2,0.0,0.0,6.6,0.0,1.6,3.3,0.5,0.0,1.6,1.6,0.0,0.0,0.0,0.0,0.0,3.3,1.6,1.6,13.2,3.6,0,0,3.3,1,1,13086,1,14596,22635,19899,22635,15070,9357,15070,11517,9332,10625,14058,20577,22372,19908,16469,12854,8263,8846,9488,14472,23176,6315,25101,2246,150,25218,1,21:52
2024-25,203114,Khris Middleton,Khris,1610612749,MIL,Milwaukee Bucks,0022401229,2024-12-14T00:00:00,MIL @ ATL,W,22.045,3.3,11.4,0.286,1.6,8.2,0.2,1.6,3.3,0.5,0.0,4.9,4.9,6.5,4.9,1.6,1.6,1.6,8.2,3.3,9.8,-8.2,30.4,0,0,29.4,1,1,13086,1,14469,18843,14606,19630,11584,6151,13429,11538,9391,10625,14058,11160,15063,4659,2466,7876,4472,4355,1295,8366,18356,17044,14518,2246,150,14417,1,22:03
2024-25,1630198,Isaiah Joe,Isaiah,1610612760,OKC,Oklahoma City Thunder,0022401230,2024-12-14T00:00:00,OKC @ HOU,W,17.94333333333333,2.0,6.0,0.333,0.0,2.0,0.0,6.0,6.0,1.0,0.0,4.0,4.0,0.0,2.0,2.0,2.0,0.0,0.0,8.0,10.0,12.0,24.9,0,0,22.1,1,1,13086,1,17605,21399,22577,17395,15070,19547,15070,2835,4445,1,14058,13684,17288,19908,10492,6226,3471,8846,20257,1002,18129,6779,18370,2246,150,19640,1,17:57
2024-25,1631114,Jalen Williams,Jalen,1610612760,OKC,Oklahoma City Thunder,0022401230,2024-12-14T00:00:00,OKC @ HOU,W,38.68333333333333,7.4,18.6,0.4,1.9,4.7,0.4,1.9,1.9,1.0,0.0,4.7,4.7,4.7,2.8,0.9,0.0,0.9,1.9,2.8,18.6,9.3,31.2,0,0,31.6,1,1,13086,1,1018,7904,4106,14933,10821,14072,7874,11086,13089,1,14058,11846,15692,8299,7250,12505,8263,8489,15883,9991,9199,8045,13924,2246,150,12678,1,38:41
2024-25,1641748,Andre Jackson Jr.,Andre,1610612749,MIL,Milwaukee Bucks,0022401229,2024-12-14T00:00:00,MIL @ ATL,W,25.366666666666667,2.8,5.7,0.5,1.4,1.4,1.0,0.0,0.0,0.0,4.3,5.7,9.9,5.7,1.4,2.8,0.0,0.0,5.7,1.4,7.1,1.4,34.6,0,0,29.8,1,1,13086,1,11682,19792,22923,8526,12373,20360,1,13505,14344,13505,3238,9100,5507,6084,13175,3579,8263,8846,3431,15374,20639,11910,11349,2246,150,14097,1,25:22
2024-25,1630168,Onyeka Okongwu,Onyeka,1610612737,ATL,Atlanta Hawks,0022401229,2024-12-14T00:00:00,ATL @ MIL,L,19.266666666666666,3.7,9.3,0.4,3.7,3.7,1.0,3.7,3.7,1.0,0.0,5.6,5.6,0.0,0.0,0.0,0.0,1.9,0.0,1.9,14.9,5.6,21.7,0,0,24.3,1,13222,1,13222,16614,17738,18210,14933,4604,16127,1,6208,8398,1,14058,9293,13279,19908,16469,12854,8263,3674,20257,13648,12955,9792,20332,2246,150,18142,1,19:16
2024-25,1627739,Kris Dunn,Kris,1610612746,LAC,LA Clippers,0022401213,2024-12-13T00:00:00,LAC @ DEN,L,20.588333333333335,5.2,10.5,0.5,1.7,7.0,0.25,0.0,0.0,0.0,0.0,1.7,1.7,1.7,0.0,7.0,0.0,0.0,1.7,1.7,12.2,15.7,37.9,0,0,31.5,1,13222,1,13222,15575,13682,16232,8526,11259,8477,11902,13505,14344,13505,14058,20355,22231,17236,16469,298,8263,8846,16376,14121,15883,5344,9054,2246,150,12795,1,20:35
2024-25,1631101,Shaedon Sharpe,Shaedon,1610612757,POR,Portland Trail Blazers,0022401215,2024-12-13T00:00:00,POR vs. SAS,L,32.74333333333333,5.5,11.0,0.5,1.1,4.4,0.25,0.0,0.0,0.0,0.0,4.4,4.4,2.2,2.2,0.0,1.1,0.0,2.2,0.0,12.1,6.6,21.8,0,0,22.0,1,13222,1,13222,5373,12979,15362,8526,13946,14687,11902,13505,14344,13505,14058,12534,16296,15627,9510,12854,6791,8846,14100,17725,16041,9337,20280,2246,150,19685,1,32:45
2024-25,1629660,Ty Jerome,Ty,1610612739,CLE,Cleveland Cavaliers,0022401208,2024-12-13T00:00:00,CLE vs. WAS,W,10.2,3.5,10.6,0.333,0.0,3.5,0.0,0.0,0.0,0.0,0.0,0.0,0.0,3.5,3.5,10.6,0.0,0.0,3.5,0.0,7.1,-7.1,40.6,0,0,31.8,1,1,13086,1,22028,18251,16057,17395,15070,16590,15070,13505,14344,13505,14058,22137,23286,11309,4954,108,8263,8846,8666,17725,20676,16535,7402,2246,150,12561,1,10:12
2024-25,1626162,Kelly Oubre Jr.,Kelly,1610612755,PHI,Philadelphia 76ers,0022401209,2024-12-13T00:00:00,PHI vs. IND,L,34.03333333333333,6.3,13.8,0.462,0.0,3.2,0.0,0.0,0.0,0.0,4.2,9.5,13.8,3.2,1.1,0.0,0.0,0.0,2.1,1.1,12.7,-12.7,32.9,1,0,29.6,1,13222,1,13222,4225,10571,10569,12428,15070,17322,15070,13505,14344,13505,3270,2987,2363,12411,15441,12854,8263,8846,14539,17136,15398,19010,12660,1,150,14236,1,34:02
2024-25,1641716,Jarace Walker,Jarace,1610612754,IND,Indiana Pacers,0022401209,2024-12-13T00:00:00,IND @ PHI,W,14.816666666666666,2.4,7.3,0.333,2.4,7.3,0.333,0.0,0.0,0.0,0.0,4.9,4.9,0.0,2.4,0.0,0.0,0.0,7.3,2.4,7.3,-41.3,10.7,0,0,14.6,1,1,13086,1,19696,20591,21223,17395,8372,7842,9209,13505,14344,13505,14058,11257,15160,19908,8529,12854,8263,8846,1778,11226,20492,24929,24302,2246,150,23226,1,14:49
2024-25,203935,Marcus Smart,Marcus,1610612763,MEM,Memphis Grizzlies,0022401211,2024-12-13T00:00:00,MEM vs. BKN,W,23.416666666666668,3.1,6.1,0.5,1.5,3.1,0.5,0.0,0.0,0.0,0.0,1.5,1.5,4.6,1.5,0.0,0.0,0.0,1.5,1.5,7.7,-6.1,14.9,0,0,15.4,1,1,13086,1,13374,19262,22473,8526,11904,17498,3944,13505,14344,13505,14058,20800,22526,8385,12589,12854,8263,8846,17091,14845,20170,16131,23206,2246,150,22926,1,23:25
2024-25,1626181,Norman Powell,Norman,1610612746,LAC,LA Clippers,0022401213,2024-12-13T00:00:00,LAC @ DEN,L,29.97833333333333,7.2,16.8,0.429,3.6,12.0,0.3,1.2,2.4,0.5,0.0,3.6,3.6,4.8,1.2,0.0,0.0,0.0,3.6,1.2,19.2,-8.4,29.5,0,0,31.2,1,13222,1,13222,7809,8442,6025,13735,4922,1778,11319,12584,11485,10625,14058,14922,18320,7912,14437,12854,8263,8846,8420,16402,8642,17143,15114,2246,150,12979,1,29:59
2024-25,1630551,Justin Champagnie,Justin,1610612764,WAS,Washington Wizards,0022401208,2024-12-13T00:00:00,WAS @ CLE,L,36.06166666666667,7.0,13.0,0.538,2.0,7.0,0.286,0.0,2.0,0.0,2.0,6.0,8.0,1.0,0.0,1.0,1.0,0.0,3.0,2.0,16.0,1.0,33.0,0,0,30.9,1,13222,1,13222,2639,8964,11900,7978,10181,8488,11433,13505,12734,13505,8402,8353,8291,19681,16469,11977,7487,8846,10761,13096,11948,12157,12562,2246,150,13205,1,36:04
2024-25,1642261,Dalton Knecht,Dalton,1610612747,LAL,Los Angeles Lakers,0022401210,2024-12-13T00:00:00,LAL @ MIN,L,18.546666666666667,3.9,9.7,0.4,0.0,5.8,0.0,3.9,7.8,0.5,3.9,13.6,17.5,1.9,1.9,0.0,0.0,0.0,1.9,1.9,11.6,-13.6,33.6,0,0,31.1,1,13222,1,13222,17160,17375,17567,14933,15070,11146,15070,5907,2697,10625,3757,849,1021,16601,10843,12854,8263,8846,15455,13356,16525,19338,12128,2246,150,13115,1,18:33
2024-25,1631103,Malaki Branham,Malaki,1610612759,SAS,San Antonio Spurs,0022401215,2024-12-13T00:00:00,SAS @ POR,W,15.033333333333333,2.4,9.6,0.25,0.0,4.8,0.0,0.0,0.0,0.0,0.0,2.4,2.4,7.2,4.8,0.0,0.0,0.0,2.4,4.8,4.8,-50.3,13.6,0,0,14.4,1,1,13086,1,19532,20676,17811,20233,15070,13731,15070,13505,14344,13505,14058,18501,21017,3784,2596,12854,8263,8846,13233,4521,22136,25408,23589,2246,150,23300,1,15:02
2024-25,1626167,Myles Turner,Myles,1610612754,IND,Indiana Pacers,0022401209,2024-12-13T00:00:00,IND @ PHI,W,25.166666666666668,4.3,11.4,0.375,0.0,4.3,0.0,1.4,2.9,0.5,1.4,7.2,8.6,2.9,1.4,0.0,1.4,1.4,7.2,2.9,10.0,24.3,27.5,0,0,24.3,1,1,13086,1,11859,16345,14585,16299,15070,14936,15070,11949,10328,10625,10620,6096,7341,13410,13103,12854,5115,5059,1859,9723,18151,2960,16617,2246,150,18126,1,25:10
2024-25,1630553,Keon Johnson,Keon,1610612751,BKN,Brooklyn Nets,0022401211,2024-12-13T00:00:00,BKN @ MEM,L,22.8,6.3,14.2,0.444,4.7,9.5,0.5,1.6,1.6,1.0,0.0,3.2,3.2,1.6,1.6,0.0,1.6,3.2,4.7,1.6,18.9,-20.5,28.3,0,0,31.6,1,13222,1,13222,13875,10659,9818,13045,2667,4145,3944,11631,13412,1,14058,16231,19349,17713,12425,12854,4607,1187,5197,14696,8912,21708,16027,2246,150,12716,1,22:48
2024-25,1628964,Mo Bamba,Mo,1610612746,LAC,LA Clippers,0022401213,2024-12-13T00:00:00,LAC @ DEN,L,9.766666666666667,3.7,11.1,0.333,0.0,3.7,0.0,0.0,0.0,0.0,0.0,7.4,7.4,0.0,0.0,3.7,0.0,0.0,7.4,0.0,7.4,-36.9,27.3,0,0,22.1,1,13222,1,13222,22187,17872,15265,17395,15070,16249,15070,13505,14344,13505,14058,5716,9424,19908,16469,1987,8263,8846,1729,17725,20429,24604,16763,2246,150,19608,1,9:46
2024-25,1627777,Georges Niang,Georges,1610612739,CLE,Cleveland Cavaliers,0022401208,2024-12-13T00:00:00,CLE vs. WAS,W,22.166666666666668,6.5,13.0,0.5,3.2,8.1,0.4,0.0,0.0,0.0,3.2,4.9,8.1,1.6,0.0,0.0,0.0,0.0,3.2,0.0,16.2,8.1,28.4,0,0,29.2,1,1,13086,1,14372,10197,11866,8526,5815,6239,7874,13505,14344,13505,4844,11233,8052,17586,16469,12854,8263,8846,9653,17725,11667,8571,15925,2246,150,14524,1,22:10
2024-25,1628960,Grayson Allen,Grayson,1610612756,PHX,Phoenix Suns,0022401214,2024-12-13T00:00:00,PHX @ UTA,W,24.616666666666667,4.4,11.7,0.375,2.9,7.3,0.4,0.0,0.0,0.0,1.5,4.4,5.8,2.9,0.0,2.9,0.0,0.0,1.5,2.9,11.7,7.3,31.9,0,0,29.2,1,1,13086,1,12359,16104,14116,16299,6779,7795,7874,13505,14344,13505,10475,12560,12635,13185,16469,3333,8263,8846,17383,9506,16452,8978,13416,2246,150,14511,1,24:37
2024-25,202685,Jonas Valančiūnas,Jonas,1610612764,WAS,Washington Wizards,0022401208,2024-12-13T00:00:00,WAS @ CLE,L,16.921666666666667,6.4,12.8,0.5,0.0,0.0,0.0,4.3,4.3,1.0,0.0,8.5,8.5,4.3,6.4,0.0,0.0,0.0,6.4,6.4,17.0,-10.6,27.2,0,0,29.8,1,13222,1,13222,18303,10490,12277,8526,15070,20945,15070,5247,7305,1,14058,4045,7454,9240,1187,12854,8263,8846,2512,2202,10825,18157,16803,2246,150,14112,1,16:55
2024-25,203497,Rudy Gobert,Rudy,1610612750,MIN,Minnesota Timberwolves,0022401210,2024-12-13T00:00:00,MIN vs. LAL,W,37.806666666666665,4.8,7.6,0.625,0.0,0.0,0.0,1.9,3.8,0.5,4.8,7.6,12.4,1.9,0.0,1.0,1.0,0.0,1.0,3.8,11.4,2.9,34.9,1,0,29.5,1,1,13086,1,1506,15082,20764,4899,15070,20945,15070,10930,8226,10625,2607,5292,3211,16736,16469,12335,7811,8846,19958,6826,16758,11190,11157,1,150,14312,1,37:48
2024-25,1630538,Bones Hyland,Bones,1610612746,LAC,LA Clippers,0022401213,2024-12-13T00:00:00,LAC @ DEN,L,21.066666666666666,6.8,13.7,0.5,5.1,10.3,0.5,3.4,5.1,0.667,0.0,0.0,0.0,1.7,5.1,1.7,3.4,0.0,3.4,1.7,22.2,-23.9,35.0,0,0,39.3,1,13222,1,13222,15243,9329,10690,8526,2131,3209,3944,6855,5717,9425,14058,22137,23286,17341,2200,7576,1287,8846,9014,14238,6069,22551,11033,2246,150,7195,1,21:04
2024-25,1631117,Walker Kessler,Walker,1610612762,UTA,Utah Jazz,0022401214,2024-12-13T00:00:00,UTA vs. PHX,L,33.53333333333333,7.5,11.8,0.636,2.1,2.1,1.0,1.1,2.1,0.5,2.1,3.2,5.4,3.2,1.1,0.0,1.1,2.1,1.1,3.2,18.3,-14.0,31.7,0,0,31.1,1,13222,1,13222,4698,7734,13921,4689,9472,19276,1,12988,12267,10625,7766,16016,13882,12226,15311,12854,6955,2772,19251,8485,9576,19488,13569,2246,150,13052,1,33:32
2024-25,1642259,Alex Sarr,Alex,1610612764,WAS,Washington Wizards,0022401208,2024-12-13T00:00:00,WAS @ CLE,L,26.516666666666666,8.1,13.6,0.6,2.7,5.4,0.5,0.0,0.0,0.0,2.7,6.8,9.5,2.7,1.4,1.4,1.4,1.4,5.4,0.0,19.0,-2.7,41.3,0,0,39.4,1,13222,1,13222,10712,6320,10872,5394,7493,12137,3944,13505,14344,13505,6059,6723,6059,13861,13530,9149,5416,5367,3799,17725,8853,14414,7008,2246,150,7150,1,26:31
2024-25,1628998,Cody Martin,Cody,1610612766,CHA,Charlotte Hornets,0022401212,2024-12-13T00:00:00,CHA @ CHI,L,25.116666666666667,2.9,10.0,0.286,1.4,7.2,0.2,0.0,0.0,0.0,1.4,1.4,2.9,0.0,1.4,1.4,0.0,0.0,2.9,0.0,7.2,-4.3,13.5,0,0,14.3,1,13222,1,13222,11895,19739,16989,19630,12320,8111,13429,13505,14344,13505,10604,21019,20077,19908,13089,8739,8263,8846,11331,17725,20581,15222,23641,2246,150,23313,1,25:07
2024-25,203994,Jusuf Nurkić,Jusuf,1610612756,PHX,Phoenix Suns,0022401214,2024-12-13T00:00:00,PHX @ UTA,W,31.35,6.9,8.0,0.857,0.0,1.1,0.0,0.0,0.0,0.0,1.1,6.9,8.0,0.0,2.3,1.1,3.4,0.0,3.4,0.0,13.8,6.9,34.9,0,0,31.0,1,1,13086,1,6549,9190,20195,1412,15070,20682,15070,13505,14344,13505,12122,6553,8202,19908,9089,10595,1270,8846,8914,17725,14193,9189,11120,2246,150,13156,1,31:21
2024-25,201587,Nicolas Batum,Nicolas,1610612746,LAC,LA Clippers,0022401213,2024-12-13T00:00:00,LAC @ DEN,L,22.2,3.2,4.9,0.667,3.2,4.9,0.667,0.0,0.0,0.0,0.0,1.6,1.6,0.0,1.6,4.9,0.0,0.0,6.5,1.6,9.7,-8.1,24.6,0,0,24.3,1,13222,1,13222,14344,18907,23561,3281,5838,13516,1957,13505,14344,13505,14058,20629,22410,19908,12246,985,8263,8846,2411,14554,18415,17021,18525,2246,150,18122,1,22:12
2024-25,1626220,Royce O'Neale,Royce,1610612756,PHX,Phoenix Suns,0022401214,2024-12-13T00:00:00,PHX @ UTA,W,28.366666666666667,7.6,14.0,0.545,6.3,11.4,0.556,0.0,0.0,0.0,0.0,5.1,5.1,6.3,0.0,0.0,0.0,1.3,2.5,1.3,21.6,10.2,37.2,0,0,39.3,1,1,13086,1,9243,7470,10229,7695,1090,2156,3747,13505,14344,13505,14058,10646,14588,4942,16469,12854,8263,5816,12640,16036,6572,7617,9547,2246,150,7166,1,28:22
2024-25,1630572,Sandro Mamukelashvili,Sandro,1610612759,SAS,San Antonio Spurs,0022401215,2024-12-13T00:00:00,SAS @ POR,W,12.75,0.0,2.8,0.0,0.0,0.0,0.0,0.0,0.0,0.0,5.6,8.5,14.1,0.0,0.0,0.0,0.0,0.0,0.0,0.0,0.0,-42.4,16.9,0,0,14.1,1,1,13086,1,20863,22635,24550,22635,15070,20945,15070,13505,14344,13505,1845,4082,2178,19908,16469,12854,8263,8846,20257,17725,23200,25003,22512,2246,150,23391,1,12:45
2024-25,1631104,Blake Wesley,Blake,1610612759,SAS,San Antonio Spurs,0022401215,2024-12-13T00:00:00,SAS @ POR,W,25.366666666666667,4.3,7.1,0.6,0.0,0.0,0.0,2.8,2.8,1.0,1.4,1.4,2.8,11.4,1.4,1.4,1.4,2.8,1.4,4.3,11.4,27.0,38.9,0,0,31.2,1,1,13086,1,11682,16444,21446,5394,15070,20945,15070,8244,10397,1,10668,21039,20152,884,13175,8804,5152,1547,17543,5709,16841,2434,8487,2246,150,12980,1,25:22
2024-25,1631124,Julian Strawther,Julian,1610612743,DEN,Denver Nuggets,0022401213,2024-12-13T00:00:00,DEN vs. LAC,W,25.55,4.2,8.5,0.5,0.0,2.8,0.0,8.5,9.9,0.857,0.0,5.6,5.6,2.8,1.4,0.0,0.0,0.0,1.4,4.2,16.9,9.9,26.5,0,0,25.4,1,1,13086,1,11534,16522,19565,8526,15070,18028,15070,1207,1424,7071,14058,9206,13192,13528,13230,12854,8263,8846,17587,5768,10951,7757,17296,2246,150,17379,1,25:33
2024-25,1630577,Julian Champagnie,Julian,1610612759,SAS,San Antonio Spurs,0022401215,2024-12-13T00:00:00,SAS @ POR,W,30.85,8.2,16.3,0.5,5.8,11.7,0.5,0.0,1.2,0.0,0.0,5.8,5.8,1.2,1.2,0.0,1.2,1.2,2.3,1.2,22.2,9.3,33.3,0,0,37.3,1,1,13086,1,6992,6268,6630,8526,1448,1990,3944,13505,13941,13505,14058,8714,12696,19131,14681,12854,6384,6503,13509,16565,6088,8029,12385,2246,150,8478,1,30:51
2024-25,1630171,Isaac Okoro,Isaac,1610612739,CLE,Cleveland Cavaliers,0022401208,2024-12-13T00:00:00,CLE vs. WAS,W,24.666666666666668,5.8,11.7,0.5,4.4,5.8,0.75,2.9,2.9,1.0,1.5,1.5,2.9,1.5,2.9,1.5,1.5,2.9,2.9,2.9,19.0,23.4,30.5,0,0,33.6,1,1,13086,1,12303,11992,14159,8526,3268,11108,1542,8037,10176,1,10490,20964,19944,18139,6771,8582,4999,1428,11095,9526,8884,3177,14427,2246,150,11188,1,24:40
2024-25,203999,Nikola Jokić,Nikola,1610612743,DEN,Denver Nuggets,0022401213,2024-12-13T00:00:00,DEN vs. LAC,W,29.95,7.2,10.8,0.667,2.4,2.4,1.0,2.4,4.8,0.5,0.0,8.4,8.4,2.4,6.0,2.4,0.0,1.2,2.4,2.4,19.2,16.8,34.1,0,0,37.3,1,1,13086,1,7825,8422,15669,3281,8476,18799,1,9324,6289,10625,14058,4146,7600,14866,1374,4686,8263,6244,13188,11335,8624,4963,11699,2246,150,8535,1,29:57
2024-25,1630549,Day'Ron Sharpe,Day'Ron,1610612751,BKN,Brooklyn Nets,0022401211,2024-12-13T00:00:00,BKN @ MEM,L,17.35,10.4,18.7,0.556,0.0,8.3,0.0,4.1,4.1,1.0,2.1,4.1,6.2,2.1,2.1,0.0,0.0,0.0,0.0,2.1,24.9,-10.4,33.4,0,0,33.2,1,13222,1,13222,18042,2844,4047,7248,15070,5914,15070,5440,7522,1,8055,13270,11772,16095,10129,12854,8263,8846,20257,12737,4257,18059,12260,2246,150,11500,1,17:21
2024-25,1630178,Tyrese Maxey,Tyrese,1610612755,PHI,Philadelphia 76ers,0022401209,2024-12-13T00:00:00,PHI vs. IND,L,36.733333333333334,6.9,14.7,0.467,2.9,4.9,0.6,4.9,6.9,0.714,0.0,2.9,2.9,2.0,5.9,1.0,1.0,0.0,2.9,2.9,21.6,-20.6,28.0,0,0,33.3,1,13222,1,13222,2168,9272,9054,12249,6725,13440,2992,4193,3511,9244,14058,16935,19887,16517,1478,12126,7619,8846,10984,9462,6587,21722,16211,2246,150,11387,1,36:44
2024-25,201935,James Harden,James,1610612746,LAC,LA Clippers,0022401213,2024-12-13T00:00:00,LAC @ DEN,L,31.5,6.9,16.0,0.429,2.3,6.9,0.333,1.1,2.3,0.5,0.0,5.7,5.7,6.9,10.3,2.3,0.0,1.1,1.1,3.4,17.1,-18.3,30.9,0,0,36.6,1,13222,1,13222,6410,9273,7106,13735,8904,8760,9209,12777,11827,10625,14058,9007,12975,4199,306,5092,8263,6698,18851,7870,10684,21015,14155,2246,150,9002,1,31:30
2024-25,201566,Russell Westbrook,Russell,1610612743,DEN,Denver Nuggets,0022401213,2024-12-13T00:00:00,DEN vs. LAC,W,24.3,3.0,13.3,0.222,0.0,4.4,0.0,1.5,3.0,0.5,0.0,1.5,1.5,7.4,5.9,4.4,0.0,0.0,3.0,1.5,7.4,31.1,27.7,0,0,25.2,1,1,13086,1,12648,19502,11241,21205,15070,14579,15070,11825,10059,10625,14058,20912,22591,3503,1431,1265,8263,8846,10888,15077,20400,1819,16422,2246,150,17528,1,24:18
2024-25,1641729,Brice Sensabaugh,Brice,1610612762,UTA,Utah Jazz,0022401214,2024-12-13T00:00:00,UTA vs. PHX,L,12.666666666666666,8.5,11.4,0.75,8.5,11.4,0.75,0.0,0.0,0.0,0.0,2.8,2.8,0.0,2.8,0.0,0.0,0.0,2.8,0.0,25.6,-8.5,26.1,0,0,36.9,1,13222,1,13222,20909,5565,14711,2107,366,2197,1542,13505,14344,13505,14058,17264,20140,19908,7049,12854,8263,8846,11449,17725,3887,17197,17520,2246,150,8761,1,12:40
2024-25,1627783,Pascal Siakam,Pascal,1610612754,IND,Indiana Pacers,0022401209,2024-12-13T00:00:00,IND @ PHI,W,30.566666666666666,10.6,13.0,0.818,2.4,2.4,1.0,3.5,5.9,0.6,1.2,8.2,9.4,3.5,2.4,1.2,1.2,0.0,2.4,4.7,27.1,22.4,48.4,0,0,47.1,1,1,13086,1,7262,2626,11935,1653,8642,18892,1,6635,4620,10343,11939,4357,6151,11293,8832,10365,6313,8846,13410,4699,3167,3388,3847,2246,150,3432,1,30:34
2024-25,1629006,Josh Okogie,Josh,1610612756,PHX,Phoenix Suns,0022401214,2024-12-13T00:00:00,PHX @ UTA,W,5.883333333333334,0.0,6.1,0.0,0.0,6.1,0.0,0.0,0.0,0.0,12.2,0.0,12.2,0.0,0.0,6.1,0.0,0.0,0.0,0.0,0.0,6.1,33.0,0,0,24.5,1,1,13086,1,23632,22635,22497,22635,15070,10394,15070,13505,14344,13505,231,22137,3318,19908,16469,442,8263,8846,20257,17725,23200,9561,12563,2246,150,18020,1,5:53
2024-25,1642402,Enrique Freeman,Enrique,1610612754,IND,Indiana Pacers,0022401209,2024-12-13T00:00:00,IND @ PHI,W,2.1333333333333333,16.9,16.9,1.0,0.0,0.0,0.0,0.0,0.0,0.0,0.0,0.0,0.0,0.0,0.0,0.0,0.0,0.0,0.0,0.0,33.8,-84.4,33.8,0,0,33.8,1,1,13086,1,25401,284,5941,1,15070,20945,15070,13505,14344,13505,14058,22137,23286,19908,16469,12854,8263,8846,20257,17725,1175,26044,12008,2246,150,11030,1,2:08
2024-25,1631128,Christian Braun,Christian,1610612743,DEN,Denver Nuggets,0022401213,2024-12-13T00:00:00,DEN vs. LAC,W,23.595,6.1,12.2,0.5,0.0,6.1,0.0,0.0,0.0,0.0,1.5,3.1,4.6,1.5,0.0,3.1,0.0,0.0,3.1,0.0,12.2,12.2,29.1,0,0,24.4,1,1,13086,1,13238,11215,13247,8526,15070,10431,15070,13505,14344,13505,10209,16550,15868,17887,16469,3049,8263,8846,10486,17725,15915,6708,15399,2246,150,18069,1,23:36
2024-25,1631245,Quenton Jackson,Quenton,1610612754,IND,Indiana Pacers,0022401209,2024-12-13T00:00:00,IND @ PHI,W,2.1333333333333333,16.9,33.8,0.5,0.0,16.9,0.0,0.0,0.0,0.0,0.0,0.0,0.0,0.0,0.0,0.0,0.0,0.0,16.9,0.0,33.8,-84.4,33.8,0,0,33.8,1,1,13086,1,25401,284,153,8526,15070,428,15070,13505,14344,13505,14058,22137,23286,19908,16469,12854,8263,8846,180,17725,1175,26044,12008,2246,150,11030,1,2:08
2024-25,1631132,Christian Koloko,Christian,1610612747,LAL,Los Angeles Lakers,0022401210,2024-12-13T00:00:00,LAL @ MIN,L,11.77,0.0,0.0,0.0,0.0,0.0,0.0,0.0,0.0,0.0,0.0,18.4,18.4,0.0,0.0,3.1,6.1,0.0,6.1,0.0,0.0,36.7,49.5,0,0,36.7,1,13222,1,13222,21387,22635,24836,22635,15070,20945,15070,13505,14344,13505,14058,233,816,19908,16469,3035,292,8846,2804,17725,23200,1224,3401,2246,150,8913,1,11:46
2024-25,1641718,Keyonte George,Keyonte,1610612762,UTA,Utah Jazz,0022401214,2024-12-13T00:00:00,UTA vs. PHX,L,31.116666666666667,6.9,15.0,0.462,3.5,8.1,0.429,3.5,3.5,1.0,0.0,6.9,6.9,10.4,3.5,1.2,2.3,1.2,1.2,3.5,20.8,-9.3,51.7,0,0,48.6,1,13222,1,13222,6775,9067,8543,12428,5215,6286,7394,6753,8944,1,14058,6463,10257,1238,5082,10524,2714,6576,18773,7736,7219,17553,2778,2246,150,2958,1,31:07
2024-25,1629646,Charles Bassey,Charles,1610612759,SAS,San Antonio Spurs,0022401215,2024-12-13T00:00:00,SAS @ POR,W,13.933333333333334,10.3,18.1,0.571,0.0,0.0,0.0,0.0,0.0,0.0,5.2,5.2,10.3,0.0,0.0,0.0,2.6,2.6,0.0,0.0,20.7,-2.6,40.8,0,0,36.2,1,1,13086,1,20229,2884,4573,6538,15070,20945,15070,13505,14344,13505,2223,10362,5071,19908,16469,12854,2243,1899,20257,17725,7338,14348,7267,2246,150,9243,1,13:56
2024-25,1631097,Bennedict Mathurin,Bennedict,1610612754,IND,Indiana Pacers,0022401209,2024-12-13T00:00:00,IND @ PHI,W,37.333333333333336,4.8,13.5,0.357,1.0,4.8,0.2,1.9,1.9,1.0,1.0,5.8,6.8,3.9,1.9,1.9,0.0,0.0,1.0,1.9,12.5,20.3,30.3,0,0,28.0,1,1,13086,1,1775,14881,11006,17140,14732,13642,13429,10872,12912,1,13540,8821,10634,10353,10909,6629,8263,8846,19884,13409,15558,3881,14600,2246,150,15449,1,37:20
2024-25,1642275,Tidjane Salaün,Tidjane,1610612766,CHA,Charlotte Hornets,0022401212,2024-12-13T00:00:00,CHA @ CHI,L,23.15,4.7,10.9,0.429,1.6,4.7,0.333,1.6,1.6,1.0,1.6,7.8,9.3,1.6,1.6,0.0,0.0,0.0,1.6,1.6,12.4,-18.7,24.4,0,0,24.9,1,13222,1,13222,13600,15328,15551,13735,11844,14047,9209,11679,13438,1,10101,5042,6278,17786,12525,12854,8263,8846,17018,14777,15666,21122,18675,2246,150,17772,1,23:09
2024-25,1641741,Ricky Council IV,Ricky,1610612755,PHI,Philadelphia 76ers,0022401209,2024-12-13T00:00:00,PHI vs. IND,L,21.5,6.7,20.1,0.333,0.0,1.7,0.0,10.0,15.1,0.667,6.7,8.4,15.1,3.3,1.7,1.7,1.7,1.7,1.7,8.4,23.4,16.7,54.9,0,0,48.6,1,13222,1,13222,14935,9684,2894,17395,15070,20073,15070,684,346,9425,1280,4192,1742,11813,12019,7698,4347,4208,16607,868,5170,4989,2001,2246,150,2968,1,21:30
2024-25,203486,Mason Plumlee,Mason,1610612756,PHX,Phoenix Suns,0022401214,2024-12-13T00:00:00,PHX @ UTA,W,10.35,0.0,0.0,0.0,0.0,0.0,0.0,0.0,0.0,0.0,10.4,20.9,31.3,3.5,7.0,3.5,3.5,0.0,13.9,3.5,0.0,3.5,56.7,0,0,48.7,1,1,13086,1,21984,22635,24836,22635,15070,20945,15070,13505,14344,13505,351,145,73,11456,908,2264,1245,8846,289,7718,23200,10899,1691,2246,150,2925,1,10:21
2024-25,1630215,Jared Butler,Jared,1610612764,WAS,Washington Wizards,0022401208,2024-12-13T00:00:00,WAS @ CLE,L,17.616666666666667,6.1,12.3,0.5,2.0,4.1,0.5,0.0,0.0,0.0,0.0,2.0,2.0,6.1,2.0,0.0,0.0,2.0,4.1,0.0,14.3,-4.1,23.9,0,0,24.5,1,13222,1,13222,17847,11140,13150,8526,9946,15379,3944,13505,14344,13505,14058,19519,21710,5278,10287,12854,8263,3083,6881,17725,13599,15112,19014,2246,150,17992,1,17:37
2024-25,1628963,Marvin Bagley III,Marvin,1610612764,WAS,Washington Wizards,0022401208,2024-12-13T00:00:00,WAS @ CLE,L,4.55,15.8,15.8,1.0,0.0,0.0,0.0,15.8,15.8,1.0,0.0,0.0,0.0,0.0,0.0,0.0,0.0,0.0,7.9,15.8,47.5,-23.7,47.5,0,0,47.5,1,13222,1,13222,24199,374,7381,1,15070,20945,15070,145,291,1,14058,22137,23286,19908,16469,12854,8263,8846,1399,83,198,22507,4148,2246,150,3310,1,4:33
2024-25,1628374,Lauri Markkanen,Lauri,1610612762,UTA,Utah Jazz,0022401214,2024-12-13T00:00:00,UTA vs. PHX,L,33.53333333333333,5.4,9.7,0.556,4.3,7.5,0.571,5.4,5.4,1.0,2.1,4.3,6.4,2.1,1.1,0.0,0.0,0.0,4.3,3.2,20.4,-14.0,30.3,0,0,33.3,1,13222,1,13222,4698,13351,17647,7248,3394,7367,3506,3565,5354,1,7766,12819,11299,15830,15311,12854,8263,8846,6298,8485,7581,19488,14607,2246,150,11425,1,33:32
2024-25,1628381,John Collins,John,1610612762,UTA,Utah Jazz,0022401214,2024-12-13T00:00:00,UTA vs. PHX,L,35.46666666666667,8.1,12.2,0.667,4.1,6.1,0.667,2.0,4.1,0.5,0.0,6.1,6.1,6.1,1.0,2.0,2.0,2.0,1.0,2.0,22.3,1.0,49.9,0,0,46.7,1,13222,1,13222,3102,6363,13288,3281,3867,10461,1957,10530,7713,10625,14058,8122,12071,5337,15746,6107,3397,3128,19609,12928,5984,12145,3284,2246,150,3596,1,35:28
2024-25,1631212,Peyton Watson,Peyton,1610612743,DEN,Denver Nuggets,0022401213,2024-12-13T00:00:00,DEN vs. LAC,W,26.066666666666666,6.9,8.3,0.833,1.4,2.8,0.5,4.1,5.5,0.75,2.8,4.1,6.9,0.0,0.0,2.8,0.0,0.0,0.0,2.8,19.3,12.4,35.9,0,0,33.1,1,1,13086,1,11112,9146,19815,1514,12516,18135,3944,5453,5151,8186,5942,13294,10314,19908,16469,3773,8263,8846,20257,10094,8518,6621,10426,2246,150,11533,1,26:04
2024-25,1628366,Lonzo Ball,Lonzo,1610612741,CHI,Chicago Bulls,0022401212,2024-12-13T00:00:00,CHI vs. CHA,W,19.383333333333333,3.7,9.3,0.4,1.9,7.4,0.25,9.3,9.3,1.0,1.9,11.1,13.0,7.4,1.9,1.9,1.9,0.0,1.9,3.7,18.6,22.3,54.6,0,0,48.3,1,1,13086,1,16510,17797,18287,14933,10843,7540,11902,912,1718,1,9002,1829,2807,3478,11287,6992,3912,8846,15906,7096,9244,3403,2067,2246,150,3050,1,19:23
2024-25,1641766,Adama Sanogo,Adama,1610612741,CHI,Chicago Bulls,0022401212,2024-12-13T00:00:00,CHI vs. CHA,W,7.766666666666667,4.6,9.3,0.5,0.0,0.0,0.0,0.0,0.0,0.0,13.9,4.6,18.5,0.0,0.0,0.0,0.0,0.0,0.0,0.0,9.3,9.3,31.5,0,0,27.8,1,1,13086,1,22900,15402,18302,8526,15070,20945,15070,13505,14344,13505,159,11892,785,19908,16469,12854,8263,8846,20257,17725,18835,8059,13666,2246,150,15569,1,7:46
2024-25,1629636,Darius Garland,Darius,1610612739,CLE,Cleveland Cavaliers,0022401208,2024-12-13T00:00:00,CLE vs. WAS,W,33.38333333333333,6.5,18.3,0.353,3.2,10.8,0.3,9.7,10.8,0.9,0.0,5.4,5.4,8.6,4.3,2.2,0.0,1.1,0.0,6.5,25.9,4.3,47.4,0,0,47.4,1,1,13086,1,4824,10267,4345,17268,5858,2690,11319,780,1089,6805,14058,9805,13831,2320,3290,5557,8263,7239,20257,2112,3737,10473,4158,2246,150,3326,1,33:23
2024-25,203897,Zach LaVine,Zach,1610612741,CHI,Chicago Bulls,0022401212,2024-12-13T00:00:00,CHI vs. CHA,W,33.916666666666664,4.2,11.7,0.364,1.1,4.2,0.25,4.2,5.3,0.8,0.0,4.2,4.2,3.2,5.3,3.2,0.0,2.1,2.1,3.2,13.8,18.0,27.9,0,0,28.7,1,1,13086,1,4334,16471,14158,16861,14188,15017,11902,5266,5451,7681,14058,12984,16694,12379,1995,2773,8263,2858,14508,8608,14162,4545,16289,2246,150,14956,1,33:55
2024-25,1628991,Jaren Jackson Jr.,Jaren,1610612763,MEM,Memphis Grizzlies,0022401211,2024-12-13T00:00:00,MEM vs. BKN,W,32.36666666666667,7.8,18.9,0.412,3.3,6.7,0.5,3.3,4.4,0.75,2.2,5.6,7.8,2.2,0.0,5.6,0.0,3.3,1.1,2.2,22.2,28.9,51.6,0,0,46.7,1,1,13086,1,5670,7093,3831,14791,5553,9157,3944,7035,6937,8186,7515,9387,8644,15535,16469,613,8263,1037,19034,12054,6051,2117,2803,2246,150,3587,1,32:22
2024-25,201599,DeAndre Jordan,DeAndre,1610612743,DEN,Denver Nuggets,0022401213,2024-12-13T00:00:00,DEN vs. LAC,W,14.433333333333334,5.0,5.0,1.0,0.0,0.0,0.0,0.0,0.0,0.0,2.5,20.0,22.4,5.0,0.0,2.5,2.5,0.0,2.5,0.0,10.0,20.0,59.4,0,0,47.4,1,1,13086,1,19928,14415,23471,1,15070,20945,15070,13505,14344,13505,6622,177,310,7491,16469,4394,2388,8846,12818,17725,18176,3967,1271,2246,150,3345,1,14:26
2024-25,1641730,Noah Clowney,Noah,1610612751,BKN,Brooklyn Nets,0022401211,2024-12-13T00:00:00,BKN @ MEM,L,17.8,8.1,20.2,0.4,8.1,20.2,0.4,0.0,0.0,0.0,2.0,6.1,8.1,0.0,2.0,0.0,4.0,2.0,10.1,0.0,24.3,8.1,44.1,0,0,48.5,1,13222,1,13222,17706,6440,2813,14933,437,224,7874,13505,14344,13505,8286,8181,8113,19908,10412,12854,891,3149,680,17725,4629,8586,5621,2246,150,2975,1,17:48
2024-25,1630592,Jalen Wilson,Jalen,1610612751,BKN,Brooklyn Nets,0022401211,2024-12-13T00:00:00,BKN @ MEM,L,28.783333333333335,6.3,16.3,0.385,3.8,10.0,0.375,2.5,3.8,0.667,0.0,2.5,2.5,5.0,2.5,2.5,0.0,0.0,2.5,1.3,18.8,-2.5,34.3,0,0,35.0,1,13222,1,13222,8852,10839,6738,16070,4572,3472,8800,9044,8369,9425,14058,18181,20812,7466,8240,4383,8263,8846,12790,16129,9070,14314,11608,2246,150,10081,1,28:47
2024-25,1628378,Donovan Mitchell,Donovan,1610612739,CLE,Cleveland Cavaliers,0022401208,2024-12-13T00:00:00,CLE vs. WAS,W,34.31666666666667,7.3,18.9,0.389,4.2,11.5,0.364,2.1,3.1,0.667,0.0,6.3,6.3,6.3,1.0,1.0,0.0,0.0,1.0,3.1,21.0,4.2,40.1,0,0,39.9,1,1,13086,1,3991,8138,3863,16009,3574,2074,9100,10297,9618,9425,14058,7708,11621,5032,15496,11502,8263,8846,19411,8744,7095,10546,7713,2246,150,6858,1,34:19
2024-25,203552,Seth Curry,Seth,1610612766,CHA,Charlotte Hornets,0022401212,2024-12-13T00:00:00,CHA @ CHI,L,4.633333333333334,0.0,0.0,0.0,0.0,0.0,0.0,0.0,0.0,0.0,0.0,0.0,0.0,0.0,7.8,0.0,0.0,0.0,0.0,0.0,0.0,-38.8,-7.8,0,0,0.0,1,13222,1,13222,24166,22635,24836,22635,15070,20945,15070,13505,14344,13505,14058,22137,23286,19908,639,12854,8263,8846,20257,17725,23200,24763,26203,2246,150,25259,1,4:38
2024-25,1627824,Guerschon Yabusele,Guerschon,1610612755,PHI,Philadelphia 76ers,0022401209,2024-12-13T00:00:00,PHI vs. IND,L,14.083333333333334,0.0,7.7,0.0,0.0,7.7,0.0,10.2,10.2,1.0,0.0,2.6,2.6,0.0,5.1,0.0,0.0,0.0,0.0,5.1,10.2,-17.9,8.2,0,0,12.8,1,13222,1,13222,20151,22635,20690,22635,15070,7049,15070,646,1282,1,14058,18041,20694,19908,2212,12854,8263,8846,20257,3900,17923,20902,24674,2246,150,23783,1,14:05
2024-25,1629629,Cam Reddish,Cam,1610612747,LAL,Los Angeles Lakers,0022401210,2024-12-13T00:00:00,LAL @ MIN,L,23.336666666666666,3.1,7.7,0.4,0.0,4.6,0.0,1.5,1.5,1.0,4.6,0.0,4.6,1.5,3.1,3.1,0.0,0.0,1.5,3.1,7.7,6.2,21.8,0,0,20.1,1,13222,1,13222,13432,19242,20643,14933,15070,14141,15070,11710,13446,1,2766,22137,15754,17831,6171,2965,8263,8846,17076,8944,20158,9539,20288,2246,150,20833,1,23:20
2024-25,1629723,John Konchar,John,1610612763,MEM,Memphis Grizzlies,0022401211,2024-12-13T00:00:00,MEM vs. BKN,W,1.1833333333333333,0.0,0.0,0.0,0.0,0.0,0.0,0.0,0.0,0.0,0.0,0.0,0.0,0.0,0.0,0.0,0.0,0.0,0.0,0.0,0.0,-91.3,0.0,0,0,0.0,1,1,13086,1,25970,22635,24836,22635,15070,20945,15070,13505,14344,13505,14058,22137,23286,19908,16469,12854,8263,8846,20257,17725,23200,26098,25228,2246,150,25259,1,1:11
2024-25,1630658,Colin Castleton,Colin,1610612763,MEM,Memphis Grizzlies,0022401211,2024-12-13T00:00:00,MEM vs. BKN,W,1.1833333333333333,0.0,0.0,0.0,0.0,0.0,0.0,0.0,0.0,0.0,0.0,0.0,0.0,0.0,0.0,0.0,0.0,0.0,0.0,0.0,0.0,-91.3,0.0,0,0,0.0,1,1,13086,1,25970,22635,24836,22635,15070,20945,15070,13505,14344,13505,14058,22137,23286,19908,16469,12854,8263,8846,20257,17725,23200,26098,25228,2246,150,25259,1,1:11
2024-25,203944,Julius Randle,Julius,1610612750,MIN,Minnesota Timberwolves,0022401210,2024-12-13T00:00:00,MIN vs. LAL,W,32.66,7.7,17.6,0.438,0.0,5.5,0.0,7.7,8.8,0.875,2.2,3.3,5.5,3.3,2.2,1.1,0.0,1.1,5.5,7.7,23.1,25.4,35.8,0,0,34.2,1,1,13086,1,5438,7235,5092,13558,15070,11922,15070,1545,1966,6931,7571,15774,13508,11956,9492,11003,8263,7028,3684,1182,5382,2734,10495,2246,150,10724,1,32:40
2024-25,202704,Reggie Jackson,Reggie,1610612755,PHI,Philadelphia 76ers,0022401209,2024-12-13T00:00:00,PHI vs. IND,L,5.283333333333333,6.8,13.6,0.5,6.8,13.6,0.5,0.0,0.0,0.0,0.0,0.0,0.0,6.8,0.0,0.0,0.0,0.0,6.8,0.0,20.4,-20.4,30.7,0,0,34.1,1,13222,1,13222,23869,9387,10779,8526,836,1048,3944,13505,14344,13505,14058,22137,23286,4268,16469,12854,8263,8846,2129,17725,7554,21689,14302,2246,150,10794,1,5:17
2024-25,1630570,Trendon Watford,Trendon,1610612751,BKN,Brooklyn Nets,0022401211,2024-12-13T00:00:00,BKN @ MEM,L,0.0,0.0,0.0,0.0,0.0,0.0,0.0,0.0,0.0,0.0,0.0,0.0,0.0,0.0,0.0,0.0,0.0,0.0,0.0,0.0,0.0,0.0,0.0,0,0,0.0,1,13222,1,13222,26304,22635,24836,22635,15070,20945,15070,13505,14344,13505,14058,22137,23286,19908,16469,12854,8263,8846,20257,17725,23200,12240,25228,2246,150,25259,1,0:00
2024-25,1630162,Anthony Edwards,Anthony,1610612750,MIN,Minnesota Timberwolves,0022401210,2024-12-13T00:00:00,MIN vs. LAL,W,32.61666666666667,9.9,22.1,0.45,2.2,7.7,0.286,3.3,5.5,0.6,2.2,4.4,6.6,1.1,5.5,1.1,1.1,1.1,1.1,4.4,25.4,27.6,36.1,0,0,39.7,1,1,13086,1,5465,3288,1786,12982,9216,6947,11433,7081,5162,10343,7561,12491,10896,19340,1799,10987,6765,7010,19076,5309,4005,2330,10303,2246,150,6932,1,32:37
2024-25,1629599,Amir Coffey,Amir,1610612746,LAC,LA Clippers,0022401213,2024-12-13T00:00:00,LAC @ DEN,L,29.216666666666665,3.7,11.1,0.333,1.2,7.4,0.167,1.2,2.5,0.5,0.0,2.5,2.5,1.2,0.0,2.5,0.0,0.0,3.7,1.2,9.9,-33.3,22.1,0,0,19.7,1,13222,1,13222,8478,17847,15211,17395,13191,7636,14236,12497,11305,10625,14058,18285,20868,18910,16469,4497,8263,8846,8095,16226,18301,24205,20108,2246,150,21028,1,29:13
2024-25,1642272,Jared McCain,Jared,1610612755,PHI,Philadelphia 76ers,0022401209,2024-12-13T00:00:00,PHI vs. IND,L,28.841666666666665,2.5,7.5,0.333,1.2,2.5,0.5,0.0,0.0,0.0,0.0,1.2,1.2,3.7,2.5,0.0,0.0,0.0,6.2,2.5,6.2,-12.5,10.9,0,0,12.5,1,13222,1,13222,8815,20468,20940,17395,13107,18629,3944,13505,14344,13505,14058,21405,22884,10669,8260,12854,8263,8846,2668,11002,21220,18936,24266,2246,150,23875,1,28:51
2024-25,1628420,Monté Morris,Monté,1610612756,PHX,Phoenix Suns,0022401214,2024-12-13T00:00:00,PHX @ UTA,W,15.895,0.0,6.8,0.0,0.0,2.3,0.0,2.3,4.5,0.5,0.0,2.3,2.3,2.3,2.3,2.3,0.0,2.3,0.0,2.3,2.3,-9.1,12.9,0,0,11.3,1,1,13086,1,19004,22635,21788,22635,15070,19058,15070,9737,6776,10625,14058,18872,21282,15368,9240,5166,8263,2518,20257,11879,23124,17457,23792,2246,150,24149,1,15:54
2024-25,1626156,D'Angelo Russell,D'Angelo,1610612747,LAL,Los Angeles Lakers,0022401210,2024-12-13T00:00:00,LAL @ MIN,L,19.913333333333334,3.6,18.1,0.2,1.8,12.7,0.143,0.0,0.0,0.0,0.0,7.2,7.2,1.8,3.6,0.0,0.0,1.8,5.4,0.0,9.0,-14.5,16.8,0,0,19.9,1,13222,1,13222,16089,18046,4581,21401,11047,1449,14649,13505,14344,13505,14058,5942,9684,17056,4747,12854,8263,3877,3813,17725,19040,19690,22556,2246,150,20924,1,19:55
2024-25,1631108,Max Christie,Max,1610612747,LAL,Los Angeles Lakers,0022401210,2024-12-13T00:00:00,LAL @ MIN,L,36.64,4.9,8.8,0.556,2.0,2.9,0.667,2.9,2.9,1.0,2.9,2.0,4.9,2.0,3.9,1.0,0.0,0.0,2.0,2.0,14.7,-3.9,22.6,0,0,25.5,1,13222,1,13222,2260,14650,18950,7248,10321,17760,1957,7960,10099,1,5457,19780,15025,16498,4018,12098,8263,8846,15330,13245,13163,15029,19815,2246,150,17250,1,36:38
2024-25,203954,Joel Embiid,Joel,1610612755,PHI,Philadelphia 76ers,0022401209,2024-12-13T00:00:00,PHI vs. IND,L,17.458333333333332,8.2,18.6,0.444,2.1,4.1,0.5,6.2,8.2,0.75,2.1,6.2,8.2,10.3,2.1,0.0,0.0,0.0,0.0,6.2,24.7,-22.7,48.0,0,0,45.4,1,13222,1,13222,17955,6089,4162,13045,9858,15289,3944,2688,2354,8186,8114,7931,7858,1278,10201,12854,8263,8846,20257,2409,4345,22264,3960,2246,150,4083,1,17:28
2024-25,1630643,Jay Huff,Jay,1610612763,MEM,Memphis Grizzlies,0022401211,2024-12-13T00:00:00,MEM vs. BKN,W,12.066666666666666,9.0,17.9,0.5,0.0,3.0,0.0,0.0,0.0,0.0,6.0,6.0,11.9,3.0,0.0,0.0,0.0,0.0,11.9,3.0,17.9,-14.9,36.7,0,0,32.8,1,1,13086,1,21199,4810,4806,8526,15070,17697,15070,13505,14344,13505,1643,8412,3550,12988,16469,12854,8263,8846,430,9320,9931,19874,9893,2246,150,11792,1,12:04
2024-25,1627747,Caris LeVert,Caris,1610612739,CLE,Cleveland Cavaliers,0022401208,2024-12-13T00:00:00,CLE vs. WAS,W,27.75,3.9,11.7,0.333,0.0,3.9,0.0,10.4,15.6,0.667,2.6,3.9,6.5,7.8,2.6,1.3,1.3,2.6,1.3,9.1,18.2,14.3,42.8,0,0,37.6,1,1,13086,1,9757,17345,14159,17395,15070,15813,15070,592,310,9425,6362,14045,11203,3098,7900,9468,5658,1888,18043,623,9661,5899,6214,2246,150,8275,1,27:45
2024-25,203084,Harrison Barnes,Harrison,1610612759,SAS,San Antonio Spurs,0022401215,2024-12-13T00:00:00,SAS @ POR,W,34.31666666666667,4.2,8.4,0.5,2.1,4.2,0.5,0.0,0.0,0.0,2.1,1.0,3.1,1.0,0.0,0.0,0.0,0.0,1.0,0.0,10.5,-11.5,15.8,0,0,16.8,1,1,13086,1,3991,16607,19650,8526,9694,15132,3944,13505,14344,13505,7958,21885,19379,19529,16469,12854,8263,8846,19411,17725,17671,18547,22911,2246,150,22392,1,34:19
2024-25,1630245,Ayo Dosunmu,Ayo,1610612741,CHI,Chicago Bulls,0022401212,2024-12-13T00:00:00,CHI vs. CHA,W,32.416666666666664,8.9,13.3,0.667,3.3,6.7,0.5,0.0,0.0,0.0,0.0,3.3,3.3,5.6,1.1,1.1,1.1,0.0,3.3,1.1,21.1,4.4,39.0,0,0,37.8,1,1,13086,1,5623,4913,11252,3281,5571,9185,3944,13505,14344,13505,14058,15693,18913,6334,15060,10936,6722,8846,9332,16860,7004,10411,8425,2246,150,8194,1,32:25
2024-25,1627827,Dorian Finney-Smith,Dorian,1610612751,BKN,Brooklyn Nets,0022401211,2024-12-13T00:00:00,BKN @ MEM,L,30.2,6.0,9.5,0.625,6.0,9.5,0.625,4.8,6.0,0.8,1.2,4.8,6.0,1.2,0.0,2.4,2.4,0.0,1.2,2.4,22.6,-23.8,45.9,0,0,45.3,1,13222,1,13222,7586,11626,17876,4899,1332,4055,2868,4396,4531,7681,11850,11516,12386,19039,16469,4748,2585,8846,18577,11411,5738,22532,4783,2246,150,4106,1,30:12
2024-25,1629614,Andrew Nembhard,Andrew,1610612754,IND,Indiana Pacers,0022401209,2024-12-13T00:00:00,IND @ PHI,W,33.266666666666666,2.2,6.5,0.333,0.0,2.2,0.0,1.1,2.2,0.5,0.0,4.3,4.3,7.6,1.1,0.0,0.0,0.0,2.2,2.2,5.4,26.0,20.9,0,0,17.3,1,1,13086,1,4928,21109,22120,17395,15070,19231,15070,12959,12200,10625,14058,12715,16459,3313,15262,12854,8263,8846,14275,12319,21789,2620,20751,2246,150,22166,1,33:16
2024-25,1629008,Michael Porter Jr.,Michael,1610612743,DEN,Denver Nuggets,0022401213,2024-12-13T00:00:00,DEN vs. LAC,W,28.705,6.3,13.8,0.455,2.5,8.8,0.286,6.3,7.5,0.833,1.3,5.0,6.3,5.0,1.3,1.3,0.0,0.0,3.8,5.0,21.3,18.8,38.9,0,0,37.6,1,1,13086,1,8918,10798,10497,12676,8124,5144,11433,2619,2880,7275,11465,10836,11677,7428,14074,9772,8263,8846,7875,4084,6803,4311,8491,2246,150,8273,1,28:42
2024-25,1630170,Devin Vassell,Devin,1610612759,SAS,San Antonio Spurs,0022401215,2024-12-13T00:00:00,SAS @ POR,W,30.416666666666668,10.7,18.9,0.563,4.7,8.3,0.571,1.2,4.7,0.25,2.4,4.7,7.1,5.9,4.7,0.0,0.0,0.0,3.6,3.6,27.2,7.1,39.9,0,0,45.0,1,1,13086,1,7392,2556,3813,7127,2668,5939,3506,12651,6421,13358,7023,11606,9951,5644,2675,12854,8263,8846,8599,7525,3098,9088,7830,2246,150,4284,1,30:25
2024-25,203924,Jerami Grant,Jerami,1610612757,POR,Portland Trail Blazers,0022401215,2024-12-13T00:00:00,POR vs. SAS,L,38.266666666666666,11.3,17.9,0.632,7.5,9.4,0.8,0.0,0.0,0.0,0.9,2.8,3.8,1.9,2.8,0.9,0.0,0.9,3.8,0.9,30.1,-7.5,37.4,0,0,45.2,1,13222,1,13222,1236,2019,4832,4871,586,4242,1389,13505,14344,13505,13715,17325,17910,16811,7134,12433,8263,8415,7866,17572,2043,16745,9382,2246,150,4177,1,38:16
2024-25,1630548,Johnny Juzang,Johnny,1610612762,UTA,Utah Jazz,0022401214,2024-12-13T00:00:00,UTA vs. PHX,L,12.883333333333333,2.8,8.4,0.333,2.8,8.4,0.333,0.0,0.0,0.0,0.0,2.8,2.8,2.8,0.0,0.0,0.0,0.0,5.6,0.0,8.4,0.0,15.9,0,0,16.8,1,13222,1,13222,20803,19888,19661,17395,7227,5776,9209,13505,14344,13505,14058,17412,20264,13600,16469,12854,8263,8846,3567,17725,19603,12240,22883,2246,150,22399,1,12:53
2024-25,1627750,Jamal Murray,Jamal,1610612743,DEN,Denver Nuggets,0022401213,2024-12-13T00:00:00,DEN vs. LAC,W,31.583333333333332,9.1,18.2,0.5,2.3,5.7,0.4,2.3,2.3,1.0,0.0,5.7,5.7,3.4,6.8,4.6,1.1,1.1,2.3,6.8,22.8,20.5,45.0,0,0,45.6,1,1,13086,1,6350,4498,4421,8526,8924,11446,7874,9689,11842,1,14058,9042,13019,11634,965,1187,6540,6713,13724,1786,5632,3811,5166,2246,150,3985,1,31:35
2024-25,1641739,Toumani Camara,Toumani,1610612757,POR,Portland Trail Blazers,0022401215,2024-12-13T00:00:00,POR vs. SAS,L,38.07666666666667,2.8,5.7,0.5,1.9,4.7,0.4,0.0,0.0,0.0,1.9,3.8,5.7,1.9,1.9,0.9,3.8,0.0,2.8,1.9,7.6,-3.8,29.5,0,0,26.5,1,13222,1,13222,1343,19799,22927,8526,10676,13894,7874,13505,14344,13505,8859,14385,13102,16786,11100,12396,1043,8846,11481,13556,20271,14937,15151,2246,150,16564,1,38:05
2024-25,1629659,Talen Horton-Tucker,Talen,1610612741,CHI,Chicago Bulls,0022401212,2024-12-13T00:00:00,CHI vs. CHA,W,12.533333333333333,2.9,5.7,0.5,0.0,2.9,0.0,0.0,0.0,0.0,2.9,8.6,11.5,2.9,0.0,0.0,2.9,0.0,0.0,0.0,5.7,34.5,32.5,0,0,25.9,1,1,13086,1,20972,19728,22866,8526,15070,17911,15070,13505,14344,13505,5660,3919,3955,13367,16469,12854,1855,8846,20257,17725,21569,1453,12976,2246,150,17037,1,12:32
2024-25,1629014,Anfernee Simons,Anfernee,1610612757,POR,Portland Trail Blazers,0022401215,2024-12-13T00:00:00,POR vs. SAS,L,37.166666666666664,7.7,14.5,0.533,2.9,7.7,0.375,10.7,10.7,1.0,0.0,2.9,2.9,6.8,0.0,1.9,0.0,1.0,1.0,4.8,29.1,-2.9,48.5,0,0,45.5,1,13222,1,13222,1873,7166,9306,8140,6854,6901,8800,538,1128,1,14058,17066,19984,4315,16469,6579,8263,8199,19865,4403,2408,14516,3797,2246,150,4013,1,37:10
2024-25,203083,Andre Drummond,Andre,1610612755,PHI,Philadelphia 76ers,0022401209,2024-12-13T00:00:00,PHI vs. IND,L,23.166666666666668,4.7,9.3,0.5,0.0,0.0,0.0,1.6,3.1,0.5,7.8,4.7,12.4,0.0,0.0,1.6,0.0,1.6,1.6,3.1,10.9,0.0,30.5,0,0,26.4,1,13222,1,13222,13583,15335,18243,8526,15070,20945,15070,11684,9699,10625,857,11819,3169,19908,16469,8172,8263,4574,17025,8858,17286,12240,14448,2246,150,16608,1,23:10
2024-25,1630167,Obi Toppin,Obi,1610612754,IND,Indiana Pacers,0022401209,2024-12-13T00:00:00,IND @ PHI,W,30.916666666666668,8.2,12.8,0.636,2.3,4.7,0.5,4.7,4.7,1.0,2.3,7.0,9.3,3.5,0.0,3.5,0.0,1.2,4.7,2.3,23.3,10.5,50.2,0,0,45.4,1,1,13086,1,6943,6299,12192,4689,8744,14059,3944,4578,6562,1,7153,6382,6299,11402,16469,2246,8263,6522,5389,11633,5299,7476,3217,2246,150,4071,1,30:55
2024-25,201144,Mike Conley,Mike,1610612750,MIN,Minnesota Timberwolves,0022401210,2024-12-13T00:00:00,MIN vs. LAL,W,28.883333333333333,0.0,7.5,0.0,0.0,5.0,0.0,2.5,2.5,1.0,0.0,5.0,5.0,8.7,0.0,0.0,0.0,0.0,0.0,1.2,2.5,15.0,21.6,0,0,16.2,1,1,13086,1,8775,22635,20963,22635,15070,13233,15070,9067,11226,1,14058,10917,14827,2250,16469,12854,8263,8846,20257,16145,23079,5640,20376,2246,150,22633,1,28:53
2024-25,1629651,Nic Claxton,Nic,1610612751,BKN,Brooklyn Nets,0022401211,2024-12-13T00:00:00,BKN @ MEM,L,28.233333333333334,5.1,14.0,0.364,0.0,1.3,0.0,0.0,0.0,0.0,2.6,6.4,8.9,1.3,2.6,1.3,1.3,0.0,2.6,2.6,10.2,-19.1,27.9,0,0,25.5,1,13222,1,13222,9357,14090,10127,16861,15070,20526,15070,13505,14344,13505,6473,7550,6849,18739,8042,9611,5762,8846,12602,10795,17952,21278,16281,2246,150,17279,1,28:14
2024-25,1630241,Sam Merrill,Sam,1610612739,CLE,Cleveland Cavaliers,0022401208,2024-12-13T00:00:00,CLE vs. WAS,W,24.05,4.5,15.0,0.3,4.5,13.5,0.333,0.0,0.0,0.0,3.0,6.0,9.0,3.0,0.0,1.5,0.0,1.5,3.0,0.0,13.5,6.0,33.2,0,0,32.9,1,1,13086,1,12844,15808,8655,19363,3083,1109,9209,13505,14344,13505,5360,8358,6776,12957,16469,8422,8263,4788,10765,17725,14543,9624,12400,2246,150,11707,1,24:03
2024-25,1629012,Collin Sexton,Collin,1610612762,UTA,Utah Jazz,0022401214,2024-12-13T00:00:00,UTA vs. PHX,L,23.583333333333332,3.1,13.7,0.222,0.0,4.6,0.0,3.1,3.1,1.0,1.5,3.1,4.6,3.1,4.6,0.0,0.0,0.0,3.1,3.1,9.2,-12.2,14.7,0,0,16.8,1,13222,1,13222,13240,19314,10590,21205,15070,14240,15070,7663,9837,1,10205,16543,15858,12754,2881,12854,8263,8846,10477,9060,18937,18817,23296,2246,150,22386,1,23:35
2024-25,1631110,Jeremy Sochan,Jeremy,1610612759,SAS,San Antonio Spurs,0022401215,2024-12-13T00:00:00,SAS @ POR,W,32.31666666666667,6.7,10.0,0.667,0.0,0.0,0.0,3.3,4.5,0.75,3.3,2.2,5.6,3.3,1.1,2.2,1.1,1.1,1.1,3.3,16.7,16.7,37.3,0,0,32.3,1,1,13086,1,5711,9724,17007,3281,15070,20945,15070,7017,6926,8186,4659,18989,13358,11848,15036,5279,6702,6929,19023,8121,11160,5000,9460,2246,150,12139,1,32:19
2024-25,1642345,Oso Ighodaro,Oso,1610612756,PHX,Phoenix Suns,0022401214,2024-12-13T00:00:00,PHX @ UTA,W,6.3,0.0,0.0,0.0,0.0,0.0,0.0,0.0,0.0,0.0,0.0,5.7,5.7,0.0,0.0,5.7,0.0,0.0,5.7,0.0,0.0,5.7,24.0,0,0,17.1,1,1,13086,1,23456,22635,24836,22635,15070,20945,15070,13505,14344,13505,14058,9007,12975,19908,16469,564,8263,8846,3362,17725,23200,9744,18937,2246,150,22237,1,6:18
2024-25,202684,Tristan Thompson,Tristan,1610612739,CLE,Cleveland Cavaliers,0022401208,2024-12-13T00:00:00,CLE vs. WAS,W,10.983333333333333,0.0,3.3,0.0,0.0,0.0,0.0,0.0,6.6,0.0,3.3,6.6,9.8,0.0,0.0,0.0,3.3,3.3,9.8,3.3,0.0,13.1,21.6,0,0,16.4,1,1,13086,1,21715,22635,24401,22635,15070,20945,15070,13505,3825,13505,4789,7190,5626,19908,16469,12854,1412,1080,740,8315,23200,6346,20346,2246,150,22554,1,10:59
2024-25,202331,Paul George,Paul,1610612755,PHI,Philadelphia 76ers,0022401209,2024-12-13T00:00:00,PHI vs. IND,L,35.0,5.1,12.3,0.417,2.1,5.1,0.4,3.1,4.1,0.75,0.0,5.1,5.1,2.1,2.1,2.1,2.1,0.0,1.0,2.1,15.4,-29.8,35.0,0,0,32.9,1,13222,1,13222,3460,13969,12991,14532,9883,12839,7874,7580,7599,8186,14058,10438,14415,16161,10225,5973,3328,8846,19537,12811,12491,23708,11073,2246,150,11718,1,35:00
2024-25,1629673,Jordan Poole,Jordan,1610612764,WAS,Washington Wizards,0022401208,2024-12-13T00:00:00,WAS @ CLE,L,36.068333333333335,6.0,15.0,0.4,2.0,8.0,0.25,3.0,3.0,1.0,1.0,4.0,5.0,6.0,7.0,3.0,1.0,2.0,5.0,4.0,17.0,-9.0,36.9,0,0,37.9,1,13222,1,13222,2627,11556,8653,14933,10183,6477,11902,7831,9994,1,13274,13752,14811,5522,895,3168,7492,3241,4624,6335,10879,17416,9751,2246,150,8073,1,36:04
2024-25,203932,Aaron Gordon,Aaron,1610612743,DEN,Denver Nuggets,0022401213,2024-12-13T00:00:00,DEN vs. LAC,W,23.366666666666667,6.2,10.8,0.571,1.5,3.1,0.5,7.7,7.7,1.0,0.0,9.2,9.2,3.1,1.5,0.0,0.0,0.0,3.1,4.6,21.6,15.4,35.7,0,0,35.4,1,1,13086,1,13408,11068,15723,6538,11895,17489,3944,1555,2740,1,14058,3259,6390,12663,12578,12854,8263,8846,10349,4888,6578,5468,10545,2246,150,9772,1,23:22
2024-25,1629632,Coby White,Coby,1610612741,CHI,Chicago Bulls,0022401212,2024-12-13T00:00:00,CHI vs. CHA,W,32.483333333333334,6.6,16.6,0.4,2.2,10.0,0.222,4.4,4.4,1.0,0.0,2.2,2.2,1.1,3.3,2.2,0.0,0.0,3.3,4.4,19.9,-2.2,27.6,0,0,29.9,1,1,13086,1,5567,9822,6275,14933,9179,3516,13288,4935,6971,1,14058,19028,21382,19326,5439,5334,8263,8846,9370,5277,7961,14156,16504,2246,150,14006,1,32:29
2024-25,1628970,Miles Bridges,Miles,1610612766,CHA,Charlotte Hornets,0022401212,2024-12-13T00:00:00,CHA @ CHI,L,24.616666666666667,7.3,23.4,0.313,0.0,8.8,0.0,5.8,5.8,1.0,4.4,8.8,13.2,5.8,0.0,0.0,1.5,0.0,2.9,2.9,20.5,-1.5,49.4,0,0,42.4,1,13222,1,13222,12359,8202,1248,19175,15070,5148,15070,3027,4686,1,3067,3753,2697,5761,16469,12854,4984,8846,11061,9506,7527,13785,3446,2246,150,5452,1,24:37
2024-25,1642271,Kyle Filipowski,Kyle,1610612762,UTA,Utah Jazz,0022401214,2024-12-13T00:00:00,UTA vs. PHX,L,14.466666666666667,5.0,5.0,1.0,2.5,2.5,1.0,5.0,5.0,1.0,2.5,2.5,5.0,2.5,2.5,0.0,0.0,0.0,2.5,2.5,17.4,12.4,24.6,0,0,27.4,1,13222,1,13222,19896,14462,23482,1,8189,18649,1,4074,5970,1,6644,18216,14855,14581,8297,12854,8263,8846,12846,11034,10403,6613,18530,2246,150,15890,1,14:28
2024-25,1642530,Yuki Kawamura,Yuki,1610612763,MEM,Memphis Grizzlies,0022401211,2024-12-13T00:00:00,MEM vs. BKN,W,1.1833333333333333,0.0,0.0,0.0,0.0,0.0,0.0,0.0,0.0,0.0,0.0,0.0,0.0,30.4,0.0,0.0,0.0,0.0,0.0,0.0,0.0,-91.3,45.6,0,0,30.4,1,1,13086,1,25970,22635,24836,22635,15070,20945,15070,13505,14344,13505,14058,22137,23286,19,16469,12854,8263,8846,20257,17725,23200,26098,4882,2246,150,13610,1,1:11
2024-25,1631209,Isaiah Wong,Isaiah,1610612766,CHA,Charlotte Hornets,0022401212,2024-12-13T00:00:00,CHA @ CHI,L,21.933333333333334,4.9,14.8,0.333,1.6,6.6,0.25,3.3,6.6,0.5,3.3,6.6,9.8,6.6,1.6,1.6,0.0,1.6,1.6,3.3,14.8,-6.6,39.7,0,0,36.1,1,13222,1,13222,14543,14623,8949,17395,11563,9398,11902,7140,3817,10625,4778,7175,5606,4618,12177,7846,8263,4326,16745,8300,13142,16318,7946,2246,150,9293,1,21:56
2024-25,203471,Dennis Schröder,Dennis,1610612751,BKN,Brooklyn Nets,0022401211,2024-12-13T00:00:00,BKN @ MEM,L,26.4,8.2,13.6,0.6,4.1,9.5,0.429,0.0,0.0,0.0,0.0,4.1,4.1,10.9,8.2,1.4,0.0,0.0,2.7,2.7,20.5,-21.8,37.6,0,0,42.3,1,13222,1,13222,10812,6242,10761,5394,3803,4043,7394,13505,14344,13505,14058,13445,17090,1029,553,9120,8263,8846,11924,10236,7541,22030,9259,2246,150,5508,1,26:24
2024-25,1642270,Donovan Clingan,Donovan,1610612757,POR,Portland Trail Blazers,0022401215,2024-12-13T00:00:00,POR vs. SAS,L,15.023333333333333,7.2,14.4,0.5,0.0,2.4,0.0,0.0,0.0,0.0,4.8,12.0,16.8,4.8,7.2,0.0,0.0,4.8,9.6,0.0,14.4,7.2,34.5,0,0,35.9,1,13222,1,13222,19549,8484,9568,8526,15070,18818,15070,13505,14344,13505,2574,1371,1179,7939,819,12854,8263,410,792,17725,13526,9049,11443,2246,150,9421,1,15:01
2024-25,203995,Vasilije Micić,Vasilije,1610612766,CHA,Charlotte Hornets,0022401212,2024-12-13T00:00:00,CHA @ CHI,L,24.988333333333333,4.3,18.7,0.231,1.4,10.1,0.143,0.0,0.0,0.0,4.3,4.3,8.6,7.2,4.3,0.0,0.0,4.3,4.3,5.8,10.1,-5.8,26.9,0,0,27.4,1,13222,1,13222,12015,16269,3997,21157,12295,3398,14649,13505,14344,13505,3135,12742,7239,3759,3270,12854,8263,539,6214,2953,18072,15954,16994,2246,150,15892,1,24:59
2024-25,1630182,Josh Green,Josh,1610612766,CHA,Charlotte Hornets,0022401212,2024-12-13T00:00:00,CHA @ CHI,L,30.761666666666667,3.5,12.9,0.273,1.2,5.9,0.2,2.3,2.3,1.0,1.2,1.2,2.3,2.3,1.2,1.2,1.2,3.5,2.3,2.3,10.5,-3.5,22.7,0,0,21.1,1,13222,1,13222,7082,18304,12084,20048,13535,11072,13429,9489,11662,1,11993,21591,21122,15085,14658,10432,6362,907,13480,11585,17628,14805,19744,2246,150,20244,1,30:46
2024-25,1630559,Austin Reaves,Austin,1610612747,LAL,Los Angeles Lakers,0022401210,2024-12-13T00:00:00,LAL @ MIN,L,29.68,7.3,19.4,0.375,4.9,9.7,0.5,2.4,2.4,1.0,2.4,4.9,7.3,7.3,2.4,0.0,0.0,2.4,6.1,3.6,21.8,-2.4,39.1,0,0,41.2,1,13222,1,13222,8076,8273,3412,16299,2491,3845,3944,9256,11402,1,6850,11274,9611,3645,8551,12854,8263,2163,2861,7287,6345,14272,8362,2246,150,6053,1,29:41
2024-25,1626145,Tyus Jones,Tyus,1610612756,PHX,Phoenix Suns,0022401214,2024-12-13T00:00:00,PHX @ UTA,W,32.105,6.7,10.1,0.667,5.6,7.8,0.714,2.2,2.2,1.0,0.0,3.4,3.4,12.3,0.0,0.0,0.0,0.0,2.2,3.4,21.3,13.5,43.8,1,0,42.6,1,1,13086,1,5889,9635,16913,3281,1662,6719,1861,9801,11959,1,14058,15610,18844,649,16469,12854,8263,8846,13916,8065,6820,6214,5745,1,150,5345,1,32:06
2024-25,1641731,Bilal Coulibaly,Bilal,1610612764,WAS,Washington Wizards,0022401208,2024-12-13T00:00:00,WAS @ CLE,L,39.8,9.0,16.3,0.556,4.5,7.2,0.625,1.8,1.8,1.0,0.0,5.4,5.4,4.5,2.7,0.0,1.8,0.9,0.9,1.8,24.4,-7.2,40.4,0,0,42.5,1,13222,1,13222,617,4618,6714,7248,3031,7966,2868,11220,13181,1,14058,9720,13736,8596,7486,12854,4039,8639,20138,13898,4539,16606,7502,2246,150,5402,1,39:48
2024-25,1629634,Brandon Clarke,Brandon,1610612763,MEM,Memphis Grizzlies,0022401211,2024-12-13T00:00:00,MEM vs. BKN,W,23.433333333333334,10.8,16.9,0.636,0.0,0.0,0.0,0.0,1.5,0.0,3.1,9.2,12.3,1.5,3.1,0.0,0.0,3.1,7.7,3.1,21.5,7.7,35.5,0,0,35.3,1,1,13086,1,13361,2450,5913,4689,15070,20945,15070,13505,13453,13505,5187,3282,3277,17850,6211,12854,8263,1260,1521,8985,6629,8781,10737,2246,150,9853,1,23:26
2024-25,1629060,Rui Hachimura,Rui,1610612747,LAL,Los Angeles Lakers,0022401210,2024-12-13T00:00:00,LAL @ MIN,L,39.233333333333334,3.7,11.9,0.308,0.0,1.8,0.0,0.9,1.8,0.5,1.8,4.6,6.4,2.8,2.8,1.8,0.0,0.9,1.8,1.8,8.3,-16.5,22.8,0,0,21.1,1,13222,1,13222,800,17913,13715,19226,15070,19856,15070,13432,13138,10625,9109,12015,11339,13743,7369,7097,8263,8568,16010,13788,19693,20448,19652,2246,150,20215,1,39:14
2024-25,1630192,Zeke Nnaji,Zeke,1610612743,DEN,Denver Nuggets,0022401213,2024-12-13T00:00:00,DEN vs. LAC,W,3.6166666666666667,10.0,10.0,1.0,0.0,0.0,0.0,0.0,0.0,0.0,0.0,0.0,0.0,10.0,10.0,0.0,0.0,0.0,0.0,0.0,19.9,0.0,24.9,0,0,29.9,1,1,13086,1,24660,3269,17138,1,15070,20945,15070,13505,14344,13505,14058,22137,23286,1460,333,12854,8263,8846,20257,17725,7992,12240,18364,2246,150,14057,1,3:37
2024-25,1629731,Dean Wade,Dean,1610612739,CLE,Cleveland Cavaliers,0022401208,2024-12-13T00:00:00,CLE vs. WAS,W,19.116666666666667,1.9,15.1,0.125,0.0,13.2,0.0,0.0,1.9,0.0,9.4,3.8,13.2,0.0,0.0,0.0,1.9,0.0,3.8,1.9,3.8,-7.5,25.2,0,0,20.7,1,1,13086,1,16737,21609,8496,22420,15070,1212,15070,13505,13021,13505,486,14425,2677,19908,16469,12854,3818,8846,7854,13576,22661,16750,18123,2246,150,20456,1,19:07
2024-25,1629675,Naz Reid,Naz,1610612750,MIN,Minnesota Timberwolves,0022401210,2024-12-13T00:00:00,MIN vs. LAL,W,25.533333333333335,4.2,14.1,0.3,2.8,2.8,1.0,2.8,2.8,1.0,1.4,5.6,7.0,0.0,2.8,0.0,1.4,2.8,4.2,1.4,14.1,-8.5,24.0,0,0,26.8,1,1,13086,1,11556,16513,10012,19363,7161,18018,1,8290,10429,1,10695,9194,10059,19908,7147,12854,5186,1574,6473,15405,13848,17163,18975,2246,150,16333,1,25:32
2024-25,203076,Anthony Davis,Anthony,1610612747,LAL,Los Angeles Lakers,0022401210,2024-12-13T00:00:00,LAL @ MIN,L,36.23,9.9,20.9,0.476,1.0,5.0,0.2,2.0,5.0,0.4,2.0,8.9,10.9,1.0,4.0,0.0,3.0,0.0,1.0,4.0,22.9,-21.9,42.4,1,0,41.7,1,13222,1,13222,2517,3284,2421,12010,14586,13280,13429,10697,5996,13061,8445,3574,4475,19695,3930,12854,1729,8846,19747,6379,5591,22039,6410,1,150,5782,1,36:14
2024-25,1630208,Nick Richards,Nick,1610612766,CHA,Charlotte Hornets,0022401212,2024-12-13T00:00:00,CHA @ CHI,L,15.683333333333334,0.0,9.2,0.0,0.0,0.0,0.0,4.6,4.6,1.0,0.0,11.5,11.5,0.0,0.0,2.3,0.0,6.9,0.0,2.3,4.6,-25.2,25.2,0,0,20.7,1,13222,1,13222,19141,22635,18438,22635,15070,20945,15070,4697,6670,1,14058,1653,3979,19908,16469,5055,8263,160,20257,11765,22239,22859,18110,2246,150,20478,1,15:41
2024-25,1631098,Johnny Davis,Johnny,1610612764,WAS,Washington Wizards,0022401208,2024-12-13T00:00:00,WAS @ CLE,L,27.171666666666667,4.0,10.6,0.375,2.6,6.6,0.4,0.0,0.0,0.0,0.0,6.6,6.6,2.6,0.0,2.6,1.3,0.0,2.6,1.3,10.6,0.0,34.4,0,0,30.5,1,13222,1,13222,10215,17149,16046,16299,7686,9269,7874,13505,14344,13505,14058,7049,10893,14052,16469,4019,5540,8846,12247,15787,17559,12240,11481,2246,150,13565,1,27:10
2024-25,1630703,Scoot Henderson,Scoot,1610612757,POR,Portland Trail Blazers,0022401215,2024-12-13T00:00:00,POR vs. SAS,L,22.283333333333335,3.2,14.5,0.222,0.0,9.7,0.0,0.0,0.0,0.0,0.0,3.2,3.2,8.1,1.6,1.6,0.0,0.0,3.2,0.0,6.5,-8.1,25.7,0,0,21.0,1,13222,1,13222,14287,18927,9297,21205,15070,3859,15070,13505,14344,13505,14058,15988,19146,2809,12275,7930,8263,8846,9733,17725,21073,17005,17827,2246,150,20280,1,22:17
2024-25,1627826,Ivica Zubac,Ivica,1610612746,LAC,LA Clippers,0022401213,2024-12-13T00:00:00,LAC @ DEN,L,31.933333333333334,6.8,13.5,0.5,0.0,0.0,0.0,1.1,3.4,0.333,4.5,10.1,14.7,4.5,2.3,1.1,0.0,0.0,0.0,3.4,14.7,-9.0,40.1,1,0,36.1,1,13222,1,13222,6032,9519,10959,8526,15070,20945,15070,12829,9136,13132,2913,2462,1935,8629,9284,10796,8263,8846,20257,8006,13241,17432,7675,1,150,9316,1,31:56
2024-25,1630183,Jaden McDaniels,Jaden,1610612750,MIN,Minnesota Timberwolves,0022401210,2024-12-13T00:00:00,MIN vs. LAL,W,36.5,6.9,10.8,0.636,2.0,4.9,0.4,2.0,3.0,0.667,1.0,7.9,8.9,0.0,2.0,4.9,2.0,0.0,1.0,2.0,17.8,19.7,47.1,0,0,42.4,1,1,13086,1,2337,9151,15613,4689,10279,13363,7874,10733,10073,9425,13364,4875,6918,19908,10649,932,3557,8846,19782,13198,10082,4031,4261,2246,150,5451,1,36:30
2024-25,1630231,KJ Martin,KJ,1610612755,PHI,Philadelphia 76ers,0022401209,2024-12-13T00:00:00,PHI vs. IND,L,23.9,7.5,10.5,0.714,3.0,3.0,1.0,1.5,3.0,0.5,1.5,3.0,4.5,0.0,0.0,0.0,0.0,3.0,3.0,1.5,19.6,19.6,25.0,0,0,27.1,1,13222,1,13222,12991,7690,16143,2752,6459,17614,1,11785,9941,10625,10293,16669,15995,19908,16469,12854,8263,1317,10652,14980,8278,4079,18283,2246,150,16074,1,23:54
2024-25,1642277,Johnny Furphy,Johnny,1610612754,IND,Indiana Pacers,0022401209,2024-12-13T00:00:00,IND @ PHI,W,10.783333333333333,3.3,6.7,0.5,3.3,6.7,0.5,0.0,0.0,0.0,3.3,0.0,3.3,3.3,0.0,3.3,0.0,0.0,3.3,0.0,10.0,-26.7,29.0,0,0,26.7,1,1,13086,1,21804,18663,21920,8526,5545,9148,3944,13505,14344,13505,4669,22137,18892,11857,16469,2485,8263,8846,9295,17725,18147,23181,15454,2246,150,16391,1,10:47
2024-25,1630590,Scotty Pippen Jr.,Scotty,1610612763,MEM,Memphis Grizzlies,0022401211,2024-12-13T00:00:00,MEM vs. BKN,W,14.733333333333333,7.3,14.7,0.5,2.4,7.3,0.333,0.0,0.0,0.0,2.4,9.8,12.2,4.9,0.0,0.0,2.4,2.4,4.9,0.0,17.1,-14.7,46.4,0,0,41.5,1,1,13086,1,19747,8168,9115,8526,8334,7763,9209,13505,14344,13505,6795,2744,3332,7711,16469,12854,2475,2129,4864,17725,10737,19772,4566,2246,150,5884,1,14:44
2024-25,1642377,Jaylen Wells,Jaylen,1610612763,MEM,Memphis Grizzlies,0022401211,2024-12-13T00:00:00,MEM vs. BKN,W,24.583333333333332,7.3,11.7,0.625,2.9,4.4,0.667,0.0,0.0,0.0,1.5,5.9,7.3,4.4,2.9,1.5,0.0,0.0,2.9,1.5,17.6,29.3,34.4,0,0,35.1,1,1,13086,1,12389,8179,14077,4899,6764,14700,1957,13505,14344,13505,10463,8647,9526,8905,6725,8556,8263,8846,11039,15155,10248,2070,11501,2246,150,9995,1,24:35
2024-25,1629661,Cameron Johnson,Cameron,1610612751,BKN,Brooklyn Nets,0022401211,2024-12-13T00:00:00,BKN @ MEM,L,30.8,4.7,12.9,0.364,2.3,7.0,0.333,2.3,3.5,0.667,1.2,7.0,8.2,3.5,1.2,1.2,0.0,1.2,2.3,5.8,14.0,-19.9,31.4,0,0,30.4,1,13222,1,13222,7043,15297,12107,16861,8712,8438,9209,9499,8871,9425,12003,6334,7957,11368,14669,10439,8263,6487,13492,2825,13906,21516,13712,2246,150,13641,1,30:48
2024-25,1630166,Deni Avdija,Deni,1610612757,POR,Portland Trail Blazers,0022401215,2024-12-13T00:00:00,POR vs. SAS,L,26.233333333333334,9.6,15.1,0.636,1.4,4.1,0.333,5.5,5.5,1.0,4.1,2.7,6.9,5.5,2.7,1.4,0.0,2.7,0.0,2.7,26.1,-11.0,43.9,0,0,42.5,1,13222,1,13222,10963,3717,8440,4689,12548,15306,9209,3423,5205,1,3416,17568,10408,6449,7397,9057,8263,1676,20257,10176,3647,18313,5714,2246,150,5381,1,26:14
2024-25,1631217,Moussa Diabaté,Moussa,1610612766,CHA,Charlotte Hornets,0022401212,2024-12-13T00:00:00,CHA @ CHI,L,8.433333333333334,8.5,8.5,1.0,0.0,0.0,0.0,4.3,8.5,0.5,8.5,4.3,12.8,0.0,4.3,4.3,0.0,0.0,12.8,4.3,21.3,12.8,45.2,0,0,42.7,1,13222,1,13222,22649,5548,19432,1,15070,20945,15070,5217,2162,10625,654,12901,2934,19908,3385,1400,8263,8846,359,5676,6776,6472,5066,2246,150,5315,1,8:26
2024-25,1641706,Brandon Miller,Brandon,1610612766,CHA,Charlotte Hornets,0022401212,2024-12-13T00:00:00,CHA @ CHI,L,37.745,7.6,20.0,0.381,2.9,14.3,0.2,1.9,1.9,1.0,0.0,5.7,5.7,2.9,6.7,1.0,1.0,1.0,1.9,2.9,20.0,-12.4,30.2,0,0,35.3,1,13222,1,13222,1544,7441,2952,16250,7017,847,13429,10923,12961,1,14058,8990,12957,13408,1040,12321,7795,8312,15636,9722,7901,18901,14641,2246,150,9884,1,37:45
2024-25,1627732,Ben Simmons,Ben,1610612751,BKN,Brooklyn Nets,0022401211,2024-12-13T00:00:00,BKN @ MEM,L,21.166666666666668,1.7,5.1,0.333,0.0,0.0,0.0,0.0,0.0,0.0,0.0,6.8,6.8,13.6,3.4,0.0,1.7,0.0,3.4,1.7,3.4,-5.1,33.7,0,0,27.2,1,13222,1,13222,15170,21899,23389,17395,15070,20945,15070,13505,14344,13505,14058,6699,10523,432,5227,12854,4291,8846,9074,14263,22806,15647,12053,2246,150,16012,1,21:10
2024-25,1641824,Matas Buzelis,Matas,1610612741,CHI,Chicago Bulls,0022401212,2024-12-13T00:00:00,CHI vs. CHA,W,19.966666666666665,1.8,19.8,0.091,1.8,9.0,0.2,3.6,3.6,1.0,5.4,3.6,9.0,5.4,0.0,0.0,5.4,1.8,1.8,1.8,9.0,19.8,44.2,0,0,36.1,1,1,13086,1,16042,21752,3078,22599,11064,4795,13429,6475,8672,1,2009,14901,6707,6617,16469,12854,419,3892,16172,13926,19062,4005,5591,2246,150,9328,1,19:58
2024-25,1630172,Patrick Williams,Patrick,1610612741,CHI,Chicago Bulls,0022401212,2024-12-13T00:00:00,CHI vs. CHA,W,13.95,2.6,18.1,0.143,0.0,12.9,0.0,5.2,5.2,1.0,0.0,5.2,5.2,2.6,2.6,0.0,0.0,0.0,2.6,7.7,10.3,-38.7,17.8,0,0,18.1,1,1,13086,1,20220,20306,4604,22260,15070,1347,15070,3807,5660,1,14058,10390,14370,14278,7944,12854,8263,8846,12493,1169,17838,24757,22175,2246,150,21834,1,13:57
2024-25,1629638,Nickeil Alexander-Walker,Nickeil,1610612750,MIN,Minnesota Timberwolves,0022401210,2024-12-13T00:00:00,MIN vs. LAL,W,18.55,1.9,13.6,0.143,0.0,5.8,0.0,0.0,0.0,0.0,0.0,5.8,5.8,3.9,1.9,1.9,0.0,0.0,3.9,1.9,3.9,-13.6,20.6,0,0,17.5,1,1,13086,1,17147,21512,10864,22260,15070,11147,15070,13505,14344,13505,14058,8740,12714,10278,10845,6558,8263,8846,7505,13358,22611,19330,20902,2246,150,22092,1,18:33
2024-25,1642267,Bub Carrington,Bub,1610612764,WAS,Washington Wizards,0022401208,2024-12-13T00:00:00,WAS @ CLE,L,28.265,1.3,7.6,0.167,0.0,5.1,0.0,0.0,0.0,0.0,1.3,7.6,8.9,3.8,1.3,0.0,1.3,0.0,6.4,0.0,2.5,-25.5,21.5,0,0,17.8,1,13222,1,13222,9335,22426,20728,21938,15070,12967,15070,13505,14344,13505,11336,5253,6870,10448,13946,12854,5772,8846,2526,17725,23062,22911,20396,2246,150,21941,1,28:16
2024-25,1631133,Jabari Walker,Jabari,1610612757,POR,Portland Trail Blazers,0022401215,2024-12-13T00:00:00,POR vs. SAS,L,22.406666666666666,3.2,4.8,0.667,1.6,1.6,1.0,0.0,0.0,0.0,0.0,8.0,8.0,0.0,0.0,3.2,0.0,0.0,8.0,3.2,8.0,20.9,27.3,0,0,24.1,1,13222,1,13222,14190,18965,23591,3281,11651,20158,1,13505,14344,13505,14058,4657,8210,19908,16469,2712,8263,8846,1349,8515,19894,3727,16732,2246,150,18259,1,22:24
2024-25,1629216,Gabe Vincent,Gabe,1610612747,LAL,Los Angeles Lakers,0022401210,2024-12-13T00:00:00,LAL @ MIN,L,24.65,2.9,10.2,0.286,2.9,5.8,0.5,0.0,0.0,0.0,1.5,1.5,2.9,2.9,4.4,1.5,1.5,1.5,5.8,0.0,8.8,-7.3,21.0,0,0,23.4,1,13222,1,13222,12326,19601,16693,19630,6793,11101,3944,13505,14344,13505,10481,20962,19938,13202,3168,8576,4995,4936,3154,17725,19294,16643,20667,2246,150,18755,1,24:39
2024-25,1628978,Donte DiVincenzo,Donte,1610612750,MIN,Minnesota Timberwolves,0022401210,2024-12-13T00:00:00,MIN vs. LAL,W,19.9,1.8,7.2,0.25,1.8,5.4,0.333,0.0,0.0,0.0,0.0,5.4,5.4,3.6,1.8,3.6,0.0,1.8,1.8,0.0,5.4,-18.1,26.4,0,0,23.5,1,1,13086,1,16094,21741,21278,20233,11041,12145,9209,13505,14344,13505,14058,9720,13736,11036,11507,2069,8263,3872,16138,17725,21779,20960,17339,2246,150,18662,1,19:54
2024-25,1631222,Jake LaRavia,Jake,1610612763,MEM,Memphis Grizzlies,0022401211,2024-12-13T00:00:00,MEM vs. BKN,W,19.85,1.8,5.4,0.333,0.0,0.0,0.0,0.0,0.0,0.0,1.8,1.8,3.6,3.6,5.4,1.8,1.8,0.0,1.8,0.0,3.6,-7.3,18.9,0,0,18.1,1,1,13086,1,16140,21728,23132,17395,15070,20945,15070,13505,14344,13505,9193,20206,18259,11003,1864,7190,4026,8846,16114,17725,22726,16616,21720,2246,150,21801,1,19:51
2024-25,1630625,Dalano Banton,Dalano,1610612757,POR,Portland Trail Blazers,0022401215,2024-12-13T00:00:00,POR vs. SAS,L,7.8,0.0,13.8,0.0,0.0,13.8,0.0,4.6,9.2,0.5,0.0,0.0,0.0,4.6,0.0,4.6,0.0,0.0,4.6,4.6,4.6,-18.5,25.4,0,0,18.5,1,13222,1,13222,22891,22635,10424,22635,15070,971,15070,4654,1748,10625,14058,22137,23286,8374,16469,1136,8263,8846,5503,4907,22226,21058,18017,2246,150,21644,1,7:48
2024-25,1641757,Jordan Miller,Jordan,1610612746,LAC,LA Clippers,0022401213,2024-12-13T00:00:00,LAC @ DEN,L,15.033333333333333,0.0,4.8,0.0,0.0,2.4,0.0,0.0,0.0,0.0,0.0,0.0,0.0,4.8,2.4,0.0,0.0,2.4,2.4,0.0,0.0,-26.3,4.8,0,0,4.8,1,13222,1,13222,19532,22635,23612,22635,15070,18819,15070,13505,14344,13505,14058,22137,23286,7944,8679,12854,8263,2235,13233,17725,23200,23093,25019,2246,150,25124,1,15:02
2024-25,1630264,Anthony Gill,Anthony,1610612764,WAS,Washington Wizards,0022401208,2024-12-13T00:00:00,WAS @ CLE,L,7.028333333333333,0.0,10.2,0.0,0.0,10.2,0.0,0.0,0.0,0.0,0.0,5.1,5.1,0.0,5.1,0.0,0.0,0.0,10.2,0.0,0.0,-10.2,1.0,0,0,5.1,1,13222,1,13222,23160,22635,16654,22635,15070,3216,15070,13505,14344,13505,14058,10496,14458,19908,2203,12854,8263,8846,654,17725,23200,17995,25209,2246,150,25094,1,7:02
2024-25,1642354,KJ Simpson,KJ,1610612766,CHA,Charlotte Hornets,0022401212,2024-12-13T00:00:00,CHA @ CHI,L,4.55,0.0,7.9,0.0,0.0,7.9,0.0,0.0,0.0,0.0,0.0,0.0,0.0,7.9,0.0,0.0,7.9,0.0,7.9,0.0,0.0,-23.7,35.6,0,0,23.7,1,13222,1,13222,24199,22635,20394,22635,15070,6595,15070,13505,14344,13505,14058,22137,23286,2981,16469,12854,143,8846,1399,17725,23200,22507,10651,2246,150,18500,1,4:33
2024-25,1642268,Isaiah Collier,Isaiah,1610612762,UTA,Utah Jazz,0022401214,2024-12-13T00:00:00,UTA vs. PHX,L,12.216666666666667,2.9,2.9,1.0,0.0,0.0,0.0,0.0,0.0,0.0,0.0,5.9,5.9,5.9,2.9,2.9,0.0,0.0,0.0,0.0,5.9,8.8,27.7,0,0,23.6,1,13222,1,13222,21145,19537,24506,1,15070,20945,15070,13505,14344,13505,14058,8556,12537,5674,6645,3276,8263,8846,20257,17725,21461,8250,16426,2246,150,18628,1,12:13
2024-25,1626164,Devin Booker,Devin,1610612756,PHX,Phoenix Suns,0022401214,2024-12-13T00:00:00,PHX @ UTA,W,37.916666666666664,12.3,25.6,0.481,5.7,12.3,0.462,1.9,1.9,1.0,1.9,0.0,1.9,7.6,0.0,0.9,0.0,2.8,0.9,0.9,32.3,9.5,48.8,0,0,49.4,1,1,13086,1,1431,1329,703,11953,1563,1594,7119,10954,12980,1,8819,22137,22003,3291,16469,12352,8263,1533,19972,17546,1460,7945,3696,2246,150,2703,1,37:55
2024-25,203903,Jordan Clarkson,Jordan,1610612762,UTA,Utah Jazz,0022401214,2024-12-13T00:00:00,UTA vs. PHX,L,30.533333333333335,9.4,15.3,0.615,4.7,7.1,0.667,3.5,4.7,0.75,0.0,2.4,2.4,4.7,3.5,1.2,1.2,2.4,4.7,4.7,27.1,-4.7,40.6,0,0,43.6,1,13222,1,13222,7291,3977,8067,5246,2709,8309,1957,6627,6453,8186,14058,18599,21082,8153,4938,10355,6307,2316,5245,4690,3153,15427,7423,2246,150,4870,1,30:32
2024-25,1630217,Desmond Bane,Desmond,1610612763,MEM,Memphis Grizzlies,0022401211,2024-12-13T00:00:00,MEM vs. BKN,W,28.15,10.2,17.9,0.571,2.6,7.7,0.333,3.8,3.8,1.0,1.3,3.8,5.1,10.2,0.0,1.3,2.6,0.0,1.3,1.3,26.9,25.6,59.9,0,0,52.4,1,1,13086,1,9420,2990,4805,6538,7950,7043,9209,6005,8164,1,11305,14213,14474,1321,16469,9589,2281,8846,18130,15994,3268,2698,1213,2246,150,1937,1,28:09
2024-25,1630581,Josh Giddey,Josh,1610612741,CHI,Chicago Bulls,0022401212,2024-12-13T00:00:00,CHI vs. CHA,W,29.4,8.6,15.9,0.538,3.7,9.8,0.375,0.0,0.0,0.0,3.7,7.3,11.0,8.6,6.1,4.9,0.0,1.2,1.2,0.0,20.8,18.4,55.5,0,0,53.9,1,1,13086,1,8307,5483,7226,7978,4747,3730,8800,13505,14344,13505,4080,5755,4392,2364,1309,959,8263,6099,18406,17725,7223,4443,1897,2246,150,1646,1,29:24
2024-25,1629003,Shake Milton,Shake,1610612751,BKN,Brooklyn Nets,0022401211,2024-12-13T00:00:00,BKN @ MEM,L,16.466666666666665,8.7,17.5,0.5,0.0,6.6,0.0,8.7,10.9,0.8,4.4,4.4,8.7,6.6,0.0,4.4,0.0,0.0,2.2,8.7,26.2,15.3,59.7,0,0,50.3,1,13222,1,13222,18617,5190,5258,8526,15070,9414,15070,1093,1044,7681,3082,12593,7106,4629,16469,1324,8263,8846,14152,735,3568,5504,1225,2246,150,2453,1,16:28
2024-25,1642265,Rob Dillingham,Rob,1610612750,MIN,Minnesota Timberwolves,0022401210,2024-12-13T00:00:00,MIN vs. LAL,W,7.55,9.5,23.8,0.4,9.5,14.3,0.667,0.0,0.0,0.0,0.0,0.0,0.0,4.8,0.0,4.8,0.0,4.8,0.0,4.8,28.6,-47.7,50.1,0,0,52.5,1,1,13086,1,22976,3827,1107,14933,249,848,1957,13505,14344,13505,14058,22137,23286,7999,16469,1039,8263,419,20257,4573,2565,25301,3257,2246,150,1933,1,7:33
2024-25,1642346,Ryan Dunn,Ryan,1610612756,PHX,Phoenix Suns,0022401214,2024-12-13T00:00:00,PHX @ UTA,W,13.3,13.5,16.2,0.833,5.4,8.1,0.667,2.7,5.4,0.5,0.0,2.7,2.7,0.0,2.7,2.7,5.4,0.0,5.4,5.4,35.2,-16.2,60.1,0,0,59.5,1,1,13086,1,20597,842,6763,1514,1829,6239,1957,8567,5296,10625,14058,17676,20435,19908,7512,3891,415,8846,3832,3458,937,20334,1185,2246,150,867,1,13:18
2024-25,1641705,Victor Wembanyama,Victor,1610612759,SAS,San Antonio Spurs,0022401215,2024-12-13T00:00:00,SAS @ POR,W,34.06666666666667,8.5,20.1,0.421,2.1,6.3,0.333,10.6,10.6,1.0,1.1,6.3,7.4,7.4,3.2,1.1,2.1,0.0,3.2,9.5,29.6,3.2,55.9,0,0,52.8,1,1,13086,1,4190,5702,2908,14442,9627,9886,9209,554,1172,1,12818,7616,9377,3517,5907,11427,3169,8846,9998,522,2245,11033,1823,2246,150,1843,1,34:04
2024-25,1628386,Jarrett Allen,Jarrett,1610612739,CLE,Cleveland Cavaliers,0022401208,2024-12-13T00:00:00,CLE vs. WAS,W,33.36666666666667,7.6,9.7,0.778,0.0,0.0,0.0,7.6,10.8,0.7,3.2,8.6,11.9,2.2,1.1,1.1,1.1,0.0,0.0,8.6,22.7,8.6,45.5,1,0,41.0,1,1,13086,1,4841,7634,17558,1994,15070,20945,15070,1637,1087,9366,4868,3899,3600,15775,15283,11203,6919,8846,20257,777,5731,8345,4929,1,150,6202,1,33:22
2024-25,201142,Kevin Durant,Kevin,1610612756,PHX,Phoenix Suns,0022401214,2024-12-13T00:00:00,PHX @ UTA,W,33.916666666666664,8.5,18.0,0.471,2.1,5.3,0.4,12.7,12.7,1.0,0.0,3.2,3.2,8.5,1.1,1.1,1.1,1.1,2.1,6.4,31.8,6.4,53.7,0,0,49.9,1,1,13086,1,4334,5629,4619,12143,9579,12445,7874,279,624,1,14058,16147,19280,2430,15414,11376,7050,7387,14508,2220,1562,9436,2271,2246,150,2567,1,33:55
2024-25,201959,Taj Gibson,Taj,1610612766,CHA,Charlotte Hornets,0022401212,2024-12-13T00:00:00,CHA @ CHI,L,0.955,0.0,0.0,0.0,0.0,0.0,0.0,0.0,0.0,0.0,0.0,0.0,0.0,0.0,0.0,37.7,0.0,0.0,0.0,0.0,0.0,-75.4,113.1,0,0,75.4,1,13222,1,13222,26073,22635,24836,22635,15070,20945,15070,13505,14344,13505,14058,22137,23286,19908,16469,6,8263,8846,20257,17725,23200,25967,47,2246,150,225,1,0:57
2024-25,1641816,Hunter Tyson,Hunter,1610612743,DEN,Denver Nuggets,0022401213,2024-12-13T00:00:00,DEN vs. LAC,W,4.683333333333334,7.7,7.7,1.0,7.7,7.7,1.0,15.4,15.4,1.0,0.0,7.7,7.7,0.0,15.4,0.0,0.0,0.0,7.7,7.7,38.4,0.0,32.3,0,0,53.8,1,1,13086,1,24147,7297,20666,1,535,7022,1,158,324,1,14058,5178,8819,19908,104,12854,8263,8846,1513,1206,563,12240,13099,2246,150,1655,1,4:41
2024-25,1629618,Jalen Pickett,Jalen,1610612743,DEN,Denver Nuggets,0022401213,2024-12-13T00:00:00,DEN vs. LAC,W,4.15,8.7,8.7,1.0,8.7,8.7,1.0,0.0,0.0,0.0,0.0,0.0,0.0,8.7,0.0,0.0,0.0,0.0,0.0,0.0,26.0,0.0,39.0,0,0,43.4,1,1,13086,1,24401,5300,19232,1,336,5306,1,13505,14344,13505,14058,22137,23286,2286,16469,12854,8263,8846,20257,17725,3670,12240,8381,2246,150,4975,1,4:09
2024-25,1630583,Santi Aldama,Santi,1610612763,MEM,Memphis Grizzlies,0022401211,2024-12-13T00:00:00,MEM vs. BKN,W,25.766666666666666,8.4,15.4,0.545,7.0,12.6,0.556,4.2,7.0,0.6,0.0,8.4,8.4,0.0,2.8,0.0,0.0,0.0,0.0,7.0,27.9,16.8,35.2,0,0,43.3,1,1,13086,1,11353,5833,8009,7695,771,1492,3747,5357,3376,10343,14058,4177,7647,19908,7235,12854,8263,8846,20257,1669,2810,4981,10927,2246,150,4991,1,25:46
2024-25,204456,T.J. McConnell,T.J.,1610612754,IND,Indiana Pacers,0022401209,2024-12-13T00:00:00,IND @ PHI,W,18.358333333333334,9.8,19.6,0.5,0.0,2.0,0.0,2.0,2.0,1.0,2.0,2.0,3.9,7.8,2.0,2.0,2.0,3.9,2.0,2.0,21.6,-11.8,47.8,0,0,41.2,1,1,13086,1,17316,3469,3268,8526,15070,19627,15070,10775,12834,1,8572,19790,17508,3051,10719,6448,3600,675,15353,13272,6576,18652,4027,2246,150,6089,1,18:22
2024-25,101108,Chris Paul,Chris,1610612759,SAS,San Antonio Spurs,0022401215,2024-12-13T00:00:00,SAS @ POR,W,10.95,6.6,6.6,1.0,3.3,3.3,1.0,0.0,0.0,0.0,0.0,9.9,9.9,13.2,6.6,3.3,0.0,0.0,3.3,3.3,16.4,23.0,51.3,0,0,49.3,1,1,13086,1,21728,9998,22035,1,5707,17094,1,13505,14344,13505,14058,2675,5580,504,1091,2584,8263,8846,9494,8283,11458,3265,2900,2246,150,2728,1,10:57
2024-25,1631109,Mark Williams,Mark,1610612766,CHA,Charlotte Hornets,0022401212,2024-12-13T00:00:00,CHA @ CHI,L,17.433333333333334,12.4,14.5,0.857,0.0,0.0,0.0,6.2,8.3,0.75,8.3,10.3,18.6,4.1,0.0,0.0,2.1,0.0,6.2,6.2,31.0,-24.8,65.7,0,0,57.8,1,13222,1,13222,17972,1303,9424,1412,15070,20945,15070,2678,2343,8186,710,2334,778,9575,16469,12854,3304,8846,2716,2397,1780,22759,656,2246,150,1052,1,17:26
2024-25,1641763,Julian Phillips,Julian,1610612741,CHI,Chicago Bulls,0022401212,2024-12-13T00:00:00,CHI vs. CHA,W,9.416666666666666,11.5,19.1,0.6,7.6,15.3,0.5,0.0,3.8,0.0,0.0,3.8,3.8,0.0,0.0,3.8,0.0,0.0,11.5,3.8,30.6,0.0,46.6,0,0,49.7,1,1,13086,1,22306,1888,3648,5394,542,630,3944,13505,8194,13505,14058,14253,17767,19908,16469,1822,8263,8846,478,6786,1902,12240,4473,2246,150,2612,1,9:25
2024-25,1630169,Tyrese Haliburton,Tyrese,1610612754,IND,Indiana Pacers,0022401209,2024-12-13T00:00:00,IND @ PHI,W,34.525,12.5,24.0,0.522,7.3,15.6,0.467,1.0,1.0,1.0,1.0,2.1,3.1,11.5,2.1,1.0,1.0,0.0,1.0,2.1,33.4,21.9,58.5,1,0,59.4,1,1,13086,1,3837,1235,1071,8473,665,579,7108,13102,14145,1,12925,19402,19420,849,10071,11563,7181,8846,19455,12681,1251,3484,1409,1,150,878,1,34:32
2024-25,1630188,Jalen Smith,Jalen,1610612741,CHI,Chicago Bulls,0022401212,2024-12-13T00:00:00,CHI vs. CHA,W,28.766666666666666,3.8,12.5,0.3,1.3,6.3,0.2,5.0,7.5,0.667,3.8,10.0,13.8,2.5,0.0,0.0,6.3,1.3,5.0,6.3,13.8,17.5,52.8,1,0,43.8,1,1,13086,1,8867,17696,12702,19363,13094,10068,13429,4030,2900,9425,3959,2577,2354,14537,16469,12854,271,5924,4595,2326,14206,4732,2506,1,150,4780,1,28:46
2024-25,1629645,Kevin Porter Jr.,Kevin,1610612746,LAC,LA Clippers,0022401213,2024-12-13T00:00:00,LAC @ DEN,L,24.033333333333335,9.0,18.0,0.5,3.0,6.0,0.5,3.0,6.0,0.5,0.0,4.5,4.5,6.0,1.5,3.0,0.0,0.0,6.0,6.0,24.0,-31.5,45.8,0,0,43.4,1,13222,1,13222,12869,4733,4725,8526,6537,10721,3944,7823,4493,10625,14058,12277,16067,5517,12749,3161,8263,8846,2959,2635,4829,23959,4812,2246,150,4946,1,24:02
2024-25,1629630,Ja Morant,Ja,1610612763,MEM,Memphis Grizzlies,0022401211,2024-12-13T00:00:00,MEM vs. BKN,W,32.083333333333336,11.2,21.3,0.526,3.4,6.7,0.5,5.6,9.0,0.625,2.2,5.6,7.9,11.2,3.4,1.1,0.0,1.1,2.2,7.9,31.4,28.1,57.7,1,0,56.1,1,1,13086,1,5901,2077,2145,8379,5468,9048,3944,3306,1884,10271,7443,9285,8541,933,5318,10849,8263,6857,13903,1095,1661,2265,1523,1,150,1287,1,32:05
2024-25,1630539,Kai Jones,Kai,1610612746,LAC,LA Clippers,0022401213,2024-12-13T00:00:00,LAC @ DEN,L,4.683333333333334,0.0,0.0,0.0,0.0,0.0,0.0,15.4,15.4,1.0,7.7,0.0,7.7,7.7,7.7,15.4,0.0,0.0,7.7,7.7,15.4,0.0,74.6,0,0,61.5,1,13222,1,13222,24147,22635,24836,22635,15070,20945,15070,158,324,1,886,22137,8819,3197,664,44,8263,8846,1513,1206,12545,12240,304,2246,150,691,1,4:41
2024-25,1628436,Luke Kornet,Luke,1610612738,BOS,Boston Celtics,0022401205,2024-12-12T00:00:00,BOS vs. DET,W,12.533333333333333,14.4,14.4,1.0,0.0,0.0,0.0,5.7,8.6,0.667,5.7,14.4,20.1,2.9,0.0,0.0,0.0,0.0,2.9,5.7,34.5,46.0,62.9,0,0,57.4,1,1,13086,1,20972,610,9589,1,15070,20945,15070,3142,2112,9425,1779,684,512,13367,16469,12854,8263,8846,11299,2976,1047,664,885,2246,150,1108,1,12:32
2024-25,1630202,Payton Pritchard,Payton,1610612738,BOS,Boston Celtics,0022401205,2024-12-12T00:00:00,BOS vs. DET,W,31.0,11.6,23.2,0.5,8.1,17.4,0.467,0.0,0.0,0.0,0.0,4.6,4.6,11.6,1.2,0.0,0.0,1.2,0.0,1.2,31.4,25.5,53.2,1,0,55.7,1,1,13086,1,6873,1798,1309,8526,428,381,7108,13505,14344,13505,14058,11868,15714,809,14718,12854,8263,6543,20257,16593,1679,2707,2398,1,150,1353,1,31:00
2024-25,1627734,Domantas Sabonis,Domantas,1610612758,SAC,Sacramento Kings,0022401207,2024-12-12T00:00:00,SAC @ NOP,W,34.28333333333333,11.6,15.8,0.733,1.1,1.1,1.0,9.5,9.5,1.0,6.3,14.7,21.0,3.2,1.1,2.1,0.0,1.1,3.2,6.3,33.6,6.3,68.8,1,0,63.0,1,1,13086,1,4024,1837,7473,2644,14249,20811,1,860,1637,1,1473,623,417,12478,15486,5783,8263,7490,10085,2282,1196,9469,491,1,150,576,1,34:17
2024-25,1628401,Derrick White,Derrick,1610612738,BOS,Boston Celtics,0022401205,2024-12-12T00:00:00,BOS vs. DET,W,30.583333333333332,8.2,15.3,0.538,8.2,14.1,0.583,2.4,2.4,1.0,1.2,1.2,2.4,4.7,2.4,2.4,1.2,0.0,0.0,2.4,27.1,16.5,45.2,0,0,49.4,1,1,13086,1,7243,6113,8113,7978,409,892,3489,9436,11608,1,11943,21571,21088,8169,8840,4851,6315,8846,20257,11518,3177,5078,5083,2246,150,2687,1,30:35
2024-25,1629628,RJ Barrett,RJ,1610612761,TOR,Toronto Raptors,0022401206,2024-12-12T00:00:00,TOR @ MIA,L,33.755,5.3,19.2,0.278,1.1,4.3,0.25,2.1,2.1,1.0,1.1,10.7,11.7,10.7,6.4,0.0,3.2,1.1,3.2,1.1,13.9,4.3,47.1,1,1,43.7,1,13222,1,13222,4479,13462,3594,20025,14156,14982,11902,10197,12316,1,12743,2112,3727,1131,1180,12854,1481,7354,9876,17086,14083,10507,4266,1,1,4819,1,33:45
2024-25,1628981,Bruno Fernando,Bruno,1610612761,TOR,Toronto Raptors,0022401206,2024-12-12T00:00:00,TOR @ MIA,L,2.0166666666666666,17.9,17.9,1.0,0.0,0.0,0.0,0.0,0.0,0.0,0.0,0.0,0.0,0.0,0.0,17.9,0.0,0.0,0.0,0.0,35.7,35.7,89.3,0,0,71.4,1,13222,1,13222,25446,223,4847,1,15070,20945,15070,13505,14344,13505,14058,22137,23286,19908,16469,32,8263,8846,20257,17725,874,1322,103,2246,150,293,1,2:01
2024-25,1641842,Ronald Holland II,Ronald,1610612765,DET,Detroit Pistons,0022401205,2024-12-12T00:00:00,DET @ BOS,L,20.968333333333334,18.9,24.0,0.786,3.4,8.6,0.4,3.4,3.4,1.0,1.7,3.4,5.2,0.0,1.7,0.0,0.0,0.0,3.4,5.2,44.6,-6.9,49.1,0,0,53.2,1,13222,1,13222,15313,178,1044,1975,5308,5444,7874,6828,9023,1,9517,15429,14398,19908,11859,12854,8263,8846,8966,3850,265,16457,3584,2246,150,1755,1,20:58
2024-25,204001,Kristaps Porziņģis,Kristaps,1610612738,BOS,Boston Celtics,0022401205,2024-12-12T00:00:00,BOS vs. DET,W,30.10333333333333,9.6,21.5,0.444,2.4,8.4,0.286,1.2,2.4,0.5,0.0,9.6,9.6,2.4,1.2,1.2,2.4,2.4,0.0,2.4,22.7,27.5,47.4,0,0,44.2,1,1,13086,1,7687,3779,2015,13045,8515,5797,11433,12608,11514,10625,14058,2949,5965,14908,14473,10210,2575,2244,20257,11387,5688,2343,4190,2246,150,4576,1,30:06
2024-25,1630534,Ochai Agbaji,Ochai,1610612761,TOR,Toronto Raptors,0022401206,2024-12-12T00:00:00,TOR @ MIA,L,30.111666666666668,7.2,9.6,0.75,1.2,3.6,0.333,0.0,0.0,0.0,1.2,2.4,3.6,0.0,0.0,1.2,0.0,0.0,3.6,0.0,15.5,1.2,23.4,0,0,22.7,1,13222,1,13222,7682,8528,17828,2107,13395,16475,9209,13505,14344,13505,11817,18512,18351,19908,16469,10213,8263,8846,8472,17725,12382,12019,19293,2246,150,19203,1,30:07
2024-25,1631120,JD Davison,JD,1610612738,BOS,Boston Celtics,0022401205,2024-12-12T00:00:00,BOS vs. DET,W,6.533333333333333,5.5,5.5,1.0,5.5,5.5,1.0,0.0,0.0,0.0,0.0,0.0,0.0,0.0,11.0,0.0,0.0,0.0,0.0,0.0,16.5,-33.1,5.5,0,0,22.0,1,1,13086,1,23356,12959,23081,1,1727,11923,1,13505,14344,13505,14058,22137,23286,19908,255,12854,8263,8846,20257,17725,11358,24172,24964,2246,150,19653,1,6:32
2024-25,1628370,Malik Monk,Malik,1610612758,SAC,Sacramento Kings,0022401207,2024-12-12T00:00:00,SAC @ NOP,W,34.28333333333333,2.1,11.6,0.182,1.1,5.3,0.2,0.0,0.0,0.0,0.0,3.2,3.2,9.5,2.1,1.1,1.1,0.0,2.1,2.1,5.3,6.3,27.4,0,0,23.1,1,1,13086,1,4024,21233,14384,21891,14249,12590,13429,13505,14344,13505,14058,16257,19370,1726,9997,11493,7135,8846,14610,12608,21882,9469,16653,2246,150,18933,1,34:17
2024-25,1631099,Keegan Murray,Keegan,1610612758,SAC,Sacramento Kings,0022401207,2024-12-12T00:00:00,SAC @ NOP,W,33.93333333333333,7.4,14.9,0.5,3.2,7.4,0.429,1.1,1.1,1.0,5.3,4.2,9.5,0.0,0.0,0.0,0.0,2.1,4.2,2.1,19.1,1.1,30.6,0,0,31.8,1,1,13086,1,4325,7943,8816,8526,6000,7550,7394,13041,14111,1,2088,12988,5995,19908,16469,12854,8263,2861,6439,12518,8764,12109,14388,2246,150,12514,1,33:56
2024-25,203482,Kelly Olynyk,Kelly,1610612761,TOR,Toronto Raptors,0022401206,2024-12-12T00:00:00,TOR @ MIA,L,11.616666666666667,0.0,18.6,0.0,0.0,9.3,0.0,0.0,6.2,0.0,0.0,12.4,12.4,6.2,0.0,6.2,0.0,0.0,3.1,3.1,0.0,-12.4,42.8,0,0,31.0,1,13222,1,13222,21445,22635,4127,22635,15070,4382,15070,13505,4232,13505,14058,1192,3197,5162,16469,428,8263,8846,10274,8888,23200,18899,6240,2246,150,13174,1,11:37
2024-25,1629639,Tyler Herro,Tyler,1610612748,MIA,Miami Heat,0022401206,2024-12-12T00:00:00,MIA vs. TOR,W,32.31,10.0,14.5,0.692,4.5,7.8,0.571,1.1,1.1,1.0,0.0,4.5,4.5,4.5,2.2,0.0,0.0,0.0,1.1,1.1,25.6,33.4,35.4,0,0,39.0,1,1,13086,1,5725,3193,9384,3171,3136,6795,3506,12877,14022,1,14058,12384,16157,8754,9392,12854,8263,8846,19022,16849,3862,1581,10782,2246,150,7383,1,32:19
2024-25,1642419,Jamison Battle,Jamison,1610612761,TOR,Toronto Raptors,0022401206,2024-12-12T00:00:00,TOR @ MIA,L,15.016666666666667,7.2,9.6,0.75,4.8,4.8,1.0,0.0,0.0,0.0,2.4,2.4,4.8,2.4,0.0,0.0,0.0,2.4,0.0,0.0,19.2,-9.6,28.5,0,0,31.2,1,13222,1,13222,19551,8476,17796,2107,2569,13722,1,13505,14344,13505,6934,18495,15315,14886,16469,12854,8263,2227,20257,17725,8671,17715,15863,2246,150,13028,1,15:01
2024-25,1631165,Keon Ellis,Keon,1610612758,SAC,Sacramento Kings,0022401207,2024-12-12T00:00:00,SAC @ NOP,W,19.716666666666665,0.0,3.7,0.0,0.0,3.7,0.0,3.7,3.7,1.0,1.8,5.5,7.3,0.0,1.8,1.8,0.0,0.0,3.7,3.7,3.7,3.7,16.1,0,0,14.6,1,1,13086,1,16246,22635,24251,22635,15070,16322,15070,6381,8577,1,9145,9595,9566,19908,11432,7129,8263,8846,8255,7257,22718,10834,22827,2246,150,23213,1,19:43
2024-25,202699,Tobias Harris,Tobias,1610612765,DET,Detroit Pistons,0022401205,2024-12-12T00:00:00,DET @ BOS,L,25.633333333333333,5.6,12.6,0.444,1.4,4.2,0.333,0.0,0.0,0.0,1.4,9.8,11.2,4.2,0.0,0.0,0.0,0.0,0.0,0.0,12.6,-19.7,32.4,0,0,29.5,1,13222,1,13222,11458,12656,12500,13045,12434,15083,9209,13505,14344,13505,10730,2701,4209,9354,16469,12854,8263,8846,20257,17725,15450,21454,12990,2246,150,14327,1,25:38
2024-25,201950,Jrue Holiday,Jrue,1610612738,BOS,Boston Celtics,0022401205,2024-12-12T00:00:00,BOS vs. DET,W,25.0,5.8,11.5,0.5,2.9,5.8,0.5,2.9,2.9,1.0,2.9,7.2,10.1,8.6,1.4,0.0,0.0,0.0,1.4,1.4,17.3,24.5,40.9,0,0,38.9,1,1,13086,1,12008,12230,14438,8526,6939,11296,3944,8148,10283,1,5640,5993,5344,2309,13058,12854,8263,8846,17478,15277,10543,2929,7228,2246,150,7463,1,25:00
2024-25,1630191,Isaiah Stewart,Isaiah,1610612765,DET,Detroit Pistons,0022401205,2024-12-12T00:00:00,DET @ BOS,L,27.513333333333332,1.3,2.6,0.5,0.0,0.0,0.0,0.0,0.0,0.0,2.6,3.9,6.5,0.0,0.0,0.0,1.3,0.0,0.0,0.0,2.6,-14.4,14.4,0,0,11.8,1,13222,1,13222,9939,22394,24612,8526,15070,20945,15070,13505,14344,13505,6305,13951,11082,19908,16469,12854,5614,8846,20257,17725,23047,19653,23367,2246,150,24041,1,27:31
2024-25,1631170,Jaime Jaquez Jr.,Jaime,1610612748,MIA,Miami Heat,0022401206,2024-12-12T00:00:00,MIA vs. TOR,W,15.75,6.9,11.4,0.6,0.0,2.3,0.0,0.0,0.0,0.0,2.3,4.6,6.9,0.0,2.3,0.0,0.0,0.0,6.9,0.0,13.7,-41.1,19.7,0,0,20.6,1,1,13086,1,19100,9273,14607,5394,15070,19015,15070,13505,14344,13505,7292,12070,10414,19908,9141,12854,8263,8846,2097,17725,14256,24918,21338,2246,150,20526,1,15:45
2024-25,1631323,Simone Fontecchio,Simone,1610612765,DET,Detroit Pistons,0022401205,2024-12-12T00:00:00,DET @ BOS,L,16.516666666666666,2.2,8.7,0.25,2.2,6.5,0.333,6.5,8.7,0.75,0.0,2.2,2.2,2.2,2.2,0.0,0.0,0.0,2.2,4.4,13.1,-15.3,16.8,0,0,19.6,1,13222,1,13222,18595,21074,19157,20233,9311,9454,9209,2368,2041,8186,14058,19128,21453,15693,9597,12854,8263,8846,14188,5454,15014,19997,22566,2246,150,21087,1,16:31
2024-25,1642403,Isaac Jones,Isaac,1610612758,SAC,Sacramento Kings,0022401207,2024-12-12T00:00:00,SAC @ NOP,W,4.766666666666667,0.0,15.1,0.0,0.0,7.6,0.0,0.0,0.0,0.0,0.0,0.0,0.0,0.0,0.0,0.0,0.0,7.6,0.0,0.0,0.0,-52.9,0.0,0,0,0.0,1,1,13086,1,24110,22635,8412,22635,15070,7266,15070,13505,14344,13505,14058,22137,23286,19908,16469,12854,8263,124,20257,17725,23200,25506,25228,2246,150,25259,1,4:46
2024-25,1630214,Xavier Tillman,Xavier,1610612738,BOS,Boston Celtics,0022401205,2024-12-12T00:00:00,BOS vs. DET,W,3.8833333333333333,0.0,9.3,0.0,0.0,9.3,0.0,0.0,0.0,0.0,0.0,0.0,0.0,0.0,0.0,0.0,0.0,0.0,0.0,0.0,0.0,-27.8,0.0,0,0,0.0,1,1,13086,1,24546,22635,18302,22635,15070,4418,15070,13505,14344,13505,14058,22137,23286,19908,16469,12854,8263,8846,20257,17725,23200,23394,25228,2246,150,25259,1,3:53
2024-25,1627751,Jakob Poeltl,Jakob,1610612761,TOR,Toronto Raptors,0022401206,2024-12-12T00:00:00,TOR @ MIA,L,27.1,9.3,15.9,0.583,0.0,1.3,0.0,2.7,4.0,0.667,2.7,2.7,5.3,2.7,1.3,1.3,1.3,0.0,2.7,2.7,21.3,-23.9,38.3,0,0,34.5,1,13222,1,13222,10268,4204,7204,6296,15070,20468,15070,8669,7871,9425,6210,17795,14008,14020,13677,9308,5523,8846,12214,10452,6874,22547,8853,2246,150,10416,1,27:06
2024-25,1641998,Trey Jemison III,Trey,1610612740,NOP,New Orleans Pelicans,0022401207,2024-12-12T00:00:00,NOP vs. SAC,L,2.683333333333333,0.0,0.0,0.0,0.0,0.0,0.0,13.4,26.8,0.5,0.0,0.0,0.0,0.0,0.0,13.4,0.0,0.0,0.0,13.4,13.4,-13.4,53.7,0,0,40.2,1,13222,1,13222,25134,22635,24836,22635,15070,20945,15070,240,69,10625,14058,22137,23286,19908,16469,59,8263,8846,20257,138,14594,19273,2281,2246,150,6646,1,2:41
2024-25,1631115,Orlando Robinson,Orlando,1610612758,SAC,Sacramento Kings,0022401207,2024-12-12T00:00:00,SAC @ NOP,W,2.5166666666666666,0.0,0.0,0.0,0.0,0.0,0.0,0.0,0.0,0.0,0.0,0.0,0.0,0.0,0.0,0.0,0.0,0.0,0.0,0.0,0.0,-14.3,0.0,0,0,0.0,1,1,13086,1,25203,22635,24836,22635,15070,20945,15070,13505,14344,13505,14058,22137,23286,19908,16469,12854,8263,8846,20257,17725,23200,19617,25228,2246,150,25259,1,2:31
2024-25,1628464,Daniel Theis,Daniel,1610612740,NOP,New Orleans Pelicans,0022401207,2024-12-12T00:00:00,NOP vs. SAC,L,14.4,5.0,7.5,0.667,2.5,2.5,1.0,5.0,5.0,1.0,2.5,2.5,5.0,5.0,2.5,2.5,0.0,0.0,10.0,2.5,17.5,12.5,36.0,0,0,35.0,1,13222,1,13222,19952,14383,20924,3281,8148,18620,1,4039,5921,1,6609,18186,14788,7471,8244,4386,8263,8846,701,10987,10324,6597,10366,2246,150,10093,1,14:24
2024-25,203458,Alex Len,Alex,1610612758,SAC,Sacramento Kings,0022401207,2024-12-12T00:00:00,SAC @ NOP,W,6.433333333333334,0.0,0.0,0.0,0.0,0.0,0.0,0.0,0.0,0.0,5.6,0.0,5.6,5.6,0.0,0.0,0.0,0.0,5.6,0.0,0.0,22.4,15.1,0,0,11.2,1,1,13086,1,23394,22635,24836,22635,15070,20945,15070,13505,14344,13505,1883,22137,13296,6256,16469,12854,8263,8846,3554,17725,23200,3385,23143,2246,150,24175,1,6:26
2024-25,1641732,Colby Jones,Colby,1610612758,SAC,Sacramento Kings,0022401207,2024-12-12T00:00:00,SAC @ NOP,W,4.566666666666666,0.0,0.0,0.0,0.0,0.0,0.0,0.0,0.0,0.0,0.0,0.0,0.0,0.0,0.0,0.0,0.0,0.0,7.9,0.0,0.0,-55.2,0.0,0,0,0.0,1,1,13086,1,24188,22635,24836,22635,15070,20945,15070,13505,14344,13505,14058,22137,23286,19908,16469,12854,8263,8846,1412,17725,23200,25572,25228,2246,150,25259,1,4:34
2024-25,1631288,Jamal Cain,Jamal,1610612740,NOP,New Orleans Pelicans,0022401207,2024-12-12T00:00:00,NOP vs. SAC,L,15.533333333333333,0.0,2.3,0.0,0.0,2.3,0.0,2.3,4.6,0.5,2.3,7.0,9.3,0.0,0.0,0.0,0.0,0.0,2.3,2.3,2.3,7.0,13.4,0,0,11.6,1,13222,1,13222,19234,22635,24692,22635,15070,18953,15070,9563,6598,10625,7181,6442,6352,19908,16469,12854,8263,8846,13567,11669,23107,9159,23651,2246,150,24085,1,15:32
2024-25,1630558,Davion Mitchell,Davion,1610612761,TOR,Toronto Raptors,0022401206,2024-12-12T00:00:00,TOR @ MIA,L,20.6,7.0,10.5,0.667,1.7,1.7,1.0,5.2,5.2,1.0,1.7,1.7,3.5,10.5,1.7,0.0,0.0,0.0,10.5,3.5,21.0,-12.2,39.1,0,0,36.7,1,13222,1,13222,15566,8957,16252,3281,11261,19988,1,3720,5540,1,9423,20358,18560,1210,11752,12854,8263,8846,615,7675,7114,18832,8303,2246,150,8917,1,20:36
2024-25,1630595,Cade Cunningham,Cade,1610612765,DET,Detroit Pistons,0022401205,2024-12-12T00:00:00,DET @ BOS,L,35.36333333333334,9.2,22.4,0.409,0.0,4.1,0.0,0.0,0.0,0.0,1.0,7.1,8.1,8.1,3.1,0.0,1.0,0.0,1.0,2.0,18.3,-19.3,40.3,0,0,36.6,1,13222,1,13222,3187,4420,1635,14895,15070,15423,15070,13505,14344,13505,13110,6133,8018,2752,6271,12854,7362,8846,19589,12898,9497,21354,7565,2246,150,8950,1,35:22
2024-25,1629312,Haywood Highsmith,Haywood,1610612748,MIA,Miami Heat,0022401206,2024-12-12T00:00:00,MIA vs. TOR,W,18.966666666666665,5.7,19.0,0.3,5.7,11.4,0.5,0.0,0.0,0.0,1.9,3.8,5.7,0.0,3.8,0.0,0.0,3.8,0.0,0.0,17.1,-11.4,20.1,0,0,28.5,1,1,13086,1,16851,12437,3776,19363,1565,2183,3944,13505,14344,13505,8821,14329,13036,19908,4329,12854,8263,734,20257,17725,10763,18476,21101,2246,150,15095,1,18:58
2024-25,1628389,Bam Adebayo,Bam,1610612748,MIA,Miami Heat,0022401206,2024-12-12T00:00:00,MIA vs. TOR,W,34.516666666666666,8.3,17.7,0.471,1.0,3.1,0.333,4.2,6.3,0.667,3.1,13.6,16.7,5.2,1.0,0.0,1.0,1.0,2.1,5.2,21.9,7.3,51.8,1,0,46.9,1,1,13086,1,3842,5901,4978,12143,14290,17405,9209,5392,4171,9425,5079,863,1211,7007,15536,12854,7177,7548,14670,3757,6285,8984,2751,1,150,3507,1,34:31
2024-25,1630527,Brandon Boston,Brandon,1610612740,NOP,New Orleans Pelicans,0022401207,2024-12-12T00:00:00,NOP vs. SAC,L,25.65,4.2,12.6,0.333,1.4,5.6,0.25,2.8,2.8,1.0,1.4,4.2,5.6,2.8,1.4,1.4,1.4,0.0,2.8,1.4,12.6,2.8,30.6,0,0,28.1,1,13222,1,13222,11448,16561,12507,17395,12440,11678,11902,8334,10473,1,10733,13079,13254,13564,13259,8879,5220,8846,11616,15437,15454,11219,14355,2246,150,15380,1,25:39
2024-25,203468,CJ McCollum,CJ,1610612740,NOP,New Orleans Pelicans,0022401207,2024-12-12T00:00:00,NOP vs. SAC,L,36.96666666666667,13.6,23.4,0.583,5.8,10.7,0.545,1.9,1.9,1.0,0.0,2.9,2.9,2.9,1.9,0.0,0.0,0.0,1.9,2.9,35.1,-3.9,41.0,0,0,46.7,1,13222,1,13222,2010,818,1259,6296,1437,2757,3863,10812,12868,1,14058,17008,19935,13201,10799,12854,8263,8846,15423,9521,947,15011,7173,2246,150,3573,1,36:58
2024-25,1628368,De'Aaron Fox,De'Aaron,1610612758,SAC,Sacramento Kings,0022401207,2024-12-12T00:00:00,SAC @ NOP,W,37.43333333333333,6.7,19.2,0.35,1.0,5.8,0.167,2.9,3.8,0.75,2.9,3.8,6.7,7.7,4.8,1.0,1.0,0.0,1.9,2.9,17.3,2.9,37.9,0,0,36.5,1,1,13086,1,1716,9618,3563,17337,14744,11276,14236,8130,8141,8186,5628,14190,10673,3191,2570,12265,7739,8846,15556,9638,10519,11180,9090,2246,150,9016,1,37:26
2024-25,1642266,Ja'Kobe Walter,Ja'Kobe,1610612761,TOR,Toronto Raptors,0022401206,2024-12-12T00:00:00,TOR @ MIA,L,25.526666666666667,4.2,11.3,0.375,2.8,7.1,0.4,1.4,1.4,1.0,1.4,1.4,2.8,1.4,1.4,1.4,1.4,0.0,0.0,1.4,12.7,-9.9,25.2,0,0,25.4,1,13222,1,13222,11574,16511,14861,16299,7155,8355,7874,11997,13585,1,10694,21053,20195,18309,13220,8837,5185,8846,20257,15404,15400,17828,18115,2246,150,17367,1,25:32
2024-25,1629130,Duncan Robinson,Duncan,1610612748,MIA,Miami Heat,0022401206,2024-12-12T00:00:00,MIA vs. TOR,W,17.783333333333335,8.1,16.2,0.5,0.0,4.0,0.0,0.0,0.0,0.0,0.0,6.1,6.1,6.1,6.1,0.0,0.0,0.0,2.0,0.0,16.2,-32.4,26.5,0,0,28.3,1,1,13086,1,17716,6420,6839,8526,15070,15479,15070,13505,14344,13505,14058,8173,12112,5361,1338,12854,8263,8846,14997,17725,11728,24085,17279,2246,150,15179,1,17:47
2024-25,1641711,Gradey Dick,Gradey,1610612761,TOR,Toronto Raptors,0022401206,2024-12-12T00:00:00,TOR @ MIA,L,30.64,9.4,22.3,0.421,3.5,12.9,0.273,3.5,4.7,0.75,0.0,4.7,4.7,2.3,0.0,0.0,0.0,0.0,5.9,4.7,25.8,-8.2,35.0,0,0,36.4,1,13222,1,13222,7177,4027,1666,14442,5096,1342,11838,6658,6480,8186,14058,11706,15570,15061,16469,12854,8263,8846,3110,4720,3749,17061,11047,2246,150,9085,1,30:38
2024-25,1642274,Yves Missi,Yves,1610612740,NOP,New Orleans Pelicans,0022401207,2024-12-12T00:00:00,NOP vs. SAC,L,30.916666666666668,3.5,4.7,0.75,0.0,0.0,0.0,1.2,1.2,1.0,5.8,7.0,12.8,1.2,1.2,0.0,1.2,0.0,5.8,2.3,8.2,-7.0,27.6,0,0,24.5,1,13222,1,13222,6943,18338,23710,2107,15070,20945,15070,12711,13944,1,1730,6382,2932,19139,14694,12854,6396,8846,3184,11633,19787,16498,16502,2246,150,18036,1,30:55
2024-25,201942,DeMar DeRozan,DeMar,1610612758,SAC,Sacramento Kings,0022401207,2024-12-12T00:00:00,SAC @ NOP,W,34.28333333333333,8.4,18.9,0.444,3.2,3.2,1.0,10.5,11.6,0.909,0.0,3.2,3.2,2.1,1.1,4.2,0.0,0.0,3.2,6.3,30.5,6.3,48.9,0,0,47.3,1,1,13086,1,4024,5802,3840,13045,6097,17365,1,564,880,6764,14058,16257,19370,16000,15486,1458,8263,8846,10085,2282,1934,9469,3653,2246,150,3386,1,34:17
2024-25,1631093,Jaden Ivey,Jaden,1610612765,DET,Detroit Pistons,0022401205,2024-12-12T00:00:00,DET @ BOS,L,26.75,4.0,18.8,0.214,2.7,12.1,0.222,2.7,2.7,1.0,0.0,4.0,4.0,2.7,0.0,1.3,0.0,1.3,1.3,1.3,13.5,-22.9,26.4,0,0,25.6,1,13222,1,13222,10526,17001,3890,21369,7567,1726,13288,8595,10769,1,14058,13611,17226,13932,16469,9209,8263,5416,17838,15700,14564,22306,17364,2246,150,17228,1,26:45
2024-25,1627759,Jaylen Brown,Jaylen,1610612738,BOS,Boston Celtics,0022401205,2024-12-12T00:00:00,BOS vs. DET,W,29.95,7.2,14.4,0.5,1.2,2.4,0.5,1.2,1.2,1.0,1.2,9.6,10.8,7.2,4.8,1.2,0.0,1.2,1.2,3.6,16.8,36.1,39.4,0,0,38.5,1,1,13086,1,7825,8422,9477,8526,13354,18799,3944,12582,13881,1,11783,2904,4579,3739,2572,10158,8263,6244,18529,7374,11029,1281,8115,2246,150,7723,1,29:57
2024-25,201567,Kevin Love,Kevin,1610612748,MIA,Miami Heat,0022401206,2024-12-12T00:00:00,MIA vs. TOR,W,8.8,8.2,16.4,0.5,4.1,8.2,0.5,4.1,8.2,0.5,4.1,8.2,12.3,4.1,4.1,0.0,0.0,0.0,4.1,8.2,24.5,12.3,41.3,0,0,45.0,1,1,13086,1,22532,6242,6592,8526,3803,6111,3944,5540,2392,10625,3462,4444,3290,9680,3688,12854,8263,8846,6868,932,4460,6685,6981,2246,150,4277,1,8:48
2024-25,1627749,Dejounte Murray,Dejounte,1610612740,NOP,New Orleans Pelicans,0022401207,2024-12-12T00:00:00,NOP vs. SAC,L,35.166666666666664,8.2,19.5,0.421,2.0,7.2,0.286,2.0,2.0,1.0,0.0,7.2,7.2,9.2,8.2,1.0,2.0,2.0,2.0,2.0,20.5,-6.1,43.9,0,0,45.0,1,13222,1,13222,3337,6226,3385,14442,9924,8114,11433,10469,12582,1,14058,6069,9824,1858,550,11728,3352,3066,14889,12849,7523,16128,5708,2246,150,4248,1,35:10
2024-25,1626179,Terry Rozier,Terry,1610612748,MIA,Miami Heat,0022401206,2024-12-12T00:00:00,MIA vs. TOR,W,24.773333333333333,1.5,8.7,0.167,1.5,8.7,0.167,2.9,2.9,1.0,2.9,8.7,11.6,0.0,1.5,2.9,0.0,0.0,1.5,1.5,7.3,-7.3,28.5,0,0,26.2,1,1,13086,1,12198,22227,19156,21938,12240,5239,14236,8077,10219,1,5575,3815,3824,19908,13000,3394,8263,8846,17438,15230,20512,16621,15889,2246,150,16828,1,24:46
2024-25,1631204,Marcus Sasser,Marcus,1610612765,DET,Detroit Pistons,0022401205,2024-12-12T00:00:00,DET @ BOS,L,16.733333333333334,8.6,15.1,0.571,2.2,8.6,0.25,0.0,0.0,0.0,2.2,0.0,2.2,8.6,2.2,4.3,2.2,0.0,0.0,0.0,19.4,4.3,52.1,0,0,45.2,1,13222,1,13222,18432,5422,8504,6538,9447,5411,11902,13505,14344,13505,7751,22137,21511,2335,9718,1371,3065,8846,20257,17725,8499,10480,2691,2246,150,4167,1,16:44
2024-25,203501,Tim Hardaway Jr.,Tim,1610612765,DET,Detroit Pistons,0022401205,2024-12-12T00:00:00,DET @ BOS,L,19.166666666666668,5.6,11.3,0.5,0.0,5.6,0.0,0.0,0.0,0.0,3.8,7.5,11.3,1.9,1.9,3.8,0.0,0.0,3.8,0.0,11.3,-15.0,37.0,0,0,31.9,1,13222,1,13222,16703,12600,14892,8526,15070,11619,15070,13505,14344,13505,3956,5474,4174,16819,11167,1906,8263,8846,7889,17725,16924,19913,9696,2246,150,12436,1,19:10
2024-25,1631107,Nikola Jović,Nikola,1610612748,MIA,Miami Heat,0022401206,2024-12-12T00:00:00,MIA vs. TOR,W,24.066666666666666,6.0,7.5,0.8,3.0,3.0,1.0,6.0,10.5,0.571,0.0,6.0,6.0,1.5,0.0,1.5,1.5,1.5,1.5,7.5,20.9,37.4,39.3,0,0,37.4,1,1,13086,1,12825,11564,20959,1688,6551,17683,1,2879,1201,10536,14058,8368,12327,17994,16469,8427,4870,4793,17237,1337,7131,1166,8178,2246,150,8435,1,24:04
2024-25,201143,Al Horford,Al,1610612738,BOS,Boston Celtics,0022401205,2024-12-12T00:00:00,BOS vs. DET,W,19.663333333333334,1.8,5.5,0.333,0.0,3.7,0.0,0.0,0.0,0.0,0.0,11.0,11.0,1.8,0.0,0.0,0.0,0.0,1.8,0.0,3.7,11.0,19.6,0,0,16.5,1,1,13086,1,16298,21706,23097,17395,15070,16306,15070,13505,14344,13505,14058,1912,4427,16994,16469,12854,8263,8846,16030,17725,22715,7242,21366,2246,150,22520,1,19:40
2024-25,1642367,Jonathan Mogbo,Jonathan,1610612761,TOR,Toronto Raptors,0022401206,2024-12-12T00:00:00,TOR @ MIA,L,29.833333333333332,2.4,6.0,0.4,0.0,1.2,0.0,0.0,0.0,0.0,2.4,9.7,12.1,4.8,1.2,1.2,0.0,1.2,2.4,0.0,4.8,-10.9,29.0,0,0,24.1,1,13222,1,13222,7938,20635,22563,14933,15070,20613,15070,13505,14344,13505,6877,2868,3434,7843,14389,10122,8263,6207,13136,17725,22110,18261,15515,2246,150,18239,1,29:50
2024-25,1641809,Drew Peterson,Drew,1610612738,BOS,Boston Celtics,0022401205,2024-12-12T00:00:00,BOS vs. DET,W,19.216666666666665,1.9,5.6,0.333,0.0,3.7,0.0,5.6,5.6,1.0,1.9,3.7,5.6,3.7,1.9,0.0,0.0,0.0,3.7,1.9,9.4,22.5,19.9,0,0,18.7,1,1,13086,1,16650,21622,22977,17395,15070,16110,15070,3296,5020,1,8932,14479,13239,10661,11193,12854,8263,8846,7921,13621,18763,3372,21233,2246,150,21520,1,19:13
2024-25,1628989,Kevin Huerter,Kevin,1610612758,SAC,Sacramento Kings,0022401207,2024-12-12T00:00:00,SAC @ NOP,W,27.783333333333335,2.6,13.0,0.2,1.3,10.4,0.125,2.6,2.6,1.0,1.3,2.6,3.9,1.3,1.3,3.9,0.0,0.0,1.3,1.3,9.1,-3.9,26.0,0,0,23.3,1,1,13086,1,9729,20287,11930,21401,12873,3086,14886,8823,10995,1,11212,17966,17603,18673,13816,1753,8263,8846,18046,15925,19005,15006,17586,2246,150,18786,1,27:47
2024-25,1642347,Jamal Shead,Jamal,1610612761,TOR,Toronto Raptors,0022401206,2024-12-12T00:00:00,TOR @ MIA,L,13.783333333333333,5.2,13.1,0.4,2.6,2.6,1.0,0.0,0.0,0.0,0.0,0.0,0.0,2.6,2.6,2.6,0.0,0.0,5.2,0.0,13.1,-2.6,22.2,0,0,23.5,1,13222,1,13222,20310,13751,11759,14933,7786,18428,1,13505,14344,13505,14058,22137,23286,14176,7827,4113,8263,8846,4153,17725,15029,14364,20025,2246,150,18670,1,13:47
2024-25,1641709,Ausar Thompson,Ausar,1610612765,DET,Detroit Pistons,0022401205,2024-12-12T00:00:00,DET @ BOS,L,13.316666666666666,5.4,16.2,0.333,0.0,2.7,0.0,0.0,0.0,0.0,2.7,5.4,8.1,0.0,2.7,0.0,0.0,2.7,5.4,0.0,10.8,-40.6,17.8,0,0,18.9,1,13222,1,13222,20588,13254,6803,17395,15070,18258,15070,13505,14344,13505,6094,9769,8075,19908,7522,12854,8263,1739,3844,17725,17354,24886,22165,2246,150,21418,1,13:19
2024-25,1641775,Jordan Walsh,Jordan,1610612738,BOS,Boston Celtics,0022401205,2024-12-12T00:00:00,BOS vs. DET,W,13.483333333333333,2.7,8.0,0.333,0.0,5.3,0.0,0.0,0.0,0.0,2.7,5.3,8.0,2.7,0.0,2.7,0.0,0.0,0.0,0.0,5.3,-13.3,27.0,0,0,21.4,1,1,13086,1,20496,20152,20246,17395,15070,12353,15070,13505,14344,13505,6175,9927,8248,13988,16469,3973,8263,8846,20257,17725,21827,19252,16976,2246,150,20066,1,13:29
2024-25,1630696,Dru Smith,Dru,1610612748,MIA,Miami Heat,0022401206,2024-12-12T00:00:00,MIA vs. TOR,W,33.6,3.2,7.5,0.429,1.1,3.2,0.333,4.3,6.4,0.667,0.0,3.2,3.2,3.2,1.1,1.1,0.0,0.0,1.1,4.3,11.8,15.0,22.6,0,0,21.4,1,1,13086,1,4641,18962,20924,13735,14117,17243,9209,5181,3968,9425,14058,16041,19193,12249,15328,11262,8263,8846,19264,5628,16361,5626,19807,2246,150,20017,1,33:36
2024-25,1631111,Wendell Moore Jr.,Wendell,1610612765,DET,Detroit Pistons,0022401205,2024-12-12T00:00:00,DET @ BOS,L,6.533333333333333,0.0,5.5,0.0,0.0,0.0,0.0,0.0,0.0,0.0,0.0,5.5,5.5,11.0,0.0,5.5,0.0,5.5,5.5,0.0,0.0,33.1,39.7,0,0,27.6,1,13222,1,13222,23356,22635,23081,22635,15070,20945,15070,13505,14344,13505,14058,9499,13509,991,16469,632,8263,282,3686,17725,23200,1619,7975,2246,150,15753,1,6:32
2024-25,1630530,Trey Murphy III,Trey,1610612740,NOP,New Orleans Pelicans,0022401207,2024-12-12T00:00:00,NOP vs. SAC,L,39.8,5.4,11.8,0.462,2.7,8.1,0.333,5.4,6.3,0.857,0.0,3.6,3.6,0.0,1.8,0.9,0.0,0.0,2.7,6.3,19.0,-0.9,24.2,0,0,27.1,1,13222,1,13222,617,13193,14015,12428,7497,6199,9209,3500,4086,7071,14058,14873,18277,19908,11507,12648,8263,8846,11981,2256,8862,13469,18778,2246,150,16063,1,39:48
2024-25,1630529,Herbert Jones,Herbert,1610612740,NOP,New Orleans Pelicans,0022401207,2024-12-12T00:00:00,NOP vs. SAC,L,35.4,3.1,10.2,0.3,1.0,4.1,0.25,0.0,0.0,0.0,1.0,6.1,7.1,4.1,2.0,1.0,0.0,0.0,3.1,1.0,7.1,-5.1,22.8,0,0,21.4,1,13222,1,13222,3147,19320,16782,19363,14443,15433,11902,13505,14344,13505,13119,8095,9919,9751,10335,11792,8263,8846,10488,17324,20620,15640,19700,2246,150,20068,1,35:24
2024-25,1629674,Neemias Queta,Neemias,1610612738,BOS,Boston Celtics,0022401205,2024-12-12T00:00:00,BOS vs. DET,W,18.05,4.0,6.0,0.667,0.0,0.0,0.0,0.0,0.0,0.0,0.0,4.0,4.0,2.0,4.0,2.0,2.0,0.0,6.0,0.0,8.0,-12.0,23.7,0,0,21.9,1,1,13086,1,17534,17118,22624,3281,15070,20945,15070,13505,14344,13505,14058,13760,17345,16395,3902,6275,3509,8846,2970,17725,19939,18722,19141,2246,150,19708,1,18:03
2024-25,1641810,Antonio Reeves,Antonio,1610612740,NOP,New Orleans Pelicans,0022401207,2024-12-12T00:00:00,NOP vs. SAC,L,3.4833333333333334,0.0,0.0,0.0,0.0,0.0,0.0,0.0,0.0,0.0,10.3,0.0,10.3,10.3,0.0,0.0,0.0,0.0,0.0,0.0,0.0,31.0,27.9,0,0,20.7,1,13222,1,13222,24719,22635,24836,22635,15070,20945,15070,13505,14344,13505,360,22137,5071,1267,16469,12854,8263,8846,20257,17725,23200,1833,16295,2246,150,20472,1,3:29
2024-25,202710,Jimmy Butler III,Jimmy,1610612748,MIA,Miami Heat,0022401206,2024-12-12T00:00:00,MIA vs. TOR,W,29.433333333333334,3.7,9.8,0.375,0.0,0.0,0.0,6.1,9.8,0.625,3.7,2.4,6.1,4.9,3.7,0.0,1.2,1.2,0.0,7.3,13.5,19.6,28.1,0,0,26.9,1,1,13086,1,8281,17919,17414,16299,15070,20945,15070,2764,1464,10271,4087,18340,12014,7701,4630,12854,6032,6104,20257,1426,14569,4083,16113,2246,150,16219,1,29:26
2024-25,1630194,Paul Reed,Paul,1610612765,DET,Detroit Pistons,0022401205,2024-12-12T00:00:00,DET @ BOS,L,15.336666666666666,4.7,14.1,0.333,0.0,4.7,0.0,0.0,0.0,0.0,0.0,0.0,0.0,7.0,0.0,4.7,2.3,0.0,4.7,0.0,9.4,-14.1,41.1,0,0,30.5,1,13222,1,13222,19350,15255,10037,17395,15070,13974,15070,13505,14344,13505,14058,22137,23286,3964,16469,1093,2652,8846,5297,17725,18738,19537,7132,2246,150,13537,1,15:20
2024-25,1627736,Malik Beasley,Malik,1610612765,DET,Detroit Pistons,0022401205,2024-12-12T00:00:00,DET @ BOS,L,16.168333333333333,4.5,15.6,0.286,0.0,6.7,0.0,2.2,4.5,0.5,0.0,8.9,8.9,6.7,0.0,0.0,0.0,2.2,0.0,2.2,11.1,-60.1,31.8,0,0,26.7,1,13222,1,13222,18814,15920,7714,19630,15070,9142,15070,9845,6931,10625,14058,3602,6881,4454,16469,12854,8263,2589,20257,12048,17054,25692,13447,2246,150,16384,1,16:10
2024-25,1628384,OG Anunoby,OG,1610612752,NYK,New York Knicks,0022401202,2024-12-11T00:00:00,NYK vs. ATL,L,39.1,4.6,15.7,0.294,0.9,8.3,0.111,1.8,3.7,0.5,1.8,3.7,5.5,0.9,0.9,0.9,2.8,2.8,0.9,2.8,12.0,-1.8,30.1,0,0,26.7,1,13222,1,13222,842,15485,7614,19598,14897,5936,15003,11144,8513,10625,9085,14695,13475,19843,16281,12560,2004,1651,20091,10094,16172,13940,14728,2246,150,16399,1,39:06
2024-25,1628404,Josh Hart,Josh,1610612752,NYK,New York Knicks,0022401202,2024-12-11T00:00:00,NYK vs. ATL,L,34.46666666666667,8.4,12.5,0.667,3.1,5.2,0.6,2.1,2.1,1.0,2.1,6.3,8.4,6.3,1.0,1.0,0.0,0.0,4.2,2.1,21.9,-2.1,43.5,0,0,41.8,1,13222,1,13222,3877,5874,12677,3281,6130,12652,2992,10327,12456,1,7994,7758,7685,5069,15524,11542,8263,8846,6612,12664,6263,14096,5906,2246,150,5760,1,34:28
2024-25,1628988,Aaron Holiday,Aaron,1610612745,HOU,Houston Rockets,0022401204,2024-12-11T00:00:00,HOU vs. GSW,W,11.683333333333334,3.1,12.3,0.25,0.0,6.2,0.0,0.0,0.0,0.0,0.0,3.1,3.1,6.2,0.0,3.1,0.0,0.0,3.1,0.0,6.2,9.2,28.3,0,0,21.6,1,1,13086,1,21422,19249,13036,20233,15070,10289,15070,13505,14344,13505,14058,16459,19521,5233,16469,2976,8263,8846,10349,17725,21273,8074,15962,2246,150,19921,1,11:41
2024-25,1630168,Onyeka Okongwu,Onyeka,1610612737,ATL,Atlanta Hawks,0022401202,2024-12-11T00:00:00,ATL @ NYK,W,23.183333333333334,9.3,15.5,0.6,0.0,0.0,0.0,0.0,3.1,0.0,7.8,9.3,17.1,0.0,0.0,1.6,1.6,3.1,4.7,1.6,18.6,3.1,48.4,1,0,41.9,1,1,13086,1,13567,4176,7787,5394,15070,20945,15070,13505,9708,13505,861,3188,1108,19908,16469,8183,4698,1232,5386,14790,9174,11059,3828,1,150,5688,1,23:11
2024-25,1629027,Trae Young,Trae,1610612737,ATL,Atlanta Hawks,0022401202,2024-12-11T00:00:00,ATL @ NYK,W,36.4,7.9,21.8,0.364,2.0,7.9,0.25,4.0,4.0,1.0,0.0,4.9,4.9,10.9,3.0,1.0,0.0,1.0,1.0,4.0,21.8,5.9,44.0,1,0,41.5,1,1,13086,1,2413,6822,1921,16861,10254,6595,11902,5777,7930,1,14058,11041,14939,1041,6596,12043,8263,8014,19765,6436,6417,9644,5669,1,150,5884,1,36:24
2024-25,1628969,Mikal Bridges,Mikal,1610612752,NYK,New York Knicks,0022401202,2024-12-11T00:00:00,NYK vs. ATL,L,37.68333333333333,8.6,16.2,0.529,1.0,4.8,0.2,0.0,0.0,0.0,1.9,1.9,3.8,1.9,1.9,0.0,1.0,0.0,1.9,0.0,18.2,-16.2,26.6,0,0,26.7,1,13222,1,13222,1580,5446,6759,8281,14769,13771,13429,13505,14344,13505,8769,19941,17774,16715,10987,12854,7781,8846,15618,17725,9672,20347,17250,2246,150,16357,1,37:41
2024-25,1641708,Amen Thompson,Amen,1610612745,HOU,Houston Rockets,0022401204,2024-12-11T00:00:00,HOU vs. GSW,W,29.208333333333332,6.2,8.6,0.714,0.0,0.0,0.0,0.0,0.0,0.0,2.5,4.9,7.4,3.7,1.2,1.2,2.5,0.0,1.2,1.2,12.3,7.4,36.6,0,0,30.8,1,1,13086,1,8491,11066,19311,2752,15070,20945,15070,13505,14344,13505,6737,11086,9380,10796,14220,9926,2441,8846,18367,16224,15798,8939,9954,2246,150,13318,1,29:13
2024-25,1626157,Karl-Anthony Towns,Karl-Anthony,1610612752,NYK,New York Knicks,0022401202,2024-12-11T00:00:00,NYK vs. ATL,L,36.593333333333334,6.9,14.8,0.467,2.0,5.9,0.333,3.0,5.9,0.5,3.9,14.8,18.7,4.9,3.9,3.0,3.0,2.0,5.9,4.9,18.7,-10.8,62.3,1,0,56.1,1,13222,1,13222,2286,9199,8976,12249,10307,10929,9209,7949,4603,10625,3677,618,756,7652,4007,3269,1752,3324,3068,4265,9128,18239,941,1,150,1298,1,36:36
2024-25,1630311,Pat Spencer,Pat,1610612744,GSW,Golden State Warriors,0022401204,2024-12-11T00:00:00,GSW @ HOU,L,3.35,10.7,21.5,0.5,0.0,10.7,0.0,0.0,0.0,0.0,0.0,0.0,0.0,21.5,0.0,21.5,0.0,0.0,0.0,0.0,21.5,10.7,118.2,0,0,86.0,1,13222,1,13222,24817,2455,2033,8526,15070,2725,15070,13505,14344,13505,14058,22137,23286,64,16469,19,8263,8846,20257,17725,6645,7346,39,2246,150,111,1,3:21
2024-25,1630578,Alperen Sengun,Alperen,1610612745,HOU,Houston Rockets,0022401204,2024-12-11T00:00:00,HOU vs. GSW,W,31.625,11.4,20.5,0.556,0.0,1.1,0.0,6.8,8.0,0.857,3.4,9.1,12.5,5.7,4.6,3.4,0.0,2.3,0.0,6.8,29.6,-4.6,58.9,1,0,54.6,1,1,13086,1,6315,1954,2647,7248,15070,20695,15070,2138,2544,7071,4508,3399,3117,6057,2922,2355,8263,2484,20257,1794,2236,15349,1355,1,150,1520,1,31:38
2024-25,1630540,Miles McBride,Miles,1610612752,NYK,New York Knicks,0022401202,2024-12-11T00:00:00,NYK vs. ATL,L,19.883333333333333,3.6,14.5,0.25,1.8,10.9,0.167,0.0,0.0,0.0,0.0,3.6,3.6,5.4,1.8,0.0,0.0,0.0,1.8,0.0,9.1,0.0,19.7,0,0,19.9,1,13222,1,13222,16109,18030,9385,20233,11031,2620,14236,13505,14344,13505,14058,14868,18274,6563,11496,12854,8263,8846,16122,17725,19028,12240,21293,2246,150,20905,1,19:53
2024-25,203937,Kyle Anderson,Kyle,1610612744,GSW,Golden State Warriors,0022401204,2024-12-11T00:00:00,GSW @ HOU,L,3.9166666666666665,0.0,9.2,0.0,0.0,0.0,0.0,0.0,0.0,0.0,0.0,0.0,0.0,0.0,9.2,0.0,0.0,0.0,0.0,9.2,0.0,-46.0,-9.2,0,0,0.0,1,13222,1,13222,24535,22635,18419,22635,15070,20945,15070,13505,14344,13505,14058,22137,23286,19908,401,12854,8263,8846,20257,596,23200,25224,26216,2246,150,25259,1,3:55
2024-25,1627780,Gary Payton II,Gary,1610612744,GSW,Golden State Warriors,0022401204,2024-12-11T00:00:00,GSW @ HOU,L,18.003333333333334,4.0,8.0,0.5,0.0,4.0,0.0,0.0,0.0,0.0,6.0,8.0,14.0,4.0,4.0,4.0,0.0,0.0,2.0,4.0,8.0,-28.0,38.8,0,0,34.0,1,13222,1,13222,17556,17094,20271,8526,15070,15588,15070,13505,14344,13505,1627,4708,2240,9943,3883,1639,8263,8846,15151,6312,19927,23425,8539,2246,150,10856,1,18:00
2024-25,1630579,Jericho Sims,Jericho,1610612752,NYK,New York Knicks,0022401202,2024-12-11T00:00:00,NYK vs. ATL,L,1.7166666666666666,0.0,0.0,0.0,0.0,0.0,0.0,0.0,0.0,0.0,0.0,0.0,0.0,0.0,0.0,0.0,0.0,0.0,0.0,0.0,0.0,21.0,0.0,0,0,0.0,1,13222,1,13222,25651,22635,24836,22635,15070,20945,15070,13505,14344,13505,14058,22137,23286,19908,16469,12854,8263,8846,20257,17725,23200,3699,25228,2246,150,25259,1,1:43
2024-25,1630224,Jalen Green,Jalen,1610612745,HOU,Houston Rockets,0022401204,2024-12-11T00:00:00,HOU vs. GSW,W,31.058333333333334,5.8,17.4,0.333,0.0,4.6,0.0,2.3,2.3,1.0,0.0,4.6,4.6,3.5,5.8,3.5,0.0,4.6,1.2,2.3,13.9,3.5,29.3,0,0,29.0,1,1,13086,1,6835,12124,5361,17395,15070,14120,15070,9562,11724,1,14058,11891,15736,11463,1561,2270,8263,456,18767,11667,14037,10900,15266,2246,150,14724,1,31:04
2024-25,1626172,Kevon Looney,Kevon,1610612744,GSW,Golden State Warriors,0022401204,2024-12-11T00:00:00,GSW @ HOU,L,11.333333333333334,3.2,9.5,0.333,0.0,0.0,0.0,0.0,0.0,0.0,3.2,19.1,22.2,3.2,0.0,0.0,0.0,0.0,3.2,0.0,6.4,-12.7,37.8,0,0,31.8,1,13222,1,13222,21566,19042,17890,17395,15070,20945,15070,13505,14344,13505,4991,208,324,12398,16469,12854,8263,8846,9965,17725,21152,19020,9162,2246,150,12575,1,11:20
2024-25,1631095,Jabari Smith Jr.,Jabari,1610612745,HOU,Houston Rockets,0022401204,2024-12-11T00:00:00,HOU vs. GSW,W,37.93333333333333,5.7,10.4,0.545,2.8,7.6,0.375,0.0,0.0,0.0,0.0,0.9,0.9,0.9,0.9,0.0,1.9,0.0,0.9,0.0,14.2,-0.9,21.5,0,0,22.8,1,1,13086,1,1416,12437,16322,7695,7058,7196,8800,13505,14344,13505,14058,22053,23244,19801,16153,12854,3770,8846,19975,17725,13691,13500,20385,2246,150,19152,1,37:56
2024-25,1630228,Jonathan Kuminga,Jonathan,1610612744,GSW,Golden State Warriors,0022401204,2024-12-11T00:00:00,GSW @ HOU,L,36.166666666666664,8.0,19.9,0.4,2.0,6.0,0.333,2.0,6.0,0.333,5.0,2.0,7.0,1.0,1.0,0.0,1.0,2.0,2.0,4.0,19.9,2.0,31.8,0,0,31.9,1,13222,1,13222,2557,6710,3028,14933,10206,10757,9209,10684,4510,13132,2396,19693,10201,19689,15885,12854,7507,3252,15201,6356,7991,11627,13510,2246,150,12494,1,36:10
2024-25,1642258,Zaccharie Risacher,Zaccharie,1610612737,ATL,Atlanta Hawks,0022401202,2024-12-11T00:00:00,ATL @ NYK,W,17.416666666666668,2.1,16.5,0.125,0.0,8.3,0.0,0.0,0.0,0.0,0.0,2.1,2.1,4.1,2.1,0.0,2.1,4.1,0.0,0.0,4.1,-2.1,16.9,0,0,14.5,1,1,13086,1,17986,21285,6380,22420,15070,5974,15070,13505,14344,13505,14058,19461,21670,9566,10172,12854,3299,609,20257,17725,22489,14082,22509,2246,150,23264,1,17:25
2024-25,1630173,Precious Achiuwa,Precious,1610612752,NYK,New York Knicks,0022401202,2024-12-11T00:00:00,NYK vs. ATL,L,18.59,1.9,3.9,0.5,0.0,1.9,0.0,0.0,0.0,0.0,1.9,7.7,9.7,1.9,1.9,3.9,3.9,0.0,0.0,0.0,3.9,-7.7,39.7,0,0,31.0,1,13222,1,13222,17119,21524,24150,8526,15070,19668,15070,13505,14344,13505,8682,5088,5825,16620,10869,1769,993,8846,20257,17725,22617,16854,7961,2246,150,13179,1,18:35
2024-25,1630322,Lindy Waters III,Lindy,1610612744,GSW,Golden State Warriors,0022401204,2024-12-11T00:00:00,GSW @ HOU,L,22.966666666666665,4.7,9.4,0.5,3.1,6.3,0.5,0.0,0.0,0.0,0.0,7.8,7.8,3.1,4.7,1.6,0.0,0.0,0.0,0.0,12.5,-4.7,26.6,0,0,29.8,1,13222,1,13222,13744,15235,18106,8526,6126,10044,3944,13505,14344,13505,14058,4959,8562,12519,2713,8119,8263,8846,20257,17725,15553,15419,17184,2246,150,14116,1,22:58
2024-25,203110,Draymond Green,Draymond,1610612744,GSW,Golden State Warriors,0022401204,2024-12-11T00:00:00,GSW @ HOU,L,29.95,4.8,10.8,0.444,0.0,2.4,0.0,0.0,0.0,0.0,0.0,3.6,3.6,4.8,6.0,2.4,1.2,1.2,4.8,1.2,9.6,-2.4,26.0,0,0,25.2,1,13222,1,13222,7825,14919,15669,13045,15070,18799,15070,13505,14344,13505,14058,14901,18305,7905,1374,4686,6160,6244,5038,16391,18527,14263,17643,2246,150,17479,1,29:57
2024-25,203991,Clint Capela,Clint,1610612737,ATL,Atlanta Hawks,0022401202,2024-12-11T00:00:00,ATL @ NYK,W,24.816666666666666,7.3,11.6,0.625,0.0,0.0,0.0,1.5,2.9,0.5,5.8,13.1,18.9,1.5,0.0,0.0,0.0,0.0,2.9,1.5,16.0,8.7,40.8,1,0,36.3,1,1,13086,1,12165,8328,14297,4899,15070,20945,15070,11905,10234,10625,1742,995,721,18174,16469,12854,8263,8846,11186,15240,11960,8323,7300,1,150,9180,1,24:49
2024-25,1629631,De'Andre Hunter,De'Andre,1610612737,ATL,Atlanta Hawks,0022401202,2024-12-11T00:00:00,ATL @ NYK,W,28.866666666666667,10.0,18.7,0.533,5.0,6.2,0.8,5.0,7.5,0.667,1.2,0.0,1.2,0.0,0.0,0.0,0.0,1.2,2.5,3.7,29.9,12.5,31.4,0,0,36.2,1,1,13086,1,8793,3246,4019,8140,2286,10120,1389,4053,2924,9425,11494,22137,22885,19908,16469,12854,8263,5947,12818,7014,2104,6608,13724,2246,150,9249,1,28:52
2024-25,1630700,Dyson Daniels,Dyson,1610612737,ATL,Atlanta Hawks,0022401202,2024-12-11T00:00:00,ATL @ NYK,W,35.95,4.0,10.0,0.4,1.0,1.0,1.0,0.0,0.0,0.0,5.0,2.0,7.0,3.0,2.0,0.0,2.0,2.0,2.0,0.0,9.0,-2.0,25.9,0,0,24.0,1,1,13086,1,2713,17079,17031,14933,14546,20860,1,13505,14344,13505,2378,19652,10131,12913,10511,12854,3486,3223,15129,17725,19065,14047,17658,2246,150,18304,1,35:57
2024-25,1631218,Trayce Jackson-Davis,Trayce,1610612744,GSW,Golden State Warriors,0022401204,2024-12-11T00:00:00,GSW @ HOU,L,15.116666666666667,2.4,2.4,1.0,0.0,0.0,0.0,4.8,4.8,1.0,0.0,2.4,2.4,2.4,0.0,0.0,4.8,0.0,0.0,4.8,9.5,7.1,30.2,0,0,23.8,1,13222,1,13222,19484,20704,24682,1,15070,20945,15070,4408,6368,1,14058,18534,21045,14940,16469,12854,589,8846,20257,4583,18610,9069,14627,2246,150,18457,1,15:07
2024-25,203992,Bogdan Bogdanović,Bogdan,1610612737,ATL,Atlanta Hawks,0022401202,2024-12-11T00:00:00,ATL @ NYK,W,23.966666666666665,4.5,13.5,0.333,1.5,10.5,0.143,0.0,0.0,0.0,1.5,1.5,3.0,3.0,1.5,1.5,1.5,0.0,1.5,1.5,10.5,-1.5,26.1,0,0,24.0,1,1,13086,1,12929,15759,10976,17395,12020,2965,14649,13505,14344,13505,10314,20871,19715,12906,12731,8399,4840,8846,17208,14993,17651,13802,17532,2246,150,18302,1,23:58
2024-25,1627832,Fred VanVleet,Fred,1610612745,HOU,Houston Rockets,0022401204,2024-12-11T00:00:00,HOU vs. GSW,W,36.083333333333336,3.0,13.0,0.231,2.0,9.0,0.222,0.0,0.0,0.0,0.0,2.0,2.0,7.0,4.0,0.0,0.0,0.0,3.0,0.0,8.0,-5.0,16.9,0,0,19.0,1,1,13086,1,2619,19450,11914,21157,10185,4868,13288,13505,14344,13505,14058,19680,21810,4018,3899,12854,8263,8846,10768,17725,19936,15584,22543,2246,150,21409,1,36:05
2024-25,1641764,Brandin Podziemski,Brandin,1610612744,GSW,Golden State Warriors,0022401204,2024-12-11T00:00:00,GSW @ HOU,L,30.5,3.5,10.6,0.333,2.4,5.9,0.4,0.0,0.0,0.0,1.2,1.2,2.4,4.7,1.2,2.4,0.0,1.2,0.0,2.4,9.4,4.7,25.3,0,0,23.6,1,13222,1,13222,7321,18228,16015,17395,8627,10930,7874,13505,14344,13505,11929,21565,21078,8129,14577,4829,8263,6400,20257,11494,18692,10269,18105,2246,150,18604,1,30:30
2024-25,1628415,Dillon Brooks,Dillon,1610612745,HOU,Houston Rockets,0022401204,2024-12-11T00:00:00,HOU vs. GSW,W,37.93333333333333,3.8,7.6,0.5,0.0,1.9,0.0,0.9,0.9,1.0,0.9,2.8,3.8,0.9,0.9,1.9,0.9,0.9,3.8,0.9,8.5,-0.9,22.1,0,0,19.0,1,1,13086,1,1416,17575,20802,8526,15070,19743,15070,13371,14282,1,13657,17250,17829,19801,16153,6775,7837,8353,7750,17548,19480,13500,20075,2246,150,21401,1,37:56
2024-25,1630249,Vít Krejčí,Vít,1610612737,ATL,Atlanta Hawks,0022401202,2024-12-11T00:00:00,ATL @ NYK,W,8.216666666666667,0.0,8.8,0.0,0.0,4.4,0.0,0.0,0.0,0.0,8.8,4.4,13.1,4.4,0.0,0.0,0.0,0.0,4.4,0.0,0.0,17.5,22.3,0,0,17.5,1,1,13086,1,22729,22635,19083,22635,15070,14730,15070,13505,14344,13505,600,12571,2707,8928,16469,12854,8263,8846,6063,17725,23200,4730,19953,2246,150,22066,1,8:13
2024-25,1627741,Buddy Hield,Buddy,1610612744,GSW,Golden State Warriors,0022401204,2024-12-11T00:00:00,GSW @ HOU,L,35.041666666666664,6.2,12.3,0.5,3.1,9.2,0.333,0.0,0.0,0.0,0.0,4.1,4.1,0.0,1.0,2.1,3.1,0.0,3.1,0.0,15.4,9.2,34.7,0,0,32.9,1,13222,1,13222,3434,11064,13032,8526,6264,4461,9209,13505,14344,13505,14058,13392,17049,19908,15656,5992,1594,8846,10342,17725,12505,8072,11265,2246,150,11750,1,35:03
2024-25,1631106,Tari Eason,Tari,1610612745,HOU,Houston Rockets,0022401204,2024-12-11T00:00:00,HOU vs. GSW,W,24.475,5.9,10.3,0.571,1.5,1.5,1.0,0.0,0.0,0.0,1.5,8.8,10.3,1.5,0.0,0.0,0.0,1.5,4.4,1.5,13.2,5.9,27.8,0,0,26.5,1,1,13086,1,12507,11852,16568,6538,12156,20299,1,13505,14344,13505,10433,3692,5121,18090,16469,12854,8263,4881,5993,15126,14832,9668,16358,2246,150,16561,1,24:29
2024-25,1630552,Jalen Johnson,Jalen,1610612737,ATL,Atlanta Hawks,0022401202,2024-12-11T00:00:00,ATL @ NYK,W,41.18333333333333,7.0,17.5,0.4,0.9,4.4,0.2,3.5,5.2,0.667,3.5,9.6,13.1,6.1,2.6,1.7,1.7,2.6,0.9,3.5,18.4,14.0,51.1,1,0,45.5,1,1,13086,1,341,8951,5263,14933,15008,14757,13429,6712,5537,9425,4381,2905,2731,5296,7795,7451,4171,1849,20191,7674,9458,6020,2949,1,150,4038,1,41:11
2024-25,1626166,Cameron Payne,Cameron,1610612752,NYK,New York Knicks,0022401202,2024-12-11T00:00:00,NYK vs. ATL,L,16.45,6.6,15.3,0.429,2.2,8.8,0.25,0.0,0.0,0.0,0.0,2.2,2.2,2.2,0.0,0.0,2.2,0.0,0.0,2.2,15.3,-10.9,27.8,0,0,26.3,1,13222,1,13222,18625,10021,8071,13735,9274,5174,11902,13505,14344,13505,14058,19104,21435,15667,16469,12854,2972,8846,20257,12205,12600,18293,16367,2246,150,16743,1,16:27
2024-25,201939,Stephen Curry,Stephen,1610612744,GSW,Golden State Warriors,0022401204,2024-12-11T00:00:00,GSW @ HOU,L,33.655,8.6,18.2,0.471,3.2,9.6,0.333,0.0,1.1,0.0,1.1,2.1,3.2,5.3,1.1,2.1,1.1,1.1,0.0,2.1,20.3,4.3,40.8,0,0,38.5,1,13222,1,13222,4592,5512,4474,12143,5931,3944,9209,13505,14088,13505,12717,19241,19209,6725,15345,5635,6987,7315,20257,12440,7640,10493,7305,2246,150,7701,1,33:39
2024-25,1628973,Jalen Brunson,Jalen,1610612752,NYK,New York Knicks,0022401202,2024-12-11T00:00:00,NYK vs. ATL,L,35.516666666666666,5.1,15.2,0.333,2.0,6.1,0.333,2.0,3.0,0.667,1.0,3.0,4.1,8.1,2.0,1.0,1.0,2.0,0.0,2.0,14.2,0.0,35.3,0,0,32.4,1,13222,1,13222,3054,14191,8250,17395,10028,10489,9209,10547,9874,9425,13144,16586,17176,2781,10386,11830,7395,3137,20257,12952,13739,12240,10886,2246,150,12034,1,35:31
2024-25,1642349,Ajay Mitchell,Ajay,1610612760,OKC,Oklahoma City Thunder,0022401203,2024-12-10T00:00:00,OKC vs. DAL,W,9.72,3.7,11.1,0.333,0.0,0.0,0.0,0.0,0.0,0.0,3.7,0.0,3.7,7.4,3.7,3.7,0.0,0.0,7.4,0.0,7.4,-29.6,30.4,0,0,25.9,1,1,13086,1,22210,17823,15174,17395,15070,20945,15070,13505,14344,13505,4031,22137,18064,3504,4550,1963,8263,8846,1706,17725,20401,23680,14524,2246,150,16994,1,9:43
2024-25,1629048,Goga Bitadze,Goga,1610612753,ORL,Orlando Magic,0022401201,2024-12-10T00:00:00,ORL @ MIL,L,38.02,5.7,12.3,0.462,0.0,1.9,0.0,0.0,0.0,0.0,4.7,8.5,13.3,3.8,0.0,0.9,0.9,0.9,4.7,0.0,11.4,-3.8,38.6,1,0,32.2,1,13222,1,13222,1373,12474,13057,12428,15070,19751,15070,13505,14344,13505,2629,4033,2634,10535,16469,12380,7852,8366,5203,17725,16833,14943,8629,1,150,12222,1,38:01
2024-25,1641717,Cason Wallace,Cason,1610612760,OKC,Oklahoma City Thunder,0022401203,2024-12-10T00:00:00,OKC vs. DAL,W,30.826666666666668,4.7,11.7,0.4,3.5,10.5,0.333,0.0,0.0,0.0,4.7,4.7,9.3,4.7,1.2,2.3,1.2,0.0,2.3,0.0,12.8,17.5,40.4,0,0,37.4,1,1,13086,1,7022,15314,14155,14933,5141,2969,9209,13505,14344,13505,2716,11798,6265,8254,14676,4914,6378,8846,13501,17725,15247,4734,7513,2246,150,8452,1,30:50
2024-25,1641710,Anthony Black,Anthony,1610612753,ORL,Orlando Magic,0022401201,2024-12-10T00:00:00,ORL @ MIL,L,32.26166666666666,6.7,13.4,0.5,0.0,0.0,0.0,5.6,8.9,0.625,2.2,4.5,6.7,3.3,3.3,3.3,1.1,1.1,3.3,5.6,19.0,-15.6,42.1,0,0,37.9,1,13222,1,13222,5776,9693,11164,8526,15070,20945,15070,3332,1909,10271,7483,12355,10740,11823,5364,2472,6690,6903,9257,3217,8888,20128,6583,2246,150,8066,1,32:16
2024-25,1629021,Moritz Wagner,Moritz,1610612753,ORL,Orlando Magic,0022401201,2024-12-10T00:00:00,ORL @ MIL,L,19.195,11.3,11.3,1.0,1.9,1.9,1.0,0.0,0.0,0.0,1.9,3.8,5.6,1.9,1.9,1.9,0.0,0.0,1.9,0.0,24.4,-26.3,37.7,0,0,37.5,1,13222,1,13222,16680,2050,14925,1,10743,19784,1,13505,14344,13505,8920,14464,13222,16836,11181,6888,8263,8846,15813,17725,4562,23078,9226,2246,150,8358,1,19:12
2024-25,1629029,Luka Dončić,Luka,1610612742,DAL,Dallas Mavericks,0022401203,2024-12-10T00:00:00,DAL @ OKC,L,40.163333333333334,4.5,13.4,0.333,1.8,7.2,0.25,3.6,4.5,0.8,0.9,9.0,9.9,4.5,5.4,3.6,0.0,0.9,2.7,4.5,14.3,-12.5,38.3,1,0,37.6,1,13222,1,13222,527,15833,11092,17395,11103,8100,11902,6518,6872,7681,13919,3551,5591,8699,1920,2112,8263,8678,12083,5181,13561,18966,8847,1,150,8253,1,40:10
2024-25,1629026,Kenrich Williams,Kenrich,1610612760,OKC,Oklahoma City Thunder,0022401203,2024-12-10T00:00:00,OKC vs. DAL,W,17.291666666666668,6.2,10.4,0.6,6.2,8.3,0.75,0.0,0.0,0.0,2.1,2.1,4.2,4.2,0.0,6.2,0.0,0.0,2.1,0.0,18.7,35.4,48.7,0,0,45.8,1,1,13086,1,18085,10858,16365,5394,1135,5869,1542,13505,14344,13505,8020,19417,16901,9485,16469,418,8263,8846,14691,17725,9097,1354,3736,2246,150,3894,1,17:18
2024-25,203114,Khris Middleton,Khris,1610612749,MIL,Milwaukee Bucks,0022401201,2024-12-10T00:00:00,MIL vs. ORL,W,19.783333333333335,0.0,3.6,0.0,0.0,1.8,0.0,0.0,0.0,0.0,0.0,7.3,7.3,14.6,3.6,5.5,0.0,0.0,3.6,5.5,0.0,7.3,43.3,0,0,32.8,1,1,13086,1,16192,22635,24254,22635,15070,19886,15070,13505,14344,13505,14058,5860,9608,330,4696,655,8263,8846,8293,3399,23200,9000,5980,2246,150,11837,1,19:47
2024-25,1641765,Olivier-Maxence Prosper,Olivier-Maxence,1610612742,DAL,Dallas Mavericks,0022401203,2024-12-10T00:00:00,DAL @ OKC,L,12.201666666666666,5.9,11.8,0.5,5.9,5.9,1.0,0.0,0.0,0.0,0.0,5.9,5.9,3.0,0.0,0.0,0.0,3.0,0.0,3.0,17.7,11.8,29.2,0,0,32.5,1,13222,1,13222,21154,11805,13940,8526,1379,10943,1,13505,14344,13505,14058,8545,12527,13091,16469,12854,8263,1394,20257,9423,10133,6883,15351,2246,150,12023,1,12:12
2024-25,1630198,Isaiah Joe,Isaiah,1610612760,OKC,Oklahoma City Thunder,0022401203,2024-12-10T00:00:00,OKC vs. DAL,W,16.92,6.4,17.0,0.375,6.4,17.0,0.375,0.0,0.0,0.0,0.0,6.4,6.4,6.4,0.0,0.0,0.0,0.0,2.1,0.0,19.1,23.4,36.4,0,0,38.3,1,1,13086,1,18306,10489,5787,16299,1070,416,8800,13505,14344,13505,14058,7537,11441,4876,16469,12854,8263,8846,14477,17725,8695,3172,10091,2246,150,7827,1,16:55
2024-25,1627936,Alex Caruso,Alex,1610612760,OKC,Oklahoma City Thunder,0022401203,2024-12-10T00:00:00,OKC vs. DAL,W,22.416666666666668,3.2,11.2,0.286,3.2,9.6,0.333,0.0,0.0,0.0,1.6,4.8,6.4,6.4,1.6,3.2,0.0,1.6,0.0,1.6,9.6,3.2,35.0,0,0,32.1,1,1,13086,1,14177,18968,14954,19630,5926,3929,9209,13505,14344,13505,9894,11381,11335,4824,12309,2715,8263,4420,20257,14608,18509,11012,11049,2246,150,12285,1,22:25
2024-25,1641724,Jett Howard,Jett,1610612753,ORL,Orlando Magic,0022401201,2024-12-10T00:00:00,ORL @ MIL,L,12.501666666666667,8.6,20.2,0.429,5.8,14.4,0.4,5.8,8.6,0.667,0.0,0.0,0.0,2.9,0.0,0.0,0.0,0.0,2.9,2.9,28.8,-2.9,33.1,0,0,37.4,1,13222,1,13222,20991,5368,2871,13735,1520,833,7874,3127,2101,9425,14058,22137,23286,13349,16469,12854,8263,8846,11280,9660,2498,14501,12503,2246,150,8406,1,12:30
2024-25,1629656,Quentin Grimes,Quentin,1610612742,DAL,Dallas Mavericks,0022401203,2024-12-10T00:00:00,DAL @ OKC,L,18.171666666666667,2.0,9.9,0.2,0.0,5.9,0.0,4.0,4.0,1.0,2.0,4.0,5.9,4.0,5.9,2.0,0.0,0.0,4.0,2.0,7.9,-19.8,21.0,0,0,21.8,1,13222,1,13222,17458,21444,17232,21401,15070,10833,15070,5765,7916,1,8474,13834,12424,10040,1419,6339,8263,8846,7250,13159,19980,21495,20687,2246,150,19795,1,18:10
2024-25,1641748,Andre Jackson Jr.,Andre,1610612749,MIL,Milwaukee Bucks,0022401201,2024-12-10T00:00:00,MIL vs. ORL,W,8.163333333333334,8.8,17.6,0.5,4.4,13.2,0.333,0.0,0.0,0.0,4.4,4.4,8.8,0.0,0.0,0.0,0.0,0.0,8.8,4.4,22.0,-39.7,32.6,0,0,35.3,1,1,13086,1,22760,5031,5086,8526,3218,1193,9209,13505,14344,13505,3040,12500,6983,19908,16469,12854,8263,8846,1018,5321,6174,24823,12858,2246,150,9891,1,8:10
2024-25,1628392,Isaiah Hartenstein,Isaiah,1610612760,OKC,Oklahoma City Thunder,0022401203,2024-12-10T00:00:00,OKC vs. DAL,W,30.296666666666667,5.9,13.1,0.455,0.0,1.2,0.0,0.0,1.2,0.0,5.9,9.5,15.4,3.6,3.6,1.2,1.2,0.0,2.4,1.2,11.9,-7.1,39.3,1,0,35.6,1,1,13086,1,7507,11678,11738,12676,15070,20637,15070,13505,13906,13505,1652,3004,1591,11190,4865,10282,6250,8846,13321,16459,16257,16569,8183,1,150,9630,1,30:18
2024-25,1630230,Naji Marshall,Naji,1610612742,DAL,Dallas Mavericks,0022401203,2024-12-10T00:00:00,DAL @ OKC,L,29.011666666666667,8.7,13.6,0.636,2.5,5.0,0.5,3.7,5.0,0.75,0.0,5.0,5.0,2.5,2.5,1.2,0.0,1.2,1.2,2.5,23.6,-17.4,34.5,0,0,36.0,1,13222,1,13222,8668,5288,10735,4689,8215,13289,3944,6239,6005,8186,14058,10984,14893,14609,8326,9860,8263,5992,18323,11059,5076,20735,11456,2246,150,9392,1,29:01
2024-25,1629655,Daniel Gafford,Daniel,1610612742,DAL,Dallas Mavericks,0022401203,2024-12-10T00:00:00,DAL @ OKC,L,16.083333333333332,9.0,9.0,1.0,0.0,0.0,0.0,2.2,6.7,0.333,0.0,4.5,4.5,2.2,0.0,0.0,0.0,0.0,0.0,6.7,20.1,0.0,28.9,0,0,26.9,1,13222,1,13222,18872,4799,18789,1,15070,20945,15070,9815,3645,13132,14058,12320,16103,15483,16469,12854,8263,8846,20257,1887,7797,12240,15574,2246,150,16262,1,16:05
2024-25,1642382,Branden Carlson,Branden,1610612760,OKC,Oklahoma City Thunder,0022401203,2024-12-10T00:00:00,OKC vs. DAL,W,0.92,0.0,0.0,0.0,0.0,0.0,0.0,0.0,0.0,0.0,0.0,0.0,0.0,0.0,0.0,0.0,0.0,0.0,0.0,0.0,0.0,78.3,0.0,0,0,0.0,1,1,13086,1,26076,22635,24836,22635,15070,20945,15070,13505,14344,13505,14058,22137,23286,19908,16469,12854,8263,8846,20257,17725,23200,179,25228,2246,150,25259,1,0:55
2024-25,1641794,Dillon Jones,Dillon,1610612760,OKC,Oklahoma City Thunder,0022401203,2024-12-10T00:00:00,OKC vs. DAL,W,0.92,0.0,39.1,0.0,0.0,39.1,0.0,0.0,0.0,0.0,0.0,0.0,0.0,0.0,0.0,0.0,0.0,0.0,0.0,0.0,0.0,78.3,0.0,0,0,0.0,1,1,13086,1,26076,22635,85,22635,15070,19,15070,13505,14344,13505,14058,22137,23286,19908,16469,12854,8263,8846,20257,17725,23200,179,25228,2246,150,25259,1,0:55
2024-25,203081,Damian Lillard,Damian,1610612749,MIL,Milwaukee Bucks,0022401201,2024-12-10T00:00:00,MIL vs. ORL,W,38.73833333333334,7.4,13.9,0.533,1.9,4.6,0.4,9.3,9.3,1.0,0.9,0.9,1.9,8.4,3.7,0.9,0.0,0.9,3.7,5.6,26.0,1.9,39.9,0,0,40.0,1,1,13086,1,991,7929,10262,8140,10838,14097,7874,909,1713,1,13779,22080,22073,2549,4520,12514,8263,8504,8017,3222,3674,11703,7844,2246,150,6805,1,38:44
2024-25,1631114,Jalen Williams,Jalen,1610612760,OKC,Oklahoma City Thunder,0022401203,2024-12-10T00:00:00,OKC vs. DAL,W,32.28666666666667,8.9,23.4,0.381,0.0,3.3,0.0,2.2,2.2,1.0,2.2,5.6,7.8,4.5,4.5,0.0,1.1,1.1,2.2,3.3,20.1,5.6,35.0,0,0,34.6,1,1,13086,1,5750,4859,1242,16250,15070,16970,15070,9837,11993,1,7493,9350,8609,8744,3056,12854,6695,6917,13961,8106,7867,9808,11048,2246,150,10392,1,32:17
2024-25,203939,Dwight Powell,Dwight,1610612742,DAL,Dallas Mavericks,0022401203,2024-12-10T00:00:00,DAL @ OKC,L,0.92,0.0,0.0,0.0,0.0,0.0,0.0,0.0,0.0,0.0,0.0,0.0,0.0,0.0,0.0,0.0,0.0,0.0,0.0,0.0,0.0,-78.3,0.0,0,0,0.0,1,13222,1,13222,26076,22635,24836,22635,15070,20945,15070,13505,14344,13505,14058,22137,23286,19908,16469,12854,8263,8846,20257,17725,23200,25985,25228,2246,150,25259,1,0:55
2024-25,203484,Kentavious Caldwell-Pope,Kentavious,1610612753,ORL,Orlando Magic,0022401201,2024-12-10T00:00:00,ORL @ MIL,L,31.316666666666666,3.4,8.0,0.429,0.0,2.3,0.0,1.1,2.3,0.5,0.0,1.1,1.1,1.1,0.0,1.1,0.0,1.1,2.3,1.1,8.0,-1.1,14.6,0,0,12.6,1,13222,1,13222,6594,18433,20178,13735,15070,18986,15070,12756,11779,10625,14058,21631,23009,19188,16469,10582,8263,6636,13652,16650,19879,13641,23310,2246,150,23823,1,31:19
2024-25,1641789,Jazian Gortman,Jazian,1610612742,DAL,Dallas Mavericks,0022401203,2024-12-10T00:00:00,DAL @ OKC,L,0.92,0.0,0.0,0.0,0.0,0.0,0.0,0.0,0.0,0.0,0.0,0.0,0.0,0.0,0.0,0.0,0.0,0.0,0.0,0.0,0.0,-78.3,0.0,0,0,0.0,1,13222,1,13222,26076,22635,24836,22635,15070,20945,15070,13505,14344,13505,14058,22137,23286,19908,16469,12854,8263,8846,20257,17725,23200,25985,25228,2246,150,25259,1,0:55
2024-25,1630556,Kessler Edwards,Kessler,1610612742,DAL,Dallas Mavericks,0022401203,2024-12-10T00:00:00,DAL @ OKC,L,0.92,0.0,0.0,0.0,0.0,0.0,0.0,0.0,0.0,0.0,0.0,0.0,0.0,0.0,0.0,0.0,0.0,0.0,0.0,0.0,0.0,-78.3,0.0,0,0,0.0,1,13222,1,13222,26076,22635,24836,22635,15070,20945,15070,13505,14344,13505,14058,22137,23286,19908,16469,12854,8263,8846,20257,17725,23200,25985,25228,2246,150,25259,1,0:55
2024-25,1628983,Shai Gilgeous-Alexander,Shai,1610612760,OKC,Oklahoma City Thunder,0022401203,2024-12-10T00:00:00,OKC vs. DAL,W,37.833333333333336,14.3,21.9,0.652,4.8,8.6,0.556,3.8,3.8,1.0,0.0,7.6,7.6,4.8,1.9,2.9,1.0,0.0,2.9,5.7,37.1,20.9,62.9,0,0,61.9,1,1,13086,1,1488,629,1872,4556,2630,5479,3747,6067,8233,1,14058,5305,8951,8031,11022,3537,7816,8846,11387,3021,685,3711,886,2246,150,653,1,37:50
2024-25,1630591,Jalen Suggs,Jalen,1610612753,ORL,Orlando Magic,0022401201,2024-12-10T00:00:00,ORL @ MIL,L,37.68333333333333,11.5,24.8,0.462,2.9,10.5,0.273,4.8,5.7,0.833,2.9,5.7,8.6,1.0,3.8,3.8,1.0,1.0,1.9,5.7,30.6,1.9,52.8,0,0,52.5,1,13222,1,13222,1580,1890,860,12428,7002,2970,11838,4378,4848,7275,5683,8964,7318,19795,4265,1824,7781,8295,15618,2995,1903,11677,2501,2246,150,1919,1,37:41
2024-25,203507,Giannis Antetokounmpo,Giannis,1610612749,MIL,Milwaukee Bucks,0022401201,2024-12-10T00:00:00,MIL vs. ORL,W,35.6,15.2,24.3,0.625,0.0,2.0,0.0,7.1,12.1,0.583,1.0,6.1,7.1,1.0,6.1,2.0,4.0,2.0,1.0,8.1,37.4,5.1,59.6,0,0,57.6,1,1,13086,1,2992,461,984,4899,15070,19515,15070,1963,730,10530,13166,8181,10000,19644,1340,6144,891,3149,19635,972,663,10080,1243,2246,150,1077,1,35:36
2024-25,1641726,Dereck Lively II,Dereck,1610612742,DAL,Dallas Mavericks,0022401203,2024-12-10T00:00:00,DAL @ OKC,L,30.996666666666666,2.3,4.6,0.5,0.0,0.0,0.0,1.2,2.3,0.5,4.6,10.5,15.1,5.8,2.3,0.0,1.2,1.2,1.2,1.2,5.8,-13.9,33.8,0,0,29.0,1,13222,1,13222,6887,20810,23719,8526,15070,20945,15070,12720,11711,10625,2754,2264,1733,5840,8975,12854,6416,6542,18752,16592,21522,19482,11972,2246,150,14670,1,30:60
2024-25,1631260,AJ Green,AJ,1610612749,MIL,Milwaukee Bucks,0022401201,2024-12-10T00:00:00,MIL vs. ORL,W,32.568333333333335,3.3,9.9,0.333,3.3,8.8,0.375,0.0,0.0,0.0,0.0,4.4,4.4,2.2,2.2,0.0,1.1,0.0,2.2,0.0,9.9,14.4,19.7,0,0,22.1,1,1,13086,1,5507,18712,17151,17395,5611,5038,8800,13505,14344,13505,14058,12476,16239,15590,9470,12854,6759,8846,14052,17725,18203,5869,21324,2246,150,19616,1,32:34
2024-25,1629652,Luguentz Dort,Luguentz,1610612760,OKC,Oklahoma City Thunder,0022401203,2024-12-10T00:00:00,OKC vs. DAL,W,31.648333333333333,4.6,11.4,0.4,3.4,8.0,0.429,0.0,0.0,0.0,3.4,3.4,6.8,2.3,0.0,1.1,1.1,0.0,3.4,1.1,12.5,0.0,30.9,0,0,29.6,1,1,13086,1,6294,15625,14706,14933,5351,6515,7394,13505,14344,13505,4511,15486,10473,15322,16469,10704,6554,8846,9028,16724,15583,12240,14094,2246,150,14272,1,31:39
2024-25,1630598,Aaron Wiggins,Aaron,1610612760,OKC,Oklahoma City Thunder,0022401203,2024-12-10T00:00:00,OKC vs. DAL,W,8.92,4.0,8.1,0.5,4.0,8.1,0.5,0.0,0.0,0.0,0.0,0.0,0.0,0.0,4.0,4.0,0.0,0.0,4.0,0.0,12.1,32.3,20.2,0,0,24.2,1,1,13086,1,22483,17005,20137,8526,3927,6334,3944,13505,14344,13505,14058,22137,23286,19908,3806,1600,8263,8846,7044,17725,16025,1701,21073,2246,150,18196,1,8:55
2024-25,1628976,Wendell Carter Jr.,Wendell,1610612753,ORL,Orlando Magic,0022401201,2024-12-10T00:00:00,ORL @ MIL,L,34.01,2.1,5.3,0.4,0.0,2.1,0.0,4.2,4.2,1.0,3.2,8.5,11.6,5.3,2.1,1.1,1.1,1.1,6.4,2.1,8.5,14.8,34.6,0,0,29.6,1,13222,1,13222,4262,21213,23266,14933,15070,19342,15070,5286,7349,1,4997,4090,3812,6840,9921,11406,7066,7417,2539,12537,19546,5701,11358,2246,150,14219,1,34:01
2024-25,1630175,Cole Anthony,Cole,1610612753,ORL,Orlando Magic,0022401201,2024-12-10T00:00:00,ORL @ MIL,L,14.65,4.9,29.5,0.167,0.0,7.4,0.0,0.0,0.0,0.0,0.0,0.0,0.0,4.9,0.0,0.0,0.0,2.5,0.0,0.0,9.8,-29.5,17.2,0,0,14.7,1,13222,1,13222,19792,14646,304,21938,15070,7674,15070,13505,14344,13505,14058,22137,23286,7658,16469,12854,8263,2112,20257,17725,18334,23656,22409,2246,150,23156,1,14:39
2024-25,1627752,Taurean Prince,Taurean,1610612749,MIL,Milwaukee Bucks,0022401201,2024-12-10T00:00:00,MIL vs. ORL,W,20.433333333333334,0.0,1.8,0.0,0.0,1.8,0.0,0.0,0.0,0.0,0.0,3.5,3.5,1.8,0.0,1.8,0.0,0.0,0.0,0.0,0.0,-7.0,12.2,0,0,8.8,1,1,13086,1,15684,22635,24798,22635,15070,19967,15070,13505,14344,13505,14058,15167,18502,17191,16469,7396,8263,8846,20257,17725,23200,16520,23971,2246,150,24644,1,20:26
2024-25,1629018,Gary Trent Jr.,Gary,1610612749,MIL,Milwaukee Bucks,0022401201,2024-12-10T00:00:00,MIL vs. ORL,W,24.465,2.9,5.9,0.5,2.9,5.9,0.5,0.0,0.0,0.0,0.0,0.0,0.0,2.9,0.0,1.5,0.0,0.0,4.4,0.0,8.8,16.2,17.7,0,0,17.7,1,1,13086,1,12523,19547,22719,8526,6711,10980,3944,13505,14344,13505,14058,22137,23286,13116,16469,8523,8263,8846,5985,17725,19245,5193,22236,2246,150,22006,1,24:28
2024-25,1631216,Caleb Houstan,Caleb,1610612753,ORL,Orlando Magic,0022401201,2024-12-10T00:00:00,ORL @ MIL,L,4.483333333333333,0.0,0.0,0.0,0.0,0.0,0.0,0.0,0.0,0.0,0.0,0.0,0.0,8.0,0.0,0.0,0.0,0.0,0.0,0.0,0.0,-16.1,12.0,0,0,8.0,1,13222,1,13222,24248,22635,24836,22635,15070,20945,15070,13505,14344,13505,14058,22137,23286,2857,16469,12854,8263,8846,20257,17725,23200,20270,23993,2246,150,24763,1,4:29
2024-25,201572,Brook Lopez,Brook,1610612749,MIL,Milwaukee Bucks,0022401201,2024-12-10T00:00:00,MIL vs. ORL,W,28.416666666666668,3.8,8.9,0.429,1.3,3.8,0.333,0.0,0.0,0.0,0.0,7.6,7.6,0.0,2.5,0.0,0.0,1.3,2.5,1.3,8.9,-10.1,15.5,0,0,17.7,1,1,13086,1,9198,17561,18911,13735,12995,15993,9209,13505,14344,13505,14058,5328,8973,19908,8105,12854,8263,5831,12658,16048,19203,17944,23039,2246,150,21972,1,28:25
2024-25,1641783,Tristan da Silva,Tristan,1610612753,ORL,Orlando Magic,0022401201,2024-12-10T00:00:00,ORL @ MIL,L,15.878333333333334,2.3,11.3,0.2,0.0,2.3,0.0,9.1,9.1,1.0,2.3,2.3,4.5,0.0,6.8,0.0,0.0,0.0,2.3,4.5,13.6,15.9,12.2,0,0,18.1,1,13222,1,13222,19016,20915,14769,21401,15070,19050,15070,982,1834,1,7358,18865,15959,19908,978,12854,8263,8846,13793,5065,14378,5301,23959,2246,150,21800,1,15:53
2024-25,202681,Kyrie Irving,Kyrie,1610612742,DAL,Dallas Mavericks,0022401203,2024-12-10T00:00:00,DAL @ OKC,L,40.33166666666666,6.2,12.5,0.5,2.7,4.5,0.6,0.0,0.0,0.0,0.0,1.8,1.8,4.5,1.8,0.9,0.9,0.9,1.8,0.0,15.2,0.0,27.6,0,0,27.7,1,13222,1,13222,492,10853,12736,8526,7601,14538,2992,13505,14344,13505,14058,20283,22179,8733,11618,12694,8114,8689,16251,17725,12739,12240,16513,2246,150,15662,1,40:20
2024-25,202691,Klay Thompson,Klay,1610612742,DAL,Dallas Mavericks,0022401203,2024-12-10T00:00:00,DAL @ OKC,L,27.58,9.1,18.3,0.5,6.5,13.1,0.5,0.0,0.0,0.0,1.3,3.9,5.2,0.0,0.0,0.0,0.0,0.0,2.6,1.3,24.8,-22.2,31.1,0,0,36.5,1,13222,1,13222,9894,4470,4388,8526,991,1275,3944,13505,14344,13505,11172,13980,14228,19908,16469,12854,8263,8846,12390,15885,4310,22131,14010,2246,150,9015,1,27:35
2024-25,203915,Spencer Dinwiddie,Spencer,1610612742,DAL,Dallas Mavericks,0022401203,2024-12-10T00:00:00,DAL @ OKC,L,22.7,4.8,14.3,0.333,1.6,6.3,0.25,3.2,4.8,0.667,0.0,4.8,4.8,6.3,4.8,4.8,0.0,0.0,1.6,4.8,14.3,-1.6,39.0,0,0,36.5,1,13222,1,13222,13953,15088,9734,17395,11727,9879,11902,7388,6379,9425,14058,11549,15410,4946,2641,1045,8263,8846,16910,4595,13639,13833,8391,2246,150,9063,1,22:42
2024-25,1626171,Bobby Portis,Bobby,1610612749,MIL,Milwaukee Bucks,0022401201,2024-12-10T00:00:00,MIL vs. ORL,W,31.831666666666667,10.2,12.4,0.818,2.3,3.4,0.667,2.3,3.4,0.667,2.3,9.0,11.3,4.5,0.0,1.1,1.1,0.0,1.1,2.3,24.9,12.4,52.0,1,0,47.5,1,1,13086,1,6134,3037,12833,1653,9003,16875,1957,9746,9113,9425,7373,3462,4122,8589,16469,10757,6600,8846,18916,11893,4266,6614,2703,1,150,3304,1,31:50
2024-25,1626166,Cameron Payne,Cameron,1610612752,NYK,New York Knicks,0022400359,2024-12-09T00:00:00,NYK @ TOR,W,12.95,8.3,16.7,0.5,2.8,11.1,0.25,0.0,0.0,0.0,0.0,2.8,2.8,2.8,0.0,0.0,0.0,0.0,8.3,0.0,19.5,11.1,27.0,0,0,27.8,1,1,13086,1,20763,5908,6204,8526,7280,2397,11902,13505,14344,13505,14058,17463,20299,13647,16469,12854,8263,8846,1205,17725,8411,7181,16979,2246,150,15583,1,12:57
2024-25,203482,Kelly Olynyk,Kelly,1610612761,TOR,Toronto Raptors,0022400359,2024-12-09T00:00:00,TOR vs. NYK,L,14.588333333333333,7.4,19.7,0.375,0.0,2.5,0.0,0.0,0.0,0.0,7.4,2.5,9.9,2.5,4.9,2.5,2.5,2.5,4.9,0.0,14.8,-37.0,40.2,0,0,37.0,1,13222,1,13222,19836,8003,3155,16299,15070,18687,15070,13505,14344,13505,994,18272,5572,14655,2416,4480,2434,2092,4758,17725,13111,24617,7615,2246,150,8711,1,14:35
2024-25,1630173,Precious Achiuwa,Precious,1610612752,NYK,New York Knicks,0022400359,2024-12-09T00:00:00,NYK @ TOR,W,16.22833333333333,6.7,15.5,0.429,0.0,0.0,0.0,2.2,2.2,1.0,4.4,8.9,13.3,0.0,0.0,0.0,4.4,2.2,2.2,2.2,15.5,11.1,44.8,0,0,37.7,1,1,13086,1,18777,9813,7786,13735,15070,20945,15070,9880,12029,1,3001,3635,2598,19908,16469,12854,702,2606,14019,12084,12393,7197,5269,2246,150,8216,1,16:14
2024-25,1629628,RJ Barrett,RJ,1610612761,TOR,Toronto Raptors,0022400359,2024-12-09T00:00:00,TOR vs. NYK,L,37.108333333333334,12.6,23.3,0.542,2.9,6.8,0.429,1.0,1.9,0.5,1.9,5.8,7.8,3.9,2.9,1.0,0.0,1.9,2.9,2.9,29.1,3.9,44.2,0,0,45.6,1,13222,1,13222,1920,1189,1283,7965,6837,8920,7394,13326,12884,10625,8662,8754,8695,10282,6800,12211,8263,3424,11148,9558,2397,10712,5551,2246,150,3983,1,37:07
2024-25,1641711,Gradey Dick,Gradey,1610612761,TOR,Toronto Raptors,0022400359,2024-12-09T00:00:00,TOR vs. NYK,L,31.475,3.4,12.6,0.273,1.1,5.7,0.2,0.0,0.0,0.0,1.1,5.7,6.9,0.0,0.0,0.0,0.0,1.1,0.0,1.1,8.0,6.9,16.2,0,0,16.0,1,13222,1,13222,6433,18474,12609,20048,13687,11406,13429,13505,14344,13505,12169,9002,10405,19908,16469,12854,8263,6693,20257,16691,19918,9201,22759,2246,150,22701,1,31:29
2024-25,1627751,Jakob Poeltl,Jakob,1610612761,TOR,Toronto Raptors,0022400359,2024-12-09T00:00:00,TOR vs. NYK,L,33.41166666666667,4.3,8.6,0.5,0.0,0.0,0.0,2.2,2.2,1.0,6.5,6.5,12.9,4.3,1.1,1.1,2.2,1.1,2.2,4.3,10.8,10.8,41.4,1,0,34.5,1,13222,1,13222,4808,16299,19329,8526,15070,20945,15070,10105,12234,1,1386,7389,2853,9100,15290,11213,3056,7252,14327,5561,17393,7332,6944,1,150,10472,1,33:25
2024-25,1630534,Ochai Agbaji,Ochai,1610612761,TOR,Toronto Raptors,0022400359,2024-12-09T00:00:00,TOR vs. NYK,L,31.5,3.4,10.3,0.333,1.1,4.6,0.25,0.0,0.0,0.0,2.3,3.4,5.7,4.6,1.1,1.1,0.0,0.0,1.1,1.1,8.0,8.0,24.0,0,0,21.7,1,13222,1,13222,6410,18476,16579,17395,13693,14265,11902,13505,14344,13505,7292,15435,12975,8475,14845,10655,8263,8846,18851,16696,19921,8633,18937,2246,150,19834,1,31:30
2024-25,1642266,Ja'Kobe Walter,Ja'Kobe,1610612761,TOR,Toronto Raptors,0022400359,2024-12-09T00:00:00,TOR vs. NYK,L,21.755,9.9,19.9,0.5,5.0,11.6,0.429,6.6,8.3,0.8,0.0,1.7,1.7,3.3,3.3,0.0,0.0,1.7,1.7,5.0,31.4,-16.5,35.1,0,0,41.4,1,13222,1,13222,14714,3295,3056,8526,2324,2044,7394,2302,2338,7681,14058,20553,22360,11945,5479,12854,8263,4273,16684,4186,1653,20461,11002,2246,150,5990,1,21:45
2024-25,1630540,Miles McBride,Miles,1610612752,NYK,New York Knicks,0022400359,2024-12-09T00:00:00,NYK @ TOR,W,26.301666666666666,4.1,8.2,0.5,2.7,5.5,0.5,0.0,0.0,0.0,1.4,2.7,4.1,6.8,1.4,1.4,0.0,0.0,1.4,0.0,10.9,10.9,28.9,0,0,27.4,1,1,13086,1,10900,16836,19937,8526,7427,12022,3944,13505,14344,13505,10891,17591,17058,4223,13470,9087,8263,8846,17751,17725,17221,7260,15568,2246,150,15888,1,26:18
2024-25,1630558,Davion Mitchell,Davion,1610612761,TOR,Toronto Raptors,0022400359,2024-12-09T00:00:00,TOR vs. NYK,L,23.903333333333332,4.5,6.0,0.75,3.0,3.0,1.0,0.0,0.0,0.0,0.0,4.5,4.5,4.5,1.5,0.0,1.5,0.0,4.5,0.0,12.0,-22.6,27.3,0,0,27.1,1,13222,1,13222,12990,15724,22572,2107,6466,17618,1,13505,14344,13505,14058,12218,16009,8612,12720,12854,4825,8846,5738,17725,16095,22247,16774,2246,150,16083,1,23:54
2024-25,1630567,Scottie Barnes,Scottie,1610612761,TOR,Toronto Raptors,0022400359,2024-12-09T00:00:00,TOR vs. NYK,L,22.833333333333332,7.9,17.3,0.455,4.7,12.6,0.375,3.2,3.2,1.0,0.0,7.9,7.9,4.7,3.2,0.0,0.0,1.6,3.2,1.6,23.6,7.9,37.1,0,0,41.0,1,13222,1,13222,13849,6873,5405,12676,2677,1467,8800,7428,9604,1,14058,4883,8489,8104,5966,12854,8263,4501,10063,14706,5017,8693,9665,2246,150,6205,1,22:50
2024-25,1626157,Karl-Anthony Towns,Karl-Anthony,1610612752,NYK,New York Knicks,0022400359,2024-12-09T00:00:00,NYK @ TOR,W,35.805,7.0,13.1,0.538,2.0,5.0,0.4,8.0,10.1,0.8,2.0,13.1,15.1,6.0,3.0,2.0,2.0,1.0,3.0,7.0,24.1,10.1,60.3,1,0,55.3,1,1,13086,1,2820,8845,11737,7978,10122,13146,7874,1394,1344,7681,8348,990,1739,5428,6412,6207,3456,7875,10641,1631,4717,7675,1149,1,150,1418,1,35:48
2024-25,1628973,Jalen Brunson,Jalen,1610612752,NYK,New York Knicks,0022400359,2024-12-09T00:00:00,NYK @ TOR,W,34.531666666666666,7.3,13.6,0.538,4.2,8.3,0.5,2.1,5.2,0.4,0.0,4.2,4.2,11.5,3.1,0.0,0.0,1.0,1.0,5.2,20.9,-2.1,39.9,1,0,40.7,1,1,13086,1,3836,8224,10916,7978,3629,5843,3944,10341,5593,13061,14058,13204,16882,850,6045,12854,8263,7554,19456,3761,7200,14095,7811,1,150,6407,1,34:32
2024-25,1628969,Mikal Bridges,Mikal,1610612752,NYK,New York Knicks,0022400359,2024-12-09T00:00:00,NYK @ TOR,W,41.25,7.9,12.2,0.643,4.4,7.0,0.625,0.0,0.0,0.0,0.0,2.6,2.6,2.6,0.9,0.9,0.0,0.0,0.9,0.0,20.1,7.9,28.9,0,0,31.4,1,1,13086,1,332,6944,13230,4607,3296,8495,2868,13505,14344,13505,14058,17902,20608,14159,16394,12751,8263,8846,20194,17725,7864,8707,15563,2246,150,12841,1,41:15
2024-25,1628404,Josh Hart,Josh,1610612752,NYK,New York Knicks,0022400359,2024-12-09T00:00:00,NYK @ TOR,W,31.85,4.5,10.2,0.444,1.1,2.3,0.5,1.1,2.3,0.5,1.1,3.4,4.5,3.4,0.0,1.1,0.0,0.0,1.1,1.1,11.3,-2.3,25.2,0,0,22.6,1,1,13086,1,6101,15709,16776,13045,13763,19064,3944,12814,11899,10625,12257,15540,15991,11702,16469,10767,8263,8846,18922,16766,16892,14181,18142,2246,150,19281,1,31:51
2024-25,1628384,OG Anunoby,OG,1610612752,NYK,New York Knicks,0022400359,2024-12-09T00:00:00,NYK @ TOR,W,41.083333333333336,5.3,12.3,0.429,1.8,7.9,0.222,0.0,0.9,0.0,0.0,3.5,3.5,2.6,1.8,1.8,2.6,0.9,1.8,1.8,12.3,-6.1,31.8,0,0,28.9,1,1,13086,1,358,13649,13141,13735,11245,6648,13288,13505,14332,13505,14058,15227,18541,14125,11723,7431,2181,8720,16363,14105,15855,16125,13475,2246,150,14769,1,41:05
2024-25,1642367,Jonathan Mogbo,Jonathan,1610612761,TOR,Toronto Raptors,0022400359,2024-12-09T00:00:00,TOR vs. NYK,L,23.425,4.6,13.8,0.333,0.0,1.5,0.0,0.0,0.0,0.0,4.6,6.1,10.8,3.1,0.0,0.0,0.0,0.0,3.1,0.0,9.2,-26.1,26.7,0,0,23.1,1,13222,1,13222,13373,15460,10447,17395,15070,20237,15070,13505,14344,13505,2785,8007,4640,12682,16469,12854,8263,8846,10378,17725,18881,23057,17127,2246,150,18979,1,23:26
2024-25,1628389,Bam Adebayo,Bam,1610612748,MIA,Miami Heat,0022400351,2024-12-08T00:00:00,MIA vs. CLE,W,36.03333333333333,7.0,14.0,0.5,2.0,4.0,0.5,0.0,0.0,0.0,1.0,12.0,13.0,6.0,1.0,0.0,1.0,1.0,2.0,2.0,16.0,20.0,42.6,1,0,39.0,1,1,13086,1,2659,8950,10191,8526,10169,15592,3944,13505,14344,13505,13257,1367,2814,5515,15852,12854,7480,7930,15154,13092,11935,3955,6336,1,150,7401,1,36:02
2024-25,1630625,Dalano Banton,Dalano,1610612757,POR,Portland Trail Blazers,0022400358,2024-12-08T00:00:00,POR @ LAL,L,14.833333333333334,4.9,12.1,0.4,2.4,7.3,0.333,2.4,2.4,1.0,0.0,2.4,2.4,7.3,0.0,0.0,2.4,0.0,0.0,2.4,14.6,7.3,35.7,0,0,31.6,1,13222,1,13222,19683,14794,13345,14933,8383,7861,9209,9250,11397,1,14058,18408,20945,3637,16469,12854,2507,8846,20257,11240,13335,8998,10593,2246,150,12737,1,14:50
2024-25,1641733,Nick Smith Jr.,Nick,1610612766,CHA,Charlotte Hornets,0022400349,2024-12-08T00:00:00,CHA @ IND,W,7.833333333333333,0.0,18.4,0.0,0.0,9.2,0.0,0.0,0.0,0.0,0.0,9.2,9.2,4.6,4.6,4.6,0.0,0.0,0.0,0.0,0.0,-18.4,27.1,0,0,23.0,1,1,13086,1,22872,22635,4301,22635,15070,4544,15070,13505,14344,13505,14058,3313,6457,8423,2854,1151,8263,8846,20257,17725,23200,21041,16867,2246,150,19033,1,7:50
2024-25,1630249,Vít Krejčí,Vít,1610612737,ATL,Atlanta Hawks,0022400350,2024-12-08T00:00:00,ATL vs. DEN,L,20.083333333333332,1.8,10.8,0.167,0.0,7.2,0.0,1.8,3.6,0.5,1.8,1.8,3.6,5.4,3.6,0.0,0.0,0.0,0.0,3.6,5.4,-25.1,14.2,0,0,14.3,1,13222,1,13222,15960,21767,15773,21938,15070,8102,15070,11254,8714,10625,9265,20259,18355,6671,4805,12854,8263,8846,20257,7437,21807,22829,23449,2246,150,23310,1,20:05
2024-25,1626181,Norman Powell,Norman,1610612746,LAC,LA Clippers,0022400356,2024-12-08T00:00:00,LAC vs. HOU,L,34.9,5.2,18.6,0.278,1.0,8.3,0.125,6.2,7.2,0.857,0.0,4.1,4.1,4.1,2.1,2.1,0.0,0.0,3.1,4.1,17.5,-5.2,32.8,0,0,30.9,1,13222,1,13222,3538,13933,4153,20025,14354,5992,14886,2684,3151,7071,14058,13339,17012,9587,10193,5945,8263,8846,10287,5993,10286,15678,12719,2246,150,13206,1,34:54
2024-25,1628415,Dillon Brooks,Dillon,1610612745,HOU,Houston Rockets,0022400356,2024-12-08T00:00:00,HOU @ LAC,W,37.63333333333333,6.7,14.3,0.467,3.8,7.7,0.5,1.0,1.0,1.0,1.9,4.8,6.7,4.8,1.0,1.0,1.9,0.0,2.9,2.9,18.2,5.7,41.0,0,0,39.2,1,1,13086,1,1610,9691,9619,12249,4369,7074,3944,13355,14276,1,8762,11480,10738,7967,16109,12297,3730,8846,11311,9690,9648,9732,7154,2246,150,7260,1,37:38
2024-25,203500,Steven Adams,Steven,1610612745,HOU,Houston Rockets,0022400356,2024-12-08T00:00:00,HOU @ LAC,W,9.933333333333334,7.2,7.2,1.0,0.0,0.0,0.0,0.0,7.2,0.0,3.6,10.9,14.5,0.0,3.6,0.0,0.0,0.0,0.0,7.2,14.5,0.0,28.3,0,0,29.0,1,1,13086,1,22128,8338,21271,1,15070,20945,15070,13505,3131,13505,4166,1970,1993,19908,4726,12854,8263,8846,20257,1478,13412,12240,16023,2246,150,14708,1,9:56
2024-25,1630264,Anthony Gill,Anthony,1610612764,WAS,Washington Wizards,0022400353,2024-12-08T00:00:00,WAS vs. MEM,L,22.461666666666666,0.0,6.4,0.0,0.0,1.6,0.0,3.2,3.2,1.0,1.6,4.8,6.4,1.6,3.2,1.6,0.0,3.2,6.4,3.2,3.2,-20.8,14.9,0,0,14.4,1,13222,1,13222,14149,22635,22190,22635,15070,20163,15070,7319,9510,1,9907,11411,11367,17640,5807,7975,8263,1150,2474,8539,22888,21793,23212,2246,150,23279,1,22:28
2024-25,1628976,Wendell Carter Jr.,Wendell,1610612753,ORL,Orlando Magic,0022400352,2024-12-08T00:00:00,ORL vs. PHX,W,20.9,3.4,6.9,0.5,0.0,1.7,0.0,3.4,3.4,1.0,1.7,6.9,8.6,0.0,1.7,1.7,0.0,1.7,0.0,3.4,10.3,22.4,24.1,0,0,22.4,1,1,13086,1,15357,18444,21685,8526,15070,20019,15070,6804,9002,1,9501,6550,7294,19908,11837,7538,8263,4087,20257,7825,17819,3382,18867,2246,150,19429,1,20:54
2024-25,1627827,Dorian Finney-Smith,Dorian,1610612751,BKN,Brooklyn Nets,0022400348,2024-12-08T00:00:00,BKN vs. MIL,L,30.55,3.5,8.2,0.429,3.5,5.9,0.6,0.0,0.0,0.0,0.0,4.7,4.7,1.2,0.0,1.2,0.0,1.2,4.7,0.0,10.6,2.4,21.6,0,0,22.4,1,13222,1,13222,7274,18236,19868,13735,5068,10960,2992,13505,14344,13505,14058,11664,15520,19089,16469,10359,8263,6411,5250,17725,17548,11434,20375,2246,150,19430,1,30:33
2024-25,1629028,Deandre Ayton,Deandre,1610612757,POR,Portland Trail Blazers,0022400358,2024-12-08T00:00:00,POR @ LAL,L,34.73,7.3,14.5,0.5,0.0,2.1,0.0,0.0,0.0,0.0,7.3,12.4,19.7,1.0,2.1,1.0,1.0,0.0,6.2,1.0,14.5,-14.5,43.8,1,0,39.4,1,13222,1,13222,3672,8325,9342,8526,15070,19418,15070,13505,14344,13505,1038,1179,579,19571,10143,11623,7224,8846,2687,17240,13398,19713,5743,1,150,7138,1,34:44
2024-25,1631169,Josh Minott,Josh,1610612750,MIN,Minnesota Timberwolves,0022400355,2024-12-08T00:00:00,MIN @ GSW,L,4.55,7.9,7.9,1.0,7.9,7.9,1.0,0.0,0.0,0.0,0.0,0.0,0.0,0.0,0.0,0.0,0.0,0.0,7.9,0.0,23.7,23.7,23.7,0,0,31.6,1,13222,1,13222,24199,6822,20394,1,482,6595,1,13505,14344,13505,14058,22137,23286,19908,16469,12854,8263,8846,1399,17725,4964,3083,19138,2246,150,12669,1,4:33
2024-25,1630529,Herbert Jones,Herbert,1610612740,NOP,New Orleans Pelicans,0022400354,2024-12-08T00:00:00,NOP @ SAS,L,37.516666666666666,4.8,9.6,0.5,1.0,3.8,0.25,1.0,1.9,0.5,1.0,1.9,2.9,1.0,1.0,1.9,1.0,0.0,2.9,1.9,11.5,-1.9,24.1,0,0,22.1,1,13222,1,13222,1673,14958,17784,8526,14752,15920,11902,13348,12936,10625,13574,19923,20044,19789,16092,6670,7751,8846,11281,13443,16656,13993,18888,2246,150,19638,1,37:31
2024-25,1629618,Jalen Pickett,Jalen,1610612743,DEN,Denver Nuggets,0022400350,2024-12-08T00:00:00,DEN @ ATL,W,17.3,4.2,4.2,1.0,2.1,2.1,1.0,0.0,0.0,0.0,0.0,4.2,4.2,10.4,4.2,2.1,0.0,0.0,8.3,0.0,10.4,37.5,33.1,0,0,31.2,1,1,13086,1,18072,16693,24017,1,9760,19396,1,13505,14344,13505,14058,13228,16904,1241,3559,5864,8263,8846,1215,17725,17750,1162,12526,2246,150,12990,1,17:18
2024-25,1642271,Kyle Filipowski,Kyle,1610612762,UTA,Utah Jazz,0022400357,2024-12-08T00:00:00,UTA @ SAC,L,9.95,3.6,10.9,0.333,0.0,3.6,0.0,3.6,3.6,1.0,3.6,0.0,3.6,0.0,3.6,0.0,0.0,3.6,10.9,3.6,10.9,-65.1,11.6,0,0,14.5,1,13222,1,13222,22122,18037,15595,17395,15070,16398,15070,6453,8649,1,4182,22137,18277,19908,4742,12854,8263,834,555,7339,17309,25797,24116,2246,150,23261,1,9:57
2024-25,1626167,Myles Turner,Myles,1610612754,IND,Indiana Pacers,0022400349,2024-12-08T00:00:00,IND vs. CHA,L,20.93166666666667,5.2,15.5,0.333,5.2,6.9,0.75,1.7,3.4,0.5,0.0,1.7,1.7,0.0,6.9,1.7,1.7,0.0,6.9,3.4,17.2,-12.0,22.7,0,0,31.0,1,13222,1,13222,15341,13927,7855,17395,2097,8710,1542,11381,9010,10625,14058,20416,22277,19908,943,7545,4251,8846,2077,7837,10632,18753,19747,2246,150,13197,1,20:56
2024-25,1629636,Darius Garland,Darius,1610612739,CLE,Cleveland Cavaliers,0022400351,2024-12-08T00:00:00,CLE @ MIA,L,32.38333333333333,10.0,21.1,0.474,2.2,6.7,0.333,3.3,4.4,0.75,0.0,5.6,5.6,5.6,2.2,0.0,0.0,1.1,1.1,2.2,25.6,-12.2,38.4,0,0,38.9,1,13222,1,13222,5657,3215,2262,12072,9145,9163,9209,7038,6941,8186,14058,9395,13401,6323,9414,12854,8263,6948,19037,12062,3895,18830,8806,2246,150,7449,1,32:23
2024-25,1629634,Brandon Clarke,Brandon,1610612763,MEM,Memphis Grizzlies,0022400353,2024-12-08T00:00:00,MEM @ WAS,W,23.183333333333334,9.3,15.5,0.6,0.0,0.0,0.0,0.0,0.0,0.0,0.0,10.9,10.9,3.1,1.6,3.1,0.0,1.6,1.6,0.0,18.6,41.9,44.1,0,0,38.8,1,1,13086,1,13567,4176,7787,5394,15070,20945,15070,13505,14344,13505,14058,1972,4535,12593,12536,2925,8263,4580,17033,17725,9174,849,5618,2246,150,7500,1,23:11
2024-25,1629645,Kevin Porter Jr.,Kevin,1610612746,LAC,LA Clippers,0022400356,2024-12-08T00:00:00,LAC vs. HOU,L,37.416666666666664,7.7,17.3,0.444,1.9,4.8,0.4,1.0,1.9,0.5,0.0,1.9,1.9,5.8,1.0,1.9,0.0,1.0,2.9,2.9,18.3,-17.3,34.1,0,0,31.8,1,13222,1,13222,1729,7278,5433,13045,10527,13666,7874,13346,12922,10625,14058,19909,21957,5904,16073,6651,8263,8249,11236,9634,9547,20719,11753,2246,150,12578,1,37:25
2024-25,203995,Vasilije Micić,Vasilije,1610612766,CHA,Charlotte Hornets,0022400349,2024-12-08T00:00:00,CHA @ IND,W,34.303333333333335,7.3,15.7,0.467,4.2,6.3,0.667,0.0,0.0,0.0,1.0,1.0,2.1,9.4,5.2,2.1,0.0,3.1,0.0,1.0,18.9,8.4,36.6,0,0,38.8,1,1,13086,1,4007,8134,7486,12249,3573,9990,1957,13505,14344,13505,12882,21883,21617,1730,2064,5795,8263,1199,20257,17174,8956,8441,9935,2246,150,7497,1,34:18
2024-25,1642285,Cam Spencer,Cam,1610612763,MEM,Memphis Grizzlies,0022400353,2024-12-08T00:00:00,MEM @ WAS,W,25.05,5.7,11.5,0.5,2.9,5.7,0.5,5.7,5.7,1.0,1.4,4.3,5.7,7.2,1.4,1.4,0.0,0.0,4.3,4.3,20.1,14.4,40.7,0,0,38.8,1,1,13086,1,11963,12271,14476,8526,6970,11336,3944,3138,4816,1,10589,12760,12910,3782,13069,8712,8263,8846,6239,5553,7824,5868,7347,2246,150,7508,1,25:03
2024-25,1641724,Jett Howard,Jett,1610612753,ORL,Orlando Magic,0022400352,2024-12-08T00:00:00,ORL vs. PHX,W,14.9,4.8,9.7,0.5,0.0,2.4,0.0,4.8,4.8,1.0,0.0,2.4,2.4,4.8,0.0,4.8,0.0,0.0,4.8,2.4,14.5,19.3,39.1,0,0,31.4,1,1,13086,1,19635,14851,17638,8526,15070,18774,15070,4290,6231,1,14058,18437,20972,7828,16469,1000,8263,8846,4988,11280,13412,4165,8307,2246,150,12853,1,14:54
2024-25,1641706,Brandon Miller,Brandon,1610612766,CHA,Charlotte Hornets,0022400349,2024-12-08T00:00:00,CHA @ IND,W,40.03333333333333,8.1,16.2,0.5,3.6,8.1,0.444,3.6,4.5,0.8,1.8,3.6,5.4,4.5,4.5,0.0,0.9,0.9,2.7,2.7,23.4,1.8,34.8,0,0,38.7,1,1,13086,1,553,6433,6850,8526,4932,6300,7211,6492,6851,7681,9245,14939,13825,8661,3002,12854,8088,8664,12056,10322,5218,11738,11200,2246,150,7610,1,40:02
2024-25,1630577,Julian Champagnie,Julian,1610612759,SAS,San Antonio Spurs,0022400354,2024-12-08T00:00:00,SAS vs. NOP,W,34.833333333333336,5.2,13.4,0.385,2.1,8.3,0.25,0.0,0.0,0.0,1.0,5.2,6.2,0.0,1.0,0.0,1.0,1.0,2.1,1.0,12.4,-6.2,21.9,0,0,22.7,1,1,13086,1,3587,13907,11106,16070,9831,5974,11902,13505,14344,13505,12996,10377,11824,19908,15611,12854,7247,7633,14769,17255,15710,16161,20204,2246,150,19176,1,34:50
2024-25,1641731,Bilal Coulibaly,Bilal,1610612764,WAS,Washington Wizards,0022400353,2024-12-08T00:00:00,WAS vs. MEM,L,28.235,7.7,16.6,0.462,1.3,5.1,0.25,5.1,6.4,0.8,1.3,5.1,6.4,5.1,3.8,1.3,1.3,1.3,6.4,6.4,21.7,-28.1,40.8,0,0,39.5,1,13222,1,13222,9356,7382,6333,12428,12964,12956,11902,3888,4033,7681,11330,10573,11462,7251,4253,9612,5767,5785,2520,2215,6479,23437,7274,2246,150,7056,1,28:14
2024-25,1629006,Josh Okogie,Josh,1610612756,PHX,Phoenix Suns,0022400352,2024-12-08T00:00:00,PHX @ ORL,L,11.921666666666667,0.0,3.0,0.0,0.0,0.0,0.0,0.0,0.0,0.0,3.0,12.1,15.1,0.0,3.0,0.0,0.0,0.0,6.0,3.0,0.0,-9.1,15.1,0,0,15.1,1,13222,1,13222,21322,22635,24484,22635,15070,20945,15070,13505,14344,13505,5292,1312,1732,19908,6395,12854,8263,8846,2890,9163,23200,17456,23147,2246,150,23027,1,11:55
2024-25,1628998,Cody Martin,Cody,1610612766,CHA,Charlotte Hornets,0022400349,2024-12-08T00:00:00,CHA @ IND,W,33.48833333333334,6.5,10.8,0.6,2.2,4.3,0.5,0.0,0.0,0.0,1.1,5.4,6.5,1.1,3.2,2.2,0.0,1.1,1.1,1.1,15.1,4.3,27.6,0,0,29.0,1,1,13086,1,4742,10312,15779,5394,9456,14914,3944,13505,14344,13505,12678,9843,11276,19431,5741,5597,8263,7268,19244,17031,12861,10484,16477,2246,150,14682,1,33:29
2024-25,1641824,Matas Buzelis,Matas,1610612741,CHI,Chicago Bulls,0022400347,2024-12-08T00:00:00,CHI vs. PHI,L,23.516666666666666,3.1,10.7,0.286,0.0,7.7,0.0,1.5,1.5,1.0,0.0,4.6,4.6,0.0,0.0,0.0,1.5,0.0,1.5,1.5,7.7,19.9,17.8,0,0,15.3,1,13222,1,13222,13298,19294,15857,19630,15070,7073,15070,11732,13457,1,14058,12002,15827,19908,16469,12854,4745,8846,17112,14873,20197,3982,22197,2246,150,22953,1,23:31
2024-25,1626162,Kelly Oubre Jr.,Kelly,1610612755,PHI,Philadelphia 76ers,0022400347,2024-12-08T00:00:00,PHI @ CHI,W,37.78333333333333,2.9,5.7,0.5,1.9,2.9,0.667,3.8,3.8,1.0,2.9,6.7,9.5,1.0,1.0,2.9,1.0,0.0,1.9,2.9,11.4,17.2,34.8,1,0,31.4,1,1,13086,1,1518,19755,22888,8526,10607,17944,1957,6061,8219,1,5706,6962,6019,19798,16128,3524,7801,8846,15643,9733,16747,4855,11220,1,150,12816,1,37:47
2024-25,1630241,Sam Merrill,Sam,1610612739,CLE,Cleveland Cavaliers,0022400351,2024-12-08T00:00:00,CLE @ MIA,L,20.683333333333334,5.2,10.4,0.5,3.5,8.7,0.4,3.5,3.5,1.0,0.0,0.0,0.0,3.5,1.7,0.0,0.0,0.0,7.0,1.7,17.4,-8.7,20.9,0,0,24.4,1,13222,1,13222,15504,13756,16313,8526,5187,5269,7874,6735,8921,1,14058,22137,23286,11447,11780,12854,8263,8846,2006,14143,10424,17289,20750,2246,150,18100,1,20:41
2024-25,1630549,Day'Ron Sharpe,Day'Ron,1610612751,BKN,Brooklyn Nets,0022400348,2024-12-08T00:00:00,BKN vs. MIL,L,11.066666666666666,3.3,9.8,0.333,0.0,0.0,0.0,6.5,6.5,1.0,3.3,0.0,3.3,0.0,0.0,6.5,0.0,0.0,3.3,3.3,13.0,-35.8,36.4,0,0,29.3,1,13222,1,13222,21681,18877,17450,17395,15070,20945,15070,2395,3876,1,4836,22137,19102,19908,16469,372,8263,8846,9641,8398,15075,24504,10067,2246,150,14496,1,11:04
2024-25,1630548,Johnny Juzang,Johnny,1610612762,UTA,Utah Jazz,0022400357,2024-12-08T00:00:00,UTA @ SAC,L,25.366666666666667,2.8,11.4,0.25,1.4,5.7,0.25,0.0,0.0,0.0,0.0,1.4,1.4,1.4,2.8,1.4,0.0,1.4,1.4,0.0,7.1,-52.5,12.3,0,0,14.2,1,13222,1,13222,11682,19792,14746,20233,12373,11513,11902,13505,14344,13505,14058,21039,22666,18275,7071,8804,8263,5106,17543,17725,20639,25488,23933,2246,150,23363,1,25:22
2024-25,1629012,Collin Sexton,Collin,1610612762,UTA,Utah Jazz,0022400357,2024-12-08T00:00:00,UTA @ SAC,L,22.866666666666667,6.3,12.6,0.5,4.7,6.3,0.75,6.3,6.3,1.0,0.0,3.1,3.1,0.0,4.7,0.0,0.0,0.0,3.1,6.3,23.6,-11.0,22.7,0,0,31.5,1,13222,1,13222,13818,10723,12585,8526,2693,9983,1542,2596,4133,1,14058,16263,19373,19908,2688,12854,8263,8846,10095,2284,5042,18326,19762,2246,150,12781,1,22:52
2024-25,1631260,AJ Green,AJ,1610612749,MIL,Milwaukee Bucks,0022400348,2024-12-08T00:00:00,MIL @ BKN,W,21.65,3.3,3.3,1.0,3.3,3.3,1.0,0.0,0.0,0.0,0.0,1.7,1.7,0.0,0.0,0.0,0.0,0.0,3.3,3.3,10.0,10.0,12.0,0,0,15.0,1,1,13086,1,14796,18690,24382,1,5591,17011,1,13505,14344,13505,14058,20534,22351,19908,16469,12854,8263,8846,9362,8178,18174,7706,24012,2246,150,23070,1,21:39
2024-25,1626179,Terry Rozier,Terry,1610612748,MIA,Miami Heat,0022400351,2024-12-08T00:00:00,MIA vs. CLE,W,27.966666666666665,7.7,18.0,0.429,2.6,6.4,0.4,0.0,0.0,0.0,2.6,9.0,11.6,3.9,0.0,0.0,1.3,0.0,1.3,1.3,18.0,12.9,41.6,0,0,38.6,1,1,13086,1,9569,7216,4640,13735,7900,9677,7874,13505,14344,13505,6413,3511,3863,10333,16469,12854,5704,8846,18085,15960,9813,6449,6841,2246,150,7631,1,27:58
2024-25,1642354,KJ Simpson,KJ,1610612766,CHA,Charlotte Hornets,0022400349,2024-12-08T00:00:00,CHA @ IND,W,12.611666666666666,2.9,8.6,0.333,0.0,2.9,0.0,5.7,5.7,1.0,0.0,0.0,0.0,2.9,0.0,0.0,0.0,0.0,0.0,5.7,11.4,-2.9,15.7,0,0,14.3,1,1,13086,1,20940,19759,19404,17395,15070,17951,15070,3178,4879,1,14058,22137,23286,13431,16469,12854,8263,8846,20257,3023,16766,14486,22954,2246,150,23333,1,12:37
2024-25,201144,Mike Conley,Mike,1610612750,MIN,Minnesota Timberwolves,0022400355,2024-12-08T00:00:00,MIN @ GSW,L,24.866666666666667,4.3,10.1,0.429,4.3,8.7,0.5,4.3,4.3,1.0,1.4,1.4,2.9,4.3,0.0,1.4,0.0,1.4,2.9,1.4,17.4,-13.0,31.7,0,0,31.8,1,13222,1,13222,12121,16221,16858,13735,3327,5290,3944,5085,7124,1,10548,20996,20003,9027,16469,8651,8263,4992,11210,15252,10450,19141,13545,2246,150,12498,1,24:52
2024-25,1629234,Drew Eubanks,Drew,1610612762,UTA,Utah Jazz,0022400357,2024-12-08T00:00:00,UTA @ SAC,L,9.766666666666667,7.4,7.4,1.0,0.0,0.0,0.0,3.7,7.4,0.5,0.0,3.7,3.7,0.0,0.0,0.0,3.7,0.0,0.0,3.7,18.4,-51.6,33.9,0,0,29.5,1,13222,1,13222,22187,8070,21106,1,15070,20945,15070,6316,3023,10625,14058,14673,18102,19908,16469,12854,1089,8846,20257,7165,9384,25458,11881,2246,150,14334,1,9:46
2024-25,1629723,John Konchar,John,1610612763,MEM,Memphis Grizzlies,0022400353,2024-12-08T00:00:00,MEM @ WAS,W,22.166666666666668,4.9,6.5,0.75,1.6,3.2,0.5,0.0,0.0,0.0,6.5,6.5,13.0,3.2,1.6,3.2,1.6,0.0,1.6,0.0,11.4,14.6,44.8,0,0,39.0,1,1,13086,1,14372,14736,22117,2107,11617,17180,3944,13505,14344,13505,1370,7319,2811,12147,12238,2648,4496,8846,16798,17725,16824,5774,5258,2246,150,7392,1,22:10
2024-25,1631098,Johnny Davis,Johnny,1610612764,WAS,Washington Wizards,0022400353,2024-12-08T00:00:00,WAS vs. MEM,L,19.73,5.5,12.8,0.429,0.0,5.5,0.0,5.5,7.3,0.75,3.6,1.8,5.5,0.0,3.6,3.6,0.0,0.0,1.8,3.6,16.4,-9.1,30.3,0,0,29.2,1,13222,1,13222,16242,13058,12268,13735,15070,12024,15070,3442,3095,8186,4120,20180,13614,19908,4674,2029,8263,8846,16066,7263,11480,17487,14587,2246,150,14546,1,19:44
2024-25,1630538,Bones Hyland,Bones,1610612746,LAC,LA Clippers,0022400356,2024-12-08T00:00:00,LAC vs. HOU,L,27.833333333333332,9.1,16.8,0.538,6.5,12.9,0.5,3.9,3.9,1.0,1.3,2.6,3.9,5.2,1.3,1.3,0.0,0.0,5.2,3.9,28.5,-11.6,43.5,0,0,46.6,1,13222,1,13222,9684,4603,6019,7978,1018,1333,3944,5914,8080,1,11227,17973,17621,7078,13834,9498,8263,8846,4243,6626,2611,18591,5902,2246,150,3643,1,27:50
2024-25,1631288,Jamal Cain,Jamal,1610612740,NOP,New Orleans Pelicans,0022400354,2024-12-08T00:00:00,NOP @ SAS,L,10.033333333333333,3.6,7.2,0.5,0.0,3.6,0.0,0.0,0.0,0.0,3.6,0.0,3.6,3.6,0.0,3.6,3.6,0.0,3.6,3.6,7.2,-17.9,38.4,0,0,28.7,1,13222,1,13222,22095,18107,21347,8526,15070,16470,15070,13505,14344,13505,4229,22137,18342,11120,16469,2106,1153,8846,8462,7426,20575,20914,8776,2246,150,14926,1,10:02
2024-25,1641725,Trey Alexander,Trey,1610612743,DEN,Denver Nuggets,0022400350,2024-12-08T00:00:00,DEN @ ATL,W,2.8333333333333335,12.7,25.4,0.5,0.0,0.0,0.0,0.0,0.0,0.0,0.0,0.0,0.0,0.0,0.0,0.0,0.0,0.0,0.0,0.0,25.4,63.5,25.4,0,0,25.4,1,1,13086,1,25050,1147,743,8526,15070,20945,15070,13505,14344,13505,14058,22137,23286,19908,16469,12854,8263,8846,20257,17725,3984,311,17991,2246,150,17343,1,2:50
2024-25,1630643,Jay Huff,Jay,1610612763,MEM,Memphis Grizzlies,0022400353,2024-12-08T00:00:00,MEM @ WAS,W,23.751666666666665,9.1,21.2,0.429,4.5,16.7,0.273,3.0,3.0,1.0,1.5,3.0,4.5,1.5,1.5,0.0,0.0,0.0,4.5,1.5,25.8,4.5,32.0,0,0,36.4,1,1,13086,1,13111,4543,2198,13735,2979,441,11838,7718,9906,1,10254,16616,15936,17920,12679,12854,8263,8846,5680,14944,3798,10363,13340,2246,150,9119,1,23:45
2024-25,201942,DeMar DeRozan,DeMar,1610612758,SAC,Sacramento Kings,0022400357,2024-12-08T00:00:00,SAC vs. UTA,W,29.15,9.9,17.3,0.571,0.0,2.5,0.0,2.5,2.5,1.0,0.0,1.2,1.2,4.9,0.0,1.2,1.2,1.2,3.7,3.7,22.2,23.5,38.5,0,0,33.3,1,1,13086,1,8543,3359,5465,6538,15070,18680,15070,9137,11285,1,14058,21432,22899,7597,16469,9911,5972,6026,8063,7119,6059,3162,8682,2246,150,11363,1,29:09
2024-25,1631115,Orlando Robinson,Orlando,1610612758,SAC,Sacramento Kings,0022400357,2024-12-08T00:00:00,SAC vs. UTA,W,11.5,3.1,15.7,0.2,0.0,6.3,0.0,0.0,0.0,0.0,0.0,12.5,12.5,6.3,0.0,0.0,0.0,0.0,0.0,3.1,6.3,47.0,30.7,0,0,25.0,1,1,13086,1,21490,19133,7614,21401,15070,10057,15070,13505,14344,13505,14058,1151,3117,5077,16469,12854,8263,8846,20257,8781,21204,636,14294,2246,150,17647,1,11:30
2024-25,1641764,Brandin Podziemski,Brandin,1610612744,GSW,Golden State Warriors,0022400355,2024-12-08T00:00:00,GSW vs. MIN,W,20.12,3.6,8.9,0.4,3.6,7.2,0.5,0.0,0.0,0.0,3.6,1.8,5.4,5.4,0.0,0.0,0.0,0.0,3.6,1.8,10.7,-3.6,25.2,0,0,25.0,1,1,13086,1,15930,18133,18800,14933,4970,8128,3944,13505,14344,13505,4247,20271,13885,6694,16469,12854,8263,8846,8500,13970,17445,14833,18129,2246,150,17643,1,20:07
2024-25,1641729,Brice Sensabaugh,Brice,1610612762,UTA,Utah Jazz,0022400357,2024-12-08T00:00:00,UTA @ SAC,L,16.8,6.4,15.0,0.429,6.4,12.9,0.5,0.0,0.0,0.0,0.0,2.1,2.1,4.3,2.1,2.1,0.0,0.0,2.1,0.0,19.3,-64.3,32.6,0,0,36.4,1,13222,1,13222,18385,10367,8606,13735,1036,1370,3944,13505,14344,13505,14058,19231,21529,9167,9763,5621,8263,8846,14396,17725,8561,25780,12900,2246,150,9082,1,16:48
2024-25,1630178,Tyrese Maxey,Tyrese,1610612755,PHI,Philadelphia 76ers,0022400347,2024-12-08T00:00:00,PHI @ CHI,W,42.43333333333333,8.5,18.7,0.455,2.5,10.2,0.25,1.7,1.7,1.0,0.0,9.3,9.3,11.9,2.5,0.8,0.0,0.0,2.5,4.2,21.2,17.8,50.2,1,1,46.7,1,1,13086,1,209,5643,4057,12676,7994,3302,11902,11420,13296,1,14058,3178,6277,744,8062,12791,8263,8846,12622,5737,6916,4617,3210,1,1,3603,1,42:26
2024-25,1629018,Gary Trent Jr.,Gary,1610612749,MIL,Milwaukee Bucks,0022400348,2024-12-08T00:00:00,MIL @ BKN,W,24.5,8.8,14.7,0.6,4.4,10.3,0.429,7.3,7.3,1.0,0.0,0.0,0.0,0.0,1.5,1.5,0.0,0.0,1.5,2.9,29.4,8.8,32.3,0,0,36.7,1,1,13086,1,12473,5045,9056,5394,3224,3168,7394,1767,3053,1,14058,22137,23286,19908,12905,8533,8263,8846,17347,9464,2302,8265,13069,2246,150,8894,1,24:30
2024-25,1626172,Kevon Looney,Kevon,1610612744,GSW,Golden State Warriors,0022400355,2024-12-08T00:00:00,GSW vs. MIN,W,21.266666666666666,10.2,13.5,0.75,0.0,0.0,0.0,0.0,0.0,0.0,8.5,6.8,15.2,1.7,0.0,0.0,0.0,0.0,0.0,1.7,20.3,8.5,41.1,0,0,37.2,1,1,13086,1,15095,3056,10930,2107,15070,20945,15070,13505,14344,13505,669,6750,1670,17387,16469,12854,8263,8846,20257,14297,7646,8411,7096,2246,150,8546,1,21:16
2024-25,1630527,Brandon Boston,Brandon,1610612740,NOP,New Orleans Pelicans,0022400354,2024-12-08T00:00:00,NOP @ SAS,L,28.166666666666668,8.9,15.3,0.583,3.8,6.4,0.6,0.0,0.0,0.0,0.0,3.8,3.8,1.3,1.3,1.3,0.0,0.0,1.3,0.0,21.7,6.4,30.8,0,0,33.2,1,13222,1,13222,9408,4819,8043,6296,4350,9779,2992,13505,14344,13505,14058,14219,17737,18729,13917,9593,8263,8846,18133,17725,6446,9427,14202,2246,150,11472,1,28:10
2024-25,1630192,Zeke Nnaji,Zeke,1610612743,DEN,Denver Nuggets,0022400350,2024-12-08T00:00:00,DEN @ ATL,W,2.8333333333333335,12.7,25.4,0.5,0.0,0.0,0.0,0.0,12.7,0.0,0.0,0.0,0.0,0.0,0.0,0.0,0.0,12.7,0.0,12.7,25.4,63.5,25.4,0,0,25.4,1,1,13086,1,25050,1147,743,8526,15070,20945,15070,13505,630,13505,14058,22137,23286,19908,16469,12854,8263,42,20257,169,3984,311,17991,2246,150,17343,1,2:50
2024-25,1642264,Stephon Castle,Stephon,1610612759,SAS,San Antonio Spurs,0022400354,2024-12-08T00:00:00,SAS vs. NOP,W,34.196666666666665,8.4,15.8,0.533,2.1,5.3,0.4,4.2,5.3,0.8,1.1,4.2,5.3,4.2,4.2,1.1,0.0,1.1,2.1,3.2,23.2,-8.4,34.7,0,0,36.8,1,1,13086,1,4103,5758,7421,8140,9657,12560,7874,5330,5511,7681,12856,13078,14126,9359,3480,11464,8263,7467,14592,8705,5378,17148,11254,2246,150,8816,1,34:12
2024-25,203932,Aaron Gordon,Aaron,1610612743,DEN,Denver Nuggets,0022400350,2024-12-08T00:00:00,DEN @ ATL,W,22.883333333333333,1.6,9.4,0.167,0.0,6.3,0.0,6.3,7.9,0.8,0.0,3.1,3.1,9.4,4.7,0.0,1.6,1.6,1.6,6.3,9.4,26.7,27.4,0,0,25.2,1,1,13086,1,13803,22070,18060,21938,15070,9995,15070,2603,2615,7681,14058,16281,19381,1734,2697,12854,4628,4513,16948,2291,18698,2477,16682,2246,150,17537,1,22:53
2024-25,1642261,Dalton Knecht,Dalton,1610612747,LAL,Los Angeles Lakers,0022400358,2024-12-08T00:00:00,LAL vs. POR,W,21.916666666666668,4.9,14.8,0.333,0.0,4.9,0.0,0.0,0.0,0.0,1.6,11.5,13.1,1.6,3.3,1.6,0.0,0.0,4.9,0.0,9.9,0.0,29.7,0,0,27.9,1,1,13086,1,14561,14611,8935,17395,15070,13371,15070,13505,14344,13505,9775,1633,2713,17529,5542,7838,8263,8846,4780,17725,18303,12240,15002,2246,150,15480,1,21:55
2024-25,1629632,Coby White,Coby,1610612741,CHI,Chicago Bulls,0022400347,2024-12-08T00:00:00,CHI vs. PHI,L,36.86666666666667,4.9,16.6,0.294,2.9,10.7,0.273,0.0,0.0,0.0,1.0,2.9,3.9,4.9,0.0,0.0,0.0,2.0,3.9,2.0,12.7,4.9,24.7,0,0,24.4,1,13222,1,13222,2081,14715,6304,19598,6762,2740,11838,13505,14344,13505,13446,16970,17552,7728,16469,12854,8263,3377,7424,13305,15397,10170,18485,2246,150,18068,1,36:52
2024-25,1630169,Tyrese Haliburton,Tyrese,1610612754,IND,Indiana Pacers,0022400349,2024-12-08T00:00:00,IND vs. CHA,L,36.85666666666667,3.9,9.8,0.4,0.0,3.9,0.0,1.0,2.0,0.5,0.0,2.0,2.0,7.8,2.0,0.0,2.9,0.0,1.0,2.9,8.8,-2.9,29.7,0,0,24.4,1,13222,1,13222,2095,17301,17442,14933,15070,15769,15070,13303,12849,10625,14058,19815,21901,3069,10764,12854,1774,8846,19830,9494,19277,14536,15034,2246,150,18063,1,36:51
2024-25,1630539,Kai Jones,Kai,1610612746,LAC,LA Clippers,0022400356,2024-12-08T00:00:00,LAC vs. HOU,L,11.433333333333334,6.3,6.3,1.0,0.0,0.0,0.0,0.0,0.0,0.0,0.0,3.1,3.1,3.1,3.1,3.1,0.0,0.0,9.4,0.0,12.6,-6.3,27.4,0,0,25.2,1,13222,1,13222,21515,10723,22322,1,15070,20945,15070,13505,14344,13505,14058,16263,19373,12480,5988,2837,8263,8846,830,17725,15501,16203,16667,2246,150,17521,1,11:26
2024-25,1630696,Dru Smith,Dru,1610612748,MIA,Miami Heat,0022400351,2024-12-08T00:00:00,MIA vs. CLE,W,25.64,5.6,12.6,0.444,4.2,8.4,0.5,0.0,0.0,0.0,4.2,1.4,5.6,2.8,2.8,0.0,0.0,0.0,2.8,0.0,15.4,-2.8,23.6,0,0,28.1,1,1,13086,1,11457,12663,12505,13045,3541,5703,3944,13505,14344,13505,3289,21072,13251,13562,7188,12854,8263,8846,11613,17725,12468,14460,19208,2246,150,15370,1,25:38
2024-25,1629008,Michael Porter Jr.,Michael,1610612743,DEN,Denver Nuggets,0022400350,2024-12-08T00:00:00,DEN @ ATL,W,35.763333333333335,12.1,17.1,0.706,1.0,5.0,0.2,1.0,1.0,1.0,2.0,5.0,7.0,3.0,1.0,0.0,0.0,0.0,2.0,2.0,26.2,15.1,38.2,0,0,37.2,1,1,13086,1,2859,1475,5684,3027,14506,13119,13429,13221,14208,1,8328,10781,10068,12857,15802,12854,8263,8846,15071,13023,3597,5590,8923,2246,150,8545,1,35:46
2024-25,1628960,Grayson Allen,Grayson,1610612756,PHX,Phoenix Suns,0022400352,2024-12-08T00:00:00,PHX @ ORL,L,22.4,4.8,4.8,1.0,3.2,3.2,1.0,8.0,8.0,1.0,1.6,4.8,6.4,3.2,4.8,1.6,0.0,0.0,3.2,6.4,20.9,-8.0,33.4,0,0,37.0,1,13222,1,13222,14192,14879,23589,1,5917,17242,1,1398,2499,1,9890,11363,11317,12247,2545,7961,8263,8846,9803,2151,7169,16987,12237,2246,150,8745,1,22:24
2024-25,1628370,Malik Monk,Malik,1610612758,SAC,Sacramento Kings,0022400357,2024-12-08T00:00:00,SAC vs. UTA,W,26.683333333333334,9.4,20.2,0.467,2.7,9.4,0.286,0.0,1.3,0.0,1.3,1.3,2.7,4.0,1.3,1.3,0.0,1.3,0.0,4.0,21.6,17.5,33.6,0,0,33.7,1,1,13086,1,10574,3960,2809,12249,7545,4195,11433,13505,13664,13505,10985,21188,20452,9808,13573,9194,8263,5403,20257,6178,6561,4725,12114,2246,150,11053,1,26:41
2024-25,1631110,Jeremy Sochan,Jeremy,1610612759,SAS,San Antonio Spurs,0022400354,2024-12-08T00:00:00,SAS vs. NOP,W,22.92,3.1,9.4,0.333,0.0,3.1,0.0,4.7,6.3,0.75,0.0,7.9,7.9,1.6,0.0,3.1,3.1,3.1,4.7,3.1,11.0,22.0,41.6,0,0,33.0,1,1,13086,1,13779,19121,18076,17395,15070,17381,15070,4498,4152,8186,14058,4942,8542,17739,16469,2854,1532,1204,5253,8758,17184,3457,6815,2246,150,11663,1,22:55
2024-25,203944,Julius Randle,Julius,1610612750,MIN,Minnesota Timberwolves,0022400355,2024-12-08T00:00:00,MIN @ GSW,L,37.266666666666666,3.9,13.5,0.286,1.9,3.9,0.5,3.9,3.9,1.0,2.9,7.7,10.6,3.9,1.9,0.0,1.9,2.9,1.9,2.9,13.5,-1.9,35.9,1,0,33.8,1,13222,1,13222,1815,17417,10967,19630,10493,15871,3944,5947,8106,1,5599,5117,4788,10324,10888,12854,3673,1467,15505,9597,14474,14002,10404,1,150,10992,1,37:16
2024-25,203084,Harrison Barnes,Harrison,1610612759,SAS,San Antonio Spurs,0022400354,2024-12-08T00:00:00,SAS vs. NOP,W,31.57,4.6,6.8,0.667,3.4,5.7,0.6,5.7,6.8,0.833,0.0,1.1,1.1,3.4,0.0,1.1,0.0,0.0,0.0,3.4,18.2,22.8,28.2,0,0,28.5,1,1,13086,1,6363,15600,21739,3281,5335,11445,2992,3182,3529,7275,14058,21658,23024,11632,16469,10677,8263,8846,20257,7894,9580,3298,16096,2246,150,15064,1,31:34
2024-25,203110,Draymond Green,Draymond,1610612744,GSW,Golden State Warriors,0022400355,2024-12-08T00:00:00,GSW vs. MIN,W,30.55,3.5,5.9,0.6,0.0,1.2,0.0,0.0,0.0,0.0,0.0,7.1,7.1,8.2,3.5,0.0,1.2,1.2,5.9,0.0,7.1,-2.4,27.9,0,0,24.7,1,1,13086,1,7274,18236,22715,5394,15070,20655,15070,13505,14344,13505,14058,6227,10010,2655,4940,12854,6308,6411,3081,17725,20665,14238,16277,2246,150,17859,1,30:33
2024-25,1641810,Antonio Reeves,Antonio,1610612740,NOP,New Orleans Pelicans,0022400354,2024-12-08T00:00:00,NOP @ SAS,L,4.333333333333333,0.0,16.6,0.0,0.0,8.3,0.0,0.0,0.0,0.0,0.0,0.0,0.0,8.3,0.0,8.3,0.0,8.3,8.3,0.0,0.0,16.6,37.4,0,0,24.9,1,13222,1,13222,24312,22635,6279,22635,15070,5899,15070,13505,14344,13505,14058,22137,23286,2606,16469,188,8263,96,1224,17725,23200,5031,9418,2246,150,17739,1,4:20
2024-25,1641757,Jordan Miller,Jordan,1610612746,LAC,LA Clippers,0022400356,2024-12-08T00:00:00,LAC vs. HOU,L,31.983333333333334,5.6,13.5,0.417,2.3,4.5,0.5,0.0,0.0,0.0,3.4,3.4,6.8,2.3,1.1,0.0,0.0,1.1,1.1,0.0,13.5,-2.3,23.9,0,0,24.8,1,13222,1,13222,5982,12622,10995,14532,9041,14424,3944,13505,14344,13505,4591,15580,10628,15431,14972,12854,8263,6830,18958,17725,14496,14178,19053,2246,150,17846,1,31:59
2024-25,1630175,Cole Anthony,Cole,1610612753,ORL,Orlando Magic,0022400352,2024-12-08T00:00:00,ORL vs. PHX,W,28.7,7.5,17.6,0.429,2.5,7.5,0.333,0.0,0.0,0.0,0.0,2.5,2.5,3.8,3.8,1.3,2.5,0.0,3.8,1.3,17.6,21.3,33.7,0,0,33.9,1,1,13086,1,8920,7695,5182,13735,8118,7334,9209,13505,14344,13505,14058,18163,20797,10613,4408,9764,2360,8846,7866,16109,10255,3617,12015,2246,150,10953,1,28:42
2024-25,1627741,Buddy Hield,Buddy,1610612744,GSW,Golden State Warriors,0022400355,2024-12-08T00:00:00,GSW vs. MIN,W,34.58166666666666,10.4,18.7,0.556,7.3,13.5,0.538,0.0,0.0,0.0,1.0,3.1,4.2,2.1,1.0,3.1,0.0,0.0,2.1,0.0,28.1,17.7,44.6,0,0,47.9,1,1,13086,1,3804,2811,3990,7248,672,1076,3915,13505,14344,13505,12936,16350,16900,16058,15551,2885,8263,8846,14689,17725,2742,4669,5387,2246,150,3188,1,34:35
2024-25,101108,Chris Paul,Chris,1610612759,SAS,San Antonio Spurs,0022400354,2024-12-08T00:00:00,SAS vs. NOP,W,31.096666666666668,2.3,8.1,0.286,2.3,6.9,0.333,0.0,0.0,0.0,0.0,8.1,8.1,11.6,2.3,2.3,0.0,0.0,2.3,0.0,6.9,4.6,38.7,0,0,33.6,1,1,13086,1,6804,20820,20082,19630,8796,8574,9209,13505,14344,13505,14058,4560,8092,820,9007,4976,8263,8846,13580,17725,20761,10321,8617,2246,150,11184,1,31:06
2024-25,203081,Damian Lillard,Damian,1610612749,MIL,Milwaukee Bucks,0022400348,2024-12-08T00:00:00,MIL @ BKN,W,38.81666666666667,1.9,6.5,0.286,1.9,6.5,0.286,8.3,10.2,0.818,0.0,5.6,5.6,10.2,6.5,0.9,0.0,0.0,0.0,5.6,13.9,-10.2,32.2,1,0,33.4,1,1,13086,1,955,21653,22123,19630,10856,9562,11433,1256,1292,7652,14058,9374,13378,1336,1133,12524,8263,8846,20257,3242,14035,17977,13192,1,150,11331,1,38:49
2024-25,1630167,Obi Toppin,Obi,1610612754,IND,Indiana Pacers,0022400349,2024-12-08T00:00:00,IND vs. CHA,L,22.733333333333334,6.3,17.4,0.364,4.8,14.3,0.333,0.0,0.0,0.0,0.0,4.8,4.8,3.2,0.0,1.6,0.0,0.0,4.8,1.6,17.4,6.3,32.6,0,0,33.3,1,13222,1,13222,13923,10602,5328,16861,2642,861,9209,13505,14344,13505,14058,11572,15444,12427,16469,8047,8263,8846,5175,14680,10403,9457,12868,2246,150,11449,1,22:44
2024-25,1641816,Hunter Tyson,Hunter,1610612743,DEN,Denver Nuggets,0022400350,2024-12-08T00:00:00,DEN @ ATL,W,7.8,9.2,9.2,1.0,4.6,4.6,1.0,0.0,0.0,0.0,0.0,4.6,4.6,4.6,0.0,0.0,0.0,0.0,4.6,0.0,23.1,32.3,35.5,0,0,36.9,1,1,13086,1,22891,4306,18356,1,2862,14160,1,13505,14344,13505,14058,11943,15782,8374,16469,12854,8263,8846,5503,17725,5433,1698,10703,2246,150,8775,1,7:48
2024-25,1629610,DaQuan Jeffries,DaQuan,1610612766,CHA,Charlotte Hornets,0022400349,2024-12-08T00:00:00,CHA @ IND,W,20.385,5.3,7.1,0.75,3.5,5.3,0.667,0.0,0.0,0.0,3.5,3.5,7.1,1.8,1.8,1.8,1.8,0.0,0.0,1.8,14.1,-3.5,34.1,0,0,33.6,1,1,13086,1,15729,13537,21485,2107,5076,12470,1957,13505,14344,13505,4321,15134,10027,17181,11681,7383,4131,8846,20257,14054,13813,14813,11742,2246,150,11201,1,20:23
2024-25,1627783,Pascal Siakam,Pascal,1610612754,IND,Indiana Pacers,0022400349,2024-12-08T00:00:00,IND vs. CHA,L,34.13333333333333,3.2,8.4,0.375,0.0,2.1,0.0,3.2,3.2,1.0,1.1,10.5,11.6,3.2,3.2,2.1,0.0,0.0,4.2,3.2,9.5,-5.3,31.3,0,0,28.5,1,13222,1,13222,4140,19075,19585,16299,15070,19354,15070,7406,9586,1,12843,2192,3845,12442,5935,5744,8263,8846,6505,8687,18643,15734,13809,2246,150,15090,1,34:08
2024-25,1630215,Jared Butler,Jared,1610612764,WAS,Washington Wizards,0022400353,2024-12-08T00:00:00,WAS vs. MEM,L,26.15,8.3,19.3,0.429,1.4,8.3,0.167,1.4,1.4,1.0,2.8,4.1,6.9,9.6,4.1,0.0,0.0,0.0,5.5,2.8,19.3,-15.1,37.9,0,0,37.2,1,13222,1,13222,11042,6061,3529,13735,12536,5983,14236,12083,13624,1,5972,13330,10356,1621,3606,12854,8263,8846,3695,10137,8576,19957,9117,2246,150,8601,1,26:09
2024-25,1642530,Yuki Kawamura,Yuki,1610612763,MEM,Memphis Grizzlies,0022400353,2024-12-08T00:00:00,MEM @ WAS,W,5.333333333333333,6.8,13.5,0.5,6.8,13.5,0.5,6.8,13.5,0.5,0.0,0.0,0.0,0.0,0.0,6.8,0.0,0.0,0.0,6.8,27.0,-6.8,47.3,0,0,47.3,1,1,13086,1,23857,9563,11006,8526,865,1095,3944,2197,531,10625,14058,22137,23286,19908,16469,338,8263,8846,20257,1858,3208,16399,4229,2246,150,3387,1,5:20
2024-25,1629614,Andrew Nembhard,Andrew,1610612754,IND,Indiana Pacers,0022400349,2024-12-08T00:00:00,IND vs. CHA,L,30.653333333333332,3.5,5.9,0.6,2.3,3.5,0.667,2.3,2.3,1.0,1.2,3.5,4.7,3.5,4.7,1.2,0.0,0.0,1.2,1.2,11.7,-5.9,21.5,0,0,24.7,1,13222,1,13222,7166,18275,22740,5394,8674,16609,1957,9455,11633,1,11967,15170,15574,11332,2721,10402,8263,8846,18695,16532,16406,16007,20418,2246,150,17916,1,30:39
2024-25,1631170,Jaime Jaquez Jr.,Jaime,1610612748,MIA,Miami Heat,0022400351,2024-12-08T00:00:00,MIA vs. CLE,W,15.951666666666666,2.3,9.0,0.25,0.0,4.5,0.0,4.5,4.5,1.0,2.3,4.5,6.8,4.5,4.5,2.3,0.0,0.0,4.5,6.8,9.0,-15.8,26.2,0,0,24.8,1,1,13086,1,18960,20937,18675,20233,15070,14401,15070,4814,6818,1,7392,12231,10599,8624,2981,5200,8263,8846,5749,1843,19048,20193,17489,2246,150,17815,1,15:57
2024-25,1629661,Cameron Johnson,Cameron,1610612751,BKN,Brooklyn Nets,0022400348,2024-12-08T00:00:00,BKN vs. MIL,L,37.733333333333334,8.6,15.3,0.563,3.8,7.6,0.5,3.8,3.8,1.0,1.9,1.0,2.9,1.9,2.9,1.0,1.0,1.9,1.9,1.9,24.8,8.6,34.0,0,0,37.2,1,13222,1,13222,1546,5466,8153,7127,4389,7116,3944,6045,8207,1,8782,22048,20094,16720,6986,12316,7791,3516,15627,13482,4307,8369,11846,2246,150,8578,1,37:44
2024-25,1641732,Colby Jones,Colby,1610612758,SAC,Sacramento Kings,0022400357,2024-12-08T00:00:00,SAC vs. UTA,W,20.14666666666667,1.8,5.4,0.333,1.8,1.8,1.0,0.0,0.0,0.0,1.8,7.1,8.9,1.8,3.6,3.6,1.8,0.0,1.8,3.6,5.4,44.7,31.3,0,0,28.6,1,1,13086,1,15912,21776,23209,17395,11124,19937,1,13505,14344,13505,9290,6099,6845,17128,4833,2132,4086,8846,16245,7471,21820,722,13851,2246,150,14999,1,20:09
2024-25,1626171,Bobby Portis,Bobby,1610612749,MIL,Milwaukee Bucks,0022400348,2024-12-08T00:00:00,MIL @ BKN,W,31.433333333333334,10.3,11.5,0.9,5.7,5.7,1.0,0.0,0.0,0.0,0.0,5.7,5.7,1.1,2.3,1.1,3.4,0.0,0.0,0.0,26.3,13.7,46.4,0,0,48.1,1,1,13086,1,6467,2910,14565,1303,1541,11393,1,13505,14344,13505,14058,8978,12945,19209,9118,10636,1276,8846,20257,17725,3513,6107,4586,2246,150,3109,1,31:26
2024-25,1629048,Goga Bitadze,Goga,1610612753,ORL,Orlando Magic,0022400352,2024-12-08T00:00:00,ORL vs. PHX,W,30.633333333333333,9.4,17.6,0.533,0.0,1.2,0.0,5.9,7.1,0.833,10.6,8.2,18.8,4.7,1.2,0.0,0.0,1.2,1.2,3.5,24.7,-1.2,53.1,1,0,48.2,1,1,13086,1,7181,4023,5110,8140,15070,20659,15070,3000,3318,7275,335,4384,730,8185,14622,12854,8263,6441,18688,7595,4376,13657,2412,1,150,3089,1,30:38
2024-25,1642281,Jaylon Tyson,Jaylon,1610612739,CLE,Cleveland Cavaliers,0022400351,2024-12-08T00:00:00,CLE @ MIA,L,1.65,0.0,0.0,0.0,0.0,0.0,0.0,0.0,0.0,0.0,0.0,0.0,0.0,0.0,0.0,0.0,0.0,0.0,0.0,0.0,0.0,109.1,0.0,0,0,0.0,1,13222,1,13222,25691,22635,24836,22635,15070,20945,15070,13505,14344,13505,14058,22137,23286,19908,16469,12854,8263,8846,20257,17725,23200,57,25228,2246,150,25259,1,1:39
2024-25,1631247,Luke Travers,Luke,1610612739,CLE,Cleveland Cavaliers,0022400351,2024-12-08T00:00:00,CLE @ MIA,L,1.65,0.0,0.0,0.0,0.0,0.0,0.0,0.0,0.0,0.0,0.0,0.0,0.0,0.0,0.0,0.0,0.0,0.0,0.0,0.0,0.0,109.1,0.0,0,0,0.0,1,13222,1,13222,25691,22635,24836,22635,15070,20945,15070,13505,14344,13505,14058,22137,23286,19908,16469,12854,8263,8846,20257,17725,23200,57,25228,2246,150,25259,1,1:39
2024-25,1641721,Maxwell Lewis,Maxwell,1610612747,LAL,Los Angeles Lakers,0022400358,2024-12-08T00:00:00,LAL vs. POR,W,2.6333333333333333,0.0,0.0,0.0,0.0,0.0,0.0,0.0,0.0,0.0,0.0,0.0,0.0,0.0,13.7,0.0,0.0,0.0,0.0,0.0,0.0,-123.0,-13.7,0,0,0.0,1,1,13086,1,25160,22635,24836,22635,15070,20945,15070,13505,14344,13505,14058,22137,23286,19908,138,12854,8263,8846,20257,17725,23200,26232,26250,2246,150,25259,1,2:38
2024-25,201567,Kevin Love,Kevin,1610612748,MIA,Miami Heat,0022400351,2024-12-08T00:00:00,MIA vs. CLE,W,4.833333333333333,0.0,7.4,0.0,0.0,7.4,0.0,0.0,0.0,0.0,0.0,0.0,0.0,0.0,0.0,0.0,0.0,0.0,0.0,0.0,0.0,-81.9,0.0,0,0,0.0,1,1,13086,1,24068,22635,20996,22635,15070,7500,15070,13505,14344,13505,14058,22137,23286,19908,16469,12854,8263,8846,20257,17725,23200,26019,25228,2246,150,25259,1,4:50
2024-25,1630208,Nick Richards,Nick,1610612766,CHA,Charlotte Hornets,0022400349,2024-12-08T00:00:00,CHA @ IND,W,24.73,4.4,7.3,0.6,0.0,0.0,0.0,4.4,5.8,0.75,0.0,20.4,20.4,1.5,5.8,0.0,0.0,0.0,4.4,4.4,13.1,7.3,33.9,0,0,34.9,1,1,13086,1,12250,16157,21235,5394,15070,20945,15070,5045,4723,8186,14058,159,482,18157,1532,12854,8263,8846,6110,5430,14979,9002,11877,2246,150,10142,1,24:44
2024-25,1630553,Keon Johnson,Keon,1610612751,BKN,Brooklyn Nets,0022400348,2024-12-08T00:00:00,BKN vs. MIL,L,21.258333333333333,3.4,13.5,0.25,3.4,8.5,0.4,0.0,0.0,0.0,0.0,0.0,0.0,0.0,3.4,3.4,0.0,0.0,5.1,1.7,10.2,1.7,16.9,0,0,20.3,1,13222,1,13222,15111,18568,10928,20233,5421,5643,7874,13505,14344,13505,14058,22137,23286,19908,5267,2408,8263,8846,4427,14296,17994,11793,22516,2246,150,20678,1,21:16
2024-25,1630658,Colin Castleton,Colin,1610612763,MEM,Memphis Grizzlies,0022400353,2024-12-08T00:00:00,MEM @ WAS,W,7.133333333333334,5.0,15.1,0.333,0.0,5.0,0.0,20.2,20.2,1.0,10.1,0.0,10.1,0.0,0.0,0.0,0.0,0.0,5.0,10.1,30.3,0.0,42.4,0,0,40.4,1,1,13086,1,23116,14240,8360,17395,15070,13081,15070,72,138,1,393,22137,5335,19908,16469,12854,8263,8846,4506,393,1993,12240,6430,2246,150,6561,1,7:08
2024-25,1641739,Toumani Camara,Toumani,1610612757,POR,Portland Trail Blazers,0022400358,2024-12-08T00:00:00,POR @ LAL,L,30.5,3.5,7.1,0.5,1.2,4.7,0.25,1.2,1.2,1.0,1.2,5.9,7.1,0.0,3.5,1.2,0.0,0.0,2.4,3.5,9.4,-21.2,17.9,0,0,20.1,1,13222,1,13222,7321,18228,21464,8526,13472,13907,11902,12666,13921,1,11929,8539,9993,19908,4934,10340,8263,8846,13391,7559,18692,21897,22121,2246,150,20827,1,30:30
2024-25,1642377,Jaylen Wells,Jaylen,1610612763,MEM,Memphis Grizzlies,0022400353,2024-12-08T00:00:00,MEM @ WAS,W,29.783333333333335,0.0,3.6,0.0,0.0,0.0,0.0,4.8,4.8,1.0,1.2,1.2,2.4,2.4,1.2,0.0,0.0,0.0,2.4,4.8,4.8,16.9,10.2,0,0,9.7,1,1,13086,1,7977,22635,24259,22635,15070,20945,15070,4285,6226,1,11733,21486,20970,14819,14377,12854,8263,8846,13117,4424,22106,4932,24385,2246,150,24495,1,29:47
2024-25,1641716,Jarace Walker,Jarace,1610612754,IND,Indiana Pacers,0022400349,2024-12-08T00:00:00,IND vs. CHA,L,20.488333333333333,10.5,12.3,0.857,5.3,7.0,0.75,0.0,0.0,0.0,0.0,5.3,5.3,0.0,5.3,0.0,1.8,0.0,1.8,1.8,26.4,3.5,32.7,0,0,40.4,1,13222,1,13222,15650,2675,13081,1412,1976,8405,1542,13505,14344,13505,14058,10100,14117,19908,2042,12854,4151,8846,16351,14087,3505,10888,12812,2246,150,6537,1,20:29
2024-25,1629638,Nickeil Alexander-Walker,Nickeil,1610612750,MIN,Minnesota Timberwolves,0022400355,2024-12-08T00:00:00,MIN @ GSW,L,24.19333333333333,10.4,13.4,0.778,6.0,7.4,0.8,1.5,3.0,0.5,1.5,0.0,1.5,1.5,1.5,0.0,1.5,1.5,1.5,1.5,28.3,-6.0,35.3,0,0,40.2,1,13222,1,13222,12738,2805,11161,1994,1339,7521,1389,11818,10036,10625,10362,22137,22581,18025,12803,12854,4897,4818,17270,15050,2681,16039,10890,2246,150,6685,1,24:12
2024-25,1642263,Reed Sheppard,Reed,1610612745,HOU,Houston Rockets,0022400356,2024-12-08T00:00:00,HOU @ LAC,W,10.55,0.0,10.2,0.0,0.0,10.2,0.0,0.0,0.0,0.0,0.0,0.0,0.0,0.0,0.0,0.0,0.0,0.0,0.0,0.0,0.0,-3.4,0.0,0,0,0.0,1,1,13086,1,21898,22635,16676,22635,15070,3225,15070,13505,14344,13505,14058,22137,23286,19908,16469,12854,8263,8846,20257,17725,23200,14761,25228,2246,150,25259,1,10:33
2024-25,1626145,Tyus Jones,Tyus,1610612756,PHX,Phoenix Suns,0022400352,2024-12-08T00:00:00,PHX @ ORL,L,34.266666666666666,7.4,16.8,0.438,5.3,8.4,0.625,2.1,2.1,1.0,0.0,1.1,1.1,6.3,1.1,0.0,0.0,2.1,0.0,2.1,22.1,2.1,31.7,0,0,34.7,1,13222,1,13222,4042,8112,6026,13558,1993,5728,2868,10285,12415,1,14058,21876,23157,5011,15484,12854,8263,2920,20257,12600,6158,11567,13531,2246,150,10322,1,34:16
2024-25,1629660,Ty Jerome,Ty,1610612739,CLE,Cleveland Cavaliers,0022400351,2024-12-08T00:00:00,CLE @ MIA,L,21.283333333333335,6.8,18.6,0.364,0.0,3.4,0.0,10.1,10.1,1.0,3.4,3.4,6.8,10.1,0.0,0.0,0.0,3.4,5.1,5.1,23.7,-6.8,47.0,0,0,40.6,1,13222,1,13222,15078,9515,4116,16861,15070,16903,15070,663,1311,1,4578,15569,10606,1362,16469,12854,8263,1008,4437,3962,4992,16404,4305,2246,150,6445,1,21:17
2024-25,203924,Jerami Grant,Jerami,1610612757,POR,Portland Trail Blazers,0022400358,2024-12-08T00:00:00,POR @ LAL,L,31.633333333333333,1.1,13.7,0.083,1.1,8.0,0.143,0.0,0.0,0.0,1.1,3.4,4.6,1.1,1.1,1.1,0.0,1.1,2.3,0.0,3.4,-20.5,12.9,0,0,12.5,1,13222,1,13222,6299,22549,10725,22617,13721,6507,14649,13505,14344,13505,12205,15481,15919,19233,14880,10696,8263,6725,13741,17725,22803,21702,23805,2246,150,23865,1,31:38
2024-25,1630526,Jeremiah Robinson-Earl,Jeremiah,1610612740,NOP,New Orleans Pelicans,0022400354,2024-12-08T00:00:00,NOP @ SAS,L,18.95,3.8,9.5,0.4,1.9,3.8,0.5,0.0,0.0,0.0,1.9,7.6,9.5,1.9,1.9,3.8,1.9,0.0,7.6,0.0,9.5,1.9,38.9,0,0,34.2,1,13222,1,13222,16868,17566,17952,14933,10638,15994,3944,13505,14344,13505,8814,5331,6067,16752,11041,1850,3764,8846,1575,17725,18636,11682,8449,2246,150,10701,1,18:57
2024-25,1629631,De'Andre Hunter,De'Andre,1610612737,ATL,Atlanta Hawks,0022400350,2024-12-08T00:00:00,ATL vs. DEN,L,24.45,10.3,29.4,0.35,4.4,13.3,0.333,4.4,4.4,1.0,1.5,2.9,4.4,1.5,0.0,0.0,0.0,1.5,2.9,2.9,29.4,-29.4,37.0,0,0,39.8,1,13222,1,13222,12529,2912,308,17337,3207,1181,9209,4961,7000,1,10423,16912,16244,18083,16469,12854,8263,4874,10955,9439,2280,23652,9727,2246,150,6915,1,24:27
2024-25,1629060,Rui Hachimura,Rui,1610612747,LAL,Los Angeles Lakers,0022400358,2024-12-08T00:00:00,LAL vs. POR,W,38.93333333333333,8.3,12.0,0.692,2.8,4.6,0.6,1.8,1.8,1.0,0.9,3.7,4.6,1.8,0.9,3.7,0.9,0.0,2.8,0.9,21.3,28.7,42.5,0,0,39.8,1,1,13086,1,906,5943,13553,3171,7312,14151,2992,11119,13111,1,13808,14633,15766,16929,16265,1965,7986,8846,11759,17614,6861,2160,6349,2246,150,6914,1,38:56
2024-25,1642258,Zaccharie Risacher,Zaccharie,1610612737,ATL,Atlanta Hawks,0022400350,2024-12-08T00:00:00,ATL vs. DEN,L,29.466666666666665,3.7,13.4,0.273,0.0,2.4,0.0,4.9,7.3,0.667,2.4,2.4,4.9,0.0,1.2,1.2,0.0,1.2,2.4,3.7,12.2,-15.9,20.5,0,0,19.5,1,13222,1,13222,8251,17930,11104,20048,15070,18723,15070,4209,3066,9425,6795,18348,15095,19908,14280,10000,8263,6114,13011,7221,15906,20226,20929,2246,150,21123,1,29:28
2024-25,1631124,Julian Strawther,Julian,1610612743,DEN,Denver Nuggets,0022400350,2024-12-08T00:00:00,DEN @ ATL,W,21.666666666666668,8.3,10.0,0.833,5.0,6.6,0.75,0.0,0.0,0.0,0.0,3.3,3.3,5.0,5.0,0.0,0.0,0.0,5.0,3.3,21.6,-3.3,28.1,0,0,34.9,1,1,13086,1,14776,5973,17104,1514,2295,9226,1542,13505,14344,13505,14058,15727,18936,7502,2358,12854,8263,8846,4638,8186,6549,14723,16155,2246,150,10165,1,21:40
2024-25,1629003,Shake Milton,Shake,1610612751,BKN,Brooklyn Nets,0022400348,2024-12-08T00:00:00,BKN vs. MIL,L,15.983333333333333,4.5,9.0,0.5,4.5,9.0,0.5,0.0,0.0,0.0,0.0,2.3,2.3,0.0,4.5,0.0,0.0,0.0,4.5,2.3,13.5,-20.3,11.7,0,0,20.3,1,13222,1,13222,18936,15767,18699,8526,3065,4809,3944,13505,14344,13505,14058,18912,21309,19908,2994,12854,8263,8846,5766,11928,14487,21627,24080,2246,150,20711,1,15:59
2024-25,1631132,Christian Koloko,Christian,1610612747,LAL,Los Angeles Lakers,0022400358,2024-12-08T00:00:00,LAL vs. POR,W,15.85,2.3,6.8,0.333,0.0,0.0,0.0,0.0,0.0,0.0,6.8,6.8,13.6,2.3,0.0,0.0,0.0,2.3,6.8,0.0,4.5,11.4,24.3,0,0,20.4,1,1,13086,1,19029,20906,21771,17395,15070,20945,15070,13505,14344,13505,1220,6680,2420,15342,16469,12854,8263,2499,2129,17725,22272,7073,18745,2246,150,20613,1,15:51
2024-25,1629675,Naz Reid,Naz,1610612750,MIN,Minnesota Timberwolves,0022400355,2024-12-08T00:00:00,MIN @ GSW,L,20.85,5.2,13.8,0.375,1.7,10.4,0.167,5.2,8.6,0.6,0.0,10.4,10.4,3.5,3.5,0.0,3.5,0.0,3.5,5.2,17.3,-3.5,41.8,0,0,39.7,1,13222,1,13222,15397,13867,10468,16299,11320,3094,14236,3786,2103,10343,14058,2314,5048,11540,5114,12854,1264,8846,8879,3799,10556,14776,6731,2246,150,6942,1,20:51
2024-25,1627884,Derrick Jones Jr.,Derrick,1610612746,LAC,LA Clippers,0022400356,2024-12-08T00:00:00,LAC vs. HOU,L,12.0,3.0,3.0,1.0,0.0,0.0,0.0,0.0,0.0,0.0,0.0,0.0,0.0,0.0,0.0,0.0,3.0,0.0,3.0,0.0,6.0,-6.0,15.0,0,0,12.0,1,13222,1,13222,21228,19415,24488,1,15070,20945,15070,13505,14344,13505,14058,22137,23286,19908,16469,12854,1691,8846,10710,17725,21387,16057,23175,2246,150,23970,1,12:00
2024-25,1628988,Aaron Holiday,Aaron,1610612745,HOU,Houston Rockets,0022400356,2024-12-08T00:00:00,HOU @ LAC,W,18.533333333333335,5.8,11.7,0.5,5.8,11.7,0.5,3.9,3.9,1.0,0.0,1.9,1.9,5.8,3.9,0.0,0.0,0.0,1.9,1.9,21.4,1.9,28.6,0,0,35.0,1,1,13086,1,17163,12032,14207,8526,1455,1994,3944,5903,8066,1,14058,19852,21925,5801,4114,12854,8263,8846,15445,13351,6761,11653,15836,2246,150,10119,1,18:32
2024-25,1630322,Lindy Waters III,Lindy,1610612744,GSW,Golden State Warriors,0022400355,2024-12-08T00:00:00,GSW vs. MIN,W,22.215,0.0,8.1,0.0,0.0,4.9,0.0,0.0,0.0,0.0,1.6,4.9,6.5,4.9,0.0,0.0,0.0,1.6,6.5,0.0,0.0,1.6,15.1,0,0,11.3,1,1,13086,1,14342,22635,20084,22635,15070,13529,15070,13505,14344,13505,9844,11252,11216,7771,16469,12854,8263,4379,2416,17725,23200,11825,23154,2246,150,24145,1,22:13
2024-25,1630228,Jonathan Kuminga,Jonathan,1610612744,GSW,Golden State Warriors,0022400355,2024-12-08T00:00:00,GSW vs. MIN,W,36.16833333333334,7.0,15.9,0.438,1.0,4.0,0.25,5.0,8.0,0.625,1.0,6.0,7.0,2.0,3.0,2.0,3.0,3.0,2.0,6.0,19.9,8.0,43.2,0,0,39.8,1,1,13086,1,2555,9008,7221,13558,14579,15614,11902,4078,2545,10271,13297,8405,10211,16417,6547,6299,1722,1362,15204,2662,7994,8648,6046,2246,150,6887,1,36:10
2024-25,1641998,Trey Jemison III,Trey,1610612740,NOP,New Orleans Pelicans,0022400354,2024-12-08T00:00:00,NOP @ SAS,L,3.4783333333333335,0.0,10.3,0.0,0.0,0.0,0.0,0.0,20.7,0.0,10.3,0.0,10.3,0.0,0.0,0.0,0.0,10.3,0.0,10.3,0.0,0.0,12.4,0,0,10.3,1,13222,1,13222,24726,22635,16464,22635,15070,20945,15070,13505,128,13505,359,22137,5059,19908,16469,12854,8263,60,20257,354,23200,12240,23917,2246,150,24364,1,3:29
2024-25,1630592,Jalen Wilson,Jalen,1610612751,BKN,Brooklyn Nets,0022400348,2024-12-08T00:00:00,BKN vs. MIL,L,26.141666666666666,1.4,11.0,0.125,1.4,6.9,0.2,0.0,0.0,0.0,1.4,1.4,2.8,4.1,0.0,0.0,0.0,2.8,4.1,1.4,4.1,-12.4,13.6,0,0,12.4,1,13222,1,13222,11053,22315,15333,22420,12534,8701,13429,13505,14344,13505,10850,21135,20348,9571,16469,12854,8263,1663,6736,15543,22493,18897,23596,2246,150,23900,1,26:09
2024-25,1642422,Armel Traoré,Armel,1610612747,LAL,Los Angeles Lakers,0022400358,2024-12-08T00:00:00,LAL vs. POR,W,6.983333333333333,5.2,10.3,0.5,0.0,5.2,0.0,0.0,0.0,0.0,0.0,0.0,0.0,0.0,0.0,0.0,0.0,0.0,0.0,0.0,10.3,-67.0,10.3,0,0,10.3,1,1,13086,1,23177,13938,16544,8526,15070,12811,15070,13505,14344,13505,14058,22137,23286,19908,16469,12854,8263,8846,20257,17725,17850,25836,24365,2246,150,24371,1,6:59
2024-25,1627752,Taurean Prince,Taurean,1610612749,MIL,Milwaukee Bucks,0022400348,2024-12-08T00:00:00,MIL @ BKN,W,17.683333333333334,0.0,4.1,0.0,0.0,4.1,0.0,0.0,0.0,0.0,0.0,6.1,6.1,4.1,2.0,0.0,0.0,0.0,6.1,2.0,0.0,-10.2,11.4,0,0,10.2,1,1,13086,1,17794,22635,24060,22635,15070,15425,15070,13505,14344,13505,14058,8083,12037,9736,10327,12854,8263,8846,2813,12899,23200,17962,24154,2246,150,24389,1,17:41
2024-25,1628374,Lauri Markkanen,Lauri,1610612762,UTA,Utah Jazz,0022400357,2024-12-08T00:00:00,UTA @ SAC,L,25.433333333333334,2.8,12.7,0.222,0.0,5.7,0.0,5.7,5.7,1.0,0.0,2.8,2.8,5.7,5.7,0.0,0.0,4.2,2.8,4.2,11.3,-35.4,17.6,0,0,19.8,1,13222,1,13222,11634,19807,12315,21205,15070,11544,15070,3232,4953,1,14058,17292,20165,6123,1670,12854,8263,566,11505,5729,16865,24458,22280,2246,150,20962,1,25:26
2024-25,1631207,Dalen Terry,Dalen,1610612741,CHI,Chicago Bulls,0022400347,2024-12-08T00:00:00,CHI vs. PHI,L,4.233333333333333,0.0,0.0,0.0,0.0,0.0,0.0,0.0,0.0,0.0,0.0,0.0,0.0,0.0,0.0,8.5,0.0,0.0,0.0,0.0,0.0,8.5,25.5,0,0,17.0,1,13222,1,13222,24363,22635,24836,22635,15070,20945,15070,13505,14344,13505,14058,22137,23286,19908,16469,178,8263,8846,20257,17725,23200,8401,17930,2246,150,22301,1,4:14
2024-25,203552,Seth Curry,Seth,1610612766,CHA,Charlotte Hornets,0022400349,2024-12-08T00:00:00,CHA @ IND,W,11.55,9.4,18.7,0.5,3.1,9.4,0.333,6.2,6.2,1.0,0.0,0.0,0.0,0.0,0.0,3.1,0.0,0.0,6.2,3.1,28.1,3.1,37.4,0,0,37.4,1,1,13086,1,21471,4119,4023,8526,6177,4303,9209,2647,4194,1,14058,22137,23286,19908,16469,2896,8263,8846,2673,8827,2768,11054,9406,2246,150,8427,1,11:33
2024-25,1631101,Shaedon Sharpe,Shaedon,1610612757,POR,Portland Trail Blazers,0022400358,2024-12-08T00:00:00,POR @ LAL,L,33.6,7.5,16.1,0.467,2.1,6.4,0.333,3.2,4.3,0.75,0.0,6.4,6.4,3.2,3.2,0.0,0.0,2.1,3.2,2.1,20.4,-2.1,29.7,0,0,32.1,1,13222,1,13222,4641,7762,7019,12249,9494,9699,9209,7294,7236,8186,14058,7448,11325,12249,5782,12854,8263,2792,9805,12425,7612,14123,15041,2246,150,12270,1,33:36
2024-25,203935,Marcus Smart,Marcus,1610612763,MEM,Memphis Grizzlies,0022400353,2024-12-08T00:00:00,MEM @ WAS,W,20.966666666666665,8.6,13.7,0.625,5.2,10.3,0.5,0.0,0.0,0.0,0.0,5.2,5.2,1.7,5.2,1.7,0.0,0.0,3.4,0.0,22.3,49.8,31.1,0,0,37.8,1,1,13086,1,15314,5470,10592,4899,2107,3151,3944,13505,14344,13505,14058,10419,14395,17319,2169,7550,8263,8846,8959,17725,5994,554,14002,2246,150,8189,1,20:58
2024-25,1627777,Georges Niang,Georges,1610612739,CLE,Cleveland Cavaliers,0022400351,2024-12-08T00:00:00,CLE @ MIA,L,31.473333333333333,5.7,8.0,0.714,3.4,4.6,0.75,2.3,2.3,1.0,2.3,4.6,6.9,2.3,1.1,1.1,0.0,0.0,2.3,2.3,17.2,12.6,31.1,0,0,32.0,1,13222,1,13222,6434,12360,20253,2752,5313,14254,1542,9670,11825,1,7287,12064,10404,15283,14840,10649,8263,8846,13702,11804,10673,6571,13981,2246,150,12369,1,31:28
2024-25,1631165,Keon Ellis,Keon,1610612758,SAC,Sacramento Kings,0022400357,2024-12-08T00:00:00,SAC vs. UTA,W,15.833333333333334,4.5,6.8,0.667,2.3,4.5,0.5,0.0,0.0,0.0,2.3,4.5,6.8,11.4,2.3,6.8,0.0,0.0,4.5,2.3,11.4,50.0,54.8,0,0,45.5,1,1,13086,1,19040,15628,21764,3281,8952,14324,3944,13505,14344,13505,7332,12127,10486,875,9191,333,8263,8846,5669,11848,16824,548,2033,2246,150,4023,1,15:50
2024-25,1631095,Jabari Smith Jr.,Jabari,1610612745,HOU,Houston Rockets,0022400356,2024-12-08T00:00:00,HOU @ LAC,W,34.03333333333333,4.2,9.5,0.444,2.1,5.3,0.4,3.2,4.2,0.75,2.1,10.6,12.7,2.1,1.1,0.0,1.1,2.1,4.2,4.2,13.8,5.3,34.3,1,0,32.8,1,1,13086,1,4225,16506,17910,13045,9621,12493,7874,7387,7355,8186,7901,2170,3004,15946,15441,12854,7073,2877,6467,5759,14225,9963,11605,1,150,11815,1,34:02
2024-25,1630581,Josh Giddey,Josh,1610612741,CHI,Chicago Bulls,0022400347,2024-12-08T00:00:00,CHI vs. PHI,L,31.8,4.5,11.3,0.4,1.1,4.5,0.25,0.0,0.0,0.0,0.0,7.9,7.9,12.5,4.5,2.3,1.1,2.3,0.0,1.1,10.2,0.0,44.0,0,0,38.5,1,13222,1,13222,6154,15678,14793,14933,13751,14359,11902,13505,14344,13505,14058,4816,8415,625,2953,5168,6591,2519,20257,16754,17964,12240,5651,2246,150,7708,1,31:48
2024-25,1631209,Isaiah Wong,Isaiah,1610612766,CHA,Charlotte Hornets,0022400349,2024-12-08T00:00:00,CHA @ IND,W,18.016666666666666,6.0,12.0,0.5,2.0,2.0,1.0,4.0,6.0,0.667,2.0,4.0,6.0,8.0,4.0,2.0,0.0,4.0,6.0,4.0,18.0,6.0,39.2,0,0,38.0,1,1,13086,1,17549,11540,13605,8526,10169,19564,1,5702,4490,9425,8394,13735,12300,2893,3888,6255,8263,649,2957,6315,9863,9618,8290,2246,150,8049,1,18:01
2024-25,1627747,Caris LeVert,Caris,1610612739,CLE,Cleveland Cavaliers,0022400351,2024-12-08T00:00:00,CLE @ MIA,L,28.91,6.2,8.7,0.714,2.5,2.5,1.0,1.2,1.2,1.0,0.0,2.5,2.5,5.0,0.0,0.0,0.0,0.0,5.0,1.2,16.2,-5.0,26.6,0,0,26.2,1,13222,1,13222,8758,10898,19158,2752,8178,18645,1,12462,13819,1,14058,18210,20831,7514,16469,12854,8263,8846,4652,16156,11739,15577,17183,2246,150,16834,1,28:55
2024-25,1629027,Trae Young,Trae,1610612737,ATL,Atlanta Hawks,0022400350,2024-12-08T00:00:00,ATL vs. DEN,L,35.13333333333333,6.1,13.3,0.462,2.0,7.2,0.286,1.0,2.0,0.5,1.0,3.1,4.1,10.2,4.1,3.1,0.0,1.0,1.0,3.1,15.4,-5.1,40.8,1,0,37.9,1,13222,1,13222,3358,11095,11264,12428,9916,8097,11433,13156,12576,10625,13057,16480,17065,1312,3674,2992,8263,7710,19548,8981,12549,15662,7289,1,150,8080,1,35:08
2024-25,201566,Russell Westbrook,Russell,1610612743,DEN,Denver Nuggets,0022400350,2024-12-08T00:00:00,DEN @ ATL,W,30.7,4.7,7.0,0.667,1.2,3.5,0.333,0.0,1.2,0.0,0.0,1.2,1.2,12.9,4.7,2.3,1.2,0.0,3.5,2.3,10.6,14.1,37.2,0,0,32.8,1,1,13086,1,7123,15264,21516,3281,13520,16617,9209,13505,13936,13505,14058,21585,22981,550,2727,4880,6346,8846,8700,11565,17610,5975,9562,2246,150,11778,1,30:42
2024-25,1641790,PJ Hall,PJ,1610612743,DEN,Denver Nuggets,0022400350,2024-12-08T00:00:00,DEN @ ATL,W,2.8333333333333335,12.7,25.4,0.5,0.0,0.0,0.0,0.0,0.0,0.0,0.0,12.7,12.7,0.0,0.0,0.0,0.0,0.0,0.0,0.0,25.4,63.5,40.7,0,0,38.1,1,1,13086,1,25050,1147,743,8526,15070,20945,15070,13505,14344,13505,14058,1098,2992,19908,16469,12854,8263,8846,20257,17725,3984,311,7354,2246,150,7947,1,2:50
2024-25,1630188,Jalen Smith,Jalen,1610612741,CHI,Chicago Bulls,0022400347,2024-12-08T00:00:00,CHI vs. PHI,L,19.183333333333334,7.5,13.1,0.571,5.6,9.4,0.6,0.0,0.0,0.0,0.0,7.5,7.5,0.0,0.0,0.0,1.9,0.0,5.6,5.6,20.6,9.4,35.3,0,0,37.5,1,13222,1,13222,16683,7750,11602,6538,1639,4275,2992,13505,14344,13505,14058,5485,9154,19908,16469,12854,3839,8846,3497,3152,7357,8001,10882,2246,150,8338,1,19:11
2024-25,1629731,Dean Wade,Dean,1610612739,CLE,Cleveland Cavaliers,0022400351,2024-12-08T00:00:00,CLE @ MIA,L,29.083333333333332,3.7,8.7,0.429,3.7,8.7,0.429,2.5,2.5,1.0,1.2,8.7,9.9,0.0,0.0,1.2,1.2,0.0,1.2,2.5,13.6,-11.1,32.9,0,0,32.2,1,13222,1,13222,8609,17800,19246,13735,4666,5320,7394,9117,11267,1,11551,3868,5545,19908,16469,9883,5951,8846,18337,11076,14364,18383,12642,2246,150,12232,1,29:05
2024-25,203468,CJ McCollum,CJ,1610612740,NOP,New Orleans Pelicans,0022400354,2024-12-08T00:00:00,NOP @ SAS,L,34.21666666666667,8.4,18.9,0.444,3.2,8.4,0.375,0.0,0.0,0.0,0.0,4.2,4.2,5.3,2.1,0.0,0.0,2.1,2.1,0.0,20.0,-16.8,30.8,0,0,32.6,1,13222,1,13222,4083,5767,3810,13045,6066,5717,8800,13505,14344,13505,14058,13089,16778,6911,9978,12854,8263,2910,14595,17725,7927,20561,14184,2246,150,11927,1,34:13
2024-25,1629014,Anfernee Simons,Anfernee,1610612757,POR,Portland Trail Blazers,0022400358,2024-12-08T00:00:00,POR @ LAL,L,30.9,5.8,15.1,0.385,1.2,7.0,0.167,3.5,3.5,1.0,0.0,1.2,1.2,4.7,3.5,0.0,1.2,2.3,0.0,4.7,16.3,-18.6,24.7,0,0,25.6,1,13222,1,13222,6960,12039,8348,16070,13561,8480,14236,6713,8895,1,14058,21602,22990,8275,5019,12854,6393,2368,20257,4805,11595,21116,18490,2246,150,17188,1,30:54
2024-25,1627739,Kris Dunn,Kris,1610612746,LAC,LA Clippers,0022400356,2024-12-08T00:00:00,LAC vs. HOU,L,22.04,6.5,16.3,0.4,1.6,8.2,0.2,0.0,0.0,0.0,0.0,1.6,1.6,3.3,1.6,8.2,0.0,0.0,8.2,1.6,14.7,-11.4,44.4,0,0,37.6,1,13222,1,13222,14472,10102,6635,14933,11582,6146,13429,13505,14344,13505,14058,20599,22394,12088,12203,197,8263,8846,1291,14515,13197,18496,5448,2246,150,8310,1,22:02
2024-25,1629659,Talen Horton-Tucker,Talen,1610612741,CHI,Chicago Bulls,0022400347,2024-12-08T00:00:00,CHI vs. PHI,L,5.633333333333334,6.4,12.8,0.5,6.4,12.8,0.5,0.0,0.0,0.0,0.0,0.0,0.0,0.0,0.0,0.0,0.0,0.0,0.0,6.4,19.2,-115.0,19.2,0,0,25.6,1,13222,1,13222,23727,10470,12246,8526,1066,1401,3944,13505,14344,13505,14058,22137,23286,19908,16469,12854,8263,8846,20257,2190,8677,26215,21564,2246,150,17231,1,5:38
2024-25,203458,Alex Len,Alex,1610612758,SAC,Sacramento Kings,0022400357,2024-12-08T00:00:00,SAC vs. UTA,W,8.366666666666667,0.0,0.0,0.0,0.0,0.0,0.0,0.0,0.0,0.0,4.3,0.0,4.3,12.9,0.0,0.0,0.0,0.0,4.3,0.0,0.0,38.7,24.5,0,0,17.2,1,1,13086,1,22676,22635,24836,22635,15070,20945,15070,13505,14344,13505,3162,22137,16522,546,16469,12854,8263,8846,6276,17725,23200,1064,18591,2246,150,22212,1,8:22
2024-25,1630166,Deni Avdija,Deni,1610612757,POR,Portland Trail Blazers,0022400358,2024-12-08T00:00:00,POR @ LAL,L,23.283333333333335,6.2,10.8,0.571,3.1,4.6,0.667,4.6,6.2,0.75,1.5,4.6,6.2,3.1,1.5,0.0,0.0,1.5,4.6,4.6,20.1,-18.6,30.6,0,0,32.5,1,13222,1,13222,13481,11009,15656,6538,6236,14115,1957,4608,4245,8186,10130,11885,11863,12624,12558,12854,8263,4603,5443,4856,7838,21085,14333,2246,150,12015,1,23:17
2024-25,203078,Bradley Beal,Bradley,1610612756,PHX,Phoenix Suns,0022400352,2024-12-08T00:00:00,PHX @ ORL,L,34.806666666666665,8.3,12.4,0.667,1.0,2.1,0.5,1.0,2.1,0.5,0.0,4.1,4.1,2.1,5.2,1.0,2.1,0.0,6.2,2.1,18.6,-5.2,30.8,0,0,32.1,1,13222,1,13222,3609,6034,12880,3281,14342,19429,3944,13131,12526,10625,14058,13315,16983,16124,2140,11643,3294,8846,2704,12769,9197,15682,14187,2246,150,12336,1,34:48
2024-25,1626220,Royce O'Neale,Royce,1610612756,PHX,Phoenix Suns,0022400352,2024-12-08T00:00:00,PHX @ ORL,L,30.80666666666667,7.0,11.7,0.6,4.7,7.0,0.667,0.0,0.0,0.0,0.0,8.2,8.2,1.2,2.3,0.0,0.0,0.0,3.5,0.0,18.7,0.0,27.9,0,0,32.7,1,13222,1,13222,7039,8904,14148,5394,2778,8447,1957,13505,14344,13505,14058,4455,7970,19120,8915,12854,8263,8846,8732,17725,9124,12240,16275,2246,150,11865,1,30:48
2024-25,1629673,Jordan Poole,Jordan,1610612764,WAS,Washington Wizards,0022400353,2024-12-08T00:00:00,WAS vs. MEM,L,28.62,2.5,7.5,0.333,1.3,5.0,0.25,5.0,5.0,1.0,0.0,1.3,1.3,2.5,2.5,0.0,0.0,0.0,2.5,5.0,11.3,-35.2,14.1,0,0,16.4,1,13222,1,13222,9019,20438,20864,17395,13048,13127,11902,3981,5855,1,14058,21369,22864,14485,8178,12854,8263,8846,12730,4058,16871,24436,23474,2246,150,22568,1,28:37
2024-25,1630182,Josh Green,Josh,1610612766,CHA,Charlotte Hornets,0022400349,2024-12-08T00:00:00,CHA @ IND,W,29.198333333333334,3.7,4.9,0.75,0.0,0.0,0.0,4.9,8.6,0.571,1.2,3.7,4.9,1.2,3.7,2.5,1.2,0.0,6.2,3.7,12.3,7.4,27.5,0,0,25.9,1,1,13086,1,8513,17832,23507,2107,15070,20945,15070,4146,2104,10536,11586,14632,14974,18904,4556,4487,5979,8846,2746,7132,15790,8937,16583,2246,150,17010,1,29:12
2024-25,1631223,David Roddy,David,1610612737,ATL,Atlanta Hawks,0022400350,2024-12-08T00:00:00,ATL vs. DEN,L,4.116666666666666,0.0,8.7,0.0,0.0,8.7,0.0,0.0,0.0,0.0,0.0,8.7,8.7,0.0,0.0,0.0,8.7,0.0,0.0,0.0,0.0,-78.7,36.7,0,0,26.2,1,13222,1,13222,24422,22635,19106,22635,15070,5187,15070,13505,14344,13505,14058,3777,7106,19908,16469,12854,103,8846,20257,17725,23200,25990,9874,2246,150,16768,1,4:07
2024-25,1630168,Onyeka Okongwu,Onyeka,1610612737,ATL,Atlanta Hawks,0022400350,2024-12-08T00:00:00,ATL vs. DEN,L,24.866666666666667,7.2,14.5,0.5,0.0,0.0,0.0,5.8,5.8,1.0,10.1,2.9,13.0,1.4,1.4,1.4,0.0,2.9,2.9,5.8,20.3,-14.5,41.0,0,0,37.6,1,13222,1,13222,12121,8364,9393,8526,15070,20945,15070,3093,4761,1,390,17099,2789,18187,13020,8651,8263,1472,11210,2908,7687,19699,7187,2246,150,8257,1,24:52
2024-25,1627826,Ivica Zubac,Ivica,1610612746,LAC,LA Clippers,0022400356,2024-12-08T00:00:00,LAC vs. HOU,L,36.56666666666667,8.9,14.8,0.6,0.0,0.0,0.0,3.0,3.9,0.75,3.0,8.9,11.8,1.0,0.0,0.0,2.0,2.0,2.0,3.9,20.7,-8.9,42.2,1,0,37.4,1,13222,1,13222,2294,4952,8958,5394,15070,20945,15070,7943,7969,8186,5446,3650,3649,19719,16469,12854,3566,3316,15306,6466,7337,17360,6511,1,150,8419,1,36:34
2024-25,1629216,Gabe Vincent,Gabe,1610612747,LAL,Los Angeles Lakers,0022400358,2024-12-08T00:00:00,LAL vs. POR,W,24.85,1.4,5.8,0.25,1.4,2.9,0.5,0.0,0.0,0.0,1.4,0.0,1.4,0.0,2.9,4.3,0.0,1.4,5.8,1.4,4.3,23.2,16.2,0,0,15.9,1,1,13086,1,12131,22230,22816,20233,12258,17873,3944,13505,14344,13505,10543,22137,22640,19908,6855,1339,8263,4990,3230,15248,22373,3225,22764,2246,150,22728,1,24:51
2024-25,203991,Clint Capela,Clint,1610612737,ATL,Atlanta Hawks,0022400350,2024-12-08T00:00:00,ATL vs. DEN,L,19.016666666666666,7.6,13.3,0.571,0.0,0.0,0.0,1.9,3.8,0.5,11.4,7.6,18.9,1.9,0.0,0.0,0.0,0.0,9.5,3.8,17.0,-20.8,42.6,0,0,37.9,1,13222,1,13222,16808,7588,11383,6538,15070,20945,15070,10981,8283,10625,285,5369,712,16777,16469,12854,8263,8846,822,6886,10812,21788,6312,2246,150,8119,1,19:01
2024-25,1630700,Dyson Daniels,Dyson,1610612737,ATL,Atlanta Hawks,0022400350,2024-12-08T00:00:00,ATL vs. DEN,L,33.53,7.5,16.1,0.467,2.1,5.4,0.4,2.1,4.3,0.5,1.1,3.2,4.3,6.4,3.2,5.4,1.1,0.0,3.2,3.2,19.3,-6.4,50.2,0,0,45.1,1,13222,1,13222,4714,7732,6969,12249,9471,12291,7874,10143,7220,10625,12688,16015,16543,4800,5760,704,6954,8846,9777,8484,8527,16263,3197,2246,150,4226,1,33:32
2024-25,203486,Mason Plumlee,Mason,1610612756,PHX,Phoenix Suns,0022400352,2024-12-08T00:00:00,PHX @ ORL,L,25.69333333333333,2.8,7.0,0.4,0.0,0.0,0.0,4.2,5.6,0.75,1.4,7.0,8.4,0.0,2.8,1.4,5.6,1.4,2.8,4.2,9.8,-5.6,38.1,0,0,32.2,1,13222,1,13222,11415,19873,21554,14933,15070,20945,15070,5340,5041,8186,10745,6348,7610,19908,7205,8891,377,5174,11637,5831,18348,15880,8953,2246,150,12198,1,25:42
2024-25,203484,Kentavious Caldwell-Pope,Kentavious,1610612753,ORL,Orlando Magic,0022400352,2024-12-08T00:00:00,ORL vs. PHX,W,33.1,3.3,6.5,0.5,2.2,5.4,0.4,0.0,2.2,0.0,0.0,0.0,0.0,1.1,0.0,3.3,0.0,0.0,2.2,1.1,8.7,-3.3,20.1,0,0,18.5,1,1,13086,1,5069,18845,22077,8526,9329,12114,7874,13505,12167,13505,14058,22137,23286,19388,16469,2628,8263,8846,14218,16962,19344,14704,21099,2246,150,21633,1,33:06
2024-25,1627732,Ben Simmons,Ben,1610612751,BKN,Brooklyn Nets,0022400348,2024-12-08T00:00:00,BKN vs. MIL,L,17.6,0.0,0.0,0.0,0.0,0.0,0.0,0.0,0.0,0.0,0.0,6.1,6.1,2.0,4.1,0.0,0.0,0.0,4.1,0.0,0.0,-10.2,6.3,0,0,8.2,1,13222,1,13222,17856,22635,24836,22635,15070,20945,15070,13505,14344,13505,14058,8029,11963,16210,3688,12854,8263,8846,6868,17725,23200,17985,24881,2246,150,24736,1,17:36
2024-25,1631108,Max Christie,Max,1610612747,LAL,Los Angeles Lakers,0022400358,2024-12-08T00:00:00,LAL vs. POR,W,26.283333333333335,1.4,8.2,0.167,1.4,5.5,0.25,1.4,2.7,0.5,0.0,5.5,5.5,2.7,1.4,1.4,0.0,0.0,1.4,1.4,5.5,-12.3,18.9,0,0,17.8,1,1,13086,1,10915,22322,19917,21938,12561,12009,11902,12105,10644,10625,14058,9591,13596,13791,13459,9078,8263,8846,17745,15574,21746,18870,21701,2246,150,21948,1,26:17
2024-25,1627824,Guerschon Yabusele,Guerschon,1610612755,PHI,Philadelphia 76ers,0022400347,2024-12-08T00:00:00,PHI @ CHI,W,13.666666666666666,5.3,13.2,0.4,0.0,5.3,0.0,0.0,0.0,0.0,0.0,7.9,7.9,0.0,0.0,0.0,0.0,2.6,0.0,0.0,10.5,-29.0,20.0,0,0,18.4,1,1,13086,1,20381,13626,11530,14933,15070,12545,15070,13505,14344,13505,14058,4855,8456,19908,16469,12854,8263,1827,20257,17725,17622,23584,21154,2246,150,21654,1,13:40
2024-25,201587,Nicolas Batum,Nicolas,1610612746,LAC,LA Clippers,0022400356,2024-12-08T00:00:00,LAC vs. HOU,L,25.826666666666668,0.0,4.2,0.0,0.0,2.8,0.0,0.0,0.0,0.0,0.0,5.6,5.6,1.4,0.0,0.0,0.0,0.0,2.8,1.4,0.0,-1.4,8.8,0,0,7.0,1,13222,1,13222,11316,22635,24007,22635,15070,18086,15070,13505,14344,13505,14058,9348,13344,18360,16469,12854,8263,8846,11691,15477,23200,13753,24606,2246,150,24895,1,25:50
2024-25,1629726,Garrison Mathews,Garrison,1610612737,ATL,Atlanta Hawks,0022400350,2024-12-08T00:00:00,ATL vs. DEN,L,20.82,0.0,6.9,0.0,0.0,6.9,0.0,3.5,3.5,1.0,0.0,3.5,3.5,1.7,0.0,0.0,0.0,0.0,6.9,1.7,3.5,-46.7,10.2,0,0,8.6,1,13222,1,13222,15417,22635,21651,22635,15070,8635,15070,6780,8971,1,14058,15355,18643,17284,16469,12854,8263,8846,2043,14185,22789,25255,24381,2246,150,24656,1,20:49
2024-25,1628366,Lonzo Ball,Lonzo,1610612741,CHI,Chicago Bulls,0022400347,2024-12-08T00:00:00,CHI vs. PHI,L,19.866666666666667,1.8,12.7,0.143,1.8,9.1,0.2,0.0,0.0,0.0,0.0,3.6,3.6,3.6,0.0,1.8,0.0,0.0,1.8,0.0,5.4,7.2,20.7,0,0,18.1,1,13222,1,13222,16126,21734,12410,22260,11026,4724,13429,13505,14344,13505,14058,14861,18265,11009,16469,7194,8263,8846,16119,17725,21771,9019,20865,2246,150,21808,1,19:52
2024-25,1629004,Svi Mykhailiuk,Svi,1610612762,UTA,Utah Jazz,0022400357,2024-12-08T00:00:00,UTA @ SAC,L,10.566666666666666,0.0,17.0,0.0,0.0,17.0,0.0,0.0,0.0,0.0,0.0,3.4,3.4,0.0,0.0,0.0,0.0,0.0,3.4,0.0,0.0,3.4,4.1,0,0,3.4,1,13222,1,13222,21884,22635,5763,22635,15070,415,15070,13505,14344,13505,14058,15501,18768,19908,16469,12854,8263,8846,9054,17725,23200,10930,25073,2246,150,25212,1,10:34
2024-25,1642384,Isaiah Crawford,Isaiah,1610612758,SAC,Sacramento Kings,0022400357,2024-12-08T00:00:00,SAC vs. UTA,W,5.233333333333333,0.0,0.0,0.0,0.0,0.0,0.0,0.0,0.0,0.0,0.0,6.9,6.9,0.0,0.0,0.0,0.0,0.0,6.9,0.0,0.0,20.6,8.3,0,0,6.9,1,1,13086,1,23896,22635,24836,22635,15070,20945,15070,13505,14344,13505,14058,6566,10362,19908,16469,12854,8263,8846,2078,17725,23200,3774,24664,2246,150,24904,1,5:14
2024-25,1628420,Monté Morris,Monté,1610612756,PHX,Phoenix Suns,0022400352,2024-12-08T00:00:00,PHX @ ORL,L,14.281666666666666,5.0,20.2,0.25,0.0,12.6,0.0,0.0,0.0,0.0,2.5,0.0,2.5,5.0,5.0,0.0,0.0,0.0,2.5,0.0,10.1,-7.6,15.6,0,0,17.6,1,13222,1,13222,20036,14265,2866,20233,15070,1473,15070,13505,14344,13505,6547,22137,20765,7381,2294,12854,8263,8846,12706,17725,18074,16762,22983,2246,150,22011,1,14:17
2024-25,1642277,Johnny Furphy,Johnny,1610612754,IND,Indiana Pacers,0022400349,2024-12-08T00:00:00,IND vs. CHA,L,9.46,0.0,3.8,0.0,0.0,0.0,0.0,7.6,7.6,1.0,0.0,0.0,0.0,3.8,0.0,3.8,0.0,3.8,3.8,7.6,7.6,3.8,24.7,0,0,19.0,1,13222,1,13222,22291,22635,24185,22635,15070,20945,15070,1602,2807,1,14058,22137,23286,10484,16469,1843,8263,728,7716,1247,20235,10750,18464,2246,150,21382,1,9:28
2024-25,1642267,Bub Carrington,Bub,1610612764,WAS,Washington Wizards,0022400353,2024-12-08T00:00:00,WAS vs. MEM,L,32.52,3.3,13.3,0.25,1.1,7.7,0.143,0.0,0.0,0.0,0.0,5.5,5.5,2.2,3.3,1.1,0.0,0.0,3.3,0.0,7.7,-23.2,17.7,0,0,18.8,1,13222,1,13222,5538,18706,11331,20233,13907,6900,14649,13505,14344,13505,14058,9443,13456,15583,5450,10964,8263,8846,9384,17725,20129,22396,22212,2246,150,21474,1,32:31
2024-25,1631216,Caleb Houstan,Caleb,1610612753,ORL,Orlando Magic,0022400352,2024-12-08T00:00:00,ORL vs. PHX,W,18.133333333333333,6.0,7.9,0.75,4.0,6.0,0.667,0.0,0.0,0.0,2.0,2.0,4.0,0.0,0.0,0.0,0.0,0.0,0.0,0.0,15.9,-31.8,20.6,0,0,23.8,1,1,13086,1,17482,11640,20351,2107,4049,10794,1957,13505,14344,13505,8450,19712,17387,19908,16469,12854,8263,8846,20257,17725,12036,23999,20879,2246,150,18449,1,18:08
2024-25,1631212,Peyton Watson,Peyton,1610612743,DEN,Denver Nuggets,0022400350,2024-12-08T00:00:00,DEN @ ATL,W,18.02,2.0,4.0,0.5,0.0,2.0,0.0,0.0,2.0,0.0,0.0,2.0,2.0,0.0,0.0,2.0,4.0,0.0,6.0,2.0,4.0,18.0,24.4,0,0,18.0,1,1,13086,1,17548,21414,24097,8526,15070,19566,15070,13505,12729,13505,14058,19675,21805,19908,16469,6259,920,8846,2958,13093,22555,4565,18695,2246,150,21879,1,18:01
2024-25,1642268,Isaiah Collier,Isaiah,1610612762,UTA,Utah Jazz,0022400357,2024-12-08T00:00:00,UTA @ SAC,L,16.016666666666666,0.0,11.2,0.0,0.0,4.5,0.0,0.0,0.0,0.0,0.0,2.2,2.2,6.7,4.5,0.0,0.0,0.0,9.0,4.5,0.0,-62.9,8.3,0,0,9.0,1,13222,1,13222,18915,22635,14961,22635,15070,14436,15070,13505,14344,13505,14058,18926,21322,4362,3005,12854,8263,8846,969,5156,23200,25748,24659,2246,150,24614,1,16:01
2024-25,201572,Brook Lopez,Brook,1610612749,MIL,Milwaukee Bucks,0022400348,2024-12-08T00:00:00,MIL @ BKN,W,26.483333333333334,1.4,5.4,0.25,0.0,2.7,0.0,1.4,2.7,0.5,1.4,2.7,4.1,0.0,2.7,0.0,0.0,0.0,5.4,2.7,4.1,-16.3,6.3,0,0,8.2,1,1,13086,1,10745,22340,23136,20233,15070,18222,15070,12137,10694,10625,10931,17640,17121,19908,7470,12854,8263,8846,3789,10265,22517,20378,24894,2246,150,24742,1,26:29
2024-25,202331,Paul George,Paul,1610612755,PHI,Philadelphia 76ers,0022400347,2024-12-08T00:00:00,PHI @ CHI,W,34.67666666666667,6.2,13.5,0.462,0.0,5.2,0.0,0.0,0.0,0.0,0.0,7.3,7.3,2.1,1.0,0.0,1.0,1.0,2.1,1.0,12.5,4.2,26.4,0,0,23.9,1,1,13086,1,3718,10892,11016,12428,15070,12728,15070,13505,14344,13505,14058,5883,9635,16092,15578,12854,7207,7595,14720,17228,15645,10568,17371,2246,150,18414,1,34:41
2024-25,1629312,Haywood Highsmith,Haywood,1610612748,MIA,Miami Heat,0022400351,2024-12-08T00:00:00,MIA vs. CLE,W,23.516666666666666,0.0,3.1,0.0,0.0,3.1,0.0,0.0,0.0,0.0,0.0,7.7,7.7,1.5,3.1,0.0,0.0,0.0,4.6,0.0,0.0,13.8,8.4,0,0,9.2,1,1,13086,1,13298,22635,24472,22635,15070,17531,15070,13505,14344,13505,14058,5232,8868,17868,6253,12854,8263,8846,5559,17725,23200,6089,24642,2246,150,24574,1,23:31
2024-25,1628997,Caleb Martin,Caleb,1610612755,PHI,Philadelphia 76ers,0022400347,2024-12-08T00:00:00,PHI @ CHI,W,13.388333333333334,0.0,0.0,0.0,0.0,0.0,0.0,0.0,0.0,0.0,0.0,5.4,5.4,0.0,5.4,0.0,0.0,0.0,0.0,0.0,0.0,-24.2,1.1,0,0,5.4,1,1,13086,1,20547,22635,24836,22635,15070,20945,15070,13505,14344,13505,14058,9837,13860,19908,1921,12854,8263,8846,20257,17725,23200,22623,25203,2246,150,25072,1,13:23
2024-25,1628386,Jarrett Allen,Jarrett,1610612739,CLE,Cleveland Cavaliers,0022400351,2024-12-08T00:00:00,CLE @ MIA,L,28.633333333333333,3.8,8.8,0.429,0.0,0.0,0.0,0.0,0.0,0.0,0.0,8.8,8.8,1.3,1.3,0.0,0.0,0.0,2.5,0.0,7.5,-13.8,18.7,0,0,17.6,1,13222,1,13222,8997,17644,19021,13735,15070,20945,15070,13505,14344,13505,14058,3724,7024,18808,14050,12854,8263,8846,12733,17725,20282,19440,21786,2246,150,22037,1,28:38
2024-25,1630570,Trendon Watford,Trendon,1610612751,BKN,Brooklyn Nets,0022400348,2024-12-08T00:00:00,BKN vs. MIL,L,13.483333333333333,2.7,5.3,0.5,0.0,0.0,0.0,5.3,5.3,1.0,0.0,8.0,8.0,5.3,0.0,0.0,0.0,0.0,5.3,2.7,10.7,-32.0,28.3,0,0,24.0,1,13222,1,13222,20496,20152,23226,8526,15070,20945,15070,3602,5405,1,14058,4689,8248,6740,16469,12854,8263,8846,3944,10407,17499,24035,15991,2246,150,18307,1,13:29
2024-25,1642439,Quincy Olivari,Quincy,1610612747,LAL,Los Angeles Lakers,0022400358,2024-12-08T00:00:00,LAL vs. POR,W,8.2,4.4,13.2,0.333,4.4,13.2,0.333,0.0,0.0,0.0,0.0,0.0,0.0,0.0,4.4,0.0,0.0,0.0,0.0,4.4,13.2,-57.1,8.8,0,0,17.6,1,1,13086,1,22738,16091,11530,17395,3252,1214,9209,13505,14344,13505,14058,22137,23286,19908,3159,12854,8263,8846,20257,5376,14910,25606,24607,2246,150,22047,1,8:12
2024-25,1631097,Bennedict Mathurin,Bennedict,1610612754,IND,Indiana Pacers,0022400349,2024-12-08T00:00:00,IND vs. CHA,L,33.88333333333333,4.2,11.7,0.364,1.1,7.4,0.143,2.1,2.1,1.0,1.1,2.1,3.2,0.0,1.1,1.1,0.0,1.1,3.2,1.1,11.7,-7.4,17.6,0,0,18.1,1,13222,1,13222,4366,16463,14144,16861,14180,7523,14649,10216,12337,1,12775,19290,19268,19908,15402,11367,8263,7379,9910,17104,16472,16699,22243,2246,150,21835,1,33:53
2024-25,1630695,Micah Potter,Micah,1610612762,UTA,Utah Jazz,0022400357,2024-12-08T00:00:00,UTA @ SAC,L,14.35,0.0,5.0,0.0,0.0,5.0,0.0,0.0,0.0,0.0,0.0,5.0,5.0,0.0,0.0,0.0,0.0,0.0,0.0,0.0,0.0,-47.7,6.0,0,0,5.0,1,13222,1,13222,19976,22635,23450,22635,15070,13164,15070,13505,14344,13505,14058,10829,14747,19908,16469,12854,8263,8846,20257,17725,23200,25299,24916,2246,150,25105,1,14:21
2024-25,203076,Anthony Davis,Anthony,1610612747,LAL,Los Angeles Lakers,0022400358,2024-12-08T00:00:00,LAL vs. POR,W,32.15,11.2,23.5,0.476,1.1,4.5,0.25,10.1,10.1,1.0,2.2,10.1,12.3,1.1,1.1,2.2,5.6,1.1,1.1,6.7,33.6,4.5,72.4,1,0,63.8,1,1,13086,1,5846,2096,1219,12010,13841,14497,11902,677,1334,1,7459,2519,3254,19295,15008,5246,378,6878,18990,1884,1199,10398,359,1,150,536,1,32:09
2024-25,1629640,Keldon Johnson,Keldon,1610612759,SAS,San Antonio Spurs,0022400354,2024-12-08T00:00:00,SAS vs. NOP,W,10.75,6.7,16.7,0.4,0.0,6.7,0.0,13.4,13.4,1.0,3.3,3.3,6.7,13.4,3.3,3.3,0.0,0.0,6.7,6.7,26.8,-23.4,61.6,0,0,53.6,1,1,13086,1,21825,9684,6115,14933,15070,9110,15070,244,544,1,4640,15639,10735,462,5358,2467,8263,8846,2220,1899,3301,22449,1008,2246,150,1689,1,10:45
2024-25,1641718,Keyonte George,Keyonte,1610612762,UTA,Utah Jazz,0022400357,2024-12-08T00:00:00,UTA @ SAC,L,34.1,8.4,14.8,0.571,3.2,6.3,0.5,6.3,6.3,1.0,2.1,3.2,5.3,6.3,4.2,4.2,0.0,1.1,1.1,3.2,26.4,-21.1,50.7,0,0,49.6,1,13222,1,13222,4167,5720,8938,6538,6042,9902,3944,2552,4083,1,7915,16201,14095,4968,3464,1443,8263,7439,19380,8673,3487,21863,3078,2246,150,2636,1,34:06
2024-25,1630224,Jalen Green,Jalen,1610612745,HOU,Houston Rockets,0022400356,2024-12-08T00:00:00,HOU @ LAC,W,35.733333333333334,9.1,20.1,0.45,5.0,13.1,0.385,8.1,8.1,1.0,0.0,4.0,4.0,1.0,3.0,1.0,0.0,1.0,0.0,5.0,31.2,9.1,37.6,0,0,43.3,1,1,13086,1,2875,4581,2874,12982,2224,1249,8766,1382,2479,1,14058,13625,17241,19656,6383,11886,8263,7855,20257,4044,1720,8141,9300,2246,150,4986,1,35:44
2024-25,1630591,Jalen Suggs,Jalen,1610612753,ORL,Orlando Magic,0022400352,2024-12-08T00:00:00,ORL vs. PHX,W,31.383333333333333,9.2,20.6,0.444,4.6,11.5,0.4,6.9,8.0,0.857,0.0,4.6,4.6,2.3,4.6,1.1,0.0,3.4,5.7,8.0,29.8,-2.3,37.6,0,0,43.6,1,1,13086,1,6521,4402,2543,13045,2913,2125,7874,2091,2501,7071,14058,12013,15834,15256,2866,10610,8263,964,3334,993,2151,14205,9270,2246,150,4878,1,31:23
2024-25,1629651,Nic Claxton,Nic,1610612751,BKN,Brooklyn Nets,0022400348,2024-12-08T00:00:00,BKN vs. MIL,L,32.63333333333333,9.9,15.4,0.643,0.0,1.1,0.0,3.3,3.3,1.0,3.3,7.7,11.0,4.4,0.0,3.3,2.2,0.0,3.3,5.5,23.2,3.3,59.6,1,0,49.6,1,13222,1,13222,5451,3296,7901,4607,15070,20742,15070,7089,9287,1,4728,5125,4384,8843,16469,2544,2932,8846,9422,3315,5374,10967,1242,1,150,2628,1,32:38
2024-25,1631121,Bryce McGowens,Bryce,1610612757,POR,Portland Trail Blazers,0022400358,2024-12-08T00:00:00,POR @ LAL,L,2.6333333333333333,13.7,27.3,0.5,0.0,13.7,0.0,0.0,0.0,0.0,0.0,0.0,0.0,13.7,0.0,0.0,0.0,0.0,0.0,0.0,27.3,123.0,47.8,0,0,41.0,1,13222,1,13222,25160,796,459,8526,15070,1027,15070,13505,14344,13505,14058,22137,23286,421,16469,12854,8263,8846,20257,17725,3038,36,4026,2246,150,6186,1,2:38
2024-25,1628368,De'Aaron Fox,De'Aaron,1610612758,SAC,Sacramento Kings,0022400357,2024-12-08T00:00:00,SAC vs. UTA,W,30.55,10.6,18.9,0.563,1.2,5.9,0.2,2.4,4.7,0.5,2.4,2.4,4.7,10.6,1.2,0.0,1.2,1.2,1.2,3.5,24.7,28.3,48.7,0,0,43.6,1,1,13086,1,7274,2618,3878,7127,13482,10960,13429,9431,6457,10625,7064,18601,15520,1161,14591,12854,6308,6411,18662,7572,4343,2213,3755,2246,150,4873,1,30:33
2024-25,203926,Doug McDermott,Doug,1610612758,SAC,Sacramento Kings,0022400357,2024-12-08T00:00:00,SAC vs. UTA,W,8.366666666666667,25.8,30.1,0.857,25.8,30.1,0.857,0.0,0.0,0.0,0.0,0.0,0.0,0.0,4.3,0.0,0.0,0.0,0.0,0.0,77.5,38.7,73.1,0,0,103.3,1,1,13086,1,22676,57,267,1412,12,63,1329,13505,14344,13505,14058,22137,23286,19908,3321,12854,8263,8846,20257,17725,39,1064,341,2246,150,52,1,8:22
2024-25,203083,Andre Drummond,Andre,1610612755,PHI,Philadelphia 76ers,0022400347,2024-12-08T00:00:00,PHI @ CHI,W,6.766666666666667,5.3,10.6,0.5,0.0,0.0,0.0,10.6,10.6,1.0,10.6,26.6,37.2,0.0,0.0,0.0,0.0,0.0,0.0,5.3,21.3,-26.6,66.0,0,0,58.5,1,1,13086,1,23255,13488,15978,8526,15070,20945,15070,542,1133,1,331,63,36,19908,16469,12854,8263,8846,20257,3600,6843,23150,634,2246,150,960,1,6:46
2024-25,203507,Giannis Antetokounmpo,Giannis,1610612749,MIL,Milwaukee Bucks,0022400348,2024-12-08T00:00:00,MIL @ BKN,W,38.016666666666666,13.3,20.8,0.636,0.0,0.0,0.0,5.7,9.5,0.6,1.9,8.5,10.4,3.8,2.8,0.9,2.8,1.9,1.9,9.5,32.2,9.5,58.9,1,0,54.0,1,1,13086,1,1375,920,2438,4689,15070,20945,15070,3206,1611,10343,8846,4032,4990,10533,7058,12373,1893,3573,15720,530,1484,7958,1349,1,150,1631,1,38:01
2024-25,202696,Nikola Vučević,Nikola,1610612741,CHI,Chicago Bulls,0022400347,2024-12-08T00:00:00,CHI vs. PHI,L,28.816666666666666,5.0,8.7,0.571,1.2,2.5,0.5,5.0,5.0,1.0,1.2,8.7,10.0,3.7,2.5,5.0,0.0,0.0,5.0,2.5,16.2,-16.2,46.3,0,0,41.2,1,13222,1,13222,8827,14393,19106,6538,13102,18622,3944,4042,5925,1,11484,3777,5436,10654,8248,903,8263,8846,4610,10993,11662,20347,4600,2246,150,6060,1,28:49
2024-25,1641712,Rayan Rupert,Rayan,1610612757,POR,Portland Trail Blazers,0022400358,2024-12-08T00:00:00,POR @ LAL,L,2.6333333333333333,13.7,13.7,1.0,0.0,0.0,0.0,0.0,0.0,0.0,0.0,13.7,13.7,13.7,0.0,0.0,0.0,0.0,0.0,0.0,27.3,123.0,64.3,0,0,54.7,1,13222,1,13222,25160,796,10690,1,15070,20945,15070,13505,14344,13505,14058,828,2391,421,16469,12854,8263,8846,20257,17725,3038,36,759,2246,150,1507,1,2:38
2024-25,1628381,John Collins,John,1610612762,UTA,Utah Jazz,0022400357,2024-12-08T00:00:00,UTA @ SAC,L,22.866666666666667,7.9,18.9,0.417,7.9,12.6,0.625,6.3,6.3,1.0,3.1,7.9,11.0,4.7,1.6,0.0,1.6,1.6,1.6,3.1,29.9,-11.0,53.4,0,0,56.7,1,13222,1,13222,13818,6906,3852,14532,494,1478,2868,2596,4133,1,5042,4913,4398,8127,12445,12854,4624,4508,16947,8739,2112,18326,2362,2246,150,1202,1,22:52
2024-25,204456,T.J. McConnell,T.J.,1610612754,IND,Indiana Pacers,0022400349,2024-12-08T00:00:00,IND vs. CHA,L,25.81,19.5,26.5,0.737,0.0,4.2,0.0,2.8,2.8,1.0,0.0,1.4,1.4,8.4,0.0,2.8,2.8,1.4,1.4,5.6,41.8,1.4,72.8,0,0,62.8,1,13222,1,13222,11328,156,560,2641,15070,15155,15070,8365,10508,1,14058,21100,22703,2543,16469,3713,1968,5194,17641,3218,364,11918,349,2246,150,592,1,25:49
2024-25,1628380,Zach Collins,Zach,1610612759,SAS,San Antonio Spurs,0022400354,2024-12-08T00:00:00,SAS vs. NOP,W,3.05,11.8,23.6,0.5,0.0,0.0,0.0,0.0,0.0,0.0,23.6,11.8,35.4,0.0,0.0,0.0,0.0,0.0,11.8,0.0,23.6,-11.8,66.1,0,0,59.0,1,1,13086,1,24957,1654,1186,8526,15070,20945,15070,13505,14344,13505,35,1465,47,19908,16469,12854,8263,8846,439,17725,5048,18663,625,2246,150,916,1,3:03
2024-25,1627749,Dejounte Murray,Dejounte,1610612740,NOP,New Orleans Pelicans,0022400354,2024-12-08T00:00:00,NOP @ SAS,L,33.61666666666667,6.4,21.4,0.3,1.1,7.5,0.143,5.4,5.4,1.0,0.0,6.4,6.4,11.8,2.1,0.0,2.1,4.3,4.3,3.2,19.3,1.1,48.9,1,0,42.8,1,13222,1,13222,4618,10374,2083,19363,14120,7414,14649,3582,5377,1,14058,7452,11330,770,9770,12854,3093,552,6331,8516,8572,12101,3648,1,150,5232,1,33:37
2024-25,1627734,Domantas Sabonis,Domantas,1610612758,SAC,Sacramento Kings,0022400357,2024-12-08T00:00:00,SAC vs. UTA,W,28.133333333333333,10.2,16.6,0.615,2.6,3.8,0.667,1.3,1.3,1.0,3.8,11.5,15.4,7.7,1.3,1.3,1.3,2.6,1.3,3.8,24.3,25.6,60.7,1,0,55.0,1,1,13086,1,9432,2981,6262,5246,7946,15918,1957,12356,13761,1,3823,1621,1626,3204,13911,9587,5739,1935,18127,6745,4605,2695,1116,1,150,1456,1,28:08
2024-25,202685,Jonas Valančiūnas,Jonas,1610612764,WAS,Washington Wizards,0022400353,2024-12-08T00:00:00,WAS vs. MEM,L,23.466666666666665,12.3,26.1,0.471,0.0,1.5,0.0,6.1,6.1,1.0,10.7,10.7,21.5,3.1,4.6,0.0,1.5,3.1,0.0,6.1,30.7,-33.8,61.1,1,0,58.3,1,13222,1,13222,13330,1367,635,12143,15070,20241,15070,2742,4304,1,323,2058,372,12694,2845,12854,4739,1265,20257,2461,1867,24270,1069,1,150,987,1,23:28
2024-25,1628963,Marvin Bagley III,Marvin,1610612764,WAS,Washington Wizards,0022400353,2024-12-08T00:00:00,WAS vs. MEM,L,24.533333333333335,13.2,22.0,0.6,0.0,2.9,0.0,2.9,2.9,1.0,7.3,2.9,10.3,2.9,1.5,0.0,4.4,1.5,2.9,1.5,29.3,-8.8,57.8,0,0,51.4,1,13222,1,13222,12449,948,1820,5394,15070,17793,15070,7997,10131,1,1012,16953,5153,13144,12915,12854,713,4896,11007,15142,2319,17334,1496,2246,150,2185,1,24:32
2024-25,1630590,Scotty Pippen Jr.,Scotty,1610612763,MEM,Memphis Grizzlies,0022400353,2024-12-08T00:00:00,MEM @ WAS,W,22.316666666666666,9.7,17.7,0.545,0.0,1.6,0.0,3.2,4.8,0.667,0.0,4.8,4.8,19.4,6.5,3.2,0.0,1.6,0.0,6.5,22.6,33.9,60.7,1,0,53.2,1,1,13086,1,14262,3626,4959,7695,15070,20148,15070,7263,6219,9425,14058,11304,15200,102,1151,2686,8263,4399,20257,2124,5796,1521,1115,1,150,1752,1,22:19
2024-25,1626156,D'Angelo Russell,D'Angelo,1610612747,LAL,Los Angeles Lakers,0022400358,2024-12-08T00:00:00,LAL vs. POR,W,33.75,9.6,18.1,0.529,5.3,10.7,0.5,5.3,6.4,0.833,0.0,5.3,5.3,14.9,2.1,1.1,0.0,0.0,4.3,8.5,29.9,30.9,59.7,1,0,57.6,1,1,13086,1,4481,3722,4529,8281,1915,2812,3944,3613,4008,7275,14058,9937,13954,295,9825,11327,8263,8846,6385,815,2131,1843,1222,1,150,1083,1,33:45
2024-25,203999,Nikola Jokić,Nikola,1610612743,DEN,Denver Nuggets,0022400350,2024-12-08T00:00:00,DEN @ ATL,W,35.05,17.5,29.8,0.586,3.1,6.2,0.5,11.3,13.4,0.846,3.1,11.3,14.4,8.2,3.1,3.1,0.0,0.0,2.1,7.2,49.3,25.7,85.0,1,0,81.1,1,1,13086,1,3418,247,288,6293,6266,10287,3944,436,552,7255,5169,1751,2054,2681,6184,2973,8263,8846,14852,1518,164,2677,138,1,150,144,1,35:03
2024-25,1641705,Victor Wembanyama,Victor,1610612759,SAS,San Antonio Spurs,0022400354,2024-12-08T00:00:00,SAS vs. NOP,W,25.816666666666666,12.6,22.3,0.563,4.2,9.8,0.429,5.6,5.6,1.0,2.8,11.2,13.9,1.4,4.2,0.0,4.2,1.4,1.4,5.6,34.9,7.0,62.1,1,0,62.8,1,1,13086,1,11322,1224,1669,7127,3599,3769,7394,3334,5073,1,5890,1823,2263,18358,3533,12854,824,5196,17644,3220,980,9152,959,1,150,594,1,25:49
2024-25,1631200,Kris Murray,Kris,1610612757,POR,Portland Trail Blazers,0022400358,2024-12-08T00:00:00,POR @ LAL,L,2.6333333333333333,0.0,13.7,0.0,0.0,0.0,0.0,0.0,0.0,0.0,13.7,13.7,27.3,13.7,0.0,0.0,0.0,13.7,0.0,0.0,0.0,123.0,53.3,0,0,41.0,1,13222,1,13222,25160,22635,10690,22635,15070,20945,15070,13505,14344,13505,164,828,124,421,16469,12854,8263,34,20257,17725,23200,36,2371,2246,150,6186,1,2:38
2024-25,1629639,Tyler Herro,Tyler,1610612748,MIA,Miami Heat,0022400351,2024-12-08T00:00:00,MIA vs. CLE,W,35.845,10.0,19.1,0.526,5.0,9.0,0.556,9.0,9.0,1.0,2.0,4.0,6.0,7.0,2.0,0.0,0.0,0.0,2.0,5.0,34.1,5.0,49.9,0,0,52.2,1,1,13086,1,2800,3174,3687,8379,2247,4758,3747,988,1843,1,8352,13668,12215,3977,10475,12854,8263,8846,15090,4075,1103,10097,3294,2246,150,1989,1,35:51
2024-25,1630550,JT Thor,JT,1610612739,CLE,Cleveland Cavaliers,0022400351,2024-12-08T00:00:00,CLE @ MIA,L,1.65,43.6,43.6,1.0,21.8,21.8,1.0,0.0,0.0,0.0,0.0,0.0,0.0,0.0,0.0,0.0,0.0,0.0,0.0,0.0,109.1,109.1,109.1,0,0,130.9,1,13222,1,13222,25691,9,58,1,22,176,1,13505,14344,13505,14058,22137,23286,19908,16469,12854,8263,8846,20257,17725,7,57,54,2246,150,20,1,1:39
2024-25,203954,Joel Embiid,Joel,1610612755,PHI,Philadelphia 76ers,0022400347,2024-12-08T00:00:00,PHI @ CHI,W,32.87166666666667,14.2,30.7,0.464,0.0,5.5,0.0,5.5,6.6,0.833,3.3,9.9,13.1,4.4,6.6,0.0,2.2,0.0,4.4,6.6,34.0,17.5,56.3,1,0,55.9,1,1,13086,1,5271,639,244,12422,15070,12019,15070,3439,3808,7275,4774,2684,2711,8930,1094,12854,2970,8846,6070,2011,1133,4731,1763,1,150,1334,1,32:52
2024-25,1642274,Yves Missi,Yves,1610612740,NOP,New Orleans Pelicans,0022400354,2024-12-08T00:00:00,NOP @ SAS,L,31.621666666666666,6.8,14.8,0.462,0.0,0.0,0.0,6.8,8.0,0.857,10.2,5.7,15.9,0.0,0.0,1.1,2.3,3.4,4.6,9.1,20.5,-2.3,49.9,1,0,43.3,1,13222,1,13222,6317,9351,8906,12428,15070,20945,15070,2137,2543,7071,369,9066,1454,19908,16469,10694,2782,983,5659,617,7504,14190,3309,1,150,5016,1,31:37
2024-25,201939,Stephen Curry,Stephen,1610612744,GSW,Golden State Warriors,0022400355,2024-12-08T00:00:00,GSW vs. MIN,W,34.598333333333336,8.3,18.7,0.444,5.2,11.4,0.455,9.4,11.4,0.818,0.0,4.2,4.2,8.3,3.1,1.0,0.0,0.0,0.0,9.4,31.2,14.6,48.7,0,0,51.0,1,1,13086,1,3797,5935,3996,13045,2051,2142,7148,883,903,7652,14058,13227,16903,2582,6058,11578,8263,8846,20257,555,1725,5792,3744,2246,150,2273,1,34:36
2024-25,203471,Dennis Schröder,Dennis,1610612751,BKN,Brooklyn Nets,0022400348,2024-12-08T00:00:00,BKN vs. MIL,L,33.55,13.9,20.4,0.684,4.3,7.5,0.571,4.3,5.4,0.8,0.0,3.2,3.2,11.8,0.0,0.0,0.0,2.1,3.2,6.4,36.5,6.4,58.1,1,0,55.8,1,13222,1,13222,4683,719,2699,3255,3403,7373,3506,5172,5363,7681,14058,16024,19175,760,16469,12854,8263,2778,9786,2138,760,9401,1468,1,150,1339,1,33:33
2024-25,1628991,Jaren Jackson Jr.,Jaren,1610612763,MEM,Memphis Grizzlies,0022400353,2024-12-08T00:00:00,MEM @ WAS,W,16.781666666666666,17.2,32.2,0.533,6.4,17.2,0.375,4.3,8.6,0.5,2.1,6.4,8.6,2.1,2.1,0.0,8.6,2.1,6.4,12.9,45.0,38.6,82.2,0,0,79.4,1,1,13086,1,18404,264,193,8140,1030,400,8800,5175,2141,10625,7777,7436,7348,15839,9749,12854,122,2780,2461,165,252,1074,169,2246,150,167,1,16:47
2024-25,1630162,Anthony Edwards,Anthony,1610612750,MIN,Minnesota Timberwolves,0022400355,2024-12-08T00:00:00,MIN @ GSW,L,36.56666666666667,9.8,18.7,0.526,4.9,8.9,0.556,2.0,2.0,1.0,0.0,4.9,4.9,5.9,5.9,1.0,0.0,0.0,3.0,2.0,26.6,-3.0,38.4,0,0,44.3,1,13222,1,13222,2294,3406,4020,8379,2372,5009,3747,10747,12804,1,14058,11108,15002,5658,1449,12085,8263,8846,10927,13217,3394,14551,8773,2246,150,4556,1,36:34
2024-25,1641723,Kobe Bufkin,Kobe,1610612737,ATL,Atlanta Hawks,0022400350,2024-12-08T00:00:00,ATL vs. DEN,L,4.116666666666666,17.5,26.2,0.667,0.0,8.7,0.0,0.0,0.0,0.0,0.0,17.5,17.5,0.0,8.7,0.0,0.0,0.0,8.7,0.0,35.0,-78.7,47.2,0,0,52.5,1,13222,1,13222,24422,245,609,3281,15070,5187,15070,13505,14344,13505,14058,293,1013,19908,463,12854,8263,8846,1048,17725,962,25990,4237,2246,150,1928,1,4:07
2024-25,1630583,Santi Aldama,Santi,1610612763,MEM,Memphis Grizzlies,0022400353,2024-12-08T00:00:00,MEM @ WAS,W,19.816666666666666,12.7,20.0,0.636,5.4,9.1,0.6,3.6,5.4,0.667,1.8,10.9,12.7,9.1,1.8,1.8,5.4,1.8,1.8,3.6,34.5,16.3,83.4,0,0,76.3,1,1,13086,1,16160,1142,2986,4689,1790,4696,2992,6422,5249,9425,9180,1958,2986,1950,11469,7173,408,3847,16099,7300,1042,5126,151,2246,150,214,1,19:49
2024-25,1629646,Charles Bassey,Charles,1610612759,SAS,San Antonio Spurs,0022400354,2024-12-08T00:00:00,SAS vs. NOP,W,17.533333333333335,12.3,24.6,0.5,0.0,0.0,0.0,8.2,14.4,0.571,16.4,8.2,24.6,0.0,2.1,0.0,8.2,4.1,6.2,10.3,32.9,10.3,85.0,1,0,73.9,1,1,13086,1,17895,1342,899,8526,15070,20945,15070,1315,402,10536,98,4404,204,19908,10244,12854,136,618,2755,370,1354,7573,139,1,150,248,1,17:32
2024-25,203897,Zach LaVine,Zach,1610612741,CHI,Chicago Bulls,0022400347,2024-12-08T00:00:00,CHI vs. PHI,L,31.866666666666667,11.3,23.7,0.476,6.8,15.8,0.429,4.5,5.6,0.8,0.0,4.5,4.5,3.4,5.6,1.1,0.0,0.0,2.3,4.5,33.9,-14.7,42.1,0,0,50.8,1,13222,1,13222,6086,2014,1146,12010,852,549,7394,4803,4975,7681,14058,12213,15999,11713,1680,10772,8263,8846,13824,5095,1148,19781,6549,2246,150,2307,1,31:52
2024-25,1629021,Moritz Wagner,Moritz,1610612753,ORL,Orlando Magic,0022400352,2024-12-08T00:00:00,ORL vs. PHX,W,17.366666666666667,6.2,16.6,0.375,2.1,6.2,0.333,6.2,12.4,0.5,4.1,8.3,12.4,6.2,0.0,4.1,2.1,2.1,4.1,6.2,20.7,12.4,63.6,0,0,53.9,1,1,13086,1,18025,10921,6323,16299,9803,10152,9209,2664,674,10625,3375,4297,3166,5136,16469,1499,3275,2991,6702,2368,7293,6617,826,2246,150,1644,1,17:22
2024-25,201959,Taj Gibson,Taj,1610612766,CHA,Charlotte Hornets,0022400349,2024-12-08T00:00:00,CHA @ IND,W,7.85,9.2,13.8,0.667,0.0,0.0,0.0,9.2,13.8,0.667,9.2,9.2,18.3,0.0,0.0,4.6,0.0,0.0,4.6,9.2,27.5,-9.2,63.3,0,0,55.0,1,1,13086,1,22867,4405,10554,3281,15070,20945,15070,947,485,9425,517,3337,817,19908,16469,1160,8263,8846,5571,601,2972,17512,858,2246,150,1452,1,7:51
2024-25,1641763,Julian Phillips,Julian,1610612741,CHI,Chicago Bulls,0022400347,2024-12-08T00:00:00,CHI vs. PHI,L,3.35,10.7,21.5,0.5,10.7,21.5,0.5,0.0,0.0,0.0,0.0,0.0,0.0,0.0,10.7,0.0,0.0,0.0,10.7,0.0,32.2,-86.0,21.5,0,0,43.0,1,13222,1,13222,24817,2455,2033,8526,168,191,3944,13505,14344,13505,14058,22137,23286,19908,269,12854,8263,8846,569,17725,1469,26058,20415,2246,150,5148,1,3:21
2024-25,1629162,Jordan McLaughlin,Jordan,1610612758,SAC,Sacramento Kings,0022400357,2024-12-08T00:00:00,SAC vs. UTA,W,8.366666666666667,8.6,21.5,0.4,8.6,12.9,0.667,0.0,0.0,0.0,0.0,4.3,4.3,4.3,0.0,0.0,0.0,4.3,0.0,0.0,25.8,38.7,37.4,0,0,43.0,1,1,13086,1,22676,5422,2019,14933,349,1346,1957,13505,14344,13505,14058,12793,16522,9116,16469,12854,8263,547,20257,17725,3763,1064,9390,2246,150,5124,1,8:22
2024-25,1628989,Kevin Huerter,Kevin,1610612758,SAC,Sacramento Kings,0022400357,2024-12-08T00:00:00,SAC vs. UTA,W,22.453333333333333,16.0,22.4,0.714,9.6,14.4,0.667,0.0,0.0,0.0,0.0,8.0,8.0,6.4,0.0,1.6,1.6,0.0,4.8,1.6,41.7,56.1,70.5,0,0,72.1,1,1,13086,1,14152,355,1612,2752,240,817,1957,13505,14344,13505,14058,4683,8241,4834,16469,7973,4538,8846,5036,14621,373,423,417,2246,150,278,1,22:27
2024-25,1631117,Walker Kessler,Walker,1610612762,UTA,Utah Jazz,0022400357,2024-12-08T00:00:00,UTA @ SAC,L,31.916666666666668,4.5,5.6,0.8,0.0,0.0,0.0,0.0,0.0,0.0,4.5,11.3,15.8,2.3,2.3,0.0,4.5,0.0,1.1,1.1,9.0,-18.0,42.6,0,0,36.1,1,13222,1,13222,6045,15742,22954,1688,15070,20945,15070,13505,14344,13505,2910,1758,1488,15410,9280,12854,682,8846,18939,16780,19053,20947,6290,2246,150,9302,1,31:55
2024-25,1630256,Jae'Sean Tate,Jae'Sean,1610612745,HOU,Houston Rockets,0022400356,2024-12-08T00:00:00,HOU @ LAC,W,18.233333333333334,3.9,7.9,0.5,0.0,2.0,0.0,3.9,3.9,1.0,2.0,5.9,7.9,3.9,0.0,2.0,0.0,0.0,3.9,3.9,11.8,23.7,33.2,0,0,27.6,1,1,13086,1,17417,17206,20417,8526,15070,19600,15070,5799,7948,1,8506,8499,8465,10076,16469,6368,8263,8846,7285,6449,16299,3103,12455,2246,150,15687,1,18:14
2024-25,1641748,Andre Jackson Jr.,Andre,1610612749,MIL,Milwaukee Bucks,0022400348,2024-12-08T00:00:00,MIL @ BKN,W,21.366666666666667,3.4,5.1,0.667,3.4,5.1,0.667,0.0,0.0,0.0,0.0,0.0,0.0,3.4,0.0,3.4,1.7,0.0,6.7,0.0,10.1,5.1,30.3,0,0,27.0,1,1,13086,1,15018,18598,23426,3281,5456,13062,1957,13505,14344,13505,14058,22137,23286,11768,16469,2442,4331,8846,2183,17725,18037,10082,14558,2246,150,16181,1,21:22
2024-25,1630231,KJ Martin,KJ,1610612755,PHI,Philadelphia 76ers,0022400347,2024-12-08T00:00:00,PHI @ CHI,W,18.47833333333333,5.8,5.8,1.0,0.0,0.0,0.0,0.0,0.0,0.0,3.9,1.9,5.8,0.0,0.0,0.0,1.9,0.0,5.8,0.0,11.7,-11.7,24.5,0,0,21.4,1,1,13086,1,17223,11975,22768,1,15070,20945,15070,13505,14344,13505,3732,19831,12658,19908,16469,12854,3632,8846,3144,17725,16470,18615,18573,2246,150,20016,1,18:29
2024-25,1642402,Enrique Freeman,Enrique,1610612754,IND,Indiana Pacers,0022400349,2024-12-08T00:00:00,IND vs. CHA,L,5.05,7.1,7.1,1.0,0.0,0.0,0.0,0.0,0.0,0.0,0.0,7.1,7.1,0.0,0.0,0.0,0.0,0.0,0.0,0.0,14.3,-7.1,22.8,0,0,21.4,1,13222,1,13222,23973,8628,21403,1,15070,20945,15070,13505,14344,13505,14058,6120,9893,19908,16469,12854,8263,8846,20257,17725,13652,16565,19678,2246,150,20032,1,5:03
2024-25,1630245,Ayo Dosunmu,Ayo,1610612741,CHI,Chicago Bulls,0022400347,2024-12-08T00:00:00,CHI vs. PHI,L,34.86666666666667,3.1,6.2,0.5,2.1,4.1,0.5,2.1,2.1,1.0,0.0,3.1,3.1,5.2,3.1,0.0,0.0,1.0,2.1,1.0,10.3,-16.5,18.7,0,0,20.7,1,13222,1,13222,3564,19203,22430,8526,9841,15272,3944,10422,12538,1,14058,16416,19483,7107,6135,12854,8263,7639,14781,17264,17834,20450,21803,2246,150,20482,1,34:52
2024-25,1627780,Gary Payton II,Gary,1610612744,GSW,Golden State Warriors,0022400355,2024-12-08T00:00:00,GSW vs. MIN,W,27.316666666666666,5.3,10.5,0.5,0.0,2.6,0.0,0.0,1.3,0.0,5.3,1.3,6.6,2.6,1.3,2.6,2.6,0.0,4.0,1.3,10.5,1.3,36.9,0,0,30.3,1,1,13086,1,10084,13619,16147,8526,15070,18387,15070,13505,13702,13505,2122,21250,10979,14097,13726,4054,2171,8846,7269,15818,17619,11946,9768,2246,150,13710,1,27:19
2024-25,1630541,Moses Moody,Moses,1610612744,GSW,Golden State Warriors,0022400355,2024-12-08T00:00:00,GSW vs. MIN,W,5.066666666666666,7.1,28.4,0.25,0.0,14.2,0.0,0.0,0.0,0.0,0.0,7.1,7.1,0.0,0.0,0.0,0.0,7.1,0.0,0.0,14.2,-28.4,22.7,0,0,21.3,1,1,13086,1,23968,8690,364,20233,15070,868,15070,13505,14344,13505,14058,6160,9941,19908,16469,12854,8263,149,20257,17725,13710,23500,19722,2246,150,20093,1,5:04
2024-25,1642272,Jared McCain,Jared,1610612755,PHI,Philadelphia 76ers,0022400347,2024-12-08T00:00:00,PHI @ CHI,W,28.22833333333333,5.1,12.8,0.4,3.8,8.9,0.429,0.0,0.0,0.0,0.0,0.0,0.0,5.1,0.0,3.8,0.0,0.0,0.0,0.0,14.0,21.7,33.2,0,0,30.6,1,1,13086,1,9367,14089,12293,14933,4371,4927,7394,13505,14344,13505,14058,22137,23286,7245,16469,1819,8263,8846,20257,17725,13904,3537,12465,2246,150,13475,1,28:14
2024-25,1630530,Trey Murphy III,Trey,1610612740,NOP,New Orleans Pelicans,0022400354,2024-12-08T00:00:00,NOP @ SAS,L,38.06666666666667,7.6,15.1,0.5,3.8,9.5,0.4,4.7,4.7,1.0,0.0,5.7,5.7,4.7,0.9,0.9,0.9,0.0,0.9,2.8,23.6,-8.5,42.3,0,0,41.6,1,13222,1,13222,1345,7613,8378,8526,4494,4168,7874,4462,6428,1,14058,9109,13097,8110,16166,12391,7858,8846,19991,9830,5025,17190,6488,2246,150,5845,1,38:04
2024-25,1628378,Donovan Mitchell,Donovan,1610612739,CLE,Cleveland Cavaliers,0022400351,2024-12-08T00:00:00,CLE @ MIA,L,30.833333333333332,5.8,18.7,0.313,1.2,5.8,0.2,1.2,1.2,1.0,0.0,1.2,1.2,5.8,3.5,2.3,0.0,1.2,1.2,4.7,14.0,-18.7,27.7,0,0,26.9,1,13222,1,13222,7013,11992,4040,19175,13552,11108,13429,12704,13940,1,14058,21596,22988,5776,5004,4915,8263,6498,18728,4784,13923,21129,16446,2246,150,16269,1,30:50
2024-25,1630578,Alperen Sengun,Alperen,1610612745,HOU,Houston Rockets,0022400356,2024-12-08T00:00:00,HOU @ LAC,W,36.266666666666666,4.0,8.9,0.444,0.0,2.0,0.0,3.0,4.0,0.75,3.0,6.9,9.9,6.0,4.0,0.0,0.0,0.0,4.0,5.0,10.9,12.9,27.8,1,0,26.8,1,1,13086,1,2491,17157,18817,13045,15070,19583,15070,7876,7893,8186,5399,6451,5522,5579,3935,12854,8263,8846,7212,4188,17247,6438,16365,1,150,16322,1,36:16
2024-25,1631133,Jabari Walker,Jabari,1610612757,POR,Portland Trail Blazers,0022400358,2024-12-08T00:00:00,POR @ LAL,L,11.57,3.1,6.2,0.5,0.0,3.1,0.0,6.2,6.2,1.0,0.0,9.3,9.3,0.0,3.1,0.0,0.0,0.0,3.1,6.2,12.4,15.6,20.5,0,0,21.8,1,13222,1,13222,21462,19172,22397,8526,15070,17439,15070,2662,4209,1,14058,3174,6274,19908,6089,12854,8263,8846,10233,2363,15658,5404,20927,2246,150,19799,1,11:34
2024-25,1642345,Oso Ighodaro,Oso,1610612756,PHX,Phoenix Suns,0022400352,2024-12-08T00:00:00,PHX @ ORL,L,22.30666666666667,3.2,8.1,0.4,0.0,0.0,0.0,0.0,0.0,0.0,6.5,1.6,8.1,6.5,0.0,0.0,0.0,1.6,4.8,0.0,6.5,-1.6,25.8,0,0,21.0,1,13222,1,13222,14275,18933,20143,14933,15070,20945,15070,13505,14344,13505,1388,20646,8139,4782,16469,12854,8263,4397,4970,17725,21081,13845,17729,2246,150,20290,1,22:18
2024-25,202710,Jimmy Butler III,Jimmy,1610612748,MIA,Miami Heat,0022400351,2024-12-08T00:00:00,MIA vs. CLE,W,35.265,6.1,12.3,0.5,0.0,2.0,0.0,6.1,8.2,0.75,1.0,2.0,3.1,5.1,1.0,2.0,0.0,0.0,0.0,4.1,18.4,10.2,34.8,0,0,30.6,1,1,13086,1,3269,11152,13168,8526,15070,19474,15070,2755,2398,8186,13084,19525,19558,7237,15703,6048,8263,8846,20257,6086,9440,7597,11188,2246,150,13461,1,35:16
2024-25,1630170,Devin Vassell,Devin,1610612759,SAS,San Antonio Spurs,0022400354,2024-12-08T00:00:00,SAS vs. NOP,W,28.233333333333334,3.8,14.0,0.273,0.0,5.1,0.0,1.3,1.3,1.0,1.3,3.8,5.1,5.1,1.3,0.0,1.3,1.3,2.6,1.3,8.9,-1.3,25.2,0,0,21.7,1,1,13086,1,9357,17506,10127,20048,15070,12953,15070,12365,13767,1,11329,14247,14517,7247,13935,12854,5762,5783,12602,16008,19155,13707,18112,2246,150,19854,1,28:14
2024-25,1626204,Larry Nance Jr.,Larry,1610612737,ATL,Atlanta Hawks,0022400350,2024-12-08T00:00:00,ATL vs. DEN,L,24.4,8.9,16.2,0.545,3.0,10.3,0.286,3.0,3.0,1.0,0.0,5.9,5.9,4.4,0.0,3.0,0.0,0.0,3.0,3.0,23.6,-38.4,46.2,0,0,42.8,1,13222,1,13222,12564,4963,6792,7695,6672,3127,11433,7950,10092,1,14058,8539,12517,8818,16469,3270,8263,8846,10934,9418,5048,24731,4670,2246,150,5260,1,24:24
2024-25,1630551,Justin Champagnie,Justin,1610612764,WAS,Washington Wizards,0022400353,2024-12-08T00:00:00,WAS vs. MEM,L,34.28333333333333,6.3,12.6,0.5,2.1,4.2,0.5,0.0,0.0,0.0,2.1,6.3,8.4,0.0,2.1,5.3,0.0,2.1,4.2,0.0,14.7,-12.6,38.4,0,0,35.7,1,13222,1,13222,4024,10711,12572,8526,9682,15120,3944,13505,14344,13505,7949,7693,7625,19908,9997,761,8263,2923,6556,17725,13196,18981,8752,2246,150,9571,1,34:17
2024-25,1630183,Jaden McDaniels,Jaden,1610612750,MIN,Minnesota Timberwolves,0022400355,2024-12-08T00:00:00,MIN @ GSW,L,36.07333333333333,4.0,9.0,0.444,1.0,3.0,0.333,0.0,0.0,0.0,1.0,3.0,4.0,3.0,0.0,2.0,0.0,1.0,4.0,2.0,9.0,0.0,24.3,0,0,21.0,1,13222,1,13222,2626,17115,18753,13045,14566,17677,9209,13505,14344,13505,13275,16763,17340,12956,16469,6268,8263,7949,7173,13101,19106,12240,18774,2246,150,20305,1,36:04
2024-25,1642355,Bronny James,Bronny,1610612747,LAL,Los Angeles Lakers,0022400358,2024-12-08T00:00:00,LAL vs. POR,W,2.6333333333333333,0.0,27.3,0.0,0.0,0.0,0.0,0.0,0.0,0.0,0.0,0.0,0.0,0.0,0.0,0.0,13.7,0.0,0.0,0.0,0.0,-123.0,41.0,0,0,27.3,1,1,13086,1,25160,22635,459,22635,15070,20945,15070,13505,14344,13505,14058,22137,23286,19908,16469,12854,30,8846,20257,17725,23200,26232,7167,2246,150,15905,1,2:38
2024-25,1631222,Jake LaRavia,Jake,1610612763,MEM,Memphis Grizzlies,0022400353,2024-12-08T00:00:00,MEM @ WAS,W,23.716666666666665,4.6,10.6,0.429,1.5,4.6,0.333,3.0,4.6,0.667,1.5,3.0,4.6,4.6,3.0,3.0,0.0,1.5,4.6,3.0,13.7,1.5,32.0,0,0,30.4,1,1,13086,1,13138,15619,16007,13735,11973,14315,9209,7702,6742,9425,10244,16601,15915,8524,6331,3069,8263,4702,5660,9110,14316,11862,13300,2246,150,13668,1,23:43
2024-25,203497,Rudy Gobert,Rudy,1610612750,MIN,Minnesota Timberwolves,0022400355,2024-12-08T00:00:00,MIN @ GSW,L,37.88333333333333,1.0,2.9,0.333,0.0,0.0,0.0,1.9,3.8,0.5,1.0,7.6,8.6,1.0,1.9,1.0,2.9,0.0,2.9,5.7,3.8,-11.4,25.0,0,0,20.9,1,13222,1,13222,1453,22628,24541,17395,15070,20945,15070,10946,8250,10625,13646,5325,7397,19800,11037,12346,1875,8846,11418,3030,22652,18486,18296,2246,150,20342,1,37:53
2024-25,1641710,Anthony Black,Anthony,1610612753,ORL,Orlando Magic,0022400352,2024-12-08T00:00:00,ORL vs. PHX,W,25.583333333333332,5.6,11.3,0.5,0.0,4.2,0.0,0.0,1.4,0.0,0.0,4.2,4.2,2.8,4.2,1.4,2.8,0.0,1.4,4.2,11.3,21.1,29.0,0,0,26.7,1,1,13086,1,11499,12620,14914,8526,15070,15070,15070,13505,13586,13505,14058,13055,16754,13541,3465,8859,1932,8846,17602,5787,16941,3673,15497,2246,150,16370,1,25:35
2024-25,1641708,Amen Thompson,Amen,1610612745,HOU,Houston Rockets,0022400356,2024-12-08T00:00:00,HOU @ LAC,W,39.083333333333336,8.3,12.9,0.643,0.9,2.8,0.333,2.8,2.8,1.0,2.8,4.6,7.4,3.7,2.8,0.9,0.9,0.0,1.8,1.8,20.3,9.2,37.4,0,0,35.9,1,1,13086,1,852,6005,12048,4607,14896,18132,9209,8425,10579,1,5941,11964,9436,10833,7337,12556,8000,8846,15981,13765,7691,8085,9412,2246,150,9433,1,39:05
2024-25,1628418,Thomas Bryant,Thomas,1610612748,MIA,Miami Heat,0022400351,2024-12-08T00:00:00,MIA vs. CLE,W,7.133333333333334,0.0,0.0,0.0,0.0,0.0,0.0,10.1,10.1,1.0,0.0,5.0,5.0,0.0,0.0,0.0,10.1,0.0,5.0,5.0,10.1,0.0,46.4,0,0,35.3,1,1,13086,1,23116,22635,24836,22635,15070,20945,15070,670,1329,1,14058,10733,14676,19908,16469,12854,65,8846,4506,4021,18054,12240,4564,2246,150,9857,1,7:08
2024-25,1626164,Devin Booker,Devin,1610612756,PHX,Phoenix Suns,0022400352,2024-12-08T00:00:00,PHX @ ORL,L,38.266666666666666,7.5,19.8,0.381,0.9,4.7,0.2,7.5,8.5,0.889,0.9,2.8,3.8,6.6,2.8,3.8,0.0,1.9,4.7,6.6,23.5,-0.9,46.4,0,0,42.3,1,13222,1,13222,1236,7695,3146,16250,14831,13948,13429,1648,2211,6857,13715,17325,17910,4584,7134,1892,8263,3620,5272,2002,5116,13493,4588,2246,150,5483,1,38:16
2024-25,1628978,Donte DiVincenzo,Donte,1610612750,MIN,Minnesota Timberwolves,0022400355,2024-12-08T00:00:00,MIN @ GSW,L,17.75,6.1,18.3,0.333,4.1,16.2,0.25,0.0,0.0,0.0,0.0,2.0,2.0,4.1,2.0,2.0,0.0,0.0,0.0,4.1,16.2,-22.3,28.8,0,0,30.4,1,13222,1,13222,17741,11266,4403,17395,3878,501,11902,13505,14344,13505,14058,19566,21748,9784,10378,6119,8263,8846,20257,6151,11692,22166,15629,2246,150,13610,1,17:45
2024-25,203114,Khris Middleton,Khris,1610612749,MIL,Milwaukee Bucks,0022400348,2024-12-08T00:00:00,MIL @ BKN,W,20.05,5.4,14.4,0.375,1.8,5.4,0.333,7.2,7.2,1.0,0.0,3.6,3.6,10.8,0.0,0.0,0.0,1.8,3.6,3.6,19.8,28.7,40.2,0,0,35.9,1,1,13086,1,15985,13309,9587,16299,11096,12240,9209,1884,3185,1,14058,14949,18340,1078,16469,12854,8263,3912,8455,7416,8119,2144,7621,2246,150,9442,1,20:03
2024-25,1629130,Duncan Robinson,Duncan,1610612748,MIA,Miami Heat,0022400351,2024-12-08T00:00:00,MIA vs. CLE,W,27.815,9.1,14.2,0.636,5.2,7.8,0.667,6.5,6.5,1.0,0.0,3.9,3.9,1.3,1.3,1.3,0.0,0.0,2.6,2.6,29.8,14.2,39.0,0,0,42.7,1,1,13086,1,9712,4592,9779,4689,2073,6865,1957,2425,3912,1,14058,14082,17610,18677,13826,9491,8263,8846,12462,10678,2172,5914,8440,2246,150,5307,1,27:49
2024-25,203937,Kyle Anderson,Kyle,1610612744,GSW,Golden State Warriors,0022400355,2024-12-08T00:00:00,GSW vs. MIN,W,8.116666666666667,4.4,13.3,0.333,4.4,4.4,1.0,0.0,0.0,0.0,0.0,8.9,8.9,0.0,0.0,0.0,0.0,8.9,8.9,0.0,13.3,8.9,24.0,0,0,26.6,1,1,13086,1,22775,15964,11292,17395,3177,14606,1,13505,14344,13505,14058,3640,6923,19908,16469,12854,8263,87,1006,17725,14746,8236,18988,2246,150,16457,1,8:07
2024-25,1630703,Scoot Henderson,Scoot,1610612757,POR,Portland Trail Blazers,0022400358,2024-12-08T00:00:00,POR @ LAL,L,21.05,5.1,10.3,0.5,1.7,5.1,0.333,10.3,10.3,1.0,1.7,1.7,3.4,0.0,5.1,1.7,0.0,0.0,3.4,6.8,22.2,0.0,26.3,0,0,30.8,1,13222,1,13222,15255,14004,16635,8526,11368,12874,9209,633,1271,1,9543,20434,18737,19908,2196,7571,8263,8846,9004,1785,6058,12240,17398,2246,150,13334,1,21:03
2024-25,200768,Kyle Lowry,Kyle,1610612755,PHI,Philadelphia 76ers,0022400347,2024-12-08T00:00:00,PHI @ CHI,W,11.706666666666667,3.1,9.2,0.333,3.1,6.2,0.5,0.0,0.0,0.0,0.0,3.1,3.1,0.0,6.2,3.1,0.0,3.1,3.1,6.2,9.2,-15.4,16.0,0,0,21.5,1,1,13086,1,21416,19261,18363,17395,6284,10319,3944,13505,14344,13505,14058,16478,19537,19908,1294,2990,8263,1257,10374,2443,18877,20043,22862,2246,150,19943,1,11:42
2024-25,201599,DeAndre Jordan,DeAndre,1610612743,DEN,Denver Nuggets,0022400350,2024-12-08T00:00:00,DEN @ ATL,W,10.116666666666667,7.1,7.1,1.0,0.0,0.0,0.0,0.0,0.0,0.0,0.0,14.2,14.2,7.1,3.6,0.0,0.0,0.0,0.0,3.6,14.2,0.0,38.4,0,0,35.6,1,1,13086,1,22067,8662,21423,1,15070,20945,15070,13505,14344,13505,14058,709,2129,3866,4880,12854,8263,8846,20257,7509,13692,12240,8753,2246,150,9675,1,10:07
2024-25,1631128,Christian Braun,Christian,1610612743,DEN,Denver Nuggets,0022400350,2024-12-08T00:00:00,DEN @ ATL,W,32.2,7.8,12.3,0.636,2.2,2.2,1.0,1.1,2.2,0.5,2.2,6.7,8.9,4.5,1.1,2.2,1.1,0.0,3.4,2.2,19.0,38.0,45.4,0,0,41.4,1,1,13086,1,5800,7018,13082,4689,9093,19103,1,12864,11981,10625,7469,6879,6828,8721,15015,5256,6684,8846,9237,12003,8855,1117,4995,2246,150,5993,1,32:12
2024-25,1631099,Keegan Murray,Keegan,1610612758,SAC,Sacramento Kings,0022400357,2024-12-08T00:00:00,SAC vs. UTA,W,25.216666666666665,4.3,7.1,0.6,1.4,4.3,0.333,0.0,0.0,0.0,0.0,5.7,5.7,1.4,1.4,1.4,2.9,0.0,5.7,0.0,10.0,24.3,30.4,0,0,27.1,1,1,13086,1,11820,16364,21394,5394,12341,14961,9209,13505,14344,13505,14058,9017,12985,18239,13123,8765,1871,8846,3372,17725,18165,2969,14493,2246,150,16068,1,25:13
2024-25,1630596,Evan Mobley,Evan,1610612739,CLE,Cleveland Cavaliers,0022400351,2024-12-08T00:00:00,CLE @ MIA,L,11.766666666666667,6.1,12.2,0.5,0.0,3.1,0.0,0.0,0.0,0.0,0.0,9.2,9.2,0.0,3.1,3.1,0.0,0.0,0.0,0.0,12.2,-33.7,29.4,0,0,27.5,1,13222,1,13222,21388,11174,13199,8526,15070,17535,15070,13505,14344,13505,14058,3333,6473,19908,6256,3028,8263,8846,20257,17725,15886,24252,15232,2246,150,15765,1,11:46
2024-25,1641783,Tristan da Silva,Tristan,1610612753,ORL,Orlando Magic,0022400352,2024-12-08T00:00:00,ORL vs. PHX,W,19.3,5.6,13.1,0.429,1.9,5.6,0.333,1.9,7.5,0.25,1.9,7.5,9.3,0.0,1.9,0.0,1.9,0.0,5.6,5.6,14.9,-22.4,29.8,0,0,29.8,1,1,13086,1,16572,12714,11762,13735,10805,11735,9209,11066,2949,13358,8964,5565,6284,19908,11245,12854,3879,8846,3554,3197,12996,22187,14910,2246,150,14066,1,19:18
2024-25,1629629,Cam Reddish,Cam,1610612747,LAL,Los Angeles Lakers,0022400358,2024-12-08T00:00:00,LAL vs. POR,W,25.816666666666666,2.8,4.2,0.667,1.4,2.8,0.5,1.4,2.8,0.5,0.0,0.0,0.0,5.6,0.0,2.8,0.0,0.0,1.4,1.4,8.4,18.1,25.1,0,0,20.9,1,1,13086,1,11322,19903,24003,3281,12470,18080,3944,12026,10511,10625,14058,22137,23286,6298,16469,3714,8263,8846,17644,15473,19610,4516,18215,2246,150,20337,1,25:49
2024-25,1629626,Bol Bol,Bol,1610612756,PHX,Phoenix Suns,0022400352,2024-12-08T00:00:00,PHX @ ORL,L,5.25,6.9,13.7,0.5,0.0,0.0,0.0,0.0,0.0,0.0,0.0,13.7,13.7,0.0,0.0,0.0,0.0,0.0,0.0,0.0,13.7,-34.3,30.2,0,0,27.4,1,13222,1,13222,23889,9273,10629,8526,15070,20945,15070,13505,14344,13505,14058,822,2375,19908,16469,12854,8263,8846,20257,17725,14256,24334,14682,2246,150,15847,1,5:15
2024-25,1642367,Jonathan Mogbo,Jonathan,1610612761,TOR,Toronto Raptors,0022400344,2024-12-07T00:00:00,TOR vs. DAL,L,21.163333333333334,5.1,11.9,0.429,3.4,3.4,1.0,0.0,0.0,0.0,1.7,10.2,11.9,3.4,1.7,1.7,3.4,3.4,0.0,0.0,13.6,-10.2,46.6,0,0,42.5,1,13222,1,13222,15181,14079,13747,13735,5374,16861,1,13505,14344,13505,9573,2425,3574,11683,11915,7603,1307,991,20257,17725,14372,17979,4490,2246,150,5389,1,21:10
2024-25,203995,Vasilije Micić,Vasilije,1610612766,CHA,Charlotte Hornets,0022400340,2024-12-07T00:00:00,CHA vs. CLE,L,35.49666666666667,5.1,10.1,0.5,2.0,4.1,0.5,1.0,1.0,1.0,1.0,4.1,5.1,7.1,2.0,0.0,0.0,2.0,2.0,3.0,13.2,2.0,27.9,0,0,27.4,1,13222,1,13222,3081,14174,16837,8526,10021,15461,3944,13200,14196,1,13138,13555,14600,3886,10377,12854,8263,3133,14974,9092,14893,11608,16306,2246,150,15881,1,35:30
2024-25,1626145,Tyus Jones,Tyus,1610612756,PHX,Phoenix Suns,0022400346,2024-12-07T00:00:00,PHX @ MIA,L,29.283333333333335,4.9,11.1,0.444,3.7,8.6,0.429,2.5,2.5,1.0,0.0,1.2,1.2,4.9,1.2,4.9,0.0,0.0,1.2,1.2,16.0,-23.4,38.4,0,0,35.7,1,13222,1,13222,8415,14641,15258,13045,4724,5411,7394,9174,11321,1,14058,21444,22906,7653,14236,947,8263,8846,18383,16245,11940,22437,8803,2246,150,9624,1,29:17
2024-25,1630215,Jared Butler,Jared,1610612764,WAS,Washington Wizards,0022400341,2024-12-07T00:00:00,WAS vs. DEN,W,17.033333333333335,10.6,19.0,0.556,4.2,8.5,0.5,0.0,0.0,0.0,0.0,4.2,4.2,8.5,4.2,0.0,0.0,0.0,2.1,2.1,25.4,8.5,38.9,0,0,42.3,1,1,13086,1,18234,2650,3742,7248,3515,5663,3944,13505,14344,13505,14058,13036,16736,2464,3452,12854,8263,8846,14550,12549,4019,8416,8484,2246,150,5510,1,17:02
2024-25,203468,CJ McCollum,CJ,1610612740,NOP,New Orleans Pelicans,0022400342,2024-12-07T00:00:00,NOP vs. OKC,L,37.69833333333333,4.8,18.1,0.263,0.0,8.6,0.0,1.0,1.9,0.5,1.9,2.9,4.8,7.6,1.9,1.9,1.9,1.0,2.9,1.9,10.5,6.7,37.2,0,0,30.6,1,13222,1,13222,1576,15036,4515,20219,15070,5426,15070,13362,12954,10625,8771,17197,15358,3237,10990,6715,3738,8298,11341,13474,17659,9295,9501,2246,150,13508,1,37:42
2024-25,1630574,Ariel Hukporti,Ariel,1610612752,NYK,New York Knicks,0022400343,2024-12-07T00:00:00,NYK vs. DET,L,15.465,9.3,9.3,1.0,0.0,0.0,0.0,2.3,4.7,0.5,0.0,4.7,4.7,4.7,2.3,0.0,0.0,0.0,0.0,2.3,21.0,-30.3,31.2,0,0,30.3,1,13222,1,13222,19278,4180,18255,1,15070,20945,15070,9533,6567,10625,14058,11835,15681,8287,8955,12854,8263,8846,20257,11638,7125,23779,13903,2246,150,13752,1,15:28
2024-25,1627747,Caris LeVert,Caris,1610612739,CLE,Cleveland Cavaliers,0022400340,2024-12-07T00:00:00,CLE @ CHA,W,23.95,3.0,4.5,0.667,0.0,1.5,0.0,4.5,6.0,0.75,0.0,4.5,4.5,6.0,3.0,1.5,1.5,0.0,1.5,4.5,10.5,28.6,31.0,0,0,27.1,1,1,13086,1,12946,19401,23801,3281,15070,20266,15070,4818,4454,8186,14058,12239,16031,5467,6446,8393,4836,8846,17200,5118,17641,2175,14076,2246,150,16116,1,23:57
2024-25,1627759,Jaylen Brown,Jaylen,1610612738,BOS,Boston Celtics,0022400345,2024-12-07T00:00:00,BOS vs. MEM,L,35.266666666666666,10.2,14.3,0.714,2.0,3.1,0.667,0.0,1.0,0.0,1.0,2.0,3.1,6.1,5.1,1.0,0.0,1.0,3.1,4.1,22.5,-17.4,33.3,0,0,35.7,1,13222,1,13222,3262,3011,9706,2752,9955,17530,1957,13505,14184,13505,13085,19526,19559,5289,2222,11752,8263,7733,10426,6087,5884,20727,12371,2246,150,9554,1,35:16
2024-25,1631105,Jalen Duren,Jalen,1610612765,DET,Detroit Pistons,0022400343,2024-12-07T00:00:00,DET @ NYK,W,25.198333333333334,8.6,12.9,0.667,0.0,0.0,0.0,0.0,0.0,0.0,4.3,0.0,4.3,0.0,1.4,2.9,0.0,2.9,5.7,0.0,17.1,25.7,29.4,0,0,27.1,1,1,13086,1,11841,5481,12106,3281,15070,20945,15070,13505,14344,13505,3185,22137,16566,19908,13115,3526,8263,1524,3361,17725,10682,2667,15190,2246,150,16059,1,25:12
2024-25,1630217,Desmond Bane,Desmond,1610612763,MEM,Memphis Grizzlies,0022400345,2024-12-07T00:00:00,MEM @ BOS,W,32.75,5.5,13.2,0.417,2.2,5.5,0.4,2.2,2.2,1.0,0.0,2.2,2.2,4.4,4.4,3.3,0.0,1.1,2.2,1.1,15.4,18.7,30.1,0,0,30.8,1,1,13086,1,5365,12981,11495,14532,9246,11950,7874,9950,12096,1,14058,19069,21413,8894,3151,2568,8263,7050,14102,16910,12532,4347,14723,2246,150,13338,1,32:45
2024-25,1628404,Josh Hart,Josh,1610612752,NYK,New York Knicks,0022400343,2024-12-07T00:00:00,NYK vs. DET,L,38.968333333333334,6.5,10.2,0.636,0.9,3.7,0.25,1.8,2.8,0.667,0.9,4.6,5.5,2.8,0.0,0.9,0.0,0.0,2.8,2.8,15.7,-2.8,29.3,0,0,26.8,1,13222,1,13222,894,10275,16799,4689,14889,16230,11902,11125,10555,9425,13815,11929,13437,13683,16469,12544,8263,8846,11762,10072,12219,14437,15295,2246,150,16327,1,38:58
2024-25,1629636,Darius Garland,Darius,1610612739,CLE,Cleveland Cavaliers,0022400340,2024-12-07T00:00:00,CLE @ CHA,W,32.983333333333334,7.6,17.5,0.438,1.1,7.6,0.143,3.3,3.3,1.0,1.1,1.1,2.2,5.5,2.2,0.0,1.1,1.1,3.3,3.3,19.6,15.3,31.5,0,0,30.6,1,1,13086,1,5158,7411,5287,13558,13994,7101,14649,7154,9367,1,12541,21771,21450,6520,9581,12854,6854,7129,9548,8330,8209,5510,13648,2246,150,13504,1,32:59
2024-25,1630264,Anthony Gill,Anthony,1610612764,WAS,Washington Wizards,0022400341,2024-12-07T00:00:00,WAS vs. DEN,W,10.638333333333334,6.8,10.2,0.667,0.0,0.0,0.0,3.4,6.8,0.5,3.4,10.2,13.5,0.0,3.4,0.0,0.0,0.0,6.8,6.8,16.9,20.3,29.8,0,0,30.5,1,1,13086,1,21860,9507,16819,3281,15070,20945,15070,6934,3593,10625,4574,2456,2474,19908,5272,12854,8263,8846,2171,1845,10938,3867,14955,2246,150,13575,1,10:38
2024-25,1629655,Daniel Gafford,Daniel,1610612742,DAL,Dallas Mavericks,0022400344,2024-12-07T00:00:00,DAL @ TOR,W,20.616666666666667,8.7,10.5,0.833,0.0,0.0,0.0,0.0,0.0,0.0,5.2,5.2,10.5,0.0,7.0,1.7,5.2,0.0,3.5,0.0,17.5,7.0,44.0,0,0,41.9,1,1,13086,1,15553,5216,16265,1514,15070,20945,15070,13505,14344,13505,2157,10191,4931,19908,896,7457,457,8846,8771,17725,10365,9144,5671,2246,150,5696,1,20:37
2024-25,1631093,Jaden Ivey,Jaden,1610612765,DET,Detroit Pistons,0022400343,2024-12-07T00:00:00,DET @ NYK,W,28.723333333333333,7.5,20.1,0.375,2.5,7.5,0.333,2.5,5.0,0.5,2.5,2.5,5.0,5.0,7.5,1.3,0.0,3.8,3.8,5.0,20.1,2.5,29.8,0,0,35.1,1,1,13086,1,8901,7722,2933,16299,8129,7357,9209,9032,5897,10625,6598,18171,14762,7439,705,9783,8263,762,7883,4091,7884,11366,14920,2246,150,10029,1,28:43
2024-25,203915,Spencer Dinwiddie,Spencer,1610612742,DAL,Dallas Mavericks,0022400344,2024-12-07T00:00:00,DAL @ TOR,W,24.316666666666666,1.5,8.9,0.167,1.5,5.9,0.25,11.8,11.8,1.0,1.5,1.5,3.0,0.0,0.0,0.0,0.0,0.0,3.0,7.4,16.3,4.4,19.8,0,0,20.7,1,1,13086,1,12630,22191,18894,21938,12117,10879,11902,358,797,1,10389,20915,19830,19908,16469,12854,8263,8846,10894,1386,11621,10412,21244,2246,150,20448,1,24:19
2024-25,1630598,Aaron Wiggins,Aaron,1610612760,OKC,Oklahoma City Thunder,0022400342,2024-12-07T00:00:00,OKC @ NOP,W,14.9,2.4,12.1,0.2,0.0,7.2,0.0,0.0,0.0,0.0,0.0,7.2,7.2,4.8,0.0,2.4,2.4,0.0,2.4,0.0,4.8,24.2,35.3,0,0,26.6,1,1,13086,1,19635,20628,13455,21401,15070,7937,15070,13505,14344,13505,14058,5909,9654,7828,16469,4644,2524,8846,13123,17725,22108,2993,10884,2246,150,16483,1,14:54
2024-25,1641717,Cason Wallace,Cason,1610612760,OKC,Oklahoma City Thunder,0022400342,2024-12-07T00:00:00,OKC @ NOP,W,27.35,2.6,7.9,0.333,1.3,5.3,0.25,0.0,0.0,0.0,1.3,7.9,9.2,2.6,5.3,3.9,0.0,0.0,1.3,1.3,6.6,3.9,28.2,0,0,27.6,1,1,13086,1,10062,20216,20417,17395,12801,12555,11902,13505,14344,13505,11121,4865,6422,14106,2047,1687,8263,8846,17971,15827,21002,10679,16093,2246,150,15687,1,27:21
2024-25,1642354,KJ Simpson,KJ,1610612766,CHA,Charlotte Hornets,0022400340,2024-12-07T00:00:00,CHA vs. CLE,L,12.336666666666666,2.9,11.7,0.25,0.0,2.9,0.0,0.0,0.0,0.0,2.9,0.0,2.9,0.0,2.9,2.9,0.0,0.0,8.8,0.0,5.8,-43.8,15.2,0,0,14.6,1,13222,1,13222,21082,19613,14180,20233,15070,17824,15070,13505,14344,13505,5544,22137,19949,19908,6779,3362,8263,8846,1047,17725,21501,25110,23122,2246,150,23222,1,12:20
2024-25,1630558,Davion Mitchell,Davion,1610612761,TOR,Toronto Raptors,0022400344,2024-12-07T00:00:00,TOR vs. DAL,L,26.498333333333335,0.0,2.7,0.0,0.0,1.4,0.0,1.4,2.7,0.5,1.4,2.7,4.1,5.4,1.4,1.4,0.0,0.0,4.1,4.1,1.4,-6.8,17.1,0,0,13.6,1,13222,1,13222,10741,22635,24577,22635,15070,20424,15070,12140,10695,10625,10940,17644,17125,6558,13521,9143,8263,8846,6917,6104,23188,16420,22441,2246,150,23532,1,26:30
2024-25,1628378,Donovan Mitchell,Donovan,1610612739,CLE,Cleveland Cavaliers,0022400340,2024-12-07T00:00:00,CLE @ CHA,W,36.13333333333333,6.0,12.0,0.5,5.0,10.0,0.5,1.0,2.0,0.5,1.0,7.0,8.0,8.0,3.0,0.0,0.0,0.0,2.0,4.0,17.9,21.9,36.5,0,0,38.9,1,1,13086,1,2581,11584,13669,8526,2301,3533,3944,13246,12745,10625,13286,6405,8320,2914,6531,12854,8263,8846,15186,6342,9903,3476,10052,2246,150,7479,1,36:08
2024-25,1630540,Miles McBride,Miles,1610612752,NYK,New York Knicks,0022400343,2024-12-07T00:00:00,NYK vs. DET,L,26.956666666666667,4.0,9.3,0.429,1.3,6.7,0.2,1.3,2.7,0.5,0.0,2.7,2.7,2.7,4.0,1.3,1.3,0.0,2.7,1.3,10.7,-18.7,21.9,0,0,22.7,1,13222,1,13222,10370,17078,18202,13735,12714,9147,13429,12212,10809,10625,14058,17766,20510,13985,3873,9270,5500,8846,12162,15742,17493,21138,20207,2246,150,19213,1,26:57
2024-25,1629639,Tyler Herro,Tyler,1610612748,MIA,Miami Heat,0022400346,2024-12-07T00:00:00,MIA vs. PHX,W,34.46666666666667,8.4,12.5,0.667,1.0,4.2,0.25,0.0,0.0,0.0,0.0,8.4,8.4,7.3,3.1,2.1,0.0,0.0,3.1,2.1,17.8,11.5,41.9,0,0,38.6,1,1,13086,1,3877,5874,12677,3281,14283,15174,11902,13505,14344,13505,14058,4208,7685,3607,6035,5838,8263,8846,10154,12664,10078,7013,6683,2246,150,7618,1,34:28
2024-25,1629130,Duncan Robinson,Duncan,1610612748,MIA,Miami Heat,0022400346,2024-12-07T00:00:00,MIA vs. PHX,W,29.45,8.6,14.7,0.583,6.1,9.8,0.625,0.0,0.0,0.0,0.0,2.4,2.4,4.9,0.0,1.2,0.0,2.4,3.7,0.0,23.2,24.4,37.2,0,0,39.1,1,1,13086,1,8267,5514,9101,6296,1223,3747,2868,13505,14344,13505,14058,18345,20908,7707,16469,9994,8263,2127,8199,17725,5340,2937,9570,2246,150,7314,1,29:27
2024-25,1627742,Brandon Ingram,Brandon,1610612740,NOP,New Orleans Pelicans,0022400342,2024-12-07T00:00:00,NOP vs. OKC,L,18.9,1.9,7.6,0.25,1.9,3.8,0.5,3.8,3.8,1.0,0.0,1.9,1.9,5.7,3.8,1.9,0.0,1.9,1.9,5.7,9.5,-40.0,22.3,0,0,22.9,1,13222,1,13222,16908,21578,20760,20233,10612,15978,3944,6063,8221,1,14058,19957,21994,6017,4293,6737,8263,3529,15647,3015,18613,24837,19990,2246,150,19097,1,18:54
2024-25,1642345,Oso Ighodaro,Oso,1610612756,PHX,Phoenix Suns,0022400346,2024-12-07T00:00:00,PHX @ MIA,L,21.183333333333334,1.7,3.4,0.5,0.0,0.0,0.0,0.0,0.0,0.0,3.4,6.8,10.2,1.7,1.7,0.0,0.0,0.0,0.0,0.0,3.4,13.6,16.5,0,0,15.3,1,13222,1,13222,15162,21900,24345,8526,15070,20945,15070,13505,14344,13505,4541,6710,5233,17368,11924,12854,8263,8846,20257,17725,22807,6167,22675,2246,150,22959,1,21:11
2024-25,1630526,Jeremiah Robinson-Earl,Jeremiah,1610612740,NOP,New Orleans Pelicans,0022400342,2024-12-07T00:00:00,NOP vs. OKC,L,17.408333333333335,4.1,10.3,0.4,2.1,8.3,0.25,2.1,2.1,1.0,4.1,2.1,6.2,4.1,2.1,2.1,0.0,0.0,2.1,4.1,12.4,31.0,30.2,0,0,29.0,1,13222,1,13222,18000,16756,16484,14933,9827,5964,11902,10411,12528,1,3386,19457,11816,9561,10166,5921,8263,8846,14763,5972,15702,1830,14670,2246,150,14742,1,17:25
2024-25,1631170,Jaime Jaquez Jr.,Jaime,1610612748,MIA,Miami Heat,0022400346,2024-12-07T00:00:00,MIA vs. PHX,W,19.083333333333332,3.8,15.1,0.25,0.0,3.8,0.0,0.0,0.0,0.0,0.0,0.0,0.0,3.8,1.9,1.9,0.0,0.0,3.8,0.0,7.5,-24.5,17.0,0,0,15.1,1,1,13086,1,16762,17641,8445,20233,15070,16053,15070,13505,14344,13505,14058,22137,23286,10576,11123,6827,8263,8846,7824,17725,20280,22698,22498,2246,150,23030,1,19:05
2024-25,203552,Seth Curry,Seth,1610612766,CHA,Charlotte Hornets,0022400340,2024-12-07T00:00:00,CHA vs. CLE,L,4.9,0.0,0.0,0.0,0.0,0.0,0.0,0.0,0.0,0.0,0.0,14.7,14.7,0.0,0.0,0.0,0.0,0.0,7.3,0.0,0.0,36.7,17.6,0,0,14.7,1,13222,1,13222,24020,22635,24836,22635,15070,20945,15070,13505,14344,13505,14058,625,1916,19908,16469,12854,8263,8846,1746,17725,23200,1218,22247,2246,150,23177,1,4:54
2024-25,1626164,Devin Booker,Devin,1610612756,PHX,Phoenix Suns,0022400346,2024-12-07T00:00:00,PHX @ MIA,L,37.35,5.8,15.4,0.375,1.0,5.8,0.167,7.7,7.7,1.0,1.0,2.9,3.9,6.7,4.8,0.0,0.0,0.0,3.9,7.7,20.2,-8.7,30.2,0,0,31.8,1,13222,1,13222,1768,12159,7933,16299,14733,11245,14236,1550,2737,1,13545,17110,17693,4357,2551,12854,8263,8846,7591,1192,7704,17274,14684,2246,150,12535,1,37:21
2024-25,1629312,Haywood Highsmith,Haywood,1610612748,MIA,Miami Heat,0022400346,2024-12-07T00:00:00,MIA vs. PHX,W,28.916666666666668,5.0,10.0,0.5,2.5,5.0,0.5,5.0,7.5,0.667,2.5,1.2,3.7,0.0,0.0,2.5,1.2,0.0,3.7,6.2,17.4,28.6,33.1,0,0,31.1,1,1,13086,1,8740,14452,17127,8526,8181,13252,3944,4070,2935,9425,6637,21411,17976,19908,16469,4411,5917,8846,7956,2354,10400,2164,12501,2246,150,13058,1,28:55
2024-25,1629674,Neemias Queta,Neemias,1610612738,BOS,Boston Celtics,0022400345,2024-12-07T00:00:00,BOS vs. MEM,L,17.408333333333335,4.1,6.2,0.667,0.0,0.0,0.0,2.1,4.1,0.5,2.1,12.4,14.5,2.1,2.1,0.0,2.1,2.1,6.2,2.1,10.3,6.2,34.9,0,0,31.0,1,13222,1,13222,18000,16756,22423,3281,15070,20945,15070,10411,7557,10625,8088,1187,2012,16125,10166,12854,3296,3005,2705,12772,17813,9512,11091,2246,150,13143,1,17:25
2024-25,1630173,Precious Achiuwa,Precious,1610612752,NYK,New York Knicks,0022400343,2024-12-07T00:00:00,NYK vs. DET,L,27.733333333333334,2.6,3.9,0.667,0.0,0.0,0.0,2.6,6.5,0.4,1.3,11.7,13.0,5.2,1.3,1.3,1.3,0.0,1.3,3.9,7.8,11.7,37.6,0,0,31.2,1,13222,1,13222,9768,20282,24137,3281,15070,20945,15070,8812,3895,13061,11205,1530,2816,7043,13803,9464,5654,8846,18037,6582,20091,6939,9254,2246,150,13037,1,27:44
2024-25,1629023,P.J. Washington,P.J.,1610612742,DAL,Dallas Mavericks,0022400344,2024-12-07T00:00:00,DAL @ TOR,W,34.166666666666664,4.2,12.6,0.333,0.0,6.3,0.0,5.3,6.3,0.833,1.1,4.2,5.3,1.1,2.1,1.1,1.1,0.0,0.0,3.2,13.7,1.1,25.8,0,0,24.2,1,1,13086,1,4116,16555,12493,17395,15070,9934,15070,3692,4102,7275,12851,13068,14119,19513,9963,11455,7106,8846,20257,8699,14285,12116,17736,2246,150,18180,1,34:10
2024-25,1628401,Derrick White,Derrick,1610612738,BOS,Boston Celtics,0022400345,2024-12-07T00:00:00,BOS vs. MEM,L,37.88333333333333,2.9,8.6,0.333,1.9,6.7,0.286,1.9,1.9,1.0,1.0,4.8,5.7,2.9,2.9,2.9,1.9,0.0,0.0,3.8,9.5,-10.5,32.0,0,0,29.5,1,13222,1,13222,1453,19770,19420,17395,10636,9213,11433,10946,12973,1,13646,11568,13015,13442,7025,3549,3763,8846,20257,6849,18632,18085,13304,2246,150,14358,1,37:53
2024-25,1641733,Nick Smith Jr.,Nick,1610612766,CHA,Charlotte Hornets,0022400340,2024-12-07T00:00:00,CHA vs. CLE,L,14.783333333333333,4.9,14.6,0.333,0.0,7.3,0.0,0.0,0.0,0.0,0.0,0.0,0.0,0.0,0.0,2.4,2.4,0.0,12.2,0.0,9.7,-12.2,24.4,0,0,19.5,1,13222,1,13222,19717,14742,9183,17395,15070,7809,15070,13505,14344,13505,14058,22137,23286,19908,16469,4573,2494,8846,408,17725,18405,18803,18713,2246,150,21161,1,14:47
2024-25,1642281,Jaylon Tyson,Jaylon,1610612739,CLE,Cleveland Cavaliers,0022400340,2024-12-07T00:00:00,CLE @ CHA,W,4.866666666666666,0.0,7.4,0.0,0.0,7.4,0.0,0.0,0.0,0.0,0.0,0.0,0.0,0.0,0.0,0.0,0.0,0.0,7.4,0.0,0.0,-66.6,0.0,0,0,0.0,1,1,13086,1,24032,22635,21073,22635,15070,7618,15070,13505,14344,13505,14058,22137,23286,19908,16469,12854,8263,8846,1710,17725,23200,25828,25228,2246,150,25259,1,4:52
2024-25,1630529,Herbert Jones,Herbert,1610612740,NOP,New Orleans Pelicans,0022400342,2024-12-07T00:00:00,NOP vs. OKC,L,37.11666666666667,7.8,9.7,0.8,1.9,3.9,0.5,5.8,6.8,0.857,1.0,2.9,3.9,3.9,4.8,0.0,1.0,0.0,4.8,4.8,23.3,-4.8,31.8,0,0,34.9,1,13222,1,13222,1911,7149,17579,1688,10456,15849,3944,3067,3575,7071,13495,17046,17625,10286,2525,12854,7688,8846,4952,4396,5311,15501,13470,2246,150,10158,1,37:07
2024-25,1630198,Isaiah Joe,Isaiah,1610612760,OKC,Oklahoma City Thunder,0022400342,2024-12-07T00:00:00,OKC @ NOP,W,13.633333333333333,0.0,5.3,0.0,0.0,5.3,0.0,0.0,0.0,0.0,0.0,7.9,7.9,2.6,0.0,0.0,0.0,0.0,5.3,0.0,0.0,-7.9,13.5,0,0,10.6,1,1,13086,1,20399,22635,23274,22635,15070,12514,15070,13505,14344,13505,14058,4822,8423,14080,16469,12854,8263,8846,4056,17725,23200,16942,23644,2246,150,24319,1,13:38
2024-25,203939,Dwight Powell,Dwight,1610612742,DAL,Dallas Mavericks,0022400344,2024-12-07T00:00:00,DAL @ TOR,W,3.466666666666667,0.0,0.0,0.0,0.0,0.0,0.0,0.0,0.0,0.0,10.4,0.0,10.4,0.0,0.0,0.0,0.0,0.0,10.4,0.0,0.0,41.5,12.5,0,0,10.4,1,1,13086,1,24728,22635,24836,22635,15070,20945,15070,13505,14344,13505,358,22137,5018,19908,16469,12854,8263,8846,629,17725,23200,871,23908,2246,150,24355,1,3:28
2024-25,1630534,Ochai Agbaji,Ochai,1610612761,TOR,Toronto Raptors,0022400344,2024-12-07T00:00:00,TOR vs. DAL,L,20.13,3.6,10.7,0.333,0.0,5.4,0.0,0.0,0.0,0.0,0.0,3.6,3.6,0.0,1.8,0.0,0.0,0.0,5.4,0.0,7.2,-10.7,9.7,0,0,10.7,1,13222,1,13222,15928,18136,15837,17395,15070,12298,15070,13505,14344,13505,14058,14999,18378,19908,11603,12854,8263,8846,3902,17725,20595,18195,24472,2246,150,24286,1,20:08
2024-25,1629750,Javonte Green,Javonte,1610612740,NOP,New Orleans Pelicans,0022400342,2024-12-07T00:00:00,NOP vs. OKC,L,9.138333333333334,3.9,3.9,1.0,0.0,0.0,0.0,0.0,0.0,0.0,0.0,3.9,3.9,0.0,3.9,0.0,0.0,0.0,3.9,3.9,7.9,-43.3,8.7,0,0,11.8,1,13222,1,13222,22405,17232,24117,1,15070,20945,15070,13505,14344,13505,14058,13913,17472,19908,3997,12854,8263,8846,7318,6465,20018,25083,24618,2246,150,24025,1,9:08
2024-25,1630590,Scotty Pippen Jr.,Scotty,1610612763,MEM,Memphis Grizzlies,0022400345,2024-12-07T00:00:00,MEM @ BOS,W,16.733333333333334,2.2,4.3,0.5,0.0,2.2,0.0,0.0,4.3,0.0,0.0,4.3,4.3,4.3,2.2,0.0,0.0,0.0,4.3,2.2,4.3,4.3,13.8,0,0,12.9,1,1,13086,1,18432,21140,23922,8526,15070,19264,15070,13505,7202,13505,14058,12793,16522,9116,9718,12854,8263,8846,6276,12388,22407,10480,23558,2246,150,23740,1,16:44
2024-25,1626179,Terry Rozier,Terry,1610612748,MIA,Miami Heat,0022400346,2024-12-07T00:00:00,MIA vs. PHX,W,16.3,0.0,6.6,0.0,0.0,0.0,0.0,0.0,0.0,0.0,2.2,0.0,2.2,4.4,0.0,0.0,2.2,0.0,0.0,0.0,0.0,-13.3,15.9,0,0,11.0,1,1,13086,1,18725,22635,21978,22635,15070,20945,15070,13505,14344,13505,7558,22137,21397,8837,16469,12854,2928,8846,20257,17725,23200,19206,22894,2246,150,24211,1,16:18
2024-25,203501,Tim Hardaway Jr.,Tim,1610612765,DET,Detroit Pistons,0022400343,2024-12-07T00:00:00,DET @ NYK,W,30.633333333333333,4.7,10.6,0.444,1.2,5.9,0.2,2.4,2.4,1.0,0.0,3.5,3.5,0.0,1.2,1.2,0.0,0.0,2.4,1.2,12.9,0.0,19.5,0,0,20.0,1,1,13086,1,7181,15239,16099,13045,13507,11006,13429,9448,11624,1,14058,15159,18498,19908,14622,10391,8263,8846,13435,16529,15169,12240,21402,2246,150,20876,1,30:38
2024-25,1628983,Shai Gilgeous-Alexander,Shai,1610612760,OKC,Oklahoma City Thunder,0022400342,2024-12-07T00:00:00,OKC @ NOP,W,34.46666666666667,10.4,18.8,0.556,1.0,3.1,0.333,10.4,12.5,0.833,0.0,2.1,2.1,4.2,4.2,0.0,0.0,2.1,5.2,7.3,32.4,-2.1,37.0,0,0,39.7,1,1,13086,1,3877,2763,3927,7248,14283,17394,9209,573,664,7275,14058,19391,21635,9444,3540,12854,8263,2954,4156,1441,1444,14096,9712,2246,150,6952,1,34:28
2024-25,1629618,Jalen Pickett,Jalen,1610612743,DEN,Denver Nuggets,0022400341,2024-12-07T00:00:00,DEN @ WAS,L,15.748333333333333,0.0,2.3,0.0,0.0,2.3,0.0,0.0,0.0,0.0,2.3,4.6,6.9,4.6,0.0,0.0,0.0,0.0,4.6,0.0,0.0,0.0,15.1,0,0,11.4,1,13222,1,13222,19106,22635,24696,22635,15070,19014,15070,13505,14344,13505,7291,12069,10413,8474,16469,12854,8263,8846,5618,17725,23200,12240,23151,2246,150,24126,1,15:45
2024-25,1642419,Jamison Battle,Jamison,1610612761,TOR,Toronto Raptors,0022400344,2024-12-07T00:00:00,TOR vs. DAL,L,4.265,0.0,0.0,0.0,0.0,0.0,0.0,0.0,0.0,0.0,0.0,0.0,0.0,0.0,0.0,0.0,0.0,0.0,8.4,0.0,0.0,-16.9,0.0,0,0,0.0,1,13222,1,13222,24354,22635,24836,22635,15070,20945,15070,13505,14344,13505,14058,22137,23286,19908,16469,12854,8263,8846,1160,17725,23200,20576,25228,2246,150,25259,1,4:16
2024-25,202710,Jimmy Butler III,Jimmy,1610612748,MIA,Miami Heat,0022400346,2024-12-07T00:00:00,MIA vs. PHX,W,34.46666666666667,9.4,12.5,0.75,1.0,1.0,1.0,5.2,5.2,1.0,2.1,5.2,7.3,4.2,1.0,0.0,1.0,0.0,1.0,4.2,25.1,11.5,42.2,0,0,39.7,1,1,13086,1,3877,4025,12677,2107,14283,20815,1,3742,5566,1,7994,10228,9551,9444,15524,12854,7167,8846,19448,5883,4181,7013,6528,2246,150,6952,1,34:28
2024-25,1628384,OG Anunoby,OG,1610612752,NYK,New York Knicks,0022400343,2024-12-07T00:00:00,NYK vs. DET,L,38.95,5.5,13.9,0.4,1.8,7.4,0.25,2.8,3.7,0.75,0.9,2.8,3.7,1.8,2.8,3.7,1.8,0.0,3.7,2.8,15.7,-9.2,36.8,0,0,34.2,1,13222,1,13222,899,12868,10407,14933,10884,7634,11902,8406,8486,8186,13809,17498,18080,16936,7315,1968,3933,8846,8092,10067,12211,17545,9848,2246,150,10700,1,38:57
2024-25,1629652,Luguentz Dort,Luguentz,1610612760,OKC,Oklahoma City Thunder,0022400342,2024-12-07T00:00:00,OKC @ NOP,W,31.333333333333332,5.7,11.5,0.5,4.6,8.0,0.571,0.0,0.0,0.0,2.3,3.4,5.7,1.1,0.0,2.3,1.1,1.1,4.6,2.3,16.1,3.4,35.0,0,0,34.5,1,1,13086,1,6570,12278,14490,8526,2899,6380,3506,13505,14344,13505,7250,15381,12915,19192,16469,5046,6495,6643,5548,11750,11839,10914,11029,2246,150,10475,1,31:20
2024-25,1628420,Monté Morris,Monté,1610612756,PHX,Phoenix Suns,0022400346,2024-12-07T00:00:00,PHX @ MIA,L,18.716666666666665,7.7,11.5,0.667,3.8,7.7,0.5,3.8,3.8,1.0,0.0,7.7,7.7,5.8,1.9,0.0,0.0,0.0,5.8,1.9,23.1,17.3,39.0,0,0,40.4,1,13222,1,13222,17025,7285,14407,3281,4324,7015,3944,5985,8141,1,14058,5176,8813,5909,10933,12854,8263,8846,3276,13431,5428,4805,8370,2246,150,6551,1,18:43
2024-25,1629731,Dean Wade,Dean,1610612739,CLE,Cleveland Cavaliers,0022400340,2024-12-07T00:00:00,CLE @ CHA,W,23.85,3.0,12.1,0.25,3.0,9.1,0.333,1.5,3.0,0.5,3.0,3.0,6.0,4.5,0.0,4.5,0.0,3.0,1.5,1.5,10.6,1.5,38.2,0,0,33.2,1,1,13086,1,13031,19379,13464,20233,6434,4728,9209,11776,9928,10625,5294,16653,12193,8574,16469,1208,8263,1314,17175,14966,17600,11863,8899,2246,150,11492,1,23:51
2024-25,1631222,Jake LaRavia,Jake,1610612763,MEM,Memphis Grizzlies,0022400345,2024-12-07T00:00:00,MEM @ BOS,W,23.55,3.1,7.6,0.4,1.5,3.1,0.5,0.0,0.0,0.0,1.5,4.6,6.1,0.0,1.5,3.1,1.5,0.0,3.1,0.0,7.6,18.3,27.2,0,0,24.5,1,1,13086,1,13273,19300,20724,14933,11928,17539,3944,13505,14344,13505,10196,12021,12015,19908,12617,3038,4748,8846,10449,17725,20203,4449,16817,2246,150,18032,1,23:33
2024-25,1630583,Santi Aldama,Santi,1610612763,MEM,Memphis Grizzlies,0022400345,2024-12-07T00:00:00,MEM @ BOS,W,16.691666666666666,4.3,10.8,0.4,2.2,4.3,0.5,8.6,8.6,1.0,2.2,10.8,12.9,2.2,0.0,0.0,0.0,0.0,2.2,4.3,19.4,-10.8,38.2,0,0,36.7,1,1,13086,1,18474,16284,15725,14933,9411,14879,3944,1132,2106,1,7731,2028,2842,15785,16469,12854,8263,8846,14320,5550,8460,18225,8907,2246,150,8938,1,16:42
2024-25,1628386,Jarrett Allen,Jarrett,1610612739,CLE,Cleveland Cavaliers,0022400340,2024-12-07T00:00:00,CLE @ CHA,W,32.983333333333334,4.4,8.7,0.5,0.0,0.0,0.0,3.3,4.4,0.75,3.3,7.6,10.9,3.3,0.0,0.0,1.1,1.1,0.0,5.5,12.0,15.3,33.3,1,0,28.4,1,1,13086,1,5158,16161,19133,8526,15070,20945,15070,7154,7083,8186,4796,5256,4490,12067,16469,12854,6854,7129,20257,3403,16131,5510,12360,1,150,15161,1,32:59
2024-25,1641731,Bilal Coulibaly,Bilal,1610612764,WAS,Washington Wizards,0022400341,2024-12-07T00:00:00,WAS vs. DEN,W,40.333333333333336,1.8,8.0,0.222,0.0,2.7,0.0,1.8,1.8,1.0,3.6,1.8,5.4,4.5,0.0,3.6,2.7,2.7,0.9,1.8,5.4,7.1,37.2,0,0,27.7,1,1,13086,1,489,21778,20203,21205,15070,18299,15070,11266,13206,1,4268,20284,13906,8742,16469,2138,2109,1777,20166,13982,21822,9073,9519,2246,150,15663,1,40:20
2024-25,1630527,Brandon Boston,Brandon,1610612740,NOP,New Orleans Pelicans,0022400342,2024-12-07T00:00:00,NOP vs. OKC,L,21.516666666666666,8.4,16.7,0.5,1.7,6.7,0.25,0.0,0.0,0.0,0.0,3.3,3.3,1.7,1.7,1.7,0.0,0.0,6.7,0.0,18.4,-10.0,28.3,0,0,28.4,1,13222,1,13222,14925,5864,6144,8526,11472,9114,11902,13505,14344,13505,14058,15647,18874,17435,12027,7707,8263,8846,2224,17725,9413,17905,16018,2246,150,15117,1,21:31
2024-25,1631323,Simone Fontecchio,Simone,1610612765,DET,Detroit Pistons,0022400343,2024-12-07T00:00:00,DET @ NYK,W,18.95,3.8,7.6,0.5,3.8,5.7,0.667,0.0,0.0,0.0,0.0,3.8,3.8,5.7,0.0,0.0,0.0,0.0,1.9,0.0,11.4,17.1,24.5,0,0,24.7,1,1,13086,1,16868,17566,20794,8526,4435,11446,1957,13505,14344,13505,14058,14319,17818,6042,16469,12854,8263,8846,15669,17725,16793,4868,18607,2246,150,17891,1,18:57
2024-25,1641726,Dereck Lively II,Dereck,1610612742,DAL,Dallas Mavericks,0022400344,2024-12-07T00:00:00,DAL @ TOR,W,27.383333333333333,1.3,3.9,0.333,0.0,0.0,0.0,6.6,7.9,0.833,3.9,3.9,7.9,2.6,1.3,0.0,2.6,0.0,2.6,3.9,9.2,3.9,29.2,0,0,25.0,1,1,13086,1,10029,22390,24110,17395,15070,20945,15070,2346,2597,7275,3662,13895,8483,14118,13740,12854,2179,8846,12327,6457,18902,10681,15368,2246,150,17702,1,27:23
2024-25,1626220,Royce O'Neale,Royce,1610612756,PHX,Phoenix Suns,0022400346,2024-12-07T00:00:00,PHX @ MIA,L,31.3,9.2,17.3,0.533,5.8,9.2,0.625,2.3,2.3,1.0,3.5,5.8,9.2,3.5,2.3,1.2,0.0,1.2,2.3,2.3,26.5,-12.7,43.8,0,0,47.2,1,13222,1,13222,6607,4352,5509,8140,1525,4526,2868,9615,11772,1,4452,8917,6446,11550,9066,10575,8263,6629,13643,11737,3451,18998,5756,2246,150,3414,1,31:18
2024-25,1628960,Grayson Allen,Grayson,1610612756,PHX,Phoenix Suns,0022400346,2024-12-07T00:00:00,PHX @ MIA,L,30.25,6.0,11.9,0.5,6.0,10.7,0.556,1.2,2.4,0.5,1.2,1.2,2.4,4.8,1.2,2.4,0.0,1.2,1.2,2.4,19.0,9.5,35.0,0,0,36.9,1,13222,1,13222,7548,11661,13764,8526,1344,2759,3747,12626,11540,10625,11865,21536,21048,8020,14514,4763,8263,6334,18586,11428,8813,7933,11061,2246,150,8790,1,30:15
2024-25,203078,Bradley Beal,Bradley,1610612756,PHX,Phoenix Suns,0022400346,2024-12-07T00:00:00,PHX @ MIA,L,34.31666666666667,5.2,18.9,0.278,0.0,6.3,0.0,5.2,6.3,0.833,3.1,2.1,5.2,4.2,2.1,0.0,0.0,1.0,4.2,4.2,15.7,-25.2,26.2,0,0,25.2,1,13222,1,13222,3991,13683,3863,20025,15070,9992,15070,3714,4136,7275,5045,19367,14172,9399,10007,12854,8263,7500,6569,5856,12189,22846,17463,2246,150,17535,1,34:19
2024-25,1628969,Mikal Bridges,Mikal,1610612752,NYK,New York Knicks,0022400343,2024-12-07T00:00:00,NYK vs. DET,L,37.81666666666667,7.6,16.2,0.471,2.9,8.6,0.333,1.0,1.9,0.5,1.0,1.9,2.9,2.9,1.0,1.9,1.0,0.0,0.0,1.0,19.0,1.0,34.4,0,0,33.3,1,13222,1,13222,1496,7468,6856,12143,7032,5471,9209,13366,12967,10625,13631,19962,20103,13426,16134,6744,7814,8846,20257,17541,8815,12188,11543,2246,150,11388,1,37:49
2024-25,1642349,Ajay Mitchell,Ajay,1610612760,OKC,Oklahoma City Thunder,0022400342,2024-12-07T00:00:00,OKC @ NOP,W,18.733333333333334,7.7,15.4,0.5,0.0,1.9,0.0,3.8,3.8,1.0,0.0,5.8,5.8,7.7,1.9,0.0,1.9,1.9,1.9,5.8,19.2,21.1,41.5,0,0,36.5,1,1,13086,1,17015,7297,7998,8526,15070,19700,15070,5990,8148,1,14058,8872,12856,3197,10937,12854,3702,3473,15563,2947,8635,3665,6880,2246,150,9037,1,18:44
2024-25,202681,Kyrie Irving,Kyrie,1610612742,DAL,Dallas Mavericks,0022400344,2024-12-07T00:00:00,DAL @ TOR,W,39.05,8.3,12.9,0.643,5.5,8.3,0.667,4.6,4.6,1.0,0.0,5.5,5.5,3.7,2.8,1.8,0.9,0.9,1.8,3.7,26.7,5.5,44.4,0,0,47.0,1,1,13086,1,864,5986,12029,4607,1709,5919,1957,4664,6642,1,14058,9450,13462,10820,7332,7060,7994,8545,15971,7162,3331,9827,5447,2246,150,3470,1,39:03
2024-25,1641706,Brandon Miller,Brandon,1610612766,CHA,Charlotte Hornets,0022400340,2024-12-07T00:00:00,CHA vs. CLE,L,34.31666666666667,7.3,22.0,0.333,3.1,13.6,0.231,8.4,8.4,1.0,1.0,3.1,4.2,1.0,2.1,0.0,1.0,0.0,5.2,5.2,26.2,-26.2,33.9,0,0,36.7,1,13222,1,13222,3991,8138,1815,17395,6104,1044,13279,1232,2262,1,12883,16276,16822,19529,10007,12854,7144,8846,4116,3709,3576,23074,11901,2246,150,8905,1,34:19
2024-25,1627936,Alex Caruso,Alex,1610612760,OKC,Oklahoma City Thunder,0022400342,2024-12-07T00:00:00,OKC @ NOP,W,24.116666666666667,9.0,10.4,0.857,3.0,4.5,0.667,0.0,0.0,0.0,0.0,3.0,3.0,4.5,3.0,3.0,0.0,0.0,1.5,1.5,20.9,7.5,37.2,0,0,37.3,1,1,13086,1,12787,4797,16306,1412,6572,14499,1957,13505,14344,13505,14058,16785,19780,8709,6548,3193,8263,8846,17250,15031,7165,8900,9566,2246,150,8493,1,24:07
2024-25,1630182,Josh Green,Josh,1610612766,CHA,Charlotte Hornets,0022400340,2024-12-07T00:00:00,CHA vs. CLE,L,38.93,5.5,12.0,0.462,2.8,6.5,0.429,0.9,1.8,0.5,0.9,0.9,1.8,2.8,0.0,1.8,0.9,0.0,2.8,1.8,14.8,-5.5,29.5,0,0,27.7,1,13222,1,13222,907,12855,13551,12428,7311,9602,7394,13423,13110,10625,13807,22086,22082,13675,16469,7035,7985,8846,11757,13735,13115,15850,15150,2246,150,15615,1,38:56
2024-25,1629610,DaQuan Jeffries,DaQuan,1610612766,CHA,Charlotte Hornets,0022400340,2024-12-07T00:00:00,CHA vs. CLE,L,25.233333333333334,10.0,15.7,0.636,4.3,7.1,0.6,0.0,0.0,0.0,1.4,7.1,8.6,1.4,1.4,0.0,0.0,0.0,2.9,1.4,24.3,-11.4,35.2,0,0,38.5,1,13222,1,13222,11804,3237,7555,4689,3427,8181,2992,13505,14344,13505,10642,6116,7377,18243,13127,12854,8263,8846,11392,15338,4639,18492,10909,2246,150,7695,1,25:14
2024-25,1630530,Trey Murphy III,Trey,1610612740,NOP,New Orleans Pelicans,0022400342,2024-12-07T00:00:00,NOP vs. OKC,L,33.61666666666667,5.4,9.6,0.556,3.2,6.4,0.5,3.2,3.2,1.0,1.1,2.1,3.2,2.1,2.1,5.4,1.1,0.0,4.3,3.2,17.1,-2.1,41.3,0,0,38.6,1,13222,1,13222,4618,13386,17695,7248,5921,9701,3944,7298,9493,1,12707,19235,19197,15854,9770,713,6978,8846,6331,8516,10698,14121,6971,2246,150,7674,1,33:37
2024-25,1630202,Payton Pritchard,Payton,1610612738,BOS,Boston Celtics,0022400345,2024-12-07T00:00:00,BOS vs. MEM,L,29.983333333333334,8.4,14.4,0.583,7.2,13.2,0.545,2.4,4.8,0.5,2.4,4.8,7.2,2.4,1.2,1.2,0.0,0.0,1.2,2.4,26.4,9.6,41.1,0,0,45.6,1,13222,1,13222,7797,5787,9509,6296,701,1202,3863,9334,6298,10625,6915,11427,9732,14875,14438,10167,8263,8846,18533,11344,3474,7886,7142,2246,150,3966,1,29:59
2024-25,1628392,Isaiah Hartenstein,Isaiah,1610612760,OKC,Oklahoma City Thunder,0022400342,2024-12-07T00:00:00,OKC @ NOP,W,29.133333333333333,6.2,9.9,0.625,0.0,0.0,0.0,2.5,2.5,1.0,7.4,7.4,14.8,6.2,3.7,1.2,0.0,1.2,4.9,2.5,14.8,17.3,41.9,1,0,38.3,1,1,13086,1,8558,11024,17271,4899,15070,20945,15070,9134,11283,1,991,5661,1856,5198,4544,9903,8263,6018,4742,11095,13086,4809,6678,1,150,7821,1,29:08
2024-25,1629008,Michael Porter Jr.,Michael,1610612743,DEN,Denver Nuggets,0022400341,2024-12-07T00:00:00,DEN @ WAS,L,36.40833333333333,4.9,13.8,0.357,0.0,4.9,0.0,1.0,2.0,0.5,1.0,4.0,4.9,5.9,2.0,1.0,1.0,2.0,2.0,2.0,10.9,-9.9,29.7,0,0,25.7,1,13222,1,13222,2410,14568,10434,17140,15070,13332,15070,13267,12782,10625,13342,13858,14941,5620,10628,12046,7546,3293,15268,13174,17289,17843,15043,2246,150,17136,1,36:25
2024-25,1631212,Peyton Watson,Peyton,1610612743,DEN,Denver Nuggets,0022400341,2024-12-07T00:00:00,DEN @ WAS,L,25.751666666666665,2.8,7.0,0.4,0.0,1.4,0.0,0.0,0.0,0.0,0.0,2.8,2.8,2.8,1.4,1.4,1.4,1.4,4.2,0.0,5.6,-23.8,20.1,0,0,16.8,1,13222,1,13222,11364,19885,21575,14933,15070,20383,15070,13505,14344,13505,14058,17409,20263,13597,13295,8916,5241,5186,6575,17725,21669,22515,21093,2246,150,22395,1,25:45
2024-25,1631124,Julian Strawther,Julian,1610612743,DEN,Denver Nuggets,0022400341,2024-12-07T00:00:00,DEN @ WAS,L,32.79,7.7,14.3,0.538,2.2,5.5,0.4,2.2,2.2,1.0,1.1,2.2,3.3,2.2,1.1,3.3,2.2,2.2,3.3,3.3,19.8,4.4,42.4,0,0,38.4,1,13222,1,13222,5339,7306,9739,7978,9255,11973,7874,9963,12103,1,12484,19077,19006,15642,15141,2573,2957,2653,9479,8270,8107,10435,6441,2246,150,7754,1,32:47
2024-25,202699,Tobias Harris,Tobias,1610612765,DET,Detroit Pistons,0022400343,2024-12-07T00:00:00,DET @ NYK,W,33.53333333333333,4.3,8.6,0.5,1.1,4.3,0.25,4.3,4.3,1.0,1.1,8.6,9.7,1.1,2.1,0.0,0.0,0.0,1.1,2.1,14.0,5.4,25.0,0,0,25.8,1,1,13086,1,4698,16332,19369,8526,14107,14924,11902,5161,7221,1,12689,3953,5854,19435,9738,12854,8263,8846,19251,12412,13982,9910,18277,2246,150,17093,1,33:32
2024-25,1628369,Jayson Tatum,Jayson,1610612738,BOS,Boston Celtics,0022400345,2024-12-07T00:00:00,BOS vs. MEM,L,37.733333333333334,5.7,20.0,0.286,1.0,9.5,0.1,3.8,4.8,0.8,1.0,11.4,12.4,8.6,1.0,0.0,0.0,1.9,1.9,3.8,16.2,-2.9,43.0,1,0,38.2,1,13222,1,13222,1546,12342,2949,19630,14773,4049,15047,6045,6355,7681,13613,1669,3191,2353,16123,12854,8263,3516,15627,6802,11707,14492,6129,1,150,7920,1,37:44
2024-25,1642274,Yves Missi,Yves,1610612740,NOP,New Orleans Pelicans,0022400342,2024-12-07T00:00:00,NOP vs. OKC,L,29.05,3.7,7.4,0.5,0.0,0.0,0.0,2.5,2.5,1.0,1.2,7.4,8.7,0.0,0.0,1.2,2.5,1.2,0.0,1.2,9.9,-18.6,31.5,0,0,26.0,1,13222,1,13222,8631,17784,21020,8526,15070,20945,15070,9109,11257,1,11541,5608,7196,19908,16469,9871,2415,6004,20257,16184,18247,21094,13687,2246,150,16909,1,29:03
2024-25,1642266,Ja'Kobe Walter,Ja'Kobe,1610612761,TOR,Toronto Raptors,0022400344,2024-12-07T00:00:00,TOR vs. DAL,L,20.736666666666668,6.9,17.4,0.4,0.0,6.9,0.0,0.0,0.0,0.0,0.0,0.0,0.0,5.2,1.7,3.5,0.0,1.7,5.2,0.0,13.9,10.4,30.4,0,0,26.0,1,13222,1,13222,15465,9065,5393,14933,15070,8587,15070,13505,14344,13505,14058,22137,23286,7018,11795,2280,8263,4063,4178,17725,14061,7504,14513,2246,150,16900,1,20:44
2024-25,1628963,Marvin Bagley III,Marvin,1610612764,WAS,Washington Wizards,0022400341,2024-12-07T00:00:00,WAS vs. DEN,W,15.858333333333333,0.0,2.3,0.0,0.0,0.0,0.0,0.0,4.5,0.0,2.3,2.3,4.5,2.3,0.0,2.3,2.3,0.0,9.1,4.5,0.0,18.2,22.5,0,0,15.9,1,1,13086,1,19026,22635,24702,22635,15070,20945,15070,13505,6764,13505,7349,18857,15948,15352,16469,5148,2800,8846,940,5056,23200,4499,19894,2246,150,22753,1,15:52
2024-25,1630241,Sam Merrill,Sam,1610612739,CLE,Cleveland Cavaliers,0022400340,2024-12-07T00:00:00,CLE @ CHA,W,20.233333333333334,3.6,10.7,0.333,0.0,5.3,0.0,3.6,3.6,1.0,1.8,0.0,1.8,0.0,0.0,1.8,0.0,0.0,5.3,3.6,10.7,-3.6,18.1,0,0,16.0,1,1,13086,1,15838,18178,15934,17395,15070,12358,15070,6585,8771,1,9322,22137,22192,19908,16469,7337,8263,8846,3948,7509,17504,14822,22032,2246,150,22699,1,20:14
2024-25,1629630,Ja Morant,Ja,1610612763,MEM,Memphis Grizzlies,0022400345,2024-12-07T00:00:00,MEM @ BOS,W,34.06666666666667,11.6,21.1,0.55,4.2,6.3,0.667,6.3,7.4,0.857,1.1,8.5,9.5,9.5,3.2,2.1,0.0,3.2,3.2,5.3,33.8,2.1,62.7,0,0,61.3,1,1,13086,1,4190,1790,2254,7655,3515,9886,1957,2546,3001,7071,12818,4108,6046,1698,5907,5725,8263,1177,9998,3657,1164,11561,903,2246,150,709,1,34:04
2024-25,201950,Jrue Holiday,Jrue,1610612738,BOS,Boston Celtics,0022400345,2024-12-07T00:00:00,BOS vs. MEM,L,30.083333333333332,9.6,31.1,0.308,4.8,20.3,0.235,3.6,4.8,0.75,3.6,1.2,4.8,3.6,0.0,0.0,1.2,1.2,1.2,3.6,27.5,-14.4,42.2,0,0,43.1,1,13222,1,13222,7702,3770,230,19226,2582,220,13275,6507,6329,8186,4226,21518,15332,11112,16469,12854,6195,6284,18553,7418,2970,19636,6506,2246,150,5103,1,30:05
2024-25,203482,Kelly Olynyk,Kelly,1610612761,TOR,Toronto Raptors,0022400344,2024-12-07T00:00:00,TOR vs. DAL,L,14.466666666666667,7.5,7.5,1.0,7.5,7.5,1.0,10.0,10.0,1.0,2.5,7.5,10.0,2.5,2.5,5.0,0.0,0.0,0.0,7.5,32.4,2.5,60.5,0,0,62.2,1,13222,1,13222,19896,7855,20982,1,605,7475,1,710,1390,1,6644,5562,5490,14581,8297,915,8263,8846,20257,1344,1449,11377,1136,2246,150,631,1,14:28
2024-25,202685,Jonas Valančiūnas,Jonas,1610612764,WAS,Washington Wizards,0022400341,2024-12-07T00:00:00,WAS vs. DEN,W,31.795,9.1,17.0,0.533,0.0,1.1,0.0,4.5,4.5,1.0,3.4,10.2,13.6,5.7,5.7,0.0,5.7,0.0,3.4,3.4,22.6,-1.1,58.8,1,0,53.2,1,1,13086,1,6169,4595,5826,8140,15070,20707,15070,4781,6777,1,4547,2432,2438,6126,1673,12854,370,8846,9089,7958,5742,13636,1369,1,150,1757,1,31:48
2024-25,1631114,Jalen Williams,Jalen,1610612760,OKC,Oklahoma City Thunder,0022400342,2024-12-07T00:00:00,OKC @ NOP,W,34.766666666666666,10.4,19.7,0.526,4.1,9.3,0.444,3.1,5.2,0.6,1.0,5.2,6.2,5.2,4.1,4.1,0.0,1.0,3.1,4.1,28.0,18.6,51.5,0,0,51.8,1,1,13086,1,3641,2865,3207,8379,3686,4356,7211,7524,5637,10343,12978,10339,11796,7074,3587,1504,8263,7615,10253,5959,2805,4365,2845,2246,150,2086,1,34:46
2024-25,1629673,Jordan Poole,Jordan,1610612764,WAS,Washington Wizards,0022400341,2024-12-07T00:00:00,WAS vs. DEN,W,40.208333333333336,10.7,23.3,0.462,8.1,17.9,0.45,5.4,6.3,0.857,0.0,4.5,4.5,7.2,5.4,0.0,0.0,1.8,1.8,6.3,34.9,7.2,45.7,0,0,54.6,1,1,13086,1,512,2469,1285,12428,449,351,7210,3560,4163,7071,14058,12320,16103,3813,1933,12854,8263,3928,16231,2315,973,9061,4873,2246,150,1526,1,40:13
2024-25,1630595,Cade Cunningham,Cade,1610612765,DET,Detroit Pistons,0022400343,2024-12-07T00:00:00,DET @ NYK,W,35.47666666666667,9.1,17.3,0.529,5.1,8.1,0.625,6.1,7.1,0.857,2.0,8.1,10.1,15.2,3.0,1.0,0.0,0.0,4.1,4.1,29.4,16.2,64.4,1,1,61.9,1,1,13086,1,3099,4482,5515,8281,2187,6254,2868,2786,3266,7071,8264,4537,5278,276,6299,11812,8263,8846,6976,6147,2287,5170,745,1,1,648,1,35:29
2024-25,1641711,Gradey Dick,Gradey,1610612761,TOR,Toronto Raptors,0022400344,2024-12-07T00:00:00,TOR vs. DAL,L,34.21666666666667,8.4,22.1,0.381,5.3,14.7,0.357,6.3,6.3,1.0,1.1,3.2,4.2,1.1,1.1,1.1,0.0,0.0,1.1,3.2,28.4,-12.6,37.1,0,0,41.0,1,13222,1,13222,4083,5767,1778,16250,1981,756,9188,2576,4112,1,12860,16237,16778,19517,15470,11468,8263,8846,19391,8708,2630,18989,9593,2246,150,6178,1,34:13
2024-25,1631109,Mark Williams,Mark,1610612766,CHA,Charlotte Hornets,0022400340,2024-12-07T00:00:00,CHA vs. CLE,L,10.6,17.0,17.0,1.0,0.0,0.0,0.0,6.8,10.2,0.667,10.2,6.8,17.0,6.8,3.4,0.0,0.0,0.0,3.4,10.2,40.8,-13.6,67.9,0,0,64.5,1,13222,1,13222,21875,282,5827,1,15070,20945,15070,2164,1296,9425,378,6716,1133,4294,5236,12854,8263,8846,9090,380,407,19332,525,2246,150,498,1,10:36
2024-25,1629634,Brandon Clarke,Brandon,1610612763,MEM,Memphis Grizzlies,0022400345,2024-12-07T00:00:00,MEM @ BOS,W,26.356666666666666,12.3,15.0,0.818,0.0,0.0,0.0,0.0,0.0,0.0,5.5,5.5,10.9,5.5,0.0,2.7,1.4,1.4,6.8,0.0,24.6,2.7,58.2,0,0,49.2,1,1,13086,1,10857,1357,8570,1653,15070,20945,15070,13505,14344,13505,1968,9634,4480,6505,16469,3846,5385,5331,2121,17725,4433,11249,1453,2246,150,2775,1,26:21
2024-25,1629628,RJ Barrett,RJ,1610612761,TOR,Toronto Raptors,0022400344,2024-12-07T00:00:00,TOR vs. DAL,L,27.373333333333335,10.5,21.0,0.5,2.6,6.6,0.4,0.0,0.0,0.0,0.0,5.3,5.3,6.6,1.3,1.3,0.0,1.3,6.6,1.3,23.7,-17.1,42.5,0,0,40.8,1,13222,1,13222,10044,2696,2315,8526,7742,9371,7874,13505,14344,13505,14058,10132,14136,4595,13739,9383,8263,5584,2343,15837,5001,20661,6382,2246,150,6346,1,27:22
2024-25,1631098,Johnny Davis,Johnny,1610612764,WAS,Washington Wizards,0022400341,2024-12-07T00:00:00,WAS vs. DEN,W,13.183333333333334,8.2,10.9,0.75,2.7,2.7,1.0,0.0,0.0,0.0,0.0,8.2,8.2,2.7,2.7,5.5,2.7,0.0,5.5,0.0,19.1,32.8,54.9,0,0,49.2,1,1,13086,1,20660,6221,15491,2107,7443,18200,1,13505,14344,13505,14058,4433,7944,13818,7434,652,2036,8846,3759,17725,8726,1651,2012,2246,150,2778,1,13:11
2024-25,1630643,Jay Huff,Jay,1610612763,MEM,Memphis Grizzlies,0022400345,2024-12-07T00:00:00,MEM @ BOS,W,18.258333333333333,3.9,5.9,0.667,3.9,5.9,0.667,7.9,7.9,1.0,2.0,15.8,17.7,3.9,2.0,0.0,2.0,0.0,7.9,3.9,19.7,11.8,50.9,0,0,49.3,1,1,13086,1,17403,17222,22698,3281,4109,10902,1957,1459,2598,1,8517,462,956,10095,10654,12854,3560,8846,1411,6460,8142,6869,3020,2246,150,2734,1,18:16
2024-25,201566,Russell Westbrook,Russell,1610612743,DEN,Denver Nuggets,0022400341,2024-12-07T00:00:00,DEN @ WAS,L,32.126666666666665,3.4,6.7,0.5,0.0,2.2,0.0,1.1,4.5,0.25,1.1,10.1,11.2,13.4,2.2,4.5,1.1,0.0,5.6,2.2,7.8,-10.1,56.0,1,0,43.7,1,13222,1,13222,5868,18617,21867,8526,15070,19097,15070,12857,6871,13358,12328,2514,4234,456,9346,1242,6665,8846,3544,11981,20046,17918,1801,1,150,4834,1,32:08
2024-25,1642278,Tyler Kolek,Tyler,1610612752,NYK,New York Knicks,0022400343,2024-12-07T00:00:00,NYK vs. DET,L,4.1,8.8,8.8,1.0,8.8,8.8,1.0,0.0,0.0,0.0,0.0,0.0,0.0,0.0,0.0,8.8,0.0,0.0,0.0,0.0,26.3,35.1,52.7,0,0,52.7,1,13222,1,13222,24435,5116,19054,1,322,5139,1,13505,14344,13505,14058,22137,23286,19908,16469,160,8263,8846,20257,17725,3507,1383,2534,2246,150,1874,1,4:06
2024-25,1627751,Jakob Poeltl,Jakob,1610612761,TOR,Toronto Raptors,0022400344,2024-12-07T00:00:00,TOR vs. DAL,L,33.53333333333333,7.5,11.8,0.636,0.0,0.0,0.0,6.4,6.4,1.0,2.1,5.4,7.5,7.5,3.2,2.1,0.0,2.1,5.4,5.4,21.5,-8.6,45.0,0,0,40.8,1,13222,1,13222,4698,7734,13921,4689,15070,20945,15070,2458,3948,1,7766,9860,9141,3380,5761,5611,8263,2772,3895,3523,6671,17224,5190,2246,150,6332,1,33:32
2024-25,1628973,Jalen Brunson,Jalen,1610612752,NYK,New York Knicks,0022400343,2024-12-07T00:00:00,NYK vs. DET,L,43.79333333333334,9.0,17.3,0.524,2.5,5.8,0.429,4.9,7.4,0.667,0.0,3.3,3.3,8.2,4.1,0.8,0.0,0.0,1.6,5.8,25.5,-8.2,40.1,1,0,41.1,1,13222,1,13222,99,4627,5494,8439,8264,11318,7394,4145,2996,9425,14058,15826,19018,2679,3654,12821,8263,8846,16734,2968,3948,17059,7682,1,150,6137,1,43:48
2024-25,202691,Klay Thompson,Klay,1610612742,DAL,Dallas Mavericks,0022400344,2024-12-07T00:00:00,DAL @ TOR,W,25.016666666666666,11.5,23.0,0.5,4.3,13.0,0.333,1.4,2.9,0.5,2.9,4.3,7.2,0.0,4.3,1.4,0.0,1.4,2.9,1.4,28.8,-5.8,37.4,0,0,43.2,1,1,13086,1,11990,1861,1377,8526,3355,1323,9209,11925,10287,10625,5645,12750,9758,19908,3282,8703,8263,5026,11285,15282,2503,15950,9397,2246,150,5061,1,25:01
2024-25,1629029,Luka Dončić,Luka,1610612742,DAL,Dallas Mavericks,0022400344,2024-12-07T00:00:00,DAL @ TOR,W,38.233333333333334,8.5,18.8,0.45,5.6,12.2,0.462,5.6,5.6,1.0,0.0,12.2,12.2,10.4,3.8,3.8,0.0,0.9,3.8,3.8,28.2,9.4,66.0,1,1,64.0,1,1,13086,1,1252,5662,3901,12982,1612,1654,7119,3254,4974,1,14058,1253,3314,1258,4401,1890,8263,8411,7854,6944,2690,7983,631,1,1,523,1,38:14
2024-25,1627736,Malik Beasley,Malik,1610612765,DET,Detroit Pistons,0022400343,2024-12-07T00:00:00,DET @ NYK,W,26.216666666666665,9.6,17.9,0.538,9.6,13.7,0.7,2.7,2.7,1.0,0.0,5.5,5.5,1.4,2.7,1.4,0.0,0.0,1.4,0.0,31.6,8.2,41.6,0,0,50.8,1,1,13086,1,10987,3706,4847,7978,241,1011,1937,8466,10616,1,14058,9553,13554,18422,7386,9049,8263,8846,17729,17725,1616,8514,6826,2246,150,2318,1,26:13
2024-25,1629006,Josh Okogie,Josh,1610612756,PHX,Phoenix Suns,0022400346,2024-12-07T00:00:00,PHX @ MIA,L,13.1,5.5,11.0,0.5,0.0,2.7,0.0,8.2,8.2,1.0,0.0,0.0,0.0,0.0,0.0,2.7,8.2,2.7,2.7,5.5,19.2,24.7,52.2,0,0,41.2,1,13222,1,13222,20693,12981,15363,8526,15070,18163,15070,1302,2355,1,14058,22137,23286,19908,16469,3806,131,1670,11846,3343,8611,2874,2661,2246,150,6063,1,13:06
2024-25,204001,Kristaps Porziņģis,Kristaps,1610612738,BOS,Boston Celtics,0022400345,2024-12-07T00:00:00,BOS vs. MEM,L,33.325,6.5,18.4,0.353,3.2,10.8,0.3,4.3,6.5,0.667,4.3,4.3,8.6,2.2,1.1,1.1,3.2,2.2,5.4,5.4,20.5,2.2,46.0,0,0,43.2,1,13222,1,13222,4883,10228,4319,17268,5847,2672,11319,5116,3903,9425,3136,12743,7241,15765,15275,11193,1436,2739,3849,3480,7468,11531,4740,2246,150,5036,1,33:20
2024-25,201567,Kevin Love,Kevin,1610612748,MIA,Miami Heat,0022400346,2024-12-07T00:00:00,MIA vs. PHX,W,13.783333333333333,7.8,26.1,0.3,5.2,15.7,0.333,7.8,10.4,0.75,2.6,7.8,10.4,5.2,2.6,0.0,0.0,2.6,0.0,5.2,28.7,-31.3,46.5,0,0,49.6,1,1,13086,1,20310,6994,627,19363,2026,570,9209,1488,1207,8186,6319,4961,4966,6992,7827,12854,8263,1860,20257,3737,2512,23939,4539,2246,150,2632,1,13:47
2024-25,203999,Nikola Jokić,Nikola,1610612743,DEN,Denver Nuggets,0022400341,2024-12-07T00:00:00,DEN @ WAS,L,38.65,20.5,36.3,0.564,2.8,5.6,0.5,8.4,12.1,0.692,6.5,8.4,14.9,7.5,4.7,0.9,0.0,4.7,4.7,10.2,52.2,-0.9,79.4,1,0,79.2,1,13222,1,13222,1035,131,116,7126,7227,11750,3944,1237,740,9414,1366,4177,1817,3458,2773,12498,8263,447,5392,374,137,13484,206,1,150,171,1,38:39
2024-25,1627749,Dejounte Murray,Dejounte,1610612740,NOP,New Orleans Pelicans,0022400342,2024-12-07T00:00:00,NOP vs. OKC,L,35.555,8.1,15.2,0.533,3.0,8.1,0.375,7.1,10.1,0.7,1.0,8.1,9.1,5.1,4.1,4.1,0.0,0.0,1.0,7.1,26.3,-12.2,53.0,0,0,51.6,1,13222,1,13222,3029,6412,8278,8140,6384,6283,8800,1953,1319,9366,13157,4563,6573,7329,3782,1585,8263,8846,19628,1591,3524,18796,2460,2246,150,2114,1,35:33
2024-25,1641765,Olivier-Maxence Prosper,Olivier-Maxence,1610612742,DAL,Dallas Mavericks,0022400344,2024-12-07T00:00:00,DAL @ TOR,W,10.366666666666667,3.5,6.9,0.5,3.5,6.9,0.5,6.9,13.9,0.5,10.4,10.4,20.8,6.9,0.0,3.5,3.5,0.0,3.5,6.9,17.4,6.9,73.6,0,0,62.5,1,1,13086,1,21976,18380,21624,8526,5210,8579,3944,2043,464,10625,355,2277,434,4070,16469,2274,1249,8846,8827,1696,10457,9164,318,2246,150,614,1,10:22
2024-25,1630596,Evan Mobley,Evan,1610612739,CLE,Cleveland Cavaliers,0022400340,2024-12-07T00:00:00,CLE @ CHA,W,34.266666666666666,16.8,24.2,0.696,6.3,8.4,0.75,3.2,4.2,0.75,3.2,7.4,10.5,2.1,3.2,1.1,3.2,1.1,4.2,4.2,43.1,20.0,68.3,1,0,70.4,1,1,13086,1,4042,292,1021,3165,1112,5728,1542,7434,7403,8186,5035,5746,4904,15993,5978,11487,1520,7484,6544,5832,310,3962,510,1,150,310,1,34:16
2024-25,1628991,Jaren Jackson Jr.,Jaren,1610612763,MEM,Memphis Grizzlies,0022400345,2024-12-07T00:00:00,MEM @ BOS,W,34.025,11.6,20.1,0.579,3.2,4.2,0.75,2.1,4.2,0.5,1.1,8.5,9.5,1.1,0.0,3.2,4.2,1.1,4.2,5.3,28.6,9.5,63.8,0,0,57.1,1,1,13086,1,4239,1774,2889,6486,6024,15045,1542,10244,7354,10625,12807,4094,6028,19500,16469,2792,800,7425,6464,3645,2579,7932,807,2246,150,1144,1,34:02
2024-25,1628389,Bam Adebayo,Bam,1610612748,MIA,Miami Heat,0022400346,2024-12-07T00:00:00,MIA vs. PHX,W,34.21666666666667,9.5,16.8,0.563,1.1,4.2,0.25,6.3,8.4,0.75,4.2,8.4,12.6,8.4,4.2,1.1,0.0,0.0,3.2,6.3,26.3,23.1,53.0,1,0,50.5,1,1,13086,1,4083,3923,5999,7127,14239,15098,11902,2576,2248,8186,3295,4142,3049,2492,3486,11468,8263,8846,10051,2271,3533,3230,2450,1,150,2392,1,34:13
2024-25,1631209,Isaiah Wong,Isaiah,1610612766,CHA,Charlotte Hornets,0022400340,2024-12-07T00:00:00,CHA vs. CLE,L,10.783333333333333,6.7,16.7,0.4,0.0,3.3,0.0,16.7,16.7,1.0,6.7,0.0,6.7,0.0,3.3,3.3,0.0,6.7,6.7,10.0,30.0,-10.0,44.7,0,0,43.4,1,13222,1,13222,21804,9742,6181,14933,15070,16984,15070,122,233,1,1292,22137,10777,19908,5391,2485,8263,177,2239,416,2069,17896,5315,2246,150,4964,1,10:47
2024-25,1630567,Scottie Barnes,Scottie,1610612761,TOR,Toronto Raptors,0022400344,2024-12-07T00:00:00,TOR vs. DAL,L,37.61666666666667,7.7,16.3,0.471,2.9,6.7,0.429,0.0,0.0,0.0,1.9,5.7,7.7,13.4,2.9,2.9,1.0,1.9,1.0,1.0,18.2,9.6,56.1,1,0,49.8,1,13222,1,13222,1622,7368,6730,12143,6983,9107,7394,13505,14344,13505,8760,8947,8864,461,6957,3485,7767,3501,19926,17525,9641,7908,1793,1,150,2594,1,37:37
2024-25,1630551,Justin Champagnie,Justin,1610612764,WAS,Washington Wizards,0022400341,2024-12-07T00:00:00,WAS vs. DEN,W,36.825,8.8,12.7,0.692,2.0,3.9,0.5,2.9,4.9,0.6,4.9,2.9,7.8,1.0,2.0,2.0,2.0,0.0,2.9,3.9,22.5,2.9,43.1,0,0,41.1,1,1,13086,1,2114,5084,12370,3171,10368,15764,3944,8001,6134,10343,2469,16959,8580,19742,10753,6477,3616,8846,11016,6535,5863,11158,6083,2246,150,6170,1,36:50
2024-25,1630573,Sam Hauser,Sam,1610612738,BOS,Boston Celtics,0022400345,2024-12-07T00:00:00,BOS vs. MEM,L,9.1,0.0,7.9,0.0,0.0,7.9,0.0,0.0,0.0,0.0,0.0,4.0,4.0,0.0,0.0,0.0,0.0,0.0,0.0,0.0,0.0,11.9,4.7,0,0,4.0,1,13222,1,13222,22413,22635,20394,22635,15070,6595,15070,13505,14344,13505,14058,13852,17424,19908,16469,12854,8263,8846,20257,17725,23200,6847,25026,2246,150,25189,1,9:06
2024-25,1628436,Luke Kornet,Luke,1610612738,BOS,Boston Celtics,0022400345,2024-12-07T00:00:00,BOS vs. MEM,L,9.216666666666667,0.0,3.9,0.0,0.0,0.0,0.0,11.7,15.6,0.75,7.8,3.9,11.7,0.0,3.9,0.0,0.0,0.0,3.9,7.8,11.7,-11.7,21.9,0,0,23.4,1,13222,1,13222,22375,22635,24131,22635,15070,20945,15070,371,302,8186,841,14004,3740,19908,4074,12854,8263,8846,7424,1120,16427,18629,20220,2246,150,18710,1,9:13
2024-25,201959,Taj Gibson,Taj,1610612766,CHA,Charlotte Hornets,0022400340,2024-12-07T00:00:00,CHA vs. CLE,L,16.966666666666665,0.0,4.2,0.0,0.0,0.0,0.0,0.0,0.0,0.0,0.0,2.1,2.1,6.4,0.0,0.0,0.0,4.2,0.0,0.0,0.0,-4.2,12.1,0,0,8.5,1,13222,1,13222,18274,22635,23963,22635,15070,20945,15070,13505,14344,13505,14058,19299,21572,4906,16469,12854,8263,567,20257,17725,23200,15199,23982,2246,150,24685,1,16:58
2024-25,1630579,Jericho Sims,Jericho,1610612752,NYK,New York Knicks,0022400343,2024-12-07T00:00:00,NYK vs. DET,L,6.216666666666667,0.0,0.0,0.0,0.0,0.0,0.0,0.0,0.0,0.0,0.0,0.0,0.0,5.8,5.8,0.0,0.0,0.0,0.0,5.8,0.0,-52.1,2.9,0,0,5.8,1,13222,1,13222,23504,22635,24836,22635,15070,20945,15070,13505,14344,13505,14058,22137,23286,5870,1565,12854,8263,8846,20257,2908,23200,25476,25130,2246,150,25026,1,6:13
2024-25,1630191,Isaiah Stewart,Isaiah,1610612765,DET,Detroit Pistons,0022400343,2024-12-07T00:00:00,DET @ NYK,W,22.801666666666666,4.7,7.9,0.6,0.0,0.0,0.0,0.0,0.0,0.0,1.6,6.3,7.9,3.2,0.0,1.6,0.0,0.0,3.2,0.0,9.5,-14.2,28.4,0,0,23.7,1,1,13086,1,13874,15158,20421,5394,15070,20945,15070,13505,14344,13505,10007,7668,8472,12461,16469,8070,8263,8846,10050,17725,18667,19584,15926,2246,150,18552,1,22:48
2024-25,203935,Marcus Smart,Marcus,1610612763,MEM,Memphis Grizzlies,0022400345,2024-12-07T00:00:00,MEM @ BOS,W,19.235,1.9,20.6,0.091,1.9,11.2,0.167,0.0,0.0,0.0,1.9,1.9,3.7,3.7,3.7,1.9,0.0,1.9,0.0,0.0,5.6,-18.7,17.6,0,0,18.7,1,1,13086,1,16640,21626,2583,22599,10776,2306,14236,13505,14344,13505,8947,20041,17952,10679,4456,6917,8263,3661,20257,17725,21657,21148,22266,2246,150,21529,1,19:14
2024-25,1642377,Jaylen Wells,Jaylen,1610612763,MEM,Memphis Grizzlies,0022400345,2024-12-07T00:00:00,MEM @ BOS,W,18.333333333333332,5.9,11.8,0.5,2.0,7.9,0.25,0.0,0.0,0.0,2.0,0.0,2.0,0.0,2.0,0.0,0.0,0.0,3.9,0.0,13.7,-9.8,14.1,0,0,17.7,1,1,13086,1,17330,11827,13973,8526,10327,6698,11902,13505,14344,13505,8555,22137,21874,19908,10699,12854,8263,8846,7356,17725,14230,17800,23457,2246,150,21998,1,18:20
2024-25,203486,Mason Plumlee,Mason,1610612756,PHX,Phoenix Suns,0022400346,2024-12-07T00:00:00,PHX @ MIA,L,24.5,1.5,2.9,0.5,0.0,0.0,0.0,0.0,0.0,0.0,4.4,11.8,16.2,4.4,1.5,0.0,0.0,0.0,5.9,0.0,2.9,-30.9,27.5,0,0,23.5,1,13222,1,13222,12473,22206,24510,8526,15070,20945,15070,13505,14344,13505,3045,1498,1376,8856,12905,12854,8263,8846,3104,17725,22970,23862,16600,2246,150,18665,1,24:30
2024-25,1642267,Bub Carrington,Bub,1610612764,WAS,Washington Wizards,0022400341,2024-12-07T00:00:00,WAS vs. DEN,W,34.125,4.2,13.7,0.308,2.1,8.4,0.25,0.0,0.0,0.0,1.1,3.2,4.2,6.3,0.0,0.0,0.0,1.1,3.2,2.1,10.5,-3.2,25.1,0,0,23.2,1,1,13086,1,4151,16546,10629,19226,9642,5684,11902,13505,14344,13505,12840,16215,16758,4979,16469,12854,8263,7452,10020,12569,17613,14657,18211,2246,150,18858,1,34:08
2024-25,1628998,Cody Martin,Cody,1610612766,CHA,Charlotte Hornets,0022400340,2024-12-07T00:00:00,CHA vs. CLE,L,35.653333333333336,2.0,9.1,0.222,0.0,5.0,0.0,0.0,0.0,0.0,0.0,9.1,9.1,4.0,2.0,1.0,2.0,0.0,3.0,3.0,4.0,-9.1,28.1,0,0,23.2,1,13222,1,13222,2944,21374,18583,21205,15070,13078,15070,13505,14344,13505,14058,3420,6606,9835,10430,11866,3423,8846,10585,9130,22535,17470,16166,2246,150,18856,1,35:39
2024-25,1627777,Georges Niang,Georges,1610612739,CLE,Cleveland Cavaliers,0022400340,2024-12-07T00:00:00,CLE @ CHA,W,18.333333333333332,2.0,3.9,0.5,0.0,2.0,0.0,2.0,3.9,0.5,0.0,11.8,11.8,5.9,2.0,0.0,0.0,0.0,3.9,2.0,5.9,11.8,26.9,0,0,23.6,1,1,13086,1,17330,21467,24121,8526,15070,19622,15070,10765,7992,10625,14058,1484,3685,5681,10699,12854,8263,8846,7356,13252,21464,6886,17025,2246,150,18635,1,18:20
2024-25,1629656,Quentin Grimes,Quentin,1610612742,DAL,Dallas Mavericks,0022400344,2024-12-07T00:00:00,DAL @ TOR,W,17.383333333333333,0.0,4.1,0.0,0.0,4.1,0.0,0.0,0.0,0.0,0.0,4.1,4.1,2.1,2.1,0.0,0.0,0.0,0.0,0.0,0.0,12.4,6.0,0,0,6.2,1,1,13086,1,18012,22635,24026,22635,15070,15247,15070,13505,14344,13505,14058,13295,16964,16113,10154,12854,8263,8846,20257,17725,23200,6623,24918,2246,150,24984,1,17:23
2024-25,1629026,Kenrich Williams,Kenrich,1610612760,OKC,Oklahoma City Thunder,0022400342,2024-12-07T00:00:00,OKC @ NOP,W,11.566666666666666,6.2,6.2,1.0,0.0,0.0,0.0,0.0,0.0,0.0,0.0,6.2,6.2,0.0,0.0,0.0,0.0,0.0,6.2,0.0,12.4,-28.0,19.9,0,0,18.7,1,1,13086,1,21464,10902,22391,1,15070,20945,15070,13505,14344,13505,14058,7836,11763,19908,16469,12854,8263,8846,2680,17725,15651,23430,21200,2246,150,21545,1,11:34
2024-25,201599,DeAndre Jordan,DeAndre,1610612743,DEN,Denver Nuggets,0022400341,2024-12-07T00:00:00,DEN @ WAS,L,9.3,0.0,3.9,0.0,0.0,0.0,0.0,3.9,15.5,0.25,3.9,7.7,11.6,7.7,7.7,0.0,0.0,0.0,0.0,7.7,3.9,-23.2,21.7,0,0,23.2,1,13222,1,13222,22347,22635,24151,22635,15070,20945,15070,5930,317,13358,3778,5093,3837,3140,651,12854,8263,8846,20257,1170,22619,22388,20330,2246,150,18854,1,9:18
2024-25,1629660,Ty Jerome,Ty,1610612739,CLE,Cleveland Cavaliers,0022400340,2024-12-07T00:00:00,CLE @ CHA,W,12.4,5.8,14.5,0.4,0.0,2.9,0.0,2.9,2.9,1.0,8.7,0.0,8.7,0.0,0.0,0.0,0.0,0.0,8.7,11.6,14.5,-40.6,25.0,0,0,23.2,1,1,13086,1,21047,12093,9334,14933,15070,17861,15070,8086,10226,1,612,22137,7150,19908,16469,12854,8263,8846,1063,225,13390,24894,18314,2246,150,18848,1,12:24
2024-25,1631128,Christian Braun,Christian,1610612743,DEN,Denver Nuggets,0022400341,2024-12-07T00:00:00,DEN @ WAS,L,37.666666666666664,6.7,13.4,0.5,0.0,2.9,0.0,0.0,0.0,0.0,1.9,0.0,1.9,0.0,1.9,1.0,1.0,1.9,2.9,0.0,13.4,-1.0,19.5,0,0,19.1,1,13222,1,13222,1590,9709,11174,8526,15070,17922,15070,13505,14344,13505,8765,22137,21978,19908,10982,12306,7777,3505,11327,17725,14642,13505,21406,2246,150,21333,1,37:40
2024-25,1641842,Ronald Holland II,Ronald,1610612765,DET,Detroit Pistons,0022400343,2024-12-07T00:00:00,DET @ NYK,W,18.466666666666665,3.9,3.9,1.0,0.0,0.0,0.0,0.0,0.0,0.0,0.0,5.8,5.8,3.9,5.8,0.0,0.0,0.0,3.9,1.9,7.8,-3.9,14.8,0,0,17.5,1,1,13086,1,17225,17323,24136,1,15070,20945,15070,13505,14344,13505,14058,8669,12638,10227,1506,12854,8263,8846,7449,13320,20086,15012,23233,2246,150,22059,1,18:28
2024-25,1630696,Dru Smith,Dru,1610612748,MIA,Miami Heat,0022400346,2024-12-07T00:00:00,MIA vs. PHX,W,29.316666666666666,3.7,6.1,0.6,1.2,3.7,0.333,0.0,0.0,0.0,1.2,3.7,4.9,1.2,1.2,2.5,1.2,0.0,6.1,1.2,8.6,-7.4,26.2,0,0,23.3,1,1,13086,1,8382,17880,22480,5394,13219,16255,9209,13505,14344,13505,11618,14688,15026,18927,14245,4519,6004,8846,2778,16252,19433,16664,17511,2246,150,18783,1,29:19
2024-25,1641816,Hunter Tyson,Hunter,1610612743,DEN,Denver Nuggets,0022400341,2024-12-07T00:00:00,DEN @ WAS,L,11.558333333333334,0.0,6.2,0.0,0.0,6.2,0.0,6.2,6.2,1.0,6.2,6.2,12.5,0.0,0.0,0.0,0.0,0.0,0.0,3.1,6.2,-15.6,21.2,0,0,18.7,1,13222,1,13222,21470,22635,22388,22635,15070,10133,15070,2654,4201,1,1512,7832,3152,19908,16469,12854,8263,8846,20257,8836,21231,20114,20604,2246,150,21542,1,11:34
2024-25,1629674,Neemias Queta,Neemias,1610612738,BOS,Boston Celtics,0022400335,2024-12-06T00:00:00,BOS vs. MIL,W,11.583333333333334,3.1,3.1,1.0,0.0,0.0,0.0,0.0,0.0,0.0,3.1,3.1,6.2,0.0,0.0,0.0,3.1,0.0,3.1,3.1,6.2,6.2,23.0,0,0,18.6,1,1,13086,1,21452,19177,24457,1,15070,20945,15070,13505,14344,13505,5116,16384,11788,19908,16469,12854,1562,8846,10243,8858,21243,9508,19565,2246,150,21552,1,11:35
2024-25,203937,Kyle Anderson,Kyle,1610612744,GSW,Golden State Warriors,0022400338,2024-12-06T00:00:00,GSW vs. MIN,L,11.76,6.1,9.2,0.667,0.0,0.0,0.0,0.0,0.0,0.0,0.0,3.1,3.1,3.1,0.0,0.0,0.0,0.0,0.0,0.0,12.2,0.0,20.5,0,0,18.4,1,13222,1,13222,21393,11159,18435,3281,15070,20945,15070,13505,14344,13505,14058,16518,19562,12719,16469,12854,8263,8846,20257,17725,15879,12240,20942,2246,150,21681,1,11:46
2024-25,1631104,Blake Wesley,Blake,1610612759,SAS,San Antonio Spurs,0022400337,2024-12-06T00:00:00,SAS vs. SAC,L,4.2,0.0,0.0,0.0,0.0,0.0,0.0,0.0,0.0,0.0,0.0,0.0,0.0,8.6,8.6,0.0,0.0,0.0,0.0,0.0,0.0,-51.4,4.3,0,0,8.6,1,13222,1,13222,24380,22635,24836,22635,15070,20945,15070,13505,14344,13505,14058,22137,23286,2364,485,12854,8263,8846,20257,17725,23200,25439,25063,2246,150,24666,1,4:12
2024-25,1630183,Jaden McDaniels,Jaden,1610612750,MIN,Minnesota Timberwolves,0022400338,2024-12-06T00:00:00,MIN @ GSW,W,29.533333333333335,4.9,13.4,0.364,2.4,6.1,0.4,0.0,0.0,0.0,2.4,1.2,3.7,2.4,0.0,1.2,0.0,1.2,3.7,0.0,12.2,6.1,23.9,0,0,23.2,1,1,13086,1,8194,14725,11142,16861,8349,10449,7874,13505,14344,13505,6811,21470,18185,14746,16469,10024,8263,6132,8238,17725,15929,9572,19024,2246,150,18884,1,29:32
2024-25,1628380,Zach Collins,Zach,1610612759,SAS,San Antonio Spurs,0022400337,2024-12-06T00:00:00,SAS vs. SAC,L,9.433333333333334,3.8,7.6,0.5,0.0,3.8,0.0,0.0,3.8,0.0,3.8,3.8,7.6,3.8,0.0,0.0,0.0,0.0,11.4,3.8,7.6,11.4,22.5,0,0,19.1,1,13222,1,13222,22299,17522,20736,8526,15070,15963,15070,13505,8207,13505,3859,14273,8906,10458,16469,12854,8263,8846,483,6802,20214,7035,19862,2246,150,21358,1,9:26
2024-25,1630202,Payton Pritchard,Payton,1610612738,BOS,Boston Celtics,0022400335,2024-12-06T00:00:00,BOS vs. MIL,W,24.416666666666668,0.0,4.4,0.0,0.0,2.9,0.0,0.0,0.0,0.0,1.5,2.9,4.4,2.9,0.0,0.0,0.0,0.0,1.5,0.0,0.0,-5.9,9.7,0,0,7.4,1,1,13086,1,12550,22635,23846,22635,15070,17757,15070,13505,14344,13505,10415,16892,16231,13095,16469,12854,8263,8846,17326,17725,23200,16017,24460,2246,150,24855,1,24:25
2024-25,1629018,Gary Trent Jr.,Gary,1610612749,MIL,Milwaukee Bucks,0022400335,2024-12-06T00:00:00,MIL @ BOS,L,36.516666666666666,3.9,5.9,0.667,3.0,4.9,0.6,0.0,0.0,0.0,0.0,3.9,3.9,1.0,0.0,0.0,0.0,0.0,3.0,0.0,10.8,-5.9,17.1,0,0,18.7,1,13222,1,13222,2328,17222,22698,3281,6655,13367,2992,13505,14344,13505,14058,13903,17459,19716,16469,12854,8263,8846,10913,17725,17323,16022,22460,2246,150,21521,1,36:31
2024-25,1641871,Duop Reath,Duop,1610612757,POR,Portland Trail Blazers,0022400339,2024-12-06T00:00:00,POR vs. UTA,L,24.683333333333334,4.4,7.3,0.6,2.9,4.4,0.667,0.0,0.0,0.0,1.5,5.8,7.3,1.5,0.0,0.0,0.0,0.0,4.4,0.0,11.7,-16.0,22.6,0,0,23.3,1,13222,1,13222,12289,16137,21216,5394,6807,14748,1957,13505,14344,13505,10499,8716,9585,18143,16469,12854,8263,8846,6087,17725,16502,20266,19808,2246,150,18781,1,24:41
2024-25,1628401,Derrick White,Derrick,1610612738,BOS,Boston Celtics,0022400335,2024-12-06T00:00:00,BOS vs. MIL,W,37.483333333333334,1.0,9.6,0.1,0.0,7.7,0.0,3.8,3.8,1.0,1.0,4.8,5.8,6.7,1.9,2.9,0.0,1.0,0.0,3.8,5.8,11.5,29.5,0,0,24.0,1,1,13086,1,1690,22623,17764,22561,15070,7028,15070,5999,8154,1,13568,11430,12867,4398,10940,3461,8263,8260,20257,6740,21558,6992,15162,2246,150,18316,1,37:29
2024-25,1629629,Cam Reddish,Cam,1610612747,LAL,Los Angeles Lakers,0022400334,2024-12-06T00:00:00,LAL @ ATL,L,20.878333333333334,0.0,1.7,0.0,0.0,1.7,0.0,0.0,0.0,0.0,0.0,0.0,0.0,0.0,0.0,1.7,1.7,0.0,1.7,1.7,0.0,-13.8,10.3,0,0,6.9,1,13222,1,13222,15381,22635,24802,22635,15070,20015,15070,13505,14344,13505,14058,22137,23286,19908,16469,7531,4237,8846,16449,14200,23200,19420,24359,2246,150,24902,1,20:53
2024-25,1627741,Buddy Hield,Buddy,1610612744,GSW,Golden State Warriors,0022400338,2024-12-06T00:00:00,GSW vs. MIN,L,13.365,5.4,10.8,0.5,0.0,5.4,0.0,0.0,0.0,0.0,0.0,8.1,8.1,0.0,8.1,0.0,0.0,0.0,0.0,2.7,10.8,-8.1,12.4,0,0,18.9,1,13222,1,13222,20561,13308,15744,8526,15070,12238,15070,13505,14344,13505,14058,4593,8129,19908,575,12854,8263,8846,20257,10332,17394,17009,23924,2246,150,21452,1,13:22
2024-25,1641783,Tristan da Silva,Tristan,1610612753,ORL,Orlando Magic,0022400333,2024-12-06T00:00:00,ORL @ PHI,L,13.358333333333333,0.0,2.7,0.0,0.0,2.7,0.0,0.0,0.0,0.0,8.1,0.0,8.1,0.0,2.7,0.0,0.0,0.0,8.1,2.7,0.0,-53.9,7.0,0,0,8.1,1,13222,1,13222,20564,22635,24588,22635,15070,18273,15070,13505,14344,13505,758,22137,8122,19908,7548,12854,8263,8846,1330,10329,23200,25537,24821,2246,150,24756,1,13:22
2024-25,203084,Harrison Barnes,Harrison,1610612759,SAS,San Antonio Spurs,0022400337,2024-12-06T00:00:00,SAS vs. SAC,L,27.25,4.0,9.2,0.429,1.3,4.0,0.333,0.0,0.0,0.0,0.0,1.3,1.3,4.0,1.3,0.0,1.3,0.0,2.6,1.3,9.2,-27.7,19.4,0,0,18.5,1,13222,1,13222,10145,17180,18337,13735,12777,15655,9209,13505,14344,13505,14058,21245,22792,10031,13708,12854,5556,8846,12271,15805,18863,23383,21445,2246,150,21629,1,27:15
2024-25,1629216,Gabe Vincent,Gabe,1610612747,LAL,Los Angeles Lakers,0022400334,2024-12-06T00:00:00,LAL @ ATL,L,34.36666666666667,5.2,11.5,0.455,2.1,4.2,0.5,0.0,0.0,0.0,0.0,1.0,1.0,5.2,0.0,2.1,1.0,0.0,5.2,3.1,12.6,4.2,31.1,0,0,27.2,1,13222,1,13222,3950,13709,14436,12676,9708,15139,3944,13505,14344,13505,14058,21887,23165,6966,16469,5810,7152,8846,4135,8752,15522,10549,13982,2246,150,15993,1,34:22
2024-25,1642272,Jared McCain,Jared,1610612755,PHI,Philadelphia 76ers,0022400333,2024-12-06T00:00:00,PHI vs. ORL,W,20.716666666666665,5.2,13.9,0.375,1.7,7.0,0.25,0.0,0.0,0.0,1.7,1.7,3.5,3.5,7.0,0.0,0.0,1.7,3.5,0.0,12.2,5.2,14.6,0,0,20.9,1,1,13086,1,15477,13781,10336,16299,11289,8566,11902,13505,14344,13505,9450,20389,18608,11469,910,12854,8263,4053,8818,17725,15964,9999,23311,2246,150,20369,1,20:43
2024-25,1630178,Tyrese Maxey,Tyrese,1610612755,PHI,Philadelphia 76ers,0022400333,2024-12-06T00:00:00,PHI vs. ORL,W,35.30166666666667,5.1,17.3,0.294,1.0,7.1,0.143,5.1,7.1,0.714,0.0,2.0,2.0,2.0,1.0,3.1,0.0,3.1,3.1,5.1,16.3,3.1,30.0,0,0,27.5,1,1,13086,1,3232,14096,5413,19598,14422,8167,14649,3890,3235,9244,14058,19538,21727,16228,15715,3033,8263,1276,10443,3924,11584,11083,14809,2246,150,15767,1,35:18
2024-25,1631097,Bennedict Mathurin,Bennedict,1610612754,IND,Indiana Pacers,0022400336,2024-12-06T00:00:00,IND @ CHI,W,34.083333333333336,7.4,15.8,0.467,1.1,1.1,1.0,4.2,5.3,0.8,1.1,5.3,6.3,1.1,3.2,0.0,1.1,2.1,1.1,3.2,20.1,9.5,29.3,0,0,30.6,1,1,13086,1,4178,8024,7360,12249,14215,20797,1,5303,5495,7681,12827,10076,11526,19506,5912,12854,7087,2892,19372,8670,7869,7943,15317,2246,150,13459,1,34:05
2024-25,1630548,Johnny Juzang,Johnny,1610612762,UTA,Utah Jazz,0022400339,2024-12-06T00:00:00,UTA @ POR,W,25.733333333333334,11.2,19.6,0.571,8.4,15.4,0.545,0.0,0.0,0.0,0.0,2.8,2.8,0.0,0.0,0.0,0.0,0.0,5.6,0.0,30.8,21.0,34.1,0,0,42.0,1,1,13086,1,11374,2102,3288,6538,385,618,3863,13505,14344,13505,14058,17403,20259,19908,16469,12854,8263,8846,3554,17725,1837,3697,11701,2246,150,5668,1,25:44
2024-25,1628381,John Collins,John,1610612762,UTA,Utah Jazz,0022400339,2024-12-06T00:00:00,UTA @ POR,W,28.116666666666667,9.0,12.8,0.7,1.3,1.3,1.0,6.4,6.4,1.0,1.3,2.6,3.8,2.6,0.0,0.0,1.3,2.6,3.8,3.8,25.6,41.0,37.9,0,0,35.9,1,1,13086,1,9444,4776,12203,3045,12934,20516,1,2498,4007,1,11294,18032,17728,14337,16469,12854,5736,1933,7625,6742,3875,912,9082,2246,150,9479,1,28:07
2024-25,203507,Giannis Antetokounmpo,Giannis,1610612749,MIL,Milwaukee Bucks,0022400335,2024-12-06T00:00:00,MIL @ BOS,L,36.416666666666664,12.9,24.7,0.52,0.0,1.0,0.0,4.0,5.9,0.667,1.0,9.9,10.9,1.0,1.0,0.0,0.0,2.0,0.0,6.9,29.7,-4.0,43.2,1,0,41.5,1,13222,1,13222,2394,1085,891,8497,15070,20870,15070,5784,4570,9425,13343,2663,4529,19707,15915,12854,8263,3295,20257,1713,2207,15042,6030,1,150,5902,1,36:25
2024-25,1642422,Armel Traoré,Armel,1610612747,LAL,Los Angeles Lakers,0022400334,2024-12-06T00:00:00,LAL @ ATL,L,4.016666666666667,0.0,26.9,0.0,0.0,9.0,0.0,0.0,0.0,0.0,0.0,17.9,17.9,9.0,0.0,0.0,0.0,0.0,0.0,0.0,0.0,-62.7,35.0,0,0,26.9,1,13222,1,13222,24471,22635,511,22635,15070,4884,15070,13505,14344,13505,14058,267,924,2053,16469,12854,8263,8846,20257,17725,23200,25744,11087,2246,150,16235,1,4:01
2024-25,1628997,Caleb Martin,Caleb,1610612755,PHI,Philadelphia 76ers,0022400333,2024-12-06T00:00:00,PHI vs. ORL,W,8.466666666666667,0.0,0.0,0.0,0.0,0.0,0.0,8.5,8.5,1.0,4.3,4.3,8.5,4.3,0.0,0.0,0.0,0.0,0.0,4.3,8.5,8.5,25.1,0,0,21.3,1,1,13086,1,22641,22635,24836,22635,15070,20945,15070,1185,2187,1,3243,12964,7465,9247,16469,12854,8263,8846,20257,5718,19512,8401,18225,2246,150,20122,1,8:28
2024-25,201939,Stephen Curry,Stephen,1610612744,GSW,Golden State Warriors,0022400338,2024-12-06T00:00:00,GSW vs. MIN,L,32.126666666666665,6.7,19.0,0.353,3.4,10.1,0.333,9.0,9.0,1.0,1.1,1.1,2.2,4.5,3.4,0.0,0.0,2.2,0.0,5.6,25.8,-3.4,31.8,0,0,35.9,1,13222,1,13222,5868,9642,3718,17268,5485,3396,9209,1018,1890,1,12328,21708,21336,8698,5329,12854,8263,2572,20257,3189,3795,14742,13457,2246,150,9474,1,32:08
2024-25,1642261,Dalton Knecht,Dalton,1610612747,LAL,Los Angeles Lakers,0022400334,2024-12-06T00:00:00,LAL @ ATL,L,28.383333333333333,7.6,14.0,0.545,2.5,7.6,0.333,0.0,0.0,0.0,0.0,3.8,3.8,2.5,0.0,0.0,0.0,1.3,3.8,1.3,17.8,-2.5,26.1,0,0,26.6,1,13222,1,13222,9227,7484,10245,7695,8019,7153,9209,13505,14344,13505,14058,14305,17806,14414,16469,12854,8263,5820,7717,16039,10076,14328,17538,2246,150,16440,1,28:23
2024-25,1630169,Tyrese Haliburton,Tyrese,1610612754,IND,Indiana Pacers,0022400336,2024-12-06T00:00:00,IND @ CHI,W,38.16166666666667,8.5,16.0,0.529,4.7,8.5,0.556,0.0,0.0,0.0,0.0,3.8,3.8,7.5,1.9,1.9,0.0,0.9,0.9,0.9,21.7,4.7,41.3,0,0,41.5,1,1,13086,1,1292,5630,7062,8281,2705,5601,3747,13505,14344,13505,14058,14406,17888,3338,11121,6826,8263,8393,20003,17560,6468,10274,6980,2246,150,5909,1,38:10
2024-25,203924,Jerami Grant,Jerami,1610612757,POR,Portland Trail Blazers,0022400339,2024-12-06T00:00:00,POR vs. UTA,L,28.5,7.6,13.9,0.545,5.1,10.1,0.5,3.8,3.8,1.0,0.0,3.8,3.8,1.3,1.3,0.0,3.8,2.5,5.1,2.5,24.0,-39.2,40.5,0,0,41.7,1,13222,1,13222,9119,7560,10350,7695,2206,3370,3944,6103,8275,1,14058,14352,17851,18786,14022,12854,1038,1996,4487,10886,4793,24783,7429,2246,150,5807,1,28:30
2024-25,1628370,Malik Monk,Malik,1610612758,SAC,Sacramento Kings,0022400337,2024-12-06T00:00:00,SAC @ SAS,W,33.983333333333334,7.4,15.9,0.467,3.2,8.5,0.375,5.3,5.3,1.0,2.1,7.4,9.5,6.4,3.2,0.0,0.0,2.1,2.1,6.4,23.3,5.3,41.1,0,0,42.4,1,1,13086,1,4278,7976,7285,12249,6014,5628,8800,3659,5470,1,7891,5660,6015,4922,5881,12854,8263,2866,14523,2234,5284,9954,7117,2246,150,5464,1,33:59
2024-25,1628368,De'Aaron Fox,De'Aaron,1610612758,SAC,Sacramento Kings,0022400337,2024-12-06T00:00:00,SAC @ SAS,W,32.583333333333336,9.9,18.8,0.529,2.2,7.7,0.286,2.2,2.2,1.0,0.0,4.4,4.4,8.8,2.2,0.0,1.1,0.0,3.3,4.4,24.3,8.8,44.0,0,0,42.0,1,1,13086,1,5492,3278,3943,8281,9204,6929,11433,9910,12058,1,14058,12481,16243,2142,9473,12854,6760,8846,9402,5304,4610,8252,5689,2246,150,5658,1,32:35
2024-25,1629631,De'Andre Hunter,De'Andre,1610612737,ATL,Atlanta Hawks,0022400334,2024-12-06T00:00:00,ATL vs. LAL,W,33.9,9.6,15.9,0.6,5.3,7.4,0.714,3.2,4.2,0.75,0.0,3.2,3.2,2.1,2.1,2.1,0.0,2.1,2.1,8.5,27.6,-5.3,38.9,0,0,42.5,1,1,13086,1,4348,3796,7218,5394,1940,7529,1861,7360,7322,8186,14058,16133,19272,15917,9882,5681,8263,2855,14502,831,2930,15749,8498,2246,150,5420,1,33:54
2024-25,1626167,Myles Turner,Myles,1610612754,IND,Indiana Pacers,0022400336,2024-12-06T00:00:00,IND @ CHI,W,31.916666666666668,6.8,11.3,0.6,3.4,5.6,0.6,0.0,0.0,0.0,1.1,6.8,7.9,4.5,1.1,2.3,2.3,0.0,1.1,3.4,16.9,10.2,45.6,0,0,41.7,1,1,13086,1,6045,9508,14867,5394,5425,11604,2992,13505,14344,13505,12275,6757,8469,8627,14952,5202,2829,8846,18939,8002,10939,7618,4910,2246,150,5781,1,31:55
2024-25,1631101,Shaedon Sharpe,Shaedon,1610612757,POR,Portland Trail Blazers,0022400339,2024-12-06T00:00:00,POR vs. UTA,L,28.7,3.8,15.1,0.25,1.3,10.0,0.125,3.8,5.0,0.75,1.3,1.3,2.5,5.0,0.0,0.0,0.0,1.3,1.3,3.8,12.5,-37.6,23.1,0,0,21.3,1,13222,1,13222,8920,17661,8509,20233,13074,3449,14886,6158,5886,8186,11460,21388,20797,7423,16469,12854,8263,5908,18250,6951,15551,24664,19513,2246,150,20088,1,28:42
2024-25,203458,Alex Len,Alex,1610612758,SAC,Sacramento Kings,0022400337,2024-12-06T00:00:00,SAC @ SAS,W,3.9166666666666665,9.2,18.4,0.5,0.0,0.0,0.0,0.0,0.0,0.0,0.0,0.0,0.0,9.2,0.0,0.0,0.0,0.0,0.0,0.0,18.4,0.0,32.2,0,0,27.6,1,1,13086,1,24535,4369,4301,8526,15070,20945,15070,13505,14344,13505,14058,22137,23286,1868,16469,12854,8263,8846,20257,17725,9430,12240,13203,2246,150,15734,1,3:55
2024-25,1630695,Micah Potter,Micah,1610612762,UTA,Utah Jazz,0022400339,2024-12-06T00:00:00,UTA @ POR,W,26.516666666666666,2.7,6.8,0.4,1.4,5.4,0.25,0.0,0.0,0.0,1.4,12.2,13.6,2.7,1.4,0.0,2.7,0.0,2.7,0.0,6.8,20.4,33.9,0,0,29.9,1,1,13086,1,10712,20049,21792,14933,12615,12137,11902,13505,14344,13505,10947,1265,2449,13861,13530,12854,2061,8846,11976,17725,20867,3850,11866,2246,150,14055,1,26:31
2024-25,1630625,Dalano Banton,Dalano,1610612757,POR,Portland Trail Blazers,0022400339,2024-12-06T00:00:00,POR vs. UTA,L,26.8,9.4,22.8,0.412,4.0,10.7,0.375,2.7,4.0,0.667,0.0,4.0,4.0,5.4,4.0,1.3,0.0,2.7,1.3,2.7,25.5,-25.5,38.4,0,0,41.6,1,13222,1,13222,10488,4022,1439,14791,3939,2725,8800,8607,7784,9425,14058,13625,17241,6678,3825,9224,8263,1760,17854,10348,3926,22921,8764,2246,150,5826,1,26:48
2024-25,203991,Clint Capela,Clint,1610612737,ATL,Atlanta Hawks,0022400334,2024-12-06T00:00:00,ATL vs. LAL,W,23.916666666666668,3.0,6.0,0.5,0.0,0.0,0.0,0.0,0.0,0.0,6.0,0.0,6.0,3.0,0.0,0.0,3.0,1.5,1.5,1.5,6.0,0.0,26.8,0,0,21.1,1,1,13086,1,12977,19393,22574,8526,15070,20945,15070,13505,14344,13505,1606,22137,12226,12891,16469,12854,1678,4759,17193,14984,21373,12240,17090,2246,150,20240,1,23:55
2024-25,1630541,Moses Moody,Moses,1610612744,GSW,Golden State Warriors,0022400338,2024-12-06T00:00:00,GSW vs. MIN,L,6.516666666666667,5.5,11.0,0.5,5.5,11.0,0.5,0.0,0.0,0.0,5.5,0.0,5.5,0.0,5.5,0.0,0.0,0.0,0.0,0.0,16.6,-16.6,17.7,0,0,27.6,1,13222,1,13222,23362,12922,15283,8526,1715,2444,3944,13505,14344,13505,1935,22137,13475,19908,1791,12854,8263,8846,20257,17725,11308,20467,22226,2246,150,15700,1,6:31
2024-25,1629638,Nickeil Alexander-Walker,Nickeil,1610612750,MIN,Minnesota Timberwolves,0022400338,2024-12-06T00:00:00,MIN @ GSW,W,18.4,3.9,9.8,0.4,2.0,3.9,0.5,0.0,2.0,0.0,2.0,2.0,3.9,3.9,2.0,0.0,0.0,2.0,3.9,0.0,9.8,31.3,18.4,0,0,19.6,1,1,13086,1,17275,17286,17417,14933,10365,15752,3944,13505,12842,13505,8588,19807,17529,10189,10742,12854,8263,3368,7395,17725,18365,1797,21934,2246,150,21114,1,18:24
2024-25,1628408,PJ Dozier,PJ,1610612750,MIN,Minnesota Timberwolves,0022400338,2024-12-06T00:00:00,MIN @ GSW,W,2.2,0.0,0.0,0.0,0.0,0.0,0.0,0.0,0.0,0.0,0.0,0.0,0.0,0.0,0.0,0.0,0.0,0.0,0.0,0.0,0.0,-65.5,0.0,0,0,0.0,1,1,13086,1,25366,22635,24836,22635,15070,20945,15070,13505,14344,13505,14058,22137,23286,19908,16469,12854,8263,8846,20257,17725,23200,25802,25228,2246,150,25259,1,2:12
2024-25,1631133,Jabari Walker,Jabari,1610612757,POR,Portland Trail Blazers,0022400339,2024-12-06T00:00:00,POR vs. UTA,L,18.55,0.0,5.8,0.0,0.0,1.9,0.0,1.9,3.9,0.5,0.0,5.8,5.8,3.9,3.9,1.9,1.9,0.0,3.9,1.9,1.9,-17.5,22.5,0,0,19.4,1,13222,1,13222,17147,22635,22790,22635,15070,19659,15070,10833,8073,10625,14058,8740,12714,10278,4127,6558,3651,8846,7505,13358,23160,20772,19864,2246,150,21199,1,18:33
2024-25,1630545,Terrence Shannon Jr.,Terrence,1610612750,MIN,Minnesota Timberwolves,0022400338,2024-12-06T00:00:00,MIN @ GSW,W,2.2,0.0,16.4,0.0,0.0,0.0,0.0,0.0,0.0,0.0,0.0,0.0,0.0,0.0,0.0,0.0,0.0,0.0,0.0,0.0,0.0,-65.5,0.0,0,0,0.0,1,1,13086,1,25366,22635,6592,22635,15070,20945,15070,13505,14344,13505,14058,22137,23286,19908,16469,12854,8263,8846,20257,17725,23200,25802,25228,2246,150,25259,1,2:12
2024-25,200768,Kyle Lowry,Kyle,1610612755,PHI,Philadelphia 76ers,0022400333,2024-12-06T00:00:00,PHI vs. ORL,W,11.185,0.0,0.0,0.0,0.0,0.0,0.0,0.0,0.0,0.0,0.0,0.0,0.0,9.7,0.0,0.0,0.0,0.0,6.4,0.0,0.0,32.2,14.5,0,0,9.7,1,1,13086,1,21630,22635,24836,22635,15070,20945,15070,13505,14344,13505,14058,22137,23286,1612,16469,12854,8263,8846,2458,17725,23200,1713,23334,2246,150,24499,1,11:11
2024-25,1630227,Daishen Nix,Daishen,1610612750,MIN,Minnesota Timberwolves,0022400338,2024-12-06T00:00:00,MIN @ GSW,W,2.2,0.0,0.0,0.0,0.0,0.0,0.0,0.0,0.0,0.0,0.0,0.0,0.0,0.0,16.4,0.0,0.0,0.0,0.0,0.0,0.0,-65.5,-16.4,0,0,0.0,1,1,13086,1,25366,22635,24836,22635,15070,20945,15070,13505,14344,13505,14058,22137,23286,19908,90,12854,8263,8846,20257,17725,23200,25802,26264,2246,150,25259,1,2:12
2024-25,203083,Andre Drummond,Andre,1610612755,PHI,Philadelphia 76ers,0022400333,2024-12-06T00:00:00,PHI vs. ORL,W,27.481666666666666,3.9,9.2,0.429,0.0,0.0,0.0,1.3,2.6,0.5,6.5,7.9,14.4,0.0,5.2,5.2,0.0,0.0,5.2,2.6,9.2,3.9,36.9,0,0,34.1,1,1,13086,1,9965,17250,18459,13735,15070,20945,15070,12277,10930,10625,1352,4930,2040,19908,2074,769,8263,8846,4126,10583,18924,10687,9735,2246,150,10804,1,27:29
2024-25,1630249,Vít Krejčí,Vít,1610612737,ATL,Atlanta Hawks,0022400334,2024-12-06T00:00:00,ATL vs. LAL,W,14.29,5.0,12.6,0.4,0.0,2.5,0.0,0.0,0.0,0.0,2.5,15.1,17.6,7.6,0.0,0.0,2.5,0.0,7.6,0.0,10.1,15.1,50.1,0,0,40.3,1,1,13086,1,20026,14275,12584,14933,15070,18587,15070,13505,14344,13505,6550,545,982,3327,16469,12854,2338,8846,1594,17725,18082,5580,3233,2246,150,6598,1,14:17
2024-25,1627752,Taurean Prince,Taurean,1610612749,MIL,Milwaukee Bucks,0022400335,2024-12-06T00:00:00,MIL @ BOS,L,9.166666666666666,0.0,3.9,0.0,0.0,0.0,0.0,0.0,0.0,0.0,0.0,7.9,7.9,3.9,3.9,0.0,3.9,0.0,0.0,0.0,0.0,-23.6,23.2,0,0,19.6,1,13222,1,13222,22399,22635,24121,22635,15070,20945,15070,13505,14344,13505,14058,4935,8533,10144,4023,12854,956,8846,20257,17725,23200,22469,19448,2246,150,21072,1,9:10
2024-25,201572,Brook Lopez,Brook,1610612749,MIL,Milwaukee Bucks,0022400335,2024-12-06T00:00:00,MIL @ BOS,L,38.29,1.9,5.6,0.333,0.9,1.9,0.5,0.0,0.0,0.0,2.8,1.9,4.7,0.0,0.9,0.0,0.0,0.0,2.8,0.0,4.7,-13.2,9.4,0,0,10.3,1,13222,1,13222,1226,21610,22952,17395,14836,19774,3944,13505,14344,13505,5805,20027,15560,19908,16196,12854,8263,8846,11546,17725,22187,19179,24511,2246,150,24365,1,38:17
2024-25,1642403,Isaac Jones,Isaac,1610612758,SAC,Sacramento Kings,0022400337,2024-12-06T00:00:00,SAC @ SAS,W,7.533333333333333,0.0,0.0,0.0,0.0,0.0,0.0,0.0,0.0,0.0,0.0,0.0,0.0,0.0,4.8,0.0,0.0,0.0,4.8,0.0,0.0,28.7,-4.8,0,0,0.0,1,1,13086,1,22982,22635,24836,22635,15070,20945,15070,13505,14344,13505,14058,22137,23286,19908,2614,12854,8263,8846,5111,17725,23200,2156,26171,2246,150,25259,1,7:32
2024-25,203114,Khris Middleton,Khris,1610612749,MIL,Milwaukee Bucks,0022400335,2024-12-06T00:00:00,MIL @ BOS,L,23.133333333333333,3.1,15.6,0.2,1.6,4.7,0.333,9.3,9.3,1.0,0.0,4.7,4.7,7.8,1.6,3.1,1.6,1.6,4.7,4.7,17.1,4.7,46.8,0,0,40.5,1,13222,1,13222,13610,19166,7743,21401,11841,14039,9209,888,1687,1,14058,11805,15650,3102,12520,2910,4689,4566,5366,4790,10721,10304,4378,2246,150,6512,1,23:08
2024-25,201942,DeMar DeRozan,DeMar,1610612758,SAC,Sacramento Kings,0022400337,2024-12-06T00:00:00,SAC @ SAS,W,32.35,8.9,16.7,0.533,1.1,3.3,0.333,6.7,6.7,1.0,0.0,3.3,3.3,2.2,2.2,1.1,0.0,0.0,3.3,2.2,25.6,11.1,34.1,0,0,34.5,1,1,13086,1,5691,4885,6181,8140,13877,16984,9209,2259,3685,1,14058,15670,18892,15528,9399,10915,8263,8846,9295,12050,3883,7177,11761,2246,150,10453,1,32:21
2024-25,1630591,Jalen Suggs,Jalen,1610612753,ORL,Orlando Magic,0022400333,2024-12-06T00:00:00,ORL @ PHI,L,32.68333333333333,8.8,20.9,0.421,4.4,13.2,0.333,2.2,2.2,1.0,0.0,1.1,1.1,3.3,3.3,3.3,0.0,0.0,4.4,4.4,24.2,2.2,37.1,0,0,39.7,1,13222,1,13222,5409,5058,2385,14442,3225,1198,9209,9937,12079,1,14058,21747,23079,11965,5497,2557,8263,8846,6008,5333,4659,11509,9611,2246,150,6974,1,32:41
2024-25,1630175,Cole Anthony,Cole,1610612753,ORL,Orlando Magic,0022400333,2024-12-06T00:00:00,ORL @ PHI,L,13.625,5.3,7.9,0.667,5.3,7.9,0.667,0.0,0.0,0.0,2.6,0.0,2.6,10.6,5.3,0.0,0.0,0.0,2.6,0.0,15.9,7.9,29.6,0,0,34.3,1,13222,1,13222,20408,13581,20375,3281,1966,6578,1957,13505,14344,13505,6239,22137,20561,1175,2025,12854,8263,8846,12271,17725,12078,8673,15086,2246,150,10569,1,13:38
2024-25,1631103,Malaki Branham,Malaki,1610612759,SAS,San Antonio Spurs,0022400337,2024-12-06T00:00:00,SAS vs. SAC,L,16.2,4.4,15.6,0.286,2.2,6.7,0.333,0.0,0.0,0.0,0.0,0.0,0.0,2.2,4.4,2.2,0.0,0.0,4.4,0.0,11.1,-51.1,16.7,0,0,20.0,1,13222,1,13222,18788,15941,7752,19630,9151,9170,9209,13505,14344,13505,14058,22137,23286,15547,3080,5303,8263,8846,5902,17725,17072,25435,22602,2246,150,20849,1,16:12
2024-25,1628989,Kevin Huerter,Kevin,1610612758,SAC,Sacramento Kings,0022400337,2024-12-06T00:00:00,SAC @ SAS,W,23.583333333333332,9.2,10.7,0.857,6.1,6.1,1.0,0.0,0.0,0.0,1.5,3.1,4.6,4.6,1.5,0.0,0.0,0.0,1.5,0.0,24.4,35.1,35.3,0,0,39.7,1,1,13086,1,13240,4426,15915,1412,1229,10426,1,13505,14344,13505,10205,16543,15858,8455,12628,12854,8263,8846,17125,17725,4538,1387,10893,2246,150,6954,1,23:35
2024-25,1631216,Caleb Houstan,Caleb,1610612753,ORL,Orlando Magic,0022400333,2024-12-06T00:00:00,ORL @ PHI,L,4.8,0.0,0.0,0.0,0.0,0.0,0.0,0.0,0.0,0.0,0.0,0.0,0.0,0.0,0.0,0.0,0.0,0.0,0.0,0.0,0.0,7.5,0.0,0,0,0.0,1,13222,1,13222,24089,22635,24836,22635,15070,20945,15070,13505,14344,13505,14058,22137,23286,19908,16469,12854,8263,8846,20257,17725,23200,8880,25228,2246,150,25259,1,4:48
2024-25,1641712,Rayan Rupert,Rayan,1610612757,POR,Portland Trail Blazers,0022400339,2024-12-06T00:00:00,POR vs. UTA,L,16.083333333333332,2.2,6.7,0.333,0.0,4.5,0.0,0.0,0.0,0.0,2.2,2.2,4.5,4.5,2.2,0.0,0.0,0.0,2.2,2.2,4.5,-24.6,14.3,0,0,13.4,1,13222,1,13222,18872,20970,21877,17395,15070,14504,15070,13505,14344,13505,7461,18955,16103,8712,9353,12854,8263,8846,13932,11991,22305,22726,23391,2246,150,23576,1,16:05
2024-25,1630166,Deni Avdija,Deni,1610612757,POR,Portland Trail Blazers,0022400339,2024-12-06T00:00:00,POR vs. UTA,L,23.65,3.0,13.7,0.222,1.5,7.6,0.2,1.5,3.0,0.5,1.5,6.1,7.6,3.0,1.5,0.0,1.5,3.0,3.0,4.6,9.1,-21.3,25.9,0,0,24.4,1,13222,1,13222,13186,19331,10653,21205,11954,7151,13429,11747,9860,10625,10222,8129,8953,12778,12650,12854,4769,1290,10513,5007,18957,21915,17698,2246,150,18107,1,23:39
2024-25,1628978,Donte DiVincenzo,Donte,1610612750,MIN,Minnesota Timberwolves,0022400338,2024-12-06T00:00:00,MIN @ GSW,W,24.845,2.9,10.1,0.286,1.4,7.2,0.2,0.0,0.0,0.0,0.0,5.8,5.8,8.7,1.4,1.4,1.4,0.0,1.4,0.0,7.2,13.0,34.5,0,0,29.0,1,1,13086,1,12144,19661,16834,19630,12256,7946,13429,13505,14344,13505,14058,8800,12769,2277,13013,8641,5040,8846,17448,17725,20530,6380,11465,2246,150,14718,1,24:51
2024-25,1630581,Josh Giddey,Josh,1610612741,CHI,Chicago Bulls,0022400336,2024-12-06T00:00:00,CHI vs. IND,L,26.4,6.8,17.7,0.385,0.0,8.2,0.0,0.0,0.0,0.0,1.4,5.5,6.8,8.2,4.1,1.4,0.0,0.0,1.4,0.0,13.6,-13.6,34.1,0,0,31.4,1,13222,1,13222,10812,9377,4982,16070,15070,6111,15070,13505,14344,13505,10910,9658,10493,2717,3688,9120,8263,8846,17775,17725,14344,19354,11735,2246,150,12884,1,26:24
2024-25,1628976,Wendell Carter Jr.,Wendell,1610612753,ORL,Orlando Magic,0022400333,2024-12-06T00:00:00,ORL @ PHI,L,26.183333333333334,2.7,4.1,0.667,1.4,2.7,0.5,4.1,5.5,0.75,1.4,11.0,12.4,4.1,0.0,0.0,0.0,0.0,6.9,4.1,11.0,19.2,32.0,0,0,28.9,1,13222,1,13222,11021,19974,24036,3281,12541,18161,3944,5483,5189,8186,10857,1901,3217,9594,16469,12854,8263,8846,2083,5997,17179,4187,13296,2246,150,14801,1,26:11
2024-25,1641739,Toumani Camara,Toumani,1610612757,POR,Portland Trail Blazers,0022400339,2024-12-06T00:00:00,POR vs. UTA,L,8.1,0.0,17.8,0.0,0.0,17.8,0.0,0.0,0.0,0.0,0.0,0.0,0.0,4.4,0.0,4.4,0.0,0.0,8.9,4.4,0.0,-48.9,20.0,0,0,13.3,1,13222,1,13222,22780,22635,4926,22635,15070,356,15070,13505,14344,13505,14058,22137,23286,8773,16469,1265,8263,8846,999,5250,23200,25355,21168,2246,150,23602,1,8:06
2024-25,1629012,Collin Sexton,Collin,1610612762,UTA,Utah Jazz,0022400339,2024-12-06T00:00:00,UTA @ POR,W,23.316666666666666,9.3,21.6,0.429,0.0,3.1,0.0,6.2,6.2,1.0,0.0,3.1,3.1,10.8,0.0,0.0,0.0,1.5,0.0,6.2,24.7,47.9,44.6,0,0,38.6,1,1,13086,1,13450,4266,1980,13735,15070,17473,15070,2703,4260,1,14058,16442,19504,1066,16469,12854,8263,4611,20257,2420,4366,614,5358,2246,150,7643,1,23:19
2024-25,1631165,Keon Ellis,Keon,1610612758,SAC,Sacramento Kings,0022400337,2024-12-06T00:00:00,SAC @ SAS,W,20.7,1.7,7.0,0.25,1.7,7.0,0.25,0.0,0.0,0.0,0.0,1.7,1.7,5.2,0.0,7.0,1.7,0.0,3.5,0.0,5.2,55.7,41.2,0,0,31.3,1,1,13086,1,15489,21849,21612,20233,11285,8552,11902,13505,14344,13505,14058,20385,22249,6997,16469,303,4195,8846,8805,17725,21901,424,7041,2246,150,12922,1,20:42
2024-25,203497,Rudy Gobert,Rudy,1610612750,MIN,Minnesota Timberwolves,0022400338,2024-12-06T00:00:00,MIN @ GSW,W,35.2,6.1,10.2,0.6,0.0,0.0,0.0,5.1,5.1,1.0,2.0,9.2,11.2,1.0,3.1,1.0,0.0,1.0,3.1,3.1,17.4,19.4,32.4,1,0,31.7,1,1,13086,1,3316,11130,16689,5394,15070,20945,15070,3865,5731,1,8182,3307,4204,19614,6235,11736,8263,7725,10399,9008,10439,4131,13000,1,150,12621,1,35:12
2024-25,1641824,Matas Buzelis,Matas,1610612741,CHI,Chicago Bulls,0022400336,2024-12-06T00:00:00,CHI vs. IND,L,17.5,4.1,14.4,0.286,4.1,6.2,0.667,4.1,4.1,1.0,0.0,4.1,4.1,6.2,2.1,0.0,4.1,4.1,0.0,2.1,16.5,-2.1,40.9,0,0,39.1,1,13222,1,13222,17920,16810,9521,19630,3749,10258,1957,5503,7599,1,14058,13373,17033,5205,10225,12854,857,613,20257,12811,11434,14079,7205,2246,150,7327,1,17:30
2024-25,1642277,Johnny Furphy,Johnny,1610612754,IND,Indiana Pacers,0022400336,2024-12-06T00:00:00,IND @ CHI,W,9.838333333333333,7.3,7.3,1.0,3.7,3.7,1.0,0.0,0.0,0.0,3.7,3.7,7.3,0.0,0.0,0.0,0.0,0.0,7.3,0.0,18.3,14.6,27.1,0,0,29.3,1,1,13086,1,22154,8192,21184,1,4786,16310,1,13505,14344,13505,4108,14759,9536,19908,16469,12854,8263,8846,1767,17725,9533,5765,16883,2246,150,14501,1,9:50
2024-25,1630322,Lindy Waters III,Lindy,1610612744,GSW,Golden State Warriors,0022400338,2024-12-06T00:00:00,GSW vs. MIN,L,19.718333333333334,3.7,12.8,0.286,3.7,12.8,0.286,0.0,0.0,0.0,0.0,0.0,0.0,0.0,1.8,0.0,0.0,0.0,1.8,0.0,11.0,-5.5,9.1,0,0,14.6,1,13222,1,13222,16245,17967,12259,19630,4800,1402,11433,13505,14344,13505,14058,22137,23286,19908,11436,12854,8263,8846,16063,17725,17215,15824,24550,2246,150,23214,1,19:43
2024-25,1630231,KJ Martin,KJ,1610612755,PHI,Philadelphia 76ers,0022400333,2024-12-06T00:00:00,PHI vs. ORL,W,31.865,10.2,11.3,0.9,1.1,2.3,0.5,1.1,1.1,1.0,2.3,1.1,3.4,2.3,0.0,0.0,0.0,0.0,2.3,1.1,22.6,7.9,30.1,0,0,29.4,1,1,13086,1,6097,3049,14832,1303,13769,19068,3944,12816,13995,1,7383,21685,18801,15394,16469,12854,8263,8846,13823,16771,5783,8682,14760,2246,150,14430,1,31:52
2024-25,1631169,Josh Minott,Josh,1610612750,MIN,Minnesota Timberwolves,0022400338,2024-12-06T00:00:00,MIN @ GSW,W,4.983333333333333,0.0,7.2,0.0,0.0,7.2,0.0,0.0,0.0,0.0,0.0,0.0,0.0,0.0,7.2,7.2,0.0,0.0,0.0,0.0,0.0,-43.3,14.4,0,0,14.4,1,1,13086,1,23997,22635,21291,22635,15070,7999,15070,13505,14344,13505,14058,22137,23286,19908,803,270,8263,8846,20257,17725,23200,25084,23349,2246,150,23273,1,4:59
2024-25,1641763,Julian Phillips,Julian,1610612741,CHI,Chicago Bulls,0022400336,2024-12-06T00:00:00,CHI vs. IND,L,11.816666666666666,3.0,6.1,0.5,0.0,3.0,0.0,0.0,0.0,0.0,3.0,0.0,3.0,0.0,0.0,3.0,0.0,0.0,0.0,0.0,6.1,-30.5,18.9,0,0,15.2,1,13222,1,13222,21371,19326,22517,8526,15070,17560,15070,13505,14344,13505,5235,22137,19589,19908,16469,3057,8263,8846,20257,17725,21320,23809,21709,2246,150,22979,1,11:49
2024-25,1641716,Jarace Walker,Jarace,1610612754,IND,Indiana Pacers,0022400336,2024-12-06T00:00:00,IND @ CHI,W,23.533333333333335,4.6,9.2,0.5,1.5,4.6,0.333,0.0,0.0,0.0,1.5,6.1,7.6,6.1,0.0,1.5,0.0,0.0,1.5,0.0,10.7,13.8,33.7,0,0,29.1,1,1,13086,1,13284,15526,18445,8526,11926,14221,9209,13505,14344,13505,10191,8056,8885,5300,16469,8274,8263,8846,17114,17725,17468,6092,12072,2246,150,14650,1,23:32
2024-25,1626172,Kevon Looney,Kevon,1610612744,GSW,Golden State Warriors,0022400338,2024-12-06T00:00:00,GSW vs. MIN,L,22.183333333333334,1.6,1.6,1.0,0.0,0.0,0.0,0.0,0.0,0.0,1.6,6.5,8.1,4.9,0.0,1.6,1.6,0.0,3.2,1.6,3.2,-17.9,30.0,0,0,22.7,1,13222,1,13222,14357,22002,24811,1,15070,20945,15070,13505,14344,13505,9831,7330,8068,7759,16469,7909,4498,8846,9675,14550,22870,20885,14777,2246,150,19200,1,22:11
2024-25,1630700,Dyson Daniels,Dyson,1610612737,ATL,Atlanta Hawks,0022400334,2024-12-06T00:00:00,ATL vs. LAL,W,35.70166666666667,5.0,8.1,0.625,1.0,2.0,0.5,0.0,0.0,0.0,3.0,1.0,4.0,5.0,1.0,4.0,0.0,1.0,3.0,3.0,11.1,-9.1,34.6,0,0,29.2,1,1,13086,1,2903,14264,20150,4899,14497,19524,3944,13505,14344,13505,5281,21954,17237,7379,15791,1602,8263,7849,10608,9148,17106,17466,11387,2246,150,14519,1,35:42
2024-25,203952,Andrew Wiggins,Andrew,1610612744,GSW,Golden State Warriors,0022400338,2024-12-06T00:00:00,GSW vs. MIN,L,19.4,5.6,14.8,0.375,1.9,5.6,0.333,7.4,7.4,1.0,1.9,1.9,3.7,0.0,3.7,1.9,0.0,1.9,0.0,3.7,20.4,-1.9,26.7,0,0,29.7,1,13222,1,13222,16499,12798,8830,16299,10850,11799,9209,1716,2977,1,9014,20093,18036,19908,4532,6998,8263,3718,20257,7102,7572,13951,17137,2246,150,14169,1,19:24
2024-25,1626162,Kelly Oubre Jr.,Kelly,1610612755,PHI,Philadelphia 76ers,0022400333,2024-12-06T00:00:00,PHI vs. ORL,W,34.86666666666667,5.2,10.3,0.5,1.0,3.1,0.333,2.1,4.1,0.5,1.0,9.3,10.3,0.0,2.1,2.1,0.0,1.0,1.0,4.1,13.4,10.3,29.9,1,0,28.9,1,1,13086,1,3564,13913,16513,8526,14349,17462,9209,10422,7567,10625,13006,3212,5092,19908,10183,5932,8263,7639,19511,5982,14592,7550,14838,1,150,14775,1,34:52
2024-25,1631218,Trayce Jackson-Davis,Trayce,1610612744,GSW,Golden State Warriors,0022400338,2024-12-06T00:00:00,GSW vs. MIN,L,11.366666666666667,3.2,12.7,0.25,0.0,0.0,0.0,3.2,6.3,0.5,9.5,3.2,12.7,3.2,3.2,0.0,0.0,3.2,3.2,3.2,9.5,-15.8,26.3,0,0,25.3,1,13222,1,13222,21548,19062,12441,20233,15070,20945,15070,7396,4083,10625,474,16201,3020,12427,5916,12854,8263,1179,10007,8673,18634,20209,17420,2246,150,17403,1,11:22
2024-25,1630245,Ayo Dosunmu,Ayo,1610612741,CHI,Chicago Bulls,0022400336,2024-12-06T00:00:00,CHI vs. IND,L,32.4,6.7,8.9,0.75,3.3,5.6,0.6,0.0,0.0,0.0,0.0,2.2,2.2,5.6,1.1,2.2,2.2,0.0,3.3,0.0,16.7,1.1,39.9,0,0,36.7,1,13222,1,13222,5635,9769,18876,2107,5564,11828,2992,13505,14344,13505,14058,19004,21369,6331,15057,5303,2900,8846,9320,17725,11204,12074,7829,2246,150,8937,1,32:24
2024-25,1631099,Keegan Murray,Keegan,1610612758,SAC,Sacramento Kings,0022400337,2024-12-06T00:00:00,SAC @ SAS,W,33.31666666666667,7.6,11.9,0.636,3.2,5.4,0.6,0.0,0.0,0.0,0.0,6.5,6.5,1.1,1.1,0.0,2.2,0.0,3.2,0.0,18.4,7.6,33.2,0,0,33.5,1,1,13086,1,4886,7615,13786,4689,5844,12209,2992,13505,14344,13505,14058,7349,11213,19410,15271,12854,3042,8846,9687,17725,9446,8857,12453,2246,150,11244,1,33:19
2024-25,202331,Paul George,Paul,1610612755,PHI,Philadelphia 76ers,0022400333,2024-12-06T00:00:00,PHI vs. ORL,W,36.916666666666664,7.8,18.5,0.421,2.0,6.8,0.286,2.9,3.9,0.75,0.0,3.9,3.9,8.8,2.0,1.0,0.0,0.0,2.9,2.9,20.5,6.8,39.3,0,0,37.1,1,1,13086,1,2050,7060,4194,14442,10392,8836,11433,8023,8036,8186,14058,14022,17568,2201,10778,12166,8263,8846,11057,9504,7519,9220,8197,2246,150,8689,1,36:55
2024-25,1629014,Anfernee Simons,Anfernee,1610612757,POR,Portland Trail Blazers,0022400339,2024-12-06T00:00:00,POR vs. UTA,L,27.983333333333334,7.7,19.3,0.4,2.6,9.0,0.286,0.0,0.0,0.0,1.3,5.1,6.4,6.4,0.0,0.0,0.0,2.6,3.9,2.6,18.0,-43.7,35.4,0,0,33.4,1,13222,1,13222,9556,7229,3496,14933,7907,4819,11433,13505,14344,13505,11259,10433,11311,4809,16469,12854,8263,1914,7579,10725,9824,25105,10819,2246,150,11281,1,27:59
2024-25,1626156,D'Angelo Russell,D'Angelo,1610612747,LAL,Los Angeles Lakers,0022400334,2024-12-06T00:00:00,LAL @ ATL,L,20.655,5.2,15.7,0.333,3.5,7.0,0.5,0.0,0.0,0.0,1.7,3.5,5.2,5.2,3.5,0.0,0.0,3.5,1.7,5.2,13.9,-7.0,24.6,0,0,27.9,1,13222,1,13222,15522,13737,7563,17395,5179,8515,3944,13505,14344,13505,9440,15279,14214,6986,5041,12854,8263,925,16406,3731,13998,16494,18558,2246,150,15512,1,20:39
2024-25,1642268,Isaiah Collier,Isaiah,1610612762,UTA,Utah Jazz,0022400339,2024-12-06T00:00:00,UTA @ POR,W,23.033333333333335,7.8,20.3,0.385,1.6,4.7,0.333,1.6,3.1,0.5,0.0,6.3,6.3,10.9,4.7,4.7,0.0,1.6,1.6,1.6,18.8,21.9,52.0,0,0,46.9,1,1,13086,1,13699,7035,2753,16070,11812,13988,9209,11660,9654,10625,14058,7785,11707,1016,2730,1094,8263,4545,16984,14749,9075,3486,2695,2246,150,3523,1,23:02
2024-25,1630168,Onyeka Okongwu,Onyeka,1610612737,ATL,Atlanta Hawks,0022400334,2024-12-06T00:00:00,ATL vs. LAL,W,29.083333333333332,8.7,13.6,0.636,0.0,1.2,0.0,1.2,3.7,0.333,3.7,3.7,7.4,0.0,1.2,0.0,1.2,3.7,7.4,2.5,18.6,2.5,30.0,0,0,28.5,1,1,13086,1,8609,5320,10803,4689,15070,20569,15070,12482,8455,13132,4015,14592,9308,19908,14176,12854,5951,792,1692,11076,9249,11386,14828,2246,150,15096,1,29:05
2024-25,1630572,Sandro Mamukelashvili,Sandro,1610612759,SAS,San Antonio Spurs,0022400337,2024-12-06T00:00:00,SAS vs. SAC,L,17.233333333333334,4.2,8.4,0.5,2.1,6.3,0.333,6.3,12.5,0.5,4.2,8.4,12.5,2.1,0.0,0.0,0.0,0.0,2.1,6.3,16.7,-20.9,34.9,0,0,33.4,1,13222,1,13222,18112,16650,19713,8526,9733,10048,9209,2623,664,10625,3328,4208,3106,16039,16469,12854,8263,8846,14659,2316,11155,21804,11132,2246,150,11295,1,17:14
2024-25,1629614,Andrew Nembhard,Andrew,1610612754,IND,Indiana Pacers,0022400336,2024-12-06T00:00:00,IND @ CHI,W,21.616666666666667,6.7,8.3,0.8,0.0,1.7,0.0,0.0,0.0,0.0,0.0,10.0,10.0,6.7,1.7,3.3,0.0,0.0,1.7,0.0,13.3,6.7,43.6,0,0,36.6,1,1,13086,1,14834,9796,19754,1688,15070,20086,15070,13505,14344,13505,14058,2594,5438,4483,12063,2499,8263,8846,16636,17725,14721,9305,5834,2246,150,8956,1,21:37
2024-25,1629646,Charles Bassey,Charles,1610612759,SAS,San Antonio Spurs,0022400337,2024-12-06T00:00:00,SAS vs. SAC,L,25.533333333333335,4.2,7.0,0.6,0.0,0.0,0.0,1.4,4.2,0.333,1.4,8.5,9.9,0.0,2.8,0.0,4.2,0.0,4.2,4.2,9.9,-36.7,31.6,0,0,28.2,1,13222,1,13222,11556,16513,21504,5394,15070,20945,15070,11998,7358,13132,10695,4100,5574,19908,7147,12854,801,8846,6473,5763,18285,24585,13625,2246,150,15296,1,25:32
2024-25,1631110,Jeremy Sochan,Jeremy,1610612759,SAS,San Antonio Spurs,0022400337,2024-12-06T00:00:00,SAS vs. SAC,L,21.233333333333334,8.5,17.0,0.5,1.7,3.4,0.5,5.1,5.1,1.0,3.4,5.1,8.5,3.4,3.4,0.0,0.0,3.4,5.1,3.4,23.7,-22.0,35.6,0,0,37.3,1,13222,1,13222,15129,5656,5853,8526,11412,16879,3944,3912,5780,1,4556,10616,7506,11702,5249,12854,8263,1002,4409,7974,4968,22072,10651,2246,150,8505,1,21:14
2024-25,1627824,Guerschon Yabusele,Guerschon,1610612755,PHI,Philadelphia 76ers,0022400333,2024-12-06T00:00:00,PHI vs. ORL,W,33.2,5.4,8.7,0.625,1.1,3.3,0.333,5.4,9.8,0.556,0.0,3.3,3.3,4.3,2.2,1.1,0.0,1.1,2.2,7.6,17.3,-5.4,28.8,0,0,28.2,1,1,13086,1,4987,13210,19232,4899,14045,17172,9209,3510,1480,10597,14058,15927,19103,9042,9642,11152,8263,7191,14251,1267,10474,15794,15601,2246,150,15300,1,33:12
2024-25,1629060,Rui Hachimura,Rui,1610612747,LAL,Los Angeles Lakers,0022400334,2024-12-06T00:00:00,LAL @ ATL,L,40.6,4.4,5.3,0.833,1.8,1.8,1.0,0.0,0.0,0.0,1.8,6.2,8.0,0.9,0.0,1.8,1.8,0.0,1.8,0.9,10.6,4.4,32.2,0,0,28.4,1,13222,1,13222,435,15969,23241,1514,11176,19956,1,13505,14344,13505,9341,7878,8304,19874,16469,7359,4116,8846,16290,17678,17520,10416,13186,2246,150,15163,1,40:36
2024-25,1631200,Kris Murray,Kris,1610612757,POR,Portland Trail Blazers,0022400339,2024-12-06T00:00:00,POR vs. UTA,L,19.5,11.1,16.6,0.667,1.8,1.8,1.0,1.8,1.8,1.0,1.8,1.8,3.7,1.8,0.0,0.0,0.0,1.8,3.7,1.8,25.8,-20.3,33.0,0,0,33.2,1,13222,1,13222,16419,2200,6279,3281,10892,19839,1,11127,13118,1,9058,20119,18087,16944,16469,12854,8263,3752,8110,13750,3751,21634,12559,2246,150,11458,1,19:30
2024-25,203897,Zach LaVine,Zach,1610612741,CHI,Chicago Bulls,0022400336,2024-12-06T00:00:00,CHI vs. IND,L,33.86666666666667,12.8,23.4,0.545,5.3,9.6,0.556,3.2,5.3,0.6,0.0,3.2,3.2,3.2,4.3,1.1,0.0,0.0,1.1,3.2,34.0,-8.5,41.6,0,0,47.8,1,13222,1,13222,4385,1126,1256,7695,1934,4017,3747,7356,5440,10343,14058,16122,19261,12359,3411,11359,8263,8846,19319,8597,1130,17184,6850,2246,150,3208,1,33:52
2024-25,1629659,Talen Horton-Tucker,Talen,1610612741,CHI,Chicago Bulls,0022400336,2024-12-06T00:00:00,CHI vs. IND,L,6.3,5.7,11.4,0.5,0.0,0.0,0.0,0.0,0.0,0.0,0.0,5.7,5.7,0.0,5.7,5.7,0.0,0.0,5.7,0.0,11.4,-45.7,29.7,0,0,28.6,1,13222,1,13222,23456,12371,14607,8526,15070,20945,15070,13505,14344,13505,14058,9007,12975,19908,1632,564,8263,8846,3362,17725,16749,25214,15017,2246,150,15011,1,6:18
2024-25,1630552,Jalen Johnson,Jalen,1610612737,ATL,Atlanta Hawks,0022400334,2024-12-06T00:00:00,ATL vs. LAL,W,34.666666666666664,4.2,8.3,0.5,1.0,4.2,0.25,3.1,4.2,0.75,0.0,10.4,10.4,7.3,6.2,1.0,0.0,0.0,4.2,2.1,12.5,6.2,32.7,1,0,33.2,1,1,13086,1,3721,16718,19782,8526,14316,15219,11902,7504,7515,8186,14058,2295,5018,3663,1257,11601,8263,8846,6683,12725,15637,9501,12793,1,150,11458,1,34:40
2024-25,1629028,Deandre Ayton,Deandre,1610612757,POR,Portland Trail Blazers,0022400339,2024-12-06T00:00:00,POR vs. UTA,L,17.45,6.2,14.4,0.429,0.0,0.0,0.0,0.0,4.1,0.0,0.0,8.3,8.3,0.0,4.1,2.1,4.1,2.1,2.1,2.1,12.4,-59.8,36.7,0,0,33.0,1,13222,1,13222,17959,10993,9447,13735,15070,20945,15070,13505,7576,13505,14058,4350,7849,19908,3616,5945,852,3017,14796,12789,15741,25684,9877,2246,150,11646,1,17:27
2024-25,2544,LeBron James,LeBron,1610612747,LAL,Los Angeles Lakers,0022400334,2024-12-06T00:00:00,LAL @ ATL,L,43.36666666666667,11.6,20.8,0.56,5.0,9.1,0.545,4.2,5.0,0.833,0.0,8.3,8.3,9.1,3.3,1.7,2.5,0.8,2.5,5.0,32.4,2.5,65.2,1,1,63.1,1,13222,1,13222,122,1793,2482,7232,2302,4629,3863,5439,5961,7275,14058,4283,7768,1911,5451,7768,2402,8803,12841,4154,1445,11376,687,1,1,573,1,43:22
2024-25,1629027,Trae Young,Trae,1610612737,ATL,Atlanta Hawks,0022400334,2024-12-06T00:00:00,ATL vs. LAL,W,42.093333333333334,7.7,21.4,0.36,4.3,11.1,0.385,6.8,6.8,1.0,0.0,3.4,3.4,17.1,2.6,1.7,0.0,1.7,0.9,4.3,26.5,-5.1,58.8,1,0,54.7,1,1,13086,1,251,7277,2113,17134,3437,2399,8766,2128,3529,1,14058,15463,18736,162,7997,7570,8263,4120,20207,5658,3426,15667,1359,1,150,1498,1,42:06
2024-25,1629632,Coby White,Coby,1610612741,CHI,Chicago Bulls,0022400336,2024-12-06T00:00:00,CHI vs. IND,L,31.946666666666665,7.9,21.4,0.368,4.5,13.5,0.333,1.1,1.1,1.0,0.0,4.5,4.5,10.1,2.3,1.1,0.0,1.1,2.3,2.3,21.4,7.9,43.2,0,0,42.8,1,13222,1,13222,6026,6866,2088,16823,3061,1085,9209,12833,14000,1,14058,12248,16042,1364,9292,10804,8263,6820,13859,11923,6724,8690,6058,2246,150,5241,1,31:57
2024-25,201144,Mike Conley,Mike,1610612750,MIN,Minnesota Timberwolves,0022400338,2024-12-06T00:00:00,MIN @ GSW,W,26.888333333333332,6.7,16.1,0.417,4.0,12.0,0.333,0.0,0.0,0.0,0.0,5.4,5.4,5.4,4.0,4.0,1.3,0.0,2.7,0.0,17.4,16.1,43.9,0,0,42.8,1,1,13086,1,10432,9694,7027,14532,3964,1753,9209,13505,14344,13505,14058,9885,13905,6714,3852,1617,5490,8846,12130,17725,10423,5228,5710,2246,150,5225,1,26:53
2024-25,1630532,Franz Wagner,Franz,1610612753,ORL,Orlando Magic,0022400333,2024-12-06T00:00:00,ORL @ PHI,L,38.266666666666666,9.4,21.6,0.435,2.8,11.3,0.25,6.6,6.6,1.0,0.0,4.7,4.7,4.7,3.8,0.9,0.9,0.0,1.9,6.6,28.2,-4.7,42.8,0,0,44.2,1,13222,1,13222,1236,4016,1965,13702,7149,2263,11902,2331,3790,1,14058,11689,15553,8178,4408,12433,7890,8846,15776,2002,2701,15421,6221,2246,150,4587,1,38:16
2024-25,1629640,Keldon Johnson,Keldon,1610612759,SAS,San Antonio Spurs,0022400337,2024-12-06T00:00:00,SAS vs. SAC,L,21.75,9.9,26.5,0.375,1.7,9.9,0.167,1.7,1.7,1.0,3.3,5.0,8.3,0.0,0.0,3.3,1.7,3.3,1.7,3.3,23.2,-18.2,48.0,0,0,43.0,1,13222,1,13222,14717,3291,563,16299,11522,3578,14236,11494,13334,1,4726,10974,7801,19908,16469,2542,4404,1056,16681,8219,5370,20993,3973,2246,150,5123,1,21:45
2024-25,1630568,Luka Garza,Luka,1610612750,MIN,Minnesota Timberwolves,0022400338,2024-12-06T00:00:00,MIN @ GSW,W,2.2,16.4,32.7,0.5,0.0,16.4,0.0,0.0,0.0,0.0,16.4,0.0,16.4,0.0,0.0,0.0,0.0,0.0,0.0,0.0,32.7,-65.5,52.4,0,0,49.1,1,1,13086,1,25366,329,173,8526,15070,470,15070,13505,14344,13505,100,22137,1303,19908,16469,12854,8263,8846,20257,17725,1376,25802,2628,2246,150,2809,1,2:12
2024-25,1628369,Jayson Tatum,Jayson,1610612738,BOS,Boston Celtics,0022400335,2024-12-06T00:00:00,BOS vs. MIL,W,37.05,11.7,19.4,0.6,3.9,9.7,0.4,5.8,7.8,0.75,1.0,8.7,9.7,4.9,1.0,0.0,0.0,0.0,3.9,5.8,33.0,13.6,51.0,1,0,51.5,1,1,13086,1,1957,1751,3396,5394,4229,3829,7874,3050,2688,8186,13481,3777,5778,7781,16012,12854,8263,8846,7491,2846,1312,6164,2986,1,150,2144,1,37:03
2024-25,101108,Chris Paul,Chris,1610612759,SAS,San Antonio Spurs,0022400337,2024-12-06T00:00:00,SAS vs. SAC,L,29.183333333333334,4.9,9.9,0.5,1.2,4.9,0.25,2.5,2.5,1.0,3.7,6.2,9.9,16.0,3.7,1.2,0.0,0.0,1.2,1.2,13.6,1.2,49.5,1,0,43.2,1,13222,1,13222,8521,14592,17305,8526,13181,13354,11902,9143,11291,1,4034,7977,5576,213,4554,9915,8263,8846,18358,16215,14417,11985,3434,1,150,5059,1,29:11
2024-25,203944,Julius Randle,Julius,1610612750,MIN,Minnesota Timberwolves,0022400338,2024-12-06T00:00:00,MIN @ GSW,W,24.133333333333333,7.5,16.4,0.455,3.0,6.0,0.5,6.0,6.0,1.0,3.0,10.4,13.4,6.0,4.5,1.5,0.0,0.0,1.5,3.0,23.9,4.5,48.9,0,0,49.2,1,1,13086,1,12774,7872,6531,12676,6578,10762,3944,2897,4515,1,5383,2267,2526,5560,3033,8446,8263,8846,17255,9320,4896,10399,3655,2246,150,2750,1,24:08
2024-25,1630162,Anthony Edwards,Anthony,1610612750,MIN,Minnesota Timberwolves,0022400338,2024-12-06T00:00:00,MIN @ GSW,W,34.95,11.3,18.5,0.611,4.1,10.3,0.4,4.1,4.1,1.0,0.0,4.1,4.1,9.3,4.1,1.0,2.1,0.0,1.0,5.2,30.9,23.7,54.9,0,0,54.6,1,1,13086,1,3500,1981,4185,5351,3739,3155,7874,5492,7589,1,14058,13351,17021,1827,3629,11673,3319,8846,19531,3852,1801,3104,2010,2246,150,1532,1,34:57
2024-25,1631115,Orlando Robinson,Orlando,1610612758,SAC,Sacramento Kings,0022400337,2024-12-06T00:00:00,SAC @ SAS,W,8.933333333333334,8.1,16.1,0.5,0.0,4.0,0.0,4.0,8.1,0.5,0.0,4.0,4.0,16.1,0.0,4.0,4.0,0.0,8.1,4.0,20.1,12.1,73.3,0,0,56.4,1,1,13086,1,22477,6507,6946,8526,15070,15515,15070,5646,2479,10625,14058,13625,17241,207,16469,1605,903,8846,1336,6229,7790,6760,328,2246,150,1244,1,8:56
2024-25,1641732,Colby Jones,Colby,1610612758,SAC,Sacramento Kings,0022400337,2024-12-06T00:00:00,SAC @ SAS,W,4.2,17.1,17.1,1.0,8.6,8.6,1.0,0.0,0.0,0.0,0.0,0.0,0.0,0.0,0.0,0.0,8.6,0.0,8.6,0.0,42.9,51.4,68.6,0,0,68.6,1,1,13086,1,24380,266,5641,1,355,5458,1,13505,14344,13505,14058,22137,23286,19908,16469,12854,123,8846,1108,17725,321,525,497,2246,150,356,1,4:12
2024-25,203076,Anthony Davis,Anthony,1610612747,LAL,Los Angeles Lakers,0022400334,2024-12-06T00:00:00,LAL @ ATL,L,41.516666666666666,13.0,23.4,0.556,0.0,2.6,0.0,6.9,6.9,1.0,2.6,6.1,8.7,6.9,5.2,0.9,1.7,0.0,2.6,6.9,33.0,5.2,56.4,1,0,53.8,1,13222,1,13222,298,1033,1244,7248,15070,18452,15070,2049,3430,1,6339,8178,7203,4087,2112,12762,4215,8846,12423,1701,1335,10002,1751,1,150,1661,1,41:31
2024-25,203081,Damian Lillard,Damian,1610612749,MIL,Milwaukee Bucks,0022400335,2024-12-06T00:00:00,MIL @ BOS,L,40.45333333333333,10.7,22.2,0.48,3.6,10.7,0.333,2.7,2.7,1.0,0.9,3.6,4.4,3.6,0.9,0.9,0.0,0.9,2.7,5.3,27.6,-6.2,40.0,0,0,40.9,1,13222,1,13222,460,2535,1713,11962,5010,2804,9209,8644,10815,1,13933,15059,16171,11214,16367,12708,8263,8702,12169,3575,2936,16175,7737,2246,150,6244,1,40:27
2024-25,1629234,Drew Eubanks,Drew,1610612762,UTA,Utah Jazz,0022400339,2024-12-06T00:00:00,UTA @ POR,W,17.433333333333334,8.3,12.4,0.667,0.0,0.0,0.0,8.3,8.3,1.0,4.1,14.5,18.6,4.1,0.0,2.1,4.1,2.1,4.1,6.2,24.8,14.5,71.9,0,0,59.9,1,1,13086,1,17972,6063,12908,3281,15070,20945,15070,1293,2343,1,3396,666,778,9575,16469,5932,848,3011,6740,2397,4318,5837,373,2246,150,837,1,17:26
2024-25,1629021,Moritz Wagner,Moritz,1610612753,ORL,Orlando Magic,0022400333,2024-12-06T00:00:00,ORL @ PHI,L,17.7,10.2,14.2,0.714,4.1,6.1,0.667,0.0,0.0,0.0,4.1,14.2,18.3,4.1,4.1,0.0,0.0,0.0,2.0,0.0,24.4,-26.4,48.4,0,0,50.8,1,13222,1,13222,17779,3046,9778,2752,3854,10434,1957,13505,14344,13505,3496,708,829,9751,3745,12854,8263,8846,14948,17725,4544,23119,3845,2246,150,2305,1,17:42
2024-25,1631117,Walker Kessler,Walker,1610612762,UTA,Utah Jazz,0022400339,2024-12-06T00:00:00,UTA @ POR,W,30.566666666666666,5.9,9.4,0.625,0.0,0.0,0.0,3.5,4.7,0.75,7.1,13.0,20.0,2.4,2.4,0.0,5.9,1.2,0.0,5.9,15.3,41.2,58.2,1,0,49.5,1,1,13086,1,7262,11833,18079,4899,15070,20945,15070,6635,6461,8186,1118,1028,526,15034,8832,12854,328,6420,20257,2762,12611,891,1455,1,150,2676,1,30:34
2024-25,1626171,Bobby Portis,Bobby,1610612749,MIL,Milwaukee Bucks,0022400335,2024-12-06T00:00:00,MIL @ BOS,L,20.866666666666667,6.9,25.9,0.267,0.0,6.9,0.0,1.7,3.5,0.5,12.1,19.0,31.1,5.2,1.7,0.0,0.0,1.7,3.5,1.7,15.5,12.1,58.8,0,0,51.8,1,13222,1,13222,15383,9153,662,20170,15070,8662,15070,11368,8984,10625,237,209,75,7075,11817,12854,8263,4079,8886,14193,12396,6763,1361,2246,150,2090,1,20:52
2024-25,203110,Draymond Green,Draymond,1610612744,GSW,Golden State Warriors,0022400338,2024-12-06T00:00:00,GSW vs. MIN,L,26.483333333333334,5.4,10.9,0.5,1.4,5.4,0.25,1.4,1.4,1.0,1.4,10.9,12.2,8.2,2.7,2.7,1.4,1.4,4.1,1.4,13.6,-20.4,50.0,0,0,43.5,1,13222,1,13222,10745,13165,15559,8526,12606,12117,11902,12137,13648,1,10931,1968,3323,2736,7470,3864,5409,5362,6908,15624,14385,21669,3265,2246,150,4918,1,26:29
2024-25,1630577,Julian Champagnie,Julian,1610612759,SAS,San Antonio Spurs,0022400337,2024-12-06T00:00:00,SAS vs. SAC,L,34.68333333333333,8.3,16.6,0.5,6.2,12.5,0.5,8.3,8.3,1.0,0.0,3.1,3.1,1.0,1.0,1.0,0.0,1.0,2.1,3.1,31.1,-8.3,38.5,0,0,43.6,1,13222,1,13222,3705,5975,6294,8526,1147,1550,3944,1278,2323,1,14058,16375,19447,19566,15579,11608,8263,7598,14724,8839,1746,17097,8707,2246,150,4876,1,34:41
2024-25,1630573,Sam Hauser,Sam,1610612738,BOS,Boston Celtics,0022400335,2024-12-06T00:00:00,BOS vs. MIL,W,24.483333333333334,8.8,14.7,0.6,5.9,11.8,0.5,0.0,0.0,0.0,1.5,2.9,4.4,1.5,0.0,1.5,1.5,0.0,2.9,0.0,23.5,-10.3,39.8,0,0,41.2,1,1,13086,1,12492,5023,9047,5394,1397,1922,3944,13505,14344,13505,10434,16930,16259,18093,16469,8529,4959,8846,10976,17725,5109,18028,7851,2246,150,6096,1,24:29
2024-25,201950,Jrue Holiday,Jrue,1610612738,BOS,Boston Celtics,0022400335,2024-12-06T00:00:00,BOS vs. MIL,W,34.1,7.4,14.8,0.5,4.2,9.5,0.444,2.1,2.1,1.0,1.1,4.2,5.3,6.3,0.0,1.1,1.1,1.1,4.2,2.1,21.1,4.2,43.3,0,0,41.2,1,1,13086,1,4167,8035,8938,8526,3526,4104,7211,10257,12387,1,12832,13050,14095,4968,16469,11437,7093,7439,6493,12561,6987,10531,5993,2246,150,6095,1,34:06
2024-25,1629004,Svi Mykhailiuk,Svi,1610612762,UTA,Utah Jazz,0022400339,2024-12-06T00:00:00,UTA @ POR,W,21.483333333333334,8.4,11.7,0.714,5.0,6.7,0.75,0.0,0.0,0.0,1.7,11.7,13.4,6.7,5.0,1.7,0.0,0.0,3.4,1.7,21.8,45.2,47.9,0,0,50.3,1,1,13086,1,14946,5840,14060,2752,2237,9099,1542,13505,14344,13505,9653,1515,2545,4425,2309,7695,8263,8846,9243,14346,6393,695,4005,2246,150,2455,1,21:29
2024-25,1630167,Obi Toppin,Obi,1610612754,IND,Indiana Pacers,0022400336,2024-12-06T00:00:00,IND @ CHI,W,21.316666666666666,10.1,13.5,0.75,5.1,6.8,0.75,3.4,3.4,1.0,0.0,11.8,11.8,8.4,1.7,0.0,1.7,1.7,3.4,1.7,28.7,0.0,58.9,0,0,57.4,1,1,13086,1,15054,3079,10987,2107,2195,9005,1542,6940,9147,1,14058,1460,3640,2469,11964,12854,4319,4178,9161,14312,2523,12240,1339,2246,150,1114,1,21:19
2024-25,1630228,Jonathan Kuminga,Jonathan,1610612744,GSW,Golden State Warriors,0022400338,2024-12-06T00:00:00,GSW vs. MIN,L,28.641666666666666,7.5,18.9,0.4,1.3,5.0,0.25,0.0,0.0,0.0,1.3,1.3,2.5,1.3,3.8,1.3,1.3,0.0,3.8,1.3,16.3,-8.8,25.0,0,0,26.4,1,13222,1,13222,8992,7662,3879,14933,13056,13145,11902,13505,14344,13505,11443,21374,20781,18814,4393,9744,5869,8846,7833,16098,11565,17332,18278,2246,150,16624,1,28:39
2024-25,201143,Al Horford,Al,1610612738,BOS,Boston Celtics,0022400335,2024-12-06T00:00:00,BOS vs. MIL,W,36.416666666666664,3.0,7.9,0.375,2.0,6.9,0.286,0.0,0.0,0.0,0.0,8.9,8.9,3.0,2.0,0.0,2.0,0.0,3.0,0.0,7.9,4.0,27.0,0,0,25.7,1,1,13086,1,2394,19497,20402,16299,10257,8624,11433,13505,14344,13505,14058,3608,6892,13037,10629,12854,3545,8846,10867,17725,19989,10675,16958,2246,150,17138,1,36:25
2024-25,1641764,Brandin Podziemski,Brandin,1610612744,GSW,Golden State Warriors,0022400338,2024-12-06T00:00:00,GSW vs. MIN,L,24.828333333333333,4.3,10.1,0.429,2.9,7.2,0.4,0.0,0.0,0.0,0.0,8.7,8.7,2.9,2.9,2.9,0.0,0.0,0.0,1.4,11.6,-23.2,32.2,0,0,31.9,1,13222,1,13222,12160,16204,16823,13735,6870,7936,7874,13505,14344,13505,14058,3839,7170,13275,6844,3409,8263,8846,20257,15245,16572,22383,13184,2246,150,12460,1,24:50
2024-25,203926,Doug McDermott,Doug,1610612758,SAC,Sacramento Kings,0022400337,2024-12-06T00:00:00,SAC @ SAS,W,3.183333333333333,11.3,11.3,1.0,11.3,11.3,1.0,0.0,0.0,0.0,0.0,0.0,0.0,0.0,0.0,0.0,0.0,0.0,11.3,0.0,33.9,90.5,33.9,0,0,45.2,1,1,13086,1,24904,1998,14808,1,146,2246,1,13505,14344,13505,14058,22137,23286,19908,16469,12854,8263,8846,496,17725,1136,104,11872,2246,150,4137,1,3:11
2024-25,1630188,Jalen Smith,Jalen,1610612741,CHI,Chicago Bulls,0022400336,2024-12-06T00:00:00,CHI vs. IND,L,18.15,6.0,11.9,0.5,0.0,6.0,0.0,7.9,7.9,1.0,6.0,7.9,13.9,0.0,0.0,0.0,2.0,0.0,2.0,4.0,19.8,0.0,42.4,0,0,37.7,1,13222,1,13222,17469,11651,13758,8526,15070,10804,15070,1442,2563,1,1646,4802,2291,19908,16469,12854,3525,8846,15239,6408,8041,12240,6400,2246,150,8232,1,18:09
2024-25,1629162,Jordan McLaughlin,Jordan,1610612758,SAC,Sacramento Kings,0022400337,2024-12-06T00:00:00,SAC @ SAS,W,3.183333333333333,0.0,0.0,0.0,0.0,0.0,0.0,0.0,0.0,0.0,0.0,11.3,11.3,11.3,0.0,11.3,0.0,0.0,0.0,0.0,0.0,90.5,64.5,0,0,45.2,1,1,13086,1,24904,22635,24836,22635,15070,20945,15070,13505,14344,13505,14058,1739,4123,892,16469,84,8263,8846,20257,17725,23200,104,742,2246,150,4137,1,3:11
2024-25,1628366,Lonzo Ball,Lonzo,1610612741,CHI,Chicago Bulls,0022400336,2024-12-06T00:00:00,CHI vs. IND,L,17.233333333333334,6.3,10.4,0.6,6.3,8.4,0.75,0.0,0.0,0.0,0.0,4.2,4.2,8.4,0.0,2.1,2.1,0.0,4.2,0.0,18.8,2.1,48.9,0,0,46.0,1,13222,1,13222,18112,10809,16312,5394,1129,5817,1542,13505,14344,13505,14058,13169,16857,2550,16469,5838,3236,8846,6612,17725,9036,11583,3668,2246,150,3825,1,17:14
2024-25,1627734,Domantas Sabonis,Domantas,1610612758,SAC,Sacramento Kings,0022400337,2024-12-06T00:00:00,SAC @ SAS,W,32.53333333333333,7.7,13.3,0.583,0.0,0.0,0.0,8.9,10.0,0.889,4.4,13.3,17.7,4.4,1.1,0.0,0.0,3.3,1.1,7.7,24.3,21.0,51.1,1,0,46.5,1,1,13086,1,5529,7179,11341,6296,15070,20945,15070,1057,1388,6857,3018,933,962,8818,15095,12854,8263,1052,19062,1167,4582,3690,2957,1,150,3665,1,32:32
2024-25,203484,Kentavious Caldwell-Pope,Kentavious,1610612753,ORL,Orlando Magic,0022400333,2024-12-06T00:00:00,ORL @ PHI,L,33.666666666666664,1.1,7.5,0.143,0.0,5.3,0.0,0.0,0.0,0.0,0.0,3.2,3.2,2.1,2.1,3.2,1.1,0.0,2.1,0.0,2.1,4.3,19.9,0,0,16.0,1,13222,1,13222,4576,22590,20949,22260,15070,12331,15070,13505,14344,13505,14058,16056,19211,15862,9787,2721,6988,8846,14413,17725,23144,10495,21217,2246,150,22689,1,33:40
2024-25,1641729,Brice Sensabaugh,Brice,1610612762,UTA,Utah Jazz,0022400339,2024-12-06T00:00:00,UTA @ POR,W,19.883333333333333,9.1,10.9,0.833,0.0,1.8,0.0,1.8,1.8,1.0,0.0,1.8,1.8,7.2,3.6,1.8,0.0,0.0,1.8,1.8,19.9,18.1,34.8,0,0,32.6,1,1,13086,1,16109,4607,15584,1514,15070,19901,15070,11217,13177,1,14058,20212,22143,3698,4732,7201,8263,8846,16122,13890,7985,4525,11231,2246,150,11944,1,19:53
2024-25,1641718,Keyonte George,Keyonte,1610612762,UTA,Utah Jazz,0022400339,2024-12-06T00:00:00,UTA @ POR,W,23.916666666666668,9.0,19.6,0.462,3.0,9.0,0.333,4.5,4.5,1.0,0.0,7.5,7.5,6.0,1.5,0.0,1.5,1.5,3.0,6.0,25.6,36.1,46.7,0,0,45.2,1,1,13086,1,12977,4650,3299,12428,6473,4774,9209,4811,6815,1,14058,5454,9123,5447,12722,12854,4828,4759,10666,2593,3885,1274,4461,2246,150,4177,1,23:55
2024-25,1631260,AJ Green,AJ,1610612749,MIL,Milwaukee Bucks,0022400335,2024-12-06T00:00:00,MIL @ BOS,L,22.76,3.2,6.3,0.5,3.2,3.2,1.0,0.0,0.0,0.0,0.0,3.2,3.2,0.0,1.6,0.0,0.0,0.0,0.0,1.6,9.5,7.9,11.7,0,0,15.8,1,13222,1,13222,13903,19077,22299,8526,6050,17336,1,13505,14344,13505,14058,16218,19331,19908,12413,12854,8263,8846,20257,14688,18648,8681,24083,2246,150,22782,1,22:46
2024-25,1641710,Anthony Black,Anthony,1610612753,ORL,Orlando Magic,0022400333,2024-12-06T00:00:00,ORL @ PHI,L,17.583333333333332,0.0,10.2,0.0,0.0,6.1,0.0,0.0,0.0,0.0,0.0,4.1,4.1,0.0,4.1,2.0,4.1,0.0,4.1,2.0,0.0,-40.9,19.2,0,0,16.4,1,13222,1,13222,17865,22635,16668,22635,15070,10335,15070,13505,14344,13505,14058,13430,17078,19908,3682,6019,868,8846,6857,12849,23200,24908,21520,2246,150,22555,1,17:35
2024-25,1642264,Stephon Castle,Stephon,1610612759,SAS,San Antonio Spurs,0022400337,2024-12-06T00:00:00,SAS vs. SAC,L,29.1,6.2,18.6,0.333,2.5,8.7,0.286,3.7,4.9,0.75,1.2,2.5,3.7,6.2,2.5,3.7,0.0,0.0,2.5,3.7,18.6,-18.6,40.9,0,0,38.4,1,13222,1,13222,8594,11005,4165,17395,8235,5324,11433,6266,6028,8186,11555,18256,18041,5187,8346,1953,8263,8846,12895,7105,9260,21086,7196,2246,150,7797,1,29:06
2024-25,1641748,Andre Jackson Jr.,Andre,1610612749,MIL,Milwaukee Bucks,0022400335,2024-12-06T00:00:00,MIL @ BOS,L,12.396666666666667,2.9,5.8,0.5,0.0,0.0,0.0,0.0,0.0,0.0,0.0,2.9,2.9,2.9,5.8,2.9,0.0,2.9,5.8,0.0,5.8,-23.2,16.6,0,0,17.4,1,13222,1,13222,21052,19655,22802,8526,15070,20945,15070,13505,14344,13505,14058,17075,19989,13265,1547,3401,8263,1461,3207,17725,21521,22392,22641,2246,150,22120,1,12:24
2024-25,203992,Bogdan Bogdanović,Bogdan,1610612737,ATL,Atlanta Hawks,0022400334,2024-12-06T00:00:00,ATL vs. LAL,W,29.498333333333335,8.5,15.9,0.538,4.9,11.0,0.444,2.4,3.7,0.667,0.0,7.3,7.3,1.2,3.7,0.0,0.0,0.0,3.7,3.7,24.4,22.0,31.4,0,0,37.8,1,1,13086,1,8230,5541,7320,7978,2438,2504,7211,9217,8563,9425,14058,5797,9524,18953,4646,12854,8263,8846,8222,7232,4543,3462,13776,2246,150,8144,1,29:30
2024-25,1631108,Max Christie,Max,1610612747,LAL,Los Angeles Lakers,0022400334,2024-12-06T00:00:00,LAL @ ATL,L,31.216666666666665,3.5,6.9,0.5,2.3,3.5,0.667,1.2,2.3,0.5,0.0,2.3,2.3,2.3,1.2,3.5,1.2,1.2,6.9,1.2,10.4,-8.1,29.3,0,0,26.5,1,13222,1,13222,6684,18407,21649,8526,8826,16736,1957,12740,11755,10625,14058,18743,21191,15210,14773,2297,6463,6606,2040,16630,17781,17003,15290,2246,150,16524,1,31:13
2024-25,1629048,Goga Bitadze,Goga,1610612753,ORL,Orlando Magic,0022400333,2024-12-06T00:00:00,ORL @ PHI,L,25.9,4.2,6.9,0.6,0.0,1.4,0.0,4.2,5.6,0.75,1.4,4.2,5.6,2.8,4.2,0.0,2.8,0.0,4.2,4.2,12.5,-1.4,27.5,0,0,26.4,1,13222,1,13222,11244,16673,21620,5394,15070,20386,15070,5395,5102,8186,10792,13205,13397,13647,3550,12854,1982,8846,6635,5905,15584,13751,16565,2246,150,16615,1,25:54
2024-25,1627783,Pascal Siakam,Pascal,1610612754,IND,Indiana Pacers,0022400336,2024-12-06T00:00:00,IND @ CHI,W,36.68333333333333,6.9,14.7,0.467,2.9,4.9,0.6,3.9,3.9,1.0,2.0,4.9,6.9,2.0,1.0,0.0,0.0,0.0,1.0,3.9,20.6,-1.0,30.8,0,0,32.4,1,1,13086,1,2212,9252,9013,12249,6706,13419,2992,5833,8000,1,8562,11139,10387,16509,15963,12854,8263,8846,19801,6500,7390,13523,14192,2246,150,12077,1,36:41
2024-25,1630311,Pat Spencer,Pat,1610612744,GSW,Golden State Warriors,0022400338,2024-12-06T00:00:00,GSW vs. MIN,L,6.7,5.4,16.1,0.333,0.0,10.7,0.0,0.0,0.0,0.0,0.0,0.0,0.0,10.7,10.7,5.4,0.0,0.0,0.0,0.0,10.7,-21.5,32.2,0,0,32.2,1,13222,1,13222,23282,13333,6946,17395,15070,2725,15070,13505,14344,13505,14058,22137,23286,1086,269,695,8263,8846,20257,17725,17425,21965,13136,2246,150,12176,1,6:42
2024-25,1627780,Gary Payton II,Gary,1610612744,GSW,Golden State Warriors,0022400338,2024-12-06T00:00:00,GSW vs. MIN,L,16.91,0.0,6.4,0.0,0.0,2.1,0.0,2.1,4.3,0.5,2.1,10.6,12.8,2.1,4.3,2.1,2.1,2.1,2.1,2.1,2.1,-29.8,29.2,0,0,25.5,1,13222,1,13222,18316,22635,22228,22635,15070,19311,15070,10204,7300,10625,7855,2119,2954,15902,3405,5666,3126,2837,14471,12487,23146,23703,15384,2246,150,17249,1,16:55
2024-25,202696,Nikola Vučević,Nikola,1610612741,CHI,Chicago Bulls,0022400336,2024-12-06T00:00:00,CHI vs. IND,L,29.85,6.0,13.3,0.455,3.6,6.0,0.6,0.0,0.0,0.0,3.6,7.2,10.9,2.4,0.0,0.0,0.0,1.2,1.2,2.4,15.7,-10.9,32.3,0,0,32.6,1,13222,1,13222,7920,11429,11365,12676,4879,10620,2992,13505,14344,13505,4185,5936,4547,14839,16469,12854,8263,6210,18500,11301,12246,18253,13073,2246,150,11963,1,29:51
2024-25,1627759,Jaylen Brown,Jaylen,1610612738,BOS,Boston Celtics,0022400335,2024-12-06T00:00:00,BOS vs. MIL,W,34.46666666666667,10.4,21.9,0.476,3.1,9.4,0.333,2.1,2.1,1.0,1.0,2.1,3.1,3.1,1.0,0.0,1.0,0.0,3.1,3.1,26.1,5.2,36.7,0,0,37.6,1,1,13086,1,3877,2763,1850,12010,6130,4256,9209,10327,12456,1,12914,19391,19412,12525,15524,12854,7167,8846,10154,8775,3621,9993,9913,2246,150,8289,1,34:28
2024-25,1629675,Naz Reid,Naz,1610612750,MIN,Minnesota Timberwolves,0022400338,2024-12-06T00:00:00,MIN @ GSW,W,32.266666666666666,4.5,11.2,0.4,1.1,5.6,0.2,0.0,0.0,0.0,1.1,10.0,11.2,4.5,0.0,3.3,2.2,1.1,1.1,1.1,10.0,22.3,46.9,0,0,37.9,1,1,13086,1,5765,15878,15089,14933,13857,11774,13429,13505,14344,13505,12353,2543,4274,8734,16469,2473,2878,6905,19008,16841,18120,3397,4366,2246,150,8071,1,32:16
2024-25,1631207,Dalen Terry,Dalen,1610612741,CHI,Chicago Bulls,0022400336,2024-12-06T00:00:00,CHI vs. IND,L,14.536666666666667,2.5,5.0,0.5,2.5,5.0,0.5,0.0,0.0,0.0,0.0,5.0,5.0,2.5,0.0,0.0,0.0,0.0,2.5,0.0,7.4,-19.8,17.1,0,0,17.3,1,13222,1,13222,19864,20501,23499,8526,8231,13308,3944,13505,14344,13505,14058,11019,14922,14631,16469,12854,8263,8846,12888,17725,20381,21496,22449,2246,150,22155,1,14:32
2024-25,1631321,Sidy Cissoko,Sidy,1610612759,SAS,San Antonio Spurs,0022400337,2024-12-06T00:00:00,SAS vs. SAC,L,4.2,0.0,8.6,0.0,0.0,0.0,0.0,0.0,17.1,0.0,0.0,17.1,17.1,0.0,0.0,0.0,0.0,8.6,0.0,8.6,0.0,-51.4,20.6,0,0,17.1,1,13222,1,13222,24380,22635,19388,22635,15070,20945,15070,13505,221,13505,14058,319,1086,19908,16469,12854,8263,91,20257,797,23200,25439,20902,2246,150,22237,1,4:12
2024-25,204456,T.J. McConnell,T.J.,1610612754,IND,Indiana Pacers,0022400336,2024-12-06T00:00:00,IND @ CHI,W,22.85,12.6,22.1,0.571,1.6,1.6,1.0,0.0,1.6,0.0,1.6,1.6,3.2,7.9,4.7,3.2,0.0,3.2,0.0,1.6,26.8,9.5,47.1,0,0,45.7,1,1,13086,1,13831,1193,1792,6538,11770,20198,1,13505,13416,13505,10021,20728,19366,3020,2684,2831,8263,1194,20257,14709,3307,7963,4283,2246,150,3937,1,22:51
2024-25,1641724,Jett Howard,Jett,1610612753,ORL,Orlando Magic,0022400333,2024-12-06T00:00:00,ORL @ PHI,L,16.233333333333334,4.4,11.1,0.4,2.2,8.9,0.25,0.0,0.0,0.0,0.0,2.2,2.2,0.0,0.0,0.0,0.0,0.0,0.0,0.0,11.1,-11.1,13.7,0,0,15.5,1,13222,1,13222,18766,15964,15214,14933,9171,4997,11902,13505,14344,13505,14058,19020,21377,19908,16469,12854,8263,8846,20257,17725,17109,18359,23563,2246,150,22871,1,16:14
2024-25,1642258,Zaccharie Risacher,Zaccharie,1610612737,ATL,Atlanta Hawks,0022400334,2024-12-06T00:00:00,ATL vs. LAL,W,21.85,8.2,18.1,0.455,1.6,4.9,0.333,0.0,0.0,0.0,0.0,6.6,6.6,0.0,1.6,1.6,1.6,1.6,1.6,0.0,18.1,-3.3,34.3,0,0,33.0,1,1,13086,1,14613,6122,4539,12676,11543,13333,9209,13505,14344,13505,14058,7124,10973,19908,12152,7827,4429,4305,16720,17725,9709,14714,11606,2246,150,11688,1,21:51
2024-25,1629006,Josh Okogie,Josh,1610612756,PHX,Phoenix Suns,0022400330,2024-12-05T00:00:00,PHX @ NOP,L,11.166666666666666,9.7,22.6,0.429,0.0,9.7,0.0,0.0,0.0,0.0,6.4,0.0,6.4,6.4,0.0,6.4,0.0,3.2,0.0,0.0,19.3,0.0,56.1,0,0,45.1,1,13222,1,13222,21639,3633,1559,13735,15070,3888,15070,13505,14344,13505,1390,22137,11281,4786,16469,384,8263,1130,20257,17725,8509,12240,1790,2246,150,4193,1,11:10
2024-25,203109,Jae Crowder,Jae,1610612758,SAC,Sacramento Kings,0022400329,2024-12-05T00:00:00,SAC @ MEM,L,12.583333333333334,0.0,11.4,0.0,0.0,5.7,0.0,0.0,0.0,0.0,2.9,5.7,8.6,2.9,2.9,2.9,0.0,2.9,0.0,0.0,0.0,0.0,20.3,0,0,17.2,1,13222,1,13222,20947,22635,14585,22635,15070,11401,15070,13505,14344,13505,5699,8991,7341,13410,6992,3511,8263,1517,20257,17725,23200,12240,21020,2246,150,22231,1,12:35
2024-25,1629630,Ja Morant,Ja,1610612763,MEM,Memphis Grizzlies,0022400329,2024-12-05T00:00:00,MEM vs. SAC,W,27.816666666666666,2.6,16.8,0.154,0.0,7.8,0.0,5.2,5.2,1.0,2.6,1.3,3.9,9.1,2.6,0.0,1.3,1.3,2.6,5.2,10.4,-41.4,29.9,0,0,25.9,1,1,13086,1,9700,20292,6006,22243,15070,6868,15070,3790,5639,1,6377,21291,17611,1974,7922,12854,5673,5681,12463,3808,17802,24937,14876,2246,150,17017,1,27:49
2024-25,1631218,Trayce Jackson-Davis,Trayce,1610612744,GSW,Golden State Warriors,0022400332,2024-12-05T00:00:00,GSW vs. HOU,W,20.833333333333332,5.2,6.9,0.75,0.0,0.0,0.0,0.0,0.0,0.0,0.0,0.0,0.0,3.5,0.0,0.0,1.7,0.0,1.7,0.0,10.4,-29.4,20.7,0,0,17.3,1,1,13086,1,15405,13861,21657,2107,15070,20945,15070,13505,14344,13505,14058,22137,23286,11530,16469,12854,4227,8846,16435,17725,17793,23638,20822,2246,150,22180,1,20:50
2024-25,1629628,RJ Barrett,RJ,1610612761,TOR,Toronto Raptors,0022400328,2024-12-05T00:00:00,TOR vs. OKC,L,31.05,5.8,18.6,0.313,1.2,8.1,0.143,7.0,7.0,1.0,0.0,12.8,12.8,2.3,1.2,0.0,1.2,4.6,2.3,4.6,19.7,-17.4,40.8,1,0,38.3,1,13222,1,13222,6839,12120,4172,19175,13594,6258,14649,2034,3406,1,14058,1090,2968,15158,14731,12854,6424,455,13560,4857,8150,20740,7270,1,150,7859,1,31:03
2024-25,1631099,Keegan Murray,Keegan,1610612758,SAC,Sacramento Kings,0022400329,2024-12-05T00:00:00,SAC @ MEM,L,40.38333333333333,3.6,10.7,0.333,0.9,6.2,0.143,1.8,1.8,1.0,2.7,7.1,9.8,1.8,0.9,1.8,0.0,0.0,1.8,1.8,9.8,-3.6,28.7,1,0,25.9,1,13222,1,13222,476,18163,15886,17395,14981,10106,14649,11278,13211,1,6162,6119,5670,17140,16365,7321,8263,8846,16261,13992,18349,14827,15708,1,150,17036,1,40:23
2024-25,1627749,Dejounte Murray,Dejounte,1610612740,NOP,New Orleans Pelicans,0022400330,2024-12-05T00:00:00,NOP vs. PHX,W,34.666666666666664,7.3,12.5,0.583,2.1,4.2,0.5,1.0,1.0,1.0,0.0,5.2,5.2,3.1,2.1,2.1,0.0,0.0,5.2,1.0,17.7,1.0,32.7,0,0,32.2,1,1,13086,1,3721,8293,12797,6296,9779,15219,3944,13118,14159,1,14058,10298,14295,12569,10114,5884,8263,8846,4208,17222,10163,12127,12793,2246,150,12223,1,34:40
2024-25,1630567,Scottie Barnes,Scottie,1610612761,TOR,Toronto Raptors,0022400328,2024-12-05T00:00:00,TOR vs. OKC,L,30.616666666666667,5.9,15.3,0.385,2.4,8.2,0.286,0.0,0.0,0.0,3.5,10.6,14.1,9.4,4.7,0.0,2.4,0.0,1.2,0.0,14.1,-24.7,47.5,1,0,44.7,1,13222,1,13222,7200,11865,8131,16070,8660,6033,11433,13505,14344,13505,4333,2166,2185,1756,2711,12854,2641,8846,18683,17725,13838,22745,4138,1,150,4402,1,30:37
2024-25,1630170,Devin Vassell,Devin,1610612759,SAS,San Antonio Spurs,0022400331,2024-12-05T00:00:00,SAS vs. CHI,L,24.833333333333332,8.7,21.7,0.4,1.4,7.2,0.2,5.8,8.7,0.667,0.0,4.3,4.3,2.9,1.4,5.8,0.0,0.0,2.9,5.8,24.6,10.1,50.2,0,0,44.9,1,13222,1,13222,12147,5270,1927,14933,12253,7937,13429,3086,2049,9425,14058,12652,16410,13276,13012,534,8263,8846,11190,2900,4394,7621,3223,2246,150,4295,1,24:50
2024-25,1628969,Mikal Bridges,Mikal,1610612752,NYK,New York Knicks,0022400327,2024-12-05T00:00:00,NYK vs. CHA,W,46.5,5.4,11.6,0.467,1.5,5.4,0.286,2.3,3.9,0.6,0.0,2.3,2.3,5.4,1.5,0.8,0.0,0.0,0.8,2.3,14.7,20.1,26.4,0,0,25.5,1,1,13086,1,31,13216,14281,12249,11867,12167,11433,9553,8090,10343,14058,18696,21149,6592,12553,12845,8263,8846,20251,11657,13186,3915,17351,2246,150,17247,1,46:30
2024-25,1642367,Jonathan Mogbo,Jonathan,1610612761,TOR,Toronto Raptors,0022400328,2024-12-05T00:00:00,TOR vs. OKC,L,22.55,9.6,16.0,0.6,1.6,1.6,1.0,6.4,9.6,0.667,0.0,1.6,1.6,1.6,3.2,1.6,1.6,4.8,0.0,4.8,27.1,-44.7,37.8,0,0,38.3,1,13222,1,13222,14074,3760,7159,5394,11685,20172,1,2513,1553,9425,14058,20683,22443,17660,5841,7995,4564,411,20257,4521,3142,25167,9133,2246,150,7815,1,22:33
2024-25,1630558,Davion Mitchell,Davion,1610612761,TOR,Toronto Raptors,0022400328,2024-12-05T00:00:00,TOR vs. OKC,L,23.833333333333332,0.0,7.6,0.0,0.0,7.6,0.0,0.0,0.0,0.0,1.5,3.0,4.5,6.0,1.5,1.5,1.5,0.0,7.6,0.0,0.0,-21.1,22.1,0,0,16.6,1,13222,1,13222,13048,22635,20851,22635,15070,7266,15070,13505,14344,13505,10269,16646,15969,5409,12698,8366,4806,8846,1596,17725,23200,21870,20110,2246,150,22461,1,23:50
2024-25,203939,Dwight Powell,Dwight,1610612742,DAL,Dallas Mavericks,0022400326,2024-12-05T00:00:00,DAL @ WAS,W,10.466666666666667,0.0,0.0,0.0,0.0,0.0,0.0,10.3,13.8,0.75,0.0,10.3,10.3,10.3,0.0,3.4,0.0,0.0,0.0,6.9,10.3,13.8,48.5,0,0,37.8,1,1,13086,1,21929,22635,24836,22635,15070,20945,15070,613,485,8186,14058,2340,5098,1272,16469,2319,8263,8846,20257,1754,17842,6097,3812,2246,150,8141,1,10:28
2024-25,1642263,Reed Sheppard,Reed,1610612745,HOU,Houston Rockets,0022400332,2024-12-05T00:00:00,HOU @ GSW,L,12.633333333333333,5.7,17.1,0.333,2.8,14.2,0.2,5.7,5.7,1.0,0.0,8.5,8.5,2.8,0.0,0.0,5.7,0.0,5.7,2.8,19.9,17.1,51.6,0,0,45.6,1,13222,1,13222,20927,12420,5700,17395,7047,862,13429,3183,4886,1,14058,3992,7400,13443,16469,12854,364,8846,3390,9777,7963,4868,2815,2246,150,3985,1,12:38
2024-25,203952,Andrew Wiggins,Andrew,1610612744,GSW,Golden State Warriors,0022400332,2024-12-05T00:00:00,GSW vs. HOU,W,33.583333333333336,8.6,16.1,0.533,3.2,4.3,0.75,4.3,7.5,0.571,0.0,9.6,9.6,2.1,3.2,2.1,1.1,3.2,2.1,5.4,24.7,15.0,45.9,0,0,46.1,1,1,13086,1,4656,5479,7004,8140,5913,14947,1542,5179,2906,10536,14058,2876,5876,15843,5778,5617,6970,1143,14392,3533,4389,5624,4793,2246,150,3783,1,33:35
2024-25,1628404,Josh Hart,Josh,1610612752,NYK,New York Knicks,0022400327,2024-12-05T00:00:00,NYK vs. CHA,W,38.38333333333333,5.6,8.4,0.667,3.8,5.6,0.667,1.9,1.9,1.0,0.0,9.4,9.4,5.6,0.9,0.9,0.0,0.0,1.9,0.9,16.9,15.9,38.5,1,0,37.5,1,1,13086,1,1170,12625,19584,3281,4575,11639,1957,11026,13040,1,14058,3129,6218,6193,16213,12454,8263,8846,15811,17585,10980,5265,8736,1,150,8351,1,38:23
2024-25,1628991,Jaren Jackson Jr.,Jaren,1610612763,MEM,Memphis Grizzlies,0022400329,2024-12-05T00:00:00,MEM vs. SAC,W,25.316666666666666,7.1,12.8,0.556,0.0,1.4,0.0,7.1,7.1,1.0,0.0,2.8,2.8,2.8,5.7,2.8,0.0,0.0,4.3,5.7,21.3,-24.2,31.9,0,0,32.7,1,1,13086,1,11729,8675,12214,7248,15070,20355,15070,1932,3256,1,14058,17258,20133,13462,1645,3565,8263,8846,6388,3051,6792,22620,13437,2246,150,11877,1,25:19
2024-25,1627777,Georges Niang,Georges,1610612739,CLE,Cleveland Cavaliers,0022400325,2024-12-05T00:00:00,CLE vs. DEN,W,16.366666666666667,4.4,8.8,0.5,2.2,6.6,0.333,0.0,0.0,0.0,0.0,8.8,8.8,0.0,4.4,0.0,2.2,0.0,4.4,0.0,11.0,37.4,23.8,0,0,26.4,1,1,13086,1,18676,16060,19024,8526,9240,9323,9209,13505,14344,13505,14058,3726,7028,19908,3143,12854,2946,8846,6019,17725,17180,1167,19122,2246,150,16624,1,16:22
2024-25,1628370,Malik Monk,Malik,1610612758,SAC,Sacramento Kings,0022400329,2024-12-05T00:00:00,SAC @ MEM,L,31.733333333333334,7.9,18.2,0.438,4.5,10.2,0.444,5.7,5.7,1.0,0.0,1.1,1.1,5.7,0.0,0.0,0.0,0.0,4.5,5.7,26.1,-2.3,36.0,0,0,37.4,1,13222,1,13222,6208,6763,4501,13558,2999,3262,7211,3218,4929,1,14058,21670,23031,6095,16469,12854,8263,8846,5689,3075,3635,14186,10393,2246,150,8405,1,31:44
2024-25,1631110,Jeremy Sochan,Jeremy,1610612759,SAS,San Antonio Spurs,0022400331,2024-12-05T00:00:00,SAS vs. CHI,L,32.21666666666667,7.8,15.6,0.5,0.0,2.2,0.0,2.2,2.2,1.0,6.7,8.9,15.6,2.2,2.2,1.1,0.0,0.0,1.1,5.6,17.9,-1.1,41.1,1,0,38.0,1,13222,1,13222,5792,7025,7632,8526,15070,19108,15070,9830,11984,1,1275,3579,1542,15499,9375,10882,8263,8846,19000,3211,9945,13627,7103,1,150,8036,1,32:13
2024-25,1627741,Buddy Hield,Buddy,1610612744,GSW,Golden State Warriors,0022400332,2024-12-05T00:00:00,GSW vs. HOU,W,27.18166666666667,1.3,10.6,0.125,1.3,7.9,0.167,2.6,2.6,1.0,0.0,6.6,6.6,2.6,1.3,0.0,0.0,0.0,0.0,1.3,6.6,23.8,17.2,0,0,17.2,1,1,13086,1,10211,22372,16051,22420,12754,6539,14236,8690,10861,1,14058,7054,10902,14054,13692,12854,8263,8846,20257,15788,20977,3065,22399,2246,150,22209,1,27:11
2024-25,1627936,Alex Caruso,Alex,1610612760,OKC,Oklahoma City Thunder,0022400328,2024-12-05T00:00:00,OKC @ TOR,W,17.433333333333334,6.2,14.5,0.429,4.1,6.2,0.667,0.0,0.0,0.0,0.0,8.3,8.3,4.1,2.1,4.1,2.1,4.1,2.1,2.1,16.5,12.4,49.1,0,0,45.4,1,1,13086,1,17972,10986,9424,13735,3716,10211,1957,13505,14344,13505,14058,4337,7834,9575,10183,1515,3304,610,14781,12781,11374,6641,3562,2246,150,4056,1,17:26
2024-25,1641763,Julian Phillips,Julian,1610612741,CHI,Chicago Bulls,0022400331,2024-12-05T00:00:00,CHI @ SAS,W,27.74,3.9,9.1,0.429,3.9,6.5,0.6,0.0,0.0,0.0,1.3,2.6,3.9,1.3,0.0,0.0,2.6,1.3,1.3,0.0,11.7,-1.3,26.1,0,0,26.0,1,1,13086,1,9767,17343,18590,13735,4208,9572,2992,13505,14344,13505,11208,17959,17586,18667,16469,12854,2224,5664,18039,17725,16485,13716,17564,2246,150,16972,1,27:44
2024-25,1629626,Bol Bol,Bol,1610612756,PHX,Phoenix Suns,0022400330,2024-12-05T00:00:00,PHX @ NOP,L,10.933333333333334,9.9,13.2,0.75,0.0,3.3,0.0,0.0,0.0,0.0,6.6,6.6,13.2,0.0,6.6,0.0,0.0,0.0,0.0,0.0,19.8,26.3,29.0,0,0,32.9,1,13222,1,13222,21736,3361,11539,2107,15070,17086,15070,13505,14344,13505,1340,7130,2689,19908,1086,12854,8263,8846,20257,17725,8112,2543,15502,2246,150,11710,1,10:56
2024-25,1626164,Devin Booker,Devin,1610612756,PHX,Phoenix Suns,0022400330,2024-12-05T00:00:00,PHX @ NOP,L,37.06666666666667,5.8,19.4,0.3,2.9,9.7,0.3,12.6,13.6,0.929,1.0,2.9,3.9,1.9,2.9,1.0,0.0,1.9,1.0,10.7,27.2,-9.7,34.8,0,0,37.9,1,13222,1,13222,1945,12032,3399,19363,6819,3833,11319,289,517,6719,13482,17033,17605,16592,6789,12198,8263,3415,19854,308,3112,17764,11224,2246,150,8110,1,37:04
2024-25,1628988,Aaron Holiday,Aaron,1610612745,HOU,Houston Rockets,0022400332,2024-12-05T00:00:00,HOU @ GSW,L,13.848333333333333,2.6,5.2,0.5,2.6,2.6,1.0,0.0,0.0,0.0,0.0,5.2,5.2,2.6,0.0,0.0,0.0,0.0,0.0,0.0,7.8,-10.4,17.9,0,0,18.2,1,13222,1,13222,20278,20278,23322,8526,7826,18454,1,13505,14344,13505,14058,10280,14274,14217,16469,12854,8263,8846,20257,17725,20085,18067,22123,2246,150,21774,1,13:51
2024-25,1630171,Isaac Okoro,Isaac,1610612739,CLE,Cleveland Cavaliers,0022400325,2024-12-05T00:00:00,CLE vs. DEN,W,11.633333333333333,3.1,6.2,0.5,3.1,6.2,0.5,0.0,0.0,0.0,0.0,0.0,0.0,6.2,0.0,0.0,0.0,0.0,9.3,0.0,9.3,-15.5,18.6,0,0,18.6,1,1,13086,1,21438,19211,22433,8526,6229,10221,3944,13505,14344,13505,14058,22137,23286,5173,16469,12854,8263,8846,875,17725,18827,20086,21856,2246,150,21599,1,11:38
2024-25,1631104,Blake Wesley,Blake,1610612759,SAS,San Antonio Spurs,0022400331,2024-12-05T00:00:00,SAS vs. CHI,L,8.383333333333333,0.0,0.0,0.0,0.0,0.0,0.0,4.3,8.6,0.5,0.0,0.0,0.0,0.0,4.3,0.0,0.0,0.0,4.3,4.3,4.3,-47.2,0.0,0,0,4.3,1,13222,1,13222,22666,22635,24836,22635,15070,20945,15070,5161,2133,10625,14058,22137,23286,19908,3340,12854,8263,8846,6298,5599,22412,25279,25228,2246,150,25169,1,8:23
2024-25,203084,Harrison Barnes,Harrison,1610612759,SAS,San Antonio Spurs,0022400331,2024-12-05T00:00:00,SAS vs. CHI,L,22.116666666666667,3.3,13.0,0.25,0.0,4.9,0.0,6.5,6.5,1.0,3.3,1.6,4.9,0.0,0.0,0.0,0.0,1.6,0.0,3.3,13.0,-14.6,18.9,0,0,17.9,1,13222,1,13222,14402,18871,11818,20233,15070,13484,15070,2392,3873,1,4830,20614,15104,19908,16469,12854,8263,4366,20257,8392,15066,19767,21713,2246,150,21913,1,22:07
2024-25,1641745,Adam Flagler,Adam,1610612760,OKC,Oklahoma City Thunder,0022400328,2024-12-05T00:00:00,OKC @ TOR,W,5.783333333333333,0.0,6.2,0.0,0.0,6.2,0.0,0.0,0.0,0.0,6.2,0.0,6.2,0.0,0.0,0.0,0.0,0.0,0.0,0.0,0.0,74.7,7.5,0,0,6.2,1,1,13086,1,23675,22635,22391,22635,15070,10139,15070,13505,14344,13505,1513,22137,11763,19908,16469,12854,8263,8846,20257,17725,23200,202,24759,2246,150,24981,1,5:47
2024-25,1631124,Julian Strawther,Julian,1610612743,DEN,Denver Nuggets,0022400325,2024-12-05T00:00:00,DEN @ CLE,L,11.7,3.1,12.3,0.25,0.0,6.2,0.0,0.0,0.0,0.0,0.0,0.0,0.0,0.0,0.0,0.0,0.0,0.0,6.2,0.0,6.2,-43.1,6.2,0,0,6.2,1,13222,1,13222,21417,19257,13058,20233,15070,10307,15070,13505,14344,13505,14058,22137,23286,19908,16469,12854,8263,8846,2764,17725,21280,25062,24899,2246,150,24992,1,11:42
2024-25,1628415,Dillon Brooks,Dillon,1610612745,HOU,Houston Rockets,0022400332,2024-12-05T00:00:00,HOU @ GSW,L,34.538333333333334,6.3,13.6,0.462,2.1,8.3,0.25,1.0,2.1,0.5,1.0,2.1,3.1,1.0,2.1,1.0,0.0,0.0,4.2,1.0,15.6,-7.3,22.0,0,0,24.0,1,13222,1,13222,3820,10838,10924,12428,9752,5856,11902,13104,12475,10625,12927,19411,19422,19556,10080,11569,8263,8846,6647,17211,12285,16639,20153,2246,150,18346,1,34:32
2024-25,1642347,Jamal Shead,Jamal,1610612761,TOR,Toronto Raptors,0022400328,2024-12-05T00:00:00,TOR vs. OKC,L,11.9,0.0,12.1,0.0,0.0,12.1,0.0,0.0,0.0,0.0,0.0,3.0,3.0,6.1,3.0,0.0,0.0,0.0,0.0,0.0,0.0,-42.4,9.7,0,0,9.1,1,13222,1,13222,21332,22635,13413,22635,15070,1732,15070,13505,14344,13505,14058,16629,19647,5395,6369,12854,8263,8846,20257,17725,23200,25003,24469,2246,150,24591,1,11:54
2024-25,1630182,Josh Green,Josh,1610612766,CHA,Charlotte Hornets,0022400327,2024-12-05T00:00:00,CHA @ NYK,L,26.283333333333335,2.7,11.0,0.25,1.4,8.2,0.167,0.0,0.0,0.0,2.7,2.7,5.5,2.7,1.4,1.4,0.0,0.0,4.1,2.7,6.8,-13.7,20.3,0,0,19.2,1,13222,1,13222,10915,19998,15436,20233,12561,6056,14236,13505,14344,13505,6011,17582,13596,13791,13459,9078,8263,8846,6808,10194,20825,19377,21038,2246,150,21301,1,26:17
2024-25,1628380,Zach Collins,Zach,1610612759,SAS,San Antonio Spurs,0022400331,2024-12-05T00:00:00,SAS vs. CHI,L,24.368333333333332,5.9,8.9,0.667,1.5,1.5,1.0,0.0,0.0,0.0,1.5,4.4,5.9,4.4,1.5,1.5,3.0,0.0,4.4,1.5,13.3,-8.9,38.9,0,0,34.0,1,13222,1,13222,12589,11781,18917,3281,12134,20294,1,13505,14344,13505,10407,12451,12504,8810,12868,8508,1749,8846,5937,15102,14757,17362,8509,2246,150,10868,1,24:22
2024-25,203500,Steven Adams,Steven,1610612745,HOU,Houston Rockets,0022400332,2024-12-05T00:00:00,HOU @ GSW,L,17.571666666666665,6.1,8.2,0.75,0.0,0.0,0.0,0.0,0.0,0.0,8.2,4.1,12.3,6.1,0.0,0.0,2.0,2.0,4.1,0.0,12.3,20.5,42.4,0,0,34.8,1,13222,1,13222,17877,11100,19952,2107,15070,20945,15070,13505,14344,13505,724,13426,3275,5254,16469,12854,3350,3064,6850,17725,15836,3816,6421,2246,150,10211,1,17:34
2024-25,1629750,Javonte Green,Javonte,1610612740,NOP,New Orleans Pelicans,0022400330,2024-12-05T00:00:00,NOP vs. PHX,W,16.563333333333333,2.2,6.5,0.333,0.0,2.2,0.0,0.0,0.0,0.0,2.2,0.0,2.2,0.0,2.2,4.3,2.2,0.0,2.2,2.2,4.3,-30.4,24.3,0,0,19.6,1,1,13086,1,18565,21085,22089,17395,15070,19217,15070,13505,14344,13505,7680,22137,21471,19908,9621,1337,3005,8846,14227,12275,22372,23805,18722,2246,150,21118,1,16:34
2024-25,203078,Bradley Beal,Bradley,1610612756,PHX,Phoenix Suns,0022400330,2024-12-05T00:00:00,PHX @ NOP,L,34.28666666666667,10.5,18.9,0.556,2.1,7.3,0.286,2.1,2.1,1.0,1.0,3.1,4.2,4.2,7.3,2.1,0.0,0.0,3.1,3.1,25.2,-4.2,35.5,0,0,39.9,1,13222,1,13222,4021,2716,3846,7248,9685,7727,11433,10295,12424,1,12876,16261,16809,9384,761,5788,8263,8846,10092,8736,4123,15179,10736,2246,150,6834,1,34:17
2024-25,1630537,Chris Duarte,Chris,1610612741,CHI,Chicago Bulls,0022400331,2024-12-05T00:00:00,CHI @ SAS,W,4.273333333333333,0.0,8.4,0.0,0.0,8.4,0.0,0.0,0.0,0.0,0.0,0.0,0.0,0.0,0.0,0.0,0.0,0.0,16.8,0.0,0.0,8.4,0.0,0,0,0.0,1,1,13086,1,24348,22635,19606,22635,15070,5703,15070,13505,14344,13505,14058,22137,23286,19908,16469,12854,8263,8846,183,17725,23200,8430,25228,2246,150,25259,1,4:16
2024-25,1628467,Maxi Kleber,Maxi,1610612742,DAL,Dallas Mavericks,0022400326,2024-12-05T00:00:00,DAL @ WAS,W,16.683333333333334,0.0,0.0,0.0,0.0,0.0,0.0,0.0,0.0,0.0,0.0,0.0,0.0,2.2,0.0,0.0,4.3,0.0,2.2,0.0,0.0,58.3,16.2,0,0,10.8,1,1,13086,1,18477,22635,24836,22635,15070,20945,15070,13505,14344,13505,14058,22137,23286,15775,16469,12854,748,8846,14310,17725,23200,390,22776,2246,150,24268,1,16:41
2024-25,1642259,Alex Sarr,Alex,1610612764,WAS,Washington Wizards,0022400326,2024-12-05T00:00:00,WAS vs. DAL,L,27.338333333333335,6.6,13.2,0.5,1.3,2.6,0.5,0.0,0.0,0.0,5.3,5.3,10.5,0.0,1.3,1.3,2.6,0.0,1.3,0.0,14.5,-11.9,37.7,0,0,34.2,1,13222,1,13222,10077,9977,11559,8526,12798,18390,3944,13505,14344,13505,2125,10112,4885,19908,13732,9369,2175,8846,17969,17725,13427,18688,9246,2246,150,10668,1,27:20
2024-25,1630579,Jericho Sims,Jericho,1610612752,NYK,New York Knicks,0022400327,2024-12-05T00:00:00,NYK vs. CHA,W,3.3666666666666667,0.0,10.7,0.0,0.0,0.0,0.0,0.0,0.0,0.0,0.0,10.7,10.7,0.0,10.7,0.0,0.0,0.0,0.0,0.0,0.0,-42.8,2.1,0,0,10.7,1,1,13086,1,24790,22635,15888,22635,15070,20945,15070,13505,14344,13505,14058,2077,4705,19908,273,12854,8263,8846,20257,17725,23200,25030,25153,2246,150,24291,1,3:22
2024-25,1642354,KJ Simpson,KJ,1610612766,CHA,Charlotte Hornets,0022400327,2024-12-05T00:00:00,CHA @ NYK,L,17.033333333333335,0.0,8.5,0.0,0.0,4.2,0.0,0.0,4.2,0.0,2.1,2.1,4.2,6.3,2.1,0.0,0.0,2.1,6.3,6.3,0.0,-40.2,12.5,0,0,10.6,1,13222,1,13222,18234,22635,19565,22635,15070,15058,15070,13505,7361,13505,7908,19324,16736,4959,9938,12854,8263,2888,2553,2248,23200,24853,23906,2246,150,24317,1,17:02
2024-25,1642278,Tyler Kolek,Tyler,1610612752,NYK,New York Knicks,0022400327,2024-12-05T00:00:00,NYK vs. CHA,W,1.5,0.0,0.0,0.0,0.0,0.0,0.0,0.0,0.0,0.0,0.0,0.0,0.0,0.0,0.0,0.0,0.0,0.0,0.0,0.0,0.0,-48.0,0.0,0,0,0.0,1,1,13086,1,25800,22635,24836,22635,15070,20945,15070,13505,14344,13505,14058,22137,23286,19908,16469,12854,8263,8846,20257,17725,23200,25312,25228,2246,150,25259,1,1:30
2024-25,1642264,Stephon Castle,Stephon,1610612759,SAS,San Antonio Spurs,0022400331,2024-12-05T00:00:00,SAS vs. CHI,L,23.116666666666667,3.1,14.0,0.222,0.0,3.1,0.0,12.5,15.6,0.8,0.0,3.1,3.1,9.3,1.6,3.1,1.6,0.0,0.0,7.8,18.7,-18.7,48.9,0,0,40.5,1,13222,1,13222,13622,19162,10145,21205,15070,17433,15070,300,309,7681,14058,16373,19444,1791,12518,2902,4687,8846,20257,1143,9133,21133,3664,2246,150,6500,1,23:07
2024-25,1642349,Ajay Mitchell,Ajay,1610612760,OKC,Oklahoma City Thunder,0022400328,2024-12-05T00:00:00,OKC @ TOR,W,18.883333333333333,11.4,17.2,0.667,1.9,1.9,1.0,0.0,0.0,0.0,0.0,0.0,0.0,5.7,0.0,3.8,0.0,0.0,7.6,1.9,24.8,15.3,44.8,0,0,40.0,1,1,13086,1,16915,1910,5622,3281,10600,19725,1,13505,14344,13505,14058,22137,23286,6012,16469,1836,8263,8846,1557,13486,4317,5523,5274,2246,150,6761,1,18:53
2024-25,1631217,Moussa Diabaté,Moussa,1610612766,CHA,Charlotte Hornets,0022400327,2024-12-05T00:00:00,CHA @ NYK,L,16.1,4.5,6.7,0.667,0.0,0.0,0.0,0.0,0.0,0.0,2.2,4.5,6.7,0.0,2.2,0.0,2.2,0.0,6.7,0.0,8.9,-22.4,21.5,0,0,20.1,1,13222,1,13222,18858,15857,21888,3281,15070,20945,15070,13505,14344,13505,7469,12330,10716,19908,9366,12854,2869,8846,2213,17725,19137,22182,20432,2246,150,20781,1,16:06
2024-25,1631098,Johnny Davis,Johnny,1610612764,WAS,Washington Wizards,0022400326,2024-12-05T00:00:00,WAS vs. DAL,L,5.333333333333333,6.8,6.8,1.0,0.0,0.0,0.0,0.0,0.0,0.0,0.0,6.8,6.8,6.8,0.0,6.8,0.0,0.0,0.0,0.0,13.5,6.8,52.0,0,0,40.5,1,13222,1,13222,23857,9563,21831,1,15070,20945,15070,13505,14344,13505,14058,6787,10634,4349,16469,338,8263,8846,20257,17725,14501,9265,2712,2246,150,6495,1,5:20
2024-25,1631103,Malaki Branham,Malaki,1610612759,SAS,San Antonio Spurs,0022400331,2024-12-05T00:00:00,SAS vs. CHI,L,2.033333333333333,0.0,0.0,0.0,0.0,0.0,0.0,0.0,0.0,0.0,0.0,0.0,0.0,0.0,17.7,0.0,0.0,0.0,0.0,0.0,0.0,-35.4,-17.7,0,0,0.0,1,13222,1,13222,25436,22635,24836,22635,15070,20945,15070,13505,14344,13505,14058,22137,23286,19908,77,12854,8263,8846,20257,17725,23200,24459,26270,2246,150,25259,1,2:02
2024-25,1629162,Jordan McLaughlin,Jordan,1610612758,SAC,Sacramento Kings,0022400329,2024-12-05T00:00:00,SAC @ MEM,L,2.8666666666666667,0.0,0.0,0.0,0.0,0.0,0.0,0.0,0.0,0.0,0.0,0.0,0.0,12.6,0.0,0.0,0.0,0.0,12.6,0.0,0.0,-62.8,18.8,0,0,12.6,1,13222,1,13222,25044,22635,24836,22635,15070,20945,15070,13505,14344,13505,14058,22137,23286,604,16469,12854,8263,8846,373,17725,23200,25745,21740,2246,150,23853,1,2:52
2024-25,1631128,Christian Braun,Christian,1610612743,DEN,Denver Nuggets,0022400325,2024-12-05T00:00:00,DEN @ CLE,L,39.18333333333333,3.7,9.2,0.4,0.0,2.8,0.0,1.8,1.8,1.0,0.0,3.7,3.7,0.0,1.8,1.8,1.8,1.8,1.8,0.9,9.2,1.8,22.8,0,0,20.2,1,13222,1,13222,818,17904,18429,14933,15070,18151,15070,11153,13134,1,14058,14719,18144,19908,11379,7092,3965,3778,16002,17625,18909,11720,19697,2246,150,20739,1,39:11
2024-25,1630346,Matt Ryan,Matt,1610612752,NYK,New York Knicks,0022400327,2024-12-05T00:00:00,NYK vs. CHA,W,1.5,0.0,24.0,0.0,0.0,0.0,0.0,0.0,0.0,0.0,0.0,0.0,0.0,0.0,0.0,0.0,0.0,0.0,0.0,0.0,0.0,-48.0,0.0,0,0,0.0,1,1,13086,1,25800,22635,1050,22635,15070,20945,15070,13505,14344,13505,14058,22137,23286,19908,16469,12854,8263,8846,20257,17725,23200,25312,25228,2246,150,25259,1,1:30
2024-25,1630598,Aaron Wiggins,Aaron,1610612760,OKC,Oklahoma City Thunder,0022400328,2024-12-05T00:00:00,OKC @ TOR,W,20.483333333333334,8.8,19.3,0.455,3.5,10.5,0.333,0.0,0.0,0.0,0.0,5.3,5.3,3.5,1.8,3.5,0.0,1.8,0.0,1.8,21.1,51.0,41.5,0,0,40.4,1,1,13086,1,15651,5104,3470,12676,5116,2935,9209,13505,14344,13505,14058,10094,14111,11349,11709,2222,8263,4013,20257,14082,7012,534,6894,2246,150,6534,1,20:29
2024-25,1630192,Zeke Nnaji,Zeke,1610612743,DEN,Denver Nuggets,0022400325,2024-12-05T00:00:00,DEN @ CLE,L,2.75,0.0,0.0,0.0,0.0,0.0,0.0,0.0,0.0,0.0,0.0,0.0,0.0,0.0,0.0,0.0,0.0,0.0,13.1,0.0,0.0,-52.4,0.0,0,0,0.0,1,13222,1,13222,25087,22635,24836,22635,15070,20945,15070,13505,14344,13505,14058,22137,23286,19908,16469,12854,8263,8846,334,17725,23200,25482,25228,2246,150,25259,1,2:45
2024-25,1628449,Chris Boucher,Chris,1610612761,TOR,Toronto Raptors,0022400328,2024-12-05T00:00:00,TOR vs. OKC,L,16.533333333333335,6.5,28.3,0.231,0.0,6.5,0.0,8.7,8.7,1.0,8.7,4.4,13.1,0.0,4.4,0.0,0.0,4.4,2.2,4.4,21.8,-52.3,33.1,0,0,34.8,1,13222,1,13222,18580,10105,374,21157,15070,9470,15070,1103,2043,1,612,12634,2765,19908,3211,12854,8263,526,14205,5463,6400,25481,12516,2246,150,10198,1,16:32
2024-25,1631210,Jacob Toppin,Jacob,1610612752,NYK,New York Knicks,0022400327,2024-12-05T00:00:00,NYK vs. CHA,W,1.5,0.0,0.0,0.0,0.0,0.0,0.0,0.0,0.0,0.0,0.0,0.0,0.0,0.0,0.0,0.0,0.0,0.0,0.0,0.0,0.0,-48.0,0.0,0,0,0.0,1,1,13086,1,25800,22635,24836,22635,15070,20945,15070,13505,14344,13505,14058,22137,23286,19908,16469,12854,8263,8846,20257,17725,23200,25312,25228,2246,150,25259,1,1:30
2024-25,1626145,Tyus Jones,Tyus,1610612756,PHX,Phoenix Suns,0022400330,2024-12-05T00:00:00,PHX @ NOP,L,27.973333333333333,6.4,14.2,0.455,3.9,10.3,0.375,0.0,0.0,0.0,1.3,5.1,6.4,7.7,1.3,2.6,0.0,0.0,1.3,0.0,16.7,16.7,42.5,0,0,39.9,1,13222,1,13222,9567,10344,9915,12676,4297,3160,8800,13505,14344,13505,11257,10428,11310,3155,13868,4194,8263,8846,18090,17725,11136,4993,6387,2246,150,6838,1,27:58
2024-25,202066,Garrett Temple,Garrett,1610612761,TOR,Toronto Raptors,0022400328,2024-12-05T00:00:00,TOR vs. OKC,L,2.8666666666666667,0.0,12.6,0.0,0.0,0.0,0.0,0.0,0.0,0.0,0.0,0.0,0.0,0.0,0.0,0.0,0.0,0.0,0.0,0.0,0.0,-50.2,0.0,0,0,0.0,1,13222,1,13222,25044,22635,12645,22635,15070,20945,15070,13505,14344,13505,14058,22137,23286,19908,16469,12854,8263,8846,20257,17725,23200,25401,25228,2246,150,25259,1,2:52
2024-25,1642345,Oso Ighodaro,Oso,1610612756,PHX,Phoenix Suns,0022400330,2024-12-05T00:00:00,PHX @ NOP,L,20.165,3.6,3.6,1.0,0.0,0.0,0.0,0.0,0.0,0.0,0.0,3.6,3.6,1.8,1.8,0.0,0.0,0.0,8.9,1.8,7.1,-21.4,12.3,0,0,12.5,1,13222,1,13222,15897,18151,24283,1,15070,20945,15070,13505,14344,13505,14058,15021,18397,17133,11617,12854,8263,8846,984,13981,20604,21945,23942,2246,150,23870,1,20:10
2024-25,1630173,Precious Achiuwa,Precious,1610612752,NYK,New York Knicks,0022400327,2024-12-05T00:00:00,NYK vs. CHA,W,12.25,2.9,11.8,0.25,0.0,2.9,0.0,0.0,5.9,0.0,5.9,5.9,11.8,2.9,5.9,0.0,0.0,0.0,5.9,2.9,5.9,32.3,18.5,0,0,20.6,1,1,13086,1,21122,19558,14019,20233,15070,17780,15070,13505,4643,13505,1693,8597,3710,13133,1479,12854,8263,8846,3104,9464,21474,1696,21883,2246,150,20526,1,12:15
2024-25,1628989,Kevin Huerter,Kevin,1610612758,SAC,Sacramento Kings,0022400329,2024-12-05T00:00:00,SAC @ MEM,L,24.8,4.4,14.5,0.3,0.0,8.7,0.0,0.0,0.0,0.0,2.9,5.8,8.7,0.0,1.5,1.5,0.0,0.0,4.4,0.0,8.7,5.8,22.1,0,0,20.3,1,13222,1,13222,12175,16185,9334,19363,15070,5252,15070,13505,14344,13505,5579,8783,7150,19908,13005,8627,8263,8846,6126,17725,19336,9699,20103,2246,150,20677,1,24:48
2024-25,1631165,Keon Ellis,Keon,1610612758,SAC,Sacramento Kings,0022400329,2024-12-05T00:00:00,SAC @ MEM,L,2.35,0.0,0.0,0.0,0.0,0.0,0.0,0.0,0.0,0.0,0.0,0.0,0.0,0.0,0.0,0.0,0.0,0.0,0.0,0.0,0.0,76.6,0.0,0,0,0.0,1,13222,1,13222,25292,22635,24836,22635,15070,20945,15070,13505,14344,13505,14058,22137,23286,19908,16469,12854,8263,8846,20257,17725,23200,196,25228,2246,150,25259,1,2:21
2024-25,1631321,Sidy Cissoko,Sidy,1610612759,SAS,San Antonio Spurs,0022400331,2024-12-05T00:00:00,SAS vs. CHI,L,2.033333333333333,0.0,17.7,0.0,0.0,0.0,0.0,0.0,0.0,0.0,0.0,0.0,0.0,0.0,0.0,0.0,0.0,17.7,0.0,0.0,0.0,-35.4,0.0,0,0,0.0,1,13222,1,13222,25436,22635,4999,22635,15070,20945,15070,13505,14344,13505,14058,22137,23286,19908,16469,12854,8263,19,20257,17725,23200,24459,25228,2246,150,25259,1,2:02
2024-25,1630590,Scotty Pippen Jr.,Scotty,1610612763,MEM,Memphis Grizzlies,0022400329,2024-12-05T00:00:00,MEM vs. SAC,W,14.705,4.9,22.0,0.222,0.0,9.8,0.0,0.0,0.0,0.0,0.0,2.4,2.4,7.3,2.4,0.0,0.0,0.0,2.4,2.4,9.8,24.5,21.3,0,0,19.6,1,1,13086,1,19771,14683,1809,21205,15070,3734,15070,13505,14344,13505,14058,18336,20902,3571,8461,12854,8263,8846,12993,11167,18358,2928,20535,2246,150,21104,1,14:42
2024-25,101108,Chris Paul,Chris,1610612759,SAS,San Antonio Spurs,0022400331,2024-12-05T00:00:00,SAS vs. CHI,L,29.083333333333332,5.0,13.6,0.364,2.5,7.4,0.333,2.5,2.5,1.0,2.5,2.5,5.0,11.1,0.0,1.2,0.0,0.0,2.5,0.0,14.9,-5.0,41.2,0,0,35.9,1,13222,1,13222,8609,14537,10803,16861,8234,7547,9209,9117,11267,1,6687,18253,14924,953,16469,9883,8263,8846,12891,17725,13061,15560,7040,2246,150,9453,1,29:05
2024-25,1630215,Jared Butler,Jared,1610612764,WAS,Washington Wizards,0022400326,2024-12-05T00:00:00,WAS vs. DAL,L,18.711666666666666,3.8,19.2,0.2,1.9,7.7,0.25,0.0,0.0,0.0,0.0,0.0,0.0,9.6,0.0,0.0,0.0,3.8,1.9,0.0,9.6,-34.6,24.0,0,0,21.2,1,13222,1,13222,17033,17458,3557,21401,10531,7012,11902,13505,14344,13505,14058,22137,23286,1632,16469,12854,8263,710,15554,17725,18525,24369,18915,2246,150,20180,1,18:43
2024-25,1642266,Ja'Kobe Walter,Ja'Kobe,1610612761,TOR,Toronto Raptors,0022400328,2024-12-05T00:00:00,TOR vs. OKC,L,23.066666666666666,3.1,12.5,0.25,0.0,6.2,0.0,3.1,3.1,1.0,4.7,4.7,9.4,3.1,4.7,0.0,0.0,0.0,1.6,3.1,9.4,-42.1,20.6,0,0,21.8,1,13222,1,13222,13659,19146,12745,20233,15070,10096,15070,7489,9665,1,2700,11763,6243,12553,2744,12854,8263,8846,16998,8809,18765,24989,20898,2246,150,19757,1,23:04
2024-25,1641726,Dereck Lively II,Dereck,1610612742,DAL,Dallas Mavericks,0022400326,2024-12-05T00:00:00,DAL @ WAS,W,19.0,5.7,11.4,0.5,0.0,0.0,0.0,0.0,0.0,0.0,13.3,7.6,20.8,1.9,1.9,1.9,1.9,1.9,3.8,0.0,11.4,15.2,48.7,0,0,41.7,1,1,13086,1,16826,12461,14711,8526,15070,20945,15070,13505,14344,13505,181,5357,433,16767,11073,6793,3778,3568,7769,17725,16824,5562,3745,2246,150,5807,1,19:00
2024-25,1642274,Yves Missi,Yves,1610612740,NOP,New Orleans Pelicans,0022400330,2024-12-05T00:00:00,NOP vs. PHX,W,25.05,4.3,12.9,0.333,0.0,0.0,0.0,4.3,7.2,0.6,8.6,8.6,17.2,0.0,0.0,0.0,0.0,4.3,4.3,4.3,12.9,0.0,33.6,0,0,30.2,1,1,13086,1,11963,16288,11979,17395,15070,20945,15070,5128,3181,10343,636,3909,1069,19908,16469,12854,8263,540,6239,5553,15163,12240,12089,2246,150,13817,1,25:03
2024-25,203995,Vasilije Micić,Vasilije,1610612766,CHA,Charlotte Hornets,0022400327,2024-12-05T00:00:00,CHA @ NYK,L,34.53333333333333,6.3,13.6,0.462,2.1,5.2,0.4,0.0,1.0,0.0,0.0,1.0,1.0,12.5,2.1,0.0,0.0,1.0,2.1,1.0,14.6,-8.3,32.5,1,0,30.2,1,13222,1,13222,3822,10833,10917,12428,9746,12673,7874,13505,14146,13505,14058,21893,23169,612,10072,12854,8263,7555,14674,17204,13291,17115,12933,1,150,13771,1,34:32
2024-25,1629646,Charles Bassey,Charles,1610612759,SAS,San Antonio Spurs,0022400331,2024-12-05T00:00:00,SAS vs. CHI,L,13.015,5.5,5.5,1.0,0.0,0.0,0.0,2.8,8.3,0.333,0.0,8.3,8.3,8.3,2.8,2.8,0.0,0.0,8.3,5.5,13.8,-13.8,41.8,0,0,36.0,1,13222,1,13222,20739,12903,23065,1,15070,20945,15070,8420,2326,13132,14058,4288,7774,2620,7331,3763,8263,8846,1231,3299,14118,19441,6742,2246,150,9411,1,13:01
2024-25,1629656,Quentin Grimes,Quentin,1610612742,DAL,Dallas Mavericks,0022400326,2024-12-05T00:00:00,DAL @ WAS,W,24.666666666666668,7.3,13.1,0.556,2.9,5.8,0.5,2.9,2.9,1.0,0.0,7.3,7.3,2.9,7.3,2.9,1.5,0.0,4.4,1.5,20.4,-4.4,39.4,0,0,42.3,1,1,13086,1,12303,8225,11608,7248,6798,11108,3944,8037,10176,1,14058,5827,9576,13206,777,3350,4999,8846,6076,15188,7560,15259,8125,2246,150,5490,1,24:40
2024-25,1630530,Trey Murphy III,Trey,1610612740,NOP,New Orleans Pelicans,0022400330,2024-12-05T00:00:00,NOP vs. PHX,W,33.88333333333333,7.4,11.7,0.636,3.2,6.4,0.5,2.1,2.1,1.0,1.1,1.1,2.1,2.1,3.2,0.0,0.0,0.0,3.2,1.1,20.2,-3.2,22.7,0,0,27.6,1,1,13086,1,4366,7916,14144,4689,5987,9810,3944,10216,12337,1,12775,21845,21562,15914,5862,12854,8263,8846,9910,17104,7745,14666,19723,2246,150,15698,1,33:53
2024-25,202685,Jonas Valančiūnas,Jonas,1610612764,WAS,Washington Wizards,0022400326,2024-12-05T00:00:00,WAS vs. DAL,L,12.761666666666667,11.3,19.7,0.571,0.0,0.0,0.0,2.8,5.6,0.5,5.6,8.5,14.1,2.8,2.8,0.0,0.0,5.6,2.8,8.5,25.4,-70.5,43.7,0,0,42.3,1,13222,1,13222,20861,2024,3152,6538,15070,20945,15070,8286,4981,10625,1849,4097,2186,13520,7140,12854,8263,253,11545,845,4003,25896,5799,2246,150,5495,1,12:46
2024-25,1641765,Olivier-Maxence Prosper,Olivier-Maxence,1610612742,DAL,Dallas Mavericks,0022400326,2024-12-05T00:00:00,DAL @ WAS,W,10.466666666666667,3.4,6.9,0.5,0.0,3.4,0.0,3.4,6.9,0.5,0.0,10.3,10.3,0.0,0.0,0.0,3.4,0.0,0.0,3.4,10.3,13.8,33.0,0,0,27.5,1,1,13086,1,21929,18455,21698,8526,15070,16791,15070,6814,3495,10625,14058,2340,5098,19908,16469,12854,1272,8846,20257,7838,17842,6097,12578,2246,150,15779,1,10:28
2024-25,202693,Markieff Morris,Markieff,1610612742,DAL,Dallas Mavericks,0022400326,2024-12-05T00:00:00,DAL @ WAS,W,8.433333333333334,4.3,12.8,0.333,4.3,4.3,1.0,0.0,0.0,0.0,0.0,4.3,4.3,0.0,8.5,0.0,4.3,0.0,0.0,0.0,12.8,4.3,22.2,0,0,29.9,1,1,13086,1,22649,16403,12194,17395,3446,14980,1,13505,14344,13505,14058,12901,16615,19908,494,12854,779,8846,20257,17725,15283,10504,20026,2246,150,14044,1,8:26
2024-25,1630264,Anthony Gill,Anthony,1610612764,WAS,Washington Wizards,0022400326,2024-12-05T00:00:00,WAS vs. DAL,L,7.9,4.6,4.6,1.0,4.6,4.6,1.0,0.0,0.0,0.0,0.0,0.0,0.0,0.0,0.0,4.6,0.0,0.0,0.0,0.0,13.7,-9.1,27.3,0,0,27.3,1,13222,1,13222,22839,15610,23768,1,2962,14306,1,13505,14344,13505,14058,22137,23286,19908,16469,1188,8263,8846,20257,17725,14306,17481,16708,2246,150,15905,1,7:54
2024-25,1626172,Kevon Looney,Kevon,1610612744,GSW,Golden State Warriors,0022400332,2024-12-05T00:00:00,GSW vs. HOU,W,26.905,2.7,9.4,0.286,0.0,0.0,0.0,0.0,0.0,0.0,6.7,8.0,14.7,4.0,0.0,1.3,0.0,2.7,4.0,0.0,5.4,28.1,33.0,0,0,26.8,1,1,13086,1,10413,20143,18175,19630,15070,20945,15070,13505,14344,13505,1283,4666,1904,9902,16469,9255,8263,1781,7101,17725,21825,2250,12555,2246,150,16351,1,26:54
2024-25,1627832,Fred VanVleet,Fred,1610612745,HOU,Houston Rockets,0022400332,2024-12-05T00:00:00,HOU @ GSW,L,37.15,4.8,15.5,0.313,2.9,9.7,0.3,0.0,0.0,0.0,1.0,2.9,3.9,4.8,1.0,1.0,1.9,0.0,3.9,1.9,12.6,-6.8,32.3,0,0,30.0,1,13222,1,13222,1884,14821,7813,19175,6846,3864,11319,13505,14344,13505,13504,17055,17636,7808,16035,12216,3657,8846,7525,13375,15498,16413,13110,2246,150,13912,1,37:09
2024-25,1629660,Ty Jerome,Ty,1610612739,CLE,Cleveland Cavaliers,0022400325,2024-12-05T00:00:00,CLE vs. DEN,W,12.016666666666667,6.0,12.0,0.5,0.0,3.0,0.0,0.0,0.0,0.0,0.0,6.0,6.0,3.0,3.0,0.0,0.0,3.0,3.0,0.0,12.0,-33.0,20.7,0,0,21.0,1,1,13086,1,21220,11546,13617,8526,15070,17667,15070,13505,14344,13505,14058,8345,12306,12948,6510,12854,8263,1347,10755,17725,16159,24156,20858,2246,150,20300,1,12:01
2024-25,202691,Klay Thompson,Klay,1610612742,DAL,Dallas Mavericks,0022400326,2024-12-05T00:00:00,DAL @ WAS,W,21.3,6.8,15.2,0.444,5.1,8.5,0.6,0.0,0.0,0.0,1.7,1.7,3.4,3.4,1.7,0.0,0.0,0.0,0.0,0.0,18.6,60.8,26.0,0,0,30.4,1,1,13086,1,15068,9527,8230,13045,2192,5667,2992,13505,14344,13505,9613,20488,18815,11732,11959,12854,8263,8846,20257,17725,9229,349,17602,2246,150,13610,1,21:18
2024-25,1642267,Bub Carrington,Bub,1610612764,WAS,Washington Wizards,0022400326,2024-12-05T00:00:00,WAS vs. DAL,L,28.383333333333333,7.6,16.5,0.462,3.8,11.4,0.333,0.0,0.0,0.0,0.0,2.5,2.5,1.3,1.3,0.0,0.0,0.0,6.3,0.0,19.0,-33.0,22.7,0,0,26.6,1,13222,1,13222,9227,7484,6434,12428,4420,2160,9209,13505,14344,13505,14058,18088,20733,18763,13977,12854,8263,8846,2549,17725,8831,24158,19745,2246,150,16440,1,28:23
2024-25,1642419,Jamison Battle,Jamison,1610612761,TOR,Toronto Raptors,0022400328,2024-12-05T00:00:00,TOR vs. OKC,L,13.35,5.4,8.1,0.667,5.4,8.1,0.667,0.0,0.0,0.0,2.7,5.4,8.1,5.4,5.4,0.0,0.0,0.0,5.4,0.0,16.2,-24.3,28.6,0,0,35.1,1,13222,1,13222,20566,13297,20103,3281,1857,6307,1957,13505,14344,13505,6115,9803,8113,6647,1907,12854,8263,8846,3860,17725,11745,22635,15806,2246,150,10056,1,13:21
2024-25,1630583,Santi Aldama,Santi,1610612763,MEM,Memphis Grizzlies,0022400329,2024-12-05T00:00:00,MEM vs. SAC,W,29.121666666666666,7.4,9.9,0.75,3.7,3.7,1.0,0.0,1.2,0.0,2.5,9.9,12.4,0.0,0.0,3.7,0.0,0.0,1.2,1.2,18.5,28.4,44.5,1,0,42.0,1,1,13086,1,8569,7972,17264,2107,4685,16195,1,13505,13833,13505,6705,2662,3224,19908,16469,1959,8263,8846,18350,16204,9276,2195,5424,1,150,5625,1,29:07
2024-25,1641708,Amen Thompson,Amen,1610612745,HOU,Houston Rockets,0022400332,2024-12-05T00:00:00,HOU @ GSW,L,22.076666666666668,8.2,21.2,0.385,3.3,8.2,0.4,3.3,6.5,0.5,3.3,9.8,13.0,0.0,0.0,0.0,1.6,1.6,0.0,3.3,22.8,4.9,43.4,0,0,42.4,1,13222,1,13222,14439,6298,2208,16070,5780,6168,7874,7183,3859,10625,4818,2738,2778,19908,16469,12854,4478,4360,20257,8378,5611,10167,5944,2246,150,5455,1,22:05
2024-25,1631095,Jabari Smith Jr.,Jabari,1610612745,HOU,Houston Rockets,0022400332,2024-12-05T00:00:00,HOU @ GSW,L,36.64,2.0,7.9,0.25,1.0,3.9,0.25,0.0,0.0,0.0,0.0,6.9,6.9,1.0,1.0,1.0,2.9,0.0,4.9,0.0,4.9,-14.7,25.4,0,0,21.6,1,13222,1,13222,2260,21465,20463,20233,14640,15713,11902,13505,14344,13505,14058,6571,10366,19720,15958,12098,1759,8846,4812,17725,22061,19802,17966,2246,150,19883,1,36:38
2024-25,1641731,Bilal Coulibaly,Bilal,1610612764,WAS,Washington Wizards,0022400326,2024-12-05T00:00:00,WAS vs. DAL,L,29.288333333333334,0.0,12.3,0.0,0.0,6.1,0.0,4.9,4.9,1.0,0.0,4.9,4.9,4.9,4.9,3.7,0.0,2.5,3.7,2.5,4.9,-22.1,24.3,0,0,22.1,1,13222,1,13222,8413,22635,13096,22635,15070,10328,15070,4164,6083,1,14058,11118,15017,7654,2445,1983,8263,2110,8133,11136,22057,22103,18726,2246,150,19603,1,29:17
2024-25,1641733,Nick Smith Jr.,Nick,1610612766,CHA,Charlotte Hornets,0022400327,2024-12-05T00:00:00,CHA @ NYK,L,19.185,3.8,15.0,0.25,3.8,9.4,0.4,0.0,0.0,0.0,0.0,5.6,5.6,1.9,0.0,0.0,0.0,0.0,1.9,0.0,11.3,-9.4,20.8,0,0,22.5,1,13222,1,13222,16682,17702,8593,20233,4571,4277,7874,13505,14344,13505,14058,9231,13215,16834,16469,12854,8263,8846,15810,17725,16939,17618,20774,2246,150,19342,1,19:11
2024-25,1628998,Cody Martin,Cody,1610612766,CHA,Charlotte Hornets,0022400327,2024-12-05T00:00:00,CHA @ NYK,L,26.43166666666667,2.7,9.5,0.286,0.0,2.7,0.0,0.0,0.0,0.0,1.4,2.7,4.1,1.4,1.4,0.0,1.4,1.4,1.4,2.7,5.4,-39.5,15.1,0,0,13.6,1,13222,1,13222,10797,20036,17883,19630,15070,18212,15070,13505,14344,13505,10920,17625,17109,18461,13499,12854,5400,5347,17780,10244,21765,24804,23139,2246,150,23526,1,26:26
2024-25,1642382,Branden Carlson,Branden,1610612760,OKC,Oklahoma City Thunder,0022400328,2024-12-05T00:00:00,OKC @ TOR,W,6.283333333333333,0.0,5.7,0.0,0.0,5.7,0.0,0.0,0.0,0.0,5.7,5.7,11.5,11.5,0.0,0.0,0.0,0.0,0.0,0.0,0.0,57.3,30.9,0,0,22.9,1,1,13086,1,23465,22635,22876,22635,15070,11381,15070,13505,14344,13505,1794,8969,3996,852,16469,12854,8263,8846,20257,17725,23200,405,14096,2246,150,19070,1,6:17
2024-25,1629634,Brandon Clarke,Brandon,1610612763,MEM,Memphis Grizzlies,0022400329,2024-12-05T00:00:00,MEM vs. SAC,W,17.578333333333333,4.1,4.1,1.0,0.0,0.0,0.0,0.0,0.0,0.0,2.0,4.1,6.1,0.0,2.0,0.0,4.1,0.0,4.1,0.0,8.2,-30.7,25.8,0,0,22.5,1,1,13086,1,17876,16855,24048,1,15070,20945,15070,13505,14344,13505,8174,13429,11947,19908,10272,12854,867,8846,6855,17725,19756,23850,17741,2246,150,19336,1,17:35
2024-25,1631222,Jake LaRavia,Jake,1610612763,MEM,Memphis Grizzlies,0022400329,2024-12-05T00:00:00,MEM vs. SAC,W,28.866666666666667,5.0,7.5,0.667,1.2,3.7,0.333,3.7,5.0,0.75,1.2,8.7,10.0,2.5,2.5,1.2,0.0,0.0,2.5,2.5,15.0,31.2,31.9,0,0,31.2,1,1,13086,1,8793,14415,20954,3281,13112,16122,9209,6200,5938,8186,11494,3803,5456,14561,8268,9820,8263,8846,12818,11008,12939,1813,13381,2246,150,13021,1,28:52
2024-25,1630534,Ochai Agbaji,Ochai,1610612761,TOR,Toronto Raptors,0022400328,2024-12-05T00:00:00,TOR vs. OKC,L,21.583333333333332,3.3,10.0,0.333,1.7,5.0,0.333,0.0,0.0,0.0,0.0,0.0,0.0,3.3,0.0,0.0,0.0,3.3,1.7,0.0,8.3,-31.7,13.3,0,0,13.3,1,13222,1,13222,14862,18669,17042,17395,11492,13205,9209,13505,14344,13505,14058,22137,23286,11864,16469,12854,8263,1038,16631,17725,19630,23991,23683,2246,150,23599,1,21:35
2024-25,203486,Mason Plumlee,Mason,1610612756,PHX,Phoenix Suns,0022400330,2024-12-05T00:00:00,PHX @ NOP,L,26.066666666666666,1.4,2.8,0.5,0.0,0.0,0.0,2.8,8.3,0.333,2.8,11.0,13.8,4.1,0.0,1.4,2.8,1.4,1.4,6.9,5.5,11.0,40.7,0,0,31.8,1,13222,1,13222,11112,22311,24566,8526,15070,20945,15070,8429,2329,13132,5942,1882,2329,9537,16469,9005,2004,5258,17697,1725,21715,7213,7311,2246,150,12561,1,26:04
2024-25,1641764,Brandin Podziemski,Brandin,1610612744,GSW,Golden State Warriors,0022400332,2024-12-05T00:00:00,GSW vs. HOU,W,36.71666666666667,2.0,8.8,0.222,1.0,2.9,0.333,2.9,3.9,0.75,1.0,9.8,10.8,2.9,2.0,0.0,0.0,2.0,0.0,2.9,7.8,12.7,23.2,0,0,22.6,1,1,13086,1,2182,21474,18983,21205,14652,17775,9209,7976,8005,8186,13420,2723,4615,13126,10719,12854,8263,3355,20257,9455,20047,6501,19419,2246,150,19323,1,36:43
2024-25,1627780,Gary Payton II,Gary,1610612744,GSW,Golden State Warriors,0022400332,2024-12-05T00:00:00,GSW vs. HOU,W,18.368333333333332,5.9,13.7,0.429,0.0,5.9,0.0,0.0,0.0,0.0,5.9,5.9,11.8,2.0,0.0,2.0,0.0,2.0,9.8,0.0,11.8,-27.4,34.7,0,0,29.4,1,1,13086,1,17301,11864,10621,13735,15070,10998,15070,13505,14344,13505,1691,8594,3708,16523,16469,6458,8263,3361,748,17725,16391,23334,11299,2246,150,14411,1,18:22
2024-25,1630577,Julian Champagnie,Julian,1610612759,SAS,San Antonio Spurs,0022400331,2024-12-05T00:00:00,SAS vs. CHI,L,24.9,7.2,15.9,0.455,2.9,7.2,0.4,0.0,0.0,0.0,1.4,2.9,4.3,1.4,0.0,0.0,1.4,2.9,2.9,0.0,17.3,-28.9,29.1,0,0,28.9,1,13222,1,13222,12089,8380,7258,12676,6887,7986,7874,13505,14344,13505,10555,17110,16440,18190,16469,12854,5054,1478,11218,17725,10472,23575,15444,2246,150,14770,1,24:54
2024-25,1629673,Jordan Poole,Jordan,1610612764,WAS,Washington Wizards,0022400326,2024-12-05T00:00:00,WAS vs. DAL,L,31.83,4.5,15.8,0.286,2.3,9.0,0.25,1.1,3.4,0.333,0.0,1.1,1.1,9.0,1.1,2.3,0.0,3.4,4.5,5.7,12.4,-23.8,33.0,0,0,29.4,1,13222,1,13222,6135,15700,7369,19630,9002,4743,11902,12811,9112,13132,14058,21680,23036,1984,14927,5175,8263,999,5720,3109,15665,22512,12574,2246,150,14398,1,31:50
2024-25,1628420,Monté Morris,Monté,1610612756,PHX,Phoenix Suns,0022400330,2024-12-05T00:00:00,PHX @ NOP,L,14.913333333333334,7.2,12.1,0.6,2.4,7.2,0.333,0.0,0.0,0.0,0.0,4.8,4.8,4.8,0.0,0.0,0.0,0.0,0.0,0.0,16.9,-2.4,29.9,0,0,29.0,1,13222,1,13222,19629,8356,13470,5394,8439,7953,9209,13505,14344,13505,14058,11345,15229,7840,16469,12854,8263,8846,20257,17725,10962,14265,14847,2246,150,14735,1,14:55
2024-25,1631207,Dalen Terry,Dalen,1610612741,CHI,Chicago Bulls,0022400331,2024-12-05T00:00:00,CHI @ SAS,W,27.783333333333335,6.5,9.1,0.714,1.3,3.9,0.333,1.3,1.3,1.0,1.3,1.3,2.6,0.0,2.6,1.3,0.0,0.0,3.9,1.3,15.5,-2.6,20.0,0,0,22.0,1,1,13086,1,9729,10236,18612,2752,12873,15830,9209,12312,13734,1,11212,21289,20652,19908,7911,9482,8263,8846,7489,15925,12375,14352,21188,2246,150,19664,1,27:47
2024-25,1630551,Justin Champagnie,Justin,1610612764,WAS,Washington Wizards,0022400326,2024-12-05T00:00:00,WAS vs. DAL,L,29.086666666666666,5.0,11.1,0.444,1.2,5.0,0.25,0.0,0.0,0.0,2.5,3.7,6.2,3.7,1.2,0.0,0.0,1.2,2.5,0.0,11.1,-26.0,22.9,0,0,22.3,1,13222,1,13222,8605,14543,15129,13045,13166,13310,11902,13505,14344,13505,6690,14594,11856,10755,14181,12854,8263,6011,12894,17725,17047,23027,19622,2246,150,19499,1,29:05
2024-25,1627763,Malcolm Brogdon,Malcolm,1610612764,WAS,Washington Wizards,0022400326,2024-12-05T00:00:00,WAS vs. DAL,L,25.05,7.2,18.7,0.385,2.9,5.7,0.5,5.7,8.6,0.667,1.4,5.7,7.2,2.9,2.9,0.0,1.4,2.9,0.0,7.2,23.0,-41.7,37.4,0,0,38.8,1,13222,1,13222,11963,8493,4039,16070,6970,11336,3944,3138,2107,9425,10589,8925,9778,13363,6944,12854,5088,1500,20257,1519,5482,24956,9434,2246,150,7508,1,25:03
2024-25,203468,CJ McCollum,CJ,1610612740,NOP,New Orleans Pelicans,0022400330,2024-12-05T00:00:00,NOP vs. PHX,W,37.303333333333335,8.7,17.4,0.5,2.9,8.7,0.333,3.9,5.8,0.667,0.0,2.9,2.9,5.8,0.0,1.9,0.0,0.0,3.9,3.9,24.1,3.9,42.1,0,0,39.6,1,1,13086,1,1793,5290,5382,8526,6881,5293,9209,5960,4767,9425,14058,17103,20008,5881,16469,6622,8263,8846,7578,6678,4718,10723,6576,2246,150,7031,1,37:18
2024-25,1630541,Moses Moody,Moses,1610612744,GSW,Golden State Warriors,0022400332,2024-12-05T00:00:00,GSW vs. HOU,W,23.18,1.6,10.9,0.143,1.6,7.8,0.2,4.7,9.3,0.5,0.0,1.6,1.6,1.6,0.0,0.0,0.0,0.0,1.6,6.2,9.3,-14.0,13.5,0,0,14.0,1,1,13086,1,13577,22106,15561,22260,11851,6866,13429,4576,1702,10625,14058,20767,22500,17798,16469,12854,8263,8846,17031,2381,18795,19497,23630,2246,150,23428,1,23:11
2024-25,1630643,Jay Huff,Jay,1610612763,MEM,Memphis Grizzlies,0022400329,2024-12-05T00:00:00,MEM vs. SAC,W,20.066666666666666,7.2,16.1,0.444,3.6,10.8,0.333,1.8,3.6,0.5,0.0,7.2,7.2,1.8,1.8,0.0,3.6,0.0,7.2,1.8,19.7,53.8,40.0,0,0,39.5,1,1,13086,1,15970,8517,6906,13045,4944,2708,9209,11252,8705,10625,14058,6042,9791,17100,11574,12854,1153,8846,1838,13954,8136,462,7759,2246,150,7089,1,20:04
2024-25,203937,Kyle Anderson,Kyle,1610612744,GSW,Golden State Warriors,0022400332,2024-12-05T00:00:00,GSW vs. HOU,W,13.986666666666666,7.7,12.9,0.6,0.0,2.6,0.0,5.1,5.1,1.0,0.0,5.1,5.1,5.1,2.6,0.0,0.0,0.0,0.0,7.7,20.6,-2.6,31.9,0,0,30.9,1,1,13086,1,20206,7224,12091,5394,15070,18491,15070,3822,5687,1,14058,10428,14406,7139,7972,12854,8263,8846,20257,1180,7405,14343,13390,2246,150,13262,1,13:59
2024-25,1629652,Luguentz Dort,Luguentz,1610612760,OKC,Oklahoma City Thunder,0022400328,2024-12-05T00:00:00,OKC @ TOR,W,27.916666666666668,3.9,15.5,0.25,0.0,7.7,0.0,0.0,0.0,0.0,2.6,5.2,7.7,1.3,0.0,2.6,3.9,2.6,5.2,1.3,7.7,9.0,38.3,0,0,29.7,1,1,13086,1,9614,17409,7861,20233,15070,6922,15070,13505,14344,13505,6404,10398,8747,18696,16469,4181,994,1906,4268,15951,20139,8168,8831,2246,150,14194,1,27:55
2024-25,1631114,Jalen Williams,Jalen,1610612760,OKC,Oklahoma City Thunder,0022400328,2024-12-05T00:00:00,OKC @ TOR,W,28.366666666666667,7.6,16.5,0.462,2.5,5.1,0.5,7.6,7.6,1.0,0.0,8.9,8.9,2.5,0.0,0.0,0.0,1.3,1.3,3.8,25.4,31.7,39.8,0,0,39.3,1,1,13086,1,9243,7470,6425,12428,8014,13011,3944,1595,2801,1,14058,3625,6908,14408,16469,12854,8263,5816,18174,6829,4007,1763,7850,2246,150,7166,1,28:22
2024-25,1630578,Alperen Sengun,Alperen,1610612745,HOU,Houston Rockets,0022400332,2024-12-05T00:00:00,HOU @ GSW,L,29.196666666666665,8.6,18.5,0.467,0.0,1.2,0.0,2.5,2.5,1.0,2.5,7.4,9.9,6.2,2.5,2.5,0.0,0.0,2.5,7.4,19.7,-12.3,45.7,0,0,40.7,1,13222,1,13222,8515,5380,4223,12249,15070,20576,15070,9148,11298,1,6730,5679,5579,5226,8377,4486,8263,8846,12924,1389,8139,18873,4843,2246,150,6384,1,29:12
2024-25,203935,Marcus Smart,Marcus,1610612763,MEM,Memphis Grizzlies,0022400329,2024-12-05T00:00:00,MEM vs. SAC,W,25.666666666666668,7.0,12.6,0.556,5.6,11.2,0.5,5.6,8.4,0.667,0.0,5.6,5.6,7.0,5.6,2.8,0.0,0.0,1.4,7.0,25.2,18.2,45.3,0,0,49.1,1,1,13086,1,11427,8894,12524,7248,1656,2307,3944,3303,2249,9425,14058,9280,13258,3997,1715,3674,8263,8846,17611,1653,4091,4479,5035,2246,150,2809,1,25:40
2024-25,203999,Nikola Jokić,Nikola,1610612743,DEN,Denver Nuggets,0022400325,2024-12-05T00:00:00,DEN @ CLE,L,38.666666666666664,12.1,24.2,0.5,0.0,2.8,0.0,0.9,0.9,1.0,2.8,15.8,18.6,10.2,2.8,2.8,0.0,0.9,2.8,3.7,25.1,-7.4,68.4,1,1,59.6,1,13222,1,13222,1025,1458,1014,8526,15070,18071,15070,13413,14295,1,5878,452,765,1316,7243,3704,8263,8484,11670,7071,4152,16703,500,1,1,862,1,38:40
2024-25,1630228,Jonathan Kuminga,Jonathan,1610612744,GSW,Golden State Warriors,0022400332,2024-12-05T00:00:00,GSW vs. HOU,W,32.916666666666664,14.2,24.1,0.591,3.3,6.6,0.5,4.4,6.6,0.667,1.1,6.6,7.7,2.2,3.3,0.0,1.1,0.0,3.3,3.3,36.1,7.7,48.6,0,0,51.4,1,1,13086,1,5232,644,1038,6217,5729,9408,3944,5035,3821,9425,12520,7179,8866,15672,5555,12854,6828,8846,9521,8305,813,8800,3786,2246,150,2175,1,32:55
2024-25,1628983,Shai Gilgeous-Alexander,Shai,1610612760,OKC,Oklahoma City Thunder,0022400328,2024-12-05T00:00:00,OKC @ TOR,W,29.633333333333333,13.4,26.7,0.5,1.2,12.1,0.1,8.5,9.7,0.875,0.0,4.9,4.9,6.1,2.4,2.4,2.4,0.0,2.4,8.5,36.4,34.0,63.5,0,0,58.3,1,1,13086,1,8100,885,532,8526,13285,1696,15047,1184,1499,6931,14058,11257,15160,5357,8529,4589,2503,8846,13071,827,764,1501,834,2246,150,983,1,29:38
2024-25,1630702,Jaden Hardy,Jaden,1610612742,DAL,Dallas Mavericks,0022400326,2024-12-05T00:00:00,DAL @ WAS,W,5.633333333333334,32.0,38.3,0.833,12.8,19.2,0.667,6.4,6.4,1.0,0.0,6.4,6.4,0.0,0.0,0.0,0.0,0.0,6.4,6.4,83.1,44.7,90.7,0,0,102.2,1,1,13086,1,23727,26,90,1514,113,277,1957,2509,4018,1,14058,7523,11423,19908,16469,12854,8263,8846,2500,2190,26,720,94,2246,150,56,1,5:38
2024-25,202681,Kyrie Irving,Kyrie,1610612742,DAL,Dallas Mavericks,0022400326,2024-12-05T00:00:00,DAL @ WAS,W,24.8,14.5,23.2,0.625,4.4,7.3,0.6,2.9,4.4,0.667,1.5,4.4,5.8,4.4,2.9,2.9,0.0,0.0,4.4,2.9,36.3,14.5,55.6,0,0,56.6,1,1,13086,1,12175,580,1309,4899,3308,7920,2992,8086,7100,9425,10533,12634,12747,8996,6829,3402,8263,8846,6126,9587,781,5816,1881,2246,150,1209,1,24:48
2024-25,1630245,Ayo Dosunmu,Ayo,1610612741,CHI,Chicago Bulls,0022400331,2024-12-05T00:00:00,CHI @ SAS,W,35.22666666666667,9.2,13.3,0.692,3.1,3.1,1.0,6.1,6.1,1.0,3.1,7.2,10.2,11.2,1.0,3.1,0.0,2.0,3.1,3.1,27.6,23.5,64.9,1,1,58.3,1,1,13086,1,3296,4361,11329,3171,6308,17522,1,2748,4311,1,5198,6085,5210,923,15696,3013,8263,3081,10411,9014,2935,3145,701,1,1,993,1,35:14
2024-25,202696,Nikola Vučević,Nikola,1610612741,CHI,Chicago Bulls,0022400331,2024-12-05T00:00:00,CHI @ SAS,W,34.96,16.5,22.7,0.727,2.1,6.2,0.333,5.1,6.2,0.833,2.1,6.2,8.2,5.1,3.1,1.0,0.0,0.0,3.1,5.1,40.2,14.4,57.8,0,0,57.7,1,1,13086,1,3495,320,1521,2666,9875,10243,9209,3821,4257,7275,8122,7949,7881,7137,6155,11678,8263,8846,10317,3857,437,5851,1505,2246,150,1072,1,34:58
2024-25,1641824,Matas Buzelis,Matas,1610612741,CHI,Chicago Bulls,0022400331,2024-12-05T00:00:00,CHI @ SAS,W,18.516666666666666,7.8,13.6,0.571,3.9,5.8,0.667,1.9,3.9,0.5,3.9,9.7,13.6,1.9,1.9,0.0,0.0,0.0,7.8,1.9,21.4,17.5,38.7,0,0,40.8,1,1,13086,1,17179,7112,10816,6538,4222,11128,1957,10822,8055,10625,3745,2796,2425,16584,10825,12854,8263,8846,1475,13341,6740,4741,8600,2246,150,6306,1,18:31
2024-25,1642275,Tidjane Salaün,Tidjane,1610612766,CHA,Charlotte Hornets,0022400327,2024-12-05T00:00:00,CHA @ NYK,L,2.2333333333333334,16.1,16.1,1.0,0.0,0.0,0.0,32.2,32.2,1.0,0.0,16.1,16.1,0.0,0.0,16.1,0.0,0.0,16.1,16.1,64.5,64.5,132.2,0,0,112.8,1,13222,1,13222,25338,350,6946,1,15070,20945,15070,26,47,1,14058,424,1387,19908,16469,41,8263,8846,205,80,69,293,22,2246,150,37,1,2:14
2024-25,1628963,Marvin Bagley III,Marvin,1610612764,WAS,Washington Wizards,0022400326,2024-12-05T00:00:00,WAS vs. DAL,L,24.316666666666666,10.4,16.3,0.636,3.0,4.4,0.667,0.0,0.0,0.0,4.4,7.4,11.8,0.0,1.5,3.0,0.0,0.0,3.0,1.5,23.7,-17.8,45.3,0,0,44.4,1,13222,1,13222,12630,2856,6710,4689,6648,14593,1957,13505,14344,13505,2994,5675,3621,19908,12846,3245,8263,8846,10894,15084,4988,20857,5037,2246,150,4502,1,24:19
2024-25,1629655,Daniel Gafford,Daniel,1610612742,DAL,Dallas Mavericks,0022400326,2024-12-05T00:00:00,DAL @ WAS,W,18.533333333333335,11.7,17.5,0.667,0.0,0.0,0.0,7.8,11.7,0.667,5.8,7.8,13.6,1.9,0.0,0.0,3.9,0.0,5.8,5.8,31.1,46.6,62.0,0,0,54.4,1,1,13086,1,17163,1757,5265,3281,15070,20945,15070,1528,852,9425,1728,5049,2434,16592,16469,12854,982,8846,3180,2852,1760,649,965,2246,150,1557,1,18:32
2024-25,1628973,Jalen Brunson,Jalen,1610612752,NYK,New York Knicks,0022400327,2024-12-05T00:00:00,NYK vs. CHA,W,26.966666666666665,8.0,10.7,0.75,6.7,8.0,0.833,9.3,10.7,0.875,0.0,1.3,1.3,6.7,0.0,1.3,0.0,0.0,1.3,8.0,32.0,29.4,47.7,0,0,49.4,1,1,13086,1,10359,6615,15926,2107,909,6429,1341,887,1121,6931,14058,21225,22782,4463,16469,9271,8263,8846,17889,1015,1521,2055,4084,2246,150,2697,1,26:58
2024-25,1629029,Luka Dončić,Luka,1610612742,DAL,Dallas Mavericks,0022400326,2024-12-05T00:00:00,DAL @ WAS,W,32.4,7.8,18.9,0.412,3.3,11.1,0.3,4.4,5.6,0.8,0.0,11.1,11.1,11.1,4.4,2.2,1.1,1.1,2.2,5.6,23.3,40.0,58.9,1,1,55.6,1,1,13086,1,5635,7108,3856,14791,5564,2405,11319,4914,5114,7681,14058,1845,4311,962,3080,5303,6716,6956,13994,3260,5259,984,1350,1,1,1380,1,32:24
2024-25,1627747,Caris LeVert,Caris,1610612739,CLE,Cleveland Cavaliers,0022400325,2024-12-05T00:00:00,CLE vs. DEN,W,26.95,9.4,14.7,0.636,6.7,8.0,0.833,2.7,5.3,0.5,0.0,4.0,4.0,8.0,1.3,1.3,0.0,1.3,0.0,2.7,28.1,22.7,47.6,0,0,49.4,1,1,13086,1,10372,4119,9056,4689,906,6421,1341,8637,5399,10625,14058,13701,17301,2878,13641,9267,8263,5469,20257,10402,2761,3320,4124,2246,150,2691,1,26:57
2024-25,1629008,Michael Porter Jr.,Michael,1610612743,DEN,Denver Nuggets,0022400325,2024-12-05T00:00:00,DEN @ CLE,L,37.6,7.7,14.4,0.533,2.9,5.7,0.5,4.8,5.7,0.833,1.9,4.8,6.7,1.9,3.8,2.9,1.9,0.0,0.0,2.9,23.0,1.0,44.4,0,0,44.0,1,13222,1,13222,1632,7360,9589,8140,6977,11343,3944,4364,4821,7275,8757,11468,10726,16700,4236,3479,3722,8846,20257,9678,5491,12185,5449,2246,150,4673,1,37:36
2024-25,1630526,Jeremiah Robinson-Earl,Jeremiah,1610612740,NOP,New Orleans Pelicans,0022400330,2024-12-05T00:00:00,NOP vs. PHX,W,7.466666666666667,4.8,24.1,0.2,0.0,9.6,0.0,0.0,0.0,0.0,14.5,9.6,24.1,9.6,0.0,0.0,0.0,0.0,4.8,0.0,9.6,-24.1,53.0,0,0,43.4,1,1,13086,1,23013,14881,1030,21401,15070,3918,15070,13505,14344,13505,146,2880,219,1617,16469,12854,8263,8846,5006,17725,18502,22602,2445,2246,150,4969,1,7:28
2024-25,1629026,Kenrich Williams,Kenrich,1610612760,OKC,Oklahoma City Thunder,0022400328,2024-12-05T00:00:00,OKC @ TOR,W,13.833333333333334,13.0,15.6,0.833,7.8,7.8,1.0,0.0,0.0,0.0,10.4,7.8,18.2,2.6,0.0,2.6,0.0,0.0,0.0,0.0,33.8,57.3,67.4,0,0,67.7,1,1,13086,1,20282,1029,7676,1514,513,6786,1,13505,14344,13505,357,4999,849,14208,16469,4136,8263,8846,20257,17725,1161,406,548,2246,150,381,1,13:50
2024-25,1630217,Desmond Bane,Desmond,1610612763,MEM,Memphis Grizzlies,0022400329,2024-12-05T00:00:00,MEM vs. SAC,W,32.416666666666664,6.7,11.1,0.6,2.2,4.4,0.5,4.4,4.4,1.0,2.2,6.7,8.9,7.8,3.3,1.1,0.0,0.0,2.2,2.2,20.0,16.7,42.3,0,0,41.1,1,1,13086,1,5623,9793,15184,5394,9159,14592,3944,4921,6952,1,7530,6974,6907,3108,5412,10936,8263,8846,14005,12077,7928,5016,6468,2246,150,6147,1,32:25
2024-25,203552,Seth Curry,Seth,1610612766,CHA,Charlotte Hornets,0022400327,2024-12-05T00:00:00,CHA @ NYK,L,18.383333333333333,13.7,17.6,0.778,7.8,9.8,0.8,0.0,0.0,0.0,0.0,5.9,5.9,0.0,0.0,0.0,2.0,0.0,0.0,0.0,35.2,2.0,48.2,0,0,52.9,1,13222,1,13222,17292,786,5112,1994,503,3737,1389,13505,14344,13505,14058,8608,12584,19908,16469,12854,3610,8846,20257,17725,928,11644,3919,2246,150,1832,1,18:23
2024-25,1629659,Talen Horton-Tucker,Talen,1610612741,CHI,Chicago Bulls,0022400331,2024-12-05T00:00:00,CHI @ SAS,W,21.216666666666665,8.5,17.0,0.5,3.4,6.8,0.5,1.7,3.4,0.5,0.0,5.1,5.1,6.8,3.4,1.7,1.7,0.0,3.4,3.4,22.1,17.0,45.1,0,0,44.1,1,1,13086,1,15144,5643,5837,8526,5395,8927,3944,11420,9107,10625,14058,10600,14547,4308,5243,7618,4299,8846,9102,7968,6162,4921,5111,2246,150,4632,1,21:13
2024-25,1628378,Donovan Mitchell,Donovan,1610612739,CLE,Cleveland Cavaliers,0022400325,2024-12-05T00:00:00,CLE vs. DEN,W,32.93333333333333,12.0,26.2,0.458,6.6,10.9,0.6,0.0,0.0,0.0,1.1,2.2,3.3,6.6,5.5,2.2,2.2,2.2,4.4,0.0,30.6,23.0,52.0,0,0,55.7,1,1,13086,1,5210,1505,609,12650,971,2562,2992,13505,14344,13505,12524,19110,19042,4629,1838,5453,2977,2681,6094,17725,1890,3278,2701,2246,150,1352,1,32:56
2024-25,1641717,Cason Wallace,Cason,1610612760,OKC,Oklahoma City Thunder,0022400328,2024-12-05T00:00:00,OKC @ TOR,W,22.9,4.7,11.0,0.429,3.1,7.9,0.4,1.6,1.6,1.0,1.6,0.0,1.6,3.1,3.1,4.7,4.7,0.0,0.0,1.6,14.1,12.6,45.9,0,0,40.9,1,1,13086,1,13790,15200,15346,13735,6110,6690,7874,11643,13420,1,10035,22137,22478,12496,6001,1070,609,8846,20257,14719,13789,6572,4779,2246,150,6283,1,22:54
2024-25,1630188,Jalen Smith,Jalen,1610612741,CHI,Chicago Bulls,0022400331,2024-12-05T00:00:00,CHI @ SAS,W,12.05,9.0,17.9,0.5,3.0,12.0,0.25,6.0,6.0,1.0,3.0,6.0,9.0,3.0,3.0,0.0,6.0,0.0,6.0,3.0,26.9,6.0,57.1,0,0,53.8,1,1,13086,1,21207,4776,4778,8526,6564,1804,11902,2888,4506,1,5375,8393,6799,12975,6536,12854,315,8846,2983,9301,3256,9631,1624,2246,150,1659,1,12:03
2024-25,1630529,Herbert Jones,Herbert,1610612740,NOP,New Orleans Pelicans,0022400330,2024-12-05T00:00:00,NOP vs. PHX,W,31.666666666666668,4.5,12.5,0.364,2.3,5.7,0.4,2.3,4.5,0.5,0.0,8.0,8.0,5.7,1.1,4.5,1.1,0.0,3.4,2.3,13.6,14.8,47.6,0,0,40.9,1,1,13086,1,6258,15628,12722,16861,8952,11488,7874,9713,6751,10625,14058,4766,8347,6072,14893,1192,6561,8846,9041,11848,14335,5715,4093,2246,150,6250,1,31:40
2024-25,1628384,OG Anunoby,OG,1610612752,NYK,New York Knicks,0022400327,2024-12-05T00:00:00,NYK vs. CHA,W,39.5,9.1,16.4,0.556,2.7,3.6,0.75,1.8,1.8,1.0,0.9,4.6,5.5,1.8,0.9,3.6,1.8,1.8,1.8,0.9,22.8,16.4,47.6,0,0,43.7,1,1,13086,1,720,4501,6540,7248,7434,16336,1542,11186,13163,1,13855,12104,13625,17015,16315,2037,4000,3821,16070,17640,5640,5109,4115,2246,150,4803,1,39:30
2024-25,1628960,Grayson Allen,Grayson,1610612756,PHX,Phoenix Suns,0022400330,2024-12-05T00:00:00,PHX @ NOP,L,29.895,4.8,8.4,0.571,3.6,6.0,0.6,2.4,2.4,1.0,0.0,7.2,7.2,12.0,1.2,0.0,1.2,0.0,1.2,3.6,15.7,-10.8,44.8,1,0,40.9,1,13222,1,13222,7885,14896,19595,6538,4894,10641,2992,9315,11464,1,14058,5953,9695,708,14406,12854,6145,8846,18512,7358,12260,18248,5278,1,150,6238,1,29:54
2024-25,1630527,Brandon Boston,Brandon,1610612740,NOP,New Orleans Pelicans,0022400330,2024-12-05T00:00:00,NOP vs. PHX,W,16.733333333333334,10.8,15.1,0.714,2.2,6.5,0.333,0.0,2.2,0.0,0.0,4.3,4.3,4.3,2.2,2.2,2.2,0.0,2.2,2.2,23.7,32.3,46.0,0,0,43.0,1,1,13086,1,18432,2446,8504,2752,9447,9640,9209,13505,12249,13505,14058,12793,16522,9116,9718,5585,3065,8846,14351,12388,5004,1703,4732,2246,150,5124,1,16:44
2024-25,1641706,Brandon Miller,Brandon,1610612766,CHA,Charlotte Hornets,0022400327,2024-12-05T00:00:00,CHA @ NYK,L,29.616666666666667,10.9,23.1,0.474,6.1,14.6,0.417,3.6,3.6,1.0,1.2,6.1,7.3,3.6,1.2,0.0,0.0,1.2,3.6,3.6,31.6,-30.4,44.6,0,0,48.6,1,13222,1,13222,8126,2311,1356,12072,1250,782,7826,6392,8590,1,11688,8159,9583,10946,14323,12854,8263,6151,8272,7267,1610,23797,5362,2246,150,2948,1,29:37
2024-25,1630224,Jalen Green,Jalen,1610612745,HOU,Houston Rockets,0022400332,2024-12-05T00:00:00,HOU @ GSW,L,36.345,4.0,15.8,0.25,0.0,4.0,0.0,5.9,6.9,0.857,1.0,3.0,4.0,3.0,2.0,4.0,0.0,1.0,1.0,4.0,13.9,-5.9,33.0,0,0,28.7,1,13222,1,13222,2448,17186,7349,20233,15070,15660,15070,2926,3439,7071,13332,16818,17408,13021,10610,1676,8263,7999,19760,6424,14081,16031,12607,2246,150,14911,1,36:21
2024-25,1630581,Josh Giddey,Josh,1610612741,CHI,Chicago Bulls,0022400331,2024-12-05T00:00:00,CHI @ SAS,W,24.116666666666667,4.5,7.5,0.6,1.5,1.5,1.0,1.5,3.0,0.5,0.0,6.0,6.0,6.0,4.5,0.0,0.0,1.5,1.5,1.5,11.9,7.5,23.6,0,0,25.4,1,1,13086,1,12787,15845,20986,5394,12064,20283,1,11814,10012,10625,14058,8406,12359,5552,3027,12854,8263,4800,17250,15031,16203,8900,19211,2246,150,17374,1,24:07
2024-25,1628386,Jarrett Allen,Jarrett,1610612739,CLE,Cleveland Cavaliers,0022400325,2024-12-05T00:00:00,CLE vs. DEN,W,35.36666666666667,3.1,5.1,0.6,0.0,0.0,0.0,2.0,2.0,1.0,4.1,11.2,15.3,6.1,2.0,2.0,0.0,1.0,1.0,2.0,8.1,5.1,39.7,0,0,33.6,1,1,13086,1,3176,19312,23396,5394,15070,20945,15070,10504,12615,1,3492,1802,1658,5320,10327,6080,8263,7750,19590,12899,19797,10059,7962,2246,150,11166,1,35:22
2024-25,201566,Russell Westbrook,Russell,1610612743,DEN,Denver Nuggets,0022400325,2024-12-05T00:00:00,DEN @ CLE,L,15.916666666666666,9.0,20.4,0.444,2.3,6.8,0.333,2.3,4.5,0.5,2.3,4.5,6.8,6.8,4.5,2.3,2.3,0.0,2.3,2.3,22.6,-33.9,50.0,0,0,47.5,1,13222,1,13222,18986,4616,2720,13045,9004,8932,9209,9747,6800,10625,7374,12196,10561,4310,2963,5176,2819,8846,13810,11894,5760,24289,3276,2246,150,3305,1,15:55
2024-25,1630198,Isaiah Joe,Isaiah,1610612760,OKC,Oklahoma City Thunder,0022400328,2024-12-05T00:00:00,OKC @ TOR,W,20.633333333333333,10.5,17.4,0.6,7.0,10.5,0.667,0.0,0.0,0.0,1.7,5.2,7.0,3.5,0.0,0.0,1.7,0.0,1.7,0.0,27.9,26.2,46.8,0,0,48.9,1,1,13086,1,15533,2749,5304,5394,776,3009,1957,13505,14344,13505,9434,10203,10173,11415,16469,12854,4178,8846,16388,17725,2823,2589,4420,2246,150,2872,1,20:38
2024-25,203932,Aaron Gordon,Aaron,1610612743,DEN,Denver Nuggets,0022400325,2024-12-05T00:00:00,DEN @ CLE,L,34.35,8.4,13.6,0.615,0.0,2.1,0.0,2.1,4.2,0.5,2.1,5.2,7.3,2.1,2.1,0.0,0.0,0.0,1.0,4.2,18.9,1.0,28.7,0,0,28.3,1,13222,1,13222,3964,5832,10791,5246,15070,19375,15070,10309,7427,10625,7968,10189,9505,16015,10019,12854,8263,8846,19420,5867,8979,12123,15700,2246,150,15210,1,34:21
2024-25,1630241,Sam Merrill,Sam,1610612739,CLE,Cleveland Cavaliers,0022400325,2024-12-05T00:00:00,CLE vs. DEN,W,20.55,5.3,14.0,0.375,3.5,12.3,0.286,0.0,0.0,0.0,0.0,8.8,8.8,3.5,1.8,1.8,0.0,0.0,3.5,0.0,14.0,21.0,33.3,0,0,33.3,1,1,13086,1,15607,13656,10148,16299,5138,1642,11433,13505,14344,13505,14058,3767,7089,11379,11728,7433,8263,8846,8738,17725,13917,3693,12362,2246,150,11418,1,20:33
2024-25,1628981,Bruno Fernando,Bruno,1610612761,TOR,Toronto Raptors,0022400328,2024-12-05T00:00:00,TOR vs. OKC,L,19.283333333333335,3.7,3.7,1.0,0.0,0.0,0.0,0.0,0.0,0.0,0.0,13.1,13.1,1.9,5.6,1.9,3.7,0.0,3.7,3.7,7.5,-3.7,37.2,0,0,33.6,1,13222,1,13222,16596,17743,24216,1,15070,20945,15070,13505,14344,13505,14058,992,2761,16868,1724,6935,1065,8846,7960,7036,20347,14907,9580,2246,150,11157,1,19:17
2024-25,1628392,Isaiah Hartenstein,Isaiah,1610612760,OKC,Oklahoma City Thunder,0022400328,2024-12-05T00:00:00,OKC @ TOR,W,27.85,1.3,3.9,0.333,0.0,1.3,0.0,0.0,2.6,0.0,3.9,16.8,20.7,7.8,0.0,1.3,1.3,1.3,3.9,1.3,2.6,19.4,46.8,0,0,36.2,1,1,13086,1,9671,22407,24146,17395,15070,20503,15070,13505,11012,13505,3768,343,450,3128,16469,9502,5680,5692,7522,15940,23056,4143,4406,2246,150,9232,1,27:51
2024-25,203915,Spencer Dinwiddie,Spencer,1610612742,DAL,Dallas Mavericks,0022400326,2024-12-05T00:00:00,DAL @ WAS,W,23.133333333333333,6.2,7.8,0.8,6.2,7.8,0.8,0.0,0.0,0.0,0.0,6.2,6.2,3.1,0.0,0.0,1.6,0.0,1.6,0.0,18.7,32.7,35.5,0,0,37.3,1,1,13086,1,13610,10902,20557,1688,1149,6836,1389,13505,14344,13505,14058,7836,11763,12576,16469,12854,4689,8846,17014,17725,9143,1659,10744,2246,150,8472,1,23:08
2024-25,1626220,Royce O'Neale,Royce,1610612756,PHX,Phoenix Suns,0022400330,2024-12-05T00:00:00,PHX @ NOP,L,27.533333333333335,7.8,11.8,0.667,6.5,10.5,0.625,2.6,2.6,1.0,1.3,7.8,9.2,2.6,2.6,2.6,0.0,0.0,3.9,1.3,24.8,-3.9,45.0,0,0,48.4,1,13222,1,13222,9922,6972,14002,3281,983,3016,2868,8769,10941,1,11163,4951,6506,14166,7818,4108,8263,8846,7375,15871,4280,15023,5193,2246,150,3024,1,27:32
2024-25,1630574,Ariel Hukporti,Ariel,1610612752,NYK,New York Knicks,0022400327,2024-12-05T00:00:00,NYK vs. CHA,W,1.4666666666666666,0.0,0.0,0.0,0.0,0.0,0.0,0.0,0.0,0.0,0.0,24.5,24.5,0.0,0.0,0.0,0.0,0.0,0.0,0.0,0.0,-49.1,29.5,0,0,24.5,1,1,13086,1,25823,22635,24836,22635,15070,20945,15070,13505,14344,13505,14058,83,206,19908,16469,12854,8263,8846,20257,17725,23200,25363,15174,2246,150,17975,1,1:28
2024-25,1641711,Gradey Dick,Gradey,1610612761,TOR,Toronto Raptors,0022400328,2024-12-05T00:00:00,TOR vs. OKC,L,23.366666666666667,7.7,13.9,0.556,6.2,12.3,0.5,1.5,3.1,0.5,0.0,1.5,1.5,0.0,1.5,3.1,0.0,0.0,1.5,4.6,23.1,-12.3,32.7,0,0,37.0,1,13222,1,13222,13408,7267,10403,7248,1186,1606,3944,11712,9770,10625,14058,20795,22523,19908,12578,2976,8263,8846,17081,4888,5411,18868,12833,2246,150,8737,1,23:22
2024-25,1629640,Keldon Johnson,Keldon,1610612759,SAS,San Antonio Spurs,0022400331,2024-12-05T00:00:00,SAS vs. CHI,L,27.566666666666666,14.4,22.2,0.647,1.3,3.9,0.333,6.5,10.4,0.625,3.9,2.6,6.5,0.0,3.9,1.3,0.0,1.3,2.6,6.5,36.6,-6.5,44.4,0,0,47.0,1,13222,1,13222,9899,609,1729,4571,12835,15741,9209,2374,1207,10271,3698,17920,11106,19908,4049,9424,8263,5620,12381,2047,744,16306,5466,2246,150,3472,1,27:34
2024-25,1630540,Miles McBride,Miles,1610612752,NYK,New York Knicks,0022400327,2024-12-05T00:00:00,NYK vs. CHA,W,27.65,2.6,6.5,0.4,2.6,5.2,0.5,5.2,5.2,1.0,0.0,1.3,1.3,7.8,0.0,0.0,0.0,1.3,1.3,2.6,13.0,16.9,26.3,0,0,24.7,1,1,13086,1,9830,20274,22101,14933,7814,12686,3944,3764,5598,1,14058,21281,22816,3071,16469,12854,8263,5644,18020,10630,15069,4930,17415,2246,150,17863,1,27:39
2024-25,1629731,Dean Wade,Dean,1610612739,CLE,Cleveland Cavaliers,0022400325,2024-12-05T00:00:00,CLE vs. DEN,W,18.683333333333334,3.9,9.6,0.4,1.9,7.7,0.25,0.0,1.9,0.0,0.0,11.6,11.6,1.9,1.9,0.0,0.0,0.0,0.0,1.9,9.6,-15.4,24.5,0,0,25.0,1,1,13086,1,17048,17438,17704,14933,10515,6990,11902,13505,12914,13505,14058,1585,3886,16651,10916,12854,8263,8846,20257,13416,18511,20061,18638,2246,150,17644,1,18:41
2024-25,1630572,Sandro Mamukelashvili,Sandro,1610612759,SAS,San Antonio Spurs,0022400331,2024-12-05T00:00:00,SAS vs. CHI,L,6.333333333333333,5.7,5.7,1.0,5.7,5.7,1.0,5.7,11.4,0.5,0.0,0.0,0.0,0.0,0.0,0.0,0.0,0.0,5.7,5.7,22.7,-28.4,22.7,0,0,28.4,1,13222,1,13222,23441,12461,22915,1,1571,11488,1,3196,926,10625,14058,22137,23286,19908,16469,12854,8263,8846,3414,3054,5667,23500,19723,2246,150,15129,1,6:20
2024-25,1627734,Domantas Sabonis,Domantas,1610612758,SAC,Sacramento Kings,0022400329,2024-12-05T00:00:00,SAC @ MEM,L,35.95,7.0,11.0,0.636,1.0,2.0,0.5,2.0,2.0,1.0,4.0,9.0,13.0,6.0,3.0,0.0,0.0,2.0,3.0,2.0,17.0,-5.0,38.7,1,0,37.1,1,13222,1,13222,2713,8906,15335,4689,14546,19556,3944,10637,12715,1,3588,3508,2794,5473,6457,12854,8263,3223,10695,13066,10821,15592,8620,1,150,8692,1,35:57
2024-25,1631109,Mark Williams,Mark,1610612766,CHA,Charlotte Hornets,0022400327,2024-12-05T00:00:00,CHA @ NYK,L,10.733333333333333,10.1,20.1,0.5,0.0,0.0,0.0,0.0,0.0,0.0,3.4,13.4,16.8,3.4,0.0,3.4,0.0,0.0,0.0,0.0,20.1,-36.9,55.3,0,0,47.0,1,13222,1,13222,21833,3151,2884,8526,15070,20945,15070,13505,14344,13505,4631,890,1181,11805,16469,2464,8263,8846,20257,17725,7820,24608,1920,2246,150,3488,1,10:44
2024-25,1626157,Karl-Anthony Towns,Karl-Anthony,1610612752,NYK,New York Knicks,0022400327,2024-12-05T00:00:00,NYK vs. CHA,W,39.416666666666664,8.2,13.7,0.6,1.8,4.6,0.4,6.4,8.2,0.778,2.7,11.9,14.6,1.8,1.8,0.0,1.8,0.9,3.7,7.3,24.7,22.8,48.6,1,0,46.6,1,1,13086,1,740,6169,10653,5394,10962,14273,7874,2508,2373,8092,6010,1426,1953,17007,11424,12854,3992,8593,8252,1442,4386,3291,3776,1,150,3635,1,39:25
2024-25,1627742,Brandon Ingram,Brandon,1610612740,NOP,New Orleans Pelicans,0022400330,2024-12-05T00:00:00,NOP vs. PHX,W,36.666666666666664,9.8,18.7,0.526,2.9,5.9,0.5,5.9,5.9,1.0,1.0,5.9,6.9,2.9,4.9,2.0,1.0,0.0,2.9,2.0,28.5,-1.0,45.1,0,0,47.1,1,1,13086,1,2230,3440,4066,8379,6702,10968,3944,2972,4615,1,13401,8561,10377,13107,2454,6429,7597,8846,10953,13252,2603,13524,5146,2246,150,3426,1,36:40
2024-25,1642403,Isaac Jones,Isaac,1610612758,SAC,Sacramento Kings,0022400329,2024-12-05T00:00:00,SAC @ MEM,L,16.1,8.9,15.7,0.571,2.2,2.2,1.0,0.0,4.5,0.0,2.2,4.5,6.7,0.0,2.2,0.0,2.2,2.2,6.7,2.2,20.1,-4.5,32.6,0,0,33.5,1,13222,1,13222,18858,4826,7621,6538,9093,19103,1,13505,6895,13505,7469,12330,10716,19908,9366,12854,2869,2574,2213,12003,7822,15312,12847,2246,150,11214,1,16:06
2024-25,1629023,P.J. Washington,P.J.,1610612742,DAL,Dallas Mavericks,0022400326,2024-12-05T00:00:00,DAL @ WAS,W,24.483333333333334,2.9,10.3,0.286,2.9,5.9,0.5,5.9,5.9,1.0,1.5,8.8,10.3,2.9,0.0,0.0,2.9,1.5,0.0,5.9,14.7,7.4,40.3,0,0,36.8,1,1,13086,1,12492,19555,16573,19630,6721,10991,3944,2987,4636,1,10434,3693,5125,13127,16469,12854,1765,4883,20257,2777,13194,8959,7582,2246,150,8871,1,24:29
2024-25,1630596,Evan Mobley,Evan,1610612739,CLE,Cleveland Cavaliers,0022400325,2024-12-05T00:00:00,CLE vs. DEN,W,32.25,7.8,12.3,0.636,3.3,5.6,0.6,3.3,6.7,0.5,4.5,5.6,10.0,4.5,1.1,3.3,0.0,0.0,1.1,5.6,22.3,14.5,50.0,0,0,46.9,1,1,13086,1,5778,7036,13116,4689,5514,11764,2992,7002,3658,10625,2967,9337,5374,8731,15021,2467,8263,8846,19005,3215,5986,5819,3269,2246,150,3525,1,32:15
2024-25,1631212,Peyton Watson,Peyton,1610612743,DEN,Denver Nuggets,0022400325,2024-12-05T00:00:00,DEN @ CLE,L,18.216666666666665,2.0,5.9,0.333,2.0,4.0,0.5,2.0,4.0,0.5,0.0,7.9,7.9,2.0,2.0,4.0,0.0,0.0,5.9,2.0,7.9,-25.7,30.2,0,0,27.7,1,13222,1,13222,17428,21447,22680,17395,10262,15673,3944,10722,7939,10625,14058,4850,8449,16456,10633,1682,8263,8846,3041,13176,19993,22958,14639,2246,150,15668,1,18:13
2024-25,1630311,Pat Spencer,Pat,1610612744,GSW,Golden State Warriors,0022400332,2024-12-05T00:00:00,GSW vs. HOU,W,6.328333333333333,0.0,11.4,0.0,0.0,0.0,0.0,0.0,0.0,0.0,5.7,5.7,11.4,5.7,0.0,5.7,0.0,5.7,5.7,5.7,0.0,-11.4,39.3,0,0,28.4,1,1,13086,1,23448,22635,14702,22635,15070,20945,15070,13505,14344,13505,1817,9071,4068,6066,16469,573,8263,248,3406,3048,23200,18471,8233,2246,150,15116,1,6:20
2024-25,201942,DeMar DeRozan,DeMar,1610612758,SAC,Sacramento Kings,0022400329,2024-12-05T00:00:00,SAC @ MEM,L,35.4,6.1,15.3,0.4,1.0,1.0,1.0,13.2,14.2,0.929,1.0,2.0,3.1,1.0,2.0,1.0,0.0,0.0,5.1,6.1,26.4,-12.2,32.6,0,0,33.6,1,13222,1,13222,3147,11218,8172,14933,14443,20846,1,251,421,6719,13119,19551,19581,19627,10335,11792,8263,8846,4415,2501,3458,18813,12852,2246,150,11195,1,35:24
2024-25,1629636,Darius Garland,Darius,1610612739,CLE,Cleveland Cavaliers,0022400325,2024-12-05T00:00:00,CLE vs. DEN,W,33.25,9.7,21.7,0.45,3.2,10.8,0.3,3.2,3.2,1.0,0.0,0.0,0.0,4.3,1.1,0.0,0.0,0.0,3.2,3.2,26.0,-1.1,31.4,0,0,33.6,1,1,13086,1,4943,3545,1959,12982,5815,2648,11319,7205,9418,1,14058,22137,23286,9055,15258,12854,8263,8846,9653,8406,3692,13601,13751,2246,150,11192,1,33:15
2024-25,1630208,Nick Richards,Nick,1610612766,CHA,Charlotte Hornets,0022400327,2024-12-05T00:00:00,CHA @ NYK,L,23.816666666666666,4.5,9.1,0.5,0.0,0.0,0.0,0.0,0.0,0.0,4.5,7.6,12.1,4.5,4.5,0.0,1.5,0.0,4.5,0.0,9.1,-9.1,30.4,0,0,28.7,1,13222,1,13222,13062,15666,18615,8526,15070,20945,15070,13505,14344,13505,2883,5396,3423,8568,2945,12854,4800,8846,5696,17725,19007,17461,14510,2246,150,14913,1,23:49
2024-25,1642377,Jaylen Wells,Jaylen,1610612763,MEM,Memphis Grizzlies,0022400329,2024-12-05T00:00:00,MEM vs. SAC,W,18.445,3.9,9.8,0.4,2.0,5.9,0.333,9.8,11.7,0.833,2.0,9.8,11.7,0.0,7.8,0.0,0.0,0.0,5.9,5.9,19.5,-52.7,25.8,0,0,33.2,1,1,13086,1,17255,17312,17457,14933,10386,11057,9209,767,827,7275,8612,2763,3747,19908,629,12854,8263,8846,3133,2809,8357,25501,17774,2246,150,11515,1,18:27
2024-25,1627750,Jamal Murray,Jamal,1610612743,DEN,Denver Nuggets,0022400325,2024-12-05T00:00:00,DEN @ CLE,L,41.61666666666667,6.1,13.8,0.438,0.9,2.6,0.333,3.5,4.3,0.8,0.9,2.6,3.5,5.2,0.9,0.9,0.0,0.0,0.0,2.6,16.4,-8.7,30.1,0,0,27.7,1,13222,1,13222,288,11351,10437,13558,15018,18459,9209,6776,7157,7681,13979,17960,18637,7053,16406,12766,8263,8846,20257,10661,11464,17266,14731,2246,150,15654,1,41:37
2024-25,1628368,De'Aaron Fox,De'Aaron,1610612758,SAC,Sacramento Kings,0022400329,2024-12-05T00:00:00,SAC @ MEM,L,37.833333333333336,7.6,21.9,0.348,0.0,6.7,0.0,1.9,2.9,0.667,1.9,3.8,5.7,2.9,3.8,5.7,0.0,1.0,1.9,4.8,17.1,-3.8,41.6,0,0,37.1,1,13222,1,13222,1488,7476,1872,17377,15070,9190,15070,10935,10345,9425,8797,14297,12986,13429,4301,568,8263,8327,15655,4600,10704,14955,6840,2246,150,8641,1,37:50
2024-25,1629610,DaQuan Jeffries,DaQuan,1610612766,CHA,Charlotte Hornets,0022400327,2024-12-05T00:00:00,CHA @ NYK,L,15.65,6.9,11.5,0.6,2.3,4.6,0.5,2.3,4.6,0.5,0.0,2.3,2.3,2.3,0.0,0.0,0.0,0.0,4.6,2.3,18.4,-4.6,24.6,0,0,25.3,1,13222,1,13222,19166,9153,14467,5394,8846,14193,3944,9615,6656,10625,14058,18760,21202,15227,16469,12854,8263,8846,5542,11737,9414,15367,18539,2246,150,17428,1,15:39
2024-25,1628975,Jevon Carter,Jevon,1610612741,CHI,Chicago Bulls,0022400331,2024-12-05T00:00:00,CHI @ SAS,W,0.99,0.0,36.4,0.0,0.0,36.4,0.0,0.0,0.0,0.0,0.0,36.4,36.4,0.0,0.0,0.0,0.0,0.0,0.0,0.0,0.0,-72.7,43.6,0,0,36.4,1,1,13086,1,26062,22635,115,22635,15070,23,15070,13505,14344,13505,14058,21,43,19908,16469,12854,8263,8846,20257,17725,23200,25918,5833,2246,150,9123,1,0:59
2024-25,203897,Zach LaVine,Zach,1610612741,CHI,Chicago Bulls,0022400331,2024-12-05T00:00:00,CHI @ SAS,W,33.126666666666665,4.3,12.0,0.364,2.2,6.5,0.333,1.1,2.2,0.5,1.1,8.7,9.8,9.8,4.3,0.0,0.0,0.0,5.4,3.3,12.0,17.4,34.0,0,0,33.7,1,1,13086,1,5051,16210,13677,16861,9344,9504,9209,12946,12171,10625,12578,3847,5706,1549,3229,12854,8263,8846,3797,8379,16194,4777,11793,2246,150,11086,1,33:08
2024-25,1630700,Dyson Daniels,Dyson,1610612737,ATL,Atlanta Hawks,0022400323,2024-12-04T00:00:00,ATL @ MIL,W,31.15,3.5,8.1,0.429,1.2,2.3,0.5,2.3,2.3,1.0,0.0,2.3,2.3,6.9,0.0,3.5,0.0,0.0,6.9,3.5,10.4,9.2,34.0,0,0,27.7,1,1,13086,1,6744,18392,20103,13735,13620,18961,3944,9584,11747,1,14058,18733,21181,4092,16469,2282,8263,8846,2028,7751,17756,8073,11834,2246,150,15618,1,31:09
2024-25,1629130,Duncan Robinson,Duncan,1610612748,MIA,Miami Heat,0022400321,2024-12-04T00:00:00,MIA vs. LAL,W,27.216666666666665,4.0,9.3,0.429,1.3,4.0,0.333,0.0,0.0,0.0,1.3,2.6,4.0,7.9,0.0,1.3,0.0,1.3,2.6,0.0,9.3,37.0,29.9,0,0,25.1,1,1,13086,1,10176,17167,18326,13735,12764,15650,9209,13505,14344,13505,11084,17833,17393,2959,16469,9329,8263,5530,12255,17725,18853,1200,14879,2246,150,17575,1,27:13
2024-25,1641741,Ricky Council IV,Ricky,1610612755,PHI,Philadelphia 76ers,0022400322,2024-12-04T00:00:00,PHI vs. ORL,L,18.471666666666668,3.9,11.7,0.333,1.9,3.9,0.5,7.8,11.7,0.667,0.0,0.0,0.0,1.9,0.0,0.0,1.9,3.9,0.0,5.8,17.5,-27.3,26.3,0,0,25.3,1,13222,1,13222,17224,17331,14136,17395,10412,15802,3944,1512,839,9425,14058,22137,23286,16566,16469,12854,3631,687,20257,2823,10281,23295,17412,2246,150,17407,1,18:28
2024-25,1642422,Armel Traoré,Armel,1610612747,LAL,Los Angeles Lakers,0022400321,2024-12-04T00:00:00,LAL @ MIA,L,12.716666666666667,2.8,14.2,0.2,0.0,2.8,0.0,5.7,14.2,0.4,0.0,14.2,14.2,0.0,0.0,2.8,2.8,2.8,0.0,8.5,11.3,-48.1,45.3,0,0,36.8,1,13222,1,13222,20884,19807,9917,21401,15070,17992,15070,3232,433,13061,14058,729,2165,19908,16469,3596,1903,1553,20257,834,16865,25323,5041,2246,150,8839,1,12:43
2024-25,1630183,Jaden McDaniels,Jaden,1610612750,MIN,Minnesota Timberwolves,0022400324,2024-12-04T00:00:00,MIN @ LAC,W,24.033333333333335,7.5,13.5,0.556,1.5,3.0,0.5,0.0,0.0,0.0,0.0,7.5,7.5,0.0,1.5,0.0,0.0,0.0,0.0,1.5,16.5,19.5,24.0,0,0,25.5,1,1,13086,1,12869,7788,11031,7248,12039,17667,3944,13505,14344,13505,14058,5514,9189,19908,12749,12854,8263,8846,20257,15006,11412,4117,18976,2246,150,17308,1,24:02
2024-25,1627759,Jaylen Brown,Jaylen,1610612738,BOS,Boston Celtics,0022400319,2024-12-04T00:00:00,BOS vs. DET,W,38.516666666666666,9.3,19.6,0.476,0.9,5.6,0.167,6.5,10.3,0.636,0.9,4.7,5.6,8.4,3.7,2.8,0.0,0.9,0.0,6.5,26.2,15.0,50.2,0,0,46.7,1,1,13086,1,1098,4134,3252,12010,14857,11699,14236,2365,1265,10256,13748,11791,13273,2499,4466,3681,8263,8459,20257,2040,3598,5641,3216,2246,150,3580,1,38:31
2024-25,1626171,Bobby Portis,Bobby,1610612749,MIL,Milwaukee Bucks,0022400323,2024-12-04T00:00:00,MIL vs. ATL,L,17.666666666666668,4.1,12.2,0.333,0.0,4.1,0.0,4.1,4.1,1.0,0.0,10.2,10.2,6.1,6.1,4.1,0.0,0.0,6.1,2.0,12.2,-16.3,39.7,0,0,36.7,1,13222,1,13222,17805,16905,13218,17395,15070,15407,15070,5571,7687,1,14058,2437,5242,5310,1318,1562,8263,8846,2807,12890,15898,20366,7934,2246,150,8932,1,17:40
2024-25,1629027,Trae Young,Trae,1610612737,ATL,Atlanta Hawks,0022400323,2024-12-04T00:00:00,ATL @ MIL,W,35.38333333333333,6.1,19.3,0.316,0.0,9.2,0.0,5.1,6.1,0.833,0.0,4.1,4.1,7.1,4.1,0.0,0.0,1.0,3.1,3.1,17.3,8.1,28.8,0,0,28.5,1,1,13086,1,3158,11211,3471,19148,15070,4598,15070,3911,4343,7275,14058,13512,17139,3859,3743,12854,8263,7755,10481,9066,10533,8558,15648,2246,150,15075,1,35:23
2024-25,1630202,Payton Pritchard,Payton,1610612738,BOS,Boston Celtics,0022400319,2024-12-04T00:00:00,BOS vs. DET,W,34.36666666666667,7.3,15.7,0.467,5.2,13.6,0.385,0.0,0.0,0.0,4.2,1.0,5.2,4.2,4.2,1.0,0.0,0.0,3.1,0.0,19.9,-1.0,31.4,0,0,36.7,1,1,13086,1,3950,8162,7524,12249,2013,1051,8766,13505,14344,13505,3311,21887,14197,9411,3520,11518,8263,8846,10132,17725,7996,13569,13726,2246,150,8941,1,34:22
2024-25,1626162,Kelly Oubre Jr.,Kelly,1610612755,PHI,Philadelphia 76ers,0022400322,2024-12-04T00:00:00,PHI vs. ORL,L,34.79833333333333,5.2,10.3,0.5,4.1,7.2,0.571,1.0,2.1,0.5,0.0,4.1,4.1,5.2,1.0,2.1,0.0,2.1,2.1,1.0,15.5,8.3,33.4,0,0,33.1,1,13222,1,13222,3621,13887,16471,8526,3696,7954,3506,13130,12523,10625,14058,13308,16976,7083,15605,5913,8263,3004,14757,17250,12401,8501,12255,2246,150,11566,1,34:48
2024-25,1631170,Jaime Jaquez Jr.,Jaime,1610612748,MIA,Miami Heat,0022400321,2024-12-04T00:00:00,MIA vs. LAL,W,16.75,8.6,12.9,0.667,2.1,4.3,0.5,0.0,0.0,0.0,6.4,2.1,8.6,2.1,2.1,2.1,0.0,0.0,4.3,0.0,19.3,10.7,37.2,0,0,36.5,1,1,13086,1,18416,5448,12048,3281,9463,14917,3944,13505,14344,13505,1390,19211,7319,15822,9729,5602,8263,8846,6290,17725,8511,7342,9552,2246,150,9022,1,16:45
2024-25,1630178,Tyrese Maxey,Tyrese,1610612755,PHI,Philadelphia 76ers,0022400322,2024-12-04T00:00:00,PHI vs. ORL,L,38.473333333333336,6.5,17.8,0.368,0.0,6.5,0.0,1.9,1.9,1.0,0.9,2.8,3.7,5.6,3.7,1.9,0.0,0.0,1.9,2.8,15.0,-4.7,29.8,0,0,28.1,1,13222,1,13222,1121,10064,4925,16823,15070,9430,15070,11046,13061,1,13741,17376,17953,6229,4457,6918,8263,8846,15826,9943,12935,15407,14972,2246,150,15378,1,38:28
2024-25,1630591,Jalen Suggs,Jalen,1610612753,ORL,Orlando Magic,0022400322,2024-12-04T00:00:00,ORL @ PHI,W,37.1,5.8,14.6,0.4,3.9,7.8,0.5,1.0,1.9,0.5,1.0,1.0,1.9,5.8,3.9,2.9,0.0,1.0,1.0,1.0,16.5,-9.7,32.4,0,0,34.0,1,1,13086,1,1922,12044,9271,14933,4238,6869,3944,13324,12880,10625,13489,22022,21929,5806,4127,3376,8263,8181,19856,17486,11395,17761,13007,2246,150,10880,1,37:06
2024-25,1630532,Franz Wagner,Franz,1610612753,ORL,Orlando Magic,0022400322,2024-12-04T00:00:00,ORL @ PHI,W,36.28333333333333,11.9,22.8,0.522,1.0,6.0,0.167,9.9,9.9,1.0,2.0,5.0,6.9,2.0,4.0,0.0,1.0,0.0,3.0,6.9,34.7,1.0,45.0,0,0,46.6,1,1,13086,1,2476,1584,1445,8473,14591,10800,14236,720,1403,1,8455,10997,10244,16434,3939,12854,7527,8846,10828,1694,1000,12162,5152,2246,150,3614,1,36:17
2024-25,1629060,Rui Hachimura,Rui,1610612747,LAL,Los Angeles Lakers,0022400321,2024-12-04T00:00:00,LAL @ MIA,L,26.466666666666665,8.2,9.5,0.857,1.4,2.7,0.5,1.4,1.4,1.0,0.0,4.1,4.1,1.4,1.4,0.0,1.4,0.0,0.0,1.4,19.0,-36.7,28.7,0,0,28.6,1,13222,1,13222,10757,6282,17904,1412,12604,18219,3944,12136,13647,1,14058,13476,17116,18469,13512,12854,5407,8846,20257,15620,8810,24591,15715,2246,150,15017,1,26:28
2024-25,203076,Anthony Davis,Anthony,1610612747,LAL,Los Angeles Lakers,0022400321,2024-12-04T00:00:00,LAL @ MIA,L,31.4,3.4,16.1,0.214,0.0,1.1,0.0,2.3,4.6,0.5,1.1,6.9,8.0,5.7,0.0,1.1,0.0,1.1,3.4,2.3,9.2,-33.2,30.8,0,0,25.2,1,13222,1,13222,6506,18455,7048,21369,15070,20687,15070,9653,6677,10625,12141,6566,8224,5986,16469,10619,8263,6660,8934,11777,18916,24202,14174,2246,150,17493,1,31:24
2024-25,1629638,Nickeil Alexander-Walker,Nickeil,1610612750,MIN,Minnesota Timberwolves,0022400324,2024-12-04T00:00:00,MIN @ LAC,W,21.55,5.0,15.0,0.333,3.3,11.7,0.286,0.0,0.0,0.0,0.0,5.0,5.0,5.0,6.7,1.7,1.7,0.0,3.3,1.7,13.4,16.7,30.2,0,0,33.4,1,1,13086,1,14889,14354,8554,17395,5539,1963,11433,13505,14344,13505,14058,10852,14766,7445,1035,7719,4362,8846,9285,14362,14666,5002,14637,2246,150,11306,1,21:33
2024-25,1641796,Pelle Larsson,Pelle,1610612748,MIA,Miami Heat,0022400321,2024-12-04T00:00:00,MIA vs. LAL,W,19.2,3.8,9.4,0.4,1.9,5.6,0.333,0.0,0.0,0.0,1.9,5.6,7.5,11.3,1.9,1.9,0.0,0.0,3.8,0.0,9.4,24.4,39.0,0,0,33.8,1,1,13086,1,16670,17711,18154,14933,10746,11644,9209,13505,14344,13505,8923,9240,9165,917,11182,6889,8263,8846,7905,17725,18751,2951,8406,2246,150,11030,1,19:12
2024-25,202710,Jimmy Butler III,Jimmy,1610612748,MIA,Miami Heat,0022400321,2024-12-04T00:00:00,MIA vs. LAL,W,29.35,9.8,14.7,0.667,1.2,1.2,1.0,0.0,1.2,0.0,6.1,4.9,11.0,6.1,1.2,2.5,1.2,1.2,1.2,2.5,20.9,31.9,53.1,0,0,46.6,1,1,13086,1,8346,3459,9022,3281,13224,20588,1,13505,13846,13505,1549,11142,4373,5273,14253,4529,6012,6081,18397,11152,7199,1747,2417,2246,150,3624,1,29:21
2024-25,203507,Giannis Antetokounmpo,Giannis,1610612749,MIL,Milwaukee Bucks,0022400323,2024-12-04T00:00:00,MIL vs. ATL,L,36.15,8.0,13.9,0.571,0.0,0.0,0.0,14.9,25.9,0.577,4.0,7.0,11.0,5.0,4.0,1.0,0.0,1.0,2.0,13.9,30.9,-11.0,50.5,1,0,48.8,1,13222,1,13222,2569,6703,10258,6538,15070,20945,15070,176,81,10535,3619,6415,4451,7517,3912,11998,8263,7965,15195,125,1812,18296,3132,1,150,2891,1,36:09
2024-25,1630549,Day'Ron Sharpe,Day'Ron,1610612751,BKN,Brooklyn Nets,0022400320,2024-12-04T00:00:00,BKN vs. IND,W,16.683333333333334,6.5,12.9,0.5,2.2,4.3,0.5,0.0,0.0,0.0,4.3,8.6,12.9,2.2,0.0,2.2,0.0,0.0,4.3,2.2,15.1,47.5,40.4,0,0,36.7,1,1,13086,1,18477,10251,11945,8526,9403,14870,3944,13505,14344,13505,3138,3899,2837,15775,16469,5548,8263,8846,6229,12356,12799,623,7539,2246,150,8930,1,16:41
2024-25,203944,Julius Randle,Julius,1610612750,MIN,Minnesota Timberwolves,0022400324,2024-12-04T00:00:00,MIN @ LAC,W,26.15,11.0,22.0,0.5,5.5,12.4,0.444,0.0,0.0,0.0,0.0,5.5,5.5,5.5,1.4,1.4,0.0,1.4,2.8,1.4,27.5,38.5,45.2,0,0,46.8,1,1,13086,1,11042,2252,1816,8526,1731,1576,7211,13505,14344,13505,14058,9519,13525,6411,13421,9031,8263,5274,11827,15544,2965,1078,5098,2246,150,3550,1,26:09
2024-25,1629661,Cameron Johnson,Cameron,1610612751,BKN,Brooklyn Nets,0022400320,2024-12-04T00:00:00,BKN vs. IND,W,35.28333333333333,7.1,18.4,0.389,7.1,13.3,0.538,5.1,6.1,0.833,0.0,7.1,7.1,1.0,3.1,2.0,1.0,3.1,1.0,3.1,26.5,-4.1,42.8,0,0,48.0,1,1,13086,1,3254,8599,4318,16009,713,1175,3915,3885,4321,7275,14058,6105,9871,19618,6254,6052,7342,1273,19574,9029,3417,15109,6246,2246,150,3158,1,35:17
2024-25,1631204,Marcus Sasser,Marcus,1610612765,DET,Detroit Pistons,0022400319,2024-12-04T00:00:00,DET @ BOS,L,18.746666666666666,9.6,13.4,0.714,3.8,5.8,0.667,0.0,0.0,0.0,1.9,1.9,3.8,3.8,1.9,5.8,0.0,0.0,3.8,0.0,23.0,11.5,48.8,0,0,46.1,1,13222,1,13222,17012,3721,11098,2752,4339,11295,1957,13505,14344,13505,8739,19918,17731,10391,10943,548,8263,8846,7627,17725,5454,6998,3710,2246,150,3786,1,18:45
2024-25,1642353,Cam Christie,Cam,1610612746,LAC,LA Clippers,0022400324,2024-12-04T00:00:00,LAC vs. MIN,L,17.783333333333335,4.0,14.2,0.286,2.0,8.1,0.25,0.0,0.0,0.0,2.0,4.0,6.1,0.0,2.0,4.0,0.0,2.0,0.0,2.0,10.1,16.2,27.5,0,0,26.3,1,13222,1,13222,17716,16979,9878,19630,10044,6290,11902,13505,14344,13505,8279,13576,12112,19908,10405,1587,8263,3143,20257,12966,18028,5187,16556,2246,150,16703,1,17:47
2024-25,1642280,Trentyn Flowers,Trentyn,1610612746,LAC,LA Clippers,0022400324,2024-12-04T00:00:00,LAC vs. MIN,L,14.35,10.0,22.6,0.444,0.0,5.0,0.0,2.5,2.5,1.0,2.5,7.5,10.0,0.0,2.5,0.0,0.0,0.0,7.5,2.5,22.6,27.6,32.1,0,0,32.6,1,13222,1,13222,19976,3185,1553,13045,15070,13164,15070,9023,11186,1,6588,5444,5394,19908,8212,12854,8263,8846,1621,10961,5802,2329,13245,2246,150,11930,1,14:21
2024-25,1630538,Bones Hyland,Bones,1610612746,LAC,LA Clippers,0022400324,2024-12-04T00:00:00,LAC vs. MIN,L,22.85,7.9,18.9,0.417,7.9,15.8,0.5,4.7,6.3,0.75,0.0,6.3,6.3,3.2,7.9,0.0,0.0,1.6,3.2,3.2,28.4,1.6,32.8,0,0,45.7,1,13222,1,13222,13831,6893,3835,14532,493,557,3944,4473,4126,8186,14058,7692,11601,12476,617,12854,8263,4505,10078,8729,2650,11838,12746,2246,150,3937,1,22:51
2024-25,1641710,Anthony Black,Anthony,1610612753,ORL,Orlando Magic,0022400322,2024-12-04T00:00:00,ORL @ PHI,W,29.866666666666667,6.0,12.1,0.5,0.0,2.4,0.0,0.0,0.0,0.0,2.4,3.6,6.0,8.4,2.4,0.0,0.0,0.0,1.2,2.4,12.1,10.8,29.5,0,0,26.5,1,1,13086,1,7907,11434,13502,8526,15070,18784,15070,13505,14344,13505,6884,14881,12213,2475,8606,12854,8263,8846,18504,11304,16092,7304,15119,2246,150,16527,1,29:52
2024-25,203991,Clint Capela,Clint,1610612737,ATL,Atlanta Hawks,0022400323,2024-12-04T00:00:00,ATL @ MIL,W,23.683333333333334,6.1,15.2,0.4,0.0,0.0,0.0,0.0,0.0,0.0,9.1,16.7,25.8,1.5,1.5,1.5,1.5,1.5,6.1,3.0,12.2,6.1,53.0,0,0,45.6,1,1,13086,1,13161,11281,8257,14933,15070,20945,15070,13505,14344,13505,525,353,178,17901,12659,8323,4777,4692,2845,9098,15969,9579,2435,2246,150,3973,1,23:41
2024-25,1642261,Dalton Knecht,Dalton,1610612747,LAL,Los Angeles Lakers,0022400321,2024-12-04T00:00:00,LAL @ MIA,L,22.741666666666667,1.6,6.3,0.25,0.0,3.2,0.0,0.0,0.0,0.0,1.6,1.6,3.2,1.6,4.7,3.2,1.6,0.0,0.0,1.6,3.2,-31.7,18.8,0,0,17.4,1,13222,1,13222,13920,22057,22292,20233,15070,17332,15070,13505,14344,13505,9988,20712,19321,17702,2658,2807,4600,8846,20257,14683,22906,23988,21739,2246,150,22129,1,22:45
2024-25,1629631,De'Andre Hunter,De'Andre,1610612737,ATL,Atlanta Hawks,0022400323,2024-12-04T00:00:00,ATL @ MIL,W,28.233333333333334,7.7,16.6,0.462,2.6,8.9,0.286,7.7,7.7,1.0,0.0,6.4,6.4,2.6,0.0,3.8,0.0,0.0,2.6,6.4,25.5,19.1,48.5,0,0,44.6,1,1,13086,1,9357,7379,6332,12428,7969,4928,11433,1576,2778,1,14058,7550,11459,14364,16469,1820,8263,8846,12602,2212,3940,4219,3824,2246,150,4416,1,28:14
2024-25,204456,T.J. McConnell,T.J.,1610612754,IND,Indiana Pacers,0022400320,2024-12-04T00:00:00,IND @ BKN,L,27.745,7.8,11.7,0.667,0.0,1.3,0.0,2.6,2.6,1.0,0.0,2.6,2.6,2.6,1.3,1.3,0.0,0.0,1.3,3.9,18.2,-7.8,27.8,0,0,26.0,1,13222,1,13222,9765,7096,14156,3281,15070,20495,15070,8814,10986,1,14058,17961,20647,14229,13806,9467,8263,8846,18041,6585,9659,16874,16389,2246,150,16978,1,27:45
2024-25,1628401,Derrick White,Derrick,1610612738,BOS,Boston Celtics,0022400319,2024-12-04T00:00:00,BOS vs. DET,W,37.63333333333333,3.8,14.3,0.267,2.9,10.5,0.273,2.9,3.8,0.75,1.0,2.9,3.8,10.5,0.0,1.9,1.9,1.9,2.9,1.9,13.4,4.8,45.2,1,0,38.3,1,1,13086,1,1610,17503,9619,20170,6985,2956,11838,8167,8187,8186,13592,17178,17762,1194,16469,6698,3730,3502,11311,13465,14625,10230,5068,1,150,7854,1,37:38
2024-25,1641716,Jarace Walker,Jarace,1610612754,IND,Indiana Pacers,0022400320,2024-12-04T00:00:00,IND @ BKN,L,13.771666666666667,0.0,5.2,0.0,0.0,5.2,0.0,2.6,5.2,0.5,0.0,7.8,7.8,5.2,0.0,0.0,0.0,2.6,7.8,2.6,2.6,-5.2,19.9,0,0,15.7,1,13222,1,13222,20320,22635,23305,22635,15070,12643,15070,8772,5556,10625,14058,4956,8558,6987,16469,12854,8263,1857,1434,10597,23048,15709,21231,2246,150,22828,1,13:46
2024-25,1628436,Luke Kornet,Luke,1610612738,BOS,Boston Celtics,0022400319,2024-12-04T00:00:00,BOS vs. DET,W,20.766666666666666,6.9,10.4,0.667,0.0,0.0,0.0,1.7,1.7,1.0,3.5,10.4,13.9,1.7,0.0,3.5,3.5,0.0,1.7,3.5,15.6,-6.9,55.6,0,0,45.1,1,1,13086,1,15447,9086,16384,3281,15070,20945,15070,11358,13266,1,4422,2285,2296,17272,16469,2282,1255,8846,16425,7751,12320,16486,1870,2246,150,4233,1,20:46
2024-25,203471,Dennis Schröder,Dennis,1610612751,BKN,Brooklyn Nets,0022400320,2024-12-04T00:00:00,BKN vs. IND,W,31.183333333333334,2.3,12.7,0.182,0.0,4.6,0.0,0.0,0.0,0.0,0.0,1.2,1.2,2.3,4.6,2.3,0.0,2.3,2.3,1.2,4.6,-8.1,11.8,0,0,12.7,1,1,13086,1,6717,20836,12387,21891,15070,14158,15070,13505,14344,13505,14058,21618,23002,15200,2823,5003,8263,2402,13606,16623,22224,17010,24069,2246,150,23807,1,31:11
2024-25,1631323,Simone Fontecchio,Simone,1610612765,DET,Detroit Pistons,0022400319,2024-12-04T00:00:00,DET @ BOS,L,10.8,6.7,13.3,0.5,0.0,3.3,0.0,0.0,0.0,0.0,3.3,3.3,6.7,0.0,3.3,0.0,0.0,0.0,0.0,0.0,13.3,-16.7,18.0,0,0,20.0,1,13222,1,13222,21797,9781,11241,8526,15070,16996,15070,13505,14344,13505,4677,15688,10807,19908,5405,12854,8263,8846,20257,17725,14711,20501,22091,2246,150,20849,1,10:48
2024-25,1642352,Keshad Johnson,Keshad,1610612748,MIA,Miami Heat,0022400321,2024-12-04T00:00:00,MIA vs. LAL,W,5.55,0.0,0.0,0.0,0.0,0.0,0.0,0.0,0.0,0.0,0.0,13.0,13.0,0.0,0.0,0.0,0.0,0.0,0.0,0.0,0.0,38.9,15.6,0,0,13.0,1,1,13086,1,23763,22635,24836,22635,15070,20945,15070,13505,14344,13505,14058,1024,2821,19908,16469,12854,8263,8846,20257,17725,23200,1051,23005,2246,150,23726,1,5:33
2024-25,1641809,Drew Peterson,Drew,1610612738,BOS,Boston Celtics,0022400319,2024-12-04T00:00:00,BOS vs. DET,W,3.3666666666666667,0.0,0.0,0.0,0.0,0.0,0.0,0.0,0.0,0.0,0.0,10.7,10.7,0.0,0.0,0.0,0.0,0.0,0.0,0.0,0.0,-32.1,12.8,0,0,10.7,1,1,13086,1,24790,22635,24836,22635,15070,20945,15070,13505,14344,13505,14058,2077,4705,19908,16469,12854,8263,8846,20257,17725,23200,24045,23812,2246,150,24291,1,3:22
2024-25,1641721,Maxwell Lewis,Maxwell,1610612747,LAL,Los Angeles Lakers,0022400321,2024-12-04T00:00:00,LAL @ MIA,L,8.733333333333333,0.0,8.2,0.0,0.0,0.0,0.0,0.0,0.0,0.0,0.0,0.0,0.0,0.0,0.0,0.0,0.0,0.0,0.0,0.0,0.0,-33.0,0.0,0,0,0.0,1,13222,1,13222,22551,22635,19870,22635,15070,20945,15070,13505,14344,13505,14058,22137,23286,19908,16469,12854,8263,8846,20257,17725,23200,24158,25228,2246,150,25259,1,8:44
2024-25,201143,Al Horford,Al,1610612738,BOS,Boston Celtics,0022400319,2024-12-04T00:00:00,BOS vs. DET,W,30.433333333333334,5.9,8.3,0.714,4.7,7.1,0.667,0.0,0.0,0.0,0.0,4.7,4.7,3.5,3.5,1.2,1.2,0.0,3.5,1.2,16.6,4.7,31.1,0,0,34.3,1,1,13086,1,7377,11765,19824,2752,2674,8258,1957,13505,14344,13505,14058,11612,15480,11256,4915,10323,6287,8846,8607,16493,11325,10264,13984,2246,150,10613,1,30:26
2024-25,1631105,Jalen Duren,Jalen,1610612765,DET,Detroit Pistons,0022400319,2024-12-04T00:00:00,DET @ BOS,L,25.1,1.4,7.2,0.2,0.0,0.0,0.0,4.3,8.6,0.5,2.9,4.3,7.2,2.9,5.7,1.4,0.0,1.4,5.7,4.3,7.2,-5.7,18.6,0,0,20.1,1,13222,1,13222,11916,22251,21355,21401,15070,20945,15070,5144,2120,10625,5673,12793,9811,13380,1614,8731,8263,5043,3332,5575,20579,15939,21820,2246,150,20814,1,25:06
2024-25,1629650,Moses Brown,Moses,1610612754,IND,Indiana Pacers,0022400320,2024-12-04T00:00:00,IND @ BKN,L,0.4216666666666667,0.0,0.0,0.0,0.0,0.0,0.0,0.0,0.0,0.0,0.0,0.0,0.0,0.0,0.0,0.0,0.0,0.0,0.0,0.0,0.0,0.0,0.0,0,0,0.0,1,13222,1,13222,26229,22635,24836,22635,15070,20945,15070,13505,14344,13505,14058,22137,23286,19908,16469,12854,8263,8846,20257,17725,23200,12240,25228,2246,150,25259,1,0:25
2024-25,1641842,Ronald Holland II,Ronald,1610612765,DET,Detroit Pistons,0022400319,2024-12-04T00:00:00,DET @ BOS,L,16.278333333333332,4.4,8.8,0.5,4.4,6.6,0.667,2.2,4.4,0.5,0.0,4.4,4.4,6.6,4.4,2.2,2.2,2.2,4.4,2.2,15.5,-13.3,39.6,0,0,39.8,1,13222,1,13222,18744,16003,18943,8526,3201,9244,1957,9906,6989,10625,14058,12474,16234,4526,3109,5354,2923,2617,5964,12113,12436,19213,8021,2246,150,6890,1,16:17
2024-25,1642272,Jared McCain,Jared,1610612755,PHI,Philadelphia 76ers,0022400322,2024-12-04T00:00:00,PHI vs. ORL,L,38.705,9.3,15.8,0.588,2.8,5.6,0.5,0.9,2.8,0.333,0.9,5.6,6.5,2.8,3.7,0.0,0.0,0.0,4.7,3.7,22.3,5.6,30.6,0,0,34.4,1,13222,1,13222,1009,4200,7400,6229,7248,11771,3944,13414,10506,13132,13769,9340,11155,13617,4507,12854,8263,8846,5411,7083,5992,9805,14346,2246,150,10516,1,38:42
2024-25,202704,Reggie Jackson,Reggie,1610612755,PHI,Philadelphia 76ers,0022400322,2024-12-04T00:00:00,PHI vs. ORL,L,6.2283333333333335,5.8,11.6,0.5,5.8,5.8,1.0,0.0,0.0,0.0,0.0,5.8,5.8,11.6,5.8,0.0,0.0,0.0,0.0,0.0,17.3,34.7,35.8,0,0,40.5,1,13222,1,13222,23502,12168,14373,8526,1502,11254,1,13505,14344,13505,14058,8836,12810,824,1579,12854,8263,8846,20257,17725,10481,1426,10484,2246,150,6514,1,6:14
2024-25,1641857,Liam Robbins,Liam,1610612749,MIL,Milwaukee Bucks,0022400323,2024-12-04T00:00:00,MIL vs. ATL,L,1.65,0.0,0.0,0.0,0.0,0.0,0.0,0.0,0.0,0.0,0.0,0.0,0.0,0.0,0.0,0.0,0.0,0.0,0.0,0.0,0.0,0.0,0.0,0,0,0.0,1,13222,1,13222,25691,22635,24836,22635,15070,20945,15070,13505,14344,13505,14058,22137,23286,19908,16469,12854,8263,8846,20257,17725,23200,12240,25228,2246,150,25259,1,1:39
2024-25,1630167,Obi Toppin,Obi,1610612754,IND,Indiana Pacers,0022400320,2024-12-04T00:00:00,IND @ BKN,L,24.095,7.5,16.4,0.455,1.5,9.0,0.167,3.0,3.0,1.0,1.5,6.0,7.5,3.0,1.5,3.0,1.5,1.5,1.5,1.5,19.4,9.0,44.8,0,0,40.3,1,13222,1,13222,12807,7836,6502,12676,12060,4883,14236,7847,10008,1,10350,8391,9231,12974,12776,3185,4879,4797,17246,15029,8442,8195,5260,2246,150,6583,1,24:06
2024-25,1641748,Andre Jackson Jr.,Andre,1610612749,MIL,Milwaukee Bucks,0022400323,2024-12-04T00:00:00,MIL vs. ATL,L,11.2,3.2,12.9,0.25,0.0,6.4,0.0,0.0,0.0,0.0,0.0,3.2,3.2,0.0,6.4,0.0,0.0,0.0,9.6,0.0,6.4,0.0,3.9,0,0,9.6,1,13222,1,13222,21622,18961,12107,20233,15070,9692,15070,13505,14344,13505,14058,16040,19192,19908,1164,12854,8263,8846,782,17725,21105,12240,25086,2246,150,24501,1,11:12
2024-25,1627826,Ivica Zubac,Ivica,1610612746,LAC,LA Clippers,0022400324,2024-12-04T00:00:00,LAC vs. MIN,L,26.483333333333334,2.7,5.4,0.5,0.0,0.0,0.0,0.0,0.0,0.0,4.1,9.5,13.6,1.4,1.4,0.0,0.0,0.0,0.0,6.8,5.4,-32.6,22.4,0,0,20.4,1,13222,1,13222,10745,20045,23136,8526,15070,20945,15070,13505,14344,13505,3484,2992,2436,18471,13518,12854,8263,8846,20257,1826,21770,24115,19912,2246,150,20636,1,26:29
2024-25,1630539,Kai Jones,Kai,1610612746,LAC,LA Clippers,0022400324,2024-12-04T00:00:00,LAC vs. MIN,L,15.683333333333334,0.0,0.0,0.0,0.0,0.0,0.0,6.9,9.2,0.75,2.3,9.2,11.5,2.3,2.3,4.6,2.3,0.0,4.6,4.6,6.9,25.2,42.5,0,0,34.4,1,13222,1,13222,19141,22635,24836,22635,15070,20945,15070,2088,1777,8186,7262,3329,3979,15250,9094,1156,2758,8846,5563,4963,20800,2759,6390,2246,150,10505,1,15:41
2024-25,1626192,Pat Connaughton,Pat,1610612749,MIL,Milwaukee Bucks,0022400323,2024-12-04T00:00:00,MIL vs. ATL,L,5.3,0.0,0.0,0.0,0.0,0.0,0.0,0.0,0.0,0.0,0.0,0.0,0.0,6.8,6.8,0.0,6.8,0.0,6.8,0.0,0.0,-20.4,23.8,0,0,20.4,1,13222,1,13222,23865,22635,24836,22635,15070,20945,15070,13505,14344,13505,14058,22137,23286,4294,982,12854,215,8846,2151,17725,23200,21661,19113,2246,150,20639,1,5:18
2024-25,1641803,Tristen Newton,Tristen,1610612754,IND,Indiana Pacers,0022400320,2024-12-04T00:00:00,IND @ BKN,L,0.4216666666666667,0.0,0.0,0.0,0.0,0.0,0.0,0.0,0.0,0.0,0.0,0.0,0.0,0.0,0.0,0.0,0.0,0.0,0.0,0.0,0.0,0.0,0.0,0,0,0.0,1,13222,1,13222,26229,22635,24836,22635,15070,20945,15070,13505,14344,13505,14058,22137,23286,19908,16469,12854,8263,8846,20257,17725,23200,12240,25228,2246,150,25259,1,0:25
2024-25,1642258,Zaccharie Risacher,Zaccharie,1610612737,ATL,Atlanta Hawks,0022400323,2024-12-04T00:00:00,ATL @ MIL,W,18.783333333333335,9.6,21.1,0.455,3.8,7.7,0.5,0.0,0.0,0.0,5.7,1.9,7.7,0.0,0.0,0.0,0.0,0.0,5.7,1.9,23.0,1.9,32.2,0,0,34.5,1,1,13086,1,16980,3752,2288,12676,4351,7051,3944,13505,14344,13505,1777,19927,8850,19908,16469,12854,8263,8846,3319,13448,5475,11672,13173,2246,150,10452,1,18:47
2024-25,1642402,Enrique Freeman,Enrique,1610612754,IND,Indiana Pacers,0022400320,2024-12-04T00:00:00,IND @ BKN,L,3.4383333333333335,0.0,0.0,0.0,0.0,0.0,0.0,0.0,0.0,0.0,0.0,0.0,0.0,0.0,10.5,0.0,0.0,0.0,10.5,10.5,0.0,-83.8,-10.5,0,0,0.0,1,13222,1,13222,24742,22635,24836,22635,15070,20945,15070,13505,14344,13505,14058,22137,23286,19908,296,12854,8263,8846,617,340,23200,26037,26224,2246,150,25259,1,3:26
2024-25,201587,Nicolas Batum,Nicolas,1610612746,LAC,LA Clippers,0022400324,2024-12-04T00:00:00,LAC vs. MIN,L,8.333333333333334,0.0,4.3,0.0,0.0,4.3,0.0,0.0,0.0,0.0,0.0,0.0,0.0,0.0,4.3,0.0,0.0,0.0,4.3,0.0,0.0,-73.4,-4.3,0,0,0.0,1,13222,1,13222,22699,22635,23903,22635,15070,14862,15070,13505,14344,13505,14058,22137,23286,19908,3273,12854,8263,8846,6217,17725,23200,25930,26166,2246,150,25259,1,8:20
2024-25,1629003,Shake Milton,Shake,1610612751,BKN,Brooklyn Nets,0022400320,2024-12-04T00:00:00,BKN vs. IND,W,28.216666666666665,7.7,14.0,0.545,1.3,5.1,0.25,2.6,3.8,0.667,0.0,3.8,3.8,5.1,0.0,2.6,0.0,1.3,5.1,2.6,19.1,26.8,39.0,0,0,34.4,1,1,13086,1,9369,7373,10121,7695,12962,12948,11902,8915,8186,9425,14058,14243,17759,7239,16469,4252,8263,5781,4373,10792,8705,2469,8378,2246,150,10491,1,28:13
2024-25,1630168,Onyeka Okongwu,Onyeka,1610612737,ATL,Atlanta Hawks,0022400323,2024-12-04T00:00:00,ATL @ MIL,W,24.316666666666666,7.4,14.8,0.5,1.5,4.4,0.333,3.0,4.4,0.667,3.0,5.9,8.9,1.5,0.0,3.0,1.5,0.0,4.4,5.9,19.2,16.3,45.5,0,0,40.0,1,1,13086,1,12630,8004,8894,8526,12117,14593,9209,7918,6956,9425,5434,8503,6911,18053,16469,3245,4920,8846,5913,2719,8600,5148,4971,2246,150,6800,1,24:19
2024-25,1628964,Mo Bamba,Mo,1610612746,LAC,LA Clippers,0022400324,2024-12-04T00:00:00,LAC vs. MIN,L,5.833333333333333,0.0,6.2,0.0,0.0,6.2,0.0,0.0,0.0,0.0,0.0,6.2,6.2,6.2,0.0,0.0,0.0,0.0,6.2,0.0,0.0,-92.6,16.7,0,0,12.3,1,13222,1,13222,23649,22635,22448,22635,15070,10258,15070,13505,14344,13505,14058,7960,11883,5205,16469,12854,8263,8846,2734,17725,23200,26105,22605,2246,150,23908,1,5:50
2024-25,1626179,Terry Rozier,Terry,1610612748,MIA,Miami Heat,0022400321,2024-12-04T00:00:00,MIA vs. LAL,W,25.383333333333333,8.5,15.6,0.545,2.8,7.1,0.4,2.8,2.8,1.0,0.0,2.8,2.8,2.8,2.8,1.4,0.0,0.0,1.4,1.4,22.7,24.1,31.8,0,0,34.0,1,1,13086,1,11666,5597,7694,7695,7093,8268,7874,8248,10399,1,14058,17280,20157,13482,7081,8811,8263,8846,17546,15376,5713,3004,13495,2246,150,10820,1,25:23
2024-25,203501,Tim Hardaway Jr.,Tim,1610612765,DET,Detroit Pistons,0022400319,2024-12-04T00:00:00,DET @ BOS,L,25.253333333333334,1.4,2.9,0.5,0.0,0.0,0.0,0.0,0.0,0.0,0.0,4.3,4.3,0.0,1.4,0.0,0.0,0.0,1.4,1.4,2.9,-22.8,6.6,0,0,7.1,1,13222,1,13222,11780,22265,24540,8526,15070,20945,15070,13505,14344,13505,14058,12879,16599,19908,13138,12854,8263,8846,17526,15345,22986,22288,24860,2246,150,24881,1,25:15
2024-25,1630231,KJ Martin,KJ,1610612755,PHI,Philadelphia 76ers,0022400322,2024-12-04T00:00:00,PHI vs. ORL,L,28.89,6.2,11.2,0.556,0.0,2.5,0.0,1.2,1.2,1.0,2.5,2.5,5.0,0.0,1.2,2.5,0.0,1.2,2.5,1.2,13.7,-7.5,25.9,0,0,23.7,1,13222,1,13222,8773,10890,15002,7248,15070,18639,15070,12459,13818,1,6631,18203,14833,19908,14120,4402,8263,5959,12834,16150,14273,16714,17671,2246,150,18558,1,28:53
2024-25,1630649,Stanley Umude,Stanley,1610612749,MIL,Milwaukee Bucks,0022400323,2024-12-04T00:00:00,MIL vs. ATL,L,1.7166666666666666,0.0,0.0,0.0,0.0,0.0,0.0,0.0,0.0,0.0,0.0,0.0,0.0,0.0,0.0,0.0,0.0,0.0,0.0,0.0,0.0,-21.0,0.0,0,0,0.0,1,13222,1,13222,25651,22635,24836,22635,15070,20945,15070,13505,14344,13505,14058,22137,23286,19908,16469,12854,8263,8846,20257,17725,23200,21820,25228,2246,150,25259,1,1:43
2024-25,1629629,Cam Reddish,Cam,1610612747,LAL,Los Angeles Lakers,0022400321,2024-12-04T00:00:00,LAL @ MIA,L,14.966666666666667,0.0,7.2,0.0,0.0,4.8,0.0,0.0,0.0,0.0,0.0,0.0,0.0,4.8,2.4,0.0,2.4,0.0,0.0,0.0,0.0,-38.5,12.0,0,0,9.6,1,13222,1,13222,19587,22635,21301,22635,15070,13669,15070,13505,14344,13505,14058,22137,23286,7891,8633,12854,2541,8846,20257,17725,23200,24745,24002,2246,150,24506,1,14:58
2024-25,1641737,Adem Bona,Adem,1610612755,PHI,Philadelphia 76ers,0022400322,2024-12-04T00:00:00,PHI vs. ORL,L,14.288333333333334,0.0,7.6,0.0,0.0,0.0,0.0,0.0,0.0,0.0,5.0,2.5,7.6,0.0,0.0,0.0,0.0,5.0,5.0,2.5,0.0,-30.2,9.1,0,0,7.6,1,13222,1,13222,20028,22635,20848,22635,15070,20945,15070,13505,14344,13505,2343,18140,9053,19908,16469,12854,8263,366,4525,10917,23200,23776,24559,2246,150,24825,1,14:17
2024-25,1630553,Keon Johnson,Keon,1610612751,BKN,Brooklyn Nets,0022400320,2024-12-04T00:00:00,BKN vs. IND,W,23.283333333333335,1.5,7.7,0.2,0.0,4.6,0.0,3.1,3.1,1.0,1.5,6.2,7.7,3.1,1.5,1.5,1.5,1.5,3.1,3.1,6.2,-15.5,27.8,0,0,23.2,1,1,13086,1,13481,22119,20616,21401,15070,14115,15070,7564,9741,1,10130,7936,8756,12624,12558,8212,4713,4603,10297,8910,21256,20079,16345,2246,150,18864,1,23:17
2024-25,1641775,Jordan Walsh,Jordan,1610612738,BOS,Boston Celtics,0022400319,2024-12-04T00:00:00,BOS vs. DET,W,6.65,0.0,5.4,0.0,0.0,0.0,0.0,0.0,0.0,0.0,5.4,0.0,5.4,0.0,5.4,0.0,0.0,5.4,0.0,0.0,0.0,5.4,1.1,0,0,5.4,1,1,13086,1,23303,22635,23161,22635,15070,20945,15070,13505,14344,13505,2001,22137,13773,19908,1887,12854,8263,291,20257,17725,23200,9880,25201,2246,150,25062,1,6:39
2024-25,1631097,Bennedict Mathurin,Bennedict,1610612754,IND,Indiana Pacers,0022400320,2024-12-04T00:00:00,IND @ BKN,L,32.195,3.4,13.4,0.25,0.0,3.4,0.0,2.2,2.2,1.0,2.2,2.2,4.5,2.2,4.5,0.0,1.1,3.4,4.5,1.1,8.9,-7.8,16.5,0,0,17.9,1,13222,1,13222,5811,18631,11122,20233,15070,16959,15070,9823,11980,1,7468,18965,16114,15493,3037,12854,6683,1022,5835,16833,19135,16889,22644,2246,150,21918,1,32:12
2024-25,1630214,Xavier Tillman,Xavier,1610612738,BOS,Boston Celtics,0022400319,2024-12-04T00:00:00,BOS vs. DET,W,8.216666666666667,0.0,0.0,0.0,0.0,0.0,0.0,0.0,0.0,0.0,0.0,8.8,8.8,0.0,4.4,4.4,0.0,0.0,0.0,0.0,0.0,13.1,19.3,0,0,17.5,1,1,13086,1,22729,22635,24836,22635,15070,20945,15070,13505,14344,13505,14058,3761,7084,19908,3171,1317,8263,8846,20257,17725,23200,6325,21508,2246,150,22066,1,8:13
2024-25,1630545,Terrence Shannon Jr.,Terrence,1610612750,MIN,Minnesota Timberwolves,0022400324,2024-12-04T00:00:00,MIN @ LAC,W,7.816666666666666,0.0,9.2,0.0,0.0,4.6,0.0,0.0,0.0,0.0,0.0,0.0,0.0,9.2,0.0,0.0,0.0,0.0,0.0,0.0,0.0,0.0,13.8,0,0,9.2,1,1,13086,1,22880,22635,18385,22635,15070,14182,15070,13505,14344,13505,14058,22137,23286,1859,16469,12854,8263,8846,20257,17725,23200,12240,23544,2246,150,24570,1,7:49
2024-25,1631245,Quenton Jackson,Quenton,1610612754,IND,Indiana Pacers,0022400320,2024-12-04T00:00:00,IND @ BKN,L,7.883333333333334,0.0,4.6,0.0,0.0,0.0,0.0,0.0,0.0,0.0,0.0,9.1,9.1,0.0,4.6,0.0,0.0,0.0,4.6,0.0,0.0,-22.8,6.4,0,0,9.1,1,13222,1,13222,22842,22635,23761,22635,15070,20945,15070,13505,14344,13505,14058,3373,6524,19908,2899,12854,8263,8846,5625,17725,23200,22295,24876,2246,150,24582,1,7:53
2024-25,201935,James Harden,James,1610612746,LAC,LA Clippers,0022400324,2024-12-04T00:00:00,LAC vs. MIN,L,24.5,1.5,14.7,0.1,1.5,8.8,0.167,2.9,2.9,1.0,0.0,4.4,4.4,4.4,5.9,0.0,0.0,1.5,0.0,1.5,7.3,-39.7,13.4,0,0,17.6,1,13222,1,13222,12473,22206,9056,22561,12167,5081,14236,7980,10115,1,14058,12509,16268,8856,1479,12854,8263,4887,20257,15131,20446,24821,23669,2246,150,22017,1,24:30
2024-25,1641757,Jordan Miller,Jordan,1610612746,LAC,LA Clippers,0022400324,2024-12-04T00:00:00,LAC vs. MIN,L,24.4,5.9,16.2,0.364,0.0,3.0,0.0,0.0,0.0,0.0,4.4,1.5,5.9,1.5,0.0,0.0,0.0,1.5,4.4,1.5,11.8,-10.3,21.1,0,0,19.2,1,13222,1,13222,12564,11801,6792,16861,15070,17753,15070,13505,14344,13505,3018,20928,12517,18072,16469,12854,8263,4862,5949,15108,16338,18040,20636,2246,150,21299,1,24:24
2024-25,203484,Kentavious Caldwell-Pope,Kentavious,1610612753,ORL,Orlando Magic,0022400322,2024-12-04T00:00:00,ORL @ PHI,W,32.03333333333333,2.2,7.9,0.286,1.1,5.6,0.2,2.2,2.2,1.0,0.0,2.2,2.2,1.1,1.1,5.6,0.0,0.0,4.5,1.1,7.9,-11.2,28.0,0,0,23.6,1,1,13086,1,5940,20951,20455,19630,13815,11666,13429,9788,11940,1,14058,18926,21322,19278,14985,599,8263,8846,5788,16808,20029,18414,16239,2246,150,18613,1,32:02
2024-25,1626156,D'Angelo Russell,D'Angelo,1610612747,LAL,Los Angeles Lakers,0022400321,2024-12-04T00:00:00,LAL @ MIA,L,29.983333333333334,6.0,15.6,0.385,1.2,4.8,0.25,1.2,1.2,1.0,0.0,1.2,1.2,4.8,2.4,0.0,0.0,2.4,0.0,4.8,14.4,-30.0,20.7,0,0,21.6,1,13222,1,13222,7797,11495,7684,16070,13361,13700,11902,12585,13882,1,14058,21509,22940,7913,8648,12854,8263,2217,20257,4496,13497,23743,20871,2246,150,19885,1,29:59
2024-25,1630169,Tyrese Haliburton,Tyrese,1610612754,IND,Indiana Pacers,0022400320,2024-12-04T00:00:00,IND @ BKN,L,36.958333333333336,4.9,12.7,0.385,1.0,6.8,0.143,5.8,6.8,0.857,0.0,2.9,2.9,7.8,2.9,1.9,1.9,1.0,1.0,3.9,16.6,1.9,40.5,0,0,36.0,1,13222,1,13222,2016,14746,12461,16070,14688,8863,14649,3033,3550,7071,14058,17007,19934,3089,6759,6513,3633,8155,19843,6572,11326,11650,7449,2246,150,9341,1,36:58
2024-25,1627736,Malik Beasley,Malik,1610612765,DET,Detroit Pistons,0022400319,2024-12-04T00:00:00,DET @ BOS,L,32.63333333333333,8.8,17.7,0.5,6.6,12.1,0.545,1.1,1.1,1.0,1.1,3.3,4.4,1.1,0.0,2.2,0.0,1.1,1.1,1.1,25.4,6.6,38.9,0,0,41.9,1,13222,1,13222,5451,5018,5069,8526,939,1705,3863,12903,14037,1,12445,15766,16254,19342,16469,5368,8263,7017,19079,16893,4012,9325,8451,2246,150,5690,1,32:38
2024-25,1629312,Haywood Highsmith,Haywood,1610612748,MIA,Miami Heat,0022400321,2024-12-04T00:00:00,MIA vs. LAL,W,29.8,6.0,8.5,0.714,4.8,6.0,0.8,0.0,0.0,0.0,1.2,1.2,2.4,3.6,1.2,1.2,0.0,1.2,2.4,0.0,16.9,37.4,27.7,0,0,30.2,1,1,13086,1,7964,11402,19563,2752,2512,10601,1389,13505,14344,13505,11741,21488,20972,11009,14382,10111,8263,6201,13123,17725,10948,1163,16451,2246,150,13799,1,29:48
2024-25,1629651,Nic Claxton,Nic,1610612751,BKN,Brooklyn Nets,0022400320,2024-12-04T00:00:00,BKN vs. IND,W,25.266666666666666,10.0,11.4,0.875,1.4,1.4,1.0,1.4,5.7,0.25,2.8,8.5,11.4,2.8,2.8,0.0,1.4,0.0,2.8,4.3,22.8,-8.5,42.2,0,0,41.3,1,1,13086,1,11769,3250,14660,1353,12352,20354,1,11969,4886,13358,5729,3992,4051,13443,7028,12854,5136,8846,11422,5663,5632,17205,6535,2246,150,6014,1,25:16
2024-25,1629018,Gary Trent Jr.,Gary,1610612749,MIL,Milwaukee Bucks,0022400323,2024-12-04T00:00:00,MIL vs. ATL,L,31.383333333333333,4.6,12.6,0.364,3.4,10.3,0.333,0.0,0.0,0.0,0.0,3.4,3.4,1.1,0.0,0.0,0.0,0.0,3.4,1.1,12.6,-8.0,18.5,0,0,20.6,1,13222,1,13222,6521,15529,12535,16861,5283,3131,9209,13505,14344,13505,14058,15404,18684,19200,16469,12854,8263,8846,8931,16666,15471,16984,21904,2246,150,20485,1,31:23
2024-25,201144,Mike Conley,Mike,1610612750,MIN,Minnesota Timberwolves,0022400324,2024-12-04T00:00:00,MIN @ LAC,W,19.95,9.0,14.4,0.625,1.8,7.2,0.25,0.0,0.0,0.0,0.0,5.4,5.4,3.6,1.8,0.0,0.0,0.0,1.8,1.8,19.8,23.5,30.0,0,0,30.7,1,1,13086,1,16058,4668,9455,4899,11059,8010,11902,13505,14344,13505,14058,9745,13771,11059,11530,12854,8263,8846,16160,13917,8029,3163,14829,2246,150,13410,1,19:57
2024-25,1630573,Sam Hauser,Sam,1610612738,BOS,Boston Celtics,0022400319,2024-12-04T00:00:00,BOS vs. DET,W,30.666666666666668,8.2,14.1,0.583,5.9,11.7,0.5,1.2,1.2,1.0,1.2,2.3,3.5,0.0,1.2,1.2,0.0,0.0,1.2,2.3,23.5,15.3,30.1,0,0,35.2,1,1,13086,1,7151,6173,10030,6296,1413,1934,3944,12687,13931,1,11969,18632,18504,19908,14636,10403,8263,8846,18696,11555,5148,5518,14757,2246,150,9932,1,30:40
2024-25,1642277,Johnny Furphy,Johnny,1610612754,IND,Indiana Pacers,0022400320,2024-12-04T00:00:00,IND @ BKN,L,25.025,5.8,12.9,0.444,5.8,11.5,0.5,0.0,0.0,0.0,2.9,7.2,10.1,0.0,1.4,0.0,1.4,0.0,4.3,1.4,17.3,-12.9,32.2,0,0,36.0,1,13222,1,13222,11988,12256,11945,13045,1522,2092,3944,13505,14344,13505,5649,6014,5350,19908,13065,12854,5080,8846,6227,15286,10560,19109,13151,2246,150,9405,1,25:02
2024-25,1626167,Myles Turner,Myles,1610612754,IND,Indiana Pacers,0022400320,2024-12-04T00:00:00,IND @ BKN,L,30.966666666666665,4.7,9.3,0.5,1.2,3.5,0.333,2.3,2.3,1.0,0.0,8.1,8.1,4.7,3.5,0.0,4.7,0.0,2.3,2.3,12.8,-11.6,40.0,0,0,36.0,1,13222,1,13222,6903,15365,18272,8526,13579,16678,9209,9542,11705,1,14058,4505,8027,8307,5040,12854,634,8846,13542,11648,15308,18585,7770,2246,150,9343,1,30:58
2024-25,1629599,Amir Coffey,Amir,1610612746,LAC,LA Clippers,0022400324,2024-12-04T00:00:00,LAC vs. MIN,L,27.666666666666668,6.5,10.4,0.625,1.3,5.2,0.25,1.3,1.3,1.0,0.0,5.2,5.2,2.6,3.9,1.3,0.0,0.0,1.3,1.3,15.6,-45.5,25.8,0,0,27.3,1,13222,1,13222,9822,10175,16365,4899,12855,12690,11902,12296,13726,1,14058,10267,14265,14208,4081,9446,8263,8846,18024,15901,12305,25206,17771,2246,150,15926,1,27:40
2024-25,1631093,Jaden Ivey,Jaden,1610612765,DET,Detroit Pistons,0022400319,2024-12-04T00:00:00,DET @ BOS,L,23.93,4.5,9.0,0.5,1.5,4.5,0.333,6.0,6.0,1.0,0.0,3.0,3.0,3.0,4.5,0.0,1.5,0.0,3.0,4.5,16.5,-27.1,24.7,0,0,27.1,1,13222,1,13222,12973,15739,18676,8526,12010,14403,9209,2836,4446,1,14058,16682,19699,12893,2982,12854,4832,8846,10673,5111,11339,23257,18508,2246,150,16098,1,23:56
2024-25,1626153,Delon Wright,Delon,1610612749,MIL,Milwaukee Bucks,0022400323,2024-12-04T00:00:00,MIL vs. ATL,L,12.03,6.0,12.0,0.5,6.0,6.0,1.0,0.0,0.0,0.0,3.0,3.0,6.0,0.0,6.0,3.0,0.0,0.0,3.0,0.0,18.0,-12.0,28.1,0,0,35.9,1,13222,1,13222,21218,11561,13646,8526,1314,10734,1,13505,14344,13505,5361,16767,12321,19908,1395,3173,8263,8846,10770,17725,9888,18725,16114,2246,150,9442,1,12:02
2024-25,1630570,Trendon Watford,Trendon,1610612751,BKN,Brooklyn Nets,0022400320,2024-12-04T00:00:00,BKN vs. IND,W,21.45,3.4,13.4,0.25,1.7,6.7,0.25,6.7,6.7,1.0,0.0,5.0,5.0,0.0,3.4,0.0,0.0,1.7,6.7,5.0,15.1,15.1,17.8,0,0,21.8,1,1,13086,1,14962,18630,11115,20233,11462,9084,11902,2229,3647,1,14058,10772,14712,19908,5341,12854,8263,4203,2205,4049,12799,5583,22182,2246,150,19775,1,21:27
2024-25,1630592,Jalen Wilson,Jalen,1610612751,BKN,Brooklyn Nets,0022400320,2024-12-04T00:00:00,BKN vs. IND,W,37.93333333333333,3.8,10.4,0.364,0.9,4.7,0.2,1.9,1.9,1.0,0.9,1.9,2.8,2.8,0.0,1.9,0.0,1.9,0.0,2.8,10.4,0.0,23.8,0,0,20.9,1,1,13086,1,1416,17575,16322,16861,14796,13855,13429,10959,12984,1,13657,19979,20124,13451,16469,6775,8263,3551,20257,9787,17719,12240,19082,2246,150,20355,1,37:56
2024-25,1630552,Jalen Johnson,Jalen,1610612737,ATL,Atlanta Hawks,0022400323,2024-12-04T00:00:00,ATL @ MIL,W,40.18333333333333,9.0,17.0,0.526,0.0,1.8,0.0,2.7,2.7,1.0,2.7,9.0,11.6,4.5,2.7,1.8,0.9,0.0,0.9,2.7,20.6,1.8,46.7,1,0,42.1,1,1,13086,1,517,4792,5785,8379,15070,19927,15070,8605,10782,1,6130,3560,3808,8706,7566,7292,8100,8846,20155,10346,7395,11741,4452,1,150,5593,1,40:11
2024-25,1631132,Christian Koloko,Christian,1610612747,LAL,Los Angeles Lakers,0022400321,2024-12-04T00:00:00,LAL @ MIA,L,13.333333333333334,5.4,8.1,0.667,0.0,0.0,0.0,0.0,0.0,0.0,8.1,2.7,10.8,0.0,0.0,0.0,0.0,2.7,5.4,0.0,10.8,-32.4,23.8,0,0,21.6,1,13222,1,13222,20575,13272,20087,3281,15070,20945,15070,13505,14344,13505,752,17699,4594,19908,16469,12854,8263,1744,3851,17725,17375,24090,19119,2246,150,19898,1,13:20
2024-25,1630696,Dru Smith,Dru,1610612748,MIA,Miami Heat,0022400321,2024-12-04T00:00:00,MIA vs. LAL,W,12.0,3.0,6.0,0.5,3.0,3.0,1.0,0.0,0.0,0.0,3.0,6.0,9.0,9.0,6.0,3.0,0.0,0.0,6.0,0.0,9.0,24.0,36.3,0,0,36.0,1,1,13086,1,21228,19415,22595,8526,6500,17643,1,13505,14344,13505,5329,8311,6730,2013,1378,3139,8263,8846,2940,17725,19078,3019,10161,2246,150,9360,1,12:00
2024-25,1631260,AJ Green,AJ,1610612749,MIL,Milwaukee Bucks,0022400323,2024-12-04T00:00:00,MIL vs. ATL,L,27.3,2.6,14.5,0.182,2.6,14.5,0.182,0.0,0.0,0.0,0.0,5.3,5.3,5.3,0.0,0.0,0.0,0.0,4.0,1.3,7.9,-10.5,22.2,0,0,21.1,1,13222,1,13222,10100,20206,9349,21891,7717,799,14207,13505,14344,13505,14058,10087,14106,6880,16469,12854,8263,8846,7264,15814,19987,18131,20050,2246,150,20219,1,27:18
2024-25,1631157,Ryan Rollins,Ryan,1610612749,MIL,Milwaukee Bucks,0022400323,2024-12-04T00:00:00,MIL vs. ATL,L,1.7166666666666666,0.0,21.0,0.0,0.0,21.0,0.0,41.9,41.9,1.0,0.0,0.0,0.0,0.0,0.0,0.0,0.0,0.0,21.0,21.0,41.9,-21.0,41.9,0,0,41.9,1,13222,1,13222,25651,22635,2348,22635,15070,201,15070,12,26,1,14058,22137,23286,19908,16469,12854,8263,8846,109,39,356,21820,6648,2246,150,5679,1,1:43
2024-25,1628408,PJ Dozier,PJ,1610612750,MIN,Minnesota Timberwolves,0022400324,2024-12-04T00:00:00,MIN @ LAC,W,7.816666666666666,4.6,4.6,1.0,4.6,4.6,1.0,0.0,18.4,0.0,0.0,0.0,0.0,9.2,0.0,0.0,0.0,0.0,0.0,9.2,13.8,0.0,27.6,0,0,27.6,1,1,13086,1,22880,15477,23740,1,2876,14182,1,13505,174,13505,14058,22137,23286,1859,16469,12854,8263,8846,20257,589,14133,12240,16471,2246,150,15694,1,7:49
2024-25,1631108,Max Christie,Max,1610612747,LAL,Los Angeles Lakers,0022400321,2024-12-04T00:00:00,LAL @ MIA,L,26.308333333333334,5.5,10.9,0.5,1.4,1.4,1.0,2.7,2.7,1.0,6.8,2.7,9.6,6.8,0.0,1.4,0.0,0.0,0.0,1.4,15.1,-26.0,40.9,0,0,35.6,1,13222,1,13222,10895,13059,15453,8526,12572,20412,1,8496,10652,1,1206,17593,5950,4227,16469,9091,8263,8846,20257,15585,12853,23029,7217,2246,150,9678,1,26:19
2024-25,1629021,Moritz Wagner,Moritz,1610612753,ORL,Orlando Magic,0022400322,2024-12-04T00:00:00,ORL @ PHI,W,21.05,6.8,17.1,0.4,0.0,5.1,0.0,3.4,5.1,0.667,0.0,10.3,10.3,1.7,3.4,3.4,3.4,0.0,1.7,8.6,17.1,22.2,49.1,0,0,42.8,1,1,13086,1,15255,9318,5697,14933,15070,12874,15070,6852,5709,9425,14058,2384,5159,17334,5185,2347,1286,8846,16500,804,10741,3413,3596,2246,150,5283,1,21:03
2024-25,201567,Kevin Love,Kevin,1610612748,MIA,Miami Heat,0022400321,2024-12-04T00:00:00,MIA vs. LAL,W,14.666666666666666,9.8,17.2,0.571,4.9,12.3,0.4,0.0,0.0,0.0,2.5,7.4,9.8,12.3,2.5,2.5,2.5,0.0,4.9,2.5,24.5,27.0,67.0,0,0,61.4,1,1,13086,1,19783,3440,5595,6538,2392,1631,7874,13505,14344,13505,6767,5730,5646,658,8432,4525,2463,8846,4818,11145,4454,2428,570,2246,150,701,1,14:40
2024-25,1628389,Bam Adebayo,Bam,1610612748,MIA,Miami Heat,0022400321,2024-12-04T00:00:00,MIA vs. LAL,W,24.6,8.8,11.7,0.75,0.0,1.5,0.0,2.9,4.4,0.667,0.0,14.6,14.6,10.2,2.9,1.5,1.5,0.0,1.5,2.9,20.5,32.2,59.3,1,0,51.2,1,1,13086,1,12377,5123,14099,2107,15070,20306,15070,8020,7051,9425,14058,636,1945,1314,6734,8563,4982,8846,17378,9498,7506,1709,1289,1,150,2227,1,24:36
2024-25,202699,Tobias Harris,Tobias,1610612765,DET,Detroit Pistons,0022400319,2024-12-04T00:00:00,DET @ BOS,L,31.233333333333334,10.4,19.6,0.529,6.9,10.4,0.667,3.5,3.5,1.0,1.2,2.3,3.5,2.3,0.0,2.3,1.2,2.3,2.3,2.3,31.1,0.0,49.1,0,0,50.7,1,13222,1,13222,6669,2845,3283,8281,793,3079,1957,6782,8972,1,12084,18746,18645,15214,16469,5016,6468,2417,13621,11719,1751,12240,3585,2246,150,2337,1,31:14
2024-25,1628371,Jonathan Isaac,Jonathan,1610612753,ORL,Orlando Magic,0022400322,2024-12-04T00:00:00,ORL @ PHI,W,14.866666666666667,14.5,19.4,0.75,4.8,7.3,0.667,0.0,0.0,0.0,9.7,0.0,9.7,0.0,0.0,4.8,4.8,0.0,0.0,0.0,33.9,19.4,74.6,0,0,67.8,1,1,13086,1,19657,576,3441,2107,2500,7911,1957,13505,14344,13505,443,22137,5818,19908,16469,993,558,8846,20257,17725,1146,4149,302,2246,150,375,1,14:52
2024-25,1629639,Tyler Herro,Tyler,1610612748,MIA,Miami Heat,0022400321,2024-12-04T00:00:00,MIA vs. LAL,W,26.75,14.8,25.6,0.579,12.1,21.5,0.563,0.0,1.3,0.0,0.0,6.7,6.7,5.4,5.4,1.3,0.0,1.3,1.3,1.3,41.7,40.4,56.5,0,0,68.6,1,1,13086,1,10526,529,715,6486,130,190,3745,13505,13669,13505,14058,6843,10685,6663,1917,9209,8263,5416,17838,15700,370,957,1725,2246,150,354,1,26:45
2024-25,1630162,Anthony Edwards,Anthony,1610612750,MIN,Minnesota Timberwolves,0022400324,2024-12-04T00:00:00,MIN @ LAC,W,26.2,6.9,19.2,0.357,5.5,12.4,0.444,2.7,2.7,1.0,1.4,6.9,8.2,5.5,2.7,5.5,0.0,0.0,4.1,1.4,22.0,37.1,53.9,0,0,52.2,1,1,13086,1,11004,9247,3560,17140,1738,1589,7211,8458,10610,1,10859,6580,7863,6430,7377,635,8263,8846,6760,15551,6232,1193,2237,2246,150,1994,1,26:12
2024-25,1627732,Ben Simmons,Ben,1610612751,BKN,Brooklyn Nets,0022400320,2024-12-04T00:00:00,BKN vs. IND,W,20.7,5.2,5.2,1.0,0.0,0.0,0.0,1.7,3.5,0.5,1.7,10.4,12.2,15.7,0.0,3.5,5.2,0.0,1.7,1.7,12.2,34.8,76.3,0,0,57.4,1,1,13086,1,15489,13767,23309,1,15070,20945,15070,11351,8927,10625,9447,2271,3365,243,16469,2264,464,8846,16416,14150,15953,1414,272,2246,150,1118,1,20:42
2024-25,203992,Bogdan Bogdanović,Bogdan,1610612737,ATL,Atlanta Hawks,0022400323,2024-12-04T00:00:00,ATL @ MIL,W,25.65,7.0,11.2,0.625,4.2,7.0,0.6,2.8,2.8,1.0,0.0,2.8,2.8,7.0,4.2,7.0,0.0,0.0,2.8,1.4,21.1,26.7,51.8,0,0,49.1,1,1,13086,1,11448,8883,14980,4899,3542,8426,2992,8334,10473,1,14058,17377,20236,3995,3481,294,8263,8846,11616,15437,7044,2488,2764,2246,150,2792,1,25:39
2024-25,203497,Rudy Gobert,Rudy,1610612750,MIN,Minnesota Timberwolves,0022400324,2024-12-04T00:00:00,MIN @ LAC,W,29.466666666666665,3.7,4.9,0.75,0.0,0.0,0.0,2.4,2.4,1.0,1.2,9.8,11.0,8.6,0.0,6.1,1.2,0.0,2.4,1.2,9.8,25.7,57.8,0,0,44.0,1,1,13086,1,8251,17930,23538,2107,15070,20945,15070,9212,11354,1,11653,2744,4410,2382,16469,445,6042,8846,13011,16288,18373,2679,1501,2246,150,4697,1,29:28
2024-25,204001,Kristaps Porziņģis,Kristaps,1610612738,BOS,Boston Celtics,0022400319,2024-12-04T00:00:00,BOS vs. DET,W,29.383333333333333,9.8,20.8,0.471,3.7,8.6,0.429,8.6,9.8,0.875,4.9,6.1,11.0,2.5,2.5,0.0,2.5,1.2,3.7,8.6,31.9,19.6,53.7,0,0,53.9,1,1,13086,1,8324,3471,2443,12143,4744,5451,7394,1153,1451,6931,2460,8045,4388,14708,8451,12854,2467,6095,8184,796,1561,4073,2282,2246,150,1642,1,29:23
2024-25,203081,Damian Lillard,Damian,1610612749,MIL,Milwaukee Bucks,0022400323,2024-12-04T00:00:00,MIL vs. ATL,L,34.25333333333333,8.4,14.7,0.571,5.3,9.5,0.556,4.2,5.3,0.8,0.0,4.2,4.2,5.3,5.3,1.1,0.0,1.1,1.1,6.3,26.3,-10.5,37.1,0,0,43.1,1,13222,1,13222,4056,5785,9030,6538,1992,4165,3747,5338,5521,7681,14058,13107,16789,6930,2060,11484,8263,7481,19405,2276,3545,18108,9632,2246,150,5095,1,34:15
2024-25,2544,LeBron James,LeBron,1610612747,LAL,Los Angeles Lakers,0022400321,2024-12-04T00:00:00,LAL @ MIA,L,29.05,14.9,22.3,0.667,1.2,5.0,0.25,5.0,5.0,1.0,1.2,5.0,6.2,9.9,6.2,1.2,0.0,0.0,2.5,3.7,35.9,-26.0,55.8,0,0,55.8,1,13222,1,13222,8631,514,1672,3281,13157,13300,11902,4115,6022,1,11541,11010,11832,1486,1270,9871,8263,8846,12881,7088,840,23033,1845,2246,150,1347,1,29:03
2024-25,1630595,Cade Cunningham,Cade,1610612765,DET,Detroit Pistons,0022400319,2024-12-04T00:00:00,DET @ BOS,L,33.705,11.7,22.4,0.524,3.2,9.6,0.333,2.1,2.1,1.0,2.1,7.5,9.6,15.0,6.4,0.0,1.1,2.1,5.3,3.2,28.8,-7.5,59.6,1,0,58.7,1,13222,1,13222,4545,1692,1619,8439,5944,3964,9209,10181,12300,1,7824,5541,5908,293,1176,12854,7000,2816,3943,8550,2470,16714,1238,1,150,940,1,33:42
2024-25,1628418,Thomas Bryant,Thomas,1610612748,MIA,Miami Heat,0022400321,2024-12-04T00:00:00,MIA vs. LAL,W,8.733333333333333,8.2,24.7,0.333,8.2,20.6,0.4,8.2,8.2,1.0,0.0,16.5,16.5,0.0,0.0,0.0,8.2,0.0,0.0,4.1,33.0,33.0,77.5,0,0,74.2,1,1,13086,1,22551,6096,888,17395,407,213,7874,1302,2355,1,14058,375,1271,19908,16469,12854,131,8846,20257,5999,1325,1632,245,2246,150,245,1,8:44
2024-25,1630568,Luka Garza,Luka,1610612750,MIN,Minnesota Timberwolves,0022400324,2024-12-04T00:00:00,MIN @ LAC,W,7.816666666666666,18.4,23.0,0.8,4.6,4.6,1.0,4.6,13.8,0.333,9.2,4.6,13.8,0.0,0.0,4.6,0.0,4.6,4.6,9.2,46.1,0.0,76.5,0,0,73.7,1,1,13086,1,22880,194,1373,1688,2876,14182,1,4669,473,13132,512,11964,2326,19908,16469,1142,8263,462,5524,589,223,12240,269,2246,150,250,1,7:49
2024-25,1631169,Josh Minott,Josh,1610612750,MIN,Minnesota Timberwolves,0022400324,2024-12-04T00:00:00,MIN @ LAC,W,20.883333333333333,8.6,12.1,0.714,1.7,5.2,0.333,3.4,5.2,0.667,1.7,12.1,13.8,5.2,1.7,1.7,1.7,0.0,3.4,3.4,22.4,-1.7,55.3,0,0,50.0,1,1,13086,1,15366,5400,13474,2752,11330,12767,9209,6798,5645,9425,9491,1316,2338,7086,11824,7532,4239,8846,8900,7814,5912,13885,1923,2246,150,2532,1,20:53
2024-25,1629216,Gabe Vincent,Gabe,1610612747,LAL,Los Angeles Lakers,0022400321,2024-12-04T00:00:00,LAL @ MIA,L,24.3,4.4,16.3,0.273,1.5,7.4,0.2,3.0,3.0,1.0,1.5,1.5,3.0,4.4,1.5,4.4,0.0,0.0,1.5,1.5,13.3,-16.3,35.4,0,0,31.1,1,13222,1,13222,12648,15941,6694,20048,12113,7600,13429,7913,10059,1,10384,20912,19825,8773,12839,1265,8263,8846,17294,15077,14711,20364,10795,2246,150,13065,1,24:18
2024-25,1630227,Daishen Nix,Daishen,1610612750,MIN,Minnesota Timberwolves,0022400324,2024-12-04T00:00:00,MIN @ LAC,W,6.5,0.0,5.5,0.0,0.0,5.5,0.0,5.5,11.1,0.5,0.0,11.1,11.1,5.5,5.5,0.0,0.0,0.0,5.5,5.5,5.5,27.7,21.6,0,0,22.2,1,1,13086,1,23365,22635,23055,22635,15070,11870,15070,3375,999,10625,14058,1867,4337,6358,1777,12854,8263,8846,3642,3280,21707,2307,20357,2246,150,19580,1,6:30
2024-25,1629048,Goga Bitadze,Goga,1610612753,ORL,Orlando Magic,0022400322,2024-12-04T00:00:00,ORL @ PHI,W,20.916666666666668,5.2,6.9,0.75,0.0,0.0,0.0,0.0,0.0,0.0,3.4,6.9,10.3,1.7,0.0,1.7,1.7,0.0,3.4,1.7,10.3,1.7,35.6,0,0,29.3,1,1,13086,1,15345,13911,21691,2107,15070,20945,15070,13505,14344,13505,4469,6560,5090,17308,16469,7541,4248,8846,8929,14210,17832,11783,10628,2246,150,14508,1,20:55
2024-25,1627752,Taurean Prince,Taurean,1610612749,MIL,Milwaukee Bucks,0022400323,2024-12-04T00:00:00,MIL vs. ATL,L,24.95,5.8,11.5,0.5,2.9,7.2,0.4,0.0,0.0,0.0,1.4,4.3,5.8,2.9,1.4,1.4,0.0,1.4,2.9,0.0,14.4,-18.8,28.6,0,0,28.9,1,13222,1,13222,12051,12197,14402,8526,6915,8019,7874,13505,14344,13505,10568,12715,12833,13325,13041,8675,8263,5008,11240,17725,13478,21163,15819,2246,150,14817,1,24:57
2024-25,1627824,Guerschon Yabusele,Guerschon,1610612755,PHI,Philadelphia 76ers,0022400322,2024-12-04T00:00:00,PHI vs. ORL,L,36.928333333333335,5.8,7.8,0.75,1.9,3.9,0.5,1.0,1.9,0.5,2.9,3.9,6.8,3.9,1.0,1.0,0.0,0.0,4.9,1.0,14.6,9.7,30.6,0,0,29.2,1,13222,1,13222,2044,11955,20532,2107,10396,15788,3944,13313,12859,10625,5526,14026,10481,10226,15997,12171,8263,8846,4897,17475,13276,7820,14336,2246,150,14513,1,36:56
2024-25,1630191,Isaiah Stewart,Isaiah,1610612765,DET,Detroit Pistons,0022400319,2024-12-04T00:00:00,DET @ BOS,L,22.32,1.6,3.2,0.5,0.0,0.0,0.0,0.0,0.0,0.0,0.0,3.2,3.2,1.6,0.0,1.6,1.6,0.0,3.2,0.0,3.2,-9.7,19.2,0,0,14.5,1,13222,1,13222,14261,22013,24416,8526,15070,20945,15070,13505,14344,13505,14058,16003,19161,17611,16469,7939,4520,8846,9753,17725,22880,17750,21552,2246,150,23248,1,22:19
2024-25,1628976,Wendell Carter Jr.,Wendell,1610612753,ORL,Orlando Magic,0022400322,2024-12-04T00:00:00,ORL @ PHI,W,31.783333333333335,1.1,4.5,0.25,0.0,1.1,0.0,0.0,2.3,0.0,3.4,3.4,6.8,2.3,0.0,0.0,1.1,0.0,6.8,1.1,2.3,-7.9,17.2,0,0,13.6,1,1,13086,1,6172,22555,23787,20233,15070,20706,15070,13505,11884,13505,4544,15527,10537,15365,16469,12854,6586,8846,2149,16749,23123,16945,22401,2246,150,23531,1,31:47
2024-25,1641783,Tristan da Silva,Tristan,1610612753,ORL,Orlando Magic,0022400322,2024-12-04T00:00:00,ORL @ PHI,W,16.1,4.5,6.7,0.667,0.0,2.2,0.0,2.2,4.5,0.5,4.5,4.5,8.9,2.2,0.0,0.0,0.0,0.0,0.0,2.2,11.2,33.5,25.3,0,0,22.4,1,1,13086,1,18858,15857,21888,3281,15070,19103,15070,9824,6895,10625,2957,12330,6828,15494,16469,12854,8263,8846,20257,12003,17011,1563,18100,2246,150,19446,1,16:06
2024-25,1627884,Derrick Jones Jr.,Derrick,1610612746,LAC,LA Clippers,0022400324,2024-12-04T00:00:00,LAC vs. MIN,L,28.266666666666666,6.4,15.3,0.417,3.8,8.9,0.429,1.3,1.3,1.0,0.0,2.5,2.5,2.5,2.5,1.3,1.3,0.0,2.5,1.3,17.8,-33.1,29.8,0,0,31.8,1,13222,1,13222,9325,10520,8135,14532,4381,4945,7394,12373,13772,1,14058,18064,20711,14371,8053,9623,5773,8846,12609,16015,9999,24184,14941,2246,150,12505,1,28:16
2024-25,1641723,Kobe Bufkin,Kobe,1610612737,ATL,Atlanta Hawks,0022400323,2024-12-04T00:00:00,ATL @ MIL,W,12.616666666666667,2.9,14.3,0.2,0.0,0.0,0.0,0.0,0.0,0.0,2.9,0.0,2.9,5.7,0.0,0.0,0.0,5.7,2.9,0.0,5.7,20.0,17.7,0,0,14.3,1,1,13086,1,20936,19762,9744,21401,15070,20945,15070,13505,14344,13505,5718,22137,20107,6028,16469,12854,8263,245,11392,17725,21589,3957,22220,2246,150,23334,1,12:37
2024-25,1628978,Donte DiVincenzo,Donte,1610612750,MIN,Minnesota Timberwolves,0022400324,2024-12-04T00:00:00,MIN @ LAC,W,21.25,1.7,8.5,0.2,1.7,6.8,0.25,0.0,0.0,0.0,3.4,1.7,5.1,3.4,3.4,3.4,0.0,0.0,1.7,1.7,5.1,15.2,23.0,0,0,22.0,1,1,13086,1,15114,21907,19529,21401,11415,8948,11902,13505,14344,13505,4563,20472,14572,11714,5259,2405,8263,8846,16551,14291,21965,5526,19536,2246,150,19668,1,21:15
2024-25,1628997,Caleb Martin,Caleb,1610612755,PHI,Philadelphia 76ers,0022400322,2024-12-04T00:00:00,PHI vs. ORL,L,23.216666666666665,6.2,12.4,0.5,0.0,1.6,0.0,1.6,4.7,0.333,1.6,6.2,7.8,3.1,3.1,3.1,0.0,0.0,1.6,6.2,14.0,-20.2,34.1,0,0,31.0,1,13222,1,13222,13533,10969,12886,8526,15070,20226,15070,11690,6572,13132,10117,7887,8715,12600,6122,2930,8263,8846,17041,2387,13983,21592,11715,2246,150,13149,1,23:13
2024-25,1629675,Naz Reid,Naz,1610612750,MIN,Minnesota Timberwolves,0022400324,2024-12-04T00:00:00,MIN @ LAC,W,20.566666666666666,1.8,7.0,0.25,0.0,3.5,0.0,3.5,3.5,1.0,0.0,7.0,7.0,1.8,1.8,0.0,3.5,0.0,1.8,3.5,7.0,26.3,26.8,0,0,22.8,1,1,13086,1,15592,21829,21560,20233,15070,16649,15070,6701,8881,1,14058,6353,10144,17228,11732,12854,1228,8846,16367,7656,20726,2566,17100,2246,150,19165,1,20:34
2024-25,1627739,Kris Dunn,Kris,1610612746,LAC,LA Clippers,0022400324,2024-12-04T00:00:00,LAC vs. MIN,L,23.85,1.5,12.1,0.125,0.0,4.5,0.0,0.0,0.0,0.0,1.5,7.5,9.1,0.0,3.0,1.5,0.0,1.5,1.5,1.5,3.0,-30.2,15.4,0,0,15.1,1,13222,1,13222,13031,22154,13464,22420,15070,14359,15070,13505,14344,13505,10276,5411,6651,19908,6399,8370,8263,4741,17175,14966,22953,23767,23055,2246,150,23028,1,23:51
2024-25,201572,Brook Lopez,Brook,1610612749,MIL,Milwaukee Bucks,0022400323,2024-12-04T00:00:00,MIL vs. ATL,L,34.68333333333333,2.1,5.2,0.4,1.0,4.2,0.25,0.0,0.0,0.0,2.1,4.2,6.2,2.1,0.0,1.0,3.1,0.0,2.1,1.0,5.2,-9.3,28.2,0,0,22.8,1,13222,1,13222,3705,21279,23328,14933,14322,15228,11902,13505,14344,13505,8053,13265,11759,16093,16469,11608,1557,8846,14724,17229,21916,17602,16050,2246,150,19117,1,34:41
2024-25,1627783,Pascal Siakam,Pascal,1610612754,IND,Indiana Pacers,0022400320,2024-12-04T00:00:00,IND @ BKN,L,37.07833333333333,4.9,9.7,0.5,1.0,2.9,0.333,2.9,4.9,0.6,0.0,5.8,5.8,0.0,1.0,1.0,1.0,0.0,1.9,3.9,13.6,-5.8,25.4,0,0,24.3,1,13222,1,13222,1941,14790,17559,8526,14699,17834,9209,8053,6189,10343,14058,8734,12710,19908,16020,12202,7682,8846,15453,6619,14387,15985,17968,2246,150,18152,1,37:05
2024-25,1642268,Isaiah Collier,Isaiah,1610612762,UTA,Utah Jazz,0022400055,2024-12-03T00:00:00,UTA @ OKC,L,14.266666666666667,2.5,5.0,0.5,0.0,2.5,0.0,2.5,5.0,0.5,0.0,2.5,2.5,5.0,10.1,0.0,0.0,0.0,2.5,7.6,7.6,-42.9,8.1,0,0,15.1,1,13222,1,13222,20041,20419,23433,8526,15070,18579,15070,8981,5829,10625,14058,18122,20755,7361,324,12854,8263,8846,12693,1285,20266,25040,24687,2246,150,23010,1,14:16
2024-25,201572,Brook Lopez,Brook,1610612749,MIL,Milwaukee Bucks,0022400052,2024-12-03T00:00:00,MIL @ DET,W,32.77166666666667,2.2,5.5,0.4,1.1,4.4,0.25,0.0,1.1,0.0,2.2,4.4,6.6,1.1,0.0,1.1,3.3,0.0,2.2,2.2,5.5,27.5,28.2,0,0,23.1,1,1,13086,1,5351,21047,23096,14933,13950,14698,11902,13505,14042,13505,7593,12543,10971,19352,16469,11034,1399,8846,14113,12174,21737,2350,16052,2246,150,18966,1,32:46
2024-25,1630228,Jonathan Kuminga,Jonathan,1610612744,GSW,Golden State Warriors,0022400058,2024-12-03T00:00:00,GSW @ DEN,L,28.85,11.2,22.5,0.5,1.2,2.5,0.5,0.0,2.5,0.0,0.0,6.2,6.2,2.5,0.0,1.2,1.2,3.7,5.0,1.2,23.7,-8.7,42.4,0,0,38.7,1,13222,1,13222,8805,2068,1601,8526,13109,18631,3944,13505,11219,13505,14058,7809,11733,14556,16469,9816,5906,773,4620,16139,4976,17298,6411,2246,150,7598,1,28:51
2024-25,203924,Jerami Grant,Jerami,1610612757,POR,Portland Trail Blazers,0022400060,2024-12-03T00:00:00,POR @ LAC,L,34.9,5.2,11.3,0.455,2.1,5.2,0.4,0.0,0.0,0.0,2.1,2.1,4.1,4.1,2.1,2.1,2.1,1.0,2.1,1.0,12.4,-21.7,33.8,0,0,30.9,1,13222,1,13222,3538,13933,14753,12676,9850,12804,7874,13505,14344,13505,8109,19469,17012,9587,10193,5945,3308,7649,14796,17268,15741,22006,11947,2246,150,13206,1,34:54
2024-25,1628998,Cody Martin,Cody,1610612766,CHA,Charlotte Hornets,0022400050,2024-12-03T00:00:00,CHA vs. PHI,L,30.65,5.9,9.4,0.625,2.3,5.9,0.4,0.0,0.0,0.0,0.0,2.3,2.3,3.5,2.3,0.0,0.0,0.0,3.5,0.0,14.1,3.5,19.8,0,0,22.3,1,13222,1,13222,7168,11886,18124,4899,8672,11017,7874,13505,14344,13505,14058,18630,21105,11327,8873,12854,8263,8846,8687,17725,13853,10883,21240,2246,150,19476,1,30:39
2024-25,201566,Russell Westbrook,Russell,1610612743,DEN,Denver Nuggets,0022400058,2024-12-03T00:00:00,DEN vs. GSW,W,22.591666666666665,4.8,11.2,0.429,1.6,4.8,0.333,0.0,0.0,0.0,0.0,1.6,1.6,8.0,1.6,0.0,0.0,0.0,4.8,0.0,11.2,-15.9,23.4,0,0,22.3,1,1,13086,1,14042,15012,15093,13735,11694,13757,9209,13505,14344,13505,14058,20693,22446,2925,12362,12854,8263,8846,5109,17725,17031,20238,19298,2246,150,19484,1,22:36
2024-25,1630643,Jay Huff,Jay,1610612763,MEM,Memphis Grizzlies,0022400056,2024-12-03T00:00:00,MEM @ DAL,L,16.216666666666665,6.7,13.3,0.5,4.4,11.1,0.4,0.0,0.0,0.0,0.0,2.2,2.2,0.0,0.0,2.2,0.0,0.0,4.4,0.0,17.8,8.9,27.1,0,0,28.9,1,13222,1,13222,18779,9803,11267,8526,3171,2412,7874,13505,14344,13505,14058,19015,21373,19908,16469,5315,8263,8846,5917,17725,10071,8233,16882,2246,150,14814,1,16:13
2024-25,1627763,Malcolm Brogdon,Malcolm,1610612764,WAS,Washington Wizards,0022400051,2024-12-03T00:00:00,WAS @ CLE,L,21.533333333333335,3.3,15.0,0.222,0.0,5.0,0.0,3.3,3.3,1.0,3.3,0.0,3.3,1.7,1.7,0.0,0.0,1.7,3.3,1.7,10.0,-21.7,14.9,0,0,15.0,1,13222,1,13222,14913,18650,8529,21205,15070,13171,15070,7014,9204,1,4653,22137,18882,17436,12030,12854,8263,4214,9274,14358,18131,22015,23219,2246,150,23048,1,21:32
2024-25,1642367,Jonathan Mogbo,Jonathan,1610612761,TOR,Toronto Raptors,0022400054,2024-12-03T00:00:00,TOR vs. IND,W,14.55,2.5,7.4,0.333,0.0,4.9,0.0,2.5,4.9,0.5,4.9,7.4,12.4,4.9,2.5,7.4,0.0,0.0,4.9,2.5,7.4,-12.4,49.5,0,0,39.6,1,1,13086,1,19855,20503,21049,17395,15070,13314,15070,9121,6028,10625,2424,5644,3220,7571,8346,255,8263,8846,4728,11081,20387,18888,3425,2246,150,7021,1,14:33
2024-25,1642267,Bub Carrington,Bub,1610612764,WAS,Washington Wizards,0022400051,2024-12-03T00:00:00,WAS @ CLE,L,35.666666666666664,5.0,12.1,0.417,2.0,6.1,0.333,1.0,1.0,1.0,0.0,7.1,7.1,2.0,5.0,0.0,0.0,0.0,3.0,3.0,13.1,-20.2,19.6,0,0,24.2,1,13222,1,13222,2928,14240,13393,14532,10076,10554,9209,13215,14206,1,14058,6245,10022,16304,2283,12854,8263,8846,10589,9132,14958,21600,21370,2246,150,18187,1,35:40
2024-25,1630256,Jae'Sean Tate,Jae'Sean,1610612745,HOU,Houston Rockets,0022400059,2024-12-03T00:00:00,HOU @ SAC,L,1.8666666666666667,0.0,0.0,0.0,0.0,0.0,0.0,0.0,0.0,0.0,0.0,0.0,0.0,0.0,0.0,19.3,0.0,0.0,19.3,0.0,0.0,115.7,57.9,0,0,38.6,1,13222,1,13222,25549,22635,24836,22635,15070,20945,15070,13505,14344,13505,14058,22137,23286,19908,16469,27,8263,8846,128,17725,23200,45,1494,2246,150,7653,1,1:52
2024-25,1626172,Kevon Looney,Kevon,1610612744,GSW,Golden State Warriors,0022400058,2024-12-03T00:00:00,GSW @ DEN,L,24.56,2.9,4.4,0.667,0.0,0.0,0.0,1.5,5.9,0.25,5.9,10.3,16.1,7.3,4.4,2.9,1.5,0.0,8.8,2.9,7.3,-4.4,46.5,0,0,39.6,1,13222,1,13222,12422,19573,23860,3281,15070,20945,15070,11859,4664,13358,1698,2387,1386,3589,3150,3319,4971,8846,1028,9487,20459,15268,4551,2246,150,7027,1,24:34
2024-25,1629008,Michael Porter Jr.,Michael,1610612743,DEN,Denver Nuggets,0022400058,2024-12-03T00:00:00,DEN vs. GSW,W,31.375,9.2,16.1,0.571,1.1,3.4,0.333,5.7,6.9,0.833,1.1,6.9,8.0,2.3,2.3,1.1,0.0,1.1,2.3,3.4,25.2,-1.1,39.5,0,0,39.0,1,1,13086,1,6532,4398,7031,6538,13663,16783,9209,3151,3487,7275,12132,6559,8211,15255,9099,10608,8263,6657,13675,7831,4093,13640,8094,2246,150,7369,1,31:23
2024-25,1641718,Keyonte George,Keyonte,1610612762,UTA,Utah Jazz,0022400055,2024-12-03T00:00:00,UTA @ OKC,L,31.266666666666666,8.1,16.1,0.5,2.3,10.4,0.222,0.0,0.0,0.0,1.2,3.5,4.6,5.8,4.6,0.0,0.0,0.0,1.2,0.0,18.4,-2.3,28.0,0,0,31.1,1,13222,1,13222,6650,6502,6943,8526,8837,3089,13288,13505,14344,13505,12091,15361,15796,5937,2837,12854,8263,8846,18804,17725,9389,14208,16245,2246,150,13086,1,31:16
2024-25,1641708,Amen Thompson,Amen,1610612745,HOU,Houston Rockets,0022400059,2024-12-03T00:00:00,HOU @ SAC,L,23.783333333333335,1.5,7.6,0.2,0.0,0.0,0.0,1.5,6.1,0.25,4.5,4.5,9.1,1.5,4.5,0.0,0.0,4.5,3.0,3.0,4.5,9.1,13.2,0,0,15.1,1,13222,1,13222,13086,22150,20837,21401,15070,20945,15070,11766,4396,13358,2880,12149,6614,17928,2936,12854,8263,476,10592,9134,22277,8134,23725,2246,150,23012,1,23:47
2024-25,1627736,Malik Beasley,Malik,1610612765,DET,Detroit Pistons,0022400052,2024-12-03T00:00:00,DET vs. MIL,L,17.866666666666667,4.0,20.1,0.2,0.0,8.1,0.0,0.0,0.0,0.0,0.0,6.0,6.0,0.0,0.0,0.0,0.0,2.0,0.0,2.0,8.1,-14.1,15.3,0,0,14.1,1,13222,1,13222,17651,17021,2874,21401,15070,6349,15070,13505,14344,13505,14058,8236,12176,19908,16469,12854,8263,3183,20257,13010,19871,19545,23089,2246,150,23394,1,17:52
2024-25,203995,Vasilije Micić,Vasilije,1610612766,CHA,Charlotte Hornets,0022400050,2024-12-03T00:00:00,CHA vs. PHI,L,18.801666666666666,1.9,7.7,0.25,1.9,1.9,1.0,3.8,3.8,1.0,0.0,3.8,3.8,3.8,9.6,1.9,0.0,1.9,3.8,3.8,9.6,-15.3,16.1,0,0,23.0,1,13222,1,13222,16963,21562,20707,20233,10567,19713,1,6024,8181,1,14058,14240,17756,10428,363,6695,8263,3497,7656,6772,18567,20014,22822,2246,150,19054,1,18:48
2024-25,1629162,Jordan McLaughlin,Jordan,1610612758,SAC,Sacramento Kings,0022400059,2024-12-03T00:00:00,SAC vs. HOU,W,1.8666666666666667,0.0,19.3,0.0,0.0,0.0,0.0,0.0,38.6,0.0,0.0,0.0,0.0,0.0,19.3,19.3,0.0,0.0,0.0,19.3,0.0,-115.7,38.6,0,0,38.6,1,1,13086,1,25549,22635,3504,22635,15070,20945,15070,13505,32,13505,14058,22137,23286,19908,60,27,8263,8846,20257,51,23200,26216,8659,2246,150,7653,1,1:52
2024-25,1627777,Georges Niang,Georges,1610612739,CLE,Cleveland Cavaliers,0022400051,2024-12-03T00:00:00,CLE vs. WAS,W,26.053333333333335,8.3,12.4,0.667,2.8,6.9,0.4,0.0,0.0,0.0,0.0,8.3,8.3,1.4,0.0,0.0,0.0,0.0,6.9,0.0,19.3,23.5,31.4,0,0,31.8,1,1,13086,1,11126,6002,12847,3281,7344,8647,7874,13505,14344,13505,14058,4301,7783,18402,16469,12854,8263,8846,2050,17725,8508,3152,13772,2246,150,12557,1,26:03
2024-25,1628381,John Collins,John,1610612762,UTA,Utah Jazz,0022400055,2024-12-03T00:00:00,UTA @ OKC,L,31.0,5.8,10.5,0.556,3.5,4.6,0.75,2.3,2.3,1.0,0.0,5.8,5.8,2.3,5.8,0.0,1.2,1.2,2.3,2.3,17.4,-13.9,25.5,0,0,31.4,1,13222,1,13222,6873,12093,16305,7248,5180,14100,1542,9553,11713,1,14058,8783,12747,15148,1548,12854,6417,6543,13553,11657,10403,19478,17906,2246,150,12893,1,31:00
2024-25,1628960,Grayson Allen,Grayson,1610612756,PHX,Phoenix Suns,0022400057,2024-12-03T00:00:00,PHX vs. SAS,W,23.638333333333332,3.0,7.6,0.4,0.0,4.6,0.0,6.1,6.1,1.0,0.0,4.6,4.6,4.6,0.0,1.5,0.0,0.0,3.0,6.1,12.2,-10.7,29.1,0,0,24.4,1,1,13086,1,13198,19329,20766,14933,15070,14271,15070,2784,4362,1,14058,12073,15881,8486,16469,8307,8263,8846,10508,2514,15938,18164,15424,2246,150,18102,1,23:38
2024-25,1641717,Cason Wallace,Cason,1610612760,OKC,Oklahoma City Thunder,0022400055,2024-12-03T00:00:00,OKC vs. UTA,W,28.516666666666666,6.3,11.4,0.556,1.3,2.5,0.5,1.3,1.3,1.0,0.0,0.0,0.0,5.0,0.0,3.8,0.0,0.0,5.0,1.3,15.1,11.4,34.1,0,0,29.0,1,1,13086,1,9103,10669,14737,7248,13024,18578,3944,12411,13798,1,14058,22137,23286,7354,16469,1864,8263,8846,4498,16075,12759,7071,11740,2246,150,14669,1,28:31
2024-25,1630192,Zeke Nnaji,Zeke,1610612743,DEN,Denver Nuggets,0022400058,2024-12-03T00:00:00,DEN vs. GSW,W,5.366666666666666,6.7,6.7,1.0,0.0,0.0,0.0,0.0,0.0,0.0,0.0,0.0,0.0,0.0,0.0,0.0,0.0,0.0,6.7,0.0,13.4,-73.8,13.4,0,0,13.4,1,1,13086,1,23832,9660,21882,1,15070,20945,15070,13505,14344,13505,14058,22137,23286,19908,16469,12854,8263,8846,2207,17725,14594,25938,23656,2246,150,23578,1,5:22
2024-25,1630577,Julian Champagnie,Julian,1610612759,SAS,San Antonio Spurs,0022400057,2024-12-03T00:00:00,SAS @ PHX,L,27.723333333333333,3.9,13.0,0.3,1.3,10.4,0.125,2.6,2.6,1.0,1.3,6.5,7.8,1.3,2.6,0.0,0.0,0.0,2.6,1.3,11.7,-7.8,20.4,0,0,22.1,1,13222,1,13222,9774,17336,11880,19363,12862,3072,14886,8810,10983,1,11204,7327,8630,18665,7894,12854,8263,8846,12440,15918,16473,16880,20988,2246,150,19634,1,27:43
2024-25,1629614,Andrew Nembhard,Andrew,1610612754,IND,Indiana Pacers,0022400054,2024-12-03T00:00:00,IND @ TOR,L,18.85,1.9,9.5,0.2,0.0,1.9,0.0,7.6,7.6,1.0,0.0,0.0,0.0,7.6,3.8,1.9,0.0,0.0,3.8,5.7,11.5,-34.4,24.8,0,0,22.9,1,13222,1,13222,16938,21566,17857,21401,15070,19721,15070,1580,2782,1,14058,22137,23286,3238,4269,6716,8263,8846,7675,2999,16723,24344,18402,2246,150,19070,1,18:51
2024-25,1641731,Bilal Coulibaly,Bilal,1610612764,WAS,Washington Wizards,0022400051,2024-12-03T00:00:00,WAS @ CLE,L,31.10333333333333,1.2,8.1,0.143,0.0,1.2,0.0,4.6,5.8,0.8,2.3,5.8,8.1,4.6,1.2,2.3,0.0,1.2,4.6,6.9,6.9,-26.6,29.4,0,0,24.3,1,13222,1,13222,6795,22533,20085,22260,15070,20675,15070,4630,4769,7681,7202,8817,8096,8355,14746,4982,8263,6575,5469,1699,20762,23155,15215,2246,150,18131,1,31:06
2024-25,1642273,Kyshawn George,Kyshawn,1610612764,WAS,Washington Wizards,0022400051,2024-12-03T00:00:00,WAS @ CLE,L,11.35,0.0,6.3,0.0,0.0,6.3,0.0,0.0,0.0,0.0,3.2,15.9,19.0,6.3,0.0,0.0,3.2,0.0,3.2,0.0,0.0,-15.9,41.9,0,0,31.7,1,13222,1,13222,21559,22635,22273,22635,15070,9879,15070,13505,14344,13505,5004,447,691,4946,16469,12854,1503,8846,9992,17725,23200,20220,6694,2246,150,12607,1,11:21
2024-25,1631101,Shaedon Sharpe,Shaedon,1610612757,POR,Portland Trail Blazers,0022400060,2024-12-03T00:00:00,POR @ LAC,L,27.283333333333335,5.3,9.2,0.571,2.6,5.3,0.5,6.6,6.6,1.0,0.0,5.3,5.3,1.3,5.3,1.3,0.0,0.0,1.3,4.0,19.8,-17.2,26.8,0,0,31.7,1,13222,1,13222,10113,13602,18351,6538,7713,12526,3944,2318,3776,1,14058,10080,14098,18599,2032,9355,8263,8846,17956,6432,8079,20674,17095,2246,150,12653,1,27:17
2024-25,1642263,Reed Sheppard,Reed,1610612745,HOU,Houston Rockets,0022400059,2024-12-03T00:00:00,HOU @ SAC,L,11.45,9.4,15.7,0.6,0.0,6.3,0.0,0.0,0.0,0.0,0.0,0.0,0.0,3.1,0.0,0.0,0.0,0.0,3.1,0.0,18.9,37.7,23.6,0,0,22.0,1,13222,1,13222,21504,3973,7512,5394,15070,10004,15070,13505,14344,13505,14058,22137,23286,12496,16469,12854,8263,8846,10120,17725,8977,1143,19214,2246,150,19674,1,11:27
2024-25,1642281,Jaylon Tyson,Jaylon,1610612739,CLE,Cleveland Cavaliers,0022400051,2024-12-03T00:00:00,CLE vs. WAS,W,5.683333333333334,6.3,19.0,0.333,0.0,6.3,0.0,0.0,0.0,0.0,6.3,6.3,12.7,6.3,0.0,0.0,0.0,6.3,0.0,0.0,12.7,25.3,37.4,0,0,31.7,1,1,13086,1,23709,10602,3757,17395,15070,9902,15070,13505,14344,13505,1455,7630,3020,4968,16469,12854,8263,199,20257,17725,15425,2738,9429,2246,150,12647,1,5:41
2024-25,1630231,KJ Martin,KJ,1610612755,PHI,Philadelphia 76ers,0022400050,2024-12-03T00:00:00,PHI @ CHA,W,22.233333333333334,4.9,13.0,0.375,1.6,4.9,0.333,3.2,3.2,1.0,0.0,3.2,3.2,1.6,3.2,1.6,0.0,0.0,4.9,1.6,14.6,9.7,22.5,0,0,24.3,1,1,13086,1,14326,14784,11936,16299,11624,13545,9209,7235,9440,1,14058,15970,19136,17597,5704,7917,8263,8846,4934,14564,13324,7831,19869,2246,150,18144,1,22:14
2024-25,1630548,Johnny Juzang,Johnny,1610612762,UTA,Utah Jazz,0022400055,2024-12-03T00:00:00,UTA @ OKC,L,24.016666666666666,7.5,13.5,0.556,4.5,10.5,0.429,0.0,0.0,0.0,0.0,0.0,0.0,1.5,3.0,0.0,0.0,0.0,3.0,0.0,19.5,-45.0,18.7,0,0,25.5,1,13222,1,13222,12885,7779,11020,7248,3076,2981,7394,13505,14344,13505,14058,22137,23286,17979,6501,12854,8263,8846,10748,17725,8387,25183,21783,2246,150,17298,1,24:01
2024-25,1630538,Bones Hyland,Bones,1610612746,LAC,LA Clippers,0022400060,2024-12-03T00:00:00,LAC vs. POR,W,6.633333333333334,5.4,27.1,0.2,5.4,16.3,0.333,0.0,0.0,0.0,0.0,5.4,5.4,10.9,0.0,5.4,0.0,0.0,0.0,0.0,16.3,-10.9,55.4,0,0,48.8,1,1,13086,1,23319,13198,484,21401,1819,484,9209,13505,14344,13505,14058,9724,13740,1050,16469,670,8263,8846,20257,17725,11629,18253,1917,2246,150,2875,1,6:38
2024-25,203081,Damian Lillard,Damian,1610612749,MIL,Milwaukee Bucks,0022400052,2024-12-03T00:00:00,MIL @ DET,W,31.725,10.2,19.3,0.529,5.7,12.5,0.455,4.5,4.5,1.0,0.0,4.5,4.5,5.7,3.4,0.0,0.0,3.4,1.1,3.4,30.6,7.9,41.2,0,0,46.5,1,1,13086,1,6219,3009,3500,8281,1584,1536,7148,4771,6768,1,14058,12153,15951,6092,5221,12854,8263,988,18892,7939,1876,8661,7055,2246,150,3651,1,31:44
2024-25,1628449,Chris Boucher,Chris,1610612761,TOR,Toronto Raptors,0022400054,2024-12-03T00:00:00,TOR vs. IND,W,14.2,5.1,15.2,0.333,2.5,10.1,0.25,2.5,5.1,0.5,0.0,5.1,5.1,5.1,2.5,0.0,0.0,0.0,2.5,5.1,15.2,-15.2,26.4,0,0,27.9,1,1,13086,1,20077,14176,8227,17395,8029,3338,11902,8946,5798,10625,14058,10663,14603,7311,8097,12854,8263,8846,12650,3968,12689,19981,17373,2246,150,15508,1,14:12
2024-25,1628404,Josh Hart,Josh,1610612752,NYK,New York Knicks,0022400053,2024-12-03T00:00:00,NYK vs. ORL,W,38.81666666666667,3.7,5.6,0.667,0.0,0.9,0.0,2.8,2.8,1.0,0.9,11.1,12.1,9.3,3.7,2.8,0.0,0.0,1.9,2.8,10.2,16.7,43.2,1,1,37.1,1,1,13086,1,955,17808,23034,3281,15070,20917,15070,8381,10527,1,13786,1834,3446,1817,4540,3728,8263,8846,15916,10028,17951,5006,6028,1,1,8653,1,38:49
2024-25,204456,T.J. McConnell,T.J.,1610612754,IND,Indiana Pacers,0022400054,2024-12-03T00:00:00,IND @ TOR,L,23.933333333333334,7.5,15.0,0.5,0.0,1.5,0.0,6.0,9.0,0.667,0.0,3.0,3.0,6.0,4.5,1.5,0.0,0.0,1.5,7.5,21.1,-4.5,33.7,0,0,33.1,1,13222,1,13222,12962,7721,8538,8526,15070,20264,15070,2837,1852,9425,14058,16684,19701,5457,2983,8388,8263,8846,17196,1313,7039,15330,12044,2246,150,11581,1,23:56
2024-25,1631093,Jaden Ivey,Jaden,1610612765,DET,Detroit Pistons,0022400052,2024-12-03T00:00:00,DET vs. MIL,L,29.866666666666667,3.6,12.1,0.3,1.2,3.6,0.333,1.2,2.4,0.5,1.2,2.4,3.6,6.0,2.4,2.4,0.0,0.0,0.0,3.6,9.6,-16.9,27.8,0,0,25.3,1,13222,1,13222,7907,18044,13502,19363,13329,16405,9209,12567,11453,10625,11759,18446,18285,5434,8606,4659,8263,8846,20257,7347,18502,20570,16338,2246,150,17422,1,29:52
2024-25,1630224,Jalen Green,Jalen,1610612745,HOU,Houston Rockets,0022400059,2024-12-03T00:00:00,HOU @ SAC,L,33.72833333333333,9.6,14.9,0.643,5.3,8.5,0.625,5.3,5.3,1.0,1.1,6.4,7.5,3.2,4.3,1.1,0.0,2.1,1.1,4.3,29.9,-18.1,42.6,0,0,48.0,1,13222,1,13222,4515,3716,8696,4607,1914,5514,2868,3607,5411,1,12738,7498,9229,12303,3384,11319,8263,2819,19297,5675,2123,20974,6317,2246,150,3128,1,33:44
2024-25,1628374,Lauri Markkanen,Lauri,1610612762,UTA,Utah Jazz,0022400055,2024-12-03T00:00:00,UTA @ OKC,L,31.283333333333335,4.6,12.7,0.364,1.2,6.9,0.167,4.6,4.6,1.0,1.2,5.8,6.9,2.3,0.0,0.0,0.0,0.0,1.2,5.8,15.0,-24.2,26.7,0,0,25.3,1,13222,1,13222,6630,15486,12468,16861,13644,8655,14236,4679,6651,1,12094,8907,10315,15223,16469,12854,8263,8846,18808,2969,12947,22616,17157,2246,150,17419,1,31:17
2024-25,1627783,Pascal Siakam,Pascal,1610612754,IND,Indiana Pacers,0022400054,2024-12-03T00:00:00,IND @ TOR,L,35.781666666666666,4.0,13.1,0.308,2.0,5.0,0.4,3.0,5.0,0.6,4.0,2.0,6.0,1.0,2.0,3.0,0.0,1.0,6.0,6.0,13.1,-22.1,28.9,0,0,28.2,1,13222,1,13222,2844,17034,11715,19226,10113,13131,7874,7754,5859,10343,3566,19624,12197,19662,10461,3110,8263,7866,2894,2576,15013,22108,15573,2246,150,15315,1,35:47
2024-25,1628384,OG Anunoby,OG,1610612752,NYK,New York Knicks,0022400053,2024-12-03T00:00:00,NYK vs. ORL,W,32.44833333333333,7.8,11.1,0.7,4.4,7.8,0.571,0.0,0.0,0.0,0.0,2.2,2.2,2.2,0.0,0.0,2.2,0.0,4.4,1.1,20.0,23.3,32.6,0,0,33.3,1,1,13086,1,5609,7133,15203,3045,3173,6864,3506,13505,14344,13505,14058,19018,21376,15558,16469,12854,2908,8846,5925,16865,7943,3195,12871,2246,150,11420,1,32:27
2024-25,1629028,Deandre Ayton,Deandre,1610612757,POR,Portland Trail Blazers,0022400060,2024-12-03T00:00:00,POR @ LAC,L,32.821666666666665,8.8,11.0,0.8,0.0,1.1,0.0,0.0,0.0,0.0,0.0,3.3,3.3,2.2,1.1,0.0,1.1,0.0,2.2,1.1,17.5,-29.6,27.0,0,0,25.2,1,13222,1,13222,5316,5131,15412,1688,15070,20748,15070,13505,14344,13505,14058,15822,19016,15650,15149,12854,6808,8846,14128,16924,10272,23675,16963,2246,150,17491,1,32:49
2024-25,1630178,Tyrese Maxey,Tyrese,1610612755,PHI,Philadelphia 76ers,0022400050,2024-12-03T00:00:00,PHI @ CHA,W,36.7,4.9,15.7,0.313,1.0,6.9,0.143,9.8,10.8,0.909,0.0,2.9,2.9,6.9,1.0,2.0,1.0,1.0,1.0,5.9,20.6,4.9,42.3,0,0,37.3,1,1,13086,1,2195,14668,7552,19175,14649,8741,14649,752,1086,6764,14058,16921,19878,4190,15969,6440,7612,8088,19807,2770,7399,10159,6486,2246,150,8525,1,36:42
2024-25,1642259,Alex Sarr,Alex,1610612764,WAS,Washington Wizards,0022400051,2024-12-03T00:00:00,WAS @ CLE,L,27.233333333333334,5.3,13.2,0.4,1.3,5.3,0.25,1.3,2.6,0.5,4.0,7.9,11.9,2.6,5.3,1.3,2.6,0.0,4.0,1.3,13.2,-25.1,38.1,0,0,37.0,1,13222,1,13222,10157,13571,11450,14933,12770,12498,11902,12243,10876,10625,3642,4806,3587,14071,2017,9337,2159,8846,7234,15799,14849,22831,8981,2246,150,8713,1,27:14
2024-25,1626158,Richaun Holmes,Richaun,1610612764,WAS,Washington Wizards,0022400051,2024-12-03T00:00:00,WAS @ CLE,L,12.566666666666666,5.7,11.5,0.5,0.0,0.0,0.0,5.7,5.7,1.0,2.9,5.7,8.6,0.0,5.7,0.0,5.7,0.0,0.0,2.9,17.2,-11.5,39.0,0,0,37.2,1,13222,1,13222,20955,12327,14549,8526,15070,20945,15070,3162,4851,1,5687,8969,7324,19908,1620,12854,355,8846,20257,9711,10645,18511,8437,2246,150,8555,1,12:34
2024-25,1626171,Bobby Portis,Bobby,1610612749,MIL,Milwaukee Bucks,0022400052,2024-12-03T00:00:00,MIL @ DET,W,26.416666666666668,6.8,16.4,0.417,5.5,9.5,0.571,0.0,0.0,0.0,0.0,5.5,5.5,4.1,0.0,1.4,0.0,2.7,2.7,1.4,19.1,-2.7,35.8,0,0,36.8,1,1,13086,1,10803,9396,6612,14532,1787,4051,3506,13505,14344,13505,14058,9671,13670,9687,16469,9124,8263,1704,11933,15609,8778,14418,10480,2246,150,8851,1,26:25
2024-25,202699,Tobias Harris,Tobias,1610612765,DET,Detroit Pistons,0022400052,2024-12-03T00:00:00,DET vs. MIL,L,32.8,5.5,11.0,0.5,2.2,5.5,0.4,4.4,4.4,1.0,2.2,3.3,5.5,3.3,1.1,3.3,1.1,0.0,2.2,2.2,17.6,-24.1,41.2,0,0,37.3,1,13222,1,13222,5326,13017,15398,8526,9256,11980,7874,5008,7046,1,7599,15814,13570,12005,15142,2575,6801,8846,14120,12177,10255,22609,7078,2246,150,8495,1,32:48
2024-25,1630590,Scotty Pippen Jr.,Scotty,1610612763,MEM,Memphis Grizzlies,0022400056,2024-12-03T00:00:00,MEM @ DAL,L,17.363333333333333,4.1,12.4,0.333,2.1,4.1,0.5,0.0,0.0,0.0,2.1,6.2,8.3,8.3,4.1,4.1,0.0,2.1,6.2,8.3,10.4,10.4,41.1,0,0,37.3,1,13222,1,13222,18037,16732,12834,17395,9802,15240,3944,13505,14344,13505,8064,7855,7778,2624,3585,1498,8263,2990,2686,896,17794,7528,7145,2246,150,8490,1,17:22
2024-25,1628420,Monté Morris,Monté,1610612756,PHX,Phoenix Suns,0022400057,2024-12-03T00:00:00,PHX vs. SAS,W,7.916666666666667,4.5,9.1,0.5,0.0,0.0,0.0,0.0,0.0,0.0,0.0,0.0,0.0,18.2,0.0,4.5,0.0,4.5,4.5,0.0,9.1,59.1,50.0,0,0,36.4,1,1,13086,1,22835,15628,18571,8526,15070,20945,15070,13505,14344,13505,14058,22137,23286,133,16469,1192,8263,474,5669,17725,18985,382,3267,2246,150,9115,1,7:55
2024-25,1630170,Devin Vassell,Devin,1610612759,SAS,San Antonio Spurs,0022400057,2024-12-03T00:00:00,SAS @ PHX,L,27.683333333333334,13.0,18.2,0.714,5.2,6.5,0.8,1.3,1.3,1.0,0.0,2.6,2.6,1.3,1.3,2.6,0.0,0.0,3.9,1.3,32.5,-2.6,44.1,0,0,46.8,1,13222,1,13222,9805,1036,4450,2752,2054,9544,1389,12297,13727,1,14058,17945,20638,18655,13794,4140,8263,8846,7442,15903,1412,14359,5626,2246,150,3545,1,27:41
2024-25,201939,Stephen Curry,Stephen,1610612744,GSW,Golden State Warriors,0022400058,2024-12-03T00:00:00,GSW @ DEN,L,34.3,8.4,24.1,0.348,4.2,15.7,0.267,4.2,4.2,1.0,1.0,6.3,7.3,11.5,5.2,0.0,0.0,1.0,0.0,2.1,25.2,5.2,46.1,1,0,48.3,1,13222,1,13222,4009,5810,1025,17377,3571,559,11897,5348,7413,1,12878,7698,9476,829,2062,12854,8263,7493,20257,12615,4132,9981,4715,1,150,3053,1,34:18
2024-25,1642275,Tidjane Salaün,Tidjane,1610612766,CHA,Charlotte Hornets,0022400050,2024-12-03T00:00:00,CHA vs. PHI,L,25.733333333333334,5.6,14.0,0.4,2.8,8.4,0.333,0.0,0.0,0.0,4.2,9.8,14.0,0.0,1.4,2.8,0.0,0.0,2.8,1.4,14.0,-15.4,37.8,1,0,36.4,1,13222,1,13222,11374,12714,10186,14933,7219,5761,9209,13505,14344,13505,3305,2733,2241,19908,13292,3694,8263,8846,11656,15459,13948,20050,9178,1,150,9121,1,25:44
2024-25,1641764,Brandin Podziemski,Brandin,1610612744,GSW,Golden State Warriors,0022400058,2024-12-03T00:00:00,GSW @ DEN,L,24.533333333333335,8.8,16.1,0.545,0.0,4.4,0.0,1.5,1.5,1.0,1.5,4.4,5.9,5.9,2.9,2.9,0.0,0.0,7.3,1.5,19.1,-19.1,40.8,0,0,36.7,1,13222,1,13222,12449,5069,6911,7695,15070,14676,15070,11853,13513,1,10446,12519,12594,5726,6702,3311,8263,8846,1757,15142,8780,21261,7279,2246,150,8929,1,24:32
2024-25,1629026,Kenrich Williams,Kenrich,1610612760,OKC,Oklahoma City Thunder,0022400055,2024-12-03T00:00:00,OKC vs. UTA,W,12.95,5.6,11.1,0.5,2.8,5.6,0.5,0.0,0.0,0.0,11.1,2.8,13.9,2.8,0.0,0.0,0.0,2.8,2.8,2.8,13.9,30.6,34.7,0,0,33.4,1,1,13086,1,20763,12819,15160,8526,7280,11817,3944,13505,14344,13505,301,17463,2279,13647,16469,12854,8263,1624,11728,10035,14044,1886,11249,2246,150,11351,1,12:57
2024-25,1631218,Trayce Jackson-Davis,Trayce,1610612744,GSW,Golden State Warriors,0022400058,2024-12-03T00:00:00,GSW @ DEN,L,21.64,5.0,8.3,0.6,0.0,0.0,0.0,1.7,3.3,0.5,6.7,3.3,10.0,3.3,1.7,1.7,0.0,0.0,0.0,3.3,11.6,8.3,31.9,0,0,28.3,1,13222,1,13222,14813,14411,19771,5394,15070,20945,15070,11481,9245,10625,1301,15712,5449,11894,12079,7751,8263,8846,20257,8170,16526,8477,13367,2246,150,15224,1,21:38
2024-25,1630175,Cole Anthony,Cole,1610612753,ORL,Orlando Magic,0022400053,2024-12-03T00:00:00,ORL @ NYK,L,13.1,8.2,13.7,0.6,2.7,5.5,0.5,8.2,8.2,1.0,0.0,8.2,8.2,8.2,5.5,0.0,0.0,0.0,11.0,5.5,27.5,5.5,44.2,0,0,46.7,1,13222,1,13222,20693,6096,10585,5394,7380,11950,3944,1302,2355,1,14058,4357,7863,2657,1813,12854,8263,8846,541,3343,2988,9848,5545,2246,150,3586,1,13:06
2024-25,1628964,Mo Bamba,Mo,1610612746,LAC,LA Clippers,0022400060,2024-12-03T00:00:00,LAC vs. POR,W,16.56833333333333,2.2,4.3,0.5,2.2,2.2,1.0,0.0,0.0,0.0,2.2,4.3,6.5,0.0,2.2,4.3,6.5,2.2,6.5,0.0,6.5,13.0,44.8,0,0,36.9,1,1,13086,1,18553,21089,23890,8526,9355,19220,1,13505,14344,13505,7682,12668,11138,19908,9626,1343,245,2710,2385,17725,21039,6383,5299,2246,150,8769,1,16:34
2024-25,1641854,Craig Porter Jr.,Craig,1610612739,CLE,Cleveland Cavaliers,0022400051,2024-12-03T00:00:00,CLE vs. WAS,W,5.683333333333334,6.3,6.3,1.0,0.0,0.0,0.0,0.0,0.0,0.0,0.0,0.0,0.0,12.7,0.0,0.0,0.0,0.0,0.0,0.0,12.7,25.3,31.7,0,0,25.3,1,1,13086,1,23709,10602,22285,1,15070,20945,15070,13505,14344,13505,14058,22137,23286,590,16469,12854,8263,8846,20257,17725,15425,2738,13567,2246,150,17403,1,5:41
2024-25,1629640,Keldon Johnson,Keldon,1610612759,SAS,San Antonio Spurs,0022400057,2024-12-03T00:00:00,SAS @ PHX,L,24.45,5.9,14.7,0.4,1.5,5.9,0.25,1.5,1.5,1.0,2.9,7.4,10.3,1.5,0.0,0.0,0.0,0.0,0.0,1.5,14.7,-2.9,29.3,0,0,28.0,1,13222,1,13222,12529,11830,9008,14933,12149,10972,11902,11843,13507,1,5466,5732,5111,18083,16469,12854,8263,8846,20257,15114,13174,14546,15278,2246,150,15436,1,24:27
2024-25,1629673,Jordan Poole,Jordan,1610612764,WAS,Washington Wizards,0022400051,2024-12-03T00:00:00,WAS @ CLE,L,24.166666666666668,6.0,16.4,0.364,1.5,6.0,0.25,6.0,8.9,0.667,0.0,1.5,1.5,6.0,7.4,0.0,0.0,1.5,6.0,4.5,19.4,-37.2,22.6,0,0,28.3,1,13222,1,13222,12748,11634,6564,16861,12082,10790,11902,2909,1904,9425,14058,20894,22579,5574,728,12854,8263,4814,3006,5212,8497,24635,19789,2246,150,15207,1,24:10
2024-25,1627751,Jakob Poeltl,Jakob,1610612761,TOR,Toronto Raptors,0022400054,2024-12-03T00:00:00,TOR vs. IND,W,35.85,7.0,10.0,0.7,0.0,0.0,0.0,3.0,3.0,1.0,1.0,9.0,10.0,4.0,3.0,1.0,2.0,1.0,5.0,2.0,17.1,18.1,41.2,1,0,37.2,1,1,13086,1,2786,8856,16971,3045,15070,20945,15070,7767,9945,1,13226,3476,5384,9890,6420,11918,3462,7882,4562,13044,10785,4536,7065,1,150,8611,1,35:51
2024-25,1641757,Jordan Miller,Jordan,1610612746,LAC,LA Clippers,0022400060,2024-12-03T00:00:00,LAC vs. POR,W,23.705,9.1,13.7,0.667,1.5,1.5,1.0,1.5,1.5,1.0,3.0,3.0,6.1,4.6,1.5,0.0,1.5,0.0,1.5,3.0,21.3,3.0,38.4,0,0,36.4,1,1,13086,1,13148,4513,10716,3281,11971,20250,1,11757,13468,1,5254,16598,12108,8521,12664,12854,4784,8846,17150,9107,6868,11097,8762,2246,150,9076,1,23:42
2024-25,1641783,Tristan da Silva,Tristan,1610612753,ORL,Orlando Magic,0022400053,2024-12-03T00:00:00,ORL @ NYK,L,22.316666666666666,4.8,8.1,0.6,3.2,4.8,0.667,0.0,0.0,0.0,0.0,3.2,3.2,0.0,1.6,0.0,0.0,0.0,0.0,0.0,12.9,-16.1,15.2,0,0,19.4,1,13222,1,13222,14262,14835,20152,5394,5880,13599,1957,13505,14344,13505,14058,15999,19158,19908,12284,12854,8263,8846,20257,17725,15193,20299,23125,2246,150,21226,1,22:19
2024-25,1629650,Moses Brown,Moses,1610612754,IND,Indiana Pacers,0022400054,2024-12-03T00:00:00,IND @ TOR,L,3.1,0.0,0.0,0.0,0.0,0.0,0.0,0.0,0.0,0.0,0.0,0.0,0.0,0.0,11.6,0.0,0.0,0.0,0.0,0.0,0.0,-81.3,-11.6,0,0,0.0,1,13222,1,13222,24942,22635,24836,22635,15070,20945,15070,13505,14344,13505,14058,22137,23286,19908,222,12854,8263,8846,20257,17725,23200,26016,26237,2246,150,25259,1,3:06
2024-25,203932,Aaron Gordon,Aaron,1610612743,DEN,Denver Nuggets,0022400058,2024-12-03T00:00:00,DEN vs. GSW,W,32.9,4.4,6.6,0.667,3.3,4.4,0.75,4.4,6.6,0.667,0.0,9.8,9.8,5.5,2.2,0.0,0.0,1.1,0.0,3.3,16.4,14.2,34.2,0,0,35.0,1,1,13086,1,5243,16132,22046,3281,5724,14742,1542,5030,3814,9425,14058,2691,5604,6486,9554,12854,8263,7094,20257,8299,11486,5924,11615,2246,150,10082,1,32:54
2024-25,1630346,Matt Ryan,Matt,1610612752,NYK,New York Knicks,0022400053,2024-12-03T00:00:00,NYK vs. ORL,W,5.7,0.0,12.6,0.0,0.0,12.6,0.0,0.0,0.0,0.0,0.0,0.0,0.0,0.0,0.0,0.0,0.0,6.3,0.0,0.0,0.0,-82.1,0.0,0,0,0.0,1,1,13086,1,23701,22635,12507,22635,15070,1458,15070,13505,14344,13505,14058,22137,23286,19908,16469,12854,8263,202,20257,17725,23200,26024,25228,2246,150,25259,1,5:42
2024-25,1630579,Jericho Sims,Jericho,1610612752,NYK,New York Knicks,0022400053,2024-12-03T00:00:00,NYK vs. ORL,W,12.283333333333333,2.9,2.9,1.0,0.0,0.0,0.0,5.9,5.9,1.0,0.0,5.9,5.9,2.9,2.9,0.0,0.0,0.0,5.9,2.9,11.7,-29.3,20.2,0,0,20.5,1,1,13086,1,21109,19574,24512,1,15070,20945,15070,3011,4666,1,14058,8638,12608,13158,6714,12854,8263,8846,3126,9488,16423,23630,21050,2246,150,20566,1,12:17
2024-25,1628963,Marvin Bagley III,Marvin,1610612764,WAS,Washington Wizards,0022400051,2024-12-03T00:00:00,WAS @ CLE,L,2.4166666666666665,0.0,0.0,0.0,0.0,0.0,0.0,0.0,0.0,0.0,0.0,0.0,0.0,0.0,14.9,0.0,0.0,0.0,14.9,14.9,0.0,-119.2,-14.9,0,0,0.0,1,13222,1,13222,25259,22635,24836,22635,15070,20945,15070,13505,14344,13505,14058,22137,23286,19908,115,12854,8263,8846,246,105,23200,26225,26258,2246,150,25259,1,2:25
2024-25,1629014,Anfernee Simons,Anfernee,1610612757,POR,Portland Trail Blazers,0022400060,2024-12-03T00:00:00,POR @ LAC,L,30.073333333333334,2.4,13.2,0.182,0.0,7.2,0.0,3.6,4.8,0.75,1.2,1.2,2.4,7.2,3.6,1.2,0.0,0.0,2.4,3.6,8.4,-23.9,22.0,0,0,20.4,1,13222,1,13222,7718,20685,11560,21891,15070,8078,15070,6506,6327,8186,11806,21517,21022,3788,4795,10200,8263,8846,13247,7415,19606,22558,20130,2246,150,20657,1,30:04
2024-25,1631098,Johnny Davis,Johnny,1610612764,WAS,Washington Wizards,0022400051,2024-12-03T00:00:00,WAS @ CLE,L,10.913333333333334,3.3,9.9,0.333,0.0,6.6,0.0,0.0,0.0,0.0,0.0,6.6,6.6,0.0,0.0,0.0,3.3,0.0,0.0,0.0,6.6,-46.2,24.4,0,0,19.8,1,13222,1,13222,21750,18759,17248,17395,15070,9327,15070,13505,14344,13505,14058,7115,10958,19908,16469,12854,1394,8846,20257,17725,20991,25239,18679,2246,150,20988,1,10:55
2024-25,1641709,Ausar Thompson,Ausar,1610612765,DET,Detroit Pistons,0022400052,2024-12-03T00:00:00,DET vs. MIL,L,14.335,10.0,15.1,0.667,0.0,0.0,0.0,0.0,0.0,0.0,5.0,7.5,12.6,2.5,5.0,0.0,2.5,0.0,5.0,0.0,20.1,0.0,41.4,0,0,40.2,1,13222,1,13222,19989,3173,8493,3281,15070,20945,15070,13505,14344,13505,2360,5436,3098,14503,2314,12854,2357,8846,4560,17725,7849,12240,6910,2246,150,6682,1,14:20
2024-25,1630702,Jaden Hardy,Jaden,1610612742,DAL,Dallas Mavericks,0022400056,2024-12-03T00:00:00,DAL vs. MEM,W,3.5766666666666667,0.0,0.0,0.0,0.0,0.0,0.0,0.0,0.0,0.0,0.0,0.0,0.0,0.0,20.1,0.0,0.0,0.0,0.0,0.0,0.0,-10.1,-20.1,0,0,0.0,1,1,13086,1,24683,22635,24836,22635,15070,20945,15070,13505,14344,13505,14058,22137,23286,19908,48,12854,8263,8846,20257,17725,23200,17913,26280,2246,150,25259,1,3:35
2024-25,1631260,AJ Green,AJ,1610612749,MIL,Milwaukee Bucks,0022400052,2024-12-03T00:00:00,MIL @ DET,W,21.683333333333334,6.6,6.6,1.0,5.0,5.0,1.0,0.0,0.0,0.0,0.0,5.0,5.0,0.0,5.0,3.3,0.0,0.0,8.3,0.0,18.3,-3.3,29.2,0,0,34.9,1,1,13086,1,14767,9842,21969,1,2302,13250,1,13505,14344,13505,14058,10933,14846,19908,2362,2527,8263,8846,1230,17725,9561,14722,15342,2246,150,10184,1,21:41
2024-25,1629652,Luguentz Dort,Luguentz,1610612760,OKC,Oklahoma City Thunder,0022400055,2024-12-03T00:00:00,OKC vs. UTA,W,30.101666666666667,2.4,7.2,0.333,1.2,6.0,0.2,0.0,0.0,0.0,1.2,1.2,2.4,1.2,1.2,0.0,0.0,0.0,0.0,2.4,6.0,23.9,9.4,0,0,10.8,1,1,13086,1,7689,20691,21353,17395,13394,10745,13429,13505,14344,13505,11815,21522,21026,19026,14472,12854,8263,8846,20257,11386,21417,3041,24506,2246,150,24277,1,30:06
2024-25,1642266,Ja'Kobe Walter,Ja'Kobe,1610612761,TOR,Toronto Raptors,0022400054,2024-12-03T00:00:00,TOR vs. IND,W,16.716666666666665,2.2,12.9,0.167,0.0,6.5,0.0,0.0,0.0,0.0,0.0,2.2,2.2,0.0,2.2,2.2,0.0,2.2,6.5,4.3,4.3,32.3,11.2,0,0,10.8,1,1,13086,1,18448,21131,11999,21938,15070,9625,15070,13505,14344,13505,14058,19191,21508,19908,9708,5570,8263,2755,2432,5567,22400,1700,24198,2246,150,24274,1,16:43
2024-25,1628467,Maxi Kleber,Maxi,1610612742,DAL,Dallas Mavericks,0022400056,2024-12-03T00:00:00,DAL vs. MEM,W,10.018333333333333,0.0,3.6,0.0,0.0,3.6,0.0,0.0,0.0,0.0,3.6,7.2,10.8,0.0,3.6,0.0,0.0,0.0,0.0,0.0,0.0,-61.1,9.3,0,0,10.8,1,1,13086,1,22098,22635,24272,22635,15070,16456,15070,13505,14344,13505,4221,6028,4620,19908,4793,12854,8263,8846,20257,17725,23200,25714,24516,2246,150,24271,1,10:01
2024-25,1628415,Dillon Brooks,Dillon,1610612745,HOU,Houston Rockets,0022400059,2024-12-03T00:00:00,HOU @ SAC,L,23.821666666666665,4.5,9.1,0.5,3.0,4.5,0.667,0.0,0.0,0.0,0.0,4.5,4.5,0.0,4.5,0.0,0.0,3.0,9.1,1.5,12.1,-25.7,13.0,0,0,19.6,1,13222,1,13222,13058,15668,18620,8526,6428,14351,1957,13505,14344,13505,14058,12167,15962,19908,2947,12854,8263,1311,944,14961,16044,22959,23770,2246,150,21070,1,23:49
2024-25,1642347,Jamal Shead,Jamal,1610612761,TOR,Toronto Raptors,0022400054,2024-12-03T00:00:00,TOR vs. IND,W,9.533333333333333,7.6,7.6,1.0,7.6,7.6,1.0,0.0,0.0,0.0,0.0,3.8,3.8,0.0,3.8,0.0,0.0,0.0,7.6,0.0,22.7,30.2,23.4,0,0,34.0,1,1,13086,1,22273,7634,20851,1,576,7266,1,13505,14344,13505,14058,14398,17880,19908,4376,12854,8263,8846,1596,17725,5731,1940,19305,2246,150,10863,1,9:32
2024-25,1631200,Kris Murray,Kris,1610612757,POR,Portland Trail Blazers,0022400060,2024-12-03T00:00:00,POR @ LAC,L,6.633333333333334,5.4,5.4,1.0,0.0,0.0,0.0,0.0,0.0,0.0,0.0,0.0,0.0,0.0,0.0,0.0,0.0,0.0,0.0,0.0,10.9,10.9,10.9,0,0,10.9,1,13222,1,13222,23319,13198,23146,1,15070,20945,15070,13505,14344,13505,14058,22137,23286,19908,16469,12854,8263,8846,20257,17725,17314,7297,24269,2246,150,24253,1,6:38
2024-25,1629023,P.J. Washington,P.J.,1610612742,DAL,Dallas Mavericks,0022400056,2024-12-03T00:00:00,DAL vs. MEM,W,38.15,5.7,9.4,0.6,3.8,5.7,0.667,1.9,4.7,0.4,0.0,7.5,7.5,6.6,3.8,0.9,1.9,0.0,2.8,3.8,17.0,19.8,40.7,0,0,40.6,1,1,13086,1,1295,12526,18062,5394,4512,11544,1957,11000,6451,13061,14058,5405,9071,4568,4382,12414,3806,8846,11505,6920,10859,4008,7345,2246,150,6458,1,38:09
2024-25,1630574,Ariel Hukporti,Ariel,1610612752,NYK,New York Knicks,0022400053,2024-12-03T00:00:00,NYK vs. ORL,W,2.8833333333333333,0.0,0.0,0.0,0.0,0.0,0.0,0.0,0.0,0.0,0.0,0.0,0.0,0.0,0.0,0.0,0.0,0.0,12.5,12.5,0.0,-74.9,0.0,0,0,0.0,1,1,13086,1,25039,22635,24836,22635,15070,20945,15070,13505,14344,13505,14058,22137,23286,19908,16469,12854,8263,8846,375,176,23200,25952,25228,2246,150,25259,1,2:53
2024-25,1628989,Kevin Huerter,Kevin,1610612758,SAC,Sacramento Kings,0022400059,2024-12-03T00:00:00,SAC vs. HOU,W,25.4,5.7,12.8,0.444,4.3,9.9,0.429,2.8,2.8,1.0,0.0,2.8,2.8,2.8,0.0,1.4,1.4,0.0,4.3,1.4,18.4,4.3,34.6,0,0,34.0,1,1,13086,1,11651,12503,12284,13045,3477,3587,7394,8256,10404,1,14058,17284,20160,13484,16469,8817,5160,8846,6421,15378,9388,10517,11389,2246,150,10833,1,25:24
2024-25,1628392,Isaiah Hartenstein,Isaiah,1610612760,OKC,Oklahoma City Thunder,0022400055,2024-12-03T00:00:00,OKC vs. UTA,W,22.231666666666666,3.2,11.3,0.286,0.0,1.6,0.0,0.0,0.0,0.0,3.2,4.9,8.1,9.7,3.2,3.2,1.6,1.6,4.9,0.0,6.5,22.7,42.1,0,0,34.0,1,1,13086,1,14333,18917,14770,19630,15070,20141,15070,13505,14344,13505,4863,11262,8105,1581,5703,2665,4502,4382,4933,17725,21066,3327,6566,2246,150,10846,1,22:14
2024-25,1642359,Pacôme Dadiet,Pacôme,1610612752,NYK,New York Knicks,0022400053,2024-12-03T00:00:00,NYK vs. ORL,W,2.8833333333333333,0.0,0.0,0.0,0.0,0.0,0.0,0.0,0.0,0.0,0.0,0.0,0.0,12.5,0.0,0.0,0.0,0.0,0.0,0.0,0.0,-74.9,18.7,0,0,12.5,1,1,13086,1,25039,22635,24836,22635,15070,20945,15070,13505,14344,13505,14058,22137,23286,617,16469,12854,8263,8846,20257,17725,23200,25952,21789,2246,150,23872,1,2:53
2024-25,202681,Kyrie Irving,Kyrie,1610612742,DAL,Dallas Mavericks,0022400056,2024-12-03T00:00:00,DAL vs. MEM,W,35.11666666666667,3.1,14.4,0.214,0.0,4.1,0.0,4.1,4.1,1.0,3.1,3.1,6.2,2.1,4.1,1.0,0.0,0.0,4.1,2.1,10.3,-1.0,19.7,0,0,20.5,1,1,13086,1,3373,19260,9607,21369,15070,15344,15070,5522,7627,1,5181,16476,11934,16187,3672,11712,8263,8846,6835,12842,17900,13555,21319,2246,150,20577,1,35:07
2024-25,1630557,Corey Kispert,Corey,1610612764,WAS,Washington Wizards,0022400051,2024-12-03T00:00:00,WAS @ CLE,L,9.033333333333333,4.0,15.9,0.25,0.0,4.0,0.0,8.0,8.0,1.0,0.0,8.0,8.0,8.0,0.0,0.0,4.0,4.0,4.0,4.0,15.9,12.0,49.4,0,0,39.9,1,13222,1,13222,22439,17126,7194,20233,15070,15609,15070,1425,2538,1,14058,4738,8320,2914,16469,12854,925,654,7183,6342,11976,6814,3448,2246,150,6861,1,9:02
2024-25,203926,Doug McDermott,Doug,1610612758,SAC,Sacramento Kings,0022400059,2024-12-03T00:00:00,SAC vs. HOU,W,1.8666666666666667,0.0,0.0,0.0,0.0,0.0,0.0,0.0,0.0,0.0,19.3,0.0,19.3,0.0,0.0,0.0,0.0,0.0,0.0,0.0,0.0,-115.7,23.1,0,0,19.3,1,1,13086,1,25549,22635,24836,22635,15070,20945,15070,13505,14344,13505,63,22137,625,19908,16469,12854,8263,8846,20257,17725,23200,26216,19468,2246,150,21250,1,1:52
2024-25,1630539,Kai Jones,Kai,1610612746,LAC,LA Clippers,0022400060,2024-12-03T00:00:00,LAC vs. POR,W,6.45,0.0,0.0,0.0,0.0,0.0,0.0,0.0,0.0,0.0,0.0,0.0,0.0,0.0,0.0,0.0,0.0,0.0,5.6,5.6,0.0,-11.2,0.0,0,0,0.0,1,1,13086,1,23387,22635,24836,22635,15070,20945,15070,13505,14344,13505,14058,22137,23286,19908,16469,12854,8263,8846,3576,3215,23200,18392,25228,2246,150,25259,1,6:27
2024-25,1642345,Oso Ighodaro,Oso,1610612756,PHX,Phoenix Suns,0022400057,2024-12-03T00:00:00,PHX vs. SAS,W,28.018333333333334,3.9,6.4,0.6,0.0,0.0,0.0,1.3,2.6,0.5,0.0,3.9,3.9,2.6,0.0,2.6,0.0,0.0,1.3,1.3,9.0,-10.3,25.2,0,0,20.6,1,1,13086,1,9534,17436,22179,5394,15070,20945,15070,12342,11050,10625,14058,14169,17695,14309,16469,4204,8263,8846,18099,15974,19091,18013,18151,2246,150,20545,1,28:01
2024-25,1641890,Tyler Smith,Tyler,1610612749,MIL,Milwaukee Bucks,0022400052,2024-12-03T00:00:00,MIL @ DET,W,5.266666666666667,0.0,6.8,0.0,0.0,6.8,0.0,0.0,0.0,0.0,0.0,13.7,13.7,6.8,6.8,0.0,6.8,0.0,0.0,0.0,0.0,6.8,40.3,0,0,34.2,1,1,13086,1,23875,22635,21747,22635,15070,8810,15070,13505,14344,13505,14058,828,2391,4237,967,12854,213,8846,20257,17725,23200,9214,7552,2246,150,10715,1,5:16
2024-25,1642278,Tyler Kolek,Tyler,1610612752,NYK,New York Knicks,0022400053,2024-12-03T00:00:00,NYK vs. ORL,W,2.8833333333333333,0.0,37.5,0.0,0.0,25.0,0.0,0.0,0.0,0.0,0.0,0.0,0.0,0.0,0.0,0.0,0.0,0.0,12.5,0.0,0.0,-74.9,0.0,0,0,0.0,1,1,13086,1,25039,22635,104,22635,15070,112,15070,13505,14344,13505,14058,22137,23286,19908,16469,12854,8263,8846,375,17725,23200,25952,25228,2246,150,25259,1,2:53
2024-25,1628371,Jonathan Isaac,Jonathan,1610612753,ORL,Orlando Magic,0022400053,2024-12-03T00:00:00,ORL @ NYK,L,12.65,5.7,11.4,0.5,0.0,5.7,0.0,0.0,0.0,0.0,2.8,0.0,2.8,0.0,0.0,0.0,2.8,0.0,5.7,0.0,11.4,-34.2,23.3,0,0,19.9,1,13222,1,13222,20920,12443,14692,8526,15070,11472,15070,13505,14344,13505,5744,22137,20128,19908,16469,12854,1884,8846,3402,17725,16811,24325,19350,2246,150,20900,1,12:39
2024-25,1630264,Anthony Gill,Anthony,1610612764,WAS,Washington Wizards,0022400051,2024-12-03T00:00:00,WAS @ CLE,L,18.4,3.9,5.9,0.667,0.0,2.0,0.0,0.0,2.0,0.0,0.0,3.9,3.9,0.0,0.0,0.0,0.0,0.0,2.0,2.0,7.8,-21.5,12.5,0,0,11.7,1,13222,1,13222,17275,17286,22741,3281,15070,19633,15070,13505,12842,13505,14058,13983,17529,19908,16469,12854,8263,8846,15371,13289,20062,21972,23889,2246,150,24050,1,18:24
2024-25,203935,Marcus Smart,Marcus,1610612763,MEM,Memphis Grizzlies,0022400056,2024-12-03T00:00:00,MEM @ DAL,L,25.293333333333333,0.0,10.0,0.0,0.0,5.7,0.0,0.0,0.0,0.0,2.8,0.0,2.8,8.5,2.8,4.3,0.0,1.4,4.3,2.8,0.0,-18.5,26.2,0,0,19.9,1,13222,1,13222,11753,22635,17119,22635,15070,11470,15070,13505,14344,13505,5741,22137,20126,2386,7041,1399,8263,5085,6377,9791,23200,21067,17484,2246,150,20898,1,25:18
2024-25,1630541,Moses Moody,Moses,1610612744,GSW,Golden State Warriors,0022400058,2024-12-03T00:00:00,GSW @ DEN,L,20.698333333333334,7.0,17.4,0.4,3.5,10.4,0.333,5.2,5.2,1.0,0.0,3.5,3.5,1.7,0.0,1.7,0.0,0.0,3.5,5.2,22.6,1.7,34.6,0,0,34.8,1,13222,1,13222,15500,9029,5359,14933,5195,3029,9209,3749,5574,1,14058,15293,18597,17261,16469,7488,8263,8846,8803,3751,5773,11775,11360,2246,150,10241,1,20:42
2024-25,1631204,Marcus Sasser,Marcus,1610612765,DET,Detroit Pistons,0022400052,2024-12-03T00:00:00,DET vs. MIL,L,6.233333333333333,0.0,17.3,0.0,0.0,17.3,0.0,0.0,0.0,0.0,0.0,0.0,0.0,0.0,5.8,0.0,0.0,0.0,0.0,5.8,0.0,17.3,-5.8,0,0,0.0,1,13222,1,13222,23489,22635,5424,22635,15070,385,15070,13505,14344,13505,14058,22137,23286,19908,1582,12854,8263,8846,20257,2932,23200,4797,26181,2246,150,25259,1,6:14
2024-25,1631157,Ryan Rollins,Ryan,1610612749,MIL,Milwaukee Bucks,0022400052,2024-12-03T00:00:00,MIL @ DET,W,2.4166666666666665,0.0,14.9,0.0,0.0,0.0,0.0,0.0,0.0,0.0,0.0,0.0,0.0,0.0,0.0,0.0,0.0,0.0,14.9,0.0,0.0,74.5,0.0,0,0,0.0,1,1,13086,1,25259,22635,8750,22635,15070,20945,15070,13505,14344,13505,14058,22137,23286,19908,16469,12854,8263,8846,246,17725,23200,204,25228,2246,150,25259,1,2:25
2024-25,202691,Klay Thompson,Klay,1610612742,DAL,Dallas Mavericks,0022400056,2024-12-03T00:00:00,DAL vs. MEM,W,20.383333333333333,1.8,8.8,0.2,0.0,5.3,0.0,3.5,3.5,1.0,0.0,3.5,3.5,5.3,3.5,1.8,0.0,0.0,1.8,1.8,7.1,8.8,21.0,0,0,19.4,1,1,13086,1,15731,21806,18969,21401,15070,12468,15070,6638,8825,1,14058,15132,18480,6821,4945,7379,8263,8846,16320,14052,20674,8255,20676,2246,150,21192,1,20:23
2024-25,1642377,Jaylen Wells,Jaylen,1610612763,MEM,Memphis Grizzlies,0022400056,2024-12-03T00:00:00,MEM @ DAL,L,21.868333333333332,6.6,14.8,0.444,3.3,11.5,0.286,0.0,0.0,0.0,3.3,1.6,4.9,3.3,0.0,3.3,0.0,0.0,6.6,6.6,16.5,9.9,37.2,0,0,34.6,1,13222,1,13222,14599,9976,8874,13045,5697,2085,11433,13505,14344,13505,4766,20576,14955,12016,16469,2580,8263,8846,2334,2005,11430,7747,9531,2246,150,10386,1,21:52
2024-25,1641732,Colby Jones,Colby,1610612758,SAC,Sacramento Kings,0022400059,2024-12-03T00:00:00,SAC vs. HOU,W,1.8666666666666667,0.0,19.3,0.0,0.0,0.0,0.0,0.0,0.0,0.0,0.0,0.0,0.0,0.0,0.0,0.0,0.0,0.0,0.0,0.0,0.0,-115.7,0.0,0,0,0.0,1,1,13086,1,25549,22635,3504,22635,15070,20945,15070,13505,14344,13505,14058,22137,23286,19908,16469,12854,8263,8846,20257,17725,23200,26216,25228,2246,150,25259,1,1:52
2024-25,203458,Alex Len,Alex,1610612758,SAC,Sacramento Kings,0022400059,2024-12-03T00:00:00,SAC vs. HOU,W,1.8666666666666667,0.0,19.3,0.0,0.0,0.0,0.0,0.0,0.0,0.0,19.3,0.0,19.3,0.0,0.0,0.0,0.0,0.0,0.0,0.0,0.0,-115.7,23.1,0,0,19.3,1,1,13086,1,25549,22635,3504,22635,15070,20945,15070,13505,14344,13505,63,22137,625,19908,16469,12854,8263,8846,20257,17725,23200,26216,19468,2246,150,21250,1,1:52
2024-25,203484,Kentavious Caldwell-Pope,Kentavious,1610612753,ORL,Orlando Magic,0022400053,2024-12-03T00:00:00,ORL @ NYK,L,26.616666666666667,4.1,9.5,0.429,4.1,9.5,0.429,0.0,0.0,0.0,0.0,4.1,4.1,0.0,2.7,0.0,0.0,0.0,5.4,4.1,12.2,-27.1,14.3,0,0,20.3,1,13222,1,13222,10633,16957,18005,13735,3875,4155,7394,13505,14344,13505,14058,13553,17166,19908,7520,12854,8263,8846,3837,6149,15955,23250,23389,2246,150,20698,1,26:37
2024-25,1628969,Mikal Bridges,Mikal,1610612752,NYK,New York Knicks,0022400053,2024-12-03T00:00:00,NYK vs. ORL,W,35.53333333333333,8.1,13.2,0.615,2.0,6.1,0.333,1.0,1.0,1.0,0.0,2.0,2.0,5.1,2.0,2.0,0.0,0.0,3.0,2.0,19.2,33.4,33.3,0,0,32.4,1,1,13086,1,3044,6397,11530,5246,10031,10495,9209,13202,14198,1,14058,19570,21750,7321,10389,6131,8263,8846,10541,12956,8597,1577,12322,2246,150,12046,1,35:32
2024-25,1641745,Adam Flagler,Adam,1610612760,OKC,Oklahoma City Thunder,0022400055,2024-12-03T00:00:00,OKC vs. UTA,W,4.466666666666667,8.1,32.2,0.25,8.1,32.2,0.25,0.0,0.0,0.0,0.0,0.0,0.0,0.0,0.0,0.0,0.0,0.0,0.0,0.0,24.2,8.1,24.2,0,0,32.2,1,1,13086,1,24251,6507,187,20233,446,46,11902,13505,14344,13505,14058,22137,23286,19908,16469,12854,8263,8846,20257,17725,4689,8609,18827,2246,150,12176,1,4:28
2024-25,1641842,Ronald Holland II,Ronald,1610612765,DET,Detroit Pistons,0022400052,2024-12-03T00:00:00,DET vs. MIL,L,12.371666666666666,2.9,11.6,0.25,0.0,2.9,0.0,0.0,0.0,0.0,0.0,2.9,2.9,5.8,2.9,2.9,2.9,2.9,2.9,0.0,5.8,-2.9,32.6,0,0,26.2,1,13222,1,13222,21063,19633,14244,20233,15070,17845,15070,13505,14344,13505,14058,17045,19967,5815,6801,3384,1813,1452,11150,17725,21510,14518,12888,2246,150,16802,1,12:22
2024-25,1629018,Gary Trent Jr.,Gary,1610612749,MIL,Milwaukee Bucks,0022400052,2024-12-03T00:00:00,MIL @ DET,W,26.783333333333335,8.1,16.1,0.5,4.0,6.7,0.6,1.3,2.7,0.5,0.0,4.0,4.0,2.7,0.0,2.7,0.0,1.3,1.3,2.7,21.5,13.4,38.4,0,0,37.6,1,1,13086,1,10503,6494,6929,8526,3935,9073,2992,12188,10780,10625,14058,13620,17238,13942,16469,3936,8263,5426,17851,10343,6632,6219,8746,2246,150,8263,1,26:47
2024-25,201587,Nicolas Batum,Nicolas,1610612746,LAC,LA Clippers,0022400060,2024-12-03T00:00:00,LAC vs. POR,W,19.716666666666665,0.0,1.8,0.0,0.0,1.8,0.0,0.0,0.0,0.0,1.8,5.5,7.3,5.5,1.8,0.0,1.8,0.0,3.7,0.0,0.0,25.6,20.6,0,0,16.4,1,1,13086,1,16246,22635,24786,22635,15070,19872,15070,13505,14344,13505,9145,9595,9566,6473,11432,12854,3995,8846,8255,17725,23200,2702,20887,2246,150,22534,1,19:43
2024-25,1627750,Jamal Murray,Jamal,1610612743,DEN,Denver Nuggets,0022400058,2024-12-03T00:00:00,DEN vs. GSW,W,34.24,4.2,12.6,0.333,1.1,3.2,0.333,3.2,3.2,1.0,0.0,3.2,3.2,7.4,1.1,1.1,3.2,0.0,3.2,5.3,12.6,4.2,39.0,0,0,32.6,1,1,13086,1,4068,16582,12539,17395,14244,17354,9209,7425,9601,1,14058,16244,19356,3557,15478,11479,1516,8846,10062,3691,15475,10542,8398,2246,150,11943,1,34:14
2024-25,1631109,Mark Williams,Mark,1610612766,CHA,Charlotte Hornets,0022400050,2024-12-03T00:00:00,CHA vs. PHI,L,8.616666666666667,4.2,16.7,0.25,0.0,0.0,0.0,8.4,8.4,1.0,8.4,4.2,12.5,0.0,4.2,0.0,4.2,4.2,4.2,4.2,16.7,-46.0,40.1,0,0,37.6,1,13222,1,13222,22589,16650,6164,20233,15070,20945,15070,1248,2285,1,687,13169,3106,19908,3540,12854,825,590,6612,5883,11155,25224,7690,2246,150,8289,1,8:37
2024-25,1628370,Malik Monk,Malik,1610612758,SAC,Sacramento Kings,0022400059,2024-12-03T00:00:00,SAC vs. HOU,W,34.836666666666666,5.2,10.3,0.5,4.1,8.3,0.5,3.1,3.1,1.0,0.0,2.1,2.1,12.4,0.0,1.0,0.0,0.0,3.1,1.0,17.6,21.7,41.7,1,0,38.2,1,1,13086,1,3586,13908,16502,8526,3713,5979,3944,7548,9725,1,14058,19463,21672,637,16469,11650,8263,8846,10273,17258,10253,3533,6751,1,150,7869,1,34:50
2024-25,203915,Spencer Dinwiddie,Spencer,1610612742,DAL,Dallas Mavericks,0022400056,2024-12-03T00:00:00,DAL vs. MEM,W,24.483333333333334,7.4,14.7,0.5,4.4,7.4,0.6,4.4,5.9,0.75,0.0,1.5,1.5,5.9,2.9,0.0,1.5,0.0,2.9,5.9,23.5,-1.5,35.6,0,0,38.2,1,1,13086,1,12492,8118,9047,8526,3216,7719,2992,4971,4636,8186,14058,20944,22608,5703,6675,12854,4959,8846,10976,2777,5109,13789,10673,2246,150,7877,1,24:29
2024-25,1631133,Jabari Walker,Jabari,1610612757,POR,Portland Trail Blazers,0022400060,2024-12-03T00:00:00,POR @ LAC,L,15.0,7.2,16.8,0.429,0.0,2.4,0.0,0.0,0.0,0.0,4.8,7.2,12.0,2.4,4.8,2.4,2.4,7.2,0.0,0.0,14.4,9.6,42.0,0,0,38.4,1,13222,1,13222,19560,8449,6041,13735,15070,18805,15070,13505,14344,13505,2562,5993,3485,14879,2581,4700,2557,140,20257,17725,13498,7891,6614,2246,150,7766,1,15:00
2024-25,1631117,Walker Kessler,Walker,1610612762,UTA,Utah Jazz,0022400055,2024-12-03T00:00:00,UTA @ OKC,L,35.75,6.0,7.0,0.857,0.0,0.0,0.0,5.0,8.1,0.625,5.0,6.0,11.1,0.0,1.0,0.0,2.0,0.0,2.0,5.0,17.1,-22.2,35.4,1,0,32.2,1,13222,1,13222,2860,11399,21505,1412,15070,20945,15070,3974,2486,10271,2345,8246,4337,19908,15799,12854,3446,8846,15068,4049,10718,22113,10769,1,150,12200,1,35:45
2024-25,1629599,Amir Coffey,Amir,1610612746,LAC,LA Clippers,0022400060,2024-12-03T00:00:00,LAC vs. POR,W,22.916666666666668,11.0,15.7,0.7,7.9,11.0,0.714,0.0,0.0,0.0,0.0,3.1,3.1,4.7,1.6,0.0,0.0,0.0,0.0,0.0,29.8,6.3,39.1,0,0,45.6,1,1,13086,1,13780,2257,7531,3045,497,2489,1861,13505,14344,13505,14058,16299,19396,8156,12457,12854,8263,8846,20257,17725,2138,9477,8323,2246,150,4004,1,22:55
2024-25,1626153,Delon Wright,Delon,1610612749,MIL,Milwaukee Bucks,0022400052,2024-12-03T00:00:00,MIL @ DET,W,15.926666666666666,0.0,4.5,0.0,0.0,2.3,0.0,0.0,0.0,0.0,2.3,6.8,9.0,2.3,0.0,2.3,0.0,0.0,0.0,0.0,0.0,31.6,21.0,0,0,15.8,1,1,13086,1,18984,22635,23793,22635,15070,19065,15070,13505,14344,13505,7382,6735,6672,15392,16469,5180,8263,8846,20257,17725,23200,1771,20675,2246,150,22780,1,15:56
2024-25,1627780,Gary Payton II,Gary,1610612744,GSW,Golden State Warriors,0022400058,2024-12-03T00:00:00,GSW @ DEN,L,14.051666666666666,12.8,15.4,0.833,2.6,5.1,0.5,0.0,0.0,0.0,0.0,2.6,2.6,5.1,0.0,0.0,0.0,0.0,2.6,0.0,28.2,46.1,38.9,0,0,38.4,1,13222,1,13222,20168,1104,8007,1514,7942,12897,3944,13505,14344,13505,14058,18031,20689,7195,16469,12854,8263,8846,12561,17725,2715,661,8450,2246,150,7750,1,14:03
2024-25,1629234,Drew Eubanks,Drew,1610612762,UTA,Utah Jazz,0022400055,2024-12-03T00:00:00,UTA @ OKC,L,12.25,0.0,0.0,0.0,0.0,0.0,0.0,5.9,5.9,1.0,2.9,8.8,11.8,8.8,0.0,0.0,5.9,0.0,0.0,8.8,5.9,-14.7,50.8,0,0,38.2,1,13222,1,13222,21122,22635,24836,22635,15070,20945,15070,2994,4643,1,5482,3703,3710,2171,16469,12854,332,8846,20257,713,21474,19783,3031,2246,150,7895,1,12:15
2024-25,1628976,Wendell Carter Jr.,Wendell,1610612753,ORL,Orlando Magic,0022400053,2024-12-03T00:00:00,ORL @ NYK,L,19.55,1.8,5.5,0.333,0.0,3.7,0.0,0.0,0.0,0.0,3.7,9.2,12.9,5.5,0.0,1.8,0.0,0.0,3.7,0.0,3.7,-40.5,33.0,0,0,25.8,1,13222,1,13222,16379,21679,23070,17395,15070,16258,15070,13505,14344,13505,4067,3303,2880,6378,16469,7072,8263,8846,8155,17725,22698,24881,12618,2246,150,17084,1,19:33
2024-25,1642354,KJ Simpson,KJ,1610612766,CHA,Charlotte Hornets,0022400050,2024-12-03T00:00:00,CHA vs. PHI,L,28.035,2.6,10.3,0.25,0.0,2.6,0.0,5.1,5.1,1.0,3.9,3.9,7.7,11.6,2.6,1.3,0.0,1.3,1.3,5.1,10.3,5.1,38.1,0,0,32.1,1,13222,1,13222,9518,20336,16610,20233,15070,18507,15070,3841,5701,1,3805,14179,8798,825,7990,9554,8263,5733,18103,3872,17884,10036,8935,2246,150,12294,1,28:02
2024-25,1631097,Bennedict Mathurin,Bennedict,1610612754,IND,Indiana Pacers,0022400054,2024-12-03T00:00:00,IND @ TOR,L,36.666666666666664,6.9,15.7,0.438,0.0,2.9,0.0,2.9,2.9,1.0,1.0,2.0,2.9,1.0,2.0,2.0,1.0,1.0,3.9,2.9,16.7,-5.9,28.6,0,0,26.5,1,13222,1,13222,2230,9239,7527,13558,15070,17764,15070,7966,10104,1,13401,19782,19869,19725,10699,6429,7597,8073,7356,9437,11181,16015,15816,2246,150,16537,1,36:40
2024-25,1630540,Miles McBride,Miles,1610612752,NYK,New York Knicks,0022400053,2024-12-03T00:00:00,NYK vs. ORL,W,25.735,7.0,15.4,0.455,7.0,9.8,0.714,4.2,4.2,1.0,1.4,2.8,4.2,5.6,2.8,1.4,0.0,1.4,4.2,2.8,25.2,-2.8,40.0,0,0,44.8,1,1,13086,1,11372,8948,7979,12676,764,3735,1861,5352,7417,1,10759,17406,16821,6263,7228,8911,8263,5183,6566,9971,4141,14452,7755,2246,150,4365,1,25:44
2024-25,1630625,Dalano Banton,Dalano,1610612757,POR,Portland Trail Blazers,0022400060,2024-12-03T00:00:00,POR @ LAC,L,20.833333333333332,8.6,19.0,0.455,0.0,3.5,0.0,6.9,8.6,0.8,3.5,0.0,3.5,5.2,1.7,0.0,0.0,1.7,1.7,5.2,24.2,-6.9,34.4,0,0,32.8,1,13222,1,13222,15405,5360,3754,12676,15070,16743,15070,2064,2097,7681,4445,22137,18646,7066,11813,12854,8263,4077,16435,3793,4684,16479,11522,2246,150,11779,1,20:50
2024-25,1628973,Jalen Brunson,Jalen,1610612752,NYK,New York Knicks,0022400053,2024-12-03T00:00:00,NYK vs. ORL,W,26.516666666666666,10.9,20.4,0.533,1.4,4.1,0.333,5.4,5.4,1.0,1.4,1.4,2.7,5.4,4.1,0.0,0.0,1.4,4.1,6.8,28.5,32.6,35.8,0,0,38.0,1,1,13086,1,10712,2373,2714,8140,12615,15421,9209,3497,5274,1,10947,21170,20412,6567,3736,12854,8263,5367,6932,1835,2592,1672,10479,2246,150,8021,1,26:31
2024-25,1628991,Jaren Jackson Jr.,Jaren,1610612763,MEM,Memphis Grizzlies,0022400056,2024-12-03T00:00:00,MEM @ DAL,L,29.365,6.1,17.2,0.357,2.5,8.6,0.286,4.9,4.9,1.0,0.0,8.6,8.6,2.5,3.7,1.2,1.2,1.2,7.4,2.5,19.6,-13.5,37.3,0,0,38.0,1,13222,1,13222,8339,11143,5617,17140,8316,5448,11433,4187,6110,1,14058,3962,7345,14705,4609,9976,6018,6092,1740,11157,8244,19298,9485,2246,150,8028,1,29:22
2024-25,201942,DeMar DeRozan,DeMar,1610612758,SAC,Sacramento Kings,0022400059,2024-12-03T00:00:00,SAC vs. HOU,W,33.85,6.4,16.0,0.4,0.0,2.1,0.0,4.3,5.3,0.8,0.0,5.3,5.3,5.3,2.1,1.1,1.1,0.0,2.1,6.4,17.0,18.1,35.6,0,0,31.9,1,1,13086,1,4399,10491,7177,14933,15070,19315,15070,5250,5434,7681,14058,9987,13996,6781,9867,11357,7035,8846,14479,2204,10833,4534,10627,2246,150,12451,1,33:51
2024-25,1626167,Myles Turner,Myles,1610612754,IND,Indiana Pacers,0022400054,2024-12-03T00:00:00,IND @ TOR,L,38.46666666666667,4.7,8.4,0.556,3.7,5.6,0.667,1.9,1.9,1.0,0.9,5.6,6.6,1.9,2.8,0.0,2.8,0.0,0.9,2.8,15.0,-5.6,31.3,0,0,32.8,1,13222,1,13222,1124,15288,19607,7248,4588,11672,1957,11041,13056,1,13737,9273,11062,16848,7190,12854,1944,8846,20045,9941,12932,15885,13860,2246,150,11834,1,38:28
2024-25,201142,Kevin Durant,Kevin,1610612756,PHX,Phoenix Suns,0022400057,2024-12-03T00:00:00,PHX vs. SAS,W,16.483333333333334,10.9,17.5,0.625,4.4,4.4,1.0,2.2,4.4,0.5,0.0,8.7,8.7,4.4,6.6,0.0,0.0,0.0,0.0,2.2,28.4,0.0,38.9,0,0,45.9,1,1,13086,1,18608,2331,5275,4899,3286,14765,1,10013,7077,10625,14058,3793,7121,8965,1104,12854,8263,8846,20257,12227,2635,12240,8492,2246,150,3873,1,16:29
2024-25,1629634,Brandon Clarke,Brandon,1610612763,MEM,Memphis Grizzlies,0022400056,2024-12-03T00:00:00,MEM @ DAL,L,21.685,6.6,10.0,0.667,0.0,0.0,0.0,0.0,0.0,0.0,5.0,5.0,10.0,3.3,1.7,0.0,0.0,1.7,1.7,1.7,13.3,-5.0,28.6,0,0,26.6,1,13222,1,13222,14766,9847,17125,3281,15070,20945,15070,13505,14344,13505,2394,10934,5475,11917,12094,12854,8263,4256,16669,14412,14774,15576,15835,2246,150,16491,1,21:41
2024-25,1631111,Wendell Moore Jr.,Wendell,1610612765,DET,Detroit Pistons,0022400052,2024-12-03T00:00:00,DET vs. MIL,L,6.233333333333333,0.0,5.8,0.0,0.0,0.0,0.0,0.0,0.0,0.0,0.0,5.8,5.8,0.0,0.0,5.8,0.0,0.0,0.0,0.0,0.0,17.3,24.3,0,0,17.3,1,13222,1,13222,23489,22635,22835,22635,15070,20945,15070,13505,14344,13505,14058,8843,12821,19908,16469,539,8263,8846,20257,17725,23200,4797,18767,2246,150,22159,1,6:14
2024-25,1629731,Dean Wade,Dean,1610612739,CLE,Cleveland Cavaliers,0022400051,2024-12-03T00:00:00,CLE vs. WAS,W,18.7,0.0,9.6,0.0,0.0,9.6,0.0,0.0,3.9,0.0,0.0,11.6,11.6,1.9,0.0,1.9,0.0,0.0,1.9,3.9,0.0,1.9,22.5,0,0,17.3,1,1,13086,1,17035,22635,17714,22635,15070,3945,15070,13505,8134,13505,14058,1591,3896,16661,16469,6646,8263,8846,15547,6704,23200,11665,19854,2246,150,22158,1,18:42
2024-25,1627832,Fred VanVleet,Fred,1610612745,HOU,Houston Rockets,0022400059,2024-12-03T00:00:00,HOU @ SAC,L,36.55,5.9,16.7,0.353,1.0,9.8,0.1,0.0,0.0,0.0,1.0,1.0,2.0,1.0,1.0,0.0,0.0,0.0,1.0,2.0,12.8,-20.7,15.7,0,0,16.7,1,13222,1,13222,2304,11773,6115,17268,14631,3664,15047,13505,14344,13505,13376,21989,21860,19717,15943,12854,8263,8846,19786,13216,15287,21753,22970,2246,150,22407,1,36:33
2024-25,1628368,De'Aaron Fox,De'Aaron,1610612758,SAC,Sacramento Kings,0022400059,2024-12-03T00:00:00,SAC vs. HOU,W,36.96666666666667,8.8,18.5,0.474,3.9,5.8,0.667,0.0,0.0,0.0,2.9,2.9,5.8,6.8,2.9,2.9,1.0,0.0,2.9,2.9,21.4,16.6,47.4,0,0,45.8,1,1,13086,1,2010,5150,4216,12072,4204,11095,1957,13505,14344,13505,5534,17008,12663,4266,6760,3346,7661,8846,11086,9521,6709,5053,4166,2246,150,3903,1,36:58
2024-25,1628380,Zach Collins,Zach,1610612759,SAS,San Antonio Spurs,0022400057,2024-12-03T00:00:00,SAS @ PHX,L,13.616666666666667,0.0,18.5,0.0,0.0,7.9,0.0,0.0,0.0,0.0,5.3,0.0,5.3,5.3,2.6,2.6,0.0,7.9,2.6,0.0,0.0,10.6,19.6,0,0,15.9,1,13222,1,13222,20410,22635,4208,22635,15070,6571,15070,13505,14344,13505,2106,22137,14076,6851,7721,4033,8263,109,12264,17725,23200,7431,21376,2246,150,22766,1,13:37
2024-25,1642272,Jared McCain,Jared,1610612755,PHI,Philadelphia 76ers,0022400050,2024-12-03T00:00:00,PHI @ CHA,W,21.633333333333333,11.6,16.6,0.7,5.0,6.7,0.75,0.0,0.0,0.0,1.7,0.0,1.7,3.3,3.3,3.3,0.0,0.0,0.0,0.0,28.3,11.6,41.9,0,0,44.9,1,1,13086,1,14814,1763,6254,3045,2282,9199,1542,13505,14344,13505,9703,22137,22348,11885,5425,2505,8263,8846,20257,17725,2674,6949,6652,2246,150,4298,1,21:38
2024-25,1642402,Enrique Freeman,Enrique,1610612754,IND,Indiana Pacers,0022400054,2024-12-03T00:00:00,IND @ TOR,L,3.3016666666666667,0.0,0.0,0.0,0.0,0.0,0.0,0.0,0.0,0.0,0.0,10.9,10.9,0.0,0.0,0.0,10.9,0.0,0.0,0.0,0.0,0.0,45.8,0,0,32.7,1,13222,1,13222,24845,22635,24836,22635,15070,20945,15070,13505,14344,13505,14058,1955,4502,19908,16469,12854,53,8846,20257,17725,23200,12240,4822,2246,150,11870,1,3:18
2024-25,1631212,Peyton Watson,Peyton,1610612743,DEN,Denver Nuggets,0022400058,2024-12-03T00:00:00,DEN vs. GSW,W,17.7,2.0,2.0,1.0,2.0,2.0,1.0,8.1,8.1,1.0,2.0,0.0,2.0,4.1,2.0,0.0,2.0,0.0,2.0,6.1,14.2,-34.6,26.8,0,0,26.4,1,1,13086,1,17779,21339,24752,1,9991,19487,1,1345,2417,1,8235,22137,21736,9751,10335,12854,3386,8846,14948,2501,13686,24367,17056,2246,150,16587,1,17:42
2024-25,1630578,Alperen Sengun,Alperen,1610612745,HOU,Houston Rockets,0022400059,2024-12-03T00:00:00,HOU @ SAC,L,31.8,11.3,22.6,0.5,1.1,2.3,0.5,3.4,4.5,0.75,3.4,5.7,9.1,6.8,2.3,1.1,0.0,0.0,3.4,5.7,27.2,-14.7,49.4,0,0,46.4,1,13222,1,13222,6154,1989,1529,8526,13751,19059,3944,6904,6779,8186,4548,9141,6651,4294,9241,10742,8263,8846,9090,3099,3126,19796,3478,2246,150,3691,1,31:48
2024-25,1630191,Isaiah Stewart,Isaiah,1610612765,DET,Detroit Pistons,0022400052,2024-12-03T00:00:00,DET vs. MIL,L,20.006666666666668,5.4,9.0,0.6,1.8,1.8,1.0,3.6,3.6,1.0,5.4,5.4,10.8,3.6,5.4,0.0,0.0,0.0,10.8,1.8,16.2,-28.8,29.2,0,0,32.4,1,13222,1,13222,16012,13281,18733,5394,11080,19920,1,6491,8690,1,2017,9793,4604,11091,1903,12854,8263,8846,565,13941,11729,23550,15394,2246,150,12071,1,20:00
2024-25,203501,Tim Hardaway Jr.,Tim,1610612765,DET,Detroit Pistons,0022400052,2024-12-03T00:00:00,DET vs. MIL,L,28.676666666666666,6.3,12.6,0.5,2.5,6.3,0.4,3.8,3.8,1.0,0.0,3.8,3.8,1.3,0.0,0.0,0.0,0.0,1.3,3.8,18.8,-15.1,25.2,0,0,26.4,1,13222,1,13222,8955,10775,12652,8526,8113,10030,7874,6154,8336,1,14058,14427,17904,18824,16469,12854,8263,8846,18244,6946,9008,19926,18124,2246,150,16656,1,28:41
2024-25,1642382,Branden Carlson,Branden,1610612760,OKC,Oklahoma City Thunder,0022400055,2024-12-03T00:00:00,OKC vs. UTA,W,7.5,0.0,24.0,0.0,0.0,19.2,0.0,9.6,9.6,1.0,0.0,9.6,9.6,0.0,0.0,4.8,4.8,0.0,4.8,4.8,9.6,9.6,49.9,0,0,38.4,1,1,13086,1,22999,22635,1050,22635,15070,276,15070,807,1547,1,14058,2915,5919,19908,16469,1025,570,8846,5056,4500,18545,7891,3291,2246,150,7766,1,7:30
2024-25,1626220,Royce O'Neale,Royce,1610612756,PHX,Phoenix Suns,0022400057,2024-12-03T00:00:00,PHX vs. SAS,W,29.583333333333332,4.9,14.6,0.333,2.4,11.0,0.222,0.0,0.0,0.0,1.2,6.1,7.3,1.2,1.2,1.2,0.0,0.0,0.0,0.0,12.2,14.6,25.2,0,0,25.6,1,1,13086,1,8157,14752,9198,17395,8359,2538,13288,13505,14344,13505,11678,8134,9572,18963,14313,10037,8263,8846,20257,17725,15958,5780,18149,2246,150,17240,1,29:35
2024-25,203952,Andrew Wiggins,Andrew,1610612744,GSW,Golden State Warriors,0022400058,2024-12-03T00:00:00,GSW @ DEN,L,30.85,3.5,8.2,0.429,2.3,4.7,0.5,5.8,5.8,1.0,1.2,2.3,3.5,4.7,2.3,3.5,0.0,1.2,3.5,3.5,15.2,-23.3,34.5,0,0,32.7,1,13222,1,13222,6992,18326,19990,13735,8728,14043,3944,3046,4710,1,12013,18665,18550,8263,8928,2239,8263,6503,8746,7662,12743,22425,11417,2246,150,11892,1,30:51
2024-25,1642349,Ajay Mitchell,Ajay,1610612760,OKC,Oklahoma City Thunder,0022400055,2024-12-03T00:00:00,OKC vs. UTA,W,16.966666666666665,4.2,6.4,0.667,2.1,4.2,0.5,0.0,0.0,0.0,2.1,2.1,4.2,2.1,2.1,2.1,0.0,0.0,8.5,6.4,10.6,2.1,23.1,0,0,23.3,1,1,13086,1,18274,16475,22251,3281,9584,15019,3944,13505,14344,13505,7878,19299,16698,15922,9893,5691,8263,8846,1139,2224,17547,11558,19481,2246,150,18779,1,16:58
2024-25,1631095,Jabari Smith Jr.,Jabari,1610612745,HOU,Houston Rockets,0022400059,2024-12-03T00:00:00,HOU @ SAC,L,36.333333333333336,2.0,7.9,0.25,2.0,6.9,0.286,0.0,0.0,0.0,2.0,5.0,6.9,1.0,0.0,0.0,1.0,0.0,5.0,2.0,5.9,-17.8,18.7,0,0,17.8,1,13222,1,13222,2452,21440,20378,20233,10242,8599,11433,13505,14344,13505,8469,11014,10268,19703,16469,12854,7534,8846,4710,13156,21434,20880,21791,2246,150,21939,1,36:20
2024-25,203500,Steven Adams,Steven,1610612745,HOU,Houston Rockets,0022400059,2024-12-03T00:00:00,HOU @ SAC,L,10.516666666666667,0.0,3.4,0.0,0.0,0.0,0.0,3.4,6.8,0.5,6.8,13.7,20.5,0.0,3.4,0.0,0.0,3.4,3.4,3.4,3.4,30.8,24.6,0,0,24.0,1,13222,1,13222,21908,22635,24336,22635,15070,20945,15070,6847,3523,10625,1203,825,462,19908,5178,12854,8263,978,8988,7885,22800,1857,18527,2246,150,18356,1,10:31
2024-25,1641716,Jarace Walker,Jarace,1610612754,IND,Indiana Pacers,0022400054,2024-12-03T00:00:00,IND @ TOR,L,25.583333333333332,0.0,7.0,0.0,0.0,1.4,0.0,0.0,0.0,0.0,0.0,2.8,2.8,2.8,4.2,0.0,0.0,1.4,4.2,1.4,0.0,-9.9,3.4,0,0,5.6,1,13222,1,13222,11499,22635,21516,22635,15070,20375,15070,13505,14344,13505,14058,17356,20213,13541,3465,12854,8263,5156,6494,15418,23200,17812,25112,2246,150,25042,1,25:35
2024-25,1641710,Anthony Black,Anthony,1610612753,ORL,Orlando Magic,0022400053,2024-12-03T00:00:00,ORL @ NYK,L,20.316666666666666,5.3,7.1,0.75,0.0,1.8,0.0,0.0,0.0,0.0,0.0,1.8,1.8,5.3,7.1,0.0,0.0,0.0,3.5,1.8,10.6,-5.3,13.6,0,0,17.7,1,13222,1,13222,15769,13498,21455,2107,15070,19960,15070,13505,14344,13505,14058,20312,22202,6785,852,12854,8263,8846,8624,14033,17528,15755,23592,2246,150,21982,1,20:19
2024-25,1641739,Toumani Camara,Toumani,1610612757,POR,Portland Trail Blazers,0022400060,2024-12-03T00:00:00,POR @ LAC,L,28.966666666666665,5.0,8.7,0.571,1.2,3.7,0.333,0.0,0.0,0.0,0.0,5.0,5.0,1.2,0.0,0.0,0.0,1.2,2.5,1.2,11.2,-23.6,19.0,0,0,18.6,1,13222,1,13222,8697,14478,19190,6538,13136,16143,9209,13505,14344,13505,14058,10960,14871,18871,16469,12854,8263,5977,12860,16164,17004,22478,21635,2246,150,21557,1,28:58
2024-25,1626145,Tyus Jones,Tyus,1610612756,PHX,Phoenix Suns,0022400057,2024-12-03T00:00:00,PHX vs. SAS,W,33.45,6.5,10.8,0.6,2.2,4.3,0.5,2.2,2.2,1.0,0.0,0.0,0.0,4.3,0.0,0.0,0.0,0.0,2.2,2.2,17.2,0.0,23.7,0,0,23.7,1,1,13086,1,4768,10295,15762,5394,9441,14903,3944,10119,12245,1,14058,22137,23286,9113,16469,12854,8263,8846,14342,12384,10609,12240,19161,2246,150,18556,1,33:27
2024-25,1630558,Davion Mitchell,Davion,1610612761,TOR,Toronto Raptors,0022400054,2024-12-03T00:00:00,TOR vs. IND,W,26.416666666666668,4.1,12.3,0.333,1.4,5.5,0.25,1.4,2.7,0.5,1.4,2.7,4.1,4.1,1.4,1.4,0.0,2.7,2.7,4.1,10.9,-5.5,24.7,0,0,23.2,1,1,13086,1,10803,16870,13148,17395,12596,12078,11902,12132,10681,10625,10914,17621,17098,9687,13497,9124,8263,1704,11933,6078,17264,15806,18513,2246,150,18880,1,26:25
2024-25,1642264,Stephon Castle,Stephon,1610612759,SAS,San Antonio Spurs,0022400057,2024-12-03T00:00:00,SAS @ PHX,L,34.35,5.2,14.7,0.357,1.0,6.3,0.167,5.2,6.3,0.833,1.0,0.0,1.0,3.1,3.1,1.0,0.0,0.0,2.1,4.2,16.8,5.2,22.7,0,0,24.1,1,13222,1,13222,3964,13695,9094,17140,14266,10008,14236,3723,4146,7275,12892,22137,23164,12500,6006,11514,8263,8846,14629,5867,11106,9989,19721,2246,150,18257,1,34:21
2024-25,1641729,Brice Sensabaugh,Brice,1610612762,UTA,Utah Jazz,0022400055,2024-12-03T00:00:00,UTA @ OKC,L,19.65,3.7,9.2,0.4,1.8,5.5,0.333,1.8,1.8,1.0,0.0,3.7,3.7,1.8,9.2,0.0,0.0,0.0,3.7,1.8,11.0,-23.8,9.0,0,0,18.3,1,13222,1,13222,16300,17933,18468,14933,10945,11950,9209,11169,13145,1,14058,14743,18170,16985,405,12854,8263,8846,8210,13797,17185,22527,24570,2246,150,21704,1,19:39
2024-25,1628379,Luke Kennard,Luke,1610612763,MEM,Memphis Grizzlies,0022400056,2024-12-03T00:00:00,MEM @ DAL,L,6.216666666666667,0.0,5.8,0.0,0.0,5.8,0.0,0.0,0.0,0.0,0.0,5.8,5.8,0.0,0.0,0.0,0.0,0.0,0.0,0.0,0.0,-46.3,6.9,0,0,5.8,1,13222,1,13222,23504,22635,22819,22635,15070,11223,15070,13505,14344,13505,14058,8806,12777,19908,16469,12854,8263,8846,20257,17725,23200,25242,24827,2246,150,25026,1,6:13
2024-25,200768,Kyle Lowry,Kyle,1610612755,PHI,Philadelphia 76ers,0022400050,2024-12-03T00:00:00,PHI @ CHA,W,12.516666666666667,0.0,2.9,0.0,0.0,2.9,0.0,0.0,0.0,0.0,0.0,8.6,8.6,0.0,0.0,0.0,0.0,0.0,8.6,0.0,0.0,-5.8,10.4,0,0,8.6,1,1,13086,1,20981,22635,24531,22635,15070,17904,15070,13505,14344,13505,14058,3904,7263,19908,16469,12854,8263,8846,1088,17725,23200,15946,24358,2246,150,24658,1,12:31
2024-25,1628997,Caleb Martin,Caleb,1610612755,PHI,Philadelphia 76ers,0022400050,2024-12-03T00:00:00,PHI @ CHA,W,24.158333333333335,3.0,13.4,0.222,1.5,6.0,0.25,0.0,0.0,0.0,0.0,6.0,6.0,3.0,0.0,0.0,0.0,0.0,3.0,1.5,7.5,16.4,19.1,0,0,17.9,1,1,13086,1,12757,19474,11137,21205,12080,10784,11902,13505,14344,13505,14058,8424,12385,12999,16469,12854,8263,8846,10812,15042,20366,5113,21597,2246,150,21923,1,24:10
2024-25,1630215,Jared Butler,Jared,1610612764,WAS,Washington Wizards,0022400051,2024-12-03T00:00:00,WAS @ CLE,L,16.7,10.8,19.4,0.556,0.0,4.3,0.0,0.0,0.0,0.0,0.0,0.0,0.0,2.2,0.0,0.0,0.0,0.0,2.2,0.0,21.6,-6.5,24.8,0,0,23.7,1,13222,1,13222,18461,2433,3416,7248,15070,14881,15070,13505,14344,13505,14058,22137,23286,15792,16469,12854,8263,8846,14323,17725,6590,16276,18426,2246,150,18531,1,16:42
2024-25,1641737,Adem Bona,Adem,1610612755,PHI,Philadelphia 76ers,0022400050,2024-12-03T00:00:00,PHI @ CHA,W,13.716666666666667,5.2,5.2,1.0,0.0,0.0,0.0,5.2,5.2,1.0,0.0,2.6,2.6,0.0,5.2,0.0,0.0,0.0,5.2,2.6,15.7,10.5,13.6,0,0,18.4,1,1,13086,1,20351,13665,23291,1,15070,20945,15070,3706,5528,1,14058,17886,20596,19908,2061,12854,8263,8846,4105,10567,12180,7468,23590,2246,150,21679,1,13:43
2024-25,1630182,Josh Green,Josh,1610612766,CHA,Charlotte Hornets,0022400050,2024-12-03T00:00:00,CHA vs. PHI,L,36.03333333333333,0.0,3.0,0.0,0.0,1.0,0.0,0.0,0.0,0.0,1.0,3.0,4.0,2.0,1.0,0.0,0.0,0.0,2.0,1.0,0.0,-1.0,6.8,0,0,6.0,1,13222,1,13222,2659,22635,24492,22635,15070,20865,15070,13505,14344,13505,13257,16747,17327,16380,15852,12854,8263,8846,15154,17400,23200,13540,24837,2246,150,25007,1,36:02
2024-25,1641748,Andre Jackson Jr.,Andre,1610612749,MIL,Milwaukee Bucks,0022400052,2024-12-03T00:00:00,MIL @ DET,W,19.465,5.5,11.1,0.5,3.7,7.4,0.5,0.0,0.0,0.0,0.0,0.0,0.0,1.8,0.0,1.8,0.0,1.8,3.7,0.0,14.8,5.5,23.1,0,0,24.0,1,1,13086,1,16457,12855,15196,8526,4701,7617,3944,13505,14344,13505,14058,22137,23286,16928,16469,7035,8263,3739,8075,17725,13115,9818,19485,2246,150,18296,1,19:28
2024-25,1641712,Rayan Rupert,Rayan,1610612757,POR,Portland Trail Blazers,0022400060,2024-12-03T00:00:00,POR @ LAC,L,13.921666666666667,2.6,7.8,0.333,0.0,2.6,0.0,2.6,5.2,0.5,5.2,0.0,5.2,10.3,0.0,0.0,0.0,2.6,2.6,2.6,7.8,-10.3,29.5,0,0,23.3,1,13222,1,13222,20235,20299,20583,17395,15070,18470,15070,8840,5644,10625,2221,22137,14338,1261,16469,12854,8263,1898,12473,10688,20122,18051,15165,2246,150,18821,1,13:55
2024-25,1631217,Moussa Diabaté,Moussa,1610612766,CHA,Charlotte Hornets,0022400050,2024-12-03T00:00:00,CHA vs. PHI,L,9.621666666666666,0.0,0.0,0.0,0.0,0.0,0.0,0.0,0.0,0.0,3.7,0.0,3.7,0.0,0.0,0.0,0.0,0.0,7.5,0.0,0.0,0.0,4.5,0,0,3.7,1,13222,1,13222,22235,22635,24836,22635,15070,20945,15070,13505,14344,13505,3976,22137,17954,19908,16469,12854,8263,8846,1654,17725,23200,12240,25050,2246,150,25198,1,9:37
2024-25,1641741,Ricky Council IV,Ricky,1610612755,PHI,Philadelphia 76ers,0022400050,2024-12-03T00:00:00,PHI @ CHA,W,10.05,3.6,7.2,0.5,0.0,3.6,0.0,0.0,0.0,0.0,0.0,3.6,3.6,7.2,0.0,0.0,0.0,0.0,3.6,0.0,7.2,-17.9,22.2,0,0,17.9,1,1,13086,1,22090,18120,21364,8526,15070,16481,15070,13505,14344,13505,14058,14981,18364,3812,16469,12854,8263,8846,8485,17725,20588,20910,20024,2246,150,21911,1,10:03
2024-25,203109,Jae Crowder,Jae,1610612758,SAC,Sacramento Kings,0022400059,2024-12-03T00:00:00,SAC vs. HOU,W,11.896666666666667,0.0,0.0,0.0,0.0,0.0,0.0,0.0,0.0,0.0,3.0,0.0,3.0,6.1,0.0,0.0,0.0,0.0,6.1,0.0,0.0,-15.1,12.7,0,0,9.1,1,1,13086,1,21340,22635,24836,22635,15070,20945,15070,13505,14344,13505,5275,22137,19646,5394,16469,12854,8263,8846,2872,17725,23200,19954,23841,2246,150,24590,1,11:54
2024-25,1641724,Jett Howard,Jett,1610612753,ORL,Orlando Magic,0022400053,2024-12-03T00:00:00,ORL @ NYK,L,11.45,0.0,18.9,0.0,0.0,15.7,0.0,0.0,0.0,0.0,6.3,3.1,9.4,3.1,3.1,3.1,0.0,0.0,0.0,0.0,0.0,9.4,22.3,0,0,18.9,1,13222,1,13222,21504,22635,3871,22635,15070,562,15070,13505,14344,13505,1478,16290,6131,12496,6001,2845,8263,8846,20257,17725,23200,7970,19968,2246,150,21445,1,11:27
2024-25,1631222,Jake LaRavia,Jake,1610612763,MEM,Memphis Grizzlies,0022400056,2024-12-03T00:00:00,MEM @ DAL,L,10.616666666666667,3.4,13.6,0.25,0.0,3.4,0.0,6.8,6.8,1.0,6.8,0.0,6.8,3.4,6.8,0.0,0.0,0.0,10.2,3.4,13.6,13.6,20.0,0,0,23.7,1,13222,1,13222,21870,18559,10890,20233,15070,16879,15070,2176,3578,1,1239,22137,10571,11702,988,12854,8263,8846,669,7974,14422,6182,21163,2246,150,18515,1,10:37
2024-25,1642419,Jamison Battle,Jamison,1610612761,TOR,Toronto Raptors,0022400054,2024-12-03T00:00:00,TOR vs. IND,W,13.6,2.6,5.3,0.5,2.6,5.3,0.5,0.0,0.0,0.0,0.0,5.3,5.3,2.6,0.0,0.0,0.0,0.0,2.6,0.0,7.9,0.0,18.3,0,0,18.5,1,1,13086,1,20422,20189,23257,8526,7692,12477,3944,13505,14344,13505,14058,10040,14051,14057,16469,12854,8263,8846,12249,17725,19968,12240,21983,2246,150,21612,1,13:36
2024-25,1630591,Jalen Suggs,Jalen,1610612753,ORL,Orlando Magic,0022400053,2024-12-03T00:00:00,ORL @ NYK,L,39.43333333333333,4.6,14.6,0.313,0.0,7.3,0.0,3.7,3.7,1.0,0.0,2.7,2.7,2.7,0.9,1.8,0.9,0.0,0.9,6.4,12.8,-16.4,27.5,0,0,23.7,1,13222,1,13222,735,15588,9191,19175,15070,7812,15070,6381,8577,1,14058,17584,20377,13800,16310,7129,8033,8846,20110,2189,15310,20421,16598,2246,150,18500,1,39:26
2024-25,203084,Harrison Barnes,Harrison,1610612759,SAS,San Antonio Spurs,0022400057,2024-12-03T00:00:00,SAS @ PHX,L,24.483333333333334,1.5,11.8,0.125,0.0,4.4,0.0,0.0,0.0,0.0,0.0,2.9,2.9,1.5,1.5,0.0,0.0,0.0,2.9,0.0,2.9,-8.8,7.2,0,0,7.4,1,13222,1,13222,12492,22203,14010,22420,15070,14650,15070,13505,14344,13505,14058,16930,19884,18093,12898,12854,8263,8846,10976,17725,22969,17340,24798,2246,150,24857,1,24:29
2024-25,201935,James Harden,James,1610612746,LAC,LA Clippers,0022400060,2024-12-03T00:00:00,LAC vs. POR,W,31.755,6.8,17.0,0.4,3.4,11.3,0.3,9.1,10.2,0.889,0.0,1.1,1.1,7.9,4.5,1.1,0.0,1.1,2.3,4.5,26.1,30.6,38.2,0,0,40.8,1,1,13086,1,6196,9415,5811,14933,5379,2232,11319,981,1291,6857,14058,21673,23033,2962,2944,10731,8263,6761,13792,5062,3646,1883,8890,2246,150,6320,1,31:45
2024-25,1626181,Norman Powell,Norman,1610612746,LAC,LA Clippers,0022400060,2024-12-03T00:00:00,LAC vs. POR,W,25.25,15.7,21.4,0.733,7.1,10.0,0.714,4.3,4.3,1.0,1.4,4.3,5.7,7.1,4.3,0.0,0.0,0.0,2.9,2.9,42.8,28.5,56.0,0,0,62.7,1,1,13086,1,11782,394,2096,2644,719,3501,1861,5201,7250,1,10647,12871,13010,3850,3364,12854,8263,8846,11410,9769,325,2183,1800,2246,150,596,1,25:15
2024-25,1631110,Jeremy Sochan,Jeremy,1610612759,SAS,San Antonio Spurs,0022400057,2024-12-03T00:00:00,SAS @ PHX,L,21.843333333333334,8.2,16.5,0.5,0.0,1.6,0.0,6.6,13.2,0.5,11.5,8.2,19.8,3.3,0.0,1.6,1.6,3.3,1.6,9.9,23.1,-21.4,61.6,1,0,52.7,1,13222,1,13222,14625,6111,6451,8526,15070,20114,15070,2324,567,10625,272,4366,569,11996,16469,7826,4428,1069,16719,436,5437,21946,1007,1,150,1867,1,21:51
2024-25,1628378,Donovan Mitchell,Donovan,1610612739,CLE,Cleveland Cavaliers,0022400051,2024-12-03T00:00:00,CLE vs. WAS,W,27.983333333333334,7.7,19.3,0.4,5.1,10.3,0.5,3.9,3.9,1.0,0.0,6.4,6.4,9.0,1.3,3.9,0.0,2.6,2.6,1.3,24.4,34.7,56.0,0,0,52.7,1,1,13086,1,9556,7229,3496,14933,2114,3162,3944,5961,8112,1,14058,7440,11311,2011,13873,1785,8263,1914,12521,15965,4528,1422,1814,2246,150,1864,1,27:59
2024-25,1626157,Karl-Anthony Towns,Karl-Anthony,1610612752,NYK,New York Knicks,0022400053,2024-12-03T00:00:00,NYK vs. ORL,W,35.71666666666667,8.1,18.1,0.444,2.0,5.0,0.4,5.0,5.0,1.0,2.0,13.1,15.1,0.0,5.0,0.0,2.0,1.0,4.0,3.0,23.2,25.2,42.3,1,0,44.3,1,1,13086,1,2887,6497,4521,13045,10096,13107,7874,3967,5841,1,8315,977,1716,19908,2296,12854,3441,7851,7054,9151,5364,2771,6461,1,150,4531,1,35:43
2024-25,1629029,Luka Dončić,Luka,1610612742,DAL,Dallas Mavericks,0022400056,2024-12-03T00:00:00,DAL vs. MEM,W,40.473333333333336,9.8,19.6,0.5,4.4,8.0,0.556,8.9,14.2,0.625,2.7,8.0,10.7,3.6,2.7,3.6,0.9,0.9,3.6,8.9,32.9,14.2,61.7,1,0,60.5,1,1,13086,1,457,3497,3298,8526,3159,6443,3747,1044,422,10271,6185,4698,4744,11222,7625,2160,8119,8703,8572,694,1343,5918,998,1,150,785,1,40:28
2024-25,1631106,Tari Eason,Tari,1610612745,HOU,Houston Rockets,0022400059,2024-12-03T00:00:00,HOU @ SAC,L,25.066666666666666,7.2,21.5,0.333,1.4,7.2,0.2,7.2,8.6,0.833,8.6,8.6,17.2,1.4,1.4,4.3,0.0,0.0,2.9,4.3,23.0,-2.9,57.3,1,0,51.7,1,13222,1,13222,11944,8507,2011,17395,12310,8084,13429,1885,2112,7275,638,3919,1074,18215,13071,1363,8263,8846,11299,5564,5491,14498,1583,1,150,2106,1,25:04
2024-25,1641871,Duop Reath,Duop,1610612757,POR,Portland Trail Blazers,0022400060,2024-12-03T00:00:00,POR @ LAC,L,6.633333333333334,10.9,16.3,0.667,10.9,16.3,0.667,0.0,0.0,0.0,0.0,0.0,0.0,0.0,0.0,0.0,0.0,0.0,5.4,0.0,32.6,10.9,32.6,0,0,43.4,1,13222,1,13222,23319,2379,6716,3281,164,484,1957,13505,14344,13505,14058,22137,23286,19908,16469,12854,8263,8846,3806,17725,1404,7297,12907,2246,150,4957,1,6:38
2024-25,202684,Tristan Thompson,Tristan,1610612739,CLE,Cleveland Cavaliers,0022400051,2024-12-03T00:00:00,CLE vs. WAS,W,5.683333333333334,19.0,25.3,0.75,0.0,6.3,0.0,0.0,0.0,0.0,6.3,12.7,19.0,6.3,6.3,0.0,0.0,0.0,0.0,0.0,38.0,25.3,64.0,0,0,63.3,1,1,13086,1,23709,173,760,2107,15070,9902,15070,13505,14344,13505,1455,1108,697,4968,1205,12854,8263,8846,20257,17725,611,2738,781,2246,150,559,1,5:41
2024-25,1630194,Paul Reed,Paul,1610612765,DET,Detroit Pistons,0022400052,2024-12-03T00:00:00,DET vs. MIL,L,6.233333333333333,5.8,5.8,1.0,5.8,5.8,1.0,17.3,23.1,0.75,0.0,5.8,5.8,0.0,5.8,5.8,0.0,0.0,0.0,11.6,34.7,17.3,53.1,0,0,57.8,1,13222,1,13222,23489,12181,22835,1,1507,11265,1,112,98,8186,14058,8843,12821,19908,1582,539,8263,8846,20257,231,1016,4797,2409,2246,150,1059,1,6:14
2024-25,1631114,Jalen Williams,Jalen,1610612760,OKC,Oklahoma City Thunder,0022400055,2024-12-03T00:00:00,OKC vs. UTA,W,27.616666666666667,15.6,23.5,0.667,1.3,5.2,0.25,3.9,5.2,0.75,1.3,1.3,2.6,6.5,0.0,3.9,0.0,0.0,1.3,2.6,36.5,19.6,61.1,0,0,54.7,1,1,13086,1,9855,402,1231,3281,12846,12669,11902,5862,5591,8186,11182,21278,20629,4685,16469,1729,8263,8846,18015,10616,754,4090,1056,2246,150,1497,1,27:37
2024-25,203507,Giannis Antetokounmpo,Giannis,1610612749,MIL,Milwaukee Bucks,0022400052,2024-12-03T00:00:00,MIL @ DET,W,27.678333333333335,13.0,14.3,0.909,0.0,0.0,0.0,10.4,15.6,0.667,1.3,7.8,9.1,10.4,7.8,0.0,1.3,0.0,2.6,13.0,36.4,23.4,59.0,0,0,58.5,1,1,13086,1,9819,1034,9673,1292,15070,20945,15070,581,304,9425,11195,5004,6582,1240,630,12854,5644,8846,12425,155,765,3170,1322,2246,150,959,1,27:41
2024-25,1642358,AJ Johnson,AJ,1610612749,MIL,Milwaukee Bucks,0022400052,2024-12-03T00:00:00,MIL @ DET,W,2.4166666666666665,29.8,44.7,0.667,14.9,14.9,1.0,0.0,0.0,0.0,0.0,14.9,14.9,0.0,14.9,0.0,0.0,0.0,0.0,0.0,74.5,74.5,77.5,0,0,104.3,1,1,13086,1,25259,33,50,3281,75,713,1,13505,14344,13505,14058,595,1818,19908,115,12854,8263,8846,20257,17725,46,204,247,2246,150,50,1,2:25
2024-25,1641706,Brandon Miller,Brandon,1610612766,CHA,Charlotte Hornets,0022400050,2024-12-03T00:00:00,CHA vs. PHI,L,36.7,11.8,24.5,0.48,6.9,15.7,0.438,2.9,4.9,0.6,0.0,2.9,2.9,1.0,0.0,0.0,0.0,0.0,2.0,2.9,33.4,-14.7,38.4,0,0,44.1,1,13222,1,13222,2195,1682,927,11962,811,569,7390,7975,6107,10343,14058,16921,19878,19730,16469,12854,8263,8846,15348,9452,1258,19791,8804,2246,150,4621,1,36:42
2024-25,1630598,Aaron Wiggins,Aaron,1610612760,OKC,Oklahoma City Thunder,0022400055,2024-12-03T00:00:00,OKC vs. UTA,W,22.066666666666666,9.8,17.9,0.545,3.3,8.2,0.4,3.3,3.3,1.0,3.3,3.3,6.5,1.6,4.9,4.9,1.6,3.3,3.3,3.3,26.1,24.5,51.1,0,0,50.6,1,1,13086,1,14445,3487,4755,7695,5772,6165,7874,7176,9395,1,4813,15896,11111,17565,2476,965,4475,1093,9599,8370,3627,2933,2973,2246,150,2367,1,22:04
2024-25,1630198,Isaiah Joe,Isaiah,1610612760,OKC,Oklahoma City Thunder,0022400055,2024-12-03T00:00:00,OKC vs. UTA,W,21.783333333333335,11.6,18.2,0.636,8.3,14.9,0.556,0.0,0.0,0.0,0.0,3.3,3.3,6.6,0.0,1.7,0.0,1.7,1.7,1.7,31.4,36.4,50.2,0,0,52.9,1,1,13086,1,14685,1827,4480,4689,404,723,3747,13505,14344,13505,14058,15779,18979,4563,16469,7797,8263,4282,16697,14435,1665,1257,3200,2246,150,1829,1,21:47
2024-25,1629021,Moritz Wagner,Moritz,1610612753,ORL,Orlando Magic,0022400053,2024-12-03T00:00:00,ORL @ NYK,L,28.45,8.9,16.4,0.538,1.3,2.5,0.5,6.3,11.4,0.556,5.1,10.1,15.2,1.3,1.3,2.5,1.3,2.5,3.8,7.6,25.3,8.9,55.6,1,0,50.6,1,13222,1,13222,9165,4959,6486,7978,13007,18571,3944,2562,921,10597,2313,2488,1692,18772,14000,4302,5821,1988,7750,1264,4054,8242,1889,1,150,2363,1,28:27
2024-25,1629628,RJ Barrett,RJ,1610612761,TOR,Toronto Raptors,0022400054,2024-12-03T00:00:00,TOR vs. IND,W,36.88333333333333,8.8,15.6,0.563,2.0,5.9,0.333,8.8,11.7,0.75,1.0,7.8,8.8,4.9,4.9,0.0,0.0,1.0,2.9,6.8,28.3,5.9,41.3,0,0,43.9,1,1,13086,1,2069,5112,7674,7127,10381,11056,9209,1080,826,8186,13452,4996,7054,7733,2490,12854,8263,8135,11046,1792,2669,9681,6996,2246,150,4730,1,36:53
2024-25,1630167,Obi Toppin,Obi,1610612754,IND,Indiana Pacers,0022400054,2024-12-03T00:00:00,IND @ TOR,L,14.416666666666666,15.0,25.0,0.6,5.0,10.0,0.5,2.5,2.5,1.0,5.0,17.5,22.5,2.5,2.5,0.0,2.5,2.5,10.0,2.5,37.5,42.5,73.2,0,0,72.4,1,13222,1,13222,19942,496,833,5394,2278,3490,3944,9054,11214,1,2384,297,308,14552,8254,12854,2381,2047,709,10998,658,811,340,2246,150,269,1,14:25
2024-25,1627752,Taurean Prince,Taurean,1610612749,MIL,Milwaukee Bucks,0022400052,2024-12-03T00:00:00,MIL @ DET,W,23.9,6.0,9.0,0.667,6.0,6.0,1.0,3.0,3.0,1.0,0.0,3.0,3.0,4.5,1.5,1.5,1.5,0.0,1.5,4.5,21.1,27.1,39.0,0,0,40.7,1,1,13086,1,12991,11437,18657,3281,1288,10631,1,7765,9941,1,14058,16669,19691,8604,12717,8382,4820,8846,17187,5093,7016,2409,8394,2246,150,6400,1,23:54
2024-25,1629636,Darius Garland,Darius,1610612739,CLE,Cleveland Cavaliers,0022400051,2024-12-03T00:00:00,CLE vs. WAS,W,16.683333333333334,8.6,15.1,0.571,4.3,10.8,0.4,4.3,4.3,1.0,0.0,0.0,0.0,6.5,4.3,2.2,0.0,0.0,6.5,6.5,25.9,34.5,37.8,0,0,41.0,1,1,13086,1,18477,5375,8412,6538,3359,2685,7874,5124,7175,1,14058,22137,23286,4754,3285,5548,8263,8846,2421,2111,3735,1444,9185,2246,150,6202,1,16:41
2024-25,202331,Paul George,Paul,1610612755,PHI,Philadelphia 76ers,0022400050,2024-12-03T00:00:00,PHI @ CHA,W,37.28333333333333,9.7,15.4,0.625,5.8,8.7,0.667,2.9,2.9,1.0,1.0,1.0,1.9,7.7,1.9,1.9,1.0,1.0,1.9,5.8,28.0,0.0,48.7,0,0,49.2,1,1,13086,1,1807,3653,7894,4899,1484,5286,1957,8102,10244,1,13531,22029,21944,3154,10892,6615,7719,8222,15512,2907,2785,12240,3758,2246,150,2747,1,37:17
2024-25,203999,Nikola Jokić,Nikola,1610612743,DEN,Denver Nuggets,0022400058,2024-12-03T00:00:00,DEN vs. GSW,W,40.03333333333333,12.6,21.6,0.583,2.7,3.6,0.75,6.3,8.1,0.778,1.8,7.2,9.0,5.4,3.6,4.5,0.9,0.9,0.9,4.5,34.2,20.7,65.6,1,0,62.0,1,1,13086,1,553,1206,1997,6296,7549,16447,1542,2600,2452,8092,9245,6011,6757,6644,4787,1226,8088,8664,20150,5155,1094,3763,657,1,150,640,1,40:02
2024-25,1631105,Jalen Duren,Jalen,1610612765,DET,Detroit Pistons,0022400052,2024-12-03T00:00:00,DET vs. MIL,L,19.783333333333335,9.1,10.9,0.833,0.0,0.0,0.0,1.8,1.8,1.0,5.5,5.5,10.9,3.6,5.5,1.8,5.5,1.8,9.1,1.8,20.0,-18.2,55.0,0,0,49.1,1,13222,1,13222,16192,4530,15500,1514,15070,20945,15070,11196,13168,1,1971,9647,4485,10963,1847,7160,404,3836,934,13849,7907,20989,1991,2246,150,2787,1,19:47
2024-25,1629655,Daniel Gafford,Daniel,1610612742,DAL,Dallas Mavericks,0022400056,2024-12-03T00:00:00,DAL vs. MEM,W,15.55,9.3,9.3,1.0,0.0,0.0,0.0,6.9,6.9,1.0,2.3,6.9,9.3,0.0,0.0,2.3,2.3,0.0,2.3,4.6,25.5,-13.9,50.5,0,0,44.0,1,1,13086,1,19219,4272,18322,1,15070,20945,15070,2043,3419,1,7197,6456,6372,19908,16469,4978,2710,8846,13581,4873,3956,19459,3136,2246,150,4694,1,15:33
2024-25,1630241,Sam Merrill,Sam,1610612739,CLE,Cleveland Cavaliers,0022400051,2024-12-03T00:00:00,CLE vs. WAS,W,23.066666666666666,7.8,15.6,0.5,6.2,14.0,0.444,0.0,0.0,0.0,1.6,3.1,4.7,9.4,0.0,3.1,1.6,0.0,4.7,0.0,21.8,25.0,55.6,0,0,51.5,1,1,13086,1,13659,7054,7685,8526,1136,912,7211,13505,14344,13505,10076,16352,15615,1777,16469,2886,4671,8846,5332,17725,6330,2824,1888,2246,150,2142,1,23:04
2024-25,1630567,Scottie Barnes,Scottie,1610612761,TOR,Toronto Raptors,0022400054,2024-12-03T00:00:00,TOR vs. IND,W,36.35,12.9,19.8,0.65,3.0,6.9,0.429,5.9,7.9,0.75,0.0,5.9,5.9,8.9,6.9,1.0,1.0,0.0,3.0,5.0,34.7,17.8,54.2,0,0,56.5,1,1,13086,1,2443,1075,3103,4562,6617,8606,7394,2927,2574,8186,14058,8464,12425,2095,919,12032,7537,8846,10843,4204,1014,4615,2162,2246,150,1239,1,36:21
2024-25,202685,Jonas Valančiūnas,Jonas,1610612764,WAS,Washington Wizards,0022400051,2024-12-03T00:00:00,WAS @ CLE,L,18.916666666666668,9.5,17.1,0.556,0.0,0.0,0.0,5.7,7.6,0.75,7.6,13.3,20.9,0.0,1.9,1.9,1.9,0.0,0.0,3.8,24.7,-24.7,59.4,1,0,53.3,1,13222,1,13222,16893,3861,5668,7248,15070,20945,15070,3176,2804,8186,905,921,426,19908,11022,6746,3752,8846,20257,6832,4348,22751,1267,1,150,1746,1,18:55
2024-25,203486,Mason Plumlee,Mason,1610612756,PHX,Phoenix Suns,0022400057,2024-12-03T00:00:00,PHX vs. SAS,W,19.176666666666666,5.6,7.5,0.75,0.0,0.0,0.0,0.0,0.0,0.0,1.9,9.4,11.3,1.9,0.0,1.9,7.5,1.9,3.8,1.9,11.3,33.8,55.8,0,0,43.2,1,1,13086,1,16700,12610,20913,2107,15070,20945,15070,13505,14344,13505,8911,3124,4185,16827,16469,6873,168,3636,7893,13597,16936,1527,1848,2246,150,5058,1,19:11
2024-25,1630166,Deni Avdija,Deni,1610612757,POR,Portland Trail Blazers,0022400060,2024-12-03T00:00:00,POR @ LAC,L,22.933333333333334,9.4,14.1,0.667,4.7,4.7,1.0,0.0,0.0,0.0,3.1,1.6,4.7,4.7,3.1,1.6,0.0,1.6,4.7,1.6,23.5,-15.7,37.8,0,0,40.8,1,13222,1,13222,13772,3997,9955,3281,2717,13931,1,13505,14344,13505,5062,20738,15536,8168,6023,8107,8263,4527,5256,14726,5096,20153,9140,2246,150,6318,1,22:56
2024-25,1630208,Nick Richards,Nick,1610612766,CHA,Charlotte Hornets,0022400050,2024-12-03T00:00:00,CHA vs. PHI,L,29.516666666666666,7.3,11.0,0.667,0.0,0.0,0.0,12.2,15.9,0.769,4.9,12.2,17.1,2.4,2.4,1.2,1.2,0.0,2.4,8.5,26.8,11.0,55.9,1,0,51.2,1,13222,1,13222,8205,8194,15395,3281,15070,20945,15070,323,289,8170,2477,1275,1109,14740,8495,10019,6056,8846,13036,808,3278,7250,1830,1,150,2221,1,29:31
2024-25,1627734,Domantas Sabonis,Domantas,1610612758,SAC,Sacramento Kings,0022400059,2024-12-03T00:00:00,SAC vs. HOU,W,31.716666666666665,14.8,21.6,0.684,0.0,2.3,0.0,1.1,4.5,0.25,2.3,5.7,7.9,4.5,2.3,0.0,0.0,0.0,4.5,9.1,30.6,9.1,44.7,0,0,43.1,1,1,13086,1,6220,540,2003,3255,15070,19047,15070,12800,6764,13358,7349,9104,8373,8555,9216,12854,8263,8846,5688,625,1873,8135,5321,2246,150,5074,1,31:43
2024-25,1628983,Shai Gilgeous-Alexander,Shai,1610612760,OKC,Oklahoma City Thunder,0022400055,2024-12-03T00:00:00,OKC vs. UTA,W,30.116666666666667,13.1,22.7,0.579,2.4,7.2,0.333,2.4,2.4,1.0,1.2,6.0,7.2,8.4,0.0,3.6,0.0,0.0,4.8,1.2,31.1,23.9,63.0,0,0,56.2,1,1,13086,1,7664,975,1494,6486,8518,8098,9209,9362,11517,1,11818,8388,9807,2544,16469,2109,8263,8846,5106,16428,1760,3049,878,2246,150,1271,1,30:07
2024-25,1628988,Aaron Holiday,Aaron,1610612745,HOU,Houston Rockets,0022400059,2024-12-03T00:00:00,HOU @ SAC,L,5.083333333333333,14.2,14.2,1.0,14.2,14.2,1.0,0.0,0.0,0.0,0.0,14.2,14.2,0.0,0.0,0.0,0.0,0.0,0.0,0.0,42.5,70.8,59.5,0,0,70.8,1,13222,1,13222,23956,656,9888,1,87,879,1,13505,14344,13505,14058,725,2160,19908,16469,12854,8263,8846,20257,17725,337,234,1258,2246,150,301,1,5:05
2024-25,1629630,Ja Morant,Ja,1610612763,MEM,Memphis Grizzlies,0022400056,2024-12-03T00:00:00,MEM @ DAL,L,31.44,12.6,25.2,0.5,3.4,6.9,0.5,6.9,8.0,0.857,0.0,2.3,2.3,4.6,6.9,3.4,0.0,3.4,1.1,8.0,35.5,-9.2,48.5,0,0,52.7,1,13222,1,13222,6463,1199,792,8526,5300,8731,3944,2101,2510,7071,14058,18793,21224,8452,949,2326,8263,970,18841,1012,904,17509,3787,2246,150,1888,1,31:26
2024-25,1626164,Devin Booker,Devin,1610612756,PHX,Phoenix Suns,0022400057,2024-12-03T00:00:00,PHX vs. SAS,W,38.833333333333336,9.3,19.5,0.476,3.7,9.3,0.4,4.6,4.6,1.0,0.0,8.3,8.3,4.6,4.6,1.9,0.9,0.0,4.6,2.8,26.9,11.1,47.6,0,0,49.1,1,1,13086,1,945,4258,3366,12010,4686,4427,7874,4618,6604,1,14058,4225,7703,8339,2798,7008,7973,8846,5453,10034,3257,7180,4123,2246,150,2786,1,38:50
2024-25,1627747,Caris LeVert,Caris,1610612739,CLE,Cleveland Cavaliers,0022400051,2024-12-03T00:00:00,CLE vs. WAS,W,24.333333333333332,4.4,13.3,0.333,1.5,5.9,0.25,4.4,10.4,0.429,0.0,3.0,3.0,4.4,3.0,1.5,0.0,3.0,0.0,10.4,14.8,5.9,26.5,0,0,26.6,1,1,13086,1,12619,15959,11276,17395,12123,10887,11902,4927,1237,13040,14058,16861,19833,8794,6617,8500,8263,1388,20257,352,13117,9652,17304,2246,150,16444,1,24:20
2024-25,1630596,Evan Mobley,Evan,1610612739,CLE,Cleveland Cavaliers,0022400051,2024-12-03T00:00:00,CLE vs. WAS,W,31.033333333333335,7.0,13.9,0.5,1.2,2.3,0.5,7.0,9.3,0.75,1.2,10.4,11.6,2.3,2.3,0.0,2.3,3.5,2.3,5.8,22.0,26.7,44.1,1,0,41.8,1,1,13086,1,6853,9018,10305,8526,13593,18950,3944,2031,1724,8186,12044,2268,3846,15152,8983,12854,2699,930,13556,2899,6183,2487,5628,1,150,5770,1,31:02
2024-25,1626166,Cameron Payne,Cameron,1610612752,NYK,New York Knicks,0022400053,2024-12-03T00:00:00,NYK vs. ORL,W,18.6,3.9,11.6,0.333,1.9,3.9,0.5,3.9,3.9,1.0,0.0,0.0,0.0,5.8,0.0,0.0,0.0,0.0,3.9,1.9,13.5,-5.8,22.3,0,0,21.3,1,1,13086,1,17106,17405,14286,17395,10478,15862,3944,5930,8092,1,14058,22137,23286,5845,16469,12854,8263,8846,7544,13384,14445,15971,20006,2246,150,20104,1,18:36
2024-25,1627741,Buddy Hield,Buddy,1610612744,GSW,Golden State Warriors,0022400058,2024-12-03T00:00:00,GSW @ DEN,L,21.405,3.4,13.5,0.25,3.4,10.1,0.333,0.0,0.0,0.0,0.0,5.0,5.0,0.0,1.7,1.7,0.0,0.0,5.0,0.0,10.1,-10.1,19.5,0,0,21.9,1,13222,1,13222,14989,18613,11077,20233,5481,3393,9209,13505,14344,13505,14058,10744,14690,19908,12001,7681,8263,8846,4516,17725,18064,17921,21401,2246,150,19745,1,21:24
2024-25,1629656,Quentin Grimes,Quentin,1610612742,DAL,Dallas Mavericks,0022400056,2024-12-03T00:00:00,DAL vs. MEM,W,20.233333333333334,3.6,8.9,0.4,1.8,7.1,0.25,5.3,5.3,1.0,0.0,3.6,3.6,1.8,3.6,0.0,0.0,0.0,7.1,3.6,14.2,-5.3,17.6,0,0,21.4,1,1,13086,1,15838,18178,18871,14933,11147,8223,11902,3605,5409,1,14058,15060,18419,17149,4880,12854,8263,8846,1880,7509,13692,15764,22257,2246,150,20073,1,20:14
2024-25,1641733,Nick Smith Jr.,Nick,1610612766,CHA,Charlotte Hornets,0022400050,2024-12-03T00:00:00,CHA vs. PHI,L,11.075,9.8,16.3,0.6,3.3,6.5,0.5,0.0,0.0,0.0,3.3,3.3,6.5,9.8,3.3,0.0,0.0,0.0,0.0,6.5,22.8,13.0,41.9,0,0,42.3,1,13222,1,13222,21679,3534,6747,5394,5809,9546,3944,13505,14344,13505,4840,15932,11176,1565,5659,12854,8263,8846,20257,2085,5659,6397,6654,2246,150,5517,1,11:05
2024-25,1641705,Victor Wembanyama,Victor,1610612759,SAS,San Antonio Spurs,0022400057,2024-12-03T00:00:00,SAS @ PHX,L,34.28333333333333,6.3,18.9,0.333,1.1,9.5,0.111,2.1,2.1,1.0,3.2,10.5,13.7,7.4,4.2,1.1,1.1,0.0,3.2,3.2,15.8,-15.8,45.3,1,0,42.0,1,13222,1,13222,4024,10711,3840,17395,14249,4182,15003,10292,12420,1,5039,2229,2411,3567,3505,11493,7135,8846,10085,8733,12175,20175,5059,1,150,5643,1,34:17
2024-25,1630595,Cade Cunningham,Cade,1610612765,DET,Detroit Pistons,0022400052,2024-12-03T00:00:00,DET vs. MIL,L,33.443333333333335,9.7,17.2,0.563,3.2,6.5,0.5,2.2,6.5,0.333,1.1,4.3,5.4,6.5,4.3,1.1,0.0,2.2,2.2,3.2,24.8,-21.5,39.8,0,0,42.0,1,13222,1,13222,4780,3615,5551,7127,5873,9630,3944,10118,3926,13132,12667,12783,13851,4778,3313,11224,8263,2760,14340,8464,4332,21975,7863,2246,150,5659,1,33:27
2024-25,1631124,Julian Strawther,Julian,1610612743,DEN,Denver Nuggets,0022400058,2024-12-03T00:00:00,DEN vs. GSW,W,19.933333333333334,3.6,12.6,0.286,1.8,7.2,0.25,0.0,0.0,0.0,0.0,1.8,1.8,5.4,1.8,1.8,0.0,0.0,1.8,3.6,9.0,-7.2,22.9,0,0,21.7,1,1,13086,1,16074,18055,12496,19630,11052,7999,11902,13505,14344,13505,14058,20229,22154,6594,11527,7224,8263,8846,16155,7365,19045,16598,19599,2246,150,19855,1,19:56
2024-25,1630532,Franz Wagner,Franz,1610612753,ORL,Orlando Magic,0022400053,2024-12-03T00:00:00,ORL @ NYK,L,38.9,9.3,20.4,0.455,0.9,4.6,0.2,8.3,8.3,1.0,0.0,2.8,2.8,5.6,2.8,2.8,0.0,1.9,0.9,5.6,27.8,-14.8,45.0,0,0,42.6,1,13222,1,13222,915,4282,2716,12676,14885,14146,13429,1266,2306,1,14058,17479,20304,6335,7303,3742,8263,3736,20082,3263,2879,19829,5194,2246,150,5363,1,38:54
2024-25,1631128,Christian Braun,Christian,1610612743,DEN,Denver Nuggets,0022400058,2024-12-03T00:00:00,DEN vs. GSW,W,35.86,3.0,7.0,0.429,0.0,2.0,0.0,5.0,7.0,0.714,0.0,6.0,6.0,2.0,3.0,1.0,0.0,0.0,3.0,4.0,11.0,23.1,21.3,0,0,21.1,1,1,13086,1,2782,19391,21529,13735,15070,19541,15070,4006,3334,9244,14058,8274,12219,16344,6424,11924,8263,8846,10662,6265,17147,3246,20545,2246,150,20234,1,35:52
2024-25,1641726,Dereck Lively II,Dereck,1610612742,DAL,Dallas Mavericks,0022400056,2024-12-03T00:00:00,DAL vs. MEM,W,32.015,7.9,11.2,0.7,0.0,0.0,0.0,3.4,7.9,0.429,6.7,5.6,12.4,3.4,5.6,0.0,3.4,2.2,4.5,4.5,19.1,13.5,43.5,1,0,41.6,1,1,13086,1,5959,6910,14947,3045,15070,20945,15070,6954,2611,13040,1253,9256,3222,11761,1707,12854,1331,2557,5784,5151,8725,6206,5879,1,150,5849,1,32:01
2024-25,1629611,Terance Mann,Terance,1610612746,LAC,LA Clippers,0022400060,2024-12-03T00:00:00,LAC vs. POR,W,13.4,5.4,10.7,0.5,2.7,5.4,0.5,0.0,0.0,0.0,0.0,0.0,0.0,0.0,2.7,0.0,2.7,0.0,0.0,0.0,13.4,-16.1,18.8,0,0,21.5,1,1,13086,1,20538,13333,15790,8526,7577,12269,3944,13505,14344,13505,14058,22137,23286,19908,7568,12854,2099,8846,20257,17725,14588,20290,21757,2246,150,19967,1,13:24
2024-25,1627824,Guerschon Yabusele,Guerschon,1610612755,PHI,Philadelphia 76ers,0022400050,2024-12-03T00:00:00,PHI @ CHA,W,32.56666666666667,3.3,11.1,0.3,0.0,6.6,0.0,1.1,2.2,0.5,5.5,7.7,13.3,4.4,3.3,1.1,1.1,1.1,3.3,1.1,7.7,6.6,33.6,0,0,29.8,1,1,13086,1,5509,18710,15272,19363,15070,9248,15070,12900,12053,10625,1932,5103,2628,8827,5465,10972,6754,6997,9394,16884,20137,9316,12108,2246,150,14065,1,32:34
2024-25,1627826,Ivica Zubac,Ivica,1610612746,LAC,LA Clippers,0022400060,2024-12-03T00:00:00,LAC vs. POR,W,28.37,5.1,10.2,0.5,0.0,0.0,0.0,0.0,2.5,0.0,5.1,7.6,12.7,2.5,1.3,0.0,2.5,2.5,1.3,6.3,10.2,19.0,35.5,0,0,30.5,1,1,13086,1,9241,14159,16820,8526,15070,20945,15070,13505,11110,13505,2301,5300,3006,14413,13976,12854,2307,1975,18180,2245,18005,4252,10708,2246,150,13578,1,28:22
2024-25,1641753,Chris Livingston,Chris,1610612749,MIL,Milwaukee Bucks,0022400052,2024-12-03T00:00:00,MIL @ DET,W,3.55,0.0,0.0,0.0,0.0,0.0,0.0,0.0,0.0,0.0,0.0,0.0,0.0,10.1,10.1,10.1,0.0,0.0,0.0,0.0,0.0,30.4,35.5,0,0,30.4,1,1,13086,1,24689,22635,24836,22635,15070,20945,15070,13505,14344,13505,14058,22137,23286,1365,319,116,8263,8846,20257,17725,23200,1909,10732,2246,150,13602,1,3:33
2024-25,1631323,Simone Fontecchio,Simone,1610612765,DET,Detroit Pistons,0022400052,2024-12-03T00:00:00,DET vs. MIL,L,12.15,5.9,14.8,0.4,3.0,11.9,0.25,0.0,0.0,0.0,3.0,3.0,5.9,0.0,0.0,3.0,3.0,3.0,5.9,0.0,14.8,-35.6,39.7,0,0,35.6,1,13222,1,13222,21171,11725,8876,14933,6641,1866,11902,13505,14344,13505,5431,16844,12462,19908,16469,3240,1743,1383,3042,17725,13102,24470,7954,2246,150,9690,1,12:09
2024-25,1642346,Ryan Dunn,Ryan,1610612756,PHX,Phoenix Suns,0022400057,2024-12-03T00:00:00,PHX vs. SAS,W,12.066666666666666,3.0,9.0,0.333,0.0,3.0,0.0,3.0,6.0,0.5,0.0,11.9,11.9,0.0,0.0,3.0,0.0,0.0,3.0,3.0,9.0,26.9,32.2,0,0,26.9,1,1,13086,1,21199,19465,18794,17395,15070,17697,15070,7857,4515,10625,14058,1397,3550,19908,16469,3196,8263,8846,10798,9320,19131,2455,13158,2246,150,16270,1,12:04
2024-25,203078,Bradley Beal,Bradley,1610612756,PHX,Phoenix Suns,0022400057,2024-12-03T00:00:00,PHX vs. SAS,W,30.833333333333332,3.5,9.3,0.375,1.2,3.5,0.333,3.5,4.7,0.75,0.0,10.5,10.5,4.7,3.5,1.2,0.0,0.0,2.3,4.7,11.7,7.0,31.3,0,0,30.4,1,1,13086,1,7013,18321,18213,16299,13552,16648,9209,6699,6540,8186,14058,2223,4900,8256,5004,10449,8263,8846,13503,4784,16488,9132,13830,2246,150,13669,1,30:50
2024-25,1630583,Santi Aldama,Santi,1610612763,MEM,Memphis Grizzlies,0022400056,2024-12-03T00:00:00,MEM @ DAL,L,28.685,8.8,10.0,0.875,1.3,2.5,0.5,0.0,0.0,0.0,2.5,7.5,10.0,3.8,1.3,2.5,1.3,0.0,1.3,2.5,18.8,0.0,46.6,0,0,41.4,1,13222,1,13222,8937,5111,16979,1353,13072,18606,3944,13505,14344,13505,6587,5441,5388,10611,14071,4358,5880,8846,18248,10960,9010,12240,4507,2246,150,5973,1,28:41
2024-25,1629012,Collin Sexton,Collin,1610612762,UTA,Utah Jazz,0022400055,2024-12-03T00:00:00,UTA @ OKC,L,28.266666666666666,8.9,14.0,0.636,2.5,3.8,0.667,1.3,1.3,1.0,3.8,0.0,3.8,5.1,6.4,1.3,0.0,2.5,0.0,2.5,21.7,-10.2,31.3,0,0,35.7,1,13222,1,13222,9325,4867,10163,4689,7980,15953,1957,12373,13772,1,3854,22137,17777,7260,1192,9623,8263,1957,20257,10811,6505,17969,13804,2246,150,9618,1,28:16
2024-25,1642403,Isaac Jones,Isaac,1610612758,SAC,Sacramento Kings,0022400059,2024-12-03T00:00:00,SAC vs. HOU,W,18.166666666666668,9.9,9.9,1.0,0.0,0.0,0.0,4.0,7.9,0.5,0.0,4.0,4.0,0.0,2.0,0.0,4.0,0.0,4.0,4.0,23.8,-23.8,38.4,0,0,35.7,1,1,13086,1,17460,3317,17220,1,15070,20945,15070,5761,2570,10625,14058,13829,17404,19908,10603,12854,941,8846,7239,6421,4945,22519,8745,2246,150,9610,1,18:10
2024-25,1627739,Kris Dunn,Kris,1610612746,LAC,LA Clippers,0022400060,2024-12-03T00:00:00,LAC vs. POR,W,20.295,5.3,10.6,0.5,1.8,3.5,0.5,0.0,0.0,0.0,1.8,1.8,3.5,5.3,0.0,3.5,0.0,0.0,3.5,0.0,12.4,28.4,35.3,0,0,30.2,1,1,13086,1,15792,13487,15977,8526,11175,16551,3944,13505,14344,13505,9340,20310,18454,6778,16469,2180,8263,8846,8614,17725,15690,2201,10871,2246,150,13833,1,20:18
2024-25,1630534,Ochai Agbaji,Ochai,1610612761,TOR,Toronto Raptors,0022400054,2024-12-03T00:00:00,TOR vs. IND,W,35.9,5.0,7.0,0.714,3.0,3.0,1.0,0.0,0.0,0.0,1.0,2.0,3.0,2.0,1.0,2.0,1.0,1.0,4.0,1.0,13.0,5.0,27.7,0,0,27.1,1,1,13086,1,2753,14347,21535,2752,6477,17622,1,13505,14344,13505,13231,19643,19700,16353,15822,6228,7463,7899,7106,17388,15053,10103,16441,2246,150,16100,1,35:54
2024-25,1630217,Desmond Bane,Desmond,1610612763,MEM,Memphis Grizzlies,0022400056,2024-12-03T00:00:00,MEM @ DAL,L,31.25,9.2,16.1,0.571,2.3,5.8,0.4,1.2,1.2,1.0,1.2,2.3,3.5,3.5,2.3,1.2,1.2,1.2,5.8,0.0,21.9,-1.2,35.8,0,0,35.7,1,13222,1,13222,6660,4335,6931,6538,8832,11296,7874,12744,13958,1,12088,18750,18649,11536,9047,10563,6472,6617,3292,17725,6298,13643,10489,2246,150,9565,1,31:15
2024-25,1630169,Tyrese Haliburton,Tyrese,1610612754,IND,Indiana Pacers,0022400054,2024-12-03T00:00:00,IND @ TOR,L,39.9,9.0,14.4,0.625,3.6,8.1,0.444,5.4,6.3,0.857,0.9,2.7,3.6,5.4,2.7,0.9,0.0,0.0,1.8,3.6,27.1,-2.7,39.5,0,0,41.5,1,13222,1,13222,583,4668,9455,4899,4904,6236,7211,3516,4107,7071,13899,17675,18301,6602,7511,12657,8263,8846,16160,7370,3181,14409,8061,2246,150,5912,1,39:54
2024-25,203937,Kyle Anderson,Kyle,1610612744,GSW,Golden State Warriors,0022400058,2024-12-03T00:00:00,GSW @ DEN,L,19.111666666666668,3.8,7.5,0.5,0.0,0.0,0.0,0.0,0.0,0.0,0.0,11.3,11.3,9.4,0.0,1.9,1.9,0.0,1.9,1.9,7.5,0.0,46.5,0,0,35.8,1,13222,1,13222,16746,17654,20883,8526,15070,20945,15070,13505,14344,13505,14058,1749,4138,1749,16469,6843,3815,8846,15773,13572,20289,12240,4524,2246,150,9521,1,19:07
2024-25,1641794,Dillon Jones,Dillon,1610612760,OKC,Oklahoma City Thunder,0022400055,2024-12-03T00:00:00,OKC vs. UTA,W,15.683333333333334,6.9,11.5,0.6,4.6,6.9,0.667,0.0,0.0,0.0,6.9,2.3,9.2,4.6,2.3,2.3,0.0,2.3,4.6,0.0,18.4,11.5,40.9,0,0,41.3,1,1,13086,1,19141,9200,14516,5394,2911,8697,1957,13505,14344,13505,1186,18775,6468,8434,9094,5055,8263,2439,5563,17725,9451,7020,7249,2246,150,6016,1,15:41
2024-25,1631216,Caleb Houstan,Caleb,1610612753,ORL,Orlando Magic,0022400053,2024-12-03T00:00:00,ORL @ NYK,L,7.216666666666667,5.0,10.0,0.5,5.0,10.0,0.5,0.0,0.0,0.0,0.0,0.0,0.0,0.0,0.0,0.0,5.0,0.0,0.0,0.0,15.0,69.8,29.9,0,0,29.9,1,13222,1,13222,23090,14415,17092,8526,2286,3509,3944,13505,14344,13505,14058,22137,23286,19908,16469,12854,516,8846,20257,17725,12939,244,14848,2246,150,13991,1,7:13
2024-25,1626162,Kelly Oubre Jr.,Kelly,1610612755,PHI,Philadelphia 76ers,0022400050,2024-12-03T00:00:00,PHI @ CHA,W,29.141666666666666,6.2,9.9,0.625,4.9,6.2,0.8,0.0,0.0,0.0,1.2,1.2,2.5,0.0,0.0,1.2,0.0,0.0,6.2,1.2,17.3,-2.5,24.0,0,0,27.2,1,1,13086,1,8554,11030,17281,4899,2352,10246,1389,13505,14344,13505,11570,21431,20862,19908,16469,9906,8263,8846,2730,16206,10535,14295,18977,2246,150,16037,1,29:09
2024-25,1629004,Svi Mykhailiuk,Svi,1610612762,UTA,Utah Jazz,0022400055,2024-12-03T00:00:00,UTA @ OKC,L,12.25,2.9,5.9,0.5,2.9,5.9,0.5,2.9,5.9,0.5,0.0,0.0,0.0,2.9,8.8,5.9,2.9,0.0,8.8,5.9,11.8,-14.7,33.8,0,0,35.3,1,13222,1,13222,21122,19558,22734,8526,6726,11000,3944,7980,4643,10625,14058,22137,23286,13133,448,506,1767,8846,1022,2780,16392,19783,11974,2246,150,9901,1,12:15
2024-25,203552,Seth Curry,Seth,1610612766,CHA,Charlotte Hornets,0022400050,2024-12-03T00:00:00,CHA vs. PHI,L,5.216666666666667,0.0,6.9,0.0,0.0,6.9,0.0,13.8,13.8,1.0,0.0,0.0,0.0,0.0,0.0,0.0,6.9,0.0,0.0,6.9,13.8,-27.6,34.5,0,0,27.6,1,13222,1,13222,23905,22635,21665,22635,15070,8662,15070,214,477,1,14058,22137,23286,19908,16469,12854,212,8846,20257,1728,14152,23355,11447,2246,150,15716,1,5:13
2024-25,1628386,Jarrett Allen,Jarrett,1610612739,CLE,Cleveland Cavaliers,0022400051,2024-12-03T00:00:00,CLE vs. WAS,W,24.783333333333335,7.3,8.7,0.833,0.0,1.5,0.0,1.5,2.9,0.5,1.5,2.9,4.4,1.5,2.9,2.9,0.0,0.0,2.9,1.5,16.0,24.7,29.2,0,0,27.6,1,1,13086,1,12187,8308,19161,1514,15070,20322,15070,11902,10221,10625,10528,17068,16393,18171,6823,3398,8263,8846,11170,15231,11944,2880,15362,2246,150,15720,1,24:47
2024-25,101108,Chris Paul,Chris,1610612759,SAS,San Antonio Spurs,0022400057,2024-12-03T00:00:00,SAS @ PHX,L,31.566666666666666,1.1,10.3,0.111,0.0,5.7,0.0,0.0,0.0,0.0,2.3,6.8,9.1,9.1,2.3,3.4,0.0,0.0,3.4,0.0,2.3,-22.8,34.9,0,0,27.4,1,13222,1,13222,6365,22545,16633,22520,15070,11440,15070,13505,14344,13505,7306,6630,6550,1921,9154,2346,8263,8846,9001,17725,23120,22288,11130,2246,150,15894,1,31:34
2024-25,1627884,Derrick Jones Jr.,Derrick,1610612746,LAC,LA Clippers,0022400060,2024-12-03T00:00:00,LAC vs. POR,W,24.94,8.7,14.4,0.6,1.4,4.3,0.333,2.9,2.9,1.0,1.4,4.3,5.8,1.4,0.0,2.9,0.0,0.0,0.0,1.4,21.7,23.1,39.4,0,0,36.1,1,1,13086,1,12059,5328,9460,5394,12279,14843,9209,8126,10268,1,10567,12714,12830,18198,16469,3446,8263,8846,20257,15265,6504,3244,8124,2246,150,9306,1,24:56
2024-25,1630171,Isaac Okoro,Isaac,1610612739,CLE,Cleveland Cavaliers,0022400051,2024-12-03T00:00:00,CLE vs. WAS,W,30.313333333333333,3.6,9.5,0.375,2.4,5.9,0.4,1.2,1.2,1.0,2.4,3.6,5.9,3.6,1.2,1.2,1.2,0.0,2.4,2.4,10.7,26.1,29.1,0,0,27.3,1,1,13086,1,7488,18169,17950,16299,8571,10846,7874,12638,13909,1,7006,15047,12435,11202,14537,10290,6261,8846,13330,11448,17485,2599,15418,2246,150,15938,1,30:19
2024-25,1631099,Keegan Murray,Keegan,1610612758,SAC,Sacramento Kings,0022400059,2024-12-03T00:00:00,SAC vs. HOU,W,39.7,4.5,10.0,0.455,2.7,4.5,0.6,0.0,0.0,0.0,1.8,4.5,6.3,0.9,0.9,0.0,2.7,0.9,0.9,0.9,11.8,18.1,28.0,0,0,27.2,1,1,13086,1,654,15667,17097,12676,7481,14350,2992,13505,14344,13505,9193,12166,11509,19860,16334,12854,2048,8623,20133,17650,16353,4511,16217,2246,150,16020,1,39:42
2024-25,1628366,Lonzo Ball,Lonzo,1610612741,CHI,Chicago Bulls,0022400317,2024-12-02T00:00:00,CHI vs. BKN,W,13.35,5.4,13.5,0.4,2.7,10.8,0.25,0.0,0.0,0.0,0.0,8.1,8.1,5.4,0.0,2.7,0.0,0.0,0.0,0.0,13.5,21.6,39.4,0,0,35.1,1,1,13086,1,20566,13297,11028,14933,7551,2688,11902,13505,14344,13505,14058,4575,8113,6647,16469,3917,8263,8846,20257,17725,14524,3562,8156,2246,150,10056,1,13:21
2024-25,1629675,Naz Reid,Naz,1610612750,MIN,Minnesota Timberwolves,0022400318,2024-12-02T00:00:00,MIN vs. LAL,W,27.6,7.8,14.3,0.545,2.6,6.5,0.4,1.3,1.3,1.0,0.0,2.6,2.6,2.6,0.0,2.6,1.3,0.0,3.9,1.3,19.6,28.7,38.3,0,0,35.2,1,1,13086,1,9868,7018,9623,7695,7794,9501,7874,12288,13720,1,14058,17927,20623,14185,16469,4120,5626,8846,7402,15890,8292,2150,8810,2246,150,9933,1,27:36
2024-25,1629639,Tyler Herro,Tyler,1610612748,MIA,Miami Heat,0022400316,2024-12-02T00:00:00,MIA @ BOS,L,35.03,6.2,19.5,0.316,2.1,10.3,0.2,5.1,6.2,0.833,0.0,5.1,5.1,4.1,2.1,0.0,0.0,1.0,2.1,3.1,19.5,-17.5,29.8,0,0,30.8,1,13222,1,13222,3445,11057,3327,19148,9896,3182,13429,3834,4267,7275,14058,10455,14425,9638,10237,12854,8263,7686,14841,8952,8340,20774,14938,2246,150,13308,1,35:02
2024-25,203991,Clint Capela,Clint,1610612737,ATL,Atlanta Hawks,0022400315,2024-12-02T00:00:00,ATL vs. NOP,W,28.766666666666666,5.0,7.5,0.667,0.0,0.0,0.0,1.3,1.3,1.0,6.3,15.0,21.3,2.5,1.3,2.5,1.3,1.3,1.3,3.8,11.3,10.0,50.6,0,0,42.5,1,1,13086,1,8867,14375,20914,3281,15070,20945,15070,12447,13813,1,1502,567,390,14537,14090,4378,5891,5924,18269,6973,16937,7691,3113,2246,150,5378,1,28:46
2024-25,1630162,Anthony Edwards,Anthony,1610612750,MIN,Minnesota Timberwolves,0022400318,2024-12-02T00:00:00,MIN vs. LAL,W,26.95,4.0,17.4,0.231,1.3,6.7,0.2,1.3,2.7,0.5,0.0,9.4,9.4,4.0,4.0,2.7,0.0,1.3,1.3,2.7,10.7,1.3,31.9,0,0,30.7,1,1,13086,1,10372,17077,5387,21157,12711,9143,13429,12211,10806,10625,14058,3158,6257,9920,3872,3967,8263,5469,17885,10402,17488,11936,13382,2246,150,13381,1,26:57
2024-25,1641721,Maxwell Lewis,Maxwell,1610612747,LAL,Los Angeles Lakers,0022400318,2024-12-02T00:00:00,LAL @ MIN,L,7.683333333333334,9.4,14.1,0.667,0.0,0.0,0.0,0.0,0.0,0.0,4.7,0.0,4.7,9.4,4.7,4.7,0.0,0.0,0.0,0.0,18.7,-18.7,47.8,0,0,42.2,1,13222,1,13222,22925,4079,10081,3281,15070,20945,15070,13505,14344,13505,2686,22137,15604,1772,2735,1095,8263,8846,20257,17725,9089,21156,4050,2246,150,5563,1,7:41
2024-25,1641796,Pelle Larsson,Pelle,1610612748,MIA,Miami Heat,0022400316,2024-12-02T00:00:00,MIA @ BOS,L,12.098333333333333,6.0,6.0,1.0,3.0,3.0,1.0,0.0,0.0,0.0,3.0,11.9,14.9,3.0,0.0,0.0,0.0,0.0,6.0,3.0,14.9,-17.9,37.2,0,0,35.7,1,13222,1,13222,21193,11650,22654,1,6607,17711,1,13505,14344,13505,5404,1411,1829,13012,16469,12854,8263,8846,3009,9345,13039,20889,9535,2246,150,9569,1,12:06
2024-25,1630168,Onyeka Okongwu,Onyeka,1610612737,ATL,Atlanta Hawks,0022400315,2024-12-02T00:00:00,ATL vs. NOP,W,19.233333333333334,7.5,9.4,0.8,0.0,0.0,0.0,7.5,9.4,0.8,1.9,5.6,7.5,1.9,1.9,1.9,0.0,1.9,0.0,5.6,22.5,7.5,38.0,0,0,35.6,1,1,13086,1,16641,7792,18184,1688,15070,20945,15070,1675,1681,7681,8940,9273,9192,16848,11206,6910,8263,3657,20257,3170,5876,8883,9030,2246,150,9685,1,19:14
2024-25,1630526,Jeremiah Robinson-Earl,Jeremiah,1610612740,NOP,New Orleans Pelicans,0022400315,2024-12-02T00:00:00,NOP @ ATL,L,21.541666666666668,5.0,10.0,0.5,1.7,3.3,0.5,0.0,0.0,0.0,1.7,3.3,5.0,1.7,1.7,3.3,0.0,0.0,0.0,0.0,11.7,-11.7,28.6,0,0,26.7,1,13222,1,13222,14909,14349,17004,8526,11478,16977,3944,13505,14344,13505,9671,15661,14761,17440,12038,2481,8263,8846,20257,17725,16455,18617,15813,2246,150,16366,1,21:33
2024-25,1629631,De'Andre Hunter,De'Andre,1610612737,ATL,Atlanta Hawks,0022400315,2024-12-02T00:00:00,ATL vs. NOP,W,28.666666666666668,10.0,17.6,0.571,5.0,8.8,0.571,2.5,2.5,1.0,1.3,1.3,2.5,0.0,1.3,0.0,0.0,1.3,3.8,2.5,27.6,11.3,29.4,0,0,35.2,1,1,13086,1,8958,3168,5155,6538,2242,5126,3506,9012,11178,1,11451,21382,20784,19908,14065,12854,8263,5902,7848,10947,2920,7096,15225,2246,150,9979,1,28:40
2024-25,1630549,Day'Ron Sharpe,Day'Ron,1610612751,BKN,Brooklyn Nets,0022400317,2024-12-02T00:00:00,BKN @ CHI,L,16.083333333333332,0.0,4.5,0.0,0.0,0.0,0.0,9.0,9.0,1.0,2.2,2.2,4.5,4.5,2.2,2.2,2.2,0.0,2.2,4.5,9.0,-26.9,32.2,0,0,26.9,1,13222,1,13222,18872,22635,23819,22635,15070,20945,15070,1019,1897,1,7461,18955,16103,8712,9353,5250,2865,8846,13932,5195,19130,23219,13143,2246,150,16262,1,16:05
2024-25,1630245,Ayo Dosunmu,Ayo,1610612741,CHI,Chicago Bulls,0022400317,2024-12-02T00:00:00,CHI vs. BKN,W,29.683333333333334,8.5,15.8,0.538,1.2,6.1,0.2,1.2,1.2,1.0,1.2,1.2,2.4,7.3,1.2,1.2,1.2,1.2,1.2,3.6,19.4,29.1,39.3,0,0,35.2,1,1,13086,1,8057,5631,7448,7978,13299,10531,13429,12547,13866,1,11705,21480,20949,3649,14341,10066,6094,6167,18459,7289,8466,2092,8199,2246,150,9973,1,29:41
2024-25,1631248,Baylor Scheierman,Baylor,1610612738,BOS,Boston Celtics,0022400316,2024-12-02T00:00:00,BOS vs. MIA,W,10.933333333333334,0.0,9.9,0.0,0.0,6.6,0.0,0.0,0.0,0.0,0.0,3.3,3.3,3.3,0.0,3.3,0.0,0.0,3.3,0.0,0.0,13.2,18.8,0,0,13.2,1,1,13086,1,21736,22635,17287,22635,15070,9348,15070,13505,14344,13505,14058,15817,19009,12009,16469,2576,8263,8846,9481,17725,23200,6313,21770,2246,150,23659,1,10:56
2024-25,1642258,Zaccharie Risacher,Zaccharie,1610612737,ATL,Atlanta Hawks,0022400315,2024-12-02T00:00:00,ATL vs. NOP,W,24.4,7.4,16.2,0.455,1.5,7.4,0.2,3.0,5.9,0.5,0.0,1.5,1.5,1.5,1.5,1.5,1.5,0.0,3.0,3.0,19.2,10.3,30.5,0,0,29.5,1,1,13086,1,12564,8064,6792,12676,12140,7668,13429,7950,4605,10625,14058,20928,22600,18072,12874,8513,4945,8846,10934,9418,8670,7549,14400,2246,150,14317,1,24:24
2024-25,1631213,Tyrese Martin,Tyrese,1610612751,BKN,Brooklyn Nets,0022400317,2024-12-02T00:00:00,BKN @ CHI,L,33.166666666666664,5.4,13.0,0.417,3.3,8.7,0.375,2.2,2.2,1.0,2.2,3.3,5.4,2.2,0.0,2.2,0.0,0.0,3.3,1.1,16.3,-34.7,32.6,0,0,31.5,1,13222,1,13222,5013,13193,11811,14532,5793,5294,8800,10048,12176,1,7684,15917,13736,15722,16469,5508,8263,8846,9629,16974,11627,24382,12905,2246,150,12792,1,33:10
2024-25,1641763,Julian Phillips,Julian,1610612741,CHI,Chicago Bulls,0022400317,2024-12-02T00:00:00,CHI vs. BKN,W,26.2,2.7,9.6,0.286,0.0,5.5,0.0,1.4,2.7,0.5,2.7,4.1,6.9,2.7,0.0,1.4,1.4,1.4,1.4,2.7,6.9,12.4,27.5,0,0,22.0,1,1,13086,1,11004,19977,17727,19630,15070,11950,15070,12088,10610,10625,5979,13345,10382,13753,16469,9042,5336,5284,17722,10152,20807,6649,16597,2246,150,19687,1,26:12
2024-25,1629638,Nickeil Alexander-Walker,Nickeil,1610612750,MIN,Minnesota Timberwolves,0022400318,2024-12-02T00:00:00,MIN vs. LAL,W,25.866666666666667,8.4,15.3,0.545,2.8,8.4,0.333,1.4,2.8,0.5,0.0,0.0,0.0,5.6,1.4,0.0,0.0,0.0,2.8,2.8,20.9,19.5,27.8,0,0,29.2,1,1,13086,1,11270,5883,8101,7695,7264,5826,9209,12034,10524,10625,14058,22137,23286,6308,13322,12854,8263,8846,11712,10021,7182,4112,16343,2246,150,14531,1,25:52
2024-25,1630604,E.J. Liddell,E.J.,1610612741,CHI,Chicago Bulls,0022400317,2024-12-02T00:00:00,CHI vs. BKN,W,4.433333333333334,0.0,0.0,0.0,0.0,0.0,0.0,16.2,16.2,1.0,0.0,8.1,8.1,0.0,8.1,0.0,0.0,0.0,0.0,8.1,16.2,16.2,17.9,0,0,24.4,1,1,13086,1,24272,22635,24836,22635,15070,20945,15070,135,258,1,14058,4530,8052,19908,563,12854,8263,8846,20257,954,11667,5160,22158,2246,150,18104,1,4:26
2024-25,1630700,Dyson Daniels,Dyson,1610612737,ATL,Atlanta Hawks,0022400315,2024-12-02T00:00:00,ATL vs. NOP,W,34.666666666666664,8.3,16.6,0.5,1.0,5.2,0.2,2.1,2.1,1.0,2.1,4.2,6.2,2.1,2.1,4.2,1.0,1.0,1.0,2.1,19.7,18.7,43.8,0,0,39.5,1,1,13086,1,3721,5969,6279,8526,14316,12716,13429,10370,12491,1,8047,13257,11754,16088,10114,1493,7202,7589,19480,12725,8138,4344,5753,2246,150,7094,1,34:40
2024-25,1629027,Trae Young,Trae,1610612737,ATL,Atlanta Hawks,0022400315,2024-12-02T00:00:00,ATL vs. NOP,W,35.833333333333336,5.0,16.1,0.313,2.0,9.0,0.222,0.0,0.0,0.0,1.0,7.0,8.0,15.1,5.0,1.0,0.0,1.0,3.0,2.0,12.1,20.1,42.3,1,0,39.2,1,1,13086,1,2802,14310,7014,19175,10124,4754,13288,13505,14344,13505,13224,6307,8204,287,2312,11915,8263,7880,10650,13040,16089,3921,6473,1,150,7286,1,35:50
2024-25,1631108,Max Christie,Max,1610612747,LAL,Los Angeles Lakers,0022400318,2024-12-02T00:00:00,LAL @ MIN,L,21.416666666666668,3.4,15.1,0.222,1.7,11.8,0.143,0.0,0.0,0.0,0.0,3.4,3.4,1.7,3.4,0.0,0.0,0.0,0.0,0.0,8.4,-11.8,11.6,0,0,15.1,1,13222,1,13222,14979,18616,8383,21205,11457,1919,14649,13505,14344,13505,14058,15615,18849,17419,5328,12854,8263,8846,20257,17725,19592,18653,24112,2246,150,23016,1,21:25
2024-25,203992,Bogdan Bogdanović,Bogdan,1610612737,ATL,Atlanta Hawks,0022400315,2024-12-02T00:00:00,ATL vs. NOP,W,24.583333333333332,2.9,14.6,0.2,1.5,11.7,0.125,4.4,4.4,1.0,0.0,5.9,5.9,4.4,1.5,2.9,0.0,0.0,5.9,2.9,11.7,-4.4,32.7,0,0,29.3,1,1,13086,1,12389,19582,9137,21401,12185,1950,14886,5003,7041,1,14058,8647,12614,8905,12934,3324,8263,8846,3130,9496,16431,15267,12839,2246,150,14482,1,24:35
2024-25,1630227,Daishen Nix,Daishen,1610612750,MIN,Minnesota Timberwolves,0022400318,2024-12-02T00:00:00,MIN vs. LAL,W,4.533333333333333,0.0,0.0,0.0,0.0,0.0,0.0,0.0,0.0,0.0,0.0,15.9,15.9,15.9,15.9,0.0,0.0,0.0,0.0,0.0,0.0,63.5,27.0,0,0,31.8,1,1,13086,1,24213,22635,24836,22635,15070,20945,15070,13505,14344,13505,14058,442,1461,222,94,12854,8263,8846,20257,17725,23200,306,16932,2246,150,12561,1,4:32
2024-25,1628418,Thomas Bryant,Thomas,1610612748,MIA,Miami Heat,0022400316,2024-12-02T00:00:00,MIA @ BOS,L,10.316666666666666,0.0,3.5,0.0,0.0,3.5,0.0,7.0,7.0,1.0,0.0,7.0,7.0,0.0,3.5,0.0,0.0,0.0,3.5,3.5,7.0,7.0,11.9,0,0,14.0,1,13222,1,13222,21999,22635,24313,22635,15070,16673,15070,2017,3382,1,14058,6394,10173,19908,5034,12854,8263,8846,8779,7689,20743,9149,24045,2246,150,23433,1,10:19
2024-25,1631169,Josh Minott,Josh,1610612750,MIN,Minnesota Timberwolves,0022400318,2024-12-02T00:00:00,MIN vs. LAL,W,7.966666666666667,4.5,9.0,0.5,0.0,4.5,0.0,0.0,0.0,0.0,0.0,9.0,9.0,4.5,0.0,4.5,0.0,0.0,4.5,4.5,9.0,49.7,40.2,0,0,31.6,1,1,13086,1,22821,15718,18660,8526,15070,14386,15070,13505,14344,13505,14058,3476,6677,8608,16469,1214,8263,8846,5733,5095,19042,555,7623,2246,150,12683,1,7:58
2024-25,1631120,JD Davison,JD,1610612738,BOS,Boston Celtics,0022400316,2024-12-02T00:00:00,BOS vs. MIA,W,2.5833333333333335,0.0,0.0,0.0,0.0,0.0,0.0,0.0,0.0,0.0,0.0,13.9,13.9,0.0,0.0,0.0,0.0,0.0,0.0,0.0,0.0,-69.7,16.7,0,0,13.9,1,1,13086,1,25183,22635,24836,22635,15070,20945,15070,13505,14344,13505,14058,773,2266,19908,16469,12854,8263,8846,20257,17725,23200,25882,22590,2246,150,23437,1,2:35
2024-25,1642274,Yves Missi,Yves,1610612740,NOP,New Orleans Pelicans,0022400315,2024-12-02T00:00:00,NOP @ ATL,L,35.233333333333334,11.2,14.3,0.786,0.0,0.0,0.0,1.0,4.1,0.25,7.2,5.1,12.3,0.0,4.1,1.0,1.0,1.0,4.1,3.1,23.5,-9.2,40.3,1,0,39.8,1,13222,1,13222,3286,2065,9676,1975,15070,20945,15070,13166,7659,13358,1081,10540,3297,19908,3700,11742,7333,7729,6881,9017,5130,17528,7596,1,150,6869,1,35:14
2024-25,203471,Dennis Schröder,Dennis,1610612751,BKN,Brooklyn Nets,0022400317,2024-12-02T00:00:00,BKN @ CHI,L,29.433333333333334,8.6,18.3,0.467,0.0,7.3,0.0,2.4,2.4,1.0,0.0,2.4,2.4,12.2,0.0,0.0,0.0,0.0,2.4,3.7,19.6,-4.9,40.9,1,0,34.2,1,13222,1,13222,8281,5505,4335,12249,15070,7744,15070,9203,11347,1,14058,18340,20905,671,16469,12854,8263,8846,13000,7211,8286,15525,7252,1,150,10657,1,29:26
2024-25,1629651,Nic Claxton,Nic,1610612751,BKN,Brooklyn Nets,0022400317,2024-12-02T00:00:00,BKN @ CHI,L,24.266666666666666,7.4,14.8,0.5,0.0,0.0,0.0,1.5,3.0,0.5,3.0,8.9,11.9,0.0,1.5,1.5,1.5,1.5,1.5,3.0,16.3,-16.3,38.0,0,0,34.1,1,13222,1,13222,12680,7971,8844,8526,15070,20945,15070,11823,10052,10625,5422,3605,3600,19908,12828,8481,4910,4834,17283,9365,11577,20387,9040,2246,150,10760,1,24:16
2024-25,1629130,Duncan Robinson,Duncan,1610612748,MIA,Miami Heat,0022400316,2024-12-02T00:00:00,MIA @ BOS,L,20.416666666666668,3.5,15.9,0.222,0.0,10.6,0.0,1.8,1.8,1.0,1.8,3.5,5.3,5.3,0.0,0.0,0.0,1.8,3.5,1.8,8.8,-35.3,23.1,0,0,19.4,1,13222,1,13222,15698,18262,7313,21205,15070,2896,15070,11308,13232,1,9373,15153,14066,6846,16469,12854,8263,3996,8681,14063,19256,24442,19498,2246,150,21205,1,20:25
2024-25,1630527,Brandon Boston,Brandon,1610612740,NOP,New Orleans Pelicans,0022400315,2024-12-02T00:00:00,NOP @ ATL,L,28.8,8.8,18.8,0.467,3.8,8.8,0.429,2.5,2.5,1.0,0.0,5.0,5.0,0.0,2.5,1.3,0.0,1.3,1.3,1.3,23.8,-1.3,31.0,0,0,35.0,1,13222,1,13222,8839,5183,3971,12249,4578,5182,7394,9049,11208,1,14058,10880,14788,19908,8244,9801,8263,5934,18276,16131,4961,13692,14061,2246,150,10093,1,28:48
2024-25,1642261,Dalton Knecht,Dalton,1610612747,LAL,Los Angeles Lakers,0022400318,2024-12-02T00:00:00,LAL @ MIN,L,27.883333333333333,3.9,10.3,0.375,0.0,6.5,0.0,0.0,2.6,0.0,0.0,3.9,3.9,0.0,1.3,0.0,0.0,0.0,1.3,1.3,7.7,-16.8,11.1,0,0,11.6,1,13222,1,13222,9638,17399,16510,16299,15070,9635,15070,13505,11021,13505,14058,14115,17647,19908,13851,12854,8263,8846,18070,15947,20132,20542,24225,2246,150,24078,1,27:53
2024-25,1628408,PJ Dozier,PJ,1610612750,MIN,Minnesota Timberwolves,0022400318,2024-12-02T00:00:00,MIN vs. LAL,W,5.566666666666666,0.0,0.0,0.0,0.0,0.0,0.0,0.0,0.0,0.0,0.0,12.9,12.9,6.5,6.5,0.0,0.0,0.0,6.5,0.0,0.0,38.8,18.8,0,0,19.4,1,1,13086,1,23756,22635,24836,22635,15070,20945,15070,13505,14344,13505,14058,1035,2843,4761,1142,12854,8263,8846,2427,17725,23200,1055,21776,2246,150,21201,1,5:34
2024-25,1630696,Dru Smith,Dru,1610612748,MIA,Miami Heat,0022400316,2024-12-02T00:00:00,MIA @ BOS,L,20.65,5.2,10.5,0.5,3.5,3.5,1.0,0.0,0.0,0.0,5.2,1.7,7.0,3.5,1.7,3.5,0.0,1.7,1.7,3.5,13.9,-3.5,36.3,0,0,34.9,1,13222,1,13222,15523,13723,16288,8526,5176,16681,1,13505,14344,13505,2168,20369,10186,11422,11771,2254,8263,4044,16398,7698,13992,14789,10186,2246,150,10183,1,20:39
2024-25,1629750,Javonte Green,Javonte,1610612740,NOP,New Orleans Pelicans,0022400315,2024-12-02T00:00:00,NOP @ ATL,L,25.95,4.2,12.5,0.333,1.4,5.5,0.25,4.2,5.5,0.75,5.5,2.8,8.3,2.8,1.4,1.4,2.8,1.4,2.8,4.2,13.9,-8.3,39.1,0,0,34.7,1,13222,1,13222,11194,16693,12745,17395,12492,11848,11902,5409,5127,8186,1917,17488,7732,13671,13355,8971,1991,5227,11749,5918,14076,17105,8317,2246,150,10310,1,25:57
2024-25,1626179,Terry Rozier,Terry,1610612748,MIA,Miami Heat,0022400316,2024-12-02T00:00:00,MIA @ BOS,L,22.216666666666665,3.2,9.7,0.333,0.0,3.2,0.0,0.0,0.0,0.0,0.0,4.9,4.9,1.6,1.6,0.0,0.0,0.0,0.0,1.6,6.5,-21.1,13.1,0,0,13.0,1,13222,1,13222,14337,18913,17531,17395,15070,17195,15070,13505,14344,13505,14058,11253,15156,17594,12252,12854,8263,8846,20257,14560,21062,21846,23733,2246,150,23728,1,22:13
2024-25,1642352,Keshad Johnson,Keshad,1610612748,MIA,Miami Heat,0022400316,2024-12-02T00:00:00,MIA @ BOS,L,6.9,5.2,10.4,0.5,0.0,5.2,0.0,0.0,0.0,0.0,0.0,0.0,0.0,0.0,0.0,0.0,0.0,0.0,0.0,0.0,10.4,5.2,10.4,0,0,10.4,1,13222,1,13222,23212,13767,16325,8526,15070,12659,15070,13505,14344,13505,14058,22137,23286,19908,16469,12854,8263,8846,20257,17725,17721,9994,24347,2246,150,24350,1,6:54
2024-25,203497,Rudy Gobert,Rudy,1610612750,MIN,Minnesota Timberwolves,0022400318,2024-12-02T00:00:00,MIN vs. LAL,W,32.18333333333333,7.8,8.9,0.875,0.0,0.0,0.0,3.4,4.5,0.75,6.7,6.7,13.4,0.0,2.2,1.1,0.0,0.0,3.4,2.2,19.0,19.0,36.2,1,0,34.7,1,1,13086,1,5816,7007,18796,1353,15070,20945,15070,6989,6885,8186,1272,6872,2530,19908,9363,10873,8263,8846,9232,11995,8844,4258,10207,1,150,10315,1,32:11
2024-25,1630531,Jaden Springer,Jaden,1610612738,BOS,Boston Celtics,0022400316,2024-12-02T00:00:00,BOS vs. MIA,W,2.5833333333333335,0.0,0.0,0.0,0.0,0.0,0.0,0.0,0.0,0.0,0.0,0.0,0.0,0.0,0.0,0.0,0.0,0.0,0.0,13.9,0.0,-69.7,0.0,0,0,0.0,1,1,13086,1,25183,22635,24836,22635,15070,20945,15070,13505,14344,13505,14058,22137,23286,19908,16469,12854,8263,8846,20257,126,23200,25882,25228,2246,150,25259,1,2:35
2024-25,1630568,Luka Garza,Luka,1610612750,MIN,Minnesota Timberwolves,0022400318,2024-12-02T00:00:00,MIN vs. LAL,W,6.166666666666667,11.7,11.7,1.0,0.0,0.0,0.0,11.7,11.7,1.0,0.0,0.0,0.0,0.0,0.0,0.0,0.0,0.0,5.8,11.7,35.0,35.0,35.0,0,0,35.0,1,1,13086,1,23530,1733,14159,1,15070,20945,15070,377,843,1,14058,22137,23286,19908,16469,12854,8263,8846,3159,220,952,1397,11037,2246,150,10070,1,6:10
2024-25,1630537,Chris Duarte,Chris,1610612741,CHI,Chicago Bulls,0022400317,2024-12-02T00:00:00,CHI vs. BKN,W,4.433333333333334,0.0,8.1,0.0,0.0,8.1,0.0,0.0,0.0,0.0,8.1,24.4,32.5,8.1,8.1,0.0,0.0,0.0,8.1,0.0,0.0,16.2,43.0,0,0,40.6,1,1,13086,1,24272,22635,20050,22635,15070,6239,15070,13505,14344,13505,741,86,64,2765,563,12854,8263,8846,1313,17725,23200,5160,6124,2246,150,6438,1,4:26
2024-25,202692,Alec Burks,Alec,1610612748,MIA,Miami Heat,0022400316,2024-12-02T00:00:00,MIA @ BOS,L,7.933333333333334,0.0,4.5,0.0,0.0,0.0,0.0,0.0,0.0,0.0,0.0,0.0,0.0,0.0,0.0,0.0,0.0,0.0,0.0,0.0,0.0,4.5,0.0,0,0,0.0,1,13222,1,13222,22834,22635,23780,22635,15070,20945,15070,13505,14344,13505,14058,22137,23286,19908,16469,12854,8263,8846,20257,17725,23200,10368,25228,2246,150,25259,1,7:56
2024-25,1630592,Jalen Wilson,Jalen,1610612751,BKN,Brooklyn Nets,0022400317,2024-12-02T00:00:00,BKN @ CHI,L,25.866666666666667,1.4,7.0,0.2,0.0,4.2,0.0,0.0,0.0,0.0,0.0,8.4,8.4,0.0,1.4,0.0,0.0,0.0,7.0,0.0,2.8,-12.5,11.4,0,0,11.1,1,13222,1,13222,11270,22300,21610,21401,15070,15180,15070,13505,14344,13505,14058,4217,7695,19908,13322,12854,8263,8846,2008,17725,23001,18949,24150,2246,150,24190,1,25:52
2024-25,1629060,Rui Hachimura,Rui,1610612747,LAL,Los Angeles Lakers,0022400318,2024-12-02T00:00:00,LAL @ MIN,L,29.05,5.0,6.2,0.8,0.0,1.2,0.0,2.5,2.5,1.0,1.2,3.7,5.0,2.5,2.5,2.5,0.0,0.0,2.5,2.5,12.4,-13.6,27.0,0,0,24.8,1,13222,1,13222,8631,14520,22429,1688,15070,20568,15070,9109,11257,1,11541,14576,14912,14623,8335,4440,8263,8846,12881,11071,15726,19349,16929,2246,150,17836,1,29:03
2024-25,1628464,Daniel Theis,Daniel,1610612740,NOP,New Orleans Pelicans,0022400315,2024-12-02T00:00:00,NOP @ ATL,L,12.633333333333333,2.8,5.7,0.5,2.8,5.7,0.5,0.0,0.0,0.0,2.8,8.5,11.4,0.0,2.8,2.8,0.0,0.0,5.7,0.0,8.5,-8.5,27.9,0,0,28.5,1,13222,1,13222,20927,19771,22902,8526,7047,11446,3944,13505,14344,13505,5729,3992,4051,19908,7028,3551,8263,8846,3390,17725,19465,17205,16280,2246,150,15069,1,12:38
2024-25,1628389,Bam Adebayo,Bam,1610612748,MIA,Miami Heat,0022400316,2024-12-02T00:00:00,MIA @ BOS,L,33.36666666666667,6.5,19.4,0.333,1.1,4.3,0.25,2.2,2.2,1.0,2.2,6.5,8.6,5.4,3.2,1.1,0.0,2.2,1.1,4.3,16.2,-18.3,34.6,0,0,33.4,1,13222,1,13222,4841,10251,3404,17395,14077,14870,11902,10089,12222,1,7726,7364,7257,6645,5710,11203,8263,2744,19220,5543,11742,21029,11345,2246,150,11284,1,33:22
2024-25,1627749,Dejounte Murray,Dejounte,1610612740,NOP,New Orleans Pelicans,0022400315,2024-12-02T00:00:00,NOP @ ATL,L,38.11666666666667,1.9,14.2,0.133,0.9,6.6,0.143,1.9,1.9,1.0,0.0,4.7,4.7,9.4,3.8,4.7,0.9,0.0,0.0,1.9,6.6,-14.2,39.7,0,0,33.1,1,13222,1,13222,1316,21602,9885,22414,14815,9292,14649,10993,13010,1,14058,11641,15501,1731,4375,1068,7867,8846,20257,13560,20982,19572,7982,2246,150,11615,1,38:07
2024-25,1630530,Trey Murphy III,Trey,1610612740,NOP,New Orleans Pelicans,0022400315,2024-12-02T00:00:00,NOP @ ATL,L,37.03333333333333,4.9,11.7,0.417,2.9,8.7,0.333,1.0,1.0,1.0,0.0,1.0,1.0,4.9,1.0,1.9,1.0,0.0,4.9,1.9,13.6,-14.6,29.8,0,0,28.2,1,13222,1,13222,1966,14775,14189,14532,6809,5183,9209,13322,14259,1,14058,22016,23231,7774,16009,6539,7676,8846,4922,13341,14370,19742,14911,2246,150,15301,1,37:02
2024-25,1629674,Neemias Queta,Neemias,1610612738,BOS,Boston Celtics,0022400316,2024-12-02T00:00:00,BOS vs. MIA,W,14.505,5.0,7.4,0.667,0.0,0.0,0.0,0.0,0.0,0.0,5.0,12.4,17.4,0.0,0.0,0.0,5.0,0.0,9.9,0.0,9.9,5.0,45.7,0,0,37.2,1,1,13086,1,19876,14499,21011,3281,15070,20945,15070,13505,14344,13505,2412,1186,1038,19908,16469,12854,527,8846,717,17725,18233,10134,4868,2246,150,8570,1,14:30
2024-25,1626156,D'Angelo Russell,D'Angelo,1610612747,LAL,Los Angeles Lakers,0022400318,2024-12-02T00:00:00,LAL @ MIN,L,33.76833333333333,8.5,12.8,0.667,4.3,5.3,0.8,0.0,0.0,0.0,1.1,2.1,3.2,5.3,3.2,1.1,0.0,0.0,2.1,3.2,21.3,-16.0,33.2,0,0,36.2,1,13222,1,13222,4464,5562,12230,3281,3462,12387,1389,13505,14344,13505,12748,19270,19245,6761,5827,11338,8263,8846,14455,8574,6801,20253,12468,2246,150,9188,1,33:46
2024-25,201144,Mike Conley,Mike,1610612750,MIN,Minnesota Timberwolves,0022400318,2024-12-02T00:00:00,MIN vs. LAL,W,22.433333333333334,4.8,11.2,0.429,4.8,9.6,0.5,0.0,0.0,0.0,0.0,4.8,4.8,9.6,3.2,0.0,0.0,0.0,1.6,3.2,14.4,33.7,31.5,0,0,33.7,1,1,13086,1,14170,14903,14972,13735,2536,3942,3944,13505,14344,13505,14058,11390,15261,1624,5795,12854,8263,8846,16857,8529,13464,1548,13705,2246,150,11074,1,22:26
2024-25,1642385,Cui Yongxi,Cui,1610612751,BKN,Brooklyn Nets,0022400317,2024-12-02T00:00:00,BKN @ CHI,L,5.65,6.4,38.2,0.167,0.0,19.1,0.0,0.0,0.0,0.0,0.0,12.7,12.7,0.0,0.0,0.0,0.0,6.4,0.0,0.0,12.7,19.1,28.0,0,0,25.5,1,13222,1,13222,23721,10511,95,21938,15070,287,15070,13505,14344,13505,14058,1093,2972,19908,16469,12854,8263,198,20257,17725,15343,4233,16203,2246,150,17293,1,5:39
2024-25,1628436,Luke Kornet,Luke,1610612738,BOS,Boston Celtics,0022400316,2024-12-02T00:00:00,BOS vs. MIA,W,27.2,4.0,5.3,0.75,0.0,0.0,0.0,0.0,0.0,0.0,1.3,4.0,5.3,4.0,1.3,0.0,7.9,0.0,4.0,0.0,7.9,18.5,42.8,0,0,33.1,1,1,13086,1,10190,17157,23257,2107,15070,20945,15070,13505,14344,13505,11077,13810,14051,10007,13694,12854,142,8846,7212,17725,19968,4400,6247,2246,150,11586,1,27:12
2024-25,203944,Julius Randle,Julius,1610612750,MIN,Minnesota Timberwolves,0022400318,2024-12-02T00:00:00,MIN vs. LAL,W,24.483333333333334,8.8,19.1,0.462,2.9,4.4,0.667,5.9,5.9,1.0,1.5,5.9,7.4,4.4,1.5,2.9,0.0,0.0,4.4,4.4,26.5,10.3,49.3,0,0,47.1,1,1,13086,1,12492,5023,3668,12428,6721,14650,1957,2987,4636,1,10434,8589,9472,8849,12898,3295,8263,8846,5995,5316,3446,7564,3521,2246,150,3456,1,24:29
2024-25,1630188,Jalen Smith,Jalen,1610612741,CHI,Chicago Bulls,0022400317,2024-12-02T00:00:00,CHI vs. BKN,W,15.416666666666666,4.7,11.7,0.4,2.3,4.7,0.5,7.0,7.0,1.0,4.7,7.0,11.7,0.0,4.7,2.3,0.0,0.0,0.0,7.0,18.7,-11.7,35.0,0,0,37.4,1,1,13086,1,19296,15315,14159,14933,8721,14036,3944,2006,3360,1,2719,6349,3779,19908,2755,4915,8263,8846,20257,1662,9138,18607,11035,2246,150,8461,1,15:25
2024-25,1629629,Cam Reddish,Cam,1610612747,LAL,Los Angeles Lakers,0022400318,2024-12-02T00:00:00,LAL @ MIN,L,11.315,0.0,3.2,0.0,0.0,3.2,0.0,6.4,6.4,1.0,0.0,3.2,3.2,0.0,0.0,3.2,0.0,0.0,3.2,3.2,6.4,-44.5,19.7,0,0,15.9,1,13222,1,13222,21582,22635,24427,22635,15070,17305,15070,2532,4050,1,14058,16152,19284,19908,16469,2781,8263,8846,9939,8621,21146,25154,21297,2246,150,22745,1,11:19
2024-25,1630570,Trendon Watford,Trendon,1610612751,BKN,Brooklyn Nets,0022400317,2024-12-02T00:00:00,BKN @ CHI,L,16.6,8.7,15.2,0.571,2.2,4.3,0.5,6.5,10.8,0.6,2.2,8.7,10.8,2.2,4.3,2.2,0.0,0.0,6.5,10.8,26.0,-39.0,44.5,0,0,45.5,1,13222,1,13222,18528,5300,8288,6538,9366,14827,3944,2400,1074,10343,7690,3860,4558,15732,3242,5514,8263,8846,2401,292,3670,24776,5440,2246,150,4008,1,16:36
2024-25,1642422,Armel Traoré,Armel,1610612747,LAL,Los Angeles Lakers,0022400318,2024-12-02T00:00:00,LAL @ MIN,L,15.05,4.8,9.6,0.5,0.0,2.4,0.0,0.0,0.0,0.0,2.4,4.8,7.2,0.0,4.8,2.4,2.4,0.0,7.2,0.0,9.6,-47.8,27.7,0,0,26.3,1,13222,1,13222,19524,14997,17822,8526,15070,18829,15070,13505,14344,13505,6949,11477,9791,19908,2610,4721,2571,8846,1838,17725,18573,25306,16396,2246,150,16706,1,15:03
2024-25,203897,Zach LaVine,Zach,1610612741,CHI,Chicago Bulls,0022400317,2024-12-02T00:00:00,CHI vs. BKN,W,25.983333333333334,9.7,18.0,0.538,4.2,9.7,0.429,1.4,1.4,1.0,0.0,0.0,0.0,5.5,0.0,1.4,0.0,0.0,0.0,2.8,24.9,34.6,37.4,0,0,37.4,1,1,13086,1,11176,3604,4656,7978,3661,3849,7394,12050,13606,1,14058,22137,23286,6353,16469,8979,8263,8846,20257,10073,4241,1431,9403,2246,150,8425,1,25:59
2024-25,1628369,Jayson Tatum,Jayson,1610612738,BOS,Boston Celtics,0022400316,2024-12-02T00:00:00,BOS vs. MIA,W,36.1,7.0,20.9,0.333,3.0,12.0,0.25,1.0,1.0,1.0,1.0,10.0,11.0,4.0,6.0,1.0,0.0,1.0,2.0,1.0,18.0,13.0,34.1,1,0,37.9,1,1,13086,1,2612,8978,2377,17395,6551,1800,11902,13243,14220,1,13279,2602,4433,9962,1398,11985,8263,7954,15177,17408,9892,6410,11720,1,150,8092,1,36:06
2024-25,203076,Anthony Davis,Anthony,1610612747,LAL,Los Angeles Lakers,0022400318,2024-12-02T00:00:00,LAL @ MIN,L,32.95,4.4,15.3,0.286,0.0,2.2,0.0,4.4,4.4,1.0,2.2,9.8,12.0,5.5,2.2,0.0,1.1,1.1,3.3,4.4,13.1,-9.8,36.8,1,0,32.8,1,13222,1,13222,5189,16149,8118,19630,15070,19196,15070,5040,7072,1,7632,2700,3475,6506,9571,12854,6841,7110,9533,5421,14969,17804,9827,1,150,11821,1,32:57
2024-25,2544,LeBron James,LeBron,1610612747,LAL,Los Angeles Lakers,0022400318,2024-12-02T00:00:00,LAL @ MIN,L,30.733333333333334,4.7,18.7,0.25,0.0,4.7,0.0,2.3,4.7,0.5,3.5,5.9,9.4,4.7,7.0,0.0,0.0,1.2,1.2,5.9,11.7,-32.8,23.0,0,0,25.8,1,13222,1,13222,7100,15269,3977,20233,15070,13992,15070,9473,6503,10625,4353,8650,6229,8214,881,12854,8263,6469,18707,2807,16435,24139,19585,2246,150,17089,1,30:44
2024-25,1631170,Jaime Jaquez Jr.,Jaime,1610612748,MIA,Miami Heat,0022400316,2024-12-02T00:00:00,MIA @ BOS,L,36.43833333333333,4.9,13.8,0.357,0.0,3.0,0.0,8.9,11.9,0.75,2.0,7.9,9.9,3.0,1.0,3.0,0.0,3.0,0.0,6.9,18.8,-11.9,43.0,1,0,37.5,1,13222,1,13222,2377,14579,10446,17140,15070,17732,15070,1045,795,8186,8501,4853,5564,13044,15923,3239,8263,1382,20257,1719,9059,18690,6145,1,150,8334,1,36:26
2024-25,1630183,Jaden McDaniels,Jaden,1610612750,MIN,Minnesota Timberwolves,0022400318,2024-12-02T00:00:00,MIN vs. LAL,W,22.566666666666666,1.6,4.8,0.333,1.6,3.2,0.5,0.0,0.0,0.0,0.0,3.2,3.2,0.0,3.2,1.6,1.6,0.0,0.0,0.0,4.8,8.0,15.0,0,0,16.0,1,1,13086,1,14063,22037,23618,17395,11688,17284,3944,13505,14344,13505,14058,16118,19257,19908,5849,8001,4568,8846,20257,17725,22140,8639,23180,2246,150,22723,1,22:34
2024-25,1641723,Kobe Bufkin,Kobe,1610612737,ATL,Atlanta Hawks,0022400315,2024-12-02T00:00:00,ATL vs. NOP,W,12.166666666666666,11.8,11.8,1.0,0.0,0.0,0.0,5.9,8.9,0.667,3.0,3.0,5.9,3.0,5.9,0.0,0.0,0.0,0.0,5.9,29.6,-23.7,35.2,0,0,38.5,1,1,13086,1,21167,1628,13883,1,15070,20945,15070,2948,1935,9425,5436,16861,12480,13060,1436,12854,8263,8846,20257,2726,2238,22495,10926,2246,150,7722,1,12:10
2024-25,1630545,Terrence Shannon Jr.,Terrence,1610612750,MIN,Minnesota Timberwolves,0022400318,2024-12-02T00:00:00,MIN vs. LAL,W,5.566666666666666,12.9,19.4,0.667,6.5,6.5,1.0,0.0,0.0,0.0,0.0,6.5,6.5,0.0,6.5,0.0,0.0,6.5,0.0,0.0,32.3,38.8,33.6,0,0,45.3,1,1,13086,1,23756,1056,3416,3281,1018,9606,1,13505,14344,13505,14058,7383,11241,19908,1142,12854,8263,188,20257,17725,1453,1055,12089,2246,150,4116,1,5:34
2024-25,1629003,Shake Milton,Shake,1610612751,BKN,Brooklyn Nets,0022400317,2024-12-02T00:00:00,BKN @ CHI,L,34.68333333333333,6.2,17.6,0.353,2.1,4.2,0.5,0.0,0.0,0.0,3.1,3.1,6.2,5.2,3.1,1.0,1.0,2.1,1.0,3.1,14.5,-16.6,32.9,0,0,32.2,1,13222,1,13222,3705,10893,5079,17268,9790,15228,3944,13505,14344,13505,5110,16375,11759,7054,6084,11608,7210,2985,19483,8839,13373,20479,12657,2246,150,12242,1,34:41
2024-25,1630581,Josh Giddey,Josh,1610612741,CHI,Chicago Bulls,0022400317,2024-12-02T00:00:00,CHI vs. BKN,W,31.9,10.2,19.2,0.529,1.1,9.0,0.125,1.1,3.4,0.333,1.1,13.5,14.7,12.4,5.6,1.1,1.1,1.1,2.3,2.3,22.6,7.9,59.9,1,1,55.3,1,1,13086,1,6062,3056,3604,8281,13777,4779,14886,12821,9127,13132,12272,865,1927,629,1684,10784,6620,6806,13839,11908,5809,8686,1207,1,1,1420,1,31:54
2024-25,1630202,Payton Pritchard,Payton,1610612738,BOS,Boston Celtics,0022400316,2024-12-02T00:00:00,BOS vs. MIA,W,32.916666666666664,10.9,18.6,0.588,5.5,13.1,0.417,0.0,0.0,0.0,1.1,4.4,5.5,4.4,1.1,2.2,1.1,0.0,1.1,1.1,27.3,17.5,49.2,0,0,49.2,1,1,13086,1,5232,2314,4129,6229,1764,1237,7826,13505,14344,13505,12520,12588,13624,8950,15174,5451,6828,8846,19137,16938,3036,4740,3533,2246,150,2757,1,32:55
2024-25,1628401,Derrick White,Derrick,1610612738,BOS,Boston Celtics,0022400316,2024-12-02T00:00:00,BOS vs. MIA,W,31.35,8.0,16.1,0.5,5.7,13.8,0.417,0.0,0.0,0.0,2.3,4.6,6.9,9.2,2.3,0.0,0.0,0.0,4.6,2.3,21.8,24.1,41.6,0,0,43.6,1,1,13086,1,6549,6558,7008,8526,1531,1000,7826,13505,14344,13505,7256,12000,10344,1875,9089,12854,8263,8846,5556,11761,6365,3002,6848,2246,150,4863,1,31:21
2024-25,1641824,Matas Buzelis,Matas,1610612741,CHI,Chicago Bulls,0022400317,2024-12-02T00:00:00,CHI vs. BKN,W,21.8,11.6,16.5,0.7,6.6,8.3,0.8,3.3,3.3,1.0,1.7,6.6,8.3,1.7,0.0,0.0,3.3,0.0,3.3,1.7,33.0,28.1,55.3,0,0,56.1,1,1,13086,1,14669,1833,6402,3045,943,5990,1389,7100,9298,1,9741,7087,7842,17498,16469,12854,1391,8846,9444,14439,1314,2257,1929,2246,150,1280,1,21:48
2024-25,202696,Nikola Vučević,Nikola,1610612741,CHI,Chicago Bulls,0022400317,2024-12-02T00:00:00,CHI vs. BKN,W,28.15,10.2,14.1,0.727,3.8,6.4,0.6,2.6,2.6,1.0,2.6,10.2,12.8,3.8,2.6,1.3,0.0,1.3,2.6,2.6,26.9,37.1,49.2,1,0,49.9,1,1,13086,1,9420,2990,10066,2666,4343,9768,2992,8905,11072,1,6458,2401,2944,10400,8022,9589,8263,5762,12575,10771,3268,1194,3529,1,150,2571,1,28:09
2024-25,203468,CJ McCollum,CJ,1610612740,NOP,New Orleans Pelicans,0022400315,2024-12-02T00:00:00,NOP @ ATL,L,34.625,12.5,27.0,0.462,3.1,11.4,0.273,2.1,4.2,0.5,2.1,4.2,6.2,2.1,1.0,1.0,0.0,1.0,4.2,4.2,30.2,-7.3,42.8,0,0,43.7,1,13222,1,13222,3765,1259,498,12428,6171,2148,11838,10360,7504,10625,8032,13243,11737,16072,15565,11585,8263,7576,6671,5932,2025,16629,6204,2246,150,4845,1,34:38
2024-25,1641727,Dariq Whitehead,Dariq,1610612751,BKN,Brooklyn Nets,0022400317,2024-12-02T00:00:00,BKN @ CHI,L,23.866666666666667,9.1,16.6,0.545,9.1,15.1,0.6,0.0,0.0,0.0,0.0,3.0,3.0,1.5,1.5,3.0,1.5,1.5,1.5,0.0,27.2,-4.5,45.1,0,0,49.8,1,13222,1,13222,13016,4611,6314,7695,291,671,2992,13505,14344,13505,14058,16655,19676,17945,12707,3113,4811,4743,17180,17725,3136,15337,5130,2246,150,2592,1,23:52
2024-25,1628978,Donte DiVincenzo,Donte,1610612750,MIN,Minnesota Timberwolves,0022400318,2024-12-02T00:00:00,MIN vs. LAL,W,28.116666666666667,5.1,10.2,0.5,3.8,7.7,0.5,0.0,0.0,0.0,0.0,6.4,6.4,11.5,0.0,2.6,0.0,0.0,1.3,1.3,14.1,26.9,46.7,0,0,41.0,1,1,13086,1,9444,14028,16656,8526,4336,7030,3944,13505,14344,13505,14058,7504,11393,837,16469,4229,8263,8846,18122,15988,13861,2450,4433,2246,150,6218,1,28:07
2024-25,1630552,Jalen Johnson,Jalen,1610612737,ATL,Atlanta Hawks,0022400315,2024-12-02T00:00:00,ATL vs. NOP,W,31.683333333333334,10.2,15.9,0.643,1.1,4.5,0.25,0.0,0.0,0.0,0.0,8.0,8.0,5.7,4.5,1.1,1.1,0.0,1.1,0.0,21.6,5.7,41.9,0,0,40.9,1,1,13086,1,6246,2998,7248,4607,13737,14334,11902,13505,14344,13505,14058,4772,8358,6077,2932,10712,6567,8846,18886,17725,6560,9766,6657,2246,150,6265,1,31:41
2024-25,1627759,Jaylen Brown,Jaylen,1610612738,BOS,Boston Celtics,0022400316,2024-12-02T00:00:00,BOS vs. MIA,W,31.166666666666668,9.2,24.3,0.381,4.6,12.7,0.364,10.4,11.6,0.9,4.6,3.5,8.1,4.6,2.3,1.2,0.0,0.0,2.3,5.8,33.5,26.6,51.3,0,0,53.1,1,1,13086,1,6734,4296,994,16250,2856,1422,9100,587,880,6805,2770,15334,8120,8369,9027,10544,8263,8846,13601,2932,1216,2511,2901,2246,150,1782,1,31:10
2024-25,1629659,Talen Horton-Tucker,Talen,1610612741,CHI,Chicago Bulls,0022400317,2024-12-02T00:00:00,CHI vs. BKN,W,17.283333333333335,6.2,16.7,0.375,4.2,10.4,0.4,6.2,6.2,1.0,2.1,6.2,8.3,4.2,4.2,2.1,0.0,2.1,6.2,6.2,22.9,14.6,41.2,0,0,43.7,1,1,13086,1,18086,10849,6229,16299,3643,3051,7874,2635,4177,1,8017,7791,7719,9479,3555,5856,8263,2966,2656,2334,5548,5788,7023,2246,150,4809,1,17:17
2024-25,1630214,Xavier Tillman,Xavier,1610612738,BOS,Boston Celtics,0022400316,2024-12-02T00:00:00,BOS vs. MIA,W,11.128333333333334,0.0,0.0,0.0,0.0,0.0,0.0,0.0,0.0,0.0,3.2,3.2,6.5,0.0,3.2,0.0,0.0,0.0,3.2,0.0,0.0,6.5,4.5,0,0,6.5,1,1,13086,1,21652,22635,24836,22635,15070,20945,15070,13505,14344,13505,4876,15981,11240,19908,5720,12854,8263,8846,9720,17725,23200,9383,25044,2246,150,24949,1,11:08
2024-25,1629312,Haywood Highsmith,Haywood,1610612748,MIA,Miami Heat,0022400316,2024-12-02T00:00:00,MIA @ BOS,L,34.63333333333333,4.2,9.4,0.444,2.1,5.2,0.4,0.0,0.0,0.0,2.1,2.1,4.2,5.2,1.0,0.0,1.0,1.0,2.1,0.0,10.4,-12.5,25.3,0,0,23.9,1,13222,1,13222,3749,16709,18191,13045,9773,12706,7874,13505,14344,13505,8035,19426,16918,7036,15566,12854,7195,7580,14708,17725,17768,18933,18106,2246,150,18396,1,34:38
2024-25,1628975,Jevon Carter,Jevon,1610612741,CHI,Chicago Bulls,0022400317,2024-12-02T00:00:00,CHI vs. BKN,W,3.85,0.0,9.4,0.0,0.0,9.4,0.0,0.0,0.0,0.0,0.0,9.4,9.4,0.0,9.4,0.0,0.0,0.0,0.0,0.0,0.0,0.0,1.9,0,0,9.4,1,1,13086,1,24564,22635,18195,22635,15070,4303,15070,13505,14344,13505,14058,3158,6257,19908,385,12854,8263,8846,20257,17725,23200,12240,25168,2246,150,24546,1,3:51
2024-25,1631132,Christian Koloko,Christian,1610612747,LAL,Los Angeles Lakers,0022400318,2024-12-02T00:00:00,LAL @ MIN,L,7.683333333333334,4.7,9.4,0.5,0.0,4.7,0.0,0.0,0.0,0.0,0.0,9.4,9.4,0.0,4.7,0.0,0.0,0.0,4.7,4.7,9.4,-18.7,15.9,0,0,18.7,1,13222,1,13222,22925,15269,18162,8526,15070,13992,15070,13505,14344,13505,14058,3135,6229,19908,2735,12854,8263,8846,5319,4743,18754,21156,22882,2246,150,21516,1,7:41
2024-25,1630553,Keon Johnson,Keon,1610612751,BKN,Brooklyn Nets,0022400317,2024-12-02T00:00:00,BKN @ CHI,L,30.383333333333333,3.6,11.8,0.3,2.4,7.1,0.333,0.0,0.0,0.0,1.2,2.4,3.6,3.6,1.2,1.2,1.2,0.0,2.4,0.0,9.5,-33.2,25.0,0,0,23.7,1,13222,1,13222,7425,18191,13866,19363,8596,8237,9209,13505,14344,13505,11896,18574,18436,11234,14550,10306,6272,8846,13349,17725,18659,24190,18289,2246,150,18542,1,30:23
2024-25,203901,Elfrid Payton,Elfrid,1610612740,NOP,New Orleans Pelicans,0022400315,2024-12-02T00:00:00,NOP @ ATL,L,6.066666666666666,0.0,5.9,0.0,0.0,0.0,0.0,0.0,0.0,0.0,0.0,0.0,0.0,5.9,5.9,5.9,0.0,0.0,0.0,0.0,0.0,17.8,20.8,0,0,17.8,1,13222,1,13222,23571,22635,22670,22635,15070,20945,15070,13505,14344,13505,14058,22137,23286,5614,1425,494,8263,8846,20257,17725,23200,4622,20806,2246,150,21949,1,6:04
2024-25,1629216,Gabe Vincent,Gabe,1610612747,LAL,Los Angeles Lakers,0022400318,2024-12-02T00:00:00,LAL @ MIN,L,22.466666666666665,3.2,8.0,0.4,1.6,6.4,0.25,0.0,0.0,0.0,0.0,1.6,1.6,0.0,0.0,3.2,0.0,0.0,3.2,0.0,8.0,-32.0,19.5,0,0,17.6,1,13222,1,13222,14137,18980,20244,14933,11663,9726,11902,13505,14344,13505,14058,20673,22438,19908,16469,2728,8263,8846,9839,17725,19914,24036,21383,2246,150,22023,1,22:28
2024-25,1641775,Jordan Walsh,Jordan,1610612738,BOS,Boston Celtics,0022400316,2024-12-02T00:00:00,BOS vs. MIA,W,13.466666666666667,0.0,2.7,0.0,0.0,2.7,0.0,0.0,0.0,0.0,0.0,8.0,8.0,0.0,2.7,0.0,0.0,0.0,2.7,0.0,0.0,26.7,7.0,0,0,8.0,1,1,13086,1,20508,22635,24597,22635,15070,18309,15070,13505,14344,13505,14058,4678,8235,19908,7607,12854,8263,8846,12151,17725,23200,2479,24826,2246,150,24764,1,13:28
2024-25,1641809,Drew Peterson,Drew,1610612738,BOS,Boston Celtics,0022400316,2024-12-02T00:00:00,BOS vs. MIA,W,26.066666666666666,2.8,6.9,0.4,2.8,6.9,0.4,1.4,2.8,0.5,2.8,6.9,9.7,1.4,0.0,0.0,0.0,0.0,1.4,1.4,9.7,0.0,23.3,0,0,23.5,1,1,13086,1,11112,19953,21662,14933,7347,8650,7874,12066,10581,10625,5942,6519,5842,18403,16469,12854,8263,8846,17697,15525,18474,12240,19348,2246,150,18680,1,26:04
2024-25,1631207,Dalen Terry,Dalen,1610612741,CHI,Chicago Bulls,0022400317,2024-12-02T00:00:00,CHI vs. BKN,W,17.516666666666666,2.1,2.1,1.0,0.0,0.0,0.0,0.0,0.0,0.0,0.0,2.1,2.1,2.1,2.1,0.0,0.0,0.0,8.2,0.0,4.1,10.3,7.6,0,0,8.2,1,1,13086,1,17908,21310,24746,1,15070,20945,15070,13505,14344,13505,14058,19492,21690,16173,10238,12854,8263,8846,1261,17725,22504,7569,24742,2246,150,24732,1,17:31
2024-25,1629026,Kenrich Williams,Kenrich,1610612760,OKC,Oklahoma City Thunder,0022400310,2024-12-01T00:00:00,OKC @ HOU,L,15.363333333333333,4.7,11.7,0.4,2.3,9.4,0.25,0.0,0.0,0.0,0.0,4.7,4.7,0.0,0.0,0.0,0.0,0.0,7.0,0.0,11.7,-32.8,17.3,0,0,18.7,1,13222,1,13222,19339,15268,14076,14933,8695,4285,11902,13505,14344,13505,14058,11739,15600,19908,16469,12854,8263,8846,1958,17725,16430,24141,22356,2246,150,21514,1,15:22
2024-25,1630224,Jalen Green,Jalen,1610612745,HOU,Houston Rockets,0022400310,2024-12-01T00:00:00,HOU vs. OKC,W,33.8,2.1,6.4,0.333,1.1,3.2,0.333,4.3,6.4,0.667,0.0,2.1,2.1,3.2,4.3,0.0,1.1,1.1,3.2,4.3,9.6,8.5,15.9,0,0,18.1,1,1,13086,1,4440,21184,22220,17395,14163,17277,9209,5235,4017,9425,14058,19272,21552,12337,3397,12854,7029,7364,9887,5699,18554,8395,22905,2246,150,21815,1,33:48
2024-25,1631210,Jacob Toppin,Jacob,1610612752,NYK,New York Knicks,0022400308,2024-12-01T00:00:00,NYK vs. NOP,W,5.05,0.0,7.1,0.0,0.0,7.1,0.0,0.0,0.0,0.0,0.0,7.1,7.1,0.0,7.1,0.0,0.0,0.0,0.0,0.0,0.0,-35.6,1.4,0,0,7.1,1,1,13086,1,23973,22635,21403,22635,15070,8191,15070,13505,14344,13505,14058,6120,9893,19908,839,12854,8263,8846,20257,17725,23200,24477,25188,2246,150,24878,1,5:03
2024-25,1630171,Isaac Okoro,Isaac,1610612739,CLE,Cleveland Cavaliers,0022400307,2024-12-01T00:00:00,CLE vs. BOS,W,24.041666666666668,3.0,3.0,1.0,3.0,3.0,1.0,0.0,0.0,0.0,1.5,1.5,3.0,3.0,0.0,0.0,3.0,0.0,6.0,0.0,9.0,-13.5,26.1,0,0,24.0,1,1,13086,1,12864,19445,24495,1,6540,17674,1,13505,14344,13505,10334,20880,19760,12952,16469,12854,1710,8846,2965,17725,19102,19294,17578,2246,150,18360,1,24:03
2024-25,1630533,Ziaire Williams,Ziaire,1610612751,BKN,Brooklyn Nets,0022400305,2024-12-01T00:00:00,BKN vs. ORL,L,21.811666666666667,0.0,9.9,0.0,0.0,6.6,0.0,1.7,5.0,0.333,3.3,5.0,8.3,1.7,0.0,3.3,0.0,1.7,1.7,3.3,1.7,-14.9,23.9,0,0,18.2,1,13222,1,13222,14667,22635,17234,22635,15070,9314,15070,11504,6027,13132,4748,11021,7848,17502,16469,2563,8263,4295,16705,8249,23175,19851,19000,2246,150,21795,1,21:49
2024-25,201143,Al Horford,Al,1610612738,BOS,Boston Celtics,0022400307,2024-12-01T00:00:00,BOS @ CLE,L,30.331666666666667,3.6,11.9,0.3,2.4,10.7,0.222,0.0,0.0,0.0,2.4,3.6,5.9,1.2,0.0,1.2,1.2,0.0,1.2,1.2,9.5,7.1,25.5,0,0,23.7,1,13222,1,13222,7475,18172,13822,19363,8576,2800,13288,13505,14344,13505,7008,15054,12441,19061,16469,10294,6264,8846,18612,16469,18639,9084,17928,2246,150,18499,1,30:20
2024-25,1642347,Jamal Shead,Jamal,1610612761,TOR,Toronto Raptors,0022400309,2024-12-01T00:00:00,TOR vs. MIA,W,3.8666666666666667,9.3,9.3,1.0,0.0,0.0,0.0,0.0,0.0,0.0,0.0,0.0,0.0,0.0,9.3,0.0,0.0,0.0,9.3,0.0,18.6,-102.4,9.3,0,0,18.6,1,1,13086,1,24555,4184,18257,1,15070,20945,15070,13505,14344,13505,14058,22137,23286,19908,388,12854,8263,8846,868,17725,9188,26158,24523,2246,150,21571,1,3:52
2024-25,1628371,Jonathan Isaac,Jonathan,1610612753,ORL,Orlando Magic,0022400305,2024-12-01T00:00:00,ORL @ BKN,W,7.548333333333333,4.8,4.8,1.0,0.0,0.0,0.0,0.0,0.0,0.0,0.0,4.8,4.8,0.0,9.5,0.0,4.8,0.0,19.1,0.0,9.5,-28.6,20.0,0,0,23.8,1,1,13086,1,22981,15059,23629,1,15070,20945,15070,13505,14344,13505,14058,11515,15370,19908,369,12854,588,8846,132,17725,18597,23528,21148,2246,150,18438,1,7:33
2024-25,1629646,Charles Bassey,Charles,1610612759,SAS,San Antonio Spurs,0022400313,2024-12-01T00:00:00,SAS @ SAC,W,5.691666666666666,0.0,12.7,0.0,0.0,0.0,0.0,0.0,0.0,0.0,12.7,0.0,12.7,6.3,6.3,0.0,0.0,0.0,25.3,0.0,0.0,-88.6,18.3,0,0,19.0,1,1,13086,1,23707,22635,12482,22635,15070,20945,15070,13505,14344,13505,212,22137,3031,4992,1210,12854,8263,8846,65,17725,23200,26077,21946,2246,150,21404,1,5:42
2024-25,1642349,Ajay Mitchell,Ajay,1610612760,OKC,Oklahoma City Thunder,0022400310,2024-12-01T00:00:00,OKC @ HOU,L,7.233333333333333,0.0,19.9,0.0,0.0,5.0,0.0,0.0,0.0,0.0,5.0,0.0,5.0,0.0,5.0,0.0,0.0,10.0,5.0,5.0,0.0,-24.9,1.0,0,0,5.0,1,13222,1,13222,23081,22635,3030,22635,15070,13261,15070,13505,14344,13505,2397,22137,14855,19908,2367,12854,8263,68,4664,4162,23200,22785,25211,2246,150,25107,1,7:14
2024-25,1630592,Jalen Wilson,Jalen,1610612751,BKN,Brooklyn Nets,0022400305,2024-12-01T00:00:00,BKN vs. ORL,L,21.548333333333332,1.7,3.3,0.5,1.7,3.3,0.5,3.3,3.3,1.0,0.0,5.0,5.0,0.0,1.7,1.7,0.0,0.0,8.4,5.0,8.4,-8.4,17.7,0,0,18.4,1,13222,1,13222,14906,21931,24370,8526,11480,16979,3944,7020,9207,1,14058,10851,14765,19908,12040,7718,8263,8846,1202,4093,19621,17123,22213,2246,150,21677,1,21:33
2024-25,1642281,Jaylon Tyson,Jaylon,1610612739,CLE,Cleveland Cavaliers,0022400307,2024-12-01T00:00:00,CLE vs. BOS,W,3.95,0.0,0.0,0.0,0.0,0.0,0.0,0.0,0.0,0.0,0.0,9.1,9.1,0.0,0.0,0.0,0.0,0.0,18.2,0.0,0.0,-27.3,10.9,0,0,9.1,1,1,13086,1,24514,22635,24836,22635,15070,20945,15070,13505,14344,13505,14058,3392,6567,19908,16469,12854,8263,8846,149,17725,23200,23298,24251,2246,150,24586,1,3:57
2024-25,1628380,Zach Collins,Zach,1610612759,SAS,San Antonio Spurs,0022400313,2024-12-01T00:00:00,SAS @ SAC,W,5.701666666666667,0.0,0.0,0.0,0.0,0.0,0.0,0.0,0.0,0.0,0.0,0.0,0.0,6.3,6.3,0.0,0.0,0.0,6.3,0.0,0.0,-18.9,3.2,0,0,6.3,1,1,13086,1,23700,22635,24836,22635,15070,20945,15070,13505,14344,13505,14058,22137,23286,5001,1218,12854,8263,8846,2591,17725,23200,21221,25121,2246,150,24969,1,5:42
2024-25,1642419,Jamison Battle,Jamison,1610612761,TOR,Toronto Raptors,0022400309,2024-12-01T00:00:00,TOR vs. MIA,W,13.558333333333334,2.7,8.0,0.333,2.7,8.0,0.333,0.0,0.0,0.0,0.0,5.3,5.3,2.7,2.7,0.0,0.0,0.0,0.0,0.0,8.0,-8.0,15.7,0,0,18.6,1,1,13086,1,20452,20177,20318,17395,7670,6511,9209,13505,14344,13505,14058,10006,14021,14029,7674,12854,8263,8846,20257,17725,19948,16961,22966,2246,150,21593,1,13:34
2024-25,203939,Dwight Powell,Dwight,1610612742,DAL,Dallas Mavericks,0022400312,2024-12-01T00:00:00,DAL @ POR,W,15.4,4.7,4.7,1.0,0.0,0.0,0.0,2.3,4.7,0.5,4.7,0.0,4.7,2.3,0.0,0.0,0.0,0.0,4.7,7.0,11.7,2.3,20.8,0,0,18.7,1,1,13086,1,19307,15297,23701,1,15070,20945,15070,9499,6526,10625,2707,22137,15624,15092,16469,12854,8263,8846,5349,1653,16471,11443,20787,2246,150,21534,1,15:24
2024-25,201587,Nicolas Batum,Nicolas,1610612746,LAC,LA Clippers,0022400314,2024-12-01T00:00:00,LAC vs. DEN,W,23.116666666666667,1.6,3.1,0.5,1.6,3.1,0.5,0.0,0.0,0.0,3.1,1.6,4.7,7.8,0.0,0.0,0.0,0.0,4.7,0.0,4.7,14.0,22.0,0,0,18.7,1,1,13086,1,13622,22097,24453,8526,11838,17433,3944,13505,14344,13505,5107,20754,15643,3095,16469,12854,8263,8846,5358,17725,22201,6005,20169,2246,150,21542,1,23:07
2024-25,1631132,Christian Koloko,Christian,1610612747,LAL,Los Angeles Lakers,0022400311,2024-12-01T00:00:00,LAL @ UTA,W,9.216666666666667,0.0,0.0,0.0,0.0,0.0,0.0,0.0,0.0,0.0,0.0,3.9,3.9,0.0,0.0,0.0,0.0,0.0,0.0,3.9,0.0,-19.5,4.7,0,0,3.9,1,1,13086,1,22375,22635,24836,22635,15070,20945,15070,13505,14344,13505,14058,14004,17552,19908,16469,12854,8263,8846,20257,6546,23200,21406,25032,2246,150,25193,1,9:13
2024-25,1630198,Isaiah Joe,Isaiah,1610612760,OKC,Oklahoma City Thunder,0022400310,2024-12-01T00:00:00,OKC @ HOU,L,13.266666666666667,0.0,2.7,0.0,0.0,2.7,0.0,0.0,0.0,0.0,0.0,0.0,0.0,5.4,5.4,0.0,0.0,0.0,5.4,5.4,0.0,-8.1,2.7,0,0,5.4,1,13222,1,13222,20616,22635,24581,22635,15070,18234,15070,13505,14344,13505,14058,22137,23286,6582,1876,12854,8263,8846,3806,3439,23200,17031,25136,2246,150,25060,1,13:16
2024-25,1630695,Micah Potter,Micah,1610612762,UTA,Utah Jazz,0022400311,2024-12-01T00:00:00,UTA vs. LAL,L,15.183333333333334,0.0,2.4,0.0,0.0,2.4,0.0,0.0,0.0,0.0,0.0,4.7,4.7,0.0,0.0,0.0,0.0,0.0,2.4,2.4,0.0,16.6,5.7,0,0,4.7,1,13222,1,13222,19447,22635,24685,22635,15070,18863,15070,13505,14344,13505,14058,11590,15464,19908,16469,12854,8263,8846,13343,11461,23200,5043,24949,2246,150,25132,1,15:11
2024-25,203468,CJ McCollum,CJ,1610612740,NOP,New Orleans Pelicans,0022400308,2024-12-01T00:00:00,NOP @ NYK,L,25.2,8.6,22.9,0.375,0.0,4.3,0.0,1.4,1.4,1.0,1.4,2.9,4.3,4.3,0.0,1.4,0.0,2.9,2.9,2.9,18.6,-31.4,34.4,0,0,30.0,1,13222,1,13222,11832,5483,1428,16299,15070,14951,15070,11958,13565,1,10634,17212,16568,9167,16469,8760,8263,1525,11375,9737,9246,23952,11493,2246,150,13941,1,25:12
2024-25,1628449,Chris Boucher,Chris,1610612761,TOR,Toronto Raptors,0022400309,2024-12-01T00:00:00,TOR vs. MIA,W,15.95,6.8,15.8,0.429,0.0,9.0,0.0,4.5,4.5,1.0,0.0,4.5,4.5,0.0,0.0,2.3,4.5,0.0,4.5,2.3,18.1,38.4,43.8,0,0,36.1,1,1,13086,1,18962,9492,7413,13735,15070,4779,15070,4813,6816,1,14058,12225,16018,19908,16469,5194,680,8846,5745,11908,9788,1087,5775,2246,150,9291,1,15:57
2024-25,1629655,Daniel Gafford,Daniel,1610612742,DAL,Dallas Mavericks,0022400312,2024-12-01T00:00:00,DAL @ POR,W,27.15,9.3,14.6,0.636,0.0,0.0,0.0,6.6,9.3,0.714,1.3,4.0,5.3,5.3,1.3,0.0,0.0,0.0,2.7,6.6,25.2,14.6,38.2,0,0,35.8,1,1,13086,1,10234,4236,9228,4689,15070,20945,15070,2294,1723,9244,11067,13792,14035,6810,13687,12854,8263,8846,12237,1959,4130,5784,8900,2246,150,9513,1,27:09
2024-25,1627747,Caris LeVert,Caris,1610612739,CLE,Cleveland Cavaliers,0022400307,2024-12-01T00:00:00,CLE vs. BOS,W,23.416666666666668,9.2,16.9,0.545,1.5,6.1,0.25,0.0,0.0,0.0,0.0,9.2,9.2,1.5,7.7,1.5,0.0,1.5,1.5,0.0,20.0,6.1,30.3,0,0,35.4,1,1,13086,1,13374,4323,5902,7695,11904,10321,11902,13505,14344,13505,14058,3276,6410,17848,664,8244,8263,4635,17091,17725,7932,9551,14590,2246,150,9831,1,23:25
2024-25,204456,T.J. McConnell,T.J.,1610612754,IND,Indiana Pacers,0022400306,2024-12-01T00:00:00,IND @ MEM,L,22.05666666666667,9.8,14.7,0.667,1.6,1.6,1.0,3.3,3.3,1.0,1.6,4.9,6.5,6.5,3.3,1.6,0.0,1.6,4.9,1.6,24.5,1.6,43.7,0,0,42.4,1,13222,1,13222,14458,3483,9074,3281,11589,20134,1,7175,9394,1,9804,11169,11109,4664,5621,7880,8263,4357,4846,14520,4498,11818,5792,2246,150,5443,1,22:03
2024-25,1641708,Amen Thompson,Amen,1610612745,HOU,Houston Rockets,0022400310,2024-12-01T00:00:00,HOU vs. OKC,W,26.283333333333335,5.5,15.1,0.364,0.0,2.7,0.0,1.4,4.1,0.333,4.1,4.1,8.2,1.4,1.4,0.0,0.0,1.4,5.5,2.7,12.3,-6.8,22.9,0,0,21.9,1,1,13086,1,10915,13040,8494,16861,15070,18185,15070,12105,7609,13132,3435,13393,7910,18432,13459,12854,8263,5311,3735,10194,15794,16449,19635,2246,150,19719,1,26:17
2024-25,1630530,Trey Murphy III,Trey,1610612740,NOP,New Orleans Pelicans,0022400308,2024-12-01T00:00:00,NOP @ NYK,L,29.033333333333335,3.7,17.4,0.214,3.7,11.2,0.333,2.5,2.5,1.0,1.2,3.7,5.0,2.5,1.2,1.2,0.0,2.5,2.5,2.5,13.6,-42.2,25.8,0,0,27.3,1,13222,1,13222,8644,17777,5394,21369,4648,2368,9209,9106,11253,1,11535,14571,14905,14616,14162,9865,8263,2072,12877,11064,14339,24993,17757,2246,150,15967,1,29:02
2024-25,1629611,Terance Mann,Terance,1610612746,LAC,LA Clippers,0022400314,2024-12-01T00:00:00,LAC vs. DEN,W,24.933333333333334,8.7,10.1,0.857,2.9,2.9,1.0,1.4,2.9,0.5,2.9,1.4,4.3,1.4,1.4,0.0,0.0,1.4,2.9,1.4,21.7,15.9,27.6,0,0,30.3,1,1,13086,1,12062,5323,16888,1412,6903,17884,1,11918,10262,10625,5616,21001,16452,18196,13033,12854,8263,5003,11231,15261,6498,5293,16518,2246,150,13696,1,24:56
2024-25,1630553,Keon Johnson,Keon,1610612751,BKN,Brooklyn Nets,0022400305,2024-12-01T00:00:00,BKN vs. ORL,L,31.983333333333334,5.6,14.6,0.385,2.3,9.0,0.25,0.0,0.0,0.0,0.0,4.5,4.5,2.3,1.1,2.3,0.0,0.0,5.6,3.4,13.5,10.1,27.9,0,0,27.0,1,13222,1,13222,5982,12622,9154,16070,9041,4821,11902,13505,14344,13505,14058,12257,16049,15431,14972,5214,8263,8846,3503,8027,14496,7632,16290,2246,150,16145,1,31:59
2024-25,1642367,Jonathan Mogbo,Jonathan,1610612761,TOR,Toronto Raptors,0022400309,2024-12-01T00:00:00,TOR vs. MIA,W,13.533333333333333,2.7,5.3,0.5,0.0,2.7,0.0,2.7,2.7,1.0,5.3,13.3,18.6,16.0,5.3,0.0,0.0,0.0,5.3,2.7,8.0,23.9,48.9,0,0,42.6,1,1,13086,1,20469,20169,23241,8526,15070,18330,15070,8664,10840,1,2076,928,766,216,1986,12854,8263,8846,3986,10437,19937,3037,3642,2246,150,5370,1,13:32
2024-25,1641710,Anthony Black,Anthony,1610612753,ORL,Orlando Magic,0022400305,2024-12-01T00:00:00,ORL @ BKN,W,20.011666666666667,3.6,3.6,1.0,0.0,0.0,0.0,1.8,5.4,0.333,0.0,7.2,7.2,1.8,3.6,0.0,1.8,0.0,1.8,9.0,9.0,18.0,22.1,0,0,21.6,1,1,13086,1,16009,18088,24271,1,15070,20945,15070,11244,5319,13132,14058,6008,9757,17089,4785,12854,4063,8846,16196,662,19090,4563,20064,2246,150,19907,1,20:01
2024-25,1642266,Ja'Kobe Walter,Ja'Kobe,1610612761,TOR,Toronto Raptors,0022400309,2024-12-01T00:00:00,TOR vs. MIA,W,17.1,10.5,21.1,0.5,4.2,8.4,0.5,0.0,0.0,0.0,2.1,4.2,6.3,0.0,0.0,0.0,0.0,2.1,8.4,0.0,25.3,-25.3,32.8,0,0,35.8,1,1,13086,1,18200,2690,2309,8526,3543,5710,3944,13505,14344,13505,7933,13081,11573,19908,16469,12854,8263,2908,1176,17725,4081,22861,12696,2246,150,9522,1,17:06
2024-25,201567,Kevin Love,Kevin,1610612748,MIA,Miami Heat,0022400309,2024-12-01T00:00:00,MIA @ TOR,L,9.603333333333333,3.7,18.7,0.2,0.0,7.5,0.0,11.2,15.0,0.75,15.0,3.7,18.7,3.7,0.0,0.0,0.0,3.7,15.0,7.5,18.7,-63.7,46.9,0,0,41.2,1,13222,1,13222,22242,17713,3975,21401,15070,7412,15070,443,353,8186,132,14471,742,10649,16469,12854,8263,771,241,1329,9086,25761,4368,2246,150,6055,1,9:36
2024-25,1629640,Keldon Johnson,Keldon,1610612759,SAS,San Antonio Spurs,0022400313,2024-12-01T00:00:00,SAS @ SAC,W,29.183333333333334,7.4,12.3,0.6,3.7,4.9,0.75,2.5,4.9,0.5,0.0,4.9,4.9,1.2,0.0,0.0,0.0,0.0,3.7,2.5,21.0,-12.3,28.7,0,0,30.8,1,1,13086,1,8521,8009,13019,5394,4699,13354,1542,9143,6058,10625,14058,11071,14964,18900,16469,12854,8263,8846,8072,11109,7101,18876,15685,2246,150,13304,1,29:11
2024-25,1629652,Luguentz Dort,Luguentz,1610612760,OKC,Oklahoma City Thunder,0022400310,2024-12-01T00:00:00,OKC @ HOU,L,26.903333333333332,2.7,8.0,0.333,2.7,6.7,0.4,0.0,0.0,0.0,1.3,2.7,4.0,8.0,0.0,1.3,2.7,0.0,8.0,0.0,8.0,2.7,36.9,0,0,30.8,1,13222,1,13222,10415,20142,20220,17395,7609,9119,7874,13505,14344,13505,11027,17756,17286,2862,16469,9254,2115,8846,1355,17725,19902,11279,9750,2246,150,13341,1,26:54
2024-25,203932,Aaron Gordon,Aaron,1610612743,DEN,Denver Nuggets,0022400314,2024-12-01T00:00:00,DEN @ LAC,L,23.8,6.1,10.6,0.571,1.5,3.0,0.5,1.5,1.5,1.0,0.0,1.5,1.5,6.1,1.5,1.5,0.0,0.0,3.0,4.5,15.1,-10.6,29.0,0,0,27.2,1,13222,1,13222,13075,11360,16062,6538,11987,17598,3944,11768,13473,1,14058,20851,22557,5395,12688,8355,8263,8846,10598,5057,12781,18141,15457,2246,150,16000,1,23:48
2024-25,1626167,Myles Turner,Myles,1610612754,IND,Indiana Pacers,0022400306,2024-12-01T00:00:00,IND @ MEM,L,31.295,3.5,12.7,0.273,2.3,9.2,0.25,4.6,4.6,1.0,1.2,5.8,6.9,2.3,2.3,0.0,1.2,1.2,3.5,2.3,13.8,-11.5,26.7,0,0,27.6,1,13222,1,13222,6627,18423,12480,20048,8845,4522,11902,4682,6655,1,12101,8916,10321,15226,9065,12854,6485,6628,8884,11736,14150,18537,17163,2246,150,15713,1,31:18
2024-25,1630578,Alperen Sengun,Alperen,1610612745,HOU,Houston Rockets,0022400310,2024-12-01T00:00:00,HOU vs. OKC,W,37.983333333333334,6.6,16.1,0.412,0.0,0.9,0.0,5.7,7.6,0.75,4.7,8.5,13.3,8.5,0.9,0.0,0.9,0.9,1.9,4.7,19.0,0.0,49.6,1,0,42.7,1,1,13086,1,1394,9856,6965,14791,15070,20901,15070,3194,2831,8186,2625,4019,2627,2397,16161,12854,7844,8359,15706,4642,8901,12240,3389,1,150,5332,1,37:59
2024-25,1629750,Javonte Green,Javonte,1610612740,NOP,New Orleans Pelicans,0022400308,2024-12-01T00:00:00,NOP @ NYK,L,22.75,3.2,6.3,0.5,0.0,3.2,0.0,1.6,7.9,0.2,1.6,4.7,6.3,0.0,3.2,3.2,3.2,0.0,1.6,4.7,7.9,-22.2,31.3,0,0,26.9,1,13222,1,13222,13906,19070,22295,8526,15070,17333,15070,11628,2580,13489,9989,11577,11543,19908,5927,2808,1511,8846,16924,4617,19985,22113,13800,2246,150,16225,1,22:45
2024-25,1641794,Dillon Jones,Dillon,1610612760,OKC,Oklahoma City Thunder,0022400310,2024-12-01T00:00:00,OKC @ HOU,L,10.766666666666667,3.3,10.0,0.333,3.3,10.0,0.333,6.7,6.7,1.0,0.0,6.7,6.7,3.3,0.0,0.0,0.0,0.0,0.0,3.3,16.7,26.7,29.8,0,0,30.1,1,13222,1,13222,21817,18650,16996,17395,5528,3456,9209,2249,3671,1,14058,6913,10755,11838,16469,12854,8263,8846,20257,8113,11148,2476,14969,2246,150,13876,1,10:46
2024-25,1641729,Brice Sensabaugh,Brice,1610612762,UTA,Utah Jazz,0022400311,2024-12-01T00:00:00,UTA vs. LAL,L,16.951666666666668,4.2,12.7,0.333,4.2,12.7,0.333,0.0,0.0,0.0,0.0,4.2,4.2,6.4,2.1,0.0,0.0,2.1,4.2,0.0,12.7,-34.0,25.3,0,0,27.6,1,13222,1,13222,18282,16468,12311,17395,3489,1409,9209,13505,14344,13505,14058,12978,16689,4897,9888,12854,8263,2857,6434,17725,15346,24301,18096,2246,150,15714,1,16:57
2024-25,1629008,Michael Porter Jr.,Michael,1610612743,DEN,Denver Nuggets,0022400314,2024-12-01T00:00:00,DEN @ LAC,L,31.66,9.1,12.5,0.727,1.1,1.1,1.0,1.1,4.5,0.25,0.0,8.0,8.0,1.1,1.1,0.0,0.0,1.1,3.4,2.3,20.5,3.4,30.6,0,0,30.7,1,13222,1,13222,6276,4534,12717,2666,13733,20700,1,12795,6750,13358,14058,4763,8345,19238,14892,12854,8263,6737,9038,11846,7532,10925,14358,2246,150,13394,1,31:40
2024-25,1629048,Goga Bitadze,Goga,1610612753,ORL,Orlando Magic,0022400305,2024-12-01T00:00:00,ORL @ BKN,W,31.8,4.5,6.8,0.667,0.0,0.0,0.0,4.5,6.8,0.667,4.5,10.2,14.7,2.3,1.1,3.4,2.3,0.0,4.5,3.4,13.6,17.0,50.5,1,0,41.9,1,1,13086,1,6154,15678,21789,3281,15070,20945,15070,4783,3571,9425,2890,2433,1905,15369,14917,2389,2812,8846,5710,7959,14391,4917,3131,1,150,5710,1,31:48
2024-25,1629312,Haywood Highsmith,Haywood,1610612748,MIA,Miami Heat,0022400309,2024-12-01T00:00:00,MIA @ TOR,L,27.013333333333332,4.0,8.0,0.5,1.3,4.0,0.333,0.0,0.0,0.0,0.0,5.3,5.3,0.0,0.0,1.3,4.0,0.0,2.7,0.0,9.3,4.0,31.7,0,0,26.7,1,13222,1,13222,10328,17098,20272,8526,12723,15590,9209,13505,14344,13505,14058,9954,13969,19908,16469,9290,918,8846,12183,17725,18787,10651,13537,2246,150,16431,1,27:01
2024-25,1642263,Reed Sheppard,Reed,1610612745,HOU,Houston Rockets,0022400310,2024-12-01T00:00:00,HOU vs. OKC,W,9.55,3.8,18.8,0.2,3.8,15.1,0.25,7.5,7.5,1.0,0.0,0.0,0.0,0.0,0.0,3.8,0.0,0.0,3.8,3.8,18.8,18.8,30.2,0,0,30.2,1,1,13086,1,22263,17647,3883,21401,4526,673,11902,1643,2860,1,14058,22137,23286,19908,16469,1884,8263,8846,7837,6935,8996,4298,14693,2246,150,13829,1,9:33
2024-25,1629216,Gabe Vincent,Gabe,1610612747,LAL,Los Angeles Lakers,0022400311,2024-12-01T00:00:00,LAL @ UTA,W,31.498333333333335,4.6,5.7,0.8,2.3,3.4,0.667,0.0,0.0,0.0,0.0,3.4,3.4,2.3,0.0,1.1,0.0,0.0,3.4,1.1,11.4,-9.1,22.4,0,0,21.7,1,1,13086,1,6417,15566,22892,1688,8903,16812,1957,13505,14344,13505,14058,15434,18702,15287,16469,10654,8263,8846,8974,16695,16748,17497,19926,2246,150,19833,1,31:30
2024-25,1641712,Rayan Rupert,Rayan,1610612757,POR,Portland Trail Blazers,0022400312,2024-12-01T00:00:00,POR vs. DAL,L,3.433333333333333,10.5,10.5,1.0,10.5,10.5,1.0,0.0,0.0,0.0,0.0,0.0,0.0,0.0,0.0,0.0,0.0,0.0,10.5,0.0,31.5,41.9,31.5,0,0,41.9,1,13222,1,13222,24743,2726,16237,1,187,2986,1,13505,14344,13505,14058,22137,23286,19908,16469,12854,8263,8846,611,17725,1649,843,13700,2246,150,5679,1,3:26
2024-25,1628379,Luke Kennard,Luke,1610612763,MEM,Memphis Grizzlies,0022400306,2024-12-01T00:00:00,MEM vs. IND,W,13.608333333333333,5.3,10.6,0.5,2.6,5.3,0.5,2.6,2.6,1.0,0.0,7.9,7.9,2.6,0.0,2.6,0.0,0.0,0.0,0.0,15.9,13.2,37.3,0,0,34.4,1,1,13086,1,20418,13560,16082,8526,7696,12485,3944,8699,10870,1,14058,4800,8395,14063,16469,4029,8263,8846,20257,17725,12059,6297,9472,2246,150,10533,1,13:37
2024-25,1630526,Jeremiah Robinson-Earl,Jeremiah,1610612740,NOP,New Orleans Pelicans,0022400308,2024-12-01T00:00:00,NOP @ NYK,L,19.516666666666666,1.8,7.4,0.25,0.0,1.8,0.0,0.0,0.0,0.0,1.8,5.5,7.4,0.0,1.8,0.0,0.0,0.0,3.7,0.0,3.7,-51.6,10.7,0,0,11.1,1,13222,1,13222,16401,21672,21100,20233,15070,19841,15070,13505,14344,13505,9066,9445,9414,19908,11343,12854,8263,8846,8124,17725,22694,25460,24299,2246,150,24207,1,19:31
2024-25,1631124,Julian Strawther,Julian,1610612743,DEN,Denver Nuggets,0022400314,2024-12-01T00:00:00,DEN @ LAC,L,18.963333333333335,11.4,13.3,0.857,3.8,5.7,0.667,1.9,1.9,1.0,1.9,1.9,3.8,3.8,1.9,0.0,0.0,0.0,3.8,3.8,28.5,-3.8,36.8,0,0,39.9,1,13222,1,13222,16866,1945,11321,1412,4449,11464,1957,10957,12982,1,8820,19977,17827,10503,11054,12854,8263,8846,7748,6858,2602,14948,9817,2246,150,6854,1,18:58
2024-25,1631095,Jabari Smith Jr.,Jabari,1610612745,HOU,Houston Rockets,0022400310,2024-12-01T00:00:00,HOU vs. OKC,W,40.03333333333333,5.4,13.5,0.4,2.7,8.1,0.333,0.0,0.0,0.0,1.8,10.8,12.6,0.0,0.9,0.0,2.7,0.0,1.8,1.8,13.5,9.0,35.8,1,0,34.2,1,1,13086,1,553,13286,11023,14933,7549,6300,9209,13505,14344,13505,9245,2027,3072,19908,16348,12854,2087,8846,16197,13947,14518,8185,10514,1,150,10723,1,40:02
2024-25,1641724,Jett Howard,Jett,1610612753,ORL,Orlando Magic,0022400305,2024-12-01T00:00:00,ORL @ BKN,W,9.783333333333333,0.0,3.7,0.0,0.0,3.7,0.0,0.0,0.0,0.0,0.0,0.0,0.0,0.0,0.0,0.0,0.0,0.0,7.4,0.0,0.0,-11.0,0.0,0,0,0.0,1,1,13086,1,22179,22635,24237,22635,15070,16263,15070,13505,14344,13505,14058,22137,23286,19908,16469,12854,8263,8846,1736,17725,23200,18338,25228,2246,150,25259,1,9:47
2024-25,1629028,Deandre Ayton,Deandre,1610612757,POR,Portland Trail Blazers,0022400312,2024-12-01T00:00:00,POR vs. DAL,L,31.68166666666667,9.1,12.5,0.727,0.0,1.1,0.0,2.3,3.4,0.667,2.3,5.7,8.0,3.4,5.7,1.1,0.0,0.0,5.7,3.4,20.5,-6.8,32.8,0,0,34.1,1,13222,1,13222,6254,4552,12734,2666,15070,20701,15070,9718,9076,9425,7341,9089,8357,11665,1655,10711,8263,8846,3424,7925,7545,16431,12697,2246,150,10784,1,31:41
2024-25,1628370,Malik Monk,Malik,1610612758,SAC,Sacramento Kings,0022400313,2024-12-01T00:00:00,SAC vs. SAS,L,36.766666666666666,6.9,13.7,0.5,4.9,9.8,0.5,0.0,0.0,0.0,0.0,6.9,6.9,5.9,2.0,1.0,1.0,0.0,2.9,1.0,18.6,0.0,39.6,0,0,40.1,1,13222,1,13222,2141,9286,10643,8526,2412,3737,3944,13505,14344,13505,14058,6619,10423,5714,10734,12135,7629,8846,11002,17456,9217,12240,8038,2246,150,6702,1,36:46
2024-25,1629650,Moses Brown,Moses,1610612754,IND,Indiana Pacers,0022400306,2024-12-01T00:00:00,IND @ MEM,L,2.74,0.0,0.0,0.0,0.0,0.0,0.0,0.0,0.0,0.0,0.0,0.0,0.0,0.0,0.0,0.0,0.0,0.0,0.0,0.0,0.0,0.0,0.0,0,0,0.0,1,13222,1,13222,25092,22635,24836,22635,15070,20945,15070,13505,14344,13505,14058,22137,23286,19908,16469,12854,8263,8846,20257,17725,23200,12240,25228,2246,150,25259,1,2:44
2024-25,1631101,Shaedon Sharpe,Shaedon,1610612757,POR,Portland Trail Blazers,0022400312,2024-12-01T00:00:00,POR vs. DAL,L,36.93333333333333,9.7,19.5,0.5,1.9,5.8,0.333,0.0,0.0,0.0,1.0,2.9,3.9,2.9,2.9,1.9,0.0,0.0,1.9,0.0,21.4,-1.0,33.4,0,0,34.1,1,13222,1,13222,2028,3541,3346,8526,10398,11081,9209,13505,14344,13505,13460,16995,17570,13189,6749,6503,8263,8846,15407,17725,6698,13518,12234,2246,150,10766,1,36:56
2024-25,1641783,Tristan da Silva,Tristan,1610612753,ORL,Orlando Magic,0022400305,2024-12-01T00:00:00,ORL @ BKN,W,22.75,3.2,11.1,0.286,0.0,7.9,0.0,0.0,0.0,0.0,0.0,6.3,6.3,4.7,3.2,1.6,0.0,0.0,0.0,0.0,6.3,-17.4,22.6,0,0,20.6,1,1,13086,1,13906,19070,15229,19630,15070,6595,15070,13505,14344,13505,14058,7636,11543,8057,5927,8054,8263,8846,20257,17725,21170,20746,19795,2246,150,20526,1,22:45
2024-25,1628389,Bam Adebayo,Bam,1610612748,MIA,Miami Heat,0022400309,2024-12-01T00:00:00,MIA @ TOR,L,38.6,4.7,12.1,0.385,0.9,1.9,0.5,1.9,1.9,1.0,3.7,14.9,18.7,6.5,4.7,0.9,0.0,1.9,2.8,3.7,12.1,14.0,42.4,1,0,40.1,1,13222,1,13222,1058,15332,13375,16070,14862,19802,3944,11066,13079,1,3990,592,759,4665,2766,12491,8263,3690,11656,7048,16008,6016,6407,1,150,6727,1,38:36
2024-25,1641739,Toumani Camara,Toumani,1610612757,POR,Portland Trail Blazers,0022400312,2024-12-01T00:00:00,POR vs. DAL,L,36.43333333333333,5.9,9.9,0.6,4.9,6.9,0.714,0.0,0.0,0.0,3.0,4.0,6.9,4.0,2.0,1.0,0.0,0.0,1.0,1.0,16.8,4.0,32.0,0,0,34.6,1,13222,1,13222,2379,11713,17284,5394,2353,8632,1861,13505,14344,13505,5429,13870,10297,10063,10633,12051,8263,8846,19771,17432,11072,10676,13314,2246,150,10380,1,36:26
2024-25,1628415,Dillon Brooks,Dillon,1610612745,HOU,Houston Rockets,0022400310,2024-12-01T00:00:00,HOU vs. OKC,W,29.366666666666667,7.4,13.5,0.545,2.5,4.9,0.5,2.5,2.5,1.0,2.5,6.1,8.6,3.7,0.0,0.0,0.0,0.0,6.1,1.2,19.6,0.0,35.4,0,0,34.3,1,1,13086,1,8334,8110,11026,7695,8317,13433,3944,9194,11336,1,6778,8042,7346,10853,16469,12854,8263,8846,2791,16267,8245,12240,10786,2246,150,10585,1,29:22
2024-25,1642261,Dalton Knecht,Dalton,1610612747,LAL,Los Angeles Lakers,0022400311,2024-12-01T00:00:00,LAL @ UTA,W,30.333333333333332,2.4,11.9,0.2,1.2,5.9,0.2,1.2,2.4,0.5,3.6,4.7,8.3,1.2,0.0,1.2,0.0,2.4,5.9,1.2,7.1,-22.5,22.4,0,0,20.2,1,1,13086,1,7467,20718,13824,21401,13439,10848,13429,12640,11562,10625,4285,11577,7753,19062,16469,10295,8263,2280,3033,16470,20616,22229,19911,2246,150,20767,1,30:20
2024-25,1642530,Yuki Kawamura,Yuki,1610612763,MEM,Memphis Grizzlies,0022400306,2024-12-01T00:00:00,MEM vs. IND,W,1.3166666666666667,0.0,0.0,0.0,0.0,0.0,0.0,0.0,0.0,0.0,0.0,0.0,0.0,0.0,0.0,0.0,0.0,0.0,27.3,0.0,0.0,54.7,0.0,0,0,0.0,1,1,13086,1,25907,22635,24836,22635,15070,20945,15070,13505,14344,13505,14058,22137,23286,19908,16469,12854,8263,8846,53,17725,23200,435,25228,2246,150,25259,1,1:19
2024-25,203500,Steven Adams,Steven,1610612745,HOU,Houston Rockets,0022400310,2024-12-01T00:00:00,HOU vs. OKC,W,3.5,0.0,0.0,0.0,0.0,0.0,0.0,10.3,20.6,0.5,0.0,10.3,10.3,0.0,0.0,0.0,0.0,0.0,0.0,10.3,10.3,51.4,22.6,0,0,20.6,1,1,13086,1,24704,22635,24836,22635,15070,20945,15070,623,130,10625,14058,2361,5131,19908,16469,12854,8263,8846,20257,363,17866,515,19794,2246,150,20526,1,3:30
2024-25,1627826,Ivica Zubac,Ivica,1610612746,LAC,LA Clippers,0022400314,2024-12-01T00:00:00,LAC vs. DEN,W,35.11,2.1,9.2,0.222,0.0,0.0,0.0,2.1,5.1,0.4,3.1,5.1,8.2,5.1,3.1,0.0,0.0,0.0,2.1,4.1,6.2,10.3,20.6,0,0,19.5,1,1,13086,1,3382,21315,18361,21205,15070,20945,15070,10462,5716,13061,5180,10485,7932,7185,6204,12854,8263,8846,14875,6051,21284,7583,20894,2246,150,21160,1,35:07
2024-25,1628464,Daniel Theis,Daniel,1610612740,NOP,New Orleans Pelicans,0022400308,2024-12-01T00:00:00,NOP @ NYK,L,6.866666666666666,5.2,10.5,0.5,0.0,0.0,0.0,0.0,0.0,0.0,0.0,0.0,0.0,0.0,5.2,0.0,0.0,5.2,0.0,0.0,10.5,-73.4,5.2,0,0,10.5,1,13222,1,13222,23223,13687,16237,8526,15070,20945,15070,13505,14344,13505,14058,22137,23286,19908,2067,12854,8263,317,20257,17725,17673,25929,24988,2246,150,24333,1,6:52
2024-25,1641810,Antonio Reeves,Antonio,1610612740,NOP,New Orleans Pelicans,0022400308,2024-12-01T00:00:00,NOP @ NYK,L,19.416666666666668,1.9,11.1,0.167,0.0,3.7,0.0,0.0,0.0,0.0,1.9,1.9,3.7,0.0,1.9,1.9,0.0,3.7,3.7,0.0,3.7,1.9,11.9,0,0,11.1,1,13222,1,13222,16483,21655,15152,21938,15070,16197,15070,13505,14344,13505,9024,20101,18052,19908,11297,7008,8263,795,8049,17725,22685,11705,24044,2246,150,24192,1,19:25
2024-25,1642402,Enrique Freeman,Enrique,1610612754,IND,Indiana Pacers,0022400306,2024-12-01T00:00:00,IND @ MEM,L,2.7333333333333334,0.0,13.2,0.0,0.0,0.0,0.0,0.0,0.0,0.0,0.0,0.0,0.0,0.0,0.0,0.0,0.0,0.0,0.0,0.0,0.0,0.0,0.0,0,0,0.0,1,13222,1,13222,25094,22635,11539,22635,15070,20945,15070,13505,14344,13505,14058,22137,23286,19908,16469,12854,8263,8846,20257,17725,23200,12240,25228,2246,150,25259,1,2:44
2024-25,1642385,Cui Yongxi,Cui,1610612751,BKN,Brooklyn Nets,0022400305,2024-12-01T00:00:00,BKN vs. ORL,L,0.3016666666666667,0.0,0.0,0.0,0.0,0.0,0.0,0.0,0.0,0.0,0.0,0.0,0.0,0.0,0.0,0.0,0.0,0.0,0.0,0.0,0.0,0.0,0.0,0,0,0.0,1,13222,1,13222,26254,22635,24836,22635,15070,20945,15070,13505,14344,13505,14058,22137,23286,19908,16469,12854,8263,8846,20257,17725,23200,12240,25228,2246,150,25259,1,0:18
2024-25,1641998,Trey Jemison III,Trey,1610612740,NOP,New Orleans Pelicans,0022400308,2024-12-01T00:00:00,NOP @ NYK,L,14.633333333333333,0.0,4.9,0.0,0.0,0.0,0.0,0.0,4.9,0.0,0.0,7.4,7.4,0.0,0.0,0.0,2.5,0.0,4.9,2.5,0.0,-17.2,16.2,0,0,12.3,1,13222,1,13222,19803,22635,23515,22635,15070,20945,15070,13505,6079,13505,14058,5708,9409,19908,16469,12854,2447,8846,4794,11125,23200,20695,22762,2246,150,23917,1,14:38
2024-25,1642268,Isaiah Collier,Isaiah,1610612762,UTA,Utah Jazz,0022400311,2024-12-01T00:00:00,UTA vs. LAL,L,12.408333333333333,0.0,0.0,0.0,0.0,0.0,0.0,0.0,0.0,0.0,0.0,2.9,2.9,5.8,2.9,5.8,0.0,0.0,5.8,0.0,0.0,-20.3,26.7,0,0,20.3,1,13222,1,13222,21042,22635,24836,22635,15070,20945,15070,13505,14344,13505,14058,17082,19992,5852,6836,533,8263,8846,3218,17725,23200,21635,17160,2246,150,20689,1,12:25
2024-25,1631097,Bennedict Mathurin,Bennedict,1610612754,IND,Indiana Pacers,0022400306,2024-12-01T00:00:00,IND @ MEM,L,34.1,5.3,13.7,0.385,2.1,4.2,0.5,7.4,8.4,0.875,1.1,8.4,9.5,3.2,2.1,0.0,0.0,1.1,1.1,5.3,20.1,-11.6,34.1,0,0,34.8,1,13222,1,13222,4167,13601,10610,16070,9634,15069,3944,1742,2232,6931,12832,4118,6063,12427,9948,12854,8263,7439,19380,3665,7878,18579,11729,2246,150,10198,1,34:06
2024-25,1630169,Tyrese Haliburton,Tyrese,1610612754,IND,Indiana Pacers,0022400306,2024-12-01T00:00:00,IND @ MEM,L,36.89333333333333,2.9,9.8,0.3,2.0,8.8,0.222,0.0,0.0,0.0,1.0,1.0,2.0,6.8,2.0,1.0,0.0,0.0,0.0,0.0,7.8,-5.9,21.4,0,0,20.5,1,13222,1,13222,2064,19585,17460,19363,10387,5138,13288,13505,14344,13505,13456,22008,21904,4255,10772,12163,8263,8846,20257,17725,20082,16002,20491,2246,150,20585,1,36:54
2024-25,1641727,Dariq Whitehead,Dariq,1610612751,BKN,Brooklyn Nets,0022400305,2024-12-01T00:00:00,BKN vs. ORL,L,0.3016666666666667,0.0,0.0,0.0,0.0,0.0,0.0,0.0,0.0,0.0,0.0,0.0,0.0,0.0,0.0,0.0,0.0,0.0,0.0,0.0,0.0,0.0,0.0,0,0,0.0,1,13222,1,13222,26254,22635,24836,22635,15070,20945,15070,13505,14344,13505,14058,22137,23286,19908,16469,12854,8263,8846,20257,17725,23200,12240,25228,2246,150,25259,1,0:18
2024-25,1630643,Jay Huff,Jay,1610612763,MEM,Memphis Grizzlies,0022400306,2024-12-01T00:00:00,MEM vs. IND,W,6.375,0.0,11.3,0.0,0.0,11.3,0.0,0.0,0.0,0.0,5.6,5.6,11.3,0.0,5.6,0.0,0.0,0.0,0.0,0.0,0.0,-39.5,7.9,0,0,11.3,1,1,13086,1,23427,22635,14839,22635,15070,2259,15070,13505,14344,13505,1845,9174,4145,19908,1681,12854,8263,8846,20257,17725,23200,24807,24707,2246,150,24154,1,6:23
2024-25,101108,Chris Paul,Chris,1610612759,SAS,San Antonio Spurs,0022400313,2024-12-01T00:00:00,SAS @ SAC,W,33.711666666666666,4.3,10.7,0.4,3.2,7.5,0.429,2.1,2.1,1.0,0.0,2.1,2.1,10.7,2.1,1.1,1.1,0.0,1.1,3.2,13.9,15.0,36.7,1,0,34.2,1,1,13086,1,4541,16396,15930,14933,5948,7457,7394,10184,12303,1,14058,19250,21541,1124,9803,11307,7003,8846,19286,8553,14067,5644,9870,1,150,10722,1,33:43
2024-25,203935,Marcus Smart,Marcus,1610612763,MEM,Memphis Grizzlies,0022400306,2024-12-01T00:00:00,MEM vs. IND,W,23.266666666666666,6.2,12.4,0.5,1.5,4.6,0.333,10.8,12.4,0.875,0.0,1.5,1.5,9.3,4.6,1.5,0.0,0.0,3.1,7.7,24.8,10.8,40.5,0,0,40.2,1,1,13086,1,13494,10993,12930,8526,11869,14108,9209,510,685,6931,14058,20777,22508,1814,2791,8208,8263,8846,10287,1175,4333,7311,7435,2246,150,6657,1,23:16
2024-25,1628467,Maxi Kleber,Maxi,1610612742,DAL,Dallas Mavericks,0022400312,2024-12-01T00:00:00,DAL @ POR,W,27.415,0.0,6.6,0.0,0.0,2.6,0.0,2.6,2.6,1.0,3.9,5.3,9.2,0.0,1.3,0.0,0.0,0.0,1.3,2.6,2.6,-1.3,12.3,0,0,11.8,1,1,13086,1,10008,22635,22045,22635,15070,18403,15070,8744,10916,1,3672,10151,6456,19908,13746,12854,8263,8846,17984,10561,23046,13724,23934,2246,150,24024,1,27:25
2024-25,1629234,Drew Eubanks,Drew,1610612762,UTA,Utah Jazz,0022400311,2024-12-01T00:00:00,UTA vs. LAL,L,10.525,3.4,3.4,1.0,0.0,0.0,0.0,0.0,0.0,0.0,0.0,3.4,3.4,0.0,3.4,0.0,0.0,0.0,3.4,0.0,6.8,-10.3,7.5,0,0,10.3,1,13222,1,13222,21907,18498,24341,1,15070,20945,15070,13505,14344,13505,14058,15464,18737,19908,5185,12854,8263,8846,9004,17725,20834,18001,24754,2246,150,24375,1,10:32
2024-25,1631255,Karlo Matković,Karlo,1610612740,NOP,New Orleans Pelicans,0022400308,2024-12-01T00:00:00,NOP @ NYK,L,9.033333333333333,0.0,8.0,0.0,0.0,0.0,0.0,0.0,0.0,0.0,4.0,0.0,4.0,0.0,0.0,4.0,4.0,0.0,0.0,0.0,0.0,23.9,28.7,0,0,19.9,1,13222,1,13222,22439,22635,20298,22635,15070,20945,15070,13505,14344,13505,3611,22137,17349,19908,16469,1649,925,8846,20257,17725,23200,3044,15722,2246,150,20898,1,9:02
2024-25,1641732,Colby Jones,Colby,1610612758,SAC,Sacramento Kings,0022400313,2024-12-01T00:00:00,SAC vs. SAS,L,7.316666666666666,0.0,14.8,0.0,0.0,4.9,0.0,0.0,0.0,0.0,4.9,4.9,9.8,4.9,0.0,0.0,0.0,4.9,0.0,0.0,0.0,-44.3,19.2,0,0,14.8,1,13222,1,13222,23056,22635,8971,22635,15070,13389,15070,13505,14344,13505,2445,11109,5617,7642,16469,12854,8263,384,20257,17725,23200,25137,21554,2246,150,23149,1,7:19
2024-25,1627777,Georges Niang,Georges,1610612739,CLE,Cleveland Cavaliers,0022400307,2024-12-01T00:00:00,CLE vs. BOS,W,21.88,6.6,9.9,0.667,4.9,4.9,1.0,3.3,3.3,1.0,1.6,1.6,3.3,1.6,1.6,0.0,0.0,0.0,0.0,1.6,21.4,13.2,26.2,0,0,31.3,1,1,13086,1,14595,9982,17300,3281,2357,13350,1,7128,9333,1,9764,20578,19015,17523,12162,12854,8263,8846,20257,14473,6739,6318,17504,2246,150,12959,1,21:53
2024-25,1630202,Payton Pritchard,Payton,1610612738,BOS,Boston Celtics,0022400307,2024-12-01T00:00:00,BOS @ CLE,L,36.11666666666667,7.0,15.9,0.438,3.0,10.0,0.3,7.0,8.0,0.875,1.0,6.0,7.0,3.0,1.0,0.0,1.0,0.0,2.0,5.0,23.9,-11.0,38.8,0,0,38.9,1,13222,1,13222,2598,8985,7182,13558,6554,3525,11319,2020,2534,6931,13282,8375,10178,12967,15870,12854,7495,8846,15181,4146,4854,18300,8555,2246,150,7470,1,36:07
2024-25,1627884,Derrick Jones Jr.,Derrick,1610612746,LAC,LA Clippers,0022400314,2024-12-01T00:00:00,LAC vs. DEN,W,24.883333333333333,2.9,7.2,0.4,0.0,0.0,0.0,0.0,0.0,0.0,0.0,5.8,5.8,0.0,1.4,1.4,0.0,1.4,0.0,1.4,5.8,-7.2,15.6,0,0,14.5,1,1,13086,1,12108,19670,21281,14933,15070,20945,15070,13505,14344,13505,14058,8818,12790,19908,13021,8654,8263,4994,20257,15256,21536,16604,22984,2246,150,23266,1,24:53
2024-25,1628384,OG Anunoby,OG,1610612752,NYK,New York Knicks,0022400308,2024-12-01T00:00:00,NYK vs. NOP,W,31.391666666666666,2.3,11.5,0.2,0.0,3.4,0.0,3.4,4.6,0.75,1.1,3.4,4.6,2.3,2.3,3.4,4.6,1.1,1.1,3.4,8.0,36.7,38.8,0,0,31.0,1,1,13086,1,6518,20864,14527,21401,15070,16789,15070,6813,6675,8186,12138,15407,15840,15259,9101,2318,656,6659,18832,7836,19903,1225,8560,2246,150,13196,1,31:24
2024-25,1630532,Franz Wagner,Franz,1610612753,ORL,Orlando Magic,0022400305,2024-12-01T00:00:00,ORL @ BKN,W,37.96666666666667,3.8,16.1,0.235,0.0,5.7,0.0,11.4,13.3,0.857,0.9,7.6,8.5,7.6,3.8,0.0,1.9,0.0,2.8,10.4,19.0,12.3,42.5,0,0,38.9,1,1,13086,1,1402,17590,6946,21144,15070,11477,15070,427,555,7071,13664,5348,7432,3300,4344,12854,3774,8846,11442,346,8892,6667,6381,2246,150,7466,1,37:58
2024-25,1630590,Scotty Pippen Jr.,Scotty,1610612763,MEM,Memphis Grizzlies,0022400306,2024-12-01T00:00:00,MEM vs. IND,W,11.425,6.3,22.1,0.286,0.0,12.6,0.0,0.0,0.0,0.0,3.2,0.0,3.2,6.3,6.3,0.0,0.0,0.0,3.2,3.2,12.6,-6.3,19.5,0,0,22.1,1,1,13086,1,21523,10707,1792,19630,15070,1472,15070,13505,14344,13505,5036,22137,19366,5014,1225,12854,8263,8846,10078,8729,15493,16206,21391,2246,150,19648,1,11:26
2024-25,1630596,Evan Mobley,Evan,1610612739,CLE,Cleveland Cavaliers,0022400307,2024-12-01T00:00:00,CLE vs. BOS,W,35.36666666666667,4.1,13.2,0.308,0.0,2.0,0.0,1.0,2.0,0.5,1.0,9.2,10.2,4.1,5.1,1.0,3.1,2.0,3.1,2.0,9.2,7.1,34.6,0,0,31.6,1,1,13086,1,3176,16923,11423,19226,15070,19484,15070,13182,12615,10625,13112,3349,5251,9736,2237,11780,1626,3108,10471,12899,18933,9079,11368,2246,150,12734,1,35:22
2024-25,1642274,Yves Missi,Yves,1610612740,NOP,New Orleans Pelicans,0022400308,2024-12-01T00:00:00,NOP @ NYK,L,20.45,8.8,12.3,0.714,0.0,0.0,0.0,1.8,1.8,1.0,10.6,3.5,14.1,1.8,3.5,0.0,1.8,0.0,5.3,1.8,19.4,-14.1,40.7,0,0,38.7,1,13222,1,13222,15675,5074,13042,2752,15070,20945,15070,11313,13235,1,336,15173,2196,17196,4972,12854,4142,8846,4056,14076,8498,19536,7351,2246,150,7573,1,20:27
2024-25,1631108,Max Christie,Max,1610612747,LAL,Los Angeles Lakers,0022400311,2024-12-01T00:00:00,LAL @ UTA,W,30.116666666666667,2.4,7.2,0.333,0.0,2.4,0.0,9.6,12.0,0.8,1.2,4.8,6.0,2.4,0.0,0.0,0.0,0.0,0.0,6.0,14.3,12.0,25.1,0,0,22.7,1,1,13086,1,7664,20693,21354,17395,15070,18834,15070,816,777,7681,11818,11483,12347,14910,16469,12854,8263,8846,20257,2653,13556,6819,18214,2246,150,19207,1,30:07
2024-25,1631128,Christian Braun,Christian,1610612743,DEN,Denver Nuggets,0022400314,2024-12-01T00:00:00,DEN @ LAC,L,35.56333333333333,5.1,7.1,0.714,0.0,0.0,0.0,1.0,3.0,0.333,2.0,5.1,7.1,2.0,2.0,1.0,0.0,1.0,2.0,2.0,11.1,0.0,23.7,0,0,22.3,1,13222,1,13222,3028,14205,21458,2752,15070,20945,15070,13206,9885,13132,8278,10691,9983,16284,10404,11840,8263,7804,14996,12965,17048,12240,19157,2246,150,19505,1,35:34
2024-25,203084,Harrison Barnes,Harrison,1610612759,SAS,San Antonio Spurs,0022400313,2024-12-01T00:00:00,SAS @ SAC,W,26.753333333333334,4.0,9.4,0.429,0.0,1.3,0.0,2.7,2.7,1.0,2.7,6.7,9.4,2.7,1.3,0.0,0.0,2.7,0.0,1.3,10.8,2.7,24.8,0,0,22.9,1,1,13086,1,10525,17004,18083,13735,15070,20443,15070,8598,10774,1,6125,6844,6154,13935,13597,12854,8263,1756,20257,15703,17401,11268,18449,2246,150,19089,1,26:45
2024-25,1631212,Peyton Watson,Peyton,1610612743,DEN,Denver Nuggets,0022400314,2024-12-01T00:00:00,DEN @ LAC,L,28.596666666666668,7.6,11.3,0.667,1.3,2.5,0.5,0.0,0.0,0.0,2.5,3.8,6.3,2.5,1.3,1.3,1.3,0.0,2.5,0.0,16.4,1.3,34.0,0,0,31.5,1,13222,1,13222,9041,7633,14778,3281,13041,18592,3944,13505,14344,13505,6555,14397,11620,14477,14043,9728,5856,8846,12718,17725,11538,11974,11823,2246,150,12797,1,28:36
2024-25,1631117,Walker Kessler,Walker,1610612762,UTA,Utah Jazz,0022400311,2024-12-01T00:00:00,UTA vs. LAL,L,34.64833333333333,6.2,6.2,1.0,0.0,0.0,0.0,1.0,1.0,1.0,3.1,8.3,11.4,2.1,2.1,0.0,2.1,0.0,4.2,1.0,13.5,-1.0,34.5,1,0,31.2,1,13222,1,13222,3743,10878,22383,1,15070,20945,15070,13115,14156,1,5101,4264,4028,16085,10109,12854,3264,8846,6680,17221,14495,13563,11457,1,150,13025,1,34:39
2024-25,1629130,Duncan Robinson,Duncan,1610612748,MIA,Miami Heat,0022400309,2024-12-01T00:00:00,MIA @ TOR,L,21.028333333333332,5.1,20.5,0.25,3.4,12.0,0.286,0.0,0.0,0.0,1.7,0.0,1.7,3.4,6.8,0.0,0.0,1.7,3.4,1.7,13.7,-8.6,14.0,0,0,22.3,1,13222,1,13222,15278,13990,2612,20233,5325,1791,11433,13505,14344,13505,9535,22137,22285,11621,961,12854,8263,4113,8986,14230,14287,17210,23493,2246,150,19526,1,21:02
2024-25,1630166,Deni Avdija,Deni,1610612757,POR,Portland Trail Blazers,0022400312,2024-12-01T00:00:00,POR vs. DAL,L,28.716666666666665,8.8,15.0,0.583,2.5,5.0,0.5,6.3,6.3,1.0,0.0,5.0,5.0,2.5,5.0,1.3,0.0,0.0,3.8,3.8,26.3,-20.1,34.9,0,0,38.9,1,13222,1,13222,8903,5129,8534,6296,8125,13175,3944,2622,4162,1,14058,10842,14755,14521,2321,9775,8263,8846,7877,6958,3523,21566,11158,2246,150,7477,1,28:43
2024-25,1631213,Tyrese Martin,Tyrese,1610612751,BKN,Brooklyn Nets,0022400305,2024-12-01T00:00:00,BKN vs. ORL,L,7.935,0.0,4.5,0.0,0.0,0.0,0.0,0.0,0.0,0.0,0.0,4.5,4.5,9.1,0.0,0.0,4.5,0.0,0.0,0.0,0.0,13.6,32.7,0,0,22.7,1,13222,1,13222,22833,22635,23783,22635,15070,20945,15070,13505,14344,13505,14058,12160,15955,1961,16469,12854,673,8846,20257,17725,23200,6159,12827,2246,150,19226,1,7:56
2024-25,1641720,Jalen Hood-Schifino,Jalen,1610612747,LAL,Los Angeles Lakers,0022400311,2024-12-01T00:00:00,LAL @ UTA,W,12.666666666666666,2.8,2.8,1.0,0.0,0.0,0.0,5.7,5.7,1.0,2.8,0.0,2.8,2.8,2.8,0.0,2.8,0.0,8.5,5.7,11.4,34.1,24.7,0,0,22.7,1,1,13086,1,20909,19786,24544,1,15070,20945,15070,3196,4910,1,5753,22137,20140,13464,7049,12854,1888,8846,1127,3054,16824,1488,18474,2246,150,19176,1,12:40
2024-25,1630570,Trendon Watford,Trendon,1610612751,BKN,Brooklyn Nets,0022400305,2024-12-01T00:00:00,BKN vs. ORL,L,24.588333333333335,4.4,13.2,0.333,1.5,2.9,0.5,8.8,10.2,0.857,1.5,2.9,4.4,1.5,1.5,1.5,0.0,2.9,5.9,8.8,19.0,-19.0,29.4,0,0,29.3,1,13222,1,13222,12387,16087,11524,17395,12191,17805,3944,1079,1274,7071,10466,16980,16307,18120,12940,8562,8263,1420,3132,725,8821,21251,15192,2246,150,14492,1,24:35
2024-25,1628386,Jarrett Allen,Jarrett,1610612739,CLE,Cleveland Cavaliers,0022400307,2024-12-01T00:00:00,CLE vs. BOS,W,31.733333333333334,4.5,6.8,0.667,0.0,0.0,0.0,0.0,1.1,0.0,2.3,9.1,11.3,0.0,1.1,1.1,0.0,1.1,2.3,2.3,9.1,-6.8,25.0,0,0,22.7,1,1,13086,1,6208,15658,21781,3281,15070,20945,15070,13505,13987,13505,7353,3430,4096,19908,14910,10724,8263,6754,13784,11865,19000,16422,18325,2246,150,19221,1,31:44
2024-25,1631133,Jabari Walker,Jabari,1610612757,POR,Portland Trail Blazers,0022400312,2024-12-01T00:00:00,POR vs. DAL,L,12.183333333333334,0.0,3.0,0.0,0.0,3.0,0.0,0.0,0.0,0.0,5.9,5.9,11.8,3.0,0.0,0.0,0.0,0.0,8.9,0.0,0.0,-32.5,18.6,0,0,14.8,1,13222,1,13222,21163,22635,24502,22635,15070,17743,15070,13505,14344,13505,1669,8522,3642,13071,16469,12854,8263,8846,1009,17725,23200,24099,21836,2246,150,23144,1,12:11
2024-25,1642403,Isaac Jones,Isaac,1610612758,SAC,Sacramento Kings,0022400313,2024-12-01T00:00:00,SAC vs. SAS,L,19.433333333333334,9.3,13.0,0.714,0.0,0.0,0.0,3.7,5.6,0.667,3.7,3.7,7.4,1.9,3.7,1.9,1.9,3.7,9.3,7.4,22.2,11.1,41.3,0,0,38.9,1,13222,1,13222,16470,4269,11917,2752,15070,20945,15070,6282,5109,9425,4028,14615,9354,16922,4547,7018,3923,796,883,1383,6059,7184,6983,2246,150,7453,1,19:26
2024-25,1641757,Jordan Miller,Jordan,1610612746,LAC,LA Clippers,0022400314,2024-12-01T00:00:00,LAC vs. DEN,W,14.666666666666666,9.8,14.7,0.667,0.0,4.9,0.0,0.0,0.0,0.0,2.5,2.5,4.9,4.9,2.5,0.0,0.0,0.0,0.0,0.0,19.6,-14.7,30.4,0,0,29.5,1,1,13086,1,19783,3440,9001,3281,15070,13414,15070,13505,14344,13505,6767,18315,15035,7667,8432,12854,8263,8846,20257,17725,8217,19798,14467,2246,150,14360,1,14:40
2024-25,1630573,Sam Hauser,Sam,1610612738,BOS,Boston Celtics,0022400307,2024-12-01T00:00:00,BOS @ CLE,L,36.068333333333335,5.0,8.0,0.625,3.0,6.0,0.5,0.0,0.0,0.0,2.0,3.0,5.0,2.0,1.0,3.0,0.0,0.0,6.0,0.0,13.0,3.0,29.9,0,0,28.9,1,13222,1,13222,2627,14412,20287,4899,6544,10728,3944,13505,14344,13505,8408,16761,14811,16388,15863,3168,8263,8846,2966,17725,15116,11124,14837,2246,150,14749,1,36:04
2024-25,1642264,Stephon Castle,Stephon,1610612759,SAS,San Antonio Spurs,0022400313,2024-12-01T00:00:00,SAS @ SAC,W,32.71333333333333,3.3,13.2,0.25,2.2,7.7,0.286,0.0,0.0,0.0,0.0,0.0,0.0,1.1,3.3,0.0,1.1,2.2,1.1,2.2,8.8,-7.7,10.5,0,0,14.3,1,1,13086,1,5397,18751,11468,20233,9238,6994,11433,13505,14344,13505,14058,22137,23286,19346,5506,12854,6784,2639,19099,12159,19265,16828,24345,2246,150,23319,1,32:43
2024-25,1631165,Keon Ellis,Keon,1610612758,SAC,Sacramento Kings,0022400313,2024-12-01T00:00:00,SAC vs. SAS,L,17.03,6.3,12.7,0.5,4.2,8.5,0.5,0.0,0.0,0.0,0.0,6.3,6.3,0.0,2.1,0.0,2.1,2.1,8.5,0.0,16.9,2.1,28.7,0,0,31.7,1,13222,1,13222,18241,10586,12413,8526,3514,5662,3944,13505,14344,13505,14058,7615,11520,19908,9937,12854,3168,2887,1157,17725,10950,11560,15679,2246,150,12618,1,17:02
2024-25,201566,Russell Westbrook,Russell,1610612743,DEN,Denver Nuggets,0022400314,2024-12-01T00:00:00,DEN @ LAC,L,24.633333333333333,4.4,16.1,0.273,1.5,7.3,0.2,2.9,5.8,0.5,0.0,4.4,4.4,11.7,0.0,2.9,1.5,1.5,2.9,2.9,13.2,-10.2,49.1,0,0,39.5,1,13222,1,13222,12343,16110,7010,20048,12203,7803,13429,8028,4690,10625,14058,12565,16325,791,16469,3338,4987,4928,11073,9511,14932,17987,3582,2246,150,7095,1,24:38
2024-25,1642422,Armel Traoré,Armel,1610612747,LAL,Los Angeles Lakers,0022400311,2024-12-01T00:00:00,LAL @ UTA,W,10.866666666666667,0.0,6.6,0.0,0.0,6.6,0.0,0.0,0.0,0.0,0.0,6.6,6.6,0.0,0.0,3.3,0.0,0.0,3.3,0.0,0.0,36.4,17.9,0,0,13.3,1,1,13086,1,21769,22635,21978,22635,15070,9261,15070,13505,14344,13505,14058,7040,10885,19908,16469,2537,8263,8846,9406,17725,23200,1253,22145,2246,150,23631,1,10:52
2024-25,1629660,Ty Jerome,Ty,1610612739,CLE,Cleveland Cavaliers,0022400307,2024-12-01T00:00:00,CLE vs. BOS,W,11.25,3.2,12.8,0.25,0.0,9.6,0.0,12.8,12.8,1.0,0.0,0.0,0.0,3.2,3.2,0.0,0.0,0.0,3.2,6.4,19.2,-12.8,20.8,0,0,22.4,1,1,13086,1,21601,18998,12207,20233,15070,3978,15070,275,615,1,14058,22137,23286,12310,5817,12854,8263,8846,9863,2182,8649,19053,20788,2246,150,19421,1,11:15
2024-25,1631200,Kris Murray,Kris,1610612757,POR,Portland Trail Blazers,0022400312,2024-12-01T00:00:00,POR vs. DAL,L,5.416666666666667,0.0,0.0,0.0,0.0,0.0,0.0,0.0,0.0,0.0,13.3,0.0,13.3,0.0,6.6,0.0,0.0,0.0,6.6,0.0,0.0,-6.6,9.3,0,0,13.3,1,13222,1,13222,23816,22635,24836,22635,15070,20945,15070,13505,14344,13505,179,22137,2609,19908,1057,12854,8263,8846,2272,17725,23200,16359,24526,2246,150,23620,1,5:25
2024-25,1641809,Drew Peterson,Drew,1610612738,BOS,Boston Celtics,0022400307,2024-12-01T00:00:00,BOS @ CLE,L,24.96,2.9,8.7,0.333,2.9,7.2,0.4,2.9,2.9,1.0,1.4,4.3,5.8,0.0,1.4,1.4,0.0,1.4,5.8,2.9,11.5,0.0,21.3,0,0,23.1,1,13222,1,13222,12044,19695,19269,17395,6922,8025,7874,8133,10273,1,10571,12728,12842,19908,13047,8683,8263,5014,3279,9644,16631,12240,20504,2246,150,18958,1,24:58
2024-25,1631170,Jaime Jaquez Jr.,Jaime,1610612748,MIA,Miami Heat,0022400309,2024-12-01T00:00:00,MIA @ TOR,L,19.291666666666668,5.6,13.1,0.429,0.0,3.7,0.0,0.0,1.9,0.0,1.9,3.7,5.6,5.6,3.7,3.7,1.9,1.9,1.9,1.9,11.2,1.9,39.4,0,0,33.6,1,13222,1,13222,16593,12708,11756,13735,15070,16136,15070,13505,13075,13505,8958,14527,13290,6254,4477,1931,3876,3687,15858,13664,16998,11699,8153,2246,150,11167,1,19:18
2024-25,1627783,Pascal Siakam,Pascal,1610612754,IND,Indiana Pacers,0022400306,2024-12-01T00:00:00,IND @ MEM,L,30.055,8.4,18.0,0.467,1.2,6.0,0.2,2.4,2.4,1.0,1.2,1.2,2.4,7.2,3.6,0.0,1.2,2.4,3.6,4.8,20.4,-13.2,34.0,0,0,33.5,1,13222,1,13222,7738,5831,4736,12249,13380,10726,13429,9349,11499,1,11803,21514,21015,3780,4793,12854,6188,2232,8448,4519,7608,19186,11791,2246,150,11215,1,30:03
2024-25,1628392,Isaiah Hartenstein,Isaiah,1610612760,OKC,Oklahoma City Thunder,0022400310,2024-12-01T00:00:00,OKC @ HOU,L,30.02,10.8,14.4,0.75,0.0,1.2,0.0,1.2,3.6,0.333,2.4,13.2,15.6,4.8,1.2,1.2,1.2,0.0,6.0,2.4,22.8,-8.4,54.7,1,0,48.0,1,13222,1,13222,7766,2422,9551,2107,15070,20621,15070,12594,8691,13132,6931,956,1553,7930,14449,10180,6174,8846,2955,11358,5640,17137,2052,1,150,3157,1,30:01
2024-25,1627751,Jakob Poeltl,Jakob,1610612761,TOR,Toronto Raptors,0022400309,2024-12-01T00:00:00,TOR vs. MIA,W,36.68333333333333,5.9,11.8,0.5,0.0,0.0,0.0,4.9,7.9,0.625,3.9,6.9,10.8,2.9,1.0,2.0,1.0,0.0,3.9,4.9,16.7,-10.8,41.9,1,0,36.3,1,1,13086,1,2212,11836,13985,8526,15070,20945,15070,4182,2626,10271,3690,6583,4606,13112,15963,6438,7606,8846,7368,4280,11191,18227,6665,1,150,9151,1,36:41
2024-25,1641765,Olivier-Maxence Prosper,Olivier-Maxence,1610612742,DAL,Dallas Mavericks,0022400312,2024-12-01T00:00:00,DAL @ POR,W,3.2666666666666666,0.0,33.1,0.0,0.0,11.0,0.0,0.0,0.0,0.0,11.0,0.0,11.0,0.0,0.0,11.0,0.0,0.0,0.0,0.0,0.0,0.0,46.3,0,0,33.1,1,1,13086,1,24856,22635,165,22635,15070,2465,15070,13505,14344,13505,308,22137,4392,19908,16469,96,8263,8846,20257,17725,23200,12240,4632,2246,150,11610,1,3:16
2024-25,202710,Jimmy Butler III,Jimmy,1610612748,MIA,Miami Heat,0022400309,2024-12-01T00:00:00,MIA @ TOR,L,34.413333333333334,6.3,9.4,0.667,0.0,0.0,0.0,5.2,6.3,0.833,2.1,3.1,5.2,3.1,0.0,1.0,0.0,0.0,1.0,7.3,17.8,-9.4,31.9,0,0,28.2,1,13222,1,13222,3920,10776,18089,3281,15070,20945,15070,3727,4153,7275,7983,16311,14212,12511,16469,11533,8263,8846,19441,1436,10048,17628,13400,2246,150,15255,1,34:25
2024-25,1629023,P.J. Washington,P.J.,1610612742,DAL,Dallas Mavericks,0022400312,2024-12-01T00:00:00,DAL @ POR,W,36.95,4.9,7.8,0.625,3.9,5.8,0.667,0.0,0.0,0.0,0.0,2.9,2.9,5.8,2.9,1.0,0.0,0.0,1.9,0.0,13.6,6.8,25.9,0,0,28.3,1,1,13086,1,2019,14740,20540,4899,4200,11090,1957,13505,14344,13505,14058,17006,19933,5766,6757,12177,8263,8846,15418,17725,14337,9224,17673,2246,150,15247,1,36:57
2024-25,1629012,Collin Sexton,Collin,1610612762,UTA,Utah Jazz,0022400311,2024-12-01T00:00:00,UTA vs. LAL,L,29.141666666666666,8.6,17.3,0.5,1.2,7.4,0.167,0.0,0.0,0.0,1.2,2.5,3.7,4.9,3.7,1.2,1.2,1.2,2.5,0.0,18.5,12.4,34.1,0,0,33.4,1,13222,1,13222,8554,5351,5460,8526,13175,7588,14236,13505,14344,13505,11570,18266,18057,7594,4546,9906,5968,6024,12909,17725,9292,6656,11733,2246,150,11355,1,29:09
2024-25,1629639,Tyler Herro,Tyler,1610612748,MIA,Miami Heat,0022400309,2024-12-01T00:00:00,MIA @ TOR,L,36.81666666666667,8.8,15.6,0.563,5.9,11.7,0.5,6.8,6.8,1.0,0.0,3.9,3.9,2.9,1.0,2.0,0.0,0.0,1.0,2.9,30.3,-10.8,44.3,0,0,46.9,1,13222,1,13222,2116,5080,7628,7127,1417,1937,3944,2124,3527,1,14058,13995,17541,13150,15985,6474,8263,8846,19828,9479,1979,18211,5524,2246,150,3506,1,36:49
2024-25,203076,Anthony Davis,Anthony,1610612747,LAL,Los Angeles Lakers,0022400311,2024-12-01T00:00:00,LAL @ UTA,W,38.818333333333335,12.1,23.2,0.52,1.9,3.7,0.5,4.6,5.6,0.833,0.9,9.3,10.2,0.0,0.9,1.9,0.9,0.9,0.9,4.6,30.6,5.6,50.3,1,0,48.2,1,1,13086,1,954,1491,1326,8497,10858,16191,3944,4613,5095,7275,13790,3230,5231,19908,16255,7007,7971,8516,20074,4863,1893,9813,3191,1,150,3074,1,38:49
2024-25,1641717,Cason Wallace,Cason,1610612760,OKC,Oklahoma City Thunder,0022400310,2024-12-01T00:00:00,OKC @ HOU,L,35.65,5.0,11.1,0.455,3.0,6.1,0.5,1.0,2.0,0.5,5.0,4.0,9.1,2.0,0.0,0.0,0.0,2.0,4.0,1.0,14.1,3.0,28.1,0,0,28.3,1,13222,1,13222,2946,14239,15183,12676,6403,10546,3944,13213,12661,10625,2328,13600,6601,16301,16469,12854,8263,3162,7030,17360,13799,11099,16162,2246,150,15228,1,35:39
2024-25,203924,Jerami Grant,Jerami,1610612757,POR,Portland Trail Blazers,0022400312,2024-12-01T00:00:00,POR vs. DAL,L,37.45,3.8,9.6,0.4,1.9,2.9,0.667,3.8,4.8,0.8,0.0,4.8,4.8,5.8,1.0,1.0,0.0,0.0,2.9,2.9,13.5,-1.0,29.8,0,0,27.9,1,13222,1,13222,1712,17464,17743,14933,10540,17893,1957,5988,6290,7681,14058,11414,15282,5921,16082,12271,8263,8846,11258,9649,14564,13508,14943,2246,150,15527,1,37:27
2024-25,1627732,Ben Simmons,Ben,1610612751,BKN,Brooklyn Nets,0022400305,2024-12-01T00:00:00,BKN vs. ORL,L,11.65,0.0,3.1,0.0,0.0,0.0,0.0,0.0,0.0,0.0,3.1,3.1,6.2,15.5,3.1,3.1,0.0,0.0,9.3,0.0,0.0,3.1,36.8,0,0,27.8,1,13222,1,13222,21433,22635,24465,22635,15070,20945,15070,13505,14344,13505,5147,16435,11872,258,6152,2951,8263,8846,881,17725,23200,11066,9858,2246,150,15569,1,11:39
2024-25,1642278,Tyler Kolek,Tyler,1610612752,NYK,New York Knicks,0022400308,2024-12-01T00:00:00,NYK vs. NOP,W,6.383333333333334,5.6,22.6,0.25,0.0,5.6,0.0,0.0,0.0,0.0,0.0,11.3,11.3,11.3,0.0,0.0,0.0,5.6,0.0,5.6,11.3,-11.3,41.7,0,0,33.8,1,1,13086,1,23420,12582,1561,20233,15070,11604,15070,13505,14344,13505,14058,1758,4162,906,16469,12854,8263,254,20257,3133,16911,18432,6759,2246,150,10972,1,6:23
2024-25,1631106,Tari Eason,Tari,1610612745,HOU,Houston Rockets,0022400310,2024-12-01T00:00:00,HOU vs. OKC,W,24.366666666666667,3.0,11.8,0.25,1.5,7.4,0.2,1.5,3.0,0.5,4.4,3.0,7.4,1.5,3.0,3.0,1.5,0.0,1.5,4.4,8.9,-8.9,30.3,0,0,28.1,1,1,13086,1,12590,19520,13907,20233,12132,7649,13429,11834,10083,10625,3011,16877,9395,18062,6629,3262,4929,8846,17309,5278,19204,17363,14589,2246,150,15379,1,24:22
2024-25,1630625,Dalano Banton,Dalano,1610612757,POR,Portland Trail Blazers,0022400312,2024-12-01T00:00:00,POR vs. DAL,L,24.586666666666666,5.9,11.7,0.5,0.0,0.0,0.0,1.5,2.9,0.5,0.0,4.4,4.4,7.3,2.9,0.0,0.0,0.0,0.0,5.9,13.2,-8.8,26.5,0,0,24.9,1,13222,1,13222,12388,11930,14081,8526,15070,20945,15070,11866,10151,10625,14058,12547,16306,3599,6729,12854,8263,8846,20257,2807,14904,17325,17293,2246,150,17760,1,24:35
2024-25,1630591,Jalen Suggs,Jalen,1610612753,ORL,Orlando Magic,0022400305,2024-12-01T00:00:00,ORL @ BKN,W,27.173333333333332,5.3,14.6,0.364,1.3,4.0,0.333,4.0,4.0,1.0,1.3,2.6,4.0,6.6,6.6,2.6,0.0,0.0,7.9,5.3,15.9,13.2,31.9,0,0,33.1,1,1,13086,1,10212,13534,9248,16861,12753,15637,9209,5736,7888,1,11075,17818,17382,4541,1069,4020,8263,8846,1385,3632,12029,6288,13379,2246,150,11555,1,27:10
2024-25,203915,Spencer Dinwiddie,Spencer,1610612742,DAL,Dallas Mavericks,0022400312,2024-12-01T00:00:00,DAL @ POR,W,34.28333333333333,5.3,9.5,0.556,2.1,4.2,0.5,8.4,8.4,1.0,0.0,1.1,1.1,5.3,2.1,2.1,0.0,0.0,3.2,5.3,21.0,14.7,34.3,0,0,33.6,1,1,13086,1,4024,13662,18039,7248,9682,15120,3944,1227,2258,1,14058,21877,23159,6936,9997,5783,8263,8846,10085,3697,7078,5741,11565,2246,150,11160,1,34:17
2024-25,1629651,Nic Claxton,Nic,1610612751,BKN,Brooklyn Nets,0022400305,2024-12-01T00:00:00,BKN vs. ORL,L,27.93166666666667,5.2,9.0,0.571,0.0,1.3,0.0,1.3,5.2,0.25,2.6,6.4,9.0,0.0,6.4,2.6,1.3,1.3,6.4,3.9,11.6,-9.0,27.6,0,0,28.4,1,13222,1,13222,9608,13936,18685,6538,15070,20507,15070,12330,5670,13358,6407,7422,6701,19908,1158,4186,5697,5707,2450,6663,16571,17434,16512,2246,150,15175,1,27:56
2024-25,203484,Kentavious Caldwell-Pope,Kentavious,1610612753,ORL,Orlando Magic,0022400305,2024-12-01T00:00:00,ORL @ BKN,W,34.18333333333333,6.3,11.6,0.545,4.2,9.5,0.444,0.0,0.0,0.0,0.0,1.1,1.1,0.0,0.0,2.1,1.1,0.0,2.1,1.1,16.9,14.7,27.6,0,0,28.4,1,1,13086,1,4106,10655,14339,7695,3539,4136,7211,13505,14344,13505,14058,21871,23153,19908,16469,5759,7110,8846,14587,17160,11009,5724,16505,2246,150,15125,1,34:11
2024-25,1627750,Jamal Murray,Jamal,1610612743,DEN,Denver Nuggets,0022400314,2024-12-01T00:00:00,DEN @ LAC,L,37.71666666666667,6.7,11.5,0.583,1.9,3.8,0.5,1.9,1.9,1.0,0.0,0.0,0.0,6.7,2.9,1.0,0.0,0.0,1.0,1.9,17.2,-1.0,27.2,0,0,27.7,1,13222,1,13222,1557,9735,14564,6296,10594,15962,3944,10917,12959,1,14058,22137,23286,4451,6981,12312,8263,8846,19942,13479,10651,13503,16821,2246,150,15656,1,37:43
2024-25,1641796,Pelle Larsson,Pelle,1610612748,MIA,Miami Heat,0022400309,2024-12-01T00:00:00,MIA @ TOR,L,18.133333333333333,6.0,11.9,0.5,2.0,6.0,0.333,2.0,4.0,0.5,0.0,2.0,2.0,0.0,2.0,4.0,0.0,0.0,2.0,2.0,15.9,-13.9,28.2,0,0,27.8,1,13222,1,13222,17482,11640,13735,8526,10234,10794,9209,10700,7893,10625,14058,19712,21827,19908,10587,1668,8263,8846,15229,13144,12036,19462,16074,2246,150,15586,1,18:08
2024-25,1630702,Jaden Hardy,Jaden,1610612742,DAL,Dallas Mavericks,0022400312,2024-12-01T00:00:00,DAL @ POR,W,23.488333333333333,7.7,18.4,0.417,4.6,9.2,0.5,0.0,0.0,0.0,0.0,4.6,4.6,1.5,0.0,1.5,0.0,0.0,1.5,0.0,19.9,-13.8,32.3,0,0,33.7,1,1,13086,1,13318,7347,4298,14532,2896,4541,3944,13505,14344,13505,14058,11985,15814,17863,16469,8268,8263,8846,17108,17725,7976,19419,13056,2246,150,11059,1,23:29
2024-25,1629661,Cameron Johnson,Cameron,1610612751,BKN,Brooklyn Nets,0022400305,2024-12-01T00:00:00,BKN vs. ORL,L,35.681666666666665,9.1,17.2,0.529,2.0,5.0,0.4,6.1,6.1,1.0,2.0,2.0,4.0,1.0,0.0,0.0,0.0,3.0,3.0,3.0,26.2,-15.1,32.6,0,0,33.3,1,13222,1,13222,2924,4562,5635,8281,10083,13093,7874,2813,4399,1,8308,19602,17229,19652,16469,12854,8263,1305,10595,9139,3572,19956,12891,2246,150,11410,1,35:41
2024-25,1630170,Devin Vassell,Devin,1610612759,SAS,San Antonio Spurs,0022400313,2024-12-01T00:00:00,SAS @ SAC,W,23.95,12.0,18.0,0.667,7.5,12.0,0.625,0.0,0.0,0.0,0.0,0.0,0.0,4.5,3.0,0.0,1.5,1.5,1.5,0.0,31.6,-13.5,39.8,0,0,46.6,1,1,13086,1,12946,1504,4624,3281,590,1766,2868,13505,14344,13505,14058,22137,23286,8629,6446,12854,4836,4767,17200,17725,1622,19317,7857,2246,150,3629,1,23:57
2024-25,203471,Dennis Schröder,Dennis,1610612751,BKN,Brooklyn Nets,0022400305,2024-12-01T00:00:00,BKN vs. ORL,L,36.73166666666667,5.9,18.6,0.316,1.0,5.9,0.167,6.9,6.9,1.0,0.0,2.0,2.0,6.9,5.9,1.0,1.0,3.9,2.9,7.8,19.6,-5.9,32.2,0,0,33.3,1,13222,1,13222,2175,11859,4092,19148,14654,10995,14236,2111,3510,1,14058,19793,21886,4198,1477,12125,7618,676,10983,1103,8260,16012,13130,2246,150,11384,1,36:44
2024-25,1641716,Jarace Walker,Jarace,1610612754,IND,Indiana Pacers,0022400306,2024-12-01T00:00:00,IND @ MEM,L,24.566666666666666,2.9,2.9,1.0,1.5,1.5,1.0,5.9,8.8,0.667,0.0,10.3,10.3,0.0,0.0,2.9,1.5,0.0,2.9,7.3,13.2,-20.5,38.7,0,0,33.7,1,13222,1,13222,12410,19574,24512,1,12180,20303,1,3011,1996,9425,14058,2388,5169,19908,16469,3320,4972,8846,11023,1431,14889,21707,8604,2246,150,11071,1,24:34
2024-25,1628404,Josh Hart,Josh,1610612752,NYK,New York Knicks,0022400308,2024-12-01T00:00:00,NYK vs. NOP,W,30.991666666666667,5.8,10.5,0.556,2.3,3.5,0.667,0.0,0.0,0.0,1.2,5.8,7.0,3.5,0.0,2.3,1.2,1.2,2.3,0.0,13.9,26.7,38.0,0,0,33.7,1,1,13086,1,6891,12091,16302,7248,8770,16685,1957,13505,14344,13505,12037,8779,10196,11428,16469,4951,6414,6540,13551,17725,14002,2481,9034,2246,150,11088,1,30:60
2024-25,1630574,Ariel Hukporti,Ariel,1610612752,NYK,New York Knicks,0022400308,2024-12-01T00:00:00,NYK vs. NOP,W,9.033333333333333,4.0,8.0,0.5,0.0,0.0,0.0,4.0,8.0,0.5,4.0,8.0,12.0,4.0,4.0,0.0,0.0,4.0,8.0,8.0,12.0,-23.9,28.3,0,0,27.9,1,1,13086,1,22439,17126,20298,8526,15070,20945,15070,5717,2538,10625,3611,4738,3530,9967,3907,12854,8263,654,1375,1034,16190,22547,15996,2246,150,15498,1,9:02
2024-25,1630200,Tre Jones,Tre,1610612759,SAS,San Antonio Spurs,0022400313,2024-12-01T00:00:00,SAS @ SAC,W,13.916666666666666,5.2,5.2,1.0,2.6,2.6,1.0,5.2,5.2,1.0,0.0,2.6,2.6,2.6,0.0,5.2,5.2,0.0,2.6,5.2,18.1,25.9,56.1,0,0,46.6,1,1,13086,1,20237,13883,23341,1,7871,18469,1,3792,5641,1,14058,17973,20659,14256,16469,799,470,8846,12469,3812,9727,2634,1785,2246,150,3643,1,13:55
2024-25,1629630,Ja Morant,Ja,1610612763,MEM,Memphis Grizzlies,0022400306,2024-12-01T00:00:00,MEM vs. IND,W,26.8,8.1,17.5,0.462,2.7,9.4,0.286,6.7,8.1,0.833,0.0,2.7,2.7,10.7,0.0,1.3,1.3,0.0,2.7,9.4,25.5,17.5,52.9,0,0,47.0,1,1,13086,1,10488,6507,5288,12428,7577,4254,11433,2225,2479,7275,14058,17739,20483,1086,16469,9224,5472,8846,12092,547,3926,4750,2473,2246,150,3471,1,26:48
2024-25,1629021,Moritz Wagner,Moritz,1610612753,ORL,Orlando Magic,0022400305,2024-12-01T00:00:00,ORL @ BKN,W,16.2,11.1,20.0,0.556,0.0,2.2,0.0,4.4,4.4,1.0,8.9,8.9,17.8,4.4,4.4,2.2,4.4,4.4,6.7,4.4,26.7,-15.6,70.2,0,0,62.2,1,1,13086,1,18788,2180,2966,7248,15070,19129,15070,4914,6945,1,579,3614,948,8773,3080,5303,700,497,2251,5250,3356,20108,425,2246,150,630,1,16:12
2024-25,1628983,Shai Gilgeous-Alexander,Shai,1610612760,OKC,Oklahoma City Thunder,0022400310,2024-12-01T00:00:00,OKC @ HOU,L,36.11666666666667,10.0,18.9,0.526,3.0,7.0,0.429,9.0,11.0,0.818,2.0,6.0,8.0,5.0,2.0,2.0,0.0,0.0,2.0,10.0,31.9,6.0,52.9,0,0,51.8,1,13222,1,13222,2598,3256,3807,8379,6554,8506,7394,1015,1034,7652,8415,8375,8316,7507,10548,6277,8263,8846,15181,427,1552,9629,2471,2246,150,2075,1,36:07
2024-25,1629614,Andrew Nembhard,Andrew,1610612754,IND,Indiana Pacers,0022400306,2024-12-01T00:00:00,IND @ MEM,L,14.75,14.6,26.8,0.545,4.9,12.2,0.4,0.0,0.0,0.0,0.0,4.9,4.9,9.8,0.0,4.9,0.0,2.4,4.9,0.0,34.2,12.2,69.3,0,0,63.5,1,13222,1,13222,19733,557,517,7695,2439,1665,7874,13505,14344,13505,14058,11203,15106,1559,16469,976,8263,2134,4874,17725,1095,6711,459,2246,150,552,1,14:45
2024-25,1641705,Victor Wembanyama,Victor,1610612759,SAS,San Antonio Spurs,0022400313,2024-12-01T00:00:00,SAS @ SAC,W,36.60666666666667,10.8,16.7,0.647,4.9,8.9,0.556,6.9,8.9,0.778,2.0,11.8,13.8,10.8,4.9,1.0,3.0,0.0,4.9,10.8,33.4,18.7,73.1,1,1,70.8,1,1,13086,1,2277,2403,6158,4571,2382,5026,3747,2090,1950,8092,8540,1477,2352,1061,2444,12089,1756,8846,4803,295,1230,4348,342,1,1,304,1,36:36
2024-25,1628973,Jalen Brunson,Jalen,1610612752,NYK,New York Knicks,0022400308,2024-12-01T00:00:00,NYK vs. NOP,W,26.466666666666665,5.4,15.0,0.364,4.1,9.5,0.429,6.8,6.8,1.0,2.7,0.0,2.7,12.2,4.1,0.0,0.0,0.0,4.1,5.4,21.8,39.4,39.3,0,0,40.8,1,1,13086,1,10757,13151,8662,16861,3828,4075,7394,2157,3564,1,6047,22137,20403,667,3714,12854,8263,8846,6896,3418,6411,1015,8193,2246,150,6325,1,26:28
2024-25,1628964,Mo Bamba,Mo,1610612746,LAC,LA Clippers,0022400314,2024-12-01T00:00:00,LAC vs. DEN,W,12.583333333333334,5.7,5.7,1.0,2.9,2.9,1.0,2.9,5.7,0.5,0.0,14.3,14.3,0.0,2.9,2.9,5.7,0.0,2.9,2.9,17.2,-5.7,57.2,0,0,51.5,1,1,13086,1,20947,12351,22884,1,7018,17936,1,8189,4866,10625,14058,695,2101,19908,6992,3511,358,8846,11357,9723,10665,15934,1594,2246,150,2145,1,12:35
2024-25,1630531,Jaden Springer,Jaden,1610612738,BOS,Boston Celtics,0022400307,2024-12-01T00:00:00,BOS @ CLE,L,0.10666666666666667,0.0,0.0,0.0,0.0,0.0,0.0,0.0,0.0,0.0,337.5,0.0,337.5,0.0,0.0,0.0,0.0,0.0,337.5,0.0,0.0,-1350.0,405.0,0,0,337.5,1,13222,1,13222,26281,22635,24836,22635,15070,20945,15070,13505,14344,13505,1,22137,2,19908,16469,12854,8263,8846,2,17725,23200,26303,3,2246,150,3,1,0:06
2024-25,1630175,Cole Anthony,Cole,1610612753,ORL,Orlando Magic,0022400305,2024-12-01T00:00:00,ORL @ BKN,W,4.983333333333333,7.2,28.9,0.25,7.2,14.4,0.5,0.0,0.0,0.0,7.2,7.2,14.4,7.2,7.2,0.0,0.0,7.2,0.0,0.0,21.7,-43.3,42.6,0,0,50.6,1,1,13086,1,23997,8397,335,20233,692,812,3944,13505,14344,13505,1051,5958,2025,3724,803,12854,8263,137,20257,17725,6482,25084,6296,2246,150,2371,1,4:59
2024-25,1629029,Luka Dončić,Luka,1610612742,DAL,Dallas Mavericks,0022400312,2024-12-01T00:00:00,DAL @ POR,W,36.26833333333333,14.9,23.8,0.625,4.0,9.9,0.4,2.0,4.0,0.5,0.0,6.9,6.9,12.9,3.0,3.0,0.0,0.0,2.0,6.0,35.7,1.0,69.4,1,0,65.5,1,1,13086,1,2490,510,1117,4899,4054,3584,7874,10702,7899,10625,14058,6454,10243,547,6568,3209,8263,8846,15233,2681,869,12161,456,1,150,461,1,36:16
2024-25,1630527,Brandon Boston,Brandon,1610612740,NOP,New Orleans Pelicans,0022400308,2024-12-01T00:00:00,NOP @ NYK,L,18.766666666666666,5.8,15.3,0.375,1.9,5.8,0.333,11.5,11.5,1.0,0.0,5.8,5.8,3.8,0.0,3.8,0.0,0.0,1.9,7.7,24.9,-15.3,49.1,0,0,44.1,1,13222,1,13222,16996,12253,8039,16299,10556,11314,9209,402,890,1,14058,8903,12890,10400,16469,1808,8263,8846,15578,1217,4244,20027,3579,2246,150,4630,1,18:46
2024-25,1630346,Matt Ryan,Matt,1610612752,NYK,New York Knicks,0022400308,2024-12-01T00:00:00,NYK vs. NOP,W,9.033333333333333,12.0,23.9,0.5,8.0,19.9,0.4,0.0,0.0,0.0,0.0,4.0,4.0,0.0,8.0,0.0,0.0,0.0,0.0,0.0,31.9,-23.9,28.7,0,0,43.8,1,1,13086,1,22439,1551,1085,8526,460,241,7874,13505,14344,13505,14058,13767,17349,19908,593,12854,8263,8846,20257,17725,1555,22547,15722,2246,150,4768,1,9:02
2024-25,1626157,Karl-Anthony Towns,Karl-Anthony,1610612752,NYK,New York Knicks,0022400308,2024-12-01T00:00:00,NYK vs. NOP,W,24.566666666666666,5.9,17.6,0.333,1.5,7.3,0.2,7.3,7.3,1.0,4.4,23.4,27.8,2.9,2.9,1.5,1.5,4.4,1.5,7.3,20.5,24.9,64.2,1,0,58.6,1,1,13086,1,12410,11914,5150,17395,12180,7767,13429,1783,3071,1,3056,97,117,13158,6714,8551,4972,516,17368,1431,7479,2840,764,1,150,950,1,24:34
2024-25,1631288,Jamal Cain,Jamal,1610612740,NOP,New Orleans Pelicans,0022400308,2024-12-01T00:00:00,NOP @ NYK,L,8.233333333333333,21.9,26.2,0.833,0.0,4.4,0.0,0.0,0.0,0.0,0.0,4.4,4.4,0.0,0.0,8.7,4.4,0.0,0.0,0.0,43.7,21.9,88.3,0,0,74.3,1,13222,1,13222,22725,107,609,1514,15070,14752,15070,13505,14344,13505,14058,12593,16352,19908,16469,164,722,8846,20257,17725,289,3490,109,2246,150,243,1,8:14
2024-25,1626181,Norman Powell,Norman,1610612746,LAC,LA Clippers,0022400314,2024-12-01T00:00:00,LAC vs. DEN,W,24.516666666666666,13.2,25.0,0.529,7.3,11.7,0.625,7.3,7.3,1.0,0.0,0.0,0.0,1.5,1.5,1.5,0.0,0.0,0.0,4.4,41.1,2.9,46.3,0,0,52.9,1,1,13086,1,12460,945,835,8281,656,1931,2868,1771,3058,1,14058,22137,23286,18101,12912,8542,8263,8846,20257,5334,391,11156,4644,2246,150,1838,1,24:31
2024-25,1629014,Anfernee Simons,Anfernee,1610612757,POR,Portland Trail Blazers,0022400312,2024-12-01T00:00:00,POR vs. DAL,L,23.165,14.0,17.1,0.818,9.3,12.4,0.75,4.7,4.7,1.0,0.0,4.7,4.7,7.8,4.7,1.6,0.0,0.0,9.3,1.6,42.0,6.2,59.2,0,0,66.8,1,13222,1,13222,13596,708,5705,1653,270,1559,1542,4573,6555,1,14058,11818,15665,3115,2767,8171,8263,8846,863,14782,355,9507,1297,2246,150,400,1,23:10
2024-25,1628369,Jayson Tatum,Jayson,1610612738,BOS,Boston Celtics,0022400307,2024-12-01T00:00:00,BOS @ CLE,L,37.8,11.4,25.7,0.444,3.8,8.6,0.444,4.8,4.8,1.0,0.0,7.6,7.6,3.8,1.9,1.0,1.0,1.9,1.9,2.9,31.4,1.0,50.1,0,0,50.5,1,13222,1,13222,1509,1915,687,13045,4409,5456,7211,4412,6373,1,14058,5288,8933,10470,11012,12333,7805,3529,15647,9737,1659,12187,3246,2246,150,2402,1,37:48
2024-25,203999,Nikola Jokić,Nikola,1610612743,DEN,Denver Nuggets,0022400314,2024-12-01T00:00:00,DEN @ LAC,L,39.06666666666667,11.1,22.1,0.5,1.8,6.5,0.286,1.8,3.7,0.5,2.8,10.1,12.9,10.1,4.6,0.9,0.9,0.9,2.8,2.8,25.8,-6.5,57.4,1,1,54.4,1,13222,1,13222,859,2214,1766,8526,10908,9649,11433,11137,8504,10625,5938,2473,2871,1368,2834,12555,7998,8549,11785,10092,3772,16269,1573,1,1,1561,1,39:04
2024-25,1629599,Amir Coffey,Amir,1610612746,LAC,LA Clippers,0022400314,2024-12-01T00:00:00,LAC vs. DEN,W,18.4,9.8,21.5,0.455,5.9,13.7,0.429,0.0,0.0,0.0,5.9,3.9,9.8,2.0,2.0,0.0,0.0,0.0,3.9,0.0,25.4,-3.9,38.2,0,0,43.0,1,1,13086,1,17275,3498,2017,12676,1411,1023,7394,13505,14344,13505,1696,13983,5700,16535,10742,12854,8263,8846,7395,17725,3971,15021,8920,2246,150,5120,1,18:24
2024-25,1629656,Quentin Grimes,Quentin,1610612742,DAL,Dallas Mavericks,0022400312,2024-12-01T00:00:00,DAL @ POR,W,35.778333333333336,9.1,13.1,0.692,5.0,7.0,0.714,5.0,6.0,0.833,1.0,4.0,5.0,3.0,3.0,5.0,0.0,0.0,2.0,4.0,28.2,6.0,50.8,0,0,51.3,1,1,13086,1,2845,4601,11711,3171,2234,8374,1861,3985,4422,7275,13212,13648,14721,12863,6404,883,8263,8846,15075,6238,2724,9597,3039,2246,150,2201,1,35:47
2024-25,1628378,Donovan Mitchell,Donovan,1610612739,CLE,Cleveland Cavaliers,0022400307,2024-12-01T00:00:00,CLE vs. BOS,W,35.36666666666667,12.2,21.4,0.571,6.1,11.2,0.545,5.1,8.1,0.625,1.0,6.1,7.1,3.1,3.1,2.0,1.0,1.0,3.1,5.1,35.6,7.1,54.9,0,0,58.0,1,1,13086,1,3176,1395,2117,6538,1226,2333,3863,3906,2415,10271,13112,8083,9904,12750,6272,6080,7363,7750,10471,3940,891,9079,2018,2246,150,1023,1,35:22
2024-25,1630583,Santi Aldama,Santi,1610612763,MEM,Memphis Grizzlies,0022400306,2024-12-01T00:00:00,MEM vs. IND,W,25.17,8.6,12.9,0.667,4.3,7.2,0.6,0.0,0.0,0.0,1.4,4.3,5.7,8.6,0.0,1.4,0.0,0.0,2.9,1.4,21.5,5.7,45.5,0,0,42.9,1,1,13086,1,11858,5475,12086,3281,3409,8146,2992,13505,14344,13505,10627,12833,12965,2358,16469,8756,8263,8846,11365,15323,6686,9742,4948,2246,150,5191,1,25:10
2024-25,1627832,Fred VanVleet,Fred,1610612745,HOU,Houston Rockets,0022400310,2024-12-01T00:00:00,HOU vs. OKC,W,35.11666666666667,10.3,19.5,0.526,5.1,9.2,0.556,13.3,14.4,0.929,0.0,2.1,2.1,3.1,1.0,0.0,0.0,1.0,3.1,7.2,39.0,-2.1,45.0,0,0,49.2,1,1,13086,1,3373,2962,3362,8379,2132,4489,3747,249,408,6719,14058,19507,21702,12678,15670,12854,8263,7704,10372,1525,524,14074,5179,2246,150,2761,1,35:07
2024-25,1629636,Darius Garland,Darius,1610612739,CLE,Cleveland Cavaliers,0022400307,2024-12-01T00:00:00,CLE vs. BOS,W,32.333333333333336,5.6,13.4,0.417,4.5,6.7,0.667,8.9,8.9,1.0,0.0,5.6,5.6,8.9,0.0,0.0,0.0,1.1,4.5,7.8,24.5,0.0,44.5,0,0,43.4,1,1,13086,1,5701,12799,11202,14532,3144,9140,1957,1039,1920,1,14058,9367,13367,2105,16469,12854,8263,6938,5879,1138,4492,12240,5402,2246,150,4953,1,32:20
2024-25,202692,Alec Burks,Alec,1610612748,MIA,Miami Heat,0022400309,2024-12-01T00:00:00,MIA @ TOR,L,6.35,5.7,11.3,0.5,5.7,11.3,0.5,5.7,11.3,0.5,0.0,5.7,5.7,5.7,0.0,11.3,0.0,0.0,0.0,5.7,22.7,62.4,72.0,0,0,62.4,1,13222,1,13222,23439,12503,14762,8526,1588,2228,3944,3221,938,10625,14058,9119,13106,6100,16469,83,8263,8846,20257,3078,5720,331,367,2246,150,621,1,6:21
2024-25,1628991,Jaren Jackson Jr.,Jaren,1610612763,MEM,Memphis Grizzlies,0022400306,2024-12-01T00:00:00,MEM vs. IND,W,29.355,9.8,17.2,0.571,3.7,7.4,0.5,7.4,7.4,1.0,0.0,9.8,9.8,0.0,1.2,2.5,3.7,1.2,2.5,4.9,30.7,22.1,59.6,0,0,56.4,1,1,13086,1,8343,3460,5608,6538,4741,7708,3944,1763,3043,1,14058,2719,5660,19908,14258,4531,1101,6090,12975,4284,1872,3442,1237,2246,150,1246,1,29:21
2024-25,201935,James Harden,James,1610612746,LAC,LA Clippers,0022400314,2024-12-01T00:00:00,LAC vs. DEN,W,38.416666666666664,9.4,24.4,0.385,5.6,14.1,0.4,12.2,12.2,1.0,1.9,6.6,8.4,10.3,4.7,0.9,0.0,0.9,3.7,5.6,36.5,13.1,60.3,1,0,62.8,1,1,13086,1,1155,4079,959,16070,1647,909,7874,325,722,1,8928,7182,7573,1282,2735,12458,8263,8438,7915,3163,747,6337,1165,1,150,591,1,38:25
2024-25,1629628,RJ Barrett,RJ,1610612761,TOR,Toronto Raptors,0022400309,2024-12-01T00:00:00,TOR vs. MIA,W,37.95,14.2,19.0,0.75,2.8,3.8,0.75,3.8,3.8,1.0,0.0,6.6,6.6,4.7,3.8,0.0,0.9,0.9,2.8,4.7,35.1,14.2,49.2,0,0,51.2,1,1,13086,1,1413,642,3779,2107,7062,16010,1542,6094,8267,1,14058,7016,10867,8074,4341,12854,7839,8355,11437,4633,944,5922,3531,2246,150,2222,1,37:57
2024-25,2544,LeBron James,LeBron,1610612747,LAL,Los Angeles Lakers,0022400311,2024-12-01T00:00:00,LAL @ UTA,W,36.06666666666667,12.0,27.9,0.429,0.0,9.0,0.0,3.0,3.0,1.0,1.0,4.0,5.0,14.0,3.0,0.0,2.0,1.0,1.0,2.0,27.0,0.0,56.9,1,0,49.9,1,1,13086,1,2629,1539,401,13735,15070,4862,15070,7830,9992,1,13269,13747,14808,392,6513,12854,3504,7945,19718,13097,3230,12240,1659,1,150,2561,1,36:04
2024-25,1626166,Cameron Payne,Cameron,1610612752,NYK,New York Knicks,0022400308,2024-12-01T00:00:00,NYK vs. NOP,W,16.483333333333334,6.6,15.3,0.429,4.4,8.7,0.5,0.0,0.0,0.0,0.0,6.6,6.6,10.9,2.2,4.4,4.4,0.0,4.4,0.0,17.5,19.7,65.7,0,0,56.8,1,1,13086,1,18608,10053,8128,13735,3286,5206,3944,13505,14344,13505,14058,7198,11059,1023,9573,1325,726,8846,6106,17725,10351,4052,650,2246,150,1191,1,16:29
2024-25,1630577,Julian Champagnie,Julian,1610612759,SAS,San Antonio Spurs,0022400313,2024-12-01T00:00:00,SAS @ SAC,W,31.77166666666667,5.7,11.3,0.5,4.5,10.2,0.444,5.7,5.7,1.0,2.3,6.8,9.1,1.1,0.0,2.3,1.1,0.0,0.0,2.3,21.5,9.1,44.3,0,0,43.1,1,1,13086,1,6186,12523,14776,8526,3014,3281,7211,3229,4949,1,7363,6709,6640,19251,16469,5163,6584,8846,20257,11875,6612,8143,5519,2246,150,5112,1,31:46
2024-25,1630548,Johnny Juzang,Johnny,1610612762,UTA,Utah Jazz,0022400311,2024-12-01T00:00:00,UTA vs. LAL,L,16.166666666666668,8.9,22.3,0.4,4.5,13.4,0.333,2.2,6.7,0.333,2.2,6.7,8.9,11.1,0.0,0.0,0.0,0.0,4.5,4.5,24.5,-6.7,51.9,0,0,49.0,1,13222,1,13222,18815,4876,1692,14933,3144,1147,9209,9843,3678,13132,7504,6931,6875,956,16469,12854,8263,8846,5879,5241,4492,16371,2731,2246,150,2836,1,16:10
2024-25,203901,Elfrid Payton,Elfrid,1610612740,NOP,New Orleans Pelicans,0022400308,2024-12-01T00:00:00,NOP @ NYK,L,16.533333333333335,6.5,13.1,0.5,0.0,0.0,0.0,0.0,0.0,0.0,0.0,2.2,2.2,15.2,6.5,2.2,4.4,4.4,0.0,0.0,13.1,-17.4,51.6,0,0,43.5,1,13222,1,13222,18580,10105,11751,8526,15070,20945,15070,13505,14344,13505,14058,19134,21457,274,1110,5481,733,526,20257,17725,15024,20751,2807,2246,150,4899,1,16:32
2024-25,1629723,John Konchar,John,1610612763,MEM,Memphis Grizzlies,0022400306,2024-12-01T00:00:00,MEM vs. IND,W,1.8166666666666667,19.8,19.8,1.0,19.8,19.8,1.0,0.0,0.0,0.0,0.0,0.0,0.0,0.0,0.0,0.0,0.0,0.0,0.0,0.0,59.4,19.8,59.4,0,0,79.3,1,1,13086,1,25590,148,3087,1,31,244,1,13505,14344,13505,14058,22137,23286,19908,16469,12854,8263,8846,20257,17725,91,4010,1261,2246,150,169,1,1:49
2024-25,1629060,Rui Hachimura,Rui,1610612747,LAL,Los Angeles Lakers,0022400311,2024-12-01T00:00:00,LAL @ UTA,W,40.416666666666664,4.5,9.8,0.455,1.8,7.1,0.25,0.9,1.8,0.5,2.7,3.6,6.2,2.7,0.0,1.8,0.0,0.0,3.6,1.8,11.6,-1.8,28.4,0,0,25.8,1,1,13086,1,468,15916,17400,12676,11142,8203,11902,13460,13214,10625,6168,15046,11744,13982,16469,7328,8263,8846,8553,13997,16595,13917,15931,2246,150,17045,1,40:25
2024-25,1631245,Quenton Jackson,Quenton,1610612754,IND,Indiana Pacers,0022400306,2024-12-01T00:00:00,IND @ MEM,L,9.483333333333333,7.6,11.4,0.667,0.0,3.8,0.0,3.8,7.6,0.5,0.0,0.0,0.0,0.0,3.8,3.8,0.0,0.0,19.0,7.6,19.0,-53.1,26.6,0,0,26.6,1,13222,1,13222,22281,7532,14682,3281,15070,16002,15070,6088,2822,10625,14058,22137,23286,19908,4329,1854,8263,8846,134,1264,8877,25515,17234,2246,150,16486,1,9:29
2024-25,1631222,Jake LaRavia,Jake,1610612763,MEM,Memphis Grizzlies,0022400306,2024-12-01T00:00:00,MEM vs. IND,W,21.626666666666665,6.7,10.0,0.667,0.0,1.7,0.0,5.0,10.0,0.5,3.3,1.7,5.0,8.3,1.7,1.7,1.7,1.7,3.3,6.7,18.3,1.7,45.1,0,0,38.3,1,1,13086,1,14831,9808,17074,3281,15070,20087,15070,4045,1379,10625,4688,20529,14804,2588,12068,7744,4385,4236,9340,1939,9513,11803,5124,2246,150,7834,1,21:38
2024-25,1630558,Davion Mitchell,Davion,1610612761,TOR,Toronto Raptors,0022400309,2024-12-01T00:00:00,TOR vs. MIA,W,28.391666666666666,3.8,10.1,0.375,1.3,6.3,0.2,0.0,0.0,0.0,0.0,0.0,0.0,3.8,1.3,1.3,0.0,0.0,5.1,1.3,8.9,25.4,17.1,0,0,16.5,1,1,13086,1,9223,17552,16832,16299,12991,9892,13429,13505,14344,13505,14058,22137,23286,10487,13984,9668,8263,8846,4442,16043,19196,2733,22442,2246,150,22516,1,28:24
2024-25,1630534,Ochai Agbaji,Ochai,1610612761,TOR,Toronto Raptors,0022400309,2024-12-01T00:00:00,TOR vs. MIA,W,37.833333333333336,2.9,7.6,0.375,1.0,2.9,0.333,0.0,0.0,0.0,1.9,2.9,4.8,2.9,0.0,0.0,1.0,1.0,1.0,0.0,6.7,2.9,19.5,0,0,17.1,1,1,13086,1,1488,19758,20770,16299,14786,17950,9209,13505,14344,13505,8797,17226,15418,13429,16469,12854,7816,8327,19960,17725,20955,11193,21403,2246,150,22247,1,37:50
2024-25,201950,Jrue Holiday,Jrue,1610612738,BOS,Boston Celtics,0022400307,2024-12-01T00:00:00,BOS @ CLE,L,33.88333333333333,2.1,9.6,0.222,0.0,3.2,0.0,0.0,0.0,0.0,2.1,1.1,3.2,5.3,3.2,2.1,0.0,2.1,1.1,0.0,4.2,-11.7,19.2,0,0,17.0,1,13222,1,13222,4366,21200,17831,21205,15070,17293,15070,13505,14344,13505,7868,21845,19268,6793,5862,5680,8263,2851,19322,17725,22438,18613,21529,2246,150,22310,1,33:53
2024-25,203109,Jae Crowder,Jae,1610612758,SAC,Sacramento Kings,0022400313,2024-12-01T00:00:00,SAC vs. SAS,L,11.233333333333333,3.2,9.6,0.333,0.0,6.4,0.0,0.0,0.0,0.0,3.2,12.8,16.0,3.2,0.0,0.0,0.0,0.0,3.2,0.0,6.4,-6.4,30.4,0,0,25.6,1,13222,1,13222,21610,18980,17736,17395,15070,9726,15070,13505,14344,13505,4929,1073,1424,12280,16469,12854,8263,8846,9839,17725,21115,16250,14460,2246,150,17180,1,11:14
2024-25,1631099,Keegan Murray,Keegan,1610612758,SAC,Sacramento Kings,0022400313,2024-12-01T00:00:00,SAC vs. SAS,L,38.11666666666667,3.8,8.5,0.444,0.0,1.9,0.0,0.0,0.0,0.0,2.8,2.8,5.7,0.0,0.9,0.9,0.9,0.0,3.8,0.0,7.6,-3.8,19.1,0,0,17.0,1,13222,1,13222,1316,17627,19492,13045,15070,19760,15070,13505,14344,13505,5775,17289,13115,19908,16171,12408,7867,8846,7811,17725,20275,14935,21594,2246,150,22309,1,38:07
2024-25,1628374,Lauri Markkanen,Lauri,1610612762,UTA,Utah Jazz,0022400311,2024-12-01T00:00:00,UTA vs. LAL,L,37.55,7.7,16.3,0.471,4.8,10.5,0.455,1.0,1.9,0.5,1.0,5.8,6.7,3.8,1.0,1.0,0.0,0.0,1.0,4.8,21.1,3.8,36.8,0,0,38.3,1,13222,1,13222,1655,7332,6692,12143,2572,2932,7148,13352,12939,10625,13582,8912,10709,10409,16097,12289,8263,8846,19914,4514,7011,10733,9831,2246,150,7799,1,37:33
2024-25,1641718,Keyonte George,Keyonte,1610612762,UTA,Utah Jazz,0022400311,2024-12-01T00:00:00,UTA vs. LAL,L,31.833333333333332,5.7,11.3,0.5,1.1,5.7,0.2,3.4,3.4,1.0,0.0,4.5,4.5,4.5,6.8,0.0,0.0,0.0,2.3,4.5,15.8,2.3,21.3,0,0,26.0,1,13222,1,13222,6121,12542,14808,8526,13760,11563,13429,6917,9114,1,14058,12196,15987,8590,985,12854,8263,8846,13810,5085,12091,11482,20560,2246,150,16924,1,31:50
2024-25,1627749,Dejounte Murray,Dejounte,1610612740,NOP,New Orleans Pelicans,0022400308,2024-12-01T00:00:00,NOP @ NYK,L,29.566666666666666,6.1,20.7,0.294,0.0,7.3,0.0,0.0,0.0,0.0,1.2,8.5,9.7,6.1,3.7,3.7,1.2,0.0,4.9,1.2,12.2,-41.4,44.0,0,0,37.7,1,13222,1,13222,8168,11258,2516,19598,15070,7809,15070,13505,14344,13505,11674,4031,5743,5339,4671,2024,6064,8846,4900,16313,15948,24935,5694,2246,150,8202,1,29:34
2024-25,1630217,Desmond Bane,Desmond,1610612763,MEM,Memphis Grizzlies,0022400306,2024-12-01T00:00:00,MEM vs. IND,W,30.011666666666667,8.4,18.0,0.467,2.4,9.6,0.25,0.0,0.0,0.0,0.0,7.2,7.2,7.2,1.2,1.2,0.0,0.0,4.8,0.0,19.2,21.6,41.0,0,0,38.4,1,1,13086,1,7777,5809,4701,12249,8494,3985,11902,13505,14344,13505,14058,6005,9752,3767,14446,10175,8263,8846,5065,17725,8658,3558,7160,2246,150,7778,1,30:01
2024-25,1630567,Scottie Barnes,Scottie,1610612761,TOR,Toronto Raptors,0022400309,2024-12-01T00:00:00,TOR vs. MIA,W,35.13333333333333,9.2,17.4,0.529,2.0,5.1,0.4,3.1,5.1,0.6,1.0,9.2,10.2,9.2,4.1,0.0,0.0,1.0,2.0,4.1,23.6,-12.3,45.6,1,0,45.1,1,1,13086,1,3358,4327,5328,8281,9916,12898,7874,7611,5722,10343,13057,3278,5182,1853,3674,12854,8263,7710,14879,6056,5081,18856,4898,1,150,4229,1,35:08
2024-25,1628368,De'Aaron Fox,De'Aaron,1610612758,SAC,Sacramento Kings,0022400313,2024-12-01T00:00:00,SAC vs. SAS,L,36.666666666666664,8.8,22.6,0.391,2.9,7.9,0.375,2.0,2.0,1.0,2.9,2.9,5.9,8.8,2.0,2.0,1.0,1.0,1.0,1.0,22.6,-2.9,49.8,0,0,46.1,1,13222,1,13222,2230,4996,1552,15984,6702,6698,8800,10765,12825,1,5465,16908,12542,2146,10699,6429,7597,8073,19798,17447,5800,14547,3335,2246,150,3764,1,36:40
2024-25,1630241,Sam Merrill,Sam,1610612739,CLE,Cleveland Cavaliers,0022400307,2024-12-01T00:00:00,CLE vs. BOS,W,20.661666666666665,1.7,8.7,0.2,1.7,8.7,0.2,0.0,0.0,0.0,0.0,1.7,1.7,3.5,1.7,0.0,1.7,0.0,0.0,0.0,5.2,27.9,16.0,0,0,15.7,1,1,13086,1,15520,21843,19166,21401,11273,5249,13429,13505,14344,13505,14058,20373,22242,11429,11776,12854,4189,8846,20257,17725,21893,2288,22843,2246,150,22830,1,20:40
2024-25,1630540,Miles McBride,Miles,1610612752,NYK,New York Knicks,0022400308,2024-12-01T00:00:00,NYK vs. NOP,W,21.666666666666668,8.3,15.0,0.556,5.0,6.6,0.75,0.0,0.0,0.0,1.7,1.7,3.3,5.0,3.3,1.7,0.0,3.3,3.3,0.0,21.6,29.9,34.7,0,0,38.2,1,1,13086,1,14776,5973,8676,7248,2295,9226,1542,13505,14344,13505,9713,20539,18936,7502,5443,7761,8263,1049,9376,17725,6549,1974,11263,2246,150,7883,1,21:40
2024-25,1642377,Jaylen Wells,Jaylen,1610612763,MEM,Memphis Grizzlies,0022400306,2024-12-01T00:00:00,MEM vs. IND,W,25.666666666666668,7.0,12.6,0.556,4.2,9.8,0.429,0.0,0.0,0.0,1.4,7.0,8.4,1.4,1.4,0.0,0.0,0.0,4.2,0.0,18.2,12.6,29.0,0,0,32.3,1,1,13086,1,11427,8894,12524,7248,3546,3702,7394,13505,14344,13505,10736,6334,7598,18339,13270,12854,8263,8846,6529,17725,9592,6554,15461,2246,150,12161,1,25:40
2024-25,1629003,Shake Milton,Shake,1610612751,BKN,Brooklyn Nets,0022400305,2024-12-01T00:00:00,BKN vs. ORL,L,19.535,3.7,7.4,0.5,1.8,5.5,0.333,1.8,3.7,0.5,0.0,3.7,3.7,0.0,1.8,0.0,0.0,0.0,3.7,1.8,11.1,3.7,13.6,0,0,16.6,1,13222,1,13222,16386,17878,21114,8526,10911,11895,9209,11142,8508,10625,14058,14683,18108,19908,11357,12854,8263,8846,8144,13763,17136,10819,23595,2246,150,22475,1,19:32
2024-25,1630579,Jericho Sims,Jericho,1610612752,NYK,New York Knicks,0022400308,2024-12-01T00:00:00,NYK vs. NOP,W,23.433333333333334,3.1,3.1,1.0,0.0,0.0,0.0,0.0,0.0,0.0,7.7,12.3,20.0,3.1,3.1,1.5,0.0,0.0,0.0,3.1,6.1,24.6,36.3,0,0,32.3,1,1,13086,1,13361,19268,24471,1,15070,20945,15070,13505,14344,13505,890,1235,538,12684,6211,8248,8263,8846,20257,8985,21288,2905,10191,2246,150,12158,1,23:26
2024-25,1627734,Domantas Sabonis,Domantas,1610612758,SAC,Sacramento Kings,0022400313,2024-12-01T00:00:00,SAC vs. SAS,L,36.67,7.9,15.7,0.5,2.0,3.9,0.5,6.9,9.8,0.7,9.8,2.9,12.8,5.9,2.0,0.0,0.0,2.9,4.9,6.9,24.5,1.0,46.7,1,0,45.2,1,13222,1,13222,2227,6951,7538,8526,10331,15723,3944,2098,1447,9366,426,16911,2964,5684,10705,12854,8263,1398,4822,1763,4467,12170,4435,1,150,4176,1,36:40
2024-25,1626179,Terry Rozier,Terry,1610612748,MIA,Miami Heat,0022400309,2024-12-01T00:00:00,MIA @ TOR,L,28.75,6.3,15.0,0.417,3.8,8.8,0.429,5.0,5.0,1.0,0.0,1.3,1.3,6.3,1.3,0.0,0.0,0.0,2.5,3.8,21.3,5.0,30.9,0,0,32.6,1,13222,1,13222,8877,10818,8568,14532,4555,5158,7394,4027,5906,1,14058,21394,22877,5077,14085,12854,8263,8846,12784,6968,6837,10108,14104,2246,150,11966,1,28:45
2024-25,201942,DeMar DeRozan,DeMar,1610612758,SAC,Sacramento Kings,0022400313,2024-12-01T00:00:00,SAC vs. SAS,L,36.766666666666666,9.8,19.6,0.5,0.0,1.0,0.0,7.8,8.8,0.889,1.0,3.9,4.9,7.8,0.0,2.9,0.0,1.0,0.0,3.9,27.4,0.0,53.9,0,0,46.0,1,13222,1,13222,2141,3484,3289,8526,15070,20877,15070,1490,1977,6857,13430,13978,15075,3059,16469,3304,8263,8104,20257,6523,3015,12240,2240,2246,150,3808,1,36:46
2024-25,1627739,Kris Dunn,Kris,1610612746,LAC,LA Clippers,0022400314,2024-12-01T00:00:00,LAC vs. DEN,W,23.373333333333335,3.1,7.7,0.4,0.0,3.1,0.0,0.0,0.0,0.0,0.0,4.6,4.6,3.1,0.0,6.2,3.1,0.0,3.1,1.5,6.2,-16.9,44.1,0,0,32.3,1,1,13086,1,13404,19251,20650,14933,15070,17492,15070,13505,14344,13505,14058,11926,15771,12667,16469,436,1598,8846,10354,14834,21277,20598,5640,2246,150,12113,1,23:22
2024-25,1628381,John Collins,John,1610612762,UTA,Utah Jazz,0022400311,2024-12-01T00:00:00,UTA vs. LAL,L,35.59166666666667,7.1,14.2,0.5,3.0,5.1,0.6,4.0,7.1,0.571,2.0,7.1,9.1,3.0,0.0,0.0,1.0,2.0,2.0,5.1,21.2,2.0,39.8,0,0,38.4,1,13222,1,13222,3004,8741,9906,8526,6389,13057,2992,5613,3291,10536,8285,6214,6584,12812,16469,12854,7408,3148,15010,4003,6892,11610,7918,2246,150,7742,1,35:36
2024-25,204001,Kristaps Porziņģis,Kristaps,1610612738,BOS,Boston Celtics,0022400307,2024-12-01T00:00:00,BOS @ CLE,L,32.05,7.9,19.1,0.412,3.4,7.9,0.429,4.5,4.5,1.0,1.1,7.9,9.0,2.2,0.0,3.4,0.0,1.1,2.2,10.1,23.6,-5.6,47.9,0,0,44.9,1,13222,1,13222,5928,6927,3679,14791,5454,6683,7394,4847,6855,1,12309,4923,6770,15452,16469,2441,8263,6846,13893,391,5066,15886,4024,2246,150,4300,1,32:03
2024-25,1629634,Brandon Clarke,Brandon,1610612763,MEM,Memphis Grizzlies,0022400306,2024-12-01T00:00:00,MEM vs. IND,W,23.561666666666667,6.1,7.6,0.8,0.0,0.0,0.0,0.0,0.0,0.0,3.1,3.1,6.1,1.5,0.0,1.5,1.5,1.5,4.6,0.0,12.2,9.2,31.0,0,0,26.0,1,1,13086,1,13271,11194,20729,1688,15070,20945,15070,13505,14344,13505,5220,16533,12025,17876,16469,8283,4750,4663,5579,17725,15902,8105,14051,2246,150,16951,1,23:34
2024-25,1631114,Jalen Williams,Jalen,1610612760,OKC,Oklahoma City Thunder,0022400310,2024-12-01T00:00:00,OKC @ HOU,L,37.43333333333333,6.7,20.2,0.333,1.9,6.7,0.286,5.8,6.7,0.857,0.0,4.8,4.8,6.7,1.0,1.0,1.0,1.9,2.9,3.8,21.2,0.0,41.8,0,0,38.5,1,13222,1,13222,1716,9618,2829,17395,10532,9050,11433,3115,3622,7071,14058,11408,15278,4383,16079,12265,7739,3466,11246,6721,6960,12240,6714,2246,150,7720,1,37:26
2024-25,1628436,Luke Kornet,Luke,1610612738,BOS,Boston Celtics,0022400307,2024-12-01T00:00:00,BOS @ CLE,L,8.683333333333334,0.0,8.3,0.0,0.0,0.0,0.0,0.0,0.0,0.0,0.0,20.7,20.7,0.0,0.0,0.0,12.4,4.1,0.0,0.0,0.0,4.1,62.2,0,0,45.6,1,13222,1,13222,22568,22635,19804,22635,15070,20945,15070,13505,14344,13505,14058,148,445,19908,16469,12854,38,603,20257,17725,23200,10572,950,2246,150,3970,1,8:41
2024-25,1628969,Mikal Bridges,Mikal,1610612752,NYK,New York Knicks,0022400308,2024-12-01T00:00:00,NYK vs. NOP,W,35.5,12.2,19.3,0.632,7.1,12.2,0.583,0.0,0.0,0.0,0.0,4.1,4.1,1.0,1.0,0.0,1.0,0.0,1.0,2.0,31.4,40.6,39.9,0,0,45.6,1,1,13086,1,3067,1418,3533,4871,725,1682,3489,13505,14344,13505,14058,13557,17169,19633,15756,12854,7391,8846,19616,12946,1655,942,7847,2246,150,3961,1,35:30
2024-25,1630598,Aaron Wiggins,Aaron,1610612760,OKC,Oklahoma City Thunder,0022400310,2024-12-01T00:00:00,OKC @ HOU,L,27.246666666666666,7.9,15.9,0.5,1.3,5.3,0.25,0.0,0.0,0.0,0.0,4.0,4.0,4.0,0.0,0.0,0.0,0.0,0.0,0.0,17.2,-6.6,27.9,0,0,26.4,1,13222,1,13222,10153,6795,7338,8526,12776,12508,11902,13505,14344,13505,14058,13828,17403,10030,16469,12854,8263,8846,20257,17725,10659,16343,16315,2246,150,16600,1,27:15
2024-25,1630167,Obi Toppin,Obi,1610612754,IND,Indiana Pacers,0022400306,2024-12-01T00:00:00,IND @ MEM,L,22.076666666666668,11.4,16.3,0.7,1.6,6.5,0.25,1.6,3.3,0.5,0.0,13.0,13.0,1.6,3.3,1.6,0.0,0.0,3.3,4.9,26.1,-21.2,45.8,0,0,45.7,1,13222,1,13222,14439,1925,6674,3045,11594,9496,11902,11542,9403,10625,14058,998,2778,17572,5630,7885,8263,8846,9613,4311,3636,21886,4815,2246,150,3950,1,22:05
2024-25,1628976,Wendell Carter Jr.,Wendell,1610612753,ORL,Orlando Magic,0022400305,2024-12-01T00:00:00,ORL @ BKN,W,27.6,6.5,6.5,1.0,1.3,1.3,1.0,3.9,5.2,0.75,3.9,5.2,9.1,1.3,3.9,1.3,2.6,0.0,5.2,6.5,18.3,14.3,39.0,0,0,37.8,1,1,13086,1,9868,10132,22087,1,12841,20488,1,5856,5575,8186,3705,10237,6538,18641,4060,9430,2210,8846,4162,2062,9564,5877,8406,2246,150,8151,1,27:36
2024-25,1642277,Johnny Furphy,Johnny,1610612754,IND,Indiana Pacers,0022400306,2024-12-01T00:00:00,IND @ MEM,L,7.033333333333333,10.2,20.5,0.5,10.2,15.4,0.667,0.0,0.0,0.0,5.1,0.0,5.1,0.0,5.1,0.0,0.0,0.0,5.1,0.0,30.7,-20.5,31.7,0,0,46.1,1,13222,1,13222,23154,2981,2652,8526,202,622,1957,13505,14344,13505,2269,22137,14461,19908,2204,12854,8263,8846,4344,17725,1861,21699,13525,2246,150,3795,1,7:02
2024-25,1641803,Tristen Newton,Tristen,1610612754,IND,Indiana Pacers,0022400306,2024-12-01T00:00:00,IND @ MEM,L,2.216666666666667,0.0,16.2,0.0,0.0,16.2,0.0,0.0,0.0,0.0,0.0,0.0,0.0,16.2,0.0,0.0,0.0,0.0,0.0,0.0,0.0,32.5,24.4,0,0,16.2,1,13222,1,13222,25342,22635,6763,22635,15070,490,15070,13505,14344,13505,14058,22137,23286,196,16469,12854,8263,8846,20257,17725,23200,1675,18700,2246,150,22608,1,2:13
2024-25,1630228,Jonathan Kuminga,Jonathan,1610612744,GSW,Golden State Warriors,0022400303,2024-11-30T00:00:00,GSW @ PHX,L,18.908333333333335,7.6,22.8,0.333,0.0,5.7,0.0,7.6,11.4,0.667,0.0,3.8,3.8,1.9,0.0,1.9,0.0,5.7,7.6,5.7,22.8,-22.8,36.0,0,0,32.4,1,13222,1,13222,16905,7468,1433,17395,15070,11419,15070,1594,912,9425,14058,14293,17801,16737,16469,6744,8263,243,1566,3019,5599,22298,10379,2246,150,12094,1,18:55
2024-25,1631217,Moussa Diabaté,Moussa,1610612766,CHA,Charlotte Hornets,0022400300,2024-11-30T00:00:00,CHA vs. ATL,L,22.423333333333332,1.6,4.8,0.333,0.0,0.0,0.0,1.6,1.6,1.0,12.8,0.0,12.8,4.8,1.6,3.2,1.6,1.6,3.2,1.6,4.8,-8.0,40.3,0,0,32.1,1,13222,1,13222,14175,22024,23593,17395,15070,20945,15070,11591,13386,1,200,22137,2915,7877,12312,2718,4535,4424,9817,14612,22115,16983,7575,2246,150,12291,1,22:25
2024-25,1630208,Nick Richards,Nick,1610612766,CHA,Charlotte Hornets,0022400300,2024-11-30T00:00:00,CHA vs. ATL,L,25.473333333333333,4.2,7.1,0.6,0.0,0.0,0.0,8.5,9.9,0.857,1.4,7.1,8.5,1.4,1.4,1.4,4.2,1.4,8.5,5.7,17.0,-1.4,44.8,0,0,38.2,1,13222,1,13222,11608,16482,21480,5394,15070,20945,15070,1193,1414,7071,10689,6243,7505,18299,13208,8830,797,5128,1146,3115,10892,13766,5276,2246,150,7925,1,25:28
2024-25,1631323,Simone Fontecchio,Simone,1610612765,DET,Detroit Pistons,0022400301,2024-11-30T00:00:00,DET vs. PHI,L,23.288333333333334,3.1,18.6,0.167,1.5,12.4,0.125,3.1,3.1,1.0,0.0,17.0,17.0,3.1,3.1,0.0,0.0,3.1,6.2,3.1,10.8,10.8,32.8,0,0,32.5,1,13222,1,13222,13478,19223,4174,21938,11880,1588,14886,7568,9744,1,14058,331,1129,12631,6149,12854,8263,1240,2725,8915,17345,7320,12745,2246,150,12017,1,23:17
2024-25,201569,Eric Gordon,Eric,1610612755,PHI,Philadelphia 76ers,0022400301,2024-11-30T00:00:00,PHI @ DET,W,9.823333333333334,0.0,14.7,0.0,0.0,7.3,0.0,0.0,0.0,0.0,0.0,3.7,3.7,7.3,0.0,7.3,0.0,0.0,0.0,3.7,0.0,-14.7,37.4,0,0,25.7,1,1,13086,1,22165,22635,9123,22635,15070,7764,15070,13505,14344,13505,14058,14742,18168,3588,16469,261,8263,8846,20257,7222,23200,19770,9426,2246,150,17170,1,9:49
2024-25,1629655,Daniel Gafford,Daniel,1610612742,DAL,Dallas Mavericks,0022400304,2024-11-30T00:00:00,DAL @ UTA,W,23.933333333333334,9.0,9.0,1.0,0.0,0.0,0.0,3.0,4.5,0.667,4.5,12.0,16.5,4.5,3.0,1.5,0.0,0.0,4.5,3.0,21.1,16.5,49.2,1,0,45.1,1,1,13086,1,12962,4660,18677,1,15070,20945,15070,7778,6819,9425,2909,1335,1250,8626,6440,8388,8263,8846,5751,9208,7039,5056,3545,1,150,4200,1,23:56
2024-25,1631218,Trayce Jackson-Davis,Trayce,1610612744,GSW,Golden State Warriors,0022400303,2024-11-30T00:00:00,GSW @ PHX,L,14.95,2.4,12.0,0.2,0.0,0.0,0.0,0.0,0.0,0.0,9.6,4.8,14.4,4.8,2.4,0.0,7.2,2.4,2.4,0.0,4.8,-7.2,48.6,0,0,38.5,1,13222,1,13222,19602,20645,13525,21401,15070,20945,15070,13505,14344,13505,450,11384,2024,7878,8619,12854,189,2201,13159,17725,22116,16600,3763,2246,150,7688,1,14:57
2024-25,1628960,Grayson Allen,Grayson,1610612756,PHX,Phoenix Suns,0022400303,2024-11-30T00:00:00,PHX vs. GSW,W,32.45,4.4,8.9,0.5,3.3,6.7,0.5,6.7,6.7,1.0,1.1,3.3,4.4,3.3,1.1,1.1,0.0,0.0,0.0,4.4,18.9,-4.4,31.4,0,0,32.2,1,1,13086,1,5597,15960,18902,8526,5583,9204,3944,2276,3707,1,12395,15708,16200,11889,15066,10943,8263,8846,20257,5268,8982,15294,13753,2246,150,12248,1,32:27
2024-25,1642354,KJ Simpson,KJ,1610612766,CHA,Charlotte Hornets,0022400300,2024-11-30T00:00:00,CHA vs. ATL,L,14.016666666666667,5.1,18.0,0.286,5.1,15.4,0.333,5.1,5.1,1.0,2.6,2.6,5.1,2.6,5.1,2.6,0.0,0.0,7.7,2.6,20.5,-33.4,33.1,0,0,38.5,1,13222,1,13222,20187,13985,4719,19630,2120,614,9209,3837,5697,1,6433,18012,14428,14310,2189,4205,8263,8846,1509,10734,7448,24215,12486,2246,150,7692,1,14:01
2024-25,1641709,Ausar Thompson,Ausar,1610612765,DET,Detroit Pistons,0022400301,2024-11-30T00:00:00,DET vs. PHI,L,13.728333333333333,10.5,13.1,0.8,2.6,5.2,0.5,0.0,2.6,0.0,5.2,0.0,5.2,2.6,5.2,0.0,5.2,0.0,2.6,10.5,23.6,-10.5,44.3,0,0,44.6,1,13222,1,13222,20347,2724,11654,1688,7760,12605,3944,13505,10927,13505,2149,22137,14174,14148,2066,12854,454,8846,12353,334,5057,18099,5510,2246,150,4432,1,13:44
2024-25,203991,Clint Capela,Clint,1610612737,ATL,Atlanta Hawks,0022400300,2024-11-30T00:00:00,ATL @ CHA,W,19.95,3.6,10.8,0.333,0.0,0.0,0.0,0.0,0.0,0.0,7.2,18.0,25.3,1.8,0.0,1.8,3.6,1.8,1.8,1.8,7.2,1.8,56.5,0,0,45.1,1,1,13086,1,16058,18063,15642,17395,15070,20945,15070,13505,14344,13505,1054,253,187,17068,16469,7234,1140,3887,16160,13917,20546,11736,1732,2246,150,4215,1,19:57
2024-25,1629631,De'Andre Hunter,De'Andre,1610612737,ATL,Atlanta Hawks,0022400300,2024-11-30T00:00:00,ATL @ CHA,W,24.6,7.3,13.2,0.556,1.5,4.4,0.333,10.2,11.7,0.875,1.5,2.9,4.4,0.0,2.9,0.0,0.0,0.0,2.9,7.3,26.3,-2.9,28.7,0,0,32.2,1,1,13086,1,12377,8196,11539,7248,12193,14709,9209,641,829,6931,10468,16985,16316,19908,6734,12854,8263,8846,11050,1438,3513,14534,15735,2246,150,12221,1,24:36
2024-25,1630311,Pat Spencer,Pat,1610612744,GSW,Golden State Warriors,0022400303,2024-11-30T00:00:00,GSW @ PHX,L,8.433333333333334,0.0,4.3,0.0,0.0,0.0,0.0,0.0,0.0,0.0,4.3,0.0,4.3,12.8,0.0,4.3,0.0,4.3,8.5,0.0,0.0,-42.7,37.1,0,0,25.6,1,13222,1,13222,22649,22635,23949,22635,15070,20945,15070,13505,14344,13505,3214,22137,16615,562,16469,1400,8263,558,1122,17725,23200,25028,9595,2246,150,17201,1,8:26
2024-25,1630194,Paul Reed,Paul,1610612765,DET,Detroit Pistons,0022400301,2024-11-30T00:00:00,DET vs. PHI,L,14.216666666666667,7.6,12.7,0.6,0.0,5.1,0.0,2.5,5.1,0.5,0.0,10.1,10.1,2.5,5.1,5.1,2.5,0.0,5.1,2.5,17.7,20.3,51.4,0,0,45.6,1,13222,1,13222,20066,7524,12462,5394,15070,13040,15070,8956,5804,10625,14058,2482,5294,14435,2259,862,2314,8846,4461,10865,10108,3878,2867,2246,150,3992,1,14:13
2024-25,1630230,Naji Marshall,Naji,1610612742,DAL,Dallas Mavericks,0022400304,2024-11-30T00:00:00,DAL @ UTA,W,13.366666666666667,2.7,13.5,0.2,2.7,8.1,0.333,0.0,0.0,0.0,2.7,0.0,2.7,2.7,2.7,0.0,0.0,0.0,2.7,0.0,8.1,21.5,12.7,0,0,16.2,1,1,13086,1,20556,20102,11056,21401,7562,6319,9209,13505,14344,13505,6122,22137,20461,13928,7552,12854,8263,8846,12066,17725,19853,3568,23853,2246,150,22651,1,13:22
2024-25,1630231,KJ Martin,KJ,1610612755,PHI,Philadelphia 76ers,0022400301,2024-11-30T00:00:00,PHI @ DET,W,27.136666666666667,9.3,10.6,0.875,1.3,2.7,0.5,5.3,6.6,0.8,4.0,4.0,8.0,4.0,1.3,0.0,4.0,0.0,4.0,4.0,25.2,9.3,51.3,0,0,46.4,1,1,13086,1,10242,4225,16026,1353,12747,18345,3944,3646,3725,7681,3623,13788,8344,9987,13686,12854,931,8846,7196,6361,4117,8053,2885,2246,150,3682,1,27:08
2024-25,201572,Brook Lopez,Brook,1610612749,MIL,Milwaukee Bucks,0022400302,2024-11-30T00:00:00,MIL vs. WAS,W,34.93333333333333,7.2,14.4,0.5,4.1,10.3,0.4,0.0,0.0,0.0,0.0,0.0,0.0,3.1,1.0,0.0,3.1,0.0,3.1,0.0,18.5,6.2,31.4,0,0,31.9,1,1,13086,1,3514,8419,9473,8526,3731,3148,7874,13505,14344,13505,14058,22137,23286,12632,15628,12854,1583,8846,10304,17725,9267,9526,13722,2246,150,12429,1,34:56
2024-25,1641741,Ricky Council IV,Ricky,1610612755,PHI,Philadelphia 76ers,0022400301,2024-11-30T00:00:00,PHI @ DET,W,26.65,6.8,9.5,0.714,1.4,4.1,0.333,8.1,9.5,0.857,1.4,5.4,6.8,1.4,0.0,1.4,1.4,0.0,4.1,5.4,23.0,-23.0,41.2,0,0,37.8,1,1,13086,1,10604,9548,18026,2752,12650,15472,9209,1355,1629,7071,10977,9778,10624,18497,16469,9185,5441,8846,6989,3475,5509,22326,7051,2246,150,8154,1,26:39
2024-25,1631105,Jalen Duren,Jalen,1610612765,DET,Detroit Pistons,0022400301,2024-11-30T00:00:00,DET vs. PHI,L,12.533333333333333,5.7,5.7,1.0,0.0,0.0,0.0,0.0,0.0,0.0,0.0,0.0,0.0,5.7,11.5,0.0,0.0,0.0,2.9,0.0,11.5,-77.6,8.6,0,0,17.2,1,13222,1,13222,20972,12278,22866,1,15070,20945,15070,13505,14344,13505,14058,22137,23286,5958,228,12854,8263,8846,11299,17725,16681,25981,24622,2246,150,22201,1,12:32
2024-25,1631111,Wendell Moore Jr.,Wendell,1610612765,DET,Detroit Pistons,0022400301,2024-11-30T00:00:00,DET vs. PHI,L,15.583333333333334,9.2,20.8,0.444,0.0,2.3,0.0,6.9,6.9,1.0,4.6,2.3,6.9,0.0,0.0,0.0,0.0,4.6,2.3,4.6,25.4,-2.3,33.7,0,0,32.3,1,13222,1,13222,19203,4296,2459,13045,15070,18963,15070,2052,3443,1,2770,18735,10276,19908,16469,12854,8263,458,13601,4897,3984,14213,12025,2246,150,12115,1,15:35
2024-25,203952,Andrew Wiggins,Andrew,1610612744,GSW,Golden State Warriors,0022400303,2024-11-30T00:00:00,GSW @ PHX,L,33.55,7.5,18.2,0.412,4.3,9.7,0.444,0.0,0.0,0.0,0.0,3.2,3.2,3.2,2.1,1.1,0.0,0.0,2.1,1.1,19.3,12.9,29.1,0,0,32.2,1,13222,1,13222,4683,7741,4418,14791,3403,3903,7211,13505,14344,13505,14058,16024,19175,12229,9747,11249,8263,8846,14377,17044,8540,6445,15432,2246,150,12224,1,33:33
2024-25,1641733,Nick Smith Jr.,Nick,1610612766,CHA,Charlotte Hornets,0022400300,2024-11-30T00:00:00,CHA vs. ATL,L,16.791666666666668,4.3,15.0,0.286,2.1,6.4,0.333,0.0,0.0,0.0,0.0,2.1,2.1,4.3,0.0,2.1,0.0,2.1,0.0,0.0,10.7,-47.2,26.2,0,0,23.6,1,13222,1,13222,18393,16355,8601,19630,9490,9689,9209,13505,14344,13505,14058,19229,21526,9164,16469,5617,8263,2787,20257,17725,17453,25276,17510,2246,150,18625,1,16:48
2024-25,1641718,Keyonte George,Keyonte,1610612762,UTA,Utah Jazz,0022400304,2024-11-30T00:00:00,UTA vs. DAL,L,32.63333333333333,1.1,8.8,0.125,0.0,2.2,0.0,3.3,4.4,0.75,1.1,5.5,6.6,8.8,5.5,1.1,0.0,1.1,4.4,3.3,5.5,-15.4,24.5,0,0,23.2,1,13222,1,13222,5451,22575,18976,22420,15070,19157,15070,7089,7009,8186,12445,9484,10909,2156,1802,10994,8263,7017,5988,8223,21724,20074,18621,2246,150,18881,1,32:38
2024-25,1630700,Dyson Daniels,Dyson,1610612737,ATL,Atlanta Hawks,0022400300,2024-11-30T00:00:00,ATL @ CHA,W,30.745,4.7,11.7,0.4,0.0,7.0,0.0,0.0,0.0,0.0,1.2,4.7,5.9,3.5,1.2,2.3,0.0,0.0,1.2,0.0,9.4,-7.0,27.5,0,0,23.4,1,1,13086,1,7095,15279,14095,14933,15070,8414,15070,13505,14344,13505,11988,11759,12620,11356,14654,4894,8263,8846,18711,17725,18762,16512,16568,2246,150,18723,1,30:45
2024-25,1641842,Ronald Holland II,Ronald,1610612765,DET,Detroit Pistons,0022400301,2024-11-30T00:00:00,DET vs. PHI,L,22.683333333333334,1.6,4.8,0.333,0.0,3.2,0.0,0.0,0.0,0.0,1.6,3.2,4.8,1.6,4.8,0.0,0.0,0.0,4.8,1.6,3.2,11.1,6.5,0,0,9.5,1,13222,1,13222,13966,22049,23635,17395,15070,17318,15070,13505,14344,13505,9972,16179,15400,17688,2638,12854,8263,8846,5153,14671,22902,7188,24863,2246,150,24524,1,22:41
2024-25,1626153,Delon Wright,Delon,1610612749,MIL,Milwaukee Bucks,0022400302,2024-11-30T00:00:00,MIL vs. WAS,W,8.145,4.4,8.8,0.5,0.0,0.0,0.0,0.0,0.0,0.0,0.0,0.0,0.0,0.0,0.0,0.0,0.0,4.4,0.0,0.0,8.8,-8.8,8.8,0,0,8.8,1,1,13086,1,22766,16011,18960,8526,15070,20945,15070,13505,14344,13505,14058,22137,23286,19908,16469,12854,8263,507,20257,17725,19237,17350,24599,2246,150,24640,1,8:09
2024-25,1642268,Isaiah Collier,Isaiah,1610612762,UTA,Utah Jazz,0022400304,2024-11-30T00:00:00,UTA vs. DAL,L,12.266666666666667,0.0,8.8,0.0,0.0,5.9,0.0,0.0,0.0,0.0,0.0,0.0,0.0,8.8,5.9,0.0,0.0,0.0,5.9,0.0,0.0,-35.2,7.3,0,0,8.8,1,13222,1,13222,21118,22635,19014,22635,15070,11023,15070,13505,14344,13505,14058,22137,23286,2184,1489,12854,8263,8846,3116,17725,23200,24434,24774,2246,150,24645,1,12:16
2024-25,1627780,Gary Payton II,Gary,1610612744,GSW,Golden State Warriors,0022400303,2024-11-30T00:00:00,GSW @ PHX,L,12.283333333333333,0.0,8.8,0.0,0.0,2.9,0.0,0.0,0.0,0.0,2.9,5.9,8.8,0.0,0.0,0.0,0.0,2.9,0.0,0.0,0.0,-35.2,10.6,0,0,8.8,1,13222,1,13222,21109,22635,19036,22635,15070,17798,15070,13505,14344,13505,5505,8638,7040,19908,16469,12854,8263,1415,20257,17725,23200,24425,24329,2246,150,24646,1,12:17
2024-25,1642273,Kyshawn George,Kyshawn,1610612764,WAS,Washington Wizards,0022400302,2024-11-30T00:00:00,WAS @ MIL,L,19.368333333333332,3.7,11.2,0.333,0.0,5.6,0.0,0.0,0.0,0.0,1.9,1.9,3.7,3.7,5.6,1.9,0.0,0.0,5.6,0.0,7.4,-3.7,17.5,0,0,18.6,1,13222,1,13222,16521,17791,15096,17395,15070,11778,15070,13505,14344,13505,9000,20089,18027,10743,1745,6987,8263,8846,3585,17725,20377,14898,22303,2246,150,21592,1,19:22
2024-25,203937,Kyle Anderson,Kyle,1610612744,GSW,Golden State Warriors,0022400303,2024-11-30T00:00:00,GSW @ PHX,L,7.25,5.0,9.9,0.5,0.0,0.0,0.0,0.0,0.0,0.0,0.0,9.9,9.9,5.0,0.0,5.0,0.0,5.0,0.0,0.0,9.9,-14.9,44.2,0,0,34.8,1,13222,1,13222,23075,14489,17187,8526,15070,20945,15070,13505,14344,13505,14058,2635,5513,7541,16469,923,8263,377,20257,17725,18222,19863,5576,2246,150,10256,1,7:15
2024-25,1630556,Kessler Edwards,Kessler,1610612742,DAL,Dallas Mavericks,0022400304,2024-11-30T00:00:00,DAL @ UTA,W,1.1833333333333333,0.0,0.0,0.0,0.0,0.0,0.0,0.0,0.0,0.0,0.0,0.0,0.0,0.0,0.0,0.0,0.0,0.0,0.0,0.0,0.0,-60.8,0.0,0,0,0.0,1,1,13086,1,25970,22635,24836,22635,15070,20945,15070,13505,14344,13505,14058,22137,23286,19908,16469,12854,8263,8846,20257,17725,23200,25706,25228,2246,150,25259,1,1:11
2024-25,1641765,Olivier-Maxence Prosper,Olivier-Maxence,1610612742,DAL,Dallas Mavericks,0022400304,2024-11-30T00:00:00,DAL @ UTA,W,1.3333333333333333,0.0,0.0,0.0,0.0,0.0,0.0,0.0,0.0,0.0,0.0,0.0,0.0,0.0,0.0,0.0,0.0,0.0,0.0,0.0,0.0,0.0,0.0,0,0,0.0,1,1,13086,1,25896,22635,24836,22635,15070,20945,15070,13505,14344,13505,14058,22137,23286,19908,16469,12854,8263,8846,20257,17725,23200,12240,25228,2246,150,25259,1,1:20
2024-25,1630264,Anthony Gill,Anthony,1610612764,WAS,Washington Wizards,0022400302,2024-11-30T00:00:00,WAS @ MIL,L,2.735,0.0,0.0,0.0,0.0,0.0,0.0,0.0,0.0,0.0,0.0,0.0,0.0,0.0,0.0,0.0,0.0,0.0,0.0,0.0,0.0,-52.7,0.0,0,0,0.0,1,13222,1,13222,25093,22635,24836,22635,15070,20945,15070,13505,14344,13505,14058,22137,23286,19908,16469,12854,8263,8846,20257,17725,23200,25493,25228,2246,150,25259,1,2:44
2024-25,1631311,Lester Quinones,Lester,1610612755,PHI,Philadelphia 76ers,0022400301,2024-11-30T00:00:00,PHI @ DET,W,3.466666666666667,0.0,10.4,0.0,0.0,10.4,0.0,0.0,0.0,0.0,0.0,0.0,0.0,0.0,31.2,0.0,0.0,0.0,0.0,0.0,0.0,-62.3,-31.2,0,0,0.0,1,1,13086,1,24728,22635,16407,22635,15070,3073,15070,13505,14344,13505,14058,22137,23286,19908,12,12854,8263,8846,20257,17725,23200,25732,26298,2246,150,25259,1,3:28
2024-25,203939,Dwight Powell,Dwight,1610612742,DAL,Dallas Mavericks,0022400304,2024-11-30T00:00:00,DAL @ UTA,W,1.3333333333333333,0.0,0.0,0.0,0.0,0.0,0.0,0.0,0.0,0.0,0.0,0.0,0.0,0.0,0.0,0.0,0.0,0.0,0.0,0.0,0.0,0.0,0.0,0,0,0.0,1,1,13086,1,25896,22635,24836,22635,15070,20945,15070,13505,14344,13505,14058,22137,23286,19908,16469,12854,8263,8846,20257,17725,23200,12240,25228,2246,150,25259,1,1:20
2024-25,1630541,Moses Moody,Moses,1610612744,GSW,Golden State Warriors,0022400303,2024-11-30T00:00:00,GSW @ PHX,L,2.7666666666666666,0.0,13.0,0.0,0.0,13.0,0.0,0.0,0.0,0.0,0.0,0.0,0.0,0.0,13.0,0.0,0.0,0.0,0.0,0.0,0.0,-65.1,-13.0,0,0,0.0,1,13222,1,13222,25079,22635,11829,22635,15070,1296,15070,13505,14344,13505,14058,22137,23286,19908,167,12854,8263,8846,20257,17725,23200,25795,26245,2246,150,25259,1,2:46
2024-25,1628467,Maxi Kleber,Maxi,1610612742,DAL,Dallas Mavericks,0022400304,2024-11-30T00:00:00,DAL @ UTA,W,28.86,0.0,1.2,0.0,0.0,0.0,0.0,0.0,0.0,0.0,0.0,5.0,5.0,0.0,2.5,1.2,1.2,1.2,3.7,1.2,0.0,-2.5,11.0,0,0,10.0,1,1,13086,1,8803,22635,24830,22635,15070,20945,15070,13505,14344,13505,14058,10902,14814,19908,8267,9819,5909,5946,7938,16140,23200,14309,24244,2246,150,24425,1,28:52
2024-25,1630249,Vít Krejčí,Vít,1610612737,ATL,Atlanta Hawks,0022400300,2024-11-30T00:00:00,ATL @ CHA,W,12.188333333333333,0.0,0.0,0.0,0.0,0.0,0.0,0.0,0.0,0.0,3.0,5.9,8.9,3.0,0.0,0.0,0.0,0.0,5.9,0.0,0.0,26.6,15.1,0,0,11.8,1,1,13086,1,21162,22635,24836,22635,15070,20945,15070,13505,14344,13505,5445,8530,6936,13076,16469,12854,8263,8846,3063,17725,23200,2505,23160,2246,150,24026,1,12:11
2024-25,1642259,Alex Sarr,Alex,1610612764,WAS,Washington Wizards,0022400302,2024-11-30T00:00:00,WAS @ MIL,L,36.06666666666667,2.0,8.0,0.25,1.0,6.0,0.167,2.0,2.0,1.0,2.0,0.0,2.0,1.0,0.0,0.0,1.0,0.0,2.0,1.0,7.0,-9.0,13.9,0,0,13.0,1,13222,1,13222,2629,21417,20284,20233,14562,10727,14236,10657,12736,1,8403,22137,21808,19683,16469,12854,7489,8846,15167,17404,20741,17417,23528,2246,150,23725,1,36:04
2024-25,1642275,Tidjane Salaün,Tidjane,1610612766,CHA,Charlotte Hornets,0022400300,2024-11-30T00:00:00,CHA vs. ATL,L,22.01,0.0,13.1,0.0,0.0,8.2,0.0,0.0,0.0,0.0,0.0,1.6,1.6,1.6,1.6,3.3,0.0,1.6,1.6,0.0,0.0,-22.9,12.6,0,0,9.8,1,13222,1,13222,14501,22635,11698,22635,15070,6125,15070,13505,14344,13505,14058,20592,22389,17548,12194,2614,8263,4345,16761,17725,23200,22309,23871,2246,150,24469,1,22:01
2024-25,1630168,Onyeka Okongwu,Onyeka,1610612737,ATL,Atlanta Hawks,0022400300,2024-11-30T00:00:00,ATL @ CHA,W,28.05,6.4,12.8,0.5,0.0,2.6,0.0,7.7,7.7,1.0,7.7,6.4,14.1,2.6,2.6,1.3,0.0,1.3,3.9,6.4,20.5,2.6,42.6,1,0,39.8,1,1,13086,1,9509,10394,12150,8526,15070,18509,15070,1559,2744,1,882,7466,2178,14318,7994,9556,8263,5735,7604,2163,7462,11335,6304,1,150,6902,1,28:03
2024-25,203501,Tim Hardaway Jr.,Tim,1610612765,DET,Detroit Pistons,0022400301,2024-11-30T00:00:00,DET vs. PHI,L,20.57,0.0,10.5,0.0,0.0,7.0,0.0,0.0,0.0,0.0,0.0,0.0,0.0,0.0,0.0,0.0,0.0,0.0,1.8,3.5,0.0,-31.5,0.0,0,0,0.0,1,13222,1,13222,15589,22635,16214,22635,15070,8468,15070,13505,14344,13505,14058,22137,23286,19908,16469,12854,8263,8846,16371,7665,23200,23967,25228,2246,150,25259,1,20:34
2024-25,1642348,Justin Edwards,Justin,1610612755,PHI,Philadelphia 76ers,0022400301,2024-11-30T00:00:00,PHI @ DET,W,3.466666666666667,0.0,0.0,0.0,0.0,0.0,0.0,0.0,0.0,0.0,0.0,0.0,0.0,0.0,0.0,0.0,0.0,0.0,0.0,0.0,0.0,-62.3,0.0,0,0,0.0,1,1,13086,1,24728,22635,24836,22635,15070,20945,15070,13505,14344,13505,14058,22137,23286,19908,16469,12854,8263,8846,20257,17725,23200,25732,25228,2246,150,25259,1,3:28
2024-25,1642345,Oso Ighodaro,Oso,1610612756,PHX,Phoenix Suns,0022400303,2024-11-30T00:00:00,PHX vs. GSW,W,30.55,3.5,4.7,0.75,0.0,0.0,0.0,0.0,0.0,0.0,2.4,7.1,9.4,0.0,2.4,0.0,2.4,0.0,3.5,0.0,7.1,16.5,23.1,0,0,21.2,1,1,13086,1,7274,18236,23666,2107,15070,20945,15070,13505,14344,13505,7064,6227,6146,19908,8827,12854,2634,8846,8644,17725,20665,5074,19503,2246,150,20153,1,30:33
2024-25,203915,Spencer Dinwiddie,Spencer,1610612742,DAL,Dallas Mavericks,0022400304,2024-11-30T00:00:00,DAL @ UTA,W,30.606666666666666,2.4,10.6,0.222,1.2,4.7,0.25,2.4,2.4,1.0,1.2,1.2,2.4,11.8,1.2,3.5,0.0,1.2,3.5,1.2,8.2,8.2,38.1,0,0,30.6,1,1,13086,1,7217,20755,16076,21205,13500,13947,11902,9445,11619,1,11952,21576,21098,776,14612,2208,8263,6434,8674,16523,19722,8515,8955,2246,150,13492,1,30:36
2024-25,1629656,Quentin Grimes,Quentin,1610612742,DAL,Dallas Mavericks,0022400304,2024-11-30T00:00:00,DAL @ UTA,W,28.606666666666666,11.3,20.1,0.563,6.3,13.8,0.455,1.3,7.6,0.167,0.0,3.8,3.8,0.0,2.5,0.0,1.3,0.0,3.8,5.0,30.2,10.1,36.0,0,0,42.8,1,1,13086,1,9033,1985,2882,7127,1122,976,7148,12424,2852,13500,14058,14402,17883,19908,8173,12854,5859,8846,7817,4053,2018,7667,10377,2246,150,5259,1,28:36
2024-25,1628998,Cody Martin,Cody,1610612766,CHA,Charlotte Hornets,0022400300,2024-11-30T00:00:00,CHA vs. ATL,L,25.533333333333335,7.0,12.7,0.556,1.4,2.8,0.5,1.4,2.8,0.5,1.4,8.5,9.9,7.0,1.4,0.0,0.0,1.4,0.0,1.4,16.9,21.1,37.9,0,0,35.2,1,13222,1,13222,11556,8817,12402,7248,12404,18018,3944,11998,10429,10625,10695,4100,5574,3957,13222,12854,8263,5137,20257,15405,10940,3662,9062,2246,150,9917,1,25:32
2024-25,1626172,Kevon Looney,Kevon,1610612744,GSW,Golden State Warriors,0022400303,2024-11-30T00:00:00,GSW @ PHX,L,16.066666666666666,9.0,9.0,1.0,0.0,0.0,0.0,2.2,2.2,1.0,4.5,9.0,13.4,2.2,0.0,0.0,0.0,0.0,4.5,2.2,20.2,-2.2,39.7,0,0,35.9,1,13222,1,13222,18879,4776,18775,1,15070,20945,15070,9804,11964,1,2947,3552,2512,15473,16469,12854,8263,8846,5816,11982,7774,14169,7987,2246,150,9479,1,16:04
2024-25,202685,Jonas Valančiūnas,Jonas,1610612764,WAS,Washington Wizards,0022400302,2024-11-30T00:00:00,WAS @ MIL,L,30.8,7.0,10.5,0.667,0.0,2.3,0.0,4.7,4.7,1.0,1.2,7.0,8.2,5.8,4.7,1.2,0.0,0.0,4.7,4.7,18.7,-4.7,36.1,0,0,35.1,1,13222,1,13222,7043,8894,16179,3281,15070,18922,15070,4547,6526,1,12003,6334,7957,5768,2749,10439,8263,8846,5349,4768,9120,15401,10288,2246,150,10047,1,30:48
2024-25,1641737,Adem Bona,Adem,1610612755,PHI,Philadelphia 76ers,0022400301,2024-11-30T00:00:00,PHI @ DET,W,19.618333333333332,1.8,3.7,0.5,0.0,0.0,0.0,3.7,5.5,0.667,1.8,7.3,9.2,0.0,3.7,0.0,5.5,1.8,7.3,3.7,7.3,16.5,31.2,0,0,27.5,1,1,13086,1,16323,21698,24244,8526,15070,20945,15070,6353,5184,9425,9112,5764,6477,19908,4629,12854,394,3783,1753,7210,20454,5063,13902,2246,150,15774,1,19:37
2024-25,1641723,Kobe Bufkin,Kobe,1610612737,ATL,Atlanta Hawks,0022400300,2024-11-30T00:00:00,ATL @ CHA,W,17.2,6.3,18.8,0.333,0.0,6.3,0.0,6.3,8.4,0.75,0.0,4.2,4.2,8.4,0.0,2.1,0.0,4.2,0.0,6.3,18.8,14.7,42.7,0,0,35.6,1,1,13086,1,18139,10770,3895,17395,15070,10022,15070,2613,2276,8186,14058,13148,16837,2537,16469,5822,8263,588,20257,2306,9003,5762,6271,2246,150,9677,1,17:12
2024-25,1630702,Jaden Hardy,Jaden,1610612742,DAL,Dallas Mavericks,0022400304,2024-11-30T00:00:00,DAL @ UTA,W,16.25,2.2,15.5,0.143,0.0,6.6,0.0,4.4,4.4,1.0,0.0,4.4,4.4,4.4,6.6,4.4,0.0,0.0,6.6,2.2,8.9,2.2,27.5,0,0,26.6,1,1,13086,1,18753,21006,7811,22260,15070,9221,15070,4940,6974,1,14058,12453,16213,8811,1055,1279,8263,8846,2270,12095,19210,11504,16607,2246,150,16476,1,16:15
2024-25,1641729,Brice Sensabaugh,Brice,1610612762,UTA,Utah Jazz,0022400304,2024-11-30T00:00:00,UTA vs. DAL,L,22.9,6.3,18.9,0.333,4.7,14.1,0.333,3.1,3.1,1.0,4.7,4.7,9.4,1.6,1.6,3.1,0.0,0.0,3.1,1.6,20.4,-1.6,42.0,0,0,42.4,1,13222,1,13222,13790,10753,3871,17395,2706,884,9209,7450,9624,1,2653,11658,6131,17733,12455,2845,8263,8846,10120,14719,7557,13827,6635,2246,150,5434,1,22:54
2024-25,1630557,Corey Kispert,Corey,1610612764,WAS,Washington Wizards,0022400302,2024-11-30T00:00:00,WAS @ MIL,L,30.765,8.2,14.0,0.583,2.3,4.7,0.5,0.0,0.0,0.0,3.5,5.9,9.4,0.0,0.0,0.0,0.0,1.2,4.7,0.0,18.7,-17.6,30.0,0,0,30.4,1,13222,1,13222,7081,6224,10107,6296,8702,14013,3944,13505,14344,13505,4362,8664,6249,19908,16469,12854,8263,6479,5336,17725,9108,20798,14827,2246,150,13601,1,30:46
2024-25,1630322,Lindy Waters III,Lindy,1610612744,GSW,Golden State Warriors,0022400303,2024-11-30T00:00:00,GSW @ PHX,L,13.36,2.7,8.1,0.333,2.7,8.1,0.333,0.0,0.0,0.0,0.0,8.1,8.1,2.7,0.0,0.0,0.0,2.7,2.7,0.0,8.1,-21.6,21.8,0,0,21.6,1,13222,1,13222,20563,20101,20117,17395,7560,6316,9209,13505,14344,13505,14058,4587,8125,13927,16469,12854,8263,1752,12064,17725,19848,21981,20245,2246,150,19928,1,13:22
2024-25,203110,Draymond Green,Draymond,1610612744,GSW,Golden State Warriors,0022400303,2024-11-30T00:00:00,GSW @ PHX,L,30.583333333333332,5.9,9.4,0.625,2.4,5.9,0.4,1.2,1.2,1.0,0.0,2.4,2.4,8.2,4.7,2.4,1.2,0.0,3.5,1.2,15.3,7.1,36.4,0,0,35.3,1,13222,1,13222,7243,11843,18086,4899,8648,10983,7874,12673,13925,1,14058,18607,21088,2662,2703,4851,6315,8846,8658,16516,12615,9105,10098,2246,150,9867,1,30:35
2024-25,1642346,Ryan Dunn,Ryan,1610612756,PHX,Phoenix Suns,0022400303,2024-11-30T00:00:00,PHX vs. GSW,W,20.283333333333335,1.8,3.5,0.5,0.0,1.8,0.0,0.0,0.0,0.0,0.0,7.1,7.1,3.5,3.5,0.0,3.5,0.0,7.1,0.0,3.5,14.2,24.5,0,0,21.3,1,1,13086,1,15795,21791,24289,8526,15070,19953,15070,13505,14344,13505,14058,6177,9957,11251,4909,12854,1192,8846,1898,17725,22757,5934,18620,2246,150,20099,1,20:17
2024-25,202699,Tobias Harris,Tobias,1610612765,DET,Detroit Pistons,0022400301,2024-11-30T00:00:00,DET vs. PHI,L,22.616666666666667,1.6,12.7,0.125,0.0,4.8,0.0,3.2,4.8,0.667,1.6,9.6,11.1,3.2,0.0,0.0,0.0,1.6,0.0,3.2,6.4,-35.0,24.5,0,0,20.7,1,13222,1,13222,14015,22042,12326,22420,15070,13773,15070,7364,6347,9425,9958,2961,4284,12382,16469,12854,8263,4455,20257,8613,21144,24408,18601,2246,150,20464,1,22:37
2024-25,1628374,Lauri Markkanen,Lauri,1610612762,UTA,Utah Jazz,0022400304,2024-11-30T00:00:00,UTA vs. DAL,L,33.983333333333334,7.4,21.2,0.35,2.1,11.7,0.182,3.2,5.3,0.6,1.1,4.2,5.3,1.1,1.1,1.1,0.0,0.0,1.1,3.2,20.1,-18.0,30.2,0,0,30.7,1,13222,1,13222,4278,7976,2213,17337,9600,1997,14207,7378,5470,10343,12796,13012,14046,19493,15429,11399,8263,8846,19345,8635,7816,20938,14671,2246,150,13386,1,33:59
2024-25,1629023,P.J. Washington,P.J.,1610612742,DAL,Dallas Mavericks,0022400304,2024-11-30T00:00:00,DAL @ UTA,W,34.69833333333333,7.3,16.6,0.438,2.1,5.2,0.4,0.0,0.0,0.0,2.1,9.3,11.4,1.0,1.0,1.0,1.0,3.1,3.1,3.1,16.6,11.4,37.0,1,0,35.3,1,1,13086,1,3703,8310,6305,13558,9794,12736,7874,13505,14344,13505,8054,3171,4043,19567,15582,11613,7214,1225,10228,8842,11283,7050,9671,1,150,9892,1,34:42
2024-25,1630548,Johnny Juzang,Johnny,1610612762,UTA,Utah Jazz,0022400304,2024-11-30T00:00:00,UTA vs. DAL,L,15.366666666666667,2.3,11.7,0.2,0.0,4.7,0.0,0.0,0.0,0.0,4.7,7.0,11.7,0.0,0.0,0.0,2.3,0.0,2.3,2.3,4.7,4.7,25.8,0,0,21.1,1,13222,1,13222,19327,20775,14081,21401,15070,13992,15070,13505,14344,13505,2686,6312,3743,19908,16469,12854,2656,8846,13468,11573,22195,10293,17768,2246,150,20231,1,15:22
2024-25,1630182,Josh Green,Josh,1610612766,CHA,Charlotte Hornets,0022400300,2024-11-30T00:00:00,CHA vs. ATL,L,35.678333333333335,6.1,12.1,0.5,4.0,7.1,0.571,1.0,2.0,0.5,1.0,2.0,3.0,0.0,1.0,3.0,0.0,1.0,5.0,3.0,17.2,20.2,28.9,0,0,30.3,1,13222,1,13222,2926,11356,13403,8526,3926,8326,3506,13217,12669,10625,13188,19601,19643,19908,15785,3094,8263,7839,4517,9138,10677,3898,15592,2246,150,13743,1,35:41
2024-25,1626171,Bobby Portis,Bobby,1610612749,MIL,Milwaukee Bucks,0022400302,2024-11-30T00:00:00,MIL vs. WAS,W,23.35,6.2,9.3,0.667,1.5,3.1,0.5,0.0,0.0,0.0,1.5,7.7,9.3,3.1,0.0,1.5,0.0,1.5,0.0,3.1,13.9,7.7,34.2,0,0,30.8,1,1,13086,1,13419,11054,18336,3281,11891,17483,3944,13505,14344,13505,10149,5153,6385,12652,16469,8230,8263,4616,20257,8950,14073,8764,11635,2246,150,13306,1,23:21
2024-25,1642258,Zaccharie Risacher,Zaccharie,1610612737,ATL,Atlanta Hawks,0022400300,2024-11-30T00:00:00,ATL @ CHA,W,25.066666666666666,8.6,14.4,0.6,2.9,5.7,0.5,0.0,0.0,0.0,1.4,2.9,4.3,2.9,2.9,1.4,2.9,1.4,0.0,1.4,20.1,4.3,39.6,0,0,38.8,1,1,13086,1,11944,5407,9589,5394,6977,11343,3944,13505,14344,13505,10593,17172,16509,13367,6950,8716,1855,5036,20257,15295,7831,10477,8001,2246,150,7531,1,25:04
2024-25,1628381,John Collins,John,1610612762,UTA,Utah Jazz,0022400304,2024-11-30T00:00:00,UTA vs. DAL,L,36.833333333333336,5.9,14.7,0.4,1.0,4.9,0.2,2.9,2.9,1.0,3.9,4.9,8.8,2.0,2.0,1.0,1.0,2.0,2.0,3.9,15.6,-8.8,33.0,0,0,31.3,1,13222,1,13222,2107,11906,9120,14933,14669,13476,13429,8006,10142,1,3706,11195,7037,16543,10755,12146,7642,3374,15381,6538,12276,17329,12567,2246,150,12949,1,36:50
2024-25,1629234,Drew Eubanks,Drew,1610612762,UTA,Utah Jazz,0022400304,2024-11-30T00:00:00,UTA vs. DAL,L,13.7,2.6,15.8,0.167,0.0,0.0,0.0,0.0,0.0,0.0,2.6,10.5,13.1,5.3,2.6,2.6,0.0,2.6,2.6,2.6,5.3,-13.1,34.2,0,0,28.9,1,13222,1,13222,20364,20228,7448,21938,15070,20945,15070,13505,14344,13505,6277,2219,2715,6922,7773,4067,8263,1839,12332,10550,21876,19173,11679,2246,150,14780,1,13:42
2024-25,1641764,Brandin Podziemski,Brandin,1610612744,GSW,Golden State Warriors,0022400303,2024-11-30T00:00:00,GSW @ PHX,L,33.016666666666666,4.4,8.7,0.5,2.2,4.4,0.5,2.2,2.2,1.0,0.0,7.6,7.6,4.4,1.1,1.1,1.1,0.0,1.1,3.3,13.1,7.6,34.2,0,0,31.6,1,13222,1,13222,5136,16166,19147,8526,9310,14774,3944,10024,12148,1,14058,5264,8906,8980,15195,11098,6863,8846,19155,8341,15002,8812,11623,2246,150,12689,1,33:01
2024-25,1629012,Collin Sexton,Collin,1610612762,UTA,Utah Jazz,0022400304,2024-11-30T00:00:00,UTA vs. DAL,L,29.683333333333334,6.1,15.8,0.385,1.2,6.1,0.2,2.4,2.4,1.0,0.0,4.9,4.9,2.4,2.4,0.0,0.0,1.2,0.0,4.9,15.8,-7.3,22.8,0,0,24.3,1,13222,1,13222,8057,11330,7448,16070,13299,10531,13429,9257,11404,1,14058,11277,15176,14792,8552,12854,8263,6167,20257,4392,12153,16628,19683,2246,150,18165,1,29:41
2024-25,203552,Seth Curry,Seth,1610612766,CHA,Charlotte Hornets,0022400300,2024-11-30T00:00:00,CHA vs. ATL,L,5.2,0.0,6.9,0.0,0.0,0.0,0.0,0.0,0.0,0.0,0.0,6.9,6.9,6.9,6.9,0.0,0.0,0.0,6.9,0.0,0.0,13.8,11.8,0,0,13.8,1,13222,1,13222,23910,22635,21640,22635,15070,20945,15070,13505,14344,13505,14058,6497,10283,4107,925,12854,8263,8846,2036,17725,23200,6063,24071,2246,150,23461,1,5:12
2024-25,1630552,Jalen Johnson,Jalen,1610612737,ATL,Atlanta Hawks,0022400300,2024-11-30T00:00:00,ATL @ CHA,W,38.4,7.5,11.3,0.667,3.8,5.6,0.667,0.0,0.0,0.0,0.0,2.8,2.8,8.4,3.8,0.0,2.8,0.0,1.9,0.0,18.8,14.1,39.5,0,0,39.4,1,1,13086,1,1165,7762,14928,3281,4578,11644,1957,13505,14344,13505,14058,17359,20217,2475,4437,12854,1934,8846,15814,17725,9078,5979,8095,2246,150,7146,1,38:24
2024-25,203486,Mason Plumlee,Mason,1610612756,PHX,Phoenix Suns,0022400303,2024-11-30T00:00:00,PHX vs. GSW,W,16.183333333333334,2.2,11.1,0.2,0.0,0.0,0.0,0.0,0.0,0.0,4.4,8.9,13.3,2.2,4.4,0.0,4.4,2.2,0.0,0.0,4.4,-15.6,32.7,0,0,28.9,1,1,13086,1,18806,20993,15155,21401,15070,20945,15070,13505,14344,13505,2981,3607,2578,15535,3074,12854,699,2592,20257,17725,22320,20113,12801,2246,150,14766,1,16:11
2024-25,1642272,Jared McCain,Jared,1610612755,PHI,Philadelphia 76ers,0022400301,2024-11-30T00:00:00,PHI @ DET,W,29.213333333333335,3.7,8.6,0.429,0.0,3.7,0.0,1.2,2.5,0.5,1.2,3.7,4.9,0.0,2.5,0.0,0.0,0.0,3.7,1.2,8.6,-8.6,12.1,0,0,13.6,1,1,13086,1,8488,17846,19317,13735,15070,16226,15070,12495,11304,10625,11592,14645,14986,19908,8389,12854,8263,8846,8093,16225,19406,17252,23987,2246,150,23545,1,29:13
2024-25,1627752,Taurean Prince,Taurean,1610612749,MIL,Milwaukee Bucks,0022400302,2024-11-30T00:00:00,MIL vs. WAS,W,24.366666666666667,4.4,5.9,0.75,4.4,5.9,0.75,3.0,3.0,1.0,0.0,1.5,1.5,3.0,0.0,1.5,1.5,0.0,4.4,3.0,16.3,8.9,31.3,0,0,31.0,1,1,13086,1,12590,15975,22701,2107,3184,10917,1542,7937,10083,1,14058,20921,22595,13071,16469,8505,4929,8846,5936,9404,11651,8238,13811,2246,150,13137,1,24:22
2024-25,1629018,Gary Trent Jr.,Gary,1610612749,MIL,Milwaukee Bucks,0022400302,2024-11-30T00:00:00,MIL vs. WAS,W,19.485,1.8,5.5,0.333,0.0,1.8,0.0,0.0,0.0,0.0,0.0,7.4,7.4,3.7,1.8,0.0,0.0,0.0,1.8,1.8,3.7,9.2,16.3,0,0,14.8,1,1,13086,1,16430,21670,23053,17395,15070,19837,15070,13505,14344,13505,14058,5702,9390,10803,11335,12854,8263,8846,15955,13748,22693,8075,22753,2246,150,23142,1,19:29
2024-25,1626145,Tyus Jones,Tyus,1610612756,PHX,Phoenix Suns,0022400303,2024-11-30T00:00:00,PHX vs. GSW,W,32.1,7.9,10.1,0.778,4.5,5.6,0.8,1.1,2.2,0.5,0.0,3.4,3.4,10.1,1.1,0.0,0.0,0.0,1.1,3.4,21.3,0.0,39.4,0,0,39.3,1,1,13086,1,5890,6957,16902,1994,3089,11701,1389,12849,11956,10625,14058,15609,18843,1389,14998,12854,8263,8846,18983,8061,6818,12240,8160,2246,150,7236,1,32:06
2024-25,1629027,Trae Young,Trae,1610612737,ATL,Atlanta Hawks,0022400300,2024-11-30T00:00:00,ATL @ CHA,W,30.8,4.7,10.5,0.444,2.3,7.0,0.333,4.7,7.0,0.667,0.0,4.7,4.7,5.8,7.0,1.2,0.0,1.2,2.3,5.8,16.4,-4.7,27.2,0,0,31.6,1,1,13086,1,7043,15297,16179,13045,8712,8438,9209,4547,3354,9425,14058,11780,15624,5768,885,10439,8263,6487,13492,2825,11540,15401,16799,2246,150,12729,1,30:48
2024-25,1629726,Garrison Mathews,Garrison,1610612737,ATL,Atlanta Hawks,0022400300,2024-11-30T00:00:00,ATL @ CHA,W,13.0,2.8,8.3,0.333,2.8,8.3,0.333,2.8,8.3,0.333,0.0,2.8,2.8,0.0,8.3,2.8,0.0,0.0,5.5,8.3,11.1,-27.7,14.4,0,0,22.2,1,1,13086,1,20740,19939,19782,17395,7321,5899,9209,8413,2319,13132,14058,17508,20322,19908,533,3759,8263,8846,3642,892,17116,23370,23364,2246,150,19580,1,13:00
2024-25,1641748,Andre Jackson Jr.,Andre,1610612749,MIL,Milwaukee Bucks,0022400302,2024-11-30T00:00:00,MIL vs. WAS,W,26.43166666666667,1.4,9.5,0.143,0.0,4.1,0.0,0.0,0.0,0.0,4.1,8.2,12.3,0.0,4.1,0.0,0.0,0.0,4.1,0.0,2.7,4.1,13.3,0,0,15.0,1,1,13086,1,10797,22335,17883,22260,15070,15384,15070,13505,14344,13505,3471,4462,3300,19908,3703,12854,8263,8846,6884,17725,23017,10599,23676,2246,150,23067,1,26:26
2024-25,1641731,Bilal Coulibaly,Bilal,1610612764,WAS,Washington Wizards,0022400302,2024-11-30T00:00:00,WAS @ MIL,L,35.85666666666667,2.0,8.0,0.25,0.0,2.0,0.0,0.0,0.0,0.0,0.0,2.0,2.0,4.0,0.0,2.0,0.0,2.0,3.0,0.0,4.0,-5.0,18.5,0,0,14.1,1,13222,1,13222,2783,21393,20204,20233,15070,19540,15070,13505,14344,13505,14058,19639,21783,9894,16469,6217,8263,3204,10661,17725,22547,15596,21901,2246,150,23409,1,35:51
2024-25,1626220,Royce O'Neale,Royce,1610612756,PHX,Phoenix Suns,0022400303,2024-11-30T00:00:00,PHX vs. GSW,W,19.416666666666668,7.4,11.1,0.667,5.6,7.4,0.75,0.0,0.0,0.0,0.0,3.7,3.7,1.9,0.0,0.0,0.0,0.0,1.9,0.0,20.4,27.8,27.6,0,0,31.5,1,1,13086,1,16483,7973,15152,3281,1690,7572,1542,13505,14344,13505,14058,14606,18052,16916,16469,12854,8263,8846,15920,17725,7585,2300,16480,2246,150,12763,1,19:25
2024-25,203083,Andre Drummond,Andre,1610612755,PHI,Philadelphia 76ers,0022400301,2024-11-30T00:00:00,PHI @ DET,W,3.55,20.3,30.4,0.667,0.0,10.1,0.0,0.0,0.0,0.0,10.1,20.3,30.4,0.0,0.0,10.1,0.0,0.0,0.0,0.0,40.6,40.6,107.5,0,0,91.3,1,1,13086,1,24689,136,253,3281,15070,3338,15070,13505,14344,13505,385,161,78,19908,16469,116,8263,8846,20257,17725,415,942,56,2246,150,86,1,3:33
2024-25,201142,Kevin Durant,Kevin,1610612756,PHX,Phoenix Suns,0022400303,2024-11-30T00:00:00,PHX vs. GSW,W,35.666666666666664,7.1,20.2,0.35,3.0,8.1,0.375,4.0,6.1,0.667,0.0,10.1,10.1,3.0,3.0,0.0,3.0,3.0,1.0,6.1,21.2,4.0,43.9,1,0,43.4,1,1,13086,1,2928,8772,2833,17337,6411,6326,8800,5628,4395,9425,14058,2502,5335,12834,6362,12854,1658,1303,19654,2552,6928,10624,5716,1,150,4962,1,35:40
2024-25,1627763,Malcolm Brogdon,Malcolm,1610612764,WAS,Washington Wizards,0022400302,2024-11-30T00:00:00,WAS @ MIL,L,30.115,12.0,17.9,0.667,2.4,2.4,1.0,8.4,8.4,1.0,0.0,13.1,13.1,3.6,1.2,0.0,1.2,1.2,6.0,4.8,34.7,-1.2,58.2,1,0,56.2,1,13222,1,13222,7681,1553,4773,3281,8517,18833,1,1243,2279,1,14058,969,2705,11127,14475,12854,6205,6295,2979,4545,1011,13673,1448,1,150,1270,1,30:07
2024-25,1626164,Devin Booker,Devin,1610612756,PHX,Phoenix Suns,0022400303,2024-11-30T00:00:00,PHX vs. GSW,W,38.21666666666667,7.5,18.8,0.4,2.8,7.5,0.375,7.5,7.5,1.0,0.0,2.8,2.8,8.5,0.9,1.9,0.0,0.9,0.9,3.8,25.4,0.9,46.3,0,0,43.3,1,1,13086,1,1260,7679,3892,14933,7135,7316,8800,1644,2864,1,14058,17314,20179,2439,16190,6839,8263,8404,20012,6941,3973,12194,4649,2246,150,4981,1,38:13
2024-25,1628963,Marvin Bagley III,Marvin,1610612764,WAS,Washington Wizards,0022400302,2024-11-30T00:00:00,WAS @ MIL,L,4.333333333333333,8.3,8.3,1.0,0.0,0.0,0.0,16.6,16.6,1.0,8.3,8.3,16.6,0.0,0.0,0.0,0.0,0.0,0.0,8.3,33.2,0.0,53.2,0,0,49.8,1,13222,1,13222,24312,5969,19782,1,15070,20945,15070,125,236,1,698,4269,1229,19908,16469,12854,8263,8846,20257,892,1276,12240,2403,2246,150,2579,1,4:20
2024-25,1641706,Brandon Miller,Brandon,1610612766,CHA,Charlotte Hornets,0022400300,2024-11-30T00:00:00,CHA vs. ATL,L,38.766666666666666,9.3,27.9,0.333,6.5,17.6,0.368,4.6,4.6,1.0,2.8,4.6,7.4,3.7,2.8,0.9,1.9,0.0,2.8,3.7,29.7,-1.9,49.8,0,0,52.9,1,13222,1,13222,979,4225,408,17395,1003,366,9098,4605,6591,1,5902,11876,9301,10748,7272,12517,3912,8846,11702,7096,2189,13953,3336,2246,150,1817,1,38:46
2024-25,1627736,Malik Beasley,Malik,1610612765,DET,Detroit Pistons,0022400301,2024-11-30T00:00:00,DET vs. PHI,L,26.816666666666666,8.1,12.1,0.667,5.4,6.7,0.8,4.0,4.0,1.0,0.0,8.1,8.1,5.4,1.3,0.0,0.0,0.0,1.3,2.7,25.5,-13.4,41.9,0,0,44.3,1,13222,1,13222,10473,6522,13452,3281,1874,9086,1389,5653,7791,1,14058,4625,8166,6690,13606,12854,8263,8846,17856,10359,3933,19279,6681,2246,150,4557,1,26:49
2024-25,1629673,Jordan Poole,Jordan,1610612764,WAS,Washington Wizards,0022400302,2024-11-30T00:00:00,WAS @ MIL,L,34.22666666666667,10.5,24.2,0.435,3.2,10.5,0.3,8.4,9.5,0.889,0.0,4.2,4.2,7.4,3.2,2.1,1.1,1.1,3.2,8.4,32.6,-7.4,55.0,0,0,53.6,1,13222,1,13222,4081,2698,1018,13702,6072,2960,11319,1220,1617,6857,14058,13096,16784,3554,5959,5769,7119,7475,10058,857,1399,16662,1981,2246,150,1679,1,34:14
2024-25,201939,Stephen Curry,Stephen,1610612744,GSW,Golden State Warriors,0022400303,2024-11-30T00:00:00,GSW @ PHX,L,32.4,8.9,23.3,0.381,3.3,11.1,0.3,4.4,5.6,0.8,1.1,6.7,7.8,4.4,0.0,0.0,0.0,0.0,1.1,3.3,25.6,4.4,41.6,0,0,41.1,1,13222,1,13222,5635,4904,1271,16250,5564,2405,11319,4914,5114,7681,12385,6964,8661,8773,16469,12854,8263,8846,19042,8141,3903,10408,6857,2246,150,6130,1,32:24
2024-25,203507,Giannis Antetokounmpo,Giannis,1610612749,MIL,Milwaukee Bucks,0022400302,2024-11-30T00:00:00,MIL vs. WAS,W,37.71666666666667,14.3,22.9,0.625,0.0,0.0,0.0,11.5,16.2,0.706,1.9,9.5,11.5,10.5,3.8,0.0,1.0,1.0,0.0,10.5,40.1,8.6,68.6,1,1,64.0,1,1,13086,1,1557,623,1419,4899,15070,20945,15070,410,261,9364,8776,2966,4003,1204,4273,12854,7788,8303,20257,332,442,8368,495,1,1,527,1,37:43
2024-25,1631117,Walker Kessler,Walker,1610612762,UTA,Utah Jazz,0022400304,2024-11-30T00:00:00,UTA vs. DAL,L,29.716666666666665,8.5,10.9,0.778,0.0,0.0,0.0,4.8,6.1,0.8,7.3,4.8,12.1,1.2,0.0,3.6,6.1,0.0,1.2,4.8,21.8,-14.5,67.2,1,0,54.5,1,13222,1,13222,8027,5650,15529,1994,15070,20945,15070,4271,4392,7681,1035,11291,3409,18983,16469,2057,301,8846,18469,4400,6375,19723,557,1,150,1544,1,29:43
2024-25,1641789,Jazian Gortman,Jazian,1610612742,DAL,Dallas Mavericks,0022400304,2024-11-30T00:00:00,DAL @ UTA,W,0.7933333333333333,45.4,45.4,1.0,0.0,0.0,0.0,0.0,0.0,0.0,0.0,0.0,0.0,0.0,0.0,0.0,45.4,0.0,0.0,0.0,90.8,-90.8,226.9,0,0,181.5,1,1,13086,1,26131,8,46,1,15070,20945,15070,13505,14344,13505,14058,22137,23286,19908,16469,12854,1,8846,20257,17725,15,26097,7,2246,150,10,1,0:48
2024-25,202681,Kyrie Irving,Kyrie,1610612742,DAL,Dallas Mavericks,0022400304,2024-11-30T00:00:00,DAL @ UTA,W,36.151666666666664,11.0,24.9,0.44,6.0,12.9,0.462,2.0,2.0,1.0,2.0,5.0,7.0,9.0,3.0,4.0,0.0,1.0,1.0,2.0,29.9,16.9,60.6,0,0,59.7,1,1,13086,1,2567,2303,850,13537,1321,1328,7119,10679,12752,1,8426,10942,10195,2061,6543,1654,8263,7967,19731,13121,2129,4929,1118,2246,150,850,1,36:09
2024-25,1641726,Dereck Lively II,Dereck,1610612742,DAL,Dallas Mavericks,0022400304,2024-11-30T00:00:00,DAL @ UTA,W,22.883333333333333,4.7,6.3,0.75,0.0,0.0,0.0,0.0,0.0,0.0,4.7,6.3,11.0,6.3,0.0,0.0,3.1,1.6,1.6,0.0,9.4,4.7,41.5,0,0,33.0,1,1,13086,1,13803,15193,22332,2107,15070,20945,15070,13505,14344,13505,2650,7710,4401,5036,16469,12854,1527,4513,16948,17725,18698,10271,6869,2246,150,11630,1,22:53
2024-25,1631204,Marcus Sasser,Marcus,1610612765,DET,Detroit Pistons,0022400301,2024-11-30T00:00:00,DET vs. PHI,L,25.996666666666666,6.9,15.2,0.455,2.8,4.2,0.667,0.0,0.0,0.0,0.0,0.0,0.0,5.5,1.4,4.2,0.0,0.0,1.4,0.0,16.6,1.4,36.0,0,0,33.2,1,13222,1,13222,11172,9111,8198,12676,7320,15218,1957,13505,14344,13505,14058,22137,23286,6357,13377,1492,8263,8846,17681,17725,11255,11922,10362,2246,150,11457,1,25:60
2024-25,1631093,Jaden Ivey,Jaden,1610612765,DET,Detroit Pistons,0022400301,2024-11-30T00:00:00,DET vs. PHI,L,26.733333333333334,6.7,21.5,0.313,4.0,10.8,0.375,2.7,2.7,1.0,1.3,1.3,2.7,6.7,1.3,1.3,0.0,2.7,2.7,5.4,20.2,-21.5,36.2,0,0,36.4,1,13222,1,13222,10540,9614,2007,19175,3917,2698,8800,8594,10766,1,10990,21194,20461,4375,13587,9206,8263,1753,12066,3498,7738,21978,10218,2246,150,9129,1,26:44
2024-25,203081,Damian Lillard,Damian,1610612749,MIL,Milwaukee Bucks,0022400302,2024-11-30T00:00:00,MIL vs. WAS,W,39.855,7.2,16.3,0.444,4.5,8.1,0.556,3.6,3.6,1.0,0.9,3.6,4.5,9.0,1.8,2.7,0.9,0.0,1.8,7.2,22.6,10.8,50.6,1,0,47.9,1,1,13086,1,596,8389,6739,13045,3041,6223,3747,6463,8659,1,13896,14888,16016,1995,11523,3886,8077,8846,16152,1492,5799,7307,3104,1,150,3195,1,39:51
2024-25,1642267,Bub Carrington,Bub,1610612764,WAS,Washington Wizards,0022400302,2024-11-30T00:00:00,WAS @ MIL,L,15.733333333333333,2.3,11.4,0.2,2.3,6.9,0.333,0.0,0.0,0.0,0.0,6.9,6.9,4.6,2.3,2.3,0.0,2.3,4.6,0.0,6.9,-6.9,26.5,0,0,25.2,1,13222,1,13222,19108,20878,14590,21401,8897,8747,9209,13505,14344,13505,14058,6596,10399,8459,9134,5085,8263,2455,5599,17725,20812,16454,17265,2246,150,17539,1,15:44
2024-25,1627741,Buddy Hield,Buddy,1610612744,GSW,Golden State Warriors,0022400303,2024-11-30T00:00:00,GSW @ PHX,L,16.43166666666667,6.6,15.3,0.429,4.4,8.8,0.5,6.6,6.6,1.0,0.0,2.2,2.2,2.2,0.0,2.2,0.0,2.2,0.0,2.2,24.1,-32.9,36.6,0,0,37.2,1,13222,1,13222,18641,10007,8048,13735,3262,5160,3944,2347,3805,1,14058,19095,21429,15659,16469,5436,8263,2667,20257,12198,4733,24146,9977,2246,150,8544,1,16:26
2024-25,1627824,Guerschon Yabusele,Guerschon,1610612755,PHI,Philadelphia 76ers,0022400301,2024-11-30T00:00:00,PHI @ DET,W,24.65,4.4,8.8,0.5,1.5,2.9,0.5,0.0,0.0,0.0,1.5,10.2,11.7,1.5,1.5,0.0,0.0,1.5,1.5,0.0,10.2,20.4,25.0,0,0,24.8,1,1,13086,1,12326,16118,19082,8526,12208,17817,3944,13505,14344,13505,10481,2406,3775,18133,12953,12854,8263,4936,17392,17725,17927,3832,18311,2246,150,17806,1,24:39
2024-25,1626162,Kelly Oubre Jr.,Kelly,1610612755,PHI,Philadelphia 76ers,0022400301,2024-11-30T00:00:00,PHI @ DET,W,30.85,7.0,12.8,0.545,2.3,5.8,0.4,0.0,0.0,0.0,2.3,4.7,7.0,1.2,0.0,2.3,1.2,1.2,1.2,1.2,16.3,30.3,37.0,0,0,33.8,1,1,13086,1,6992,8930,12145,7695,8728,11123,7874,13505,14344,13505,7137,11806,10145,19131,16469,4925,6384,6503,18731,16565,11567,1927,9702,2246,150,10967,1,30:51
2024-25,1630695,Micah Potter,Micah,1610612762,UTA,Utah Jazz,0022400304,2024-11-30T00:00:00,UTA vs. DAL,L,12.916666666666666,5.6,11.1,0.5,5.6,8.4,0.667,0.0,0.0,0.0,2.8,5.6,8.4,0.0,2.8,2.8,0.0,2.8,0.0,0.0,16.7,39.0,32.3,0,0,36.2,1,13222,1,13222,20783,12773,15105,8526,1680,5805,1957,13505,14344,13505,5891,9352,7671,19908,7264,3716,8263,1611,20257,17725,11143,1038,13066,2246,150,9199,1,12:55
2024-25,1630191,Isaiah Stewart,Isaiah,1610612765,DET,Detroit Pistons,0022400301,2024-11-30T00:00:00,DET vs. PHI,L,15.233333333333333,4.7,11.8,0.4,0.0,4.7,0.0,4.7,4.7,1.0,7.1,2.4,9.5,0.0,0.0,0.0,4.7,2.4,4.7,2.4,14.2,0.0,39.7,0,0,33.1,1,13222,1,13222,19417,15173,13916,14933,15070,13895,15070,4466,6432,1,1105,18589,6109,19908,16469,12854,605,2301,5219,11488,13746,12240,7956,2246,150,11587,1,15:14
2024-25,202331,Paul George,Paul,1610612755,PHI,Philadelphia 76ers,0022400301,2024-11-30T00:00:00,PHI @ DET,W,26.35,5.5,16.4,0.333,1.4,2.7,0.5,2.7,4.1,0.667,1.4,9.6,10.9,6.8,4.1,1.4,0.0,1.4,4.1,5.5,15.0,41.0,38.4,0,0,36.9,1,1,13086,1,10858,13088,6552,17395,12579,18196,3944,8502,7631,9425,10897,2951,4476,4250,3674,9103,8263,5326,6840,3388,12876,908,8779,2246,150,8792,1,26:21
2024-25,203995,Vasilije Micić,Vasilije,1610612766,CHA,Charlotte Hornets,0022400300,2024-11-30T00:00:00,CHA vs. ATL,L,34.10666666666667,6.3,12.7,0.5,3.2,6.3,0.5,0.0,0.0,0.0,3.2,5.3,8.4,5.3,3.2,2.1,0.0,1.1,2.1,1.1,15.8,5.3,37.0,0,0,36.9,1,13222,1,13222,4166,10611,12453,8526,6045,9913,3944,13505,14344,13505,5014,10081,7560,6873,5922,5740,8263,7446,14562,17149,12090,9970,9667,2246,150,8765,1,34:06
2024-25,1630178,Tyrese Maxey,Tyrese,1610612755,PHI,Philadelphia 76ers,0022400301,2024-11-30T00:00:00,PHI @ DET,W,35.225,11.2,24.5,0.458,5.1,10.2,0.5,1.0,2.0,0.5,1.0,3.1,4.1,6.1,2.0,2.0,0.0,1.0,3.1,3.1,28.6,25.6,46.8,0,0,48.0,1,1,13086,1,3297,2062,926,12650,2144,3251,3944,13165,12592,10625,13079,16503,17103,5275,10285,6041,8263,7728,10406,9013,2564,2706,4396,2246,150,3126,1,35:14
2024-25,1631260,AJ Green,AJ,1610612749,MIL,Milwaukee Bucks,0022400302,2024-11-30T00:00:00,MIL vs. WAS,W,25.716666666666665,5.6,11.2,0.5,4.2,8.4,0.5,2.8,2.8,1.0,0.0,1.4,1.4,1.4,0.0,0.0,0.0,0.0,8.4,2.8,18.2,8.4,22.0,0,0,25.2,1,1,13086,1,11386,12701,15023,8526,3567,5753,3944,8350,10490,1,14058,21080,22689,18344,16469,12854,8263,8846,1187,9963,9627,8440,20159,2246,150,17517,1,25:43
2024-25,1628420,Monté Morris,Monté,1610612756,PHX,Phoenix Suns,0022400303,2024-11-30T00:00:00,PHX vs. GSW,W,15.133333333333333,7.1,11.9,0.6,4.8,7.1,0.667,0.0,0.0,0.0,2.4,9.5,11.9,7.1,0.0,2.4,0.0,0.0,4.8,0.0,19.0,21.4,51.1,0,0,47.6,1,1,13086,1,19475,8611,13773,5394,2626,8171,1957,13505,14344,13505,6985,2989,3589,3838,16469,4764,8263,8846,5157,17725,8822,3593,2946,2246,150,3277,1,15:08
2024-25,202699,Tobias Harris,Tobias,1610612765,DET,Detroit Pistons,0022400045,2024-11-29T00:00:00,DET @ IND,W,29.783333333333335,6.0,9.7,0.625,2.4,6.0,0.4,4.8,4.8,1.0,0.0,6.0,6.0,3.6,3.6,1.2,1.2,0.0,2.4,3.6,19.3,32.6,35.7,0,0,36.3,1,1,13086,1,7977,11389,17631,4899,8424,10592,7874,4285,6226,1,14058,8240,12180,11005,4721,10101,6116,8846,13117,7315,8513,1667,10613,2246,150,9183,1,29:47
2024-25,1628991,Jaren Jackson Jr.,Jaren,1610612763,MEM,Memphis Grizzlies,0022400042,2024-11-29T00:00:00,MEM vs. NOP,W,28.283333333333335,11.5,22.9,0.5,0.0,6.4,0.0,6.4,6.4,1.0,3.8,6.4,10.2,1.3,1.3,1.3,2.5,2.5,3.8,5.1,29.3,3.8,53.6,0,0,48.4,1,1,13086,1,9310,1901,1417,8526,15070,9838,15070,2530,4048,1,3857,7568,5248,18750,13950,9632,2296,1961,7680,3937,2356,10742,2303,2246,150,3026,1,28:17
2024-25,1629628,RJ Barrett,RJ,1610612761,TOR,Toronto Raptors,0022400046,2024-11-29T00:00:00,TOR @ MIA,L,38.81666666666667,9.3,16.7,0.556,1.9,3.7,0.5,2.8,3.7,0.75,0.9,4.6,5.6,6.5,5.6,0.0,0.0,0.0,1.9,4.6,23.2,-8.3,34.0,0,0,37.1,1,13222,1,13222,955,4248,6179,7248,10856,16190,3944,8381,8461,8186,13786,11890,13378,4731,1758,12854,8263,8846,15916,4859,5362,17121,11773,2246,150,8653,1,38:49
2024-25,1629003,Shake Milton,Shake,1610612751,BKN,Brooklyn Nets,0022400043,2024-11-29T00:00:00,BKN vs. ORL,L,34.36666666666667,7.3,13.6,0.538,2.1,4.2,0.5,6.3,7.3,0.857,1.0,1.0,2.1,4.2,3.1,1.0,0.0,2.1,1.0,7.3,23.0,-8.4,31.8,0,0,33.5,1,13222,1,13222,3950,8162,10800,7978,9708,15139,3944,2608,3062,7071,12897,21887,21622,9411,6009,11518,8263,2937,19425,1427,5453,17131,13443,2246,150,11226,1,34:22
2024-25,201567,Kevin Love,Kevin,1610612748,MIA,Miami Heat,0022400046,2024-11-29T00:00:00,MIA vs. TOR,W,13.4,8.1,16.1,0.5,5.4,10.7,0.5,0.0,0.0,0.0,0.0,5.4,5.4,5.4,5.4,5.4,0.0,0.0,0.0,2.7,21.5,26.9,46.7,0,0,48.4,1,1,13086,1,20538,6507,6946,8526,1870,2725,3944,13505,14344,13505,14058,9845,13870,6678,1925,695,8263,8846,20257,10348,6645,2454,4427,2246,150,3027,1,13:24
2024-25,1630567,Scottie Barnes,Scottie,1610612761,TOR,Toronto Raptors,0022400046,2024-11-29T00:00:00,TOR @ MIA,L,38.25,7.5,14.1,0.533,2.8,7.5,0.375,4.7,5.6,0.833,0.9,8.5,9.4,9.4,4.7,0.9,0.9,0.0,0.9,3.8,22.6,0.0,48.9,1,1,48.0,1,13222,1,13222,1245,7693,9976,8140,7142,7327,8800,4505,4977,7275,13712,4082,6164,1752,2707,12429,7888,8846,20015,6950,5787,12240,3646,1,1,3132,1,38:15
2024-25,1629060,Rui Hachimura,Rui,1610612747,LAL,Los Angeles Lakers,0022400048,2024-11-29T00:00:00,LAL vs. OKC,L,30.25,4.8,8.3,0.571,0.0,1.2,0.0,0.0,0.0,0.0,3.6,2.4,6.0,2.4,1.2,1.2,2.4,0.0,1.2,1.2,9.5,-9.5,29.8,0,0,25.0,1,13222,1,13222,7548,15083,19750,6538,15070,20632,15070,13505,14344,13505,4265,18543,12413,14948,14514,10259,2592,8846,18586,16448,18616,17682,14973,2246,150,17685,1,30:15
2024-25,1629638,Nickeil Alexander-Walker,Nickeil,1610612750,MIN,Minnesota Timberwolves,0022400044,2024-11-29T00:00:00,MIN vs. LAC,W,28.39,5.1,12.7,0.4,2.5,7.6,0.333,2.5,2.5,1.0,3.8,8.9,12.7,1.3,3.8,2.5,0.0,0.0,5.1,1.3,15.2,-1.3,36.1,1,0,36.8,1,1,13086,1,9225,14169,12419,14933,8027,7157,9209,8942,11113,1,3879,3633,3013,18766,4306,4283,8263,8846,4441,16042,12688,13704,10275,1,150,8861,1,28:23
2024-25,203901,Elfrid Payton,Elfrid,1610612740,NOP,New Orleans Pelicans,0022400042,2024-11-29T00:00:00,NOP @ MEM,L,14.75,2.4,7.3,0.333,0.0,0.0,0.0,0.0,0.0,0.0,2.4,4.9,7.3,7.3,2.4,0.0,2.4,2.4,0.0,0.0,4.9,7.3,29.5,0,0,24.4,1,13222,1,13222,19733,20573,21173,17395,15070,20945,15070,13505,14344,13505,6805,11203,9526,3596,8487,12854,2483,2134,20257,17725,22076,8974,15117,2246,150,18074,1,14:45
2024-25,1642275,Tidjane Salaün,Tidjane,1610612766,CHA,Charlotte Hornets,0022400040,2024-11-29T00:00:00,CHA vs. NYK,L,34.95333333333333,4.1,11.3,0.364,4.1,10.3,0.4,2.1,2.1,1.0,1.0,7.2,8.2,1.0,1.0,0.0,0.0,1.0,4.1,2.1,14.4,-4.1,24.8,0,0,27.8,1,13222,1,13222,3499,16799,14779,16861,3741,3158,7874,10440,12556,1,13033,5980,7876,19590,15636,12854,8263,7670,6764,12803,13485,15131,18407,2246,150,15576,1,34:57
2024-25,1642258,Zaccharie Risacher,Zaccharie,1610612737,ATL,Atlanta Hawks,0022400041,2024-11-29T00:00:00,ATL vs. CLE,W,20.586666666666666,7.0,14.0,0.5,3.5,7.0,0.5,1.7,3.5,0.5,1.7,3.5,5.2,1.7,1.7,1.7,1.7,0.0,5.2,1.7,19.2,1.7,36.9,0,0,36.7,1,1,13086,1,15577,8947,10186,8526,5156,8476,3944,11331,8892,10625,9421,15248,14170,17235,11750,7450,4170,8846,4113,14120,8616,11772,9772,2246,150,8900,1,20:35
2024-25,1630188,Jalen Smith,Jalen,1610612741,CHI,Chicago Bulls,0022400047,2024-11-29T00:00:00,CHI vs. BOS,L,13.916666666666666,2.6,10.3,0.25,0.0,7.8,0.0,0.0,0.0,0.0,0.0,18.1,18.1,2.6,0.0,2.6,2.6,0.0,0.0,0.0,5.2,25.9,46.3,0,0,36.2,1,13222,1,13222,20237,20295,16469,20233,15070,6877,15070,13505,14344,13505,14058,251,871,14256,16469,4161,2237,8846,20257,17725,21922,2634,4621,2246,150,9213,1,13:55
2024-25,1630598,Aaron Wiggins,Aaron,1610612760,OKC,Oklahoma City Thunder,0022400048,2024-11-29T00:00:00,OKC @ LAL,W,18.35,5.9,17.7,0.333,2.0,7.8,0.25,0.0,0.0,0.0,2.0,11.8,13.7,0.0,0.0,2.0,0.0,0.0,0.0,2.0,13.7,9.8,36.1,0,0,33.4,1,1,13086,1,17317,11843,5063,17395,10339,6722,11902,13505,14344,13505,8566,1486,2369,19908,16469,6440,8263,8846,20257,13265,14242,7783,10300,2246,150,11357,1,18:21
2024-25,2544,LeBron James,LeBron,1610612747,LAL,Los Angeles Lakers,0022400048,2024-11-29T00:00:00,LAL vs. OKC,L,33.516666666666666,5.4,14.0,0.385,0.0,4.3,0.0,2.1,2.1,1.0,0.0,8.6,8.6,6.4,5.4,0.0,0.0,0.0,0.0,4.3,12.9,-12.9,27.5,0,0,27.9,1,13222,1,13222,4717,13344,10225,16070,15070,14922,15070,10139,12262,1,14058,3951,7327,4794,1934,12854,8263,8846,20257,5596,15209,19087,16581,2246,150,15479,1,33:31
2024-25,1630591,Jalen Suggs,Jalen,1610612753,ORL,Orlando Magic,0022400043,2024-11-29T00:00:00,ORL @ BKN,W,26.583333333333332,6.8,16.3,0.417,2.7,8.1,0.333,0.0,0.0,0.0,0.0,4.1,4.1,8.1,4.1,1.4,1.4,0.0,8.1,5.4,16.3,13.5,37.4,0,0,36.6,1,1,13086,1,10652,9492,6750,14532,7511,6232,9209,13505,14344,13505,14058,13537,17154,2763,3758,9168,5428,8846,1312,3454,11652,6188,9428,2246,150,9005,1,26:35
2024-25,1629599,Amir Coffey,Amir,1610612746,LAC,LA Clippers,0022400044,2024-11-29T00:00:00,LAC @ MIN,L,24.316666666666666,7.4,14.8,0.5,3.0,5.9,0.5,0.0,0.0,0.0,0.0,0.0,0.0,1.5,1.5,1.5,0.0,0.0,3.0,1.5,17.8,-4.4,22.9,0,0,25.2,1,13222,1,13222,12630,8004,8894,8526,6648,10879,3944,13505,14344,13505,14058,22137,23286,18053,12846,8494,8263,8846,10894,15084,10067,15295,19592,2246,150,17543,1,24:19
2024-25,1631222,Jake LaRavia,Jake,1610612763,MEM,Memphis Grizzlies,0022400042,2024-11-29T00:00:00,MEM vs. NOP,W,13.266666666666667,2.7,10.9,0.25,2.7,8.1,0.333,0.0,0.0,0.0,2.7,5.4,8.1,5.4,0.0,0.0,0.0,0.0,5.4,0.0,8.1,5.4,26.1,0,0,24.4,1,1,13086,1,20616,20053,15599,20233,7499,6200,9209,13505,14344,13505,6062,9724,8024,6582,16469,12854,8263,8846,3806,17725,19802,9873,17583,2246,150,18060,1,13:16
2024-25,1631170,Jaime Jaquez Jr.,Jaime,1610612748,MIA,Miami Heat,0022400046,2024-11-29T00:00:00,MIA vs. TOR,W,18.083333333333332,11.9,17.9,0.667,4.0,8.0,0.5,2.0,4.0,0.5,2.0,6.0,8.0,6.0,2.0,0.0,0.0,0.0,0.0,4.0,29.9,11.9,46.4,0,0,47.8,1,1,13086,1,17512,1557,4790,3281,4027,6514,3944,10684,7878,10625,8430,8401,8335,5548,10560,12854,8263,8846,20257,6356,2132,6821,4584,2246,150,3230,1,18:05
2024-25,1630245,Ayo Dosunmu,Ayo,1610612741,CHI,Chicago Bulls,0022400047,2024-11-29T00:00:00,CHI vs. BOS,L,32.0,5.6,12.4,0.455,1.1,4.5,0.25,2.3,2.3,1.0,0.0,1.1,1.1,5.6,1.1,1.1,0.0,1.1,4.5,1.1,14.6,-16.9,26.7,0,0,24.8,1,13222,1,13222,5961,12631,12938,12676,13806,14425,11902,9780,11933,1,14058,21699,23045,6197,14975,10822,8263,6837,5775,16803,13274,20570,17176,2246,150,17854,1,32:00
2024-25,1629014,Anfernee Simons,Anfernee,1610612757,POR,Portland Trail Blazers,0022400049,2024-11-29T00:00:00,POR vs. SAC,W,40.71333333333333,7.1,12.4,0.571,2.7,7.1,0.375,1.8,1.8,1.0,0.0,4.4,4.4,8.0,3.5,1.8,0.0,0.0,0.9,2.7,18.6,8.0,37.6,0,0,37.1,1,1,13086,1,416,8756,12929,6538,7677,8310,8800,11298,13225,1,14058,12478,16240,2933,4939,7376,8263,8846,20175,10467,9248,8649,9299,2246,150,8625,1,40:43
2024-25,1631133,Jabari Walker,Jabari,1610612757,POR,Portland Trail Blazers,0022400049,2024-11-29T00:00:00,POR vs. SAC,W,9.7,7.4,7.4,1.0,0.0,0.0,0.0,0.0,0.0,0.0,7.4,7.4,14.8,3.7,0.0,0.0,0.0,0.0,0.0,7.4,14.8,26.0,38.2,0,0,33.4,1,1,13086,1,22215,7948,21036,1,15070,20945,15070,13505,14344,13505,983,5637,1846,10757,16469,12854,8263,8846,20257,1368,13069,2619,8876,2246,150,11316,1,9:42
2024-25,1630169,Tyrese Haliburton,Tyrese,1610612754,IND,Indiana Pacers,0022400045,2024-11-29T00:00:00,IND vs. DET,L,29.866666666666667,9.6,15.7,0.615,3.6,9.6,0.375,0.0,0.0,0.0,0.0,1.2,1.2,6.0,2.4,0.0,0.0,0.0,0.0,2.4,22.9,-27.7,31.0,0,0,33.8,1,13222,1,13222,7907,3664,7585,5246,4882,3918,8800,13505,14344,13505,14058,21495,22930,5434,8606,12854,8263,8846,20257,11304,5555,23379,14072,2246,150,11030,1,29:52
2024-25,1626179,Terry Rozier,Terry,1610612748,MIA,Miami Heat,0022400046,2024-11-29T00:00:00,MIA vs. TOR,W,24.516666666666666,5.9,11.7,0.5,5.9,10.3,0.571,0.0,0.0,0.0,2.9,1.5,4.4,5.9,2.9,0.0,0.0,0.0,5.9,0.0,17.6,4.4,28.8,0,0,33.8,1,1,13086,1,12460,11884,14032,8526,1407,3180,3506,13505,14344,13505,5492,20947,16273,5719,6693,12854,8263,8846,3111,17725,10202,10426,15656,2246,150,11016,1,24:31
2024-25,1629661,Cameron Johnson,Cameron,1610612751,BKN,Brooklyn Nets,0022400043,2024-11-29T00:00:00,BKN vs. ORL,L,29.466666666666665,6.1,12.2,0.5,3.7,6.1,0.6,1.2,2.4,0.5,0.0,3.7,3.7,4.9,2.4,2.4,1.2,1.2,2.4,1.2,17.1,-18.3,37.4,0,0,36.7,1,13222,1,13222,8251,11202,13231,8526,4769,10421,2992,12525,11354,10625,14058,14739,18166,7711,8473,4552,6042,6114,13011,16288,10737,21025,9418,2246,150,8946,1,29:28
2024-25,1629021,Moritz Wagner,Moritz,1610612753,ORL,Orlando Magic,0022400043,2024-11-29T00:00:00,ORL @ BKN,W,16.3,2.2,8.8,0.25,0.0,2.2,0.0,2.2,4.4,0.5,0.0,11.0,11.0,2.2,6.6,2.2,2.2,2.2,2.2,8.8,6.6,-11.0,29.8,0,0,28.7,1,1,13086,1,18725,21017,18963,20233,15070,19149,15070,9917,7002,10625,14058,1884,4369,15595,1066,5364,2928,2620,14056,709,20971,18341,14931,2246,150,14922,1,16:18
2024-25,1628379,Luke Kennard,Luke,1610612763,MEM,Memphis Grizzlies,0022400042,2024-11-29T00:00:00,MEM vs. NOP,W,16.716666666666665,2.2,8.6,0.25,2.2,8.6,0.25,0.0,0.0,0.0,6.5,2.2,8.6,6.5,0.0,2.2,0.0,0.0,0.0,0.0,6.5,10.8,32.9,0,0,28.0,1,1,13086,1,18448,21131,19336,20233,9433,5398,11902,13505,14344,13505,1387,19191,7289,4774,16469,5570,8263,8846,20257,17725,21074,7334,12627,2246,150,15424,1,16:43
2024-25,1641716,Jarace Walker,Jarace,1610612754,IND,Indiana Pacers,0022400045,2024-11-29T00:00:00,IND vs. DET,L,30.85,3.5,5.8,0.6,2.3,4.7,0.5,2.3,2.3,1.0,1.2,2.3,3.5,4.7,1.2,5.8,0.0,1.2,2.3,2.3,11.7,-12.8,39.2,0,0,33.8,1,13222,1,13222,6992,18326,22778,5394,8728,14043,3944,9514,11684,1,12013,18665,18550,8263,14681,521,8263,6503,13509,11614,16499,19070,8261,2246,150,10967,1,30:51
2024-25,1628401,Derrick White,Derrick,1610612738,BOS,Boston Celtics,0022400047,2024-11-29T00:00:00,BOS @ CHI,W,24.033333333333335,9.0,15.0,0.6,6.0,12.0,0.5,0.0,0.0,0.0,1.5,7.5,9.0,6.0,0.0,1.5,0.0,0.0,1.5,0.0,24.0,-7.5,48.2,0,0,47.9,1,1,13086,1,12869,4733,8645,5394,1309,1792,3944,13505,14344,13505,10329,5514,6765,5517,16469,8414,8263,8846,17223,17725,4829,16731,3904,2246,150,3164,1,24:02
2024-25,1641710,Anthony Black,Anthony,1610612753,ORL,Orlando Magic,0022400043,2024-11-29T00:00:00,ORL @ BKN,W,16.066666666666666,2.2,4.5,0.5,0.0,0.0,0.0,6.7,9.0,0.75,0.0,2.2,2.2,2.2,4.5,0.0,4.5,0.0,4.5,4.5,11.2,-13.4,26.2,0,0,24.6,1,1,13086,1,18879,20964,23818,8526,15070,20945,15070,2222,1891,8186,14058,18947,21337,15473,3021,12854,687,8846,5816,5182,16993,19287,17471,2246,150,17924,1,16:04
2024-25,1628392,Isaiah Hartenstein,Isaiah,1610612760,OKC,Oklahoma City Thunder,0022400048,2024-11-29T00:00:00,OKC @ LAL,W,36.86,3.9,6.8,0.571,0.0,0.0,0.0,2.9,3.9,0.75,2.9,14.7,17.6,4.9,2.0,1.0,1.0,1.0,2.0,2.0,10.7,2.9,43.1,1,0,37.1,1,1,13086,1,2093,17302,21746,6538,15070,20945,15070,8013,8029,8186,5513,633,995,7726,10766,12153,7646,8131,15391,13304,17437,11160,6106,1,150,8637,1,36:52
2024-25,1630700,Dyson Daniels,Dyson,1610612737,ATL,Atlanta Hawks,0022400041,2024-11-29T00:00:00,ATL vs. CLE,W,34.68,3.1,10.4,0.3,1.0,2.1,0.5,0.0,2.1,0.0,2.1,5.2,7.3,4.2,3.1,3.1,1.0,0.0,3.1,2.1,7.3,10.4,31.6,0,0,28.0,1,1,13086,1,3713,19164,16420,19363,14321,19410,3944,13505,12495,13505,8052,10310,9638,9520,6083,2904,7208,8846,10223,12734,20511,7522,13637,2246,150,15407,1,34:41
2024-25,1627783,Pascal Siakam,Pascal,1610612754,IND,Indiana Pacers,0022400045,2024-11-29T00:00:00,IND vs. DET,L,34.65,9.4,19.7,0.474,1.0,6.2,0.167,2.1,2.1,1.0,2.1,7.3,9.4,2.1,1.0,1.0,0.0,0.0,2.1,3.1,21.8,-4.2,38.2,0,0,36.4,1,13222,1,13222,3736,4119,3156,12072,14313,10124,14236,10369,12488,1,8044,5867,6257,16086,15573,11598,8263,8846,14714,8824,6359,15153,8870,2246,150,9123,1,34:39
2024-25,1628470,Torrey Craig,Torrey,1610612741,CHI,Chicago Bulls,0022400047,2024-11-29T00:00:00,CHI vs. BOS,L,12.973333333333333,11.1,16.6,0.667,8.3,13.9,0.6,0.0,0.0,0.0,2.8,5.5,8.3,0.0,0.0,0.0,0.0,0.0,8.3,0.0,30.5,-11.1,40.5,0,0,47.2,1,13222,1,13222,20754,2190,6242,3281,396,966,2992,13505,14344,13505,5920,9415,7731,19908,16469,12854,8263,8846,1214,17725,1920,18364,7456,2246,150,3409,1,12:58
2024-25,201950,Jrue Holiday,Jrue,1610612738,BOS,Boston Celtics,0022400047,2024-11-29T00:00:00,BOS @ CHI,W,35.71666666666667,5.0,11.1,0.455,1.0,4.0,0.25,0.0,0.0,0.0,3.0,5.0,8.1,4.0,2.0,1.0,1.0,0.0,2.0,0.0,11.1,6.0,30.8,0,0,28.2,1,1,13086,1,2887,14272,15217,12676,14498,15512,11902,13505,14344,13505,5282,10759,8150,9861,10448,11881,7432,8846,15055,17725,17110,9591,14173,2246,150,15278,1,35:43
2024-25,1629636,Darius Garland,Darius,1610612739,CLE,Cleveland Cavaliers,0022400041,2024-11-29T00:00:00,CLE @ ATL,L,33.016666666666666,12.0,20.7,0.579,5.5,8.7,0.625,2.2,2.2,1.0,1.1,2.2,3.3,5.5,2.2,1.1,0.0,1.1,3.3,4.4,31.6,-4.4,44.8,0,0,48.0,1,13222,1,13222,5136,1535,2508,6486,1786,5229,2868,10024,12148,1,12550,19125,19060,6530,9594,11098,8263,7140,9566,5444,1603,15253,5267,2246,150,3155,1,33:01
2024-25,1641733,Nick Smith Jr.,Nick,1610612766,CHA,Charlotte Hornets,0022400040,2024-11-29T00:00:00,CHA vs. NYK,L,10.633333333333333,10.2,16.9,0.6,6.8,10.2,0.667,0.0,0.0,0.0,0.0,0.0,0.0,3.4,0.0,0.0,0.0,0.0,3.4,0.0,27.1,-23.7,32.2,0,0,37.2,1,13222,1,13222,21861,3056,5882,5394,856,3321,1957,13505,14344,13505,14058,22137,23286,11719,16469,12854,8263,8846,9130,17725,3169,22498,13209,2246,150,8546,1,10:38
2024-25,1630559,Austin Reaves,Austin,1610612747,LAL,Los Angeles Lakers,0022400048,2024-11-29T00:00:00,LAL vs. OKC,L,29.176666666666666,3.7,13.6,0.273,1.2,11.1,0.111,4.9,6.2,0.8,1.2,4.9,6.2,3.7,6.2,0.0,0.0,1.2,3.7,4.9,13.6,-9.9,20.4,0,0,24.7,1,13222,1,13222,8533,17827,10876,20048,13180,2410,15003,4142,4264,7681,11578,11068,11895,10785,1285,12854,8263,6032,8070,4231,14409,17826,20999,2246,150,17907,1,29:11
2024-25,1627884,Derrick Jones Jr.,Derrick,1610612746,LAC,LA Clippers,0022400044,2024-11-29T00:00:00,LAC @ MIN,L,23.966666666666665,4.5,12.0,0.375,0.0,3.0,0.0,0.0,0.0,0.0,1.5,0.0,1.5,0.0,3.0,3.0,0.0,0.0,3.0,1.5,9.0,-10.5,16.8,0,0,16.5,1,13222,1,13222,12929,15759,13559,16299,15070,17630,15070,13505,14344,13505,10314,22137,22565,19908,6454,3131,8263,8846,10688,14993,19064,18110,22554,2246,150,22499,1,23:58
2024-25,1631114,Jalen Williams,Jalen,1610612760,OKC,Oklahoma City Thunder,0022400048,2024-11-29T00:00:00,OKC @ LAL,W,33.96666666666667,8.5,20.1,0.421,2.1,5.3,0.4,1.1,2.1,0.5,0.0,4.2,4.2,2.1,3.2,2.1,0.0,2.1,3.2,2.1,20.1,-3.2,31.6,0,0,32.9,1,1,13086,1,4292,5653,2880,14442,9593,12465,7874,13045,12353,10625,14058,13006,16709,15928,5876,5698,8263,2864,9954,12529,7808,14664,13623,2246,150,11760,1,33:58
2024-25,1641842,Ronald Holland II,Ronald,1610612765,DET,Detroit Pistons,0022400045,2024-11-29T00:00:00,DET @ IND,W,12.1,8.9,11.9,0.75,0.0,0.0,0.0,0.0,0.0,0.0,6.0,14.9,20.8,6.0,3.0,0.0,0.0,3.0,8.9,0.0,17.9,-14.9,48.8,0,0,44.6,1,1,13086,1,21189,4839,13758,2107,15070,20945,15070,13505,14344,13505,1646,601,437,5586,6575,12854,8263,1369,985,17725,9967,19858,3699,2246,150,4414,1,12:06
2024-25,1629674,Neemias Queta,Neemias,1610612738,BOS,Boston Celtics,0022400047,2024-11-29T00:00:00,BOS @ CHI,W,6.583333333333333,0.0,0.0,0.0,0.0,0.0,0.0,0.0,0.0,0.0,5.5,5.5,10.9,5.5,0.0,0.0,0.0,0.0,0.0,0.0,0.0,38.3,21.3,0,0,16.4,1,1,13086,1,23334,22635,24836,22635,15070,20945,15070,13505,14344,13505,1964,9618,4468,6489,16469,12854,8263,8846,20257,17725,23200,1096,20516,2246,150,22549,1,6:35
2024-25,1630527,Brandon Boston,Brandon,1610612740,NOP,New Orleans Pelicans,0022400042,2024-11-29T00:00:00,NOP @ MEM,L,28.9,3.7,12.5,0.3,0.0,5.0,0.0,2.5,2.5,1.0,0.0,2.5,2.5,3.7,2.5,5.0,0.0,0.0,1.2,3.7,10.0,5.0,31.0,0,0,26.2,1,13222,1,13222,8761,17738,12804,19363,15070,13245,15070,9074,11232,1,14058,18205,20825,10688,8279,909,8263,8846,18296,7024,18189,10125,14050,2246,150,16825,1,28:54
2024-25,1627732,Ben Simmons,Ben,1610612751,BKN,Brooklyn Nets,0022400043,2024-11-29T00:00:00,BKN vs. ORL,L,26.366666666666667,2.7,2.7,1.0,0.0,0.0,0.0,0.0,2.7,0.0,0.0,9.6,9.6,10.9,4.1,0.0,0.0,0.0,2.7,5.5,5.5,-12.3,29.2,0,0,25.9,1,13222,1,13222,10846,20021,24574,1,15070,20945,15070,13505,10666,13505,14058,2954,5973,1022,3680,12854,8263,8846,11910,3397,21757,18853,15344,2246,150,16985,1,26:22
2024-25,1642281,Jaylon Tyson,Jaylon,1610612739,CLE,Cleveland Cavaliers,0022400041,2024-11-29T00:00:00,CLE @ ATL,L,10.95,3.3,3.3,1.0,0.0,0.0,0.0,3.3,6.6,0.5,9.9,0.0,9.9,0.0,3.3,3.3,0.0,0.0,6.6,6.6,9.9,-6.6,28.3,0,0,26.3,1,13222,1,13222,21728,18783,24398,1,15070,20945,15070,7130,3800,10625,418,22137,5580,19908,5534,2584,8263,8846,2344,2009,18293,16325,16020,2246,150,16712,1,10:57
2024-25,1629652,Luguentz Dort,Luguentz,1610612760,OKC,Oklahoma City Thunder,0022400048,2024-11-29T00:00:00,OKC @ LAL,W,24.12,7.5,11.9,0.625,6.0,7.5,0.8,0.0,0.0,0.0,3.0,0.0,3.0,3.0,0.0,0.0,0.0,1.5,7.5,1.5,20.9,9.0,29.0,0,0,32.8,1,1,13086,1,12786,7865,13694,4899,1322,7481,1389,13505,14344,13505,5382,22137,19783,12987,16469,12854,8263,4803,1669,15035,7167,8202,15519,2246,150,11775,1,24:07
2024-25,1641706,Brandon Miller,Brandon,1610612766,CHA,Charlotte Hornets,0022400040,2024-11-29T00:00:00,CHA vs. NYK,L,37.36666666666667,6.7,24.1,0.28,1.9,10.6,0.182,3.9,3.9,1.0,3.9,1.9,5.8,2.9,5.8,1.0,2.9,2.9,1.9,3.9,19.3,5.8,36.3,0,0,37.6,1,13222,1,13222,1760,9586,1033,20023,10515,2875,14207,5972,8126,1,3802,19898,12808,13310,1576,12248,1835,1481,15540,6695,8581,9712,10141,2246,150,8309,1,37:22
2024-25,1642354,KJ Simpson,KJ,1610612766,CHA,Charlotte Hornets,0022400040,2024-11-29T00:00:00,CHA vs. NYK,L,16.383333333333333,11.0,22.0,0.5,2.2,11.0,0.2,0.0,0.0,0.0,2.2,0.0,2.2,4.4,2.2,4.4,2.2,2.2,4.4,4.4,24.2,4.4,51.0,0,0,46.1,1,13222,1,13222,18664,2264,1830,8526,9248,2498,13429,13505,14344,13505,7590,22137,21414,8898,9515,1307,2952,2646,6032,5362,4696,10433,2994,2246,150,3765,1,16:23
2024-25,1629750,Javonte Green,Javonte,1610612740,NOP,New Orleans Pelicans,0022400042,2024-11-29T00:00:00,NOP @ MEM,L,27.6,2.6,5.2,0.5,1.3,3.9,0.333,2.6,2.6,1.0,0.0,2.6,2.6,0.0,0.0,0.0,1.3,0.0,2.6,1.3,9.1,-31.3,16.2,0,0,15.7,1,13222,1,13222,9868,20263,23309,8526,12841,15755,9209,8784,10955,1,14058,17927,20623,19908,16469,12854,5626,8846,12392,15890,18966,23930,22782,2246,150,22836,1,27:36
2024-25,204001,Kristaps Porziņģis,Kristaps,1610612738,BOS,Boston Celtics,0022400047,2024-11-29T00:00:00,BOS @ CHI,W,25.155,10.0,15.7,0.636,2.9,7.2,0.4,7.2,10.0,0.714,0.0,11.4,11.4,1.4,0.0,0.0,0.0,0.0,4.3,8.6,30.1,10.0,45.9,0,0,45.8,1,1,13086,1,11873,3206,7484,4689,7014,8133,7874,1903,1366,9244,14058,1668,4008,18230,16469,12854,8263,8846,6307,789,2066,7690,4766,2246,150,3896,1,25:09
2024-25,1627739,Kris Dunn,Kris,1610612746,LAC,LA Clippers,0022400044,2024-11-29T00:00:00,LAC @ MIN,L,27.366666666666667,0.0,6.6,0.0,0.0,2.6,0.0,2.6,2.6,1.0,1.3,7.9,9.2,0.0,2.6,1.3,1.3,1.3,0.0,1.3,2.6,-10.5,18.9,0,0,17.1,1,13222,1,13222,10046,22635,22033,22635,15070,18393,15070,8732,10898,1,11125,4871,6436,19908,7763,9377,5584,5575,20257,15831,23042,18116,21671,2246,150,22258,1,27:22
2024-25,1630583,Santi Aldama,Santi,1610612763,MEM,Memphis Grizzlies,0022400042,2024-11-29T00:00:00,MEM vs. NOP,W,27.3,10.5,11.9,0.889,4.0,4.0,1.0,1.3,2.6,0.5,0.0,7.9,7.9,5.3,2.6,0.0,1.3,1.3,2.6,2.6,26.4,15.8,45.1,0,0,46.2,1,1,13086,1,10100,2665,13824,1318,4084,15669,1,12253,10891,10625,14058,4845,8439,6880,7744,12854,5569,5558,12296,10522,3494,5316,5131,2246,150,3758,1,27:18
2024-25,203552,Seth Curry,Seth,1610612766,CHA,Charlotte Hornets,0022400040,2024-11-29T00:00:00,CHA vs. NYK,L,10.433333333333334,10.4,13.8,0.75,0.0,0.0,0.0,0.0,0.0,0.0,0.0,3.5,3.5,0.0,3.5,6.9,0.0,0.0,0.0,0.0,20.7,0.0,42.1,0,0,38.0,1,13222,1,13222,21947,2867,10485,2107,15070,20945,15070,13505,14344,13505,14058,15365,18654,19908,5120,316,8263,8846,20257,17725,7314,12240,6567,2246,150,8055,1,10:26
2024-25,1629027,Trae Young,Trae,1610612737,ATL,Atlanta Hawks,0022400041,2024-11-29T00:00:00,ATL vs. CLE,W,34.68,7.3,12.5,0.583,2.1,5.2,0.4,5.2,5.2,1.0,0.0,3.1,3.1,11.4,7.3,0.0,0.0,0.0,4.2,3.1,21.8,10.4,35.4,1,0,38.4,1,1,13086,1,3713,8303,12804,6296,9788,12729,7874,3777,5627,1,14058,16374,19445,863,789,12854,8263,8846,6690,8837,6384,7522,10805,1,150,7762,1,34:41
2024-25,1628368,De'Aaron Fox,De'Aaron,1610612758,SAC,Sacramento Kings,0022400049,2024-11-29T00:00:00,SAC @ POR,L,36.3,7.9,17.9,0.444,1.0,6.0,0.167,5.0,6.9,0.714,2.0,3.0,5.0,5.0,5.0,0.0,0.0,1.0,5.0,4.0,21.8,-8.9,30.2,0,0,32.7,1,13222,1,13222,2463,6779,4847,13045,14593,10804,14236,4110,3422,9244,8460,16812,14909,7555,2395,12854,8263,7994,4707,6408,6359,17392,14624,2246,150,11849,1,36:18
2024-25,1626166,Cameron Payne,Cameron,1610612752,NYK,New York Knicks,0022400040,2024-11-29T00:00:00,NYK @ CHA,W,11.183333333333334,6.4,16.1,0.4,6.4,12.9,0.5,0.0,0.0,0.0,0.0,9.7,9.7,3.2,3.2,3.2,0.0,0.0,6.4,0.0,19.3,22.5,42.2,0,0,45.1,1,1,13086,1,21631,10338,6979,14933,1028,1357,3944,13505,14344,13505,14058,2863,5860,12230,5767,2698,8263,8846,2454,17725,8543,3358,6536,2246,150,4238,1,11:11
2024-25,1629651,Nic Claxton,Nic,1610612751,BKN,Brooklyn Nets,0022400043,2024-11-29T00:00:00,BKN vs. ORL,L,25.733333333333334,5.6,8.4,0.667,0.0,0.0,0.0,0.0,0.0,0.0,2.8,7.0,9.8,2.8,2.8,0.0,4.2,0.0,2.8,0.0,11.2,-30.8,36.9,0,0,32.2,1,13222,1,13222,11374,12714,19649,3281,15070,20945,15070,13505,14344,13505,5865,6368,5690,13592,7221,12854,816,8846,11656,17725,17000,23857,9746,2246,150,12243,1,25:44
2024-25,203991,Clint Capela,Clint,1610612737,ATL,Atlanta Hawks,0022400041,2024-11-29T00:00:00,ATL vs. CLE,W,25.45,5.7,9.9,0.571,0.0,0.0,0.0,0.0,0.0,0.0,4.2,14.1,18.4,1.4,1.4,2.8,4.2,0.0,1.4,4.2,11.3,21.2,55.3,0,0,45.3,1,1,13086,1,11624,12537,17237,6538,15070,20945,15070,13505,14344,13505,3254,730,810,18291,13199,3610,794,8846,17564,5735,16874,3646,1932,2246,150,4118,1,25:27
2024-25,1629611,Terance Mann,Terance,1610612746,LAC,LA Clippers,0022400044,2024-11-29T00:00:00,LAC @ MIN,L,19.866666666666667,1.8,9.1,0.2,0.0,3.6,0.0,0.0,0.0,0.0,0.0,0.0,0.0,1.8,0.0,5.4,0.0,3.6,3.6,0.0,3.6,18.1,22.7,0,0,16.3,1,13222,1,13222,16126,21734,18625,21401,15070,16384,15070,13505,14344,13505,14058,22137,23286,17049,16469,661,8263,829,8345,17725,22730,4519,19781,2246,150,22584,1,19:52
2024-25,1627734,Domantas Sabonis,Domantas,1610612758,SAC,Sacramento Kings,0022400049,2024-11-29T00:00:00,SAC @ POR,L,40.95,7.0,8.8,0.8,1.8,2.6,0.667,2.6,3.5,0.75,1.8,10.5,12.3,9.7,4.4,0.9,0.9,0.0,1.8,3.5,18.5,-6.2,48.6,1,1,45.7,1,13222,1,13222,378,8852,19041,1688,11232,18381,1957,8719,8858,8186,9389,2191,3263,1602,3153,12738,8144,8846,16346,7617,9354,16134,3770,1,1,3929,1,40:57
2024-25,1629631,De'Andre Hunter,De'Andre,1610612737,ATL,Atlanta Hawks,0022400041,2024-11-29T00:00:00,ATL vs. CLE,W,27.93,9.0,15.5,0.583,5.2,9.0,0.571,6.4,6.4,1.0,0.0,6.4,6.4,3.9,1.3,0.0,0.0,0.0,1.3,5.2,29.6,18.0,41.9,0,0,45.1,1,1,13086,1,9609,4668,7871,6296,2101,4786,3506,2455,3946,1,14058,7419,11292,10318,13857,12854,8263,8846,18077,3842,2216,4544,6676,2246,150,4215,1,27:56
2024-25,1628969,Mikal Bridges,Mikal,1610612752,NYK,New York Knicks,0022400040,2024-11-29T00:00:00,NYK @ CHA,W,36.67,2.9,9.8,0.3,1.0,3.9,0.25,1.0,2.0,0.5,1.0,1.0,2.0,2.0,2.9,2.0,0.0,0.0,2.0,1.0,7.9,-13.7,16.1,0,0,16.7,1,1,13086,1,2227,19543,17379,19363,14645,15723,11902,13289,12827,10625,13406,21993,21878,16507,6659,6436,8263,8846,15341,17448,20042,19397,22809,2246,150,22429,1,36:40
2024-25,1641763,Julian Phillips,Julian,1610612741,CHI,Chicago Bulls,0022400047,2024-11-29T00:00:00,CHI vs. BOS,L,6.583333333333333,10.9,16.4,0.667,5.5,10.9,0.5,0.0,0.0,0.0,0.0,0.0,0.0,0.0,5.5,0.0,0.0,0.0,0.0,0.0,27.3,-38.3,21.9,0,0,32.8,1,13222,1,13222,23334,2315,6535,3281,1766,2555,3944,13505,14344,13505,14058,22137,23286,19908,1833,12854,8263,8846,20257,17725,3038,24725,20220,2246,150,11799,1,6:35
2024-25,203109,Jae Crowder,Jae,1610612758,SAC,Sacramento Kings,0022400049,2024-11-29T00:00:00,SAC @ POR,L,20.95,3.4,8.6,0.4,1.7,6.9,0.25,8.6,10.3,0.833,0.0,3.4,3.4,0.0,0.0,1.7,0.0,0.0,3.4,3.4,17.2,-15.5,26.5,0,0,25.8,1,13222,1,13222,15325,18461,19365,14933,11343,8726,11902,1150,1255,7275,14058,15415,18696,19908,16469,7549,8263,8846,8944,7851,10649,20084,17310,2246,150,17085,1,20:57
2024-25,1628386,Jarrett Allen,Jarrett,1610612739,CLE,Cleveland Cavaliers,0022400041,2024-11-29T00:00:00,CLE @ ATL,L,25.236666666666668,4.3,4.3,1.0,0.0,0.0,0.0,0.0,0.0,0.0,0.0,7.1,7.1,0.0,1.4,0.0,0.0,0.0,2.9,1.4,8.6,-12.8,15.7,0,0,15.7,1,13222,1,13222,11803,16374,23942,1,15070,20945,15070,13505,14344,13505,14058,6117,9889,19908,13131,12854,8263,8846,11402,15340,19461,19074,22957,2246,150,22824,1,25:14
2024-25,1628989,Kevin Huerter,Kevin,1610612758,SAC,Sacramento Kings,0022400049,2024-11-29T00:00:00,SAC @ POR,L,6.783333333333333,0.0,5.3,0.0,0.0,5.3,0.0,5.3,10.6,0.5,0.0,0.0,0.0,10.6,0.0,5.3,0.0,0.0,0.0,5.3,5.3,10.6,37.1,0,0,26.5,1,13222,1,13222,23250,22635,23255,22635,15070,12445,15070,3642,1146,10625,14058,22137,23286,1159,16469,736,8263,8846,20257,3615,21848,7411,9583,2246,150,16510,1,6:47
2024-25,1641717,Cason Wallace,Cason,1610612760,OKC,Oklahoma City Thunder,0022400048,2024-11-29T00:00:00,OKC @ LAL,W,31.133333333333333,1.2,5.8,0.2,0.0,3.5,0.0,0.0,0.0,0.0,5.8,0.0,5.8,2.3,0.0,2.3,1.2,0.0,2.3,0.0,2.3,4.6,23.1,0,0,17.3,1,1,13086,1,6760,22534,22829,21401,15070,16712,15070,13505,14344,13505,1759,22137,12807,15184,16469,4989,6445,8846,13595,17725,23110,10326,19482,2246,150,22150,1,31:08
2024-25,1630533,Ziaire Williams,Ziaire,1610612751,BKN,Brooklyn Nets,0022400043,2024-11-29T00:00:00,BKN vs. ORL,L,20.566666666666666,1.8,12.3,0.143,1.8,3.5,0.5,3.5,3.5,1.0,0.0,5.3,5.3,0.0,1.8,0.0,0.0,3.5,0.0,3.5,8.8,-28.0,13.3,0,0,15.8,1,13222,1,13222,15592,21829,13163,22260,11251,16649,3944,6701,8881,1,14058,10156,14156,19908,11732,12854,8263,914,20257,7656,19302,23429,23692,2246,150,22809,1,20:34
2024-25,1631093,Jaden Ivey,Jaden,1610612765,DET,Detroit Pistons,0022400045,2024-11-29T00:00:00,DET @ IND,W,31.395,9.2,14.9,0.615,3.4,9.2,0.375,4.6,4.6,1.0,1.1,4.6,5.7,6.9,3.4,1.1,0.0,0.0,0.0,2.3,26.4,17.2,43.6,0,0,44.7,1,1,13086,1,6517,4404,8739,5246,5286,4578,8800,4702,6676,1,12139,12020,12933,4165,5152,10617,8263,8846,20257,11776,3494,4839,5864,2246,150,4384,1,31:24
2024-25,1631099,Keegan Murray,Keegan,1610612758,SAC,Sacramento Kings,0022400049,2024-11-29T00:00:00,SAC @ POR,L,29.4,1.2,11.0,0.111,1.2,7.3,0.167,0.0,0.0,0.0,2.4,4.9,7.3,0.0,1.2,1.2,1.2,0.0,2.4,0.0,3.7,1.2,18.6,0,0,17.1,1,13222,1,13222,8307,22473,15321,22520,13239,7729,14236,13505,14344,13505,6779,11163,9478,19908,14265,9980,6024,8846,12985,17725,22706,11991,21837,2246,150,22237,1,29:24
2024-25,1627736,Malik Beasley,Malik,1610612765,DET,Detroit Pistons,0022400045,2024-11-29T00:00:00,DET @ IND,W,28.738333333333333,12.5,17.5,0.714,6.3,11.3,0.556,0.0,1.3,0.0,0.0,1.3,1.3,1.3,0.0,2.5,0.0,0.0,1.3,1.3,31.3,37.6,42.2,0,0,45.1,1,1,13086,1,8887,1230,5219,2752,1130,2277,3747,13505,13812,13505,14058,21393,22876,18836,16469,4375,8263,8846,18266,16123,1692,1153,6519,2246,150,4225,1,28:44
2024-25,1642274,Yves Missi,Yves,1610612740,NOP,New Orleans Pelicans,0022400042,2024-11-29T00:00:00,NOP @ MEM,L,31.416666666666668,6.9,14.9,0.462,0.0,0.0,0.0,4.6,6.9,0.667,6.9,9.2,16.0,1.1,1.1,1.1,3.4,2.3,4.6,3.4,18.3,-14.9,51.9,1,0,44.7,1,13222,1,13222,6487,9232,8761,12428,15070,20945,15070,4706,3500,9425,1192,3342,1417,19206,14824,10625,1274,2448,5580,7849,9485,19863,2723,1,150,4392,1,31:25
2024-25,1630249,Vít Krejčí,Vít,1610612737,ATL,Atlanta Hawks,0022400041,2024-11-29T00:00:00,ATL vs. CLE,W,0.8533333333333334,0.0,0.0,0.0,0.0,0.0,0.0,0.0,0.0,0.0,0.0,0.0,0.0,0.0,0.0,0.0,0.0,0.0,0.0,0.0,0.0,-84.4,0.0,0,0,0.0,1,1,13086,1,26120,22635,24836,22635,15070,20945,15070,13505,14344,13505,14058,22137,23286,19908,16469,12854,8263,8846,20257,17725,23200,26044,25228,2246,150,25259,1,0:51
2024-25,1629726,Garrison Mathews,Garrison,1610612737,ATL,Atlanta Hawks,0022400041,2024-11-29T00:00:00,ATL vs. CLE,W,0.8533333333333334,0.0,0.0,0.0,0.0,0.0,0.0,0.0,0.0,0.0,0.0,0.0,0.0,0.0,0.0,0.0,0.0,0.0,0.0,0.0,0.0,-84.4,0.0,0,0,0.0,1,1,13086,1,26120,22635,24836,22635,15070,20945,15070,13505,14344,13505,14058,22137,23286,19908,16469,12854,8263,8846,20257,17725,23200,26044,25228,2246,150,25259,1,0:51
2024-25,1630183,Jaden McDaniels,Jaden,1610612750,MIN,Minnesota Timberwolves,0022400044,2024-11-29T00:00:00,MIN vs. LAC,W,24.81,5.8,8.7,0.667,1.5,4.4,0.333,2.9,2.9,1.0,2.9,1.5,4.4,7.3,2.9,0.0,2.9,0.0,1.5,1.5,16.0,-2.9,37.9,0,0,34.8,1,1,13086,1,12173,12103,19181,3281,12251,14786,9209,8093,10231,1,5587,20988,16401,3681,6835,12854,1822,8846,17442,15239,11956,14514,9106,2246,150,10212,1,24:49
2024-25,1629660,Ty Jerome,Ty,1610612739,CLE,Cleveland Cavaliers,0022400041,2024-11-29T00:00:00,CLE @ ATL,L,17.733333333333334,6.1,14.2,0.429,0.0,2.0,0.0,2.0,2.0,1.0,0.0,6.1,6.1,2.0,4.1,6.1,0.0,0.0,6.1,4.1,14.2,-16.2,38.8,0,0,34.5,1,13222,1,13222,17752,11252,9818,13735,15070,19497,15070,10530,12634,1,14058,8122,12071,16265,3760,447,8263,8846,2829,6142,13715,20334,8554,2246,150,10437,1,17:44
2024-25,1630553,Keon Johnson,Keon,1610612751,BKN,Brooklyn Nets,0022400043,2024-11-29T00:00:00,BKN vs. ORL,L,27.516666666666666,7.8,20.9,0.375,3.9,11.8,0.333,0.0,0.0,0.0,2.6,5.2,7.8,1.3,6.5,2.6,1.3,5.2,5.2,0.0,19.6,5.2,36.2,0,0,40.6,1,13222,1,13222,9931,6959,2380,16299,4153,1912,9209,13505,14344,13505,6306,10206,8547,18631,1108,4102,5615,320,4140,17725,8237,9991,10211,2246,150,6471,1,27:31
2024-25,1641709,Ausar Thompson,Ausar,1610612765,DET,Detroit Pistons,0022400045,2024-11-29T00:00:00,DET @ IND,W,11.75,3.1,15.3,0.2,3.1,9.2,0.333,6.1,6.1,1.0,0.0,3.1,3.1,12.3,6.1,3.1,0.0,3.1,0.0,3.1,15.3,33.7,40.4,0,0,39.8,1,1,13086,1,21394,19290,8071,21401,6311,4544,9209,2752,4312,1,14058,16512,19553,661,1306,3018,8263,1268,20257,9020,12600,1547,7496,2246,150,6878,1,11:45
2024-25,201959,Taj Gibson,Taj,1610612766,CHA,Charlotte Hornets,0022400040,2024-11-29T00:00:00,CHA vs. NYK,L,10.87,0.0,3.3,0.0,0.0,0.0,0.0,0.0,0.0,0.0,0.0,6.6,6.6,3.3,0.0,0.0,0.0,0.0,0.0,0.0,0.0,16.6,12.9,0,0,9.9,1,13222,1,13222,21768,22635,24387,22635,15070,20945,15070,13505,14344,13505,14058,7050,10894,11940,16469,12854,8263,8846,20257,17725,23200,5051,23790,2246,150,24440,1,10:52
2024-25,1628449,Chris Boucher,Chris,1610612761,TOR,Toronto Raptors,0022400046,2024-11-29T00:00:00,TOR @ MIA,L,12.616666666666667,2.9,14.3,0.2,2.9,8.6,0.333,0.0,0.0,0.0,2.9,14.3,17.1,5.7,5.7,0.0,0.0,0.0,5.7,0.0,8.6,-34.2,32.0,0,0,34.2,1,13222,1,13222,20936,19762,9744,21401,7035,5483,9209,13505,14344,13505,5718,701,1098,6028,1634,12854,8263,8846,3379,17725,19460,24333,13356,2246,150,10663,1,12:37
2024-25,1631217,Moussa Diabaté,Moussa,1610612766,CHA,Charlotte Hornets,0022400040,2024-11-29T00:00:00,CHA vs. NYK,L,37.15,2.9,3.9,0.75,0.0,0.0,0.0,0.0,2.9,0.0,4.8,5.8,10.7,1.0,1.9,0.0,1.0,0.0,3.9,2.9,5.8,-5.8,21.0,0,0,19.4,1,13222,1,13222,1884,19642,24147,2107,15070,20945,15070,13505,10216,13505,2513,8765,4757,19771,10859,12854,7697,8846,7525,9571,21513,15975,20672,2246,150,21216,1,37:09
2024-25,1641871,Duop Reath,Duop,1610612757,POR,Portland Trail Blazers,0022400049,2024-11-29T00:00:00,POR vs. SAC,W,2.7666666666666666,0.0,0.0,0.0,0.0,0.0,0.0,0.0,0.0,0.0,0.0,0.0,0.0,0.0,0.0,0.0,0.0,0.0,13.0,0.0,0.0,13.0,0.0,0,0,0.0,1,1,13086,1,25079,22635,24836,22635,15070,20945,15070,13505,14344,13505,14058,22137,23286,19908,16469,12854,8263,8846,340,17725,23200,6389,25228,2246,150,25259,1,2:46
2024-25,1630592,Jalen Wilson,Jalen,1610612751,BKN,Brooklyn Nets,0022400043,2024-11-29T00:00:00,BKN vs. ORL,L,31.316666666666666,4.6,6.9,0.667,3.4,3.4,1.0,0.0,0.0,0.0,0.0,2.3,2.3,1.1,1.1,0.0,0.0,1.1,2.3,2.3,12.6,-34.5,16.0,0,0,19.5,1,13222,1,13222,6594,15504,21673,3281,5259,16762,1,13505,14344,13505,14058,18763,21205,19188,14794,12854,8263,6636,13652,11745,15447,24359,22869,2246,150,21130,1,31:19
2024-25,1631223,David Roddy,David,1610612737,ATL,Atlanta Hawks,0022400041,2024-11-29T00:00:00,ATL vs. CLE,W,0.8533333333333334,0.0,0.0,0.0,0.0,0.0,0.0,0.0,0.0,0.0,0.0,0.0,0.0,0.0,0.0,0.0,0.0,0.0,0.0,0.0,0.0,-84.4,0.0,0,0,0.0,1,1,13086,1,26120,22635,24836,22635,15070,20945,15070,13505,14344,13505,14058,22137,23286,19908,16469,12854,8263,8846,20257,17725,23200,26044,25228,2246,150,25259,1,0:51
2024-25,1630198,Isaiah Joe,Isaiah,1610612760,OKC,Oklahoma City Thunder,0022400048,2024-11-29T00:00:00,OKC @ LAL,W,24.046666666666667,1.5,12.0,0.125,1.5,10.5,0.143,0.0,0.0,0.0,0.0,0.0,0.0,0.0,1.5,3.0,0.0,0.0,0.0,3.0,4.5,7.5,12.0,0,0,12.0,1,1,13086,1,12860,22167,13633,22420,12045,3001,14649,13505,14344,13505,14058,22137,23286,19908,12756,3170,8263,8846,20257,9282,22296,8886,24010,2246,150,23981,1,24:03
2024-25,1631097,Bennedict Mathurin,Bennedict,1610612754,IND,Indiana Pacers,0022400045,2024-11-29T00:00:00,IND vs. DET,L,35.55,6.1,11.1,0.545,3.0,5.1,0.6,1.0,2.0,0.5,0.0,0.0,0.0,1.0,4.1,0.0,0.0,0.0,2.0,1.0,16.2,-10.1,13.7,0,0,20.3,1,13222,1,13222,3031,11289,15128,7695,6377,13043,2992,13205,12650,10625,14058,22137,23286,19638,3781,12854,8263,8846,14993,17346,11724,17940,23583,2246,150,20723,1,35:33
2024-25,1642403,Isaac Jones,Isaac,1610612758,SAC,Sacramento Kings,0022400049,2024-11-29T00:00:00,SAC @ POR,L,20.016666666666666,5.4,10.8,0.5,0.0,1.8,0.0,1.8,5.4,0.333,1.8,5.4,7.2,0.0,1.8,0.0,0.0,1.8,5.4,3.6,12.6,-9.0,19.4,0,0,19.8,1,13222,1,13222,16001,13286,15712,8526,15070,19922,15070,11245,5322,13132,9245,9798,9761,19908,11561,12854,8263,3906,3858,7396,15510,17419,21441,2246,150,20991,1,20:01
2024-25,1630530,Trey Murphy III,Trey,1610612740,NOP,New Orleans Pelicans,0022400042,2024-11-29T00:00:00,NOP @ MEM,L,37.86666666666667,7.6,21.9,0.348,1.9,7.6,0.25,2.9,3.8,0.75,2.9,5.7,8.6,0.0,1.0,1.0,1.0,0.0,1.0,4.8,20.0,-12.4,35.0,0,0,34.2,1,13222,1,13222,1463,7499,1878,17377,10631,7165,11902,8209,8245,8186,5724,9030,7387,19908,16144,12343,7824,8846,19965,4604,7947,18880,11063,2246,150,10678,1,37:52
2024-25,1641803,Tristen Newton,Tristen,1610612754,IND,Indiana Pacers,0022400045,2024-11-29T00:00:00,IND vs. DET,L,3.2333333333333334,0.0,22.3,0.0,0.0,11.1,0.0,0.0,0.0,0.0,0.0,0.0,0.0,0.0,11.1,0.0,0.0,0.0,22.3,11.1,0.0,-55.7,-11.1,0,0,0.0,1,13222,1,13222,24875,22635,1692,22635,15070,2383,15070,13505,14344,13505,14058,22137,23286,19908,246,12854,8263,8846,92,264,23200,25583,26234,2246,150,25259,1,3:14
2024-25,1631115,Orlando Robinson,Orlando,1610612758,SAC,Sacramento Kings,0022400049,2024-11-29T00:00:00,SAC @ POR,L,2.15,0.0,0.0,0.0,0.0,0.0,0.0,0.0,0.0,0.0,0.0,0.0,0.0,0.0,0.0,0.0,0.0,0.0,16.7,0.0,0.0,16.7,0.0,0,0,0.0,1,13222,1,13222,25393,22635,24836,22635,15070,20945,15070,13505,14344,13505,14058,22137,23286,19908,16469,12854,8263,8846,188,17725,23200,4989,25228,2246,150,25259,1,2:09
2024-25,1627777,Georges Niang,Georges,1610612739,CLE,Cleveland Cavaliers,0022400041,2024-11-29T00:00:00,CLE @ ATL,L,20.483333333333334,1.8,10.5,0.167,0.0,7.0,0.0,1.8,3.5,0.5,0.0,1.8,1.8,3.5,1.8,0.0,0.0,0.0,0.0,1.8,5.3,-14.1,10.9,0,0,10.5,1,13222,1,13222,15651,21818,16140,21938,15070,8399,15070,11318,8860,10625,14058,20336,22219,11349,11709,12854,8263,8846,20257,14082,21866,19525,24256,2246,150,24326,1,20:29
2024-25,1627826,Ivica Zubac,Ivica,1610612746,LAC,LA Clippers,0022400044,2024-11-29T00:00:00,LAC @ MIN,L,33.75,8.5,9.6,0.889,0.0,0.0,0.0,0.0,0.0,0.0,4.3,9.6,13.9,1.1,1.1,1.1,0.0,0.0,3.2,3.2,17.1,7.5,37.4,1,0,34.1,1,13222,1,13222,4481,5558,17768,1318,15070,20945,15070,13505,14344,13505,3220,2915,2299,19458,15372,11327,8263,8846,9863,8563,10789,8899,9384,1,150,10746,1,33:45
2024-25,1630573,Sam Hauser,Sam,1610612738,BOS,Boston Celtics,0022400047,2024-11-29T00:00:00,BOS @ CHI,W,21.99,1.6,8.2,0.2,1.6,8.2,0.2,0.0,0.0,0.0,0.0,4.9,4.9,1.6,1.6,3.3,0.0,0.0,3.3,0.0,4.9,4.9,21.4,0,0,19.6,1,1,13086,1,14513,21990,19966,21401,11572,6107,13429,13505,14344,13505,14058,11132,15030,17543,12188,2612,8263,8846,9552,17725,22062,10154,20446,2246,150,21071,1,21:59
2024-25,1630579,Jericho Sims,Jericho,1610612752,NYK,New York Knicks,0022400040,2024-11-29T00:00:00,NYK @ CHA,W,8.383333333333333,0.0,0.0,0.0,0.0,0.0,0.0,0.0,0.0,0.0,0.0,0.0,0.0,0.0,0.0,0.0,0.0,0.0,0.0,4.3,0.0,-4.3,0.0,0,0,0.0,1,1,13086,1,22666,22635,24836,22635,15070,20945,15070,13505,14344,13505,14058,22137,23286,19908,16469,12854,8263,8846,20257,5599,23200,15219,25228,2246,150,25259,1,8:23
2024-25,1630171,Isaac Okoro,Isaac,1610612739,CLE,Cleveland Cavaliers,0022400041,2024-11-29T00:00:00,CLE @ ATL,L,18.333333333333332,0.0,9.8,0.0,0.0,3.9,0.0,3.9,3.9,1.0,2.0,0.0,2.0,2.0,3.9,2.0,0.0,3.9,3.9,3.9,3.9,-23.6,11.2,0,0,11.8,1,13222,1,13222,17330,22635,17365,22635,15070,15720,15070,5826,7992,1,8555,22137,21874,16499,4023,6429,8263,672,7356,6497,22581,22469,24200,2246,150,24038,1,18:20
2024-25,1629675,Naz Reid,Naz,1610612750,MIN,Minnesota Timberwolves,0022400044,2024-11-29T00:00:00,MIN vs. LAC,W,22.983333333333334,4.7,14.1,0.333,1.6,9.4,0.167,1.6,1.6,1.0,0.0,9.4,9.4,1.6,1.6,1.6,3.1,0.0,0.0,1.6,12.5,-3.1,38.7,0,0,34.5,1,1,13086,1,13735,15248,10014,17395,11801,4258,14236,11654,13426,1,14058,3108,6188,17749,12474,8121,1539,8846,20257,14739,15566,14637,8601,2246,150,10481,1,22:59
2024-25,1630191,Isaiah Stewart,Isaiah,1610612765,DET,Detroit Pistons,0022400045,2024-11-29T00:00:00,DET @ IND,W,21.661666666666665,1.7,3.3,0.5,0.0,0.0,0.0,0.0,0.0,0.0,3.3,1.7,5.0,3.3,0.0,0.0,0.0,0.0,3.3,3.3,3.3,1.7,14.3,0,0,11.6,1,1,13086,1,14791,21947,24383,8526,15070,20945,15070,13505,14344,13505,4703,20537,14826,11902,16469,12854,8263,8846,9373,8183,22841,11807,23405,2246,150,24075,1,21:40
2024-25,1641794,Dillon Jones,Dillon,1610612760,OKC,Oklahoma City Thunder,0022400048,2024-11-29T00:00:00,OKC @ LAL,W,4.25,0.0,8.5,0.0,0.0,0.0,0.0,0.0,0.0,0.0,0.0,0.0,0.0,0.0,0.0,0.0,0.0,0.0,0.0,0.0,0.0,-33.9,0.0,0,0,0.0,1,1,13086,1,24355,22635,19529,22635,15070,20945,15070,13505,14344,13505,14058,22137,23286,19908,16469,12854,8263,8846,20257,17725,23200,24286,25228,2246,150,25259,1,4:15
2024-25,1631216,Caleb Houstan,Caleb,1610612753,ORL,Orlando Magic,0022400043,2024-11-29T00:00:00,ORL @ BKN,W,2.6666666666666665,0.0,40.5,0.0,0.0,40.5,0.0,0.0,0.0,0.0,0.0,0.0,0.0,0.0,13.5,0.0,0.0,0.0,0.0,0.0,0.0,0.0,-13.5,0,0,0.0,1,1,13086,1,25146,22635,72,22635,15070,14,15070,13505,14344,13505,14058,22137,23286,19908,140,12854,8263,8846,20257,17725,23200,12240,26249,2246,150,25259,1,2:40
2024-25,1642382,Branden Carlson,Branden,1610612760,OKC,Oklahoma City Thunder,0022400048,2024-11-29T00:00:00,OKC @ LAL,W,0.34,0.0,0.0,0.0,0.0,0.0,0.0,0.0,0.0,0.0,0.0,0.0,0.0,0.0,0.0,0.0,0.0,0.0,0.0,0.0,0.0,211.8,0.0,0,0,0.0,1,1,13086,1,26247,22635,24836,22635,15070,20945,15070,13505,14344,13505,14058,22137,23286,19908,16469,12854,8263,8846,20257,17725,23200,14,25228,2246,150,25259,1,0:20
2024-25,1641854,Craig Porter Jr.,Craig,1610612739,CLE,Cleveland Cavaliers,0022400041,2024-11-29T00:00:00,CLE @ ATL,L,2.2333333333333334,0.0,0.0,0.0,0.0,0.0,0.0,0.0,0.0,0.0,0.0,0.0,0.0,0.0,0.0,0.0,0.0,0.0,0.0,0.0,0.0,-32.2,0.0,0,0,0.0,1,13222,1,13222,25338,22635,24836,22635,15070,20945,15070,13505,14344,13505,14058,22137,23286,19908,16469,12854,8263,8846,20257,17725,23200,24059,25228,2246,150,25259,1,2:14
2024-25,1626157,Karl-Anthony Towns,Karl-Anthony,1610612752,NYK,New York Knicks,0022400040,2024-11-29T00:00:00,NYK @ CHA,W,39.473333333333336,7.3,14.6,0.5,1.8,4.6,0.4,0.9,0.9,1.0,3.6,7.3,10.9,4.6,5.5,0.9,1.8,0.0,3.6,1.8,17.3,4.6,40.0,1,0,40.1,1,1,13086,1,727,8236,9222,8526,10977,14294,7874,13438,14307,1,4126,5836,4464,8511,1830,12609,3998,8846,8270,13834,10500,10357,7743,1,150,6709,1,39:28
2024-25,1630596,Evan Mobley,Evan,1610612739,CLE,Cleveland Cavaliers,0022400041,2024-11-29T00:00:00,CLE @ ATL,L,36.78333333333333,9.8,16.6,0.588,0.0,2.9,0.0,3.9,3.9,1.0,3.9,7.8,11.7,2.9,1.0,1.0,0.0,1.0,2.0,2.9,23.5,-5.9,43.9,1,0,40.1,1,13222,1,13222,2130,3489,6260,6229,15070,17791,15070,5850,8014,1,3702,4969,3718,13142,15984,12141,8263,8113,15368,9472,5143,16008,5701,1,150,6710,1,36:47
2024-25,1628464,Daniel Theis,Daniel,1610612740,NOP,New Orleans Pelicans,0022400042,2024-11-29T00:00:00,NOP @ MEM,L,16.583333333333332,0.0,0.0,0.0,0.0,0.0,0.0,0.0,0.0,0.0,0.0,6.5,6.5,2.2,2.2,2.2,0.0,0.0,6.5,2.2,0.0,4.3,15.4,0,0,13.0,1,13222,1,13222,18538,22635,24836,22635,15070,20945,15070,13505,14344,13505,14058,7275,11150,15722,9632,5508,8263,8846,2394,12290,23200,10456,23051,2246,150,23706,1,16:35
2024-25,1630581,Josh Giddey,Josh,1610612741,CHI,Chicago Bulls,0022400047,2024-11-29T00:00:00,CHI vs. BOS,L,24.35,3.0,8.9,0.333,0.0,3.0,0.0,0.0,0.0,0.0,1.5,10.3,11.8,13.3,4.4,4.4,0.0,0.0,0.0,1.5,5.9,20.7,48.9,0,0,39.9,1,13222,1,13222,12606,19517,18907,17395,15070,17741,15070,13505,14344,13505,10399,2323,3633,477,3094,1274,8263,8846,20257,15096,21449,3757,3650,2246,150,6826,1,24:21
2024-25,1641783,Tristan da Silva,Tristan,1610612753,ORL,Orlando Magic,0022400043,2024-11-29T00:00:00,ORL @ BKN,W,19.683333333333334,9.1,16.5,0.556,5.5,7.3,0.75,0.0,1.8,0.0,0.0,1.8,1.8,1.8,0.0,3.7,0.0,3.7,1.8,1.8,23.8,-11.0,39.7,0,0,40.2,1,1,13086,1,16273,4450,6475,7248,1750,7788,1542,13505,13152,13505,14058,20164,22116,16999,16469,2020,8263,816,16043,13812,4950,18308,7968,2246,150,6652,1,19:41
2024-25,1629216,Gabe Vincent,Gabe,1610612747,LAL,Los Angeles Lakers,0022400048,2024-11-29T00:00:00,LAL vs. OKC,L,14.566666666666666,2.5,2.5,1.0,0.0,0.0,0.0,0.0,4.9,0.0,2.5,0.0,2.5,0.0,0.0,0.0,0.0,0.0,4.9,2.5,4.9,-17.3,7.9,0,0,7.4,1,13222,1,13222,19845,20510,24652,1,15070,20945,15070,13505,6037,13505,6706,22137,20859,19908,16469,12854,8263,8846,4742,11095,22036,20710,24706,2246,150,24850,1,14:34
2024-25,1629650,Moses Brown,Moses,1610612754,IND,Indiana Pacers,0022400045,2024-11-29T00:00:00,IND vs. DET,L,4.6,0.0,0.0,0.0,0.0,0.0,0.0,0.0,0.0,0.0,0.0,7.8,7.8,0.0,15.7,7.8,0.0,0.0,0.0,0.0,0.0,-54.8,17.2,0,0,23.5,1,13222,1,13222,24177,22635,24836,22635,15070,20945,15070,13505,14344,13505,14058,4970,8570,19908,97,224,8263,8846,20257,17725,23200,25563,22400,2246,150,18680,1,4:36
2024-25,1641723,Kobe Bufkin,Kobe,1610612737,ATL,Atlanta Hawks,0022400041,2024-11-29T00:00:00,ATL vs. CLE,W,13.32,0.0,8.1,0.0,0.0,5.4,0.0,5.4,5.4,1.0,0.0,0.0,0.0,8.1,2.7,2.7,0.0,0.0,2.7,2.7,5.4,16.2,23.0,0,0,18.9,1,1,13086,1,20586,22635,20072,22635,15070,12201,15070,3525,5308,1,14058,22137,23286,2782,7529,3906,8263,8846,12035,10311,21793,5178,19579,2246,150,21422,1,13:19
2024-25,1629162,Jordan McLaughlin,Jordan,1610612758,SAC,Sacramento Kings,0022400049,2024-11-29T00:00:00,SAC @ POR,L,12.25,0.0,2.9,0.0,0.0,2.9,0.0,5.9,5.9,1.0,0.0,2.9,2.9,2.9,2.9,2.9,0.0,0.0,2.9,5.9,5.9,-11.8,19.7,0,0,17.6,1,13222,1,13222,21122,22635,24510,22635,15070,17780,15070,2994,4643,1,14058,16940,19890,13133,6678,3299,8263,8846,10987,2780,21474,18648,21317,2246,150,22017,1,12:15
2024-25,1628366,Lonzo Ball,Lonzo,1610612741,CHI,Chicago Bulls,0022400047,2024-11-29T00:00:00,CHI vs. BOS,L,21.66,1.7,6.6,0.25,0.0,5.0,0.0,0.0,0.0,0.0,1.7,3.3,5.0,8.3,0.0,3.3,0.0,1.7,1.7,0.0,3.3,-26.6,31.7,0,0,23.3,1,13222,1,13222,14793,21946,21956,20233,15070,13231,15070,13505,14344,13505,9712,15721,14824,2604,16469,2517,8263,4249,16657,17725,22840,23149,13521,2246,150,18825,1,21:40
2024-25,1629629,Cam Reddish,Cam,1610612747,LAL,Los Angeles Lakers,0022400048,2024-11-29T00:00:00,LAL vs. OKC,L,13.19,0.0,2.7,0.0,0.0,2.7,0.0,0.0,0.0,0.0,0.0,0.0,0.0,0.0,0.0,0.0,0.0,0.0,5.5,0.0,0.0,5.5,0.0,0,0,0.0,1,13222,1,13222,20658,22635,24575,22635,15070,18205,15070,13505,14344,13505,14058,22137,23286,19908,16469,12854,8263,8846,3764,17725,23200,9864,25228,2246,150,25259,1,13:11
2024-25,1630217,Desmond Bane,Desmond,1610612763,MEM,Memphis Grizzlies,0022400042,2024-11-29T00:00:00,MEM vs. NOP,W,25.633333333333333,4.2,11.2,0.375,1.4,4.2,0.333,0.0,0.0,0.0,0.0,4.2,4.2,5.6,1.4,1.4,0.0,1.4,5.6,0.0,9.8,15.4,26.1,0,0,23.9,1,1,13086,1,11458,16558,14969,16299,12434,15083,9209,13505,14344,13505,14058,13073,16764,6217,13255,8875,8263,5163,3518,17725,18333,5453,17540,2246,150,18416,1,25:38
2024-25,203995,Vasilije Micić,Vasilije,1610612766,CHA,Charlotte Hornets,0022400040,2024-11-29T00:00:00,CHA vs. NYK,L,30.813333333333333,3.5,11.7,0.3,1.2,5.8,0.2,2.3,2.3,1.0,0.0,2.3,2.3,9.3,2.3,0.0,0.0,0.0,1.2,2.3,10.5,-7.0,25.0,0,0,23.4,1,13222,1,13222,7038,18317,14152,19363,13544,11103,13429,9503,11675,1,14058,18664,21125,1788,8917,12854,8263,8846,18725,11601,17650,16505,18285,2246,150,18756,1,30:49
2024-25,1631323,Simone Fontecchio,Simone,1610612765,DET,Detroit Pistons,0022400045,2024-11-29T00:00:00,DET @ IND,W,17.111666666666668,4.2,4.2,1.0,2.1,2.1,1.0,0.0,0.0,0.0,0.0,0.0,0.0,2.1,0.0,2.1,0.0,0.0,4.2,0.0,10.5,-10.5,20.0,0,0,18.9,1,1,13086,1,18196,16576,23990,1,9667,19362,1,13505,14344,13505,14058,22137,23286,15987,16469,5768,8263,8846,6532,17725,17647,18113,21180,2246,150,21416,1,17:07
2024-25,201143,Al Horford,Al,1610612738,BOS,Boston Celtics,0022400047,2024-11-29T00:00:00,BOS @ CHI,W,25.455,1.4,8.5,0.167,0.0,4.2,0.0,0.0,0.0,0.0,0.0,1.4,1.4,4.2,0.0,0.0,0.0,1.4,2.8,0.0,2.8,-5.7,10.9,0,0,8.5,1,1,13086,1,11621,22275,19509,21938,15070,15023,15070,13505,14344,13505,14058,21049,22670,9270,16469,12854,8263,5125,11517,17725,22991,15903,24257,2246,150,24686,1,25:27
2024-25,1631213,Tyrese Martin,Tyrese,1610612751,BKN,Brooklyn Nets,0022400043,2024-11-29T00:00:00,BKN vs. ORL,L,24.5,4.4,8.8,0.5,2.9,5.9,0.5,0.0,0.0,0.0,0.0,2.9,2.9,1.5,1.5,0.0,0.0,0.0,5.9,2.9,11.8,-36.7,16.0,0,0,19.1,1,13222,1,13222,12473,16046,18999,8526,6726,11000,3944,13505,14344,13505,14058,16940,19890,18096,12905,12854,8263,8846,3104,9464,16392,24592,22849,2246,150,21351,1,24:30
2024-25,1630241,Sam Merrill,Sam,1610612739,CLE,Cleveland Cavaliers,0022400041,2024-11-29T00:00:00,CLE @ ATL,L,19.913333333333334,3.6,12.7,0.286,3.6,12.7,0.286,1.8,3.6,0.5,0.0,0.0,0.0,1.8,0.0,0.0,0.0,0.0,5.4,3.6,12.7,-10.8,15.4,0,0,18.1,1,13222,1,13222,16089,18046,12475,19630,4886,1449,11433,11224,8656,10625,14058,22137,23286,17056,16469,12854,8263,8846,3813,7349,15439,18250,23069,2246,150,21826,1,19:55
2024-25,1630643,Jay Huff,Jay,1610612763,MEM,Memphis Grizzlies,0022400042,2024-11-29T00:00:00,MEM vs. NOP,W,16.6,6.5,15.2,0.429,2.2,8.7,0.25,0.0,4.3,0.0,2.2,0.0,2.2,0.0,2.2,0.0,2.2,2.2,2.2,6.5,15.2,2.2,22.1,0,0,23.9,1,1,13086,1,18528,10179,8288,13735,9366,5306,11902,13505,7134,13505,7690,22137,21478,19908,9642,12854,3020,2718,14251,2082,12733,11529,20069,2246,150,18430,1,16:36
2024-25,1642419,Jamison Battle,Jamison,1610612761,TOR,Toronto Raptors,0022400046,2024-11-29T00:00:00,TOR @ MIA,L,16.745,2.1,10.7,0.2,2.1,10.7,0.2,4.3,4.3,1.0,0.0,4.3,4.3,2.1,0.0,2.1,0.0,0.0,2.1,2.1,10.7,-21.5,25.6,0,0,23.6,1,13222,1,13222,18429,21142,15780,21401,9458,2718,13429,5152,7211,1,14058,12811,16534,15820,16469,5599,8263,8846,14358,12396,17416,21969,17888,2246,150,18580,1,16:45
2024-25,1630558,Davion Mitchell,Davion,1610612761,TOR,Toronto Raptors,0022400046,2024-11-29T00:00:00,TOR @ MIA,L,20.433333333333334,3.5,7.0,0.5,0.0,1.8,0.0,0.0,0.0,0.0,0.0,1.8,1.8,5.3,3.5,1.8,0.0,0.0,1.8,1.8,7.0,-7.0,18.9,0,0,17.6,1,13222,1,13222,15684,18266,21506,8526,15070,19967,15070,13505,14344,13505,14058,20328,22214,6855,4963,7396,8263,8846,16336,14069,20685,16520,21728,2246,150,22027,1,20:26
2024-25,203926,Doug McDermott,Doug,1610612758,SAC,Sacramento Kings,0022400049,2024-11-29T00:00:00,SAC @ POR,L,7.766666666666667,4.6,13.9,0.333,4.6,9.3,0.5,0.0,0.0,0.0,0.0,0.0,0.0,0.0,0.0,0.0,0.0,0.0,0.0,0.0,13.9,55.6,13.9,0,0,18.5,1,13222,1,13222,22900,15402,10326,17395,2826,4418,3944,13505,14344,13505,14058,22137,23286,19908,16469,12854,8263,8846,20257,17725,14038,425,23521,2246,150,21606,1,7:46
2024-25,1628964,Mo Bamba,Mo,1610612746,LAC,LA Clippers,0022400044,2024-11-29T00:00:00,LAC @ MIN,L,14.25,2.5,12.6,0.2,0.0,5.1,0.0,0.0,0.0,0.0,0.0,0.0,0.0,2.5,0.0,0.0,5.1,2.5,5.1,0.0,5.1,-20.2,24.0,0,0,17.7,1,13222,1,13222,20052,20411,12507,21401,15070,13064,15070,13505,14344,13505,14058,22137,23286,14451,16469,12854,501,1996,4487,17725,21979,21614,18937,2246,150,21992,1,14:15
2024-25,203897,Zach LaVine,Zach,1610612741,CHI,Chicago Bulls,0022400047,2024-11-29T00:00:00,CHI vs. BOS,L,35.3,11.2,22.4,0.5,4.1,11.2,0.364,3.1,3.1,1.0,0.0,1.0,1.0,1.0,0.0,0.0,0.0,0.0,4.1,4.1,29.6,-19.4,32.3,0,0,35.7,1,13222,1,13222,3234,2078,1618,8526,3831,2312,9100,7647,9821,1,14058,21935,23188,19619,16469,12854,8263,8846,6901,6094,2248,21370,13067,2246,150,9586,1,35:18
2024-25,1627759,Jaylen Brown,Jaylen,1610612738,BOS,Boston Celtics,0022400047,2024-11-29T00:00:00,BOS @ CHI,W,36.833333333333336,6.8,20.5,0.333,3.9,9.8,0.4,2.9,3.9,0.75,1.0,1.0,2.0,3.9,2.9,0.0,0.0,0.0,2.0,3.9,20.5,6.8,25.8,0,0,30.3,1,1,13086,1,2107,9316,2625,17395,4180,3755,7874,8006,8025,8186,13441,22001,21898,10200,6711,12854,8263,8846,15381,6538,7469,9212,17744,2246,150,13718,1,36:50
2024-25,1630590,Scotty Pippen Jr.,Scotty,1610612763,MEM,Memphis Grizzlies,0022400042,2024-11-29T00:00:00,MEM vs. NOP,W,13.533333333333333,2.7,10.6,0.25,0.0,5.3,0.0,0.0,0.0,0.0,0.0,5.3,5.3,10.6,2.7,2.7,0.0,0.0,10.6,0.0,5.3,-29.3,33.0,0,0,26.6,1,1,13086,1,20469,20169,15978,20233,15070,12412,15070,13505,14344,13505,14058,9979,13988,1143,7656,3995,8263,8846,593,17725,21839,23625,12606,2246,150,16465,1,13:32
2024-25,1629130,Duncan Robinson,Duncan,1610612748,MIA,Miami Heat,0022400046,2024-11-29T00:00:00,MIA vs. TOR,W,27.533333333333335,5.2,14.4,0.364,2.6,11.8,0.222,0.0,0.0,0.0,1.3,1.3,2.6,2.6,0.0,0.0,0.0,1.3,2.6,0.0,13.1,1.3,20.1,0,0,20.9,1,1,13086,1,9922,13730,9562,16861,7776,1918,13288,13505,14344,13505,11163,21271,20612,14166,16469,12854,8263,5612,12374,17725,15016,11951,21089,2246,150,20336,1,27:32
2024-25,1642367,Jonathan Mogbo,Jonathan,1610612761,TOR,Toronto Raptors,0022400046,2024-11-29T00:00:00,TOR @ MIA,L,15.263333333333334,7.1,14.2,0.5,2.4,4.7,0.5,0.0,0.0,0.0,4.7,2.4,7.1,4.7,0.0,0.0,0.0,0.0,0.0,7.1,16.5,-18.9,32.1,0,0,30.7,1,13222,1,13222,19404,8750,9925,8526,8633,13915,3944,13505,14344,13505,2652,18598,10005,8151,16469,12854,8263,8846,20257,1602,11383,21196,13270,2246,150,13426,1,15:16
2024-25,1630534,Ochai Agbaji,Ochai,1610612761,TOR,Toronto Raptors,0022400046,2024-11-29T00:00:00,TOR @ MIA,L,32.4,5.6,8.9,0.625,3.3,4.4,0.75,0.0,0.0,0.0,1.1,4.4,5.6,3.3,0.0,0.0,0.0,0.0,1.1,0.0,14.4,2.2,26.1,0,0,26.7,1,13222,1,13222,5635,12829,18876,4899,5564,14579,1542,13505,14344,13505,12385,12416,13409,11871,16469,12854,8263,8846,19042,17725,13460,11503,17551,2246,150,16410,1,32:24
2024-25,1630570,Trendon Watford,Trendon,1610612751,BKN,Brooklyn Nets,0022400043,2024-11-29T00:00:00,BKN vs. ORL,L,20.166666666666668,10.7,19.6,0.545,0.0,3.6,0.0,1.8,1.8,1.0,0.0,5.4,5.4,1.8,3.6,0.0,0.0,5.4,7.1,5.4,23.2,10.7,28.7,0,0,30.3,1,13222,1,13222,15891,2495,3233,7695,15070,16510,15070,11266,13206,1,14058,9886,13906,17134,4841,12854,8263,305,1866,3549,5352,7368,15687,2246,150,13675,1,20:10
2024-25,201144,Mike Conley,Mike,1610612750,MIN,Minnesota Timberwolves,0022400044,2024-11-29T00:00:00,MIN vs. LAC,W,33.06666666666667,3.3,7.6,0.429,3.3,5.4,0.6,4.4,4.4,1.0,0.0,2.2,2.2,3.3,3.3,2.2,0.0,0.0,3.3,3.3,14.2,7.6,24.9,0,0,27.2,1,1,13086,1,5096,18840,20757,13735,5767,12092,2992,5059,7100,1,14058,19134,21457,12091,5615,5481,8263,8846,9588,8362,13784,8820,18338,2246,150,16008,1,33:04
2024-25,1628976,Wendell Carter Jr.,Wendell,1610612753,ORL,Orlando Magic,0022400043,2024-11-29T00:00:00,ORL @ BKN,W,26.266666666666666,5.5,6.9,0.8,1.4,1.4,1.0,4.1,5.5,0.75,2.7,6.9,9.6,5.5,4.1,0.0,1.4,0.0,5.5,4.1,16.4,37.0,36.2,0,0,35.6,1,1,13086,1,10937,13029,21728,1688,12559,20405,1,5507,5209,8186,6005,6621,5932,6462,3649,12854,5361,8846,3724,6031,11448,1202,10250,2246,150,9641,1,26:16
2024-25,1628404,Josh Hart,Josh,1610612752,NYK,New York Knicks,0022400040,2024-11-29T00:00:00,NYK @ CHA,W,41.483333333333334,5.2,10.4,0.5,0.9,3.5,0.25,0.0,0.0,0.0,3.5,6.9,10.4,4.3,2.6,1.7,0.0,1.7,2.6,0.9,11.3,0.9,32.9,1,0,30.4,1,1,13086,1,301,13801,16362,8526,15015,16707,11902,13505,14344,13505,4417,6461,4993,9037,7867,7500,8263,4064,12418,17698,16910,12224,12664,1,150,13651,1,41:29
2024-25,203468,CJ McCollum,CJ,1610612740,NOP,New Orleans Pelicans,0022400042,2024-11-29T00:00:00,NOP @ MEM,L,35.55,11.1,19.2,0.579,3.0,7.1,0.429,5.1,8.1,0.625,2.0,2.0,4.1,2.0,1.0,1.0,0.0,0.0,3.0,5.1,30.4,0.0,40.3,0,0,41.5,1,13222,1,13222,3031,2151,3554,6486,6377,8272,7394,3941,2445,10271,8275,19574,17187,16280,15761,11836,8263,8846,10546,3988,1960,12240,7570,2246,150,5903,1,35:33
2024-25,1629639,Tyler Herro,Tyler,1610612748,MIA,Miami Heat,0022400046,2024-11-29T00:00:00,MIA vs. TOR,W,36.6,7.9,17.7,0.444,3.9,9.8,0.4,3.0,3.0,1.0,1.0,2.0,3.0,3.9,1.0,1.0,0.0,0.0,0.0,2.0,22.6,15.7,34.0,0,0,35.4,1,1,13086,1,2279,6914,4999,13045,4125,3682,7874,7953,10094,1,13389,19762,19851,10118,15952,12088,8263,8846,20257,13228,5759,5343,11775,2246,150,9785,1,36:36
2024-25,1630162,Anthony Edwards,Anthony,1610612750,MIN,Minnesota Timberwolves,0022400044,2024-11-29T00:00:00,MIN vs. LAC,W,36.016666666666666,7.0,21.0,0.333,4.0,9.0,0.444,3.0,5.0,0.6,2.0,2.0,4.0,3.0,4.0,2.0,0.0,1.0,0.0,4.0,21.0,-5.0,32.3,0,0,36.0,1,1,13086,1,2671,8943,2342,17395,4006,4847,7211,7814,5924,10343,8391,19669,17320,12943,3884,6252,8263,7923,20257,6313,7088,15588,13098,2246,150,9395,1,36:01
2024-25,203076,Anthony Davis,Anthony,1610612747,LAL,Los Angeles Lakers,0022400048,2024-11-29T00:00:00,LAL vs. OKC,L,37.733333333333334,4.8,8.6,0.556,0.0,0.0,0.0,4.8,6.7,0.714,1.9,9.5,11.4,6.7,1.0,1.0,3.8,1.0,1.9,3.8,14.3,-4.8,51.4,1,0,42.0,1,13222,1,13222,1546,15055,19377,7248,15070,20945,15070,4394,3684,9244,8782,2970,4009,4455,16123,12316,1020,8306,15627,6802,13594,15456,2862,1,150,5661,1,37:44
2024-25,1630168,Onyeka Okongwu,Onyeka,1610612737,ATL,Atlanta Hawks,0022400041,2024-11-29T00:00:00,ATL vs. CLE,W,21.696666666666665,10.0,13.3,0.75,1.7,3.3,0.5,3.3,3.3,1.0,3.3,8.3,11.6,3.3,0.0,0.0,0.0,0.0,0.0,6.6,24.9,5.0,43.8,0,0,41.5,1,1,13086,1,14761,3267,11355,2107,11509,17029,3944,7067,9262,1,4716,4293,3833,11920,16469,12854,8263,8846,20257,1955,4262,10129,5766,2246,150,5926,1,21:42
2024-25,1642266,Ja'Kobe Walter,Ja'Kobe,1610612761,TOR,Toronto Raptors,0022400046,2024-11-29T00:00:00,TOR @ MIA,L,25.666666666666668,4.2,11.2,0.375,0.0,2.8,0.0,0.0,0.0,0.0,0.0,4.2,4.2,2.8,1.4,1.4,1.4,0.0,2.8,0.0,8.4,-16.8,24.7,0,0,21.0,1,13222,1,13222,11427,16575,14989,16299,15070,18049,15070,13505,14344,13505,14058,13092,16780,13571,13270,8885,5223,8846,11624,17725,19585,20558,18499,2246,150,20258,1,25:40
2024-25,1629028,Deandre Ayton,Deandre,1610612757,POR,Portland Trail Blazers,0022400049,2024-11-29T00:00:00,POR vs. SAC,W,40.95,9.7,16.7,0.579,0.0,1.8,0.0,3.5,5.3,0.667,1.8,6.2,7.9,1.8,0.9,0.9,0.9,1.8,1.8,3.5,22.9,6.2,39.4,0,0,36.0,1,1,13086,1,378,3636,6171,6486,15070,19976,15070,6675,5499,9425,9389,7996,8439,17208,16384,12738,8144,4012,16346,7617,5590,9548,8140,2246,150,9337,1,40:57
2024-25,1631165,Keon Ellis,Keon,1610612758,SAC,Sacramento Kings,0022400049,2024-11-29T00:00:00,SAC @ POR,L,24.233333333333334,1.5,4.5,0.333,1.5,4.5,0.333,4.5,4.5,1.0,4.5,1.5,5.9,1.5,1.5,1.5,0.0,0.0,1.5,1.5,8.9,-28.2,21.2,0,0,20.8,1,13222,1,13222,12695,22187,23831,17395,12096,14558,9209,4899,6925,1,2974,20903,12425,18037,12816,8474,8263,8846,17278,15058,19169,23476,20577,2246,150,20410,1,24:14
2024-25,1628378,Donovan Mitchell,Donovan,1610612739,CLE,Cleveland Cavaliers,0022400041,2024-11-29T00:00:00,CLE @ ATL,L,35.05,5.1,23.6,0.217,2.1,10.3,0.2,0.0,0.0,0.0,2.1,9.2,11.3,6.2,2.1,2.1,0.0,1.0,3.1,2.1,12.3,-13.4,39.2,1,0,35.9,1,13222,1,13222,3418,13991,1182,21368,9899,3190,13429,13505,14344,13505,8146,3258,4141,5231,10241,5994,8263,7691,10343,12834,15798,19254,8248,1,150,9417,1,35:03
2024-25,1629634,Brandon Clarke,Brandon,1610612763,MEM,Memphis Grizzlies,0022400042,2024-11-29T00:00:00,MEM vs. NOP,W,22.466666666666665,3.2,6.4,0.5,0.0,0.0,0.0,0.0,0.0,0.0,6.4,11.2,17.6,3.2,1.6,0.0,1.6,0.0,4.8,0.0,6.4,20.8,35.6,0,0,30.4,1,1,13086,1,14137,18980,22191,8526,15070,20945,15070,13505,14344,13505,1410,1795,986,12280,12319,12854,4539,8846,5039,17725,21115,3740,10678,2246,150,13587,1,22:28
2024-25,202710,Jimmy Butler III,Jimmy,1610612748,MIA,Miami Heat,0022400046,2024-11-29T00:00:00,MIA vs. TOR,W,34.25,8.4,14.7,0.571,2.1,4.2,0.5,8.4,9.5,0.889,0.0,2.1,2.1,6.3,0.0,2.1,0.0,1.1,1.1,6.3,27.3,13.7,45.6,0,0,42.0,1,1,13086,1,4058,5782,9028,6538,9672,15106,3944,1224,1624,6857,14058,19353,21604,5007,16469,5772,8263,7479,19402,2274,3055,6144,4890,2246,150,5617,1,34:15
2024-25,203484,Kentavious Caldwell-Pope,Kentavious,1610612753,ORL,Orlando Magic,0022400043,2024-11-29T00:00:00,ORL @ BKN,W,29.083333333333332,8.7,9.9,0.875,5.0,6.2,0.8,1.2,1.2,1.0,2.5,0.0,2.5,3.7,0.0,2.5,1.2,0.0,1.2,1.2,23.5,38.4,43.2,0,0,42.1,1,1,13086,1,8609,5320,17235,1353,2336,10221,1389,12482,13829,1,6687,22137,20852,10753,16469,4450,5951,8846,18337,16192,5117,1086,6030,2246,150,5598,1,29:05
2024-25,1628371,Jonathan Isaac,Jonathan,1610612753,ORL,Orlando Magic,0022400043,2024-11-29T00:00:00,ORL @ BKN,W,19.166666666666668,3.8,11.3,0.333,1.9,5.6,0.333,5.6,7.5,0.75,0.0,7.5,7.5,0.0,0.0,3.8,1.9,0.0,1.9,3.8,15.0,-11.3,40.9,0,0,35.7,1,1,13086,1,16703,17687,14892,17395,10726,11619,9209,3268,2896,8186,14058,5474,9145,19908,16469,1906,3832,8846,15794,6969,12877,18427,7200,2246,150,9591,1,19:10
2024-25,202692,Alec Burks,Alec,1610612748,MIA,Miami Heat,0022400046,2024-11-29T00:00:00,MIA vs. TOR,W,6.566666666666666,0.0,11.0,0.0,0.0,11.0,0.0,11.0,11.0,1.0,0.0,11.0,11.0,0.0,0.0,0.0,0.0,0.0,0.0,5.5,11.0,-21.9,24.1,0,0,21.9,1,1,13086,1,23340,22635,15414,22635,15070,2521,15070,491,1032,1,14058,1923,4435,19908,16469,12854,8263,8846,20257,3367,17208,22054,18858,2246,150,19712,1,6:34
2024-25,1629630,Ja Morant,Ja,1610612763,MEM,Memphis Grizzlies,0022400042,2024-11-29T00:00:00,MEM vs. NOP,W,28.55,12.6,22.7,0.556,0.0,5.0,0.0,8.8,8.8,1.0,0.0,3.8,3.8,8.8,6.3,3.8,0.0,0.0,1.3,7.6,34.0,8.8,56.9,0,0,54.2,1,1,13086,1,9073,1190,1502,7248,15070,13095,15070,1065,1963,1,14058,14378,17868,2155,1224,1871,8263,8846,18216,1289,1124,8259,1664,2246,150,1585,1,28:33
2024-25,1628983,Shai Gilgeous-Alexander,Shai,1610612760,OKC,Oklahoma City Thunder,0022400048,2024-11-29T00:00:00,OKC @ LAL,W,36.983333333333334,12.7,27.3,0.464,2.9,9.7,0.3,6.8,7.8,0.875,2.9,2.9,5.8,8.8,2.9,1.9,1.0,1.9,2.9,6.8,35.0,12.7,61.0,0,0,58.4,1,1,13086,1,1997,1169,471,12422,6795,3797,11319,2147,2677,6931,5538,17015,12671,2217,6766,6524,7665,3396,11091,1806,949,6537,1072,2246,150,976,1,36:59
2024-25,1628973,Jalen Brunson,Jalen,1610612752,NYK,New York Knicks,0022400040,2024-11-29T00:00:00,NYK @ CHA,W,36.681666666666665,8.8,17.7,0.5,3.9,5.9,0.667,8.8,11.8,0.75,0.0,5.9,5.9,5.9,2.0,1.0,1.0,2.0,3.9,8.8,30.4,0.0,50.2,0,0,50.1,1,1,13086,1,2223,5002,5056,8526,4150,10977,1957,1063,814,8186,14058,8570,12548,5688,10708,12109,7605,3348,7367,710,1940,12240,3196,2246,150,2519,1,36:41
2024-25,1631245,Quenton Jackson,Quenton,1610612754,IND,Indiana Pacers,0022400045,2024-11-29T00:00:00,IND vs. DET,L,15.833333333333334,6.8,13.6,0.5,4.5,6.8,0.667,4.5,4.5,1.0,2.3,2.3,4.5,4.5,0.0,0.0,2.3,2.3,6.8,2.3,22.7,-31.8,41.8,0,0,40.9,1,13222,1,13222,19040,9366,10751,8526,2974,8849,1957,4757,6751,1,7332,18843,15928,8532,16469,12854,2792,2491,2123,11848,5667,24012,6713,2246,150,6250,1,15:50
2024-25,1629645,Kevin Porter Jr.,Kevin,1610612746,LAC,LA Clippers,0022400044,2024-11-29T00:00:00,LAC @ MIN,L,24.45,8.8,14.7,0.6,1.5,2.9,0.5,5.9,7.4,0.8,2.9,7.4,10.3,4.4,7.4,4.4,0.0,0.0,4.4,4.4,25.0,-1.5,49.9,0,0,50.1,1,13222,1,13222,12529,4998,9008,5394,12149,17765,3944,2974,3034,7681,5466,5732,5111,8836,757,1288,8263,8846,5976,5306,4203,13792,3295,2246,150,2515,1,24:27
2024-25,1630595,Cade Cunningham,Cade,1610612765,DET,Detroit Pistons,0022400045,2024-11-29T00:00:00,DET @ IND,W,32.971666666666664,10.9,20.7,0.526,4.4,6.6,0.667,0.0,0.0,0.0,0.0,6.6,6.6,12.0,6.6,2.2,0.0,1.1,3.3,3.3,26.2,14.2,52.1,1,0,53.5,1,1,13086,1,5174,2333,2491,8379,3289,9428,1957,13505,14344,13505,14058,7201,11063,716,1105,5465,8263,7126,9541,8325,3582,5939,2686,1,150,1711,1,32:58
2024-25,1630625,Dalano Banton,Dalano,1610612757,POR,Portland Trail Blazers,0022400049,2024-11-29T00:00:00,POR vs. SAC,W,23.283333333333335,10.8,20.1,0.538,4.6,9.3,0.5,0.0,0.0,0.0,0.0,3.1,3.1,3.1,6.2,7.7,0.0,0.0,1.5,1.5,26.3,17.0,51.6,0,0,52.6,1,1,13086,1,13481,2399,2891,7978,2822,4410,3944,13505,14344,13505,14058,16427,19493,12624,1277,227,8263,8846,17065,14817,3540,4908,2793,2246,150,1913,1,23:17
2024-25,1631204,Marcus Sasser,Marcus,1610612765,DET,Detroit Pistons,0022400045,2024-11-29T00:00:00,DET @ IND,W,1.1833333333333333,0.0,0.0,0.0,0.0,0.0,0.0,0.0,0.0,0.0,0.0,0.0,0.0,60.8,0.0,30.4,0.0,0.0,0.0,0.0,0.0,60.8,182.5,0,0,121.7,1,1,13086,1,25970,22635,24836,22635,15070,20945,15070,13505,14344,13505,14058,22137,23286,3,16469,8,8263,8846,20257,17725,23200,349,13,2246,150,29,1,1:11
2024-25,1630166,Deni Avdija,Deni,1610612757,POR,Portland Trail Blazers,0022400049,2024-11-29T00:00:00,POR vs. SAC,W,36.666666666666664,6.9,14.7,0.467,3.9,8.8,0.444,2.0,2.0,1.0,1.0,7.9,8.8,4.9,0.0,2.0,1.0,0.0,2.9,2.0,19.6,11.8,46.4,0,0,43.2,1,1,13086,1,2230,9239,9001,12249,4140,5048,7211,10765,12825,1,13401,4935,6964,7667,16469,6429,7597,8846,10953,13252,8217,6886,4560,2246,150,5037,1,36:40
2024-25,1628998,Cody Martin,Cody,1610612766,CHA,Charlotte Hornets,0022400040,2024-11-29T00:00:00,CHA vs. NYK,L,21.983333333333334,3.3,11.5,0.286,3.3,9.8,0.333,4.9,6.6,0.75,3.3,8.2,11.5,8.2,0.0,1.6,1.6,0.0,1.6,6.6,14.7,9.8,50.6,0,0,44.2,1,13222,1,13222,14516,18817,14539,19630,5740,3697,9209,4168,3830,8186,4795,4437,3995,2709,16469,7859,4454,8846,16754,2032,13161,7776,3099,2246,150,4588,1,21:59
2024-25,1630552,Jalen Johnson,Jalen,1610612737,ATL,Atlanta Hawks,0022400041,2024-11-29T00:00:00,ATL vs. CLE,W,34.98,9.3,14.4,0.643,2.1,4.1,0.5,0.0,0.0,0.0,0.0,9.3,9.3,7.2,3.1,1.0,0.0,0.0,2.1,2.1,20.6,17.5,42.5,0,0,41.2,1,1,13086,1,3485,4269,9508,4607,9879,15307,3944,13505,14344,13505,14058,3240,6366,3756,6160,11681,8263,8846,14823,12807,7414,4742,6364,2246,150,6099,1,34:59
2024-25,1628389,Bam Adebayo,Bam,1610612748,MIA,Miami Heat,0022400046,2024-11-29T00:00:00,MIA vs. TOR,W,34.6,6.2,16.6,0.375,2.1,6.2,0.333,0.0,1.0,0.0,2.1,8.3,10.4,10.4,1.0,3.1,0.0,1.0,2.1,4.2,14.6,0.0,51.0,1,1,43.7,1,1,13086,1,3784,10861,6244,16299,9760,10096,9209,13505,14149,13505,8023,4248,5001,1241,15555,2886,8263,7568,14694,5918,13332,12240,2992,1,1,4835,1,34:36
2024-25,201935,James Harden,James,1610612746,LAC,LA Clippers,0022400044,2024-11-29T00:00:00,LAC @ MIN,L,36.75,6.9,19.6,0.35,2.9,8.8,0.333,2.9,3.9,0.75,0.0,5.9,5.9,10.8,3.9,4.9,0.0,1.0,1.0,3.9,19.6,-2.9,53.6,1,0,49.0,1,13222,1,13222,2159,9273,3284,17337,6726,5081,9209,7980,8010,8186,14058,8597,12573,1077,4046,959,8263,8097,19817,6520,8271,14541,2307,1,150,2840,1,36:45
2024-25,1630202,Payton Pritchard,Payton,1610612738,BOS,Boston Celtics,0022400047,2024-11-29T00:00:00,BOS @ CHI,W,28.516666666666666,12.6,20.2,0.625,8.8,13.9,0.636,2.5,2.5,1.0,5.0,3.8,8.8,1.3,0.0,1.3,0.0,1.3,1.3,2.5,36.6,13.9,52.9,0,0,58.1,1,1,13086,1,9103,1184,2827,4899,318,957,2842,8977,11145,1,2327,14364,6962,18790,16469,9700,8263,5856,18208,10894,739,6050,2480,2246,150,1014,1,28:31
2024-25,1642277,Johnny Furphy,Johnny,1610612754,IND,Indiana Pacers,0022400045,2024-11-29T00:00:00,IND vs. DET,L,5.033333333333333,7.2,28.6,0.25,0.0,7.2,0.0,0.0,0.0,0.0,7.2,0.0,7.2,7.2,0.0,7.2,14.3,7.2,0.0,7.2,14.3,-35.8,98.0,0,0,71.5,1,13222,1,13222,23981,8574,352,20233,15070,8136,15070,13505,14344,13505,1081,22137,9844,3820,16469,277,25,145,20257,1543,13599,24502,73,2246,150,290,1,5:02
2024-25,202709,Cory Joseph,Cory,1610612753,ORL,Orlando Magic,0022400043,2024-11-29T00:00:00,ORL @ BKN,W,2.6666666666666665,13.5,13.5,1.0,13.5,13.5,1.0,0.0,0.0,0.0,13.5,0.0,13.5,13.5,0.0,0.0,0.0,0.0,0.0,0.0,40.5,0.0,77.0,0,0,81.0,1,1,13086,1,25146,851,11006,1,96,1095,1,13505,14344,13505,174,22137,2486,449,16469,12854,8263,8846,20257,17725,419,12240,262,2246,150,146,1,2:40
2024-25,1627751,Jakob Poeltl,Jakob,1610612761,TOR,Toronto Raptors,0022400046,2024-11-29T00:00:00,TOR @ MIA,L,32.375,11.1,12.2,0.909,0.0,0.0,0.0,4.4,5.6,0.8,4.4,6.7,11.1,1.1,2.2,0.0,1.1,0.0,6.7,5.6,26.7,-2.2,42.8,1,0,41.1,1,13222,1,13222,5669,2168,13212,1292,15070,20945,15070,4911,5102,7681,2985,6957,4308,19315,9413,12854,6713,8846,2248,3251,3349,14159,6214,1,150,6110,1,32:23
2024-25,202696,Nikola Vučević,Nikola,1610612741,CHI,Chicago Bulls,0022400047,2024-11-29T00:00:00,CHI vs. BOS,L,34.083333333333336,11.6,16.9,0.688,6.3,9.5,0.667,4.2,6.3,0.667,0.0,11.6,11.6,3.2,0.0,0.0,1.1,0.0,3.2,5.3,33.8,-20.1,55.7,1,0,57.0,1,13222,1,13222,4178,1796,5910,3227,1095,4100,1957,5303,4081,9425,14058,1552,3828,12425,16469,12854,7087,8846,10005,3663,1166,21571,1865,1,150,1157,1,34:05
2024-25,1630532,Franz Wagner,Franz,1610612753,ORL,Orlando Magic,0022400043,2024-11-29T00:00:00,ORL @ BKN,W,35.166666666666664,12.3,20.5,0.6,3.1,6.1,0.5,2.0,2.0,1.0,1.0,7.2,8.2,8.2,3.1,2.0,1.0,1.0,0.0,1.0,29.7,35.8,57.9,0,0,55.3,1,1,13086,1,3337,1363,2652,5394,6293,10335,3944,10469,12582,1,13064,6069,7948,2705,6222,6019,7320,7720,20257,17298,2197,1312,1480,2246,150,1422,1,35:10
2024-25,1628370,Malik Monk,Malik,1610612758,SAC,Sacramento Kings,0022400049,2024-11-29T00:00:00,SAC @ POR,L,36.11666666666667,10.0,20.9,0.476,8.0,15.0,0.533,1.0,1.0,1.0,0.0,3.0,3.0,9.0,5.0,0.0,2.0,1.0,1.0,1.0,28.9,-3.0,46.9,0,0,52.8,1,13222,1,13222,2598,3256,2381,12010,459,702,3935,13244,14221,1,14058,16775,19771,2048,2359,12854,3510,7957,19723,17409,2454,14566,4333,2246,150,1846,1,36:07
2024-25,1627749,Dejounte Murray,Dejounte,1610612740,NOP,New Orleans Pelicans,0022400042,2024-11-29T00:00:00,NOP @ MEM,L,33.25,6.5,18.4,0.353,3.2,6.5,0.5,6.5,6.5,1.0,1.1,5.4,6.5,6.5,7.6,1.1,0.0,2.2,3.2,3.2,22.7,-15.2,35.9,0,0,41.1,1,13222,1,13222,4943,10197,4286,17268,5815,9554,3944,2406,3887,1,12609,9750,11185,4719,685,11163,8263,2725,9653,8406,5667,19960,10399,2246,150,6110,1,33:15
2024-25,1629659,Talen Horton-Tucker,Talen,1610612741,CHI,Chicago Bulls,0022400047,2024-11-29T00:00:00,CHI vs. BOS,L,13.616666666666667,15.9,18.5,0.857,10.6,10.6,1.0,0.0,0.0,0.0,0.0,0.0,0.0,0.0,2.6,0.0,0.0,0.0,2.6,0.0,42.3,0.0,39.7,0,0,52.9,1,13222,1,13222,20410,370,4208,1412,181,2902,1,13505,14344,13505,14058,22137,23286,19908,7721,12854,8263,8846,12264,17725,345,12240,7988,2246,150,1830,1,13:37
2024-25,1641732,Colby Jones,Colby,1610612758,SAC,Sacramento Kings,0022400049,2024-11-29T00:00:00,SAC @ POR,L,3.0833333333333335,11.7,11.7,1.0,0.0,0.0,0.0,0.0,0.0,0.0,11.7,11.7,23.4,0.0,11.7,11.7,0.0,0.0,11.7,0.0,23.4,-58.4,74.7,0,0,70.1,1,13222,1,13222,24947,1733,14159,1,15070,20945,15070,13505,14344,13505,263,1531,253,19908,218,77,8263,8846,449,17725,5237,25640,298,2246,150,320,1,3:05
2024-25,1626156,D'Angelo Russell,D'Angelo,1610612747,LAL,Los Angeles Lakers,0022400048,2024-11-29T00:00:00,LAL vs. OKC,L,25.506666666666668,8.5,15.5,0.545,5.6,12.7,0.444,1.4,1.4,1.0,0.0,12.7,12.7,4.2,5.6,2.8,0.0,0.0,5.6,1.4,24.0,5.6,48.4,0,0,52.2,1,13222,1,13222,11586,5677,7790,7695,1616,1426,7211,11995,13582,1,14058,1101,2998,9295,1682,3630,8263,8846,3474,15400,4808,9779,3844,2246,150,1992,1,25:30
2024-25,1630175,Cole Anthony,Cole,1610612753,ORL,Orlando Magic,0022400043,2024-11-29T00:00:00,ORL @ BKN,W,3.283333333333333,11.0,11.0,1.0,11.0,11.0,1.0,0.0,0.0,0.0,0.0,0.0,0.0,11.0,0.0,11.0,0.0,0.0,0.0,0.0,32.9,21.9,82.2,0,0,76.8,1,1,13086,1,24848,2284,15414,1,160,2521,1,13505,14344,13505,14058,22137,23286,1008,16469,98,8263,8846,20257,17725,1346,3469,165,2246,150,204,1,3:17
2024-25,1628369,Jayson Tatum,Jayson,1610612738,BOS,Boston Celtics,0022400047,2024-11-29T00:00:00,BOS @ CHI,W,35.71666666666667,12.1,18.1,0.667,4.0,8.1,0.5,7.1,10.1,0.7,1.0,13.1,14.1,5.0,3.0,1.0,1.0,0.0,0.0,5.0,35.3,13.1,62.8,1,0,62.5,1,1,13086,1,2887,1465,4521,3281,3936,6346,3944,1973,1332,9366,13196,977,2184,7383,6377,11881,7432,8846,20257,4040,926,6350,893,1,150,616,1,35:43
2024-25,1631105,Jalen Duren,Jalen,1610612765,DET,Detroit Pistons,0022400045,2024-11-29T00:00:00,DET @ IND,W,26.2,6.9,11.0,0.625,0.0,0.0,0.0,5.5,9.6,0.571,2.7,13.7,16.5,2.7,1.4,0.0,5.5,1.4,2.7,5.5,19.2,28.9,58.3,1,0,49.5,1,1,13086,1,11004,9247,15363,4899,15070,20945,15070,3414,1541,10536,5979,815,1271,13753,13433,12854,396,5284,11846,3343,8611,2127,1441,1,150,2676,1,26:12
2024-25,1631101,Shaedon Sharpe,Shaedon,1610612757,POR,Portland Trail Blazers,0022400049,2024-11-29T00:00:00,POR vs. SAC,W,37.483333333333334,5.8,14.4,0.4,0.0,5.8,0.0,1.9,2.9,0.667,0.0,3.8,3.8,4.8,1.0,0.0,0.0,1.9,1.0,3.8,13.4,1.9,24.3,0,0,22.1,1,1,13086,1,1690,12228,9512,14933,15070,11292,15070,10886,10282,9425,14058,14204,17726,7916,16085,12854,8263,3476,19906,6740,14573,11668,18748,2246,150,19624,1,37:29
2024-25,1630540,Miles McBride,Miles,1610612752,NYK,New York Knicks,0022400040,2024-11-29T00:00:00,NYK @ CHA,W,26.591666666666665,6.8,12.2,0.556,2.7,6.8,0.4,2.7,2.7,1.0,2.7,4.1,6.8,1.4,0.0,0.0,0.0,0.0,0.0,2.7,19.0,5.4,29.1,0,0,29.8,1,1,13086,1,10650,9504,13286,7248,7514,8965,7874,8565,10731,1,6084,13541,10601,18488,16469,12854,8263,8846,20257,10301,8903,9878,15414,2246,150,14113,1,26:36
2024-25,1627747,Caris LeVert,Caris,1610612739,CLE,Cleveland Cavaliers,0022400041,2024-11-29T00:00:00,CLE @ ATL,L,20.266666666666666,3.6,8.9,0.4,3.6,5.3,0.667,3.6,3.6,1.0,0.0,1.8,1.8,3.6,1.8,0.0,0.0,0.0,3.6,1.8,14.2,-17.8,19.9,0,0,23.1,1,13222,1,13222,15810,18194,18896,14933,5020,12392,1957,6598,8783,1,14058,20306,22196,11241,11644,12854,8263,8846,8592,14018,13710,20856,21214,2246,150,18948,1,20:16
2024-25,1642377,Jaylen Wells,Jaylen,1610612763,MEM,Memphis Grizzlies,0022400042,2024-11-29T00:00:00,MEM vs. NOP,W,21.866666666666667,8.2,14.8,0.556,3.3,6.6,0.5,1.6,1.6,1.0,3.3,6.6,9.9,4.9,3.3,0.0,0.0,0.0,1.6,3.3,21.4,11.5,37.4,0,0,39.5,1,1,13086,1,14601,6137,8870,7248,5690,9348,3944,11513,13346,1,4760,7130,5565,7599,5527,12854,8263,8846,16728,8272,6733,6993,9430,2246,150,7062,1,21:52
2024-25,1642347,Jamal Shead,Jamal,1610612761,TOR,Toronto Raptors,0022400046,2024-11-29T00:00:00,TOR @ MIA,L,7.433333333333334,0.0,0.0,0.0,0.0,0.0,0.0,0.0,0.0,0.0,0.0,0.0,0.0,14.5,0.0,0.0,0.0,0.0,4.8,0.0,0.0,24.2,21.8,0,0,14.5,1,13222,1,13222,23024,22635,24836,22635,15070,20945,15070,13505,14344,13505,14058,22137,23286,333,16469,12854,8263,8846,4966,17725,23200,2979,20267,2246,150,23244,1,7:26
2024-25,1630167,Obi Toppin,Obi,1610612754,IND,Indiana Pacers,0022400045,2024-11-29T00:00:00,IND vs. DET,L,25.283333333333335,1.4,7.1,0.2,0.0,2.8,0.0,4.3,4.3,1.0,0.0,4.3,4.3,2.8,1.4,0.0,0.0,1.4,2.8,4.3,7.1,-11.4,15.1,0,0,14.2,1,13222,1,13222,11759,22266,21420,21401,15070,17966,15070,5213,7266,1,14058,12891,16608,13447,13145,12854,8263,5082,11428,5667,20618,18481,23150,2246,150,23345,1,25:17
2024-25,1629632,Coby White,Coby,1610612741,CHI,Chicago Bulls,0022400047,2024-11-29T00:00:00,CHI vs. BOS,L,32.583333333333336,3.3,12.2,0.273,1.1,7.7,0.143,4.4,5.5,0.8,1.1,5.5,6.6,4.4,2.2,0.0,0.0,0.0,0.0,2.2,12.2,7.7,24.5,0,0,24.3,1,13222,1,13222,5492,18719,13325,20048,13917,6929,14649,4958,5151,7681,12431,9463,10884,8834,9473,12854,8263,8846,20257,12120,15976,8759,18589,2246,150,18130,1,32:35
2024-25,1641824,Matas Buzelis,Matas,1610612741,CHI,Chicago Bulls,0022400047,2024-11-29T00:00:00,CHI vs. BOS,L,4.95,7.3,14.5,0.5,0.0,7.3,0.0,0.0,0.0,0.0,0.0,14.5,14.5,0.0,0.0,0.0,0.0,0.0,0.0,0.0,14.5,-50.9,32.0,0,0,29.1,1,13222,1,13222,24010,8282,9281,8526,15070,7883,15070,13505,14344,13505,14058,651,1980,19908,16469,12854,8263,8846,20257,17725,13356,25430,13324,2246,150,14629,1,4:57
2024-25,204456,T.J. McConnell,T.J.,1610612754,IND,Indiana Pacers,0022400045,2024-11-29T00:00:00,IND vs. DET,L,23.633333333333333,9.1,16.8,0.545,0.0,0.0,0.0,0.0,0.0,0.0,1.5,1.5,3.0,4.6,3.0,1.5,0.0,1.5,3.0,1.5,18.3,-6.1,30.3,0,0,28.9,1,13222,1,13222,13200,4462,6105,7695,15070,20945,15070,13505,14344,13505,10219,20825,19589,8483,6292,8303,8263,4681,10502,14906,9549,16103,14566,2246,150,14750,1,23:38
2024-25,1642349,Ajay Mitchell,Ajay,1610612760,OKC,Oklahoma City Thunder,0022400048,2024-11-29T00:00:00,OKC @ LAL,W,17.95,2.0,6.0,0.333,2.0,6.0,0.333,2.0,4.0,0.5,0.0,0.0,0.0,0.0,0.0,2.0,0.0,0.0,2.0,4.0,8.0,2.0,14.0,0,0,14.0,1,1,13086,1,17593,21400,22578,17395,10134,10648,9209,10627,7820,10625,14058,22137,23286,19908,16469,6228,8263,8846,15113,6279,19904,11620,23492,2246,150,23413,1,17:57
2024-25,1641739,Toumani Camara,Toumani,1610612757,POR,Portland Trail Blazers,0022400049,2024-11-29T00:00:00,POR vs. SAC,W,32.75333333333333,4.4,8.8,0.5,1.1,4.4,0.25,2.2,2.2,1.0,1.1,3.3,4.4,2.2,0.0,0.0,1.1,0.0,4.4,3.3,12.1,-1.1,24.0,0,0,22.0,1,1,13086,1,5362,16070,19034,8526,13947,14688,11902,9954,12099,1,12474,15804,16297,15632,16469,12854,6794,8846,6027,8265,16043,13614,18982,2246,150,19690,1,32:45
2024-25,1641724,Jett Howard,Jett,1610612753,ORL,Orlando Magic,0022400043,2024-11-29T00:00:00,ORL @ BKN,W,16.216666666666665,6.7,13.3,0.5,4.4,8.9,0.5,0.0,0.0,0.0,4.4,0.0,4.4,0.0,0.0,2.2,0.0,0.0,0.0,0.0,17.8,11.1,29.7,0,0,31.1,1,1,13086,1,18779,9803,11267,8526,3171,4990,3944,13505,14344,13505,2998,22137,16197,19908,16469,5315,8263,8846,20257,17725,10071,7192,14976,2246,150,13088,1,16:13
2024-25,1626167,Myles Turner,Myles,1610612754,IND,Indiana Pacers,0022400045,2024-11-29T00:00:00,IND vs. DET,L,27.8,3.9,10.4,0.375,1.3,3.9,0.333,2.6,2.6,1.0,1.3,11.7,12.9,2.6,2.6,0.0,1.3,0.0,3.9,1.3,11.7,-28.5,32.4,0,0,31.1,1,13222,1,13222,9716,17363,16445,16299,12878,15831,9209,8825,10997,1,11218,1542,2833,14241,7916,12854,5669,8846,7493,15929,16514,23512,13032,2246,150,13089,1,27:48
2024-25,1628384,OG Anunoby,OG,1610612752,NYK,New York Knicks,0022400040,2024-11-29T00:00:00,NYK @ CHA,W,39.53333333333333,2.7,10.0,0.273,0.0,3.6,0.0,1.8,1.8,1.0,0.9,2.7,3.6,0.0,3.6,0.0,1.8,1.8,3.6,2.7,7.3,2.7,13.5,0,0,14.6,1,1,13086,1,712,20018,17027,20048,15070,16344,15070,11190,13166,1,13860,17601,18217,19908,4689,12854,4004,3828,8284,10226,20494,11248,23639,2246,150,23230,1,39:32
2024-25,1629312,Haywood Highsmith,Haywood,1610612748,MIA,Miami Heat,0022400046,2024-11-29T00:00:00,MIA vs. TOR,W,26.683333333333334,2.7,8.1,0.333,2.7,8.1,0.333,0.0,0.0,0.0,2.7,2.7,5.4,1.3,1.3,2.7,0.0,0.0,6.7,1.3,8.1,4.0,23.3,0,0,22.9,1,1,13086,1,10574,20094,20097,17395,7545,6294,9209,13505,14344,13505,6108,17706,13822,18507,13573,3913,8263,8846,2180,15683,19834,10620,19347,2246,150,19066,1,26:41
2024-25,1629048,Goga Bitadze,Goga,1610612753,ORL,Orlando Magic,0022400043,2024-11-29T00:00:00,ORL @ BKN,W,26.85,2.7,8.0,0.333,0.0,0.0,0.0,5.4,5.4,1.0,4.0,4.0,8.0,4.0,2.7,1.3,6.7,1.3,6.7,4.0,10.7,37.5,47.9,0,0,38.9,1,1,13086,1,10452,20127,20180,17395,15070,20945,15070,3570,5366,1,3568,13651,8182,9879,7585,9237,225,5444,2217,6243,17448,1157,4016,2246,150,7462,1,26:51
2024-25,1630182,Josh Green,Josh,1610612766,CHA,Charlotte Hornets,0022400040,2024-11-29T00:00:00,CHA vs. NYK,L,29.413333333333334,7.3,14.7,0.5,3.7,8.6,0.429,0.0,0.0,0.0,1.2,0.0,1.2,3.7,0.0,2.4,0.0,0.0,4.9,2.4,18.4,-1.2,32.7,0,0,31.8,1,13222,1,13222,8304,8136,9075,8526,4755,5472,7394,13505,14344,13505,11639,22137,22913,10876,16469,4543,8263,8846,4848,11168,9457,13687,12818,2246,150,12519,1,29:25
2024-25,1631200,Kris Murray,Kris,1610612757,POR,Portland Trail Blazers,0022400049,2024-11-29T00:00:00,POR vs. SAC,W,15.683333333333334,2.3,9.2,0.25,0.0,4.6,0.0,0.0,0.0,0.0,4.6,2.3,6.9,2.3,2.3,0.0,0.0,0.0,9.2,0.0,4.6,-6.9,14.0,0,0,13.8,1,1,13086,1,19141,20861,18438,20233,15070,14215,15070,13505,14344,13505,2813,18775,10349,15250,9094,12854,8263,8846,905,17725,22239,16468,23502,2246,150,23483,1,15:41
2024-25,1630526,Jeremiah Robinson-Earl,Jeremiah,1610612740,NOP,New Orleans Pelicans,0022400042,2024-11-29T00:00:00,NOP @ MEM,L,14.083333333333334,2.6,5.1,0.5,0.0,2.6,0.0,5.1,5.1,1.0,2.6,5.1,7.7,0.0,0.0,0.0,2.6,0.0,0.0,2.6,10.2,0.0,27.1,0,0,23.0,1,13222,1,13222,20151,20355,23378,8526,15070,18525,15070,3866,5733,1,6460,10523,8844,19908,16469,12854,2283,8846,20257,10776,17923,12240,16876,2246,150,19018,1,14:05
2024-25,1641796,Pelle Larsson,Pelle,1610612748,MIA,Miami Heat,0022400046,2024-11-29T00:00:00,MIA vs. TOR,W,17.766666666666666,4.1,8.1,0.5,2.0,4.1,0.5,0.0,0.0,0.0,0.0,2.0,2.0,0.0,0.0,0.0,0.0,0.0,10.1,0.0,10.1,4.1,12.6,0,0,14.2,1,1,13086,1,17729,16963,20077,8526,10031,15472,3944,13505,14344,13505,14058,19570,21750,19908,16469,12854,8263,8846,677,17725,18020,10616,23883,2246,150,23365,1,17:46
2024-25,203992,Bogdan Bogdanović,Bogdan,1610612737,ATL,Atlanta Hawks,0022400041,2024-11-29T00:00:00,ATL vs. CLE,W,24.116666666666667,6.0,16.4,0.364,3.0,11.9,0.25,0.0,0.0,0.0,3.0,6.0,9.0,1.5,1.5,1.5,0.0,0.0,7.5,3.0,14.9,14.9,30.9,0,0,31.3,1,1,13086,1,12787,11604,6524,16861,6572,1811,11902,13505,14344,13505,5380,8406,6814,18010,12781,8443,8263,8846,1668,9314,12990,5657,14128,2246,150,12896,1,24:07
2024-25,1641757,Jordan Miller,Jordan,1610612746,LAC,LA Clippers,0022400044,2024-11-29T00:00:00,LAC @ MIN,L,11.25,3.2,16.0,0.2,0.0,3.2,0.0,3.2,6.4,0.5,0.0,9.6,9.6,3.2,0.0,0.0,0.0,0.0,3.2,3.2,9.6,6.4,25.9,0,0,22.4,1,13222,1,13222,21601,18998,7106,21401,15070,17269,15070,7335,4008,10625,14058,2915,5919,12310,16469,12854,8263,8846,9863,8563,18545,9423,17665,2246,150,19421,1,11:15
2024-25,1642261,Dalton Knecht,Dalton,1610612747,LAL,Los Angeles Lakers,0022400048,2024-11-29T00:00:00,LAL vs. OKC,L,33.14333333333333,7.6,18.5,0.412,6.5,14.1,0.462,0.0,0.0,0.0,1.1,5.4,6.5,4.3,0.0,0.0,0.0,1.1,2.2,0.0,21.7,-10.9,36.1,0,0,39.1,1,13222,1,13222,5040,7513,4243,14791,996,893,7119,13505,14344,13505,12582,9715,11142,9023,16469,12854,8263,7180,14239,17725,6454,18262,10325,2246,150,7320,1,33:09
2024-25,1628978,Donte DiVincenzo,Donte,1610612750,MIN,Minnesota Timberwolves,0022400044,2024-11-29T00:00:00,MIN vs. LAC,W,21.716666666666665,5.0,9.9,0.5,5.0,8.3,0.6,0.0,0.0,0.0,0.0,3.3,3.3,8.3,3.3,0.0,0.0,1.7,1.7,0.0,14.9,6.6,28.0,0,0,31.5,1,1,13086,1,14741,14473,17155,8526,2317,5933,2992,13505,14344,13505,14058,15744,18954,2627,5468,12854,8263,4262,16673,17725,13000,9318,16223,2246,150,12774,1,21:43
2024-25,203935,Marcus Smart,Marcus,1610612763,MEM,Memphis Grizzlies,0022400042,2024-11-29T00:00:00,MEM vs. NOP,W,25.783333333333335,5.6,15.4,0.364,4.2,12.6,0.333,0.0,0.0,0.0,0.0,5.6,5.6,8.4,1.4,2.8,0.0,2.8,1.4,0.0,15.4,7.0,41.6,0,0,39.1,1,1,13086,1,11342,12747,8020,16861,3586,1497,9209,13505,14344,13505,14058,9333,13321,2535,13302,3705,8263,1607,17633,17725,12560,9147,6825,2246,150,7323,1,25:47
2024-25,203944,Julius Randle,Julius,1610612750,MIN,Minnesota Timberwolves,0022400044,2024-11-29T00:00:00,MIN vs. LAC,W,30.266666666666666,4.8,10.7,0.444,1.2,5.9,0.2,2.4,2.4,1.0,0.0,11.9,11.9,4.8,3.6,0.0,0.0,0.0,2.4,1.2,13.1,-5.9,30.9,1,0,30.9,1,1,13086,1,7529,15088,15874,13045,13426,10818,13429,9389,11545,1,14058,1418,3589,8023,4850,12854,8263,8846,13309,16450,15004,16034,14108,1,150,13230,1,30:16
2024-25,1629026,Kenrich Williams,Kenrich,1610612760,OKC,Oklahoma City Thunder,0022400048,2024-11-29T00:00:00,OKC @ LAL,W,12.0,6.0,15.0,0.4,3.0,9.0,0.333,0.0,0.0,0.0,3.0,12.0,15.0,0.0,0.0,3.0,0.0,0.0,3.0,3.0,15.0,24.0,42.0,0,0,39.0,1,1,13086,1,21228,11500,8606,14933,6500,4827,9209,13505,14344,13505,5329,1347,1766,19908,16469,3139,8263,8846,10710,9236,12895,3019,6614,2246,150,7377,1,12:00
2024-25,201587,Nicolas Batum,Nicolas,1610612746,LAC,LA Clippers,0022400044,2024-11-29T00:00:00,LAC @ MIN,L,24.033333333333335,6.0,10.5,0.571,6.0,10.5,0.571,0.0,0.0,0.0,0.0,3.0,3.0,1.5,0.0,1.5,0.0,0.0,0.0,0.0,18.0,9.0,28.3,0,0,31.5,1,13222,1,13222,12869,11546,16252,6538,1309,2993,3506,13505,14344,13505,14058,16750,19754,17984,16469,8414,8263,8846,20257,17725,9872,8189,15983,2246,150,12807,1,24:02
2024-25,1631108,Max Christie,Max,1610612747,LAL,Los Angeles Lakers,0022400048,2024-11-29T00:00:00,LAL vs. OKC,L,22.916666666666668,3.1,4.7,0.667,0.0,1.6,0.0,6.3,6.3,1.0,0.0,1.6,1.6,0.0,1.6,0.0,0.0,0.0,3.1,3.1,12.6,6.3,12.9,0,0,14.1,1,13222,1,13222,13780,19117,23667,3281,15070,20205,15070,2610,4151,1,14058,20734,22480,19908,12457,12854,8263,8846,10133,8754,15526,9477,23798,2246,150,23380,1,22:55
2024-25,1631207,Dalen Terry,Dalen,1610612741,CHI,Chicago Bulls,0022400047,2024-11-29T00:00:00,CHI vs. BOS,L,7.983333333333333,4.5,4.5,1.0,0.0,0.0,0.0,0.0,0.0,0.0,4.5,0.0,4.5,0.0,0.0,0.0,0.0,0.0,4.5,0.0,9.0,49.6,14.4,0,0,13.5,1,13222,1,13222,22816,15747,23801,1,15070,20945,15070,13505,14344,13505,2913,22137,16031,19908,16469,12854,8263,8846,5761,17725,19059,565,23355,2246,150,23550,1,7:59
2024-25,203497,Rudy Gobert,Rudy,1610612750,MIN,Minnesota Timberwolves,0022400044,2024-11-29T00:00:00,MIN vs. LAC,W,42.75,2.5,5.9,0.429,0.0,0.0,0.0,1.7,3.4,0.5,3.4,6.7,10.1,2.5,2.5,0.8,0.8,0.8,2.5,4.2,6.7,7.6,25.2,0,0,22.7,1,1,13086,1,175,20411,22713,13735,15070,20945,15070,11446,9164,10625,4602,6819,5321,14451,8127,12804,8203,8782,12685,5812,20897,8844,18152,2246,150,19176,1,42:45
2024-25,203501,Tim Hardaway Jr.,Tim,1610612765,DET,Detroit Pistons,0022400045,2024-11-29T00:00:00,DET @ IND,W,27.105,4.0,10.6,0.375,2.7,8.0,0.333,2.7,2.7,1.0,0.0,5.3,5.3,1.3,2.7,0.0,0.0,0.0,1.3,2.7,13.3,13.3,19.0,0,0,22.6,1,1,13086,1,10267,17131,16008,16299,7667,6504,9209,8673,10846,1,14058,10003,14014,18570,7671,12854,8263,8846,17914,10457,14773,6265,21645,2246,150,19299,1,27:06
2024-25,1642402,Enrique Freeman,Enrique,1610612754,IND,Indiana Pacers,0022400045,2024-11-29T00:00:00,IND vs. DET,L,3.6666666666666665,9.8,9.8,1.0,0.0,0.0,0.0,0.0,0.0,0.0,0.0,0.0,0.0,9.8,0.0,0.0,0.0,0.0,0.0,0.0,19.6,-68.7,34.4,0,0,29.5,1,13222,1,13222,24637,3440,17365,1,15070,20945,15070,13505,14344,13505,14058,22137,23286,1523,16469,12854,8263,8846,20257,17725,8217,25864,11544,2246,150,14360,1,3:40
2024-25,1630175,Cole Anthony,Cole,1610612753,ORL,Orlando Magic,0022400289,2024-11-27T00:00:00,ORL vs. CHI,W,11.083333333333334,9.7,19.5,0.5,3.2,9.7,0.333,6.5,6.5,1.0,0.0,3.2,3.2,3.2,3.2,0.0,0.0,0.0,6.5,3.2,29.2,-22.7,34.8,0,0,39.0,1,1,13086,1,21667,3545,3352,8526,5815,3791,9209,2406,3887,1,14058,15938,19111,12147,5663,12854,8263,8846,2403,8406,2366,22274,11239,2246,150,7392,1,11:05
2024-25,201144,Mike Conley,Mike,1610612750,MIN,Minnesota Timberwolves,0022400294,2024-11-27T00:00:00,MIN vs. SAC,L,31.966666666666665,4.5,12.4,0.364,3.4,9.0,0.375,5.6,5.6,1.0,0.0,1.1,1.1,4.5,3.4,2.3,0.0,0.0,1.1,4.5,18.0,-12.4,29.5,0,0,31.5,1,13222,1,13222,5995,15767,12917,16861,5437,4809,8800,3273,4999,1,14058,21695,23044,8645,5286,5208,8263,8846,18951,5131,9816,18894,15144,2246,150,12747,1,31:58
2024-25,1630322,Lindy Waters III,Lindy,1610612744,GSW,Golden State Warriors,0022400299,2024-11-27T00:00:00,GSW vs. OKC,L,24.34,1.5,10.4,0.143,1.5,10.4,0.143,1.5,3.0,0.5,1.5,5.9,7.4,1.5,0.0,1.5,1.5,0.0,4.4,1.5,5.9,-13.3,25.9,0,0,22.2,1,13222,1,13222,12616,22195,16458,22260,12125,3100,14649,11831,10074,10625,10397,8515,9379,18059,16469,8503,4926,8846,5927,15094,21447,19231,17691,2246,150,19564,1,24:20
2024-25,1628998,Cody Martin,Cody,1610612766,CHA,Charlotte Hornets,0022400286,2024-11-27T00:00:00,CHA vs. MIA,L,22.716666666666665,3.2,15.8,0.2,0.0,4.8,0.0,0.0,3.2,0.0,1.6,7.9,9.5,4.8,0.0,6.3,3.2,0.0,1.6,3.2,6.3,-7.9,53.4,0,0,39.6,1,13222,1,13222,13938,19057,7350,21401,15070,13821,15070,13505,9569,13505,9980,4818,6051,8036,16469,406,1509,8846,16915,8666,21158,16943,2355,2246,150,7000,1,22:43
2024-25,201569,Eric Gordon,Eric,1610612755,PHI,Philadelphia 76ers,0022400290,2024-11-27T00:00:00,PHI vs. HOU,L,7.266666666666667,5.0,14.9,0.333,0.0,0.0,0.0,0.0,0.0,0.0,5.0,0.0,5.0,0.0,0.0,0.0,0.0,5.0,5.0,0.0,9.9,-49.5,15.9,0,0,14.9,1,13222,1,13222,23070,14524,8801,17395,15070,20945,15070,13505,14344,13505,2418,22137,14918,19908,16469,12854,8263,378,4710,17725,18250,25382,22909,2246,150,23104,1,7:16
2024-25,203991,Clint Capela,Clint,1610612737,ATL,Atlanta Hawks,0022400287,2024-11-27T00:00:00,ATL @ CLE,W,18.533333333333335,1.9,13.6,0.143,0.0,0.0,0.0,0.0,0.0,0.0,11.7,5.8,17.5,5.8,1.9,1.9,0.0,3.9,3.9,0.0,3.9,5.8,37.5,0,0,31.1,1,1,13086,1,17163,21508,10838,22260,15070,20945,15070,13505,14344,13505,266,8727,1019,5801,10837,6550,8263,689,7493,17725,22606,9690,9349,2246,150,13089,1,18:32
2024-25,1641709,Ausar Thompson,Ausar,1610612765,DET,Detroit Pistons,0022400293,2024-11-27T00:00:00,DET @ MEM,L,20.366666666666667,1.8,8.8,0.2,0.0,1.8,0.0,1.8,7.1,0.25,3.5,3.5,7.1,7.1,1.8,1.8,0.0,1.8,7.1,7.1,5.3,-10.6,27.9,0,0,23.0,1,13222,1,13222,15741,21803,18962,21401,15070,19963,15070,11299,3300,13358,4315,15125,10010,3927,11674,7378,8263,3985,1927,1603,21849,18148,16278,2246,150,19033,1,20:22
2024-25,1641763,Julian Phillips,Julian,1610612741,CHI,Chicago Bulls,0022400289,2024-11-27T00:00:00,CHI @ ORL,L,17.338333333333335,2.1,8.3,0.25,0.0,4.2,0.0,4.2,4.2,1.0,4.2,2.1,6.2,0.0,0.0,2.1,2.1,0.0,2.1,2.1,8.3,24.9,28.2,0,0,22.8,1,13222,1,13222,18046,21277,19793,20233,15070,15227,15070,5437,7521,1,3366,19436,11757,19908,16469,5890,3268,8846,14720,12733,19654,2839,16049,2246,150,19113,1,17:20
2024-25,1629599,Amir Coffey,Amir,1610612746,LAC,LA Clippers,0022400291,2024-11-27T00:00:00,LAC @ WAS,W,20.616666666666667,3.5,14.0,0.25,0.0,5.2,0.0,3.5,3.5,1.0,1.7,0.0,1.7,3.5,0.0,3.5,0.0,0.0,0.0,3.5,10.5,40.2,28.3,0,0,22.7,1,1,13086,1,15553,18343,10214,20233,15070,12620,15070,6719,8900,1,9426,22137,22235,11404,16469,2247,8263,8846,20257,7683,17681,970,16002,2246,150,19216,1,20:37
2024-25,1630604,E.J. Liddell,E.J.,1610612741,CHI,Chicago Bulls,0022400289,2024-11-27T00:00:00,CHI @ ORL,L,17.195,4.2,6.3,0.667,2.1,4.2,0.5,0.0,0.0,0.0,2.1,6.3,8.4,4.2,2.1,2.1,0.0,0.0,10.5,0.0,10.5,10.5,31.0,0,0,29.3,1,13222,1,13222,18145,16624,22341,3281,9718,15148,3944,13505,14344,13505,7975,7729,7656,9420,10030,5821,8263,8846,619,17725,17695,7483,14068,2246,150,14470,1,17:12
2024-25,1630559,Austin Reaves,Austin,1610612747,LAL,Los Angeles Lakers,0022400296,2024-11-27T00:00:00,LAL @ SAS,W,31.45,5.7,12.6,0.455,3.4,6.9,0.5,0.0,0.0,0.0,0.0,2.3,2.3,2.3,3.4,0.0,0.0,0.0,1.1,1.1,14.9,9.2,17.6,0,0,22.9,1,1,13086,1,6450,12348,12592,12676,5301,8734,3944,13505,14344,13505,14058,18797,21227,15274,5158,12854,8263,8846,18842,16683,13036,8111,22250,2246,150,19078,1,31:27
2024-25,1642264,Stephon Castle,Stephon,1610612759,SAS,San Antonio Spurs,0022400296,2024-11-27T00:00:00,SAS vs. LAL,L,29.733333333333334,3.6,10.9,0.333,1.2,4.8,0.25,3.6,4.8,0.75,3.6,1.2,4.8,8.5,2.4,1.2,0.0,0.0,3.6,4.8,12.1,-10.9,31.8,0,0,29.1,1,13222,1,13222,8016,18008,15539,17395,13308,13590,11902,6424,6210,8186,4158,21485,15192,2441,8566,10086,8263,8846,8321,4404,16025,18279,13444,2246,150,14657,1,29:44
2024-25,1628384,OG Anunoby,OG,1610612752,NYK,New York Knicks,0022400292,2024-11-27T00:00:00,NYK @ DAL,L,39.833333333333336,2.7,13.6,0.2,0.0,7.2,0.0,1.8,1.8,1.0,2.7,1.8,4.5,1.8,0.9,0.0,0.0,0.9,1.8,2.7,7.2,-13.6,14.5,0,0,13.6,1,13222,1,13222,605,20059,10906,21401,15070,7982,15070,11225,13183,1,6070,20225,15999,17058,16340,12854,8263,8645,16145,10291,20541,19326,23344,2246,150,23543,1,39:50
2024-25,1629312,Haywood Highsmith,Haywood,1610612748,MIA,Miami Heat,0022400286,2024-11-27T00:00:00,MIA @ CHA,W,30.066666666666666,1.2,7.2,0.167,1.2,3.6,0.333,2.4,2.4,1.0,0.0,2.4,2.4,1.2,0.0,1.2,4.8,1.2,2.4,2.4,6.0,-7.2,28.6,0,0,22.7,1,1,13086,1,7724,22498,21336,21938,13383,16459,9209,9351,11501,1,14058,18501,21017,19018,16469,10195,575,6280,13233,11375,21408,16589,15788,2246,150,19169,1,30:04
2024-25,1626179,Terry Rozier,Terry,1610612748,MIA,Miami Heat,0022400286,2024-11-27T00:00:00,MIA @ CHA,W,24.753333333333334,2.9,10.2,0.286,1.5,7.3,0.2,2.9,2.9,1.0,0.0,1.5,1.5,1.5,1.5,0.0,0.0,1.5,1.5,1.5,10.2,-20.4,12.7,0,0,14.5,1,1,13086,1,12222,19640,16769,19630,12235,7893,13429,8067,10212,1,14058,20981,22630,18164,12991,12854,8263,4969,17430,15224,17973,21654,23857,2246,150,23240,1,24:45
2024-25,1630700,Dyson Daniels,Dyson,1610612737,ATL,Atlanta Hawks,0022400287,2024-11-27T00:00:00,ATL @ CLE,W,35.75,4.0,11.1,0.364,2.0,3.0,0.667,2.0,2.0,1.0,3.0,7.0,10.1,1.0,0.0,2.0,1.0,0.0,4.0,3.0,12.1,5.0,34.7,1,0,31.2,1,1,13086,1,2860,17029,15229,16861,10107,17607,1957,10599,12685,1,5290,6280,5350,19660,16469,6191,7446,8846,7072,9162,16059,10089,11253,1,150,12987,1,35:45
2024-25,203944,Julius Randle,Julius,1610612750,MIN,Minnesota Timberwolves,0022400294,2024-11-27T00:00:00,MIN vs. SAC,L,35.5,8.1,14.2,0.571,1.0,5.1,0.2,4.1,4.1,1.0,1.0,8.1,9.1,4.1,4.1,2.0,0.0,0.0,4.1,4.1,21.3,-8.1,40.4,0,0,39.5,1,13222,1,13222,3067,6383,9837,6538,14463,13024,13429,5595,7724,1,13140,4547,6543,9784,3768,6119,8263,8846,6982,6151,6830,17022,7534,2246,150,7037,1,35:30
2024-25,203458,Alex Len,Alex,1610612758,SAC,Sacramento Kings,0022400294,2024-11-27T00:00:00,SAC @ MIN,W,6.333333333333333,0.0,0.0,0.0,0.0,0.0,0.0,0.0,0.0,0.0,0.0,5.7,5.7,5.7,0.0,5.7,0.0,0.0,0.0,0.0,0.0,11.4,32.4,0,0,22.7,1,1,13086,1,23441,22635,24836,22635,15070,20945,15070,13505,14344,13505,14058,9077,13062,6072,16469,575,8263,8846,20257,17725,23200,7067,13011,2246,150,19176,1,6:20
2024-25,1631095,Jabari Smith Jr.,Jabari,1610612745,HOU,Houston Rockets,0022400290,2024-11-27T00:00:00,HOU @ PHI,W,25.185,4.3,5.7,0.75,2.9,2.9,1.0,0.0,0.0,0.0,0.0,4.3,4.3,0.0,1.4,0.0,2.9,0.0,7.1,2.9,11.4,-15.7,23.7,0,0,24.3,1,1,13086,1,11847,16353,22887,2107,7025,17942,1,13505,14344,13505,14058,12841,16561,19908,13113,12854,1870,8846,1861,9731,16744,20166,19146,2246,150,18136,1,25:11
2024-25,201959,Taj Gibson,Taj,1610612766,CHA,Charlotte Hornets,0022400286,2024-11-27T00:00:00,CHA vs. MIA,L,10.216666666666667,3.5,7.0,0.5,0.0,0.0,0.0,0.0,0.0,0.0,7.0,10.6,17.6,0.0,3.5,3.5,0.0,0.0,3.5,0.0,7.0,-59.9,35.2,0,0,31.7,1,13222,1,13222,22023,18266,21506,8526,15070,20945,15070,13505,14344,13505,1125,2176,988,19908,4963,2215,8263,8846,8689,17725,20685,25687,10912,2246,150,12611,1,10:13
2024-25,1630182,Josh Green,Josh,1610612766,CHA,Charlotte Hornets,0022400286,2024-11-27T00:00:00,CHA vs. MIA,L,30.416666666666668,3.6,8.3,0.429,0.0,2.4,0.0,0.0,0.0,0.0,2.4,0.0,2.4,3.6,0.0,0.0,1.2,1.2,0.0,2.4,7.1,-2.4,18.8,0,0,15.4,1,13222,1,13222,7392,18201,19817,13735,15070,18871,15070,13505,14344,13505,7023,22137,21069,11246,16469,12854,6282,6382,20257,11474,20634,14242,21749,2246,150,22922,1,30:25
2024-25,1629652,Luguentz Dort,Luguentz,1610612760,OKC,Oklahoma City Thunder,0022400299,2024-11-27T00:00:00,OKC @ GSW,W,31.866666666666667,1.1,5.6,0.2,0.0,3.4,0.0,0.0,0.0,0.0,2.3,3.4,5.6,2.3,1.1,1.1,1.1,1.1,4.5,1.1,2.3,-1.1,18.1,0,0,14.7,1,1,13086,1,6086,22557,22947,21401,15070,16885,15070,13505,14344,13505,7384,15549,13159,15395,14941,10772,6612,6796,5733,16772,23125,13633,22059,2246,150,23185,1,31:52
2024-25,1631105,Jalen Duren,Jalen,1610612765,DET,Detroit Pistons,0022400293,2024-11-27T00:00:00,DET @ MEM,L,20.716666666666665,3.5,8.7,0.4,0.0,0.0,0.0,3.5,3.5,1.0,1.7,10.4,12.2,5.2,3.5,0.0,1.7,1.7,5.2,7.0,10.4,-29.5,34.6,0,0,31.3,1,13222,1,13222,15477,18378,19212,14933,15070,20945,15070,6744,8933,1,9450,2276,3371,7010,5072,12854,4202,4053,4170,1692,17731,23662,11393,2246,150,12947,1,20:43
2024-25,1629008,Michael Porter Jr.,Michael,1610612743,DEN,Denver Nuggets,0022400298,2024-11-27T00:00:00,DEN @ UTA,W,31.283333333333335,9.2,17.3,0.533,2.3,6.9,0.333,1.2,1.2,1.0,4.6,3.5,8.1,4.6,1.2,1.2,0.0,3.5,2.3,2.3,21.9,19.6,40.7,0,0,39.1,1,1,13086,1,6630,4345,5496,8140,8841,8655,9209,12749,13961,1,2799,15363,8163,8401,14785,10569,8263,952,13636,11731,6313,4086,7315,2246,150,7309,1,31:17
2024-25,1628404,Josh Hart,Josh,1610612752,NYK,New York Knicks,0022400292,2024-11-27T00:00:00,NYK @ DAL,L,41.55,4.3,8.7,0.5,0.9,1.7,0.5,0.9,0.9,1.0,0.9,0.9,1.7,2.6,0.9,3.5,0.0,0.0,2.6,0.9,10.4,-6.9,25.9,0,0,22.5,1,13222,1,13222,295,16242,19248,8526,15016,20007,3944,13477,14334,1,13976,22120,22260,14218,16401,2287,8263,8846,12431,17699,17764,16485,17681,2246,150,19337,1,41:33
2024-25,1641741,Ricky Council IV,Ricky,1610612755,PHI,Philadelphia 76ers,0022400290,2024-11-27T00:00:00,PHI vs. HOU,L,26.68166666666667,6.7,9.4,0.714,2.7,4.0,0.667,0.0,0.0,0.0,1.3,12.1,13.5,1.3,1.3,1.3,1.3,1.3,2.7,4.0,16.2,12.1,41.2,1,0,39.1,1,13222,1,13222,10585,9582,18053,2752,7544,15486,1957,13505,14344,13505,10984,1291,2491,18506,13572,9193,5446,5402,12052,6177,11735,6734,7084,1,150,7308,1,26:41
2024-25,203995,Vasilije Micić,Vasilije,1610612766,CHA,Charlotte Hornets,0022400286,2024-11-27T00:00:00,CHA vs. MIA,L,14.083333333333334,7.7,20.4,0.375,0.0,5.1,0.0,0.0,0.0,0.0,0.0,5.1,5.1,2.6,2.6,0.0,0.0,2.6,2.6,0.0,15.3,-7.7,22.8,0,0,23.0,1,13222,1,13222,20151,7334,2669,16299,15070,12916,15070,13505,14344,13505,14058,10523,14485,14345,8024,12854,8263,1942,12579,17725,12583,16815,19717,2246,150,19018,1,14:05
2024-25,1626166,Cameron Payne,Cameron,1610612752,NYK,New York Knicks,0022400292,2024-11-27T00:00:00,NYK @ DAL,L,19.683333333333334,3.7,5.5,0.667,0.0,1.8,0.0,3.7,3.7,1.0,0.0,1.8,1.8,1.8,1.8,0.0,0.0,0.0,1.8,1.8,11.0,-20.1,14.1,0,0,14.6,1,13222,1,13222,16273,17952,23102,3281,15070,19869,15070,6372,8569,1,14058,20164,22116,16999,11413,12854,8263,8846,16043,13812,17201,21579,23481,2246,150,23203,1,19:41
2024-25,1642274,Yves Missi,Yves,1610612740,NOP,New Orleans Pelicans,0022400295,2024-11-27T00:00:00,NOP vs. TOR,L,28.0,3.9,6.4,0.6,0.0,0.0,0.0,6.4,10.3,0.625,2.6,3.9,6.4,1.3,2.6,1.3,2.6,0.0,0.0,7.7,14.1,-27.0,32.8,0,0,29.6,1,13222,1,13222,9543,17430,22175,5394,15070,20945,15070,2471,1259,10271,6424,14163,11317,18707,7975,9541,2259,8846,20257,1184,13796,23238,12738,2246,150,14274,1,28:00
2024-25,1630533,Ziaire Williams,Ziaire,1610612751,BKN,Brooklyn Nets,0022400297,2024-11-27T00:00:00,BKN @ PHX,W,24.55,5.9,11.7,0.5,0.0,1.5,0.0,2.9,2.9,1.0,0.0,5.9,5.9,2.9,1.5,2.9,0.0,0.0,5.9,7.3,14.7,5.9,33.4,0,0,29.3,1,1,13086,1,12423,11899,14054,8526,15070,20302,15070,8001,10134,1,14058,8630,12605,13152,12919,3315,8263,8846,3125,1429,13230,9676,12233,2246,150,14459,1,24:33
2024-25,1630553,Keon Johnson,Keon,1610612751,BKN,Brooklyn Nets,0022400297,2024-11-27T00:00:00,BKN @ PHX,W,20.333333333333332,3.5,8.9,0.4,0.0,5.3,0.0,0.0,0.0,0.0,1.8,3.5,5.3,1.8,0.0,0.0,0.0,0.0,8.9,0.0,7.1,5.3,16.1,0,0,14.2,1,1,13086,1,15758,18223,18928,14933,15070,12436,15070,13505,14344,13505,9352,15105,14017,17168,16469,12854,8263,8846,1012,17725,20653,9942,22806,2246,150,23368,1,20:20
2024-25,1630166,Deni Avdija,Deni,1610612757,POR,Portland Trail Blazers,0022400288,2024-11-27T00:00:00,POR @ IND,L,41.15,5.2,10.5,0.5,1.7,4.4,0.4,1.7,1.7,1.0,0.9,3.5,4.4,6.1,1.7,1.7,0.0,0.9,2.6,4.4,14.0,-3.5,31.9,0,0,29.7,1,13222,1,13222,348,13665,16219,8526,11255,14751,7874,11329,13249,1,13965,15243,16349,5291,11739,7443,8263,8726,12345,5411,13939,14795,13373,2246,150,14139,1,41:09
2024-25,1641842,Ronald Holland II,Ronald,1610612765,DET,Detroit Pistons,0022400293,2024-11-27T00:00:00,DET @ MEM,L,25.883333333333333,7.0,11.1,0.625,2.8,2.8,1.0,2.8,5.6,0.5,0.0,4.2,4.2,0.0,1.4,0.0,1.4,0.0,2.8,2.8,19.5,-5.6,27.3,0,0,29.2,1,13222,1,13222,11254,9039,15149,4899,7273,18103,1,8384,5097,10625,14058,13192,16875,19908,13332,12854,5266,8846,11719,10031,8404,15863,16773,2246,150,14539,1,25:53
2024-25,1626145,Tyus Jones,Tyus,1610612756,PHX,Phoenix Suns,0022400297,2024-11-27T00:00:00,PHX vs. BKN,L,32.388333333333335,4.4,6.7,0.667,2.2,4.4,0.5,0.0,0.0,0.0,0.0,2.2,2.2,13.3,2.2,0.0,0.0,0.0,1.1,2.2,11.1,-7.8,31.6,1,0,28.9,1,13222,1,13222,5656,15938,21928,3281,9147,14578,3944,13505,14344,13505,14058,19001,21367,472,9416,12854,8263,8846,19041,12066,17068,16873,13632,1,150,14784,1,32:23
2024-25,1626172,Kevon Looney,Kevon,1610612744,GSW,Golden State Warriors,0022400299,2024-11-27T00:00:00,GSW vs. OKC,L,11.866666666666667,3.0,15.2,0.2,0.0,0.0,0.0,3.0,6.1,0.5,15.2,12.1,27.3,3.0,3.0,0.0,0.0,3.0,6.1,3.0,9.1,-3.0,43.4,0,0,39.4,1,13222,1,13222,21351,19352,8309,21401,15070,20945,15070,7705,4382,10625,125,1295,132,12813,6338,12854,8263,1295,2854,9114,18981,14588,5942,2246,150,7109,1,11:52
2024-25,1626156,D'Angelo Russell,D'Angelo,1610612747,LAL,Los Angeles Lakers,0022400296,2024-11-27T00:00:00,LAL @ SAS,W,25.633333333333333,9.8,15.4,0.636,4.2,8.4,0.5,0.0,0.0,0.0,0.0,1.4,1.4,7.0,0.0,1.4,0.0,0.0,2.8,0.0,23.9,26.7,40.3,0,0,39.3,1,1,13086,1,11458,3430,7895,4689,3537,5701,3944,13505,14344,13505,14058,21071,22683,3992,16469,8875,8263,8846,11605,17725,4893,2486,7567,2246,150,7179,1,25:38
2024-25,1631212,Peyton Watson,Peyton,1610612743,DEN,Denver Nuggets,0022400298,2024-11-27T00:00:00,DEN @ UTA,W,28.033333333333335,3.9,7.7,0.5,0.0,3.9,0.0,3.9,5.1,0.75,1.3,2.6,3.9,2.6,0.0,1.3,1.3,0.0,1.3,2.6,11.6,25.7,27.7,0,0,23.1,1,1,13086,1,9519,17443,20647,8526,15070,15894,15070,5974,5697,8186,11270,18012,17701,14310,16469,9547,5717,8846,18100,10734,16611,2674,16403,2246,150,18921,1,28:02
2024-25,1642530,Yuki Kawamura,Yuki,1610612763,MEM,Memphis Grizzlies,0022400293,2024-11-27T00:00:00,MEM vs. DET,W,3.2333333333333334,11.1,11.1,1.0,0.0,0.0,0.0,0.0,0.0,0.0,0.0,0.0,0.0,0.0,11.1,0.0,0.0,0.0,11.1,0.0,22.3,0.0,11.1,0,0,22.3,1,1,13086,1,24875,2153,15133,1,15070,20945,15070,13505,14344,13505,14058,22137,23286,19908,246,12854,8263,8846,521,17725,6027,12240,24219,2246,150,19513,1,3:14
2024-25,203952,Andrew Wiggins,Andrew,1610612744,GSW,Golden State Warriors,0022400299,2024-11-27T00:00:00,GSW vs. OKC,L,35.05,4.1,16.4,0.25,3.1,8.2,0.375,5.1,7.2,0.714,3.1,2.1,5.1,3.1,1.0,1.0,1.0,3.1,1.0,6.2,16.4,-4.1,32.4,0,0,31.8,1,13222,1,13222,3418,16830,6506,20233,6266,6060,8800,3843,3177,9244,5169,19496,14431,12661,15660,11694,7292,1249,19543,2432,11466,15127,13045,2246,150,12504,1,35:03
2024-25,1630217,Desmond Bane,Desmond,1610612763,MEM,Memphis Grizzlies,0022400293,2024-11-27T00:00:00,MEM vs. DET,W,22.366666666666667,1.6,9.7,0.167,0.0,4.8,0.0,0.0,0.0,0.0,1.6,9.7,11.3,11.3,8.0,1.6,0.0,0.0,1.6,0.0,3.2,9.7,30.4,0,0,29.0,1,1,13086,1,14222,22018,17658,21938,15070,13632,15070,13505,14344,13505,9882,2863,4179,910,577,7949,8263,8846,16834,17725,22884,7860,14483,2246,150,14732,1,22:22
2024-25,1630598,Aaron Wiggins,Aaron,1610612760,OKC,Oklahoma City Thunder,0022400299,2024-11-27T00:00:00,OKC @ GSW,W,14.468333333333334,7.5,12.4,0.6,2.5,5.0,0.5,0.0,0.0,0.0,0.0,2.5,2.5,0.0,2.5,0.0,0.0,0.0,0.0,2.5,17.4,14.9,17.9,0,0,22.4,1,1,13086,1,19895,7859,12830,5394,8197,13265,3944,13505,14344,13505,14058,18221,20837,19908,8301,12854,8263,8846,20257,11039,10418,5656,22131,2246,150,19428,1,14:28
2024-25,201599,DeAndre Jordan,DeAndre,1610612743,DEN,Denver Nuggets,0022400298,2024-11-27T00:00:00,DEN @ UTA,W,12.766666666666667,0.0,0.0,0.0,0.0,0.0,0.0,0.0,0.0,0.0,0.0,8.5,8.5,0.0,0.0,0.0,2.8,0.0,2.8,0.0,0.0,-2.8,18.6,0,0,14.1,1,1,13086,1,20855,22635,24836,22635,15070,20945,15070,13505,14344,13505,14058,4100,7532,19908,16469,12854,1921,8846,11549,17725,23200,14468,21839,2246,150,23396,1,12:46
2024-25,1628380,Zach Collins,Zach,1610612759,SAS,San Antonio Spurs,0022400296,2024-11-27T00:00:00,SAS vs. LAL,L,11.05,6.5,6.5,1.0,0.0,0.0,0.0,0.0,0.0,0.0,3.3,3.3,6.5,3.3,0.0,0.0,0.0,0.0,0.0,3.3,13.0,-19.5,25.7,0,0,22.8,1,13222,1,13222,21686,10151,22093,1,15070,20945,15070,13505,14344,13505,4824,15912,11144,12123,16469,12854,8263,8846,20257,8385,15057,21411,17791,2246,150,19138,1,11:03
2024-25,1631131,Oscar Tshiebwe,Oscar,1610612762,UTA,Utah Jazz,0022400298,2024-11-27T00:00:00,UTA vs. DEN,L,15.65,0.0,0.0,0.0,0.0,0.0,0.0,6.9,9.2,0.75,6.9,13.8,20.7,0.0,2.3,4.6,0.0,0.0,6.9,6.9,6.9,-13.8,43.2,0,0,36.8,1,13222,1,13222,19166,22635,24836,22635,15070,20945,15070,2073,1763,8186,1176,802,448,19908,9066,1146,8263,8846,2057,1728,20789,19424,6016,2246,150,8837,1,15:39
2024-25,1641718,Keyonte George,Keyonte,1610612762,UTA,Utah Jazz,0022400298,2024-11-27T00:00:00,UTA vs. DEN,L,34.8,9.3,23.8,0.391,5.2,12.4,0.417,0.0,1.0,0.0,0.0,2.1,2.1,4.1,2.1,1.0,0.0,1.0,0.0,1.0,23.8,-19.7,33.5,0,0,37.2,1,13222,1,13222,3612,4181,1123,15984,2080,1564,7826,13505,14165,13505,14058,19452,21668,9551,10159,11640,8263,7626,20257,17251,4940,21450,12182,2246,150,8546,1,34:48
2024-25,1630695,Micah Potter,Micah,1610612762,UTA,Utah Jazz,0022400298,2024-11-27T00:00:00,UTA vs. DEN,L,31.933333333333334,3.4,7.9,0.429,3.4,6.8,0.5,0.0,0.0,0.0,9.0,9.0,18.0,3.4,3.4,0.0,1.1,1.1,3.4,2.3,10.1,5.6,36.9,0,0,37.2,1,13222,1,13222,6032,18583,20425,13735,5429,8973,3944,13505,14344,13505,551,3498,889,11728,5280,12854,6626,6814,9147,11920,18009,9781,9790,2246,150,8585,1,31:56
2024-25,1627780,Gary Payton II,Gary,1610612744,GSW,Golden State Warriors,0022400299,2024-11-27T00:00:00,GSW vs. OKC,L,7.0633333333333335,5.1,5.1,1.0,0.0,0.0,0.0,0.0,0.0,0.0,0.0,5.1,5.1,0.0,0.0,0.0,5.1,0.0,0.0,0.0,10.2,-40.8,31.6,0,0,25.5,1,13222,1,13222,23143,14106,23391,1,15070,20945,15070,13505,14344,13505,14058,10581,14531,19908,16469,12854,494,8846,20257,17725,17962,24901,13612,2246,150,17297,1,7:04
2024-25,1627832,Fred VanVleet,Fred,1610612745,HOU,Houston Rockets,0022400290,2024-11-27T00:00:00,HOU @ PHI,W,41.61666666666667,3.5,12.1,0.286,2.6,7.8,0.333,1.7,1.7,1.0,0.9,1.7,2.6,4.3,2.6,1.7,1.7,0.9,0.0,1.7,11.2,13.8,28.6,0,0,27.7,1,1,13086,1,288,18405,13396,19630,7847,6826,9209,11363,13271,1,13979,20403,20646,9066,7899,7514,4225,8744,20257,14179,16957,6066,15779,2246,150,15654,1,41:37
2024-25,1641733,Nick Smith Jr.,Nick,1610612766,CHA,Charlotte Hornets,0022400286,2024-11-27T00:00:00,CHA vs. MIA,L,8.85,4.1,8.1,0.5,4.1,8.1,0.5,0.0,0.0,0.0,0.0,4.1,4.1,4.1,0.0,0.0,0.0,0.0,0.0,0.0,12.2,4.1,23.2,0,0,24.4,1,13222,1,13222,22511,16929,20038,8526,3854,6205,3944,13505,14344,13505,14058,13515,17140,9751,16469,12854,8263,8846,20257,17725,15916,10606,19442,2246,150,18070,1,8:51
2024-25,1631106,Tari Eason,Tari,1610612745,HOU,Houston Rockets,0022400290,2024-11-27T00:00:00,HOU @ PHI,W,26.358333333333334,8.2,15.0,0.545,0.0,1.4,0.0,2.7,2.7,1.0,4.1,5.5,9.6,2.7,0.0,0.0,2.7,2.7,1.4,2.7,19.1,12.3,42.9,0,0,36.9,1,1,13086,1,10855,6218,8571,7695,15070,20415,15070,8506,10664,1,3455,9635,5972,13816,16469,12854,2035,1697,17764,10228,8723,6675,6178,2246,150,8802,1,26:22
2024-25,1630579,Jericho Sims,Jericho,1610612752,NYK,New York Knicks,0022400292,2024-11-27T00:00:00,NYK @ DAL,L,13.1,0.0,0.0,0.0,0.0,0.0,0.0,2.7,5.5,0.5,0.0,2.7,2.7,2.7,0.0,5.5,2.7,0.0,8.2,5.5,2.7,-22.0,34.9,0,0,24.7,1,13222,1,13222,20693,22635,24836,22635,15070,20945,15070,8458,5192,10625,14058,17560,20358,13753,16469,635,2019,8846,1248,3343,23011,22067,11129,2246,150,17867,1,13:06
2024-25,1630168,Onyeka Okongwu,Onyeka,1610612737,ATL,Atlanta Hawks,0022400287,2024-11-27T00:00:00,ATL @ CLE,W,29.466666666666665,6.1,8.6,0.714,0.0,0.0,0.0,0.0,0.0,0.0,2.4,3.7,6.1,4.9,2.4,0.0,2.4,0.0,4.9,0.0,12.2,9.8,31.8,0,0,28.1,1,1,13086,1,8251,11202,19421,2752,15070,20945,15070,13505,14344,13505,6795,14739,12035,7711,8473,12854,2475,8846,4864,17725,15906,7804,13497,2246,150,15358,1,29:28
2024-25,203901,Elfrid Payton,Elfrid,1610612740,NOP,New Orleans Pelicans,0022400295,2024-11-27T00:00:00,NOP vs. TOR,L,27.05,6.7,14.6,0.455,0.0,0.0,0.0,0.0,0.0,0.0,2.7,4.0,6.7,5.3,5.3,4.0,0.0,1.3,1.3,0.0,13.3,-4.0,35.9,0,0,33.3,1,13222,1,13222,10296,9816,9147,12676,15070,20945,15070,13505,14344,13505,6203,13746,10836,6775,1985,1644,8263,5500,17904,17725,14744,15058,10407,2246,150,11432,1,27:03
2024-25,1631165,Keon Ellis,Keon,1610612758,SAC,Sacramento Kings,0022400294,2024-11-27T00:00:00,SAC @ MIN,W,21.666666666666668,5.0,11.6,0.429,3.3,8.3,0.4,0.0,0.0,0.0,0.0,3.3,3.3,3.3,1.7,1.7,3.3,0.0,3.3,1.7,13.3,-5.0,35.6,0,0,33.2,1,1,13086,1,14776,14433,14258,13735,5596,5908,7874,13505,14344,13505,14058,15727,18936,11907,12088,7761,1376,8846,9376,14407,14762,15581,10691,2246,150,11472,1,21:40
2024-25,1629048,Goga Bitadze,Goga,1610612753,ORL,Orlando Magic,0022400289,2024-11-27T00:00:00,ORL vs. CHI,W,25.283333333333335,5.7,5.7,1.0,0.0,0.0,0.0,4.3,5.7,0.75,2.8,12.8,15.7,4.3,1.4,2.8,2.8,0.0,1.4,2.8,15.7,29.9,56.5,1,0,47.0,1,1,13086,1,11759,12432,22905,1,15070,20945,15070,5213,4895,8186,5737,1075,1533,9203,13145,3557,1877,8846,17529,9784,12254,1976,1723,1,150,3477,1,25:17
2024-25,1641706,Brandon Miller,Brandon,1610612766,CHA,Charlotte Hornets,0022400286,2024-11-27T00:00:00,CHA vs. MIA,L,37.53333333333333,7.7,18.2,0.421,4.8,12.5,0.385,0.0,1.0,0.0,0.0,1.9,1.9,2.9,1.9,1.0,1.0,0.0,5.8,0.0,20.1,3.8,30.6,0,0,33.6,1,13222,1,13222,1662,7318,4434,14442,2567,1540,8766,13505,14272,13505,14058,19925,21971,13351,10949,12284,7758,8846,3304,17725,7803,10731,14354,2246,150,11185,1,37:32
2024-25,1631111,Wendell Moore Jr.,Wendell,1610612765,DET,Detroit Pistons,0022400293,2024-11-27T00:00:00,DET @ MEM,L,21.833333333333332,1.6,6.6,0.25,0.0,3.3,0.0,3.3,3.3,1.0,0.0,11.5,11.5,3.3,3.3,0.0,1.6,0.0,1.6,1.6,6.6,-14.8,27.0,0,0,24.7,1,13222,1,13222,14630,21968,22019,20233,15070,17076,15070,7114,9315,1,14058,1603,3911,11987,5514,12854,4425,8846,16711,14456,20993,19839,16907,2246,150,17867,1,21:50
2024-25,1641717,Cason Wallace,Cason,1610612760,OKC,Oklahoma City Thunder,0022400299,2024-11-27T00:00:00,OKC @ GSW,W,32.52166666666667,4.4,5.5,0.8,1.1,2.2,0.5,0.0,0.0,0.0,3.3,1.1,4.4,6.6,0.0,2.2,3.3,0.0,1.1,1.1,10.0,-2.2,41.8,0,0,33.2,1,1,13086,1,5537,15990,23062,1688,13908,19142,3944,13505,14344,13505,4713,21738,16223,4516,16469,5346,1380,8846,19061,16880,18193,14154,6706,2246,150,11490,1,32:31
2024-25,1628976,Wendell Carter Jr.,Wendell,1610612753,ORL,Orlando Magic,0022400289,2024-11-27T00:00:00,ORL vs. CHI,W,17.916666666666668,4.0,10.0,0.4,0.0,6.0,0.0,0.0,0.0,0.0,0.0,8.0,8.0,4.0,2.0,2.0,2.0,2.0,0.0,4.0,8.0,20.1,33.8,0,0,28.1,1,1,13086,1,17625,17047,16959,14933,15070,10625,15070,13505,14344,13505,14058,4650,8204,9886,10474,6210,3459,3201,20257,6256,19890,3921,12006,2246,150,15339,1,17:55
2024-25,1630215,Jared Butler,Jared,1610612764,WAS,Washington Wizards,0022400291,2024-11-27T00:00:00,WAS vs. LAC,L,7.583333333333333,9.5,33.2,0.286,0.0,4.7,0.0,9.5,9.5,1.0,0.0,0.0,0.0,0.0,4.7,0.0,0.0,4.7,9.5,4.7,28.5,38.0,23.7,0,0,28.5,1,13222,1,13222,22957,3889,160,19630,15070,13844,15070,839,1598,1,14058,22137,23286,19908,2659,12854,8263,425,811,4617,2599,1118,19138,2246,150,15079,1,7:35
2024-25,1627736,Malik Beasley,Malik,1610612765,DET,Detroit Pistons,0022400293,2024-11-27T00:00:00,DET @ MEM,L,20.466666666666665,7.0,10.6,0.667,3.5,7.0,0.5,0.0,0.0,0.0,0.0,3.5,3.5,5.3,0.0,1.8,0.0,0.0,0.0,0.0,17.6,-12.3,35.0,0,0,33.4,1,13222,1,13222,15662,8846,16127,3281,5111,8382,3944,13505,14344,13505,14058,15182,18510,6875,16469,7407,8263,8846,20257,17725,10235,18862,11051,2246,150,11301,1,20:28
2024-25,1631204,Marcus Sasser,Marcus,1610612765,DET,Detroit Pistons,0022400293,2024-11-27T00:00:00,DET @ MEM,L,27.05,12.0,17.3,0.692,2.7,5.3,0.5,2.7,2.7,1.0,4.0,0.0,4.0,6.7,2.7,2.7,0.0,1.3,2.7,4.0,29.3,-27.9,49.4,0,0,47.9,1,13222,1,13222,10296,1539,5453,3171,7646,12407,3944,8660,10834,1,3601,22137,17337,4500,7649,3994,8263,5500,12197,6329,2354,23421,3471,2246,150,3174,1,27:03
2024-25,1626157,Karl-Anthony Towns,Karl-Anthony,1610612752,NYK,New York Knicks,0022400292,2024-11-27T00:00:00,NYK @ DAL,L,34.9,7.2,16.5,0.438,2.1,4.1,0.5,9.3,10.3,0.9,1.0,13.4,14.4,4.1,1.0,0.0,1.0,3.1,4.1,7.2,25.8,-7.2,51.4,1,0,48.5,1,13222,1,13222,3538,8400,6420,13558,9850,15283,3944,915,1252,6805,13019,897,2027,9587,15623,12854,7264,1235,6749,1497,3779,16597,2877,1,150,2996,1,34:54
2024-25,1642266,Ja'Kobe Walter,Ja'Kobe,1610612761,TOR,Toronto Raptors,0022400295,2024-11-27T00:00:00,TOR @ NOP,W,27.55,7.8,18.3,0.429,2.6,13.1,0.2,0.0,1.3,0.0,2.6,11.8,14.4,6.5,3.9,2.6,0.0,0.0,0.0,2.6,18.3,40.5,49.3,1,0,47.0,1,1,13086,1,9909,6985,4379,13735,7780,1268,13429,13505,13718,13505,6313,1491,2058,4655,4035,4111,8263,8846,20257,10598,9536,952,3518,1,150,3460,1,27:33
2024-25,203084,Harrison Barnes,Harrison,1610612759,SAS,San Antonio Spurs,0022400296,2024-11-27T00:00:00,SAS vs. LAL,L,32.86666666666667,6.6,11.0,0.6,5.5,6.6,0.833,2.2,2.2,1.0,0.0,2.2,2.2,0.0,3.3,0.0,0.0,0.0,2.2,3.3,20.8,-7.7,20.2,0,0,28.5,1,13222,1,13222,5276,10009,15443,5394,1761,9381,1341,9983,12116,1,14058,19096,21430,19908,5540,12854,8263,8846,14134,8291,7226,16814,21081,2246,150,15087,1,32:52
2024-25,1630577,Julian Champagnie,Julian,1610612759,SAS,San Antonio Spurs,0022400296,2024-11-27T00:00:00,SAS vs. LAL,L,30.616666666666667,7.1,14.1,0.5,3.5,8.2,0.429,3.5,3.5,1.0,1.2,4.7,5.9,1.2,1.2,1.2,1.2,1.2,1.2,1.2,21.2,-4.7,35.9,0,0,36.5,1,13222,1,13222,7200,8800,9990,8526,5088,6033,7394,6650,8834,1,11954,11692,12570,19095,14615,10384,6327,6436,18683,16525,6951,15420,10464,2246,150,9075,1,30:37
2024-25,1627783,Pascal Siakam,Pascal,1610612754,IND,Indiana Pacers,0022400288,2024-11-27T00:00:00,IND vs. POR,W,38.20166666666667,11.3,18.8,0.6,1.9,4.7,0.4,2.8,3.8,0.75,1.9,4.7,6.6,3.8,0.9,1.9,1.9,0.9,4.7,3.8,27.3,0.9,51.3,0,0,47.1,1,1,13086,1,1271,2007,3886,5394,10702,13926,7874,8270,8326,8186,8880,11668,10963,10594,16186,6837,3813,8401,5254,6939,3054,12193,2906,2246,150,3431,1,38:12
2024-25,1641810,Antonio Reeves,Antonio,1610612740,NOP,New Orleans Pelicans,0022400295,2024-11-27T00:00:00,NOP vs. TOR,L,6.283333333333333,5.7,5.7,1.0,0.0,0.0,0.0,11.5,11.5,1.0,0.0,5.7,5.7,0.0,0.0,0.0,0.0,0.0,0.0,5.7,22.9,5.7,29.8,0,0,28.6,1,13222,1,13222,23465,12327,22876,1,15070,20945,15070,408,901,1,14058,8969,12937,19908,16469,12854,8263,8846,20257,2999,5541,9735,14948,2246,150,14965,1,6:17
2024-25,1630703,Scoot Henderson,Scoot,1610612757,POR,Portland Trail Blazers,0022400288,2024-11-27T00:00:00,POR @ IND,L,35.416666666666664,6.1,11.2,0.545,3.0,4.1,0.75,2.0,6.1,0.333,1.0,1.0,2.0,9.1,1.0,0.0,1.0,2.0,4.1,7.1,17.3,-10.2,35.5,0,0,33.5,1,13222,1,13222,3137,11228,15055,7695,6350,15442,1542,10520,4354,13132,13125,21943,21740,1899,15735,12854,7377,3120,6949,1569,10543,17957,10751,2246,150,11209,1,35:25
2024-25,1631128,Christian Braun,Christian,1610612743,DEN,Denver Nuggets,0022400298,2024-11-27T00:00:00,DEN @ UTA,W,41.233333333333334,5.2,7.0,0.75,1.7,2.6,0.667,3.5,3.5,1.0,0.0,6.1,6.1,2.6,0.9,0.0,0.9,0.0,0.9,2.6,15.7,15.7,28.7,0,0,27.9,1,1,13086,1,334,13702,21579,2107,11263,18414,1957,6719,8900,1,14058,8077,12026,14158,16392,12854,8156,8846,20192,10584,12204,5348,15698,2246,150,15468,1,41:14
2024-25,1630162,Anthony Edwards,Anthony,1610612750,MIN,Minnesota Timberwolves,0022400294,2024-11-27T00:00:00,MIN vs. SAC,L,37.42166666666667,8.7,23.1,0.375,3.8,8.7,0.444,6.7,7.7,0.875,1.0,3.8,4.8,4.8,1.0,2.9,0.0,2.9,0.0,4.8,27.9,-4.8,48.6,0,0,47.1,1,13222,1,13222,1727,5330,1360,16299,4321,5329,7211,2212,2747,6931,13559,14187,15273,7902,16077,3449,8263,1489,20257,4485,2829,15476,3780,2246,150,3421,1,37:25
2024-25,1631098,Johnny Davis,Johnny,1610612764,WAS,Washington Wizards,0022400291,2024-11-27T00:00:00,WAS vs. LAC,L,7.583333333333333,4.7,9.5,0.5,4.7,9.5,0.5,4.7,4.7,1.0,0.0,4.7,4.7,4.7,0.0,0.0,0.0,0.0,4.7,0.0,19.0,38.0,31.8,0,0,33.2,1,13222,1,13222,22957,15116,17958,8526,2646,4115,3944,4434,6403,1,14058,11577,15448,8057,16469,12854,8263,8846,5183,17725,8866,1118,13478,2246,150,11458,1,7:35
2024-25,1628975,Jevon Carter,Jevon,1610612741,CHI,Chicago Bulls,0022400289,2024-11-27T00:00:00,CHI @ ORL,L,4.416666666666667,8.2,16.3,0.5,0.0,8.2,0.0,0.0,0.0,0.0,0.0,0.0,0.0,8.2,0.0,0.0,0.0,0.0,0.0,0.0,16.3,65.2,28.5,0,0,24.5,1,13222,1,13222,24278,6299,6680,8526,15070,6169,15070,13505,14344,13505,14058,22137,23286,2738,16469,12854,8263,8846,20257,17725,11602,282,15860,2246,150,18036,1,4:25
2024-25,1631117,Walker Kessler,Walker,1610612762,UTA,Utah Jazz,0022400298,2024-11-27T00:00:00,UTA vs. DEN,L,30.85,9.3,11.7,0.8,0.0,0.0,0.0,0.0,2.3,0.0,7.0,7.0,14.0,5.8,2.3,1.2,3.5,1.2,2.3,2.3,18.7,-10.5,55.9,1,0,47.8,1,13222,1,13222,6992,4150,14183,1688,15070,20945,15070,13505,11684,13505,1150,6357,2239,5786,8928,10453,1229,6503,13509,11614,9149,18104,1824,1,150,3205,1,30:51
2024-25,203552,Seth Curry,Seth,1610612766,CHA,Charlotte Hornets,0022400286,2024-11-27T00:00:00,CHA vs. MIA,L,8.653333333333334,4.2,8.3,0.5,4.2,8.3,0.5,0.0,0.0,0.0,0.0,0.0,0.0,0.0,0.0,0.0,4.2,0.0,0.0,0.0,12.5,-20.8,25.0,0,0,25.0,1,13222,1,13222,22578,16706,19765,8526,3653,5884,3944,13505,14344,13505,14058,22137,23286,19908,16469,12854,834,8846,20257,17725,15619,21781,18320,2246,150,17719,1,8:39
2024-25,1631124,Julian Strawther,Julian,1610612743,DEN,Denver Nuggets,0022400298,2024-11-27T00:00:00,DEN @ UTA,W,15.1,4.8,9.5,0.5,4.8,9.5,0.5,7.2,9.5,0.75,0.0,0.0,0.0,2.4,2.4,0.0,2.4,0.0,9.5,4.8,21.5,4.8,29.8,0,0,33.4,1,1,13086,1,19500,15061,17876,8526,2607,4055,3944,1904,1577,8186,14058,22137,23286,14929,8726,12854,2585,8846,801,4573,6680,10242,14942,2246,150,11340,1,15:06
2024-25,203078,Bradley Beal,Bradley,1610612756,PHX,Phoenix Suns,0022400297,2024-11-27T00:00:00,PHX vs. BKN,L,27.133333333333333,10.6,18.6,0.571,1.3,2.7,0.5,0.0,0.0,0.0,0.0,4.0,4.0,0.0,2.7,0.0,0.0,0.0,2.7,0.0,22.6,-30.5,24.7,0,0,27.9,1,13222,1,13222,10243,2600,4148,6538,12742,18343,3944,13505,14344,13505,14058,13784,17358,19908,7678,12854,8263,8846,12228,17725,5820,23819,18504,2246,150,15533,1,27:08
2024-25,1628988,Aaron Holiday,Aaron,1610612745,HOU,Houston Rockets,0022400290,2024-11-27T00:00:00,HOU @ PHI,W,5.85,6.2,12.3,0.5,6.2,12.3,0.5,0.0,0.0,0.0,0.0,0.0,0.0,0.0,0.0,0.0,0.0,0.0,0.0,0.0,18.5,43.1,18.5,0,0,24.6,1,1,13086,1,23647,11086,13058,8526,1193,1619,3944,13505,14344,13505,14058,22137,23286,19908,16469,12854,8263,8846,20257,17725,9350,775,21907,2246,150,17939,1,5:51
2024-25,203937,Kyle Anderson,Kyle,1610612744,GSW,Golden State Warriors,0022400299,2024-11-27T00:00:00,GSW vs. OKC,L,17.361666666666668,8.3,16.6,0.5,2.1,4.1,0.5,2.1,4.1,0.5,0.0,4.1,4.1,6.2,0.0,2.1,0.0,0.0,4.1,4.1,20.7,-12.4,41.3,0,0,37.3,1,13222,1,13222,18038,5993,6321,8526,9801,15239,3944,10386,7527,10625,14058,13284,16954,5132,16469,5902,8263,8846,6701,5953,7287,18919,7011,2246,150,8488,1,17:22
2024-25,1641705,Victor Wembanyama,Victor,1610612759,SAS,San Antonio Spurs,0022400296,2024-11-27T00:00:00,SAS vs. LAL,L,33.4,9.7,21.6,0.45,2.2,9.7,0.222,0.0,0.0,0.0,3.2,7.5,10.8,2.2,4.3,2.2,3.2,0.0,1.1,2.2,21.6,-14.0,49.6,1,0,47.4,1,13222,1,13222,4812,3601,2005,12982,9416,3847,13288,13505,14344,13505,4877,5415,4622,15792,3293,5561,1441,8846,19230,12365,6590,19508,3386,1,150,3333,1,33:24
2024-25,1630527,Brandon Boston,Brandon,1610612740,NOP,New Orleans Pelicans,0022400295,2024-11-27T00:00:00,NOP vs. TOR,L,20.583333333333332,3.5,7.0,0.5,0.0,1.7,0.0,0.0,0.0,0.0,0.0,5.2,5.2,5.2,1.7,3.5,0.0,0.0,7.0,3.5,7.0,-33.2,29.9,0,0,24.5,1,13222,1,13222,15578,18332,21569,8526,15070,19986,15070,13505,14344,13505,14058,10168,14168,6949,11740,2244,8263,8846,1981,7671,20733,24198,14863,2246,150,18014,1,20:35
2024-25,203501,Tim Hardaway Jr.,Tim,1610612765,DET,Detroit Pistons,0022400293,2024-11-27T00:00:00,DET @ MEM,L,21.566666666666666,6.7,16.7,0.4,0.0,6.7,0.0,3.3,3.3,1.0,0.0,6.7,6.7,5.0,1.7,0.0,0.0,0.0,0.0,1.7,16.7,-25.0,30.5,0,0,28.4,1,13222,1,13222,14874,9742,6181,14933,15070,9148,15070,7027,9213,1,14058,6941,10777,7457,12049,12854,8263,8846,20257,14367,11178,22812,14394,2246,150,15162,1,21:34
2024-25,1629027,Trae Young,Trae,1610612737,ATL,Atlanta Hawks,0022400287,2024-11-27T00:00:00,ATL @ CLE,W,36.95,5.8,17.5,0.333,2.9,12.7,0.231,4.9,4.9,1.0,0.0,3.9,3.9,21.4,4.9,0.0,0.0,0.0,2.9,2.9,19.5,4.9,51.4,1,0,47.7,1,1,13086,1,2019,11972,5220,17395,6787,1443,13279,4236,6166,1,14058,14036,17578,66,2499,12854,8263,8846,11084,9517,8388,10173,2850,1,150,3242,1,36:57
2024-25,1629628,RJ Barrett,RJ,1610612761,TOR,Toronto Raptors,0022400295,2024-11-27T00:00:00,TOR @ NOP,W,32.71666666666667,8.8,16.5,0.533,3.3,7.7,0.429,3.3,7.7,0.429,1.1,7.7,8.8,12.1,4.4,0.0,0.0,1.1,2.2,8.8,24.2,25.3,48.5,1,0,48.4,1,1,13086,1,5388,5072,6418,8140,5656,6997,7394,7104,2741,13040,12464,5162,7019,695,3140,12854,8263,7041,14086,718,4674,2745,3798,1,150,3015,1,32:43
2024-25,1629650,Moses Brown,Moses,1610612754,IND,Indiana Pacers,0022400288,2024-11-27T00:00:00,IND vs. POR,W,3.8,9.5,28.4,0.333,0.0,0.0,0.0,0.0,0.0,0.0,0.0,9.5,9.5,0.0,0.0,0.0,0.0,0.0,0.0,0.0,18.9,-66.3,30.3,0,0,28.4,1,1,13086,1,24574,3912,364,17395,15070,20945,15070,13505,14344,13505,14058,3039,6091,19908,16469,12854,8263,8846,20257,17725,8907,25816,14562,2246,150,15129,1,3:48
2024-25,1630198,Isaiah Joe,Isaiah,1610612760,OKC,Oklahoma City Thunder,0022400299,2024-11-27T00:00:00,OKC @ GSW,W,31.316666666666666,6.9,13.8,0.5,4.6,8.0,0.571,1.1,2.3,0.5,0.0,4.6,4.6,1.1,2.3,2.3,0.0,1.1,3.4,3.4,19.5,5.7,31.4,0,0,34.5,1,1,13086,1,6594,9168,10498,8526,2894,6373,3506,12756,11779,10625,14058,11984,15813,19188,9074,5042,8263,6636,8896,7810,8325,9729,13764,2246,150,10465,1,31:19
2024-25,1630241,Sam Merrill,Sam,1610612739,CLE,Cleveland Cavaliers,0022400287,2024-11-27T00:00:00,CLE vs. ATL,L,16.915,8.5,17.0,0.5,4.3,12.8,0.333,0.0,0.0,0.0,2.1,2.1,4.3,0.0,2.1,0.0,2.1,0.0,4.3,0.0,21.3,-17.0,30.6,0,0,34.1,1,13222,1,13222,18315,5591,5776,8526,3472,1404,9209,13505,14344,13505,7856,19275,16657,19908,9854,12854,3127,8846,6412,17725,6842,20629,14314,2246,150,10807,1,16:55
2024-25,1641722,Jordan Hawkins,Jordan,1610612740,NOP,New Orleans Pelicans,0022400295,2024-11-27T00:00:00,NOP vs. TOR,L,22.011666666666667,3.3,14.7,0.222,3.3,9.8,0.333,0.0,0.0,0.0,0.0,4.9,4.9,1.6,0.0,0.0,0.0,1.6,0.0,1.6,9.8,-19.6,18.2,0,0,19.6,1,13222,1,13222,14500,18827,9018,21205,5754,3713,9209,13505,14344,13505,14058,11141,15044,17549,16469,12854,8263,4346,20257,14501,18343,21442,22027,2246,150,21079,1,22:01
2024-25,1641796,Pelle Larsson,Pelle,1610612748,MIA,Miami Heat,0022400286,2024-11-27T00:00:00,MIA @ CHA,W,14.708333333333334,4.9,7.3,0.667,0.0,2.4,0.0,4.9,9.8,0.5,2.4,2.4,4.9,0.0,4.9,0.0,0.0,0.0,0.0,7.3,14.7,14.7,15.7,0,0,19.6,1,1,13086,1,19769,14685,21153,3281,15070,18716,15070,4200,1459,10625,6783,18337,15077,19908,2474,12854,8263,8846,20257,1424,13207,5748,22967,2246,150,21107,1,14:43
2024-25,1641794,Dillon Jones,Dillon,1610612760,OKC,Oklahoma City Thunder,0022400299,2024-11-27T00:00:00,OKC @ GSW,W,12.816666666666666,2.8,8.4,0.333,0.0,5.6,0.0,0.0,0.0,0.0,0.0,11.2,11.2,2.8,0.0,0.0,0.0,0.0,0.0,5.6,5.6,0.0,23.3,0,0,19.7,1,1,13086,1,20831,19857,19598,17395,15070,11668,15070,13505,14344,13505,14058,1784,4209,13555,16469,12854,8263,8846,20257,3167,21655,12240,19365,2246,150,21057,1,12:49
2024-25,1629130,Duncan Robinson,Duncan,1610612748,MIA,Miami Heat,0022400286,2024-11-27T00:00:00,MIA @ CHA,W,32.891666666666666,7.7,13.1,0.583,6.6,9.9,0.667,2.2,3.3,0.667,0.0,3.3,3.3,1.1,1.1,0.0,0.0,1.1,2.2,1.1,24.1,7.7,28.6,0,0,35.0,1,1,13086,1,5253,7352,11612,6296,964,3662,1957,9988,9348,9425,14058,15840,19028,19363,15171,12854,8263,7093,14144,16935,4748,8792,15823,2246,150,10079,1,32:54
2024-25,1630167,Obi Toppin,Obi,1610612754,IND,Indiana Pacers,0022400288,2024-11-27T00:00:00,IND vs. POR,W,15.65,4.6,6.9,0.667,4.6,4.6,1.0,0.0,0.0,0.0,0.0,11.5,11.5,4.6,0.0,0.0,0.0,0.0,0.0,0.0,13.8,-4.6,34.5,0,0,34.5,1,1,13086,1,19166,15496,21665,3281,2887,14193,1,13505,14344,13505,14058,1627,3944,8408,16469,12854,8263,8846,20257,17725,14152,15367,11447,2246,150,10441,1,15:39
2024-25,1641764,Brandin Podziemski,Brandin,1610612744,GSW,Golden State Warriors,0022400299,2024-11-27T00:00:00,GSW vs. OKC,L,29.605,4.9,12.2,0.4,1.2,4.9,0.25,3.6,3.6,1.0,2.4,7.3,9.7,6.1,2.4,0.0,1.2,0.0,0.0,4.9,14.6,-7.3,36.6,0,0,34.0,1,13222,1,13222,8138,14769,13315,14933,13280,13522,11902,6390,8589,1,6834,5835,5765,5351,8524,12854,6078,8846,20257,4365,13303,16638,9962,2246,150,10813,1,29:36
2024-25,1626167,Myles Turner,Myles,1610612754,IND,Indiana Pacers,0022400288,2024-11-27T00:00:00,IND vs. POR,W,38.125,6.6,16.1,0.412,0.9,6.6,0.143,0.0,0.0,0.0,5.7,1.9,7.6,0.9,2.8,0.9,4.7,0.9,2.8,0.0,14.2,20.8,38.8,0,0,34.9,1,1,13086,1,1313,9900,7047,14791,14817,9295,14649,13505,14344,13505,1833,20007,9061,19810,7105,12410,608,8384,11499,17725,13773,3747,8529,2246,150,10141,1,38:08
2024-25,1628464,Daniel Theis,Daniel,1610612740,NOP,New Orleans Pelicans,0022400295,2024-11-27T00:00:00,NOP vs. TOR,L,13.716666666666667,5.2,13.1,0.4,0.0,2.6,0.0,0.0,0.0,0.0,5.2,10.5,15.7,2.6,0.0,0.0,2.6,0.0,5.2,0.0,10.5,-18.4,41.2,0,0,34.1,1,13222,1,13222,20351,13665,11631,14933,15070,18407,15070,13505,14344,13505,2142,2231,1506,14138,16469,12854,2188,8846,4105,17725,17663,21036,7049,2246,150,10762,1,13:43
2024-25,1629626,Bol Bol,Bol,1610612756,PHX,Phoenix Suns,0022400297,2024-11-27T00:00:00,PHX vs. BKN,L,0.645,0.0,0.0,0.0,0.0,0.0,0.0,0.0,0.0,0.0,0.0,0.0,0.0,0.0,0.0,0.0,0.0,0.0,0.0,0.0,0.0,111.6,0.0,0,0,0.0,1,13222,1,13222,26169,22635,24836,22635,15070,20945,15070,13505,14344,13505,14058,22137,23286,19908,16469,12854,8263,8846,20257,17725,23200,50,25228,2246,150,25259,1,0:39
2024-25,1642268,Isaiah Collier,Isaiah,1610612762,UTA,Utah Jazz,0022400298,2024-11-27T00:00:00,UTA vs. DEN,L,21.716666666666665,3.3,16.6,0.2,3.3,6.6,0.5,0.0,3.3,0.0,0.0,0.0,0.0,6.6,6.6,0.0,0.0,5.0,3.3,1.7,9.9,-9.9,13.3,0,0,19.9,1,13222,1,13222,14741,18714,6331,21401,5612,9254,3944,13505,9269,13505,14058,22137,23286,4530,1063,12854,8263,376,9397,14418,18205,17867,23704,2246,150,20921,1,21:43
2024-25,1630192,Zeke Nnaji,Zeke,1610612743,DEN,Denver Nuggets,0022400298,2024-11-27T00:00:00,DEN @ UTA,W,1.6166666666666667,0.0,0.0,0.0,0.0,0.0,0.0,0.0,0.0,0.0,0.0,0.0,0.0,0.0,0.0,0.0,0.0,0.0,0.0,0.0,0.0,0.0,0.0,0,0,0.0,1,1,13086,1,25706,22635,24836,22635,15070,20945,15070,13505,14344,13505,14058,22137,23286,19908,16469,12854,8263,8846,20257,17725,23200,12240,25228,2246,150,25259,1,1:37
2024-25,1629645,Kevin Porter Jr.,Kevin,1610612746,LAC,LA Clippers,0022400291,2024-11-27T00:00:00,LAC @ WAS,W,24.516666666666666,1.5,13.2,0.111,0.0,2.9,0.0,2.9,2.9,1.0,0.0,7.3,7.3,1.5,2.9,2.9,0.0,1.5,1.5,1.5,5.9,7.3,22.8,0,0,20.6,1,1,13086,1,12460,22209,11457,22520,15070,17790,15070,7992,10127,1,14058,5761,9491,18101,6693,3305,8263,4892,17354,15138,21477,8967,19714,2246,150,20546,1,24:31
2024-25,1631133,Jabari Walker,Jabari,1610612757,POR,Portland Trail Blazers,0022400288,2024-11-27T00:00:00,POR @ IND,L,10.75,3.3,16.7,0.2,0.0,0.0,0.0,0.0,0.0,0.0,3.3,6.7,10.0,3.3,3.3,0.0,0.0,10.0,6.7,0.0,6.7,-10.0,20.4,0,0,20.1,1,13222,1,13222,21825,18641,6115,21401,15070,20945,15070,13505,14344,13505,4640,6894,5374,11813,5358,12854,8263,66,2220,17725,20925,17907,20971,2246,150,20804,1,10:45
2024-25,1641790,PJ Hall,PJ,1610612743,DEN,Denver Nuggets,0022400298,2024-11-27T00:00:00,DEN @ UTA,W,1.6166666666666667,0.0,22.3,0.0,0.0,22.3,0.0,0.0,0.0,0.0,0.0,0.0,0.0,0.0,0.0,0.0,0.0,0.0,0.0,0.0,0.0,0.0,0.0,0,0,0.0,1,1,13086,1,25706,22635,1692,22635,15070,165,15070,13505,14344,13505,14058,22137,23286,19908,16469,12854,8263,8846,20257,17725,23200,12240,25228,2246,150,25259,1,1:37
2024-25,1631108,Max Christie,Max,1610612747,LAL,Los Angeles Lakers,0022400296,2024-11-27T00:00:00,LAL @ SAS,W,21.733333333333334,6.6,9.9,0.667,1.7,5.0,0.333,5.0,5.0,1.0,0.0,6.6,6.6,3.3,1.7,0.0,1.7,0.0,0.0,5.0,19.9,26.5,36.1,0,0,34.8,1,1,13086,1,14727,9868,17175,3281,11518,13276,9209,4089,5992,1,14058,7040,10885,11932,12107,12854,4403,8846,20257,4179,8015,2519,10293,2246,150,10242,1,21:44
2024-25,1628398,Kyle Kuzma,Kyle,1610612764,WAS,Washington Wizards,0022400291,2024-11-27T00:00:00,WAS vs. LAC,L,8.35,0.0,8.6,0.0,0.0,0.0,0.0,0.0,0.0,0.0,0.0,8.6,8.6,4.3,0.0,0.0,0.0,4.3,0.0,0.0,0.0,-56.0,16.8,0,0,12.9,1,13222,1,13222,22685,22635,19320,22635,15070,20945,15070,13505,14344,13505,14058,3909,7268,9092,16469,12854,8263,540,20257,17725,23200,25591,22555,2246,150,23733,1,8:21
2024-25,1631104,Blake Wesley,Blake,1610612759,SAS,San Antonio Spurs,0022400296,2024-11-27T00:00:00,SAS vs. LAL,L,6.483333333333333,0.0,16.7,0.0,0.0,5.6,0.0,0.0,0.0,0.0,0.0,0.0,0.0,0.0,5.6,0.0,0.0,5.6,0.0,0.0,0.0,-11.1,-5.6,0,0,0.0,1,13222,1,13222,23375,22635,6230,22635,15070,11835,15070,13505,14344,13505,14058,22137,23286,19908,1770,12854,8263,273,20257,17725,23200,18365,26180,2246,150,25259,1,6:29
2024-25,1641998,Trey Jemison III,Trey,1610612740,NOP,New Orleans Pelicans,0022400295,2024-11-27T00:00:00,NOP vs. TOR,L,6.283333333333333,11.5,11.5,1.0,0.0,0.0,0.0,0.0,0.0,0.0,0.0,5.7,5.7,5.7,11.5,0.0,0.0,0.0,11.5,0.0,22.9,11.5,26.9,0,0,34.4,1,13222,1,13222,23465,1894,14549,1,15070,20945,15070,13505,14344,13505,14058,8969,12937,5990,231,12854,8263,8846,479,17725,5541,7031,17003,2246,150,10546,1,6:17
2024-25,1629162,Jordan McLaughlin,Jordan,1610612758,SAC,Sacramento Kings,0022400294,2024-11-27T00:00:00,SAC @ MIN,W,2.2666666666666666,0.0,31.8,0.0,0.0,31.8,0.0,0.0,0.0,0.0,0.0,0.0,0.0,0.0,0.0,0.0,0.0,0.0,0.0,0.0,0.0,0.0,0.0,0,0,0.0,1,1,13086,1,25330,22635,208,22635,15070,51,15070,13505,14344,13505,14058,22137,23286,19908,16469,12854,8263,8846,20257,17725,23200,12240,25228,2246,150,25259,1,2:16
2024-25,1627751,Jakob Poeltl,Jakob,1610612761,TOR,Toronto Raptors,0022400295,2024-11-27T00:00:00,TOR @ NOP,W,30.633333333333333,1.2,4.7,0.25,0.0,0.0,0.0,0.0,2.4,0.0,1.2,8.2,9.4,1.2,0.0,2.4,1.2,0.0,4.7,2.4,2.4,30.6,26.0,0,0,20.0,1,1,13086,1,7181,22514,23683,20233,15070,20945,15070,13505,11624,13505,11961,4384,6181,19097,16469,4867,6333,8846,5281,11541,23103,1890,17635,2246,150,20876,1,30:38
2024-25,1627739,Kris Dunn,Kris,1610612746,LAC,LA Clippers,0022400291,2024-11-27T00:00:00,LAC @ WAS,W,19.516666666666666,0.0,3.7,0.0,0.0,1.8,0.0,0.0,0.0,0.0,0.0,3.7,3.7,5.5,0.0,5.5,0.0,0.0,7.4,1.8,0.0,31.4,29.3,0,0,20.3,1,1,13086,1,16401,22635,24233,22635,15070,19841,15070,13505,14344,13505,14058,14666,18095,6367,16469,621,8263,8846,1725,13754,23200,1790,15263,2246,150,20695,1,19:31
2024-25,202709,Cory Joseph,Cory,1610612753,ORL,Orlando Magic,0022400289,2024-11-27T00:00:00,ORL vs. CHI,W,4.416666666666667,0.0,0.0,0.0,0.0,0.0,0.0,0.0,0.0,0.0,0.0,0.0,0.0,0.0,8.2,0.0,0.0,0.0,0.0,0.0,0.0,-65.2,-8.2,0,0,0.0,1,1,13086,1,24278,22635,24836,22635,15070,20945,15070,13505,14344,13505,14058,22137,23286,19908,559,12854,8263,8846,20257,17725,23200,25798,26205,2246,150,25259,1,4:25
2024-25,1641731,Bilal Coulibaly,Bilal,1610612764,WAS,Washington Wizards,0022400291,2024-11-27T00:00:00,WAS vs. LAC,L,30.816666666666666,1.2,7.0,0.167,1.2,4.7,0.25,0.0,0.0,0.0,0.0,4.7,4.7,1.2,2.3,1.2,0.0,1.2,0.0,0.0,3.5,-50.2,12.0,0,0,12.9,1,13222,1,13222,7026,22521,21549,21938,13547,14029,11902,13505,14344,13505,14058,11794,15639,19121,8919,10444,8263,6494,20257,17725,22774,25401,23997,2246,150,23759,1,30:49
2024-25,1641854,Craig Porter Jr.,Craig,1610612739,CLE,Cleveland Cavaliers,0022400287,2024-11-27T00:00:00,CLE vs. ATL,L,7.133333333333334,0.0,5.0,0.0,0.0,5.0,0.0,0.0,0.0,0.0,0.0,0.0,0.0,0.0,0.0,0.0,0.0,0.0,0.0,0.0,0.0,20.2,0.0,0,0,0.0,1,13222,1,13222,23116,22635,23433,22635,15070,13081,15070,13505,14344,13505,14058,22137,23286,19908,16469,12854,8263,8846,20257,17725,23200,3889,25228,2246,150,25259,1,7:08
2024-25,1629006,Josh Okogie,Josh,1610612756,PHX,Phoenix Suns,0022400297,2024-11-27T00:00:00,PHX vs. BKN,L,0.645,0.0,55.8,0.0,0.0,0.0,0.0,0.0,0.0,0.0,0.0,0.0,0.0,0.0,0.0,0.0,0.0,0.0,0.0,0.0,0.0,111.6,0.0,0,0,0.0,1,13222,1,13222,26169,22635,18,22635,15070,20945,15070,13505,14344,13505,14058,22137,23286,19908,16469,12854,8263,8846,20257,17725,23200,50,25228,2246,150,25259,1,0:39
2024-25,1629234,Drew Eubanks,Drew,1610612762,UTA,Utah Jazz,0022400298,2024-11-27T00:00:00,UTA vs. DEN,L,1.5,0.0,0.0,0.0,0.0,0.0,0.0,0.0,0.0,0.0,0.0,0.0,0.0,0.0,0.0,0.0,0.0,0.0,24.0,0.0,0.0,-96.0,0.0,0,0,0.0,1,13222,1,13222,25800,22635,24836,22635,15070,20945,15070,13505,14344,13505,14058,22137,23286,19908,16469,12854,8263,8846,69,17725,23200,26122,25228,2246,150,25259,1,1:30
2024-25,1629028,Deandre Ayton,Deandre,1610612757,POR,Portland Trail Blazers,0022400288,2024-11-27T00:00:00,POR @ IND,L,33.733333333333334,7.5,10.7,0.7,0.0,0.0,0.0,2.1,2.1,1.0,4.3,8.5,12.8,2.1,4.3,1.1,3.2,0.0,1.1,2.1,17.1,-3.2,44.2,1,0,40.6,1,13222,1,13222,4498,7837,15937,3045,15070,20945,15070,10189,12309,1,3214,4003,2934,15873,3385,11321,1475,8846,19298,12465,10778,14672,5583,1,150,6472,1,33:44
2024-25,1631103,Malaki Branham,Malaki,1610612759,SAS,San Antonio Spurs,0022400296,2024-11-27T00:00:00,SAS vs. LAL,L,3.55,0.0,10.1,0.0,0.0,10.1,0.0,0.0,0.0,0.0,10.1,10.1,20.3,0.0,0.0,0.0,0.0,0.0,0.0,0.0,0.0,10.1,24.3,0,0,20.3,1,13222,1,13222,24689,22635,16838,22635,15070,3338,15070,13505,14344,13505,385,2464,491,19908,16469,12854,8263,8846,20257,17725,23200,7624,18725,2246,150,20701,1,3:33
2024-25,1631321,Sidy Cissoko,Sidy,1610612759,SAS,San Antonio Spurs,0022400296,2024-11-27T00:00:00,SAS vs. LAL,L,3.55,0.0,10.1,0.0,0.0,10.1,0.0,0.0,0.0,0.0,0.0,0.0,0.0,10.1,0.0,0.0,0.0,0.0,0.0,0.0,0.0,10.1,15.2,0,0,10.1,1,13222,1,13222,24689,22635,16838,22635,15070,3338,15070,13505,14344,13505,14058,22137,23286,1365,16469,12854,8263,8846,20257,17725,23200,7624,23113,2246,150,24396,1,3:33
2024-25,203992,Bogdan Bogdanović,Bogdan,1610612737,ATL,Atlanta Hawks,0022400287,2024-11-27T00:00:00,ATL @ CLE,W,25.85,5.6,11.1,0.5,4.2,7.0,0.6,8.4,8.4,1.0,0.0,4.2,4.2,0.0,0.0,0.0,1.4,1.4,2.8,4.2,23.7,8.4,32.9,0,0,34.8,1,1,13086,1,11287,12792,15123,8526,3612,8534,2992,1248,2285,1,14058,13169,16857,19908,16469,12854,5257,5204,11703,5883,4999,8456,12680,2246,150,10218,1,25:51
2024-25,1641712,Rayan Rupert,Rayan,1610612757,POR,Portland Trail Blazers,0022400288,2024-11-27T00:00:00,POR @ IND,L,3.4833333333333334,0.0,0.0,0.0,0.0,0.0,0.0,0.0,0.0,0.0,10.3,0.0,10.3,0.0,0.0,0.0,0.0,0.0,0.0,0.0,0.0,41.3,12.4,0,0,10.3,1,13222,1,13222,24719,22635,24836,22635,15070,20945,15070,13505,14344,13505,360,22137,5071,19908,16469,12854,8263,8846,20257,17725,23200,883,23922,2246,150,24367,1,3:29
2024-25,1641721,Maxwell Lewis,Maxwell,1610612747,LAL,Los Angeles Lakers,0022400296,2024-11-27T00:00:00,LAL @ SAS,W,2.816666666666667,0.0,12.8,0.0,0.0,0.0,0.0,0.0,0.0,0.0,12.8,0.0,12.8,0.0,0.0,0.0,0.0,0.0,0.0,0.0,0.0,-12.8,15.3,0,0,12.8,1,1,13086,1,25057,22635,12246,22635,15070,20945,15070,13505,14344,13505,204,22137,2947,19908,16469,12854,8263,8846,20257,17725,23200,19048,23078,2246,150,23783,1,2:49
2024-25,1628386,Jarrett Allen,Jarrett,1610612739,CLE,Cleveland Cavaliers,0022400287,2024-11-27T00:00:00,CLE vs. ATL,L,31.668333333333333,6.8,8.0,0.857,0.0,0.0,0.0,5.7,8.0,0.714,2.3,9.1,11.4,1.1,1.1,1.1,0.0,1.1,2.3,4.5,19.3,-13.6,36.9,1,0,34.1,1,13222,1,13222,6257,9370,20332,1412,15070,20945,15070,3204,2547,9244,7340,3411,4079,19243,14900,10710,8263,6743,13765,5048,8530,19358,9732,1,150,10777,1,31:40
2024-25,1628379,Luke Kennard,Luke,1610612763,MEM,Memphis Grizzlies,0022400293,2024-11-27T00:00:00,MEM vs. DET,W,24.05,3.0,7.5,0.4,0.0,3.0,0.0,0.0,0.0,0.0,0.0,0.0,0.0,1.5,0.0,1.5,0.0,0.0,1.5,0.0,6.0,4.5,12.7,0,0,10.5,1,1,13086,1,12844,19447,20950,14933,15070,17678,15070,13505,14344,13505,14058,22137,23286,17990,16469,8422,8263,8846,17229,17725,21403,10395,23838,2246,150,24338,1,24:03
2024-25,1631207,Dalen Terry,Dalen,1610612741,CHI,Chicago Bulls,0022400289,2024-11-27T00:00:00,CHI @ ORL,L,1.705,0.0,0.0,0.0,0.0,0.0,0.0,0.0,0.0,0.0,0.0,0.0,0.0,0.0,0.0,0.0,0.0,0.0,0.0,0.0,0.0,-63.3,0.0,0,0,0.0,1,13222,1,13222,25662,22635,24836,22635,15070,20945,15070,13505,14344,13505,14058,22137,23286,19908,16469,12854,8263,8846,20257,17725,23200,25754,25228,2246,150,25259,1,1:42
2024-25,1641725,Trey Alexander,Trey,1610612743,DEN,Denver Nuggets,0022400298,2024-11-27T00:00:00,DEN @ UTA,W,1.6166666666666667,0.0,0.0,0.0,0.0,0.0,0.0,0.0,0.0,0.0,0.0,0.0,0.0,0.0,0.0,0.0,0.0,0.0,0.0,0.0,0.0,0.0,0.0,0,0,0.0,1,1,13086,1,25706,22635,24836,22635,15070,20945,15070,13505,14344,13505,14058,22137,23286,19908,16469,12854,8263,8846,20257,17725,23200,12240,25228,2246,150,25259,1,1:37
2024-25,202681,Kyrie Irving,Kyrie,1610612742,DAL,Dallas Mavericks,0022400292,2024-11-27T00:00:00,DAL vs. NYK,W,34.96666666666667,10.3,21.6,0.476,3.1,9.3,0.333,0.0,0.0,0.0,1.0,6.2,7.2,6.2,1.0,0.0,0.0,0.0,4.1,3.1,23.7,5.1,40.6,0,0,40.2,1,1,13086,1,3489,2917,1977,12010,6241,4432,9209,13505,14344,13505,13036,7952,9724,5200,15637,12854,8263,8846,6773,8932,4993,10028,7419,2246,150,6699,1,34:58
2024-25,1641708,Amen Thompson,Amen,1610612745,HOU,Houston Rockets,0022400290,2024-11-27T00:00:00,HOU @ PHI,W,40.365,7.1,8.9,0.8,0.0,0.9,0.0,2.7,3.6,0.75,2.7,8.0,10.7,1.8,2.7,2.7,2.7,0.0,4.5,2.7,16.9,3.6,45.8,1,0,40.1,1,1,13086,1,482,8617,18843,1688,15070,20928,15070,8629,8748,8186,6159,4668,4695,17137,7603,3962,2116,8846,5869,10391,10910,10870,4809,1,150,6707,1,40:22
2024-25,1629646,Charles Bassey,Charles,1610612759,SAS,San Antonio Spurs,0022400296,2024-11-27T00:00:00,SAS vs. LAL,L,3.55,10.1,10.1,1.0,0.0,0.0,0.0,0.0,0.0,0.0,10.1,10.1,20.3,0.0,0.0,0.0,0.0,0.0,0.0,0.0,20.3,10.1,44.6,0,0,40.6,1,13222,1,13222,24689,3065,16838,1,15070,20945,15070,13505,14344,13505,385,2464,491,19908,16469,12854,8263,8846,20257,17725,7672,7624,5360,2246,150,6468,1,3:33
2024-25,1630548,Johnny Juzang,Johnny,1610612762,UTA,Utah Jazz,0022400298,2024-11-27T00:00:00,UTA vs. DEN,L,17.55,0.0,10.3,0.0,0.0,8.2,0.0,0.0,0.0,0.0,4.1,6.2,10.3,6.2,2.1,0.0,2.1,0.0,6.2,0.0,0.0,-32.8,25.6,0,0,20.5,1,13222,1,13222,17887,22635,16641,22635,15070,6073,15070,13505,14344,13505,3444,7996,5171,5243,10252,12854,3344,8846,2765,17725,23200,24143,17852,2246,150,20570,1,17:33
2024-25,1628981,Bruno Fernando,Bruno,1610612761,TOR,Toronto Raptors,0022400295,2024-11-27T00:00:00,TOR @ NOP,W,6.283333333333333,11.5,17.2,0.667,0.0,0.0,0.0,0.0,0.0,0.0,5.7,0.0,5.7,0.0,5.7,5.7,0.0,0.0,11.5,0.0,22.9,-5.7,41.3,0,0,40.1,1,1,13086,1,23465,1894,5586,3281,15070,20945,15070,13505,14344,13505,1794,22137,12937,19908,1620,562,8263,8846,479,17725,5541,15937,7016,2246,150,6724,1,6:17
2024-25,1642349,Ajay Mitchell,Ajay,1610612760,OKC,Oklahoma City Thunder,0022400299,2024-11-27T00:00:00,OKC @ GSW,W,16.458333333333332,2.2,17.5,0.125,0.0,6.6,0.0,0.0,0.0,0.0,2.2,0.0,2.2,0.0,2.2,2.2,0.0,2.2,4.4,2.2,4.4,-8.7,11.4,0,0,10.9,1,1,13086,1,18624,21067,5255,22420,15070,9408,15070,13505,14344,13505,7624,22137,21439,19908,9562,5451,8263,2678,6089,12212,22361,17304,24161,2246,150,24236,1,16:28
2024-25,1642345,Oso Ighodaro,Oso,1610612756,PHX,Phoenix Suns,0022400297,2024-11-27T00:00:00,PHX vs. BKN,L,7.078333333333333,0.0,5.1,0.0,0.0,0.0,0.0,0.0,0.0,0.0,0.0,5.1,5.1,5.1,0.0,5.1,0.0,0.0,5.1,0.0,0.0,10.2,29.0,0,0,20.3,1,13222,1,13222,23139,22635,23400,22635,15070,20945,15070,13505,14344,13505,14058,10619,14559,7276,16469,848,8263,8846,4411,17725,23200,7612,15494,2246,150,20667,1,7:05
2024-25,1641724,Jett Howard,Jett,1610612753,ORL,Orlando Magic,0022400289,2024-11-27T00:00:00,ORL vs. CHI,W,4.416666666666667,0.0,8.2,0.0,0.0,8.2,0.0,0.0,0.0,0.0,0.0,0.0,0.0,0.0,0.0,0.0,0.0,0.0,0.0,0.0,0.0,-65.2,0.0,0,0,0.0,1,1,13086,1,24278,22635,20013,22635,15070,6169,15070,13505,14344,13505,14058,22137,23286,19908,16469,12854,8263,8846,20257,17725,23200,25798,25228,2246,150,25259,1,4:25
2024-25,202066,Garrett Temple,Garrett,1610612761,TOR,Toronto Raptors,0022400295,2024-11-27T00:00:00,TOR @ NOP,W,3.716666666666667,0.0,0.0,0.0,0.0,0.0,0.0,0.0,0.0,0.0,0.0,0.0,0.0,0.0,0.0,9.7,0.0,0.0,0.0,0.0,0.0,-58.1,29.1,0,0,19.4,1,1,13086,1,24612,22635,24836,22635,15070,20945,15070,13505,14344,13505,14058,22137,23286,19908,16469,125,8263,8846,20257,17725,23200,25634,15445,2246,150,21220,1,3:43
2024-25,1641816,Hunter Tyson,Hunter,1610612743,DEN,Denver Nuggets,0022400298,2024-11-27T00:00:00,DEN @ UTA,W,15.633333333333333,2.3,6.9,0.333,2.3,4.6,0.5,4.6,4.6,1.0,0.0,9.2,9.2,0.0,4.6,0.0,4.6,2.3,4.6,2.3,11.5,-11.5,31.8,0,0,32.2,1,1,13086,1,19175,20847,21661,17395,8837,14182,3944,4669,6645,1,14058,3295,6428,19908,2837,12854,645,2423,5524,11728,16657,18539,13490,2246,150,12171,1,15:38
2024-25,1629660,Ty Jerome,Ty,1610612739,CLE,Cleveland Cavaliers,0022400287,2024-11-27T00:00:00,CLE vs. ATL,L,24.065,4.5,12.0,0.375,3.0,7.5,0.4,0.0,0.0,0.0,0.0,0.0,0.0,9.0,4.5,4.5,0.0,0.0,4.5,1.5,12.0,-25.4,34.4,0,0,32.9,1,13222,1,13222,12838,15821,13649,16299,6550,7449,7874,13505,14344,13505,14058,22137,23286,2044,3015,1238,8263,8846,5809,15018,16175,22901,11507,2246,150,11723,1,24:04
2024-25,203083,Andre Drummond,Andre,1610612755,PHI,Philadelphia 76ers,0022400290,2024-11-27T00:00:00,PHI vs. HOU,L,29.128333333333334,2.5,3.7,0.667,0.0,0.0,0.0,2.5,2.5,1.0,3.7,7.4,11.1,2.5,2.5,2.5,0.0,1.2,3.7,2.5,7.4,-8.7,29.4,0,0,26.0,1,13222,1,13222,8568,20509,24225,3281,15070,20945,15070,9132,11282,1,4027,5659,4302,14643,8362,4464,8263,6017,8052,11094,20395,17267,15201,2246,150,16975,1,29:08
2024-25,2544,LeBron James,LeBron,1610612747,LAL,Los Angeles Lakers,0022400296,2024-11-27T00:00:00,LAL @ SAS,W,33.083333333333336,8.7,19.6,0.444,0.0,2.2,0.0,0.0,0.0,0.0,3.3,7.6,10.9,12.0,5.4,1.1,1.1,2.2,0.0,1.1,17.4,4.4,49.5,1,1,44.6,1,1,13086,1,5083,5263,3286,13045,15070,19211,15070,13505,14344,13505,4812,5293,4516,730,1864,11118,6874,2698,20257,16960,10420,10450,3414,1,1,4420,1,33:05
2024-25,1629656,Quentin Grimes,Quentin,1610612742,DAL,Dallas Mavericks,0022400292,2024-11-27T00:00:00,DAL vs. NYK,W,28.683333333333334,8.8,16.3,0.538,5.0,10.0,0.5,3.8,7.5,0.5,3.8,5.0,8.8,2.5,3.8,1.3,0.0,0.0,2.5,6.3,26.4,20.1,40.7,0,0,45.2,1,1,13086,1,8938,5109,6653,7978,2250,3442,3944,6155,2871,10625,3940,10825,7053,14505,4404,9759,8263,8846,12761,2310,3504,3924,7352,2246,150,4165,1,28:41
2024-25,1629023,P.J. Washington,P.J.,1610612742,DAL,Dallas Mavericks,0022400292,2024-11-27T00:00:00,DAL vs. NYK,W,35.65,7.1,12.1,0.583,3.0,3.0,1.0,2.0,3.0,0.667,0.0,10.1,10.1,7.1,4.0,1.0,2.0,1.0,2.0,4.0,19.2,6.1,47.0,1,0,45.4,1,1,13086,1,2946,8763,13382,6296,6403,17587,1,10573,9909,9425,14058,2500,5332,3932,3801,11863,3421,7832,15031,6210,8664,9589,4323,1,150,4045,1,35:39
2024-25,1629003,Shake Milton,Shake,1610612751,BKN,Brooklyn Nets,0022400297,2024-11-27T00:00:00,BKN @ PHX,W,21.216666666666665,1.7,3.4,0.5,0.0,1.7,0.0,0.0,0.0,0.0,0.0,1.7,1.7,8.5,0.0,1.7,0.0,0.0,3.4,0.0,3.4,6.8,23.2,0,0,17.0,1,1,13086,1,15144,21901,24348,8526,15070,20048,15070,13505,14344,13505,14058,20465,22303,2435,16469,7618,8263,8846,9102,17725,22810,9244,19414,2246,150,22322,1,21:13
2024-25,1629026,Kenrich Williams,Kenrich,1610612760,OKC,Oklahoma City Thunder,0022400299,2024-11-27T00:00:00,OKC @ GSW,W,15.061666666666667,4.8,12.0,0.4,0.0,4.8,0.0,0.0,0.0,0.0,0.0,0.0,0.0,2.4,0.0,2.4,0.0,2.4,4.8,0.0,9.6,-9.6,20.3,0,0,16.7,1,1,13086,1,19522,15013,13683,14933,15070,13758,15070,13505,14344,13505,14058,22137,23286,14914,16469,4731,8263,2250,5110,17725,18581,17701,21016,2246,150,22416,1,15:04
2024-25,1631216,Caleb Houstan,Caleb,1610612753,ORL,Orlando Magic,0022400289,2024-11-27T00:00:00,ORL vs. CHI,W,4.416666666666667,0.0,0.0,0.0,0.0,0.0,0.0,16.3,16.3,1.0,0.0,0.0,0.0,0.0,0.0,0.0,0.0,0.0,0.0,8.2,16.3,-65.2,16.3,0,0,16.3,1,1,13086,1,24278,22635,24836,22635,15070,20945,15070,134,255,1,14058,22137,23286,19908,16469,12854,8263,8846,20257,941,11602,25798,22738,2246,150,22587,1,4:25
2024-25,1630311,Pat Spencer,Pat,1610612744,GSW,Golden State Warriors,0022400299,2024-11-27T00:00:00,GSW vs. OKC,L,14.506666666666666,5.0,12.4,0.4,0.0,0.0,0.0,5.0,5.0,1.0,5.0,5.0,9.9,7.4,5.0,0.0,0.0,2.5,2.5,5.0,14.9,22.3,33.0,0,0,32.3,1,13222,1,13222,19875,14501,12881,14933,15070,20945,15070,4099,6006,1,2413,10985,5521,3465,2389,12854,8263,2069,12873,4187,13029,3394,12591,2246,150,12159,1,14:30
2024-25,1642461,Spencer Jones,Spencer,1610612743,DEN,Denver Nuggets,0022400298,2024-11-27T00:00:00,DEN @ UTA,W,1.6166666666666667,0.0,22.3,0.0,0.0,22.3,0.0,0.0,0.0,0.0,0.0,0.0,0.0,0.0,0.0,22.3,0.0,0.0,0.0,0.0,0.0,0.0,66.8,0,0,44.5,1,1,13086,1,25706,22635,1692,22635,15070,165,15070,13505,14344,13505,14058,22137,23286,19908,16469,14,8263,8846,20257,17725,23200,12240,579,2246,150,4447,1,1:37
2024-25,1641824,Matas Buzelis,Matas,1610612741,CHI,Chicago Bulls,0022400289,2024-11-27T00:00:00,CHI @ ORL,L,25.266666666666666,2.8,10.0,0.286,1.4,7.1,0.2,2.8,2.8,1.0,0.0,2.8,2.8,0.0,2.8,0.0,1.4,2.8,8.5,1.4,10.0,-8.5,14.8,0,0,17.1,1,13222,1,13222,11769,19771,17099,19630,12352,8208,13429,8213,10360,1,14058,17239,20115,19908,7028,12854,5136,1532,1116,15346,18183,17205,23232,2246,150,22263,1,25:16
2024-25,1627777,Georges Niang,Georges,1610612739,CLE,Cleveland Cavaliers,0022400287,2024-11-27T00:00:00,CLE vs. ATL,L,21.2,5.1,13.6,0.375,3.4,11.9,0.286,0.0,0.0,0.0,3.4,10.2,13.6,1.7,5.1,0.0,0.0,0.0,5.1,0.0,13.6,-3.4,27.3,0,0,32.3,1,13222,1,13222,15154,14110,10847,16299,5388,1847,11433,13505,14344,13505,4548,2433,2439,17373,2227,12854,8263,8846,4387,17725,14391,14756,16713,2246,150,12157,1,21:12
2024-25,1630702,Jaden Hardy,Jaden,1610612742,DAL,Dallas Mavericks,0022400292,2024-11-27T00:00:00,DAL vs. NYK,W,15.833333333333334,2.3,11.4,0.2,2.3,2.3,1.0,4.5,4.5,1.0,0.0,2.3,2.3,0.0,2.3,0.0,0.0,2.3,0.0,2.3,11.4,31.8,11.8,0,0,15.9,1,1,13086,1,19040,20899,14711,21401,8952,19041,1,4757,6751,1,14058,18843,21258,19908,9191,12854,8263,2491,20257,11848,16824,1755,24056,2246,150,22742,1,15:50
2024-25,1631132,Christian Koloko,Christian,1610612747,LAL,Los Angeles Lakers,0022400296,2024-11-27T00:00:00,LAL @ SAS,W,7.866666666666666,9.2,13.7,0.667,0.0,0.0,0.0,0.0,0.0,0.0,4.6,0.0,4.6,0.0,0.0,4.6,0.0,0.0,9.2,0.0,18.3,18.3,37.5,0,0,32.0,1,1,13086,1,22856,4432,10600,3281,15070,20945,15070,13505,14344,13505,2833,22137,15870,19908,16469,1170,8263,8846,911,17725,9516,4460,9325,2246,150,12365,1,7:52
2024-25,1631116,Patrick Baldwin Jr.,Patrick,1610612764,WAS,Washington Wizards,0022400291,2024-11-27T00:00:00,WAS vs. LAC,L,7.583333333333333,4.7,4.7,1.0,4.7,4.7,1.0,0.0,0.0,0.0,4.7,14.2,19.0,0.0,4.7,0.0,0.0,0.0,0.0,0.0,14.2,38.0,32.3,0,0,38.0,1,13222,1,13222,22957,15116,23641,1,2646,13844,1,13505,14344,13505,2615,707,701,19908,2659,12854,8263,8846,20257,17725,13673,1118,13103,2246,150,8044,1,7:35
2024-25,1642259,Alex Sarr,Alex,1610612764,WAS,Washington Wizards,0022400291,2024-11-27T00:00:00,WAS vs. LAC,L,22.56833333333333,8.0,19.1,0.417,3.2,9.6,0.333,1.6,3.2,0.5,3.2,4.8,8.0,0.0,6.4,1.6,1.6,0.0,4.8,1.6,20.7,-55.8,33.5,0,0,38.3,1,13222,1,13222,14062,6678,3630,14532,5980,4013,9209,11609,9538,10625,4966,11475,8311,19908,1188,8007,4571,8846,5097,14651,7284,25587,12195,2246,150,7837,1,22:34
2024-25,1626164,Devin Booker,Devin,1610612756,PHX,Phoenix Suns,0022400297,2024-11-27T00:00:00,PHX vs. BKN,L,38.721666666666664,7.4,16.7,0.444,2.8,8.4,0.333,11.2,12.1,0.923,0.9,1.9,2.8,3.7,2.8,0.0,0.0,0.9,4.6,7.4,28.8,-8.4,35.0,0,0,38.1,1,13222,1,13222,1001,7915,6143,13045,7251,5801,9209,455,747,6735,13773,20084,20280,10738,7261,12854,8263,8499,5418,1359,2476,17126,11085,2246,150,7946,1,38:43
2024-25,1629014,Anfernee Simons,Anfernee,1610612757,POR,Portland Trail Blazers,0022400288,2024-11-27T00:00:00,POR @ IND,L,37.60166666666667,9.6,20.1,0.476,5.7,11.5,0.5,3.8,5.7,0.667,0.0,3.8,3.8,5.7,0.0,1.0,0.0,1.9,1.9,2.9,28.7,-14.4,44.8,0,0,46.0,1,13222,1,13222,1631,3768,2887,12010,1530,2115,3944,6023,4825,9425,14058,14239,17755,5963,16469,12294,8263,3496,15599,9682,2514,19638,5272,2246,150,3838,1,37:36
2024-25,1626162,Kelly Oubre Jr.,Kelly,1610612755,PHI,Philadelphia 76ers,0022400290,2024-11-27T00:00:00,PHI vs. HOU,L,45.333333333333336,4.0,9.5,0.417,0.0,4.0,0.0,0.8,1.6,0.5,0.8,3.2,4.0,0.8,1.6,0.8,0.8,0.8,4.0,0.8,8.7,-7.9,17.9,0,0,16.7,1,13222,1,13222,48,17165,17890,14532,15070,15647,15070,13500,13406,10625,14043,16169,17390,19904,12390,12840,8247,8829,7223,17720,19316,16949,22157,2246,150,22437,1,45:20
2024-25,1631099,Keegan Murray,Keegan,1610612758,SAC,Sacramento Kings,0022400294,2024-11-27T00:00:00,SAC @ MIN,W,39.3,3.7,10.1,0.364,0.0,3.7,0.0,0.0,0.0,0.0,1.8,1.8,3.7,0.9,0.0,0.9,0.9,0.0,2.7,3.7,7.3,10.1,18.6,0,0,15.6,1,1,13086,1,779,17933,16928,16861,15070,16300,15070,13505,14344,13505,9119,20156,18170,19849,16469,12587,8018,8846,11846,7224,20461,7665,21848,2246,150,22857,1,39:18
2024-25,1641783,Tristan da Silva,Tristan,1610612753,ORL,Orlando Magic,0022400289,2024-11-27T00:00:00,ORL vs. CHI,W,19.483333333333334,5.5,9.2,0.6,3.7,5.5,0.667,0.0,0.0,0.0,0.0,5.5,5.5,1.8,0.0,0.0,0.0,0.0,0.0,1.8,14.8,-1.8,24.2,0,0,25.9,1,1,13086,1,16431,12875,18346,5394,4713,11864,1957,13505,14344,13505,14058,9422,13433,16938,16469,12854,8263,8846,20257,13743,13134,13945,18810,2246,150,17029,1,19:29
2024-25,201587,Nicolas Batum,Nicolas,1610612746,LAC,LA Clippers,0022400291,2024-11-27T00:00:00,LAC @ WAS,W,24.966666666666665,1.4,2.9,0.5,1.4,2.9,0.5,0.0,0.0,0.0,2.9,1.4,4.3,2.9,0.0,1.4,0.0,0.0,2.9,0.0,4.3,26.0,18.2,0,0,15.9,1,1,13086,1,12032,22237,24524,8526,12284,17891,3944,13505,14344,13505,5629,21006,16471,13332,16469,8685,8263,8846,11249,17725,22385,2626,22020,2246,150,22769,1,24:58
2024-25,1629634,Brandon Clarke,Brandon,1610612763,MEM,Memphis Grizzlies,0022400293,2024-11-27T00:00:00,MEM vs. DET,W,19.316666666666666,11.2,13.0,0.857,0.0,0.0,0.0,1.9,3.7,0.5,1.9,7.5,9.3,3.7,0.0,1.9,1.9,0.0,5.6,3.7,24.2,35.4,52.2,0,0,44.7,1,1,13086,1,16563,2119,11784,1412,15070,20945,15070,11075,8424,10625,8975,5575,6295,10718,16469,6957,3891,8846,3565,7064,4661,1350,2669,2246,150,4382,1,19:19
2024-25,1631217,Moussa Diabaté,Moussa,1610612766,CHA,Charlotte Hornets,0022400286,2024-11-27T00:00:00,CHA vs. MIA,L,33.08,0.0,1.1,0.0,0.0,0.0,0.0,0.0,0.0,0.0,6.5,5.4,12.0,2.2,1.1,1.1,0.0,0.0,3.3,0.0,0.0,9.8,19.8,0,0,16.3,1,13222,1,13222,5092,22635,24835,22635,15070,20945,15070,13505,14344,13505,1361,9691,3519,15704,15210,11117,8263,8846,9597,17725,23200,7794,21254,2246,150,22576,1,33:05
2024-25,1642281,Jaylon Tyson,Jaylon,1610612739,CLE,Cleveland Cavaliers,0022400287,2024-11-27T00:00:00,CLE vs. ATL,L,10.733333333333333,3.4,6.7,0.5,0.0,0.0,0.0,0.0,0.0,0.0,0.0,6.7,6.7,3.4,0.0,0.0,0.0,3.4,6.7,0.0,6.7,-10.1,19.8,0,0,16.8,1,13222,1,13222,21833,18632,21882,8526,15070,20945,15070,13505,14344,13505,14058,6874,10711,11805,16469,12854,8263,1023,2207,17725,20914,17912,21265,2246,150,22397,1,10:44
2024-25,1631097,Bennedict Mathurin,Bennedict,1610612754,IND,Indiana Pacers,0022400288,2024-11-27T00:00:00,IND vs. POR,W,39.666666666666664,7.3,14.5,0.5,2.7,4.5,0.6,4.5,5.4,0.833,2.7,6.4,9.1,2.7,0.0,0.0,0.9,1.8,1.8,4.5,21.8,20.0,39.5,1,0,38.1,1,1,13086,1,664,8315,9323,8526,7471,14343,2992,4772,5254,7275,6043,7589,6620,13840,16469,12854,8058,3855,16107,5057,6395,3960,8092,1,150,7947,1,39:40
2024-25,203497,Rudy Gobert,Rudy,1610612750,MIN,Minnesota Timberwolves,0022400294,2024-11-27T00:00:00,MIN vs. SAC,L,36.92666666666667,1.9,1.9,1.0,0.0,0.0,0.0,4.9,5.8,0.833,1.9,4.9,6.8,2.9,0.0,0.0,3.9,0.0,2.9,5.8,8.8,-8.8,33.0,0,0,26.3,1,13222,1,13222,2045,21496,24768,1,15070,20945,15070,4231,4688,7275,8622,11227,10480,13187,16469,12854,969,8846,11066,2821,19290,17317,12556,2246,150,16701,1,36:56
2024-25,1628368,De'Aaron Fox,De'Aaron,1610612758,SAC,Sacramento Kings,0022400294,2024-11-27T00:00:00,SAC @ MIN,W,37.93333333333333,9.5,20.9,0.455,2.8,7.6,0.375,2.8,4.7,0.6,0.0,7.6,7.6,7.6,4.7,1.9,0.0,1.9,0.9,5.7,24.7,5.7,46.1,0,0,46.5,1,1,13086,1,1416,3898,2414,12676,7058,7196,8800,8224,6410,10343,14058,5340,8983,3294,2668,6775,8263,3551,19975,3042,4377,9757,4690,2246,150,3658,1,37:56
2024-25,1630552,Jalen Johnson,Jalen,1610612737,ATL,Atlanta Hawks,0022400287,2024-11-27T00:00:00,ATL @ CLE,W,34.85,9.3,16.5,0.563,2.1,4.1,0.5,2.1,2.1,1.0,2.1,7.2,9.3,7.2,2.1,1.0,1.0,1.0,2.1,1.0,22.7,10.3,48.9,0,0,45.5,1,1,13086,1,3581,4207,6388,7127,9838,15266,3944,10419,12535,1,8096,5943,6318,3716,10179,11651,7249,7636,14778,17260,5684,7548,3675,2246,150,4042,1,34:51
2024-25,1629661,Cameron Johnson,Cameron,1610612751,BKN,Brooklyn Nets,0022400297,2024-11-27T00:00:00,BKN @ PHX,W,30.55,3.5,13.0,0.273,1.2,8.2,0.143,4.7,4.7,1.0,2.4,7.1,9.4,7.1,2.4,2.4,1.2,1.2,1.2,7.1,13.0,8.2,43.1,0,0,37.7,1,1,13086,1,7274,18236,11920,20048,13482,5995,14649,4496,6457,1,7064,6227,6146,3927,8827,4843,6308,6411,18662,1603,15131,8511,6069,2246,150,8217,1,30:33
2024-25,1641729,Brice Sensabaugh,Brice,1610612762,UTA,Utah Jazz,0022400298,2024-11-27T00:00:00,UTA vs. DEN,L,25.15,7.2,17.2,0.417,4.3,8.6,0.5,0.0,0.0,0.0,1.4,1.4,2.9,1.4,1.4,2.9,0.0,0.0,2.9,0.0,18.6,-25.8,31.3,0,0,32.9,1,13222,1,13222,11876,8568,5602,14532,3394,5437,3944,13505,14344,13505,10618,21025,20093,18229,13098,3506,8263,8846,11351,17725,9207,22977,13785,2246,150,11713,1,25:09
2024-25,1631093,Jaden Ivey,Jaden,1610612765,DET,Detroit Pistons,0022400293,2024-11-27T00:00:00,DET @ MEM,L,17.85,12.1,20.2,0.6,6.1,10.1,0.6,4.0,8.1,0.5,0.0,0.0,0.0,2.0,14.1,2.0,0.0,0.0,4.0,4.0,34.3,-6.1,29.2,0,0,46.4,1,13222,1,13222,17663,1460,2862,5394,1267,3399,2992,5639,2472,10625,14058,22137,23286,16313,134,6173,8263,8846,7048,6224,1074,16082,15327,2246,150,3700,1,17:51
2024-25,1628978,Donte DiVincenzo,Donte,1610612750,MIN,Minnesota Timberwolves,0022400294,2024-11-27T00:00:00,MIN vs. SAC,L,25.333333333333332,2.8,9.9,0.286,1.4,8.5,0.167,0.0,0.0,0.0,0.0,4.3,4.3,4.3,2.8,0.0,0.0,0.0,0.0,0.0,7.1,-12.8,15.8,0,0,17.1,1,13222,1,13222,11714,19786,17153,19630,12362,5534,14236,13505,14344,13505,14058,12923,16634,9219,7049,12854,8263,8846,20257,17725,20627,19051,22935,2246,150,22281,1,25:20
2024-25,1630567,Scottie Barnes,Scottie,1610612761,TOR,Toronto Raptors,0022400295,2024-11-27T00:00:00,TOR @ NOP,W,31.65,8.0,26.2,0.304,2.3,13.6,0.167,1.1,2.3,0.5,4.5,9.1,13.6,8.0,5.7,0.0,1.1,1.1,2.3,4.5,19.3,37.5,45.4,1,0,45.5,1,1,13086,1,6279,6712,620,19355,8948,1042,14236,12793,11857,10625,2872,3407,2412,2929,1646,12854,6555,6734,13751,5042,8516,1158,4998,1,150,4016,1,31:39
2024-25,1627824,Guerschon Yabusele,Guerschon,1610612755,PHI,Philadelphia 76ers,0022400290,2024-11-27T00:00:00,PHI vs. HOU,L,43.11666666666667,5.8,10.0,0.583,3.3,5.0,0.667,3.3,6.7,0.5,2.5,3.3,5.8,1.7,1.7,0.8,0.8,0.8,3.3,4.2,18.4,-0.8,31.2,0,0,32.6,1,13222,1,13222,142,11976,17024,6296,5544,13195,1957,7024,3681,10625,6602,15669,12659,17445,12046,12814,8216,8795,9294,5894,9447,13451,13881,2246,150,11963,1,43:07
2024-25,1642377,Jaylen Wells,Jaylen,1610612763,MEM,Memphis Grizzlies,0022400293,2024-11-27T00:00:00,MEM vs. DET,W,23.95,6.0,16.5,0.364,4.5,13.5,0.333,3.0,3.0,1.0,1.5,1.5,3.0,4.5,3.0,3.0,0.0,1.5,1.5,3.0,19.5,3.0,35.9,0,0,37.6,1,1,13086,1,12946,11468,6381,16861,3051,1080,9209,7785,9956,1,10304,20866,19709,8629,6446,3126,8263,4767,17200,9218,8326,11112,10414,2246,150,8305,1,23:57
2024-25,1628960,Grayson Allen,Grayson,1610612756,PHX,Phoenix Suns,0022400297,2024-11-27T00:00:00,PHX vs. BKN,L,30.121666666666666,4.8,9.6,0.5,1.2,4.8,0.25,0.0,1.2,0.0,0.0,6.0,6.0,1.2,1.2,2.4,1.2,0.0,3.6,1.2,10.8,-1.2,29.3,0,0,26.3,1,13222,1,13222,7661,15010,17832,8526,13399,13756,11902,13505,13895,13505,14058,8392,12350,19029,14482,4730,6209,8846,8477,16433,17414,13672,15299,2246,150,16720,1,30:07
2024-25,1642267,Bub Carrington,Bub,1610612764,WAS,Washington Wizards,0022400291,2024-11-27T00:00:00,WAS vs. LAC,L,18.983333333333334,1.9,7.6,0.25,0.0,5.7,0.0,1.9,3.8,0.5,0.0,3.8,3.8,7.6,1.9,0.0,0.0,0.0,7.6,1.9,5.7,-34.1,19.7,0,0,17.1,1,13222,1,13222,16837,21590,20813,20233,15070,11477,15070,10965,8270,10625,14058,14342,17842,3300,11063,12854,8263,8846,1576,13533,21599,24320,21298,2246,150,22274,1,18:59
2024-25,1629750,Javonte Green,Javonte,1610612740,NOP,New Orleans Pelicans,0022400295,2024-11-27T00:00:00,NOP vs. TOR,L,28.055,1.3,6.4,0.2,1.3,5.1,0.25,0.0,0.0,0.0,1.3,6.4,7.7,5.1,0.0,2.6,1.3,0.0,0.0,1.3,3.8,-32.1,32.3,0,0,25.7,1,13222,1,13222,9504,22416,22182,21401,12920,12870,11902,13505,14344,13505,11279,7469,8807,7170,16469,4210,5723,8846,20257,15980,22630,24047,13058,2246,150,17162,1,28:03
2024-25,1629060,Rui Hachimura,Rui,1610612747,LAL,Los Angeles Lakers,0022400296,2024-11-27T00:00:00,LAL @ SAS,W,25.85,7.0,12.5,0.556,2.8,5.6,0.5,5.6,5.6,1.0,2.8,4.2,7.0,2.8,0.0,0.0,1.4,0.0,4.2,2.8,22.3,-1.4,39.0,0,0,37.6,1,1,13086,1,11287,9014,12677,7248,7259,11792,3944,3343,5086,1,5904,13169,10217,13631,16469,12854,5257,8846,6612,10014,6012,13752,8413,2246,150,8289,1,25:51
2024-25,203939,Dwight Powell,Dwight,1610612742,DAL,Dallas Mavericks,0022400292,2024-11-27T00:00:00,DAL vs. NYK,W,6.666666666666667,0.0,0.0,0.0,0.0,0.0,0.0,0.0,0.0,0.0,0.0,10.8,10.8,0.0,0.0,5.4,5.4,0.0,10.8,0.0,0.0,21.6,45.4,0,0,32.4,1,1,13086,1,23297,22635,24836,22635,15070,20945,15070,13505,14344,13505,14058,2018,4594,19908,16469,684,420,8846,559,17725,23200,3553,5006,2246,150,12062,1,6:40
2024-25,1628389,Bam Adebayo,Bam,1610612748,MIA,Miami Heat,0022400286,2024-11-27T00:00:00,MIA @ CHA,W,36.05,3.0,8.0,0.375,0.0,2.0,0.0,2.0,2.0,1.0,1.0,9.0,10.0,10.0,3.0,2.0,0.0,0.0,1.0,5.0,8.0,5.0,37.9,1,0,32.0,1,1,13086,1,2646,19443,20278,16299,15070,19567,15070,10654,12730,1,13263,3533,5445,1447,6509,6262,8263,8846,19712,4129,19930,10116,9051,1,150,12423,1,36:03
2024-25,1629640,Keldon Johnson,Keldon,1610612759,SAS,San Antonio Spurs,0022400296,2024-11-27T00:00:00,SAS vs. LAL,L,22.416666666666668,1.6,8.0,0.2,0.0,1.6,0.0,3.2,3.2,1.0,0.0,6.4,6.4,3.2,1.6,0.0,0.0,0.0,1.6,3.2,6.4,-33.7,17.3,0,0,16.1,1,13222,1,13222,14177,22023,20209,21401,15070,20159,15070,7302,9497,1,14058,7456,11335,12259,12309,12854,8263,8846,16854,8525,21106,24268,22355,2246,150,22682,1,22:25
2024-25,1627749,Dejounte Murray,Dejounte,1610612740,NOP,New Orleans Pelicans,0022400295,2024-11-27T00:00:00,NOP vs. TOR,L,25.033333333333335,7.2,24.4,0.294,2.9,8.6,0.333,2.9,4.3,0.667,0.0,5.8,5.8,2.9,4.3,2.9,0.0,1.4,5.8,2.9,20.1,-36.0,35.7,0,0,37.4,1,13222,1,13222,11975,8478,938,19598,6959,5376,9209,8155,7183,9425,14058,8913,12901,13354,3288,3470,8263,5029,3310,9670,7811,24518,10607,2246,150,8439,1,25:02
2024-25,204456,T.J. McConnell,T.J.,1610612754,IND,Indiana Pacers,0022400288,2024-11-27T00:00:00,IND vs. POR,W,14.883333333333333,7.3,16.9,0.429,0.0,0.0,0.0,0.0,0.0,0.0,4.8,4.8,9.7,7.3,7.3,4.8,2.4,0.0,4.8,0.0,14.5,-19.4,51.5,0,0,46.0,1,1,13086,1,19645,8323,5880,13735,15070,20945,15070,13505,14344,13505,2523,11307,5832,3679,793,996,2520,8846,4974,17725,13396,21359,2834,2246,150,3825,1,14:53
2024-25,1628449,Chris Boucher,Chris,1610612761,TOR,Toronto Raptors,0022400295,2024-11-27T00:00:00,TOR @ NOP,W,11.95,0.0,12.1,0.0,0.0,9.0,0.0,0.0,0.0,0.0,3.0,3.0,6.0,0.0,0.0,0.0,0.0,3.0,0.0,0.0,0.0,-9.0,7.2,0,0,6.0,1,1,13086,1,21308,22635,13510,22635,15070,4759,15070,13505,14344,13505,5303,16669,12216,19908,16469,12854,8263,1317,20257,17725,23200,17444,24796,2246,150,25004,1,11:57
2024-25,1630183,Jaden McDaniels,Jaden,1610612750,MIN,Minnesota Timberwolves,0022400294,2024-11-27T00:00:00,MIN vs. SAC,L,23.97833333333333,0.0,4.5,0.0,0.0,3.0,0.0,0.0,0.0,0.0,0.0,3.0,3.0,3.0,0.0,0.0,0.0,0.0,6.0,0.0,0.0,3.0,8.1,0,0,6.0,1,13222,1,13222,12923,22635,23807,22635,15070,17636,15070,13505,14344,13505,14058,16710,19724,12920,16469,12854,8263,8846,2937,17725,23200,11114,24682,2246,150,25005,1,23:59
2024-25,1630264,Anthony Gill,Anthony,1610612764,WAS,Washington Wizards,0022400291,2024-11-27T00:00:00,WAS vs. LAC,L,15.483333333333333,0.0,4.7,0.0,0.0,2.3,0.0,9.3,9.3,1.0,2.3,2.3,4.7,4.7,0.0,0.0,2.3,0.0,0.0,7.0,9.3,41.9,28.8,0,0,23.3,1,13222,1,13222,19259,22635,23717,22635,15070,18945,15070,907,1712,1,7163,18692,15703,8307,16469,12854,2692,8846,20257,1676,18813,854,15607,2246,150,18837,1,15:29
2024-25,1628989,Kevin Huerter,Kevin,1610612758,SAC,Sacramento Kings,0022400294,2024-11-27T00:00:00,SAC @ MIN,W,14.233333333333333,2.5,15.2,0.167,2.5,12.6,0.2,0.0,0.0,0.0,0.0,5.1,5.1,2.5,7.6,0.0,0.0,2.5,0.0,0.0,7.6,22.8,9.9,0,0,17.7,1,1,13086,1,20060,20406,8296,21938,8048,1454,13429,13505,14344,13505,14058,10700,14638,14447,682,12854,8263,1991,20257,17725,20254,3303,24441,2246,150,21984,1,14:14
2024-25,1630558,Davion Mitchell,Davion,1610612761,TOR,Toronto Raptors,0022400295,2024-11-27T00:00:00,TOR @ NOP,W,15.133333333333333,0.0,2.4,0.0,0.0,2.4,0.0,0.0,0.0,0.0,0.0,0.0,0.0,9.5,2.4,0.0,0.0,0.0,2.4,0.0,0.0,-4.8,11.9,0,0,9.5,1,1,13086,1,19475,22635,24684,22635,15070,18851,15070,13505,14344,13505,14058,22137,23286,1694,8734,12854,8263,8846,13309,17725,23200,15451,24038,2246,150,24525,1,15:08
2024-25,1629723,John Konchar,John,1610612763,MEM,Memphis Grizzlies,0022400293,2024-11-27T00:00:00,MEM vs. DET,W,3.7666666666666666,0.0,0.0,0.0,0.0,0.0,0.0,0.0,0.0,0.0,0.0,9.6,9.6,0.0,0.0,0.0,0.0,0.0,0.0,0.0,0.0,-9.6,11.5,0,0,9.6,1,1,13086,1,24582,22635,24836,22635,15070,20945,15070,13505,14344,13505,14058,2954,5973,19908,16469,12854,8263,8846,20257,17725,23200,17698,24137,2246,150,24517,1,3:46
2024-25,1629004,Svi Mykhailiuk,Svi,1610612762,UTA,Utah Jazz,0022400298,2024-11-27T00:00:00,UTA vs. DEN,L,21.366666666666667,3.4,11.8,0.286,1.7,10.1,0.167,3.4,3.4,1.0,0.0,0.0,0.0,1.7,3.4,1.7,0.0,0.0,0.0,3.4,11.8,-15.2,16.0,0,0,18.5,1,13222,1,13222,15018,18598,13949,19630,11448,3364,14236,6962,9161,1,14058,22137,23286,17412,5308,7667,8263,8846,20257,8045,16350,19963,22852,2246,150,21610,1,21:22
2024-25,1631218,Trayce Jackson-Davis,Trayce,1610612744,GSW,Golden State Warriors,0022400299,2024-11-27T00:00:00,GSW vs. OKC,L,3.933333333333333,9.2,18.3,0.5,0.0,0.0,0.0,0.0,0.0,0.0,0.0,0.0,0.0,0.0,0.0,0.0,0.0,9.2,0.0,0.0,18.3,-73.2,18.3,0,0,18.3,1,13222,1,13222,24527,4432,4363,8526,15070,20945,15070,13505,14344,13505,14058,22137,23286,19908,16469,12854,8263,82,20257,17725,9516,25923,21963,2246,150,21710,1,3:56
2024-25,1642273,Kyshawn George,Kyshawn,1610612764,WAS,Washington Wizards,0022400291,2024-11-27T00:00:00,WAS vs. LAC,L,26.3,1.4,8.2,0.167,0.0,4.1,0.0,0.0,0.0,0.0,2.7,2.7,5.5,1.4,1.4,0.0,0.0,0.0,4.1,0.0,2.7,-24.6,10.0,0,0,9.6,1,13222,1,13222,10902,22324,19923,21938,15070,15327,15070,13505,14344,13505,6015,17587,13606,18434,13465,12854,8263,8846,6817,17725,23013,22732,24420,2246,150,24513,1,26:18
2024-25,1641710,Anthony Black,Anthony,1610612753,ORL,Orlando Magic,0022400289,2024-11-27T00:00:00,ORL vs. CHI,W,15.305,4.7,9.4,0.5,0.0,0.0,0.0,0.0,0.0,0.0,0.0,7.1,7.1,7.1,2.4,0.0,0.0,2.4,4.7,0.0,9.4,4.7,26.1,0,0,23.5,1,1,13086,1,19373,15231,18099,8526,15070,20945,15070,13505,14344,13505,14058,6270,10050,3950,8856,12854,8263,2332,5271,17725,18720,10278,17557,2246,150,18659,1,15:18
2024-25,1631306,Cole Swider,Cole,1610612765,DET,Detroit Pistons,0022400293,2024-11-27T00:00:00,DET @ MEM,L,9.366666666666667,0.0,15.4,0.0,0.0,15.4,0.0,0.0,0.0,0.0,0.0,3.8,3.8,3.8,0.0,0.0,0.0,0.0,0.0,0.0,0.0,15.4,10.4,0,0,7.7,1,13222,1,13222,22327,22635,7998,22635,15070,620,15070,13505,14344,13505,14058,14195,17721,10381,16469,12854,8263,8846,20257,17725,23200,5476,24353,2246,150,24811,1,9:22
2024-25,1629216,Gabe Vincent,Gabe,1610612747,LAL,Los Angeles Lakers,0022400296,2024-11-27T00:00:00,LAL @ SAS,W,5.933333333333334,0.0,0.0,0.0,0.0,0.0,0.0,0.0,0.0,0.0,0.0,0.0,0.0,0.0,0.0,0.0,0.0,0.0,6.1,0.0,0.0,6.1,0.0,0,0,0.0,1,1,13086,1,23619,22635,24836,22635,15070,20945,15070,13505,14344,13505,14058,22137,23286,19908,16469,12854,8263,8846,2854,17725,23200,9583,25228,2246,150,25259,1,5:56
2024-25,1628467,Maxi Kleber,Maxi,1610612742,DAL,Dallas Mavericks,0022400292,2024-11-27T00:00:00,DAL vs. NYK,W,23.616666666666667,0.0,0.0,0.0,0.0,0.0,0.0,1.5,3.0,0.5,0.0,1.5,1.5,0.0,1.5,0.0,0.0,0.0,4.6,3.0,1.5,22.9,1.8,0,0,3.0,1,1,13086,1,13215,22635,24836,22635,15070,20945,15070,11744,9852,10625,14058,20823,22543,19908,12642,12854,8263,8846,5616,9080,23180,3289,25173,2246,150,25231,1,23:37
2024-25,1642346,Ryan Dunn,Ryan,1610612756,PHX,Phoenix Suns,0022400297,2024-11-27T00:00:00,PHX vs. BKN,L,9.145,0.0,7.9,0.0,0.0,7.9,0.0,0.0,0.0,0.0,0.0,0.0,0.0,0.0,0.0,0.0,3.9,0.0,11.8,0.0,0.0,0.0,11.8,0,0,7.9,1,13222,1,13222,22404,22635,20450,22635,15070,6667,15070,13505,14344,13505,14058,22137,23286,19908,16469,12854,951,8846,438,17725,23200,12240,24060,2246,150,24781,1,9:09
2024-25,1631101,Shaedon Sharpe,Shaedon,1610612757,POR,Portland Trail Blazers,0022400288,2024-11-27T00:00:00,POR @ IND,L,37.06666666666667,7.8,18.5,0.421,1.0,6.8,0.143,0.0,1.0,0.0,1.0,1.9,2.9,2.9,1.0,0.0,0.0,1.9,1.0,1.9,16.5,0.0,23.4,0,0,23.3,1,13222,1,13222,1945,7120,4258,14442,14696,8900,14649,13505,14261,13505,13482,19852,19955,13229,16015,12854,8263,3415,19854,13351,11382,12240,19311,2246,150,18794,1,37:04
2024-25,1629629,Cam Reddish,Cam,1610612747,LAL,Los Angeles Lakers,0022400296,2024-11-27T00:00:00,LAL @ SAS,W,17.183333333333334,0.0,2.1,0.0,0.0,2.1,0.0,0.0,0.0,0.0,0.0,0.0,0.0,2.1,4.2,2.1,0.0,0.0,4.2,0.0,0.0,33.5,5.2,0,0,6.3,1,1,13086,1,18148,22635,24740,22635,15070,19377,15070,13505,14344,13505,14058,22137,23286,16017,3520,5810,8263,8846,6583,17725,23200,1569,24989,2246,150,24975,1,17:11
2024-25,1641716,Jarace Walker,Jarace,1610612754,IND,Indiana Pacers,0022400288,2024-11-27T00:00:00,IND vs. POR,W,9.733333333333333,3.7,3.7,1.0,0.0,0.0,0.0,0.0,3.7,0.0,0.0,0.0,0.0,0.0,0.0,0.0,0.0,0.0,3.7,3.7,7.4,-70.3,7.4,0,0,7.4,1,1,13086,1,22198,17833,24228,1,15070,20945,15070,13505,8479,13505,14058,22137,23286,19908,16469,12854,8263,8846,8077,7133,20411,25893,24769,2246,150,24852,1,9:44
2024-25,1628415,Dillon Brooks,Dillon,1610612745,HOU,Houston Rockets,0022400290,2024-11-27T00:00:00,HOU @ PHI,W,36.3,0.0,10.9,0.0,0.0,7.9,0.0,0.0,0.0,0.0,0.0,1.0,1.0,4.0,2.0,0.0,2.0,1.0,3.0,0.0,0.0,3.0,11.1,0,0,8.9,1,1,13086,1,2463,22635,15513,22635,15070,6559,15070,13505,14344,13505,14058,21982,23217,10015,10598,12854,3525,7994,10831,17725,23200,11136,24224,2246,150,24622,1,36:18
2024-25,1629673,Jordan Poole,Jordan,1610612764,WAS,Washington Wizards,0022400291,2024-11-27T00:00:00,WAS vs. LAC,L,24.55,1.5,10.3,0.143,1.5,7.3,0.2,7.3,8.8,0.833,0.0,0.0,0.0,4.4,8.8,2.9,0.0,0.0,1.5,11.7,11.7,-35.2,18.3,0,0,23.5,1,13222,1,13222,12423,22211,16630,22260,12177,7758,13429,1779,1986,7275,14058,22137,23286,8884,450,3315,8263,8846,17362,217,16412,24430,21954,2246,150,18690,1,24:33
2024-25,1627827,Dorian Finney-Smith,Dorian,1610612751,BKN,Brooklyn Nets,0022400297,2024-11-27T00:00:00,BKN @ PHX,W,32.06666666666667,3.4,6.7,0.5,3.4,5.6,0.6,0.0,0.0,0.0,0.0,1.1,1.1,2.2,1.1,1.1,0.0,2.2,1.1,0.0,10.1,-1.1,17.1,0,0,19.1,1,1,13086,1,5915,18603,21849,8526,5463,11680,2992,13505,14344,13505,14058,21703,23048,15455,14992,10845,8263,2563,18977,17725,18045,13631,22457,2246,150,21356,1,32:04
2024-25,1642265,Rob Dillingham,Rob,1610612750,MIN,Minnesota Timberwolves,0022400294,2024-11-27T00:00:00,MIN vs. SAC,L,5.533333333333333,0.0,0.0,0.0,0.0,0.0,0.0,0.0,0.0,0.0,0.0,6.5,6.5,0.0,13.0,0.0,0.0,0.0,0.0,0.0,0.0,-39.0,-5.2,0,0,6.5,1,13222,1,13222,23768,22635,24836,22635,15070,20945,15070,13505,14344,13505,14058,7288,11158,19908,167,12854,8263,8846,20257,17725,23200,24777,26176,2246,150,24943,1,5:32
2024-25,1630191,Isaiah Stewart,Isaiah,1610612765,DET,Detroit Pistons,0022400293,2024-11-27T00:00:00,DET @ MEM,L,18.0,0.0,12.0,0.0,0.0,8.0,0.0,0.0,0.0,0.0,0.0,4.0,4.0,0.0,0.0,0.0,0.0,0.0,0.0,2.0,0.0,-18.0,4.8,0,0,4.0,1,13222,1,13222,17558,22635,13575,22635,15070,6448,15070,13505,14344,13505,14058,13720,17311,19908,16469,12854,8263,8846,20257,13081,23200,20931,25016,2246,150,25185,1,18:00
2024-25,1642277,Johnny Furphy,Johnny,1610612754,IND,Indiana Pacers,0022400288,2024-11-27T00:00:00,IND vs. POR,W,8.59,0.0,8.4,0.0,0.0,8.4,0.0,0.0,0.0,0.0,0.0,0.0,0.0,0.0,0.0,4.2,0.0,0.0,8.4,0.0,0.0,-16.8,12.6,0,0,8.4,1,1,13086,1,22602,22635,19666,22635,15070,5781,15070,13505,14344,13505,14058,22137,23286,19908,16469,1465,8263,8846,1190,17725,23200,20538,23880,2246,150,24701,1,8:35
2024-25,1630541,Moses Moody,Moses,1610612744,GSW,Golden State Warriors,0022400299,2024-11-27T00:00:00,GSW vs. OKC,L,12.95,0.0,11.1,0.0,0.0,8.3,0.0,0.0,0.0,0.0,2.8,2.8,5.6,2.8,2.8,0.0,0.0,2.8,5.6,0.0,0.0,0.0,8.1,0,0,8.3,1,13222,1,13222,20763,22635,15160,22635,15070,5844,15070,13505,14344,13505,5910,17463,13397,13647,7288,12854,8263,1624,3611,17725,23200,12240,24691,2246,150,24707,1,12:57
2024-25,1642403,Isaac Jones,Isaac,1610612758,SAC,Sacramento Kings,0022400294,2024-11-27T00:00:00,SAC @ MIN,W,21.323333333333334,6.8,11.8,0.571,0.0,1.7,0.0,0.0,0.0,0.0,3.4,5.1,8.4,1.7,0.0,0.0,0.0,5.1,1.7,0.0,13.5,-16.9,26.2,0,0,23.6,1,1,13086,1,15053,9556,13911,6538,15070,20059,15070,13505,14344,13505,4592,10681,7566,17404,16469,12854,8263,357,16573,17725,14498,20577,17496,2246,150,18587,1,21:19
2024-25,1642263,Reed Sheppard,Reed,1610612745,HOU,Houston Rockets,0022400290,2024-11-27T00:00:00,HOU @ PHI,W,5.886666666666667,0.0,18.3,0.0,0.0,12.2,0.0,0.0,0.0,0.0,0.0,0.0,0.0,6.1,6.1,6.1,0.0,0.0,0.0,0.0,0.0,-6.1,21.4,0,0,18.3,1,1,13086,1,23631,22635,4335,22635,15070,1658,15070,13505,14344,13505,14058,22137,23286,5306,1315,444,8263,8846,20257,17725,23200,16118,20470,2246,150,21692,1,5:53
2024-25,203500,Steven Adams,Steven,1610612745,HOU,Houston Rockets,0022400290,2024-11-27T00:00:00,HOU @ PHI,W,7.0,0.0,10.3,0.0,0.0,0.0,0.0,10.3,20.6,0.5,10.3,10.3,20.6,0.0,5.1,0.0,5.1,5.1,10.3,10.3,10.3,20.6,45.3,0,0,41.1,1,1,13086,1,23170,22635,16579,22635,15070,20945,15070,623,130,10625,365,2361,457,19908,2179,12854,478,336,643,363,17866,3791,5060,2246,150,6110,1,7:00
2024-25,1629639,Tyler Herro,Tyler,1610612748,MIA,Miami Heat,0022400286,2024-11-27T00:00:00,MIA @ CHA,W,38.0,10.4,20.8,0.5,3.8,11.4,0.333,0.9,1.9,0.5,0.0,7.6,7.6,4.7,5.7,0.9,0.0,0.9,1.9,1.9,25.6,8.5,38.9,0,0,43.6,1,1,13086,1,1387,2797,2432,8526,4470,2197,9209,13376,12993,10625,14058,5357,9005,8085,1647,12370,8263,8360,15711,13539,3889,8393,8457,2246,150,4882,1,38:00
2024-25,1630538,Bones Hyland,Bones,1610612746,LAC,LA Clippers,0022400291,2024-11-27T00:00:00,LAC @ WAS,W,7.583333333333333,14.2,28.5,0.5,14.2,28.5,0.5,4.7,9.5,0.5,0.0,4.7,4.7,9.5,0.0,9.5,0.0,0.0,9.5,9.5,47.5,-38.0,95.9,0,0,94.9,1,1,13086,1,22957,635,362,8526,85,80,3944,4434,1598,10625,14058,11577,15448,1705,16469,132,8263,8846,811,524,198,24694,78,2246,150,74,1,7:35
2024-25,1630590,Scotty Pippen Jr.,Scotty,1610612763,MEM,Memphis Grizzlies,0022400293,2024-11-27T00:00:00,MEM vs. DET,W,31.05,10.4,13.9,0.75,1.2,2.3,0.5,0.0,1.2,0.0,0.0,8.1,8.1,4.6,2.3,3.5,0.0,0.0,2.3,2.3,22.0,15.1,46.8,0,0,42.9,1,1,13086,1,6839,2775,10318,2107,13594,18951,3944,13505,13950,13505,14058,4539,8065,8331,8987,2264,8263,8846,13560,11663,6194,5602,4380,2246,150,5195,1,31:03
2024-25,203076,Anthony Davis,Anthony,1610612747,LAL,Los Angeles Lakers,0022400296,2024-11-27T00:00:00,LAL @ SAS,W,35.11666666666667,8.2,14.4,0.571,0.0,2.1,0.0,3.1,3.1,1.0,4.1,10.3,14.4,7.2,1.0,1.0,0.0,2.1,2.1,3.1,19.5,16.4,49.5,1,0,43.1,1,1,13086,1,3373,6203,9607,6538,15070,19457,15070,7607,9782,1,3449,2391,2072,3794,15670,11712,8263,3058,14876,8972,8398,5110,3411,1,150,5113,1,35:07
2024-25,1642261,Dalton Knecht,Dalton,1610612747,LAL,Los Angeles Lakers,0022400296,2024-11-27T00:00:00,LAL @ SAS,W,30.516666666666666,9.4,17.7,0.533,4.7,11.8,0.4,0.0,0.0,0.0,0.0,9.4,9.4,1.2,1.2,2.4,0.0,0.0,2.4,3.5,23.6,10.6,42.6,0,0,43.6,1,1,13086,1,7300,3969,5020,8140,2701,1899,7874,13505,14344,13505,14058,3086,6126,19087,14586,4835,8263,8846,13398,7565,5063,7410,6318,2246,150,4862,1,30:31
2024-25,1630570,Trendon Watford,Trendon,1610612751,BKN,Brooklyn Nets,0022400297,2024-11-27T00:00:00,BKN @ PHX,W,21.85,9.9,21.4,0.462,3.3,9.9,0.333,6.6,6.6,1.0,1.6,1.6,3.3,4.9,4.9,0.0,0.0,0.0,4.9,6.6,29.7,4.9,36.1,0,0,41.2,1,1,13086,1,14613,3352,2081,12428,5680,3626,9209,2326,3785,1,9755,20573,19003,7587,2406,12854,8263,8846,4742,2000,2209,10142,10309,2246,150,6084,1,21:51
2024-25,1628392,Isaiah Hartenstein,Isaiah,1610612760,OKC,Oklahoma City Thunder,0022400299,2024-11-27T00:00:00,OKC @ GSW,W,30.8,5.8,9.4,0.625,0.0,0.0,0.0,4.7,7.0,0.667,1.2,15.2,16.4,3.5,4.7,0.0,2.3,0.0,5.8,3.5,16.4,12.9,43.6,1,0,40.9,1,1,13086,1,7043,11977,18195,4899,15070,20945,15070,4547,3354,9425,12003,531,1303,11368,2749,12854,2670,8846,3145,7643,11540,6454,5853,1,150,6263,1,30:48
2024-25,1627732,Ben Simmons,Ben,1610612751,BKN,Brooklyn Nets,0022400297,2024-11-27T00:00:00,BKN @ PHX,W,27.333333333333332,9.2,10.5,0.875,0.0,0.0,0.0,0.0,0.0,0.0,1.3,10.5,11.9,10.5,2.6,1.3,0.0,0.0,5.3,1.3,18.4,6.6,49.8,0,0,43.5,1,1,13086,1,10081,4331,16151,1353,15070,20945,15070,13505,14344,13505,11116,2199,3613,1187,7755,9367,8263,8846,4077,15822,9378,9343,3334,2246,150,4932,1,27:20
2024-25,203484,Kentavious Caldwell-Pope,Kentavious,1610612753,ORL,Orlando Magic,0022400289,2024-11-27T00:00:00,ORL vs. CHI,W,34.15,8.4,13.7,0.615,6.3,10.5,0.6,2.1,2.1,1.0,0.0,1.1,1.1,2.1,1.1,4.2,0.0,0.0,2.1,3.2,25.3,19.0,41.3,0,0,43.2,1,1,13086,1,4130,5740,10648,5246,1102,2938,2992,10266,12394,1,14058,21870,23152,15971,15463,1446,8263,8846,14574,8692,4057,4266,6976,2246,150,5034,1,34:09
2024-25,1629631,De'Andre Hunter,De'Andre,1610612737,ATL,Atlanta Hawks,0022400287,2024-11-27T00:00:00,ATL @ CLE,W,30.466666666666665,10.6,18.9,0.563,5.9,10.6,0.556,3.5,4.7,0.75,0.0,5.9,5.9,1.2,3.5,0.0,0.0,1.2,2.4,7.1,30.7,13.0,36.0,0,0,43.7,1,1,13086,1,7345,2577,3832,7127,1371,2845,3747,6608,6432,8186,14058,8527,12505,19080,4921,12854,8263,6393,13379,1587,1857,6401,10340,2246,150,4826,1,30:28
2024-25,1630228,Jonathan Kuminga,Jonathan,1610612744,GSW,Golden State Warriors,0022400299,2024-11-27T00:00:00,GSW vs. OKC,L,28.105,10.2,26.9,0.381,3.8,12.8,0.3,0.0,1.3,0.0,1.3,3.8,5.1,2.6,2.6,2.6,0.0,2.6,3.8,1.3,24.3,2.6,39.5,0,0,41.0,1,13222,1,13222,9458,2968,509,16250,4335,1388,11319,13505,13758,13505,11292,14202,14456,14333,8013,4228,8263,1931,7620,15987,4588,11337,8104,2246,150,6208,1,28:06
2024-25,1630194,Paul Reed,Paul,1610612765,DET,Detroit Pistons,0022400293,2024-11-27T00:00:00,DET @ MEM,L,14.966666666666667,2.4,12.0,0.2,2.4,7.2,0.333,9.6,9.6,1.0,7.2,9.6,16.8,2.4,0.0,2.4,0.0,0.0,4.8,4.8,16.8,4.8,47.9,0,0,43.3,1,13222,1,13222,19587,20650,13544,21401,8470,8016,9209,800,1537,1,1057,2897,1163,14860,16469,4677,8263,8846,5027,4476,11017,10205,4015,2246,150,5000,1,14:58
2024-25,1630581,Josh Giddey,Josh,1610612741,CHI,Chicago Bulls,0022400289,2024-11-27T00:00:00,CHI @ ORL,L,23.316666666666666,7.7,9.3,0.833,3.1,4.6,0.667,1.5,1.5,1.0,1.5,1.5,3.1,7.7,4.6,1.5,3.1,0.0,4.6,1.5,20.1,-32.4,44.6,0,0,43.2,1,13222,1,13222,13450,7226,18319,1514,6244,14131,1957,11705,13444,1,10141,20788,19504,3158,2803,8221,1587,8846,5462,14823,7865,24093,5358,2246,150,5031,1,23:19
2024-25,1630170,Devin Vassell,Devin,1610612759,SAS,San Antonio Spurs,0022400296,2024-11-27T00:00:00,SAS vs. LAL,L,21.016666666666666,8.6,17.1,0.5,3.4,5.1,0.667,3.4,3.4,1.0,1.7,3.4,5.1,1.7,5.1,3.4,0.0,1.7,5.1,1.7,24.0,-37.7,37.9,0,0,41.1,1,13222,1,13222,15282,5496,5666,8526,5320,12852,1957,6836,9032,1,9528,15441,14423,17328,2187,2334,8263,4109,4301,14225,4813,24669,9121,2246,150,6132,1,21:01
2024-25,203935,Marcus Smart,Marcus,1610612763,MEM,Memphis Grizzlies,0022400293,2024-11-27T00:00:00,MEM vs. DET,W,20.083333333333332,14.3,21.5,0.667,12.5,19.7,0.636,3.6,3.6,1.0,5.4,1.8,7.2,9.0,3.6,5.4,0.0,0.0,0.0,1.8,44.8,44.8,79.4,0,0,84.2,1,1,13086,1,15960,615,2022,3281,120,248,2842,6519,8714,1,2022,20259,9814,2053,4805,692,8263,8846,20257,13959,260,715,205,2246,150,121,1,20:05
2024-25,202696,Nikola Vučević,Nikola,1610612741,CHI,Chicago Bulls,0022400289,2024-11-27T00:00:00,CHI @ ORL,L,30.133333333333333,9.6,23.9,0.4,2.4,7.2,0.333,1.2,2.4,0.5,1.2,11.9,13.1,4.8,2.4,0.0,0.0,2.4,2.4,2.4,22.7,-22.7,43.2,1,0,43.0,1,13222,1,13222,7648,3796,1090,14933,8525,8107,9209,12615,11524,10625,11830,1391,2712,7971,8703,12854,8263,2251,13270,11392,5706,22267,6015,1,150,5136,1,30:08
2024-25,201935,James Harden,James,1610612746,LAC,LA Clippers,0022400291,2024-11-27T00:00:00,LAC @ WAS,W,31.866666666666667,14.7,24.9,0.591,7.9,12.4,0.636,11.3,12.4,0.909,1.1,3.4,4.5,7.9,4.5,3.4,0.0,1.1,0.0,5.6,48.6,28.2,71.5,0,0,75.7,1,1,13086,1,6086,553,858,6217,484,1560,2842,438,678,6764,12264,15549,15999,2988,2972,2404,8263,6796,20257,3122,178,2218,386,2246,150,221,1,31:52
2024-25,1631114,Jalen Williams,Jalen,1610612760,OKC,Oklahoma City Thunder,0022400299,2024-11-27T00:00:00,OKC @ GSW,W,16.086666666666666,6.7,13.4,0.5,4.5,9.0,0.5,11.2,17.9,0.625,2.2,11.2,13.4,15.7,4.5,4.5,2.2,0.0,2.2,6.7,29.1,9.0,84.4,0,0,76.1,1,1,13086,1,18871,9655,11113,8526,3102,4898,3944,449,195,10271,7466,1806,2525,237,3031,1244,2867,8846,13936,1888,2402,8205,144,2246,150,217,1,16:05
2024-25,1630532,Franz Wagner,Franz,1610612753,ORL,Orlando Magic,0022400289,2024-11-27T00:00:00,ORL vs. CHI,W,31.061666666666667,8.1,23.2,0.35,1.2,7.0,0.167,7.0,7.0,1.0,1.2,2.3,3.5,7.0,3.5,2.3,1.2,3.5,3.5,3.5,24.3,22.0,45.9,0,0,42.9,1,1,13086,1,6834,6382,1329,17337,13600,8560,14236,2037,3410,1,12054,18709,18603,4060,5069,4963,6427,935,8815,7726,4585,3452,4781,2246,150,5204,1,31:04
2024-25,1630224,Jalen Green,Jalen,1610612745,HOU,Houston Rockets,0022400290,2024-11-27T00:00:00,HOU @ PHI,W,41.111666666666665,10.5,17.5,0.6,3.5,5.3,0.667,11.4,12.3,0.929,0.9,5.3,6.1,1.8,4.4,1.8,0.9,0.9,0.9,5.3,35.9,2.6,49.4,0,0,52.5,1,1,13086,1,355,2708,5248,5394,5143,12586,1957,425,708,6719,13964,10149,11977,17225,3184,7436,8151,8724,20187,3694,847,11307,3466,2246,150,1920,1,41:07
2024-25,1628973,Jalen Brunson,Jalen,1610612752,NYK,New York Knicks,0022400292,2024-11-27T00:00:00,NYK @ DAL,L,36.36666666666667,13.9,20.8,0.667,0.0,3.0,0.0,8.9,9.9,0.9,0.0,3.0,3.0,6.9,2.0,2.0,0.0,0.0,4.0,8.9,36.6,-11.9,54.5,0,0,50.5,1,13222,1,13222,2428,747,2464,3281,15070,17725,15070,1036,1411,6805,14058,16827,19809,4098,10613,6341,8263,8846,7253,688,738,18699,2075,2246,150,2398,1,36:22
2024-25,1642419,Jamison Battle,Jamison,1610612761,TOR,Toronto Raptors,0022400295,2024-11-27T00:00:00,TOR @ NOP,W,22.266666666666666,14.6,17.8,0.818,9.7,12.9,0.75,0.0,0.0,0.0,1.6,0.0,1.6,4.9,0.0,1.6,1.6,0.0,1.6,0.0,38.8,-1.6,57.7,0,0,61.4,1,1,13086,1,14302,569,4921,1653,233,1333,1542,13505,14344,13505,9853,22137,22415,7795,16469,7924,4510,8846,16815,17725,533,13846,1512,2246,150,696,1,22:16
2024-25,1627734,Domantas Sabonis,Domantas,1610612758,SAC,Sacramento Kings,0022400294,2024-11-27T00:00:00,SAC @ MIN,W,33.86666666666667,10.6,18.1,0.588,1.1,2.1,0.5,6.4,7.4,0.857,5.3,7.4,12.8,5.3,3.2,1.1,0.0,2.1,5.3,6.4,28.7,15.9,52.0,1,0,50.0,1,1,13086,1,4385,2581,4595,6229,14176,19317,3944,2520,2963,7071,2079,5601,2967,6787,5857,11359,8263,2846,3997,2209,2528,5264,2711,1,150,2544,1,33:52
2024-25,1630578,Alperen Sengun,Alperen,1610612745,HOU,Houston Rockets,0022400290,2024-11-27T00:00:00,HOU @ PHI,W,35.32666666666667,6.1,11.2,0.545,0.0,0.0,0.0,10.2,12.2,0.833,4.1,10.2,14.3,7.1,4.1,2.0,1.0,1.0,2.0,9.2,22.4,1.0,55.3,1,0,49.9,1,1,13086,1,3212,11187,15008,7695,15070,20945,15070,650,716,7275,3487,2431,2112,3845,3726,6072,7354,7743,14932,602,5909,12143,1924,1,150,2551,1,35:20
2024-25,1642347,Jamal Shead,Jamal,1610612761,TOR,Toronto Raptors,0022400295,2024-11-27T00:00:00,TOR @ NOP,W,15.466666666666667,7.0,14.0,0.5,4.7,9.3,0.5,0.0,0.0,0.0,0.0,2.3,2.3,9.3,2.3,4.7,0.0,0.0,2.3,0.0,18.6,4.7,47.0,0,0,44.2,1,1,13086,1,19270,8969,10220,8526,2802,4367,3944,13505,14344,13505,14058,18686,21143,1801,8956,1114,8263,8846,13534,17725,9188,10310,4309,2246,150,4583,1,15:28
2024-25,203999,Nikola Jokić,Nikola,1610612743,DEN,Denver Nuggets,0022400298,2024-11-27T00:00:00,DEN @ UTA,W,33.61666666666667,13.9,20.3,0.684,2.1,3.2,0.667,2.1,3.2,0.667,3.2,7.5,10.7,7.5,1.1,1.1,1.1,0.0,1.1,4.3,32.1,21.4,61.6,1,0,56.8,1,1,13086,1,4618,726,2727,3255,9499,17245,1957,10160,9493,9425,4916,5503,4687,3409,15330,11269,6978,8846,19266,5634,1503,3589,1012,1,150,1193,1,33:37
2024-25,1629638,Nickeil Alexander-Walker,Nickeil,1610612750,MIN,Minnesota Timberwolves,0022400294,2024-11-27T00:00:00,MIN vs. SAC,L,19.766666666666666,9.1,10.9,0.833,9.1,10.9,0.833,3.6,3.6,1.0,0.0,3.6,3.6,5.5,0.0,1.8,3.6,0.0,7.3,1.8,31.0,-7.3,59.9,0,0,60.1,1,13222,1,13222,16206,4520,15482,1514,287,2564,1341,6402,8599,1,14058,14812,18217,6500,16469,7151,1120,8846,1779,13842,1785,16634,1208,2246,150,821,1,19:46
2024-25,1629659,Talen Horton-Tucker,Talen,1610612741,CHI,Chicago Bulls,0022400289,2024-11-27T00:00:00,CHI @ ORL,L,13.783333333333333,18.3,20.9,0.875,7.8,10.4,0.75,7.8,10.4,0.75,0.0,2.6,2.6,2.6,2.6,0.0,0.0,0.0,5.2,5.2,52.2,18.3,56.7,0,0,65.3,1,13222,1,13222,20310,202,2406,1353,502,3027,1542,1488,1207,8186,14058,17920,20619,14176,7827,12854,8263,8846,4153,3737,136,4466,1695,2246,150,468,1,13:47
2024-25,1630537,Chris Duarte,Chris,1610612741,CHI,Chicago Bulls,0022400289,2024-11-27T00:00:00,CHI @ ORL,L,4.416666666666667,16.3,24.5,0.667,8.2,8.2,1.0,0.0,0.0,0.0,0.0,16.3,16.3,0.0,0.0,0.0,0.0,0.0,8.2,0.0,40.8,65.2,60.3,0,0,65.2,1,13222,1,13222,24278,333,934,3281,422,6169,1,13505,14344,13505,14058,395,1322,19908,16469,12854,8263,8846,1302,17725,409,282,1152,2246,150,472,1,4:25
2024-25,1641723,Kobe Bufkin,Kobe,1610612737,ATL,Atlanta Hawks,0022400287,2024-11-27T00:00:00,ATL @ CLE,W,11.05,6.5,13.0,0.5,6.5,6.5,1.0,9.8,13.0,0.75,3.3,9.8,13.0,3.3,0.0,3.3,0.0,0.0,3.3,6.5,29.3,19.5,59.6,0,0,58.6,1,1,13086,1,21686,10151,11799,8526,997,9516,1,762,583,8186,4824,2753,2786,12123,16469,2634,8263,8846,9623,2070,2338,4093,1235,2246,150,948,1,11:03
2024-25,202685,Jonas Valančiūnas,Jonas,1610612764,WAS,Washington Wizards,0022400291,2024-11-27T00:00:00,WAS vs. LAC,L,17.848333333333333,14.1,22.2,0.636,0.0,0.0,0.0,6.1,8.1,0.75,4.0,10.1,14.1,2.0,0.0,0.0,2.0,0.0,2.0,4.0,34.3,4.0,60.3,0,0,54.5,1,13222,1,13222,17673,669,1734,4689,15070,20945,15070,2816,2471,8186,3556,2515,2173,16312,16469,12854,3436,8846,15050,6222,1073,10628,1154,2246,150,1548,1,17:51
2024-25,203471,Dennis Schröder,Dennis,1610612751,BKN,Brooklyn Nets,0022400297,2024-11-27T00:00:00,BKN @ PHX,W,34.3,8.4,22.0,0.381,4.2,9.4,0.444,9.4,9.4,1.0,1.0,3.1,4.2,3.1,2.1,1.0,0.0,1.0,1.0,9.4,30.4,19.9,41.2,0,0,44.1,1,1,13086,1,4009,5810,1795,16250,3571,4190,7211,863,1640,1,12878,16263,16817,12480,10003,11497,8263,7493,19409,538,1937,3969,7019,2246,150,4643,1,34:18
2024-25,1630591,Jalen Suggs,Jalen,1610612753,ORL,Orlando Magic,0022400289,2024-11-27T00:00:00,ORL vs. CHI,W,31.966666666666665,11.3,20.3,0.556,4.5,10.1,0.444,7.9,7.9,1.0,1.1,2.3,3.4,7.9,2.3,0.0,0.0,1.1,2.3,5.6,34.9,22.5,48.5,0,0,50.7,1,1,13086,1,5995,2038,2789,7248,3065,3345,7211,1461,2601,1,12285,18912,18817,3011,9296,12854,8263,6825,13867,3150,975,3361,3791,2246,150,2348,1,31:58
2024-25,1631213,Tyrese Martin,Tyrese,1610612751,BKN,Brooklyn Nets,0022400297,2024-11-27T00:00:00,BKN @ PHX,W,27.8,12.9,16.8,0.769,10.4,12.9,0.8,2.6,3.9,0.667,1.3,3.9,5.2,2.6,1.3,0.0,0.0,1.3,3.9,1.3,38.8,7.8,47.7,0,0,57.0,1,1,13086,1,9716,1052,5996,2080,193,1324,1389,8825,8066,9425,11218,14070,14314,14241,13822,12854,8263,5675,7493,15929,531,8742,4087,2246,150,1165,1,27:48
2024-25,1628366,Lonzo Ball,Lonzo,1610612741,CHI,Chicago Bulls,0022400289,2024-11-27T00:00:00,CHI @ ORL,L,14.716666666666667,4.9,7.3,0.667,4.9,7.3,0.667,0.0,0.0,0.0,0.0,2.4,2.4,7.3,4.9,9.8,4.9,0.0,0.0,2.4,14.7,17.1,67.8,0,0,58.7,1,13222,1,13222,19758,14691,21158,3281,2415,7744,1957,13505,14344,13505,14058,18340,20905,3578,2480,121,543,8846,20257,11172,13217,4859,534,2246,150,942,1,14:43
2024-25,1627763,Malcolm Brogdon,Malcolm,1610612764,WAS,Washington Wizards,0022400291,2024-11-27T00:00:00,WAS vs. LAC,L,22.016666666666666,13.1,18.0,0.727,1.6,3.3,0.5,0.0,0.0,0.0,1.6,0.0,1.6,9.8,4.9,3.3,1.6,1.6,3.3,1.6,27.8,-29.4,54.3,0,0,50.7,1,13222,1,13222,14487,1000,4710,2666,11575,17135,3944,13505,14344,13505,9796,22137,22390,1531,2460,2617,4466,4347,9567,14502,2858,23651,2143,2246,150,2343,1,22:01
2024-25,1627826,Ivica Zubac,Ivica,1610612746,LAC,LA Clippers,0022400291,2024-11-27T00:00:00,LAC @ WAS,W,23.733333333333334,13.7,16.7,0.818,0.0,0.0,0.0,0.0,0.0,0.0,6.1,18.2,24.3,1.5,1.5,0.0,1.5,1.5,0.0,1.5,27.3,45.5,61.7,1,0,56.1,1,1,13086,1,13126,814,6200,1653,15070,20945,15070,13505,14344,13505,1578,246,214,17913,12670,12854,4791,4705,20257,14933,3065,685,996,1,150,1284,1,23:44
2024-25,1630596,Evan Mobley,Evan,1610612739,CLE,Cleveland Cavaliers,0022400287,2024-11-27T00:00:00,CLE vs. ATL,L,36.56666666666667,6.9,14.8,0.467,1.0,3.0,0.333,6.9,9.8,0.7,3.9,7.9,11.8,4.9,0.0,3.9,3.0,3.0,2.0,7.9,21.7,0.0,63.9,1,0,53.2,1,13222,1,13222,2294,9186,8958,12249,14634,17746,9209,2084,1432,9366,3673,4901,3649,7638,16469,1698,1750,1390,15306,1080,6495,12240,791,1,150,1773,1,36:34
2024-25,1628378,Donovan Mitchell,Donovan,1610612739,CLE,Cleveland Cavaliers,0022400287,2024-11-27T00:00:00,CLE vs. ATL,L,36.416666666666664,9.9,23.7,0.417,4.0,13.8,0.286,5.9,7.9,0.75,0.0,4.0,4.0,6.9,3.0,2.0,1.0,1.0,3.0,4.9,29.7,0.0,50.7,0,0,50.4,1,13222,1,13222,2394,3352,1144,14532,4087,977,11433,2936,2586,8186,14058,13862,17431,4109,6600,6352,7547,8017,10867,4216,2207,12240,3067,2246,150,2416,1,36:25
2024-25,201142,Kevin Durant,Kevin,1610612756,PHX,Phoenix Suns,0022400297,2024-11-27T00:00:00,PHX vs. BKN,L,33.038333333333334,10.9,19.6,0.556,3.3,6.5,0.5,7.6,10.9,0.7,0.0,8.7,8.7,2.2,7.6,0.0,3.3,0.0,3.3,8.7,32.7,-2.2,48.6,0,0,53.4,1,13222,1,13222,5118,2350,3266,7248,5761,9459,3944,1589,1058,9366,14058,3818,7143,15697,670,12854,1422,8846,9577,747,1385,14142,3774,2246,150,1726,1,33:02
2024-25,1630572,Sandro Mamukelashvili,Sandro,1610612759,SAS,San Antonio Spurs,0022400296,2024-11-27T00:00:00,SAS vs. LAL,L,3.55,10.1,20.3,0.5,10.1,20.3,0.5,0.0,0.0,0.0,0.0,10.1,10.1,0.0,0.0,0.0,0.0,0.0,0.0,0.0,30.4,10.1,42.6,0,0,50.7,1,13222,1,13222,24689,3065,2776,8526,205,221,3944,13505,14344,13505,14058,2464,5280,19908,16469,12854,8263,8846,20257,17725,1941,7624,6315,2246,150,2339,1,3:33
2024-25,1642258,Zaccharie Risacher,Zaccharie,1610612737,ATL,Atlanta Hawks,0022400287,2024-11-27T00:00:00,ATL @ CLE,W,17.083333333333332,12.6,21.1,0.6,6.3,12.6,0.5,4.2,4.2,1.0,0.0,4.2,4.2,0.0,0.0,2.1,2.1,0.0,2.1,6.3,35.8,2.1,53.5,0,0,54.8,1,1,13086,1,18209,1176,2293,5394,1105,1455,3944,5324,7387,1,14058,13068,16762,19908,16469,5751,3183,8846,14578,2263,858,11566,2323,2246,150,1490,1,17:05
2024-25,1628983,Shai Gilgeous-Alexander,Shai,1610612760,OKC,Oklahoma City Thunder,0022400299,2024-11-27T00:00:00,OKC @ GSW,W,38.60333333333333,12.1,26.1,0.464,2.8,11.2,0.25,5.6,9.3,0.6,0.0,8.4,8.4,4.7,2.8,0.9,1.9,1.9,2.8,5.6,32.6,4.7,55.3,0,0,54.1,1,1,13086,1,1057,1449,628,12422,7223,2347,11902,3322,1693,10343,14058,4169,7635,8272,7229,12494,3890,3696,11661,3202,1393,10307,1934,2246,150,1602,1,38:36
2024-25,1641789,Jazian Gortman,Jazian,1610612742,DAL,Dallas Mavericks,0022400292,2024-11-27T00:00:00,DAL vs. NYK,W,2.4166666666666665,14.9,14.9,1.0,14.9,14.9,1.0,0.0,0.0,0.0,0.0,0.0,0.0,0.0,0.0,0.0,0.0,0.0,29.8,0.0,44.7,-14.9,44.7,0,0,59.6,1,1,13086,1,25259,507,8750,1,75,713,1,13505,14344,13505,14058,22137,23286,19908,16469,12854,8263,8846,41,17725,264,19868,5334,2246,150,862,1,2:25
2024-25,1630178,Tyrese Maxey,Tyrese,1610612755,PHI,Philadelphia 76ers,0022400290,2024-11-27T00:00:00,PHI vs. HOU,L,45.04666666666667,11.2,27.2,0.412,4.8,9.6,0.5,4.0,4.0,1.0,0.0,1.6,1.6,8.0,3.2,4.0,0.0,4.8,3.2,4.0,31.2,-4.0,53.9,1,0,53.5,1,13222,1,13222,56,2112,479,14791,2568,3992,3944,5705,7849,1,14058,20680,22442,2894,5832,1641,8263,408,9884,6321,1740,15061,2236,1,150,1699,1,45:03
2024-25,1629021,Moritz Wagner,Moritz,1610612753,ORL,Orlando Magic,0022400289,2024-11-27T00:00:00,ORL vs. CHI,W,18.3,11.8,17.7,0.667,2.0,3.9,0.5,3.9,5.9,0.667,3.9,3.9,7.9,7.9,0.0,0.0,2.0,0.0,3.9,9.8,29.5,2.0,56.7,0,0,51.1,1,1,13086,1,17361,1662,4999,3281,10308,15703,3944,5819,4607,9425,3678,13929,8519,3028,16469,12854,3573,8846,7330,445,2263,11642,1703,2246,150,2242,1,18:18
2024-25,1630163,LaMelo Ball,LaMelo,1610612766,CHA,Charlotte Hornets,0022400286,2024-11-27T00:00:00,CHA vs. MIA,L,36.86666666666667,10.7,34.2,0.314,6.8,19.5,0.35,2.9,4.9,0.6,2.0,7.8,9.8,6.8,6.8,0.0,0.0,2.9,2.9,3.9,31.2,-2.0,46.4,1,0,54.7,1,13222,1,13222,2081,2470,147,19174,823,258,9208,8016,6151,10343,8605,4990,5723,4237,967,12854,8263,1418,11036,6546,1712,14019,4587,1,150,1507,1,36:52
2024-25,1642422,Armel Traoré,Armel,1610612747,LAL,Los Angeles Lakers,0022400296,2024-11-27T00:00:00,LAL @ SAS,W,2.816666666666667,12.8,12.8,1.0,0.0,0.0,0.0,0.0,0.0,0.0,0.0,0.0,0.0,0.0,0.0,12.8,0.0,0.0,0.0,0.0,25.6,-12.8,63.9,0,0,51.1,1,1,13086,1,25057,1121,12246,1,15070,20945,15070,13505,14344,13505,14058,22137,23286,19908,16469,68,8263,8846,20257,17725,3899,19048,789,2246,150,2247,1,2:49
2024-25,1628963,Marvin Bagley III,Marvin,1610612764,WAS,Washington Wizards,0022400291,2024-11-27T00:00:00,WAS vs. LAC,L,7.583333333333333,14.2,28.5,0.5,0.0,4.7,0.0,4.7,4.7,1.0,9.5,9.5,19.0,0.0,0.0,4.7,0.0,0.0,0.0,9.5,33.2,38.0,70.3,0,0,61.7,1,13222,1,13222,22957,635,362,8526,15070,13844,15070,4434,6403,1,475,3016,701,19908,16469,1050,8263,8846,20257,524,1276,1118,422,2246,150,671,1,7:35
2024-25,1630534,Ochai Agbaji,Ochai,1610612761,TOR,Toronto Raptors,0022400295,2024-11-27T00:00:00,TOR @ NOP,W,27.833333333333332,11.6,12.9,0.9,7.8,9.1,0.857,0.0,0.0,0.0,0.0,7.8,7.8,2.6,0.0,1.3,1.3,0.0,2.6,0.0,31.0,42.7,52.0,0,0,54.3,1,1,13086,1,9684,1771,11965,1303,522,4733,1329,13505,14344,13505,14058,5065,8697,14256,16469,9498,5677,8846,12469,17725,1768,794,2708,2246,150,1572,1,27:50
2024-25,1628370,Malik Monk,Malik,1610612758,SAC,Sacramento Kings,0022400294,2024-11-27T00:00:00,SAC @ MIN,W,34.666666666666664,11.4,16.6,0.688,3.1,5.2,0.6,2.1,3.1,0.667,1.0,7.3,8.3,9.3,2.1,1.0,0.0,1.0,4.2,2.1,28.0,14.5,53.1,0,0,50.9,1,1,13086,1,3721,1923,6279,3227,6181,12716,2992,10370,9681,9425,12954,5875,7753,1789,10114,11601,8263,7589,6683,12725,2770,5805,2430,2246,150,2289,1,34:40
2024-25,1630169,Tyrese Haliburton,Tyrese,1610612754,IND,Indiana Pacers,0022400288,2024-11-27T00:00:00,IND vs. POR,W,38.85,7.4,13.9,0.533,4.6,9.3,0.5,6.5,6.5,1.0,1.9,4.6,6.5,9.3,2.8,1.9,0.0,0.0,1.9,3.7,25.9,15.8,50.4,1,0,50.0,1,1,13086,1,941,7982,10345,8140,2835,4431,3944,2418,3901,1,9032,11903,11211,1829,7290,7015,8263,8846,15925,7117,3711,5336,3150,1,150,2523,1,38:51
2024-25,1628371,Jonathan Isaac,Jonathan,1610612753,ORL,Orlando Magic,0022400289,2024-11-27T00:00:00,ORL vs. CHI,W,22.2,1.6,8.1,0.2,0.0,3.2,0.0,3.2,3.2,1.0,1.6,8.1,9.7,1.6,0.0,1.6,4.9,0.0,0.0,4.9,6.5,17.8,40.1,0,0,30.8,1,1,13086,1,14344,22003,20072,21401,15070,17188,15070,7221,9430,1,9838,4552,5756,17590,16469,7911,553,8846,20257,4359,21057,4610,7729,2246,150,13320,1,22:12
2024-25,203468,CJ McCollum,CJ,1610612740,NOP,New Orleans Pelicans,0022400295,2024-11-27T00:00:00,NOP vs. TOR,L,29.9,8.4,24.1,0.35,4.8,13.2,0.364,1.2,3.6,0.333,1.2,2.4,3.6,4.8,2.4,0.0,0.0,0.0,1.2,3.6,22.9,-24.1,32.0,0,0,36.1,1,13222,1,13222,7869,5747,1036,17337,2534,1189,9100,12572,8661,13132,11768,18460,18292,7878,8619,12854,8263,8846,18514,7360,5574,22599,13303,2246,150,9285,1,29:54
2024-25,1641757,Jordan Miller,Jordan,1610612746,LAC,LA Clippers,0022400291,2024-11-27T00:00:00,LAC @ WAS,W,20.1,12.5,17.9,0.7,1.8,5.4,0.333,0.0,3.6,0.0,1.8,1.8,3.6,3.6,5.4,0.0,0.0,0.0,1.8,1.8,26.9,5.4,31.2,0,0,35.8,1,1,13086,1,15948,1228,4795,3045,11110,12269,9209,13505,8723,13505,9272,20262,18364,11134,1925,12854,8263,8846,16227,13964,3264,9907,13933,2246,150,9504,1,20:06
2024-25,203994,Jusuf Nurkić,Jusuf,1610612756,PHX,Phoenix Suns,0022400297,2024-11-27T00:00:00,PHX vs. BKN,L,16.8,4.3,4.3,1.0,0.0,0.0,0.0,4.3,4.3,1.0,2.1,12.9,15.0,2.1,2.1,0.0,0.0,0.0,6.4,4.3,12.9,-27.9,31.9,0,0,30.0,1,13222,1,13222,18385,16357,23937,1,15070,20945,15070,5181,7236,1,7784,1062,1766,15848,9763,12854,8263,8846,2468,5628,15235,23405,13378,2246,150,13941,1,16:48
2024-25,1628991,Jaren Jackson Jr.,Jaren,1610612763,MEM,Memphis Grizzlies,0022400293,2024-11-27T00:00:00,MEM vs. DET,W,22.233333333333334,8.1,25.9,0.313,0.0,11.3,0.0,3.2,4.9,0.667,4.9,4.9,9.7,3.2,3.2,3.2,1.6,3.2,4.9,9.7,19.4,16.2,47.3,0,0,42.1,1,1,13086,1,14326,6423,653,19175,15070,2235,15070,7235,6185,9425,2497,11263,5779,12178,5704,2666,4503,1117,4934,472,8437,5189,4216,2246,150,5595,1,22:14
2024-25,1631170,Jaime Jaquez Jr.,Jaime,1610612748,MIA,Miami Heat,0022400286,2024-11-27T00:00:00,MIA @ CHA,W,20.483333333333334,5.3,17.6,0.3,0.0,3.5,0.0,8.8,8.8,1.0,1.8,10.5,12.3,0.0,1.8,1.8,0.0,1.8,0.0,7.0,19.3,-7.0,37.6,0,0,35.2,1,1,13086,1,15651,13617,5164,19363,15070,16625,15070,1078,1998,1,9391,2194,3267,19908,11709,7411,8263,4013,20257,1639,8521,16513,9280,2246,150,9990,1,20:29
2024-25,1630245,Ayo Dosunmu,Ayo,1610612741,CHI,Chicago Bulls,0022400289,2024-11-27T00:00:00,CHI @ ORL,L,30.678333333333335,11.7,14.1,0.833,1.2,3.5,0.333,0.0,2.3,0.0,1.2,3.5,4.7,2.3,0.0,1.2,0.0,0.0,1.2,2.3,24.6,-22.3,37.3,0,0,35.2,1,13222,1,13222,7148,1701,10038,1514,13514,16613,9209,13505,11637,13505,11971,15176,15584,15066,16469,10409,8263,8846,18699,11559,4397,22163,9461,2246,150,9947,1,30:41
2024-25,203897,Zach LaVine,Zach,1610612741,CHI,Chicago Bulls,0022400289,2024-11-27T00:00:00,CHI @ ORL,L,31.05,3.5,10.4,0.333,1.2,5.8,0.2,1.2,2.3,0.5,1.2,4.6,5.8,11.6,2.3,1.2,0.0,3.5,3.5,2.3,9.3,-23.2,34.8,0,0,30.1,1,13222,1,13222,6839,18368,16325,17395,13594,11209,13429,12723,11720,10625,12048,11887,12765,814,8987,10507,8263,932,8805,11663,18832,22379,11217,2246,150,13839,1,31:03
2024-25,1630583,Santi Aldama,Santi,1610612763,MEM,Memphis Grizzlies,0022400293,2024-11-27T00:00:00,MEM vs. DET,W,22.516666666666666,6.4,11.2,0.571,1.6,4.8,0.333,0.0,0.0,0.0,1.6,8.0,9.6,1.6,0.0,0.0,0.0,0.0,1.6,1.6,14.4,-4.8,28.3,0,0,27.2,1,1,13086,1,14094,10464,15032,6538,11679,13718,9209,13505,14344,13505,9928,4710,5933,17656,16469,12854,8263,8846,16880,14640,13515,15469,15993,2246,150,16035,1,22:31
2024-25,201566,Russell Westbrook,Russell,1610612743,DEN,Denver Nuggets,0022400298,2024-11-27T00:00:00,DEN @ UTA,W,19.433333333333334,5.6,16.7,0.333,1.9,7.4,0.25,5.6,7.4,0.75,0.0,1.9,1.9,9.3,5.6,3.7,1.9,0.0,0.0,3.7,18.5,11.1,45.8,0,0,42.6,1,1,13086,1,16470,12824,6215,17395,10866,7591,11902,3357,2990,8186,14058,20105,22080,1833,1766,1961,3923,8846,20257,7121,9298,7184,4835,2246,150,5349,1,19:26
2024-25,101108,Chris Paul,Chris,1610612759,SAS,San Antonio Spurs,0022400296,2024-11-27T00:00:00,SAS vs. LAL,L,24.583333333333332,1.5,8.8,0.167,0.0,5.9,0.0,4.4,4.4,1.0,0.0,2.9,2.9,8.8,0.0,1.5,0.0,0.0,2.9,1.5,7.3,1.5,28.4,0,0,22.0,1,13222,1,13222,12389,22214,19047,21938,15070,11055,15070,5003,7041,1,14058,16974,19914,2194,16469,8556,8263,8846,11039,15155,20468,11885,15934,2246,150,19693,1,24:35
2024-25,1629012,Collin Sexton,Collin,1610612762,UTA,Utah Jazz,0022400298,2024-11-27T00:00:00,UTA vs. DEN,L,39.483333333333334,8.2,14.6,0.563,1.8,4.6,0.4,5.5,6.4,0.857,0.9,0.0,0.9,3.6,1.8,0.0,0.0,1.8,0.9,2.7,23.7,-11.9,28.4,0,0,30.1,1,13222,1,13222,725,6197,9223,7127,10978,14297,7874,3446,4025,7071,13854,22137,23258,10945,11442,12854,8263,3820,20114,10213,4977,18689,15908,2246,150,13881,1,39:29
2024-25,203486,Mason Plumlee,Mason,1610612756,PHX,Phoenix Suns,0022400297,2024-11-27T00:00:00,PHX vs. BKN,L,15.745,4.6,4.6,1.0,0.0,0.0,0.0,4.6,4.6,1.0,2.3,6.9,9.1,4.6,0.0,0.0,0.0,0.0,2.3,6.9,13.7,13.7,31.6,0,0,27.4,1,13222,1,13222,19107,15565,23758,1,15070,20945,15070,4731,6706,1,7290,6609,6515,8472,16469,12854,8263,8846,13704,1772,14254,6118,13640,2246,150,15843,1,15:45
2024-25,1630230,Naji Marshall,Naji,1610612742,DAL,Dallas Mavericks,0022400292,2024-11-27T00:00:00,DAL vs. NYK,W,30.183333333333334,11.9,20.3,0.588,2.4,7.2,0.333,2.4,2.4,1.0,3.6,0.0,3.6,1.2,2.4,0.0,0.0,1.2,2.4,1.2,28.6,8.3,32.3,0,0,35.8,1,1,13086,1,7604,1567,2786,6229,8531,8129,9209,9382,11532,1,4248,22137,18373,19036,8722,12854,8263,6320,13285,16439,2562,8462,13071,2246,150,9528,1,30:11
2024-25,1630539,Kai Jones,Kai,1610612746,LAC,LA Clippers,0022400291,2024-11-27T00:00:00,LAC @ WAS,W,8.216666666666667,8.8,8.8,1.0,0.0,0.0,0.0,0.0,0.0,0.0,0.0,8.8,8.8,0.0,0.0,0.0,4.4,0.0,8.8,0.0,17.5,-17.5,41.2,0,0,35.1,1,1,13086,1,22729,5155,19083,1,15070,20945,15070,13505,14344,13505,14058,3761,7084,19908,16469,12854,717,8846,1043,17725,10299,20791,7056,2246,150,10060,1,8:13
2024-25,1630231,KJ Martin,KJ,1610612755,PHI,Philadelphia 76ers,0022400290,2024-11-27T00:00:00,PHI vs. HOU,L,22.31,4.8,9.7,0.5,0.0,0.0,0.0,3.2,3.2,1.0,1.6,1.6,3.2,1.6,0.0,1.6,3.2,3.2,9.7,1.6,12.9,-8.1,33.7,0,0,27.4,1,13222,1,13222,14273,14833,17611,8526,15070,20945,15070,7262,9462,1,9871,20648,19156,17606,16469,7937,1449,1129,771,14582,15188,17001,12030,2246,150,15846,1,22:19
2024-25,1629611,Terance Mann,Terance,1610612746,LAC,LA Clippers,0022400291,2024-11-27T00:00:00,LAC @ WAS,W,24.766666666666666,2.9,7.3,0.4,0.0,1.5,0.0,2.9,4.4,0.667,1.5,0.0,1.5,5.8,0.0,5.8,0.0,1.5,1.5,4.4,8.7,-1.5,36.6,0,0,27.6,1,1,13086,1,12199,19642,21251,14933,15070,20319,15070,8070,7090,9425,10522,22137,22631,5829,16469,529,8263,4971,17431,5447,19328,13780,9933,2246,150,15704,1,24:46
2024-25,202692,Alec Burks,Alec,1610612748,MIA,Miami Heat,0022400286,2024-11-27T00:00:00,MIA @ CHA,W,6.0,6.0,6.0,1.0,0.0,0.0,0.0,0.0,0.0,0.0,6.0,12.0,18.0,0.0,6.0,0.0,0.0,0.0,6.0,0.0,12.0,12.0,27.6,0,0,30.0,1,1,13086,1,23599,11500,22595,1,15070,20945,15070,13505,14344,13505,1612,1347,898,19908,1378,12854,8263,8846,2940,17725,16132,6794,16499,2246,150,13941,1,6:00
2024-25,1629632,Coby White,Coby,1610612741,CHI,Chicago Bulls,0022400289,2024-11-27T00:00:00,CHI @ ORL,L,25.983333333333334,4.2,13.9,0.3,2.8,9.7,0.286,1.4,1.4,1.0,0.0,2.8,2.8,2.8,6.9,0.0,0.0,1.4,2.8,2.8,12.5,-40.2,13.0,0,0,20.8,1,13222,1,13222,11176,16714,10417,19363,7316,3849,11433,12050,13606,1,14058,17505,20319,13684,922,12854,8263,5237,11763,10073,15630,24854,23764,2246,150,20418,1,25:59
2024-25,1631323,Simone Fontecchio,Simone,1610612765,DET,Detroit Pistons,0022400293,2024-11-27T00:00:00,DET @ MEM,L,21.933333333333334,11.5,14.8,0.778,4.9,8.2,0.6,1.6,1.6,1.0,0.0,3.3,3.3,1.6,3.3,0.0,1.6,1.6,1.6,1.6,29.5,-24.6,37.6,0,0,42.7,1,13222,1,13222,14543,1872,8949,1994,2369,6072,2992,11522,13350,1,14058,15842,19031,17534,5553,12854,4449,4326,16745,14487,2260,22725,9295,2246,150,5326,1,21:56
2024-25,1627884,Derrick Jones Jr.,Derrick,1610612746,LAC,LA Clippers,0022400291,2024-11-27T00:00:00,LAC @ WAS,W,18.066666666666666,6.0,10.0,0.6,0.0,0.0,0.0,0.0,0.0,0.0,6.0,6.0,12.0,2.0,6.0,2.0,0.0,0.0,10.0,0.0,12.0,35.9,29.3,0,0,29.9,1,1,13086,1,17524,11584,17119,5394,15070,20945,15070,13505,14344,13505,1639,8383,3530,16403,1401,6282,8263,8846,714,17725,16190,1308,15292,2246,150,14033,1,18:04
2024-25,1642276,Kel'el Ware,Kel'el,1610612748,MIA,Miami Heat,0022400286,2024-11-27T00:00:00,MIA @ CHA,W,12.03,3.0,6.0,0.5,0.0,3.0,0.0,6.0,6.0,1.0,0.0,12.0,12.0,0.0,3.0,3.0,3.0,0.0,0.0,3.0,12.0,3.0,41.3,0,0,35.9,1,1,13086,1,21218,19452,22622,8526,15070,17682,15070,2878,4497,1,14058,1378,3520,19908,6517,3173,1712,8846,20257,9288,16171,11126,6991,2246,150,9442,1,12:02
2024-25,1628969,Mikal Bridges,Mikal,1610612752,NYK,New York Knicks,0022400292,2024-11-27T00:00:00,NYK @ DAL,L,39.25,7.3,17.4,0.421,3.7,9.2,0.4,0.0,0.0,0.0,1.8,2.8,4.6,0.0,1.8,0.0,0.0,0.0,0.9,0.9,18.3,-10.1,22.0,0,0,26.6,1,13222,1,13222,795,8152,5324,14442,4762,4579,7874,13505,14344,13505,9115,17554,15841,19908,11392,12854,8263,8846,20099,17630,9470,17920,20139,2246,150,16469,1,39:15
2024-25,1630557,Corey Kispert,Corey,1610612764,WAS,Washington Wizards,0022400291,2024-11-27T00:00:00,WAS vs. LAC,L,22.75,6.3,12.7,0.5,1.6,6.3,0.25,0.0,0.0,0.0,0.0,6.3,6.3,1.6,1.6,3.2,0.0,0.0,1.6,0.0,14.2,-12.7,32.1,0,0,30.1,1,13222,1,13222,13906,10620,12466,8526,11740,9921,11902,13505,14344,13505,14058,7636,11543,17703,12409,2808,8263,8846,16924,17725,13677,19003,13239,2246,150,13898,1,22:45
2024-25,1630526,Jeremiah Robinson-Earl,Jeremiah,1610612740,NOP,New Orleans Pelicans,0022400295,2024-11-27T00:00:00,NOP vs. TOR,L,33.083333333333336,6.5,15.2,0.429,2.2,6.5,0.333,0.0,0.0,0.0,2.2,8.7,10.9,3.3,1.1,2.2,0.0,1.1,2.2,0.0,15.2,-1.1,38.6,1,0,35.9,1,13222,1,13222,5083,10116,8197,13735,9327,9480,9209,13505,14344,13505,7667,3836,4516,12096,15211,5487,8263,7163,14214,17725,12672,13606,8631,1,150,9447,1,33:05
2024-25,202710,Jimmy Butler III,Jimmy,1610612748,MIA,Miami Heat,0022400286,2024-11-27T00:00:00,MIA @ CHA,W,25.016666666666666,2.9,2.9,1.0,2.9,2.9,1.0,0.0,0.0,0.0,0.0,5.8,5.8,4.3,2.9,0.0,0.0,0.0,0.0,0.0,8.6,20.1,19.1,0,0,21.6,1,1,13086,1,11990,19712,24530,1,6948,17900,1,13505,14344,13505,14058,8898,12886,9081,6926,12854,8263,8846,20257,17725,19397,3909,21579,2246,150,19909,1,25:01
2024-25,1628964,Mo Bamba,Mo,1610612746,LAC,LA Clippers,0022400291,2024-11-27T00:00:00,LAC @ WAS,W,16.05,4.5,15.7,0.286,0.0,9.0,0.0,4.5,6.7,0.667,0.0,9.0,9.0,4.5,0.0,0.0,4.5,0.0,2.2,4.5,13.5,-2.2,44.4,0,0,35.9,1,1,13086,1,18894,15826,7546,19630,15070,4874,15070,4856,3626,9425,14058,3543,6788,8691,16469,12854,686,8846,13910,5174,14564,14171,5457,2246,150,9459,1,16:03
2024-25,1642367,Jonathan Mogbo,Jonathan,1610612761,TOR,Toronto Raptors,0022400295,2024-11-27T00:00:00,TOR @ NOP,W,14.8,4.9,9.7,0.5,0.0,0.0,0.0,0.0,0.0,0.0,2.4,2.4,4.9,2.4,0.0,2.4,0.0,2.4,2.4,0.0,9.7,-12.2,26.5,0,0,21.9,1,1,13086,1,19704,14759,17510,8526,15070,20945,15070,13505,14344,13505,6830,18380,15144,14763,16469,4580,8263,2150,13060,17725,18415,18801,17284,2246,150,19732,1,14:48
2024-25,1631245,Quenton Jackson,Quenton,1610612754,IND,Indiana Pacers,0022400288,2024-11-27T00:00:00,IND vs. POR,W,32.5,4.4,11.1,0.4,0.0,1.1,0.0,1.1,2.2,0.5,4.4,1.1,5.5,4.4,2.2,2.2,1.1,1.1,4.4,4.4,10.0,14.4,31.0,0,0,26.6,1,1,13086,1,5553,15979,15229,14933,15070,20736,15070,12895,12041,10625,3012,21737,13446,8811,9456,5337,6744,6985,5938,5281,18185,5859,14052,2246,150,16476,1,32:30
2024-25,203926,Doug McDermott,Doug,1610612758,SAC,Sacramento Kings,0022400294,2024-11-27T00:00:00,SAC @ MIN,W,1.3166666666666667,0.0,27.3,0.0,0.0,27.3,0.0,0.0,0.0,0.0,0.0,27.3,27.3,0.0,0.0,0.0,0.0,0.0,27.3,0.0,0.0,-136.7,32.8,0,0,27.3,1,1,13086,1,25907,22635,459,22635,15070,90,15070,13505,14344,13505,14058,54,124,19908,16469,12854,8263,8846,53,17725,23200,26243,12713,2246,150,15905,1,1:19
2024-25,1641726,Dereck Lively II,Dereck,1610612742,DAL,Dallas Mavericks,0022400292,2024-11-27T00:00:00,DAL vs. NYK,W,29.1,4.9,6.2,0.8,0.0,0.0,0.0,4.9,4.9,1.0,2.5,8.7,11.1,2.5,0.0,2.5,1.2,0.0,4.9,2.5,14.8,0.0,43.1,0,0,35.9,1,1,13086,1,8594,14555,22439,1688,15070,20945,15070,4123,6028,1,6691,3873,4288,14636,16469,4454,5957,8846,4728,11081,13077,12240,6115,2246,150,9464,1,29:06
2024-25,1630171,Isaac Okoro,Isaac,1610612739,CLE,Cleveland Cavaliers,0022400287,2024-11-27T00:00:00,CLE vs. ATL,L,22.735,4.8,12.7,0.375,3.2,7.9,0.4,0.0,0.0,0.0,3.2,3.2,6.3,4.8,0.0,0.0,0.0,0.0,1.6,0.0,12.7,-4.8,27.4,0,0,26.9,1,13222,1,13222,13922,15113,12452,16299,6044,6591,7874,13505,14344,13505,5012,16209,11541,8052,16469,12854,8263,8846,16922,17725,15429,15445,16664,2246,150,16213,1,22:44
2024-25,1641739,Toumani Camara,Toumani,1610612757,POR,Portland Trail Blazers,0022400288,2024-11-27T00:00:00,POR @ IND,L,24.3,4.4,5.9,0.75,3.0,4.4,0.667,0.0,0.0,0.0,4.4,1.5,5.9,3.0,4.4,1.5,0.0,0.0,5.9,1.5,11.9,-14.8,23.4,0,0,26.7,1,13222,1,13222,12648,15941,22682,2107,6641,14579,1957,13505,14344,13505,2990,20912,12462,13046,3080,8488,8263,8846,3042,15077,16292,19833,19309,2246,150,16421,1,24:18
2024-25,1626220,Royce O'Neale,Royce,1610612756,PHX,Phoenix Suns,0022400297,2024-11-27T00:00:00,PHX vs. BKN,L,28.538333333333334,3.8,6.3,0.6,2.5,5.0,0.5,0.0,0.0,0.0,0.0,5.0,5.0,2.5,1.3,5.0,0.0,0.0,5.0,0.0,10.1,-8.8,33.8,0,0,30.3,1,13222,1,13222,9081,17608,22313,5394,8073,13092,3944,13505,14344,13505,14058,10743,14688,14465,14034,877,8263,8846,4515,17725,18063,17345,11963,2246,150,13736,1,28:32
2024-25,203109,Jae Crowder,Jae,1610612758,SAC,Sacramento Kings,0022400294,2024-11-27T00:00:00,SAC @ MIN,W,27.093333333333334,4.0,6.6,0.6,2.7,5.3,0.5,0.0,0.0,0.0,2.7,2.7,5.3,0.0,2.7,1.3,0.0,0.0,5.3,0.0,10.6,21.3,18.3,0,0,21.3,1,1,13086,1,10279,17124,21967,5394,7660,12426,3944,13505,14344,13505,6209,17794,14006,19908,7665,9305,8263,8846,3997,17725,17530,3635,21949,2246,150,20122,1,27:06
2024-25,203915,Spencer Dinwiddie,Spencer,1610612742,DAL,Dallas Mavericks,0022400292,2024-11-27T00:00:00,DAL vs. NYK,W,32.88333333333333,8.8,12.0,0.727,3.3,5.5,0.6,2.2,2.2,1.0,1.1,2.2,3.3,9.9,1.1,1.1,0.0,0.0,4.4,1.1,23.0,9.9,43.9,0,0,41.6,1,1,13086,1,5255,5161,13523,2666,5721,12024,2992,9986,12117,1,12508,19099,19024,1507,15167,11062,8263,8846,6072,16932,5488,7763,5719,2246,150,5853,1,32:53
2024-25,1642275,Tidjane Salaün,Tidjane,1610612766,CHA,Charlotte Hornets,0022400286,2024-11-27T00:00:00,CHA vs. MIA,L,37.583333333333336,6.7,11.5,0.583,2.9,6.7,0.429,0.0,0.0,0.0,2.9,1.0,3.8,1.9,1.0,2.9,0.0,0.0,3.8,1.0,16.3,0.0,31.4,0,0,30.7,1,13222,1,13222,1639,9669,14483,6296,6974,9096,7394,13505,14344,13505,5656,22044,17744,16696,16100,3478,8263,8846,7650,17523,11625,12240,13733,2246,150,13441,1,37:35
2024-25,1630200,Tre Jones,Tre,1610612759,SAS,San Antonio Spurs,0022400296,2024-11-27T00:00:00,SAS vs. LAL,L,13.633333333333333,2.6,7.9,0.333,0.0,2.6,0.0,0.0,0.0,0.0,0.0,2.6,2.6,13.2,0.0,0.0,0.0,0.0,0.0,0.0,5.3,-29.0,28.3,0,0,21.1,1,13222,1,13222,20399,20205,20381,17395,15070,18374,15070,13505,14344,13505,14058,17848,20564,497,16469,12854,8263,8846,20257,17725,21863,23595,16036,2246,150,20203,1,13:38
2024-25,1629636,Darius Garland,Darius,1610612739,CLE,Cleveland Cavaliers,0022400287,2024-11-27T00:00:00,CLE vs. ATL,L,32.56666666666667,7.7,15.5,0.5,2.2,7.7,0.286,3.3,3.3,1.0,1.1,1.1,2.2,7.7,1.1,1.1,0.0,0.0,3.3,3.3,21.0,-15.5,37.5,0,0,35.4,1,13222,1,13222,5509,7189,7858,8526,9195,6921,11433,7072,9268,1,12424,21743,21390,3142,15100,10972,8263,8846,9394,8204,7077,20089,9361,2246,150,9820,1,32:34
2024-25,1630625,Dalano Banton,Dalano,1610612757,POR,Portland Trail Blazers,0022400288,2024-11-27T00:00:00,POR @ IND,L,16.498333333333335,6.5,10.9,0.6,4.4,8.7,0.5,0.0,0.0,0.0,2.2,6.5,8.7,2.2,4.4,2.2,2.2,0.0,2.2,2.2,17.5,13.1,39.9,0,0,41.5,1,13222,1,13222,18604,10073,15511,5394,3295,5223,3944,13505,14344,13505,7645,7214,7131,15688,3203,5471,2986,8846,14182,12239,10372,6356,7810,2246,150,5943,1,16:30
2024-25,1631222,Jake LaRavia,Jake,1610612763,MEM,Memphis Grizzlies,0022400293,2024-11-27T00:00:00,MEM vs. DET,W,25.083333333333332,11.5,12.9,0.889,4.3,5.7,0.75,0.0,0.0,0.0,0.0,2.9,2.9,4.3,1.4,0.0,1.4,0.0,4.3,0.0,27.3,24.4,40.0,0,0,41.6,1,1,13086,1,11930,1881,12007,1318,3378,11359,1542,13505,14344,13505,14058,17176,20061,9111,13079,12854,5099,8846,6269,17725,3081,2949,7739,2246,150,5837,1,25:05
2024-25,203110,Draymond Green,Draymond,1610612744,GSW,Golden State Warriors,0022400299,2024-11-27T00:00:00,GSW vs. OKC,L,32.2,4.5,12.3,0.364,2.2,8.9,0.25,0.0,0.0,0.0,3.4,12.3,15.7,6.7,3.4,1.1,2.2,0.0,1.1,3.4,11.2,5.6,46.7,1,0,42.5,1,13222,1,13222,5800,15857,13082,16861,9093,4907,11902,13505,14344,13505,4635,1231,1540,4413,5349,10878,2869,8846,18998,8088,17011,9800,4434,1,150,5416,1,32:12
2024-25,1627750,Jamal Murray,Jamal,1610612743,DEN,Denver Nuggets,0022400298,2024-11-27T00:00:00,DEN @ UTA,W,36.43333333333333,9.9,17.8,0.556,1.0,5.9,0.167,1.0,1.0,1.0,2.0,2.0,4.0,7.9,1.0,4.0,0.0,1.0,2.0,1.0,21.7,17.8,49.2,0,0,42.5,1,1,13086,1,2379,3357,4919,7248,14615,10863,14236,13270,14233,1,8494,19739,17437,2994,15919,1682,8263,8023,15271,17432,6432,4630,3538,2246,150,5414,1,36:26
2024-25,1630643,Jay Huff,Jay,1610612763,MEM,Memphis Grizzlies,0022400293,2024-11-27T00:00:00,MEM vs. DET,W,22.35,4.8,11.3,0.429,3.2,8.1,0.4,8.1,9.7,0.833,0.0,3.2,3.2,4.8,1.6,0.0,1.6,1.6,8.1,4.8,20.9,14.5,35.3,0,0,35.4,1,1,13086,1,14231,14851,14877,13735,5898,6358,7874,1388,1520,7275,14058,16013,19171,7828,12293,12854,4523,4406,1339,4430,7132,5826,10884,2246,150,9767,1,22:21
2024-25,1642272,Jared McCain,Jared,1610612755,PHI,Philadelphia 76ers,0022400290,2024-11-27T00:00:00,PHI vs. HOU,L,41.03333333333333,5.3,16.7,0.316,0.0,6.1,0.0,2.6,3.5,0.75,0.0,5.3,5.3,0.9,2.6,0.9,0.0,0.9,0.0,1.8,13.2,-8.8,20.8,0,0,21.1,1,13222,1,13222,366,13633,6221,19148,15070,10340,15070,8731,8870,8186,14058,10115,14125,19878,7762,12742,8263,8719,20257,14095,14928,17316,20792,2246,150,20251,1,41:02
2024-25,1629675,Naz Reid,Naz,1610612750,MIN,Minnesota Timberwolves,0022400294,2024-11-27T00:00:00,MIN vs. SAC,L,23.573333333333334,4.6,10.7,0.429,0.0,4.6,0.0,1.5,3.1,0.5,0.0,4.6,4.6,1.5,4.6,4.6,4.6,0.0,4.6,1.5,10.7,-7.6,41.4,0,0,35.1,1,13222,1,13222,13253,15541,15910,13735,15070,14232,15070,11738,9834,10625,14058,12040,15849,17882,2876,1162,657,8846,5587,14891,17484,16802,6937,2246,150,10009,1,23:34
2024-25,1630540,Miles McBride,Miles,1610612752,NYK,New York Knicks,0022400292,2024-11-27T00:00:00,NYK @ DAL,L,15.316666666666666,2.4,4.7,0.5,0.0,2.4,0.0,7.1,7.1,1.0,0.0,4.7,4.7,4.7,0.0,2.4,2.4,0.0,2.4,2.4,11.8,-7.1,38.5,0,0,30.6,1,13222,1,13222,19361,20757,23683,8526,15070,18906,15070,1977,3318,1,14058,11698,15561,8185,16469,4867,2644,8846,13435,11541,16397,16527,8675,2246,150,13510,1,15:19
2024-25,1627741,Buddy Hield,Buddy,1610612744,GSW,Golden State Warriors,0022400299,2024-11-27T00:00:00,GSW vs. OKC,L,23.018333333333334,7.8,12.5,0.625,7.8,12.5,0.625,3.1,3.1,1.0,0.0,4.7,4.7,0.0,3.1,1.6,0.0,0.0,9.4,1.6,26.6,9.4,33.8,0,0,42.2,1,13222,1,13222,13709,7028,12708,4899,508,1515,2868,7478,9651,1,14058,11731,15590,19908,6044,8135,8263,8846,847,14748,3391,8000,11991,2246,150,5534,1,23:01
2024-25,202704,Reggie Jackson,Reggie,1610612755,PHI,Philadelphia 76ers,0022400290,2024-11-27T00:00:00,PHI vs. HOU,L,5.083333333333333,0.0,0.0,0.0,0.0,0.0,0.0,0.0,0.0,0.0,0.0,0.0,0.0,7.1,0.0,0.0,14.2,0.0,7.1,0.0,0.0,28.3,53.1,0,0,35.4,1,13222,1,13222,23956,22635,24836,22635,15070,20945,15070,13505,14344,13505,14058,22137,23286,3907,16469,12854,28,8846,1907,17725,23200,2207,2415,2246,150,9785,1,5:05
2024-25,1641729,Brice Sensabaugh,Brice,1610612762,UTA,Utah Jazz,0022400038,2024-11-26T00:00:00,UTA vs. SAS,L,26.533333333333335,8.1,14.9,0.545,5.4,9.5,0.571,0.0,0.0,0.0,0.0,0.0,0.0,0.0,4.1,1.4,0.0,1.4,1.4,0.0,21.7,-20.4,21.7,0,0,29.8,1,13222,1,13222,10701,6329,8721,7695,1819,4113,3506,13505,14344,13505,14058,22137,23286,19908,3740,9152,8263,5369,17798,17725,6463,21650,20314,2246,150,14063,1,26:32
2024-25,1642346,Ryan Dunn,Ryan,1610612756,PHX,Phoenix Suns,0022400039,2024-11-26T00:00:00,PHX vs. LAL,W,15.288333333333334,4.7,14.1,0.333,2.4,9.4,0.25,0.0,0.0,0.0,2.4,7.1,9.4,2.4,0.0,2.4,0.0,0.0,7.1,0.0,11.8,18.8,33.7,0,0,30.6,1,1,13086,1,19387,15217,9954,17395,8647,4227,11902,13505,14344,13505,7072,6248,6155,15037,16469,4850,8263,8846,1933,17725,16372,4301,12056,2246,150,13471,1,15:17
2024-25,1626145,Tyus Jones,Tyus,1610612756,PHX,Phoenix Suns,0022400039,2024-11-26T00:00:00,PHX vs. LAL,W,33.36833333333333,4.3,8.6,0.5,0.0,2.2,0.0,0.0,0.0,0.0,0.0,1.1,1.1,6.5,1.1,5.4,0.0,0.0,1.1,0.0,8.6,24.8,34.7,0,0,27.0,1,1,13086,1,4838,16276,19300,8526,15070,19247,15070,13505,14344,13505,14058,21808,23116,4757,15284,686,8263,8846,19223,17725,19404,2860,11255,2246,150,16172,1,33:22
2024-25,1630162,Anthony Edwards,Anthony,1610612750,MIN,Minnesota Timberwolves,0022400037,2024-11-26T00:00:00,MIN vs. HOU,L,43.25,6.7,18.3,0.364,2.5,10.0,0.25,8.3,8.3,1.0,2.5,5.8,8.3,0.8,2.5,0.8,2.5,0.8,0.8,5.8,24.1,-11.7,42.9,1,0,42.5,1,13222,1,13222,132,9807,4362,16861,8154,3490,11902,1269,2309,1,6615,8728,7732,19896,8254,12816,2381,8798,20233,2855,4710,18601,6186,1,150,5432,1,43:15
2024-25,201567,Kevin Love,Kevin,1610612748,MIA,Miami Heat,0022400036,2024-11-26T00:00:00,MIA vs. MIL,L,6.95,0.0,25.9,0.0,0.0,10.4,0.0,10.4,10.4,1.0,5.2,15.5,20.7,0.0,0.0,5.2,0.0,5.2,0.0,5.2,10.4,0.0,50.8,0,0,41.4,1,13222,1,13222,23197,22635,655,22635,15070,3094,15070,596,1233,1,2215,485,446,19908,16469,794,8263,329,20257,3799,17796,12240,3055,2246,150,5954,1,6:57
2024-25,1628398,Kyle Kuzma,Kyle,1610612764,WAS,Washington Wizards,0022400035,2024-11-26T00:00:00,WAS vs. CHI,L,32.70333333333333,7.7,19.8,0.389,1.1,6.6,0.167,8.8,12.1,0.727,0.0,7.7,7.7,3.3,0.0,2.2,0.0,0.0,1.1,6.6,25.3,-18.7,46.1,0,0,41.8,1,13222,1,13222,5399,7263,3102,16009,13941,9309,14236,1069,739,9223,14058,5160,8796,11972,16469,5387,8263,8846,19098,1985,4045,21145,4688,2246,150,5740,1,32:42
2024-25,1626153,Delon Wright,Delon,1610612749,MIL,Milwaukee Bucks,0022400036,2024-11-26T00:00:00,MIL @ MIA,W,16.583333333333332,2.2,8.7,0.25,2.2,4.3,0.5,4.3,8.7,0.5,6.5,4.3,10.9,6.5,0.0,0.0,0.0,0.0,2.2,4.3,10.9,2.2,33.6,0,0,30.4,1,1,13086,1,18538,21095,19217,20233,9361,14815,3944,5088,2064,10625,1368,12679,4543,4692,16469,12854,8263,8846,14243,5488,17309,11527,12074,2246,150,13638,1,16:35
2024-25,203078,Bradley Beal,Bradley,1610612756,PHX,Phoenix Suns,0022400039,2024-11-26T00:00:00,PHX vs. LAL,W,27.383333333333333,13.1,19.7,0.667,3.9,7.9,0.5,0.0,0.0,0.0,0.0,2.6,2.6,2.6,3.9,0.0,1.3,0.0,3.9,3.9,30.2,10.5,37.3,0,0,42.1,1,1,13086,1,10029,977,3168,3281,4104,6645,3944,13505,14344,13505,14058,17876,20585,14118,3981,12854,5587,8846,7298,6457,2009,7461,9446,2246,150,5606,1,27:23
2024-25,1629640,Keldon Johnson,Keldon,1610612759,SAS,San Antonio Spurs,0022400038,2024-11-26T00:00:00,SAS @ UTA,W,19.183333333333334,5.6,16.9,0.333,1.9,9.4,0.2,5.6,7.5,0.75,0.0,9.4,9.4,0.0,1.9,0.0,0.0,0.0,3.8,3.8,18.8,16.9,28.1,0,0,30.0,1,1,13086,1,16683,12615,5925,17395,10731,4275,13429,3276,2901,8186,14058,3126,6208,19908,11172,12854,8263,8846,7898,6978,9063,4943,16105,2246,150,13925,1,19:11
2024-25,1631170,Jaime Jaquez Jr.,Jaime,1610612748,MIA,Miami Heat,0022400036,2024-11-26T00:00:00,MIA vs. MIL,L,13.6,2.6,5.3,0.5,0.0,0.0,0.0,0.0,0.0,0.0,0.0,10.6,10.6,5.3,5.3,0.0,0.0,0.0,0.0,0.0,5.3,-5.3,20.6,0,0,21.2,1,13222,1,13222,20422,20189,23257,8526,15070,20945,15070,13505,14344,13505,14058,2157,4823,6831,2008,12854,8263,8846,20257,17725,21851,15744,20878,2246,150,20169,1,13:36
2024-25,1641708,Amen Thompson,Amen,1610612745,HOU,Houston Rockets,0022400037,2024-11-26T00:00:00,HOU @ MIN,W,37.86666666666667,5.7,8.6,0.667,1.0,1.9,0.5,1.9,1.9,1.0,1.9,5.7,7.6,0.0,0.0,3.8,2.9,1.0,2.9,1.9,14.3,-1.9,43.4,0,0,36.1,1,1,13086,1,1463,12405,19416,3281,14789,19735,3944,10941,12970,1,8808,9030,8961,19908,16469,1844,1874,8334,11404,13504,13651,13980,5959,2246,150,9281,1,37:52
2024-25,1628415,Dillon Brooks,Dillon,1610612745,HOU,Houston Rockets,0022400037,2024-11-26T00:00:00,HOU @ MIN,W,40.65,7.1,12.4,0.571,3.5,6.2,0.571,1.8,1.8,1.0,1.8,0.9,2.7,1.8,1.8,0.0,0.0,0.0,2.7,1.8,19.5,5.3,23.6,0,0,27.5,1,1,13086,1,424,8733,12900,6538,5051,10201,3506,11294,13222,1,9351,22113,20526,17167,11667,12854,8263,8846,12214,14036,8391,9937,19228,2246,150,15827,1,40:39
2024-25,1630559,Austin Reaves,Austin,1610612747,LAL,Los Angeles Lakers,0022400039,2024-11-26T00:00:00,LAL @ PHX,L,30.611666666666668,7.1,14.1,0.5,2.4,7.1,0.333,1.2,1.2,1.0,1.2,2.4,3.5,2.4,1.2,2.4,0.0,1.2,0.0,2.4,17.6,-18.8,31.3,0,0,30.6,1,13222,1,13222,7215,8798,9986,8526,8658,8345,9209,12679,13928,1,11953,18618,18494,15050,14613,4865,8263,6435,20257,11534,10176,21185,13841,2246,150,13495,1,30:37
2024-25,1629234,Drew Eubanks,Drew,1610612762,UTA,Utah Jazz,0022400038,2024-11-26T00:00:00,UTA vs. SAS,L,13.916666666666666,10.3,12.9,0.8,0.0,0.0,0.0,2.6,5.2,0.5,2.6,5.2,7.8,5.2,10.3,0.0,2.6,0.0,5.2,2.6,23.3,7.8,37.8,0,0,41.4,1,13222,1,13222,20237,2871,11965,1688,15070,20945,15070,8835,5641,10625,6381,10346,8697,7078,305,12854,2237,8846,4243,10681,5304,8748,9181,2246,150,5981,1,13:55
2024-25,203994,Jusuf Nurkić,Jusuf,1610612756,PHX,Phoenix Suns,0022400039,2024-11-26T00:00:00,PHX vs. LAL,W,27.233333333333334,6.6,14.5,0.455,1.3,5.3,0.25,1.3,1.3,1.0,1.3,14.5,15.9,4.0,0.0,1.3,1.3,1.3,4.0,2.6,15.9,26.4,48.8,1,0,42.3,1,1,13086,1,10157,9902,9296,12676,12770,12498,11902,12243,13697,1,11091,656,1470,10022,16469,9337,5552,5537,7234,10495,12068,2535,3707,1,150,5498,1,27:14
2024-25,1641748,Andre Jackson Jr.,Andre,1610612749,MIL,Milwaukee Bucks,0022400036,2024-11-26T00:00:00,MIL @ MIA,W,26.433333333333334,4.1,5.4,0.75,0.0,1.4,0.0,0.0,0.0,0.0,0.0,12.3,12.3,1.4,2.7,1.4,1.4,0.0,4.1,2.7,8.2,15.0,30.4,0,0,27.2,1,1,13086,1,10788,16876,23123,2107,15070,20421,15070,13505,14344,13505,14058,1250,3301,18462,7458,9129,5401,8846,6885,10245,19774,5632,14522,2246,150,15991,1,26:26
2024-25,1629646,Charles Bassey,Charles,1610612759,SAS,San Antonio Spurs,0022400038,2024-11-26T00:00:00,SAS @ UTA,W,5.4,6.7,20.0,0.333,0.0,0.0,0.0,0.0,0.0,0.0,6.7,6.7,13.3,0.0,0.0,0.0,0.0,0.0,13.3,0.0,13.3,0.0,29.3,0,0,26.7,1,1,13086,1,23821,9781,2966,17395,15070,20945,15070,13505,14344,13505,1293,6969,2585,19908,16469,12854,8263,8846,312,17725,14711,12240,15259,2246,150,16421,1,5:24
2024-25,1629638,Nickeil Alexander-Walker,Nickeil,1610612750,MIN,Minnesota Timberwolves,0022400037,2024-11-26T00:00:00,MIN vs. HOU,L,30.31,7.1,8.3,0.857,0.0,1.2,0.0,1.2,1.2,1.0,1.2,1.2,2.4,3.6,2.4,0.0,0.0,0.0,2.4,2.4,15.4,2.4,21.3,0,0,21.4,1,13222,1,13222,7489,8643,19777,1412,15070,20639,15070,12637,13908,1,11882,21547,21057,11201,8753,12854,8263,8846,13329,11446,12473,11425,20561,2246,150,20054,1,30:19
2024-25,1628381,John Collins,John,1610612762,UTA,Utah Jazz,0022400038,2024-11-26T00:00:00,UTA vs. SAS,L,32.8,7.7,11.0,0.7,0.0,0.0,0.0,6.6,8.8,0.75,3.3,11.0,14.3,3.3,3.3,0.0,1.1,0.0,2.2,7.7,22.0,7.7,44.0,1,0,41.7,1,13222,1,13222,5326,7309,15398,3045,15070,20945,15070,2331,1999,8186,4759,1918,2111,12005,5525,12854,6801,8846,14120,1212,6257,8780,5668,1,150,5796,1,32:48
2024-25,1630572,Sandro Mamukelashvili,Sandro,1610612759,SAS,San Antonio Spurs,0022400038,2024-11-26T00:00:00,SAS @ UTA,W,12.133333333333333,11.9,11.9,1.0,3.0,3.0,1.0,0.0,0.0,0.0,3.0,3.0,5.9,0.0,0.0,3.0,0.0,0.0,0.0,0.0,26.7,29.7,42.7,0,0,41.5,1,1,13086,1,21178,1603,13824,1,6628,17727,1,13505,14344,13505,5422,16833,12442,19908,16469,3224,8263,8846,20257,17725,3344,2008,6259,2246,150,5884,1,12:08
2024-25,1630577,Julian Champagnie,Julian,1610612759,SAS,San Antonio Spurs,0022400038,2024-11-26T00:00:00,SAS @ UTA,W,35.71666666666667,4.0,9.1,0.444,4.0,9.1,0.444,3.0,3.0,1.0,1.0,2.0,3.0,2.0,2.0,3.0,0.0,0.0,1.0,1.0,15.1,13.1,28.8,0,0,30.2,1,1,13086,1,2887,17016,18610,13045,3936,4707,7211,7739,9917,1,13196,19611,19653,16317,10448,3100,8263,8846,19658,17370,12786,6350,15612,2246,150,13763,1,35:43
2024-25,1628374,Lauri Markkanen,Lauri,1610612762,UTA,Utah Jazz,0022400038,2024-11-26T00:00:00,UTA vs. SAS,L,33.46666666666667,5.4,15.1,0.357,0.0,6.5,0.0,4.3,4.3,1.0,3.2,5.4,8.6,2.2,3.2,2.2,0.0,1.1,2.2,2.2,15.1,-19.4,31.8,0,0,30.1,1,13222,1,13222,4761,13328,8504,17140,15070,9640,15070,5144,7202,1,4888,9833,7301,15812,5735,5585,8263,7261,14351,12388,12847,21364,13446,2246,150,13854,1,33:28
2024-25,1630581,Josh Giddey,Josh,1610612741,CHI,Chicago Bulls,0022400035,2024-11-26T00:00:00,CHI @ WAS,W,25.666666666666668,2.8,8.4,0.333,0.0,1.4,0.0,9.8,11.2,0.875,0.0,5.6,5.6,11.2,4.2,1.4,0.0,1.4,2.8,5.6,15.4,19.6,39.0,0,0,35.1,1,1,13086,1,11427,19865,19620,17395,15070,20380,15070,749,968,6931,14058,9280,13258,931,3488,8885,8263,5168,11624,3174,12497,4056,8416,2246,150,10047,1,25:40
2024-25,1627832,Fred VanVleet,Fred,1610612745,HOU,Houston Rockets,0022400037,2024-11-26T00:00:00,HOU @ MIN,W,44.9,8.0,20.0,0.4,4.8,9.6,0.5,0.8,0.8,1.0,0.0,6.4,6.4,8.8,0.8,0.0,0.0,0.8,2.4,1.6,21.6,17.6,41.8,1,0,41.7,1,1,13086,1,65,6601,2942,14933,2538,3949,3944,13497,14339,1,14058,7475,11354,2164,16452,12854,8263,8824,13173,14616,6507,4699,6737,1,150,5804,1,44:54
2024-25,1630200,Tre Jones,Tre,1610612759,SAS,San Antonio Spurs,0022400038,2024-11-26T00:00:00,SAS @ UTA,W,19.483333333333334,1.8,11.1,0.167,0.0,3.7,0.0,0.0,0.0,0.0,1.8,3.7,5.5,12.9,1.8,3.7,0.0,0.0,3.7,0.0,3.7,-12.9,39.0,0,0,29.6,1,1,13086,1,16431,21667,15218,21938,15070,16228,15070,13505,14344,13505,9050,14647,13433,544,11331,1971,8263,8846,8100,17725,22691,19101,8420,2246,150,14280,1,19:29
2024-25,1631117,Walker Kessler,Walker,1610612762,UTA,Utah Jazz,0022400038,2024-11-26T00:00:00,UTA vs. SAS,L,28.333333333333332,3.8,5.1,0.75,0.0,0.0,0.0,0.0,0.0,0.0,2.5,6.4,8.9,1.3,1.3,0.0,2.5,1.3,6.4,0.0,7.6,-16.5,26.6,0,0,22.9,1,13222,1,13222,9268,17533,23404,2107,15070,20945,15070,13505,14344,13505,6494,7589,6894,18759,13964,12854,2302,5809,2535,17725,20222,20449,17252,2246,150,19092,1,28:20
2024-25,1630264,Anthony Gill,Anthony,1610612764,WAS,Washington Wizards,0022400035,2024-11-26T00:00:00,WAS vs. CHI,L,7.963333333333333,4.5,9.0,0.5,0.0,4.5,0.0,9.0,18.1,0.5,4.5,9.0,13.6,0.0,0.0,0.0,0.0,0.0,0.0,9.0,18.1,9.0,34.4,0,0,31.6,1,13222,1,13222,22826,15712,18655,8526,15070,14381,15070,986,186,10625,2899,3474,2457,19908,16469,12854,8263,8846,20257,638,9754,8161,11551,2246,150,12676,1,7:58
2024-25,1642273,Kyshawn George,Kyshawn,1610612764,WAS,Washington Wizards,0022400035,2024-11-26T00:00:00,WAS vs. CHI,L,30.666666666666668,3.5,12.9,0.273,1.2,8.2,0.143,0.0,0.0,0.0,0.0,4.7,4.7,1.2,0.0,0.0,0.0,0.0,1.2,1.2,8.2,-12.9,15.6,0,0,15.3,1,13222,1,13222,7151,18276,12012,20048,13512,6059,14649,13505,14344,13505,14058,11715,15577,19100,16469,12854,8263,8846,18696,16533,19735,19095,22991,2246,150,22971,1,30:40
2024-25,1627763,Malcolm Brogdon,Malcolm,1610612764,WAS,Washington Wizards,0022400035,2024-11-26T00:00:00,WAS vs. CHI,L,23.15,7.8,12.4,0.625,0.0,3.1,0.0,7.8,9.3,0.833,1.6,7.8,9.3,6.2,3.1,0.0,0.0,1.6,6.2,6.2,23.3,-23.3,40.7,0,0,38.9,1,13222,1,13222,13600,7115,12831,4899,15070,17442,15070,1523,1690,7275,10101,5042,6278,5133,6094,12854,8263,4572,2684,2366,5262,22419,7309,2246,150,7465,1,23:09
2024-25,1630245,Ayo Dosunmu,Ayo,1610612741,CHI,Chicago Bulls,0022400035,2024-11-26T00:00:00,CHI @ WAS,W,30.30666666666667,4.8,11.9,0.4,1.2,4.8,0.25,3.6,4.8,0.75,0.0,3.6,3.6,3.6,2.4,2.4,1.2,0.0,1.2,4.8,14.3,26.1,32.2,0,0,29.7,1,1,13086,1,7490,15111,13808,14933,13437,13835,11902,6572,6397,8186,14058,15045,18415,11200,8752,4781,6259,8846,18609,4613,13659,2598,13182,2246,150,14166,1,30:18
2024-25,1631108,Max Christie,Max,1610612747,LAL,Los Angeles Lakers,0022400039,2024-11-26T00:00:00,LAL @ PHX,L,13.6,2.6,2.6,1.0,0.0,0.0,0.0,0.0,0.0,0.0,0.0,0.0,0.0,2.6,0.0,0.0,2.6,0.0,5.3,2.6,5.3,-23.8,17.2,0,0,13.2,1,13222,1,13222,20422,20189,24601,1,15070,20945,15070,13505,14344,13505,14058,22137,23286,14057,16469,12854,2156,8846,4028,10481,21851,22529,22405,2246,150,23640,1,13:36
2024-25,1628978,Donte DiVincenzo,Donte,1610612750,MIN,Minnesota Timberwolves,0022400037,2024-11-26T00:00:00,MIN vs. HOU,L,21.283333333333335,1.7,8.5,0.2,0.0,6.8,0.0,1.7,3.4,0.5,0.0,1.7,1.7,5.1,5.1,1.7,0.0,0.0,5.1,3.4,5.1,-25.4,14.7,0,0,15.2,1,13222,1,13222,15078,21912,19559,21401,15070,8970,15070,11430,9131,10625,14058,20482,22314,7305,2248,7642,8263,8846,4437,8003,21971,22881,23278,2246,150,22985,1,21:17
2024-25,203897,Zach LaVine,Zach,1610612741,CHI,Chicago Bulls,0022400035,2024-11-26T00:00:00,CHI @ WAS,W,30.616666666666667,7.1,16.5,0.429,4.7,9.4,0.5,2.4,2.4,1.0,0.0,1.2,1.2,4.7,1.2,0.0,0.0,0.0,1.2,1.2,21.2,29.4,28.5,0,0,31.7,1,1,13086,1,7200,8800,6473,13735,2728,4247,3944,9446,11621,1,14058,21577,22975,8180,14615,12854,8263,8846,18683,16525,6951,2051,15904,2246,150,12584,1,30:37
2024-25,1642276,Kel'el Ware,Kel'el,1610612748,MIA,Miami Heat,0022400036,2024-11-26T00:00:00,MIA vs. MIL,L,9.416666666666666,3.8,15.3,0.25,0.0,0.0,0.0,0.0,0.0,0.0,7.6,3.8,11.5,3.8,0.0,0.0,0.0,3.8,0.0,0.0,7.6,42.1,27.1,0,0,22.9,1,13222,1,13222,22306,17508,8123,20233,15070,20945,15070,13505,14344,13505,900,14253,3986,10438,16469,12854,8263,719,20257,17725,20201,837,16852,2246,150,19064,1,9:25
2024-25,202710,Jimmy Butler III,Jimmy,1610612748,MIA,Miami Heat,0022400036,2024-11-26T00:00:00,MIA vs. MIL,L,36.95166666666667,5.8,11.7,0.5,0.0,1.0,0.0,10.7,12.7,0.846,1.9,1.9,3.9,4.9,1.0,0.0,0.0,1.9,1.0,8.8,22.4,-1.0,33.4,0,0,31.2,1,13222,1,13222,2018,11974,14139,8526,15070,20880,15070,532,639,7255,8630,19830,17579,7755,15999,12854,8263,3388,19842,732,5915,13517,12253,2246,150,13022,1,36:57
2024-25,1630224,Jalen Green,Jalen,1610612745,HOU,Houston Rockets,0022400037,2024-11-26T00:00:00,HOU @ MIN,W,23.233333333333334,4.6,13.9,0.333,1.5,7.7,0.2,3.1,3.1,1.0,0.0,4.6,4.6,3.1,1.5,3.1,0.0,0.0,1.5,1.5,13.9,-12.4,31.9,0,0,29.4,1,1,13086,1,13518,15369,10253,17395,11863,6906,13429,7549,9726,1,14058,11860,15705,12613,12548,2932,8263,8846,17050,14806,13996,18899,13385,2246,150,14371,1,23:14
2024-25,1629130,Duncan Robinson,Duncan,1610612748,MIA,Miami Heat,0022400036,2024-11-26T00:00:00,MIA vs. MIL,L,31.283333333333335,4.6,8.1,0.571,2.3,5.8,0.4,1.2,2.3,0.5,0.0,5.8,5.8,5.8,1.2,1.2,0.0,0.0,2.3,1.2,12.7,-6.9,30.5,0,0,28.8,1,13222,1,13222,6630,15486,20171,6538,8841,11320,7874,12749,11766,10625,14058,8907,12896,5943,14785,10569,8263,8846,13636,16642,15435,16476,14429,2246,150,14880,1,31:17
2024-25,202692,Alec Burks,Alec,1610612748,MIA,Miami Heat,0022400036,2024-11-26T00:00:00,MIA vs. MIL,L,13.381666666666666,2.7,8.1,0.333,0.0,0.0,0.0,0.0,0.0,0.0,0.0,2.7,2.7,0.0,0.0,0.0,2.7,0.0,2.7,0.0,5.4,5.4,16.7,0,0,13.5,1,13222,1,13222,20552,20112,20140,17395,15070,20945,15070,13505,14344,13505,14058,17726,20469,19908,16469,12854,2097,8846,12078,17725,21806,9902,22601,2246,150,23569,1,13:23
2024-25,1630557,Corey Kispert,Corey,1610612764,WAS,Washington Wizards,0022400035,2024-11-26T00:00:00,WAS vs. CHI,L,23.783333333333335,4.5,16.7,0.273,1.5,12.1,0.125,0.0,0.0,0.0,0.0,6.1,6.1,1.5,6.1,0.0,1.5,0.0,3.0,0.0,10.6,-16.7,18.6,0,0,22.7,1,13222,1,13222,13086,15649,6240,20048,11983,1727,14886,13505,14344,13505,14058,8217,12155,17928,1348,12854,4797,8846,10592,17725,17561,20496,21834,2246,150,19210,1,23:47
2024-25,1629111,Jock Landale,Jock,1610612745,HOU,Houston Rockets,0022400037,2024-11-26T00:00:00,HOU @ MIN,W,11.233333333333333,3.2,9.6,0.333,0.0,0.0,0.0,3.2,6.4,0.5,0.0,3.2,3.2,3.2,6.4,3.2,0.0,3.2,3.2,3.2,9.6,-70.5,21.5,0,0,22.4,1,1,13086,1,21610,18980,17736,17395,15070,20945,15070,7320,3991,10625,14058,16063,19217,12280,1172,2728,8263,1151,9839,8540,18528,25895,20428,2246,150,19404,1,11:14
2024-25,1629018,Gary Trent Jr.,Gary,1610612749,MIL,Milwaukee Bucks,0022400036,2024-11-26T00:00:00,MIL @ MIA,W,23.516666666666666,1.5,13.8,0.111,0.0,6.1,0.0,0.0,0.0,0.0,1.5,1.5,3.1,0.0,0.0,4.6,0.0,1.5,4.6,0.0,3.1,-12.2,20.5,0,0,15.3,1,1,13086,1,13298,22133,10533,22520,15070,10376,15070,13505,14344,13505,10189,20810,19560,19908,16469,1155,8263,4657,5559,17725,22936,18838,20936,2246,150,22953,1,23:31
2024-25,2544,LeBron James,LeBron,1610612747,LAL,Los Angeles Lakers,0022400039,2024-11-26T00:00:00,LAL @ PHX,L,34.73833333333334,7.3,16.6,0.438,2.1,7.3,0.286,2.1,2.1,1.0,1.0,7.3,8.3,10.4,5.2,0.0,0.0,1.0,0.0,2.1,18.7,-31.1,39.0,1,0,39.4,1,13222,1,13222,3662,8327,6325,13558,9809,7928,11433,10389,12509,1,12973,5900,7784,1254,2133,12854,8263,7610,20257,12753,9159,23905,8434,1,150,7143,1,34:44
2024-25,1642345,Oso Ighodaro,Oso,1610612756,PHX,Phoenix Suns,0022400039,2024-11-26T00:00:00,PHX vs. LAL,W,13.866666666666667,7.8,15.6,0.5,0.0,0.0,0.0,2.6,2.6,1.0,5.2,7.8,13.0,7.8,0.0,0.0,0.0,2.6,2.6,2.6,18.2,-5.2,45.4,0,0,38.9,1,1,13086,1,20260,7087,7724,8526,15070,20945,15070,8812,10984,1,2202,5026,2816,3093,16469,12854,8263,1884,12441,10658,9649,15693,4982,2246,150,7417,1,13:52
2024-25,1641796,Pelle Larsson,Pelle,1610612748,MIA,Miami Heat,0022400036,2024-11-26T00:00:00,MIA vs. MIL,L,22.083333333333332,4.9,14.7,0.333,1.6,8.2,0.2,1.6,3.3,0.5,4.9,1.6,6.5,4.9,0.0,1.6,0.0,0.0,8.2,1.6,13.0,22.8,33.1,0,0,29.3,1,13222,1,13222,14427,14694,9096,17395,11596,6169,13429,11544,9407,10625,2468,20606,11128,7704,16469,7886,8263,8846,1302,14526,15046,3294,12520,2246,150,14453,1,22:05
2024-25,1629216,Gabe Vincent,Gabe,1610612747,LAL,Los Angeles Lakers,0022400039,2024-11-26T00:00:00,LAL @ PHX,L,14.1,2.6,10.2,0.25,2.6,10.2,0.25,0.0,0.0,0.0,0.0,5.1,5.1,2.6,0.0,0.0,2.6,0.0,0.0,0.0,7.7,10.2,25.3,0,0,23.0,1,13222,1,13222,20145,20363,16707,20233,7959,3257,11902,13505,14344,13505,14058,10548,14499,14356,16469,12854,2288,8846,20257,17725,20189,7596,18085,2246,150,19033,1,14:06
2024-25,1642261,Dalton Knecht,Dalton,1610612747,LAL,Los Angeles Lakers,0022400039,2024-11-26T00:00:00,LAL @ PHX,L,19.416666666666668,3.7,13.0,0.286,1.9,7.4,0.25,3.7,5.6,0.667,1.9,5.6,7.4,0.0,0.0,0.0,0.0,0.0,0.0,1.9,13.0,-37.1,21.9,0,0,22.2,1,13222,1,13222,16483,17815,11895,19630,10860,7572,11902,6274,5099,9425,9024,9383,9342,19908,16469,12854,8263,8846,20257,13716,15112,24623,20215,2246,150,19527,1,19:25
2024-25,1629639,Tyler Herro,Tyler,1610612748,MIA,Miami Heat,0022400036,2024-11-26T00:00:00,MIA vs. MIL,L,39.93333333333333,4.5,12.6,0.357,2.7,8.1,0.333,4.5,5.4,0.833,0.0,4.5,4.5,4.5,0.9,0.9,0.0,2.7,0.0,2.7,16.2,-2.7,30.2,0,0,29.7,1,13222,1,13222,577,15755,12529,17140,7528,6260,9209,4827,5302,7275,14058,12246,16041,8639,16346,12662,8263,1737,20257,10307,11689,14407,14665,2246,150,14136,1,39:56
2024-25,1630215,Jared Butler,Jared,1610612764,WAS,Washington Wizards,0022400035,2024-11-26T00:00:00,WAS vs. CHI,L,6.266666666666667,5.7,11.5,0.5,0.0,0.0,0.0,0.0,0.0,0.0,0.0,5.7,5.7,23.0,11.5,0.0,0.0,0.0,11.5,0.0,11.5,-17.2,41.4,0,0,40.2,1,13222,1,13222,23472,12278,14490,8526,15070,20945,15070,13505,14344,13505,14058,8934,12915,51,228,12854,8263,8846,471,17725,16681,20698,6957,2246,150,6670,1,6:16
2024-25,1629312,Haywood Highsmith,Haywood,1610612748,MIA,Miami Heat,0022400036,2024-11-26T00:00:00,MIA vs. MIL,L,14.266666666666667,2.5,7.6,0.333,0.0,2.5,0.0,0.0,0.0,0.0,0.0,0.0,0.0,0.0,0.0,2.5,0.0,0.0,0.0,0.0,5.0,-42.9,12.6,0,0,10.1,1,13222,1,13222,20041,20419,20832,17395,15070,18579,15070,13505,14344,13505,14058,22137,23286,19908,16469,4320,8263,8846,20257,17725,21983,25040,23863,2246,150,24406,1,14:16
2024-25,1642268,Isaiah Collier,Isaiah,1610612762,UTA,Utah Jazz,0022400038,2024-11-26T00:00:00,UTA vs. SAS,L,16.7,0.0,4.3,0.0,0.0,0.0,0.0,2.2,4.3,0.5,0.0,4.3,4.3,8.6,2.2,2.2,0.0,0.0,4.3,4.3,2.2,4.3,24.6,0,0,19.4,1,13222,1,13222,18461,22635,23910,22635,15070,20945,15070,10100,7185,10625,14058,12760,16501,2324,9699,5561,8263,8846,6239,5553,23140,10475,18559,2246,150,21201,1,16:42
2024-25,1628420,Monté Morris,Monté,1610612756,PHX,Phoenix Suns,0022400039,2024-11-26T00:00:00,PHX vs. LAL,W,3.1666666666666665,0.0,11.4,0.0,0.0,0.0,0.0,0.0,0.0,0.0,0.0,0.0,0.0,11.4,0.0,0.0,0.0,0.0,0.0,0.0,0.0,0.0,17.1,0,0,11.4,1,1,13086,1,24913,22635,14711,22635,15070,20945,15070,13505,14344,13505,14058,22137,23286,875,16469,12854,8263,8846,20257,17725,23200,12240,22461,2246,150,24138,1,3:10
2024-25,1629629,Cam Reddish,Cam,1610612747,LAL,Los Angeles Lakers,0022400039,2024-11-26T00:00:00,LAL @ PHX,L,22.966666666666665,0.0,4.7,0.0,0.0,1.6,0.0,0.0,0.0,0.0,0.0,3.1,3.1,1.6,0.0,3.1,0.0,1.6,4.7,0.0,0.0,1.6,15.5,0,0,11.0,1,13222,1,13222,13744,22635,23681,22635,15070,20209,15070,13505,14344,13505,14058,16322,19410,17748,16469,2869,8263,4533,5276,17725,23200,11844,23024,2246,150,24225,1,22:58
2024-25,202685,Jonas Valančiūnas,Jonas,1610612764,WAS,Washington Wizards,0022400035,2024-11-26T00:00:00,WAS vs. CHI,L,14.183333333333334,5.1,10.2,0.5,0.0,0.0,0.0,0.0,0.0,0.0,0.0,7.6,7.6,2.5,0.0,0.0,0.0,2.5,5.1,2.5,10.2,-15.2,23.1,0,0,20.3,1,13222,1,13222,20092,14156,16816,8526,15070,20945,15070,13505,14344,13505,14058,5297,8945,14408,16469,12854,8263,1974,4433,10843,18002,19988,19501,2246,150,20691,1,14:11
2024-25,203497,Rudy Gobert,Rudy,1610612750,MIN,Minnesota Timberwolves,0022400037,2024-11-26T00:00:00,MIN vs. HOU,L,43.82666666666667,1.6,2.5,0.667,0.0,0.0,0.0,0.8,1.6,0.5,2.5,10.7,13.1,1.6,0.8,0.0,0.8,0.8,4.1,1.6,4.1,3.3,24.0,0,0,20.5,1,13222,1,13222,98,21977,24653,3281,15070,20945,15070,13493,13349,10625,6739,2102,2710,17528,16447,12854,8227,8811,6816,14482,22505,10981,18960,2246,150,20556,1,43:50
2024-25,1630548,Johnny Juzang,Johnny,1610612762,UTA,Utah Jazz,0022400038,2024-11-26T00:00:00,UTA vs. SAS,L,22.9,1.6,9.4,0.167,1.6,7.9,0.2,0.0,0.0,0.0,0.0,4.7,4.7,1.6,0.0,0.0,0.0,1.6,3.1,0.0,4.7,-26.7,12.7,0,0,12.6,1,13222,1,13222,13790,22074,18066,21938,11782,6690,13429,13505,14344,13505,14058,11658,15517,17733,16469,12854,8263,4521,10120,17725,22174,23185,23834,2246,150,23848,1,22:54
2024-25,1631132,Christian Koloko,Christian,1610612747,LAL,Los Angeles Lakers,0022400039,2024-11-26T00:00:00,LAL @ PHX,L,1.05,0.0,0.0,0.0,0.0,0.0,0.0,0.0,0.0,0.0,0.0,0.0,0.0,0.0,0.0,0.0,0.0,0.0,0.0,0.0,0.0,0.0,0.0,0,0,0.0,1,13222,1,13222,26045,22635,24836,22635,15070,20945,15070,13505,14344,13505,14058,22137,23286,19908,16469,12854,8263,8846,20257,17725,23200,12240,25228,2246,150,25259,1,1:03
2024-25,1626192,Pat Connaughton,Pat,1610612749,MIL,Milwaukee Bucks,0022400036,2024-11-26T00:00:00,MIL @ MIA,W,21.416666666666668,6.7,13.4,0.5,1.7,6.7,0.25,1.7,3.4,0.5,3.4,10.1,13.4,1.7,0.0,0.0,3.4,0.0,5.0,1.7,16.8,-16.8,45.6,0,0,40.3,1,1,13086,1,14979,9640,11088,8526,11457,9066,11902,11451,9177,10625,4611,2512,2511,17419,16469,12854,1342,8846,4520,14336,11049,20549,4918,2246,150,6579,1,21:25
2024-25,1642267,Bub Carrington,Bub,1610612764,WAS,Washington Wizards,0022400035,2024-11-26T00:00:00,WAS vs. CHI,L,25.1,5.7,12.9,0.444,2.9,5.7,0.5,0.0,0.0,0.0,0.0,4.3,4.3,5.7,4.3,2.9,0.0,1.4,4.3,1.4,14.3,-11.5,32.4,0,0,33.0,1,13222,1,13222,11916,12304,12020,13045,6988,11365,3944,13505,14344,13505,14058,12793,16522,5975,3321,3489,8263,5043,6276,15306,13558,18523,13005,2246,150,11659,1,25:06
2024-25,1630578,Alperen Sengun,Alperen,1610612745,HOU,Houston Rockets,0022400037,2024-11-26T00:00:00,HOU @ MIN,W,41.766666666666666,7.8,19.8,0.391,0.0,2.6,0.0,3.4,3.4,1.0,2.6,6.0,8.6,9.5,1.7,2.6,2.6,0.9,2.6,6.0,19.0,24.1,57.3,1,1,47.4,1,1,13086,1,274,7154,3084,15984,15070,18471,15070,6798,8993,1,6388,8258,7276,1712,11824,4165,2241,8752,12474,2578,8895,2999,1581,1,1,3340,1,41:46
2024-25,1629659,Talen Horton-Tucker,Talen,1610612741,CHI,Chicago Bulls,0022400035,2024-11-26T00:00:00,CHI @ WAS,W,15.533333333333333,11.6,13.9,0.833,2.3,2.3,1.0,4.6,4.6,1.0,0.0,2.3,2.3,4.6,0.0,2.3,2.3,0.0,0.0,2.3,30.1,27.8,53.8,0,0,48.7,1,1,13086,1,19234,1813,10326,1514,8784,18953,1,4614,6598,1,14058,18711,21159,8335,16469,4964,2706,8846,20257,11669,2034,2298,2257,2246,150,2932,1,15:32
2024-25,203944,Julius Randle,Julius,1610612750,MIN,Minnesota Timberwolves,0022400037,2024-11-26T00:00:00,MIN vs. HOU,L,34.63,9.4,18.7,0.5,0.0,1.0,0.0,3.1,3.1,1.0,2.1,4.2,6.2,3.1,3.1,1.0,0.0,3.1,5.2,3.1,21.8,-20.8,34.0,0,0,33.3,1,13222,1,13222,3763,4109,4014,8526,15070,20819,15070,7498,9677,1,8034,13244,11740,12565,6070,11587,8263,1220,4203,8820,6349,21777,11819,2246,150,11436,1,34:38
2024-25,1626164,Devin Booker,Devin,1610612756,PHX,Phoenix Suns,0022400039,2024-11-26T00:00:00,PHX vs. LAL,W,34.13333333333333,10.5,17.9,0.588,3.2,7.4,0.429,3.2,4.2,0.75,1.1,1.1,2.1,10.5,3.2,1.1,1.1,0.0,0.0,2.1,27.4,30.6,48.9,1,0,47.5,1,1,13086,1,4140,2670,4775,6229,6049,7657,7394,7406,7377,8186,12843,21867,21592,1184,5935,11445,7100,8846,20257,12572,3010,1885,3649,1,150,3322,1,34:08
2024-25,1641718,Keyonte George,Keyonte,1610612762,UTA,Utah Jazz,0022400038,2024-11-26T00:00:00,UTA vs. SAS,L,34.05,9.5,16.9,0.563,6.3,12.7,0.5,2.1,2.1,1.0,0.0,3.2,3.2,7.4,6.3,2.1,0.0,0.0,2.1,3.2,27.5,1.1,42.4,0,0,48.6,1,13222,1,13222,4210,3854,5897,7127,1091,1432,3944,10249,12377,1,14058,16186,19303,3509,1202,5720,8263,8846,14544,8658,2982,12112,6428,2246,150,2942,1,34:03
2024-25,1631095,Jabari Smith Jr.,Jabari,1610612745,HOU,Houston Rockets,0022400037,2024-11-26T00:00:00,HOU @ MIN,W,38.45,7.5,8.4,0.889,2.8,3.7,0.75,0.0,0.0,0.0,0.0,6.6,6.6,2.8,0.0,0.0,1.9,0.0,0.9,2.8,17.8,28.1,35.5,0,0,33.7,1,1,13086,1,1135,7787,19603,1318,7189,16113,1542,13505,14344,13505,14058,7195,11055,13559,16469,12854,3851,8846,20043,9937,10040,2252,10740,2246,150,11070,1,38:27
2024-25,1626171,Bobby Portis,Bobby,1610612749,MIL,Milwaukee Bucks,0022400036,2024-11-26T00:00:00,MIL @ MIA,W,18.366666666666667,9.8,29.4,0.333,2.0,5.9,0.333,0.0,0.0,0.0,5.9,5.9,11.8,2.0,2.0,0.0,0.0,2.0,0.0,0.0,21.6,-15.7,36.7,0,0,37.2,1,1,13086,1,17303,3473,310,17395,10348,10996,9209,13505,14344,13505,1689,8592,3703,16517,10723,12854,8263,3357,20257,17725,6587,20142,9920,2246,150,8555,1,18:22
2024-25,1641763,Julian Phillips,Julian,1610612741,CHI,Chicago Bulls,0022400035,2024-11-26T00:00:00,CHI @ WAS,W,21.605,5.0,10.0,0.5,1.7,5.0,0.333,1.7,1.7,1.0,3.3,5.0,8.3,1.7,0.0,0.0,0.0,0.0,5.0,1.7,13.3,36.7,25.8,0,0,25.0,1,1,13086,1,14850,14391,17059,8526,11494,13213,9209,11473,13324,1,4680,10885,7722,17456,16469,12854,8263,8846,4609,14386,14714,1228,17726,2246,150,17682,1,21:36
2024-25,203084,Harrison Barnes,Harrison,1610612759,SAS,San Antonio Spurs,0022400038,2024-11-26T00:00:00,SAS @ UTA,W,27.166666666666668,2.7,8.0,0.333,0.0,1.3,0.0,5.3,6.6,0.8,6.6,4.0,10.6,6.6,0.0,0.0,0.0,1.3,1.3,4.0,10.6,0.0,33.3,0,0,27.8,1,1,13086,1,10216,20182,20345,17395,15070,20469,15070,3652,3735,7681,1312,13803,4811,4534,16469,12854,8263,5520,17925,6377,17554,12240,12381,2246,150,15559,1,27:10
2024-25,1630699,MarJon Beauchamp,MarJon,1610612749,MIL,Milwaukee Bucks,0022400036,2024-11-26T00:00:00,MIL @ MIA,W,6.445,5.6,5.6,1.0,5.6,5.6,1.0,0.0,0.0,0.0,0.0,11.2,11.2,0.0,0.0,0.0,0.0,0.0,0.0,0.0,16.8,5.6,30.2,0,0,33.5,1,1,13086,1,23393,12746,23008,1,1673,11760,1,13505,14344,13505,14058,1814,4262,19908,16469,12854,8263,8846,20257,17725,11117,9802,14689,2246,150,11231,1,6:27
2024-25,1628389,Bam Adebayo,Bam,1610612748,MIA,Miami Heat,0022400036,2024-11-26T00:00:00,MIA vs. MIL,L,31.433333333333334,6.9,10.3,0.667,1.1,2.3,0.5,3.4,4.6,0.75,1.1,4.6,5.7,5.7,1.1,1.1,0.0,0.0,5.7,3.4,18.3,-16.0,36.1,0,0,33.2,1,13222,1,13222,6467,9243,16549,3281,13677,19006,3944,6822,6687,8186,12156,12042,12945,5996,14827,10636,8263,8846,3348,7854,9493,20261,10313,2246,150,11486,1,31:26
2024-25,1626220,Royce O'Neale,Royce,1610612756,PHX,Phoenix Suns,0022400039,2024-11-26T00:00:00,PHX vs. LAL,W,23.72833333333333,4.6,9.1,0.5,4.6,9.1,0.5,0.0,0.0,0.0,1.5,12.1,13.7,1.5,1.5,1.5,0.0,0.0,0.0,0.0,13.7,19.7,35.4,0,0,36.4,1,1,13086,1,13135,15623,18556,8526,2969,4660,3944,13505,14344,13505,10246,1294,2408,17912,12668,8333,8263,8846,20257,17725,14320,4033,10832,2246,150,9093,1,23:44
2024-25,1629637,Jaxson Hayes,Jaxson,1610612747,LAL,Los Angeles Lakers,0022400039,2024-11-26T00:00:00,LAL @ PHX,L,16.871666666666666,4.3,4.3,1.0,0.0,0.0,0.0,6.4,8.5,0.75,4.3,4.3,8.5,0.0,4.3,2.1,0.0,0.0,2.1,4.3,14.9,-17.1,27.3,0,0,27.7,1,13222,1,13222,18341,16408,23951,1,15070,20945,15070,2500,2168,8186,3219,12908,7430,19908,3389,5645,8263,8846,14443,5680,12975,20654,16733,2246,150,15616,1,16:52
2024-25,202696,Nikola Vučević,Nikola,1610612741,CHI,Chicago Bulls,0022400035,2024-11-26T00:00:00,CHI @ WAS,W,28.533333333333335,11.4,17.7,0.643,1.3,3.8,0.333,0.0,0.0,0.0,1.3,13.9,15.1,5.0,1.3,0.0,0.0,1.3,3.8,1.3,24.0,29.0,48.4,1,0,45.4,1,1,13086,1,9085,1970,5057,4607,13028,16028,9209,13505,14344,13505,11403,789,1705,7361,14032,12854,8263,5864,7789,16077,4823,2105,3828,1,150,4066,1,28:32
2024-25,1630183,Jaden McDaniels,Jaden,1610612750,MIN,Minnesota Timberwolves,0022400037,2024-11-26T00:00:00,MIN vs. HOU,L,40.25666666666667,3.6,14.3,0.25,0.9,7.2,0.125,0.0,0.0,0.0,2.7,1.8,4.5,1.8,0.0,0.9,0.0,1.8,0.9,0.0,8.0,-17.0,18.8,0,0,17.0,1,13222,1,13222,502,18135,9671,20233,14976,8134,14886,13505,14344,13505,6145,20272,16121,17119,16469,12689,8263,3934,20161,17725,19878,20617,21768,2246,150,22313,1,40:15
2024-25,201572,Brook Lopez,Brook,1610612749,MIL,Milwaukee Bucks,0022400036,2024-11-26T00:00:00,MIL @ MIA,W,29.633333333333333,6.1,7.3,0.833,3.6,3.6,1.0,0.0,0.0,0.0,0.0,2.4,2.4,3.6,1.2,0.0,3.6,0.0,0.0,1.2,15.8,13.4,33.9,0,0,32.8,1,1,13086,1,8100,11300,21223,1514,4814,16342,1,13505,14344,13505,14058,18396,20934,10953,14328,12854,1119,8846,20257,16329,12128,6238,11897,2246,150,11807,1,29:38
2024-25,1628960,Grayson Allen,Grayson,1610612756,PHX,Phoenix Suns,0022400039,2024-11-26T00:00:00,PHX vs. LAL,W,22.583333333333332,6.4,15.9,0.4,3.2,9.6,0.333,0.0,0.0,0.0,1.6,1.6,3.2,3.2,0.0,0.0,0.0,3.2,1.6,0.0,15.9,17.5,24.5,0,0,25.5,1,1,13086,1,14045,10501,7194,14933,5983,4020,9209,13505,14344,13505,9948,20689,19263,12363,16469,12854,8263,1162,16892,17725,11976,4727,18570,2246,150,17277,1,22:35
2024-25,1642264,Stephon Castle,Stephon,1610612759,SAS,San Antonio Spurs,0022400038,2024-11-26T00:00:00,SAS @ UTA,W,28.95,11.2,24.9,0.45,3.7,9.9,0.375,2.5,5.0,0.5,1.2,2.5,3.7,6.2,1.2,0.0,1.2,1.2,5.0,3.7,28.6,-9.9,44.9,0,0,44.8,1,1,13086,1,8713,2100,854,12982,4620,3550,8800,9090,5976,10625,11514,18224,17987,5138,14140,12854,5926,5972,4675,7048,2571,17869,5228,2246,150,4359,1,28:57
2024-25,1626156,D'Angelo Russell,D'Angelo,1610612747,LAL,Los Angeles Lakers,0022400039,2024-11-26T00:00:00,LAL @ PHX,L,28.8,6.3,16.3,0.385,1.3,7.5,0.167,6.3,10.0,0.625,0.0,3.8,3.8,5.0,1.3,1.3,0.0,0.0,1.3,6.3,20.0,-28.8,34.5,0,0,32.5,1,13222,1,13222,8839,10847,6752,16070,13100,7397,14236,2634,1376,10271,14058,14465,17932,7471,14099,9801,8263,8846,18276,2333,7917,23545,11453,2246,150,11992,1,28:48
2024-25,1627752,Taurean Prince,Taurean,1610612749,MIL,Milwaukee Bucks,0022400036,2024-11-26T00:00:00,MIL @ MIA,W,31.371666666666666,3.4,6.9,0.5,2.3,4.6,0.5,2.3,2.3,1.0,0.0,3.4,3.4,0.0,1.1,0.0,0.0,0.0,3.4,2.3,11.5,14.9,14.5,0,0,17.2,1,1,13086,1,6535,18452,21690,8526,8875,14219,3944,9649,11803,1,14058,15401,18680,19908,14812,12854,8263,8846,8927,11772,16703,5662,23345,2246,150,22211,1,31:22
2024-25,203486,Mason Plumlee,Mason,1610612756,PHX,Phoenix Suns,0022400039,2024-11-26T00:00:00,PHX vs. LAL,W,6.365,0.0,0.0,0.0,0.0,0.0,0.0,0.0,0.0,0.0,0.0,17.0,17.0,0.0,5.7,0.0,0.0,0.0,11.3,0.0,0.0,22.6,14.7,0,0,17.0,1,1,13086,1,23437,22635,24836,22635,15070,20945,15070,13505,14344,13505,14058,333,1135,19908,1675,12854,8263,8846,495,17725,23200,3341,23282,2246,150,22322,1,6:22
2024-25,1629060,Rui Hachimura,Rui,1610612747,LAL,Los Angeles Lakers,0022400039,2024-11-26T00:00:00,LAL @ PHX,L,23.133333333333333,4.7,12.4,0.375,1.6,6.2,0.25,0.0,0.0,0.0,0.0,1.6,1.6,1.6,0.0,0.0,0.0,0.0,1.6,0.0,10.9,-15.6,15.1,0,0,15.6,1,13222,1,13222,13610,15321,12813,16299,11841,10139,11902,13505,14344,13505,14058,20755,22495,17782,16469,12854,8263,8846,17014,17725,17271,20111,23148,2246,150,22862,1,23:08
2024-25,101108,Chris Paul,Chris,1610612759,SAS,San Antonio Spurs,0022400038,2024-11-26T00:00:00,SAS @ UTA,W,27.623333333333335,5.2,9.1,0.571,2.6,6.5,0.4,5.2,5.2,1.0,1.3,0.0,1.3,5.2,1.3,3.9,1.3,1.3,2.6,3.9,18.2,1.3,42.0,0,0,37.8,1,1,13086,1,9853,13782,18521,6538,7807,9515,7874,3761,5592,1,11187,22137,22814,7012,13786,1731,5635,5637,12406,6537,9579,11953,6640,2246,150,8175,1,27:37
2024-25,1641824,Matas Buzelis,Matas,1610612741,CHI,Chicago Bulls,0022400035,2024-11-26T00:00:00,CHI @ WAS,W,17.283333333333335,8.3,14.6,0.571,2.1,8.3,0.25,0.0,0.0,0.0,2.1,6.2,8.3,0.0,0.0,2.1,2.1,0.0,6.2,0.0,18.7,0.0,41.2,0,0,37.5,1,1,13086,1,18086,5919,9233,6538,9755,5864,11902,13505,14344,13505,8017,7791,7719,19908,16469,5856,3249,8846,2656,17725,9083,12240,7023,2246,150,8369,1,17:17
2024-25,1642265,Rob Dillingham,Rob,1610612750,MIN,Minnesota Timberwolves,0022400037,2024-11-26T00:00:00,MIN vs. HOU,L,24.456666666666667,7.4,19.1,0.385,2.9,7.4,0.4,0.0,0.0,0.0,1.5,5.9,7.4,10.3,4.4,0.0,0.0,1.5,1.5,1.5,17.7,38.3,37.5,0,0,38.3,1,13222,1,13222,12528,8098,3633,16070,6709,7703,7874,13505,14344,13505,10425,8571,9451,1284,3118,12854,8263,4875,17337,15116,10151,1098,9321,2246,150,7850,1,24:27
2024-25,1631104,Blake Wesley,Blake,1610612759,SAS,San Antonio Spurs,0022400038,2024-11-26T00:00:00,SAS @ UTA,W,21.743333333333332,6.6,8.3,0.8,1.7,3.3,0.5,3.3,6.6,0.5,1.7,3.3,5.0,6.6,3.3,3.3,0.0,0.0,0.0,5.0,18.2,56.3,40.7,0,0,38.1,1,1,13086,1,14726,9876,19829,1688,11521,17043,3944,7080,3741,10625,9728,15761,14880,4543,5474,2540,8263,8846,20257,4181,9613,419,7318,2246,150,7978,1,21:45
2024-25,1629012,Collin Sexton,Collin,1610612762,UTA,Utah Jazz,0022400038,2024-11-26T00:00:00,UTA vs. SAS,L,31.3,9.2,18.4,0.5,2.3,5.8,0.4,2.3,2.3,1.0,1.2,1.2,2.3,4.6,0.0,0.0,0.0,1.2,2.3,2.3,23.0,-17.3,32.7,0,0,32.2,1,13222,1,13222,6607,4352,4290,8526,8846,11330,7874,9615,11772,1,12102,21629,21202,8408,16469,12854,8263,6629,13643,11737,5471,20703,12828,2246,150,12212,1,31:18
2024-25,1630604,E.J. Liddell,E.J.,1610612741,CHI,Chicago Bulls,0022400035,2024-11-26T00:00:00,CHI @ WAS,W,1.9166666666666667,18.8,37.6,0.5,0.0,18.8,0.0,0.0,0.0,0.0,0.0,0.0,0.0,0.0,0.0,0.0,0.0,0.0,56.3,0.0,37.6,-93.9,37.6,0,0,37.6,1,1,13086,1,25508,181,102,8526,15070,291,15070,13505,14344,13505,14058,22137,23286,19908,16469,12854,8263,8846,11,17725,646,26111,9308,2246,150,8316,1,1:55
2024-25,1631098,Johnny Davis,Johnny,1610612764,WAS,Washington Wizards,0022400035,2024-11-26T00:00:00,WAS vs. CHI,L,2.75,13.1,13.1,1.0,0.0,0.0,0.0,13.1,26.2,0.5,0.0,13.1,13.1,0.0,0.0,13.1,0.0,0.0,0.0,13.1,39.3,65.5,94.3,0,0,78.5,1,13222,1,13222,25087,988,11682,1,15070,20945,15070,259,78,10625,14058,982,2743,19908,16469,64,8263,8846,20257,149,490,277,84,2246,150,177,1,2:45
2024-25,1631116,Patrick Baldwin Jr.,Patrick,1610612764,WAS,Washington Wizards,0022400035,2024-11-26T00:00:00,WAS vs. CHI,L,2.75,13.1,13.1,1.0,13.1,13.1,1.0,0.0,0.0,0.0,0.0,0.0,0.0,0.0,0.0,0.0,13.1,0.0,0.0,0.0,39.3,65.5,78.5,0,0,78.5,1,13222,1,13222,25087,988,11682,1,107,1250,1,13505,14344,13505,14058,22137,23286,19908,16469,12854,33,8846,20257,17725,490,277,229,2246,150,177,1,2:45
2024-25,203076,Anthony Davis,Anthony,1610612747,LAL,Los Angeles Lakers,0022400039,2024-11-26T00:00:00,LAL @ PHX,L,34.711666666666666,10.4,19.7,0.526,0.0,2.1,0.0,5.2,7.3,0.714,2.1,13.5,15.6,5.2,3.1,1.0,4.1,0.0,3.1,5.2,25.9,-24.9,64.8,1,0,57.0,1,13222,1,13222,3683,2848,3174,8379,15070,19415,15070,3782,3124,9244,8060,881,1563,7064,6090,11619,838,8846,10235,3792,3718,22786,706,1,150,1156,1,34:43
2024-25,1629006,Josh Okogie,Josh,1610612756,PHX,Phoenix Suns,0022400039,2024-11-26T00:00:00,PHX vs. LAL,W,3.1666666666666665,11.4,22.7,0.5,11.4,11.4,1.0,11.4,22.7,0.5,0.0,0.0,0.0,0.0,0.0,0.0,0.0,11.4,22.7,22.7,45.5,0.0,45.5,0,0,56.8,1,1,13086,1,24913,1958,1473,8526,145,2197,1,429,104,10625,14058,22137,23286,19908,16469,12854,8263,50,87,27,233,12240,4953,2246,150,1178,1,3:10
2024-25,1626179,Terry Rozier,Terry,1610612748,MIA,Miami Heat,0022400036,2024-11-26T00:00:00,MIA vs. MIL,L,20.7,12.2,15.7,0.778,5.2,7.0,0.75,0.0,1.7,0.0,0.0,5.2,5.2,0.0,3.5,0.0,1.7,0.0,0.0,1.7,29.6,1.7,37.6,0,0,43.5,1,13222,1,13222,15489,1416,7614,1994,2032,8552,1542,13505,13262,13505,14058,10237,14234,19908,5061,12854,4195,8846,20257,14150,2253,11776,9307,2246,150,4923,1,20:42
2024-25,201142,Kevin Durant,Kevin,1610612756,PHX,Phoenix Suns,0022400039,2024-11-26T00:00:00,PHX vs. LAL,W,29.716666666666665,10.9,20.6,0.529,3.6,7.3,0.5,2.4,2.4,1.0,1.2,6.1,7.3,2.4,0.0,0.0,0.0,1.2,2.4,1.2,27.9,25.4,40.2,0,0,41.2,1,1,13086,1,8027,2348,2580,8281,4838,7899,3944,9273,11420,1,11715,8210,9632,14801,16469,12854,8263,6183,13108,16349,2834,2719,7620,2246,150,6085,1,29:43
2024-25,1628963,Marvin Bagley III,Marvin,1610612764,WAS,Washington Wizards,0022400035,2024-11-26T00:00:00,WAS vs. CHI,L,2.75,13.1,26.2,0.5,0.0,0.0,0.0,0.0,13.1,0.0,13.1,0.0,13.1,13.1,0.0,0.0,0.0,0.0,0.0,13.1,26.2,65.5,61.5,0,0,52.4,1,13222,1,13222,25087,988,617,8526,15070,20945,15070,13505,574,13505,187,22137,2743,511,16469,12854,8263,8846,20257,149,3590,277,1019,2246,150,1957,1,2:45
2024-25,203081,Damian Lillard,Damian,1610612749,MIL,Milwaukee Bucks,0022400036,2024-11-26T00:00:00,MIL @ MIA,W,37.9,9.5,16.1,0.588,7.6,12.3,0.615,8.5,8.5,1.0,0.0,2.8,2.8,11.4,3.8,0.9,0.9,0.0,1.9,5.7,35.1,0.0,57.6,1,0,60.8,1,1,13086,1,1442,3882,6904,6229,559,1593,2984,1163,2157,1,14058,17239,20115,866,4321,12348,7831,8846,15669,3031,940,12240,1544,1,150,753,1,37:54
2024-25,1641705,Victor Wembanyama,Victor,1610612759,SAS,San Antonio Spurs,0022400038,2024-11-26T00:00:00,SAS @ UTA,W,36.53333333333333,12.8,22.7,0.565,5.9,13.8,0.429,2.0,2.0,1.0,0.0,6.9,6.9,2.0,2.0,1.0,3.0,1.0,1.0,4.9,33.5,16.8,54.6,0,0,56.2,1,1,13086,1,2317,1103,1514,7102,1368,995,7394,10742,12802,1,14058,6536,10331,16473,10657,12080,1748,8047,19783,4249,1214,4988,2068,2246,150,1274,1,36:32
2024-25,1642259,Alex Sarr,Alex,1610612764,WAS,Washington Wizards,0022400035,2024-11-26T00:00:00,WAS vs. CHI,L,31.066666666666666,8.1,12.7,0.636,4.6,5.8,0.8,2.3,4.6,0.5,1.2,7.0,8.1,3.5,0.0,1.2,1.2,1.2,2.3,3.5,23.2,-20.9,45.1,0,0,44.0,1,13222,1,13222,6822,6388,12301,4689,2826,11217,1389,9563,6598,10625,12055,6442,8072,11465,16469,10510,6428,6561,13567,7727,5366,21799,5142,2246,150,4677,1,31:04
2024-25,1630188,Jalen Smith,Jalen,1610612741,CHI,Chicago Bulls,0022400035,2024-11-26T00:00:00,CHI @ WAS,W,17.55,10.3,22.6,0.455,0.0,8.2,0.0,4.1,6.2,0.667,6.2,12.3,18.5,4.1,2.1,0.0,2.1,0.0,4.1,10.3,24.6,2.1,57.0,0,0,51.3,1,1,13086,1,17887,2957,1560,12676,15070,6073,15070,5520,4283,9425,1539,1228,799,9658,10252,12854,3344,8846,6831,372,4418,11598,1634,2246,150,2207,1,17:33
2024-25,1629675,Naz Reid,Naz,1610612750,MIN,Minnesota Timberwolves,0022400037,2024-11-26T00:00:00,MIN vs. HOU,L,26.986666666666668,9.3,18.7,0.5,4.0,9.3,0.429,2.7,2.7,1.0,1.3,8.0,9.3,0.0,2.7,2.7,0.0,1.3,0.0,4.0,25.3,8.0,41.9,0,0,44.0,1,13222,1,13222,10347,4145,4045,8526,3995,4323,7394,8648,10819,1,11046,4701,6272,19908,7628,3975,8263,5481,20257,6299,4029,8631,6679,2246,150,4683,1,26:59
2024-25,1629632,Coby White,Coby,1610612741,CHI,Chicago Bulls,0022400035,2024-11-26T00:00:00,CHI @ WAS,W,31.1,8.1,15.0,0.538,5.8,10.4,0.556,2.3,2.3,1.0,0.0,9.3,9.3,2.3,0.0,1.2,0.0,0.0,2.3,1.2,24.3,17.4,42.4,0,0,44.0,1,1,13086,1,6796,6408,8527,7978,1487,3046,3747,9570,11735,1,14058,3243,6372,15175,16469,10521,8263,8846,13581,16612,4606,4785,6447,2246,150,4694,1,31:06
2024-25,1630537,Chris Duarte,Chris,1610612741,CHI,Chicago Bulls,0022400035,2024-11-26T00:00:00,CHI @ WAS,W,1.9166666666666667,0.0,37.6,0.0,0.0,18.8,0.0,0.0,0.0,0.0,18.8,18.8,37.6,18.8,0.0,0.0,0.0,18.8,0.0,0.0,0.0,-93.9,73.3,0,0,56.3,1,1,13086,1,25508,22635,102,22635,15070,291,15070,13505,14344,13505,76,212,35,116,16469,12854,8263,18,20257,17725,23200,26111,334,2246,150,1250,1,1:55
2024-25,1631207,Dalen Terry,Dalen,1610612741,CHI,Chicago Bulls,0022400035,2024-11-26T00:00:00,CHI @ WAS,W,16.055,2.2,6.7,0.333,0.0,2.2,0.0,0.0,0.0,0.0,0.0,0.0,0.0,4.5,2.2,0.0,0.0,0.0,4.5,0.0,4.5,-53.8,9.0,0,0,9.0,1,1,13086,1,18891,20962,21865,17395,15070,19093,15070,13505,14344,13505,14058,22137,23286,8694,9341,12854,8263,8846,5812,17725,22303,25533,24572,2246,150,24615,1,16:03
2024-25,1631260,AJ Green,AJ,1610612749,MIL,Milwaukee Bucks,0022400036,2024-11-26T00:00:00,MIL @ MIA,W,28.333333333333332,3.8,8.9,0.429,3.8,8.9,0.429,0.0,0.0,0.0,0.0,1.3,1.3,2.5,1.3,0.0,0.0,0.0,5.1,0.0,11.4,5.1,15.5,0,0,19.1,1,1,13086,1,9268,17533,18872,13735,4400,4972,7394,13505,14344,13505,14058,21340,22850,14394,13964,12854,8263,8846,4417,17725,16745,10065,23026,2246,150,21369,1,28:20
2024-25,1628380,Zach Collins,Zach,1610612759,SAS,San Antonio Spurs,0022400038,2024-11-26T00:00:00,SAS @ UTA,W,6.066666666666666,0.0,5.9,0.0,0.0,5.9,0.0,0.0,0.0,0.0,5.9,5.9,11.9,5.9,0.0,0.0,0.0,0.0,11.9,0.0,0.0,-23.7,23.1,0,0,17.8,1,1,13086,1,23571,22635,22670,22635,15070,10848,15070,13505,14344,13505,1654,8474,3600,5614,16469,12854,8263,8846,434,17725,23200,22507,19466,2246,150,21949,1,6:04
2024-25,1631106,Tari Eason,Tari,1610612745,HOU,Houston Rockets,0022400037,2024-11-26T00:00:00,HOU @ MIN,W,18.15,0.0,9.9,0.0,0.0,6.0,0.0,0.0,0.0,0.0,0.0,6.0,6.0,0.0,2.0,4.0,2.0,0.0,6.0,0.0,0.0,-35.7,23.0,0,0,17.9,1,1,13086,1,17469,22635,17208,22635,15070,10804,15070,13505,14344,13505,14058,8447,12404,19908,10598,1672,3525,8846,3011,17725,23200,24488,19561,2246,150,21930,1,18:09
2024-25,1628975,Jevon Carter,Jevon,1610612741,CHI,Chicago Bulls,0022400035,2024-11-26T00:00:00,CHI @ WAS,W,1.9166666666666667,0.0,0.0,0.0,0.0,0.0,0.0,0.0,0.0,0.0,0.0,18.8,18.8,0.0,18.8,0.0,0.0,0.0,0.0,0.0,0.0,-93.9,3.8,0,0,18.8,1,1,13086,1,25508,22635,24836,22635,15070,20945,15070,13505,14344,13505,14058,212,731,19908,63,12854,8263,8846,20257,17725,23200,26111,25094,2246,150,21487,1,1:55
2024-25,1641731,Bilal Coulibaly,Bilal,1610612764,WAS,Washington Wizards,0022400035,2024-11-26T00:00:00,WAS vs. CHI,L,36.86666666666667,2.9,10.7,0.273,0.0,2.9,0.0,2.0,2.9,0.667,1.0,2.0,2.9,4.9,1.0,1.0,0.0,0.0,1.0,2.0,7.8,-22.5,20.6,0,0,17.6,1,13222,1,13222,2081,19580,15812,20048,15070,17802,15070,10796,10147,9425,13446,19816,19912,7728,15988,12155,8263,8846,19831,13305,20076,22211,20896,2246,150,22044,1,36:52
2024-25,1642263,Reed Sheppard,Reed,1610612745,HOU,Houston Rockets,0022400037,2024-11-26T00:00:00,HOU @ MIN,W,8.75,0.0,8.2,0.0,0.0,4.1,0.0,0.0,0.0,0.0,0.0,4.1,4.1,4.1,4.1,0.0,0.0,0.0,8.2,0.0,0.0,-24.7,7.0,0,0,8.2,1,1,13086,1,22544,22635,19900,22635,15070,15312,15070,13505,14344,13505,14058,13373,17033,9624,3639,12854,8263,8846,1259,17725,23200,22742,24823,2246,150,24730,1,8:45
2024-25,1630534,Ochai Agbaji,Ochai,1610612761,TOR,Toronto Raptors,0022400278,2024-11-25T00:00:00,TOR @ DET,L,23.573333333333334,0.0,6.1,0.0,0.0,4.6,0.0,0.0,0.0,0.0,0.0,1.5,1.5,1.5,1.5,1.5,0.0,0.0,4.6,0.0,0.0,-39.7,7.2,0,0,6.1,1,13222,1,13222,13253,22635,22508,22635,15070,14232,15070,13505,14344,13505,14058,20815,22537,17882,12626,8289,8263,8846,5587,17725,23200,24824,24804,2246,150,24996,1,23:34
2024-25,1641724,Jett Howard,Jett,1610612753,ORL,Orlando Magic,0022400277,2024-11-25T00:00:00,ORL @ CHA,W,23.37,0.0,6.2,0.0,0.0,6.2,0.0,0.0,0.0,0.0,0.0,3.1,3.1,3.1,0.0,0.0,0.0,0.0,1.5,0.0,0.0,24.6,8.3,0,0,6.2,1,1,13086,1,13406,22635,22461,22635,15070,10292,15070,13505,14344,13505,14058,16462,19526,12666,16469,12854,8263,8846,17085,17725,23200,2888,24657,2246,150,24991,1,23:22
2024-25,1631303,Justin Minaya,Justin,1610612757,POR,Portland Trail Blazers,0022400282,2024-11-25T00:00:00,POR @ MEM,L,6.05,0.0,0.0,0.0,0.0,0.0,0.0,0.0,0.0,0.0,0.0,6.0,6.0,0.0,0.0,0.0,0.0,0.0,6.0,6.0,0.0,-11.9,7.1,0,0,6.0,1,13222,1,13222,23581,22635,24836,22635,15070,20945,15070,13505,14344,13505,14058,8447,12404,19908,16469,12854,8263,8846,3011,2684,23200,18704,24808,2246,150,25010,1,6:03
2024-25,1630182,Josh Green,Josh,1610612766,CHA,Charlotte Hornets,0022400277,2024-11-25T00:00:00,CHA vs. ORL,L,28.65,1.3,8.8,0.143,0.0,5.0,0.0,0.0,0.0,0.0,2.5,1.3,3.8,0.0,2.5,0.0,0.0,2.5,3.8,2.5,2.5,6.3,4.5,0,0,6.3,1,13222,1,13222,8973,22446,19032,22260,15070,13149,15070,13505,14344,13505,6574,21375,17893,19908,8188,12854,8263,2024,7836,10942,23075,9480,25045,2246,150,24976,1,28:39
2024-25,1628969,Mikal Bridges,Mikal,1610612752,NYK,New York Knicks,0022400283,2024-11-25T00:00:00,NYK @ DEN,W,36.196666666666665,6.0,15.9,0.375,2.0,8.0,0.25,0.0,0.0,0.0,0.0,2.0,2.0,6.0,0.0,0.0,0.0,0.0,1.0,0.0,13.9,17.9,25.3,0,0,23.9,1,1,13086,1,2540,11606,7237,16299,10213,6525,11902,13505,14344,13505,14058,19699,21818,5557,16469,12854,8263,8846,19741,17725,14023,4591,18104,2246,150,18422,1,36:12
2024-25,1630198,Isaiah Joe,Isaiah,1610612760,OKC,Oklahoma City Thunder,0022400285,2024-11-25T00:00:00,OKC @ SAC,W,21.25,5.1,16.9,0.3,5.1,13.6,0.375,0.0,0.0,0.0,1.7,0.0,1.7,1.7,1.7,0.0,0.0,1.7,1.7,3.4,15.2,27.1,18.1,0,0,23.7,1,1,13086,1,15114,14145,5861,19363,2181,1069,8800,13505,14344,13505,9594,22137,22307,17384,11939,12854,8263,4164,16551,7988,12662,2412,22043,2246,150,18527,1,21:15
2024-25,1641789,Jazian Gortman,Jazian,1610612742,DAL,Dallas Mavericks,0022400280,2024-11-25T00:00:00,DAL @ ATL,W,5.233333333333333,0.0,13.8,0.0,0.0,6.9,0.0,0.0,0.0,0.0,6.9,0.0,6.9,0.0,0.0,0.0,0.0,0.0,0.0,0.0,0.0,48.2,8.3,0,0,6.9,1,1,13086,1,23896,22635,10554,22635,15070,8711,15070,13505,14344,13505,1189,22137,10362,19908,16469,12854,8263,8846,20257,17725,23200,600,24664,2246,150,24904,1,5:14
2024-25,201587,Nicolas Batum,Nicolas,1610612746,LAC,LA Clippers,0022400281,2024-11-25T00:00:00,LAC @ BOS,L,23.383333333333333,0.0,3.1,0.0,0.0,1.5,0.0,0.0,0.0,0.0,1.5,4.6,6.2,1.5,0.0,0.0,0.0,0.0,0.0,0.0,0.0,-29.3,9.7,0,0,7.7,1,13222,1,13222,13392,22635,24469,22635,15070,20233,15070,13505,14344,13505,10157,11931,11923,17844,16469,12854,8263,8846,20257,17725,23200,23623,24466,2246,150,24809,1,23:23
2024-25,1628464,Daniel Theis,Daniel,1610612740,NOP,New Orleans Pelicans,0022400279,2024-11-25T00:00:00,NOP @ IND,L,16.79,6.4,12.9,0.5,0.0,4.3,0.0,4.3,4.3,1.0,0.0,2.1,2.1,4.3,0.0,0.0,0.0,0.0,4.3,4.3,17.2,-64.3,26.2,0,0,23.6,1,13222,1,13222,18394,10351,12099,8526,15070,14945,15070,5177,7233,1,14058,19228,21525,9162,16469,12854,8263,8846,6320,5622,10678,25781,17507,2246,150,18622,1,16:47
2024-25,1631323,Simone Fontecchio,Simone,1610612765,DET,Detroit Pistons,0022400278,2024-11-25T00:00:00,DET vs. TOR,W,8.955,0.0,8.0,0.0,0.0,8.0,0.0,4.0,8.0,0.5,4.0,0.0,4.0,0.0,0.0,0.0,0.0,0.0,8.0,4.0,4.0,-56.3,8.8,0,0,8.0,1,1,13086,1,22469,22635,20190,22635,15070,6385,15070,5665,2496,10625,3574,22137,17271,19908,16469,12854,8263,8846,1347,6254,22545,25595,24598,2246,150,24762,1,8:57
2024-25,1641712,Rayan Rupert,Rayan,1610612757,POR,Portland Trail Blazers,0022400282,2024-11-25T00:00:00,POR @ MEM,L,22.383333333333333,4.8,12.9,0.375,0.0,4.8,0.0,4.8,6.4,0.75,0.0,1.6,1.6,1.6,1.6,1.6,1.6,1.6,0.0,3.2,14.5,-20.9,26.9,0,0,24.1,1,13222,1,13222,14203,14871,12095,16299,15070,13634,15070,4303,3957,8186,14058,20656,22428,17623,12300,7951,4531,4410,20257,8500,13435,21807,17050,2246,150,18248,1,22:23
2024-25,1629750,Javonte Green,Javonte,1610612740,NOP,New Orleans Pelicans,0022400279,2024-11-25T00:00:00,NOP @ IND,L,26.13,4.1,8.3,0.5,1.4,2.8,0.5,0.0,0.0,0.0,0.0,1.4,1.4,0.0,2.8,2.8,0.0,1.4,1.4,0.0,9.6,-8.3,16.8,0,0,17.9,1,13222,1,13222,11071,16765,19846,8526,12530,18152,3944,13505,14344,13505,14058,21133,22726,19908,7357,3792,8263,5270,17717,17725,18499,17081,22560,2246,150,21910,1,26:08
2024-25,1631128,Christian Braun,Christian,1610612743,DEN,Denver Nuggets,0022400283,2024-11-25T00:00:00,DEN vs. NYK,L,32.45,5.5,11.1,0.5,0.0,0.0,0.0,4.4,4.4,1.0,0.0,1.1,1.1,2.2,1.1,1.1,1.1,1.1,0.0,3.3,15.5,-14.4,25.7,0,0,23.3,1,13222,1,13222,5597,12863,15204,8526,15070,20945,15070,4929,6960,1,14058,21733,23069,15559,15066,10943,6728,6972,20257,8167,12390,19672,17790,2246,150,18804,1,32:27
2024-25,1629631,De'Andre Hunter,De'Andre,1610612737,ATL,Atlanta Hawks,0022400280,2024-11-25T00:00:00,ATL vs. DAL,L,31.383333333333333,3.4,12.6,0.273,1.1,5.7,0.2,2.3,2.3,1.0,0.0,4.6,4.6,2.3,4.6,0.0,0.0,0.0,1.1,3.4,10.3,-18.4,14.7,0,0,18.4,1,13222,1,13222,6521,18454,12535,20048,13664,11372,13429,9652,11806,1,14058,12013,15834,15256,2866,12854,8263,8846,18831,7835,17837,21033,23287,2246,150,21686,1,31:23
2024-25,1641716,Jarace Walker,Jarace,1610612754,IND,Indiana Pacers,0022400279,2024-11-25T00:00:00,IND vs. NOP,W,18.373333333333335,2.0,9.8,0.2,0.0,7.8,0.0,0.0,0.0,0.0,0.0,3.9,3.9,0.0,2.0,0.0,0.0,0.0,2.0,0.0,3.9,-15.7,6.7,0,0,7.8,1,1,13086,1,17300,21479,17401,21401,15070,6740,15070,13505,14344,13505,14058,13973,17518,19908,10731,12854,8263,8846,15359,17725,22588,20139,24845,2246,150,24785,1,18:22
2024-25,1641732,Colby Jones,Colby,1610612758,SAC,Sacramento Kings,0022400285,2024-11-25T00:00:00,SAC vs. OKC,L,3.066666666666667,0.0,0.0,0.0,0.0,0.0,0.0,0.0,0.0,0.0,0.0,0.0,0.0,0.0,0.0,0.0,0.0,0.0,0.0,0.0,0.0,0.0,0.0,0,0,0.0,1,13222,1,13222,24952,22635,24836,22635,15070,20945,15070,13505,14344,13505,14058,22137,23286,19908,16469,12854,8263,8846,20257,17725,23200,12240,25228,2246,150,25259,1,3:04
2024-25,1630538,Bones Hyland,Bones,1610612746,LAC,LA Clippers,0022400281,2024-11-25T00:00:00,LAC @ BOS,L,12.0,0.0,15.0,0.0,0.0,6.0,0.0,6.0,6.0,1.0,3.0,0.0,3.0,0.0,3.0,0.0,0.0,3.0,6.0,3.0,6.0,-33.0,6.6,0,0,9.0,1,13222,1,13222,21228,22635,8606,22635,15070,10684,15070,2855,4464,1,5329,22137,19729,19908,6468,12854,8263,1329,2940,9236,21387,24165,24856,2246,150,24606,1,12:00
2024-25,1628989,Kevin Huerter,Kevin,1610612758,SAC,Sacramento Kings,0022400285,2024-11-25T00:00:00,SAC vs. OKC,L,10.4,0.0,6.9,0.0,0.0,6.9,0.0,0.0,0.0,0.0,0.0,3.5,3.5,0.0,0.0,0.0,0.0,0.0,6.9,0.0,0.0,-31.2,4.2,0,0,3.5,1,13222,1,13222,21961,22635,21640,22635,15070,8620,15070,13505,14344,13505,14058,15345,18633,19908,16469,12854,8263,8846,2036,17725,23200,23916,25071,2246,150,25211,1,10:24
2024-25,1641757,Jordan Miller,Jordan,1610612746,LAC,LA Clippers,0022400281,2024-11-25T00:00:00,LAC @ BOS,L,20.033333333333335,7.2,18.0,0.4,0.0,1.8,0.0,3.6,3.6,1.0,1.8,0.0,1.8,0.0,3.6,1.8,0.0,5.4,1.8,3.6,18.0,-34.1,21.9,0,0,23.4,1,13222,1,13222,15994,8485,4730,14933,15070,19923,15070,6498,8699,1,9250,22137,22164,19908,4790,7272,8263,296,16201,7400,9879,24324,20190,2246,150,18760,1,20:02
2024-25,1641733,Nick Smith Jr.,Nick,1610612766,CHA,Charlotte Hornets,0022400277,2024-11-25T00:00:00,CHA vs. ORL,L,9.133333333333333,0.0,3.9,0.0,0.0,3.9,0.0,0.0,0.0,0.0,0.0,3.9,3.9,0.0,0.0,0.0,0.0,0.0,0.0,0.0,0.0,-35.5,4.7,0,0,3.9,1,13222,1,13222,22406,22635,24112,22635,15070,15689,15070,13505,14344,13505,14058,13907,17463,19908,16469,12854,8263,8846,20257,17725,23200,24466,25029,2246,150,25190,1,9:08
2024-25,1631133,Jabari Walker,Jabari,1610612757,POR,Portland Trail Blazers,0022400282,2024-11-25T00:00:00,POR @ MEM,L,22.616666666666667,6.4,14.3,0.444,0.0,4.8,0.0,1.6,1.6,1.0,3.2,6.4,9.6,3.2,0.0,1.6,0.0,0.0,3.2,3.2,14.3,-12.7,35.3,0,0,30.2,1,13222,1,13222,14015,10523,9648,13045,15070,13773,15070,11618,13404,1,4974,7563,5989,12382,16469,8022,8263,8846,9929,8613,13579,19034,10843,2246,150,13759,1,22:37
2024-25,1627884,Derrick Jones Jr.,Derrick,1610612746,LAC,LA Clippers,0022400281,2024-11-25T00:00:00,LAC @ BOS,L,24.616666666666667,5.8,8.8,0.667,1.5,2.9,0.5,2.9,2.9,1.0,0.0,2.9,2.9,1.5,1.5,0.0,0.0,0.0,2.9,1.5,16.1,-19.0,20.3,0,0,21.9,1,13222,1,13222,12359,11952,19069,3281,12199,17810,3944,8025,10160,1,14058,16994,19925,18124,12946,12854,8263,8846,11061,15169,11836,21242,21012,2246,150,19711,1,24:37
2024-25,1641764,Brandin Podziemski,Brandin,1610612744,GSW,Golden State Warriors,0022400284,2024-11-25T00:00:00,GSW vs. BKN,L,22.633333333333333,3.2,8.0,0.4,1.6,4.8,0.333,3.2,3.2,1.0,1.6,0.0,1.6,9.5,0.0,0.0,1.6,0.0,3.2,4.8,11.1,-15.9,32.1,0,0,27.0,1,13222,1,13222,14002,19028,20342,14933,11706,13781,9209,7366,9548,1,9961,22137,22451,1680,16469,12854,4585,8846,9941,4568,17050,20236,13233,2246,150,16123,1,22:38
2024-25,1630217,Desmond Bane,Desmond,1610612763,MEM,Memphis Grizzlies,0022400282,2024-11-25T00:00:00,MEM vs. POR,W,23.983333333333334,3.0,12.0,0.25,1.5,6.0,0.25,4.5,6.0,0.75,0.0,10.5,10.5,3.0,3.0,0.0,1.5,1.5,4.5,4.5,12.0,13.5,30.6,0,0,30.0,1,1,13086,1,12912,19411,13571,20233,12026,10680,11902,4835,4463,8186,14058,2225,4901,12921,6464,12854,4850,4773,5771,5135,16126,6201,14328,2246,150,13930,1,23:59
2024-25,1631097,Bennedict Mathurin,Bennedict,1610612754,IND,Indiana Pacers,0022400279,2024-11-25T00:00:00,IND vs. NOP,W,37.6,3.8,11.5,0.333,0.0,3.8,0.0,3.8,3.8,1.0,0.0,8.6,8.6,2.9,1.9,1.9,0.0,1.0,1.9,1.9,11.5,-7.7,30.0,0,0,26.8,1,1,13086,1,1632,17495,14490,17395,15070,15936,15070,6021,8178,1,14058,3919,7284,13367,10967,6688,8263,8282,15593,13456,16681,16810,14818,2246,150,16314,1,37:36
2024-25,1631245,Quenton Jackson,Quenton,1610612754,IND,Indiana Pacers,0022400279,2024-11-25T00:00:00,IND vs. NOP,W,31.941666666666666,4.5,9.0,0.5,4.5,6.8,0.667,0.0,2.3,0.0,0.0,2.3,2.3,4.5,0.0,1.1,0.0,2.3,3.4,5.6,13.5,21.4,26.4,0,0,27.0,1,1,13086,1,6028,15754,18690,8526,3059,8981,1957,13505,11923,13505,14058,18908,21305,8637,16469,10803,8263,2541,9150,3144,14473,3591,17366,2246,150,16119,1,31:57
2024-25,1642349,Ajay Mitchell,Ajay,1610612760,OKC,Oklahoma City Thunder,0022400285,2024-11-25T00:00:00,OKC @ SAC,W,17.783333333333335,10.1,14.2,0.714,2.0,2.0,1.0,4.0,4.0,1.0,0.0,0.0,0.0,2.0,0.0,0.0,0.0,2.0,2.0,2.0,26.3,0.0,29.4,0,0,30.4,1,1,13086,1,17716,3087,9878,2752,10044,19511,1,5609,7742,1,14058,22137,23286,16285,16469,12854,8263,3143,14997,12966,3528,12240,15248,2246,150,13663,1,17:47
2024-25,1631165,Keon Ellis,Keon,1610612758,SAC,Sacramento Kings,0022400285,2024-11-25T00:00:00,SAC vs. OKC,L,27.7,3.9,5.2,0.75,2.6,3.9,0.667,0.0,0.0,0.0,0.0,1.3,1.3,3.9,0.0,1.3,0.0,0.0,3.9,0.0,10.4,-6.5,21.7,0,0,20.8,1,13222,1,13222,9787,17330,23323,2107,7829,15795,1957,13505,14344,13505,14058,21283,22817,10234,16469,9454,8263,8846,7455,17725,17764,16291,20317,2246,150,20414,1,27:42
2024-25,1641816,Hunter Tyson,Hunter,1610612743,DEN,Denver Nuggets,0022400283,2024-11-25T00:00:00,DEN vs. NYK,L,10.416666666666666,6.9,10.4,0.667,3.5,6.9,0.5,0.0,0.0,0.0,3.5,0.0,3.5,3.5,0.0,0.0,0.0,0.0,3.5,0.0,17.3,-13.8,26.6,0,0,27.6,1,13222,1,13222,21954,9140,16434,3281,5247,8641,3944,13505,14344,13505,4445,22137,18646,11530,16469,12854,8263,8846,8875,17725,10543,19433,17208,2246,150,15684,1,10:25
2024-25,1631386,Tazé Moore,Tazé,1610612757,POR,Portland Trail Blazers,0022400282,2024-11-25T00:00:00,POR @ MEM,L,7.85,4.6,9.2,0.5,0.0,0.0,0.0,0.0,0.0,0.0,9.2,9.2,18.3,0.0,4.6,0.0,0.0,0.0,0.0,0.0,9.2,-9.2,26.6,0,0,27.5,1,13222,1,13222,22867,15534,18454,8526,15070,20945,15070,13505,14344,13505,517,3337,817,19908,2869,12854,8263,8846,20257,17725,18916,17512,17218,2246,150,15779,1,7:51
2024-25,1642258,Zaccharie Risacher,Zaccharie,1610612737,ATL,Atlanta Hawks,0022400280,2024-11-25T00:00:00,ATL vs. DAL,L,16.616666666666667,4.3,17.3,0.25,2.2,6.5,0.333,0.0,0.0,0.0,0.0,4.3,4.3,4.3,2.2,0.0,0.0,4.3,2.2,0.0,10.8,13.0,20.4,0,0,21.7,1,13222,1,13222,18517,16238,5414,20233,9373,9549,9209,13505,14344,13505,14058,12704,16449,9049,9653,12854,8263,532,14263,17725,17327,6399,20997,2246,150,19858,1,16:37
2024-25,1630700,Dyson Daniels,Dyson,1610612737,ATL,Atlanta Hawks,0022400280,2024-11-25T00:00:00,ATL vs. DAL,L,34.833333333333336,7.2,14.5,0.5,1.0,4.1,0.25,2.1,2.1,1.0,1.0,0.0,1.0,2.1,1.0,2.1,2.1,1.0,2.1,1.0,17.6,1.0,33.3,0,0,30.0,1,13222,1,13222,3587,8370,9401,8526,14344,15264,11902,10417,12533,1,12996,22137,23181,16127,15611,5926,3299,7633,14769,17255,10251,12128,12370,2246,150,13965,1,34:50
2024-25,1630573,Sam Hauser,Sam,1610612738,BOS,Boston Celtics,0022400281,2024-11-25T00:00:00,BOS vs. LAC,W,23.0,4.7,4.7,1.0,4.7,4.7,1.0,0.0,0.0,0.0,0.0,3.1,3.1,0.0,0.0,0.0,0.0,0.0,0.0,0.0,14.1,42.3,17.8,0,0,21.9,1,1,13086,1,13724,15251,23686,1,2735,13960,1,13505,14344,13505,14058,16328,19415,19908,16469,12854,8263,8846,20257,17725,13858,820,22164,2246,150,19721,1,23:00
2024-25,1628371,Jonathan Isaac,Jonathan,1610612753,ORL,Orlando Magic,0022400277,2024-11-25T00:00:00,ORL @ CHA,W,22.498333333333335,6.4,22.4,0.286,4.8,16.0,0.3,0.0,0.0,0.0,4.8,4.8,9.6,0.0,0.0,1.6,3.2,1.6,6.4,0.0,17.6,8.0,43.5,0,0,41.6,1,1,13086,1,14116,10446,1633,19630,2555,524,11319,13505,14344,13505,2561,11434,5918,19908,16469,7983,1476,4434,2489,17725,10222,8632,5875,2246,150,5851,1,22:30
2024-25,1631248,Baylor Scheierman,Baylor,1610612738,BOS,Boston Celtics,0022400281,2024-11-25T00:00:00,BOS vs. LAC,W,5.016666666666667,0.0,7.2,0.0,0.0,0.0,0.0,0.0,0.0,0.0,7.2,7.2,14.4,7.2,0.0,0.0,0.0,0.0,0.0,0.0,0.0,28.7,28.0,0,0,21.5,1,1,13086,1,23988,22635,21347,22635,15070,20945,15070,13505,14344,13505,1074,6042,2072,3794,16469,12854,8263,8846,20257,17725,23200,2148,16236,2246,150,19941,1,5:01
2024-25,1630167,Obi Toppin,Obi,1610612754,IND,Indiana Pacers,0022400279,2024-11-25T00:00:00,IND vs. NOP,W,15.838333333333333,6.8,18.2,0.375,2.3,9.1,0.25,0.0,0.0,0.0,0.0,4.5,4.5,4.5,0.0,0.0,0.0,0.0,0.0,0.0,15.9,-4.5,28.2,0,0,27.3,1,1,13086,1,19039,9376,4475,16299,8966,4682,11902,13505,14344,13505,14058,12138,15937,8545,16469,12854,8263,8846,20257,17725,12013,15345,16080,2246,150,15968,1,15:50
2024-25,1629014,Anfernee Simons,Anfernee,1610612757,POR,Portland Trail Blazers,0022400282,2024-11-25T00:00:00,POR @ MEM,L,29.75,2.4,16.9,0.143,1.2,8.5,0.143,0.0,0.0,0.0,2.4,2.4,4.8,4.8,1.2,2.4,0.0,2.4,6.1,1.2,6.1,-26.6,25.2,0,0,21.8,1,13222,1,13222,8001,20615,5861,22260,13310,5630,14649,13505,14344,13505,6862,18426,15199,7815,14368,4631,8263,2179,2874,16352,21357,23156,18160,2246,150,19797,1,29:45
2024-25,1631093,Jaden Ivey,Jaden,1610612765,DET,Detroit Pistons,0022400278,2024-11-25T00:00:00,DET vs. TOR,W,36.36666666666667,9.9,12.9,0.769,2.0,4.0,0.5,3.0,5.9,0.5,0.0,4.9,4.9,7.9,3.0,1.0,0.0,1.0,2.0,4.0,24.7,24.7,42.6,0,0,41.6,1,1,13086,1,2428,3329,12092,2080,10246,15662,3944,7895,4562,10625,14058,11027,14928,2975,6591,12036,8263,8005,15256,6430,4342,2872,6330,2246,150,5867,1,36:22
2024-25,1627739,Kris Dunn,Kris,1610612746,LAC,LA Clippers,0022400281,2024-11-25T00:00:00,LAC @ BOS,L,21.566666666666666,1.7,8.3,0.2,0.0,3.3,0.0,0.0,0.0,0.0,0.0,6.7,6.7,3.3,3.3,5.0,1.7,1.7,3.3,0.0,3.3,0.0,33.1,0,0,26.7,1,13222,1,13222,14874,21934,19725,21401,15070,16984,15070,13505,14344,13505,14058,6941,10777,11857,5391,897,4366,4225,9295,17725,22832,12240,12553,2246,150,16391,1,21:34
2024-25,203935,Marcus Smart,Marcus,1610612763,MEM,Memphis Grizzlies,0022400282,2024-11-25T00:00:00,MEM vs. POR,W,18.538333333333334,5.8,11.7,0.5,0.0,3.9,0.0,0.0,0.0,0.0,0.0,0.0,0.0,7.8,1.9,3.9,0.0,0.0,3.9,0.0,11.7,21.4,33.0,0,0,27.2,1,1,13086,1,17161,12038,14215,8526,15070,15840,15070,13505,14344,13505,14058,22137,23286,3119,10842,1755,8263,8846,7501,17725,16520,3609,12582,2246,150,16029,1,18:32
2024-25,1641710,Anthony Black,Anthony,1610612753,ORL,Orlando Magic,0022400277,2024-11-25T00:00:00,ORL @ CHA,W,22.35,4.8,20.9,0.231,3.2,14.5,0.222,3.2,3.2,1.0,0.0,4.8,4.8,1.6,1.6,4.8,0.0,3.2,4.8,4.8,16.1,0.0,37.2,0,0,35.4,1,1,13086,1,14231,14851,2378,21157,5898,804,13288,7274,9474,1,14058,11326,15216,17617,12293,1000,8263,1135,4988,4430,11812,12240,9529,2246,150,9767,1,22:21
2024-25,1627780,Gary Payton II,Gary,1610612744,GSW,Golden State Warriors,0022400284,2024-11-25T00:00:00,GSW vs. BKN,L,21.8,6.6,14.9,0.444,0.0,3.3,0.0,0.0,0.0,0.0,6.6,8.3,14.9,6.6,0.0,3.3,0.0,0.0,3.3,1.7,13.2,-8.3,50.9,0,0,41.3,1,13222,1,13222,14669,9914,8804,13045,15070,17062,15070,13505,14344,13505,1322,4348,1840,4569,16469,2559,8263,8846,9444,14439,14858,17077,3024,2246,150,6033,1,21:48
2024-25,203914,Gary Harris,Gary,1610612753,ORL,Orlando Magic,0022400277,2024-11-25T00:00:00,ORL @ CHA,W,6.85,5.3,5.3,1.0,5.3,5.3,1.0,0.0,0.0,0.0,0.0,0.0,0.0,0.0,5.3,0.0,0.0,0.0,5.3,0.0,15.8,-15.8,10.5,0,0,21.0,1,1,13086,1,23234,13650,23287,1,1987,12577,1,13505,14344,13505,14058,22137,23286,19908,2055,12854,8263,8846,4090,17725,12153,20180,24336,2246,150,20266,1,6:51
2024-25,1626167,Myles Turner,Myles,1610612754,IND,Indiana Pacers,0022400279,2024-11-25T00:00:00,IND vs. NOP,W,28.438333333333333,8.9,13.9,0.636,2.5,7.6,0.333,1.3,3.8,0.333,3.8,7.6,11.4,1.3,3.8,1.3,1.3,0.0,6.3,2.5,21.5,26.6,40.9,0,0,41.8,1,1,13086,1,9182,4951,10297,4689,8043,7191,9209,12399,8258,13132,3891,5336,4057,18770,4327,9684,5820,8846,2570,10868,6622,2504,7233,2246,150,5765,1,28:26
2024-25,1630166,Deni Avdija,Deni,1610612757,POR,Portland Trail Blazers,0022400282,2024-11-25T00:00:00,POR @ MEM,L,31.9,7.9,18.1,0.438,2.3,7.9,0.286,1.1,2.3,0.5,1.1,7.9,9.0,6.8,3.4,1.1,1.1,2.3,4.5,1.1,19.2,-12.4,43.6,0,0,41.8,1,13222,1,13222,6062,6851,4611,13558,9025,6627,11433,12821,11912,10625,12272,4861,6688,4323,5269,10784,6620,2534,5745,16778,8667,18907,5868,2246,150,5774,1,31:54
2024-25,1641783,Tristan da Silva,Tristan,1610612753,ORL,Orlando Magic,0022400277,2024-11-25T00:00:00,ORL @ CHA,W,21.14666666666667,6.8,22.1,0.308,1.7,13.6,0.125,0.0,0.0,0.0,1.7,3.4,5.1,1.7,0.0,1.7,0.0,0.0,1.7,3.4,15.3,0.0,29.1,0,0,27.2,1,1,13086,1,15191,9402,1764,19226,11396,1050,14886,13505,14344,13505,9570,15510,14498,17359,16469,7600,8263,8846,16531,7938,12598,12240,15412,2246,150,15992,1,21:09
2024-25,1629048,Goga Bitadze,Goga,1610612753,ORL,Orlando Magic,0022400277,2024-11-25T00:00:00,ORL @ CHA,W,21.6,5.0,10.0,0.5,0.0,0.0,0.0,0.0,0.0,0.0,3.3,3.3,6.7,3.3,1.7,1.7,1.7,3.3,1.7,1.7,10.0,-6.7,31.3,0,0,26.7,1,1,13086,1,14851,14383,17047,8526,15070,20945,15070,13505,14344,13505,4677,15688,10807,11873,12060,7736,4373,1041,16634,14382,18159,16364,13798,2246,150,16421,1,21:36
2024-25,1641706,Brandon Miller,Brandon,1610612766,CHA,Charlotte Hornets,0022400277,2024-11-25T00:00:00,CHA vs. ORL,L,37.95166666666667,5.7,16.1,0.353,1.9,6.6,0.286,5.7,6.6,0.857,0.9,8.5,9.5,3.8,5.7,0.9,0.0,0.9,3.8,5.7,19.0,-12.3,33.2,1,0,36.0,1,13222,1,13222,1412,12449,6936,17268,10647,9237,11433,3187,3719,7071,13661,4014,6084,10510,1644,12362,8263,8356,7760,3045,8886,18874,12425,1,150,9336,1,37:57
2024-25,1642274,Yves Missi,Yves,1610612740,NOP,New Orleans Pelicans,0022400279,2024-11-25T00:00:00,NOP @ IND,L,31.21,8.1,12.7,0.636,0.0,0.0,0.0,2.3,6.9,0.333,4.6,10.4,15.0,0.0,0.0,2.3,2.3,1.2,3.5,4.6,18.5,30.0,50.3,1,0,42.7,1,13222,1,13222,6695,6480,12404,4689,15070,20945,15070,9595,3453,13132,2781,2304,1772,19908,16469,5011,2730,6604,8866,4912,9364,1964,3182,1,150,5324,1,31:13
2024-25,1642354,KJ Simpson,KJ,1610612766,CHA,Charlotte Hornets,0022400277,2024-11-25T00:00:00,CHA vs. ORL,L,8.285,0.0,4.3,0.0,0.0,4.3,0.0,0.0,0.0,0.0,0.0,0.0,0.0,0.0,8.7,0.0,0.0,0.0,0.0,0.0,0.0,-39.1,-8.7,0,0,0.0,1,13222,1,13222,22712,22635,23891,22635,15070,14808,15070,13505,14344,13505,14058,22137,23286,19908,472,12854,8263,8846,20257,17725,23200,24780,26210,2246,150,25259,1,8:17
2024-25,202699,Tobias Harris,Tobias,1610612765,DET,Detroit Pistons,0022400278,2024-11-25T00:00:00,DET vs. TOR,W,37.483333333333334,2.9,9.6,0.3,1.0,3.8,0.25,4.8,5.8,0.833,0.0,2.9,2.9,1.9,0.0,1.0,0.0,1.0,0.0,2.9,11.5,9.6,20.7,0,0,19.2,1,1,13086,1,1690,19709,17764,19363,14749,15914,11902,4342,4798,7275,14058,17147,20038,16673,16469,12276,8263,8260,20257,9655,16646,7889,20819,2246,150,21286,1,37:29
2024-25,1641790,PJ Hall,PJ,1610612743,DEN,Denver Nuggets,0022400283,2024-11-25T00:00:00,DEN vs. NYK,L,2.316666666666667,0.0,0.0,0.0,0.0,0.0,0.0,0.0,0.0,0.0,0.0,0.0,0.0,0.0,0.0,0.0,0.0,0.0,0.0,0.0,0.0,-31.1,0.0,0,0,0.0,1,13222,1,13222,25310,22635,24836,22635,15070,20945,15070,13505,14344,13505,14058,22137,23286,19908,16469,12854,8263,8846,20257,17725,23200,23900,25228,2246,150,25259,1,2:19
2024-25,1631213,Tyrese Martin,Tyrese,1610612751,BKN,Brooklyn Nets,0022400284,2024-11-25T00:00:00,BKN @ GSW,W,17.833333333333332,2.0,10.1,0.2,2.0,10.1,0.2,0.0,0.0,0.0,2.0,10.1,12.1,6.1,2.0,2.0,2.0,0.0,4.0,0.0,6.1,12.1,39.8,0,0,34.3,1,1,13086,1,17681,21377,16902,21401,10076,3383,13429,13505,14344,13505,8301,2502,3410,5386,10433,6163,3424,8846,7034,17725,21355,6748,7905,2246,150,10592,1,17:50
2024-25,1628998,Cody Martin,Cody,1610612766,CHA,Charlotte Hornets,0022400277,2024-11-25T00:00:00,CHA vs. ORL,L,24.975,2.9,8.6,0.333,0.0,5.8,0.0,0.0,0.0,0.0,0.0,8.6,8.6,2.9,1.4,1.4,0.0,0.0,2.9,1.4,5.8,-20.2,23.4,0,0,20.2,1,13222,1,13222,12028,19703,19280,17395,15070,11286,15070,13505,14344,13505,14058,3886,7232,13339,13053,8690,8263,8846,11261,15274,21556,21599,19339,2246,150,20762,1,24:59
2024-25,1630191,Isaiah Stewart,Isaiah,1610612765,DET,Detroit Pistons,0022400278,2024-11-25T00:00:00,DET vs. TOR,W,23.06,4.7,9.4,0.5,0.0,1.6,0.0,4.7,4.7,1.0,4.7,6.2,10.9,3.1,1.6,1.6,4.7,0.0,4.7,7.8,14.1,-25.0,49.0,0,0,40.6,1,1,13086,1,13675,15281,18172,8526,15070,20217,15070,4540,6511,1,2698,7799,4479,12550,12504,8150,619,8846,5329,1125,13885,22804,3621,2246,150,6451,1,23:04
2024-25,1630175,Cole Anthony,Cole,1610612753,ORL,Orlando Magic,0022400277,2024-11-25T00:00:00,ORL @ CHA,W,26.668333333333333,8.1,16.2,0.5,2.7,5.4,0.5,2.7,4.0,0.667,1.3,9.4,10.8,5.4,1.3,0.0,0.0,0.0,5.4,4.0,21.6,20.2,41.3,0,0,40.5,1,1,13086,1,10588,6414,6835,8526,7542,12221,3944,8581,7741,9425,10983,3077,4602,6638,13571,12854,8263,8846,3855,6173,6554,3883,6987,2246,150,6497,1,26:40
2024-25,1630570,Trendon Watford,Trendon,1610612751,BKN,Brooklyn Nets,0022400284,2024-11-25T00:00:00,BKN @ GSW,W,17.733333333333334,6.1,10.2,0.6,4.1,6.1,0.667,0.0,0.0,0.0,2.0,6.1,8.1,2.0,2.0,0.0,2.0,0.0,6.1,2.0,16.2,6.1,33.1,0,0,34.5,1,1,13086,1,17752,11252,16821,5394,3867,10461,1957,13505,14344,13505,8256,8122,8052,16265,10366,12854,3397,8846,2829,12928,11667,9574,12522,2246,150,10437,1,17:44
2024-25,201942,DeMar DeRozan,DeMar,1610612758,SAC,Sacramento Kings,0022400285,2024-11-25T00:00:00,SAC vs. OKC,L,35.516666666666666,13.2,21.3,0.619,0.0,2.0,0.0,4.1,4.1,1.0,0.0,2.0,2.0,6.1,0.0,1.0,0.0,1.0,1.0,4.1,30.4,-14.2,45.0,0,0,40.5,1,13222,1,13222,3054,959,2167,5227,15070,19508,15070,5598,7728,1,14058,19567,21749,5348,16469,11830,8263,7790,19621,6158,1950,19580,5180,2246,150,6479,1,35:31
2024-25,1631212,Peyton Watson,Peyton,1610612743,DEN,Denver Nuggets,0022400283,2024-11-25T00:00:00,DEN vs. NYK,L,22.316666666666666,3.2,6.5,0.5,0.0,1.6,0.0,3.2,3.2,1.0,0.0,0.0,0.0,0.0,1.6,0.0,0.0,0.0,3.2,1.6,9.7,-29.0,8.1,0,0,9.7,1,13222,1,13222,14262,18935,22152,8526,15070,20148,15070,7263,9464,1,14058,22137,23286,19908,12284,12854,8263,8846,9750,14583,18460,23592,24690,2246,150,24491,1,22:19
2024-25,1630702,Jaden Hardy,Jaden,1610612742,DAL,Dallas Mavericks,0022400280,2024-11-25T00:00:00,DAL @ ATL,W,32.11666666666667,9.0,20.2,0.444,2.2,7.8,0.286,5.6,7.8,0.714,0.0,3.4,3.4,2.2,6.7,3.4,0.0,0.0,2.2,5.6,25.8,-6.7,36.5,0,0,40.4,1,1,13086,1,5871,4769,2855,13045,9080,6725,11433,3311,2630,9244,14058,15611,18846,15468,1013,2452,8263,8846,13919,3187,3789,16391,10000,2246,150,6573,1,32:07
2024-25,1630540,Miles McBride,Miles,1610612752,NYK,New York Knicks,0022400283,2024-11-25T00:00:00,NYK @ DEN,W,27.75,6.5,11.7,0.556,3.9,7.8,0.5,0.0,0.0,0.0,2.6,5.2,7.8,3.9,0.0,1.3,0.0,0.0,5.2,1.3,16.9,13.0,35.9,0,0,35.0,1,1,13086,1,9757,10216,14159,7248,4211,6827,3944,13505,14344,13505,6362,10312,8647,10253,16469,9468,8263,8846,4219,15921,10993,6407,10405,2246,150,10070,1,27:45
2024-25,203926,Doug McDermott,Doug,1610612758,SAC,Sacramento Kings,0022400285,2024-11-25T00:00:00,SAC vs. OKC,L,3.066666666666667,0.0,23.5,0.0,0.0,23.5,0.0,0.0,0.0,0.0,0.0,11.7,11.7,0.0,0.0,0.0,0.0,0.0,0.0,0.0,0.0,0.0,14.1,0,0,11.7,1,13222,1,13222,24952,22635,1227,22635,15070,134,15070,13505,14344,13505,14058,1508,3721,19908,16469,12854,8263,8846,20257,17725,23200,12240,23475,2246,150,24052,1,3:04
2024-25,1641745,Adam Flagler,Adam,1610612760,OKC,Oklahoma City Thunder,0022400285,2024-11-25T00:00:00,OKC @ SAC,W,3.066666666666667,0.0,23.5,0.0,0.0,23.5,0.0,0.0,0.0,0.0,0.0,11.7,11.7,0.0,0.0,0.0,0.0,0.0,0.0,0.0,0.0,0.0,14.1,0,0,11.7,1,1,13086,1,24952,22635,1227,22635,15070,134,15070,13505,14344,13505,14058,1508,3721,19908,16469,12854,8263,8846,20257,17725,23200,12240,23475,2246,150,24052,1,3:04
2024-25,1642530,Yuki Kawamura,Yuki,1610612763,MEM,Memphis Grizzlies,0022400282,2024-11-25T00:00:00,MEM vs. POR,W,3.716666666666667,0.0,9.7,0.0,0.0,9.7,0.0,0.0,0.0,0.0,0.0,0.0,0.0,9.7,0.0,0.0,0.0,0.0,9.7,0.0,0.0,-9.7,14.5,0,0,9.7,1,1,13086,1,24612,22635,17601,22635,15070,3869,15070,13505,14344,13505,14058,22137,23286,1592,16469,12854,8263,8846,766,17725,23200,17751,23321,2246,150,24487,1,3:43
2024-25,203458,Alex Len,Alex,1610612758,SAC,Sacramento Kings,0022400285,2024-11-25T00:00:00,SAC vs. OKC,L,3.066666666666667,0.0,11.7,0.0,0.0,0.0,0.0,0.0,0.0,0.0,0.0,0.0,0.0,0.0,0.0,0.0,0.0,0.0,0.0,0.0,0.0,0.0,0.0,0,0,0.0,1,13222,1,13222,24952,22635,14039,22635,15070,20945,15070,13505,14344,13505,14058,22137,23286,19908,16469,12854,8263,8846,20257,17725,23200,12240,25228,2246,150,25259,1,3:04
2024-25,1630192,Zeke Nnaji,Zeke,1610612743,DEN,Denver Nuggets,0022400283,2024-11-25T00:00:00,DEN vs. NYK,L,3.1,0.0,34.8,0.0,0.0,11.6,0.0,0.0,0.0,0.0,0.0,0.0,0.0,0.0,0.0,0.0,0.0,11.6,0.0,0.0,0.0,-34.8,0.0,0,0,0.0,1,13222,1,13222,24942,22635,137,22635,15070,2021,15070,13505,14344,13505,14058,22137,23286,19908,16469,12854,8263,47,20257,17725,23200,24388,25228,2246,150,25259,1,3:06
2024-25,1630558,Davion Mitchell,Davion,1610612761,TOR,Toronto Raptors,0022400278,2024-11-25T00:00:00,TOR @ DET,L,30.783333333333335,1.2,8.2,0.143,1.2,5.8,0.2,0.0,0.0,0.0,1.2,0.0,1.2,3.5,0.0,1.2,0.0,1.2,3.5,2.3,3.5,-15.2,13.7,0,0,11.7,1,13222,1,13222,7055,22519,19964,22260,13538,11087,13429,13505,14344,13505,11999,22137,22985,11365,16469,10437,8263,6484,8723,11592,22772,19977,23578,2246,150,24062,1,30:47
2024-25,1626172,Kevon Looney,Kevon,1610612744,GSW,Golden State Warriors,0022400284,2024-11-25T00:00:00,GSW vs. BKN,L,12.516666666666667,5.8,8.6,0.667,0.0,0.0,0.0,0.0,5.8,0.0,2.9,8.6,11.5,0.0,2.9,5.8,0.0,2.9,8.6,2.9,11.5,20.1,39.7,0,0,34.5,1,13222,1,13222,20981,12262,19307,3281,15070,20945,15070,13505,4811,13505,5653,3904,3941,19908,6936,553,8263,1496,1088,9670,16670,3913,7966,2246,150,10434,1,12:31
2024-25,201950,Jrue Holiday,Jrue,1610612738,BOS,Boston Celtics,0022400281,2024-11-25T00:00:00,BOS vs. LAC,W,29.058333333333334,2.5,12.4,0.2,1.2,9.9,0.125,0.0,0.0,0.0,1.2,3.7,5.0,7.4,1.2,0.0,0.0,0.0,1.2,0.0,6.2,16.1,22.1,0,0,19.8,1,1,13086,1,8628,20500,12916,21401,13159,3598,14886,13505,14344,13505,11547,14585,14916,3476,14172,12854,8263,8846,18335,17725,21255,5213,20111,2246,150,20961,1,29:04
2024-25,1630579,Jericho Sims,Jericho,1610612752,NYK,New York Knicks,0022400283,2024-11-25T00:00:00,NYK @ DEN,W,14.13,0.0,2.5,0.0,0.0,0.0,0.0,0.0,0.0,0.0,5.1,5.1,10.2,0.0,0.0,0.0,5.1,2.5,5.1,0.0,0.0,15.3,27.5,0,0,20.4,1,1,13086,1,20135,22635,24629,22635,15070,20945,15070,13505,14344,13505,2291,10583,5238,19908,16469,12854,495,1956,4385,17725,23200,5509,16569,2246,150,20638,1,14:08
2024-25,1629162,Jordan McLaughlin,Jordan,1610612758,SAC,Sacramento Kings,0022400285,2024-11-25T00:00:00,SAC vs. OKC,L,3.066666666666667,0.0,0.0,0.0,0.0,0.0,0.0,0.0,0.0,0.0,0.0,0.0,0.0,0.0,0.0,0.0,0.0,0.0,11.7,0.0,0.0,0.0,0.0,0,0,0.0,1,13222,1,13222,24952,22635,24836,22635,15070,20945,15070,13505,14344,13505,14058,22137,23286,19908,16469,12854,8263,8846,442,17725,23200,12240,25228,2246,150,25259,1,3:04
2024-25,1630346,Matt Ryan,Matt,1610612752,NYK,New York Knicks,0022400283,2024-11-25T00:00:00,NYK @ DEN,W,2.316666666666667,0.0,15.5,0.0,0.0,15.5,0.0,0.0,0.0,0.0,0.0,0.0,0.0,0.0,15.5,0.0,0.0,0.0,0.0,0.0,0.0,31.1,-15.5,0,0,0.0,1,1,13086,1,25310,22635,7767,22635,15070,590,15070,13505,14344,13505,14058,22137,23286,19908,99,12854,8263,8846,20257,17725,23200,1824,26261,2246,150,25259,1,2:19
2024-25,1629650,Moses Brown,Moses,1610612754,IND,Indiana Pacers,0022400279,2024-11-25T00:00:00,IND vs. NOP,W,10.34,10.4,13.9,0.75,0.0,0.0,0.0,0.0,0.0,0.0,3.5,3.5,7.0,0.0,10.4,3.5,0.0,0.0,7.0,0.0,20.9,-3.5,29.2,0,0,34.8,1,1,13086,1,21991,2763,10291,2107,15070,20945,15070,13505,14344,13505,4403,15286,10217,19908,300,2261,8263,8846,2004,17725,7171,14786,15326,2246,150,10218,1,10:20
2024-25,1642275,Tidjane Salaün,Tidjane,1610612766,CHA,Charlotte Hornets,0022400277,2024-11-25T00:00:00,CHA vs. ORL,L,30.008333333333333,0.0,3.6,0.0,0.0,2.4,0.0,1.2,2.4,0.5,1.2,7.2,8.4,1.2,2.4,0.0,0.0,0.0,3.6,3.6,1.2,1.2,10.7,0,0,10.8,1,13222,1,13222,7779,22635,24269,22635,15070,18810,15070,12590,11493,10625,11797,6004,7630,19013,8665,12854,8263,8846,8433,7393,23195,12016,24306,2246,150,24267,1,30:01
2024-25,1629634,Brandon Clarke,Brandon,1610612763,MEM,Memphis Grizzlies,0022400282,2024-11-25T00:00:00,MEM vs. POR,W,25.25,7.1,10.0,0.714,0.0,0.0,0.0,1.4,4.3,0.333,4.3,8.6,12.8,0.0,1.4,1.4,4.3,1.4,4.3,2.9,15.7,21.4,46.8,0,0,39.9,1,1,13086,1,11782,8628,17089,2752,15070,20945,15070,11965,7250,13132,3196,3984,2921,19908,13133,8774,766,5071,6351,9769,12242,3601,4418,2246,150,6822,1,25:15
2024-25,1631124,Julian Strawther,Julian,1610612743,DEN,Denver Nuggets,0022400283,2024-11-25T00:00:00,DEN vs. NYK,L,22.85,1.6,6.3,0.25,0.0,1.6,0.0,3.2,3.2,1.0,0.0,3.2,3.2,1.6,1.6,0.0,0.0,0.0,4.7,3.2,6.3,-31.5,10.9,0,0,11.0,1,13222,1,13222,13831,22069,22319,20233,15070,20198,15070,7438,9611,1,14058,16253,19366,17722,12439,12854,8263,8846,5228,8729,21184,23969,24261,2246,150,24214,1,22:51
2024-25,1641794,Dillon Jones,Dillon,1610612760,OKC,Oklahoma City Thunder,0022400285,2024-11-25T00:00:00,OKC @ SAC,W,6.466666666666667,0.0,5.6,0.0,0.0,5.6,0.0,0.0,0.0,0.0,0.0,0.0,0.0,0.0,0.0,0.0,0.0,0.0,5.6,0.0,0.0,-5.6,0.0,0,0,0.0,1,1,13086,1,23380,22635,23030,22635,15070,11801,15070,13505,14344,13505,14058,22137,23286,19908,16469,12854,8263,8846,3599,17725,23200,15866,25228,2246,150,25259,1,6:28
2024-25,1630643,Jay Huff,Jay,1610612763,MEM,Memphis Grizzlies,0022400282,2024-11-25T00:00:00,MEM vs. POR,W,19.52166666666667,7.4,16.6,0.444,3.7,7.4,0.5,3.7,7.4,0.5,0.0,7.4,7.4,0.0,1.8,1.8,1.8,1.8,3.7,3.7,22.1,14.8,40.2,0,0,40.6,1,1,13086,1,16400,8065,6309,13045,4723,7670,3944,6313,3019,10625,14058,5714,9418,19908,11348,7059,3945,3758,8129,7159,6113,5723,7636,2246,150,6465,1,19:31
2024-25,1630526,Jeremiah Robinson-Earl,Jeremiah,1610612740,NOP,New Orleans Pelicans,0022400279,2024-11-25T00:00:00,NOP @ IND,L,20.983333333333334,5.1,5.1,1.0,1.7,1.7,1.0,0.0,0.0,0.0,5.1,8.6,13.7,3.4,5.1,0.0,0.0,0.0,3.4,1.7,12.0,-13.7,28.5,0,0,30.9,1,13222,1,13222,15304,13961,23357,1,11354,20028,1,13505,14344,13505,2249,3963,2372,11600,2173,12854,8263,8846,8971,14220,16124,19390,15892,2246,150,13268,1,20:59
2024-25,1630168,Onyeka Okongwu,Onyeka,1610612737,ATL,Atlanta Hawks,0022400280,2024-11-25T00:00:00,ATL vs. DAL,L,22.016666666666666,6.5,18.0,0.364,0.0,3.3,0.0,0.0,0.0,0.0,8.2,3.3,11.4,1.6,0.0,0.0,1.6,1.6,3.3,0.0,13.1,-31.1,34.2,0,0,29.4,1,13222,1,13222,14487,10089,4710,16861,15070,17135,15070,13505,14344,13505,728,15881,4012,17550,16469,12854,4466,4347,9567,17725,15009,23899,11669,2246,150,14377,1,22:01
2024-25,1629023,P.J. Washington,P.J.,1610612742,DAL,Dallas Mavericks,0022400280,2024-11-25T00:00:00,DAL @ ATL,W,38.733333333333334,4.6,10.2,0.455,0.9,2.8,0.333,0.0,0.0,0.0,0.0,9.3,9.3,3.7,0.9,0.9,2.8,0.9,2.8,0.0,10.2,11.2,37.2,1,0,31.6,1,1,13086,1,993,15375,16692,12676,14871,18085,9209,13505,14344,13505,14058,3210,6322,10739,16247,12512,1969,8501,11690,17725,17926,7160,9558,1,150,12701,1,38:44
2024-25,1630322,Lindy Waters III,Lindy,1610612744,GSW,Golden State Warriors,0022400284,2024-11-25T00:00:00,GSW vs. BKN,L,27.7,6.5,13.0,0.5,2.6,6.5,0.4,1.3,1.3,1.0,0.0,5.2,5.2,1.3,2.6,1.3,1.3,0.0,5.2,1.3,16.9,-6.5,30.3,0,0,31.2,1,13222,1,13222,9787,10192,11862,8526,7829,9552,7874,12302,13730,1,14058,10281,14276,18659,7886,9454,5649,8846,4198,15910,10967,16291,14593,2246,150,13009,1,27:42
2024-25,1641709,Ausar Thompson,Ausar,1610612765,DET,Detroit Pistons,0022400278,2024-11-25T00:00:00,DET vs. TOR,W,16.216666666666665,4.4,17.8,0.25,2.2,6.7,0.333,0.0,0.0,0.0,0.0,6.7,6.7,8.9,2.2,0.0,0.0,4.4,8.9,0.0,11.1,-20.0,30.2,0,0,28.9,1,1,13086,1,18779,15955,4940,20233,9163,9192,9209,13505,14344,13505,14058,6981,10822,2117,9431,12854,8263,499,1004,17725,17086,21544,14672,2246,150,14814,1,16:13
2024-25,203991,Clint Capela,Clint,1610612737,ATL,Atlanta Hawks,0022400280,2024-11-25T00:00:00,ATL vs. DAL,L,22.383333333333333,8.0,11.3,0.714,0.0,0.0,0.0,3.2,4.8,0.667,3.2,4.8,8.0,1.6,0.0,1.6,3.2,1.6,1.6,3.2,19.3,17.7,45.8,0,0,38.6,1,13222,1,13222,14203,6552,14910,2752,15070,20945,15070,7289,6248,9425,4909,11352,8193,17623,16469,7951,1459,4410,16838,8500,8552,4672,4810,2246,150,7642,1,22:23
2024-25,1630539,Kai Jones,Kai,1610612746,LAC,LA Clippers,0022400281,2024-11-25T00:00:00,LAC @ BOS,L,9.083333333333334,4.0,7.9,0.5,0.0,0.0,0.0,4.0,4.0,1.0,0.0,7.9,7.9,4.0,0.0,4.0,0.0,0.0,0.0,7.9,11.9,-19.8,39.2,0,0,31.7,1,13222,1,13222,22416,17183,20378,8526,15070,20945,15070,5761,7913,1,14058,4811,8410,10032,16469,1674,8263,8846,20257,1063,16248,21497,8246,2246,150,12620,1,9:05
2024-25,1641726,Dereck Lively II,Dereck,1610612742,DAL,Dallas Mavericks,0022400280,2024-11-25T00:00:00,DAL @ ATL,W,10.95,0.0,6.6,0.0,0.0,0.0,0.0,6.6,6.6,1.0,6.6,6.6,13.2,6.6,0.0,0.0,6.6,3.3,6.6,3.3,6.6,-9.9,51.9,0,0,39.5,1,1,13086,1,21728,22635,22035,22635,15070,20945,15070,2344,3800,1,1346,7153,2702,4596,16469,12854,237,1073,2344,8283,21005,17822,2715,2246,150,7098,1,10:57
2024-25,1642402,Enrique Freeman,Enrique,1610612754,IND,Indiana Pacers,0022400279,2024-11-25T00:00:00,IND vs. NOP,W,4.445,8.1,16.2,0.5,0.0,8.1,0.0,8.1,8.1,1.0,0.0,0.0,0.0,0.0,0.0,0.0,0.0,0.0,0.0,16.2,24.3,-113.4,24.3,0,0,24.3,1,1,13086,1,24271,6415,6836,8526,15070,6285,15070,1362,2447,1,14058,22137,23286,19908,16469,12854,8263,8846,20257,79,4615,26212,18749,2246,150,18138,1,4:27
2024-25,204456,T.J. McConnell,T.J.,1610612754,IND,Indiana Pacers,0022400279,2024-11-25T00:00:00,IND vs. NOP,W,20.508333333333333,3.5,8.8,0.4,0.0,0.0,0.0,5.3,7.0,0.75,1.8,7.0,8.8,0.0,0.0,3.5,1.8,0.0,0.0,3.5,12.3,-12.3,38.6,0,0,31.6,1,1,13086,1,15637,18305,19065,14933,15070,20945,15070,3694,3350,8186,9399,6328,7065,19908,16469,2225,4154,8846,20257,7636,15842,18851,8641,2246,150,12708,1,20:31
2024-25,1627750,Jamal Murray,Jamal,1610612743,DEN,Denver Nuggets,0022400283,2024-11-25T00:00:00,DEN vs. NYK,L,30.933333333333334,7.0,15.1,0.462,1.2,5.8,0.2,8.1,10.5,0.778,1.2,3.5,4.7,8.1,0.0,1.2,0.0,0.0,1.2,7.0,23.3,-15.1,44.6,0,0,39.6,1,13222,1,13222,6932,8969,8380,12428,13572,11159,13429,1342,1200,8092,12026,15263,15684,2746,16469,10473,8263,8846,18739,1670,5314,19952,5376,2246,150,7030,1,30:56
2024-25,203924,Jerami Grant,Jerami,1610612757,POR,Portland Trail Blazers,0022400282,2024-11-25T00:00:00,POR @ MEM,L,20.866666666666667,5.2,17.3,0.3,0.0,5.2,0.0,8.6,12.1,0.714,0.0,3.5,3.5,1.7,0.0,3.5,0.0,3.5,5.2,6.9,19.0,-13.8,36.1,0,0,31.1,1,13222,1,13222,15383,13876,5509,19363,15070,12758,15070,1133,750,9244,14058,15365,18654,17292,16469,2306,8263,955,4236,1728,8881,19424,10329,2246,150,13117,1,20:52
2024-25,1629021,Moritz Wagner,Moritz,1610612753,ORL,Orlando Magic,0022400277,2024-11-25T00:00:00,ORL @ CHA,W,26.4,9.5,13.6,0.7,1.4,2.7,0.5,1.4,5.5,0.25,6.8,4.1,10.9,2.7,2.7,1.4,0.0,0.0,2.7,4.1,21.8,20.5,40.4,0,0,39.5,1,1,13086,1,10812,3823,10761,3045,12594,18207,3944,12127,5244,13358,1219,13445,4493,13828,7446,9120,8263,8846,11924,6070,6359,3829,7531,2246,150,7042,1,26:24
2024-25,1642419,Jamison Battle,Jamison,1610612761,TOR,Toronto Raptors,0022400278,2024-11-25T00:00:00,TOR @ DET,L,21.61,6.7,15.0,0.444,1.7,8.3,0.2,0.0,0.0,0.0,1.7,5.0,6.7,1.7,0.0,1.7,1.7,0.0,3.3,1.7,15.0,33.3,35.5,0,0,31.7,1,13222,1,13222,14848,9792,8630,13045,11495,5867,13429,13505,14344,13505,9696,10886,10814,17457,16469,7738,4375,8846,9330,14387,12915,1593,10743,2246,150,12665,1,21:37
2024-25,1631099,Keegan Murray,Keegan,1610612758,SAC,Sacramento Kings,0022400285,2024-11-25T00:00:00,SAC vs. OKC,L,38.4,5.6,14.1,0.4,1.9,7.5,0.25,0.0,0.0,0.0,5.6,3.8,9.4,1.9,1.9,1.9,0.9,0.0,0.9,0.0,13.1,-16.9,33.8,1,0,31.9,1,13222,1,13222,1165,12631,10070,14933,10746,7397,11902,13505,14344,13505,1862,14465,6222,16837,11182,6889,7909,8846,20036,17725,14955,20570,12008,1,150,12476,1,38:24
2024-25,203552,Seth Curry,Seth,1610612766,CHA,Charlotte Hornets,0022400277,2024-11-25T00:00:00,CHA vs. ORL,L,13.281666666666666,8.1,10.8,0.75,2.7,5.4,0.5,5.4,5.4,1.0,0.0,2.7,2.7,0.0,0.0,0.0,0.0,0.0,2.7,2.7,24.4,-8.1,27.6,0,0,29.8,1,13222,1,13222,20612,6345,15627,2107,7506,12160,3944,3511,5286,1,14058,17666,20427,19908,16469,12854,8263,8846,12001,10293,4553,17028,16459,2246,150,14088,1,13:17
2024-25,1629599,Amir Coffey,Amir,1610612746,LAC,LA Clippers,0022400281,2024-11-25T00:00:00,LAC @ BOS,L,24.616666666666667,2.9,11.7,0.25,0.0,4.4,0.0,0.0,0.0,0.0,0.0,5.8,5.8,0.0,0.0,1.5,0.0,2.9,2.9,1.5,5.8,-19.0,17.3,0,0,14.6,1,13222,1,13222,12359,19590,14116,20233,15070,14713,15070,13505,14344,13505,14058,8668,12635,19908,16469,8568,8263,1423,11061,15169,21489,21242,22392,2246,150,23207,1,24:37
2024-25,1629661,Cameron Johnson,Cameron,1610612751,BKN,Brooklyn Nets,0022400284,2024-11-25T00:00:00,BKN @ GSW,W,13.933333333333334,5.2,7.8,0.667,2.6,2.6,1.0,0.0,0.0,0.0,5.2,0.0,5.2,5.2,0.0,2.6,0.0,0.0,0.0,0.0,12.9,5.2,34.6,0,0,31.0,1,1,13086,1,20229,13896,20594,3281,7882,18473,1,13505,14344,13505,2223,22137,14349,7093,16469,4170,8263,8846,20257,17725,15180,10020,11353,2246,150,13156,1,13:56
2024-25,1631218,Trayce Jackson-Davis,Trayce,1610612744,GSW,Golden State Warriors,0022400284,2024-11-25T00:00:00,GSW vs. BKN,L,17.088333333333335,8.4,14.7,0.571,0.0,0.0,0.0,0.0,0.0,0.0,2.1,4.2,6.3,2.1,4.2,0.0,2.1,0.0,4.2,2.1,16.9,-4.2,29.7,0,0,29.5,1,13222,1,13222,18208,5750,8984,6538,15070,20945,15070,13505,14344,13505,7931,13072,11564,15979,3478,12854,3187,8846,6516,12583,11007,15187,15025,2246,150,14326,1,17:05
2024-25,1629645,Kevin Porter Jr.,Kevin,1610612746,LAC,LA Clippers,0022400281,2024-11-25T00:00:00,LAC @ BOS,L,17.35,6.2,16.6,0.375,0.0,4.1,0.0,2.1,4.1,0.5,2.1,2.1,4.1,2.1,2.1,2.1,2.1,0.0,0.0,2.1,14.5,-56.0,33.0,0,0,29.0,1,13222,1,13222,18042,10912,6306,16299,15070,15233,15070,10377,7522,10625,8055,19438,16940,16095,10129,5891,3270,8846,20257,12737,13380,25590,12601,2246,150,14663,1,17:21
2024-25,1630230,Naji Marshall,Naji,1610612742,DAL,Dallas Mavericks,0022400280,2024-11-25T00:00:00,DAL @ ATL,W,28.266666666666666,11.5,15.3,0.75,2.5,3.8,0.667,2.5,2.5,1.0,1.3,6.4,7.6,1.3,5.1,0.0,0.0,0.0,0.0,2.5,28.0,3.8,34.0,0,0,39.5,1,1,13086,1,9325,1893,8135,2107,7980,15953,1957,8923,11089,1,11337,7562,8893,18743,2227,12854,8263,8846,20257,10811,2777,10741,11807,2246,150,7081,1,28:16
2024-25,1630553,Keon Johnson,Keon,1610612751,BKN,Brooklyn Nets,0022400284,2024-11-25T00:00:00,BKN @ GSW,W,29.516666666666666,3.7,11.0,0.333,2.4,8.5,0.286,0.0,2.4,0.0,0.0,2.4,2.4,0.0,0.0,0.0,0.0,0.0,3.7,1.2,9.8,-2.4,12.7,0,0,14.6,1,1,13086,1,8205,17950,15395,17395,8347,5516,11433,13505,11364,13505,14058,18362,20916,19908,16469,12854,8263,8846,8232,16299,18386,14281,23845,2246,150,23201,1,29:31
2024-25,1626166,Cameron Payne,Cameron,1610612752,NYK,New York Knicks,0022400283,2024-11-25T00:00:00,NYK @ DEN,W,17.65,6.1,12.2,0.5,4.1,10.2,0.4,6.1,6.1,1.0,0.0,2.0,2.0,10.2,0.0,0.0,0.0,0.0,6.1,4.1,22.4,42.8,40.2,0,0,38.8,1,1,13086,1,17819,11164,13190,8526,3831,3279,7874,2760,4325,1,14058,19529,21720,1338,16469,12854,8263,8846,2799,6094,5893,782,7645,2246,150,7552,1,17:39
2024-25,203937,Kyle Anderson,Kyle,1610612744,GSW,Golden State Warriors,0022400284,2024-11-25T00:00:00,GSW vs. BKN,L,14.083333333333334,5.1,7.7,0.667,0.0,0.0,0.0,0.0,0.0,0.0,0.0,5.1,5.1,7.7,2.6,0.0,0.0,0.0,2.6,2.6,10.2,-33.2,25.3,0,0,23.0,1,13222,1,13222,20151,14050,20690,3281,15070,20945,15070,13505,14344,13505,14058,10523,14485,3212,8024,12854,8263,8846,12579,10776,17923,24196,18067,2246,150,19018,1,14:05
2024-25,1626168,Trey Lyles,Trey,1610612758,SAC,Sacramento Kings,0022400285,2024-11-25T00:00:00,SAC vs. OKC,L,5.566666666666666,6.5,6.5,1.0,0.0,0.0,0.0,0.0,0.0,0.0,0.0,0.0,0.0,12.9,0.0,6.5,0.0,0.0,0.0,6.5,12.9,38.8,51.7,0,0,38.8,1,13222,1,13222,23756,10270,22141,1,15070,20945,15070,13505,14344,13505,14058,22137,23286,541,16469,376,8263,8846,20257,2115,15156,1055,2771,2246,150,7508,1,5:34
2024-25,1631101,Shaedon Sharpe,Shaedon,1610612757,POR,Portland Trail Blazers,0022400282,2024-11-25T00:00:00,POR @ MEM,L,29.583333333333332,4.9,14.6,0.333,1.2,7.3,0.167,7.3,7.3,1.0,2.4,2.4,4.9,2.4,1.2,0.0,2.4,2.4,0.0,3.7,18.3,-26.8,33.8,0,0,31.6,1,13222,1,13222,8157,14752,9198,17395,13275,7818,14236,1801,3093,1,6825,18376,15141,14760,14313,12854,2498,2148,20257,7260,9572,23198,11950,2246,150,12682,1,29:35
2024-25,1628368,De'Aaron Fox,De'Aaron,1610612758,SAC,Sacramento Kings,0022400285,2024-11-25T00:00:00,SAC vs. OKC,L,39.68333333333333,4.5,13.6,0.333,0.9,5.4,0.167,2.7,3.6,0.75,0.0,2.7,2.7,4.5,3.6,0.9,0.0,1.8,3.6,2.7,12.7,-20.0,21.9,0,0,22.7,1,13222,1,13222,657,15665,10818,17395,14938,12096,14236,8522,8633,8186,14058,17631,20401,8563,4717,12635,8263,3858,8333,10249,15390,21538,20225,2246,150,19231,1,39:41
2024-25,1641717,Cason Wallace,Cason,1610612760,OKC,Oklahoma City Thunder,0022400285,2024-11-25T00:00:00,OKC @ SAC,W,14.55,4.9,9.9,0.5,0.0,2.5,0.0,0.0,0.0,0.0,2.5,0.0,2.5,0.0,0.0,2.5,2.5,2.5,0.0,0.0,9.9,17.3,27.7,0,0,22.3,1,1,13086,1,19855,14555,17246,8526,15070,18674,15070,13505,14344,13505,6691,22137,20855,19908,16469,4454,2421,2077,20257,17725,18260,4803,16420,2246,150,19513,1,14:33
2024-25,1642367,Jonathan Mogbo,Jonathan,1610612761,TOR,Toronto Raptors,0022400278,2024-11-25T00:00:00,TOR @ DET,L,12.405,5.8,8.7,0.667,2.9,2.9,1.0,0.0,0.0,0.0,5.8,2.9,8.7,2.9,5.8,0.0,0.0,0.0,8.7,0.0,14.5,14.5,23.5,0,0,29.0,1,13222,1,13222,21044,12103,19181,3281,6862,17864,1,13505,14344,13505,1741,17081,7162,13268,1555,12854,8263,8846,1068,17725,13403,5820,19255,2246,150,14686,1,12:24
2024-25,1642278,Tyler Kolek,Tyler,1610612752,NYK,New York Knicks,0022400283,2024-11-25T00:00:00,NYK @ DEN,W,2.316666666666667,15.5,15.5,1.0,0.0,0.0,0.0,0.0,0.0,0.0,0.0,0.0,0.0,15.5,0.0,0.0,0.0,0.0,0.0,0.0,31.1,31.1,54.4,0,0,46.6,1,1,13086,1,25310,410,7767,1,15070,20945,15070,13505,14344,13505,14058,22137,23286,247,16469,12854,8263,8846,20257,17725,1760,1824,2118,2246,150,3622,1,2:19
2024-25,1641739,Toumani Camara,Toumani,1610612757,POR,Portland Trail Blazers,0022400282,2024-11-25T00:00:00,POR @ MEM,L,28.066666666666666,5.1,19.2,0.267,1.3,10.3,0.125,1.3,2.6,0.5,7.7,2.6,10.3,3.8,1.3,2.6,0.0,3.8,3.8,3.8,12.8,-23.1,37.3,0,0,33.3,1,13222,1,13222,9490,14004,3555,20170,12921,3196,14886,12347,11060,10625,883,18020,5159,10377,13886,4212,8263,709,7609,6716,15261,22353,9456,2246,150,11360,1,28:04
2024-25,203110,Draymond Green,Draymond,1610612744,GSW,Golden State Warriors,0022400284,2024-11-25T00:00:00,GSW vs. BKN,L,28.916666666666668,2.5,7.5,0.333,1.2,3.7,0.333,1.2,5.0,0.25,0.0,7.5,7.5,8.7,2.5,0.0,0.0,0.0,3.7,2.5,7.5,1.2,27.0,0,0,24.9,1,13222,1,13222,8740,20480,20977,17395,13124,16133,9209,12463,5963,13358,14058,5556,9234,2260,8290,12854,8263,8846,7956,11029,20345,11979,16928,2246,150,17754,1,28:55
2024-25,1642377,Jaylen Wells,Jaylen,1610612763,MEM,Memphis Grizzlies,0022400282,2024-11-25T00:00:00,MEM vs. POR,W,15.916666666666666,4.5,13.6,0.333,2.3,9.0,0.25,0.0,0.0,0.0,0.0,9.0,9.0,2.3,4.5,0.0,0.0,2.3,0.0,0.0,11.3,-4.5,21.0,0,0,24.9,1,1,13086,1,18986,15701,10877,17395,9004,4744,11902,13505,14344,13505,14058,3463,6665,15379,2963,12854,8263,2525,20257,17725,16876,15335,20666,2246,150,17773,1,15:55
2024-25,1627783,Pascal Siakam,Pascal,1610612754,IND,Indiana Pacers,0022400279,2024-11-25T00:00:00,IND vs. NOP,W,36.93833333333333,5.8,12.7,0.462,1.0,3.9,0.25,1.0,1.0,1.0,1.9,4.9,6.8,6.8,1.9,0.0,0.0,0.0,1.9,1.0,13.6,3.9,30.1,0,0,28.3,1,1,13086,1,2027,11966,12439,12428,14686,15799,11902,13317,14256,1,8628,11232,10484,4262,10795,12854,8263,8846,15417,17479,14333,10703,14725,2246,150,15238,1,36:56
2024-25,1629611,Terance Mann,Terance,1610612746,LAC,LA Clippers,0022400281,2024-11-25T00:00:00,LAC @ BOS,L,23.383333333333333,6.2,16.9,0.364,3.1,6.2,0.5,0.0,0.0,0.0,4.6,4.6,9.2,3.1,0.0,1.5,0.0,3.1,3.1,1.5,15.4,-29.3,35.7,0,0,33.9,1,13222,1,13222,13392,11078,5876,16861,6275,10300,3944,13505,14344,13505,2773,11931,6396,12671,16469,8240,8263,1253,10358,14836,12524,23623,10567,2246,150,10952,1,23:23
2024-25,203915,Spencer Dinwiddie,Spencer,1610612742,DAL,Dallas Mavericks,0022400280,2024-11-25T00:00:00,DAL @ ATL,W,35.56666666666667,6.1,11.1,0.545,4.0,7.1,0.571,6.1,7.1,0.857,0.0,3.0,3.0,4.0,2.0,0.0,0.0,0.0,1.0,4.0,22.3,11.1,30.0,0,0,33.4,1,1,13086,1,3020,11308,15133,7695,3893,8278,3506,2796,3287,7071,14058,16599,19618,9804,10405,12854,8263,8846,19629,6174,6027,7171,14823,2246,150,11322,1,35:34
2024-25,1641723,Kobe Bufkin,Kobe,1610612737,ATL,Atlanta Hawks,0022400280,2024-11-25T00:00:00,ATL vs. DAL,L,12.733333333333333,5.7,8.5,0.667,0.0,2.8,0.0,0.0,0.0,0.0,0.0,11.3,11.3,11.3,0.0,0.0,0.0,0.0,5.7,0.0,11.3,-25.4,41.8,0,0,33.9,1,13222,1,13222,20878,12542,19518,3281,15070,17998,15070,13505,14344,13505,14058,1739,4123,892,16469,12854,8263,8846,3460,17725,16876,22905,6705,2246,150,10905,1,12:44
2024-25,203468,CJ McCollum,CJ,1610612740,NOP,New Orleans Pelicans,0022400279,2024-11-25T00:00:00,NOP @ IND,L,30.5,10.6,23.6,0.45,3.5,11.8,0.3,2.4,2.4,1.0,0.0,4.7,4.7,1.2,2.4,0.0,0.0,0.0,2.4,1.2,27.1,-15.3,32.2,0,0,36.6,1,13222,1,13222,7321,2595,1186,12982,5056,1894,11319,9423,11596,1,14058,11642,15504,19084,8812,12854,8263,8846,13391,16503,3138,20026,13154,2246,150,8990,1,30:30
2024-25,1630625,Dalano Banton,Dalano,1610612757,POR,Portland Trail Blazers,0022400282,2024-11-25T00:00:00,POR @ MEM,L,24.3,5.9,14.8,0.4,3.0,10.4,0.286,1.5,3.0,0.5,0.0,3.0,3.0,3.0,4.4,0.0,0.0,0.0,3.0,1.5,16.3,1.5,19.9,0,0,25.2,1,13222,1,13222,12648,11725,8876,14933,6641,3084,11433,11825,10059,10625,14058,16844,19825,13046,3080,12854,8263,8846,10888,15077,11615,11876,21238,2246,150,17528,1,24:18
2024-25,1630592,Jalen Wilson,Jalen,1610612751,BKN,Brooklyn Nets,0022400284,2024-11-25T00:00:00,BKN @ GSW,W,40.85,4.4,9.7,0.455,2.6,7.1,0.375,4.4,4.4,1.0,0.0,6.2,6.2,1.8,0.9,0.0,0.9,0.0,1.8,2.6,15.9,15.9,27.7,0,0,28.2,1,1,13086,1,395,16048,17591,12676,7699,8359,8800,4981,7021,1,14058,7974,11896,17190,16379,12854,8138,8846,16334,10495,12068,5303,16444,2246,150,15294,1,40:51
2024-25,1629008,Michael Porter Jr.,Michael,1610612743,DEN,Denver Nuggets,0022400283,2024-11-25T00:00:00,DEN vs. NYK,L,33.61666666666667,7.5,18.2,0.412,3.2,7.5,0.429,1.1,1.1,1.0,4.3,6.4,10.7,0.0,2.1,0.0,0.0,0.0,4.3,2.1,19.3,-13.9,30.0,1,0,33.2,1,13222,1,13222,4618,7775,4452,14791,5921,7414,7394,12997,14084,1,3189,7452,4687,19908,9770,12854,8263,8846,6331,12433,8572,19474,14806,1,150,11502,1,33:37
2024-25,201959,Taj Gibson,Taj,1610612766,CHA,Charlotte Hornets,0022400277,2024-11-25T00:00:00,CHA vs. ORL,L,15.7,2.3,9.2,0.25,0.0,0.0,0.0,0.0,0.0,0.0,13.8,2.3,16.1,0.0,6.9,2.3,0.0,4.6,2.3,4.6,4.6,-18.3,23.8,0,0,25.2,1,13222,1,13222,19130,20865,18454,20233,15070,20945,15070,13505,14344,13505,161,18781,1415,19908,944,5066,8263,465,13681,4974,22243,21031,19061,2246,150,17493,1,15:42
2024-25,1628379,Luke Kennard,Luke,1610612763,MEM,Memphis Grizzlies,0022400282,2024-11-25T00:00:00,MEM vs. POR,W,21.6,5.0,10.0,0.5,3.3,8.3,0.4,5.0,5.0,1.0,1.7,1.7,3.3,5.0,0.0,0.0,1.7,0.0,0.0,1.7,18.3,23.3,34.8,0,0,33.3,1,1,13086,1,14851,14383,17047,8526,5569,5862,7874,4039,5921,1,9694,20523,18908,7471,16469,12854,4373,8846,20257,14382,9487,3186,11173,2246,150,11371,1,21:36
2024-25,1628467,Maxi Kleber,Maxi,1610612742,DAL,Dallas Mavericks,0022400280,2024-11-25T00:00:00,DAL @ ATL,W,19.916666666666668,5.4,7.2,0.75,1.8,1.8,1.0,0.0,0.0,0.0,1.8,10.8,12.7,1.8,1.8,1.8,1.8,0.0,3.6,0.0,12.7,27.1,39.6,0,0,36.2,1,1,13086,1,16083,13209,21285,2107,11048,19912,1,13505,14344,13505,9214,1983,3029,17058,11518,7214,4043,8846,8387,17725,15443,2410,8022,2246,150,9260,1,19:55
2024-25,1630560,Cam Thomas,Cam,1610612751,BKN,Brooklyn Nets,0022400284,2024-11-25T00:00:00,BKN @ GSW,W,23.15,9.3,17.1,0.545,4.7,10.9,0.429,12.4,12.4,1.0,0.0,4.7,4.7,1.6,1.6,0.0,0.0,0.0,1.6,7.8,35.8,-7.8,42.1,0,0,46.7,1,1,13086,1,13600,4157,5694,7695,2785,2598,7394,302,673,1,14058,11812,15657,17786,12525,12854,8263,8846,17018,1147,864,16870,6546,2246,150,3605,1,23:09
2024-25,1629723,John Konchar,John,1610612763,MEM,Memphis Grizzlies,0022400282,2024-11-25T00:00:00,MEM vs. POR,W,3.716666666666667,9.7,9.7,1.0,9.7,9.7,1.0,0.0,0.0,0.0,0.0,0.0,0.0,9.7,9.7,0.0,0.0,0.0,19.4,0.0,29.1,-9.7,33.9,0,0,48.4,1,1,13086,1,24612,3618,17601,1,234,3869,1,13505,14344,13505,14058,22137,23286,1592,351,12854,8263,8846,125,17725,2409,17751,11888,2246,150,3006,1,3:43
2024-25,201935,James Harden,James,1610612746,LAC,LA Clippers,0022400281,2024-11-25T00:00:00,LAC @ BOS,L,29.85,9.6,20.5,0.471,3.6,9.6,0.375,0.0,0.0,0.0,0.0,9.6,9.6,10.9,6.0,0.0,0.0,2.4,1.2,0.0,22.9,-16.9,44.7,0,0,47.0,1,13222,1,13222,7920,3661,2638,12143,4879,3914,8800,13505,14344,13505,14058,2875,5874,1050,1359,12854,8263,2192,18500,17725,5545,20579,5308,2246,150,3465,1,29:51
2024-25,1641738,Kobe Brown,Kobe,1610612746,LAC,LA Clippers,0022400281,2024-11-25T00:00:00,LAC @ BOS,L,5.2,6.9,13.8,0.5,6.9,6.9,1.0,0.0,0.0,0.0,0.0,0.0,0.0,0.0,0.0,0.0,0.0,0.0,0.0,0.0,20.8,-48.5,20.8,0,0,27.7,1,13222,1,13222,23910,9119,10431,8526,788,8620,1,13505,14344,13505,14058,22137,23286,19908,16469,12854,8263,8846,20257,17725,7250,25337,20806,2246,150,15649,1,5:12
2024-25,1627736,Malik Beasley,Malik,1610612765,DET,Detroit Pistons,0022400278,2024-11-25T00:00:00,DET vs. TOR,W,32.778333333333336,4.4,17.6,0.25,3.3,15.4,0.214,3.3,4.4,0.75,0.0,2.2,2.2,5.5,3.3,1.1,0.0,0.0,3.3,5.5,15.4,11.0,26.2,0,0,28.6,1,1,13086,1,5348,16085,5173,20233,5683,619,13424,7124,7044,8186,14058,19076,21419,6445,5522,11036,8263,8846,9474,3353,12543,7245,17448,2246,150,15021,1,32:47
2024-25,1630530,Trey Murphy III,Trey,1610612740,NOP,New Orleans Pelicans,0022400279,2024-11-25T00:00:00,NOP @ IND,L,39.69,8.2,17.2,0.474,1.8,10.0,0.182,3.6,6.3,0.571,0.0,5.4,5.4,3.6,0.0,0.9,0.9,0.0,0.0,3.6,21.8,12.7,39.2,0,0,36.3,1,13222,1,13222,656,6277,5539,12072,11019,3507,14207,6435,4066,10536,14058,9689,13697,11001,16469,12637,8061,8846,20257,7313,6407,6520,8281,2246,150,9168,1,39:41
2024-25,1628370,Malik Monk,Malik,1610612758,SAC,Sacramento Kings,0022400285,2024-11-25T00:00:00,SAC vs. OKC,L,26.0,5.5,16.6,0.333,2.8,9.7,0.286,5.5,8.3,0.667,0.0,1.4,1.4,4.2,1.4,1.4,1.4,0.0,6.9,4.2,19.4,-26.3,34.2,0,0,33.2,1,13222,1,13222,11159,12880,6279,17395,7321,3860,11433,3375,2319,9425,14058,21117,22718,9512,13378,8986,5295,8846,2034,5943,8479,23088,11651,2246,150,11458,1,26:00
2024-25,203992,Bogdan Bogdanović,Bogdan,1610612737,ATL,Atlanta Hawks,0022400280,2024-11-25T00:00:00,ATL vs. DAL,L,27.766666666666666,10.4,19.4,0.533,2.6,7.8,0.333,0.0,0.0,0.0,0.0,3.9,3.9,1.3,2.6,1.3,0.0,0.0,5.2,0.0,23.3,-33.7,31.2,0,0,33.7,1,13222,1,13222,9742,2847,3387,8140,7851,6840,9209,13505,14344,13505,14058,14060,17596,18670,7905,9475,8263,8846,4222,17725,5255,24264,13869,2246,150,11068,1,27:46
2024-25,203952,Andrew Wiggins,Andrew,1610612744,GSW,Golden State Warriors,0022400284,2024-11-25T00:00:00,GSW vs. BKN,L,32.95,7.6,14.2,0.538,2.2,4.4,0.5,2.2,3.3,0.667,2.2,3.3,5.5,1.1,1.1,0.0,0.0,1.1,1.1,3.3,19.7,-8.7,26.8,0,0,28.4,1,13222,1,13222,5189,7388,9829,7978,9295,14758,3944,10007,9364,9425,7632,15860,13638,19370,15179,12854,8263,7110,19140,8320,8190,17300,17107,2246,150,15146,1,32:57
2024-25,1641775,Jordan Walsh,Jordan,1610612738,BOS,Boston Celtics,0022400281,2024-11-25T00:00:00,BOS vs. LAC,W,7.383333333333334,9.8,14.6,0.667,4.9,9.8,0.5,0.0,0.0,0.0,0.0,0.0,0.0,0.0,0.0,0.0,9.8,0.0,4.9,0.0,24.4,39.0,53.6,0,0,48.8,1,1,13086,1,23034,3535,9166,3281,2447,3780,3944,13505,14344,13505,14058,22137,23286,19908,16469,12854,72,8846,4888,17725,4563,1039,2291,2246,150,2904,1,7:23
2024-25,1628991,Jaren Jackson Jr.,Jaren,1610612763,MEM,Memphis Grizzlies,0022400282,2024-11-25T00:00:00,MEM vs. POR,W,28.47833333333333,10.1,15.2,0.667,2.5,2.5,1.0,3.8,3.8,1.0,2.5,5.1,7.6,1.3,5.1,1.3,3.8,0.0,3.8,2.5,26.5,21.5,47.7,0,0,48.0,1,1,13086,1,9145,3098,8308,3281,8052,18577,1,6101,8273,1,6533,10713,8998,18779,2272,9689,1036,8846,7764,10881,3408,3579,4085,2246,150,3125,1,28:29
2024-25,1628449,Chris Boucher,Chris,1610612761,TOR,Toronto Raptors,0022400278,2024-11-25T00:00:00,TOR @ DET,L,21.866666666666667,6.6,14.8,0.444,1.6,6.6,0.25,1.6,1.6,1.0,6.6,4.9,11.5,0.0,0.0,1.6,1.6,0.0,0.0,3.3,16.5,18.1,40.2,0,0,36.2,1,13222,1,13222,14601,9969,8870,13045,11548,9348,11902,11513,13346,1,1340,11055,3923,19908,16469,7830,4437,8846,20257,8272,11426,4524,7655,2246,150,9209,1,21:52
2024-25,1631217,Moussa Diabaté,Moussa,1610612766,CHA,Charlotte Hornets,0022400277,2024-11-25T00:00:00,CHA vs. ORL,L,32.3,1.1,2.2,0.5,0.0,0.0,0.0,0.0,0.0,0.0,3.3,5.6,8.9,0.0,3.3,2.2,4.5,0.0,2.2,0.0,2.2,-3.3,29.6,0,0,24.5,1,13222,1,13222,5727,22569,24711,8526,15070,20945,15070,13505,14344,13505,4649,9357,6868,19908,5371,5273,695,8846,13965,17725,23129,14733,15056,2246,150,17995,1,32:18
2024-25,1630527,Brandon Boston,Brandon,1610612740,NOP,New Orleans Pelicans,0022400279,2024-11-25T00:00:00,NOP @ IND,L,25.813333333333333,4.2,8.4,0.5,2.8,5.6,0.5,1.4,2.8,0.5,0.0,2.8,2.8,4.2,2.8,1.4,0.0,0.0,1.4,2.8,12.6,-16.7,23.6,0,0,25.1,1,13222,1,13222,11326,16637,19690,8526,7249,11774,3944,12025,10510,10625,14058,17435,20279,9429,7260,8932,8263,8846,17642,10001,15539,20528,19221,2246,150,17602,1,25:49
2024-25,1628404,Josh Hart,Josh,1610612752,NYK,New York Knicks,0022400283,2024-11-25T00:00:00,NYK @ DEN,W,27.753333333333334,6.5,6.5,1.0,1.3,1.3,1.0,1.3,1.3,1.0,2.6,5.2,7.8,6.5,1.3,1.3,1.3,0.0,6.5,2.6,15.6,16.9,41.1,0,0,36.3,1,1,13086,1,9754,10221,22136,1,12868,20496,1,12309,13732,1,6366,10315,8655,4737,13808,9473,5662,8846,2415,10665,12359,4953,7105,2246,150,9145,1,27:45
2024-25,1630598,Aaron Wiggins,Aaron,1610612760,OKC,Oklahoma City Thunder,0022400285,2024-11-25T00:00:00,OKC @ SAC,W,21.5,5.0,10.0,0.5,1.7,3.3,0.5,1.7,3.3,0.5,1.7,5.0,6.7,0.0,3.3,1.7,0.0,0.0,3.3,3.3,13.4,6.7,23.1,0,0,25.1,1,1,13086,1,14935,14310,16959,8526,11468,16962,3944,11461,9196,10625,9656,10813,10735,19908,5358,7698,8263,8846,9251,8095,14620,9291,19492,2246,150,17584,1,21:30
2024-25,1626157,Karl-Anthony Towns,Karl-Anthony,1610612752,NYK,New York Knicks,0022400283,2024-11-25T00:00:00,NYK @ DEN,W,33.87,12.8,15.9,0.8,2.1,2.1,1.0,4.3,6.4,0.667,1.1,14.9,15.9,4.3,4.3,3.2,0.0,0.0,4.3,5.3,31.9,22.3,62.7,1,0,60.6,1,1,13086,1,4383,1127,7193,1688,9572,19321,1,5258,4031,9425,12772,600,1451,9249,3415,2766,8263,8846,6426,3608,1554,3396,900,1,150,773,1,33:52
2024-25,1627759,Jaylen Brown,Jaylen,1610612738,BOS,Boston Celtics,0022400281,2024-11-25T00:00:00,BOS vs. LAC,W,30.75,7.0,12.9,0.545,3.5,8.2,0.429,2.3,4.7,0.5,0.0,7.0,7.0,4.7,3.5,3.5,1.2,1.2,1.2,3.5,19.9,12.9,45.9,0,0,44.5,1,1,13086,1,7086,8869,12078,7695,5120,6091,7394,9485,6512,10625,14058,6318,10108,8223,4984,2223,6358,6474,18713,7625,7997,6444,4785,2246,150,4480,1,30:45
2024-25,1630583,Santi Aldama,Santi,1610612763,MEM,Memphis Grizzlies,0022400282,2024-11-25T00:00:00,MEM vs. POR,W,22.016666666666666,9.8,19.6,0.5,1.6,1.6,1.0,0.0,1.6,0.0,11.4,16.4,27.8,3.3,1.6,0.0,0.0,0.0,1.6,1.6,21.3,9.8,57.9,1,0,54.0,1,1,13086,1,14487,3461,3258,8526,11575,20129,1,13505,13356,13505,280,392,119,12076,12195,12854,8263,8846,16762,14502,6873,7782,1491,1,150,1633,1,22:01
2024-25,201566,Russell Westbrook,Russell,1610612743,DEN,Denver Nuggets,0022400283,2024-11-25T00:00:00,DEN vs. NYK,L,25.516666666666666,12.7,22.6,0.563,5.6,9.9,0.571,7.1,7.1,1.0,1.4,2.8,4.2,4.2,4.2,2.8,1.4,1.4,1.4,4.2,38.1,-22.6,58.0,0,0,60.7,1,13222,1,13222,11578,1154,1557,7127,1620,3635,3506,1974,3316,1,10693,17327,16726,9300,3439,3631,5181,5135,17579,5756,601,22239,1472,2246,150,761,1,25:31
2024-25,1631222,Jake LaRavia,Jake,1610612763,MEM,Memphis Grizzlies,0022400282,2024-11-25T00:00:00,MEM vs. POR,W,20.116666666666667,3.6,5.4,0.667,0.0,0.0,0.0,7.2,7.2,1.0,0.0,8.9,8.9,8.9,5.4,1.8,3.6,0.0,1.8,3.6,14.3,30.4,49.2,0,0,42.9,1,1,13086,1,15932,18128,23207,3281,15070,20945,15070,1900,3213,1,14058,3567,6822,2064,1936,7299,1164,8846,16235,7457,13588,1911,3536,2246,150,5172,1,20:07
2024-25,1628384,OG Anunoby,OG,1610612752,NYK,New York Knicks,0022400283,2024-11-25T00:00:00,NYK @ DEN,W,37.833333333333336,15.2,21.9,0.696,4.8,6.7,0.714,2.9,2.9,1.0,1.0,3.8,4.8,3.8,1.0,0.0,1.0,1.0,1.9,2.9,38.1,20.0,51.4,0,0,53.3,1,1,13086,1,1488,454,1872,3165,2630,9190,1861,8203,10345,1,13636,14297,15418,10480,16137,12854,7816,8327,15655,9751,606,3954,2875,2246,150,1746,1,37:50
2024-25,1627741,Buddy Hield,Buddy,1610612744,GSW,Golden State Warriors,0022400284,2024-11-25T00:00:00,GSW vs. BKN,L,16.72833333333333,6.5,25.8,0.25,4.3,17.2,0.25,2.2,2.2,1.0,2.2,4.3,6.5,2.2,0.0,4.3,0.0,2.2,2.2,2.2,19.4,-4.3,43.3,0,0,40.9,1,13222,1,13222,18442,10296,675,20233,3383,393,11902,10121,12248,1,7747,12791,11263,15809,16469,1370,8263,2762,14348,12386,8495,15227,6009,2246,150,6278,1,16:44
2024-25,203901,Elfrid Payton,Elfrid,1610612740,NOP,New Orleans Pelicans,0022400279,2024-11-25T00:00:00,NOP @ IND,L,30.95,8.1,12.8,0.636,0.0,0.0,0.0,0.0,0.0,0.0,1.2,7.0,8.1,24.4,5.8,2.3,0.0,0.0,5.8,1.2,16.3,11.6,63.9,1,0,53.5,1,13222,1,13222,6918,6327,12222,4689,15070,20945,15070,13505,14344,13505,12029,6394,8021,42,1542,4944,8263,8846,3194,16582,11624,6958,799,1,150,1708,1,30:57
2024-25,1631105,Jalen Duren,Jalen,1610612765,DET,Detroit Pistons,0022400278,2024-11-25T00:00:00,DET vs. TOR,W,24.56833333333333,5.9,10.3,0.571,0.0,0.0,0.0,7.3,11.7,0.625,2.9,14.7,17.6,5.9,2.9,0.0,5.9,1.5,1.5,8.8,19.0,23.4,63.6,1,0,54.2,1,1,13086,1,12408,11917,16639,6538,15070,20945,15070,1784,822,10271,5512,632,994,5744,6720,12854,335,4913,17373,723,8803,3167,829,1,150,1588,1,24:34
2024-25,1628401,Derrick White,Derrick,1610612738,BOS,Boston Celtics,0022400281,2024-11-25T00:00:00,BOS vs. LAC,W,31.12,6.9,13.9,0.5,5.8,10.4,0.556,2.3,2.3,1.0,2.3,2.3,4.6,8.1,1.2,1.2,0.0,1.2,4.6,2.3,22.0,13.9,42.0,0,0,42.8,1,1,13086,1,6774,9068,10376,8526,1495,3057,3747,9579,11744,1,7208,18725,15758,2789,14750,10532,8263,6581,5473,11696,6237,6051,6623,2246,150,5251,1,31:07
2024-25,1630541,Moses Moody,Moses,1610612744,GSW,Golden State Warriors,0022400284,2024-11-25T00:00:00,GSW vs. BKN,L,16.116666666666667,13.4,17.9,0.75,6.7,11.2,0.6,0.0,0.0,0.0,2.2,2.2,4.5,2.2,0.0,0.0,4.5,0.0,4.5,0.0,33.5,2.2,55.6,0,0,55.8,1,13222,1,13222,18846,872,4836,2107,895,2361,2992,13505,14344,13505,7479,18971,16127,15500,16469,12854,690,8846,5849,17725,1213,11497,1875,2246,150,1335,1,16:07
2024-25,1630531,Jaden Springer,Jaden,1610612738,BOS,Boston Celtics,0022400281,2024-11-25T00:00:00,BOS vs. LAC,W,5.016666666666667,7.2,14.4,0.5,0.0,0.0,0.0,7.2,14.4,0.5,0.0,7.2,7.2,14.4,0.0,7.2,0.0,0.0,7.2,7.2,21.5,28.7,73.2,0,0,57.4,1,1,13086,1,23988,8517,9607,8526,15070,20945,15070,1887,408,10625,14058,6042,9791,351,16469,273,8263,8846,1838,1525,6613,2148,339,2246,150,1116,1,5:01
2024-25,1629674,Neemias Queta,Neemias,1610612738,BOS,Boston Celtics,0022400281,2024-11-25T00:00:00,BOS vs. LAC,W,25.29,7.1,8.5,0.833,0.0,0.0,0.0,2.8,2.8,1.0,2.8,10.0,12.8,4.3,1.4,2.8,5.7,0.0,4.3,1.4,17.1,41.3,63.1,0,0,51.2,1,1,13086,1,11755,8661,19431,1514,15070,20945,15070,8225,10369,1,5739,2612,2931,9207,13152,3560,367,8846,6375,15352,10765,887,869,2246,150,2218,1,25:17
2024-25,203471,Dennis Schröder,Dennis,1610612751,BKN,Brooklyn Nets,0022400284,2024-11-25T00:00:00,BKN @ GSW,W,31.216666666666665,11.5,20.8,0.556,4.6,9.2,0.5,8.1,8.1,1.0,1.2,4.6,5.8,8.1,3.5,2.3,0.0,1.2,4.6,4.6,35.8,-5.8,58.2,0,0,58.8,1,1,13086,1,6684,1848,2477,7248,2868,4492,3944,1373,2467,1,12081,11954,12853,2815,5107,5012,8263,6606,5511,4913,866,15955,1445,2246,150,935,1,31:13
2024-25,201939,Stephen Curry,Stephen,1610612744,GSW,Golden State Warriors,0022400284,2024-11-25T00:00:00,GSW vs. BKN,L,29.466666666666665,9.8,20.8,0.471,9.8,19.5,0.5,4.9,4.9,1.0,0.0,4.9,4.9,8.6,3.7,1.2,0.0,0.0,0.0,4.9,34.2,-4.9,52.9,0,0,59.9,1,13222,1,13222,8251,3506,2468,12143,226,257,3944,4209,6135,1,14058,11192,15095,2382,4640,10000,8263,8846,20257,4320,1087,15519,2479,2246,150,840,1,29:28
2024-25,1630163,LaMelo Ball,LaMelo,1610612766,CHA,Charlotte Hornets,0022400277,2024-11-25T00:00:00,CHA vs. ORL,L,39.715,15.4,27.2,0.567,3.6,10.0,0.364,5.4,7.3,0.75,0.0,8.2,8.2,6.3,6.3,0.9,0.9,0.9,3.6,5.4,39.9,-1.8,58.3,0,0,61.6,1,13222,1,13222,651,432,478,7100,4855,3520,9100,3486,3128,8186,14058,4476,7992,4944,1201,12638,8063,8625,8340,3422,454,13923,1434,2246,150,683,1,39:43
2024-25,1642382,Branden Carlson,Branden,1610612760,OKC,Oklahoma City Thunder,0022400285,2024-11-25T00:00:00,OKC @ SAC,W,2.7333333333333334,13.2,13.2,1.0,0.0,0.0,0.0,0.0,0.0,0.0,26.3,26.3,52.7,0.0,0.0,0.0,0.0,0.0,0.0,0.0,26.3,26.3,89.6,0,0,79.0,1,1,13086,1,25094,962,11539,1,15070,20945,15070,13505,14344,13505,24,65,16,19908,16469,12854,8263,8846,20257,17725,3513,2543,102,2246,150,172,1,2:44
2024-25,1630552,Jalen Johnson,Jalen,1610612737,ATL,Atlanta Hawks,0022400280,2024-11-25T00:00:00,ATL vs. DAL,L,37.0,11.7,19.5,0.6,1.9,5.8,0.333,1.9,1.9,1.0,0.0,10.7,10.7,2.9,2.9,2.9,1.0,1.0,0.0,1.9,27.2,2.9,53.2,1,0,50.6,1,13222,1,13222,1988,1733,3369,5394,10427,11108,9209,10816,12869,1,14058,2074,4692,13206,6771,3350,7668,8164,20257,13335,3092,11165,2392,1,150,2365,1,37:00
2024-25,1631114,Jalen Williams,Jalen,1610612760,OKC,Oklahoma City Thunder,0022400285,2024-11-25T00:00:00,OKC @ SAC,W,32.1,11.2,17.9,0.625,3.4,7.9,0.429,5.6,5.6,1.0,0.0,4.5,4.5,5.6,5.6,2.2,1.1,0.0,3.4,3.4,31.4,17.9,49.7,0,0,51.6,1,1,13086,1,5890,2080,4756,4899,5478,6714,7394,3308,5040,1,14058,12294,16087,6235,1721,5236,6655,8846,9205,8061,1664,4578,3365,2246,150,2124,1,32:06
2024-25,1629026,Kenrich Williams,Kenrich,1610612760,OKC,Oklahoma City Thunder,0022400285,2024-11-25T00:00:00,OKC @ SAC,W,14.966666666666667,4.8,4.8,1.0,4.8,4.8,1.0,9.6,9.6,1.0,2.4,9.6,12.0,9.6,0.0,0.0,0.0,0.0,2.4,9.6,24.1,19.2,52.9,0,0,50.5,1,1,13086,1,19587,14909,23597,1,2538,13669,1,800,1537,1,6901,2897,3468,1630,16469,12854,8263,8846,13173,491,4766,4190,2475,2246,150,2388,1,14:58
2024-25,1628983,Shai Gilgeous-Alexander,Shai,1610612760,OKC,Oklahoma City Thunder,0022400285,2024-11-25T00:00:00,OKC @ SAC,W,34.63333333333333,13.5,20.8,0.65,4.2,7.3,0.571,7.3,11.4,0.636,0.0,4.2,4.2,11.4,6.2,0.0,0.0,0.0,2.1,5.2,38.5,15.6,54.4,1,0,58.2,1,1,13086,1,3749,848,2461,4562,3656,7877,3506,1814,909,10256,14058,13245,16918,860,1254,12854,8263,8846,14708,3778,558,5393,2124,1,150,999,1,34:38
2024-25,1627734,Domantas Sabonis,Domantas,1610612758,SAC,Sacramento Kings,0022400285,2024-11-25T00:00:00,SAC vs. OKC,L,35.03333333333333,7.2,11.3,0.636,1.0,2.1,0.5,6.2,8.2,0.75,2.1,8.2,10.3,3.1,4.1,3.1,1.0,0.0,5.1,5.1,21.6,-13.4,46.8,1,0,44.2,1,13222,1,13222,3435,8473,14824,4689,14376,19449,3944,2713,2371,8186,8139,4395,5145,12657,3652,2970,7287,8846,4302,3869,6568,19255,4422,1,150,4600,1,35:02
2024-25,1630169,Tyrese Haliburton,Tyrese,1610612754,IND,Indiana Pacers,0022400279,2024-11-25T00:00:00,IND vs. NOP,W,35.57666666666667,12.1,23.3,0.522,9.1,18.2,0.5,1.0,1.0,1.0,0.0,3.0,3.0,13.2,2.0,3.0,0.0,0.0,1.0,2.0,34.4,16.2,64.9,1,0,65.8,1,1,13086,1,3018,1434,1290,8473,286,320,3944,13208,14202,1,14058,16602,19620,503,10411,3071,8263,8846,19632,12970,1057,5190,703,1,150,451,1,35:35
2024-25,1630567,Scottie Barnes,Scottie,1610612761,TOR,Toronto Raptors,0022400278,2024-11-25T00:00:00,TOR @ DET,L,36.53333333333333,11.8,25.6,0.462,3.0,7.9,0.375,3.9,4.9,0.8,6.9,6.9,13.8,6.9,1.0,1.0,1.0,1.0,0.0,6.9,30.5,-2.0,62.4,1,0,58.1,1,13222,1,13222,2317,1638,707,12428,6658,6650,8800,5809,6071,7681,1178,6536,2336,4136,15938,12080,7569,8047,20257,1736,1915,14026,929,1,150,1009,1,36:32
2024-25,202681,Kyrie Irving,Kyrie,1610612742,DAL,Dallas Mavericks,0022400280,2024-11-25T00:00:00,DAL @ ATL,W,41.483333333333334,9.5,24.3,0.393,5.2,11.3,0.462,3.5,3.5,1.0,1.7,4.3,6.1,5.2,2.6,0.0,0.0,2.6,2.6,2.6,27.8,2.6,40.3,0,0,44.3,1,1,13086,1,301,3822,978,15980,2048,2268,7119,6751,8942,1,9458,12689,12107,7020,7867,12854,8263,1872,12418,10634,2876,11318,7591,2246,150,4572,1,41:29
2024-25,1629655,Daniel Gafford,Daniel,1610612742,DAL,Dallas Mavericks,0022400280,2024-11-25T00:00:00,DAL @ ATL,W,23.416666666666668,7.7,9.2,0.833,0.0,0.0,0.0,0.0,0.0,0.0,4.6,9.2,13.8,4.6,0.0,1.5,3.1,1.5,0.0,0.0,15.4,-3.1,52.7,0,0,43.0,1,1,13086,1,13374,7297,18366,1514,15070,20945,15070,13505,14344,13505,2782,3276,2313,8385,16469,8244,1604,4635,20257,17725,12545,14611,2524,2246,150,5118,1,23:25
2024-25,1629057,Robert Williams III,Robert,1610612757,POR,Portland Trail Blazers,0022400282,2024-11-25T00:00:00,POR @ MEM,L,11.85,3.0,12.2,0.25,0.0,0.0,0.0,12.2,12.2,1.0,9.1,0.0,9.1,3.0,0.0,3.0,9.1,3.0,3.0,6.1,18.2,-39.5,70.2,0,0,54.7,1,13222,1,13222,21361,19343,13327,20233,15070,20945,15070,327,726,1,527,22137,6562,12800,16469,3065,93,1294,10546,2528,9595,24803,427,2246,150,1507,1,11:51
2024-25,204001,Kristaps Porziņģis,Kristaps,1610612738,BOS,Boston Celtics,0022400281,2024-11-25T00:00:00,BOS vs. LAC,W,22.615,9.6,19.1,0.5,1.6,9.6,0.167,4.8,6.4,0.75,1.6,8.0,9.6,3.2,1.6,1.6,3.2,0.0,0.0,3.2,25.5,4.8,54.4,0,0,49.3,1,1,13086,1,14026,3814,3674,8526,11701,4037,14236,4384,4043,8186,9957,4764,5988,12381,12373,8021,1496,8846,20257,8612,3955,10236,2103,2246,150,2714,1,22:37
2024-25,1630202,Payton Pritchard,Payton,1610612738,BOS,Boston Celtics,0022400281,2024-11-25T00:00:00,BOS vs. LAC,W,25.766666666666666,9.8,18.2,0.538,8.4,14.0,0.6,0.0,0.0,0.0,0.0,2.8,2.8,5.6,1.4,2.8,0.0,1.4,0.0,0.0,27.9,41.9,46.7,0,0,50.3,1,1,13086,1,11353,3501,4492,7978,388,931,2992,13505,14344,13505,14058,17412,20264,6274,13296,3700,8263,5187,20257,17725,2810,851,4458,2246,150,2449,1,25:46
2024-25,1629630,Ja Morant,Ja,1610612763,MEM,Memphis Grizzlies,0022400282,2024-11-25T00:00:00,MEM vs. POR,W,23.05,9.4,18.7,0.5,3.1,4.7,0.667,12.5,15.6,0.8,1.6,1.6,3.1,17.2,3.1,0.0,1.6,3.1,1.6,9.4,34.4,34.4,65.4,1,0,60.9,1,1,13086,1,13682,4079,3977,8526,6156,13992,1957,296,303,7681,10069,20748,19426,158,6052,12854,4666,1214,16991,554,1064,1464,669,1,150,739,1,23:03
2024-25,1641722,Jordan Hawkins,Jordan,1610612740,NOP,New Orleans Pelicans,0022400279,2024-11-25T00:00:00,NOP @ IND,L,17.933333333333334,2.0,10.0,0.2,0.0,6.0,0.0,0.0,0.0,0.0,0.0,4.0,4.0,4.0,2.0,2.0,0.0,0.0,0.0,2.0,4.0,-2.0,18.9,0,0,16.1,1,13222,1,13222,17607,21395,16983,21401,15070,10638,15070,13505,14344,13505,14058,13677,17282,9897,10482,6218,8263,8846,20257,13051,22549,14049,21716,2246,150,22682,1,17:56
2024-25,1629628,RJ Barrett,RJ,1610612761,TOR,Toronto Raptors,0022400278,2024-11-25T00:00:00,TOR @ DET,L,33.88333333333333,7.4,20.2,0.368,1.1,6.4,0.167,2.1,2.1,1.0,0.0,3.2,3.2,2.1,3.2,1.1,0.0,0.0,4.2,2.1,18.1,-17.0,25.1,0,0,26.6,1,13222,1,13222,4366,7916,2833,16823,14180,9810,14236,10216,12337,1,14058,16128,19268,15914,5862,11367,8263,8846,6429,12509,9781,20622,18236,2246,150,16492,1,33:53
2024-25,203501,Tim Hardaway Jr.,Tim,1610612765,DET,Detroit Pistons,0022400278,2024-11-25T00:00:00,DET vs. TOR,W,34.79,3.1,6.2,0.5,2.1,4.1,0.5,2.1,2.1,1.0,0.0,2.1,2.1,1.0,1.0,0.0,0.0,0.0,0.0,3.1,10.3,12.4,13.3,0,0,15.5,1,1,13086,1,3623,19193,22414,8526,9820,15252,3944,10405,12521,1,14058,19450,21667,19579,15604,12854,8263,8846,20257,8875,17807,6625,23675,2246,150,22873,1,34:47
2024-25,1630532,Franz Wagner,Franz,1610612753,ORL,Orlando Magic,0022400277,2024-11-25T00:00:00,ORL @ CHA,W,40.18333333333333,7.2,15.2,0.471,1.8,5.4,0.333,2.7,5.4,0.5,0.0,0.9,0.9,6.3,0.9,3.6,1.8,0.0,2.7,4.5,18.8,11.6,44.5,0,0,38.5,1,1,13086,1,517,8540,8203,12143,11106,12264,9209,8605,5347,10625,14058,22100,23266,5065,16356,2114,4076,8846,12088,5190,9023,6952,5409,2246,150,7693,1,40:11
2024-25,1641842,Ronald Holland II,Ronald,1610612765,DET,Detroit Pistons,0022400278,2024-11-25T00:00:00,DET vs. TOR,W,11.416666666666666,6.3,15.8,0.4,0.0,6.3,0.0,0.0,0.0,0.0,0.0,3.2,3.2,0.0,0.0,0.0,0.0,0.0,6.3,0.0,12.6,-6.3,16.4,0,0,15.8,1,1,13086,1,21525,10686,7448,14933,15070,9963,15070,13505,14344,13505,14058,16245,19357,19908,16469,12854,8263,8846,2594,17725,15481,16207,22706,2246,150,22799,1,11:25
2024-25,1641765,Olivier-Maxence Prosper,Olivier-Maxence,1610612742,DAL,Dallas Mavericks,0022400280,2024-11-25T00:00:00,DAL @ ATL,W,4.316666666666666,0.0,0.0,0.0,0.0,0.0,0.0,0.0,0.0,0.0,0.0,8.3,8.3,8.3,0.0,0.0,0.0,0.0,0.0,0.0,0.0,83.4,22.5,0,0,16.7,1,1,13086,1,24318,22635,24836,22635,15070,20945,15070,13505,14344,13505,14058,4227,7705,2564,16469,12854,8263,8846,20257,17725,23200,136,19860,2246,150,22433,1,4:19
2024-25,201599,DeAndre Jordan,DeAndre,1610612743,DEN,Denver Nuggets,0022400283,2024-11-25T00:00:00,DEN vs. NYK,L,13.85,0.0,0.0,0.0,0.0,0.0,0.0,0.0,0.0,0.0,0.0,13.0,13.0,2.6,5.2,0.0,0.0,0.0,10.4,2.6,0.0,-13.0,14.3,0,0,15.6,1,13222,1,13222,20270,22635,24836,22635,15070,20945,15070,13505,14344,13505,14058,1017,2808,14218,2116,12854,8263,8846,627,10647,23200,19128,23403,2246,150,22850,1,13:51
2024-25,203999,Nikola Jokić,Nikola,1610612743,DEN,Denver Nuggets,0022400283,2024-11-25T00:00:00,DEN vs. NYK,L,31.833333333333332,10.2,22.6,0.45,2.3,7.9,0.286,2.3,2.3,1.0,3.4,4.5,7.9,7.9,0.0,1.1,0.0,1.1,1.1,4.5,24.9,-22.6,49.6,0,0,45.2,1,13222,1,13222,6121,3038,1536,12982,9004,6592,11433,9747,11893,1,4554,12196,8429,2978,16469,10758,8263,6781,18917,5085,4267,22252,3372,2246,150,4137,1,31:50
2024-25,1628981,Bruno Fernando,Bruno,1610612761,TOR,Toronto Raptors,0022400278,2024-11-25T00:00:00,TOR @ DET,L,14.433333333333334,10.0,17.5,0.571,0.0,0.0,0.0,2.5,5.0,0.5,7.5,2.5,10.0,12.5,0.0,0.0,0.0,2.5,10.0,5.0,22.4,32.4,53.1,0,0,44.9,1,13222,1,13222,19928,3246,5292,6538,15070,20945,15070,9062,5938,10625,960,18199,5456,622,16469,12854,8263,2052,712,4139,5888,1688,2410,2246,150,4312,1,14:26
2024-25,1629652,Luguentz Dort,Luguentz,1610612760,OKC,Oklahoma City Thunder,0022400285,2024-11-25T00:00:00,OKC @ SAC,W,39.45,0.0,1.8,0.0,0.0,0.0,0.0,0.0,0.0,0.0,1.8,7.3,9.1,1.8,0.0,1.8,0.9,0.9,1.8,1.8,0.0,18.3,21.9,0,0,16.4,1,1,13086,1,731,22635,24787,22635,15070,20945,15070,13505,14344,13505,9153,5826,6548,17014,16469,7134,8035,8600,16065,13829,23200,4474,20209,2246,150,22540,1,39:27
2024-25,1628369,Jayson Tatum,Jayson,1610612738,BOS,Boston Celtics,0022400281,2024-11-25T00:00:00,BOS vs. LAC,W,30.433333333333334,8.3,17.7,0.467,2.4,7.1,0.333,4.7,7.1,0.667,1.2,9.5,10.6,4.7,3.5,0.0,2.4,0.0,1.2,3.5,23.7,17.7,47.1,0,0,46.1,1,1,13086,1,7377,6022,4960,12249,8608,8258,9209,4457,3273,9425,11909,3057,4768,8098,4915,12854,2613,8846,18636,7532,5013,4646,4288,2246,150,3771,1,30:26
2024-25,1628392,Isaiah Hartenstein,Isaiah,1610612760,OKC,Oklahoma City Thunder,0022400285,2024-11-25T00:00:00,OKC @ SAC,W,31.5,10.3,17.1,0.6,0.0,0.0,0.0,1.1,1.1,1.0,3.4,8.0,11.4,4.6,1.1,0.0,0.0,0.0,5.7,3.4,21.7,20.6,41.1,1,0,37.7,1,1,13086,1,6410,2923,5641,5394,15070,20945,15070,12777,13975,1,4484,4702,4029,8475,14845,12854,8263,8846,3362,7870,6459,3791,7087,1,150,8215,1,31:30
2024-25,1641871,Duop Reath,Duop,1610612757,POR,Portland Trail Blazers,0022400282,2024-11-25T00:00:00,POR @ MEM,L,4.783333333333333,7.5,15.1,0.5,7.5,15.1,0.5,0.0,0.0,0.0,7.5,0.0,7.5,0.0,0.0,0.0,0.0,0.0,0.0,0.0,22.6,-52.7,31.6,0,0,37.6,1,13222,1,13222,24099,7695,8509,8526,586,681,3944,13505,14344,13505,941,22137,9113,19908,16469,12854,8263,8846,20257,17725,5802,25495,13601,2246,150,8264,1,4:47
2024-25,1631204,Marcus Sasser,Marcus,1610612765,DET,Detroit Pistons,0022400278,2024-11-25T00:00:00,DET vs. TOR,W,14.365,7.5,7.5,1.0,7.5,7.5,1.0,0.0,0.0,0.0,0.0,5.0,5.0,2.5,7.5,0.0,0.0,0.0,5.0,0.0,22.6,-55.1,24.8,0,0,37.6,1,1,13086,1,19971,7727,20904,1,589,7362,1,13505,14344,13505,14058,10850,14764,14530,707,12854,8263,8846,4576,17725,5821,25570,18416,2246,150,8300,1,14:22
2024-25,1629003,Shake Milton,Shake,1610612751,BKN,Brooklyn Nets,0022400284,2024-11-25T00:00:00,BKN @ GSW,W,28.483333333333334,6.3,12.6,0.5,2.5,3.8,0.667,1.3,2.5,0.5,0.0,3.8,3.8,3.8,1.3,0.0,0.0,1.3,1.3,2.5,16.4,13.9,25.4,0,0,26.5,1,1,13086,1,9135,10654,12502,8526,8053,16015,1957,12409,11135,10625,14058,14346,17847,10519,14017,12854,8263,5847,18200,10883,11471,6049,17999,2246,150,16506,1,28:29
2024-25,1642347,Jamal Shead,Jamal,1610612761,TOR,Toronto Raptors,0022400278,2024-11-25T00:00:00,TOR @ DET,L,17.216666666666665,6.3,18.8,0.333,4.2,6.3,0.667,0.0,0.0,0.0,2.1,2.1,4.2,8.4,0.0,2.1,0.0,4.2,8.4,2.1,16.7,23.0,40.6,0,0,37.6,1,13222,1,13222,18123,10785,3912,17395,3601,10036,1957,13505,14344,13505,7987,19382,16848,2548,16469,5827,8263,589,1194,12652,11139,3267,7418,2246,150,8259,1,17:13
2024-25,1641725,Trey Alexander,Trey,1610612743,DEN,Denver Nuggets,0022400283,2024-11-25T00:00:00,DEN vs. NYK,L,10.8,0.0,6.7,0.0,0.0,6.7,0.0,6.7,6.7,1.0,0.0,0.0,0.0,3.3,3.3,0.0,3.3,0.0,3.3,3.3,6.7,-26.7,18.3,0,0,16.7,1,13222,1,13222,21797,22635,21931,22635,15070,9178,15070,2265,3693,1,14058,22137,23286,11873,5405,12854,1365,8846,9324,8147,20947,23163,21952,2246,150,22441,1,10:48
2024-25,203484,Kentavious Caldwell-Pope,Kentavious,1610612753,ORL,Orlando Magic,0022400277,2024-11-25T00:00:00,ORL @ CHA,W,28.933333333333334,1.2,5.0,0.25,0.0,2.5,0.0,1.2,2.5,0.5,1.2,3.7,5.0,2.5,1.2,1.2,1.2,0.0,1.2,3.7,3.7,-2.5,19.7,0,0,16.2,1,1,13086,1,8729,22457,23482,20233,15070,18649,15070,12467,11238,10625,11513,14523,14855,14581,14134,9835,5925,8846,18306,7043,22674,14306,21334,2246,150,22648,1,28:56
2024-25,1628973,Jalen Brunson,Jalen,1610612752,NYK,New York Knicks,0022400283,2024-11-25T00:00:00,NYK @ DEN,W,37.86666666666667,7.6,13.3,0.571,3.8,4.8,0.8,2.9,2.9,1.0,0.0,2.9,2.9,16.2,1.9,0.0,0.0,1.0,1.9,4.8,21.9,18.1,47.6,1,0,44.7,1,1,13086,1,1463,7499,11288,6538,4424,13824,1389,8209,10355,1,14058,17230,20109,204,11030,12854,8263,8334,15663,4604,6312,4539,4095,1,150,4399,1,37:52
2024-25,1630533,Ziaire Williams,Ziaire,1610612751,BKN,Brooklyn Nets,0022400284,2024-11-25T00:00:00,BKN @ GSW,W,37.28333333333333,5.8,10.6,0.545,1.9,2.9,0.667,4.8,5.8,0.833,1.9,7.7,9.7,3.9,2.9,1.9,0.0,2.9,1.9,4.8,18.3,11.6,38.6,1,0,37.7,1,1,13086,1,1807,12130,16018,7695,10500,17875,1957,4299,4760,7275,8703,5124,5863,10331,6862,6615,8263,1469,15512,4440,9469,6973,8638,1,150,8246,1,37:17
2024-25,1627751,Jakob Poeltl,Jakob,1610612761,TOR,Toronto Raptors,0022400278,2024-11-25T00:00:00,TOR @ DET,L,27.695,5.2,14.3,0.364,0.0,0.0,0.0,0.0,0.0,0.0,5.2,9.1,14.3,2.6,2.6,0.0,2.6,2.6,5.2,2.6,10.4,-16.9,36.7,0,0,32.5,1,13222,1,13222,9801,13822,9698,16861,15070,20945,15070,13505,14344,13505,2193,3408,2104,14216,7883,12854,2218,1878,4196,10645,17761,20583,9917,2246,150,11994,1,27:42
2024-25,1629027,Trae Young,Trae,1610612737,ATL,Atlanta Hawks,0022400280,2024-11-25T00:00:00,ATL vs. DAL,L,35.266666666666666,5.1,12.2,0.417,2.0,4.1,0.5,6.1,7.1,0.857,1.0,1.0,2.0,16.3,3.1,3.1,0.0,2.0,2.0,5.1,18.4,-1.0,51.4,1,0,44.9,1,13222,1,13222,3262,14074,13169,14532,9955,15387,3944,2756,3229,7071,13085,21931,21714,192,6250,3024,8263,3089,14911,3919,9441,13553,2848,1,150,4304,1,35:16
2024-25,1630590,Scotty Pippen Jr.,Scotty,1610612763,MEM,Memphis Grizzlies,0022400282,2024-11-25T00:00:00,MEM vs. POR,W,14.095,2.6,10.2,0.25,0.0,2.6,0.0,2.6,5.1,0.5,5.1,5.1,10.2,10.2,0.0,2.6,2.6,2.6,2.6,5.1,7.7,25.5,50.6,0,0,38.3,1,1,13086,1,20150,20362,16702,20233,15070,18533,15070,8911,5743,10625,2279,10546,5216,1327,16469,4242,2286,1944,12592,3909,20188,2709,3109,2246,150,7817,1,14:06
2024-25,1627826,Ivica Zubac,Ivica,1610612746,LAC,LA Clippers,0022400281,2024-11-25T00:00:00,LAC @ BOS,L,28.916666666666668,13.7,17.4,0.786,0.0,0.0,0.0,1.2,5.0,0.25,3.7,8.7,12.4,1.2,1.2,0.0,1.2,0.0,0.0,3.7,28.6,-16.2,47.9,1,0,44.8,1,13222,1,13222,8740,790,5320,1975,15070,20945,15070,12463,5963,13358,3984,3820,3157,18861,14127,12854,5917,8846,20257,7029,2558,20320,4003,1,150,4347,1,28:55
2024-25,1642403,Isaac Jones,Isaac,1610612758,SAC,Sacramento Kings,0022400285,2024-11-25T00:00:00,SAC vs. OKC,L,9.433333333333334,11.4,11.4,1.0,0.0,0.0,0.0,0.0,3.8,0.0,3.8,3.8,7.6,0.0,3.8,0.0,3.8,0.0,0.0,7.6,22.9,-42.0,39.7,0,0,38.2,1,13222,1,13222,22299,1907,14571,1,15070,20945,15070,13505,8207,13505,3859,14273,8906,19908,4274,12854,1020,8846,20257,1234,5559,24975,7967,2246,150,7920,1,9:26
2024-25,1630214,Xavier Tillman,Xavier,1610612738,BOS,Boston Celtics,0022400281,2024-11-25T00:00:00,BOS vs. LAC,W,4.55,0.0,0.0,0.0,0.0,0.0,0.0,0.0,0.0,0.0,0.0,15.8,15.8,0.0,0.0,0.0,0.0,0.0,0.0,0.0,0.0,31.6,19.0,0,0,15.8,1,1,13086,1,24199,22635,24836,22635,15070,20945,15070,13505,14344,13505,14058,453,1479,19908,16469,12854,8263,8846,20257,17725,23200,1769,21647,2246,150,22776,1,4:33
2024-25,1642359,Pacôme Dadiet,Pacôme,1610612752,NYK,New York Knicks,0022400283,2024-11-25T00:00:00,NYK @ DEN,W,2.316666666666667,0.0,15.5,0.0,0.0,15.5,0.0,0.0,0.0,0.0,0.0,15.5,15.5,0.0,0.0,0.0,0.0,0.0,0.0,0.0,0.0,31.1,18.6,0,0,15.5,1,1,13086,1,25310,22635,7767,22635,15070,590,15070,13505,14344,13505,14058,485,1566,19908,16469,12854,8263,8846,20257,17725,23200,1824,21818,2246,150,22867,1,2:19
2024-25,203944,Julius Randle,Julius,1610612750,MIN,Minnesota Timberwolves,0022400271,2024-11-24T00:00:00,MIN @ BOS,L,35.8,7.0,15.1,0.467,1.0,4.0,0.25,8.0,13.1,0.615,2.0,4.0,6.0,2.0,0.0,0.0,0.0,3.0,1.0,9.1,23.1,-10.1,33.4,0,0,32.2,1,13222,1,13222,2822,8840,8456,12249,14513,15527,11902,1392,576,10337,8339,13651,12200,16333,16469,12854,8263,1315,19675,634,5397,17910,12274,2246,150,12237,1,35:48
2024-25,1630533,Ziaire Williams,Ziaire,1610612751,BKN,Brooklyn Nets,0022400276,2024-11-24T00:00:00,BKN @ SAC,W,20.095,3.6,16.1,0.222,1.8,9.0,0.2,1.8,3.6,0.5,3.6,0.0,3.6,0.0,1.8,0.0,0.0,0.0,1.8,7.2,10.7,-10.7,13.3,0,0,16.1,1,1,13086,1,15957,18118,6940,21205,11109,4893,13429,11259,8721,10625,4234,22137,18361,19908,11588,12854,8263,8846,16226,1535,17417,18208,23706,2246,150,22661,1,20:06
2024-25,1641738,Kobe Brown,Kobe,1610612746,LAC,LA Clippers,0022400274,2024-11-24T00:00:00,LAC @ PHI,W,13.183333333333334,8.2,10.9,0.75,0.0,2.7,0.0,0.0,0.0,0.0,0.0,10.9,10.9,5.5,0.0,0.0,0.0,0.0,8.2,0.0,16.4,-5.5,37.7,0,0,32.8,1,1,13086,1,20660,6221,15491,2107,15070,18200,15070,13505,14344,13505,14058,1945,4481,6510,16469,12854,8263,8846,1272,17725,11516,15810,9237,2246,150,11823,1,13:11
2024-25,1626162,Kelly Oubre Jr.,Kelly,1610612755,PHI,Philadelphia 76ers,0022400274,2024-11-24T00:00:00,PHI vs. LAC,L,30.783333333333335,7.0,12.9,0.545,0.0,4.7,0.0,0.0,0.0,0.0,2.3,3.5,5.8,3.5,3.5,2.3,2.3,0.0,3.5,2.3,14.0,-46.8,36.8,0,0,32.7,1,13222,1,13222,7055,8885,12101,7695,15070,14016,15070,13505,14344,13505,7123,15212,12644,11365,4994,4902,2667,8846,8723,11592,13899,25258,9809,2246,150,11843,1,30:47
2024-25,1641731,Bilal Coulibaly,Bilal,1610612764,WAS,Washington Wizards,0022400272,2024-11-24T00:00:00,WAS @ IND,L,38.291666666666664,3.8,8.5,0.444,1.9,4.7,0.4,6.6,7.5,0.875,1.9,3.8,5.6,3.8,0.9,0.9,1.9,0.0,1.9,3.8,16.0,-10.3,35.9,0,0,32.9,1,13222,1,13222,1225,17675,19556,13045,10715,13952,7874,2336,2884,6931,8893,14446,13170,10621,16197,12438,3826,8846,15786,6960,11939,18050,10419,2246,150,11726,1,38:18
2024-25,1642348,Justin Edwards,Justin,1610612755,PHI,Philadelphia 76ers,0022400274,2024-11-24T00:00:00,PHI vs. LAC,L,5.516666666666667,13.1,19.6,0.667,0.0,6.5,0.0,0.0,6.5,0.0,0.0,13.1,13.1,6.5,0.0,0.0,0.0,0.0,0.0,13.1,26.1,19.6,51.6,0,0,45.7,1,13222,1,13222,23782,1014,3291,3281,15070,9487,15070,13505,3854,13505,14058,996,2769,4668,16469,12854,8263,8846,20257,152,3627,4080,2824,2246,150,3941,1,5:31
2024-25,1630162,Anthony Edwards,Anthony,1610612750,MIN,Minnesota Timberwolves,0022400271,2024-11-24T00:00:00,MIN @ BOS,L,39.28333333333333,8.2,19.2,0.429,5.5,10.1,0.545,3.7,3.7,1.0,0.0,8.2,8.2,6.4,2.7,0.0,0.0,0.9,2.7,2.7,25.7,1.8,42.4,0,0,45.8,1,13222,1,13222,788,6091,3549,13735,1735,3405,3863,6357,8552,1,14058,4356,7860,4833,7376,12854,8263,8575,11843,10150,3847,11721,6409,2246,150,3891,1,39:17
2024-25,1630169,Tyrese Haliburton,Tyrese,1610612754,IND,Indiana Pacers,0022400272,2024-11-24T00:00:00,IND vs. WAS,W,34.295,7.3,18.9,0.389,5.2,11.5,0.455,2.1,2.1,1.0,3.1,1.0,4.2,9.4,3.1,2.1,0.0,0.0,3.1,4.2,22.0,12.6,44.4,0,0,45.1,1,1,13086,1,4019,8126,3850,16009,2001,2068,7148,10296,12425,1,5041,21879,16816,1729,5987,5789,8263,8846,10094,5848,6176,6566,5463,2246,150,4192,1,34:18
2024-25,1630178,Tyrese Maxey,Tyrese,1610612755,PHI,Philadelphia 76ers,0022400274,2024-11-24T00:00:00,PHI vs. LAC,L,29.876666666666665,6.0,15.7,0.385,3.6,7.2,0.5,4.8,4.8,1.0,0.0,4.8,4.8,4.8,1.2,2.4,0.0,2.4,2.4,3.6,20.5,-19.3,39.5,0,0,38.6,1,13222,1,13222,7903,11442,7595,16070,4888,7984,3944,4314,6258,1,14058,11377,15250,7864,14400,4667,8263,2197,13152,7352,7510,21338,8058,2246,150,7672,1,29:53
2024-25,202692,Alec Burks,Alec,1610612748,MIA,Miami Heat,0022400273,2024-11-24T00:00:00,MIA vs. DAL,W,30.716666666666665,5.9,10.5,0.556,4.7,9.4,0.5,1.2,2.3,0.5,0.0,2.3,2.3,3.5,0.0,1.2,1.2,0.0,1.2,1.2,17.6,12.9,32.7,0,0,32.8,1,1,13086,1,7112,11921,16138,7248,2746,4282,3944,12692,11646,10625,14058,18648,21114,11346,16469,10420,6349,8846,18706,16543,10243,6440,12804,2246,150,11794,1,30:43
2024-25,1630167,Obi Toppin,Obi,1610612754,IND,Indiana Pacers,0022400272,2024-11-24T00:00:00,IND vs. WAS,W,15.866666666666667,11.3,13.6,0.833,2.3,2.3,1.0,0.0,0.0,0.0,2.3,4.5,6.8,0.0,0.0,0.0,2.3,0.0,2.3,0.0,25.0,-15.9,39.9,0,0,38.6,1,1,13086,1,19018,1975,10807,1514,8977,19048,1,13505,14344,13505,7353,12154,10513,19908,16469,12854,2801,8846,13784,17725,4233,20223,7808,2246,150,7653,1,15:52
2024-25,1629003,Shake Milton,Shake,1610612751,BKN,Brooklyn Nets,0022400276,2024-11-24T00:00:00,BKN @ SAC,W,21.033333333333335,6.8,10.3,0.667,3.4,6.8,0.5,0.0,0.0,0.0,0.0,3.4,3.4,5.1,1.7,1.7,0.0,0.0,1.7,3.4,17.1,17.1,32.3,0,0,32.5,1,1,13086,1,15267,9306,16616,3281,5327,8787,3944,13505,14344,13505,14058,15451,18723,7165,11872,7565,8263,8846,16495,7885,10724,4861,13049,2246,150,11982,1,21:02
2024-25,1642281,Jaylon Tyson,Jaylon,1610612739,CLE,Cleveland Cavaliers,0022400275,2024-11-24T00:00:00,CLE vs. TOR,W,6.855,0.0,10.5,0.0,0.0,5.3,0.0,0.0,0.0,0.0,5.3,0.0,5.3,0.0,0.0,5.3,0.0,0.0,5.3,0.0,0.0,-26.3,22.1,0,0,15.8,1,1,13086,1,23233,22635,16211,22635,15070,12587,15070,13505,14344,13505,2140,22137,14155,19908,16469,760,8263,8846,4098,17725,23200,23079,20107,2246,150,22808,1,6:51
2024-25,1630560,Cam Thomas,Cam,1610612751,BKN,Brooklyn Nets,0022400276,2024-11-24T00:00:00,BKN @ SAC,W,36.32833333333333,10.9,21.8,0.5,4.0,9.9,0.4,7.9,10.9,0.727,0.0,2.0,2.0,5.9,1.0,0.0,0.0,2.0,3.0,5.0,33.7,4.0,44.0,0,0,45.6,1,1,13086,1,2457,2349,1903,8526,4066,3599,7874,1446,1055,9223,14058,19721,21834,5594,15908,12854,8263,3284,10838,4197,1185,10672,5673,2246,150,3990,1,36:20
2024-25,1626167,Myles Turner,Myles,1610612754,IND,Indiana Pacers,0022400272,2024-11-24T00:00:00,IND vs. WAS,W,29.828333333333333,4.8,9.7,0.5,1.2,3.6,0.333,1.2,2.4,0.5,3.6,7.2,10.9,1.2,1.2,2.4,1.2,0.0,2.4,2.4,12.1,10.9,36.6,0,0,32.6,1,1,13086,1,7947,14866,17662,8526,13321,16395,9209,12563,11442,10625,4177,5927,4539,18994,14388,4654,6127,8846,13135,11296,16073,7293,9989,2246,150,11947,1,29:50
2024-25,1641854,Craig Porter Jr.,Craig,1610612739,CLE,Cleveland Cavaliers,0022400275,2024-11-24T00:00:00,CLE vs. TOR,W,5.5216666666666665,6.5,6.5,1.0,0.0,0.0,0.0,0.0,6.5,0.0,0.0,0.0,0.0,0.0,13.0,6.5,0.0,0.0,0.0,6.5,13.0,-32.6,19.6,0,0,26.1,1,1,13086,1,23781,10135,22090,1,15070,20945,15070,13505,3863,13505,14058,22137,23286,19908,166,371,8263,8846,20257,2067,15048,24109,21377,2246,150,16878,1,5:31
2024-25,1629655,Daniel Gafford,Daniel,1610612742,DAL,Dallas Mavericks,0022400273,2024-11-24T00:00:00,DAL @ MIA,L,20.616666666666667,8.7,10.5,0.833,0.0,0.0,0.0,0.0,0.0,0.0,5.2,8.7,14.0,3.5,1.7,0.0,5.2,0.0,3.5,0.0,17.5,-22.7,53.4,0,0,45.4,1,13222,1,13222,15553,5216,16265,1514,15070,20945,15070,13505,14344,13505,2157,3802,2250,11404,11757,12854,457,8846,8771,17725,10365,22269,2346,2246,150,4076,1,20:37
2024-25,1630171,Isaac Okoro,Isaac,1610612739,CLE,Cleveland Cavaliers,0022400275,2024-11-24T00:00:00,CLE vs. TOR,W,28.716666666666665,5.0,5.0,1.0,2.5,2.5,1.0,0.0,1.3,0.0,2.5,5.0,7.5,5.0,0.0,1.3,1.3,0.0,1.3,1.3,12.5,15.0,36.6,0,0,32.6,1,1,13086,1,8903,14342,23454,1,8125,18608,1,13505,13809,13505,6595,10842,9128,7434,16469,9775,5883,8846,18257,16114,15556,5616,9955,2246,150,11942,1,28:43
2024-25,1627759,Jaylen Brown,Jaylen,1610612738,BOS,Boston Celtics,0022400271,2024-11-24T00:00:00,BOS vs. MIN,W,36.43333333333333,9.9,17.8,0.556,6.9,9.9,0.7,2.0,2.0,1.0,1.0,1.0,2.0,4.0,1.0,1.0,1.0,1.0,4.0,4.9,28.7,-1.0,41.9,0,0,45.5,1,1,13086,1,2379,3357,4919,7248,791,3631,1937,10722,12786,1,13346,21986,21847,10063,15919,12051,7552,8023,7275,4225,2544,13527,6671,2246,150,4041,1,36:26
2024-25,1630592,Jalen Wilson,Jalen,1610612751,BKN,Brooklyn Nets,0022400276,2024-11-24T00:00:00,BKN @ SAC,W,33.166666666666664,2.2,4.3,0.5,2.2,3.3,0.667,1.1,2.2,0.5,2.2,2.2,4.3,2.2,1.1,0.0,0.0,1.1,4.3,1.1,7.6,4.3,15.0,0,0,16.3,1,1,13086,1,5013,21095,23893,8526,9361,17163,1957,12950,12176,10625,7684,19152,16431,15722,15233,12854,8263,7183,6166,16974,20246,10456,23184,2246,150,22593,1,33:10
2024-25,203915,Spencer Dinwiddie,Spencer,1610612742,DAL,Dallas Mavericks,0022400273,2024-11-24T00:00:00,DAL @ MIA,L,27.916666666666668,1.3,15.5,0.083,0.0,11.6,0.0,6.4,6.4,1.0,0.0,6.4,6.4,9.0,0.0,2.6,1.3,0.0,5.2,5.2,9.0,-12.9,41.9,0,0,32.2,1,13222,1,13222,9614,22410,7861,22617,15070,2029,15070,2451,3944,1,14058,7414,11281,1997,16469,4181,5694,8846,4268,3836,19049,19090,6661,2246,150,12176,1,27:55
2024-25,1630202,Payton Pritchard,Payton,1610612738,BOS,Boston Celtics,0022400271,2024-11-24T00:00:00,BOS vs. MIN,W,22.35,4.8,11.3,0.429,1.6,8.1,0.2,1.6,1.6,1.0,1.6,4.8,6.4,4.8,0.0,0.0,0.0,0.0,3.2,4.8,12.9,-4.8,27.9,0,0,25.8,1,1,13086,1,14231,14851,14877,13735,11643,6358,13429,11581,13382,1,9879,11326,11296,7828,16469,12854,8263,8846,9772,4430,15212,15491,16324,2246,150,17088,1,22:21
2024-25,1641737,Adem Bona,Adem,1610612755,PHI,Philadelphia 76ers,0022400274,2024-11-24T00:00:00,PHI vs. LAC,L,8.55,0.0,0.0,0.0,0.0,0.0,0.0,0.0,0.0,0.0,0.0,8.4,8.4,0.0,0.0,0.0,0.0,0.0,8.4,0.0,0.0,-21.1,10.1,0,0,8.4,1,13222,1,13222,22616,22635,24836,22635,15070,20945,15070,13505,14344,13505,14058,4136,7589,19908,16469,12854,8263,8846,1176,17725,23200,21841,24395,2246,150,24697,1,8:33
2024-25,1628467,Maxi Kleber,Maxi,1610612742,DAL,Dallas Mavericks,0022400273,2024-11-24T00:00:00,DAL @ MIA,L,9.45,0.0,15.2,0.0,0.0,7.6,0.0,0.0,0.0,0.0,0.0,3.8,3.8,3.8,3.8,0.0,0.0,0.0,11.4,0.0,0.0,-30.5,6.5,0,0,7.6,1,13222,1,13222,22292,22635,8193,22635,15070,7139,15070,13505,14344,13505,14058,14287,17797,10470,4293,12854,8263,8846,484,17725,23200,23811,24867,2246,150,24818,1,9:27
2024-25,1626168,Trey Lyles,Trey,1610612758,SAC,Sacramento Kings,0022400276,2024-11-24T00:00:00,SAC vs. BKN,L,18.808333333333334,0.0,1.9,0.0,0.0,1.9,0.0,0.0,3.8,0.0,3.8,7.7,11.5,0.0,3.8,0.0,3.8,0.0,3.8,1.9,0.0,-11.5,21.4,0,0,19.1,1,13222,1,13222,16959,22635,24775,22635,15070,19714,15070,13505,8184,13505,3841,5229,3973,19908,4243,12854,1018,8846,7657,13464,23200,18527,20451,2246,150,21324,1,18:49
2024-25,201143,Al Horford,Al,1610612738,BOS,Boston Celtics,0022400271,2024-11-24T00:00:00,BOS vs. MIN,W,33.7,3.2,10.7,0.3,2.1,9.6,0.222,0.0,0.0,0.0,0.0,4.3,4.3,4.3,1.1,0.0,2.1,0.0,3.2,0.0,8.5,3.2,25.4,0,0,23.5,1,1,13086,1,4549,18987,15920,19363,9521,3963,13288,13505,14344,13505,14058,12885,16604,9198,15358,12854,3103,8846,9846,17725,19471,11019,17976,2246,150,18674,1,33:42
2024-25,1630215,Jared Butler,Jared,1610612764,WAS,Washington Wizards,0022400272,2024-11-24T00:00:00,WAS @ IND,L,5.066666666666666,0.0,0.0,0.0,0.0,0.0,0.0,0.0,0.0,0.0,0.0,0.0,0.0,7.1,7.1,0.0,0.0,0.0,7.1,0.0,0.0,7.1,3.6,0,0,7.1,1,13222,1,13222,23968,22635,24836,22635,15070,20945,15070,13505,14344,13505,14058,22137,23286,3878,846,12854,8263,8846,1890,17725,23200,9087,25106,2246,150,24883,1,5:04
2024-25,203926,Doug McDermott,Doug,1610612758,SAC,Sacramento Kings,0022400276,2024-11-24T00:00:00,SAC vs. BKN,L,4.183333333333334,0.0,0.0,0.0,0.0,0.0,0.0,0.0,0.0,0.0,0.0,0.0,0.0,0.0,0.0,0.0,0.0,0.0,8.6,0.0,0.0,-8.6,0.0,0,0,0.0,1,13222,1,13222,24388,22635,24836,22635,15070,20945,15070,13505,14344,13505,14058,22137,23286,19908,16469,12854,8263,8846,1094,17725,23200,17235,25228,2246,150,25259,1,4:11
2024-25,1629599,Amir Coffey,Amir,1610612746,LAC,LA Clippers,0022400274,2024-11-24T00:00:00,LAC @ PHI,W,25.183333333333334,2.9,7.1,0.4,2.9,7.1,0.4,1.4,2.9,0.5,0.0,4.3,4.3,2.9,0.0,0.0,0.0,0.0,0.0,1.4,10.0,48.6,19.4,0,0,20.0,1,1,13086,1,11850,19754,21385,14933,7024,8153,7874,11955,10331,10625,14058,12839,16560,13418,16469,12854,8263,8846,20257,15325,18158,589,21436,2246,150,20847,1,25:11
2024-25,1628981,Bruno Fernando,Bruno,1610612761,TOR,Toronto Raptors,0022400275,2024-11-24T00:00:00,TOR @ CLE,L,1.05,0.0,0.0,0.0,0.0,0.0,0.0,0.0,0.0,0.0,34.3,0.0,34.3,0.0,0.0,0.0,0.0,0.0,0.0,0.0,0.0,-68.6,41.1,0,0,34.3,1,13222,1,13222,26045,22635,24836,22635,15070,20945,15070,13505,14344,13505,11,22137,55,19908,16469,12854,8263,8846,20257,17725,23200,25861,7087,2246,150,10617,1,1:03
2024-25,1630241,Sam Merrill,Sam,1610612739,CLE,Cleveland Cavaliers,0022400275,2024-11-24T00:00:00,CLE vs. TOR,W,19.766666666666666,1.8,10.9,0.167,1.8,7.3,0.25,0.0,0.0,0.0,1.8,5.5,7.3,5.5,0.0,0.0,0.0,1.8,1.8,3.6,5.5,5.5,22.4,0,0,20.0,1,1,13086,1,16206,21718,15482,21938,10985,7851,11902,13505,14344,13505,9164,9632,9599,6500,16469,12854,8263,3828,16076,7275,21756,9860,19925,2246,150,20840,1,19:46
2024-25,1630183,Jaden McDaniels,Jaden,1610612750,MIN,Minnesota Timberwolves,0022400271,2024-11-24T00:00:00,MIN @ BOS,L,31.6,4.6,14.8,0.308,2.3,6.8,0.333,0.0,0.0,0.0,0.0,5.7,5.7,1.1,1.1,0.0,0.0,2.3,5.7,3.4,11.4,-13.7,18.8,0,0,20.5,1,13222,1,13222,6334,15610,8888,19226,8930,8810,9209,13505,14344,13505,14058,9052,13029,19228,14874,12854,8263,2475,3396,7900,16805,19370,21763,2246,150,20573,1,31:36
2024-25,1629638,Nickeil Alexander-Walker,Nickeil,1610612750,MIN,Minnesota Timberwolves,0022400271,2024-11-24T00:00:00,MIN @ BOS,L,27.3,1.3,9.2,0.143,0.0,5.3,0.0,2.6,2.6,1.0,1.3,0.0,1.3,5.3,0.0,0.0,0.0,1.3,2.6,5.3,5.3,15.8,14.8,0,0,11.9,1,13222,1,13222,10100,22383,18359,22260,15070,12536,15070,8719,10891,1,11109,22137,22794,6880,16469,12854,8263,5558,12296,3671,21864,5316,23249,2246,150,24010,1,27:18
2024-25,1631169,Josh Minott,Josh,1610612750,MIN,Minnesota Timberwolves,0022400271,2024-11-24T00:00:00,MIN @ BOS,L,1.3666666666666667,0.0,0.0,0.0,0.0,0.0,0.0,0.0,0.0,0.0,0.0,0.0,0.0,0.0,0.0,0.0,0.0,0.0,0.0,0.0,0.0,-210.7,0.0,0,0,0.0,1,13222,1,13222,25879,22635,24836,22635,15070,20945,15070,13505,14344,13505,14058,22137,23286,19908,16469,12854,8263,8846,20257,17725,23200,26284,25228,2246,150,25259,1,1:22
2024-25,1630230,Naji Marshall,Naji,1610612742,DAL,Dallas Mavericks,0022400273,2024-11-24T00:00:00,DAL @ MIA,L,30.418333333333333,9.5,18.9,0.5,3.6,5.9,0.6,1.2,3.6,0.333,2.4,3.6,5.9,1.2,2.4,0.0,0.0,0.0,2.4,3.6,23.7,-21.3,30.2,0,0,34.3,1,13222,1,13222,7391,3929,3815,8526,5030,10900,2992,12654,8787,13132,7028,15085,12487,19076,8786,12854,8263,8846,13364,7528,5002,21911,14678,2246,150,10590,1,30:25
2024-25,1627824,Guerschon Yabusele,Guerschon,1610612755,PHI,Philadelphia 76ers,0022400274,2024-11-24T00:00:00,PHI vs. LAC,L,27.426666666666666,2.6,7.9,0.333,1.3,5.3,0.25,1.3,1.3,1.0,3.9,3.9,7.9,0.0,1.3,0.0,1.3,1.3,3.9,1.3,7.9,-15.8,20.0,0,0,19.7,1,13222,1,13222,9998,20234,20443,17395,12814,12590,11902,12270,13712,1,3674,13922,8511,19908,13751,12854,5597,5595,7322,15854,20022,20175,21192,2246,150,21044,1,27:26
2024-25,1631245,Quenton Jackson,Quenton,1610612754,IND,Indiana Pacers,0022400272,2024-11-24T00:00:00,IND vs. WAS,W,21.533333333333335,0.0,8.4,0.0,0.0,0.0,0.0,0.0,0.0,0.0,1.7,5.0,6.7,5.0,0.0,0.0,0.0,5.0,0.0,0.0,0.0,15.0,15.5,0,0,11.7,1,1,13086,1,14913,22635,19707,22635,15070,20945,15070,13505,14344,13505,9665,10838,10755,7430,16469,12854,8263,369,20257,17725,23200,5615,23010,2246,150,24059,1,21:32
2024-25,1630702,Jaden Hardy,Jaden,1610612742,DAL,Dallas Mavericks,0022400273,2024-11-24T00:00:00,DAL @ MIA,L,9.25,0.0,11.7,0.0,0.0,7.8,0.0,0.0,0.0,0.0,0.0,0.0,0.0,3.9,3.9,3.9,0.0,0.0,7.8,0.0,0.0,-38.9,13.6,0,0,11.7,1,13222,1,13222,22365,22635,14159,22635,15070,6827,15070,13505,14344,13505,14058,22137,23286,10253,4102,1744,8263,8846,1467,17725,23200,24767,23601,2246,150,24064,1,9:15
2024-25,1627763,Malcolm Brogdon,Malcolm,1610612764,WAS,Washington Wizards,0022400272,2024-11-24T00:00:00,WAS @ IND,L,25.10333333333333,7.2,18.6,0.385,1.4,5.7,0.25,5.7,5.7,1.0,0.0,1.4,1.4,7.2,1.4,1.4,0.0,1.4,2.9,4.3,21.5,-11.5,36.9,0,0,34.4,1,13222,1,13222,11914,8531,4076,16070,12318,11371,11902,3153,4841,1,14058,21018,22652,3806,13087,8736,8263,5047,11325,5582,6627,18521,9796,2246,150,10515,1,25:06
2024-25,1630558,Davion Mitchell,Davion,1610612761,TOR,Toronto Raptors,0022400275,2024-11-24T00:00:00,TOR @ CLE,L,24.633333333333333,2.9,5.8,0.5,2.9,4.4,0.667,0.0,2.9,0.0,0.0,1.5,1.5,4.4,8.8,1.5,0.0,0.0,4.4,1.5,8.8,-14.6,12.7,0,0,20.5,1,13222,1,13222,12343,19595,22763,8526,6781,14723,1957,13505,10165,13505,14058,20959,22617,8927,460,8571,8263,8846,6055,15174,19291,19751,23840,2246,150,20603,1,24:38
2024-25,1642419,Jamison Battle,Jamison,1610612761,TOR,Toronto Raptors,0022400275,2024-11-24T00:00:00,TOR @ CLE,L,4.316666666666666,0.0,8.3,0.0,0.0,8.3,0.0,0.0,0.0,0.0,0.0,0.0,0.0,0.0,0.0,0.0,0.0,0.0,0.0,0.0,0.0,-25.0,0.0,0,0,0.0,1,13222,1,13222,24318,22635,19732,22635,15070,5844,15070,13505,14344,13505,14058,22137,23286,19908,16469,12854,8263,8846,20257,17725,23200,22809,25228,2246,150,25259,1,4:19
2024-25,1641716,Jarace Walker,Jarace,1610612754,IND,Indiana Pacers,0022400272,2024-11-24T00:00:00,IND vs. WAS,W,19.563333333333333,1.8,7.4,0.25,1.8,3.7,0.5,0.0,3.7,0.0,0.0,9.2,9.2,7.4,3.7,5.5,0.0,0.0,3.7,1.8,5.5,-3.7,40.5,0,0,35.0,1,1,13086,1,16374,21682,21123,20233,10921,16262,3944,13505,8523,13505,14058,3311,6448,3556,4597,627,8263,8846,8164,13773,21719,14883,7474,2246,150,10121,1,19:34
2024-25,1631247,Luke Travers,Luke,1610612739,CLE,Cleveland Cavaliers,0022400275,2024-11-24T00:00:00,CLE vs. TOR,W,0.7383333333333333,0.0,0.0,0.0,0.0,0.0,0.0,0.0,0.0,0.0,0.0,0.0,0.0,0.0,0.0,0.0,0.0,0.0,0.0,0.0,0.0,97.5,0.0,0,0,0.0,1,1,13086,1,26155,22635,24836,22635,15070,20945,15070,13505,14344,13505,14058,22137,23286,19908,16469,12854,8263,8846,20257,17725,23200,77,25228,2246,150,25259,1,0:44
2024-25,1629628,RJ Barrett,RJ,1610612761,TOR,Toronto Raptors,0022400275,2024-11-24T00:00:00,TOR @ CLE,L,32.95,6.6,19.7,0.333,2.2,6.6,0.333,2.2,6.6,0.333,3.3,3.3,6.6,6.6,1.1,0.0,1.1,1.1,1.1,4.4,17.5,-14.2,37.4,0,0,35.0,1,13222,1,13222,5189,10050,3211,17395,9295,9424,9209,10007,3827,13132,4791,15860,11048,4635,15179,12854,6841,7110,19140,5421,10344,19583,9432,2246,150,10122,1,32:57
2024-25,203458,Alex Len,Alex,1610612758,SAC,Sacramento Kings,0022400276,2024-11-24T00:00:00,SAC vs. BKN,L,0.013333333333333334,0.0,0.0,0.0,0.0,0.0,0.0,0.0,0.0,0.0,0.0,0.0,0.0,0.0,0.0,0.0,0.0,0.0,0.0,0.0,0.0,-8100.0,0.0,0,0,0.0,1,13222,1,13222,26297,22635,24836,22635,15070,20945,15070,13505,14344,13505,14058,22137,23286,19908,16469,12854,8263,8846,20257,17725,23200,26306,25228,2246,150,25259,1,0:01
2024-25,1630553,Keon Johnson,Keon,1610612751,BKN,Brooklyn Nets,0022400276,2024-11-24T00:00:00,BKN @ SAC,W,9.493333333333334,7.6,11.4,0.667,7.6,7.6,1.0,0.0,0.0,0.0,0.0,0.0,0.0,3.8,0.0,0.0,0.0,0.0,3.8,0.0,22.8,11.4,28.4,0,0,34.1,1,1,13086,1,22280,7555,14704,3281,567,7210,1,13505,14344,13505,14058,22137,23286,10516,16469,12854,8263,8846,7765,17725,5660,7065,15911,2246,150,10753,1,9:30
2024-25,202066,Garrett Temple,Garrett,1610612761,TOR,Toronto Raptors,0022400275,2024-11-24T00:00:00,TOR @ CLE,L,1.05,0.0,0.0,0.0,0.0,0.0,0.0,0.0,0.0,0.0,0.0,0.0,0.0,0.0,0.0,0.0,0.0,0.0,0.0,0.0,0.0,-68.6,0.0,0,0,0.0,1,13222,1,13222,26045,22635,24836,22635,15070,20945,15070,13505,14344,13505,14058,22137,23286,19908,16469,12854,8263,8846,20257,17725,23200,25861,25228,2246,150,25259,1,1:03
2024-25,1631107,Nikola Jović,Nikola,1610612748,MIA,Miami Heat,0022400273,2024-11-24T00:00:00,MIA vs. DAL,W,5.533333333333333,0.0,13.0,0.0,0.0,6.5,0.0,0.0,0.0,0.0,0.0,6.5,6.5,6.5,0.0,0.0,0.0,0.0,0.0,0.0,0.0,-32.5,17.6,0,0,13.0,1,1,13086,1,23768,22635,11829,22635,15070,9531,15070,13505,14344,13505,14058,7288,11158,4699,16469,12854,8263,8846,20257,17725,23200,24103,22276,2246,150,23709,1,5:32
2024-25,1629023,P.J. Washington,P.J.,1610612742,DAL,Dallas Mavericks,0022400273,2024-11-24T00:00:00,DAL @ MIA,L,39.81666666666667,6.3,12.7,0.5,0.9,1.8,0.5,5.4,6.3,0.857,2.7,6.3,9.0,2.7,1.8,1.8,0.0,1.8,1.8,5.4,19.0,0.9,37.5,1,0,35.3,1,13222,1,13222,613,10623,12469,8526,14950,19911,3944,3506,4091,7071,6067,7640,6674,13870,11516,7211,8263,3874,16143,3441,8873,12215,9327,1,150,9904,1,39:49
2024-25,1628997,Caleb Martin,Caleb,1610612755,PHI,Philadelphia 76ers,0022400274,2024-11-24T00:00:00,PHI vs. LAC,L,13.45,2.7,21.4,0.125,0.0,2.7,0.0,2.7,5.4,0.5,5.4,2.7,8.0,0.0,2.7,0.0,2.7,0.0,0.0,5.4,8.0,-66.9,23.0,0,0,21.4,1,13222,1,13222,20511,20137,2087,22420,15070,18300,15070,8623,5380,10625,2041,17754,8213,19908,7597,12854,2110,8846,20257,3550,19897,25835,19554,2246,150,20025,1,13:27
2024-25,1631099,Keegan Murray,Keegan,1610612758,SAC,Sacramento Kings,0022400276,2024-11-24T00:00:00,SAC vs. BKN,L,36.12,7.0,14.0,0.5,1.0,5.0,0.2,6.0,8.0,0.75,3.0,5.0,8.0,2.0,2.0,1.0,1.0,0.0,4.0,4.0,20.9,8.0,37.5,0,0,35.9,1,13222,1,13222,2597,8987,10241,8526,14572,13244,13429,2886,2537,8186,5368,10926,8318,16401,10552,11990,7498,8846,7181,6340,7136,8644,9359,2246,150,9462,1,36:07
2024-25,201950,Jrue Holiday,Jrue,1610612738,BOS,Boston Celtics,0022400271,2024-11-24T00:00:00,BOS vs. MIN,W,36.516666666666666,3.0,9.9,0.3,1.0,5.9,0.167,2.0,2.0,1.0,1.0,3.0,3.9,3.0,1.0,1.0,1.0,0.0,2.0,1.0,8.9,-3.9,23.0,0,0,20.7,1,1,13086,1,2328,19515,17316,19363,14628,10902,14236,10738,12800,1,13369,16867,17459,13066,15936,12075,7566,8846,15294,17441,19198,15039,19581,2246,150,20459,1,36:31
2024-25,1629312,Haywood Highsmith,Haywood,1610612748,MIA,Miami Heat,0022400273,2024-11-24T00:00:00,MIA vs. DAL,W,18.648333333333333,0.0,3.9,0.0,0.0,3.9,0.0,0.0,0.0,0.0,1.9,7.7,9.7,5.8,0.0,1.9,3.9,0.0,7.7,0.0,0.0,-13.5,37.6,0,0,27.0,1,1,13086,1,17083,22635,24154,22635,15070,15876,15070,13505,14344,13505,8704,5128,5870,5869,16469,6618,1000,8846,1499,17725,23200,19310,9255,2246,150,16135,1,18:39
2024-25,1629675,Naz Reid,Naz,1610612750,MIN,Minnesota Timberwolves,0022400271,2024-11-24T00:00:00,MIN @ BOS,L,25.718333333333334,2.8,12.6,0.222,1.4,8.4,0.167,0.0,0.0,0.0,0.0,7.0,7.0,2.8,2.8,1.4,0.0,0.0,4.2,0.0,7.0,14.0,21.0,0,0,21.0,1,13222,1,13222,11384,19877,12583,21205,12457,5757,14236,13505,14344,13505,14058,6361,10150,13590,7218,8905,8263,8846,6562,17725,20730,6014,20689,2246,150,20284,1,25:43
2024-25,204456,T.J. McConnell,T.J.,1610612754,IND,Indiana Pacers,0022400272,2024-11-24T00:00:00,IND vs. WAS,W,22.183333333333334,9.7,16.2,0.6,0.0,0.0,0.0,0.0,0.0,0.0,1.6,4.9,6.5,4.9,1.6,0.0,0.0,1.6,3.2,0.0,19.5,-21.1,32.9,0,0,30.8,1,1,13086,1,14357,3555,6795,5394,15070,20945,15070,13505,14344,13505,9831,11242,11198,7759,12243,12854,8263,4376,9675,17725,8402,21859,12631,2246,150,13307,1,22:11
2024-25,1641757,Jordan Miller,Jordan,1610612746,LAC,LA Clippers,0022400274,2024-11-24T00:00:00,LAC @ PHI,W,22.8,4.7,9.5,0.5,1.6,3.2,0.5,0.0,0.0,0.0,1.6,4.7,6.3,4.7,3.2,1.6,1.6,1.6,6.3,0.0,11.1,-12.6,32.1,0,0,30.0,1,1,13086,1,13875,15155,17991,8526,11757,17346,3944,13505,14344,13505,10002,11597,11569,8085,5953,8065,4607,4492,2582,17725,17140,18990,13287,2246,150,13941,1,22:48
2024-25,201587,Nicolas Batum,Nicolas,1610612746,LAC,LA Clippers,0022400274,2024-11-24T00:00:00,LAC @ PHI,W,10.183333333333334,3.5,17.7,0.2,3.5,14.1,0.25,0.0,0.0,0.0,7.1,3.5,10.6,10.6,0.0,0.0,0.0,0.0,0.0,0.0,10.6,-17.7,39.2,0,0,35.4,1,1,13086,1,22040,18236,5039,21401,5068,885,11902,13505,14344,13505,1114,15125,4806,1161,16469,12854,8263,8846,20257,17725,17548,20832,8242,2246,150,9836,1,10:11
2024-25,1630534,Ochai Agbaji,Ochai,1610612761,TOR,Toronto Raptors,0022400275,2024-11-24T00:00:00,TOR @ CLE,L,27.2,5.3,7.9,0.667,1.3,4.0,0.333,0.0,0.0,0.0,1.3,5.3,6.6,1.3,1.3,0.0,0.0,0.0,1.3,0.0,11.9,-13.2,20.5,0,0,21.2,1,13222,1,13222,10190,13546,20351,3281,12758,15641,9209,13505,14344,13505,11077,10040,10912,18578,13694,12854,8263,8846,17936,17725,16230,19202,20933,2246,150,20169,1,27:12
2024-25,1629656,Quentin Grimes,Quentin,1610612742,DAL,Dallas Mavericks,0022400273,2024-11-24T00:00:00,DAL @ MIA,L,26.588333333333335,2.7,10.8,0.25,0.0,4.1,0.0,0.0,0.0,0.0,1.4,8.1,9.5,4.1,2.7,0.0,1.4,2.7,1.4,1.4,5.4,10.8,24.2,0,0,21.7,1,13222,1,13222,10651,20073,15637,20233,15070,15454,15070,13505,14344,13505,10966,4527,6089,9773,7508,12854,5431,1730,17811,15658,21787,7310,18781,2246,150,19859,1,26:35
2024-25,1631170,Jaime Jaquez Jr.,Jaime,1610612748,MIA,Miami Heat,0022400273,2024-11-24T00:00:00,MIA vs. DAL,W,19.166666666666668,3.8,13.1,0.286,0.0,1.9,0.0,5.6,5.6,1.0,1.9,3.8,5.6,1.9,0.0,0.0,0.0,3.8,1.9,1.9,13.1,-3.8,22.7,0,0,20.7,1,1,13086,1,16703,17687,11583,19630,15070,19776,15070,3268,4992,1,8902,14452,13196,16819,16469,12854,8263,764,15794,13592,14939,14924,19736,2246,150,20477,1,19:10
2024-25,1629639,Tyler Herro,Tyler,1610612748,MIA,Miami Heat,0022400273,2024-11-24T00:00:00,MIA vs. DAL,W,42.45,6.8,21.2,0.32,0.8,8.5,0.1,0.8,1.7,0.5,0.0,8.5,8.5,4.2,0.8,0.8,0.0,3.4,0.8,3.4,15.3,-0.8,33.5,1,0,30.5,1,1,13086,1,207,9463,2207,19139,15035,5620,15047,13483,13297,10625,14058,4074,7501,9276,16427,12792,8263,1000,20213,7972,12643,13456,12196,1,150,13531,1,42:27
2024-25,1627734,Domantas Sabonis,Domantas,1610612758,SAC,Sacramento Kings,0022400276,2024-11-24T00:00:00,SAC vs. BKN,L,35.025,6.2,12.3,0.5,1.0,3.1,0.333,0.0,0.0,0.0,4.1,14.4,18.5,7.2,4.1,1.0,0.0,1.0,4.1,4.1,13.4,-2.1,45.3,1,0,42.1,1,13222,1,13222,3447,11053,13024,8526,14375,17482,9209,13505,14344,13505,3433,678,790,3770,3651,11690,8263,7685,6802,6032,14672,14077,5026,1,150,5577,1,35:02
2024-25,1641741,Ricky Council IV,Ricky,1610612755,PHI,Philadelphia 76ers,0022400274,2024-11-24T00:00:00,PHI vs. LAC,L,18.8,5.7,19.1,0.3,1.9,11.5,0.167,3.8,3.8,1.0,0.0,0.0,0.0,1.9,0.0,0.0,0.0,1.9,1.9,1.9,17.2,24.9,20.1,0,0,21.1,1,13222,1,13222,16965,12278,3621,19363,10564,2106,14236,6021,8178,1,14058,22137,23286,16700,16469,12854,8263,3494,15593,13456,10591,2842,21108,2246,150,20245,1,18:48
2024-25,1627751,Jakob Poeltl,Jakob,1610612761,TOR,Toronto Raptors,0022400275,2024-11-24T00:00:00,TOR @ CLE,L,33.016666666666666,5.5,13.1,0.417,0.0,1.1,0.0,2.2,3.3,0.667,8.7,12.0,20.7,2.2,1.1,1.1,2.2,0.0,2.2,3.3,13.1,-15.3,49.9,1,0,42.5,1,13222,1,13222,5136,13128,11699,14532,15070,20756,15070,10024,9373,9425,609,1364,447,15690,15195,11098,2990,8846,14185,8341,15002,20002,3285,1,150,5391,1,33:01
2024-25,1629636,Darius Garland,Darius,1610612739,CLE,Cleveland Cavaliers,0022400275,2024-11-24T00:00:00,CLE vs. TOR,W,30.94333333333333,7.0,16.3,0.429,4.7,8.1,0.571,0.0,0.0,0.0,1.2,2.3,3.5,7.0,2.3,1.2,0.0,2.3,4.7,2.3,18.6,17.5,34.4,0,0,36.1,1,1,13086,1,6926,8979,6706,13735,2807,6195,3506,13505,14344,13505,12027,18689,18574,4022,8960,10479,8263,2378,5405,11644,9198,4755,11488,2246,150,9325,1,30:57
2024-25,1627732,Ben Simmons,Ben,1610612751,BKN,Brooklyn Nets,0022400276,2024-11-24T00:00:00,BKN @ SAC,W,26.816666666666666,2.7,4.0,0.667,0.0,0.0,0.0,0.0,0.0,0.0,1.3,2.7,4.0,6.7,2.7,1.3,1.3,0.0,2.7,1.3,5.4,5.4,25.6,0,0,21.5,1,1,13086,1,10473,20120,24084,3281,15070,20945,15070,13505,14344,13505,11003,17742,17256,4408,7575,9231,5475,8846,12101,15714,21812,9909,17853,2246,150,19987,1,26:49
2024-25,1628989,Kevin Huerter,Kevin,1610612758,SAC,Sacramento Kings,0022400276,2024-11-24T00:00:00,SAC vs. BKN,L,32.2,4.5,8.9,0.5,1.1,5.6,0.2,2.2,2.2,1.0,0.0,3.4,3.4,0.0,1.1,0.0,2.2,1.1,4.5,1.1,12.3,-4.5,21.9,0,0,21.2,1,13222,1,13222,5800,15857,18802,8526,13849,11748,13429,9824,11981,1,14058,15633,18865,19908,15015,12854,2869,6889,5837,16834,15828,15312,20201,2246,150,20138,1,32:12
2024-25,202685,Jonas Valančiūnas,Jonas,1610612764,WAS,Washington Wizards,0022400272,2024-11-24T00:00:00,WAS @ IND,L,16.358333333333334,2.2,2.2,1.0,0.0,0.0,0.0,4.4,4.4,1.0,2.2,15.4,17.6,4.4,2.2,2.2,0.0,0.0,6.6,2.2,8.8,8.8,40.9,0,0,35.2,1,13222,1,13222,18691,21037,24722,1,15070,20945,15070,4988,7026,1,7581,501,991,8877,9502,5388,8263,8846,2316,12160,19267,8270,7207,2246,150,9941,1,16:22
2024-25,203083,Andre Drummond,Andre,1610612755,PHI,Philadelphia 76ers,0022400274,2024-11-24T00:00:00,PHI vs. LAC,L,14.273333333333333,5.0,7.6,0.667,0.0,0.0,0.0,5.0,5.0,1.0,5.0,7.6,12.6,2.5,7.6,0.0,2.5,0.0,7.6,5.0,15.1,-22.7,34.0,0,0,35.3,1,13222,1,13222,20040,14256,20838,3281,15070,20945,15070,3962,5834,1,2335,5385,3059,14467,688,12854,2335,8846,1590,4030,12779,22268,11764,2246,150,9870,1,14:16
2024-25,1628368,De'Aaron Fox,De'Aaron,1610612758,SAC,Sacramento Kings,0022400276,2024-11-24T00:00:00,SAC vs. BKN,L,37.88333333333333,9.5,15.2,0.625,2.9,3.8,0.75,7.6,11.4,0.667,0.0,1.0,1.0,4.8,1.9,1.9,0.0,1.0,1.0,6.7,29.5,4.8,41.5,0,0,41.8,1,13222,1,13222,1453,3877,8249,4899,7045,15992,1542,1607,917,9425,14058,22052,23243,8047,11037,6761,8263,8341,19970,1945,2274,10255,6873,2246,150,5750,1,37:53
2024-25,1641711,Gradey Dick,Gradey,1610612761,TOR,Toronto Raptors,0022400275,2024-11-24T00:00:00,TOR @ CLE,L,30.8,7.0,19.9,0.353,3.5,10.5,0.333,3.5,3.5,1.0,2.3,2.3,4.7,1.2,1.2,0.0,0.0,1.2,3.5,2.3,21.0,-19.9,27.2,0,0,30.4,1,13222,1,13222,7043,8894,3050,17268,5128,2958,9209,6690,8871,1,7127,18661,15624,19118,14669,12854,8263,6487,8729,11596,7056,21516,16799,2246,150,13641,1,30:48
2024-25,1641732,Colby Jones,Colby,1610612758,SAC,Sacramento Kings,0022400276,2024-11-24T00:00:00,SAC vs. BKN,L,17.15,0.0,6.3,0.0,0.0,2.1,0.0,0.0,0.0,0.0,0.0,4.2,4.2,2.1,2.1,2.1,2.1,2.1,2.1,0.0,0.0,-33.6,18.7,0,0,14.7,1,13222,1,13222,18166,22635,22322,22635,15070,19368,15070,13505,14344,13505,14058,13126,16817,16006,10003,5791,3211,2926,14616,17725,23200,24240,21804,2246,150,23176,1,17:09
2024-25,1629611,Terance Mann,Terance,1610612746,LAC,LA Clippers,0022400274,2024-11-24T00:00:00,LAC @ PHI,W,22.033333333333335,8.2,9.8,0.833,1.6,3.3,0.5,3.3,6.5,0.5,0.0,1.6,1.6,1.6,1.6,1.6,0.0,0.0,4.9,3.3,21.2,-13.1,28.9,0,0,29.4,1,1,13086,1,14474,6265,17393,1514,11580,17140,3944,7167,3846,10625,14058,20597,22392,17555,12199,7873,8263,8846,4831,8353,6893,19151,15547,2246,150,14396,1,22:02
2024-25,1630557,Corey Kispert,Corey,1610612764,WAS,Washington Wizards,0022400272,2024-11-24T00:00:00,WAS @ IND,L,36.041666666666664,6.0,14.0,0.429,3.0,11.0,0.273,0.0,0.0,0.0,0.0,2.0,2.0,1.0,2.0,1.0,0.0,0.0,0.0,0.0,15.0,-4.0,19.9,0,0,23.0,1,13222,1,13222,2655,11545,10197,13735,6534,2497,11838,13505,14344,13505,14058,19676,21806,19678,10537,11971,8263,8846,20257,17725,12923,15060,21224,2246,150,19055,1,36:03
2024-25,1642347,Jamal Shead,Jamal,1610612761,TOR,Toronto Raptors,0022400275,2024-11-24T00:00:00,TOR @ CLE,L,16.316666666666666,4.4,11.0,0.4,4.4,11.0,0.4,0.0,0.0,0.0,0.0,4.4,4.4,4.4,4.4,2.2,0.0,0.0,6.6,0.0,13.2,11.0,27.4,0,0,30.9,1,13222,1,13222,18711,16031,15311,14933,3213,2454,7874,13505,14344,13505,14058,12494,16254,8843,3121,5368,8263,8846,2300,17725,14829,7222,16688,2246,150,13261,1,16:19
2024-25,1630231,KJ Martin,KJ,1610612755,PHI,Philadelphia 76ers,0022400274,2024-11-24T00:00:00,PHI vs. LAC,L,26.106666666666666,1.4,4.1,0.333,0.0,0.0,0.0,2.8,2.8,1.0,2.8,2.8,5.5,4.1,1.4,0.0,0.0,1.4,2.8,4.1,5.5,-8.3,17.0,0,0,15.2,1,13222,1,13222,11086,22312,24029,17395,15070,20945,15070,8444,10591,1,5961,17538,13495,9558,13408,12854,8263,5268,11810,5970,21724,17083,22504,2246,150,23002,1,26:06
2024-25,201569,Eric Gordon,Eric,1610612755,PHI,Philadelphia 76ers,0022400274,2024-11-24T00:00:00,PHI vs. LAC,L,16.116666666666667,6.7,11.2,0.6,2.2,6.7,0.333,0.0,0.0,0.0,0.0,0.0,0.0,2.2,0.0,4.5,0.0,0.0,2.2,0.0,15.6,-35.7,32.4,0,0,29.0,1,13222,1,13222,18846,9678,15072,5394,9104,9101,9209,13505,14344,13505,14058,22137,23286,15500,16469,1248,8263,8846,13949,17725,12280,24499,13025,2246,150,14666,1,16:07
2024-25,1631311,Lester Quinones,Lester,1610612755,PHI,Philadelphia 76ers,0022400274,2024-11-24T00:00:00,PHI vs. LAC,L,8.55,12.6,21.1,0.6,0.0,4.2,0.0,0.0,0.0,0.0,4.2,0.0,4.2,0.0,4.2,0.0,0.0,0.0,0.0,0.0,25.3,-21.1,26.1,0,0,29.5,1,13222,1,13222,22616,1182,2309,5394,15070,15094,15070,13505,14344,13505,3290,22137,16772,19908,3482,12854,8263,8846,20257,17725,4081,21841,17559,2246,150,14344,1,8:33
2024-25,1627739,Kris Dunn,Kris,1610612746,LAC,LA Clippers,0022400274,2024-11-24T00:00:00,LAC @ PHI,W,22.5,6.4,8.0,0.8,1.6,1.6,1.0,0.0,0.0,0.0,1.6,3.2,4.8,1.6,1.6,3.2,0.0,0.0,4.8,0.0,14.4,60.8,30.6,0,0,28.8,1,1,13086,1,14100,10447,20259,1688,11676,20168,1,13505,14344,13505,9921,16089,15301,17651,12335,2743,8263,8846,5056,17725,13498,357,14376,2246,150,14855,1,22:30
2024-25,1642267,Bub Carrington,Bub,1610612764,WAS,Washington Wizards,0022400272,2024-11-24T00:00:00,WAS @ IND,L,22.496666666666666,3.2,11.2,0.286,1.6,8.0,0.2,0.0,0.0,0.0,1.6,4.8,6.4,3.2,4.8,3.2,1.6,0.0,3.2,0.0,8.0,-8.0,30.1,0,0,28.8,1,13222,1,13222,14118,18997,15018,19630,11674,6445,13429,13505,14344,13505,9919,11433,11398,12309,2580,2742,4551,8846,9862,17725,19919,16974,14738,2246,150,14854,1,22:30
2024-25,1629651,Nic Claxton,Nic,1610612751,BKN,Brooklyn Nets,0022400276,2024-11-24T00:00:00,BKN @ SAC,W,23.316666666666666,3.1,4.6,0.667,0.0,0.0,0.0,0.0,0.0,0.0,1.5,9.3,10.8,4.6,1.5,1.5,3.1,0.0,7.7,0.0,6.2,-4.6,38.4,0,0,30.9,1,1,13086,1,13450,19233,23726,3281,15070,20945,15070,13505,14344,13505,10141,3238,4588,8345,12565,8221,1587,8846,1501,17725,21258,15386,8744,2246,150,13271,1,23:19
2024-25,1642272,Jared McCain,Jared,1610612755,PHI,Philadelphia 76ers,0022400274,2024-11-24T00:00:00,PHI vs. LAC,L,27.883333333333333,3.9,19.4,0.2,2.6,14.2,0.182,12.9,15.5,0.833,0.0,0.0,0.0,5.2,1.3,0.0,0.0,0.0,0.0,7.7,23.2,-10.3,29.7,0,0,31.0,1,13222,1,13222,9638,17399,3447,21401,7886,872,14207,268,316,7275,14058,22137,23286,7103,13851,12854,8263,8846,20257,1165,5336,18041,15031,2246,150,13177,1,27:53
2024-25,1630570,Trendon Watford,Trendon,1610612751,BKN,Brooklyn Nets,0022400276,2024-11-24T00:00:00,BKN @ SAC,W,14.66,2.5,12.3,0.2,0.0,2.5,0.0,2.5,4.9,0.5,0.0,7.4,7.4,0.0,4.9,4.9,2.5,2.5,4.9,4.9,7.4,-24.6,33.4,0,0,29.5,1,1,13086,1,19789,20545,13119,21401,15070,18707,15070,9184,6093,10625,14058,5727,9442,19908,2452,952,2462,2116,4816,4273,20431,22711,12267,2246,150,14347,1,14:40
2024-25,1642277,Johnny Furphy,Johnny,1610612754,IND,Indiana Pacers,0022400272,2024-11-24T00:00:00,IND vs. WAS,W,11.411666666666667,3.2,3.2,1.0,3.2,3.2,1.0,6.3,6.3,1.0,0.0,0.0,0.0,3.2,3.2,0.0,0.0,0.0,0.0,3.2,15.8,6.3,17.4,0,0,22.1,1,1,13086,1,21535,19097,24435,1,6078,17352,1,2582,4116,1,14058,22137,23286,12466,5963,12854,8263,8846,20257,8713,12150,9465,22351,2246,150,19631,1,11:25
2024-25,1630214,Xavier Tillman,Xavier,1610612738,BOS,Boston Celtics,0022400271,2024-11-24T00:00:00,BOS vs. MIN,W,14.3,2.5,5.0,0.5,0.0,0.0,0.0,2.5,5.0,0.5,0.0,10.1,10.1,0.0,0.0,0.0,2.5,0.0,10.1,2.5,7.6,-2.5,27.2,0,0,22.7,1,1,13086,1,20016,20431,23439,8526,15070,20945,15070,8998,5847,10625,14058,2528,5350,19908,16469,12854,2340,8846,689,10924,20277,14319,16826,2246,150,19239,1,14:18
2024-25,1628378,Donovan Mitchell,Donovan,1610612739,CLE,Cleveland Cavaliers,0022400275,2024-11-24T00:00:00,CLE vs. TOR,W,34.645,10.4,18.7,0.556,5.2,9.4,0.556,1.0,1.0,1.0,0.0,4.2,4.2,1.0,3.1,1.0,0.0,0.0,2.1,2.1,27.0,10.4,33.6,0,0,39.5,1,1,13086,1,3744,2832,4021,7248,2059,4302,3747,13114,14155,1,14058,13252,16925,19562,6074,11597,8263,8846,14713,12722,3200,7517,12145,2246,150,7078,1,34:39
2024-25,1627777,Georges Niang,Georges,1610612739,CLE,Cleveland Cavaliers,0022400275,2024-11-24T00:00:00,CLE vs. TOR,W,19.29,1.9,24.3,0.077,0.0,14.9,0.0,0.0,0.0,0.0,0.0,7.5,7.5,1.9,1.9,0.0,0.0,1.9,5.6,0.0,3.7,5.6,13.6,0,0,13.1,1,1,13086,1,16594,21633,992,22628,15070,710,15070,13505,14344,13505,14058,5563,9246,16873,11242,12854,8263,3686,3547,17725,22675,9793,23599,2246,150,23693,1,19:17
2024-25,203497,Rudy Gobert,Rudy,1610612750,MIN,Minnesota Timberwolves,0022400271,2024-11-24T00:00:00,MIN @ BOS,L,34.48166666666667,4.2,5.2,0.8,0.0,0.0,0.0,2.1,2.1,1.0,8.4,12.5,20.9,0.0,0.0,0.0,0.0,0.0,2.1,3.1,10.4,-4.2,35.5,1,0,31.3,1,13222,1,13222,3873,16662,23308,1688,15070,20945,15070,10333,12462,1,689,1149,430,19908,16469,12854,8263,8846,14665,8778,17718,15169,10728,1,150,12916,1,34:29
2024-25,1642265,Rob Dillingham,Rob,1610612750,MIN,Minnesota Timberwolves,0022400271,2024-11-24T00:00:00,MIN @ BOS,L,15.55,13.9,23.2,0.6,4.6,9.3,0.5,0.0,0.0,0.0,0.0,0.0,0.0,2.3,0.0,0.0,0.0,0.0,2.3,0.0,32.4,4.6,35.9,0,0,39.4,1,13222,1,13222,19219,735,1334,5394,2838,4441,3944,13505,14344,13505,14058,22137,23286,15175,16469,12854,8263,8846,13581,17725,1436,10322,10447,2246,150,7156,1,15:33
2024-25,1629130,Duncan Robinson,Duncan,1610612748,MIA,Miami Heat,0022400273,2024-11-24T00:00:00,MIA vs. DAL,W,17.67,6.1,14.3,0.429,4.1,8.1,0.5,0.0,0.0,0.0,0.0,0.0,0.0,2.0,2.0,0.0,0.0,0.0,10.2,0.0,16.3,-14.3,17.3,0,0,22.4,1,1,13086,1,17804,11193,9752,13735,3850,6185,3944,13505,14344,13505,14058,22137,23286,16236,10324,12854,8263,8846,664,17725,11613,19604,22361,2246,150,19414,1,17:40
2024-25,1628398,Kyle Kuzma,Kyle,1610612764,WAS,Washington Wizards,0022400272,2024-11-24T00:00:00,WAS @ IND,L,30.291666666666668,5.9,11.9,0.5,0.0,1.2,0.0,0.0,0.0,0.0,0.0,1.2,1.2,1.2,3.6,0.0,0.0,0.0,3.6,1.2,11.9,-23.8,11.5,0,0,14.3,1,13222,1,13222,7509,11675,13788,8526,15070,20636,15070,13505,14344,13505,14058,21542,22955,19057,4863,12854,8263,8846,8545,16458,16253,22517,24126,2246,150,23336,1,30:18
2024-25,1641796,Pelle Larsson,Pelle,1610612748,MIA,Miami Heat,0022400273,2024-11-24T00:00:00,MIA vs. DAL,W,36.49666666666667,5.9,7.9,0.75,1.0,2.0,0.5,1.0,2.0,0.5,2.0,3.0,4.9,1.0,0.0,1.0,0.0,0.0,4.9,3.0,13.8,17.8,24.2,0,0,22.7,1,1,13086,1,2345,11748,20426,2107,14627,19602,3944,13274,12796,10625,8512,16860,14973,19714,16469,12070,8263,8846,4768,9395,14141,4642,18831,2246,150,19225,1,36:30
2024-25,1630573,Sam Hauser,Sam,1610612738,BOS,Boston Celtics,0022400271,2024-11-24T00:00:00,BOS vs. MIN,W,20.35,3.5,12.4,0.286,1.8,8.8,0.2,0.0,0.0,0.0,5.3,3.5,8.8,3.5,0.0,0.0,0.0,0.0,3.5,0.0,8.8,1.8,24.8,0,0,23.0,1,1,13086,1,15748,18235,12923,19630,11192,5035,13429,13505,14344,13505,2087,15121,6952,11280,16469,12854,8263,8846,8638,17725,19229,11758,18441,2246,150,19026,1,20:21
2024-25,201935,James Harden,James,1610612746,LAC,LA Clippers,0022400274,2024-11-24T00:00:00,LAC @ PHI,W,27.1,5.3,13.3,0.4,4.0,9.3,0.429,15.9,15.9,1.0,0.0,2.7,2.7,10.6,5.3,1.3,0.0,1.3,1.3,6.6,30.6,39.9,48.4,0,0,50.5,1,1,13086,1,10268,13502,11331,14933,4022,4377,7394,143,285,1,14058,17795,20526,1154,1991,9308,8263,5508,17910,1951,1908,991,3863,2246,150,2400,1,27:06
2024-25,1628401,Derrick White,Derrick,1610612738,BOS,Boston Celtics,0022400271,2024-11-24T00:00:00,BOS vs. MIN,W,37.93333333333333,6.6,11.4,0.583,3.8,8.5,0.444,0.9,1.9,0.5,1.9,6.6,8.5,4.7,1.9,0.9,1.9,0.0,1.9,2.8,18.0,7.6,42.0,0,0,40.8,1,1,13086,1,1416,9839,14682,6296,4451,5512,7211,13371,12984,10625,8821,7012,7414,8070,11055,12357,3770,8846,15682,9787,9806,8839,6593,2246,150,6323,1,37:56
2024-25,1629650,Moses Brown,Moses,1610612754,IND,Indiana Pacers,0022400272,2024-11-24T00:00:00,IND vs. WAS,W,12.466666666666667,17.3,23.1,0.75,0.0,0.0,0.0,8.7,14.4,0.6,2.9,8.7,11.6,0.0,0.0,0.0,2.9,0.0,5.8,8.7,43.3,14.4,65.8,0,0,60.6,1,1,13086,1,21015,254,1350,2107,15070,20945,15070,1124,397,10343,5616,3871,3896,19908,16469,12854,1837,8846,3262,765,303,5848,643,2246,150,764,1,12:28
2024-25,1630538,Bones Hyland,Bones,1610612746,LAC,LA Clippers,0022400274,2024-11-24T00:00:00,LAC @ PHI,W,5.516666666666667,13.1,26.1,0.5,6.5,19.6,0.333,0.0,0.0,0.0,0.0,0.0,0.0,0.0,19.6,6.5,0.0,0.0,6.5,0.0,32.6,-19.6,32.6,0,0,52.2,1,1,13086,1,23782,1014,630,8526,992,256,9209,13505,14344,13505,14058,22137,23286,19908,56,367,8263,8846,2374,17725,1395,21423,12860,2246,150,1997,1,5:31
2024-25,1641726,Dereck Lively II,Dereck,1610612742,DAL,Dallas Mavericks,0022400273,2024-11-24T00:00:00,DAL @ MIA,L,30.781666666666666,8.2,10.5,0.778,0.0,0.0,0.0,0.0,0.0,0.0,3.5,11.7,15.2,4.7,1.2,0.0,2.3,0.0,2.3,0.0,16.4,9.4,47.5,1,0,40.9,1,13222,1,13222,7068,6233,16170,1994,15070,20945,15070,13505,14344,13505,4365,1526,1683,8236,14664,12854,2666,8846,13485,17725,11525,8015,4145,1,150,6246,1,30:47
2024-25,201567,Kevin Love,Kevin,1610612748,MIA,Miami Heat,0022400273,2024-11-24T00:00:00,MIA vs. DAL,W,18.688333333333333,5.8,19.3,0.3,5.8,13.5,0.429,0.0,3.9,0.0,3.9,17.3,21.2,1.9,3.9,1.9,1.9,0.0,3.9,5.8,17.3,19.3,53.4,0,0,53.9,1,1,13086,1,17045,12172,3535,19363,1503,1107,7394,13505,8129,13505,3804,313,398,16655,4183,6640,3690,8846,7595,2927,10487,4181,2363,2246,150,1637,1,18:41
2024-25,1627783,Pascal Siakam,Pascal,1610612754,IND,Indiana Pacers,0022400272,2024-11-24T00:00:00,IND vs. WAS,W,33.596666666666664,7.5,15.0,0.5,2.1,3.2,0.667,6.4,6.4,1.0,1.1,5.4,6.4,6.4,1.1,1.1,0.0,0.0,3.2,3.2,23.6,26.8,43.1,0,0,40.7,1,1,13086,1,4651,7761,8605,8526,9493,17241,1957,2470,3964,1,12704,9879,11315,4814,15326,11261,8263,8846,9801,8510,5079,2470,6104,2246,150,6375,1,33:36
2024-25,1642367,Jonathan Mogbo,Jonathan,1610612761,TOR,Toronto Raptors,0022400275,2024-11-24T00:00:00,TOR @ CLE,L,20.433333333333334,7.0,14.1,0.5,1.8,3.5,0.5,7.0,7.0,1.0,3.5,8.8,12.3,0.0,1.8,1.8,1.8,1.8,1.8,3.5,22.9,1.8,46.5,0,0,44.0,1,13222,1,13222,15684,8820,10018,8526,11218,16607,3944,1978,3322,1,4338,3713,3245,19908,11697,7396,4138,3998,16336,7598,5552,11763,4527,2246,150,4671,1,20:26
2024-25,1628369,Jayson Tatum,Jayson,1610612738,BOS,Boston Celtics,0022400271,2024-11-24T00:00:00,BOS vs. MIN,W,38.416666666666664,7.5,19.7,0.381,4.7,11.2,0.417,4.7,5.6,0.833,0.0,7.5,7.5,3.7,0.9,1.9,0.0,0.0,3.7,4.7,24.4,6.6,43.7,0,0,44.0,1,1,13086,1,1155,7773,3201,16250,2749,2297,7826,4535,5017,7275,14058,5501,9177,10650,16216,6897,8263,8846,7915,4743,4571,9356,5821,2246,150,4672,1,38:25
2024-25,1629660,Ty Jerome,Ty,1610612739,CLE,Cleveland Cavaliers,0022400275,2024-11-24T00:00:00,CLE vs. TOR,W,28.395,11.4,17.7,0.643,5.1,10.1,0.5,5.1,5.1,1.0,0.0,3.8,3.8,7.6,3.8,5.1,1.3,0.0,5.1,5.1,33.0,15.2,64.2,0,0,62.1,1,1,13086,1,9221,1927,4953,4607,2189,3335,3944,3930,5796,1,14058,14309,17811,3274,4307,856,5810,8846,4444,3966,1334,5536,765,2246,150,632,1,28:24
2024-25,1627884,Derrick Jones Jr.,Derrick,1610612746,LAC,LA Clippers,0022400274,2024-11-24T00:00:00,LAC @ PHI,W,24.633333333333333,10.2,14.6,0.7,1.5,1.5,1.0,4.4,5.8,0.75,1.5,2.9,4.4,2.9,0.0,4.4,0.0,1.5,2.9,5.8,26.3,48.2,49.1,0,0,43.8,1,1,13086,1,12343,2994,9178,3045,12203,20309,1,5019,4690,8186,10478,16999,16325,13192,16469,1315,8263,4928,11073,2824,3531,596,3582,2246,150,4765,1,24:38
2024-25,1630567,Scottie Barnes,Scottie,1610612761,TOR,Toronto Raptors,0022400275,2024-11-24T00:00:00,TOR @ CLE,L,34.083333333333336,5.3,14.8,0.357,1.1,6.3,0.167,7.4,12.7,0.583,1.1,6.3,7.4,7.4,1.1,3.2,1.1,0.0,1.1,7.4,19.0,-9.5,50.6,0,0,43.3,1,13222,1,13222,4178,13597,8928,17140,14215,9899,14236,1740,637,10530,12827,7624,9385,3520,15453,2801,7087,8846,19372,1395,8848,17675,3101,2246,150,4996,1,34:05
2024-25,1628449,Chris Boucher,Chris,1610612761,TOR,Toronto Raptors,0022400275,2024-11-24T00:00:00,TOR @ CLE,L,14.15,7.6,17.8,0.429,0.0,7.6,0.0,10.2,10.2,1.0,2.5,5.1,7.6,0.0,0.0,5.1,0.0,2.5,7.6,5.1,25.4,10.2,49.9,0,0,43.3,1,13222,1,13222,20109,7428,4901,13735,15070,7116,15070,652,1301,1,6484,10606,8906,19908,16469,844,8263,1965,1552,3941,3967,7608,3308,2246,150,5019,1,14:09
2024-25,202710,Jimmy Butler III,Jimmy,1610612748,MIA,Miami Heat,0022400273,2024-11-24T00:00:00,MIA vs. DAL,W,38.083333333333336,10.4,16.1,0.647,0.0,0.0,0.0,10.4,15.1,0.688,2.8,5.7,8.5,5.7,2.8,0.9,1.9,0.0,0.9,8.5,31.2,3.8,55.6,0,0,51.0,1,1,13086,1,1336,2824,7022,4571,15070,20945,15070,585,342,9422,5767,9118,7458,6098,7086,12398,3791,8846,19995,826,1733,10762,1884,2246,150,2265,1,38:05
2024-25,1630264,Anthony Gill,Anthony,1610612764,WAS,Washington Wizards,0022400272,2024-11-24T00:00:00,WAS @ IND,L,6.133333333333334,11.7,11.7,1.0,5.9,5.9,1.0,0.0,5.9,0.0,0.0,0.0,0.0,0.0,0.0,5.9,0.0,0.0,0.0,5.9,29.3,-11.7,47.0,0,0,47.0,1,13222,1,13222,23548,1696,14039,1,1413,11023,1,13505,4657,13505,14058,22137,23286,19908,16469,510,8263,8846,20257,2789,2319,18640,4327,2246,150,3498,1,6:08
2024-25,202704,Reggie Jackson,Reggie,1610612755,PHI,Philadelphia 76ers,0022400274,2024-11-24T00:00:00,PHI vs. LAC,L,12.666666666666666,8.5,11.4,0.75,2.8,5.7,0.5,0.0,0.0,0.0,2.8,0.0,2.8,11.4,2.8,5.7,0.0,0.0,0.0,0.0,19.9,-11.4,54.6,0,0,48.3,1,13222,1,13222,20909,5565,14711,2107,7075,11488,3944,13505,14344,13505,5753,22137,20140,875,7049,575,8263,8846,20257,17725,8002,18464,2072,2246,150,3038,1,12:40
2024-25,1641730,Noah Clowney,Noah,1610612751,BKN,Brooklyn Nets,0022400276,2024-11-24T00:00:00,BKN @ SAC,W,21.533333333333335,8.4,15.0,0.556,8.4,13.4,0.625,5.0,6.7,0.75,0.0,3.3,3.3,0.0,3.3,1.7,1.7,1.7,5.0,5.0,30.1,21.7,40.8,0,0,48.5,1,1,13086,1,14913,5873,8529,7248,391,1140,2868,4014,3671,8186,14058,15653,18882,19908,5376,7711,4354,4214,4571,4086,2050,3523,7280,2246,150,2994,1,21:32
2024-25,1627826,Ivica Zubac,Ivica,1610612746,LAC,LA Clippers,0022400274,2024-11-24T00:00:00,LAC @ PHI,W,25.366666666666667,11.4,14.2,0.8,0.0,0.0,0.0,0.0,1.4,0.0,4.3,12.8,17.0,5.7,2.8,0.0,1.4,1.4,0.0,2.8,22.7,49.7,53.1,1,0,48.3,1,1,13086,1,11682,1971,9846,1688,15070,20945,15070,13505,13571,13505,3238,1088,1122,6084,7071,12854,5152,5106,20257,9826,5698,558,2427,1,150,3062,1,25:22
2024-25,1628964,Mo Bamba,Mo,1610612746,LAC,LA Clippers,0022400274,2024-11-24T00:00:00,LAC @ PHI,W,17.116666666666667,6.3,10.5,0.6,2.1,4.2,0.5,0.0,0.0,0.0,2.1,6.3,8.4,0.0,0.0,0.0,4.2,0.0,4.2,2.1,14.7,-12.6,37.4,0,0,33.7,1,1,13086,1,18188,10676,16188,5394,9668,15102,3944,13505,14344,13505,7937,7679,7602,19908,16469,12854,811,8846,6533,12594,13176,18987,9388,2246,150,11112,1,17:07
2024-25,202681,Kyrie Irving,Kyrie,1610612742,DAL,Dallas Mavericks,0022400273,2024-11-24T00:00:00,DAL @ MIA,L,39.31333333333333,8.2,19.2,0.429,2.7,11.0,0.25,5.5,6.4,0.857,0.0,3.7,3.7,5.5,2.7,0.0,0.0,0.9,3.7,5.5,24.7,4.6,34.6,0,0,36.6,1,13222,1,13222,776,6110,3567,13735,7393,2495,11902,3420,3990,7071,14058,14749,18173,6435,7385,12854,8263,8580,8221,3351,4356,10350,11357,2246,150,8959,1,39:19
2024-25,201942,DeMar DeRozan,DeMar,1610612758,SAC,Sacramento Kings,0022400276,2024-11-24T00:00:00,SAC vs. BKN,L,35.71666666666667,7.1,18.1,0.389,0.0,2.0,0.0,4.0,6.0,0.667,1.0,4.0,5.0,5.0,3.0,0.0,0.0,0.0,4.0,6.0,18.1,0.0,28.7,0,0,28.2,1,13222,1,13222,2887,8799,4521,16009,15070,19525,15070,5643,4409,9425,13196,13622,14705,7383,6377,12854,8263,8846,7054,2565,9687,12240,15696,2246,150,15278,1,35:43
2024-25,1642259,Alex Sarr,Alex,1610612764,WAS,Washington Wizards,0022400272,2024-11-24T00:00:00,WAS @ IND,L,31.3,8.1,17.3,0.467,1.2,4.6,0.25,2.3,4.6,0.5,3.5,12.7,16.1,3.5,2.3,1.2,2.3,1.2,2.3,3.5,19.6,-15.0,52.1,1,0,47.2,1,13222,1,13222,6607,6526,5509,12249,13648,14193,11902,9615,6656,10625,4452,1110,1390,11550,9066,10575,2744,6629,13643,7800,8306,19887,2684,1,150,3414,1,31:18
2024-25,1628386,Jarrett Allen,Jarrett,1610612739,CLE,Cleveland Cavaliers,0022400275,2024-11-24T00:00:00,CLE vs. TOR,W,32.31666666666667,11.1,15.6,0.714,0.0,0.0,0.0,3.3,5.6,0.6,6.7,7.8,14.5,2.2,0.0,1.1,1.1,1.1,2.2,5.6,25.6,12.3,53.0,1,0,46.8,1,1,13086,1,5711,2148,7703,2752,15070,20945,15070,7017,5088,10343,1290,5016,2008,15520,16469,10910,6702,6929,13970,3233,3866,6692,2451,1,150,3556,1,32:19
2024-25,1629645,Kevin Porter Jr.,Kevin,1610612746,LAC,LA Clippers,0022400274,2024-11-24T00:00:00,LAC @ PHI,W,24.383333333333333,7.4,16.2,0.455,0.0,3.0,0.0,1.5,3.0,0.5,1.5,5.9,7.4,7.4,5.9,0.0,1.5,1.5,4.4,3.0,16.2,-11.8,34.7,0,0,34.0,1,1,13086,1,12578,8053,6759,12676,15070,17749,15070,11836,10088,10625,10409,8534,9407,3534,1450,12854,4938,4857,5943,9413,11662,18669,11293,2246,150,10889,1,24:23
2024-25,1628978,Donte DiVincenzo,Donte,1610612750,MIN,Minnesota Timberwolves,0022400271,2024-11-24T00:00:00,MIN @ BOS,L,28.9,5.0,10.0,0.5,3.7,7.5,0.5,0.0,0.0,0.0,0.0,3.7,3.7,2.5,2.5,1.2,1.2,0.0,1.2,1.2,13.7,-2.5,26.9,0,0,28.7,1,13222,1,13222,8761,14439,17111,8526,4604,7458,3944,13505,14344,13505,14058,14504,17968,14568,8279,9828,5915,8846,18296,16151,14277,14308,17019,2246,150,14964,1,28:54
2024-25,1642273,Kyshawn George,Kyshawn,1610612764,WAS,Washington Wizards,0022400272,2024-11-24T00:00:00,WAS @ IND,L,28.916666666666668,5.0,10.0,0.5,2.5,5.0,0.5,6.2,7.5,0.833,1.2,5.0,6.2,6.2,2.5,0.0,0.0,1.2,5.0,6.2,18.7,-2.5,33.0,0,0,33.6,1,13222,1,13222,8740,14452,17127,8526,8181,13252,3944,2657,2935,7275,11510,10935,11763,5117,8290,12854,8263,5964,4656,2354,9143,14307,12601,2246,150,11149,1,28:55
2024-25,1631165,Keon Ellis,Keon,1610612758,SAC,Sacramento Kings,0022400276,2024-11-24T00:00:00,SAC vs. BKN,L,22.9,4.7,7.9,0.6,4.7,6.3,0.75,0.0,1.6,0.0,1.6,0.0,1.6,1.6,1.6,1.6,0.0,1.6,1.6,0.0,14.1,-9.4,21.5,0,0,25.2,1,13222,1,13222,13790,15200,20460,5394,2706,10004,1542,13505,13420,13505,10035,22137,22478,17733,12455,8099,8263,4521,16955,17725,13789,17637,20388,2246,150,17558,1,22:54
2024-25,1630596,Evan Mobley,Evan,1610612739,CLE,Cleveland Cavaliers,0022400275,2024-11-24T00:00:00,CLE vs. TOR,W,32.81166666666667,6.6,12.1,0.545,0.0,2.2,0.0,2.2,2.2,1.0,3.3,8.8,12.1,4.4,2.2,1.1,1.1,0.0,3.3,1.1,15.4,13.2,40.8,1,0,36.2,1,1,13086,1,5324,9979,13472,7695,15070,19179,15070,9974,12109,1,4767,3750,3433,8921,9532,11042,6806,8846,9489,16921,12557,6317,7268,1,150,9222,1,32:49
2024-25,1631097,Bennedict Mathurin,Bennedict,1610612754,IND,Indiana Pacers,0022400272,2024-11-24T00:00:00,IND vs. WAS,W,39.255,3.7,11.0,0.333,0.9,5.5,0.167,6.4,7.3,0.875,0.9,4.6,5.5,3.7,1.8,0.0,0.0,0.9,2.8,4.6,14.7,18.3,24.9,0,0,24.8,1,1,13086,1,794,17923,15345,17395,14914,11941,14236,2480,3060,6931,13836,12029,13532,10880,11395,12854,8263,8573,11838,4978,13223,4451,18333,2246,150,17848,1,39:15
2024-25,202691,Klay Thompson,Klay,1610612742,DAL,Dallas Mavericks,0022400273,2024-11-24T00:00:00,DAL @ MIA,L,30.848333333333333,5.8,14.0,0.417,3.5,5.8,0.6,2.3,3.5,0.667,3.5,3.5,7.0,1.2,0.0,1.2,2.3,1.2,2.3,2.3,17.5,14.0,38.2,0,0,36.2,1,13222,1,13222,7009,12007,10171,14532,5146,11121,2992,9513,8880,9425,4375,15238,10143,19130,16469,10452,2678,6502,13508,11613,10320,6008,8916,2246,150,9238,1,30:51
2024-25,1628389,Bam Adebayo,Bam,1610612748,MIA,Miami Heat,0022400273,2024-11-24T00:00:00,MIA vs. DAL,W,37.54666666666667,7.7,19.2,0.4,2.9,5.8,0.5,0.0,0.0,0.0,2.9,7.7,10.5,4.8,1.9,0.0,0.0,2.9,1.9,2.9,18.2,3.8,36.1,1,0,36.4,1,1,13086,1,1660,7328,3611,14933,6956,11323,3944,13505,14344,13505,5651,5210,4865,7935,10955,12854,8263,1495,15580,9668,9609,10732,10271,1,150,9079,1,37:33
2024-25,1629661,Cameron Johnson,Cameron,1610612751,BKN,Brooklyn Nets,0022400276,2024-11-24T00:00:00,BKN @ SAC,W,33.556666666666665,5.4,11.8,0.455,3.2,6.4,0.5,3.2,4.3,0.75,0.0,6.4,6.4,4.3,1.1,1.1,0.0,1.1,1.1,4.3,17.2,6.4,33.5,0,0,33.3,1,1,13086,1,4681,13359,13941,12676,5908,9676,3944,7285,7229,8186,14058,7433,11305,9155,15320,11252,8263,7286,19257,5615,10667,9402,12205,2246,150,11447,1,33:33
2024-25,1627741,Buddy Hield,Buddy,1610612744,GSW,Golden State Warriors,0022400269,2024-11-23T00:00:00,GSW @ SAS,L,23.845,6.0,13.6,0.444,4.5,10.6,0.429,0.0,0.0,0.0,1.5,0.0,1.5,6.0,3.0,0.0,0.0,1.5,3.0,1.5,16.6,-3.0,24.5,0,0,28.7,1,13222,1,13222,13043,11407,10846,13045,3019,2910,7394,13505,14344,13505,10274,22137,22561,5418,6397,12854,8263,4739,10623,14965,11273,14580,18647,2246,150,14938,1,23:51
2024-25,1642377,Jaylen Wells,Jaylen,1610612763,MEM,Memphis Grizzlies,0022400266,2024-11-23T00:00:00,MEM @ CHI,W,31.616666666666667,11.4,15.9,0.714,6.8,11.4,0.6,0.0,0.0,0.0,1.1,3.4,4.6,6.8,0.0,0.0,0.0,0.0,3.4,0.0,29.6,11.4,45.3,0,0,47.8,1,1,13086,1,6321,1952,7204,2752,827,2187,2992,13505,14344,13505,12197,15474,15910,4247,16469,12854,8263,8846,9019,17725,2233,7060,5030,2246,150,3212,1,31:37
2024-25,203937,Kyle Anderson,Kyle,1610612744,GSW,Golden State Warriors,0022400269,2024-11-23T00:00:00,GSW @ SAS,L,12.885,8.4,14.0,0.6,0.0,2.8,0.0,0.0,2.8,0.0,0.0,14.0,14.0,2.8,2.8,0.0,0.0,0.0,5.6,2.8,16.8,-22.4,34.9,0,0,33.5,1,13222,1,13222,20802,5837,10212,5394,15070,18070,15070,13505,10497,13505,14058,765,2249,13606,7241,12854,8263,8846,3571,9983,11110,22181,11106,2246,150,11221,1,12:53
2024-25,1641710,Anthony Black,Anthony,1610612753,ORL,Orlando Magic,0022400265,2024-11-23T00:00:00,ORL vs. DET,W,31.95,3.4,9.0,0.375,1.1,3.4,0.333,4.5,4.5,1.0,0.0,1.1,1.1,5.6,4.5,2.3,0.0,3.4,2.3,6.8,12.4,18.0,24.5,0,0,24.8,1,1,13086,1,6020,18586,18693,16299,13789,16906,9209,4828,6829,1,14058,21692,23042,6181,2990,5206,8263,1010,13860,1850,15723,4549,18652,2246,150,17833,1,31:57
2024-25,1631128,Christian Braun,Christian,1610612743,DEN,Denver Nuggets,0022400270,2024-11-23T00:00:00,DEN @ LAL,W,31.43166666666667,8.0,8.0,1.0,2.3,2.3,1.0,0.0,0.0,0.0,0.0,2.3,2.3,3.4,2.3,1.1,0.0,0.0,2.3,0.0,18.3,14.9,27.4,0,0,28.6,1,1,13086,1,6480,6603,20236,1,8887,19005,1,13505,14344,13505,14058,18790,21221,11587,9117,10635,8263,8846,13690,17725,9492,5674,16681,2246,150,14974,1,31:26
2024-25,1627832,Fred VanVleet,Fred,1610612745,HOU,Houston Rockets,0022400267,2024-11-23T00:00:00,HOU vs. POR,L,28.395,5.1,16.5,0.308,0.0,7.6,0.0,0.0,0.0,0.0,0.0,6.3,6.3,6.3,3.8,1.3,0.0,0.0,6.3,0.0,10.1,-5.1,27.3,0,0,25.4,1,13222,1,13222,9221,14172,6450,19226,15070,7159,15070,13505,14344,13505,14058,7620,11523,4961,4307,9670,8263,8846,2555,17725,18011,15635,16775,2246,150,17386,1,28:24
2024-25,1630572,Sandro Mamukelashvili,Sandro,1610612759,SAS,San Antonio Spurs,0022400269,2024-11-23T00:00:00,SAS vs. GSW,W,16.516666666666666,4.4,13.1,0.333,2.2,10.9,0.2,0.0,0.0,0.0,2.2,15.3,17.4,2.2,0.0,2.2,0.0,0.0,2.2,0.0,10.9,30.5,41.6,0,0,37.1,1,1,13086,1,18595,16172,11719,17395,9311,2589,13429,13505,14344,13505,7653,526,1028,15693,16469,5478,8263,8846,14188,17725,17267,1898,6813,2246,150,8691,1,16:31
2024-25,1629012,Collin Sexton,Collin,1610612762,UTA,Utah Jazz,0022400264,2024-11-23T00:00:00,UTA vs. NYK,W,38.2,8.5,13.2,0.643,5.7,7.5,0.75,0.9,0.9,1.0,0.0,0.9,0.9,4.7,1.9,0.9,0.0,0.0,1.9,4.7,23.6,30.2,32.7,0,0,36.8,1,1,13086,1,1272,5646,11491,4607,1607,7302,1542,13390,14288,1,14058,22062,23248,8158,11128,12422,8263,8846,15767,4696,5086,1947,12800,2246,150,8874,1,38:12
2024-25,1629234,Drew Eubanks,Drew,1610612762,UTA,Utah Jazz,0022400264,2024-11-23T00:00:00,UTA vs. NYK,W,12.783333333333333,2.8,16.9,0.167,0.0,0.0,0.0,0.0,5.6,0.0,5.6,11.3,16.9,2.8,2.8,0.0,0.0,8.4,2.8,5.6,5.6,-53.5,27.3,0,0,25.3,1,1,13086,1,20849,19841,5916,21938,15070,20945,15070,13505,4995,13505,1856,1769,1146,13532,7161,12854,8263,93,11568,3148,21643,25526,16728,2246,150,17393,1,12:47
2024-25,203952,Andrew Wiggins,Andrew,1610612744,GSW,Golden State Warriors,0022400269,2024-11-23T00:00:00,GSW @ SAS,L,33.13333333333333,6.5,17.4,0.375,4.3,10.9,0.4,4.3,5.4,0.8,2.2,3.3,5.4,3.3,0.0,1.1,0.0,0.0,1.1,3.3,21.7,1.1,36.4,0,0,36.9,1,13222,1,13222,5043,10136,5362,16299,3319,2619,7874,5077,5272,7681,7681,15909,13724,12117,16469,11131,8263,8846,19175,8380,6440,12086,10082,2246,150,8766,1,33:08
2024-25,1626157,Karl-Anthony Towns,Karl-Anthony,1610612752,NYK,New York Knicks,0022400264,2024-11-23T00:00:00,NYK @ UTA,L,38.75,5.6,17.7,0.316,0.9,8.4,0.111,2.8,2.8,1.0,7.4,7.4,14.9,4.6,1.9,0.0,0.9,1.9,1.9,3.7,14.9,-31.6,40.6,1,0,37.2,1,13222,1,13222,985,12773,5068,19148,14874,5805,15003,8368,10514,1,982,5618,1837,8315,11284,12854,7957,3710,15903,7093,13050,23978,7399,1,150,8607,1,38:45
2024-25,1630559,Austin Reaves,Austin,1610612747,LAL,Los Angeles Lakers,0022400270,2024-11-23T00:00:00,LAL vs. DEN,L,31.85,7.9,14.7,0.538,3.4,7.9,0.429,2.3,2.3,1.0,1.1,2.3,3.4,6.8,3.4,1.1,0.0,0.0,1.1,3.4,21.5,-24.9,35.7,0,0,37.3,1,13222,1,13222,6101,6826,9065,7978,5403,6605,7394,9751,11899,1,12257,18886,18797,4313,5249,10767,8263,8846,18922,7974,6667,22781,10568,2246,150,8505,1,31:51
2024-25,1627750,Jamal Murray,Jamal,1610612743,DEN,Denver Nuggets,0022400270,2024-11-23T00:00:00,DEN @ LAL,W,29.7,6.1,14.5,0.417,2.4,4.8,0.5,2.4,7.3,0.333,0.0,6.1,6.1,6.1,2.4,1.2,0.0,1.2,2.4,7.3,17.0,24.2,34.5,0,0,33.9,1,1,13086,1,8039,11338,9281,14532,8394,13568,3944,9265,3116,13132,14058,8198,12137,5379,8556,10072,8263,6176,13099,1462,10876,2975,11414,2246,150,10900,1,29:42
2024-25,1629048,Goga Bitadze,Goga,1610612753,ORL,Orlando Magic,0022400265,2024-11-23T00:00:00,ORL vs. DET,W,17.65,8.2,10.2,0.8,0.0,2.0,0.0,0.0,0.0,0.0,0.0,2.0,2.0,2.0,4.1,2.0,6.1,0.0,6.1,0.0,16.3,14.3,42.2,0,0,36.7,1,1,13086,1,17819,6289,16734,1688,15070,19477,15070,13505,14344,13505,14058,19529,21720,16221,3715,6057,290,8846,2799,17725,11580,5897,6515,2246,150,8906,1,17:39
2024-25,1642278,Tyler Kolek,Tyler,1610612752,NYK,New York Knicks,0022400264,2024-11-23T00:00:00,NYK @ UTA,L,10.95,3.3,13.2,0.25,3.3,9.9,0.333,0.0,0.0,0.0,0.0,6.6,6.6,3.3,0.0,3.3,3.3,0.0,3.3,0.0,9.9,0.0,42.4,0,0,36.2,1,13222,1,13222,21728,18783,11579,20233,5707,3644,9209,13505,14344,13505,14058,7153,11008,12026,16469,2584,1405,8846,9494,17725,18293,12240,6420,2246,150,9250,1,10:57
2024-25,1627752,Taurean Prince,Taurean,1610612749,MIL,Milwaukee Bucks,0022400268,2024-11-23T00:00:00,MIL vs. CHA,W,21.578333333333333,3.3,8.3,0.4,3.3,5.0,0.667,3.3,3.3,1.0,1.7,6.7,8.3,0.0,5.0,0.0,0.0,1.7,6.7,1.7,13.3,-26.7,18.4,0,0,25.0,1,1,13086,1,14871,18668,19731,14933,5556,13202,1957,7036,9225,1,9687,6955,7704,19908,2334,12854,8263,4228,2247,14374,14691,23178,21945,2246,150,17660,1,21:35
2024-25,1631103,Malaki Branham,Malaki,1610612759,SAS,San Antonio Spurs,0022400269,2024-11-23T00:00:00,SAS vs. GSW,W,12.848333333333333,5.6,14.0,0.4,0.0,5.6,0.0,5.6,5.6,1.0,2.8,2.8,5.6,2.8,2.8,0.0,0.0,2.8,5.6,2.8,16.8,8.4,24.9,0,0,25.2,1,1,13086,1,20821,12694,10162,14933,15070,11713,15070,3313,5043,1,5859,17392,13283,13581,7207,12854,8263,1602,3541,9954,11048,8436,18336,2246,150,17500,1,12:51
2024-25,1627780,Gary Payton II,Gary,1610612744,GSW,Golden State Warriors,0022400269,2024-11-23T00:00:00,GSW @ SAS,L,12.913333333333334,5.6,11.2,0.5,2.8,5.6,0.5,0.0,0.0,0.0,0.0,2.8,2.8,2.8,2.8,0.0,2.8,2.8,5.6,5.6,13.9,19.5,27.0,0,0,27.9,1,13222,1,13222,20792,12770,15097,8526,7254,11780,3944,13505,14344,13505,14058,17438,20282,13624,7263,12854,1971,1610,3586,3223,14003,4101,16906,2246,150,15525,1,12:55
2024-25,1628415,Dillon Brooks,Dillon,1610612745,HOU,Houston Rockets,0022400267,2024-11-23T00:00:00,HOU vs. POR,L,31.428333333333335,5.7,12.6,0.455,1.1,3.4,0.333,2.3,2.3,1.0,1.1,4.6,5.7,1.1,0.0,1.1,0.0,2.3,3.4,2.3,14.9,0.0,26.9,0,0,25.2,1,13222,1,13222,6481,12337,12576,12676,13676,16798,9209,9664,11816,1,12155,12038,12942,19208,16469,10633,8263,2450,8949,11791,13028,12240,17013,2246,150,17515,1,31:26
2024-25,1627736,Malik Beasley,Malik,1610612765,DET,Detroit Pistons,0022400265,2024-11-23T00:00:00,DET @ ORL,L,31.495,8.0,13.7,0.583,4.6,10.3,0.444,0.0,0.0,0.0,1.1,0.0,1.1,4.6,1.1,1.1,0.0,1.1,1.1,2.3,20.6,1.1,31.1,0,0,33.1,1,13222,1,13222,6419,6631,10628,6296,2934,3167,7211,13505,14344,13505,12175,22137,23020,8473,14844,10653,8263,6696,18850,11808,7421,12050,13992,2246,150,11532,1,31:30
2024-25,1628384,OG Anunoby,OG,1610612752,NYK,New York Knicks,0022400264,2024-11-23T00:00:00,NYK @ UTA,L,36.03,10.0,19.0,0.526,7.0,12.0,0.583,0.0,0.0,0.0,1.0,2.0,3.0,0.0,0.0,3.0,2.0,1.0,5.0,0.0,27.0,-7.0,45.6,0,0,47.0,1,13222,1,13222,2669,3233,3772,8379,765,1789,3489,13505,14344,13505,13256,19673,19750,19908,16469,3160,3502,7929,4615,17725,3221,16501,4912,2246,150,3486,1,36:02
2024-25,1641748,Andre Jackson Jr.,Andre,1610612749,MIL,Milwaukee Bucks,0022400268,2024-11-23T00:00:00,MIL vs. CHA,W,20.588333333333335,3.5,7.0,0.5,1.7,1.7,1.0,0.0,0.0,0.0,5.2,5.2,10.5,7.0,0.0,0.0,0.0,0.0,0.0,1.7,8.7,-8.7,31.8,0,0,28.0,1,1,13086,1,15575,18335,21570,8526,11259,19987,1,13505,14344,13505,2148,10172,4915,4008,16469,12854,8263,8846,20257,14121,19313,17302,13458,2246,150,15434,1,20:35
2024-25,1630537,Chris Duarte,Chris,1610612741,CHI,Chicago Bulls,0022400266,2024-11-23T00:00:00,CHI vs. MEM,L,4.6,7.8,7.8,1.0,7.8,7.8,1.0,0.0,0.0,0.0,7.8,7.8,15.7,0.0,0.0,0.0,0.0,0.0,0.0,0.0,23.5,70.4,42.3,0,0,47.0,1,13222,1,13222,24177,7011,20500,1,505,6755,1,13505,14344,13505,837,4970,1536,19908,16469,12854,8263,8846,20257,17725,5146,239,6495,2246,150,3488,1,4:36
2024-25,1630625,Dalano Banton,Dalano,1610612757,POR,Portland Trail Blazers,0022400267,2024-11-23T00:00:00,POR @ HOU,W,21.493333333333332,3.3,15.1,0.222,3.3,8.4,0.4,1.7,3.3,0.5,0.0,10.0,10.0,8.4,1.7,0.0,1.7,3.3,6.7,3.3,11.7,10.0,39.7,0,0,36.8,1,1,13086,1,14945,18639,8476,21205,5512,5790,7874,11460,9195,10625,14058,2537,5373,2536,12018,12854,4345,1029,2219,8094,16422,7677,7963,2246,150,8814,1,21:30
2024-25,1631093,Jaden Ivey,Jaden,1610612765,DET,Detroit Pistons,0022400265,2024-11-23T00:00:00,DET @ ORL,L,27.75,7.8,20.8,0.375,2.6,5.2,0.5,6.5,7.8,0.833,3.9,5.2,9.1,2.6,2.6,2.6,1.3,1.3,2.6,5.2,24.6,-20.8,48.5,0,0,46.7,1,13222,1,13222,9757,7097,2479,16299,7849,12732,3944,2414,2678,7275,3736,10312,6616,14230,7900,4151,5658,5665,12444,3786,4392,21768,3802,2246,150,3590,1,27:45
2024-25,203484,Kentavious Caldwell-Pope,Kentavious,1610612753,ORL,Orlando Magic,0022400265,2024-11-23T00:00:00,ORL vs. DET,W,24.4,4.4,8.9,0.5,1.5,5.9,0.25,1.5,1.5,1.0,0.0,0.0,0.0,3.0,1.5,1.5,3.0,0.0,1.5,0.0,11.8,23.6,28.0,0,0,25.1,1,1,13086,1,12564,15991,18928,8526,12140,10930,11902,11839,13506,1,14058,22137,23286,13089,12874,8513,1753,8846,17323,17725,16338,3123,16208,2246,150,17621,1,24:24
2024-25,1641706,Brandon Miller,Brandon,1610612766,CHA,Charlotte Hornets,0022400268,2024-11-23T00:00:00,CHA @ MIL,L,42.788333333333334,9.3,19.4,0.478,5.0,10.9,0.462,3.4,3.4,1.0,1.7,7.6,9.3,2.5,3.4,0.0,0.8,0.8,1.7,4.2,26.9,-4.2,41.0,1,0,45.4,1,13222,1,13222,171,4281,3460,11986,2214,2553,7119,6975,9173,1,9636,5371,6383,14458,5322,12854,8204,8784,16592,5823,3242,15185,7186,1,150,4054,1,42:47
2024-25,203914,Gary Harris,Gary,1610612753,ORL,Orlando Magic,0022400265,2024-11-23T00:00:00,ORL vs. DET,W,18.0,4.0,6.0,0.667,2.0,4.0,0.5,4.0,6.0,0.667,2.0,2.0,4.0,0.0,0.0,6.0,0.0,0.0,4.0,4.0,14.0,6.0,36.8,0,0,32.0,1,1,13086,1,17558,17087,22595,3281,10162,15583,3944,5689,4464,9425,8387,19665,17311,19908,16469,465,8263,8846,7143,6303,13936,9610,9840,2246,150,12387,1,18:00
2024-25,201599,DeAndre Jordan,DeAndre,1610612743,DEN,Denver Nuggets,0022400270,2024-11-23T00:00:00,DEN @ LAL,W,4.721666666666667,7.6,7.6,1.0,0.0,0.0,0.0,0.0,0.0,0.0,0.0,0.0,0.0,7.6,0.0,7.6,0.0,0.0,0.0,0.0,15.2,0.0,49.6,0,0,38.1,1,1,13086,1,24136,7452,20751,1,15070,20945,15070,13505,14344,13505,14058,22137,23286,3255,16469,235,8263,8846,20257,17725,12657,12240,3395,2246,150,7945,1,4:43
2024-25,203552,Seth Curry,Seth,1610612766,CHA,Charlotte Hornets,0022400268,2024-11-23T00:00:00,CHA @ MIL,L,4.4,8.2,16.4,0.5,0.0,0.0,0.0,0.0,0.0,0.0,0.0,0.0,0.0,0.0,0.0,0.0,0.0,0.0,0.0,0.0,16.4,-32.7,16.4,0,0,16.4,1,13222,1,13222,24286,6242,6592,8526,15070,20945,15070,13505,14344,13505,14058,22137,23286,19908,16469,12854,8263,8846,20257,17725,11540,24128,22721,2246,150,22561,1,4:24
2024-25,1630583,Santi Aldama,Santi,1610612763,MEM,Memphis Grizzlies,0022400266,2024-11-23T00:00:00,MEM @ CHI,W,23.605,6.1,15.3,0.4,1.5,6.1,0.25,1.5,3.1,0.5,4.6,10.7,15.3,7.6,4.6,3.1,0.0,1.5,3.1,1.5,15.3,18.3,49.6,1,0,45.8,1,1,13086,1,13226,11226,8178,14933,11945,10441,11902,11743,9847,10625,2839,2105,1668,3253,2889,3053,8263,4677,10493,14898,12654,4464,3392,1,150,3911,1,23:36
2024-25,1629008,Michael Porter Jr.,Michael,1610612743,DEN,Denver Nuggets,0022400270,2024-11-23T00:00:00,DEN @ LAL,W,36.23166666666667,9.9,14.9,0.667,4.0,7.0,0.571,0.0,1.0,0.0,1.0,9.9,10.9,4.0,2.0,1.0,0.0,0.0,2.0,1.0,23.8,29.8,43.9,1,0,44.7,1,1,13086,1,2516,3285,8744,3281,4039,8559,3506,13505,14226,13505,13315,2631,4477,10002,10580,12012,8263,8846,15224,17421,4911,1991,5707,1,150,4387,1,36:14
2024-25,1641724,Jett Howard,Jett,1610612753,ORL,Orlando Magic,0022400265,2024-11-23T00:00:00,ORL vs. DET,W,15.0,9.6,19.2,0.5,4.8,12.0,0.4,0.0,0.0,0.0,7.2,2.4,9.6,0.0,0.0,0.0,0.0,0.0,2.4,0.0,24.0,7.2,35.5,0,0,38.4,1,1,13086,1,19560,3722,3590,8526,2556,1779,7874,13505,14344,13505,1062,18483,5919,19908,16469,12854,8263,8846,13205,17725,4793,9043,10713,2246,150,7766,1,15:00
2024-25,1631108,Max Christie,Max,1610612747,LAL,Los Angeles Lakers,0022400270,2024-11-23T00:00:00,LAL vs. DEN,L,16.566666666666666,10.9,17.4,0.625,4.3,6.5,0.667,0.0,0.0,0.0,0.0,0.0,0.0,2.2,2.2,0.0,0.0,0.0,2.2,2.2,26.1,-26.1,27.2,0,0,32.6,1,13222,1,13222,18554,2367,5362,4899,3319,9509,1957,13505,14344,13505,14058,22137,23286,15715,9623,12854,8263,8846,14229,12277,3643,23048,16841,2246,150,11941,1,16:34
2024-25,201939,Stephen Curry,Stephen,1610612744,GSW,Golden State Warriors,0022400269,2024-11-23T00:00:00,GSW @ SAS,L,31.99,5.6,18.0,0.313,3.4,11.3,0.3,1.1,1.1,1.0,2.3,5.6,7.9,5.6,3.4,0.0,0.0,0.0,1.1,1.1,15.8,4.5,30.3,0,0,32.6,1,13222,1,13222,5980,12628,4662,19175,5443,2289,11319,12837,14003,1,7418,9238,8505,6195,5292,12854,8263,8846,18961,16802,12173,10387,14610,2246,150,11916,1,31:59
2024-25,1630200,Tre Jones,Tre,1610612759,SAS,San Antonio Spurs,0022400269,2024-11-23T00:00:00,SAS vs. GSW,W,23.066666666666666,1.6,4.7,0.333,0.0,3.1,0.0,0.0,0.0,0.0,4.7,4.7,9.4,4.7,0.0,0.0,0.0,0.0,1.6,7.8,3.1,9.4,21.4,0,0,17.2,1,1,13086,1,13659,22093,23696,17395,15070,17415,15070,13505,14344,13505,2700,11763,6243,8225,16469,12854,8263,8846,16998,1129,22915,8011,20484,2246,150,22228,1,23:04
2024-25,201572,Brook Lopez,Brook,1610612749,MIL,Milwaukee Bucks,0022400268,2024-11-23T00:00:00,MIL vs. CHA,W,38.0,3.8,8.5,0.444,2.8,6.6,0.429,1.9,1.9,1.0,0.9,6.6,7.6,1.9,0.9,0.9,2.8,0.0,3.8,2.8,12.3,1.9,34.7,0,0,32.2,1,1,13086,1,1387,17596,19451,13045,7075,9253,7394,10971,12993,1,13670,7032,9005,16767,16163,12370,1888,8846,7769,9805,15811,11687,11315,2246,150,12208,1,38:00
2024-25,1630548,Johnny Juzang,Johnny,1610612762,UTA,Utah Jazz,0022400264,2024-11-23T00:00:00,UTA vs. NYK,W,16.616666666666667,8.7,17.3,0.5,8.7,15.2,0.571,0.0,0.0,0.0,0.0,6.5,6.5,4.3,2.2,0.0,0.0,0.0,2.2,2.2,26.0,36.8,38.1,0,0,45.5,1,1,13086,1,18517,5316,5414,8526,338,658,3506,13505,14344,13505,14058,7307,11179,9049,9653,12854,8263,8846,14263,12305,3684,1213,8938,2246,150,4018,1,16:37
2024-25,203076,Anthony Davis,Anthony,1610612747,LAL,Los Angeles Lakers,0022400270,2024-11-23T00:00:00,LAL vs. DEN,L,35.4,6.1,19.3,0.316,0.0,2.0,0.0,2.0,3.1,0.667,3.1,7.1,10.2,3.1,1.0,3.1,2.0,0.0,2.0,3.1,14.2,-26.4,45.3,1,0,37.6,1,13222,1,13222,3147,11218,3482,19148,15070,19487,15070,10514,9844,9425,5227,6142,5260,12759,15731,3050,3386,8846,14948,9068,13686,23119,5064,1,150,8269,1,35:24
2024-25,1630541,Moses Moody,Moses,1610612744,GSW,Golden State Warriors,0022400269,2024-11-23T00:00:00,GSW @ SAS,L,21.816666666666666,3.3,13.2,0.25,0.0,3.3,0.0,3.3,3.3,1.0,1.7,0.0,1.7,1.7,0.0,1.7,0.0,1.7,0.0,1.7,9.9,-21.5,19.3,0,0,16.5,1,13222,1,13222,14648,18755,11477,20233,15070,17071,15070,7107,9305,1,9745,22137,22367,17504,16469,7812,8263,4297,20257,14448,18255,21954,21499,2246,150,22507,1,21:49
2024-25,1641718,Keyonte George,Keyonte,1610612762,UTA,Utah Jazz,0022400264,2024-11-23T00:00:00,UTA vs. NYK,W,26.916666666666668,5.3,14.7,0.364,2.7,6.7,0.4,1.3,2.7,0.5,1.3,4.0,5.3,12.0,6.7,1.3,0.0,1.3,2.7,1.3,14.7,12.0,36.5,0,0,37.4,1,1,13086,1,10399,13410,9035,16861,7611,9128,7874,12206,10800,10625,11029,13685,13918,711,1032,9257,8263,5459,12143,15731,13184,6780,10020,2246,150,8398,1,26:55
2024-25,203081,Damian Lillard,Damian,1610612749,MIL,Milwaukee Bucks,0022400268,2024-11-23T00:00:00,MIL vs. CHA,W,34.7,9.3,21.8,0.429,3.1,9.3,0.333,10.4,11.4,0.909,0.0,4.1,4.1,4.1,1.0,1.0,0.0,1.0,2.1,6.2,32.2,4.1,45.4,0,0,45.6,1,1,13086,1,3691,4147,1909,13735,6187,4325,9209,593,914,6764,14058,13270,16940,9526,15583,11614,8263,7600,14727,2362,1491,10570,4976,2246,150,3959,1,34:42
2024-25,1628969,Mikal Bridges,Mikal,1610612752,NYK,New York Knicks,0022400264,2024-11-23T00:00:00,NYK @ UTA,L,32.6,3.3,16.6,0.2,1.1,7.7,0.143,0.0,0.0,0.0,0.0,3.3,3.3,0.0,2.2,1.1,1.1,1.1,0.0,3.3,7.7,-1.1,16.1,0,0,16.6,1,13222,1,13222,5479,18721,6352,21401,13921,6937,14649,13505,14344,13505,14058,15752,18961,19908,9477,10980,6764,7005,20257,8213,20147,13618,22798,2246,150,22479,1,32:36
2024-25,1629634,Brandon Clarke,Brandon,1610612763,MEM,Memphis Grizzlies,0022400266,2024-11-23T00:00:00,MEM @ CHI,W,24.195,8.9,8.9,1.0,0.0,0.0,0.0,0.0,1.5,0.0,3.0,8.9,11.9,3.0,0.0,0.0,0.0,0.0,3.0,3.0,17.9,13.4,36.6,0,0,32.7,1,1,13086,1,12737,4838,18827,1,15070,20945,15070,13505,13500,13505,5403,3585,3581,13011,16469,12854,8263,8846,10830,9344,9966,6230,9960,2246,150,11847,1,24:12
2024-25,1631111,Wendell Moore Jr.,Wendell,1610612765,DET,Detroit Pistons,0022400265,2024-11-23T00:00:00,DET @ ORL,L,14.516666666666667,5.0,5.0,1.0,2.5,2.5,1.0,5.0,5.0,1.0,2.5,2.5,5.0,2.5,5.0,2.5,0.0,0.0,9.9,2.5,17.4,-9.9,29.5,0,0,32.2,1,13222,1,13222,19870,14513,23495,1,8218,18666,1,4106,6016,1,6676,18246,14905,14616,2392,4437,8263,8846,719,11064,10463,17859,15140,2246,150,12176,1,14:31
2024-25,201959,Taj Gibson,Taj,1610612766,CHA,Charlotte Hornets,0022400268,2024-11-23T00:00:00,CHA @ MIL,L,4.4,16.4,24.5,0.667,0.0,0.0,0.0,0.0,0.0,0.0,0.0,0.0,0.0,0.0,0.0,0.0,0.0,0.0,8.2,0.0,32.7,-32.7,32.7,0,0,32.7,1,13222,1,13222,24286,329,921,3281,15070,20945,15070,13505,14344,13505,14058,22137,23286,19908,16469,12854,8263,8846,1281,17725,1376,24128,12780,2246,150,11849,1,4:24
2024-25,1629684,Grant Williams,Grant,1610612766,CHA,Charlotte Hornets,0022400268,2024-11-23T00:00:00,CHA @ MIL,L,31.7,2.3,6.8,0.333,2.3,3.4,0.667,2.3,2.3,1.0,0.0,7.9,7.9,2.3,1.1,1.1,1.1,0.0,3.4,3.4,9.1,2.3,27.7,0,0,26.1,1,13222,1,13222,6233,20906,21771,17395,8971,16854,1957,9722,11872,1,14058,4782,8368,15342,14905,10716,6571,8846,9054,7931,18991,11478,16421,2246,150,16855,1,31:42
2024-25,1641708,Amen Thompson,Amen,1610612745,HOU,Houston Rockets,0022400267,2024-11-23T00:00:00,HOU vs. POR,L,34.916666666666664,7.2,11.3,0.636,1.0,1.0,1.0,4.1,4.1,1.0,4.1,3.1,7.2,2.1,2.1,1.0,0.0,1.0,2.1,2.1,19.6,-3.1,32.4,0,0,32.0,1,13222,1,13222,3527,8408,14760,4689,14357,20826,1,5484,7581,1,3401,16425,9710,16151,10201,11667,8263,7654,14803,12795,8275,14619,13031,2246,150,12417,1,34:55
2024-25,1631260,AJ Green,AJ,1610612749,MIL,Milwaukee Bucks,0022400268,2024-11-23T00:00:00,MIL vs. CHA,W,24.561666666666667,4.4,5.9,0.75,4.4,5.9,0.75,0.0,0.0,0.0,1.5,7.3,8.8,0.0,2.9,0.0,0.0,0.0,8.8,1.5,13.2,29.3,20.8,0,0,26.4,1,1,13086,1,12421,16068,22748,2107,3240,11045,1542,13505,14344,13505,10457,5785,7039,19908,6713,12854,8263,8846,1029,15151,14883,2064,20783,2246,150,16637,1,24:34
2024-25,1628381,John Collins,John,1610612762,UTA,Utah Jazz,0022400264,2024-11-23T00:00:00,UTA vs. NYK,W,32.88333333333333,7.7,12.0,0.636,2.2,3.3,0.667,4.4,4.4,1.0,2.2,12.0,14.2,1.1,4.4,2.2,1.1,1.1,4.4,3.3,21.9,3.3,46.1,1,0,46.0,1,1,13086,1,5255,7344,13523,4689,9270,17102,1957,5025,7065,1,7614,1332,2132,19359,3176,5441,6824,7087,6072,8295,6291,10982,4710,1,150,3821,1,32:53
2024-25,203903,Jordan Clarkson,Jordan,1610612762,UTA,Utah Jazz,0022400264,2024-11-23T00:00:00,UTA vs. NYK,W,24.7,2.9,13.1,0.222,0.0,0.0,0.0,0.0,0.0,0.0,2.9,2.9,5.8,8.7,5.8,0.0,0.0,4.4,2.9,0.0,5.8,-11.7,20.1,0,0,20.4,1,1,13086,1,12272,19617,11645,21205,15070,20945,15070,13505,14344,13505,5548,17027,12703,2224,1527,12854,8263,520,11116,17725,21502,18605,21105,2246,150,20625,1,24:42
2024-25,1631104,Blake Wesley,Blake,1610612759,SAS,San Antonio Spurs,0022400269,2024-11-23T00:00:00,SAS vs. GSW,W,13.616666666666667,7.9,13.2,0.6,2.6,5.3,0.5,0.0,0.0,0.0,2.6,2.6,5.3,2.6,2.6,2.6,0.0,0.0,2.6,2.6,18.5,21.2,34.1,0,0,34.4,1,1,13086,1,20410,6787,11450,5394,7699,12498,3944,13505,14344,13505,6234,17837,14076,14071,7721,4033,8263,8846,12264,10495,9316,3661,11725,2246,150,10552,1,13:37
2024-25,1641764,Brandin Podziemski,Brandin,1610612744,GSW,Golden State Warriors,0022400269,2024-11-23T00:00:00,GSW @ SAS,L,15.566666666666666,0.0,6.9,0.0,0.0,2.3,0.0,0.0,0.0,0.0,0.0,6.9,6.9,4.6,2.3,0.0,0.0,2.3,0.0,4.6,0.0,-32.4,13.0,0,0,11.6,1,13222,1,13222,19210,22635,21631,22635,15070,18959,15070,13505,14344,13505,14058,6470,10261,8362,9016,12854,8263,2398,20257,4884,23200,24083,23781,2246,150,24095,1,15:34
2024-25,1629014,Anfernee Simons,Anfernee,1610612757,POR,Portland Trail Blazers,0022400267,2024-11-23T00:00:00,POR @ HOU,W,37.37833333333333,9.6,19.3,0.5,3.9,10.6,0.364,1.0,1.0,1.0,0.0,3.9,3.9,2.9,3.9,0.0,0.0,1.0,3.9,1.9,24.1,7.7,29.2,0,0,34.7,1,1,13086,1,1754,3683,3536,8526,4312,2878,9100,13340,14267,1,14058,14178,17703,13314,4184,12854,8263,8237,7599,13423,4749,8766,15374,2246,150,10319,1,37:23
2024-25,1641739,Toumani Camara,Toumani,1610612757,POR,Portland Trail Blazers,0022400267,2024-11-23T00:00:00,POR @ HOU,W,28.295,2.5,12.7,0.2,1.3,6.4,0.2,0.0,2.5,0.0,1.3,5.1,6.4,1.3,2.5,1.3,1.3,1.3,5.1,3.8,6.4,-5.1,21.0,0,0,20.4,1,1,13086,1,9309,20386,12346,21401,12973,9847,13429,13505,11096,13505,11345,10605,11485,18751,8063,9634,5784,5797,4404,6801,21147,15642,20692,2246,150,20654,1,28:18
2024-25,1631323,Simone Fontecchio,Simone,1610612765,DET,Detroit Pistons,0022400265,2024-11-23T00:00:00,DET @ ORL,L,16.0,2.3,6.8,0.333,2.3,4.5,0.5,2.3,4.5,0.5,0.0,4.5,4.5,0.0,0.0,0.0,2.3,0.0,4.5,4.5,9.0,-45.0,21.2,0,0,20.3,1,13222,1,13222,18929,20947,21831,17395,9044,14425,3944,9780,6840,10625,14058,12261,16050,19908,16469,12854,2839,8846,5775,5140,19078,25184,20620,2246,150,20725,1,16:00
2024-25,1631216,Caleb Houstan,Caleb,1610612753,ORL,Orlando Magic,0022400265,2024-11-23T00:00:00,ORL vs. DET,W,5.6,0.0,12.9,0.0,0.0,12.9,0.0,0.0,0.0,0.0,0.0,0.0,0.0,0.0,0.0,0.0,0.0,0.0,0.0,0.0,0.0,-51.4,0.0,0,0,0.0,1,1,13086,1,23743,22635,12107,22635,15070,1364,15070,13505,14344,13505,14058,22137,23286,19908,16469,12854,8263,8846,20257,17725,23200,25442,25228,2246,150,25259,1,5:36
2024-25,1631132,Christian Koloko,Christian,1610612747,LAL,Los Angeles Lakers,0022400270,2024-11-23T00:00:00,LAL vs. DEN,L,10.333333333333334,0.0,0.0,0.0,0.0,0.0,0.0,0.0,0.0,0.0,0.0,10.5,10.5,0.0,0.0,3.5,3.5,0.0,3.5,0.0,0.0,27.9,33.4,0,0,24.4,1,13222,1,13222,21992,22635,24836,22635,15070,20945,15070,13505,14344,13505,14058,2265,4963,19908,16469,2258,1236,8846,8791,17725,23200,2290,12225,2246,150,18087,1,10:20
2024-25,1631124,Julian Strawther,Julian,1610612743,DEN,Denver Nuggets,0022400270,2024-11-23T00:00:00,DEN @ LAL,W,19.333333333333332,3.7,5.6,0.667,3.7,3.7,1.0,0.0,0.0,0.0,0.0,3.7,3.7,1.9,0.0,0.0,0.0,0.0,5.6,0.0,11.2,-22.3,18.4,0,0,20.5,1,1,13086,1,16552,17764,23006,3281,4637,16152,1,13505,14344,13505,14058,14551,18004,16885,16469,12854,8263,8846,3572,17725,17019,22177,21919,2246,150,20588,1,19:20
2024-25,1629659,Talen Horton-Tucker,Talen,1610612741,CHI,Chicago Bulls,0022400266,2024-11-23T00:00:00,CHI vs. MEM,L,17.816666666666666,8.1,14.1,0.571,2.0,6.1,0.333,2.0,4.0,0.5,0.0,4.0,4.0,10.1,2.0,0.0,2.0,0.0,0.0,2.0,20.2,6.1,44.3,0,0,40.4,1,13222,1,13222,17699,6461,9933,6538,10063,10536,9209,10569,7754,10625,14058,13590,17210,1385,10419,12854,3414,8846,20257,12981,7733,9587,5539,2246,150,6538,1,17:49
2024-25,1630192,Zeke Nnaji,Zeke,1610612743,DEN,Denver Nuggets,0022400270,2024-11-23T00:00:00,DEN @ LAL,W,2.7333333333333334,0.0,13.2,0.0,0.0,13.2,0.0,0.0,0.0,0.0,0.0,0.0,0.0,0.0,0.0,0.0,0.0,0.0,0.0,0.0,0.0,-26.3,0.0,0,0,0.0,1,1,13086,1,25094,22635,11539,22635,15070,1215,15070,13505,14344,13505,14058,22137,23286,19908,16469,12854,8263,8846,20257,17725,23200,23093,25228,2246,150,25259,1,2:44
2024-25,1631306,Cole Swider,Cole,1610612765,DET,Detroit Pistons,0022400265,2024-11-23T00:00:00,DET @ ORL,L,3.716666666666667,0.0,9.7,0.0,0.0,9.7,0.0,0.0,0.0,0.0,0.0,9.7,9.7,0.0,0.0,0.0,0.0,0.0,9.7,0.0,0.0,58.1,11.6,0,0,9.7,1,13222,1,13222,24612,22635,17601,22635,15070,3869,15070,13505,14344,13505,14058,2833,5818,19908,16469,12854,8263,8846,766,17725,23200,393,24104,2246,150,24487,1,3:43
2024-25,1642261,Dalton Knecht,Dalton,1610612747,LAL,Los Angeles Lakers,0022400270,2024-11-23T00:00:00,LAL vs. DEN,L,28.05,3.9,9.0,0.429,1.3,5.1,0.25,2.6,2.6,1.0,1.3,5.1,6.4,1.3,0.0,0.0,0.0,1.3,1.3,2.6,11.6,-21.8,21.2,0,0,20.5,1,13222,1,13222,9509,17453,18751,13735,12918,12865,11902,8886,11056,1,11273,10471,11347,18713,16469,12854,8263,5735,18104,10741,16613,22029,20605,2246,150,20557,1,28:03
2024-25,1630245,Ayo Dosunmu,Ayo,1610612741,CHI,Chicago Bulls,0022400266,2024-11-23T00:00:00,CHI vs. MEM,L,29.333333333333332,3.7,8.6,0.429,2.5,4.9,0.5,0.0,2.5,0.0,0.0,1.2,1.2,6.1,1.2,0.0,0.0,0.0,2.5,2.5,9.8,-30.7,19.3,0,0,19.6,1,13222,1,13222,8364,17887,19367,13735,8305,13414,3944,13505,11328,13505,14058,21450,22909,5267,14251,12854,8263,8846,12966,11145,18338,23846,21510,2246,150,21072,1,29:20
2024-25,1630591,Jalen Suggs,Jalen,1610612753,ORL,Orlando Magic,0022400265,2024-11-23T00:00:00,ORL vs. DET,W,9.025,4.0,12.0,0.333,0.0,4.0,0.0,0.0,0.0,0.0,0.0,0.0,0.0,4.0,0.0,0.0,4.0,0.0,0.0,0.0,8.0,-23.9,25.9,0,0,19.9,1,1,13086,1,22446,17118,13651,17395,15070,15605,15070,13505,14344,13505,14058,22137,23286,9962,16469,12854,924,8846,20257,17725,19939,22553,17663,2246,150,20891,1,9:02
2024-25,202699,Tobias Harris,Tobias,1610612765,DET,Detroit Pistons,0022400265,2024-11-23T00:00:00,DET @ ORL,L,28.991666666666667,3.7,11.2,0.333,0.0,3.7,0.0,2.5,3.7,0.667,1.2,5.0,6.2,1.2,1.2,1.2,0.0,1.2,0.0,5.0,9.9,-23.6,21.7,0,0,19.9,1,13222,1,13222,8683,17762,15064,17395,15070,16151,15070,9100,8431,9425,11527,10972,11806,18877,14155,9856,8263,5987,20257,4182,18216,22474,20302,2246,150,20933,1,28:60
2024-25,1631204,Marcus Sasser,Marcus,1610612765,DET,Detroit Pistons,0022400265,2024-11-23T00:00:00,DET @ ORL,L,21.016666666666666,8.6,15.4,0.556,1.7,5.1,0.333,3.4,3.4,1.0,1.7,1.7,3.4,3.4,1.7,1.7,0.0,1.7,1.7,1.7,22.3,5.1,34.9,0,0,34.3,1,13222,1,13222,15282,5496,7944,7248,11362,12852,9209,6836,9032,1,9528,20429,18711,11613,11866,7562,8263,4109,16488,14225,6019,10035,11092,2246,150,10645,1,21:01
2024-25,1628470,Torrey Craig,Torrey,1610612741,CHI,Chicago Bulls,0022400266,2024-11-23T00:00:00,CHI vs. MEM,L,8.35,0.0,0.0,0.0,0.0,0.0,0.0,0.0,0.0,0.0,0.0,0.0,0.0,0.0,0.0,0.0,0.0,0.0,12.9,0.0,0.0,-64.7,0.0,0,0,0.0,1,13222,1,13222,22685,22635,24836,22635,15070,20945,15070,13505,14344,13505,14058,22137,23286,19908,16469,12854,8263,8846,349,17725,23200,25791,25228,2246,150,25259,1,8:21
2024-25,1642359,Pacôme Dadiet,Pacôme,1610612752,NYK,New York Knicks,0022400264,2024-11-23T00:00:00,NYK @ UTA,L,3.0366666666666666,0.0,0.0,0.0,0.0,0.0,0.0,0.0,0.0,0.0,0.0,0.0,0.0,0.0,0.0,0.0,0.0,0.0,0.0,11.9,0.0,-23.7,0.0,0,0,0.0,1,13222,1,13222,24982,22635,24836,22635,15070,20945,15070,13505,14344,13505,14058,22137,23286,19908,16469,12854,8263,8846,20257,207,23200,22500,25228,2246,150,25259,1,3:02
2024-25,1641721,Maxwell Lewis,Maxwell,1610612747,LAL,Los Angeles Lakers,0022400270,2024-11-23T00:00:00,LAL vs. DEN,L,4.383333333333334,0.0,0.0,0.0,0.0,0.0,0.0,0.0,0.0,0.0,0.0,0.0,0.0,0.0,0.0,0.0,0.0,0.0,0.0,0.0,0.0,8.2,0.0,0,0,0.0,1,13222,1,13222,24293,22635,24836,22635,15070,20945,15070,13505,14344,13505,14058,22137,23286,19908,16469,12854,8263,8846,20257,17725,23200,8524,25228,2246,150,25259,1,4:23
2024-25,1631105,Jalen Duren,Jalen,1610612765,DET,Detroit Pistons,0022400265,2024-11-23T00:00:00,DET @ ORL,L,24.583333333333332,2.9,7.3,0.4,0.0,0.0,0.0,4.4,5.9,0.75,1.5,4.4,5.9,1.5,4.4,0.0,1.5,4.4,4.4,5.9,10.3,-8.8,19.5,0,0,20.5,1,13222,1,13222,12389,19582,21173,14933,15070,20945,15070,5003,4672,8186,10463,12544,12614,18116,3154,12854,4977,517,6035,2806,17902,17326,21422,2246,150,20578,1,24:35
2024-25,1631207,Dalen Terry,Dalen,1610612741,CHI,Chicago Bulls,0022400266,2024-11-23T00:00:00,CHI vs. MEM,L,12.8,2.8,14.1,0.2,0.0,8.4,0.0,0.0,0.0,0.0,0.0,0.0,0.0,0.0,0.0,0.0,2.8,2.8,0.0,0.0,5.6,-22.5,14.1,0,0,11.3,1,13222,1,13222,20839,19847,10070,21401,15070,5685,15070,13505,14344,13505,14058,22137,23286,19908,16469,12854,1934,1586,20257,17725,21645,22220,23488,2246,150,24164,1,12:48
2024-25,1630579,Jericho Sims,Jericho,1610612752,NYK,New York Knicks,0022400264,2024-11-23T00:00:00,NYK @ UTA,L,9.25,3.9,7.8,0.5,0.0,0.0,0.0,0.0,0.0,0.0,3.9,3.9,7.8,0.0,0.0,3.9,0.0,0.0,3.9,0.0,7.8,73.9,28.8,0,0,23.4,1,13222,1,13222,22365,17345,20553,8526,15070,20945,15070,13505,14344,13505,3736,14045,8647,19908,16469,1744,8263,8846,7467,17725,20096,208,15644,2246,150,18766,1,9:15
2024-25,1630175,Cole Anthony,Cole,1610612753,ORL,Orlando Magic,0022400265,2024-11-23T00:00:00,ORL vs. DET,W,10.438333333333333,3.4,20.7,0.167,0.0,6.9,0.0,6.9,6.9,1.0,3.4,3.4,6.9,3.4,3.4,0.0,0.0,0.0,6.9,3.4,13.8,-17.2,23.8,0,0,24.1,1,1,13086,1,21946,18432,2520,21938,15070,8674,15070,2077,3474,1,4458,15376,10332,11558,5125,12854,8263,8846,2061,7808,14168,20700,19098,2246,150,18237,1,10:26
2024-25,1631222,Jake LaRavia,Jake,1610612763,MEM,Memphis Grizzlies,0022400266,2024-11-23T00:00:00,MEM @ CHI,W,18.466666666666665,1.9,11.7,0.167,0.0,3.9,0.0,0.0,0.0,0.0,1.9,5.8,7.8,11.7,1.9,0.0,0.0,5.8,3.9,1.9,3.9,3.9,28.9,0,0,23.4,1,1,13086,1,17225,21497,14121,21938,15070,15790,15070,13505,14344,13505,8623,8669,8618,789,10782,12854,8263,231,7449,13320,22597,10701,15596,2246,150,18738,1,18:28
2024-25,1642422,Armel Traoré,Armel,1610612747,LAL,Los Angeles Lakers,0022400270,2024-11-23T00:00:00,LAL vs. DEN,L,4.383333333333334,0.0,0.0,0.0,0.0,0.0,0.0,0.0,16.4,0.0,0.0,8.2,8.2,0.0,0.0,0.0,0.0,0.0,8.2,16.4,0.0,8.2,9.9,0,0,8.2,1,13222,1,13222,24293,22635,24836,22635,15070,20945,15070,13505,246,13505,14058,4404,7916,19908,16469,12854,8263,8846,1263,74,23200,8524,24444,2246,150,24733,1,4:23
2024-25,203995,Vasilije Micić,Vasilije,1610612766,CHA,Charlotte Hornets,0022400268,2024-11-23T00:00:00,CHA @ MIL,L,8.316666666666666,0.0,17.3,0.0,0.0,8.7,0.0,0.0,0.0,0.0,0.0,4.3,4.3,0.0,0.0,0.0,0.0,4.3,4.3,0.0,0.0,-56.3,5.2,0,0,4.3,1,13222,1,13222,22703,22635,5438,22635,15070,5330,15070,13505,14344,13505,14058,12715,16459,19908,16469,12854,8263,536,6196,17725,23200,25594,24992,2246,150,25166,1,8:19
2024-25,203967,Dario Šarić,Dario,1610612743,DEN,Denver Nuggets,0022400270,2024-11-23T00:00:00,DEN @ LAL,W,3.966666666666667,0.0,9.1,0.0,0.0,9.1,0.0,0.0,0.0,0.0,0.0,9.1,9.1,9.1,9.1,0.0,0.0,0.0,0.0,0.0,0.0,-108.9,15.4,0,0,18.2,1,1,13086,1,24503,22635,18597,22635,15070,4702,15070,13505,14344,13505,14058,3430,6620,1955,413,12854,8263,8846,20257,17725,23200,26195,23046,2246,150,21796,1,3:58
2024-25,1641783,Tristan da Silva,Tristan,1610612753,ORL,Orlando Magic,0022400265,2024-11-23T00:00:00,ORL vs. DET,W,25.761666666666667,4.2,9.8,0.429,2.8,5.6,0.5,0.0,0.0,0.0,2.8,5.6,8.4,1.4,0.0,0.0,0.0,0.0,4.2,1.4,11.2,-2.8,23.3,0,0,23.8,1,1,13086,1,11361,16615,17421,13735,7226,11749,3944,13505,14344,13505,5873,9328,7646,18351,16469,12854,8263,8846,6578,15465,17016,14450,19349,2246,150,18494,1,25:46
2024-25,1642275,Tidjane Salaün,Tidjane,1610612766,CHA,Charlotte Hornets,0022400268,2024-11-23T00:00:00,CHA @ MIL,L,16.883333333333333,4.3,6.4,0.667,4.3,6.4,0.667,0.0,0.0,0.0,2.1,2.1,4.3,2.1,0.0,0.0,0.0,0.0,2.1,2.1,12.8,-32.0,21.1,0,0,23.5,1,13222,1,13222,18330,16413,22213,3281,3458,9758,1957,13505,14344,13505,7841,19262,16628,15881,16469,12854,8263,8846,14448,12473,15296,24028,20632,2246,150,18697,1,16:53
2024-25,1642262,Cody Williams,Cody,1610612762,UTA,Utah Jazz,0022400264,2024-11-23T00:00:00,UTA vs. NYK,W,8.85,0.0,12.2,0.0,0.0,8.1,0.0,0.0,0.0,0.0,0.0,8.1,8.1,0.0,0.0,0.0,0.0,0.0,0.0,0.0,0.0,-24.4,9.8,0,0,8.1,1,1,13086,1,22511,22635,13250,22635,15070,6205,15070,13505,14344,13505,14058,4507,8031,19908,16469,12854,8263,8846,20257,17725,23200,22670,24457,2246,150,24749,1,8:51
2024-25,1626153,Delon Wright,Delon,1610612749,MIL,Milwaukee Bucks,0022400268,2024-11-23T00:00:00,MIL vs. CHA,W,13.3,0.0,5.4,0.0,0.0,5.4,0.0,0.0,0.0,0.0,0.0,2.7,2.7,0.0,2.7,0.0,2.7,0.0,0.0,0.0,0.0,5.4,8.7,0,0,8.1,1,1,13086,1,20597,22635,23161,22635,15070,12178,15070,13505,14344,13505,14058,17676,20435,19908,7512,12854,2072,8846,20257,17725,23200,9880,24620,2246,150,24750,1,13:18
2024-25,1641842,Ronald Holland II,Ronald,1610612765,DET,Detroit Pistons,0022400265,2024-11-23T00:00:00,DET @ ORL,L,15.98,2.3,13.5,0.167,0.0,4.5,0.0,4.5,4.5,1.0,0.0,9.0,9.0,0.0,6.8,0.0,0.0,4.5,6.8,2.3,9.0,13.5,13.1,0,0,18.0,1,13222,1,13222,18947,20942,10978,21938,15070,14417,15070,4831,6832,1,14058,3510,6712,19908,997,12854,8263,483,2173,11926,19068,6198,23748,2246,150,21850,1,15:59
2024-25,203501,Tim Hardaway Jr.,Tim,1610612765,DET,Detroit Pistons,0022400265,2024-11-23T00:00:00,DET @ ORL,L,26.933333333333334,1.3,5.3,0.25,1.3,5.3,0.25,0.0,1.3,0.0,1.3,0.0,1.3,0.0,0.0,0.0,0.0,0.0,1.3,1.3,4.0,-12.0,5.6,0,0,6.7,1,13222,1,13222,10388,22362,23219,20233,12703,12331,11902,13505,13682,13505,11034,22137,22777,19908,16469,12854,8263,8846,17878,15734,22552,18747,24955,2246,150,24928,1,26:56
2024-25,1641712,Rayan Rupert,Rayan,1610612757,POR,Portland Trail Blazers,0022400267,2024-11-23T00:00:00,POR @ HOU,W,5.5,0.0,13.1,0.0,0.0,0.0,0.0,0.0,0.0,0.0,6.5,0.0,6.5,0.0,0.0,0.0,0.0,0.0,0.0,0.0,0.0,-19.6,7.9,0,0,6.5,1,1,13086,1,23789,22635,11682,22635,15070,20945,15070,13505,14344,13505,1354,22137,11070,19908,16469,12854,8263,8846,20257,17725,23200,21444,24715,2246,150,24940,1,5:30
2024-25,1642285,Cam Spencer,Cam,1610612763,MEM,Memphis Grizzlies,0022400266,2024-11-23T00:00:00,MEM @ CHI,W,11.616666666666667,3.1,3.1,1.0,0.0,0.0,0.0,0.0,0.0,0.0,0.0,3.1,3.1,0.0,0.0,0.0,0.0,0.0,6.2,0.0,6.2,31.0,9.9,0,0,9.3,1,1,13086,1,21445,19201,24462,1,15070,20945,15070,13505,14344,13505,14058,16410,19478,19908,16469,12854,8263,8846,2713,17725,21251,1835,24435,2246,150,24557,1,11:37
2024-25,1629216,Gabe Vincent,Gabe,1610612747,LAL,Los Angeles Lakers,0022400270,2024-11-23T00:00:00,LAL vs. DEN,L,13.766666666666667,7.8,13.1,0.6,2.6,7.8,0.333,0.0,0.0,0.0,0.0,0.0,0.0,2.6,2.6,0.0,0.0,0.0,7.8,0.0,18.3,7.8,19.6,0,0,23.5,1,13222,1,13222,20322,6972,11725,5394,7776,6729,9209,13505,14344,13505,14058,22137,23286,14166,7818,12854,8263,8846,1432,17725,9528,8712,21359,2246,150,18650,1,13:46
2024-25,1630322,Lindy Waters III,Lindy,1610612744,GSW,Golden State Warriors,0022400269,2024-11-23T00:00:00,GSW @ SAS,L,25.183333333333334,5.7,17.2,0.333,4.3,11.4,0.375,0.0,0.0,0.0,2.9,2.9,5.7,1.4,0.0,0.0,1.4,2.9,4.3,0.0,15.7,-11.4,29.0,0,0,30.0,1,13222,1,13222,11850,12361,5628,17395,3411,2149,8800,13505,14344,13505,5704,17207,12971,18234,16469,12854,5116,1521,6319,17725,12195,18501,15473,2246,150,13932,1,25:11
2024-25,1629060,Rui Hachimura,Rui,1610612747,LAL,Los Angeles Lakers,0022400270,2024-11-23T00:00:00,LAL vs. DEN,L,22.45,6.4,11.2,0.571,3.2,6.4,0.5,0.0,0.0,0.0,1.6,1.6,3.2,4.8,0.0,1.6,0.0,1.6,1.6,0.0,16.0,-20.8,31.9,0,0,30.5,1,13222,1,13222,14153,10401,14986,6538,5934,9717,3944,13505,14344,13505,9904,20671,19213,7891,16469,7968,8263,4426,16861,17725,11889,21795,13396,2246,150,13567,1,22:27
2024-25,1629111,Jock Landale,Jock,1610612745,HOU,Houston Rockets,0022400267,2024-11-23T00:00:00,HOU vs. POR,L,11.905,0.0,3.0,0.0,0.0,3.0,0.0,0.0,6.0,0.0,6.0,12.1,18.1,3.0,0.0,0.0,3.0,0.0,0.0,6.0,0.0,-9.1,35.4,0,0,27.2,1,13222,1,13222,21330,22635,24481,22635,15070,17601,15070,13505,4408,13505,1593,1307,866,12846,16469,12854,1666,8846,20257,2564,23200,17465,10818,2246,150,16009,1,11:54
2024-25,1630182,Josh Green,Josh,1610612766,CHA,Charlotte Hornets,0022400268,2024-11-23T00:00:00,CHA @ MIL,L,31.178333333333335,4.6,11.5,0.4,3.5,5.8,0.6,0.0,0.0,0.0,2.3,3.5,5.8,0.0,0.0,0.0,0.0,1.2,4.6,1.2,12.7,-1.2,19.6,0,0,21.9,1,13222,1,13222,6732,15442,14400,14933,5230,11274,2992,13505,14344,13505,7219,15339,12831,19908,16469,12854,8263,6597,5496,16622,15387,13645,21353,2246,150,19710,1,31:11
2024-25,1641790,PJ Hall,PJ,1610612743,DEN,Denver Nuggets,0022400270,2024-11-23T00:00:00,DEN @ LAL,W,2.7,13.3,26.7,0.5,0.0,13.3,0.0,0.0,0.0,0.0,0.0,0.0,0.0,0.0,0.0,0.0,0.0,0.0,13.3,0.0,26.7,-26.7,26.7,0,0,26.7,1,1,13086,1,25126,891,539,8526,15070,1156,15070,13505,14344,13505,14058,22137,23286,19908,16469,12854,8263,8846,312,17725,3360,23163,17172,2246,150,16421,1,2:42
2024-25,1630577,Julian Champagnie,Julian,1610612759,SAS,San Antonio Spurs,0022400269,2024-11-23T00:00:00,SAS vs. GSW,W,34.446666666666665,4.2,11.5,0.364,1.0,8.4,0.125,0.0,0.0,0.0,0.0,5.2,5.2,1.0,0.0,0.0,2.1,0.0,2.1,0.0,9.4,6.3,23.5,0,0,20.9,1,1,13086,1,3900,16647,14480,16861,14281,5809,14886,13505,14344,13505,14058,10224,14222,19545,16469,12854,3235,8846,14656,17725,18723,9485,19252,2246,150,20347,1,34:27
2024-25,1631101,Shaedon Sharpe,Shaedon,1610612757,POR,Portland Trail Blazers,0022400267,2024-11-23T00:00:00,POR @ HOU,W,35.95,7.0,18.0,0.389,4.0,9.0,0.444,6.0,6.0,1.0,1.0,2.0,3.0,1.0,2.0,2.0,0.0,0.0,3.0,4.0,24.0,8.0,33.1,0,0,36.1,1,1,13086,1,2713,8906,4636,16009,3985,4803,7211,2849,4459,1,13241,19652,19718,19670,10511,6239,8263,8846,10695,6292,4779,8628,12472,2246,150,9334,1,35:57
2024-25,1628380,Zach Collins,Zach,1610612759,SAS,San Antonio Spurs,0022400269,2024-11-23T00:00:00,SAS vs. GSW,W,12.141666666666667,0.0,11.9,0.0,0.0,3.0,0.0,0.0,0.0,0.0,3.0,8.9,11.9,3.0,0.0,0.0,3.0,3.0,5.9,0.0,0.0,-23.7,27.6,0,0,20.8,1,1,13086,1,21176,22635,13849,22635,15070,17730,15070,13505,14344,13505,5427,3610,3609,13038,16469,12854,1741,1381,3040,17725,23200,22504,16525,2246,150,20436,1,12:09
2024-25,1628404,Josh Hart,Josh,1610612752,NYK,New York Knicks,0022400264,2024-11-23T00:00:00,NYK @ UTA,L,40.95,5.3,9.7,0.545,1.8,3.5,0.5,2.6,3.5,0.75,0.9,4.4,5.3,5.3,2.6,1.8,2.6,0.0,1.8,2.6,14.9,-32.5,39.7,0,0,36.0,1,13222,1,13222,378,13612,17630,7695,11232,16622,3944,8719,8858,8186,13958,12539,14106,6880,7744,7409,2166,8846,16346,10522,12965,24102,7932,2246,150,9337,1,40:57
2024-25,1631212,Peyton Watson,Peyton,1610612743,DEN,Denver Nuggets,0022400270,2024-11-23T00:00:00,DEN @ LAL,W,35.41833333333334,5.1,8.1,0.625,1.0,1.0,1.0,0.0,0.0,0.0,2.0,3.0,5.1,2.0,1.0,0.0,1.0,1.0,1.0,0.0,11.2,28.5,22.4,0,0,21.3,1,1,13086,1,3136,14149,20044,4899,14449,20848,1,13505,14344,13505,8246,16561,14575,16252,15738,12854,7378,7761,19599,17725,17010,2191,19946,2246,150,20078,1,35:25
2024-25,1641824,Matas Buzelis,Matas,1610612741,CHI,Chicago Bulls,0022400266,2024-11-23T00:00:00,CHI vs. MEM,L,29.4,7.3,15.9,0.462,2.4,6.1,0.4,0.0,1.2,0.0,1.2,2.4,3.7,1.2,1.2,0.0,1.2,0.0,2.4,1.2,17.1,12.2,25.8,0,0,26.9,1,13222,1,13222,8307,8128,7226,12428,8322,10378,7874,13505,13848,13505,11636,18328,18148,18940,14265,12854,6024,8846,12985,16271,10684,6695,17719,2246,150,16201,1,29:24
2024-25,1628379,Luke Kennard,Luke,1610612763,MEM,Memphis Grizzlies,0022400266,2024-11-23T00:00:00,MEM @ CHI,W,23.783333333333335,6.1,12.1,0.5,3.0,7.6,0.4,0.0,0.0,0.0,1.5,4.5,6.1,3.0,0.0,1.5,0.0,0.0,0.0,0.0,15.1,3.0,31.5,0,0,30.3,1,1,13086,1,13086,11352,13398,8526,6414,7238,7874,13505,14344,13505,10258,12149,12155,12838,16469,8349,8263,8846,20257,17725,12772,11101,13682,2246,150,13738,1,23:47
2024-25,1630578,Alperen Sengun,Alperen,1610612745,HOU,Houston Rockets,0022400267,2024-11-23T00:00:00,HOU vs. POR,L,35.86666666666667,7.0,17.1,0.412,0.0,0.0,0.0,8.0,11.0,0.727,2.0,3.0,5.0,5.0,2.0,2.0,0.0,3.0,3.0,10.0,22.1,-3.0,39.6,0,0,36.1,1,13222,1,13222,2776,8867,5733,14791,15070,20945,15070,1402,1012,9223,8356,16678,14746,7420,10482,6218,8263,1320,10664,406,6142,14577,7994,2246,150,9275,1,35:52
2024-25,1631200,Kris Murray,Kris,1610612757,POR,Portland Trail Blazers,0022400267,2024-11-23T00:00:00,POR @ HOU,W,14.2,7.6,17.7,0.429,2.5,10.1,0.25,0.0,0.0,0.0,0.0,2.5,2.5,2.5,2.5,0.0,2.5,0.0,2.5,0.0,17.7,10.1,29.7,0,0,30.4,1,1,13086,1,20077,7493,4957,13735,8029,3338,11902,13505,14344,13505,14058,18093,20736,14422,8097,12854,2309,8846,12650,17725,10089,7624,15045,2246,150,13602,1,14:12
2024-25,1631217,Moussa Diabaté,Moussa,1610612766,CHA,Charlotte Hornets,0022400268,2024-11-23T00:00:00,CHA @ MIL,L,31.483333333333334,0.0,4.6,0.0,0.0,0.0,0.0,0.0,0.0,0.0,8.0,4.6,12.6,2.3,1.1,2.3,1.1,3.4,4.6,0.0,0.0,-2.3,27.7,0,0,21.7,1,13222,1,13222,6421,22635,23757,22635,15070,20945,15070,13505,14344,13505,783,12065,3079,15284,14841,5087,6524,971,5611,17725,23200,14199,16445,2246,150,19827,1,31:29
2024-25,1631106,Tari Eason,Tari,1610612745,HOU,Houston Rockets,0022400267,2024-11-23T00:00:00,HOU vs. POR,L,19.538333333333334,0.0,12.9,0.0,0.0,1.8,0.0,7.4,7.4,1.0,5.5,3.7,9.2,0.0,0.0,3.7,1.8,5.5,1.8,3.7,7.4,-3.7,35.0,0,0,27.6,1,13222,1,13222,16383,22635,12043,22635,15070,19847,15070,1754,3027,1,1931,14685,6425,19908,16469,1991,3952,280,15980,7172,20430,14884,11050,2246,150,15691,1,19:32
2024-25,1630188,Jalen Smith,Jalen,1610612741,CHI,Chicago Bulls,0022400266,2024-11-23T00:00:00,CHI vs. MEM,L,15.366666666666667,7.0,11.7,0.6,2.3,7.0,0.333,0.0,0.0,0.0,2.3,9.4,11.7,0.0,0.0,0.0,2.3,0.0,0.0,0.0,16.4,-18.7,37.5,0,0,35.1,1,13222,1,13222,19327,8861,14081,5394,8696,8406,9209,13505,14344,13505,7110,3135,3743,19908,16469,12854,2656,8846,20257,17725,11497,21156,9353,2246,150,9996,1,15:22
2024-25,1631218,Trayce Jackson-Davis,Trayce,1610612744,GSW,Golden State Warriors,0022400269,2024-11-23T00:00:00,GSW @ SAS,L,23.316666666666666,9.3,18.5,0.5,0.0,0.0,0.0,0.0,0.0,0.0,6.2,6.2,12.4,4.6,0.0,0.0,0.0,3.1,3.1,0.0,18.5,-10.8,40.3,0,0,35.5,1,13222,1,13222,13450,4266,4195,8526,15070,20945,15070,13505,14344,13505,1529,7954,3233,8345,16469,12854,8263,1242,10320,17725,9294,18234,7574,2246,150,9723,1,23:19
2024-25,1628973,Jalen Brunson,Jalen,1610612752,NYK,New York Knicks,0022400264,2024-11-23T00:00:00,NYK @ UTA,L,37.05,7.8,18.5,0.421,1.9,8.7,0.222,4.9,4.9,1.0,0.0,1.9,1.9,7.8,1.9,1.0,0.0,0.0,2.9,7.8,22.3,-14.6,37.3,0,0,36.0,1,13222,1,13222,1957,7117,4246,14442,10440,5187,13288,4256,6184,1,14058,19850,21924,3112,10834,12196,8263,8846,11112,1149,5966,19740,9467,2246,150,9414,1,37:03
2024-25,1630224,Jalen Green,Jalen,1610612745,HOU,Houston Rockets,0022400267,2024-11-23T00:00:00,HOU vs. POR,L,29.516666666666666,3.7,17.1,0.214,1.2,11.0,0.111,3.7,4.9,0.75,0.0,2.4,2.4,2.4,0.0,1.2,0.0,0.0,0.0,3.7,12.2,-9.8,22.4,0,0,20.7,1,13222,1,13222,8205,17950,5719,21369,13263,2516,15003,6370,6158,8186,14058,18362,20916,14740,16469,10019,8263,8846,20257,7239,15922,17775,19906,2246,150,20444,1,29:31
2024-25,203924,Jerami Grant,Jerami,1610612757,POR,Portland Trail Blazers,0022400267,2024-11-23T00:00:00,POR @ HOU,W,33.43333333333333,6.5,12.9,0.5,4.3,7.5,0.571,6.5,6.5,1.0,1.1,2.2,3.2,2.2,2.2,0.0,1.1,0.0,5.4,3.2,23.7,5.4,31.9,0,0,35.5,1,1,13086,1,4782,10283,11999,8526,3374,7311,3506,2436,3921,1,12661,19191,19148,15802,9708,12854,6936,8846,3873,8460,4986,9901,13423,2246,150,9712,1,33:26
2024-25,1630217,Desmond Bane,Desmond,1610612763,MEM,Memphis Grizzlies,0022400266,2024-11-23T00:00:00,MEM @ CHI,W,30.05,4.8,16.8,0.286,1.2,6.0,0.2,4.8,7.2,0.667,2.4,6.0,8.4,2.4,2.4,0.0,1.2,2.4,1.2,3.6,15.6,6.0,30.4,0,0,30.0,1,1,13086,1,7740,14972,6086,19630,13377,10724,13429,4356,3178,9425,6935,8352,7642,14891,8673,12854,6183,2230,18549,7400,12349,9622,14475,2246,150,13977,1,30:03
2024-25,1629018,Gary Trent Jr.,Gary,1610612749,MIL,Milwaukee Bucks,0022400268,2024-11-23T00:00:00,MIL vs. CHA,W,29.27166666666667,7.4,9.8,0.75,4.9,6.1,0.8,0.0,0.0,0.0,1.2,2.5,3.7,2.5,2.5,0.0,0.0,1.2,3.7,1.2,19.7,16.0,25.3,0,0,30.7,1,1,13086,1,8426,8059,17337,2107,2380,10322,1389,13505,14344,13505,11612,18306,18094,14687,8416,12854,8263,6062,8123,16244,8179,5254,18050,2246,150,13363,1,29:16
2024-25,1626166,Cameron Payne,Cameron,1610612752,NYK,New York Knicks,0022400264,2024-11-23T00:00:00,NYK @ UTA,L,31.383333333333333,4.6,12.6,0.364,3.4,8.0,0.429,0.0,0.0,0.0,0.0,6.9,6.9,5.7,0.0,1.1,2.3,0.0,5.7,0.0,12.6,2.3,39.8,0,0,35.6,1,13222,1,13222,6521,15529,12535,16861,5283,6402,7394,13505,14344,13505,14058,6563,10357,5979,16469,10610,2759,8846,3334,17725,15471,11464,7881,2246,150,9687,1,31:23
2024-25,1629629,Cam Reddish,Cam,1610612747,LAL,Los Angeles Lakers,0022400270,2024-11-23T00:00:00,LAL vs. DEN,L,19.883333333333333,3.6,5.4,0.667,3.6,5.4,0.667,0.0,0.0,0.0,0.0,0.0,0.0,0.0,1.8,3.6,0.0,0.0,3.6,1.8,10.9,-41.6,19.9,0,0,21.7,1,13222,1,13222,16109,18030,23141,3281,4869,12133,1957,13505,14344,13505,14058,22137,23286,19908,11496,2065,8263,8846,8360,13890,17304,24951,21203,2246,150,19826,1,19:53
2024-25,1626172,Kevon Looney,Kevon,1610612744,GSW,Golden State Warriors,0022400269,2024-11-23T00:00:00,GSW @ SAS,L,12.666666666666666,11.4,14.2,0.8,0.0,0.0,0.0,0.0,5.7,0.0,8.5,11.4,19.9,0.0,5.7,5.7,0.0,2.8,5.7,2.8,22.7,-28.4,58.0,0,0,54.0,1,13222,1,13222,20909,1958,9810,1688,15070,20945,15070,13505,4910,13505,657,1710,553,19908,1647,575,8263,1541,3414,9805,5667,23500,1473,2246,150,1619,1,12:40
2024-25,1628991,Jaren Jackson Jr.,Jaren,1610612763,MEM,Memphis Grizzlies,0022400266,2024-11-23T00:00:00,MEM @ CHI,W,26.11,9.7,20.7,0.467,4.1,9.7,0.429,8.3,11.0,0.75,2.8,2.8,5.5,5.5,1.4,1.4,2.8,2.8,4.1,5.5,31.7,5.5,57.6,0,0,55.2,1,1,13086,1,11085,3659,2526,12249,3705,3912,7394,1288,1016,8186,5962,17539,13498,6397,13409,9015,2010,1658,6721,3317,1581,9835,1532,2246,150,1437,1,26:07
2024-25,203897,Zach LaVine,Zach,1610612741,CHI,Chicago Bulls,0022400266,2024-11-23T00:00:00,CHI vs. MEM,L,34.166666666666664,10.5,20.0,0.526,3.2,6.3,0.5,6.3,6.3,1.0,0.0,3.2,3.2,0.0,1.1,2.1,0.0,0.0,0.0,5.3,30.6,-19.0,39.6,0,0,41.1,1,13222,1,13222,4116,2676,2960,8379,6055,9934,3944,2568,4102,1,14058,16225,19339,19908,15464,5751,8263,8846,20257,3678,1907,21228,8009,2246,150,6143,1,34:10
2024-25,202709,Cory Joseph,Cory,1610612753,ORL,Orlando Magic,0022400265,2024-11-23T00:00:00,ORL vs. DET,W,2.6333333333333333,0.0,0.0,0.0,0.0,0.0,0.0,0.0,0.0,0.0,0.0,0.0,0.0,13.7,0.0,13.7,0.0,0.0,0.0,0.0,0.0,-27.3,61.5,0,0,41.0,1,1,13086,1,25160,22635,24836,22635,15070,20945,15070,13505,14344,13505,14058,22137,23286,421,16469,55,8263,8846,20257,17725,23200,23298,1022,2246,150,6186,1,2:38
2024-25,1628374,Lauri Markkanen,Lauri,1610612762,UTA,Utah Jazz,0022400264,2024-11-23T00:00:00,UTA vs. NYK,W,33.11666666666667,12.0,16.3,0.733,5.4,8.7,0.625,7.6,8.7,0.875,0.0,9.8,9.8,2.2,0.0,0.0,0.0,0.0,4.3,4.3,37.0,32.6,52.0,0,0,54.4,1,1,13086,1,5055,1549,6675,2644,1807,5276,2868,1603,2051,6931,14058,2739,5697,15713,16469,12854,8263,8846,6144,5472,701,1668,2714,2246,150,1566,1,33:07
2024-25,1631214,Alondes Williams,Alondes,1610612765,DET,Detroit Pistons,0022400265,2024-11-23T00:00:00,DET @ ORL,L,3.716666666666667,19.4,19.4,1.0,9.7,9.7,1.0,0.0,0.0,0.0,0.0,0.0,0.0,9.7,0.0,0.0,0.0,0.0,0.0,0.0,48.4,58.1,63.0,0,0,67.8,1,13222,1,13222,24612,160,3441,1,234,3869,1,13505,14344,13505,14058,22137,23286,1592,16469,12854,8263,8846,20257,17725,182,393,879,2246,150,375,1,3:43
2024-25,203507,Giannis Antetokounmpo,Giannis,1610612749,MIL,Milwaukee Bucks,0022400268,2024-11-23T00:00:00,MIL vs. CHA,W,31.483333333333334,13.7,26.3,0.522,1.1,3.4,0.333,8.0,11.4,0.7,2.3,10.3,12.6,6.9,4.6,0.0,2.3,2.3,1.1,8.0,36.6,-2.3,64.3,1,0,61.7,1,1,13086,1,6421,782,597,8473,13688,16811,9209,1417,908,9366,7288,2357,3079,4197,2891,12854,2770,2457,18847,1017,742,14199,758,1,150,668,1,31:29
2024-25,1630532,Franz Wagner,Franz,1610612753,ORL,Orlando Magic,0022400265,2024-11-23T00:00:00,ORL vs. DET,W,29.208333333333332,13.6,27.1,0.5,4.9,11.1,0.444,4.9,4.9,1.0,3.7,7.4,11.1,9.9,4.9,2.5,0.0,2.5,3.7,4.9,37.0,19.7,67.5,0,0,67.8,1,1,13086,1,8491,836,487,8526,2364,2419,7211,4149,6067,1,4041,5696,4326,1505,2423,4495,8263,2099,8091,4240,697,4034,539,2246,150,378,1,29:13
2024-25,1641705,Victor Wembanyama,Victor,1610612759,SAS,San Antonio Spurs,0022400269,2024-11-23T00:00:00,SAS vs. GSW,W,34.275,9.5,22.1,0.429,4.2,13.7,0.308,3.2,4.2,0.75,0.0,7.4,7.4,9.5,4.2,1.1,3.2,0.0,3.2,5.3,26.3,16.8,57.7,0,0,55.7,1,1,13086,1,4041,3951,1791,13735,3565,1039,11292,7438,7408,8186,14058,5749,9471,1725,3503,11491,1521,8846,10078,3696,3553,4970,1526,2246,150,1367,1,34:17
2024-25,1630166,Deni Avdija,Deni,1610612757,POR,Portland Trail Blazers,0022400267,2024-11-23T00:00:00,POR @ HOU,W,33.38333333333333,4.3,8.6,0.5,2.2,3.2,0.667,4.3,6.5,0.667,2.2,8.6,10.8,2.2,3.2,1.1,4.3,1.1,1.1,4.3,15.1,-2.2,44.2,1,0,41.0,1,1,13086,1,4824,16284,19312,8526,9411,17205,1957,5126,3913,9425,7731,3907,4616,15785,5718,11207,751,7239,19225,5550,12809,14127,5566,1,150,6214,1,33:23
2024-25,1630604,E.J. Liddell,E.J.,1610612741,CHI,Chicago Bulls,0022400266,2024-11-23T00:00:00,CHI vs. MEM,L,4.6,15.7,23.5,0.667,15.7,23.5,0.667,0.0,0.0,0.0,0.0,0.0,0.0,7.8,0.0,0.0,7.8,0.0,0.0,0.0,47.0,70.4,82.2,0,0,86.1,1,13222,1,13222,24177,395,1226,3281,67,133,1957,13505,14344,13505,14058,22137,23286,3060,16469,12854,150,8846,20257,17725,204,239,168,2246,150,110,1,4:36
2024-25,1629021,Moritz Wagner,Moritz,1610612753,ORL,Orlando Magic,0022400265,2024-11-23T00:00:00,ORL vs. DET,W,27.716666666666665,9.1,14.3,0.636,1.3,5.2,0.25,3.9,5.2,0.75,5.2,3.9,9.1,6.5,1.3,1.3,0.0,0.0,2.6,6.5,23.4,7.8,46.6,0,0,42.9,1,1,13086,1,9778,4547,9711,4689,12860,12713,11902,5886,5619,8186,2201,14037,6596,4728,13801,9457,8263,8846,12435,2094,5219,8734,4477,2246,150,5214,1,27:43
2024-25,1630191,Isaiah Stewart,Isaiah,1610612765,DET,Detroit Pistons,0022400265,2024-11-23T00:00:00,DET @ ORL,L,19.7,5.5,7.3,0.75,1.8,3.7,0.5,0.0,0.0,0.0,1.8,7.3,9.1,7.3,7.3,1.8,9.1,0.0,5.5,0.0,12.8,-20.1,60.3,0,0,53.0,1,13222,1,13222,16262,13029,21195,2107,10957,16316,3944,13505,14344,13505,9138,5819,6523,3609,775,7123,92,8846,3724,17725,15302,21575,1155,2246,150,1806,1,19:42
2024-25,1630581,Josh Giddey,Josh,1610612741,CHI,Chicago Bulls,0022400266,2024-11-23T00:00:00,CHI vs. MEM,L,21.033333333333335,8.6,17.1,0.5,3.4,6.8,0.5,0.0,0.0,0.0,1.7,10.3,12.0,13.7,0.0,0.0,3.4,1.7,1.7,1.7,20.5,-6.8,65.7,0,0,56.5,1,13222,1,13222,15267,5509,5679,8526,5327,8787,3944,13505,14344,13505,9537,2376,3510,419,16469,12854,1284,4115,16495,14232,7457,16447,652,2246,150,1233,1,21:02
2024-25,1641816,Hunter Tyson,Hunter,1610612743,DEN,Denver Nuggets,0022400270,2024-11-23T00:00:00,DEN @ LAL,W,2.7333333333333334,0.0,0.0,0.0,0.0,0.0,0.0,13.2,26.3,0.5,13.2,13.2,26.3,13.2,0.0,0.0,0.0,0.0,0.0,13.2,13.2,-26.3,64.5,0,0,52.7,1,1,13086,1,25094,22635,24836,22635,15070,20945,15070,254,77,10625,183,961,157,498,16469,12854,8263,8846,20257,146,14914,23093,737,2246,150,1878,1,2:44
2024-25,202696,Nikola Vučević,Nikola,1610612741,CHI,Chicago Bulls,0022400266,2024-11-23T00:00:00,CHI vs. MEM,L,28.033333333333335,11.6,18.0,0.643,2.6,5.1,0.5,7.7,7.7,1.0,5.1,5.1,10.3,3.9,6.4,1.3,0.0,1.3,3.9,7.7,33.4,-15.4,48.9,0,0,52.7,1,13222,1,13222,9519,1834,4719,4607,7922,12857,3944,1553,2738,1,2255,10458,5149,10362,1169,9547,8263,5732,7596,1196,1243,20059,3656,2246,150,1890,1,28:02
2024-25,1630643,Jay Huff,Jay,1610612763,MEM,Memphis Grizzlies,0022400266,2024-11-23T00:00:00,MEM @ CHI,W,19.09,9.4,11.3,0.833,5.7,5.7,1.0,1.9,3.8,0.5,1.9,7.5,9.4,1.9,0.0,1.9,1.9,0.0,1.9,3.8,26.4,9.4,51.9,0,0,50.9,1,1,13086,1,16761,3983,14801,1514,1605,11557,1,11001,8317,10625,8877,5420,6145,16801,16469,6830,3809,8846,15763,6930,3482,7974,2743,2246,150,2286,1,19:05
2024-25,1628371,Jonathan Isaac,Jonathan,1610612753,ORL,Orlando Magic,0022400265,2024-11-23T00:00:00,ORL vs. DET,W,22.616666666666667,1.6,9.6,0.167,0.0,3.2,0.0,4.8,6.4,0.75,4.8,14.3,19.1,0.0,0.0,3.2,4.8,4.8,1.6,3.2,8.0,17.5,54.8,0,0,43.0,1,1,13086,1,14015,22042,17855,21938,15070,17302,15070,4385,4044,8186,2596,688,682,19908,16469,2775,584,418,16898,8613,19955,4736,2037,2246,150,5159,1,22:37
2024-25,203999,Nikola Jokić,Nikola,1610612743,DEN,Denver Nuggets,0022400270,2024-11-23T00:00:00,DEN @ LAL,W,36.61666666666667,11.8,19.7,0.6,2.9,6.9,0.429,6.9,7.9,0.875,2.0,10.8,12.8,7.9,5.9,2.0,1.0,0.0,2.9,5.9,33.4,38.3,63.5,1,0,62.9,1,1,13086,1,2270,1665,3215,5394,6681,8707,7394,2092,2616,6931,8542,2012,2947,3031,1458,6409,7583,8846,10938,2745,1234,1091,836,1,150,579,1,36:37
2024-25,1630163,LaMelo Ball,LaMelo,1610612766,CHA,Charlotte Hornets,0022400268,2024-11-23T00:00:00,CHA @ MIL,L,39.68333333333333,15.4,34.5,0.447,5.4,15.4,0.353,9.1,11.8,0.769,0.0,4.5,4.5,9.1,3.6,0.9,0.0,1.8,2.7,10.0,45.4,6.4,63.5,1,0,66.2,1,13222,1,13222,657,431,143,13044,1797,612,9205,980,811,8170,14058,12161,15956,1963,4717,12635,8263,3858,11945,425,242,9450,837,1,150,430,1,39:41
2024-25,201566,Russell Westbrook,Russell,1610612743,DEN,Denver Nuggets,0022400270,2024-11-23T00:00:00,DEN @ LAL,W,24.298333333333332,8.9,14.8,0.6,1.5,5.9,0.25,1.5,3.0,0.5,3.0,7.4,10.4,16.3,4.4,1.5,0.0,1.5,4.4,3.0,20.7,25.2,57.6,1,0,51.9,1,1,13086,1,12659,4902,8875,5394,12112,10869,11902,11824,10058,10625,5430,5671,5039,194,3079,8487,8263,4840,5901,9384,7280,2775,1531,1,150,2071,1,24:18
2024-25,203084,Harrison Barnes,Harrison,1610612759,SAS,San Antonio Spurs,0022400269,2024-11-23T00:00:00,SAS vs. GSW,W,31.7,7.9,9.1,0.875,2.3,3.4,0.667,6.8,9.1,0.75,2.3,6.8,9.1,2.3,0.0,1.1,1.1,0.0,1.1,6.8,25.0,-4.5,46.1,0,0,43.2,1,1,13086,1,6233,6736,18585,1353,8971,16854,1957,2147,1823,8186,7344,6680,6608,15342,16469,10716,6571,8846,18890,1806,4221,15344,4698,2246,150,5068,1,31:42
2024-25,1630590,Scotty Pippen Jr.,Scotty,1610612763,MEM,Memphis Grizzlies,0022400266,2024-11-23T00:00:00,MEM @ CHI,W,31.466666666666665,14.9,18.3,0.813,3.4,6.9,0.5,1.1,1.1,1.0,0.0,2.3,2.3,11.4,4.6,0.0,0.0,0.0,2.3,1.1,34.3,-4.6,49.7,1,0,51.5,1,1,13086,1,6437,512,4363,1683,5310,8747,3944,12776,13973,1,14058,18802,21230,856,2885,12854,8263,8846,13701,16689,1070,15356,3370,1,150,2146,1,31:28
2024-25,2544,LeBron James,LeBron,1610612747,LAL,Los Angeles Lakers,0022400270,2024-11-23T00:00:00,LAL vs. DEN,L,34.68333333333333,7.3,17.6,0.412,1.0,4.2,0.25,3.1,3.1,1.0,0.0,6.2,6.2,7.3,6.2,3.1,0.0,0.0,3.1,5.2,18.7,-25.9,40.2,0,0,39.4,1,13222,1,13222,3705,8304,5079,14791,14322,15228,11902,7508,9684,1,14058,7835,11759,3670,1258,2905,8263,8846,10224,3785,9137,23016,7658,2246,150,7105,1,34:41
2024-25,1626156,D'Angelo Russell,D'Angelo,1610612747,LAL,Los Angeles Lakers,0022400270,2024-11-23T00:00:00,LAL vs. DEN,L,18.25,3.9,17.8,0.222,2.0,11.8,0.167,3.9,3.9,1.0,0.0,3.9,3.9,9.9,3.9,0.0,0.0,0.0,0.0,2.0,13.8,0.0,29.4,0,0,29.6,1,13222,1,13222,17404,17214,4943,21205,10279,1879,14236,5806,7956,1,14058,13888,17452,1502,3979,12854,8263,8846,20257,13198,14142,12240,15221,2246,150,14247,1,18:15
2024-25,1642263,Reed Sheppard,Reed,1610612745,HOU,Houston Rockets,0022400267,2024-11-23T00:00:00,HOU vs. POR,L,11.355,9.5,19.0,0.5,6.3,12.7,0.5,0.0,0.0,0.0,0.0,0.0,0.0,0.0,3.2,0.0,0.0,3.2,6.3,0.0,25.4,-15.9,22.2,0,0,31.7,1,13222,1,13222,21557,3866,3741,8526,1093,1438,3944,13505,14344,13505,14058,22137,23286,19908,5906,12854,8263,1176,2551,17725,4017,20217,20030,2246,150,12622,1,11:21
2024-25,1631095,Jabari Smith Jr.,Jabari,1610612745,HOU,Houston Rockets,0022400267,2024-11-23T00:00:00,HOU vs. POR,L,37.07833333333333,2.9,9.7,0.3,2.9,6.8,0.429,4.9,5.8,0.833,1.9,5.8,7.8,1.0,1.0,0.0,2.9,1.9,2.9,4.9,13.6,-1.9,32.1,0,0,31.1,1,13222,1,13222,1941,19625,17559,19363,6823,8904,7394,4260,4721,7275,8657,8734,8687,19766,16020,12854,1805,3419,11127,4380,14387,14009,13229,2246,150,13101,1,37:05
2024-25,1642268,Isaiah Collier,Isaiah,1610612762,UTA,Utah Jazz,0022400264,2024-11-23T00:00:00,UTA vs. NYK,W,10.716666666666667,3.4,6.7,0.5,0.0,3.4,0.0,0.0,0.0,0.0,0.0,0.0,0.0,6.7,3.4,0.0,0.0,0.0,3.4,0.0,6.7,-57.1,13.4,0,0,13.4,1,1,13086,1,21837,18624,21874,8526,15070,16955,15070,13505,14344,13505,14058,22137,23286,4402,5335,12854,8263,8846,9223,17725,20909,25608,23652,2246,150,23573,1,10:43
2024-25,1641871,Duop Reath,Duop,1610612757,POR,Portland Trail Blazers,0022400267,2024-11-23T00:00:00,POR @ HOU,W,4.766666666666667,0.0,0.0,0.0,0.0,0.0,0.0,0.0,0.0,0.0,7.6,0.0,7.6,0.0,0.0,0.0,7.6,0.0,0.0,0.0,0.0,37.8,31.7,0,0,22.7,1,1,13086,1,24110,22635,24836,22635,15070,20945,15070,13505,14344,13505,930,22137,9062,19908,16469,12854,166,8846,20257,17725,23200,1140,13535,2246,150,19239,1,4:46
2024-25,1629632,Coby White,Coby,1610612741,CHI,Chicago Bulls,0022400266,2024-11-23T00:00:00,CHI vs. MEM,L,29.9,4.8,13.2,0.364,2.4,4.8,0.5,1.2,2.4,0.5,2.4,2.4,4.8,6.0,1.2,1.2,1.2,1.2,3.6,2.4,13.2,-6.0,34.1,0,0,31.3,1,13222,1,13222,7869,14897,11407,16861,8461,13653,3944,12572,11467,10625,6891,18460,15255,5448,14408,10139,6146,6225,8391,11318,14819,16072,11746,2246,150,12922,1,29:54
2024-25,1628975,Jevon Carter,Jevon,1610612741,CHI,Chicago Bulls,0022400266,2024-11-23T00:00:00,CHI vs. MEM,L,4.6,7.8,15.7,0.5,7.8,15.7,0.5,0.0,0.0,0.0,0.0,0.0,0.0,7.8,7.8,0.0,0.0,0.0,0.0,0.0,23.5,70.4,27.4,0,0,39.1,1,13222,1,13222,24177,7011,7604,8526,505,571,3944,13505,14344,13505,14058,22137,23286,3060,627,12854,8263,8846,20257,17725,5146,239,16669,2246,150,7305,1,4:36
2024-25,203110,Draymond Green,Draymond,1610612744,GSW,Golden State Warriors,0022400269,2024-11-23T00:00:00,GSW @ SAS,L,26.683333333333334,0.0,6.7,0.0,0.0,4.0,0.0,1.3,2.7,0.5,2.7,6.7,9.4,10.8,0.0,0.0,1.3,0.0,8.1,5.4,1.3,0.0,32.9,0,0,24.3,1,13222,1,13222,10574,22635,21839,22635,15070,15487,15070,12169,10750,10625,6108,6800,6119,1072,16469,12854,5447,8846,1322,3487,23189,12240,12648,2246,150,18145,1,26:41
2024-25,1628998,Cody Martin,Cody,1610612766,CHA,Charlotte Hornets,0022400268,2024-11-23T00:00:00,CHA @ MIL,L,29.166666666666668,2.5,8.6,0.286,0.0,4.9,0.0,2.5,2.5,1.0,2.5,4.9,7.4,4.9,0.0,2.5,2.5,1.2,2.5,1.2,7.4,6.2,38.5,0,0,29.6,1,13222,1,13222,8534,20515,19287,19630,15070,13348,15070,9141,11288,1,6715,11061,9357,7604,16469,4475,2432,6031,12915,16213,20402,9538,8706,2246,150,14233,1,29:10
2024-25,1641725,Trey Alexander,Trey,1610612743,DEN,Denver Nuggets,0022400270,2024-11-23T00:00:00,DEN @ LAL,W,10.115,3.6,7.1,0.5,3.6,7.1,0.5,0.0,0.0,0.0,0.0,0.0,0.0,0.0,0.0,0.0,0.0,0.0,3.6,0.0,10.7,28.5,10.7,0,0,14.2,1,1,13086,1,22072,18177,21422,8526,5011,8222,3944,13505,14344,13505,14058,22137,23286,19908,16469,12854,8263,8846,8566,17725,17503,2188,24305,2246,150,23347,1,10:07
2024-25,1642264,Stephon Castle,Stephon,1610612759,SAS,San Antonio Spurs,0022400269,2024-11-23T00:00:00,SAS vs. GSW,W,32.775,7.7,16.5,0.467,2.2,7.7,0.286,3.3,4.4,0.75,0.0,3.3,3.3,3.3,2.2,1.1,0.0,0.0,1.1,2.2,20.9,15.4,30.9,0,0,31.9,1,1,13086,1,5349,7294,6459,12249,9253,7020,11433,7120,7040,8186,14058,15808,19002,11998,9522,11035,8263,8846,19109,12175,7186,5474,14149,2246,150,12491,1,32:47
2024-25,1626171,Bobby Portis,Bobby,1610612749,MIL,Milwaukee Bucks,0022400268,2024-11-23T00:00:00,MIL vs. CHA,W,26.516666666666666,6.8,17.6,0.385,1.4,4.1,0.333,0.0,1.4,0.0,1.4,8.1,9.5,2.7,0.0,1.4,4.1,0.0,2.7,1.4,14.9,16.3,46.7,0,0,39.4,1,1,13086,1,10712,9452,5073,16070,12615,15421,9209,13505,13654,13505,10947,4495,6059,13861,16469,9149,879,8846,11976,15636,12982,5145,4441,2246,150,7150,1,26:31
2024-25,1630194,Paul Reed,Paul,1610612765,DET,Detroit Pistons,0022400265,2024-11-23T00:00:00,DET @ ORL,L,5.6,12.9,12.9,1.0,6.4,6.4,1.0,0.0,0.0,0.0,0.0,0.0,0.0,0.0,0.0,0.0,0.0,0.0,0.0,0.0,32.1,51.4,32.1,0,0,38.6,1,13222,1,13222,23743,1078,12107,1,1034,9692,1,13505,14344,13505,14058,22137,23286,19908,16469,12854,8263,8846,20257,17725,1500,515,13222,2246,150,7649,1,5:36
2024-25,1631117,Walker Kessler,Walker,1610612762,UTA,Utah Jazz,0022400264,2024-11-23T00:00:00,UTA vs. NYK,W,35.21666666666667,5.1,8.2,0.625,0.0,0.0,0.0,1.0,2.0,0.5,2.0,8.2,10.2,2.0,0.0,0.0,3.1,2.0,2.0,3.1,11.2,34.8,35.8,1,0,29.6,1,1,13086,1,3299,14052,19973,4899,15070,20945,15070,13162,12590,10625,8185,4457,5205,16212,16469,12854,1611,3077,14899,9011,16958,1418,10520,1,150,14209,1,35:13
2024-25,101108,Chris Paul,Chris,1610612759,SAS,San Antonio Spurs,0022400269,2024-11-23T00:00:00,SAS vs. GSW,W,28.613333333333333,3.8,8.8,0.429,2.5,5.0,0.5,1.3,1.3,1.0,0.0,3.8,3.8,8.8,0.0,0.0,2.5,1.3,2.5,1.3,11.3,-6.3,36.6,0,0,31.5,1,1,13086,1,9032,17636,19011,13735,8087,13120,3944,12425,13804,1,14058,14405,17886,2182,16469,12854,2342,5879,12725,16093,16869,16201,9946,2246,150,12812,1,28:37
2024-25,1642270,Donovan Clingan,Donovan,1610612757,POR,Portland Trail Blazers,0022400267,2024-11-23T00:00:00,POR @ HOU,W,25.6,0.0,5.6,0.0,0.0,0.0,0.0,0.0,0.0,0.0,12.7,14.1,26.7,1.4,1.4,1.4,4.2,0.0,5.6,1.4,0.0,4.2,49.6,0,0,39.4,1,1,13086,1,11489,22635,22968,22635,15070,20945,15070,13505,14344,13505,211,748,148,18328,13245,8863,806,8846,3504,15424,23200,10532,3373,2246,150,7146,1,25:36
2024-25,203937,Kyle Anderson,Kyle,1610612744,GSW,Golden State Warriors,0022400032,2024-11-22T00:00:00,GSW @ NOP,W,4.85,7.4,7.4,1.0,0.0,0.0,0.0,0.0,7.4,0.0,7.4,0.0,7.4,0.0,22.3,0.0,0.0,0.0,0.0,7.4,14.8,-59.4,1.5,0,0,22.3,1,1,13086,1,24045,7948,21036,1,15070,20945,15070,13505,2977,13505,983,22137,9314,19908,39,12854,8263,8846,20257,1368,13069,25675,25186,2246,150,19506,1,4:51
2024-25,201566,Russell Westbrook,Russell,1610612743,DEN,Denver Nuggets,0022400033,2024-11-22T00:00:00,DEN vs. DAL,L,26.833333333333332,6.7,17.4,0.385,5.4,8.0,0.667,2.7,6.7,0.4,0.0,1.3,1.3,5.4,1.3,2.7,0.0,2.7,2.7,5.4,21.5,0.0,37.8,0,0,38.9,1,13222,1,13222,10465,9660,5313,16070,1878,6367,1957,8615,3651,13061,14058,21206,22769,6696,13612,3947,8263,1766,12109,3525,6676,12240,9136,2246,150,7450,1,26:50
2024-25,1631245,Quenton Jackson,Quenton,1610612754,IND,Indiana Pacers,0022400029,2024-11-22T00:00:00,IND @ MIL,L,22.183333333333334,4.9,9.7,0.5,0.0,3.2,0.0,4.9,4.9,1.0,1.6,1.6,3.2,4.9,3.2,0.0,0.0,1.6,3.2,4.9,14.6,-40.6,22.6,0,0,22.7,1,13222,1,13222,14357,14747,17498,8526,15070,17185,15070,4240,6172,1,9831,20625,19123,7759,5678,12854,8263,4376,9675,4355,13286,24888,19842,2246,150,19200,1,22:11
2024-25,1642259,Alex Sarr,Alex,1610612764,WAS,Washington Wizards,0022400028,2024-11-22T00:00:00,WAS vs. BOS,L,28.42,3.8,11.4,0.333,0.0,2.5,0.0,0.0,0.0,0.0,3.8,7.6,11.4,1.3,1.3,0.0,1.3,2.5,3.8,0.0,7.6,-11.4,25.7,0,0,22.8,1,13222,1,13222,9197,17564,14658,17395,15070,18563,15070,13505,14344,13505,3887,5330,4049,18768,13992,12854,5816,1983,7738,17725,20242,18485,17807,2246,150,19141,1,28:25
2024-25,201599,DeAndre Jordan,DeAndre,1610612743,DEN,Denver Nuggets,0022400033,2024-11-22T00:00:00,DEN vs. DAL,L,4.8566666666666665,7.4,14.8,0.5,0.0,0.0,0.0,7.4,14.8,0.5,7.4,0.0,7.4,0.0,0.0,0.0,0.0,0.0,7.4,7.4,22.2,-14.8,31.1,0,0,29.6,1,13222,1,13222,24042,7983,8857,8526,15070,20945,15070,1725,367,10625,992,22137,9347,19908,16469,12854,8263,8846,1704,1380,6054,19836,13967,2246,150,14204,1,4:51
2024-25,1630592,Jalen Wilson,Jalen,1610612751,BKN,Brooklyn Nets,0022400027,2024-11-22T00:00:00,BKN @ PHI,L,20.633333333333333,5.2,12.2,0.429,0.0,5.2,0.0,0.0,0.0,0.0,7.0,3.5,10.5,1.7,0.0,0.0,0.0,1.7,0.0,1.7,10.5,-15.7,25.6,0,0,22.7,1,13222,1,13222,15533,13715,13238,13735,15070,12625,15070,13505,14344,13505,1156,15270,4941,17248,16469,12854,8263,4036,20257,14132,17692,20155,17848,2246,150,19228,1,20:38
2024-25,202691,Klay Thompson,Klay,1610612742,DAL,Dallas Mavericks,0022400033,2024-11-22T00:00:00,DAL @ DEN,W,23.4,0.0,12.3,0.0,0.0,6.2,0.0,0.0,0.0,0.0,1.5,4.6,6.2,6.2,3.1,0.0,1.5,0.0,3.1,0.0,0.0,13.8,18.2,0,0,15.4,1,1,13086,1,13381,22635,13058,22635,15070,10307,15070,13505,14344,13505,10163,11943,11931,5241,6197,12854,4729,8846,10366,17725,23200,6059,22028,2246,150,22924,1,23:24
2024-25,1629162,Jordan McLaughlin,Jordan,1610612758,SAC,Sacramento Kings,0022400034,2024-11-22T00:00:00,SAC @ LAC,L,7.633333333333334,0.0,4.7,0.0,0.0,4.7,0.0,0.0,0.0,0.0,4.7,9.4,14.1,0.0,4.7,0.0,0.0,0.0,0.0,4.7,0.0,-47.2,12.3,0,0,14.1,1,13222,1,13222,22940,22635,23663,22635,15070,13916,15070,13505,14344,13505,2655,3090,2168,19908,2698,12854,8263,8846,20257,4690,23200,25275,23953,2246,150,23375,1,7:38
2024-25,203471,Dennis Schröder,Dennis,1610612751,BKN,Brooklyn Nets,0022400027,2024-11-22T00:00:00,BKN @ PHI,L,34.18333333333333,3.2,7.4,0.429,1.1,4.2,0.25,1.1,1.1,1.0,0.0,3.2,3.2,7.4,7.4,0.0,1.1,1.1,2.1,5.3,8.4,1.1,19.1,0,0,22.1,1,13222,1,13222,4106,19084,21105,13735,14230,15090,11902,13069,14129,1,14058,16228,19346,3541,750,12854,7110,7466,14587,3682,19575,12119,21608,2246,150,19607,1,34:11
2024-25,1631200,Kris Murray,Kris,1610612757,POR,Portland Trail Blazers,0022400031,2024-11-22T00:00:00,POR @ HOU,L,23.7,6.1,12.2,0.5,1.5,6.1,0.25,1.5,3.0,0.5,1.5,4.6,6.1,0.0,1.5,0.0,0.0,1.5,0.0,1.5,15.2,-33.4,21.0,0,0,22.8,1,13222,1,13222,13150,11289,13327,8526,11968,10500,11902,11755,9881,10625,10241,12104,12102,19908,12663,12854,8263,4698,20257,14927,12718,24222,20712,2246,150,19148,1,23:42
2024-25,201587,Nicolas Batum,Nicolas,1610612746,LAC,LA Clippers,0022400034,2024-11-22T00:00:00,LAC vs. SAC,W,18.2,5.9,11.9,0.5,5.9,9.9,0.6,0.0,0.0,0.0,0.0,5.9,5.9,0.0,0.0,0.0,0.0,2.0,4.0,0.0,17.8,13.8,24.9,0,0,29.7,1,1,13086,1,17440,11691,13824,8526,1352,3621,2992,13505,14344,13505,14058,8474,12442,19908,16469,12854,8263,3291,7260,17725,10024,6059,18344,2246,150,14184,1,18:12
2024-25,1642277,Johnny Furphy,Johnny,1610612754,IND,Indiana Pacers,0022400029,2024-11-22T00:00:00,IND @ MIL,L,13.65,2.6,5.3,0.5,2.6,2.6,1.0,0.0,0.0,0.0,5.3,5.3,10.5,5.3,0.0,2.6,0.0,0.0,0.0,0.0,7.9,23.7,36.4,0,0,31.6,1,13222,1,13222,20388,20206,23277,8526,7717,18381,1,13505,14344,13505,2119,10087,4863,6880,16469,4050,8263,8846,20257,17725,19987,3083,10084,2246,150,12673,1,13:39
2024-25,1628467,Maxi Kleber,Maxi,1610612742,DAL,Dallas Mavericks,0022400033,2024-11-22T00:00:00,DAL @ DEN,W,10.621666666666666,0.0,0.0,0.0,0.0,0.0,0.0,0.0,0.0,0.0,0.0,6.8,6.8,6.8,0.0,0.0,0.0,0.0,20.3,0.0,0.0,-37.3,18.3,0,0,13.6,1,1,13086,1,21868,22635,24836,22635,15070,20945,15070,13505,14344,13505,14058,6738,10580,4320,16469,12854,8263,8846,117,17725,23200,24641,21967,2246,150,23542,1,10:37
2024-25,1628368,De'Aaron Fox,De'Aaron,1610612758,SAC,Sacramento Kings,0022400034,2024-11-22T00:00:00,SAC @ LAC,L,42.7,8.4,16.9,0.5,0.8,5.9,0.143,6.7,8.4,0.8,1.7,4.2,5.9,5.9,2.5,0.8,0.0,0.0,0.0,7.6,24.4,-3.4,40.4,0,0,38.8,1,13222,1,13222,180,5744,5967,8526,15041,10937,14649,2202,2243,7681,9626,13067,12522,5670,8123,12802,8263,8846,20257,1269,4519,14746,7527,2246,150,7529,1,42:42
2024-25,1630578,Alperen Sengun,Alperen,1610612745,HOU,Houston Rockets,0022400031,2024-11-22T00:00:00,HOU vs. POR,W,25.073333333333334,10.1,18.7,0.538,0.0,1.4,0.0,0.0,1.4,0.0,2.9,8.6,11.5,4.3,4.3,1.4,0.0,1.4,2.9,5.7,20.1,15.8,40.3,0,0,38.8,1,1,13086,1,11938,3166,4056,7978,15070,20340,15070,13505,13556,13505,5666,3922,3970,9106,3309,8726,8263,5038,11305,2986,7837,5329,7546,2246,150,7541,1,25:04
2024-25,1629008,Michael Porter Jr.,Michael,1610612743,DEN,Denver Nuggets,0022400033,2024-11-22T00:00:00,DEN vs. DAL,L,35.961666666666666,7.0,12.0,0.583,2.0,3.0,0.667,1.0,2.0,0.5,1.0,4.0,5.0,5.0,1.0,0.0,0.0,0.0,4.0,1.0,17.0,-7.0,29.5,0,0,29.0,1,13222,1,13222,2710,8915,13563,6296,10152,17634,1957,13234,12718,10625,13243,13709,14783,7464,15840,12854,8263,8846,7130,17395,10829,16503,15118,2246,150,14675,1,35:58
2024-25,1627783,Pascal Siakam,Pascal,1610612754,IND,Indiana Pacers,0022400029,2024-11-22T00:00:00,IND @ MIL,L,33.86333333333334,9.6,17.0,0.563,1.1,5.3,0.2,6.4,8.5,0.75,1.1,7.4,8.5,1.1,2.1,1.1,0.0,0.0,3.2,4.3,26.6,-10.6,39.4,0,0,39.3,1,13222,1,13222,4395,3778,5794,7127,14175,12425,13429,2519,2186,8186,12768,5599,7459,19470,9873,11358,8263,8846,9904,5715,3396,18156,8108,2246,150,7172,1,33:52
2024-25,1628398,Kyle Kuzma,Kyle,1610612764,WAS,Washington Wizards,0022400028,2024-11-22T00:00:00,WAS vs. BOS,L,34.56666666666667,10.4,19.8,0.526,1.0,3.1,0.333,0.0,1.0,0.0,0.0,3.1,3.1,1.0,1.0,1.0,0.0,0.0,4.2,2.1,21.9,6.2,29.3,0,0,29.2,1,13222,1,13222,3807,2807,3126,8379,14297,17412,9209,13505,14147,13505,14058,16342,19425,19557,15548,11573,8263,8846,6652,12691,6309,9494,15313,2246,150,14576,1,34:34
2024-25,1630541,Moses Moody,Moses,1610612744,GSW,Golden State Warriors,0022400032,2024-11-22T00:00:00,GSW @ NOP,W,19.586666666666666,1.8,7.4,0.25,0.0,3.7,0.0,1.8,1.8,1.0,0.0,3.7,3.7,1.8,0.0,0.0,1.8,0.0,3.7,1.8,5.5,1.8,18.2,0,0,14.7,1,1,13086,1,16342,21692,21139,20233,15070,16275,15070,11152,13133,1,14058,14715,18139,16974,16469,12854,3964,8846,8182,13785,21726,11719,22004,2246,150,23172,1,19:35
2024-25,1631095,Jabari Smith Jr.,Jabari,1610612745,HOU,Houston Rockets,0022400031,2024-11-22T00:00:00,HOU vs. POR,W,20.25,3.6,12.4,0.286,1.8,5.3,0.333,0.0,0.0,0.0,0.0,3.6,3.6,0.0,0.0,0.0,0.0,1.8,5.3,1.8,8.9,-14.2,13.2,0,0,14.2,1,1,13086,1,15822,18189,12822,19630,11151,12367,9209,13505,14344,13505,14058,15069,18430,19908,16469,12854,8263,3958,3956,14007,19185,19591,23729,2246,150,23352,1,20:15
2024-25,1627780,Gary Payton II,Gary,1610612744,GSW,Golden State Warriors,0022400032,2024-11-22T00:00:00,GSW @ NOP,W,16.173333333333332,4.5,8.9,0.5,0.0,2.2,0.0,0.0,0.0,0.0,2.2,0.0,2.2,2.2,0.0,4.5,0.0,0.0,2.2,0.0,8.9,6.7,28.3,0,0,22.3,1,1,13086,1,18813,15923,18859,8526,15070,19123,15070,13505,14344,13505,7509,22137,21363,15527,16469,1261,8263,8846,13981,17725,19175,9299,16022,2246,150,19525,1,16:10
2024-25,1630256,Jae'Sean Tate,Jae'Sean,1610612745,HOU,Houston Rockets,0022400031,2024-11-22T00:00:00,HOU vs. POR,W,8.816666666666666,0.0,0.0,0.0,0.0,0.0,0.0,4.1,8.2,0.5,0.0,16.3,16.3,0.0,12.2,8.2,0.0,0.0,8.2,4.1,4.1,4.1,35.9,0,0,36.7,1,1,13086,1,22526,22635,24836,22635,15070,20945,15070,5553,2399,10625,14058,394,1317,19908,198,198,8263,8846,1292,6087,22514,10600,10408,2246,150,8882,1,8:49
2024-25,1630202,Payton Pritchard,Payton,1610612738,BOS,Boston Celtics,0022400028,2024-11-22T00:00:00,BOS @ WAS,W,22.558333333333334,4.8,9.6,0.5,1.6,4.8,0.333,3.2,4.8,0.667,1.6,1.6,3.2,6.4,0.0,1.6,0.0,1.6,3.2,3.2,14.4,0.0,32.6,0,0,28.7,1,1,13086,1,14071,14988,17817,8526,11687,13740,9209,7350,6328,9425,9941,20686,19256,4875,16469,8000,8263,4445,9897,8592,13542,12240,12912,2246,150,14909,1,22:34
2024-25,1627759,Jaylen Brown,Jaylen,1610612738,BOS,Boston Celtics,0022400028,2024-11-22T00:00:00,BOS @ WAS,W,37.2,10.6,26.1,0.407,2.9,12.6,0.231,5.8,7.7,0.75,2.9,7.7,10.6,4.8,2.9,0.0,0.0,0.0,2.9,5.8,30.0,3.9,47.1,1,0,48.4,1,1,13086,1,1859,2562,623,14925,6858,1489,13279,3080,2717,8186,5585,5093,4772,7819,6832,12854,8263,8846,11181,2893,2090,10716,4269,1,150,3023,1,37:12
2024-25,1627741,Buddy Hield,Buddy,1610612744,GSW,Golden State Warriors,0022400032,2024-11-22T00:00:00,GSW @ NOP,W,19.296666666666667,5.6,18.7,0.3,3.7,13.1,0.286,7.5,7.5,1.0,1.9,9.3,11.2,0.0,0.0,0.0,0.0,3.7,5.6,3.7,22.4,18.7,35.8,0,0,37.3,1,1,13086,1,16590,12711,4065,19363,4619,1269,11433,1694,2948,1,8961,3181,4240,19908,16469,12854,8263,779,3551,7047,5933,4359,10497,2246,150,8502,1,19:18
2024-25,1627750,Jamal Murray,Jamal,1610612743,DEN,Denver Nuggets,0022400033,2024-11-22T00:00:00,DEN vs. DAL,L,39.233333333333334,3.7,14.7,0.25,3.7,10.1,0.364,1.8,1.8,1.0,0.0,4.6,4.6,10.1,2.8,0.0,2.8,0.0,2.8,1.8,12.8,0.0,39.0,1,0,36.7,1,13222,1,13222,800,17913,9083,20233,4756,3383,9100,11159,13138,1,14058,12015,15837,1389,7369,12854,2017,8846,11829,13788,15246,12240,8411,1,150,8914,1,39:14
2024-25,1628464,Daniel Theis,Daniel,1610612740,NOP,New Orleans Pelicans,0022400032,2024-11-22T00:00:00,NOP vs. GSW,L,18.483333333333334,1.9,9.7,0.2,1.9,5.8,0.333,0.0,0.0,0.0,1.9,7.8,9.7,3.9,0.0,0.0,5.8,0.0,5.8,3.9,5.8,-15.6,40.9,0,0,33.1,1,13222,1,13222,17211,21499,17494,21401,10415,11095,9209,13505,14344,13505,8631,5023,5747,10244,16469,12854,340,8846,3148,6574,21496,20117,7224,2246,150,11560,1,18:29
2024-25,1629655,Daniel Gafford,Daniel,1610612742,DAL,Dallas Mavericks,0022400033,2024-11-22T00:00:00,DAL @ DEN,W,27.001666666666665,6.7,9.3,0.714,0.0,0.0,0.0,4.0,5.3,0.75,4.0,4.0,8.0,1.3,0.0,4.0,1.3,1.3,2.7,5.3,17.3,6.7,44.9,0,0,37.3,1,1,13086,1,10331,9787,18228,2752,15070,20945,15070,5695,5417,8186,3595,13727,8276,18557,16469,1638,5510,5485,12180,3590,10494,9304,5214,2246,150,8486,1,27:00
2024-25,1629651,Nic Claxton,Nic,1610612751,BKN,Brooklyn Nets,0022400027,2024-11-22T00:00:00,BKN @ PHI,L,22.216666666666665,9.7,14.6,0.667,0.0,0.0,0.0,0.0,0.0,0.0,1.6,11.3,13.0,4.9,0.0,0.0,0.0,1.6,1.6,0.0,19.4,3.2,42.3,0,0,37.3,1,13222,1,13222,14337,3578,9230,3281,15070,20945,15070,13505,14344,13505,9845,1724,2827,7772,16469,12854,8263,4380,16808,17725,8425,10995,6476,2246,150,8531,1,22:13
2024-25,201942,DeMar DeRozan,DeMar,1610612758,SAC,Sacramento Kings,0022400034,2024-11-22T00:00:00,SAC @ LAC,L,36.11666666666667,6.0,18.9,0.316,0.0,5.0,0.0,4.0,8.0,0.5,0.0,6.0,6.0,2.0,2.0,1.0,1.0,3.0,3.0,7.0,15.9,-8.0,30.1,0,0,27.9,1,13222,1,13222,2598,11573,3807,19148,15070,13241,15070,5714,2534,10625,14058,8375,12337,16399,10548,11988,7495,1355,10777,1674,11969,16966,14733,2246,150,15491,1,36:07
2024-25,1641739,Toumani Camara,Toumani,1610612757,POR,Portland Trail Blazers,0022400031,2024-11-22T00:00:00,POR @ HOU,L,25.866666666666667,5.6,18.1,0.308,4.2,12.5,0.333,0.0,0.0,0.0,0.0,4.2,4.2,4.2,0.0,1.4,1.4,0.0,2.8,0.0,15.3,-5.6,34.9,0,0,33.4,1,13222,1,13222,11270,12799,4570,19226,3623,1511,9209,13505,14344,13505,14058,13183,16868,9456,16469,8950,5263,8846,11712,17725,12613,15866,11100,2246,150,11316,1,25:52
2024-25,201935,James Harden,James,1610612746,LAC,LA Clippers,0022400034,2024-11-22T00:00:00,LAC vs. SAC,W,36.24666666666667,5.0,17.9,0.278,2.0,9.9,0.2,9.9,9.9,1.0,0.0,6.0,6.0,8.9,4.0,3.0,1.0,2.0,0.0,4.0,21.9,13.9,50.4,0,0,46.7,1,1,13086,1,2509,14487,4830,20025,10231,3576,13429,715,1395,1,14058,8426,12388,2070,3934,3206,7516,3270,20257,6384,6329,6048,3164,2246,150,3598,1,36:15
2024-25,1630552,Jalen Johnson,Jalen,1610612737,ATL,Atlanta Hawks,0022400030,2024-11-22T00:00:00,ATL @ CHI,L,36.75,9.8,18.6,0.526,2.0,4.9,0.4,2.9,3.9,0.75,3.9,8.8,12.7,4.9,1.0,0.0,2.0,1.0,0.0,2.0,24.5,-20.6,52.0,1,0,48.0,1,13222,1,13222,2159,3476,4107,8379,10354,13442,7874,7980,8010,8186,3696,3703,2976,7686,15978,12854,3607,8097,20257,13276,4496,21717,2706,1,150,3132,1,36:45
2024-25,1630214,Xavier Tillman,Xavier,1610612738,BOS,Boston Celtics,0022400028,2024-11-22T00:00:00,BOS @ WAS,W,8.61,0.0,8.4,0.0,0.0,4.2,0.0,0.0,0.0,0.0,0.0,8.4,8.4,0.0,0.0,0.0,8.4,0.0,4.2,0.0,0.0,8.4,35.1,0,0,25.1,1,1,13086,1,22595,22635,19701,22635,15070,15168,15070,13505,14344,13505,14058,4200,7670,19908,16469,12854,128,8846,6606,17725,23200,8455,10980,2246,150,17615,1,8:37
2024-25,1629027,Trae Young,Trae,1610612737,ATL,Atlanta Hawks,0022400030,2024-11-22T00:00:00,ATL @ CHI,L,37.516666666666666,7.7,17.3,0.444,1.0,7.7,0.125,7.7,7.7,1.0,0.0,1.0,1.0,12.5,3.8,3.8,1.0,1.0,1.9,4.8,24.0,-8.6,54.4,1,0,48.0,1,13222,1,13222,1673,7312,5484,13045,14752,7036,14886,1567,2759,1,14058,22038,23239,621,4209,1805,7751,8265,15577,4508,4809,17257,2113,1,150,3150,1,37:31
2024-25,203967,Dario Šarić,Dario,1610612743,DEN,Denver Nuggets,0022400033,2024-11-22T00:00:00,DEN vs. DAL,L,3.683333333333333,0.0,19.5,0.0,0.0,9.8,0.0,19.5,19.5,1.0,19.5,9.8,29.3,0.0,9.8,0.0,0.0,0.0,9.8,9.8,19.5,-68.4,45.0,0,0,48.9,1,13222,1,13222,24631,22635,3306,22635,15070,3749,15070,81,147,1,58,2744,100,19908,342,12854,8263,8846,749,459,8312,25858,5202,2246,150,2866,1,3:41
2024-25,1627884,Derrick Jones Jr.,Derrick,1610612746,LAC,LA Clippers,0022400034,2024-11-22T00:00:00,LAC vs. SAC,W,30.266666666666666,7.1,15.5,0.462,0.0,4.8,0.0,5.9,5.9,1.0,2.4,2.4,4.8,1.2,0.0,1.2,0.0,3.6,3.6,3.6,20.2,13.1,31.3,0,0,28.5,1,1,13086,1,7529,8611,7877,12428,15070,13812,15070,2918,4550,1,6985,18545,15410,19051,16469,10267,8263,863,8532,7481,7721,6362,13842,2246,150,15027,1,30:16
2024-25,1641716,Jarace Walker,Jarace,1610612754,IND,Indiana Pacers,0022400029,2024-11-22T00:00:00,IND @ MIL,L,24.186666666666667,3.0,6.0,0.5,1.5,3.0,0.5,1.5,3.0,0.5,3.0,6.0,8.9,3.0,1.5,0.0,1.5,0.0,3.0,1.5,8.9,-1.5,27.1,0,0,25.3,1,13222,1,13222,12739,19479,22653,8526,12085,17710,3944,11817,10035,10625,5401,8441,6848,13009,12802,12854,4896,8846,10827,15049,19154,13795,16879,2246,150,17431,1,24:11
2024-25,1631207,Dalen Terry,Dalen,1610612741,CHI,Chicago Bulls,0022400030,2024-11-22T00:00:00,CHI vs. ATL,W,22.383333333333333,3.2,6.4,0.5,3.2,3.2,1.0,9.7,9.7,1.0,0.0,1.6,1.6,6.4,3.2,3.2,0.0,1.6,1.6,4.8,19.3,14.5,37.3,0,0,37.0,1,1,13086,1,14203,18958,22172,8526,5911,17238,1,793,1526,1,14058,20656,22428,4808,5774,2704,8263,4410,16838,4447,8552,5829,9465,2246,150,8726,1,22:23
2024-25,1630530,Trey Murphy III,Trey,1610612740,NOP,New Orleans Pelicans,0022400032,2024-11-22T00:00:00,NOP vs. GSW,L,38.06666666666667,8.5,16.1,0.529,4.7,8.5,0.556,0.9,1.9,0.5,0.9,2.8,3.8,3.8,0.0,0.0,0.9,0.0,1.9,0.9,22.7,-3.8,35.7,0,0,36.9,1,13222,1,13222,1345,5595,7006,8281,2681,5569,3747,13382,13004,10625,13682,17279,17870,10554,16469,12854,7858,8846,15735,17555,5708,14938,10542,2246,150,8793,1,38:04
2024-25,1641998,Trey Jemison III,Trey,1610612740,NOP,New Orleans Pelicans,0022400032,2024-11-22T00:00:00,NOP vs. GSW,L,11.5,3.1,3.1,1.0,0.0,0.0,0.0,0.0,3.1,0.0,3.1,9.4,12.5,0.0,0.0,3.1,0.0,0.0,6.3,3.1,6.3,-21.9,30.7,0,0,25.0,1,13222,1,13222,21490,19133,24449,1,15070,20945,15070,13505,9642,13505,5076,3117,3117,19908,16469,2872,8263,8846,2641,8781,21204,22048,14294,2246,150,17647,1,11:30
2024-25,1629750,Javonte Green,Javonte,1610612740,NOP,New Orleans Pelicans,0022400032,2024-11-22T00:00:00,NOP vs. GSW,L,19.531666666666666,11.1,16.6,0.667,1.8,5.5,0.333,3.7,5.5,0.667,0.0,7.4,7.4,3.7,1.8,1.8,1.8,0.0,7.4,3.7,27.6,-7.4,51.2,0,0,47.9,1,13222,1,13222,16396,2213,6320,3281,10906,11892,9209,6315,5147,9425,14058,5715,9423,10824,11353,7063,3946,8846,1728,7164,2913,16669,2917,2246,150,3166,1,19:32
2024-25,1629111,Jock Landale,Jock,1610612745,HOU,Houston Rockets,0022400031,2024-11-22T00:00:00,HOU vs. POR,W,6.5,5.5,5.5,1.0,0.0,0.0,0.0,0.0,0.0,0.0,0.0,5.5,5.5,0.0,0.0,0.0,5.5,0.0,0.0,0.0,11.1,11.1,34.3,0,0,27.7,1,1,13086,1,23365,12880,23055,1,15070,20945,15070,13505,14344,13505,14058,9430,13446,19908,16469,12854,387,8846,20257,17725,17116,7202,11563,2246,150,15637,1,6:30
2024-25,1630570,Trendon Watford,Trendon,1610612751,BKN,Brooklyn Nets,0022400027,2024-11-22T00:00:00,BKN @ PHI,L,15.65,6.9,16.1,0.429,0.0,6.9,0.0,0.0,0.0,0.0,0.0,6.9,6.9,4.6,4.6,0.0,0.0,4.6,6.9,2.3,13.8,-48.3,24.4,0,0,25.3,1,13222,1,13222,19166,9153,6973,13735,15070,8662,15070,13505,14344,13505,14058,6528,10322,8408,2850,12854,8263,463,2057,11737,14152,25332,18691,2246,150,17428,1,15:39
2024-25,1627826,Ivica Zubac,Ivica,1610612746,LAC,LA Clippers,0022400034,2024-11-22T00:00:00,LAC vs. SAC,W,30.816666666666666,5.8,9.3,0.625,0.0,0.0,0.0,0.0,0.0,0.0,4.7,12.9,17.5,4.7,4.7,0.0,1.2,0.0,4.7,1.2,11.7,9.3,38.6,1,0,36.2,1,1,13086,1,7026,11986,18207,4899,15070,20945,15070,13505,14344,13505,2713,1065,1008,8250,2753,12854,6374,8846,5355,16560,16481,8020,8671,1,150,9216,1,30:49
2024-25,1629645,Kevin Porter Jr.,Kevin,1610612746,LAC,LA Clippers,0022400034,2024-11-22T00:00:00,LAC vs. SAC,W,25.7,9.8,22.4,0.438,0.0,7.0,0.0,0.0,0.0,0.0,0.0,8.4,8.4,2.8,0.0,1.4,0.0,1.4,1.4,2.8,19.6,15.4,38.1,0,0,33.6,1,1,13086,1,11405,3468,1628,13558,15070,8457,15070,13505,14344,13505,14058,4155,7611,13582,16469,8892,8263,5175,17619,9955,8247,5467,8960,2246,150,11143,1,25:42
2024-25,1630224,Jalen Green,Jalen,1610612745,HOU,Houston Rockets,0022400031,2024-11-22T00:00:00,HOU vs. POR,W,29.666666666666668,7.3,20.6,0.353,3.6,12.1,0.3,2.4,2.4,1.0,1.2,4.9,6.1,1.2,2.4,1.2,0.0,1.2,2.4,2.4,20.6,19.4,30.9,0,0,34.0,1,1,13086,1,8079,8259,2559,17268,4824,1705,11319,9250,11397,1,11703,11266,12120,18974,8543,10064,8263,6163,13084,11240,7368,4137,14091,2246,150,10869,1,29:40
2024-25,1628988,Aaron Holiday,Aaron,1610612745,HOU,Houston Rockets,0022400031,2024-11-22T00:00:00,HOU vs. POR,W,8.816666666666666,4.1,20.4,0.2,4.1,20.4,0.2,0.0,0.0,0.0,0.0,0.0,0.0,8.2,0.0,0.0,0.0,0.0,0.0,4.1,12.2,4.1,24.5,0,0,24.5,1,1,13086,1,22526,16879,2681,21401,3820,217,13429,13505,14344,13505,14058,22137,23286,2726,16469,12854,8263,8846,20257,6087,15868,10600,18611,2246,150,18008,1,8:49
2024-25,1626172,Kevon Looney,Kevon,1610612744,GSW,Golden State Warriors,0022400032,2024-11-22T00:00:00,GSW @ NOP,W,14.166666666666666,5.1,5.1,1.0,0.0,0.0,0.0,0.0,0.0,0.0,5.1,12.7,17.8,5.1,0.0,0.0,0.0,0.0,5.1,2.5,10.2,7.6,39.1,0,0,33.0,1,1,13086,1,20100,14137,23404,1,15070,20945,15070,13505,14344,13505,2298,1097,947,7281,16469,12854,8263,8846,4417,10834,17985,8818,8310,2246,150,11632,1,14:10
2024-25,203992,Bogdan Bogdanović,Bogdan,1610612737,ATL,Atlanta Hawks,0022400030,2024-11-22T00:00:00,ATL @ CHI,L,26.166666666666668,8.3,15.1,0.545,5.5,11.0,0.5,0.0,0.0,0.0,0.0,1.4,1.4,5.5,1.4,1.4,0.0,1.4,2.8,2.8,22.0,0.0,34.7,0,0,37.1,1,13222,1,13222,11032,6075,8372,7695,1733,2482,3944,13505,14344,13505,14058,21139,22729,6419,13426,9036,8263,5276,11832,10141,6205,12240,11322,2246,150,8620,1,26:10
2024-25,1629656,Quentin Grimes,Quentin,1610612742,DAL,Dallas Mavericks,0022400033,2024-11-22T00:00:00,DAL @ DEN,W,28.77166666666667,6.3,11.3,0.556,2.5,5.0,0.5,2.5,2.5,1.0,1.3,3.8,5.0,3.8,0.0,2.5,0.0,0.0,0.0,1.3,17.5,10.0,36.7,0,0,33.8,1,1,13086,1,8865,10832,14907,7248,8141,13203,3944,9042,11202,1,11478,14457,14784,10639,16469,4380,8263,8846,20257,16126,10309,7694,9914,2246,150,11009,1,28:46
2024-25,201145,Jeff Green,Jeff,1610612745,HOU,Houston Rockets,0022400031,2024-11-22T00:00:00,HOU vs. POR,W,7.466666666666667,9.6,14.5,0.667,4.8,4.8,1.0,0.0,0.0,0.0,0.0,4.8,4.8,0.0,0.0,0.0,0.0,0.0,0.0,0.0,24.1,9.6,29.9,0,0,33.8,1,1,13086,1,23013,3664,9407,3281,2526,13642,1,13505,14344,13505,14058,11365,15242,19908,16469,12854,8263,8846,20257,17725,4727,7867,14881,2246,150,11030,1,7:28
2024-25,1626167,Myles Turner,Myles,1610612754,IND,Indiana Pacers,0022400029,2024-11-22T00:00:00,IND @ MIL,L,32.833333333333336,6.6,12.1,0.545,3.3,5.5,0.6,0.0,0.0,0.0,1.1,7.7,8.8,1.1,4.4,1.1,2.2,0.0,4.4,1.1,16.4,-19.7,34.1,0,0,36.2,1,13222,1,13222,5298,9990,13491,7695,5702,12003,2992,13505,14344,13505,12493,5197,7071,19354,3162,11047,2960,8846,6050,16925,11448,21473,11730,2246,150,9234,1,32:50
2024-25,1630699,MarJon Beauchamp,MarJon,1610612749,MIL,Milwaukee Bucks,0022400029,2024-11-22T00:00:00,MIL vs. IND,W,0.51,0.0,0.0,0.0,0.0,0.0,0.0,0.0,0.0,0.0,0.0,0.0,0.0,0.0,0.0,0.0,0.0,0.0,0.0,0.0,0.0,141.2,0.0,0,0,0.0,1,1,13086,1,26203,22635,24836,22635,15070,20945,15070,13505,14344,13505,14058,22137,23286,19908,16469,12854,8263,8846,20257,17725,23200,27,25228,2246,150,25259,1,0:31
2024-25,1631128,Christian Braun,Christian,1610612743,DEN,Denver Nuggets,0022400033,2024-11-22T00:00:00,DEN vs. DAL,L,29.356666666666666,7.4,11.0,0.667,2.5,3.7,0.667,3.7,7.4,0.5,4.9,1.2,6.1,0.0,2.5,1.2,1.2,0.0,2.5,3.7,20.8,-11.0,33.1,0,0,34.3,1,13222,1,13222,8342,8109,15305,3281,8315,16269,1957,6334,3044,10625,2456,21455,11975,19908,8444,9974,6016,8846,12976,7189,7203,18337,12507,2246,150,10574,1,29:21
2024-25,202681,Kyrie Irving,Kyrie,1610612742,DAL,Dallas Mavericks,0022400033,2024-11-22T00:00:00,DAL @ DEN,W,38.07833333333333,6.6,18.0,0.368,0.9,5.7,0.167,3.8,3.8,1.0,0.9,4.7,5.7,5.7,2.8,0.9,0.9,0.9,2.8,2.8,18.0,5.7,36.1,0,0,34.0,1,1,13086,1,1342,9886,4739,16823,14811,11519,14236,6123,8296,1,13687,11621,13103,6094,7084,12397,7863,8375,11482,9841,9882,9768,10290,2246,150,10824,1,38:05
2024-25,203500,Steven Adams,Steven,1610612745,HOU,Houston Rockets,0022400031,2024-11-22T00:00:00,HOU vs. POR,W,14.983333333333333,0.0,0.0,0.0,0.0,0.0,0.0,2.4,4.8,0.5,0.0,2.4,2.4,7.2,7.2,0.0,0.0,0.0,2.4,2.4,2.4,36.0,8.9,0,0,12.0,1,1,13086,1,19573,22635,24836,22635,15070,20945,15070,9327,6291,10625,14058,18472,21002,3746,812,12854,8263,8846,13194,11338,23097,1283,24590,2246,150,23967,1,14:59
2024-25,1641871,Duop Reath,Duop,1610612757,POR,Portland Trail Blazers,0022400031,2024-11-22T00:00:00,POR @ HOU,L,11.673333333333334,3.1,9.3,0.333,0.0,6.2,0.0,0.0,0.0,0.0,3.1,3.1,6.2,0.0,0.0,0.0,0.0,0.0,6.2,0.0,6.2,-24.7,13.6,0,0,12.3,1,13222,1,13222,21426,19245,18333,17395,15070,10278,15070,13505,14344,13505,5166,16452,11902,19908,16469,12854,8263,8846,2744,17725,21270,22740,23615,2246,150,23914,1,11:40
2024-25,1630169,Tyrese Haliburton,Tyrese,1610612754,IND,Indiana Pacers,0022400029,2024-11-22T00:00:00,IND @ MIL,L,33.88,6.4,14.9,0.429,4.3,10.6,0.4,2.1,2.1,1.0,0.0,1.1,1.1,9.6,1.1,0.0,0.0,1.1,0.0,1.1,19.1,-19.1,33.7,0,0,34.0,1,13222,1,13222,4377,10502,8787,13735,3485,2855,7874,10215,12335,1,14058,21844,23137,1667,15401,12854,8263,7377,20257,17103,8717,21278,12048,2246,150,10849,1,33:53
2024-25,1630581,Josh Giddey,Josh,1610612741,CHI,Chicago Bulls,0022400030,2024-11-22T00:00:00,CHI vs. ATL,W,33.15,8.7,10.9,0.8,1.1,3.3,0.333,1.1,1.1,1.0,1.1,5.4,6.5,8.7,2.2,0.0,2.2,0.0,3.3,2.2,19.5,20.6,44.7,0,0,40.2,1,1,13086,1,5027,5282,15591,1688,14029,17161,9209,12949,14059,1,12584,9717,11144,2280,9627,12854,3010,8846,9623,12285,8312,3775,5311,2246,150,6683,1,33:09
2024-25,1630249,Vít Krejčí,Vít,1610612737,ATL,Atlanta Hawks,0022400030,2024-11-22T00:00:00,ATL @ CHI,L,2.85,0.0,25.3,0.0,0.0,0.0,0.0,0.0,0.0,0.0,0.0,0.0,0.0,0.0,0.0,0.0,0.0,25.3,12.6,12.6,0.0,-37.9,0.0,0,0,0.0,1,13222,1,13222,25047,22635,774,22635,15070,20945,15070,13505,14344,13505,14058,22137,23286,19908,16469,12854,8263,12,368,172,23200,24686,25228,2246,150,25259,1,2:51
2024-25,1630649,Stanley Umude,Stanley,1610612749,MIL,Milwaukee Bucks,0022400029,2024-11-22T00:00:00,MIL vs. IND,W,0.51,0.0,0.0,0.0,0.0,0.0,0.0,0.0,0.0,0.0,0.0,0.0,0.0,0.0,0.0,0.0,0.0,0.0,0.0,0.0,0.0,141.2,0.0,0,0,0.0,1,1,13086,1,26203,22635,24836,22635,15070,20945,15070,13505,14344,13505,14058,22137,23286,19908,16469,12854,8263,8846,20257,17725,23200,27,25228,2246,150,25259,1,0:31
2024-25,1641725,Trey Alexander,Trey,1610612743,DEN,Denver Nuggets,0022400033,2024-11-22T00:00:00,DEN vs. DAL,L,2.3,0.0,0.0,0.0,0.0,0.0,0.0,0.0,0.0,0.0,0.0,0.0,0.0,0.0,0.0,0.0,0.0,0.0,0.0,0.0,0.0,93.9,0.0,0,0,0.0,1,13222,1,13222,25316,22635,24836,22635,15070,20945,15070,13505,14344,13505,14058,22137,23286,19908,16469,12854,8263,8846,20257,17725,23200,101,25228,2246,150,25259,1,2:18
2024-25,1642267,Bub Carrington,Bub,1610612764,WAS,Washington Wizards,0022400028,2024-11-22T00:00:00,WAS vs. BOS,L,22.316666666666666,0.0,8.1,0.0,0.0,3.2,0.0,3.2,3.2,1.0,0.0,1.6,1.6,3.2,3.2,0.0,1.6,1.6,0.0,3.2,3.2,-3.2,11.6,0,0,11.3,1,13222,1,13222,14262,22635,20152,22635,15070,17220,15070,7263,9464,1,14058,20649,22422,12206,5737,12854,4518,4399,20257,8474,22878,14690,24109,2246,150,24155,1,22:19
2024-25,1641763,Julian Phillips,Julian,1610612741,CHI,Chicago Bulls,0022400030,2024-11-22T00:00:00,CHI vs. ATL,W,7.183333333333334,0.0,5.0,0.0,0.0,5.0,0.0,0.0,0.0,0.0,0.0,0.0,0.0,0.0,0.0,0.0,0.0,0.0,10.0,0.0,0.0,-15.0,0.0,0,0,0.0,1,1,13086,1,23100,22635,23457,22635,15070,13184,15070,13505,14344,13505,14058,22137,23286,19908,16469,12854,8263,8846,696,17725,23200,19917,25228,2246,150,25259,1,7:11
2024-25,1627827,Dorian Finney-Smith,Dorian,1610612751,BKN,Brooklyn Nets,0022400027,2024-11-22T00:00:00,BKN @ PHI,L,25.666666666666668,2.8,8.4,0.333,1.4,7.0,0.2,0.0,0.0,0.0,0.0,2.8,2.8,1.4,0.0,0.0,0.0,0.0,1.4,1.4,7.0,-2.8,12.5,0,0,12.6,1,13222,1,13222,11427,19865,19620,17395,12445,8438,13429,13505,14344,13505,14058,17385,20243,18339,16469,12854,8263,8846,17611,15445,20713,14456,23902,2246,150,23828,1,25:40
2024-25,1629726,Garrison Mathews,Garrison,1610612737,ATL,Atlanta Hawks,0022400030,2024-11-22T00:00:00,ATL @ CHI,L,0.7666666666666667,0.0,0.0,0.0,0.0,0.0,0.0,0.0,0.0,0.0,0.0,0.0,0.0,0.0,0.0,0.0,0.0,0.0,0.0,47.0,0.0,-47.0,0.0,0,0,0.0,1,13222,1,13222,26140,22635,24836,22635,15070,20945,15070,13505,14344,13505,14058,22137,23286,19908,16469,12854,8263,8846,20257,3,23200,25267,25228,2246,150,25259,1,0:46
2024-25,1630245,Ayo Dosunmu,Ayo,1610612741,CHI,Chicago Bulls,0022400030,2024-11-22T00:00:00,CHI vs. ATL,W,38.4,7.5,9.4,0.8,1.9,2.8,0.667,1.9,1.9,1.0,0.9,1.9,2.8,7.5,1.9,1.9,0.0,0.0,2.8,1.9,18.8,0.9,37.1,0,0,34.7,1,1,13086,1,1165,7762,18154,1688,10746,18036,1957,11027,13041,1,13730,20033,20217,3400,11182,6889,8263,8846,11586,13610,9078,12197,9606,2246,150,10305,1,38:24
2024-25,1627742,Brandon Ingram,Brandon,1610612740,NOP,New Orleans Pelicans,0022400032,2024-11-22T00:00:00,NOP vs. GSW,L,35.8,7.0,16.1,0.438,2.0,7.0,0.286,2.0,4.0,0.5,1.0,2.0,3.0,7.0,4.0,0.0,2.0,1.0,2.0,6.0,18.1,-2.0,34.3,0,0,34.2,1,13222,1,13222,2822,8840,6983,13558,10115,8378,11433,10605,7796,10625,13215,19626,19676,3968,3837,12854,3451,7870,15078,2578,9735,14051,11597,2246,150,10706,1,35:48
2024-25,1626168,Trey Lyles,Trey,1610612758,SAC,Sacramento Kings,0022400034,2024-11-22T00:00:00,SAC @ LAC,L,18.316666666666666,2.0,7.9,0.25,2.0,7.9,0.25,0.0,0.0,0.0,0.0,7.9,7.9,0.0,0.0,2.0,0.0,0.0,0.0,2.0,5.9,-33.4,21.2,0,0,19.7,1,13222,1,13222,17345,21462,20459,20233,10318,6687,11902,13505,14344,13505,14058,4925,8528,19908,16469,6416,8263,8846,20257,13238,21460,24220,20582,2246,150,21062,1,18:19
2024-25,1641741,Ricky Council IV,Ricky,1610612755,PHI,Philadelphia 76ers,0022400027,2024-11-22T00:00:00,PHI vs. BKN,W,12.133333333333333,0.0,5.9,0.0,0.0,5.9,0.0,0.0,0.0,0.0,0.0,0.0,0.0,0.0,0.0,0.0,0.0,0.0,3.0,0.0,0.0,-26.7,0.0,0,0,0.0,1,1,13086,1,21178,22635,22670,22635,15070,10848,15070,13505,14344,13505,14058,22137,23286,19908,16469,12854,8263,8846,10864,17725,23200,23180,25228,2246,150,25259,1,12:08
2024-25,1630533,Ziaire Williams,Ziaire,1610612751,BKN,Brooklyn Nets,0022400027,2024-11-22T00:00:00,BKN @ PHI,L,11.066666666666666,0.0,3.3,0.0,0.0,3.3,0.0,6.5,6.5,1.0,0.0,0.0,0.0,3.3,0.0,0.0,0.0,0.0,13.0,3.3,6.5,-3.3,11.4,0,0,9.8,1,13222,1,13222,21681,22635,24410,22635,15070,17171,15070,2395,3876,1,14058,22137,23286,12138,16469,12854,8263,8846,340,8398,21044,14700,24158,2246,150,24478,1,11:04
2024-25,203897,Zach LaVine,Zach,1610612741,CHI,Chicago Bulls,0022400030,2024-11-22T00:00:00,CHI vs. ATL,W,33.55,11.8,19.3,0.611,4.3,8.6,0.5,0.0,0.0,0.0,0.0,3.2,3.2,4.3,6.4,0.0,0.0,1.1,2.1,2.1,27.9,5.4,31.8,0,0,39.7,1,1,13086,1,4683,1654,3486,5351,3403,5445,3944,13505,14344,13505,14058,16024,19175,9151,1161,12854,8263,7281,14377,12417,2828,9911,13503,2246,150,6946,1,33:33
2024-25,1641816,Hunter Tyson,Hunter,1610612743,DEN,Denver Nuggets,0022400033,2024-11-22T00:00:00,DEN vs. DAL,L,1.8883333333333334,0.0,19.1,0.0,0.0,0.0,0.0,0.0,0.0,0.0,0.0,0.0,0.0,0.0,0.0,0.0,0.0,0.0,0.0,0.0,0.0,-19.1,0.0,0,0,0.0,1,13222,1,13222,25523,22635,3700,22635,15070,20945,15070,13505,14344,13505,14058,22137,23286,19908,16469,12854,8263,8846,20257,17725,23200,21258,25228,2246,150,25259,1,1:53
2024-25,1630625,Dalano Banton,Dalano,1610612757,POR,Portland Trail Blazers,0022400031,2024-11-22T00:00:00,POR @ HOU,L,12.433333333333334,0.0,17.4,0.0,0.0,8.7,0.0,2.9,5.8,0.5,0.0,5.8,5.8,5.8,5.8,2.9,0.0,0.0,5.8,2.9,2.9,-52.1,21.4,0,0,20.3,1,13222,1,13222,21030,22635,5377,22635,15070,5290,15070,8106,4761,10625,14058,8806,12777,5870,1565,3421,8263,8846,3234,9605,22979,25476,20456,2246,150,20715,1,12:26
2024-25,1641730,Noah Clowney,Noah,1610612751,BKN,Brooklyn Nets,0022400027,2024-11-22T00:00:00,BKN @ PHI,L,18.583333333333332,1.9,3.9,0.5,0.0,1.9,0.0,0.0,0.0,0.0,0.0,7.7,7.7,0.0,0.0,0.0,3.9,1.9,3.9,1.9,3.9,-11.6,24.8,0,0,19.4,1,13222,1,13222,17123,21520,24149,8526,15070,19664,15070,13505,14344,13505,14058,5079,8721,19908,16469,12854,991,3429,7530,13378,22614,18582,18423,2246,150,21219,1,18:35
2024-25,1629632,Coby White,Coby,1610612741,CHI,Chicago Bulls,0022400030,2024-11-22T00:00:00,CHI vs. ATL,W,37.35,5.8,15.4,0.375,2.9,11.6,0.25,4.8,5.8,0.833,1.0,4.8,5.8,8.7,0.0,1.9,0.0,0.0,1.0,2.9,19.3,17.3,45.0,0,0,40.5,1,1,13086,1,1768,12159,7933,16299,6887,2050,11902,4315,4775,7275,13545,11379,12805,2286,16469,6632,8263,8846,19889,9613,8570,4790,5173,2246,150,6504,1,37:21
2024-25,1631124,Julian Strawther,Julian,1610612743,DEN,Denver Nuggets,0022400033,2024-11-22T00:00:00,DEN vs. DAL,L,16.583333333333332,0.0,4.3,0.0,0.0,0.0,0.0,6.5,6.5,1.0,0.0,0.0,0.0,0.0,0.0,2.2,0.0,0.0,6.5,4.3,6.5,-2.2,13.0,0,0,10.9,1,13222,1,13222,18538,22635,23893,22635,15070,20945,15070,2388,3868,1,14058,22137,23286,19908,16469,5508,8263,8846,2394,5488,21043,14138,23761,2246,150,24252,1,16:35
2024-25,1627824,Guerschon Yabusele,Guerschon,1610612755,PHI,Philadelphia 76ers,0022400027,2024-11-22T00:00:00,PHI vs. BKN,W,31.083333333333332,4.6,13.9,0.333,2.3,4.6,0.5,0.0,0.0,0.0,3.5,9.3,12.7,3.5,2.3,1.2,1.2,1.2,3.5,1.2,11.6,11.6,36.7,1,0,34.7,1,1,13086,1,6807,15412,10348,17395,8792,14128,3944,13505,14344,13505,4413,3237,2974,11473,8999,10516,6434,6566,8821,16606,16587,6976,9882,1,150,10261,1,31:05
2024-25,201569,Eric Gordon,Eric,1610612755,PHI,Philadelphia 76ers,0022400027,2024-11-22T00:00:00,PHI vs. BKN,W,19.558333333333334,1.8,16.6,0.111,0.0,11.0,0.0,5.5,7.4,0.75,0.0,1.8,1.8,5.5,0.0,5.5,3.7,0.0,1.8,3.7,9.2,9.2,47.3,0,0,35.0,1,1,13086,1,16376,21681,6350,22520,15070,2447,15070,3390,3033,8186,14058,20132,22101,6385,16469,626,1096,8846,15988,7182,18901,8088,4212,2246,150,10113,1,19:34
2024-25,203926,Doug McDermott,Doug,1610612758,SAC,Sacramento Kings,0022400034,2024-11-22T00:00:00,SAC @ LAC,L,2.9833333333333334,0.0,0.0,0.0,0.0,0.0,0.0,0.0,0.0,0.0,0.0,12.1,12.1,0.0,0.0,0.0,0.0,0.0,12.1,0.0,0.0,-12.1,14.5,0,0,12.1,1,13222,1,13222,24995,22635,24836,22635,15070,20945,15070,13505,14344,13505,14058,1316,3434,19908,16469,12854,8263,8846,415,17725,23200,18762,23335,2246,150,23958,1,2:59
2024-25,1641890,Tyler Smith,Tyler,1610612749,MIL,Milwaukee Bucks,0022400029,2024-11-22T00:00:00,MIL vs. IND,W,0.51,0.0,0.0,0.0,0.0,0.0,0.0,0.0,0.0,0.0,0.0,0.0,0.0,0.0,0.0,0.0,0.0,0.0,0.0,0.0,0.0,141.2,0.0,0,0,0.0,1,1,13086,1,26203,22635,24836,22635,15070,20945,15070,13505,14344,13505,14058,22137,23286,19908,16469,12854,8263,8846,20257,17725,23200,27,25228,2246,150,25259,1,0:31
2024-25,1630264,Anthony Gill,Anthony,1610612764,WAS,Washington Wizards,0022400028,2024-11-22T00:00:00,WAS vs. BOS,L,0.013333333333333334,0.0,0.0,0.0,0.0,0.0,0.0,0.0,0.0,0.0,0.0,0.0,0.0,0.0,0.0,0.0,0.0,0.0,0.0,0.0,0.0,-5400.0,0.0,0,0,0.0,1,13222,1,13222,26297,22635,24836,22635,15070,20945,15070,13505,14344,13505,14058,22137,23286,19908,16469,12854,8263,8846,20257,17725,23200,26305,25228,2246,150,25259,1,0:01
2024-25,1628997,Caleb Martin,Caleb,1610612755,PHI,Philadelphia 76ers,0022400027,2024-11-22T00:00:00,PHI vs. BKN,W,29.65,3.6,7.3,0.5,1.2,3.6,0.333,3.6,4.9,0.75,0.0,0.0,0.0,4.9,2.4,0.0,1.2,0.0,0.0,3.6,12.1,30.4,20.6,0,0,20.6,1,1,13086,1,8089,17981,21227,8526,13293,16344,9209,6402,6186,8186,14058,22137,23286,7784,8538,12854,6089,8846,20257,7275,15991,1926,20881,2246,150,20494,1,29:39
2024-25,1641810,Antonio Reeves,Antonio,1610612740,NOP,New Orleans Pelicans,0022400032,2024-11-22T00:00:00,NOP vs. GSW,L,12.666666666666666,0.0,14.2,0.0,0.0,8.5,0.0,2.8,5.7,0.5,5.7,0.0,5.7,2.8,0.0,0.0,0.0,0.0,2.8,2.8,2.8,-22.7,13.9,0,0,11.4,1,13222,1,13222,20909,22635,9810,22635,15070,5534,15070,8234,4910,10625,1819,22137,13062,13464,16469,12854,8263,8846,11449,9805,22989,22274,23517,2246,150,24138,1,12:40
2024-25,1642263,Reed Sheppard,Reed,1610612745,HOU,Houston Rockets,0022400031,2024-11-22T00:00:00,HOU vs. POR,W,16.466666666666665,2.2,13.1,0.167,2.2,6.6,0.333,0.0,0.0,0.0,0.0,0.0,0.0,4.4,0.0,6.6,4.4,0.0,2.2,0.0,6.6,32.8,45.9,0,0,35.0,1,1,13086,1,18617,21069,11644,21938,9286,9414,9209,13505,14344,13505,14058,22137,23286,8954,16469,363,722,8846,14152,17725,21017,1646,4775,2246,150,10104,1,16:28
2024-25,1628989,Kevin Huerter,Kevin,1610612758,SAC,Sacramento Kings,0022400034,2024-11-22T00:00:00,SAC @ LAC,L,29.016666666666666,0.0,6.2,0.0,0.0,5.0,0.0,0.0,0.0,0.0,0.0,3.7,3.7,1.2,1.2,0.0,2.5,0.0,0.0,1.2,0.0,-3.7,12.5,0,0,9.9,1,13222,1,13222,8656,22635,22424,22635,15070,13291,15070,13505,14344,13505,14058,14560,18013,18882,14158,12854,2413,8846,20257,16179,23200,14901,23887,2246,150,24442,1,29:01
2024-25,1642272,Jared McCain,Jared,1610612755,PHI,Philadelphia 76ers,0022400027,2024-11-22T00:00:00,PHI vs. BKN,W,38.666666666666664,10.2,18.6,0.55,5.6,10.2,0.545,1.9,2.8,0.667,1.9,2.8,4.7,2.8,2.8,1.9,0.0,1.9,2.8,1.9,27.9,7.4,40.5,0,0,44.7,1,1,13086,1,1025,2978,4093,7655,1671,3219,3863,11080,10498,9425,8981,17422,15682,13607,7243,6968,8263,3702,11670,13682,2816,8907,7464,2246,150,4392,1,38:40
2024-25,1630166,Deni Avdija,Deni,1610612757,POR,Portland Trail Blazers,0022400031,2024-11-22T00:00:00,POR @ HOU,L,23.44333333333333,6.1,13.8,0.444,1.5,4.6,0.333,6.1,7.7,0.8,1.5,7.7,9.2,1.5,6.1,0.0,0.0,0.0,4.6,4.6,20.0,-24.6,27.2,0,0,32.2,1,13222,1,13222,13358,11112,10461,13045,11910,14181,9209,2735,2757,7681,10169,5194,6424,17852,1300,12854,8263,8846,5523,4925,7949,22713,16830,2246,150,12166,1,23:27
2024-25,201572,Brook Lopez,Brook,1610612749,MIL,Milwaukee Bucks,0022400029,2024-11-22T00:00:00,MIL vs. IND,W,32.84,4.4,8.8,0.5,1.1,3.3,0.333,2.2,2.2,1.0,3.3,2.2,5.5,3.3,2.2,1.1,1.1,0.0,4.4,3.3,12.1,3.3,28.0,0,0,26.3,1,1,13086,1,5295,16109,19075,8526,13962,17093,9209,9980,12113,1,4771,19093,13590,12025,9539,11052,6816,8846,6054,8282,16088,10979,16267,2246,150,16708,1,32:50
2024-25,1628436,Luke Kornet,Luke,1610612738,BOS,Boston Celtics,0022400028,2024-11-22T00:00:00,BOS @ WAS,W,23.708333333333332,4.6,4.6,1.0,0.0,0.0,0.0,0.0,1.5,0.0,4.6,4.6,9.1,1.5,1.5,1.5,1.5,0.0,1.5,3.0,9.1,22.8,29.9,0,0,25.8,1,1,13086,1,13147,15617,23771,1,15070,20945,15070,13505,13469,13505,2866,12111,6574,17908,12665,8330,4785,8846,17151,9108,18979,3300,14856,2246,150,17057,1,23:43
2024-25,1631101,Shaedon Sharpe,Shaedon,1610612757,POR,Portland Trail Blazers,0022400031,2024-11-22T00:00:00,POR @ HOU,L,23.266666666666666,4.6,13.9,0.333,1.5,4.6,0.333,9.3,9.3,1.0,1.5,0.0,1.5,3.1,0.0,3.1,0.0,0.0,1.5,10.8,20.1,-27.9,35.9,0,0,32.5,1,13222,1,13222,13494,15388,10294,17395,11869,14108,9209,915,1721,1,10125,22137,22508,12622,16469,2939,8263,8846,17059,293,7828,23401,10434,2246,150,11996,1,23:16
2024-25,1642273,Kyshawn George,Kyshawn,1610612764,WAS,Washington Wizards,0022400028,2024-11-22T00:00:00,WAS vs. BOS,L,19.05,1.9,7.6,0.25,1.9,7.6,0.25,0.0,0.0,0.0,0.0,5.7,5.7,0.0,3.8,1.9,0.0,0.0,7.6,0.0,5.7,-9.4,14.4,0,0,17.0,1,13222,1,13222,16782,21600,20847,20233,10678,7255,11902,13505,14344,13505,14058,9122,13110,19908,4372,6811,8263,8846,1593,17725,21616,17644,23377,2246,150,22301,1,19:03
2024-25,1628964,Mo Bamba,Mo,1610612746,LAC,LA Clippers,0022400034,2024-11-22T00:00:00,LAC vs. SAC,W,16.316666666666666,4.4,13.2,0.333,2.2,11.0,0.2,2.2,2.2,1.0,2.2,15.4,17.7,4.4,6.6,2.2,2.2,0.0,11.0,2.2,13.2,19.9,47.7,0,0,46.3,1,1,13086,1,18711,16031,11415,17395,9218,2454,13429,9926,12068,1,7565,493,977,8843,1071,5368,2932,8846,534,12133,14829,3995,4086,2246,150,3710,1,16:19
2024-25,203083,Andre Drummond,Andre,1610612755,PHI,Philadelphia 76ers,0022400027,2024-11-22T00:00:00,PHI vs. BKN,W,16.916666666666668,8.5,17.0,0.5,0.0,0.0,0.0,4.3,8.5,0.5,6.4,6.4,12.8,2.1,0.0,2.1,2.1,0.0,2.1,6.4,21.3,10.6,52.6,0,0,44.7,1,1,13086,1,18307,5593,5777,8526,15070,20945,15070,5245,2181,10625,1428,7534,2960,15903,16469,5667,3128,8846,14472,2200,6843,7398,2574,2246,150,4398,1,16:55
2024-25,1627732,Ben Simmons,Ben,1610612751,BKN,Brooklyn Nets,0022400027,2024-11-22T00:00:00,BKN @ PHI,L,26.216666666666665,1.4,5.5,0.25,0.0,0.0,0.0,0.0,0.0,0.0,1.4,4.1,5.5,5.5,2.7,0.0,1.4,0.0,0.0,1.4,2.7,-27.5,18.9,0,0,16.5,1,13222,1,13222,10987,22319,23095,20233,15070,20945,15070,13505,14344,13505,10864,13354,13554,6437,7386,12854,5342,8846,20257,15552,23012,23337,21667,2246,150,22518,1,26:13
2024-25,203081,Damian Lillard,Damian,1610612749,MIL,Milwaukee Bucks,0022400029,2024-11-22T00:00:00,MIL vs. IND,W,36.81166666666667,7.8,18.6,0.421,2.9,7.8,0.375,4.9,4.9,1.0,1.0,3.9,4.9,12.7,3.9,1.0,0.0,2.0,2.0,2.0,23.5,18.6,47.4,1,0,46.0,1,1,13086,1,2122,7023,4141,14442,6749,6764,8800,4205,6130,1,13439,13992,15091,582,4064,12144,8263,3373,15380,13296,5156,4385,4165,1,150,3824,1,36:49
2024-25,202685,Jonas Valančiūnas,Jonas,1610612764,WAS,Washington Wizards,0022400028,2024-11-22T00:00:00,WAS vs. BOS,L,19.001666666666665,9.5,15.2,0.625,0.0,1.9,0.0,1.9,1.9,1.0,7.6,11.4,18.9,1.9,5.7,0.0,1.9,0.0,5.7,7.6,20.8,-1.9,46.4,1,0,45.5,1,13222,1,13222,16824,3921,8329,4899,15070,19749,15070,10974,12997,1,924,1716,710,16774,1653,12854,3780,8846,3421,1280,7210,13975,4572,1,150,4036,1,19:00
2024-25,1631218,Trayce Jackson-Davis,Trayce,1610612744,GSW,Golden State Warriors,0022400032,2024-11-22T00:00:00,GSW @ NOP,W,18.283333333333335,7.9,17.7,0.444,0.0,2.0,0.0,2.0,3.9,0.5,5.9,9.8,15.8,0.0,0.0,0.0,2.0,5.9,0.0,2.0,17.7,3.9,42.5,0,0,37.4,1,1,13086,1,17380,6895,4989,13045,15070,19607,15070,10747,7969,10625,1673,2692,1503,19908,16469,12854,3566,226,20257,13217,10112,10683,6350,2246,150,8419,1,18:17
2024-25,1641764,Brandin Podziemski,Brandin,1610612744,GSW,Golden State Warriors,0022400032,2024-11-22T00:00:00,GSW @ NOP,W,20.878333333333334,8.6,19.0,0.455,0.0,8.6,0.0,1.7,1.7,1.0,3.4,5.2,8.6,5.2,1.7,0.0,0.0,1.7,0.0,5.2,19.0,-5.2,35.3,0,0,32.8,1,1,13086,1,15381,5398,3782,12676,15070,5385,15070,11372,13276,1,4459,10350,7273,7082,11823,12854,8263,4083,20257,3815,8890,15684,10834,2246,150,11831,1,20:53
2024-25,1641723,Kobe Bufkin,Kobe,1610612737,ATL,Atlanta Hawks,0022400030,2024-11-22T00:00:00,ATL @ CHI,L,10.483333333333333,3.4,13.7,0.25,0.0,3.4,0.0,0.0,0.0,0.0,6.9,0.0,6.9,3.4,6.9,0.0,0.0,6.9,0.0,0.0,6.9,-17.2,13.4,0,0,17.2,1,13222,1,13222,21925,18465,10592,20233,15070,16802,15070,13505,14344,13505,1194,22137,10389,11590,951,12854,8263,161,20257,17725,20809,20679,23665,2246,150,22226,1,10:29
2024-25,1631099,Keegan Murray,Keegan,1610612758,SAC,Sacramento Kings,0022400034,2024-11-22T00:00:00,SAC @ LAC,L,40.46666666666667,3.6,9.8,0.364,1.8,4.4,0.4,0.0,0.0,0.0,2.7,5.3,8.0,3.6,1.8,0.9,0.9,0.0,2.7,0.9,8.9,-3.6,27.4,0,0,25.8,1,13222,1,13222,459,18178,17413,16861,11147,14572,7874,13505,14344,13505,6184,9929,8261,11217,11637,12709,8118,8846,12170,17675,19180,14822,16661,2246,150,17073,1,40:28
2024-25,1627739,Kris Dunn,Kris,1610612746,LAC,LA Clippers,0022400034,2024-11-22T00:00:00,LAC vs. SAC,W,26.966666666666665,2.7,14.7,0.182,1.3,8.0,0.167,0.0,0.0,0.0,2.7,8.0,10.7,5.3,0.0,4.0,0.0,0.0,6.7,0.0,6.7,2.7,39.5,0,0,32.0,1,1,13086,1,10359,20152,9079,21891,12715,6429,14236,13505,14344,13505,6175,4689,4736,6740,16469,1632,8263,8846,2242,17725,20941,11282,8065,2246,150,12358,1,26:58
2024-25,1630230,Naji Marshall,Naji,1610612742,DAL,Dallas Mavericks,0022400033,2024-11-22T00:00:00,DAL @ DEN,W,26.361666666666668,15.0,20.5,0.733,4.1,5.5,0.75,1.4,2.7,0.5,0.0,1.4,1.4,1.4,2.7,1.4,0.0,0.0,2.7,1.4,35.5,10.9,40.6,0,0,45.1,1,1,13086,1,10854,492,2649,2644,3792,12054,1542,12119,10665,10625,14058,21160,22742,18446,7433,9109,8263,8846,11909,15596,902,7269,7424,2246,150,4240,1,26:22
2024-25,1627752,Taurean Prince,Taurean,1610612749,MIL,Milwaukee Bucks,0022400029,2024-11-22T00:00:00,MIL vs. IND,W,26.623333333333335,6.8,6.8,1.0,4.1,4.1,1.0,0.0,2.7,0.0,0.0,2.7,2.7,2.7,0.0,1.4,1.4,0.0,1.4,1.4,17.6,36.5,33.0,0,0,32.5,1,1,13086,1,10630,9526,21823,1,3876,15462,1,13505,10738,13505,14058,17688,20441,13898,16469,9179,5436,8846,17815,15664,10246,1245,12600,2246,150,12027,1,26:37
2024-25,1626153,Delon Wright,Delon,1610612749,MIL,Milwaukee Bucks,0022400029,2024-11-22T00:00:00,MIL vs. IND,W,10.833333333333334,3.3,6.6,0.5,0.0,3.3,0.0,0.0,0.0,0.0,0.0,6.6,6.6,3.3,0.0,0.0,0.0,0.0,0.0,0.0,6.6,-29.9,19.6,0,0,16.6,1,1,13086,1,21781,18695,21962,8526,15070,17017,15070,13505,14344,13505,14058,7002,10857,11907,16469,12854,8263,8846,20257,17725,20960,23718,21361,2246,150,22466,1,10:50
2024-25,1626162,Kelly Oubre Jr.,Kelly,1610612755,PHI,Philadelphia 76ers,0022400027,2024-11-22T00:00:00,PHI vs. BKN,W,25.616666666666667,5.6,11.2,0.5,1.4,4.2,0.333,2.8,2.8,1.0,7.0,5.6,12.6,4.2,2.8,2.8,2.8,0.0,5.6,2.8,15.5,29.5,51.0,0,0,45.0,1,1,13086,1,11477,12646,14953,8526,12428,15077,9209,8321,10461,1,1138,9259,3035,9345,7177,3657,1940,8846,3513,9933,12453,2028,2984,2246,150,4286,1,25:37
2024-25,1626171,Bobby Portis,Bobby,1610612749,MIL,Milwaukee Bucks,0022400029,2024-11-22T00:00:00,MIL vs. IND,W,23.35,10.8,18.5,0.583,4.6,6.2,0.75,0.0,0.0,0.0,1.5,9.3,10.8,1.5,3.1,1.5,0.0,1.5,3.1,0.0,26.2,9.3,43.0,0,0,46.3,1,1,13086,1,13419,2423,4217,6296,2848,10279,1542,13505,14344,13505,10149,3255,4608,17834,6174,8230,8263,4616,10338,17725,3579,8068,6134,2246,150,3729,1,23:21
2024-25,1631260,AJ Green,AJ,1610612749,MIL,Milwaukee Bucks,0022400029,2024-11-22T00:00:00,MIL vs. IND,W,23.266666666666666,3.1,10.8,0.286,1.5,9.3,0.167,0.0,0.0,0.0,0.0,4.6,4.6,0.0,0.0,1.5,0.0,0.0,3.1,0.0,7.7,-34.0,17.9,0,0,17.0,1,1,13086,1,13494,19211,15638,19630,11869,4402,14236,13505,14344,13505,14058,11879,15724,19908,16469,8208,8263,8846,10287,17725,20140,24310,22117,2246,150,22298,1,23:16
2024-25,1630322,Lindy Waters III,Lindy,1610612744,GSW,Golden State Warriors,0022400032,2024-11-22T00:00:00,GSW @ NOP,W,15.166666666666666,0.0,7.1,0.0,0.0,7.1,0.0,0.0,0.0,0.0,0.0,0.0,0.0,4.7,2.4,0.0,0.0,0.0,2.4,0.0,0.0,-2.4,4.7,0,0,4.7,1,1,13086,1,19456,22635,21417,22635,15070,8213,15070,13505,14344,13505,14058,22137,23286,8057,8756,12854,8263,8846,13334,17725,23200,14244,25027,2246,150,25130,1,15:10
2024-25,1629631,De'Andre Hunter,De'Andre,1610612737,ATL,Atlanta Hawks,0022400030,2024-11-22T00:00:00,ATL @ CHI,L,29.25,7.4,14.8,0.5,1.2,4.9,0.25,1.2,1.2,1.0,0.0,2.5,2.5,0.0,1.2,1.2,0.0,0.0,3.7,3.7,17.2,-2.5,22.6,0,0,23.4,1,13222,1,13222,8450,8043,8955,8526,13203,13386,11902,12499,13835,1,14058,18296,20877,19908,14227,9937,8263,8846,8110,7148,10597,14290,19784,2246,150,18748,1,29:15
2024-25,1642402,Enrique Freeman,Enrique,1610612754,IND,Indiana Pacers,0022400029,2024-11-22T00:00:00,IND @ MIL,L,5.965,0.0,0.0,0.0,0.0,0.0,0.0,0.0,24.1,0.0,6.0,0.0,6.0,0.0,0.0,0.0,0.0,0.0,6.0,12.1,0.0,24.1,7.2,0,0,6.0,1,13222,1,13222,23612,22635,24836,22635,15070,20945,15070,13505,88,13505,1597,22137,12199,19908,16469,12854,8263,8846,2896,196,23200,2997,24793,2246,150,25003,1,5:58
2024-25,1642258,Zaccharie Risacher,Zaccharie,1610612737,ATL,Atlanta Hawks,0022400030,2024-11-22T00:00:00,ATL @ CHI,L,15.9,4.5,9.1,0.5,0.0,4.5,0.0,0.0,0.0,0.0,0.0,2.3,2.3,2.3,2.3,2.3,0.0,0.0,6.8,0.0,9.1,-20.4,19.7,0,0,18.1,1,13222,1,13222,18998,15678,18629,8526,15070,14359,15070,13505,14344,13505,14058,18873,21283,15369,9241,5168,8263,8846,2151,17725,19021,21661,21312,2246,150,21811,1,15:54
2024-25,1631133,Jabari Walker,Jabari,1610612757,POR,Portland Trail Blazers,0022400031,2024-11-22T00:00:00,POR @ HOU,L,12.0,0.0,9.0,0.0,0.0,3.0,0.0,0.0,0.0,0.0,0.0,6.0,6.0,6.0,6.0,3.0,0.0,0.0,0.0,3.0,0.0,-15.0,19.2,0,0,18.0,1,13222,1,13222,21228,22635,18708,22635,15070,17643,15070,13505,14344,13505,14058,8311,12271,5485,1378,3139,8263,8846,20257,9236,23200,19899,21545,2246,150,21859,1,12:00
2024-25,1630231,KJ Martin,KJ,1610612755,PHI,Philadelphia 76ers,0022400027,2024-11-22T00:00:00,PHI vs. BKN,W,18.375,0.0,2.0,0.0,0.0,2.0,0.0,3.9,3.9,1.0,2.0,5.9,7.8,2.0,2.0,0.0,2.0,0.0,2.0,2.0,3.9,-9.8,20.2,0,0,17.6,1,1,13086,1,17299,22635,24765,22635,15070,19631,15070,5846,8010,1,8580,8597,8563,16525,10732,12854,3607,8846,15360,13276,22589,17794,21072,2246,150,22017,1,18:23
2024-25,1629650,Moses Brown,Moses,1610612754,IND,Indiana Pacers,0022400029,2024-11-22T00:00:00,IND @ MIL,L,1.55,0.0,23.2,0.0,0.0,0.0,0.0,0.0,0.0,0.0,23.2,0.0,23.2,0.0,0.0,0.0,0.0,0.0,0.0,0.0,0.0,23.2,27.9,0,0,23.2,1,13222,1,13222,25768,22635,1309,22635,15070,20945,15070,13505,14344,13505,36,22137,255,19908,16469,12854,8263,8846,20257,17725,23200,3211,16319,2246,150,18848,1,1:33
2024-25,203901,Elfrid Payton,Elfrid,1610612740,NOP,New Orleans Pelicans,0022400032,2024-11-22T00:00:00,NOP vs. GSW,L,26.133333333333333,2.8,8.3,0.333,0.0,0.0,0.0,0.0,0.0,0.0,0.0,4.1,4.1,5.5,2.8,4.1,0.0,0.0,4.1,0.0,5.5,6.9,28.4,0,0,23.4,1,13222,1,13222,11058,19966,19847,17395,15070,20945,15070,13505,14344,13505,14058,13326,16997,6404,7358,1514,8263,8846,6731,17725,21728,9190,15947,2246,150,18724,1,26:08
2024-25,1630557,Corey Kispert,Corey,1610612764,WAS,Washington Wizards,0022400028,2024-11-22T00:00:00,WAS vs. BOS,L,16.748333333333335,4.3,8.6,0.5,0.0,4.3,0.0,4.3,6.4,0.667,0.0,6.4,6.4,4.3,4.3,0.0,0.0,0.0,6.4,4.3,12.9,-36.5,22.8,0,0,23.6,1,13222,1,13222,18425,16327,19359,8526,15070,14916,15070,5153,3943,9425,14058,7413,11279,9128,3333,12854,8263,8846,2443,5589,15204,24569,19699,2246,150,18583,1,16:45
2024-25,1631165,Keon Ellis,Keon,1610612758,SAC,Sacramento Kings,0022400034,2024-11-22T00:00:00,SAC @ LAC,L,16.283333333333335,0.0,6.6,0.0,0.0,4.4,0.0,2.2,4.4,0.5,0.0,0.0,0.0,2.2,0.0,0.0,6.6,0.0,4.4,2.2,2.2,-24.3,25.4,0,0,17.7,1,13222,1,13222,18734,22635,21972,22635,15070,14633,15070,9907,6990,10625,14058,22137,23286,15587,16469,12854,231,8846,5966,12114,23133,22646,17975,2246,150,21991,1,16:17
2024-25,1630168,Onyeka Okongwu,Onyeka,1610612737,ATL,Atlanta Hawks,0022400030,2024-11-22T00:00:00,ATL @ CHI,L,21.316666666666666,5.1,15.2,0.333,0.0,3.4,0.0,1.7,3.4,0.5,0.0,10.1,10.1,1.7,0.0,0.0,0.0,1.7,0.0,1.7,11.8,-13.5,26.5,0,0,23.6,1,13222,1,13222,15054,14194,8258,17395,15070,16917,15070,11440,9147,10625,14058,2476,5289,17403,16469,12854,8263,4178,20257,14312,16321,19308,17282,2246,150,18584,1,21:19
2024-25,1628401,Derrick White,Derrick,1610612738,BOS,Boston Celtics,0022400028,2024-11-22T00:00:00,BOS @ WAS,W,36.483333333333334,3.9,10.9,0.364,2.0,7.9,0.25,0.0,0.0,0.0,0.0,2.0,2.0,3.0,2.0,0.0,1.0,0.0,2.0,3.0,9.9,3.0,17.7,0,0,18.7,1,1,13086,1,2347,17210,15599,16861,10272,6633,11902,13505,14344,13505,14058,19746,21849,13057,10645,12854,7558,8846,15285,9392,18290,11141,22230,2246,150,21512,1,36:29
2024-25,1629599,Amir Coffey,Amir,1610612746,LAC,LA Clippers,0022400034,2024-11-22T00:00:00,LAC vs. SAC,W,24.383333333333333,7.4,13.3,0.556,1.5,5.9,0.25,0.0,0.0,0.0,1.5,1.5,3.0,3.0,0.0,0.0,0.0,0.0,1.5,1.5,16.2,10.3,24.2,0,0,23.6,1,1,13086,1,12578,8053,11322,7248,12136,10926,11902,13505,14344,13505,10409,20925,19846,13080,16469,12854,8263,8846,17317,15103,11662,7542,18797,2246,150,18593,1,24:23
2024-25,1641748,Andre Jackson Jr.,Andre,1610612749,MIL,Milwaukee Bucks,0022400029,2024-11-22T00:00:00,MIL vs. IND,W,20.2,0.0,8.9,0.0,0.0,1.8,0.0,0.0,0.0,0.0,3.6,7.1,10.7,1.8,3.6,3.6,1.8,1.8,5.3,0.0,0.0,32.1,28.0,0,0,23.2,1,1,13086,1,15862,22635,18853,22635,15070,19944,15070,13505,14344,13505,4275,6120,4705,17142,4866,2148,4097,3947,3926,17725,23200,1723,16243,2246,150,18876,1,20:12
2024-25,202696,Nikola Vučević,Nikola,1610612741,CHI,Chicago Bulls,0022400030,2024-11-22T00:00:00,CHI vs. ATL,W,33.38333333333333,7.5,15.1,0.5,2.2,5.4,0.4,2.2,2.2,1.0,1.1,12.9,14.0,3.2,4.3,1.1,4.3,1.1,1.1,2.2,19.4,5.4,52.9,1,0,49.6,1,1,13086,1,4824,7644,8437,8526,9411,12230,7874,10098,12226,1,12653,1034,2226,12184,3290,11207,751,7239,19225,12362,8460,9892,2462,1,150,2639,1,33:23
2024-25,1629057,Robert Williams III,Robert,1610612757,POR,Portland Trail Blazers,0022400031,2024-11-22T00:00:00,POR @ HOU,L,16.686666666666667,6.5,10.8,0.6,0.0,0.0,0.0,2.2,4.3,0.5,4.3,8.6,12.9,0.0,0.0,2.2,8.6,0.0,4.3,2.2,15.1,-30.2,63.0,0,0,49.6,1,13222,1,13222,18476,10260,15720,5394,15070,20945,15070,10096,7181,10625,3141,3903,2841,19908,16469,5555,118,8846,6234,12361,12805,23770,877,2246,150,2635,1,16:41
2024-25,1630573,Sam Hauser,Sam,1610612738,BOS,Boston Celtics,0022400028,2024-11-22T00:00:00,BOS @ WAS,W,21.84,8.2,11.5,0.714,4.9,8.2,0.6,0.0,0.0,0.0,0.0,4.9,4.9,0.0,1.6,4.9,0.0,0.0,3.3,1.6,21.4,18.1,40.5,0,0,41.2,1,1,13086,1,14626,6108,14410,2752,2346,6013,2992,13505,14344,13505,14058,11041,14939,19908,12150,930,8263,8846,9469,14462,6707,4513,7428,2246,150,6071,1,21:50
2024-25,1630178,Tyrese Maxey,Tyrese,1610612755,PHI,Philadelphia 76ers,0022400027,2024-11-22T00:00:00,PHI vs. BKN,W,26.5,14.9,23.1,0.647,4.1,8.2,0.5,1.4,1.4,1.0,1.4,4.1,5.4,6.8,0.0,5.4,0.0,0.0,2.7,4.1,35.3,25.8,68.3,0,0,62.5,1,1,13086,1,10724,500,1357,4571,3843,6169,3944,12141,13650,1,10941,13494,13716,4294,16469,664,8263,8846,11962,6105,922,2648,505,2246,150,617,1,26:30
2024-25,203991,Clint Capela,Clint,1610612737,ATL,Atlanta Hawks,0022400030,2024-11-22T00:00:00,ATL @ CHI,L,26.683333333333334,13.5,18.9,0.714,0.0,0.0,0.0,1.3,5.4,0.25,6.7,8.1,14.8,4.0,0.0,0.0,1.3,0.0,4.0,2.7,28.3,-8.1,56.3,1,0,49.9,1,13222,1,13222,10574,854,3857,2752,15070,20945,15070,12169,5320,13358,1254,4569,1852,9808,16469,12854,5447,8846,7007,10321,2662,17014,1771,1,150,2558,1,26:41
2024-25,1642270,Donovan Clingan,Donovan,1610612757,POR,Portland Trail Blazers,0022400031,2024-11-22T00:00:00,POR @ HOU,L,15.08,9.5,16.7,0.571,2.4,7.2,0.333,0.0,0.0,0.0,7.2,9.5,16.7,2.4,4.8,0.0,4.8,0.0,9.5,2.4,21.5,-26.3,54.7,0,0,52.5,1,13222,1,13222,19512,3817,6165,6538,8528,8120,9209,13505,14344,13505,1080,2962,1203,14923,2623,12854,585,8846,798,11399,6656,23080,2058,2246,150,1922,1,15:05
2024-25,1641708,Amen Thompson,Amen,1610612745,HOU,Houston Rockets,0022400031,2024-11-22T00:00:00,HOU vs. POR,W,23.94333333333333,4.5,12.0,0.375,0.0,0.0,0.0,6.0,10.5,0.571,7.5,9.0,16.5,6.0,4.5,4.5,3.0,1.5,3.0,6.0,15.0,39.1,61.9,1,0,52.6,1,1,13086,1,12959,15746,13541,16299,15070,20945,15070,2843,1179,10536,949,3496,1253,5462,2987,1219,1684,4766,10679,2605,12867,1035,969,1,150,1902,1,23:57
2024-25,1627763,Malcolm Brogdon,Malcolm,1610612764,WAS,Washington Wizards,0022400028,2024-11-22T00:00:00,WAS vs. BOS,L,26.383333333333333,9.6,17.7,0.538,1.4,1.4,1.0,4.1,5.5,0.75,4.1,9.6,13.6,1.4,2.7,1.4,0.0,1.4,4.1,4.1,24.6,0.0,44.3,1,0,43.7,1,13222,1,13222,10831,3812,4969,7978,12588,20418,1,5534,5240,8186,3460,2960,2414,18451,7443,9111,8263,5336,6863,6065,4447,12240,5498,1,150,4849,1,26:23
2024-25,203507,Giannis Antetokounmpo,Giannis,1610612749,MIL,Milwaukee Bucks,0022400029,2024-11-22T00:00:00,MIL vs. IND,W,34.745,14.5,21.8,0.667,0.0,0.0,0.0,9.3,11.4,0.818,2.1,8.3,10.4,11.4,6.2,2.1,1.0,2.1,4.1,11.4,38.3,16.6,71.0,1,1,66.3,1,1,13086,1,3660,582,1920,3281,15070,20945,15070,893,918,7652,8073,4303,5047,868,1264,5907,7228,2998,6706,244,574,5048,402,1,1,425,1,34:45
2024-25,1629098,Jack McVeigh,Jack,1610612745,HOU,Houston Rockets,0022400031,2024-11-22T00:00:00,HOU vs. POR,W,3.9833333333333334,9.0,18.1,0.5,9.0,18.1,0.5,0.0,0.0,0.0,9.0,9.0,18.1,9.0,0.0,0.0,0.0,0.0,0.0,0.0,27.1,18.1,62.4,0,0,63.3,1,1,13086,1,24489,4632,4586,8526,292,326,3944,13505,14344,13505,542,3476,876,1986,16469,12854,8263,8846,20257,17725,3156,4536,933,2246,150,563,1,3:59
2024-25,1630188,Jalen Smith,Jalen,1610612741,CHI,Chicago Bulls,0022400030,2024-11-22T00:00:00,CHI vs. ATL,W,14.616666666666667,9.9,12.3,0.8,9.9,12.3,0.8,2.5,4.9,0.5,2.5,9.9,12.3,0.0,0.0,0.0,4.9,0.0,0.0,2.5,32.0,22.2,61.6,0,0,64.0,1,1,13086,1,19811,3397,13051,1688,217,1612,1389,9159,6072,10625,6740,2688,3256,19908,16469,12854,537,8846,20257,11120,1527,3422,1013,2246,150,522,1,14:37
2024-25,1629661,Cameron Johnson,Cameron,1610612751,BKN,Brooklyn Nets,0022400027,2024-11-22T00:00:00,BKN @ PHI,L,35.9,14.0,21.1,0.667,9.0,13.0,0.692,0.0,0.0,0.0,0.0,1.0,1.0,2.0,1.0,1.0,0.0,1.0,2.0,0.0,37.1,-9.0,43.3,0,0,51.1,1,13222,1,13222,2753,693,2306,3281,294,1284,1954,13505,14344,13505,14058,21968,23205,16353,15822,11932,8263,7899,15113,17725,686,17436,5975,2246,150,2244,1,35:54
2024-25,204456,T.J. McConnell,T.J.,1610612754,IND,Indiana Pacers,0022400029,2024-11-22T00:00:00,IND @ MIL,L,20.516666666666666,10.5,14.0,0.75,0.0,0.0,0.0,0.0,0.0,0.0,0.0,3.5,3.5,14.0,3.5,5.3,1.8,0.0,0.0,1.8,21.1,26.3,63.9,0,0,52.6,1,13222,1,13222,15630,2689,10115,2107,15070,20945,15070,13505,14344,13505,14058,15210,18529,388,4991,755,4158,8846,20257,14095,7041,2554,796,2246,150,1892,1,20:31
2024-25,1631106,Tari Eason,Tari,1610612745,HOU,Houston Rockets,0022400031,2024-11-22T00:00:00,HOU vs. POR,W,21.9,13.2,23.0,0.571,1.6,8.2,0.2,8.2,8.2,1.0,1.6,11.5,13.2,3.3,0.0,3.3,0.0,1.6,1.6,3.3,36.2,54.2,66.7,0,0,60.8,1,1,13086,1,14579,974,1381,6538,11556,6053,13429,1314,2374,1,9769,1624,2702,12026,16469,2584,8263,4317,16736,8283,800,445,585,2246,150,749,1,21:54
2024-25,203952,Andrew Wiggins,Andrew,1610612744,GSW,Golden State Warriors,0022400032,2024-11-22T00:00:00,GSW @ NOP,W,28.333333333333332,11.4,17.8,0.643,3.8,6.4,0.6,11.4,11.4,1.0,1.3,2.5,3.8,5.1,2.5,1.3,1.3,1.3,5.1,7.6,38.1,3.8,55.4,0,0,55.9,1,1,13086,1,9268,1912,4914,4607,4400,9862,2992,414,907,1,11355,18079,17795,7281,8074,9646,5794,5809,4417,1241,598,10745,1907,2246,150,1325,1,28:20
2024-25,1641753,Chris Livingston,Chris,1610612749,MIL,Milwaukee Bucks,0022400029,2024-11-22T00:00:00,MIL vs. IND,W,0.51,70.6,70.6,1.0,0.0,0.0,0.0,0.0,0.0,0.0,70.6,70.6,141.2,0.0,0.0,0.0,0.0,0.0,0.0,0.0,141.2,141.2,310.6,0,0,282.4,1,1,13086,1,26203,1,7,1,15070,20945,15070,13505,14344,13505,2,7,4,19908,16469,12854,8263,8846,20257,17725,5,27,4,2246,150,4,1,0:31
2024-25,1630526,Jeremiah Robinson-Earl,Jeremiah,1610612740,NOP,New Orleans Pelicans,0022400032,2024-11-22T00:00:00,NOP vs. GSW,L,23.066666666666666,10.9,17.2,0.636,1.6,4.7,0.333,6.2,6.2,1.0,4.7,14.0,18.7,1.6,0.0,3.1,0.0,3.1,4.7,4.7,29.7,18.7,63.8,1,0,57.7,1,13222,1,13222,13659,2325,5610,4689,11825,14008,9209,2638,4182,1,2700,756,748,17768,16469,2886,8263,1218,5332,4755,2212,4334,804,1,150,1060,1,23:04
2024-25,1627734,Domantas Sabonis,Domantas,1610612758,SAC,Sacramento Kings,0022400034,2024-11-22T00:00:00,SAC @ LAC,L,40.34166666666667,8.0,15.2,0.529,1.8,4.5,0.4,3.6,3.6,1.0,1.8,11.6,13.4,3.6,5.4,0.9,0.9,0.0,2.7,2.7,21.4,-8.0,42.8,1,0,43.7,1,13222,1,13222,487,6571,8307,8281,11132,14546,7874,6556,8747,1,9300,1561,2557,11175,1950,12696,8115,8846,12133,10385,6717,16986,6205,1,150,4821,1,40:21
2024-25,1641803,Tristen Newton,Tristen,1610612754,IND,Indiana Pacers,0022400029,2024-11-22T00:00:00,IND @ MIL,L,1.55,23.2,46.5,0.5,0.0,23.2,0.0,23.2,23.2,1.0,0.0,0.0,0.0,0.0,0.0,0.0,0.0,0.0,0.0,0.0,69.7,23.2,69.7,0,0,69.7,1,13222,1,13222,25768,89,41,8526,15070,137,15070,55,95,1,14058,22137,23286,19908,16469,12854,8263,8846,20257,17725,55,3211,443,2246,150,330,1,1:33
2024-25,201939,Stephen Curry,Stephen,1610612744,GSW,Golden State Warriors,0022400032,2024-11-22T00:00:00,GSW @ NOP,W,33.14833333333333,6.5,14.1,0.462,4.3,7.6,0.571,3.3,3.3,1.0,0.0,7.6,7.6,7.6,4.3,1.1,1.1,1.1,3.3,2.2,20.6,4.3,43.3,0,0,44.5,1,1,13086,1,5038,10150,9967,12428,3324,7178,3506,7188,9409,1,14058,5327,8971,3283,3233,11136,6884,7181,9622,12284,7364,10452,5967,2246,150,4458,1,33:09
2024-25,1641726,Dereck Lively II,Dereck,1610612742,DAL,Dallas Mavericks,0022400033,2024-11-22T00:00:00,DAL @ DEN,W,20.29,7.1,7.1,1.0,0.0,0.0,0.0,5.3,7.1,0.75,5.3,5.3,10.6,0.0,1.8,1.8,3.5,0.0,8.9,3.5,19.5,3.5,46.5,0,0,40.8,1,1,13086,1,15793,8711,21445,1,15070,20945,15070,3625,3276,8186,2073,9975,4771,19908,11653,7358,1193,8846,1005,7535,8358,10877,4543,2246,150,6324,1,20:17
2024-25,1630167,Obi Toppin,Obi,1610612754,IND,Indiana Pacers,0022400029,2024-11-22T00:00:00,IND @ MIL,L,16.653333333333332,6.5,19.5,0.333,0.0,6.5,0.0,0.0,0.0,0.0,4.3,4.3,8.6,6.5,0.0,4.3,2.2,0.0,2.2,0.0,13.0,-8.6,52.5,0,0,41.1,1,13222,1,13222,18499,10222,3381,17395,15070,9587,15070,13505,14344,13505,3133,12737,7235,4738,16469,1355,3040,8846,14292,17725,15124,17264,2585,2246,150,6157,1,16:39
2024-25,203999,Nikola Jokić,Nikola,1610612743,DEN,Denver Nuggets,0022400033,2024-11-22T00:00:00,DEN vs. DAL,L,39.46666666666667,11.9,20.1,0.591,1.8,1.8,1.0,4.6,6.4,0.714,5.5,10.0,15.5,9.1,2.7,0.0,0.0,1.8,0.0,7.3,30.1,3.6,59.7,1,1,56.6,1,13222,1,13222,729,1617,2919,6217,10974,19875,1,4743,4024,9244,1963,2554,1574,1923,7422,12854,8263,3818,20257,1448,2047,10836,1229,1,1,1219,1,39:28
2024-25,1629673,Jordan Poole,Jordan,1610612764,WAS,Washington Wizards,0022400028,2024-11-22T00:00:00,WAS vs. BOS,L,33.47,9.7,20.4,0.474,3.2,7.5,0.429,2.2,3.2,0.667,0.0,2.2,2.2,8.6,4.3,1.1,0.0,2.2,4.3,4.3,24.7,-6.5,39.2,0,0,40.9,1,13222,1,13222,4759,3624,2674,12072,5877,7328,7394,10123,9463,9425,14058,19206,21512,2341,3325,11231,8263,2765,6283,5581,4351,16271,8297,2246,150,6286,1,33:28
2024-25,1628415,Dillon Brooks,Dillon,1610612745,HOU,Houston Rockets,0022400031,2024-11-22T00:00:00,HOU vs. POR,W,24.583333333333332,14.6,22.0,0.667,8.8,11.7,0.75,2.9,5.9,0.5,4.4,4.4,8.8,1.5,2.9,0.0,0.0,1.5,4.4,4.4,41.0,19.0,50.8,0,0,60.0,1,1,13086,1,12389,557,1832,3281,321,1950,1542,8017,4672,10625,3062,12544,7051,18116,6725,12854,8263,4915,6035,5369,398,4250,3038,2246,150,825,1,24:35
2024-25,1641722,Jordan Hawkins,Jordan,1610612740,NOP,New Orleans Pelicans,0022400032,2024-11-22T00:00:00,NOP vs. GSW,L,19.768333333333334,3.6,16.4,0.222,1.8,9.1,0.2,1.8,3.6,0.5,1.8,0.0,1.8,0.0,0.0,1.8,1.8,1.8,1.8,1.8,10.9,-1.8,24.0,0,0,21.9,1,13222,1,13222,16205,17985,6559,21205,10991,4656,13429,11191,8601,10625,9166,22137,22129,19908,16469,7157,4007,3833,16080,13845,17240,13932,18921,2246,150,19754,1,19:46
2024-25,203915,Spencer Dinwiddie,Spencer,1610612742,DAL,Dallas Mavericks,0022400033,2024-11-22T00:00:00,DAL @ DEN,W,16.493333333333332,6.5,10.9,0.6,6.5,10.9,0.6,2.2,4.4,0.5,0.0,4.4,4.4,8.7,0.0,0.0,0.0,0.0,0.0,4.4,21.8,-6.5,40.2,0,0,41.5,1,1,13086,1,18605,10069,15508,5394,978,2576,2992,10019,7085,10625,14058,12615,16373,2243,16469,12854,8263,8846,20257,5435,6357,16310,7661,2246,150,5932,1,16:30
2024-25,1641757,Jordan Miller,Jordan,1610612746,LAC,LA Clippers,0022400034,2024-11-22T00:00:00,LAC vs. SAC,W,13.12,5.5,11.0,0.5,2.7,5.5,0.5,0.0,0.0,0.0,2.7,0.0,2.7,2.7,2.7,2.7,0.0,0.0,2.7,0.0,13.7,8.2,26.6,0,0,27.4,1,1,13086,1,20686,13017,15398,8526,7408,11980,3944,13505,14344,13505,5997,22137,20369,13774,7402,3819,8263,8846,11869,17725,14252,8516,17204,2246,150,15841,1,13:07
2024-25,1629674,Neemias Queta,Neemias,1610612738,BOS,Boston Celtics,0022400028,2024-11-22T00:00:00,BOS @ WAS,W,18.3,2.0,5.9,0.333,0.0,0.0,0.0,9.8,11.8,0.833,0.0,3.9,3.9,0.0,0.0,0.0,2.0,3.9,7.9,7.9,13.8,-19.7,24.4,0,0,21.6,1,1,13086,1,17361,21457,22707,17395,15070,20945,15070,746,810,7275,14058,13929,17481,19908,16469,12854,3573,670,1416,1085,14201,21459,18686,2246,150,19871,1,18:18
2024-25,1631386,Tazé Moore,Tazé,1610612757,POR,Portland Trail Blazers,0022400031,2024-11-22T00:00:00,POR @ HOU,L,12.0,3.0,24.0,0.125,3.0,12.0,0.25,3.0,6.0,0.5,6.0,6.0,12.0,3.0,3.0,6.0,0.0,3.0,0.0,3.0,12.0,-15.0,45.9,0,0,42.0,1,13222,1,13222,21228,19415,1050,22420,6500,1779,11902,7799,4464,10625,1612,8311,3485,12925,6468,465,8263,1329,20257,9236,16132,19899,4780,2246,150,5645,1,12:00
2024-25,1627832,Fred VanVleet,Fred,1610612745,HOU,Houston Rockets,0022400031,2024-11-22T00:00:00,HOU vs. POR,W,27.55,0.0,2.6,0.0,0.0,1.3,0.0,2.6,2.6,1.0,0.0,2.6,2.6,10.5,1.3,2.6,0.0,2.6,3.9,1.3,2.6,14.4,28.0,0,0,20.9,1,1,13086,1,9909,22635,24613,22635,15070,20486,15070,8773,10946,1,14058,17915,20616,1225,13773,4111,8263,1858,7382,15876,23049,5866,16258,2246,150,20339,1,27:33
2024-25,1629018,Gary Trent Jr.,Gary,1610612749,MIL,Milwaukee Bucks,0022400029,2024-11-22T00:00:00,MIL vs. IND,W,29.29,7.4,12.3,0.6,7.4,12.3,0.6,0.0,0.0,0.0,0.0,2.5,2.5,1.2,1.2,1.2,0.0,0.0,1.2,0.0,22.1,-7.4,29.4,0,0,35.6,1,1,13086,1,8412,8068,13098,5394,643,1629,2992,13505,14344,13505,14058,18308,20887,18920,14240,9952,8263,8846,18385,17725,6119,16670,15229,2246,150,9634,1,29:17
2024-25,1641775,Jordan Walsh,Jordan,1610612738,BOS,Boston Celtics,0022400028,2024-11-22T00:00:00,BOS @ WAS,W,5.116666666666666,0.0,7.0,0.0,0.0,7.0,0.0,0.0,0.0,0.0,7.0,0.0,7.0,0.0,0.0,0.0,7.0,0.0,0.0,0.0,0.0,35.2,29.6,0,0,21.1,1,1,13086,1,23934,22635,21516,22635,15070,8382,15070,13505,14344,13505,1130,22137,10087,19908,16469,12854,202,8846,20257,17725,23200,1376,15107,2246,150,20210,1,5:07
2024-25,1630702,Jaden Hardy,Jaden,1610612742,DAL,Dallas Mavericks,0022400033,2024-11-22T00:00:00,DAL @ DEN,W,13.233333333333333,8.2,24.5,0.333,2.7,5.4,0.5,2.7,5.4,0.5,0.0,0.0,0.0,5.4,2.7,0.0,0.0,8.2,2.7,2.7,21.8,-43.5,27.2,0,0,29.9,1,1,13086,1,20639,6282,929,17395,7475,12100,3944,8525,5258,10625,14058,22137,23286,6550,7462,12854,8263,100,11947,10255,6411,25095,16819,2246,150,14001,1,13:14
2024-25,1641732,Colby Jones,Colby,1610612758,SAC,Sacramento Kings,0022400034,2024-11-22T00:00:00,SAC @ LAC,L,6.141666666666667,11.7,17.6,0.667,5.9,11.7,0.5,0.0,0.0,0.0,0.0,0.0,0.0,0.0,0.0,0.0,0.0,0.0,5.9,0.0,29.3,-76.2,29.3,0,0,35.2,1,13222,1,13222,23547,1710,5150,3281,1421,1943,3944,13505,14344,13505,14058,22137,23286,19908,16469,12854,8263,8846,3126,17725,2343,25970,15274,2246,150,9974,1,6:09
2024-25,1629014,Anfernee Simons,Anfernee,1610612757,POR,Portland Trail Blazers,0022400031,2024-11-22T00:00:00,POR @ HOU,L,21.466666666666665,3.4,11.7,0.286,1.7,5.0,0.333,5.0,5.0,1.0,0.0,3.4,3.4,0.0,6.7,1.7,0.0,1.7,1.7,5.0,13.4,-6.7,15.8,0,0,21.8,1,13222,1,13222,14954,18632,14035,19630,11464,13128,9209,3984,5857,1,14058,15630,18862,19908,1017,7690,8263,4204,16603,4059,14594,16383,22937,2246,150,19790,1,21:28
2024-25,1641824,Matas Buzelis,Matas,1610612741,CHI,Chicago Bulls,0022400030,2024-11-22T00:00:00,CHI vs. ATL,W,19.983333333333334,5.4,14.4,0.375,1.8,7.2,0.25,3.6,3.6,1.0,0.0,7.2,7.2,0.0,5.4,1.8,3.6,1.8,7.2,1.8,16.2,12.6,35.7,0,0,36.0,1,1,13086,1,16026,13263,9499,16299,11071,8036,11902,6482,8682,1,14058,5984,9726,19908,1894,7249,1145,3898,1823,13935,11715,6558,10601,2246,150,9348,1,19:59
2024-25,1628369,Jayson Tatum,Jayson,1610612738,BOS,Boston Celtics,0022400028,2024-11-22T00:00:00,BOS @ WAS,W,37.233333333333334,5.8,18.4,0.316,0.0,9.7,0.0,3.9,5.8,0.667,1.0,7.7,8.7,7.7,2.9,1.9,0.0,1.0,1.9,5.8,15.5,19.3,40.4,0,0,35.8,1,1,13086,1,1841,12109,4316,19148,15070,3891,15070,5940,4750,9425,13520,5110,7166,3146,6841,6599,8263,8211,15494,2897,12445,4160,7510,2246,150,9534,1,37:14
2024-25,1641731,Bilal Coulibaly,Bilal,1610612764,WAS,Washington Wizards,0022400028,2024-11-22T00:00:00,WAS vs. BOS,L,40.03,1.8,8.1,0.222,0.9,5.4,0.167,0.9,1.8,0.5,0.0,6.3,6.3,2.7,1.8,1.8,0.9,0.9,4.5,1.8,5.4,-21.6,23.3,0,0,20.7,1,13222,1,13222,557,21759,20100,21205,14963,12223,14236,13453,13195,10625,14058,7707,11619,13917,11560,7268,8087,8663,5787,13946,21799,21988,19378,2246,150,20466,1,40:02
2024-25,1629611,Terance Mann,Terance,1610612746,LAC,LA Clippers,0022400034,2024-11-22T00:00:00,LAC vs. SAC,W,17.983333333333334,4.0,6.0,0.667,2.0,2.0,1.0,0.0,0.0,0.0,0.0,2.0,2.0,4.0,0.0,6.0,0.0,2.0,4.0,2.0,10.0,16.0,36.4,0,0,30.0,1,1,13086,1,17566,17081,22589,3281,10153,19558,1,13505,14344,13505,14058,19658,21796,9928,16469,464,8263,3227,7131,13070,18154,5242,10067,2246,150,13922,1,17:59
2024-25,203924,Jerami Grant,Jerami,1610612757,POR,Portland Trail Blazers,0022400031,2024-11-22T00:00:00,POR @ HOU,L,26.866666666666667,2.7,8.0,0.333,1.3,5.4,0.25,0.0,0.0,0.0,0.0,4.0,4.0,6.7,1.3,0.0,1.3,0.0,1.3,0.0,6.7,-13.4,24.3,0,0,21.4,1,13222,1,13222,10444,20132,20192,17395,12690,12304,11902,13505,14344,13505,14058,13663,17272,4429,13622,12854,5484,8846,17862,17725,20923,19266,18772,2246,150,20009,1,26:52
2024-25,1630228,Jonathan Kuminga,Jonathan,1610612744,GSW,Golden State Warriors,0022400032,2024-11-22T00:00:00,GSW @ NOP,W,20.316666666666666,5.3,17.7,0.3,0.0,3.5,0.0,1.8,3.5,0.5,0.0,7.1,7.1,3.5,1.8,0.0,1.8,1.8,1.8,3.5,12.4,-1.8,29.8,0,0,26.6,1,1,13086,1,15769,13498,4991,19363,15070,16559,15070,11292,8798,10625,14058,6203,9981,11267,11660,12854,4119,3973,16297,7548,15707,13908,14965,2246,150,16480,1,20:19
2024-25,1631097,Bennedict Mathurin,Bennedict,1610612754,IND,Indiana Pacers,0022400029,2024-11-22T00:00:00,IND @ MIL,L,33.16833333333334,6.5,19.5,0.333,1.1,5.4,0.2,7.6,7.6,1.0,3.3,6.5,9.8,1.1,3.3,3.3,1.1,2.2,4.3,6.5,21.7,-15.2,44.8,0,0,42.3,1,13222,1,13222,5011,10164,3324,17395,14036,12153,13429,1610,2818,1,4829,7281,5720,19396,5645,2638,6889,2717,6167,2074,6466,19973,5256,2246,150,5486,1,33:10
2024-25,1641712,Rayan Rupert,Rayan,1610612757,POR,Portland Trail Blazers,0022400031,2024-11-22T00:00:00,POR @ HOU,L,15.516666666666667,4.6,16.2,0.286,2.3,9.3,0.25,0.0,0.0,0.0,4.6,2.3,7.0,0.0,7.0,0.0,0.0,4.6,4.6,2.3,11.6,-11.6,13.0,0,0,20.9,1,13222,1,13222,19247,15391,6763,19630,8775,4406,11902,13505,14344,13505,2759,18699,10224,19908,905,12854,8263,453,5438,11661,16569,18572,23771,2246,150,20353,1,15:31
2024-25,1630560,Cam Thomas,Cam,1610612751,BKN,Brooklyn Nets,0022400027,2024-11-22T00:00:00,BKN @ PHI,L,29.883333333333333,7.2,18.1,0.4,2.4,8.4,0.286,4.8,4.8,1.0,1.2,2.4,3.6,8.4,8.4,0.0,0.0,2.4,2.4,6.0,21.7,-12.0,30.2,0,0,36.1,1,13222,1,13222,7889,8382,4596,14933,8454,5691,11433,4317,6260,1,11762,18454,18289,2482,516,12854,8263,2198,13153,2588,6473,18757,14634,2246,150,9272,1,29:53
2024-25,1631212,Peyton Watson,Peyton,1610612743,DEN,Denver Nuggets,0022400033,2024-11-22T00:00:00,DEN vs. DAL,L,39.836666666666666,6.3,9.9,0.636,0.9,2.7,0.333,0.0,0.0,0.0,0.9,3.6,4.5,2.7,1.8,0.0,2.7,0.9,2.7,0.0,13.6,1.8,29.4,0,0,27.1,1,13222,1,13222,603,10635,17173,4689,14952,18242,9209,13505,14344,13505,13894,14883,16008,13878,11522,12854,2068,8646,11998,17725,14433,11735,15233,2246,150,16082,1,39:50
2024-25,203110,Draymond Green,Draymond,1610612744,GSW,Golden State Warriors,0022400032,2024-11-22T00:00:00,GSW @ NOP,W,29.8,3.6,7.2,0.5,3.6,4.8,0.75,2.4,7.2,0.333,3.6,6.0,9.7,6.0,4.8,1.2,0.0,0.0,2.4,7.2,13.3,8.5,32.7,0,0,35.0,1,1,13086,1,7964,18022,21271,8526,4858,13617,1542,9289,3131,13132,4166,8248,5850,5415,2537,10111,8263,8846,13123,1478,14765,8415,12774,2246,150,10064,1,29:48
2024-25,1629023,P.J. Washington,P.J.,1610612742,DAL,Dallas Mavericks,0022400033,2024-11-22T00:00:00,DAL @ DEN,W,35.748333333333335,8.1,15.1,0.533,0.0,2.0,0.0,6.0,7.0,0.857,3.0,10.1,13.1,1.0,4.0,3.0,0.0,2.0,1.0,5.0,22.2,7.0,44.4,1,0,42.3,1,1,13086,1,2866,6519,8411,8140,15070,19532,15070,2824,3320,7071,5289,2527,2742,19659,3831,3104,8263,3190,19666,4048,6100,9113,5459,1,150,5501,1,35:45
2024-25,201950,Jrue Holiday,Jrue,1610612738,BOS,Boston Celtics,0022400028,2024-11-22T00:00:00,BOS @ WAS,W,28.95,3.7,7.5,0.5,2.5,6.2,0.4,9.9,9.9,1.0,1.2,5.0,6.2,1.2,2.5,5.0,1.2,0.0,2.5,6.2,19.9,12.4,45.4,0,0,42.3,1,1,13086,1,8713,17748,20988,8526,8198,10157,7874,712,1391,1,11514,10955,11783,18868,8303,919,5926,8846,12854,2371,8001,6618,4996,2246,150,5505,1,28:57
2024-25,1630527,Brandon Boston,Brandon,1610612740,NOP,New Orleans Pelicans,0022400032,2024-11-22T00:00:00,NOP vs. GSW,L,34.983333333333334,6.2,13.4,0.462,1.0,6.2,0.167,3.1,4.1,0.75,3.1,2.1,5.1,7.2,2.1,2.1,1.0,1.0,4.1,2.1,16.5,-3.1,40.6,0,0,36.0,1,13222,1,13222,3475,11033,11177,12428,14368,10256,14236,7577,7597,8186,5156,19484,14412,3757,10221,5970,7277,7673,6780,12808,11425,14616,7365,2246,150,9354,1,34:59
2024-25,1630700,Dyson Daniels,Dyson,1610612737,ATL,Atlanta Hawks,0022400030,2024-11-22T00:00:00,ATL @ CHI,L,32.31666666666667,3.3,15.6,0.214,2.2,4.5,0.5,0.0,0.0,0.0,3.3,2.2,5.6,4.5,1.1,4.5,0.0,2.2,2.2,0.0,8.9,-6.7,34.5,0,0,30.1,1,13222,1,13222,5711,18659,7703,21369,9129,14562,3944,13505,14344,13505,4659,18989,13358,8756,15036,1255,8263,2587,13970,17725,19172,16375,11425,2246,150,13890,1,32:19
2024-25,202704,Reggie Jackson,Reggie,1610612755,PHI,Philadelphia 76ers,0022400027,2024-11-22T00:00:00,PHI vs. BKN,W,21.5,5.0,15.1,0.333,5.0,11.7,0.429,0.0,0.0,0.0,0.0,0.0,0.0,3.3,1.7,0.0,1.7,1.7,0.0,0.0,15.1,-6.7,23.4,0,0,26.8,1,1,13086,1,14935,14310,8484,17395,2242,1946,7394,13505,14344,13505,14058,22137,23286,11813,12019,12854,4347,4208,20257,17725,12835,16380,19287,2246,150,16328,1,21:30
2024-25,1642275,Tidjane Salaün,Tidjane,1610612766,CHA,Charlotte Hornets,0022400260,2024-11-21T00:00:00,CHA vs. DET,W,13.1,5.5,11.0,0.5,2.7,5.5,0.5,5.5,5.5,1.0,0.0,5.5,5.5,0.0,2.7,0.0,0.0,2.7,2.7,2.7,19.2,-5.5,23.1,0,0,27.5,1,1,13086,1,20693,12981,15363,8526,7380,11950,3944,3414,5192,1,14058,9540,13543,19908,7377,12854,8263,1670,11846,10152,8611,15832,19510,2246,150,15802,1,13:06
2024-25,1629640,Keldon Johnson,Keldon,1610612759,SAS,San Antonio Spurs,0022400262,2024-11-21T00:00:00,SAS vs. UTA,W,28.166666666666668,5.1,11.5,0.444,0.0,3.8,0.0,5.1,7.7,0.667,0.0,10.2,10.2,5.1,1.3,0.0,0.0,1.3,2.6,5.1,15.3,-2.6,34.0,0,0,30.7,1,1,13086,1,9408,14050,14466,13045,15070,15926,15070,3866,2767,9425,14058,2405,5202,7218,13917,12854,8263,5764,12579,3900,12583,14337,11816,2246,150,13414,1,28:10
2024-25,1629234,Drew Eubanks,Drew,1610612762,UTA,Utah Jazz,0022400262,2024-11-21T00:00:00,UTA @ SAS,L,21.611666666666668,3.3,5.0,0.667,0.0,0.0,0.0,0.0,0.0,0.0,0.0,10.0,10.0,3.3,1.7,0.0,3.3,0.0,6.7,0.0,6.7,-13.3,32.0,0,0,26.7,1,13222,1,13222,14846,18680,23465,3281,15070,20945,15070,13505,14344,13505,14058,2593,5435,11876,12061,12854,1367,8846,2254,17725,20952,19237,13337,2246,150,16434,1,21:37
2024-25,1631132,Christian Koloko,Christian,1610612747,LAL,Los Angeles Lakers,0022400263,2024-11-21T00:00:00,LAL vs. ORL,L,10.233333333333333,0.0,0.0,0.0,0.0,0.0,0.0,7.0,7.0,1.0,0.0,3.5,3.5,3.5,3.5,0.0,3.5,0.0,3.5,10.6,7.0,-3.5,23.6,0,0,21.1,1,13222,1,13222,22019,22635,24836,22635,15070,20945,15070,1985,3329,1,14058,15182,18510,11342,4975,12854,1217,8846,8700,323,20696,14811,19220,2246,150,20210,1,10:14
2024-25,1641783,Tristan da Silva,Tristan,1610612753,ORL,Orlando Magic,0022400263,2024-11-21T00:00:00,ORL @ LAL,W,31.953333333333333,4.5,9.0,0.5,2.3,3.4,0.667,2.3,2.3,1.0,1.1,3.4,4.5,1.1,2.3,0.0,0.0,1.1,2.3,1.1,13.5,11.3,18.4,0,0,21.4,1,1,13086,1,6017,15757,18694,8526,9036,16910,1957,9773,11924,1,12282,15576,16043,19266,9294,12854,8263,6823,13862,16792,14479,7115,21940,2246,150,20027,1,31:57
2024-25,201959,Taj Gibson,Taj,1610612766,CHA,Charlotte Hornets,0022400260,2024-11-21T00:00:00,CHA vs. DET,W,8.635,0.0,4.2,0.0,0.0,0.0,0.0,0.0,0.0,0.0,0.0,4.2,4.2,8.3,0.0,4.2,0.0,0.0,4.2,0.0,0.0,33.4,30.0,0,0,20.8,1,1,13086,1,22585,22635,24015,22635,15070,20945,15070,13505,14344,13505,14058,13215,16889,2570,16469,1479,8263,8846,6648,17725,23200,1587,14780,2246,150,20375,1,8:38
2024-25,1642367,Jonathan Mogbo,Jonathan,1610612761,TOR,Toronto Raptors,0022400261,2024-11-21T00:00:00,TOR vs. MIN,W,19.216666666666665,5.6,11.2,0.5,0.0,0.0,0.0,0.0,0.0,0.0,9.4,3.7,13.1,1.9,1.9,1.9,0.0,0.0,7.5,0.0,11.2,9.4,33.5,0,0,30.0,1,1,13086,1,16650,12650,14956,8526,15070,20945,15070,13505,14344,13505,493,14479,2729,16842,11193,6900,8263,8846,1649,17725,16962,8007,12169,2246,150,13962,1,19:13
2024-25,1630591,Jalen Suggs,Jalen,1610612753,ORL,Orlando Magic,0022400263,2024-11-21T00:00:00,ORL @ LAL,W,39.71333333333333,6.3,16.3,0.389,4.5,11.8,0.385,3.6,4.5,0.8,0.9,3.6,4.5,4.5,2.7,1.8,1.8,0.9,3.6,4.5,20.8,5.4,41.2,0,0,41.7,1,1,13086,1,652,10575,6652,16009,3013,1907,8766,6439,6774,7681,13879,14857,15967,8570,7468,7193,4029,8624,8339,5068,7201,9871,7021,2246,150,5799,1,39:43
2024-25,1631217,Moussa Diabaté,Moussa,1610612766,CHA,Charlotte Hornets,0022400260,2024-11-21T00:00:00,CHA vs. DET,W,32.471666666666664,0.0,2.2,0.0,0.0,0.0,0.0,1.1,3.3,0.333,7.8,10.0,17.7,1.1,1.1,3.3,0.0,0.0,3.3,3.3,1.1,-1.1,32.9,0,0,26.6,1,1,13086,1,5577,22635,24718,22635,15070,20945,15070,12893,9247,13132,864,2600,958,19325,15077,2514,8263,8846,9361,8177,23198,13620,12641,2246,150,16460,1,32:28
2024-25,1628978,Donte DiVincenzo,Donte,1610612750,MIN,Minnesota Timberwolves,0022400261,2024-11-21T00:00:00,MIN @ TOR,L,30.1,4.8,14.4,0.333,3.6,10.8,0.333,0.0,0.0,0.0,0.0,2.4,2.4,4.8,3.6,3.6,0.0,0.0,3.6,1.2,13.2,-10.8,30.4,0,0,31.1,1,13222,1,13222,7690,14997,9607,17395,4944,2708,9209,13505,14344,13505,14058,18509,21024,7964,4800,2106,8263,8846,8462,16423,14931,18216,14515,2246,150,13079,1,30:06
2024-25,1629629,Cam Reddish,Cam,1610612747,LAL,Los Angeles Lakers,0022400263,2024-11-21T00:00:00,LAL vs. ORL,L,20.821666666666665,5.2,6.9,0.75,3.5,3.5,1.0,0.0,0.0,0.0,3.5,10.4,13.8,0.0,0.0,0.0,0.0,0.0,3.5,1.7,13.8,1.7,30.4,0,0,31.1,1,13222,1,13222,15416,13855,21652,2107,5246,16740,1,13505,14344,13505,4441,2308,2317,19908,16469,12854,8263,8846,8869,14187,14115,11781,14474,2246,150,13059,1,20:49
2024-25,1630544,Tre Mann,Tre,1610612766,CHA,Charlotte Hornets,0022400260,2024-11-21T00:00:00,CHA vs. DET,W,21.16,3.4,17.0,0.2,0.0,5.1,0.0,1.7,3.4,0.5,0.0,3.4,3.4,0.0,1.7,0.0,1.7,3.4,0.0,1.7,8.5,-15.3,16.0,0,0,15.3,1,1,13086,1,15182,18540,5793,21401,15070,12947,15070,11412,9084,10625,14058,15515,18780,19908,11914,12854,4290,990,20257,14262,19507,20012,22860,2246,150,22952,1,21:10
2024-25,1641711,Gradey Dick,Gradey,1610612761,TOR,Toronto Raptors,0022400261,2024-11-21T00:00:00,TOR vs. MIN,W,33.86666666666667,4.3,9.6,0.444,1.1,4.3,0.25,0.0,0.0,0.0,1.1,5.3,6.4,1.1,4.3,2.1,0.0,0.0,2.1,2.1,9.6,-2.1,20.9,0,0,22.3,1,1,13086,1,4385,16457,17825,13045,14176,15009,11902,13505,14344,13505,12770,9995,11448,19471,3411,5675,8263,8846,14483,12504,18575,14113,20720,2246,150,19468,1,33:52
2024-25,1629675,Naz Reid,Naz,1610612750,MIN,Minnesota Timberwolves,0022400261,2024-11-21T00:00:00,MIN @ TOR,L,21.861666666666668,1.6,13.2,0.125,0.0,4.9,0.0,0.0,0.0,0.0,3.3,3.3,6.6,1.6,3.3,0.0,1.6,1.6,8.2,0.0,3.3,-6.6,15.3,0,0,14.8,1,13222,1,13222,14612,21973,11527,22420,15070,13345,15070,13505,14344,13505,4757,15812,10981,17518,5524,12854,4436,4309,1258,17725,22852,16331,23088,2246,150,23120,1,21:52
2024-25,1630567,Scottie Barnes,Scottie,1610612761,TOR,Toronto Raptors,0022400261,2024-11-21T00:00:00,TOR vs. MIN,W,27.316666666666666,6.6,14.5,0.455,2.6,6.6,0.4,6.6,7.9,0.833,0.0,4.0,4.0,7.9,2.6,1.3,0.0,1.3,2.6,4.0,22.4,-2.6,40.3,0,0,39.5,1,1,13086,1,10084,9961,9359,12676,7725,9342,7874,2328,2587,7275,14058,13867,17436,2991,7752,9360,8263,5566,12305,6446,5917,14378,7553,2246,150,7046,1,27:19
2024-25,1642347,Jamal Shead,Jamal,1610612761,TOR,Toronto Raptors,0022400261,2024-11-21T00:00:00,TOR vs. MIN,W,8.15,0.0,4.4,0.0,0.0,0.0,0.0,0.0,0.0,0.0,0.0,4.4,4.4,0.0,0.0,4.4,0.0,4.4,4.4,0.0,0.0,-22.1,18.6,0,0,13.3,1,1,13086,1,22761,22635,23849,22635,15070,20945,15070,13505,14344,13505,14058,12486,16245,19908,16469,1289,8263,509,5977,17725,23200,22088,21863,2246,150,23631,1,8:09
2024-25,1630191,Isaiah Stewart,Isaiah,1610612765,DET,Detroit Pistons,0022400260,2024-11-21T00:00:00,DET @ CHA,L,28.758333333333333,6.3,6.3,1.0,0.0,0.0,0.0,3.8,5.0,0.75,6.3,5.0,11.3,3.8,3.8,1.3,2.5,0.0,5.0,2.5,16.3,12.5,42.9,0,0,38.8,1,13222,1,13222,8875,10824,22369,1,15070,20945,15070,6172,5907,8186,1500,10870,4181,10637,4426,9793,2374,8846,4594,10978,11634,6590,6155,2246,150,7506,1,28:46
2024-25,203084,Harrison Barnes,Harrison,1610612759,SAS,San Antonio Spurs,0022400262,2024-11-21T00:00:00,SAS vs. UTA,W,36.416666666666664,7.9,12.9,0.615,4.0,4.9,0.8,4.9,5.9,0.833,4.9,4.9,9.9,1.0,0.0,0.0,0.0,0.0,1.0,4.9,24.7,10.9,38.1,1,0,39.5,1,1,13086,1,2394,6833,12129,5246,4087,13333,1389,4127,4570,7275,2427,11043,5557,19707,16469,12854,8263,8846,19767,4216,4360,7288,8990,1,150,7043,1,36:25
2024-25,1641710,Anthony Black,Anthony,1610612753,ORL,Orlando Magic,0022400263,2024-11-21T00:00:00,ORL @ LAL,W,22.213333333333335,3.2,13.0,0.25,0.0,4.9,0.0,0.0,0.0,0.0,1.6,4.9,6.5,8.1,3.2,1.6,0.0,1.6,1.6,0.0,6.5,-9.7,28.0,0,0,24.3,1,1,13086,1,14343,18912,11919,20233,15070,13528,15070,13505,14344,13505,9843,11251,11214,2785,5697,7914,8263,4378,16807,17725,21061,17767,16201,2246,150,18129,1,22:13
2024-25,1642261,Dalton Knecht,Dalton,1610612747,LAL,Los Angeles Lakers,0022400263,2024-11-21T00:00:00,LAL vs. ORL,L,39.08166666666666,6.4,12.9,0.5,2.8,6.4,0.429,0.0,0.0,0.0,0.0,3.7,3.7,0.9,0.0,0.0,0.0,1.8,2.8,0.0,15.7,4.6,21.5,0,0,23.0,1,13222,1,13222,857,10316,12047,8526,7345,9654,7394,13505,14344,13505,14058,14686,18111,19842,16469,12854,8263,3765,11786,17725,12258,10333,20434,2246,150,19000,1,39:05
2024-25,1631111,Wendell Moore Jr.,Wendell,1610612765,DET,Detroit Pistons,0022400260,2024-11-21T00:00:00,DET @ CHA,L,21.06833333333333,3.4,3.4,1.0,1.7,1.7,1.0,3.4,3.4,1.0,3.4,8.5,12.0,6.8,1.7,1.7,1.7,0.0,1.7,1.7,12.0,1.7,45.1,0,0,39.3,1,13222,1,13222,15242,18504,24344,1,11376,20037,1,6863,9055,1,4507,4001,3525,4245,11884,7577,4275,8846,16509,14243,16183,11787,5125,2246,150,7199,1,21:04
2024-25,101108,Chris Paul,Chris,1610612759,SAS,San Antonio Spurs,0022400262,2024-11-21T00:00:00,SAS vs. UTA,W,30.383333333333333,4.7,10.7,0.444,1.2,7.1,0.167,4.7,4.7,1.0,0.0,5.9,5.9,11.8,1.2,2.4,0.0,0.0,1.2,2.4,15.4,14.2,46.2,1,0,39.1,1,1,13086,1,7425,15145,15954,13045,13448,8237,14236,4446,6414,1,14058,8498,12468,753,14550,4796,8263,8846,18624,11467,12515,5926,4661,1,150,7321,1,30:23
2024-25,1626156,D'Angelo Russell,D'Angelo,1610612747,LAL,Los Angeles Lakers,0022400263,2024-11-21T00:00:00,LAL vs. ORL,L,23.293333333333333,4.6,15.5,0.3,1.5,10.8,0.143,0.0,0.0,0.0,0.0,1.5,1.5,9.3,0.0,1.5,1.5,0.0,3.1,0.0,10.8,3.1,35.9,0,0,29.4,1,13222,1,13222,13476,15400,7890,19363,11881,2656,14649,13505,14344,13505,14058,20785,22515,1818,16469,8217,4716,8846,10306,17725,17349,11065,10471,2246,150,14441,1,23:18
2024-25,1630548,Johnny Juzang,Johnny,1610612762,UTA,Utah Jazz,0022400262,2024-11-21T00:00:00,UTA @ SAS,L,16.25,4.4,8.9,0.5,4.4,8.9,0.5,0.0,0.0,0.0,2.2,2.2,4.4,2.2,0.0,2.2,0.0,2.2,2.2,0.0,13.3,31.0,28.6,0,0,28.8,1,13222,1,13222,18753,15979,18919,8526,3187,5005,3944,13505,14344,13505,7545,19029,16213,15572,16469,5337,8263,2611,14031,17725,14759,1831,15812,2246,150,14855,1,16:15
2024-25,203914,Gary Harris,Gary,1610612753,ORL,Orlando Magic,0022400263,2024-11-21T00:00:00,ORL @ LAL,W,25.966666666666665,5.5,9.7,0.571,4.2,8.3,0.5,0.0,0.0,0.0,1.4,0.0,1.4,1.4,1.4,0.0,0.0,0.0,2.8,0.0,15.3,1.4,17.6,0,0,22.2,1,1,13086,1,11188,12868,17568,6538,3654,5886,3944,13505,14344,13505,10813,22137,22714,18389,13369,12854,8263,8846,11760,17725,12655,11921,22262,2246,150,19567,1,25:58
2024-25,1642262,Cody Williams,Cody,1610612762,UTA,Utah Jazz,0022400262,2024-11-21T00:00:00,UTA @ SAS,L,14.65,0.0,4.9,0.0,0.0,2.5,0.0,0.0,0.0,0.0,0.0,4.9,4.9,0.0,2.5,0.0,2.5,0.0,7.4,0.0,0.0,-19.7,10.8,0,0,9.8,1,13222,1,13222,19792,22635,23521,22635,15070,18703,15070,13505,14344,13505,14058,11120,15019,19908,8422,12854,2457,8846,1729,17725,23200,21453,24278,2246,150,24463,1,14:39
2024-25,1642265,Rob Dillingham,Rob,1610612750,MIN,Minnesota Timberwolves,0022400261,2024-11-21T00:00:00,MIN @ TOR,L,9.741666666666667,3.7,7.4,0.5,0.0,0.0,0.0,0.0,0.0,0.0,0.0,0.0,0.0,3.7,3.7,0.0,0.0,0.0,3.7,0.0,7.4,-51.7,9.2,0,0,11.1,1,13222,1,13222,22196,17849,21087,8526,15070,20945,15070,13505,14344,13505,14058,22137,23286,10800,4566,12854,8263,8846,8100,17725,20417,25461,24536,2246,150,24203,1,9:45
2024-25,1629638,Nickeil Alexander-Walker,Nickeil,1610612750,MIN,Minnesota Timberwolves,0022400261,2024-11-21T00:00:00,MIN @ TOR,L,26.358333333333334,1.4,8.2,0.167,1.4,2.7,0.5,4.1,5.5,0.75,0.0,5.5,5.5,0.0,1.4,2.7,0.0,0.0,4.1,5.5,8.2,-1.4,21.6,0,0,20.5,1,13222,1,13222,10855,22329,19953,21938,12583,18199,3944,5528,5235,8186,14058,9635,13637,19908,13481,3847,8263,8846,6851,3394,19752,13739,20371,2246,150,20586,1,26:22
2024-25,1641724,Jett Howard,Jett,1610612753,ORL,Orlando Magic,0022400263,2024-11-21T00:00:00,ORL @ LAL,W,10.748333333333333,3.3,3.3,1.0,0.0,0.0,0.0,0.0,0.0,0.0,6.7,0.0,6.7,6.7,3.3,0.0,0.0,0.0,3.3,0.0,6.7,-23.4,21.4,0,0,20.1,1,1,13086,1,21831,18640,24365,1,15070,20945,15070,13505,14344,13505,1279,22137,10734,4432,5357,12854,8263,8846,9250,17725,20924,22450,20452,2246,150,20802,1,10:45
2024-25,1628371,Jonathan Isaac,Jonathan,1610612753,ORL,Orlando Magic,0022400263,2024-11-21T00:00:00,ORL @ LAL,W,18.321666666666665,2.0,7.9,0.25,0.0,3.9,0.0,0.0,0.0,0.0,2.0,9.8,11.8,0.0,2.0,0.0,2.0,0.0,3.9,0.0,3.9,-13.8,22.0,0,0,19.6,1,1,13086,1,17344,21466,20464,20233,15070,15714,15070,13505,14344,13505,8551,2705,3679,19908,10691,12854,3585,8846,7347,17725,22579,19402,20143,2246,150,21068,1,18:19
2024-25,1642419,Jamison Battle,Jamison,1610612761,TOR,Toronto Raptors,0022400261,2024-11-21T00:00:00,TOR vs. MIN,W,7.433333333333334,4.8,4.8,1.0,0.0,0.0,0.0,4.8,4.8,1.0,0.0,4.8,4.8,0.0,4.8,0.0,0.0,0.0,0.0,0.0,14.5,63.0,15.5,0,0,19.4,1,1,13086,1,23024,14826,23574,1,15070,20945,15070,4273,6210,1,14058,11298,15192,19908,2530,12854,8263,8846,20257,17725,13376,318,23027,2246,150,21220,1,7:26
2024-25,1631204,Marcus Sasser,Marcus,1610612765,DET,Detroit Pistons,0022400260,2024-11-21T00:00:00,DET @ CHA,L,9.033333333333333,0.0,12.0,0.0,0.0,8.0,0.0,0.0,0.0,0.0,0.0,4.0,4.0,8.0,0.0,0.0,0.0,0.0,8.0,0.0,0.0,12.0,16.7,0,0,12.0,1,13222,1,13222,22439,22635,13669,22635,15070,6487,15070,13505,14344,13505,14058,13767,17349,2914,16469,12854,8263,8846,1375,17725,23200,6814,22582,2246,150,23986,1,9:02
2024-25,1629048,Goga Bitadze,Goga,1610612753,ORL,Orlando Magic,0022400263,2024-11-21T00:00:00,ORL @ LAL,W,29.505,3.7,4.9,0.75,0.0,0.0,0.0,1.2,1.2,1.0,4.9,13.4,18.3,2.4,2.4,1.2,1.2,0.0,6.1,1.2,8.5,15.9,39.0,0,0,34.2,1,1,13086,1,8221,17948,23552,2107,15070,20945,15070,12531,13856,1,2475,889,835,14737,8493,10017,6053,8846,2821,16298,19481,5305,8371,2246,150,10728,1,29:30
2024-25,1642268,Isaiah Collier,Isaiah,1610612762,UTA,Utah Jazz,0022400262,2024-11-21T00:00:00,UTA @ SAS,L,23.5,1.5,12.3,0.125,0.0,3.1,0.0,3.1,6.1,0.5,0.0,4.6,4.6,9.2,7.7,0.0,0.0,3.1,7.7,3.1,6.1,4.6,17.8,0,0,19.9,1,13222,1,13222,13305,22132,13159,22420,15070,17528,15070,7635,4312,10625,14058,11992,15818,1868,668,12854,8263,1268,1537,9020,21300,10341,22193,2246,150,20906,1,23:30
2024-25,1629216,Gabe Vincent,Gabe,1610612747,LAL,Los Angeles Lakers,0022400263,2024-11-21T00:00:00,LAL vs. ORL,L,14.2,0.0,0.0,0.0,0.0,0.0,0.0,0.0,0.0,0.0,0.0,0.0,0.0,0.0,0.0,0.0,0.0,0.0,5.1,0.0,0.0,15.2,0.0,0,0,0.0,1,13222,1,13222,20077,22635,24836,22635,15070,20945,15070,13505,14344,13505,14058,22137,23286,19908,16469,12854,8263,8846,4446,17725,23200,5537,25228,2246,150,25259,1,14:12
2024-25,1630595,Cade Cunningham,Cade,1610612765,DET,Detroit Pistons,0022400260,2024-11-21T00:00:00,DET @ CHA,L,36.763333333333335,8.8,25.5,0.346,2.0,8.8,0.222,6.9,8.8,0.778,3.9,2.9,6.9,9.8,4.9,1.0,0.0,2.0,2.0,7.8,26.4,-2.9,47.4,1,0,47.0,1,13222,1,13222,2153,5056,733,17386,10358,5089,13288,2119,1975,8092,3699,16948,10422,1541,2471,12134,8263,3364,15362,1108,3459,14540,4182,1,150,3474,1,36:46
2024-25,1629646,Charles Bassey,Charles,1610612759,SAS,San Antonio Spurs,0022400262,2024-11-21T00:00:00,SAS vs. UTA,W,27.016666666666666,6.7,12.0,0.556,0.0,0.0,0.0,1.3,2.7,0.5,6.7,5.3,12.0,1.3,1.3,1.3,8.0,1.3,6.7,1.3,14.7,21.3,57.7,0,0,46.6,1,1,13086,1,10318,9794,13601,7248,15070,20945,15070,12222,10828,10625,1296,9959,3502,18559,13662,9291,141,5487,2255,15757,13238,3618,1518,2246,150,3612,1,27:01
2024-25,1628449,Chris Boucher,Chris,1610612761,TOR,Toronto Raptors,0022400261,2024-11-21T00:00:00,TOR vs. MIN,W,26.083333333333332,9.7,17.9,0.538,4.1,11.0,0.375,6.9,11.0,0.625,0.0,5.5,5.5,0.0,1.4,2.8,1.4,0.0,5.5,5.5,30.4,15.2,48.0,0,0,48.3,1,1,13086,1,11099,3646,4757,7978,3692,2449,8800,2073,1010,10271,14058,9470,13485,19908,13403,3779,5313,8846,3671,3306,1963,5555,3964,2246,150,3044,1,26:05
2024-25,1631104,Blake Wesley,Blake,1610612759,SAS,San Antonio Spurs,0022400262,2024-11-21T00:00:00,SAS vs. UTA,W,4.316666666666666,0.0,25.0,0.0,0.0,16.7,0.0,8.3,16.7,0.5,0.0,16.7,16.7,0.0,0.0,0.0,0.0,0.0,0.0,8.3,8.3,-41.7,28.4,0,0,25.0,1,1,13086,1,24318,22635,821,22635,15070,438,15070,1260,234,10625,14058,357,1212,19908,16469,12854,8263,8846,20257,876,19630,24957,15959,2246,150,17662,1,4:19
2024-25,1630182,Josh Green,Josh,1610612766,CHA,Charlotte Hornets,0022400260,2024-11-21T00:00:00,CHA vs. DET,W,30.741666666666667,3.5,4.7,0.75,3.5,3.5,1.0,1.2,2.3,0.5,0.0,3.5,3.5,5.9,1.2,0.0,0.0,0.0,1.2,1.2,11.7,3.5,23.5,0,0,24.6,1,1,13086,1,7097,18296,23695,2107,5119,16632,1,12695,11657,10625,14058,15196,18518,5751,14653,12854,8263,8846,18710,16550,16437,10889,19235,2246,150,17953,1,30:45
2024-25,1631093,Jaden Ivey,Jaden,1610612765,DET,Detroit Pistons,0022400260,2024-11-21T00:00:00,DET @ CHA,L,24.133333333333333,4.5,16.4,0.273,1.5,4.5,0.333,6.0,9.0,0.667,4.5,1.5,6.0,7.5,4.5,3.0,0.0,1.5,7.5,9.0,16.4,-14.9,39.2,0,0,37.3,1,13222,1,13222,12774,15849,6531,20048,12068,14509,9209,2897,1899,9425,2954,20891,12369,3448,3033,3196,8263,4805,1672,674,11490,19874,8250,2246,150,8508,1,24:08
2024-25,1627736,Malik Beasley,Malik,1610612765,DET,Detroit Pistons,0022400260,2024-11-21T00:00:00,DET @ CHA,L,34.375,5.2,15.7,0.333,4.2,12.6,0.333,2.1,2.1,1.0,1.0,5.2,6.3,1.0,1.0,0.0,0.0,1.0,2.1,0.0,16.8,11.5,24.8,0,0,28.3,1,13222,1,13222,3947,13711,7531,17395,3585,1494,9209,10313,12441,1,12901,10196,11648,19536,15511,12854,8263,7519,14637,17725,11119,7000,18408,2246,150,15227,1,34:23
2024-25,1630577,Julian Champagnie,Julian,1610612759,SAS,San Antonio Spurs,0022400262,2024-11-21T00:00:00,SAS vs. UTA,W,32.416666666666664,4.4,12.2,0.364,2.2,7.8,0.286,4.4,5.6,0.8,0.0,3.3,3.3,6.7,1.1,3.3,1.1,1.1,1.1,3.3,15.5,10.0,41.8,0,0,36.6,1,1,13086,1,5623,15950,13235,16861,9159,6849,11433,4921,5121,7681,14058,15693,18913,4481,15060,2496,6722,6964,19047,8153,12379,7700,6748,2246,150,8951,1,32:25
2024-25,1628998,Cody Martin,Cody,1610612766,CHA,Charlotte Hornets,0022400260,2024-11-21T00:00:00,CHA vs. DET,W,35.56666666666667,6.1,8.1,0.75,3.0,4.0,0.75,0.0,0.0,0.0,1.0,2.0,3.0,1.0,0.0,1.0,2.0,0.0,5.1,1.0,15.2,-13.2,29.5,0,0,28.3,1,1,13086,1,3020,11308,20091,2107,6387,15479,1542,13505,14344,13505,13158,19577,19618,19640,16469,11841,3407,8846,4471,17347,12731,19177,15181,2246,150,15179,1,35:34
2024-25,1641718,Keyonte George,Keyonte,1610612762,UTA,Utah Jazz,0022400262,2024-11-21T00:00:00,UTA @ SAS,L,33.35,6.5,19.4,0.333,3.2,13.0,0.25,4.3,4.3,1.0,0.0,2.2,2.2,5.4,3.2,1.1,0.0,1.1,3.2,3.2,20.5,0.0,31.2,0,0,33.5,1,13222,1,13222,4857,10240,3398,17395,5854,1320,11902,5122,7172,1,14058,19181,21496,6641,5704,11197,8263,7230,9703,8437,7487,12240,13901,2246,150,11271,1,33:21
2024-25,1627751,Jakob Poeltl,Jakob,1610612761,TOR,Toronto Raptors,0022400261,2024-11-21T00:00:00,TOR vs. MIN,W,28.783333333333335,6.3,10.0,0.625,0.0,0.0,0.0,6.3,10.0,0.625,3.8,11.3,15.0,2.5,0.0,0.0,0.0,1.3,5.0,5.0,18.8,0.0,40.5,1,0,36.3,1,1,13086,1,8852,10839,17044,4899,15070,20945,15070,2632,1372,10271,3964,1774,1762,14542,16469,12854,8263,5929,4599,4112,9070,12240,7447,1,150,9178,1,28:47
2024-25,1642271,Kyle Filipowski,Kyle,1610612762,UTA,Utah Jazz,0022400262,2024-11-21T00:00:00,UTA @ SAS,L,18.071666666666665,2.0,12.0,0.167,0.0,2.0,0.0,4.0,4.0,1.0,6.0,12.0,17.9,2.0,0.0,0.0,0.0,4.0,6.0,2.0,8.0,6.0,32.5,0,0,27.9,1,13222,1,13222,17523,21426,13680,21938,15070,19571,15070,5722,7873,1,1640,1387,923,16409,16469,12854,8263,657,2982,13120,19944,9630,12967,2246,150,15506,1,18:04
2024-25,1642264,Stephon Castle,Stephon,1610612759,SAS,San Antonio Spurs,0022400262,2024-11-21T00:00:00,SAS vs. UTA,W,34.50333333333333,6.3,14.6,0.429,1.0,3.1,0.333,5.2,5.2,1.0,0.0,3.1,3.1,6.3,2.1,1.0,1.0,1.0,0.0,4.2,18.8,4.2,36.1,0,0,33.4,1,1,13086,1,3851,10822,9190,13735,14289,17404,9209,3755,5586,1,14058,16335,19419,5081,10063,11557,7176,7546,20257,5896,9054,10559,10297,2246,150,11330,1,34:30
2024-25,1630200,Tre Jones,Tre,1610612759,SAS,San Antonio Spurs,0022400262,2024-11-21T00:00:00,SAS vs. UTA,W,17.983333333333334,6.0,12.0,0.5,0.0,2.0,0.0,10.0,16.0,0.625,0.0,6.0,6.0,4.0,2.0,0.0,0.0,0.0,6.0,8.0,22.0,-4.0,33.2,0,0,32.0,1,1,13086,1,17566,11488,13567,8526,15070,19558,15070,699,280,10271,14058,8303,12257,9928,10518,12854,8263,8846,2932,1016,6198,15067,12400,2246,150,12368,1,17:59
2024-25,1630558,Davion Mitchell,Davion,1610612761,TOR,Toronto Raptors,0022400261,2024-11-21T00:00:00,TOR vs. MIN,W,27.483333333333334,0.0,5.2,0.0,0.0,2.6,0.0,3.9,5.2,0.75,0.0,2.6,2.6,10.5,3.9,0.0,0.0,0.0,3.9,3.9,3.9,26.2,18.9,0,0,17.0,1,1,13086,1,9957,22635,23300,22635,15070,18413,15070,5824,5543,8186,14058,17897,20604,1213,4019,12854,8263,8846,7348,6490,22580,2584,21719,2246,150,22294,1,27:29
2024-25,1631108,Max Christie,Max,1610612747,LAL,Los Angeles Lakers,0022400263,2024-11-21T00:00:00,LAL vs. ORL,L,24.67,2.9,4.4,0.667,0.0,1.5,0.0,1.5,2.9,0.5,0.0,1.5,1.5,1.5,0.0,2.9,0.0,0.0,1.5,1.5,7.3,-2.9,20.0,0,0,16.1,1,13222,1,13222,12302,19611,23876,3281,15070,20313,15070,11884,10184,10625,14058,20968,22621,18142,16469,3360,8263,8846,17403,15194,20490,14526,21177,2246,150,22687,1,24:40
2024-25,1641842,Ronald Holland II,Ronald,1610612765,DET,Detroit Pistons,0022400260,2024-11-21T00:00:00,DET @ CHA,L,13.758333333333333,5.2,13.1,0.4,2.6,7.8,0.333,2.6,2.6,1.0,0.0,5.2,5.2,2.6,5.2,0.0,0.0,0.0,0.0,5.2,15.7,18.3,20.7,0,0,26.2,1,13222,1,13222,20331,13719,11701,14933,7771,6716,9209,8765,10938,1,14058,10206,14207,14162,2081,12854,8263,8846,20257,3724,12225,4457,20859,2246,150,16820,1,13:46
2024-25,203497,Rudy Gobert,Rudy,1610612750,MIN,Minnesota Timberwolves,0022400261,2024-11-21T00:00:00,MIN @ TOR,L,35.705,4.0,5.0,0.8,0.0,0.0,0.0,5.0,6.0,0.833,4.0,7.1,11.1,2.0,3.0,1.0,2.0,0.0,3.0,3.0,13.1,0.0,35.5,1,0,32.3,1,13222,1,13222,2901,17013,23437,1688,15070,20945,15070,3965,4406,7275,3562,6269,4332,16316,6375,11880,3440,8846,10609,9149,14973,12240,10734,1,150,12156,1,35:42
2024-25,1629012,Collin Sexton,Collin,1610612762,UTA,Utah Jazz,0022400262,2024-11-21T00:00:00,UTA @ SAS,L,24.5,8.8,19.1,0.462,0.0,4.4,0.0,8.8,10.3,0.857,1.5,0.0,1.5,1.5,4.4,1.5,0.0,1.5,1.5,7.3,26.4,-16.2,30.4,0,0,32.3,1,13222,1,13222,12473,5045,3675,12428,15070,14662,15070,1068,1259,7071,10441,22137,22609,18096,3131,8533,8263,4887,17347,1418,3455,20310,14488,2246,150,12125,1,24:30
2024-25,1630183,Jaden McDaniels,Jaden,1610612750,MIN,Minnesota Timberwolves,0022400261,2024-11-21T00:00:00,MIN @ TOR,L,41.78333333333333,6.9,12.9,0.533,1.7,5.2,0.333,3.4,3.4,1.0,1.7,4.3,6.0,2.6,0.9,1.7,0.0,0.0,2.6,1.7,19.0,4.3,34.4,0,0,32.7,1,13222,1,13222,270,9182,11992,8140,11337,12777,9209,6803,9001,1,9500,12777,12207,14266,16412,7537,8263,8846,12477,14208,8902,10478,11532,2246,150,11846,1,41:47
2024-25,203944,Julius Randle,Julius,1610612750,MIN,Minnesota Timberwolves,0022400261,2024-11-21T00:00:00,MIN @ TOR,L,38.43333333333333,4.7,11.2,0.417,0.9,5.6,0.167,11.2,15.0,0.75,0.9,7.5,8.4,2.8,3.7,1.9,0.0,0.0,1.9,10.3,21.5,-5.6,37.7,0,0,37.5,1,13222,1,13222,1144,15281,14956,14532,14845,11662,14236,444,354,8186,13734,5508,7578,13553,4444,6900,8263,8846,15818,359,6598,15887,9191,2246,150,8388,1,38:26
2024-25,1631323,Simone Fontecchio,Simone,1610612765,DET,Detroit Pistons,0022400260,2024-11-21T00:00:00,DET @ CHA,L,21.158333333333335,5.1,11.9,0.429,3.4,8.5,0.4,0.0,0.0,0.0,0.0,3.4,3.4,1.7,1.7,1.7,0.0,0.0,0.0,0.0,13.6,32.3,23.7,0,0,25.5,1,13222,1,13222,15183,14073,13740,13735,5373,5573,7874,13505,14344,13505,14058,15514,18779,17361,11913,7602,8263,8846,20257,17725,14368,1695,19173,2246,150,17264,1,21:10
2024-25,1630175,Cole Anthony,Cole,1610612753,ORL,Orlando Magic,0022400263,2024-11-21T00:00:00,ORL @ LAL,W,4.366666666666666,8.2,16.5,0.5,0.0,8.2,0.0,0.0,0.0,0.0,0.0,0.0,0.0,0.0,8.2,0.0,0.0,0.0,8.2,0.0,16.5,16.5,8.2,0,0,16.5,1,1,13086,1,24304,6096,6434,8526,15070,6000,15070,13505,14344,13505,14058,22137,23286,19908,543,12854,8263,8846,1248,17725,11400,5075,24666,2246,150,22510,1,4:22
2024-25,1630532,Franz Wagner,Franz,1610612753,ORL,Orlando Magic,0022400263,2024-11-21T00:00:00,ORL @ LAL,W,38.71666666666667,12.1,24.2,0.5,3.7,9.3,0.4,6.5,7.4,0.875,0.0,5.6,5.6,10.2,2.8,3.7,0.0,1.9,4.6,4.6,34.4,4.6,64.8,1,0,61.4,1,1,13086,1,1003,1469,1020,8526,4649,4379,7874,2393,2967,6931,14058,9342,13332,1323,7259,1945,8263,3706,5417,4834,1058,10312,707,1,150,700,1,38:43
2024-25,1641706,Brandon Miller,Brandon,1610612766,CHA,Charlotte Hornets,0022400260,2024-11-21T00:00:00,CHA vs. DET,W,42.21666666666667,12.8,22.2,0.577,6.8,10.2,0.667,0.0,0.0,0.0,0.9,5.1,6.0,3.4,6.0,3.4,0.9,0.0,3.4,0.9,32.4,7.7,51.5,0,0,57.1,1,1,13086,1,239,1114,1745,6533,831,3230,1957,13505,14344,13505,13994,10514,12368,11657,1406,2361,8183,8846,9039,17703,1437,8788,2836,2246,150,1145,1,42:13
2024-25,203076,Anthony Davis,Anthony,1610612747,LAL,Los Angeles Lakers,0022400263,2024-11-21T00:00:00,LAL vs. ORL,L,37.766666666666666,13.3,21.0,0.636,1.0,1.0,1.0,9.5,12.4,0.769,3.8,4.8,8.6,1.9,2.9,0.0,2.9,1.0,3.8,8.6,37.2,0.0,56.0,0,0,54.3,1,13222,1,13222,1530,888,2348,4689,14780,20897,1,829,683,8170,3865,11528,7350,16727,6997,12854,1869,8314,7697,793,680,12240,1797,2246,150,1570,1,37:46
2024-25,1630162,Anthony Edwards,Anthony,1610612750,MIN,Minnesota Timberwolves,0022400261,2024-11-21T00:00:00,MIN @ TOR,L,36.016666666666666,9.0,20.0,0.45,5.0,9.0,0.556,3.0,3.0,1.0,1.0,2.0,3.0,2.0,2.0,2.0,2.0,0.0,4.0,3.0,26.0,4.0,42.6,0,0,44.0,1,13222,1,13222,2671,4718,2981,12982,2272,4847,3747,7814,9982,1,13253,19669,19746,16378,10528,6252,3500,8846,7147,9268,3691,10650,6324,2246,150,4699,1,36:01
2024-25,1628381,John Collins,John,1610612762,UTA,Utah Jazz,0022400262,2024-11-21T00:00:00,UTA @ SAS,L,32.833333333333336,8.8,15.4,0.571,1.1,5.5,0.2,1.1,1.1,1.0,3.3,12.1,15.4,3.3,1.1,1.1,1.1,1.1,4.4,4.4,19.7,5.5,48.6,1,0,43.9,1,13222,1,13222,5298,5138,8035,6538,13960,12003,13429,12916,14044,1,4769,1327,1628,12020,15150,11047,6811,7072,6050,5387,8134,9856,3782,1,150,4760,1,32:50
2024-25,202699,Tobias Harris,Tobias,1610612765,DET,Detroit Pistons,0022400260,2024-11-21T00:00:00,DET @ CHA,L,30.866666666666667,11.7,18.7,0.625,7.0,10.5,0.667,0.0,0.0,0.0,3.5,5.8,9.3,2.3,2.3,1.2,0.0,1.2,2.3,0.0,30.3,-8.2,46.2,0,0,51.3,1,13222,1,13222,6979,1747,4059,4899,759,2977,1957,13505,14344,13505,4379,8721,6278,15107,8932,10457,8263,6510,13514,17725,1974,17042,4669,2246,150,2200,1,30:52
2024-25,1628380,Zach Collins,Zach,1610612759,SAS,San Antonio Spurs,0022400262,2024-11-21T00:00:00,SAS vs. UTA,W,20.983333333333334,10.3,15.4,0.667,0.0,3.4,0.0,10.3,13.7,0.75,1.7,6.9,8.6,0.0,5.1,0.0,1.7,1.7,8.6,8.6,30.9,-13.7,41.2,0,0,42.9,1,1,13086,1,15304,2921,7904,3281,15070,16810,15070,621,490,8186,9518,6603,7351,19908,2173,12854,4257,4104,1106,794,1809,19390,7062,2246,150,5197,1,20:59
2024-25,1630163,LaMelo Ball,LaMelo,1610612766,CHA,Charlotte Hornets,0022400260,2024-11-21T00:00:00,CHA vs. DET,W,32.61666666666667,13.2,29.8,0.444,4.4,15.5,0.286,7.7,8.8,0.875,1.1,5.5,6.6,9.9,2.2,1.1,0.0,0.0,6.6,12.1,38.6,13.2,62.6,0,0,61.8,1,1,13086,1,5465,933,283,13045,3210,606,11433,1544,1958,6931,12442,9476,10896,1476,9481,10987,8263,8846,2295,191,540,6289,907,2246,150,661,1,32:37
2024-25,1629628,RJ Barrett,RJ,1610612761,TOR,Toronto Raptors,0022400261,2024-11-21T00:00:00,TOR vs. MIN,W,35.03333333333333,10.3,14.4,0.714,1.0,3.1,0.333,10.3,12.3,0.833,1.0,6.2,7.2,3.1,4.1,3.1,0.0,1.0,2.1,7.2,31.9,-4.1,50.2,0,0,49.3,1,1,13086,1,3435,2935,9558,2752,14376,17485,9209,629,697,7275,13046,7980,9763,12657,3652,2970,8263,7687,14843,1517,1560,15129,3195,2246,150,2726,1,35:02
2024-25,1628374,Lauri Markkanen,Lauri,1610612762,UTA,Utah Jazz,0022400262,2024-11-21T00:00:00,UTA @ SAS,L,33.15,8.7,18.5,0.471,3.3,10.9,0.3,8.7,8.7,1.0,3.3,1.1,4.3,2.2,0.0,0.0,2.2,0.0,3.3,5.4,29.3,-20.6,44.3,0,0,43.4,1,13222,1,13222,5027,5282,4246,12143,5786,2622,11319,1116,2061,1,4824,21787,16425,15718,16469,12854,3010,8846,9623,3432,2335,21735,5515,2246,150,4947,1,33:09
2024-25,2544,LeBron James,LeBron,1610612747,LAL,Los Angeles Lakers,0022400263,2024-11-21T00:00:00,LAL vs. ORL,L,37.04666666666667,11.7,21.4,0.545,4.9,8.7,0.556,1.9,3.9,0.5,1.9,7.8,9.7,6.8,3.9,0.0,1.0,1.9,0.0,3.9,30.1,-7.8,51.0,1,0,53.4,1,13222,1,13222,1964,1750,2115,7695,2477,5185,3747,10825,8062,10625,8650,5047,5776,4286,4111,12854,7679,3411,20257,6611,2036,16869,2983,1,150,1721,1,37:03
2024-25,1641729,Brice Sensabaugh,Brice,1610612762,UTA,Utah Jazz,0022400262,2024-11-21T00:00:00,UTA @ SAS,L,22.083333333333332,11.4,21.2,0.538,6.5,11.4,0.571,0.0,0.0,0.0,1.6,8.2,9.8,1.6,0.0,0.0,1.6,1.6,3.3,0.0,29.3,-31.0,48.4,0,0,50.5,1,13222,1,13222,14427,1926,2209,7978,995,2163,3506,13505,14344,13505,9810,4483,5703,17574,16469,12854,4480,4362,9614,17725,2324,23882,3841,2246,150,2382,1,22:05
2024-25,1629021,Moritz Wagner,Moritz,1610612753,ORL,Orlando Magic,0022400263,2024-11-21T00:00:00,ORL @ LAL,W,18.495,13.6,25.3,0.538,1.9,3.9,0.5,7.8,9.7,0.8,7.8,1.9,9.7,7.8,0.0,0.0,1.9,1.9,3.9,5.8,37.0,-23.4,66.2,0,0,60.3,1,1,13086,1,17206,820,771,7978,10424,15812,3944,1517,1491,7681,852,19839,5754,3096,16469,12854,3637,3397,7465,2832,695,22436,618,2246,150,800,1,18:30
2024-25,1631103,Malaki Branham,Malaki,1610612759,SAS,San Antonio Spurs,0022400262,2024-11-21T00:00:00,SAS vs. UTA,W,7.8133333333333335,4.6,23.0,0.2,4.6,13.8,0.333,0.0,0.0,0.0,0.0,13.8,13.8,9.2,4.6,4.6,0.0,9.2,9.2,0.0,13.8,23.0,53.4,0,0,50.7,1,1,13086,1,22890,15475,1371,21401,2874,983,9209,13505,14344,13505,14058,800,2322,1857,2834,1141,8263,81,893,17725,14128,3258,2343,2246,150,2346,1,7:49
2024-25,1630534,Ochai Agbaji,Ochai,1610612761,TOR,Toronto Raptors,0022400261,2024-11-21T00:00:00,TOR vs. MIN,W,26.633333333333333,2.7,6.8,0.4,0.0,1.4,0.0,0.0,0.0,0.0,0.0,0.0,0.0,1.4,1.4,1.4,0.0,1.4,2.7,1.4,5.4,-14.9,10.1,0,0,9.5,1,1,13086,1,10618,20084,21826,14933,15070,20435,15070,13505,14344,13505,14058,22137,23286,18492,13559,9181,8263,5392,12028,15666,21791,19857,24389,2246,150,24538,1,26:38
2024-25,1629684,Grant Williams,Grant,1610612766,CHA,Charlotte Hornets,0022400260,2024-11-21T00:00:00,CHA vs. DET,W,39.9,3.6,9.0,0.4,0.9,5.4,0.167,2.7,3.6,0.75,0.9,1.8,2.7,0.9,1.8,0.9,0.9,0.0,0.9,3.6,10.8,3.6,19.0,0,0,18.9,1,1,13086,1,583,18063,18681,14933,14956,12175,14236,8566,8670,8186,13899,20232,20434,19865,11530,12657,8080,8846,20143,7370,17330,10852,21624,2246,150,21410,1,39:54
2024-25,1631105,Jalen Duren,Jalen,1610612765,DET,Detroit Pistons,0022400260,2024-11-21T00:00:00,DET @ CHA,L,24.085,3.0,4.5,0.667,0.0,0.0,0.0,1.5,1.5,1.0,3.0,10.5,13.5,0.0,1.5,1.5,0.0,0.0,6.0,4.5,7.5,-25.4,26.6,0,0,23.9,1,13222,1,13222,12810,19458,23816,3281,15070,20945,15070,11811,13495,1,5373,2257,2508,19908,12774,8438,8263,8846,2978,5180,20342,22893,17215,2246,150,18386,1,24:05
2024-25,203552,Seth Curry,Seth,1610612766,CHA,Charlotte Hornets,0022400260,2024-11-21T00:00:00,CHA vs. DET,W,8.591666666666667,0.0,4.2,0.0,0.0,0.0,0.0,0.0,0.0,0.0,0.0,0.0,0.0,0.0,0.0,4.2,0.0,0.0,0.0,0.0,0.0,-4.2,12.6,0,0,8.4,1,1,13086,1,22601,22635,24001,22635,15070,20945,15070,13505,14344,13505,14058,22137,23286,19908,16469,1466,8263,8846,20257,17725,23200,15174,23881,2246,150,24702,1,8:36
2024-25,203501,Tim Hardaway Jr.,Tim,1610612765,DET,Detroit Pistons,0022400260,2024-11-21T00:00:00,DET @ CHA,L,21.0,1.7,10.3,0.167,0.0,6.9,0.0,0.0,0.0,0.0,1.7,0.0,1.7,1.7,0.0,0.0,0.0,0.0,1.7,0.0,3.4,-41.1,8.1,0,0,6.9,1,13222,1,13222,15296,21883,16579,21938,15070,8760,15070,13505,14344,13505,9524,22137,22284,17326,16469,12854,8263,8846,16483,17725,22796,24918,24692,2246,150,24907,1,21:00
2024-25,1630559,Austin Reaves,Austin,1610612747,LAL,Los Angeles Lakers,0022400263,2024-11-21T00:00:00,LAL vs. ORL,L,32.88666666666666,3.3,13.1,0.25,1.1,4.4,0.25,2.2,5.5,0.4,1.1,1.1,2.2,3.3,2.2,1.1,0.0,0.0,0.0,7.7,9.9,-8.8,18.5,0,0,18.6,1,13222,1,13222,5254,18796,11606,20233,13973,14737,11902,9987,5223,13061,12516,21763,21434,12043,9553,11069,8263,8846,20257,1224,18308,17309,21885,2246,150,21582,1,32:53
2024-25,201587,Nicolas Batum,Nicolas,1610612746,LAC,LA Clippers,0022400259,2024-11-20T00:00:00,LAC vs. ORL,W,19.016666666666666,3.8,5.7,0.667,1.9,1.9,1.0,0.0,0.0,0.0,3.8,3.8,7.6,0.0,0.0,0.0,0.0,1.9,1.9,0.0,9.5,7.6,18.6,0,0,18.9,1,1,13086,1,16808,17606,22921,3281,10661,19753,1,13505,14344,13505,3907,14369,9021,19908,16469,12854,8263,3575,15725,17725,18673,8851,21862,2246,150,21417,1,19:01
2024-25,203992,Bogdan Bogdanović,Bogdan,1610612737,ATL,Atlanta Hawks,0022400258,2024-11-20T00:00:00,ATL @ GSW,L,23.3,3.1,21.6,0.143,1.5,10.8,0.143,1.5,1.5,1.0,7.7,3.1,10.8,1.5,7.7,0.0,0.0,0.0,4.6,1.5,9.3,-9.3,16.8,0,0,23.2,1,13222,1,13222,13465,19227,1971,22260,11882,2658,14649,11704,13443,1,871,16435,4581,17820,657,12854,8263,8846,5453,14821,18840,17561,22548,2246,150,18871,1,23:18
2024-25,1629611,Terance Mann,Terance,1610612746,LAC,LA Clippers,0022400259,2024-11-20T00:00:00,LAC vs. ORL,W,15.35,0.0,4.7,0.0,0.0,2.3,0.0,0.0,0.0,0.0,0.0,0.0,0.0,2.3,4.7,2.3,0.0,0.0,2.3,0.0,0.0,-21.1,5.9,0,0,7.0,1,1,13086,1,19342,22635,23689,22635,15070,18912,15070,13505,14344,13505,14058,22137,23286,15069,2727,4880,8263,8846,13461,17725,23200,21860,24932,2246,150,24888,1,15:21
2024-25,1628997,Caleb Martin,Caleb,1610612755,PHI,Philadelphia 76ers,0022400255,2024-11-20T00:00:00,PHI @ MEM,L,32.428333333333335,1.1,3.3,0.333,0.0,2.2,0.0,0.0,0.0,0.0,1.1,2.2,3.3,4.4,2.2,1.1,3.3,0.0,1.1,0.0,2.2,-13.3,24.0,0,0,18.9,1,13222,1,13222,5620,22571,24378,17395,15070,19134,15070,13505,14344,13505,12394,19014,18917,8790,9430,10941,1368,8846,19048,17725,23130,19235,18967,2246,150,21444,1,32:26
2024-25,1629634,Brandon Clarke,Brandon,1610612763,MEM,Memphis Grizzlies,0022400255,2024-11-20T00:00:00,MEM vs. PHI,W,18.516666666666666,5.8,15.6,0.375,0.0,5.8,0.0,0.0,0.0,0.0,5.8,5.8,11.7,0.0,0.0,0.0,0.0,0.0,7.8,3.9,11.7,-23.3,25.7,0,0,23.3,1,1,13086,1,17179,12014,7757,16299,15070,11128,15070,13505,14344,13505,1724,8718,3791,19908,16469,12854,8263,8846,1475,6600,16505,22420,17835,2246,150,18784,1,18:31
2024-25,1641783,Tristan da Silva,Tristan,1610612753,ORL,Orlando Magic,0022400259,2024-11-20T00:00:00,ORL @ LAC,L,26.116666666666667,5.5,8.3,0.667,1.4,2.8,0.5,1.4,1.4,1.0,0.0,4.1,4.1,1.4,0.0,1.4,0.0,0.0,1.4,1.4,13.8,-11.0,24.9,0,0,23.4,1,13222,1,13222,11073,12953,19841,3281,12527,18150,3944,12074,13620,1,14058,13317,16987,18410,16469,9016,8263,8846,17710,15534,14188,18333,18329,2246,150,18713,1,26:07
2024-25,203486,Mason Plumlee,Mason,1610612756,PHX,Phoenix Suns,0022400257,2024-11-20T00:00:00,PHX vs. NYK,L,3.7283333333333335,0.0,0.0,0.0,0.0,0.0,0.0,0.0,0.0,0.0,0.0,0.0,0.0,0.0,0.0,0.0,0.0,0.0,0.0,0.0,0.0,19.3,0.0,0,0,0.0,1,13222,1,13222,24610,22635,24836,22635,15070,20945,15070,13505,14344,13505,14058,22137,23286,19908,16469,12854,8263,8846,20257,17725,23200,4170,25228,2246,150,25259,1,3:44
2024-25,203484,Kentavious Caldwell-Pope,Kentavious,1610612753,ORL,Orlando Magic,0022400259,2024-11-20T00:00:00,ORL @ LAC,L,29.683333333333334,1.2,7.3,0.167,0.0,4.9,0.0,0.0,0.0,0.0,0.0,2.4,2.4,1.2,0.0,1.2,0.0,0.0,3.6,1.2,2.4,-21.8,10.8,0,0,8.5,1,13222,1,13222,8057,22481,21238,21938,15070,13560,15070,13505,14344,13505,14058,18411,20949,18975,16469,10066,8263,8846,8298,16338,23086,22033,24286,2246,150,24684,1,29:41
2024-25,1628960,Grayson Allen,Grayson,1610612756,PHX,Phoenix Suns,0022400257,2024-11-20T00:00:00,PHX vs. NYK,L,20.683333333333334,3.5,15.7,0.222,1.7,13.9,0.125,5.2,5.2,1.0,0.0,1.7,1.7,1.7,3.5,0.0,0.0,0.0,1.7,3.5,13.9,-24.4,15.1,0,0,19.1,1,13222,1,13222,15504,18366,7593,21205,11278,947,14886,3745,5567,1,14058,20379,22246,17259,5056,12854,8263,8846,16412,7712,14020,22656,23130,2246,150,21321,1,20:41
2024-25,1630245,Ayo Dosunmu,Ayo,1610612741,CHI,Chicago Bulls,0022400253,2024-11-20T00:00:00,CHI @ MIL,L,32.266666666666666,4.5,7.8,0.571,0.0,1.1,0.0,0.0,0.0,0.0,0.0,3.3,3.3,3.3,3.3,1.1,0.0,1.1,3.3,0.0,8.9,-20.1,18.0,0,0,17.9,1,13222,1,13222,5765,15878,20521,6538,15070,20725,15070,13505,14344,13505,14058,15646,18873,11824,5365,10891,8263,6905,9258,17725,19155,21573,22107,2246,150,21930,1,32:16
2024-25,1630167,Obi Toppin,Obi,1610612754,IND,Indiana Pacers,0022400254,2024-11-20T00:00:00,IND @ HOU,L,13.136666666666667,5.5,16.4,0.333,0.0,11.0,0.0,0.0,0.0,0.0,0.0,8.2,8.2,0.0,0.0,0.0,0.0,0.0,5.5,0.0,11.0,-46.6,20.8,0,0,19.2,1,13222,1,13222,20681,13036,6495,17395,15070,2531,15070,13505,14344,13505,14058,4394,7907,19908,16469,12854,8263,8846,3732,17725,17211,25250,20775,2246,150,21297,1,13:08
2024-25,1641764,Brandin Podziemski,Brandin,1610612744,GSW,Golden State Warriors,0022400258,2024-11-20T00:00:00,GSW vs. ATL,W,15.283333333333333,2.4,14.1,0.167,2.4,2.4,1.0,0.0,0.0,0.0,2.4,2.4,4.7,4.7,2.4,2.4,0.0,0.0,2.4,0.0,7.1,-2.4,24.5,0,0,23.6,1,1,13086,1,19388,20747,9948,21938,8642,18892,1,13505,14344,13505,7068,18605,15531,8159,8832,4845,8263,8846,13410,17725,20672,14237,18614,2246,150,18640,1,15:17
2024-25,201569,Eric Gordon,Eric,1610612755,PHI,Philadelphia 76ers,0022400255,2024-11-20T00:00:00,PHI @ MEM,L,4.5,0.0,8.0,0.0,0.0,0.0,0.0,0.0,0.0,0.0,0.0,8.0,8.0,0.0,0.0,0.0,0.0,8.0,0.0,0.0,0.0,40.0,9.6,0,0,8.0,1,13222,1,13222,24240,22635,20259,22635,15070,20945,15070,13505,14344,13505,14058,4702,8265,19908,16469,12854,8263,107,20257,17725,23200,984,24483,2246,150,24768,1,4:30
2024-25,1630581,Josh Giddey,Josh,1610612741,CHI,Chicago Bulls,0022400253,2024-11-20T00:00:00,CHI @ MIL,L,25.733333333333334,2.8,12.6,0.222,1.4,5.6,0.25,0.0,0.0,0.0,2.8,2.8,5.6,4.2,2.8,0.0,0.0,1.4,1.4,4.2,7.0,-21.0,17.2,0,0,18.2,1,13222,1,13222,11374,19879,12596,21205,12458,11735,11902,13505,14344,13505,5865,17403,13296,9398,7221,12854,8263,5182,17627,5852,20734,21827,22404,2246,150,21779,1,25:44
2024-25,1630590,Scotty Pippen Jr.,Scotty,1610612763,MEM,Memphis Grizzlies,0022400255,2024-11-20T00:00:00,MEM vs. PHI,W,25.766666666666666,4.2,14.0,0.3,2.8,5.6,0.5,0.0,0.0,0.0,0.0,5.6,5.6,4.2,1.4,0.0,0.0,2.8,4.2,1.4,11.2,-1.4,22.8,0,0,23.8,1,1,13086,1,11353,16617,10210,19363,7227,11750,3944,13505,14344,13505,14058,9329,13316,9410,13296,12854,8263,1605,6580,15466,17018,13754,19705,2246,150,18495,1,25:46
2024-25,1641708,Amen Thompson,Amen,1610612745,HOU,Houston Rockets,0022400254,2024-11-20T00:00:00,HOU vs. IND,W,17.366666666666667,4.1,8.3,0.5,0.0,2.1,0.0,4.1,4.1,1.0,0.0,2.1,2.1,0.0,8.3,0.0,2.1,2.1,8.3,2.1,12.4,29.0,12.9,0,0,18.7,1,1,13086,1,18025,16733,19804,8526,15070,19419,15070,5446,7528,1,14058,19443,21663,19908,536,12854,3275,2991,1233,12747,15668,2103,23809,2246,150,21549,1,17:22
2024-25,1631207,Dalen Terry,Dalen,1610612741,CHI,Chicago Bulls,0022400253,2024-11-20T00:00:00,CHI @ MIL,L,16.016666666666666,9.0,11.2,0.8,4.5,4.5,1.0,0.0,0.0,0.0,0.0,2.2,2.2,2.2,0.0,2.2,0.0,0.0,4.5,2.2,22.5,-11.2,35.3,0,0,36.0,1,13222,1,13222,18915,4725,14961,1688,3077,14436,1,13505,14344,13505,14058,18926,21322,15446,16469,5225,8263,8846,5788,11950,5869,18414,10879,2246,150,9407,1,16:01
2024-25,1626172,Kevon Looney,Kevon,1610612744,GSW,Golden State Warriors,0022400258,2024-11-20T00:00:00,GSW vs. ATL,W,13.466666666666667,2.7,8.0,0.333,0.0,0.0,0.0,0.0,8.0,0.0,5.3,8.0,13.4,2.7,0.0,0.0,0.0,0.0,2.7,5.3,5.3,-10.7,25.4,0,0,21.4,1,1,13086,1,20508,20145,20230,17395,15070,20945,15070,13505,2505,13505,2044,4678,2569,13980,16469,12854,8263,8846,12151,3562,21826,18177,18005,2246,150,20032,1,13:28
2024-25,1642402,Enrique Freeman,Enrique,1610612754,IND,Indiana Pacers,0022400254,2024-11-20T00:00:00,IND @ HOU,L,13.826666666666666,7.8,7.8,1.0,0.0,0.0,0.0,0.0,0.0,0.0,0.0,2.6,2.6,2.6,2.6,0.0,0.0,0.0,7.8,2.6,15.6,10.4,20.0,0,0,20.8,1,13222,1,13222,20288,7043,20519,1,15070,20945,15070,13505,14344,13505,14058,17941,20635,14204,7866,12854,8263,8846,1449,10632,12297,7506,21141,2246,150,20385,1,13:50
2024-25,1631260,AJ Green,AJ,1610612749,MIL,Milwaukee Bucks,0022400253,2024-11-20T00:00:00,MIL vs. CHI,W,27.416666666666668,7.9,11.8,0.667,6.6,9.2,0.714,1.3,2.6,0.5,1.3,1.3,2.6,1.3,0.0,2.6,1.3,0.0,2.6,2.6,23.6,28.9,40.6,0,0,42.0,1,1,13086,1,10001,6890,13912,3281,965,4556,1861,12269,10917,10625,11137,21260,20593,18618,16469,4080,5594,8846,12341,10562,5029,2120,7414,2246,150,5630,1,27:25
2024-25,1641739,Toumani Camara,Toumani,1610612757,POR,Portland Trail Blazers,0022400256,2024-11-20T00:00:00,POR @ OKC,L,37.85,4.8,10.5,0.455,1.9,6.7,0.286,1.9,1.9,1.0,2.9,5.7,8.6,1.9,2.9,0.0,1.0,1.0,2.9,2.9,13.3,-4.8,26.4,0,0,27.6,1,13222,1,13222,1480,15098,16287,12676,10628,9198,11433,10937,12969,1,5718,9023,7377,16745,7014,12854,7820,8333,11392,9753,14730,15448,17328,2246,150,15733,1,37:51
2024-25,1641741,Ricky Council IV,Ricky,1610612755,PHI,Philadelphia 76ers,0022400255,2024-11-20T00:00:00,PHI @ MEM,L,13.348333333333333,5.4,10.8,0.5,0.0,0.0,0.0,0.0,0.0,0.0,2.7,0.0,2.7,2.7,0.0,2.7,0.0,2.7,5.4,0.0,10.8,-32.4,26.2,0,0,21.6,1,13222,1,13222,20573,13295,15719,8526,15070,20945,15070,13505,14344,13505,6114,22137,20454,13918,16469,3916,8263,1747,3859,17725,17383,24076,17505,2246,150,19914,1,13:21
2024-25,1631222,Jake LaRavia,Jake,1610612763,MEM,Memphis Grizzlies,0022400255,2024-11-20T00:00:00,MEM vs. PHI,W,25.216666666666665,5.7,5.7,1.0,1.4,1.4,1.0,2.9,2.9,1.0,2.9,4.3,7.1,5.7,1.4,1.4,1.4,0.0,2.9,4.3,15.7,15.7,40.0,0,0,35.7,1,1,13086,1,11820,12384,22894,1,12341,20352,1,8200,10341,1,5715,12856,9884,6023,13123,8765,5122,8846,11384,5638,12221,5351,7780,2246,150,9589,1,25:13
2024-25,1628988,Aaron Holiday,Aaron,1610612745,HOU,Houston Rockets,0022400254,2024-11-20T00:00:00,HOU vs. IND,W,8.413333333333334,4.3,8.6,0.5,0.0,0.0,0.0,0.0,0.0,0.0,0.0,12.8,12.8,0.0,0.0,0.0,0.0,0.0,4.3,0.0,8.6,4.3,24.0,0,0,21.4,1,1,13086,1,22659,16376,19410,8526,15070,20945,15070,13505,14344,13505,14058,1069,2919,19908,16469,12854,8263,8846,6347,17725,19462,10492,18981,2246,150,20030,1,8:25
2024-25,1630224,Jalen Green,Jalen,1610612745,HOU,Houston Rockets,0022400254,2024-11-20T00:00:00,HOU vs. IND,W,28.466666666666665,6.3,16.4,0.385,1.3,7.6,0.167,3.8,6.3,0.6,0.0,5.1,5.1,6.3,3.8,2.5,0.0,0.0,1.3,3.8,17.7,11.4,37.1,0,0,35.4,1,1,13086,1,9147,10643,6497,16070,13011,7201,14236,6096,4101,10343,14058,10700,14638,4994,4342,4308,8263,8846,18196,6864,10124,7063,9662,2246,150,9785,1,28:28
2024-25,1641763,Julian Phillips,Julian,1610612741,CHI,Chicago Bulls,0022400253,2024-11-20T00:00:00,CHI @ MIL,L,14.433333333333334,5.0,10.0,0.5,5.0,10.0,0.5,0.0,0.0,0.0,0.0,5.0,5.0,0.0,0.0,2.5,0.0,0.0,7.5,0.0,15.0,-27.4,28.4,0,0,29.9,1,13222,1,13222,19928,14415,17092,8526,2286,3509,3944,13505,14344,13505,14058,10909,14817,19908,16469,4394,8263,8846,1655,17725,12939,23332,15916,2246,150,13991,1,14:26
2024-25,1641723,Kobe Bufkin,Kobe,1610612737,ATL,Atlanta Hawks,0022400258,2024-11-20T00:00:00,ATL @ GSW,L,17.666666666666668,4.1,10.2,0.4,2.0,8.2,0.25,2.0,6.1,0.333,0.0,6.1,6.1,2.0,4.1,0.0,4.1,0.0,0.0,4.1,12.2,-8.2,30.8,0,0,30.6,1,13222,1,13222,17805,16905,16759,14933,9975,6169,11902,10499,4333,13132,14058,8074,12019,16230,3727,12854,877,8846,20257,6105,15898,17034,14224,2246,150,13499,1,17:40
2024-25,1629026,Kenrich Williams,Kenrich,1610612760,OKC,Oklahoma City Thunder,0022400256,2024-11-20T00:00:00,OKC vs. POR,W,5.0183333333333335,14.3,14.3,1.0,0.0,0.0,0.0,0.0,0.0,0.0,0.0,7.2,7.2,0.0,0.0,0.0,0.0,0.0,7.2,0.0,28.7,21.5,37.3,0,0,35.9,1,1,13086,1,23987,613,9625,1,15070,20945,15070,13505,14344,13505,14058,6053,9802,19908,16469,12854,8263,8846,1845,17725,2531,3576,9470,2246,150,9468,1,5:01
2024-25,1629631,De'Andre Hunter,De'Andre,1610612737,ATL,Atlanta Hawks,0022400258,2024-11-20T00:00:00,ATL @ GSW,L,25.1,4.3,17.2,0.25,0.0,8.6,0.0,5.7,5.7,1.0,2.9,5.7,8.6,1.4,1.4,5.7,0.0,2.9,2.9,4.3,14.3,-30.1,42.6,0,0,35.9,1,13222,1,13222,11916,16315,5562,20233,15070,5411,15070,3152,4837,1,5673,8954,7301,18223,13082,559,8263,1506,11317,5575,13558,23760,6310,2246,150,9476,1,25:06
2024-25,1629111,Jock Landale,Jock,1610612745,HOU,Houston Rockets,0022400254,2024-11-20T00:00:00,HOU vs. IND,W,13.0,5.5,13.8,0.4,0.0,0.0,0.0,5.5,8.3,0.667,8.3,2.8,11.1,8.3,0.0,0.0,0.0,5.5,5.5,5.5,16.6,24.9,42.4,0,0,36.0,1,1,13086,1,20740,12880,10424,14933,15070,20945,15070,3375,2319,9425,698,17508,4337,2606,16469,12854,8263,277,3642,3280,11256,2837,6446,2246,150,9360,1,13:00
2024-25,1630625,Dalano Banton,Dalano,1610612757,POR,Portland Trail Blazers,0022400256,2024-11-20T00:00:00,POR @ OKC,L,25.25,4.3,15.7,0.273,4.3,11.4,0.375,1.4,2.9,0.5,0.0,5.7,5.7,2.9,4.3,0.0,4.3,1.4,1.4,1.4,14.3,-7.1,33.9,0,0,35.6,1,13222,1,13222,11782,16379,7567,20048,3431,2170,8800,11965,10356,10625,14058,9035,13010,13440,3364,12854,766,5071,17522,15341,13652,16565,11871,2246,150,9634,1,25:15
2024-25,1641710,Anthony Black,Anthony,1610612753,ORL,Orlando Magic,0022400259,2024-11-20T00:00:00,ORL @ LAC,L,29.333333333333332,6.1,12.3,0.5,2.5,6.1,0.4,6.1,11.0,0.556,0.0,0.0,0.0,9.8,7.4,0.0,1.2,0.0,3.7,6.1,20.9,0.0,31.9,0,0,35.6,1,13222,1,13222,8364,11124,13125,8526,8305,10347,7874,2742,1009,10597,14058,22137,23286,1523,756,12854,6008,8846,8160,2461,7195,12240,13398,2246,150,9670,1,29:20
2024-25,1630643,Jay Huff,Jay,1610612763,MEM,Memphis Grizzlies,0022400255,2024-11-20T00:00:00,MEM vs. PHI,W,14.261666666666667,7.6,17.7,0.429,5.0,15.1,0.333,0.0,0.0,0.0,0.0,0.0,0.0,5.0,5.0,0.0,2.5,0.0,2.5,0.0,20.2,40.4,30.3,0,0,35.3,1,1,13086,1,20051,7587,5049,13735,2212,662,9209,13505,14344,13505,14058,22137,23286,7360,2281,12854,2331,8846,12692,17725,7743,956,14585,2246,150,9849,1,14:16
2024-25,1627884,Derrick Jones Jr.,Derrick,1610612746,LAC,LA Clippers,0022400259,2024-11-20T00:00:00,LAC vs. ORL,W,26.333333333333332,4.1,6.8,0.6,1.4,1.4,1.0,1.4,1.4,1.0,0.0,8.2,8.2,1.4,0.0,4.1,0.0,1.4,4.1,2.7,10.9,13.7,35.1,0,0,30.1,1,1,13086,1,10877,16841,21747,5394,12575,20413,1,12114,13637,1,14058,4418,7933,18438,16469,1537,8263,5323,6832,10214,17227,6136,10973,2246,150,13892,1,26:20
2024-25,1630178,Tyrese Maxey,Tyrese,1610612755,PHI,Philadelphia 76ers,0022400255,2024-11-20T00:00:00,PHI @ MEM,L,19.635,5.5,23.8,0.231,0.0,11.0,0.0,3.7,3.7,1.0,0.0,5.5,5.5,3.7,1.8,1.8,0.0,1.8,1.8,3.7,14.7,-14.7,30.4,0,0,27.5,1,13222,1,13222,16316,12973,1109,21157,15070,2486,15070,6356,8551,1,14058,9532,13537,10886,11399,7104,8263,3789,16019,7220,13228,19775,14468,2246,150,15792,1,19:38
2024-25,1630532,Franz Wagner,Franz,1610612753,ORL,Orlando Magic,0022400259,2024-11-20T00:00:00,ORL @ LAC,L,34.9,5.2,11.3,0.455,0.0,4.1,0.0,4.1,4.1,1.0,0.0,6.2,6.2,6.2,3.1,4.1,0.0,0.0,3.1,3.1,14.4,-18.6,40.4,0,0,35.1,1,13222,1,13222,3538,13933,14753,12676,15070,15283,15070,5479,7576,1,14058,7915,11845,5173,6144,1518,8263,8846,10287,8901,13466,21088,7499,2246,150,10045,1,34:54
2024-25,1628983,Shai Gilgeous-Alexander,Shai,1610612760,OKC,Oklahoma City Thunder,0022400256,2024-11-20T00:00:00,OKC vs. POR,W,38.7,6.5,17.7,0.368,0.0,1.9,0.0,13.0,13.0,1.0,1.9,2.8,4.7,3.7,1.9,2.8,0.9,0.9,1.9,7.4,26.0,6.5,46.5,0,0,41.9,1,1,13086,1,1010,10166,5042,16823,15070,19811,15070,262,584,1,8986,17432,15701,10733,11271,3712,7952,8494,15887,1354,3657,9373,4529,2246,150,5723,1,38:42
2024-25,1629057,Robert Williams III,Robert,1610612757,POR,Portland Trail Blazers,0022400256,2024-11-20T00:00:00,POR @ OKC,L,24.266666666666666,3.0,5.9,0.5,0.0,0.0,0.0,0.0,0.0,0.0,4.5,7.4,11.9,3.0,1.5,0.0,0.0,3.0,4.5,0.0,5.9,-22.3,23.1,0,0,20.8,1,13222,1,13222,12680,19495,22670,8526,15070,20945,15070,13505,14344,13505,2980,5653,3600,13031,12828,12854,8263,1379,5888,17725,21439,22144,19466,2246,150,20420,1,24:16
2024-25,1641738,Kobe Brown,Kobe,1610612746,LAC,LA Clippers,0022400259,2024-11-20T00:00:00,LAC vs. ORL,W,2.65,0.0,13.6,0.0,0.0,0.0,0.0,0.0,0.0,0.0,13.6,13.6,27.2,0.0,0.0,0.0,0.0,0.0,13.6,0.0,0.0,-40.8,32.6,0,0,27.2,1,1,13086,1,25152,22635,10847,22635,15070,20945,15070,13505,14344,13505,170,851,133,19908,16469,12854,8263,8846,301,17725,23200,24898,12882,2246,150,16041,1,2:39
2024-25,1631095,Jabari Smith Jr.,Jabari,1610612745,HOU,Houston Rockets,0022400254,2024-11-20T00:00:00,HOU vs. IND,W,30.416666666666668,9.5,15.4,0.615,3.6,5.9,0.6,4.7,4.7,1.0,2.4,7.1,9.5,1.2,0.0,0.0,0.0,1.2,0.0,3.6,27.2,22.5,40.4,0,0,41.4,1,1,13086,1,7392,3925,7982,5246,5026,10894,2992,4453,6421,1,7023,6171,6100,19073,16469,12854,8263,6382,20257,7525,3098,3370,7535,2246,150,5968,1,30:25
2024-25,1641810,Antonio Reeves,Antonio,1610612740,NOP,New Orleans Pelicans,0022400252,2024-11-20T00:00:00,NOP @ CLE,L,39.56666666666667,12.7,22.7,0.56,3.6,10.9,0.333,1.8,1.8,1.0,0.9,3.6,4.5,2.7,0.0,0.0,0.0,0.0,0.9,0.9,30.9,-14.6,40.5,0,0,41.9,1,13222,1,13222,699,1133,1471,7232,4825,2572,9209,11196,13168,1,13863,14820,15924,13822,16469,12854,8263,8846,20118,17642,1791,19732,7471,2246,150,5729,1,39:34
2024-25,201935,James Harden,James,1610612746,LAC,LA Clippers,0022400259,2024-11-20T00:00:00,LAC vs. ORL,W,33.85,5.3,14.9,0.357,3.2,6.4,0.5,11.7,12.8,0.917,0.0,7.4,7.4,5.3,5.3,0.0,0.0,2.1,3.2,7.4,25.5,19.1,37.1,0,0,41.5,1,1,13086,1,4399,13493,8769,17140,5976,9798,3944,374,622,6748,14058,5593,9279,6781,1990,12854,8263,2843,9901,1352,3925,4215,9614,2246,150,5927,1,33:51
2024-25,1641716,Jarace Walker,Jarace,1610612754,IND,Indiana Pacers,0022400254,2024-11-20T00:00:00,IND @ HOU,L,19.816666666666666,0.0,9.1,0.0,0.0,7.3,0.0,9.1,10.9,0.833,1.8,3.6,5.4,0.0,7.3,1.8,1.8,0.0,7.3,5.4,9.1,-7.3,19.3,0,0,21.8,1,13222,1,13222,16160,22635,18593,22635,15070,7905,15070,974,1056,7275,9180,14839,13674,19908,788,7173,4018,8846,1794,3415,18993,16622,21513,2246,150,19791,1,19:49
2024-25,1626166,Cameron Payne,Cameron,1610612752,NYK,New York Knicks,0022400257,2024-11-20T00:00:00,NYK @ PHX,W,26.233333333333334,5.5,12.4,0.444,2.7,8.2,0.333,2.7,2.7,1.0,1.4,0.0,1.4,4.1,1.4,1.4,0.0,0.0,1.4,1.4,16.5,-9.6,27.0,0,0,27.4,1,1,13086,1,10963,13009,12978,13045,7402,6026,9209,8473,10623,1,10869,22137,22734,9617,13446,9057,8263,8846,17731,15558,11421,17724,16913,2246,150,15833,1,26:14
2024-25,1642272,Jared McCain,Jared,1610612755,PHI,Philadelphia 76ers,0022400255,2024-11-20T00:00:00,PHI @ MEM,L,40.56666666666667,5.3,11.5,0.462,2.7,6.2,0.429,4.4,4.4,1.0,0.9,0.9,1.8,4.4,2.7,0.0,0.0,0.0,0.9,1.8,17.7,4.4,23.9,0,0,26.6,1,13222,1,13222,442,13482,14412,12428,7643,10172,7394,4932,6963,1,13937,22110,22198,8797,7647,12854,8263,8846,20170,14022,10087,10414,19039,2246,150,16448,1,40:34
2024-25,1628404,Josh Hart,Josh,1610612752,NYK,New York Knicks,0022400257,2024-11-20T00:00:00,NYK @ PHX,W,39.08833333333333,7.4,10.1,0.727,1.8,2.8,0.667,0.9,1.8,0.5,3.7,6.4,10.1,5.5,0.9,2.8,0.0,0.0,1.8,1.8,17.5,20.3,45.3,1,0,40.5,1,1,13086,1,851,8083,16861,2666,10914,18133,1957,13425,13127,10625,4065,7416,5293,6377,16280,3771,8263,8846,15984,13766,10325,3876,5032,1,150,6487,1,39:05
2024-25,1641857,Liam Robbins,Liam,1610612749,MIL,Milwaukee Bucks,0022400253,2024-11-20T00:00:00,MIL vs. CHI,W,1.6,0.0,0.0,0.0,0.0,0.0,0.0,0.0,0.0,0.0,0.0,0.0,0.0,0.0,0.0,0.0,0.0,0.0,0.0,0.0,0.0,0.0,0.0,0,0,0.0,1,1,13086,1,25718,22635,24836,22635,15070,20945,15070,13505,14344,13505,14058,22137,23286,19908,16469,12854,8263,8846,20257,17725,23200,12240,25228,2246,150,25259,1,1:36
2024-25,1628379,Luke Kennard,Luke,1610612763,MEM,Memphis Grizzlies,0022400255,2024-11-20T00:00:00,MEM vs. PHI,W,25.25,4.3,7.1,0.6,4.3,7.1,0.6,4.3,4.3,1.0,0.0,4.3,4.3,5.7,2.9,1.4,0.0,0.0,0.0,2.9,17.1,4.3,32.2,0,0,34.2,1,1,13086,1,11782,16379,21403,5394,3431,8191,2992,5201,7250,1,14058,12871,16591,6037,7022,8774,8263,8846,20257,9769,10730,10495,13157,2246,150,10686,1,25:15
2024-25,1641748,Andre Jackson Jr.,Andre,1610612749,MIL,Milwaukee Bucks,0022400253,2024-11-20T00:00:00,MIL vs. CHI,W,13.863333333333333,0.0,5.2,0.0,0.0,2.6,0.0,0.0,0.0,0.0,7.8,2.6,10.4,2.6,5.2,0.0,0.0,0.0,7.8,2.6,0.0,13.0,11.2,0,0,13.0,1,1,13086,1,20268,22635,23324,22635,15070,18457,15070,13505,14344,13505,850,17954,5016,14225,2119,12854,8263,8846,1464,10656,23200,6406,24205,2246,150,23723,1,13:52
2024-25,1630539,Kai Jones,Kai,1610612746,LAC,LA Clippers,0022400259,2024-11-20T00:00:00,LAC vs. ORL,W,2.65,0.0,0.0,0.0,0.0,0.0,0.0,0.0,0.0,0.0,0.0,0.0,0.0,0.0,0.0,0.0,0.0,0.0,0.0,0.0,0.0,-40.8,0.0,0,0,0.0,1,1,13086,1,25152,22635,24836,22635,15070,20945,15070,13505,14344,13505,14058,22137,23286,19908,16469,12854,8263,8846,20257,17725,23200,24898,25228,2246,150,25259,1,2:39
2024-25,1628420,Monté Morris,Monté,1610612756,PHX,Phoenix Suns,0022400257,2024-11-20T00:00:00,PHX vs. NYK,L,12.445,11.6,17.4,0.667,5.8,8.7,0.667,0.0,0.0,0.0,0.0,0.0,0.0,0.0,2.9,0.0,0.0,0.0,2.9,0.0,28.9,5.8,26.0,0,0,34.7,1,13222,1,13222,21027,1825,5396,3281,1493,5303,1957,13505,14344,13505,14058,22137,23286,19908,6874,12854,8263,8846,11216,17725,2445,9706,17596,2246,150,10287,1,12:27
2024-25,1628378,Donovan Mitchell,Donovan,1610612739,CLE,Cleveland Cavaliers,0022400252,2024-11-20T00:00:00,CLE vs. NOP,W,19.616666666666667,7.3,18.4,0.4,1.8,9.2,0.2,1.8,3.7,0.5,0.0,3.7,3.7,3.7,0.0,3.7,0.0,0.0,1.8,1.8,18.4,22.0,39.3,0,0,34.9,1,1,13086,1,16326,8143,4332,14933,10936,4573,13429,11159,8547,10625,14058,14732,18156,10878,16469,2005,8263,8846,16010,13788,9466,3451,8210,2246,150,10182,1,19:37
2024-25,1630537,Chris Duarte,Chris,1610612741,CHI,Chicago Bulls,0022400253,2024-11-20T00:00:00,CHI @ MIL,L,1.6,0.0,0.0,0.0,0.0,0.0,0.0,0.0,0.0,0.0,0.0,0.0,0.0,0.0,0.0,0.0,0.0,0.0,0.0,0.0,0.0,0.0,0.0,0,0,0.0,1,13222,1,13222,25718,22635,24836,22635,15070,20945,15070,13505,14344,13505,14058,22137,23286,19908,16469,12854,8263,8846,20257,17725,23200,12240,25228,2246,150,25259,1,1:36
2024-25,1642285,Cam Spencer,Cam,1610612763,MEM,Memphis Grizzlies,0022400255,2024-11-20T00:00:00,MEM vs. PHI,W,9.271666666666667,0.0,3.9,0.0,0.0,3.9,0.0,0.0,0.0,0.0,0.0,3.9,3.9,7.8,3.9,0.0,3.9,0.0,0.0,0.0,0.0,0.0,24.1,0,0,19.4,1,1,13086,1,22360,22635,24143,22635,15070,15841,15070,13505,14344,13505,14058,14081,17609,3120,4122,12854,983,8846,20257,17725,23200,12240,18898,2246,150,21197,1,9:16
2024-25,1627752,Taurean Prince,Taurean,1610612749,MIL,Milwaukee Bucks,0022400253,2024-11-20T00:00:00,MIL vs. CHI,W,25.166666666666668,0.0,4.3,0.0,0.0,4.3,0.0,0.0,0.0,0.0,1.4,5.7,7.2,1.4,1.4,1.4,0.0,0.0,1.4,1.4,0.0,8.6,13.6,0,0,11.4,1,1,13086,1,11859,22635,23933,22635,15070,14936,15070,13505,14344,13505,10620,8991,9853,18231,13103,8754,8263,8846,17509,15320,23200,8370,23609,2246,150,24125,1,25:10
2024-25,1630256,Jae'Sean Tate,Jae'Sean,1610612745,HOU,Houston Rockets,0022400254,2024-11-20T00:00:00,HOU vs. IND,W,5.35,6.7,13.5,0.5,0.0,0.0,0.0,0.0,0.0,0.0,0.0,6.7,6.7,0.0,0.0,0.0,0.0,0.0,6.7,0.0,13.5,-26.9,21.5,0,0,20.2,1,1,13086,1,23840,9624,11068,8526,15070,20945,15070,13505,14344,13505,14058,6830,10675,19908,16469,12854,8263,8846,2190,17725,14562,23227,20390,2246,150,20750,1,5:21
2024-25,201949,James Johnson,James,1610612754,IND,Indiana Pacers,0022400254,2024-11-20T00:00:00,IND @ HOU,L,4.45,8.1,16.2,0.5,0.0,0.0,0.0,0.0,0.0,0.0,0.0,16.2,16.2,8.1,16.2,0.0,0.0,0.0,0.0,0.0,16.2,32.4,31.6,0,0,40.4,1,13222,1,13222,24257,6440,6859,8526,15070,20945,15070,13505,14344,13505,14058,416,1365,2792,93,12854,8263,8846,20257,17725,11745,1693,13643,2246,150,6519,1,4:27
2024-25,1631466,Nate Williams,Nate,1610612745,HOU,Houston Rockets,0022400254,2024-11-20T00:00:00,HOU vs. IND,W,2.8333333333333335,0.0,0.0,0.0,0.0,0.0,0.0,0.0,0.0,0.0,0.0,0.0,0.0,0.0,0.0,0.0,0.0,0.0,0.0,0.0,0.0,-38.1,0.0,0,0,0.0,1,1,13086,1,25050,22635,24836,22635,15070,20945,15070,13505,14344,13505,14058,22137,23286,19908,16469,12854,8263,8846,20257,17725,23200,24710,25228,2246,150,25259,1,2:50
2024-25,1627783,Pascal Siakam,Pascal,1610612754,IND,Indiana Pacers,0022400254,2024-11-20T00:00:00,IND @ HOU,L,31.35,9.2,16.1,0.571,1.1,1.1,1.0,4.6,5.7,0.8,1.1,3.4,4.6,0.0,3.4,2.3,0.0,1.1,3.4,4.6,24.1,-10.3,33.1,0,0,34.4,1,13222,1,13222,6549,4386,7008,6538,13656,20682,1,4692,4830,7681,12122,15390,15824,19908,5141,5052,8263,6648,8914,4959,4724,18044,12536,2246,150,10489,1,31:21
2024-25,1630231,KJ Martin,KJ,1610612755,PHI,Philadelphia 76ers,0022400255,2024-11-20T00:00:00,PHI @ MEM,L,5.283333333333333,0.0,0.0,0.0,0.0,0.0,0.0,0.0,0.0,0.0,0.0,0.0,0.0,6.8,0.0,0.0,6.8,0.0,13.6,0.0,0.0,88.6,30.7,0,0,20.4,1,13222,1,13222,23869,22635,24836,22635,15070,20945,15070,13505,14344,13505,14058,22137,23286,4268,16469,12854,214,8846,300,17725,23200,113,14302,2246,150,20613,1,5:17
2024-25,1641854,Craig Porter Jr.,Craig,1610612739,CLE,Cleveland Cavaliers,0022400252,2024-11-20T00:00:00,CLE vs. NOP,W,34.96666666666667,2.1,5.1,0.4,0.0,2.1,0.0,0.0,0.0,0.0,0.0,1.0,1.0,7.2,3.1,2.1,2.1,1.0,2.1,0.0,4.1,16.5,25.4,0,0,20.6,1,1,13086,1,3489,21297,23356,14933,15070,19439,15070,13505,14344,13505,14058,21917,23183,3752,6156,5965,3322,7672,14816,17725,22500,5082,17973,2246,150,20523,1,34:58
2024-25,1630583,Santi Aldama,Santi,1610612763,MEM,Memphis Grizzlies,0022400255,2024-11-20T00:00:00,MEM vs. PHI,W,26.9,5.4,12.0,0.444,2.7,4.0,0.667,2.7,2.7,1.0,1.3,6.7,8.0,8.0,4.0,0.0,0.0,1.3,0.0,2.7,16.1,4.0,33.7,0,0,34.8,1,1,13086,1,10417,13393,13521,13045,7603,15548,1957,8623,10797,1,11021,6902,8213,2856,3857,12854,8263,5453,20257,10386,11864,10637,12028,2246,150,10232,1,26:54
2024-25,1626153,Delon Wright,Delon,1610612749,MIL,Milwaukee Bucks,0022400253,2024-11-20T00:00:00,MIL vs. CHI,W,11.9,0.0,0.0,0.0,0.0,0.0,0.0,9.1,12.1,0.75,3.0,0.0,3.0,0.0,0.0,0.0,0.0,0.0,0.0,6.1,9.1,15.1,12.7,0,0,12.1,1,1,13086,1,21332,22635,24836,22635,15070,20945,15070,977,742,8186,5276,22137,19647,19908,16469,12854,8263,8846,20257,2556,19000,5576,23842,2246,150,23951,1,11:54
2024-25,1642277,Johnny Furphy,Johnny,1610612754,IND,Indiana Pacers,0022400254,2024-11-20T00:00:00,IND @ HOU,L,21.233333333333334,3.4,5.1,0.667,0.0,1.7,0.0,3.4,3.4,1.0,0.0,1.7,1.7,0.0,1.7,0.0,0.0,0.0,3.4,3.4,10.2,13.6,10.5,0,0,11.9,1,13222,1,13222,15129,18559,23398,3281,15070,20050,15070,6920,9116,1,14058,20470,22306,19908,11934,12854,8263,8846,9109,7974,17978,6182,24335,2246,150,24012,1,21:14
2024-25,1628975,Jevon Carter,Jevon,1610612741,CHI,Chicago Bulls,0022400253,2024-11-20T00:00:00,CHI @ MIL,L,1.6,0.0,45.0,0.0,0.0,22.5,0.0,0.0,0.0,0.0,0.0,0.0,0.0,0.0,0.0,0.0,0.0,0.0,0.0,0.0,0.0,0.0,0.0,0,0,0.0,1,13222,1,13222,25718,22635,47,22635,15070,155,15070,13505,14344,13505,14058,22137,23286,19908,16469,12854,8263,8846,20257,17725,23200,12240,25228,2246,150,25259,1,1:36
2024-25,1641745,Adam Flagler,Adam,1610612760,OKC,Oklahoma City Thunder,0022400256,2024-11-20T00:00:00,OKC vs. POR,W,1.315,0.0,0.0,0.0,0.0,0.0,0.0,0.0,0.0,0.0,0.0,0.0,0.0,0.0,0.0,0.0,0.0,0.0,0.0,0.0,0.0,0.0,0.0,0,0,0.0,1,1,13086,1,25916,22635,24836,22635,15070,20945,15070,13505,14344,13505,14058,22137,23286,19908,16469,12854,8263,8846,20257,17725,23200,12240,25228,2246,150,25259,1,1:19
2024-25,202331,Paul George,Paul,1610612755,PHI,Philadelphia 76ers,0022400255,2024-11-20T00:00:00,PHI @ MEM,L,17.45,2.1,12.4,0.167,0.0,4.1,0.0,0.0,0.0,0.0,2.1,6.2,8.3,4.1,2.1,2.1,0.0,0.0,2.1,2.1,4.1,-20.6,24.3,0,0,20.6,1,13222,1,13222,17959,21294,12930,21938,15070,15283,15070,13505,14344,13505,8109,7915,7849,9587,10193,5945,8263,8846,14796,12789,22497,21734,18720,2246,150,20499,1,17:27
2024-25,201572,Brook Lopez,Brook,1610612749,MIL,Milwaukee Bucks,0022400253,2024-11-20T00:00:00,MIL vs. CHI,W,34.93333333333333,9.3,12.4,0.75,2.1,5.2,0.4,1.0,2.1,0.5,1.0,4.1,5.2,3.1,0.0,3.1,1.0,0.0,0.0,1.0,21.6,17.5,44.8,0,0,40.2,1,1,13086,1,3514,4247,12948,2107,9865,12819,7874,13143,12550,10625,13025,13345,14390,12632,16469,2948,7269,8846,20257,17273,6512,4733,5255,2246,150,6679,1,34:56
2024-25,1642359,Pacôme Dadiet,Pacôme,1610612752,NYK,New York Knicks,0022400257,2024-11-20T00:00:00,NYK @ PHX,W,1.7166666666666666,0.0,21.0,0.0,0.0,0.0,0.0,0.0,0.0,0.0,0.0,0.0,0.0,0.0,0.0,0.0,0.0,0.0,0.0,0.0,0.0,-62.9,0.0,0,0,0.0,1,1,13086,1,25651,22635,2348,22635,15070,20945,15070,13505,14344,13505,14058,22137,23286,19908,16469,12854,8263,8846,20257,17725,23200,25746,25228,2246,150,25259,1,1:43
2024-25,1631210,Jacob Toppin,Jacob,1610612752,NYK,New York Knicks,0022400257,2024-11-20T00:00:00,NYK @ PHX,W,1.7166666666666666,0.0,0.0,0.0,0.0,0.0,0.0,0.0,0.0,0.0,0.0,0.0,0.0,0.0,0.0,0.0,0.0,0.0,0.0,0.0,0.0,-62.9,0.0,0,0,0.0,1,1,13086,1,25651,22635,24836,22635,15070,20945,15070,13505,14344,13505,14058,22137,23286,19908,16469,12854,8263,8846,20257,17725,23200,25746,25228,2246,150,25259,1,1:43
2024-25,203110,Draymond Green,Draymond,1610612744,GSW,Golden State Warriors,0022400258,2024-11-20T00:00:00,GSW vs. ATL,W,27.633333333333333,5.2,10.4,0.5,0.0,5.2,0.0,1.3,2.6,0.5,0.0,9.1,9.1,11.7,3.9,1.3,2.6,0.0,3.9,2.6,11.7,37.8,48.1,0,0,40.4,1,1,13086,1,9840,13788,16354,8526,15070,12676,15070,12293,10961,10625,14058,3386,6555,782,4070,9437,2213,8846,7418,10622,16421,1137,3951,2246,150,6557,1,27:38
2024-25,1629750,Javonte Green,Javonte,1610612740,NOP,New Orleans Pelicans,0022400252,2024-11-20T00:00:00,NOP @ CLE,L,26.141666666666666,4.1,9.6,0.429,1.4,4.1,0.333,2.8,2.8,1.0,2.8,0.0,2.8,0.0,0.0,0.0,1.4,0.0,2.8,2.8,12.4,-38.6,19.8,0,0,19.3,1,13222,1,13222,11053,16769,17692,13735,12534,15268,9209,8450,10603,1,5970,22137,20348,19908,16469,12854,5326,8846,11823,10131,15724,24747,21248,2246,150,21257,1,26:09
2024-25,1627826,Ivica Zubac,Ivica,1610612746,LAC,LA Clippers,0022400259,2024-11-20T00:00:00,LAC vs. ORL,W,30.733333333333334,9.4,12.9,0.727,0.0,0.0,0.0,1.2,4.7,0.25,9.4,4.7,14.1,3.5,4.7,1.2,0.0,1.2,1.2,3.5,19.9,11.7,40.9,1,0,39.8,1,1,13086,1,7100,4079,12066,2666,15070,20945,15070,12693,6503,13358,492,11744,2207,11354,2735,10424,8263,6469,18707,7623,7987,6925,7239,1,150,6881,1,30:44
2024-25,1630169,Tyrese Haliburton,Tyrese,1610612754,IND,Indiana Pacers,0022400254,2024-11-20T00:00:00,IND @ HOU,L,30.006666666666668,1.2,8.4,0.143,1.2,6.0,0.2,1.2,1.2,1.0,0.0,1.2,1.2,9.6,2.4,0.0,1.2,0.0,1.2,0.0,4.8,-33.6,21.8,0,0,19.2,1,13222,1,13222,7780,22495,19647,22260,13367,10710,13429,12589,13885,1,14058,21510,22941,1648,8664,12854,6173,8846,18542,17725,22134,24242,20240,2246,150,21292,1,30:00
2024-25,1630598,Aaron Wiggins,Aaron,1610612760,OKC,Oklahoma City Thunder,0022400256,2024-11-20T00:00:00,OKC vs. POR,W,14.983333333333333,4.8,14.4,0.333,2.4,9.6,0.25,0.0,0.0,0.0,4.8,0.0,4.8,0.0,2.4,0.0,0.0,0.0,2.4,2.4,12.0,-28.8,15.4,0,0,19.2,1,1,13086,1,19573,14926,9490,17395,8479,3965,11902,13505,14344,13505,2554,22137,15284,19908,8644,12854,8263,8846,13194,11338,16118,23562,23064,2246,150,21282,1,14:59
2024-25,1630604,E.J. Liddell,E.J.,1610612741,CHI,Chicago Bulls,0022400253,2024-11-20T00:00:00,CHI @ MIL,L,1.6,0.0,0.0,0.0,0.0,0.0,0.0,0.0,0.0,0.0,0.0,0.0,0.0,0.0,0.0,0.0,0.0,0.0,0.0,0.0,0.0,0.0,0.0,0,0,0.0,1,13222,1,13222,25718,22635,24836,22635,15070,20945,15070,13505,14344,13505,14058,22137,23286,19908,16469,12854,8263,8846,20257,17725,23200,12240,25228,2246,150,25259,1,1:36
2024-25,1631216,Caleb Houstan,Caleb,1610612753,ORL,Orlando Magic,0022400259,2024-11-20T00:00:00,ORL @ LAC,L,3.2,0.0,0.0,0.0,0.0,0.0,0.0,0.0,0.0,0.0,0.0,0.0,0.0,0.0,0.0,0.0,0.0,0.0,0.0,0.0,0.0,33.8,0.0,0,0,0.0,1,13222,1,13222,24893,22635,24836,22635,15070,20945,15070,13505,14344,13505,14058,22137,23286,19908,16469,12854,8263,8846,20257,17725,23200,1533,25228,2246,150,25259,1,3:12
2024-25,1629599,Amir Coffey,Amir,1610612746,LAC,LA Clippers,0022400259,2024-11-20T00:00:00,LAC vs. ORL,W,33.35666666666667,6.5,10.8,0.6,4.3,7.6,0.571,2.2,2.2,1.0,0.0,4.3,4.3,1.1,2.2,0.0,0.0,0.0,2.2,2.2,19.4,0.0,24.1,0,0,29.1,1,1,13086,1,4855,10244,15708,5394,3357,7264,3506,10086,12220,1,14058,12751,16493,19417,9689,12854,8263,8846,14309,12354,8439,12240,18905,2246,150,14595,1,33:21
2024-25,203937,Kyle Anderson,Kyle,1610612744,GSW,Golden State Warriors,0022400258,2024-11-20T00:00:00,GSW vs. ATL,W,14.883333333333333,2.4,14.5,0.167,0.0,2.4,0.0,0.0,0.0,0.0,0.0,2.4,2.4,9.7,2.4,7.3,0.0,0.0,4.8,0.0,4.8,12.1,41.6,0,0,31.4,1,1,13086,1,19645,20619,9340,21938,15070,18768,15070,13505,14344,13505,14058,18430,20966,1600,8576,267,8263,8846,4974,17725,22102,6755,6828,2246,150,12815,1,14:53
2024-25,1627739,Kris Dunn,Kris,1610612746,LAC,LA Clippers,0022400259,2024-11-20T00:00:00,LAC vs. ORL,W,25.533333333333335,4.2,11.3,0.375,1.4,2.8,0.5,0.0,0.0,0.0,0.0,4.2,4.2,4.2,7.0,1.4,0.0,0.0,2.8,1.4,9.9,16.9,18.5,0,0,22.6,1,1,13086,1,11556,16513,14867,16299,12404,18018,3944,13505,14344,13505,14058,13031,16731,9313,877,8838,8263,8846,11549,15405,18285,4934,21903,2246,150,19312,1,25:32
2024-25,1627832,Fred VanVleet,Fred,1610612745,HOU,Houston Rockets,0022400254,2024-11-20T00:00:00,HOU vs. IND,W,34.71666666666667,6.2,14.5,0.429,4.1,8.3,0.5,2.1,3.1,0.667,0.0,2.1,2.1,6.2,1.0,4.1,0.0,0.0,1.0,1.0,18.7,31.1,41.9,0,0,39.4,1,1,13086,1,3675,10916,9331,13735,3676,5925,3944,10384,9690,9425,14058,19441,21662,5127,15585,1496,8263,8846,19490,17238,9154,1820,6673,2246,150,7128,1,34:43
2024-25,1629632,Coby White,Coby,1610612741,CHI,Chicago Bulls,0022400253,2024-11-20T00:00:00,CHI @ MIL,L,31.85,6.8,17.0,0.4,2.3,9.0,0.25,0.0,0.0,0.0,0.0,2.3,2.3,2.3,3.4,0.0,0.0,0.0,4.5,1.1,15.8,0.0,18.5,0,0,22.6,1,13222,1,13222,6101,9467,5853,14933,9013,4752,11902,13505,14344,13505,14058,18886,21292,15388,5249,12854,8263,8846,5731,16766,12098,12240,21869,2246,150,19281,1,31:51
2024-25,1630541,Moses Moody,Moses,1610612744,GSW,Golden State Warriors,0022400258,2024-11-20T00:00:00,GSW vs. ATL,W,19.166666666666668,1.9,9.4,0.2,0.0,5.6,0.0,1.9,3.8,0.5,0.0,5.6,5.6,1.9,0.0,0.0,0.0,1.9,1.9,7.5,5.6,-18.8,15.2,0,0,13.1,1,1,13086,1,16703,21616,18128,21401,15070,11619,15070,11017,8356,10625,14058,9207,13196,16819,16469,12854,8263,3634,15794,1319,21640,21171,23112,2246,150,23665,1,19:10
2024-25,1631102,TyTy Washington Jr.,TyTy,1610612756,PHX,Phoenix Suns,0022400257,2024-11-20T00:00:00,PHX vs. NYK,L,3.683333333333333,0.0,0.0,0.0,0.0,0.0,0.0,0.0,0.0,0.0,0.0,0.0,0.0,19.5,9.8,9.8,0.0,0.0,0.0,9.8,0.0,29.3,48.9,0,0,39.1,1,13222,1,13222,24631,22635,24836,22635,15070,20945,15070,13505,14344,13505,14058,22137,23286,96,342,122,8263,8846,20257,459,23200,2061,3673,2246,150,7322,1,3:41
2024-25,1631101,Shaedon Sharpe,Shaedon,1610612757,POR,Portland Trail Blazers,0022400256,2024-11-20T00:00:00,POR @ OKC,L,37.928333333333335,5.7,15.2,0.375,3.8,7.6,0.5,4.7,5.7,0.833,0.0,3.8,3.8,1.9,5.7,0.0,0.0,0.9,2.8,3.8,19.9,-7.6,21.6,0,0,29.4,1,13222,1,13222,1428,12436,8281,16299,4450,7194,3944,4440,4898,7275,14058,14328,17828,16757,1642,12854,8263,8352,11432,6859,7970,16779,20342,2246,150,14384,1,37:56
2024-25,1626167,Myles Turner,Myles,1610612754,IND,Indiana Pacers,0022400254,2024-11-20T00:00:00,IND @ HOU,L,28.62,3.8,8.8,0.429,0.0,1.3,0.0,5.0,6.3,0.8,0.0,11.3,11.3,2.5,5.0,0.0,6.3,0.0,3.8,6.3,12.6,-16.4,43.8,0,0,39.0,1,13222,1,13222,9019,17639,19013,13735,15070,20549,15070,3981,4141,7681,14058,1734,4112,14485,2304,12854,265,8846,7822,2298,15517,20397,5779,2246,150,7386,1,28:37
2024-25,1631247,Luke Travers,Luke,1610612739,CLE,Cleveland Cavaliers,0022400252,2024-11-20T00:00:00,CLE vs. NOP,W,30.166666666666668,2.4,7.2,0.333,0.0,3.6,0.0,0.0,0.0,0.0,0.0,2.4,2.4,3.6,1.2,1.2,0.0,0.0,0.0,0.0,4.8,6.0,15.4,0,0,13.1,1,1,13086,1,7621,20698,21370,17395,15070,16486,15070,13505,14344,13505,14058,18521,21035,11144,14489,10226,8263,8846,20257,17725,22146,9636,23056,2246,150,23673,1,30:10
2024-25,1630579,Jericho Sims,Jericho,1610612752,NYK,New York Knicks,0022400257,2024-11-20T00:00:00,NYK @ PHX,W,13.845,5.2,5.2,1.0,0.0,0.0,0.0,0.0,0.0,0.0,5.2,10.4,15.6,5.2,0.0,0.0,0.0,0.0,7.8,0.0,10.4,-18.2,36.9,0,0,31.2,1,1,13086,1,20279,13818,23321,1,15070,20945,15070,13505,14344,13505,2191,2287,1550,7030,16469,12854,8263,8846,1457,17725,17758,20991,9755,2246,150,12997,1,13:51
2024-25,1630699,MarJon Beauchamp,MarJon,1610612749,MIL,Milwaukee Bucks,0022400253,2024-11-20T00:00:00,MIL vs. CHI,W,1.6,0.0,22.5,0.0,0.0,22.5,0.0,0.0,0.0,0.0,0.0,22.5,22.5,0.0,0.0,0.0,0.0,0.0,0.0,0.0,0.0,0.0,27.0,0,0,22.5,1,1,13086,1,25718,22635,1583,22635,15070,155,15070,13505,14344,13505,14058,112,299,19908,16469,12854,8263,8846,20257,17725,23200,12240,16937,2246,150,19354,1,1:36
2024-25,1629006,Josh Okogie,Josh,1610612756,PHX,Phoenix Suns,0022400257,2024-11-20T00:00:00,PHX vs. NYK,L,22.083333333333332,4.9,9.8,0.5,1.6,3.3,0.5,0.0,0.0,0.0,1.6,4.9,6.5,3.3,3.3,0.0,0.0,0.0,0.0,1.6,11.4,-3.3,20.9,0,0,22.8,1,13222,1,13222,14427,14694,17422,8526,11596,17158,3944,13505,14344,13505,9810,11183,11128,12114,5632,12854,8263,8846,20257,14526,16774,14702,20760,2246,150,19125,1,22:05
2024-25,1630649,Stanley Umude,Stanley,1610612749,MIL,Milwaukee Bucks,0022400253,2024-11-20T00:00:00,MIL vs. CHI,W,1.6,0.0,0.0,0.0,0.0,0.0,0.0,0.0,0.0,0.0,0.0,22.5,22.5,0.0,0.0,0.0,0.0,0.0,0.0,0.0,0.0,0.0,27.0,0,0,22.5,1,1,13086,1,25718,22635,24836,22635,15070,20945,15070,13505,14344,13505,14058,112,299,19908,16469,12854,8263,8846,20257,17725,23200,12240,16937,2246,150,19354,1,1:36
2024-25,203901,Elfrid Payton,Elfrid,1610612740,NOP,New Orleans Pelicans,0022400252,2024-11-20T00:00:00,NOP @ CLE,L,22.283333333333335,8.1,12.9,0.625,0.0,1.6,0.0,1.6,3.2,0.5,1.6,6.5,8.1,12.9,6.5,0.0,0.0,0.0,1.6,1.6,17.8,-33.9,40.4,0,0,38.8,1,13222,1,13222,14287,6471,11990,4899,15070,20147,15070,11572,9456,10625,9859,7395,8132,545,1147,12854,8263,8846,16817,14574,10063,24289,7523,2246,150,7533,1,22:17
2024-25,1629652,Luguentz Dort,Luguentz,1610612760,OKC,Oklahoma City Thunder,0022400256,2024-11-20T00:00:00,OKC vs. POR,W,29.816666666666666,0.0,8.5,0.0,0.0,7.2,0.0,2.4,2.4,1.0,1.2,4.8,6.0,2.4,0.0,0.0,1.2,0.0,4.8,1.2,2.4,-3.6,16.9,0,0,13.3,1,1,13086,1,7950,22635,19576,22635,15070,7948,15070,9292,11437,1,11744,11338,12196,14829,16469,12854,6122,8846,4997,16366,23091,14861,22527,2246,150,23625,1,29:49
2024-25,202709,Cory Joseph,Cory,1610612753,ORL,Orlando Magic,0022400259,2024-11-20T00:00:00,ORL @ LAC,L,3.2,0.0,0.0,0.0,0.0,0.0,0.0,0.0,0.0,0.0,0.0,22.5,22.5,0.0,0.0,0.0,0.0,0.0,0.0,0.0,0.0,33.8,27.0,0,0,22.5,1,13222,1,13222,24893,22635,24836,22635,15070,20945,15070,13505,14344,13505,14058,112,299,19908,16469,12854,8263,8846,20257,17725,23200,1533,16937,2246,150,19354,1,3:12
2024-25,202684,Tristan Thompson,Tristan,1610612739,CLE,Cleveland Cavaliers,0022400252,2024-11-20T00:00:00,CLE vs. NOP,W,21.066666666666666,6.8,12.0,0.571,0.0,0.0,0.0,0.0,0.0,0.0,3.4,12.0,15.4,3.4,0.0,0.0,3.4,0.0,6.8,0.0,13.7,-1.7,47.5,0,0,39.3,1,1,13086,1,15243,9329,13659,6538,15070,20945,15070,13505,14344,13505,4503,1383,1614,11636,16469,12854,1287,8846,2115,17725,14306,13878,4137,2246,150,7195,1,21:04
2024-25,203914,Gary Harris,Gary,1610612753,ORL,Orlando Magic,0022400259,2024-11-20T00:00:00,ORL @ LAC,L,15.116666666666667,2.4,9.5,0.25,0.0,7.1,0.0,0.0,0.0,0.0,0.0,0.0,0.0,0.0,0.0,4.8,0.0,0.0,2.4,0.0,4.8,9.5,19.1,0,0,14.3,1,13222,1,13222,19484,20704,17895,20233,15070,8156,15070,13505,14344,13505,14058,22137,23286,19908,16469,1042,8263,8846,13303,17725,22148,7928,21615,2246,150,23330,1,15:07
2024-25,1629048,Goga Bitadze,Goga,1610612753,ORL,Orlando Magic,0022400259,2024-11-20T00:00:00,ORL @ LAC,L,19.966666666666665,5.4,10.8,0.5,0.0,1.8,0.0,5.4,5.4,1.0,0.0,3.6,3.6,1.8,1.8,1.8,1.8,0.0,3.6,3.6,16.2,-5.4,32.3,0,0,28.8,1,13222,1,13222,16042,13248,15665,8526,15070,19916,15070,3520,5302,1,14058,14901,18305,17073,11538,7238,4053,8846,8405,7374,11689,15789,13107,2246,150,14826,1,19:58
2024-25,1641794,Dillon Jones,Dillon,1610612760,OKC,Oklahoma City Thunder,0022400256,2024-11-20T00:00:00,OKC vs. POR,W,10.866666666666667,0.0,9.9,0.0,0.0,3.3,0.0,0.0,0.0,0.0,3.3,3.3,6.6,6.6,0.0,0.0,0.0,0.0,0.0,0.0,0.0,0.0,17.9,0,0,13.3,1,1,13086,1,21769,22635,17175,22635,15070,17037,15070,13505,14344,13505,4721,15752,10885,4534,16469,12854,8263,8846,20257,17725,23200,12240,22145,2246,150,23631,1,10:52
2024-25,1627741,Buddy Hield,Buddy,1610612744,GSW,Golden State Warriors,0022400258,2024-11-20T00:00:00,GSW vs. ATL,W,20.0,7.2,19.8,0.364,5.4,16.2,0.333,0.0,0.0,0.0,0.0,3.6,3.6,0.0,3.6,0.0,0.0,1.8,1.8,0.0,19.8,19.8,20.5,0,0,28.8,1,1,13086,1,16013,8449,3111,16861,1849,502,9209,13505,14344,13505,14058,14927,18325,19908,4775,12854,8263,3904,16188,17725,8072,4016,20931,2246,150,14855,1,20:00
2024-25,1630611,Gui Santos,Gui,1610612744,GSW,Golden State Warriors,0022400258,2024-11-20T00:00:00,GSW vs. ATL,W,2.5166666666666666,0.0,28.6,0.0,0.0,14.3,0.0,0.0,0.0,0.0,0.0,14.3,14.3,0.0,0.0,0.0,0.0,0.0,0.0,0.0,0.0,-42.9,17.2,0,0,14.3,1,1,13086,1,25203,22635,352,22635,15070,848,15070,13505,14344,13505,14058,691,2095,19908,16469,12854,8263,8846,20257,17725,23200,25042,22424,2246,150,23320,1,2:31
2024-25,1629021,Moritz Wagner,Moritz,1610612753,ORL,Orlando Magic,0022400259,2024-11-20T00:00:00,ORL @ LAC,L,17.0,8.5,21.2,0.4,2.1,6.4,0.333,2.1,2.1,1.0,0.0,2.1,2.1,0.0,4.2,2.1,0.0,2.1,0.0,8.5,21.2,-23.3,25.8,0,0,29.6,1,13222,1,13222,18255,5666,2220,14933,9606,9865,9209,10235,12361,1,14058,19312,21581,19908,3434,5704,8263,2869,20257,841,6940,22411,17720,2246,150,14206,1,17:00
2024-25,1641724,Jett Howard,Jett,1610612753,ORL,Orlando Magic,0022400259,2024-11-20T00:00:00,ORL @ LAC,L,11.35,6.3,15.9,0.4,0.0,9.5,0.0,0.0,0.0,0.0,0.0,9.5,9.5,3.2,0.0,0.0,3.2,0.0,6.3,0.0,12.7,9.5,38.4,0,0,31.7,1,13222,1,13222,21559,10580,7329,14933,15070,4079,15070,13505,14344,13505,14058,2989,6035,12415,16469,12854,1503,8846,2546,17725,15404,7934,8786,2246,150,12607,1,11:21
2024-25,1629659,Talen Horton-Tucker,Talen,1610612741,CHI,Chicago Bulls,0022400253,2024-11-20T00:00:00,CHI @ MIL,L,1.6,0.0,0.0,0.0,0.0,0.0,0.0,0.0,0.0,0.0,0.0,22.5,22.5,0.0,0.0,0.0,0.0,0.0,0.0,0.0,0.0,0.0,27.0,0,0,22.5,1,13222,1,13222,25718,22635,24836,22635,15070,20945,15070,13505,14344,13505,14058,112,299,19908,16469,12854,8263,8846,20257,17725,23200,12240,16937,2246,150,19354,1,1:36
2024-25,1628470,Torrey Craig,Torrey,1610612741,CHI,Chicago Bulls,0022400253,2024-11-20T00:00:00,CHI @ MIL,L,27.866666666666667,7.8,12.9,0.6,3.9,9.0,0.429,0.0,0.0,0.0,2.6,5.2,7.8,2.6,0.0,1.3,1.3,0.0,2.6,0.0,19.4,-2.6,40.3,0,0,38.8,1,13222,1,13222,9653,7163,12004,5394,4251,4750,7394,13505,14344,13505,6392,10362,8718,14269,16469,9507,5683,8846,12479,17725,8483,14348,7568,2246,150,7549,1,27:52
2024-25,1630168,Onyeka Okongwu,Onyeka,1610612737,ATL,Atlanta Hawks,0022400258,2024-11-20T00:00:00,ATL @ GSW,L,23.083333333333332,3.1,9.4,0.333,3.1,6.2,0.5,4.7,9.4,0.5,3.1,7.8,10.9,0.0,3.1,0.0,1.6,1.6,4.7,4.7,14.0,-26.5,28.7,0,0,31.2,1,13222,1,13222,13647,19154,18185,17395,6169,10114,3944,4544,1682,10625,5097,5010,4487,19908,6066,12854,4676,4556,5342,4762,13898,23138,15719,2246,150,13005,1,23:05
2024-25,1628392,Isaiah Hartenstein,Isaiah,1610612760,OKC,Oklahoma City Thunder,0022400256,2024-11-20T00:00:00,OKC vs. POR,W,28.565,7.6,15.1,0.5,0.0,0.0,0.0,1.3,2.5,0.5,6.3,11.3,17.6,3.8,3.8,0.0,5.0,2.5,1.3,1.3,16.4,20.2,54.6,1,0,47.9,1,1,13086,1,9068,7620,8389,8526,15070,20945,15070,12420,11158,10625,1472,1725,979,10560,4370,12854,504,2009,18218,16083,11517,3903,2071,1,150,3185,1,28:34
2024-25,1630596,Evan Mobley,Evan,1610612739,CLE,Cleveland Cavaliers,0022400252,2024-11-20T00:00:00,CLE vs. NOP,W,17.85,6.1,18.2,0.333,2.0,4.0,0.5,4.0,4.0,1.0,4.0,10.1,14.1,2.0,2.0,0.0,6.1,2.0,0.0,2.0,18.2,34.3,54.3,0,0,48.4,1,1,13086,1,17663,11360,4501,17395,10090,15510,3944,5639,7775,1,3557,2516,2178,16313,10443,12854,302,3174,20257,12999,9673,1471,2150,2246,150,3018,1,17:51
2024-25,1641715,Cam Whitmore,Cam,1610612745,HOU,Houston Rockets,0022400254,2024-11-20T00:00:00,HOU vs. IND,W,5.35,6.7,26.9,0.25,0.0,20.2,0.0,13.5,26.9,0.5,0.0,0.0,0.0,6.7,0.0,0.0,0.0,0.0,6.7,13.5,26.9,-26.9,37.0,0,0,33.6,1,1,13086,1,23840,9624,508,20233,15070,226,15070,239,68,10625,14058,22137,23286,4384,16469,12854,8263,8846,2190,137,3245,23227,9689,2246,150,11114,1,5:21
2024-25,1642263,Reed Sheppard,Reed,1610612745,HOU,Houston Rockets,0022400254,2024-11-20T00:00:00,HOU vs. IND,W,16.55,6.5,10.9,0.6,2.2,2.2,1.0,0.0,0.0,0.0,2.2,2.2,4.4,6.5,2.2,4.4,0.0,2.2,0.0,0.0,15.2,-19.6,41.1,0,0,37.0,1,1,13086,1,18569,10121,15556,5394,9329,19212,1,13505,14344,13505,7669,19144,16405,4668,9615,1336,8263,2700,20257,17725,12680,21423,7111,2246,150,8735,1,16:33
2024-25,1628371,Jonathan Isaac,Jonathan,1610612753,ORL,Orlando Magic,0022400259,2024-11-20T00:00:00,ORL @ LAC,L,21.883333333333333,3.3,8.2,0.4,3.3,6.6,0.5,0.0,0.0,0.0,1.6,3.3,4.9,0.0,1.6,0.0,4.9,0.0,0.0,1.6,9.9,-4.9,29.0,0,0,28.0,1,13222,1,13222,14589,18778,19910,14933,5700,9361,3944,13505,14344,13505,9765,15823,14962,19908,12163,12854,534,8846,20257,14474,18284,15552,15520,2246,150,15446,1,21:53
2024-25,1641757,Jordan Miller,Jordan,1610612746,LAC,LA Clippers,0022400259,2024-11-20T00:00:00,LAC vs. ORL,W,15.776666666666667,6.8,16.0,0.429,0.0,0.0,0.0,4.6,4.6,1.0,2.3,4.6,6.8,2.3,0.0,4.6,0.0,0.0,4.6,2.3,18.3,6.8,43.6,0,0,36.5,1,1,13086,1,19090,9311,7149,13735,15070,20945,15070,4739,6725,1,7305,12093,10438,15295,16469,1183,8263,8846,5640,11812,9571,9210,5859,2246,150,9041,1,15:47
2024-25,1642270,Donovan Clingan,Donovan,1610612757,POR,Portland Trail Blazers,0022400256,2024-11-20T00:00:00,POR @ OKC,L,21.416666666666668,6.7,11.8,0.571,1.7,1.7,1.0,1.7,6.7,0.25,8.4,6.7,15.1,0.0,1.7,3.4,3.4,1.7,5.0,3.4,16.8,8.4,53.5,0,0,47.1,1,13222,1,13222,14979,9640,14003,6538,11457,20069,1,11451,3632,13358,673,6850,1713,19908,12002,2458,1342,4195,4520,8071,11049,8437,2342,2246,150,3448,1,21:25
2024-25,1630703,Scoot Henderson,Scoot,1610612757,POR,Portland Trail Blazers,0022400256,2024-11-20T00:00:00,POR @ OKC,L,26.75,4.0,10.8,0.375,1.3,5.4,0.25,2.7,2.7,1.0,1.3,2.7,4.0,10.8,5.4,0.0,0.0,0.0,1.3,2.7,12.1,0.0,27.7,0,0,28.3,1,13222,1,13222,10526,17001,15756,16299,12667,12245,11902,8595,10769,1,10991,17722,17226,1080,1917,12854,8263,8846,17838,10337,16021,12240,16412,2246,150,15240,1,26:45
2024-25,1629027,Trae Young,Trae,1610612737,ATL,Atlanta Hawks,0022400258,2024-11-20T00:00:00,ATL @ GSW,L,30.333333333333332,4.7,14.2,0.333,1.2,7.1,0.167,3.6,4.7,0.75,0.0,3.6,3.6,13.1,3.6,2.4,0.0,1.2,2.4,4.7,14.2,-22.5,41.7,1,0,36.8,1,13222,1,13222,7467,15116,9769,17395,13439,8213,14236,6582,6403,8186,14058,15055,18418,522,4877,4784,8263,6361,13334,4617,13673,22229,6796,1,150,8854,1,30:20
2024-25,1630188,Jalen Smith,Jalen,1610612741,CHI,Chicago Bulls,0022400253,2024-11-20T00:00:00,CHI @ MIL,L,11.716666666666667,6.1,15.4,0.4,3.1,9.2,0.333,0.0,0.0,0.0,0.0,3.1,3.1,6.1,3.1,0.0,0.0,0.0,6.1,0.0,15.4,-36.9,25.2,0,0,27.7,1,13222,1,13222,21409,11102,8015,14933,6287,4500,9209,13505,14344,13505,14058,16484,19542,5256,6211,12854,8263,8846,2771,17725,12556,24605,18147,2246,150,15680,1,11:43
2024-25,1631097,Bennedict Mathurin,Bennedict,1610612754,IND,Indiana Pacers,0022400254,2024-11-20T00:00:00,IND @ HOU,L,25.033333333333335,4.3,11.5,0.375,2.9,4.3,0.667,0.0,0.0,0.0,0.0,7.2,7.2,0.0,5.8,0.0,1.4,1.4,2.9,0.0,11.5,-17.3,18.7,0,0,24.4,1,13222,1,13222,11975,16280,14462,16299,6959,14874,1957,13505,14344,13505,14058,6019,9768,19908,1605,12854,5081,5029,11291,17725,16670,20705,21800,2246,150,18041,1,25:02
2024-25,1630527,Brandon Boston,Brandon,1610612740,NOP,New Orleans Pelicans,0022400252,2024-11-20T00:00:00,NOP @ CLE,L,34.15,5.3,19.0,0.278,0.0,5.3,0.0,4.2,6.3,0.667,1.1,2.1,3.2,5.3,4.2,1.1,0.0,0.0,3.2,4.2,14.8,-20.0,25.4,0,0,25.3,1,13222,1,13222,4130,13622,3777,20025,15070,12543,15070,5320,4096,9425,12847,19341,19333,6892,3475,11450,8263,8846,10030,5798,13148,21558,17997,2246,150,17433,1,34:09
2024-25,1626171,Bobby Portis,Bobby,1610612749,MIL,Milwaukee Bucks,0022400253,2024-11-20T00:00:00,MIL vs. CHI,W,22.436666666666667,3.2,9.6,0.333,1.6,4.8,0.333,4.8,4.8,1.0,1.6,8.0,9.6,9.6,4.8,0.0,0.0,0.0,1.6,3.2,12.8,12.8,34.0,0,0,33.7,1,1,13086,1,14168,18975,17712,17395,11659,13661,9209,4327,6274,1,9901,4673,5894,1625,2557,12854,8263,8846,16860,8535,15255,6456,11792,2246,150,11080,1,22:26
2024-25,1630322,Lindy Waters III,Lindy,1610612744,GSW,Golden State Warriors,0022400258,2024-11-20T00:00:00,GSW vs. ATL,W,23.083333333333332,6.2,14.0,0.444,3.1,7.8,0.4,0.0,0.0,0.0,0.0,4.7,4.7,1.6,0.0,1.6,0.0,0.0,6.2,1.6,15.6,25.0,28.2,0,0,28.1,1,1,13086,1,13647,10867,10118,13045,6169,6797,7874,13505,14344,13505,14058,11773,15620,17771,16469,8156,8263,8846,2671,14756,12324,2831,16053,2246,150,15377,1,23:05
2024-25,1629018,Gary Trent Jr.,Gary,1610612749,MIL,Milwaukee Bucks,0022400253,2024-11-20T00:00:00,MIL vs. CHI,W,28.5,3.8,7.6,0.5,3.8,6.3,0.6,2.5,2.5,1.0,1.3,6.3,7.6,0.0,0.0,0.0,0.0,0.0,3.8,1.3,13.9,-1.3,23.0,0,0,25.3,1,1,13086,1,9119,17596,20817,8526,4470,9944,2992,8969,11140,1,11396,7662,9005,19908,16469,12854,8263,8846,7769,16072,14052,13700,19571,2246,150,17462,1,28:30
2024-25,1631245,Quenton Jackson,Quenton,1610612754,IND,Indiana Pacers,0022400254,2024-11-20T00:00:00,IND @ HOU,L,26.566666666666666,13.6,16.3,0.833,1.4,4.1,0.333,4.1,5.4,0.75,0.0,2.7,2.7,4.1,1.4,2.7,1.4,0.0,1.4,4.1,32.5,-23.0,52.7,0,0,48.8,1,13222,1,13222,10668,840,6737,1514,12629,15444,9209,5583,5288,8186,14058,17668,20429,9766,13546,3884,5425,8846,17805,6128,1410,22343,2526,2246,150,2895,1,26:34
2024-25,204456,T.J. McConnell,T.J.,1610612754,IND,Indiana Pacers,0022400254,2024-11-20T00:00:00,IND @ HOU,L,19.4,14.8,22.3,0.667,0.0,0.0,0.0,1.9,3.7,0.5,0.0,1.9,1.9,7.4,1.9,3.7,0.0,0.0,1.9,5.6,31.5,-11.1,54.2,0,0,48.2,1,13222,1,13222,16499,516,1686,3281,15070,20945,15070,11104,8456,10625,14058,20093,22074,3484,11292,1950,8263,8846,15914,3237,1627,18379,2158,2246,150,3065,1,19:24
2024-25,1641824,Matas Buzelis,Matas,1610612741,CHI,Chicago Bulls,0022400253,2024-11-20T00:00:00,CHI @ MIL,L,5.7,0.0,6.3,0.0,0.0,6.3,0.0,12.6,12.6,1.0,0.0,12.6,12.6,0.0,0.0,0.0,0.0,0.0,6.3,6.3,12.6,-18.9,27.8,0,0,25.3,1,13222,1,13222,23701,22635,22305,22635,15070,9944,15070,288,646,1,14058,1114,3041,19908,16469,12854,8263,8846,2582,2268,15454,21222,16372,2246,150,17462,1,5:42
2024-25,1630217,Desmond Bane,Desmond,1610612763,MEM,Memphis Grizzlies,0022400255,2024-11-20T00:00:00,MEM vs. PHI,W,34.97833333333333,8.2,18.5,0.444,5.1,11.3,0.455,0.0,0.0,0.0,1.0,9.3,10.3,6.2,4.1,1.0,1.0,2.1,2.1,4.1,21.6,14.4,45.3,1,0,47.3,1,1,13086,1,3486,6134,4197,13045,2113,2239,7148,13505,14344,13505,13039,3239,5126,5202,3635,11680,7276,3028,14822,6013,6534,5856,5046,1,150,3357,1,34:59
2024-25,1628384,OG Anunoby,OG,1610612752,NYK,New York Knicks,0022400257,2024-11-20T00:00:00,NYK @ PHX,W,35.178333333333335,4.1,7.2,0.571,2.0,4.1,0.5,4.1,4.1,1.0,1.0,6.1,7.2,1.0,2.0,2.0,0.0,0.0,3.1,2.0,14.3,20.5,28.6,0,0,28.7,1,1,13086,1,3332,16863,21366,6538,9930,15365,3944,5537,7647,1,13068,8024,9829,19611,10280,6027,8263,8846,10390,12858,13578,3822,15838,2246,150,14962,1,35:11
2024-25,1642349,Ajay Mitchell,Ajay,1610612760,OKC,Oklahoma City Thunder,0022400256,2024-11-20T00:00:00,OKC vs. POR,W,22.313333333333333,6.5,12.9,0.5,3.2,4.8,0.667,0.0,0.0,0.0,3.2,3.2,6.5,1.6,3.2,3.2,0.0,1.6,1.6,3.2,16.1,19.4,32.8,0,0,33.9,1,1,13086,1,14272,10304,12028,8526,5877,13596,1957,13505,14344,13505,4890,15998,11269,17607,5736,2685,8263,4398,16824,8473,11783,4155,12762,2246,150,10940,1,22:19
2024-25,1628969,Mikal Bridges,Mikal,1610612752,NYK,New York Knicks,0022400257,2024-11-20T00:00:00,NYK @ PHX,W,40.06666666666667,6.3,12.6,0.5,1.8,4.5,0.4,0.0,0.0,0.0,0.0,2.7,2.7,4.5,0.0,0.9,0.0,0.9,0.0,0.0,14.4,17.1,27.0,0,0,25.2,1,1,13086,1,546,10749,12614,8526,11091,14448,7874,13505,14344,13505,14058,17713,20458,8671,16469,12672,8263,8667,20257,17725,13527,4880,16903,2246,150,17554,1,40:04
2024-25,1630700,Dyson Daniels,Dyson,1610612737,ATL,Atlanta Hawks,0022400258,2024-11-20T00:00:00,ATL @ GSW,L,30.983333333333334,5.8,13.9,0.417,1.2,3.5,0.333,0.0,0.0,0.0,3.5,3.5,7.0,3.5,3.5,0.0,0.0,0.0,4.6,1.2,12.8,-24.4,22.9,0,0,24.4,1,13222,1,13222,6893,12089,10256,14532,13583,16682,9209,13505,14344,13505,4397,15280,10190,11424,5042,12854,8263,8846,5421,16587,15311,22663,19629,2246,150,18078,1,30:59
2024-25,1626220,Royce O'Neale,Royce,1610612756,PHX,Phoenix Suns,0022400257,2024-11-20T00:00:00,PHX vs. NYK,L,32.6,6.6,13.3,0.5,5.5,11.0,0.5,0.0,2.2,0.0,1.1,3.3,4.4,2.2,2.2,1.1,0.0,0.0,3.3,1.1,18.8,-22.1,28.5,0,0,33.1,1,13222,1,13222,5479,9868,11383,8526,1720,2448,3944,13505,12062,13505,12439,15752,16245,15595,9477,10980,8263,8846,9406,16888,9057,22088,15881,2246,150,11550,1,32:36
2024-25,1626162,Kelly Oubre Jr.,Kelly,1610612755,PHI,Philadelphia 76ers,0022400255,2024-11-20T00:00:00,PHI @ MEM,L,22.75,4.7,7.9,0.6,1.6,3.2,0.5,0.0,0.0,0.0,1.6,6.3,7.9,1.6,0.0,3.2,0.0,0.0,1.6,0.0,11.1,-1.6,32.4,0,0,28.5,1,13222,1,13222,13906,15116,20394,5394,11740,17333,3944,13505,14344,13505,9989,7636,8432,17703,16469,2808,8263,8846,16924,17725,17116,13830,12991,2246,150,15083,1,22:45
2024-25,1642346,Ryan Dunn,Ryan,1610612756,PHX,Phoenix Suns,0022400257,2024-11-20T00:00:00,PHX vs. NYK,L,21.671666666666667,5.0,11.6,0.429,3.3,6.6,0.5,0.0,0.0,0.0,3.3,0.0,3.3,5.0,0.0,1.7,0.0,0.0,5.0,0.0,13.3,-16.6,29.7,0,0,28.2,1,13222,1,13222,14775,14438,14267,13735,5599,9233,3944,13505,14344,13505,4711,22137,18943,7508,16469,7767,8263,8846,4642,17725,14764,20481,14996,2246,150,15258,1,21:40
2024-25,1642278,Tyler Kolek,Tyler,1610612752,NYK,New York Knicks,0022400257,2024-11-20T00:00:00,NYK @ PHX,W,11.3,3.2,6.4,0.5,3.2,6.4,0.5,0.0,0.0,0.0,0.0,3.2,3.2,3.2,3.2,3.2,0.0,0.0,3.2,3.2,9.6,0.0,24.5,0,0,25.5,1,1,13086,1,21585,19020,22242,8526,5994,9817,3944,13505,14344,13505,14058,16136,19274,12374,5868,2771,8263,8846,9916,8603,18585,12240,18587,2246,150,17293,1,11:18
2024-25,1628386,Jarrett Allen,Jarrett,1610612739,CLE,Cleveland Cavaliers,0022400252,2024-11-20T00:00:00,CLE vs. NOP,W,21.05,12.0,12.0,1.0,0.0,0.0,0.0,3.4,3.4,1.0,10.3,8.6,18.8,6.8,0.0,0.0,1.7,0.0,1.7,5.1,27.4,46.2,65.3,1,0,56.4,1,1,13086,1,15255,1542,13644,1,15070,20945,15070,6852,9044,1,367,3986,728,4229,16469,12854,4270,8846,16500,3877,3033,659,680,1,150,1242,1,21:03
2024-25,1629626,Bol Bol,Bol,1610612756,PHX,Phoenix Suns,0022400257,2024-11-20T00:00:00,PHX vs. NYK,L,3.683333333333333,19.5,19.5,1.0,0.0,0.0,0.0,0.0,0.0,0.0,9.8,9.8,19.5,0.0,0.0,0.0,0.0,0.0,0.0,0.0,39.1,29.3,62.6,0,0,58.6,1,13222,1,13222,24631,155,3306,1,15070,20945,15070,13505,14344,13505,433,2744,589,19908,16469,12854,8263,8846,20257,17725,509,2061,912,2246,150,947,1,3:41
2024-25,1627936,Alex Caruso,Alex,1610612760,OKC,Oklahoma City Thunder,0022400256,2024-11-20T00:00:00,OKC vs. POR,W,15.333333333333334,18.8,25.8,0.727,2.3,4.7,0.5,0.0,0.0,0.0,0.0,2.3,2.3,4.7,2.3,4.7,0.0,2.3,4.7,2.3,39.9,23.5,61.5,0,0,58.7,1,1,13086,1,19352,181,674,2666,8675,13963,3944,13505,14344,13505,14058,18632,21106,8194,8878,1091,8263,2338,5292,11555,453,3155,1023,2246,150,943,1,15:20
2024-25,1627777,Georges Niang,Georges,1610612739,CLE,Cleveland Cavaliers,0022400252,2024-11-20T00:00:00,CLE vs. NOP,W,21.821666666666665,9.9,23.1,0.429,9.9,19.8,0.5,3.3,3.3,1.0,0.0,6.6,6.6,3.3,1.6,1.6,0.0,0.0,3.3,1.6,33.0,31.3,49.2,0,0,56.1,1,1,13086,1,14646,3331,1354,13735,215,247,3944,7110,9312,1,14058,7109,10953,11979,12139,7819,8263,8846,9458,14453,1322,1794,3557,2246,150,1289,1,21:49
2024-25,1630228,Jonathan Kuminga,Jonathan,1610612744,GSW,Golden State Warriors,0022400258,2024-11-20T00:00:00,GSW vs. ATL,W,15.4,7.0,21.0,0.333,2.3,7.0,0.333,7.0,9.4,0.75,4.7,9.4,14.0,4.7,2.3,4.7,2.3,4.7,2.3,4.7,23.4,2.3,65.9,0,0,58.4,1,1,13086,1,19307,8894,2316,17395,8712,8438,9209,1999,1683,8186,2707,3158,2221,8242,8912,1105,2670,443,13492,4768,5221,11443,641,2246,150,972,1,15:24
2024-25,203083,Andre Drummond,Andre,1610612755,PHI,Philadelphia 76ers,0022400255,2024-11-20T00:00:00,PHI @ MEM,L,12.933333333333334,13.9,25.1,0.556,0.0,0.0,0.0,2.8,8.4,0.333,11.1,5.6,16.7,0.0,5.6,8.4,0.0,5.6,0.0,5.6,30.6,-36.2,70.1,0,0,64.0,1,13222,1,13222,20774,729,813,7248,15070,20945,15070,8378,2295,13132,300,9367,1206,19908,1755,186,8263,270,20257,3238,1885,24539,428,2246,150,524,1,12:56
2024-25,1627824,Guerschon Yabusele,Guerschon,1610612755,PHI,Philadelphia 76ers,0022400255,2024-11-20T00:00:00,PHI @ MEM,L,19.27166666666667,11.2,14.9,0.75,9.3,11.2,0.833,0.0,0.0,0.0,5.6,1.9,7.5,3.7,1.9,0.0,1.9,0.0,5.6,0.0,31.8,-7.5,50.1,0,0,56.0,1,13222,1,13222,16612,2086,8693,2107,266,2322,1341,13505,14344,13505,1876,20051,9228,10693,11238,12854,3869,8846,3540,17725,1577,16712,3259,2246,150,1306,1,19:16
2024-25,1626164,Devin Booker,Devin,1610612756,PHX,Phoenix Suns,0022400257,2024-11-20T00:00:00,PHX vs. NYK,L,37.78333333333333,11.4,21.9,0.522,1.9,6.7,0.286,6.7,7.6,0.875,1.9,1.0,2.9,4.8,1.0,0.0,0.0,0.0,2.9,5.7,31.4,-18.1,41.1,0,0,41.0,1,13222,1,13222,1518,1914,1862,8473,10607,9166,11433,2264,2795,6931,8791,22049,20098,8008,16128,12854,8263,8846,11372,3013,1652,20966,7138,2246,150,6219,1,37:47
2024-25,1626145,Tyus Jones,Tyus,1610612756,PHX,Phoenix Suns,0022400257,2024-11-20T00:00:00,PHX vs. NYK,L,30.966666666666665,7.0,15.1,0.462,3.5,8.1,0.429,0.0,0.0,0.0,2.3,1.2,3.5,11.6,2.3,2.3,0.0,0.0,1.2,0.0,17.4,-15.1,43.7,1,0,40.7,1,13222,1,13222,6903,8990,8405,12428,5173,6202,7394,13505,14344,13505,7163,21609,18583,806,8964,4947,8263,8846,18746,17725,10388,19946,5802,1,150,6385,1,30:58
2024-25,1628973,Jalen Brunson,Jalen,1610612752,NYK,New York Knicks,0022400257,2024-11-20T00:00:00,NYK @ PHX,W,36.7,11.8,20.6,0.571,6.9,10.8,0.636,4.9,4.9,1.0,1.0,1.0,2.0,9.8,4.9,1.0,0.0,0.0,1.0,4.9,35.3,15.7,50.4,1,0,55.9,1,1,13086,1,2195,1682,2576,6538,811,2684,2842,4185,6107,1,13415,21995,21881,1532,2462,12119,8263,8846,19807,4286,924,5354,3147,1,150,1323,1,36:42
2024-25,1630550,JT Thor,JT,1610612739,CLE,Cleveland Cavaliers,0022400252,2024-11-20T00:00:00,CLE vs. NOP,W,12.791666666666666,11.3,11.3,1.0,5.6,5.6,1.0,5.6,5.6,1.0,0.0,5.6,5.6,0.0,5.6,5.6,2.8,0.0,5.6,2.8,33.8,-8.4,60.2,0,0,61.9,1,1,13086,1,20848,2045,14914,1,1640,11635,1,3279,5003,1,14058,9232,13216,19908,1699,596,1932,8846,3500,9916,1169,17154,1168,2246,150,647,1,12:48
2024-25,201939,Stephen Curry,Stephen,1610612744,GSW,Golden State Warriors,0022400258,2024-11-20T00:00:00,GSW vs. ATL,W,30.2,8.3,11.9,0.7,4.8,7.2,0.667,6.0,6.0,1.0,0.0,4.8,4.8,9.5,6.0,2.4,1.2,0.0,0.0,6.0,27.4,32.2,52.2,0,0,53.6,1,1,13086,1,7586,5897,13725,3045,2607,8136,1957,2908,4531,1,14058,11516,15372,1685,1411,4748,6223,8846,20257,2676,3014,1714,2662,2246,150,1679,1,30:12
2024-25,1626157,Karl-Anthony Towns,Karl-Anthony,1610612752,NYK,New York Knicks,0022400257,2024-11-20T00:00:00,NYK @ PHX,W,34.155,12.6,20.0,0.632,3.2,8.4,0.375,7.4,8.4,0.875,1.1,9.5,10.5,2.1,3.2,1.1,0.0,1.1,4.2,5.3,35.8,24.2,51.6,1,0,53.8,1,1,13086,1,4129,1175,2955,4871,6054,5696,8800,1748,2242,6931,12850,3032,4872,15975,5944,11453,8263,7460,6510,3676,857,2975,2791,1,150,1663,1,34:09
2024-25,1630578,Alperen Sengun,Alperen,1610612745,HOU,Houston Rockets,0022400254,2024-11-20T00:00:00,HOU vs. IND,W,28.183333333333334,15.3,24.3,0.632,1.3,1.3,1.0,7.7,10.2,0.75,5.1,10.2,15.3,2.6,1.3,1.3,0.0,3.8,3.8,10.2,39.6,5.1,64.4,1,0,61.3,1,1,13086,1,9395,441,984,4871,12945,20520,1,1570,1286,8186,2276,2411,1639,14352,13922,9597,8263,714,7645,378,475,10049,751,1,150,706,1,28:11
2024-25,1631114,Jalen Williams,Jalen,1610612760,OKC,Oklahoma City Thunder,0022400256,2024-11-20T00:00:00,OKC vs. POR,W,35.88333333333333,11.0,19.1,0.579,5.0,9.0,0.556,3.0,3.0,1.0,0.0,7.0,7.0,8.0,3.0,2.0,2.0,1.0,3.0,5.0,30.1,14.0,59.6,0,0,58.2,1,1,13086,1,2764,2228,3707,6486,2255,4776,3747,7775,9950,1,14058,6322,10112,2863,6435,6224,3470,7891,10668,4085,2048,5988,1239,2246,150,1003,1,35:53
2024-25,1631200,Kris Murray,Kris,1610612757,POR,Portland Trail Blazers,0022400256,2024-11-20T00:00:00,POR @ OKC,L,4.283333333333333,16.8,16.8,1.0,0.0,0.0,0.0,0.0,0.0,0.0,0.0,0.0,0.0,0.0,0.0,8.4,0.0,0.0,16.8,0.0,33.6,-8.4,58.8,0,0,50.4,1,13222,1,13222,24336,292,6026,1,15070,20945,15070,13505,14344,13505,14058,22137,23286,19908,16469,183,8263,8846,185,17725,1194,17140,1360,2246,150,2411,1,4:17
2024-25,1629660,Ty Jerome,Ty,1610612739,CLE,Cleveland Cavaliers,0022400252,2024-11-20T00:00:00,CLE vs. NOP,W,23.283333333333335,15.5,29.4,0.526,10.8,18.6,0.583,3.1,3.1,1.0,1.5,3.1,4.6,1.5,3.1,0.0,0.0,0.0,1.5,3.1,44.8,43.3,49.6,0,0,61.8,1,1,13086,1,13481,420,313,8379,166,300,3489,7564,9741,1,10130,16427,15731,17816,6148,12854,8263,8846,17065,8910,258,767,3377,2246,150,655,1,23:17
2024-25,1627814,Damion Lee,Damion,1610612756,PHX,Phoenix Suns,0022400257,2024-11-20T00:00:00,PHX vs. NYK,L,3.683333333333333,9.8,48.9,0.2,0.0,39.1,0.0,19.5,19.5,1.0,0.0,0.0,0.0,9.8,9.8,9.8,0.0,0.0,0.0,9.8,39.1,29.3,73.3,0,0,68.4,1,13222,1,13222,24631,3506,33,21401,15070,20,15070,81,147,1,14058,22137,23286,1551,342,122,8263,8846,20257,459,509,2061,329,2246,150,361,1,3:41
2024-25,1630552,Jalen Johnson,Jalen,1610612737,ATL,Atlanta Hawks,0022400258,2024-11-20T00:00:00,ATL @ GSW,L,34.983333333333334,6.2,16.5,0.375,3.1,5.1,0.6,0.0,0.0,0.0,3.1,11.3,14.4,4.1,1.0,2.1,0.0,2.1,0.0,0.0,15.4,-14.4,44.0,1,0,41.2,1,13222,1,13222,3475,11033,6470,16299,6250,12837,2992,13505,14344,13505,5156,1735,2041,9622,15641,5970,8263,3029,20257,17725,12478,19661,5646,1,150,6104,1,34:59
2024-25,1629650,Moses Brown,Moses,1610612754,IND,Indiana Pacers,0022400254,2024-11-20T00:00:00,IND @ HOU,L,6.56,16.5,22.0,0.75,0.0,0.0,0.0,0.0,0.0,0.0,5.5,16.5,22.0,0.0,0.0,0.0,0.0,0.0,11.0,0.0,32.9,27.4,59.3,0,0,54.9,1,13222,1,13222,23351,322,1843,2107,15070,20945,15070,13505,14344,13505,1952,384,343,19908,16469,12854,8263,8846,543,17725,1340,2354,1287,2246,150,1475,1,6:34
2024-25,1631218,Trayce Jackson-Davis,Trayce,1610612744,GSW,Golden State Warriors,0022400258,2024-11-20T00:00:00,GSW vs. ATL,W,21.933333333333334,9.8,18.1,0.545,0.0,0.0,0.0,3.3,3.3,1.0,3.3,14.8,18.1,6.6,3.3,0.0,1.6,0.0,3.3,1.6,23.0,16.4,56.1,1,0,50.9,1,1,13086,1,14543,3401,4613,7695,15070,20945,15070,7140,9350,1,4778,616,882,4618,5553,12854,4449,8846,9513,14487,5491,5105,1786,1,150,2293,1,21:56
2024-25,203952,Andrew Wiggins,Andrew,1610612744,GSW,Golden State Warriors,0022400258,2024-11-20T00:00:00,GSW vs. ATL,W,30.016666666666666,14.4,20.4,0.706,3.6,7.2,0.5,0.0,0.0,0.0,2.4,6.0,8.4,4.8,0.0,0.0,2.4,1.2,1.2,0.0,32.4,32.4,56.8,0,0,54.0,1,1,13086,1,7767,605,2698,3027,4930,8053,3944,13505,14344,13505,6927,8335,7631,7927,16469,12854,2562,6265,18543,17725,1443,1692,1665,2246,150,1632,1,30:01
2024-25,203507,Giannis Antetokounmpo,Giannis,1610612749,MIL,Milwaukee Bucks,0022400253,2024-11-20T00:00:00,MIL vs. CHI,W,35.36666666666667,17.3,24.4,0.708,0.0,1.0,0.0,7.1,14.3,0.5,1.0,8.1,9.2,8.1,1.0,1.0,0.0,2.0,1.0,9.2,41.7,7.1,67.0,0,0,61.1,1,1,13086,1,3176,255,942,3025,15070,20844,15070,1924,419,10625,13112,4498,6494,2754,15725,11780,8263,3108,19590,604,368,9079,573,2246,150,722,1,35:22
2024-25,203954,Joel Embiid,Joel,1610612755,PHI,Philadelphia 76ers,0022400255,2024-11-20T00:00:00,PHI @ MEM,L,35.06666666666667,10.3,21.6,0.476,1.0,5.1,0.2,14.4,14.4,1.0,2.1,9.2,11.3,2.1,3.1,1.0,1.0,1.0,5.1,10.3,35.9,7.2,55.6,1,0,54.4,1,13222,1,13222,3410,2946,2004,12010,14383,12868,13429,193,402,1,8154,3261,4147,16177,6190,11700,7297,7695,4314,370,842,9051,1871,1,150,1556,1,35:04
2024-25,1631106,Tari Eason,Tari,1610612745,HOU,Houston Rockets,0022400254,2024-11-20T00:00:00,HOU vs. IND,W,23.333333333333332,6.2,12.3,0.5,3.1,3.1,1.0,1.5,3.1,0.5,3.1,10.8,13.9,1.5,1.5,9.3,0.0,1.5,7.7,4.6,17.0,23.1,62.2,0,0,54.0,1,1,13086,1,13435,11041,12991,8526,6253,17475,1,11708,9753,10625,5160,2016,2288,17828,12569,137,8263,4613,1503,4879,10874,3232,951,2246,150,1619,1,23:20
2024-25,1629726,Garrison Mathews,Garrison,1610612737,ATL,Atlanta Hawks,0022400258,2024-11-20T00:00:00,ATL @ GSW,L,4.283333333333333,8.4,25.2,0.333,8.4,8.4,1.0,0.0,0.0,0.0,0.0,8.4,8.4,8.4,0.0,0.0,0.0,0.0,0.0,0.0,25.2,-16.8,47.9,0,0,50.4,1,13222,1,13222,24336,5787,785,17395,380,5728,1,13505,14344,13505,14058,4155,7611,2504,16469,12854,8263,8846,20257,17725,4109,20549,4007,2246,150,2411,1,4:17
2024-25,1631172,Ousmane Dieng,Ousmane,1610612760,OKC,Oklahoma City Thunder,0022400256,2024-11-20T00:00:00,OKC vs. POR,W,10.9,0.0,3.3,0.0,0.0,3.3,0.0,0.0,6.6,0.0,0.0,3.3,3.3,0.0,3.3,6.6,0.0,0.0,0.0,3.3,0.0,19.8,20.5,0,0,16.5,1,1,13086,1,21753,22635,24392,22635,15070,17062,15070,13505,3761,13505,14058,15783,18982,19908,5498,354,8263,8846,20257,8239,23200,4010,20957,2246,150,22501,1,10:54
2024-25,1642377,Jaylen Wells,Jaylen,1610612763,MEM,Memphis Grizzlies,0022400255,2024-11-20T00:00:00,MEM vs. PHI,W,29.4,6.1,9.8,0.625,2.4,4.9,0.5,2.4,2.4,1.0,0.0,2.4,2.4,1.2,3.7,1.2,0.0,1.2,0.0,1.2,17.1,2.4,21.9,0,0,25.7,1,1,13086,1,8307,11158,17403,4899,8322,13442,3944,9199,11341,1,14058,18328,20899,18940,4619,9980,8263,6099,20257,16271,10684,11397,20198,2246,150,17128,1,29:24
2024-25,1630526,Jeremiah Robinson-Earl,Jeremiah,1610612740,NOP,New Orleans Pelicans,0022400252,2024-11-20T00:00:00,NOP @ CLE,L,34.975,4.1,14.4,0.286,1.0,6.2,0.167,0.0,2.1,0.0,4.1,3.1,7.2,4.1,2.1,2.1,0.0,3.1,1.0,3.1,9.3,-21.6,28.2,0,0,25.7,1,13222,1,13222,3488,16805,9505,19630,14367,10249,14236,13505,12560,13505,3415,16442,9729,9616,10220,5968,8263,1242,19536,8934,18849,21994,16072,2246,150,17121,1,34:59
2024-25,1627780,Gary Payton II,Gary,1610612744,GSW,Golden State Warriors,0022400258,2024-11-20T00:00:00,GSW vs. ATL,W,6.416666666666667,16.8,22.4,0.75,0.0,5.6,0.0,0.0,0.0,0.0,0.0,11.2,11.2,0.0,0.0,0.0,0.0,0.0,0.0,0.0,33.7,39.3,47.1,0,0,44.9,1,1,13086,1,23402,290,1613,2107,15070,11686,15070,13505,14344,13505,14058,1790,4220,19908,16469,12854,8263,8846,20257,17725,1189,1024,4273,2246,150,4320,1,6:25
2024-25,203897,Zach LaVine,Zach,1610612741,CHI,Chicago Bulls,0022400253,2024-11-20T00:00:00,CHI @ MIL,L,33.333333333333336,9.7,16.2,0.6,4.3,7.6,0.571,5.4,5.4,1.0,0.0,5.4,5.4,6.5,4.3,0.0,0.0,0.0,2.2,5.4,29.2,-10.8,41.0,0,0,45.4,1,13222,1,13222,4870,3582,6831,5394,3350,7254,3506,3529,5313,1,14058,9783,13812,4747,3273,12854,8263,8846,14298,3483,2384,18229,7150,2246,150,4086,1,33:20
2024-25,201145,Jeff Green,Jeff,1610612745,HOU,Houston Rockets,0022400254,2024-11-20T00:00:00,HOU vs. IND,W,4.45,8.1,24.3,0.333,0.0,16.2,0.0,0.0,0.0,0.0,0.0,0.0,0.0,0.0,8.1,8.1,0.0,0.0,0.0,0.0,16.2,-32.4,32.4,0,0,32.4,1,1,13086,1,24257,6440,984,17395,15070,504,15070,13505,14344,13505,14058,22137,23286,19908,569,206,8263,8846,20257,17725,11745,24073,13043,2246,150,12098,1,4:27
2024-25,1642258,Zaccharie Risacher,Zaccharie,1610612737,ATL,Atlanta Hawks,0022400258,2024-11-20T00:00:00,ATL @ GSW,L,19.3,7.5,18.7,0.4,3.7,13.1,0.286,3.7,3.7,1.0,1.9,13.1,14.9,3.7,0.0,0.0,0.0,0.0,3.7,1.9,22.4,3.7,45.9,0,0,44.8,1,13222,1,13222,16572,7867,4067,14933,4620,1273,11433,6218,8410,1,8964,993,1809,10709,16469,12854,8263,8846,7969,13666,5937,10786,4788,2246,150,4361,1,19:18
2024-25,203924,Jerami Grant,Jerami,1610612757,POR,Portland Trail Blazers,0022400256,2024-11-20T00:00:00,POR @ OKC,L,38.6,2.8,9.3,0.3,2.8,6.5,0.429,4.7,4.7,1.0,1.9,3.7,5.6,0.9,2.8,1.9,0.0,0.0,1.9,2.8,13.1,-6.5,24.0,0,0,26.1,1,13222,1,13222,1058,19879,18236,19363,7219,9482,7394,4572,6554,1,8964,14534,13296,19829,7221,6945,8263,8846,15861,9967,15030,16305,18974,2246,150,16859,1,38:36
2024-25,202704,Reggie Jackson,Reggie,1610612755,PHI,Philadelphia 76ers,0022400255,2024-11-20T00:00:00,PHI @ MEM,L,16.766666666666666,4.3,8.6,0.5,2.1,6.4,0.333,0.0,0.0,0.0,0.0,2.1,2.1,2.1,2.1,4.3,0.0,0.0,4.3,0.0,10.7,0.0,27.3,0,0,25.8,1,13222,1,13222,18408,16332,19369,8526,9472,9670,9209,13505,14344,13505,14058,19218,21519,15830,9738,1379,8263,8846,6298,17725,17443,12240,16766,2246,150,17093,1,16:46
2024-25,1630249,Vít Krejčí,Vít,1610612737,ATL,Atlanta Hawks,0022400258,2024-11-20T00:00:00,ATL @ GSW,L,4.283333333333333,0.0,8.4,0.0,0.0,8.4,0.0,0.0,0.0,0.0,0.0,0.0,0.0,16.8,0.0,0.0,0.0,0.0,0.0,0.0,0.0,-16.8,25.2,0,0,16.8,1,13222,1,13222,24336,22635,19633,22635,15070,5728,15070,13505,14344,13505,14058,22137,23286,169,16469,12854,8263,8846,20257,17725,23200,20549,18140,2246,150,22377,1,4:17
2024-25,203081,Damian Lillard,Damian,1610612749,MIL,Milwaukee Bucks,0022400253,2024-11-20T00:00:00,MIL vs. CHI,W,35.61666666666667,7.1,17.2,0.412,2.0,10.1,0.2,4.0,4.0,1.0,0.0,5.1,5.1,10.1,4.0,0.0,0.0,0.0,2.0,4.0,20.2,11.1,37.4,1,0,37.4,1,1,13086,1,2975,8752,5593,14791,10060,3366,13429,5620,7751,1,14058,10722,14661,1382,3794,12854,8263,8846,15017,6197,7725,7182,9411,1,150,8432,1,35:37
2024-25,1628991,Jaren Jackson Jr.,Jaren,1610612763,MEM,Memphis Grizzlies,0022400255,2024-11-20T00:00:00,MEM vs. PHI,W,30.438333333333333,9.5,17.7,0.533,2.4,5.9,0.4,8.3,8.3,1.0,2.4,2.4,4.7,1.2,2.4,1.2,2.4,0.0,5.9,4.7,29.6,-7.1,45.3,0,0,44.9,1,1,13086,1,7373,3938,4966,8140,8615,10911,7874,1283,2332,1,7032,18585,15482,19079,8797,10329,2619,8846,3058,4659,2252,16553,5038,2246,150,4293,1,30:26
2024-25,1628415,Dillon Brooks,Dillon,1610612745,HOU,Houston Rockets,0022400254,2024-11-20T00:00:00,HOU vs. IND,W,21.57,1.7,16.7,0.1,0.0,11.7,0.0,3.3,3.3,1.0,1.7,0.0,1.7,5.0,1.7,0.0,1.7,0.0,3.3,1.7,6.7,13.4,19.5,0,0,16.7,1,1,13086,1,14872,21936,6191,22561,15070,1976,15070,7033,9221,1,9686,22137,22339,7460,12056,12854,4369,8846,9308,14371,20940,6241,21392,2246,150,22428,1,21:34
2024-25,202696,Nikola Vučević,Nikola,1610612741,CHI,Chicago Bulls,0022400253,2024-11-20T00:00:00,CHI @ MIL,L,34.68333333333333,6.2,15.6,0.4,2.1,7.3,0.286,0.0,0.0,0.0,1.0,5.2,6.2,6.2,1.0,3.1,1.0,0.0,3.1,2.1,14.5,-4.2,42.8,0,0,37.4,1,13222,1,13222,3705,10893,7731,14933,9790,7909,11433,13505,14344,13505,12960,10311,11759,5116,15579,2905,7210,8846,10224,12735,13373,15152,6241,2246,150,8459,1,34:41
2024-25,1630591,Jalen Suggs,Jalen,1610612753,ORL,Orlando Magic,0022400259,2024-11-20T00:00:00,ORL @ LAC,L,25.05,7.2,15.8,0.455,2.9,8.6,0.333,5.7,5.7,1.0,1.4,1.4,2.9,2.9,0.0,1.4,1.4,0.0,2.9,5.7,23.0,-14.4,39.4,0,0,37.4,1,13222,1,13222,11963,8493,7401,12676,6970,5382,9209,3138,4816,1,10589,21011,20056,13363,16469,8712,5088,8846,11297,2973,5482,19645,8149,2246,150,8460,1,25:03
2024-25,1631288,Jamal Cain,Jamal,1610612740,NOP,New Orleans Pelicans,0022400252,2024-11-20T00:00:00,NOP @ CLE,L,30.983333333333334,3.5,7.0,0.5,2.3,4.6,0.5,1.2,2.3,0.5,0.0,3.5,3.5,2.3,0.0,3.5,0.0,0.0,2.3,1.2,10.5,-9.3,28.6,0,0,25.6,1,13222,1,13222,6893,18356,21595,8526,8767,14093,3944,12719,11708,10625,14058,15280,18586,15143,16469,2256,8263,8846,13547,16587,17706,17580,15807,2246,150,17231,1,30:59
2024-25,1631255,Karlo Matković,Karlo,1610612740,NOP,New Orleans Pelicans,0022400252,2024-11-20T00:00:00,NOP @ CLE,L,17.766666666666666,2.0,4.1,0.5,0.0,0.0,0.0,0.0,0.0,0.0,4.1,6.1,10.1,0.0,2.0,4.1,2.0,2.0,0.0,2.0,4.1,8.1,32.4,0,0,26.3,1,13222,1,13222,17729,21355,24075,8526,15070,20945,15070,13505,14344,13505,3521,8154,5292,19908,10389,1583,3403,3140,20257,12956,22532,8582,13001,2246,150,16671,1,17:46
2024-25,1630175,Cole Anthony,Cole,1610612753,ORL,Orlando Magic,0022400259,2024-11-20T00:00:00,ORL @ LAC,L,3.2,11.3,11.3,1.0,0.0,0.0,0.0,11.3,22.5,0.5,0.0,0.0,0.0,11.3,11.3,0.0,0.0,0.0,0.0,11.3,33.8,33.8,39.4,0,0,45.0,1,13222,1,13222,24893,2052,14928,1,15070,20945,15070,442,106,10625,14058,22137,23286,917,238,12854,8263,8846,20257,256,1175,1533,8151,2246,150,4259,1,3:12
2024-25,1642274,Yves Missi,Yves,1610612740,NOP,New Orleans Pelicans,0022400252,2024-11-20T00:00:00,NOP @ CLE,L,18.733333333333334,7.7,17.3,0.444,0.0,0.0,0.0,7.7,7.7,1.0,7.7,7.7,15.4,0.0,0.0,0.0,0.0,5.8,1.9,3.8,23.1,-48.0,41.5,0,0,38.4,1,13222,1,13222,17015,7297,5459,13045,15070,20945,15070,1563,2755,1,886,5178,1617,19908,16469,12854,8263,238,15563,6730,5442,25320,6880,2246,150,7745,1,18:44
2024-25,203994,Jusuf Nurkić,Jusuf,1610612756,PHX,Phoenix Suns,0022400257,2024-11-20T00:00:00,PHX vs. NYK,L,33.05,5.4,8.7,0.625,3.3,5.4,0.6,1.1,2.2,0.5,2.2,10.9,13.1,3.3,1.1,3.3,2.2,0.0,3.3,3.3,15.2,-22.9,51.1,1,0,45.7,1,13222,1,13222,5110,13144,19163,4899,5763,12089,2992,12936,12156,10625,7659,1960,2758,12083,15202,2622,2994,8846,9578,8351,12656,22305,2968,1,150,3914,1,33:03
2024-25,1642281,Jaylon Tyson,Jaylon,1610612739,CLE,Cleveland Cavaliers,0022400252,2024-11-20T00:00:00,CLE vs. NOP,W,37.38666666666666,6.7,11.6,0.583,1.0,3.9,0.25,1.0,1.9,0.5,4.8,5.8,10.6,6.7,1.0,1.9,0.0,1.0,2.9,1.9,15.4,19.3,43.0,1,0,37.6,1,1,13086,1,1748,9596,14381,6296,14739,15895,11902,13341,12918,10625,2544,8841,4820,4365,16070,6644,8263,8241,11228,13425,12509,4184,6122,1,150,8330,1,37:23
2024-25,1641998,Trey Jemison III,Trey,1610612740,NOP,New Orleans Pelicans,0022400252,2024-11-20T00:00:00,NOP @ CLE,L,15.4,0.0,7.0,0.0,0.0,0.0,0.0,0.0,4.7,0.0,2.3,2.3,4.7,2.3,0.0,2.3,2.3,4.7,0.0,2.3,0.0,-14.0,23.1,0,0,16.4,1,13222,1,13222,19307,22635,21543,22635,15070,20945,15070,13505,6526,13505,7127,18661,15624,15092,16469,4908,2670,443,20257,11596,23200,19511,19468,2246,150,22561,1,15:24
2024-25,203991,Clint Capela,Clint,1610612737,ATL,Atlanta Hawks,0022400258,2024-11-20T00:00:00,ATL @ GSW,L,22.4,8.0,19.3,0.417,0.0,0.0,0.0,1.6,6.4,0.25,8.0,8.0,16.1,1.6,0.0,1.6,3.2,1.6,1.6,3.2,17.7,-14.5,53.8,1,0,45.0,1,13222,1,13222,14192,6564,3502,14532,15070,20945,15070,11589,3965,13358,773,4651,1408,17628,16469,7961,1463,4417,16848,8511,10139,19692,2243,1,150,4259,1,22:24
2024-25,1630166,Deni Avdija,Deni,1610612757,POR,Portland Trail Blazers,0022400256,2024-11-20T00:00:00,POR @ OKC,L,23.655,6.1,15.2,0.4,1.5,4.6,0.333,6.1,10.7,0.571,3.0,6.1,9.1,1.5,1.5,1.5,1.5,3.0,3.0,7.6,19.8,-21.3,40.6,0,0,38.0,1,13222,1,13222,13185,11261,8219,14933,11957,14286,9209,2787,1129,10536,5242,8131,6537,17898,12654,8318,4773,1291,10520,1248,8088,21912,7374,2246,150,7999,1,23:39
2024-25,1642345,Oso Ighodaro,Oso,1610612756,PHX,Phoenix Suns,0022400257,2024-11-20T00:00:00,PHX vs. NYK,L,13.938333333333333,2.6,2.6,1.0,0.0,0.0,0.0,0.0,0.0,0.0,0.0,7.7,7.7,2.6,2.6,0.0,0.0,0.0,2.6,0.0,5.2,15.5,15.8,0,0,15.5,1,13222,1,13222,20228,20303,24621,1,15070,20945,15070,13505,14344,13505,14058,5084,8725,14275,7937,12854,8263,8846,12486,17725,21928,5436,22939,2246,150,22886,1,13:56
2024-25,1629645,Kevin Porter Jr.,Kevin,1610612746,LAC,LA Clippers,0022400259,2024-11-20T00:00:00,LAC vs. ORL,W,20.133333333333333,8.9,17.9,0.5,0.0,3.6,0.0,0.0,0.0,0.0,3.6,3.6,7.2,10.7,5.4,3.6,1.8,0.0,5.4,1.8,17.9,16.1,53.3,0,0,46.5,1,1,13086,1,15915,4831,4823,8526,15070,16493,15070,13505,14344,13505,4251,15003,9844,1097,1940,2127,4082,8846,3904,13972,9944,5218,2380,2246,150,3663,1,20:08
2024-25,1641717,Cason Wallace,Cason,1610612760,OKC,Oklahoma City Thunder,0022400256,2024-11-20T00:00:00,OKC vs. POR,W,26.305,0.0,4.1,0.0,0.0,4.1,0.0,0.0,0.0,0.0,2.7,2.7,5.5,2.7,0.0,4.1,0.0,1.4,6.8,0.0,0.0,-4.1,23.0,0,0,16.4,1,1,13086,1,10897,22635,24045,22635,15070,15333,15070,13505,14344,13505,6019,17592,13613,13804,16469,1536,8263,5318,2109,17725,23200,15125,19570,2246,150,22544,1,26:18
2024-25,1628964,Mo Bamba,Mo,1610612746,LAC,LA Clippers,0022400259,2024-11-20T00:00:00,LAC vs. ORL,W,14.616666666666667,7.4,14.8,0.5,2.5,4.9,0.5,0.0,0.0,0.0,2.5,7.4,9.9,2.5,2.5,0.0,0.0,4.9,7.4,0.0,17.2,9.9,30.3,0,0,32.0,1,1,13086,1,19811,8036,8943,8526,8272,13376,3944,13505,14344,13505,6740,5704,5599,14671,8393,12854,8263,383,1717,17725,10587,7765,14581,2246,150,12375,1,14:37
2024-25,1631223,David Roddy,David,1610612737,ATL,Atlanta Hawks,0022400258,2024-11-20T00:00:00,ATL @ GSW,L,4.283333333333333,8.4,16.8,0.5,0.0,8.4,0.0,0.0,0.0,0.0,0.0,0.0,0.0,0.0,0.0,0.0,0.0,0.0,0.0,0.0,16.8,-16.8,16.8,0,0,16.8,1,13222,1,13222,24336,5787,6026,8526,15070,5728,15070,13505,14344,13505,14058,22137,23286,19908,16469,12854,8263,8846,20257,17725,11049,20549,22559,2246,150,22377,1,4:17
2024-25,1629640,Keldon Johnson,Keldon,1610612759,SAS,San Antonio Spurs,0022400025,2024-11-19T00:00:00,SAS vs. OKC,W,29.233333333333334,8.6,18.5,0.467,7.4,14.8,0.5,2.5,2.5,1.0,1.2,4.9,6.2,4.9,0.0,0.0,0.0,0.0,2.5,1.2,27.1,4.9,41.9,0,0,45.6,1,1,13086,1,8465,5399,4237,12249,639,749,3944,9159,11308,1,11595,11096,11927,7625,16469,12854,8263,8846,12931,16229,3165,10150,6691,2246,150,4000,1,29:14
2024-25,1641706,Brandon Miller,Brandon,1610612766,CHA,Charlotte Hornets,0022400022,2024-11-19T00:00:00,CHA @ BKN,L,38.46666666666667,10.3,15.9,0.647,4.7,8.4,0.556,1.9,1.9,1.0,0.9,1.9,2.8,3.7,2.8,2.8,0.9,1.9,2.8,1.9,27.1,-3.7,44.5,0,0,45.9,1,13222,1,13222,1124,2919,7243,4571,2768,5706,3747,11041,13056,1,13737,20038,20233,10670,7190,3667,7918,3657,11614,13631,3141,14918,5397,2246,150,3876,1,38:28
2024-25,1631288,Jamal Cain,Jamal,1610612740,NOP,New Orleans Pelicans,0022400024,2024-11-19T00:00:00,NOP @ DAL,L,18.023333333333333,0.0,0.0,0.0,0.0,0.0,0.0,4.0,4.0,1.0,0.0,6.0,6.0,2.0,0.0,2.0,0.0,0.0,2.0,2.0,4.0,-57.9,20.2,0,0,16.0,1,13222,1,13222,17547,22635,24836,22635,15070,20945,15070,5706,7851,1,14058,8343,12304,16383,16469,6261,8263,8846,15163,13094,22557,25631,21074,2246,150,22718,1,18:01
2024-25,201599,DeAndre Jordan,DeAndre,1610612743,DEN,Denver Nuggets,0022400023,2024-11-19T00:00:00,DEN @ MEM,W,7.65,9.4,18.8,0.5,0.0,0.0,0.0,0.0,0.0,0.0,9.4,0.0,9.4,0.0,0.0,4.7,0.0,4.7,4.7,4.7,18.8,23.5,44.2,0,0,37.6,1,1,13086,1,22936,4005,3906,8526,15070,20945,15070,13505,14344,13505,487,22137,6164,19908,16469,1081,8263,437,5262,4704,9012,3140,5553,2246,150,8252,1,7:39
2024-25,1628467,Maxi Kleber,Maxi,1610612742,DAL,Dallas Mavericks,0022400024,2024-11-19T00:00:00,DAL vs. NOP,W,16.6,2.2,2.2,1.0,0.0,0.0,0.0,0.0,0.0,0.0,0.0,13.0,13.0,0.0,0.0,0.0,4.3,0.0,2.2,0.0,4.3,65.1,33.0,0,0,26.0,1,1,13086,1,18528,21101,24730,1,15070,20945,15070,13505,14344,13505,14058,1012,2802,19908,16469,12854,742,8846,14251,17725,22379,284,12616,2246,150,16918,1,16:36
2024-25,203471,Dennis Schröder,Dennis,1610612751,BKN,Brooklyn Nets,0022400022,2024-11-19T00:00:00,BKN vs. CHA,W,35.9,5.0,12.0,0.417,1.0,5.0,0.2,3.0,5.0,0.6,0.0,5.0,5.0,12.0,1.0,1.0,2.0,0.0,3.0,4.0,14.0,-3.0,46.1,1,0,38.1,1,1,13086,1,2753,14347,13530,14532,14537,13177,13429,7777,5896,10343,14058,10845,14758,712,15822,11932,3473,8846,10674,6279,13894,14573,4685,1,150,7956,1,35:54
2024-25,1628381,John Collins,John,1610612762,UTA,Utah Jazz,0022400026,2024-11-19T00:00:00,UTA @ LAL,L,29.283333333333335,9.8,17.2,0.571,1.2,2.5,0.5,1.2,1.2,1.0,3.7,6.1,9.8,2.5,2.5,1.2,0.0,3.7,6.1,2.5,22.1,-14.8,38.8,0,0,38.1,1,13222,1,13222,8415,3423,5562,6538,13212,18701,3944,12504,13840,1,4056,8008,5625,14689,8418,9950,8263,804,2769,11135,6115,19806,8513,2246,150,7955,1,29:17
2024-25,1629750,Javonte Green,Javonte,1610612740,NOP,New Orleans Pelicans,0022400024,2024-11-19T00:00:00,NOP @ DAL,L,30.026666666666667,6.0,10.8,0.556,1.2,4.8,0.25,3.6,3.6,1.0,3.6,2.4,6.0,0.0,1.2,0.0,1.2,1.2,1.2,2.4,16.8,-18.0,26.4,0,0,26.4,1,13222,1,13222,7763,11539,15716,7248,13371,13720,11902,6495,8695,1,4217,18493,12299,19908,14450,12854,6175,6271,18546,11362,11089,20928,17365,2246,150,16647,1,30:02
2024-25,1630202,Payton Pritchard,Payton,1610612738,BOS,Boston Celtics,0022400021,2024-11-19T00:00:00,BOS vs. CLE,W,25.716666666666665,7.0,12.6,0.556,4.2,8.4,0.5,0.0,0.0,0.0,1.4,1.4,2.8,4.2,0.0,1.4,0.0,0.0,2.8,0.0,18.2,-19.6,32.1,0,0,32.2,1,1,13086,1,11386,8933,12577,7248,3567,5753,3944,13505,14344,13505,10750,21080,20254,9385,16469,8900,8263,8846,11643,17725,9627,21432,13283,2246,150,12218,1,25:43
2024-25,1642271,Kyle Filipowski,Kyle,1610612762,UTA,Utah Jazz,0022400026,2024-11-19T00:00:00,UTA @ LAL,L,25.083333333333332,1.4,4.3,0.333,0.0,2.9,0.0,1.4,2.9,0.5,0.0,7.2,7.2,8.6,4.3,2.9,0.0,0.0,5.7,1.4,4.3,-4.3,30.1,0,0,25.8,1,13222,1,13222,11930,22249,23919,17395,15070,17915,15070,11940,10309,10625,14058,6042,9791,2334,3315,3486,8263,8846,3331,15301,22403,15228,14709,2246,150,17043,1,25:05
2024-25,1630544,Tre Mann,Tre,1610612766,CHA,Charlotte Hornets,0022400022,2024-11-19T00:00:00,CHA @ BKN,L,25.563333333333333,9.9,23.9,0.412,5.6,8.4,0.667,1.4,2.8,0.5,2.8,1.4,4.2,8.4,5.6,0.0,0.0,1.4,4.2,1.4,26.8,9.9,38.9,0,0,45.1,1,13222,1,13222,11529,3392,1079,14791,1636,5669,1957,12004,10445,10625,5818,21059,16751,2468,1695,12854,8263,5151,6489,15412,3323,7760,8497,2246,150,4241,1,25:34
2024-25,1631246,Vince Williams Jr.,Vince,1610612763,MEM,Memphis Grizzlies,0022400023,2024-11-19T00:00:00,MEM vs. DEN,L,7.248333333333333,9.9,29.8,0.333,0.0,5.0,0.0,0.0,0.0,0.0,9.9,14.9,24.8,0.0,14.9,0.0,0.0,0.0,5.0,14.9,19.9,19.9,34.8,0,0,44.7,1,13222,1,13222,23080,3289,284,17395,15070,13281,15070,13505,14344,13505,413,594,197,19908,114,12854,8263,8846,4689,104,8021,3992,11226,2246,150,4391,1,7:15
2024-25,1630530,Trey Murphy III,Trey,1610612740,NOP,New Orleans Pelicans,0022400024,2024-11-19T00:00:00,NOP @ DAL,L,29.3,6.1,16.0,0.385,2.5,8.6,0.286,8.6,8.6,1.0,0.0,6.1,6.1,1.2,3.7,2.5,0.0,0.0,1.2,6.1,23.3,-43.0,36.2,0,0,38.1,1,13222,1,13222,8400,11104,7150,16070,8293,5419,11433,1148,2124,1,14058,8016,11948,18921,4580,4513,8263,8846,18387,2455,5249,25056,10200,2246,150,7968,1,29:18
2024-25,1629216,Gabe Vincent,Gabe,1610612747,LAL,Los Angeles Lakers,0022400026,2024-11-19T00:00:00,LAL vs. UTA,W,18.716666666666665,1.9,5.8,0.333,1.9,3.8,0.5,0.0,0.0,0.0,0.0,3.8,3.8,1.9,0.0,1.9,0.0,0.0,5.8,1.9,5.8,15.4,19.0,0,0,17.3,1,1,13086,1,17025,21543,22846,17395,10532,15906,3944,13505,14344,13505,14058,14190,17716,16666,16469,6653,8263,8846,3276,13431,21550,5472,21622,2246,150,22170,1,18:43
2024-25,1630592,Jalen Wilson,Jalen,1610612751,BKN,Brooklyn Nets,0022400022,2024-11-19T00:00:00,BKN vs. CHA,W,34.266666666666666,6.3,13.7,0.462,5.3,8.4,0.625,0.0,0.0,0.0,1.1,0.0,1.1,0.0,2.1,1.1,0.0,3.2,3.2,0.0,17.9,6.3,20.2,0,0,26.3,1,1,13086,1,4042,10697,10723,12428,1993,5728,2868,13505,14344,13505,12870,22137,23157,19908,9989,11487,8263,1193,10075,17725,9961,9467,21075,2246,150,16741,1,34:16
2024-25,1629008,Michael Porter Jr.,Michael,1610612743,DEN,Denver Nuggets,0022400023,2024-11-19T00:00:00,DEN @ MEM,W,40.11666666666667,9.9,18.8,0.524,0.0,3.6,0.0,1.8,5.4,0.333,4.5,5.4,9.9,2.7,0.0,0.9,0.9,1.8,2.7,4.5,21.5,13.5,42.8,1,0,37.7,1,1,13086,1,537,3374,3888,8439,15070,16465,15070,11248,5336,13132,2939,9824,5571,13930,16469,12676,8095,3913,12073,5173,6606,6213,6220,1,150,8230,1,40:07
2024-25,1630590,Scotty Pippen Jr.,Scotty,1610612763,MEM,Memphis Grizzlies,0022400023,2024-11-19T00:00:00,MEM vs. DEN,L,25.47,7.1,15.5,0.455,0.0,2.8,0.0,8.5,14.1,0.6,4.2,4.2,8.5,8.5,1.4,1.4,1.4,0.0,1.4,8.5,22.6,-19.8,52.6,0,0,45.2,1,13222,1,13222,11611,8766,7764,12676,15070,18001,15070,1192,435,10343,3258,13004,7501,2436,13207,8829,5173,8846,17571,839,5771,21489,2567,2246,150,4145,1,25:28
2024-25,1641998,Trey Jemison III,Trey,1610612740,NOP,New Orleans Pelicans,0022400024,2024-11-19T00:00:00,NOP @ DAL,L,17.001666666666665,2.1,4.2,0.5,0.0,0.0,0.0,0.0,0.0,0.0,0.0,2.1,2.1,2.1,4.2,4.2,0.0,2.1,4.2,0.0,4.2,-29.6,18.4,0,0,16.9,1,13222,1,13222,18254,21212,23972,8526,15070,20945,15070,13505,14344,13505,14058,19314,21583,15940,3436,1430,8263,2871,6461,17725,22446,23684,21925,2246,150,22336,1,17:00
2024-25,1642262,Cody Williams,Cody,1610612762,UTA,Utah Jazz,0022400026,2024-11-19T00:00:00,UTA @ LAL,L,8.166666666666666,0.0,0.0,0.0,0.0,0.0,0.0,0.0,0.0,0.0,0.0,4.4,4.4,4.4,0.0,0.0,0.0,0.0,4.4,0.0,0.0,-26.4,11.9,0,0,8.8,1,13222,1,13222,22752,22635,24836,22635,15070,20945,15070,13505,14344,13505,14058,12502,16262,8852,16469,12854,8263,8846,5999,17725,23200,23122,24034,2246,150,24643,1,8:10
2024-25,1642349,Ajay Mitchell,Ajay,1610612760,OKC,Oklahoma City Thunder,0022400025,2024-11-19T00:00:00,OKC @ SAS,L,13.433333333333334,2.7,2.7,1.0,2.7,2.7,1.0,0.0,0.0,0.0,0.0,0.0,0.0,2.7,5.4,2.7,0.0,0.0,5.4,5.4,8.0,10.7,14.7,0,0,18.8,1,13222,1,13222,20517,20132,24595,1,7591,18295,1,13505,14344,13505,14058,22137,23286,13966,1943,3953,8263,8846,3910,3533,19887,7362,23268,2246,150,21507,1,13:26
2024-25,1641725,Trey Alexander,Trey,1610612743,DEN,Denver Nuggets,0022400023,2024-11-19T00:00:00,DEN @ MEM,W,9.45,0.0,11.4,0.0,0.0,3.8,0.0,0.0,0.0,0.0,0.0,0.0,0.0,3.8,0.0,0.0,0.0,0.0,3.8,0.0,0.0,-34.3,5.7,0,0,3.8,1,1,13086,1,22292,22635,14607,22635,15070,15978,15070,13505,14344,13505,14058,22137,23286,10470,16469,12854,8263,8846,7703,17725,23200,24335,24946,2246,150,25195,1,9:27
2024-25,1642268,Isaiah Collier,Isaiah,1610612762,UTA,Utah Jazz,0022400026,2024-11-19T00:00:00,UTA @ LAL,L,19.95,1.8,9.0,0.2,0.0,5.4,0.0,0.0,0.0,0.0,0.0,1.8,1.8,7.2,7.2,5.4,0.0,1.8,0.0,1.8,3.6,-21.7,25.6,0,0,23.5,1,13222,1,13222,16058,21747,18681,21401,15070,12175,15070,13505,14344,13505,14058,20232,22155,3731,810,675,8263,3887,20257,13917,22736,22005,17865,2246,150,18695,1,19:57
2024-25,1641794,Dillon Jones,Dillon,1610612760,OKC,Oklahoma City Thunder,0022400025,2024-11-19T00:00:00,OKC @ SAS,L,15.416666666666666,2.3,7.0,0.333,2.3,7.0,0.333,0.0,0.0,0.0,4.7,9.3,14.0,0.0,2.3,0.0,0.0,0.0,4.7,0.0,7.0,4.7,21.5,0,0,23.4,1,13222,1,13222,19296,20789,21555,17395,8721,8454,9209,13505,14344,13505,2719,3168,2232,19908,8922,12854,8263,8846,5360,17725,20721,10303,20423,2246,150,18766,1,15:25
2024-25,1641730,Noah Clowney,Noah,1610612751,BKN,Brooklyn Nets,0022400022,2024-11-19T00:00:00,BKN vs. CHA,W,13.506666666666666,5.3,18.7,0.286,2.7,10.7,0.25,0.0,0.0,0.0,2.7,5.3,8.0,0.0,0.0,0.0,0.0,5.3,2.7,0.0,13.3,-37.3,22.9,0,0,24.0,1,1,13086,1,20489,13465,4063,19630,7635,2822,11902,13505,14344,13505,6192,9954,8278,19908,16469,12854,8263,310,12183,17725,14718,24644,19609,2246,150,18336,1,13:30
2024-25,203552,Seth Curry,Seth,1610612766,CHA,Charlotte Hornets,0022400022,2024-11-19T00:00:00,CHA @ BKN,L,4.633333333333334,0.0,7.8,0.0,0.0,7.8,0.0,0.0,0.0,0.0,0.0,7.8,7.8,0.0,0.0,0.0,0.0,0.0,0.0,0.0,0.0,31.1,9.3,0,0,7.8,1,13222,1,13222,24166,22635,20565,22635,15070,6854,15070,13505,14344,13505,14058,5049,8672,19908,16469,12854,8263,8846,20257,17725,23200,1824,24519,2246,150,24793,1,4:38
2024-25,1629674,Neemias Queta,Neemias,1610612738,BOS,Boston Celtics,0022400021,2024-11-19T00:00:00,BOS vs. CLE,W,16.4,4.4,11.0,0.4,0.0,0.0,0.0,2.2,4.4,0.5,6.6,2.2,8.8,4.4,6.6,0.0,0.0,0.0,6.6,2.2,11.0,-32.9,21.5,0,0,24.1,1,1,13086,1,18654,16091,15398,14933,15070,20945,15070,9965,7046,10625,1338,19078,7057,8912,1085,12854,8263,8846,2328,12177,17200,24152,20402,2246,150,18236,1,16:24
2024-25,1631103,Malaki Branham,Malaki,1610612759,SAS,San Antonio Spurs,0022400025,2024-11-19T00:00:00,SAS vs. OKC,W,15.013333333333334,2.4,7.2,0.333,2.4,4.8,0.5,0.0,0.0,0.0,0.0,2.4,2.4,7.2,7.2,0.0,0.0,0.0,2.4,2.4,7.2,-21.6,13.7,0,0,19.2,1,1,13086,1,19556,20673,21324,17395,8498,13720,3944,13505,14344,13505,14058,18493,21012,3772,818,12854,8263,8846,13219,11362,20564,21987,23584,2246,150,21297,1,15:01
2024-25,1629003,Shake Milton,Shake,1610612751,BKN,Brooklyn Nets,0022400022,2024-11-19T00:00:00,BKN vs. CHA,W,18.35,5.9,9.8,0.6,2.0,3.9,0.5,0.0,2.0,0.0,2.0,0.0,2.0,5.9,0.0,0.0,0.0,0.0,0.0,2.0,13.7,-17.7,24.9,0,0,23.5,1,1,13086,1,17317,11843,17384,5394,10339,15728,3944,13505,12831,13505,8566,22137,21881,5696,16469,12854,8263,8846,20257,13265,14242,20825,18350,2246,150,18647,1,18:21
2024-25,1630182,Josh Green,Josh,1610612766,CHA,Charlotte Hornets,0022400022,2024-11-19T00:00:00,CHA @ BKN,L,25.92,1.4,5.6,0.25,1.4,2.8,0.5,0.0,0.0,0.0,1.4,4.2,5.6,1.4,4.2,0.0,0.0,1.4,2.8,1.4,4.2,-15.3,8.8,0,0,12.5,1,13222,1,13222,11229,22304,23039,20233,12490,18112,3944,13505,14344,13505,10802,13221,13409,18381,3554,12854,8263,5221,11737,15505,22480,20005,24609,2246,150,23869,1,25:55
2024-25,203939,Dwight Powell,Dwight,1610612742,DAL,Dallas Mavericks,0022400024,2024-11-19T00:00:00,DAL vs. NOP,W,6.166666666666667,0.0,0.0,0.0,0.0,0.0,0.0,11.7,11.7,1.0,0.0,0.0,0.0,0.0,5.8,5.8,5.8,0.0,0.0,11.7,11.7,35.0,40.9,0,0,35.0,1,1,13086,1,23530,22635,24836,22635,15070,20945,15070,377,843,1,14058,22137,23286,19908,1516,519,341,8846,20257,220,16488,1397,7245,2246,150,10070,1,6:10
2024-25,1628379,Luke Kennard,Luke,1610612763,MEM,Memphis Grizzlies,0022400023,2024-11-19T00:00:00,MEM vs. DEN,L,23.663333333333334,3.0,9.1,0.333,1.5,6.1,0.25,1.5,3.0,0.5,0.0,1.5,1.5,4.6,3.0,1.5,0.0,0.0,0.0,0.0,9.1,21.3,19.3,0,0,19.8,1,13222,1,13222,13183,19334,18513,17395,11958,10477,11902,11750,9865,10625,14058,20830,22545,8498,6301,8319,8263,8846,20257,17725,18968,3622,21491,2246,150,20996,1,23:40
2024-25,1631255,Karlo Matković,Karlo,1610612740,NOP,New Orleans Pelicans,0022400024,2024-11-19T00:00:00,NOP @ DAL,L,7.066666666666666,0.0,0.0,0.0,0.0,0.0,0.0,0.0,0.0,0.0,0.0,0.0,0.0,0.0,5.1,0.0,0.0,0.0,15.3,0.0,0.0,-35.7,-5.1,0,0,0.0,1,13222,1,13222,23140,22635,24836,22635,15070,20945,15070,13505,14344,13505,14058,22137,23286,19908,2227,12854,8263,8846,233,17725,23200,24479,26173,2246,150,25259,1,7:04
2024-25,1630192,Zeke Nnaji,Zeke,1610612743,DEN,Denver Nuggets,0022400023,2024-11-19T00:00:00,DEN @ MEM,W,5.533333333333333,6.5,13.0,0.5,0.0,6.5,0.0,0.0,0.0,0.0,0.0,0.0,0.0,0.0,0.0,0.0,0.0,0.0,0.0,0.0,13.0,-45.5,13.0,0,0,13.0,1,1,13086,1,23768,10175,11829,8526,15070,9531,15070,13505,14344,13505,14058,22137,23286,19908,16469,12854,8263,8846,20257,17725,15075,25206,23769,2246,150,23709,1,5:32
2024-25,1631132,Christian Koloko,Christian,1610612747,LAL,Los Angeles Lakers,0022400026,2024-11-19T00:00:00,LAL vs. UTA,W,14.133333333333333,2.5,2.5,1.0,0.0,0.0,0.0,0.0,0.0,0.0,2.5,5.1,7.6,0.0,2.5,0.0,0.0,0.0,2.5,0.0,5.1,5.1,11.7,0,0,12.7,1,1,13086,1,20122,20373,24630,1,15070,20945,15070,13505,14344,13505,6476,10585,8893,19908,8053,12854,8263,8846,12609,17725,21956,10058,24078,2246,150,23793,1,14:08
2024-25,1631108,Max Christie,Max,1610612747,LAL,Los Angeles Lakers,0022400026,2024-11-19T00:00:00,LAL vs. UTA,W,16.80666666666667,0.0,2.1,0.0,0.0,0.0,0.0,2.1,4.3,0.5,0.0,0.0,0.0,0.0,4.3,4.3,4.3,0.0,4.3,2.1,2.1,-2.1,23.6,0,0,19.3,1,1,13086,1,18382,22635,24735,22635,15070,20945,15070,10158,7243,10625,14058,22137,23286,19908,3355,1387,763,8846,6330,12432,23143,14122,19224,2246,150,21258,1,16:48
2024-25,1630573,Sam Hauser,Sam,1610612738,BOS,Boston Celtics,0022400021,2024-11-19T00:00:00,BOS vs. CLE,W,21.016666666666666,1.7,5.1,0.333,0.0,3.4,0.0,0.0,0.0,0.0,0.0,5.1,5.1,3.4,0.0,0.0,0.0,0.0,0.0,1.7,3.4,-22.3,14.7,0,0,12.0,1,1,13086,1,15282,21886,23367,17395,15070,16817,15070,13505,14344,13505,14058,10452,14423,11613,16469,12854,8263,8846,20257,14225,22798,22150,23271,2246,150,23979,1,21:01
2024-25,1629723,John Konchar,John,1610612763,MEM,Memphis Grizzlies,0022400023,2024-11-19T00:00:00,MEM vs. DEN,L,11.233333333333333,0.0,6.4,0.0,0.0,6.4,0.0,0.0,0.0,0.0,3.2,3.2,6.4,0.0,3.2,6.4,0.0,0.0,3.2,0.0,0.0,19.2,23.7,0,0,19.2,1,13222,1,13222,21610,22635,22191,22635,15070,9726,15070,13505,14344,13505,4929,16063,11368,19908,5809,393,8263,8846,9839,17725,23200,4196,19148,2246,150,21277,1,11:14
2024-25,1631172,Ousmane Dieng,Ousmane,1610612760,OKC,Oklahoma City Thunder,0022400025,2024-11-19T00:00:00,OKC @ SAS,L,3.05,0.0,0.0,0.0,0.0,0.0,0.0,0.0,0.0,0.0,0.0,11.8,11.8,0.0,0.0,0.0,0.0,0.0,0.0,0.0,0.0,23.6,14.2,0,0,11.8,1,13222,1,13222,24957,22635,24836,22635,15070,20945,15070,13505,14344,13505,14058,1465,3657,19908,16469,12854,8263,8846,20257,17725,23200,3123,23443,2246,150,24028,1,3:03
2024-25,1630577,Julian Champagnie,Julian,1610612759,SAS,San Antonio Spurs,0022400025,2024-11-19T00:00:00,SAS vs. OKC,W,28.145,6.4,14.1,0.455,2.6,9.0,0.286,0.0,0.0,0.0,2.6,6.4,9.0,0.0,3.8,2.6,1.3,0.0,2.6,0.0,15.3,-6.4,33.8,0,0,34.5,1,1,13086,1,9428,10461,10061,12676,7949,4895,11433,13505,14344,13505,6455,7516,6817,19908,4213,4234,5741,8846,12573,17725,12571,16244,11997,2246,150,10419,1,28:09
2024-25,1629669,Jaylen Nowell,Jaylen,1610612740,NOP,New Orleans Pelicans,0022400024,2024-11-19T00:00:00,NOP @ DAL,L,21.106666666666666,3.4,15.4,0.222,0.0,5.1,0.0,0.0,0.0,0.0,0.0,0.0,0.0,6.8,5.1,0.0,3.4,0.0,8.5,0.0,6.8,-52.9,22.2,0,0,20.5,1,13222,1,13222,15225,18520,8034,21205,15070,12912,15070,13505,14344,13505,14058,22137,23286,4261,2206,12854,1297,8846,1126,17725,20848,25508,20040,2246,150,20597,1,21:06
2024-25,1630570,Trendon Watford,Trendon,1610612751,BKN,Brooklyn Nets,0022400022,2024-11-19T00:00:00,BKN vs. CHA,W,19.05,5.7,11.3,0.5,0.0,1.9,0.0,7.6,9.4,0.8,0.0,7.6,7.6,1.9,0.0,1.9,3.8,1.9,1.9,7.6,18.9,15.1,47.8,0,0,39.7,1,1,13086,1,16782,12509,14765,8526,15070,19757,15070,1632,1638,7681,14058,5392,9049,16790,16469,6811,1044,3591,15746,1291,8949,5579,4043,2246,150,6958,1,19:03
2024-25,1641854,Craig Porter Jr.,Craig,1610612739,CLE,Cleveland Cavaliers,0022400021,2024-11-19T00:00:00,CLE @ BOS,L,25.4,8.5,11.3,0.75,4.3,4.3,1.0,0.0,0.0,0.0,0.0,4.3,4.3,4.3,0.0,0.0,0.0,0.0,1.4,0.0,21.3,17.0,32.7,0,0,34.0,1,13222,1,13222,11651,5605,14762,2107,3477,15008,1,13505,14344,13505,14058,12960,16672,9245,16469,12854,8263,8846,17553,17725,6869,4904,12769,2246,150,10833,1,25:24
2024-25,1630314,Brandon Williams,Brandon,1610612742,DAL,Dallas Mavericks,0022400024,2024-11-19T00:00:00,DAL vs. NOP,W,2.6333333333333333,0.0,0.0,0.0,0.0,0.0,0.0,0.0,0.0,0.0,0.0,0.0,0.0,0.0,0.0,0.0,0.0,0.0,0.0,0.0,0.0,0.0,0.0,0,0,0.0,1,1,13086,1,25160,22635,24836,22635,15070,20945,15070,13505,14344,13505,14058,22137,23286,19908,16469,12854,8263,8846,20257,17725,23200,12240,25228,2246,150,25259,1,2:38
2024-25,1630200,Tre Jones,Tre,1610612759,SAS,San Antonio Spurs,0022400025,2024-11-19T00:00:00,SAS vs. OKC,W,17.133333333333333,2.1,6.3,0.333,2.1,4.2,0.5,0.0,0.0,0.0,0.0,2.1,2.1,2.1,4.2,0.0,0.0,0.0,4.2,0.0,6.3,23.1,7.8,0,0,12.6,1,1,13086,1,18175,21232,22315,17395,9676,15112,3944,13505,14344,13505,14058,19356,21607,15993,3494,12854,8263,8846,6544,17725,21183,3237,24725,2246,150,23836,1,17:08
2024-25,1629629,Cam Reddish,Cam,1610612747,LAL,Los Angeles Lakers,0022400026,2024-11-19T00:00:00,LAL vs. UTA,W,25.223333333333333,1.4,1.4,1.0,0.0,0.0,0.0,2.9,2.9,1.0,0.0,2.9,2.9,0.0,0.0,2.9,2.9,0.0,1.4,1.4,5.7,-2.9,26.3,0,0,20.0,1,1,13086,1,11817,22259,24823,1,15070,20945,15070,8204,10347,1,14058,17227,20105,19908,16469,3539,1872,8846,17518,15336,21587,14486,17437,2246,150,20874,1,25:13
2024-25,1627742,Brandon Ingram,Brandon,1610612740,NOP,New Orleans Pelicans,0022400024,2024-11-19T00:00:00,NOP @ DAL,L,33.14333333333333,6.5,16.3,0.4,2.2,4.3,0.5,3.3,4.3,0.75,0.0,5.4,5.4,4.3,5.4,0.0,0.0,2.2,3.3,3.3,18.5,-19.6,26.1,0,0,30.4,1,13222,1,13222,5040,10149,6701,14933,9356,14810,3944,7187,7120,8186,14058,9715,13730,9023,1873,12854,8263,2711,9621,8384,9349,21413,17572,2246,150,13625,1,33:09
2024-25,1628401,Derrick White,Derrick,1610612738,BOS,Boston Celtics,0022400021,2024-11-19T00:00:00,BOS vs. CLE,W,42.35,6.0,10.2,0.583,3.4,6.0,0.571,0.9,0.9,1.0,1.7,3.4,5.1,4.3,0.9,0.0,0.9,0.9,0.9,2.6,16.2,14.5,30.3,0,0,30.6,1,1,13086,1,220,11661,16731,6296,5380,10814,3506,13482,14335,1,9579,15522,14517,9252,16422,12854,8187,8771,20210,10795,11773,5842,14538,2246,150,13480,1,42:21
2024-25,1630559,Austin Reaves,Austin,1610612747,LAL,Los Angeles Lakers,0022400026,2024-11-19T00:00:00,LAL vs. UTA,W,33.36666666666667,6.5,15.1,0.429,3.2,7.6,0.429,2.2,2.2,1.0,0.0,0.0,0.0,5.4,3.2,0.0,0.0,0.0,1.1,2.2,18.3,4.3,23.2,0,0,27.0,1,1,13086,1,4841,10251,8412,13735,5856,7266,7394,10089,12222,1,14058,22137,23286,6645,5710,12854,8263,8846,19220,12356,9476,10471,19436,2246,150,16171,1,33:22
2024-25,1631128,Christian Braun,Christian,1610612743,DEN,Denver Nuggets,0022400023,2024-11-19T00:00:00,DEN @ MEM,W,34.03333333333333,7.4,12.7,0.583,0.0,2.1,0.0,5.3,6.3,0.833,2.1,5.3,7.4,2.1,2.1,3.2,0.0,2.1,4.2,4.2,20.1,23.3,39.6,0,0,36.0,1,1,13086,1,4225,8001,12396,6296,15070,19344,15070,3671,4071,7275,7901,10056,9363,15946,9927,2794,8263,2877,6467,5759,7840,3203,8037,2246,150,9403,1,34:02
2024-25,1631217,Moussa Diabaté,Moussa,1610612766,CHA,Charlotte Hornets,0022400022,2024-11-19T00:00:00,CHA @ BKN,L,15.616666666666667,0.0,4.6,0.0,0.0,0.0,0.0,0.0,0.0,0.0,4.6,11.5,16.1,0.0,0.0,0.0,2.3,0.0,2.3,4.6,0.0,18.4,26.3,0,0,20.7,1,13222,1,13222,19188,22635,23737,22635,15070,20945,15070,13505,14344,13505,2785,1615,1380,19908,16469,12854,2734,8846,13621,4918,23200,4426,17426,2246,150,20438,1,15:37
2024-25,1630548,Johnny Juzang,Johnny,1610612762,UTA,Utah Jazz,0022400026,2024-11-19T00:00:00,UTA @ LAL,L,15.416666666666666,7.0,18.7,0.375,2.3,11.7,0.2,0.0,0.0,0.0,4.7,7.0,11.7,0.0,0.0,0.0,0.0,0.0,9.3,2.3,16.3,30.4,30.4,0,0,30.4,1,13222,1,13222,19296,8918,4040,16299,8721,1981,13429,13505,14344,13505,2719,6349,3779,19908,16469,12854,8263,8846,857,11606,11558,1925,14532,2246,150,13669,1,15:25
2024-25,1641717,Cason Wallace,Cason,1610612760,OKC,Oklahoma City Thunder,0022400025,2024-11-19T00:00:00,OKC @ SAS,L,33.7,5.3,8.5,0.625,3.2,5.3,0.6,0.0,0.0,0.0,1.1,2.1,3.2,7.5,0.0,0.0,1.1,0.0,2.1,1.1,13.9,-2.1,32.2,0,0,29.9,1,13222,1,13222,4549,13433,19423,4899,5941,12348,2992,13505,14344,13505,12727,19249,19221,3427,16469,12854,6996,8846,14422,17071,14062,14117,13214,2246,150,14015,1,33:42
2024-25,1630230,Naji Marshall,Naji,1610612742,DAL,Dallas Mavericks,0022400024,2024-11-19T00:00:00,DAL vs. NOP,W,20.333333333333332,8.9,14.2,0.625,0.0,3.5,0.0,8.9,10.6,0.833,0.0,0.0,0.0,5.3,1.8,5.3,0.0,0.0,7.1,5.3,26.6,47.8,48.7,0,0,42.5,1,1,13086,1,15758,4963,9888,4899,15070,16566,15070,1057,1142,7275,14058,22137,23286,6797,11669,735,8263,8846,1907,3613,3402,615,3748,2246,150,5406,1,20:20
2024-25,1627759,Jaylen Brown,Jaylen,1610612738,BOS,Boston Celtics,0022400021,2024-11-19T00:00:00,BOS vs. CLE,W,37.35,6.7,16.4,0.412,1.9,6.7,0.286,1.0,1.9,0.5,0.0,2.9,2.9,7.7,3.9,1.0,0.0,0.0,4.8,1.9,16.4,16.4,30.5,0,0,30.8,1,1,13086,1,1768,9578,6565,14791,10513,9027,11433,13337,12913,10625,14058,17110,20015,3177,4178,12245,8263,8846,5012,13414,11515,5115,14447,2246,150,13302,1,37:21
2024-25,1630596,Evan Mobley,Evan,1610612739,CLE,Cleveland Cavaliers,0022400021,2024-11-19T00:00:00,CLE @ BOS,L,38.016666666666666,7.6,12.3,0.615,0.9,2.8,0.333,4.7,4.7,1.0,5.7,4.7,10.4,5.7,2.8,0.9,0.9,0.0,0.9,3.8,20.8,-4.7,44.7,1,0,41.7,1,13222,1,13222,1375,7576,13056,5246,14804,17976,9209,4452,6420,1,1824,11604,4990,6076,7058,12373,7848,8846,19980,6877,7213,15439,5332,1,150,5813,1,38:01
2024-25,1641726,Dereck Lively II,Dereck,1610612742,DAL,Dallas Mavericks,0022400024,2024-11-19T00:00:00,DAL vs. NOP,W,21.316666666666666,6.8,8.4,0.8,0.0,0.0,0.0,1.7,3.4,0.5,5.1,6.8,11.8,5.1,1.7,1.7,0.0,0.0,0.0,3.4,15.2,33.8,40.4,0,0,35.5,1,1,13086,1,15054,9545,19580,1688,15070,20945,15070,11440,9147,10625,2308,6781,3640,7319,11964,7655,8263,8846,20257,8025,12710,1529,7532,2246,150,9752,1,21:19
2024-25,1629655,Daniel Gafford,Daniel,1610612742,DAL,Dallas Mavericks,0022400024,2024-11-19T00:00:00,DAL vs. NOP,W,20.19,8.9,12.5,0.714,0.0,0.0,0.0,1.8,1.8,1.0,5.3,5.3,10.7,0.0,3.6,0.0,0.0,1.8,1.8,3.6,19.6,21.4,28.9,0,0,30.3,1,1,13086,1,15873,4865,12762,2752,15070,20945,15070,11277,13210,1,2043,9904,4702,19908,4860,12854,8263,3946,16259,7492,8246,3599,15564,2246,150,13707,1,20:11
2024-25,1629634,Brandon Clarke,Brandon,1610612763,MEM,Memphis Grizzlies,0022400023,2024-11-19T00:00:00,MEM vs. DEN,L,21.385,6.7,11.8,0.571,0.0,1.7,0.0,3.4,3.4,1.0,5.1,1.7,6.7,3.4,1.7,1.7,0.0,0.0,5.1,6.7,16.8,-30.3,33.3,0,0,30.3,1,13222,1,13222,15004,9613,13971,6538,15070,20068,15070,6971,9170,1,2326,20500,10667,11773,11990,7674,8263,8846,4497,1875,11022,23785,12323,2246,150,13716,1,21:23
2024-25,203903,Jordan Clarkson,Jordan,1610612762,UTA,Utah Jazz,0022400026,2024-11-19T00:00:00,UTA @ LAL,L,25.633333333333333,8.4,21.1,0.4,1.4,7.0,0.2,7.0,7.0,1.0,0.0,5.6,5.6,2.8,0.0,0.0,0.0,0.0,2.8,4.2,25.3,-1.4,36.2,0,0,35.1,1,13222,1,13222,11458,5751,2300,14933,12434,8421,13429,1996,3349,1,14058,9269,13245,13555,16469,12854,8263,8846,11605,5804,4069,13757,10214,2246,150,10021,1,25:38
2024-25,1641745,Adam Flagler,Adam,1610612760,OKC,Oklahoma City Thunder,0022400025,2024-11-19T00:00:00,OKC @ SAS,L,10.516666666666667,3.4,27.4,0.125,3.4,24.0,0.143,0.0,0.0,0.0,3.4,3.4,6.8,0.0,0.0,3.4,0.0,0.0,3.4,0.0,10.3,20.5,28.8,0,0,27.4,1,13222,1,13222,21908,18488,455,22420,5327,126,14649,13505,14344,13505,4496,15451,10435,19908,16469,2341,8263,8846,8988,17725,17888,3800,15676,2246,150,15880,1,10:31
2024-25,1630572,Sandro Mamukelashvili,Sandro,1610612759,SAS,San Antonio Spurs,0022400025,2024-11-19T00:00:00,SAS vs. OKC,W,4.966666666666667,7.2,14.5,0.5,0.0,0.0,0.0,0.0,0.0,0.0,0.0,7.2,7.2,0.0,0.0,0.0,0.0,0.0,7.2,0.0,14.5,-14.5,23.2,0,0,21.7,1,1,13086,1,24003,8338,9359,8526,15070,20945,15070,13505,14344,13505,14058,5909,9654,19908,16469,12854,8263,8846,1801,17725,13412,19704,19439,2246,150,19816,1,4:58
2024-25,1629656,Quentin Grimes,Quentin,1610612742,DAL,Dallas Mavericks,0022400024,2024-11-19T00:00:00,DAL vs. NOP,W,23.19333333333333,7.8,14.0,0.556,3.1,4.7,0.667,0.0,0.0,0.0,3.1,9.3,12.4,4.7,0.0,0.0,1.6,0.0,4.7,1.6,18.6,32.6,45.2,0,0,41.9,1,1,13086,1,13564,7146,10213,7248,6206,14065,1957,13505,14344,13505,5128,3191,3181,8286,16469,12854,4702,8846,5393,14796,9182,1671,5095,2246,150,5695,1,23:12
2024-25,1629684,Grant Williams,Grant,1610612766,CHA,Charlotte Hornets,0022400022,2024-11-19T00:00:00,CHA @ BKN,L,33.36666666666667,5.4,8.6,0.625,0.0,0.0,0.0,6.5,6.5,1.0,4.3,3.2,7.6,4.3,3.2,0.0,3.2,2.2,1.1,5.4,17.3,-12.9,39.3,0,0,35.6,1,13222,1,13222,4841,13288,19297,4899,15070,20945,15070,2421,3908,1,3138,15977,9062,9085,5710,12854,1438,2744,19220,3490,10561,19109,8210,2246,150,9659,1,33:22
2024-25,1627732,Ben Simmons,Ben,1610612751,BKN,Brooklyn Nets,0022400022,2024-11-19T00:00:00,BKN vs. CHA,W,25.8,7.0,11.2,0.625,0.0,0.0,0.0,0.0,0.0,0.0,5.6,7.0,12.6,7.0,4.2,2.8,1.4,0.0,2.8,2.8,14.0,19.5,47.9,0,0,41.9,1,1,13086,1,11331,8988,15081,4899,15070,20945,15070,13505,14344,13505,1892,6400,3090,4030,3527,3710,5247,8846,11679,9994,13984,4096,4021,2246,150,5723,1,25:48
2024-25,1627827,Dorian Finney-Smith,Dorian,1610612751,BKN,Brooklyn Nets,0022400022,2024-11-19T00:00:00,BKN vs. CHA,W,27.276666666666667,6.6,7.9,0.833,5.3,6.6,0.8,1.3,2.6,0.5,1.3,2.6,4.0,4.0,1.3,1.3,0.0,0.0,4.0,2.6,19.8,22.4,33.1,0,0,35.6,1,1,13086,1,10127,9932,20389,1514,1970,9322,1389,12248,10885,10625,11102,17854,17416,10044,13714,9354,8263,8846,7257,10514,8076,3376,12490,2246,150,9640,1,27:17
2024-25,1630163,LaMelo Ball,LaMelo,1610612766,CHA,Charlotte Hornets,0022400022,2024-11-19T00:00:00,CHA @ BKN,L,23.95,4.5,19.5,0.231,4.5,12.0,0.375,4.5,4.5,1.0,1.5,1.5,3.0,7.5,6.0,1.5,0.0,0.0,6.0,6.0,18.0,-15.0,31.4,0,0,36.1,1,13222,1,13222,12946,15747,3319,21157,3051,1766,8800,4818,6824,1,10304,20866,19709,3377,1371,8393,8263,8846,2925,2607,9799,19916,13735,2246,150,9316,1,23:57
2024-25,1630217,Desmond Bane,Desmond,1610612763,MEM,Memphis Grizzlies,0022400023,2024-11-19T00:00:00,MEM vs. DEN,L,29.401666666666667,1.2,12.2,0.1,0.0,6.1,0.0,3.7,6.1,0.6,0.0,6.1,6.1,6.1,2.4,1.2,0.0,1.2,6.1,3.7,6.1,-29.4,23.9,0,0,20.8,1,13222,1,13222,8306,22474,13186,22561,15070,10383,15070,6348,4320,10343,14058,8050,11987,5292,8460,9983,8263,6102,2797,7207,21304,23640,19036,2246,150,20395,1,29:24
2024-25,1630553,Keon Johnson,Keon,1610612751,BKN,Brooklyn Nets,0022400022,2024-11-19T00:00:00,BKN vs. CHA,W,10.35,0.0,10.4,0.0,0.0,7.0,0.0,0.0,0.0,0.0,3.5,7.0,10.4,3.5,3.5,0.0,0.0,3.5,7.0,0.0,0.0,-55.7,14.3,0,0,13.9,1,1,13086,1,21984,22635,16325,22635,15070,8552,15070,13505,14344,13505,4406,6435,4972,11456,5061,12854,8263,932,2010,17725,23200,25582,23412,2246,150,23443,1,10:21
2024-25,203967,Dario Šarić,Dario,1610612743,DEN,Denver Nuggets,0022400023,2024-11-19T00:00:00,DEN @ MEM,W,18.333333333333332,3.9,11.8,0.333,3.9,7.9,0.5,3.9,3.9,1.0,0.0,9.8,9.8,2.0,5.9,3.9,0.0,2.0,9.8,5.9,15.7,19.6,36.3,0,0,39.3,1,1,13086,1,17330,17256,13973,17395,4140,6698,3944,5826,7992,1,14058,2713,5646,16499,1463,1707,8263,3341,743,2756,12212,4056,10135,2246,150,7211,1,18:20
2024-25,1630702,Jaden Hardy,Jaden,1610612742,DAL,Dallas Mavericks,0022400024,2024-11-19T00:00:00,DAL vs. NOP,W,19.333333333333332,7.4,22.3,0.333,0.0,3.7,0.0,5.6,5.6,1.0,0.0,3.7,3.7,5.6,1.9,0.0,0.0,5.6,1.9,3.7,20.5,24.2,31.5,0,0,29.8,1,1,13086,1,16552,7887,1653,17395,15070,16152,15070,3329,5062,1,14058,14551,18004,6278,11262,12854,8263,268,15878,7071,7511,2981,13694,2246,150,14103,1,19:20
2024-25,1629636,Darius Garland,Darius,1610612739,CLE,Cleveland Cavaliers,0022400021,2024-11-19T00:00:00,CLE @ BOS,L,31.066666666666666,3.5,24.3,0.143,0.0,7.0,0.0,2.3,2.3,1.0,0.0,2.3,2.3,8.1,2.3,1.2,1.2,3.5,0.0,2.3,9.3,-10.4,28.9,0,0,24.3,1,13222,1,13222,6822,18375,965,22260,15070,8561,15070,9563,11725,1,14058,18711,21159,2776,8995,10510,6428,936,20257,11669,18835,18076,15594,2246,150,18116,1,31:04
2024-25,1629023,P.J. Washington,P.J.,1610612742,DAL,Dallas Mavericks,0022400024,2024-11-19T00:00:00,DAL vs. NOP,W,25.29,2.8,12.8,0.222,0.0,2.8,0.0,0.0,0.0,0.0,2.8,5.7,8.5,1.4,1.4,1.4,2.8,0.0,5.7,2.8,5.7,5.7,29.5,0,0,24.2,1,1,13086,1,11755,19782,12185,21205,15070,17968,15070,13505,14344,13505,5739,9064,7415,18259,13152,8785,1881,8846,3398,9790,21598,9761,15172,2246,150,18207,1,25:17
2024-25,1628386,Jarrett Allen,Jarrett,1610612739,CLE,Cleveland Cavaliers,0022400021,2024-11-19T00:00:00,CLE @ BOS,L,28.308333333333334,6.4,7.6,0.833,0.0,0.0,0.0,0.0,0.0,0.0,3.8,10.2,14.0,2.5,0.0,1.3,0.0,0.0,1.3,3.8,12.7,-20.3,37.1,1,0,31.8,1,13222,1,13222,9297,10543,20743,1514,15070,20945,15070,13505,14344,13505,3863,2444,2243,14389,16469,9640,8263,8846,18161,6811,15368,21647,9599,1,150,12548,1,28:19
2024-25,1629012,Collin Sexton,Collin,1610612762,UTA,Utah Jazz,0022400026,2024-11-19T00:00:00,UTA @ LAL,L,32.083333333333336,6.7,13.5,0.5,2.2,4.5,0.5,5.6,5.6,1.0,1.1,0.0,1.1,4.5,3.4,1.1,0.0,1.1,1.1,3.4,21.3,5.6,29.4,0,0,31.4,1,13222,1,13222,5901,9617,11060,8526,9075,14473,3944,3306,5036,1,12316,22137,23049,8687,5318,10849,8263,6857,18980,8055,6804,9790,15216,2246,150,12845,1,32:05
2024-25,1629026,Kenrich Williams,Kenrich,1610612760,OKC,Oklahoma City Thunder,0022400025,2024-11-19T00:00:00,OKC @ SAS,L,14.366666666666667,5.0,12.5,0.4,0.0,7.5,0.0,0.0,0.0,0.0,0.0,5.0,5.0,0.0,0.0,0.0,0.0,0.0,2.5,0.0,10.0,-40.1,16.0,0,0,15.0,1,13222,1,13222,19961,14354,12688,14933,15070,7363,15070,13505,14344,13505,14058,10852,14766,19908,16469,12854,8263,8846,12777,17725,18141,24845,22840,2246,150,23051,1,14:22
2024-25,1631124,Julian Strawther,Julian,1610612743,DEN,Denver Nuggets,0022400023,2024-11-19T00:00:00,DEN @ MEM,W,20.415,3.5,12.3,0.286,1.8,7.1,0.25,1.8,3.5,0.5,0.0,8.8,8.8,0.0,0.0,3.5,1.8,0.0,5.3,5.3,10.6,-10.6,37.0,0,0,31.7,1,1,13086,1,15708,18260,12990,19630,11209,8353,11902,11307,8838,10625,14058,3697,6988,19908,16469,2209,4135,8846,4041,3645,17584,18139,9674,2246,150,12589,1,20:25
2024-25,1628427,Vlatko Čančar,Vlatko,1610612743,DEN,Denver Nuggets,0022400023,2024-11-19T00:00:00,DEN @ MEM,W,11.383333333333333,6.3,9.5,0.667,3.2,3.2,1.0,0.0,0.0,0.0,3.2,9.5,12.7,0.0,3.2,0.0,0.0,3.2,3.2,0.0,15.8,19.0,27.8,0,0,31.6,1,1,13086,1,21541,10636,17972,3281,6051,17337,1,13505,14344,13505,5017,3030,3031,19908,5940,12854,8263,1183,10030,17725,12110,4266,16346,2246,150,12686,1,11:23
2024-25,101108,Chris Paul,Chris,1610612759,SAS,San Antonio Spurs,0022400025,2024-11-19T00:00:00,SAS vs. OKC,W,31.283333333333335,5.8,11.5,0.5,4.6,8.1,0.571,0.0,0.0,0.0,0.0,5.8,5.8,12.7,4.6,0.0,0.0,0.0,2.3,0.0,16.1,-8.1,37.4,1,0,39.1,1,1,13086,1,6630,12257,14456,8526,2884,6356,3506,13505,14344,13505,14058,8907,12896,592,2843,12854,8263,8846,13636,17725,11807,16998,9408,1,150,7309,1,31:17
2024-25,202681,Kyrie Irving,Kyrie,1610612742,DAL,Dallas Mavericks,0022400024,2024-11-19T00:00:00,DAL vs. NOP,W,27.31,7.9,14.5,0.545,5.3,6.6,0.8,2.6,2.6,1.0,1.3,0.0,1.3,9.2,1.3,0.0,0.0,0.0,1.3,1.3,23.7,36.9,37.8,0,0,39.5,1,1,13086,1,10096,6831,9356,7695,1974,9340,1389,8726,10895,1,11113,22137,22796,1852,13724,12854,8263,8846,17965,15816,4970,1208,9139,2246,150,7041,1,27:19
2024-25,201950,Jrue Holiday,Jrue,1610612738,BOS,Boston Celtics,0022400021,2024-11-19T00:00:00,BOS vs. CLE,W,27.933333333333334,5.2,9.0,0.571,3.9,5.2,0.75,0.0,0.0,0.0,1.3,5.2,6.4,5.2,1.3,0.0,0.0,1.3,2.6,0.0,14.2,3.9,28.4,0,0,29.6,1,1,13086,1,9595,13938,18686,6538,4281,12811,1542,13505,14344,13505,11247,10405,11293,7122,13858,12854,8263,5708,12501,17725,13754,10719,15960,2246,150,14215,1,27:56
2024-25,1629660,Ty Jerome,Ty,1610612739,CLE,Cleveland Cavaliers,0022400021,2024-11-19T00:00:00,CLE @ BOS,L,28.4,5.1,6.3,0.8,0.0,0.0,0.0,2.5,2.5,1.0,0.0,1.3,1.3,6.3,1.3,1.3,0.0,0.0,3.8,1.3,12.7,15.2,26.2,0,0,22.8,1,13222,1,13222,9212,14176,22277,1688,15070,20945,15070,8946,11115,1,14058,21346,22853,4964,13987,9672,8263,8846,7726,16045,15417,5537,17451,2246,150,19128,1,28:24
2024-25,1630643,Jay Huff,Jay,1610612763,MEM,Memphis Grizzlies,0022400023,2024-11-19T00:00:00,MEM vs. DEN,L,12.648333333333333,5.7,14.2,0.4,2.8,8.5,0.333,2.8,5.7,0.5,2.8,0.0,2.8,0.0,0.0,0.0,0.0,0.0,8.5,2.8,17.1,2.8,20.5,0,0,22.8,1,13222,1,13222,20925,12442,9784,14933,7061,5515,9209,8226,4901,10625,5742,22137,20127,19908,16469,12854,8263,8846,1121,9792,10774,11198,20951,2246,150,19156,1,12:39
2024-25,1642274,Yves Missi,Yves,1610612740,NOP,New Orleans Pelicans,0022400024,2024-11-19T00:00:00,NOP @ DAL,L,22.95,1.6,4.7,0.333,0.0,0.0,0.0,1.6,3.1,0.5,4.7,9.4,14.1,6.3,3.1,1.6,1.6,0.0,6.3,1.6,4.7,-32.9,37.3,0,0,31.4,1,13222,1,13222,13753,22080,23677,17395,15070,20945,15070,11650,9632,10625,2668,3099,2178,5058,6025,8112,4648,8846,2630,14731,22184,24154,9449,2246,150,12877,1,22:57
2024-25,203084,Harrison Barnes,Harrison,1610612759,SAS,San Antonio Spurs,0022400025,2024-11-19T00:00:00,SAS vs. OKC,W,32.016666666666666,6.7,14.6,0.462,3.4,7.9,0.429,5.6,9.0,0.625,2.2,6.7,9.0,2.2,0.0,1.1,0.0,1.1,0.0,4.5,22.5,19.1,40.0,0,0,39.4,1,1,13086,1,5953,9580,9174,12428,5448,6670,7394,3293,1874,10271,7427,6799,6755,15441,16469,10829,8263,6841,20257,5152,5858,4223,7746,2246,150,7159,1,32:01
2024-25,1629652,Luguentz Dort,Luguentz,1610612760,OKC,Oklahoma City Thunder,0022400025,2024-11-19T00:00:00,OKC @ SAS,L,32.45,2.2,13.3,0.167,2.2,8.9,0.25,0.0,0.0,0.0,6.7,6.7,13.3,2.2,2.2,2.2,1.1,1.1,2.2,0.0,6.7,3.3,33.7,0,0,31.1,1,13222,1,13222,5597,20999,11281,21938,9169,4995,11902,13505,14344,13505,1299,6987,2595,15559,9436,5322,6728,6972,14015,17725,20959,10958,12027,2246,150,13110,1,32:27
2024-25,1627777,Georges Niang,Georges,1610612739,CLE,Cleveland Cavaliers,0022400021,2024-11-19T00:00:00,CLE @ BOS,L,29.616666666666667,6.1,9.7,0.625,1.2,3.6,0.333,0.0,0.0,0.0,2.4,2.4,4.9,3.6,0.0,0.0,0.0,1.2,4.9,2.4,13.4,18.2,24.7,0,0,23.1,1,13222,1,13222,8126,11286,17528,4899,13282,16333,9209,13505,14344,13505,6835,18389,15151,10946,16469,12854,8263,6151,4921,11222,14657,4480,18506,2246,150,18945,1,29:37
2024-25,1630241,Sam Merrill,Sam,1610612739,CLE,Cleveland Cavaliers,0022400021,2024-11-19T00:00:00,CLE @ BOS,L,19.041666666666668,3.8,5.7,0.667,3.8,5.7,0.667,0.0,0.0,0.0,0.0,1.9,1.9,1.9,0.0,0.0,1.9,0.0,1.9,0.0,11.3,-18.9,22.1,0,0,22.7,1,13222,1,13222,16792,17618,22928,3281,4499,11522,1957,13505,14344,13505,14058,20002,22017,16787,16469,12854,3791,8846,15740,17725,16847,21215,20070,2246,150,19224,1,19:03
2024-25,1629661,Cameron Johnson,Cameron,1610612751,BKN,Brooklyn Nets,0022400022,2024-11-19T00:00:00,BKN vs. CHA,W,38.093333333333334,10.4,18.9,0.55,5.7,11.3,0.5,5.7,5.7,1.0,0.9,3.8,4.7,3.8,4.7,0.9,1.9,0.9,1.9,5.7,32.1,17.0,47.3,0,0,52.0,1,1,13086,1,1334,2828,3845,7655,1587,2227,3944,3220,4934,1,13692,14389,15497,10562,2687,12400,3794,8377,15744,3076,1501,4903,4227,2246,150,2047,1,38:06
2024-25,203076,Anthony Davis,Anthony,1610612747,LAL,Los Angeles Lakers,0022400026,2024-11-19T00:00:00,LAL vs. UTA,W,33.86666666666667,10.6,15.9,0.667,0.0,1.1,0.0,6.4,10.6,0.6,4.3,10.6,14.9,6.4,0.0,2.1,0.0,0.0,3.2,8.5,27.6,4.3,61.4,1,0,53.1,1,1,13086,1,4385,2581,7191,3281,15070,20786,15070,2520,1138,10343,3243,2129,1827,4882,16469,5675,8263,8846,9906,828,2915,10518,1033,1,150,1779,1,33:52
2024-25,1627750,Jamal Murray,Jamal,1610612743,DEN,Denver Nuggets,0022400023,2024-11-19T00:00:00,DEN @ MEM,W,36.0,10.0,20.0,0.5,5.0,10.0,0.5,2.0,3.0,0.667,1.0,3.0,4.0,6.0,3.0,3.0,2.0,2.0,2.0,4.0,27.0,18.0,52.8,0,0,52.0,1,1,13086,1,2683,3221,2966,8526,2270,3475,3944,10644,9972,9425,13248,16717,17311,5485,6468,3139,3495,3235,15144,6303,3208,4558,2507,2246,150,2043,1,36:00
2024-25,1628374,Lauri Markkanen,Lauri,1610612762,UTA,Utah Jazz,0022400026,2024-11-19T00:00:00,UTA @ LAL,L,36.3,8.9,15.9,0.563,3.0,7.9,0.375,4.0,4.0,1.0,2.0,6.0,7.9,1.0,0.0,2.0,0.0,0.0,2.0,3.0,24.8,-8.9,41.8,0,0,40.7,1,13222,1,13222,2463,4839,7317,7127,6608,6559,8800,5755,7904,1,8460,8447,8400,19700,16469,6325,8263,8846,15239,9346,4312,17392,6750,2246,150,6404,1,36:18
2024-25,2544,LeBron James,LeBron,1610612747,LAL,Los Angeles Lakers,0022400026,2024-11-19T00:00:00,LAL vs. UTA,W,33.88333333333333,9.6,18.1,0.529,1.1,5.3,0.2,7.4,11.7,0.636,0.0,2.1,2.1,12.7,4.2,0.0,0.0,0.0,1.1,7.4,27.6,-5.3,45.0,1,0,43.6,1,1,13086,1,4366,3792,4606,8281,14180,12433,13429,1711,841,10256,14058,19290,21562,575,3416,12854,8263,8846,19322,1360,2923,15752,5150,1,150,4892,1,33:53
2024-25,1641810,Antonio Reeves,Antonio,1610612740,NOP,New Orleans Pelicans,0022400024,2024-11-19T00:00:00,NOP @ DAL,L,7.066666666666666,15.3,25.5,0.6,10.2,10.2,1.0,5.1,5.1,1.0,0.0,0.0,0.0,0.0,10.2,0.0,0.0,5.1,5.1,5.1,45.8,-35.7,35.7,0,0,56.0,1,13222,1,13222,23140,448,729,5394,204,3286,1,3896,5766,1,14058,22137,23286,19908,313,12854,8263,347,4387,3928,230,24479,10609,2246,150,1307,1,7:04
2024-25,1641765,Olivier-Maxence Prosper,Olivier-Maxence,1610612742,DAL,Dallas Mavericks,0022400024,2024-11-19T00:00:00,DAL vs. NOP,W,4.033333333333333,8.9,8.9,1.0,0.0,0.0,0.0,8.9,17.9,0.5,8.9,17.9,26.8,0.0,0.0,8.9,0.0,0.0,0.0,8.9,26.8,62.5,85.7,0,0,71.4,1,1,13086,1,24464,4839,18828,1,15070,20945,15070,1024,198,10625,566,270,145,19908,16469,150,8263,8846,20257,683,3309,328,132,2246,150,293,1,4:02
2024-25,1642261,Dalton Knecht,Dalton,1610612747,LAL,Los Angeles Lakers,0022400026,2024-11-19T00:00:00,LAL vs. UTA,W,38.41,11.2,15.0,0.75,8.4,11.2,0.75,3.7,4.7,0.8,0.0,4.7,4.7,0.0,0.0,0.9,0.0,0.0,1.9,1.9,34.7,16.9,43.1,0,0,49.7,1,1,13086,1,1164,2059,8628,2107,377,2296,1542,6187,6502,7681,14058,11740,15602,19908,16469,12457,8263,8846,15815,13615,1010,4952,6079,2246,150,2621,1,38:25
2024-25,1629646,Charles Bassey,Charles,1610612759,SAS,San Antonio Spurs,0022400025,2024-11-19T00:00:00,SAS vs. OKC,W,21.44333333333333,8.4,10.1,0.833,0.0,0.0,0.0,3.4,6.7,0.5,3.4,10.1,13.4,0.0,1.7,1.7,3.4,0.0,0.0,5.0,20.1,10.1,49.7,0,0,43.6,1,1,13086,1,14968,5815,16934,1514,15070,20945,15070,6983,3644,10625,4624,2526,2522,19908,12011,7687,1345,8846,20257,4046,7795,7666,3363,2246,150,4861,1,21:27
2024-25,1631212,Peyton Watson,Peyton,1610612743,DEN,Denver Nuggets,0022400023,2024-11-19T00:00:00,DEN @ MEM,W,24.718333333333334,8.7,14.6,0.6,2.9,7.3,0.4,1.5,1.5,1.0,1.5,5.8,7.3,2.9,5.8,1.5,1.5,0.0,8.7,2.9,21.8,11.7,37.9,0,0,40.8,1,1,13086,1,12255,5207,9261,5394,6822,7857,7874,11895,13532,1,10513,8733,9603,13236,1530,8606,5019,8846,1057,9549,6333,6947,9108,2246,150,6340,1,24:43
2024-25,1628378,Donovan Mitchell,Donovan,1610612739,CLE,Cleveland Cavaliers,0022400021,2024-11-19T00:00:00,CLE @ BOS,L,40.15,11.7,26.0,0.448,2.7,9.9,0.273,5.4,7.2,0.75,0.9,6.3,7.2,2.7,0.9,0.0,0.0,0.0,3.6,6.3,31.4,-12.6,43.1,0,0,43.9,1,13222,1,13222,528,1755,644,13041,7569,3644,11838,3550,3193,8186,13916,7740,9804,13936,16354,12854,8263,8846,8473,2307,1669,18968,6070,2246,150,4724,1,40:09
2024-25,202691,Klay Thompson,Klay,1610612742,DAL,Dallas Mavericks,0022400024,2024-11-19T00:00:00,DAL vs. NOP,W,23.983333333333334,9.0,22.5,0.4,7.5,13.5,0.556,3.0,3.0,1.0,3.0,3.0,6.0,1.5,0.0,3.0,0.0,0.0,0.0,1.5,28.5,13.5,47.0,0,0,49.5,1,1,13086,1,12912,4695,1578,14933,592,1091,3747,7797,9970,1,5325,16712,12265,17968,16469,3136,8263,8846,20257,14998,2589,6201,4318,2246,150,2659,1,23:59
2024-25,201143,Al Horford,Al,1610612738,BOS,Boston Celtics,0022400021,2024-11-19T00:00:00,BOS vs. CLE,W,31.6,8.0,12.5,0.636,4.6,5.7,0.8,2.3,2.3,1.0,2.3,5.7,8.0,1.1,0.0,0.0,3.4,0.0,3.4,1.1,22.8,20.5,44.3,0,0,43.3,1,1,13086,1,6334,6680,12684,4689,2962,11457,1389,9693,11846,1,7315,9052,8315,19228,16469,12854,1287,8846,9014,16712,5640,3813,5511,2246,150,5003,1,31:36
2024-25,1642275,Tidjane Salaün,Tidjane,1610612766,CHA,Charlotte Hornets,0022400022,2024-11-19T00:00:00,CHA @ BKN,L,14.533333333333333,5.0,5.0,1.0,2.5,2.5,1.0,14.9,17.3,0.857,0.0,19.8,19.8,2.5,2.5,0.0,5.0,0.0,7.4,7.4,27.2,42.1,67.1,0,0,61.9,1,13222,1,13222,19865,14524,23497,1,8228,18670,1,179,211,7071,14058,178,558,14629,8340,12854,530,8846,1690,1362,3089,833,565,2246,150,646,1,14:32
2024-25,1628983,Shai Gilgeous-Alexander,Shai,1610612760,OKC,Oklahoma City Thunder,0022400025,2024-11-19T00:00:00,OKC @ SAS,L,37.266666666666666,10.6,19.3,0.55,4.8,7.7,0.625,4.8,5.8,0.833,0.0,2.9,2.9,7.7,3.9,2.9,0.0,1.0,2.9,5.8,30.9,1.9,50.8,0,0,52.2,1,13222,1,13222,1815,2590,3484,7655,2516,6938,2868,4295,4755,7275,14058,17092,20000,3151,4162,3416,8263,8216,11198,2904,1798,11659,3040,2246,150,2002,1,37:16
2024-25,1631114,Jalen Williams,Jalen,1610612760,OKC,Oklahoma City Thunder,0022400025,2024-11-19T00:00:00,OKC @ SAS,L,33.85,13.8,27.7,0.5,0.0,6.4,0.0,1.1,1.1,1.0,3.2,7.4,10.6,5.3,1.1,5.3,0.0,2.1,3.2,1.1,28.7,-18.1,64.3,1,0,55.3,1,13222,1,13222,4399,754,429,8526,15070,9798,15070,13034,14105,1,4963,5593,4778,6781,15392,732,8263,2843,9901,17100,2519,20956,752,1,150,1417,1,33:51
2024-25,1628991,Jaren Jackson Jr.,Jaren,1610612763,MEM,Memphis Grizzlies,0022400023,2024-11-19T00:00:00,MEM vs. DEN,L,28.7,8.8,21.3,0.412,2.5,10.0,0.25,3.8,6.3,0.6,2.5,7.5,10.0,1.3,8.8,1.3,6.3,1.3,5.0,6.3,23.8,-18.8,51.6,0,0,52.7,1,13222,1,13222,8920,5116,2141,14791,8118,3449,11902,6158,4159,10343,6588,5444,5394,18829,455,9764,269,5908,4566,2312,4916,21183,2823,2246,150,1874,1,28:42
2024-25,1628369,Jayson Tatum,Jayson,1610612738,BOS,Boston Celtics,0022400021,2024-11-19T00:00:00,BOS vs. CLE,W,37.63333333333333,10.5,21.0,0.5,5.7,9.6,0.6,4.8,6.7,0.714,0.0,11.5,11.5,6.7,3.8,1.9,0.0,1.0,2.9,6.7,31.6,1.9,57.3,1,0,59.3,1,1,13086,1,1610,2693,2314,8526,1536,4018,2992,4371,3662,9244,14058,1652,3977,4434,4247,6698,8263,8288,11311,1901,1621,11676,1584,1,150,888,1,37:38
2024-25,1629029,Luka Dončić,Luka,1610612742,DAL,Dallas Mavericks,0022400024,2024-11-19T00:00:00,DAL vs. NOP,W,29.616666666666667,12.2,19.4,0.625,3.6,9.7,0.375,3.6,6.1,0.6,0.0,6.1,6.1,6.1,3.6,3.6,1.2,0.0,0.0,6.1,31.6,34.0,59.0,0,0,57.1,1,1,13086,1,8126,1429,3386,4899,4811,3819,8800,6392,4374,10343,14058,8159,12100,5353,4682,2035,6080,8846,20257,2527,1610,1499,1337,2246,150,1146,1,29:37
2024-25,1626156,D'Angelo Russell,D'Angelo,1610612747,LAL,Los Angeles Lakers,0022400026,2024-11-19T00:00:00,LAL vs. UTA,W,25.593333333333334,2.8,11.3,0.25,0.0,5.6,0.0,5.6,5.6,1.0,1.4,7.0,8.4,8.4,5.6,1.4,1.4,0.0,2.8,2.8,11.3,2.8,36.9,0,0,33.8,1,1,13086,1,11497,19845,14925,20233,15070,11643,15070,3283,5007,1,10721,6306,7567,2474,1700,8861,5210,8846,11584,9923,16946,11216,9799,2246,150,11028,1,25:36
2024-25,1631222,Jake LaRavia,Jake,1610612763,MEM,Memphis Grizzlies,0022400023,2024-11-19T00:00:00,MEM vs. DEN,L,27.683333333333334,3.9,14.3,0.273,0.0,2.6,0.0,2.6,2.6,1.0,3.9,7.8,11.7,6.5,0.0,0.0,3.9,5.2,5.2,3.9,10.4,-11.7,45.9,0,0,36.4,1,13222,1,13222,9805,17316,9676,20048,15070,18453,15070,8798,10967,1,3723,5005,3752,4711,16469,12854,968,326,4187,6562,17754,18621,4778,2246,150,9094,1,27:41
2024-25,1630598,Aaron Wiggins,Aaron,1610612760,OKC,Oklahoma City Thunder,0022400025,2024-11-19T00:00:00,OKC @ SAS,L,20.2,7.1,17.8,0.4,5.3,12.5,0.429,0.0,0.0,0.0,0.0,5.3,5.3,0.0,3.6,1.8,0.0,0.0,3.6,0.0,19.6,-21.4,27.8,0,0,33.9,1,13222,1,13222,15862,8628,4890,14933,1897,1537,7394,13505,14344,13505,14058,9906,13920,19908,4866,7323,8263,8846,8547,17725,8258,21932,16356,2246,150,10957,1,20:12
2024-25,1630526,Jeremiah Robinson-Earl,Jeremiah,1610612740,NOP,New Orleans Pelicans,0022400024,2024-11-19T00:00:00,NOP @ DAL,L,24.615,5.9,16.1,0.364,2.9,10.2,0.286,1.5,2.9,0.5,1.5,8.8,10.2,1.5,1.5,1.5,0.0,0.0,1.5,1.5,16.1,-23.4,33.5,0,0,33.6,1,13222,1,13222,12370,11951,6992,16861,6778,3221,11433,11871,10159,10625,10473,3752,5190,18123,12945,8567,8263,8846,17382,15168,11835,22444,12197,2246,150,11123,1,24:37
2024-25,1629234,Drew Eubanks,Drew,1610612762,UTA,Utah Jazz,0022400026,2024-11-19T00:00:00,UTA @ LAL,L,19.433333333333334,7.4,7.4,1.0,0.0,0.0,0.0,0.0,3.7,0.0,5.6,9.3,14.8,3.7,1.9,0.0,0.0,0.0,1.9,1.9,14.8,1.9,36.3,0,0,33.3,1,13222,1,13222,16470,7995,21058,1,15070,20945,15070,13505,8471,13505,1907,3240,1861,10777,11307,12854,8263,8846,15927,13722,13095,11707,10149,2246,150,11364,1,19:26
2024-25,1628380,Zach Collins,Zach,1610612759,SAS,San Antonio Spurs,0022400025,2024-11-19T00:00:00,SAS vs. OKC,W,26.095,6.9,9.7,0.714,1.4,2.8,0.5,1.4,1.4,1.0,0.0,9.7,9.7,4.1,1.4,1.4,1.4,0.0,1.4,5.5,16.6,0.0,41.2,0,0,37.2,1,1,13086,1,11098,9165,17661,2752,12523,18144,3944,12071,13617,1,14058,2865,5861,9549,13405,9012,5316,8846,17706,3312,11331,12240,7018,2246,150,8543,1,26:06
2024-25,1641718,Keyonte George,Keyonte,1610612762,UTA,Utah Jazz,0022400026,2024-11-19T00:00:00,UTA @ LAL,L,28.65,8.8,16.3,0.538,5.0,8.8,0.571,0.0,0.0,0.0,0.0,1.3,1.3,7.5,1.3,0.0,0.0,0.0,5.0,1.3,22.6,-7.5,34.2,0,0,36.4,1,13222,1,13222,8973,5091,6631,7978,2239,5116,3506,13505,14344,13505,14058,21375,22868,3348,14057,12854,8263,8846,4549,16100,5760,16755,11664,2246,150,9078,1,28:39
2024-25,1627936,Alex Caruso,Alex,1610612760,OKC,Oklahoma City Thunder,0022400025,2024-11-19T00:00:00,OKC @ SAS,L,25.75,1.4,9.8,0.143,0.0,7.0,0.0,0.0,0.0,0.0,0.0,7.0,7.0,1.4,1.4,4.2,2.8,1.4,0.0,4.2,2.8,-2.8,32.9,0,0,25.2,1,13222,1,13222,11366,22296,17411,22260,15070,8485,15070,13505,14344,13505,14058,6376,10162,18349,13294,1462,1957,5185,20257,5860,22999,14451,12687,2246,150,17546,1,25:45
2024-25,1642377,Jaylen Wells,Jaylen,1610612763,MEM,Memphis Grizzlies,0022400023,2024-11-19T00:00:00,MEM vs. DEN,L,19.3,5.6,16.8,0.333,1.9,5.6,0.333,1.9,3.7,0.5,3.7,1.9,5.6,3.7,3.7,1.9,1.9,0.0,1.9,3.7,14.9,-24.2,34.7,0,0,33.6,1,13222,1,13222,16572,12714,6059,17395,10805,11735,9209,11066,8410,10625,3990,20060,13296,10709,4479,6945,3879,8846,15861,7048,12996,22632,11294,2246,150,11180,1,19:18
2024-25,1628998,Cody Martin,Cody,1610612766,CHA,Charlotte Hornets,0022400022,2024-11-19T00:00:00,CHA @ BKN,L,24.633333333333333,1.5,5.8,0.25,1.5,1.5,1.0,1.5,2.9,0.5,2.9,5.8,8.8,2.9,2.9,2.9,1.5,0.0,2.9,1.5,5.8,16.1,31.0,0,0,27.8,1,13222,1,13222,12343,22217,22763,20233,12203,20309,1,11873,10165,10625,5529,8677,7075,13192,6752,3338,4987,8846,11073,15174,21491,5225,14070,2246,150,15601,1,24:38
2024-25,1630527,Brandon Boston,Brandon,1610612740,NOP,New Orleans Pelicans,0022400024,2024-11-19T00:00:00,NOP @ DAL,L,29.7,4.8,13.3,0.364,2.4,6.1,0.4,0.0,0.0,0.0,0.0,2.4,2.4,3.6,1.2,2.4,0.0,2.4,0.0,1.2,12.1,-14.5,26.5,0,0,25.5,1,13222,1,13222,8039,14814,11234,16861,8394,10540,7874,13505,14344,13505,14058,18414,20954,10977,14352,4616,8263,2168,20257,16344,16012,19726,17262,2246,150,17314,1,29:42
2024-25,201566,Russell Westbrook,Russell,1610612743,DEN,Denver Nuggets,0022400023,2024-11-19T00:00:00,DEN @ MEM,W,32.36666666666667,5.6,13.3,0.417,1.1,4.4,0.25,1.1,2.2,0.5,1.1,10.0,11.1,15.6,5.6,2.2,1.1,1.1,3.3,2.2,13.3,-2.2,54.5,1,1,47.8,1,1,13086,1,5670,12816,11216,14532,13878,14569,11902,12884,12008,10625,12376,2580,4303,246,1761,5295,6711,6944,9310,12054,14690,14160,2089,1,1,3210,1,32:22
2024-25,1630583,Santi Aldama,Santi,1610612763,MEM,Memphis Grizzlies,0022400023,2024-11-19T00:00:00,MEM vs. DEN,L,33.266666666666666,13.0,20.6,0.632,4.3,7.6,0.571,0.0,1.1,0.0,2.2,9.7,11.9,0.0,3.2,1.1,0.0,0.0,1.1,2.2,30.3,8.7,44.6,1,0,48.7,1,13222,1,13222,4928,1040,2609,4871,3341,7226,3506,13505,14066,13505,7706,2784,3577,19908,5676,11175,8263,8846,19201,12319,1982,8338,5373,1,150,2924,1,33:16
2024-25,1630533,Ziaire Williams,Ziaire,1610612751,BKN,Brooklyn Nets,0022400022,2024-11-19T00:00:00,BKN vs. CHA,W,17.406666666666666,4.1,10.3,0.4,0.0,4.1,0.0,0.0,0.0,0.0,0.0,4.1,4.1,4.1,0.0,2.1,2.1,0.0,4.1,2.1,8.3,-33.1,31.8,0,0,24.8,1,1,13086,1,18002,16755,16479,14933,15070,15258,15070,13505,14344,13505,14058,13316,16984,9560,16469,5919,3295,8846,6721,12771,19676,24180,13440,2246,150,17817,1,17:24
2024-25,1642264,Stephon Castle,Stephon,1610612759,SAS,San Antonio Spurs,0022400025,2024-11-19T00:00:00,SAS vs. OKC,W,34.67,3.1,13.5,0.231,1.0,7.3,0.143,3.1,4.2,0.75,1.0,2.1,3.1,8.3,7.3,0.0,1.0,3.1,2.1,5.2,10.4,15.6,22.4,0,0,24.9,1,1,13086,1,3720,19161,11015,21157,14320,7901,14649,7505,7520,8186,12956,19435,19443,2611,787,12854,7205,1224,14719,3784,17780,5398,19913,2246,150,17741,1,34:40
2024-25,1628970,Miles Bridges,Miles,1610612766,CHA,Charlotte Hornets,0022400022,2024-11-19T00:00:00,CHA @ BKN,L,33.31666666666667,8.6,15.1,0.571,5.4,9.7,0.556,0.0,0.0,0.0,0.0,3.2,3.2,2.2,1.1,0.0,0.0,2.2,1.1,0.0,22.7,-16.2,28.7,0,0,33.5,1,13222,1,13222,4886,5357,8384,6538,1848,3817,3747,13505,14344,13505,14058,15956,19129,15764,15271,12854,8263,2737,19214,17725,5715,20325,15686,2246,150,11244,1,33:19
2024-25,1629631,De'Andre Hunter,De'Andre,1610612737,ATL,Atlanta Hawks,0022400250,2024-11-18T00:00:00,ATL @ SAC,W,24.566666666666666,13.2,22.0,0.6,5.9,11.7,0.5,2.9,2.9,1.0,1.5,1.5,2.9,1.5,1.5,0.0,1.5,0.0,4.4,4.4,35.2,1.5,43.8,0,0,48.4,1,1,13086,1,12410,956,1828,5394,1421,1943,3944,8008,10143,1,10458,20951,19905,18111,12927,12854,4972,8846,6029,5360,939,11882,5762,2246,150,3027,1,24:34
2024-25,203458,Alex Len,Alex,1610612758,SAC,Sacramento Kings,0022400250,2024-11-18T00:00:00,SAC vs. ATL,L,17.166666666666668,2.1,4.2,0.5,0.0,2.1,0.0,0.0,0.0,0.0,2.1,4.2,6.3,2.1,2.1,0.0,6.3,0.0,4.2,0.0,4.2,-10.5,31.7,0,0,25.2,1,13222,1,13222,18157,21238,23997,8526,15070,19373,15070,13505,14344,13505,7962,13134,11629,16009,10011,12854,264,8846,6570,17725,22465,18097,13570,2246,150,17546,1,17:10
2024-25,1629018,Gary Trent Jr.,Gary,1610612749,MIL,Milwaukee Bucks,0022400248,2024-11-18T00:00:00,MIL vs. HOU,W,24.45,5.9,11.8,0.5,5.9,8.8,0.667,0.0,0.0,0.0,0.0,1.5,1.5,0.0,0.0,1.5,0.0,0.0,7.4,0.0,17.7,22.1,23.9,0,0,28.0,1,1,13086,1,12529,11830,13979,8526,1385,5051,1957,13505,14344,13505,14058,20934,22604,19908,16469,8522,8263,8846,1735,17725,10145,3437,19058,2246,150,15436,1,24:27
2024-25,1630322,Lindy Waters III,Lindy,1610612744,GSW,Golden State Warriors,0022400251,2024-11-18T00:00:00,GSW @ LAC,L,28.5,2.5,7.6,0.333,2.5,5.1,0.5,0.0,0.0,0.0,1.3,5.1,6.3,1.3,0.0,3.8,0.0,0.0,1.3,0.0,7.6,-5.1,28.4,0,0,25.3,1,13222,1,13222,9119,20411,20817,17395,8054,13064,3944,13505,14344,13505,11396,10724,11569,18786,16469,1861,8263,8846,18203,17725,20260,15620,15923,2246,150,17462,1,28:30
2024-25,1642345,Oso Ighodaro,Oso,1610612756,PHX,Phoenix Suns,0022400249,2024-11-18T00:00:00,PHX vs. ORL,L,32.35666666666667,6.7,8.9,0.75,0.0,0.0,0.0,0.0,1.1,0.0,3.3,4.5,7.8,2.2,1.1,2.2,0.0,0.0,1.1,3.3,13.4,-8.9,31.6,0,0,27.8,1,13222,1,13222,5685,9749,18865,2107,15070,20945,15070,13505,14024,13505,4674,12402,8638,15532,15045,5294,8263,8846,19031,8134,14687,17385,13614,2246,150,15568,1,32:21
2024-25,1631245,Quenton Jackson,Quenton,1610612754,IND,Indiana Pacers,0022400247,2024-11-18T00:00:00,IND @ TOR,L,19.466666666666665,7.4,12.9,0.571,1.8,5.5,0.333,0.0,0.0,0.0,0.0,1.8,1.8,5.5,0.0,1.8,1.8,1.8,5.5,3.7,16.6,9.2,38.3,0,0,33.3,1,13222,1,13222,16447,8013,11948,6538,10879,11851,9209,13505,14344,13505,14058,20110,22083,6342,16469,7037,3930,3740,3630,7133,11229,8070,8841,2246,150,11413,1,19:28
2024-25,1629639,Tyler Herro,Tyler,1610612748,MIA,Miami Heat,0022400245,2024-11-18T00:00:00,MIA vs. PHI,W,31.916666666666668,6.8,16.9,0.4,2.3,11.3,0.2,4.5,4.5,1.0,1.1,4.5,5.6,5.6,3.4,0.0,0.0,0.0,0.0,2.3,20.3,13.5,32.1,0,0,33.8,1,1,13086,1,6045,9508,5890,14933,9030,2271,13429,4815,6821,1,12275,12237,13176,6162,5273,12854,8263,8846,20257,11917,7656,6193,13220,2246,150,10970,1,31:55
2024-25,1626153,Delon Wright,Delon,1610612749,MIL,Milwaukee Bucks,0022400248,2024-11-18T00:00:00,MIL vs. HOU,W,23.466666666666665,3.1,6.1,0.5,3.1,6.1,0.5,0.0,0.0,0.0,1.5,4.6,6.1,3.1,1.5,1.5,0.0,0.0,1.5,1.5,9.2,-4.6,24.2,0,0,24.5,1,1,13086,1,13330,19285,22483,8526,6299,10347,3944,13505,14344,13505,10174,11978,11961,12694,12598,8261,8263,8846,17100,14856,18899,15370,18779,2246,150,17975,1,23:28
2024-25,1629130,Duncan Robinson,Duncan,1610612748,MIA,Miami Heat,0022400245,2024-11-18T00:00:00,MIA vs. PHI,W,21.696666666666665,8.3,23.2,0.357,3.3,16.6,0.2,1.7,3.3,0.5,1.7,1.7,3.3,5.0,3.3,1.7,0.0,0.0,3.3,1.7,21.6,3.3,34.7,0,0,36.5,1,1,13086,1,14761,5987,1308,17140,5604,448,13429,11489,9262,10625,9720,20542,18949,7519,5460,7771,8263,8846,9389,14413,6577,10964,11313,2246,150,9049,1,21:42
2024-25,1641708,Amen Thompson,Amen,1610612745,HOU,Houston Rockets,0022400248,2024-11-18T00:00:00,HOU @ MIL,L,29.218333333333334,4.9,6.2,0.8,0.0,0.0,0.0,2.5,3.7,0.667,3.7,4.9,8.6,2.5,1.2,1.2,1.2,1.2,0.0,4.9,12.3,-6.2,32.5,0,0,28.3,1,13222,1,13222,8477,14610,22463,1688,15070,20945,15070,9158,8487,9425,4045,11089,7267,14670,14224,9932,5990,6046,20257,4246,15804,16136,12931,2246,150,15184,1,29:13
2024-25,203897,Zach LaVine,Zach,1610612741,CHI,Chicago Bulls,0022400244,2024-11-18T00:00:00,CHI @ DET,W,34.75,9.3,19.7,0.474,7.3,14.5,0.5,0.0,0.0,0.0,0.0,6.2,6.2,5.2,1.0,1.0,0.0,0.0,0.0,1.0,25.9,24.9,43.2,0,0,46.6,1,1,13086,1,3654,4169,3196,12072,683,800,3944,13505,14344,13505,14058,7862,11785,7070,15592,11626,8263,8846,20257,17243,3731,2844,6030,2246,150,3619,1,34:45
2024-25,1628963,Marvin Bagley III,Marvin,1610612764,WAS,Washington Wizards,0022400246,2024-11-18T00:00:00,WAS @ NYK,L,5.816666666666666,6.2,18.6,0.333,0.0,0.0,0.0,0.0,0.0,0.0,0.0,0.0,0.0,0.0,0.0,6.2,0.0,6.2,0.0,0.0,12.4,-6.2,30.9,0,0,24.8,1,13222,1,13222,23660,10993,4153,17395,15070,20945,15070,13505,14344,13505,14058,22137,23286,19908,16469,429,8263,207,20257,17725,15741,16149,14090,2246,150,17849,1,5:49
2024-25,1628384,OG Anunoby,OG,1610612752,NYK,New York Knicks,0022400246,2024-11-18T00:00:00,NYK vs. WAS,W,30.133333333333333,7.2,14.3,0.5,1.2,4.8,0.25,3.6,4.8,0.75,2.4,3.6,6.0,2.4,0.0,2.4,0.0,0.0,0.0,2.4,19.1,26.3,37.0,0,0,33.5,1,1,13086,1,7648,8537,9639,8526,13400,13760,11902,6523,6340,8186,6958,14975,12357,14915,16469,4732,8263,8846,20257,11392,8726,2559,9672,2246,150,11279,1,30:08
2024-25,1628420,Monté Morris,Monté,1610612756,PHX,Phoenix Suns,0022400249,2024-11-18T00:00:00,PHX vs. ORL,L,13.036666666666667,8.3,13.8,0.6,0.0,5.5,0.0,5.5,5.5,1.0,0.0,2.8,2.8,0.0,0.0,0.0,0.0,0.0,0.0,2.8,22.1,-19.3,25.4,0,0,24.9,1,13222,1,13222,20727,6014,10478,5394,15070,11907,15070,3389,5156,1,14058,17528,20334,19908,16469,12854,8263,8846,20257,10100,6138,21348,17998,2246,150,17791,1,13:02
2024-25,1631097,Bennedict Mathurin,Bennedict,1610612754,IND,Indiana Pacers,0022400247,2024-11-18T00:00:00,IND @ TOR,L,32.14,11.2,17.9,0.625,4.5,6.7,0.667,4.5,6.7,0.667,3.4,2.2,5.6,2.2,4.5,1.1,1.1,0.0,3.4,7.8,31.4,-15.7,43.7,0,0,48.2,1,13222,1,13222,5857,2093,4784,4899,3097,9072,1957,4868,3636,9425,4617,18952,13287,15480,3026,10864,6671,8846,9218,1102,1677,20146,5816,2246,150,3095,1,32:08
2024-25,1628371,Jonathan Isaac,Jonathan,1610612753,ORL,Orlando Magic,0022400249,2024-11-18T00:00:00,ORL @ PHX,W,19.56,5.5,11.0,0.5,0.0,3.7,0.0,1.8,3.7,0.5,3.7,1.8,5.5,0.0,0.0,1.8,5.5,0.0,5.5,1.8,12.9,7.4,41.6,0,0,33.1,1,1,13086,1,16375,12935,15295,8526,15070,16261,15070,11148,8522,10625,4068,20133,13482,19908,16469,7075,389,8846,3669,13772,15214,8954,6834,2246,150,11548,1,19:34
2024-25,1630700,Dyson Daniels,Dyson,1610612737,ATL,Atlanta Hawks,0022400250,2024-11-18T00:00:00,ATL @ SAC,W,39.05,5.5,12.9,0.429,1.8,4.6,0.4,0.0,0.0,0.0,0.9,6.5,7.4,3.7,1.8,0.0,3.7,0.0,2.8,1.8,12.9,-0.9,36.5,0,0,33.2,1,1,13086,1,864,12904,12029,13735,10902,14174,7874,13505,14344,13505,13823,7408,9420,10820,11349,12854,1087,8846,11779,13759,15191,13478,10023,2246,150,11509,1,39:03
2024-25,1627780,Gary Payton II,Gary,1610612744,GSW,Golden State Warriors,0022400251,2024-11-18T00:00:00,GSW @ LAC,L,11.75,0.0,12.3,0.0,0.0,6.1,0.0,0.0,0.0,0.0,3.1,9.2,12.3,6.1,0.0,3.1,0.0,3.1,3.1,3.1,0.0,9.2,33.1,0,0,24.5,1,13222,1,13222,21394,22635,13159,22635,15070,10368,15070,13505,14344,13505,5202,3313,3302,5282,16469,3018,8263,1268,10417,9020,23200,8093,12525,2246,150,18004,1,11:45
2024-25,1628404,Josh Hart,Josh,1610612752,NYK,New York Knicks,0022400246,2024-11-18T00:00:00,NYK vs. WAS,W,32.0,6.8,10.1,0.667,2.3,5.6,0.4,0.0,0.0,0.0,0.0,6.8,6.8,3.4,1.1,0.0,0.0,0.0,1.1,2.3,15.8,29.3,27.8,0,0,28.1,1,1,13086,1,5961,9563,16867,3281,9044,11644,7874,13505,14344,13505,14058,6787,10634,11752,14975,12854,8263,8846,18962,11936,12177,2076,16374,2246,150,15342,1,32:00
2024-25,1630169,Tyrese Haliburton,Tyrese,1610612754,IND,Indiana Pacers,0022400247,2024-11-18T00:00:00,IND @ TOR,L,38.81333333333333,4.6,16.7,0.278,1.9,8.3,0.222,3.7,3.7,1.0,1.9,0.9,2.8,3.7,0.9,4.6,1.9,0.0,3.7,2.8,14.8,-13.9,42.3,0,0,36.2,1,13222,1,13222,966,15398,6178,20025,10854,5833,13288,6268,8460,1,9019,22084,20291,10763,16253,1127,3918,8846,8041,10027,13080,19470,6474,2246,150,9242,1,38:49
2024-25,1629048,Goga Bitadze,Goga,1610612753,ORL,Orlando Magic,0022400249,2024-11-18T00:00:00,ORL @ PHX,W,31.15,8.1,9.2,0.875,0.0,0.0,0.0,3.5,4.6,0.75,3.5,8.1,11.6,1.2,1.2,0.0,2.3,1.2,5.8,5.8,19.6,10.4,41.0,1,0,37.0,1,1,13086,1,6744,6440,18340,1353,15070,20945,15070,6759,6627,8186,4422,4575,3890,19160,14755,12854,2720,6591,3257,2928,8208,7509,7159,1,150,8732,1,31:09
2024-25,1629027,Trae Young,Trae,1610612737,ATL,Atlanta Hawks,0022400250,2024-11-18T00:00:00,ATL @ SAC,W,35.71666666666667,1.0,7.1,0.143,0.0,2.0,0.0,5.0,5.0,1.0,0.0,3.0,3.0,19.2,5.0,2.0,0.0,0.0,1.0,5.0,7.1,15.1,40.4,0,0,33.3,1,1,13086,1,2887,22615,21500,22260,15070,19525,15070,3967,5841,1,14058,16636,19653,105,2296,6183,8263,8846,19658,4040,20678,5578,7508,2246,150,11440,1,35:43
2024-25,1627739,Kris Dunn,Kris,1610612746,LAC,LA Clippers,0022400251,2024-11-18T00:00:00,LAC vs. GSW,W,18.883333333333333,5.7,11.4,0.5,1.9,5.7,0.333,0.0,0.0,0.0,0.0,3.8,3.8,1.9,5.7,1.9,0.0,0.0,5.7,0.0,13.3,11.4,20.8,0,0,24.8,1,1,13086,1,16915,12358,14596,8526,10600,11405,9209,13505,14344,13505,14058,14282,17793,16727,1627,6729,8263,8846,3358,17725,14693,7040,20800,2246,150,17838,1,18:53
2024-25,202692,Alec Burks,Alec,1610612748,MIA,Miami Heat,0022400245,2024-11-18T00:00:00,MIA vs. PHI,W,18.533333333333335,5.8,15.5,0.375,1.9,11.7,0.167,0.0,0.0,0.0,1.9,9.7,11.7,5.8,0.0,0.0,0.0,0.0,0.0,0.0,13.6,52.4,36.3,0,0,33.0,1,1,13086,1,17163,12032,7767,16299,10444,1994,14236,13505,14344,13505,8654,2802,3799,5801,16469,12854,8263,8846,20257,17725,14383,497,10139,2246,150,11640,1,18:32
2024-25,1626171,Bobby Portis,Bobby,1610612749,MIL,Milwaukee Bucks,0022400248,2024-11-18T00:00:00,MIL vs. HOU,W,20.716666666666665,7.0,15.6,0.444,1.7,1.7,1.0,3.5,3.5,1.0,0.0,7.0,7.0,1.7,1.7,0.0,1.7,1.7,1.7,1.7,19.1,-17.4,33.5,0,0,33.0,1,1,13086,1,15477,9047,7637,13045,11289,20001,1,6744,8933,1,14058,6448,10236,17265,11789,12854,4202,4053,16421,14157,8726,20737,12166,2246,150,11643,1,20:43
2024-25,1628449,Chris Boucher,Chris,1610612761,TOR,Toronto Raptors,0022400247,2024-11-18T00:00:00,TOR vs. IND,W,18.4,3.9,7.8,0.5,0.0,3.9,0.0,0.0,0.0,0.0,2.0,11.7,13.7,0.0,0.0,0.0,5.9,0.0,0.0,0.0,7.8,-19.6,41.9,0,0,33.3,1,1,13086,1,17275,17286,20500,8526,15070,15752,15070,13505,14344,13505,8588,1506,2384,19908,16469,12854,334,8846,20257,17725,20062,21419,6692,2246,150,11443,1,18:24
2024-25,1630534,Ochai Agbaji,Ochai,1610612761,TOR,Toronto Raptors,0022400247,2024-11-18T00:00:00,TOR vs. IND,W,32.85,4.4,7.7,0.571,2.2,3.3,0.667,1.1,2.2,0.5,1.1,3.3,4.4,6.6,2.2,1.1,3.3,2.2,5.5,1.1,12.1,13.2,38.1,0,0,34.0,1,1,13086,1,5284,16114,20687,6538,9264,17095,1957,12917,12114,10625,12501,15830,16329,4599,9544,11055,1406,2665,3734,16926,16091,6321,8936,2246,150,10876,1,32:51
2024-25,1631207,Dalen Terry,Dalen,1610612741,CHI,Chicago Bulls,0022400244,2024-11-18T00:00:00,CHI @ DET,W,11.55,0.0,0.0,0.0,0.0,0.0,0.0,6.2,6.2,1.0,3.1,0.0,3.1,0.0,0.0,3.1,0.0,0.0,6.2,6.2,6.2,-28.1,19.3,0,0,15.6,1,1,13086,1,21471,22635,24836,22635,15070,20945,15070,2647,4194,1,5102,22137,19441,19908,16469,2896,8263,8846,2673,2348,21226,23438,21489,2246,150,22851,1,11:33
2024-25,1631260,AJ Green,AJ,1610612749,MIL,Milwaukee Bucks,0022400248,2024-11-18T00:00:00,MIL vs. HOU,W,28.866666666666667,2.5,7.5,0.333,1.2,6.2,0.2,0.0,0.0,0.0,0.0,6.2,6.2,2.5,0.0,0.0,0.0,0.0,3.7,0.0,6.2,18.7,17.5,0,0,16.2,1,1,13086,1,8793,20471,20954,17395,13112,10120,13429,13505,14344,13505,14058,7820,11742,14561,16469,12854,8263,8846,7939,17725,21224,4343,22309,2246,150,22630,1,28:52
2024-25,1630288,Jeff Dowtin Jr.,Jeff,1610612755,PHI,Philadelphia 76ers,0022400245,2024-11-18T00:00:00,PHI @ MIA,L,19.866666666666667,1.8,5.4,0.333,0.0,3.6,0.0,0.0,0.0,0.0,0.0,3.6,3.6,9.1,1.8,0.0,0.0,0.0,3.6,0.0,3.6,16.3,19.8,0,0,16.3,1,13222,1,13222,16126,21734,23138,17395,15070,16384,15070,13505,14344,13505,14058,14861,18265,1973,11488,12854,8263,8846,8345,17725,22730,5139,21286,2246,150,22584,1,19:52
2024-25,1627832,Fred VanVleet,Fred,1610612745,HOU,Houston Rockets,0022400248,2024-11-18T00:00:00,HOU @ MIL,L,34.65,9.4,23.9,0.391,3.1,11.4,0.273,5.2,5.2,1.0,0.0,6.2,6.2,5.2,0.0,1.0,1.0,0.0,1.0,3.1,27.0,3.1,48.5,0,0,45.7,1,13222,1,13222,3736,4119,1089,15984,6176,2151,11838,3775,5620,1,14058,7822,11746,7042,16469,11598,7200,8846,19477,8824,3202,11053,3801,2246,150,3926,1,34:39
2024-25,203484,Kentavious Caldwell-Pope,Kentavious,1610612753,ORL,Orlando Magic,0022400249,2024-11-18T00:00:00,ORL @ PHX,W,34.233333333333334,3.2,5.3,0.6,1.1,2.1,0.5,2.1,2.1,1.0,0.0,1.1,1.1,2.1,1.1,1.1,0.0,0.0,1.1,2.1,9.5,4.2,16.0,0,0,15.8,1,1,13086,1,4072,19095,23286,5394,14241,19363,3944,10281,12410,1,14058,21873,23155,15988,15475,11475,8263,8846,19398,12594,18675,10540,22866,2246,150,22795,1,34:14
2024-25,1641710,Anthony Black,Anthony,1610612753,ORL,Orlando Magic,0022400249,2024-11-18T00:00:00,ORL @ PHX,W,32.72,5.5,11.0,0.5,3.3,5.5,0.6,7.7,8.8,0.875,0.0,4.4,4.4,9.9,3.3,3.3,0.0,0.0,1.1,4.4,22.0,14.3,48.7,0,0,46.2,1,1,13086,1,5387,12970,15348,8526,5658,11942,2992,1557,1983,6931,14058,12522,16279,1491,5507,2564,8263,8846,19103,5345,6212,5888,3722,2246,150,3739,1,32:43
2024-25,1627763,Malcolm Brogdon,Malcolm,1610612764,WAS,Washington Wizards,0022400246,2024-11-18T00:00:00,WAS @ NYK,L,19.133333333333333,5.6,9.4,0.6,0.0,3.8,0.0,1.9,1.9,1.0,1.9,0.0,1.9,1.9,1.9,0.0,0.0,0.0,1.9,1.9,13.2,-50.8,16.4,0,0,16.9,1,13222,1,13222,16723,12573,18101,5394,15070,16073,15070,11010,13025,1,8887,22137,22034,16811,11148,12854,8263,8846,15776,13580,14910,25424,22718,2246,150,22339,1,19:08
2024-25,1630228,Jonathan Kuminga,Jonathan,1610612744,GSW,Golden State Warriors,0022400251,2024-11-18T00:00:00,GSW @ LAC,L,19.071666666666665,9.4,18.9,0.5,1.9,5.7,0.333,1.9,7.6,0.25,0.0,3.8,3.8,5.7,1.9,5.7,0.0,1.9,0.0,3.8,22.7,3.8,50.8,0,0,45.3,1,13222,1,13222,16772,3968,3867,8526,10691,11542,9209,10998,2853,13358,14058,14403,17884,6122,11114,582,8263,3604,20257,6919,5735,10763,3051,2246,150,4104,1,19:04
2024-25,1630532,Franz Wagner,Franz,1610612753,ORL,Orlando Magic,0022400249,2024-11-18T00:00:00,ORL @ PHX,W,39.21333333333333,11.0,22.0,0.5,3.7,7.3,0.5,3.7,4.6,0.8,0.0,4.6,4.6,7.3,0.9,0.0,0.0,0.0,1.8,2.8,29.4,11.0,45.0,0,0,45.0,1,1,13086,1,810,2248,1809,8526,4753,7736,3944,6349,6673,7681,14058,12008,15830,3571,16293,12854,8263,8846,16007,10133,2309,7231,5188,2246,150,4279,1,39:13
2024-25,1642419,Jamison Battle,Jamison,1610612761,TOR,Toronto Raptors,0022400247,2024-11-18T00:00:00,TOR vs. IND,W,10.916666666666666,9.9,19.8,0.5,9.9,16.5,0.6,0.0,0.0,0.0,0.0,3.3,3.3,3.3,0.0,0.0,0.0,0.0,3.3,3.3,29.7,-13.2,38.6,0,0,46.2,1,1,13086,1,21746,3340,3127,8526,216,458,2992,13505,14344,13505,14058,15800,18994,11987,16469,12854,8263,8846,9463,8259,2199,19192,8655,2246,150,3755,1,10:55
2024-25,1631106,Tari Eason,Tari,1610612745,HOU,Houston Rockets,0022400248,2024-11-18T00:00:00,HOU @ MIL,L,30.6,4.7,8.2,0.571,1.2,3.5,0.333,0.0,0.0,0.0,3.5,12.9,16.5,1.2,1.2,4.7,3.5,0.0,2.4,1.2,10.6,-7.1,55.6,0,0,45.9,1,13222,1,13222,7219,15225,19893,6538,13495,16592,9209,13505,14344,13505,4330,1033,1283,19094,14607,1081,1205,8846,13424,16519,17568,16533,1869,2246,150,3866,1,30:36
2024-25,1630595,Cade Cunningham,Cade,1610612765,DET,Detroit Pistons,0022400244,2024-11-18T00:00:00,DET vs. CHI,L,36.275,7.9,16.9,0.471,4.0,6.9,0.571,6.0,8.9,0.667,0.0,6.0,6.0,9.9,3.0,0.0,0.0,1.0,3.0,5.0,25.8,-5.0,44.9,1,0,45.7,1,13222,1,13222,2488,6767,5958,12143,4055,8573,3506,2911,1908,9425,14058,8438,12396,1482,6569,12854,8263,7989,10823,4193,3771,15566,5240,1,150,3957,1,36:17
2024-25,1631099,Keegan Murray,Keegan,1610612758,SAC,Sacramento Kings,0022400250,2024-11-18T00:00:00,SAC vs. ATL,L,22.466666666666665,4.8,14.4,0.333,1.6,4.8,0.333,0.0,0.0,0.0,1.6,9.6,11.2,1.6,6.4,3.2,0.0,1.6,9.6,1.6,11.2,-32.0,30.3,0,0,32.0,1,13222,1,13222,14137,14920,9483,17395,11663,13687,9209,13505,14344,13505,9908,2906,4228,17641,1172,2728,8263,4430,788,14622,16985,24036,14591,2246,150,12345,1,22:28
2024-25,1642347,Jamal Shead,Jamal,1610612761,TOR,Toronto Raptors,0022400247,2024-11-18T00:00:00,TOR vs. IND,W,13.983333333333333,5.1,12.9,0.4,0.0,5.1,0.0,0.0,5.1,0.0,0.0,0.0,0.0,5.1,7.7,0.0,0.0,0.0,5.1,5.1,10.3,-38.6,10.3,0,0,15.4,1,1,13086,1,20207,13952,12085,14933,15070,12824,15070,13505,5683,13505,14058,22137,23286,7133,658,12854,8263,8846,4284,3855,17861,24750,24368,2246,150,22898,1,13:59
2024-25,1629006,Josh Okogie,Josh,1610612756,PHX,Phoenix Suns,0022400249,2024-11-18T00:00:00,PHX vs. ORL,L,24.525,4.4,7.3,0.6,2.9,2.9,1.0,4.4,5.9,0.75,2.9,4.4,7.3,2.9,1.5,2.9,1.5,1.5,4.4,4.4,16.1,-4.4,41.1,0,0,38.2,1,13222,1,13222,12458,16052,21157,5394,6741,17792,1,4983,4655,8186,5498,12517,9496,13143,12914,3310,4968,4895,6010,5336,11774,15274,7119,2246,150,7919,1,24:32
2024-25,1630224,Jalen Green,Jalen,1610612745,HOU,Houston Rockets,0022400248,2024-11-18T00:00:00,HOU @ MIL,L,39.4,8.2,21.9,0.375,2.7,7.3,0.375,0.0,0.0,0.0,1.8,6.4,8.2,1.8,2.7,0.0,0.0,3.7,1.8,0.0,19.2,7.3,29.1,0,0,32.0,1,13222,1,13222,750,6166,1851,16299,7416,7797,8800,13505,14344,13505,9138,7515,7901,17003,7408,12854,8263,817,16051,17725,8662,8980,15447,2246,150,12404,1,39:24
2024-25,1641711,Gradey Dick,Gradey,1610612761,TOR,Toronto Raptors,0022400247,2024-11-18T00:00:00,TOR vs. IND,W,34.516666666666666,4.2,9.4,0.444,3.1,6.3,0.5,4.2,4.2,1.0,0.0,4.2,4.2,3.1,4.2,0.0,0.0,0.0,5.2,2.1,15.6,18.8,21.2,0,0,26.1,1,1,13086,1,3842,16672,18136,13045,6138,10065,3944,5392,7471,1,14058,13195,16877,12536,3548,12854,8263,8846,4167,12678,12269,4323,20609,2246,150,16884,1,34:31
2024-25,203500,Steven Adams,Steven,1610612745,HOU,Houston Rockets,0022400248,2024-11-18T00:00:00,HOU @ MIL,L,5.483333333333333,6.6,13.1,0.5,0.0,0.0,0.0,0.0,0.0,0.0,6.6,6.6,13.1,0.0,6.6,0.0,0.0,0.0,0.0,6.6,13.1,-78.8,22.3,0,0,26.3,1,13222,1,13222,23796,10026,11619,8526,15070,20945,15070,13505,14344,13505,1349,7175,2721,19908,1096,12854,8263,8846,20257,2018,14950,25992,19970,2246,150,16745,1,5:29
2024-25,201567,Kevin Love,Kevin,1610612748,MIA,Miami Heat,0022400245,2024-11-18T00:00:00,MIA vs. PHI,W,15.316666666666666,2.4,14.1,0.167,2.4,7.1,0.333,0.0,0.0,0.0,2.4,14.1,16.5,2.4,2.4,4.7,0.0,0.0,0.0,0.0,7.1,14.1,42.1,0,0,37.6,1,1,13086,1,19361,20757,10004,21938,8664,8356,9209,13505,14344,13505,7090,742,1286,15054,8862,1085,8263,8846,20257,17725,20682,5968,6580,2246,150,8284,1,15:19
2024-25,1628398,Kyle Kuzma,Kyle,1610612764,WAS,Washington Wizards,0022400246,2024-11-18T00:00:00,WAS @ NYK,L,24.1,7.5,16.4,0.455,1.5,4.5,0.333,0.0,0.0,0.0,0.0,12.0,12.0,3.0,1.5,0.0,0.0,0.0,1.5,0.0,16.4,-26.9,33.8,0,0,32.9,1,13222,1,13222,12800,7844,6508,12676,12061,14488,9209,13505,14344,13505,14058,1388,3535,12975,12777,12854,8263,8846,17247,17725,11470,23223,12004,2246,150,11757,1,24:06
2024-25,1630557,Corey Kispert,Corey,1610612764,WAS,Washington Wizards,0022400246,2024-11-18T00:00:00,WAS @ NYK,L,30.666666666666668,5.9,15.3,0.385,4.7,10.6,0.444,4.7,4.7,1.0,2.3,4.7,7.0,2.3,0.0,1.2,0.0,0.0,2.3,3.5,21.1,-15.3,36.6,0,0,37.6,1,13222,1,13222,7151,11891,8162,16070,2737,2914,7211,4520,6485,1,7102,11715,10072,15064,16469,10403,8263,8846,13448,7604,6971,20000,9936,2246,150,8316,1,30:40
2024-25,1630591,Jalen Suggs,Jalen,1610612753,ORL,Orlando Magic,0022400249,2024-11-18T00:00:00,ORL @ PHX,W,29.65,4.9,13.4,0.364,2.4,8.5,0.286,2.4,2.4,1.0,0.0,2.4,2.4,1.2,3.6,0.0,2.4,0.0,1.2,2.4,14.6,-1.2,22.9,0,0,25.5,1,1,13086,1,8089,14785,11207,16861,8378,5587,11433,9247,11394,1,14058,18403,20940,18971,4689,12854,2506,8846,18453,11234,13325,13683,19591,2246,150,17282,1,29:39
2024-25,1629726,Garrison Mathews,Garrison,1610612737,ATL,Atlanta Hawks,0022400250,2024-11-18T00:00:00,ATL @ SAC,W,28.483333333333334,3.8,7.6,0.5,3.8,6.3,0.6,0.0,0.0,0.0,0.0,1.3,1.3,5.1,0.0,2.5,0.0,0.0,2.5,0.0,11.4,21.5,28.1,0,0,26.5,1,1,13086,1,9135,17593,20816,8526,4468,9940,2992,13505,14344,13505,14058,21354,22858,7343,16469,4313,8263,8846,12681,17725,16818,3581,16179,2246,150,16506,1,28:29
2024-25,1626164,Devin Booker,Devin,1610612756,PHX,Phoenix Suns,0022400249,2024-11-18T00:00:00,PHX vs. ORL,L,38.1,4.7,13.2,0.357,0.9,6.6,0.143,5.7,5.7,1.0,0.0,1.9,1.9,4.7,1.9,0.9,0.0,0.0,4.7,5.7,16.1,-4.7,26.4,0,0,25.5,1,13222,1,13222,1325,15182,11433,17140,14813,9282,14649,3225,4938,1,14058,20004,22019,8124,11104,12402,8263,8846,5230,3079,11859,15433,17375,2246,150,17275,1,38:06
2024-25,201587,Nicolas Batum,Nicolas,1610612746,LAC,LA Clippers,0022400251,2024-11-18T00:00:00,LAC vs. GSW,W,20.4,5.3,10.6,0.5,5.3,8.8,0.6,0.0,0.0,0.0,0.0,5.3,5.3,0.0,1.8,0.0,0.0,0.0,0.0,0.0,15.9,7.1,20.5,0,0,26.5,1,1,13086,1,15715,13542,16057,8526,1955,5065,2992,13505,14344,13505,14058,10038,14048,19908,11684,12854,8263,8846,20257,17725,12036,9108,20960,2246,150,16565,1,20:24
2024-25,1630581,Josh Giddey,Josh,1610612741,CHI,Chicago Bulls,0022400244,2024-11-18T00:00:00,CHI @ DET,W,28.783333333333335,6.3,12.5,0.5,1.3,5.0,0.25,0.0,0.0,0.0,2.5,7.5,10.0,12.5,5.0,0.0,0.0,1.3,3.8,2.5,13.8,16.3,39.5,1,0,37.5,1,1,13086,1,8852,10839,12718,8526,13098,13209,11902,13505,14344,13505,6605,5492,5425,614,2337,12854,8263,5929,7903,10981,14219,5154,8056,1,150,8348,1,28:47
2024-25,203081,Damian Lillard,Damian,1610612749,MIL,Milwaukee Bucks,0022400248,2024-11-18T00:00:00,MIL vs. HOU,W,35.61833333333333,6.1,18.2,0.333,0.0,6.1,0.0,6.1,7.1,0.857,0.0,4.0,4.0,10.1,2.0,0.0,0.0,1.0,1.0,6.1,18.2,-4.0,36.2,1,0,32.3,1,1,13086,1,2972,11328,4466,17395,15070,10529,15070,2802,3295,7071,14058,13587,17208,1383,10418,12854,8263,7824,19644,2539,9635,15089,10249,1,150,12114,1,35:37
2024-25,1641824,Matas Buzelis,Matas,1610612741,CHI,Chicago Bulls,0022400244,2024-11-18T00:00:00,CHI @ DET,W,2.2666666666666666,0.0,15.9,0.0,0.0,15.9,0.0,0.0,0.0,0.0,0.0,0.0,0.0,0.0,0.0,0.0,0.0,0.0,15.9,0.0,0.0,-47.6,0.0,0,0,0.0,1,1,13086,1,25330,22635,7290,22635,15070,534,15070,13505,14344,13505,14058,22137,23286,19908,16469,12854,8263,8846,212,17725,23200,25295,25228,2246,150,25259,1,2:16
2024-25,1631107,Nikola Jović,Nikola,1610612748,MIA,Miami Heat,0022400245,2024-11-18T00:00:00,MIA vs. PHI,W,8.113333333333333,4.4,13.3,0.333,0.0,4.4,0.0,4.4,8.9,0.5,0.0,13.3,13.3,4.4,0.0,4.4,0.0,0.0,0.0,4.4,13.3,-8.9,49.3,0,0,39.9,1,1,13086,1,22778,15962,11285,17395,15070,14604,15070,4931,1937,10625,14058,924,2597,8796,16469,1273,8263,8846,20257,5271,14737,17369,3526,2246,150,6814,1,8:07
2024-25,1641783,Tristan da Silva,Tristan,1610612753,ORL,Orlando Magic,0022400249,2024-11-18T00:00:00,ORL @ PHX,W,26.39,1.4,6.8,0.2,1.4,4.1,0.333,0.0,0.0,0.0,1.4,5.5,6.8,8.2,0.0,0.0,0.0,0.0,1.4,1.4,4.1,12.3,24.6,0,0,20.5,1,1,13086,1,10827,22333,21766,21401,12592,15370,9209,13505,14344,13505,10908,9655,10491,2714,16469,12854,8263,8846,17772,15604,22508,6682,18568,2246,150,20601,1,26:23
2024-25,1642402,Enrique Freeman,Enrique,1610612754,IND,Indiana Pacers,0022400247,2024-11-18T00:00:00,IND @ TOR,L,19.423333333333332,1.9,7.4,0.25,1.9,3.7,0.5,0.0,0.0,0.0,1.9,5.6,7.4,1.9,1.9,1.9,0.0,1.9,5.6,3.7,5.6,-33.4,20.9,0,0,20.4,1,13222,1,13222,16481,21656,21054,20233,10864,16202,3944,13505,14344,13505,9030,9391,9346,16920,11303,7014,8263,3728,3610,7116,21693,24212,20717,2246,150,20637,1,19:25
2024-25,1641737,Adem Bona,Adem,1610612755,PHI,Philadelphia 76ers,0022400245,2024-11-18T00:00:00,PHI @ MIA,L,1.0333333333333334,0.0,0.0,0.0,0.0,0.0,0.0,0.0,0.0,0.0,0.0,0.0,0.0,0.0,0.0,0.0,0.0,0.0,0.0,0.0,0.0,0.0,0.0,0,0,0.0,1,13222,1,13222,26048,22635,24836,22635,15070,20945,15070,13505,14344,13505,14058,22137,23286,19908,16469,12854,8263,8846,20257,17725,23200,12240,25228,2246,150,25259,1,1:02
2024-25,1631115,Orlando Robinson,Orlando,1610612758,SAC,Sacramento Kings,0022400250,2024-11-18T00:00:00,SAC vs. ATL,L,7.316666666666666,0.0,0.0,0.0,0.0,0.0,0.0,4.9,9.8,0.5,0.0,14.8,14.8,4.9,9.8,4.9,0.0,0.0,4.9,4.9,4.9,-54.1,34.9,0,0,34.4,1,13222,1,13222,23056,22635,24836,22635,15070,20945,15070,4159,1435,10625,14058,617,1888,7642,338,942,8263,8846,4794,4259,22053,25546,11098,2246,150,10495,1,7:19
2024-25,203110,Draymond Green,Draymond,1610612744,GSW,Golden State Warriors,0022400251,2024-11-18T00:00:00,GSW @ LAC,L,32.288333333333334,3.3,7.8,0.429,2.2,3.3,0.667,1.1,2.2,0.5,1.1,8.9,10.0,7.8,6.7,1.1,1.1,0.0,3.3,2.2,10.0,-3.3,33.8,0,0,34.6,1,13222,1,13222,5748,18647,20528,13735,9120,16971,1957,12872,11994,10625,12360,3594,5396,3076,1030,10900,6696,8846,9266,12031,18127,14736,11990,2246,150,10393,1,32:17
2024-25,1630168,Onyeka Okongwu,Onyeka,1610612737,ATL,Atlanta Hawks,0022400250,2024-11-18T00:00:00,ATL @ SAC,W,19.533333333333335,5.5,9.2,0.6,0.0,1.8,0.0,1.8,1.8,1.0,0.0,3.7,3.7,0.0,0.0,1.8,0.0,0.0,1.8,3.7,12.9,-24.0,22.9,0,0,20.3,1,1,13086,1,16387,12916,18380,5394,15070,19845,15070,11137,13124,1,14058,14673,18102,19908,16469,7064,8263,8846,15975,7165,15199,22562,19646,2246,150,20707,1,19:32
2024-25,1641803,Tristen Newton,Tristen,1610612754,IND,Indiana Pacers,0022400247,2024-11-18T00:00:00,IND @ TOR,L,0.69,0.0,52.2,0.0,0.0,0.0,0.0,0.0,0.0,0.0,0.0,0.0,0.0,0.0,0.0,0.0,0.0,0.0,0.0,0.0,0.0,-52.2,0.0,0,0,0.0,1,13222,1,13222,26164,22635,26,22635,15070,20945,15070,13505,14344,13505,14058,22137,23286,19908,16469,12854,8263,8846,20257,17725,23200,25478,25228,2246,150,25259,1,0:41
2024-25,1627783,Pascal Siakam,Pascal,1610612754,IND,Indiana Pacers,0022400247,2024-11-18T00:00:00,IND @ TOR,L,38.99333333333333,8.3,18.5,0.45,0.9,2.8,0.333,5.5,7.4,0.75,5.5,3.7,9.2,4.6,0.0,0.9,0.0,2.8,1.8,4.6,23.1,-11.1,43.9,1,0,39.7,1,13222,1,13222,886,5968,4244,12982,14891,18122,9209,3374,3008,8186,1924,14655,6399,8373,16469,12547,8263,1641,15959,4906,5429,18356,5738,1,150,6948,1,38:60
2024-25,201145,Jeff Green,Jeff,1610612745,HOU,Houston Rockets,0022400248,2024-11-18T00:00:00,HOU @ MIL,L,2.45,0.0,0.0,0.0,0.0,0.0,0.0,0.0,0.0,0.0,0.0,0.0,0.0,0.0,0.0,0.0,0.0,0.0,0.0,0.0,0.0,-44.1,0.0,0,0,0.0,1,13222,1,13222,25225,22635,24836,22635,15070,20945,15070,13505,14344,13505,14058,22137,23286,19908,16469,12854,8263,8846,20257,17725,23200,25122,25228,2246,150,25259,1,2:27
2024-25,1630696,Dru Smith,Dru,1610612748,MIA,Miami Heat,0022400245,2024-11-18T00:00:00,MIA vs. PHI,W,24.516666666666666,5.9,10.3,0.571,2.9,5.9,0.5,0.0,0.0,0.0,0.0,8.8,8.8,4.4,1.5,4.4,0.0,0.0,1.5,0.0,14.7,33.8,43.6,0,0,39.6,1,1,13086,1,12460,11884,16599,6538,6736,11016,3944,13505,14344,13505,14058,3712,7003,8870,12912,1298,8263,8846,17354,17725,13208,1530,5850,2246,150,6980,1,24:31
2024-25,1642359,Pacôme Dadiet,Pacôme,1610612752,NYK,New York Knicks,0022400246,2024-11-18T00:00:00,NYK vs. WAS,W,17.866666666666667,6.0,14.1,0.429,6.0,12.1,0.5,0.0,0.0,0.0,0.0,6.0,6.0,4.0,0.0,0.0,0.0,0.0,2.0,0.0,18.1,12.1,31.4,0,0,34.3,1,1,13086,1,17651,11384,10001,13735,1275,1737,3944,13505,14344,13505,14058,8236,12176,9866,16469,12854,8263,8846,15061,17725,9695,6760,13719,2246,150,10649,1,17:52
2024-25,1627736,Malik Beasley,Malik,1610612765,DET,Detroit Pistons,0022400244,2024-11-18T00:00:00,DET vs. CHI,L,30.35,9.5,22.5,0.421,5.9,16.6,0.357,0.0,0.0,0.0,3.6,1.2,4.7,2.4,0.0,1.2,0.0,0.0,2.4,1.2,24.9,-13.0,37.7,0,0,40.3,1,13222,1,13222,7456,3900,1569,14442,1358,447,9188,13505,14344,13505,4289,21548,15460,14975,16469,10298,8263,8846,13340,16475,4253,19144,9210,2246,150,6588,1,30:21
2024-25,1641741,Ricky Council IV,Ricky,1610612755,PHI,Philadelphia 76ers,0022400245,2024-11-18T00:00:00,PHI @ MIA,L,8.75,8.2,12.3,0.667,0.0,4.1,0.0,0.0,0.0,0.0,0.0,4.1,4.1,0.0,4.1,0.0,0.0,0.0,0.0,0.0,16.5,-12.3,17.3,0,0,20.6,1,13222,1,13222,22544,6146,12991,3281,15070,15312,15070,13505,14344,13505,14058,13373,17033,19908,3639,12854,8263,8846,20257,17725,11434,18877,22383,2246,150,20526,1,8:45
2024-25,1626196,Josh Richardson,Josh,1610612748,MIA,Miami Heat,0022400245,2024-11-18T00:00:00,MIA vs. PHI,W,14.47,2.5,14.9,0.167,0.0,10.0,0.0,5.0,5.0,1.0,0.0,0.0,0.0,2.5,2.5,0.0,0.0,0.0,2.5,7.5,10.0,-52.2,11.2,0,0,12.4,1,1,13086,1,19894,20489,8716,21938,15070,3548,15070,4079,5975,1,14058,22137,23286,14587,8302,12854,8263,8846,12853,1346,18201,25480,24199,2246,150,23890,1,14:28
2024-25,1630167,Obi Toppin,Obi,1610612754,IND,Indiana Pacers,0022400247,2024-11-18T00:00:00,IND @ TOR,L,31.0,9.3,15.1,0.615,3.5,9.3,0.375,0.0,0.0,0.0,0.0,2.3,2.3,5.8,1.2,2.3,1.2,1.2,1.2,1.2,22.1,-3.5,42.9,0,0,40.6,1,13222,1,13222,6873,4217,8439,5246,5180,4391,8800,13505,14344,13505,14058,18696,21149,5841,14718,4954,6417,6543,18753,16593,6154,14788,6191,2246,150,6413,1,31:00
2024-25,1642276,Kel'el Ware,Kel'el,1610612748,MIA,Miami Heat,0022400245,2024-11-18T00:00:00,MIA vs. PHI,W,1.0333333333333334,0.0,0.0,0.0,0.0,0.0,0.0,0.0,0.0,0.0,0.0,0.0,0.0,0.0,0.0,0.0,0.0,0.0,0.0,0.0,0.0,0.0,0.0,0,0,0.0,1,1,13086,1,26048,22635,24836,22635,15070,20945,15070,13505,14344,13505,14058,22137,23286,19908,16469,12854,8263,8846,20257,17725,23200,12240,25228,2246,150,25259,1,1:02
2024-25,1630175,Cole Anthony,Cole,1610612753,ORL,Orlando Magic,0022400249,2024-11-18T00:00:00,ORL @ PHX,W,3.433333333333333,0.0,0.0,0.0,0.0,0.0,0.0,0.0,10.5,0.0,0.0,0.0,0.0,10.5,0.0,0.0,0.0,0.0,10.5,0.0,0.0,-21.0,15.7,0,0,10.5,1,1,13086,1,24743,22635,24836,22635,15070,20945,15070,13505,1193,13505,14058,22137,23286,1205,16469,12854,8263,8846,611,17725,23200,21820,22946,2246,150,24333,1,3:26
2024-25,1631116,Patrick Baldwin Jr.,Patrick,1610612764,WAS,Washington Wizards,0022400246,2024-11-18T00:00:00,WAS @ NYK,L,4.983333333333333,0.0,0.0,0.0,0.0,0.0,0.0,0.0,0.0,0.0,0.0,0.0,0.0,0.0,0.0,0.0,0.0,0.0,0.0,0.0,0.0,-7.2,0.0,0,0,0.0,1,13222,1,13222,23997,22635,24836,22635,15070,20945,15070,13505,14344,13505,14058,22137,23286,19908,16469,12854,8263,8846,20257,17725,23200,16598,25228,2246,150,25259,1,4:59
2024-25,1626220,Royce O'Neale,Royce,1610612756,PHX,Phoenix Suns,0022400249,2024-11-18T00:00:00,PHX vs. ORL,L,19.966666666666665,1.8,14.4,0.125,0.0,9.0,0.0,0.0,0.0,0.0,1.8,10.8,12.6,0.0,1.8,0.0,1.8,3.6,3.6,0.0,3.6,-27.0,22.4,0,0,19.8,1,13222,1,13222,16042,21752,9477,22420,15070,4795,15070,13505,14344,13505,9226,2005,3052,19908,11538,12854,4053,842,8405,17725,22739,23249,19948,2246,150,20955,1,19:58
2024-25,1642273,Kyshawn George,Kyshawn,1610612764,WAS,Washington Wizards,0022400246,2024-11-18T00:00:00,WAS @ NYK,L,25.55,0.0,4.2,0.0,0.0,1.4,0.0,1.4,5.6,0.25,1.4,2.8,4.2,1.4,1.4,1.4,1.4,0.0,1.4,5.6,1.4,-15.5,15.6,0,0,12.7,1,13222,1,13222,11534,22635,23975,22635,15070,20371,15070,12001,4991,13358,10704,17343,16736,18313,13230,8847,5194,8846,17587,3142,23184,20096,22980,2246,150,23814,1,25:33
2024-25,1642403,Isaac Jones,Isaac,1610612758,SAC,Sacramento Kings,0022400250,2024-11-18T00:00:00,SAC vs. ATL,L,2.433333333333333,0.0,0.0,0.0,0.0,0.0,0.0,0.0,0.0,0.0,0.0,0.0,0.0,0.0,29.6,0.0,0.0,0.0,0.0,14.8,0.0,44.4,-29.6,0,0,0.0,1,13222,1,13222,25245,22635,24836,22635,15070,20945,15070,13505,14344,13505,14058,22137,23286,19908,15,12854,8263,8846,20257,108,23200,731,26297,2246,150,25259,1,2:26
2024-25,1641723,Kobe Bufkin,Kobe,1610612737,ATL,Atlanta Hawks,0022400250,2024-11-18T00:00:00,ATL @ SAC,W,12.283333333333333,2.9,20.5,0.143,2.9,14.7,0.2,5.9,5.9,1.0,0.0,2.9,2.9,0.0,0.0,0.0,0.0,0.0,8.8,5.9,14.7,-41.0,18.2,0,0,20.5,1,1,13086,1,21109,19574,2627,22260,6757,773,13429,3011,4666,1,14058,16962,19905,19908,16469,12854,8263,8846,1030,2801,13243,24913,22018,2246,150,20566,1,12:17
2024-25,1627826,Ivica Zubac,Ivica,1610612746,LAC,LA Clippers,0022400251,2024-11-18T00:00:00,LAC vs. GSW,W,36.45,3.0,7.9,0.375,0.0,0.0,0.0,2.0,2.0,1.0,1.0,15.8,16.8,4.0,1.0,2.0,1.0,1.0,1.0,2.0,7.9,20.7,41.9,0,0,34.6,1,1,13086,1,2364,19502,20413,16299,15070,20945,15070,10729,12790,1,13351,459,1174,10070,15924,6363,7554,8028,19775,13186,19996,3749,6686,2246,150,10390,1,36:27
2024-25,1630346,Matt Ryan,Matt,1610612752,NYK,New York Knicks,0022400246,2024-11-18T00:00:00,NYK vs. WAS,W,2.6666666666666665,0.0,0.0,0.0,0.0,0.0,0.0,0.0,0.0,0.0,0.0,0.0,0.0,0.0,0.0,0.0,0.0,0.0,0.0,0.0,0.0,-67.5,0.0,0,0,0.0,1,1,13086,1,25146,22635,24836,22635,15070,20945,15070,13505,14344,13505,14058,22137,23286,19908,16469,12854,8263,8846,20257,17725,23200,25841,25228,2246,150,25259,1,2:40
2024-25,1629626,Bol Bol,Bol,1610612756,PHX,Phoenix Suns,0022400249,2024-11-18T00:00:00,PHX vs. ORL,L,5.833333333333333,0.0,6.2,0.0,0.0,6.2,0.0,6.2,12.3,0.5,0.0,0.0,0.0,0.0,0.0,0.0,0.0,0.0,0.0,6.2,6.2,-24.7,6.2,0,0,6.2,1,13222,1,13222,23649,22635,22448,22635,15070,10258,15070,2707,693,10625,14058,22137,23286,19908,16469,12854,8263,8846,20257,2424,21260,22742,24898,2246,150,24989,1,5:50
2024-25,1627884,Derrick Jones Jr.,Derrick,1610612746,LAC,LA Clippers,0022400251,2024-11-18T00:00:00,LAC vs. GSW,W,22.65,3.2,6.4,0.5,1.6,3.2,0.5,3.2,3.2,1.0,1.6,3.2,4.8,0.0,0.0,0.0,0.0,0.0,0.0,4.8,11.1,-7.9,16.8,0,0,17.5,1,1,13086,1,13991,19034,22261,8526,11711,17311,3944,7373,9551,1,9965,16162,15372,19908,16469,12854,8263,8846,20257,4573,17059,16951,22547,2246,150,22086,1,22:39
2024-25,1629312,Haywood Highsmith,Haywood,1610612748,MIA,Miami Heat,0022400245,2024-11-18T00:00:00,MIA vs. PHI,W,31.536666666666665,3.4,5.7,0.6,3.4,3.4,1.0,0.0,0.0,0.0,0.0,1.1,1.1,1.1,2.3,0.0,1.1,1.1,2.3,0.0,10.3,24.0,14.5,0,0,18.3,1,1,13086,1,6389,18485,22898,5394,5324,16822,1,13505,14344,13505,14058,21653,23022,19221,9152,12854,6532,6705,13712,17725,17879,3032,23332,2246,150,21737,1,31:32
2024-25,1641748,Andre Jackson Jr.,Andre,1610612749,MIL,Milwaukee Bucks,0022400248,2024-11-18T00:00:00,MIL vs. HOU,W,4.848333333333334,0.0,7.4,0.0,0.0,0.0,0.0,0.0,0.0,0.0,0.0,7.4,7.4,0.0,0.0,0.0,0.0,0.0,7.4,0.0,0.0,-59.4,8.9,0,0,7.4,1,1,13086,1,24064,22635,21033,22635,15070,20945,15070,13505,14344,13505,14058,5634,9310,19908,16469,12854,8263,8846,1693,17725,23200,25676,24582,2246,150,24847,1,4:51
2024-25,1642263,Reed Sheppard,Reed,1610612745,HOU,Houston Rockets,0022400248,2024-11-18T00:00:00,HOU @ MIL,L,4.766666666666667,0.0,22.7,0.0,0.0,7.6,0.0,0.0,0.0,0.0,7.6,0.0,7.6,0.0,7.6,0.0,0.0,0.0,0.0,0.0,0.0,-52.9,1.5,0,0,7.6,1,13222,1,13222,24110,22635,1518,22635,15070,7266,15070,13505,14344,13505,930,22137,9062,19908,692,12854,8263,8846,20257,17725,23200,25506,25185,2246,150,24827,1,4:46
2024-25,1631098,Johnny Davis,Johnny,1610612764,WAS,Washington Wizards,0022400246,2024-11-18T00:00:00,WAS @ NYK,L,8.166666666666666,4.4,8.8,0.5,0.0,4.4,0.0,0.0,0.0,0.0,0.0,0.0,0.0,0.0,0.0,4.4,0.0,0.0,4.4,0.0,8.8,-13.2,22.0,0,0,17.6,1,13222,1,13222,22752,16041,18989,8526,15070,14656,15070,13505,14344,13505,14058,22137,23286,19908,16469,1295,8263,8846,5999,17725,19253,19200,20115,2246,150,22014,1,8:10
2024-25,1631093,Jaden Ivey,Jaden,1610612765,DET,Detroit Pistons,0022400244,2024-11-18T00:00:00,DET vs. CHI,L,31.85,3.4,13.6,0.25,1.1,4.5,0.25,5.7,7.9,0.714,0.0,3.4,3.4,5.7,0.0,0.0,0.0,1.1,3.4,4.5,13.6,-17.0,26.1,0,0,23.7,1,13222,1,13222,6101,18559,10890,20233,13763,14379,11902,3253,2584,9244,14058,15540,18797,6143,16469,12854,8263,6789,9109,5090,14422,20602,17554,2246,150,18515,1,31:51
2024-25,1642277,Johnny Furphy,Johnny,1610612754,IND,Indiana Pacers,0022400247,2024-11-18T00:00:00,IND @ TOR,L,8.083333333333334,4.5,8.9,0.5,4.5,8.9,0.5,0.0,0.0,0.0,0.0,0.0,0.0,0.0,4.5,0.0,0.0,4.5,4.5,8.9,13.4,-13.4,8.9,0,0,17.8,1,13222,1,13222,22785,15917,18857,8526,3144,4957,3944,13505,14344,13505,14058,22137,23286,19908,3069,12854,8263,495,5879,689,14673,19257,24584,2246,150,21946,1,8:05
2024-25,1630558,Davion Mitchell,Davion,1610612761,TOR,Toronto Raptors,0022400247,2024-11-18T00:00:00,TOR vs. IND,W,32.6,4.4,7.7,0.571,1.1,2.2,0.5,2.2,2.2,1.0,0.0,0.0,0.0,4.4,3.3,0.0,0.0,1.1,5.5,3.3,12.1,28.7,15.5,0,0,17.7,1,1,13086,1,5479,16017,20618,6538,13921,19149,3944,9917,12062,1,14058,22137,23286,8837,5472,12854,8263,7005,3669,8213,15985,2147,23035,2246,150,22000,1,32:36
2024-25,200768,Kyle Lowry,Kyle,1610612755,PHI,Philadelphia 76ers,0022400245,2024-11-18T00:00:00,PHI @ MIA,L,19.016666666666666,0.0,5.7,0.0,0.0,5.7,0.0,0.0,0.0,0.0,0.0,1.9,1.9,1.9,1.9,1.9,0.0,0.0,3.8,0.0,0.0,-34.1,8.9,0,0,7.6,1,13222,1,13222,16808,22635,22921,22635,15070,11510,15070,13505,14344,13505,14058,19997,22013,16777,11081,6799,8263,8846,7784,17725,23200,24313,24588,2246,150,24823,1,19:01
2024-25,1630574,Ariel Hukporti,Ariel,1610612752,NYK,New York Knicks,0022400246,2024-11-18T00:00:00,NYK vs. WAS,W,6.066666666666666,5.9,5.9,1.0,0.0,0.0,0.0,0.0,0.0,0.0,0.0,5.9,5.9,0.0,5.9,0.0,0.0,0.0,11.9,0.0,11.9,-89.0,13.1,0,0,17.8,1,1,13086,1,23571,11691,22670,1,15070,20945,15070,13505,14344,13505,14058,8474,12442,19908,1425,12854,8263,8846,434,17725,16266,26079,23754,2246,150,21949,1,6:04
2024-25,1641796,Pelle Larsson,Pelle,1610612748,MIA,Miami Heat,0022400245,2024-11-18T00:00:00,MIA vs. PHI,W,7.55,9.5,14.3,0.667,0.0,0.0,0.0,0.0,0.0,0.0,0.0,0.0,0.0,0.0,0.0,0.0,0.0,0.0,4.8,0.0,19.1,-109.7,19.1,0,0,19.1,1,1,13086,1,22976,3827,9676,3281,15070,20945,15070,13505,14344,13505,14058,22137,23286,19908,16469,12854,8263,8846,5135,17725,8783,26198,21600,2246,150,21365,1,7:33
2024-25,203501,Tim Hardaway Jr.,Tim,1610612765,DET,Detroit Pistons,0022400244,2024-11-18T00:00:00,DET vs. CHI,L,30.238333333333333,1.2,11.9,0.1,0.0,9.5,0.0,0.0,0.0,0.0,0.0,1.2,1.2,3.6,0.0,0.0,0.0,0.0,0.0,1.2,2.4,-7.1,9.2,0,0,7.1,1,13222,1,13222,7563,22505,13754,22561,15070,4069,15070,13505,14344,13505,14058,21535,22949,11169,16469,12854,8263,8846,20257,16446,23101,16579,24545,2246,150,24877,1,30:14
2024-25,1642278,Tyler Kolek,Tyler,1610612752,NYK,New York Knicks,0022400246,2024-11-18T00:00:00,NYK vs. WAS,W,17.0,4.2,12.7,0.333,2.1,4.2,0.5,0.0,0.0,0.0,0.0,0.0,0.0,6.4,2.1,2.1,0.0,0.0,4.2,0.0,10.6,-2.1,24.4,0,0,23.3,1,1,13086,1,18255,16491,12373,17395,9606,15033,3944,13505,14344,13505,14058,22137,23286,4924,9918,5704,8263,8846,6458,17725,17568,14107,18708,2246,150,18807,1,17:00
2024-25,203914,Gary Harris,Gary,1610612753,ORL,Orlando Magic,0022400249,2024-11-18T00:00:00,ORL @ PHX,W,11.183333333333334,0.0,0.0,0.0,0.0,0.0,0.0,0.0,0.0,0.0,3.2,3.2,6.4,0.0,0.0,0.0,0.0,0.0,6.4,0.0,0.0,3.2,7.7,0,0,6.4,1,1,13086,1,21631,22635,24836,22635,15070,20945,15070,13505,14344,13505,4904,16029,11303,19908,16469,12854,8263,8846,2454,17725,23200,11008,24731,2246,150,24954,1,11:11
2024-25,1630172,Patrick Williams,Patrick,1610612741,CHI,Chicago Bulls,0022400244,2024-11-18T00:00:00,CHI @ DET,W,33.355,3.2,10.8,0.3,2.2,4.3,0.5,0.0,0.0,0.0,2.2,3.2,5.4,2.2,1.1,0.0,0.0,1.1,3.2,0.0,8.6,3.2,17.3,0,0,18.3,1,1,13086,1,4856,18919,15707,19363,9402,14868,3944,13505,14344,13505,7725,15973,13823,15774,15282,12854,8263,7232,9708,17725,19396,10998,22388,2246,150,21691,1,33:21
2024-25,1628368,De'Aaron Fox,De'Aaron,1610612758,SAC,Sacramento Kings,0022400250,2024-11-18T00:00:00,SAC vs. ATL,L,39.083333333333336,10.1,21.2,0.478,2.8,5.5,0.5,2.8,3.7,0.75,0.0,4.6,4.6,6.4,3.7,0.9,0.0,3.7,1.8,4.6,25.8,1.8,40.1,0,0,41.4,1,13222,1,13222,852,3080,2214,11986,7346,11900,3944,8425,8509,8186,14058,11964,15796,4786,4590,12556,8263,805,15981,4926,3777,11713,7716,2246,150,5950,1,39:05
2024-25,1642272,Jared McCain,Jared,1610612755,PHI,Philadelphia 76ers,0022400245,2024-11-18T00:00:00,PHI @ MIA,L,36.50333333333333,7.9,15.8,0.5,3.9,8.9,0.444,0.0,0.0,0.0,0.0,3.9,3.9,3.9,2.0,2.0,0.0,1.0,3.0,0.0,19.7,-17.8,34.3,0,0,35.5,1,13222,1,13222,2335,6865,7431,8526,4103,4994,7211,13505,14344,13505,14058,13893,17454,10092,10653,6384,8263,8041,10911,17725,8141,20852,11575,2246,150,9726,1,36:30
2024-25,1631210,Jacob Toppin,Jacob,1610612752,NYK,New York Knicks,0022400246,2024-11-18T00:00:00,NYK vs. WAS,W,2.6666666666666665,0.0,0.0,0.0,0.0,0.0,0.0,0.0,0.0,0.0,0.0,13.5,13.5,13.5,0.0,0.0,0.0,0.0,0.0,0.0,0.0,-67.5,36.5,0,0,27.0,1,1,13086,1,25146,22635,24836,22635,15070,20945,15070,13505,14344,13505,14058,876,2486,449,16469,12854,8263,8846,20257,17725,23200,25841,10058,2246,150,16149,1,2:40
2024-25,203992,Bogdan Bogdanović,Bogdan,1610612737,ATL,Atlanta Hawks,0022400250,2024-11-18T00:00:00,ATL @ SAC,W,18.4,3.9,13.7,0.286,3.9,11.7,0.333,0.0,0.0,0.0,0.0,5.9,5.9,5.9,0.0,0.0,0.0,0.0,2.0,0.0,11.7,-17.6,27.6,0,0,27.4,1,1,13086,1,17275,17286,10664,19630,4175,1933,9209,13505,14344,13505,14058,8615,12591,5725,16469,12854,8263,8846,15371,17725,16407,20812,16510,2246,150,15871,1,18:24
2024-25,1630579,Jericho Sims,Jericho,1610612752,NYK,New York Knicks,0022400246,2024-11-18T00:00:00,NYK vs. WAS,W,19.3,5.6,7.5,0.75,0.0,0.0,0.0,1.9,1.9,1.0,1.9,11.2,13.1,0.0,1.9,0.0,1.9,1.9,1.9,1.9,13.1,24.2,32.5,0,0,29.8,1,1,13086,1,16572,12714,20988,2107,15070,20945,15070,11066,13079,1,8964,1804,2766,19908,11245,12854,3879,3690,15861,13666,15030,2972,12978,2246,150,14066,1,19:18
2024-25,203952,Andrew Wiggins,Andrew,1610612744,GSW,Golden State Warriors,0022400251,2024-11-18T00:00:00,GSW @ LAC,L,28.916666666666668,8.7,14.9,0.583,2.5,5.0,0.5,7.5,10.0,0.75,2.5,1.2,3.7,0.0,1.2,0.0,1.2,2.5,0.0,5.0,27.4,-6.2,34.4,0,0,36.1,1,13222,1,13222,8740,5239,8700,6296,8181,13252,3944,1686,1387,8186,6637,21411,17976,19908,14127,12854,5917,2059,20257,4158,3026,16172,11547,2246,150,9299,1,28:55
2024-25,1629162,Jordan McLaughlin,Jordan,1610612758,SAC,Sacramento Kings,0022400250,2024-11-18T00:00:00,SAC vs. ATL,L,19.766666666666666,3.6,5.5,0.667,1.8,1.8,1.0,5.5,7.3,0.75,0.0,3.6,3.6,7.3,0.0,0.0,0.0,1.8,0.0,3.6,14.6,14.6,29.9,0,0,27.3,1,13222,1,13222,16206,17981,23114,3281,10985,19881,1,3457,3107,8186,14058,14812,18217,3630,16469,12854,8263,3828,20257,7275,13325,5790,14897,2246,150,15932,1,19:46
2024-25,1626145,Tyus Jones,Tyus,1610612756,PHX,Phoenix Suns,0022400249,2024-11-18T00:00:00,PHX vs. ORL,L,32.31666666666667,7.8,18.9,0.412,4.5,12.3,0.364,0.0,0.0,0.0,1.1,1.1,2.2,8.9,0.0,0.0,0.0,1.1,1.1,0.0,20.1,2.2,36.1,0,0,35.6,1,13222,1,13222,5711,7074,3811,14791,3141,1646,9100,13505,14344,13505,12370,21725,21360,2099,16469,12854,8263,6929,19023,17725,7886,11501,10302,2246,150,9631,1,32:19
2024-25,1631204,Marcus Sasser,Marcus,1610612765,DET,Detroit Pistons,0022400244,2024-11-18T00:00:00,DET vs. CHI,L,6.133333333333334,11.7,11.7,1.0,5.9,5.9,1.0,0.0,0.0,0.0,0.0,0.0,0.0,0.0,5.9,0.0,0.0,0.0,5.9,0.0,29.3,41.1,23.5,0,0,35.2,1,13222,1,13222,23548,1696,14039,1,1413,11023,1,13505,14344,13505,14058,22137,23286,19908,1489,12854,8263,8846,3116,17725,2319,900,19273,2246,150,9933,1,6:08
2024-25,1641842,Ronald Holland II,Ronald,1610612765,DET,Detroit Pistons,0022400244,2024-11-18T00:00:00,DET vs. CHI,L,9.041666666666666,4.0,8.0,0.5,0.0,0.0,0.0,0.0,0.0,0.0,4.0,11.9,15.9,4.0,0.0,4.0,0.0,0.0,4.0,0.0,8.0,4.0,45.0,0,0,35.8,1,13222,1,13222,22437,17137,20324,8526,15070,20945,15070,13505,14344,13505,3622,1393,1455,9977,16469,1657,8263,8846,7192,17725,19951,10659,5186,2246,150,9494,1,9:03
2024-25,202699,Tobias Harris,Tobias,1610612765,DET,Detroit Pistons,0022400244,2024-11-18T00:00:00,DET vs. CHI,L,32.005,7.9,16.9,0.467,1.1,4.5,0.25,1.1,1.1,1.0,0.0,2.2,2.2,0.0,1.1,0.0,0.0,2.2,2.2,2.2,18.0,-23.6,19.6,0,0,21.4,1,13222,1,13222,5960,6903,5956,12249,13809,14429,11902,12841,14005,1,14058,18921,21319,19908,14981,12854,8263,2555,13884,11944,9848,22480,21373,2246,150,20056,1,32:00
2024-25,1629611,Terance Mann,Terance,1610612746,LAC,LA Clippers,0022400251,2024-11-18T00:00:00,LAC vs. GSW,W,22.816666666666666,6.3,15.8,0.4,3.2,9.5,0.333,0.0,0.0,0.0,1.6,6.3,7.9,9.5,0.0,3.2,0.0,3.2,3.2,0.0,15.8,15.8,48.9,0,0,42.6,1,1,13086,1,13863,10672,7434,14933,6069,4156,9209,13505,14344,13505,10009,7676,8481,1717,16469,2820,8263,1188,10054,17725,12145,5332,3661,2246,150,5352,1,22:49
2024-25,1628988,Aaron Holiday,Aaron,1610612745,HOU,Houston Rockets,0022400248,2024-11-18T00:00:00,HOU @ MIL,L,9.0,8.0,12.0,0.667,4.0,8.0,0.5,0.0,0.0,0.0,0.0,4.0,4.0,8.0,0.0,0.0,0.0,0.0,0.0,4.0,20.0,44.0,36.8,0,0,36.0,1,13222,1,13222,22453,6633,13575,3281,3999,6448,3944,13505,14344,13505,14058,13720,17311,2886,16469,12854,8263,8846,20257,6303,7917,743,9840,2246,150,9360,1,9:00
2024-25,202710,Jimmy Butler III,Jimmy,1610612748,MIA,Miami Heat,0022400245,2024-11-18T00:00:00,MIA vs. PHI,W,33.666666666666664,8.6,12.8,0.667,1.1,1.1,1.0,13.9,13.9,1.0,5.3,5.3,10.7,5.3,0.0,1.1,0.0,1.1,2.1,9.6,32.1,31.0,56.1,1,0,51.3,1,1,13086,1,4576,5517,12156,3281,14134,20777,1,208,461,1,2044,9906,4705,6726,16469,11286,8263,7317,14413,490,1510,1832,1782,1,150,2195,1,33:40
2024-25,1631105,Jalen Duren,Jalen,1610612765,DET,Detroit Pistons,0022400244,2024-11-18T00:00:00,DET vs. CHI,L,30.083333333333332,8.4,15.6,0.538,0.0,0.0,0.0,1.2,2.4,0.5,14.4,12.0,26.3,3.6,0.0,0.0,2.4,1.2,3.6,1.2,18.0,-8.4,62.1,1,0,52.7,1,13222,1,13222,7702,5841,7750,7978,15070,20945,15070,12604,11507,10625,151,1379,165,11112,16469,12854,2569,6284,8458,16419,9892,17130,955,1,150,1889,1,30:05
2024-25,1627751,Jakob Poeltl,Jakob,1610612761,TOR,Toronto Raptors,0022400247,2024-11-18T00:00:00,TOR vs. IND,W,37.625,12.4,17.2,0.722,0.0,0.0,0.0,3.8,5.7,0.667,3.8,10.5,14.4,1.9,5.7,1.9,1.9,1.0,2.9,3.8,28.7,17.2,54.5,1,0,52.6,1,1,13086,1,1620,1277,5552,2738,15070,20945,15070,6029,4832,9425,3843,2212,2072,16709,1613,6697,3729,8287,11309,6778,2525,4832,2078,1,150,1900,1,37:38
2024-25,1628964,Mo Bamba,Mo,1610612746,LAC,LA Clippers,0022400251,2024-11-18T00:00:00,LAC vs. GSW,W,7.35,4.9,4.9,1.0,0.0,0.0,0.0,4.9,9.8,0.5,0.0,9.8,9.8,0.0,0.0,9.8,0.0,0.0,4.9,9.8,14.7,-63.7,55.8,0,0,44.1,1,1,13086,1,23049,14676,23529,1,15070,20945,15070,4196,1454,10625,14058,2729,5685,19908,16469,120,8263,8846,4839,455,13203,25758,1835,2246,150,4643,1,7:21
2024-25,201572,Brook Lopez,Brook,1610612749,MIL,Milwaukee Bucks,0022400248,2024-11-18T00:00:00,MIL vs. HOU,W,39.635,10.0,13.6,0.733,4.5,7.3,0.625,0.0,0.9,0.0,0.9,8.2,9.1,0.9,0.0,2.7,3.6,0.0,0.9,0.9,24.5,12.7,55.9,1,0,51.8,1,1,13086,1,673,3234,10792,2644,2992,7908,2868,13505,14311,13505,13873,4460,6613,19857,16469,3855,1128,8846,20128,17648,4476,6511,1831,1,150,2087,1,39:38
2024-25,202685,Jonas Valančiūnas,Jonas,1610612764,WAS,Washington Wizards,0022400246,2024-11-18T00:00:00,WAS @ NYK,L,18.183333333333334,15.8,21.8,0.727,0.0,0.0,0.0,4.0,4.0,1.0,7.9,7.9,15.8,5.9,4.0,0.0,4.0,0.0,2.0,2.0,35.6,-4.0,71.5,0,0,65.3,1,13222,1,13222,17449,372,1913,2666,15070,20945,15070,5770,7921,1,815,4828,1477,5607,3954,12854,942,8846,15256,13160,889,15045,388,2246,150,466,1,18:11
2024-25,1629628,RJ Barrett,RJ,1610612761,TOR,Toronto Raptors,0022400247,2024-11-18T00:00:00,TOR vs. IND,W,35.583333333333336,13.2,21.2,0.619,4.0,8.1,0.5,9.1,12.1,0.75,1.0,8.1,9.1,5.1,5.1,0.0,0.0,1.0,2.0,6.1,39.5,12.1,52.9,0,0,57.7,1,1,13086,1,3006,972,2186,5227,3897,6297,3944,963,729,8186,13160,4573,6581,7336,2270,12854,8263,7808,15007,2533,482,6735,2476,2246,150,1071,1,35:35
2024-25,202696,Nikola Vučević,Nikola,1610612741,CHI,Chicago Bulls,0022400244,2024-11-18T00:00:00,CHI @ DET,W,35.083333333333336,11.3,18.5,0.611,6.2,8.2,0.75,1.0,2.1,0.5,2.1,10.3,12.3,3.1,0.0,0.0,3.1,0.0,2.1,7.2,29.8,24.6,58.4,1,0,57.5,1,1,13086,1,3396,2021,4240,5351,1192,6071,1542,13153,12572,10625,8162,2386,3258,12673,16469,12854,1600,8846,14863,1521,2178,2894,1417,1,150,1106,1,35:05
2024-25,1642258,Zaccharie Risacher,Zaccharie,1610612737,ATL,Atlanta Hawks,0022400250,2024-11-18T00:00:00,ATL @ SAC,W,26.1,8.3,15.2,0.545,4.1,6.9,0.6,4.1,5.5,0.75,1.4,2.8,4.1,2.8,4.1,2.8,1.4,1.4,4.1,4.1,24.8,-4.1,42.2,0,0,44.1,1,1,13086,1,11088,6033,8305,7695,3701,8677,2992,5463,5163,8186,10838,17533,16981,13719,3597,3782,5317,5265,6719,5969,4288,15143,6524,2246,150,4626,1,26:06
2024-25,201939,Stephen Curry,Stephen,1610612744,GSW,Golden State Warriors,0022400251,2024-11-18T00:00:00,GSW @ LAC,L,32.38333333333333,11.1,23.3,0.476,6.7,16.7,0.4,0.0,0.0,0.0,1.1,6.7,7.8,6.7,3.3,0.0,1.1,1.1,1.1,1.1,28.9,-5.6,48.2,0,0,52.2,1,13222,1,13222,5657,2170,1266,12010,913,440,7874,13505,14344,13505,12380,6959,8656,4471,5398,12854,6714,6948,19037,16857,2455,15860,3896,2246,150,1984,1,32:23
2024-25,204456,T.J. McConnell,T.J.,1610612754,IND,Indiana Pacers,0022400247,2024-11-18T00:00:00,IND @ TOR,L,26.5,5.4,14.9,0.364,0.0,1.4,0.0,2.7,2.7,1.0,0.0,4.1,4.1,9.5,0.0,6.8,0.0,2.7,2.7,5.4,13.6,31.2,53.1,0,0,40.8,1,13222,1,13222,10724,13173,8695,16861,15070,20425,15070,8530,10696,1,14058,13494,17126,1700,16469,335,8263,1716,11962,3427,14391,1802,2414,2246,150,6347,1,26:30
2024-25,1631165,Keon Ellis,Keon,1610612758,SAC,Sacramento Kings,0022400250,2024-11-18T00:00:00,SAC vs. ATL,L,33.083333333333336,9.8,18.5,0.529,9.8,16.3,0.6,6.5,7.6,0.857,2.2,4.4,6.5,1.1,1.1,1.1,1.1,0.0,1.1,5.4,35.9,16.3,50.8,0,0,57.7,1,13222,1,13222,5083,3482,4219,8281,224,476,2992,2375,2799,7071,7667,12644,11108,19386,15211,11118,6874,8846,19164,3421,844,5135,3037,2246,150,1069,1,33:05
2024-25,1629021,Moritz Wagner,Moritz,1610612753,ORL,Orlando Magic,0022400249,2024-11-18T00:00:00,ORL @ PHX,W,12.466666666666667,11.6,20.2,0.571,0.0,5.8,0.0,2.9,2.9,1.0,2.9,14.4,17.3,0.0,2.9,0.0,0.0,2.9,5.8,8.7,26.0,2.9,43.9,0,0,43.3,1,1,13086,1,21015,1837,2819,6538,15070,11265,15070,8121,10262,1,5616,667,1055,19908,6889,12854,8263,1484,3262,765,3690,11178,5724,2246,150,4988,1,12:28
2024-25,203507,Giannis Antetokounmpo,Giannis,1610612749,MIL,Milwaukee Bucks,0022400248,2024-11-18T00:00:00,MIL vs. HOU,W,35.583333333333336,9.1,17.2,0.529,0.0,0.0,0.0,2.0,7.1,0.286,2.0,11.1,13.2,4.0,8.1,0.0,3.0,2.0,3.0,4.0,20.2,-2.0,43.1,1,0,43.5,1,1,13086,1,3006,4522,5577,8281,15070,20945,15070,10558,3289,13350,8283,1835,2701,9813,568,12854,1651,3146,10557,6181,7708,14059,6093,1,150,4917,1,35:35
2024-25,202066,Garrett Temple,Garrett,1610612761,TOR,Toronto Raptors,0022400247,2024-11-18T00:00:00,TOR vs. IND,W,10.916666666666666,3.3,6.6,0.5,3.3,3.3,1.0,0.0,0.0,0.0,0.0,9.9,9.9,9.9,0.0,6.6,3.3,0.0,9.9,0.0,9.9,29.7,66.3,0,0,52.8,1,1,13086,1,21746,18762,22019,8526,5668,17076,1,13505,14344,13505,14058,2658,5551,1495,16469,356,1396,8846,724,17725,18263,2007,613,2246,150,1859,1,10:55
2024-25,1626166,Cameron Payne,Cameron,1610612752,NYK,New York Knicks,0022400246,2024-11-18T00:00:00,NYK vs. WAS,W,22.616666666666667,9.6,14.3,0.667,8.0,9.6,0.833,0.0,0.0,0.0,1.6,1.6,3.2,11.1,3.2,0.0,0.0,0.0,3.2,4.8,27.1,30.2,44.4,0,0,49.3,1,1,13086,1,14015,3815,9648,3281,468,4038,1341,13505,14344,13505,9958,20696,19282,952,5873,12854,8263,8846,9929,4560,3185,1938,5460,2246,150,2716,1,22:37
2024-25,1641732,Colby Jones,Colby,1610612758,SAC,Sacramento Kings,0022400250,2024-11-18T00:00:00,SAC vs. ATL,L,2.9166666666666665,0.0,12.3,0.0,0.0,0.0,0.0,0.0,0.0,0.0,12.3,24.7,37.0,12.3,0.0,0.0,0.0,12.3,0.0,12.3,0.0,86.4,62.9,0,0,49.4,1,13222,1,13222,25024,22635,12991,22635,15070,20945,15070,13505,14344,13505,225,82,39,646,16469,12854,8263,43,20257,179,23200,124,881,2246,150,2703,1,2:55
2024-25,1630188,Jalen Smith,Jalen,1610612741,CHI,Chicago Bulls,0022400244,2024-11-18T00:00:00,CHI @ DET,W,12.916666666666666,5.6,13.9,0.4,5.6,8.4,0.667,5.6,5.6,1.0,5.6,8.4,13.9,5.6,5.6,2.8,0.0,0.0,0.0,2.8,22.3,-39.0,50.2,0,0,53.0,1,1,13086,1,20783,12773,10266,14933,1680,5805,1957,3338,5079,1,1898,4202,2266,6302,1748,3716,8263,8846,20257,10006,6006,24775,3222,2246,150,1814,1,12:55
2024-25,203083,Andre Drummond,Andre,1610612755,PHI,Philadelphia 76ers,0022400245,2024-11-18T00:00:00,PHI @ MIA,L,11.666666666666666,9.3,12.3,0.75,0.0,3.1,0.0,0.0,0.0,0.0,0.0,15.4,15.4,3.1,3.1,3.1,3.1,0.0,6.2,0.0,18.5,40.1,57.1,0,0,49.4,1,13222,1,13222,21428,4277,12991,2107,15070,17475,15070,13505,14344,13505,14058,496,1594,12646,6166,2961,1589,8846,2734,17725,9311,974,1618,2246,150,2703,1,11:40
2024-25,1626181,Norman Powell,Norman,1610612746,LAC,LA Clippers,0022400251,2024-11-18T00:00:00,LAC vs. GSW,W,25.716666666666665,12.6,21.0,0.6,7.0,8.4,0.833,0.0,0.0,0.0,0.0,1.4,1.4,0.0,5.6,1.4,0.0,0.0,0.0,0.0,32.2,4.2,32.5,0,0,43.4,1,1,13086,1,11386,1197,2336,5394,757,5753,1341,13505,14344,13505,14058,21080,22689,19908,1727,8900,8263,8846,20257,17725,1483,10543,12963,2246,150,4966,1,25:43
2024-25,1629632,Coby White,Coby,1610612741,CHI,Chicago Bulls,0022400244,2024-11-18T00:00:00,CHI @ DET,W,33.245,9.7,15.2,0.643,5.4,10.8,0.5,2.2,2.2,1.0,0.0,4.3,4.3,4.3,1.1,0.0,1.1,0.0,3.2,3.2,27.1,-3.2,40.9,0,0,43.3,1,1,13086,1,4957,3544,8322,4607,1828,2646,3944,10066,12195,1,14058,12709,16455,9054,15257,12854,6902,8846,9650,8404,3179,14699,7210,2246,150,4989,1,33:15
2024-25,1626157,Karl-Anthony Towns,Karl-Anthony,1610612752,NYK,New York Knicks,0022400246,2024-11-18T00:00:00,NYK vs. WAS,W,24.683333333333334,11.7,20.4,0.571,4.4,5.8,0.75,7.3,7.3,1.0,1.5,16.0,17.5,4.4,0.0,0.0,0.0,2.9,1.5,7.3,35.0,32.1,62.6,1,0,61.3,1,1,13086,1,12289,1742,2679,6538,3274,11125,1542,1805,3098,1,10499,431,1012,8948,16469,12854,8263,1436,17405,1451,955,1721,909,1,150,713,1,24:41
2024-25,1628973,Jalen Brunson,Jalen,1610612752,NYK,New York Knicks,0022400246,2024-11-18T00:00:00,NYK vs. WAS,W,30.3,10.7,17.8,0.6,5.9,10.7,0.556,3.6,3.6,1.0,0.0,1.2,1.2,13.1,0.0,1.2,0.0,0.0,1.2,5.9,30.9,30.9,55.5,1,0,53.5,1,1,13086,1,7493,2511,4893,5394,1348,2777,3747,6569,8757,1,14058,21543,22956,519,16469,10283,8263,8846,18603,2700,1805,1849,1895,1,150,1716,1,30:18
2024-25,1630215,Jared Butler,Jared,1610612764,WAS,Washington Wizards,0022400246,2024-11-18T00:00:00,WAS @ NYK,L,5.816666666666666,12.4,12.4,1.0,0.0,0.0,0.0,0.0,6.2,0.0,0.0,0.0,0.0,24.8,6.2,6.2,0.0,0.0,6.2,6.2,24.8,-6.2,74.3,0,0,61.9,1,13222,1,13222,23660,1310,12930,1,15070,20945,15070,13505,4237,13505,14058,22137,23286,40,1274,429,8263,8846,2719,2404,4333,16149,311,2246,150,649,1,5:49
2024-25,1630541,Moses Moody,Moses,1610612744,GSW,Golden State Warriors,0022400251,2024-11-18T00:00:00,GSW @ LAC,L,15.916666666666666,4.5,9.0,0.5,2.3,6.8,0.333,0.0,0.0,0.0,0.0,6.8,6.8,2.3,6.8,0.0,0.0,0.0,4.5,0.0,11.3,6.8,16.1,0,0,22.6,1,13222,1,13222,18986,15701,18645,8526,9004,8932,9209,13505,14344,13505,14058,6729,10561,15379,985,12854,8263,8846,5721,17725,16876,9245,22830,2246,150,19264,1,15:55
2024-25,203486,Mason Plumlee,Mason,1610612756,PHX,Phoenix Suns,0022400249,2024-11-18T00:00:00,PHX vs. ORL,L,23.198333333333334,4.7,10.9,0.429,0.0,0.0,0.0,3.1,4.7,0.667,7.8,9.3,17.1,9.3,4.7,0.0,0.0,4.7,4.7,3.1,12.4,-1.6,42.2,0,0,38.8,1,13222,1,13222,13563,15345,15585,13735,15070,20945,15070,7535,6568,9425,865,3192,1113,1800,2775,12854,8263,448,5394,8877,15691,13820,6521,2246,150,7520,1,23:12
2024-25,1641716,Jarace Walker,Jarace,1610612754,IND,Indiana Pacers,0022400247,2024-11-18T00:00:00,IND @ TOR,L,24.89,2.9,10.1,0.286,2.9,8.7,0.333,0.0,0.0,0.0,0.0,5.8,5.8,2.9,2.9,1.4,0.0,0.0,0.0,0.0,8.7,-24.6,21.4,0,0,23.1,1,13222,1,13222,12106,19673,16873,19630,6885,5303,9209,13505,14344,13505,14058,8826,12800,13303,6874,8656,8263,8846,20257,17725,19372,22719,20466,2246,150,18904,1,24:53
2024-25,1628389,Bam Adebayo,Bam,1610612748,MIA,Miami Heat,0022400245,2024-11-18T00:00:00,MIA vs. PHI,W,31.65,2.3,9.1,0.25,1.1,2.3,0.5,0.0,0.0,0.0,0.0,14.8,14.8,3.4,3.4,2.3,1.1,1.1,4.5,1.1,5.7,12.5,35.4,0,0,31.8,1,1,13086,1,6279,20897,18560,20233,13729,19038,3944,13505,14344,13505,14058,613,1883,11652,5203,5128,6555,6734,5665,16725,21602,6592,10822,2246,150,12499,1,31:39
2024-25,1631218,Trayce Jackson-Davis,Trayce,1610612744,GSW,Golden State Warriors,0022400251,2024-11-18T00:00:00,GSW @ LAC,L,19.678333333333335,7.3,9.1,0.8,0.0,0.0,0.0,0.0,3.7,0.0,1.8,3.7,5.5,3.7,3.7,1.8,1.8,0.0,1.8,3.7,14.6,-20.1,34.0,0,0,31.1,1,13222,1,13222,16280,8195,18488,1688,15070,20945,15070,13505,8568,13505,9133,14762,13569,10913,4660,7118,3984,8846,16042,7242,13263,21581,11782,2246,150,13075,1,19:41
2024-25,1628997,Caleb Martin,Caleb,1610612755,PHI,Philadelphia 76ers,0022400245,2024-11-18T00:00:00,PHI @ MIA,L,28.58,6.3,15.1,0.417,2.5,7.6,0.333,0.0,0.0,0.0,1.3,5.0,6.3,0.0,0.0,2.5,1.3,0.0,1.3,0.0,15.1,-30.2,34.0,0,0,31.5,1,13222,1,13222,9056,10722,8400,14532,8080,7259,9209,13505,14344,13505,11420,10763,11607,19908,16469,4328,5852,8846,18220,17725,12789,23775,11799,2246,150,12780,1,28:35
2024-25,1628960,Grayson Allen,Grayson,1610612756,PHX,Phoenix Suns,0022400249,2024-11-18T00:00:00,PHX vs. ORL,L,29.39,6.1,12.2,0.5,4.9,11.0,0.444,3.7,8.6,0.429,0.0,4.9,4.9,1.2,4.9,0.0,0.0,0.0,4.9,3.7,20.8,-8.6,23.6,0,0,31.8,1,13222,1,13222,8322,11155,13173,8526,2406,2464,7211,6344,2144,13040,14058,11159,15062,18938,2465,12854,8263,8846,4837,7201,7221,17217,19178,2246,150,12500,1,29:23
2024-25,1630245,Ayo Dosunmu,Ayo,1610612741,CHI,Chicago Bulls,0022400244,2024-11-18T00:00:00,CHI @ DET,W,33.28333333333333,4.3,13.0,0.333,0.0,2.2,0.0,1.1,2.2,0.5,1.1,0.0,1.1,1.1,0.0,0.0,1.1,1.1,0.0,1.1,9.7,8.7,15.9,0,0,14.1,1,1,13086,1,4911,16256,11892,17395,15070,19233,15070,12963,12206,10625,12620,22137,23111,19406,16469,12854,6909,7213,20257,16995,18413,8341,22895,2246,150,23406,1,33:17
2024-25,1630578,Alperen Sengun,Alperen,1610612745,HOU,Houston Rockets,0022400248,2024-11-18T00:00:00,HOU @ MIL,L,38.81666666666667,7.4,19.5,0.381,0.0,1.9,0.0,1.9,2.8,0.667,3.7,2.8,6.5,4.6,3.7,1.9,0.0,2.8,3.7,3.7,16.7,10.2,33.3,0,0,31.5,1,13222,1,13222,955,7968,3363,16250,15070,19823,15070,11105,10527,9425,4021,17455,11193,8332,4540,7004,8263,1621,8042,7108,11177,7600,12354,2246,150,12757,1,38:49
2024-25,1641763,Julian Phillips,Julian,1610612741,CHI,Chicago Bulls,0022400244,2024-11-18T00:00:00,CHI @ DET,W,14.766666666666667,2.4,4.9,0.5,0.0,0.0,0.0,7.3,9.8,0.75,0.0,9.8,9.8,2.4,2.4,0.0,0.0,0.0,4.9,4.9,12.2,17.1,25.1,0,0,24.4,1,1,13086,1,19725,20577,23553,8526,15070,20945,15070,1792,1483,8186,14058,2769,5732,14746,8499,12854,8263,8846,4888,4341,15929,4886,18206,2246,150,18093,1,14:46
2024-25,1631095,Jabari Smith Jr.,Jabari,1610612745,HOU,Houston Rockets,0022400248,2024-11-18T00:00:00,HOU @ MIL,L,24.648333333333333,1.5,5.8,0.25,0.0,2.9,0.0,2.9,2.9,1.0,0.0,2.9,2.9,1.5,0.0,0.0,1.5,0.0,1.5,4.4,5.8,-2.9,15.9,0,0,13.1,1,13222,1,13222,12340,22219,22771,20233,15070,17816,15070,8032,10171,1,14058,17011,19937,18132,16469,12854,4994,8846,17391,5397,21497,14528,22887,2246,150,23666,1,24:39
2024-25,1628415,Dillon Brooks,Dillon,1610612745,HOU,Houston Rockets,0022400248,2024-11-18T00:00:00,HOU @ MIL,L,20.966666666666665,3.4,13.7,0.25,1.7,5.2,0.333,0.0,0.0,0.0,3.4,3.4,6.9,1.7,1.7,1.7,0.0,0.0,8.6,1.7,8.6,-5.2,22.8,0,0,22.3,1,13222,1,13222,15314,18465,10592,20233,11349,12823,9209,13505,14344,13505,4479,15424,10389,17319,11854,7550,8263,8846,1105,14217,19443,15674,19660,2246,150,19471,1,20:58
2024-25,1642259,Alex Sarr,Alex,1610612764,WAS,Washington Wizards,0022400246,2024-11-18T00:00:00,WAS @ NYK,L,24.0,6.0,18.0,0.333,0.0,6.0,0.0,0.0,0.0,0.0,4.5,1.5,6.0,4.5,1.5,0.0,0.0,0.0,6.0,0.0,12.0,-37.5,24.5,0,0,22.5,1,13222,1,13222,12899,11500,4664,17395,15070,10684,15070,13505,14344,13505,2922,20877,12271,8651,12741,12854,8263,8846,2940,17725,16132,24655,18653,2246,150,19354,1,24:00
2024-25,1631323,Simone Fontecchio,Simone,1610612765,DET,Detroit Pistons,0022400244,2024-11-18T00:00:00,DET vs. CHI,L,14.811666666666667,4.9,9.7,0.5,4.9,9.7,0.5,0.0,0.0,0.0,0.0,4.9,4.9,0.0,4.9,0.0,2.4,0.0,2.4,2.4,14.6,17.0,22.8,0,0,29.2,1,13222,1,13222,19703,14774,17532,8526,2471,3824,3944,13505,14344,13505,14058,11255,15158,19908,2510,12854,2502,8846,13069,11223,13312,4902,19655,2246,150,14571,1,14:49
2024-25,1642267,Bub Carrington,Bub,1610612764,WAS,Washington Wizards,0022400246,2024-11-18T00:00:00,WAS @ NYK,L,31.966666666666665,7.9,18.0,0.438,4.5,9.0,0.5,0.0,0.0,0.0,0.0,4.5,4.5,2.3,2.3,0.0,0.0,0.0,3.4,0.0,20.3,-24.8,26.8,0,0,31.5,1,13222,1,13222,5995,6873,4646,13558,3065,4809,3944,13505,14344,13505,14058,12251,16046,15425,9296,12854,8263,8846,9158,17725,7685,22758,17084,2246,150,12747,1,31:58
2024-25,201935,James Harden,James,1610612746,LAC,LA Clippers,0022400251,2024-11-18T00:00:00,LAC vs. GSW,W,40.68333333333333,3.5,13.3,0.267,1.8,5.3,0.333,1.8,1.8,1.0,0.0,5.3,5.3,14.2,2.7,1.8,1.8,0.9,1.8,0.9,10.6,-3.5,46.2,1,0,38.9,1,1,13086,1,419,18234,11356,20170,11190,12442,9209,11296,13223,1,14058,10009,14025,377,7677,7374,4126,8712,16310,17680,17539,14818,4666,1,150,7424,1,40:41
2024-25,203926,Doug McDermott,Doug,1610612758,SAC,Sacramento Kings,0022400250,2024-11-18T00:00:00,SAC vs. ATL,L,18.9,5.7,7.6,0.75,3.8,5.7,0.667,0.0,0.0,0.0,0.0,1.9,1.9,1.9,1.9,0.0,0.0,0.0,5.7,0.0,15.2,28.6,18.5,0,0,22.9,1,13222,1,13222,16908,12371,20760,2107,4409,11412,1957,13505,14344,13505,14058,19957,21994,16734,11012,12854,8263,8846,3362,17725,12669,2172,21900,2246,150,19097,1,18:54
2024-25,201569,Eric Gordon,Eric,1610612755,PHI,Philadelphia 76ers,0022400245,2024-11-18T00:00:00,PHI @ MIA,L,14.05,5.1,20.5,0.25,2.6,10.2,0.25,0.0,0.0,0.0,0.0,2.6,2.6,5.1,2.6,0.0,0.0,2.6,2.6,0.0,12.8,-7.7,21.0,0,0,23.1,1,13222,1,13222,20169,14020,2642,20233,7938,3212,11902,13505,14344,13505,14058,18027,20688,7191,8008,12854,8263,1926,12555,17725,15274,16819,20682,2246,150,18970,1,14:03
2024-25,1641764,Brandin Podziemski,Brandin,1610612744,GSW,Golden State Warriors,0022400251,2024-11-18T00:00:00,GSW @ LAC,L,15.616666666666667,0.0,9.2,0.0,0.0,4.6,0.0,2.3,6.9,0.333,4.6,6.9,11.5,4.6,2.3,2.3,0.0,2.3,2.3,2.3,2.3,4.6,27.7,0,0,23.1,1,13222,1,13222,19188,22635,18373,22635,15070,14172,15070,9598,3460,13132,2785,6506,3920,8390,9041,5016,8263,2417,13621,11719,23113,10332,16452,2246,150,18979,1,15:37
2024-25,203954,Joel Embiid,Joel,1610612755,PHI,Philadelphia 76ers,0022400245,2024-11-18T00:00:00,PHI @ MIA,L,31.2,5.8,12.7,0.455,1.2,3.5,0.333,0.0,0.0,0.0,1.2,8.1,9.2,5.8,2.3,0.0,1.2,0.0,1.2,3.5,12.7,-25.4,33.6,0,0,31.2,1,13222,1,13222,6701,12204,12397,12676,13629,16726,9209,13505,14344,13505,12077,4599,6400,5913,9034,12854,6457,8846,18790,7770,15401,22883,12131,2246,150,13037,1,31:12
2024-25,1627824,Guerschon Yabusele,Guerschon,1610612755,PHI,Philadelphia 76ers,0022400245,2024-11-18T00:00:00,PHI @ MIA,L,9.733333333333333,3.7,11.1,0.333,0.0,3.7,0.0,3.7,7.4,0.5,0.0,14.8,14.8,3.7,0.0,0.0,0.0,0.0,3.7,3.7,11.1,-22.2,34.4,0,0,29.6,1,13222,1,13222,22198,17833,15198,17395,15070,16212,15070,6292,2997,10625,14058,607,1872,10788,16469,12854,8263,8846,8077,7133,17093,22133,11514,2246,150,14247,1,9:44
2024-25,1628969,Mikal Bridges,Mikal,1610612752,NYK,New York Knicks,0022400246,2024-11-18T00:00:00,NYK vs. WAS,W,34.7,7.3,14.5,0.5,0.0,4.1,0.0,0.0,0.0,0.0,2.1,1.0,3.1,5.2,2.1,0.0,0.0,0.0,1.0,1.0,14.5,33.2,24.0,0,0,22.8,1,1,13086,1,3691,8311,9317,8526,15070,15233,15070,13505,14344,13505,8055,21902,19450,7056,10129,12854,8263,8846,19486,17232,13380,1607,18978,2246,150,19124,1,34:42
2024-25,1629645,Kevin Porter Jr.,Kevin,1610612746,LAC,LA Clippers,0022400251,2024-11-18T00:00:00,LAC vs. GSW,W,15.933333333333334,6.8,20.3,0.333,0.0,0.0,0.0,4.5,4.5,1.0,0.0,0.0,0.0,2.3,6.8,0.0,4.5,0.0,0.0,4.5,18.1,-9.0,28.2,0,0,29.4,1,1,13086,1,18975,9477,2742,17395,15070,20945,15070,4803,6807,1,14058,22137,23286,15395,989,12854,679,8846,20257,5095,9762,17440,16046,2246,150,14433,1,15:56
2024-25,1626162,Kelly Oubre Jr.,Kelly,1610612755,PHI,Philadelphia 76ers,0022400245,2024-11-18T00:00:00,PHI @ MIA,L,26.65,4.1,10.8,0.375,1.4,5.4,0.25,1.4,1.4,1.0,0.0,6.8,6.8,1.4,2.7,1.4,0.0,0.0,1.4,1.4,10.8,5.4,22.3,0,0,23.0,1,13222,1,13222,10604,16963,15684,16299,12650,12206,11902,12164,13661,1,14058,6782,10624,18497,7533,9185,8263,8846,17819,15675,17364,9887,19986,2246,150,19058,1,26:39
2024-25,1626168,Trey Lyles,Trey,1610612758,SAC,Sacramento Kings,0022400250,2024-11-18T00:00:00,SAC vs. ATL,L,37.666666666666664,3.8,10.5,0.364,2.9,6.7,0.429,1.0,1.9,0.5,3.8,5.7,9.6,3.8,0.0,1.0,0.0,0.0,1.9,2.9,11.5,-3.8,31.5,1,0,29.6,1,13222,1,13222,1590,17508,16196,16861,6996,9120,7394,13357,12951,10625,3847,8957,5973,10438,16469,12306,8263,8846,15612,9702,16711,14965,13652,1,150,14226,1,37:40
2024-25,1630191,Isaiah Stewart,Isaiah,1610612765,DET,Detroit Pistons,0022400244,2024-11-18T00:00:00,DET vs. CHI,L,19.211666666666666,5.6,7.5,0.75,1.9,3.7,0.5,0.0,0.0,0.0,0.0,7.5,7.5,5.6,3.7,1.9,0.0,0.0,5.6,1.9,13.1,0.0,32.4,0,0,31.9,1,13222,1,13222,16664,12645,20936,2107,10759,16109,3944,13505,14344,13505,14058,5506,9182,6207,4442,6899,8263,8846,3512,13620,14965,12240,13002,2246,150,12488,1,19:13
2024-25,1631223,David Roddy,David,1610612737,ATL,Atlanta Hawks,0022400250,2024-11-18T00:00:00,ATL @ SAC,W,7.4,9.7,9.7,1.0,4.9,4.9,1.0,0.0,0.0,0.0,0.0,0.0,0.0,0.0,4.9,0.0,0.0,0.0,0.0,4.9,24.3,-9.7,19.5,0,0,29.2,1,1,13086,1,23032,3561,17510,1,2464,13516,1,13505,14344,13505,14058,22137,23286,19908,2506,12854,8263,8846,20257,4359,4594,17770,21426,2246,150,14548,1,7:24
2024-25,1627741,Buddy Hield,Buddy,1610612744,GSW,Golden State Warriors,0022400251,2024-11-18T00:00:00,GSW @ LAC,L,23.366666666666667,4.6,10.8,0.429,3.1,9.2,0.333,0.0,0.0,0.0,0.0,3.1,3.1,1.5,3.1,1.5,0.0,0.0,3.1,0.0,12.3,7.7,19.9,0,0,23.1,1,13222,1,13222,13408,15431,15723,13735,6270,4463,9209,13505,14344,13505,14058,16459,19521,17839,6186,8234,8263,8846,10349,17725,15800,8767,21227,2246,150,18930,1,23:22
2024-25,1628989,Kevin Huerter,Kevin,1610612758,SAC,Sacramento Kings,0022400250,2024-11-18T00:00:00,SAC vs. ATL,L,39.2,3.7,13.8,0.267,0.9,9.2,0.1,0.0,0.0,0.0,0.0,4.6,4.6,2.8,1.8,2.8,0.0,0.0,2.8,0.0,8.3,-13.8,24.3,0,0,22.0,1,13222,1,13222,813,17909,10534,20170,14908,4564,15047,13505,14344,13505,14058,12003,15828,13738,11381,3797,8263,8846,11821,17725,19682,19410,18727,2246,150,19659,1,39:12
2024-25,1630264,Anthony Gill,Anthony,1610612764,WAS,Washington Wizards,0022400246,2024-11-18T00:00:00,WAS @ NYK,L,14.95,9.6,14.4,0.667,2.4,2.4,1.0,0.0,4.8,0.0,0.0,7.2,7.2,0.0,0.0,0.0,0.0,0.0,2.4,2.4,21.7,-4.8,30.3,0,0,31.3,1,13222,1,13222,19602,3680,9435,3281,8461,18789,1,13505,6265,13505,14058,5954,9696,19908,16469,12854,8263,8846,13159,11318,6482,15480,14544,2246,150,12922,1,14:57
2024-25,202331,Paul George,Paul,1610612755,PHI,Philadelphia 76ers,0022400245,2024-11-18T00:00:00,PHI @ MIA,L,32.95,5.5,14.2,0.385,1.1,7.6,0.143,7.6,9.8,0.778,0.0,6.6,6.6,5.5,3.3,3.3,0.0,0.0,3.3,8.7,19.7,-18.6,42.3,0,0,39.3,1,13222,1,13222,5189,13098,9829,16070,13981,7084,14649,1577,1438,8092,14058,7191,11048,6506,5568,2605,8263,8846,9533,740,8190,21091,6482,2246,150,7175,1,32:57
2024-25,1629599,Amir Coffey,Amir,1610612746,LAC,LA Clippers,0022400251,2024-11-18T00:00:00,LAC vs. GSW,W,29.116666666666667,3.7,9.9,0.375,2.5,7.4,0.333,8.7,9.9,0.875,2.5,3.7,6.2,1.2,2.5,0.0,1.2,0.0,4.9,4.9,18.5,-3.7,29.1,0,0,30.9,1,1,13086,1,8571,17809,17258,16299,8244,7568,9209,1125,1415,6931,6700,14602,11867,18894,8355,12854,5960,8846,4736,4212,9274,14895,15448,2246,150,13243,1,29:07
2024-25,203937,Kyle Anderson,Kyle,1610612744,GSW,Golden State Warriors,0022400251,2024-11-18T00:00:00,GSW @ LAC,L,12.511666666666667,2.9,11.5,0.25,0.0,5.8,0.0,0.0,0.0,0.0,0.0,5.8,5.8,5.8,0.0,2.9,0.0,0.0,5.8,0.0,5.8,-5.8,29.9,0,0,23.0,1,13222,1,13222,20989,19718,14455,20233,15070,11316,15070,13505,14344,13505,14058,8905,12894,5941,16469,3468,8263,8846,3307,17725,21562,15948,14852,2246,150,19006,1,12:31
2024-25,1642346,Ryan Dunn,Ryan,1610612756,PHX,Phoenix Suns,0022400249,2024-11-18T00:00:00,PHX vs. ORL,L,21.276666666666667,3.4,13.5,0.25,1.7,6.8,0.25,0.0,0.0,0.0,6.8,3.4,10.2,1.7,1.7,0.0,0.0,0.0,3.4,0.0,8.5,-3.4,21.5,0,0,22.0,1,13222,1,13222,15090,18577,10951,20233,11425,8967,11902,13505,14344,13505,1247,15565,5274,17395,11953,12854,8263,8846,9142,17725,19553,14750,20421,2246,150,19679,1,21:17
2024-25,1629673,Jordan Poole,Jordan,1610612764,WAS,Washington Wizards,0022400246,2024-11-18T00:00:00,WAS @ NYK,L,26.666666666666668,4.1,9.5,0.429,1.3,5.4,0.25,1.3,2.7,0.5,1.3,4.1,5.4,6.8,1.3,0.0,0.0,0.0,4.1,1.3,10.8,-18.9,26.1,0,0,24.3,1,13222,1,13222,10590,16975,18041,13735,12652,12211,11902,12166,10745,10625,10979,13572,13812,4349,13566,12854,8263,8846,7002,15679,17375,21210,17577,2246,150,18137,1,26:40
2024-25,1627752,Taurean Prince,Taurean,1610612749,MIL,Milwaukee Bucks,0022400248,2024-11-18T00:00:00,MIL vs. HOU,W,26.815,0.0,6.7,0.0,0.0,4.0,0.0,2.7,2.7,1.0,0.0,1.3,1.3,1.3,4.0,4.0,0.0,2.7,2.7,2.7,2.7,-16.1,14.4,0,0,13.4,1,1,13086,1,10485,22635,21880,22635,15070,15523,15070,8610,10784,1,14058,21204,22767,18531,3833,1609,8263,1765,12100,10358,23026,20288,23374,2246,150,23577,1,26:49
2024-25,1642367,Jonathan Mogbo,Jonathan,1610612761,TOR,Toronto Raptors,0022400247,2024-11-18T00:00:00,TOR vs. IND,W,12.608333333333333,5.7,8.6,0.667,0.0,0.0,0.0,0.0,0.0,0.0,8.6,0.0,8.6,2.9,0.0,0.0,0.0,0.0,0.0,0.0,11.4,-31.4,26.0,0,0,22.8,1,1,13086,1,20941,12384,19400,3281,15070,20945,15070,13505,14344,13505,648,22137,7370,13428,16469,12854,8263,8846,20257,17725,16761,23947,17627,2246,150,19110,1,12:37
2024-25,203991,Clint Capela,Clint,1610612737,ATL,Atlanta Hawks,0022400250,2024-11-18T00:00:00,ATL @ SAC,W,28.466666666666665,7.6,11.4,0.667,0.0,0.0,0.0,2.5,5.1,0.5,3.8,13.9,17.7,1.3,2.5,0.0,1.3,3.8,2.5,2.5,17.7,17.7,42.1,1,0,39.2,1,1,13086,1,9147,7546,14698,3281,15070,20945,15070,8964,5812,10625,3894,776,962,18775,8119,12854,5826,736,12674,10875,10124,4658,6563,1,150,7268,1,28:28
2024-25,1630598,Aaron Wiggins,Aaron,1610612760,OKC,Oklahoma City Thunder,0022400242,2024-11-17T00:00:00,OKC vs. DAL,L,24.665,2.9,13.1,0.222,2.9,10.2,0.286,1.5,2.9,0.5,1.5,5.8,7.3,0.0,1.5,2.9,1.5,2.9,2.9,1.5,10.2,-13.1,30.7,0,0,29.2,1,13222,1,13222,12324,19604,11607,21205,6797,3255,11433,11878,10175,10625,10489,8696,9575,19908,12958,3348,4998,1427,11094,15187,17933,19172,14310,2246,150,14547,1,24:40
2024-25,1626181,Norman Powell,Norman,1610612746,LAC,LA Clippers,0022400243,2024-11-17T00:00:00,LAC vs. UTA,W,34.833333333333336,6.2,17.6,0.353,4.1,11.4,0.364,3.1,4.1,0.75,0.0,2.1,2.1,3.1,1.0,1.0,0.0,0.0,1.0,3.1,19.6,10.3,28.8,0,0,31.0,1,1,13086,1,3587,10973,5176,17268,3709,2197,9100,7545,7559,8186,14058,19461,21670,12609,15611,11647,8263,8846,19507,8885,8217,7545,15606,2246,150,13163,1,34:50
2024-25,1628470,Torrey Craig,Torrey,1610612741,CHI,Chicago Bulls,0022400241,2024-11-17T00:00:00,CHI vs. HOU,L,11.083333333333334,3.2,16.2,0.2,3.2,16.2,0.2,6.5,6.5,1.0,0.0,6.5,6.5,3.2,0.0,0.0,0.0,0.0,0.0,3.2,16.2,-22.7,28.9,0,0,29.2,1,13222,1,13222,21667,18890,6763,21401,5815,490,13429,2406,3887,1,14058,7319,11185,12147,16469,12854,8263,8846,20257,8406,11667,22274,15558,2246,150,14524,1,11:05
2024-25,1630583,Santi Aldama,Santi,1610612763,MEM,Memphis Grizzlies,0022400238,2024-11-17T00:00:00,MEM vs. DEN,W,19.533333333333335,5.5,11.1,0.5,0.0,5.5,0.0,0.0,0.0,0.0,0.0,3.7,3.7,3.7,1.8,3.7,1.8,0.0,0.0,0.0,11.1,1.8,35.8,0,0,29.5,1,1,13086,1,16387,12916,15265,8526,15070,11893,15070,13505,14344,13505,14058,14673,18102,10825,11354,1987,3947,8846,20257,17725,17133,11711,10536,2246,150,14334,1,19:32
2024-25,1630560,Cam Thomas,Cam,1610612751,BKN,Brooklyn Nets,0022400240,2024-11-17T00:00:00,BKN @ NYK,L,33.1,4.4,12.0,0.364,1.1,4.4,0.25,7.6,10.9,0.7,1.1,4.4,5.4,3.3,2.2,1.1,0.0,1.1,0.0,8.7,17.4,-8.7,29.9,0,0,29.4,1,13222,1,13222,5069,16199,13657,16861,14017,14791,11902,1598,1063,9366,12569,12649,13703,12100,9615,11121,8263,7167,20257,753,10427,17286,14861,2246,150,14438,1,33:06
2024-25,1629645,Kevin Porter Jr.,Kevin,1610612746,LAC,LA Clippers,0022400243,2024-11-17T00:00:00,LAC vs. UTA,W,27.416666666666668,7.9,11.8,0.667,0.0,2.6,0.0,0.0,0.0,0.0,1.3,3.9,5.3,7.9,1.3,1.3,0.0,1.3,1.3,0.0,15.8,7.9,36.5,0,0,31.5,1,1,13086,1,10001,6890,13912,3281,15070,18404,15070,13505,14344,13505,11137,13914,14151,3019,13747,9393,8263,5593,17985,17725,12170,8697,10031,2246,150,12767,1,27:25
2024-25,1642273,Kyshawn George,Kyshawn,1610612764,WAS,Washington Wizards,0022400237,2024-11-17T00:00:00,WAS vs. DET,L,25.666666666666668,0.0,4.2,0.0,0.0,2.8,0.0,0.0,0.0,0.0,0.0,4.2,4.2,8.4,0.0,0.0,1.4,0.0,4.2,1.4,0.0,-7.0,21.9,0,0,15.4,1,13222,1,13222,11427,22635,23989,22635,15070,18049,15070,13505,14344,13505,14058,13092,16780,2493,16469,12854,5223,8846,6529,15445,23200,16509,20214,2246,150,22907,1,25:40
2024-25,1626196,Josh Richardson,Josh,1610612748,MIA,Miami Heat,0022400235,2024-11-17T00:00:00,MIA @ IND,L,24.25,3.0,7.4,0.4,1.5,4.5,0.333,0.0,0.0,0.0,1.5,1.5,3.0,4.5,0.0,1.5,1.5,0.0,4.5,1.5,7.4,1.5,26.6,0,0,22.3,1,13222,1,13222,12688,19493,21036,14933,12104,14563,9209,13505,14344,13505,10375,20904,19812,8759,16469,8476,4907,8846,5878,15068,20385,11875,17233,2246,150,19513,1,24:15
2024-25,1630182,Josh Green,Josh,1610612766,CHA,Charlotte Hornets,0022400236,2024-11-17T00:00:00,CHA @ CLE,L,28.9,7.5,10.0,0.75,2.5,2.5,1.0,1.2,2.5,0.5,2.5,2.5,5.0,2.5,0.0,1.2,0.0,0.0,5.0,1.2,18.7,-18.7,32.1,0,0,31.1,1,13222,1,13222,8761,7821,17111,2107,8168,18640,1,12460,11232,10625,6632,18205,14836,14568,16469,9828,8263,8846,4643,16151,9134,21131,13226,2246,150,13048,1,28:54
2024-25,1626220,Royce O'Neale,Royce,1610612756,PHX,Phoenix Suns,0022400234,2024-11-17T00:00:00,PHX @ MIN,L,24.883333333333333,4.3,10.1,0.429,1.4,5.8,0.25,0.0,0.0,0.0,0.0,5.8,5.8,2.9,1.4,2.9,1.4,1.4,4.3,0.0,10.1,-14.5,33.0,0,0,28.9,1,13222,1,13222,12108,16227,16865,13735,12264,11235,11902,13505,14344,13505,14058,8818,12790,13299,13021,3428,5048,4994,6170,17725,18025,19694,12605,2246,150,14757,1,24:53
2024-25,1631212,Peyton Watson,Peyton,1610612743,DEN,Denver Nuggets,0022400238,2024-11-17T00:00:00,DEN @ MEM,L,28.116666666666667,3.8,9.0,0.429,1.3,2.6,0.5,0.0,0.0,0.0,1.3,5.1,6.4,2.6,0.0,1.3,1.3,1.3,0.0,1.3,9.0,-12.8,28.2,0,0,24.3,1,13222,1,13222,9444,17473,18775,13735,12934,18519,3944,13505,14344,13505,11294,10498,11393,14337,16469,9580,5736,5754,20257,15988,19122,19054,16092,2246,150,18121,1,28:07
2024-25,1627777,Georges Niang,Georges,1610612739,CLE,Cleveland Cavaliers,0022400236,2024-11-17T00:00:00,CLE vs. CHA,W,26.0,6.9,15.2,0.455,4.2,9.7,0.429,0.0,0.0,0.0,1.4,1.4,2.8,1.4,5.5,0.0,1.4,1.4,1.4,0.0,18.0,8.3,22.0,0,0,29.1,1,1,13086,1,11159,9112,8202,12676,3664,3860,7394,13505,14344,13505,10818,21117,20322,18392,1777,12854,5295,5240,17682,17725,9827,8487,20136,2246,150,14643,1,26:00
2024-25,1642349,Ajay Mitchell,Ajay,1610612760,OKC,Oklahoma City Thunder,0022400242,2024-11-17T00:00:00,OKC vs. DAL,L,19.01,1.9,9.5,0.2,0.0,3.8,0.0,1.9,3.8,0.5,0.0,1.9,1.9,3.8,0.0,1.9,0.0,0.0,5.7,5.7,5.7,-5.7,19.3,0,0,15.1,1,13222,1,13222,16821,21595,18001,21401,15070,16023,15070,10978,8279,10625,14058,19996,22012,10535,16469,6797,8263,8846,3426,3061,21606,15911,21495,2246,150,23007,1,19:01
2024-25,1628381,John Collins,John,1610612762,UTA,Utah Jazz,0022400243,2024-11-17T00:00:00,UTA @ LAC,L,30.883333333333333,5.8,7.0,0.833,0.0,0.0,0.0,3.5,3.5,1.0,0.0,9.3,9.3,2.3,3.5,2.3,0.0,1.2,1.2,1.2,15.2,-4.7,33.3,0,0,31.5,1,13222,1,13222,6971,12029,21571,1514,15070,20945,15070,6711,8893,1,14058,3182,6287,15116,5016,4933,8263,6515,18736,16571,12755,15395,12314,2246,150,12796,1,30:53
2024-25,1629098,Jack McVeigh,Jack,1610612745,HOU,Houston Rockets,0022400241,2024-11-17T00:00:00,HOU @ CHI,W,4.966666666666667,7.2,29.0,0.25,0.0,21.7,0.0,0.0,0.0,0.0,0.0,0.0,0.0,0.0,0.0,0.0,7.2,0.0,0.0,0.0,14.5,29.0,36.2,0,0,29.0,1,1,13086,1,24003,8338,329,20233,15070,177,15070,13505,14344,13505,14058,22137,23286,19908,16469,12854,187,8846,20257,17725,13412,2110,10208,2246,150,14708,1,4:58
2024-25,1629656,Quentin Grimes,Quentin,1610612742,DAL,Dallas Mavericks,0022400242,2024-11-17T00:00:00,DAL @ OKC,W,20.775,3.5,8.7,0.4,3.5,6.9,0.5,6.9,6.9,1.0,0.0,5.2,5.2,3.5,1.7,0.0,0.0,0.0,5.2,5.2,17.3,15.6,27.0,0,0,29.5,1,1,13086,1,15443,18399,19248,14933,5228,8609,3944,2051,3442,1,14058,10281,14276,11506,11803,12854,8263,8846,4198,3775,10499,5389,16916,2246,150,14359,1,20:47
2024-25,201599,DeAndre Jordan,DeAndre,1610612743,DEN,Denver Nuggets,0022400238,2024-11-17T00:00:00,DEN @ MEM,L,14.283333333333333,5.0,7.6,0.667,0.0,0.0,0.0,0.0,0.0,0.0,0.0,5.0,5.0,0.0,0.0,0.0,0.0,0.0,2.5,2.5,10.1,-25.2,16.1,0,0,15.1,1,13222,1,13222,20029,14266,20842,3281,15070,20945,15070,13505,14344,13505,14058,10754,14699,19908,16469,12854,8263,8846,12707,10909,18075,22854,22796,2246,150,23019,1,14:17
2024-25,1642359,Pacôme Dadiet,Pacôme,1610612752,NYK,New York Knicks,0022400240,2024-11-17T00:00:00,NYK vs. BKN,W,9.553333333333333,0.0,7.5,0.0,0.0,3.8,0.0,0.0,0.0,0.0,0.0,3.8,3.8,3.8,0.0,0.0,3.8,0.0,7.5,0.0,0.0,33.9,21.5,0,0,15.1,1,1,13086,1,22262,22635,20878,22635,15070,16065,15070,13505,14344,13505,14058,14421,17900,10595,16469,12854,1050,8846,1612,17725,23200,1517,20426,2246,150,23037,1,9:33
2024-25,1629006,Josh Okogie,Josh,1610612756,PHX,Phoenix Suns,0022400234,2024-11-17T00:00:00,PHX @ MIN,L,16.283333333333335,6.6,8.8,0.75,0.0,0.0,0.0,0.0,0.0,0.0,2.2,2.2,4.4,0.0,0.0,2.2,0.0,0.0,2.2,4.4,13.3,-2.2,25.2,0,0,22.1,1,13222,1,13222,18734,9857,18946,2107,15070,20945,15070,13505,14344,13505,7555,19039,16236,19908,16469,5355,8263,8846,14046,5297,14790,14150,18145,2246,150,19615,1,16:17
2024-25,1630172,Patrick Williams,Patrick,1610612741,CHI,Chicago Bulls,0022400241,2024-11-17T00:00:00,CHI vs. HOU,L,16.35,4.4,19.8,0.222,2.2,15.4,0.143,4.4,4.4,1.0,0.0,2.2,2.2,2.2,6.6,0.0,0.0,2.2,0.0,2.2,15.4,-52.8,14.8,0,0,22.0,1,13222,1,13222,18692,16053,3087,21205,9231,613,14649,4984,7023,1,14058,19060,21405,15617,1078,12854,8263,2634,20257,12155,12502,25504,23260,2246,150,19671,1,16:21
2024-25,1631111,Wendell Moore Jr.,Wendell,1610612765,DET,Detroit Pistons,0022400237,2024-11-17T00:00:00,DET @ WAS,W,23.733333333333334,1.5,3.0,0.5,0.0,1.5,0.0,3.0,3.0,1.0,0.0,7.6,7.6,3.0,1.5,3.0,0.0,0.0,4.6,1.5,6.1,-6.1,27.3,0,0,22.8,1,1,13086,1,13126,22149,24478,8526,15070,20251,15070,7705,9892,1,14058,5351,8999,12813,12670,3075,8263,8846,5663,14933,21341,16091,16743,2246,150,19168,1,23:44
2024-25,1642275,Tidjane Salaün,Tidjane,1610612766,CHA,Charlotte Hornets,0022400236,2024-11-17T00:00:00,CHA @ CLE,L,14.886666666666667,0.0,7.3,0.0,0.0,4.8,0.0,0.0,0.0,0.0,2.4,0.0,2.4,2.4,0.0,2.4,2.4,2.4,0.0,2.4,0.0,-4.8,21.0,0,0,14.5,1,13222,1,13222,19644,22635,21268,22635,15070,13606,15070,13505,14344,13505,6870,22137,20969,14817,16469,4640,2522,2184,20257,11277,23200,15494,20664,2246,150,23251,1,14:53
2024-25,1626166,Cameron Payne,Cameron,1610612752,NYK,New York Knicks,0022400240,2024-11-17T00:00:00,NYK vs. BKN,W,16.683333333333334,6.5,15.1,0.429,6.5,15.1,0.429,0.0,0.0,0.0,0.0,0.0,0.0,12.9,0.0,0.0,0.0,0.0,4.3,0.0,19.4,10.8,38.8,0,0,38.8,1,1,13086,1,18477,10251,8412,13735,1012,664,7394,13505,14344,13505,14058,22137,23286,538,16469,12854,8263,8846,6229,17725,8447,7328,8515,2246,150,7490,1,16:41
2024-25,1630191,Isaiah Stewart,Isaiah,1610612765,DET,Detroit Pistons,0022400237,2024-11-17T00:00:00,DET @ WAS,W,25.45,5.7,11.3,0.5,1.4,2.8,0.5,0.0,0.0,0.0,2.8,5.7,8.5,1.4,0.0,0.0,2.8,0.0,4.2,0.0,12.7,4.2,33.5,0,0,29.7,1,1,13086,1,11624,12537,14799,8526,12387,17996,3944,13505,14344,13505,5784,9146,7490,18291,16469,12854,1910,8846,6443,17725,15358,10521,12178,2246,150,14162,1,25:27
2024-25,1641763,Julian Phillips,Julian,1610612741,CHI,Chicago Bulls,0022400241,2024-11-17T00:00:00,CHI vs. HOU,L,12.383333333333333,2.9,17.4,0.167,0.0,11.6,0.0,0.0,0.0,0.0,0.0,0.0,0.0,2.9,2.9,2.9,0.0,2.9,8.7,0.0,5.8,-26.2,16.0,0,0,14.5,1,13222,1,13222,21055,19642,5310,21938,15070,2013,15070,13505,14344,13505,14058,22137,23286,13253,6810,3387,8263,1457,1061,17725,21513,23065,22864,2246,150,23241,1,12:23
2024-25,1629026,Kenrich Williams,Kenrich,1610612760,OKC,Oklahoma City Thunder,0022400242,2024-11-17T00:00:00,OKC vs. DAL,L,18.226666666666667,4.0,11.9,0.333,0.0,4.0,0.0,4.0,4.0,1.0,0.0,7.9,7.9,4.0,2.0,4.0,0.0,4.0,7.9,2.0,11.9,0.0,37.1,0,0,31.6,1,13222,1,13222,17425,17205,13862,17395,15070,15678,15070,5796,7945,1,14058,4859,8460,10075,10639,1685,8263,666,1408,13189,16295,12240,9604,2246,150,12700,1,18:14
2024-25,1641767,Ben Sheppard,Ben,1610612754,IND,Indiana Pacers,0022400235,2024-11-17T00:00:00,IND vs. MIA,W,25.633333333333333,1.4,7.0,0.2,1.4,4.2,0.333,0.0,0.0,0.0,0.0,4.2,4.2,1.4,1.4,0.0,1.4,0.0,4.2,0.0,4.2,8.4,14.2,0,0,14.0,1,1,13086,1,11458,22290,21532,21401,12434,15083,9209,13505,14344,13505,14058,13073,16764,18335,13255,12854,5216,8846,6517,17725,22457,8426,23437,2246,150,23410,1,25:38
2024-25,1631097,Bennedict Mathurin,Bennedict,1610612754,IND,Indiana Pacers,0022400235,2024-11-17T00:00:00,IND vs. MIA,W,37.2,5.8,9.7,0.6,1.0,1.9,0.5,7.7,7.7,1.0,1.9,9.7,11.6,1.9,1.0,1.9,0.0,0.0,0.0,4.8,20.3,17.4,42.0,1,0,38.7,1,1,13086,1,1859,12100,17619,5394,14716,19671,3944,1538,2717,1,8684,2840,3837,16624,16047,6587,8263,8846,20257,4417,7641,4767,6614,1,150,7584,1,37:12
2024-25,1631197,Jared Rhoden,Jared,1610612766,CHA,Charlotte Hornets,0022400236,2024-11-17T00:00:00,CHA @ CLE,L,1.5666666666666667,0.0,23.0,0.0,0.0,0.0,0.0,0.0,0.0,0.0,23.0,0.0,23.0,0.0,23.0,0.0,0.0,0.0,23.0,0.0,0.0,-23.0,4.6,0,0,23.0,1,13222,1,13222,25750,22635,1386,22635,15070,20945,15070,13505,14344,13505,37,22137,264,19908,34,12854,8263,8846,83,17725,23200,22328,25036,2246,150,19033,1,1:34
2024-25,1629684,Grant Williams,Grant,1610612766,CHA,Charlotte Hornets,0022400236,2024-11-17T00:00:00,CHA @ CLE,L,35.083333333333336,5.1,9.2,0.556,2.1,4.1,0.5,3.1,3.1,1.0,3.1,6.2,9.2,3.1,1.0,1.0,0.0,0.0,3.1,3.1,15.4,-17.4,33.1,0,0,31.8,1,13222,1,13222,3396,14010,18354,7248,9907,15335,3944,7599,9776,1,5177,7993,6398,12673,15666,11707,8263,8846,10363,8965,12526,20763,12476,2246,150,12529,1,35:05
2024-25,1631247,Luke Travers,Luke,1610612739,CLE,Cleveland Cavaliers,0022400236,2024-11-17T00:00:00,CLE vs. CHA,W,1.5666666666666667,0.0,0.0,0.0,0.0,0.0,0.0,0.0,0.0,0.0,0.0,23.0,23.0,0.0,23.0,0.0,0.0,0.0,0.0,0.0,0.0,23.0,4.6,0,0,23.0,1,1,13086,1,25750,22635,24836,22635,15070,20945,15070,13505,14344,13505,14058,102,264,19908,34,12854,8263,8846,20257,17725,23200,3273,25036,2246,150,19033,1,1:34
2024-25,1630552,Jalen Johnson,Jalen,1610612737,ATL,Atlanta Hawks,0022400239,2024-11-17T00:00:00,ATL @ POR,L,37.21666666666667,9.7,13.5,0.714,1.0,1.9,0.5,3.9,3.9,1.0,0.0,3.9,3.9,3.9,6.8,1.9,1.0,1.0,0.0,1.9,24.2,13.5,36.6,0,0,38.7,1,13222,1,13222,1851,3632,10940,2752,14718,19674,3944,5935,8096,1,14058,14129,17658,10311,996,6595,7708,8206,20257,13389,4688,6190,9991,2246,150,7594,1,37:13
2024-25,1627732,Ben Simmons,Ben,1610612751,BKN,Brooklyn Nets,0022400240,2024-11-17T00:00:00,BKN @ NYK,L,22.116666666666667,0.0,4.9,0.0,0.0,0.0,0.0,0.0,0.0,0.0,0.0,6.5,6.5,13.0,4.9,0.0,1.6,0.0,4.9,0.0,0.0,-4.9,27.3,0,0,22.8,1,13222,1,13222,14402,22635,23547,22635,15070,20945,15070,13505,14344,13505,14058,7283,11153,529,2487,12854,4489,8846,4870,17725,23200,15515,16703,2246,150,19147,1,22:07
2024-25,1631105,Jalen Duren,Jalen,1610612765,DET,Detroit Pistons,0022400237,2024-11-17T00:00:00,DET @ WAS,W,18.2,9.9,15.8,0.625,0.0,0.0,0.0,2.0,7.9,0.25,7.9,11.9,19.8,2.0,2.0,2.0,0.0,2.0,5.9,4.0,21.8,43.5,52.4,1,0,47.5,1,1,13086,1,17440,3346,7381,4899,15070,20945,15070,10718,2580,13358,816,1428,568,16451,10623,6350,8263,3291,3033,6436,6417,757,2612,1,150,3310,1,18:12
2024-25,1641726,Dereck Lively II,Dereck,1610612742,DAL,Dallas Mavericks,0022400242,2024-11-17T00:00:00,DAL @ OKC,W,25.68,4.2,7.0,0.6,0.0,0.0,0.0,0.0,1.4,0.0,1.4,5.6,7.0,4.2,1.4,0.0,2.8,1.4,4.2,4.2,8.4,16.8,30.1,0,0,25.2,1,1,13086,1,11425,16582,21548,5394,15070,20945,15070,13505,13591,13505,10741,9291,10134,9372,13275,12854,1948,5171,6539,5828,19590,4964,14708,2246,150,17485,1,25:41
2024-25,1628398,Kyle Kuzma,Kyle,1610612764,WAS,Washington Wizards,0022400237,2024-11-17T00:00:00,WAS vs. DET,L,28.966666666666665,12.4,17.4,0.714,1.2,2.5,0.5,1.2,3.7,0.333,2.5,5.0,7.5,1.2,5.0,0.0,0.0,0.0,2.5,3.7,27.3,-27.3,33.2,0,0,37.3,1,13222,1,13222,8697,1286,5352,2752,13136,18656,3944,12469,8421,13132,6657,10960,9255,18871,2378,12854,8263,8846,12860,7061,3038,23298,12446,2246,150,8517,1,28:58
2024-25,1630703,Scoot Henderson,Scoot,1610612757,POR,Portland Trail Blazers,0022400239,2024-11-17T00:00:00,POR vs. ATL,W,29.75,3.6,13.3,0.273,0.0,4.8,0.0,0.0,0.0,0.0,1.2,0.0,1.2,12.1,4.8,1.2,1.2,1.2,3.6,1.2,7.3,-12.1,29.3,0,0,25.4,1,1,13086,1,8001,18011,11286,20048,15070,13594,15070,13505,14344,13505,11723,22137,22929,696,2533,10090,6112,6187,8328,16352,20521,18773,15296,2246,150,17343,1,29:45
2024-25,201566,Russell Westbrook,Russell,1610612743,DEN,Denver Nuggets,0022400238,2024-11-17T00:00:00,DEN @ MEM,L,23.166666666666668,6.2,15.5,0.4,3.1,4.7,0.667,3.1,6.2,0.5,0.0,4.7,4.7,4.7,4.7,1.6,1.6,4.7,1.6,4.7,18.6,-15.5,35.9,0,0,37.3,1,13222,1,13222,13583,10930,7767,14933,6200,14054,1957,7518,4213,10625,14058,11819,15666,8273,2768,8172,4695,446,17025,4801,9164,20104,10435,2246,150,8507,1,23:10
2024-25,1630198,Isaiah Joe,Isaiah,1610612760,OKC,Oklahoma City Thunder,0022400242,2024-11-17T00:00:00,OKC vs. DAL,L,25.836666666666666,2.8,8.4,0.333,2.8,8.4,0.333,0.0,0.0,0.0,0.0,2.8,2.8,5.6,1.4,1.4,1.4,0.0,5.6,1.4,8.4,2.8,27.0,0,0,25.1,1,13222,1,13222,11306,19907,19703,17395,7258,5810,9209,13505,14344,13505,14058,17442,20284,6304,13313,8938,5256,8846,3591,15479,19615,11232,16919,2246,150,17622,1,25:50
2024-25,1630702,Jaden Hardy,Jaden,1610612742,DAL,Dallas Mavericks,0022400242,2024-11-17T00:00:00,DAL @ OKC,W,24.101666666666667,9.0,13.4,0.667,0.0,1.5,0.0,1.5,1.5,1.0,0.0,4.5,4.5,1.5,3.0,1.5,0.0,0.0,4.5,1.5,19.4,9.0,28.5,0,0,28.4,1,1,13086,1,12798,4786,11097,3281,15070,20282,15070,11813,13497,1,14058,12308,16097,18008,6545,8441,8263,8846,5822,15030,8450,8200,15858,2246,150,15160,1,24:06
2024-25,1630162,Anthony Edwards,Anthony,1610612750,MIN,Minnesota Timberwolves,0022400234,2024-11-17T00:00:00,MIN vs. PHX,W,38.833333333333336,8.3,13.0,0.643,2.8,6.5,0.429,2.8,2.8,1.0,0.0,3.7,3.7,5.6,1.9,0.9,0.0,0.0,1.9,5.6,22.2,-5.6,36.0,0,0,36.2,1,1,13086,1,945,5905,11895,4607,7278,9570,7394,8389,10536,1,14058,14606,18052,6319,11297,12528,8263,8846,15920,3245,6046,15861,10385,2246,150,9259,1,38:50
2024-25,1629675,Naz Reid,Naz,1610612750,MIN,Minnesota Timberwolves,0022400234,2024-11-17T00:00:00,MIN vs. PHX,W,22.455,6.4,16.0,0.4,1.6,9.6,0.167,6.4,8.0,0.8,3.2,3.2,6.4,1.6,3.2,1.6,0.0,1.6,1.6,4.8,20.8,-24.0,32.5,0,0,33.7,1,1,13086,1,14150,10407,7066,14933,11662,3954,14236,2486,2509,7681,4926,16060,11362,17638,5803,7974,8263,4429,16866,4486,7207,22590,12918,2246,150,11101,1,22:27
2024-25,1630169,Tyrese Haliburton,Tyrese,1610612754,IND,Indiana Pacers,0022400235,2024-11-17T00:00:00,IND vs. MIA,W,37.666666666666664,3.8,12.4,0.308,2.9,7.6,0.375,4.8,4.8,1.0,1.0,1.9,2.9,12.4,0.0,0.0,1.9,0.0,1.9,1.9,15.3,18.2,43.1,1,0,37.3,1,1,13086,1,1590,17508,12857,19226,6996,7088,8800,4374,6340,1,13599,19937,20074,628,16469,12854,3733,8846,15612,13470,12623,4502,6089,1,150,8526,1,37:40
2024-25,1641716,Jarace Walker,Jarace,1610612754,IND,Indiana Pacers,0022400235,2024-11-17T00:00:00,IND vs. MIA,W,16.216666666666665,4.4,15.5,0.286,2.2,6.7,0.333,2.2,6.7,0.333,2.2,13.3,15.5,6.7,6.7,2.2,2.2,0.0,0.0,2.2,13.3,-6.7,48.6,0,0,46.6,1,1,13086,1,18779,15955,7766,19630,9163,9192,9209,9868,3702,13132,7532,922,1565,4488,1047,5315,2905,8846,20257,12080,14725,16362,3769,2246,150,3619,1,16:13
2024-25,1642271,Kyle Filipowski,Kyle,1610612762,UTA,Utah Jazz,0022400243,2024-11-17T00:00:00,UTA @ LAC,L,23.85,7.5,15.1,0.5,0.0,6.0,0.0,4.5,6.0,0.75,1.5,1.5,3.0,6.0,0.0,0.0,0.0,0.0,1.5,4.5,19.6,-25.7,32.3,0,0,28.7,1,13222,1,13222,13031,7648,8442,8526,15070,10604,15070,4783,4420,8186,10276,20858,19671,5419,16469,12854,8263,8846,17175,5072,8239,22950,13087,2246,150,14944,1,23:51
2024-25,1627739,Kris Dunn,Kris,1610612746,LAC,LA Clippers,0022400243,2024-11-17T00:00:00,LAC vs. UTA,W,25.2,5.7,11.4,0.5,4.3,8.6,0.5,0.0,0.0,0.0,2.9,2.9,5.7,5.7,0.0,2.9,0.0,0.0,0.0,1.4,15.7,7.1,39.7,0,0,37.1,1,1,13086,1,11832,12371,14607,8526,3413,5458,3944,13505,14344,13505,5709,17212,12975,6017,16469,3527,8263,8846,20257,15328,12209,9070,7948,2246,150,8621,1,25:12
2024-25,1629638,Nickeil Alexander-Walker,Nickeil,1610612750,MIN,Minnesota Timberwolves,0022400234,2024-11-17T00:00:00,MIN vs. PHX,W,20.156666666666666,7.1,10.7,0.667,0.0,1.8,0.0,0.0,0.0,0.0,1.8,1.8,3.6,3.6,3.6,0.0,1.8,0.0,0.0,0.0,14.3,0.0,25.7,0,0,25.0,1,1,13086,1,15901,8593,15856,3281,15070,19940,15070,13505,14344,13505,9295,20282,18393,11166,4836,12854,4091,8846,20257,17725,13626,12240,17803,2246,150,17673,1,20:09
2024-25,203994,Jusuf Nurkić,Jusuf,1610612756,PHX,Phoenix Suns,0022400234,2024-11-17T00:00:00,PHX @ MIN,L,13.53,5.3,13.3,0.4,2.7,8.0,0.333,0.0,0.0,0.0,5.3,13.3,18.6,2.7,2.7,0.0,0.0,2.7,8.0,2.7,13.3,2.7,37.0,0,0,37.3,1,13222,1,13222,20477,13486,11297,14933,7648,6479,9209,13505,14344,13505,2075,927,764,14015,7654,12854,8263,1797,1372,10436,14751,11292,9708,2246,150,8542,1,13:32
2024-25,1642263,Reed Sheppard,Reed,1610612745,HOU,Houston Rockets,0022400241,2024-11-17T00:00:00,HOU @ CHI,W,19.1,7.5,13.2,0.571,7.5,9.4,0.8,0.0,0.0,0.0,0.0,3.8,3.8,1.9,1.9,0.0,5.7,1.9,1.9,0.0,22.6,5.7,45.0,0,0,47.1,1,1,13086,1,16751,7669,11491,6538,582,4221,1389,13505,14344,13505,14058,14417,17895,16803,11128,12854,373,3610,15767,17725,5767,9777,5151,2246,150,3429,1,19:06
2024-25,1628384,OG Anunoby,OG,1610612752,NYK,New York Knicks,0022400240,2024-11-17T00:00:00,NYK vs. BKN,W,40.361666666666665,8.0,15.2,0.529,2.7,6.2,0.429,2.7,4.5,0.6,2.7,4.5,7.1,0.0,0.0,0.0,0.9,0.9,3.6,3.6,21.4,2.7,32.6,0,0,33.0,1,1,13086,1,483,6580,8319,8281,7610,10093,7394,8628,6917,10343,6158,12377,9886,19908,16469,12854,8116,8692,8535,7482,6728,11280,12849,2246,150,11651,1,40:22
2024-25,1627736,Malik Beasley,Malik,1610612765,DET,Detroit Pistons,0022400237,2024-11-17T00:00:00,DET @ WAS,W,29.266666666666666,12.3,19.7,0.625,7.4,13.5,0.545,0.0,0.0,0.0,1.2,2.5,3.7,1.2,0.0,1.2,0.0,0.0,0.0,0.0,32.0,36.9,41.9,0,0,46.7,1,1,13086,1,8428,1351,3197,4899,641,1078,3863,13505,14344,13505,11605,18300,18090,18916,16469,9941,8263,8846,20257,17725,1536,1209,6647,2246,150,3574,1,29:16
2024-25,1630643,Jay Huff,Jay,1610612763,MEM,Memphis Grizzlies,0022400238,2024-11-17T00:00:00,MEM vs. DEN,W,11.848333333333333,12.2,15.2,0.8,6.1,9.1,0.667,0.0,0.0,0.0,0.0,3.0,3.0,3.0,3.0,0.0,3.0,0.0,0.0,0.0,30.4,-15.2,44.7,0,0,48.6,1,1,13086,1,21367,1430,8264,1688,1252,4643,1957,13505,14344,13505,14058,16593,19610,12799,6318,12854,1648,8846,20257,17725,1958,19971,5346,2246,150,2952,1,11:51
2024-25,1628964,Mo Bamba,Mo,1610612746,LAC,LA Clippers,0022400243,2024-11-17T00:00:00,LAC vs. UTA,W,15.216666666666667,9.5,18.9,0.5,0.0,4.7,0.0,2.4,2.4,1.0,7.1,11.8,18.9,2.4,2.4,2.4,0.0,0.0,7.1,2.4,21.3,2.4,52.3,0,0,47.3,1,1,13086,1,19426,3934,3820,8526,15070,13886,15070,9413,11582,1,1104,1456,713,14996,8788,4808,8263,8846,1901,11481,6832,11431,2647,2246,150,3369,1,15:13
2024-25,1642377,Jaylen Wells,Jaylen,1610612763,MEM,Memphis Grizzlies,0022400238,2024-11-17T00:00:00,MEM vs. DEN,W,26.023333333333333,8.3,20.8,0.4,2.8,6.9,0.4,1.4,1.4,1.0,0.0,1.4,1.4,0.0,0.0,0.0,1.4,2.8,1.4,2.8,20.8,-4.2,26.6,0,0,27.7,1,1,13086,1,11146,5981,2486,14933,7335,8631,7874,12060,13612,1,14058,21121,22719,19908,16469,12854,5302,1644,17687,10084,7273,15150,17249,2246,150,15667,1,26:01
2024-25,1628978,Donte DiVincenzo,Donte,1610612750,MIN,Minnesota Timberwolves,0022400234,2024-11-17T00:00:00,MIN vs. PHX,W,25.72833333333333,7.0,15.4,0.455,7.0,14.0,0.5,0.0,0.0,0.0,0.0,1.4,1.4,4.2,0.0,0.0,0.0,0.0,2.8,1.4,21.0,14.0,29.0,0,0,33.6,1,1,13086,1,11381,8945,7977,12676,760,927,3944,13505,14344,13505,14058,21091,22697,9396,16469,12854,8263,8846,11655,15458,7092,6015,15513,2246,150,11174,1,25:44
2024-25,1642258,Zaccharie Risacher,Zaccharie,1610612737,ATL,Atlanta Hawks,0022400239,2024-11-17T00:00:00,ATL @ POR,L,21.283333333333335,5.1,10.1,0.5,0.0,3.4,0.0,8.5,8.5,1.0,1.7,5.1,6.8,3.4,3.4,0.0,0.0,1.7,3.4,6.8,18.6,15.2,28.4,0,0,28.8,1,13222,1,13222,15078,14162,16824,8526,15070,16903,15070,1205,2223,1,9607,10651,10606,11725,5278,12854,8263,4170,9144,1847,9212,5532,15929,2246,150,14889,1,21:17
2024-25,1628415,Dillon Brooks,Dillon,1610612745,HOU,Houston Rockets,0022400241,2024-11-17T00:00:00,HOU @ CHI,W,27.833333333333332,9.1,16.8,0.538,1.3,3.9,0.333,0.0,1.3,0.0,0.0,3.9,3.9,3.9,1.3,2.6,0.0,0.0,1.3,0.0,19.4,37.5,36.3,0,0,33.6,1,1,13086,1,9684,4603,6019,7978,12884,15847,9209,13505,13739,13505,14058,14093,17621,10283,13834,4161,8263,8846,18056,17725,8468,1159,10122,2246,150,11132,1,27:50
2024-25,1631172,Ousmane Dieng,Ousmane,1610612760,OKC,Oklahoma City Thunder,0022400242,2024-11-17T00:00:00,OKC vs. DAL,L,2.183333333333333,0.0,16.5,0.0,0.0,16.5,0.0,0.0,0.0,0.0,16.5,0.0,16.5,16.5,0.0,0.0,0.0,0.0,16.5,0.0,0.0,-82.4,44.5,0,0,33.0,1,13222,1,13222,25376,22635,6434,22635,15070,458,15070,13505,14344,13505,96,22137,1271,183,16469,12854,8263,8846,192,17725,23200,26025,5412,2246,150,11664,1,2:11
2024-25,1628969,Mikal Bridges,Mikal,1610612752,NYK,New York Knicks,0022400240,2024-11-17T00:00:00,NYK vs. BKN,W,44.95,7.2,14.4,0.5,2.4,8.0,0.3,0.0,0.0,0.0,1.6,3.2,4.8,0.8,0.8,0.8,0.8,0.0,1.6,0.0,16.8,12.8,27.8,0,0,28.0,1,1,13086,1,60,8438,9495,8526,8483,6434,11319,13505,14344,13505,9914,16073,15292,19902,16454,12835,8240,8846,16868,17725,11041,6467,16370,2246,150,15402,1,44:57
2024-25,1642270,Donovan Clingan,Donovan,1610612757,POR,Portland Trail Blazers,0022400239,2024-11-17T00:00:00,POR vs. ATL,W,21.75,5.0,6.6,0.75,0.0,0.0,0.0,0.0,0.0,0.0,8.3,5.0,13.2,0.0,1.7,1.7,5.0,0.0,5.0,3.3,9.9,-33.1,44.0,0,0,36.4,1,1,13086,1,14717,14489,21989,2107,15070,20945,15070,13505,14344,13505,703,10974,2645,19908,12112,7785,525,8846,4692,8219,18222,24181,5658,2246,150,9091,1,21:45
2024-25,1626167,Myles Turner,Myles,1610612754,IND,Indiana Pacers,0022400235,2024-11-17T00:00:00,IND vs. MIA,W,40.18333333333333,12.5,20.6,0.609,4.5,7.2,0.625,0.9,0.9,1.0,2.7,5.4,8.1,0.9,0.9,0.0,1.8,0.0,0.9,1.8,30.5,9.9,46.0,0,0,47.5,1,1,13086,1,517,1225,2569,5384,3098,8110,2868,13457,14321,1,6130,9842,8153,19868,16356,12854,4076,8846,20155,13962,1932,7762,4758,2246,150,3308,1,40:11
2024-25,203486,Mason Plumlee,Mason,1610612756,PHX,Phoenix Suns,0022400234,2024-11-17T00:00:00,PHX @ MIN,L,28.926666666666666,3.7,7.5,0.5,0.0,0.0,0.0,0.0,0.0,0.0,3.7,6.2,10.0,5.0,5.0,1.2,0.0,1.2,7.5,1.2,7.5,0.0,25.6,0,0,24.9,1,13222,1,13222,8738,17747,20981,8526,15070,20945,15070,13505,14344,13505,3988,7851,5483,7518,2365,9834,8263,5968,1665,16159,20350,12240,17854,2246,150,17762,1,28:56
2024-25,1641824,Matas Buzelis,Matas,1610612741,CHI,Chicago Bulls,0022400241,2024-11-17T00:00:00,CHI vs. HOU,L,15.9,4.5,13.6,0.333,4.5,6.8,0.667,4.5,4.5,1.0,2.3,4.5,6.8,0.0,4.5,2.3,0.0,2.3,4.5,2.3,18.1,-9.1,28.5,0,0,34.0,1,13222,1,13222,18998,15678,10847,17395,3020,8908,1957,4783,6779,1,7366,12179,10541,19908,2953,5168,8263,2519,5710,11880,9720,17453,15859,2246,150,10880,1,15:54
2024-25,1628420,Monté Morris,Monté,1610612756,PHX,Phoenix Suns,0022400234,2024-11-17T00:00:00,PHX @ MIN,L,10.783333333333333,6.7,10.0,0.667,3.3,3.3,1.0,0.0,0.0,0.0,0.0,3.3,3.3,6.7,6.7,3.3,0.0,3.3,0.0,0.0,16.7,6.7,34.1,0,0,36.7,1,13222,1,13222,21804,9742,17028,3281,5545,16984,1,13505,14344,13505,14058,15670,18892,4458,1038,2485,8263,1035,20257,17725,11178,9300,11761,2246,150,8899,1,10:47
2024-25,1641712,Rayan Rupert,Rayan,1610612757,POR,Portland Trail Blazers,0022400239,2024-11-17T00:00:00,POR vs. ATL,W,10.083333333333334,3.6,10.7,0.333,3.6,7.1,0.5,0.0,0.0,0.0,7.1,3.6,10.7,0.0,3.6,0.0,0.0,3.6,3.6,0.0,10.7,42.8,20.0,0,0,25.0,1,1,13086,1,22077,18153,15864,17395,4983,8163,3944,13505,14344,13505,1089,15025,4685,19908,4841,12854,8263,862,8523,17725,17464,781,21176,2246,150,17685,1,10:05
2024-25,204456,T.J. McConnell,T.J.,1610612754,IND,Indiana Pacers,0022400235,2024-11-17T00:00:00,IND vs. MIA,W,23.366666666666667,6.2,12.3,0.5,0.0,0.0,0.0,0.0,0.0,0.0,3.1,1.5,4.6,7.7,1.5,1.5,0.0,1.5,1.5,1.5,12.3,-3.1,32.5,0,0,27.7,1,1,13086,1,13408,11068,13036,8526,15070,20945,15070,13505,14344,13505,5171,20795,15767,3181,12578,8234,8263,4621,17081,14832,15800,14614,12945,2246,150,15621,1,23:22
2024-25,1628975,Jevon Carter,Jevon,1610612741,CHI,Chicago Bulls,0022400241,2024-11-17T00:00:00,CHI vs. HOU,L,14.133333333333333,7.6,22.9,0.333,5.1,15.3,0.333,0.0,0.0,0.0,0.0,7.6,7.6,5.1,2.5,5.1,0.0,5.1,2.5,0.0,20.4,-20.4,49.9,0,0,48.4,1,13222,1,13222,20122,7404,1409,17395,2160,634,9209,13505,14344,13505,14058,5254,8893,7260,8053,840,8263,347,12609,17725,7595,21661,3289,2246,150,3020,1,14:08
2024-25,1641816,Hunter Tyson,Hunter,1610612743,DEN,Denver Nuggets,0022400238,2024-11-17T00:00:00,DEN @ MEM,L,1.3666666666666667,0.0,26.3,0.0,0.0,26.3,0.0,0.0,0.0,0.0,0.0,0.0,0.0,0.0,0.0,0.0,0.0,0.0,0.0,0.0,0.0,0.0,0.0,0,0,0.0,1,13222,1,13222,25879,22635,582,22635,15070,96,15070,13505,14344,13505,14058,22137,23286,19908,16469,12854,8263,8846,20257,17725,23200,12240,25228,2246,150,25259,1,1:22
2024-25,1631207,Dalen Terry,Dalen,1610612741,CHI,Chicago Bulls,0022400241,2024-11-17T00:00:00,CHI vs. HOU,L,12.366666666666667,5.8,17.5,0.333,0.0,2.9,0.0,0.0,0.0,0.0,2.9,0.0,2.9,2.9,2.9,5.8,2.9,0.0,5.8,0.0,11.6,-11.6,42.8,0,0,34.9,1,13222,1,13222,21065,12044,5278,17395,15070,17836,15070,13505,14344,13505,5562,22137,19961,13238,6792,523,1806,8846,3184,17725,16527,18594,6229,2246,150,10147,1,12:22
2024-25,1642262,Cody Williams,Cody,1610612762,UTA,Utah Jazz,0022400243,2024-11-17T00:00:00,UTA @ LAC,L,19.716666666666665,5.5,9.1,0.6,3.7,5.5,0.667,0.0,0.0,0.0,3.7,3.7,7.3,1.8,0.0,1.8,1.8,1.8,1.8,0.0,14.6,-34.7,37.1,0,0,34.7,1,13222,1,13222,16246,13042,18512,5394,4799,12013,1957,13505,14344,13505,4119,14785,9566,17010,16469,7129,3995,3813,16059,17725,13284,24377,9651,2246,150,10301,1,19:43
2024-25,1627783,Pascal Siakam,Pascal,1610612754,IND,Indiana Pacers,0022400235,2024-11-17T00:00:00,IND vs. MIA,W,35.245,9.2,11.2,0.818,2.0,3.1,0.667,3.1,3.1,1.0,0.0,4.1,4.1,3.1,2.0,1.0,0.0,0.0,6.1,2.0,23.5,10.2,34.0,0,0,34.7,1,1,13086,1,3284,4368,14968,1653,9950,17527,1957,7634,9810,1,14058,13463,17110,12713,10292,11747,8263,8846,2792,12865,5136,7595,11795,2246,150,10272,1,35:15
2024-25,1630811,Keaton Wallace,Keaton,1610612737,ATL,Atlanta Hawks,0022400239,2024-11-17T00:00:00,ATL @ POR,L,16.883333333333333,0.0,6.4,0.0,0.0,6.4,0.0,0.0,0.0,0.0,0.0,2.1,2.1,4.3,2.1,2.1,0.0,0.0,6.4,0.0,0.0,23.5,13.2,0,0,10.7,1,13222,1,13222,18330,22635,22213,22635,15070,9758,15070,13505,14344,13505,14058,19262,21547,9216,9829,5646,8263,8846,2491,17725,23200,3164,23717,2246,150,24300,1,16:53
2024-25,1641718,Keyonte George,Keyonte,1610612762,UTA,Utah Jazz,0022400243,2024-11-17T00:00:00,UTA @ LAC,L,33.71666666666667,4.3,12.8,0.333,1.1,8.5,0.125,0.0,0.0,0.0,2.1,3.2,5.3,3.2,4.3,0.0,0.0,1.1,2.1,0.0,9.6,-11.7,16.5,0,0,19.2,1,13222,1,13222,4521,16397,12183,17395,14144,5508,14886,13505,14344,13505,7825,16076,13941,12289,3383,12854,8263,7328,14427,17725,18537,18645,22643,2246,150,21283,1,33:43
2024-25,1628467,Maxi Kleber,Maxi,1610612742,DAL,Dallas Mavericks,0022400242,2024-11-17T00:00:00,DAL @ OKC,W,14.076666666666666,2.6,2.6,1.0,0.0,0.0,0.0,0.0,0.0,0.0,0.0,5.1,5.1,0.0,7.7,0.0,0.0,0.0,10.2,0.0,5.1,-17.9,3.6,0,0,10.2,1,1,13086,1,20161,20354,24626,1,15070,20945,15070,13505,14344,13505,14058,10519,14478,19908,667,12854,8263,8846,658,17725,21948,20907,25104,2246,150,24381,1,14:05
2024-25,1642530,Yuki Kawamura,Yuki,1610612763,MEM,Memphis Grizzlies,0022400238,2024-11-17T00:00:00,MEM vs. DEN,W,0.3983333333333333,0.0,0.0,0.0,0.0,0.0,0.0,0.0,0.0,0.0,0.0,0.0,0.0,0.0,0.0,0.0,0.0,0.0,0.0,0.0,0.0,0.0,0.0,0,0,0.0,1,1,13086,1,26234,22635,24836,22635,15070,20945,15070,13505,14344,13505,14058,22137,23286,19908,16469,12854,8263,8846,20257,17725,23200,12240,25228,2246,150,25259,1,0:24
2024-25,1630658,Colin Castleton,Colin,1610612763,MEM,Memphis Grizzlies,0022400238,2024-11-17T00:00:00,MEM vs. DEN,W,0.3983333333333333,0.0,0.0,0.0,0.0,0.0,0.0,0.0,0.0,0.0,0.0,0.0,0.0,0.0,0.0,0.0,0.0,0.0,0.0,0.0,0.0,0.0,0.0,0,0,0.0,1,1,13086,1,26234,22635,24836,22635,15070,20945,15070,13505,14344,13505,14058,22137,23286,19908,16469,12854,8263,8846,20257,17725,23200,12240,25228,2246,150,25259,1,0:24
2024-25,1629003,Shake Milton,Shake,1610612751,BKN,Brooklyn Nets,0022400240,2024-11-17T00:00:00,BKN @ NYK,L,1.2833333333333334,0.0,0.0,0.0,0.0,0.0,0.0,0.0,0.0,0.0,0.0,0.0,0.0,0.0,0.0,0.0,0.0,0.0,0.0,0.0,0.0,84.2,0.0,0,0,0.0,1,13222,1,13222,25922,22635,24836,22635,15070,20945,15070,13505,14344,13505,14058,22137,23286,19908,16469,12854,8263,8846,20257,17725,23200,133,25228,2246,150,25259,1,1:17
2024-25,1642265,Rob Dillingham,Rob,1610612750,MIN,Minnesota Timberwolves,0022400234,2024-11-17T00:00:00,MIN vs. PHX,W,5.55,0.0,13.0,0.0,0.0,0.0,0.0,0.0,0.0,0.0,0.0,0.0,0.0,0.0,6.5,0.0,0.0,0.0,0.0,0.0,0.0,-32.4,-6.5,0,0,0.0,1,1,13086,1,23763,22635,11909,22635,15070,20945,15070,13505,14344,13505,14058,22137,23286,19908,1136,12854,8263,8846,20257,17725,23200,24095,26186,2246,150,25259,1,5:33
2024-25,1630264,Anthony Gill,Anthony,1610612764,WAS,Washington Wizards,0022400237,2024-11-17T00:00:00,WAS vs. DET,L,3.6333333333333333,0.0,0.0,0.0,0.0,0.0,0.0,0.0,0.0,0.0,0.0,0.0,0.0,0.0,0.0,0.0,0.0,0.0,0.0,0.0,0.0,29.7,0.0,0,0,0.0,1,13222,1,13222,24652,22635,24836,22635,15070,20945,15070,13505,14344,13505,14058,22137,23286,19908,16469,12854,8263,8846,20257,17725,23200,2004,25228,2246,150,25259,1,3:38
2024-25,1626145,Tyus Jones,Tyus,1610612756,PHX,Phoenix Suns,0022400234,2024-11-17T00:00:00,PHX @ MIN,L,37.17166666666667,5.8,11.6,0.5,1.0,1.9,0.5,0.0,0.0,0.0,1.0,3.9,4.8,10.7,1.0,2.9,0.0,0.0,1.0,0.0,12.6,-1.9,42.1,1,0,34.9,1,13222,1,13222,1870,12088,14274,8526,14714,19667,3944,13505,14344,13505,13513,14113,15198,1139,16043,3396,8263,8846,19868,17725,15509,14005,6554,1,150,10185,1,37:10
2024-25,1630533,Ziaire Williams,Ziaire,1610612751,BKN,Brooklyn Nets,0022400240,2024-11-17T00:00:00,BKN @ NYK,L,24.0,1.5,10.5,0.143,0.0,6.0,0.0,7.5,9.0,0.833,1.5,3.0,4.5,1.5,0.0,0.0,1.5,0.0,6.0,6.0,10.5,-12.0,22.7,0,0,19.5,1,13222,1,13222,12899,22162,16216,22260,15070,10684,15070,1664,1865,7275,10323,16717,16050,17974,16469,12854,4855,8846,2940,2615,17660,18731,19782,2246,150,21147,1,24:00
2024-25,1641733,Nick Smith Jr.,Nick,1610612766,CHA,Charlotte Hornets,0022400236,2024-11-17T00:00:00,CHA @ CLE,L,1.5666666666666667,0.0,0.0,0.0,0.0,0.0,0.0,0.0,0.0,0.0,0.0,0.0,0.0,0.0,0.0,0.0,0.0,0.0,0.0,0.0,0.0,-23.0,0.0,0,0,0.0,1,13222,1,13222,25750,22635,24836,22635,15070,20945,15070,13505,14344,13505,14058,22137,23286,19908,16469,12854,8263,8846,20257,17725,23200,22328,25228,2246,150,25259,1,1:34
2024-25,1630217,Desmond Bane,Desmond,1610612763,MEM,Memphis Grizzlies,0022400238,2024-11-17T00:00:00,MEM vs. DEN,W,28.508333333333333,6.3,15.2,0.417,1.3,8.8,0.143,0.0,0.0,0.0,1.3,12.6,13.9,8.8,2.5,0.0,1.3,1.3,1.3,0.0,13.9,17.7,45.1,1,0,40.4,1,1,13086,1,9115,10665,8331,14532,13022,5043,14649,13505,14344,13505,11399,1117,2283,2141,8137,12854,5839,5855,18207,17725,14056,4679,5140,1,150,6540,1,28:31
2024-25,1630592,Jalen Wilson,Jalen,1610612751,BKN,Brooklyn Nets,0022400240,2024-11-17T00:00:00,BKN @ NYK,L,25.316666666666666,7.1,10.0,0.714,4.3,7.1,0.6,2.8,4.3,0.667,2.8,5.7,8.5,0.0,1.4,0.0,0.0,0.0,2.8,2.8,21.3,-2.8,30.1,0,0,34.1,1,13222,1,13222,11729,8675,17138,2752,3456,8235,2992,8229,7279,9425,5748,9073,7436,19908,13158,12854,8263,8846,11444,9800,6792,14483,14704,2246,150,10755,1,25:19
2024-25,1627747,Caris LeVert,Caris,1610612739,CLE,Cleveland Cavaliers,0022400236,2024-11-17T00:00:00,CLE vs. CHA,W,31.65,1.1,5.7,0.2,0.0,3.4,0.0,2.3,2.3,1.0,2.3,2.3,4.5,2.3,2.3,0.0,0.0,0.0,5.7,1.1,4.5,-6.8,11.1,0,0,11.4,1,1,13086,1,6279,22551,22913,21401,15070,16841,15070,9707,11857,1,7327,18841,15922,15323,9185,12854,8263,8846,3411,16725,22266,16438,24214,2246,150,24137,1,31:39
2024-25,1642385,Cui Yongxi,Cui,1610612751,BKN,Brooklyn Nets,0022400240,2024-11-17T00:00:00,BKN @ NYK,L,1.2833333333333334,0.0,28.1,0.0,0.0,0.0,0.0,0.0,0.0,0.0,0.0,0.0,0.0,0.0,0.0,0.0,0.0,0.0,0.0,0.0,0.0,84.2,0.0,0,0,0.0,1,13222,1,13222,25922,22635,393,22635,15070,20945,15070,13505,14344,13505,14058,22137,23286,19908,16469,12854,8263,8846,20257,17725,23200,133,25228,2246,150,25259,1,1:17
2024-25,202699,Tobias Harris,Tobias,1610612765,DET,Detroit Pistons,0022400237,2024-11-17T00:00:00,DET @ WAS,W,28.383333333333333,5.1,14.0,0.364,1.3,3.8,0.333,3.8,5.1,0.75,2.5,8.9,11.4,3.8,0.0,0.0,1.3,1.3,0.0,2.5,15.2,30.4,38.4,0,0,34.2,1,1,13086,1,9227,14164,10245,16861,12988,15982,9209,6073,5792,8186,6504,3630,4040,10485,16469,12854,5806,5820,20257,10848,12685,1907,8754,2246,150,10659,1,28:23
2024-25,203471,Dennis Schröder,Dennis,1610612751,BKN,Brooklyn Nets,0022400240,2024-11-17T00:00:00,BKN @ NYK,L,31.116666666666667,2.3,12.7,0.182,2.3,6.9,0.333,2.3,2.3,1.0,0.0,1.2,1.2,6.9,0.0,0.0,0.0,3.5,1.2,3.5,9.3,-18.5,21.1,0,0,19.7,1,13222,1,13222,6775,20823,12341,21891,8800,8589,9209,9575,11740,1,14058,21613,22997,4078,16469,12854,8263,941,18773,7736,18857,21070,20652,2246,150,21052,1,31:07
2024-25,1641725,Trey Alexander,Trey,1610612743,DEN,Denver Nuggets,0022400238,2024-11-17T00:00:00,DEN @ MEM,L,1.3666666666666667,0.0,0.0,0.0,0.0,0.0,0.0,0.0,0.0,0.0,0.0,0.0,0.0,0.0,0.0,0.0,0.0,0.0,0.0,0.0,0.0,0.0,0.0,0,0,0.0,1,13222,1,13222,25879,22635,24836,22635,15070,20945,15070,13505,14344,13505,14058,22137,23286,19908,16469,12854,8263,8846,20257,17725,23200,12240,25228,2246,150,25259,1,1:22
2024-25,201145,Jeff Green,Jeff,1610612745,HOU,Houston Rockets,0022400241,2024-11-17T00:00:00,HOU @ CHI,W,13.2,2.7,10.9,0.25,0.0,8.2,0.0,0.0,0.0,0.0,0.0,5.5,5.5,0.0,0.0,0.0,0.0,0.0,2.7,0.0,5.5,21.8,12.0,0,0,10.9,1,1,13086,1,20652,20029,15513,20233,15070,6111,15070,13505,14344,13505,14058,9658,13659,19908,16469,12854,8263,8846,11924,17725,21762,3497,24005,2246,150,24243,1,13:12
2024-25,1630553,Keon Johnson,Keon,1610612751,BKN,Brooklyn Nets,0022400240,2024-11-17T00:00:00,BKN @ NYK,L,10.783333333333333,0.0,6.7,0.0,0.0,6.7,0.0,0.0,0.0,0.0,0.0,3.3,3.3,6.7,0.0,0.0,0.0,0.0,3.3,0.0,0.0,-56.8,14.0,0,0,10.0,1,13222,1,13222,21804,22635,21920,22635,15070,9148,15070,13505,14344,13505,14058,15670,18892,4458,16469,12854,8263,8846,9295,17725,23200,25603,23497,2246,150,24418,1,10:47
2024-25,1631323,Simone Fontecchio,Simone,1610612765,DET,Detroit Pistons,0022400237,2024-11-17T00:00:00,DET @ WAS,W,21.966666666666665,3.3,9.8,0.333,3.3,8.2,0.4,0.0,0.0,0.0,0.0,1.6,1.6,1.6,0.0,1.6,0.0,0.0,4.9,1.6,9.8,-6.6,19.2,0,0,19.7,1,1,13086,1,14528,18811,17348,17395,5735,6093,7874,13505,14344,13505,14058,20589,22387,17540,16469,7857,8263,8846,4804,14492,18330,16315,21561,2246,150,21054,1,21:58
2024-25,1642267,Bub Carrington,Bub,1610612764,WAS,Washington Wizards,0022400237,2024-11-17T00:00:00,WAS vs. DET,L,25.2,5.7,10.0,0.571,4.3,8.6,0.5,0.0,0.0,0.0,0.0,4.3,4.3,4.3,2.9,2.9,0.0,0.0,1.4,1.4,15.7,-27.1,33.0,0,0,34.3,1,13222,1,13222,11832,12371,17047,6538,3413,5458,3944,13505,14344,13505,14058,12844,16568,9167,7002,3527,8263,8846,17513,15328,12209,23267,12598,2246,150,10617,1,25:12
2024-25,1641790,PJ Hall,PJ,1610612743,DEN,Denver Nuggets,0022400238,2024-11-17T00:00:00,DEN @ MEM,L,1.3666666666666667,0.0,0.0,0.0,0.0,0.0,0.0,0.0,0.0,0.0,0.0,0.0,0.0,0.0,0.0,0.0,0.0,0.0,0.0,0.0,0.0,0.0,0.0,0,0,0.0,1,13222,1,13222,25879,22635,24836,22635,15070,20945,15070,13505,14344,13505,14058,22137,23286,19908,16469,12854,8263,8846,20257,17725,23200,12240,25228,2246,150,25259,1,1:22
2024-25,203995,Vasilije Micić,Vasilije,1610612766,CHA,Charlotte Hornets,0022400236,2024-11-17T00:00:00,CHA @ CLE,L,14.45,7.5,10.0,0.75,7.5,10.0,0.75,0.0,0.0,0.0,0.0,0.0,0.0,5.0,2.5,0.0,0.0,0.0,5.0,0.0,22.4,5.0,27.4,0,0,34.9,1,13222,1,13222,19913,7821,17111,2107,601,3530,1542,13505,14344,13505,14058,22137,23286,7509,8279,12854,8263,8846,4643,17725,5903,10125,16656,2246,150,10176,1,14:27
2024-25,1642281,Jaylon Tyson,Jaylon,1610612739,CLE,Cleveland Cavaliers,0022400236,2024-11-17T00:00:00,CLE vs. CHA,W,1.5666666666666667,0.0,0.0,0.0,0.0,0.0,0.0,0.0,0.0,0.0,0.0,0.0,0.0,0.0,0.0,0.0,0.0,0.0,0.0,0.0,0.0,23.0,0.0,0,0,0.0,1,1,13086,1,25750,22635,24836,22635,15070,20945,15070,13505,14344,13505,14058,22137,23286,19908,16469,12854,8263,8846,20257,17725,23200,3273,25228,2246,150,25259,1,1:34
2024-25,1629731,Dean Wade,Dean,1610612739,CLE,Cleveland Cavaliers,0022400236,2024-11-17T00:00:00,CLE vs. CHA,W,14.733333333333333,2.4,4.9,0.5,2.4,4.9,0.5,0.0,0.0,0.0,0.0,9.8,9.8,0.0,2.4,0.0,0.0,0.0,4.9,2.4,7.3,7.3,16.6,0,0,19.5,1,1,13086,1,19747,20564,23538,8526,8334,13471,3944,13505,14344,13505,14058,2744,5708,19908,8473,12854,8263,8846,4864,11186,20458,8969,22619,2246,150,21123,1,14:44
2024-25,1629611,Terance Mann,Terance,1610612746,LAC,LA Clippers,0022400243,2024-11-17T00:00:00,LAC vs. UTA,W,13.65,7.9,15.8,0.5,2.6,5.3,0.5,0.0,0.0,0.0,0.0,5.3,5.3,2.6,0.0,0.0,2.6,0.0,2.6,2.6,18.5,5.3,36.7,0,0,34.3,1,1,13086,1,20388,6826,7387,8526,7717,12536,3944,13505,14344,13505,14058,10087,14106,14090,16469,12854,2166,8846,12296,10522,9354,9972,9915,2246,150,10617,1,13:39
2024-25,1630596,Evan Mobley,Evan,1610612739,CLE,Cleveland Cavaliers,0022400236,2024-11-17T00:00:00,CLE vs. CHA,W,34.416666666666664,9.4,12.6,0.75,2.1,3.1,0.667,3.1,3.1,1.0,1.0,10.5,11.5,0.0,4.2,0.0,1.0,0.0,2.1,5.2,24.1,20.9,36.8,1,0,39.7,1,1,13086,1,3913,4003,12654,2107,9725,17387,1957,7458,9631,1,12906,2259,3938,19908,3529,12854,7161,8846,14645,3726,4763,3716,9828,1,150,6925,1,34:25
2024-25,1642259,Alex Sarr,Alex,1610612764,WAS,Washington Wizards,0022400237,2024-11-17T00:00:00,WAS vs. DET,L,23.9,1.5,10.5,0.143,1.5,4.5,0.333,1.5,3.0,0.5,0.0,4.5,4.5,4.5,3.0,0.0,1.5,1.5,3.0,1.5,6.0,-33.1,19.7,0,0,19.6,1,13222,1,13222,12991,22156,16143,22260,12001,14383,9209,11785,9941,10625,14058,12211,15995,8604,6415,12854,4820,4752,10652,14980,21370,24186,21294,2246,150,21105,1,23:54
2024-25,1630166,Deni Avdija,Deni,1610612757,POR,Portland Trail Blazers,0022400239,2024-11-17T00:00:00,POR vs. ATL,W,25.283333333333335,5.7,11.4,0.5,2.8,5.7,0.5,2.8,2.8,1.0,4.3,7.1,11.4,5.7,1.4,2.8,1.4,0.0,1.4,2.8,17.1,1.4,50.7,0,0,45.6,1,1,13086,1,11759,12432,14678,8526,7055,11461,3944,8222,10367,1,3209,6138,4060,6050,13145,3557,5138,8846,17529,9784,10757,11908,3071,2246,150,4001,1,25:17
2024-25,1631170,Jaime Jaquez Jr.,Jaime,1610612748,MIA,Miami Heat,0022400235,2024-11-17T00:00:00,MIA @ IND,L,15.43,2.3,14.0,0.167,0.0,4.7,0.0,0.0,0.0,0.0,2.3,4.7,7.0,9.3,4.7,2.3,0.0,2.3,2.3,0.0,4.7,-14.0,29.4,0,0,25.7,1,13222,1,13222,19294,20791,10176,21938,15070,14046,15070,13505,14344,13505,7140,11810,10149,1794,2764,4928,8263,2363,13513,17725,22202,19501,15218,2246,150,17161,1,15:26
2024-25,1630192,Zeke Nnaji,Zeke,1610612743,DEN,Denver Nuggets,0022400238,2024-11-17T00:00:00,DEN @ MEM,L,1.3666666666666667,0.0,0.0,0.0,0.0,0.0,0.0,0.0,0.0,0.0,0.0,26.3,26.3,0.0,26.3,0.0,0.0,0.0,0.0,0.0,0.0,0.0,5.3,0,0,26.3,1,13222,1,13222,25879,22635,24836,22635,15070,20945,15070,13505,14344,13505,14058,65,157,19908,22,12854,8263,8846,20257,17725,23200,12240,24985,2246,150,16678,1,1:22
2024-25,1628386,Jarrett Allen,Jarrett,1610612739,CLE,Cleveland Cavaliers,0022400236,2024-11-17T00:00:00,CLE vs. CHA,W,31.383333333333333,6.9,8.0,0.857,0.0,0.0,0.0,10.3,11.5,0.9,4.6,12.6,17.2,0.0,2.3,1.1,1.1,1.1,0.0,6.9,24.1,10.3,49.3,1,0,45.9,1,1,13086,1,6521,9208,20206,1412,15070,20945,15070,610,896,6805,2816,1120,1079,19908,9100,10610,6508,6658,20257,1753,4739,7551,3494,1,150,3864,1,31:23
2024-25,202681,Kyrie Irving,Kyrie,1610612742,DAL,Dallas Mavericks,0022400242,2024-11-17T00:00:00,DAL @ OKC,W,36.056666666666665,9.0,18.0,0.5,3.0,6.0,0.5,2.0,2.0,1.0,1.0,0.0,1.0,6.0,1.0,0.0,0.0,1.0,2.0,1.0,23.0,-4.0,32.1,0,0,32.9,1,1,13086,1,2642,4741,4728,8526,6539,10722,3944,10655,12733,1,13267,22137,23210,5519,15859,12854,8263,7941,15166,17402,5512,15059,13218,2246,150,11697,1,36:03
2024-25,1641730,Noah Clowney,Noah,1610612751,BKN,Brooklyn Nets,0022400240,2024-11-17T00:00:00,BKN @ NYK,L,16.816666666666666,10.7,15.0,0.714,4.3,8.6,0.5,2.1,6.4,0.333,0.0,4.3,4.3,2.1,2.1,0.0,0.0,0.0,8.6,6.4,27.8,-27.8,34.0,0,0,38.5,1,13222,1,13222,18375,2502,8641,2752,3425,5480,3944,10163,3978,13132,14058,12859,16584,15859,9779,12854,8263,8846,1113,2157,2847,23397,11772,2246,150,7682,1,16:49
2024-25,203897,Zach LaVine,Zach,1610612741,CHI,Chicago Bulls,0022400241,2024-11-17T00:00:00,CHI vs. HOU,L,26.333333333333332,5.5,12.3,0.444,1.4,4.1,0.333,8.2,8.2,1.0,0.0,6.8,6.8,1.4,0.0,2.7,1.4,0.0,4.1,4.1,20.5,-49.2,43.1,0,0,38.3,1,13222,1,13222,10877,13070,13069,13045,12575,15341,9209,1317,2382,1,14058,6642,10450,18438,16469,3839,5375,8846,6832,6052,7489,25378,6108,2246,150,7843,1,26:20
2024-25,1627884,Derrick Jones Jr.,Derrick,1610612746,LAC,LA Clippers,0022400243,2024-11-17T00:00:00,LAC vs. UTA,W,20.583333333333332,5.2,10.5,0.5,1.7,5.2,0.333,0.0,0.0,0.0,0.0,1.7,1.7,0.0,1.7,5.2,0.0,0.0,0.0,1.7,12.2,8.7,28.3,0,0,26.2,1,1,13086,1,15578,13675,16226,8526,11256,12600,9209,13505,14344,13505,14058,20351,22228,19908,11740,764,8263,8846,20257,14118,15880,8302,15969,2246,150,16771,1,20:35
2024-25,1630557,Corey Kispert,Corey,1610612764,WAS,Washington Wizards,0022400237,2024-11-17T00:00:00,WAS vs. DET,L,21.833333333333332,4.9,9.9,0.5,3.3,6.6,0.5,0.0,0.0,0.0,0.0,4.9,4.9,1.6,1.6,1.6,0.0,0.0,0.0,1.6,13.2,-9.9,24.9,0,0,26.4,1,13222,1,13222,14630,14563,17254,8526,5668,9331,3944,13505,14344,13505,14058,11036,14936,17511,12144,7820,8263,8846,20257,14456,14884,17848,18360,2246,150,16638,1,21:50
2024-25,1641706,Brandon Miller,Brandon,1610612766,CHA,Charlotte Hornets,0022400236,2024-11-17T00:00:00,CHA @ CLE,L,34.89666666666667,6.2,20.6,0.3,3.1,12.4,0.25,0.0,0.0,0.0,1.0,4.1,5.2,4.1,0.0,2.1,0.0,1.0,3.1,1.0,15.5,-9.3,34.0,0,0,32.0,1,13222,1,13222,3550,10992,2556,19363,6228,1581,11902,13505,14344,13505,13018,13338,14376,9586,16469,5944,8263,7648,10286,17267,12442,17573,11769,2246,150,12403,1,34:54
2024-25,203915,Spencer Dinwiddie,Spencer,1610612742,DAL,Dallas Mavericks,0022400242,2024-11-17T00:00:00,DAL @ OKC,W,17.215,6.3,14.6,0.429,4.2,6.3,0.667,4.2,4.2,1.0,0.0,6.3,6.3,2.1,0.0,2.1,0.0,0.0,4.2,2.1,20.9,2.1,37.9,0,0,37.6,1,1,13086,1,18138,10784,9148,13735,3600,10034,1957,5372,7445,1,14058,7746,11665,16030,16469,5826,8263,8846,6599,12651,7152,11579,9125,2246,150,8256,1,17:13
2024-25,1629027,Trae Young,Trae,1610612737,ATL,Atlanta Hawks,0022400239,2024-11-17T00:00:00,ATL @ POR,L,37.92166666666667,7.6,15.2,0.5,4.7,9.5,0.5,7.6,8.5,0.889,0.9,3.8,4.7,7.6,5.7,0.0,0.0,1.9,1.9,4.7,27.5,-3.8,38.9,0,0,44.6,1,13222,1,13222,1430,7529,8276,8526,2651,4118,3944,1613,2159,6857,13656,14326,15458,3293,1641,12854,8263,3550,15681,4628,2967,14949,8466,2246,150,4419,1,37:55
2024-25,1641717,Cason Wallace,Cason,1610612760,OKC,Oklahoma City Thunder,0022400242,2024-11-17T00:00:00,OKC vs. DAL,L,24.89666666666667,2.9,11.6,0.25,0.0,7.2,0.0,0.0,0.0,0.0,0.0,2.9,2.9,1.4,0.0,2.9,0.0,0.0,2.9,0.0,5.8,-14.5,20.1,0,0,15.9,1,13222,1,13222,12101,19675,14361,20233,15070,7983,15070,13505,14344,13505,14058,17109,20014,18189,16469,3433,8263,8846,11217,17725,21539,19689,21114,2246,150,22746,1,24:54
2024-25,1629130,Duncan Robinson,Duncan,1610612748,MIA,Miami Heat,0022400235,2024-11-17T00:00:00,MIA @ IND,L,31.055,7.0,11.6,0.6,5.8,8.1,0.714,3.5,3.5,1.0,1.2,3.5,4.6,4.6,2.3,0.0,0.0,1.2,2.3,1.2,23.2,11.6,33.4,0,0,38.3,1,13222,1,13222,6836,9035,14319,5394,1480,6259,1861,6742,8932,1,12053,15300,15735,8334,8992,12854,8263,6559,13565,16603,5363,6972,12273,2246,150,7864,1,31:03
2024-25,202696,Nikola Vučević,Nikola,1610612741,CHI,Chicago Bulls,0022400241,2024-11-17T00:00:00,CHI vs. HOU,L,25.333333333333332,4.3,9.9,0.429,1.4,4.3,0.333,2.8,2.8,1.0,0.0,8.5,8.5,2.8,2.8,0.0,0.0,0.0,2.8,4.3,12.8,-49.7,24.4,0,0,25.6,1,13222,1,13222,11714,16419,17153,13735,12362,14989,9209,8234,10381,1,14058,4021,7440,13464,7049,12854,8263,8846,11449,5694,15306,25387,18658,2246,150,17224,1,25:20
2024-25,1631114,Jalen Williams,Jalen,1610612760,OKC,Oklahoma City Thunder,0022400242,2024-11-17T00:00:00,OKC vs. DAL,L,35.15,11.3,17.4,0.647,3.1,6.1,0.5,2.0,2.0,1.0,2.0,3.1,5.1,5.1,1.0,1.0,1.0,0.0,5.1,1.0,27.7,-2.0,46.6,0,0,45.1,1,13222,1,13222,3348,2036,5347,4571,6287,10329,3944,10467,12580,1,8169,16484,14460,7202,15679,11724,7316,8846,4343,17294,2912,14071,4493,2246,150,4242,1,35:09
2024-25,1629012,Collin Sexton,Collin,1610612762,UTA,Utah Jazz,0022400243,2024-11-17T00:00:00,UTA @ LAC,L,20.05,7.2,16.2,0.444,5.4,9.0,0.6,0.0,0.0,0.0,1.8,5.4,7.2,5.4,5.4,0.0,0.0,0.0,7.2,0.0,19.8,-14.4,31.1,0,0,37.7,1,13222,1,13222,15985,8504,6886,13045,1862,4869,2992,13505,14344,13505,9253,9816,9781,6655,1915,12854,8263,8846,1835,17725,8119,19639,14013,2246,150,8220,1,20:03
2024-25,1630700,Dyson Daniels,Dyson,1610612737,ATL,Atlanta Hawks,0022400239,2024-11-17T00:00:00,ATL @ POR,L,35.916666666666664,5.0,17.0,0.294,1.0,5.0,0.2,1.0,1.0,1.0,5.0,3.0,8.0,5.0,6.0,2.0,1.0,2.0,2.0,4.0,12.0,-4.0,32.2,0,0,32.1,1,13222,1,13222,2742,14351,5759,19598,14541,13181,13429,13228,14211,1,2372,16691,8237,7443,1370,6236,7468,3218,15120,6284,16107,15071,13200,2246,150,12329,1,35:55
2024-25,1628389,Bam Adebayo,Bam,1610612748,MIA,Miami Heat,0022400235,2024-11-17T00:00:00,MIA @ IND,L,39.68333333333333,8.2,16.3,0.5,1.8,3.6,0.5,3.6,4.5,0.8,5.4,1.8,7.3,1.8,1.8,0.0,0.0,0.9,0.9,2.7,21.8,-8.2,31.4,0,0,32.7,1,13222,1,13222,657,6274,6638,8526,11017,16377,3944,6433,6771,7681,1982,20205,9648,17044,11482,12854,8263,8620,20131,10249,6402,17043,13758,2246,150,11901,1,39:41
2024-25,203903,Jordan Clarkson,Jordan,1610612762,UTA,Utah Jazz,0022400243,2024-11-17T00:00:00,UTA @ LAC,L,29.55,8.5,20.7,0.412,2.4,13.4,0.182,6.1,6.1,1.0,1.2,3.7,4.9,2.4,2.4,1.2,0.0,1.2,0.0,4.9,25.6,2.4,36.3,0,0,37.8,1,13222,1,13222,8180,5564,2510,14791,8351,1132,14207,2785,4363,1,11672,14777,15130,14751,8501,10028,8263,6138,20257,4349,3886,11400,10154,2246,150,8191,1,29:33
2024-25,1628374,Lauri Markkanen,Lauri,1610612762,UTA,Utah Jazz,0022400243,2024-11-17T00:00:00,UTA @ LAC,L,38.666666666666664,5.6,11.2,0.5,3.7,7.4,0.5,1.9,3.7,0.5,1.9,7.4,9.3,0.9,1.9,0.9,0.0,0.0,2.8,1.9,16.8,-10.2,30.3,1,0,32.6,1,13222,1,13222,1025,12743,15067,8526,4637,7500,3944,11080,8432,10625,8981,5585,6303,19830,11262,12500,8263,8846,11670,13682,11115,17994,14616,1,150,11948,1,38:40
2024-25,1630590,Scotty Pippen Jr.,Scotty,1610612763,MEM,Memphis Grizzlies,0022400238,2024-11-17T00:00:00,MEM vs. DEN,W,25.533333333333335,4.2,16.9,0.25,2.8,9.9,0.286,2.8,2.8,1.0,2.8,1.4,4.2,5.6,2.8,5.6,0.0,0.0,4.2,2.8,14.1,16.9,41.7,0,0,38.1,1,1,13086,1,11556,16513,5891,20233,7161,3638,11433,8290,10429,1,5807,21054,16731,6162,7147,589,8263,8846,6473,9891,13848,4934,6759,2246,150,7982,1,25:32
2024-25,1631222,Jake LaRavia,Jake,1610612763,MEM,Memphis Grizzlies,0022400238,2024-11-17T00:00:00,MEM vs. DEN,W,20.066666666666666,3.6,5.4,0.667,1.8,1.8,1.0,3.6,3.6,1.0,0.0,3.6,3.6,7.2,1.8,1.8,1.8,1.8,0.0,1.8,12.6,21.5,36.6,0,0,32.3,1,1,13086,1,15970,18107,23197,3281,11101,19924,1,6509,8705,1,14058,14955,18342,3794,11574,7281,4071,3915,20257,13954,15532,3571,9966,2246,150,12145,1,20:04
2024-25,1630249,Vít Krejčí,Vít,1610612737,ATL,Atlanta Hawks,0022400239,2024-11-17T00:00:00,ATL @ POR,L,21.283333333333335,5.1,8.5,0.6,3.4,5.1,0.667,0.0,0.0,0.0,1.7,1.7,3.4,5.1,1.7,1.7,1.7,1.7,5.1,0.0,13.5,-8.5,33.7,0,0,32.1,1,13222,1,13222,15078,14162,19559,5394,5426,13018,1957,13505,14344,13505,9607,20482,18811,7305,11955,7642,4315,4170,4437,17725,14465,17160,12066,2246,150,12273,1,21:17
2024-25,203967,Dario Šarić,Dario,1610612743,DEN,Denver Nuggets,0022400238,2024-11-17T00:00:00,DEN @ MEM,L,32.35,4.5,11.1,0.4,2.2,5.6,0.4,0.0,0.0,0.0,2.2,8.9,11.1,3.3,0.0,2.2,0.0,2.2,1.1,0.0,11.1,-5.6,36.2,1,0,32.3,1,13222,1,13222,5691,15925,15147,14933,9135,11810,7874,13505,14344,13505,7510,3604,4297,11857,16469,5289,8263,2590,19027,17725,17055,15865,10256,1,150,12153,1,32:21
2024-25,1628998,Cody Martin,Cody,1610612766,CHA,Charlotte Hornets,0022400236,2024-11-17T00:00:00,CHA @ CLE,L,25.433333333333334,2.8,11.3,0.25,0.0,4.2,0.0,1.4,2.8,0.5,7.1,1.4,8.5,2.8,1.4,2.8,4.2,0.0,2.8,1.4,7.1,-2.8,41.3,0,0,32.6,1,13222,1,13222,11634,19807,14788,20233,15070,15016,15070,11987,10407,10625,1113,21046,7476,13494,13194,3596,792,8846,11505,15384,20661,14477,6974,2246,150,11968,1,25:26
2024-25,1629632,Coby White,Coby,1610612741,CHI,Chicago Bulls,0022400241,2024-11-17T00:00:00,CHI vs. HOU,L,24.933333333333334,4.3,11.6,0.375,2.9,5.8,0.5,0.0,0.0,0.0,1.4,1.4,2.9,5.8,1.4,0.0,1.4,1.4,1.4,1.4,11.6,-24.5,26.6,0,0,26.0,1,13222,1,13222,12062,16243,14384,16299,6903,11265,3944,13505,14344,13505,10562,21001,20021,5899,13033,12854,5061,5003,17461,15261,16613,22704,17241,2246,150,16941,1,24:56
2024-25,1642268,Isaiah Collier,Isaiah,1610612762,UTA,Utah Jazz,0022400243,2024-11-17T00:00:00,UTA @ LAC,L,26.283333333333335,2.7,5.5,0.5,0.0,1.4,0.0,0.0,0.0,0.0,0.0,4.1,4.1,11.0,4.1,2.7,0.0,1.4,2.7,0.0,5.5,15.1,31.0,0,0,26.0,1,13222,1,13222,10915,19998,23107,8526,15070,20408,15070,13505,14344,13505,14058,13393,17050,1013,3657,3829,8263,5311,11883,17725,21746,5604,14085,2246,150,16918,1,26:17
2024-25,1631246,Vince Williams Jr.,Vince,1610612763,MEM,Memphis Grizzlies,0022400238,2024-11-17T00:00:00,MEM vs. DEN,W,13.783333333333333,2.6,10.4,0.25,2.6,7.8,0.333,0.0,0.0,0.0,0.0,2.6,2.6,13.1,5.2,0.0,0.0,0.0,10.4,2.6,7.8,7.8,25.3,0,0,26.1,1,1,13086,1,20310,20260,16308,20233,7786,6742,9209,13505,14344,13505,14058,17920,20619,520,2094,12854,8263,8846,621,10602,20056,8717,18051,2246,150,16856,1,13:47
2024-25,1628973,Jalen Brunson,Jalen,1610612752,NYK,New York Knicks,0022400240,2024-11-17T00:00:00,NYK vs. BKN,W,34.36666666666667,3.1,14.7,0.214,0.0,5.2,0.0,6.3,8.4,0.75,1.0,4.2,5.2,10.5,3.1,2.1,0.0,1.0,4.2,7.3,12.6,-1.0,37.7,1,0,32.5,1,1,13086,1,3950,19116,9106,21369,15070,12621,15070,2608,2272,8186,12897,13145,14197,1215,6009,5810,8263,7515,6583,1427,15522,13569,9217,1,150,12013,1,34:22
2024-25,1631245,Quenton Jackson,Quenton,1610612754,IND,Indiana Pacers,0022400235,2024-11-17T00:00:00,IND vs. MIA,W,6.666666666666667,0.0,0.0,0.0,0.0,0.0,0.0,0.0,0.0,0.0,0.0,5.4,5.4,0.0,0.0,0.0,0.0,0.0,10.8,0.0,0.0,-48.6,6.5,0,0,5.4,1,1,13086,1,23297,22635,24836,22635,15070,20945,15070,13505,14344,13505,14058,9783,13812,19908,16469,12854,8263,8846,559,17725,23200,25348,24866,2246,150,25068,1,6:40
2024-25,1630537,Chris Duarte,Chris,1610612741,CHI,Chicago Bulls,0022400241,2024-11-17T00:00:00,CHI vs. HOU,L,12.0,6.0,12.0,0.5,0.0,6.0,0.0,6.0,6.0,1.0,3.0,3.0,6.0,0.0,0.0,0.0,0.0,0.0,3.0,6.0,18.0,-18.0,25.2,0,0,24.0,1,13222,1,13222,21228,11500,13575,8526,15070,10684,15070,2855,4464,1,5329,16717,12271,19908,16469,12854,8263,8846,10710,2615,9827,20931,18146,2246,150,18317,1,12:00
2024-25,1628379,Luke Kennard,Luke,1610612763,MEM,Memphis Grizzlies,0022400238,2024-11-17T00:00:00,MEM vs. DEN,W,25.928333333333335,4.2,6.9,0.6,2.8,4.2,0.667,0.0,1.4,0.0,0.0,4.2,4.2,5.6,1.4,0.0,0.0,0.0,1.4,0.0,11.1,12.5,23.0,0,0,23.6,1,1,13086,1,11224,16685,21628,5394,7294,15200,1957,13505,13604,13505,14058,13224,16897,6333,13350,12854,8263,8846,17670,17725,17078,6599,19531,2246,150,18612,1,25:56
2024-25,1641842,Ronald Holland II,Ronald,1610612765,DET,Detroit Pistons,0022400237,2024-11-17T00:00:00,DET @ WAS,W,14.883333333333333,0.0,7.3,0.0,0.0,2.4,0.0,0.0,0.0,0.0,0.0,4.8,4.8,0.0,2.4,0.0,0.0,0.0,4.8,0.0,0.0,-16.9,3.4,0,0,4.8,1,1,13086,1,19645,22635,21266,22635,15070,18768,15070,13505,14344,13505,14058,11307,15202,19908,8576,12854,8263,8846,4974,17725,23200,20590,25111,2246,150,25120,1,14:53
2024-25,1629008,Michael Porter Jr.,Michael,1610612743,DEN,Denver Nuggets,0022400238,2024-11-17T00:00:00,DEN @ MEM,L,27.233333333333334,5.3,15.9,0.333,0.0,5.3,0.0,2.6,2.6,1.0,0.0,4.0,4.0,1.3,2.6,0.0,0.0,1.3,1.3,1.3,13.2,-19.8,17.3,0,0,18.5,1,13222,1,13222,10157,13571,7324,17395,15070,12498,15070,8705,10876,1,14058,13826,17401,18584,7721,12854,8263,5537,17943,15799,14849,21505,22362,2246,150,21623,1,27:14
2024-25,1631116,Patrick Baldwin Jr.,Patrick,1610612764,WAS,Washington Wizards,0022400237,2024-11-17T00:00:00,WAS vs. DET,L,4.0,0.0,0.0,0.0,0.0,0.0,0.0,9.0,18.0,0.5,0.0,9.0,9.0,0.0,0.0,0.0,0.0,0.0,9.0,9.0,9.0,45.0,19.8,0,0,18.0,1,13222,1,13222,24480,22635,24836,22635,15070,20945,15070,1001,192,10625,14058,3516,6730,19908,16469,12854,8263,8846,963,653,19078,705,21257,2246,150,21859,1,4:00
2024-25,1630579,Jericho Sims,Jericho,1610612752,NYK,New York Knicks,0022400240,2024-11-17T00:00:00,NYK vs. BKN,W,18.083333333333332,2.0,2.0,1.0,0.0,0.0,0.0,0.0,0.0,0.0,0.0,8.0,8.0,2.0,0.0,0.0,2.0,0.0,6.0,2.0,4.0,-8.0,22.5,0,0,17.9,1,1,13086,1,17512,21427,24762,1,15070,20945,15070,13505,14344,13505,14058,4759,8335,16415,16469,12854,3516,8846,2991,13124,22561,16959,19878,2246,150,21907,1,18:05
2024-25,1642346,Ryan Dunn,Ryan,1610612756,PHX,Phoenix Suns,0022400234,2024-11-17T00:00:00,PHX @ MIN,L,18.49,1.9,3.9,0.5,0.0,1.9,0.0,0.0,3.9,0.0,0.0,0.0,0.0,0.0,5.8,1.9,0.0,0.0,5.8,1.9,3.9,-21.4,3.9,0,0,7.8,1,13222,1,13222,17208,21503,24138,8526,15070,19650,15070,13505,8047,13505,14058,22137,23286,19908,1514,6522,8263,8846,3156,13331,22603,21944,25085,2246,150,24790,1,18:29
2024-25,201144,Mike Conley,Mike,1610612750,MIN,Minnesota Timberwolves,0022400234,2024-11-17T00:00:00,MIN vs. PHX,W,30.071666666666665,1.2,2.4,0.5,1.2,1.2,1.0,0.0,1.2,0.0,0.0,4.8,4.8,3.6,1.2,2.4,0.0,0.0,0.0,6.0,3.6,16.8,20.7,0,0,18.0,1,1,13086,1,7720,22499,24674,8526,13387,20624,1,13505,13889,13505,14058,11467,15330,11108,14462,4717,8263,8846,20257,2646,22743,4986,20833,2246,150,21888,1,30:04
2024-25,1628427,Vlatko Čančar,Vlatko,1610612743,DEN,Denver Nuggets,0022400238,2024-11-17T00:00:00,DEN @ MEM,L,13.416666666666666,2.7,5.4,0.5,0.0,2.7,0.0,0.0,0.0,0.0,2.7,0.0,2.7,0.0,2.7,0.0,0.0,0.0,8.0,0.0,5.4,-24.1,5.9,0,0,8.0,1,13222,1,13222,20527,20122,23208,8526,15070,18290,15070,13505,14344,13505,6141,22137,20489,19908,7581,12854,8263,8846,1342,17725,21815,22611,24928,2246,150,24760,1,13:25
2024-25,1626179,Terry Rozier,Terry,1610612748,MIA,Miami Heat,0022400235,2024-11-17T00:00:00,MIA @ IND,L,27.278333333333332,5.3,15.8,0.333,0.0,6.6,0.0,1.3,1.3,1.0,5.3,0.0,5.3,1.3,0.0,0.0,0.0,0.0,2.6,1.3,11.9,-19.8,20.2,0,0,18.5,1,13222,1,13222,10126,13600,7368,17395,15070,9326,15070,12249,13700,1,2116,22137,14094,18598,16469,12854,8263,8846,12289,15809,16260,21492,21064,2246,150,21639,1,27:17
2024-25,203939,Dwight Powell,Dwight,1610612742,DAL,Dallas Mavericks,0022400242,2024-11-17T00:00:00,DAL @ OKC,W,3.8,0.0,0.0,0.0,0.0,0.0,0.0,9.5,18.9,0.5,0.0,0.0,0.0,0.0,0.0,0.0,0.0,0.0,0.0,9.5,9.5,56.8,9.5,0,0,9.5,1,1,13086,1,24574,22635,24836,22635,15070,20945,15070,848,159,10625,14058,22137,23286,19908,16469,12854,8263,8846,20257,528,18661,408,24501,2246,150,24532,1,3:48
2024-25,1629234,Drew Eubanks,Drew,1610612762,UTA,Utah Jazz,0022400243,2024-11-17T00:00:00,UTA @ LAC,L,17.283333333333335,6.2,8.3,0.75,0.0,0.0,0.0,4.2,4.2,1.0,0.0,2.1,2.1,0.0,2.1,0.0,0.0,0.0,0.0,2.1,16.7,4.2,17.1,0,0,18.7,1,13222,1,13222,18086,10849,19748,2107,15070,20945,15070,5402,7480,1,14058,19413,21648,19908,10083,12854,8263,8846,20257,12691,11208,10563,22454,2246,150,21513,1,17:17
2024-25,1630194,Paul Reed,Paul,1610612765,DET,Detroit Pistons,0022400237,2024-11-17T00:00:00,DET @ WAS,W,4.35,0.0,8.3,0.0,0.0,0.0,0.0,0.0,0.0,0.0,0.0,8.3,8.3,0.0,0.0,0.0,0.0,0.0,0.0,0.0,0.0,-41.4,9.9,0,0,8.3,1,1,13086,1,24306,22635,19831,22635,15070,20945,15070,13505,14344,13505,14058,4312,7801,19908,16469,12854,8263,8846,20257,17725,23200,24932,24432,2246,150,24725,1,4:21
2024-25,1631106,Tari Eason,Tari,1610612745,HOU,Houston Rockets,0022400241,2024-11-17T00:00:00,HOU @ CHI,W,18.283333333333335,2.0,15.8,0.125,0.0,7.9,0.0,3.9,3.9,1.0,2.0,9.8,11.8,0.0,2.0,2.0,0.0,2.0,9.8,2.0,7.9,-11.8,26.0,0,0,23.6,1,1,13086,1,17380,21456,7471,22420,15070,6663,15070,5811,7969,1,8525,2692,3649,19908,10668,6393,8263,3316,733,13217,20020,18670,17624,2246,150,18591,1,18:17
2024-25,1630171,Isaac Okoro,Isaac,1610612739,CLE,Cleveland Cavaliers,0022400236,2024-11-17T00:00:00,CLE vs. CHA,W,13.783333333333333,7.8,10.4,0.75,0.0,2.6,0.0,0.0,0.0,0.0,0.0,0.0,0.0,2.6,2.6,0.0,0.0,0.0,2.6,0.0,15.7,26.1,17.0,0,0,18.3,1,1,13086,1,20310,6994,16308,2107,15070,18428,15070,13505,14344,13505,14058,22137,23286,14176,7827,12854,8263,8846,12381,17725,12249,2601,22499,2246,150,21727,1,13:47
2024-25,1629312,Haywood Highsmith,Haywood,1610612748,MIA,Miami Heat,0022400235,2024-11-17T00:00:00,MIA @ IND,L,21.8,0.0,9.9,0.0,0.0,3.3,0.0,0.0,0.0,0.0,3.3,3.3,6.6,1.7,3.3,0.0,0.0,1.7,1.7,3.3,0.0,-14.9,7.1,0,0,8.3,1,13222,1,13222,14669,22635,17220,22635,15070,17062,15070,13505,14344,13505,4745,15783,10935,17498,5498,12854,8263,4286,16703,8239,23200,19854,24812,2246,150,24728,1,21:48
2024-25,201587,Nicolas Batum,Nicolas,1610612746,LAC,LA Clippers,0022400243,2024-11-17T00:00:00,LAC vs. UTA,W,18.466666666666665,0.0,5.8,0.0,0.0,5.8,0.0,3.9,3.9,1.0,0.0,1.9,1.9,0.0,0.0,0.0,0.0,0.0,0.0,1.9,3.9,-1.9,6.2,0,0,5.8,1,1,13086,1,17225,22635,22759,22635,15070,11081,15070,5878,8037,1,14058,19824,21906,19908,16469,12854,8263,8846,20257,13320,22597,14015,24895,2246,150,25020,1,18:28
2024-25,1631098,Johnny Davis,Johnny,1610612764,WAS,Washington Wizards,0022400237,2024-11-17T00:00:00,WAS vs. DET,L,4.0,0.0,9.0,0.0,0.0,0.0,0.0,0.0,0.0,0.0,0.0,9.0,9.0,0.0,0.0,0.0,0.0,0.0,0.0,0.0,0.0,45.0,10.8,0,0,9.0,1,13222,1,13222,24480,22635,18708,22635,15070,20945,15070,13505,14344,13505,14058,3516,6730,19908,16469,12854,8263,8846,20257,17725,23200,705,24281,2246,150,24606,1,4:00
2024-25,1631128,Christian Braun,Christian,1610612743,DEN,Denver Nuggets,0022400238,2024-11-17T00:00:00,DEN @ MEM,L,34.38333333333333,5.2,11.5,0.455,0.0,2.1,0.0,3.1,4.2,0.75,1.0,3.1,4.2,4.2,1.0,1.0,0.0,0.0,0.0,2.1,13.6,-2.1,27.0,0,0,24.1,1,13222,1,13222,3934,13714,14445,12676,15070,19381,15070,7455,7433,8186,12902,16304,16835,9418,15513,11524,8263,8846,20257,12636,14369,14098,16930,2246,150,18268,1,34:23
2024-25,1627763,Malcolm Brogdon,Malcolm,1610612764,WAS,Washington Wizards,0022400237,2024-11-17T00:00:00,WAS vs. DET,L,21.8,0.0,6.6,0.0,0.0,1.7,0.0,1.7,3.3,0.5,0.0,3.3,3.3,0.0,1.7,0.0,0.0,1.7,0.0,1.7,1.7,6.6,4.0,0,0,5.0,1,13222,1,13222,14669,22635,22006,22635,15070,20103,15070,11500,9298,10625,14058,15783,18982,19908,12129,12854,8263,4286,20257,14439,23174,9331,25081,2246,150,25111,1,21:48
2024-25,1626204,Larry Nance Jr.,Larry,1610612737,ATL,Atlanta Hawks,0022400239,2024-11-17T00:00:00,ATL @ POR,L,10.783333333333333,0.0,3.3,0.0,0.0,3.3,0.0,0.0,0.0,0.0,3.3,6.7,10.0,0.0,0.0,3.3,3.3,0.0,0.0,3.3,0.0,-60.1,32.0,0,0,23.4,1,13222,1,13222,21804,22635,24372,22635,15070,16984,15070,13505,14344,13505,4669,6941,5417,19908,16469,2485,1360,8846,20257,8127,23200,25691,13289,2246,150,18753,1,10:47
2024-25,201935,James Harden,James,1610612746,LAC,LA Clippers,0022400243,2024-11-17T00:00:00,LAC vs. UTA,W,34.35,7.3,14.7,0.5,2.1,8.4,0.25,4.2,5.2,0.8,1.0,5.2,6.3,11.5,0.0,2.1,2.1,0.0,1.0,3.1,21.0,9.4,58.4,1,0,49.3,1,1,13086,1,3964,8153,9094,8526,9705,5775,11902,5356,5542,7681,12892,10189,11640,835,16469,5808,3216,8846,19420,8750,7121,7972,1423,1,150,2743,1,34:21
2024-25,201567,Kevin Love,Kevin,1610612748,MIA,Miami Heat,0022400235,2024-11-17T00:00:00,MIA @ IND,L,11.7,9.2,18.5,0.5,6.2,9.2,0.667,0.0,0.0,0.0,0.0,18.5,18.5,0.0,3.1,0.0,0.0,0.0,0.0,0.0,24.6,-36.9,43.7,0,0,49.2,1,13222,1,13222,21417,4306,4246,8526,1193,4481,1957,13505,14344,13505,14058,227,797,19908,6197,12854,8263,8846,20257,17725,4417,24611,5813,2246,150,2749,1,11:42
2024-25,1630595,Cade Cunningham,Cade,1610612765,DET,Detroit Pistons,0022400237,2024-11-17T00:00:00,DET @ WAS,W,30.566666666666666,8.2,17.7,0.467,2.4,4.7,0.5,5.9,5.9,1.0,2.4,9.4,11.8,11.8,2.4,5.9,1.2,0.0,2.4,5.9,24.7,21.2,75.4,1,1,64.8,1,1,13086,1,7262,6096,5054,12249,8642,13927,3944,2976,4620,1,7068,3093,3688,772,8832,503,6313,8846,13410,2762,4353,3649,288,1,1,487,1,30:34
2024-25,1631101,Shaedon Sharpe,Shaedon,1610612757,POR,Portland Trail Blazers,0022400239,2024-11-17T00:00:00,POR vs. ATL,W,31.783333333333335,12.5,23.8,0.524,3.4,9.1,0.375,7.9,13.6,0.583,0.0,2.3,2.3,5.7,3.4,3.4,0.0,2.3,3.4,7.9,36.2,9.1,54.3,0,0,54.4,1,1,13086,1,6172,1269,1126,8439,5386,4722,8800,1445,518,10530,14058,18870,21281,6116,5234,2384,8263,2517,9087,1062,787,8146,2146,2246,150,1562,1,31:47
2024-25,1630256,Jae'Sean Tate,Jae'Sean,1610612745,HOU,Houston Rockets,0022400241,2024-11-17T00:00:00,HOU @ CHI,W,6.266666666666667,11.5,11.5,1.0,0.0,0.0,0.0,0.0,0.0,0.0,5.7,11.5,17.2,11.5,0.0,0.0,0.0,0.0,0.0,0.0,23.0,40.2,60.9,0,0,51.7,1,1,13086,1,23472,1872,14490,1,15070,20945,15070,13505,14344,13505,1779,1635,1074,840,16469,12854,8263,8846,20257,17725,5491,969,1084,2246,150,2106,1,6:16
2024-25,1629660,Ty Jerome,Ty,1610612739,CLE,Cleveland Cavaliers,0022400236,2024-11-17T00:00:00,CLE vs. CHA,W,31.516666666666666,10.3,17.1,0.6,4.6,8.0,0.571,2.3,2.3,1.0,0.0,2.3,2.3,9.1,2.3,0.0,0.0,1.1,0.0,4.6,27.4,16.0,41.6,0,0,43.4,1,1,13086,1,6406,2933,5659,5394,2939,6459,3506,9675,11829,1,14058,18810,21238,1905,9145,12854,8263,6700,20257,5005,3016,5251,6842,2246,150,4960,1,31:31
2024-25,1641744,Zach Edey,Zach,1610612763,MEM,Memphis Grizzlies,0022400238,2024-11-17T00:00:00,MEM vs. DEN,W,14.45,7.5,17.4,0.429,0.0,2.5,0.0,2.5,5.0,0.5,7.5,10.0,17.4,5.0,2.5,2.5,5.0,2.5,5.0,5.0,17.4,10.0,65.8,0,0,54.8,1,1,13086,1,19913,7821,5314,13735,15070,18640,15070,9074,5953,10625,965,2609,1027,7509,8279,4405,518,2055,4643,4147,10386,7710,646,2246,150,1486,1,14:27
2024-25,1630625,Dalano Banton,Dalano,1610612757,POR,Portland Trail Blazers,0022400239,2024-11-17T00:00:00,POR vs. ATL,W,25.866666666666667,12.5,26.4,0.474,5.6,11.1,0.5,1.4,1.4,1.0,1.4,4.2,5.6,5.6,7.0,1.4,1.4,2.8,1.4,2.8,32.0,19.5,48.4,0,0,54.3,1,1,13086,1,11270,1231,571,12072,1685,2383,3944,12034,13600,1,10781,13183,13367,6308,907,8950,5263,1618,17659,10021,1529,4112,3834,2246,150,1576,1,25:52
2024-25,204060,Joe Ingles,Joe,1610612750,MIN,Minnesota Timberwolves,0022400234,2024-11-17T00:00:00,MIN vs. PHX,W,0.045,0.0,0.0,0.0,0.0,0.0,0.0,0.0,0.0,0.0,0.0,0.0,0.0,800.0,0.0,0.0,0.0,0.0,0.0,0.0,0.0,2400.0,1200.0,0,0,800.0,1,1,13086,1,26290,22635,24836,22635,15070,20945,15070,13505,14344,13505,14058,22137,23286,1,16469,12854,8263,8846,20257,17725,23200,3,2,2246,150,2,1,0:03
2024-25,1630550,JT Thor,JT,1610612739,CLE,Cleveland Cavaliers,0022400236,2024-11-17T00:00:00,CLE vs. CHA,W,1.5666666666666667,23.0,23.0,1.0,0.0,0.0,0.0,0.0,0.0,0.0,0.0,0.0,0.0,0.0,0.0,0.0,23.0,0.0,0.0,0.0,46.0,23.0,114.9,0,0,91.9,1,1,13086,1,25750,93,1386,1,15070,20945,15070,13505,14344,13505,14058,22137,23286,19908,16469,12854,4,8846,20257,17725,224,3273,45,2246,150,85,1,1:34
2024-25,1641708,Amen Thompson,Amen,1610612745,HOU,Houston Rockets,0022400241,2024-11-17T00:00:00,HOU @ CHI,W,22.233333333333334,8.1,9.7,0.833,0.0,0.0,0.0,9.7,13.0,0.75,3.2,14.6,17.8,8.1,3.2,0.0,1.6,1.6,4.9,8.1,25.9,4.9,61.0,1,0,55.1,1,1,13086,1,14326,6423,17551,1514,15070,20945,15070,777,593,8186,4864,644,942,2790,5704,12854,4503,4383,4934,969,3725,10186,1071,1,150,1448,1,22:14
2024-25,1627832,Fred VanVleet,Fred,1610612745,HOU,Houston Rockets,0022400241,2024-11-17T00:00:00,HOU @ CHI,W,27.783333333333335,13.0,20.7,0.625,3.9,7.8,0.5,6.5,7.8,0.833,1.3,7.8,9.1,9.1,1.3,2.6,0.0,0.0,1.3,3.9,36.3,42.8,67.2,0,0,63.5,1,1,13086,1,9729,1051,2497,4899,4227,6848,3944,2420,2687,7275,11212,5045,6632,1965,13816,4153,8263,8846,18046,6609,785,792,556,2246,150,549,1,27:47
2024-25,1630163,LaMelo Ball,LaMelo,1610612766,CHA,Charlotte Hornets,0022400236,2024-11-17T00:00:00,CHA @ CLE,L,35.3,11.2,29.6,0.379,5.1,15.3,0.333,4.1,4.1,1.0,0.0,1.0,1.0,12.2,5.1,1.0,0.0,1.0,5.1,7.1,31.6,-7.1,49.2,1,0,52.0,1,13222,1,13222,3234,2078,298,16296,2154,628,9209,5559,7670,1,14058,21935,23188,669,2225,11762,8263,7736,4378,1554,1604,16576,3558,1,150,2040,1,35:18
2024-25,1629636,Darius Garland,Darius,1610612739,CLE,Cleveland Cavaliers,0022400236,2024-11-17T00:00:00,CLE vs. CHA,W,30.45,8.3,18.9,0.438,2.4,5.9,0.4,10.6,10.6,1.0,0.0,5.9,5.9,14.2,2.4,0.0,0.0,2.4,2.4,5.9,29.6,14.2,55.6,1,0,52.0,1,1,13086,1,7367,6026,3827,13558,8617,10913,7874,542,1133,1,14058,8521,12497,374,8799,12854,8263,2297,13376,2735,2257,5945,1886,1,150,2037,1,30:27
2024-25,1631200,Kris Murray,Kris,1610612757,POR,Portland Trail Blazers,0022400239,2024-11-17T00:00:00,POR vs. ATL,W,7.833333333333333,9.2,23.0,0.4,9.2,23.0,0.4,0.0,9.2,0.0,0.0,9.2,9.2,0.0,4.6,0.0,4.6,0.0,0.0,4.6,27.6,36.8,47.8,0,0,55.1,1,1,13086,1,22872,4369,1386,14933,275,145,7874,13505,1772,13505,14058,3313,6457,19908,2854,12854,652,8846,20257,4953,2941,1217,4048,2246,150,1439,1,7:50
2024-25,1629723,John Konchar,John,1610612763,MEM,Memphis Grizzlies,0022400238,2024-11-17T00:00:00,MEM vs. DEN,W,0.3983333333333333,0.0,0.0,0.0,0.0,0.0,0.0,0.0,0.0,0.0,0.0,90.4,90.4,0.0,0.0,0.0,0.0,0.0,0.0,0.0,0.0,0.0,108.5,0,0,90.4,1,1,13086,1,26234,22635,24836,22635,15070,20945,15070,13505,14344,13505,14058,4,6,19908,16469,12854,8263,8846,20257,17725,23200,12240,55,2246,150,94,1,0:24
2024-25,1631093,Jaden Ivey,Jaden,1610612765,DET,Detroit Pistons,0022400237,2024-11-17T00:00:00,DET @ WAS,W,29.783333333333335,12.1,23.0,0.526,4.8,8.5,0.571,4.8,4.8,1.0,2.4,2.4,4.8,9.7,3.6,1.2,0.0,0.0,2.4,6.0,33.8,35.1,54.2,0,0,55.6,1,1,13086,1,7977,1470,1401,8379,2510,5653,3506,4285,6226,1,6871,18434,15212,1603,4721,10101,8263,8846,13117,2570,1158,1395,2168,2246,150,1375,1,29:47
2024-25,1629057,Robert Williams III,Robert,1610612757,POR,Portland Trail Blazers,0022400239,2024-11-17T00:00:00,POR vs. ATL,W,24.733333333333334,8.7,8.7,1.0,0.0,0.0,0.0,2.9,2.9,1.0,4.4,7.3,11.6,2.9,4.4,1.5,1.5,0.0,0.0,4.4,20.4,29.1,43.1,0,0,40.8,1,1,13086,1,12237,5212,19128,1,15070,20945,15070,8056,10199,1,3086,5862,3809,13238,3199,8607,5020,8846,20257,5431,7595,2090,6099,2246,150,6347,1,24:44
2024-25,1629023,P.J. Washington,P.J.,1610612742,DAL,Dallas Mavericks,0022400242,2024-11-17T00:00:00,DAL @ OKC,W,28.333333333333332,8.9,16.5,0.538,3.8,5.1,0.75,12.7,12.7,1.0,7.6,14.0,21.6,2.5,1.3,0.0,1.3,0.0,0.0,6.4,34.3,15.2,66.6,1,0,64.8,1,1,13086,1,9268,4897,6397,7978,4400,12997,1542,283,629,1,904,764,360,14394,13964,12854,5794,8846,20257,2236,1071,5525,599,1,150,483,1,28:20
2024-25,1627826,Ivica Zubac,Ivica,1610612746,LAC,LA Clippers,0022400243,2024-11-17T00:00:00,LAC vs. UTA,W,32.78333333333333,12.1,18.7,0.647,0.0,0.0,0.0,0.0,2.2,0.0,6.6,5.5,12.1,2.2,5.5,0.0,2.2,0.0,3.3,2.2,24.2,11.0,43.0,1,0,42.8,1,1,13086,1,5340,1476,4053,4571,15070,20945,15070,13505,12101,13505,1337,9558,3431,15639,1817,12854,2955,8846,9475,12176,4698,7246,6118,1,150,5239,1,32:47
2024-25,1631466,Nate Williams,Nate,1610612745,HOU,Houston Rockets,0022400241,2024-11-17T00:00:00,HOU @ CHI,W,4.966666666666667,14.5,21.7,0.667,0.0,7.2,0.0,0.0,0.0,0.0,0.0,7.2,7.2,0.0,0.0,7.2,0.0,0.0,0.0,0.0,29.0,29.0,59.4,0,0,50.7,1,1,13086,1,24003,583,1928,3281,15070,7937,15070,13505,14344,13505,14058,5909,9654,19908,16469,268,8263,8846,20257,17725,2428,2110,1262,2246,150,2332,1,4:58
2024-25,1626164,Devin Booker,Devin,1610612756,PHX,Phoenix Suns,0022400234,2024-11-17T00:00:00,PHX @ MIN,L,39.776666666666664,13.6,26.2,0.517,5.4,11.8,0.462,7.2,8.1,0.889,2.7,2.7,5.4,6.3,3.6,0.0,0.9,0.0,3.6,5.4,39.8,3.6,54.9,0,0,58.8,1,13222,1,13222,630,834,606,8516,1813,1920,7119,1838,2413,6857,6060,17654,13732,4966,4735,12854,8070,8846,8363,3431,460,10850,1997,2246,150,933,1,39:47
2024-25,1630581,Josh Giddey,Josh,1610612741,CHI,Chicago Bulls,0022400241,2024-11-17T00:00:00,CHI vs. HOU,L,21.116666666666667,5.1,17.0,0.3,1.7,10.2,0.167,3.4,3.4,1.0,3.4,11.9,15.3,8.5,1.7,0.0,1.7,0.0,1.7,3.4,15.3,-32.4,50.0,0,0,44.3,1,13222,1,13222,15206,14044,5748,19363,11388,3238,14236,6878,9069,1,4521,1397,1635,2404,11895,12854,4281,8846,16520,7919,12578,24088,3280,2246,150,4542,1,21:07
2024-25,1630188,Jalen Smith,Jalen,1610612741,CHI,Chicago Bulls,0022400241,2024-11-17T00:00:00,CHI vs. HOU,L,14.616666666666667,4.9,17.2,0.286,0.0,7.4,0.0,2.5,2.5,1.0,7.4,9.9,17.2,0.0,0.0,0.0,7.4,2.5,4.9,4.9,12.3,24.6,55.2,0,0,44.3,1,13222,1,13222,19811,14616,5525,19630,15070,7642,15070,9159,11308,1,999,2688,1072,19908,16469,12854,180,2101,4784,4251,15812,2890,1959,2246,150,4539,1,14:37
2024-25,1631213,Tyrese Martin,Tyrese,1610612751,BKN,Brooklyn Nets,0022400240,2024-11-17T00:00:00,BKN @ NYK,L,1.2833333333333334,28.1,28.1,1.0,28.1,28.1,1.0,0.0,0.0,0.0,0.0,28.1,28.1,0.0,0.0,0.0,0.0,0.0,0.0,0.0,84.2,84.2,117.8,0,0,140.3,1,13222,1,13222,25922,40,393,1,8,86,1,13505,14344,13505,14058,51,114,19908,16469,12854,8263,8846,20257,17725,24,133,41,2246,150,16,1,1:17
2024-25,203944,Julius Randle,Julius,1610612750,MIN,Minnesota Timberwolves,0022400234,2024-11-17T00:00:00,MIN vs. PHX,W,33.87166666666667,11.7,21.3,0.55,5.3,11.7,0.455,8.5,9.6,0.889,1.1,3.2,4.3,7.4,3.2,1.1,0.0,1.1,2.1,5.3,37.2,17.0,53.5,0,0,56.3,1,1,13086,1,4382,1726,2184,7655,1937,1967,7148,1187,1565,6857,12773,16123,16681,3471,5859,11365,8263,7376,14491,3609,678,4909,2341,2246,150,1254,1,33:52
2024-25,1626157,Karl-Anthony Towns,Karl-Anthony,1610612752,NYK,New York Knicks,0022400240,2024-11-17T00:00:00,NYK vs. BKN,W,29.916666666666668,12.0,19.3,0.625,1.2,3.6,0.333,6.0,6.0,1.0,4.8,13.2,18.1,7.2,1.2,1.2,1.2,0.0,6.0,7.2,31.3,16.8,69.8,1,0,62.6,1,1,13086,1,7855,1500,3542,4899,13342,16414,9209,2837,4447,1,2545,944,883,3728,14414,10145,6148,8846,2917,1498,1700,4959,440,1,150,609,1,29:55
2024-25,1629659,Talen Horton-Tucker,Talen,1610612741,CHI,Chicago Bulls,0022400241,2024-11-17T00:00:00,CHI vs. HOU,L,9.95,14.5,39.8,0.364,7.2,14.5,0.5,7.2,10.9,0.667,14.5,0.0,14.5,7.2,0.0,0.0,0.0,3.6,3.6,7.2,43.4,-14.5,71.6,0,0,72.4,1,13222,1,13222,22122,585,79,16861,687,809,3944,1841,1066,9425,145,22137,2014,3707,16469,12854,8263,834,8369,1489,300,19695,382,2246,150,271,1,9:57
2024-25,1628988,Aaron Holiday,Aaron,1610612745,HOU,Houston Rockets,0022400241,2024-11-17T00:00:00,HOU @ CHI,W,6.716666666666667,5.4,16.1,0.333,5.4,16.1,0.333,0.0,10.7,0.0,0.0,5.4,5.4,5.4,5.4,0.0,5.4,0.0,5.4,5.4,16.1,48.2,41.3,0,0,42.9,1,1,13086,1,23275,13367,7000,17395,1884,518,9209,13505,1105,13505,14058,9871,13893,6704,1943,12854,425,8846,3910,3533,11847,595,7009,2246,150,5206,1,6:43
2024-25,202685,Jonas Valančiūnas,Jonas,1610612764,WAS,Washington Wizards,0022400237,2024-11-17T00:00:00,WAS vs. DET,L,20.1,7.2,19.7,0.364,1.8,1.8,1.0,7.2,7.2,1.0,1.8,16.1,17.9,3.6,1.8,0.0,1.8,1.8,1.8,9.0,23.3,-5.4,53.7,1,0,50.1,1,13222,1,13222,15948,8549,3178,16861,11110,19928,1,1897,3207,1,9272,424,930,11134,11589,12854,4078,3923,16227,673,5301,15774,2268,1,150,2492,1,20:06
2024-25,1631124,Julian Strawther,Julian,1610612743,DEN,Denver Nuggets,0022400238,2024-11-17T00:00:00,DEN @ MEM,L,24.5,8.8,19.1,0.462,5.9,10.3,0.571,4.4,5.9,0.75,0.0,5.9,5.9,4.4,0.0,1.5,1.5,1.5,2.9,4.4,27.9,-16.2,50.4,0,0,50.0,1,13222,1,13222,12473,5045,3675,12428,1400,3168,3506,4978,4643,8186,14058,8597,12573,8856,16469,8533,4962,4887,10987,5329,2822,20310,3151,2246,150,2545,1,24:30
2024-25,1629655,Daniel Gafford,Daniel,1610612742,DAL,Dallas Mavericks,0022400242,2024-11-17T00:00:00,DAL @ OKC,W,17.955,8.0,18.0,0.444,0.0,0.0,0.0,6.0,14.0,0.429,16.0,8.0,24.1,0.0,6.0,0.0,2.0,2.0,4.0,8.0,22.1,-24.1,50.9,1,0,50.1,1,1,13086,1,17591,6595,4617,13045,15070,20945,15070,2842,450,13040,109,4677,220,19908,1369,12854,3480,3217,7111,1007,6166,22594,3007,1,150,2498,1,17:57
2024-25,1630578,Alperen Sengun,Alperen,1610612745,HOU,Houston Rockets,0022400241,2024-11-17T00:00:00,HOU @ CHI,W,25.533333333333335,12.7,21.1,0.6,0.0,2.8,0.0,2.8,4.2,0.667,2.8,11.3,14.1,15.5,0.0,0.0,1.4,1.4,1.4,5.6,28.2,49.3,72.6,1,1,60.6,1,1,13086,1,11556,1157,2247,5394,15070,18018,15070,8290,7358,9425,5807,1758,2188,249,16469,12854,5186,5137,17584,3133,2708,569,354,1,1,768,1,25:32
2024-25,1641794,Dillon Jones,Dillon,1610612760,OKC,Oklahoma City Thunder,0022400242,2024-11-17T00:00:00,OKC vs. DAL,L,15.95,11.3,13.5,0.833,4.5,6.8,0.667,0.0,0.0,0.0,2.3,2.3,4.5,6.8,0.0,0.0,0.0,0.0,2.3,0.0,27.1,-9.0,42.7,0,0,42.9,1,13222,1,13222,18962,2022,10930,1514,3044,8956,1957,13505,14344,13505,7390,18898,16018,4323,16469,12854,8263,8846,13839,17725,3169,17438,6281,2246,150,5200,1,15:57
2024-25,1628983,Shai Gilgeous-Alexander,Shai,1610612760,OKC,Oklahoma City Thunder,0022400242,2024-11-17T00:00:00,OKC vs. DAL,L,38.46666666666667,12.2,17.8,0.684,0.9,0.9,1.0,8.4,10.3,0.818,0.0,1.9,1.9,7.5,0.9,1.9,1.9,0.9,0.9,7.5,33.7,7.5,57.5,0,0,51.5,1,13222,1,13222,1124,1423,4924,3255,14851,20908,1,1217,1257,7652,14058,20038,22047,3417,16222,6910,3853,8450,20045,1330,1186,8883,1561,2246,150,2152,1,38:28
2024-25,1629639,Tyler Herro,Tyler,1610612748,MIA,Miami Heat,0022400235,2024-11-17T00:00:00,MIA @ IND,L,37.77,7.6,17.2,0.444,6.7,10.5,0.636,4.8,4.8,1.0,0.0,3.8,3.8,3.8,1.0,1.0,0.0,1.9,1.0,4.8,26.7,-9.5,38.9,0,0,42.9,1,13222,1,13222,1529,7450,5625,13045,911,2995,2842,4403,6363,1,14058,14283,17794,10467,16127,12327,8263,3527,19950,4579,3348,17685,8485,2246,150,5197,1,37:46
2024-25,1628970,Miles Bridges,Miles,1610612766,CHA,Charlotte Hornets,0022400236,2024-11-17T00:00:00,CHA @ CLE,L,26.816666666666666,9.4,20.1,0.467,5.4,10.7,0.5,1.3,1.3,1.0,1.3,9.4,10.7,10.7,0.0,2.7,1.3,1.3,2.7,1.3,25.5,-20.1,66.6,0,0,60.4,1,13222,1,13222,10473,4029,2881,12249,1874,2742,3944,12192,13674,1,11003,3110,4664,1096,16469,3943,5475,5436,12101,15714,3933,21588,597,2246,150,787,1,26:49
2024-25,1628991,Jaren Jackson Jr.,Jaren,1610612763,MEM,Memphis Grizzlies,0022400238,2024-11-17T00:00:00,MEM vs. DEN,W,30.805,8.2,18.7,0.438,2.3,5.8,0.4,4.7,4.7,1.0,2.3,4.7,7.0,2.3,1.2,1.2,3.5,0.0,1.2,4.7,23.4,17.5,48.1,0,0,44.4,1,1,13086,1,7041,6250,4027,13558,8718,11093,7874,4551,6532,1,7130,11787,10129,15097,14671,10443,1224,8846,18724,4775,5222,4728,3932,2246,150,4504,1,30:48
2024-25,1628963,Marvin Bagley III,Marvin,1610612764,WAS,Washington Wizards,0022400237,2024-11-17T00:00:00,WAS vs. DET,L,4.0,18.0,36.0,0.5,0.0,9.0,0.0,0.0,0.0,0.0,9.0,9.0,18.0,0.0,18.0,0.0,0.0,0.0,0.0,0.0,36.0,45.0,39.6,0,0,54.0,1,13222,1,13222,24480,213,120,8526,15070,4827,15070,13505,14344,13505,553,3516,898,19908,73,12854,8263,8846,20257,17725,825,705,8015,2246,150,1619,1,4:00
2024-25,1630183,Jaden McDaniels,Jaden,1610612750,MIN,Minnesota Timberwolves,0022400234,2024-11-17T00:00:00,MIN vs. PHX,W,26.488333333333333,5.4,9.5,0.571,2.7,4.1,0.667,1.4,5.4,0.25,1.4,2.7,4.1,2.7,0.0,4.1,1.4,0.0,5.4,4.1,14.9,-8.2,40.2,0,0,35.3,1,1,13086,1,10743,13167,17924,6538,7487,15405,1957,12139,5267,13358,10938,17642,17124,13851,16469,1561,5411,8846,3792,6103,12954,17039,7611,2246,150,9852,1,26:29
2024-25,1630168,Onyeka Okongwu,Onyeka,1610612737,ATL,Atlanta Hawks,0022400239,2024-11-17T00:00:00,ATL @ POR,L,28.1,5.1,11.5,0.444,0.0,1.3,0.0,3.8,5.1,0.75,2.6,11.5,14.1,3.8,2.6,2.6,2.6,1.3,5.1,2.6,14.1,-15.4,49.6,1,0,42.3,1,13222,1,13222,9459,14020,14421,13045,15070,20515,15070,5990,5718,8186,6445,1612,2191,10381,8008,4224,2271,5746,4332,10752,13856,20040,3387,1,150,5507,1,28:06
2024-25,1629111,Jock Landale,Jock,1610612745,HOU,Houston Rockets,0022400241,2024-11-17T00:00:00,HOU @ CHI,W,16.2,4.4,15.6,0.286,0.0,0.0,0.0,2.2,4.4,0.5,8.9,8.9,17.8,4.4,4.4,0.0,4.4,6.7,2.2,2.2,11.1,-13.3,48.0,0,0,42.2,1,1,13086,1,18788,15941,7752,19630,15070,20945,15070,9861,6945,10625,579,3614,948,8773,3080,12854,700,178,13994,12068,17072,19244,3973,2246,150,5537,1,16:12
2024-25,203991,Clint Capela,Clint,1610612737,ATL,Atlanta Hawks,0022400239,2024-11-17T00:00:00,ATL @ POR,L,19.928333333333335,7.2,16.3,0.444,0.0,0.0,0.0,0.0,3.6,0.0,9.0,5.4,14.5,5.4,0.0,1.8,1.8,3.6,5.4,3.6,14.5,14.5,50.8,0,0,41.5,1,13222,1,13222,16081,8390,6741,13045,15070,20945,15070,13505,8660,13505,546,9737,2023,6591,16469,7221,4045,839,3822,7357,13455,5841,3056,2246,150,5881,1,19:56
2024-25,1630230,Naji Marshall,Naji,1610612742,DAL,Dallas Mavericks,0022400242,2024-11-17T00:00:00,DAL @ OKC,W,26.963333333333335,5.3,8.0,0.667,0.0,1.3,0.0,6.7,6.7,1.0,2.7,2.7,5.3,4.0,5.3,0.0,0.0,1.3,1.3,6.7,17.4,-10.7,24.4,0,0,26.7,1,1,13086,1,10369,13434,20245,3281,15070,20458,15070,2261,3689,1,6173,17767,13937,9926,1964,12854,8263,5475,17888,1925,10466,18174,18667,2246,150,16394,1,26:58
2024-25,1628960,Grayson Allen,Grayson,1610612756,PHX,Phoenix Suns,0022400234,2024-11-17T00:00:00,PHX @ MIN,L,24.155,8.9,14.9,0.6,6.0,10.4,0.571,3.0,3.0,1.0,1.5,6.0,7.5,1.5,3.0,0.0,0.0,1.5,3.0,1.5,26.8,-8.9,35.0,0,0,41.7,1,13222,1,13222,12758,4830,8745,5394,1330,3038,3506,7872,10025,1,10359,8422,9269,18018,6564,12854,8263,4813,10810,15040,3288,17401,11040,2246,150,5785,1,24:09
2024-25,1641739,Toumani Camara,Toumani,1610612757,POR,Portland Trail Blazers,0022400239,2024-11-17T00:00:00,POR vs. ATL,W,35.0,1.0,8.2,0.125,1.0,3.1,0.333,0.0,0.0,0.0,3.1,1.0,4.1,5.1,1.0,4.1,0.0,0.0,4.1,1.0,3.1,-6.2,27.1,0,0,21.6,1,1,13086,1,3460,22610,19900,22420,14372,17475,9209,13505,14344,13505,5160,21920,17033,7145,15643,1528,8263,8846,6785,17278,22933,16141,16900,2246,150,19892,1,35:00
2024-25,1627750,Jamal Murray,Jamal,1610612743,DEN,Denver Nuggets,0022400238,2024-11-17T00:00:00,DEN @ MEM,L,37.083333333333336,5.8,14.6,0.4,1.0,5.8,0.167,0.0,0.0,0.0,1.0,4.9,5.8,6.8,5.8,2.9,1.9,1.9,2.9,3.9,12.6,-2.9,38.5,0,0,35.9,1,13222,1,13222,1937,12040,9266,14933,14700,11145,14236,13505,14344,13505,13487,11266,12712,4291,1531,3374,3650,3420,11128,6621,15467,14522,8680,2246,150,9435,1,37:05
2024-25,1630167,Obi Toppin,Obi,1610612754,IND,Indiana Pacers,0022400235,2024-11-17T00:00:00,IND vs. MIA,W,17.821666666666665,8.1,16.2,0.5,0.0,4.0,0.0,0.0,0.0,0.0,2.0,4.0,6.1,4.0,2.0,2.0,0.0,0.0,2.0,0.0,16.2,-10.1,33.5,0,0,30.3,1,1,13086,1,17696,6468,6885,8526,15070,15499,15070,13505,14344,13505,8300,13594,12141,9830,10426,6157,8263,8846,15029,17725,11766,17929,12171,2246,150,13717,1,17:49
2024-25,1631095,Jabari Smith Jr.,Jabari,1610612745,HOU,Houston Rockets,0022400241,2024-11-17T00:00:00,HOU @ CHI,W,23.75,6.1,12.1,0.5,1.5,3.0,0.5,1.5,3.0,0.5,3.0,9.1,12.1,1.5,0.0,0.0,0.0,0.0,3.0,3.0,15.2,53.1,32.0,0,0,30.3,1,1,13086,1,13112,11331,13369,8526,11976,17584,3944,11761,9901,10625,5264,3409,3399,17916,16469,12854,8263,8846,10572,9120,12750,484,13335,2246,150,13700,1,23:45
2024-25,1629652,Luguentz Dort,Luguentz,1610612760,OKC,Oklahoma City Thunder,0022400242,2024-11-17T00:00:00,OKC vs. DAL,L,35.615,5.1,10.1,0.5,4.0,9.1,0.444,4.0,6.1,0.667,2.0,3.0,5.1,3.0,1.0,0.0,0.0,0.0,2.0,5.1,18.2,13.1,27.8,0,0,30.3,1,13222,1,13222,2985,14226,16887,8526,3908,4675,7211,5619,4386,9425,8293,16611,14660,12824,15775,12854,8263,8846,15016,4007,9632,6328,16362,2246,150,13692,1,35:37
2024-25,1630215,Jared Butler,Jared,1610612764,WAS,Washington Wizards,0022400237,2024-11-17T00:00:00,WAS vs. DET,L,4.0,9.0,9.0,1.0,0.0,0.0,0.0,9.0,9.0,1.0,0.0,0.0,0.0,0.0,0.0,0.0,0.0,0.0,0.0,9.0,27.0,45.0,27.0,0,0,27.0,1,13222,1,13222,24480,4700,18708,1,15070,20945,15070,1001,1865,1,14058,22137,23286,19908,16469,12854,8263,8846,20257,653,3208,705,16937,2246,150,16149,1,4:00
2024-25,203497,Rudy Gobert,Rudy,1610612750,MIN,Minnesota Timberwolves,0022400234,2024-11-17T00:00:00,MIN vs. PHX,W,36.8,3.9,7.8,0.5,0.0,0.0,0.0,2.9,3.9,0.75,3.9,5.9,9.8,2.0,2.9,0.0,3.9,0.0,2.0,2.9,10.8,3.9,34.2,1,0,30.3,1,1,13086,1,2125,17286,20500,8526,15070,20945,15070,7995,8015,8186,3703,8615,5700,16535,6701,12854,962,8846,15371,9473,17408,10695,11621,1,150,13689,1,36:48
2024-25,1641854,Craig Porter Jr.,Craig,1610612739,CLE,Cleveland Cavaliers,0022400236,2024-11-17T00:00:00,CLE vs. CHA,W,21.366666666666667,3.4,6.7,0.5,1.7,3.4,0.5,3.4,3.4,1.0,1.7,5.1,6.7,3.4,1.7,3.4,0.0,1.7,3.4,1.7,11.8,-1.7,33.4,0,0,30.3,1,1,13086,1,15018,18598,21847,8526,11448,16930,3944,6962,9161,1,9630,10718,10656,11768,11981,2442,8263,4187,9187,14322,16350,13869,12288,2246,150,13686,1,21:22
2024-25,1631204,Marcus Sasser,Marcus,1610612765,DET,Detroit Pistons,0022400237,2024-11-17T00:00:00,DET @ WAS,W,13.416666666666666,8.0,21.5,0.375,2.7,10.7,0.25,0.0,0.0,0.0,0.0,0.0,0.0,0.0,0.0,0.0,0.0,2.7,2.7,0.0,18.8,-16.1,18.8,0,0,21.5,1,1,13086,1,20527,6529,2060,16299,7584,2748,11902,13505,14344,13505,14058,22137,23286,19908,16469,12854,8263,1766,12109,17725,9044,20284,21765,2246,150,19995,1,13:25
2024-25,1629726,Garrison Mathews,Garrison,1610612737,ATL,Atlanta Hawks,0022400239,2024-11-17T00:00:00,ATL @ POR,L,10.683333333333334,6.7,16.8,0.4,6.7,16.8,0.4,0.0,0.0,0.0,0.0,3.4,3.4,0.0,0.0,0.0,0.0,0.0,0.0,3.4,20.2,-64.0,24.3,0,0,30.3,1,13222,1,13222,21849,9597,5982,14933,872,430,7874,13505,14344,13505,14058,15597,18827,19908,16469,12854,8263,8846,20257,8045,7722,25767,18765,2246,150,13686,1,10:41
2024-25,203924,Jerami Grant,Jerami,1610612757,POR,Portland Trail Blazers,0022400239,2024-11-17T00:00:00,POR vs. ATL,W,27.916666666666668,5.2,12.9,0.4,1.3,5.2,0.25,0.0,0.0,0.0,0.0,0.0,0.0,1.3,0.0,3.9,2.6,1.3,6.4,0.0,11.6,-9.0,32.9,0,0,27.1,1,1,13086,1,9614,13932,12048,14933,12899,12803,11902,13505,14344,13505,14058,22137,23286,18696,16469,1771,2248,5703,2444,17725,16562,17437,12668,2246,150,16097,1,27:55
2024-25,1641731,Bilal Coulibaly,Bilal,1610612764,WAS,Washington Wizards,0022400237,2024-11-17T00:00:00,WAS vs. DET,L,26.083333333333332,8.3,12.4,0.667,1.4,2.8,0.5,2.8,4.1,0.667,1.4,4.1,5.5,0.0,2.8,4.1,0.0,0.0,2.8,2.8,20.7,-23.5,37.0,0,0,35.9,1,13222,1,13222,11099,6020,12859,3281,12521,18140,3944,8437,7548,9425,10837,13302,13485,19908,7344,1506,8263,8846,11799,10105,7314,22455,9704,2246,150,9460,1,26:05
2024-25,202691,Klay Thompson,Klay,1610612742,DAL,Dallas Mavericks,0022400242,2024-11-17T00:00:00,DAL @ OKC,W,25.043333333333333,1.4,15.8,0.091,1.4,11.5,0.125,2.9,2.9,1.0,0.0,4.3,4.3,0.0,0.0,2.9,1.4,1.4,0.0,1.4,7.2,-7.2,25.3,0,0,21.6,1,1,13086,1,11973,22243,7399,22599,12307,2100,14886,8157,10296,1,14058,12758,16500,19908,16469,3474,5087,5033,20257,15291,20571,16590,18075,2246,150,19926,1,25:03
2024-25,1627827,Dorian Finney-Smith,Dorian,1610612751,BKN,Brooklyn Nets,0022400240,2024-11-17T00:00:00,BKN @ NYK,L,28.35,7.6,14.0,0.545,5.1,8.9,0.571,0.0,0.0,0.0,3.8,1.3,5.1,2.5,1.3,0.0,1.3,0.0,2.5,0.0,20.3,0.0,32.8,0,0,35.6,1,13222,1,13222,9255,7463,10217,7695,2183,4977,3506,13505,14344,13505,3871,21342,14579,14401,13969,12854,5799,8846,12636,17725,7643,12240,12754,2246,150,9690,1,28:21
2024-25,1642345,Oso Ighodaro,Oso,1610612756,PHX,Phoenix Suns,0022400234,2024-11-17T00:00:00,PHX @ MIN,L,26.0,6.9,9.7,0.714,0.0,0.0,0.0,1.4,2.8,0.5,1.4,2.8,4.2,1.4,1.4,0.0,0.0,1.4,4.2,1.4,15.2,11.1,20.9,0,0,20.8,1,13222,1,13222,11159,9112,17593,2752,15070,20945,15070,12054,10562,10625,10818,17508,16928,18392,13378,12854,8263,5240,6683,15514,12674,7202,20734,2246,150,20420,1,26:00
2024-25,1631107,Nikola Jović,Nikola,1610612748,MIA,Miami Heat,0022400235,2024-11-17T00:00:00,MIA @ IND,L,31.033333333333335,3.5,10.4,0.333,2.3,7.0,0.333,7.0,7.0,1.0,0.0,3.5,3.5,2.3,0.0,1.2,0.0,0.0,2.3,3.5,16.2,5.8,27.4,0,0,26.7,1,13222,1,13222,6853,18367,16319,17395,8775,8542,9209,2031,3401,1,14058,15290,18594,15152,16469,10503,8263,8846,13556,7713,11667,9700,16679,2246,150,16409,1,31:02
2024-25,1629661,Cameron Johnson,Cameron,1610612751,BKN,Brooklyn Nets,0022400240,2024-11-17T00:00:00,BKN @ NYK,L,31.116666666666667,8.1,13.9,0.583,4.6,8.1,0.571,4.6,4.6,1.0,0.0,5.8,5.8,5.8,0.0,0.0,0.0,0.0,1.2,2.3,25.5,4.6,41.1,0,0,41.6,1,13222,1,13222,6775,6416,10375,6296,2843,6286,3506,4633,6619,1,14058,8828,12802,5883,16469,12854,8263,8846,18773,11692,3964,10325,7136,2246,150,5822,1,31:07
2024-25,1629599,Amir Coffey,Amir,1610612746,LAC,LA Clippers,0022400243,2024-11-17T00:00:00,LAC vs. UTA,W,17.5,4.1,12.3,0.333,0.0,6.2,0.0,6.2,6.2,1.0,2.1,2.1,4.1,4.1,0.0,2.1,0.0,0.0,2.1,2.1,14.4,16.5,31.7,0,0,26.7,1,1,13086,1,17920,16810,12991,17395,15070,10258,15070,2707,4263,1,8126,19486,17033,9624,16469,5973,8263,8846,14830,12811,13498,5088,13560,2246,150,16363,1,17:30
2024-25,203552,Seth Curry,Seth,1610612766,CHA,Charlotte Hornets,0022400236,2024-11-17T00:00:00,CHA @ CLE,L,9.316666666666666,3.9,15.5,0.25,3.9,7.7,0.5,0.0,0.0,0.0,0.0,3.9,3.9,0.0,0.0,3.9,0.0,0.0,0.0,0.0,11.6,-7.7,27.8,0,0,27.0,1,13222,1,13222,22343,17417,7884,20233,4285,6938,3944,13505,14344,13505,14058,14140,17671,19908,16469,1778,8263,8846,20257,17725,16580,16844,16351,2246,150,16120,1,9:19
2024-25,1628404,Josh Hart,Josh,1610612752,NYK,New York Knicks,0022400240,2024-11-17T00:00:00,NYK vs. BKN,W,46.085,6.2,10.2,0.615,2.3,5.5,0.429,0.8,0.8,1.0,0.0,6.2,6.2,6.2,0.8,0.0,0.0,0.8,0.8,0.8,15.6,6.2,31.7,0,0,30.5,1,1,13086,1,33,10848,16810,5246,8694,12039,7394,13503,14341,1,14058,7790,11712,5091,16459,12854,8263,8832,20249,17721,12296,9493,13538,2246,150,13570,1,46:05
2024-25,1630224,Jalen Green,Jalen,1610612745,HOU,Houston Rockets,0022400241,2024-11-17T00:00:00,HOU @ CHI,W,23.166666666666668,9.3,14.0,0.667,0.0,3.1,0.0,9.3,9.3,1.0,1.6,4.7,6.2,1.6,1.6,3.1,0.0,0.0,1.6,6.2,28.0,34.2,45.5,0,0,42.0,1,1,13086,1,13583,4170,10195,3281,15070,17444,15070,894,1694,1,10106,11819,11788,17792,12530,2919,8263,8846,17025,2374,2799,1480,4927,2246,150,5674,1,23:10
2024-25,1629673,Jordan Poole,Jordan,1610612764,WAS,Washington Wizards,0022400237,2024-11-17T00:00:00,WAS vs. DET,L,26.816666666666666,10.7,21.5,0.5,4.0,6.7,0.6,4.0,4.0,1.0,0.0,1.3,1.3,6.7,2.7,0.0,0.0,1.3,5.4,2.7,29.5,-44.3,38.5,0,0,41.6,1,13222,1,13222,10473,2472,2050,8526,3947,9086,2992,5653,7791,1,14058,21205,22768,4408,7575,12854,8263,5436,3890,10359,2261,25139,8687,2246,150,5840,1,26:49
2024-25,1630245,Ayo Dosunmu,Ayo,1610612741,CHI,Chicago Bulls,0022400241,2024-11-17T00:00:00,CHI vs. HOU,L,23.5,6.1,15.3,0.4,1.5,7.7,0.2,0.0,0.0,0.0,0.0,3.1,3.1,9.2,1.5,0.0,0.0,1.5,3.1,0.0,13.8,-26.0,29.7,0,0,27.6,1,13222,1,13222,13305,11146,8071,14933,11921,7062,13429,13505,14344,13505,14058,16512,19553,1868,12607,12854,8263,4654,10417,17725,14183,23040,15014,2246,150,15738,1,23:30
2024-25,1630570,Trendon Watford,Trendon,1610612751,BKN,Brooklyn Nets,0022400240,2024-11-17T00:00:00,BKN @ NYK,L,13.433333333333334,2.7,8.0,0.333,0.0,2.7,0.0,5.4,5.4,1.0,0.0,8.0,8.0,8.0,2.7,0.0,0.0,2.7,2.7,2.7,10.7,10.7,29.7,0,0,26.8,1,13222,1,13222,20517,20132,20192,17395,15070,18295,15070,3573,5369,1,14058,4647,8197,2848,7590,12854,8263,1773,12119,10375,17453,7362,14977,2246,150,16326,1,13:26
2024-25,1631217,Moussa Diabaté,Moussa,1610612766,CHA,Charlotte Hornets,0022400236,2024-11-17T00:00:00,CHA @ CLE,L,11.783333333333333,3.1,6.1,0.5,0.0,0.0,0.0,0.0,0.0,0.0,9.2,3.1,12.2,0.0,0.0,3.1,3.1,0.0,3.1,0.0,6.1,-3.1,39.1,0,0,30.6,1,13222,1,13222,21382,19305,22506,8526,15070,20945,15070,13505,14344,13505,519,16534,3328,19908,16469,3040,1623,8846,10459,17725,21310,14596,8336,2246,150,13512,1,11:47
2024-25,1629634,Brandon Clarke,Brandon,1610612763,MEM,Memphis Grizzlies,0022400238,2024-11-17T00:00:00,MEM vs. DEN,W,22.325,6.5,9.7,0.667,0.0,1.6,0.0,0.0,0.0,0.0,3.2,8.1,11.3,0.0,0.0,1.6,0.0,0.0,3.2,0.0,12.9,21.0,31.3,0,0,27.4,1,1,13086,1,14257,10311,17621,3281,15070,20150,15070,13505,14344,13505,4893,4614,4152,19908,16469,7940,8263,8846,9756,17725,15200,3705,13839,2246,150,15857,1,22:20
2024-25,1626153,Delon Wright,Delon,1610612749,MIL,Milwaukee Bucks,0022400229,2024-11-16T00:00:00,MIL @ CHA,L,33.16833333333334,3.3,10.9,0.3,1.1,7.6,0.143,0.0,2.2,0.0,1.1,2.2,3.3,6.5,0.0,1.1,3.3,1.1,1.1,2.2,7.6,0.0,34.3,0,0,27.1,1,13222,1,13222,5011,18870,15609,19363,14036,7185,14649,13505,12180,13505,12593,19156,19091,4693,16469,11145,1427,7187,19187,12295,20247,12240,11591,2246,150,16065,1,33:10
2024-25,1642403,Isaac Jones,Isaac,1610612758,SAC,Sacramento Kings,0022400233,2024-11-16T00:00:00,SAC vs. UTA,W,12.033333333333333,6.0,6.0,1.0,0.0,0.0,0.0,6.0,6.0,1.0,3.0,3.0,6.0,0.0,0.0,0.0,3.0,0.0,12.0,3.0,18.0,-6.0,34.1,0,0,29.9,1,1,13086,1,21216,11564,22624,1,15070,20945,15070,2879,4498,1,5363,16768,12327,19908,16469,12854,1713,8846,428,9290,9892,16047,11725,2246,150,14011,1,12:02
2024-25,1630200,Tre Jones,Tre,1610612759,SAS,San Antonio Spurs,0022400232,2024-11-16T00:00:00,SAS @ DAL,L,19.15,1.9,9.4,0.2,1.9,5.6,0.333,0.0,0.0,0.0,0.0,5.6,5.6,7.5,1.9,0.0,0.0,1.9,5.6,3.8,5.6,1.9,21.8,0,0,20.7,1,13222,1,13222,16714,21612,18118,21401,10716,11600,9209,13505,14344,13505,14058,9190,13173,3371,11158,12854,8263,3628,3482,6961,21634,11696,20258,2246,150,20470,1,19:09
2024-25,1628369,Jayson Tatum,Jayson,1610612738,BOS,Boston Celtics,0022400230,2024-11-16T00:00:00,BOS vs. TOR,W,41.65,6.1,16.4,0.368,4.3,10.4,0.417,4.3,4.3,1.0,0.0,9.5,9.5,7.8,1.7,0.0,0.0,0.9,2.6,3.5,20.7,0.9,42.1,1,0,42.4,1,1,13086,1,286,11360,6517,16823,3348,3082,7826,5115,7162,1,14058,3001,6053,3104,11812,12854,8263,8747,12450,7785,7277,12225,6569,1,150,5472,1,41:39
2024-25,1642271,Kyle Filipowski,Kyle,1610612762,UTA,Utah Jazz,0022400233,2024-11-16T00:00:00,UTA @ SAC,L,28.283333333333335,2.5,6.4,0.4,0.0,1.3,0.0,6.4,11.5,0.556,1.3,7.6,8.9,2.5,0.0,3.8,0.0,1.3,0.0,7.6,11.5,15.3,37.4,0,0,30.5,1,13222,1,13222,9310,20382,22253,14933,15070,20530,15070,2530,902,10597,11343,5260,6874,14378,16469,1828,8263,5793,20257,1231,16725,5514,9395,2246,150,13517,1,28:17
2024-25,1629646,Charles Bassey,Charles,1610612759,SAS,San Antonio Spurs,0022400232,2024-11-16T00:00:00,SAS @ DAL,L,21.555,0.0,6.7,0.0,0.0,0.0,0.0,0.0,0.0,0.0,3.3,6.7,10.0,3.3,1.7,1.7,5.0,1.7,1.7,0.0,0.0,-3.3,35.4,0,0,26.7,1,13222,1,13222,14888,22635,21916,22635,15070,20945,15070,13505,14344,13505,4665,6930,5413,11854,12045,7724,513,4223,16626,17725,23200,14730,10796,2246,150,16383,1,21:33
2024-25,202693,Markieff Morris,Markieff,1610612742,DAL,Dallas Mavericks,0022400232,2024-11-16T00:00:00,DAL vs. SAS,W,4.7,7.7,38.3,0.2,0.0,15.3,0.0,0.0,0.0,0.0,0.0,15.3,15.3,0.0,0.0,0.0,0.0,0.0,0.0,0.0,15.3,-7.7,33.7,0,0,30.6,1,1,13086,1,24143,7360,92,21401,15070,625,15070,13505,14344,13505,14058,516,1642,19908,16469,12854,8263,8846,20257,17725,12606,16810,12040,2246,150,13450,1,4:42
2024-25,1642274,Yves Missi,Yves,1610612740,NOP,New Orleans Pelicans,0022400231,2024-11-16T00:00:00,NOP vs. LAL,L,28.678333333333335,3.8,6.3,0.6,0.0,0.0,0.0,2.5,5.0,0.5,5.0,3.8,8.8,3.8,3.8,2.5,0.0,0.0,3.8,2.5,10.0,-2.5,30.0,0,0,27.6,1,13222,1,13222,8954,17659,22348,5394,15070,20945,15070,9019,5881,10625,2361,14428,7050,10607,4403,4352,8263,8846,7860,10955,18118,14317,14791,2246,150,15707,1,28:41
2024-25,1630222,Mason Jones,Mason,1610612758,SAC,Sacramento Kings,0022400233,2024-11-16T00:00:00,SAC vs. UTA,W,8.308333333333334,0.0,8.7,0.0,0.0,8.7,0.0,0.0,0.0,0.0,4.3,13.0,17.3,13.0,0.0,0.0,0.0,0.0,0.0,0.0,0.0,-4.3,40.3,0,0,30.3,1,1,13086,1,22709,22635,19244,22635,15070,5315,15070,13505,14344,13505,3125,1015,1054,533,16469,12854,8263,8846,20257,17725,23200,15239,7576,2246,150,13685,1,8:19
2024-25,1626156,D'Angelo Russell,D'Angelo,1610612747,LAL,Los Angeles Lakers,0022400231,2024-11-16T00:00:00,LAL @ NOP,W,20.856666666666666,3.5,8.6,0.4,1.7,5.2,0.333,3.5,3.5,1.0,0.0,1.7,1.7,8.6,5.2,1.7,0.0,0.0,5.2,3.5,12.1,15.5,27.1,0,0,27.6,1,1,13086,1,15395,18421,19301,14933,11325,12754,9209,6788,8979,1,14058,20408,22268,2319,2137,7525,8263,8846,4234,7796,16061,5419,16873,2246,150,15706,1,20:51
2024-25,1629669,Jaylen Nowell,Jaylen,1610612740,NOP,New Orleans Pelicans,0022400231,2024-11-16T00:00:00,NOP vs. LAL,L,34.711666666666666,6.2,18.7,0.333,2.1,7.3,0.286,2.1,2.1,1.0,1.0,5.2,6.2,3.1,1.0,0.0,1.0,2.1,0.0,1.0,16.6,-7.3,30.8,0,0,30.1,1,13222,1,13222,3683,10914,4052,17395,9798,7919,11433,10382,12503,1,12969,10322,11775,12579,15584,12854,7219,2988,20257,17237,11292,16619,14203,2246,150,13891,1,34:43
2024-25,2544,LeBron James,LeBron,1610612747,LAL,Los Angeles Lakers,0022400231,2024-11-16T00:00:00,LAL @ NOP,W,37.03333333333333,7.8,18.5,0.421,1.9,6.8,0.286,2.9,4.9,0.6,3.9,2.9,6.8,4.9,5.8,1.0,0.0,1.9,1.0,3.9,20.4,1.0,33.0,0,0,36.0,1,1,13086,1,1966,7112,4241,14442,10437,8894,11433,8046,6176,10343,3745,17024,10519,7774,1524,12193,8263,3405,19850,6600,7571,12174,12624,2246,150,9400,1,37:02
2024-25,1629750,Javonte Green,Javonte,1610612740,NOP,New Orleans Pelicans,0022400231,2024-11-16T00:00:00,NOP vs. LAL,L,30.505,2.4,4.7,0.5,1.2,2.4,0.5,2.4,2.4,1.0,2.4,4.7,7.1,2.4,1.2,0.0,1.2,0.0,0.0,3.5,8.3,-1.2,22.7,0,0,21.2,1,13222,1,13222,7318,20738,23658,8526,13475,18884,3944,9424,11597,1,7054,11644,9996,15016,14582,12854,6302,8846,20257,7563,19689,13666,19774,2246,150,20137,1,30:30
2024-25,1629234,Drew Eubanks,Drew,1610612762,UTA,Utah Jazz,0022400233,2024-11-16T00:00:00,UTA @ SAC,L,15.9,4.5,9.1,0.5,0.0,0.0,0.0,0.0,4.5,0.0,6.8,2.3,9.1,0.0,0.0,2.3,2.3,0.0,6.8,2.3,9.1,-24.9,33.5,0,0,27.2,1,13222,1,13222,18998,15678,18629,8526,15070,20945,15070,13505,6779,13505,1231,18873,6651,19908,16469,5168,2812,8846,2151,11880,19021,22790,12190,2246,150,16041,1,15:54
2024-25,1630163,LaMelo Ball,LaMelo,1610612766,CHA,Charlotte Hornets,0022400229,2024-11-16T00:00:00,CHA vs. MIL,W,36.333333333333336,6.9,19.8,0.35,1.0,6.9,0.143,10.9,10.9,1.0,2.0,6.9,8.9,5.9,2.0,0.0,0.0,2.0,4.0,7.9,25.8,11.9,43.4,0,0,41.6,1,1,13086,1,2452,9083,3087,17337,14598,8599,14649,504,1057,1,8469,6477,6867,5595,10603,12854,8263,3285,7239,1063,3801,6837,5932,2246,150,5843,1,36:20
2024-25,1630544,Tre Mann,Tre,1610612766,CHA,Charlotte Hornets,0022400229,2024-11-16T00:00:00,CHA vs. MIL,W,21.313333333333333,8.4,13.5,0.625,1.7,3.4,0.5,0.0,0.0,0.0,1.7,5.1,6.8,0.0,1.7,0.0,0.0,0.0,3.4,0.0,18.6,-11.8,25.0,0,0,27.0,1,1,13086,1,15064,5723,10986,4899,11434,16916,3944,13505,14344,13505,9618,10676,10619,19908,11963,12854,8263,8846,9160,17725,9240,18676,18290,2246,150,16137,1,21:19
2024-25,203926,Doug McDermott,Doug,1610612758,SAC,Sacramento Kings,0022400233,2024-11-16T00:00:00,SAC vs. UTA,W,18.906666666666666,3.8,13.3,0.286,3.8,11.4,0.333,0.0,0.0,0.0,0.0,1.9,1.9,0.0,0.0,1.9,0.0,0.0,5.7,0.0,11.4,-5.7,19.4,0,0,20.9,1,1,13086,1,16907,17541,11248,19630,4416,2155,9209,13505,14344,13505,14058,19961,21996,19908,16469,6743,8263,8846,3370,17725,16759,15929,21444,2246,150,20315,1,18:54
2024-25,101108,Chris Paul,Chris,1610612759,SAS,San Antonio Spurs,0022400232,2024-11-16T00:00:00,SAS @ DAL,L,25.066666666666666,5.7,12.9,0.444,2.9,5.7,0.5,1.4,1.4,1.0,1.4,5.7,7.2,4.3,2.9,2.9,0.0,0.0,2.9,1.4,15.8,-33.0,36.6,0,0,35.9,1,13222,1,13222,11944,12278,11986,13045,6977,11343,3944,11936,13554,1,10593,8934,9782,9104,6950,3479,8263,8846,11299,15295,12118,24168,9940,2246,150,9449,1,25:04
2024-25,1628401,Derrick White,Derrick,1610612738,BOS,Boston Celtics,0022400230,2024-11-16T00:00:00,BOS vs. TOR,W,41.233333333333334,6.1,17.5,0.35,2.6,10.5,0.25,0.9,1.7,0.5,1.7,2.6,4.4,3.5,0.9,0.0,1.7,0.0,0.9,0.9,15.7,0.9,30.6,0,0,29.7,1,1,13086,1,334,11195,5289,17337,7767,3003,11902,13473,13255,10625,9426,17901,16374,11404,16392,12854,4173,8846,20192,17694,12204,12221,14383,2246,150,14173,1,41:14
2024-25,1641706,Brandon Miller,Brandon,1610612766,CHA,Charlotte Hornets,0022400229,2024-11-16T00:00:00,CHA vs. MIL,W,33.62166666666667,5.4,18.2,0.294,3.2,11.8,0.273,0.0,0.0,0.0,0.0,4.3,4.3,3.2,2.1,2.1,0.0,1.1,1.1,1.1,13.9,-1.1,28.2,0,0,28.9,1,1,13086,1,4617,13392,4455,19598,5925,1910,11838,13505,14344,13505,14058,12855,16580,12258,9778,5630,8263,7307,19271,17058,14029,13589,16099,2246,150,14779,1,33:37
2024-25,1630527,Brandon Boston,Brandon,1610612740,NOP,New Orleans Pelicans,0022400231,2024-11-16T00:00:00,NOP vs. LAL,L,35.641666666666666,4.0,12.1,0.333,2.0,6.1,0.333,2.0,2.0,1.0,1.0,7.1,8.1,5.1,3.0,1.0,0.0,1.0,3.0,1.0,12.1,3.0,29.4,0,0,29.3,1,13222,1,13222,2958,16994,13380,17395,10066,10543,9209,10572,12660,1,13177,6226,8130,7353,6355,11862,8263,7829,10578,17358,16015,11098,15220,2246,150,14480,1,35:39
2024-25,1631108,Max Christie,Max,1610612747,LAL,Los Angeles Lakers,0022400231,2024-11-16T00:00:00,LAL @ NOP,W,29.916666666666668,1.2,7.2,0.167,0.0,3.6,0.0,0.0,0.0,0.0,2.4,1.2,3.6,1.2,0.0,2.4,1.2,0.0,2.4,0.0,2.4,1.2,19.4,0,0,14.4,1,1,13086,1,7855,22491,21296,21938,15070,16414,15070,13505,14344,13505,6899,21503,18299,19008,16469,4674,6148,8846,13169,17725,23095,12011,21471,2246,150,23274,1,29:55
2024-25,1630230,Naji Marshall,Naji,1610612742,DAL,Dallas Mavericks,0022400232,2024-11-16T00:00:00,DAL vs. SAS,W,18.283333333333335,3.9,17.7,0.222,0.0,3.9,0.0,3.9,3.9,1.0,2.0,3.9,5.9,7.9,0.0,2.0,0.0,2.0,5.9,2.0,11.8,3.9,36.6,0,0,29.5,1,1,13086,1,17380,17234,4989,21205,15070,15696,15070,5811,7969,1,8525,13916,12508,3022,16469,6393,8263,3316,3064,13217,16330,10683,9939,2246,150,14302,1,18:17
2024-25,1641718,Keyonte George,Keyonte,1610612762,UTA,Utah Jazz,0022400233,2024-11-16T00:00:00,UTA @ SAC,L,30.916666666666668,7.0,11.6,0.6,2.3,4.7,0.5,5.8,5.8,1.0,1.2,1.2,2.3,2.3,1.2,1.2,0.0,0.0,2.3,4.7,22.1,-5.8,30.7,0,0,31.4,1,13222,1,13222,6943,8966,14230,5394,8744,14059,3944,3059,4724,1,12022,21605,21140,15124,14694,10467,8263,8846,13529,4813,6116,15982,14244,2246,150,12818,1,30:55
2024-25,1642268,Isaiah Collier,Isaiah,1610612762,UTA,Utah Jazz,0022400233,2024-11-16T00:00:00,UTA @ SAC,L,19.258333333333333,5.6,5.6,1.0,1.9,1.9,1.0,3.7,3.7,1.0,0.0,3.7,3.7,1.9,1.9,0.0,0.0,0.0,3.7,3.7,16.8,-7.5,22.2,0,0,24.3,1,13222,1,13222,16623,12686,22993,1,10784,19797,1,6206,8396,1,14058,14502,17965,16863,11230,12854,8263,8846,7945,7021,11035,16717,20013,2246,150,18135,1,19:16
2024-25,1628436,Luke Kornet,Luke,1610612738,BOS,Boston Celtics,0022400230,2024-11-16T00:00:00,BOS vs. TOR,W,17.218333333333334,4.2,6.3,0.667,0.0,0.0,0.0,0.0,0.0,0.0,6.3,6.3,12.5,6.3,2.1,2.1,0.0,0.0,4.2,2.1,8.4,14.6,37.0,0,0,31.4,1,1,13086,1,18122,16645,22354,3281,15070,20945,15070,13505,14344,13505,1491,7751,3104,5064,10046,5833,8263,8846,6605,12660,19613,5766,9692,2246,150,12886,1,17:13
2024-25,1631099,Keegan Murray,Keegan,1610612758,SAC,Sacramento Kings,0022400233,2024-11-16T00:00:00,SAC vs. UTA,W,39.001666666666665,1.8,5.5,0.333,0.9,3.7,0.25,0.0,0.0,0.0,0.9,4.6,5.5,1.8,0.9,0.9,0.0,0.0,4.6,0.9,4.6,0.9,15.9,0,0,14.8,1,1,13086,1,881,21671,23060,17395,14892,16236,11902,13505,14344,13505,13819,11952,13454,16948,16273,12550,8263,8846,5509,17619,22228,12207,22903,2246,150,23147,1,39:00
2024-25,1626168,Trey Lyles,Trey,1610612758,SAC,Sacramento Kings,0022400233,2024-11-16T00:00:00,SAC vs. UTA,W,34.95,6.2,9.3,0.667,5.2,7.2,0.714,0.0,0.0,0.0,0.0,3.1,3.1,1.0,2.1,0.0,1.0,0.0,2.1,0.0,17.5,1.0,23.8,0,0,28.8,1,1,13086,1,3500,11019,18308,3281,2108,8026,1861,13505,14344,13505,14058,16435,19500,19589,10211,12854,7271,8846,14812,17725,10317,12134,19099,2246,150,14830,1,34:57
2024-25,1629684,Grant Williams,Grant,1610612766,CHA,Charlotte Hornets,0022400229,2024-11-16T00:00:00,CHA vs. MIL,W,30.433333333333334,2.4,9.5,0.25,2.4,7.1,0.333,0.0,0.0,0.0,0.0,8.3,8.3,2.4,0.0,0.0,1.2,1.2,4.7,0.0,7.1,10.6,24.1,0,0,22.5,1,1,13086,1,7377,20729,18016,20233,8608,8258,9209,13505,14344,13505,14058,4309,7798,14996,16469,12854,6287,6387,5207,17725,20638,7396,18852,2246,150,19378,1,30:26
2024-25,1629162,Jordan McLaughlin,Jordan,1610612758,SAC,Sacramento Kings,0022400233,2024-11-16T00:00:00,SAC vs. UTA,W,21.8,3.3,8.3,0.4,3.3,6.6,0.5,0.0,0.0,0.0,0.0,5.0,5.0,8.3,1.7,1.7,0.0,1.7,3.3,1.7,9.9,19.8,31.5,0,0,29.7,1,1,13086,1,14669,18746,19860,14933,5650,9302,3944,13505,14344,13505,14058,11014,14918,2650,12129,7805,8263,4286,9444,14439,18250,4010,13651,2246,150,14153,1,21:48
2024-25,1641998,Trey Jemison III,Trey,1610612740,NOP,New Orleans Pelicans,0022400231,2024-11-16T00:00:00,NOP vs. LAL,L,19.321666666666665,5.6,7.5,0.75,0.0,0.0,0.0,3.7,3.7,1.0,0.0,3.7,3.7,0.0,0.0,1.9,0.0,0.0,5.6,1.9,14.9,-5.6,25.0,0,0,22.4,1,13222,1,13222,16561,12735,20995,2107,15070,20945,15070,6232,8428,1,14058,14546,18000,19908,16469,6966,8263,8846,3566,13681,13012,15875,18315,2246,150,19449,1,19:19
2024-25,1630577,Julian Champagnie,Julian,1610612759,SAS,San Antonio Spurs,0022400232,2024-11-16T00:00:00,SAS @ DAL,L,25.378333333333334,4.3,14.2,0.3,4.3,11.3,0.375,5.7,7.1,0.8,1.4,1.4,2.8,0.0,1.4,0.0,2.8,1.4,2.8,2.8,18.4,-19.9,28.9,0,0,31.2,1,13222,1,13222,11679,16450,9861,19363,3474,2219,8800,3217,3282,7681,10673,21042,20155,19908,13180,12854,1899,5111,11474,9832,9376,21514,15537,2246,150,12994,1,25:23
2024-25,1630202,Payton Pritchard,Payton,1610612738,BOS,Boston Celtics,0022400230,2024-11-16T00:00:00,BOS vs. TOR,W,23.886666666666667,3.0,12.1,0.25,3.0,10.5,0.286,0.0,0.0,0.0,0.0,0.0,0.0,1.5,0.0,0.0,0.0,1.5,3.0,3.0,9.0,9.0,11.3,0,0,13.6,1,1,13086,1,13002,19385,13497,20233,6455,2928,11433,13505,14344,13505,14058,22137,23286,17951,16469,12854,8263,4751,10649,9189,19037,8160,24177,2246,150,23540,1,23:53
2024-25,1631115,Orlando Robinson,Orlando,1610612758,SAC,Sacramento Kings,0022400233,2024-11-16T00:00:00,SAC vs. UTA,W,12.233333333333333,5.9,5.9,1.0,2.9,2.9,1.0,2.9,5.9,0.5,5.9,2.9,8.8,0.0,2.9,0.0,0.0,0.0,5.9,2.9,17.7,5.9,25.3,0,0,29.4,1,1,13086,1,21135,11840,22720,1,6713,17768,1,7972,4624,10625,1680,16917,6973,19908,6667,12854,8263,8846,3089,9444,10157,9667,18065,2246,150,14378,1,12:14
2024-25,1631321,Sidy Cissoko,Sidy,1610612759,SAS,San Antonio Spurs,0022400232,2024-11-16T00:00:00,SAS @ DAL,L,5.516666666666667,0.0,6.5,0.0,0.0,0.0,0.0,0.0,13.1,0.0,6.5,6.5,13.1,0.0,0.0,0.0,0.0,0.0,6.5,6.5,0.0,19.6,15.7,0,0,13.1,1,13222,1,13222,23782,22635,22077,22635,15070,20945,15070,13505,579,13505,1362,7246,2769,19908,16469,12854,8263,8846,2374,2048,23200,4080,22968,2246,150,23696,1,5:31
2024-25,203084,Harrison Barnes,Harrison,1610612759,SAS,San Antonio Spurs,0022400232,2024-11-16T00:00:00,SAS @ DAL,L,23.666666666666668,1.5,9.1,0.167,1.5,6.1,0.25,1.5,3.0,0.5,1.5,3.0,4.6,3.0,1.5,0.0,0.0,0.0,0.0,1.5,6.1,-38.0,14.6,0,0,15.2,1,13222,1,13222,13171,22146,18514,21938,11960,10478,11902,11751,9866,10625,10230,16576,15893,12787,12655,12854,8263,8846,20257,14918,21328,24701,23308,2246,150,22986,1,23:40
2024-25,1630702,Jaden Hardy,Jaden,1610612742,DAL,Dallas Mavericks,0022400232,2024-11-16T00:00:00,DAL vs. SAS,W,18.5,7.8,17.5,0.444,3.9,9.7,0.4,3.9,3.9,1.0,0.0,5.8,5.8,1.9,0.0,0.0,0.0,1.9,5.8,1.9,23.4,9.7,33.3,0,0,35.0,1,1,13086,1,17195,7097,5241,13045,4211,3799,7874,5893,8051,1,14058,8697,12673,16577,16469,12854,8263,3399,3159,13335,5237,7824,12372,2246,150,10070,1,18:30
2024-25,1629656,Quentin Grimes,Quentin,1610612742,DAL,Dallas Mavericks,0022400232,2024-11-16T00:00:00,DAL vs. SAS,W,22.283333333333335,3.2,8.1,0.4,0.0,3.2,0.0,1.6,1.6,1.0,1.6,4.8,6.5,4.8,4.8,0.0,0.0,0.0,0.0,1.6,8.1,19.4,18.3,0,0,19.4,1,1,13086,1,14287,18927,20126,14933,15070,17210,15070,11572,13379,1,9859,11287,11248,7806,2528,12854,8263,8846,20257,14574,19857,4144,21986,2246,150,21214,1,22:17
2024-25,1628381,John Collins,John,1610612762,UTA,Utah Jazz,0022400233,2024-11-16T00:00:00,UTA @ SAC,L,32.36666666666667,6.7,14.5,0.462,0.0,1.1,0.0,4.4,4.4,1.0,4.4,4.4,8.9,2.2,2.2,3.3,2.2,0.0,3.3,2.2,17.8,2.2,46.3,0,0,40.0,1,13222,1,13222,5670,9753,9421,12428,15070,20730,15070,4909,6937,1,2981,12405,6891,15535,9405,2491,2895,8846,9310,12054,10030,11502,4638,2246,150,6754,1,32:22
2024-25,1630559,Austin Reaves,Austin,1610612747,LAL,Los Angeles Lakers,0022400231,2024-11-16T00:00:00,LAL @ NOP,W,40.833333333333336,2.6,13.2,0.2,1.8,7.9,0.222,1.8,1.8,1.0,0.9,0.9,1.8,6.2,0.0,0.9,0.0,0.0,0.9,3.5,8.8,7.9,22.8,0,0,20.3,1,1,13086,1,398,20201,11443,21401,11210,6558,13288,11308,13232,1,13950,22118,22213,5216,16469,12728,8263,8846,20180,7594,19256,8668,19661,2246,150,20703,1,40:50
2024-25,1629640,Keldon Johnson,Keldon,1610612759,SAS,San Antonio Spurs,0022400232,2024-11-16T00:00:00,SAS @ DAL,L,20.55,5.3,19.3,0.273,0.0,3.5,0.0,3.5,3.5,1.0,1.8,7.0,8.8,3.5,0.0,7.0,0.0,1.8,1.8,1.8,14.0,-12.3,50.8,0,0,40.3,1,13222,1,13222,15607,13656,3531,20048,15070,16644,15070,6696,8876,1,9406,6346,7089,11379,16469,296,8263,4024,16366,14107,13917,18842,3047,2246,150,6618,1,20:33
2024-25,1628989,Kevin Huerter,Kevin,1610612758,SAC,Sacramento Kings,0022400233,2024-11-16T00:00:00,SAC vs. UTA,W,33.75,6.4,14.9,0.429,5.3,12.8,0.417,1.1,2.1,0.5,0.0,5.3,5.3,2.1,3.2,1.1,0.0,0.0,4.3,1.1,19.2,0.0,28.8,0,0,34.1,1,1,13086,1,4481,10447,8711,13735,1915,1390,7826,13015,12311,10625,14058,9937,13954,15880,5817,11327,8263,8846,6385,17082,8649,12240,15629,2246,150,10746,1,33:45
2024-25,1629004,Svi Mykhailiuk,Svi,1610612762,UTA,Utah Jazz,0022400233,2024-11-16T00:00:00,UTA @ SAC,L,0.03,0.0,0.0,0.0,0.0,0.0,0.0,0.0,0.0,0.0,0.0,0.0,0.0,0.0,0.0,0.0,0.0,0.0,0.0,0.0,0.0,0.0,0.0,0,0,0.0,1,13222,1,13222,26294,22635,24836,22635,15070,20945,15070,13505,14344,13505,14058,22137,23286,19908,16469,12854,8263,8846,20257,17725,23200,12240,25228,2246,150,25259,1,0:02
2024-25,1630548,Johnny Juzang,Johnny,1610612762,UTA,Utah Jazz,0022400233,2024-11-16T00:00:00,UTA @ SAC,L,8.416666666666666,0.0,4.3,0.0,0.0,0.0,0.0,0.0,0.0,0.0,0.0,0.0,0.0,0.0,8.6,0.0,0.0,0.0,4.3,4.3,0.0,-34.2,-8.6,0,0,0.0,1,13222,1,13222,22656,22635,23943,22635,15070,20945,15070,13505,14344,13505,14058,22137,23286,19908,490,12854,8263,8846,6351,5651,23200,24331,26208,2246,150,25259,1,8:25
2024-25,203939,Dwight Powell,Dwight,1610612742,DAL,Dallas Mavericks,0022400232,2024-11-16T00:00:00,DAL vs. SAS,W,9.283333333333333,0.0,0.0,0.0,0.0,0.0,0.0,0.0,0.0,0.0,0.0,7.8,7.8,3.9,0.0,3.9,0.0,0.0,11.6,3.9,0.0,-27.1,26.8,0,0,19.4,1,1,13086,1,22353,22635,24836,22635,15070,20945,15070,13505,14344,13505,14058,5068,8707,10287,16469,1759,8263,8846,453,6631,23200,23268,17112,2246,150,21208,1,9:17
2024-25,1630314,Brandon Williams,Brandon,1610612742,DAL,Dallas Mavericks,0022400232,2024-11-16T00:00:00,DAL vs. SAS,W,5.516666666666667,6.5,26.1,0.25,0.0,0.0,0.0,0.0,0.0,0.0,0.0,6.5,6.5,0.0,6.5,0.0,0.0,13.1,0.0,6.5,13.1,-19.6,14.4,0,0,19.6,1,1,13086,1,23782,10121,630,20233,15070,20945,15070,13505,14344,13505,14058,7246,11111,19908,1115,12854,8263,39,20257,2048,15039,21423,23378,2246,150,21109,1,5:31
2024-25,1631165,Keon Ellis,Keon,1610612758,SAC,Sacramento Kings,0022400233,2024-11-16T00:00:00,SAC vs. UTA,W,10.383333333333333,0.0,3.5,0.0,0.0,3.5,0.0,0.0,0.0,0.0,0.0,0.0,0.0,0.0,6.9,0.0,0.0,0.0,6.9,0.0,0.0,17.3,-6.9,0,0,0.0,1,1,13086,1,21969,22635,24323,22635,15070,16714,15070,13505,14344,13505,14058,22137,23286,19908,916,12854,8263,8846,2028,17725,23200,4794,26191,2246,150,25259,1,10:23
2024-25,1628449,Chris Boucher,Chris,1610612761,TOR,Toronto Raptors,0022400230,2024-11-16T00:00:00,TOR @ BOS,L,19.666666666666668,9.2,11.0,0.833,3.7,5.5,0.667,5.5,5.5,1.0,7.3,1.8,9.2,0.0,1.8,0.0,0.0,0.0,1.8,3.7,27.5,0.0,36.6,0,0,40.3,1,13222,1,13222,16285,4441,15377,1514,4777,11966,1957,3421,5200,1,1018,20159,6506,19908,11408,12854,8263,8846,16031,7234,3000,12240,9950,2246,150,6632,1,19:40
2024-25,203915,Spencer Dinwiddie,Spencer,1610612742,DAL,Dallas Mavericks,0022400232,2024-11-16T00:00:00,DAL vs. SAS,W,8.716666666666667,0.0,0.0,0.0,0.0,0.0,0.0,0.0,0.0,0.0,0.0,0.0,0.0,0.0,0.0,0.0,0.0,0.0,0.0,0.0,0.0,-28.9,0.0,0,0,0.0,1,1,13086,1,22558,22635,24836,22635,15070,20945,15070,13505,14344,13505,14058,22137,23286,19908,16469,12854,8263,8846,20257,17725,23200,23573,25228,2246,150,25259,1,8:43
2024-25,1641726,Dereck Lively II,Dereck,1610612742,DAL,Dallas Mavericks,0022400232,2024-11-16T00:00:00,DAL vs. SAS,W,20.5,5.3,10.5,0.5,0.0,0.0,0.0,1.8,3.5,0.5,3.5,3.5,7.0,3.5,3.5,0.0,7.0,1.8,1.8,1.8,12.3,19.3,43.6,0,0,36.9,1,1,13086,1,15638,13626,16151,8526,15070,20945,15070,11320,8864,10625,4357,15198,10108,11358,4984,12854,204,4019,16353,14091,15835,4169,5870,2246,150,8800,1,20:30
2024-25,1627759,Jaylen Brown,Jaylen,1610612738,BOS,Boston Celtics,0022400230,2024-11-16T00:00:00,BOS vs. TOR,W,42.95,6.7,13.4,0.5,1.7,5.9,0.286,7.5,8.4,0.9,1.7,3.4,5.0,5.9,2.5,0.0,0.8,0.0,4.2,5.9,22.6,1.7,37.5,0,0,36.9,1,1,13086,1,158,9668,11138,8526,11466,11033,11433,1641,2271,6805,9652,15634,14725,5732,8181,12854,8207,8846,6582,2792,5752,11800,9365,2246,150,8796,1,42:57
2024-25,1630573,Sam Hauser,Sam,1610612738,BOS,Boston Celtics,0022400230,2024-11-16T00:00:00,BOS vs. TOR,W,25.4,7.1,17.0,0.417,4.3,14.2,0.3,1.4,1.4,1.0,0.0,0.0,0.0,1.4,0.0,0.0,1.4,0.0,2.8,2.8,19.8,11.3,26.2,0,0,28.3,1,1,13086,1,11651,8731,5795,14532,3477,876,11319,11982,13574,1,14058,22137,23286,18282,16469,12854,5160,8846,11484,9845,8036,7079,17467,2246,150,15177,1,25:24
2024-25,1626192,Pat Connaughton,Pat,1610612749,MIL,Milwaukee Bucks,0022400229,2024-11-16T00:00:00,MIL @ CHA,L,20.915,6.9,13.8,0.5,3.4,6.9,0.5,0.0,0.0,0.0,1.7,10.3,12.0,3.4,1.7,0.0,0.0,1.7,3.4,1.7,17.2,-5.2,35.1,0,0,36.1,1,13222,1,13222,15354,9203,10545,8526,5281,8702,3944,13505,14344,13505,9503,2333,3450,11577,11842,12854,8263,4092,8928,14209,10614,15679,10985,2246,150,9265,1,20:55
2024-25,1627751,Jakob Poeltl,Jakob,1610612761,TOR,Toronto Raptors,0022400230,2024-11-16T00:00:00,TOR @ BOS,L,37.255,15.5,18.4,0.842,0.0,0.0,0.0,2.9,3.9,0.75,5.8,5.8,11.6,0.0,1.9,1.0,0.0,0.0,1.9,3.9,33.8,-2.9,48.7,1,0,47.3,1,13222,1,13222,1832,421,4323,1512,15070,20945,15070,8097,8104,8186,1746,8798,3852,19908,10887,12231,8263,8846,15503,6665,1162,14511,3740,1,150,3356,1,37:15
2024-25,1628981,Bruno Fernando,Bruno,1610612761,TOR,Toronto Raptors,0022400230,2024-11-16T00:00:00,TOR @ BOS,L,8.576666666666666,8.4,16.8,0.5,0.0,0.0,0.0,0.0,0.0,0.0,4.2,4.2,8.4,8.4,8.4,0.0,0.0,0.0,0.0,4.2,16.8,0.0,31.1,0,0,33.6,1,13222,1,13222,22607,5814,6056,8526,15070,20945,15070,13505,14344,13505,3304,13130,7632,2517,521,12854,8263,8846,20257,5851,11082,12240,14016,2246,150,11176,1,8:35
2024-25,1630534,Ochai Agbaji,Ochai,1610612761,TOR,Toronto Raptors,0022400230,2024-11-16T00:00:00,TOR @ BOS,L,39.31666666666667,4.6,11.9,0.385,2.7,7.3,0.375,0.0,0.0,0.0,0.0,5.5,5.5,2.7,0.9,0.0,0.9,0.0,0.9,0.0,11.9,-3.7,24.4,0,0,24.7,1,13222,1,13222,773,15551,13756,16070,7395,7773,8800,13505,14344,13505,14058,9550,13551,13764,16298,12854,8021,8846,20102,17725,16238,14877,18656,2246,150,17876,1,39:19
2024-25,1629628,RJ Barrett,RJ,1610612761,TOR,Toronto Raptors,0022400230,2024-11-16T00:00:00,TOR @ BOS,L,42.483333333333334,8.5,22.9,0.37,0.8,2.5,0.333,3.4,7.6,0.444,0.0,8.5,8.5,12.7,0.8,0.8,0.8,4.2,3.4,5.9,21.2,2.5,54.7,1,1,46.6,1,13222,1,13222,205,5665,1426,16820,15036,18550,9209,6926,2793,13035,14058,4080,7512,583,16428,12794,8192,570,9120,2706,6935,11345,2061,1,1,3625,1,42:29
2024-25,1641775,Jordan Walsh,Jordan,1610612738,BOS,Boston Celtics,0022400230,2024-11-16T00:00:00,BOS vs. TOR,W,7.616666666666666,4.7,9.5,0.5,4.7,9.5,0.5,0.0,0.0,0.0,4.7,4.7,9.5,4.7,0.0,0.0,0.0,0.0,9.5,0.0,14.2,9.5,32.6,0,0,33.1,1,1,13086,1,22943,15173,18030,8526,2683,4175,3944,13505,14344,13505,2638,11623,6109,8112,16469,12854,8263,8846,827,17725,13746,7962,12877,2246,150,11587,1,7:37
2024-25,203458,Alex Len,Alex,1610612758,SAC,Sacramento Kings,0022400233,2024-11-16T00:00:00,SAC vs. UTA,W,12.9,11.2,14.0,0.8,0.0,0.0,0.0,0.0,0.0,0.0,11.2,2.8,14.0,5.6,0.0,0.0,2.8,0.0,5.6,2.8,22.3,11.2,55.8,0,0,47.4,1,1,13086,1,20793,2132,10242,1688,15070,20945,15070,13505,14344,13505,296,17428,2261,6288,16469,12854,1962,8846,3576,9994,5986,7155,1840,2246,150,3327,1,12:54
2024-25,1628374,Lauri Markkanen,Lauri,1610612762,UTA,Utah Jazz,0022400233,2024-11-16T00:00:00,UTA @ SAC,L,34.78333333333333,6.2,8.3,0.75,4.1,6.2,0.667,9.3,10.3,0.9,1.0,4.1,5.2,1.0,3.1,0.0,0.0,0.0,0.0,7.2,25.9,6.2,30.5,0,0,36.2,1,13222,1,13222,3627,10948,19825,2107,3694,10179,1957,899,1239,6805,12982,13304,14330,19577,6110,12854,8263,8846,20257,1483,3738,9510,14410,2246,150,9208,1,34:47
2024-25,1628380,Zach Collins,Zach,1610612759,SAS,San Antonio Spurs,0022400232,2024-11-16T00:00:00,SAS @ DAL,L,26.25,8.2,17.8,0.462,0.0,6.9,0.0,11.0,11.0,1.0,2.7,5.5,8.2,0.0,2.7,1.4,4.1,1.4,6.9,5.5,27.4,-20.6,51.0,0,0,46.6,1,13222,1,13222,10949,6146,4882,12428,15070,8760,15070,490,1031,1,5999,9567,7892,19908,7404,9067,857,5302,2097,3363,3008,21717,2982,2246,150,3618,1,26:15
2024-25,1631288,Jamal Cain,Jamal,1610612740,NOP,New Orleans Pelicans,0022400231,2024-11-16T00:00:00,NOP vs. LAL,L,20.741666666666667,3.5,13.9,0.25,1.7,5.2,0.333,1.7,3.5,0.5,8.7,5.2,13.9,3.5,1.7,0.0,1.7,0.0,6.9,1.7,10.4,-13.9,35.8,0,0,33.0,1,13222,1,13222,15463,18383,10370,20233,11296,12689,9209,11356,8942,10625,622,10264,2290,11488,11796,12854,4212,8846,2022,14165,17742,19456,10537,2246,150,11664,1,20:45
2024-25,1626171,Bobby Portis,Bobby,1610612749,MIL,Milwaukee Bucks,0022400229,2024-11-16T00:00:00,MIL @ CHA,L,23.905,13.6,22.6,0.6,1.5,3.0,0.5,3.0,7.5,0.4,3.0,7.5,10.5,4.5,0.0,0.0,0.0,0.0,1.5,6.0,31.6,7.5,51.1,0,0,48.2,1,13222,1,13222,12989,838,1550,5394,12005,17619,3944,7772,2874,13061,5310,5442,4870,8613,16469,12854,8263,8846,17192,2587,1601,8870,2978,2246,150,3086,1,23:54
2024-25,201143,Al Horford,Al,1610612738,BOS,Boston Celtics,0022400230,2024-11-16T00:00:00,BOS vs. TOR,W,31.933333333333334,6.8,12.4,0.545,5.6,11.3,0.5,1.1,1.1,1.0,2.3,2.3,4.5,2.3,2.3,1.1,1.1,0.0,1.1,1.1,20.3,-7.9,33.6,0,0,37.2,1,1,13086,1,6032,9519,12894,7695,1630,2278,3944,12829,13999,1,7395,18906,16031,15416,9284,10796,6626,8846,18943,16787,7664,16925,12113,2246,150,8585,1,31:56
2024-25,203903,Jordan Clarkson,Jordan,1610612762,UTA,Utah Jazz,0022400233,2024-11-16T00:00:00,UTA @ SAC,L,30.25,8.3,21.4,0.389,1.2,6.0,0.2,2.4,4.8,0.5,0.0,3.6,3.6,6.0,3.6,3.6,0.0,2.4,0.0,2.4,20.2,-7.1,40.6,0,0,38.1,1,13222,1,13222,7548,5922,2080,16009,13423,10814,13429,9387,6374,10625,14058,15022,18398,5588,4838,2136,8263,2264,20257,11428,7710,16578,7407,2246,150,7974,1,30:15
2024-25,1642275,Tidjane Salaün,Tidjane,1610612766,CHA,Charlotte Hornets,0022400229,2024-11-16T00:00:00,CHA vs. MIL,W,9.528333333333334,3.8,15.1,0.25,3.8,11.3,0.333,0.0,0.0,0.0,0.0,3.8,3.8,7.6,0.0,0.0,0.0,3.8,0.0,0.0,11.3,-30.2,27.2,0,0,26.4,1,1,13086,1,22275,17626,8407,20233,4508,2234,9209,13505,14344,13505,14058,14395,17878,3329,16469,12854,8263,747,20257,17725,16853,23774,16820,2246,150,16583,1,9:32
2024-25,1629012,Collin Sexton,Collin,1610612762,UTA,Utah Jazz,0022400233,2024-11-16T00:00:00,UTA @ SAC,L,28.911666666666665,6.2,14.9,0.417,5.0,8.7,0.571,5.0,7.5,0.667,1.2,1.2,2.5,2.5,1.2,0.0,0.0,0.0,7.5,5.0,22.4,0.0,27.9,0,0,32.4,1,13222,1,13222,8755,10900,8697,14532,2304,5244,3506,4069,2932,9425,11508,21410,20833,14574,14125,12854,8263,8846,1663,4157,5911,12240,16305,2246,150,12086,1,28:55
2024-25,1629018,Gary Trent Jr.,Gary,1610612749,MIL,Milwaukee Bucks,0022400229,2024-11-16T00:00:00,MIL @ CHA,L,17.828333333333333,8.1,16.2,0.5,4.0,12.1,0.333,0.0,0.0,0.0,0.0,0.0,0.0,2.0,0.0,6.1,0.0,0.0,0.0,2.0,20.2,-2.0,41.4,0,0,38.4,1,13222,1,13222,17692,6473,6894,8526,3918,1719,9209,13505,14344,13505,14058,22137,23286,16303,16469,455,8263,8846,20257,12988,7744,14056,6934,2246,150,7787,1,17:50
2024-25,1627752,Taurean Prince,Taurean,1610612749,MIL,Milwaukee Bucks,0022400229,2024-11-16T00:00:00,MIL @ CHA,L,35.06166666666667,9.2,14.4,0.643,4.1,5.1,0.8,1.0,1.0,1.0,2.1,1.0,3.1,5.1,2.1,1.0,0.0,0.0,2.1,2.1,23.6,7.2,36.0,0,0,38.0,1,13222,1,13222,3414,4294,9569,4607,3774,12863,1389,13152,14175,1,8153,21926,19527,7166,10243,11698,8263,8846,14854,12836,5041,9050,10341,2246,150,8037,1,35:04
2024-25,1631104,Blake Wesley,Blake,1610612759,SAS,San Antonio Spurs,0022400232,2024-11-16T00:00:00,SAS @ DAL,L,18.483333333333334,3.9,9.7,0.4,0.0,3.9,0.0,3.9,3.9,1.0,1.9,0.0,1.9,1.9,1.9,0.0,0.0,0.0,0.0,1.9,11.7,7.8,15.0,0,0,15.6,1,13222,1,13222,17211,17337,17494,14933,15070,15804,15070,5887,8042,1,8631,22137,21911,16567,10799,12854,8263,8846,20257,13329,16475,8736,23178,2246,150,22855,1,18:29
2024-25,1642367,Jonathan Mogbo,Jonathan,1610612761,TOR,Toronto Raptors,0022400230,2024-11-16T00:00:00,TOR @ BOS,L,16.688333333333333,2.2,4.3,0.5,0.0,0.0,0.0,2.2,4.3,0.5,4.3,6.5,10.8,0.0,0.0,0.0,0.0,0.0,6.5,4.3,6.5,-6.5,19.4,0,0,17.3,1,13222,1,13222,18475,21123,23907,8526,15070,20945,15070,10097,7182,10625,3142,7369,4614,19908,16469,12854,8263,8846,2424,5548,21070,16279,21449,2246,150,22186,1,16:41
2024-25,203552,Seth Curry,Seth,1610612766,CHA,Charlotte Hornets,0022400229,2024-11-16T00:00:00,CHA vs. MIL,W,5.483333333333333,13.1,19.7,0.667,0.0,6.6,0.0,0.0,0.0,0.0,0.0,0.0,0.0,0.0,0.0,0.0,0.0,0.0,0.0,0.0,26.3,6.6,26.3,0,0,26.3,1,1,13086,1,23796,981,3183,3281,15070,9398,15070,13505,14344,13505,14058,22137,23286,19908,16469,12854,8263,8846,20257,17725,3550,9354,17437,2246,150,16745,1,5:29
2024-25,1629674,Neemias Queta,Neemias,1610612738,BOS,Boston Celtics,0022400230,2024-11-16T00:00:00,BOS vs. TOR,W,33.111666666666665,6.5,8.7,0.75,0.0,1.1,0.0,0.0,0.0,0.0,4.3,4.3,8.7,2.2,0.0,0.0,1.1,0.0,2.2,1.1,13.0,-5.4,30.0,0,0,26.1,1,1,13086,1,5064,10128,19197,2107,15070,20760,15070,13505,14344,13505,3106,12655,7172,15712,16469,12854,6879,8846,14225,16968,15044,15802,14788,2246,150,16871,1,33:07
2024-25,1642264,Stephon Castle,Stephon,1610612759,SAS,San Antonio Spurs,0022400232,2024-11-16T00:00:00,SAS @ DAL,L,27.966666666666665,5.1,14.2,0.364,2.6,5.1,0.5,2.6,2.6,1.0,3.9,1.3,5.1,3.9,2.6,2.6,0.0,2.6,1.3,1.3,15.4,-24.5,32.6,0,0,32.2,1,13222,1,13222,9569,13952,9907,16861,7900,12824,3944,8869,11038,1,3791,21305,14400,10333,7967,4191,8263,1909,18085,15960,12464,22681,12902,2246,150,12235,1,27:58
2024-25,1641711,Gradey Dick,Gradey,1610612761,TOR,Toronto Raptors,0022400230,2024-11-16T00:00:00,TOR @ BOS,L,37.13,2.9,11.6,0.25,1.0,4.8,0.2,1.9,1.9,1.0,1.0,1.0,1.9,4.8,1.0,0.0,0.0,0.0,1.0,1.9,8.7,-2.9,17.4,0,0,16.5,1,13222,1,13222,1904,19640,14250,20233,14708,13577,13429,10839,12886,1,13500,22024,21934,7805,16032,12854,8263,8846,19860,13371,19325,14517,22349,2246,150,22517,1,37:08
2024-25,1628970,Miles Bridges,Miles,1610612766,CHA,Charlotte Hornets,0022400229,2024-11-16T00:00:00,CHA vs. MIL,W,26.95,9.4,20.0,0.467,4.0,9.4,0.429,2.7,2.7,1.0,2.7,6.7,9.4,4.0,1.3,1.3,0.0,1.3,0.0,2.7,25.4,5.3,45.3,0,0,45.4,1,1,13086,1,10372,4119,2948,12249,3982,4303,7394,8637,10806,1,6171,6934,6257,9920,13641,9267,8263,5469,20257,10402,4009,9918,5047,2246,150,4069,1,26:57
2024-25,1642419,Jamison Battle,Jamison,1610612761,TOR,Toronto Raptors,0022400230,2024-11-16T00:00:00,TOR @ BOS,L,10.883333333333333,3.3,3.3,1.0,3.3,3.3,1.0,0.0,0.0,0.0,0.0,0.0,0.0,3.3,0.0,0.0,0.0,0.0,0.0,0.0,9.9,-6.6,14.9,0,0,16.5,1,13222,1,13222,21760,18734,24389,1,5631,17051,1,13505,14344,13505,14058,22137,23286,11949,16469,12854,8263,8846,20257,17725,18235,16348,23218,2246,150,22492,1,10:53
2024-25,201572,Brook Lopez,Brook,1610612749,MIL,Milwaukee Bucks,0022400229,2024-11-16T00:00:00,MIL @ CHA,L,30.436666666666667,2.4,8.3,0.286,1.2,5.9,0.2,0.0,0.0,0.0,0.0,3.5,3.5,1.2,1.2,1.2,1.2,0.0,4.7,1.2,5.9,1.2,17.9,0,0,16.6,1,13222,1,13222,7375,20733,19827,19630,13461,10908,13429,13505,14344,13505,14058,15091,18452,19078,14565,10328,6291,8846,5212,16494,21448,12026,22160,2246,150,22482,1,30:26
2024-25,1628467,Maxi Kleber,Maxi,1610612742,DAL,Dallas Mavericks,0022400232,2024-11-16T00:00:00,DAL vs. SAS,W,12.45,2.9,5.8,0.5,0.0,0.0,0.0,0.0,0.0,0.0,2.9,8.7,11.6,0.0,0.0,0.0,0.0,0.0,0.0,0.0,5.8,26.0,19.7,0,0,17.3,1,1,13086,1,21022,19676,22826,8526,15070,20945,15070,13505,14344,13505,5607,3857,3878,19908,16469,12854,8263,8846,20257,17725,21540,2612,21333,2246,150,22146,1,12:27
2024-25,1631217,Moussa Diabaté,Moussa,1610612766,CHA,Charlotte Hornets,0022400229,2024-11-16T00:00:00,CHA vs. MIL,W,24.766666666666666,8.7,10.2,0.857,0.0,0.0,0.0,0.0,0.0,0.0,14.5,5.8,20.3,1.5,4.4,1.5,4.4,0.0,1.5,4.4,17.4,-10.2,57.1,1,0,50.9,1,1,13086,1,12199,5230,16775,1412,15070,20945,15070,13505,14344,13505,143,8765,486,18166,3206,8619,730,8846,17431,5447,10382,17960,1611,1,150,2297,1,24:46
2024-25,1629029,Luka Dončić,Luka,1610612742,DAL,Dallas Mavericks,0022400232,2024-11-16T00:00:00,DAL vs. SAS,W,28.4,7.6,20.3,0.375,3.8,11.4,0.333,1.3,3.8,0.333,2.5,5.1,7.6,7.6,5.1,2.5,0.0,1.3,5.1,3.8,20.3,19.0,43.4,0,0,44.4,1,1,13086,1,9212,7493,2776,16299,4423,2165,9209,12393,8244,13132,6510,10663,8958,3275,2253,4285,8263,5828,4446,6839,7672,4259,5958,2246,150,4521,1,28:24
2024-25,1628368,De'Aaron Fox,De'Aaron,1610612758,SAC,Sacramento Kings,0022400233,2024-11-16T00:00:00,SAC vs. UTA,W,35.733333333333334,16.1,30.2,0.533,3.0,4.0,0.75,14.1,19.1,0.737,0.0,3.0,3.0,9.1,4.0,2.0,0.0,2.0,3.0,14.1,49.4,1.0,68.6,0,0,68.5,1,1,13086,1,2875,350,263,8140,6429,15515,1542,204,155,9221,14058,16642,19663,1968,3825,6186,8263,3183,10612,121,163,12152,496,2246,150,358,1,35:44
2024-25,1641765,Olivier-Maxence Prosper,Olivier-Maxence,1610612742,DAL,Dallas Mavericks,0022400232,2024-11-16T00:00:00,DAL vs. SAS,W,6.9,10.4,20.9,0.5,0.0,5.2,0.0,5.2,5.2,1.0,10.4,15.7,26.1,0.0,0.0,0.0,0.0,5.2,0.0,5.2,26.1,-10.4,57.4,0,0,52.2,1,1,13086,1,23212,2775,2418,8526,15070,12659,15070,3750,5575,1,351,478,171,19908,16469,12854,8263,324,20257,3752,3638,18077,1575,2246,150,2000,1,6:54
2024-25,203076,Anthony Davis,Anthony,1610612747,LAL,Los Angeles Lakers,0022400231,2024-11-16T00:00:00,LAL @ NOP,W,37.233333333333334,11.6,19.3,0.6,1.9,3.9,0.5,4.8,6.8,0.714,2.9,10.6,13.5,1.0,1.9,1.9,1.0,1.9,2.9,6.8,30.0,1.9,54.4,1,0,52.2,1,1,13086,1,1841,1807,3469,5394,10484,15866,3944,4288,3592,9244,5593,2127,2473,19777,10880,6599,7712,3440,11189,1844,2095,11658,2106,1,150,1996,1,37:14
2024-25,1627742,Brandon Ingram,Brandon,1610612740,NOP,New Orleans Pelicans,0022400231,2024-11-16T00:00:00,NOP vs. LAL,L,37.63333333333333,10.5,22.0,0.478,2.9,4.8,0.6,6.7,8.6,0.778,1.0,2.9,3.8,7.7,6.7,2.9,1.0,0.0,2.9,4.8,30.6,0.0,51.5,0,0,52.6,1,13222,1,13222,1610,2693,1823,11986,6985,13748,2992,2242,2118,8092,13592,17178,17762,3221,1024,3487,7771,8846,11311,4543,1887,12240,2844,2246,150,1903,1,37:38
2024-25,1642261,Dalton Knecht,Dalton,1610612747,LAL,Los Angeles Lakers,0022400231,2024-11-16T00:00:00,LAL @ NOP,W,37.26,9.7,16.4,0.588,4.8,9.7,0.5,1.9,1.9,1.0,1.9,4.8,6.8,1.9,0.0,1.9,0.0,0.0,1.0,1.0,26.1,10.6,42.9,0,0,43.5,1,1,13086,1,1830,3645,6515,6229,2515,3898,3944,10856,12901,1,8695,11335,10610,16635,16469,6607,8263,8846,19875,17497,3637,7402,6175,2246,150,4923,1,37:16
2024-25,1630572,Sandro Mamukelashvili,Sandro,1610612759,SAS,San Antonio Spurs,0022400232,2024-11-16T00:00:00,SAS @ DAL,L,17.133333333333333,6.3,14.7,0.429,4.2,12.6,0.333,12.6,12.6,1.0,0.0,12.6,12.6,4.2,0.0,0.0,2.1,0.0,0.0,6.3,29.4,10.5,57.2,0,0,54.6,1,13222,1,13222,18175,10697,9041,13735,3555,1471,9209,290,653,1,14058,1123,3060,9374,16469,12854,3200,8846,20257,2278,2294,7466,1606,2246,150,1521,1,17:08
2024-25,203507,Giannis Antetokounmpo,Giannis,1610612749,MIL,Milwaukee Bucks,0022400229,2024-11-16T00:00:00,MIL @ CHA,L,33.483333333333334,11.8,23.7,0.5,0.0,1.1,0.0,0.0,1.1,0.0,2.2,14.0,16.1,12.9,2.2,0.0,2.2,1.1,2.2,4.3,23.7,-2.2,66.7,1,1,57.0,1,13222,1,13222,4745,1636,1166,8526,15070,20773,15070,13505,14080,13505,7754,763,1385,549,9725,12854,3070,7264,14357,5585,5016,14125,592,1,1,1164,1,33:29
2024-25,1631132,Christian Koloko,Christian,1610612747,LAL,Los Angeles Lakers,0022400231,2024-11-16T00:00:00,LAL @ NOP,W,10.766666666666667,10.0,13.4,0.75,0.0,3.3,0.0,0.0,0.0,0.0,13.4,6.7,20.1,3.3,0.0,3.3,3.3,0.0,3.3,3.3,20.1,10.0,69.2,0,0,56.8,1,1,13086,1,21817,3190,11184,2107,15070,16972,15070,13505,14344,13505,178,6913,521,11838,16469,2477,1353,8846,9274,8113,7874,7686,467,2246,150,1182,1,10:46
2024-25,1629655,Daniel Gafford,Daniel,1610612742,DAL,Dallas Mavericks,0022400232,2024-11-16T00:00:00,DAL vs. SAS,W,18.216666666666665,17.8,19.8,0.9,0.0,0.0,0.0,7.9,7.9,1.0,5.9,7.9,13.8,2.0,0.0,2.0,5.9,2.0,4.0,5.9,43.5,25.7,86.8,0,0,75.1,1,1,13086,1,17428,229,3142,1303,15070,20945,15070,1454,2588,1,1658,4850,2314,16456,16469,6357,319,3297,7275,2712,296,2673,116,2246,150,229,1,18:13
2024-25,1630182,Josh Green,Josh,1610612766,CHA,Charlotte Hornets,0022400229,2024-11-16T00:00:00,CHA vs. MIL,W,28.57,6.3,10.1,0.625,3.8,5.0,0.75,2.5,2.5,1.0,1.3,5.0,6.3,6.3,0.0,3.8,0.0,0.0,2.5,1.3,18.9,-2.5,47.3,0,0,42.8,1,1,13086,1,9060,10716,16924,4899,4503,13106,1542,8993,11160,1,11417,10758,11606,5017,16469,1874,8263,8846,12711,16084,8946,14320,4227,2246,150,5227,1,28:34
2024-25,202681,Kyrie Irving,Kyrie,1610612742,DAL,Dallas Mavericks,0022400232,2024-11-16T00:00:00,DAL vs. SAS,W,28.406666666666666,11.4,19.0,0.6,2.5,7.6,0.333,2.5,3.8,0.667,1.3,8.9,10.1,7.6,3.8,2.5,0.0,1.3,2.5,5.1,27.9,27.9,55.3,0,0,53.2,1,1,13086,1,9209,1930,3753,5394,8038,7176,9209,8952,8248,9425,11380,3639,5287,3281,4318,4291,8263,5830,12657,3975,2830,2286,1945,2246,150,1754,1,28:24
2024-25,1642262,Cody Williams,Cody,1610612762,UTA,Utah Jazz,0022400233,2024-11-16T00:00:00,UTA @ SAC,L,10.883333333333333,0.0,3.3,0.0,0.0,3.3,0.0,0.0,0.0,0.0,0.0,0.0,0.0,3.3,0.0,0.0,0.0,0.0,9.9,0.0,0.0,-19.8,5.0,0,0,3.3,1,13222,1,13222,21760,22635,24389,22635,15070,17051,15070,13505,14344,13505,14058,22137,23286,11949,16469,12854,8263,8846,718,17725,23200,21507,25011,2246,150,25217,1,10:53
2024-25,1641748,Andre Jackson Jr.,Andre,1610612749,MIL,Milwaukee Bucks,0022400229,2024-11-16T00:00:00,MIL @ CHA,L,32.58,4.4,6.6,0.667,4.4,5.5,0.8,2.2,2.2,1.0,0.0,2.2,2.2,1.1,3.3,0.0,0.0,1.1,4.4,1.1,15.5,-8.8,16.5,0,0,23.2,1,13222,1,13222,5504,16011,21977,3281,3205,11902,1389,9909,12057,1,14058,19045,21395,19336,5470,12854,8263,7002,5970,16886,12447,17350,22681,2246,150,18859,1,32:35
2024-25,1631103,Malaki Branham,Malaki,1610612759,SAS,San Antonio Spurs,0022400232,2024-11-16T00:00:00,SAS @ DAL,L,9.283333333333333,3.9,23.3,0.167,0.0,7.8,0.0,0.0,0.0,0.0,0.0,7.8,7.8,7.8,0.0,0.0,0.0,0.0,3.9,3.9,7.8,27.1,28.7,0,0,23.3,1,13222,1,13222,22353,17382,1293,21938,15070,6887,15070,13505,14344,13505,14058,5068,8707,3127,16469,12854,8263,8846,7518,6631,20123,2400,15718,2246,150,18826,1,9:17
2024-25,1631260,AJ Green,AJ,1610612749,MIL,Milwaukee Bucks,0022400229,2024-11-16T00:00:00,MIL @ CHA,L,12.621666666666666,2.9,5.7,0.5,0.0,2.9,0.0,0.0,0.0,0.0,0.0,0.0,0.0,0.0,0.0,0.0,0.0,0.0,5.7,0.0,5.7,-11.4,5.7,0,0,5.7,1,13222,1,13222,20934,19767,22900,8526,15070,17958,15070,13505,14344,13505,14058,22137,23286,19908,16469,12854,8263,8846,3385,17725,21590,18491,24947,2246,150,25038,1,12:37
2024-25,1629023,P.J. Washington,P.J.,1610612742,DAL,Dallas Mavericks,0022400232,2024-11-16T00:00:00,DAL vs. SAS,W,19.026666666666667,0.0,3.8,0.0,0.0,1.9,0.0,0.0,0.0,0.0,0.0,7.6,7.6,3.8,0.0,3.8,0.0,0.0,0.0,0.0,0.0,17.0,26.1,0,0,18.9,1,1,13086,1,16804,22635,24194,22635,15070,19755,15070,13505,14344,13505,14058,5383,9035,10551,16469,1869,8263,8846,20257,17725,23200,4896,17553,2246,150,21420,1,19:02
2024-25,1642347,Jamal Shead,Jamal,1610612761,TOR,Toronto Raptors,0022400230,2024-11-16T00:00:00,TOR @ BOS,L,20.753333333333334,5.2,15.6,0.333,0.0,1.7,0.0,0.0,0.0,0.0,0.0,1.7,1.7,6.9,1.7,0.0,0.0,1.7,5.2,1.7,10.4,-5.2,21.2,0,0,19.1,1,13222,1,13222,15453,13807,7679,17395,15070,20005,15070,13505,14344,13505,14058,20398,22258,4084,11799,12854,8263,4068,4185,14171,17747,15702,20616,2246,150,21358,1,20:45
2024-25,1629216,Gabe Vincent,Gabe,1610612747,LAL,Los Angeles Lakers,0022400231,2024-11-16T00:00:00,LAL @ NOP,W,21.633333333333333,0.0,3.3,0.0,0.0,3.3,0.0,0.0,0.0,0.0,1.7,1.7,3.3,3.3,0.0,0.0,0.0,0.0,1.7,0.0,0.0,-15.0,9.0,0,0,6.7,1,1,13086,1,14814,22635,24379,22635,15070,17003,15070,13505,14344,13505,9703,20530,18919,11885,16469,12854,8263,8846,16644,17725,23200,19893,24569,2246,150,24930,1,21:38
2024-25,1642422,Armel Traoré,Armel,1610612747,LAL,Los Angeles Lakers,0022400231,2024-11-16T00:00:00,LAL @ NOP,W,4.466666666666667,0.0,8.1,0.0,0.0,8.1,0.0,0.0,0.0,0.0,0.0,8.1,8.1,0.0,0.0,0.0,0.0,0.0,8.1,0.0,0.0,-16.1,9.7,0,0,8.1,1,1,13086,1,24251,22635,20163,22635,15070,6349,15070,13505,14344,13505,14058,4617,8154,19908,16469,12854,8263,8846,1336,17725,23200,20290,24470,2246,150,24758,1,4:28
2024-25,1630558,Davion Mitchell,Davion,1610612761,TOR,Toronto Raptors,0022400230,2024-11-16T00:00:00,TOR @ BOS,L,32.24666666666667,4.5,5.6,0.8,1.1,2.2,0.5,1.1,1.1,1.0,1.1,2.2,3.3,5.6,0.0,1.1,0.0,0.0,4.5,1.1,11.2,0.0,26.9,0,0,23.4,1,13222,1,13222,5784,15877,23010,1688,13855,19110,3944,12867,14015,1,12349,18975,18870,6287,16469,10889,8263,8846,5854,16838,17023,12240,17022,2246,150,18707,1,32:15
2024-25,202691,Klay Thompson,Klay,1610612742,DAL,Dallas Mavericks,0022400232,2024-11-16T00:00:00,DAL vs. SAS,W,18.816666666666666,7.7,13.4,0.571,1.9,5.7,0.333,0.0,0.0,0.0,0.0,0.0,0.0,0.0,1.9,0.0,0.0,0.0,0.0,0.0,17.2,13.4,15.3,0,0,19.1,1,1,13086,1,16954,7376,11159,6538,10574,11360,9209,13505,14344,13505,14058,22137,23286,19908,10976,12854,8263,8846,20257,17725,10611,6229,23090,2246,150,21329,1,18:49
2024-25,1630526,Jeremiah Robinson-Earl,Jeremiah,1610612740,NOP,New Orleans Pelicans,0022400231,2024-11-16T00:00:00,NOP vs. LAL,L,32.766666666666666,4.4,9.9,0.444,2.2,6.6,0.333,0.0,0.0,0.0,4.4,5.5,9.9,1.1,1.1,0.0,0.0,0.0,3.3,0.0,11.0,-7.7,23.4,0,0,24.2,1,13222,1,13222,5353,16075,17268,13045,9248,9334,9209,13505,14344,13505,3058,9552,5555,19351,15136,12854,8263,8846,9470,17725,17188,16824,19314,2246,150,18226,1,32:46
2024-25,1628998,Cody Martin,Cody,1610612766,CHA,Charlotte Hornets,0022400229,2024-11-16T00:00:00,CHA vs. MIL,W,23.0,1.6,4.7,0.333,1.6,1.6,1.0,4.7,9.4,0.5,0.0,3.1,3.1,4.7,1.6,0.0,0.0,0.0,3.1,4.7,9.4,6.3,18.6,0,0,18.8,1,1,13086,1,13724,22086,23686,17395,11803,20212,1,4517,1660,10625,14058,16328,19415,8193,12481,12854,8263,8846,10164,4724,18733,9491,21828,2246,150,21484,1,23:00
2024-25,1631288,Jamal Cain,Jamal,1610612740,NOP,New Orleans Pelicans,0022400017,2024-11-15T00:00:00,NOP vs. DEN,W,19.566666666666666,1.8,9.2,0.2,0.0,5.5,0.0,0.0,1.8,0.0,1.8,7.4,9.2,3.7,1.8,0.0,3.7,0.0,1.8,1.8,3.7,16.6,29.4,0,0,23.9,1,1,13086,1,16360,21683,18407,21401,15070,11912,15070,13505,13131,13505,9088,5736,6450,10843,11364,12854,1097,8846,15990,13774,22699,5052,15187,2246,150,18383,1,19:34
2024-25,1628989,Kevin Huerter,Kevin,1610612758,SAC,Sacramento Kings,0022400020,2024-11-15T00:00:00,SAC vs. MIN,L,30.923333333333332,2.3,8.1,0.286,0.0,3.5,0.0,0.0,0.0,0.0,0.0,7.0,7.0,4.7,1.2,0.0,1.2,1.2,2.3,0.0,4.7,-24.4,22.4,0,0,18.6,1,13222,1,13222,6941,20802,20026,19630,15070,16667,15070,13505,14344,13505,14058,6384,10165,8285,14699,12854,6397,6525,13533,17725,22211,22680,19950,2246,150,21563,1,30:55
2024-25,1641763,Julian Phillips,Julian,1610612741,CHI,Chicago Bulls,0022400013,2024-11-15T00:00:00,CHI @ CLE,L,21.133333333333333,1.7,8.5,0.2,1.7,8.5,0.2,1.7,3.4,0.5,0.0,10.2,10.2,1.7,1.7,1.7,0.0,0.0,1.7,1.7,6.8,-10.2,25.0,0,0,23.8,1,13222,1,13222,15195,21896,19465,21401,11393,5559,13429,11405,9078,10625,14058,2408,5206,17356,11902,7596,8263,8846,16529,14254,20854,17984,18260,2246,150,18435,1,21:08
2024-25,1630534,Ochai Agbaji,Ochai,1610612761,TOR,Toronto Raptors,0022400011,2024-11-15T00:00:00,TOR vs. DET,L,35.55,4.1,15.2,0.267,1.0,5.1,0.2,0.0,0.0,0.0,1.0,2.0,3.0,1.0,1.0,2.0,0.0,1.0,3.0,0.0,9.1,-4.1,19.3,0,0,18.2,1,13222,1,13222,3031,16972,8271,20170,14471,13043,13429,13505,14344,13505,13155,19574,19611,19638,15761,6140,8263,7802,10546,17725,18974,15091,21478,2246,150,21755,1,35:33
2024-25,1631111,Wendell Moore Jr.,Wendell,1610612765,DET,Detroit Pistons,0022400011,2024-11-15T00:00:00,DET @ TOR,W,30.238333333333333,4.8,7.1,0.667,0.0,1.2,0.0,0.0,1.2,0.0,2.4,4.8,7.1,2.4,0.0,1.2,1.2,0.0,0.0,1.2,9.5,21.4,28.8,0,0,23.8,1,1,13086,1,7563,15078,21389,3281,15070,20631,15070,13505,13899,13505,6982,11544,9869,14946,16469,10256,6237,8846,20257,16446,18612,3587,15624,2246,150,18460,1,30:14
2024-25,1629669,Jaylen Nowell,Jaylen,1610612740,NOP,New Orleans Pelicans,0022400017,2024-11-15T00:00:00,NOP vs. DEN,W,24.2,3.0,10.4,0.286,3.0,3.0,1.0,1.5,3.0,0.5,3.0,4.5,7.4,3.0,0.0,0.0,0.0,0.0,0.0,1.5,10.4,14.9,23.8,0,0,23.8,1,1,13086,1,12726,19481,16363,19630,6608,17712,1,11819,10037,10625,5405,12356,9289,13013,16469,12854,8263,8846,20257,15051,17743,5676,19094,2246,150,18461,1,24:12
2024-25,1642349,Ajay Mitchell,Ajay,1610612760,OKC,Oklahoma City Thunder,0022400018,2024-11-15T00:00:00,OKC vs. PHX,W,22.633333333333333,4.8,11.1,0.429,1.6,3.2,0.5,0.0,0.0,0.0,3.2,3.2,6.4,4.8,1.6,0.0,0.0,0.0,3.2,3.2,11.1,-3.2,24.3,0,0,23.9,1,1,13086,1,14002,15048,15133,13735,11706,17306,3944,13505,14344,13505,4978,16154,11480,7995,12377,12854,8263,8846,9941,8622,17050,14665,18728,2246,150,18429,1,22:38
2024-25,1626145,Tyus Jones,Tyus,1610612756,PHX,Phoenix Suns,0022400018,2024-11-15T00:00:00,PHX @ OKC,L,30.183333333333334,2.4,9.5,0.25,2.4,9.5,0.25,1.2,2.4,0.5,0.0,3.6,3.6,3.6,0.0,0.0,0.0,0.0,1.2,2.4,8.3,-16.7,18.0,0,0,17.9,1,13222,1,13222,7604,20699,17870,20233,8531,4047,11902,12618,11532,10625,14058,14993,18373,11150,16469,12854,8263,8846,18572,11406,19625,20514,22087,2246,150,21919,1,30:11
2024-25,203914,Gary Harris,Gary,1610612753,ORL,Orlando Magic,0022400010,2024-11-15T00:00:00,ORL vs. PHI,W,13.67,0.0,2.6,0.0,0.0,0.0,0.0,0.0,0.0,0.0,2.6,0.0,2.6,0.0,0.0,2.6,0.0,0.0,2.6,0.0,0.0,21.1,11.1,0,0,7.9,1,1,13086,1,20380,22635,24604,22635,15070,20945,15070,13505,14344,13505,6268,22137,20576,19908,16469,4059,8263,8846,12313,17725,23200,3682,24232,2246,150,24775,1,13:40
2024-25,1631132,Christian Koloko,Christian,1610612747,LAL,Los Angeles Lakers,0022400015,2024-11-15T00:00:00,LAL @ SAS,W,9.85,3.7,7.3,0.5,0.0,0.0,0.0,0.0,0.0,0.0,0.0,0.0,0.0,0.0,0.0,0.0,0.0,3.7,7.3,0.0,7.3,-21.9,7.3,0,0,7.3,1,1,13086,1,22150,17956,21195,8526,15070,20945,15070,13505,14344,13505,14058,22137,23286,19908,16469,12854,8263,817,1768,17725,20479,22054,24780,2246,150,24864,1,9:51
2024-25,1628379,Luke Kennard,Luke,1610612763,MEM,Memphis Grizzlies,0022400019,2024-11-15T00:00:00,MEM @ GSW,L,11.983333333333333,0.0,15.0,0.0,0.0,15.0,0.0,6.0,6.0,1.0,3.0,9.0,12.0,0.0,3.0,0.0,0.0,0.0,3.0,3.0,6.0,-30.0,17.4,0,0,18.0,1,13222,1,13222,21299,22635,8578,22635,15070,689,15070,2848,4457,1,5319,3507,3476,19908,6454,12854,8263,8846,10688,9223,21380,23745,22324,2246,150,21848,1,11:59
2024-25,202685,Jonas Valančiūnas,Jonas,1610612764,WAS,Washington Wizards,0022400012,2024-11-15T00:00:00,WAS @ ATL,L,16.883333333333333,4.3,10.7,0.4,0.0,0.0,0.0,4.3,4.3,1.0,4.3,6.4,10.7,0.0,4.3,0.0,0.0,0.0,2.1,4.3,12.8,-46.9,21.3,0,0,23.5,1,13222,1,13222,18330,16413,15958,14933,15070,20945,15070,5230,7282,1,3226,7512,4756,19908,3392,12854,8263,8846,14448,5687,15296,25264,20520,2246,150,18697,1,16:53
2024-25,1642267,Bub Carrington,Bub,1610612764,WAS,Washington Wizards,0022400012,2024-11-15T00:00:00,WAS @ ATL,L,37.03333333333333,2.9,7.8,0.375,1.0,3.9,0.25,0.0,1.9,0.0,1.9,2.9,4.9,8.7,0.0,1.0,0.0,0.0,4.9,1.9,6.8,-7.8,28.7,0,0,23.3,1,13222,1,13222,1966,19616,20562,16299,14693,15823,11902,13505,12873,13505,8645,17024,15159,2223,16469,12193,8263,8846,4922,13341,20861,16871,15738,2246,150,18784,1,37:02
2024-25,1641745,Adam Flagler,Adam,1610612760,OKC,Oklahoma City Thunder,0022400018,2024-11-15T00:00:00,OKC vs. PHX,W,4.333333333333333,0.0,16.6,0.0,0.0,16.6,0.0,0.0,0.0,0.0,0.0,8.3,8.3,0.0,0.0,0.0,0.0,0.0,8.3,0.0,0.0,-41.5,10.0,0,0,8.3,1,1,13086,1,24312,22635,6279,22635,15070,444,15070,13505,14344,13505,14058,4269,7753,19908,16469,12854,8263,8846,1224,17725,23200,24938,24424,2246,150,24717,1,4:20
2024-25,1630579,Jericho Sims,Jericho,1610612752,NYK,New York Knicks,0022400014,2024-11-15T00:00:00,NYK vs. BKN,W,17.983333333333334,4.0,6.0,0.667,0.0,0.0,0.0,0.0,0.0,0.0,6.0,8.0,14.0,2.0,0.0,0.0,0.0,2.0,2.0,2.0,8.0,12.0,27.8,0,0,24.0,1,1,13086,1,17566,17081,22589,3281,15070,20945,15070,13505,14344,13505,1611,4694,2230,16367,16469,12854,8263,3227,15135,13070,19916,6791,16350,2246,150,18313,1,17:59
2024-25,1626196,Josh Richardson,Josh,1610612748,MIA,Miami Heat,0022400009,2024-11-15T00:00:00,MIA @ IND,W,24.816666666666666,2.9,10.2,0.286,2.9,7.3,0.4,0.0,0.0,0.0,0.0,1.5,1.5,2.9,1.5,1.5,0.0,1.5,0.0,0.0,8.7,2.9,17.7,0,0,18.9,1,1,13086,1,12165,19657,16813,19630,6863,7929,7874,13505,14344,13505,14058,20989,22637,13272,13009,8629,8263,4982,20257,17725,19342,11173,22217,2246,150,21450,1,24:49
2024-25,1642367,Jonathan Mogbo,Jonathan,1610612761,TOR,Toronto Raptors,0022400011,2024-11-15T00:00:00,TOR vs. DET,L,16.0,0.0,6.8,0.0,0.0,2.3,0.0,0.0,0.0,0.0,2.3,6.8,9.0,4.5,2.3,2.3,0.0,2.3,0.0,0.0,0.0,-13.5,22.1,0,0,18.0,1,13222,1,13222,18929,22635,21831,22635,15070,19084,15070,13505,14344,13505,7419,6787,6730,8651,9307,5217,8263,2550,20257,17725,23200,19304,20113,2246,150,21859,1,16:00
2024-25,1631207,Dalen Terry,Dalen,1610612741,CHI,Chicago Bulls,0022400013,2024-11-15T00:00:00,CHI @ CLE,L,18.261666666666667,3.9,7.9,0.5,2.0,3.9,0.5,2.0,3.9,0.5,2.0,0.0,2.0,3.9,7.9,2.0,0.0,2.0,0.0,2.0,11.8,-11.8,18.1,0,0,23.7,1,13222,1,13222,17402,17225,20428,8526,10293,15688,3944,10740,7964,10625,8521,22137,21856,10098,611,6387,8263,3310,20257,13206,16316,18678,22039,2246,150,18574,1,18:16
2024-25,1627780,Gary Payton II,Gary,1610612744,GSW,Golden State Warriors,0022400019,2024-11-15T00:00:00,GSW vs. MEM,W,10.633333333333333,3.4,6.8,0.5,0.0,3.4,0.0,0.0,0.0,0.0,3.4,6.8,10.2,0.0,6.8,3.4,0.0,0.0,0.0,0.0,6.8,-20.3,22.3,0,0,23.7,1,1,13086,1,21861,18570,21808,8526,15070,16894,15070,13505,14344,13505,4569,6750,5270,19908,991,2409,8263,8846,20257,17725,20882,21637,19953,2246,150,18540,1,10:38
2024-25,1642502,Malevy Leons,Malevy,1610612760,OKC,Oklahoma City Thunder,0022400018,2024-11-15T00:00:00,OKC vs. PHX,W,4.216666666666667,0.0,0.0,0.0,0.0,0.0,0.0,0.0,0.0,0.0,0.0,8.5,8.5,0.0,0.0,0.0,0.0,0.0,0.0,0.0,0.0,-25.6,10.2,0,0,8.5,1,1,13086,1,24368,22635,24836,22635,15070,20945,15070,13505,14344,13505,14058,4003,7418,19908,16469,12854,8263,8846,20257,17725,23200,22938,24375,2246,150,24674,1,4:13
2024-25,1642277,Johnny Furphy,Johnny,1610612754,IND,Indiana Pacers,0022400009,2024-11-15T00:00:00,IND vs. MIA,L,8.6,0.0,0.0,0.0,0.0,0.0,0.0,0.0,0.0,0.0,4.2,4.2,8.4,4.2,8.4,0.0,4.2,0.0,0.0,0.0,0.0,25.1,20.5,0,0,20.9,1,13222,1,13222,22597,22635,24836,22635,15070,20945,15070,13505,14344,13505,3317,13148,7657,9422,523,12854,821,8846,20257,17725,23200,2786,20938,2246,150,20327,1,8:36
2024-25,1629750,Javonte Green,Javonte,1610612740,NOP,New Orleans Pelicans,0022400017,2024-11-15T00:00:00,NOP vs. DEN,W,26.316666666666666,2.7,10.9,0.25,1.4,6.8,0.2,5.5,5.5,1.0,1.4,1.4,2.7,0.0,0.0,1.4,1.4,0.0,1.4,2.7,12.3,-4.1,23.8,0,0,21.9,1,1,13086,1,10888,20010,15458,20233,12574,8802,13429,3445,5224,1,10893,21154,20382,19908,16469,9092,5373,8846,17752,10211,15817,15123,19093,2246,150,19734,1,26:19
2024-25,1629021,Moritz Wagner,Moritz,1610612753,ORL,Orlando Magic,0022400010,2024-11-15T00:00:00,ORL vs. PHI,W,19.883333333333333,9.1,12.7,0.714,1.8,3.6,0.5,5.4,7.2,0.75,1.8,5.4,7.2,3.6,1.8,1.8,0.0,0.0,0.0,7.2,25.3,29.0,43.1,0,0,41.6,1,1,13086,1,16109,4607,12433,2752,11031,16393,3944,3496,3137,8186,9204,9709,9669,11027,11496,7201,8263,8846,20257,1485,4026,2114,6096,2246,150,5825,1,19:53
2024-25,1629599,Amir Coffey,Amir,1610612746,LAC,LA Clippers,0022400016,2024-11-15T00:00:00,LAC @ HOU,L,26.503333333333334,4.1,9.5,0.429,1.4,5.4,0.25,4.1,4.1,1.0,1.4,4.1,5.4,4.1,1.4,1.4,0.0,1.4,0.0,1.4,13.6,-2.7,28.9,0,0,27.2,1,13222,1,13222,10723,16915,17933,13735,12613,12130,11902,5575,7694,1,10945,13502,13723,9730,13528,9148,8263,5366,20257,15633,14402,14415,15541,2246,150,16047,1,26:30
2024-25,1630527,Brandon Boston,Brandon,1610612740,NOP,New Orleans Pelicans,0022400017,2024-11-15T00:00:00,NOP vs. DEN,W,37.9,6.6,12.3,0.538,2.8,6.6,0.429,1.9,1.9,1.0,0.0,3.8,3.8,3.8,1.9,0.9,0.0,0.0,1.9,1.9,18.0,-0.9,29.3,0,0,30.4,1,1,13086,1,1442,9826,12984,7978,7047,9218,7394,10949,12977,1,14058,14319,17818,10497,11041,12348,8263,8846,15669,13510,9795,13502,15318,2246,150,13636,1,37:54
2024-25,1631204,Marcus Sasser,Marcus,1610612765,DET,Detroit Pistons,0022400011,2024-11-15T00:00:00,DET @ TOR,W,17.333333333333332,6.2,16.6,0.375,0.0,6.2,0.0,0.0,0.0,0.0,0.0,10.4,10.4,4.2,2.1,2.1,2.1,2.1,0.0,2.1,12.5,14.5,41.5,0,0,35.3,1,1,13086,1,18048,10886,6279,16299,15070,10129,15070,13505,14344,13505,14058,2295,5018,9512,10114,5884,3266,2978,20257,12725,15637,5805,6865,2246,150,9873,1,17:20
2024-25,1631165,Keon Ellis,Keon,1610612758,SAC,Sacramento Kings,0022400020,2024-11-15T00:00:00,SAC vs. MIN,L,23.11,1.6,6.2,0.25,1.6,4.7,0.333,0.0,0.0,0.0,1.6,6.2,7.8,1.6,1.6,1.6,1.6,1.6,3.1,1.6,4.7,4.7,24.1,0,0,21.8,1,13222,1,13222,13629,22096,22385,20233,11837,14027,9209,13505,14344,13505,10094,7828,8631,17779,12517,8163,4686,4564,10217,14768,22200,10300,18839,2246,150,19785,1,23:07
2024-25,1630288,Jeff Dowtin Jr.,Jeff,1610612755,PHI,Philadelphia 76ers,0022400010,2024-11-15T00:00:00,PHI @ ORL,L,5.126666666666667,0.0,0.0,0.0,0.0,0.0,0.0,7.0,14.0,0.5,0.0,7.0,7.0,7.0,0.0,0.0,0.0,0.0,7.0,7.0,7.0,-14.0,26.0,0,0,21.1,1,13222,1,13222,23933,22635,24836,22635,15070,20945,15070,1996,447,10625,14058,6323,10113,3992,16469,12854,8263,8846,1964,1648,20709,19514,17629,2246,150,20243,1,5:08
2024-25,1629027,Trae Young,Trae,1610612737,ATL,Atlanta Hawks,0022400012,2024-11-15T00:00:00,ATL vs. WAS,W,33.125,5.4,19.6,0.278,4.3,9.8,0.444,4.3,4.3,1.0,0.0,2.2,2.2,9.8,6.5,0.0,0.0,1.1,3.3,5.4,19.6,2.2,30.3,0,0,35.9,1,1,13086,1,5053,13173,3304,20025,3318,3746,7211,5074,7112,1,14058,19148,21470,1548,1121,12854,8263,7173,9614,3427,8297,11526,14561,2246,150,9471,1,33:08
2024-25,1631108,Max Christie,Max,1610612747,LAL,Los Angeles Lakers,0022400015,2024-11-15T00:00:00,LAL @ SAS,W,29.65,4.9,8.5,0.571,1.2,3.6,0.333,2.4,2.4,1.0,1.2,2.4,3.6,1.2,0.0,2.4,1.2,0.0,0.0,2.4,13.4,27.9,30.5,0,0,26.7,1,1,13086,1,8089,14785,19495,6538,13293,16344,9209,9247,11394,1,11701,18403,18217,18971,16469,4600,6089,8846,20257,11234,14681,2283,14436,2246,150,16389,1,29:39
2024-25,1641794,Dillon Jones,Dillon,1610612760,OKC,Oklahoma City Thunder,0022400018,2024-11-15T00:00:00,OKC vs. PHX,W,8.283333333333333,0.0,8.7,0.0,0.0,4.3,0.0,8.7,8.7,1.0,8.7,4.3,13.0,0.0,8.7,4.3,0.0,0.0,8.7,4.3,8.7,-26.1,28.7,0,0,30.4,1,1,13086,1,22713,22635,19208,22635,15070,14801,15070,1113,2056,1,621,12659,2783,19908,471,1339,8263,8846,1071,5475,19352,23048,15732,2246,150,13602,1,8:17
2024-25,1629216,Gabe Vincent,Gabe,1610612747,LAL,Los Angeles Lakers,0022400015,2024-11-15T00:00:00,LAL @ SAS,W,19.566666666666666,3.7,7.4,0.5,1.8,3.7,0.5,1.8,3.7,0.5,1.8,1.8,3.7,0.0,0.0,5.5,0.0,0.0,1.8,1.8,11.0,23.9,32.0,0,0,27.6,1,1,13086,1,16360,17889,21124,8526,10922,16263,3944,11149,8524,10625,9088,20134,18122,19908,16469,628,8263,8846,15990,13774,17150,3042,13316,2246,150,15721,1,19:34
2024-25,1630217,Desmond Bane,Desmond,1610612763,MEM,Memphis Grizzlies,0022400019,2024-11-15T00:00:00,MEM @ GSW,L,27.016666666666666,9.3,17.3,0.538,1.3,5.3,0.25,4.0,5.3,0.75,1.3,6.7,8.0,2.7,4.0,2.7,0.0,1.3,1.3,0.0,24.0,16.0,41.6,0,0,41.3,1,13222,1,13222,10318,4165,5429,7978,12725,12388,11902,5698,5420,8186,11051,6975,8279,14001,3886,3984,8263,5487,17898,17725,4812,5253,6844,2246,150,6024,1,27:01
2024-25,1626167,Myles Turner,Myles,1610612754,IND,Indiana Pacers,0022400009,2024-11-15T00:00:00,IND vs. MIA,L,28.35,3.8,8.9,0.429,1.3,5.1,0.25,2.5,3.8,0.667,0.0,6.3,6.3,2.5,1.3,1.3,1.3,0.0,1.3,5.1,11.4,-36.8,29.2,0,0,26.7,1,13222,1,13222,9255,17539,18876,13735,12980,13003,11902,8935,8224,9425,14058,7596,11503,14401,13969,9651,5799,8846,18170,3954,16749,24600,15356,2246,150,16421,1,28:21
2024-25,1628427,Vlatko Čančar,Vlatko,1610612743,DEN,Denver Nuggets,0022400017,2024-11-15T00:00:00,DEN @ NOP,L,8.05,4.5,8.9,0.5,0.0,0.0,0.0,0.0,0.0,0.0,4.5,4.5,8.9,0.0,0.0,0.0,4.5,0.0,0.0,0.0,8.9,4.5,33.1,0,0,26.8,1,13222,1,13222,22805,15857,18802,8526,15070,20945,15070,13505,14344,13505,2957,12330,6828,19908,16469,12854,689,8846,20257,17725,19137,10401,12519,2246,150,16289,1,8:03
2024-25,1630643,Jay Huff,Jay,1610612763,MEM,Memphis Grizzlies,0022400019,2024-11-15T00:00:00,MEM @ GSW,L,6.091666666666667,5.9,17.7,0.333,0.0,5.9,0.0,0.0,0.0,0.0,5.9,5.9,11.8,5.9,0.0,0.0,5.9,0.0,0.0,0.0,11.8,-23.6,52.6,0,0,41.4,1,13222,1,13222,23564,11776,4979,17395,15070,10917,15070,13505,14344,13505,1669,8522,3642,5657,16469,12854,324,8846,20257,17725,16324,22483,2558,2246,150,5992,1,6:06
2024-25,1641767,Ben Sheppard,Ben,1610612754,IND,Indiana Pacers,0022400009,2024-11-15T00:00:00,IND vs. MIA,L,29.233333333333334,3.7,8.6,0.429,2.5,7.4,0.333,0.0,0.0,0.0,0.0,4.9,4.9,4.9,0.0,2.5,0.0,0.0,3.7,0.0,9.9,-27.1,30.5,0,0,27.1,1,13222,1,13222,8465,17854,19326,13735,8272,7642,9209,13505,14344,13505,14058,11096,14992,7625,16469,4498,8263,8846,8105,17725,18309,23259,14402,2246,150,16091,1,29:14
2024-25,1631093,Jaden Ivey,Jaden,1610612765,DET,Detroit Pistons,0022400011,2024-11-15T00:00:00,DET @ TOR,W,28.405,5.1,16.5,0.308,1.3,6.3,0.2,6.3,10.1,0.625,1.3,1.3,2.5,6.3,2.5,1.3,2.5,2.5,0.0,5.1,17.7,11.4,39.2,0,0,35.5,1,1,13086,1,9210,14188,6459,19226,12993,9900,13429,2551,1316,10271,11378,21348,20739,4965,8103,9676,2313,1981,20257,3974,10092,7054,8291,2246,150,9740,1,28:24
2024-25,1630533,Ziaire Williams,Ziaire,1610612751,BKN,Brooklyn Nets,0022400014,2024-11-15T00:00:00,BKN @ NYK,L,28.2,5.1,12.8,0.4,1.3,5.1,0.25,0.0,0.0,0.0,1.3,8.9,10.2,1.3,1.3,1.3,0.0,3.8,6.4,0.0,11.5,5.1,28.2,0,0,26.8,1,13222,1,13222,9378,14065,12275,14933,12953,12929,11902,13505,14344,13505,11323,3580,5220,18735,13926,9606,8263,715,2510,17725,16681,10050,16059,2246,150,16314,1,28:12
2024-25,203937,Kyle Anderson,Kyle,1610612744,GSW,Golden State Warriors,0022400019,2024-11-15T00:00:00,GSW vs. MEM,W,19.05,5.7,13.2,0.429,3.8,5.7,0.667,0.0,0.0,0.0,0.0,7.6,7.6,7.6,1.9,0.0,3.8,1.9,5.7,0.0,15.1,11.3,45.0,0,0,41.6,1,1,13086,1,16782,12509,11433,13735,4505,11528,1957,13505,14344,13505,14058,5392,9049,3326,11104,12854,1044,3591,3443,17725,12787,7080,5195,2246,150,5869,1,19:03
2024-25,1629660,Ty Jerome,Ty,1610612739,CLE,Cleveland Cavaliers,0022400013,2024-11-15T00:00:00,CLE vs. CHI,W,19.196666666666665,5.6,15.0,0.375,1.9,7.5,0.25,0.0,0.0,0.0,1.9,5.6,7.5,7.5,0.0,0.0,0.0,1.9,3.8,1.9,13.1,20.6,33.4,0,0,30.0,1,1,13086,1,16678,12629,8602,16299,10744,7394,11902,13505,14344,13505,8921,9239,9164,3398,16469,12854,8263,3645,7904,13608,14954,3776,12278,2246,150,13940,1,19:12
2024-25,1630598,Aaron Wiggins,Aaron,1610612760,OKC,Oklahoma City Thunder,0022400018,2024-11-15T00:00:00,OKC vs. PHX,W,19.903333333333332,3.6,9.0,0.4,1.8,1.8,1.0,5.4,7.2,0.75,1.8,0.0,1.8,3.6,0.0,0.0,0.0,1.8,5.4,3.6,14.5,23.5,22.1,0,0,21.7,1,1,13086,1,16093,18041,18652,14933,11044,19909,1,3505,3144,8186,9212,22137,22150,11044,16469,12854,8263,3873,3810,7344,13445,3142,20102,2246,150,19837,1,19:54
2024-25,1630811,Keaton Wallace,Keaton,1610612737,ATL,Atlanta Hawks,0022400012,2024-11-15T00:00:00,ATL vs. WAS,W,14.766666666666667,0.0,2.4,0.0,0.0,0.0,0.0,0.0,0.0,0.0,2.4,4.9,7.3,4.9,0.0,2.4,2.4,0.0,0.0,0.0,0.0,29.3,30.7,0,0,21.9,1,1,13086,1,19725,22635,24663,22635,15070,20945,15070,13505,14344,13505,6811,11219,9543,7742,16469,4567,2487,8846,20257,17725,23200,2073,14265,2246,150,19707,1,14:46
2024-25,1628981,Bruno Fernando,Bruno,1610612761,TOR,Toronto Raptors,0022400011,2024-11-15T00:00:00,TOR vs. DET,L,10.45,3.4,6.9,0.5,0.0,0.0,0.0,3.4,6.9,0.5,0.0,6.9,6.9,3.4,6.9,0.0,0.0,0.0,0.0,3.4,10.3,0.0,16.9,0,0,20.7,1,13222,1,13222,21938,18444,21685,8526,15070,20945,15070,6804,3482,10625,14058,6550,10339,11571,939,12854,8263,8846,20257,7825,17819,12240,22533,2246,150,20472,1,10:27
2024-25,1628415,Dillon Brooks,Dillon,1610612745,HOU,Houston Rockets,0022400016,2024-11-15T00:00:00,HOU vs. LAC,W,33.233333333333334,6.5,13.0,0.5,5.4,9.7,0.556,0.0,0.0,0.0,0.0,1.1,1.1,2.2,2.2,0.0,0.0,0.0,5.4,1.1,18.4,40.1,20.8,0,0,27.1,1,1,13086,1,4963,10184,11857,8526,1826,3784,3747,13505,14344,13505,14058,21794,23106,15742,9653,12854,8263,8846,3826,16986,9400,978,20789,2246,150,16094,1,33:14
2024-25,203967,Dario Šarić,Dario,1610612743,DEN,Denver Nuggets,0022400017,2024-11-15T00:00:00,DEN @ NOP,L,33.7,4.3,9.6,0.444,1.1,5.3,0.2,0.0,0.0,0.0,1.1,7.5,8.5,5.3,4.3,1.1,0.0,0.0,4.3,3.2,9.6,12.8,26.8,0,0,26.7,1,13222,1,13222,4549,16393,17742,13045,14140,12348,13429,13505,14344,13505,12727,5538,7404,6739,3378,11299,8263,8846,6364,8545,18530,6465,17076,2246,150,16393,1,33:42
2024-25,1627750,Jamal Murray,Jamal,1610612743,DEN,Denver Nuggets,0022400017,2024-11-15T00:00:00,DEN @ NOP,L,42.583333333333336,5.1,13.5,0.375,1.7,6.8,0.25,1.7,1.7,1.0,0.0,5.1,5.1,6.8,0.0,1.7,0.0,0.0,0.8,2.5,13.5,0.0,34.8,0,0,30.4,1,13222,1,13222,194,14168,10964,16299,11428,8977,11902,11435,13301,1,14058,10659,14597,4334,16469,7648,8263,8846,20218,10853,14472,12240,11176,2246,150,13599,1,42:35
2024-25,1630591,Jalen Suggs,Jalen,1610612753,ORL,Orlando Magic,0022400010,2024-11-15T00:00:00,ORL vs. PHI,W,34.47833333333333,6.3,16.7,0.375,1.0,8.4,0.125,6.3,6.3,1.0,3.1,4.2,7.3,3.1,5.2,1.0,1.0,0.0,4.2,6.3,19.8,8.4,34.4,0,0,35.5,1,1,13086,1,3875,10816,6168,16299,14286,5821,14886,2626,4166,1,5074,13180,9556,12529,2096,11547,7171,8846,6618,2320,8038,8459,11556,2246,150,9729,1,34:29
2024-25,1642346,Ryan Dunn,Ryan,1610612756,PHX,Phoenix Suns,0022400018,2024-11-15T00:00:00,PHX @ OKC,L,24.983333333333334,5.8,18.7,0.308,1.4,13.0,0.111,0.0,0.0,0.0,0.0,7.2,7.2,0.0,1.4,1.4,1.4,1.4,2.9,0.0,13.0,-27.4,28.8,0,0,27.4,1,13222,1,13222,12017,12222,3994,19226,12289,1314,15003,13505,14344,13505,14058,5988,9730,19908,13055,8694,5070,5020,11268,17725,15126,23316,15618,2246,150,15885,1,24:59
2024-25,1628449,Chris Boucher,Chris,1610612761,TOR,Toronto Raptors,0022400011,2024-11-15T00:00:00,TOR vs. DET,L,13.966666666666667,2.6,12.9,0.2,0.0,5.2,0.0,0.0,0.0,0.0,2.6,15.5,18.0,2.6,5.2,0.0,5.2,2.6,0.0,0.0,5.2,-25.8,41.0,0,0,36.1,1,13222,1,13222,20214,20315,12061,21401,15070,12811,15070,13505,14344,13505,6408,492,887,14286,2164,12854,474,1908,20257,17725,21932,22982,7181,2246,150,9308,1,13:58
2024-25,1630162,Anthony Edwards,Anthony,1610612750,MIN,Minnesota Timberwolves,0022400020,2024-11-15T00:00:00,MIN @ SAC,W,41.92333333333333,12.0,23.2,0.519,5.2,12.0,0.429,1.7,1.7,1.0,0.9,3.4,4.3,1.7,1.7,0.0,0.0,0.9,3.4,2.6,30.9,13.7,36.9,0,0,42.1,1,1,13086,1,261,1508,1325,8506,2106,1770,7394,11386,13283,1,13987,15422,16552,17318,11853,12854,8263,8760,8957,10716,1797,6109,9754,2246,150,5603,1,41:55
2024-25,1630169,Tyrese Haliburton,Tyrese,1610612754,IND,Indiana Pacers,0022400009,2024-11-15T00:00:00,IND vs. MIA,L,28.65,8.8,17.6,0.5,5.0,11.3,0.444,0.0,0.0,0.0,1.3,1.3,2.5,10.1,1.3,1.3,0.0,0.0,1.3,0.0,22.6,-31.4,43.2,0,0,42.7,1,13222,1,13222,8973,5091,5143,8526,2239,2246,7211,13505,14344,13505,11445,21375,20783,1407,14057,9747,8263,8846,18237,17725,5760,23950,6025,2246,150,5302,1,28:39
2024-25,1641783,Tristan da Silva,Tristan,1610612753,ORL,Orlando Magic,0022400010,2024-11-15T00:00:00,ORL vs. PHI,W,18.4,3.9,9.8,0.4,0.0,5.9,0.0,3.9,3.9,1.0,0.0,5.9,5.9,0.0,0.0,2.0,0.0,0.0,2.0,2.0,11.7,-19.6,24.7,0,0,21.5,1,1,13086,1,17275,17286,17417,14933,15070,11020,15070,5853,8015,1,14058,8615,12591,19908,16469,6469,8263,8846,15371,13289,16407,21419,18521,2246,150,19945,1,18:24
2024-25,1631218,Trayce Jackson-Davis,Trayce,1610612744,GSW,Golden State Warriors,0022400019,2024-11-15T00:00:00,GSW vs. MEM,W,17.7,6.1,10.2,0.6,0.0,0.0,0.0,6.1,8.1,0.75,4.1,8.1,12.2,4.1,4.1,2.0,2.0,2.0,4.1,4.1,18.3,-2.0,47.2,0,0,42.7,1,1,13086,1,17779,11218,16782,5394,15070,20945,15070,2776,2417,8186,3496,4507,3344,9751,3745,6089,3386,3114,6940,6122,9516,14063,4248,2246,150,5306,1,17:42
2024-25,1628404,Josh Hart,Josh,1610612752,NYK,New York Knicks,0022400014,2024-11-15T00:00:00,NYK vs. BKN,W,40.25,2.7,6.3,0.429,1.8,4.5,0.4,5.4,5.4,1.0,0.0,8.0,8.0,8.0,1.8,1.8,0.0,0.0,2.7,3.6,12.5,1.8,37.8,0,0,34.0,1,1,13086,1,503,20122,22364,13735,11119,14517,7874,3566,5360,1,14058,4632,8174,2842,11601,7301,8263,8846,12109,7462,15573,11743,9138,2246,150,10861,1,40:15
2024-25,1629645,Kevin Porter Jr.,Kevin,1610612746,LAC,LA Clippers,0022400016,2024-11-15T00:00:00,LAC @ HOU,L,24.766666666666666,7.3,14.5,0.5,4.4,7.3,0.6,2.9,8.7,0.333,0.0,4.4,4.4,4.4,4.4,0.0,0.0,0.0,0.0,7.3,21.8,-8.7,29.2,0,0,34.9,1,13222,1,13222,12199,8295,9301,8526,3301,7902,2992,8070,2036,13132,14058,12620,16382,8981,3206,12854,8263,8846,20257,1468,6379,17294,15346,2246,150,10171,1,24:46
2024-25,1630192,Zeke Nnaji,Zeke,1610612743,DEN,Denver Nuggets,0022400017,2024-11-15T00:00:00,DEN @ NOP,L,5.716666666666667,0.0,12.6,0.0,0.0,6.3,0.0,0.0,0.0,0.0,0.0,0.0,0.0,0.0,0.0,6.3,0.0,6.3,0.0,0.0,0.0,-94.5,18.9,0,0,12.6,1,13222,1,13222,23692,22635,12585,22635,15070,9983,15070,13505,14344,13505,14058,22137,23286,19908,16469,413,8263,203,20257,17725,23200,26117,21705,2246,150,23841,1,5:43
2024-25,1642264,Stephon Castle,Stephon,1610612759,SAS,San Antonio Spurs,0022400015,2024-11-15T00:00:00,SAS vs. LAL,L,33.13333333333333,7.6,13.0,0.583,3.3,4.3,0.75,5.4,8.7,0.625,1.1,1.1,2.2,5.4,1.1,0.0,0.0,0.0,0.0,4.3,23.9,18.5,33.6,0,0,34.8,1,13222,1,13222,5043,7493,11788,6296,5783,14801,1542,3495,2056,10271,12579,21786,21472,6562,15226,12854,8263,8846,20257,5475,4874,4416,12137,2246,150,10250,1,33:08
2024-25,203084,Harrison Barnes,Harrison,1610612759,SAS,San Antonio Spurs,0022400015,2024-11-15T00:00:00,SAS vs. LAL,L,27.2,2.6,4.0,0.667,1.3,1.3,1.0,4.0,5.3,0.75,1.3,4.0,5.3,0.0,0.0,1.3,0.0,0.0,1.3,2.6,10.6,18.5,20.9,0,0,19.9,1,13222,1,13222,10190,20189,24105,3281,12758,20475,1,5742,5472,8186,11077,13810,14051,19908,16469,9327,8263,8846,17936,10481,17568,4400,20730,2246,150,20944,1,27:12
2024-25,203458,Alex Len,Alex,1610612758,SAC,Sacramento Kings,0022400020,2024-11-15T00:00:00,SAC vs. MIN,L,8.55,4.2,8.4,0.5,0.0,4.2,0.0,0.0,0.0,0.0,0.0,4.2,4.2,0.0,0.0,0.0,0.0,0.0,8.4,0.0,8.4,-58.9,13.5,0,0,12.6,1,13222,1,13222,22616,16562,19608,8526,15070,15094,15070,13505,14344,13505,14058,13081,16772,19908,16469,12854,8263,8846,1176,17725,19578,25658,23640,2246,150,23827,1,8:33
2024-25,1628997,Caleb Martin,Caleb,1610612755,PHI,Philadelphia 76ers,0022400010,2024-11-15T00:00:00,PHI @ ORL,L,33.43333333333333,1.1,3.2,0.333,1.1,1.1,1.0,0.0,0.0,0.0,1.1,4.3,5.4,1.1,4.3,0.0,0.0,0.0,4.3,1.1,3.2,-9.7,7.0,0,0,10.8,1,13222,1,13222,4782,22588,24414,17395,14086,20770,1,13505,14344,13505,12661,12778,13848,19425,3310,12854,8263,8846,6264,17017,22875,17756,24822,2246,150,24274,1,33:26
2024-25,201935,James Harden,James,1610612746,LAC,LA Clippers,0022400016,2024-11-15T00:00:00,LAC @ HOU,L,30.583333333333332,8.2,16.5,0.5,3.5,10.6,0.333,4.7,4.7,1.0,0.0,7.1,7.1,2.4,5.9,0.0,1.2,0.0,3.5,5.9,24.7,-20.0,34.4,0,0,40.0,1,13222,1,13222,7243,6113,6455,8526,5078,2879,9209,4500,6464,1,14058,6250,10030,15038,1472,12854,6315,8846,8658,2770,4357,21555,11537,2246,150,6767,1,30:35
2024-25,1642276,Kel'el Ware,Kel'el,1610612748,MIA,Miami Heat,0022400009,2024-11-15T00:00:00,MIA @ IND,W,3.658333333333333,0.0,9.8,0.0,0.0,9.8,0.0,0.0,0.0,0.0,0.0,9.8,9.8,0.0,0.0,0.0,0.0,0.0,0.0,0.0,0.0,-49.2,11.8,0,0,9.8,1,1,13086,1,24648,22635,17332,22635,15070,3675,15070,13505,14344,13505,14058,2696,5617,19908,16469,12854,8263,8846,20257,17725,23200,25377,24061,2246,150,24458,1,3:40
2024-25,1628988,Aaron Holiday,Aaron,1610612745,HOU,Houston Rockets,0022400016,2024-11-15T00:00:00,HOU vs. LAC,W,8.933333333333334,8.1,12.1,0.667,8.1,12.1,0.667,0.0,0.0,0.0,0.0,4.0,4.0,4.0,0.0,0.0,0.0,0.0,0.0,0.0,24.2,-36.3,35.1,0,0,40.3,1,1,13086,1,22477,6507,13434,3281,446,1737,1957,13505,14344,13505,14058,13625,17241,9866,16469,12854,8263,8846,20257,17725,4689,24549,11014,2246,150,6605,1,8:56
2024-25,1630595,Cade Cunningham,Cade,1610612765,DET,Detroit Pistons,0022400011,2024-11-15T00:00:00,DET @ TOR,W,36.46666666666667,5.9,20.7,0.286,2.0,8.9,0.222,1.0,2.0,0.5,2.0,3.9,5.9,9.9,3.9,1.0,0.0,1.0,2.0,1.0,14.8,-9.9,35.7,1,0,34.6,1,1,13086,1,2359,11737,2499,19630,10268,4986,13288,13271,12792,10625,8506,13881,12471,1499,3973,12063,8263,8032,15279,17437,13109,17828,10553,1,150,10407,1,36:28
2024-25,1642347,Jamal Shead,Jamal,1610612761,TOR,Toronto Raptors,0022400011,2024-11-15T00:00:00,TOR vs. DET,L,10.466666666666667,6.9,13.8,0.5,0.0,3.4,0.0,0.0,0.0,0.0,0.0,3.4,3.4,3.4,0.0,0.0,0.0,3.4,6.9,0.0,13.8,-58.5,23.0,0,0,20.6,1,13222,1,13222,21929,9213,10554,8526,15070,16791,15070,13505,14344,13505,14058,15409,18687,11580,16469,12854,8263,965,2078,17725,14212,25646,19534,2246,150,20495,1,10:28
2024-25,1642258,Zaccharie Risacher,Zaccharie,1610612737,ATL,Atlanta Hawks,0022400012,2024-11-15T00:00:00,ATL vs. WAS,W,27.241666666666667,5.3,15.9,0.333,0.0,5.3,0.0,4.0,5.3,0.75,0.0,2.6,2.6,2.6,1.3,0.0,0.0,1.3,1.3,4.0,14.5,9.3,20.4,0,0,19.8,1,1,13086,1,10155,13579,7332,17395,15070,12507,15070,5759,5487,8186,14058,17844,20559,14076,13706,12854,8263,5545,17949,6416,13367,8066,21002,2246,150,20960,1,27:15
2024-25,201569,Eric Gordon,Eric,1610612755,PHI,Philadelphia 76ers,0022400010,2024-11-15T00:00:00,PHI @ ORL,L,15.883333333333333,2.3,9.1,0.25,0.0,4.5,0.0,0.0,0.0,0.0,0.0,4.5,4.5,2.3,2.3,2.3,2.3,0.0,2.3,2.3,4.5,-11.3,24.7,0,0,20.4,1,13222,1,13222,19006,20916,18622,20233,15070,14352,15070,13505,14344,13505,14058,12169,15964,15357,9228,5157,2808,8846,13795,11870,22280,18448,18486,2246,150,20627,1,15:53
2024-25,202066,Garrett Temple,Garrett,1610612761,TOR,Toronto Raptors,0022400011,2024-11-15T00:00:00,TOR vs. DET,L,2.1333333333333333,0.0,0.0,0.0,0.0,0.0,0.0,0.0,0.0,0.0,0.0,0.0,0.0,0.0,16.9,0.0,0.0,0.0,16.9,0.0,0.0,33.8,-16.9,0,0,0.0,1,13222,1,13222,25401,22635,24836,22635,15070,20945,15070,13505,14344,13505,14058,22137,23286,19908,86,12854,8263,8846,180,17725,23200,1533,26265,2246,150,25259,1,2:08
2024-25,1642278,Tyler Kolek,Tyler,1610612752,NYK,New York Knicks,0022400014,2024-11-15T00:00:00,NYK vs. BKN,W,6.826666666666667,0.0,15.8,0.0,0.0,15.8,0.0,0.0,0.0,0.0,0.0,10.5,10.5,0.0,0.0,0.0,0.0,0.0,5.3,0.0,0.0,-26.4,12.7,0,0,10.5,1,1,13086,1,23242,22635,7393,22635,15070,548,15070,13505,14344,13505,14058,2192,4865,19908,16469,12854,8263,8846,4072,17725,23200,23104,23854,2246,150,24324,1,6:50
2024-25,1628969,Mikal Bridges,Mikal,1610612752,NYK,New York Knicks,0022400014,2024-11-15T00:00:00,NYK vs. BKN,W,41.17333333333333,7.9,14.9,0.529,3.5,6.1,0.571,0.0,0.0,0.0,1.7,2.6,4.4,3.5,0.9,0.9,0.9,0.9,0.0,0.9,19.2,6.1,34.1,0,0,34.1,1,1,13086,1,344,6913,8800,8281,5156,10386,3506,13505,14344,13505,9421,17889,16356,11399,16390,12747,8154,8730,20257,17691,8616,9560,11728,2246,150,10778,1,41:10
2024-25,1630583,Santi Aldama,Santi,1610612763,MEM,Memphis Grizzlies,0022400019,2024-11-15T00:00:00,MEM @ GSW,L,15.983333333333333,4.5,18.0,0.25,0.0,6.8,0.0,0.0,0.0,0.0,4.5,2.3,6.8,0.0,0.0,0.0,2.3,2.3,2.3,0.0,9.0,-22.5,23.9,0,0,20.3,1,13222,1,13222,18936,15767,4646,20233,15070,8996,15070,13505,14344,13505,2917,18912,10616,19908,16469,12854,2835,2544,13867,17725,19069,22225,19038,2246,150,20711,1,15:59
2024-25,1629162,Jordan McLaughlin,Jordan,1610612758,SAC,Sacramento Kings,0022400020,2024-11-15T00:00:00,SAC vs. MIN,L,16.666666666666668,2.2,8.6,0.25,0.0,2.2,0.0,6.5,8.6,0.75,2.2,4.3,6.5,2.2,0.0,0.0,0.0,0.0,2.2,6.5,10.8,19.4,21.8,0,0,19.4,1,13222,1,13222,18490,21117,19287,20233,15070,19240,15070,2419,2098,8186,7720,12744,11219,15766,16469,12854,8263,8846,14298,2104,17375,4128,20251,2246,150,21186,1,16:40
2024-25,204060,Joe Ingles,Joe,1610612750,MIN,Minnesota Timberwolves,0022400020,2024-11-15T00:00:00,MIN @ SAC,W,0.03333333333333333,0.0,0.0,0.0,0.0,0.0,0.0,0.0,0.0,0.0,0.0,0.0,0.0,0.0,0.0,0.0,0.0,0.0,0.0,0.0,0.0,0.0,0.0,0,0,0.0,1,1,13086,1,26292,22635,24836,22635,15070,20945,15070,13505,14344,13505,14058,22137,23286,19908,16469,12854,8263,8846,20257,17725,23200,12240,25228,2246,150,25259,1,0:02
2024-25,1641816,Hunter Tyson,Hunter,1610612743,DEN,Denver Nuggets,0022400017,2024-11-15T00:00:00,DEN @ NOP,L,2.48,0.0,29.0,0.0,0.0,29.0,0.0,0.0,0.0,0.0,0.0,0.0,0.0,0.0,0.0,0.0,0.0,0.0,0.0,0.0,0.0,-101.6,0.0,0,0,0.0,1,13222,1,13222,25223,22635,327,22635,15070,75,15070,13505,14344,13505,14058,22137,23286,19908,16469,12854,8263,8846,20257,17725,23200,26154,25228,2246,150,25259,1,2:29
2024-25,1642265,Rob Dillingham,Rob,1610612750,MIN,Minnesota Timberwolves,0022400020,2024-11-15T00:00:00,MIN @ SAC,W,3.25,0.0,0.0,0.0,0.0,0.0,0.0,0.0,0.0,0.0,0.0,0.0,0.0,0.0,0.0,0.0,0.0,0.0,0.0,0.0,0.0,-22.2,0.0,0,0,0.0,1,1,13086,1,24867,22635,24836,22635,15070,20945,15070,13505,14344,13505,14058,22137,23286,19908,16469,12854,8263,8846,20257,17725,23200,22113,25228,2246,150,25259,1,3:15
2024-25,1641854,Craig Porter Jr.,Craig,1610612739,CLE,Cleveland Cavaliers,0022400013,2024-11-15T00:00:00,CLE vs. CHI,W,5.616666666666666,0.0,6.4,0.0,0.0,0.0,0.0,0.0,0.0,0.0,0.0,6.4,6.4,6.4,0.0,0.0,0.0,0.0,6.4,0.0,0.0,-32.0,17.3,0,0,12.8,1,1,13086,1,23734,22635,22191,22635,15070,20945,15070,13505,14344,13505,14058,7486,11368,4840,16469,12854,8263,8846,2476,17725,23200,24036,22371,2246,150,23769,1,5:37
2024-25,203500,Steven Adams,Steven,1610612745,HOU,Houston Rockets,0022400016,2024-11-15T00:00:00,HOU vs. LAC,W,6.95,0.0,0.0,0.0,0.0,0.0,0.0,0.0,0.0,0.0,0.0,0.0,0.0,0.0,5.2,5.2,0.0,0.0,5.2,0.0,0.0,-51.8,10.4,0,0,10.4,1,1,13086,1,23197,22635,24836,22635,15070,20945,15070,13505,14344,13505,14058,22137,23286,19908,2135,794,8263,8846,4229,17725,23200,25462,24355,2246,150,24361,1,6:57
2024-25,1631104,Blake Wesley,Blake,1610612759,SAS,San Antonio Spurs,0022400015,2024-11-15T00:00:00,SAS vs. LAL,L,8.45,0.0,17.0,0.0,0.0,8.5,0.0,0.0,0.0,0.0,0.0,0.0,0.0,4.3,0.0,0.0,4.3,4.3,4.3,0.0,0.0,-68.2,19.2,0,0,12.8,1,13222,1,13222,22644,22635,5754,22635,15070,5550,15070,13505,14344,13505,14058,22137,23286,9226,16469,12854,785,562,6399,17725,23200,25850,21564,2246,150,23781,1,8:27
2024-25,1629026,Kenrich Williams,Kenrich,1610612760,OKC,Oklahoma City Thunder,0022400018,2024-11-15T00:00:00,OKC vs. PHX,W,15.15,2.4,9.5,0.25,0.0,7.1,0.0,0.0,0.0,0.0,2.4,11.9,14.3,2.4,2.4,2.4,7.1,0.0,7.1,0.0,4.8,4.8,51.6,0,0,40.4,1,1,13086,1,19468,20712,17940,20233,15070,8191,15070,13505,14344,13505,6997,1425,2120,14959,8743,4775,194,8846,1870,17725,22155,10254,2820,2246,150,6548,1,15:09
2024-25,1627736,Malik Beasley,Malik,1610612765,DET,Detroit Pistons,0022400011,2024-11-15T00:00:00,DET @ TOR,W,30.43166666666667,9.5,17.7,0.533,4.7,10.6,0.444,0.0,0.0,0.0,0.0,3.5,3.5,0.0,0.0,1.2,0.0,0.0,2.4,1.2,23.7,-8.3,31.5,0,0,34.3,1,1,13086,1,7388,3933,4958,8140,2673,2833,7211,13505,14344,13505,14058,15087,18449,19908,16469,10322,8263,8846,13367,16492,5012,17085,13695,2246,150,10610,1,30:26
2024-25,1631105,Jalen Duren,Jalen,1610612765,DET,Detroit Pistons,0022400011,2024-11-15T00:00:00,DET @ TOR,W,24.30666666666667,7.4,8.9,0.833,0.0,0.0,0.0,3.0,5.9,0.5,3.0,8.9,11.8,1.5,1.5,0.0,1.5,1.5,7.4,3.0,17.8,-8.9,37.2,0,0,34.1,1,1,13086,1,12646,8000,18890,1514,15070,20945,15070,7917,4583,10625,5433,3624,3618,18051,12844,12854,4918,4841,1708,9389,10062,17376,9560,2246,150,10799,1,24:18
2024-25,1630604,E.J. Liddell,E.J.,1610612741,CHI,Chicago Bulls,0022400013,2024-11-15T00:00:00,CHI @ CLE,L,0.7783333333333333,0.0,0.0,0.0,0.0,0.0,0.0,0.0,0.0,0.0,0.0,0.0,0.0,0.0,0.0,0.0,0.0,0.0,0.0,0.0,0.0,-138.8,0.0,0,0,0.0,1,13222,1,13222,26137,22635,24836,22635,15070,20945,15070,13505,14344,13505,14058,22137,23286,19908,16469,12854,8263,8846,20257,17725,23200,26251,25228,2246,150,25259,1,0:47
2024-25,1641779,Jalen Bridges,Jalen,1610612756,PHX,Phoenix Suns,0022400018,2024-11-15T00:00:00,PHX @ OKC,L,5.183333333333334,0.0,0.0,0.0,0.0,0.0,0.0,0.0,0.0,0.0,0.0,0.0,0.0,0.0,6.9,0.0,0.0,0.0,0.0,0.0,0.0,55.6,-6.9,0,0,0.0,1,13222,1,13222,23915,22635,24836,22635,15070,20945,15070,13505,14344,13505,14058,22137,23286,19908,912,12854,8263,8846,20257,17725,23200,428,26192,2246,150,25259,1,5:11
2024-25,1629098,Jack McVeigh,Jack,1610612745,HOU,Houston Rockets,0022400016,2024-11-15T00:00:00,HOU vs. LAC,W,2.5166666666666666,0.0,0.0,0.0,0.0,0.0,0.0,0.0,0.0,0.0,0.0,0.0,0.0,0.0,0.0,0.0,0.0,0.0,14.3,0.0,0.0,-57.2,0.0,0,0,0.0,1,1,13086,1,25203,22635,24836,22635,15070,20945,15070,13505,14344,13505,14058,22137,23286,19908,16469,12854,8263,8846,271,17725,23200,25611,25228,2246,150,25259,1,2:31
2024-25,1630572,Sandro Mamukelashvili,Sandro,1610612759,SAS,San Antonio Spurs,0022400015,2024-11-15T00:00:00,SAS vs. LAL,L,6.416666666666667,0.0,0.0,0.0,0.0,0.0,0.0,0.0,0.0,0.0,5.6,5.6,11.2,0.0,5.6,0.0,0.0,0.0,5.6,0.0,0.0,-33.7,7.9,0,0,11.2,1,13222,1,13222,23402,22635,24836,22635,15070,20945,15070,13505,14344,13505,1870,9280,4220,19908,1715,12854,8263,8846,3530,17725,23200,24254,24718,2246,150,24172,1,6:25
2024-25,203944,Julius Randle,Julius,1610612750,MIN,Minnesota Timberwolves,0022400020,2024-11-15T00:00:00,MIN @ SAC,W,41.266666666666666,7.0,17.4,0.4,1.7,6.1,0.286,7.0,7.0,1.0,0.9,2.6,3.5,4.4,3.5,0.9,0.0,1.7,0.9,3.5,22.7,14.8,32.5,0,0,34.0,1,1,13086,1,330,8980,5304,14933,11267,10425,11433,2017,3382,1,13967,17909,18576,8979,5034,12752,8263,4036,20195,7689,5719,5694,12922,2246,150,10831,1,41:16
2024-25,1642263,Reed Sheppard,Reed,1610612745,HOU,Houston Rockets,0022400016,2024-11-15T00:00:00,HOU vs. LAC,W,11.566666666666666,0.0,15.6,0.0,0.0,12.4,0.0,0.0,0.0,0.0,0.0,0.0,0.0,6.2,0.0,3.1,0.0,3.1,6.2,0.0,0.0,-49.8,18.7,0,0,12.4,1,1,13086,1,21464,22635,7743,22635,15070,1551,15070,13505,14344,13505,14058,22137,23286,5117,16469,2910,8263,1226,2680,17725,23200,25390,21808,2246,150,23883,1,11:34
2024-25,1629629,Cam Reddish,Cam,1610612747,LAL,Los Angeles Lakers,0022400015,2024-11-15T00:00:00,LAL @ SAS,W,18.966666666666665,0.0,5.7,0.0,0.0,3.8,0.0,0.0,0.0,0.0,0.0,0.0,0.0,0.0,0.0,0.0,0.0,0.0,5.7,0.0,0.0,-30.4,0.0,0,0,0.0,1,1,13086,1,16851,22635,22906,22635,15070,16002,15070,13505,14344,13505,14058,22137,23286,19908,16469,12854,8263,8846,3397,17725,23200,23794,25228,2246,150,25259,1,18:58
2024-25,1629659,Talen Horton-Tucker,Talen,1610612741,CHI,Chicago Bulls,0022400013,2024-11-15T00:00:00,CHI @ CLE,L,0.7783333333333333,0.0,0.0,0.0,0.0,0.0,0.0,0.0,0.0,0.0,0.0,0.0,0.0,0.0,0.0,0.0,0.0,0.0,0.0,0.0,0.0,-138.8,0.0,0,0,0.0,1,13222,1,13222,26137,22635,24836,22635,15070,20945,15070,13505,14344,13505,14058,22137,23286,19908,16469,12854,8263,8846,20257,17725,23200,26251,25228,2246,150,25259,1,0:47
2024-25,1626156,D'Angelo Russell,D'Angelo,1610612747,LAL,Los Angeles Lakers,0022400015,2024-11-15T00:00:00,LAL @ SAS,W,29.898333333333333,6.0,13.2,0.455,2.4,3.6,0.667,1.2,1.2,1.0,0.0,2.4,2.4,7.2,1.2,3.6,0.0,1.2,1.2,1.2,15.7,15.7,39.0,0,0,34.9,1,1,13086,1,7882,11450,11405,12676,8460,16409,1957,12571,13877,1,14058,18459,20993,3722,14407,2079,8263,6223,18513,16380,12262,5366,8395,2246,150,10157,1,29:54
2024-25,1630175,Cole Anthony,Cole,1610612753,ORL,Orlando Magic,0022400010,2024-11-15T00:00:00,ORL vs. PHI,W,4.316666666666666,0.0,16.7,0.0,0.0,8.3,0.0,0.0,0.0,0.0,0.0,0.0,0.0,0.0,8.3,0.0,0.0,0.0,8.3,8.3,0.0,-66.7,-8.3,0,0,0.0,1,1,13086,1,24318,22635,6204,22635,15070,5844,15070,13505,14344,13505,14058,22137,23286,19908,527,12854,8263,8846,1205,876,23200,25829,26206,2246,150,25259,1,4:19
2024-25,1629111,Jock Landale,Jock,1610612745,HOU,Houston Rockets,0022400016,2024-11-15T00:00:00,HOU vs. LAC,W,2.5166666666666666,0.0,0.0,0.0,0.0,0.0,0.0,0.0,0.0,0.0,0.0,0.0,0.0,0.0,0.0,0.0,0.0,0.0,0.0,0.0,0.0,-57.2,0.0,0,0,0.0,1,1,13086,1,25203,22635,24836,22635,15070,20945,15070,13505,14344,13505,14058,22137,23286,19908,16469,12854,8263,8846,20257,17725,23200,25611,25228,2246,150,25259,1,2:31
2024-25,1627884,Derrick Jones Jr.,Derrick,1610612746,LAC,LA Clippers,0022400016,2024-11-15T00:00:00,LAC @ HOU,L,23.133333333333333,0.0,10.9,0.0,0.0,4.7,0.0,3.1,3.1,1.0,4.7,6.2,10.9,0.0,1.6,3.1,0.0,1.6,0.0,1.6,3.1,-31.1,24.0,0,0,20.2,1,13222,1,13222,13610,22635,15543,22635,15070,14039,15070,7511,9687,1,2726,7836,4506,19908,12520,2910,8263,4566,20257,14773,22919,23912,18978,2246,150,20735,1,23:08
2024-25,1629008,Michael Porter Jr.,Michael,1610612743,DEN,Denver Nuggets,0022400017,2024-11-15T00:00:00,DEN @ NOP,L,38.833333333333336,9.3,16.7,0.556,3.7,6.5,0.571,0.0,0.0,0.0,0.9,4.6,5.6,2.8,0.0,0.0,0.0,0.9,2.8,0.9,22.2,0.9,33.1,0,0,34.3,1,13222,1,13222,945,4258,6195,7248,4686,9570,3506,13505,14344,13505,13792,11899,13388,13645,16469,12854,8263,8518,11724,17608,6046,12202,12518,2246,150,10615,1,38:50
2024-25,1630171,Isaac Okoro,Isaac,1610612739,CLE,Cleveland Cavaliers,0022400013,2024-11-15T00:00:00,CLE vs. CHI,W,26.073333333333334,2.8,5.5,0.5,0.0,2.8,0.0,0.0,0.0,0.0,0.0,1.4,1.4,4.1,0.0,2.8,1.4,0.0,2.8,1.4,5.5,4.1,25.8,0,0,19.3,1,1,13086,1,11109,19958,23072,8526,15070,18139,15070,13505,14344,13505,14058,21125,22720,9540,16469,3777,5311,8846,11794,15527,21717,10574,17731,2246,150,21238,1,26:04
2024-25,202696,Nikola Vučević,Nikola,1610612741,CHI,Chicago Bulls,0022400013,2024-11-15T00:00:00,CHI @ CLE,L,32.971666666666664,12.0,17.5,0.688,2.2,4.4,0.5,1.1,1.1,1.0,0.0,8.7,8.7,2.2,2.2,0.0,0.0,0.0,1.1,3.3,27.3,-14.2,38.9,0,0,40.4,1,13222,1,13222,5174,1512,5276,3227,9301,14766,3944,12927,14052,1,14058,3794,7122,15685,9579,12854,8263,8846,19149,8325,3068,19582,8495,2246,150,6547,1,32:58
2024-25,1627777,Georges Niang,Georges,1610612739,CLE,Cleveland Cavaliers,0022400013,2024-11-15T00:00:00,CLE vs. CHI,W,24.846666666666668,7.2,11.6,0.625,5.8,10.1,0.571,0.0,0.0,0.0,0.0,11.6,11.6,0.0,1.4,1.4,0.0,0.0,4.3,0.0,20.3,10.1,37.1,0,0,40.6,1,1,13086,1,12142,8350,14324,4899,1482,3336,3506,13505,14344,13505,14058,1567,3857,19908,13014,8642,8263,8846,6150,17725,7670,7623,9635,2246,150,6466,1,24:51
2024-25,1629652,Luguentz Dort,Luguentz,1610612760,OKC,Oklahoma City Thunder,0022400018,2024-11-15T00:00:00,OKC vs. PHX,W,31.6,5.7,12.5,0.455,2.3,8.0,0.286,3.4,3.4,1.0,3.4,6.8,10.3,2.3,1.1,0.0,1.1,0.0,1.1,5.7,17.1,26.2,35.1,0,0,34.2,1,1,13086,1,6334,12429,12684,12676,8930,6485,11433,6855,9049,1,4503,6642,5175,15307,14874,12854,6544,8846,18866,3036,10753,2583,10998,2246,150,10715,1,31:36
2024-25,1642345,Oso Ighodaro,Oso,1610612756,PHX,Phoenix Suns,0022400018,2024-11-15T00:00:00,PHX @ OKC,L,27.35,1.3,2.6,0.5,0.0,0.0,0.0,5.3,5.3,1.0,1.3,7.9,9.2,2.6,1.3,0.0,1.3,0.0,6.6,2.6,7.9,-3.9,25.5,0,0,22.4,1,13222,1,13222,10062,22385,24605,8526,15070,20945,15070,3695,5509,1,11121,4865,6422,14106,13733,12854,5581,8846,2337,10538,19998,15040,17918,2246,150,19438,1,27:21
2024-25,1629130,Duncan Robinson,Duncan,1610612748,MIA,Miami Heat,0022400009,2024-11-15T00:00:00,MIA @ IND,W,23.333333333333332,3.1,13.9,0.222,3.1,13.9,0.222,3.1,3.1,1.0,0.0,1.5,1.5,3.1,0.0,1.5,0.0,0.0,3.1,4.6,12.3,12.3,23.5,0,0,23.1,1,1,13086,1,13435,19237,10365,21205,6253,958,13288,7580,9753,1,14058,20790,22519,12646,16469,8227,8263,8846,10325,4879,15764,6661,19284,2246,150,18899,1,23:20
2024-25,1629639,Tyler Herro,Tyler,1610612748,MIA,Miami Heat,0022400009,2024-11-15T00:00:00,MIA @ IND,W,34.125,6.3,16.9,0.375,2.1,9.5,0.222,6.3,6.3,1.0,1.1,2.1,3.2,5.3,4.2,0.0,0.0,2.1,0.0,2.1,21.1,2.1,28.6,0,0,31.6,1,1,13086,1,4151,10620,5939,16299,9642,4115,13288,2559,4090,1,12840,19335,19325,6880,3470,12854,8263,2896,20257,12569,7005,11564,15803,2246,150,12669,1,34:08
2024-25,1641708,Amen Thompson,Amen,1610612745,HOU,Houston Rockets,0022400016,2024-11-15T00:00:00,HOU vs. LAC,W,25.2,7.1,12.9,0.556,0.0,0.0,0.0,2.9,5.7,0.5,1.4,5.7,7.1,4.3,1.4,1.4,0.0,0.0,1.4,5.7,17.1,10.0,35.0,0,0,31.4,1,1,13086,1,11832,8597,12107,7248,15070,20945,15070,8193,4872,10625,10634,9007,9870,9167,13117,8760,8263,8846,17513,3015,10684,7697,11054,2246,150,12831,1,25:12
2024-25,1630172,Patrick Williams,Patrick,1610612741,CHI,Chicago Bulls,0022400013,2024-11-15T00:00:00,CHI @ CLE,L,34.35166666666667,5.2,7.3,0.714,4.2,5.2,0.8,3.1,4.2,0.75,1.0,2.1,3.1,9.4,3.1,1.0,1.0,0.0,1.0,3.1,17.8,-4.2,38.9,0,0,38.8,1,13222,1,13222,3962,13697,21159,2752,3584,12616,1389,7454,7428,8186,12895,19373,19393,1739,6007,11517,7151,8846,19423,8751,10012,15175,8490,2246,150,7532,1,34:21
2024-25,1641998,Trey Jemison III,Trey,1610612740,NOP,New Orleans Pelicans,0022400017,2024-11-15T00:00:00,NOP vs. DEN,W,14.783333333333333,4.9,7.3,0.667,0.0,0.0,0.0,4.9,4.9,1.0,4.9,2.4,7.3,2.4,2.4,0.0,2.4,0.0,9.7,2.4,14.6,12.2,31.9,0,0,29.2,1,1,13086,1,19717,14742,21199,3281,15070,20945,15070,4237,6168,1,2484,18372,9562,14754,8504,12854,2494,8846,757,11207,13282,6723,13402,2246,150,14533,1,14:47
2024-25,203994,Jusuf Nurkić,Jusuf,1610612756,PHX,Phoenix Suns,0022400018,2024-11-15T00:00:00,PHX @ OKC,L,29.213333333333335,0.0,8.6,0.0,0.0,3.7,0.0,4.9,9.9,0.5,3.7,6.2,9.9,0.0,2.5,0.0,0.0,2.5,4.9,6.2,4.9,-12.3,14.3,0,0,14.8,1,13222,1,13222,8488,22635,19317,22635,15070,16226,15070,4150,1427,10625,4043,7987,5593,19908,8389,12854,8263,2100,4777,2436,22047,18867,23404,2246,150,23141,1,29:13
2024-25,1631128,Christian Braun,Christian,1610612743,DEN,Denver Nuggets,0022400017,2024-11-15T00:00:00,DEN @ NOP,L,37.18666666666667,6.8,11.6,0.583,0.0,1.9,0.0,1.0,1.0,1.0,1.0,2.9,3.9,2.9,1.0,4.8,0.0,0.0,2.9,1.0,14.5,-10.6,37.1,0,0,31.0,1,13222,1,13222,1866,9481,14277,6296,15070,19670,15070,13332,14263,1,13515,17074,17650,13264,16045,995,8263,8846,11174,17494,13385,18161,9646,2246,150,13183,1,37:11
2024-25,203897,Zach LaVine,Zach,1610612741,CHI,Chicago Bulls,0022400013,2024-11-15T00:00:00,CHI @ CLE,L,37.12166666666667,3.9,15.5,0.25,0.0,2.9,0.0,0.0,0.0,0.0,0.0,3.9,3.9,8.7,1.0,0.0,1.0,1.0,4.8,1.0,7.8,-4.8,27.4,0,0,22.3,1,13222,1,13222,1906,17381,7802,20233,15070,17848,15070,13505,14344,13505,14058,14097,17629,2247,16031,12854,7694,8188,4956,17489,20121,15499,16631,2246,150,19487,1,37:07
2024-25,1630198,Isaiah Joe,Isaiah,1610612760,OKC,Oklahoma City Thunder,0022400018,2024-11-15T00:00:00,OKC vs. PHX,W,21.966666666666665,6.6,13.1,0.5,3.3,9.8,0.333,1.6,1.6,1.0,0.0,8.2,8.2,3.3,0.0,0.0,3.3,0.0,3.3,6.6,18.0,18.0,42.6,0,0,39.3,1,1,13086,1,14528,10047,11656,8526,5735,3683,9209,11527,13354,1,14058,4430,7940,12054,16469,12854,1412,8846,9530,2028,9810,4550,6303,2246,150,7173,1,21:58
2024-25,1627824,Guerschon Yabusele,Guerschon,1610612755,PHI,Philadelphia 76ers,0022400010,2024-11-15T00:00:00,PHI @ ORL,L,24.416666666666668,2.9,5.9,0.5,0.0,1.5,0.0,0.0,0.0,0.0,0.0,2.9,2.9,1.5,0.0,0.0,1.5,0.0,4.4,1.5,5.9,-19.2,16.1,0,0,13.3,1,13222,1,13222,12550,19534,22712,8526,15070,20296,15070,13505,14344,13505,14058,16892,19854,18076,16469,12854,4947,8846,5962,15110,21457,21293,22826,2246,150,23628,1,24:25
2024-25,203110,Draymond Green,Draymond,1610612744,GSW,Golden State Warriors,0022400019,2024-11-15T00:00:00,GSW vs. MEM,W,30.25,6.0,13.1,0.455,3.6,8.3,0.429,0.0,0.0,0.0,0.0,9.5,9.5,8.3,1.2,1.2,0.0,1.2,3.6,4.8,15.5,7.1,41.8,0,0,39.3,1,1,13086,1,7548,11661,11682,12676,4979,5865,7394,13505,14344,13505,14058,2985,6030,2579,14514,10259,8263,6334,8521,4590,12444,9071,6738,2246,150,7211,1,30:15
2024-25,1629731,Dean Wade,Dean,1610612739,CLE,Cleveland Cavaliers,0022400013,2024-11-15T00:00:00,CLE vs. CHI,W,28.833333333333332,1.2,6.2,0.2,1.2,6.2,0.2,2.5,2.5,1.0,1.2,2.5,3.7,1.2,1.2,3.7,1.2,0.0,1.2,1.2,6.2,25.0,26.3,0,0,22.5,1,1,13086,1,8818,22452,22375,21401,13106,10096,13429,9054,11214,1,11490,18193,17944,18848,14107,1914,5904,8846,18280,16138,21215,2824,17391,2246,150,19379,1,28:50
2024-25,1629661,Cameron Johnson,Cameron,1610612751,BKN,Brooklyn Nets,0022400014,2024-11-15T00:00:00,BKN @ NYK,L,36.266666666666666,3.0,9.9,0.3,1.0,5.0,0.2,9.9,9.9,1.0,2.0,3.0,5.0,3.0,0.0,2.0,0.0,0.0,1.0,4.0,16.9,4.0,33.3,0,0,29.8,1,13222,1,13222,2491,19478,17195,19363,14588,13290,13429,717,1400,1,8450,16809,14894,13005,16469,6319,8263,8846,19753,6388,10983,10668,12386,2246,150,14117,1,36:16
2024-25,1628420,Monté Morris,Monté,1610612756,PHX,Phoenix Suns,0022400018,2024-11-15T00:00:00,PHX @ OKC,L,19.496666666666666,3.7,12.9,0.286,1.8,5.5,0.333,7.4,7.4,1.0,0.0,5.5,5.5,1.8,1.8,0.0,1.8,0.0,0.0,3.7,16.6,-12.9,29.7,0,0,29.5,1,13222,1,13222,16428,17859,11989,19630,10890,11869,9209,1745,3008,1,14058,9428,13444,16943,11336,12854,3937,8846,20257,7147,11254,19098,15005,2246,150,14293,1,19:30
2024-25,1641711,Gradey Dick,Gradey,1610612761,TOR,Toronto Raptors,0022400011,2024-11-15T00:00:00,TOR vs. DET,L,35.21666666666667,4.1,17.4,0.235,1.0,10.2,0.1,7.2,7.2,1.0,0.0,5.1,5.1,0.0,3.1,0.0,0.0,0.0,1.0,4.1,16.4,13.3,19.4,0,0,22.5,1,13222,1,13222,3299,16868,5370,21144,14408,3247,15047,1902,3218,1,14058,10529,14490,19908,6238,12854,8263,8846,19560,6076,11547,6262,21442,2246,150,19372,1,35:13
2024-25,1641737,Adem Bona,Adem,1610612755,PHI,Philadelphia 76ers,0022400010,2024-11-15T00:00:00,PHI @ ORL,L,1.2166666666666666,0.0,0.0,0.0,0.0,0.0,0.0,0.0,0.0,0.0,0.0,29.6,29.6,0.0,0.0,0.0,0.0,0.0,0.0,0.0,0.0,29.6,35.5,0,0,29.6,1,13222,1,13222,25950,22635,24836,22635,15070,20945,15070,13505,14344,13505,14058,37,88,19908,16469,12854,8263,8846,20257,17725,23200,2019,10718,2246,150,14247,1,1:13
2024-25,1631102,TyTy Washington Jr.,TyTy,1610612756,PHX,Phoenix Suns,0022400018,2024-11-15T00:00:00,PHX @ OKC,L,7.016666666666667,0.0,0.0,0.0,0.0,0.0,0.0,0.0,0.0,0.0,0.0,0.0,0.0,5.1,0.0,5.1,0.0,0.0,0.0,0.0,0.0,51.3,23.1,0,0,15.4,1,13222,1,13222,23162,22635,24836,22635,15070,20945,15070,13505,14344,13505,14058,22137,23286,7172,16469,818,8263,8846,20257,17725,23200,528,19508,2246,150,22918,1,7:01
2024-25,202709,Cory Joseph,Cory,1610612753,ORL,Orlando Magic,0022400010,2024-11-15T00:00:00,ORL vs. PHI,W,1.2166666666666666,0.0,0.0,0.0,0.0,0.0,0.0,0.0,0.0,0.0,0.0,0.0,0.0,29.6,0.0,0.0,0.0,0.0,29.6,0.0,0.0,-29.6,44.4,0,0,29.6,1,1,13086,1,25950,22635,24836,22635,15070,20945,15070,13505,14344,13505,14058,22137,23286,22,16469,12854,8263,8846,42,17725,23200,23665,5475,2246,150,14247,1,1:13
2024-25,1631114,Jalen Williams,Jalen,1610612760,OKC,Oklahoma City Thunder,0022400018,2024-11-15T00:00:00,OKC vs. PHX,W,30.316666666666666,7.1,19.0,0.375,0.0,4.7,0.0,2.4,2.4,1.0,0.0,9.5,9.5,3.6,1.2,2.4,2.4,1.2,3.6,3.6,16.6,14.2,46.4,0,0,39.2,1,1,13086,1,7479,8645,3759,16299,15070,13841,15070,9401,11559,1,14058,3011,6065,11204,14538,4782,2602,6359,8555,7501,11248,5906,4564,2246,150,7281,1,30:19
2024-25,203991,Clint Capela,Clint,1610612737,ATL,Atlanta Hawks,0022400012,2024-11-15T00:00:00,ATL vs. WAS,W,22.05,6.5,13.1,0.5,0.0,0.0,0.0,3.3,6.5,0.5,9.8,11.4,21.2,1.6,1.6,0.0,0.0,0.0,4.9,6.5,16.3,4.9,42.6,1,0,39.2,1,1,13086,1,14461,10110,11758,8526,15070,20945,15070,7173,3851,10625,429,1682,393,17562,12207,12854,8263,8846,4839,2046,11571,10162,6300,1,150,7284,1,22:03
2024-25,1629638,Nickeil Alexander-Walker,Nickeil,1610612750,MIN,Minnesota Timberwolves,0022400020,2024-11-15T00:00:00,MIN @ SAC,W,20.543333333333333,7.0,10.5,0.667,3.5,5.3,0.667,0.0,0.0,0.0,1.8,3.5,5.3,5.3,1.8,0.0,0.0,0.0,3.5,0.0,17.5,-3.5,30.0,0,0,31.5,1,1,13086,1,15616,8909,16194,3281,5135,12575,1957,13505,14344,13505,9405,15229,14143,6921,11726,12854,8263,8846,8734,17725,10302,14801,14819,2246,150,12743,1,20:33
2024-25,1629312,Haywood Highsmith,Haywood,1610612748,MIA,Miami Heat,0022400009,2024-11-15T00:00:00,MIA @ IND,W,24.825,8.7,8.7,1.0,2.9,2.9,1.0,0.0,0.0,0.0,0.0,1.5,1.5,1.5,0.0,1.5,0.0,0.0,1.5,0.0,20.3,7.3,28.6,0,0,29.0,1,1,13086,1,12161,5266,19189,1,6869,17867,1,13505,14344,13505,14058,20990,22638,18177,16469,8632,8263,8846,17445,17725,7658,9018,15821,2246,150,14701,1,24:50
2024-25,1631216,Caleb Houstan,Caleb,1610612753,ORL,Orlando Magic,0022400010,2024-11-15T00:00:00,ORL vs. PHI,W,1.2166666666666666,0.0,29.6,0.0,0.0,29.6,0.0,0.0,0.0,0.0,0.0,29.6,29.6,0.0,0.0,0.0,0.0,0.0,0.0,0.0,0.0,-29.6,35.5,0,0,29.6,1,1,13086,1,25950,22635,291,22635,15070,68,15070,13505,14344,13505,14058,37,88,19908,16469,12854,8263,8846,20257,17725,23200,23665,10718,2246,150,14247,1,1:13
2024-25,1630191,Isaiah Stewart,Isaiah,1610612765,DET,Detroit Pistons,0022400011,2024-11-15T00:00:00,DET @ TOR,W,23.65,1.5,3.0,0.5,0.0,1.5,0.0,1.5,1.5,1.0,1.5,9.1,10.7,1.5,1.5,0.0,3.0,0.0,3.0,1.5,4.6,13.7,27.2,0,0,22.8,1,1,13086,1,13186,22144,24477,8526,15070,20248,15070,11747,13464,1,10222,3373,4758,17896,12650,12854,1636,8846,10513,14911,22252,6126,16787,2246,150,19118,1,23:39
2024-25,1626204,Larry Nance Jr.,Larry,1610612737,ATL,Atlanta Hawks,0022400012,2024-11-15T00:00:00,ATL vs. WAS,W,13.133333333333333,0.0,5.5,0.0,0.0,5.5,0.0,0.0,0.0,0.0,0.0,5.5,5.5,2.7,0.0,2.7,0.0,0.0,0.0,0.0,0.0,13.7,18.9,0,0,13.7,1,1,13086,1,20682,22635,23105,22635,15070,11995,15070,13505,14344,13505,14058,9576,13581,13785,16469,3826,8263,8846,20257,17725,23200,6124,21690,2246,150,23499,1,13:08
2024-25,1627827,Dorian Finney-Smith,Dorian,1610612751,BKN,Brooklyn Nets,0022400014,2024-11-15T00:00:00,BKN @ NYK,L,32.3,4.5,10.0,0.444,4.5,6.7,0.667,3.3,4.5,0.75,2.2,2.2,4.5,3.3,0.0,0.0,1.1,1.1,1.1,4.5,16.7,21.2,30.4,0,0,31.2,1,13222,1,13222,5727,15899,16992,13045,3134,9122,1957,7008,6918,8186,7495,18981,16151,11832,16469,12854,6697,6919,19016,5230,11146,3653,14476,2246,150,12995,1,32:18
2024-25,1642377,Jaylen Wells,Jaylen,1610612763,MEM,Memphis Grizzlies,0022400019,2024-11-15T00:00:00,MEM @ GSW,L,27.225,6.6,13.2,0.5,2.6,7.9,0.333,5.3,6.6,0.8,4.0,1.3,5.3,2.6,1.3,0.0,0.0,0.0,1.3,2.6,21.2,7.9,30.1,0,0,31.7,1,13222,1,13222,10173,9896,11444,8526,7698,6565,9209,3670,3754,7681,3640,21242,14075,14070,13704,12854,8263,8846,17942,10493,6961,8670,14700,2246,150,12597,1,27:14
2024-25,1631170,Jaime Jaquez Jr.,Jaime,1610612748,MIA,Miami Heat,0022400009,2024-11-15T00:00:00,MIA @ IND,W,25.383333333333333,5.7,8.5,0.667,0.0,1.4,0.0,2.8,5.7,0.5,0.0,4.3,4.3,7.1,1.4,2.8,0.0,0.0,2.8,2.8,14.2,4.3,37.0,0,0,31.2,1,1,13086,1,11666,12499,19475,3281,15070,20361,15070,8248,4927,10625,14058,12953,16666,3896,13182,3581,8263,8846,11476,9833,13743,10515,9686,2246,150,12998,1,25:23
2024-25,1626179,Terry Rozier,Terry,1610612748,MIA,Miami Heat,0022400009,2024-11-15T00:00:00,MIA @ IND,W,23.183333333333334,6.2,14.0,0.444,1.6,6.2,0.25,1.6,3.1,0.5,0.0,3.1,3.1,3.1,3.1,1.6,1.6,0.0,1.6,1.6,15.5,17.1,30.1,0,0,29.5,1,1,13086,1,13567,10942,10207,13045,11853,10174,11902,11688,9708,10625,14058,16391,19464,12593,6108,8183,4698,8846,17033,14790,12394,4877,14717,2246,150,14318,1,23:11
2024-25,1630224,Jalen Green,Jalen,1610612745,HOU,Houston Rockets,0022400016,2024-11-15T00:00:00,HOU vs. LAC,W,22.383333333333333,6.4,17.7,0.364,0.0,8.0,0.0,0.0,0.0,0.0,0.0,8.0,8.0,1.6,4.8,0.0,0.0,4.8,1.6,1.6,12.9,0.0,20.1,0,0,22.5,1,1,13086,1,14203,10347,5023,16861,15070,6384,15070,13505,14344,13505,14058,4646,8193,17623,2542,12854,8263,402,16838,14599,15227,12240,21111,2246,150,19343,1,22:23
2024-25,1626181,Norman Powell,Norman,1610612746,LAC,LA Clippers,0022400016,2024-11-15T00:00:00,LAC @ HOU,L,29.183333333333334,3.7,13.6,0.273,1.2,6.2,0.2,1.2,2.5,0.5,0.0,2.5,2.5,1.2,0.0,0.0,0.0,1.2,0.0,4.9,9.9,-32.1,14.7,0,0,14.8,1,13222,1,13222,8521,17828,10881,20048,13181,10274,13429,12491,11291,10625,14058,18275,20865,18900,16469,12854,8263,6034,20257,4232,18287,24044,23289,2246,150,23129,1,29:11
2024-25,1641710,Anthony Black,Anthony,1610612753,ORL,Orlando Magic,0022400010,2024-11-15T00:00:00,ORL vs. PHI,W,19.666666666666668,3.7,11.0,0.333,0.0,1.8,0.0,0.0,0.0,0.0,0.0,1.8,1.8,1.8,3.7,1.8,0.0,1.8,1.8,1.8,7.3,9.2,14.1,0,0,14.6,1,1,13086,1,16285,17938,15377,17395,15070,19865,15070,13505,14344,13505,14058,20159,22112,16995,4649,7112,8263,3799,16031,13803,20470,8113,23473,2246,150,23197,1,19:40
2024-25,1642402,Enrique Freeman,Enrique,1610612754,IND,Indiana Pacers,0022400009,2024-11-15T00:00:00,IND vs. MIA,L,13.0,0.0,5.5,0.0,0.0,2.8,0.0,5.5,5.5,1.0,0.0,5.5,5.5,2.8,0.0,0.0,0.0,0.0,8.3,5.5,5.5,33.2,16.3,0,0,13.8,1,13222,1,13222,20740,22635,23055,22635,15070,18123,15070,3375,5138,1,14058,9430,13446,13692,16469,12854,8263,8846,1224,3280,21707,1600,22726,2246,150,23460,1,13:00
2024-25,1627826,Ivica Zubac,Ivica,1610612746,LAC,LA Clippers,0022400016,2024-11-15T00:00:00,LAC @ HOU,L,29.7,2.4,8.5,0.286,0.0,0.0,0.0,2.4,2.4,1.0,3.6,9.7,13.3,0.0,2.4,0.0,1.2,0.0,4.8,2.4,7.3,-18.2,24.5,0,0,23.0,1,13222,1,13222,8039,20602,19511,19630,15070,20945,15070,9265,11412,1,4149,2824,2581,19908,8556,12854,6100,8846,4957,11252,20502,20986,18626,2246,150,18999,1,29:42
2024-25,1630590,Scotty Pippen Jr.,Scotty,1610612763,MEM,Memphis Grizzlies,0022400019,2024-11-15T00:00:00,MEM @ GSW,L,21.87,0.0,9.9,0.0,0.0,3.3,0.0,4.9,4.9,1.0,0.0,3.3,3.3,6.6,0.0,0.0,0.0,1.6,1.6,6.6,4.9,-37.9,18.8,0,0,14.8,1,13222,1,13222,14597,22635,17294,22635,15070,17088,15070,4137,6053,1,14058,15821,19012,4588,16469,12854,8263,4313,16730,2006,22039,24682,21772,2246,150,23122,1,21:52
2024-25,202699,Tobias Harris,Tobias,1610612765,DET,Detroit Pistons,0022400011,2024-11-15T00:00:00,DET @ TOR,W,27.8,6.5,16.8,0.385,1.3,5.2,0.25,0.0,0.0,0.0,2.6,11.7,14.2,3.9,2.6,0.0,0.0,1.3,5.2,0.0,14.2,6.5,34.6,1,0,33.7,1,1,13086,1,9716,10245,5996,16070,12878,12748,11902,13505,14344,13505,6372,1542,2125,10269,7916,12854,8263,5675,4229,17725,13672,9382,11396,1,150,11100,1,27:48
2024-25,1630558,Davion Mitchell,Davion,1610612761,TOR,Toronto Raptors,0022400011,2024-11-15T00:00:00,TOR vs. DET,L,32.82,2.2,9.9,0.222,1.1,2.2,0.5,0.0,0.0,0.0,1.1,5.5,6.6,5.5,2.2,3.3,0.0,1.1,1.1,1.1,5.5,9.9,29.3,0,0,25.2,1,13222,1,13222,5317,21052,17301,21205,13958,19180,3944,13505,14344,13505,12490,9571,10993,6461,9533,2581,8263,7070,19116,16923,21745,7750,15293,2246,150,17489,1,32:49
2024-25,1642419,Jamison Battle,Jamison,1610612761,TOR,Toronto Raptors,0022400011,2024-11-15T00:00:00,TOR vs. DET,L,13.88,7.8,10.4,0.75,7.8,10.4,0.75,0.0,0.0,0.0,0.0,2.6,2.6,0.0,0.0,0.0,0.0,0.0,0.0,0.0,23.3,-70.0,26.5,0,0,33.7,1,13222,1,13222,20257,7102,16426,2107,517,3078,1542,13505,14344,13505,14058,17962,20648,19908,16469,12854,8263,8846,20257,17725,5250,25890,17316,2246,150,11061,1,13:53
2024-25,1630581,Josh Giddey,Josh,1610612741,CHI,Chicago Bulls,0022400013,2024-11-15T00:00:00,CHI @ CLE,L,15.17,4.7,21.4,0.222,2.4,11.9,0.2,0.0,0.0,0.0,0.0,7.1,7.1,2.4,0.0,2.4,0.0,4.7,9.5,0.0,11.9,-64.1,31.1,0,0,28.5,1,13222,1,13222,19454,15133,2122,21205,8583,1858,13429,13505,14344,13505,14058,6138,9917,14974,16469,4788,8263,429,815,17725,16275,25769,13994,2246,150,15089,1,15:10
2024-25,1641764,Brandin Podziemski,Brandin,1610612744,GSW,Golden State Warriors,0022400019,2024-11-15T00:00:00,GSW vs. MEM,W,27.756666666666668,3.9,7.8,0.5,1.3,5.2,0.25,5.2,5.2,1.0,0.0,9.1,9.1,6.5,0.0,1.3,0.0,0.0,2.6,3.9,14.3,-2.6,38.8,0,0,33.7,1,1,13086,1,9752,17351,20556,8526,12869,12735,11902,3780,5630,1,14058,3427,6619,4739,16469,9474,8263,8846,12449,6595,13645,14354,8552,2246,150,11058,1,27:45
2024-25,1642274,Yves Missi,Yves,1610612740,NOP,New Orleans Pelicans,0022400017,2024-11-15T00:00:00,NOP vs. DEN,W,28.533333333333335,2.5,7.6,0.333,0.0,0.0,0.0,2.5,2.5,1.0,7.6,7.6,15.1,0.0,7.6,1.3,0.0,0.0,1.3,1.3,7.6,1.3,22.0,0,0,25.2,1,1,13086,1,9085,20419,20832,17395,15070,20945,15070,8981,11148,1,928,5377,1705,19908,687,9710,8263,8846,18214,16077,20266,11968,20172,2246,150,17485,1,28:32
2024-25,1627741,Buddy Hield,Buddy,1610612744,GSW,Golden State Warriors,0022400019,2024-11-15T00:00:00,GSW vs. MEM,W,30.316666666666666,8.3,17.8,0.467,4.7,9.5,0.5,0.0,0.0,0.0,4.7,0.0,4.7,2.4,5.9,0.0,0.0,2.4,4.7,0.0,21.4,-2.4,24.7,0,0,33.2,1,1,13086,1,7479,5964,4900,12249,2645,4108,3944,13505,14344,13505,2614,22137,15446,14965,1423,12854,8263,2276,5179,17725,6755,14245,18489,2246,150,11452,1,30:19
2024-25,1641731,Bilal Coulibaly,Bilal,1610612764,WAS,Washington Wizards,0022400012,2024-11-15T00:00:00,WAS @ ATL,L,38.266666666666666,3.8,10.3,0.364,0.0,0.9,0.0,0.9,1.9,0.5,3.8,4.7,8.5,3.8,1.9,1.9,0.0,2.8,3.8,1.9,8.5,-9.4,28.0,0,0,24.5,1,13222,1,13222,1236,17661,16468,16861,15070,20903,15070,13396,13025,10625,3944,11689,7521,10613,11148,6850,8263,1568,7866,13580,19548,17624,16204,2246,150,18031,1,38:16
2024-25,1631103,Malaki Branham,Malaki,1610612759,SAS,San Antonio Spurs,0022400015,2024-11-15T00:00:00,SAS vs. LAL,L,6.416666666666667,5.6,22.4,0.25,5.6,11.2,0.5,0.0,0.0,0.0,5.6,0.0,5.6,0.0,5.6,0.0,0.0,0.0,0.0,0.0,16.8,-33.7,18.0,0,0,28.1,1,13222,1,13222,23402,12673,1613,20233,1656,2307,3944,13505,14344,13505,1870,22137,13258,19908,1715,12854,8263,8846,20257,17725,11024,24254,22113,2246,150,15386,1,6:25
2024-25,1628371,Jonathan Isaac,Jonathan,1610612753,ORL,Orlando Magic,0022400010,2024-11-15T00:00:00,ORL vs. PHI,W,24.89666666666667,5.8,8.7,0.667,1.4,4.3,0.333,2.9,5.8,0.5,5.8,7.2,13.0,0.0,1.4,1.4,1.4,0.0,4.3,2.9,15.9,30.4,38.8,0,0,36.1,1,1,13086,1,12101,12158,19228,3281,12270,14823,9209,8111,4774,10625,1755,5948,2795,19908,13027,8659,5053,8846,6176,9612,12020,1923,8566,2246,150,9263,1,24:54
2024-25,204456,T.J. McConnell,T.J.,1610612754,IND,Indiana Pacers,0022400009,2024-11-15T00:00:00,IND vs. MIA,L,17.016666666666666,12.7,21.2,0.6,0.0,0.0,0.0,4.2,6.3,0.667,0.0,6.3,6.3,8.5,6.3,2.1,0.0,2.1,2.1,6.3,29.6,10.6,49.9,0,0,48.7,1,13222,1,13222,18243,1156,2242,5394,15070,20945,15070,5290,4071,9425,14058,7604,11510,2457,1199,5712,8263,2877,14539,2240,2228,7429,3288,2246,150,2937,1,17:01
2024-25,1630228,Jonathan Kuminga,Jonathan,1610612744,GSW,Golden State Warriors,0022400019,2024-11-15T00:00:00,GSW vs. MEM,W,17.975,6.0,26.0,0.231,0.0,8.0,0.0,4.0,8.0,0.5,4.0,4.0,8.0,4.0,2.0,0.0,0.0,2.0,10.0,4.0,16.0,4.0,29.6,0,0,28.0,1,1,13086,1,17582,11481,640,21157,15070,6427,15070,5682,2513,10625,3588,13704,8247,9925,10511,12854,8263,3223,699,6292,11901,10646,15057,2246,150,15396,1,17:59
2024-25,1630168,Onyeka Okongwu,Onyeka,1610612737,ATL,Atlanta Hawks,0022400012,2024-11-15T00:00:00,ATL vs. WAS,W,25.95,6.9,12.5,0.556,0.0,2.8,0.0,4.2,4.2,1.0,5.5,12.5,18.0,0.0,4.2,2.8,2.8,1.4,2.8,2.8,18.0,12.5,52.2,1,0,47.2,1,1,13086,1,11194,9078,12745,7248,15070,18115,15070,5409,7488,1,1917,1161,891,19908,3559,3748,1991,5227,11749,10057,9801,6600,2673,1,150,3412,1,25:57
2024-25,1628398,Kyle Kuzma,Kyle,1610612764,WAS,Washington Wizards,0022400012,2024-11-15T00:00:00,WAS @ ATL,L,29.0,13.7,34.8,0.393,2.5,13.7,0.182,0.0,0.0,0.0,0.0,11.2,11.2,1.2,5.0,0.0,1.2,0.0,2.5,1.2,29.8,-2.5,43.8,0,0,47.2,1,13222,1,13222,8672,812,141,15980,8210,1038,14207,13505,14344,13505,14058,1812,4259,18879,2385,12854,5940,8846,12870,16174,2165,14300,5757,2246,150,3410,1,29:00
2024-25,1630559,Austin Reaves,Austin,1610612747,LAL,Los Angeles Lakers,0022400015,2024-11-15T00:00:00,LAL @ SAS,W,32.06666666666667,6.7,13.5,0.5,5.6,10.1,0.556,2.2,2.2,1.0,1.1,2.2,3.4,6.7,0.0,0.0,0.0,0.0,3.4,2.2,21.3,-9.0,35.5,0,0,37.0,1,1,13086,1,5915,9604,11050,8526,1655,3373,3747,9795,11949,1,12312,18933,18832,4372,16469,12854,8263,8846,9192,11960,6790,17412,10750,2246,150,8697,1,32:04
2024-25,203952,Andrew Wiggins,Andrew,1610612744,GSW,Golden State Warriors,0022400019,2024-11-15T00:00:00,GSW vs. MEM,W,20.78,8.7,24.3,0.357,1.7,6.9,0.25,3.5,3.5,1.0,1.7,1.7,3.5,1.7,0.0,1.7,1.7,5.2,3.5,1.7,22.5,6.9,39.7,0,0,36.4,1,1,13086,1,15442,5325,995,17140,11302,8612,11902,6767,8953,1,9468,20400,18626,17274,16469,7505,4218,327,8853,14173,5840,9172,7977,2246,150,9113,1,20:47
2024-25,1631246,Vince Williams Jr.,Vince,1610612763,MEM,Memphis Grizzlies,0022400019,2024-11-15T00:00:00,MEM @ GSW,L,23.8,6.1,13.6,0.444,0.0,6.1,0.0,1.5,6.1,0.25,3.0,4.5,7.6,6.1,3.0,0.0,3.0,0.0,6.1,6.1,13.6,10.6,37.8,0,0,33.3,1,13222,1,13222,13075,11360,10807,13045,15070,10563,15070,11768,4402,13358,5276,12154,9044,5395,6369,12854,1662,8846,2874,2556,14367,7424,9154,2246,150,11428,1,23:48
2024-25,101108,Chris Paul,Chris,1610612759,SAS,San Antonio Spurs,0022400015,2024-11-15T00:00:00,SAS vs. LAL,L,29.266666666666666,3.7,7.4,0.5,2.5,6.2,0.4,3.7,3.7,1.0,0.0,2.5,2.5,13.5,2.5,2.5,0.0,0.0,2.5,2.5,13.5,6.2,41.7,1,0,36.9,1,13222,1,13222,8428,17864,21096,8526,8279,10316,7874,6307,8497,1,14058,18300,20879,444,8406,4507,8263,8846,12948,11125,14467,9549,6776,1,150,8785,1,29:16
2024-25,1641757,Jordan Miller,Jordan,1610612746,LAC,LA Clippers,0022400016,2024-11-15T00:00:00,LAC @ HOU,L,10.383333333333333,3.5,10.4,0.333,0.0,3.5,0.0,31.2,34.7,0.9,3.5,3.5,6.9,3.5,0.0,0.0,0.0,0.0,0.0,17.3,38.1,-3.5,51.7,0,0,48.5,1,13222,1,13222,21969,18392,16384,17395,15070,16714,15070,29,40,6805,4422,15328,10270,11498,16469,12854,8263,8846,20257,67,597,14780,2785,2246,150,2973,1,10:23
2024-25,203471,Dennis Schröder,Dennis,1610612751,BKN,Brooklyn Nets,0022400014,2024-11-15T00:00:00,BKN @ NYK,L,33.56666666666667,4.3,18.2,0.235,2.1,10.7,0.2,4.3,4.3,1.0,0.0,3.2,3.2,8.6,1.1,2.1,0.0,1.1,2.1,3.2,15.0,10.7,37.1,0,0,33.2,1,13222,1,13222,4670,16347,4424,21144,9482,2751,13429,5176,7230,1,14058,16032,19184,2360,15321,5615,8263,7287,14384,8497,12884,7359,9626,2246,150,11454,1,33:34
2024-25,1630552,Jalen Johnson,Jalen,1610612737,ATL,Atlanta Hawks,0022400012,2024-11-15T00:00:00,ATL vs. WAS,W,34.86666666666667,8.3,15.5,0.533,1.0,5.2,0.2,1.0,1.0,1.0,2.1,11.4,13.4,7.2,3.1,0.0,4.1,1.0,3.1,1.0,18.6,7.2,54.8,1,0,48.5,1,1,13086,1,3564,6063,7839,8140,14349,12794,13429,13135,14168,1,8099,1718,2531,3719,6135,12854,848,7639,10280,17264,9235,9029,2024,1,150,2983,1,34:52
2024-25,1630592,Jalen Wilson,Jalen,1610612751,BKN,Brooklyn Nets,0022400014,2024-11-15T00:00:00,BKN @ NYK,L,16.116666666666667,4.5,13.4,0.333,4.5,8.9,0.5,0.0,0.0,0.0,0.0,4.5,4.5,2.2,0.0,0.0,0.0,2.2,6.7,0.0,13.4,-24.6,22.1,0,0,24.6,1,13222,1,13222,18846,15873,11148,17395,3115,4916,3944,13505,14344,13505,14058,12344,16127,15500,16469,12854,8263,2577,2218,17725,14616,22714,20073,2246,150,17965,1,16:07
2024-25,1629006,Josh Okogie,Josh,1610612756,PHX,Phoenix Suns,0022400018,2024-11-15T00:00:00,PHX @ OKC,L,30.253333333333334,4.8,14.3,0.333,1.2,4.8,0.25,7.1,10.7,0.667,3.6,7.1,10.7,1.2,3.6,1.2,0.0,4.8,3.6,8.3,17.8,-15.5,32.5,0,0,33.3,1,13222,1,13222,7547,15086,9724,17395,13425,13809,11902,1917,1108,9425,4270,6109,4686,19050,4845,10266,8263,423,8530,885,9981,20085,12953,2246,150,11388,1,30:15
2024-25,201566,Russell Westbrook,Russell,1610612743,DEN,Denver Nuggets,0022400017,2024-11-15T00:00:00,DEN @ NOP,L,21.883333333333333,3.3,13.2,0.25,1.6,4.9,0.333,0.0,0.0,0.0,1.6,4.9,6.6,11.5,1.6,0.0,0.0,1.6,4.9,1.6,8.2,-1.6,31.8,0,0,28.0,1,13222,1,13222,14589,18778,11564,20233,11554,13351,9209,13505,14344,13505,9765,11069,10996,838,12163,12854,8263,4314,4759,14474,19729,13852,13513,2246,150,15446,1,21:53
2024-25,1641717,Cason Wallace,Cason,1610612760,OKC,Oklahoma City Thunder,0022400018,2024-11-15T00:00:00,OKC vs. PHX,W,26.946666666666665,2.7,4.0,0.667,1.3,1.3,1.0,0.0,0.0,0.0,0.0,5.3,5.3,4.0,0.0,1.3,2.7,1.3,4.0,0.0,6.7,13.4,31.1,0,0,25.4,1,1,13086,1,10382,20151,24091,3281,12710,20456,1,13505,14344,13505,14058,9917,13927,9914,16469,9265,2121,5468,7117,17725,20938,6240,13970,2246,150,17370,1,26:57
2024-25,1630577,Julian Champagnie,Julian,1610612759,SAS,San Antonio Spurs,0022400015,2024-11-15T00:00:00,SAS vs. LAL,L,31.333333333333332,4.6,9.2,0.5,2.3,6.9,0.333,0.0,0.0,0.0,0.0,9.2,9.2,2.3,0.0,0.0,0.0,0.0,2.3,0.0,11.5,0.0,26.0,0,0,25.3,1,13222,1,13222,6570,15512,18419,8526,8855,8686,9209,13505,14344,13505,14058,3313,6457,15238,16469,12854,8263,8846,13658,17725,16681,12240,17640,2246,150,17454,1,31:20
2024-25,202331,Paul George,Paul,1610612755,PHI,Philadelphia 76ers,0022400010,2024-11-15T00:00:00,PHI @ ORL,L,35.583333333333336,4.0,15.2,0.267,3.0,9.1,0.333,2.0,3.0,0.667,1.0,3.0,4.0,5.1,3.0,4.0,0.0,1.0,2.0,2.0,13.2,-11.1,34.7,0,0,33.4,1,13222,1,13222,3006,16983,8301,20170,6388,4657,9209,10558,9890,9425,13160,16603,17196,7336,6334,1588,8263,7808,15007,12971,14933,18377,11289,2246,150,11333,1,35:35
2024-25,1641730,Noah Clowney,Noah,1610612751,BKN,Brooklyn Nets,0022400014,2024-11-15T00:00:00,BKN @ NYK,L,12.883333333333333,2.8,8.4,0.333,2.8,8.4,0.333,5.6,5.6,1.0,2.8,0.0,2.8,5.6,5.6,0.0,0.0,0.0,8.4,2.8,14.0,-47.5,20.1,0,0,25.1,1,13222,1,13222,20803,19888,19661,17395,7227,5776,9209,3327,5058,1,5874,22137,20264,6274,1735,12854,8263,8846,1189,9977,13962,25291,21102,2246,150,17562,1,12:53
2024-25,1628384,OG Anunoby,OG,1610612752,NYK,New York Knicks,0022400014,2024-11-15T00:00:00,NYK vs. BKN,W,38.75666666666667,9.3,15.8,0.588,0.9,7.4,0.125,3.7,4.6,0.8,0.9,6.5,7.4,0.9,2.8,1.9,0.0,0.0,5.6,2.8,23.2,9.3,36.3,0,0,36.2,1,1,13086,1,984,4220,7422,6229,14875,7536,14886,6259,6589,7681,13782,7302,9300,19832,7271,6991,8263,8846,3592,10012,5347,8051,10142,2246,150,9206,1,38:45
2024-25,1627742,Brandon Ingram,Brandon,1610612740,NOP,New Orleans Pelicans,0022400017,2024-11-15T00:00:00,NOP vs. DEN,W,36.8,11.7,25.4,0.462,2.9,8.8,0.333,2.0,2.0,1.0,0.0,8.8,8.8,6.8,2.0,0.0,1.0,1.0,1.0,4.9,28.4,17.6,50.2,0,0,48.9,1,1,13086,1,2125,1695,737,12428,6742,5097,9209,10788,12842,1,14058,3720,7015,4213,10742,12854,7638,8115,19826,4312,2646,4705,3218,2246,150,2854,1,36:48
2024-25,1629634,Brandon Clarke,Brandon,1610612763,MEM,Memphis Grizzlies,0022400019,2024-11-15T00:00:00,MEM @ GSW,L,12.833333333333334,2.8,11.2,0.25,0.0,5.6,0.0,0.0,0.0,0.0,2.8,11.2,14.0,0.0,2.8,2.8,0.0,0.0,2.8,2.8,5.6,-44.9,28.1,0,0,25.2,1,13222,1,13222,20823,19865,14989,20233,15070,11686,15070,13505,14344,13505,5847,1790,2221,19908,7195,3674,8263,8846,11624,9949,21658,25181,16187,2246,150,17476,1,12:50
2024-25,1628380,Zach Collins,Zach,1610612759,SAS,San Antonio Spurs,0022400015,2024-11-15T00:00:00,SAS vs. LAL,L,13.998333333333333,7.7,7.7,1.0,0.0,0.0,0.0,0.0,0.0,0.0,5.1,2.6,7.7,5.1,5.1,0.0,2.6,0.0,7.7,0.0,15.4,-10.3,35.0,0,0,33.4,1,13222,1,13222,20203,7236,20631,1,15070,20945,15070,13505,14344,13505,2250,18007,8777,7143,2178,12854,2258,8846,1502,17725,12489,18026,11070,2246,150,11292,1,13:60
2024-25,1630170,Devin Vassell,Devin,1610612759,SAS,San Antonio Spurs,0022400015,2024-11-15T00:00:00,SAS vs. LAL,L,22.466666666666665,9.6,20.8,0.462,4.8,12.8,0.375,0.0,0.0,0.0,0.0,0.0,0.0,8.0,0.0,1.6,1.6,1.6,6.4,0.0,24.0,-20.8,45.7,0,0,43.3,1,13222,1,13222,14137,3701,2442,12428,2544,1378,8800,13505,14344,13505,14058,22137,23286,2880,16469,7976,4539,4430,2476,17725,4778,21791,4867,2246,150,5013,1,22:28
2024-25,203076,Anthony Davis,Anthony,1610612747,LAL,Los Angeles Lakers,0022400015,2024-11-15T00:00:00,LAL @ SAS,W,36.16833333333334,13.9,25.9,0.538,2.0,4.0,0.5,10.0,11.9,0.833,5.0,7.0,11.9,2.0,2.0,1.0,2.0,2.0,1.0,8.0,39.8,11.9,64.1,1,0,61.7,1,1,13086,1,2555,722,660,7978,10209,15614,3944,711,779,7275,2401,6424,3544,16417,10567,12004,3518,3258,19735,1045,461,6822,772,1,150,678,1,36:10
2024-25,1630560,Cam Thomas,Cam,1610612751,BKN,Brooklyn Nets,0022400014,2024-11-15T00:00:00,BKN @ NYK,L,38.71666666666667,14.9,20.5,0.727,6.5,9.3,0.7,3.7,5.6,0.667,0.0,1.9,1.9,2.8,3.7,0.9,0.9,0.0,1.9,6.5,40.0,-0.9,48.3,0,0,54.9,1,13222,1,13222,1003,511,2668,2666,1000,4379,1937,6251,5071,9425,14058,20082,22068,13619,4510,12511,7954,8846,15892,2078,450,13483,3892,2246,150,1478,1,38:43
2024-25,1630537,Chris Duarte,Chris,1610612741,CHI,Chicago Bulls,0022400013,2024-11-15T00:00:00,CHI @ CLE,L,0.7783333333333333,46.3,46.3,1.0,0.0,0.0,0.0,0.0,0.0,0.0,0.0,0.0,0.0,0.0,0.0,0.0,0.0,0.0,0.0,0.0,92.5,-138.8,92.5,0,0,92.5,1,13222,1,13222,26137,7,43,1,15070,20945,15070,13505,14344,13505,14058,22137,23286,19908,16469,12854,8263,8846,20257,17725,13,26251,88,2246,150,84,1,0:47
2024-25,1630245,Ayo Dosunmu,Ayo,1610612741,CHI,Chicago Bulls,0022400013,2024-11-15T00:00:00,CHI @ CLE,L,26.218333333333334,8.2,12.4,0.667,2.7,4.1,0.667,1.4,2.7,0.5,1.4,5.5,6.9,5.5,2.7,1.4,1.4,1.4,6.9,1.4,20.6,-23.3,42.6,0,0,41.2,1,13222,1,13222,10986,6120,12966,3281,7399,15303,1957,12092,10620,10625,10867,9556,10397,6441,7392,9054,5347,5294,2093,15557,7402,22426,6331,2246,150,6083,1,26:13
2024-25,1627747,Caris LeVert,Caris,1610612739,CLE,Cleveland Cavaliers,0022400013,2024-11-15T00:00:00,CLE vs. CHI,W,26.066666666666666,9.7,13.8,0.7,5.5,6.9,0.8,5.5,6.9,0.8,1.4,2.8,4.1,11.0,2.8,0.0,0.0,1.4,2.8,4.1,30.4,24.9,49.2,0,0,51.1,1,1,13086,1,11112,3640,10469,3045,1715,8650,1389,3387,3466,7681,10832,17523,16961,987,7340,12854,8263,5258,11789,5956,1959,2847,3556,2246,150,2254,1,26:04
2024-25,1627739,Kris Dunn,Kris,1610612746,LAC,LA Clippers,0022400016,2024-11-15T00:00:00,LAC @ HOU,L,19.296666666666667,11.2,24.3,0.462,1.9,13.1,0.143,0.0,0.0,0.0,1.9,1.9,3.7,3.7,0.0,1.9,1.9,0.0,3.7,0.0,24.3,-35.4,45.5,0,0,41.0,1,13222,1,13222,16590,2098,996,12428,10804,1269,14649,13505,14344,13505,8961,20059,17986,10708,16469,6944,3877,8846,7968,17725,4640,24464,4933,2246,150,6175,1,19:18
2024-25,1627751,Jakob Poeltl,Jakob,1610612761,TOR,Toronto Raptors,0022400011,2024-11-15T00:00:00,TOR vs. DET,L,35.016666666666666,12.3,20.6,0.6,0.0,0.0,0.0,1.0,4.1,0.25,10.3,8.2,18.5,3.1,1.0,1.0,3.1,1.0,4.1,4.1,25.7,6.2,63.8,1,0,55.5,1,13222,1,13222,3448,1333,2608,5394,15070,20945,15070,13149,7603,13358,366,4388,789,12651,15652,11688,1592,7683,6798,6028,3828,9541,802,1,150,1388,1,35:01
2024-25,1628389,Bam Adebayo,Bam,1610612748,MIA,Miami Heat,0022400009,2024-11-15T00:00:00,MIA @ IND,W,38.75833333333333,9.3,15.8,0.588,1.9,2.8,0.667,7.4,8.4,0.889,0.9,9.3,10.2,6.5,1.9,4.6,0.0,0.9,1.9,5.6,27.9,20.4,62.0,1,0,55.7,1,1,13086,1,983,4221,7423,6229,10841,18090,1957,1713,2284,6857,13783,3217,5214,4712,11285,1125,8263,8507,15905,3228,2833,3836,966,1,150,1358,1,38:46
2024-25,1630231,KJ Martin,KJ,1610612755,PHI,Philadelphia 76ers,0022400010,2024-11-15T00:00:00,PHI @ ORL,L,1.2166666666666666,29.6,29.6,1.0,0.0,0.0,0.0,29.6,59.2,0.5,0.0,0.0,0.0,0.0,0.0,0.0,0.0,0.0,0.0,29.6,88.8,29.6,88.8,0,0,88.8,1,13222,1,13222,25950,34,291,1,15070,20945,15070,33,7,10625,14058,22137,23286,19908,16469,12854,8263,8846,20257,7,18,2019,108,2246,150,99,1,1:13
2024-25,1641741,Ricky Council IV,Ricky,1610612755,PHI,Philadelphia 76ers,0022400010,2024-11-15T00:00:00,PHI @ ORL,L,1.2166666666666666,0.0,29.6,0.0,0.0,0.0,0.0,0.0,0.0,0.0,0.0,29.6,29.6,29.6,0.0,0.0,0.0,29.6,0.0,0.0,0.0,29.6,79.9,0,0,59.2,1,13222,1,13222,25950,22635,291,22635,15070,20945,15070,13505,14344,13505,14058,37,88,22,16469,12854,8263,6,20257,17725,23200,2019,193,2246,150,895,1,1:13
2024-25,201939,Stephen Curry,Stephen,1610612744,GSW,Golden State Warriors,0022400019,2024-11-15T00:00:00,GSW vs. MEM,W,26.013333333333332,5.5,12.5,0.444,4.2,9.7,0.429,2.8,2.8,1.0,1.4,9.7,11.1,6.9,4.2,5.5,0.0,1.4,2.8,5.5,18.0,12.5,54.1,0,0,51.2,1,1,13086,1,11156,12893,12809,13045,3670,3866,7394,8416,10566,1,10824,2832,4348,4111,3580,620,8263,5244,11774,3290,9850,6611,2178,2246,150,2231,1,26:01
2024-25,1641724,Jett Howard,Jett,1610612753,ORL,Orlando Magic,0022400010,2024-11-15T00:00:00,ORL vs. PHI,W,1.2166666666666666,29.6,29.6,1.0,29.6,29.6,1.0,0.0,0.0,0.0,0.0,29.6,29.6,0.0,0.0,0.0,29.6,0.0,29.6,0.0,88.8,-29.6,213.0,0,0,207.1,1,1,13086,1,25950,34,291,1,5,68,1,13505,14344,13505,14058,37,88,19908,16469,12854,3,8846,42,17725,18,23665,9,2246,150,8,1,1:13
2024-25,1628378,Donovan Mitchell,Donovan,1610612739,CLE,Cleveland Cavaliers,0022400013,2024-11-15T00:00:00,CLE vs. CHI,W,34.1,12.7,24.3,0.522,7.4,13.7,0.538,6.3,7.4,0.857,0.0,7.4,7.4,4.2,1.1,1.1,2.1,1.1,2.1,5.3,39.1,11.6,62.7,0,0,64.4,1,1,13086,1,4167,1165,981,8473,638,1013,3915,2552,3005,7071,14058,5703,9391,9333,15457,11437,3172,7439,14558,3665,513,6968,901,2246,150,502,1,34:06
2024-25,201567,Kevin Love,Kevin,1610612748,MIA,Miami Heat,0022400009,2024-11-15T00:00:00,MIA @ IND,W,12.283333333333333,17.6,23.4,0.75,8.8,11.7,0.75,0.0,0.0,0.0,2.9,17.6,20.5,5.9,0.0,11.7,0.0,0.0,5.9,0.0,44.0,46.9,112.5,0,0,102.6,1,1,13086,1,21109,236,1234,2107,320,1943,1542,13505,14344,13505,5505,283,463,5741,16469,76,8263,8846,3126,17725,286,640,50,2246,150,55,1,12:17
2024-25,1629628,RJ Barrett,RJ,1610612761,TOR,Toronto Raptors,0022400011,2024-11-15T00:00:00,TOR vs. DET,L,34.5,6.3,18.8,0.333,2.1,6.3,0.333,8.3,9.4,0.889,3.1,3.1,6.3,7.3,1.0,0.0,1.0,2.1,1.0,6.3,23.0,14.6,43.5,0,0,40.7,1,13222,1,13222,3852,10818,3939,17395,9740,10057,9209,1255,1660,6857,5076,16328,11690,3612,15533,12854,7172,2959,19451,2323,5520,5777,5881,2246,150,6382,1,34:30
2024-25,1629673,Jordan Poole,Jordan,1610612764,WAS,Washington Wizards,0022400012,2024-11-15T00:00:00,WAS @ ATL,L,28.766666666666666,7.5,17.5,0.429,5.0,11.3,0.444,7.5,8.8,0.857,0.0,6.3,6.3,7.5,3.8,2.5,0.0,1.3,6.3,5.0,27.5,-8.8,50.1,0,0,51.3,1,13222,1,13222,8867,7747,5232,13735,2264,2284,7211,1658,2009,7071,14058,7775,11696,3389,4428,4378,8263,5924,2648,4109,2966,17311,3260,2246,150,2202,1,28:46
2024-25,1629632,Coby White,Coby,1610612741,CHI,Chicago Bulls,0022400013,2024-11-15T00:00:00,CHI @ CLE,L,29.871666666666666,9.6,18.1,0.533,7.2,13.3,0.545,8.4,8.4,1.0,0.0,1.2,1.2,3.6,4.8,2.4,0.0,1.2,3.6,6.0,34.9,-13.3,44.2,0,0,51.8,1,13222,1,13222,7904,3670,4582,8140,689,1180,3863,1215,2240,1,14058,21498,22932,11046,2549,4665,8263,6220,8386,2584,968,19208,5557,2246,150,2077,1,29:52
2024-25,1629626,Bol Bol,Bol,1610612756,PHX,Phoenix Suns,0022400018,2024-11-15T00:00:00,PHX @ OKC,L,5.183333333333334,13.9,27.8,0.5,6.9,20.8,0.333,0.0,6.9,0.0,0.0,13.9,13.9,6.9,6.9,0.0,0.0,0.0,6.9,6.9,34.7,55.6,54.9,0,0,62.5,1,13222,1,13222,23915,735,414,8526,782,205,9209,13505,3419,13505,14058,782,2283,4070,912,12854,8263,8846,2019,1696,1001,428,2015,2246,150,614,1,5:11
2024-25,1630538,Bones Hyland,Bones,1610612746,LAC,LA Clippers,0022400016,2024-11-15T00:00:00,LAC @ HOU,L,8.283333333333333,8.7,21.7,0.4,4.3,13.0,0.333,8.7,8.7,1.0,0.0,4.3,4.3,0.0,0.0,4.3,4.3,0.0,4.3,4.3,30.4,-8.7,61.7,0,0,56.5,1,13222,1,13222,22713,5276,1939,14933,3319,1281,9209,1113,2056,1,14058,12659,16415,19908,16469,1339,737,8846,6151,5475,1941,17281,999,2246,150,1230,1,8:17
2024-25,1628973,Jalen Brunson,Jalen,1610612752,NYK,New York Knicks,0022400014,2024-11-15T00:00:00,NYK vs. BKN,W,34.11666666666667,12.7,21.1,0.6,3.2,8.4,0.375,10.6,12.7,0.833,0.0,3.2,3.2,7.4,3.2,0.0,0.0,0.0,4.2,10.6,39.0,-1.1,50.8,0,0,52.8,1,1,13086,1,4155,1166,2274,5394,6046,5680,8800,555,641,7275,14058,16212,19322,3530,5923,12854,8263,8846,6500,324,515,13578,3058,2246,150,1860,1,34:07
2024-25,1630553,Keon Johnson,Keon,1610612751,BKN,Brooklyn Nets,0022400014,2024-11-15T00:00:00,BKN @ NYK,L,11.733333333333333,6.1,12.3,0.5,3.1,9.2,0.333,6.1,6.1,1.0,3.1,6.1,9.2,3.1,3.1,3.1,0.0,0.0,6.1,6.1,21.5,-18.4,43.3,0,0,43.0,1,13222,1,13222,21403,11124,13125,8526,6299,4517,9209,2742,4304,1,5192,8026,6441,12694,6233,3002,8263,8846,2780,2461,6664,21045,6006,2246,150,5168,1,11:44
2024-25,1627734,Domantas Sabonis,Domantas,1610612758,SAC,Sacramento Kings,0022400020,2024-11-15T00:00:00,SAC vs. MIN,L,39.65,9.1,13.6,0.667,0.0,2.7,0.0,2.7,2.7,1.0,1.8,9.1,10.9,3.6,3.6,0.0,2.7,0.0,0.9,3.6,20.9,-4.5,43.9,1,0,40.9,1,13222,1,13222,668,4563,10798,3281,15070,18213,15070,8517,10684,1,9187,3426,4504,10992,4707,12854,2044,8846,20129,7306,7181,15342,5699,1,150,6293,1,39:39
2024-25,1630532,Franz Wagner,Franz,1610612753,ORL,Orlando Magic,0022400010,2024-11-15T00:00:00,ORL vs. PHI,W,40.721666666666664,8.8,20.3,0.435,4.4,9.7,0.455,5.3,5.3,1.0,0.9,8.8,9.7,5.3,0.0,1.8,0.9,1.8,3.5,6.2,27.4,15.9,55.0,1,0,52.2,1,1,13086,1,412,4987,2746,13702,3204,3818,7148,3647,5458,1,13945,3678,5768,6809,16469,7377,8131,3984,8643,2407,3020,5282,1988,1,150,2003,1,40:43
2024-25,1641705,Victor Wembanyama,Victor,1610612759,SAS,San Antonio Spurs,0022400015,2024-11-15T00:00:00,SAS vs. LAL,L,34.001666666666665,12.7,26.5,0.48,4.2,13.8,0.308,0.0,0.0,0.0,5.3,9.5,14.8,5.3,5.3,1.1,2.1,1.1,2.1,1.1,29.6,-1.1,59.6,1,0,60.3,1,13222,1,13222,4264,1152,565,11962,3510,1003,11292,13505,14344,13505,2100,2977,1859,6839,2013,11404,3160,7415,14530,17127,2215,13580,1236,1,150,799,1,34:00
2024-25,1642273,Kyshawn George,Kyshawn,1610612764,WAS,Washington Wizards,0022400012,2024-11-15T00:00:00,WAS @ ATL,L,20.283333333333335,7.1,21.3,0.333,1.8,10.6,0.167,7.1,7.1,1.0,1.8,7.1,8.9,7.1,1.8,0.0,0.0,1.8,1.8,3.5,23.1,-16.0,42.6,0,0,40.8,1,13222,1,13222,15795,8703,2157,17395,11171,2831,14236,1940,3269,1,9336,6177,6921,3885,11651,12854,8263,3965,16288,7529,5438,20249,6311,2246,150,6309,1,20:17
2024-25,1629726,Garrison Mathews,Garrison,1610612737,ATL,Atlanta Hawks,0022400012,2024-11-15T00:00:00,ATL vs. WAS,W,12.4,8.7,17.4,0.5,5.8,14.5,0.4,11.6,11.6,1.0,0.0,0.0,0.0,5.8,0.0,0.0,2.9,0.0,2.9,5.8,34.8,31.9,52.3,0,0,52.3,1,1,13086,1,21047,5246,5328,8526,1471,796,7874,386,864,1,14058,22137,23286,5841,16469,12854,1820,8846,11175,2889,982,1743,2655,2246,150,1975,1,12:24
2024-25,1630256,Jae'Sean Tate,Jae'Sean,1610612745,HOU,Houston Rockets,0022400016,2024-11-15T00:00:00,HOU vs. LAC,W,3.1,11.6,23.2,0.5,0.0,0.0,0.0,11.6,11.6,1.0,0.0,23.2,23.2,0.0,11.6,0.0,0.0,0.0,11.6,11.6,34.8,-69.7,51.1,0,0,58.1,1,1,13086,1,24942,1798,1309,8526,15070,20945,15070,386,864,1,14058,99,255,19908,222,12854,8263,8846,455,225,982,25882,2966,2246,150,1015,1,3:06
2024-25,1631106,Tari Eason,Tari,1610612745,HOU,Houston Rockets,0022400016,2024-11-15T00:00:00,HOU vs. LAC,W,22.283333333333335,11.3,19.4,0.583,3.2,6.5,0.5,1.6,3.2,0.5,4.8,4.8,9.7,1.6,1.6,3.2,1.6,0.0,6.5,1.6,27.5,3.2,54.4,0,0,51.7,1,1,13086,1,14287,2004,3432,6296,5867,9620,3944,11572,9456,10625,2512,11287,5808,17603,12275,2677,4515,8846,2431,14574,2995,11004,2100,2246,150,2108,1,22:17
2024-25,1642359,Pacôme Dadiet,Pacôme,1610612752,NYK,New York Knicks,0022400014,2024-11-15T00:00:00,NYK vs. BKN,W,11.693333333333333,3.1,3.1,1.0,3.1,3.1,1.0,6.2,6.2,1.0,0.0,12.3,12.3,0.0,0.0,3.1,3.1,0.0,0.0,3.1,15.4,0.0,48.6,0,0,43.1,1,1,13086,1,21421,19255,24470,1,6280,17494,1,2722,4278,1,14058,1224,3256,19908,16469,2981,1599,8846,20257,8963,12525,12240,3762,2246,150,5088,1,11:42
2024-25,1626220,Royce O'Neale,Royce,1610612756,PHX,Phoenix Suns,0022400018,2024-11-15T00:00:00,PHX @ OKC,L,22.07,6.5,16.3,0.4,3.3,9.8,0.333,1.6,3.3,0.5,4.9,6.5,11.4,4.9,0.0,1.6,0.0,0.0,3.3,1.6,17.9,-31.0,43.9,0,0,40.8,1,13222,1,13222,14444,10127,6664,14933,5778,3742,9209,11540,9401,10625,2466,7258,4038,7700,16469,7884,8263,8846,9611,14523,9897,23884,5733,2246,150,6341,1,22:04
2024-25,1642259,Alex Sarr,Alex,1610612764,WAS,Washington Wizards,0022400012,2024-11-15T00:00:00,WAS @ ATL,L,31.116666666666667,8.1,15.0,0.538,3.5,4.6,0.75,3.5,4.6,0.75,4.6,3.5,8.1,2.3,2.3,4.6,3.5,1.2,4.6,3.5,23.1,11.6,58.3,0,0,53.2,1,13222,1,13222,6775,6416,8543,7978,5215,14142,1542,6753,6619,8186,2767,15321,8100,15180,9014,1133,1252,6576,5471,7736,5388,6983,1430,2246,150,1756,1,31:07
2024-25,1641744,Zach Edey,Zach,1610612763,MEM,Memphis Grizzlies,0022400019,2024-11-15T00:00:00,MEM @ GSW,L,23.46,7.7,12.3,0.625,3.1,3.1,1.0,3.1,3.1,1.0,6.1,7.7,13.8,0.0,0.0,1.5,1.5,0.0,4.6,3.1,21.5,21.5,47.3,0,0,44.5,1,13222,1,13222,13344,7325,13122,4899,6297,17515,1,7624,9800,1,1548,5207,2330,19908,16469,8260,4738,8846,5537,9002,6658,3582,4224,2246,150,4471,1,23:28
2024-25,2544,LeBron James,LeBron,1610612747,LAL,Los Angeles Lakers,0022400015,2024-11-15T00:00:00,LAL @ SAS,W,37.81666666666667,5.7,11.4,0.5,1.0,3.8,0.25,1.9,3.8,0.5,1.0,14.3,15.2,11.4,6.7,1.0,0.0,0.0,0.0,4.8,14.3,2.9,45.9,1,1,43.8,1,1,13086,1,1496,12381,14619,8526,14784,15980,11902,10932,8228,10625,13631,699,1672,862,1046,12337,8263,8846,20257,4593,13635,11191,4790,1,1,4784,1,37:49
2024-25,203083,Andre Drummond,Andre,1610612755,PHI,Philadelphia 76ers,0022400010,2024-11-15T00:00:00,PHI @ ORL,L,3.816666666666667,9.4,28.3,0.333,0.0,0.0,0.0,0.0,0.0,0.0,9.4,37.7,47.2,0.0,9.4,0.0,0.0,9.4,0.0,0.0,18.9,18.9,66.0,0,0,66.0,1,13222,1,13222,24573,3977,376,17395,15070,20945,15070,13505,14344,13505,482,17,21,19908,378,12854,8263,77,20257,17725,8979,4295,630,2246,150,441,1,3:49
2024-25,1630578,Alperen Sengun,Alperen,1610612745,HOU,Houston Rockets,0022400016,2024-11-15T00:00:00,HOU vs. LAC,W,32.983333333333334,3.3,9.8,0.333,1.1,3.3,0.333,9.8,10.9,0.9,2.2,8.7,10.9,10.9,1.1,2.2,2.2,1.1,2.2,6.5,17.5,41.5,58.9,1,1,49.1,1,1,13086,1,5158,18820,17361,17395,13994,17123,9209,748,1049,6805,7640,3799,4490,1028,15189,5467,2985,7129,14176,2035,10360,876,1340,1,1,2796,1,32:59
2024-25,1627814,Damion Lee,Damion,1610612756,PHX,Phoenix Suns,0022400018,2024-11-15T00:00:00,PHX @ OKC,L,5.183333333333334,6.9,13.9,0.5,6.9,6.9,1.0,13.9,13.9,1.0,0.0,13.9,13.9,6.9,0.0,6.9,0.0,0.0,0.0,6.9,34.7,55.6,82.6,0,0,76.4,1,13222,1,13222,23915,9056,10355,8526,782,8579,1,210,464,1,14058,782,2283,4070,16469,306,8263,8846,20257,1696,1001,428,162,2246,150,212,1,5:11
2024-25,1631095,Jabari Smith Jr.,Jabari,1610612745,HOU,Houston Rockets,0022400016,2024-11-15T00:00:00,HOU vs. LAC,W,35.016666666666666,11.3,17.5,0.647,5.1,8.2,0.625,1.0,1.0,1.0,3.1,8.2,11.3,1.0,0.0,2.1,0.0,0.0,3.1,1.0,28.8,31.9,50.1,1,0,50.4,1,1,13086,1,3448,1998,5271,4571,2117,6049,2868,13149,14174,1,5165,4388,4123,19594,16469,5982,8263,8846,10336,17281,2500,1752,3256,1,150,2429,1,35:01
2024-25,1628368,De'Aaron Fox,De'Aaron,1610612758,SAC,Sacramento Kings,0022400020,2024-11-15T00:00:00,SAC vs. MIN,L,44.483333333333334,17.8,28.3,0.629,4.9,8.1,0.6,8.1,8.9,0.909,1.6,0.8,2.4,5.7,4.9,2.4,0.8,1.6,2.4,6.5,48.6,0.8,64.8,0,0,68.0,1,13222,1,13222,73,227,372,4898,2483,6303,2992,1365,1923,6764,9850,22132,20942,6114,2513,4602,8236,4385,13082,2110,179,12237,705,2246,150,374,1,44:29
2024-25,1629636,Darius Garland,Darius,1610612739,CLE,Cleveland Cavaliers,0022400013,2024-11-15T00:00:00,CLE vs. CHI,W,34.163333333333334,9.5,19.0,0.5,4.2,7.4,0.571,7.4,7.4,1.0,0.0,3.2,3.2,9.5,5.3,1.1,0.0,0.0,2.1,5.3,30.6,19.0,46.5,0,0,49.5,1,1,13086,1,4128,3903,3781,8526,3536,7671,3506,1749,3020,1,14058,16224,19338,1710,2044,11454,8263,8846,14577,3677,1906,4269,4549,2246,150,2664,1,34:10
2024-25,1630700,Dyson Daniels,Dyson,1610612737,ATL,Atlanta Hawks,0022400012,2024-11-15T00:00:00,ATL vs. WAS,W,35.6,10.1,14.2,0.714,2.0,5.1,0.4,3.0,3.0,1.0,2.0,2.0,4.0,3.0,1.0,6.1,2.0,0.0,1.0,2.0,25.3,1.0,57.9,0,0,50.6,1,1,13086,1,2992,3099,9912,2752,10055,13058,7874,7705,9892,1,8286,19582,17200,12813,15772,453,3410,8846,19635,12975,4068,12148,1479,2246,150,2374,1,35:36
2024-25,1641842,Ronald Holland II,Ronald,1610612765,DET,Detroit Pistons,0022400011,2024-11-15T00:00:00,DET @ TOR,W,21.368333333333332,5.1,18.5,0.273,0.0,10.1,0.0,6.7,6.7,1.0,6.7,6.7,13.5,0.0,3.4,5.1,1.7,0.0,1.7,3.4,16.8,-8.4,49.9,0,0,43.8,1,1,13086,1,15017,14225,4188,20048,15070,3365,15070,2209,3617,1,1256,6815,2495,19908,5311,869,4333,8846,16584,8049,11010,17149,3307,2246,150,4778,1,21:22
2024-25,1631222,Jake LaRavia,Jake,1610612763,MEM,Memphis Grizzlies,0022400019,2024-11-15T00:00:00,MEM @ GSW,L,16.906666666666666,4.3,12.8,0.333,2.1,6.4,0.333,4.3,4.3,1.0,2.1,4.3,6.4,4.3,6.4,6.4,4.3,0.0,8.5,4.3,14.9,12.8,54.5,0,0,49.0,1,13222,1,13222,18317,16438,12261,17395,9558,9784,9209,5240,7296,1,7849,12943,11431,9232,1185,399,787,8846,1130,5703,13013,6492,2085,2246,150,2844,1,16:54
2024-25,1630322,Lindy Waters III,Lindy,1610612744,GSW,Golden State Warriors,0022400019,2024-11-15T00:00:00,GSW vs. MEM,W,10.55,10.2,13.6,0.75,6.8,10.2,0.667,0.0,0.0,0.0,0.0,0.0,0.0,3.4,3.4,0.0,3.4,0.0,3.4,0.0,27.3,10.2,39.2,0,0,44.4,1,1,13086,1,21898,2985,10738,2107,830,3225,1957,13505,14344,13505,14058,22137,23286,11655,5205,12854,1294,8846,9033,17725,3067,7590,8241,2246,150,4526,1,10:33
2024-25,1641824,Matas Buzelis,Matas,1610612741,CHI,Chicago Bulls,0022400013,2024-11-15T00:00:00,CHI @ CLE,L,8.445,12.8,12.8,1.0,12.8,12.8,1.0,0.0,0.0,0.0,0.0,8.5,8.5,0.0,0.0,0.0,4.3,0.0,0.0,0.0,38.4,34.1,61.4,0,0,68.2,1,13222,1,13222,22647,1116,12237,1,112,1395,1,13505,14344,13505,14058,4025,7445,19908,16469,12854,783,8846,20257,17725,571,1489,1036,2246,150,370,1,8:27
2024-25,1628991,Jaren Jackson Jr.,Jaren,1610612763,MEM,Memphis Grizzlies,0022400019,2024-11-15T00:00:00,MEM @ GSW,L,32.88333333333333,12.0,21.9,0.55,0.0,4.4,0.0,10.9,12.0,0.909,1.1,5.5,6.6,1.1,1.1,1.1,2.2,2.2,2.2,10.9,35.0,-5.5,53.3,0,0,49.3,1,13222,1,13222,5255,1498,1868,7655,15070,14733,15070,494,754,6764,12508,9609,11024,19359,15167,11062,2971,2670,14140,281,950,15819,2372,2246,150,2741,1,32:53
2024-25,1629631,De'Andre Hunter,De'Andre,1610612737,ATL,Atlanta Hawks,0022400012,2024-11-15T00:00:00,ATL vs. WAS,W,20.866666666666667,12.1,22.4,0.538,5.2,8.6,0.6,8.6,12.1,0.714,0.0,5.2,5.2,1.7,1.7,0.0,0.0,1.7,5.2,6.9,38.0,5.2,45.0,0,0,50.0,1,1,13086,1,15383,1479,1620,7978,2075,5379,2992,1133,750,9244,14058,10342,14327,17292,11817,12854,8263,4079,4236,1728,615,10017,5163,2246,150,2525,1,20:52
2024-25,1630167,Obi Toppin,Obi,1610612754,IND,Indiana Pacers,0022400009,2024-11-15T00:00:00,IND vs. MIA,L,21.466666666666665,13.4,16.8,0.8,5.0,8.4,0.6,3.4,3.4,1.0,0.0,5.0,5.0,0.0,1.7,0.0,0.0,0.0,0.0,3.4,35.2,23.5,39.6,0,0,45.3,1,13222,1,13222,14954,866,6090,1688,2233,5771,2992,6993,9187,1,14058,10787,14718,19908,12015,12854,8263,8846,20257,8084,932,3153,8027,2246,150,4113,1,21:28
2024-25,1629675,Naz Reid,Naz,1610612750,MIN,Minnesota Timberwolves,0022400020,2024-11-15T00:00:00,MIN @ SAC,W,23.75,10.6,18.2,0.583,3.0,6.1,0.5,0.0,0.0,0.0,1.5,6.1,7.6,3.0,0.0,0.0,0.0,1.5,1.5,0.0,24.3,-30.3,37.9,0,0,37.9,1,1,13086,1,13112,2609,4469,6296,6396,10535,3944,13505,14344,13505,10251,8192,9005,12827,16469,12854,8263,4709,17155,17725,4641,23787,9086,2246,150,8092,1,23:45
2024-25,200768,Kyle Lowry,Kyle,1610612755,PHI,Philadelphia 76ers,0022400010,2024-11-15T00:00:00,PHI @ ORL,L,28.466666666666665,2.5,6.3,0.4,0.0,1.3,0.0,0.0,0.0,0.0,0.0,0.0,0.0,3.8,0.0,3.8,0.0,1.3,0.0,1.3,5.1,-19.0,22.1,0,0,16.4,1,13222,1,13222,9147,20406,22301,14933,15070,20539,15070,13505,14344,13505,14058,22137,23286,10511,16469,1855,8263,5842,20257,16064,21976,21231,20060,2246,150,22532,1,28:28
2024-25,201587,Nicolas Batum,Nicolas,1610612746,LAC,LA Clippers,0022400016,2024-11-15T00:00:00,LAC @ HOU,L,4.133333333333334,0.0,0.0,0.0,0.0,0.0,0.0,0.0,0.0,0.0,8.7,0.0,8.7,0.0,8.7,0.0,8.7,0.0,0.0,0.0,0.0,34.8,27.9,0,0,26.1,1,13222,1,13222,24406,22635,24836,22635,15070,20945,15070,13505,14344,13505,612,22137,7150,19908,468,12854,106,8846,20257,17725,23200,1406,16321,2246,150,16852,1,4:08
2024-25,1626168,Trey Lyles,Trey,1610612758,SAC,Sacramento Kings,0022400020,2024-11-15T00:00:00,SAC vs. MIN,L,41.03333333333333,1.8,7.0,0.25,0.9,4.4,0.2,1.8,1.8,1.0,1.8,5.3,7.0,0.9,0.9,0.9,0.0,0.0,3.5,1.8,6.1,8.8,17.6,0,0,16.7,1,13222,1,13222,366,21823,21537,20233,15000,14717,13429,11322,13241,1,9400,10115,10119,19878,16388,12742,8263,8846,8722,14095,21294,8292,22245,2246,150,22439,1,41:02
2024-25,1641738,Kobe Brown,Kobe,1610612746,LAC,LA Clippers,0022400016,2024-11-15T00:00:00,LAC @ HOU,L,10.383333333333333,6.9,24.3,0.286,0.0,6.9,0.0,3.5,6.9,0.5,6.9,6.9,13.9,0.0,0.0,3.5,0.0,0.0,3.5,3.5,17.3,-3.5,44.4,0,0,38.1,1,13222,1,13222,21969,9086,983,19630,15070,8604,15070,6759,3436,10625,1166,6479,2296,19908,16469,2282,8263,8846,8847,7751,10488,14780,5478,2246,150,7934,1,10:23
2024-25,1630530,Trey Murphy III,Trey,1610612740,NOP,New Orleans Pelicans,0022400017,2024-11-15T00:00:00,NOP vs. DEN,W,30.063333333333333,8.4,18.0,0.467,2.4,9.6,0.25,1.2,1.2,1.0,1.2,8.4,9.6,3.6,2.4,1.2,0.0,0.0,2.4,2.4,20.4,-9.6,38.4,0,0,38.3,1,1,13086,1,7733,5835,4742,12249,8503,4003,11902,12599,13888,1,11804,4182,5949,11105,8677,10191,8263,8846,13231,11373,7613,17713,8748,2246,150,7814,1,30:04
2024-25,1642261,Dalton Knecht,Dalton,1610612747,LAL,Los Angeles Lakers,0022400015,2024-11-15T00:00:00,LAL @ SAS,W,26.016666666666666,8.3,15.2,0.545,2.8,5.5,0.5,0.0,0.0,0.0,1.4,2.8,4.2,0.0,0.0,0.0,0.0,1.4,0.0,0.0,19.4,-12.5,24.4,0,0,26.3,1,1,13086,1,11148,5976,8214,7695,7329,11881,3944,13505,14344,13505,10825,17515,16938,19908,16469,12854,8263,5245,20257,17725,8489,18923,18707,2246,150,16724,1,26:01
2024-25,1628978,Donte DiVincenzo,Donte,1610612750,MIN,Minnesota Timberwolves,0022400020,2024-11-15T00:00:00,MIN @ SAC,W,19.1,1.9,7.5,0.25,1.9,7.5,0.25,0.0,0.0,0.0,0.0,5.7,5.7,3.8,0.0,0.0,0.0,0.0,3.8,0.0,5.7,-26.4,18.1,0,0,17.0,1,1,13086,1,16751,21605,20876,20233,10698,7302,11902,13505,14344,13505,14058,9160,13148,10590,16469,12854,8263,8846,7837,17725,21625,23107,22053,2246,150,22324,1,19:06
2024-25,1627732,Ben Simmons,Ben,1610612751,BKN,Brooklyn Nets,0022400014,2024-11-15T00:00:00,BKN @ NYK,L,24.716666666666665,2.9,7.3,0.4,0.0,0.0,0.0,0.0,0.0,0.0,1.5,8.7,10.2,7.3,0.0,1.5,0.0,0.0,1.5,0.0,5.8,0.0,33.4,0,0,26.2,1,13222,1,13222,12256,19623,21230,14933,15070,20945,15070,13505,14344,13505,10509,3790,5234,3633,16469,8600,8263,8846,17414,17725,21505,12240,12298,2246,150,16788,1,24:43
2024-25,1629003,Shake Milton,Shake,1610612751,BKN,Brooklyn Nets,0022400014,2024-11-15T00:00:00,BKN @ NYK,L,5.5,6.5,19.6,0.333,0.0,6.5,0.0,0.0,0.0,0.0,13.1,0.0,13.1,0.0,0.0,0.0,0.0,0.0,13.1,0.0,13.1,-78.5,28.8,0,0,26.2,1,13222,1,13222,23789,10075,3233,17395,15070,9437,15070,13505,14344,13505,187,22137,2743,19908,16469,12854,8263,8846,334,17725,14990,25988,15629,2246,150,16805,1,5:30
2024-25,1626162,Kelly Oubre Jr.,Kelly,1610612755,PHI,Philadelphia 76ers,0022400010,2024-11-15T00:00:00,PHI @ ORL,L,25.536666666666665,2.8,5.6,0.5,1.4,2.8,0.5,0.0,0.0,0.0,1.4,4.2,5.6,0.0,1.4,1.4,0.0,0.0,5.6,2.8,7.0,-19.7,16.6,0,0,16.9,1,13222,1,13222,11555,19837,22956,8526,12408,18025,3944,13505,14344,13505,10702,13033,13184,19908,13227,8845,8263,8846,3487,9900,20684,21475,22616,2246,150,22345,1,25:32
2024-25,1631245,Quenton Jackson,Quenton,1610612754,IND,Indiana Pacers,0022400009,2024-11-15T00:00:00,IND vs. MIA,L,10.366666666666667,10.4,17.4,0.6,0.0,0.0,0.0,0.0,0.0,0.0,6.9,0.0,6.9,3.5,6.9,3.5,3.5,0.0,0.0,0.0,20.8,48.6,48.3,0,0,45.1,1,13222,1,13222,21976,2802,5389,5394,15070,20945,15070,13505,14344,13505,1165,22137,10249,11480,912,2274,1249,8846,20257,17725,7211,587,3889,2246,150,4189,1,10:22
2024-25,203935,Marcus Smart,Marcus,1610612763,MEM,Memphis Grizzlies,0022400019,2024-11-15T00:00:00,MEM @ GSW,L,19.946666666666665,7.2,19.9,0.364,1.8,10.8,0.167,0.0,0.0,0.0,1.8,7.2,9.0,10.8,5.4,0.0,3.6,0.0,3.6,3.6,16.2,-3.6,48.7,0,0,45.1,1,13222,1,13222,16070,8402,3057,16861,11057,2645,14236,13505,14344,13505,9219,5965,6693,1059,1885,12854,1139,8846,8400,7369,11660,14852,3726,2246,150,4209,1,19:57
2024-25,1631097,Bennedict Mathurin,Bennedict,1610612754,IND,Indiana Pacers,0022400009,2024-11-15T00:00:00,IND vs. MIA,L,28.65,5.0,13.8,0.364,0.0,3.8,0.0,0.0,0.0,0.0,1.3,3.8,5.0,1.3,2.5,0.0,0.0,0.0,2.5,0.0,10.1,-31.4,15.5,0,0,16.3,1,13222,1,13222,8973,14302,10458,16861,15070,16061,15070,13505,14344,13505,11445,14413,14735,18815,8188,12854,8263,8846,12741,17725,18108,23950,23040,2246,150,22572,1,28:39
2024-25,203497,Rudy Gobert,Rudy,1610612750,MIN,Minnesota Timberwolves,0022400020,2024-11-15T00:00:00,MIN @ SAC,W,40.983333333333334,4.4,6.1,0.714,0.0,0.0,0.0,0.9,0.9,1.0,2.6,7.0,9.7,1.8,0.9,0.0,2.6,1.8,1.8,6.1,9.7,9.7,30.9,1,0,26.4,1,1,13086,1,373,16088,22474,2752,15070,20945,15070,13468,14331,1,6265,6314,5853,17210,16386,12854,2173,4018,16352,2444,18483,7859,14112,1,150,16666,1,40:59
2024-25,1641716,Jarace Walker,Jarace,1610612754,IND,Indiana Pacers,0022400009,2024-11-15T00:00:00,IND vs. MIA,L,24.733333333333334,5.8,8.7,0.667,4.4,4.4,1.0,0.0,0.0,0.0,1.5,8.7,10.2,5.8,10.2,2.9,1.5,0.0,2.9,0.0,16.0,14.6,39.9,0,0,45.1,1,13222,1,13222,12237,12044,19128,3281,3291,14769,1,13505,14344,13505,10516,3795,5239,5806,313,3376,5020,8846,11134,17725,11912,5803,7832,2246,150,4206,1,24:44
2024-25,1629640,Keldon Johnson,Keldon,1610612759,SAS,San Antonio Spurs,0022400015,2024-11-15T00:00:00,SAS vs. LAL,L,27.316666666666666,6.6,13.2,0.5,1.3,5.3,0.25,1.3,1.3,1.0,0.0,5.3,5.3,1.3,1.3,1.3,0.0,0.0,4.0,2.6,15.8,-19.8,26.8,0,0,26.4,1,13222,1,13222,10084,9961,11520,8526,12793,12541,11902,12255,13702,1,14058,10098,14116,18603,13726,9360,8263,8846,7269,10529,12108,21484,17117,2246,150,16664,1,27:19
2024-25,1630526,Jeremiah Robinson-Earl,Jeremiah,1610612740,NOP,New Orleans Pelicans,0022400017,2024-11-15T00:00:00,NOP vs. DEN,W,21.836666666666666,3.3,6.6,0.5,0.0,1.6,0.0,3.3,3.3,1.0,6.6,6.6,13.2,3.3,0.0,0.0,0.0,0.0,1.6,1.6,9.9,6.6,30.7,0,0,26.4,1,1,13086,1,14629,18766,22022,8526,15070,20113,15070,7119,9319,1,1331,7120,2675,11992,16469,12854,8263,8846,16717,14461,18265,9339,14301,2246,150,16645,1,21:50
2024-25,201144,Mike Conley,Mike,1610612750,MIN,Minnesota Timberwolves,0022400020,2024-11-15T00:00:00,MIN @ SAC,W,36.75,3.9,11.8,0.333,3.9,8.8,0.444,2.0,2.9,0.667,0.0,3.9,3.9,6.9,0.0,4.9,0.0,0.0,1.0,2.0,13.7,9.8,43.4,0,0,38.2,1,1,13086,1,2159,17277,14019,17395,4167,5081,7211,10781,10115,9425,14058,13974,17519,4199,16469,959,8263,8846,19817,13276,14256,7791,5934,2246,150,7895,1,36:45
2024-25,1630574,Ariel Hukporti,Ariel,1610612752,NYK,New York Knicks,0022400014,2024-11-15T00:00:00,NYK vs. BKN,W,30.016666666666666,3.6,6.0,0.6,0.0,0.0,0.0,1.2,2.4,0.5,2.4,2.4,4.8,3.6,3.6,0.0,4.8,0.0,3.6,1.2,8.4,-4.8,30.3,0,0,26.4,1,1,13086,1,7767,18087,22609,5394,15070,20945,15070,12592,11494,10625,6927,18487,15311,11092,4782,12854,572,8846,8434,16409,19596,15470,14541,2246,150,16634,1,30:01
2024-25,1642272,Jared McCain,Jared,1610612755,PHI,Philadelphia 76ers,0022400010,2024-11-15T00:00:00,PHI @ ORL,L,31.35333333333333,11.5,19.5,0.588,5.7,11.5,0.5,4.6,4.6,1.0,1.1,0.0,1.1,4.6,0.0,0.0,0.0,1.1,6.9,4.6,33.3,14.9,41.6,0,0,44.8,1,13222,1,13222,6548,1880,3330,6229,1534,2121,3944,4695,6669,1,12127,22137,23013,8432,16469,12854,8263,6654,2069,4961,1268,5659,6849,2246,150,4355,1,31:21
2024-25,1630557,Corey Kispert,Corey,1610612764,WAS,Washington Wizards,0022400012,2024-11-15T00:00:00,WAS @ ATL,L,31.916666666666668,6.8,14.7,0.462,4.5,9.0,0.5,0.0,0.0,0.0,0.0,5.6,5.6,2.3,1.1,1.1,0.0,3.4,1.1,1.1,18.0,-10.2,30.5,0,0,32.7,1,13222,1,13222,6045,9508,9111,12428,3048,4785,3944,13505,14344,13505,14058,9194,13176,15410,14952,10790,8263,1007,18939,16780,9796,17950,14452,2246,150,11871,1,31:55
2024-25,1631099,Keegan Murray,Keegan,1610612758,SAC,Sacramento Kings,0022400020,2024-11-15T00:00:00,SAC vs. MIN,L,45.05,4.8,12.0,0.4,1.6,5.6,0.286,0.0,0.0,0.0,2.4,5.6,8.0,1.6,0.0,0.8,0.8,0.0,0.8,0.8,11.2,-5.6,28.0,1,0,25.6,1,13222,1,13222,55,14964,13607,14933,11680,11742,11433,13505,14344,13505,6933,9320,8284,17657,16469,12837,8243,8846,20243,17717,17002,15878,16255,1,150,17227,1,45:03
2024-25,203954,Joel Embiid,Joel,1610612755,PHI,Philadelphia 76ers,0022400010,2024-11-15T00:00:00,PHI @ ORL,L,32.733333333333334,5.5,16.5,0.333,0.0,5.5,0.0,11.0,11.0,1.0,1.1,7.7,8.8,2.2,6.6,1.1,1.1,1.1,2.2,7.7,22.0,-9.9,35.9,0,0,37.4,1,13222,1,13222,5376,12975,6426,17395,15070,11945,15070,488,1024,1,12467,5169,7028,15622,1080,11019,6786,7045,14092,1199,6218,17851,10472,2246,150,8438,1,32:44
2024-25,1627783,Pascal Siakam,Pascal,1610612754,IND,Indiana Pacers,0022400009,2024-11-15T00:00:00,IND vs. MIA,L,29.933333333333334,7.2,16.8,0.429,1.2,4.8,0.25,1.2,1.2,1.0,2.4,3.6,6.0,2.4,1.2,0.0,0.0,0.0,2.4,1.2,16.8,-30.1,26.5,0,0,26.5,1,13222,1,13222,7840,8411,5995,13735,13346,13669,11902,12578,13879,1,6901,14896,12240,14860,14421,12854,8263,8846,13173,16384,11017,23749,17314,2246,150,16572,1,29:56
2024-25,1630539,Kai Jones,Kai,1610612746,LAC,LA Clippers,0022400016,2024-11-15T00:00:00,LAC @ HOU,L,11.133333333333333,6.5,6.5,1.0,0.0,0.0,0.0,0.0,0.0,0.0,3.2,9.7,12.9,0.0,3.2,0.0,3.2,0.0,6.5,0.0,12.9,-3.2,34.9,0,0,32.3,1,13222,1,13222,21649,10270,22141,1,15070,20945,15070,13505,14344,13505,4877,2821,2843,19908,5723,12854,1441,8846,2427,17725,15156,14692,11109,2246,150,12118,1,11:08
2024-25,1627832,Fred VanVleet,Fred,1610612745,HOU,Houston Rockets,0022400016,2024-11-15T00:00:00,HOU vs. LAC,W,33.31666666666667,7.6,16.2,0.467,4.3,8.6,0.5,0.0,0.0,0.0,0.0,7.6,7.6,10.8,2.2,2.2,0.0,1.1,4.3,0.0,19.4,42.1,49.1,1,0,46.5,1,1,13086,1,4886,7615,6825,12249,3347,5353,3944,13505,14344,13505,14058,5389,9043,1067,9681,5542,8263,7222,6213,17725,8420,832,3607,1,150,3669,1,33:19
2024-25,203484,Kentavious Caldwell-Pope,Kentavious,1610612753,ORL,Orlando Magic,0022400010,2024-11-15T00:00:00,ORL vs. PHI,W,33.416666666666664,3.2,9.7,0.333,2.2,6.5,0.333,0.0,0.0,0.0,0.0,1.1,1.1,1.1,2.2,2.2,0.0,0.0,2.2,1.1,8.6,8.6,15.8,0,0,17.2,1,1,13086,1,4795,18926,17587,17395,9426,9614,9209,13505,14344,13505,14058,21811,23118,19423,9705,5565,8263,8846,14328,17015,19417,8349,22915,2246,150,22200,1,33:25
2024-25,1631172,Ousmane Dieng,Ousmane,1610612760,OKC,Oklahoma City Thunder,0022400018,2024-11-15T00:00:00,OKC vs. PHX,W,21.716666666666665,3.3,13.3,0.25,1.7,9.9,0.167,3.3,3.3,1.0,1.7,6.6,8.3,1.7,3.3,1.7,0.0,0.0,6.6,1.7,11.6,6.6,25.7,0,0,26.5,1,1,13086,1,14741,18714,11369,20233,11513,3553,14236,7074,9269,1,9723,7033,7787,17481,5468,7775,8263,8846,2289,14418,16565,9318,17824,2246,150,16526,1,21:43
2024-25,1631107,Nikola Jović,Nikola,1610612748,MIA,Miami Heat,0022400009,2024-11-15T00:00:00,MIA @ IND,W,29.633333333333333,6.1,9.7,0.625,1.2,4.9,0.25,0.0,0.0,0.0,1.2,6.1,7.3,1.2,0.0,1.2,0.0,0.0,2.4,1.2,13.4,1.2,27.6,0,0,25.5,1,1,13086,1,8100,11300,17540,4899,13285,13537,11902,13505,14344,13505,11694,8164,9592,18969,16469,10053,8263,8846,13071,16329,14669,12000,16519,2246,150,17272,1,29:38
2024-25,1629611,Terance Mann,Terance,1610612746,LAC,LA Clippers,0022400016,2024-11-15T00:00:00,LAC @ HOU,L,12.516666666666667,2.9,11.5,0.25,0.0,2.9,0.0,0.0,0.0,0.0,0.0,11.5,11.5,0.0,0.0,0.0,0.0,0.0,5.8,0.0,5.8,2.9,19.6,0,0,17.3,1,13222,1,13222,20981,19720,14462,20233,15070,17904,15070,13505,14344,13505,14058,1626,3941,19908,16469,12854,8263,8846,3310,17725,21564,11182,21378,2246,150,22187,1,12:31
2024-25,203926,Doug McDermott,Doug,1610612758,SAC,Sacramento Kings,0022400020,2024-11-15T00:00:00,SAC vs. MIN,L,15.533333333333333,7.0,13.9,0.5,4.6,9.3,0.5,0.0,0.0,0.0,0.0,7.0,7.0,2.3,0.0,0.0,0.0,0.0,2.3,0.0,18.5,9.3,30.4,0,0,32.4,1,13222,1,13222,19234,9041,10326,8526,2826,4418,3944,13505,14344,13505,14058,6442,10235,15162,16469,12854,8263,8846,13567,17725,9277,8059,14529,2246,150,12031,1,15:32
2024-25,1626164,Devin Booker,Devin,1610612756,PHX,Phoenix Suns,0022400018,2024-11-15T00:00:00,PHX @ OKC,L,33.88333333333333,2.1,10.6,0.2,0.0,0.0,0.0,8.5,8.5,1.0,1.1,3.2,4.2,4.2,4.2,1.1,1.1,4.2,2.1,5.3,12.7,-30.8,26.3,0,0,25.5,1,13222,1,13222,4366,21200,16009,21401,15070,20945,15070,1188,2190,1,12775,16128,16682,9253,3416,11367,7044,564,14494,3611,15336,23859,17386,2246,150,17281,1,33:53
2024-25,1628386,Jarrett Allen,Jarrett,1610612739,CLE,Cleveland Cavaliers,0022400013,2024-11-15T00:00:00,CLE vs. CHI,W,36.57,10.8,14.8,0.733,0.0,0.0,0.0,2.0,2.0,1.0,1.0,8.9,9.8,3.0,2.0,3.0,2.0,1.0,0.0,3.0,23.6,8.9,52.7,1,0,46.3,1,1,13086,1,2292,2391,8961,2644,15070,20945,15070,10750,12806,1,13384,3651,5613,13078,10672,3265,3569,8057,20257,9411,5035,8240,2543,1,150,3723,1,36:34
2024-25,1631098,Johnny Davis,Johnny,1610612764,WAS,Washington Wizards,0022400012,2024-11-15T00:00:00,WAS @ ATL,L,6.733333333333333,0.0,10.7,0.0,0.0,0.0,0.0,0.0,0.0,0.0,0.0,10.7,10.7,0.0,0.0,5.3,5.3,5.3,0.0,0.0,0.0,-16.0,44.9,0,0,32.1,1,13222,1,13222,23265,22635,15888,22635,15070,20945,15070,13505,14344,13505,14058,2077,4705,19908,16469,716,428,307,20257,17725,23200,20265,5222,2246,150,12318,1,6:44
2024-25,1630188,Jalen Smith,Jalen,1610612741,CHI,Chicago Bulls,0022400013,2024-11-15T00:00:00,CHI @ CLE,L,14.12,5.1,7.6,0.667,0.0,2.5,0.0,5.1,5.1,1.0,0.0,7.6,7.6,2.5,0.0,0.0,0.0,0.0,0.0,2.5,15.3,0.0,28.3,0,0,25.5,1,13222,1,13222,20136,14095,20715,3281,15070,18542,15070,3889,5757,1,14058,5238,8884,14369,16469,12854,8263,8846,20257,10803,12617,12240,15992,2246,150,17285,1,14:07
2024-25,1626172,Kevon Looney,Kevon,1610612744,GSW,Golden State Warriors,0022400019,2024-11-15T00:00:00,GSW vs. MEM,W,12.5,5.8,11.5,0.5,0.0,0.0,0.0,5.8,11.5,0.5,8.6,11.5,20.2,8.6,2.9,0.0,0.0,0.0,5.8,5.8,17.3,11.5,51.6,0,0,46.1,1,1,13086,1,20992,12230,14438,8526,15070,20945,15070,3123,886,10625,628,1617,506,2309,6918,12854,8263,8846,3292,2956,10543,7000,2825,2246,150,3789,1,12:30
2024-25,202684,Tristan Thompson,Tristan,1610612739,CLE,Cleveland Cavaliers,0022400013,2024-11-15T00:00:00,CLE vs. CHI,W,4.533333333333333,7.9,7.9,1.0,0.0,0.0,0.0,0.0,7.9,0.0,0.0,0.0,0.0,0.0,7.9,0.0,0.0,0.0,7.9,7.9,15.9,-15.9,7.9,0,0,15.9,1,1,13086,1,24213,6751,20351,1,15070,20945,15070,13505,2555,13505,14058,22137,23286,19908,601,12854,8263,8846,1387,1052,12036,20226,24703,2246,150,22755,1,4:32
2024-25,1631212,Peyton Watson,Peyton,1610612743,DEN,Denver Nuggets,0022400017,2024-11-15T00:00:00,DEN @ NOP,L,29.216666666666665,7.4,14.8,0.5,1.2,6.2,0.2,6.2,7.4,0.833,0.0,6.2,6.2,0.0,0.0,1.2,0.0,1.2,1.2,3.7,22.2,-4.9,33.3,0,0,32.0,1,13222,1,13222,8478,8025,8931,8526,13191,10293,13429,2715,3004,7275,14058,7989,11914,19908,16469,9928,8263,6043,18368,7141,6085,15547,12376,2246,150,12363,1,29:13
2024-25,1630183,Jaden McDaniels,Jaden,1610612750,MIN,Minnesota Timberwolves,0022400020,2024-11-15T00:00:00,MIN @ SAC,W,37.4,4.8,12.5,0.385,2.9,7.7,0.375,1.0,1.9,0.5,2.9,2.9,5.8,2.9,2.9,2.9,1.0,1.0,5.8,1.0,13.5,3.9,33.4,0,0,32.7,1,1,13086,1,1739,14908,12704,16070,6903,7002,8800,13344,12919,10625,5616,17121,12821,13319,6889,3440,7734,8244,3262,17509,14539,10725,12265,2246,150,11849,1,37:24
2024-25,1630541,Moses Moody,Moses,1610612744,GSW,Golden State Warriors,0022400019,2024-11-15T00:00:00,GSW vs. MEM,W,16.475,8.7,17.5,0.5,6.6,10.9,0.6,6.6,10.9,0.6,0.0,6.6,6.6,2.2,4.4,0.0,0.0,2.2,4.4,6.6,30.6,4.4,37.4,0,0,45.9,1,1,13086,1,18615,5205,5267,8526,974,2565,2992,2356,1047,10343,14058,7191,11048,15681,3193,12854,8263,2683,6101,2029,1898,10443,9432,2246,150,3863,1,16:29
2024-25,1629048,Goga Bitadze,Goga,1610612753,ORL,Orlando Magic,0022400010,2024-11-15T00:00:00,ORL vs. PHI,W,26.9,1.3,1.3,1.0,0.0,0.0,0.0,0.0,0.0,0.0,1.3,4.0,5.4,1.3,6.7,1.3,2.7,0.0,2.7,0.0,2.7,-4.0,16.5,0,0,17.4,1,1,13086,1,10417,22359,24827,1,15070,20945,15070,13505,14344,13505,11021,13674,13911,18539,1029,9251,2110,8846,12134,17725,23031,15077,22683,2246,150,22132,1,26:54
2024-25,1626166,Cameron Payne,Cameron,1610612752,NYK,New York Knicks,0022400014,2024-11-15T00:00:00,NYK vs. BKN,W,19.183333333333334,7.5,18.8,0.4,3.8,11.3,0.333,0.0,1.9,0.0,0.0,5.6,5.6,0.0,1.9,1.9,0.0,0.0,5.6,1.9,18.8,-9.4,29.3,0,0,31.9,1,1,13086,1,16683,7750,3957,14933,4564,2287,9209,13505,13036,13505,14058,9227,13210,19908,11172,6877,8263,8846,3497,13599,9063,17619,15305,2246,150,12456,1,19:11
2024-25,1628983,Shai Gilgeous-Alexander,Shai,1610612760,OKC,Oklahoma City Thunder,0022400018,2024-11-15T00:00:00,OKC vs. PHX,W,32.93333333333333,12.0,27.3,0.44,2.2,7.7,0.286,4.4,4.4,1.0,3.3,3.3,6.6,4.4,2.2,0.0,1.1,1.1,2.2,2.2,30.6,23.0,46.1,0,0,45.9,1,1,13086,1,5210,1505,468,13537,9286,7076,11433,5038,7069,1,4785,15855,11038,8954,9566,12854,6833,7104,14152,12217,1890,3278,4684,2246,150,3850,1,32:56
2024-25,1631124,Julian Strawther,Julian,1610612743,DEN,Denver Nuggets,0022400017,2024-11-15T00:00:00,DEN @ NOP,L,20.35,1.8,10.6,0.167,1.8,7.1,0.25,3.5,3.5,1.0,0.0,5.3,5.3,0.0,1.8,0.0,0.0,1.8,1.8,1.8,8.8,-19.5,13.4,0,0,15.9,1,13222,1,13222,15748,21801,16025,21938,11192,8304,11902,6622,8813,1,14058,10012,14031,19908,11673,12854,8263,3981,16311,14039,19229,21387,23650,2246,150,22741,1,20:21
2024-25,1628374,Lauri Markkanen,Lauri,1610612762,UTA,Utah Jazz,0022400228,2024-11-14T00:00:00,UTA vs. DAL,W,24.438333333333333,5.9,11.8,0.5,2.9,7.4,0.4,4.4,4.4,1.0,1.5,5.9,7.4,2.9,1.5,0.0,0.0,1.5,5.9,5.9,19.2,16.2,30.9,0,0,32.4,1,1,13086,1,12538,11823,13968,8526,6700,7693,7874,4960,6998,1,10422,8560,9444,13104,12887,12854,8263,4873,3080,2754,8693,5183,14101,2246,150,12056,1,24:26
2024-25,1629012,Collin Sexton,Collin,1610612762,UTA,Utah Jazz,0022400228,2024-11-14T00:00:00,UTA vs. DAL,W,31.083333333333332,8.1,13.9,0.583,2.3,5.8,0.4,0.0,0.0,0.0,2.3,3.5,5.8,3.5,2.3,1.2,0.0,2.3,3.5,1.2,18.5,-11.6,31.8,0,0,32.4,1,1,13086,1,6807,6395,10348,6296,8792,11223,7874,13505,14344,13505,7189,15309,12777,11473,8999,10516,8263,2392,8821,16606,9291,18561,13439,2246,150,12041,1,31:05
2024-25,1630548,Johnny Juzang,Johnny,1610612762,UTA,Utah Jazz,0022400228,2024-11-14T00:00:00,UTA vs. DAL,W,6.916666666666667,0.0,15.6,0.0,0.0,10.4,0.0,0.0,0.0,0.0,0.0,0.0,0.0,5.2,0.0,5.2,0.0,5.2,5.2,0.0,0.0,-20.8,23.4,0,0,15.6,1,1,13086,1,23209,22635,7676,22635,15070,3058,15070,13505,14344,13505,14058,22137,23286,7021,16469,782,8263,325,4180,17725,23200,21786,19299,2246,150,22843,1,6:55
2024-25,1630702,Jaden Hardy,Jaden,1610612742,DAL,Dallas Mavericks,0022400228,2024-11-14T00:00:00,DAL @ UTA,L,22.071666666666665,4.9,9.8,0.5,0.0,3.3,0.0,1.6,1.6,1.0,1.6,1.6,3.3,1.6,4.9,4.9,0.0,0.0,3.3,3.3,11.4,-13.0,27.6,0,0,26.1,1,13222,1,13222,14443,14690,17412,8526,15070,17157,15070,11541,13361,1,9808,20604,19080,17570,2479,966,8263,8846,9612,8376,16767,19145,16530,2246,150,16869,1,22:04
2024-25,1641718,Keyonte George,Keyonte,1610612762,UTA,Utah Jazz,0022400228,2024-11-14T00:00:00,UTA vs. DAL,W,31.033333333333335,5.8,11.6,0.5,4.6,8.1,0.571,0.0,0.0,0.0,0.0,0.0,0.0,7.0,3.5,2.3,0.0,0.0,2.3,0.0,16.2,-10.4,30.2,0,0,32.5,1,1,13086,1,6853,12113,14305,8526,2819,6239,3506,13505,14344,13505,14058,22137,23286,4051,5058,4958,8263,8846,13556,17725,11667,18083,14690,2246,150,12002,1,31:02
2024-25,1628381,John Collins,John,1610612762,UTA,Utah Jazz,0022400228,2024-11-14T00:00:00,UTA vs. DAL,W,35.5,10.1,20.3,0.5,1.0,3.0,0.333,7.1,7.1,1.0,6.1,3.0,9.1,3.0,4.1,2.0,0.0,5.1,2.0,5.1,28.4,-4.1,45.9,0,0,45.6,1,1,13086,1,3067,3065,2776,8526,14463,17567,9209,1943,3272,1,1572,16576,6543,12787,3768,6119,8263,353,14976,3968,2634,15093,4767,2246,150,3961,1,35:30
2024-25,1630230,Naji Marshall,Naji,1610612742,DAL,Dallas Mavericks,0022400228,2024-11-14T00:00:00,DAL @ UTA,L,33.916666666666664,9.6,14.9,0.643,0.0,2.1,0.0,1.1,1.1,1.0,2.1,0.0,2.1,4.2,3.2,3.2,0.0,0.0,2.1,1.1,20.2,6.4,35.5,0,0,32.9,1,13222,1,13222,4334,3810,8806,4607,15070,19328,15070,13039,14109,1,7875,22137,21570,9261,5870,2773,8263,8846,14508,17111,7773,9436,10767,2246,150,11728,1,33:55
2024-25,1628467,Maxi Kleber,Maxi,1610612742,DAL,Dallas Mavericks,0022400228,2024-11-14T00:00:00,DAL @ UTA,L,16.783333333333335,2.1,4.3,0.5,0.0,2.1,0.0,2.1,4.3,0.5,0.0,0.0,0.0,0.0,0.0,0.0,0.0,0.0,4.3,4.3,6.4,-10.7,6.4,0,0,6.4,1,13222,1,13222,18397,21156,23934,8526,15070,19281,15070,10148,7230,10625,14058,22137,23286,19908,16469,12854,8263,8846,6314,5616,21101,18194,24869,2246,150,24956,1,16:47
2024-25,1642262,Cody Williams,Cody,1610612762,UTA,Utah Jazz,0022400228,2024-11-14T00:00:00,UTA vs. DAL,W,15.483333333333333,2.3,7.0,0.333,0.0,2.3,0.0,2.3,4.7,0.5,0.0,7.0,7.0,4.7,2.3,0.0,0.0,0.0,4.7,2.3,7.0,25.6,20.0,0,0,18.6,1,1,13086,1,19259,20805,21591,17395,15070,18945,15070,9542,6577,10625,14058,6401,10182,8307,8964,12854,8263,8846,5412,11648,20748,2699,21174,2246,150,21585,1,15:29
2024-25,1641726,Dereck Lively II,Dereck,1610612742,DAL,Dallas Mavericks,0022400228,2024-11-14T00:00:00,DAL @ UTA,L,17.483333333333334,4.1,4.1,1.0,0.0,0.0,0.0,2.1,4.1,0.5,2.1,2.1,4.1,0.0,2.1,2.1,8.2,0.0,10.3,2.1,10.3,22.7,44.1,0,0,35.0,1,13222,1,13222,17940,16804,24039,1,15070,20945,15070,10441,7593,10625,8123,19481,17025,19908,10217,5965,134,8846,641,12804,17863,3330,5633,2246,150,10091,1,17:29
2024-25,203915,Spencer Dinwiddie,Spencer,1610612742,DAL,Dallas Mavericks,0022400228,2024-11-14T00:00:00,DAL @ UTA,L,15.833333333333334,0.0,4.5,0.0,0.0,2.3,0.0,0.0,0.0,0.0,0.0,4.5,4.5,2.3,4.5,4.5,2.3,0.0,0.0,0.0,0.0,0.0,24.8,0,0,20.5,1,13222,1,13222,19040,22635,23776,22635,15070,19041,15070,13505,14344,13505,14058,12127,15928,15331,2926,1192,2792,8846,20257,17725,23200,12240,18432,2246,150,20599,1,15:50
2024-25,1629655,Daniel Gafford,Daniel,1610612742,DAL,Dallas Mavericks,0022400228,2024-11-14T00:00:00,DAL @ UTA,L,18.983333333333334,7.6,13.3,0.571,0.0,0.0,0.0,3.8,7.6,0.5,7.6,1.9,9.5,0.0,0.0,0.0,3.8,1.9,1.9,3.8,19.0,-36.0,41.7,0,0,36.0,1,13222,1,13222,16837,7552,11350,6538,15070,20945,15070,6098,2826,10625,919,19985,6087,19908,16469,12854,1035,3558,15694,6865,8892,24529,6768,2246,150,9347,1,18:59
2024-25,1642271,Kyle Filipowski,Kyle,1610612762,UTA,Utah Jazz,0022400228,2024-11-14T00:00:00,UTA vs. DAL,W,29.833333333333332,7.2,9.7,0.75,1.2,1.2,1.0,1.2,4.8,0.25,3.6,4.8,8.4,2.4,2.4,1.2,0.0,0.0,2.4,3.6,16.9,-13.3,31.9,0,0,31.4,1,1,13086,1,7938,8360,17665,2107,13322,20613,1,12564,6244,13358,4179,11346,7555,14833,8598,10122,8263,8846,13136,7333,10968,19214,13435,2246,150,12872,1,29:50
2024-25,1629234,Drew Eubanks,Drew,1610612762,UTA,Utah Jazz,0022400228,2024-11-14T00:00:00,UTA vs. DAL,W,17.061666666666667,4.2,6.3,0.667,0.0,0.0,0.0,2.1,4.2,0.5,2.1,8.4,10.5,2.1,0.0,2.1,2.1,0.0,2.1,2.1,10.5,23.2,39.0,0,0,31.6,1,1,13086,1,18222,16545,22294,3281,15070,20945,15070,10263,7374,10625,7923,4128,4862,15968,16469,5741,3177,8846,14568,12568,17612,3220,8382,2246,150,12667,1,17:04
2024-25,1629656,Quentin Grimes,Quentin,1610612742,DAL,Dallas Mavericks,0022400228,2024-11-14T00:00:00,DAL @ UTA,L,36.03333333333333,5.0,9.0,0.556,3.0,7.0,0.429,2.0,3.0,0.667,0.0,4.0,4.0,5.0,1.0,1.0,0.0,0.0,4.0,3.0,15.0,3.0,29.3,0,0,29.0,1,13222,1,13222,2659,14396,18740,7248,6532,8478,7394,10650,9985,9425,14058,13735,17327,7478,15852,11967,8263,8846,7156,9274,12920,11121,15307,2246,150,14729,1,36:02
2024-25,1629029,Luka Dončić,Luka,1610612742,DAL,Dallas Mavericks,0022400228,2024-11-14T00:00:00,DAL @ UTA,L,38.06666666666667,12.3,23.6,0.52,3.8,12.3,0.308,6.6,6.6,1.0,0.9,5.7,6.6,8.5,2.8,0.9,0.0,0.0,0.0,5.7,35.0,-7.6,55.7,0,0,55.8,1,13222,1,13222,1345,1356,1175,8497,4494,1627,11292,2301,3743,1,13682,9109,10907,2411,7078,12391,8263,8846,20257,3071,958,16764,1860,2246,150,1340,1,38:04
2024-25,1642268,Isaiah Collier,Isaiah,1610612762,UTA,Utah Jazz,0022400228,2024-11-14T00:00:00,UTA vs. DAL,W,18.4,2.0,3.9,0.5,0.0,2.0,0.0,0.0,0.0,0.0,2.0,2.0,3.9,2.0,9.8,5.9,2.0,0.0,3.9,2.0,3.9,23.5,25.2,0,0,25.4,1,1,13086,1,17275,21481,24129,8526,15070,19633,15070,13505,14344,13505,8588,19807,17529,16535,341,508,3615,8846,7395,13289,22592,3153,18119,2246,150,17327,1,18:24
2024-25,202691,Klay Thompson,Klay,1610612742,DAL,Dallas Mavericks,0022400228,2024-11-14T00:00:00,DAL @ UTA,L,28.111666666666668,7.7,21.8,0.353,6.4,16.6,0.385,0.0,0.0,0.0,0.0,3.8,3.8,2.6,3.8,0.0,1.3,1.3,0.0,3.8,21.8,5.1,30.2,0,0,37.1,1,13222,1,13222,9456,7307,1918,17268,1060,443,8766,13505,14344,13505,14058,14203,17725,14335,4204,12854,5735,5751,20257,6739,6405,10045,14651,2246,150,8626,1,28:07
2024-25,203939,Dwight Powell,Dwight,1610612742,DAL,Dallas Mavericks,0022400228,2024-11-14T00:00:00,DAL @ UTA,L,12.716666666666667,0.0,2.8,0.0,0.0,0.0,0.0,0.0,0.0,0.0,5.7,2.8,8.5,8.5,2.8,0.0,5.7,0.0,5.7,0.0,0.0,17.0,37.1,0,0,28.3,1,13222,1,13222,20884,22635,24547,22635,15070,20945,15070,13505,14344,13505,1836,17292,7476,2425,7110,12854,369,8846,3449,17725,23200,4915,9641,2246,150,15202,1,12:43
2024-25,203903,Jordan Clarkson,Jordan,1610612762,UTA,Utah Jazz,0022400228,2024-11-14T00:00:00,UTA vs. DAL,W,30.25,8.3,19.0,0.438,3.6,10.7,0.333,3.6,3.6,1.0,2.4,2.4,4.8,4.8,0.0,0.0,0.0,1.2,1.2,2.4,23.8,3.6,36.7,0,0,36.9,1,1,13086,1,7548,5922,3723,13558,4979,2759,9209,6551,8741,1,6983,18543,15404,8020,16469,12854,8263,6334,18586,11428,4937,10869,9919,2246,150,8790,1,30:15
2024-25,1631111,Wendell Moore Jr.,Wendell,1610612765,DET,Detroit Pistons,0022400223,2024-11-13T00:00:00,DET @ MIL,L,23.016666666666666,6.3,12.5,0.5,1.6,3.1,0.5,0.0,0.0,0.0,3.1,3.1,6.3,0.0,1.6,1.6,0.0,1.6,3.1,1.6,14.1,-26.6,24.7,0,0,25.0,1,13222,1,13222,13711,10829,12706,8526,11808,17406,3944,13505,14344,13505,5081,16338,11697,19908,12487,8132,8263,4541,10176,14747,13866,23148,18480,2246,150,17659,1,23:01
2024-25,1626220,Royce O'Neale,Royce,1610612756,PHX,Phoenix Suns,0022400227,2024-11-13T00:00:00,PHX @ SAC,L,21.916666666666668,3.3,19.7,0.167,1.6,9.9,0.167,0.0,0.0,0.0,1.6,6.6,8.2,6.6,1.6,1.6,0.0,1.6,3.3,0.0,8.2,-9.9,31.2,0,0,27.9,1,13222,1,13222,14561,18789,3172,21938,11557,3656,14236,13505,14344,13505,9775,7161,7916,4609,12169,7838,8263,4319,9500,17725,19739,17817,13892,2246,150,15480,1,21:55
2024-25,1629060,Rui Hachimura,Rui,1610612747,LAL,Los Angeles Lakers,0022400225,2024-11-13T00:00:00,LAL vs. MEM,W,35.78333333333333,6.0,7.0,0.857,3.0,4.0,0.75,4.0,5.0,0.8,3.0,4.0,7.0,3.0,1.0,1.0,1.0,0.0,1.0,4.0,19.1,7.0,37.1,0,0,36.2,1,1,13086,1,2834,11413,21513,1412,6437,15525,1542,5659,5860,7681,5295,13649,10075,12865,15807,11898,7449,8846,19672,6239,8726,9114,9607,2246,150,9211,1,35:47
2024-25,1642259,Alex Sarr,Alex,1610612764,WAS,Washington Wizards,0022400224,2024-11-13T00:00:00,WAS @ SAS,L,25.533333333333335,8.5,19.7,0.429,0.0,7.0,0.0,0.0,0.0,0.0,1.4,1.4,2.8,2.8,2.8,1.4,1.4,1.4,2.8,0.0,16.9,-24.0,30.2,0,0,28.2,1,13222,1,13222,11556,5689,3158,13735,15070,8361,15070,13505,14344,13505,10695,21054,20198,13521,7147,8838,5186,5137,11549,17725,10940,22567,14681,2246,150,15296,1,25:32
2024-25,1630245,Ayo Dosunmu,Ayo,1610612741,CHI,Chicago Bulls,0022400219,2024-11-13T00:00:00,CHI @ NYK,W,25.16,7.2,11.4,0.625,2.9,4.3,0.667,5.7,5.7,1.0,0.0,4.3,4.3,8.6,1.4,2.9,1.4,1.4,5.7,2.9,22.9,-5.7,52.4,0,0,47.2,1,1,13086,1,11872,8572,14580,4899,7016,14932,1957,3166,4864,1,14058,12830,16554,2356,13102,3509,5113,5058,3354,9720,5561,15935,2627,2246,150,3393,1,25:10
2024-25,1627752,Taurean Prince,Taurean,1610612749,MIL,Milwaukee Bucks,0022400223,2024-11-13T00:00:00,MIL vs. DET,W,44.69,4.8,12.9,0.375,2.4,6.4,0.375,0.0,0.0,0.0,0.8,7.2,8.1,2.4,0.0,0.0,0.0,1.6,1.6,0.0,12.1,-1.6,25.4,1,0,25.0,1,1,13086,1,66,14849,12060,16299,8431,9664,8800,13505,14344,13505,14040,5905,8162,14824,16469,12854,8263,4405,16830,17725,16060,13843,18024,1,150,17705,1,44:41
2024-25,201569,Eric Gordon,Eric,1610612755,PHI,Philadelphia 76ers,0022400220,2024-11-13T00:00:00,PHI vs. CLE,L,11.833333333333334,6.1,12.2,0.5,3.0,6.1,0.5,6.1,6.1,1.0,0.0,6.1,6.1,0.0,6.1,3.0,0.0,0.0,0.0,3.0,21.3,9.1,31.6,0,0,36.5,1,13222,1,13222,21369,11266,13303,8526,6367,10478,3944,2788,4366,1,14058,8134,12083,19908,1330,3063,8263,8846,20257,9093,6830,8121,13585,2246,150,9042,1,11:50
2024-25,1629026,Kenrich Williams,Kenrich,1610612760,OKC,Oklahoma City Thunder,0022400221,2024-11-13T00:00:00,OKC vs. NOP,W,14.016666666666667,7.7,7.7,1.0,2.6,2.6,1.0,0.0,0.0,0.0,0.0,2.6,2.6,0.0,0.0,0.0,2.6,0.0,2.6,2.6,18.0,30.8,28.8,0,0,28.3,1,1,13086,1,20187,7264,20647,1,7922,18502,1,13505,14344,13505,14058,18012,20683,19908,16469,12854,2264,8846,12535,10734,9868,1856,15665,2246,150,15248,1,14:01
2024-25,1630643,Jay Huff,Jay,1610612763,MEM,Memphis Grizzlies,0022400225,2024-11-13T00:00:00,MEM @ LAL,L,12.85,8.4,22.4,0.375,0.0,11.2,0.0,0.0,5.6,0.0,2.8,5.6,8.4,0.0,0.0,2.8,2.8,0.0,0.0,2.8,16.8,-44.8,43.7,0,0,36.4,1,13222,1,13222,20819,5787,1628,16299,15070,2323,15070,13505,5044,13505,5860,9299,7611,19908,16469,3688,1952,8846,20257,9955,11049,25178,5804,2246,150,9088,1,12:51
2024-25,1630538,Bones Hyland,Bones,1610612746,LAC,LA Clippers,0022400222,2024-11-13T00:00:00,LAC @ HOU,L,5.316666666666666,6.8,27.1,0.25,6.8,13.5,0.5,13.5,13.5,1.0,6.8,0.0,6.8,0.0,0.0,0.0,0.0,6.8,0.0,6.8,33.9,20.3,42.0,0,0,47.4,1,13222,1,13222,23861,9492,493,20233,856,1073,3944,233,526,1,1243,22137,10591,19908,16469,12854,8263,170,20257,1841,1155,3862,6631,2246,150,3341,1,5:19
2024-25,1642264,Stephon Castle,Stephon,1610612759,SAS,San Antonio Spurs,0022400224,2024-11-13T00:00:00,SAS vs. WAS,W,27.2,4.0,7.9,0.5,1.3,4.0,0.333,4.0,5.3,0.75,0.0,1.3,1.3,6.6,2.6,0.0,1.3,0.0,2.6,4.0,13.2,14.6,26.1,0,0,25.1,1,1,13086,1,10190,17157,20351,8526,12758,15641,9209,5742,5472,8186,14058,21237,22788,4548,7707,12854,5544,8846,12249,6388,14833,5802,17568,2246,150,17564,1,27:12
2024-25,1627826,Ivica Zubac,Ivica,1610612746,LAC,LA Clippers,0022400222,2024-11-13T00:00:00,LAC @ HOU,L,27.45,5.2,10.5,0.5,0.0,0.0,0.0,0.0,2.6,0.0,2.6,5.2,7.9,1.3,0.0,1.3,1.3,2.6,2.6,1.3,10.5,-1.3,29.8,0,0,24.9,1,13222,1,13222,9976,13678,16231,8526,15070,20945,15070,13505,10924,13505,6291,10169,8519,18623,16469,9399,5601,1848,12351,15856,17670,13722,14963,2246,150,17742,1,27:27
2024-25,1630560,Cam Thomas,Cam,1610612751,BKN,Brooklyn Nets,0022400218,2024-11-13T00:00:00,BKN vs. BOS,L,27.65,6.5,14.3,0.455,3.9,6.5,0.6,5.2,5.2,1.0,0.0,3.9,3.9,3.9,2.6,1.3,0.0,0.0,3.9,3.9,22.1,-22.1,34.0,0,0,36.5,1,13222,1,13222,9830,10169,9657,12676,4186,9528,2992,3764,5598,1,14058,14004,17552,10210,7864,9443,8263,8846,7424,6546,6109,22107,11830,2246,150,9070,1,27:39
2024-25,1642346,Ryan Dunn,Ryan,1610612756,PHX,Phoenix Suns,0022400227,2024-11-13T00:00:00,PHX @ SAC,L,27.718333333333334,5.2,14.3,0.364,2.6,9.1,0.286,0.0,2.6,0.0,2.6,1.3,3.9,1.3,0.0,1.3,2.6,1.3,5.2,1.3,13.0,-37.7,31.3,0,0,28.6,1,13222,1,13222,9777,13836,9713,16861,7839,4683,11433,13505,10982,13505,6354,21285,17580,18664,16469,9461,2220,5661,4207,15917,15102,24667,13825,2246,150,15010,1,27:43
2024-25,201942,DeMar DeRozan,DeMar,1610612758,SAC,Sacramento Kings,0022400227,2024-11-13T00:00:00,SAC vs. PHX,W,17.433333333333334,2.1,4.1,0.5,0.0,0.0,0.0,0.0,0.0,0.0,2.1,8.3,10.3,6.2,4.1,2.1,4.1,2.1,2.1,0.0,4.1,0.0,40.3,0,0,33.0,1,1,13086,1,17972,21289,24033,8526,15070,20945,15070,13505,14344,13505,8099,4337,5092,5166,3607,5932,848,3011,14781,17725,22494,12240,7590,2246,150,11625,1,17:26
2024-25,1630596,Evan Mobley,Evan,1610612739,CLE,Cleveland Cavaliers,0022400220,2024-11-13T00:00:00,CLE @ PHI,W,34.2,4.2,8.4,0.5,0.0,0.0,0.0,6.3,6.3,1.0,2.1,5.3,7.4,1.1,4.2,1.1,0.0,1.1,1.1,4.2,14.7,17.9,24.1,0,0,25.3,1,1,13086,1,4097,16562,19608,8526,15070,20945,15070,2573,4108,1,7933,10118,9438,19515,3482,11465,8263,7469,19389,5812,13164,4593,18878,2246,150,17470,1,34:12
2024-25,1626145,Tyus Jones,Tyus,1610612756,PHX,Phoenix Suns,0022400227,2024-11-13T00:00:00,PHX @ SAC,L,31.35,3.4,12.6,0.273,2.3,10.3,0.222,2.3,2.3,1.0,2.3,0.0,2.3,9.2,0.0,0.0,0.0,2.3,0.0,1.1,11.5,-8.0,28.0,0,0,25.3,1,13222,1,13222,6549,18448,12507,20048,8867,3119,13288,9638,11794,1,7256,22137,21208,1875,16469,12854,8263,2436,20257,16657,16697,16989,16218,2246,150,17462,1,31:21
2024-25,202699,Tobias Harris,Tobias,1610612765,DET,Detroit Pistons,0022400223,2024-11-13T00:00:00,DET @ MIL,L,44.193333333333335,3.3,12.2,0.267,1.6,4.1,0.4,0.0,0.0,0.0,0.0,6.5,6.5,4.1,0.0,0.8,1.6,0.0,1.6,1.6,8.1,0.8,29.4,0,0,25.3,1,13222,1,13222,86,18863,13228,20170,11602,15420,7874,13505,14344,13505,14058,7271,11143,9734,16469,12824,4484,8846,16781,14531,19794,12236,15209,2246,150,17473,1,44:12
2024-25,1627832,Fred VanVleet,Fred,1610612745,HOU,Houston Rockets,0022400222,2024-11-13T00:00:00,HOU vs. LAC,W,34.1,6.3,19.0,0.333,2.1,7.4,0.286,1.1,2.1,0.5,0.0,5.3,5.3,5.3,2.1,2.1,2.1,0.0,0.0,3.2,15.8,-10.6,40.6,0,0,37.0,1,1,13086,1,4167,10602,3757,17395,9634,7641,11433,13061,12387,10625,14058,10079,14095,6868,9948,5734,3172,8846,20257,8673,12089,18134,7369,2246,150,8760,1,34:06
2024-25,1629675,Naz Reid,Naz,1610612750,MIN,Minnesota Timberwolves,0022400226,2024-11-13T00:00:00,MIN @ POR,L,28.166666666666668,6.4,15.3,0.417,2.6,10.2,0.25,3.8,5.1,0.75,1.3,2.6,3.8,2.6,0.0,1.3,1.3,1.3,3.8,2.6,19.2,-14.1,35.3,0,0,33.2,1,13222,1,13222,9408,10470,8043,14532,7952,3242,11902,6010,5733,8186,11310,18041,17737,14345,16469,9593,5746,5764,7638,10776,8677,19524,10883,2246,150,11472,1,28:10
2024-25,1627742,Brandon Ingram,Brandon,1610612740,NOP,New Orleans Pelicans,0022400221,2024-11-13T00:00:00,NOP @ OKC,L,35.25,7.1,18.4,0.389,4.1,8.2,0.5,0.0,0.0,0.0,2.0,4.1,6.1,6.1,8.2,1.0,0.0,0.0,2.0,1.0,18.4,-17.4,29.8,0,0,36.8,1,13222,1,13222,3274,8582,4301,16009,3817,6140,3944,13505,14344,13505,8193,13464,11980,5282,555,11748,8263,8846,14907,17313,9430,20731,14926,2246,150,8863,1,35:15
2024-25,1630530,Trey Murphy III,Trey,1610612740,NOP,New Orleans Pelicans,0022400221,2024-11-13T00:00:00,NOP @ OKC,L,25.933333333333334,5.6,16.7,0.333,2.8,11.1,0.25,5.6,5.6,1.0,0.0,2.8,2.8,2.8,1.4,0.0,0.0,0.0,4.2,2.8,19.4,-2.8,25.5,0,0,27.8,1,13222,1,13222,11215,12837,6230,17395,7295,2409,11902,3363,5122,1,14058,17479,20304,13662,13351,12854,8263,8846,6654,10053,8434,14439,17913,2246,150,15603,1,25:56
2024-25,1630166,Deni Avdija,Deni,1610612757,POR,Portland Trail Blazers,0022400226,2024-11-13T00:00:00,POR vs. MIN,W,18.4,2.0,9.8,0.2,2.0,3.9,0.5,7.8,7.8,1.0,0.0,11.7,11.7,2.0,5.9,2.0,0.0,2.0,3.9,7.8,13.7,29.3,30.7,0,0,33.3,1,1,13086,1,17275,21481,17417,21401,10365,15752,3944,1493,2646,1,14058,1506,3720,16535,1488,6469,8263,3368,7395,1112,14288,2059,14266,2246,150,11443,1,18:24
2024-25,201935,James Harden,James,1610612746,LAC,LA Clippers,0022400222,2024-11-13T00:00:00,LAC @ HOU,L,31.416666666666668,6.9,17.2,0.4,3.4,9.2,0.375,4.6,5.7,0.8,0.0,6.9,6.9,8.0,1.1,3.4,0.0,1.1,1.1,6.9,21.8,-13.8,51.2,0,0,47.0,1,13222,1,13222,6487,9232,5586,14933,5295,4586,8800,4706,4851,7681,14058,6574,10370,2868,14824,2323,8263,6668,18837,1762,6403,19399,2920,2246,150,3481,1,31:25
2024-25,1626156,D'Angelo Russell,D'Angelo,1610612747,LAL,Los Angeles Lakers,0022400225,2024-11-13T00:00:00,LAL vs. MEM,W,20.4,5.3,15.9,0.333,3.5,10.6,0.333,0.0,0.0,0.0,0.0,3.5,3.5,3.5,1.8,0.0,0.0,0.0,3.5,0.0,14.1,8.8,21.9,0,0,24.7,1,1,13086,1,15715,13542,7290,17395,5082,2882,9209,13505,14344,13505,14058,15141,18486,11309,11684,12854,8263,8846,8666,17725,13824,8261,20212,2246,150,17884,1,20:24
2024-25,1630183,Jaden McDaniels,Jaden,1610612750,MIN,Minnesota Timberwolves,0022400226,2024-11-13T00:00:00,MIN @ POR,L,33.8,3.2,9.6,0.333,0.0,3.2,0.0,1.1,2.1,0.5,1.1,5.3,6.4,2.1,1.1,4.3,0.0,2.1,6.4,3.2,7.5,3.2,30.0,0,0,24.5,1,13222,1,13222,4440,19007,17801,17395,15070,17277,15070,13025,12323,10625,12756,9971,11419,15893,15384,1412,8263,2832,2497,8581,20358,11020,14765,2246,150,18010,1,33:48
2024-25,1631204,Marcus Sasser,Marcus,1610612765,DET,Detroit Pistons,0022400223,2024-11-13T00:00:00,DET @ MIL,L,24.741666666666667,5.8,8.7,0.667,1.5,2.9,0.5,2.9,2.9,1.0,0.0,0.0,0.0,1.5,0.0,1.5,1.5,1.5,0.0,1.5,16.0,-20.4,26.9,0,0,24.7,1,13222,1,13222,12235,12063,19139,3281,12231,17844,3944,8061,10205,1,14058,22137,23286,18160,16469,8611,5022,4965,20257,15219,11917,21657,17015,2246,150,17865,1,24:45
2024-25,1630592,Jalen Wilson,Jalen,1610612751,BKN,Brooklyn Nets,0022400218,2024-11-13T00:00:00,BKN vs. BOS,L,22.233333333333334,6.5,8.1,0.8,1.6,1.6,1.0,3.2,3.2,1.0,1.6,6.5,8.1,6.5,1.6,1.6,0.0,0.0,3.2,3.2,17.8,-8.1,40.5,0,0,37.2,1,13222,1,13222,14326,10240,20095,1688,11624,20142,1,7235,9440,1,9848,7357,8106,4751,12256,7917,8263,8846,9703,8437,10019,17015,7475,2246,150,8555,1,22:14
2024-25,1641739,Toumani Camara,Toumani,1610612757,POR,Portland Trail Blazers,0022400226,2024-11-13T00:00:00,POR vs. MIN,W,35.4,5.1,9.2,0.556,1.0,3.1,0.333,0.0,0.0,0.0,2.0,6.1,8.1,1.0,2.0,2.0,0.0,0.0,1.0,1.0,11.2,-6.1,26.5,0,0,25.4,1,1,13086,1,3147,14134,18474,7248,14443,17549,9209,13505,14344,13505,8235,8095,8031,19627,10335,6089,8263,8846,19597,17324,17003,16109,17265,2246,150,17338,1,35:24
2024-25,1628969,Mikal Bridges,Mikal,1610612752,NYK,New York Knicks,0022400219,2024-11-13T00:00:00,NYK vs. CHI,L,42.96666666666667,6.7,12.6,0.533,0.8,3.4,0.25,2.5,2.5,1.0,0.0,5.0,5.0,4.2,2.5,0.8,0.0,0.0,0.0,2.5,16.8,1.7,29.1,0,0,28.5,1,13222,1,13222,156,9673,12630,8140,15044,16961,11902,9005,11171,1,14058,10804,14732,9413,8186,12810,8263,8846,20257,10941,11117,11801,15436,2246,150,15076,1,42:58
2024-25,1629626,Bol Bol,Bol,1610612756,PHX,Phoenix Suns,0022400227,2024-11-13T00:00:00,PHX @ SAC,L,5.783333333333333,6.2,12.4,0.5,0.0,0.0,0.0,18.7,18.7,1.0,6.2,0.0,6.2,0.0,0.0,0.0,0.0,0.0,0.0,12.4,31.1,-18.7,38.6,0,0,37.3,1,13222,1,13222,23675,10902,12813,8526,15070,20945,15070,92,164,1,1513,22137,11763,19908,16469,12854,8263,8846,20257,177,1750,21126,8648,2246,150,8472,1,5:47
2024-25,1631106,Tari Eason,Tari,1610612745,HOU,Houston Rockets,0022400222,2024-11-13T00:00:00,HOU vs. LAC,W,25.983333333333334,11.1,19.4,0.571,0.0,2.8,0.0,2.8,2.8,1.0,2.8,11.1,13.9,1.4,1.4,1.4,2.8,0.0,1.4,1.4,24.9,26.3,54.7,1,0,48.5,1,1,13086,1,11176,2198,3420,6538,15070,18121,15070,8409,10556,1,5926,1863,2302,18390,13372,8979,1996,8846,17679,15512,4241,2553,2047,1,150,2989,1,25:59
2024-25,1642263,Reed Sheppard,Reed,1610612745,HOU,Houston Rockets,0022400222,2024-11-13T00:00:00,HOU vs. LAC,W,11.366666666666667,3.2,12.7,0.25,0.0,9.5,0.0,0.0,0.0,0.0,0.0,6.3,6.3,6.3,0.0,3.2,0.0,0.0,3.2,0.0,6.3,41.2,32.9,0,0,25.3,1,1,13086,1,21548,19062,12441,20233,15070,4104,15070,13505,14344,13505,14058,7630,11531,4968,16469,2803,8263,8846,10007,17725,21161,893,12635,2246,150,17403,1,11:22
2024-25,1631105,Jalen Duren,Jalen,1610612765,DET,Detroit Pistons,0022400223,2024-11-13T00:00:00,DET @ MIL,L,34.13,3.2,4.2,0.75,0.0,0.0,0.0,3.2,4.2,0.75,4.2,5.3,9.5,6.3,5.3,0.0,0.0,1.1,5.3,2.1,9.5,-9.5,25.1,0,0,25.3,1,13222,1,13222,4148,19074,23980,2107,15070,20945,15070,7405,7376,8186,3283,10093,6079,4984,2039,12854,8263,7455,4071,12571,18642,17668,18213,2246,150,17421,1,34:08
2024-25,1630202,Payton Pritchard,Payton,1610612738,BOS,Boston Celtics,0022400218,2024-11-13T00:00:00,BOS @ BKN,W,36.21666666666667,8.0,12.9,0.615,5.0,8.9,0.556,2.0,4.0,0.5,2.0,4.0,6.0,8.0,1.0,2.0,1.0,0.0,3.0,4.0,22.9,13.9,49.9,0,0,47.7,1,1,13086,1,2521,6729,11997,5246,2319,4905,3747,10696,7884,10625,8443,13800,12372,2938,15891,6312,7512,8846,10805,6375,5582,6043,3297,2246,150,3251,1,36:13
2024-25,1630703,Scoot Henderson,Scoot,1610612757,POR,Portland Trail Blazers,0022400226,2024-11-13T00:00:00,POR vs. MIN,W,27.166666666666668,5.3,13.3,0.4,1.3,4.0,0.333,2.7,2.7,1.0,0.0,5.3,5.3,6.6,6.6,2.7,0.0,0.0,2.7,2.7,14.6,-8.0,32.2,0,0,33.1,1,1,13086,1,10216,13529,11383,14933,12749,15633,9209,8685,10859,1,14058,10023,14039,4534,1066,4015,8263,8846,12240,10471,13319,16955,13171,2246,150,11550,1,27:10
2024-25,1628991,Jaren Jackson Jr.,Jaren,1610612763,MEM,Memphis Grizzlies,0022400225,2024-11-13T00:00:00,MEM @ LAL,L,33.28333333333333,10.8,21.6,0.5,2.2,7.6,0.286,7.6,8.7,0.875,1.1,6.5,7.6,1.1,2.2,2.2,1.1,0.0,5.4,5.4,31.4,-1.1,49.6,0,0,48.7,1,13222,1,13222,4911,2404,1969,8526,9386,7232,11433,1626,2087,6931,12620,7333,9024,19406,9670,5532,6909,8846,3840,3467,1676,13597,3371,2246,150,2931,1,33:17
2024-25,1642277,Johnny Furphy,Johnny,1610612754,IND,Indiana Pacers,0022400217,2024-11-13T00:00:00,IND @ ORL,L,8.881666666666666,12.2,24.3,0.5,0.0,4.1,0.0,4.1,4.1,1.0,8.1,0.0,8.1,0.0,4.1,4.1,0.0,8.1,0.0,4.1,28.4,-32.4,46.2,0,0,44.6,1,13222,1,13222,22505,1427,973,8526,15070,15470,15070,5600,7729,1,748,22137,8084,19908,3775,1582,8263,103,20257,6159,2645,24094,4662,2246,150,4429,1,8:53
2024-25,1631213,Tyrese Martin,Tyrese,1610612751,BKN,Brooklyn Nets,0022400218,2024-11-13T00:00:00,BKN vs. BOS,L,17.116666666666667,4.2,12.6,0.333,4.2,10.5,0.4,0.0,0.0,0.0,0.0,0.0,0.0,0.0,2.1,0.0,0.0,2.1,0.0,0.0,12.6,-6.3,10.5,0,0,16.8,1,13222,1,13222,18188,16578,12532,17395,3548,2963,7874,13505,14344,13505,14058,22137,23286,19908,9984,12854,8263,2914,20257,17725,15468,16209,24334,2246,150,22371,1,17:07
2024-25,1630577,Julian Champagnie,Julian,1610612759,SAS,San Antonio Spurs,0022400224,2024-11-13T00:00:00,SAS vs. WAS,W,33.38333333333333,3.2,8.6,0.375,3.2,7.5,0.429,3.2,3.2,1.0,0.0,5.4,5.4,2.2,0.0,1.1,0.0,0.0,1.1,1.1,12.9,18.3,25.9,0,0,25.9,1,1,13086,1,4824,18921,19312,16299,5858,7279,7394,7246,9446,1,14058,9805,13831,15785,16469,11207,8263,8846,19225,17011,15155,4452,17694,2246,150,17019,1,33:23
2024-25,1629003,Shake Milton,Shake,1610612751,BKN,Brooklyn Nets,0022400218,2024-11-13T00:00:00,BKN vs. BOS,L,24.483333333333334,4.4,7.4,0.6,2.9,4.4,0.667,0.0,0.0,0.0,0.0,0.0,0.0,11.8,1.5,0.0,0.0,0.0,0.0,0.0,11.8,-23.5,27.9,0,0,26.5,1,13222,1,13222,12492,16038,21139,5394,6721,14650,1957,13505,14344,13505,14058,22137,23286,775,12898,12854,8263,8846,20257,17725,16384,22465,16271,2246,150,16567,1,24:29
2024-25,1628371,Jonathan Isaac,Jonathan,1610612753,ORL,Orlando Magic,0022400217,2024-11-13T00:00:00,ORL vs. IND,W,22.325,4.8,8.1,0.6,3.2,4.8,0.667,0.0,0.0,0.0,1.6,16.1,17.7,1.6,0.0,0.0,4.8,0.0,4.8,3.2,12.9,0.0,51.1,0,0,45.2,1,1,13086,1,14257,14840,20156,5394,5890,13603,1957,13505,14344,13505,9873,422,959,17612,16469,12854,561,8846,4974,8479,15200,12240,2960,2246,150,4185,1,22:20
2024-25,1627747,Caris LeVert,Caris,1610612739,CLE,Cleveland Cavaliers,0022400220,2024-11-13T00:00:00,CLE @ PHI,W,24.983333333333334,2.9,11.5,0.25,1.4,5.8,0.25,2.9,2.9,1.0,0.0,4.3,4.3,4.3,1.4,1.4,1.4,0.0,1.4,2.9,10.1,8.6,29.0,0,0,25.9,1,1,13086,1,12017,19706,14425,20233,12289,11289,11902,8143,10279,1,14058,12739,16480,9073,13055,8694,5070,8846,17474,9653,18068,8344,15514,2246,150,16987,1,24:59
2024-25,1626167,Myles Turner,Myles,1610612754,IND,Indiana Pacers,0022400217,2024-11-13T00:00:00,IND @ ORL,L,33.833333333333336,4.3,11.7,0.364,2.1,5.3,0.4,1.1,2.1,0.5,0.0,2.1,2.1,1.1,1.1,2.1,2.1,2.1,4.3,3.2,11.7,-3.2,27.6,0,0,25.5,1,13222,1,13222,4412,16446,14108,16861,9563,12412,7874,13031,12327,10625,14058,19277,21554,19466,15389,5667,3128,2838,6413,8590,16447,14669,16531,2246,150,17255,1,33:50
2024-25,1630583,Santi Aldama,Santi,1610612763,MEM,Memphis Grizzlies,0022400225,2024-11-13T00:00:00,MEM @ LAL,L,29.45,7.3,17.1,0.429,2.4,8.6,0.286,1.2,2.4,0.5,3.7,4.9,8.6,6.1,0.0,3.7,1.2,1.2,2.4,1.2,18.3,9.8,52.4,0,0,45.2,1,13222,1,13222,8267,8155,5683,13735,8332,5488,11433,12520,11350,10625,4089,11185,7384,5312,16469,2007,6035,6107,13004,16284,9480,7800,2602,2246,150,4146,1,29:27
2024-25,1631133,Jabari Walker,Jabari,1610612757,POR,Portland Trail Blazers,0022400226,2024-11-13T00:00:00,POR vs. MIN,W,2.2,0.0,0.0,0.0,0.0,0.0,0.0,0.0,0.0,0.0,0.0,16.4,16.4,0.0,16.4,0.0,0.0,0.0,32.7,0.0,0.0,-49.1,3.3,0,0,16.4,1,1,13086,1,25366,22635,24836,22635,15070,20945,15070,13505,14344,13505,14058,389,1303,19908,90,12854,8263,8846,32,17725,23200,25360,25115,2246,150,22561,1,2:12
2024-25,1629111,Jock Landale,Jock,1610612745,HOU,Houston Rockets,0022400222,2024-11-13T00:00:00,HOU vs. LAC,W,17.1,4.2,4.2,1.0,0.0,0.0,0.0,0.0,0.0,0.0,2.1,6.3,8.4,8.4,0.0,2.1,4.2,0.0,4.2,0.0,8.4,54.7,50.1,0,0,37.9,1,1,13086,1,18200,16562,23984,1,15070,20945,15070,13505,14344,13505,7933,7665,7589,2489,16469,5761,808,8846,6523,17725,19578,434,3244,2246,150,8092,1,17:06
2024-25,1628997,Caleb Martin,Caleb,1610612755,PHI,Philadelphia 76ers,0022400220,2024-11-13T00:00:00,PHI vs. CLE,L,33.9,8.5,13.8,0.615,1.1,4.2,0.25,1.1,1.1,1.0,1.1,6.4,7.4,1.1,2.1,2.1,0.0,0.0,0.0,3.2,19.1,-5.3,33.9,0,0,32.9,1,13222,1,13222,4348,5619,10483,5246,14183,15013,11902,13038,14107,1,12780,7554,9297,19476,9882,5681,8263,8846,20257,8601,8726,15749,11912,2246,150,11715,1,33:54
2024-25,1630171,Isaac Okoro,Isaac,1610612739,CLE,Cleveland Cavaliers,0022400220,2024-11-13T00:00:00,CLE @ PHI,W,20.116666666666667,5.4,10.7,0.5,5.4,10.7,0.5,0.0,0.0,0.0,0.0,3.6,3.6,0.0,0.0,3.6,0.0,0.0,5.4,0.0,16.1,10.7,31.1,0,0,32.2,1,1,13086,1,15932,13348,15819,8526,1877,2745,3944,13505,14344,13505,14058,14989,18369,19908,16469,2121,8263,8846,3893,17725,11813,7351,13961,2246,150,12207,1,20:07
2024-25,1630527,Brandon Boston,Brandon,1610612740,NOP,New Orleans Pelicans,0022400221,2024-11-13T00:00:00,NOP @ OKC,L,31.3,3.5,11.5,0.3,0.0,2.3,0.0,2.3,2.3,1.0,4.6,6.9,11.5,4.6,6.9,2.3,1.2,3.5,3.5,3.5,9.2,-19.6,33.4,0,0,32.2,1,13222,1,13222,6607,18424,14467,19363,15070,18980,15070,9615,11772,1,2803,6528,3944,8408,932,5033,6486,955,8886,7800,18904,21414,12297,2246,150,12212,1,31:18
2024-25,203486,Mason Plumlee,Mason,1610612756,PHX,Phoenix Suns,0022400227,2024-11-13T00:00:00,PHX @ SAC,L,11.498333333333333,0.0,9.4,0.0,0.0,0.0,0.0,3.1,6.3,0.5,0.0,12.5,12.5,0.0,6.3,0.0,0.0,3.1,6.3,6.3,3.1,-25.0,11.9,0,0,15.7,1,13222,1,13222,21493,22635,18126,22635,15070,20945,15070,7471,4167,10625,14058,1150,3116,19908,1241,12854,8263,1212,2640,2322,22912,22816,24036,2246,150,22835,1,11:30
2024-25,1627739,Kris Dunn,Kris,1610612746,LAC,LA Clippers,0022400222,2024-11-13T00:00:00,LAC @ HOU,L,30.633333333333333,5.9,11.8,0.5,1.2,4.7,0.25,0.0,0.0,0.0,0.0,4.7,4.7,9.4,1.2,2.4,0.0,0.0,4.7,0.0,12.9,12.9,38.5,0,0,32.9,1,13222,1,13222,7181,11874,14024,8526,13507,13953,11902,13505,14344,13505,14058,11698,15561,1759,14622,4867,8263,8846,5281,17725,15169,6427,8675,2246,150,11726,1,30:38
2024-25,1641710,Anthony Black,Anthony,1610612753,ORL,Orlando Magic,0022400217,2024-11-13T00:00:00,ORL vs. IND,W,24.75,2.9,7.3,0.4,0.0,1.5,0.0,2.9,2.9,1.0,0.0,5.8,5.8,8.7,2.9,5.8,1.5,1.5,0.0,7.3,8.7,-5.8,47.7,0,0,37.8,1,1,13086,1,12223,19634,21242,14933,15070,20316,15070,8065,10209,1,14058,8759,12726,2248,6804,527,5024,4967,20257,1462,19320,15980,4069,2246,150,8157,1,24:45
2024-25,1629660,Ty Jerome,Ty,1610612739,CLE,Cleveland Cavaliers,0022400220,2024-11-13T00:00:00,CLE @ PHI,W,13.45,8.0,10.7,0.75,5.4,5.4,1.0,0.0,0.0,0.0,0.0,0.0,0.0,5.4,5.4,0.0,0.0,0.0,8.0,0.0,21.4,-21.4,24.1,0,0,32.1,1,1,13086,1,20511,6573,15873,2107,1893,12321,1,13505,14344,13505,14058,22137,23286,6715,1951,12854,8263,8846,1351,17725,6722,21941,18883,2246,150,12282,1,13:27
2024-25,1629723,John Konchar,John,1610612763,MEM,Memphis Grizzlies,0022400225,2024-11-13T00:00:00,MEM @ LAL,L,10.633333333333333,0.0,3.4,0.0,0.0,3.4,0.0,0.0,0.0,0.0,3.4,6.8,10.2,6.8,0.0,0.0,0.0,0.0,3.4,0.0,0.0,-40.6,22.3,0,0,16.9,1,13222,1,13222,21861,22635,24352,22635,15070,16894,15070,13505,14344,13505,4569,6750,5270,4323,16469,12854,8263,8846,9130,17725,23200,24891,19953,2246,150,22341,1,10:38
2024-25,203935,Marcus Smart,Marcus,1610612763,MEM,Memphis Grizzlies,0022400225,2024-11-13T00:00:00,MEM @ LAL,L,22.633333333333333,4.8,8.0,0.6,3.2,6.4,0.5,11.1,12.7,0.875,1.6,1.6,3.2,9.5,6.4,1.6,1.6,0.0,3.2,8.0,23.9,-8.0,45.2,0,0,46.1,1,13222,1,13222,14002,15048,20342,5394,6004,9841,3944,459,626,6931,9961,20699,19286,1680,1194,8026,4585,8846,9941,1048,4901,16956,5094,2246,150,3775,1,22:38
2024-25,1631222,Jake LaRavia,Jake,1610612763,MEM,Memphis Grizzlies,0022400225,2024-11-13T00:00:00,MEM @ LAL,L,20.266666666666666,5.3,7.1,0.75,1.8,1.8,1.0,5.3,7.1,0.75,1.8,3.6,5.3,7.1,1.8,0.0,0.0,0.0,3.6,5.3,17.8,-7.1,33.0,0,0,32.0,1,13222,1,13222,15810,13472,21431,2107,11162,19951,1,3617,3259,8186,9332,15078,13976,3878,11644,12854,8263,8846,8592,3592,10068,16559,12565,2246,150,12412,1,20:16
2024-25,101108,Chris Paul,Chris,1610612759,SAS,San Antonio Spurs,0022400224,2024-11-13T00:00:00,SAS vs. WAS,W,28.726666666666667,3.8,8.8,0.429,1.3,3.8,0.333,2.5,2.5,1.0,0.0,3.8,3.8,13.8,1.3,3.8,0.0,0.0,1.3,1.3,11.3,30.1,46.5,0,0,37.6,1,1,13086,1,8900,17679,19071,13735,13083,16080,9209,9033,11193,1,14058,14450,17922,410,14080,1904,8263,8846,18261,16119,16915,1953,4536,2246,150,8298,1,28:44
2024-25,1641783,Tristan da Silva,Tristan,1610612753,ORL,Orlando Magic,0022400217,2024-11-13T00:00:00,ORL vs. IND,W,20.633333333333333,1.7,10.5,0.167,0.0,3.5,0.0,1.7,3.5,0.5,7.0,8.7,15.7,5.2,0.0,0.0,0.0,1.7,1.7,1.7,5.2,15.7,31.9,0,0,26.2,1,1,13086,1,15533,21840,16278,21938,15070,16673,15070,11340,8906,10625,1156,3808,1520,6975,16469,12854,8263,4036,16388,14132,21890,5352,13377,2246,150,16819,1,20:38
2024-25,203944,Julius Randle,Julius,1610612750,MIN,Minnesota Timberwolves,0022400226,2024-11-13T00:00:00,MIN @ POR,L,37.06666666666667,6.8,14.6,0.467,1.0,2.9,0.333,4.9,6.8,0.714,2.9,6.8,9.7,1.9,1.0,0.0,0.0,2.9,1.9,4.9,19.4,1.0,33.0,1,0,32.1,1,13222,1,13222,1945,9423,9255,12249,14696,17833,9209,4257,3567,9244,5556,6708,5782,16592,16015,12854,8263,1442,15445,4379,8441,12175,12576,1,150,12343,1,37:04
2024-25,1627814,Damion Lee,Damion,1610612756,PHX,Phoenix Suns,0022400227,2024-11-13T00:00:00,PHX @ SAC,L,10.965,3.3,13.1,0.25,0.0,6.6,0.0,6.6,6.6,1.0,0.0,0.0,0.0,3.3,3.3,0.0,0.0,0.0,0.0,3.3,13.1,-3.3,14.8,0,0,16.4,1,13222,1,13222,21727,18797,11614,20233,15070,9395,15070,2349,3813,1,14058,22137,23286,12044,5549,12854,8263,8846,20257,8298,14946,14707,23248,2246,150,22547,1,10:58
2024-25,1630224,Jalen Green,Jalen,1610612745,HOU,Houston Rockets,0022400222,2024-11-13T00:00:00,HOU vs. LAC,W,36.38333333333333,6.9,20.8,0.333,4.9,13.9,0.357,2.0,3.0,0.667,1.0,5.9,6.9,4.9,3.0,0.0,0.0,1.0,4.0,3.0,20.8,-9.9,33.5,0,0,37.6,1,1,13086,1,2419,9106,2466,17395,2339,970,9188,10716,10050,9425,13339,8470,10280,7579,6594,12854,8263,8011,7258,9361,7248,17850,12164,2246,150,8294,1,36:23
2024-25,1626162,Kelly Oubre Jr.,Kelly,1610612755,PHI,Philadelphia 76ers,0022400220,2024-11-13T00:00:00,PHI vs. CLE,L,33.7,8.5,15.0,0.571,2.1,5.3,0.4,2.1,2.1,1.0,2.1,4.3,6.4,0.0,0.0,0.0,1.1,0.0,1.1,3.2,21.4,-16.0,32.3,0,0,32.0,1,13222,1,13222,4549,5532,8672,6538,9521,12348,7874,10179,12298,1,7818,12885,11378,19908,16469,12854,6996,8846,19283,8545,6762,20260,13120,2246,150,12350,1,33:42
2024-25,1630191,Isaiah Stewart,Isaiah,1610612765,DET,Detroit Pistons,0022400223,2024-11-13T00:00:00,DET @ MIL,L,14.326666666666666,10.1,15.1,0.667,2.5,2.5,1.0,0.0,0.0,0.0,2.5,5.0,7.5,0.0,0.0,0.0,2.5,2.5,5.0,0.0,22.6,2.5,39.2,0,0,37.7,1,13222,1,13222,20001,3163,8473,3281,8105,18602,1,13505,14344,13505,6576,10809,9097,19908,16469,12854,2351,2025,4551,17725,5770,11362,8271,2246,150,8228,1,14:20
2024-25,1629018,Gary Trent Jr.,Gary,1610612749,MIL,Milwaukee Bucks,0022400223,2024-11-13T00:00:00,MIL vs. DET,W,34.31666666666667,4.2,8.4,0.5,3.1,5.2,0.6,0.0,0.0,0.0,0.0,4.2,4.2,3.1,0.0,2.1,0.0,1.0,1.0,2.1,11.5,18.9,27.6,0,0,26.2,1,1,13086,1,3991,16607,19650,8526,6104,12603,2992,13505,14344,13505,14058,13132,16822,12488,16469,5797,8263,7500,19411,12620,16629,4291,16507,2246,150,16780,1,34:19
2024-25,1630162,Anthony Edwards,Anthony,1610612750,MIN,Minnesota Timberwolves,0022400226,2024-11-13T00:00:00,MIN @ POR,L,40.13333333333333,9.0,22.4,0.4,0.0,8.1,0.0,3.6,3.6,1.0,0.0,3.6,3.6,3.6,2.7,3.6,0.9,0.0,1.8,1.8,21.5,-0.9,42.0,0,0,37.7,1,13222,1,13222,533,4763,1622,14933,15070,6331,15070,6509,8705,1,14058,14955,18342,11120,7559,2106,8098,8846,16210,13954,6613,13465,6632,2246,150,8236,1,40:08
2024-25,1641854,Craig Porter Jr.,Craig,1610612739,CLE,Cleveland Cavaliers,0022400220,2024-11-13T00:00:00,CLE @ PHI,W,10.516666666666667,3.4,3.4,1.0,0.0,0.0,0.0,3.4,6.8,0.5,0.0,3.4,3.4,6.8,3.4,0.0,0.0,0.0,0.0,6.8,10.3,-17.1,21.2,0,0,20.5,1,1,13086,1,21908,18488,24336,1,15070,20945,15070,6847,3523,10625,14058,15451,18723,4217,5178,12854,8263,8846,20257,1783,17888,20665,20584,2246,150,20554,1,10:31
2024-25,1629750,Javonte Green,Javonte,1610612740,NOP,New Orleans Pelicans,0022400221,2024-11-13T00:00:00,NOP @ OKC,L,26.466666666666665,1.4,13.6,0.1,0.0,5.4,0.0,0.0,2.7,0.0,1.4,5.4,6.8,2.7,0.0,0.0,0.0,2.7,0.0,1.4,2.7,-10.9,15.0,0,0,12.2,1,13222,1,13222,10757,22339,10828,22561,15070,12100,15070,13505,10690,13505,10926,9692,10527,13843,16469,12854,8263,1712,20257,15620,23020,18273,23190,2246,150,23930,1,26:28
2024-25,1642402,Enrique Freeman,Enrique,1610612754,IND,Indiana Pacers,0022400217,2024-11-13T00:00:00,IND @ ORL,L,2.135,0.0,16.9,0.0,0.0,0.0,0.0,0.0,0.0,0.0,0.0,0.0,0.0,0.0,0.0,0.0,0.0,16.9,0.0,0.0,0.0,67.4,0.0,0,0,0.0,1,13222,1,13222,25400,22635,5966,22635,15070,20945,15070,13505,14344,13505,14058,22137,23286,19908,16469,12854,8263,24,20257,17725,23200,261,25228,2246,150,25259,1,2:08
2024-25,1641779,Jalen Bridges,Jalen,1610612756,PHX,Phoenix Suns,0022400227,2024-11-13T00:00:00,PHX @ SAC,L,5.783333333333333,0.0,12.4,0.0,0.0,12.4,0.0,6.2,12.4,0.5,0.0,6.2,6.2,0.0,6.2,0.0,0.0,0.0,0.0,6.2,6.2,-18.7,7.5,0,0,12.4,1,13222,1,13222,23675,22635,12813,22635,15070,1551,15070,2657,671,10625,14058,7836,11763,19908,1259,12854,8263,8846,20257,2354,21235,21126,24759,2246,150,23883,1,5:47
2024-25,1630551,Justin Champagnie,Justin,1610612764,WAS,Washington Wizards,0022400224,2024-11-13T00:00:00,WAS @ SAS,L,0.6133333333333333,0.0,0.0,0.0,0.0,0.0,0.0,0.0,0.0,0.0,0.0,0.0,0.0,0.0,0.0,0.0,0.0,0.0,0.0,0.0,0.0,293.5,0.0,0,0,0.0,1,13222,1,13222,26178,22635,24836,22635,15070,20945,15070,13505,14344,13505,14058,22137,23286,19908,16469,12854,8263,8846,20257,17725,23200,13,25228,2246,150,25259,1,0:37
2024-25,1629645,Kevin Porter Jr.,Kevin,1610612746,LAC,LA Clippers,0022400222,2024-11-13T00:00:00,LAC @ HOU,L,5.783333333333333,0.0,6.2,0.0,0.0,6.2,0.0,0.0,0.0,0.0,0.0,0.0,0.0,0.0,0.0,0.0,0.0,0.0,18.7,6.2,0.0,-68.5,0.0,0,0,0.0,1,13222,1,13222,23675,22635,22391,22635,15070,10139,15070,13505,14344,13505,14058,22137,23286,19908,16469,12854,8263,8846,139,2354,23200,25860,25228,2246,150,25259,1,5:47
2024-25,1641748,Andre Jackson Jr.,Andre,1610612749,MIL,Milwaukee Bucks,0022400223,2024-11-13T00:00:00,MIL vs. DET,W,30.513333333333332,2.4,4.7,0.5,0.0,1.2,0.0,0.0,0.0,0.0,0.0,2.4,2.4,2.4,1.2,1.2,0.0,0.0,4.7,0.0,4.7,27.1,13.4,0,0,11.8,1,1,13086,1,7314,20742,23661,8526,15070,20650,15070,13505,14344,13505,14058,18596,21081,15018,14585,10345,8263,8846,5241,17725,22173,2403,23649,2246,150,24036,1,30:31
2024-25,1630194,Paul Reed,Paul,1610612765,DET,Detroit Pistons,0022400223,2024-11-13T00:00:00,DET @ MIL,L,8.1,0.0,0.0,0.0,0.0,0.0,0.0,0.0,0.0,0.0,0.0,0.0,0.0,0.0,0.0,0.0,0.0,0.0,13.3,0.0,0.0,-31.1,0.0,0,0,0.0,1,13222,1,13222,22780,22635,24836,22635,15070,20945,15070,13505,14344,13505,14058,22137,23286,19908,16469,12854,8263,8846,311,17725,23200,23909,25228,2246,150,25259,1,8:06
2024-25,1630590,Scotty Pippen Jr.,Scotty,1610612763,MEM,Memphis Grizzlies,0022400225,2024-11-13T00:00:00,MEM @ LAL,L,31.616666666666667,6.8,15.9,0.429,1.1,2.3,0.5,2.3,2.3,1.0,0.0,3.4,3.4,3.4,2.3,3.4,1.1,2.3,3.4,1.1,17.1,-11.4,37.7,0,0,34.2,1,13222,1,13222,6321,9342,7204,13735,13718,19034,3944,9700,11849,1,14058,15474,18751,11642,9175,2354,6547,2480,9019,16714,10768,18475,9231,2246,150,10730,1,31:37
2024-25,1631288,Jamal Cain,Jamal,1610612740,NOP,New Orleans Pelicans,0022400221,2024-11-13T00:00:00,NOP @ OKC,L,18.983333333333334,7.6,9.5,0.8,3.8,5.7,0.667,1.9,1.9,1.0,1.9,5.7,7.6,1.9,1.9,0.0,0.0,0.0,1.9,3.8,20.9,-26.5,30.9,0,0,34.1,1,13222,1,13222,16837,7552,17979,1688,4465,11477,1957,10965,12989,1,8831,9070,8996,16762,11063,12854,8263,8846,15694,6865,7196,23141,14118,2246,150,10743,1,18:59
2024-25,1631132,Christian Koloko,Christian,1610612747,LAL,Los Angeles Lakers,0022400225,2024-11-13T00:00:00,LAL vs. MEM,W,12.716666666666667,5.7,5.7,1.0,0.0,0.0,0.0,0.0,0.0,0.0,0.0,2.8,2.8,0.0,5.7,2.8,0.0,0.0,2.8,2.8,11.3,17.0,17.6,0,0,19.8,1,1,13086,1,20884,12526,22933,1,15070,20945,15070,13505,14344,13505,14058,17292,20165,19908,1670,3596,8263,8846,11505,9857,16865,4915,22280,2246,150,20962,1,12:43
2024-25,1629048,Goga Bitadze,Goga,1610612753,ORL,Orlando Magic,0022400217,2024-11-13T00:00:00,ORL vs. IND,W,27.816666666666666,7.8,9.1,0.857,0.0,0.0,0.0,0.0,0.0,0.0,7.8,7.8,15.5,1.3,3.9,1.3,2.6,0.0,5.2,1.3,15.5,3.9,43.9,1,0,40.1,1,1,13086,1,9700,7137,18628,1412,15070,20945,15070,13505,14344,13505,860,5058,1570,18678,4123,9492,2233,8846,4235,15932,12391,10709,5735,1,150,6713,1,27:49
2024-25,1628973,Jalen Brunson,Jalen,1610612752,NYK,New York Knicks,0022400219,2024-11-13T00:00:00,NYK vs. CHI,L,34.49666666666667,9.4,20.9,0.45,3.1,9.4,0.333,3.1,5.2,0.6,1.0,2.1,3.1,8.3,2.1,0.0,0.0,0.0,3.1,4.2,25.0,-13.6,39.2,0,0,39.7,1,13222,1,13222,3862,4034,2416,12982,6135,4265,9209,7472,5573,10343,12920,19396,19414,2558,10059,12854,8263,8846,10163,5895,4194,19328,8245,2246,150,6973,1,34:30
2024-25,1631172,Ousmane Dieng,Ousmane,1610612760,OKC,Oklahoma City Thunder,0022400221,2024-11-13T00:00:00,OKC vs. NOP,W,15.55,2.3,9.3,0.25,0.0,2.3,0.0,0.0,0.0,0.0,2.3,0.0,2.3,0.0,0.0,0.0,2.3,0.0,9.3,0.0,4.6,20.8,14.4,0,0,11.6,1,1,13086,1,19219,20821,18322,20233,15070,18957,15070,13505,14344,13505,7197,22137,21167,19908,16469,12854,2710,8846,884,17725,22221,3738,23379,2246,150,24093,1,15:33
2024-25,1630526,Jeremiah Robinson-Earl,Jeremiah,1610612740,NOP,New Orleans Pelicans,0022400221,2024-11-13T00:00:00,NOP @ OKC,L,24.016666666666666,1.5,10.5,0.143,1.5,7.5,0.2,3.0,3.0,1.0,4.5,4.5,9.0,1.5,3.0,0.0,0.0,1.5,3.0,3.0,7.5,-22.5,17.5,0,0,19.5,1,13222,1,13222,12885,22164,16230,22260,12035,7420,13429,7817,9983,1,2924,12272,6756,17979,6501,12854,8263,4779,10748,9270,20322,22218,22284,2246,150,21158,1,24:01
2024-25,1641712,Rayan Rupert,Rayan,1610612757,POR,Portland Trail Blazers,0022400226,2024-11-13T00:00:00,POR vs. MIN,W,2.716666666666667,0.0,0.0,0.0,0.0,0.0,0.0,0.0,0.0,0.0,0.0,0.0,0.0,0.0,13.3,0.0,0.0,0.0,0.0,0.0,0.0,-39.8,-13.3,0,0,0.0,1,1,13086,1,25110,22635,24836,22635,15070,20945,15070,13505,14344,13505,14058,22137,23286,19908,152,12854,8263,8846,20257,17725,23200,24828,26247,2246,150,25259,1,2:43
2024-25,1631095,Jabari Smith Jr.,Jabari,1610612745,HOU,Houston Rockets,0022400222,2024-11-13T00:00:00,HOU vs. LAC,W,20.583333333333332,1.7,10.5,0.167,1.7,7.0,0.25,3.5,3.5,1.0,5.2,1.7,7.0,1.7,1.7,0.0,0.0,1.7,0.0,5.2,8.7,-5.2,18.0,0,0,19.2,1,1,13086,1,15578,21836,16226,21938,11256,8474,11902,6707,8890,1,2146,20351,10154,17233,11740,12854,8263,4030,20257,3707,19305,15724,22086,2246,150,21273,1,20:35
2024-25,1630625,Dalano Banton,Dalano,1610612757,POR,Portland Trail Blazers,0022400226,2024-11-13T00:00:00,POR vs. MIN,W,23.95,6.0,10.5,0.571,1.5,1.5,1.0,6.0,7.5,0.8,0.0,3.0,3.0,7.5,1.5,3.0,1.5,0.0,1.5,4.5,19.5,28.6,46.4,0,0,40.6,1,1,13086,1,12946,11468,16175,6538,12017,20266,1,2845,2892,7681,14058,16695,19709,3377,12727,3126,4836,8846,17200,5118,8326,2175,4557,2246,150,6455,1,23:57
2024-25,203924,Jerami Grant,Jerami,1610612757,POR,Portland Trail Blazers,0022400226,2024-11-13T00:00:00,POR vs. MIN,W,35.38333333333333,3.1,12.2,0.25,2.0,4.1,0.5,0.0,0.0,0.0,0.0,3.1,3.1,2.0,1.0,1.0,1.0,0.0,2.0,1.0,8.1,-6.1,19.9,0,0,19.3,1,1,13086,1,3158,19319,13246,20233,9986,15429,3944,13505,14344,13505,14058,16547,19579,16246,15727,11788,7368,8846,14944,17322,19804,16111,21194,2246,150,21237,1,35:23
2024-25,1629216,Gabe Vincent,Gabe,1610612747,LAL,Los Angeles Lakers,0022400225,2024-11-13T00:00:00,LAL vs. MEM,W,12.62,0.0,17.1,0.0,0.0,11.4,0.0,0.0,0.0,0.0,0.0,0.0,0.0,0.0,0.0,0.0,0.0,5.7,5.7,0.0,0.0,17.1,0.0,0,0,0.0,1,1,13086,1,20935,22635,5679,22635,15070,2164,15070,13505,14344,13505,14058,22137,23286,19908,16469,12854,8263,246,3384,17725,23200,4861,25228,2246,150,25259,1,12:37
2024-25,1641767,Ben Sheppard,Ben,1610612754,IND,Indiana Pacers,0022400217,2024-11-13T00:00:00,IND @ ORL,L,25.758333333333333,2.8,8.4,0.333,1.4,2.8,0.5,0.0,0.0,0.0,1.4,2.8,4.2,1.4,0.0,1.4,1.4,0.0,2.8,0.0,7.0,-15.4,22.5,0,0,19.6,1,13222,1,13222,11362,19887,19656,17395,12461,18066,3944,13505,14344,13505,10762,17410,16830,18350,16469,8918,5242,8846,11665,17725,20739,20042,19873,2246,150,21113,1,25:46
2024-25,1628989,Kevin Huerter,Kevin,1610612758,SAC,Sacramento Kings,0022400227,2024-11-13T00:00:00,SAC vs. PHX,W,36.55,8.9,15.8,0.563,2.0,5.9,0.333,2.0,4.9,0.4,1.0,4.9,5.9,4.9,1.0,3.0,0.0,0.0,3.0,3.0,21.7,18.7,44.0,0,0,40.4,1,1,13086,1,2304,4939,7467,7127,10296,10916,9209,10746,6076,13061,13376,11102,12500,7632,15943,3260,8263,8846,10920,9403,6489,4340,5659,2246,150,6560,1,36:33
2024-25,1630581,Josh Giddey,Josh,1610612741,CHI,Chicago Bulls,0022400219,2024-11-13T00:00:00,CHI @ NYK,W,28.14,2.6,9.0,0.286,1.3,3.8,0.333,0.0,0.0,0.0,1.3,1.3,2.6,7.7,2.6,1.3,0.0,0.0,1.3,2.6,6.4,24.3,22.3,0,0,20.5,1,1,13086,1,9431,20353,18787,19630,12940,15922,9209,13505,14344,13505,11304,21329,20693,3206,8021,9588,8263,8846,18129,10767,21127,2964,20002,2246,150,20596,1,28:08
2024-25,1631260,AJ Green,AJ,1610612749,MIL,Milwaukee Bucks,0022400223,2024-11-13T00:00:00,MIL vs. DET,W,20.783333333333335,1.7,8.7,0.2,1.7,6.9,0.25,0.0,0.0,0.0,0.0,3.5,3.5,1.7,3.5,0.0,0.0,0.0,0.0,0.0,5.2,-26.0,8.5,0,0,12.1,1,1,13086,1,15435,21858,19258,21401,11303,8614,11902,13505,14344,13505,14058,15337,18628,17276,5096,12854,8263,8846,20257,17725,21914,23025,24635,2246,150,23950,1,20:47
2024-25,202704,Reggie Jackson,Reggie,1610612755,PHI,Philadelphia 76ers,0022400220,2024-11-13T00:00:00,PHI vs. CLE,L,27.0,6.7,9.3,0.714,4.0,5.3,0.75,0.0,0.0,0.0,0.0,5.3,5.3,5.3,1.3,1.3,0.0,0.0,1.3,0.0,17.3,2.7,34.4,0,0,34.7,1,13222,1,13222,10332,9769,18226,2752,3999,12367,1542,13505,14344,13505,14058,9937,13954,6755,13654,9282,8263,8846,17893,17725,10493,11285,11509,2246,150,10324,1,27:00
2024-25,1629731,Dean Wade,Dean,1610612739,CLE,Cleveland Cavaliers,0022400220,2024-11-13T00:00:00,CLE @ PHI,W,20.0,3.6,9.0,0.4,3.6,9.0,0.4,0.0,0.0,0.0,3.6,0.0,3.6,1.8,0.0,0.0,0.0,0.0,3.6,0.0,10.8,-5.4,17.8,0,0,19.8,1,1,13086,1,16013,18082,18708,14933,4925,4827,7874,13505,14344,13505,4213,22137,18325,17084,16469,12854,8263,8846,8427,17725,17370,15785,22169,2246,150,20983,1,20:00
2024-25,1629674,Neemias Queta,Neemias,1610612738,BOS,Boston Celtics,0022400218,2024-11-13T00:00:00,BOS @ BKN,W,21.266666666666666,6.8,6.8,1.0,0.0,0.0,0.0,0.0,0.0,0.0,0.0,1.7,1.7,1.7,0.0,0.0,1.7,0.0,6.8,1.7,13.5,32.2,23.2,0,0,20.3,1,1,13086,1,15095,9492,21808,1,15070,20945,15070,13505,14344,13505,14058,20478,22311,17387,16469,12854,4310,8846,2165,14297,14450,1718,19441,2246,150,20683,1,21:16
2024-25,1630214,Xavier Tillman,Xavier,1610612738,BOS,Boston Celtics,0022400218,2024-11-13T00:00:00,BOS @ BKN,W,1.7333333333333334,0.0,0.0,0.0,0.0,0.0,0.0,0.0,0.0,0.0,0.0,0.0,0.0,0.0,0.0,0.0,0.0,0.0,0.0,0.0,0.0,-41.5,0.0,0,0,0.0,1,1,13086,1,25646,22635,24836,22635,15070,20945,15070,13505,14344,13505,14058,22137,23286,19908,16469,12854,8263,8846,20257,17725,23200,24938,25228,2246,150,25259,1,1:44
2024-25,1642502,Malevy Leons,Malevy,1610612760,OKC,Oklahoma City Thunder,0022400221,2024-11-13T00:00:00,OKC vs. NOP,W,3.283333333333333,0.0,0.0,0.0,0.0,0.0,0.0,0.0,0.0,0.0,0.0,0.0,0.0,0.0,0.0,0.0,0.0,0.0,0.0,0.0,0.0,-43.9,0.0,0,0,0.0,1,1,13086,1,24848,22635,24836,22635,15070,20945,15070,13505,14344,13505,14058,22137,23286,19908,16469,12854,8263,8846,20257,17725,23200,25112,25228,2246,150,25259,1,3:17
2024-25,203994,Jusuf Nurkić,Jusuf,1610612756,PHX,Phoenix Suns,0022400227,2024-11-13T00:00:00,PHX @ SAC,L,21.6,1.7,11.7,0.143,0.0,5.0,0.0,1.7,3.3,0.5,8.3,10.0,18.3,1.7,3.3,5.0,0.0,3.3,3.3,1.7,5.0,-18.3,41.2,0,0,35.0,1,13222,1,13222,14851,21938,14186,22260,15070,13210,15070,11472,9234,10625,694,2587,824,17452,5405,901,8263,1041,9324,14382,22003,21026,7072,2246,150,10093,1,21:36
2024-25,1629669,Jaylen Nowell,Jaylen,1610612740,NOP,New Orleans Pelicans,0022400221,2024-11-13T00:00:00,NOP @ OKC,L,25.833333333333332,5.6,15.3,0.364,0.0,7.0,0.0,0.0,2.8,0.0,2.8,5.6,8.4,1.4,1.4,0.0,1.4,0.0,1.4,2.8,11.1,-13.9,26.1,0,0,23.7,1,13222,1,13222,11308,12773,8060,16861,15070,8521,15070,13505,10514,13505,5891,9352,7671,18361,13311,12854,5253,8846,17648,10006,17039,19478,17576,2246,150,18545,1,25:50
2024-25,1630346,Matt Ryan,Matt,1610612752,NYK,New York Knicks,0022400219,2024-11-13T00:00:00,NYK vs. CHI,L,5.033333333333333,0.0,7.2,0.0,0.0,0.0,0.0,0.0,0.0,0.0,0.0,0.0,0.0,0.0,0.0,0.0,0.0,0.0,0.0,0.0,0.0,-21.5,0.0,0,0,0.0,1,13222,1,13222,23981,22635,21376,22635,15070,20945,15070,13505,14344,13505,14058,22137,23286,19908,16469,12854,8263,8846,20257,17725,23200,21956,25228,2246,150,25259,1,5:02
2024-25,1630231,KJ Martin,KJ,1610612755,PHI,Philadelphia 76ers,0022400220,2024-11-13T00:00:00,PHI vs. CLE,L,15.433333333333334,0.0,7.0,0.0,0.0,4.7,0.0,0.0,0.0,0.0,0.0,2.3,2.3,0.0,2.3,0.0,0.0,0.0,9.3,0.0,0.0,9.3,0.5,0,0,2.3,1,13222,1,13222,19289,22635,21567,22635,15070,14047,15070,13505,14344,13505,14058,18668,21130,19908,8932,12854,8263,8846,861,17725,23200,8034,25222,2246,150,25247,1,15:26
2024-25,1641731,Bilal Coulibaly,Bilal,1610612764,WAS,Washington Wizards,0022400224,2024-11-13T00:00:00,WAS @ SAS,L,37.93333333333333,1.9,4.7,0.4,0.0,0.0,0.0,1.9,3.8,0.5,0.9,6.6,7.6,2.8,0.0,0.0,0.9,0.0,0.9,3.8,5.7,-9.5,21.9,0,0,18.0,1,13222,1,13222,1416,21588,23645,14933,15070,20945,15070,10959,8259,10625,13657,7012,8983,13451,16469,12854,7837,8846,19975,6860,21596,17665,20191,2246,150,21845,1,37:56
2024-25,1631169,Josh Minott,Josh,1610612750,MIN,Minnesota Timberwolves,0022400226,2024-11-13T00:00:00,MIN @ POR,L,3.9833333333333334,9.0,18.1,0.5,0.0,9.0,0.0,0.0,0.0,0.0,0.0,0.0,0.0,0.0,0.0,0.0,0.0,0.0,18.1,0.0,18.1,-9.0,18.1,0,0,18.1,1,13222,1,13222,24489,4632,4586,8526,15070,4762,15070,13505,14344,13505,14058,22137,23286,19908,16469,12854,8263,8846,150,17725,9762,17440,22059,2246,150,21827,1,3:59
2024-25,1630198,Isaiah Joe,Isaiah,1610612760,OKC,Oklahoma City Thunder,0022400221,2024-11-13T00:00:00,OKC vs. NOP,W,21.733333333333334,0.0,8.3,0.0,0.0,8.3,0.0,0.0,0.0,0.0,0.0,5.0,5.0,0.0,0.0,1.7,0.0,0.0,1.7,0.0,0.0,-3.3,10.9,0,0,8.3,1,1,13086,1,14727,22635,19821,22635,15070,5943,15070,13505,14344,13505,14058,10968,14877,19908,16469,7779,8263,8846,16677,17725,23200,14719,24253,2246,150,24724,1,21:44
2024-25,1641741,Ricky Council IV,Ricky,1610612755,PHI,Philadelphia 76ers,0022400220,2024-11-13T00:00:00,PHI vs. CLE,L,11.0,0.0,13.1,0.0,0.0,6.5,0.0,0.0,0.0,0.0,3.3,0.0,3.3,0.0,0.0,0.0,0.0,0.0,0.0,3.3,0.0,0.0,3.9,0,0,3.3,1,13222,1,13222,21708,22635,11682,22635,15070,9437,15070,13505,14344,13505,4802,22137,19057,19908,16469,12854,8263,8846,20257,8334,23200,12240,25083,2246,150,25219,1,11:00
2024-25,203497,Rudy Gobert,Rudy,1610612750,MIN,Minnesota Timberwolves,0022400226,2024-11-13T00:00:00,MIN @ POR,L,33.53333333333333,4.3,8.6,0.5,0.0,0.0,0.0,4.3,5.4,0.8,7.5,3.2,10.7,0.0,1.1,0.0,0.0,2.1,3.2,3.2,12.9,-8.6,24.7,1,0,23.6,1,13222,1,13222,4698,16332,19369,8526,15070,20945,15070,5161,5354,7681,951,16016,4668,19908,15311,12854,8263,2772,9778,8485,15215,17224,18495,1,150,18598,1,33:32
2024-25,1630540,Miles McBride,Miles,1610612752,NYK,New York Knicks,0022400219,2024-11-13T00:00:00,NYK vs. CHI,L,23.2,1.6,6.2,0.25,0.0,3.1,0.0,0.0,0.0,0.0,0.0,1.6,1.6,3.1,1.6,0.0,0.0,0.0,0.0,1.6,3.1,15.5,8.1,0,0,7.8,1,13222,1,13222,13550,22108,22415,20233,15070,17453,15070,13505,14344,13505,14058,20769,22501,12597,12541,12854,8263,8846,20257,14797,22922,5426,24689,2246,150,24796,1,23:12
2024-25,1641763,Julian Phillips,Julian,1610612741,CHI,Chicago Bulls,0022400219,2024-11-13T00:00:00,CHI @ NYK,W,10.866666666666667,6.6,6.6,1.0,3.3,3.3,1.0,0.0,0.0,0.0,0.0,3.3,3.3,0.0,0.0,0.0,0.0,0.0,3.3,0.0,16.6,26.5,20.5,0,0,23.2,1,1,13086,1,21769,9868,21978,1,5620,17037,1,13505,14344,13505,14058,15752,18961,19908,16469,12854,8263,8846,9406,17725,11321,2519,20921,2246,150,18866,1,10:52
2024-25,1630579,Jericho Sims,Jericho,1610612752,NYK,New York Knicks,0022400219,2024-11-13T00:00:00,NYK vs. CHI,L,8.933333333333334,0.0,0.0,0.0,0.0,0.0,0.0,0.0,0.0,0.0,8.1,4.0,12.1,12.1,4.0,0.0,0.0,0.0,0.0,0.0,0.0,-20.1,28.6,0,0,24.2,1,13222,1,13222,22477,22635,24836,22635,15070,20945,15070,13505,14344,13505,766,13625,3425,699,3825,12854,8263,8846,20257,17725,23200,21591,15792,2246,150,18221,1,8:56
2024-25,1641871,Duop Reath,Duop,1610612757,POR,Portland Trail Blazers,0022400226,2024-11-13T00:00:00,POR vs. MIN,W,7.583333333333333,0.0,4.7,0.0,0.0,0.0,0.0,0.0,0.0,0.0,0.0,4.7,4.7,0.0,0.0,0.0,0.0,0.0,4.7,0.0,0.0,9.5,5.7,0,0,4.7,1,1,13086,1,22957,22635,23641,22635,15070,20945,15070,13505,14344,13505,14058,11577,15448,19908,16469,12854,8263,8846,5183,17725,23200,7945,24948,2246,150,25130,1,7:35
2024-25,1641842,Ronald Holland II,Ronald,1610612765,DET,Detroit Pistons,0022400223,2024-11-13T00:00:00,DET @ MIL,L,28.595,6.3,12.6,0.5,0.0,2.5,0.0,1.3,3.8,0.333,0.0,5.0,5.0,2.5,0.0,1.3,0.0,0.0,1.3,2.5,13.8,1.3,27.4,0,0,23.9,1,13222,1,13222,9042,10738,12597,8526,15070,18591,15070,12423,8302,13132,14058,10769,14711,14476,16469,9727,8263,8846,18225,10923,14100,11972,16630,2246,150,18382,1,28:36
2024-25,1642377,Jaylen Wells,Jaylen,1610612763,MEM,Memphis Grizzlies,0022400225,2024-11-13T00:00:00,MEM @ LAL,L,27.266666666666666,5.3,10.6,0.5,0.0,4.0,0.0,1.3,1.3,1.0,0.0,4.0,4.0,2.6,2.6,0.0,0.0,0.0,2.6,2.6,11.9,1.3,18.0,0,0,18.5,1,13222,1,13222,10130,13588,16115,8526,15070,15661,15070,12246,13699,1,14058,13836,17409,14080,7727,12854,8263,8846,12276,10505,16255,11945,22111,2246,150,21637,1,27:16
2024-25,1626181,Norman Powell,Norman,1610612746,LAC,LA Clippers,0022400222,2024-11-13T00:00:00,LAC @ HOU,L,33.416666666666664,5.4,19.4,0.278,2.2,6.5,0.333,1.1,1.1,1.0,0.0,5.4,5.4,3.2,3.2,1.1,0.0,3.2,4.3,1.1,14.0,-4.3,25.3,0,0,26.9,1,13222,1,13222,4795,13309,3426,20025,9426,9614,9209,12980,14077,1,14058,9816,13840,12190,5726,11214,8263,1123,6255,17015,13931,15230,18062,2246,150,16206,1,33:25
2024-25,1631101,Shaedon Sharpe,Shaedon,1610612757,POR,Portland Trail Blazers,0022400226,2024-11-13T00:00:00,POR vs. MIN,W,36.18333333333333,11.9,22.9,0.522,3.0,9.9,0.3,6.0,7.0,0.857,1.0,5.0,6.0,1.0,3.0,0.0,0.0,1.0,2.0,4.0,32.8,-4.0,38.5,0,0,42.8,1,1,13086,1,2546,1561,1425,8473,6575,3549,11319,2896,3396,7071,13299,10952,12366,19692,6550,12854,8263,7974,15207,6362,1360,15052,8713,2246,150,5264,1,36:11
2024-25,1641824,Matas Buzelis,Matas,1610612741,CHI,Chicago Bulls,0022400219,2024-11-13T00:00:00,CHI @ NYK,W,12.116666666666667,3.0,17.8,0.167,0.0,8.9,0.0,5.9,5.9,1.0,0.0,11.9,11.9,0.0,0.0,0.0,8.9,0.0,0.0,3.0,11.9,-29.7,52.9,0,0,41.6,1,1,13086,1,21184,19487,4884,21938,15070,4946,15070,2927,4556,1,14058,1423,3593,19908,16469,12854,100,8846,20257,9355,16253,23695,2485,2246,150,5858,1,12:07
2024-25,1630288,Jeff Dowtin Jr.,Jeff,1610612755,PHI,Philadelphia 76ers,0022400220,2024-11-13T00:00:00,PHI vs. CLE,L,3.566666666666667,0.0,20.2,0.0,0.0,20.2,0.0,0.0,0.0,0.0,10.1,10.1,20.2,10.1,0.0,0.0,0.0,0.0,0.0,0.0,0.0,-70.7,39.4,0,0,30.3,1,13222,1,13222,24684,22635,2833,22635,15070,226,15070,13505,14344,13505,393,2502,499,1389,16469,12854,8263,8846,20257,17725,23200,25897,8159,2246,150,13731,1,3:34
2024-25,1642261,Dalton Knecht,Dalton,1610612747,LAL,Los Angeles Lakers,0022400225,2024-11-13T00:00:00,LAL vs. MEM,W,31.133333333333333,8.1,9.3,0.875,5.8,5.8,1.0,0.0,0.0,0.0,0.0,2.3,2.3,3.5,1.2,1.2,0.0,1.2,4.6,1.2,22.0,19.7,32.3,0,0,35.8,1,1,13086,1,6760,6430,18334,1353,1496,11249,1,13505,14344,13505,14058,18728,21175,11495,14751,10533,8263,6583,5475,16618,6247,4051,13119,2246,150,9486,1,31:08
2024-25,1630169,Tyrese Haliburton,Tyrese,1610612754,IND,Indiana Pacers,0022400217,2024-11-13T00:00:00,IND @ ORL,L,39.54333333333334,2.7,12.7,0.214,1.8,7.3,0.25,0.9,0.9,1.0,0.0,0.9,0.9,10.0,3.6,0.0,0.0,0.9,0.9,2.7,8.2,4.6,20.7,0,0,20.9,1,13222,1,13222,711,20019,12303,21369,10992,7854,11902,13440,14309,1,14058,22094,23260,1426,4693,12854,8263,8605,20116,10229,19753,10360,20862,2246,150,20320,1,39:33
2024-25,1629629,Cam Reddish,Cam,1610612747,LAL,Los Angeles Lakers,0022400225,2024-11-13T00:00:00,LAL vs. MEM,W,22.533333333333335,1.6,1.6,1.0,1.6,1.6,1.0,1.6,6.4,0.25,1.6,1.6,3.2,0.0,1.6,3.2,1.6,0.0,1.6,3.2,6.4,-19.2,23.0,0,0,20.8,1,1,13086,1,14083,22035,24815,1,11682,20170,1,11602,4018,13358,9931,20682,19248,19908,12345,2751,4560,8846,16884,8584,21130,21295,19562,2246,150,20431,1,22:32
2024-25,1641717,Cason Wallace,Cason,1610612760,OKC,Oklahoma City Thunder,0022400221,2024-11-13T00:00:00,OKC vs. NOP,W,27.883333333333333,2.6,9.0,0.286,1.3,5.2,0.25,0.0,0.0,0.0,0.0,5.2,5.2,1.3,0.0,6.5,0.0,0.0,2.6,1.3,6.5,16.8,34.0,0,0,27.1,1,1,13086,1,9638,20305,18660,19630,12893,12789,11902,13505,14344,13505,14058,10383,14365,18690,16469,383,8263,8846,12488,15947,21080,4975,11853,2246,150,16078,1,27:53
2024-25,1626164,Devin Booker,Devin,1610612756,PHX,Phoenix Suns,0022400227,2024-11-13T00:00:00,PHX @ SAC,L,31.383333333333333,6.9,18.4,0.375,1.1,4.6,0.25,5.7,6.9,0.833,2.3,1.1,3.4,5.7,3.4,2.3,0.0,0.0,0.0,8.0,20.6,-18.4,36.8,0,0,35.6,1,13222,1,13222,6521,9208,4330,16299,13664,14225,11902,3155,3494,7275,7266,21639,18684,5979,5150,5063,8263,8846,20257,993,7355,21033,9822,2246,150,9687,1,31:23
2024-25,1630573,Sam Hauser,Sam,1610612738,BOS,Boston Celtics,0022400218,2024-11-13T00:00:00,BOS @ BKN,W,25.616666666666667,5.6,14.1,0.4,5.6,14.1,0.4,0.0,0.0,0.0,1.4,7.0,8.4,1.4,0.0,0.0,1.4,0.0,0.0,1.4,16.9,14.1,33.3,0,0,35.1,1,1,13086,1,11477,12646,10086,14933,1649,911,7874,13505,14344,13505,10724,6316,7577,18331,16469,12854,5211,8846,20257,15428,10994,5984,12343,2246,150,10006,1,25:37
2024-25,1627783,Pascal Siakam,Pascal,1610612754,IND,Indiana Pacers,0022400217,2024-11-13T00:00:00,IND @ ORL,L,38.73166666666667,7.4,10.2,0.727,3.7,5.6,0.667,4.6,4.6,1.0,0.9,5.6,6.5,1.9,2.8,0.0,0.0,0.0,3.7,4.6,23.2,0.0,31.0,0,0,35.3,1,13222,1,13222,999,7922,16690,2666,4653,11777,1957,4599,6584,1,13775,9344,11157,16897,7262,12854,8263,8846,8012,4838,5338,12240,14026,2246,150,9863,1,38:44
2024-25,1628420,Monté Morris,Monté,1610612756,PHX,Phoenix Suns,0022400227,2024-11-13T00:00:00,PHX @ SAC,L,13.016666666666667,11.1,16.6,0.667,5.5,8.3,0.667,0.0,0.0,0.0,0.0,0.0,0.0,2.8,0.0,2.8,0.0,0.0,2.8,0.0,27.7,-13.8,40.1,0,0,41.5,1,13222,1,13222,20734,2210,6312,3281,1709,5920,1957,13505,14344,13505,14058,22137,23286,13699,16469,3764,8263,8846,11779,17725,2911,19438,7693,2246,150,5924,1,13:01
2024-25,1629652,Luguentz Dort,Luguentz,1610612760,OKC,Oklahoma City Thunder,0022400221,2024-11-13T00:00:00,OKC vs. NOP,W,32.15,3.4,6.7,0.5,3.4,5.6,0.6,2.2,4.5,0.5,0.0,3.4,3.4,1.1,0.0,2.2,1.1,0.0,3.4,3.4,12.3,6.7,28.1,0,0,26.9,1,1,13086,1,5846,18623,21873,8526,5489,11729,2992,9811,6878,10625,14058,15620,18851,19295,16469,5246,6673,8846,9220,8074,15808,9281,16131,2246,150,16249,1,32:09
2024-25,1641809,Drew Peterson,Drew,1610612738,BOS,Boston Celtics,0022400218,2024-11-13T00:00:00,BOS @ BKN,W,1.7333333333333334,0.0,0.0,0.0,0.0,0.0,0.0,0.0,0.0,0.0,0.0,0.0,0.0,20.8,0.0,0.0,0.0,0.0,0.0,0.0,0.0,-41.5,31.2,0,0,20.8,1,1,13086,1,25646,22635,24836,22635,15070,20945,15070,13505,14344,13505,14058,22137,23286,72,16469,12854,8263,8846,20257,17725,23200,24938,13942,2246,150,20420,1,1:44
2024-25,1630557,Corey Kispert,Corey,1610612764,WAS,Washington Wizards,0022400224,2024-11-13T00:00:00,WAS @ SAS,L,33.053333333333335,7.6,13.1,0.583,5.4,9.8,0.556,0.0,0.0,0.0,1.1,1.1,2.2,2.2,0.0,0.0,0.0,0.0,1.1,0.0,20.7,9.8,26.6,0,0,30.5,1,13222,1,13222,5108,7453,11739,6296,1794,3726,3747,13505,14344,13505,12560,21777,21456,15700,16469,12854,8263,8846,19161,17725,7321,7788,17231,2246,150,13550,1,33:03
2024-25,1641730,Noah Clowney,Noah,1610612751,BKN,Brooklyn Nets,0022400218,2024-11-13T00:00:00,BKN vs. BOS,L,17.848333333333333,6.1,12.1,0.5,4.0,10.1,0.4,2.0,4.0,0.5,0.0,4.0,4.0,4.0,2.0,0.0,0.0,0.0,8.1,4.0,18.2,-14.1,27.0,0,0,30.3,1,13222,1,13222,17673,11359,13412,8526,3932,3397,7874,10584,7774,10625,14058,13618,17231,9852,10442,12854,8263,8846,1334,6222,9671,19558,16921,2246,150,13753,1,17:51
2024-25,1628436,Luke Kornet,Luke,1610612738,BOS,Boston Celtics,0022400218,2024-11-13T00:00:00,BOS @ BKN,W,26.708333333333332,5.4,6.7,0.8,0.0,0.0,0.0,0.0,0.0,0.0,1.3,2.7,4.0,4.0,0.0,0.0,1.3,1.3,1.3,1.3,10.8,8.1,25.7,0,0,21.6,1,1,13086,1,10562,13301,21846,1688,15070,20945,15070,13505,14344,13505,10988,17712,17207,9826,16469,12854,5456,5409,17830,15690,17387,8594,17785,2246,150,19923,1,26:43
2024-25,203484,Kentavious Caldwell-Pope,Kentavious,1610612753,ORL,Orlando Magic,0022400217,2024-11-13T00:00:00,ORL vs. IND,W,34.25,4.2,8.4,0.5,2.1,5.3,0.4,0.0,0.0,0.0,0.0,5.3,5.3,3.2,1.1,0.0,0.0,0.0,3.2,0.0,10.5,10.5,20.5,0,0,21.0,1,1,13086,1,4058,16586,19628,8526,9672,12583,7874,13505,14344,13505,14058,10144,14147,12467,15480,12854,8263,8846,10063,17725,17656,7465,20948,2246,150,20267,1,34:15
2024-25,1628379,Luke Kennard,Luke,1610612763,MEM,Memphis Grizzlies,0022400225,2024-11-13T00:00:00,MEM @ LAL,L,26.466666666666665,5.4,9.5,0.571,5.4,5.4,1.0,0.0,0.0,0.0,0.0,2.7,2.7,5.4,0.0,0.0,0.0,0.0,2.7,0.0,16.3,2.7,27.7,0,0,29.9,1,13222,1,13222,10757,13151,17904,6538,1798,12100,1,13505,14344,13505,14058,17633,20403,6550,16469,12854,8263,8846,11947,17725,11573,11252,16395,2246,150,14001,1,26:28
2024-25,1642274,Yves Missi,Yves,1610612740,NOP,New Orleans Pelicans,0022400221,2024-11-13T00:00:00,NOP @ OKC,L,26.466666666666665,6.8,6.8,1.0,0.0,0.0,0.0,0.0,0.0,0.0,5.4,8.2,13.6,2.7,1.4,0.0,0.0,0.0,0.0,2.7,13.6,-12.2,32.6,1,0,29.9,1,13222,1,13222,10757,9418,21785,1,15070,20945,15070,13505,14344,13505,1983,4470,2431,13843,13512,12854,8263,8846,20257,10255,14379,18836,12849,1,150,14001,1,26:28
2024-25,1627734,Domantas Sabonis,Domantas,1610612758,SAC,Sacramento Kings,0022400227,2024-11-13T00:00:00,SAC vs. PHX,W,29.683333333333334,3.6,4.9,0.75,3.6,3.6,1.0,2.4,2.4,1.0,1.2,10.9,12.1,10.9,8.5,0.0,1.2,1.2,2.4,1.2,13.3,9.7,39.4,1,0,42.4,1,1,13086,1,8057,17991,23568,2107,4831,16359,1,9257,11404,1,11705,1948,3396,1027,507,12854,6094,6167,13094,16338,14700,7837,8118,1,150,5433,1,29:41
2024-25,1628404,Josh Hart,Josh,1610612752,NYK,New York Knicks,0022400219,2024-11-13T00:00:00,NYK vs. CHI,L,33.7,3.2,6.4,0.5,0.0,0.0,0.0,0.0,0.0,0.0,4.3,4.3,8.5,6.4,2.1,0.0,0.0,2.1,3.2,2.1,6.4,9.6,24.1,0,0,21.4,1,13222,1,13222,4549,18987,22199,8526,15070,20945,15070,13505,14344,13505,3205,12885,7404,4845,9797,12854,8263,2811,9846,12453,21120,7880,18841,2246,150,20062,1,33:42
2024-25,1641716,Jarace Walker,Jarace,1610612754,IND,Indiana Pacers,0022400217,2024-11-13T00:00:00,IND @ ORL,L,22.75,3.2,7.9,0.4,0.0,0.0,0.0,0.0,0.0,0.0,0.0,7.9,7.9,3.2,1.6,6.3,0.0,0.0,3.2,0.0,6.3,-1.6,38.0,0,0,30.1,1,13222,1,13222,13906,19070,20394,14933,15070,20945,15070,13505,14344,13505,14058,4838,8432,12440,12409,410,8263,8846,10020,17725,21170,13830,9040,2246,150,13898,1,22:45
2024-25,1630167,Obi Toppin,Obi,1610612754,IND,Indiana Pacers,0022400217,2024-11-13T00:00:00,IND @ ORL,L,18.633333333333333,1.9,7.7,0.25,0.0,5.8,0.0,0.0,0.0,0.0,1.9,3.9,5.8,3.9,0.0,0.0,3.9,0.0,3.9,0.0,3.9,-5.8,28.2,0,0,21.3,1,13222,1,13222,17085,21534,20619,20233,15070,11211,15070,13505,14344,13505,8697,14140,12767,10324,16469,12854,997,8846,7566,17725,22624,15967,16066,2246,150,20129,1,18:38
2024-25,203084,Harrison Barnes,Harrison,1610612759,SAS,San Antonio Spurs,0022400224,2024-11-13T00:00:00,SAS vs. WAS,W,30.15,2.4,6.0,0.4,2.4,2.4,1.0,4.8,4.8,1.0,2.4,6.0,8.4,2.4,0.0,0.0,1.2,3.6,2.4,2.4,11.9,22.7,29.1,0,0,27.5,1,1,13086,1,7634,20697,22638,14933,8527,18838,1,4380,6345,1,6962,8408,7679,14921,16469,12854,6212,855,13275,11398,16206,3326,15404,2246,150,15820,1,30:09
2024-25,1631102,TyTy Washington Jr.,TyTy,1610612756,PHX,Phoenix Suns,0022400227,2024-11-13T00:00:00,PHX @ SAC,L,16.0,6.8,13.5,0.5,4.5,6.8,0.667,0.0,0.0,0.0,0.0,2.3,2.3,2.3,0.0,0.0,0.0,0.0,0.0,0.0,18.0,-31.5,24.1,0,0,27.0,1,13222,1,13222,18929,9563,11006,8526,3070,9015,1957,13505,14344,13505,14058,18919,21317,15433,16469,12854,8263,8846,20257,17725,9827,23966,18896,2246,150,16149,1,16:00
2024-25,1642345,Oso Ighodaro,Oso,1610612756,PHX,Phoenix Suns,0022400227,2024-11-13T00:00:00,PHX @ SAC,L,14.901666666666667,2.4,4.8,0.5,0.0,0.0,0.0,4.8,4.8,1.0,0.0,2.4,2.4,0.0,0.0,4.8,0.0,0.0,0.0,2.4,9.7,-9.7,27.1,0,0,21.7,1,13222,1,13222,19634,20631,23581,8526,15070,20945,15070,4294,6238,1,14058,18441,20977,19908,16469,1003,8263,8846,20257,11285,18482,17743,16893,2246,150,19819,1,14:54
2024-25,1642349,Ajay Mitchell,Ajay,1610612760,OKC,Oklahoma City Thunder,0022400221,2024-11-13T00:00:00,OKC vs. NOP,W,25.85,2.8,5.6,0.5,0.0,0.0,0.0,2.8,2.8,1.0,0.0,2.8,2.8,4.2,0.0,2.8,0.0,0.0,2.8,2.8,8.4,25.1,26.3,0,0,20.9,1,1,13086,1,11287,19910,23027,8526,15070,20945,15070,8371,10519,1,14058,17443,20286,9444,16469,3719,8263,8846,11703,10014,19618,2802,17405,2246,150,20350,1,25:51
2024-25,1631200,Kris Murray,Kris,1610612757,POR,Portland Trail Blazers,0022400226,2024-11-13T00:00:00,POR vs. MIN,W,19.548333333333332,5.5,11.0,0.5,0.0,3.7,0.0,0.0,0.0,0.0,3.7,3.7,7.4,1.8,1.8,3.7,0.0,0.0,3.7,0.0,11.0,31.3,31.9,0,0,27.6,1,1,13086,1,16382,12921,15281,8526,15070,16256,15070,13505,14344,13505,4066,14694,9443,16960,11359,1992,8263,8846,8154,17725,17143,1796,13432,2246,150,15699,1,19:33
2024-25,1629638,Nickeil Alexander-Walker,Nickeil,1610612750,MIN,Minnesota Timberwolves,0022400226,2024-11-13T00:00:00,MIN @ POR,L,31.966666666666665,5.6,12.4,0.455,3.4,7.9,0.429,0.0,0.0,0.0,1.1,4.5,5.6,3.4,4.5,3.4,1.1,0.0,1.1,3.4,14.6,-2.3,35.5,0,0,36.0,1,13222,1,13222,5995,12611,12917,12676,5437,6650,7394,13505,14344,13505,12285,12251,13206,11744,2994,2425,6631,8846,18951,8022,13258,14180,10752,2246,150,9344,1,31:58
2024-25,1626153,Delon Wright,Delon,1610612749,MIL,Milwaukee Bucks,0022400223,2024-11-13T00:00:00,MIL vs. DET,W,26.976666666666667,0.0,5.3,0.0,0.0,2.7,0.0,0.0,0.0,0.0,1.3,4.0,5.3,10.7,1.3,2.7,0.0,0.0,1.3,1.3,0.0,-16.0,29.1,0,0,21.4,1,1,13086,1,10357,22635,23229,22635,15070,18316,15070,13505,14344,13505,11042,13717,13945,1125,13646,3974,8263,8846,17892,15747,23200,20258,15420,2246,150,20072,1,26:59
2024-25,1630172,Patrick Williams,Patrick,1610612741,CHI,Chicago Bulls,0022400219,2024-11-13T00:00:00,CHI @ NYK,W,33.483333333333334,6.5,9.7,0.667,3.2,4.3,0.75,3.2,4.3,0.75,2.2,4.3,6.5,2.2,1.1,2.2,0.0,1.1,0.0,2.2,19.4,1.1,35.7,0,0,35.5,1,1,13086,1,4745,10308,17620,3281,5886,14913,1542,7267,7207,8186,7754,12805,11273,15817,15301,5594,8263,7264,20257,12394,8504,12096,10578,2246,150,9746,1,33:29
2024-25,1641744,Zach Edey,Zach,1610612763,MEM,Memphis Grizzlies,0022400225,2024-11-13T00:00:00,MEM @ LAL,L,25.533333333333335,4.2,11.3,0.375,0.0,0.0,0.0,8.5,8.5,1.0,5.6,5.6,11.3,1.4,2.8,1.4,1.4,2.8,8.5,5.6,16.9,16.9,38.2,0,0,35.2,1,13222,1,13222,11556,16513,14867,16299,15070,20945,15070,1204,2221,1,1850,9194,4162,18310,7147,8838,5186,1574,1155,3133,10940,4934,8888,2246,150,9917,1,25:32
2024-25,1642403,Isaac Jones,Isaac,1610612758,SAC,Sacramento Kings,0022400227,2024-11-13T00:00:00,SAC vs. PHX,W,2.9,24.8,24.8,1.0,0.0,0.0,0.0,0.0,0.0,0.0,0.0,12.4,12.4,0.0,0.0,0.0,0.0,0.0,0.0,0.0,49.7,49.7,64.6,0,0,62.1,1,1,13086,1,25027,67,862,1,15070,20945,15070,13505,14344,13505,14058,1184,3182,19908,16469,12854,8263,8846,20257,17725,158,559,736,2246,150,638,1,2:54
2024-25,1630222,Mason Jones,Mason,1610612758,SAC,Sacramento Kings,0022400227,2024-11-13T00:00:00,SAC vs. PHX,W,2.9,0.0,0.0,0.0,0.0,0.0,0.0,0.0,0.0,0.0,0.0,0.0,0.0,49.7,0.0,0.0,0.0,0.0,12.4,0.0,0.0,49.7,74.5,0,0,49.7,1,1,13086,1,25027,22635,24836,22635,15070,20945,15070,13505,14344,13505,14058,22137,23286,6,16469,12854,8263,8846,383,17725,23200,559,307,2246,150,2623,1,2:54
2024-25,1628378,Donovan Mitchell,Donovan,1610612739,CLE,Cleveland Cavaliers,0022400220,2024-11-13T00:00:00,CLE @ PHI,W,34.38333333333333,9.4,22.0,0.429,5.2,13.6,0.385,0.0,0.0,0.0,2.1,11.5,13.6,9.4,0.0,2.1,0.0,0.0,1.0,2.1,24.1,13.6,60.8,1,0,56.5,1,1,13086,1,3934,3990,1826,13735,2016,1054,8766,13505,14344,13505,7972,1620,2423,1744,16469,5817,8263,8846,19430,12636,4744,6158,1094,1,150,1222,1,34:23
2024-25,203458,Alex Len,Alex,1610612758,SAC,Sacramento Kings,0022400227,2024-11-13T00:00:00,SAC vs. PHX,W,4.766666666666667,15.1,15.1,1.0,0.0,0.0,0.0,0.0,0.0,0.0,7.6,7.6,15.1,7.6,0.0,0.0,0.0,0.0,7.6,0.0,30.2,37.8,59.7,0,0,52.9,1,1,13086,1,24110,474,8412,1,15070,20945,15070,13505,14344,13505,930,5399,1722,3332,16469,12854,8263,8846,1596,17725,2013,1140,1228,2246,150,1834,1,4:46
2024-25,1642272,Jared McCain,Jared,1610612755,PHI,Philadelphia 76ers,0022400220,2024-11-13T00:00:00,PHI vs. CLE,L,38.13333333333333,11.3,24.5,0.462,5.7,12.3,0.462,3.8,3.8,1.0,0.0,1.9,1.9,9.4,2.8,1.9,0.0,0.9,0.9,4.7,32.1,-10.4,51.4,1,0,52.9,1,13222,1,13222,1305,1982,913,12428,1595,1631,7119,6132,8303,1,14058,20009,22021,1733,7106,6819,8263,8386,19998,4682,1508,18061,2878,1,150,1834,1,38:08
2024-25,1630532,Franz Wagner,Franz,1610612753,ORL,Orlando Magic,0022400217,2024-11-13T00:00:00,ORL vs. IND,W,36.775,8.8,23.5,0.375,2.9,7.8,0.375,7.8,8.8,0.889,0.0,2.9,2.9,5.9,1.0,1.0,1.0,2.0,0.0,7.8,28.4,0.0,45.6,0,0,44.1,1,1,13086,1,2139,5063,1224,16299,6736,6746,8800,1491,1979,6857,14058,16950,19896,5719,15983,12140,7633,3367,20257,1110,2638,12240,4889,2246,150,4669,1,36:47
2024-25,1641745,Adam Flagler,Adam,1610612760,OKC,Oklahoma City Thunder,0022400221,2024-11-13T00:00:00,OKC vs. NOP,W,3.283333333333333,11.0,11.0,1.0,11.0,11.0,1.0,0.0,0.0,0.0,0.0,0.0,0.0,0.0,0.0,0.0,0.0,0.0,0.0,0.0,32.9,-43.9,32.9,0,0,43.9,1,1,13086,1,24848,2284,15414,1,160,2521,1,13505,14344,13505,14058,22137,23286,19908,16469,12854,8263,8846,20257,17725,1346,25112,12661,2246,150,4757,1,3:17
2024-25,1642270,Donovan Clingan,Donovan,1610612757,POR,Portland Trail Blazers,0022400226,2024-11-13T00:00:00,POR vs. MIN,W,31.468333333333334,6.9,11.4,0.6,0.0,0.0,0.0,5.7,5.7,1.0,6.9,6.9,13.7,1.1,1.1,0.0,9.2,1.1,3.4,4.6,19.4,17.2,64.0,1,0,52.6,1,1,13086,1,6436,9260,14593,5394,15070,20945,15070,3168,4868,1,1197,6600,2371,19214,14839,12854,91,6692,8970,4997,8421,4850,785,1,150,1901,1,31:28
2024-25,1626166,Cameron Payne,Cameron,1610612752,NYK,New York Knicks,0022400219,2024-11-13T00:00:00,NYK vs. CHI,L,16.97,8.5,8.5,1.0,6.4,6.4,1.0,0.0,0.0,0.0,0.0,0.0,0.0,4.2,0.0,6.4,2.1,0.0,8.5,0.0,23.3,23.3,55.2,0,0,50.9,1,13222,1,13222,18273,5638,19509,1,1077,9836,1,13505,14344,13505,14058,22137,23286,9270,16469,404,3143,8846,1142,17725,5258,3184,1960,2246,150,2287,1,16:58
2024-25,1641732,Colby Jones,Colby,1610612758,SAC,Sacramento Kings,0022400227,2024-11-13T00:00:00,SAC vs. PHX,W,2.9,24.8,24.8,1.0,12.4,12.4,1.0,0.0,0.0,0.0,0.0,0.0,0.0,0.0,0.0,0.0,0.0,0.0,12.4,0.0,62.1,49.7,62.1,0,0,74.5,1,1,13086,1,25027,67,862,1,122,1565,1,13505,14344,13505,14058,22137,23286,19908,16469,12854,8263,8846,383,17725,75,559,958,2246,150,239,1,2:54
2024-25,2544,LeBron James,LeBron,1610612747,LAL,Los Angeles Lakers,0022400225,2024-11-13T00:00:00,LAL vs. MEM,W,36.93333333333333,12.7,21.4,0.591,3.9,6.8,0.571,4.9,7.8,0.625,1.0,10.7,11.7,13.6,5.8,1.0,0.0,0.0,1.9,5.8,34.1,2.9,65.7,1,1,65.3,1,1,13086,1,2028,1164,2064,6217,4198,8845,3506,4232,2667,10271,13460,2067,3759,428,1506,12172,8263,8846,15407,2822,1113,11163,653,1,1,467,1,36:56
2024-25,201572,Brook Lopez,Brook,1610612749,MIL,Milwaukee Bucks,0022400223,2024-11-13T00:00:00,MIL vs. DET,W,40.39333333333333,8.0,15.2,0.529,4.5,7.1,0.625,5.3,7.1,0.75,2.7,4.5,7.1,0.0,1.8,2.7,4.5,0.9,2.7,4.5,25.8,-7.1,54.0,0,0,51.7,1,1,13086,1,474,6593,8337,8281,3140,8190,2868,3591,3241,8186,6164,12388,9892,19908,11626,3964,697,8698,12150,5237,3753,16571,2198,2246,150,2109,1,40:24
2024-25,1626157,Karl-Anthony Towns,Karl-Anthony,1610612752,NYK,New York Knicks,0022400219,2024-11-13T00:00:00,NYK vs. CHI,L,39.06666666666667,16.6,27.6,0.6,5.5,11.1,0.5,3.7,7.4,0.5,0.9,8.3,9.2,2.8,3.7,2.8,0.0,0.9,4.6,5.5,42.4,3.7,62.2,1,0,65.4,1,13222,1,13222,859,311,431,5394,1712,2437,3944,6316,3023,10625,13824,4296,6419,13706,4580,3769,8263,8549,5522,3301,340,10818,948,1,150,463,1,39:04
2024-25,1631104,Blake Wesley,Blake,1610612759,SAS,San Antonio Spurs,0022400224,2024-11-13T00:00:00,SAS vs. WAS,W,12.556666666666667,14.3,14.3,1.0,0.0,0.0,0.0,0.0,0.0,0.0,0.0,2.9,2.9,5.7,2.9,2.9,0.0,0.0,2.9,2.9,28.7,25.8,46.4,0,0,43.0,1,1,13086,1,20960,618,9645,1,15070,20945,15070,13505,14344,13505,14058,17189,20076,5985,6972,3492,8263,8846,11330,9704,2540,2652,4558,2246,150,5142,1,12:33
2024-25,1641775,Jordan Walsh,Jordan,1610612738,BOS,Boston Celtics,0022400218,2024-11-13T00:00:00,BOS @ BKN,W,1.7333333333333334,20.8,20.8,1.0,20.8,20.8,1.0,0.0,0.0,0.0,0.0,0.0,0.0,0.0,0.0,20.8,0.0,0.0,20.8,0.0,62.3,-41.5,124.6,0,0,124.6,1,1,13086,1,25646,124,2468,1,26,207,1,13505,14344,13505,14058,22137,23286,19908,16469,22,8263,8846,111,17725,74,24938,29,2246,150,25,1,1:44
2024-25,203076,Anthony Davis,Anthony,1610612747,LAL,Los Angeles Lakers,0022400225,2024-11-13T00:00:00,LAL vs. MEM,W,32.0,6.8,18.0,0.375,2.3,3.4,0.667,7.9,9.0,0.875,2.3,13.5,15.8,3.4,3.4,0.0,3.4,2.3,5.6,5.6,23.6,-6.8,54.3,1,0,51.8,1,1,13086,1,5961,9563,4664,16299,9044,16921,1957,1468,1865,6931,7419,876,1504,11752,5293,12854,1330,2550,3504,3158,5037,16399,2131,1,150,2092,1,32:00
2024-25,1629611,Terance Mann,Terance,1610612746,LAC,LA Clippers,0022400222,2024-11-13T00:00:00,LAC @ HOU,L,23.5,7.7,13.8,0.556,3.1,4.6,0.667,3.1,3.1,1.0,1.5,9.2,10.7,4.6,3.1,3.1,3.1,3.1,0.0,3.1,21.4,-9.2,56.5,0,0,52.1,1,13222,1,13222,13305,7353,10520,7248,6311,14200,1957,7635,9811,1,10187,3313,4676,8423,6246,3018,1614,1268,20257,9020,6692,17521,1722,2246,150,2018,1,23:30
2024-25,1641705,Victor Wembanyama,Victor,1610612759,SAS,San Antonio Spurs,0022400224,2024-11-13T00:00:00,SAS vs. WAS,W,32.46333333333333,20.0,32.2,0.621,8.9,17.7,0.5,6.7,10.0,0.667,1.1,5.5,6.7,2.2,1.1,1.1,3.3,1.1,3.3,8.9,55.4,14.4,79.0,0,0,82.1,1,1,13086,1,5590,147,194,5223,310,361,3944,2281,1382,9425,12401,9420,10840,15561,15072,10949,1373,6974,9353,701,107,5852,215,2246,150,139,1,32:28
2024-25,1628368,De'Aaron Fox,De'Aaron,1610612758,SAC,Sacramento Kings,0022400227,2024-11-13T00:00:00,SAC vs. PHX,W,31.983333333333334,12.4,19.1,0.647,1.1,2.3,0.5,6.8,9.0,0.75,1.1,5.6,6.8,11.3,3.4,2.3,1.1,0.0,3.4,5.6,32.6,21.4,64.4,1,0,58.5,1,1,13086,1,5982,1309,3634,4571,13800,19081,3944,2194,1864,8186,12291,9236,10628,914,5291,5214,6632,8846,9162,3156,1392,3604,750,1,150,958,1,31:59
2024-25,202696,Nikola Vučević,Nikola,1610612741,CHI,Chicago Bulls,0022400219,2024-11-13T00:00:00,CHI @ NYK,W,34.45,9.4,14.6,0.643,0.0,2.1,0.0,1.0,1.0,1.0,3.1,8.4,11.5,3.1,2.1,2.1,1.0,0.0,4.2,1.0,19.9,14.6,45.7,1,0,40.8,1,1,13086,1,3894,4019,9162,4607,15070,19385,15070,13096,14142,1,5069,4204,3952,12523,10048,5834,7166,8846,6609,17193,8027,5767,4869,1,150,6363,1,34:27
2024-25,1629006,Josh Okogie,Josh,1610612756,PHX,Phoenix Suns,0022400227,2024-11-13T00:00:00,PHX @ SAC,L,28.083333333333332,12.8,19.2,0.667,3.8,5.1,0.75,2.6,3.8,0.667,7.7,2.6,10.3,1.3,0.0,2.6,0.0,1.3,1.3,3.8,32.0,-10.3,54.0,0,0,52.6,1,13222,1,13222,9476,1097,3569,3281,4329,12886,1542,8894,8144,9425,884,18026,5174,18717,16469,4221,8263,5744,18115,6726,1517,18000,2214,2246,150,1916,1,28:05
2024-25,1628380,Zach Collins,Zach,1610612759,SAS,San Antonio Spurs,0022400224,2024-11-13T00:00:00,SAS vs. WAS,W,15.536666666666667,4.6,11.6,0.4,2.3,4.6,0.5,0.0,0.0,0.0,4.6,11.6,16.2,13.9,0.0,0.0,0.0,0.0,4.6,2.3,11.6,-9.3,51.9,0,0,44.0,1,1,13086,1,19232,15410,14335,14933,8790,14126,3944,13505,14344,13505,2765,1573,1355,401,16469,12854,8263,8846,5458,11680,16585,17559,2725,2246,150,4681,1,15:32
2024-25,1628369,Jayson Tatum,Jayson,1610612738,BOS,Boston Celtics,0022400218,2024-11-13T00:00:00,BOS @ BKN,W,35.38333333333333,12.2,19.3,0.632,5.1,6.1,0.833,7.1,9.2,0.778,1.0,8.1,9.2,10.2,1.0,0.0,0.0,2.0,3.1,5.1,36.6,24.4,61.9,1,0,61.0,1,1,13086,1,3158,1401,3471,4871,2171,10428,1341,1926,1790,8092,13118,4502,6500,1348,15727,12854,8263,3111,10481,3946,737,2942,983,1,150,727,1,35:23
2024-25,1630595,Cade Cunningham,Cade,1610612765,DET,Detroit Pistons,0022400223,2024-11-13T00:00:00,DET @ MIL,L,43.49,10.8,28.1,0.382,4.1,8.3,0.5,3.3,3.3,1.0,1.7,4.1,5.8,9.1,5.0,1.7,2.5,4.1,3.3,2.5,29.0,-3.3,57.0,1,0,56.3,1,13222,1,13222,118,2442,385,16249,3695,5950,3944,7085,9281,1,9729,13307,12774,1938,2382,7783,2410,607,9419,11054,2433,14718,1631,1,150,1257,1,43:29
2024-25,1641998,Trey Jemison III,Trey,1610612740,NOP,New Orleans Pelicans,0022400221,2024-11-13T00:00:00,NOP @ OKC,L,17.7,4.1,6.1,0.667,0.0,0.0,0.0,4.1,8.1,0.5,8.1,8.1,16.3,4.1,6.1,0.0,4.1,2.0,6.1,4.1,12.2,0.0,43.9,0,0,40.7,1,13222,1,13222,17779,16929,22512,3281,15070,20945,15070,5579,2417,10625,737,4507,1333,9751,1323,12854,881,3114,2818,6122,15916,12240,5703,2246,150,6394,1,17:42
2024-25,1628983,Shai Gilgeous-Alexander,Shai,1610612760,OKC,Oklahoma City Thunder,0022400221,2024-11-13T00:00:00,OKC vs. NOP,W,32.61666666666667,13.2,27.6,0.48,3.3,7.7,0.429,2.2,3.3,0.667,0.0,5.5,5.5,5.5,2.2,2.2,2.2,1.1,0.0,3.3,32.0,19.9,57.9,0,0,55.2,1,1,13086,1,5465,933,438,11962,5624,6947,7394,9923,9278,9425,14058,9476,13489,6389,9481,5366,2931,7010,20257,8216,1530,3991,1478,2246,150,1435,1,32:37
2024-25,1641738,Kobe Brown,Kobe,1610612746,LAC,LA Clippers,0022400222,2024-11-13T00:00:00,LAC @ HOU,L,8.083333333333334,8.9,22.3,0.4,0.0,8.9,0.0,0.0,0.0,0.0,8.9,13.4,22.3,4.5,0.0,0.0,0.0,0.0,0.0,0.0,17.8,35.6,51.2,0,0,44.5,1,13222,1,13222,22785,4876,1692,14933,15070,4957,15070,13505,14344,13505,574,907,321,8760,16469,12854,8263,8846,20257,17725,10015,1330,2924,2246,150,4447,1,8:05
2024-25,1630578,Alperen Sengun,Alperen,1610612745,HOU,Houston Rockets,0022400222,2024-11-13T00:00:00,HOU vs. LAC,W,30.043333333333333,7.2,16.8,0.429,1.2,2.4,0.5,0.0,0.0,0.0,4.8,8.4,13.2,7.2,4.8,1.2,4.8,1.2,3.6,0.0,15.6,-21.6,55.4,1,0,49.1,1,1,13086,1,7753,8483,6082,13735,13374,18817,3944,13505,14344,13505,2573,4173,2681,3777,2591,10183,573,6275,8441,17725,12344,21985,1916,1,150,2789,1,30:03
2024-25,1629673,Jordan Poole,Jordan,1610612764,WAS,Washington Wizards,0022400224,2024-11-13T00:00:00,WAS @ SAS,L,33.28666666666667,16.2,23.8,0.682,6.5,9.7,0.667,6.5,6.5,1.0,0.0,2.2,2.2,6.5,3.2,2.2,0.0,3.2,5.4,4.3,45.4,-6.5,61.0,0,0,64.9,1,13222,1,13222,4909,340,1122,3269,1007,3798,1957,2413,3897,1,14058,19174,21488,4733,5683,5535,8263,1109,3843,5529,240,16286,1076,2246,150,481,1,33:17
2024-25,203897,Zach LaVine,Zach,1610612741,CHI,Chicago Bulls,0022400219,2024-11-13T00:00:00,CHI @ NYK,W,36.28333333333333,11.9,16.9,0.706,4.0,7.9,0.5,3.0,6.0,0.5,1.0,6.0,6.9,7.9,6.0,2.0,1.0,0.0,1.0,4.0,30.8,20.8,54.0,0,0,55.6,1,1,13086,1,2476,1584,5962,3027,4057,6555,3944,7883,4539,10625,13323,8442,10244,2956,1413,6323,7527,8846,19755,6400,1845,3737,2213,2246,150,1379,1,36:17
2024-25,1627759,Jaylen Brown,Jaylen,1610612738,BOS,Boston Celtics,0022400218,2024-11-13T00:00:00,BOS @ BKN,W,36.03333333333333,8.0,19.0,0.421,2.0,5.0,0.4,6.0,9.0,0.667,2.0,10.0,12.0,4.0,0.0,1.0,0.0,0.0,2.0,7.0,24.0,27.0,47.4,1,0,44.0,1,1,13086,1,2659,6646,3775,14442,10169,13216,7874,2869,1877,9425,8394,2596,3506,9946,16469,11967,8263,8846,15154,1666,4815,2433,4191,1,150,4711,1,36:02
2024-25,202685,Jonas Valančiūnas,Jonas,1610612764,WAS,Washington Wizards,0022400224,2024-11-13T00:00:00,WAS @ SAS,L,22.466666666666665,9.6,19.2,0.5,0.0,1.6,0.0,6.4,6.4,1.0,8.0,12.8,20.8,3.2,1.6,0.0,3.2,0.0,4.8,9.6,25.6,12.8,63.5,1,0,56.1,1,13222,1,13222,14137,3701,3569,8526,15070,20164,15070,2488,3991,1,780,1073,436,12280,12319,12854,1471,8846,5039,492,3856,6464,838,1,150,1292,1,22:28
2024-25,201950,Jrue Holiday,Jrue,1610612738,BOS,Boston Celtics,0022400218,2024-11-13T00:00:00,BOS @ BKN,W,31.558333333333334,6.8,12.5,0.545,2.3,6.8,0.333,2.3,2.3,1.0,3.4,3.4,6.8,4.6,2.3,3.4,1.1,0.0,0.0,1.1,18.3,20.5,44.7,0,0,41.1,1,1,13086,1,6374,9312,12659,7695,8918,8795,9209,9684,11838,1,4499,15460,10439,8501,9153,2344,6536,8846,20257,16706,9575,3804,5322,2246,150,6166,1,31:34
2024-25,1631114,Jalen Williams,Jalen,1610612760,OKC,Oklahoma City Thunder,0022400221,2024-11-13T00:00:00,OKC vs. NOP,W,31.25,11.5,20.7,0.556,4.6,8.1,0.571,8.1,8.1,1.0,1.2,5.8,6.9,8.1,2.3,4.6,2.3,1.2,1.2,5.8,35.7,15.0,74.5,0,0,69.1,1,1,13086,1,6660,1856,2493,7248,2873,6344,3506,1380,2476,1,12088,8882,10308,2822,9047,1140,2738,6617,18801,2956,873,5636,305,2246,150,345,1,31:15
2024-25,1630533,Ziaire Williams,Ziaire,1610612751,BKN,Brooklyn Nets,0022400218,2024-11-13T00:00:00,BKN vs. BOS,L,26.25,11.0,19.2,0.571,2.7,6.9,0.4,6.9,8.2,0.833,0.0,8.2,8.2,1.4,1.4,1.4,1.4,2.7,4.1,4.1,31.5,-28.8,50.3,0,0,49.4,1,13222,1,13222,10949,2279,3590,6538,7410,8760,7874,2113,2367,7275,14058,4381,7892,18428,13454,9067,5355,1682,6785,6017,1629,23551,3174,2246,150,2703,1,26:15
2024-25,204456,T.J. McConnell,T.J.,1610612754,IND,Indiana Pacers,0022400217,2024-11-13T00:00:00,IND @ ORL,L,14.9,4.8,21.7,0.222,0.0,0.0,0.0,0.0,0.0,0.0,2.4,12.1,14.5,7.2,4.8,2.4,2.4,2.4,4.8,2.4,9.7,2.4,47.6,0,0,41.1,1,13222,1,13222,19635,14851,1928,21205,15070,20945,15070,13505,14344,13505,6873,1310,1993,3686,2537,4644,2524,2185,4988,11280,18478,11408,4110,2246,150,6155,1,14:54
2024-25,1641708,Amen Thompson,Amen,1610612745,HOU,Houston Rockets,0022400222,2024-11-13T00:00:00,HOU vs. LAC,W,34.25666666666667,6.3,9.5,0.667,2.1,2.1,1.0,4.2,6.3,0.667,6.3,5.3,11.6,2.1,1.1,2.1,1.1,0.0,3.2,4.2,18.9,17.9,44.3,1,0,41.0,1,1,13086,1,4054,10694,18024,3281,9675,19366,1,5339,4122,9425,1471,10148,3887,15992,15483,5776,7130,8846,10073,5829,8935,4601,5496,1,150,6211,1,34:15
2024-25,203507,Giannis Antetokounmpo,Giannis,1610612749,MIL,Milwaukee Bucks,0022400223,2024-11-13T00:00:00,MIL vs. DET,W,43.623333333333335,17.3,28.1,0.618,0.8,1.7,0.5,13.2,14.0,0.941,2.5,9.1,11.6,5.8,2.5,1.7,2.5,1.7,0.8,10.7,48.7,5.8,81.1,1,0,75.1,1,1,13086,1,108,253,391,5245,15054,20107,3944,252,451,6708,6686,3429,3893,5897,8344,7811,2419,4295,20235,303,177,9716,178,1,150,228,1,43:37
2024-25,203926,Doug McDermott,Doug,1610612758,SAC,Sacramento Kings,0022400227,2024-11-13T00:00:00,SAC vs. PHX,W,15.201666666666666,0.0,9.5,0.0,0.0,7.1,0.0,0.0,0.0,0.0,0.0,7.1,7.1,2.4,0.0,0.0,2.4,0.0,0.0,0.0,0.0,26.0,19.2,0,0,14.2,1,1,13086,1,19438,22635,17997,22635,15070,8249,15070,13505,14344,13505,14058,6167,9945,14990,16469,12854,2609,8846,20257,17725,23200,2609,21557,2246,150,23360,1,15:12
2024-25,1631099,Keegan Murray,Keegan,1610612758,SAC,Sacramento Kings,0022400227,2024-11-13T00:00:00,SAC vs. PHX,W,33.083333333333336,7.6,12.0,0.636,3.3,5.4,0.6,0.0,0.0,0.0,1.1,3.3,4.4,1.1,1.1,0.0,1.1,0.0,4.4,0.0,18.5,27.2,27.5,0,0,29.4,1,1,13086,1,5083,7466,13647,4689,5769,12108,2992,13505,14344,13505,12566,15894,16402,19386,15211,12854,6874,8846,6134,17725,9322,2388,16558,2246,150,14427,1,33:05
2024-25,1628415,Dillon Brooks,Dillon,1610612745,HOU,Houston Rockets,0022400222,2024-11-13T00:00:00,HOU vs. LAC,W,30.183333333333334,6.0,10.7,0.556,4.8,7.2,0.667,1.2,2.4,0.5,1.2,4.8,6.0,2.4,1.2,0.0,0.0,0.0,3.6,2.4,17.9,7.2,27.4,0,0,31.0,1,1,13086,1,7604,11621,15828,7248,2604,8129,1957,12618,11532,10625,11843,11511,12375,14927,14496,12854,8263,8846,8501,11406,9939,9064,16636,2246,150,13152,1,30:11
2024-25,1642267,Bub Carrington,Bub,1610612764,WAS,Washington Wizards,0022400224,2024-11-13T00:00:00,WAS @ SAS,L,29.53,6.1,13.4,0.455,3.7,9.8,0.375,0.0,0.0,0.0,0.0,6.1,6.1,6.1,7.3,0.0,0.0,1.2,4.9,0.0,15.8,-24.4,25.0,0,0,31.7,1,13222,1,13222,8202,11239,11139,12676,4790,3777,8800,13505,14344,13505,14058,8111,12063,5329,771,12854,8263,6130,4885,17725,12082,22659,18299,2246,150,12629,1,29:32
2024-25,1631103,Malaki Branham,Malaki,1610612759,SAS,San Antonio Spurs,0022400224,2024-11-13T00:00:00,SAS vs. WAS,W,12.7,11.3,17.0,0.667,0.0,2.8,0.0,0.0,0.0,0.0,0.0,2.8,2.8,5.7,2.8,0.0,0.0,0.0,0.0,2.8,22.7,-62.4,31.7,0,0,31.2,1,1,13086,1,20897,1977,5795,3281,15070,17986,15070,13505,14344,13505,14058,17284,20160,6100,7091,12854,8263,8846,20257,9845,5720,25734,13517,2246,150,13020,1,12:42
2024-25,1629636,Darius Garland,Darius,1610612739,CLE,Cleveland Cavaliers,0022400220,2024-11-13T00:00:00,CLE @ PHI,W,34.36666666666667,10.5,16.8,0.625,1.0,4.2,0.25,4.2,5.2,0.8,2.1,3.1,5.2,6.3,3.1,0.0,0.0,1.0,2.1,2.1,26.2,11.5,38.8,0,0,38.8,1,1,13086,1,3950,2742,6101,4899,14268,15139,11902,5358,5545,7681,7970,16297,14197,5049,6009,12854,8263,7515,14632,12631,3589,6997,8562,2246,150,7547,1,34:22
2024-25,1641737,Adem Bona,Adem,1610612755,PHI,Philadelphia 76ers,0022400220,2024-11-13T00:00:00,PHI vs. CLE,L,17.255,4.2,6.3,0.667,0.0,0.0,0.0,0.0,0.0,0.0,6.3,12.5,18.8,0.0,2.1,0.0,2.1,0.0,6.3,0.0,8.3,-8.3,35.1,0,0,31.3,1,13222,1,13222,18109,16668,22368,3281,15070,20945,15070,13505,14344,13505,1499,1153,737,19908,10064,12854,3241,8846,2646,17725,19629,17119,11022,2246,150,12939,1,17:15
2024-25,1629599,Amir Coffey,Amir,1610612746,LAC,LA Clippers,0022400222,2024-11-13T00:00:00,LAC @ HOU,L,25.783333333333335,2.8,11.2,0.25,1.4,4.2,0.333,2.8,2.8,1.0,1.4,1.4,2.8,1.4,0.0,0.0,0.0,0.0,1.4,1.4,9.8,-16.8,15.2,0,0,15.4,1,13222,1,13222,11342,19895,15071,20233,12464,15143,9209,8363,10500,1,10765,21096,20275,18353,16469,12854,8263,8846,17633,15468,18375,20536,23111,2246,150,22930,1,25:47
2024-25,1630175,Cole Anthony,Cole,1610612753,ORL,Orlando Magic,0022400217,2024-11-13T00:00:00,ORL vs. IND,W,4.583333333333333,7.9,31.4,0.25,0.0,7.9,0.0,0.0,0.0,0.0,0.0,15.7,15.7,7.9,0.0,0.0,0.0,0.0,0.0,0.0,15.7,-7.9,46.3,0,0,39.3,1,1,13086,1,24183,6939,221,20233,15070,6698,15070,13505,14344,13505,14058,469,1516,3043,16469,12854,8263,8846,20257,17725,12212,16904,4603,2246,150,7211,1,4:35
2024-25,1629640,Keldon Johnson,Keldon,1610612759,SAS,San Antonio Spurs,0022400224,2024-11-13T00:00:00,SAS vs. WAS,W,22.616666666666667,4.8,11.1,0.429,1.6,3.2,0.5,1.6,6.4,0.25,4.8,4.8,9.6,4.8,0.0,0.0,1.6,1.6,4.8,3.2,12.7,-6.4,36.1,0,0,31.8,1,1,13086,1,14015,15033,15121,13735,11702,17302,3944,11618,4044,13358,2596,11497,5989,7986,16469,12854,4581,4455,5122,8613,15353,16233,10278,2246,150,12506,1,22:37
2024-25,1626192,Pat Connaughton,Pat,1610612749,MIL,Milwaukee Bucks,0022400223,2024-11-13T00:00:00,MIL vs. DET,W,23.703333333333333,3.0,10.6,0.286,3.0,7.6,0.4,0.0,0.0,0.0,1.5,3.0,4.6,3.0,3.0,0.0,1.5,1.5,0.0,0.0,9.1,36.5,20.7,0,0,22.8,1,1,13086,1,13149,19346,16000,19630,6384,7193,7874,13505,14344,13505,10243,16597,15907,12805,6327,12854,4783,4701,20257,17725,18978,1252,20869,2246,150,19149,1,23:42
2024-25,1629632,Coby White,Coby,1610612741,CHI,Chicago Bulls,0022400219,2024-11-13T00:00:00,CHI @ NYK,W,35.56666666666667,6.1,16.2,0.375,2.0,9.1,0.222,8.1,8.1,1.0,0.0,1.0,1.0,4.0,3.0,1.0,0.0,1.0,4.0,4.0,22.3,-8.1,29.6,0,0,31.4,1,1,13086,1,3020,11308,6839,16299,10044,4651,13288,1363,2448,1,14058,21950,23194,9804,6330,11841,8263,7805,7006,6174,6027,17016,15104,2246,150,12869,1,35:34
2024-25,1641810,Antonio Reeves,Antonio,1610612740,NOP,New Orleans Pelicans,0022400221,2024-11-13T00:00:00,NOP @ OKC,L,8.05,13.4,22.4,0.6,0.0,8.9,0.0,0.0,0.0,0.0,0.0,4.5,4.5,0.0,0.0,0.0,0.0,0.0,0.0,0.0,26.8,8.9,32.2,0,0,31.3,1,13222,1,13222,22805,870,1646,5394,15070,4907,15070,13505,14344,13505,14058,12330,16118,19908,16469,12854,8263,8846,20257,17725,3284,8207,13173,2246,150,12933,1,8:03
2024-25,1629661,Cameron Johnson,Cameron,1610612751,BKN,Brooklyn Nets,0022400218,2024-11-13T00:00:00,BKN vs. BOS,L,26.433333333333334,5.4,12.3,0.444,1.4,6.8,0.2,0.0,0.0,0.0,1.4,4.1,5.4,4.1,1.4,0.0,0.0,1.4,4.1,0.0,12.3,-27.2,23.6,0,0,23.2,1,13222,1,13222,10788,13138,13157,13045,12599,8886,13429,13505,14344,13505,10921,13461,13681,9691,13500,12854,8263,5348,6885,17725,15864,23283,19225,2246,150,18891,1,26:26
2024-25,200768,Kyle Lowry,Kyle,1610612755,PHI,Philadelphia 76ers,0022400220,2024-11-13T00:00:00,PHI vs. CLE,L,17.433333333333334,0.0,12.4,0.0,0.0,8.3,0.0,0.0,0.0,0.0,2.1,2.1,4.1,6.2,0.0,2.1,0.0,0.0,4.1,0.0,0.0,-6.2,20.4,0,0,14.5,1,13222,1,13222,17972,22635,12908,22635,15070,5984,15070,13505,14344,13505,8099,19465,17004,5166,16469,5932,8263,8846,6740,17725,23200,16155,20967,2246,150,23271,1,17:26
2024-25,1630559,Austin Reaves,Austin,1610612747,LAL,Los Angeles Lakers,0022400225,2024-11-13T00:00:00,LAL vs. MEM,W,35.88,5.0,14.0,0.357,3.0,11.0,0.273,5.0,7.0,0.714,0.0,2.0,2.0,6.0,3.0,1.0,0.0,1.0,4.0,6.0,18.1,-1.0,29.5,0,0,31.1,1,1,13086,1,2773,14338,10100,17140,6474,2452,11838,4012,3344,9244,14058,19641,21785,5449,6433,11927,8263,7889,7103,2597,9782,13542,15152,2246,150,13073,1,35:53
2024-25,1628401,Derrick White,Derrick,1610612738,BOS,Boston Celtics,0022400218,2024-11-13T00:00:00,BOS @ BKN,W,22.016666666666666,4.9,18.0,0.273,4.9,14.7,0.333,0.0,0.0,0.0,3.3,0.0,3.3,4.9,4.9,0.0,1.6,0.0,4.9,0.0,14.7,21.3,26.0,0,0,31.1,1,1,13086,1,14487,14663,4710,20048,2398,761,9209,13505,14344,13505,4805,22137,19061,7678,2460,12854,4466,8846,4824,17725,13182,3638,17617,2246,150,13104,1,22:01
2024-25,1642265,Rob Dillingham,Rob,1610612750,MIN,Minnesota Timberwolves,0022400226,2024-11-13T00:00:00,MIN @ POR,L,9.383333333333333,3.8,7.7,0.5,3.8,7.7,0.5,0.0,0.0,0.0,0.0,0.0,0.0,0.0,11.5,0.0,0.0,0.0,0.0,0.0,11.5,-49.9,0.0,0,0,15.3,1,13222,1,13222,22322,17481,20683,8526,4343,7043,3944,13505,14344,13505,14058,22137,23286,19908,226,12854,8263,8846,20257,17725,16660,25393,25228,2246,150,22934,1,9:23
2024-25,1626168,Trey Lyles,Trey,1610612758,SAC,Sacramento Kings,0022400227,2024-11-13T00:00:00,SAC vs. PHX,W,22.233333333333334,8.1,11.3,0.714,4.9,8.1,0.6,0.0,0.0,0.0,0.0,8.1,8.1,4.9,0.0,0.0,0.0,0.0,0.0,1.6,21.0,22.7,38.1,0,0,38.9,1,1,13086,1,14326,6423,14771,2752,2479,6292,2992,13505,14344,13505,14058,4568,8106,7782,16469,12854,8263,8846,20257,14564,7047,3328,8998,2246,150,7478,1,22:14
2024-25,1630598,Aaron Wiggins,Aaron,1610612760,OKC,Oklahoma City Thunder,0022400221,2024-11-13T00:00:00,OKC vs. NOP,W,24.333333333333332,5.9,16.3,0.364,3.0,8.9,0.333,0.0,0.0,0.0,4.4,3.0,7.4,4.4,1.5,0.0,0.0,1.5,3.0,0.0,14.8,19.2,28.8,0,0,29.6,1,1,13086,1,12619,11749,6723,16861,6651,4993,9209,13505,14344,13505,3000,16861,9369,8794,12853,12854,8263,4844,10903,17725,13117,4195,15597,2246,150,14247,1,24:20
2024-25,1628398,Kyle Kuzma,Kyle,1610612764,WAS,Washington Wizards,0022400224,2024-11-13T00:00:00,WAS @ SAS,L,25.3,5.7,12.8,0.444,2.8,8.5,0.333,0.0,0.0,0.0,1.4,7.1,8.5,2.8,8.5,0.0,1.4,1.4,5.7,0.0,14.2,-29.9,24.5,0,0,31.3,1,13222,1,13222,11743,12443,12194,13045,7062,5516,9209,13505,14344,13505,10655,6146,7418,13455,494,12854,5139,5087,3402,17725,13696,23715,18633,2246,150,12922,1,25:18
2024-25,1629021,Moritz Wagner,Moritz,1610612753,ORL,Orlando Magic,0022400217,2024-11-13T00:00:00,ORL vs. IND,W,17.5,8.2,14.4,0.571,4.1,8.2,0.5,0.0,0.0,0.0,2.1,2.1,4.1,0.0,10.3,0.0,0.0,2.1,6.2,2.1,20.6,2.1,15.2,0,0,28.8,1,1,13086,1,17920,6146,9521,6538,3749,6036,3944,13505,14344,13505,8126,19486,17033,19908,306,12854,8263,3031,2734,12811,7422,11595,23109,2246,150,14855,1,17:30
2024-25,1630591,Jalen Suggs,Jalen,1610612753,ORL,Orlando Magic,0022400217,2024-11-13T00:00:00,ORL vs. IND,W,37.61666666666667,1.9,14.4,0.133,1.9,10.5,0.182,1.9,1.9,1.0,1.0,1.0,1.9,2.9,3.8,1.9,1.9,1.0,2.9,1.0,7.7,7.7,21.9,0,0,22.0,1,1,13086,1,1622,21564,9605,22414,10571,2951,14207,10907,12947,1,13590,22045,21975,13374,4243,6696,3725,8283,11307,17525,20196,8799,20200,2246,150,19673,1,37:37
2024-25,1628384,OG Anunoby,OG,1610612752,NYK,New York Knicks,0022400219,2024-11-13T00:00:00,NYK vs. CHI,L,35.63333333333333,5.1,14.1,0.357,2.0,7.1,0.286,2.0,2.0,1.0,2.0,7.1,9.1,2.0,2.0,0.0,2.0,3.0,2.0,1.0,14.1,-20.2,32.1,0,0,31.3,1,13222,1,13222,2960,14234,9933,17140,10063,8312,11433,10569,12659,1,8294,6224,6594,16295,10419,12854,3414,1298,15022,17356,13794,21608,13237,2246,150,12917,1,35:38
2024-25,1631097,Bennedict Mathurin,Bennedict,1610612754,IND,Indiana Pacers,0022400217,2024-11-13T00:00:00,IND @ ORL,L,34.833333333333336,7.2,17.6,0.412,1.0,5.2,0.2,8.3,9.3,0.889,1.0,11.4,12.4,0.0,4.1,1.0,0.0,3.1,2.1,6.2,23.8,-4.1,37.6,1,0,39.3,1,13222,1,13222,3587,8370,5176,14791,14344,12784,13429,1291,1711,6857,12996,1710,3192,19908,3601,11647,8263,1234,14769,2390,4954,15142,9275,1,150,7211,1,34:50
2024-25,1627736,Malik Beasley,Malik,1610612765,DET,Detroit Pistons,0022400223,2024-11-13T00:00:00,DET @ MIL,L,44.406666666666666,7.3,13.8,0.529,6.5,13.0,0.5,0.0,0.0,0.0,1.6,6.5,8.1,3.2,1.6,0.0,0.0,0.0,1.6,0.8,21.1,10.5,34.0,1,0,38.9,1,13222,1,13222,78,8235,10530,8281,1009,1313,3944,13505,14344,13505,9842,7345,8083,12173,12251,12854,8263,8846,16806,17713,7022,7450,11766,1,150,7447,1,44:24
2024-25,203471,Dennis Schröder,Dennis,1610612751,BKN,Brooklyn Nets,0022400218,2024-11-13T00:00:00,BKN vs. BOS,L,30.566666666666666,7.1,11.8,0.6,2.4,7.1,0.333,2.4,3.5,0.667,0.0,4.7,4.7,3.5,1.2,1.2,0.0,0.0,3.5,2.4,18.8,-16.5,32.2,0,0,31.8,1,13222,1,13222,7262,8769,13981,5394,8642,8320,9209,9434,8824,9425,14058,11670,15531,11293,14598,10365,8263,8846,8650,11513,8999,20442,13216,2246,150,12543,1,30:34
2024-25,1629651,Nic Claxton,Nic,1610612751,BKN,Brooklyn Nets,0022400218,2024-11-13T00:00:00,BKN vs. BOS,L,24.151666666666667,1.5,4.5,0.333,0.0,0.0,0.0,1.5,1.5,1.0,0.0,7.5,7.5,3.0,1.5,0.0,0.0,0.0,1.5,4.5,4.5,-8.9,16.4,0,0,14.9,1,13222,1,13222,12760,22184,23825,17395,15070,20945,15070,11815,13498,1,14058,5580,9266,12995,12795,12854,8263,8846,17265,5209,22310,17402,22707,2246,150,23091,1,24:09
2024-25,1629162,Jordan McLaughlin,Jordan,1610612758,SAC,Sacramento Kings,0022400227,2024-11-13T00:00:00,SAC vs. PHX,W,14.816666666666666,9.7,14.6,0.667,2.4,4.9,0.5,4.9,4.9,1.0,0.0,2.4,2.4,2.4,0.0,2.4,0.0,0.0,2.4,2.4,26.7,-4.9,40.6,0,0,38.9,1,1,13086,1,19696,3584,9238,3281,8372,13537,3944,4253,6178,1,14058,18396,20934,14776,16469,4589,8263,8846,13071,11226,3339,15505,7413,2246,150,7468,1,14:49
2024-25,1630170,Devin Vassell,Devin,1610612759,SAS,San Antonio Spurs,0022400224,2024-11-13T00:00:00,SAS vs. WAS,W,24.666666666666668,7.3,20.4,0.357,1.5,11.7,0.125,8.8,8.8,1.0,0.0,2.9,2.9,4.4,4.4,1.5,1.5,0.0,0.0,4.4,24.8,-26.3,39.3,0,0,39.4,1,1,13086,1,12303,8225,2676,17140,12213,1981,14886,1088,2012,1,14058,17017,19944,8934,3178,8582,4999,8846,20257,5405,4302,23083,8227,2246,150,7127,1,24:40
2024-25,201587,Nicolas Batum,Nicolas,1610612746,LAC,LA Clippers,0022400222,2024-11-13T00:00:00,LAC @ HOU,L,14.283333333333333,2.5,10.1,0.25,2.5,10.1,0.25,0.0,0.0,0.0,0.0,2.5,2.5,2.5,0.0,0.0,0.0,0.0,0.0,0.0,7.6,-55.4,14.4,0,0,15.1,1,13222,1,13222,20029,20425,16922,20233,8077,3402,11902,13505,14344,13505,14058,18132,20766,14469,16469,12854,8263,8846,20257,17725,20272,25575,23373,2246,150,23019,1,14:17
2024-25,1630188,Jalen Smith,Jalen,1610612741,CHI,Chicago Bulls,0022400219,2024-11-13T00:00:00,CHI @ NYK,W,13.55,0.0,5.3,0.0,0.0,5.3,0.0,0.0,0.0,0.0,0.0,10.6,10.6,2.7,5.3,0.0,0.0,0.0,5.3,0.0,0.0,-34.5,11.4,0,0,13.3,1,1,13086,1,20458,22635,23248,22635,15070,12428,15070,13505,14344,13505,14058,2132,4784,14020,1991,12854,8263,8846,4000,17725,23200,24363,24144,2246,150,23624,1,13:33
2024-25,1628386,Jarrett Allen,Jarrett,1610612739,CLE,Cleveland Cavaliers,0022400220,2024-11-13T00:00:00,CLE @ PHI,W,32.1,5.6,9.0,0.625,0.0,0.0,0.0,1.1,2.2,0.5,1.1,12.3,13.5,1.1,0.0,1.1,0.0,0.0,0.0,1.1,12.3,5.6,33.5,1,0,29.2,1,1,13086,1,5890,12688,18768,4899,15070,20945,15070,12849,11956,10625,12320,1215,2506,19288,16469,10856,8263,8846,20257,16816,15779,9791,12170,1,150,14579,1,32:06
2024-25,1641757,Jordan Miller,Jordan,1610612746,LAC,LA Clippers,0022400222,2024-11-13T00:00:00,LAC @ HOU,L,12.0,9.0,24.0,0.375,3.0,9.0,0.333,3.0,3.0,1.0,6.0,3.0,9.0,3.0,3.0,0.0,0.0,6.0,3.0,6.0,24.0,6.0,36.3,0,0,39.0,1,13222,1,13222,21228,4700,1050,16299,6500,4827,9209,7799,9972,1,1612,16717,6730,12925,6468,12854,8263,219,10710,2615,4793,9610,10161,2246,150,7377,1,12:00
2024-25,1641794,Dillon Jones,Dillon,1610612760,OKC,Oklahoma City Thunder,0022400221,2024-11-13T00:00:00,OKC vs. NOP,W,8.05,4.5,17.9,0.25,0.0,8.9,0.0,0.0,0.0,0.0,0.0,4.5,4.5,0.0,0.0,0.0,0.0,4.5,4.5,0.0,8.9,-8.9,14.3,0,0,13.4,1,1,13086,1,22805,15857,4819,20233,15070,4907,15070,13505,14344,13505,14058,12330,16118,19908,16469,12854,8263,489,5837,17725,19137,17403,23399,2246,150,23585,1,8:03
2024-25,1627777,Georges Niang,Georges,1610612739,CLE,Cleveland Cavaliers,0022400220,2024-11-13T00:00:00,CLE @ PHI,W,15.883333333333333,6.8,18.1,0.375,4.5,13.6,0.333,0.0,0.0,0.0,0.0,2.3,2.3,0.0,0.0,2.3,0.0,0.0,2.3,0.0,18.1,-4.5,27.7,0,0,29.5,1,1,13086,1,19006,9420,4531,16299,3012,1059,9209,13505,14344,13505,14058,18868,21279,19908,16469,5157,8263,8846,13795,17725,9697,15339,16457,2246,150,14351,1,15:53
2024-25,1641724,Jett Howard,Jett,1610612753,ORL,Orlando Magic,0022400217,2024-11-13T00:00:00,ORL vs. IND,W,13.75,5.2,7.9,0.667,5.2,7.9,0.667,0.0,0.0,0.0,0.0,0.0,0.0,5.2,2.6,0.0,2.6,0.0,5.2,0.0,15.7,-15.7,28.8,0,0,31.4,1,1,13086,1,20333,13711,20469,3281,2015,6707,1957,13505,14344,13505,14058,22137,23286,6968,7806,12854,2200,8846,4136,17725,12216,20157,15629,2246,150,12841,1,13:45
2024-25,1631165,Keon Ellis,Keon,1610612758,SAC,Sacramento Kings,0022400227,2024-11-13T00:00:00,SAC vs. PHX,W,25.548333333333332,5.6,7.0,0.8,1.4,1.4,1.0,0.0,0.0,0.0,0.0,2.8,2.8,0.0,4.2,0.0,2.8,0.0,4.2,1.4,12.7,5.6,20.3,0,0,22.5,1,1,13086,1,11549,12596,21510,1688,12410,20370,1,13505,14344,13505,14058,17342,20201,19908,3451,12854,1925,8846,6479,15409,15410,9782,21029,2246,150,19328,1,25:33
2024-25,1631207,Dalen Terry,Dalen,1610612741,CHI,Chicago Bulls,0022400219,2024-11-13T00:00:00,CHI @ NYK,W,10.383333333333333,3.5,3.5,1.0,3.5,3.5,1.0,3.5,6.9,0.5,0.0,3.5,3.5,3.5,3.5,0.0,0.0,0.0,0.0,3.5,13.9,-79.7,19.8,0,0,24.3,1,1,13086,1,21969,18392,24323,1,5222,16714,1,6759,3436,10625,14058,15328,18622,11498,5091,12854,8263,8846,20257,7751,14080,25998,21280,2246,150,18153,1,10:23
2024-25,1627884,Derrick Jones Jr.,Derrick,1610612746,LAC,LA Clippers,0022400222,2024-11-13T00:00:00,LAC @ HOU,L,22.333333333333332,6.4,9.7,0.667,3.2,3.2,1.0,1.6,1.6,1.0,1.6,1.6,3.2,1.6,1.6,1.6,0.0,0.0,0.0,3.2,17.7,6.4,27.2,0,0,29.0,1,13222,1,13222,14245,10317,17625,3281,5891,17224,1,11579,13381,1,9875,20652,19162,17614,12289,7941,8263,8846,20257,8481,10103,9395,16792,2246,150,14690,1,22:20
2024-25,1627824,Guerschon Yabusele,Guerschon,1610612755,PHI,Philadelphia 76ers,0022400220,2024-11-13T00:00:00,PHI vs. CLE,L,30.745,4.7,11.7,0.4,1.2,5.9,0.2,1.2,2.3,0.5,3.5,7.0,10.5,5.9,1.2,1.2,0.0,0.0,1.2,1.2,11.7,-4.7,35.5,0,0,31.6,1,13222,1,13222,7095,15279,14095,14933,13530,11059,13429,12696,11658,10625,4356,6317,4874,5752,14654,10426,8263,8846,18711,16551,16440,15412,10747,2246,150,12693,1,30:45
2024-25,1628978,Donte DiVincenzo,Donte,1610612750,MIN,Minnesota Timberwolves,0022400226,2024-11-13T00:00:00,MIN @ POR,L,21.966666666666665,1.6,16.4,0.1,0.0,9.8,0.0,0.0,0.0,0.0,0.0,4.9,4.9,4.9,0.0,0.0,0.0,3.3,0.0,0.0,3.3,-13.1,16.6,0,0,13.1,1,13222,1,13222,14528,21987,6560,22561,15070,3683,15070,13505,14344,13505,14058,11119,15018,7655,16469,12854,8263,1080,20257,17725,22859,19167,22642,2246,150,23680,1,21:58
2024-25,1642273,Kyshawn George,Kyshawn,1610612764,WAS,Washington Wizards,0022400224,2024-11-13T00:00:00,WAS @ SAS,L,32.28333333333333,4.5,11.2,0.4,2.2,6.7,0.333,2.2,2.2,1.0,2.2,1.1,3.3,5.6,0.0,2.2,0.0,1.1,3.3,1.1,13.4,7.8,32.5,0,0,29.0,1,13222,1,13222,5753,15891,15097,14933,9117,9116,9209,9834,11989,1,7488,21721,18877,6301,16469,5269,8263,6911,9265,16844,14640,8728,12987,2246,150,14708,1,32:17
2024-25,1630553,Keon Johnson,Keon,1610612751,BKN,Brooklyn Nets,0022400218,2024-11-13T00:00:00,BKN vs. BOS,L,23.266666666666666,6.2,15.5,0.4,6.2,12.4,0.5,0.0,0.0,0.0,1.5,6.2,7.7,0.0,3.1,0.0,3.1,3.1,1.5,3.1,18.6,-24.8,34.0,0,0,38.7,1,13222,1,13222,13494,10993,7864,14933,1169,1582,3944,13505,14344,13505,10125,7915,8748,19908,6144,12854,1574,1235,17059,8901,9249,22755,11771,2246,150,7600,1,23:16
2024-25,1629638,Nickeil Alexander-Walker,Nickeil,1610612750,MIN,Minnesota Timberwolves,0022400008,2024-11-12T00:00:00,MIN @ POR,L,27.133333333333333,4.0,9.3,0.429,1.3,4.0,0.333,1.3,1.3,1.0,0.0,0.0,0.0,2.7,2.7,4.0,0.0,0.0,1.3,5.3,10.6,-17.2,23.9,0,0,22.6,1,13222,1,13222,10243,17140,18284,13735,12742,15617,9209,12233,13691,1,14058,22137,23286,14034,7678,1658,8263,8846,17916,3615,17541,20701,19031,2246,150,19317,1,27:08
2024-25,1631223,David Roddy,David,1610612737,ATL,Atlanta Hawks,0022400001,2024-11-12T00:00:00,ATL @ BOS,W,5.233333333333333,6.9,6.9,1.0,0.0,0.0,0.0,0.0,0.0,0.0,0.0,0.0,0.0,0.0,0.0,0.0,0.0,0.0,0.0,0.0,13.8,-6.9,13.8,0,0,13.8,1,1,13086,1,23896,9213,21698,1,15070,20945,15070,13505,14344,13505,14058,22137,23286,19908,16469,12854,8263,8846,20257,17725,14212,16464,23560,2246,150,23485,1,5:14
2024-25,1629674,Neemias Queta,Neemias,1610612738,BOS,Boston Celtics,0022400001,2024-11-12T00:00:00,BOS vs. ATL,L,21.016666666666666,0.0,0.0,0.0,0.0,0.0,0.0,0.0,0.0,0.0,3.4,5.1,8.6,0.0,1.7,0.0,3.4,0.0,1.7,0.0,0.0,-10.3,18.8,0,0,15.4,1,13222,1,13222,15282,22635,24836,22635,15070,20945,15070,13505,14344,13505,4489,10452,7372,19908,11866,12854,1283,8846,16488,17725,23200,18011,21736,2246,150,22911,1,21:01
2024-25,200768,Kyle Lowry,Kyle,1610612755,PHI,Philadelphia 76ers,0022400004,2024-11-12T00:00:00,PHI vs. NYK,L,26.343333333333334,1.4,6.8,0.2,0.0,5.5,0.0,2.7,2.7,1.0,1.4,2.7,4.1,2.7,0.0,0.0,1.4,0.0,2.7,1.4,5.5,-9.6,18.6,0,0,15.0,1,13222,1,13222,10873,22326,21756,21401,15070,12042,15070,8501,10657,1,10896,17598,17063,13811,16469,12854,5382,8846,11902,15593,21753,17705,21852,2246,150,23052,1,26:21
2024-25,202699,Tobias Harris,Tobias,1610612765,DET,Detroit Pistons,0022400002,2024-11-12T00:00:00,DET vs. MIA,W,40.11666666666667,6.3,13.5,0.467,1.8,3.6,0.5,1.8,1.8,1.0,1.8,4.5,6.3,3.6,1.8,0.9,0.0,0.9,0.0,0.9,16.2,3.6,30.0,0,0,29.6,1,1,13086,1,537,10764,11066,12249,11098,16465,3944,11248,13197,1,9256,12291,11656,11118,11573,12676,8263,8674,20257,17666,11771,10860,14817,2246,150,14239,1,40:07
2024-25,1628978,Donte DiVincenzo,Donte,1610612750,MIN,Minnesota Timberwolves,0022400008,2024-11-12T00:00:00,MIN @ POR,L,17.983333333333334,2.0,6.0,0.333,2.0,6.0,0.333,0.0,0.0,0.0,0.0,4.0,4.0,2.0,8.0,4.0,0.0,0.0,2.0,0.0,6.0,-40.0,17.8,0,0,22.0,1,13222,1,13222,17566,21407,22589,17395,10153,10677,9209,13505,14344,13505,14058,13710,17306,16367,583,1635,8263,8846,15135,17725,21382,24841,22172,2246,150,19669,1,17:59
2024-25,1630202,Payton Pritchard,Payton,1610612738,BOS,Boston Celtics,0022400001,2024-11-12T00:00:00,BOS vs. ATL,L,25.285,2.8,11.4,0.25,2.8,11.4,0.25,0.0,0.0,0.0,0.0,1.4,1.4,2.8,1.4,4.3,0.0,0.0,2.8,0.0,8.5,-12.8,25.9,0,0,24.2,1,13222,1,13222,11758,19781,14681,20233,7057,2182,11902,13505,14344,13505,14058,21035,22662,13449,13150,1397,8263,8846,11431,17725,19474,19060,17677,2246,150,18203,1,25:17
2024-25,203484,Kentavious Caldwell-Pope,Kentavious,1610612753,ORL,Orlando Magic,0022400003,2024-11-12T00:00:00,ORL vs. CHA,W,24.8,2.9,8.7,0.333,0.0,2.9,0.0,2.9,2.9,1.0,0.0,1.5,1.5,4.4,1.5,0.0,0.0,0.0,2.9,4.4,8.7,16.0,15.5,0,0,14.5,1,1,13086,1,12175,19656,19167,17395,15070,17861,15070,8086,10226,1,14058,20987,22636,8996,13005,12854,8263,8846,11175,5463,19336,5260,23017,2246,150,23248,1,24:48
2024-25,1629684,Grant Williams,Grant,1610612766,CHA,Charlotte Hornets,0022400003,2024-11-12T00:00:00,CHA @ ORL,L,31.183333333333334,5.8,10.4,0.556,3.5,5.8,0.6,2.3,4.6,0.5,0.0,4.6,4.6,1.2,2.3,2.3,0.0,2.3,2.3,4.6,17.3,-8.1,29.2,0,0,31.2,1,13222,1,13222,6717,12193,16401,7248,5231,11275,2992,9587,6633,10625,14058,11939,15778,19168,9031,5003,8263,2402,13606,4903,10512,17010,15353,2246,150,13024,1,31:11
2024-25,1641706,Brandon Miller,Brandon,1610612766,CHA,Charlotte Hornets,0022400003,2024-11-12T00:00:00,CHA @ ORL,L,37.53333333333333,2.9,17.3,0.167,1.0,10.6,0.091,1.0,1.0,1.0,0.0,2.9,2.9,6.7,4.8,1.9,0.0,1.0,2.9,2.9,7.7,-22.1,22.2,0,0,22.1,1,13222,1,13222,1662,19717,5492,21938,14756,2927,15062,13349,14272,1,14058,17157,20051,4407,2589,6673,8263,8270,11289,9665,20180,22079,20049,2246,150,19646,1,37:32
2024-25,1628374,Lauri Markkanen,Lauri,1610612762,UTA,Utah Jazz,0022400006,2024-11-12T00:00:00,UTA vs. PHX,L,31.433333333333334,8.0,14.9,0.538,2.3,5.7,0.4,1.1,2.3,0.5,1.1,1.1,2.3,5.7,1.1,0.0,0.0,1.1,1.1,1.1,19.5,-10.3,29.7,0,0,29.8,1,13222,1,13222,6467,6604,8770,7978,8888,11393,7874,12771,11817,10625,12156,21647,21222,5996,14827,12854,8263,6675,18840,16677,8406,18033,15044,2246,150,14119,1,31:26
2024-25,1641724,Jett Howard,Jett,1610612753,ORL,Orlando Magic,0022400003,2024-11-12T00:00:00,ORL vs. CHA,W,6.233333333333333,5.8,17.3,0.333,5.8,17.3,0.333,0.0,0.0,0.0,0.0,0.0,0.0,0.0,5.8,0.0,0.0,0.0,11.6,0.0,17.3,-17.3,11.6,0,0,23.1,1,1,13086,1,23489,12181,5424,17395,1507,385,9209,13505,14344,13505,14058,22137,23286,19908,1582,12854,8263,8846,463,17725,10503,20721,24123,2246,150,18933,1,6:14
2024-25,1628404,Josh Hart,Josh,1610612752,NYK,New York Knicks,0022400004,2024-11-12T00:00:00,NYK @ PHI,W,37.39833333333333,5.8,7.7,0.75,1.0,2.9,0.333,1.0,1.0,1.0,1.0,10.6,11.6,9.6,3.9,1.0,1.0,0.0,2.9,2.9,13.5,15.4,43.7,1,1,39.5,1,1,13086,1,1744,12180,20651,2107,14740,17883,9209,13343,14269,1,13553,2154,3895,1626,4185,12260,7733,8846,11230,9625,14538,5469,5807,1,1,7091,1,37:24
2024-25,1630573,Sam Hauser,Sam,1610612738,BOS,Boston Celtics,0022400001,2024-11-12T00:00:00,BOS vs. ATL,L,19.1,3.8,5.7,0.667,3.8,5.7,0.667,0.0,0.0,0.0,0.0,3.8,3.8,0.0,1.9,0.0,1.9,1.9,0.0,0.0,11.3,-5.7,19.6,0,0,22.6,1,13222,1,13222,16751,17647,22946,3281,4526,11571,1957,13505,14344,13505,14058,14417,17895,19908,11128,12854,3810,3610,20257,17725,16882,15899,21363,2246,150,19269,1,19:06
2024-25,201143,Al Horford,Al,1610612738,BOS,Boston Celtics,0022400001,2024-11-12T00:00:00,BOS vs. ATL,L,25.665,4.2,7.0,0.6,2.8,5.6,0.5,0.0,0.0,0.0,0.0,5.6,5.6,2.8,1.4,0.0,0.0,0.0,1.4,0.0,11.2,4.2,20.8,0,0,22.4,1,13222,1,13222,11440,16573,21541,5394,7193,11684,3944,13505,14344,13505,14058,9279,13257,13569,13268,12854,8263,8846,17610,17725,16977,10536,20811,2246,150,19394,1,25:40
2024-25,1628973,Jalen Brunson,Jalen,1610612752,NYK,New York Knicks,0022400004,2024-11-12T00:00:00,NYK @ PHI,W,34.86666666666667,5.2,15.5,0.333,0.0,4.1,0.0,8.3,8.3,1.0,0.0,3.1,3.1,5.2,6.2,1.0,0.0,2.1,1.0,5.2,18.6,7.2,26.9,0,0,28.9,1,1,13086,1,3564,13913,7839,17395,15070,15272,15070,1293,2343,1,14058,16416,19483,7107,1272,11655,8263,3011,19511,3831,9235,9029,16986,2246,150,14775,1,34:52
2024-25,1642268,Isaiah Collier,Isaiah,1610612762,UTA,Utah Jazz,0022400006,2024-11-12T00:00:00,UTA vs. PHX,L,14.95,4.8,4.8,1.0,0.0,0.0,0.0,0.0,0.0,0.0,0.0,2.4,2.4,2.4,2.4,0.0,0.0,0.0,4.8,0.0,9.6,-19.3,13.7,0,0,14.4,1,13222,1,13222,19602,14897,23594,1,15070,20945,15070,13505,14344,13505,14058,18460,20994,14848,8619,12854,8263,8846,5019,17725,18514,21332,23568,2246,150,23272,1,14:57
2024-25,203952,Andrew Wiggins,Andrew,1610612744,GSW,Golden State Warriors,0022400007,2024-11-12T00:00:00,GSW vs. DAL,W,33.715,3.2,8.5,0.375,0.0,3.2,0.0,2.1,4.3,0.5,1.1,2.1,3.2,4.3,1.1,2.1,1.1,0.0,4.3,4.3,8.5,17.1,27.3,0,0,22.4,1,1,13086,1,4539,18990,19429,16299,15070,17261,15070,10185,7267,10625,12731,19251,19227,9205,15365,5643,7004,8846,6372,5668,19476,4875,16715,2246,150,19408,1,33:43
2024-25,1630702,Jaden Hardy,Jaden,1610612742,DAL,Dallas Mavericks,0022400007,2024-11-12T00:00:00,DAL @ GSW,L,18.95,1.9,3.8,0.5,0.0,1.9,0.0,3.8,3.8,1.0,0.0,3.8,3.8,7.6,1.9,1.9,0.0,0.0,1.9,1.9,7.6,30.4,27.4,0,0,22.8,1,13222,1,13222,16868,21585,24187,8526,15070,19740,15070,6084,8252,1,14058,14319,17818,3286,11041,6764,8263,8846,15669,13510,20243,1919,16690,2246,150,19142,1,18:57
2024-25,202681,Kyrie Irving,Kyrie,1610612742,DAL,Dallas Mavericks,0022400007,2024-11-12T00:00:00,DAL @ GSW,L,35.983333333333334,8.0,13.0,0.615,1.0,3.0,0.333,4.0,5.0,0.8,0.0,3.0,3.0,6.0,5.0,0.0,0.0,0.0,4.0,5.0,21.0,-13.0,28.6,0,0,31.0,1,13222,1,13222,2695,6628,11842,5246,14549,17641,9209,5686,5915,7681,14058,16714,19726,5481,2338,12854,8263,8846,7139,4114,7069,19134,15790,2246,150,13147,1,35:59
2024-25,1642347,Jamal Shead,Jamal,1610612761,TOR,Toronto Raptors,0022400005,2024-11-12T00:00:00,TOR @ MIL,L,12.233333333333333,0.0,5.9,0.0,0.0,2.9,0.0,0.0,0.0,0.0,0.0,2.9,2.9,5.9,5.9,2.9,0.0,0.0,0.0,0.0,0.0,-35.3,15.3,0,0,14.7,1,13222,1,13222,21135,22635,22720,22635,15070,17768,15070,13505,14344,13505,14058,16917,19873,5691,1469,3285,8263,8846,20257,17725,23200,24448,23091,2246,150,23169,1,12:14
2024-25,201950,Jrue Holiday,Jrue,1610612738,BOS,Boston Celtics,0022400001,2024-11-12T00:00:00,BOS vs. ATL,L,29.0,2.5,6.2,0.4,0.0,3.7,0.0,5.0,5.0,1.0,1.2,2.5,3.7,8.7,2.5,0.0,0.0,0.0,0.0,2.5,9.9,3.7,25.0,0,0,22.3,1,13222,1,13222,8672,20495,22415,14933,15070,16158,15070,4094,5997,1,11529,18235,18011,2279,8319,12854,8263,8846,20257,11055,18222,10793,18328,2246,150,19457,1,29:00
2024-25,1628389,Bam Adebayo,Bam,1610612748,MIA,Miami Heat,0022400002,2024-11-12T00:00:00,MIA @ DET,L,43.55,6.6,10.7,0.615,0.8,0.8,1.0,2.5,4.1,0.6,5.0,5.0,9.9,2.5,0.8,0.0,0.8,0.0,0.8,4.1,16.5,0.8,33.8,1,0,31.4,1,13222,1,13222,113,9891,15783,5246,15053,20944,1,9105,7562,10343,2416,11000,5532,14615,16444,12854,8224,8846,20234,5977,11356,12234,11960,1,150,12849,1,43:33
2024-25,1628997,Caleb Martin,Caleb,1610612755,PHI,Philadelphia 76ers,0022400004,2024-11-12T00:00:00,PHI vs. NYK,L,35.91833333333334,7.0,10.0,0.7,1.0,3.0,0.333,2.0,2.0,1.0,0.0,2.0,2.0,3.0,1.0,4.0,0.0,1.0,2.0,2.0,17.0,-14.0,35.0,0,0,31.1,1,13222,1,13222,2740,8889,17019,3045,14543,17625,9209,10634,12712,1,14058,19647,21790,12901,15830,1623,8263,7905,15123,13060,10811,19512,11068,2246,150,13099,1,35:55
2024-25,201567,Kevin Love,Kevin,1610612748,MIA,Miami Heat,0022400002,2024-11-12T00:00:00,MIA @ DET,L,9.733333333333333,3.7,14.8,0.25,3.7,14.8,0.25,0.0,0.0,0.0,0.0,7.4,7.4,0.0,0.0,0.0,0.0,0.0,0.0,0.0,11.1,-22.2,20.0,0,0,22.2,1,13222,1,13222,22198,17833,8908,20233,4702,738,11902,13505,14344,13505,14058,5681,9369,19908,16469,12854,8263,8846,20257,17725,17093,22133,21183,2246,150,19558,1,9:44
2024-25,1628401,Derrick White,Derrick,1610612738,BOS,Boston Celtics,0022400001,2024-11-12T00:00:00,BOS vs. ATL,L,37.86666666666667,9.5,14.3,0.667,6.7,11.4,0.583,3.8,4.8,0.8,1.0,4.8,5.7,4.8,2.9,1.0,0.0,0.0,1.9,1.9,29.5,4.8,43.4,0,0,48.5,1,13222,1,13222,1463,3873,9754,3281,923,2165,3489,6076,6387,7681,13639,11563,13008,8040,7018,12343,8263,8846,15663,13504,2271,10252,5909,2246,150,2993,1,37:52
2024-25,1630649,Stanley Umude,Stanley,1610612749,MIL,Milwaukee Bucks,0022400005,2024-11-12T00:00:00,MIL vs. TOR,W,1.9333333333333333,0.0,0.0,0.0,0.0,0.0,0.0,0.0,0.0,0.0,0.0,0.0,0.0,0.0,0.0,0.0,18.6,0.0,0.0,0.0,0.0,-18.6,55.9,0,0,37.2,1,1,13086,1,25499,22635,24836,22635,15070,20945,15070,13505,14344,13505,14058,22137,23286,19908,16469,12854,10,8846,20257,17725,23200,21104,1829,2246,150,8555,1,1:56
2024-25,1642258,Zaccharie Risacher,Zaccharie,1610612737,ATL,Atlanta Hawks,0022400001,2024-11-12T00:00:00,ATL @ BOS,W,24.821666666666665,5.8,18.9,0.308,0.0,5.8,0.0,0.0,2.9,0.0,7.3,5.8,13.1,0.0,0.0,4.4,0.0,1.5,2.9,1.5,11.6,17.4,40.3,0,0,33.4,1,1,13086,1,12163,12108,3877,19226,15070,11199,15070,13505,10236,13505,1041,8792,2768,19908,16469,1335,8263,4985,11188,15243,16568,4771,7560,2246,150,11354,1,24:49
2024-25,1630625,Dalano Banton,Dalano,1610612757,POR,Portland Trail Blazers,0022400008,2024-11-12T00:00:00,POR vs. MIN,W,23.65,6.1,13.7,0.444,6.1,9.1,0.667,0.0,0.0,0.0,1.5,4.6,6.1,7.6,7.6,1.5,3.0,0.0,4.6,1.5,18.3,3.0,43.1,0,0,47.2,1,1,13086,1,13186,11257,10653,13045,1243,4623,1957,13505,14344,13505,10222,12074,12076,3271,672,8308,1636,8846,5625,14911,9556,11093,6102,2246,150,3405,1,23:39
2024-25,1631105,Jalen Duren,Jalen,1610612765,DET,Detroit Pistons,0022400002,2024-11-12T00:00:00,DET vs. MIA,W,30.281666666666666,4.8,5.9,0.8,0.0,0.0,0.0,0.0,2.4,0.0,3.6,9.5,13.1,5.9,1.2,0.0,2.4,0.0,3.6,3.6,9.5,0.0,40.1,0,0,33.3,1,1,13086,1,7524,15099,22665,1688,15070,20945,15070,13505,11550,13505,4273,2996,2754,5597,14528,12854,2596,8846,8539,7485,18624,12240,7720,2246,150,11415,1,30:17
2024-25,1626172,Kevon Looney,Kevon,1610612744,GSW,Golden State Warriors,0022400007,2024-11-12T00:00:00,GSW vs. DAL,W,14.816666666666666,4.9,12.1,0.4,0.0,0.0,0.0,2.4,4.9,0.5,21.9,4.9,26.7,4.9,4.9,2.4,0.0,0.0,4.9,4.9,12.1,-21.9,53.9,0,0,48.6,1,1,13086,1,19696,14778,13332,14933,15070,20945,15070,9241,6178,10625,39,11257,147,7776,2511,4589,8263,8846,4925,4371,15981,22042,2218,2246,150,2957,1,14:49
2024-25,1628998,Cody Martin,Cody,1610612766,CHA,Charlotte Hornets,0022400003,2024-11-12T00:00:00,CHA @ ORL,L,19.45,5.6,7.4,0.75,3.7,3.7,1.0,0.0,0.0,0.0,0.0,5.6,5.6,0.0,3.7,1.9,0.0,1.9,0.0,0.0,14.8,-22.2,23.3,0,0,27.8,1,13222,1,13222,16462,12837,21065,2107,4696,16208,1,13505,14344,13505,14058,9407,13414,19908,4553,7029,8263,3736,20257,17725,13110,22139,19362,2246,150,15602,1,19:27
2024-25,1642345,Oso Ighodaro,Oso,1610612756,PHX,Phoenix Suns,0022400006,2024-11-12T00:00:00,PHX @ UTA,W,21.453333333333333,5.0,8.4,0.6,0.0,0.0,0.0,0.0,0.0,0.0,6.7,13.4,20.1,0.0,1.7,0.0,3.4,0.0,3.4,1.7,10.1,13.4,42.6,0,0,36.9,1,1,13086,1,14961,14286,19652,5394,15070,20945,15070,13505,14344,13505,1271,888,508,19908,12013,12854,1347,8846,9231,14342,18090,6223,6295,2246,150,8780,1,21:27
2024-25,1630228,Jonathan Kuminga,Jonathan,1610612744,GSW,Golden State Warriors,0022400007,2024-11-12T00:00:00,GSW vs. DAL,W,27.55,7.8,14.4,0.545,2.6,6.5,0.4,2.6,5.2,0.5,2.6,3.9,6.5,1.3,0.0,1.3,0.0,0.0,2.6,2.6,20.9,-1.3,34.6,0,0,34.0,1,1,13086,1,9909,6985,9571,7695,7780,9468,7874,8773,5558,10625,6313,13967,11096,18634,16469,9419,8263,8846,12377,10598,7159,13720,11350,2246,150,10875,1,27:33
2024-25,1629130,Duncan Robinson,Duncan,1610612748,MIA,Miami Heat,0022400002,2024-11-12T00:00:00,MIA @ DET,L,35.95666666666666,6.0,16.0,0.375,2.0,10.0,0.2,0.0,0.0,0.0,2.0,4.0,6.0,3.0,1.0,4.0,0.0,0.0,3.0,3.0,14.0,14.0,36.7,0,0,33.0,1,13222,1,13222,2712,11485,7090,16299,10151,3470,13429,13505,14344,13505,8375,13707,12255,12915,15839,1634,8263,8846,10699,9230,13914,6002,9868,2246,150,11629,1,35:57
2024-25,1630534,Ochai Agbaji,Ochai,1610612761,TOR,Toronto Raptors,0022400005,2024-11-12T00:00:00,TOR @ MIL,L,34.766666666666666,3.1,8.3,0.375,2.1,4.1,0.5,0.0,0.0,0.0,1.0,6.2,7.2,1.0,3.1,2.1,1.0,0.0,3.1,0.0,8.3,-1.0,24.7,0,0,24.9,1,13222,1,13222,3641,19186,19819,16299,9811,15247,3944,13505,14344,13505,12978,7870,9654,19575,6105,5908,7233,8846,10253,17725,19667,13559,18458,2246,150,17793,1,34:46
2024-25,1630166,Deni Avdija,Deni,1610612757,POR,Portland Trail Blazers,0022400008,2024-11-12T00:00:00,POR vs. MIN,W,25.25,5.7,14.3,0.4,4.3,8.6,0.5,8.6,8.6,1.0,0.0,5.7,5.7,7.1,1.4,1.4,1.4,0.0,2.9,7.1,24.2,7.1,48.9,0,0,47.0,1,1,13086,1,11782,12413,9757,14933,3431,5490,3944,1158,2150,1,14058,9035,13010,3850,13133,8774,5128,8846,11410,1561,4652,9078,3662,2246,150,3457,1,25:15
2024-25,1630168,Onyeka Okongwu,Onyeka,1610612737,ATL,Atlanta Hawks,0022400001,2024-11-12T00:00:00,ATL @ BOS,W,30.695,8.2,12.9,0.636,1.2,4.7,0.25,0.0,0.0,0.0,4.7,2.3,7.0,2.3,3.5,0.0,0.0,0.0,4.7,0.0,17.6,17.6,26.0,0,0,28.1,1,1,13086,1,7133,6191,12035,4689,13519,13981,11902,13505,14344,13505,2681,18643,10086,15068,4974,12854,8263,8846,5305,17725,10233,4711,17592,2246,150,15330,1,30:42
2024-25,1628449,Chris Boucher,Chris,1610612761,TOR,Toronto Raptors,0022400005,2024-11-12T00:00:00,TOR @ MIL,L,20.45,8.8,21.1,0.417,3.5,8.8,0.4,0.0,0.0,0.0,3.5,5.3,8.8,0.0,1.8,0.0,0.0,1.8,0.0,3.5,21.1,-19.4,29.9,0,0,33.4,1,13222,1,13222,15675,5074,2260,14532,5106,5103,7874,13505,14344,13505,4347,10069,7021,19908,11700,12854,8263,4006,20257,7609,6979,21365,14850,2246,150,11283,1,20:27
2024-25,1631260,AJ Green,AJ,1610612749,MIL,Milwaukee Bucks,0022400005,2024-11-12T00:00:00,MIL vs. TOR,W,30.116666666666667,4.8,16.7,0.286,4.8,16.7,0.286,0.0,0.0,0.0,2.4,3.6,6.0,3.6,1.2,2.4,0.0,0.0,2.4,0.0,14.3,14.3,32.9,0,0,33.5,1,1,13086,1,7664,15007,6141,19630,2594,435,11433,13505,14344,13505,6954,14966,12347,11128,14476,4726,8263,8846,13263,17725,13556,5878,12675,2246,150,11266,1,30:07
2024-25,1631093,Jaden Ivey,Jaden,1610612765,DET,Detroit Pistons,0022400002,2024-11-12T00:00:00,DET vs. MIA,W,40.74166666666667,7.1,15.9,0.444,0.9,4.4,0.2,1.8,1.8,1.0,1.8,6.2,8.0,6.2,2.7,0.9,0.0,0.0,5.3,1.8,16.8,-1.8,35.6,0,0,33.6,1,1,13086,1,408,8762,7255,13045,14992,14640,13429,11302,13228,1,9363,7934,8361,5189,7689,12724,8263,8846,4015,14051,11083,13906,10647,2246,150,11177,1,40:45
2024-25,1628960,Grayson Allen,Grayson,1610612756,PHX,Phoenix Suns,0022400006,2024-11-12T00:00:00,PHX @ UTA,W,25.583333333333332,7.0,14.1,0.5,5.6,12.7,0.444,1.4,2.8,0.5,0.0,1.4,1.4,0.0,1.4,0.0,0.0,0.0,0.0,2.8,21.1,16.9,21.4,0,0,28.1,1,1,13086,1,11499,8846,10052,8526,1640,1444,7211,12006,10455,10625,14058,21063,22677,19908,13240,12854,8263,8846,20257,9916,6989,4947,20475,2246,150,15331,1,25:35
2024-25,1626220,Royce O'Neale,Royce,1610612756,PHX,Phoenix Suns,0022400006,2024-11-12T00:00:00,PHX @ UTA,W,23.666666666666668,3.0,12.2,0.25,3.0,9.1,0.333,4.6,6.1,0.75,1.5,3.0,4.6,3.0,1.5,1.5,4.6,0.0,3.0,3.0,13.7,3.0,40.5,0,0,36.5,1,1,13086,1,13171,19335,13303,20233,6367,4635,9209,4740,4366,8186,10230,16576,15893,12787,12655,8320,666,8846,10525,9093,14294,11096,7481,2246,150,9042,1,23:40
2024-25,1629628,RJ Barrett,RJ,1610612761,TOR,Toronto Raptors,0022400005,2024-11-12T00:00:00,TOR @ MIL,L,30.966666666666665,3.5,16.3,0.214,1.2,5.8,0.2,0.0,0.0,0.0,1.2,7.0,8.1,2.3,5.8,2.3,0.0,1.2,1.2,0.0,8.1,-26.7,22.6,0,0,24.4,1,13222,1,13222,6903,18355,6722,21369,13579,11179,13429,13505,14344,13505,12032,6401,8027,15138,1545,4947,8263,6535,18746,17725,19806,23188,19843,2246,150,18066,1,30:58
2024-25,1628371,Jonathan Isaac,Jonathan,1610612753,ORL,Orlando Magic,0022400003,2024-11-12T00:00:00,ORL vs. CHA,W,14.0,7.7,10.3,0.75,2.6,5.1,0.5,0.0,0.0,0.0,2.6,7.7,10.3,2.6,0.0,5.1,2.6,0.0,2.6,0.0,18.0,30.9,57.3,0,0,48.9,1,1,13086,1,20196,7239,16579,2107,7910,12839,3944,13505,14344,13505,6424,5141,5131,14302,16469,813,2259,8846,12524,17725,9827,1851,1580,2246,150,2871,1,14:00
2024-25,1628384,OG Anunoby,OG,1610612752,NYK,New York Knicks,0022400004,2024-11-12T00:00:00,NYK @ PHI,W,40.675,9.7,14.2,0.688,1.8,3.5,0.5,0.0,0.0,0.0,0.0,5.3,5.3,1.8,0.0,0.9,0.9,0.9,0.9,0.9,21.2,15.9,35.6,0,0,33.6,1,1,13086,1,421,3556,9905,3227,11189,16571,3944,13505,14344,13505,14058,10005,14020,17173,16469,12718,8129,8711,20174,17679,6890,5274,10676,2246,150,11130,1,40:41
2024-25,202709,Cory Joseph,Cory,1610612753,ORL,Orlando Magic,0022400003,2024-11-12T00:00:00,ORL vs. CHA,W,1.9666666666666666,0.0,18.3,0.0,0.0,18.3,0.0,0.0,0.0,0.0,0.0,18.3,18.3,18.3,0.0,0.0,0.0,0.0,0.0,0.0,0.0,-36.6,49.4,0,0,36.6,1,1,13086,1,25476,22635,4363,22635,15070,310,15070,13505,14344,13505,14058,234,829,128,16469,12854,8263,8846,20257,17725,23200,24577,3447,2246,150,8968,1,1:58
2024-25,1627741,Buddy Hield,Buddy,1610612744,GSW,Golden State Warriors,0022400007,2024-11-12T00:00:00,GSW vs. DAL,W,20.65,10.5,22.7,0.462,3.5,13.9,0.25,0.0,0.0,0.0,0.0,1.7,1.7,0.0,0.0,3.5,0.0,0.0,0.0,0.0,24.4,-36.6,37.0,0,0,36.6,1,1,13086,1,15523,2753,1515,12428,5176,942,11902,13505,14344,13505,14058,20369,22239,19908,16469,2254,8263,8846,20257,17725,4544,24577,9725,2246,150,8968,1,20:39
2024-25,1630703,Scoot Henderson,Scoot,1610612757,POR,Portland Trail Blazers,0022400008,2024-11-12T00:00:00,POR vs. MIN,W,20.75,10.4,15.6,0.667,3.5,3.5,1.0,0.0,1.7,0.0,1.7,5.2,6.9,3.5,5.2,5.2,0.0,1.7,6.9,3.5,24.3,19.1,48.2,0,0,48.6,1,1,13086,1,15455,2812,7675,3281,5219,16710,1,13505,13264,13505,9461,10267,10260,11492,2107,782,8263,4067,2024,7744,4618,4238,3906,2246,150,2963,1,20:45
2024-25,1631169,Josh Minott,Josh,1610612750,MIN,Minnesota Timberwolves,0022400008,2024-11-12T00:00:00,MIN @ POR,L,1.7666666666666666,0.0,0.0,0.0,0.0,0.0,0.0,0.0,0.0,0.0,0.0,0.0,0.0,20.4,0.0,0.0,0.0,0.0,20.4,0.0,0.0,40.8,30.6,0,0,20.4,1,13222,1,13222,25637,22635,24836,22635,15070,20945,15070,13505,14344,13505,14058,22137,23286,76,16469,12854,8263,8846,116,17725,23200,930,14369,2246,150,20639,1,1:46
2024-25,1630811,Keaton Wallace,Keaton,1610612737,ATL,Atlanta Hawks,0022400001,2024-11-12T00:00:00,ATL @ BOS,W,31.938333333333333,3.4,14.7,0.231,1.1,6.8,0.167,0.0,0.0,0.0,0.0,2.3,2.3,9.0,2.3,0.0,0.0,1.1,1.1,1.1,7.9,-6.8,21.9,0,0,20.3,1,1,13086,1,6030,18585,9129,21157,13787,8979,14236,13505,14344,13505,14058,18907,21304,2007,9290,12854,8263,6818,18947,16789,20004,16403,20224,2246,150,20696,1,31:56
2024-25,1631197,Jared Rhoden,Jared,1610612766,CHA,Charlotte Hornets,0022400003,2024-11-12T00:00:00,CHA @ ORL,L,1.9666666666666666,0.0,36.6,0.0,0.0,18.3,0.0,0.0,0.0,0.0,0.0,0.0,0.0,0.0,0.0,0.0,0.0,0.0,0.0,0.0,0.0,36.6,0.0,0,0,0.0,1,13222,1,13222,25476,22635,111,22635,15070,310,15070,13505,14344,13505,14058,22137,23286,19908,16469,12854,8263,8846,20257,17725,23200,1229,25228,2246,150,25259,1,1:58
2024-25,1630288,Jeff Dowtin Jr.,Jeff,1610612755,PHI,Philadelphia 76ers,0022400004,2024-11-12T00:00:00,PHI vs. NYK,L,21.656666666666666,0.0,6.6,0.0,0.0,1.7,0.0,0.0,0.0,0.0,1.7,0.0,1.7,1.7,0.0,3.3,0.0,0.0,1.7,0.0,0.0,-8.3,14.5,0,0,10.0,1,13222,1,13222,14794,22635,21955,22635,15070,20093,15070,13505,14344,13505,9711,22137,22353,17474,16469,2516,8263,8846,16656,17725,23200,17101,23341,2246,150,24429,1,21:39
2024-25,1630346,Matt Ryan,Matt,1610612752,NYK,New York Knicks,0022400004,2024-11-12T00:00:00,NYK @ PHI,W,8.801666666666666,0.0,12.3,0.0,0.0,8.2,0.0,0.0,0.0,0.0,0.0,0.0,0.0,0.0,0.0,0.0,0.0,4.1,0.0,4.1,0.0,-24.5,0.0,0,0,0.0,1,1,13086,1,22531,22635,13139,22635,15070,6120,15070,13505,14344,13505,14058,22137,23286,19908,16469,12854,8263,625,20257,6075,23200,22701,25228,2246,150,25259,1,8:48
2024-25,1641764,Brandin Podziemski,Brandin,1610612744,GSW,Golden State Warriors,0022400007,2024-11-12T00:00:00,GSW vs. DAL,W,16.683333333333334,2.2,4.3,0.5,2.2,2.2,1.0,0.0,0.0,0.0,0.0,2.2,2.2,2.2,0.0,0.0,0.0,0.0,4.3,0.0,6.5,-41.0,12.3,0,0,12.9,1,1,13086,1,18477,21121,23906,8526,9403,19242,1,13505,14344,13505,14058,19183,21498,15775,16469,12854,8263,8846,6229,17725,21068,24909,23946,2246,150,23731,1,16:41
2024-25,201959,Taj Gibson,Taj,1610612766,CHA,Charlotte Hornets,0022400003,2024-11-12T00:00:00,CHA @ ORL,L,14.3,5.0,7.6,0.667,0.0,0.0,0.0,0.0,0.0,0.0,5.0,5.0,10.1,0.0,7.6,0.0,0.0,0.0,5.0,0.0,10.1,-20.1,14.6,0,0,20.1,1,13222,1,13222,20016,14282,20851,3281,15070,20945,15070,13505,14344,13505,2345,10772,5350,19908,692,12854,8263,8846,4532,17725,18087,21589,23309,2246,150,20777,1,14:18
2024-25,1626166,Cameron Payne,Cameron,1610612752,NYK,New York Knicks,0022400004,2024-11-12T00:00:00,NYK @ PHI,W,9.016666666666667,4.0,20.0,0.2,4.0,8.0,0.5,0.0,0.0,0.0,4.0,8.0,12.0,12.0,4.0,0.0,0.0,0.0,12.0,0.0,12.0,-16.0,40.3,0,0,39.9,1,1,13086,1,22447,17109,3000,21401,4014,6472,3944,13505,14344,13505,3602,4723,3512,728,3897,12854,8263,8846,427,17725,16165,20247,7555,2246,150,6818,1,9:01
2024-25,1641748,Andre Jackson Jr.,Andre,1610612749,MIL,Milwaukee Bucks,0022400005,2024-11-12T00:00:00,MIL vs. TOR,W,18.366666666666667,2.0,3.9,0.5,0.0,2.0,0.0,0.0,0.0,0.0,0.0,3.9,3.9,3.9,3.9,2.0,2.0,0.0,5.9,0.0,3.9,35.3,22.3,0,0,19.6,1,1,13086,1,17303,21476,24127,8526,15070,19629,15070,13505,14344,13505,14058,13967,17513,10165,4035,6454,3603,8846,3099,17725,22586,1364,19960,2246,150,21091,1,18:22
2024-25,203552,Seth Curry,Seth,1610612766,CHA,Charlotte Hornets,0022400003,2024-11-12T00:00:00,CHA @ ORL,L,5.733333333333333,0.0,6.3,0.0,0.0,6.3,0.0,0.0,0.0,0.0,0.0,6.3,6.3,6.3,6.3,0.0,0.0,0.0,6.3,0.0,0.0,0.0,10.7,0,0,12.6,1,13222,1,13222,23688,22635,22343,22635,15070,10027,15070,13505,14344,13505,14058,7732,11658,5053,1233,12854,8263,8846,2624,17725,23200,12240,24307,2246,150,23853,1,5:44
2024-25,1626162,Kelly Oubre Jr.,Kelly,1610612755,PHI,Philadelphia 76ers,0022400004,2024-11-12T00:00:00,PHI vs. NYK,L,28.64,1.3,7.5,0.167,0.0,2.5,0.0,3.8,3.8,1.0,1.3,6.3,7.5,1.3,1.3,0.0,2.5,1.3,6.3,2.5,6.3,-3.8,23.5,0,0,20.1,1,13222,1,13222,8995,22443,20870,21938,15070,18598,15070,6145,8319,1,11441,7723,9086,18813,14055,12854,2346,5893,2620,10939,21195,14933,19257,2246,150,20790,1,28:38
2024-25,1641783,Tristan da Silva,Tristan,1610612753,ORL,Orlando Magic,0022400003,2024-11-12T00:00:00,ORL vs. CHA,W,32.03333333333333,2.2,6.7,0.333,1.1,4.5,0.25,0.0,0.0,0.0,1.1,5.6,6.7,2.2,0.0,0.0,2.2,0.0,1.1,0.0,5.6,16.9,23.8,0,0,20.2,1,1,13086,1,5940,20951,21842,17395,13815,14436,11902,13505,14344,13505,12306,9266,10649,15446,16469,12854,2843,8846,18967,17725,21654,4954,19079,2246,150,20736,1,32:02
2024-25,1641737,Adem Bona,Adem,1610612755,PHI,Philadelphia 76ers,0022400004,2024-11-12T00:00:00,PHI vs. NYK,L,0.6066666666666667,0.0,0.0,0.0,0.0,0.0,0.0,0.0,0.0,0.0,0.0,0.0,0.0,0.0,0.0,0.0,0.0,0.0,0.0,0.0,0.0,0.0,0.0,0,0,0.0,1,13222,1,13222,26181,22635,24836,22635,15070,20945,15070,13505,14344,13505,14058,22137,23286,19908,16469,12854,8263,8846,20257,17725,23200,12240,25228,2246,150,25259,1,0:36
2024-25,1642275,Tidjane Salaün,Tidjane,1610612766,CHA,Charlotte Hornets,0022400003,2024-11-12T00:00:00,CHA @ ORL,L,20.566666666666666,1.8,10.5,0.167,1.8,5.3,0.333,0.0,3.5,0.0,3.5,7.0,10.5,1.8,1.8,0.0,0.0,0.0,3.5,3.5,5.3,-43.8,18.7,0,0,19.3,1,13222,1,13222,15592,21829,16212,21938,11251,12589,9209,13505,8881,13505,4376,6353,4905,17228,11732,12854,8263,8846,8742,7656,21880,25108,21788,2246,150,21265,1,20:34
2024-25,1641775,Jordan Walsh,Jordan,1610612738,BOS,Boston Celtics,0022400001,2024-11-12T00:00:00,BOS vs. ATL,L,4.383333333333334,0.0,8.2,0.0,0.0,0.0,0.0,0.0,0.0,0.0,0.0,0.0,0.0,0.0,0.0,0.0,0.0,0.0,0.0,0.0,0.0,-24.6,0.0,0,0,0.0,1,13222,1,13222,24293,22635,19923,22635,15070,20945,15070,13505,14344,13505,14058,22137,23286,19908,16469,12854,8263,8846,20257,17725,23200,22732,25228,2246,150,25259,1,4:23
2024-25,1628369,Jayson Tatum,Jayson,1610612738,BOS,Boston Celtics,0022400001,2024-11-12T00:00:00,BOS vs. ATL,L,37.43333333333333,4.8,15.4,0.313,1.9,8.7,0.222,7.7,7.7,1.0,0.0,5.8,5.8,7.7,4.8,1.0,1.9,0.0,2.9,4.8,19.2,3.8,41.5,0,0,40.4,1,13222,1,13222,1716,14918,7980,19175,10532,5337,13288,1562,2750,1,14058,8857,12838,3191,2570,12265,3697,8846,11246,4487,8619,10728,6862,2246,150,6551,1,37:26
2024-25,1641753,Chris Livingston,Chris,1610612749,MIL,Milwaukee Bucks,0022400005,2024-11-12T00:00:00,MIL vs. TOR,W,1.9333333333333333,0.0,18.6,0.0,0.0,0.0,0.0,0.0,0.0,0.0,0.0,0.0,0.0,0.0,0.0,0.0,0.0,0.0,0.0,0.0,0.0,-18.6,0.0,0,0,0.0,1,1,13086,1,25499,22635,4096,22635,15070,20945,15070,13505,14344,13505,14058,22137,23286,19908,16469,12854,8263,8846,20257,17725,23200,21104,25228,2246,150,25259,1,1:56
2024-25,1630699,MarJon Beauchamp,MarJon,1610612749,MIL,Milwaukee Bucks,0022400005,2024-11-12T00:00:00,MIL vs. TOR,W,1.9333333333333333,0.0,0.0,0.0,0.0,0.0,0.0,0.0,0.0,0.0,0.0,0.0,0.0,0.0,37.2,0.0,0.0,0.0,0.0,0.0,0.0,-18.6,-37.2,0,0,0.0,1,1,13086,1,25499,22635,24836,22635,15070,20945,15070,13505,14344,13505,14058,22137,23286,19908,6,12854,8263,8846,20257,17725,23200,21104,26302,2246,150,25259,1,1:56
2024-25,1642367,Jonathan Mogbo,Jonathan,1610612761,TOR,Toronto Raptors,0022400005,2024-11-12T00:00:00,TOR @ MIL,L,10.633333333333333,0.0,3.4,0.0,0.0,0.0,0.0,0.0,0.0,0.0,6.8,0.0,6.8,0.0,3.4,3.4,3.4,0.0,3.4,0.0,0.0,-37.2,25.1,0,0,20.3,1,13222,1,13222,21861,22635,24352,22635,15070,20945,15070,13505,14344,13505,1243,22137,10591,19908,5269,2409,1319,8846,9130,17725,23200,24636,18249,2246,150,20683,1,10:38
2024-25,203915,Spencer Dinwiddie,Spencer,1610612742,DAL,Dallas Mavericks,0022400007,2024-11-12T00:00:00,DAL @ GSW,L,11.383333333333333,0.0,3.2,0.0,0.0,3.2,0.0,0.0,0.0,0.0,0.0,0.0,0.0,0.0,0.0,0.0,0.0,0.0,0.0,3.2,0.0,-19.0,0.0,0,0,0.0,1,13222,1,13222,21541,22635,24433,22635,15070,17337,15070,13505,14344,13505,14058,22137,23286,19908,16469,12854,8263,8846,20257,8692,23200,21233,25228,2246,150,25259,1,11:23
2024-25,201572,Brook Lopez,Brook,1610612749,MIL,Milwaukee Bucks,0022400005,2024-11-12T00:00:00,MIL vs. TOR,W,36.85,4.9,13.7,0.357,2.0,9.8,0.2,1.0,1.0,1.0,2.0,4.9,6.8,2.9,0.0,2.0,2.9,1.0,3.9,1.0,12.7,17.6,40.0,0,0,34.2,1,1,13086,1,2096,14712,10686,17140,10372,3761,13429,13300,14249,1,8602,11199,10449,13158,16469,6480,1772,8124,7421,17462,15391,4714,7792,2246,150,10704,1,36:51
2024-25,1630183,Jaden McDaniels,Jaden,1610612750,MIN,Minnesota Timberwolves,0022400008,2024-11-12T00:00:00,MIN @ POR,L,35.81666666666667,8.0,10.1,0.8,1.0,3.0,0.333,0.0,0.0,0.0,1.0,5.0,6.0,2.0,4.0,2.0,2.0,0.0,5.0,0.0,17.1,2.0,35.4,0,0,34.2,1,13222,1,13222,2811,6554,16956,1688,14522,17611,9209,13505,14344,13505,13219,10810,12208,16339,3843,6209,3457,8846,4552,17725,10755,11616,10817,2246,150,10720,1,35:49
2024-25,1627752,Taurean Prince,Taurean,1610612749,MIL,Milwaukee Bucks,0022400005,2024-11-12T00:00:00,MIL vs. TOR,W,21.666666666666668,5.0,11.6,0.429,5.0,8.3,0.6,0.0,0.0,0.0,1.7,10.0,11.6,3.3,3.3,0.0,0.0,1.7,6.6,1.7,15.0,-8.3,30.6,0,0,34.9,1,1,13086,1,14776,14433,14258,13735,2295,5908,2992,13505,14344,13505,9713,2606,3818,11907,5443,12854,8263,4251,2272,14407,12950,17099,14366,2246,150,10165,1,21:40
2024-25,1627736,Malik Beasley,Malik,1610612765,DET,Detroit Pistons,0022400002,2024-11-12T00:00:00,DET vs. MIA,W,35.3,7.1,17.3,0.412,5.1,11.2,0.455,2.0,3.1,0.667,1.0,4.1,5.1,1.0,4.1,1.0,0.0,0.0,2.0,2.0,21.4,-9.2,28.0,0,0,34.7,1,1,13086,1,3234,8608,5410,14791,2154,2312,7148,10490,9821,9425,13093,13480,14521,19619,3715,11762,8263,8846,14919,12876,6718,17517,16194,2246,150,10317,1,35:18
2024-25,1630558,Davion Mitchell,Davion,1610612761,TOR,Toronto Raptors,0022400005,2024-11-12T00:00:00,TOR @ MIL,L,33.166666666666664,0.0,2.2,0.0,0.0,0.0,0.0,1.1,2.2,0.5,0.0,4.3,4.3,8.7,3.3,1.1,0.0,1.1,1.1,2.2,1.1,1.1,19.3,0,0,16.3,1,13222,1,13222,5013,22635,24729,22635,15070,20945,15070,12950,12176,10625,14058,12679,16431,2283,5643,11140,8263,7183,19183,12290,23199,12087,21492,2246,150,22593,1,33:10
2024-25,1631323,Simone Fontecchio,Simone,1610612765,DET,Detroit Pistons,0022400002,2024-11-12T00:00:00,DET vs. MIA,W,23.325,6.2,12.3,0.5,3.1,7.7,0.4,0.0,0.0,0.0,0.0,3.1,3.1,4.6,3.1,0.0,0.0,0.0,3.1,0.0,15.4,18.5,23.0,0,0,26.2,1,1,13086,1,13448,11038,12988,8526,6251,6966,7874,13505,14344,13505,14058,16445,19508,8350,6164,12854,8263,8846,10323,17725,12483,4403,19568,2246,150,16764,1,23:20
2024-25,1629021,Moritz Wagner,Moritz,1610612753,ORL,Orlando Magic,0022400003,2024-11-12T00:00:00,ORL vs. CHA,W,23.533333333333335,7.6,10.7,0.714,3.1,6.1,0.5,9.2,9.2,1.0,3.1,4.6,7.6,1.5,3.1,3.1,0.0,0.0,1.5,7.6,27.5,45.9,45.1,0,0,45.9,1,1,13086,1,13284,7385,15872,2752,6323,10394,3944,945,1780,1,5211,12010,8885,17873,6256,3028,8263,8846,17114,1228,2964,672,5116,2246,150,3861,1,23:32
2024-25,1629726,Garrison Mathews,Garrison,1610612737,ATL,Atlanta Hawks,0022400001,2024-11-12T00:00:00,ATL @ BOS,W,23.216666666666665,0.0,4.7,0.0,0.0,4.7,0.0,3.1,3.1,1.0,0.0,1.6,1.6,7.8,3.1,1.6,0.0,1.6,3.1,1.6,3.1,-9.3,18.1,0,0,15.5,1,1,13086,1,13533,22635,23715,22635,15070,14076,15070,7542,9720,1,14058,20772,22504,3130,6122,8192,8263,4589,10270,14802,22925,17586,22034,2246,150,22880,1,23:13
2024-25,202691,Klay Thompson,Klay,1610612742,DAL,Dallas Mavericks,0022400007,2024-11-12T00:00:00,DAL @ GSW,L,33.583333333333336,7.5,18.2,0.412,6.4,12.9,0.5,2.1,2.1,1.0,0.0,4.3,4.3,3.2,2.1,0.0,0.0,2.1,5.4,1.1,23.6,-3.2,31.4,0,0,37.5,1,13222,1,13222,4656,7756,4436,14791,1032,1362,3944,10154,12279,1,14058,12842,16562,12245,9757,12854,8263,2787,3910,17053,5070,14683,13743,2246,150,8349,1,33:35
2024-25,1629029,Luka Dončić,Luka,1610612742,DAL,Dallas Mavericks,0022400007,2024-11-12T00:00:00,DAL @ GSW,L,41.083333333333336,11.4,23.7,0.481,1.8,8.8,0.2,2.6,2.6,1.0,0.0,7.0,7.0,5.3,4.4,2.6,0.0,0.9,1.8,2.6,27.2,1.8,47.0,0,0,46.4,1,13222,1,13222,358,1944,1163,11953,11245,5162,13429,8738,10911,1,14058,6341,10130,6919,3171,4066,8263,8720,16363,10549,3132,11769,4322,2246,150,3678,1,41:05
2024-25,1626196,Josh Richardson,Josh,1610612748,MIA,Miami Heat,0022400002,2024-11-12T00:00:00,MIA @ DET,L,7.866666666666666,9.2,13.7,0.667,4.6,4.6,1.0,0.0,0.0,0.0,0.0,0.0,0.0,4.6,0.0,0.0,0.0,0.0,0.0,9.2,22.9,-4.6,29.7,0,0,32.0,1,13222,1,13222,22856,4432,10600,3281,2928,14247,1,13505,14344,13505,14058,22137,23286,8459,16469,12854,8263,8846,20257,606,5570,15356,14978,2246,150,12365,1,7:52
2024-25,1627824,Guerschon Yabusele,Guerschon,1610612755,PHI,Philadelphia 76ers,0022400004,2024-11-12T00:00:00,PHI vs. NYK,L,19.403333333333332,1.9,13.0,0.143,1.9,9.3,0.2,0.0,0.0,0.0,3.7,11.1,14.8,0.0,5.6,1.9,0.0,1.9,3.7,0.0,5.6,-16.7,23.4,0,0,26.0,1,13222,1,13222,16497,21651,11877,22260,10853,4411,13429,13505,14344,13505,4019,1833,1851,19908,1757,7002,8263,3721,8039,17725,21686,20515,19329,2246,150,16950,1,19:24
2024-25,1630162,Anthony Edwards,Anthony,1610612750,MIN,Minnesota Timberwolves,0022400008,2024-11-12T00:00:00,MIN @ POR,L,37.016666666666666,7.8,18.5,0.421,3.9,9.7,0.4,5.8,5.8,1.0,0.0,0.0,0.0,2.9,1.0,1.9,1.0,2.9,1.9,2.9,25.3,-19.5,37.4,0,0,37.9,1,13222,1,13222,1975,7103,4233,14442,4216,3816,7874,3044,4709,1,14058,22137,23286,13216,16007,6536,7673,1434,15436,9536,4065,21386,9381,2246,150,8072,1,37:01
2024-25,1630552,Jalen Johnson,Jalen,1610612737,ATL,Atlanta Hawks,0022400001,2024-11-12T00:00:00,ATL @ BOS,W,38.845,7.4,14.8,0.5,1.9,3.7,0.5,0.0,0.0,0.0,1.9,9.3,11.1,9.3,2.8,2.8,0.9,0.0,3.7,1.9,16.7,3.7,52.3,1,1,46.3,1,1,13086,1,943,7981,8855,8526,10863,16201,3944,13505,14344,13505,9029,3236,4307,1828,7287,3732,7976,8846,8058,13719,11193,10805,2651,1,1,3709,1,38:51
2024-25,203995,Vasilije Micić,Vasilije,1610612766,CHA,Charlotte Hornets,0022400003,2024-11-12T00:00:00,CHA @ ORL,L,13.583333333333334,2.7,13.3,0.2,0.0,2.7,0.0,5.3,10.6,0.5,0.0,8.0,8.0,2.7,2.7,2.7,0.0,2.7,2.7,10.6,10.6,-26.5,29.4,0,0,26.5,1,13222,1,13222,20440,20182,11383,21401,15070,18348,15070,3652,1154,10625,14058,4777,8363,14042,7691,4015,8263,1807,12240,320,17554,23135,15198,2246,150,16538,1,13:35
2024-25,1641796,Pelle Larsson,Pelle,1610612748,MIA,Miami Heat,0022400002,2024-11-12T00:00:00,MIA @ DET,L,13.21,2.7,13.6,0.2,0.0,2.7,0.0,0.0,0.0,0.0,2.7,5.5,8.2,2.7,0.0,0.0,0.0,0.0,8.2,2.7,5.5,-19.1,19.3,0,0,16.4,1,13222,1,13222,20649,20033,10788,21401,15070,18211,15070,13505,14344,13505,6040,9673,7971,13838,16469,12854,8263,8846,1286,10241,21764,21262,21475,2246,150,22569,1,13:13
2024-25,1629012,Collin Sexton,Collin,1610612762,UTA,Utah Jazz,0022400006,2024-11-12T00:00:00,UTA vs. PHX,L,30.666666666666668,5.9,16.4,0.357,3.5,7.0,0.5,2.3,2.3,1.0,3.5,2.3,5.9,3.5,1.2,1.2,0.0,2.3,4.7,2.3,17.6,10.6,32.3,0,0,32.9,1,13222,1,13222,7151,11891,6503,17140,5103,8372,3944,9458,11634,1,4341,18632,12594,11333,14636,10403,8263,2338,5292,11555,10216,7439,13101,2246,150,11753,1,30:40
2024-25,1630579,Jericho Sims,Jericho,1610612752,NYK,New York Knicks,0022400004,2024-11-12T00:00:00,NYK @ PHI,W,9.571666666666667,3.8,3.8,1.0,0.0,0.0,0.0,0.0,0.0,0.0,7.5,3.8,11.3,0.0,0.0,0.0,3.8,0.0,7.5,0.0,7.5,3.8,32.3,0,0,26.3,1,1,13086,1,22254,17673,24204,1,15070,20945,15070,13505,14344,13505,946,14444,4158,19908,16469,12854,1052,8846,1635,17725,20303,10773,13050,2246,150,16698,1,9:34
2024-25,203954,Joel Embiid,Joel,1610612755,PHI,Philadelphia 76ers,0022400004,2024-11-12T00:00:00,PHI vs. NYK,L,26.416666666666668,2.7,15.0,0.182,1.4,6.8,0.2,10.9,10.9,1.0,1.4,2.7,4.1,6.8,2.7,0.0,1.4,1.4,4.1,6.8,17.7,-9.5,34.2,0,0,32.7,1,13222,1,13222,10803,20031,8632,21891,12596,8880,13429,503,1054,1,10914,17621,17098,4276,7455,12854,5397,5343,6877,1813,10119,17690,11646,2246,150,11876,1,26:25
2024-25,1630540,Miles McBride,Miles,1610612752,NYK,New York Knicks,0022400004,2024-11-12T00:00:00,NYK @ PHI,W,25.868333333333332,8.3,16.7,0.5,4.2,11.1,0.375,0.0,0.0,0.0,0.0,4.2,4.2,2.8,1.4,2.8,0.0,0.0,1.4,2.8,20.9,16.7,37.0,0,0,37.6,1,1,13086,1,11268,5886,6174,8526,3626,2389,8800,13505,14344,13505,14058,13189,16873,13642,13329,3726,8263,8846,17662,10026,7183,5004,9684,2246,150,8307,1,25:52
2024-25,1641842,Ronald Holland II,Ronald,1610612765,DET,Detroit Pistons,0022400002,2024-11-12T00:00:00,DET vs. MIA,W,16.05,0.0,4.5,0.0,0.0,0.0,0.0,4.5,4.5,1.0,4.5,4.5,9.0,2.2,0.0,0.0,0.0,2.2,2.2,6.7,4.5,-2.2,18.6,0,0,15.7,1,1,13086,1,18894,22635,23814,22635,15070,20945,15070,4856,6864,1,2940,12294,6788,15462,16469,12854,8263,2568,13910,1880,22302,14171,21835,2246,150,22820,1,16:03
2024-25,1626179,Terry Rozier,Terry,1610612748,MIA,Miami Heat,0022400002,2024-11-12T00:00:00,MIA @ DET,L,39.516666666666666,2.7,12.8,0.214,0.0,4.6,0.0,0.9,0.9,1.0,0.0,1.8,1.8,4.6,2.7,0.9,0.9,0.9,1.8,1.8,6.4,-1.8,18.1,0,0,16.4,1,13222,1,13222,713,20014,12291,21369,15070,14312,15070,13439,14308,1,14058,20186,22128,8522,7430,12611,8040,8603,16074,13840,21140,13933,22042,2246,150,22551,1,39:31
2024-25,201144,Mike Conley,Mike,1610612750,MIN,Minnesota Timberwolves,0022400008,2024-11-12T00:00:00,MIN @ POR,L,24.283333333333335,3.0,7.4,0.4,3.0,7.4,0.4,0.0,0.0,0.0,0.0,5.9,5.9,8.9,1.5,3.0,0.0,0.0,1.5,1.5,8.9,10.4,36.8,0,0,32.6,1,13222,1,13222,12662,19500,21056,14933,6633,7585,7874,13505,14344,13505,14058,8484,12454,2113,12832,3231,8263,8846,17286,15072,19182,7525,9860,2246,150,11928,1,24:17
2024-25,203507,Giannis Antetokounmpo,Giannis,1610612749,MIL,Milwaukee Bucks,0022400005,2024-11-12T00:00:00,MIL vs. TOR,W,33.333333333333336,9.7,13.0,0.75,0.0,1.1,0.0,5.4,9.7,0.556,1.1,3.2,4.3,7.6,4.3,0.0,4.3,1.1,2.2,6.5,24.8,1.1,50.0,0,0,45.4,1,1,13086,1,4870,3582,11924,2107,15070,20766,15070,3529,1498,10597,12634,15961,16484,3325,3273,12854,745,7224,14298,2104,4283,12092,3271,2246,150,4086,1,33:20
2024-25,1631170,Jaime Jaquez Jr.,Jaime,1610612748,MIA,Miami Heat,0022400002,2024-11-12T00:00:00,MIA @ DET,L,24.8,8.7,13.1,0.667,0.0,1.5,0.0,2.9,2.9,1.0,2.9,4.4,7.3,4.4,2.9,2.9,0.0,1.5,4.4,1.5,20.3,-18.9,41.4,0,0,37.7,1,13222,1,13222,12175,5246,11749,3281,15070,20325,15070,8086,10226,1,5579,12634,9646,8996,6829,3402,8263,4979,6126,15236,7641,21197,6947,2246,150,8203,1,24:48
2024-25,1642272,Jared McCain,Jared,1610612755,PHI,Philadelphia 76ers,0022400004,2024-11-12T00:00:00,PHI vs. NYK,L,30.24,8.3,19.0,0.438,4.8,11.9,0.4,6.0,6.0,1.0,1.2,2.4,3.6,2.4,2.4,0.0,0.0,0.0,1.2,3.6,27.4,3.6,32.9,0,0,38.1,1,13222,1,13222,7562,5917,3719,13558,2621,1834,7874,2915,4544,1,11862,18541,18395,14947,8733,12854,8263,8846,18585,7474,3030,10868,12686,2246,150,7964,1,30:14
2024-25,203486,Mason Plumlee,Mason,1610612756,PHX,Phoenix Suns,0022400006,2024-11-12T00:00:00,PHX @ UTA,W,26.461666666666666,8.2,12.2,0.667,0.0,0.0,0.0,4.1,5.4,0.75,4.1,15.0,19.0,2.7,0.0,0.0,1.4,2.7,1.4,2.7,20.4,0.0,51.4,1,0,44.9,1,1,13086,1,10770,6278,13187,3281,15070,20945,15070,5558,5257,8186,3477,579,689,13842,16469,12854,5406,1711,17789,10253,7575,12240,2860,1,150,4315,1,26:28
2024-25,1630700,Dyson Daniels,Dyson,1610612737,ATL,Atlanta Hawks,0022400001,2024-11-12T00:00:00,ATL @ BOS,W,40.95,10.5,18.5,0.571,0.9,4.4,0.2,2.6,4.4,0.6,0.0,2.6,2.6,6.2,5.3,5.3,0.0,0.0,2.6,3.5,24.6,-3.5,47.6,0,0,44.8,1,1,13086,1,378,2665,4254,6538,14997,14693,13429,8719,7034,10343,14058,17863,20570,5243,2038,750,8263,8846,12296,7617,4418,14809,4121,2246,150,4337,1,40:57
2024-25,1626153,Delon Wright,Delon,1610612749,MIL,Milwaukee Bucks,0022400005,2024-11-12T00:00:00,MIL vs. TOR,W,23.716666666666665,1.5,7.6,0.2,0.0,6.1,0.0,0.0,0.0,0.0,3.0,1.5,4.6,3.0,0.0,7.6,0.0,0.0,0.0,0.0,3.0,7.6,35.8,0,0,25.8,1,1,13086,1,13138,22148,20809,21401,15070,10514,15070,13505,14344,13505,5257,20839,15915,12807,16469,239,8263,8846,20257,17725,22946,8841,10496,2246,150,17065,1,23:43
2024-25,203914,Gary Harris,Gary,1610612753,ORL,Orlando Magic,0022400003,2024-11-12T00:00:00,ORL vs. CHA,W,16.8,0.0,4.3,0.0,0.0,4.3,0.0,0.0,0.0,0.0,2.1,4.3,6.4,2.1,0.0,4.3,0.0,0.0,0.0,0.0,0.0,42.9,23.8,0,0,17.1,1,1,13086,1,18385,22635,23937,22635,15070,14951,15070,13505,14344,13505,7784,12844,11325,15848,16469,1383,8263,8846,20257,17725,23200,780,19101,2246,150,22237,1,16:48
2024-25,1628420,Monté Morris,Monté,1610612756,PHX,Phoenix Suns,0022400006,2024-11-12T00:00:00,PHX @ UTA,W,14.546666666666667,2.5,9.9,0.25,0.0,2.5,0.0,0.0,0.0,0.0,0.0,2.5,2.5,4.9,0.0,0.0,2.5,0.0,0.0,0.0,4.9,29.7,22.8,0,0,17.3,1,1,13086,1,19862,20502,17241,20233,15070,18673,15070,13505,14344,13505,14058,18255,20854,7568,16469,12854,2420,8846,20257,17725,22033,2006,19708,2246,150,22163,1,14:33
2024-25,1629312,Haywood Highsmith,Haywood,1610612748,MIA,Miami Heat,0022400002,2024-11-12T00:00:00,MIA @ DET,L,36.1,3.0,5.0,0.6,1.0,3.0,0.333,2.0,3.0,0.667,1.0,4.0,5.0,1.0,1.0,3.0,1.0,0.0,5.0,3.0,9.0,5.0,27.4,0,0,23.9,1,13222,1,13222,2612,19453,23474,5394,14568,17683,9209,10666,9999,9425,13279,13760,14825,19686,15867,3176,7494,8846,4634,9290,19110,10120,16639,2246,150,18377,1,36:06
2024-25,202066,Garrett Temple,Garrett,1610612761,TOR,Toronto Raptors,0022400005,2024-11-12T00:00:00,TOR @ MIL,L,1.9333333333333333,0.0,18.6,0.0,0.0,0.0,0.0,0.0,0.0,0.0,18.6,0.0,18.6,0.0,0.0,0.0,0.0,0.0,0.0,0.0,0.0,18.6,22.3,0,0,18.6,1,13222,1,13222,25499,22635,4096,22635,15070,20945,15070,13505,14344,13505,79,22137,766,19908,16469,12854,8263,8846,20257,17725,23200,4372,19953,2246,150,21571,1,1:56
2024-25,1642262,Cody Williams,Cody,1610612762,UTA,Utah Jazz,0022400006,2024-11-12T00:00:00,UTA vs. PHX,L,15.216666666666667,0.0,4.7,0.0,0.0,0.0,0.0,0.0,0.0,0.0,0.0,0.0,0.0,4.7,2.4,2.4,0.0,4.7,2.4,0.0,0.0,0.0,11.8,0,0,9.5,1,13222,1,13222,19426,22635,23655,22635,15070,20945,15070,13505,14344,13505,14058,22137,23286,8098,8788,4808,8263,431,13368,17725,23200,12240,24054,2246,150,24537,1,15:13
2024-25,1641733,Nick Smith Jr.,Nick,1610612766,CHA,Charlotte Hornets,0022400003,2024-11-12T00:00:00,CHA @ ORL,L,1.9666666666666666,0.0,18.3,0.0,0.0,0.0,0.0,0.0,0.0,0.0,0.0,0.0,0.0,18.3,0.0,0.0,0.0,0.0,0.0,0.0,0.0,36.6,27.5,0,0,18.3,1,13222,1,13222,25476,22635,4363,22635,15070,20945,15070,13505,14344,13505,14058,22137,23286,128,16469,12854,8263,8846,20257,17725,23200,1229,16624,2246,150,21710,1,1:58
2024-25,203944,Julius Randle,Julius,1610612750,MIN,Minnesota Timberwolves,0022400008,2024-11-12T00:00:00,MIN @ POR,L,29.241666666666667,3.7,11.1,0.333,0.0,3.7,0.0,6.2,7.4,0.833,3.7,3.7,7.4,2.5,4.9,0.0,0.0,2.5,6.2,7.4,13.5,-7.4,21.2,0,0,23.4,1,13222,1,13222,8461,17858,15227,17395,15070,16232,15070,2724,3007,7275,4047,14654,9398,14675,2431,12854,8263,2105,2763,1398,14456,16675,20607,2246,150,18742,1,29:15
2024-25,203083,Andre Drummond,Andre,1610612755,PHI,Philadelphia 76ers,0022400004,2024-11-12T00:00:00,PHI vs. NYK,L,18.043333333333333,4.0,8.0,0.5,0.0,0.0,0.0,2.0,4.0,0.5,2.0,6.0,8.0,2.0,0.0,0.0,2.0,2.0,2.0,2.0,10.0,-14.0,28.5,0,0,23.9,1,13222,1,13222,17537,17116,20290,8526,15070,20945,15070,10665,7856,10625,8409,8365,8301,16392,16469,12854,3508,3243,15175,13105,18178,19492,15852,2246,150,18370,1,18:03
2024-25,1629018,Gary Trent Jr.,Gary,1610612749,MIL,Milwaukee Bucks,0022400005,2024-11-12T00:00:00,MIL vs. TOR,W,5.95,0.0,12.1,0.0,0.0,6.1,0.0,0.0,0.0,0.0,0.0,6.1,6.1,0.0,0.0,0.0,0.0,0.0,0.0,6.1,0.0,-6.1,7.3,0,0,6.1,1,1,13086,1,23613,22635,13413,22635,15070,10563,15070,13505,14344,13505,14058,8223,12158,19908,16469,12854,8263,8846,20257,2556,23200,16082,24790,2246,150,25000,1,5:57
2024-25,1626145,Tyus Jones,Tyus,1610612756,PHX,Phoenix Suns,0022400006,2024-11-12T00:00:00,PHX @ UTA,W,33.06666666666667,3.3,7.6,0.429,1.1,4.4,0.25,1.1,2.2,0.5,1.1,0.0,1.1,7.6,3.3,0.0,0.0,0.0,1.1,3.3,8.7,-3.3,18.2,0,0,18.5,1,1,13086,1,5096,18840,20757,13735,14012,14780,11902,12939,12159,10625,12562,22137,23097,3259,5615,12854,8263,8846,19162,8362,19336,14705,22013,2246,150,21621,1,33:04
2024-25,1641712,Rayan Rupert,Rayan,1610612757,POR,Portland Trail Blazers,0022400008,2024-11-12T00:00:00,POR vs. MIN,W,9.4,0.0,3.8,0.0,0.0,3.8,0.0,7.7,7.7,1.0,3.8,3.8,7.7,3.8,0.0,0.0,0.0,0.0,0.0,3.8,7.7,-3.8,22.6,0,0,19.1,1,1,13086,1,22312,22635,24174,22635,15070,15936,15070,1572,2774,1,3838,14233,8861,10424,16469,12854,8263,8846,20257,6768,20192,14966,19818,2246,150,21315,1,9:24
2024-25,1642358,AJ Johnson,AJ,1610612749,MIL,Milwaukee Bucks,0022400005,2024-11-12T00:00:00,MIL vs. TOR,W,1.9333333333333333,0.0,0.0,0.0,0.0,0.0,0.0,0.0,0.0,0.0,0.0,0.0,0.0,18.6,18.6,0.0,0.0,0.0,0.0,0.0,0.0,-18.6,9.3,0,0,18.6,1,1,13086,1,25499,22635,24836,22635,15070,20945,15070,13505,14344,13505,14058,22137,23286,118,67,12854,8263,8846,20257,17725,23200,21104,24523,2246,150,21571,1,1:56
2024-25,1630548,Johnny Juzang,Johnny,1610612762,UTA,Utah Jazz,0022400006,2024-11-12T00:00:00,UTA vs. PHX,L,13.333333333333334,0.0,5.4,0.0,0.0,5.4,0.0,0.0,0.0,0.0,0.0,2.7,2.7,5.4,0.0,0.0,0.0,0.0,5.4,0.0,0.0,-32.4,11.3,0,0,8.1,1,13222,1,13222,20575,22635,23178,22635,15070,12211,15070,13505,14344,13505,14058,17699,20448,6635,16469,12854,8263,8846,3851,17725,23200,24090,24169,2246,150,24752,1,13:20
2024-25,1627780,Gary Payton II,Gary,1610612744,GSW,Golden State Warriors,0022400007,2024-11-12T00:00:00,GSW vs. DAL,W,7.485,0.0,4.8,0.0,0.0,0.0,0.0,0.0,0.0,0.0,0.0,4.8,4.8,0.0,0.0,0.0,0.0,0.0,0.0,0.0,0.0,19.2,5.8,0,0,4.8,1,1,13086,1,23005,22635,23602,22635,15070,20945,15070,13505,14344,13505,14058,11405,15275,19908,16469,12854,8263,8846,20257,17725,23200,4191,24940,2246,150,25122,1,7:29
2024-25,1642419,Jamison Battle,Jamison,1610612761,TOR,Toronto Raptors,0022400005,2024-11-12T00:00:00,TOR @ MIL,L,11.936666666666667,6.0,12.1,0.5,0.0,0.0,0.0,0.0,0.0,0.0,0.0,3.0,3.0,3.0,0.0,0.0,0.0,0.0,0.0,0.0,12.1,-6.0,20.2,0,0,18.1,1,13222,1,13222,21315,11427,13488,8526,15070,20945,15070,13505,14344,13505,14058,16662,19684,12870,16469,12854,8263,8846,20257,17725,16082,16077,21058,2246,150,21817,1,11:56
2024-25,1629006,Josh Okogie,Josh,1610612756,PHX,Phoenix Suns,0022400006,2024-11-12T00:00:00,PHX @ UTA,W,11.723333333333333,3.1,9.2,0.333,0.0,3.1,0.0,0.0,0.0,0.0,0.0,6.1,6.1,0.0,0.0,3.1,0.0,0.0,0.0,0.0,6.1,-3.1,22.7,0,0,18.4,1,1,13086,1,21408,19277,18384,17395,15070,17507,15070,13505,14344,13505,14058,8020,11953,19908,16469,2997,8263,8846,20257,17725,21293,14607,19738,2246,150,21659,1,11:43
2024-25,1642270,Donovan Clingan,Donovan,1610612757,POR,Portland Trail Blazers,0022400008,2024-11-12T00:00:00,POR vs. MIN,W,21.111666666666668,3.4,8.5,0.4,0.0,1.7,0.0,0.0,0.0,0.0,5.1,5.1,10.2,0.0,1.7,1.7,1.7,0.0,8.5,1.7,6.8,5.1,27.6,0,0,23.9,1,1,13086,1,15222,18522,19455,14933,15070,20040,15070,13505,14344,13505,2272,10517,5196,19908,11892,7588,4279,8846,1128,14249,20851,10048,16482,2246,150,18420,1,21:07
2024-25,1631216,Caleb Houstan,Caleb,1610612753,ORL,Orlando Magic,0022400003,2024-11-12T00:00:00,ORL vs. CHA,W,4.316666666666666,0.0,0.0,0.0,0.0,0.0,0.0,0.0,0.0,0.0,0.0,8.3,8.3,0.0,0.0,0.0,0.0,0.0,0.0,0.0,0.0,-8.3,10.0,0,0,8.3,1,1,13086,1,24318,22635,24836,22635,15070,20945,15070,13505,14344,13505,14058,4227,7705,19908,16469,12854,8263,8846,20257,17725,23200,17115,24416,2246,150,24707,1,4:19
2024-25,1641729,Brice Sensabaugh,Brice,1610612762,UTA,Utah Jazz,0022400006,2024-11-12T00:00:00,UTA vs. PHX,L,10.1,0.0,3.6,0.0,0.0,3.6,0.0,0.0,0.0,0.0,3.6,3.6,7.1,0.0,3.6,0.0,0.0,0.0,0.0,0.0,0.0,0.0,5.0,0,0,7.1,1,13222,1,13222,22073,22635,24285,22635,15070,16521,15070,13505,14344,13505,4275,15040,9893,19908,4866,12854,8263,8846,20257,17725,23200,12240,25008,2246,150,24878,1,10:06
2024-25,1630182,Josh Green,Josh,1610612766,CHA,Charlotte Hornets,0022400003,2024-11-12T00:00:00,CHA @ ORL,L,28.65,0.0,1.3,0.0,0.0,0.0,0.0,0.0,0.0,0.0,0.0,3.8,3.8,1.3,5.0,0.0,0.0,1.3,5.0,0.0,0.0,-27.6,1.4,0,0,5.0,1,13222,1,13222,8973,22635,24829,22635,15070,20945,15070,13505,14344,13505,14058,14413,17893,18815,2310,12854,8263,5896,4549,17725,23200,23362,25190,2246,150,25103,1,28:39
2024-25,1626171,Bobby Portis,Bobby,1610612749,MIL,Milwaukee Bucks,0022400005,2024-11-12T00:00:00,MIL vs. TOR,W,18.0,16.0,34.0,0.471,2.0,14.0,0.143,0.0,0.0,0.0,6.0,10.0,16.0,0.0,2.0,0.0,0.0,2.0,0.0,2.0,34.0,14.0,51.2,0,0,52.0,1,1,13086,1,17558,358,151,12143,10162,924,14649,13505,14344,13505,1612,2587,1432,19908,10525,12854,8263,3235,20257,13081,1131,6010,2929,2246,150,2043,1,18:00
2024-25,1627759,Jaylen Brown,Jaylen,1610612738,BOS,Boston Celtics,0022400001,2024-11-12T00:00:00,BOS vs. ATL,L,35.93333333333333,14.0,22.0,0.636,3.0,6.0,0.5,6.0,10.0,0.6,2.0,3.0,5.0,2.0,6.0,1.0,0.0,1.0,3.0,7.0,37.1,0.0,43.1,0,0,49.1,1,13222,1,13222,2731,696,1795,4689,6485,10664,3944,2846,1365,10343,8365,16699,14778,16361,1373,11940,8263,7906,10686,1652,689,12240,6101,2246,150,2798,1,35:56
2024-25,1631218,Trayce Jackson-Davis,Trayce,1610612744,GSW,Golden State Warriors,0022400007,2024-11-12T00:00:00,GSW vs. DAL,W,14.2,7.6,12.7,0.6,0.0,0.0,0.0,5.1,15.2,0.333,12.7,10.1,22.8,5.1,5.1,5.1,0.0,0.0,2.5,10.1,20.3,10.1,65.4,0,0,58.3,1,1,13086,1,20077,7493,12427,5394,15070,20945,15070,3932,334,13132,210,2464,275,7311,2253,857,8263,8846,12650,388,7672,7624,673,2246,150,985,1,14:12
2024-25,1630175,Cole Anthony,Cole,1610612753,ORL,Orlando Magic,0022400003,2024-11-12T00:00:00,ORL vs. CHA,W,9.65,7.5,18.7,0.4,3.7,7.5,0.5,3.7,7.5,0.5,3.7,7.5,11.2,7.5,3.7,3.7,0.0,0.0,7.5,7.5,22.4,-22.4,54.5,0,0,52.2,1,1,13086,1,22232,7867,4067,14933,4620,7483,3944,6218,2949,10625,3990,5565,4243,3445,4479,1932,8263,8846,1671,1348,5937,22187,2095,2246,150,1988,1,9:39
2024-25,1628981,Bruno Fernando,Bruno,1610612761,TOR,Toronto Raptors,0022400005,2024-11-12T00:00:00,TOR @ MIL,L,17.686666666666667,8.1,18.3,0.444,0.0,0.0,0.0,0.0,0.0,0.0,10.2,16.3,26.5,4.1,0.0,0.0,4.1,4.1,0.0,2.0,16.3,-20.4,66.4,0,0,55.0,1,13222,1,13222,17793,6328,4357,13045,15070,20945,15070,13505,14344,13505,379,397,153,9740,16469,12854,880,631,20257,12907,11626,21651,609,2246,150,1463,1,17:41
2024-25,1629057,Robert Williams III,Robert,1610612757,POR,Portland Trail Blazers,0022400008,2024-11-12T00:00:00,POR vs. MIN,W,25.405,12.8,14.2,0.9,0.0,0.0,0.0,1.4,1.4,1.0,2.8,9.9,12.8,4.3,1.4,4.3,4.3,0.0,1.4,1.4,26.9,18.4,72.7,0,0,60.9,1,1,13086,1,11650,1129,9880,1303,15070,20945,15070,11985,13577,1,5774,2643,2969,9250,13190,1416,791,8846,17557,15381,3241,4432,353,2246,150,737,1,25:24
2024-25,1631157,Ryan Rollins,Ryan,1610612749,MIL,Milwaukee Bucks,0022400005,2024-11-12T00:00:00,MIL vs. TOR,W,22.35,6.4,19.3,0.333,6.4,11.3,0.571,0.0,0.0,0.0,1.6,6.4,8.1,4.8,3.2,8.1,0.0,3.2,3.2,0.0,19.3,16.1,57.2,0,0,54.8,1,1,13086,1,14231,10331,3477,17395,1026,2275,3506,13505,14344,13505,9879,7425,8168,7828,5757,209,8263,1135,9772,17725,8524,5212,1601,2246,150,1494,1,22:21
2024-25,1629675,Naz Reid,Naz,1610612750,MIN,Minnesota Timberwolves,0022400008,2024-11-12T00:00:00,MIN @ POR,L,33.96666666666667,10.6,18.0,0.588,4.2,8.5,0.5,4.2,4.2,1.0,0.0,6.4,6.4,1.1,1.1,1.1,0.0,1.1,4.2,4.2,29.7,-15.9,41.0,0,0,43.5,1,13222,1,13222,4292,2629,4651,6229,3501,5624,3944,5281,7339,1,14058,7577,11486,19490,15425,11396,8263,7399,6448,5743,2201,20233,7165,2246,150,4939,1,33:58
2024-25,1630591,Jalen Suggs,Jalen,1610612753,ORL,Orlando Magic,0022400003,2024-11-12T00:00:00,ORL vs. CHA,W,28.0,9.0,18.0,0.5,3.9,6.4,0.6,0.0,0.0,0.0,0.0,5.1,5.1,5.1,2.6,2.6,1.3,0.0,3.9,2.6,21.9,21.9,44.7,0,0,43.7,1,1,13086,1,9543,4700,4664,8526,4304,9692,2992,13505,14344,13505,14058,10438,14415,7145,7975,4199,5711,8846,7582,10728,6321,3491,5310,2246,150,4828,1,28:00
2024-25,203078,Bradley Beal,Bradley,1610612756,PHX,Phoenix Suns,0022400006,2024-11-12T00:00:00,PHX @ UTA,W,29.333333333333332,9.8,18.4,0.533,4.9,8.6,0.571,4.9,4.9,1.0,0.0,3.7,3.7,4.9,2.5,2.5,1.2,1.2,3.7,2.5,29.5,9.8,49.8,0,0,50.3,1,1,13086,1,8364,3440,4280,8140,2392,5434,3506,4177,6095,1,14058,14698,18118,7667,8432,4525,6008,6077,8160,11145,2275,7777,3320,2246,150,2446,1,29:20
2024-25,203903,Jordan Clarkson,Jordan,1610612762,UTA,Utah Jazz,0022400006,2024-11-12T00:00:00,UTA vs. PHX,L,30.083333333333332,7.2,16.8,0.429,4.8,10.8,0.444,0.0,0.0,0.0,1.2,4.8,6.0,9.6,1.2,2.4,0.0,2.4,3.6,1.2,19.1,-13.2,46.7,0,0,44.3,1,13222,1,13222,7702,8511,6109,13735,2582,2703,7211,13505,14344,13505,11807,11469,12322,1660,14464,4718,8263,2240,8458,16419,8697,19180,4456,2246,150,4564,1,30:05
2024-25,1626164,Devin Booker,Devin,1610612756,PHX,Phoenix Suns,0022400006,2024-11-12T00:00:00,PHX @ UTA,W,34.29666666666667,11.5,21.0,0.55,5.2,9.4,0.556,4.2,6.3,0.667,1.0,1.0,2.1,4.2,0.0,2.1,2.1,0.0,0.0,5.2,32.5,2.1,54.0,0,0,52.5,1,1,13086,1,4018,1844,2340,7655,2002,4189,3747,5347,4132,9425,12877,21880,21615,9390,16469,5790,3210,8846,20257,3705,1406,11570,2215,2246,150,1926,1,34:18
2024-25,1641890,Tyler Smith,Tyler,1610612749,MIL,Milwaukee Bucks,0022400005,2024-11-12T00:00:00,MIL vs. TOR,W,1.9333333333333333,18.6,18.6,1.0,18.6,18.6,1.0,0.0,0.0,0.0,0.0,18.6,18.6,0.0,0.0,0.0,0.0,0.0,0.0,0.0,55.9,-18.6,78.2,0,0,93.1,1,1,13086,1,25499,189,4096,1,37,299,1,13505,14344,13505,14058,220,766,19908,16469,12854,8263,8846,20257,17725,104,21104,234,2246,150,79,1,1:56
2024-25,1642271,Kyle Filipowski,Kyle,1610612762,UTA,Utah Jazz,0022400006,2024-11-12T00:00:00,UTA vs. PHX,L,23.35,10.8,17.0,0.636,3.1,6.2,0.5,3.1,3.1,1.0,1.5,7.7,9.3,3.1,1.5,0.0,3.1,1.5,0.0,1.5,27.8,-15.4,51.2,0,0,49.3,1,13222,1,13222,13419,2423,5849,4689,6260,10279,3944,7588,9762,1,10149,5153,6385,12652,12574,12854,1593,4616,20257,14828,2883,20062,2936,2246,150,2721,1,23:21
2024-25,1630595,Cade Cunningham,Cade,1610612765,DET,Detroit Pistons,0022400002,2024-11-12T00:00:00,DET vs. MIA,W,37.61666666666667,5.7,14.4,0.4,1.9,6.7,0.286,6.7,6.7,1.0,0.0,6.7,6.7,8.6,6.7,0.0,1.9,1.0,1.0,3.8,20.1,-1.9,40.1,0,0,41.2,1,1,13086,1,1622,12293,9605,14933,10571,9107,11433,2239,3656,1,14058,6891,10732,2333,1023,12854,3725,8283,19926,6774,7841,13988,7697,2246,150,6109,1,37:37
2024-25,1627751,Jakob Poeltl,Jakob,1610612761,TOR,Toronto Raptors,0022400005,2024-11-12T00:00:00,TOR @ MIL,L,28.21,7.7,16.6,0.462,0.0,0.0,0.0,1.3,2.6,0.5,5.1,5.1,10.2,1.3,3.8,3.8,2.6,2.6,5.1,3.8,16.6,0.0,46.1,0,0,40.8,1,13222,1,13222,9376,7367,6317,12428,15070,20945,15070,12363,11080,10625,2284,10560,5224,18738,4242,1817,2291,1949,4372,6773,11296,12240,4718,2246,150,6303,1,28:13
2024-25,1628436,Luke Kornet,Luke,1610612738,BOS,Boston Celtics,0022400001,2024-11-12T00:00:00,BOS vs. ATL,L,4.316666666666666,0.0,0.0,0.0,0.0,0.0,0.0,0.0,0.0,0.0,0.0,16.7,16.7,16.7,0.0,8.3,0.0,0.0,0.0,8.3,0.0,8.3,70.1,0,0,50.0,1,13222,1,13222,24318,22635,24836,22635,15070,20945,15070,13505,14344,13505,14058,357,1212,175,16469,187,8263,8846,20257,876,23200,8466,433,2246,150,2523,1,4:19
2024-25,203991,Clint Capela,Clint,1610612737,ATL,Atlanta Hawks,0022400001,2024-11-12T00:00:00,ATL @ BOS,W,16.866666666666667,17.1,23.5,0.727,0.0,0.0,0.0,4.3,8.5,0.5,12.8,6.4,19.2,2.1,0.0,4.3,0.0,2.1,0.0,6.4,38.4,-23.5,77.5,0,0,68.3,1,1,13086,1,18343,270,1227,2666,15070,20945,15070,5217,2162,10625,203,7501,644,15873,16469,1400,8263,2820,20257,2179,565,22457,246,2246,150,367,1,16:52
2024-25,1630163,LaMelo Ball,LaMelo,1610612766,CHA,Charlotte Hornets,0022400003,2024-11-12T00:00:00,CHA @ ORL,L,35.11666666666667,13.3,27.7,0.481,6.2,14.4,0.429,3.1,3.1,1.0,1.0,5.1,6.2,7.2,3.1,0.0,0.0,1.0,3.1,3.1,35.9,-12.3,51.0,0,0,55.4,1,13222,1,13222,3373,894,427,11953,1196,839,7394,7607,9782,1,13056,10487,11934,3794,6205,12854,8263,7704,10372,8972,849,18858,3001,2246,150,1403,1,35:07
2024-25,203110,Draymond Green,Draymond,1610612744,GSW,Golden State Warriors,0022400007,2024-11-12T00:00:00,GSW vs. DAL,W,31.7,3.4,6.8,0.5,2.3,4.5,0.5,3.4,4.5,0.75,0.0,7.9,7.9,6.8,0.0,3.4,2.3,0.0,2.3,5.7,12.5,22.7,49.3,0,0,40.9,1,1,13086,1,6233,18530,21771,8526,8971,14339,3944,6886,6760,8186,14058,4782,8368,4268,16469,2367,2798,8846,13770,3065,15599,3318,3505,2246,150,6280,1,31:42
2024-25,1629639,Tyler Herro,Tyler,1610612748,MIA,Miami Heat,0022400002,2024-11-12T00:00:00,MIA @ DET,L,42.31666666666667,11.9,23.0,0.519,8.5,14.5,0.588,1.7,1.7,1.0,0.0,4.3,4.3,6.8,0.9,3.4,0.0,1.7,2.6,1.7,34.0,2.6,58.7,0,0,60.4,1,13222,1,13222,228,1583,1399,8506,369,811,3488,11411,13294,1,14058,12957,16670,4283,16421,2378,8263,4148,12597,14261,1127,11341,1376,2246,150,788,1,42:19
2024-25,1641711,Gradey Dick,Gradey,1610612761,TOR,Toronto Raptors,0022400005,2024-11-12T00:00:00,TOR @ MIL,L,38.016666666666666,6.6,18.9,0.35,3.8,9.5,0.4,13.3,15.2,0.875,0.9,3.8,4.7,2.8,2.8,0.9,0.0,1.9,0.9,9.5,30.3,-1.9,40.2,0,0,43.6,1,13222,1,13222,1375,9863,3806,17337,4477,4150,7874,250,341,6931,13673,14363,15475,13472,7058,12373,8263,3573,19980,530,1981,13974,7602,2246,150,4893,1,38:01
2024-25,1628381,John Collins,John,1610612762,UTA,Utah Jazz,0022400006,2024-11-12T00:00:00,UTA vs. PHX,L,34.38333333333333,12.6,19.9,0.632,3.1,6.3,0.5,2.1,2.1,1.0,4.2,6.3,10.5,4.2,2.1,3.1,1.0,1.0,1.0,2.1,30.4,1.0,59.7,1,0,56.5,1,13222,1,13222,3934,1217,3040,4871,6120,10018,3944,10314,12442,1,3316,7727,4940,9418,10027,2856,7153,7520,19430,12636,1965,12124,1226,1,150,1222,1,34:23
2024-25,1630191,Isaiah Stewart,Isaiah,1610612765,DET,Detroit Pistons,0022400002,2024-11-12T00:00:00,DET vs. MIA,W,22.718333333333334,6.3,9.5,0.667,0.0,0.0,0.0,7.9,9.5,0.833,7.9,7.9,15.8,1.6,0.0,1.6,0.0,0.0,3.2,6.3,20.6,3.2,46.7,1,0,41.2,1,1,13086,1,13936,10593,17934,3281,15070,20945,15070,1449,1594,7275,813,4819,1474,17699,16469,8046,8263,8846,10004,2250,7398,11035,4426,1,150,6076,1,22:43
2024-25,1631217,Moussa Diabaté,Moussa,1610612766,CHA,Charlotte Hornets,0022400003,2024-11-12T00:00:00,CHA @ ORL,L,29.95,7.2,8.4,0.857,0.0,0.0,0.0,0.0,0.0,0.0,3.6,14.4,18.0,2.4,0.0,1.2,3.6,0.0,0.0,6.0,14.4,-12.0,54.1,1,0,44.5,1,13222,1,13222,7825,8422,19623,1412,15070,20945,15070,13505,14344,13505,4202,669,894,14866,16469,10158,1141,8846,20257,2609,13480,18742,2181,1,150,4483,1,29:57
2024-25,1626157,Karl-Anthony Towns,Karl-Anthony,1610612752,NYK,New York Knicks,0022400004,2024-11-12T00:00:00,NYK @ PHI,W,38.428333333333335,6.6,15.0,0.438,1.9,5.6,0.333,4.7,5.6,0.833,2.8,9.4,12.2,5.6,1.9,0.9,0.9,1.9,2.8,5.6,19.7,10.3,46.5,1,0,43.1,1,1,13086,1,1152,10044,8636,13558,10761,11661,9209,4539,5019,7275,5838,3144,3361,6210,11191,12463,7912,3653,11597,3165,8183,7560,4552,1,150,5092,1,38:26
2024-25,1630532,Franz Wagner,Franz,1610612753,ORL,Orlando Magic,0022400003,2024-11-12T00:00:00,ORL vs. CHA,W,31.966666666666665,15.8,28.2,0.56,2.3,10.1,0.222,2.3,3.4,0.667,1.1,7.9,9.0,5.6,2.3,3.4,0.0,1.1,2.3,2.3,36.0,21.4,63.2,0,0,59.7,1,1,13086,1,5995,381,383,7232,9038,3345,13288,9775,9144,9425,12285,4883,6715,6188,9296,2425,8263,6825,13867,11928,819,3597,862,2246,150,855,1,31:58
2024-25,1629234,Drew Eubanks,Drew,1610612762,UTA,Utah Jazz,0022400006,2024-11-12T00:00:00,UTA vs. PHX,L,3.433333333333333,21.0,21.0,1.0,0.0,0.0,0.0,0.0,0.0,0.0,10.5,10.5,21.0,10.5,0.0,0.0,0.0,0.0,0.0,10.5,41.9,0.0,82.8,0,0,73.4,1,13222,1,13222,24743,121,2348,1,15070,20945,15070,13505,14344,13505,345,2239,421,1205,16469,12854,8263,8846,20257,335,356,12240,158,2246,150,257,1,3:26
2024-25,1641741,Ricky Council IV,Ricky,1610612755,PHI,Philadelphia 76ers,0022400004,2024-11-12T00:00:00,PHI vs. NYK,L,0.6066666666666667,0.0,59.3,0.0,0.0,59.3,0.0,0.0,0.0,0.0,0.0,0.0,0.0,59.3,0.0,0.0,0.0,0.0,0.0,0.0,0.0,0.0,89.0,0,0,59.3,1,13222,1,13222,26181,22635,13,22635,15070,6,15070,13505,14344,13505,14058,22137,23286,4,16469,12854,8263,8846,20257,17725,23200,12240,106,2246,150,885,1,0:36
2024-25,202331,Paul George,Paul,1610612755,PHI,Philadelphia 76ers,0022400004,2024-11-12T00:00:00,PHI vs. NYK,L,32.125,11.2,21.3,0.526,7.8,12.3,0.636,2.2,2.2,1.0,1.1,10.1,11.2,3.4,4.5,3.4,1.1,0.0,3.4,1.1,32.5,-12.3,60.0,1,0,63.9,1,13222,1,13222,5870,2090,2162,8379,501,1605,2842,9803,11963,1,12327,2512,4233,11784,3020,2457,6664,8846,9211,16819,1416,18869,1202,1,150,533,1,32:08
2024-25,1631107,Nikola Jović,Nikola,1610612748,MIA,Miami Heat,0022400002,2024-11-12T00:00:00,MIA @ DET,L,2.5,14.4,14.4,1.0,0.0,0.0,0.0,0.0,0.0,0.0,0.0,14.4,14.4,0.0,14.4,0.0,0.0,0.0,14.4,0.0,28.8,-14.4,31.7,0,0,43.2,1,13222,1,13222,25215,600,9521,1,15070,20945,15070,13505,14344,13505,14058,675,2044,19908,128,12854,8263,8846,269,17725,2484,19654,13560,2246,150,5037,1,2:30
2024-25,1630243,Trevelin Queen,Trevelin,1610612753,ORL,Orlando Magic,0022400003,2024-11-12T00:00:00,ORL vs. CHA,W,1.9666666666666666,18.3,54.9,0.333,18.3,18.3,1.0,0.0,0.0,0.0,0.0,0.0,0.0,0.0,0.0,0.0,0.0,0.0,18.3,0.0,54.9,-36.6,54.9,0,0,73.2,1,1,13086,1,25476,197,20,17395,39,310,1,13505,14344,13505,14058,22137,23286,19908,16469,12854,8263,8846,143,17725,110,24577,2006,2246,150,258,1,1:58
2024-25,201939,Stephen Curry,Stephen,1610612744,GSW,Golden State Warriors,0022400007,2024-11-12T00:00:00,GSW vs. DAL,W,34.86666666666667,14.5,27.9,0.519,5.2,12.4,0.417,4.1,5.2,0.8,0.0,6.2,6.2,9.3,4.1,1.0,2.1,0.0,2.1,4.1,38.2,24.8,64.7,0,0,65.0,1,1,13086,1,3564,588,406,8506,2089,1576,7826,5473,5657,7681,14058,7902,11835,1812,3607,11655,3304,8846,14781,5982,589,2867,717,2246,150,475,1,34:52
2024-25,1641726,Dereck Lively II,Dereck,1610612742,DAL,Dallas Mavericks,0022400007,2024-11-12T00:00:00,DAL @ GSW,L,24.416666666666668,5.9,8.8,0.667,0.0,0.0,0.0,5.9,10.3,0.571,2.9,8.8,11.8,2.9,1.5,0.0,1.5,2.9,4.4,5.9,17.7,-7.4,39.2,0,0,35.4,1,13222,1,13222,12550,11810,18942,3281,15070,20945,15070,2962,1249,10536,5455,3667,3676,13095,12880,12854,4947,1395,5962,2748,10135,16665,8256,2246,150,9807,1,24:25
2024-25,1642346,Ryan Dunn,Ryan,1610612756,PHX,Phoenix Suns,0022400006,2024-11-12T00:00:00,PHX @ UTA,W,19.868333333333332,5.4,9.1,0.6,3.6,3.6,1.0,0.0,0.0,0.0,0.0,5.4,5.4,0.0,0.0,0.0,1.8,0.0,3.6,0.0,14.5,0.0,26.5,0,0,27.2,1,1,13086,1,16125,13169,18627,5394,4865,16389,1,13505,14344,13505,14058,9703,13712,19908,16469,12854,4034,8846,8355,17725,13420,12240,17319,2246,150,16036,1,19:52
2024-25,1631101,Shaedon Sharpe,Shaedon,1610612757,POR,Portland Trail Blazers,0022400008,2024-11-12T00:00:00,POR vs. MIN,W,32.88333333333333,7.7,16.4,0.467,3.3,5.5,0.6,0.0,0.0,0.0,1.1,2.2,3.3,3.3,2.2,3.3,0.0,2.2,4.4,1.1,18.6,3.3,35.1,0,0,35.0,1,1,13086,1,5255,7344,6519,12249,5721,12024,2992,13505,14344,13505,12508,19099,19024,12042,9551,2596,8263,2670,6072,16932,9203,10982,10967,2246,150,10065,1,32:53
2024-25,1630230,Naji Marshall,Naji,1610612742,DAL,Dallas Mavericks,0022400007,2024-11-12T00:00:00,DAL @ GSW,L,22.083333333333332,3.3,9.8,0.333,0.0,4.9,0.0,3.3,3.3,1.0,3.3,1.6,4.9,3.3,3.3,1.6,0.0,1.6,3.3,1.6,9.8,-16.3,22.2,0,0,21.2,1,13222,1,13222,14427,18858,17422,17395,15070,13461,15070,7186,9407,1,4821,20606,15089,12114,5632,7886,8263,4362,9614,14526,18368,20366,20042,2246,150,20159,1,22:05
2024-25,1629001,De'Anthony Melton,De'Anthony,1610612744,GSW,Golden State Warriors,0022400007,2024-11-12T00:00:00,GSW vs. DAL,W,26.416666666666668,8.2,16.4,0.5,2.7,8.2,0.333,0.0,0.0,0.0,1.4,4.1,5.5,5.5,2.7,1.4,0.0,1.4,2.7,0.0,19.1,16.4,35.2,0,0,35.4,1,1,13086,1,10803,6254,6612,8526,7464,6128,9209,13505,14344,13505,10914,13453,13670,6533,7455,9124,8263,5343,11933,17725,8778,5123,10963,2246,150,9775,1,26:25
2024-25,1629014,Anfernee Simons,Anfernee,1610612757,POR,Portland Trail Blazers,0022400008,2024-11-12T00:00:00,POR vs. MIN,W,5.083333333333333,7.1,14.2,0.5,0.0,7.1,0.0,0.0,0.0,0.0,0.0,7.1,7.1,0.0,0.0,0.0,0.0,0.0,0.0,0.0,14.2,-7.1,22.7,0,0,21.2,1,1,13086,1,23956,8734,9888,8526,15070,8280,15070,13505,14344,13505,14058,6208,9986,19908,16469,12854,8263,8846,20257,17725,13768,16542,19772,2246,150,20131,1,5:05
2024-25,203924,Jerami Grant,Jerami,1610612757,POR,Portland Trail Blazers,0022400008,2024-11-12T00:00:00,POR vs. MIN,W,38.6,4.7,14.0,0.333,1.9,4.7,0.4,8.4,9.3,0.9,0.0,1.9,1.9,7.5,2.8,0.0,0.0,0.9,0.9,5.6,19.6,14.0,30.2,0,0,30.8,1,1,13086,1,1058,15332,10186,17395,10805,14052,7874,1231,1692,6805,14058,20060,22057,3445,7221,12854,8263,8472,20059,3197,8276,6016,14655,2246,150,13339,1,38:36
2024-25,1642276,Kel'el Ware,Kel'el,1610612748,MIA,Miami Heat,0022400002,2024-11-12T00:00:00,MIA @ DET,L,9.45,7.6,15.2,0.5,3.8,7.6,0.5,0.0,0.0,0.0,0.0,7.6,7.6,0.0,0.0,0.0,0.0,0.0,3.8,0.0,19.0,-11.4,28.2,0,0,30.5,1,13222,1,13222,22292,7461,8193,8526,4409,7139,3944,13505,14344,13505,14058,5288,8933,19908,16469,12854,8263,8846,7703,17725,8804,18494,16075,2246,150,13562,1,9:27
2024-25,203501,Tim Hardaway Jr.,Tim,1610612765,DET,Detroit Pistons,0022400002,2024-11-12T00:00:00,DET vs. MIA,W,18.85,5.7,11.5,0.5,1.9,7.6,0.25,7.6,7.6,1.0,0.0,1.9,1.9,1.9,0.0,0.0,0.0,0.0,3.8,5.7,21.0,11.5,26.2,0,0,26.7,1,1,13086,1,16938,12327,14549,8526,10587,7106,11902,1580,2782,1,14058,19943,21981,16717,16469,12854,8263,8846,7675,2999,7070,7031,17497,2246,150,16367,1,18:51
2024-25,1641739,Toumani Camara,Toumani,1610612757,POR,Portland Trail Blazers,0022400008,2024-11-12T00:00:00,POR vs. MIN,W,37.86666666666667,4.8,7.6,0.625,3.8,4.8,0.8,0.0,0.0,0.0,1.9,1.9,3.8,2.9,2.9,1.9,0.0,0.0,2.9,3.8,13.3,19.0,25.0,0,0,27.6,1,1,13086,1,1463,15107,20784,4899,4424,13824,1389,13505,14344,13505,8808,19967,17812,13437,7018,6757,8263,8846,11404,6840,14739,4260,18284,2246,150,15741,1,37:52
2024-25,1626204,Larry Nance Jr.,Larry,1610612737,ATL,Atlanta Hawks,0022400001,2024-11-12T00:00:00,ATL @ BOS,W,27.433333333333334,9.2,13.1,0.7,6.6,7.9,0.833,0.0,0.0,0.0,2.6,0.0,2.6,2.6,0.0,1.3,1.3,1.3,1.3,0.0,24.9,2.6,39.9,0,0,42.0,1,1,13086,1,9990,4389,11631,3045,970,6665,1341,13505,14344,13505,6288,22137,20596,14138,16469,9396,5598,5596,17989,17725,4249,11311,7827,2246,150,5654,1,27:26
2024-25,1629048,Goga Bitadze,Goga,1610612753,ORL,Orlando Magic,0022400003,2024-11-12T00:00:00,ORL vs. CHA,W,20.15,5.4,8.9,0.6,0.0,1.8,0.0,5.4,7.1,0.75,1.8,1.8,3.6,3.6,1.8,0.0,1.8,1.8,3.6,5.4,16.1,-7.1,29.3,0,0,26.8,1,1,13086,1,15903,13367,18818,5394,15070,19938,15070,3573,3227,8186,9291,20279,18390,11163,11610,12854,4087,3938,8514,3533,11847,16581,15280,2246,150,16324,1,20:09
2024-25,1629655,Daniel Gafford,Daniel,1610612742,DAL,Dallas Mavericks,0022400007,2024-11-12T00:00:00,DAL @ GSW,L,23.583333333333332,10.7,12.2,0.875,0.0,0.0,0.0,1.5,4.6,0.333,3.1,6.1,9.2,3.1,1.5,0.0,0.0,1.5,7.6,3.1,22.9,3.1,36.9,0,0,35.1,1,13222,1,13222,13240,2527,13239,1353,15070,20945,15070,11740,6694,13132,5224,8088,6498,12754,12628,12854,8263,4670,1552,9060,5557,11088,9734,2246,150,10022,1,23:35
2024-25,1628969,Mikal Bridges,Mikal,1610612752,NYK,New York Knicks,0022400004,2024-11-12T00:00:00,NYK @ PHI,W,35.373333333333335,7.1,13.2,0.538,0.0,2.0,0.0,0.0,0.0,0.0,1.0,3.1,4.1,3.1,1.0,2.0,1.0,0.0,1.0,2.0,14.2,5.1,31.9,0,0,27.5,1,1,13086,1,3175,8647,11428,7978,15070,19486,15070,13505,14344,13505,13117,16542,17137,12753,15726,6086,7365,8846,19592,12907,13665,10062,13436,2246,150,15805,1,35:22
2024-25,1641710,Anthony Black,Anthony,1610612753,ORL,Orlando Magic,0022400003,2024-11-12T00:00:00,ORL vs. CHA,W,24.583333333333332,4.4,17.6,0.25,1.5,11.7,0.125,1.5,2.9,0.5,0.0,7.3,7.3,4.4,1.5,0.0,2.9,1.5,5.9,1.5,11.7,27.8,34.4,0,0,30.8,1,1,13086,1,12389,16082,5170,20233,12185,1950,14886,11864,10148,10625,14058,5802,9526,8905,12934,12854,1776,4915,3130,15155,16431,2296,11501,2246,150,13356,1,24:35
2024-25,1626192,Pat Connaughton,Pat,1610612749,MIL,Milwaukee Bucks,0022400005,2024-11-12T00:00:00,MIL vs. TOR,W,19.983333333333334,3.6,12.6,0.286,1.8,9.0,0.2,1.8,3.6,0.5,0.0,7.2,7.2,3.6,1.8,1.8,0.0,0.0,1.8,1.8,10.8,18.0,28.5,0,0,27.0,1,1,13086,1,16026,18074,12545,19630,11071,4816,13429,11237,8682,10625,14058,5984,9726,11080,11550,7249,8263,8846,16181,13935,17362,4554,15899,2246,150,16139,1,19:59
2024-25,1629656,Quentin Grimes,Quentin,1610612742,DAL,Dallas Mavericks,0022400007,2024-11-12T00:00:00,DAL @ GSW,L,28.933333333333334,2.5,5.0,0.5,2.5,5.0,0.5,0.0,0.0,0.0,2.5,5.0,7.5,1.2,0.0,1.2,0.0,0.0,1.2,0.0,7.5,2.5,22.0,0,0,21.2,1,13222,1,13222,8729,20482,23482,8526,8189,13261,3944,13505,14344,13505,6644,10946,9242,18864,16469,9835,8263,8846,18306,17725,20351,11377,20132,2246,150,20190,1,28:56
2024-25,1630541,Moses Moody,Moses,1610612744,GSW,Golden State Warriors,0022400007,2024-11-12T00:00:00,GSW vs. DAL,W,11.916666666666666,3.0,12.1,0.25,0.0,6.0,0.0,6.0,6.0,1.0,0.0,6.0,6.0,0.0,3.0,0.0,6.0,0.0,3.0,6.0,12.1,-45.3,34.4,0,0,30.2,1,1,13086,1,21323,19374,13448,20233,15070,10597,15070,2825,4412,1,14058,8244,12185,19908,6389,12854,304,8846,10619,2571,16056,25199,11484,2246,150,13788,1,11:55
2024-25,203497,Rudy Gobert,Rudy,1610612750,MIN,Minnesota Timberwolves,0022400008,2024-11-12T00:00:00,MIN @ POR,L,32.791666666666664,2.2,3.3,0.667,0.0,0.0,0.0,5.5,6.6,0.833,0.0,8.8,8.8,4.4,4.4,1.1,1.1,1.1,2.2,5.5,9.9,-7.7,29.2,0,0,27.4,1,13222,1,13222,5338,21048,24395,3281,15070,20945,15070,3423,3787,7275,14058,3744,7056,8911,3158,11039,6800,7062,14118,3356,18275,16818,15358,2246,150,15832,1,32:48
2024-25,1641718,Keyonte George,Keyonte,1610612762,UTA,Utah Jazz,0022400006,2024-11-12T00:00:00,UTA vs. PHX,L,33.05,4.4,13.1,0.333,1.1,5.4,0.2,0.0,1.1,0.0,0.0,5.4,5.4,4.4,1.1,0.0,0.0,2.2,3.3,3.3,9.8,0.0,21.8,0,0,20.7,1,13222,1,13222,5110,16182,11732,17395,14009,12089,13429,13505,14055,13505,14058,9681,13685,8994,15202,12854,8263,2692,9578,8351,18350,12240,20272,2246,150,20462,1,33:03
2024-25,201587,Nicolas Batum,Nicolas,1610612746,LAC,LA Clippers,0022400215,2024-11-11T00:00:00,LAC @ OKC,L,11.991666666666667,3.0,6.0,0.5,3.0,6.0,0.5,0.0,0.0,0.0,3.0,6.0,9.0,3.0,6.0,0.0,3.0,0.0,0.0,0.0,9.0,3.0,27.3,0,0,30.0,1,13222,1,13222,21297,19411,22594,8526,6498,10680,3944,13505,14344,13505,5325,8307,6722,12921,1377,12854,1690,8846,20257,17725,19074,11115,16725,2246,150,13930,1,11:60
2024-25,1630598,Aaron Wiggins,Aaron,1610612760,OKC,Oklahoma City Thunder,0022400215,2024-11-11T00:00:00,OKC vs. LAC,W,29.195,4.9,7.4,0.667,2.5,4.9,0.5,0.0,0.0,0.0,2.5,2.5,4.9,4.9,1.2,0.0,1.2,0.0,1.2,0.0,12.3,21.0,28.1,0,0,27.1,1,1,13086,1,8516,14599,21072,3281,8263,13362,3944,13505,14344,13505,6729,18280,14972,7614,14210,12854,5978,8846,18363,17725,15787,3706,16126,2246,150,16067,1,29:12
2024-25,1629669,Jaylen Nowell,Jaylen,1610612740,NOP,New Orleans Pelicans,0022400214,2024-11-11T00:00:00,NOP vs. BKN,L,22.30666666666667,6.5,11.3,0.571,1.6,3.2,0.5,3.2,3.2,1.0,0.0,1.6,1.6,9.7,0.0,0.0,0.0,0.0,1.6,1.6,17.8,0.0,34.2,0,0,30.7,1,13222,1,13222,14275,10299,14835,6538,11640,17217,3944,7261,9461,1,14058,20646,22421,1597,16469,12854,8263,8846,16823,14580,10084,12240,11645,2246,150,13423,1,22:18
2024-25,1642264,Stephon Castle,Stephon,1610612759,SAS,San Antonio Spurs,0022400216,2024-11-11T00:00:00,SAS vs. SAC,W,30.96,4.7,12.8,0.364,2.3,5.8,0.4,0.0,0.0,0.0,1.2,3.5,4.7,7.0,3.5,1.2,1.2,0.0,1.2,3.5,11.6,17.4,31.2,0,0,30.2,1,1,13086,1,6914,15362,12233,16861,8759,11178,7874,13505,14344,13505,12031,15274,15700,4030,5038,10484,6407,8846,18745,7695,16549,4761,13934,2246,150,13770,1,30:58
2024-25,1627742,Brandon Ingram,Brandon,1610612740,NOP,New Orleans Pelicans,0022400214,2024-11-11T00:00:00,NOP vs. BKN,L,35.36666666666667,10.2,24.4,0.417,2.0,9.2,0.222,2.0,2.0,1.0,1.0,4.1,5.1,9.2,4.1,1.0,0.0,2.0,2.0,8.1,24.4,-3.1,43.3,0,0,42.8,1,13222,1,13222,3176,3035,942,14532,9982,4593,13288,10504,12615,1,13112,13508,14550,1892,3738,11780,8263,3108,14939,946,4533,14595,6007,2246,150,5287,1,35:22
2024-25,1642274,Yves Missi,Yves,1610612740,NOP,New Orleans Pelicans,0022400214,2024-11-11T00:00:00,NOP vs. BKN,L,29.5,8.5,9.8,0.875,0.0,0.0,0.0,3.7,4.9,0.75,3.7,9.8,13.4,2.4,0.0,1.2,1.2,1.2,1.2,2.4,20.7,-2.4,47.8,1,0,41.5,1,13222,1,13222,8222,5542,17449,1353,15070,20945,15070,6366,6152,8186,4103,2761,2529,14733,16469,10014,6051,6122,18422,11199,7275,14282,4036,1,150,5918,1,29:30
2024-25,1627739,Kris Dunn,Kris,1610612746,LAC,LA Clippers,0022400215,2024-11-11T00:00:00,LAC @ OKC,L,27.716666666666665,3.9,7.8,0.5,2.6,6.5,0.4,1.3,2.6,0.5,1.3,3.9,5.2,10.4,0.0,0.0,0.0,0.0,6.5,1.3,11.7,5.2,33.5,0,0,29.9,1,13222,1,13222,9778,17333,20543,8526,7836,9559,7874,12306,10978,10625,11203,14037,14287,1244,16469,12854,8263,8846,2406,15915,16469,10007,12188,2246,150,14051,1,27:43
2024-25,1629731,Dean Wade,Dean,1610612739,CLE,Cleveland Cavaliers,0022400212,2024-11-11T00:00:00,CLE @ CHI,W,18.683333333333334,1.9,5.8,0.333,1.9,3.9,0.5,0.0,3.9,0.0,0.0,7.7,7.7,3.9,0.0,0.0,3.9,1.9,0.0,1.9,5.8,23.1,32.4,0,0,27.0,1,1,13086,1,17048,21541,22830,17395,10515,15890,3944,13505,8126,13505,14058,5156,8789,10359,16469,12854,1006,3458,20257,13416,21543,3235,13036,2246,150,16169,1,18:41
2024-25,1630170,Devin Vassell,Devin,1610612759,SAS,San Antonio Spurs,0022400216,2024-11-11T00:00:00,SAS vs. SAC,W,21.366666666666667,5.1,15.2,0.333,5.1,8.4,0.6,5.1,5.1,1.0,1.7,1.7,3.4,6.7,1.7,0.0,0.0,3.4,0.0,3.4,20.2,-5.1,32.7,0,0,35.4,1,1,13086,1,15018,14220,8318,17395,2205,5703,2992,3951,5818,1,9630,20497,18827,4366,11981,12854,8263,1016,20257,8045,7722,15623,12810,2246,150,9810,1,21:22
2024-25,1630577,Julian Champagnie,Julian,1610612759,SAS,San Antonio Spurs,0022400216,2024-11-11T00:00:00,SAS vs. SAC,W,26.84,6.7,16.1,0.417,4.0,10.7,0.375,0.0,0.0,0.0,1.3,6.7,8.0,1.3,1.3,0.0,0.0,1.3,2.7,0.0,17.4,33.5,27.8,0,0,30.8,1,1,13086,1,10464,9667,6977,14532,3954,2750,8800,13505,14344,13505,11010,6884,8177,18533,13616,12854,8263,5443,12114,17725,10390,1568,16390,2246,150,13300,1,26:50
2024-25,1630526,Jeremiah Robinson-Earl,Jeremiah,1610612740,NOP,New Orleans Pelicans,0022400214,2024-11-11T00:00:00,NOP vs. BKN,L,19.716666666666665,11.0,16.4,0.667,1.8,3.7,0.5,3.7,3.7,1.0,5.5,1.8,7.3,1.8,0.0,1.8,0.0,1.8,0.0,1.8,27.4,-5.5,44.4,0,0,42.0,1,13222,1,13222,16246,2302,6507,3281,10965,16322,3944,6381,8577,1,1958,20174,9566,17010,16469,7129,8263,3813,20257,13826,3027,15826,5483,2246,150,5653,1,19:43
2024-25,203084,Harrison Barnes,Harrison,1610612759,SAS,San Antonio Spurs,0022400216,2024-11-11T00:00:00,SAS vs. SAC,W,30.045,3.6,7.2,0.5,1.2,3.6,0.333,3.6,3.6,1.0,0.0,6.0,6.0,2.4,1.2,0.0,0.0,0.0,1.2,2.4,12.0,16.8,21.6,0,0,21.6,1,1,13086,1,7752,18093,21330,8526,13375,16453,9209,6497,8697,1,14058,8351,12312,14889,14455,12854,8263,8846,18548,11367,16162,4978,20374,2246,150,19922,1,30:03
2024-25,1629652,Luguentz Dort,Luguentz,1610612760,OKC,Oklahoma City Thunder,0022400215,2024-11-11T00:00:00,OKC vs. LAC,W,35.166666666666664,7.2,14.3,0.5,4.1,8.2,0.5,1.0,1.0,1.0,0.0,2.0,2.0,1.0,3.1,2.0,0.0,0.0,5.1,6.1,19.5,6.1,26.5,0,0,30.7,1,1,13086,1,3337,8544,9646,8526,3795,6097,3944,13158,14179,1,14058,19513,21704,19610,6222,6019,8263,8846,4344,2456,8418,9552,17283,2246,150,13391,1,35:10
2024-25,1629661,Cameron Johnson,Cameron,1610612751,BKN,Brooklyn Nets,0022400214,2024-11-11T00:00:00,BKN @ NOP,W,30.95,5.8,11.6,0.5,3.5,8.1,0.429,2.3,2.3,1.0,0.0,1.2,1.2,0.0,2.3,1.2,1.2,0.0,2.3,1.2,17.4,-4.7,23.5,0,0,26.8,1,1,13086,1,6918,12072,14257,8526,5165,6197,7394,9539,11704,1,14058,21608,22995,19908,8962,10482,6404,8846,13539,16582,10378,15392,19263,2246,150,16356,1,30:57
2024-25,1630245,Ayo Dosunmu,Ayo,1610612741,CHI,Chicago Bulls,0022400212,2024-11-11T00:00:00,CHI vs. CLE,L,30.75,2.3,9.4,0.25,1.2,4.7,0.25,5.9,7.0,0.833,0.0,3.5,3.5,4.7,0.0,0.0,0.0,1.2,1.2,3.5,11.7,-24.6,22.9,0,0,21.1,1,13222,1,13222,7086,20780,18176,20233,13532,14006,11902,3017,3337,7275,14058,15198,18520,8223,16469,12854,8263,6474,18713,7625,16441,22718,19594,2246,150,20236,1,30:45
2024-25,1626168,Trey Lyles,Trey,1610612758,SAC,Sacramento Kings,0022400216,2024-11-11T00:00:00,SAC @ SAS,L,26.966666666666665,4.0,10.7,0.375,2.7,8.0,0.333,0.0,0.0,0.0,2.7,2.7,5.3,0.0,0.0,1.3,2.7,0.0,1.3,1.3,10.7,2.7,29.1,0,0,26.7,1,13222,1,13222,10359,17080,15926,16299,7620,6429,9209,13505,14344,13505,6175,17768,13938,19908,16469,9271,2123,8846,17889,15743,17499,11282,15416,2246,150,16400,1,26:58
2024-25,1630592,Jalen Wilson,Jalen,1610612751,BKN,Brooklyn Nets,0022400214,2024-11-11T00:00:00,BKN @ NOP,W,23.413333333333334,4.6,15.4,0.3,1.5,6.2,0.25,4.6,4.6,1.0,1.5,0.0,1.5,3.1,1.5,0.0,0.0,3.1,4.6,3.1,15.4,-6.2,20.3,0,0,21.5,1,1,13086,1,13380,15458,7995,19363,11903,10319,11902,4660,6638,1,10167,22137,22525,12680,12588,12854,8263,1257,5514,8977,12544,16132,21027,2246,150,19943,1,23:25
2024-25,101108,Chris Paul,Chris,1610612759,SAS,San Antonio Spurs,0022400216,2024-11-11T00:00:00,SAS vs. SAC,W,29.695,6.1,9.7,0.625,2.4,6.1,0.4,0.0,0.0,0.0,1.2,6.1,7.3,13.3,1.2,2.4,0.0,0.0,1.2,2.4,14.5,33.9,49.3,1,0,42.4,1,1,13086,1,8056,11336,17581,4899,8393,10539,7874,13505,14344,13505,11710,8197,9616,473,14350,4613,8263,8846,18462,11251,13353,1512,3488,1,150,5445,1,29:42
2024-25,1628989,Kevin Huerter,Kevin,1610612758,SAC,Sacramento Kings,0022400216,2024-11-11T00:00:00,SAC @ SAS,L,23.8,1.5,10.6,0.143,0.0,7.6,0.0,0.0,0.0,0.0,0.0,4.5,4.5,4.5,1.5,4.5,0.0,1.5,0.0,0.0,3.0,-27.2,27.4,0,0,21.2,1,13222,1,13222,13075,22152,16062,22260,15070,7245,15070,13505,14344,13505,14058,12154,15952,8557,12688,1202,8263,4725,20257,17725,22949,23277,16677,2246,150,20169,1,23:48
2024-25,1642273,Kyshawn George,Kyshawn,1610612764,WAS,Washington Wizards,0022400213,2024-11-11T00:00:00,WAS @ HOU,L,24.6,4.4,13.2,0.333,2.9,5.9,0.5,0.0,0.0,0.0,0.0,2.9,2.9,4.4,0.0,0.0,0.0,1.5,2.9,1.5,11.7,-5.9,21.8,0,0,22.0,1,13222,1,13222,12377,16098,11539,17395,6766,11060,3944,13505,14344,13505,14058,16985,19919,8917,16469,12854,8263,4921,11050,15164,16441,15999,20260,2246,150,19705,1,24:36
2024-25,1628415,Dillon Brooks,Dillon,1610612745,HOU,Houston Rockets,0022400213,2024-11-11T00:00:00,HOU vs. WAS,W,32.8,4.4,13.2,0.333,0.0,2.2,0.0,0.0,0.0,0.0,2.2,2.2,4.4,3.3,2.2,2.2,0.0,1.1,1.1,1.1,8.8,22.0,23.4,0,0,20.9,1,1,13086,1,5326,16091,11530,17395,15070,19177,15070,13505,14344,13505,7599,19078,16310,12005,9528,5410,8263,7064,19112,16917,19281,3466,19327,2246,150,20368,1,32:48
2024-25,1628988,Aaron Holiday,Aaron,1610612745,HOU,Houston Rockets,0022400213,2024-11-11T00:00:00,HOU vs. WAS,W,16.966666666666665,6.4,10.6,0.6,2.1,6.4,0.333,8.5,8.5,1.0,0.0,2.1,2.1,2.1,2.1,0.0,0.0,0.0,6.4,6.4,23.3,-6.4,26.9,0,0,29.7,1,1,13086,1,18274,10527,16029,5394,9584,9832,9209,1190,2200,1,14058,19299,21572,15922,9893,12854,8263,8846,2527,2224,5251,16230,16987,2246,150,14160,1,16:58
2024-25,1642349,Ajay Mitchell,Ajay,1610612760,OKC,Oklahoma City Thunder,0022400215,2024-11-11T00:00:00,OKC vs. LAC,W,10.516666666666667,3.4,10.3,0.333,0.0,3.4,0.0,0.0,0.0,0.0,0.0,3.4,3.4,3.4,6.8,0.0,0.0,3.4,3.4,0.0,6.8,6.8,9.2,0,0,13.7,1,1,13086,1,21908,18488,16616,17395,15070,16825,15070,13505,14344,13505,14058,15451,18723,11623,962,12854,8263,978,8988,17725,20828,9209,24534,2246,150,23504,1,10:31
2024-25,1627747,Caris LeVert,Caris,1610612739,CLE,Cleveland Cavaliers,0022400212,2024-11-11T00:00:00,CLE @ CHI,W,24.15,4.5,10.4,0.429,3.0,6.0,0.5,6.0,7.5,0.8,0.0,3.0,3.0,4.5,1.5,1.5,0.0,0.0,0.0,6.0,17.9,1.5,31.2,0,0,31.3,1,1,13086,1,12762,15856,16325,13735,6585,10779,3944,2905,2953,7681,14058,16800,19791,8718,12789,8451,8263,8846,20257,2674,9940,11871,13941,2246,150,12922,1,24:09
2024-25,1629750,Javonte Green,Javonte,1610612740,NOP,New Orleans Pelicans,0022400214,2024-11-11T00:00:00,NOP vs. BKN,L,27.44333333333333,3.9,10.5,0.375,2.6,3.9,0.667,0.0,0.0,0.0,0.0,5.2,5.2,2.6,0.0,3.9,0.0,0.0,2.6,0.0,10.5,-1.3,32.5,0,0,28.9,1,13222,1,13222,9983,17239,16225,16299,7757,15702,1957,13505,14344,13505,14058,10166,14166,14143,16469,1703,8263,8846,12349,17725,17668,13723,12927,2246,150,14813,1,27:27
2024-25,1629640,Keldon Johnson,Keldon,1610612759,SAS,San Antonio Spurs,0022400216,2024-11-11T00:00:00,SAS vs. SAC,W,25.395,7.1,12.8,0.556,1.4,2.8,0.5,0.0,0.0,0.0,0.0,4.3,4.3,1.4,2.8,0.0,0.0,1.4,1.4,0.0,15.6,-5.7,20.0,0,0,22.7,1,1,13086,1,11664,8728,12283,7248,12378,17985,3944,13505,14344,13505,14058,12958,16671,18281,7089,12854,8263,5115,17552,17725,12333,15909,21179,2246,150,19229,1,25:24
2024-25,1630527,Brandon Boston,Brandon,1610612740,NOP,New Orleans Pelicans,0022400214,2024-11-11T00:00:00,NOP vs. BKN,L,35.4,3.1,13.2,0.231,1.0,4.1,0.25,0.0,0.0,0.0,1.0,6.1,7.1,10.2,1.0,3.1,0.0,0.0,3.1,0.0,7.1,-1.0,39.1,0,0,31.5,1,13222,1,13222,3147,19320,11447,21157,14443,15433,11902,13505,14344,13505,13119,8095,9919,1352,15731,3050,8263,8846,10488,17725,20620,13551,8366,2246,150,12760,1,35:24
2024-25,201935,James Harden,James,1610612746,LAC,LA Clippers,0022400215,2024-11-11T00:00:00,LAC @ OKC,L,37.23,4.8,14.5,0.333,2.9,6.8,0.429,3.9,4.8,0.8,2.9,7.7,10.6,8.7,4.8,0.0,0.0,1.0,4.8,4.8,16.4,-6.8,37.4,1,0,38.7,1,13222,1,13222,1846,14848,9353,17395,6867,8966,7394,5939,6229,7681,5592,5108,4777,2271,2536,12854,8263,8210,4985,4425,11458,16405,9394,1,150,7605,1,37:14
2024-25,1630171,Isaac Okoro,Isaac,1610612739,CLE,Cleveland Cavaliers,0022400212,2024-11-11T00:00:00,CLE @ CHI,W,18.893333333333334,1.9,5.7,0.333,1.9,3.8,0.5,0.0,0.0,0.0,0.0,1.9,1.9,1.9,0.0,1.9,0.0,0.0,1.9,0.0,5.7,-21.0,16.6,0,0,15.2,1,1,13086,1,16913,21577,22891,17395,10611,15977,3944,13505,14344,13505,14058,19955,21992,16732,16469,6736,8263,8846,15646,17725,21583,21818,22629,2246,150,22975,1,18:54
2024-25,1629026,Kenrich Williams,Kenrich,1610612760,OKC,Oklahoma City Thunder,0022400215,2024-11-11T00:00:00,OKC vs. LAC,W,5.65,6.4,12.7,0.5,6.4,12.7,0.5,0.0,0.0,0.0,0.0,0.0,0.0,6.4,0.0,0.0,0.0,0.0,6.4,6.4,19.1,70.1,28.7,0,0,31.9,1,1,13086,1,23721,10511,12309,8526,1074,1408,3944,13505,14344,13505,14058,22137,23286,4896,16469,12854,8263,8846,2521,2219,8745,243,15744,2246,150,12486,1,5:39
2024-25,1630264,Anthony Gill,Anthony,1610612764,WAS,Washington Wizards,0022400213,2024-11-11T00:00:00,WAS @ HOU,L,1.8166666666666667,0.0,0.0,0.0,0.0,0.0,0.0,0.0,0.0,0.0,0.0,0.0,0.0,0.0,0.0,0.0,0.0,0.0,0.0,0.0,0.0,59.4,0.0,0,0,0.0,1,13222,1,13222,25590,22635,24836,22635,15070,20945,15070,13505,14344,13505,14058,22137,23286,19908,16469,12854,8263,8846,20257,17725,23200,373,25228,2246,150,25259,1,1:49
2024-25,1641731,Bilal Coulibaly,Bilal,1610612764,WAS,Washington Wizards,0022400213,2024-11-11T00:00:00,WAS @ HOU,L,35.48166666666667,5.1,9.1,0.556,0.0,1.0,0.0,1.0,2.0,0.5,2.0,2.0,4.1,0.0,2.0,1.0,1.0,0.0,0.0,1.0,11.2,-23.3,20.1,0,0,19.3,1,13222,1,13222,3097,14167,18510,7248,15070,20849,15070,13197,12639,10625,8265,19564,17165,19908,10374,11813,7385,8846,20257,17335,17025,22424,21120,2246,150,21260,1,35:29
2024-25,1631165,Keon Ellis,Keon,1610612758,SAC,Sacramento Kings,0022400216,2024-11-11T00:00:00,SAC @ SAS,L,22.706666666666667,1.6,9.5,0.167,1.6,7.9,0.2,0.0,0.0,0.0,0.0,0.0,0.0,0.0,1.6,3.2,0.0,0.0,1.6,0.0,4.8,0.0,12.7,0,0,12.7,1,13222,1,13222,13950,22052,17925,21938,11731,6577,13429,13505,14344,13505,14058,22137,23286,19908,12400,2800,8263,8846,16914,17725,22153,12240,23846,2246,150,23813,1,22:42
2024-25,1629659,Talen Horton-Tucker,Talen,1610612741,CHI,Chicago Bulls,0022400212,2024-11-11T00:00:00,CHI vs. CLE,L,0.9833333333333333,0.0,0.0,0.0,0.0,0.0,0.0,0.0,0.0,0.0,0.0,0.0,0.0,0.0,0.0,0.0,0.0,0.0,73.2,0.0,0.0,-109.8,0.0,0,0,0.0,1,13222,1,13222,26063,22635,24836,22635,15070,20945,15070,13505,14344,13505,14058,22137,23286,19908,16469,12854,8263,8846,9,17725,23200,26199,25228,2246,150,25259,1,0:59
2024-25,1641732,Colby Jones,Colby,1610612758,SAC,Sacramento Kings,0022400216,2024-11-11T00:00:00,SAC @ SAS,L,1.3833333333333333,0.0,0.0,0.0,0.0,0.0,0.0,0.0,0.0,0.0,0.0,0.0,0.0,0.0,26.0,0.0,0.0,0.0,0.0,0.0,0.0,-104.1,-26.0,0,0,0.0,1,13222,1,13222,25875,22635,24836,22635,15070,20945,15070,13505,14344,13505,14058,22137,23286,19908,23,12854,8263,8846,20257,17725,23200,26166,26292,2246,150,25259,1,1:23
2024-25,1630222,Mason Jones,Mason,1610612758,SAC,Sacramento Kings,0022400216,2024-11-11T00:00:00,SAC @ SAS,L,1.3833333333333333,0.0,0.0,0.0,0.0,0.0,0.0,0.0,0.0,0.0,0.0,0.0,0.0,0.0,0.0,0.0,0.0,0.0,0.0,0.0,0.0,-104.1,0.0,0,0,0.0,1,13222,1,13222,25875,22635,24836,22635,15070,20945,15070,13505,14344,13505,14058,22137,23286,19908,16469,12854,8263,8846,20257,17725,23200,26166,25228,2246,150,25259,1,1:23
2024-25,1631321,Sidy Cissoko,Sidy,1610612759,SAS,San Antonio Spurs,0022400216,2024-11-11T00:00:00,SAS vs. SAC,W,0.8716666666666667,0.0,0.0,0.0,0.0,0.0,0.0,0.0,0.0,0.0,0.0,0.0,0.0,0.0,0.0,0.0,0.0,0.0,0.0,0.0,0.0,82.6,0.0,0,0,0.0,1,1,13086,1,26103,22635,24836,22635,15070,20945,15070,13505,14344,13505,14058,22137,23286,19908,16469,12854,8263,8846,20257,17725,23200,141,25228,2246,150,25259,1,0:52
2024-25,1630256,Jae'Sean Tate,Jae'Sean,1610612745,HOU,Houston Rockets,0022400213,2024-11-11T00:00:00,HOU vs. WAS,W,1.8166666666666667,0.0,19.8,0.0,0.0,0.0,0.0,0.0,0.0,0.0,0.0,19.8,19.8,0.0,0.0,0.0,0.0,0.0,0.0,0.0,0.0,-59.4,23.8,0,0,19.8,1,1,13086,1,25590,22635,3087,22635,15070,20945,15070,13505,14344,13505,14058,178,558,19908,16469,12854,8263,8846,20257,17725,23200,25677,19106,2246,150,20962,1,1:49
2024-25,1629636,Darius Garland,Darius,1610612739,CLE,Cleveland Cavaliers,0022400212,2024-11-11T00:00:00,CLE @ CHI,W,29.906666666666666,8.4,20.5,0.412,1.2,6.0,0.2,2.4,3.6,0.667,1.2,1.2,2.4,6.0,1.2,4.8,0.0,1.2,2.4,2.4,20.5,-16.9,45.6,0,0,39.7,1,1,13086,1,7868,5754,2662,14791,13341,10647,13429,9319,8666,9425,11771,21502,20997,5453,14413,1013,8263,6230,13166,11327,7534,20563,4887,2246,150,6937,1,29:54
2024-25,1628380,Zach Collins,Zach,1610612759,SAS,San Antonio Spurs,0022400216,2024-11-11T00:00:00,SAS vs. SAC,W,13.1,2.7,5.5,0.5,2.7,2.7,1.0,0.0,0.0,0.0,0.0,2.7,2.7,0.0,2.7,0.0,2.7,0.0,5.5,2.7,8.2,-16.5,17.0,0,0,19.2,1,1,13086,1,20693,19977,23089,8526,7380,18163,1,13505,14344,13505,14058,17560,20358,19908,7377,12854,2019,8846,3703,10152,19705,20442,22469,2246,150,21274,1,13:06
2024-25,1628398,Kyle Kuzma,Kyle,1610612764,WAS,Washington Wizards,0022400213,2024-11-11T00:00:00,WAS @ HOU,L,24.166666666666668,10.4,26.8,0.389,4.5,11.9,0.375,1.5,1.5,1.0,0.0,6.0,6.0,0.0,4.5,1.5,0.0,3.0,4.5,3.0,26.8,-20.9,34.0,0,0,40.2,1,13222,1,13222,12748,2789,524,16009,3112,1822,8800,11816,13499,1,14058,8428,12390,19908,3041,8458,8263,1366,5846,9335,3292,21798,11847,2246,150,6665,1,24:10
2024-25,1642403,Isaac Jones,Isaac,1610612758,SAC,Sacramento Kings,0022400216,2024-11-11T00:00:00,SAC @ SAS,L,1.3833333333333333,0.0,0.0,0.0,0.0,0.0,0.0,0.0,0.0,0.0,0.0,0.0,0.0,0.0,0.0,0.0,0.0,0.0,0.0,0.0,0.0,-104.1,0.0,0,0,0.0,1,13222,1,13222,25875,22635,24836,22635,15070,20945,15070,13505,14344,13505,14058,22137,23286,19908,16469,12854,8263,8846,20257,17725,23200,26166,25228,2246,150,25259,1,1:23
2024-25,1630533,Ziaire Williams,Ziaire,1610612751,BKN,Brooklyn Nets,0022400214,2024-11-11T00:00:00,BKN @ NOP,W,28.058333333333334,3.8,15.4,0.25,2.6,9.0,0.286,5.1,5.1,1.0,2.6,9.0,11.5,0.0,2.6,1.3,1.3,1.3,3.8,2.6,15.4,-6.4,34.4,0,0,34.6,1,1,13086,1,9502,17456,7969,20233,7930,4865,11433,3848,5707,1,6438,3538,3908,19908,7996,9562,5725,5739,7607,10743,12523,16253,11524,2246,150,10336,1,28:04
2024-25,1629098,Jack McVeigh,Jack,1610612745,HOU,Houston Rockets,0022400213,2024-11-11T00:00:00,HOU vs. WAS,W,1.8166666666666667,0.0,0.0,0.0,0.0,0.0,0.0,0.0,0.0,0.0,0.0,0.0,0.0,0.0,0.0,0.0,0.0,0.0,0.0,0.0,0.0,-59.4,0.0,0,0,0.0,1,1,13086,1,25590,22635,24836,22635,15070,20945,15070,13505,14344,13505,14058,22137,23286,19908,16469,12854,8263,8846,20257,17725,23200,25677,25228,2246,150,25259,1,1:49
2024-25,201942,DeMar DeRozan,DeMar,1610612758,SAC,Sacramento Kings,0022400216,2024-11-11T00:00:00,SAC @ SAS,L,37.53333333333333,7.7,14.4,0.533,1.0,1.0,1.0,3.8,4.8,0.8,1.0,6.7,7.7,5.8,0.0,1.0,1.9,1.0,1.0,3.8,20.1,-10.6,46.6,0,0,40.3,1,13222,1,13222,1662,7318,9557,8140,14756,20892,1,6005,6307,7681,13579,6869,8839,5940,16469,12284,3712,8270,19913,6750,7803,18132,4487,2246,150,6622,1,37:32
2024-25,1629162,Jordan McLaughlin,Jordan,1610612758,SAC,Sacramento Kings,0022400216,2024-11-11T00:00:00,SAC @ SAS,L,8.983333333333333,8.0,16.0,0.5,4.0,12.0,0.333,0.0,0.0,0.0,4.0,0.0,4.0,4.0,4.0,4.0,0.0,0.0,0.0,0.0,20.0,-56.1,38.9,0,0,40.1,1,13222,1,13222,22457,6606,7071,8526,3981,1768,9209,13505,14344,13505,3586,22137,17297,9915,3869,1626,8263,8846,20257,17725,7895,25592,8493,2246,150,6741,1,8:59
2024-25,1642259,Alex Sarr,Alex,1610612764,WAS,Washington Wizards,0022400213,2024-11-11T00:00:00,WAS @ HOU,L,27.933333333333334,2.6,11.6,0.222,0.0,3.9,0.0,1.3,5.2,0.25,2.6,5.2,7.7,1.3,0.0,0.0,2.6,0.0,3.9,2.6,6.4,-15.5,25.4,0,0,20.6,1,13222,1,13222,9595,20315,14308,21205,15070,15868,15070,12331,5673,13358,6408,10405,8753,18699,16469,12854,2251,8846,7562,10711,21091,20083,18015,2246,150,20504,1,27:56
2024-25,1628963,Marvin Bagley III,Marvin,1610612764,WAS,Washington Wizards,0022400213,2024-11-11T00:00:00,WAS @ HOU,L,1.8166666666666667,0.0,0.0,0.0,0.0,0.0,0.0,0.0,0.0,0.0,0.0,19.8,19.8,19.8,19.8,0.0,0.0,0.0,0.0,0.0,0.0,59.4,33.7,0,0,39.6,1,13222,1,13222,25590,22635,24836,22635,15070,20945,15070,13505,14344,13505,14058,178,558,88,49,12854,8263,8846,20257,17725,23200,373,12047,2246,150,6986,1,1:49
2024-25,1631116,Patrick Baldwin Jr.,Patrick,1610612764,WAS,Washington Wizards,0022400213,2024-11-11T00:00:00,WAS @ HOU,L,1.8166666666666667,0.0,0.0,0.0,0.0,0.0,0.0,0.0,0.0,0.0,0.0,0.0,0.0,0.0,0.0,0.0,0.0,0.0,0.0,0.0,0.0,59.4,0.0,0,0,0.0,1,13222,1,13222,25590,22635,24836,22635,15070,20945,15070,13505,14344,13505,14058,22137,23286,19908,16469,12854,8263,8846,20257,17725,23200,373,25228,2246,150,25259,1,1:49
2024-25,203458,Alex Len,Alex,1610612758,SAC,Sacramento Kings,0022400216,2024-11-11T00:00:00,SAC @ SAS,L,1.3833333333333333,0.0,0.0,0.0,0.0,0.0,0.0,0.0,0.0,0.0,0.0,0.0,0.0,0.0,0.0,0.0,0.0,0.0,0.0,26.0,0.0,-104.1,0.0,0,0,0.0,1,13222,1,13222,25875,22635,24836,22635,15070,20945,15070,13505,14344,13505,14058,22137,23286,19908,16469,12854,8263,8846,20257,16,23200,26166,25228,2246,150,25259,1,1:23
2024-25,1631099,Keegan Murray,Keegan,1610612758,SAC,Sacramento Kings,0022400216,2024-11-11T00:00:00,SAC @ SAS,L,28.933333333333334,2.5,8.7,0.286,1.2,6.2,0.2,0.0,0.0,0.0,0.0,3.7,3.7,1.2,2.5,0.0,0.0,0.0,1.2,0.0,6.2,-26.1,10.1,0,0,12.4,1,13222,1,13222,8729,20482,19167,19630,13130,10148,13429,13505,14344,13505,14058,14523,17984,18864,8297,12854,8263,8846,18306,17725,21239,23059,24402,2246,150,23888,1,28:56
2024-25,1630631,Jose Alvarado,Jose,1610612740,NOP,New Orleans Pelicans,0022400214,2024-11-11T00:00:00,NOP vs. BKN,L,18.333333333333332,2.0,9.8,0.2,2.0,7.9,0.25,0.0,0.0,0.0,0.0,0.0,0.0,0.0,2.0,2.0,0.0,0.0,3.9,0.0,5.9,11.8,9.8,0,0,11.8,1,13222,1,13222,17330,21467,17365,21401,10327,6698,11902,13505,14344,13505,14058,22137,23286,19908,10699,6429,8263,8846,7356,17725,21464,6886,24449,2246,150,24038,1,18:20
2024-25,1641824,Matas Buzelis,Matas,1610612741,CHI,Chicago Bulls,0022400212,2024-11-11T00:00:00,CHI vs. CLE,L,3.7333333333333334,0.0,9.6,0.0,0.0,9.6,0.0,0.0,0.0,0.0,0.0,9.6,9.6,0.0,9.6,0.0,0.0,0.0,9.6,0.0,0.0,0.0,1.9,0,0,9.6,1,13222,1,13222,24607,22635,17685,22635,15070,3918,15070,13505,14344,13505,14058,2880,5880,19908,355,12854,8263,8846,783,17725,23200,12240,25163,2246,150,24502,1,3:44
2024-25,1626181,Norman Powell,Norman,1610612746,LAC,LA Clippers,0022400215,2024-11-11T00:00:00,LAC @ OKC,L,36.68333333333333,9.8,14.7,0.667,4.9,7.9,0.625,5.9,7.9,0.75,0.0,2.0,2.0,3.9,2.9,2.9,0.0,1.0,5.9,5.9,30.4,2.9,44.6,0,0,47.1,1,13222,1,13222,2212,3457,9013,3281,2395,6713,2868,2977,2626,8186,14058,19785,21879,10151,6662,3284,8263,8080,3088,2765,1941,11149,5389,2246,150,3435,1,36:41
2024-25,1629673,Jordan Poole,Jordan,1610612764,WAS,Washington Wizards,0022400213,2024-11-11T00:00:00,WAS @ HOU,L,33.766666666666666,5.3,14.9,0.357,1.1,5.3,0.2,0.0,0.0,0.0,0.0,5.3,5.3,6.4,8.5,4.3,0.0,3.2,3.2,3.2,11.7,-10.7,32.0,0,0,33.1,1,13222,1,13222,4465,13465,8718,17140,14157,12385,13429,13505,14344,13505,14058,9954,13969,4858,499,1407,8263,1155,9877,8572,16418,18165,13334,2246,150,11620,1,33:46
2024-25,202696,Nikola Vučević,Nikola,1610612741,CHI,Chicago Bulls,0022400212,2024-11-11T00:00:00,CHI vs. CLE,L,34.88333333333333,9.3,15.5,0.6,1.0,3.1,0.333,1.0,2.1,0.5,2.1,6.2,8.3,3.1,3.1,1.0,1.0,0.0,1.0,3.1,20.6,14.4,38.3,0,0,37.2,1,13222,1,13222,3553,4222,7854,5394,14352,17465,9209,13137,12540,10625,8107,7912,7845,12621,6141,11658,7259,8846,19516,8897,7360,5843,8839,2246,150,8615,1,34:53
2024-25,203897,Zach LaVine,Zach,1610612741,CHI,Chicago Bulls,0022400212,2024-11-11T00:00:00,CHI vs. CLE,L,35.85,12.1,20.1,0.6,2.0,7.0,0.286,0.0,1.0,0.0,0.0,6.0,6.0,3.0,2.0,0.0,0.0,0.0,2.0,1.0,26.1,16.1,35.8,0,0,37.2,1,13222,1,13222,2786,1495,2902,5394,10127,8401,11433,13505,14210,13505,14058,8272,12218,12885,10476,12854,8263,8846,15092,17384,3623,5227,10474,2246,150,8611,1,35:51
2024-25,1631114,Jalen Williams,Jalen,1610612760,OKC,Oklahoma City Thunder,0022400215,2024-11-11T00:00:00,OKC vs. LAC,W,35.42666666666667,11.2,16.3,0.688,2.0,3.0,0.667,4.1,4.1,1.0,2.0,6.1,8.1,6.1,2.0,2.0,0.0,0.0,4.1,4.1,28.5,5.1,51.4,0,0,48.8,1,1,13086,1,3132,2120,6740,3227,10000,17556,1957,5584,7708,1,8247,8108,8043,5327,10348,6096,8263,8846,6955,6132,2613,10067,2863,2246,150,2897,1,35:26
2024-25,202685,Jonas Valančiūnas,Jonas,1610612764,WAS,Washington Wizards,0022400213,2024-11-11T00:00:00,WAS @ HOU,L,16.933333333333334,8.5,14.9,0.571,0.0,0.0,0.0,4.3,4.3,1.0,6.4,10.6,17.0,4.3,0.0,2.1,0.0,2.1,2.1,6.4,21.3,-8.5,54.4,0,0,46.8,1,13222,1,13222,18290,5608,8778,6538,15070,20945,15070,5256,7315,1,1432,2129,1125,9247,16469,5675,8263,2846,14483,2209,6869,17184,2109,2246,150,3560,1,16:56
2024-25,1627884,Derrick Jones Jr.,Derrick,1610612746,LAC,LA Clippers,0022400215,2024-11-11T00:00:00,LAC @ OKC,L,33.15,8.7,14.1,0.615,4.3,5.4,0.8,0.0,1.1,0.0,4.3,1.1,5.4,3.3,3.3,1.1,0.0,1.1,2.2,1.1,21.7,-4.3,33.1,0,0,36.9,1,13222,1,13222,5027,5282,9968,5246,3325,12140,1389,13505,14059,13505,3115,21787,13733,12123,5640,11137,8263,7182,14240,16971,6455,15244,12493,2246,150,8775,1,33:09
2024-25,1629599,Amir Coffey,Amir,1610612746,LAC,LA Clippers,0022400215,2024-11-11T00:00:00,LAC @ OKC,L,27.153333333333332,5.3,10.6,0.5,4.0,6.6,0.6,2.7,2.7,1.0,0.0,4.0,4.0,5.3,2.7,1.3,0.0,0.0,4.0,4.0,17.2,-9.3,31.3,0,0,33.1,1,13222,1,13222,10233,13521,16034,8526,4036,9258,2992,8682,10856,1,14058,13799,17374,6812,7688,9316,8263,8846,7203,6374,10590,17571,13834,2246,150,11535,1,27:09
2024-25,203471,Dennis Schröder,Dennis,1610612751,BKN,Brooklyn Nets,0022400214,2024-11-11T00:00:00,BKN @ NOP,W,31.6,4.6,10.3,0.444,3.4,5.7,0.6,3.4,4.6,0.75,0.0,3.4,3.4,2.3,2.3,0.0,0.0,0.0,0.0,5.7,15.9,8.0,21.2,0,0,25.1,1,1,13086,1,6334,15610,16644,13045,5341,11457,2992,6855,6736,8186,14058,15470,18745,15307,9166,12854,8263,8846,20257,3036,11967,8641,20599,2246,150,17637,1,31:36
2024-25,1641708,Amen Thompson,Amen,1610612745,HOU,Houston Rockets,0022400213,2024-11-11T00:00:00,HOU vs. WAS,W,28.183333333333334,5.1,10.2,0.5,0.0,1.3,0.0,6.4,10.2,0.625,1.3,8.9,10.2,1.3,2.6,5.1,5.1,0.0,6.4,6.4,16.6,20.4,58.9,0,0,48.5,1,1,13086,1,9395,14058,16698,8526,15070,20520,15070,2512,1286,10271,11315,3575,5211,18731,8031,829,490,8846,2507,2196,11275,3834,1351,2246,150,2975,1,28:11
2024-25,1641794,Dillon Jones,Dillon,1610612760,OKC,Oklahoma City Thunder,0022400215,2024-11-11T00:00:00,OKC vs. LAC,W,5.668333333333333,0.0,12.7,0.0,0.0,6.4,0.0,0.0,0.0,0.0,6.4,12.7,19.1,6.4,0.0,0.0,0.0,0.0,6.4,0.0,0.0,-31.8,32.4,0,0,25.4,1,1,13086,1,23717,22635,12382,22635,15070,9872,15070,13505,14344,13505,1450,1102,688,4929,16469,12854,8263,8846,2539,17725,23200,23998,13024,2246,150,17354,1,5:40
2024-25,1628368,De'Aaron Fox,De'Aaron,1610612758,SAC,Sacramento Kings,0022400216,2024-11-11T00:00:00,SAC @ SAS,L,36.11666666666667,9.0,18.9,0.474,2.0,5.0,0.4,4.0,4.0,1.0,1.0,5.0,6.0,3.0,1.0,1.0,0.0,2.0,4.0,3.0,23.9,-20.9,37.6,0,0,36.9,1,13222,1,13222,2598,4760,3807,12072,10193,13241,7874,5714,7861,1,13282,10923,12337,12967,15870,11988,8263,3246,7180,9296,4854,21815,9301,2246,150,8795,1,36:07
2024-25,1631172,Ousmane Dieng,Ousmane,1610612760,OKC,Oklahoma City Thunder,0022400215,2024-11-11T00:00:00,OKC vs. LAC,W,8.65,4.2,8.3,0.5,4.2,8.3,0.5,0.0,0.0,0.0,0.0,4.2,4.2,4.2,0.0,4.2,0.0,0.0,0.0,0.0,12.5,-8.3,36.2,0,0,33.3,1,1,13086,1,22579,16693,19757,8526,3647,5871,3944,13505,14344,13505,14058,13228,16904,9488,16469,1487,8263,8846,20257,17725,15604,17105,10232,2246,150,11406,1,8:39
2024-25,1630172,Patrick Williams,Patrick,1610612741,CHI,Chicago Bulls,0022400212,2024-11-11T00:00:00,CHI vs. CLE,L,35.63333333333333,5.1,13.1,0.385,3.0,7.1,0.429,0.0,0.0,0.0,1.0,9.1,10.1,3.0,2.0,1.0,1.0,1.0,1.0,0.0,13.1,-5.1,33.8,1,0,33.3,1,13222,1,13222,2960,14234,11613,16070,6399,8312,7394,13505,14344,13505,13175,3413,5323,12828,10419,11857,7416,7827,19646,17725,14945,15619,11937,1,150,11367,1,35:38
2024-25,1630224,Jalen Green,Jalen,1610612745,HOU,Houston Rockets,0022400213,2024-11-11T00:00:00,HOU vs. WAS,W,36.916666666666664,5.9,14.6,0.4,1.0,5.9,0.167,4.9,4.9,1.0,2.0,2.0,3.9,2.0,5.9,2.0,0.0,2.0,1.0,2.0,17.6,12.7,25.2,0,0,28.3,1,1,13086,1,2050,11948,9163,14933,14681,11073,14236,4228,6159,1,8620,19821,17568,16558,1504,6500,8263,3382,19834,13316,10266,6528,18171,2246,150,15225,1,36:55
2024-25,1642267,Bub Carrington,Bub,1610612764,WAS,Washington Wizards,0022400213,2024-11-11T00:00:00,WAS @ HOU,L,30.916666666666668,3.5,7.0,0.5,2.3,2.3,1.0,2.3,2.3,1.0,0.0,2.3,2.3,7.0,1.2,4.7,2.3,0.0,2.3,2.3,11.6,-14.0,44.7,0,0,37.3,1,13222,1,13222,6943,18338,21577,8526,8744,18937,1,9528,11695,1,14058,18684,21140,4015,14694,1113,2690,8846,13529,11633,16527,19495,5325,2246,150,8536,1,30:55
2024-25,1627936,Alex Caruso,Alex,1610612760,OKC,Oklahoma City Thunder,0022400215,2024-11-11T00:00:00,OKC vs. LAC,W,19.566666666666666,7.4,12.9,0.571,3.7,9.2,0.4,3.7,3.7,1.0,1.8,1.8,3.7,0.0,1.8,1.8,1.8,0.0,9.2,3.7,22.1,-22.1,35.7,0,0,36.8,1,1,13086,1,16360,8099,12075,6538,4737,4530,7874,6327,8524,1,9088,20134,18122,19908,11364,7076,3956,8846,898,7183,6144,22085,10582,2246,150,8845,1,19:34
2024-25,1628386,Jarrett Allen,Jarrett,1610612739,CLE,Cleveland Cavaliers,0022400212,2024-11-11T00:00:00,CLE @ CHI,W,26.283333333333335,4.1,9.6,0.429,0.0,0.0,0.0,4.1,5.5,0.75,1.4,5.5,6.8,2.7,0.0,0.0,1.4,1.4,0.0,2.7,12.3,-31.5,28.8,0,0,24.7,1,1,13086,1,10915,16826,17798,13735,15070,20945,15070,5510,5214,8186,10884,9591,10431,13791,16469,12854,5363,5311,20257,10194,15794,23968,15667,2246,150,17919,1,26:17
2024-25,1631106,Tari Eason,Tari,1610612745,HOU,Houston Rockets,0022400213,2024-11-11T00:00:00,HOU vs. WAS,W,26.4,6.8,13.6,0.5,0.0,2.7,0.0,0.0,0.0,0.0,0.0,8.2,8.2,2.7,2.7,4.1,2.7,0.0,2.7,0.0,13.6,19.1,45.3,0,0,38.2,1,1,13086,1,10812,9377,10761,8526,15070,18207,15070,13505,14344,13505,14058,4444,7957,13828,7446,1549,2038,8846,11924,17725,14344,4237,5055,2246,150,7912,1,26:24
2024-25,1641810,Antonio Reeves,Antonio,1610612740,NOP,New Orleans Pelicans,0022400214,2024-11-11T00:00:00,NOP vs. BKN,L,8.2,4.4,4.4,1.0,0.0,0.0,0.0,0.0,0.0,0.0,0.0,0.0,0.0,0.0,0.0,8.8,0.0,0.0,0.0,0.0,8.8,-17.6,35.1,0,0,26.3,1,13222,1,13222,22738,16091,23862,1,15070,20945,15070,13505,14344,13505,14058,22137,23286,19908,16469,160,8263,8846,20257,17725,19281,20800,10980,2246,150,16671,1,8:12
2024-25,1630215,Jared Butler,Jared,1610612764,WAS,Washington Wizards,0022400213,2024-11-11T00:00:00,WAS @ HOU,L,4.8,7.5,22.5,0.333,0.0,0.0,0.0,15.0,15.0,1.0,0.0,0.0,0.0,7.5,0.0,0.0,0.0,7.5,0.0,7.5,30.0,15.0,41.3,0,0,37.5,1,13222,1,13222,24089,7762,1583,17395,15070,20945,15070,171,350,1,14058,22137,23286,3400,16469,12854,8263,129,20257,1327,2081,5626,7017,2246,150,8363,1,4:48
2024-25,1630581,Josh Giddey,Josh,1610612741,CHI,Chicago Bulls,0022400212,2024-11-11T00:00:00,CHI vs. CLE,L,31.416666666666668,8.0,12.6,0.636,2.3,4.6,0.5,2.3,2.3,1.0,1.1,8.0,9.2,8.0,4.6,1.1,1.1,0.0,4.6,1.1,20.6,2.3,46.0,0,0,44.7,1,13222,1,13222,6487,6591,12563,4689,8883,14229,3944,9656,11810,1,12148,4675,6488,2868,2872,10625,6512,8846,5580,16672,7372,11467,4763,2246,150,4392,1,31:25
2024-25,1630560,Cam Thomas,Cam,1610612751,BKN,Brooklyn Nets,0022400214,2024-11-11T00:00:00,BKN @ NOP,W,32.925,6.6,10.9,0.6,4.4,5.5,0.8,1.1,2.2,0.5,0.0,7.7,7.7,2.2,3.3,0.0,0.0,0.0,0.0,2.2,18.6,9.8,27.8,0,0,32.8,1,1,13086,1,5227,10038,15469,5394,3277,12040,1389,12920,12125,10625,14058,5233,8870,15675,5557,12854,8263,8846,20257,12215,9232,7771,16385,2246,150,11806,1,32:56
2024-25,1630198,Isaiah Joe,Isaiah,1610612760,OKC,Oklahoma City Thunder,0022400215,2024-11-11T00:00:00,OKC vs. LAC,W,31.218333333333334,5.8,13.8,0.417,2.3,9.2,0.25,0.0,0.0,0.0,2.3,1.2,3.5,3.5,0.0,3.5,1.2,1.2,1.2,2.3,13.8,9.2,37.0,0,0,32.3,1,1,13086,1,6683,12218,10441,14532,8827,4494,11902,13505,14344,13505,7225,21625,18641,11525,16469,2298,6467,6612,18797,11718,14112,8080,9685,2246,150,12148,1,31:13
2024-25,1628464,Daniel Theis,Daniel,1610612740,NOP,New Orleans Pelicans,0022400214,2024-11-11T00:00:00,NOP vs. BKN,L,8.95,8.0,12.1,0.667,0.0,0.0,0.0,0.0,0.0,0.0,4.0,12.1,16.1,0.0,0.0,0.0,0.0,0.0,0.0,4.0,16.1,-8.0,35.4,0,0,32.2,1,13222,1,13222,22470,6540,13474,3281,15070,20945,15070,13505,14344,13505,3568,1316,1397,19908,16469,12854,8263,8846,20257,6243,11829,16995,10807,2246,150,12237,1,8:57
2024-25,1629632,Coby White,Coby,1610612741,CHI,Chicago Bulls,0022400212,2024-11-11T00:00:00,CHI vs. CLE,L,37.3,4.8,12.5,0.385,4.8,10.6,0.455,4.8,4.8,1.0,0.0,6.8,6.8,5.8,4.8,3.9,1.0,0.0,1.9,4.8,19.3,3.9,45.7,0,0,46.3,1,13222,1,13222,1795,14869,12662,16070,2521,2864,7148,4301,6246,1,14058,6779,10620,5870,2541,1783,7722,8846,15515,4445,8550,10721,4839,2246,150,3711,1,37:18
2024-25,1630572,Sandro Mamukelashvili,Sandro,1610612759,SAS,San Antonio Spurs,0022400216,2024-11-11T00:00:00,SAS vs. SAC,W,15.705,6.9,11.5,0.6,6.9,11.5,0.6,0.0,0.0,0.0,0.0,4.6,4.6,0.0,2.3,0.0,0.0,0.0,2.3,2.3,20.6,16.0,23.8,0,0,32.1,1,1,13086,1,19129,9227,14545,5394,807,2133,2992,13505,14344,13505,14058,12030,15845,19908,9109,12854,8263,8846,13685,11783,7367,5233,19065,2246,150,12304,1,15:42
2024-25,1630596,Evan Mobley,Evan,1610612739,CLE,Cleveland Cavaliers,0022400212,2024-11-11T00:00:00,CLE @ CHI,W,31.4,6.9,11.5,0.6,0.0,1.1,0.0,3.4,3.4,1.0,5.7,6.9,12.6,2.3,3.4,0.0,0.0,2.3,0.0,3.4,17.2,12.6,32.3,1,0,32.1,1,1,13086,1,6506,9213,14534,5394,15070,20687,15070,6814,9011,1,1792,6566,3058,15260,5153,12854,8263,2445,20257,7838,10633,6557,13065,1,150,12297,1,31:24
2024-25,1629645,Kevin Porter Jr.,Kevin,1610612746,LAC,LA Clippers,0022400215,2024-11-11T00:00:00,LAC @ OKC,L,14.333333333333334,7.5,15.1,0.5,2.5,7.5,0.333,5.0,7.5,0.667,0.0,2.5,2.5,5.0,5.0,0.0,2.5,2.5,0.0,2.5,22.6,-12.6,35.7,0,0,37.7,1,13222,1,13222,19991,7681,8484,8526,8107,7318,9209,3998,2867,9425,14058,18155,20784,7402,2312,12854,2352,2026,20257,10947,5778,18969,10604,2246,150,8239,1,14:20
2024-25,1630530,Trey Murphy III,Trey,1610612740,NOP,New Orleans Pelicans,0022400214,2024-11-11T00:00:00,NOP vs. BKN,L,25.616666666666667,5.6,19.7,0.286,2.8,8.4,0.333,2.8,2.8,1.0,2.8,4.2,7.0,0.0,5.6,0.0,2.8,0.0,4.2,1.4,16.9,-2.8,28.1,0,0,32.3,1,13222,1,13222,11477,12646,3205,19630,7180,5697,9209,8321,10461,1,5835,13065,10105,19908,1708,12854,1940,8846,6511,15428,10994,14462,16130,2246,150,12128,1,25:37
2024-25,1629651,Nic Claxton,Nic,1610612751,BKN,Brooklyn Nets,0022400214,2024-11-11T00:00:00,BKN @ NOP,W,32.25333333333333,5.6,10.0,0.556,0.0,0.0,0.0,3.3,4.5,0.75,5.6,4.5,10.0,3.3,2.2,0.0,2.2,1.1,1.1,2.2,14.5,-4.5,36.1,0,0,32.4,1,1,13086,1,5777,12759,16968,7248,15070,20945,15070,7005,6906,8186,1896,12354,5383,11821,9382,12854,2877,6902,19006,12020,13404,15309,10335,2246,150,12092,1,32:15
2024-25,1631095,Jabari Smith Jr.,Jabari,1610612745,HOU,Houston Rockets,0022400213,2024-11-11T00:00:00,HOU vs. WAS,W,32.11666666666667,2.2,11.2,0.2,1.1,7.8,0.143,6.7,6.7,1.0,2.2,7.8,10.1,0.0,0.0,0.0,1.1,0.0,1.1,3.4,12.3,2.2,27.8,0,0,25.8,1,1,13086,1,5871,20963,15009,21401,13829,6725,14649,2216,3629,1,7449,4949,5340,19908,16469,12854,6661,8846,18986,8068,15788,11492,16360,2246,150,17083,1,32:07
2024-25,203926,Doug McDermott,Doug,1610612758,SAC,Sacramento Kings,0022400216,2024-11-11T00:00:00,SAC @ SAS,L,13.343333333333334,5.4,16.2,0.333,2.7,13.5,0.2,0.0,0.0,0.0,0.0,0.0,0.0,0.0,0.0,0.0,0.0,0.0,2.7,0.0,13.5,21.6,13.5,0,0,16.2,1,13222,1,13222,20574,13285,6848,17395,7548,1102,13429,13505,14344,13505,14058,22137,23286,19908,16469,12854,8263,8846,12055,17725,14516,3561,23637,2246,150,22639,1,13:21
2024-25,1628378,Donovan Mitchell,Donovan,1610612739,CLE,Cleveland Cavaliers,0022400212,2024-11-11T00:00:00,CLE @ CHI,W,34.55,12.5,27.1,0.462,7.3,16.7,0.438,5.2,6.3,0.833,1.0,7.3,8.3,2.1,0.0,4.2,0.0,0.0,2.1,4.2,37.5,7.3,63.1,0,0,63.6,1,1,13086,1,3812,1241,492,12428,669,442,7390,3763,4174,7275,12930,5837,7713,16054,16469,1480,8263,8846,14683,5910,653,8990,866,2246,150,544,1,34:33
2024-25,1629660,Ty Jerome,Ty,1610612739,CLE,Cleveland Cavaliers,0022400212,2024-11-11T00:00:00,CLE @ CHI,W,21.25,8.5,15.2,0.556,3.4,8.5,0.4,0.0,0.0,0.0,3.4,3.4,6.8,10.2,3.4,5.1,0.0,0.0,5.1,0.0,20.3,35.6,55.6,0,0,50.8,1,1,13086,1,15114,5666,8182,7248,5411,5630,7874,13505,14344,13505,4563,15555,10581,1355,5259,853,8263,8846,4425,17725,7635,1335,1885,2246,150,2311,1,21:15
2024-25,1628983,Shai Gilgeous-Alexander,Shai,1610612760,OKC,Oklahoma City Thunder,0022400215,2024-11-11T00:00:00,OKC vs. LAC,W,39.35,11.9,19.2,0.619,3.7,7.3,0.5,13.7,14.6,0.938,0.0,2.7,2.7,8.2,0.9,4.6,1.8,0.9,2.7,6.4,41.2,7.3,75.1,0,0,68.6,1,1,13086,1,768,1593,3585,5227,4785,7783,3944,222,378,6713,14058,17568,20365,2669,16300,1175,3983,8582,11863,2178,388,8976,295,2246,150,355,1,39:21
2024-25,1629646,Charles Bassey,Charles,1610612759,SAS,San Antonio Spurs,0022400216,2024-11-11T00:00:00,SAS vs. SAC,W,0.8716666666666667,41.3,41.3,1.0,0.0,0.0,0.0,0.0,0.0,0.0,0.0,0.0,0.0,0.0,0.0,41.3,0.0,0.0,0.0,0.0,82.6,82.6,206.5,0,0,165.2,1,1,13086,1,26103,11,67,1,15070,20945,15070,13505,14344,13505,14058,22137,23286,19908,16469,3,8263,8846,20257,17725,27,141,10,2246,150,13,1,0:52
2024-25,1631098,Johnny Davis,Johnny,1610612764,WAS,Washington Wizards,0022400213,2024-11-11T00:00:00,WAS @ HOU,L,2.2683333333333335,15.9,15.9,1.0,15.9,15.9,1.0,0.0,0.0,0.0,15.9,0.0,15.9,0.0,0.0,0.0,0.0,0.0,0.0,15.9,47.6,79.4,66.7,0,0,79.4,1,13222,1,13222,25329,369,7311,1,66,540,1,13505,14344,13505,112,22137,1467,19908,16469,12854,8263,8846,20257,82,197,165,593,2246,150,168,1,2:16
2024-25,1641998,Trey Jemison III,Trey,1610612740,NOP,New Orleans Pelicans,0022400214,2024-11-11T00:00:00,NOP vs. BKN,L,9.166666666666666,3.9,7.9,0.5,0.0,0.0,0.0,0.0,0.0,0.0,11.8,3.9,15.7,3.9,0.0,3.9,3.9,3.9,3.9,0.0,7.9,7.9,56.2,0,0,43.2,1,13222,1,13222,22399,17256,20467,8526,15070,20945,15070,13505,14344,13505,259,13943,1516,10144,16469,1707,956,672,7356,17725,20038,8706,1779,2246,150,5037,1,9:10
2024-25,1630578,Alperen Sengun,Alperen,1610612745,HOU,Houston Rockets,0022400213,2024-11-11T00:00:00,HOU vs. WAS,W,31.001666666666665,13.9,22.1,0.632,1.2,1.2,1.0,2.3,2.3,1.0,8.1,11.6,19.7,3.5,2.3,0.0,3.5,1.2,1.2,2.3,31.4,25.5,68.4,1,0,62.7,1,1,13086,1,6872,723,1789,4871,13590,20672,1,9558,11716,1,739,1556,572,11441,8980,12854,1241,6548,18758,11660,1680,2708,502,1,150,597,1,31:00
2024-25,1641730,Noah Clowney,Noah,1610612751,BKN,Brooklyn Nets,0022400214,2024-11-11T00:00:00,BKN @ NOP,W,20.05,9.0,23.3,0.385,9.0,18.0,0.5,0.0,0.0,0.0,7.2,5.4,12.6,1.8,1.8,0.0,1.8,0.0,3.6,0.0,26.9,5.4,48.3,0,0,53.9,1,1,13086,1,15985,4751,1267,16070,302,343,3944,13505,14344,13505,1072,9816,3086,17095,11570,12854,4067,8846,8455,17725,3237,9896,3877,2246,150,1648,1,20:03
2024-25,1627734,Domantas Sabonis,Domantas,1610612758,SAC,Sacramento Kings,0022400216,2024-11-11T00:00:00,SAC @ SAS,L,36.083333333333336,11.0,19.0,0.579,1.0,3.0,0.333,0.0,0.0,0.0,4.0,8.0,12.0,4.0,4.0,2.0,0.0,1.0,5.0,1.0,22.9,-9.0,45.3,1,0,43.9,1,13222,1,13222,2619,2278,3791,6486,14567,17680,9209,13505,14344,13505,3605,4729,3518,9960,3899,6269,8263,7950,4627,17406,5524,17411,5040,1,150,4741,1,36:05
2024-25,1641705,Victor Wembanyama,Victor,1610612759,SAS,San Antonio Spurs,0022400216,2024-11-11T00:00:00,SAS vs. SAC,W,34.028333333333336,13.8,23.3,0.591,6.3,12.7,0.5,2.1,2.1,1.0,4.2,10.6,14.8,6.3,3.2,1.1,3.2,0.0,1.1,3.2,36.0,25.4,72.8,1,0,71.9,1,1,13086,1,4236,774,1289,6217,1087,1428,3944,10246,12373,1,3268,2169,1866,4937,5898,11417,1502,8846,19357,8656,835,2729,350,1,150,284,1,34:02
2024-25,1627777,Georges Niang,Georges,1610612739,CLE,Cleveland Cavaliers,0022400212,2024-11-11T00:00:00,CLE @ CHI,W,16.616666666666667,10.8,21.7,0.5,2.2,10.8,0.2,2.2,2.2,1.0,4.3,6.5,10.8,0.0,0.0,2.2,0.0,0.0,4.3,2.2,26.0,32.5,45.5,0,0,43.3,1,1,13086,1,18517,2387,1955,8526,9373,2640,13429,10060,12189,1,3125,7307,4565,19908,16469,5520,8263,8846,6188,12305,3684,1674,4939,2246,150,4983,1,16:37
2024-25,1627732,Ben Simmons,Ben,1610612751,BKN,Brooklyn Nets,0022400214,2024-11-11T00:00:00,BKN @ NOP,W,22.308333333333334,4.8,8.1,0.6,0.0,0.0,0.0,0.0,0.0,0.0,1.6,6.5,8.1,19.4,4.8,3.2,0.0,0.0,4.8,1.6,9.7,12.9,53.3,0,0,43.6,1,1,13086,1,14274,14831,20144,5394,15070,20945,15070,13505,14344,13505,9870,7405,8141,101,2532,2683,8263,8846,4971,14581,18457,6433,2385,2246,150,4887,1,22:19
2024-25,1627826,Ivica Zubac,Ivica,1610612746,LAC,LA Clippers,0022400215,2024-11-11T00:00:00,LAC @ OKC,L,34.05833333333333,9.5,12.7,0.75,0.0,0.0,0.0,4.2,6.3,0.667,4.2,10.6,14.8,0.0,4.2,0.0,3.2,1.1,1.1,5.3,23.3,-9.5,46.3,1,0,44.4,1,13222,1,13222,4207,3865,12412,2107,15070,20945,15070,5296,4076,9425,3276,2179,1871,19908,3449,12854,1507,7433,19368,3656,5327,17678,4625,1,150,4508,1,34:04
2024-25,203500,Steven Adams,Steven,1610612745,HOU,Houston Rockets,0022400213,2024-11-11T00:00:00,HOU vs. WAS,W,15.181666666666667,2.4,4.7,0.5,0.0,0.0,0.0,0.0,0.0,0.0,7.1,9.5,16.6,2.4,9.5,0.0,0.0,2.4,4.7,2.4,4.7,-9.5,18.7,0,0,23.7,1,1,13086,1,19453,20720,23648,8526,15070,20945,15070,13505,14344,13505,1099,3034,1236,14977,373,12854,8263,2283,5191,11460,22160,17663,21787,2246,150,18530,1,15:11
2024-25,1631207,Dalen Terry,Dalen,1610612741,CHI,Chicago Bulls,0022400212,2024-11-11T00:00:00,CHI vs. CLE,L,15.133333333333333,4.8,9.5,0.5,0.0,0.0,0.0,0.0,0.0,0.0,4.8,4.8,9.5,0.0,2.4,0.0,0.0,2.4,7.1,0.0,9.5,-35.7,18.6,0,0,19.0,1,13222,1,13222,19475,15088,17913,8526,15070,20945,15070,13505,14344,13505,2608,11549,6035,19908,8734,12854,8263,2267,1868,17725,18618,24485,21859,2246,150,21379,1,15:08
2024-25,1630553,Keon Johnson,Keon,1610612751,BKN,Brooklyn Nets,0022400214,2024-11-11T00:00:00,BKN @ NOP,W,18.441666666666666,3.9,11.7,0.333,2.0,7.8,0.25,0.0,0.0,0.0,2.0,5.9,7.8,3.9,0.0,0.0,0.0,0.0,0.0,0.0,9.8,0.0,25.0,0,0,23.4,1,1,13086,1,17256,17310,14088,17395,10381,6784,11902,13505,14344,13505,8608,8653,8600,10216,16469,12854,8263,8846,20257,17725,18383,12240,18303,2246,150,18720,1,18:27
2024-25,1629611,Terance Mann,Terance,1610612746,LAC,LA Clippers,0022400215,2024-11-11T00:00:00,LAC @ OKC,L,17.683333333333334,2.0,6.1,0.333,2.0,4.1,0.5,2.0,4.1,0.5,4.1,4.1,8.1,0.0,4.1,0.0,0.0,0.0,0.0,2.0,8.1,-12.2,13.8,0,0,18.3,1,13222,1,13222,17794,21338,22509,17395,9982,15425,3944,10504,7696,10625,3492,13508,8019,19908,3738,12854,8263,8846,20257,12899,19797,18819,23540,2246,150,21701,1,17:41
2024-25,1641717,Cason Wallace,Cason,1610612760,OKC,Oklahoma City Thunder,0022400215,2024-11-11T00:00:00,OKC vs. LAC,W,19.591666666666665,0.0,11.0,0.0,0.0,7.4,0.0,0.0,0.0,0.0,1.8,1.8,3.7,7.4,1.8,3.7,0.0,3.7,1.8,0.0,0.0,-14.7,24.6,0,0,18.4,1,1,13086,1,16341,22635,15318,22635,15070,7725,15070,13505,14344,13505,9100,20146,18144,3568,11379,1999,8263,809,16002,17725,23200,19787,18536,2246,150,21678,1,19:36
2024-25,1631104,Blake Wesley,Blake,1610612759,SAS,San Antonio Spurs,0022400216,2024-11-11T00:00:00,SAS vs. SAC,W,11.121666666666666,0.0,0.0,0.0,0.0,0.0,0.0,0.0,0.0,0.0,0.0,3.2,3.2,0.0,6.5,0.0,0.0,0.0,0.0,0.0,0.0,-12.9,-2.6,0,0,3.2,1,1,13086,1,21653,22635,24836,22635,15070,20945,15070,13505,14344,13505,14058,15976,19139,19908,1139,12854,8263,8846,20257,17725,23200,19111,26157,2246,150,25221,1,11:07
2024-25,1630241,Sam Merrill,Sam,1610612739,CLE,Cleveland Cavaliers,0022400212,2024-11-11T00:00:00,CLE @ CHI,W,18.266666666666666,0.0,9.9,0.0,0.0,9.9,0.0,0.0,0.0,0.0,0.0,2.0,2.0,5.9,2.0,0.0,0.0,0.0,5.9,0.0,0.0,21.7,9.3,0,0,7.9,1,1,13086,1,17395,22635,17321,22635,15070,3660,15070,13505,14344,13505,14058,19752,21857,5651,10657,12854,8263,8846,3060,17725,23200,3539,24532,2246,150,24777,1,18:16
2024-25,1642263,Reed Sheppard,Reed,1610612745,HOU,Houston Rockets,0022400213,2024-11-11T00:00:00,HOU vs. WAS,W,16.8,6.4,10.7,0.6,2.1,2.1,1.0,0.0,0.0,0.0,0.0,2.1,2.1,0.0,0.0,2.1,0.0,0.0,2.1,0.0,15.0,2.1,24.0,0,0,23.6,1,1,13086,1,18385,10367,15860,5394,9494,19284,1,13505,14344,13505,14058,19231,21529,19908,16469,5621,8263,8846,14396,17725,12895,11546,18937,2246,150,18632,1,16:48
2024-25,1630557,Corey Kispert,Corey,1610612764,WAS,Washington Wizards,0022400213,2024-11-11T00:00:00,WAS @ HOU,L,33.68333333333333,5.3,12.8,0.417,2.1,7.5,0.286,0.0,0.0,0.0,0.0,1.1,1.1,1.1,3.2,3.2,0.0,2.1,3.2,1.1,12.8,-12.8,22.1,0,0,23.5,1,13222,1,13222,4564,13425,12171,14532,9518,7446,11433,13505,14344,13505,14058,21828,23127,19449,5804,2725,8263,2808,9834,17067,15262,19064,20068,2246,150,18664,1,33:41
2024-25,1641766,Adama Sanogo,Adama,1610612741,CHI,Chicago Bulls,0022400212,2024-11-11T00:00:00,CHI vs. CLE,L,4.5,8.0,8.0,1.0,0.0,0.0,0.0,0.0,0.0,0.0,8.0,0.0,8.0,0.0,8.0,0.0,0.0,0.0,0.0,0.0,16.0,-8.0,17.6,0,0,24.0,1,13222,1,13222,24240,6633,20259,1,15070,20945,15070,13505,14344,13505,784,22137,8265,19908,585,12854,8263,8846,20257,17725,11919,16972,22265,2246,150,18317,1,4:30
2024-25,1641763,Julian Phillips,Julian,1610612741,CHI,Chicago Bulls,0022400212,2024-11-11T00:00:00,CHI vs. CLE,L,9.816666666666666,0.0,3.7,0.0,0.0,3.7,0.0,0.0,0.0,0.0,3.7,7.3,11.0,0.0,3.7,0.0,3.7,0.0,0.0,0.0,0.0,-77.0,20.5,0,0,18.3,1,13222,1,13222,22166,22635,24245,22635,15070,16291,15070,13505,14344,13505,4089,5773,4407,19908,4634,12854,1108,8846,20257,17725,23200,25977,20926,2246,150,21695,1,9:49
2024-25,1631093,Jaden Ivey,Jaden,1610612765,DET,Detroit Pistons,0022400201,2024-11-10T00:00:00,DET vs. HOU,L,34.166666666666664,4.2,15.8,0.267,0.0,4.2,0.0,0.0,0.0,0.0,1.1,6.3,7.4,2.1,6.3,0.0,0.0,2.1,4.2,1.1,8.4,-3.2,14.1,0,0,17.9,1,13222,1,13222,4116,16555,7406,20170,15070,15080,15070,13505,14344,13505,12851,7654,9419,15977,1213,12854,8263,2903,6515,17155,19571,14654,23464,2246,150,21909,1,34:10
2024-25,1628436,Luke Kornet,Luke,1610612738,BOS,Boston Celtics,0022400202,2024-11-10T00:00:00,BOS @ MIL,W,5.696666666666666,0.0,0.0,0.0,0.0,0.0,0.0,0.0,0.0,0.0,6.3,0.0,6.3,0.0,0.0,0.0,0.0,0.0,6.3,0.0,0.0,-6.3,7.6,0,0,6.3,1,1,13086,1,23706,22635,24836,22635,15070,20945,15070,13505,14344,13505,1463,22137,11566,19908,16469,12854,8263,8846,2580,17725,23200,16213,24745,2246,150,24968,1,5:42
2024-25,1642355,Bronny James,Bronny,1610612747,LAL,Los Angeles Lakers,0022400211,2024-11-10T00:00:00,LAL vs. TOR,W,1.6666666666666667,0.0,0.0,0.0,0.0,0.0,0.0,0.0,0.0,0.0,0.0,0.0,0.0,0.0,0.0,0.0,0.0,0.0,21.6,0.0,0.0,0.0,0.0,0,0,0.0,1,1,13086,1,25675,22635,24836,22635,15070,20945,15070,13505,14344,13505,14058,22137,23286,19908,16469,12854,8263,8846,100,17725,23200,12240,25228,2246,150,25259,1,1:40
2024-25,1641764,Brandin Podziemski,Brandin,1610612744,GSW,Golden State Warriors,0022400207,2024-11-10T00:00:00,GSW @ OKC,W,15.083333333333334,0.0,4.8,0.0,0.0,2.4,0.0,0.0,0.0,0.0,0.0,2.4,2.4,2.4,2.4,0.0,0.0,2.4,9.5,2.4,0.0,-23.9,4.1,0,0,4.8,1,1,13086,1,19506,22635,23627,22635,15070,18840,15070,13505,14344,13505,14058,18521,21035,14924,8714,12854,8263,2256,799,11401,23200,22539,25076,2246,150,25125,1,15:05
2024-25,1630192,Zeke Nnaji,Zeke,1610612743,DEN,Denver Nuggets,0022400208,2024-11-10T00:00:00,DEN vs. DAL,W,9.996666666666666,3.6,7.2,0.5,0.0,3.6,0.0,0.0,7.2,0.0,0.0,7.2,7.2,3.6,0.0,0.0,0.0,0.0,3.6,3.6,7.2,-39.6,21.2,0,0,18.0,1,1,13086,1,22109,18079,21314,8526,15070,16437,15070,13505,3167,13505,14058,5992,9737,11085,16469,12854,8263,8846,8423,7389,20559,24816,20574,2246,150,21858,1,9:60
2024-25,1641871,Duop Reath,Duop,1610612757,POR,Portland Trail Blazers,0022400210,2024-11-10T00:00:00,POR vs. MEM,L,4.533333333333333,7.9,47.6,0.167,0.0,39.7,0.0,0.0,0.0,0.0,7.9,0.0,7.9,0.0,0.0,0.0,0.0,0.0,15.9,0.0,15.9,-47.6,25.4,0,0,23.8,1,13222,1,13222,24213,6751,37,21938,15070,18,15070,13505,14344,13505,801,22137,8379,19908,16469,12854,8263,8846,212,17725,12036,25295,17984,2246,150,18449,1,4:32
2024-25,1631095,Jabari Smith Jr.,Jabari,1610612745,HOU,Houston Rockets,0022400201,2024-11-10T00:00:00,HOU @ DET,W,26.428333333333335,2.7,10.9,0.25,0.0,5.4,0.0,2.7,2.7,1.0,5.4,4.1,9.5,0.0,2.7,1.4,1.4,1.4,2.7,1.4,8.2,-16.3,25.1,0,0,23.2,1,1,13086,1,10799,20035,15538,20233,15070,12085,15070,8516,10683,1,1979,13460,6013,19908,7457,9128,5399,5346,11937,15611,19773,20394,18239,2246,150,18886,1,26:26
2024-25,1628969,Mikal Bridges,Mikal,1610612752,NYK,New York Knicks,0022400203,2024-11-10T00:00:00,NYK @ IND,L,41.53333333333333,3.5,9.5,0.364,0.0,5.2,0.0,0.0,0.0,0.0,2.6,3.5,6.1,3.5,1.7,0.0,0.9,0.0,3.5,0.0,6.9,-9.5,20.3,0,0,18.2,1,13222,1,13222,296,18392,17882,16861,15070,12700,15070,13505,14344,13505,6348,15328,12119,11498,11800,12854,8165,8846,8847,17725,20771,17686,21035,2246,150,21768,1,41:32
2024-25,1630193,Immanuel Quickley,Immanuel,1610612761,TOR,Toronto Raptors,0022400211,2024-11-10T00:00:00,TOR @ LAL,L,27.2,5.3,19.9,0.267,1.3,5.3,0.25,4.0,4.0,1.0,0.0,1.3,1.3,5.3,1.3,0.0,0.0,1.3,4.0,4.0,15.9,-27.8,24.1,0,0,23.8,1,13222,1,13222,10190,13546,3058,20170,12758,12477,11902,5742,7893,1,14058,21237,22788,6831,13694,12854,8263,5526,7212,6388,12036,23389,18885,2246,150,18449,1,27:12
2024-25,1631200,Kris Murray,Kris,1610612757,POR,Portland Trail Blazers,0022400210,2024-11-10T00:00:00,POR vs. MEM,L,12.0,3.0,6.0,0.5,0.0,0.0,0.0,0.0,0.0,0.0,9.0,0.0,9.0,3.0,0.0,3.0,0.0,0.0,0.0,0.0,6.0,-21.0,30.3,0,0,24.0,1,13222,1,13222,21228,19415,22595,8526,15070,20945,15070,13505,14344,13505,553,22137,6730,12925,16469,3139,8263,8846,20257,17725,21387,21831,14576,2246,150,18317,1,12:00
2024-25,203915,Spencer Dinwiddie,Spencer,1610612742,DAL,Dallas Mavericks,0022400208,2024-11-10T00:00:00,DAL @ DEN,L,20.311666666666667,3.5,10.6,0.333,1.8,7.1,0.25,0.0,0.0,0.0,0.0,0.0,0.0,7.1,1.8,0.0,0.0,1.8,1.8,1.8,8.9,5.3,17.7,0,0,17.7,1,13222,1,13222,15784,18218,15994,17395,11178,8271,11902,13505,14344,13505,14058,22137,23286,3900,11658,12854,8263,3972,16295,14031,19209,9935,22209,2246,150,21980,1,20:19
2024-25,1631101,Shaedon Sharpe,Shaedon,1610612757,POR,Portland Trail Blazers,0022400210,2024-11-10T00:00:00,POR vs. MEM,L,19.25,5.6,18.7,0.3,0.0,9.4,0.0,1.9,3.7,0.5,3.7,1.9,5.6,0.0,0.0,0.0,0.0,0.0,0.0,1.9,13.1,-43.0,19.8,0,0,18.7,1,13222,1,13222,16627,12673,4023,19363,15070,4303,15070,11047,8393,10625,3978,20043,13258,19908,16469,12854,8263,8846,20257,13638,14990,25057,21249,2246,150,21534,1,19:15
2024-25,1629162,Jordan McLaughlin,Jordan,1610612758,SAC,Sacramento Kings,0022400209,2024-11-10T00:00:00,SAC @ PHX,W,1.8666666666666667,0.0,0.0,0.0,0.0,0.0,0.0,0.0,0.0,0.0,0.0,0.0,0.0,0.0,0.0,0.0,0.0,0.0,0.0,0.0,0.0,19.3,0.0,0,0,0.0,1,1,13086,1,25549,22635,24836,22635,15070,20945,15070,13505,14344,13505,14058,22137,23286,19908,16469,12854,8263,8846,20257,17725,23200,4175,25228,2246,150,25259,1,1:52
2024-25,1641748,Andre Jackson Jr.,Andre,1610612749,MIL,Milwaukee Bucks,0022400202,2024-11-10T00:00:00,MIL vs. BOS,L,22.583333333333332,0.0,4.8,0.0,0.0,3.2,0.0,1.6,3.2,0.5,1.6,3.2,4.8,3.2,4.8,0.0,0.0,0.0,4.8,1.6,1.6,-6.4,7.3,0,0,9.6,1,13222,1,13222,14045,22635,23622,22635,15070,17290,15070,11612,9541,10625,9948,16124,15338,12363,2612,12854,8263,8846,5101,14653,23178,16239,24775,2246,150,24515,1,22:35
2024-25,1642277,Johnny Furphy,Johnny,1610612754,IND,Indiana Pacers,0022400203,2024-11-10T00:00:00,IND vs. NYK,W,4.333333333333333,0.0,16.6,0.0,0.0,8.3,0.0,0.0,0.0,0.0,0.0,8.3,8.3,0.0,0.0,0.0,0.0,0.0,0.0,0.0,0.0,-8.3,10.0,0,0,8.3,1,1,13086,1,24312,22635,6279,22635,15070,5899,15070,13505,14344,13505,14058,4269,7753,19908,16469,12854,8263,8846,20257,17725,23200,17100,24424,2246,150,24717,1,4:20
2024-25,203501,Tim Hardaway Jr.,Tim,1610612765,DET,Detroit Pistons,0022400201,2024-11-10T00:00:00,DET vs. HOU,L,29.783333333333335,3.6,12.1,0.3,2.4,7.3,0.333,2.4,2.4,1.0,0.0,4.8,4.8,2.4,0.0,1.2,0.0,1.2,0.0,3.6,12.1,1.2,25.1,0,0,24.2,1,13222,1,13222,7977,18018,13441,19363,8424,7932,9209,9284,11430,1,14058,11320,15212,14819,16469,10101,8263,6194,20257,7315,16050,12008,18185,2246,150,18224,1,29:47
2024-25,1641767,Ben Sheppard,Ben,1610612754,IND,Indiana Pacers,0022400203,2024-11-10T00:00:00,IND vs. NYK,W,22.633333333333333,1.6,6.4,0.25,1.6,6.4,0.25,0.0,0.0,0.0,0.0,1.6,1.6,1.6,1.6,0.0,0.0,0.0,6.4,1.6,4.8,8.0,7.5,0,0,9.5,1,1,13086,1,14002,22044,22254,20233,11706,9841,11902,13505,14344,13505,14058,20699,22451,17677,12377,12854,8263,8846,2529,14659,22147,8657,24758,2246,150,24521,1,22:38
2024-25,1629312,Haywood Highsmith,Haywood,1610612748,MIA,Miami Heat,0022400206,2024-11-10T00:00:00,MIA @ MIN,W,33.495,2.1,5.4,0.4,1.1,4.3,0.25,2.1,4.3,0.5,1.1,1.1,2.1,0.0,1.1,5.4,1.1,0.0,0.0,2.1,7.5,-5.4,28.4,0,0,23.6,1,1,13086,1,4738,21144,23203,14933,14098,14915,11902,10129,7213,10625,12679,21815,21515,19908,15304,694,6943,8846,20257,12398,20302,15776,15953,2246,150,18581,1,33:30
2024-25,1626162,Kelly Oubre Jr.,Kelly,1610612755,PHI,Philadelphia 76ers,0022400205,2024-11-10T00:00:00,PHI vs. CHA,W,31.683333333333334,3.4,11.4,0.3,0.0,3.4,0.0,2.3,4.5,0.5,2.3,3.4,5.7,3.4,2.3,0.0,0.0,1.1,3.4,3.4,9.1,8.0,18.7,0,0,18.2,1,1,13086,1,6246,18524,14733,19363,15070,16850,15070,9720,6758,10625,7342,15497,13078,11666,9202,12854,8263,6744,9048,7927,18988,8656,21779,2246,150,21783,1,31:41
2024-25,201569,Eric Gordon,Eric,1610612755,PHI,Philadelphia 76ers,0022400205,2024-11-10T00:00:00,PHI vs. CHA,W,17.216666666666665,0.0,4.2,0.0,0.0,4.2,0.0,0.0,0.0,0.0,0.0,0.0,0.0,4.2,4.2,0.0,0.0,0.0,2.1,0.0,0.0,18.8,2.1,0,0,4.2,1,1,13086,1,18123,22635,24005,22635,15070,15157,15070,13505,14344,13505,14058,22137,23286,9432,3535,12854,8263,8846,14648,17725,23200,4306,25157,2246,150,25173,1,17:13
2024-25,1631128,Christian Braun,Christian,1610612743,DEN,Denver Nuggets,0022400208,2024-11-10T00:00:00,DEN vs. DAL,W,35.05,5.1,10.3,0.5,1.0,2.1,0.5,3.1,4.1,0.75,2.1,4.1,6.2,2.1,1.0,0.0,0.0,2.1,3.1,2.1,14.4,8.2,23.8,0,0,23.6,1,1,13086,1,3418,13991,16612,8526,14381,19452,3944,7594,7612,8186,8146,13399,11912,16175,15660,12854,8263,3046,10343,12834,13524,8523,19076,2246,150,18592,1,35:03
2024-25,1629216,Gabe Vincent,Gabe,1610612747,LAL,Los Angeles Lakers,0022400211,2024-11-10T00:00:00,LAL vs. TOR,W,18.483333333333334,3.9,9.7,0.4,1.9,5.8,0.333,0.0,0.0,0.0,0.0,1.9,1.9,0.0,1.9,1.9,0.0,0.0,1.9,0.0,9.7,25.3,16.0,0,0,17.5,1,1,13086,1,17211,17337,17494,14933,10415,11095,9209,13505,14344,13505,14058,19832,21911,19908,10799,6515,8263,8846,15423,17725,18407,2744,22872,2246,150,22065,1,18:29
2024-25,1642346,Ryan Dunn,Ryan,1610612756,PHX,Phoenix Suns,0022400209,2024-11-10T00:00:00,PHX vs. SAC,L,21.25,6.8,11.9,0.571,0.0,5.1,0.0,0.0,0.0,0.0,0.0,3.4,3.4,0.0,0.0,1.7,1.7,0.0,1.7,0.0,13.6,1.7,27.8,0,0,23.7,1,13222,1,13222,15114,9482,13853,6538,15070,13000,15070,13505,14344,13505,14058,15555,18805,19908,16469,7627,4308,8846,16551,17725,14437,11792,16378,2246,150,18527,1,21:15
2024-25,1631245,Quenton Jackson,Quenton,1610612754,IND,Indiana Pacers,0022400203,2024-11-10T00:00:00,IND vs. NYK,W,11.3,6.4,6.4,1.0,0.0,0.0,0.0,0.0,0.0,0.0,0.0,3.2,3.2,3.2,0.0,0.0,0.0,0.0,3.2,3.2,12.7,0.0,21.3,0,0,19.1,1,1,13086,1,21585,10511,22242,1,15070,20945,15070,13505,14344,13505,14058,16136,19274,12374,16469,12854,8263,8846,9916,8603,15343,12240,20505,2246,150,21346,1,11:18
2024-25,1630703,Scoot Henderson,Scoot,1610612757,POR,Portland Trail Blazers,0022400210,2024-11-10T00:00:00,POR vs. MEM,L,26.266666666666666,2.7,9.6,0.286,1.4,4.1,0.333,0.0,0.0,0.0,0.0,1.4,1.4,11.0,4.1,1.4,0.0,2.7,2.7,0.0,6.9,-27.4,24.9,0,0,23.3,1,13222,1,13222,10937,19995,17786,19630,12559,15318,9209,13505,14344,13505,14058,21150,22738,1008,3649,9074,8263,1684,11879,17725,20819,23324,18334,2246,150,18802,1,26:16
2024-25,1641717,Cason Wallace,Cason,1610612760,OKC,Oklahoma City Thunder,0022400207,2024-11-10T00:00:00,OKC vs. GSW,L,30.3,7.1,11.9,0.6,2.4,2.4,1.0,2.4,2.4,1.0,1.2,1.2,2.4,0.0,0.0,0.0,0.0,1.2,2.4,2.4,19.0,-3.6,21.9,0,0,23.8,1,13222,1,13222,7493,8628,13798,5394,8561,18856,1,9395,11553,1,11878,21543,21053,19908,16469,12854,8263,6352,13322,11443,8849,14826,20226,2246,150,18485,1,30:18
2024-25,1641716,Jarace Walker,Jarace,1610612754,IND,Indiana Pacers,0022400203,2024-11-10T00:00:00,IND vs. NYK,W,27.143333333333334,2.7,11.9,0.222,2.7,9.3,0.286,0.0,0.0,0.0,0.0,5.3,5.3,0.0,0.0,2.7,1.3,0.0,1.3,0.0,8.0,1.3,26.3,0,0,23.9,1,1,13086,1,10241,20181,13697,21205,7678,4401,11433,13505,14344,13505,14058,10014,14032,19908,16469,4011,5536,8846,17920,17725,19957,11943,17440,2246,150,18418,1,27:09
2024-25,200768,Kyle Lowry,Kyle,1610612755,PHI,Philadelphia 76ers,0022400205,2024-11-10T00:00:00,PHI vs. CHA,W,33.166666666666664,2.2,3.3,0.667,1.1,2.2,0.5,3.3,4.3,0.75,0.0,4.3,4.3,5.4,3.3,1.1,1.1,0.0,3.3,4.3,8.7,-1.1,25.3,0,0,23.9,1,1,13086,1,5013,21095,24408,3281,14033,19221,3944,7196,7127,8186,14058,12679,16431,6577,5643,11140,6887,8846,9629,5488,19366,13603,18079,2246,150,18410,1,33:10
2024-25,1630558,Davion Mitchell,Davion,1610612761,TOR,Toronto Raptors,0022400211,2024-11-10T00:00:00,TOR @ LAL,L,18.533333333333335,1.9,9.7,0.2,0.0,5.8,0.0,0.0,0.0,0.0,3.9,3.9,7.8,9.7,1.9,0.0,0.0,0.0,7.8,0.0,3.9,-13.6,25.8,0,0,21.4,1,13222,1,13222,17163,21508,17554,21401,15070,11136,15070,13505,14344,13505,3752,14070,8672,1583,10837,12854,8263,8846,1479,17725,22606,19339,17721,2246,150,20059,1,18:32
2024-25,1631114,Jalen Williams,Jalen,1610612760,OKC,Oklahoma City Thunder,0022400207,2024-11-10T00:00:00,OKC vs. GSW,L,31.3,10.4,17.3,0.6,0.0,2.3,0.0,2.3,2.3,1.0,1.2,2.3,3.5,4.6,4.6,1.2,4.6,0.0,2.3,2.3,23.0,-21.9,46.7,0,0,42.6,1,13222,1,13222,6607,2867,5509,5394,15070,18980,15070,9615,11772,1,12102,18760,18654,8408,2850,10575,647,8846,13643,11737,5471,22038,4445,2246,150,5376,1,31:18
2024-25,1642273,Kyshawn George,Kyshawn,1610612764,WAS,Washington Wizards,0022400204,2024-11-10T00:00:00,WAS @ ORL,L,34.46666666666667,5.2,9.4,0.556,4.2,8.4,0.5,1.0,2.1,0.5,0.0,7.3,7.3,1.0,2.1,1.0,0.0,0.0,6.3,1.0,15.7,-23.0,27.1,0,0,30.3,1,13222,1,13222,3877,13752,18115,7248,3612,5817,3944,13097,12456,10625,14058,5818,9551,19546,10051,11542,8263,8846,2634,17195,12251,22328,16898,2246,150,13725,1,34:28
2024-25,1630198,Isaiah Joe,Isaiah,1610612760,OKC,Oklahoma City Thunder,0022400207,2024-11-10T00:00:00,OKC vs. GSW,L,22.581666666666667,4.8,11.2,0.429,4.8,9.6,0.5,1.6,1.6,1.0,1.6,4.8,6.4,3.2,0.0,0.0,0.0,0.0,3.2,4.8,15.9,12.8,28.4,0,0,30.3,1,13222,1,13222,14057,15001,15086,13735,2592,4019,3944,11611,13400,1,9947,11481,11458,12362,16469,12854,8263,8846,9907,4544,11973,6499,15949,2246,150,13726,1,22:35
2024-25,1626192,Pat Connaughton,Pat,1610612749,MIL,Milwaukee Bucks,0022400202,2024-11-10T00:00:00,MIL vs. BOS,L,13.236666666666666,5.4,8.2,0.667,2.7,5.4,0.5,5.4,5.4,1.0,0.0,0.0,0.0,5.4,2.7,0.0,0.0,0.0,2.7,2.7,19.0,16.3,24.5,0,0,27.2,1,13222,1,13222,20637,13158,20006,3281,7483,12112,3944,3484,5262,1,14058,22137,23286,6555,7467,12854,8263,8846,11954,10261,8817,5136,18630,2246,150,16023,1,13:14
2024-25,1630591,Jalen Suggs,Jalen,1610612753,ORL,Orlando Magic,0022400204,2024-11-10T00:00:00,ORL vs. WAS,W,18.2,4.0,15.8,0.25,2.0,11.9,0.167,0.0,0.0,0.0,2.0,4.0,5.9,4.0,7.9,0.0,0.0,0.0,7.9,5.9,9.9,29.7,15.0,0,0,21.8,1,1,13086,1,17440,17193,7381,20233,10254,1855,14236,13505,14344,13505,8485,13852,12442,10050,609,12854,8263,8846,1399,2704,18268,2008,23168,2246,150,19810,1,18:12
2024-25,203994,Jusuf Nurkić,Jusuf,1610612756,PHX,Phoenix Suns,0022400209,2024-11-10T00:00:00,PHX vs. SAC,L,15.183333333333334,0.0,9.5,0.0,0.0,7.1,0.0,0.0,0.0,0.0,0.0,16.6,16.6,0.0,2.4,2.4,0.0,0.0,0.0,2.4,0.0,-14.2,24.7,0,0,21.3,1,13222,1,13222,19447,22635,17977,22635,15070,8229,15070,13505,14344,13505,14058,369,1237,19908,8766,4791,8263,8846,20257,11461,23200,19592,18518,2246,150,20080,1,15:11
2024-25,1629029,Luka Dončić,Luka,1610612742,DAL,Dallas Mavericks,0022400208,2024-11-10T00:00:00,DAL @ DEN,L,40.85,7.9,16.7,0.474,1.8,7.1,0.25,3.5,5.3,0.667,0.9,7.1,7.9,7.9,4.4,0.9,0.9,0.0,1.8,4.4,21.2,4.4,43.4,0,0,42.3,1,13222,1,13222,395,6787,6128,12072,11217,8359,11902,6657,5484,9425,13951,6278,8404,2967,3134,12730,8138,8846,16334,5331,6962,10424,5910,2246,150,5498,1,40:51
2024-25,1629629,Cam Reddish,Cam,1610612747,LAL,Los Angeles Lakers,0022400211,2024-11-10T00:00:00,LAL vs. TOR,W,28.668333333333333,6.3,8.8,0.714,1.3,3.8,0.333,0.0,0.0,0.0,1.3,1.3,2.5,1.3,0.0,1.3,0.0,0.0,2.5,0.0,13.8,8.8,22.5,0,0,21.3,1,1,13086,1,8957,10774,19042,2752,13065,16067,9209,13505,14344,13505,11455,21384,20789,18823,16469,9758,8263,8846,12759,17725,14139,8282,19889,2246,150,20077,1,28:40
2024-25,1631107,Nikola Jović,Nikola,1610612748,MIA,Miami Heat,0022400206,2024-11-10T00:00:00,MIA @ MIN,W,23.051666666666666,9.4,17.2,0.545,3.1,6.2,0.5,1.6,1.6,1.0,0.0,10.9,10.9,1.6,1.6,1.6,0.0,0.0,4.7,1.6,23.4,15.6,42.0,0,0,42.2,1,1,13086,1,13679,4089,5600,7695,6158,10085,3944,11664,13430,1,14058,1941,4474,17765,12503,8148,8263,8846,5328,14752,5184,5381,6609,2246,150,5564,1,23:03
2024-25,1626164,Devin Booker,Devin,1610612756,PHX,Phoenix Suns,0022400209,2024-11-10T00:00:00,PHX vs. SAC,L,43.266666666666666,7.5,18.3,0.409,2.5,8.3,0.3,1.7,1.7,1.0,0.0,0.8,0.8,10.0,1.7,1.7,0.0,1.7,1.7,4.2,19.1,-7.5,38.4,1,0,35.8,1,13222,1,13222,131,7791,4363,14895,8156,5881,11319,11478,13327,1,14058,22130,23281,1449,12069,7745,8263,4237,16644,5927,8707,16729,8747,1,150,9532,1,43:16
2024-25,1642367,Jonathan Mogbo,Jonathan,1610612761,TOR,Toronto Raptors,0022400211,2024-11-10T00:00:00,TOR @ LAL,L,8.05,4.5,8.9,0.5,0.0,0.0,0.0,4.5,4.5,1.0,4.5,8.9,13.4,0.0,0.0,0.0,0.0,0.0,4.5,4.5,13.4,-26.8,29.5,0,0,26.8,1,13222,1,13222,22805,15857,18802,8526,15070,20945,15070,4878,6895,1,2957,3569,2537,19908,16469,12854,8263,8846,5837,5205,14604,23206,15137,2246,150,16289,1,8:03
2024-25,202685,Jonas Valančiūnas,Jonas,1610612764,WAS,Washington Wizards,0022400204,2024-11-10T00:00:00,WAS @ ORL,L,18.333333333333332,5.9,5.9,1.0,0.0,0.0,0.0,3.9,3.9,1.0,0.0,5.9,5.9,2.0,5.9,0.0,2.0,0.0,3.9,2.0,15.7,-15.7,25.7,0,0,27.5,1,13222,1,13222,17330,11827,22717,1,15070,20945,15070,5826,7992,1,14058,8561,12542,16499,1463,12854,3591,8846,7356,13252,12212,20160,17799,2246,150,15797,1,18:20
2024-25,1627824,Guerschon Yabusele,Guerschon,1610612755,PHI,Philadelphia 76ers,0022400205,2024-11-10T00:00:00,PHI vs. CHA,W,30.761666666666667,9.4,15.2,0.615,2.3,4.7,0.5,2.3,4.7,0.5,2.3,7.0,9.4,0.0,1.2,0.0,0.0,1.2,5.9,4.7,23.4,14.0,33.5,0,0,35.1,1,1,13086,1,7082,4099,8224,5246,8701,14012,3944,9489,6515,10625,7119,6327,6248,19908,14658,12854,8263,6478,3139,4758,5196,5989,12206,2246,150,10023,1,30:46
2024-25,203497,Rudy Gobert,Rudy,1610612750,MIN,Minnesota Timberwolves,0022400206,2024-11-10T00:00:00,MIN vs. MIA,L,32.5,2.2,4.4,0.5,0.0,0.0,0.0,3.3,3.3,1.0,6.6,7.8,14.4,1.1,2.2,1.1,2.2,2.2,1.1,5.5,7.8,-4.4,34.4,0,0,29.9,1,13222,1,13222,5553,21006,23839,8526,15070,20945,15070,7063,9253,1,1304,5073,2044,19329,9456,10958,2914,2611,19056,3280,20126,15288,11480,2246,150,14019,1,32:30
2024-25,1629639,Tyler Herro,Tyler,1610612748,MIA,Miami Heat,0022400206,2024-11-10T00:00:00,MIA @ MIN,W,33.88,9.6,15.9,0.6,4.3,8.5,0.5,4.3,5.3,0.8,0.0,6.4,6.4,3.2,8.5,0.0,0.0,0.0,5.3,3.2,27.6,-6.4,31.6,0,0,41.4,1,1,13086,1,4377,3789,7211,5394,3485,5585,3944,5259,5445,7681,14058,7550,11459,12367,504,12854,8263,8846,4002,8599,2922,16238,13636,2246,150,5952,1,33:53
2024-25,1641706,Brandon Miller,Brandon,1610612766,CHA,Charlotte Hornets,0022400205,2024-11-10T00:00:00,CHA @ PHI,L,40.61666666666667,6.2,14.2,0.438,2.7,9.7,0.273,4.4,4.4,1.0,0.9,5.3,6.2,1.8,2.7,1.8,0.9,0.0,2.7,2.7,19.5,2.7,34.9,0,0,35.5,1,13222,1,13222,430,10966,9867,13558,7655,3782,11838,4937,6972,1,13939,9986,11814,17161,7663,7362,8124,8846,12209,10444,8374,11293,11110,2246,150,9759,1,40:37
2024-25,1630215,Jared Butler,Jared,1610612764,WAS,Washington Wizards,0022400204,2024-11-10T00:00:00,WAS @ ORL,L,9.398333333333333,0.0,0.0,0.0,0.0,0.0,0.0,15.3,23.0,0.667,3.8,0.0,3.8,3.8,0.0,0.0,3.8,0.0,11.5,11.5,15.3,-7.7,37.2,0,0,30.6,1,13222,1,13222,22319,22635,24836,22635,15070,20945,15070,162,100,9425,3836,22137,17745,10420,16469,12854,1017,8846,470,236,12596,16812,9576,2246,150,13446,1,9:24
2024-25,1628368,De'Aaron Fox,De'Aaron,1610612758,SAC,Sacramento Kings,0022400209,2024-11-10T00:00:00,SAC @ PHX,W,40.71666666666667,8.8,20.3,0.435,0.0,5.3,0.0,0.9,0.9,1.0,0.9,8.8,9.7,7.1,0.0,0.0,0.0,0.9,0.0,2.7,18.6,8.0,40.8,1,0,35.4,1,1,13086,1,413,4985,2740,13702,15070,12455,15070,13465,14329,1,13944,3675,5766,3923,16469,12854,8263,8713,20257,10468,9256,8651,7254,1,150,9825,1,40:43
2024-25,1642261,Dalton Knecht,Dalton,1610612747,LAL,Los Angeles Lakers,0022400211,2024-11-10T00:00:00,LAL vs. TOR,W,14.798333333333334,4.9,9.7,0.5,2.4,4.9,0.5,0.0,0.0,0.0,0.0,2.4,2.4,4.9,0.0,0.0,0.0,0.0,0.0,0.0,12.2,34.1,22.4,0,0,21.9,1,1,13086,1,19713,14758,17509,8526,8360,13515,3944,13505,14344,13505,14058,18379,20925,7763,16469,12854,8263,8846,20257,17725,15966,1496,19936,2246,150,19730,1,14:48
2024-25,1626168,Trey Lyles,Trey,1610612758,SAC,Sacramento Kings,0022400209,2024-11-10T00:00:00,SAC @ PHX,W,17.433333333333334,4.1,12.4,0.333,2.1,8.3,0.25,6.2,8.3,0.75,2.1,10.3,12.4,0.0,2.1,0.0,2.1,0.0,2.1,4.1,16.5,-2.1,35.5,0,0,35.1,1,1,13086,1,17972,16772,12908,17395,9841,5984,11902,2678,2343,8186,8099,2334,3201,19908,10183,12854,3304,8846,14781,5982,11374,14081,10715,2246,150,10025,1,17:26
2024-25,1642270,Donovan Clingan,Donovan,1610612757,POR,Portland Trail Blazers,0022400210,2024-11-10T00:00:00,POR vs. MEM,L,16.933333333333334,10.6,14.9,0.714,0.0,2.1,0.0,6.4,6.4,1.0,2.1,4.3,6.4,0.0,4.3,2.1,2.1,2.1,6.4,4.3,27.6,-29.8,43.8,0,0,42.5,1,13222,1,13222,18290,2581,8778,2752,15070,19317,15070,2520,4030,1,7865,12964,11448,19908,3411,5675,3133,2846,2518,5718,2915,23699,5767,2246,150,5394,1,16:56
2024-25,203952,Andrew Wiggins,Andrew,1610612744,GSW,Golden State Warriors,0022400207,2024-11-10T00:00:00,GSW @ OKC,W,35.18333333333333,6.1,14.3,0.429,2.0,4.1,0.5,4.1,6.1,0.667,5.1,3.1,8.2,5.1,0.0,3.1,1.0,1.0,3.1,3.1,18.4,21.5,48.2,0,0,42.0,1,1,13086,1,3324,11121,9651,13735,9931,15368,3944,5538,4300,9425,2271,16492,7956,7211,16469,2999,7322,7721,10391,8999,9398,3580,3916,2246,150,5677,1,35:11
2024-25,1630183,Jaden McDaniels,Jaden,1610612750,MIN,Minnesota Timberwolves,0022400206,2024-11-10T00:00:00,MIN vs. MIA,L,32.95,4.4,9.8,0.444,0.0,3.3,0.0,1.1,2.2,0.5,3.3,3.3,6.6,1.1,0.0,1.1,1.1,1.1,3.3,2.2,9.8,5.5,25.9,0,0,21.9,1,13222,1,13222,5189,16149,17351,13045,15070,17115,15070,12924,12134,10625,4791,15860,11048,19370,16469,11083,6841,7110,9533,12222,18332,9861,17687,2246,150,19755,1,32:57
2024-25,1628989,Kevin Huerter,Kevin,1610612758,SAC,Sacramento Kings,0022400209,2024-11-10T00:00:00,SAC @ PHX,W,34.711666666666666,6.2,12.4,0.5,5.2,9.3,0.556,0.0,0.0,0.0,1.0,6.2,7.3,4.1,2.1,3.1,1.0,0.0,6.2,0.0,17.6,-1.0,42.9,0,0,42.5,1,1,13086,1,3683,10914,12821,8526,2067,4330,3747,13505,14344,13505,12969,7850,9644,9530,10138,2914,7219,8846,2683,17725,10189,13561,6157,2246,150,5393,1,34:43
2024-25,1641711,Gradey Dick,Gradey,1610612761,TOR,Toronto Raptors,0022400211,2024-11-10T00:00:00,TOR @ LAL,L,32.8,5.5,11.0,0.5,2.2,3.3,0.667,2.2,2.2,1.0,0.0,1.1,1.1,3.3,1.1,0.0,0.0,0.0,2.2,2.2,15.4,-13.2,20.5,0,0,22.0,1,13222,1,13222,5326,13017,15398,8526,9256,17084,1957,9965,12104,1,14058,21755,23084,12005,15142,12854,8263,8846,14120,12177,12553,19185,20930,2246,150,19701,1,32:48
2024-25,1628404,Josh Hart,Josh,1610612752,NYK,New York Knicks,0022400203,2024-11-10T00:00:00,NYK @ IND,L,42.67666666666667,5.9,10.1,0.583,0.0,2.5,0.0,1.7,2.5,0.667,1.7,6.7,8.4,5.1,0.8,0.8,0.8,0.0,0.8,2.5,13.5,-13.5,35.4,1,0,30.4,1,13222,1,13222,183,11793,16875,6296,15070,18575,15070,11442,11131,9425,9622,6798,7572,7333,16431,12800,8200,8846,20221,10872,14513,19303,10785,1,150,13658,1,42:41
2024-25,203078,Bradley Beal,Bradley,1610612756,PHX,Phoenix Suns,0022400209,2024-11-10T00:00:00,PHX vs. SAC,L,38.13333333333333,8.5,17.0,0.5,2.8,9.4,0.3,6.6,8.5,0.778,1.9,5.7,7.6,1.9,0.9,0.9,0.9,0.0,1.9,5.7,26.4,-9.4,43.0,0,0,42.5,1,13222,1,13222,1305,5616,5819,8526,7112,4200,11319,2312,2192,8092,8872,9131,9062,16793,16173,12412,7870,8846,15754,3085,3463,17641,6117,2246,150,5418,1,38:08
2024-25,201144,Mike Conley,Mike,1610612750,MIN,Minnesota Timberwolves,0022400206,2024-11-10T00:00:00,MIN vs. MIA,L,24.05,3.0,13.5,0.222,0.0,7.5,0.0,0.0,0.0,0.0,1.5,6.0,7.5,4.5,6.0,4.5,0.0,1.5,3.0,4.5,6.0,-24.0,29.2,0,0,26.9,1,13222,1,13222,12844,19447,11047,21205,15070,7436,15070,13505,14344,13505,10335,8358,9198,8675,1392,1231,8263,4788,10765,5164,21403,22560,15364,2246,150,16188,1,24:03
2024-25,1628379,Luke Kennard,Luke,1610612763,MEM,Memphis Grizzlies,0022400210,2024-11-10T00:00:00,MEM @ POR,W,20.258333333333333,1.8,8.9,0.2,1.8,8.9,0.2,0.0,0.0,0.0,0.0,5.3,5.3,19.5,1.8,3.6,1.8,0.0,1.8,0.0,5.3,40.9,55.3,0,0,42.6,1,1,13086,1,15817,21789,18891,21401,11159,4985,13429,13505,14344,13505,14058,9951,13966,96,11642,2164,4111,8846,16280,17725,21836,921,1941,2246,150,5334,1,20:16
2024-25,1630202,Payton Pritchard,Payton,1610612738,BOS,Boston Celtics,0022400202,2024-11-10T00:00:00,BOS @ MIL,W,22.833333333333332,9.5,15.8,0.6,7.9,12.6,0.625,1.6,1.6,1.0,1.6,0.0,1.6,4.7,4.7,0.0,0.0,1.6,1.6,0.0,28.4,-12.6,32.6,0,0,42.6,1,1,13086,1,13849,3939,7448,5394,490,1467,2868,11635,13415,1,10014,22137,22474,8104,2677,12854,8263,4501,16937,17725,2642,18985,12856,2246,150,5364,1,22:50
2024-25,1631218,Trayce Jackson-Davis,Trayce,1610612744,GSW,Golden State Warriors,0022400207,2024-11-10T00:00:00,GSW @ OKC,W,4.716666666666667,7.6,15.3,0.5,0.0,0.0,0.0,0.0,0.0,0.0,0.0,15.3,15.3,0.0,0.0,0.0,0.0,7.6,0.0,0.0,15.3,-45.8,33.6,0,0,30.5,1,1,13086,1,24137,7428,8153,8526,15070,20945,15070,13505,14344,13505,14058,524,1660,19908,16469,12854,8263,118,20257,17725,12639,25222,12123,2246,150,13526,1,4:43
2024-25,1629008,Michael Porter Jr.,Michael,1610612743,DEN,Denver Nuggets,0022400208,2024-11-10T00:00:00,DEN vs. DAL,W,35.925,6.0,11.0,0.545,2.0,6.0,0.333,3.0,4.0,0.75,0.0,7.0,7.0,4.0,0.0,1.0,2.0,0.0,2.0,3.0,17.0,2.0,40.5,0,0,36.1,1,1,13086,1,2738,11467,15319,7695,10144,10663,9209,7784,7829,8186,14058,6333,10122,9913,16469,11939,3482,8846,15125,9217,10815,11622,7473,2246,150,9316,1,35:56
2024-25,1629637,Jaxson Hayes,Jaxson,1610612747,LAL,Los Angeles Lakers,0022400211,2024-11-10T00:00:00,LAL vs. TOR,W,21.366666666666667,6.7,10.1,0.667,0.0,0.0,0.0,6.7,10.1,0.667,5.1,5.1,10.1,1.7,0.0,0.0,1.7,0.0,6.7,10.1,20.2,35.4,39.9,0,0,35.4,1,1,13086,1,15018,9597,16885,3281,15070,20945,15070,2208,1325,9425,2319,10718,5315,17412,16469,12854,4331,8846,2183,392,7722,1356,7809,2246,150,9810,1,21:22
2024-25,1628371,Jonathan Isaac,Jonathan,1610612753,ORL,Orlando Magic,0022400204,2024-11-10T00:00:00,ORL vs. WAS,W,18.916666666666668,3.8,13.3,0.286,1.9,7.6,0.25,0.0,0.0,0.0,3.8,1.9,5.7,0.0,0.0,1.9,0.0,0.0,1.9,0.0,9.5,9.5,22.1,0,0,20.9,1,1,13086,1,16893,17545,11262,19630,10619,7149,11902,13505,14344,13505,3874,19964,12986,19908,16469,6746,8263,8846,15655,17725,18621,7936,20098,2246,150,20325,1,18:55
2024-25,201143,Al Horford,Al,1610612738,BOS,Boston Celtics,0022400202,2024-11-10T00:00:00,BOS @ MIL,W,31.683333333333334,3.4,8.0,0.429,2.3,6.8,0.333,1.1,1.1,1.0,0.0,8.0,8.0,4.5,2.3,0.0,1.1,0.0,1.1,1.1,10.2,9.1,27.7,0,0,27.3,1,1,13086,1,6246,18524,20340,13735,8968,8865,9209,12798,13984,1,14058,4772,8358,8547,9202,12854,6567,8846,18886,16736,17921,8133,16410,2246,150,15975,1,31:41
2024-25,1631133,Jabari Walker,Jabari,1610612757,POR,Portland Trail Blazers,0022400210,2024-11-10T00:00:00,POR vs. MEM,L,7.0,5.1,15.4,0.333,0.0,5.1,0.0,0.0,0.0,0.0,0.0,15.4,15.4,0.0,0.0,5.1,0.0,10.3,5.1,5.1,10.3,-30.9,44.2,0,0,36.0,1,13222,1,13222,23170,13969,7915,17395,15070,12839,15070,13505,14344,13505,14058,496,1594,19908,16469,813,8263,62,4291,3859,17866,23862,5558,2246,150,9360,1,7:00
2024-25,1629638,Nickeil Alexander-Walker,Nickeil,1610612750,MIN,Minnesota Timberwolves,0022400206,2024-11-10T00:00:00,MIN vs. MIA,L,25.72,7.0,8.4,0.833,2.8,4.2,0.667,0.0,0.0,0.0,1.4,2.8,4.2,1.4,0.0,1.4,1.4,0.0,2.8,4.2,16.8,-4.2,32.3,0,0,30.8,1,13222,1,13222,11382,8936,19646,1514,7218,15128,1957,13505,14344,13505,10757,17401,16815,18347,16469,8907,5237,8846,11651,5847,11074,15177,13061,2246,150,13331,1,25:43
2024-25,1630166,Deni Avdija,Deni,1610612757,POR,Portland Trail Blazers,0022400210,2024-11-10T00:00:00,POR vs. MEM,L,13.433333333333334,0.0,13.4,0.0,0.0,8.0,0.0,0.0,0.0,0.0,2.7,2.7,5.4,10.7,5.4,0.0,2.7,2.7,2.7,0.0,0.0,-37.5,25.2,0,0,21.4,1,13222,1,13222,20517,22635,11151,22635,15070,6386,15070,13505,14344,13505,6149,17747,13893,1101,1943,12854,2105,1773,12119,17725,23200,24656,18148,2246,150,20009,1,13:26
2024-25,202699,Tobias Harris,Tobias,1610612765,DET,Detroit Pistons,0022400201,2024-11-10T00:00:00,DET vs. HOU,L,34.7,3.1,5.2,0.6,1.0,2.1,0.5,2.1,5.2,0.4,2.1,6.2,8.3,1.0,2.1,3.1,2.1,0.0,1.0,4.1,9.3,3.1,34.3,0,0,30.1,1,13222,1,13222,3691,19169,23331,5394,14324,19412,3944,10377,5631,13061,8055,7845,7771,19568,10129,2913,3270,8846,19486,5947,18784,11055,11562,2246,150,13882,1,34:42
2024-25,1626179,Terry Rozier,Terry,1610612748,MIA,Miami Heat,0022400206,2024-11-10T00:00:00,MIA @ MIN,W,31.763333333333332,4.5,9.1,0.5,0.0,2.3,0.0,3.4,3.4,1.0,0.0,4.5,4.5,1.1,3.4,3.4,1.1,1.1,3.4,5.7,12.5,-5.7,29.8,0,0,27.2,1,1,13086,1,6193,15669,18621,8526,15070,19051,15070,6897,9090,1,14058,12168,15963,19249,5232,2383,6582,6762,9082,3082,15633,15908,14936,2246,150,16021,1,31:46
2024-25,1628960,Grayson Allen,Grayson,1610612756,PHX,Phoenix Suns,0022400209,2024-11-10T00:00:00,PHX vs. SAC,L,26.683333333333334,4.0,17.5,0.231,4.0,14.8,0.273,0.0,0.0,0.0,0.0,1.3,1.3,4.0,2.7,0.0,0.0,0.0,1.3,1.3,12.1,-1.3,17.1,0,0,21.6,1,13222,1,13222,10574,16981,5216,21157,3896,732,11838,13505,14344,13505,14058,21188,22760,9808,7541,12854,8263,8846,17826,15683,15990,13732,22434,2246,150,19908,1,26:41
2024-25,1630557,Corey Kispert,Corey,1610612764,WAS,Washington Wizards,0022400204,2024-11-10T00:00:00,WAS @ ORL,L,24.533333333333335,1.5,10.3,0.143,0.0,4.4,0.0,0.0,0.0,0.0,0.0,5.9,5.9,2.9,2.9,0.0,0.0,1.5,1.5,1.5,2.9,-27.9,11.4,0,0,11.7,1,13222,1,13222,12449,22210,16611,22260,15070,14676,15070,13505,14344,13505,14058,8621,12594,13144,6702,12854,8263,4896,17359,15142,22972,23414,24141,2246,150,24052,1,24:32
2024-25,1642347,Jamal Shead,Jamal,1610612761,TOR,Toronto Raptors,0022400211,2024-11-10T00:00:00,TOR @ LAL,L,9.15,3.9,15.7,0.25,0.0,7.9,0.0,0.0,0.0,0.0,0.0,0.0,0.0,3.9,11.8,0.0,0.0,0.0,3.9,0.0,7.9,11.8,2.0,0,0,11.8,1,13222,1,13222,22401,17240,7491,20233,15070,6674,15070,13505,14344,13505,14058,22137,23286,10118,215,12854,8263,8846,7330,17725,20026,6882,25161,2246,150,24034,1,9:09
2024-25,1642402,Enrique Freeman,Enrique,1610612754,IND,Indiana Pacers,0022400203,2024-11-10T00:00:00,IND vs. NYK,W,8.9,0.0,4.0,0.0,0.0,0.0,0.0,0.0,0.0,0.0,0.0,4.0,4.0,8.1,0.0,0.0,0.0,0.0,8.1,0.0,0.0,-12.1,17.0,0,0,12.1,1,1,13086,1,22489,22635,24079,22635,15070,20945,15070,13505,14344,13505,14058,13581,17200,2792,16469,12854,8263,8846,1323,17725,23200,18787,22495,2246,150,23945,1,8:54
2024-25,1631116,Patrick Baldwin Jr.,Patrick,1610612764,WAS,Washington Wizards,0022400204,2024-11-10T00:00:00,WAS @ ORL,L,11.116666666666667,0.0,9.7,0.0,0.0,6.5,0.0,3.2,6.5,0.5,3.2,6.5,9.7,0.0,3.2,3.2,0.0,3.2,3.2,6.5,3.2,-9.7,21.4,0,0,19.4,1,13222,1,13222,21654,22635,17551,22635,15070,9597,15070,7235,3907,10625,4864,7357,5779,19908,5704,2666,8263,1117,9703,2109,22874,17765,20488,2246,150,21191,1,11:07
2024-25,1626157,Karl-Anthony Towns,Karl-Anthony,1610612752,NYK,New York Knicks,0022400203,2024-11-10T00:00:00,NYK @ IND,L,38.86666666666667,10.2,17.6,0.579,1.9,4.6,0.4,5.6,7.4,0.75,0.9,7.4,8.3,0.0,1.9,0.0,0.9,0.0,3.7,5.6,27.8,-12.0,38.7,0,0,39.8,1,13222,1,13222,929,3024,5136,6486,10866,14133,7874,3357,2990,8186,13796,5667,7712,19908,11307,12854,7977,8846,8064,3255,2868,18755,8584,2246,150,6879,1,38:52
2024-25,202331,Paul George,Paul,1610612755,PHI,Philadelphia 76ers,0022400205,2024-11-10T00:00:00,PHI vs. CHA,W,33.233333333333334,6.5,19.5,0.333,1.1,9.7,0.111,2.2,2.2,1.0,0.0,3.2,3.2,9.7,4.3,2.2,0.0,0.0,1.1,2.2,16.2,-2.2,36.9,0,0,34.7,1,1,13086,1,4963,10184,3343,17395,14052,3784,15003,10060,12189,1,14058,15935,19105,1566,3248,5520,8263,8846,19193,12305,11656,14135,9738,2246,150,10326,1,33:14
2024-25,1631157,Ryan Rollins,Ryan,1610612749,MIL,Milwaukee Bucks,0022400202,2024-11-10T00:00:00,MIL vs. BOS,L,12.216666666666667,0.0,2.9,0.0,0.0,0.0,0.0,0.0,0.0,0.0,2.9,0.0,2.9,0.0,2.9,0.0,8.8,0.0,0.0,2.9,0.0,23.6,27.1,0,0,20.6,1,13222,1,13222,21145,22635,24506,22635,15070,20945,15070,13505,14344,13505,5458,22137,19861,19908,6645,12854,102,8846,20257,9430,23200,3133,16868,2246,150,20501,1,12:13
2024-25,1642276,Kel'el Ware,Kel'el,1610612748,MIA,Miami Heat,0022400206,2024-11-10T00:00:00,MIA @ MIN,W,9.036666666666667,8.0,12.0,0.667,0.0,0.0,0.0,0.0,0.0,0.0,0.0,0.0,0.0,0.0,4.0,0.0,12.0,0.0,0.0,4.0,15.9,-55.8,47.8,0,0,39.8,1,1,13086,1,22438,6702,13682,3281,15070,20945,15070,13505,14344,13505,14058,22137,23286,19908,3911,12854,42,8846,20257,6349,11991,25585,4045,2246,150,6875,1,9:02
2024-25,1627751,Jakob Poeltl,Jakob,1610612761,TOR,Toronto Raptors,0022400211,2024-11-10T00:00:00,TOR @ LAL,L,31.133333333333333,8.1,13.9,0.583,0.0,0.0,0.0,0.0,0.0,0.0,4.6,6.9,11.6,4.6,1.2,1.2,0.0,1.2,4.6,0.0,16.2,-4.6,39.3,1,0,34.7,1,13222,1,13222,6760,6430,10385,6296,15070,20945,15070,13505,14344,13505,2769,6470,3884,8362,14751,10533,8263,6583,5475,17725,11737,15382,8189,1,150,10302,1,31:08
2024-25,203926,Doug McDermott,Doug,1610612758,SAC,Sacramento Kings,0022400209,2024-11-10T00:00:00,SAC @ PHX,W,10.628333333333334,3.4,16.9,0.2,3.4,16.9,0.2,0.0,0.0,0.0,0.0,0.0,0.0,0.0,0.0,3.4,0.0,0.0,0.0,0.0,10.2,0.0,20.3,0,0,20.3,1,1,13086,1,21867,18566,5875,21401,5419,425,13429,13505,14344,13505,14058,22137,23286,19908,16469,2407,8263,8846,20257,17725,17991,12240,21015,2246,150,20676,1,10:38
2024-25,1628981,Bruno Fernando,Bruno,1610612761,TOR,Toronto Raptors,0022400211,2024-11-10T00:00:00,TOR @ LAL,L,10.483333333333333,6.9,6.9,1.0,0.0,0.0,0.0,0.0,0.0,0.0,0.0,0.0,0.0,0.0,0.0,0.0,3.4,0.0,6.9,0.0,13.7,-34.3,24.0,0,0,20.6,1,13222,1,13222,21925,9253,21715,1,15070,20945,15070,13505,14344,13505,14058,22137,23286,19908,16469,12854,1277,8846,2088,17725,14241,24340,18923,2246,150,20516,1,10:29
2024-25,1628963,Marvin Bagley III,Marvin,1610612764,WAS,Washington Wizards,0022400204,2024-11-10T00:00:00,WAS @ ORL,L,8.75,4.1,8.2,0.5,0.0,0.0,0.0,0.0,0.0,0.0,0.0,4.1,4.1,0.0,4.1,0.0,0.0,0.0,0.0,0.0,8.2,-16.5,9.1,0,0,12.3,1,13222,1,13222,22544,16810,19900,8526,15070,20945,15070,13505,14344,13505,14058,13373,17033,19908,3639,12854,8263,8846,20257,17725,19726,20430,24563,2246,150,23908,1,8:45
2024-25,1627936,Alex Caruso,Alex,1610612760,OKC,Oklahoma City Thunder,0022400207,2024-11-10T00:00:00,OKC vs. GSW,L,22.238333333333333,1.6,8.1,0.2,0.0,4.9,0.0,1.6,3.2,0.5,3.2,1.6,4.9,6.5,0.0,1.6,0.0,0.0,3.2,1.6,4.9,-27.5,25.3,0,0,19.4,1,13222,1,13222,14325,22004,20099,21401,15070,13548,15070,11565,9443,10625,4867,20635,15170,4753,16469,7920,8263,8846,9709,14566,22088,23346,18108,2246,150,21193,1,22:14
2024-25,1629057,Robert Williams III,Robert,1610612757,POR,Portland Trail Blazers,0022400210,2024-11-10T00:00:00,POR vs. MEM,L,11.383333333333333,6.3,12.7,0.5,0.0,3.2,0.0,0.0,0.0,0.0,0.0,15.8,15.8,0.0,6.3,0.0,3.2,0.0,0.0,0.0,12.7,-22.1,34.8,0,0,34.8,1,13222,1,13222,21541,10636,12482,8526,15070,17337,15070,13505,14344,13505,14058,456,1482,19908,1210,12854,1513,8846,20257,17725,15444,22109,11212,2246,150,10237,1,11:23
2024-25,1627736,Malik Beasley,Malik,1610612765,DET,Detroit Pistons,0022400201,2024-11-10T00:00:00,DET vs. HOU,L,27.475,6.6,15.7,0.417,5.2,11.8,0.444,1.3,2.6,0.5,1.3,1.3,2.6,3.9,3.9,1.3,0.0,1.3,2.6,2.6,19.7,10.5,28.7,0,0,34.1,1,13222,1,13222,9969,10055,7509,14532,2011,1904,7211,12276,10929,10625,11151,21266,20602,10137,4017,9407,8263,5602,12355,10580,8200,7474,15720,2246,150,10797,1,27:29
2024-25,1642278,Tyler Kolek,Tyler,1610612752,NYK,New York Knicks,0022400203,2024-11-10T00:00:00,NYK @ IND,L,1.7716666666666667,0.0,0.0,0.0,0.0,0.0,0.0,0.0,0.0,0.0,0.0,0.0,0.0,0.0,0.0,0.0,0.0,0.0,0.0,0.0,0.0,-40.6,0.0,0,0,0.0,1,13222,1,13222,25636,22635,24836,22635,15070,20945,15070,13505,14344,13505,14058,22137,23286,19908,16469,12854,8263,8846,20257,17725,23200,24893,25228,2246,150,25259,1,1:46
2024-25,1642263,Reed Sheppard,Reed,1610612745,HOU,Houston Rockets,0022400201,2024-11-10T00:00:00,HOU @ DET,W,11.35,3.2,9.5,0.333,3.2,9.5,0.333,0.0,0.0,0.0,9.5,0.0,9.5,6.3,3.2,3.2,0.0,0.0,3.2,0.0,9.5,-19.0,36.8,0,0,34.9,1,1,13086,1,21559,19053,17913,17395,6028,4079,9209,13505,14344,13505,469,22137,6035,4946,5900,2795,8263,8846,9992,17725,18618,21250,9843,2246,150,10168,1,11:21
2024-25,1626167,Myles Turner,Myles,1610612754,IND,Indiana Pacers,0022400203,2024-11-10T00:00:00,IND vs. NYK,W,39.1,7.4,13.8,0.533,4.6,7.4,0.625,4.6,5.5,0.833,0.0,5.5,5.5,0.9,1.8,0.9,1.8,0.0,3.7,3.7,23.9,12.9,38.4,0,0,40.5,1,1,13086,1,842,8089,10472,8140,2882,7691,2868,4677,5151,7275,14058,9463,13475,19843,11360,12560,3953,8846,8155,7178,4844,6441,8774,2246,150,6493,1,39:06
2024-25,1630214,Xavier Tillman,Xavier,1610612738,BOS,Boston Celtics,0022400202,2024-11-10T00:00:00,BOS @ MIL,W,0.23666666666666666,0.0,0.0,0.0,0.0,0.0,0.0,0.0,0.0,0.0,0.0,0.0,0.0,0.0,0.0,0.0,0.0,0.0,0.0,0.0,0.0,-304.2,0.0,0,0,0.0,1,1,13086,1,26258,22635,24836,22635,15070,20945,15070,13505,14344,13505,14058,22137,23286,19908,16469,12854,8263,8846,20257,17725,23200,26293,25228,2246,150,25259,1,0:14
2024-25,1641731,Bilal Coulibaly,Bilal,1610612764,WAS,Washington Wizards,0022400204,2024-11-10T00:00:00,WAS @ ORL,L,36.88333333333333,8.8,10.7,0.818,1.0,2.9,0.333,1.0,1.0,1.0,2.9,2.9,5.9,5.9,2.9,1.0,2.9,0.0,2.9,1.0,19.5,-23.4,44.1,0,0,40.0,1,13222,1,13222,2069,5112,15823,1653,14674,17806,9209,13307,14252,1,5517,16981,12616,5748,6730,12158,1777,8846,11046,17468,8350,22447,5612,2246,150,6770,1,36:53
2024-25,1630182,Josh Green,Josh,1610612766,CHA,Charlotte Hornets,0022400205,2024-11-10T00:00:00,CHA @ PHI,L,26.616666666666667,0.0,4.1,0.0,0.0,2.7,0.0,2.7,2.7,1.0,0.0,2.7,2.7,2.7,0.0,1.4,0.0,0.0,0.0,2.7,2.7,-13.5,14.1,0,0,10.8,1,13222,1,13222,10633,22635,24070,22635,15070,18255,15070,8573,10735,1,14058,17686,20440,13894,16469,9175,8263,8846,20257,10304,23025,19316,23487,2246,150,24263,1,26:37
2024-25,1641721,Maxwell Lewis,Maxwell,1610612747,LAL,Los Angeles Lakers,0022400211,2024-11-10T00:00:00,LAL vs. TOR,W,1.6666666666666667,0.0,0.0,0.0,0.0,0.0,0.0,0.0,0.0,0.0,0.0,0.0,0.0,0.0,0.0,0.0,0.0,0.0,0.0,0.0,0.0,0.0,0.0,0,0,0.0,1,1,13086,1,25675,22635,24836,22635,15070,20945,15070,13505,14344,13505,14058,22137,23286,19908,16469,12854,8263,8846,20257,17725,23200,12240,25228,2246,150,25259,1,1:40
2024-25,1628978,Donte DiVincenzo,Donte,1610612750,MIN,Minnesota Timberwolves,0022400206,2024-11-10T00:00:00,MIN vs. MIA,L,29.266666666666666,3.7,11.1,0.333,2.5,8.6,0.286,0.0,0.0,0.0,1.2,6.2,7.4,2.5,2.5,4.9,1.2,1.2,3.7,2.5,9.8,3.7,38.4,0,0,34.4,1,13222,1,13222,8428,17864,15252,17395,8279,5403,11433,13505,14344,13505,11605,8001,9409,14679,8406,942,5995,6053,8121,11125,18320,10815,8787,2246,150,10495,1,29:16
2024-25,1642267,Bub Carrington,Bub,1610612764,WAS,Washington Wizards,0022400204,2024-11-10T00:00:00,WAS @ ORL,L,31.2,2.3,5.8,0.4,0.0,1.2,0.0,0.0,0.0,0.0,0.0,2.3,2.3,3.5,1.2,0.0,0.0,1.2,2.3,2.3,4.6,-25.4,11.4,0,0,10.4,1,13222,1,13222,6701,20840,22847,14933,15070,20678,15070,13505,14344,13505,14058,18740,21187,11514,14769,12854,8263,6601,13612,11712,22226,22883,24145,2246,150,24355,1,31:12
2024-25,1627734,Domantas Sabonis,Domantas,1610612758,SAC,Sacramento Kings,0022400209,2024-11-10T00:00:00,SAC @ PHX,W,38.81666666666667,8.3,13.0,0.643,0.0,2.8,0.0,1.9,2.8,0.667,3.7,7.4,11.1,4.6,5.6,0.0,0.0,0.9,5.6,2.8,18.5,10.2,33.3,1,0,34.3,1,1,13086,1,955,5889,11882,4607,15070,18100,15070,11105,10527,9425,4021,5651,4295,8332,1758,12854,8263,8514,3605,10028,9269,7600,12354,1,150,10595,1,38:49
2024-25,1629014,Anfernee Simons,Anfernee,1610612757,POR,Portland Trail Blazers,0022400210,2024-11-10T00:00:00,POR vs. MEM,L,19.335,3.7,16.8,0.222,0.0,7.4,0.0,0.0,0.0,0.0,0.0,1.9,1.9,1.9,7.4,0.0,0.0,1.9,3.7,0.0,7.4,-44.7,5.0,0,0,11.2,1,13222,1,13222,16551,17772,6104,21205,15070,7511,15070,13505,14344,13505,14058,20076,22064,16891,730,12854,8263,3704,7990,17725,20371,25164,25006,2246,150,24181,1,19:20
2024-25,1642419,Jamison Battle,Jamison,1610612761,TOR,Toronto Raptors,0022400211,2024-11-10T00:00:00,TOR @ LAL,L,12.883333333333333,0.0,2.8,0.0,0.0,2.8,0.0,0.0,0.0,0.0,5.6,2.8,8.4,2.8,5.6,0.0,0.0,0.0,0.0,0.0,0.0,-2.8,8.7,0,0,11.2,1,13222,1,13222,20803,22635,24558,22635,15070,18067,15070,13505,14344,13505,1889,17412,7647,13600,1735,12854,8263,8846,20257,17725,23200,14448,24619,2246,150,24179,1,12:53
2024-25,1628997,Caleb Martin,Caleb,1610612755,PHI,Philadelphia 76ers,0022400205,2024-11-10T00:00:00,PHI vs. CHA,W,41.083333333333336,0.9,4.4,0.2,0.9,1.8,0.5,1.8,1.8,1.0,0.9,3.5,4.4,2.6,1.8,3.5,0.0,0.9,1.8,0.9,4.4,0.9,22.3,0,0,19.3,1,1,13086,1,358,22632,23869,21401,15002,19982,3944,11325,13244,1,13962,15227,16333,14125,11723,2234,8263,8720,16363,17688,22358,12220,19953,2246,150,21259,1,41:05
2024-25,1626196,Josh Richardson,Josh,1610612748,MIA,Miami Heat,0022400206,2024-11-10T00:00:00,MIA @ MIN,W,19.8,0.0,1.8,0.0,0.0,0.0,0.0,3.6,3.6,1.0,3.6,3.6,7.3,0.0,1.8,0.0,0.0,0.0,5.5,5.5,3.6,0.0,10.5,0,0,10.9,1,1,13086,1,16175,22635,24791,22635,15070,20945,15070,6413,8612,1,4149,14828,9619,19908,11460,12854,8263,8846,3773,3408,22723,12240,24330,2246,150,24244,1,19:48
2024-25,1631216,Caleb Houstan,Caleb,1610612753,ORL,Orlando Magic,0022400204,2024-11-10T00:00:00,ORL vs. WAS,W,3.7666666666666666,0.0,9.6,0.0,0.0,9.6,0.0,0.0,0.0,0.0,0.0,0.0,0.0,0.0,0.0,0.0,0.0,0.0,9.6,0.0,0.0,-38.2,0.0,0,0,0.0,1,1,13086,1,24582,22635,17834,22635,15070,4024,15070,13505,14344,13505,14058,22137,23286,19908,16469,12854,8263,8846,794,17725,23200,24720,25228,2246,150,25259,1,3:46
2024-25,1629723,John Konchar,John,1610612763,MEM,Memphis Grizzlies,0022400210,2024-11-10T00:00:00,MEM @ POR,W,23.316666666666666,3.1,7.7,0.4,0.0,4.6,0.0,0.0,0.0,0.0,1.5,7.7,9.3,1.5,1.5,0.0,1.5,0.0,1.5,1.5,6.2,21.6,22.7,0,0,20.1,1,1,13086,1,13450,19233,20629,14933,15070,14131,15070,13505,14344,13505,10141,5132,6364,17827,12565,12854,4719,8846,17071,14823,21258,3550,19750,2246,150,20823,1,23:19
2024-25,203486,Mason Plumlee,Mason,1610612756,PHX,Phoenix Suns,0022400209,2024-11-10T00:00:00,PHX vs. SAC,L,25.735,2.8,2.8,1.0,0.0,0.0,0.0,2.8,4.2,0.667,2.8,12.6,15.4,8.4,1.4,1.4,0.0,0.0,4.2,4.2,8.4,-9.8,42.2,0,0,35.0,1,13222,1,13222,11372,19884,24556,1,15070,20945,15070,8357,7417,9425,5871,1132,1612,2519,13293,8911,8263,8846,6566,5853,19597,17793,6505,2246,150,10114,1,25:44
2024-25,203083,Andre Drummond,Andre,1610612755,PHI,Philadelphia 76ers,0022400205,2024-11-10T00:00:00,PHI vs. CHA,W,23.845,7.5,12.1,0.625,0.0,0.0,0.0,4.5,6.0,0.75,4.5,10.6,15.1,0.0,3.0,0.0,0.0,1.5,6.0,4.5,19.6,-15.1,34.7,1,0,34.7,1,1,13086,1,13043,7643,13460,4899,15070,20945,15070,4780,4417,8186,2889,2182,1736,19908,6397,12854,8263,4739,2892,5071,8235,19943,11266,1,150,10277,1,23:51
2024-25,201572,Brook Lopez,Brook,1610612749,MIL,Milwaukee Bucks,0022400202,2024-11-10T00:00:00,MIL vs. BOS,L,28.663333333333334,2.5,7.5,0.333,2.5,6.3,0.4,0.0,0.0,0.0,0.0,1.3,1.3,3.8,0.0,0.0,3.8,0.0,3.8,0.0,7.5,-12.6,26.0,0,0,22.6,1,13222,1,13222,8969,20449,20879,17395,8106,10021,7874,13505,14344,13505,14058,21380,22871,10596,16469,12854,1051,8846,7846,17725,20286,18972,17618,2246,150,19279,1,28:40
2024-25,1629028,Deandre Ayton,Deandre,1610612757,POR,Portland Trail Blazers,0022400210,2024-11-10T00:00:00,POR vs. MEM,L,20.616666666666667,5.2,8.7,0.6,0.0,1.7,0.0,0.0,0.0,0.0,7.0,7.0,14.0,1.7,7.0,1.7,0.0,0.0,5.2,0.0,10.5,-38.4,28.1,0,0,29.7,1,13222,1,13222,15553,13702,19136,5394,15070,19993,15070,13505,14344,13505,1154,6385,2250,17243,896,7457,8263,8846,4129,17725,17681,24740,16127,2246,150,14173,1,20:37
2024-25,1630534,Ochai Agbaji,Ochai,1610612761,TOR,Toronto Raptors,0022400211,2024-11-10T00:00:00,TOR @ LAL,L,33.36666666666667,5.4,7.6,0.714,4.3,5.4,0.8,2.2,2.2,1.0,1.1,5.4,6.5,1.1,2.2,0.0,1.1,1.1,3.2,1.1,17.3,-11.9,27.7,0,0,31.3,1,13222,1,13222,4841,13288,20851,2752,3359,12225,1389,10089,12222,1,12646,9800,11231,19418,9691,12854,6919,7233,9710,17008,10561,18692,16408,2246,150,12943,1,33:22
2024-25,1630162,Anthony Edwards,Anthony,1610612750,MIN,Minnesota Timberwolves,0022400206,2024-11-10T00:00:00,MIN vs. MIA,L,37.266666666666666,7.7,23.2,0.333,3.9,13.5,0.286,1.9,2.9,0.667,1.0,3.9,4.8,5.8,5.8,1.9,0.0,1.9,2.9,1.9,21.3,1.9,35.7,0,0,39.6,1,13222,1,13222,1815,7200,1327,17395,4285,1084,11433,10858,10242,9425,13526,14140,15224,5864,1559,6609,8263,3445,11198,13397,6880,11659,10546,2246,150,7011,1,37:16
2024-25,203552,Seth Curry,Seth,1610612766,CHA,Charlotte Hornets,0022400205,2024-11-10T00:00:00,CHA @ PHI,L,14.735,4.9,17.1,0.286,2.4,9.8,0.25,0.0,0.0,0.0,0.0,2.4,2.4,0.0,0.0,2.4,0.0,0.0,2.4,2.4,12.2,0.0,22.5,0,0,22.0,1,13222,1,13222,19746,14710,5697,19630,8339,3759,11902,13505,14344,13505,14058,18353,20912,19908,16469,4555,8263,8846,13020,11189,15910,12240,19890,2246,150,19686,1,14:44
2024-25,1631098,Johnny Davis,Johnny,1610612764,WAS,Washington Wizards,0022400204,2024-11-10T00:00:00,WAS @ ORL,L,4.816666666666666,7.5,22.4,0.333,0.0,0.0,0.0,0.0,0.0,0.0,0.0,0.0,0.0,0.0,0.0,0.0,0.0,0.0,0.0,0.0,14.9,0.0,14.9,0,0,14.9,1,13222,1,13222,24081,7821,1623,17395,15070,20945,15070,13505,14344,13505,14058,22137,23286,19908,16469,12854,8263,8846,20257,17725,12955,12240,23198,2246,150,23076,1,4:49
2024-25,1630541,Moses Moody,Moses,1610612744,GSW,Golden State Warriors,0022400207,2024-11-10T00:00:00,GSW @ OKC,W,10.633333333333333,3.4,13.5,0.25,3.4,10.2,0.333,0.0,0.0,0.0,0.0,0.0,0.0,0.0,0.0,0.0,0.0,0.0,0.0,0.0,10.2,-23.7,10.2,0,0,13.5,1,1,13086,1,21861,18570,10930,20233,5422,3321,9209,13505,14344,13505,14058,22137,23286,19908,16469,12854,8263,8846,20257,17725,17999,22498,24384,2246,150,23547,1,10:38
2024-25,1631165,Keon Ellis,Keon,1610612758,SAC,Sacramento Kings,0022400209,2024-11-10T00:00:00,SAC @ PHX,W,28.07,2.6,3.8,0.667,1.3,2.6,0.5,1.3,1.3,1.0,0.0,1.3,1.3,0.0,2.6,1.3,1.3,0.0,1.3,3.8,7.7,7.7,14.4,0,0,15.4,1,1,13086,1,9487,20341,24164,3281,12926,18513,3944,12349,13756,1,14058,21319,22835,19908,8005,9566,5728,8846,18113,6720,20168,8773,23375,2246,150,22921,1,28:04
2024-25,1630544,Tre Mann,Tre,1610612766,CHA,Charlotte Hornets,0022400205,2024-11-10T00:00:00,CHA @ PHI,L,15.965,2.3,13.5,0.167,2.3,9.0,0.25,4.5,4.5,1.0,0.0,0.0,0.0,0.0,2.3,0.0,0.0,0.0,0.0,4.5,11.3,-18.0,9.0,0,0,13.5,1,13222,1,13222,18957,20939,10958,21938,9032,4789,11902,4817,6823,1,14058,22137,23286,19908,9283,12854,8263,8846,20257,5117,16919,20946,24564,2246,150,23549,1,15:58
2024-25,1626220,Royce O'Neale,Royce,1610612756,PHX,Phoenix Suns,0022400209,2024-11-10T00:00:00,PHX vs. SAC,L,28.366666666666667,3.8,17.8,0.214,2.5,8.9,0.286,0.0,0.0,0.0,2.5,8.9,11.4,2.5,1.3,1.3,1.3,0.0,5.1,0.0,10.2,-20.3,34.0,0,0,31.7,1,13222,1,13222,9243,17543,4938,21369,8014,4988,11433,13505,14344,13505,6501,3625,4036,14408,13974,9656,5805,8846,4433,17725,18002,21633,11797,2246,150,12600,1,28:22
2024-25,1630194,Paul Reed,Paul,1610612765,DET,Detroit Pistons,0022400201,2024-11-10T00:00:00,DET vs. HOU,L,14.75,4.9,4.9,1.0,0.0,0.0,0.0,4.9,4.9,1.0,4.9,4.9,9.8,2.4,2.4,0.0,2.4,0.0,14.6,2.4,14.6,-12.2,34.9,0,0,31.7,1,13222,1,13222,19733,14717,23550,1,15070,20945,15070,4218,6152,1,2474,11203,5726,14733,8487,12854,2483,8846,266,11199,13252,18811,11127,2246,150,12599,1,14:45
2024-25,1629130,Duncan Robinson,Duncan,1610612748,MIA,Miami Heat,0022400206,2024-11-10T00:00:00,MIA @ MIN,W,17.371666666666666,6.2,16.6,0.375,4.1,10.4,0.4,0.0,0.0,0.0,0.0,4.1,4.1,4.1,2.1,0.0,0.0,0.0,6.2,0.0,16.6,4.1,25.7,0,0,29.0,1,1,13086,1,18023,10929,6330,16299,3681,3092,7874,13505,14344,13505,14058,13292,16960,9536,10150,12854,8263,8846,2691,17725,11306,10573,17821,2246,150,14692,1,17:22
2024-25,1642530,Yuki Kawamura,Yuki,1610612763,MEM,Memphis Grizzlies,0022400210,2024-11-10T00:00:00,MEM @ POR,W,7.95,4.5,13.6,0.333,0.0,9.1,0.0,4.5,9.1,0.5,0.0,0.0,0.0,18.1,0.0,0.0,0.0,0.0,0.0,4.5,13.6,36.2,40.8,0,0,31.7,1,1,13086,1,22828,15678,10847,17395,15070,4728,15070,4783,1838,10625,14058,22137,23286,136,16469,12854,8263,8846,20257,5072,14391,1267,7303,2246,150,12625,1,7:57
2024-25,1641765,Olivier-Maxence Prosper,Olivier-Maxence,1610612742,DAL,Dallas Mavericks,0022400208,2024-11-10T00:00:00,DAL @ DEN,L,8.25,4.4,8.7,0.5,0.0,0.0,0.0,0.0,0.0,0.0,4.4,0.0,4.4,0.0,0.0,0.0,0.0,4.4,4.4,0.0,8.7,-56.7,14.0,0,0,13.1,1,13222,1,13222,22722,16163,19140,8526,15070,20945,15070,13505,14344,13505,3089,22137,16376,19908,16469,12854,8263,523,6115,17725,19320,25601,23509,2246,150,23683,1,8:15
2024-25,1629652,Luguentz Dort,Luguentz,1610612760,OKC,Oklahoma City Thunder,0022400207,2024-11-10T00:00:00,OKC vs. GSW,L,29.633333333333333,7.3,13.4,0.545,3.6,9.7,0.375,1.2,1.2,1.0,1.2,6.1,7.3,3.6,0.0,1.2,1.2,0.0,4.9,4.9,19.4,-10.9,40.9,0,0,38.9,1,13222,1,13222,8100,8243,11197,7695,4814,3826,8800,12544,13863,1,11694,8164,9592,10953,16469,10053,6084,8846,4925,4371,8430,18291,7204,2246,150,7468,1,29:38
2024-25,201950,Jrue Holiday,Jrue,1610612738,BOS,Boston Celtics,0022400202,2024-11-10T00:00:00,BOS @ MIL,W,32.73,5.5,12.1,0.455,3.3,8.8,0.375,2.2,2.2,1.0,2.2,0.0,2.2,3.3,0.0,2.2,0.0,1.1,2.2,1.1,16.5,16.5,30.7,0,0,29.7,1,1,13086,1,5386,12974,13423,12676,5664,5107,8800,9944,12087,1,7584,22137,21409,11978,16469,5391,8263,7044,14091,16905,11394,5072,14278,2246,150,14165,1,32:44
2024-25,1627832,Fred VanVleet,Fred,1610612745,HOU,Houston Rockets,0022400201,2024-11-10T00:00:00,HOU @ DET,W,37.4,2.9,12.5,0.231,1.0,6.7,0.143,0.0,1.9,0.0,1.0,5.8,6.7,6.7,1.0,2.9,1.0,0.0,1.9,1.9,6.7,7.7,35.5,0,0,28.9,1,1,13086,1,1739,19685,12704,21157,14741,9041,14649,13505,12919,13505,13554,8843,10658,4368,16071,3440,7734,8846,15547,13427,20896,8769,10714,2246,150,14797,1,37:24
2024-25,1630625,Dalano Banton,Dalano,1610612757,POR,Portland Trail Blazers,0022400210,2024-11-10T00:00:00,POR vs. MEM,L,20.216666666666665,7.1,32.1,0.222,0.0,8.9,0.0,8.9,10.7,0.833,0.0,5.3,5.3,3.6,1.8,3.6,0.0,7.1,3.6,8.9,23.1,-23.1,43.8,0,0,39.2,1,13222,1,13222,15849,8651,199,21205,15070,4964,15070,1041,1119,7275,14058,9923,13931,11207,11634,2151,8263,147,8557,691,5381,22363,5765,2246,150,7289,1,20:13
2024-25,1630230,Naji Marshall,Naji,1610612742,DAL,Dallas Mavericks,0022400208,2024-11-10T00:00:00,DAL @ DEN,L,36.36666666666667,4.9,8.9,0.556,0.0,2.0,0.0,1.0,1.0,1.0,3.0,4.9,7.9,0.0,0.0,1.0,1.0,0.0,1.0,1.0,10.9,6.9,26.3,0,0,22.8,1,13222,1,13222,2428,14549,18855,7248,15070,19592,15070,13264,14230,1,5420,11027,8425,19908,16469,12036,7539,8846,19762,17427,17275,9173,17399,2246,150,19158,1,36:22
2024-25,1641794,Dillon Jones,Dillon,1610612760,OKC,Oklahoma City Thunder,0022400207,2024-11-10T00:00:00,OKC vs. GSW,L,14.966666666666667,4.8,9.6,0.5,0.0,2.4,0.0,0.0,4.8,0.0,9.6,4.8,14.4,4.8,2.4,0.0,0.0,0.0,2.4,2.4,9.6,2.4,31.8,0,0,28.9,1,13222,1,13222,19587,14909,17721,8526,15070,18795,15070,13505,6280,13505,452,11395,2031,7891,8633,12854,8263,8846,13173,11330,18520,11414,13511,2246,150,14808,1,14:58
2024-25,1629674,Neemias Queta,Neemias,1610612738,BOS,Boston Celtics,0022400202,2024-11-10T00:00:00,BOS @ MIL,W,20.583333333333332,5.2,10.5,0.5,0.0,0.0,0.0,3.5,3.5,1.0,1.7,10.5,12.2,0.0,1.7,1.7,0.0,3.5,1.7,3.5,14.0,-1.7,32.2,0,0,29.7,1,1,13086,1,15578,13675,16226,8526,15070,20945,15070,6707,8890,1,9415,2234,3312,19908,11740,7445,8263,917,16373,7671,13946,13894,13194,2246,150,14148,1,20:35
2024-25,201959,Taj Gibson,Taj,1610612766,CHA,Charlotte Hornets,0022400205,2024-11-10T00:00:00,CHA @ PHI,L,13.283333333333333,2.7,5.4,0.5,0.0,0.0,0.0,2.7,5.4,0.5,8.1,8.1,16.3,0.0,0.0,0.0,2.7,0.0,10.8,8.1,8.1,8.1,35.8,0,0,29.8,1,13222,1,13222,20610,20063,23153,8526,15070,20945,15070,8553,5288,10625,738,4514,1336,19908,16469,12854,2069,8846,556,951,19808,8565,10523,2246,150,14090,1,13:17
2024-25,203110,Draymond Green,Draymond,1610612744,GSW,Golden State Warriors,0022400207,2024-11-10T00:00:00,GSW @ OKC,W,30.85,3.5,5.8,0.6,2.3,3.5,0.667,0.0,0.0,0.0,0.0,4.7,4.7,12.8,3.5,0.0,0.0,0.0,4.7,2.3,9.3,9.3,30.7,0,0,29.2,1,1,13086,1,6992,18326,22778,5394,8728,16652,1957,13505,14344,13505,14058,11806,15653,558,5011,12854,8263,8846,5369,11614,18785,8029,14276,2246,150,14568,1,30:51
2024-25,1641710,Anthony Black,Anthony,1610612753,ORL,Orlando Magic,0022400204,2024-11-10T00:00:00,ORL vs. WAS,W,22.283333333333335,6.5,9.7,0.667,3.2,4.8,0.667,3.2,3.2,1.0,1.6,1.6,3.2,6.5,1.6,0.0,3.2,0.0,1.6,3.2,19.4,25.8,41.0,0,0,38.8,1,1,13086,1,14287,10279,17592,3281,5867,13580,1957,7258,9456,1,9859,20640,19146,4772,12275,12854,1445,8846,16817,8458,8478,2641,7155,2246,150,7533,1,22:17
2024-25,203937,Kyle Anderson,Kyle,1610612744,GSW,Golden State Warriors,0022400207,2024-11-10T00:00:00,GSW @ OKC,W,20.413333333333334,3.5,10.6,0.333,0.0,3.5,0.0,3.5,3.5,1.0,3.5,5.3,8.8,8.8,0.0,1.8,0.0,0.0,0.0,1.8,10.6,12.3,39.7,0,0,31.7,1,1,13086,1,15709,18259,16088,17395,15070,16604,15070,6653,8837,1,4335,10053,6987,2167,16469,7390,8263,8846,20257,14061,17582,6660,7972,2246,150,12588,1,20:25
2024-25,1642349,Ajay Mitchell,Ajay,1610612760,OKC,Oklahoma City Thunder,0022400207,2024-11-10T00:00:00,OKC vs. GSW,L,20.6,8.7,15.7,0.556,0.0,1.7,0.0,3.5,3.5,1.0,0.0,3.5,3.5,1.7,1.7,1.7,0.0,1.7,1.7,5.2,21.0,8.7,31.3,0,0,29.7,1,13222,1,13222,15566,5208,7506,7248,15070,19988,15070,6715,8897,1,14058,15251,18560,17238,11752,7453,8263,4031,16380,3715,7114,8306,13844,2246,150,14159,1,20:36
2024-25,203081,Damian Lillard,Damian,1610612749,MIL,Milwaukee Bucks,0022400202,2024-11-10T00:00:00,MIL vs. BOS,L,35.78333333333333,4.0,15.1,0.267,1.0,8.0,0.125,5.0,5.0,1.0,0.0,4.0,4.0,6.0,3.0,3.0,0.0,0.0,3.0,5.0,14.1,-14.1,34.0,0,0,31.2,1,13222,1,13222,2834,17035,8446,20170,14510,6371,14886,3986,5860,1,14058,13649,17261,5424,6405,3111,8263,8846,10629,4060,13860,19539,11808,2246,150,13013,1,35:47
2024-25,1641739,Toumani Camara,Toumani,1610612757,POR,Portland Trail Blazers,0022400210,2024-11-10T00:00:00,POR vs. MEM,L,25.598333333333333,2.8,7.0,0.4,1.4,4.2,0.333,5.6,5.6,1.0,1.4,4.2,5.6,0.0,4.2,1.4,0.0,0.0,2.8,7.0,12.7,-36.6,19.4,0,0,22.5,1,13222,1,13222,11496,19846,21523,14933,12426,15073,9209,3285,5009,1,10722,13059,13223,19908,3471,8862,8263,8846,11585,1638,15437,24573,21452,2246,150,19353,1,25:36
2024-25,1642275,Tidjane Salaün,Tidjane,1610612766,CHA,Charlotte Hornets,0022400205,2024-11-10T00:00:00,CHA @ PHI,L,19.213333333333335,1.9,9.4,0.2,0.0,5.6,0.0,0.0,0.0,0.0,1.9,15.0,16.9,3.7,3.7,0.0,0.0,0.0,0.0,0.0,3.7,0.0,25.9,0,0,24.4,1,13222,1,13222,16663,21621,18169,21401,15070,11660,15070,13505,14344,13505,8931,573,1156,10660,4443,12854,8263,8846,20257,17725,22667,12240,17708,2246,150,18106,1,19:13
2024-25,1631170,Jaime Jaquez Jr.,Jaime,1610612748,MIA,Miami Heat,0022400206,2024-11-10T00:00:00,MIA @ MIN,W,16.416666666666668,6.6,15.4,0.429,2.2,4.4,0.5,0.0,0.0,0.0,2.2,8.8,11.0,2.2,4.4,2.2,2.2,4.4,0.0,0.0,15.4,-4.4,40.6,0,0,39.5,1,1,13086,1,18646,9990,8035,13735,9260,14718,3944,13505,14344,13505,7602,3756,4441,15651,3162,5422,2960,519,20257,17725,12570,15262,7417,2246,150,7087,1,16:25
2024-25,1629628,RJ Barrett,RJ,1610612761,TOR,Toronto Raptors,0022400211,2024-11-10T00:00:00,TOR @ LAL,L,36.416666666666664,4.9,14.8,0.333,1.0,6.9,0.143,6.9,8.9,0.778,0.0,6.9,6.9,4.0,4.0,0.0,0.0,1.0,3.0,4.9,17.8,-23.7,28.1,0,0,29.7,1,13222,1,13222,2394,14570,8852,17395,14609,8624,14649,2061,1927,8092,14058,6503,10290,10054,3961,12854,8263,8017,10867,4216,10034,22505,16159,2246,150,14196,1,36:25
2024-25,1627759,Jaylen Brown,Jaylen,1610612738,BOS,Boston Celtics,0022400202,2024-11-10T00:00:00,BOS @ MIL,W,37.42,3.8,12.5,0.308,1.0,4.8,0.2,4.8,5.8,0.833,0.0,4.8,4.8,3.8,1.0,0.0,0.0,2.9,2.9,3.8,13.5,5.8,24.1,0,0,23.1,1,1,13086,1,1728,17457,12720,19226,14743,13683,13429,4334,4785,7275,14058,11404,15272,10376,16076,12854,8263,1488,11239,6715,14553,9719,18912,2246,150,18952,1,37:25
2024-25,1626156,D'Angelo Russell,D'Angelo,1610612747,LAL,Los Angeles Lakers,0022400211,2024-11-10T00:00:00,LAL vs. TOR,W,26.766666666666666,8.1,17.5,0.462,4.0,12.1,0.333,0.0,0.0,0.0,0.0,2.7,2.7,1.3,1.3,1.3,0.0,0.0,0.0,1.3,20.2,24.2,28.1,0,0,30.9,1,1,13086,1,10516,6486,5262,12428,3930,1730,9209,13505,14344,13505,14058,17727,20470,18518,13598,9214,8263,8846,20257,15704,7766,2980,16129,2246,150,13220,1,26:46
2024-25,1628415,Dillon Brooks,Dillon,1610612745,HOU,Houston Rockets,0022400201,2024-11-10T00:00:00,HOU @ DET,W,33.71666666666667,6.4,16.0,0.4,2.1,8.5,0.25,0.0,0.0,0.0,0.0,2.1,2.1,1.1,0.0,1.1,0.0,2.1,1.1,0.0,14.9,14.9,22.3,0,0,22.4,1,1,13086,1,4521,10422,7092,14933,9524,5508,11902,13505,14344,13505,14058,19252,21542,19454,16469,11309,8263,2817,19287,17725,12955,5645,19972,2246,150,19412,1,33:43
2024-25,202691,Klay Thompson,Klay,1610612742,DAL,Dallas Mavericks,0022400208,2024-11-10T00:00:00,DAL @ DEN,L,32.516666666666666,4.4,14.4,0.308,1.1,6.6,0.167,1.1,1.1,1.0,0.0,5.5,5.5,4.4,1.1,0.0,0.0,1.1,2.2,0.0,11.1,-4.4,23.2,0,0,22.1,1,13222,1,13222,5539,15986,9548,19226,13903,9234,14236,12896,14034,1,14058,9442,13455,8816,15088,12854,8263,6987,14037,17725,17126,15287,19408,2246,150,19590,1,32:31
2024-25,1626171,Bobby Portis,Bobby,1610612749,MIL,Milwaukee Bucks,0022400202,2024-11-10T00:00:00,MIL vs. BOS,L,23.266666666666666,9.3,18.6,0.5,1.5,4.6,0.333,3.1,3.1,1.0,1.5,9.3,10.8,0.0,0.0,1.5,0.0,0.0,3.1,1.5,23.2,6.2,40.8,0,0,38.7,1,13222,1,13222,13494,4228,4153,8526,11869,14108,9209,7558,9734,1,10125,3223,4567,19908,16469,8208,8263,8846,10287,14813,5349,9520,7254,2246,150,7600,1,23:16
2024-25,1630573,Sam Hauser,Sam,1610612738,BOS,Boston Celtics,0022400202,2024-11-10T00:00:00,BOS @ MIL,W,12.483333333333333,2.9,17.3,0.167,2.9,14.4,0.2,0.0,0.0,0.0,2.9,0.0,2.9,2.9,0.0,2.9,0.0,0.0,5.8,0.0,8.7,0.0,25.1,0,0,23.1,1,1,13086,1,21003,19698,5451,21938,6924,820,13429,13505,14344,13505,5629,22137,20033,13332,16469,3450,8263,8846,3283,17725,19391,12240,18221,2246,150,18964,1,12:29
2024-25,1627741,Buddy Hield,Buddy,1610612744,GSW,Golden State Warriors,0022400207,2024-11-10T00:00:00,GSW @ OKC,W,21.166666666666668,5.1,13.6,0.375,3.4,8.5,0.4,0.0,0.0,0.0,1.7,6.8,8.5,3.4,0.0,0.0,0.0,0.0,6.8,0.0,13.6,6.8,28.9,0,0,28.9,1,1,13086,1,15170,14080,10820,16299,5375,5577,7874,13505,14344,13505,9574,6699,7465,11684,16469,12854,8263,8846,2144,17725,14373,9232,15554,2246,150,14772,1,21:10
2024-25,1631260,AJ Green,AJ,1610612749,MIL,Milwaukee Bucks,0022400202,2024-11-10T00:00:00,MIL vs. BOS,L,26.95,5.3,8.0,0.667,5.3,8.0,0.667,0.0,0.0,0.0,0.0,4.0,4.0,0.0,0.0,4.0,0.0,0.0,1.3,0.0,16.0,-6.7,32.9,0,0,33.4,1,13222,1,13222,10372,13428,20242,3281,1905,6421,1957,13505,14344,13505,14058,13701,17301,19908,16469,1631,8263,8846,17885,17725,11894,16370,12682,2246,150,11327,1,26:57
2024-25,1641796,Pelle Larsson,Pelle,1610612748,MIA,Miami Heat,0022400206,2024-11-10T00:00:00,MIA @ MIN,W,3.2016666666666667,0.0,11.2,0.0,0.0,0.0,0.0,0.0,0.0,0.0,0.0,0.0,0.0,11.2,0.0,11.2,0.0,11.2,11.2,0.0,0.0,33.7,50.6,0,0,33.7,1,1,13086,1,24892,22635,14949,22635,15070,20945,15070,13505,14344,13505,14058,22137,23286,922,16469,90,8263,52,506,17725,23200,1541,3100,2246,150,11050,1,3:12
2024-25,1630595,Cade Cunningham,Cade,1610612765,DET,Detroit Pistons,0022400201,2024-11-10T00:00:00,DET vs. HOU,L,36.03333333333333,10.0,21.0,0.476,2.0,4.0,0.5,4.0,6.0,0.667,0.0,8.0,8.0,9.0,4.0,0.0,1.0,1.0,3.0,4.0,26.0,-6.0,48.1,0,0,47.0,1,13222,1,13222,2659,3235,2346,12010,10169,15592,3944,5702,4490,9425,14058,4712,8281,2030,3888,12854,7480,7930,10752,6315,3697,16055,3957,2246,150,3488,1,36:02
2024-25,1641708,Amen Thompson,Amen,1610612745,HOU,Houston Rockets,0022400201,2024-11-10T00:00:00,HOU @ DET,W,22.856666666666666,3.2,7.9,0.4,0.0,1.6,0.0,6.3,6.3,1.0,1.6,6.3,7.9,4.7,1.6,1.6,0.0,0.0,3.2,3.2,12.6,1.6,32.3,0,0,28.4,1,1,13086,1,13829,19103,20444,14933,15070,20200,15070,2593,4131,1,10026,7696,8512,8122,12443,8089,8263,8846,10091,8735,15497,11840,13096,2246,150,15176,1,22:51
2024-25,1629673,Jordan Poole,Jordan,1610612764,WAS,Washington Wizards,0022400204,2024-11-10T00:00:00,WAS @ ORL,L,30.835,9.3,22.2,0.421,3.5,11.7,0.3,5.8,7.0,0.833,0.0,4.7,4.7,1.2,2.3,0.0,0.0,2.3,4.7,5.8,28.0,-14.0,33.0,0,0,37.4,1,13222,1,13222,7012,4143,1739,14442,5144,1988,11319,3041,3361,7275,14058,11801,15647,19129,8927,12854,8263,2360,5364,2840,2776,19506,12564,2246,150,8465,1,30:50
2024-25,1628983,Shai Gilgeous-Alexander,Shai,1610612760,OKC,Oklahoma City Thunder,0022400207,2024-11-10T00:00:00,OKC vs. GSW,L,33.733333333333334,6.4,18.1,0.353,0.0,2.1,0.0,12.8,14.9,0.857,1.1,4.3,5.3,4.3,4.3,0.0,1.1,0.0,0.0,10.7,25.6,-11.7,37.4,0,0,37.4,1,13222,1,13222,4498,10435,4525,17268,15070,19303,15070,274,357,7071,12739,12901,13949,9208,3385,12854,7012,8846,20257,309,3870,18640,9441,2246,150,8470,1,33:44
2024-25,1630590,Scotty Pippen Jr.,Scotty,1610612763,MEM,Memphis Grizzlies,0022400210,2024-11-10T00:00:00,MEM @ POR,W,20.708333333333332,10.4,13.9,0.75,3.5,5.2,0.667,5.2,7.0,0.75,0.0,7.0,7.0,3.5,5.2,0.0,1.7,0.0,3.5,7.0,29.6,29.6,43.1,0,0,46.9,1,1,13086,1,15486,2784,10325,2107,5201,12666,1957,3756,3411,8186,14058,6440,10233,11464,2101,12854,4201,8846,8816,1690,2258,2025,6080,2246,150,3504,1,20:43
2024-25,1631096,Chet Holmgren,Chet,1610612760,OKC,Oklahoma City Thunder,0022400207,2024-11-10T00:00:00,OKC vs. GSW,L,5.166666666666667,0.0,20.9,0.0,0.0,13.9,0.0,0.0,0.0,0.0,0.0,27.9,27.9,0.0,0.0,0.0,0.0,0.0,0.0,0.0,0.0,27.9,33.4,0,0,27.9,1,13222,1,13222,23920,22635,2401,22635,15070,944,15070,13505,14344,13505,14058,52,116,19908,16469,12854,8263,8846,20257,17725,23200,2290,12225,2246,150,15530,1,5:10
2024-25,203484,Kentavious Caldwell-Pope,Kentavious,1610612753,ORL,Orlando Magic,0022400204,2024-11-10T00:00:00,ORL vs. WAS,W,28.0,2.6,10.3,0.25,1.3,7.7,0.167,3.9,3.9,1.0,1.3,5.1,6.4,3.9,1.3,0.0,1.3,1.3,3.9,1.3,10.3,20.6,26.4,0,0,24.4,1,1,13086,1,9543,20327,16579,20233,12909,6971,14236,5967,8118,1,11262,10438,11317,10350,13875,12854,5711,5724,7582,15968,17866,3791,17381,2246,150,18055,1,28:00
2024-25,1627783,Pascal Siakam,Pascal,1610612754,IND,Indiana Pacers,0022400203,2024-11-10T00:00:00,IND vs. NYK,W,34.11666666666667,5.3,13.7,0.385,2.1,6.3,0.333,2.1,2.1,1.0,3.2,5.3,8.4,3.2,0.0,0.0,0.0,2.1,4.2,2.1,14.8,8.4,29.7,0,0,28.5,1,1,13086,1,4155,13610,10624,16070,9640,9915,9209,10261,12391,1,5015,10084,7564,12438,16469,12854,8263,2895,6500,12565,13139,8419,15053,2246,150,15073,1,34:07
2024-25,1630175,Cole Anthony,Cole,1610612753,ORL,Orlando Magic,0022400204,2024-11-10T00:00:00,ORL vs. WAS,W,15.316666666666666,7.1,9.4,0.75,4.7,7.1,0.667,18.8,18.8,1.0,2.4,2.4,4.7,0.0,4.7,0.0,0.0,0.0,4.7,11.8,37.6,14.1,38.5,0,0,47.0,1,1,13086,1,19361,8814,18112,2107,2730,8356,1957,90,161,1,7090,18624,15561,19908,2716,12854,8263,8846,5281,215,641,5968,8675,2246,150,3473,1,15:19
2024-25,201942,DeMar DeRozan,DeMar,1610612758,SAC,Sacramento Kings,0022400209,2024-11-10T00:00:00,SAC @ PHX,W,42.66833333333334,11.8,21.1,0.56,0.8,0.8,1.0,4.2,5.1,0.833,0.0,2.5,2.5,2.5,1.7,0.8,0.0,0.8,0.0,3.4,28.7,5.9,36.4,0,0,36.3,1,1,13086,1,184,1649,2286,7232,15040,20939,1,5318,5808,7275,14058,18105,20749,14442,11972,12799,8263,8781,20257,8035,2533,9658,10105,2246,150,9169,1,42:40
2024-25,1642345,Oso Ighodaro,Oso,1610612756,PHX,Phoenix Suns,0022400209,2024-11-10T00:00:00,PHX vs. SAC,L,10.1,7.1,14.3,0.5,0.0,0.0,0.0,3.6,3.6,1.0,0.0,7.1,7.1,3.6,3.6,0.0,0.0,3.6,10.7,3.6,17.8,25.0,28.2,0,0,28.5,1,13222,1,13222,22073,8628,9757,8526,15070,20945,15070,6569,8757,1,14058,6120,9893,11191,4866,12854,8263,867,579,7494,10006,2832,16101,2246,150,15061,1,10:06
2024-25,1629655,Daniel Gafford,Daniel,1610612742,DAL,Dallas Mavericks,0022400208,2024-11-10T00:00:00,DAL @ DEN,L,33.8,7.5,9.6,0.778,0.0,0.0,0.0,2.1,4.3,0.5,2.1,5.3,7.5,3.2,1.1,2.1,2.1,0.0,5.3,3.2,17.0,-5.3,42.5,0,0,36.2,1,13222,1,13222,4440,7879,17801,1994,15070,20945,15070,10201,7289,10625,7845,9971,9259,12337,15384,5657,3122,8846,3981,8581,10806,15760,6370,2246,150,9217,1,33:48
2024-25,1628369,Jayson Tatum,Jayson,1610612738,BOS,Boston Celtics,0022400202,2024-11-10T00:00:00,BOS @ MIL,W,40.196666666666665,6.3,18.8,0.333,3.6,10.7,0.333,11.6,13.4,0.867,0.0,10.7,10.7,5.4,4.5,0.0,0.0,0.0,2.7,7.2,27.8,8.1,44.2,1,0,47.5,1,1,13086,1,515,10801,3923,17395,4958,2721,9209,381,539,7066,14058,2044,4650,6676,3030,12854,8263,8846,12091,1537,2879,8608,5547,1,150,3321,1,40:12
2024-25,1631217,Moussa Diabaté,Moussa,1610612766,CHA,Charlotte Hornets,0022400205,2024-11-10T00:00:00,CHA @ PHI,L,23.368333333333332,3.1,6.2,0.5,0.0,0.0,0.0,0.0,0.0,0.0,7.7,9.2,16.9,1.5,1.5,0.0,0.0,0.0,6.2,4.6,6.2,1.5,27.3,0,0,24.6,1,13222,1,13222,13407,19250,22460,8526,15070,20945,15070,13505,14344,13505,879,3260,1139,17842,12583,12854,8263,8846,2752,4893,21275,11856,16767,2246,150,17922,1,23:22
2024-25,1630191,Isaiah Stewart,Isaiah,1610612765,DET,Detroit Pistons,0022400201,2024-11-10T00:00:00,DET vs. HOU,L,33.025,7.6,9.8,0.778,0.0,0.0,0.0,2.2,2.2,1.0,5.5,3.3,8.7,1.1,1.1,1.1,2.2,0.0,4.4,2.2,17.4,2.2,38.3,0,0,33.8,1,13222,1,13222,5134,7440,17381,1994,15070,20945,15070,10029,12152,1,1977,15881,7139,19381,15197,11102,2991,8846,6122,12242,10384,11521,8851,2246,150,11003,1,33:02
2024-25,1631212,Peyton Watson,Peyton,1610612743,DEN,Denver Nuggets,0022400208,2024-11-10T00:00:00,DEN vs. DAL,W,39.71666666666667,5.4,8.2,0.667,3.6,3.6,1.0,0.0,0.0,0.0,0.9,3.6,4.5,0.9,0.0,0.0,0.9,0.0,0.9,0.0,14.5,2.7,24.0,0,0,25.4,1,1,13086,1,647,13161,20007,3281,4856,16382,1,13505,14344,13505,13880,14858,15968,19861,16469,12854,8064,8846,20134,17725,13410,11253,18929,2246,150,17373,1,39:43
2024-25,1628389,Bam Adebayo,Bam,1610612748,MIA,Miami Heat,0022400206,2024-11-10T00:00:00,MIA @ MIN,W,38.946666666666665,2.8,10.2,0.273,0.0,1.8,0.0,2.8,5.5,0.5,0.0,6.5,6.5,6.5,3.7,0.9,2.8,0.0,1.8,3.7,8.3,11.1,33.2,0,0,28.7,1,1,13086,1,904,19934,16789,20048,15070,19833,15070,8405,5132,10625,14058,7374,11238,4760,4563,12540,1994,8846,15949,7139,19644,7196,12445,2246,150,14961,1,38:57
2024-25,1628401,Derrick White,Derrick,1610612738,BOS,Boston Celtics,0022400202,2024-11-10T00:00:00,BOS @ MIL,W,36.13666666666666,6.0,12.0,0.5,3.0,6.0,0.5,0.0,0.0,0.0,2.0,4.0,6.0,6.0,0.0,1.0,1.0,1.0,2.0,2.0,14.9,4.0,37.1,0,0,33.9,1,1,13086,1,2580,11590,13676,8526,6563,10750,3944,13505,14344,13505,8423,13777,12346,5537,16469,11997,7503,7964,15193,13119,12968,10657,9655,2246,150,10951,1,36:08
2024-25,204456,T.J. McConnell,T.J.,1610612754,IND,Indiana Pacers,0022400203,2024-11-10T00:00:00,IND vs. NYK,W,15.883333333333333,6.8,13.6,0.5,0.0,2.3,0.0,0.0,0.0,0.0,0.0,0.0,0.0,6.8,0.0,2.3,0.0,2.3,2.3,2.3,13.6,6.8,30.6,0,0,24.9,1,1,13086,1,19006,9420,10834,8526,15070,19052,15070,13505,14344,13505,14058,22137,23286,4288,16469,5157,8263,2514,13795,11870,14381,9234,14351,2246,150,17736,1,15:53
2024-25,1630578,Alperen Sengun,Alperen,1610612745,HOU,Houston Rockets,0022400201,2024-11-10T00:00:00,HOU @ DET,W,30.33,13.1,20.2,0.647,0.0,0.0,0.0,5.9,8.3,0.714,3.6,8.3,11.9,2.4,1.2,0.0,1.2,2.4,2.4,11.9,32.0,13.1,52.2,1,0,48.7,1,1,13086,1,7476,1013,2852,4571,15070,20945,15070,2934,2318,9244,4284,4268,3599,14968,14540,12854,6263,2279,13333,206,1517,6373,2659,1,150,2934,1,30:20
2024-25,1627750,Jamal Murray,Jamal,1610612743,DEN,Denver Nuggets,0022400208,2024-11-10T00:00:00,DEN vs. DAL,W,38.13,6.6,16.1,0.412,1.9,5.7,0.333,1.9,4.7,0.4,0.0,0.9,0.9,5.7,1.9,0.0,0.0,0.9,2.8,2.8,17.0,14.2,24.7,0,0,25.5,1,1,13086,1,1312,9906,7050,14791,10687,11540,9209,10995,6446,13061,14058,22060,23246,6115,11109,12854,8263,8385,11503,9856,10853,5956,18463,2246,150,17289,1,38:08
2024-25,1642377,Jaylen Wells,Jaylen,1610612763,MEM,Memphis Grizzlies,0022400210,2024-11-10T00:00:00,MEM @ POR,W,23.766666666666666,7.6,13.6,0.556,3.0,6.1,0.5,6.1,6.1,1.0,0.0,4.5,4.5,1.5,0.0,0.0,0.0,0.0,0.0,4.5,24.2,42.4,32.0,0,0,33.3,1,1,13086,1,13100,7582,10772,7248,6403,10546,3944,2808,4389,1,14058,12141,15943,17921,16469,12854,8263,8846,20257,5051,4656,813,13354,2246,150,11379,1,23:46
2024-25,2544,LeBron James,LeBron,1610612747,LAL,Los Angeles Lakers,0022400211,2024-11-10T00:00:00,LAL vs. TOR,W,34.78333333333333,6.2,14.5,0.429,0.0,3.1,0.0,7.2,7.2,1.0,2.1,8.3,10.3,16.6,3.1,1.0,0.0,1.0,0.0,3.1,19.7,13.5,56.9,1,1,48.6,1,1,13086,1,3627,10948,9371,13735,15070,17451,15070,1834,3135,1,8080,4310,5059,180,6110,11634,8263,7618,20257,8874,8192,6215,1651,1,1,2938,1,34:47
2024-25,1626145,Tyus Jones,Tyus,1610612756,PHX,Phoenix Suns,0022400209,2024-11-10T00:00:00,PHX vs. SAC,L,40.3,7.1,12.5,0.571,5.4,8.9,0.6,0.0,0.0,0.0,0.9,0.9,1.8,3.6,0.0,1.8,0.0,0.0,0.9,0.9,19.7,1.8,32.5,0,0,33.9,1,13222,1,13222,495,8587,12721,6538,1884,4918,2992,13505,14344,13505,13927,22106,22178,11163,16469,7307,8263,8846,20164,17671,8201,11744,12938,2246,150,10898,1,40:18
2024-25,1630288,Jeff Dowtin Jr.,Jeff,1610612755,PHI,Philadelphia 76ers,0022400205,2024-11-10T00:00:00,PHI vs. CHA,W,23.05,6.2,10.9,0.571,1.6,4.7,0.333,3.1,3.1,1.0,0.0,3.1,3.1,0.0,0.0,1.6,0.0,0.0,1.6,3.1,17.2,4.7,25.6,0,0,25.0,1,1,13086,1,13682,10855,15473,6538,11819,13992,9209,7482,9659,1,14058,16344,19426,19908,16469,8145,8263,8846,16991,8798,10652,10293,17872,2246,150,17692,1,23:03
2024-25,1631124,Julian Strawther,Julian,1610612743,DEN,Denver Nuggets,0022400208,2024-11-10T00:00:00,DEN vs. DAL,W,23.336666666666666,6.2,13.9,0.444,3.1,7.7,0.4,3.1,4.6,0.667,0.0,1.5,1.5,1.5,1.5,1.5,3.1,0.0,3.1,3.1,18.5,-10.8,35.0,0,0,33.9,1,1,13086,1,13432,11051,10373,13045,6258,6982,7874,7585,6618,9425,14058,20791,22520,17831,12572,8229,1591,8846,10332,8944,9314,18228,11043,2246,150,10901,1,23:20
2024-25,203924,Jerami Grant,Jerami,1610612757,POR,Portland Trail Blazers,0022400210,2024-11-10T00:00:00,POR vs. MEM,L,28.1,9.0,19.2,0.467,2.6,10.2,0.25,5.1,7.7,0.667,0.0,1.3,1.3,1.3,0.0,1.3,0.0,1.3,2.6,3.8,25.6,-35.9,32.9,0,0,33.3,1,13222,1,13222,9459,4767,3581,12249,7938,3212,11902,3856,2755,9425,14058,21325,22840,18720,16469,9574,8263,5746,12555,6730,3865,24510,12643,2246,150,11394,1,28:06
2024-25,1630598,Aaron Wiggins,Aaron,1610612760,OKC,Oklahoma City Thunder,0022400207,2024-11-10T00:00:00,OKC vs. GSW,L,18.39666666666667,5.9,15.7,0.375,5.9,7.8,0.75,0.0,0.0,0.0,2.0,2.0,3.9,5.9,2.0,0.0,0.0,0.0,3.9,0.0,17.6,-35.2,29.2,0,0,33.3,1,13222,1,13222,17290,11888,7603,16299,1410,6754,1542,13505,14344,13505,8587,19806,17528,5724,10741,12854,8263,8846,7394,17725,10214,24437,15388,2246,150,11435,1,18:24
2024-25,201567,Kevin Love,Kevin,1610612748,MIA,Miami Heat,0022400206,2024-11-10T00:00:00,MIA @ MIN,W,13.036666666666667,5.5,19.3,0.286,2.8,11.0,0.25,2.8,2.8,1.0,5.5,11.0,16.6,5.5,0.0,5.5,0.0,2.8,0.0,2.8,16.6,27.6,61.3,0,0,52.5,1,1,13086,1,20727,12931,3476,19630,7351,2446,11902,8433,10584,1,1937,1883,1247,6383,16469,625,8263,1654,20257,10100,11317,2323,1042,2246,150,1931,1,13:02
2024-25,1628973,Jalen Brunson,Jalen,1610612752,NYK,New York Knicks,0022400203,2024-11-10T00:00:00,NYK @ IND,L,40.61333333333334,9.8,15.1,0.647,0.9,1.8,0.5,8.9,10.6,0.833,0.0,5.3,5.3,8.9,2.7,0.0,0.0,1.8,3.5,8.0,29.3,-7.1,46.3,1,0,44.3,1,13222,1,13222,434,3539,8492,4571,14987,19957,3944,1054,1137,7275,14058,9985,13994,2123,7661,12854,8263,3970,8621,1032,2360,16549,4637,1,150,4546,1,40:37
2024-25,1642272,Jared McCain,Jared,1610612755,PHI,Philadelphia 76ers,0022400205,2024-11-10T00:00:00,PHI vs. CHA,W,30.96,11.6,20.9,0.556,3.5,9.3,0.375,4.7,4.7,1.0,0.0,3.5,3.5,2.3,1.2,0.0,0.0,1.2,3.5,3.5,31.4,-10.5,37.9,0,0,40.7,1,1,13086,1,6914,1786,2383,7248,5171,4375,8800,4595,6574,1,14058,15274,18582,15135,14710,12854,8263,6534,8784,7695,1666,18088,9075,2246,150,6380,1,30:58
2024-25,1628370,Malik Monk,Malik,1610612758,SAC,Sacramento Kings,0022400209,2024-11-10T00:00:00,SAC @ PHX,W,7.5,4.8,14.4,0.333,0.0,4.8,0.0,9.6,9.6,1.0,0.0,14.4,14.4,9.6,4.8,4.8,0.0,0.0,4.8,9.6,19.2,19.2,60.5,0,0,52.8,1,1,13086,1,22999,14944,9521,17395,15070,13705,15070,807,1547,1,14058,675,2044,1640,2581,1025,8263,8846,5056,495,8649,4202,1134,2246,150,1852,1,7:30
2024-25,203076,Anthony Davis,Anthony,1610612747,LAL,Los Angeles Lakers,0022400211,2024-11-10T00:00:00,LAL vs. TOR,W,25.883333333333333,8.3,11.1,0.75,2.8,2.8,1.0,11.1,13.9,0.8,1.4,4.2,5.6,4.2,0.0,1.4,2.8,1.4,1.4,8.3,30.6,-4.2,56.1,0,0,51.5,1,1,13086,1,11254,5894,15149,2107,7273,18103,1,460,459,7681,10788,13192,13384,9463,16469,8954,1978,5214,17664,875,1894,15166,1796,2246,150,2154,1,25:53
2024-25,1630169,Tyrese Haliburton,Tyrese,1610612754,IND,Indiana Pacers,0022400203,2024-11-10T00:00:00,IND vs. NYK,W,35.18333333333333,11.3,18.4,0.611,4.1,10.2,0.4,9.2,11.3,0.818,0.0,2.0,2.0,14.3,2.0,2.0,0.0,0.0,1.0,7.2,35.8,12.3,63.8,1,0,60.4,1,1,13086,1,3324,2049,4274,5351,3799,3231,7874,938,966,7652,14058,19514,21706,355,10281,6028,8263,8846,19556,1539,860,6680,801,1,150,795,1,35:11
2024-25,1630583,Santi Aldama,Santi,1610612763,MEM,Memphis Grizzlies,0022400210,2024-11-10T00:00:00,MEM @ POR,W,29.95,8.4,13.2,0.636,2.4,4.8,0.5,0.0,0.0,0.0,1.2,6.0,7.2,7.2,2.4,2.4,0.0,0.0,2.4,1.2,19.2,39.7,43.5,0,0,40.9,1,1,13086,1,7825,5772,11446,4689,8476,13684,3944,13505,14344,13505,11783,8296,9720,3739,8640,4686,8263,8846,13188,16391,8624,1001,5882,2246,150,6287,1,29:57
2024-25,1630163,LaMelo Ball,LaMelo,1610612766,CHA,Charlotte Hornets,0022400205,2024-11-10T00:00:00,CHA @ PHI,L,40.516666666666666,11.6,26.7,0.433,5.3,16.0,0.333,5.3,6.2,0.857,0.9,2.7,3.6,7.1,5.3,1.8,0.0,0.9,2.7,3.6,33.8,2.7,48.7,0,0,53.3,1,13222,1,13222,449,1837,542,13733,1924,526,9209,3615,4210,7071,13935,17780,18439,3877,1977,7349,8263,8705,12181,7520,1173,11287,3747,2246,150,1740,1,40:31
2024-25,202709,Cory Joseph,Cory,1610612753,ORL,Orlando Magic,0022400204,2024-11-10T00:00:00,ORL vs. WAS,W,4.816666666666666,0.0,22.4,0.0,0.0,14.9,0.0,0.0,0.0,0.0,0.0,14.9,14.9,14.9,0.0,7.5,7.5,0.0,7.5,0.0,0.0,0.0,85.2,0,0,59.8,1,1,13086,1,24081,22635,1623,22635,15070,703,15070,13505,14344,13505,14058,582,1792,294,16469,249,172,8846,1659,17725,23200,12240,135,2246,150,843,1,4:49
2024-25,1629006,Josh Okogie,Josh,1610612756,PHX,Phoenix Suns,0022400209,2024-11-10T00:00:00,PHX vs. SAC,L,15.981666666666667,9.0,15.8,0.571,2.3,6.8,0.333,0.0,0.0,0.0,2.3,9.0,11.3,0.0,4.5,4.5,0.0,0.0,4.5,4.5,20.3,-13.5,42.8,0,0,42.8,1,13222,1,13222,18946,4686,7446,6538,9037,8994,9209,13505,14344,13505,7405,3512,4186,19908,2993,1224,8263,8846,5764,5130,7684,19311,6224,2246,150,5252,1,15:59
2024-25,1629634,Brandon Clarke,Brandon,1610612763,MEM,Memphis Grizzlies,0022400210,2024-11-10T00:00:00,MEM @ POR,W,15.983333333333333,9.0,15.8,0.571,2.3,9.0,0.25,0.0,0.0,0.0,6.8,6.8,13.5,2.3,0.0,2.3,0.0,0.0,4.5,0.0,20.3,45.0,46.6,0,0,42.8,1,1,13086,1,18936,4688,7448,6538,9038,4809,11902,13505,14344,13505,1250,6776,2480,15425,16469,5208,8263,8846,5766,17725,7685,703,4482,2246,150,5254,1,15:59
2024-25,1629001,De'Anthony Melton,De'Anthony,1610612744,GSW,Golden State Warriors,0022400207,2024-11-10T00:00:00,GSW @ OKC,W,26.8,6.7,14.8,0.455,6.7,10.7,0.625,5.4,8.1,0.667,2.7,10.7,13.4,2.7,5.4,4.0,0.0,0.0,2.7,5.4,25.5,10.7,52.4,1,0,56.4,1,1,13086,1,10488,9648,8944,12676,886,2725,2868,3557,2479,9425,6133,2046,2519,13945,1925,1605,8263,8846,12092,3517,3926,7346,2622,1,150,1244,1,26:48
2024-25,203999,Nikola Jokić,Nikola,1610612743,DEN,Denver Nuggets,0022400208,2024-11-10T00:00:00,DEN vs. DAL,W,38.00333333333333,12.3,19.9,0.619,2.8,2.8,1.0,7.6,7.6,1.0,7.6,9.5,17.1,14.2,3.8,2.8,0.0,1.9,1.9,5.7,35.0,12.3,81.6,1,1,74.8,1,1,13086,1,1386,1346,3041,5227,7078,17975,1,1624,2836,1,924,3048,1116,370,4352,3572,8263,3572,15717,3058,948,6669,172,1,1,237,1,38:00
2024-25,1631097,Bennedict Mathurin,Bennedict,1610612754,IND,Indiana Pacers,0022400203,2024-11-10T00:00:00,IND vs. NYK,W,41.406666666666666,11.3,15.6,0.722,6.1,7.8,0.778,4.3,5.2,0.833,1.7,5.2,7.0,1.7,0.9,0.0,0.9,0.0,3.5,3.5,33.0,13.9,45.7,0,0,49.6,1,1,13086,1,309,2010,7627,2738,1245,6763,1530,5075,5587,7275,9449,10249,10228,17264,16400,12854,8161,8846,8814,7724,1311,6046,4851,2246,150,2652,1,41:24
2024-25,203507,Giannis Antetokounmpo,Giannis,1610612749,MIL,Milwaukee Bucks,0022400202,2024-11-10T00:00:00,MIL vs. BOS,L,39.153333333333336,16.6,26.7,0.621,0.9,1.8,0.5,5.5,9.2,0.6,0.9,11.0,12.0,4.6,0.9,0.0,1.8,0.9,3.7,6.4,39.5,-5.5,65.4,1,0,60.7,1,13222,1,13222,831,312,541,5223,14904,19853,3944,3398,1771,10343,13831,1891,3534,8421,16289,12854,3960,8561,8177,2143,476,15841,678,1,150,760,1,39:09
2024-25,1630643,Jay Huff,Jay,1610612763,MEM,Memphis Grizzlies,0022400210,2024-11-10T00:00:00,MEM @ POR,W,19.666666666666668,7.3,14.6,0.5,3.7,11.0,0.333,3.7,3.7,1.0,0.0,3.7,3.7,0.0,1.8,0.0,11.0,0.0,3.7,1.8,22.0,16.5,57.5,0,0,51.3,1,1,13086,1,16285,8182,9139,8526,4777,2505,9209,6367,8564,1,14058,14752,18176,19908,11408,12854,51,8846,8224,13803,6250,5080,1558,2246,150,2213,1,19:40
2024-25,1628449,Chris Boucher,Chris,1610612761,TOR,Toronto Raptors,0022400211,2024-11-10T00:00:00,TOR @ LAL,L,19.983333333333334,10.8,16.2,0.667,3.6,7.2,0.5,7.2,9.0,0.8,3.6,5.4,9.0,5.4,1.8,1.8,0.0,0.0,0.0,5.4,32.4,-12.6,54.9,0,0,54.0,1,13222,1,13222,16026,2411,6815,3281,4920,8036,3944,1867,1861,7681,4207,9775,6719,6628,11550,7249,8263,8846,20257,3472,1430,18984,1992,2246,150,1612,1,19:59
2024-25,1630228,Jonathan Kuminga,Jonathan,1610612744,GSW,Golden State Warriors,0022400207,2024-11-10T00:00:00,GSW @ OKC,W,26.37,10.9,15.0,0.727,2.7,5.5,0.5,2.7,4.1,0.667,1.4,5.5,6.8,1.4,2.7,0.0,1.4,1.4,2.7,4.1,27.3,9.6,38.9,0,0,41.0,1,1,13086,1,10844,2329,8584,2666,7446,12057,3944,8507,7637,9425,10902,9644,10472,18449,7439,12854,5389,5334,11916,6062,3064,7921,8472,2246,150,6229,1,26:22
2024-25,202681,Kyrie Irving,Kyrie,1610612742,DAL,Dallas Mavericks,0022400208,2024-11-10T00:00:00,DAL @ DEN,L,35.11666666666667,17.4,22.6,0.773,6.2,8.2,0.75,3.1,3.1,1.0,0.0,5.1,5.1,5.1,1.0,1.0,1.0,1.0,1.0,3.1,44.1,-6.2,63.0,0,0,64.6,1,13222,1,13222,3373,248,1563,2077,1196,6081,1542,7607,9782,1,14058,10487,14448,7187,15670,11712,7313,7704,19547,8972,280,16133,871,2246,150,497,1,35:07
2024-25,1630658,Colin Castleton,Colin,1610612763,MEM,Memphis Grizzlies,0022400210,2024-11-10T00:00:00,MEM @ POR,W,7.0,0.0,5.1,0.0,0.0,5.1,0.0,20.6,20.6,1.0,0.0,20.6,20.6,0.0,0.0,0.0,0.0,0.0,0.0,10.3,20.6,30.9,45.3,0,0,41.1,1,1,13086,1,23170,22635,23358,22635,15070,12839,15070,70,130,1,14058,152,457,19908,16469,12854,8263,8846,20257,363,7422,1851,5060,2246,150,6110,1,7:00
2024-25,1628991,Jaren Jackson Jr.,Jaren,1610612763,MEM,Memphis Grizzlies,0022400210,2024-11-10T00:00:00,MEM @ POR,W,23.566666666666666,9.2,18.3,0.5,4.6,10.7,0.429,7.6,9.2,0.833,0.0,10.7,10.7,3.1,6.1,4.6,0.0,1.5,1.5,4.6,30.6,32.1,55.6,0,0,58.0,1,1,13086,1,13257,4413,4348,8526,2919,2777,7394,1584,1785,7275,14058,2077,4705,12740,1321,1161,8263,4664,17120,4981,1911,1723,1879,2246,150,1019,1,23:34
2024-25,1631108,Max Christie,Max,1610612747,LAL,Los Angeles Lakers,0022400211,2024-11-10T00:00:00,LAL vs. TOR,W,1.6666666666666667,21.6,21.6,1.0,21.6,21.6,1.0,0.0,0.0,0.0,0.0,21.6,21.6,0.0,0.0,21.6,0.0,0.0,0.0,0.0,64.8,0.0,155.5,0,0,151.2,1,1,13086,1,25675,109,1986,1,23,181,1,13505,14344,13505,14058,128,361,19908,16469,17,8263,8846,20257,17725,66,12240,17,2246,150,15,1,1:40
2024-25,1630559,Austin Reaves,Austin,1610612747,LAL,Los Angeles Lakers,0022400211,2024-11-10T00:00:00,LAL vs. TOR,W,32.583333333333336,11.0,18.8,0.588,3.3,9.9,0.333,4.4,5.5,0.8,0.0,1.1,1.1,6.6,0.0,1.1,0.0,0.0,4.4,6.6,29.8,12.2,44.4,0,0,43.1,1,1,13086,1,5492,2220,3943,6229,5615,3558,9209,4958,5151,7681,14058,21745,23077,4532,16469,10976,8263,8846,5971,1960,2148,6732,5453,2246,150,5096,1,32:35
2024-25,1631222,Jake LaRavia,Jake,1610612763,MEM,Memphis Grizzlies,0022400210,2024-11-10T00:00:00,MEM @ POR,W,23.483333333333334,9.2,13.8,0.667,3.1,4.6,0.667,6.1,6.1,1.0,3.1,3.1,6.1,3.1,3.1,4.6,4.6,1.5,3.1,6.1,27.6,35.3,64.1,0,0,58.3,1,1,13086,1,13320,4359,10492,3281,6306,14197,1957,2747,4310,1,5197,16503,11972,12705,6240,1147,650,4650,10406,2470,2934,1367,775,2246,150,991,1,23:29
2024-25,201939,Stephen Curry,Stephen,1610612744,GSW,Golden State Warriors,0022400207,2024-11-10T00:00:00,GSW @ OKC,W,36.5,12.8,22.7,0.565,6.9,12.8,0.538,3.0,3.9,0.75,1.0,3.9,4.9,6.9,3.0,1.0,1.0,2.0,2.0,2.0,35.5,20.7,54.7,0,0,58.2,1,1,13086,1,2337,1095,1505,7102,794,1376,3915,7926,7956,8186,13364,13888,14975,4127,6618,12071,7563,3306,15287,13198,901,3753,2042,2246,150,1002,1,36:30
2024-25,1641724,Jett Howard,Jett,1610612753,ORL,Orlando Magic,0022400204,2024-11-10T00:00:00,ORL vs. WAS,W,5.483333333333333,19.7,19.7,1.0,19.7,19.7,1.0,0.0,0.0,0.0,0.0,0.0,0.0,0.0,0.0,0.0,0.0,0.0,0.0,0.0,59.1,26.3,59.1,0,0,78.8,1,1,13086,1,23796,149,3183,1,32,250,1,13505,14344,13505,14058,22137,23286,19908,16469,12854,8263,8846,20257,17725,92,2565,1317,2246,150,175,1,5:29
2024-25,1629060,Rui Hachimura,Rui,1610612747,LAL,Los Angeles Lakers,0022400211,2024-11-10T00:00:00,LAL vs. TOR,W,31.666666666666668,2.3,12.5,0.182,0.0,5.7,0.0,0.0,0.0,0.0,3.4,2.3,5.7,0.0,0.0,2.3,1.1,0.0,2.3,1.1,4.5,6.8,21.6,0,0,17.1,1,1,13086,1,6258,20899,12722,21891,15070,11488,15070,13505,14344,13505,4517,18843,13062,19908,16469,5130,6561,8846,13756,16731,22268,9222,20362,2246,150,22286,1,31:40
2024-25,1628384,OG Anunoby,OG,1610612752,NYK,New York Knicks,0022400203,2024-11-10T00:00:00,NYK @ IND,L,36.095,9.0,14.0,0.643,3.0,4.0,0.75,4.0,4.0,1.0,2.0,2.0,4.0,2.0,3.0,2.0,0.0,1.0,3.0,2.0,24.9,-2.0,35.7,0,0,37.9,1,13222,1,13222,2618,4754,10226,4607,6549,15604,1542,5711,7857,1,8411,19682,17344,16394,6519,6274,8263,7953,10772,13106,4248,14043,10573,2246,150,8083,1,36:06
2024-25,1629048,Goga Bitadze,Goga,1610612753,ORL,Orlando Magic,0022400204,2024-11-10T00:00:00,ORL vs. WAS,W,21.65,8.3,10.0,0.833,0.0,0.0,0.0,0.0,0.0,0.0,10.0,10.0,20.0,5.0,0.0,0.0,1.7,1.7,1.7,1.7,16.6,21.6,53.0,1,0,44.9,1,1,13086,1,14796,5958,17091,1514,15070,20945,15070,13505,14344,13505,408,2601,541,7489,16469,12854,4392,4244,16653,14401,11245,3549,2440,1,150,4312,1,21:39
2024-25,1629021,Moritz Wagner,Moritz,1610612753,ORL,Orlando Magic,0022400204,2024-11-10T00:00:00,ORL vs. WAS,W,22.583333333333332,8.0,19.1,0.417,3.2,9.6,0.333,6.4,11.2,0.571,3.2,6.4,9.6,3.2,0.0,1.6,0.0,1.6,3.2,8.0,25.5,28.7,46.5,0,0,44.6,1,1,13086,1,14045,6686,3640,14532,5983,4020,9209,2524,979,10536,4967,7547,5967,12363,16469,8008,8263,4448,9908,1034,3936,2151,4515,2246,150,4413,1,22:35
2024-25,1641744,Zach Edey,Zach,1610612763,MEM,Memphis Grizzlies,0022400210,2024-11-10T00:00:00,MEM @ POR,W,24.35,7.4,10.3,0.714,1.5,1.5,1.0,1.5,3.0,0.5,4.4,4.4,8.9,3.0,8.9,5.9,1.5,1.5,5.9,1.5,17.7,34.0,46.1,0,0,45.8,1,1,13086,1,12606,8031,16465,2752,12128,20292,1,11832,10077,10625,3002,12436,6923,13068,439,498,4927,4847,3056,15096,10093,1504,4686,2246,150,3888,1,24:21
2024-25,1631323,Simone Fontecchio,Simone,1610612765,DET,Detroit Pistons,0022400201,2024-11-10T00:00:00,DET vs. HOU,L,16.766666666666666,2.1,8.6,0.25,2.1,6.4,0.333,4.3,4.3,1.0,0.0,8.6,8.6,4.3,0.0,0.0,0.0,0.0,0.0,4.3,10.7,-10.7,27.5,0,0,25.8,1,13222,1,13222,18408,21150,19369,20233,9472,9670,9209,5161,7221,1,14058,3953,7330,9135,16469,12854,8263,8846,20257,5599,17443,18197,16595,2246,150,17093,1,16:46
2024-25,1631172,Ousmane Dieng,Ousmane,1610612760,OKC,Oklahoma City Thunder,0022400207,2024-11-10T00:00:00,OKC vs. GSW,L,11.083333333333334,3.2,16.2,0.2,0.0,6.5,0.0,0.0,0.0,0.0,6.5,6.5,13.0,6.5,0.0,0.0,0.0,3.2,6.5,0.0,6.5,13.0,31.8,0,0,26.0,1,13222,1,13222,21667,18890,6763,21401,15070,9554,15070,13505,14344,13505,1370,7319,2811,4719,16469,12854,8263,1103,2403,17725,21048,6404,13453,2246,150,16945,1,11:05
2024-25,1629675,Naz Reid,Naz,1610612750,MIN,Minnesota Timberwolves,0022400206,2024-11-10T00:00:00,MIN vs. MIA,L,22.53,8.0,17.6,0.455,6.4,11.2,0.571,1.6,1.6,1.0,1.6,3.2,4.8,3.2,1.6,0.0,0.0,0.0,3.2,1.6,24.0,16.0,32.9,0,0,38.3,1,13222,1,13222,14090,6653,5163,12676,1063,2351,3506,11601,13395,1,9930,16102,15317,12336,12344,12854,8263,8846,9886,14642,4828,5256,12652,2246,150,7800,1,22:32
2024-25,1631106,Tari Eason,Tari,1610612745,HOU,Houston Rockets,0022400201,2024-11-10T00:00:00,HOU @ DET,W,27.35,9.2,15.8,0.583,2.6,5.3,0.5,2.6,3.9,0.667,5.3,6.6,11.8,1.3,2.6,1.3,1.3,0.0,3.9,2.6,23.7,9.2,45.1,0,0,44.8,1,1,13086,1,10062,4336,7415,6296,7735,12555,3944,8730,7948,9425,2128,7143,3619,18609,7761,9372,5581,8846,7285,10538,4983,8084,5104,2246,150,4372,1,27:21
2024-25,1628998,Cody Martin,Cody,1610612766,CHA,Charlotte Hornets,0022400205,2024-11-10T00:00:00,CHA @ PHI,L,32.45166666666667,3.3,8.9,0.375,1.1,5.5,0.2,0.0,0.0,0.0,0.0,6.7,6.7,5.5,3.3,2.2,0.0,0.0,3.3,1.1,7.8,3.3,27.4,0,0,25.5,1,13222,1,13222,5596,18688,18903,16299,13892,11856,13429,13505,14344,13505,14058,6989,10834,6345,5432,5323,8263,8846,9351,16868,20111,10961,16660,2246,150,17269,1,32:27
2024-25,1627780,Gary Payton II,Gary,1610612744,GSW,Golden State Warriors,0022400207,2024-11-10T00:00:00,GSW @ OKC,W,12.283333333333333,8.8,8.8,1.0,0.0,0.0,0.0,2.9,5.9,0.5,2.9,0.0,2.9,2.9,2.9,0.0,0.0,0.0,14.7,5.9,20.5,5.9,25.5,0,0,26.4,1,1,13086,1,21109,5095,19036,1,15070,20945,15070,8008,4666,10625,5505,22137,19905,13158,6714,12854,8263,8846,265,2801,7479,9678,17940,2246,150,16646,1,12:17
2024-25,1629684,Grant Williams,Grant,1610612766,CHA,Charlotte Hornets,0022400205,2024-11-10T00:00:00,CHA @ PHI,L,38.233333333333334,5.6,13.2,0.429,1.9,6.6,0.286,2.8,3.8,0.75,0.9,2.8,3.8,1.9,2.8,1.9,2.8,0.0,3.8,3.8,16.0,-4.7,34.7,0,0,33.0,1,13222,1,13222,1252,12561,11513,13735,10708,9338,11433,8276,8333,8186,13711,17318,17903,16810,7126,6845,1917,8846,7854,6944,11916,15423,11332,2246,150,11683,1,38:14
2024-25,1630579,Jericho Sims,Jericho,1610612752,NYK,New York Knicks,0022400203,2024-11-10T00:00:00,NYK @ IND,L,9.133333333333333,3.9,3.9,1.0,0.0,0.0,0.0,0.0,0.0,0.0,0.0,7.9,7.9,0.0,3.9,0.0,0.0,0.0,3.9,0.0,7.9,7.9,13.4,0,0,15.8,1,13222,1,13222,22406,17227,24112,1,15070,20945,15070,13505,14344,13505,14058,4883,8489,19908,3986,12854,8263,8846,7305,17725,20009,8693,23663,2246,150,22799,1,9:08
2024-25,203944,Julius Randle,Julius,1610612750,MIN,Minnesota Timberwolves,0022400206,2024-11-10T00:00:00,MIN vs. MIA,L,35.71666666666667,6.0,16.1,0.375,1.0,6.0,0.167,4.0,4.0,1.0,2.0,4.0,6.0,6.0,4.0,1.0,0.0,2.0,4.0,2.0,17.1,-2.0,32.5,0,0,32.3,1,13222,1,13222,2887,11373,6935,16299,14498,10579,14236,5643,7780,1,8315,13622,12169,5403,3819,11881,8263,3179,7054,13005,10696,14054,12979,2246,150,12163,1,35:43
2024-25,1630702,Jaden Hardy,Jaden,1610612742,DAL,Dallas Mavericks,0022400208,2024-11-10T00:00:00,DAL @ DEN,L,18.588333333333335,1.9,13.6,0.143,0.0,9.7,0.0,0.0,0.0,0.0,1.9,1.9,3.9,5.8,1.9,1.9,0.0,0.0,1.9,0.0,3.9,0.0,21.1,0,0,17.4,1,13222,1,13222,17120,21523,10904,22260,15070,3878,15070,13505,14344,13505,8681,19876,17646,5838,10868,6585,8263,8846,15482,17725,22616,12240,20630,2246,150,22117,1,18:35
2024-25,201566,Russell Westbrook,Russell,1610612743,DEN,Denver Nuggets,0022400208,2024-11-10T00:00:00,DEN vs. DAL,W,19.841666666666665,5.4,18.1,0.3,0.0,3.6,0.0,0.0,0.0,0.0,3.6,5.4,9.1,9.1,3.6,1.8,0.0,0.0,3.6,0.0,10.9,-23.6,37.2,0,0,32.7,1,1,13086,1,16149,13149,4516,19363,15070,16377,15070,13505,14344,13505,4163,9687,6631,1963,4717,7186,8263,8846,8333,17725,17278,22472,9537,2246,150,11901,1,19:51
2024-25,1627752,Taurean Prince,Taurean,1610612749,MIL,Milwaukee Bucks,0022400202,2024-11-10T00:00:00,MIL vs. BOS,L,38.14666666666667,2.8,5.7,0.5,2.8,3.8,0.75,0.0,0.0,0.0,0.9,7.5,8.5,2.8,2.8,1.9,0.0,0.9,0.9,0.0,8.5,-8.5,25.8,0,0,26.4,1,13222,1,13222,1304,19806,22932,8526,7114,16049,1542,13505,14344,13505,13695,5403,7475,13493,7109,6824,8263,8388,20001,17725,19519,17179,17772,2246,150,16601,1,38:09
2024-25,1641712,Rayan Rupert,Rayan,1610612757,POR,Portland Trail Blazers,0022400210,2024-11-10T00:00:00,POR vs. MEM,L,15.333333333333334,2.3,9.4,0.25,0.0,4.7,0.0,0.0,0.0,0.0,7.0,4.7,11.7,0.0,4.7,0.0,0.0,2.3,2.3,0.0,4.7,-35.2,14.1,0,0,16.4,1,13222,1,13222,19352,20762,18128,20233,15070,13963,15070,13505,14344,13505,1127,11715,3721,19908,2724,12854,8263,2338,13448,17725,22192,24435,23478,2246,150,22533,1,15:20
2024-25,1641783,Tristan da Silva,Tristan,1610612753,ORL,Orlando Magic,0022400204,2024-11-10T00:00:00,ORL vs. WAS,W,31.616666666666667,4.6,10.2,0.444,2.3,5.7,0.4,1.1,1.1,1.0,1.1,3.4,4.6,2.3,2.3,2.3,0.0,1.1,5.7,1.1,12.5,23.9,26.0,0,0,26.2,1,1,13086,1,6321,15618,16650,13045,8938,11470,7874,12789,13981,1,12197,15474,15910,15313,9175,5121,8263,6721,3399,16714,15572,3044,17646,2246,150,16803,1,31:37
2024-25,1630224,Jalen Green,Jalen,1610612745,HOU,Houston Rockets,0022400201,2024-11-10T00:00:00,HOU @ DET,W,33.85166666666667,6.4,18.1,0.353,1.1,6.4,0.167,2.1,2.1,1.0,0.0,5.3,5.3,3.2,2.1,2.1,1.1,0.0,5.3,2.1,16.0,-7.4,34.6,0,0,31.9,1,1,13086,1,4398,10492,4579,17268,14174,9802,14236,10211,12331,1,14058,9988,13999,12357,9872,5673,7036,8846,3992,12500,11965,16701,11402,2246,150,12453,1,33:51
2024-25,1630540,Miles McBride,Miles,1610612752,NYK,New York Knicks,0022400203,2024-11-10T00:00:00,NYK @ IND,L,29.31,3.7,11.1,0.333,1.2,6.1,0.2,0.0,0.0,0.0,0.0,1.2,1.2,1.2,1.2,2.5,0.0,1.2,3.7,2.5,8.6,-6.1,18.1,0,0,17.2,1,13222,1,13222,8397,17879,15271,17395,13217,10341,13429,13505,14344,13505,14058,21447,22907,18925,14244,4518,8263,6073,8145,11140,19431,16127,22067,2246,150,22218,1,29:19
2024-25,203914,Gary Harris,Gary,1610612753,ORL,Orlando Magic,0022400204,2024-11-10T00:00:00,ORL vs. WAS,W,18.716666666666665,3.8,7.7,0.5,3.8,7.7,0.5,0.0,0.0,0.0,0.0,1.9,1.9,0.0,1.9,0.0,0.0,0.0,0.0,0.0,11.5,17.3,11.9,0,0,17.3,1,1,13086,1,17025,17460,20660,8526,4324,7015,3944,13505,14344,13505,14058,19910,21959,19908,10933,12854,8263,8846,20257,17725,16627,4805,24023,2246,150,22170,1,18:43
2024-25,1630532,Franz Wagner,Franz,1610612753,ORL,Orlando Magic,0022400204,2024-11-10T00:00:00,ORL vs. WAS,W,28.65,11.3,25.1,0.45,1.3,6.3,0.2,5.0,5.0,1.0,0.0,5.0,5.0,8.8,0.0,1.3,0.0,3.8,0.0,8.8,28.9,20.1,51.9,0,0,46.5,1,1,13086,1,8973,1998,795,12982,13059,10014,13429,3996,5873,1,14058,10806,14735,2189,16469,9747,8263,752,20257,719,2456,3918,2728,2246,150,3661,1,28:39
2024-25,203939,Dwight Powell,Dwight,1610612742,DAL,Dallas Mavericks,0022400208,2024-11-10T00:00:00,DAL @ DEN,L,14.2,5.1,7.6,0.667,0.0,0.0,0.0,7.6,10.1,0.75,5.1,7.6,12.7,2.5,0.0,2.5,0.0,2.5,7.6,7.6,17.7,7.6,44.4,0,0,38.0,1,13222,1,13222,20077,14176,20782,3281,15070,20945,15070,1604,1314,8186,2303,5312,3017,14422,16469,4285,8263,1979,1568,1250,10089,8827,5487,2246,150,8009,1,14:12
2024-25,1642259,Alex Sarr,Alex,1610612764,WAS,Washington Wizards,0022400204,2024-11-10T00:00:00,WAS @ ORL,L,24.85,4.3,14.5,0.3,2.9,8.7,0.333,4.3,5.8,0.75,1.4,2.9,4.3,5.8,1.4,1.4,2.9,0.0,4.3,4.3,15.9,-27.5,41.4,0,0,37.7,1,13222,1,13222,12131,16212,9381,19363,6874,5280,9209,5077,4758,8186,10543,17097,16415,5867,13015,8644,1827,8846,6151,5475,11989,23347,6915,2246,150,8242,1,24:51
2024-25,1630264,Anthony Gill,Anthony,1610612764,WAS,Washington Wizards,0022400204,2024-11-10T00:00:00,WAS @ ORL,L,4.816666666666666,0.0,0.0,0.0,0.0,0.0,0.0,7.5,14.9,0.5,7.5,14.9,22.4,7.5,0.0,0.0,0.0,0.0,0.0,14.9,7.5,0.0,45.6,0,0,37.4,1,13222,1,13222,24081,22635,24836,22635,15070,20945,15070,1679,355,10625,965,582,313,3432,16469,12854,8263,8846,20257,102,20339,12240,4899,2246,150,8452,1,4:49
2024-25,1631099,Keegan Murray,Keegan,1610612758,SAC,Sacramento Kings,0022400209,2024-11-10T00:00:00,SAC @ PHX,W,42.58833333333333,4.2,9.3,0.455,1.7,5.1,0.333,1.7,1.7,1.0,0.8,11.0,11.8,0.8,0.0,0.0,0.0,0.0,4.2,1.7,11.8,7.6,27.3,1,0,26.2,1,1,13086,1,193,16530,18274,12676,11429,13023,9209,11437,13303,1,14006,1910,3628,19893,16469,12854,8263,8846,6488,14308,16311,8826,16744,1,150,16794,1,42:35
2024-25,1629111,Jock Landale,Jock,1610612745,HOU,Houston Rockets,0022400201,2024-11-10T00:00:00,HOU @ DET,W,16.716666666666665,0.0,6.5,0.0,0.0,2.2,0.0,6.5,8.6,0.75,2.2,8.6,10.8,0.0,2.2,0.0,0.0,2.2,6.5,4.3,6.5,-12.9,17.2,0,0,17.2,1,1,13086,1,18448,22635,22146,22635,15070,19257,15070,2436,2116,8186,7738,3923,4630,19908,9708,12854,8263,2755,2432,5567,21074,19096,22397,2246,150,22202,1,16:43
2024-25,1641842,Ronald Holland II,Ronald,1610612765,DET,Detroit Pistons,0022400201,2024-11-10T00:00:00,DET vs. HOU,L,13.3,2.7,16.2,0.167,2.7,16.2,0.167,2.7,5.4,0.5,0.0,2.7,2.7,0.0,2.7,0.0,0.0,0.0,2.7,5.4,10.8,-13.5,11.4,0,0,16.2,1,13222,1,13222,20597,20074,6763,21938,7516,490,14236,8567,5296,10625,14058,17676,20435,19908,7512,12854,8263,8846,12015,3458,17332,19318,24164,2246,150,22608,1,13:18
2024-25,1630193,Immanuel Quickley,Immanuel,1610612761,TOR,Toronto Raptors,0022400200,2024-11-09T00:00:00,TOR @ LAC,L,26.116666666666667,11.0,24.8,0.444,4.1,11.0,0.375,2.8,2.8,1.0,1.4,2.8,4.1,5.5,1.4,1.4,0.0,1.4,2.8,2.8,28.9,-8.3,44.9,0,0,45.5,1,13222,1,13222,11073,2238,872,13045,3707,2460,8800,8445,10592,1,10841,17541,16987,6400,13410,9016,8263,5269,11813,10118,2442,17082,5211,2246,150,4021,1,26:07
2024-25,1630558,Davion Mitchell,Davion,1610612761,TOR,Toronto Raptors,0022400200,2024-11-09T00:00:00,TOR @ LAC,L,21.938333333333333,3.3,14.8,0.222,1.6,8.2,0.2,3.3,6.6,0.5,3.3,3.3,6.6,6.6,0.0,0.0,0.0,1.6,3.3,3.3,11.5,3.3,29.2,0,0,26.3,1,13222,1,13222,14542,18804,8957,21205,11564,6077,13429,7144,3819,10625,4783,15846,11033,4623,16469,12854,8263,4335,9518,8304,16695,10984,15350,2246,150,16750,1,21:56
2024-25,1642271,Kyle Filipowski,Kyle,1610612762,UTA,Utah Jazz,0022400197,2024-11-09T00:00:00,UTA @ SAS,W,24.616666666666667,4.4,7.3,0.6,1.5,2.9,0.5,1.5,5.8,0.25,0.0,7.3,7.3,8.8,1.5,1.5,0.0,1.5,1.5,4.4,11.7,10.2,36.6,0,0,32.2,1,1,13086,1,12359,16104,21190,5394,12199,17810,3944,11872,4686,13358,14058,5816,9548,2205,12946,8568,8263,4925,17383,5384,16452,7590,9994,2246,150,12246,1,24:37
2024-25,1630170,Devin Vassell,Devin,1610612759,SAS,San Antonio Spurs,0022400197,2024-11-09T00:00:00,SAS vs. UTA,L,21.72833333333333,13.3,21.5,0.615,5.0,9.9,0.5,3.3,3.3,1.0,0.0,1.7,1.7,3.3,5.0,0.0,0.0,0.0,8.3,3.3,34.8,-21.5,36.8,0,0,44.7,1,13222,1,13222,14738,921,2012,5246,2318,3560,3944,7078,9273,1,14058,20545,22356,11930,2380,12854,8263,8846,1236,8211,994,21977,9851,2246,150,4380,1,21:44
2024-25,1630534,Ochai Agbaji,Ochai,1610612761,TOR,Toronto Raptors,0022400200,2024-11-09T00:00:00,TOR @ LAC,L,36.16,9.0,13.9,0.643,3.0,6.0,0.5,0.0,0.0,0.0,2.0,5.0,7.0,3.0,0.0,2.0,0.0,1.0,3.0,0.0,20.9,2.0,39.7,0,0,37.8,1,13222,1,13222,2564,4790,10264,4607,6568,10756,3944,13505,14344,13505,8429,10944,10197,12983,16469,6294,8263,7970,10790,17725,7161,11626,7943,2246,150,8146,1,36:10
2024-25,1629632,Coby White,Coby,1610612741,CHI,Chicago Bulls,0022400198,2024-11-09T00:00:00,CHI @ ATL,W,32.916666666666664,6.6,15.3,0.429,2.2,9.8,0.222,4.4,4.4,1.0,0.0,4.4,4.4,5.5,2.2,3.3,0.0,1.1,3.3,3.3,19.7,2.2,40.8,0,0,38.3,1,1,13086,1,5232,10033,8097,13735,9285,3673,13288,5035,7068,1,14058,12588,16348,6488,9562,2601,8263,7100,9521,8305,8173,11517,7278,2246,150,7843,1,32:55
2024-25,203991,Clint Capela,Clint,1610612737,ATL,Atlanta Hawks,0022400198,2024-11-09T00:00:00,ATL vs. CHI,L,25.583333333333332,11.3,19.7,0.571,0.0,0.0,0.0,5.6,5.6,1.0,7.0,5.6,12.7,1.4,1.4,0.0,1.4,4.2,2.8,4.2,28.1,-2.8,48.3,0,0,45.0,1,13222,1,13222,11499,2045,3181,6538,15070,20945,15070,3279,5003,1,1130,9232,3024,18325,13240,12854,5206,579,11579,5787,2731,14464,3890,2246,150,4252,1,25:35
2024-25,1630560,Cam Thomas,Cam,1610612751,BKN,Brooklyn Nets,0022400199,2024-11-09T00:00:00,BKN @ CLE,L,35.95,6.0,17.0,0.353,2.0,7.0,0.286,8.0,8.0,1.0,0.0,2.0,2.0,6.0,6.0,0.0,0.0,1.0,2.0,5.0,22.0,7.0,27.4,0,0,32.0,1,13222,1,13222,2713,11481,5780,17268,10147,8448,11433,1413,2513,1,14058,19652,21793,5473,1376,12854,8263,7909,15129,4107,6190,9129,16633,2246,150,12351,1,35:57
2024-25,1630811,Keaton Wallace,Keaton,1610612737,ATL,Atlanta Hawks,0022400198,2024-11-09T00:00:00,ATL vs. CHI,L,18.933333333333334,3.8,9.5,0.4,0.0,3.8,0.0,0.0,0.0,0.0,0.0,1.9,1.9,3.8,1.9,0.0,1.9,0.0,3.8,0.0,7.6,-9.5,19.4,0,0,17.1,1,13222,1,13222,16882,17556,17936,14933,15070,15989,15070,13505,14344,13505,14058,19967,22000,10489,11030,12854,3758,8846,7727,17725,20238,17676,21460,2246,150,22254,1,18:56
2024-25,1629661,Cameron Johnson,Cameron,1610612751,BKN,Brooklyn Nets,0022400199,2024-11-09T00:00:00,BKN @ CLE,L,31.3,9.2,15.0,0.615,4.6,8.1,0.571,3.5,3.5,1.0,1.2,4.6,5.8,1.2,0.0,0.0,0.0,1.2,0.0,4.6,26.5,4.6,35.1,0,0,38.0,1,13222,1,13222,6607,4352,8679,5246,2887,6363,3506,6791,8984,1,12102,11980,12904,19183,16469,12854,8263,6629,20257,4941,3451,10336,11005,2246,150,8055,1,31:18
2024-25,203903,Jordan Clarkson,Jordan,1610612762,UTA,Utah Jazz,0022400197,2024-11-09T00:00:00,UTA @ SAS,W,24.05,7.5,22.5,0.333,3.0,9.0,0.333,6.0,7.5,0.8,1.5,3.0,4.5,6.0,1.5,4.5,0.0,4.5,4.5,4.5,24.0,-16.5,50.3,0,0,46.4,1,1,13086,1,12844,7802,1606,17395,6545,4865,9209,2875,2921,7681,10335,16764,16070,5524,12758,1231,8263,486,5800,5164,4839,20434,3179,2246,150,3694,1,24:03
2024-25,1630188,Jalen Smith,Jalen,1610612741,CHI,Chicago Bulls,0022400198,2024-11-09T00:00:00,CHI @ ATL,W,16.558333333333334,8.7,21.7,0.4,4.3,10.9,0.4,0.0,0.0,0.0,2.2,8.7,10.9,4.3,2.2,0.0,2.2,0.0,4.3,2.2,21.7,13.0,45.7,0,0,45.7,1,1,13086,1,18567,5272,1933,14933,3317,2611,7874,13505,14344,13505,7676,3842,4532,9012,9619,12854,3003,8846,6144,12269,6430,6375,4876,2246,150,3953,1,16:34
2024-25,1631104,Blake Wesley,Blake,1610612759,SAS,San Antonio Spurs,0022400197,2024-11-09T00:00:00,SAS vs. UTA,L,18.966666666666665,3.8,7.6,0.5,0.0,0.0,0.0,1.9,1.9,1.0,0.0,0.0,0.0,3.8,3.8,1.9,0.0,1.9,1.9,5.7,9.5,-7.6,17.1,0,0,17.1,1,13222,1,13222,16851,17575,20802,8526,15070,20945,15070,10959,12984,1,14058,22137,23286,10504,4329,6775,8263,3551,15682,3042,18645,16776,22452,2246,150,22268,1,18:58
2024-25,201988,Patty Mills,Patty,1610612762,UTA,Utah Jazz,0022400197,2024-11-09T00:00:00,UTA @ SAS,W,14.455,5.0,7.5,0.667,2.5,5.0,0.5,0.0,0.0,0.0,0.0,2.5,2.5,0.0,5.0,0.0,0.0,0.0,2.5,2.5,12.5,10.0,10.5,0,0,17.4,1,1,13086,1,19912,14451,20975,3281,8178,13249,3944,13505,14344,13505,14058,18210,20831,19908,2361,12854,8263,8846,12840,11027,15649,7714,24342,2246,150,22113,1,14:27
2024-25,1629640,Keldon Johnson,Keldon,1610612759,SAS,San Antonio Spurs,0022400197,2024-11-09T00:00:00,SAS vs. UTA,L,30.283333333333335,4.8,11.9,0.4,1.2,7.1,0.167,5.9,7.1,0.833,1.2,3.6,4.8,5.9,1.2,2.4,2.4,0.0,3.6,4.8,16.6,-21.4,44.3,0,0,38.0,1,13222,1,13222,7510,15100,13783,14933,13432,8185,14236,2921,3236,7275,11872,15034,15426,5598,14529,4774,2597,8846,8541,4602,11231,21935,5501,2246,150,8002,1,30:17
2024-25,1626181,Norman Powell,Norman,1610612746,LAC,LA Clippers,0022400200,2024-11-09T00:00:00,LAC vs. TOR,W,35.04666666666667,7.2,14.4,0.5,3.1,6.2,0.5,7.2,9.2,0.778,0.0,3.1,3.1,3.1,3.1,1.0,1.0,1.0,2.1,5.1,24.7,0.0,36.1,0,0,38.0,1,1,13086,1,3430,8478,9565,8526,6265,10286,3944,1878,1741,8092,14058,16457,19519,12660,6183,11692,7291,7690,14851,3873,4390,12240,10332,2246,150,8025,1,35:03
2024-25,1642419,Jamison Battle,Jamison,1610612761,TOR,Toronto Raptors,0022400200,2024-11-09T00:00:00,TOR @ LAC,L,13.956666666666667,2.6,12.9,0.2,2.6,12.9,0.2,0.0,0.0,0.0,0.0,5.2,5.2,2.6,0.0,0.0,0.0,0.0,5.2,0.0,7.7,-7.7,17.8,0,0,18.1,1,13222,1,13222,20219,20312,12045,21401,7895,1349,13429,13505,14344,13505,14058,10397,14374,14282,16469,12854,8263,8846,4267,17725,20136,16849,22179,2246,150,21839,1,13:57
2024-25,1628386,Jarrett Allen,Jarrett,1610612739,CLE,Cleveland Cavaliers,0022400199,2024-11-09T00:00:00,CLE vs. BKN,W,21.116666666666667,1.7,10.2,0.167,0.0,0.0,0.0,3.4,3.4,1.0,1.7,3.4,5.1,0.0,5.1,1.7,1.7,3.4,3.4,3.4,6.8,-23.9,18.1,0,0,18.8,1,1,13086,1,15206,21894,16686,21938,15070,20945,15070,6878,9069,1,9562,15490,14479,19908,2208,7591,4281,985,9045,7919,20852,22539,22061,2246,150,21508,1,21:07
2024-25,1627739,Kris Dunn,Kris,1610612746,LAC,LA Clippers,0022400200,2024-11-09T00:00:00,LAC vs. TOR,W,19.883333333333333,5.4,5.4,1.0,1.8,1.8,1.0,0.0,0.0,0.0,0.0,5.4,5.4,0.0,1.8,1.8,0.0,0.0,1.8,0.0,12.7,-7.2,22.8,0,0,23.5,1,1,13086,1,16109,13187,23141,1,11031,19901,1,13505,14344,13505,14058,9709,13726,19908,11496,7201,8263,8846,16122,17725,15423,16610,19677,2246,150,18649,1,19:53
2024-25,1641824,Matas Buzelis,Matas,1610612741,CHI,Chicago Bulls,0022400198,2024-11-09T00:00:00,CHI @ ATL,W,5.366666666666666,0.0,0.0,0.0,0.0,0.0,0.0,0.0,13.4,0.0,0.0,6.7,6.7,0.0,13.4,0.0,0.0,0.0,13.4,6.7,0.0,-53.7,-5.4,0,0,6.7,1,1,13086,1,23832,22635,24836,22635,15070,20945,15070,13505,540,13505,14058,6874,10711,19908,144,12854,8263,8846,307,1892,23200,25529,26177,2246,150,24924,1,5:22
2024-25,1630533,Ziaire Williams,Ziaire,1610612751,BKN,Brooklyn Nets,0022400199,2024-11-09T00:00:00,BKN @ CLE,L,20.233333333333334,0.0,5.3,0.0,0.0,3.6,0.0,0.0,0.0,0.0,0.0,5.3,5.3,0.0,3.6,1.8,0.0,1.8,3.6,1.8,0.0,-26.7,8.2,0,0,8.9,1,13222,1,13222,15838,22635,23230,22635,15070,16533,15070,13505,14344,13505,14058,9929,13946,19908,4880,7337,8263,3955,8567,14004,23200,23174,24673,2246,150,24628,1,20:14
2024-25,1630577,Julian Champagnie,Julian,1610612759,SAS,San Antonio Spurs,0022400197,2024-11-09T00:00:00,SAS vs. UTA,L,24.68,2.9,10.2,0.286,1.5,8.8,0.167,0.0,0.0,0.0,0.0,8.8,8.8,2.9,2.9,0.0,1.5,0.0,4.4,0.0,7.3,19.0,23.6,0,0,23.3,1,13222,1,13222,12300,19614,16717,19630,12218,5178,14236,13505,14344,13505,14058,3774,7099,13217,6781,12854,5008,8846,6085,17725,20491,4272,19181,2246,150,18780,1,24:41
2024-25,1629726,Garrison Mathews,Garrison,1610612737,ATL,Atlanta Hawks,0022400198,2024-11-09T00:00:00,ATL vs. CHI,L,18.566666666666666,3.9,9.7,0.4,1.9,5.8,0.333,5.8,7.8,0.75,0.0,1.9,1.9,0.0,0.0,1.9,0.0,0.0,1.9,5.8,15.5,7.8,23.7,0,0,23.3,1,13222,1,13222,17135,17382,17588,14933,10459,11168,9209,3068,2702,8186,14058,19864,21935,19908,16469,6569,8263,8846,15464,2871,12409,8749,19171,2246,150,18826,1,18:34
2024-25,1630245,Ayo Dosunmu,Ayo,1610612741,CHI,Chicago Bulls,0022400198,2024-11-09T00:00:00,CHI @ ATL,W,30.6,8.2,11.8,0.7,2.4,3.5,0.667,3.5,3.5,1.0,0.0,2.4,2.4,4.7,2.4,0.0,1.2,1.2,1.2,2.4,22.4,12.9,33.4,0,0,34.1,1,1,13086,1,7219,6128,14005,3045,8654,16592,1957,6645,8832,1,14058,18611,21093,8173,8848,12854,6323,6430,18677,11525,5961,6418,12258,2246,150,10765,1,30:36
2024-25,1642262,Cody Williams,Cody,1610612762,UTA,Utah Jazz,0022400197,2024-11-09T00:00:00,UTA @ SAS,W,16.983333333333334,0.0,6.4,0.0,0.0,4.2,0.0,0.0,0.0,0.0,0.0,2.1,2.1,2.1,4.2,2.1,2.1,0.0,0.0,0.0,0.0,-8.5,14.2,0,0,12.7,1,1,13086,1,18265,22635,22258,22635,15070,15027,15070,13505,14344,13505,14058,19307,21579,15928,3430,5698,3149,8846,20257,17725,23200,17174,23429,2246,150,23798,1,16:59
2024-25,1628975,Jevon Carter,Jevon,1610612741,CHI,Chicago Bulls,0022400198,2024-11-09T00:00:00,CHI @ ATL,W,8.5,0.0,12.7,0.0,0.0,8.5,0.0,0.0,0.0,0.0,0.0,0.0,0.0,0.0,0.0,0.0,0.0,0.0,0.0,0.0,0.0,42.4,0.0,0,0,0.0,1,1,13086,1,22629,22635,12373,22635,15070,5630,15070,13505,14344,13505,14058,22137,23286,19908,16469,12854,8263,8846,20257,17725,23200,814,25228,2246,150,25259,1,8:30
2024-25,1627826,Ivica Zubac,Ivica,1610612746,LAC,LA Clippers,0022400200,2024-11-09T00:00:00,LAC vs. TOR,W,38.32833333333333,6.6,11.3,0.583,0.0,0.0,0.0,0.0,0.0,0.0,1.9,9.4,11.3,0.9,0.9,1.9,2.8,1.9,2.8,2.8,13.1,-5.6,41.2,1,0,34.8,1,1,13086,1,1205,10004,14886,6296,15070,20945,15070,13505,14344,13505,8901,3116,4173,19821,16202,6860,1926,3633,11562,9905,14937,15892,7031,1,150,10260,1,38:20
2024-25,1630172,Patrick Williams,Patrick,1610612741,CHI,Chicago Bulls,0022400198,2024-11-09T00:00:00,CHI @ ATL,W,29.133333333333333,3.7,11.1,0.333,0.0,4.9,0.0,4.9,4.9,1.0,2.5,6.2,8.6,3.7,2.5,2.5,2.5,2.5,2.5,2.5,12.4,13.6,40.7,0,0,34.6,1,1,13086,1,8558,17819,15157,17395,15070,13333,15070,4127,6037,1,6706,7949,7226,10772,8363,4465,2430,2086,12906,11095,15755,6169,7358,2246,150,10366,1,29:08
2024-25,203897,Zach LaVine,Zach,1610612741,CHI,Chicago Bulls,0022400198,2024-11-09T00:00:00,CHI @ ATL,W,31.583333333333332,8.0,13.7,0.583,1.1,5.7,0.2,3.4,4.6,0.75,0.0,2.3,2.3,8.0,3.4,1.1,0.0,0.0,1.1,3.4,20.5,5.7,35.2,0,0,34.2,1,1,13086,1,6350,6669,10684,6296,13711,11446,13429,6854,6730,8186,14058,18824,21247,2910,5189,10678,8263,8846,18863,7896,7475,9754,10920,2246,150,10701,1,31:35
2024-25,1629599,Amir Coffey,Amir,1610612746,LAC,LA Clippers,0022400200,2024-11-09T00:00:00,LAC vs. TOR,W,23.083333333333332,3.1,9.4,0.333,1.6,3.1,0.5,1.6,3.1,0.5,0.0,1.6,1.6,0.0,0.0,0.0,0.0,0.0,1.6,1.6,9.4,12.5,11.2,0,0,12.5,1,1,13086,1,13647,19154,18185,17395,11830,17424,3944,11670,9675,10625,14058,20751,22492,19908,16469,12854,8263,8846,17003,14756,18774,6604,24193,2246,150,23877,1,23:05
2024-25,1629636,Darius Garland,Darius,1610612739,CLE,Cleveland Cavaliers,0022400199,2024-11-09T00:00:00,CLE vs. BKN,W,32.266666666666666,8.9,12.3,0.727,2.2,5.6,0.4,2.2,2.2,1.0,0.0,1.1,1.1,6.7,3.3,1.1,0.0,0.0,3.3,2.2,22.3,-2.2,33.7,0,0,34.6,1,1,13086,1,5765,4839,13125,2666,9112,11774,7874,9833,11987,1,14058,21720,23060,4436,5365,10891,8263,8846,9258,12021,5997,14163,12043,2246,150,10375,1,32:16
2024-25,1630171,Isaac Okoro,Isaac,1610612739,CLE,Cleveland Cavaliers,0022400199,2024-11-09T00:00:00,CLE vs. BKN,W,14.92,2.4,12.1,0.2,0.0,7.2,0.0,2.4,4.8,0.5,0.0,2.4,2.4,2.4,0.0,0.0,0.0,0.0,2.4,2.4,7.2,-48.3,13.8,0,0,12.1,1,1,13086,1,19625,20637,13487,21401,15070,7961,15070,9298,6247,10625,14058,18444,20983,14838,16469,12854,8263,8846,13139,11299,20533,25329,23562,2246,150,23962,1,14:55
2024-25,1630552,Jalen Johnson,Jalen,1610612737,ATL,Atlanta Hawks,0022400198,2024-11-09T00:00:00,ATL vs. CHI,L,34.11666666666667,6.3,11.6,0.545,3.2,6.3,0.5,5.3,6.3,0.833,1.1,5.3,6.3,5.3,3.2,1.1,1.1,1.1,3.2,3.2,21.1,-11.6,39.8,0,0,40.1,1,13222,1,13222,4155,10613,14290,7695,6046,9915,3944,3685,4088,7275,12834,10084,11542,6879,5923,11441,7096,7448,10018,8683,6996,18577,7898,2246,150,6730,1,34:07
2024-25,1627827,Dorian Finney-Smith,Dorian,1610612751,BKN,Brooklyn Nets,0022400199,2024-11-09T00:00:00,BKN @ CLE,L,28.69,5.0,10.0,0.5,2.5,7.5,0.333,0.0,0.0,0.0,3.8,1.3,5.0,0.0,0.0,0.0,0.0,0.0,3.8,0.0,12.5,13.8,18.6,0,0,20.1,1,13222,1,13222,8936,14331,16982,8526,8116,7331,9209,13505,14344,13505,3943,21387,14745,19908,16469,12854,8263,8846,7865,17725,15544,6079,21855,2246,150,20820,1,28:41
2024-25,1630539,Kai Jones,Kai,1610612746,LAC,LA Clippers,0022400200,2024-11-09T00:00:00,LAC vs. TOR,W,3.683333333333333,0.0,0.0,0.0,0.0,0.0,0.0,0.0,0.0,0.0,0.0,9.8,9.8,0.0,9.8,0.0,0.0,0.0,0.0,0.0,0.0,0.0,2.0,0,0,9.8,1,1,13086,1,24631,22635,24836,22635,15070,20945,15070,13505,14344,13505,14058,2744,5708,19908,342,12854,8263,8846,20257,17725,23200,12240,25162,2246,150,24476,1,3:41
2024-25,1642347,Jamal Shead,Jamal,1610612761,TOR,Toronto Raptors,0022400200,2024-11-09T00:00:00,TOR @ LAC,L,5.383333333333334,0.0,6.7,0.0,0.0,6.7,0.0,0.0,0.0,0.0,0.0,0.0,0.0,0.0,0.0,0.0,0.0,0.0,6.7,6.7,0.0,-33.4,0.0,0,0,0.0,1,13222,1,13222,23824,22635,21905,22635,15070,9129,15070,13505,14344,13505,14058,22137,23286,19908,16469,12854,8263,8846,2230,1909,23200,24224,25228,2246,150,25259,1,5:23
2024-25,1629628,RJ Barrett,RJ,1610612761,TOR,Toronto Raptors,0022400200,2024-11-09T00:00:00,TOR @ LAC,L,30.471666666666668,7.1,17.7,0.4,1.2,3.5,0.333,0.0,2.4,0.0,0.0,7.1,7.1,3.5,4.7,2.4,1.2,2.4,2.4,4.7,15.4,-13.0,35.1,0,0,34.3,1,13222,1,13222,7343,8727,4988,14933,13469,16558,9209,13505,11593,13505,14058,6202,9980,11266,2686,4826,6298,2307,13389,4672,12562,19127,10999,2246,150,10644,1,30:28
2024-25,202696,Nikola Vučević,Nikola,1610612741,CHI,Chicago Bulls,0022400198,2024-11-09T00:00:00,CHI @ ATL,W,31.441666666666666,9.2,14.9,0.615,2.3,4.6,0.5,0.0,0.0,0.0,2.3,11.4,13.7,1.1,2.3,2.3,0.0,0.0,2.3,1.1,20.6,6.9,43.4,1,0,42.4,1,1,13086,1,6462,4425,8775,5246,8891,14238,3944,13505,14344,13505,7281,1666,2366,19211,9127,5079,8263,8846,13696,16682,7389,9199,5936,1,150,5468,1,31:27
2024-25,1630168,Onyeka Okongwu,Onyeka,1610612737,ATL,Atlanta Hawks,0022400198,2024-11-09T00:00:00,ATL vs. CHI,L,22.416666666666668,3.2,8.0,0.4,1.6,1.6,1.0,4.8,6.4,0.75,1.6,9.6,11.2,1.6,0.0,0.0,0.0,1.6,1.6,4.8,12.8,-16.1,28.7,0,0,27.3,1,13222,1,13222,14177,18968,20209,14933,11653,20159,1,4320,3977,8186,9894,2887,4206,17630,16469,12854,8263,4420,16854,4467,15244,20270,15681,2246,150,15944,1,22:25
2024-25,1627747,Caris LeVert,Caris,1610612739,CLE,Cleveland Cavaliers,0022400199,2024-11-09T00:00:00,CLE vs. BKN,W,31.383333333333333,6.9,12.6,0.545,0.0,4.6,0.0,0.0,0.0,0.0,0.0,2.3,2.3,6.9,1.1,1.1,2.3,0.0,2.3,1.1,13.8,21.8,36.0,0,0,29.8,1,1,13086,1,6521,9208,12535,7695,15070,14225,15070,13505,14344,13505,14058,18778,21211,4161,14814,10610,2759,8846,13677,16666,14207,3507,10357,2246,150,14077,1,31:23
2024-25,203084,Harrison Barnes,Harrison,1610612759,SAS,San Antonio Spurs,0022400197,2024-11-09T00:00:00,SAS vs. UTA,L,27.2,5.3,9.3,0.571,2.6,5.3,0.5,0.0,0.0,0.0,1.3,1.3,2.6,2.6,4.0,0.0,0.0,1.3,1.3,0.0,13.2,4.0,16.4,0,0,21.2,1,13222,1,13222,10190,13546,18318,6538,7692,12477,3944,13505,14344,13505,11077,21237,20547,14057,3935,12854,8263,5526,17936,17725,14833,10668,22695,2246,150,20169,1,27:12
2024-25,1642367,Jonathan Mogbo,Jonathan,1610612761,TOR,Toronto Raptors,0022400200,2024-11-09T00:00:00,TOR @ LAC,L,9.321666666666667,0.0,0.0,0.0,0.0,0.0,0.0,0.0,0.0,0.0,3.9,3.9,7.7,11.6,3.9,3.9,0.0,0.0,3.9,3.9,0.0,-42.5,34.4,0,0,27.0,1,13222,1,13222,22342,22635,24836,22635,15070,20945,15070,13505,14344,13505,3790,14148,8766,816,4166,1781,8263,8846,7572,6673,23200,25018,11539,2246,150,16127,1,9:19
2024-25,1630548,Johnny Juzang,Johnny,1610612762,UTA,Utah Jazz,0022400197,2024-11-09T00:00:00,UTA @ SAS,W,22.163333333333334,4.9,6.5,0.75,1.6,3.2,0.5,4.9,4.9,1.0,0.0,6.5,6.5,0.0,0.0,0.0,1.6,0.0,3.2,3.2,16.2,17.9,28.9,0,0,27.6,1,1,13086,1,14384,14735,22116,2107,11616,17178,3944,4235,6165,1,14058,7317,11183,19908,16469,12854,4495,8846,9650,8404,11661,4600,15556,2246,150,15710,1,22:10
2024-25,101108,Chris Paul,Chris,1610612759,SAS,San Antonio Spurs,0022400197,2024-11-09T00:00:00,SAS vs. UTA,L,27.501666666666665,0.0,7.9,0.0,0.0,7.9,0.0,3.9,3.9,1.0,0.0,2.6,2.6,11.8,2.6,1.3,0.0,0.0,1.3,1.3,3.9,22.3,26.0,0,0,20.9,1,13222,1,13222,9942,22635,20475,22635,15070,6711,15070,5831,7998,1,14058,17906,20610,769,7812,9415,8263,8846,18000,15865,22582,3411,17584,2246,150,20316,1,27:30
2024-25,1628381,John Collins,John,1610612762,UTA,Utah Jazz,0022400197,2024-11-09T00:00:00,UTA @ SAS,W,28.986666666666668,7.5,13.7,0.545,1.2,3.7,0.333,2.5,2.5,1.0,3.7,8.7,12.4,2.5,6.2,3.7,0.0,1.2,6.2,3.7,18.6,12.4,42.2,1,0,42.2,1,1,13086,1,8686,7885,10721,7695,13143,16150,9209,9099,11250,1,4004,3848,3179,14598,1267,1935,8263,5985,2700,7066,9180,6624,6512,1,150,5535,1,28:59
2024-25,1641730,Noah Clowney,Noah,1610612751,BKN,Brooklyn Nets,0022400199,2024-11-09T00:00:00,BKN @ CLE,L,14.36,2.5,7.5,0.333,0.0,5.0,0.0,0.0,0.0,0.0,0.0,7.5,7.5,2.5,2.5,5.0,2.5,0.0,5.0,5.0,5.0,-12.5,37.9,0,0,30.1,1,13222,1,13222,19975,20457,20903,17395,15070,13177,15070,13505,14344,13505,14058,5461,9131,14525,8224,891,2366,8846,4574,4090,21999,18956,9123,2246,150,13885,1,14:22
2024-25,1630592,Jalen Wilson,Jalen,1610612751,BKN,Brooklyn Nets,0022400199,2024-11-09T00:00:00,BKN @ CLE,L,10.016666666666667,3.6,10.8,0.333,0.0,7.2,0.0,0.0,0.0,0.0,7.2,3.6,10.8,3.6,7.2,0.0,0.0,0.0,3.6,3.6,7.2,-39.5,18.3,0,0,21.6,1,13222,1,13222,22099,18094,15727,17395,15070,8068,15070,13505,14344,13505,1067,14943,4618,11099,820,12854,8263,8846,8443,7400,20568,24808,21955,2246,150,19925,1,10:01
2024-25,1631117,Walker Kessler,Walker,1610612762,UTA,Utah Jazz,0022400197,2024-11-09T00:00:00,UTA @ SAS,W,18.866666666666667,5.7,7.6,0.75,0.0,0.0,0.0,1.9,3.8,0.5,3.8,5.7,9.5,0.0,3.8,0.0,1.9,1.9,1.9,3.8,13.4,-21.0,26.7,0,0,26.7,1,1,13086,1,16929,12342,20736,2107,15070,20945,15070,10919,8207,10625,3859,8984,6005,19908,4274,12854,3741,3516,15627,6802,14678,21829,17148,2246,150,16386,1,18:52
2024-25,1628380,Zach Collins,Zach,1610612759,SAS,San Antonio Spurs,0022400197,2024-11-09T00:00:00,SAS vs. UTA,L,15.316666666666666,4.7,11.8,0.4,2.4,2.4,1.0,0.0,0.0,0.0,2.4,4.7,7.1,9.4,0.0,2.4,0.0,0.0,9.4,2.4,11.8,-11.8,41.4,0,0,35.3,1,13222,1,13222,19361,15239,14024,14933,8664,18906,1,13505,14344,13505,7090,11698,10055,1759,16469,4867,8263,8846,840,11541,16397,18646,6953,2246,150,9911,1,15:19
2024-25,1642268,Isaiah Collier,Isaiah,1610612762,UTA,Utah Jazz,0022400197,2024-11-09T00:00:00,UTA @ SAS,W,24.795,4.4,13.1,0.333,0.0,8.7,0.0,1.5,5.8,0.25,0.0,8.7,8.7,5.8,0.0,1.5,1.5,0.0,1.5,2.9,10.2,1.5,38.0,0,0,30.5,1,1,13086,1,12183,16184,11747,17395,15070,5250,15070,11903,4744,13358,14058,3822,7148,5839,16469,8626,5035,8846,17441,9585,17989,11896,9002,2246,150,13556,1,24:48
2024-25,1629012,Collin Sexton,Collin,1610612762,UTA,Utah Jazz,0022400197,2024-11-09T00:00:00,UTA @ SAS,W,28.95,9.9,16.2,0.615,1.2,3.7,0.333,7.5,8.7,0.857,1.2,3.7,5.0,2.5,3.7,2.5,0.0,1.2,5.0,6.2,28.6,2.5,42.0,0,0,42.3,1,1,13086,1,8713,3276,6880,5246,13133,16138,9209,1695,2046,7071,11514,14534,14864,14588,4479,4418,8263,5972,4675,2371,2571,11379,6596,2246,150,5505,1,28:57
2024-25,1631207,Dalen Terry,Dalen,1610612741,CHI,Chicago Bulls,0022400198,2024-11-09T00:00:00,CHI @ ATL,W,14.366666666666667,5.0,10.0,0.5,2.5,7.5,0.333,10.0,10.0,1.0,5.0,5.0,10.0,2.5,0.0,0.0,2.5,0.0,2.5,7.5,22.6,0.0,45.9,0,0,42.6,1,1,13086,1,19961,14354,17013,8526,8131,7363,9209,693,1361,1,2373,10852,5406,14531,16469,12854,2369,8846,12777,1316,5822,12240,4802,2246,150,5353,1,14:22
2024-25,1627751,Jakob Poeltl,Jakob,1610612761,TOR,Toronto Raptors,0022400200,2024-11-09T00:00:00,TOR @ LAC,L,30.145,1.2,7.2,0.167,0.0,0.0,0.0,3.6,7.2,0.5,2.4,11.9,14.3,3.6,4.8,0.0,3.6,1.2,2.4,6.0,6.0,0.0,34.5,0,0,31.0,1,13222,1,13222,7646,22501,21362,21938,15070,20945,15070,6526,3203,10625,6961,1394,2092,11133,2616,12854,1159,6309,13274,2663,21423,12240,11437,2246,150,13120,1,30:09
2024-25,1629731,Dean Wade,Dean,1610612739,CLE,Cleveland Cavaliers,0022400199,2024-11-09T00:00:00,CLE vs. BKN,W,17.743333333333332,2.0,8.1,0.25,2.0,6.1,0.333,0.0,0.0,0.0,0.0,8.1,8.1,2.0,0.0,2.0,0.0,0.0,2.0,2.0,6.1,6.1,25.0,0,0,22.3,1,1,13086,1,17749,21352,20065,20233,10020,10476,9209,13505,14344,13505,14058,4542,8066,16272,16469,6118,8263,8846,14973,12944,21327,9576,18326,2246,150,19472,1,17:45
2024-25,1641711,Gradey Dick,Gradey,1610612761,TOR,Toronto Raptors,0022400200,2024-11-09T00:00:00,TOR @ LAC,L,34.02333333333333,5.3,12.7,0.417,2.1,5.3,0.4,3.2,4.2,0.75,0.0,0.0,0.0,2.1,0.0,1.1,0.0,1.1,1.1,2.1,15.9,13.8,22.2,0,0,22.2,1,13222,1,13222,4241,13563,12391,14532,9618,12490,7874,7385,7353,8186,14058,22137,23286,15945,16469,11416,8263,7424,19356,12540,12060,6102,20019,2246,150,19543,1,34:01
2024-25,1629611,Terance Mann,Terance,1610612746,LAC,LA Clippers,0022400200,2024-11-09T00:00:00,LAC vs. TOR,W,28.5,2.5,6.3,0.4,0.0,1.3,0.0,0.0,0.0,0.0,2.5,3.8,6.3,0.0,0.0,0.0,1.3,1.3,5.1,0.0,5.1,-5.1,16.4,0,0,13.9,1,1,13086,1,9119,20411,22305,14933,15070,20542,15070,13505,14344,13505,6534,14352,11569,19908,16469,12854,5837,5852,4487,17725,21979,15620,22692,2246,150,23449,1,28:30
2024-25,203471,Dennis Schröder,Dennis,1610612751,BKN,Brooklyn Nets,0022400199,2024-11-09T00:00:00,BKN @ CLE,L,37.406666666666666,6.7,13.5,0.5,3.8,7.7,0.5,3.8,3.8,1.0,1.0,1.0,1.9,4.8,1.0,0.0,0.0,0.0,1.9,2.9,21.2,2.9,29.7,0,0,31.8,1,13222,1,13222,1735,9603,11046,8526,4319,7006,3944,5980,8138,1,13556,22036,21956,7890,16072,12854,8263,8846,15553,9632,6946,11179,14992,2246,150,12577,1,37:24
2024-25,1627884,Derrick Jones Jr.,Derrick,1610612746,LAC,LA Clippers,0022400200,2024-11-09T00:00:00,LAC vs. TOR,W,18.94,1.9,9.5,0.2,0.0,5.7,0.0,3.8,3.8,1.0,1.9,0.0,1.9,0.0,0.0,0.0,1.9,1.9,9.5,3.8,7.6,-9.5,15.6,0,0,13.3,1,1,13086,1,16881,21584,17944,21401,15070,11440,15070,6079,8249,1,8811,22137,22001,19908,16469,12854,3762,3543,809,6847,20239,17674,22998,2246,150,23615,1,18:56
2024-25,1630700,Dyson Daniels,Dyson,1610612737,ATL,Atlanta Hawks,0022400198,2024-11-09T00:00:00,ATL vs. CHI,L,36.11666666666667,7.0,15.0,0.467,0.0,3.0,0.0,2.0,4.0,0.5,1.0,7.0,8.0,3.0,1.0,6.0,0.0,0.0,1.0,2.0,15.9,-11.0,46.9,0,0,38.9,1,13222,1,13222,2598,8985,8681,12249,15070,17687,15070,10669,7861,10625,13282,6399,8316,12967,15870,482,8263,8846,19723,13110,11969,18300,4333,2246,150,7470,1,36:07
2024-25,1629651,Nic Claxton,Nic,1610612751,BKN,Brooklyn Nets,0022400199,2024-11-09T00:00:00,BKN @ CLE,L,32.0,4.5,5.6,0.8,0.0,0.0,0.0,2.3,3.4,0.667,2.3,9.0,11.3,4.5,2.3,0.0,1.1,0.0,0.0,2.3,11.3,4.5,32.6,1,0,29.3,1,13222,1,13222,5961,15777,22968,1688,15070,20945,15070,9780,9154,9425,7419,3516,4194,8651,9307,12854,6636,8846,20257,11936,16948,10388,12862,1,150,14510,1,32:00
2024-25,1629003,Shake Milton,Shake,1610612751,BKN,Brooklyn Nets,0022400199,2024-11-09T00:00:00,BKN @ CLE,L,17.8,2.0,6.1,0.333,2.0,6.1,0.333,0.0,0.0,0.0,0.0,0.0,0.0,2.0,0.0,2.0,0.0,2.0,4.0,0.0,6.1,-32.4,15.2,0,0,14.2,1,13222,1,13222,17706,21362,22540,17395,10055,10518,9209,13505,14344,13505,14058,22137,23286,16290,16469,6144,8263,3149,7010,17725,21341,24073,23124,2246,150,23373,1,17:48
2024-25,1627777,Georges Niang,Georges,1610612739,CLE,Cleveland Cavaliers,0022400199,2024-11-09T00:00:00,CLE vs. BKN,W,14.716666666666667,9.8,14.7,0.667,0.0,2.4,0.0,0.0,0.0,0.0,0.0,4.9,4.9,2.4,2.4,0.0,2.4,0.0,7.3,0.0,19.6,22.0,34.0,0,0,31.8,1,1,13086,1,19758,3493,9090,3281,15070,18718,15070,13505,14344,13505,14058,11178,15086,14715,8463,12854,2471,8846,1754,17725,8286,3453,11811,2246,150,12542,1,14:43
2024-25,1628378,Donovan Mitchell,Donovan,1610612739,CLE,Cleveland Cavaliers,0022400199,2024-11-09T00:00:00,CLE vs. BKN,W,34.53333333333333,5.2,12.5,0.417,4.2,6.3,0.667,8.3,8.3,1.0,0.0,1.0,1.0,1.0,1.0,1.0,0.0,0.0,2.1,3.1,22.9,4.2,27.8,0,0,31.3,1,1,13086,1,3822,13784,12711,14532,3630,10071,1957,1260,2298,1,14058,21893,23169,19551,15540,11564,8263,8846,14674,8789,5534,10560,16344,2246,150,12950,1,34:32
2024-25,1631223,David Roddy,David,1610612737,ATL,Atlanta Hawks,0022400198,2024-11-09T00:00:00,ATL vs. CHI,L,2.3666666666666667,0.0,15.2,0.0,0.0,15.2,0.0,0.0,0.0,0.0,0.0,0.0,0.0,15.2,15.2,0.0,0.0,0.0,0.0,0.0,0.0,-76.1,7.6,0,0,15.2,1,13222,1,13222,25286,22635,8230,22635,15070,646,15070,13505,14344,13505,14058,22137,23286,277,107,12854,8263,8846,20257,17725,23200,25969,24741,2246,150,22986,1,2:22
2024-25,1630572,Sandro Mamukelashvili,Sandro,1610612759,SAS,San Antonio Spurs,0022400197,2024-11-09T00:00:00,SAS vs. UTA,L,7.05,0.0,10.2,0.0,0.0,10.2,0.0,0.0,0.0,0.0,0.0,5.1,5.1,0.0,0.0,5.1,0.0,0.0,5.1,0.0,0.0,5.1,21.4,0,0,15.3,1,13222,1,13222,23144,22635,16707,22635,15070,3257,15070,13505,14344,13505,14058,10548,14499,19908,16469,830,8263,8846,4361,17725,23200,10050,20444,2246,150,22942,1,7:03
2024-25,1641763,Julian Phillips,Julian,1610612741,CHI,Chicago Bulls,0022400198,2024-11-09T00:00:00,CHI @ ATL,W,14.15,10.2,20.4,0.5,5.1,7.6,0.667,0.0,0.0,0.0,10.2,0.0,10.2,0.0,0.0,5.1,2.5,0.0,5.1,2.5,25.4,35.6,60.6,0,0,56.0,1,1,13086,1,20109,3040,2722,8526,2168,7116,1957,13505,14344,13505,380,22137,5254,19908,16469,844,2298,8846,4405,10822,3967,1331,1127,2246,150,1313,1,14:09
2024-25,1629645,Kevin Porter Jr.,Kevin,1610612746,LAC,LA Clippers,0022400200,2024-11-09T00:00:00,LAC vs. TOR,W,21.566666666666666,8.3,15.0,0.556,3.3,3.3,1.0,5.0,10.0,0.5,0.0,10.0,10.0,8.3,3.3,1.7,0.0,0.0,3.3,6.7,25.0,11.7,51.2,0,0,50.1,1,1,13086,1,14874,5891,8572,7248,5545,16984,1,4028,1368,10625,14058,2574,5417,2560,5391,7725,8263,8846,9295,1920,4197,6937,2915,2246,150,2509,1,21:34
2024-25,1630553,Keon Johnson,Keon,1610612751,BKN,Brooklyn Nets,0022400199,2024-11-09T00:00:00,BKN @ CLE,L,12.243333333333334,5.9,20.6,0.286,5.9,17.6,0.333,0.0,0.0,0.0,2.9,8.8,11.8,5.9,8.8,0.0,0.0,2.9,0.0,0.0,17.6,-20.6,31.8,0,0,41.2,1,13222,1,13222,21133,11858,2586,19630,1399,367,9209,13505,14344,13505,5480,3694,3702,5707,445,12854,8263,1405,20257,17725,10175,21723,13508,2246,150,6100,1,12:15
2024-25,1630581,Josh Giddey,Josh,1610612741,CHI,Chicago Bulls,0022400198,2024-11-09T00:00:00,CHI @ ATL,W,25.383333333333333,7.1,12.8,0.556,1.4,1.4,1.0,2.8,2.8,1.0,2.8,5.7,8.5,9.9,4.3,2.8,0.0,1.4,2.8,2.8,18.4,4.3,47.8,0,0,44.0,1,1,13086,1,11666,8719,12279,7248,12376,20361,1,8248,10399,1,5765,9114,7455,1480,3408,3581,8263,5112,11476,9833,9381,10515,4049,2246,150,4707,1,25:23
2024-25,201935,James Harden,James,1610612746,LAC,LA Clippers,0022400200,2024-11-09T00:00:00,LAC vs. TOR,W,34.15,5.3,17.9,0.294,2.1,8.4,0.25,12.7,13.7,0.923,1.1,11.6,12.7,7.4,4.2,1.1,0.0,0.0,2.1,8.4,25.3,-2.1,50.5,1,0,49.5,1,1,13086,1,4130,13622,4785,19598,9650,5690,11902,286,495,6735,12847,1564,3031,3536,3475,11450,8263,8846,14574,854,4057,14105,3130,1,150,2656,1,34:09
2024-25,1641705,Victor Wembanyama,Victor,1610612759,SAS,San Antonio Spurs,0022400197,2024-11-09T00:00:00,SAS vs. UTA,L,32.68333333333333,8.8,16.5,0.533,6.6,9.9,0.667,2.2,2.2,1.0,3.3,14.3,17.6,0.0,6.6,0.0,7.7,1.1,3.3,6.6,26.4,4.4,64.1,1,0,66.1,1,13222,1,13222,5409,5058,6395,8140,942,3597,1957,9937,12079,1,4744,689,987,19908,1077,12854,157,7034,9442,1977,3462,10425,771,1,150,440,1,32:41
2024-25,1630596,Evan Mobley,Evan,1610612739,CLE,Cleveland Cavaliers,0022400199,2024-11-09T00:00:00,CLE vs. BKN,W,35.25,10.2,11.2,0.909,1.0,1.0,1.0,2.0,5.1,0.4,3.1,13.3,16.3,1.0,4.1,4.1,1.0,0.0,1.0,4.1,23.5,8.2,55.9,1,0,52.1,1,1,13086,1,3274,3005,14970,1292,14414,20840,1,10483,5744,13061,5202,934,1315,19616,3705,1556,7337,8846,19566,6081,5141,8544,1828,1,150,2018,1,35:15
2024-25,1642258,Zaccharie Risacher,Zaccharie,1610612737,ATL,Atlanta Hawks,0022400198,2024-11-09T00:00:00,ATL vs. CHI,L,30.15,7.2,16.7,0.429,1.2,7.2,0.167,4.8,7.2,0.667,1.2,1.2,2.4,0.0,0.0,0.0,2.4,1.2,3.6,3.6,20.3,-15.5,30.3,0,0,28.7,1,13222,1,13222,7634,8545,6162,13735,13404,8115,14236,4380,3204,9425,11835,21527,21032,19908,16469,12854,2579,6310,8483,7444,7661,20102,14556,2246,150,14957,1,30:09
2024-25,1626204,Larry Nance Jr.,Larry,1610612737,ATL,Atlanta Hawks,0022400198,2024-11-09T00:00:00,ATL vs. CHI,L,13.883333333333333,5.2,7.8,0.667,2.6,2.6,1.0,2.6,5.2,0.5,0.0,5.2,5.2,5.2,0.0,0.0,0.0,0.0,10.4,2.6,15.6,-2.6,29.6,0,0,28.5,1,13222,1,13222,20254,13857,20558,3281,7851,18461,1,8819,5632,10625,14058,10321,14307,7061,16469,12854,8263,8846,633,10667,12365,14353,15102,2246,150,15057,1,13:53
2024-25,1628449,Chris Boucher,Chris,1610612761,TOR,Toronto Raptors,0022400200,2024-11-09T00:00:00,TOR @ LAC,L,23.995,9.0,18.0,0.5,0.0,6.0,0.0,3.0,4.5,0.667,4.5,4.5,9.0,0.0,0.0,1.5,0.0,0.0,3.0,3.0,21.0,0.0,36.3,0,0,33.0,1,13222,1,13222,12911,4699,4663,8526,15070,10683,15070,7798,6839,9425,2921,12260,6729,19908,16469,8406,8263,8846,10709,9234,7076,12240,10153,2246,150,11650,1,23:60
2024-25,1628374,Lauri Markkanen,Lauri,1610612762,UTA,Utah Jazz,0022400197,2024-11-09T00:00:00,UTA @ SAS,W,36.13333333333333,5.0,14.9,0.333,3.0,7.0,0.429,7.0,8.0,0.875,2.0,4.0,6.0,4.0,1.0,2.0,0.0,3.0,2.0,5.0,19.9,-4.0,38.1,0,0,36.9,1,1,13086,1,2581,14446,8691,17395,6559,8512,7394,2021,2538,6931,8417,13767,12339,9967,15877,6282,8263,1357,15186,4150,7974,15055,8992,2246,150,8807,1,36:08
2024-25,1629027,Trae Young,Trae,1610612737,ATL,Atlanta Hawks,0022400198,2024-11-09T00:00:00,ATL vs. CHI,L,37.86666666666667,5.7,15.2,0.375,1.9,5.7,0.333,0.0,0.0,0.0,1.0,1.9,2.9,15.2,5.7,0.0,0.0,0.0,1.9,0.0,13.3,-5.7,33.8,1,0,33.3,1,13222,1,13222,1463,12405,8230,16299,10631,11438,9209,13505,14344,13505,13639,19967,20109,277,1638,12854,8263,8846,15663,17725,14739,15923,11936,1,150,11430,1,37:52
2024-25,201587,Nicolas Batum,Nicolas,1610612746,LAC,LA Clippers,0022400200,2024-11-09T00:00:00,LAC vs. TOR,W,16.81833333333333,6.4,10.7,0.6,2.1,6.4,0.333,0.0,0.0,0.0,2.1,4.3,6.4,4.3,0.0,0.0,4.3,0.0,0.0,0.0,15.0,34.2,42.0,0,0,36.4,1,1,13086,1,18374,10385,15881,5394,9510,9708,9209,13505,14344,13505,7799,12862,11344,9182,16469,12854,765,8846,20257,17725,12921,1475,6643,2246,150,9110,1,16:49
2024-25,1628981,Bruno Fernando,Bruno,1610612761,TOR,Toronto Raptors,0022400200,2024-11-09T00:00:00,TOR @ LAC,L,8.488333333333333,8.5,12.7,0.667,0.0,0.0,0.0,0.0,0.0,0.0,4.2,4.2,8.5,12.7,0.0,0.0,4.2,4.2,21.2,4.2,17.0,38.2,59.0,0,0,46.7,1,13222,1,13222,22634,5645,12345,3281,15070,20945,15070,13505,14344,13505,3257,13003,7499,581,16469,12854,796,569,106,5739,10881,1103,1338,2246,150,3605,1,8:29
2024-25,1642264,Stephon Castle,Stephon,1610612759,SAS,San Antonio Spurs,0022400197,2024-11-09T00:00:00,SAS vs. UTA,L,34.59,8.3,16.7,0.5,3.1,7.3,0.429,4.2,5.2,0.8,0.0,2.1,2.1,3.1,1.0,2.1,0.0,1.0,4.2,3.1,23.9,-3.1,36.3,0,0,36.4,1,13222,1,13222,3798,5932,6238,8526,6162,7850,7394,5407,5603,7681,14058,19420,21651,12552,15554,5863,8263,7567,6662,8808,4845,14632,10140,2246,150,9083,1,34:35
2024-25,1629660,Ty Jerome,Ty,1610612739,CLE,Cleveland Cavaliers,0022400199,2024-11-09T00:00:00,CLE vs. BKN,W,18.073333333333334,4.0,8.0,0.5,0.0,2.0,0.0,0.0,0.0,0.0,0.0,2.0,2.0,10.0,2.0,4.0,0.0,0.0,2.0,0.0,8.0,31.9,35.3,0,0,27.9,1,1,13086,1,17522,17132,20314,8526,15070,19572,15070,13505,14344,13505,14058,19690,21814,1459,10555,1653,8263,8846,15194,17725,19945,1753,10895,2246,150,15513,1,18:04
2024-25,1630241,Sam Merrill,Sam,1610612739,CLE,Cleveland Cavaliers,0022400199,2024-11-09T00:00:00,CLE vs. BKN,W,19.996666666666666,3.6,7.2,0.5,3.6,7.2,0.5,0.0,0.0,0.0,0.0,3.6,3.6,3.6,0.0,1.8,0.0,0.0,3.6,0.0,10.8,3.6,25.9,0,0,25.2,1,1,13086,1,16022,18081,21316,8526,4924,8047,3944,13505,14344,13505,14058,14926,18324,11086,16469,7261,8263,8846,8425,17725,17369,10854,17664,2246,150,17514,1,19:60
2024-25,1630532,Franz Wagner,Franz,1610612753,ORL,Orlando Magic,0022400186,2024-11-08T00:00:00,ORL vs. NOP,W,32.43333333333333,10.0,20.0,0.5,2.2,5.5,0.4,7.8,8.9,0.875,2.2,3.3,5.5,6.7,2.2,2.2,0.0,1.1,2.2,10.0,30.0,8.9,51.1,0,0,48.8,1,1,13086,1,5612,3236,2987,8526,9163,11843,7874,1527,1933,6931,7532,15696,13420,4488,9431,5315,8263,6968,14008,424,2097,8233,2975,2246,150,2878,1,32:26
2024-25,1630703,Scoot Henderson,Scoot,1610612757,POR,Portland Trail Blazers,0022400193,2024-11-08T00:00:00,POR @ MIN,L,32.4,6.7,15.6,0.429,0.0,1.1,0.0,4.4,4.4,1.0,2.2,2.2,4.4,3.3,3.3,1.1,0.0,1.1,4.4,5.6,17.8,0.0,28.1,0,0,27.8,1,13222,1,13222,5635,9769,7752,13735,15070,20733,15070,4914,6945,1,7524,19004,16178,11871,5404,10930,8263,6956,5902,3260,10052,12240,16128,2246,150,15597,1,32:24
2024-25,1630202,Payton Pritchard,Payton,1610612738,BOS,Boston Celtics,0022400187,2024-11-08T00:00:00,BOS vs. BKN,W,33.63333333333333,6.4,11.8,0.545,3.2,7.5,0.429,5.4,5.4,1.0,0.0,1.1,1.1,0.0,1.1,1.1,0.0,0.0,2.1,4.3,21.4,11.8,24.8,0,0,27.8,1,1,13086,1,4603,10381,13990,7695,5927,7425,7394,3585,5384,1,14058,21824,23124,19908,15331,11277,8263,8846,14408,5641,6725,6893,18400,2246,150,15556,1,33:38
2024-25,1642273,Kyshawn George,Kyshawn,1610612764,WAS,Washington Wizards,0022400191,2024-11-08T00:00:00,WAS @ MEM,L,34.333333333333336,6.3,12.6,0.5,3.1,8.4,0.375,2.1,2.1,1.0,0.0,6.3,6.3,3.1,1.0,1.0,2.1,0.0,3.1,1.0,17.8,-15.7,38.5,0,0,36.7,1,13222,1,13222,3975,10746,12605,8526,6107,5765,8800,10301,12431,1,14058,7711,11629,12493,15500,11506,3214,8846,10115,17177,10005,20168,8718,2246,150,8917,1,34:20
2024-25,1630526,Jeremiah Robinson-Earl,Jeremiah,1610612740,NOP,New Orleans Pelicans,0022400186,2024-11-08T00:00:00,NOP @ ORL,L,31.55,4.6,13.7,0.333,0.0,2.3,0.0,4.6,4.6,1.0,2.3,2.3,4.6,0.0,3.4,3.4,0.0,3.4,3.4,3.4,13.7,-6.8,26.0,0,0,25.1,1,13222,1,13222,6376,15589,10667,17395,15070,19021,15070,4737,6720,1,7301,18817,15889,19908,5175,2339,8263,977,8987,7882,14290,16448,17607,2246,150,17603,1,31:33
2024-25,1629651,Nic Claxton,Nic,1610612751,BKN,Brooklyn Nets,0022400187,2024-11-08T00:00:00,BKN @ BOS,L,28.0,1.3,3.9,0.333,0.0,0.0,0.0,0.0,0.0,0.0,1.3,11.6,12.9,3.9,0.0,0.0,2.6,0.0,1.3,0.0,2.6,1.3,31.5,0,0,24.4,1,13222,1,13222,9543,22412,24157,17395,15070,20945,15070,13505,14344,13505,11262,1579,2901,10350,16469,12854,2259,8846,18096,17725,23058,11959,13674,2246,150,18055,1,28:00
2024-25,1631323,Simone Fontecchio,Simone,1610612765,DET,Detroit Pistons,0022400185,2024-11-08T00:00:00,DET vs. ATL,W,19.566666666666666,5.5,11.0,0.5,1.8,7.4,0.25,7.4,9.2,0.8,1.8,7.4,9.2,1.8,1.8,1.8,0.0,0.0,1.8,3.7,20.2,9.2,37.7,0,0,36.8,1,1,13086,1,16360,12940,15298,8526,10922,7704,11902,1757,1765,7681,9088,5736,6450,16964,11364,7076,8263,8846,15990,7183,7705,8089,9211,2246,150,8845,1,19:34
2024-25,1630191,Isaiah Stewart,Isaiah,1610612765,DET,Detroit Pistons,0022400185,2024-11-08T00:00:00,DET vs. ATL,W,32.63333333333333,5.5,8.8,0.625,0.0,0.0,0.0,0.0,0.0,0.0,4.4,7.7,12.1,3.3,1.1,0.0,1.1,0.0,2.2,1.1,11.0,-3.3,32.8,1,0,28.7,1,1,13086,1,5451,12951,18976,4899,15070,20945,15070,13505,14344,13505,3035,5125,3386,11946,15112,12854,6772,8846,14064,16893,17156,14717,12751,1,150,14941,1,32:38
2024-25,1628368,De'Aaron Fox,De'Aaron,1610612758,SAC,Sacramento Kings,0022400196,2024-11-08T00:00:00,SAC vs. LAC,L,37.65,11.5,19.1,0.6,1.9,4.8,0.4,4.8,5.7,0.833,1.0,1.9,2.9,0.0,6.7,1.0,0.0,0.0,3.8,4.8,29.6,-10.5,29.3,0,0,36.3,1,13222,1,13222,1602,1885,3645,5394,10581,13752,7874,4373,4836,7275,13596,19936,20066,19908,1028,12300,8263,8846,7664,4547,2218,18112,15316,2246,150,9139,1,37:39
2024-25,1630198,Isaiah Joe,Isaiah,1610612760,OKC,Oklahoma City Thunder,0022400192,2024-11-08T00:00:00,OKC vs. HOU,W,23.766666666666666,7.6,15.1,0.5,4.5,12.1,0.375,1.5,1.5,1.0,0.0,9.1,9.1,1.5,0.0,0.0,0.0,0.0,7.6,3.0,21.2,25.8,34.4,0,0,36.4,1,1,13086,1,13100,7582,8341,8526,2984,1717,8800,11764,13471,1,14058,3418,6601,17921,16469,12854,8263,8846,1587,9127,6919,2663,11525,2246,150,9132,1,23:46
2024-25,1626164,Devin Booker,Devin,1610612756,PHX,Phoenix Suns,0022400190,2024-11-08T00:00:00,PHX @ DAL,W,34.53333333333333,5.2,13.6,0.385,1.0,8.3,0.125,2.1,2.1,1.0,2.1,4.2,6.3,12.5,0.0,0.0,0.0,1.0,2.1,3.1,13.6,-17.7,39.8,1,0,33.4,1,1,13086,1,3822,13784,10917,16070,14293,5844,14886,10342,12469,1,8006,13205,11699,612,16469,12854,8263,7555,14674,8789,14440,20841,7864,1,150,11351,1,34:32
2024-25,1628415,Dillon Brooks,Dillon,1610612745,HOU,Houston Rockets,0022400192,2024-11-08T00:00:00,HOU @ OKC,L,26.65,8.1,16.2,0.5,4.1,5.4,0.75,2.7,2.7,1.0,2.7,2.7,5.4,1.4,1.4,0.0,0.0,0.0,4.1,2.7,23.0,-14.9,30.1,0,0,33.8,1,13222,1,13222,10604,6397,6819,8526,3884,12206,1542,8578,10743,1,6102,17696,13809,18497,13562,12854,8263,8846,6989,10314,5509,19852,14719,2246,150,11018,1,26:39
2024-25,1630171,Isaac Okoro,Isaac,1610612739,CLE,Cleveland Cavaliers,0022400188,2024-11-08T00:00:00,CLE vs. GSW,W,26.5,8.2,13.6,0.6,5.4,8.2,0.667,0.0,0.0,0.0,1.4,0.0,1.4,5.4,0.0,0.0,1.4,2.7,2.7,2.7,21.7,43.5,35.6,0,0,36.7,1,1,13086,1,10724,6299,10847,5394,1808,6169,1957,13505,14344,13505,10941,22137,22749,6559,16469,12854,5412,1716,11962,10267,6435,759,10669,2246,150,8932,1,26:30
2024-25,1629674,Neemias Queta,Neemias,1610612738,BOS,Boston Celtics,0022400187,2024-11-08T00:00:00,BOS vs. BKN,W,26.55,1.4,2.7,0.5,0.0,0.0,0.0,1.4,2.7,0.5,1.4,12.2,13.6,2.7,2.7,0.0,4.1,0.0,2.7,4.1,4.1,9.5,33.9,0,0,28.5,1,1,13086,1,10687,22344,24583,8526,15070,20945,15070,12150,10714,10625,10951,1270,2459,13871,7492,12854,881,8846,11992,6122,22522,7949,11893,2246,150,15092,1,26:33
2024-25,1629014,Anfernee Simons,Anfernee,1610612757,POR,Portland Trail Blazers,0022400193,2024-11-08T00:00:00,POR @ MIN,L,26.783333333333335,8.1,21.5,0.375,2.7,9.4,0.286,0.0,0.0,0.0,0.0,1.3,1.3,2.7,1.3,1.3,0.0,1.3,2.7,0.0,18.8,-30.9,27.2,0,0,28.2,1,13222,1,13222,10503,6494,2026,16299,7575,4240,11433,13505,14344,13505,14058,21200,22765,13942,13600,9219,8263,5426,12084,17725,9017,23872,16851,2246,150,15274,1,26:47
2024-25,1642270,Donovan Clingan,Donovan,1610612757,POR,Portland Trail Blazers,0022400193,2024-11-08T00:00:00,POR @ MIN,L,18.566666666666666,5.8,13.6,0.429,0.0,0.0,0.0,0.0,0.0,0.0,1.9,3.9,5.8,0.0,0.0,0.0,3.9,3.9,1.9,0.0,11.6,-36.8,30.2,0,0,25.2,1,13222,1,13222,17135,12069,10874,13735,15070,20945,15070,13505,14344,13505,8666,14099,12729,19908,16469,12854,987,690,15464,17725,16542,24602,14625,2246,150,17512,1,18:34
2024-25,1629021,Moritz Wagner,Moritz,1610612753,ORL,Orlando Magic,0022400186,2024-11-08T00:00:00,ORL vs. NOP,W,18.25,15.8,21.7,0.727,2.0,2.0,1.0,0.0,0.0,0.0,0.0,7.9,7.9,3.9,5.9,0.0,0.0,0.0,0.0,0.0,33.5,33.5,43.0,0,0,47.3,1,1,13086,1,17404,379,1948,2666,10279,19603,1,13505,14344,13505,14058,4875,8479,10088,1439,12854,8263,8846,20257,17725,1209,1567,6138,2246,150,3359,1,18:15
2024-25,1629006,Josh Okogie,Josh,1610612756,PHX,Phoenix Suns,0022400190,2024-11-08T00:00:00,PHX @ DAL,W,5.266666666666667,13.7,20.5,0.667,6.8,13.7,0.5,6.8,13.7,0.5,0.0,0.0,0.0,0.0,6.8,0.0,0.0,0.0,0.0,13.7,41.0,-6.8,34.2,0,0,47.8,1,1,13086,1,23875,796,2630,3281,823,1027,3944,2132,502,10625,14058,22137,23286,19908,967,12854,8263,8846,20257,132,396,16440,11666,2246,150,3202,1,5:16
2024-25,1626167,Myles Turner,Myles,1610612754,IND,Indiana Pacers,0022400184,2024-11-08T00:00:00,IND @ CHA,L,31.87,5.6,14.7,0.385,1.1,3.4,0.333,1.1,4.5,0.25,4.5,6.8,11.3,1.1,3.4,1.1,2.3,1.1,2.3,3.4,13.6,-26.0,35.6,1,0,33.9,1,13222,1,13222,6085,12565,9080,16070,13772,16887,9209,12818,6812,13358,2905,6742,4143,19261,5258,10776,2827,6801,13831,7987,14435,23023,10674,1,150,10931,1,31:52
2024-25,1630288,Jeff Dowtin Jr.,Jeff,1610612755,PHI,Philadelphia 76ers,0022400195,2024-11-08T00:00:00,PHI @ LAL,L,2.933333333333333,12.3,24.5,0.5,0.0,0.0,0.0,0.0,0.0,0.0,0.0,0.0,0.0,12.3,0.0,0.0,0.0,0.0,0.0,0.0,24.5,98.2,43.0,0,0,36.8,1,13222,1,13222,25014,1367,913,8526,15070,20945,15070,13505,14344,13505,14058,22137,23286,658,16469,12854,8263,8846,20257,17725,4454,74,6149,2246,150,8826,1,2:56
2024-25,1630231,KJ Martin,KJ,1610612755,PHI,Philadelphia 76ers,0022400195,2024-11-08T00:00:00,PHI @ LAL,L,17.116666666666667,8.4,10.5,0.8,2.1,2.1,1.0,4.2,4.2,1.0,0.0,4.2,4.2,0.0,0.0,0.0,2.1,0.0,2.1,2.1,23.1,-31.5,34.5,0,0,33.7,1,13222,1,13222,18188,5775,16188,1688,9668,19363,1,5335,7397,1,14058,13098,16786,19908,16469,12854,3195,8846,14599,12594,5392,23973,11461,2246,150,11112,1,17:07
2024-25,1627826,Ivica Zubac,Ivica,1610612746,LAC,LA Clippers,0022400196,2024-11-08T00:00:00,LAC @ SAC,W,36.59,5.9,8.9,0.667,0.0,0.0,0.0,1.0,2.0,0.5,6.9,7.9,14.8,4.9,1.0,0.0,2.0,0.0,3.0,4.9,12.8,-3.9,42.8,1,0,36.4,1,1,13086,1,2287,11799,18926,3281,15070,20945,15070,13277,12807,10625,1185,4915,1891,7651,15949,12854,3571,8846,10932,4264,15305,15032,6225,1,150,9099,1,36:35
2024-25,1628997,Caleb Martin,Caleb,1610612755,PHI,Philadelphia 76ers,0022400195,2024-11-08T00:00:00,PHI @ LAL,L,26.166666666666668,6.9,8.3,0.833,4.1,5.5,0.75,0.0,0.0,0.0,1.4,2.8,4.1,6.9,2.8,0.0,0.0,0.0,0.0,0.0,17.9,-4.1,30.4,0,0,33.0,1,13222,1,13222,11032,9225,19861,1514,3721,11936,1542,13505,14344,13505,10851,17554,17010,4170,7371,12854,8263,8846,20257,17725,9942,15137,14495,2246,150,11642,1,26:10
2024-25,1630557,Corey Kispert,Corey,1610612764,WAS,Washington Wizards,0022400191,2024-11-08T00:00:00,WAS @ MEM,L,28.583333333333332,3.8,8.8,0.429,1.3,3.8,0.333,8.8,11.3,0.778,0.0,2.5,2.5,1.3,1.3,1.3,0.0,2.5,3.8,6.3,17.6,-18.9,25.1,0,0,25.2,1,13222,1,13222,9046,17623,18989,13735,13037,16042,9209,1066,940,8092,14058,18141,20768,18801,14040,9723,8263,2012,7809,2284,10179,21207,18241,2246,150,17521,1,28:35
2024-25,1629599,Amir Coffey,Amir,1610612746,LAC,LA Clippers,0022400196,2024-11-08T00:00:00,LAC @ SAC,W,28.65,6.3,13.8,0.455,2.5,7.5,0.333,2.5,2.5,1.0,0.0,1.3,1.3,1.3,0.0,1.3,0.0,1.3,2.5,1.3,17.6,-6.3,24.8,0,0,25.1,1,1,13086,1,8973,10762,10458,12676,8101,7301,9209,9007,11172,1,14058,21375,22868,18815,16469,9747,8263,5896,12741,16100,10234,16197,18452,2246,150,17576,1,28:39
2024-25,1627780,Gary Payton II,Gary,1610612744,GSW,Golden State Warriors,0022400188,2024-11-08T00:00:00,GSW @ CLE,L,9.8,14.7,14.7,1.0,0.0,0.0,0.0,0.0,3.7,0.0,3.7,3.7,7.3,3.7,0.0,0.0,3.7,0.0,7.3,3.7,29.4,-33.1,54.7,0,0,47.8,1,13222,1,13222,22171,549,9065,1,15070,20945,15070,13505,8541,13505,4081,14723,9483,10870,16469,12854,1107,8846,1746,7202,2304,24172,2045,2246,150,3240,1,9:48
2024-25,1630591,Jalen Suggs,Jalen,1610612753,ORL,Orlando Magic,0022400186,2024-11-08T00:00:00,ORL vs. NOP,W,32.71666666666667,3.3,9.9,0.333,1.1,6.6,0.167,0.0,0.0,0.0,0.0,6.6,6.6,3.3,5.5,1.1,2.2,0.0,1.1,1.1,7.7,9.9,25.0,0,0,25.3,1,1,13086,1,5388,18752,17233,17395,13942,9312,14236,13505,14344,13505,14058,7098,10940,11973,1810,11016,2942,8846,19100,16903,20159,7737,18307,2246,150,17425,1,32:43
2024-25,1626181,Norman Powell,Norman,1610612746,LAC,LA Clippers,0022400196,2024-11-08T00:00:00,LAC @ SAC,W,39.3,9.2,21.1,0.435,4.6,8.2,0.556,5.5,6.4,0.857,1.8,9.2,11.0,1.8,2.7,0.9,0.0,1.8,1.8,3.7,28.4,12.8,44.3,1,0,47.6,1,1,13086,1,779,4422,2299,13702,2925,6000,3747,3414,3988,7071,9119,3350,4414,16985,7377,12587,8263,3793,16025,7224,2632,6459,5503,1,150,3270,1,39:18
2024-25,202685,Jonas Valančiūnas,Jonas,1610612764,WAS,Washington Wizards,0022400191,2024-11-08T00:00:00,WAS @ MEM,L,23.433333333333334,10.8,16.9,0.636,0.0,1.5,0.0,3.1,3.1,1.0,4.6,3.1,7.7,0.0,0.0,3.1,4.6,0.0,3.1,1.5,24.6,-30.7,56.8,0,0,47.6,1,13222,1,13222,13361,2450,5913,4689,15070,20238,15070,7614,9790,1,2791,16484,8832,19908,16469,2993,643,8846,10380,14848,4437,23851,1666,2246,150,3272,1,23:26
2024-25,203501,Tim Hardaway Jr.,Tim,1610612765,DET,Detroit Pistons,0022400185,2024-11-08T00:00:00,DET vs. ATL,W,29.216666666666665,2.5,4.9,0.5,1.2,2.5,0.5,2.5,4.9,0.5,0.0,6.2,6.2,4.9,3.7,3.7,0.0,0.0,3.7,3.7,8.6,3.7,30.8,0,0,28.3,1,1,13086,1,8478,20529,23510,8526,13191,18693,3944,9156,6069,10625,14058,7989,11914,7622,4565,1969,8263,8846,8095,7141,19407,10812,14200,2246,150,15181,1,29:13
2024-25,1628371,Jonathan Isaac,Jonathan,1610612753,ORL,Orlando Magic,0022400186,2024-11-08T00:00:00,ORL vs. NOP,W,8.883333333333333,16.2,16.2,1.0,0.0,0.0,0.0,8.1,8.1,1.0,8.1,0.0,8.1,0.0,0.0,0.0,0.0,0.0,0.0,8.1,40.5,32.4,50.3,0,0,48.6,1,1,13086,1,22498,342,6819,1,15070,20945,15070,1355,2441,1,749,22137,8085,19908,16469,12854,8263,8846,20257,965,417,1689,3193,2246,150,2944,1,8:53
2024-25,1628978,Donte DiVincenzo,Donte,1610612750,MIN,Minnesota Timberwolves,0022400193,2024-11-08T00:00:00,MIN vs. POR,W,29.05,5.0,14.9,0.333,5.0,13.6,0.364,2.5,2.5,1.0,1.2,2.5,3.7,8.7,1.2,1.2,0.0,0.0,1.2,2.5,17.3,9.9,37.3,0,0,37.2,1,1,13086,1,8631,14520,8791,17395,2330,1045,9100,9109,11257,1,11541,18248,18025,2286,14168,9871,8263,8846,18328,11071,10474,7732,9471,2246,150,8596,1,29:03
2024-25,202699,Tobias Harris,Tobias,1610612765,DET,Detroit Pistons,0022400185,2024-11-08T00:00:00,DET vs. ATL,W,30.57,8.2,15.3,0.538,5.9,9.4,0.625,3.5,4.7,0.75,0.0,7.1,7.1,2.4,0.0,0.0,3.5,2.4,1.2,3.5,25.9,1.2,48.5,0,0,48.3,1,1,13086,1,7261,6106,8102,7978,1386,4225,2868,6637,6463,8186,14058,6244,10021,15036,16469,12854,1201,2325,18672,7578,3724,12030,3803,2246,150,3052,1,30:34
2024-25,1642377,Jaylen Wells,Jaylen,1610612763,MEM,Memphis Grizzlies,0022400191,2024-11-08T00:00:00,MEM vs. WAS,W,24.85,5.8,14.5,0.4,1.4,5.8,0.25,2.9,4.3,0.667,0.0,0.0,0.0,1.4,2.9,1.4,1.4,0.0,4.3,7.2,15.9,34.8,23.9,0,0,24.6,1,1,13086,1,12131,12125,9381,14933,12258,11215,11902,8100,7113,9425,14058,22137,23286,18182,6855,8644,5042,8846,6151,1484,11989,1417,19017,2246,150,17936,1,24:51
2024-25,203937,Kyle Anderson,Kyle,1610612744,GSW,Golden State Warriors,0022400188,2024-11-08T00:00:00,GSW @ CLE,L,14.1,5.1,12.8,0.4,0.0,5.1,0.0,0.0,0.0,0.0,0.0,7.7,7.7,5.1,0.0,0.0,2.6,0.0,5.1,0.0,10.2,-35.7,34.7,0,0,28.1,1,13222,1,13222,20145,14065,12275,14933,15070,12929,15070,13505,14344,13505,14058,5222,8858,7229,16469,12854,2288,8846,4361,17725,17940,24500,11267,2246,150,15366,1,14:06
2024-25,203507,Giannis Antetokounmpo,Giannis,1610612749,MIL,Milwaukee Bucks,0022400189,2024-11-08T00:00:00,MIL @ NYK,L,32.2,12.3,23.5,0.524,0.0,1.1,0.0,2.2,6.7,0.333,3.4,10.1,13.4,2.2,1.1,0.0,2.2,0.0,2.2,8.9,26.8,-19.0,51.9,1,0,47.0,1,13222,1,13222,5800,1355,1227,8439,15070,20722,15070,9824,3652,13132,4635,2530,2537,15494,15015,12854,2869,8846,13941,675,3284,21241,2738,1,150,3498,1,32:12
2024-25,1630578,Alperen Sengun,Alperen,1610612745,HOU,Houston Rockets,0022400192,2024-11-08T00:00:00,HOU @ OKC,L,27.183333333333334,4.0,15.9,0.25,0.0,1.3,0.0,6.6,7.9,0.833,5.3,6.6,11.9,7.9,2.6,1.3,0.0,1.3,6.6,4.0,14.6,-14.6,42.1,0,0,37.1,1,13222,1,13222,10204,17155,7279,20233,15070,20473,15070,2300,2553,7275,2093,7055,3568,2942,7702,9325,8263,5523,2297,6382,13328,19737,6561,2246,150,8665,1,27:11
2024-25,1630224,Jalen Green,Jalen,1610612745,HOU,Houston Rockets,0022400192,2024-11-08T00:00:00,HOU @ OKC,L,27.7,6.5,18.2,0.357,2.6,10.4,0.25,2.6,2.6,1.0,0.0,5.2,5.2,2.6,1.3,0.0,0.0,3.9,1.3,1.3,18.2,-20.8,27.0,0,0,28.6,1,13222,1,13222,9787,10192,4462,17140,7829,3065,11902,8803,10973,1,14058,10281,14276,14218,13797,12854,8263,686,18032,15910,9631,21778,16917,2246,150,14997,1,27:42
2024-25,1629645,Kevin Porter Jr.,Kevin,1610612746,LAC,LA Clippers,0022400196,2024-11-08T00:00:00,LAC @ SAC,W,18.55,9.7,17.5,0.556,0.0,1.9,0.0,1.9,1.9,1.0,0.0,0.0,0.0,0.0,7.8,1.9,0.0,0.0,1.9,1.9,21.3,7.8,19.4,0,0,25.2,1,1,13086,1,17147,3597,5278,7248,15070,19659,15070,10833,12880,1,14058,22137,23286,19908,644,6558,8263,8846,15457,13358,6773,8746,21453,2246,150,17487,1,18:33
2024-25,1628370,Malik Monk,Malik,1610612758,SAC,Sacramento Kings,0022400196,2024-11-08T00:00:00,SAC vs. LAC,L,31.166666666666668,6.9,15.0,0.462,0.0,3.5,0.0,5.8,5.8,1.0,0.0,1.2,1.2,3.5,1.2,2.3,2.3,0.0,2.3,5.8,19.6,1.2,38.9,0,0,33.5,1,13222,1,13222,6734,9095,8587,12428,15070,16719,15070,3107,4781,1,14058,21617,23001,11507,14759,4998,2722,8846,13601,2932,8217,12045,8462,2246,150,11243,1,31:10
2024-25,1628988,Aaron Holiday,Aaron,1610612745,HOU,Houston Rockets,0022400192,2024-11-08T00:00:00,HOU @ OKC,L,5.95,6.1,12.1,0.5,0.0,0.0,0.0,6.1,6.1,1.0,0.0,6.1,6.1,12.1,0.0,0.0,0.0,0.0,0.0,12.1,18.2,-6.1,43.6,0,0,36.3,1,13222,1,13222,23613,11360,13413,8526,15070,20945,15070,2817,4402,1,14058,8223,12158,696,16469,12854,8263,8846,20257,193,9673,16082,5867,2246,150,9154,1,5:57
2024-25,1628401,Derrick White,Derrick,1610612738,BOS,Boston Celtics,0022400187,2024-11-08T00:00:00,BOS vs. BKN,W,42.516666666666666,4.2,9.3,0.455,0.8,5.1,0.167,2.5,3.4,0.75,0.8,1.7,2.5,5.1,2.5,0.0,2.5,0.0,2.5,2.5,11.9,-2.5,27.6,0,0,25.4,1,1,13086,1,202,16500,18254,12676,15037,13002,14236,8934,9125,8186,14004,20477,20727,7293,8079,12854,2304,8846,12635,10840,16291,14330,16495,2246,150,17355,1,42:31
2024-25,1631217,Moussa Diabaté,Moussa,1610612766,CHA,Charlotte Hornets,0022400184,2024-11-08T00:00:00,CHA vs. IND,W,28.983333333333334,0.0,1.2,0.0,0.0,0.0,0.0,0.0,0.0,0.0,5.0,13.7,18.6,0.0,2.5,1.2,3.7,0.0,1.2,1.2,0.0,42.2,34.8,0,0,28.6,1,1,13086,1,8688,22635,24831,22635,15070,20945,15070,13505,14344,13505,2407,839,762,19908,8313,9853,1068,8846,18317,16169,23200,821,11219,2246,150,15014,1,28:59
2024-25,1626172,Kevon Looney,Kevon,1610612744,GSW,Golden State Warriors,0022400188,2024-11-08T00:00:00,GSW @ CLE,L,15.666666666666666,9.2,13.8,0.667,0.0,0.0,0.0,2.3,2.3,1.0,2.3,13.8,16.1,2.3,0.0,4.6,0.0,2.3,4.6,4.6,20.7,4.6,57.2,0,0,48.3,1,13222,1,13222,19151,4369,10513,3281,15070,20945,15070,9628,11784,1,7250,806,1400,15238,16469,1151,8263,2429,5548,4953,7331,10341,1595,2246,150,3061,1,15:40
2024-25,203994,Jusuf Nurkić,Jusuf,1610612756,PHX,Phoenix Suns,0022400190,2024-11-08T00:00:00,PHX @ DAL,W,33.665,6.4,12.8,0.5,2.1,4.3,0.5,1.1,2.1,0.5,3.2,7.5,10.7,0.0,1.1,2.1,0.0,0.0,4.3,3.2,16.0,-3.2,34.2,1,0,33.2,1,1,13086,1,4589,10397,12155,8526,9512,14966,3944,13003,12291,10625,4923,5524,4704,19908,15347,5637,8263,8846,6350,8536,11878,14677,11640,1,150,11530,1,33:40
2024-25,203924,Jerami Grant,Jerami,1610612757,POR,Portland Trail Blazers,0022400193,2024-11-08T00:00:00,POR @ MIN,L,26.933333333333334,5.3,13.4,0.4,2.7,5.3,0.5,2.7,4.0,0.667,0.0,1.3,1.3,0.0,0.0,0.0,2.7,0.0,1.3,2.7,16.0,-33.4,25.7,0,0,25.4,1,13222,1,13222,10388,13414,11193,14933,7615,12331,3944,8633,7826,9425,14058,21221,22777,19908,16469,12854,2119,8846,17878,10398,11880,24221,17835,2246,150,17361,1,26:56
2024-25,1627783,Pascal Siakam,Pascal,1610612754,IND,Indiana Pacers,0022400184,2024-11-08T00:00:00,IND @ CHA,L,33.61666666666667,11.8,18.2,0.647,5.4,7.5,0.714,0.0,2.1,0.0,0.0,4.3,4.3,3.2,2.1,3.2,0.0,0.0,2.1,3.2,28.9,5.4,46.4,0,0,48.2,1,13222,1,13222,4618,1678,4452,4571,1891,7414,1861,13505,12283,13505,14058,12852,16578,12253,9770,2714,8263,8846,14403,8516,2449,9914,4591,2246,150,3087,1,33:37
2024-25,1626145,Tyus Jones,Tyus,1610612756,PHX,Phoenix Suns,0022400190,2024-11-08T00:00:00,PHX @ DAL,W,31.116666666666667,8.1,15.0,0.538,3.5,5.8,0.6,0.0,0.0,0.0,0.0,2.3,2.3,5.8,3.5,1.2,0.0,0.0,3.5,1.2,19.7,5.8,31.1,0,0,33.6,1,1,13086,1,6775,6416,8543,7978,5215,11242,2992,13505,14344,13505,14058,18722,21171,5883,5082,10524,8263,8846,8833,16615,8188,9707,13976,2246,150,11204,1,31:07
2024-25,1642258,Zaccharie Risacher,Zaccharie,1610612737,ATL,Atlanta Hawks,0022400185,2024-11-08T00:00:00,ATL @ DET,L,25.066666666666666,2.9,10.1,0.286,0.0,4.3,0.0,4.3,5.7,0.75,5.7,1.4,7.2,4.3,4.3,0.0,1.4,0.0,4.3,2.9,10.1,-5.7,25.1,0,0,24.4,1,13222,1,13222,11944,19728,16952,19630,15070,14895,15070,5133,4821,8186,1779,21013,9782,9104,3305,12854,5093,8846,6257,9678,18107,15941,18194,2246,150,18064,1,25:04
2024-25,202331,Paul George,Paul,1610612755,PHI,Philadelphia 76ers,0022400195,2024-11-08T00:00:00,PHI @ LAL,L,24.95,5.8,18.8,0.308,0.0,8.7,0.0,1.4,2.9,0.5,1.4,4.3,5.8,11.5,0.0,1.4,0.0,1.4,2.9,1.4,13.0,-5.8,41.6,0,0,33.2,1,13222,1,13222,12051,12197,3966,19226,15070,5330,15070,11921,10270,10625,10568,12715,12833,830,16469,8675,8263,5008,11240,15267,15103,15959,6858,2246,150,11510,1,24:57
2024-25,1627827,Dorian Finney-Smith,Dorian,1610612751,BKN,Brooklyn Nets,0022400187,2024-11-08T00:00:00,BKN @ BOS,L,31.083333333333332,2.3,6.9,0.333,1.2,3.5,0.333,0.0,0.0,0.0,2.3,3.5,5.8,2.3,1.2,0.0,1.2,1.2,5.8,0.0,5.8,0.0,18.5,0,0,17.4,1,13222,1,13222,6807,20817,21622,17395,13604,16702,9209,13505,14344,13505,7189,15309,12777,15170,14741,12854,6434,6566,3234,17725,21530,12240,21873,2246,150,22137,1,31:05
2024-25,1641764,Brandin Podziemski,Brandin,1610612744,GSW,Golden State Warriors,0022400188,2024-11-08T00:00:00,GSW @ CLE,L,26.5,8.2,16.3,0.5,1.4,8.2,0.167,1.4,2.7,0.5,2.7,6.8,9.5,5.4,1.4,5.4,0.0,0.0,1.4,4.1,19.0,9.5,53.5,0,0,46.2,1,13222,1,13222,10724,6299,6680,8526,12608,6169,14236,12141,10696,10625,6051,6716,6049,6559,13522,664,8263,8846,17794,6105,8839,7940,2324,2246,150,3747,1,26:30
2024-25,1631200,Kris Murray,Kris,1610612757,POR,Portland Trail Blazers,0022400193,2024-11-08T00:00:00,POR @ MIN,L,6.966666666666667,10.3,20.7,0.5,0.0,5.2,0.0,0.0,0.0,0.0,5.2,5.2,10.3,5.2,0.0,5.2,0.0,0.0,5.2,0.0,20.7,-15.5,56.3,0,0,46.5,1,13222,1,13222,23184,2884,2530,8526,15070,12779,15070,13505,14344,13505,2223,10362,5071,7093,16469,803,8263,8846,4253,17725,7338,20098,1758,2246,150,3656,1,6:58
2024-25,1630552,Jalen Johnson,Jalen,1610612737,ATL,Atlanta Hawks,0022400185,2024-11-08T00:00:00,ATL @ DET,L,37.166666666666664,7.7,18.4,0.421,1.9,5.8,0.333,1.9,1.9,1.0,0.0,8.7,8.7,1.0,1.0,0.0,1.0,1.0,1.9,1.9,19.4,-11.6,33.2,0,0,32.9,1,13222,1,13222,1873,7166,4289,14442,10471,11184,9209,10844,12891,1,14058,3816,7142,19773,16041,12854,7702,8199,15476,13378,8486,18582,12410,2246,150,11705,1,37:10
2024-25,1630168,Onyeka Okongwu,Onyeka,1610612737,ATL,Atlanta Hawks,0022400185,2024-11-08T00:00:00,ATL @ DET,L,16.816666666666666,8.6,15.0,0.571,0.0,2.1,0.0,0.0,0.0,0.0,4.3,6.4,10.7,6.4,2.1,0.0,2.1,2.1,8.6,2.1,17.1,6.4,43.9,0,0,38.5,1,13222,1,13222,18375,5500,8641,6538,15070,19287,15070,13505,14344,13505,3192,7459,4690,4826,9779,12854,3095,2799,1113,12436,10708,9411,5729,2246,150,7682,1,16:49
2024-25,1630592,Jalen Wilson,Jalen,1610612751,BKN,Brooklyn Nets,0022400187,2024-11-08T00:00:00,BKN @ BOS,L,24.65,4.4,14.6,0.3,0.0,5.8,0.0,2.9,2.9,1.0,1.5,1.5,2.9,1.5,1.5,0.0,0.0,1.5,1.5,4.4,11.7,-1.5,15.9,0,0,16.1,1,13222,1,13222,12326,16118,9196,19363,15070,11101,15070,8033,10172,1,10481,20962,19938,18133,12953,12854,8263,4936,17392,5398,16478,13784,22888,2246,150,22679,1,24:39
2024-25,1630166,Deni Avdija,Deni,1610612757,POR,Portland Trail Blazers,0022400193,2024-11-08T00:00:00,POR @ MIN,L,23.45,6.1,13.8,0.444,0.0,3.1,0.0,1.5,4.6,0.333,1.5,6.1,7.7,1.5,1.5,1.5,0.0,1.5,3.1,4.6,13.8,-39.9,28.4,0,0,26.1,1,13222,1,13222,13346,11115,10462,13045,15070,17508,15070,11724,6645,13132,10171,8022,8838,17853,12595,8253,8263,4641,10388,4926,14133,24834,15937,2246,150,16868,1,23:27
2024-25,1629660,Ty Jerome,Ty,1610612739,CLE,Cleveland Cavaliers,0022400188,2024-11-08T00:00:00,CLE vs. GSW,W,21.25,11.9,13.6,0.875,5.1,5.1,1.0,5.1,5.1,1.0,1.7,0.0,1.7,5.1,5.1,0.0,0.0,0.0,3.4,3.4,33.9,22.0,38.5,0,0,45.7,1,1,13086,1,15114,1616,10913,1353,2181,13000,1,3916,5784,1,9594,22137,22307,7288,2245,12854,8263,8846,9125,7988,1150,3450,8733,2246,150,3917,1,21:15
2024-25,1631260,AJ Green,AJ,1610612749,MIL,Milwaukee Bucks,0022400189,2024-11-08T00:00:00,MIL @ NYK,L,24.966666666666665,4.3,8.7,0.5,4.3,8.7,0.5,0.0,0.0,0.0,0.0,0.0,0.0,0.0,0.0,0.0,0.0,0.0,5.8,1.4,13.0,-5.8,13.0,0,0,17.3,1,13222,1,13222,12032,16261,19273,8526,3343,5342,3944,13505,14344,13505,14058,22137,23286,19908,16469,12854,8263,8846,3283,15269,15113,15957,23775,2246,150,22173,1,24:58
2024-25,1630541,Moses Moody,Moses,1610612744,GSW,Golden State Warriors,0022400188,2024-11-08T00:00:00,GSW @ CLE,L,16.933333333333334,10.6,21.3,0.5,2.1,6.4,0.333,0.0,0.0,0.0,0.0,4.3,4.3,2.1,2.1,0.0,0.0,4.3,2.1,0.0,23.4,-12.8,29.6,0,0,31.9,1,13222,1,13222,18290,2581,2182,8526,9569,9803,9209,13505,14344,13505,14058,12964,16677,15908,9874,12854,8263,563,14483,17725,5213,19039,15106,2246,150,12466,1,16:56
2024-25,1641741,Ricky Council IV,Ricky,1610612755,PHI,Philadelphia 76ers,0022400195,2024-11-08T00:00:00,PHI @ LAL,L,15.166666666666666,0.0,9.5,0.0,0.0,2.4,0.0,4.7,4.7,1.0,2.4,4.7,7.1,4.7,0.0,0.0,0.0,2.4,0.0,2.4,4.7,7.1,20.4,0,0,16.6,1,13222,1,13222,19456,22635,17958,22635,15070,18857,15070,4434,6403,1,7009,11577,9914,8057,16469,12854,8263,2280,20257,11452,22158,9085,20982,2246,150,22461,1,15:10
2024-25,201572,Brook Lopez,Brook,1610612749,MIL,Milwaukee Bucks,0022400189,2024-11-08T00:00:00,MIL @ NYK,L,24.466666666666665,4.4,7.4,0.6,0.0,1.5,0.0,1.5,2.9,0.5,2.9,1.5,4.4,1.5,2.9,0.0,0.0,0.0,1.5,2.9,10.3,-23.5,14.9,0,0,16.2,1,13222,1,13222,12511,16025,21130,5394,15070,20297,15070,11845,10109,10625,5471,20937,16250,18087,6667,12854,8263,8846,17340,9444,17858,22466,23223,2246,150,22640,1,24:28
2024-25,1630658,Colin Castleton,Colin,1610612763,MEM,Memphis Grizzlies,0022400191,2024-11-08T00:00:00,MEM vs. WAS,W,2.1666666666666665,0.0,0.0,0.0,0.0,0.0,0.0,0.0,0.0,0.0,0.0,16.6,16.6,0.0,0.0,0.0,0.0,0.0,0.0,0.0,0.0,33.2,19.9,0,0,16.6,1,1,13086,1,25387,22635,24836,22635,15070,20945,15070,13505,14344,13505,14058,365,1229,19908,16469,12854,8263,8846,20257,17725,23200,1600,21195,2246,150,22461,1,2:10
2024-25,1641783,Tristan da Silva,Tristan,1610612753,ORL,Orlando Magic,0022400186,2024-11-08T00:00:00,ORL vs. NOP,W,26.666666666666668,4.1,14.9,0.273,1.3,9.5,0.143,0.0,0.0,0.0,0.0,4.1,4.1,1.3,0.0,0.0,0.0,0.0,1.3,1.3,9.5,13.5,16.3,0,0,16.2,1,1,13086,1,10590,16975,8824,20048,12652,4184,14649,13505,14344,13505,14058,13572,17188,18503,16469,12854,8263,8846,17821,15679,18687,6204,22727,2246,150,22634,1,26:40
2024-25,1629611,Terance Mann,Terance,1610612746,LAC,LA Clippers,0022400196,2024-11-08T00:00:00,LAC @ SAC,W,22.2,0.0,6.5,0.0,0.0,3.2,0.0,3.2,3.2,1.0,1.6,6.5,8.1,4.9,0.0,0.0,0.0,0.0,3.2,1.6,3.2,27.6,20.3,0,0,16.2,1,1,13086,1,14344,22635,22130,22635,15070,17188,15070,7221,9430,1,9838,7336,8078,7765,16469,12854,8263,8846,9681,14554,22871,2337,21039,2246,150,22628,1,22:12
2024-25,1631172,Ousmane Dieng,Ousmane,1610612760,OKC,Oklahoma City Thunder,0022400192,2024-11-08T00:00:00,OKC vs. HOU,W,5.6,0.0,12.9,0.0,0.0,6.4,0.0,0.0,0.0,0.0,0.0,12.9,12.9,0.0,6.4,6.4,0.0,0.0,0.0,0.0,0.0,-12.9,28.3,0,0,25.7,1,1,13086,1,23743,22635,12107,22635,15070,9692,15070,13505,14344,13505,14058,1059,2901,19908,1164,388,8263,8846,20257,17725,23200,19079,16006,2246,150,17128,1,5:36
2024-25,1630611,Gui Santos,Gui,1610612744,GSW,Golden State Warriors,0022400188,2024-11-08T00:00:00,GSW @ CLE,L,4.733333333333333,7.6,7.6,1.0,7.6,7.6,1.0,0.0,0.0,0.0,7.6,0.0,7.6,0.0,0.0,0.0,0.0,0.0,0.0,0.0,22.8,7.6,31.9,0,0,38.0,1,13222,1,13222,24123,7499,20784,1,552,7165,1,13505,14344,13505,908,22137,8961,19908,16469,12854,8263,8846,20257,17725,5620,8828,13366,2246,150,8011,1,4:44
2024-25,1642259,Alex Sarr,Alex,1610612764,WAS,Washington Wizards,0022400191,2024-11-08T00:00:00,WAS @ MEM,L,24.516666666666666,4.4,16.2,0.273,0.0,7.3,0.0,2.9,2.9,1.0,2.9,4.4,7.3,7.3,5.9,1.5,1.5,2.9,5.9,2.9,11.7,-10.3,34.5,0,0,32.3,1,13222,1,13222,12460,16050,6898,20048,15070,7738,15070,7992,10127,1,5492,12516,9491,3575,1484,8542,4966,1409,3111,9471,16403,18012,11442,2246,150,12140,1,24:31
2024-25,1641712,Rayan Rupert,Rayan,1610612757,POR,Portland Trail Blazers,0022400193,2024-11-08T00:00:00,POR @ MIN,L,6.966666666666667,5.2,10.3,0.5,5.2,5.2,1.0,0.0,0.0,0.0,0.0,5.2,5.2,0.0,5.2,0.0,0.0,0.0,0.0,0.0,15.5,-15.5,16.5,0,0,25.8,1,13222,1,13222,23184,13896,16487,8526,2084,12779,1,13505,14344,13505,14058,10362,14349,19908,2142,12854,8263,8846,20257,17725,12418,20098,22649,2246,150,17042,1,6:58
2024-25,1642275,Tidjane Salaün,Tidjane,1610612766,CHA,Charlotte Hornets,0022400184,2024-11-08T00:00:00,CHA vs. IND,W,21.483333333333334,1.7,10.1,0.167,0.0,5.0,0.0,0.0,0.0,0.0,5.0,6.7,11.7,1.7,3.4,0.0,0.0,3.4,3.4,1.7,3.4,-18.4,16.6,0,0,16.8,1,1,13086,1,14946,21925,16950,21938,15070,13147,15070,13505,14344,13505,2353,6885,3731,17428,5355,12854,8263,1027,9243,14346,22830,21052,22624,2246,150,22405,1,21:29
2024-25,1630215,Jared Butler,Jared,1610612764,WAS,Washington Wizards,0022400191,2024-11-08T00:00:00,WAS @ MEM,L,14.05,5.1,23.1,0.222,0.0,5.1,0.0,2.6,5.1,0.5,2.6,5.1,7.7,15.4,0.0,5.1,0.0,10.2,5.1,2.6,12.8,-2.6,60.5,0,0,46.1,1,13222,1,13222,20169,14020,1367,21205,15070,12889,15070,8898,5718,10625,6445,10490,8819,263,16469,824,8263,65,4332,10752,15274,14339,1137,2246,150,3776,1,14:03
2024-25,1641796,Pelle Larsson,Pelle,1610612748,MIA,Miami Heat,0022400194,2024-11-08T00:00:00,MIA @ DEN,L,14.021666666666667,2.6,2.6,1.0,2.6,2.6,1.0,5.1,10.3,0.5,0.0,5.1,5.1,5.1,2.6,0.0,0.0,0.0,2.6,7.7,12.8,-35.9,24.1,0,0,25.7,1,13222,1,13222,20186,20337,24623,1,7927,18508,1,3845,1269,10625,14058,10466,14434,7164,7992,12854,8263,8846,12539,1197,15253,24514,18850,2246,150,17155,1,14:01
2024-25,1630544,Tre Mann,Tre,1610612766,CHA,Charlotte Hornets,0022400184,2024-11-08T00:00:00,CHA vs. IND,W,27.028333333333332,8.0,17.3,0.462,2.7,6.7,0.4,0.0,0.0,0.0,1.3,1.3,2.7,5.3,4.0,1.3,0.0,0.0,1.3,1.3,18.6,22.6,29.8,0,0,32.0,1,1,13086,1,10314,6649,5436,12428,7639,9194,7874,13505,14344,13505,11055,21231,20516,6766,3891,9295,8263,8846,17899,15760,9165,3334,14915,2246,150,12415,1,27:02
2024-25,1629684,Grant Williams,Grant,1610612766,CHA,Charlotte Hornets,0022400184,2024-11-08T00:00:00,CHA vs. IND,W,30.666666666666668,3.5,9.4,0.375,0.0,5.9,0.0,2.3,2.3,1.0,2.3,8.2,10.6,1.2,3.5,1.2,1.2,0.0,3.5,3.5,9.4,38.7,27.4,0,0,25.8,1,1,13086,1,7151,18276,18128,16299,15070,11023,15070,9458,11634,1,7102,4402,4846,19100,4969,10403,6341,8846,8694,7604,18736,1063,16696,2246,150,17049,1,30:40
2024-25,1641842,Ronald Holland II,Ronald,1610612765,DET,Detroit Pistons,0022400185,2024-11-08T00:00:00,DET vs. ATL,W,13.616666666666667,5.3,13.2,0.4,0.0,2.6,0.0,2.6,2.6,1.0,2.6,0.0,2.6,0.0,0.0,0.0,0.0,2.6,2.6,2.6,13.2,7.9,16.4,0,0,15.9,1,1,13086,1,20410,13571,11450,14933,15070,18369,15070,8705,10876,1,6234,22137,20555,19908,16469,12854,8263,1816,12264,10495,14849,8672,22710,2246,150,22766,1,13:37
2024-25,203081,Damian Lillard,Damian,1610612749,MIL,Milwaukee Bucks,0022400189,2024-11-08T00:00:00,MIL @ NYK,L,34.43333333333333,6.3,15.7,0.4,0.0,4.2,0.0,7.3,7.3,1.0,1.0,5.2,6.3,6.3,1.0,0.0,0.0,2.1,0.0,4.2,19.9,-29.3,35.8,0,0,32.4,1,13222,1,13222,3903,10785,7570,14933,15070,15157,15070,1788,3079,1,12907,10217,11667,5060,15519,12854,8263,2947,20257,5880,8023,23628,10535,2246,150,12054,1,34:26
2024-25,1631101,Shaedon Sharpe,Shaedon,1610612757,POR,Portland Trail Blazers,0022400193,2024-11-08T00:00:00,POR @ MIN,L,20.733333333333334,3.5,13.9,0.25,0.0,6.9,0.0,3.5,5.2,0.667,0.0,3.5,3.5,3.5,3.5,0.0,0.0,0.0,1.7,3.5,10.4,0.0,16.3,0,0,17.4,1,13222,1,13222,15468,18380,10355,20233,15070,8579,15070,6749,5597,9425,14058,15313,18613,11480,5074,12854,8263,8846,16423,7732,17734,12240,22731,2246,150,22144,1,20:44
2024-25,201959,Taj Gibson,Taj,1610612766,CHA,Charlotte Hornets,0022400184,2024-11-08T00:00:00,CHA vs. IND,W,12.916666666666666,2.8,2.8,1.0,0.0,0.0,0.0,0.0,0.0,0.0,0.0,8.4,8.4,2.8,2.8,0.0,0.0,0.0,5.6,2.8,5.6,-41.8,17.0,0,0,16.7,1,1,13086,1,20783,19905,24559,1,15070,20945,15070,13505,14344,13505,14058,4202,7671,13625,7264,12854,8263,8846,3587,10006,21680,24961,22486,2246,150,22420,1,12:55
2024-25,202704,Reggie Jackson,Reggie,1610612755,PHI,Philadelphia 76ers,0022400195,2024-11-08T00:00:00,PHI @ LAL,L,10.95,3.3,19.7,0.167,3.3,13.2,0.25,0.0,0.0,0.0,0.0,6.6,6.6,6.6,0.0,0.0,0.0,3.3,13.2,3.3,9.9,-29.6,27.6,0,0,26.3,1,13222,1,13222,21728,18783,3162,21938,5707,1228,11902,13505,14344,13505,14058,7153,11008,4596,16469,12854,8263,1073,332,8283,18293,23665,16489,2246,150,16712,1,10:57
2024-25,1629669,Jaylen Nowell,Jaylen,1610612740,NOP,New Orleans Pelicans,0022400186,2024-11-08T00:00:00,NOP @ ORL,L,13.2,10.9,24.5,0.444,2.7,10.9,0.25,2.7,2.7,1.0,0.0,0.0,0.0,2.7,2.7,0.0,0.0,0.0,0.0,2.7,27.3,-30.0,28.6,0,0,32.7,1,13222,1,13222,20652,2341,913,13045,7458,2579,11902,8512,10678,1,14058,22137,23286,13828,7446,12854,8263,8846,20257,10236,3076,23732,15777,2246,150,11849,1,13:12
2024-25,201145,Jeff Green,Jeff,1610612745,HOU,Houston Rockets,0022400192,2024-11-08T00:00:00,HOU @ OKC,L,3.8,9.5,9.5,1.0,9.5,9.5,1.0,0.0,0.0,0.0,0.0,0.0,0.0,0.0,9.5,0.0,0.0,0.0,0.0,0.0,28.4,66.3,18.9,0,0,37.9,1,13222,1,13222,24574,3912,17986,1,254,4137,1,13505,14344,13505,14058,22137,23286,19908,375,12854,8263,8846,20257,17725,2620,275,21669,2246,150,8084,1,3:48
2024-25,1630583,Santi Aldama,Santi,1610612763,MEM,Memphis Grizzlies,0022400191,2024-11-08T00:00:00,MEM vs. WAS,W,32.46666666666667,5.5,14.4,0.385,0.0,5.5,0.0,2.2,2.2,1.0,1.1,4.4,5.5,4.4,1.1,1.1,0.0,1.1,1.1,1.1,13.3,26.6,28.8,0,0,25.5,1,1,13086,1,5579,12873,9497,16070,15070,11860,15070,9885,12032,1,12403,12436,13431,8800,15074,10950,8263,6975,19052,16872,14746,2499,15608,2246,150,17278,1,32:28
2024-25,1630183,Jaden McDaniels,Jaden,1610612750,MIN,Minnesota Timberwolves,0022400193,2024-11-08T00:00:00,MIN vs. POR,W,26.616666666666667,2.7,10.8,0.25,1.4,2.7,0.5,0.0,0.0,0.0,0.0,4.1,4.1,2.7,0.0,2.7,0.0,1.4,2.7,2.7,6.8,9.5,23.8,0,0,20.3,1,1,13086,1,10633,20082,15662,20233,12645,18255,3944,13505,14344,13505,14058,13553,17166,13894,16469,3897,8263,5390,12023,10304,20888,7959,19088,2246,150,20698,1,26:37
2024-25,202684,Tristan Thompson,Tristan,1610612739,CLE,Cleveland Cavaliers,0022400188,2024-11-08T00:00:00,CLE vs. GSW,W,3.433333333333333,0.0,10.5,0.0,0.0,0.0,0.0,0.0,0.0,0.0,0.0,0.0,0.0,0.0,0.0,0.0,0.0,10.5,0.0,0.0,0.0,-94.4,0.0,0,0,0.0,1,1,13086,1,24743,22635,16237,22635,15070,20945,15070,13505,14344,13505,14058,22137,23286,19908,16469,12854,8263,58,20257,17725,23200,26114,25228,2246,150,25259,1,3:26
2024-25,1630700,Dyson Daniels,Dyson,1610612737,ATL,Atlanta Hawks,0022400185,2024-11-08T00:00:00,ATL @ DET,L,38.47,6.6,15.9,0.412,1.9,5.6,0.333,1.9,1.9,1.0,0.9,1.9,2.8,1.9,1.9,6.6,1.9,0.0,3.7,1.9,16.8,9.4,46.4,0,0,40.2,1,13222,1,13222,1123,10057,7245,14791,10776,11676,9209,11045,13060,1,13740,20041,20235,16852,11215,364,3858,8846,7937,13635,11012,8013,4574,2246,150,6651,1,38:28
2024-25,1628418,Thomas Bryant,Thomas,1610612748,MIA,Miami Heat,0022400194,2024-11-08T00:00:00,MIA @ DEN,L,7.025,0.0,5.1,0.0,0.0,5.1,0.0,0.0,0.0,0.0,0.0,10.2,10.2,0.0,0.0,0.0,5.1,0.0,0.0,0.0,0.0,0.0,27.7,0,0,20.5,1,13222,1,13222,23161,22635,23375,22635,15070,12889,15070,13505,14344,13505,14058,2392,5178,19908,16469,12854,485,8846,20257,17725,23200,12240,16443,2246,150,20580,1,7:02
2024-25,1642276,Kel'el Ware,Kel'el,1610612748,MIA,Miami Heat,0022400194,2024-11-08T00:00:00,MIA @ DEN,L,2.15,0.0,16.7,0.0,0.0,0.0,0.0,0.0,0.0,0.0,0.0,0.0,0.0,0.0,0.0,0.0,0.0,0.0,33.5,0.0,0.0,-100.5,0.0,0,0,0.0,1,13222,1,13222,25393,22635,6115,22635,15070,20945,15070,13505,14344,13505,14058,22137,23286,19908,16469,12854,8263,8846,28,17725,23200,26153,25228,2246,150,25259,1,2:09
2024-25,1641775,Jordan Walsh,Jordan,1610612738,BOS,Boston Celtics,0022400187,2024-11-08T00:00:00,BOS vs. BKN,W,10.533333333333333,0.0,3.4,0.0,0.0,3.4,0.0,0.0,0.0,0.0,0.0,0.0,0.0,3.4,0.0,0.0,3.4,0.0,6.8,0.0,0.0,-23.9,15.4,0,0,10.3,1,1,13086,1,21904,22635,24343,22635,15070,16831,15070,13505,14344,13505,14058,22137,23286,11636,16469,12854,1287,8846,2115,17725,23200,22551,23062,2246,150,24377,1,10:32
2024-25,203915,Spencer Dinwiddie,Spencer,1610612742,DAL,Dallas Mavericks,0022400190,2024-11-08T00:00:00,DAL vs. PHX,L,28.355,1.3,2.5,0.5,1.3,1.3,1.0,0.0,0.0,0.0,0.0,0.0,0.0,2.5,0.0,1.3,0.0,0.0,1.3,0.0,3.8,-2.5,11.4,0,0,10.2,1,13222,1,13222,9254,22432,24632,8526,12983,20534,1,13505,14344,13505,14058,22137,23286,14405,16469,9655,8263,8846,18173,17725,22648,14329,24143,2246,150,24393,1,28:21
2024-25,1642355,Bronny James,Bronny,1610612747,LAL,Los Angeles Lakers,0022400195,2024-11-08T00:00:00,LAL vs. PHI,W,1.4666666666666666,0.0,0.0,0.0,0.0,0.0,0.0,0.0,0.0,0.0,0.0,0.0,0.0,0.0,0.0,0.0,0.0,0.0,0.0,0.0,0.0,-98.2,0.0,0,0,0.0,1,1,13086,1,25823,22635,24836,22635,15070,20945,15070,13505,14344,13505,14058,22137,23286,19908,16469,12854,8263,8846,20257,17725,23200,26135,25228,2246,150,25259,1,1:28
2024-25,1631093,Jaden Ivey,Jaden,1610612765,DET,Detroit Pistons,0022400185,2024-11-08T00:00:00,DET vs. ATL,W,29.496666666666666,8.5,15.9,0.538,1.2,4.9,0.25,3.7,8.5,0.429,2.4,1.2,3.7,3.7,4.9,1.2,3.7,2.4,4.9,4.9,22.0,-3.7,41.6,0,0,40.3,1,1,13086,1,8232,5540,7319,7978,13261,13490,11902,6364,2161,13040,6802,21464,18174,10896,2488,10013,1111,2133,4873,4330,6249,14876,6820,2246,150,6630,1,29:30
2024-25,1630214,Xavier Tillman,Xavier,1610612738,BOS,Boston Celtics,0022400187,2024-11-08T00:00:00,BOS vs. BKN,W,5.866666666666666,0.0,18.4,0.0,0.0,18.4,0.0,0.0,0.0,0.0,0.0,0.0,0.0,0.0,0.0,0.0,0.0,0.0,0.0,0.0,0.0,-85.9,0.0,0,0,0.0,1,1,13086,1,23641,22635,4280,22635,15070,305,15070,13505,14344,13505,14058,22137,23286,19908,16469,12854,8263,8846,20257,17725,23200,26057,25228,2246,150,25259,1,5:52
2024-25,1631116,Patrick Baldwin Jr.,Patrick,1610612764,WAS,Washington Wizards,0022400191,2024-11-08T00:00:00,WAS @ MEM,L,4.533333333333333,0.0,7.9,0.0,0.0,7.9,0.0,0.0,0.0,0.0,0.0,0.0,0.0,0.0,0.0,0.0,0.0,0.0,0.0,0.0,0.0,0.0,0.0,0,0,0.0,1,13222,1,13222,24213,22635,20351,22635,15070,6546,15070,13505,14344,13505,14058,22137,23286,19908,16469,12854,8263,8846,20257,17725,23200,12240,25228,2246,150,25259,1,4:32
2024-25,1630649,Stanley Umude,Stanley,1610612749,MIL,Milwaukee Bucks,0022400189,2024-11-08T00:00:00,MIL @ NYK,L,8.383333333333333,0.0,8.6,0.0,0.0,8.6,0.0,0.0,8.6,0.0,0.0,8.6,8.6,4.3,0.0,0.0,0.0,0.0,0.0,4.3,0.0,25.8,16.7,0,0,12.9,1,13222,1,13222,22666,22635,19369,22635,15070,5437,15070,13505,2133,13505,14058,3953,7330,9135,16469,12854,8263,8846,20257,5599,23200,2658,22579,2246,150,23748,1,8:23
2024-25,1641733,Nick Smith Jr.,Nick,1610612766,CHA,Charlotte Hornets,0022400184,2024-11-08T00:00:00,CHA vs. IND,W,1.2333333333333334,0.0,29.2,0.0,0.0,29.2,0.0,0.0,0.0,0.0,0.0,0.0,0.0,0.0,0.0,0.0,0.0,0.0,0.0,0.0,0.0,0.0,0.0,0,0,0.0,1,1,13086,1,25942,22635,320,22635,15070,73,15070,13505,14344,13505,14058,22137,23286,19908,16469,12854,8263,8846,20257,17725,23200,12240,25228,2246,150,25259,1,1:14
2024-25,1629001,De'Anthony Melton,De'Anthony,1610612744,GSW,Golden State Warriors,0022400188,2024-11-08T00:00:00,GSW @ CLE,L,17.8,8.1,22.2,0.364,4.0,12.1,0.333,0.0,0.0,0.0,4.0,0.0,4.0,6.1,2.0,0.0,0.0,0.0,8.1,0.0,20.2,12.1,32.2,0,0,34.4,1,13222,1,13222,17706,6440,1714,16861,3899,1705,9209,13505,14344,13505,3536,22137,17200,5366,10412,12854,8263,8846,1323,17725,7716,6740,13210,2246,150,10542,1,17:48
2024-25,1641720,Jalen Hood-Schifino,Jalen,1610612747,LAL,Los Angeles Lakers,0022400195,2024-11-08T00:00:00,LAL vs. PHI,W,1.4666666666666666,0.0,0.0,0.0,0.0,0.0,0.0,0.0,0.0,0.0,0.0,0.0,0.0,0.0,0.0,0.0,0.0,0.0,0.0,0.0,0.0,-98.2,0.0,0,0,0.0,1,1,13086,1,25823,22635,24836,22635,15070,20945,15070,13505,14344,13505,14058,22137,23286,19908,16469,12854,8263,8846,20257,17725,23200,26135,25228,2246,150,25259,1,1:28
2024-25,1642267,Bub Carrington,Bub,1610612764,WAS,Washington Wizards,0022400191,2024-11-08T00:00:00,WAS @ MEM,L,33.43333333333333,4.3,11.8,0.364,1.1,5.4,0.2,1.1,2.2,0.5,1.1,9.7,10.8,8.6,4.3,4.3,0.0,0.0,3.2,3.2,10.8,-17.2,45.2,1,0,39.8,1,13222,1,13222,4782,16305,13872,16861,14086,12243,13429,12982,12239,10625,12661,2829,4630,2332,3310,1365,8263,8846,9737,8460,17399,20696,5076,1,150,6871,1,33:26
2024-25,1641739,Toumani Camara,Toumani,1610612757,POR,Portland Trail Blazers,0022400193,2024-11-08T00:00:00,POR @ MIN,L,25.416666666666668,1.4,4.2,0.333,0.0,2.8,0.0,1.4,2.8,0.5,2.8,4.2,7.1,0.0,8.5,2.8,1.4,0.0,5.7,5.7,4.2,-4.2,17.0,0,0,19.8,1,13222,1,13222,11644,22273,23962,17395,15070,17989,15070,11986,10406,10625,5777,12972,9993,19908,505,3594,5163,8846,3445,3084,22440,15202,22490,2246,150,20958,1,25:25
2024-25,1629008,Michael Porter Jr.,Michael,1610612743,DEN,Denver Nuggets,0022400194,2024-11-08T00:00:00,DEN vs. MIA,W,36.42,7.9,14.8,0.533,4.9,9.9,0.5,0.0,0.0,0.0,0.0,4.9,4.9,4.0,2.0,2.0,1.0,0.0,2.0,1.0,20.8,23.7,39.5,0,0,40.5,1,1,13086,1,2392,6836,8856,8140,2351,3630,3944,13505,14344,13505,14058,11051,14949,10059,10631,6354,7551,8846,15269,17431,7270,3097,8050,2246,150,6483,1,36:25
2024-25,200768,Kyle Lowry,Kyle,1610612755,PHI,Philadelphia 76ers,0022400195,2024-11-08T00:00:00,PHI @ LAL,L,31.566666666666666,1.1,8.0,0.143,1.1,6.8,0.167,2.3,2.3,1.0,0.0,3.4,3.4,6.8,1.1,0.0,1.1,0.0,1.1,2.3,5.7,-6.8,22.4,0,0,19.4,1,13222,1,13222,6365,22545,20288,22260,13708,8798,14236,9686,11840,1,14058,15461,18734,4225,14861,12854,6538,8846,18860,11814,21591,16446,19949,2246,150,21212,1,31:34
2024-25,1629312,Haywood Highsmith,Haywood,1610612748,MIA,Miami Heat,0022400194,2024-11-08T00:00:00,MIA @ DEN,L,35.07,6.2,10.3,0.6,3.1,6.2,0.5,0.0,0.0,0.0,0.0,0.0,0.0,2.1,0.0,0.0,0.0,0.0,5.1,2.1,15.4,-3.1,18.5,0,0,20.5,1,13222,1,13222,3407,11076,16629,5394,6274,10299,3944,13505,14344,13505,14058,22137,23286,16181,16469,12854,8263,8846,4315,12838,12521,14613,21898,2246,150,20559,1,35:04
2024-25,1626162,Kelly Oubre Jr.,Kelly,1610612755,PHI,Philadelphia 76ers,0022400195,2024-11-08T00:00:00,PHI @ LAL,L,30.333333333333332,4.7,19.0,0.25,0.0,4.7,0.0,1.2,2.4,0.5,3.6,3.6,7.1,2.4,0.0,0.0,0.0,4.7,0.0,1.2,10.7,-21.4,22.8,0,0,20.2,1,13222,1,13222,7467,15116,3766,20233,15070,13844,15070,12640,11562,10625,4285,15055,9914,14969,16469,12854,8263,425,20257,16470,17497,21929,19694,2246,150,20767,1,30:20
2024-25,1641724,Jett Howard,Jett,1610612753,ORL,Orlando Magic,0022400186,2024-11-08T00:00:00,ORL vs. NOP,W,4.283333333333333,0.0,8.4,0.0,0.0,8.4,0.0,0.0,0.0,0.0,0.0,0.0,0.0,0.0,0.0,0.0,0.0,0.0,8.4,0.0,0.0,25.2,0.0,0,0,0.0,1,1,13086,1,24336,22635,19633,22635,15070,5728,15070,13505,14344,13505,14058,22137,23286,19908,16469,12854,8263,8846,1183,17725,23200,2770,25228,2246,150,25259,1,4:17
2024-25,1630182,Josh Green,Josh,1610612766,CHA,Charlotte Hornets,0022400184,2024-11-08T00:00:00,CHA vs. IND,W,18.65,1.9,3.9,0.5,0.0,1.9,0.0,0.0,0.0,0.0,1.9,0.0,1.9,0.0,1.9,0.0,1.9,0.0,5.8,0.0,3.9,-23.2,10.0,0,0,9.7,1,1,13086,1,17073,21536,24155,8526,15070,19682,15070,13505,14344,13505,8705,22137,21946,19908,10894,12854,3675,8846,3234,17725,22625,22369,24410,2246,150,24500,1,18:39
2024-25,1627741,Buddy Hield,Buddy,1610612744,GSW,Golden State Warriors,0022400188,2024-11-08T00:00:00,GSW @ CLE,L,19.35,1.9,7.4,0.25,1.9,7.4,0.25,0.0,0.0,0.0,0.0,3.7,3.7,1.9,1.9,0.0,0.0,0.0,3.7,0.0,5.6,-5.6,11.0,0,0,13.0,1,13222,1,13222,16540,21641,21013,20233,10827,7519,11902,13505,14344,13505,14058,14563,18016,16892,11271,12854,8263,8846,7999,17725,21676,15872,24245,2246,150,23707,1,19:21
2024-25,1629629,Cam Reddish,Cam,1610612747,LAL,Los Angeles Lakers,0022400195,2024-11-08T00:00:00,LAL vs. PHI,W,27.816666666666666,1.3,1.3,1.0,1.3,1.3,1.0,0.0,0.0,0.0,0.0,6.5,6.5,2.6,1.3,1.3,1.3,0.0,1.3,0.0,3.9,-7.8,22.0,0,0,19.4,1,1,13086,1,9700,22404,24828,1,12882,20502,1,13505,14344,13505,14058,7370,11235,14251,13827,9492,5673,8846,18053,17725,22609,16865,20150,2246,150,21198,1,27:49
2024-25,1642263,Reed Sheppard,Reed,1610612745,HOU,Houston Rockets,0022400192,2024-11-08T00:00:00,HOU @ OKC,L,18.55,3.9,3.9,1.0,0.0,0.0,0.0,0.0,0.0,0.0,0.0,3.9,3.9,7.8,1.9,0.0,0.0,0.0,1.9,0.0,7.8,-13.6,22.1,0,0,19.4,1,13222,1,13222,17147,17377,24144,1,15070,20945,15070,13505,14344,13505,14058,14087,17614,3122,10845,12854,8263,8846,15457,17725,20114,19330,20067,2246,150,21199,1,18:33
2024-25,1628384,OG Anunoby,OG,1610612752,NYK,New York Knicks,0022400189,2024-11-08T00:00:00,NYK vs. MIL,W,32.11666666666667,4.5,13.5,0.333,1.1,9.0,0.125,5.6,6.7,0.833,0.0,6.7,6.7,5.6,2.2,3.4,2.2,0.0,4.5,3.4,15.7,21.3,46.7,0,0,40.4,1,1,13086,1,5871,15831,11083,17395,13829,4880,14886,3311,3629,7275,14058,6847,10689,6240,9342,2452,2855,8846,5814,8068,12233,3623,4430,2246,150,6573,1,32:07
2024-25,1631128,Christian Braun,Christian,1610612743,DEN,Denver Nuggets,0022400194,2024-11-08T00:00:00,DEN vs. MIA,W,35.255,7.1,9.2,0.778,3.1,4.1,0.75,4.1,6.1,0.667,1.0,5.1,6.1,2.0,1.0,0.0,1.0,0.0,1.0,4.1,21.4,14.3,33.9,0,0,34.7,1,1,13086,1,3272,8585,18428,1994,6316,15386,1542,5552,4316,9425,13083,10557,11982,16218,15701,12854,7340,8846,19571,6085,6700,5890,11887,2246,150,10280,1,35:15
2024-25,1642281,Jaylon Tyson,Jaylon,1610612739,CLE,Cleveland Cavaliers,0022400188,2024-11-08T00:00:00,CLE vs. GSW,W,3.433333333333333,0.0,21.0,0.0,0.0,21.0,0.0,0.0,0.0,0.0,0.0,0.0,0.0,0.0,10.5,0.0,0.0,0.0,0.0,0.0,0.0,-94.4,-10.5,0,0,0.0,1,1,13086,1,24743,22635,2348,22635,15070,201,15070,13505,14344,13505,14058,22137,23286,19908,294,12854,8263,8846,20257,17725,23200,26114,26225,2246,150,25259,1,3:26
2024-25,203471,Dennis Schröder,Dennis,1610612751,BKN,Brooklyn Nets,0022400187,2024-11-08T00:00:00,BKN @ BOS,L,37.46666666666667,8.6,22.1,0.391,1.9,7.7,0.25,0.0,0.0,0.0,0.0,2.9,2.9,2.9,3.8,3.8,0.0,2.9,1.9,0.0,19.2,-1.9,34.7,0,0,34.6,1,13222,1,13222,1700,5350,1776,15984,10544,7022,11902,13505,14344,13505,14058,17142,20036,13340,4200,1799,8263,1493,15563,17725,8635,13997,11306,2246,150,10370,1,37:28
2024-25,1630811,Keaton Wallace,Keaton,1610612737,ATL,Atlanta Hawks,0022400185,2024-11-08T00:00:00,ATL @ DET,L,7.0,5.1,5.1,1.0,0.0,0.0,0.0,0.0,0.0,0.0,0.0,0.0,0.0,0.0,10.3,0.0,5.1,0.0,0.0,0.0,10.3,-77.1,15.4,0,0,20.6,1,13222,1,13222,23170,13969,23358,1,15070,20945,15070,13505,14344,13505,14058,22137,23286,19908,306,12854,478,8846,20257,17725,17866,25978,23046,2246,150,20526,1,7:00
2024-25,1629655,Daniel Gafford,Daniel,1610612742,DAL,Dallas Mavericks,0022400190,2024-11-08T00:00:00,DAL vs. PHX,L,23.136666666666667,9.3,10.9,0.857,0.0,0.0,0.0,4.7,4.7,1.0,4.7,6.2,10.9,0.0,1.6,0.0,0.0,0.0,9.3,4.7,23.3,0.0,34.9,0,0,34.2,1,13222,1,13222,13609,4149,15545,1412,15070,20945,15070,4561,6546,1,2729,7848,4507,19908,12524,12854,8263,8846,860,4793,5252,12240,11155,2246,150,10672,1,23:08
2024-25,1641721,Maxwell Lewis,Maxwell,1610612747,LAL,Los Angeles Lakers,0022400195,2024-11-08T00:00:00,LAL vs. PHI,W,1.4666666666666666,0.0,0.0,0.0,0.0,0.0,0.0,0.0,0.0,0.0,0.0,0.0,0.0,0.0,0.0,0.0,0.0,0.0,24.5,0.0,0.0,-98.2,0.0,0,0,0.0,1,1,13086,1,25823,22635,24836,22635,15070,20945,15070,13505,14344,13505,14058,22137,23286,19908,16469,12854,8263,8846,67,17725,23200,26135,25228,2246,150,25259,1,1:28
2024-25,201143,Al Horford,Al,1610612738,BOS,Boston Celtics,0022400187,2024-11-08T00:00:00,BOS vs. BKN,W,31.39666666666667,5.7,13.8,0.417,3.4,10.3,0.333,0.0,0.0,0.0,1.1,10.3,11.5,0.0,1.1,1.1,1.1,0.0,2.3,1.1,14.9,-2.3,34.4,1,0,34.4,1,1,13086,1,6516,12322,10553,14532,5287,3136,9209,13505,14344,13505,12140,2339,3991,19908,14818,10618,6509,8846,13680,16669,13009,14204,11513,1,150,10526,1,31:24
2024-25,1630556,Kessler Edwards,Kessler,1610612742,DAL,Dallas Mavericks,0022400190,2024-11-08T00:00:00,DAL vs. PHX,L,1.5,0.0,24.0,0.0,0.0,24.0,0.0,0.0,0.0,0.0,0.0,0.0,0.0,0.0,24.0,0.0,0.0,0.0,0.0,0.0,0.0,-96.0,-24.0,0,0,0.0,1,13222,1,13222,25800,22635,1050,22635,15070,118,15070,13505,14344,13505,14058,22137,23286,19908,29,12854,8263,8846,20257,17725,23200,26122,26288,2246,150,25259,1,1:30
2024-25,201949,James Johnson,James,1610612754,IND,Indiana Pacers,0022400184,2024-11-08T00:00:00,IND @ CHA,L,2.183333333333333,0.0,16.5,0.0,0.0,16.5,0.0,0.0,0.0,0.0,0.0,0.0,0.0,0.0,0.0,0.0,0.0,0.0,0.0,0.0,0.0,-33.0,0.0,0,0,0.0,1,13222,1,13222,25376,22635,6434,22635,15070,458,15070,13505,14344,13505,14058,22137,23286,19908,16469,12854,8263,8846,20257,17725,23200,24158,25228,2246,150,25259,1,2:11
2024-25,1630533,Ziaire Williams,Ziaire,1610612751,BKN,Brooklyn Nets,0022400187,2024-11-08T00:00:00,BKN @ BOS,L,23.266666666666666,6.2,17.0,0.364,0.0,4.6,0.0,1.5,3.1,0.5,6.2,12.4,18.6,1.5,0.0,0.0,0.0,3.1,4.6,3.1,13.9,-7.7,38.5,0,0,34.0,1,13222,1,13222,13494,10993,5788,16861,15070,14108,15070,11697,9734,10625,1524,1196,781,17814,16469,12854,8263,1235,5433,8901,14019,16848,8689,2246,150,10819,1,23:16
2024-25,1630192,Zeke Nnaji,Zeke,1610612743,DEN,Denver Nuggets,0022400194,2024-11-08T00:00:00,DEN vs. MIA,W,3.1333333333333333,0.0,0.0,0.0,0.0,0.0,0.0,0.0,0.0,0.0,0.0,11.5,11.5,0.0,0.0,0.0,0.0,0.0,0.0,0.0,0.0,-114.9,13.8,0,0,11.5,1,1,13086,1,24922,22635,24836,22635,15070,20945,15070,13505,14344,13505,14058,1635,3955,19908,16469,12854,8263,8846,20257,17725,23200,26214,23548,2246,150,24115,1,3:08
2024-25,1631106,Tari Eason,Tari,1610612745,HOU,Houston Rockets,0022400192,2024-11-08T00:00:00,HOU @ OKC,L,25.25,7.1,15.7,0.455,2.9,7.1,0.4,0.0,0.0,0.0,1.4,7.1,8.6,0.0,4.3,4.3,1.4,1.4,1.4,2.9,17.1,-15.7,40.2,0,0,39.9,1,13222,1,13222,11782,8628,7567,12676,7042,8191,7874,13505,14344,13505,10647,6120,7389,19908,3364,1390,5128,5071,17522,9769,10730,20149,7632,2246,150,6822,1,25:15
2024-25,1629111,Jock Landale,Jock,1610612745,HOU,Houston Rockets,0022400192,2024-11-08T00:00:00,HOU @ OKC,L,6.05,0.0,6.0,0.0,0.0,6.0,0.0,0.0,11.9,0.0,0.0,11.9,11.9,0.0,0.0,0.0,0.0,0.0,6.0,6.0,0.0,23.8,14.3,0,0,11.9,1,13222,1,13222,23581,22635,22655,22635,15070,10804,15070,13505,786,13505,14058,1412,3582,19908,16469,12854,8263,8846,3011,2684,23200,3072,23406,2246,150,24005,1,6:03
2024-25,203458,Alex Len,Alex,1610612758,SAC,Sacramento Kings,0022400196,2024-11-08T00:00:00,SAC vs. LAC,L,8.813333333333333,0.0,0.0,0.0,0.0,0.0,0.0,0.0,0.0,0.0,0.0,12.3,12.3,0.0,0.0,0.0,0.0,0.0,4.1,12.3,0.0,-36.8,14.7,0,0,12.3,1,13222,1,13222,22530,22635,24836,22635,15070,20945,15070,13505,14344,13505,14058,1251,3306,19908,16469,12854,8263,8846,6888,186,23200,24596,23283,2246,150,23926,1,8:49
2024-25,201587,Nicolas Batum,Nicolas,1610612746,LAC,LA Clippers,0022400196,2024-11-08T00:00:00,LAC @ SAC,W,11.41,0.0,0.0,0.0,0.0,0.0,0.0,0.0,0.0,0.0,3.2,9.5,12.6,0.0,3.2,0.0,0.0,0.0,12.6,0.0,0.0,41.0,12.0,0,0,12.6,1,1,13086,1,21537,22635,24836,22635,15070,20945,15070,13505,14344,13505,5029,3056,3054,19908,5960,12854,8263,8846,370,17725,23200,906,24007,2246,150,23829,1,11:25
2024-25,1641767,Ben Sheppard,Ben,1610612754,IND,Indiana Pacers,0022400184,2024-11-08T00:00:00,IND @ CHA,L,30.966666666666665,1.2,8.1,0.143,0.0,4.7,0.0,0.0,0.0,0.0,0.0,3.5,3.5,3.5,0.0,1.2,0.0,2.3,5.8,1.2,2.3,-10.5,15.2,0,0,11.6,1,13222,1,13222,6903,22528,20037,22260,15070,14084,15070,13505,14344,13505,14058,15277,18583,11420,16469,10485,8263,2380,3199,16586,23105,18087,23107,2246,150,24076,1,30:58
2024-25,1628989,Kevin Huerter,Kevin,1610612758,SAC,Sacramento Kings,0022400196,2024-11-08T00:00:00,SAC vs. LAC,L,19.983333333333334,3.6,9.0,0.4,0.0,5.4,0.0,0.0,0.0,0.0,0.0,3.6,3.6,1.8,0.0,0.0,0.0,0.0,3.6,0.0,7.2,-19.8,14.2,0,0,12.6,1,13222,1,13222,16026,18074,18700,14933,15070,12202,15070,13505,14344,13505,14058,14918,18315,17077,16469,12854,8263,8846,8417,17725,20557,21497,23420,2246,150,23832,1,19:59
2024-25,1631165,Keon Ellis,Keon,1610612758,SAC,Sacramento Kings,0022400196,2024-11-08T00:00:00,SAC vs. LAC,L,19.35,1.9,5.6,0.333,1.9,5.6,0.333,0.0,0.0,0.0,0.0,1.9,1.9,1.9,1.9,0.0,0.0,0.0,5.6,0.0,5.6,3.7,8.7,0,0,11.2,1,13222,1,13222,16540,21641,23016,17395,10827,11769,9209,13505,14344,13505,14058,20079,22067,16892,11271,12854,8263,8846,3581,17725,21676,10794,24610,2246,150,24184,1,19:21
2024-25,1631169,Josh Minott,Josh,1610612750,MIN,Minnesota Timberwolves,0022400193,2024-11-08T00:00:00,MIN vs. POR,W,12.9,2.8,5.6,0.5,0.0,2.8,0.0,0.0,0.0,0.0,0.0,0.0,0.0,0.0,0.0,0.0,2.8,0.0,2.8,0.0,5.6,-5.6,14.0,0,0,11.2,1,1,13086,1,20793,19899,23011,8526,15070,18078,15070,13505,14344,13505,14058,22137,23286,19908,16469,12854,1962,8846,11679,17725,21675,15873,23510,2246,150,24182,1,12:54
2024-25,1628408,PJ Dozier,PJ,1610612750,MIN,Minnesota Timberwolves,0022400193,2024-11-08T00:00:00,MIN vs. POR,W,4.116666666666666,0.0,0.0,0.0,0.0,0.0,0.0,0.0,0.0,0.0,8.7,8.7,17.5,17.5,0.0,0.0,0.0,0.0,8.7,0.0,0.0,8.7,47.2,0,0,35.0,1,1,13086,1,24422,22635,24836,22635,15070,20945,15070,13505,14344,13505,605,3777,1013,151,16469,12854,8263,8846,1048,17725,23200,8302,4237,2246,150,10104,1,4:07
2024-25,1627824,Guerschon Yabusele,Guerschon,1610612755,PHI,Philadelphia 76ers,0022400195,2024-11-08T00:00:00,PHI @ LAL,L,23.366666666666667,7.7,9.2,0.833,4.6,6.2,0.75,1.5,3.1,0.5,1.5,6.2,7.7,0.0,0.0,1.5,1.5,0.0,1.5,1.5,21.6,7.7,40.1,0,0,40.1,1,13222,1,13222,13408,7267,18342,1514,2852,10289,1542,11712,9770,10625,10153,7986,8800,19908,16469,8234,4724,8846,17081,14832,6578,8767,7726,2246,150,6749,1,23:22
2024-25,1641765,Olivier-Maxence Prosper,Olivier-Maxence,1610612742,DAL,Dallas Mavericks,0022400190,2024-11-08T00:00:00,DAL vs. PHX,L,3.2666666666666666,0.0,11.0,0.0,0.0,0.0,0.0,0.0,0.0,0.0,0.0,11.0,11.0,0.0,0.0,0.0,0.0,0.0,0.0,0.0,0.0,11.0,13.2,0,0,11.0,1,13222,1,13222,24856,22635,15321,22635,15070,20945,15070,13505,14344,13505,14058,1894,4392,19908,16469,12854,8263,8846,20257,17725,23200,7226,23713,2246,150,24215,1,3:16
2024-25,1631099,Keegan Murray,Keegan,1610612758,SAC,Sacramento Kings,0022400196,2024-11-08T00:00:00,SAC vs. LAC,L,39.27,1.8,9.2,0.2,0.0,5.5,0.0,2.8,2.8,1.0,3.7,5.5,9.2,1.8,0.0,0.0,0.9,0.9,1.8,2.8,6.4,-14.7,22.9,0,0,19.3,1,13222,1,13222,791,21700,18461,21401,15070,11943,15070,8455,10606,1,4095,9532,6487,16982,16469,12854,8017,8574,16019,10147,21110,19775,19614,2246,150,21267,1,39:16
2024-25,202691,Klay Thompson,Klay,1610612742,DAL,Dallas Mavericks,0022400190,2024-11-08T00:00:00,DAL vs. PHX,L,33.766666666666666,4.3,13.9,0.308,1.1,7.5,0.143,3.2,3.2,1.0,0.0,4.3,4.3,2.1,1.1,0.0,0.0,0.0,3.2,2.1,12.8,5.3,20.0,0,0,20.3,1,13222,1,13222,4465,16413,10409,19226,14157,7480,14649,7340,9528,1,14058,12918,16628,15881,15378,12854,8263,8846,9877,12473,15296,9929,21143,2246,150,20721,1,33:46
2024-25,1630167,Obi Toppin,Obi,1610612754,IND,Indiana Pacers,0022400184,2024-11-08T00:00:00,IND @ CHA,L,20.63,1.7,7.0,0.25,0.0,3.5,0.0,0.0,0.0,0.0,1.7,1.7,3.5,1.7,1.7,1.7,0.0,0.0,0.0,0.0,3.5,-38.4,13.8,0,0,12.2,1,13222,1,13222,15547,21839,21584,20233,15070,16672,15070,13505,14344,13505,9433,20362,18575,17246,11765,7466,8263,8846,20257,17725,22780,24735,23553,2246,150,23937,1,20:38
2024-25,203552,Seth Curry,Seth,1610612766,CHA,Charlotte Hornets,0022400184,2024-11-08T00:00:00,CHA vs. IND,W,4.25,0.0,0.0,0.0,0.0,0.0,0.0,0.0,0.0,0.0,0.0,0.0,0.0,0.0,0.0,0.0,0.0,0.0,8.5,0.0,0.0,-25.4,0.0,0,0,0.0,1,1,13086,1,24355,22635,24836,22635,15070,20945,15070,13505,14344,13505,14058,22137,23286,19908,16469,12854,8263,8846,1147,17725,23200,22894,25228,2246,150,25259,1,4:15
2024-25,1641810,Antonio Reeves,Antonio,1610612740,NOP,New Orleans Pelicans,0022400186,2024-11-08T00:00:00,NOP @ ORL,L,18.35,2.0,9.8,0.2,2.0,5.9,0.333,0.0,0.0,0.0,0.0,5.9,5.9,2.0,0.0,2.0,0.0,2.0,2.0,0.0,5.9,-35.3,21.8,0,0,19.6,1,13222,1,13222,17317,21472,17384,21401,10339,10983,9209,13505,14344,13505,14058,8580,12554,16513,16469,6440,8263,3353,15348,17725,21469,24448,20275,2246,150,21085,1,18:21
2024-25,1626168,Trey Lyles,Trey,1610612758,SAC,Sacramento Kings,0022400196,2024-11-08T00:00:00,SAC vs. LAC,L,6.616666666666666,0.0,16.3,0.0,0.0,10.9,0.0,0.0,0.0,0.0,0.0,10.9,10.9,0.0,0.0,0.0,0.0,0.0,0.0,0.0,0.0,21.8,13.1,0,0,10.9,1,13222,1,13222,23325,22635,6645,22635,15070,2602,15070,13505,14344,13505,14058,1964,4515,19908,16469,12854,8263,8846,20257,17725,23200,3514,23753,2246,150,24248,1,6:37
2024-25,1642278,Tyler Kolek,Tyler,1610612752,NYK,New York Knicks,0022400189,2024-11-08T00:00:00,NYK vs. MIL,W,16.241666666666667,6.6,11.1,0.6,4.4,8.9,0.5,0.0,0.0,0.0,4.4,4.4,8.9,4.4,2.2,2.2,0.0,0.0,4.4,0.0,17.7,-13.3,39.5,0,0,39.9,1,1,13086,1,18763,9822,15225,5394,3182,5002,3944,13505,14344,13505,3008,12447,6933,8806,9452,5334,8263,8846,5933,17725,10102,19227,8100,2246,150,6837,1,16:15
2024-25,203914,Gary Harris,Gary,1610612753,ORL,Orlando Magic,0022400186,2024-11-08T00:00:00,ORL vs. NOP,W,19.483333333333334,3.7,5.5,0.667,1.8,3.7,0.5,3.7,5.5,0.667,1.8,0.0,1.8,3.7,0.0,0.0,1.8,0.0,1.8,1.8,12.9,48.0,26.2,0,0,24.0,1,1,13086,1,16431,17849,23050,3281,10885,16228,3944,6301,5136,9425,9050,22137,22088,10800,16469,12854,3936,8846,15951,13743,15163,603,17454,2246,150,18314,1,19:29
2024-25,1629028,Deandre Ayton,Deandre,1610612757,POR,Portland Trail Blazers,0022400193,2024-11-08T00:00:00,POR @ MIN,L,17.9,4.0,12.1,0.333,0.0,2.0,0.0,0.0,0.0,0.0,4.0,8.0,12.1,0.0,2.0,2.0,0.0,2.0,2.0,0.0,8.0,-16.1,26.5,0,0,24.1,1,13222,1,13222,17630,17037,13474,17395,15070,19534,15070,13505,14344,13505,3568,4640,3434,19908,10464,6201,8263,3197,15078,17725,19880,20281,17258,2246,150,18239,1,17:54
2024-25,1630702,Jaden Hardy,Jaden,1610612742,DAL,Dallas Mavericks,0022400190,2024-11-08T00:00:00,DAL vs. PHX,L,3.4833333333333334,0.0,0.0,0.0,0.0,0.0,0.0,0.0,0.0,0.0,0.0,0.0,0.0,0.0,0.0,0.0,0.0,0.0,0.0,0.0,0.0,-10.3,0.0,0,0,0.0,1,13222,1,13222,24719,22635,24836,22635,15070,20945,15070,13505,14344,13505,14058,22137,23286,19908,16469,12854,8263,8846,20257,17725,23200,18045,25228,2246,150,25259,1,3:29
2024-25,1629726,Garrison Mathews,Garrison,1610612737,ATL,Atlanta Hawks,0022400185,2024-11-08T00:00:00,ATL @ DET,L,27.346666666666668,2.6,6.6,0.4,1.3,5.3,0.25,3.9,3.9,1.0,1.3,1.3,2.6,1.3,0.0,1.3,0.0,0.0,0.0,5.3,10.5,-2.6,19.6,0,0,18.4,1,13222,1,13222,10073,20215,22029,14933,12800,12553,11902,5798,7947,1,11120,21252,20578,18608,16469,9371,8263,8846,20257,3684,17630,14377,21358,2246,150,21656,1,27:21
2024-25,1629673,Jordan Poole,Jordan,1610612764,WAS,Washington Wizards,0022400191,2024-11-08T00:00:00,WAS @ MEM,L,22.55,4.8,16.0,0.3,3.2,6.4,0.5,3.2,3.2,1.0,1.6,1.6,3.2,1.6,6.4,0.0,0.0,1.6,4.8,6.4,16.0,-31.9,15.8,0,0,23.9,1,13222,1,13222,14074,14976,7159,19363,5971,9786,3944,7347,9532,1,9937,20683,19251,17660,1186,12854,8263,4442,5083,2198,11955,24021,22929,2246,150,18367,1,22:33
2024-25,1629216,Gabe Vincent,Gabe,1610612747,LAL,Los Angeles Lakers,0022400195,2024-11-08T00:00:00,LAL vs. PHI,W,15.666666666666666,2.3,4.6,0.5,0.0,2.3,0.0,0.0,0.0,0.0,0.0,0.0,0.0,0.0,0.0,0.0,0.0,0.0,6.9,0.0,4.6,9.2,4.6,0,0,4.6,1,1,13086,1,19151,20854,23747,8526,15070,18989,15070,13505,14344,13505,14058,22137,23286,19908,16469,12854,8263,8846,2065,17725,22234,8093,25036,2246,150,25142,1,15:40
2024-25,1630573,Sam Hauser,Sam,1610612738,BOS,Boston Celtics,0022400187,2024-11-08T00:00:00,BOS vs. BKN,W,35.22,3.1,11.2,0.273,2.0,10.2,0.2,0.0,0.0,0.0,1.0,3.1,4.1,3.1,0.0,3.1,0.0,0.0,1.0,0.0,8.2,15.3,26.9,0,0,23.5,1,1,13086,1,3298,19288,14951,20048,9943,3249,13429,13505,14344,13505,13078,16502,17097,12704,16469,3009,8263,8846,19563,17725,19769,5490,17037,2246,150,18668,1,35:13
2024-25,1642274,Yves Missi,Yves,1610612740,NOP,New Orleans Pelicans,0022400186,2024-11-08T00:00:00,NOP @ ORL,L,19.75,0.0,0.0,0.0,0.0,0.0,0.0,0.0,0.0,0.0,0.0,1.8,1.8,0.0,0.0,1.8,1.8,0.0,3.6,1.8,0.0,-54.7,13.1,0,0,9.1,1,13222,1,13222,16221,22635,24836,22635,15070,20945,15070,13505,14344,13505,14058,20184,22127,19908,16469,7141,4000,8846,8275,13836,23200,25560,23734,2246,150,24585,1,19:45
2024-25,1629750,Javonte Green,Javonte,1610612740,NOP,New Orleans Pelicans,0022400186,2024-11-08T00:00:00,NOP @ ORL,L,24.083333333333332,1.5,9.0,0.167,1.5,3.0,0.5,0.0,0.0,0.0,0.0,1.5,1.5,1.5,0.0,0.0,0.0,0.0,1.5,0.0,4.5,-6.0,8.5,0,0,9.0,1,13222,1,13222,12811,22178,18770,21938,12057,17689,3944,13505,14344,13505,14058,20889,22576,18002,16469,12854,8263,8846,17241,17725,22304,16046,24632,2246,150,24616,1,24:05
2024-25,1642502,Malevy Leons,Malevy,1610612760,OKC,Oklahoma City Thunder,0022400192,2024-11-08T00:00:00,OKC vs. HOU,W,3.8833333333333333,0.0,0.0,0.0,0.0,0.0,0.0,9.3,18.5,0.5,0.0,0.0,0.0,0.0,0.0,0.0,0.0,0.0,9.3,9.3,9.3,-64.9,9.3,0,0,9.3,1,1,13086,1,24546,22635,24836,22635,15070,20945,15070,920,170,10625,14058,22137,23286,19908,16469,12854,8263,8846,879,578,18835,25793,24529,2246,150,24562,1,3:53
2024-25,1642277,Johnny Furphy,Johnny,1610612754,IND,Indiana Pacers,0022400184,2024-11-08T00:00:00,IND @ CHA,L,3.8833333333333333,0.0,9.3,0.0,0.0,9.3,0.0,0.0,0.0,0.0,0.0,9.3,9.3,0.0,0.0,0.0,0.0,0.0,0.0,0.0,0.0,-9.3,11.1,0,0,9.3,1,13222,1,13222,24546,22635,18302,22635,15070,4418,15070,13505,14344,13505,14058,3231,6352,19908,16469,12854,8263,8846,20257,17725,23200,17562,24221,2246,150,24562,1,3:53
2024-25,1626192,Pat Connaughton,Pat,1610612749,MIL,Milwaukee Bucks,0022400189,2024-11-08T00:00:00,MIL @ NYK,L,16.15,2.2,8.9,0.25,0.0,4.5,0.0,0.0,0.0,0.0,0.0,0.0,0.0,4.5,0.0,0.0,0.0,0.0,0.0,0.0,4.5,-29.0,11.1,0,0,8.9,1,13222,1,13222,18827,20982,18845,20233,15070,14552,15070,13505,14344,13505,14058,22137,23286,8749,16469,12854,8263,8846,20257,17725,22314,23585,24215,2246,150,24625,1,16:09
2024-25,1627832,Fred VanVleet,Fred,1610612745,HOU,Houston Rockets,0022400192,2024-11-08T00:00:00,HOU @ OKC,L,30.433333333333334,4.7,10.6,0.444,2.4,4.7,0.5,1.2,2.4,0.5,1.2,2.4,3.5,2.4,1.2,1.2,0.0,0.0,1.2,3.5,13.0,-17.7,23.2,0,0,23.7,1,13222,1,13222,7377,15166,15975,13045,8608,13886,3944,12657,11582,10625,11909,18584,18450,14996,14561,10323,8263,8846,18636,7532,15075,20849,19444,2246,150,18572,1,30:26
2024-25,203939,Dwight Powell,Dwight,1610612742,DAL,Dallas Mavericks,0022400190,2024-11-08T00:00:00,DAL vs. PHX,L,24.863333333333333,1.4,1.4,1.0,0.0,0.0,0.0,2.9,2.9,1.0,1.4,7.2,8.7,1.4,0.0,0.0,1.4,0.0,7.2,2.9,5.8,-1.4,22.7,0,0,18.8,1,13222,1,13222,12128,22231,24822,1,15070,20945,15070,8105,10248,1,10547,5930,7183,18186,16469,12854,5046,8846,1809,9604,21528,13777,19733,2246,150,21473,1,24:52
2024-25,1629652,Luguentz Dort,Luguentz,1610612760,OKC,Oklahoma City Thunder,0022400192,2024-11-08T00:00:00,OKC vs. HOU,W,18.983333333333334,1.9,13.3,0.143,1.9,9.5,0.2,0.0,0.0,0.0,0.0,0.0,0.0,1.9,1.9,0.0,0.0,0.0,5.7,3.8,5.7,13.3,6.6,0,0,9.5,1,1,13086,1,16837,21590,11350,22260,10648,4133,13429,13505,14344,13505,14058,22137,23286,16762,11063,12854,8263,8846,3405,6865,21599,6269,24848,2246,150,24530,1,18:59
2024-25,201950,Jrue Holiday,Jrue,1610612738,BOS,Boston Celtics,0022400187,2024-11-08T00:00:00,BOS vs. BKN,W,36.93333333333333,7.8,13.6,0.571,0.0,3.9,0.0,1.0,1.0,1.0,0.0,1.9,1.9,4.9,2.9,0.0,0.0,1.0,0.0,2.9,16.6,2.9,23.3,0,0,23.4,1,1,13086,1,2028,7065,10745,6538,15070,15790,15070,13314,14254,1,14058,19824,21906,7748,6749,12854,8263,8145,20257,9509,11316,11163,19375,2246,150,18738,1,36:56
2024-25,1629723,John Konchar,John,1610612763,MEM,Memphis Grizzlies,0022400191,2024-11-08T00:00:00,MEM vs. WAS,W,20.30666666666667,0.0,3.5,0.0,0.0,3.5,0.0,0.0,0.0,0.0,3.5,0.0,3.5,3.5,0.0,1.8,3.5,0.0,0.0,1.8,0.0,7.1,25.5,0,0,17.7,1,1,13086,1,15785,22635,24292,22635,15070,16554,15070,13505,14344,13505,4303,22137,18459,11261,16469,7361,1196,8846,20257,14030,23200,9091,17924,2246,150,21979,1,20:18
2024-25,203500,Steven Adams,Steven,1610612745,HOU,Houston Rockets,0022400192,2024-11-08T00:00:00,HOU @ OKC,L,15.516666666666667,4.6,4.6,1.0,0.0,0.0,0.0,2.3,7.0,0.333,2.3,2.3,4.6,2.3,7.0,2.3,0.0,0.0,2.3,7.0,11.6,-25.5,20.6,0,0,23.2,1,13222,1,13222,19247,15391,23722,1,15070,20945,15070,9559,3401,13132,7174,18699,15727,15152,905,4958,8263,8846,13556,1685,16569,22920,20874,2246,150,18860,1,15:31
2024-25,1641998,Trey Jemison III,Trey,1610612740,NOP,New Orleans Pelicans,0022400186,2024-11-08T00:00:00,NOP @ ORL,L,12.783333333333333,0.0,2.8,0.0,0.0,0.0,0.0,0.0,0.0,0.0,2.8,5.6,8.4,0.0,5.6,0.0,0.0,0.0,14.1,0.0,0.0,28.2,4.5,0,0,8.4,1,13222,1,13222,20849,22635,24551,22635,15070,20945,15070,13505,14344,13505,5819,9215,7549,19908,1696,12854,8263,8846,279,17725,23200,2239,25047,2246,150,24695,1,12:47
2024-25,1631288,Jamal Cain,Jamal,1610612740,NOP,New Orleans Pelicans,0022400186,2024-11-08T00:00:00,NOP @ ORL,L,8.838333333333333,0.0,4.1,0.0,0.0,4.1,0.0,0.0,0.0,0.0,0.0,8.1,8.1,0.0,0.0,0.0,0.0,0.0,12.2,0.0,0.0,-61.1,9.8,0,0,8.1,1,13222,1,13222,22516,22635,24058,22635,15070,15418,15070,13505,14344,13505,14058,4494,8017,19908,16469,12854,8263,8846,401,17725,23200,25715,24455,2246,150,24748,1,8:50
2024-25,1642402,Enrique Freeman,Enrique,1610612754,IND,Indiana Pacers,0022400184,2024-11-08T00:00:00,IND @ CHA,L,8.95,0.0,4.0,0.0,0.0,4.0,0.0,0.0,0.0,0.0,0.0,0.0,0.0,0.0,0.0,4.0,0.0,0.0,0.0,0.0,0.0,-12.1,12.1,0,0,8.0,1,13222,1,13222,22470,22635,24086,22635,15070,15527,15070,13505,14344,13505,14058,22137,23286,19908,16469,1610,8263,8846,20257,17725,23200,18762,23990,2246,150,24761,1,8:57
2024-25,1630346,Matt Ryan,Matt,1610612752,NYK,New York Knicks,0022400189,2024-11-08T00:00:00,NYK vs. MIL,W,6.133333333333334,5.9,11.7,0.5,5.9,11.7,0.5,0.0,0.0,0.0,0.0,0.0,0.0,0.0,0.0,0.0,0.0,0.0,0.0,0.0,17.6,-29.3,17.6,0,0,23.5,1,1,13086,1,23548,11891,14039,8526,1413,1934,3944,13505,14344,13505,14058,22137,23286,19908,16469,12854,8263,8846,20257,17725,10217,23635,22258,2246,150,18685,1,6:08
2024-25,1627739,Kris Dunn,Kris,1610612746,LAC,LA Clippers,0022400196,2024-11-08T00:00:00,LAC @ SAC,W,18.148333333333333,0.0,2.0,0.0,0.0,2.0,0.0,0.0,0.0,0.0,2.0,4.0,6.0,2.0,0.0,0.0,0.0,0.0,6.0,0.0,0.0,-9.9,10.1,0,0,7.9,1,1,13086,1,17480,22635,24763,22635,15070,19585,15070,13505,14344,13505,8459,13821,12403,16437,16469,12854,8263,8846,3010,17725,23200,17858,24393,2246,150,24772,1,18:09
2024-25,1629060,Rui Hachimura,Rui,1610612747,LAL,Los Angeles Lakers,0022400195,2024-11-08T00:00:00,LAL vs. PHI,W,32.833333333333336,3.3,8.8,0.375,3.3,6.6,0.5,0.0,0.0,0.0,1.1,3.3,4.4,1.1,1.1,0.0,0.0,0.0,5.5,0.0,9.9,-4.4,15.7,0,0,18.6,1,1,13086,1,5298,18782,19073,16299,5702,9365,3944,13505,14344,13505,12493,15825,16321,19354,15150,12854,8263,8846,3731,17725,18289,15262,22960,2246,150,21559,1,32:50
2024-25,1626179,Terry Rozier,Terry,1610612748,MIA,Miami Heat,0022400194,2024-11-08T00:00:00,MIA @ DEN,L,34.75833333333333,6.2,13.5,0.462,2.1,3.1,0.667,1.0,1.0,1.0,2.1,1.0,3.1,4.1,1.0,1.0,0.0,2.1,1.0,1.0,15.5,-22.8,27.6,0,0,26.9,1,13222,1,13222,3650,10932,11061,12428,9810,17449,1957,13124,14162,1,8074,21911,19462,9539,15595,11630,8263,3000,19497,17244,12389,22285,16540,2246,150,16211,1,34:46
2024-25,1628404,Josh Hart,Josh,1610612752,NYK,New York Knicks,0022400189,2024-11-08T00:00:00,NYK vs. MIL,W,33.1,4.4,5.4,0.8,1.1,1.1,1.0,2.2,2.2,1.0,2.2,7.6,9.8,7.6,0.0,0.0,0.0,0.0,3.3,1.1,12.0,20.7,35.1,0,0,30.5,1,1,13086,1,5069,16199,23135,1688,14017,20759,1,10041,12167,1,7669,5301,5691,3270,16469,12854,8263,8846,9599,16962,16181,3769,10977,2246,150,13580,1,33:06
2024-25,1629638,Nickeil Alexander-Walker,Nickeil,1610612750,MIN,Minnesota Timberwolves,0022400193,2024-11-08T00:00:00,MIN vs. POR,W,27.2,4.0,5.3,0.75,1.3,2.6,0.5,2.6,2.6,1.0,1.3,6.6,7.9,4.0,4.0,2.6,0.0,0.0,1.3,4.0,11.9,15.9,31.4,0,0,30.4,1,1,13086,1,10190,17157,23257,2107,12758,18354,3944,8696,10866,1,11077,7064,8379,10007,3935,4024,8263,8846,17936,6388,16230,5293,13771,2246,150,13592,1,27:12
2024-25,1629637,Jaxson Hayes,Jaxson,1610612747,LAL,Los Angeles Lakers,0022400195,2024-11-08T00:00:00,LAL vs. PHI,W,15.55,6.9,9.3,0.75,0.0,0.0,0.0,4.6,4.6,1.0,2.3,2.3,4.6,0.0,0.0,0.0,9.3,0.0,6.9,2.3,18.5,0.0,51.9,0,0,41.7,1,1,13086,1,19219,9056,18322,2107,15070,20945,15070,4627,6610,1,7197,18719,15749,19908,16469,12854,86,8846,2019,11687,9304,12240,2744,2246,150,5810,1,15:33
2024-25,1626171,Bobby Portis,Bobby,1610612749,MIL,Milwaukee Bucks,0022400189,2024-11-08T00:00:00,MIL @ NYK,L,16.9,2.1,17.0,0.125,0.0,6.4,0.0,4.3,4.3,1.0,4.3,6.4,10.7,2.1,2.1,0.0,0.0,2.1,4.3,2.1,8.5,-29.8,22.4,0,0,21.3,1,13222,1,13222,18320,21184,5754,22420,15070,9777,15070,5235,7289,1,3232,7521,4761,15893,9843,12854,8263,2832,6399,12480,19499,23705,19943,2246,150,20097,1,16:54
2024-25,1630631,Jose Alvarado,Jose,1610612740,NOP,New Orleans Pelicans,0022400186,2024-11-08T00:00:00,NOP @ ORL,L,34.8,7.2,18.6,0.389,4.1,11.4,0.364,3.1,6.2,0.5,1.0,4.1,5.2,5.2,3.1,3.1,0.0,0.0,0.0,3.1,21.7,-16.6,41.9,0,0,42.4,1,13222,1,13222,3612,8357,4093,16009,3697,2190,9100,7536,4219,10625,12986,13309,14335,7084,6114,2926,8263,8846,20257,8878,6451,20462,6668,2246,150,5450,1,34:48
2024-25,1631212,Peyton Watson,Peyton,1610612743,DEN,Denver Nuggets,0022400194,2024-11-08T00:00:00,DEN vs. MIA,W,32.876666666666665,7.7,12.0,0.636,2.2,3.3,0.667,0.0,0.0,0.0,2.2,3.3,5.5,1.1,0.0,1.1,1.1,1.1,3.3,0.0,17.5,13.1,32.3,0,0,30.7,1,1,13086,1,5269,7339,13519,4689,9269,17101,1957,13505,14344,13505,7613,15838,13611,19358,16469,11060,6823,7086,9506,17725,10306,6329,13086,2246,150,13428,1,32:53
2024-25,202710,Jimmy Butler III,Jimmy,1610612748,MIA,Miami Heat,0022400194,2024-11-08T00:00:00,MIA @ DEN,L,6.733333333333333,5.3,10.7,0.5,0.0,5.3,0.0,0.0,0.0,0.0,5.3,0.0,5.3,10.7,5.3,0.0,0.0,0.0,0.0,0.0,10.7,-53.5,27.8,0,0,26.7,1,13222,1,13222,23265,13414,15888,8526,15070,12331,15070,13505,14344,13505,2044,22137,13920,1109,1957,12854,8263,8846,20257,17725,17476,25523,16357,2246,150,16376,1,6:44
2024-25,201939,Stephen Curry,Stephen,1610612744,GSW,Golden State Warriors,0022400188,2024-11-08T00:00:00,GSW @ CLE,L,23.766666666666666,7.6,15.1,0.5,1.5,6.1,0.25,1.5,1.5,1.0,0.0,1.5,1.5,3.0,9.1,3.0,0.0,1.5,0.0,0.0,18.2,-37.9,24.5,0,0,30.3,1,13222,1,13222,13100,7582,8341,8526,11980,10546,11902,11764,13471,1,14058,20846,22553,12831,410,3087,8263,4716,20257,17725,9645,24684,18582,2246,150,13722,1,23:46
2024-25,1631216,Caleb Houstan,Caleb,1610612753,ORL,Orlando Magic,0022400186,2024-11-08T00:00:00,ORL vs. NOP,W,3.033333333333333,0.0,11.9,0.0,0.0,11.9,0.0,0.0,0.0,0.0,0.0,11.9,11.9,0.0,0.0,0.0,11.9,0.0,0.0,0.0,0.0,35.6,49.8,0,0,35.6,1,1,13086,1,24983,22635,13824,22635,15070,1855,15070,13505,14344,13505,14058,1428,3600,19908,16469,12854,43,8846,20257,17725,23200,1333,3314,2246,150,9659,1,3:02
2024-25,1626156,D'Angelo Russell,D'Angelo,1610612747,LAL,Los Angeles Lakers,0022400195,2024-11-08T00:00:00,LAL vs. PHI,W,25.4,9.9,17.0,0.583,2.8,5.7,0.5,2.8,4.3,0.667,0.0,2.8,2.8,4.3,2.8,0.0,0.0,1.4,0.0,4.3,25.5,18.4,32.5,0,0,35.4,1,1,13086,1,11651,3302,5795,6296,7102,11525,3944,8256,7313,9425,14058,17284,20160,9245,7091,12854,8263,5116,20257,5717,3931,4430,12977,2246,150,9774,1,25:24
2024-25,1627884,Derrick Jones Jr.,Derrick,1610612746,LAC,LA Clippers,0022400196,2024-11-08T00:00:00,LAC @ SAC,W,30.633333333333333,5.9,9.4,0.625,4.7,5.9,0.8,0.0,0.0,0.0,0.0,4.7,4.7,0.0,2.4,2.4,0.0,0.0,2.4,0.0,16.5,4.7,26.8,0,0,30.6,1,1,13086,1,7181,11874,18112,4899,2730,11006,1389,13505,14344,13505,14058,11698,15561,19908,8862,4867,8263,8846,13435,17725,11441,10280,17087,2246,150,13510,1,30:38
2024-25,1628389,Bam Adebayo,Bam,1610612748,MIA,Miami Heat,0022400194,2024-11-08T00:00:00,MIA @ DEN,L,38.7,6.5,16.7,0.389,0.9,4.7,0.2,4.7,5.6,0.833,1.9,6.5,8.4,3.7,2.8,1.9,0.0,0.0,2.8,3.7,18.6,-8.4,37.0,0,0,35.3,1,13222,1,13222,1010,10166,6128,16009,14868,14082,13429,4597,5066,7275,8986,7282,7663,10733,7257,6971,8263,8846,11684,7081,9213,17127,9680,2246,150,9839,1,38:42
2024-25,1627736,Malik Beasley,Malik,1610612765,DET,Detroit Pistons,0022400185,2024-11-08T00:00:00,DET vs. ATL,W,33.53333333333333,8.6,15.0,0.571,3.2,9.7,0.333,3.2,5.4,0.6,2.1,0.0,2.1,1.1,2.1,0.0,0.0,0.0,2.1,3.2,23.6,-3.2,25.7,0,0,30.1,1,1,13086,1,4698,5461,8563,6538,5900,3897,9209,7277,5354,10343,7766,22137,21519,19435,9738,12854,8263,8846,14372,8485,5040,14687,17844,2246,150,13900,1,33:32
2024-25,1629661,Cameron Johnson,Cameron,1610612751,BKN,Brooklyn Nets,0022400187,2024-11-08T00:00:00,BKN @ BOS,L,39.583333333333336,5.5,11.8,0.462,2.7,7.3,0.375,2.7,2.7,1.0,1.8,5.5,7.3,3.6,0.0,0.0,0.0,0.9,1.8,1.8,16.4,0.9,30.6,0,0,30.0,1,13222,1,13222,692,13115,13904,12428,7454,7880,8800,8511,10675,1,9172,9654,9615,10974,16469,12854,8263,8610,16089,13854,11530,12211,14381,2246,150,13938,1,39:35
2024-25,1626220,Royce O'Neale,Royce,1610612756,PHX,Phoenix Suns,0022400190,2024-11-08T00:00:00,PHX @ DAL,W,29.116666666666667,8.7,9.9,0.875,4.9,4.9,1.0,0.0,1.2,0.0,1.2,4.9,6.2,2.5,0.0,0.0,0.0,0.0,2.5,2.5,22.3,17.3,33.4,0,0,35.9,1,1,13086,1,8571,5339,17258,1353,2343,13324,1,13505,13832,13505,11561,11038,11867,14641,16469,12854,8263,8846,12902,11087,6042,4807,12276,2246,150,9477,1,29:07
2024-25,1641708,Amen Thompson,Amen,1610612745,HOU,Houston Rockets,0022400192,2024-11-08T00:00:00,HOU @ OKC,L,24.116666666666667,7.5,17.9,0.417,0.0,3.0,0.0,6.0,6.0,1.0,3.0,7.5,10.4,1.5,1.5,0.0,1.5,1.5,3.0,4.5,20.9,-28.4,38.7,0,0,35.8,1,13222,1,13222,12787,7861,4792,14532,15070,17696,15070,2892,4512,1,5380,5564,4965,18010,12781,12854,4882,4800,10792,5194,7165,23492,8618,2246,150,9499,1,24:07
2024-25,1630169,Tyrese Haliburton,Tyrese,1610612754,IND,Indiana Pacers,0022400184,2024-11-08T00:00:00,IND @ CHA,L,34.22,2.1,11.6,0.182,0.0,4.2,0.0,2.1,2.1,1.0,1.1,6.3,7.4,9.5,2.1,1.1,1.1,1.1,1.1,2.1,6.3,-22.1,33.6,0,0,27.4,1,13222,1,13222,4082,21229,14353,21891,15070,15100,15070,10279,12408,1,12864,7673,9448,1715,9982,11474,7118,7474,19396,12592,21179,22090,12150,2246,150,15901,1,34:13
2024-25,1630194,Paul Reed,Paul,1610612765,DET,Detroit Pistons,0022400185,2024-11-08T00:00:00,DET vs. ATL,W,15.096666666666666,4.8,14.3,0.333,2.4,2.4,1.0,0.0,0.0,0.0,0.0,2.4,2.4,0.0,4.8,2.4,0.0,0.0,4.8,0.0,11.9,-2.4,17.2,0,0,21.5,1,1,13086,1,19505,15059,9672,17395,8536,18846,1,13505,14344,13505,14058,18526,21038,19908,2628,4747,8263,8846,5134,17725,16220,14249,22423,2246,150,20001,1,15:06
2024-25,1627742,Brandon Ingram,Brandon,1610612740,NOP,New Orleans Pelicans,0022400186,2024-11-08T00:00:00,NOP @ ORL,L,26.311666666666667,5.5,16.4,0.333,1.4,5.5,0.25,2.7,2.7,1.0,1.4,5.5,6.8,6.8,8.2,0.0,0.0,2.7,4.1,2.7,15.1,-27.4,25.3,0,0,30.1,1,13222,1,13222,10894,13063,6527,17395,12573,12029,11902,8497,10653,1,10892,9612,10443,4228,549,12854,8263,1692,6827,10209,12860,23315,18063,2246,150,13868,1,26:19
2024-25,1631114,Jalen Williams,Jalen,1610612760,OKC,Oklahoma City Thunder,0022400192,2024-11-08T00:00:00,OKC vs. HOU,W,31.65,8.0,12.5,0.636,0.0,1.1,0.0,0.0,0.0,0.0,0.0,5.7,5.7,3.4,3.4,0.0,1.1,0.0,3.4,0.0,15.9,23.9,27.9,0,0,27.3,1,1,13086,1,6279,6712,12707,4689,15070,20698,15070,13505,14344,13505,14058,9074,13060,11652,5203,12854,6555,8846,9029,17725,12001,3056,16322,2246,150,15947,1,31:39
2024-25,1631157,Ryan Rollins,Ryan,1610612749,MIL,Milwaukee Bucks,0022400189,2024-11-08T00:00:00,MIL @ NYK,L,12.2,8.9,14.8,0.6,3.0,5.9,0.5,0.0,0.0,0.0,0.0,3.0,3.0,8.9,8.9,3.0,0.0,0.0,5.9,3.0,20.7,23.6,37.5,0,0,41.3,1,13222,1,13222,21156,4963,8979,5394,6672,10930,3944,13505,14344,13505,14058,16887,19849,2130,441,3270,8263,8846,3069,9418,7350,3123,9358,2246,150,6019,1,12:12
2024-25,201566,Russell Westbrook,Russell,1610612743,DEN,Denver Nuggets,0022400194,2024-11-08T00:00:00,DEN vs. MIA,W,24.041666666666668,3.0,7.5,0.4,3.0,4.5,0.667,0.0,0.0,0.0,0.0,6.0,6.0,15.0,3.0,0.0,1.5,0.0,3.0,1.5,9.0,-7.5,40.1,0,0,35.9,1,1,13086,1,12864,19445,20942,14933,6540,14450,1957,13505,14344,13505,14058,8354,12313,291,6512,12854,4864,8846,10762,15013,19102,16726,7678,2246,150,9423,1,24:03
2024-25,1631097,Bennedict Mathurin,Bennedict,1610612754,IND,Indiana Pacers,0022400184,2024-11-08T00:00:00,IND @ CHA,L,36.05,8.0,16.0,0.5,2.0,2.0,1.0,4.0,5.0,0.8,1.0,5.0,6.0,2.0,1.0,2.0,0.0,2.0,2.0,4.0,22.0,-11.0,37.1,0,0,36.0,1,13222,1,13222,2646,6655,7141,8526,10176,19567,1,5707,5927,7681,13263,10898,12305,16384,15857,6262,8263,3240,15164,6325,6248,18317,9585,2246,150,9415,1,36:03
2024-25,1629098,Jack McVeigh,Jack,1610612745,HOU,Houston Rockets,0022400192,2024-11-08T00:00:00,HOU @ OKC,L,6.05,6.0,11.9,0.5,6.0,11.9,0.5,0.0,0.0,0.0,0.0,11.9,11.9,0.0,6.0,0.0,0.0,0.0,0.0,0.0,17.9,23.8,26.2,0,0,35.7,1,13222,1,13222,23581,11651,13758,8526,1340,1835,3944,13505,14344,13505,14058,1412,3582,19908,1414,12854,8263,8846,20257,17725,9967,3072,17487,2246,150,9571,1,6:03
2024-25,201935,James Harden,James,1610612746,LAC,LA Clippers,0022400196,2024-11-08T00:00:00,LAC @ SAC,W,34.51833333333333,5.2,16.7,0.313,3.1,6.3,0.5,9.4,9.4,1.0,0.0,4.2,4.2,8.3,7.3,2.1,0.0,0.0,2.1,7.3,22.9,7.3,39.4,0,0,42.8,1,1,13086,1,3840,13778,6194,19175,6139,10067,3944,878,1668,1,14058,13201,16880,2563,776,5850,8263,8846,14673,1447,5526,8985,8117,2246,150,5281,1,34:31
2024-25,1629634,Brandon Clarke,Brandon,1610612763,MEM,Memphis Grizzlies,0022400191,2024-11-08T00:00:00,MEM vs. WAS,W,18.233333333333334,5.9,9.9,0.6,0.0,2.0,0.0,0.0,0.0,0.0,0.0,7.9,7.9,0.0,0.0,3.9,0.0,0.0,2.0,2.0,11.8,31.6,33.2,0,0,27.6,1,1,13086,1,17417,11737,17301,5394,15070,19600,15070,13505,14344,13505,14058,4865,8465,19908,16469,1687,8263,8846,15279,13190,16299,1776,12455,2246,150,15687,1,18:14
2024-25,1630699,MarJon Beauchamp,MarJon,1610612749,MIL,Milwaukee Bucks,0022400189,2024-11-08T00:00:00,MIL @ NYK,L,8.383333333333333,4.3,12.9,0.333,0.0,0.0,0.0,8.6,8.6,1.0,4.3,4.3,8.6,4.3,0.0,0.0,0.0,0.0,0.0,4.3,17.2,25.8,33.9,0,0,30.1,1,13222,1,13222,22666,16332,12069,17395,15070,20945,15070,1151,2133,1,3173,12819,7330,9135,16469,12854,8263,8846,20257,5599,10654,2658,11873,2246,150,13900,1,8:23
2024-25,1641857,Liam Robbins,Liam,1610612749,MIL,Milwaukee Bucks,0022400189,2024-11-08T00:00:00,MIL @ NYK,L,8.383333333333333,4.3,8.6,0.5,0.0,4.3,0.0,0.0,0.0,0.0,8.6,4.3,12.9,0.0,0.0,0.0,0.0,0.0,4.3,0.0,8.6,25.8,24.0,0,0,21.5,1,13222,1,13222,22666,16332,19369,8526,15070,14924,15070,13505,14344,13505,644,12819,2885,19908,16469,12854,8263,8846,6298,17725,19441,2658,18916,2246,150,19992,1,8:23
2024-25,1631245,Quenton Jackson,Quenton,1610612754,IND,Indiana Pacers,0022400184,2024-11-08T00:00:00,IND @ CHA,L,19.796666666666667,5.5,12.7,0.429,1.8,5.5,0.333,0.0,0.0,0.0,0.0,3.6,3.6,3.6,3.6,0.0,0.0,0.0,3.6,3.6,12.7,-14.5,18.9,0,0,21.8,1,13222,1,13222,16185,13117,12334,13735,11005,12071,9209,13505,14344,13505,14058,14826,18233,10976,4700,12854,8263,8846,8302,7293,15360,19728,21694,2246,150,19773,1,19:48
2024-25,201942,DeMar DeRozan,DeMar,1610612758,SAC,Sacramento Kings,0022400196,2024-11-08T00:00:00,SAC vs. LAC,L,39.6,4.5,10.9,0.417,0.0,1.8,0.0,2.7,3.6,0.75,0.0,0.9,0.9,5.5,1.8,1.8,0.0,0.9,0.9,1.8,11.8,-8.2,24.7,0,0,21.8,1,13222,1,13222,686,15641,15520,14532,15070,19891,15070,8513,8612,8186,14058,22095,23261,6527,11460,7169,8263,8613,20124,13860,16327,17047,18473,2246,150,19780,1,39:36
2024-25,1641731,Bilal Coulibaly,Bilal,1610612764,WAS,Washington Wizards,0022400191,2024-11-08T00:00:00,WAS @ MEM,L,31.333333333333332,4.6,10.3,0.444,0.0,3.4,0.0,2.3,2.3,1.0,1.1,2.3,3.4,3.4,4.6,2.3,2.3,0.0,4.6,1.1,11.5,-16.1,30.0,0,0,27.6,1,13222,1,13222,6570,15512,16480,13045,15070,16771,15070,9628,11784,1,12114,18766,18667,11566,2854,5046,2750,8846,5548,16654,16681,20279,14805,2246,150,15734,1,31:20
2024-25,1627777,Georges Niang,Georges,1610612739,CLE,Cleveland Cavaliers,0022400188,2024-11-08T00:00:00,CLE vs. GSW,W,14.366666666666667,7.5,10.0,0.75,2.5,5.0,0.5,0.0,0.0,0.0,0.0,5.0,5.0,2.5,2.5,0.0,0.0,0.0,5.0,0.0,17.5,-30.1,24.8,0,0,27.6,1,1,13086,1,19961,7728,17013,2107,8131,13184,3944,13505,14344,13505,14058,10852,14766,14531,8227,12854,8263,8846,4577,17725,10280,23750,18418,2246,150,15745,1,14:22
2024-25,1628386,Jarrett Allen,Jarrett,1610612739,CLE,Cleveland Cavaliers,0022400188,2024-11-08T00:00:00,CLE vs. GSW,W,30.283333333333335,5.9,8.3,0.714,0.0,0.0,0.0,3.6,5.9,0.6,4.8,9.5,14.3,3.6,3.6,0.0,1.2,0.0,1.2,3.6,15.5,35.7,37.9,1,0,35.7,1,1,13086,1,7510,11672,19763,2752,15070,20945,15070,6561,4554,10343,2609,2998,2113,11185,4856,12854,6246,8846,18599,7487,12460,1328,9070,1,150,9617,1,30:17
2024-25,1630230,Naji Marshall,Naji,1610612742,DAL,Dallas Mavericks,0022400190,2024-11-08T00:00:00,DAL vs. PHX,L,29.328333333333333,8.6,14.7,0.583,2.5,7.4,0.333,2.5,2.5,1.0,2.5,3.7,6.1,0.0,3.7,0.0,0.0,2.5,2.5,1.2,22.1,-8.6,25.8,0,0,30.7,1,13222,1,13222,8376,5457,8999,6296,8304,7695,9209,9185,11327,1,6766,14697,11960,19908,4596,12854,8263,2118,12965,16257,6136,17227,17765,2246,150,13405,1,29:20
2024-25,1626196,Josh Richardson,Josh,1610612748,MIA,Miami Heat,0022400194,2024-11-08T00:00:00,MIA @ DEN,L,21.07,6.8,13.7,0.5,3.4,6.8,0.5,0.0,0.0,0.0,1.7,1.7,3.4,5.1,3.4,6.8,0.0,1.7,5.1,0.0,17.1,1.7,46.0,0,0,42.7,1,13222,1,13222,15241,9340,10715,8526,5345,8823,3944,13505,14344,13505,9553,20440,18749,7187,5194,332,8263,4126,4328,17725,10759,11788,4756,2246,150,5305,1,21:04
2024-25,1631222,Jake LaRavia,Jake,1610612763,MEM,Memphis Grizzlies,0022400191,2024-11-08T00:00:00,MEM vs. WAS,W,26.866666666666667,4.0,9.4,0.429,2.7,5.4,0.5,1.3,1.3,1.0,4.0,2.7,6.7,6.7,2.7,1.3,0.0,1.3,2.7,1.3,12.1,8.0,31.5,0,0,30.8,1,1,13086,1,10444,17045,18148,13735,7591,12304,3944,12200,13677,1,3575,17747,10731,4429,7590,9241,8263,5447,12119,15725,16086,8617,13678,2246,150,13316,1,26:52
2024-25,1629130,Duncan Robinson,Duncan,1610612748,MIA,Miami Heat,0022400194,2024-11-08T00:00:00,MIA @ DEN,L,20.275,12.4,21.3,0.583,10.7,17.8,0.6,0.0,0.0,0.0,0.0,5.3,5.3,5.3,1.8,1.8,0.0,0.0,7.1,0.0,35.5,14.2,53.4,0,0,60.4,1,13222,1,13222,15808,1285,2152,6296,177,359,2992,13505,14344,13505,14058,9965,13982,6769,11648,7353,8263,8846,1895,17725,899,5931,2345,2246,150,794,1,20:17
2024-25,1627750,Jamal Murray,Jamal,1610612743,DEN,Denver Nuggets,0022400194,2024-11-08T00:00:00,DEN vs. MIA,W,34.916666666666664,9.3,17.5,0.529,4.1,10.3,0.4,6.2,6.2,1.0,0.0,4.1,4.1,6.2,4.1,0.0,0.0,0.0,0.0,5.2,28.9,28.9,39.0,0,0,43.3,1,1,13086,1,3527,4238,5226,8281,3729,3144,7874,2688,4243,1,14058,13342,17015,5185,3622,12854,8263,8846,20257,3844,2461,2124,8431,2246,150,4997,1,34:55
2024-25,1629636,Darius Garland,Darius,1610612739,CLE,Cleveland Cavaliers,0022400188,2024-11-08T00:00:00,CLE vs. GSW,W,30.283333333333335,10.7,20.2,0.529,7.1,13.1,0.545,3.6,4.8,0.75,0.0,3.6,3.6,7.1,4.8,3.6,0.0,1.2,0.0,4.8,32.1,35.7,53.0,0,0,57.1,1,1,13086,1,7510,2509,2822,8281,717,1259,3863,6561,6384,8186,14058,15034,18409,3848,2649,2146,8263,6347,20257,4602,1509,1328,2453,2246,150,1153,1,30:17
2024-25,1641706,Brandon Miller,Brandon,1610612766,CHA,Charlotte Hornets,0022400184,2024-11-08T00:00:00,CHA vs. IND,W,33.416666666666664,10.8,18.3,0.588,7.5,11.9,0.636,2.2,2.2,1.0,0.0,6.5,6.5,6.5,1.1,1.1,1.1,0.0,1.1,3.2,31.2,28.0,54.1,0,0,56.0,1,1,13086,1,4795,2437,4360,6229,580,1869,2842,10106,12235,1,14058,7390,11247,4768,15291,11214,6931,8846,19233,8451,1715,2269,2183,2246,150,1308,1,33:25
2024-25,1627936,Alex Caruso,Alex,1610612760,OKC,Oklahoma City Thunder,0022400192,2024-11-08T00:00:00,OKC vs. HOU,W,13.766666666666667,7.8,13.1,0.6,5.2,7.8,0.667,5.2,5.2,1.0,2.6,7.8,10.5,2.6,0.0,2.6,0.0,0.0,5.2,2.6,26.2,18.3,50.5,0,0,49.7,1,1,13086,1,20322,6972,11725,5394,2022,6729,1957,3731,5551,1,6309,4951,4950,14166,16469,4108,8263,8846,4145,10591,3607,4462,3135,2246,150,2617,1,13:46
2024-25,1630256,Jae'Sean Tate,Jae'Sean,1610612745,HOU,Houston Rockets,0022400192,2024-11-08T00:00:00,HOU @ OKC,L,6.05,11.9,17.9,0.667,0.0,6.0,0.0,11.9,17.9,0.667,11.9,17.9,29.8,0.0,11.9,6.0,0.0,0.0,11.9,11.9,35.7,23.8,77.4,0,0,77.4,1,13222,1,13222,23581,1587,4847,3281,15070,10804,15070,348,198,9425,247,270,87,19908,209,489,8263,8846,433,203,874,3072,251,2246,150,197,1,6:03
2024-25,1629675,Naz Reid,Naz,1610612750,MIN,Minnesota Timberwolves,0022400193,2024-11-08T00:00:00,MIN vs. POR,W,22.083333333333332,9.8,17.9,0.545,4.9,8.2,0.6,0.0,0.0,0.0,0.0,6.5,6.5,1.6,1.6,1.6,0.0,3.3,6.5,0.0,24.5,32.6,38.0,0,0,40.8,1,1,13086,1,14427,3499,4772,7695,2420,6169,2992,13505,14344,13505,14058,7264,11128,17574,12216,7886,8263,1096,2380,17725,4516,1670,9036,2246,150,6347,1,22:05
2024-25,1630175,Cole Anthony,Cole,1610612753,ORL,Orlando Magic,0022400186,2024-11-08T00:00:00,ORL vs. NOP,W,12.0,9.0,15.0,0.6,3.0,9.0,0.333,3.0,6.0,0.5,0.0,18.0,18.0,6.0,3.0,3.0,0.0,0.0,0.0,6.0,24.0,42.0,60.6,0,0,57.0,1,1,13086,1,21228,4700,8606,5394,6500,4827,9209,7799,4464,10625,14058,255,898,5485,6468,3139,8263,8846,20257,2615,4793,841,1121,2246,150,1158,1,12:00
2024-25,1628991,Jaren Jackson Jr.,Jaren,1610612763,MEM,Memphis Grizzlies,0022400191,2024-11-08T00:00:00,MEM vs. WAS,W,28.326666666666668,17.8,35.6,0.5,6.4,15.3,0.417,7.6,8.9,0.857,2.5,5.1,7.6,1.3,3.8,1.3,1.3,5.1,5.1,8.9,49.6,24.1,64.4,0,0,69.9,1,1,13086,1,9279,228,127,8526,1083,642,7826,1590,1928,7071,6493,10627,8926,18758,4286,9645,5793,350,4416,692,160,2996,746,2246,150,327,1,28:20
2024-25,1626204,Larry Nance Jr.,Larry,1610612737,ATL,Atlanta Hawks,0022400185,2024-11-08T00:00:00,ATL @ DET,L,12.516666666666667,14.4,14.4,1.0,8.6,8.6,1.0,0.0,0.0,0.0,0.0,2.9,2.9,5.8,0.0,2.9,0.0,0.0,5.8,0.0,37.4,0.0,58.1,0,0,60.4,1,13222,1,13222,20981,606,9565,1,345,5376,1,13505,14344,13505,14058,17161,20053,5946,16469,3470,8263,8846,3310,17725,664,12240,1462,2246,150,790,1,12:31
2024-25,1628983,Shai Gilgeous-Alexander,Shai,1610612760,OKC,Oklahoma City Thunder,0022400192,2024-11-08T00:00:00,OKC vs. HOU,W,29.033333333333335,13.6,19.8,0.688,1.2,2.5,0.5,7.4,8.7,0.857,1.2,5.0,6.2,5.0,3.7,1.2,1.2,1.2,2.5,3.7,36.0,6.2,54.6,0,0,53.3,1,1,13086,1,8644,816,3072,3227,13151,18666,3944,1706,2066,7071,11535,11001,11827,7552,4508,9865,5945,5999,12877,7084,837,9515,2074,2246,150,1739,1,29:02
2024-25,1629057,Robert Williams III,Robert,1610612757,POR,Portland Trail Blazers,0022400193,2024-11-08T00:00:00,POR @ MIN,L,17.016666666666666,8.5,10.6,0.8,2.1,2.1,1.0,8.5,8.5,1.0,4.2,2.1,6.3,4.2,0.0,4.2,2.1,0.0,0.0,4.2,27.5,-21.2,60.5,0,0,52.9,1,13222,1,13222,18243,5685,16095,1688,9621,19344,1,1200,2217,1,3270,19316,11510,9308,16469,1434,3163,8846,20257,5759,2977,21874,1130,2246,150,1828,1,17:01
2024-25,1629639,Tyler Herro,Tyler,1610612748,MIA,Miami Heat,0022400194,2024-11-08T00:00:00,MIA @ DEN,L,40.23,8.9,18.8,0.476,3.6,8.9,0.4,0.0,0.0,0.0,0.9,5.4,6.3,9.8,0.9,0.0,0.0,1.8,0.0,1.8,21.5,-2.7,42.9,1,0,41.2,1,13222,1,13222,507,4817,3935,12010,4968,4904,7874,13505,14344,13505,13923,9857,11688,1512,16360,12854,8263,3930,20257,13968,6666,14393,6187,1,150,6102,1,40:14
2024-25,1641890,Tyler Smith,Tyler,1610612749,MIL,Milwaukee Bucks,0022400189,2024-11-08T00:00:00,MIL @ NYK,L,8.383333333333333,17.2,21.5,0.8,4.3,8.6,0.5,4.3,8.6,0.5,0.0,8.6,8.6,0.0,4.3,0.0,8.6,0.0,4.3,4.3,42.9,25.8,74.7,0,0,73.0,1,13222,1,13222,22666,261,2054,1688,3394,5437,3944,5161,2133,10625,14058,3953,7330,19908,3340,12854,121,8846,6298,5599,314,2658,299,2246,150,261,1,8:23
2024-25,1641744,Zach Edey,Zach,1610612763,MEM,Memphis Grizzlies,0022400191,2024-11-08T00:00:00,MEM vs. WAS,W,21.723333333333333,8.3,13.3,0.625,1.7,3.3,0.5,5.0,5.0,1.0,3.3,9.9,13.3,3.3,5.0,1.7,3.3,1.7,5.0,5.0,23.2,8.3,54.0,0,0,51.4,1,1,13086,1,14740,6011,11379,4899,11517,17036,3944,4084,5984,1,4719,2626,2633,11929,2377,7778,1384,4263,4682,4175,5354,8497,2197,2246,150,2183,1,21:43
2024-25,1642265,Rob Dillingham,Rob,1610612750,MIN,Minnesota Timberwolves,0022400193,2024-11-08T00:00:00,MIN vs. POR,W,5.7,18.9,18.9,1.0,6.3,6.3,1.0,0.0,0.0,0.0,0.0,18.9,18.9,12.6,6.3,0.0,0.0,0.0,6.3,0.0,44.2,18.9,79.6,0,0,82.1,1,1,13086,1,23701,175,3801,1,1107,9944,1,13505,14344,13505,14058,210,707,597,1215,12854,8263,8846,2582,17725,278,4279,199,2246,150,138,1,5:42
2024-25,202681,Kyrie Irving,Kyrie,1610612742,DAL,Dallas Mavericks,0022400190,2024-11-08T00:00:00,DAL vs. PHX,L,40.766666666666666,8.8,15.0,0.588,1.8,5.3,0.333,6.2,7.9,0.778,1.8,4.4,6.2,5.3,1.8,2.6,0.0,0.0,0.9,5.3,25.6,7.9,47.2,0,0,44.2,1,13222,1,13222,405,5003,8592,6229,11201,12468,9209,2695,2551,8092,9364,12489,11870,6821,11679,4022,8263,8846,20178,3634,3874,8659,4256,2246,150,4614,1,40:46
2024-25,1630559,Austin Reaves,Austin,1610612747,LAL,Los Angeles Lakers,0022400195,2024-11-08T00:00:00,LAL vs. PHI,W,29.933333333333334,8.4,15.6,0.538,7.2,12.0,0.6,0.0,0.0,0.0,0.0,7.2,7.2,8.4,2.4,0.0,1.2,0.0,1.2,0.0,24.1,16.8,46.5,0,0,49.3,1,1,13086,1,7840,5763,7641,7978,696,1763,2992,13505,14344,13505,14058,5971,9712,2490,8633,12854,6152,8846,18523,17725,4766,4961,4518,2246,150,2729,1,29:56
2024-25,1641737,Adem Bona,Adem,1610612755,PHI,Philadelphia 76ers,0022400195,2024-11-08T00:00:00,PHI @ LAL,L,2.3,15.7,15.7,1.0,0.0,0.0,0.0,15.7,15.7,1.0,0.0,15.7,15.7,0.0,0.0,0.0,15.7,0.0,0.0,15.7,47.0,62.6,112.7,0,0,93.9,1,13222,1,13222,25316,395,7604,1,15070,20945,15070,148,300,1,14058,473,1536,19908,16469,12854,20,8846,20257,85,204,322,49,2246,150,78,1,2:18
2024-25,1629029,Luka Dončić,Luka,1610612742,DAL,Dallas Mavericks,0022400190,2024-11-08T00:00:00,DAL vs. PHX,L,42.18333333333333,9.4,21.3,0.44,4.3,10.2,0.417,2.6,2.6,1.0,0.0,6.0,6.0,6.0,2.6,0.9,0.0,0.0,2.6,3.4,25.6,-3.4,41.7,0,0,43.5,1,13222,1,13222,242,4047,2135,13537,3451,3220,7826,8901,11067,1,14058,8398,12356,5546,8017,12780,8263,8846,12564,7910,3879,14764,6764,2246,150,4913,1,42:11
2024-25,203944,Julius Randle,Julius,1610612750,MIN,Minnesota Timberwolves,0022400193,2024-11-08T00:00:00,MIN vs. POR,W,32.4,8.9,20.0,0.444,3.3,6.7,0.5,3.3,4.4,0.75,3.3,3.3,6.7,4.4,2.2,0.0,1.1,3.3,1.1,2.2,24.4,16.7,40.2,0,0,41.1,1,1,13086,1,5635,4904,2966,13045,5564,9170,3944,7042,6945,8186,4675,15684,10798,8773,9418,12854,6716,1040,19042,12068,4527,5011,7617,2246,150,6130,1,32:24
2024-25,1630643,Jay Huff,Jay,1610612763,MEM,Memphis Grizzlies,0022400191,2024-11-08T00:00:00,MEM vs. WAS,W,14.216666666666667,7.6,15.2,0.5,2.5,10.1,0.25,12.7,12.7,1.0,2.5,7.6,10.1,0.0,0.0,2.5,10.1,0.0,0.0,7.6,30.4,0.0,80.5,0,0,68.4,1,1,13086,1,20066,7524,8263,8526,8041,3349,11902,285,642,1,6517,5334,5294,19908,16469,4295,64,8846,20257,1261,1957,12240,186,2246,150,363,1,14:13
2024-25,1630596,Evan Mobley,Evan,1610612739,CLE,Cleveland Cavaliers,0022400188,2024-11-08T00:00:00,CLE vs. GSW,W,26.433333333333334,9.5,16.3,0.583,0.0,4.1,0.0,12.3,13.6,0.9,0.0,5.4,5.4,5.4,2.7,1.4,2.7,0.0,0.0,9.5,31.3,9.5,55.6,0,0,50.4,1,1,13086,1,10788,3837,6623,6296,15070,15385,15070,318,511,6805,14058,9677,13681,6538,7458,9129,2044,8846,20257,513,1688,7925,1887,2246,150,2424,1,26:26
2024-25,1629027,Trae Young,Trae,1610612737,ATL,Atlanta Hawks,0022400185,2024-11-08T00:00:00,ATL @ DET,L,41.0,9.7,22.0,0.44,5.3,10.5,0.5,6.1,7.0,0.875,0.0,1.8,1.8,11.4,2.6,1.8,0.0,2.6,1.8,4.4,30.7,12.3,52.6,1,0,52.7,1,13222,1,13222,369,3650,1843,13537,1977,2941,3944,2730,3337,6931,14058,20341,22223,865,7755,7414,8263,1827,16353,5376,1852,6674,2559,1,150,1878,1,41:00
2024-25,1630590,Scotty Pippen Jr.,Scotty,1610612763,MEM,Memphis Grizzlies,0022400191,2024-11-08T00:00:00,MEM vs. WAS,W,27.593333333333334,5.2,10.4,0.5,0.0,2.6,0.0,3.9,5.2,0.75,1.3,11.7,13.0,14.4,2.6,1.3,0.0,1.3,3.9,6.5,14.4,27.4,52.8,1,1,44.4,1,1,13086,1,9886,13764,16324,8526,15070,18435,15070,5852,5572,8186,11176,1505,2776,352,7840,9429,8263,5627,7393,2058,13550,2357,2497,1,1,4527,1,27:36
2024-25,1630568,Luka Garza,Luka,1610612750,MIN,Minnesota Timberwolves,0022400193,2024-11-08T00:00:00,MIN vs. POR,W,4.866666666666666,22.2,44.4,0.5,0.0,22.2,0.0,0.0,7.4,0.0,0.0,0.0,0.0,0.0,0.0,0.0,0.0,0.0,0.0,7.4,44.4,22.2,44.4,0,0,44.4,1,1,13086,1,24032,104,53,8526,15070,169,15070,13505,2997,13505,14058,22137,23286,19908,16469,12854,8263,8846,20257,1390,270,3419,5475,2246,150,4512,1,4:52
2024-25,1642530,Yuki Kawamura,Yuki,1610612763,MEM,Memphis Grizzlies,0022400191,2024-11-08T00:00:00,MEM vs. WAS,W,4.65,7.7,23.2,0.333,7.7,15.5,0.5,0.0,0.0,0.0,0.0,15.5,15.5,7.7,7.7,0.0,0.0,0.0,7.7,0.0,23.2,-7.7,45.7,0,0,54.2,1,1,13086,1,24158,7182,1317,17395,525,603,3944,13505,14344,13505,14058,491,1580,3140,651,12854,8263,8846,1495,17725,5345,16850,4864,2246,150,1590,1,4:39
2024-25,203991,Clint Capela,Clint,1610612737,ATL,Atlanta Hawks,0022400185,2024-11-08T00:00:00,ATL @ DET,L,18.666666666666668,5.8,19.3,0.3,0.0,0.0,0.0,1.9,7.7,0.25,13.5,9.6,23.1,3.9,3.9,0.0,1.9,5.8,1.9,3.9,13.5,-7.7,49.0,0,0,44.4,1,13222,1,13222,17057,12151,3504,19363,15070,20945,15070,10872,2733,13358,174,2880,260,10353,4173,12854,3686,236,15529,6688,14501,16835,3631,2246,150,4528,1,18:40
2024-25,1630163,LaMelo Ball,LaMelo,1610612766,CHA,Charlotte Hornets,0022400184,2024-11-08T00:00:00,CHA vs. IND,W,33.233333333333334,10.8,31.4,0.345,5.4,19.5,0.278,6.5,8.7,0.75,1.1,6.5,7.6,6.5,1.1,1.1,1.1,2.2,2.2,5.4,33.6,-8.7,57.8,0,0,57.4,1,1,13086,1,4963,2387,223,17393,1826,259,11836,2404,2079,8186,12604,7307,9001,4715,15248,11157,6899,2723,14263,3455,1201,17271,1495,2246,150,1115,1,33:14
2024-25,203076,Anthony Davis,Anthony,1610612747,LAL,Los Angeles Lakers,0022400195,2024-11-08T00:00:00,LAL vs. PHI,W,35.5,11.2,20.3,0.55,2.0,3.0,0.667,7.1,8.1,0.875,3.0,6.1,9.1,1.0,3.0,0.0,4.1,1.0,2.0,7.1,31.4,20.3,53.0,0,0,51.7,1,1,13086,1,3067,2138,2776,7655,10023,17567,1957,1943,2438,6931,5244,8134,6543,19633,6303,12854,888,7785,14976,1582,1655,3871,2444,2246,150,2099,1,35:30
2024-25,202709,Cory Joseph,Cory,1610612753,ORL,Orlando Magic,0022400186,2024-11-08T00:00:00,ORL vs. NOP,W,2.216666666666667,16.2,32.5,0.5,16.2,32.5,0.5,0.0,0.0,0.0,0.0,0.0,0.0,0.0,0.0,0.0,0.0,0.0,0.0,0.0,48.7,48.7,48.7,0,0,65.0,1,1,13086,1,25342,335,181,8526,54,43,3944,13505,14344,13505,14058,22137,23286,19908,16469,12854,8263,8846,20257,17725,173,584,3731,2246,150,476,1,2:13
2024-25,1631132,Christian Koloko,Christian,1610612747,LAL,Los Angeles Lakers,0022400195,2024-11-08T00:00:00,LAL vs. PHI,W,1.4666666666666666,0.0,0.0,0.0,0.0,0.0,0.0,0.0,0.0,0.0,0.0,24.5,24.5,24.5,0.0,0.0,0.0,0.0,24.5,0.0,0.0,-98.2,66.3,0,0,49.1,1,1,13086,1,25823,22635,24836,22635,15070,20945,15070,13505,14344,13505,14058,83,206,41,16469,12854,8263,8846,67,17725,23200,26135,615,2246,150,2798,1,1:28
2024-25,1630264,Anthony Gill,Anthony,1610612764,WAS,Washington Wizards,0022400191,2024-11-08T00:00:00,WAS @ MEM,L,4.533333333333333,15.9,15.9,1.0,7.9,7.9,1.0,0.0,0.0,0.0,0.0,7.9,7.9,0.0,0.0,7.9,0.0,0.0,0.0,0.0,39.7,0.0,73.1,0,0,71.5,1,13222,1,13222,24213,365,7290,1,472,6546,1,13505,14344,13505,14058,4791,8379,19908,16469,218,8263,8846,20257,17725,469,12240,343,2246,150,292,1,4:32
2024-25,1631108,Max Christie,Max,1610612747,LAL,Los Angeles Lakers,0022400195,2024-11-08T00:00:00,LAL vs. PHI,W,1.4666666666666666,24.5,73.6,0.333,0.0,24.5,0.0,0.0,0.0,0.0,0.0,0.0,0.0,0.0,0.0,0.0,0.0,24.5,0.0,0.0,49.1,-98.2,49.1,0,0,49.1,1,1,13086,1,25823,72,6,17395,15070,115,15070,13505,14344,13505,14058,22137,23286,19908,16469,12854,8263,14,20257,17725,167,26135,3588,2246,150,2798,1,1:28
2024-25,1631107,Nikola Jović,Nikola,1610612748,MIA,Miami Heat,0022400194,2024-11-08T00:00:00,MIA @ DEN,L,19.966666666666665,7.2,12.6,0.571,1.8,3.6,0.5,3.6,3.6,1.0,3.6,3.6,7.2,3.6,1.8,5.4,0.0,0.0,0.0,1.8,19.8,-12.6,48.3,0,0,43.3,1,13222,1,13222,16042,8422,12529,6538,11064,16423,3944,6475,8672,1,4202,14901,9720,11069,11538,682,8263,8846,20257,13926,8044,18988,3873,2246,150,5008,1,19:58
2024-25,1627734,Domantas Sabonis,Domantas,1610612758,SAC,Sacramento Kings,0022400196,2024-11-08T00:00:00,SAC vs. LAC,L,37.55,8.6,11.5,0.75,0.0,1.9,0.0,4.8,5.8,0.833,0.0,11.5,11.5,5.8,1.9,1.0,0.0,0.0,3.8,2.9,22.1,3.8,45.4,1,0,41.2,1,13222,1,13222,1655,5384,14461,2107,15070,19707,15070,4354,4810,7275,14058,1625,3939,5945,10956,12289,8263,8846,7637,9669,6172,10733,4975,1,150,6061,1,37:33
2024-25,1631096,Chet Holmgren,Chet,1610612760,OKC,Oklahoma City Thunder,0022400192,2024-11-08T00:00:00,OKC vs. HOU,W,29.163333333333334,9.9,17.3,0.571,4.9,7.4,0.667,11.1,12.3,0.9,1.2,4.9,6.2,1.2,1.2,0.0,3.7,0.0,1.2,6.2,35.8,19.8,54.9,0,0,55.5,1,1,13086,1,8541,3366,5470,6538,2356,7602,1957,464,692,6805,11576,11060,11882,18898,14202,12854,1081,8846,18355,2423,862,4027,1998,2246,150,1382,1,29:10
2024-25,1626157,Karl-Anthony Towns,Karl-Anthony,1610612752,NYK,New York Knicks,0022400189,2024-11-08T00:00:00,NYK vs. MIL,W,32.05,13.5,22.5,0.6,4.5,9.0,0.5,4.5,5.6,0.8,3.4,9.0,12.4,5.6,2.2,0.0,0.0,1.1,4.5,6.7,35.9,27.0,56.9,1,0,58.4,1,1,13086,1,5928,856,1600,5394,3080,4857,3944,4847,5028,7681,4599,3536,3229,6221,9321,12854,8263,6846,5796,1870,839,2436,1646,1,150,975,1,32:03
2024-25,1631311,Lester Quinones,Lester,1610612755,PHI,Philadelphia 76ers,0022400195,2024-11-08T00:00:00,PHI @ LAL,L,2.3,15.7,15.7,1.0,0.0,0.0,0.0,15.7,15.7,1.0,15.7,15.7,31.3,0.0,0.0,0.0,0.0,0.0,0.0,15.7,47.0,62.6,84.5,0,0,78.3,1,13222,1,13222,25316,395,7604,1,15070,20945,15070,148,300,1,116,473,72,19908,16469,12854,8263,8846,20257,85,204,322,143,2246,150,182,1,2:18
2024-25,203497,Rudy Gobert,Rudy,1610612750,MIN,Minnesota Timberwolves,0022400193,2024-11-08T00:00:00,MIN vs. POR,W,22.533333333333335,6.4,8.0,0.8,0.0,0.0,0.0,0.0,0.0,0.0,6.4,17.6,24.0,3.2,3.2,0.0,4.8,0.0,8.0,3.2,12.8,28.8,57.5,0,0,49.5,1,1,13086,1,14083,10470,20279,1688,15070,20945,15070,13505,14344,13505,1423,285,223,12339,5835,12854,574,8846,1370,8584,15311,2140,1554,2246,150,2665,1,22:32
2024-25,203083,Andre Drummond,Andre,1610612755,PHI,Philadelphia 76ers,0022400195,2024-11-08T00:00:00,PHI @ LAL,L,22.333333333333332,9.7,19.3,0.5,0.0,0.0,0.0,3.2,11.3,0.286,8.1,11.3,19.3,0.0,0.0,4.8,0.0,8.1,6.4,8.1,22.6,-30.6,60.3,1,0,51.6,1,13222,1,13222,14245,3633,3463,8526,15070,20945,15070,7270,954,13350,765,1755,619,19908,16469,997,8263,105,2444,982,5812,23835,1161,1,150,2128,1,22:20
2024-25,1630545,Terrence Shannon Jr.,Terrence,1610612750,MIN,Minnesota Timberwolves,0022400193,2024-11-08T00:00:00,MIN vs. POR,W,4.116666666666666,0.0,0.0,0.0,0.0,0.0,0.0,0.0,0.0,0.0,0.0,0.0,0.0,17.5,8.7,8.7,8.7,0.0,0.0,0.0,0.0,8.7,70.0,0,0,52.5,1,1,13086,1,24422,22635,24836,22635,15070,20945,15070,13505,14344,13505,14058,22137,23286,151,463,164,103,8846,20257,17725,23200,8302,436,2246,150,1928,1,4:07
2024-25,1630228,Jonathan Kuminga,Jonathan,1610612744,GSW,Golden State Warriors,0022400188,2024-11-08T00:00:00,GSW @ CLE,L,29.083333333333332,8.7,17.3,0.5,3.7,8.7,0.429,5.0,7.4,0.667,1.2,5.0,6.2,6.2,3.7,2.5,1.2,0.0,2.5,3.7,26.0,-5.0,50.1,0,0,49.5,1,13222,1,13222,8609,5320,5420,8526,4666,5320,7394,4120,2974,9425,11551,11022,11845,5173,4527,4450,5951,8846,12891,7101,3687,15560,3235,2246,150,2668,1,29:05
2024-25,1627747,Caris LeVert,Caris,1610612739,CLE,Cleveland Cavaliers,0022400188,2024-11-08T00:00:00,CLE vs. GSW,W,21.216666666666665,3.4,8.5,0.4,3.4,5.1,0.667,3.4,3.4,1.0,3.4,8.5,11.9,6.8,1.7,5.1,1.7,0.0,0.0,1.7,13.6,27.1,56.7,0,0,49.2,1,1,13086,1,15144,18554,19514,14933,5395,12984,1957,6914,9107,1,4553,4067,3596,4308,11932,843,4299,8846,20257,14280,14408,2399,1698,2246,150,2762,1,21:13
2024-25,203999,Nikola Jokić,Nikola,1610612743,DEN,Denver Nuggets,0022400194,2024-11-08T00:00:00,DEN vs. MIA,W,39.99166666666667,9.9,11.7,0.846,0.9,0.9,1.0,6.3,6.3,1.0,1.8,8.1,9.9,12.6,4.5,1.8,0.0,0.0,1.8,5.4,27.0,23.4,58.7,1,1,54.0,1,1,13086,1,563,3325,14112,1505,14961,20926,1,2591,4128,1,9242,4562,5546,600,2999,7260,8263,8846,16187,3481,3207,3171,1378,1,1,1618,1,39:60
2024-25,201142,Kevin Durant,Kevin,1610612756,PHX,Phoenix Suns,0022400190,2024-11-08T00:00:00,PHX @ DAL,W,36.96666666666667,7.8,13.6,0.571,2.9,5.8,0.5,6.8,6.8,1.0,1.0,3.9,4.9,3.9,1.0,1.0,1.9,0.0,1.9,5.8,25.3,10.7,44.8,0,0,42.8,1,1,13086,1,2010,7084,10768,6538,6790,11095,3944,2146,3553,1,13468,14039,15138,10244,16000,12181,3634,8846,15423,2827,4044,7367,5277,2246,150,5223,1,36:58
2024-25,1630625,Dalano Banton,Dalano,1610612757,POR,Portland Trail Blazers,0022400193,2024-11-08T00:00:00,POR @ MIN,L,12.0,12.0,21.0,0.571,0.0,3.0,0.0,12.0,15.0,0.8,0.0,6.0,6.0,6.0,0.0,6.0,3.0,3.0,0.0,9.0,36.0,-6.0,79.2,0,0,66.0,1,13222,1,13222,21228,1516,2332,6538,15070,17643,15070,340,350,7681,14058,8311,12271,5485,16469,465,1691,1329,20257,653,825,16057,207,2246,150,442,1,12:00
2024-25,1642349,Ajay Mitchell,Ajay,1610612760,OKC,Oklahoma City Thunder,0022400192,2024-11-08T00:00:00,OKC vs. HOU,W,19.716666666666665,9.1,11.0,0.833,1.8,3.7,0.5,1.8,1.8,1.0,0.0,3.7,3.7,12.8,0.0,5.5,0.0,0.0,3.7,7.3,21.9,32.9,61.9,0,0,51.1,1,1,13086,1,16246,4487,15437,1514,10965,16322,3944,11180,13158,1,14058,14785,18198,568,16469,647,8263,8846,8255,1445,6281,1637,978,2246,150,2246,1,19:43
2024-25,2544,LeBron James,LeBron,1610612747,LAL,Los Angeles Lakers,0022400195,2024-11-08T00:00:00,LAL vs. PHI,W,33.8,9.6,14.9,0.643,2.1,4.3,0.5,1.1,1.1,1.0,0.0,12.8,12.8,13.8,2.1,0.0,3.2,0.0,0.0,3.2,22.4,12.8,65.9,1,1,57.5,1,1,13086,1,4440,3747,8732,4607,9555,14995,3944,13025,14102,1,14058,1083,2946,405,9843,12854,1484,8846,20257,8581,5952,6484,639,1,1,1098,1,33:48
2024-25,1626158,Richaun Holmes,Richaun,1610612764,WAS,Washington Wizards,0022400191,2024-11-08T00:00:00,WAS @ MEM,L,4.533333333333333,23.8,39.7,0.6,0.0,7.9,0.0,0.0,0.0,0.0,7.9,7.9,15.9,0.0,0.0,0.0,0.0,0.0,7.9,0.0,47.6,0.0,66.7,0,0,63.5,1,13222,1,13222,24213,82,83,5394,15070,6546,15070,13505,14344,13505,801,4791,1461,19908,16469,12854,8263,8846,1387,17725,195,12240,586,2246,150,546,1,4:32
2024-25,1630162,Anthony Edwards,Anthony,1610612750,MIN,Minnesota Timberwolves,0022400193,2024-11-08T00:00:00,MIN vs. POR,W,30.116666666666667,14.3,25.1,0.571,10.8,17.9,0.6,4.8,6.0,0.8,0.0,7.2,7.2,6.0,7.2,1.2,1.2,1.2,2.4,3.6,44.2,34.7,61.8,0,0,72.9,1,1,13086,1,7664,614,807,6538,167,346,2992,4372,4505,7681,14058,6057,9807,5538,826,10214,6206,6296,13263,7433,276,1428,987,2246,150,263,1,30:07
2024-25,1630595,Cade Cunningham,Cade,1610612765,DET,Detroit Pistons,0022400185,2024-11-08T00:00:00,DET vs. ATL,W,36.27,7.9,16.9,0.471,1.0,4.0,0.25,5.0,5.0,1.0,1.0,9.9,10.9,12.9,6.9,1.0,1.0,2.0,2.0,4.0,21.8,3.0,53.3,1,1,50.6,1,1,13086,1,2489,6764,5955,12143,14590,15648,11902,4101,6010,1,13321,2639,4486,548,911,12020,7525,3275,15234,6398,6342,11134,2376,1,1,2362,1,36:16
2024-25,1628369,Jayson Tatum,Jayson,1610612738,BOS,Boston Celtics,0022400187,2024-11-08T00:00:00,BOS vs. BKN,W,42.35,9.4,21.3,0.44,4.3,11.1,0.385,5.1,6.0,0.857,0.0,7.7,7.7,5.1,2.6,1.7,0.9,1.7,2.6,6.8,28.1,8.5,50.0,0,0,50.2,1,1,13086,1,220,4119,2185,13537,3485,2443,8766,3887,4547,7071,14058,5237,8879,7247,8042,7609,8187,4151,12602,1824,2761,8403,3277,2246,150,2490,1,42:21
2024-25,1631133,Jabari Walker,Jabari,1610612757,POR,Portland Trail Blazers,0022400193,2024-11-08T00:00:00,POR @ MIN,L,4.866666666666666,0.0,0.0,0.0,0.0,0.0,0.0,0.0,0.0,0.0,7.4,7.4,14.8,0.0,7.4,0.0,0.0,0.0,0.0,0.0,0.0,-22.2,10.4,0,0,14.8,1,13222,1,13222,24032,22635,24836,22635,15070,20945,15070,13505,14344,13505,996,5681,1872,19908,744,12854,8263,8846,20257,17725,23200,22133,24357,2246,150,23133,1,4:52
2024-25,203486,Mason Plumlee,Mason,1610612756,PHX,Phoenix Suns,0022400190,2024-11-08T00:00:00,PHX @ DAL,W,14.321666666666667,5.0,5.0,1.0,0.0,0.0,0.0,0.0,5.0,0.0,0.0,5.0,5.0,0.0,0.0,0.0,0.0,0.0,5.0,7.5,10.1,10.1,16.1,0,0,15.1,1,1,13086,1,20005,14301,23444,1,15070,20945,15070,13505,5871,13505,14058,10803,14731,19908,16469,12854,8263,8846,4547,1299,18106,7674,22818,2246,150,23034,1,14:19
2024-25,1631095,Jabari Smith Jr.,Jabari,1610612745,HOU,Houston Rockets,0022400192,2024-11-08T00:00:00,HOU @ OKC,L,16.7,4.3,15.1,0.286,0.0,2.2,0.0,0.0,2.2,0.0,2.2,0.0,2.2,0.0,0.0,0.0,2.2,4.3,0.0,2.2,8.6,-25.9,17.7,0,0,15.1,1,13222,1,13222,18461,16288,8448,19630,15070,19250,15070,13505,12229,13505,7734,22137,21503,19908,16469,12854,3053,540,20257,12365,19408,22999,22228,2246,150,23032,1,16:42
2024-25,1641816,Hunter Tyson,Hunter,1610612743,DEN,Denver Nuggets,0022400194,2024-11-08T00:00:00,DEN vs. MIA,W,9.303333333333333,11.6,11.6,1.0,3.9,3.9,1.0,0.0,0.0,0.0,3.9,3.9,7.7,0.0,3.9,0.0,0.0,0.0,7.7,0.0,27.1,-46.4,32.5,0,0,38.7,1,1,13086,1,22346,1805,14287,1,4269,15865,1,13505,14344,13505,3781,14128,8745,19908,4150,12854,8263,8846,1496,17725,3168,25245,12947,2246,150,7592,1,9:18
2024-25,1631223,David Roddy,David,1610612737,ATL,Atlanta Hawks,0022400185,2024-11-08T00:00:00,ATL @ DET,L,15.95,2.3,2.3,1.0,2.3,2.3,1.0,0.0,0.0,0.0,0.0,11.3,11.3,6.8,6.8,2.3,0.0,0.0,6.8,0.0,6.8,11.3,30.5,0,0,31.6,1,13222,1,13222,18962,20935,24706,1,9025,19070,1,13505,14344,13505,14058,1753,4155,4323,991,5194,8263,8846,2165,17725,20882,7102,14439,2246,150,12706,1,15:57
2024-25,1629731,Dean Wade,Dean,1610612739,CLE,Cleveland Cavaliers,0022400188,2024-11-08T00:00:00,CLE vs. GSW,W,18.333333333333332,2.0,2.0,1.0,2.0,2.0,1.0,0.0,0.0,0.0,2.0,9.8,11.8,3.9,0.0,0.0,3.9,0.0,2.0,2.0,5.9,3.9,37.7,0,0,31.4,1,1,13086,1,17330,21467,24764,1,10327,19622,1,13505,14344,13505,8555,2713,3685,10144,16469,12854,956,8846,15337,13252,21464,10691,9225,2246,150,12839,1,18:20
2024-25,1628379,Luke Kennard,Luke,1610612763,MEM,Memphis Grizzlies,0022400191,2024-11-08T00:00:00,MEM vs. WAS,W,18.6,7.7,13.5,0.571,5.8,9.7,0.6,0.0,0.0,0.0,1.9,3.9,5.8,5.8,5.8,0.0,0.0,0.0,1.9,0.0,21.3,0.0,31.2,0,0,38.7,1,1,13086,1,17106,7182,10925,6538,1476,3883,2992,13505,14344,13505,8684,14122,12754,5845,1552,12854,8263,8846,15484,17725,6834,12240,13935,2246,150,7584,1,18:36
2024-25,203484,Kentavious Caldwell-Pope,Kentavious,1610612753,ORL,Orlando Magic,0022400186,2024-11-08T00:00:00,ORL vs. NOP,W,29.05,3.7,11.2,0.333,0.0,5.0,0.0,1.2,1.2,1.0,0.0,3.7,3.7,6.2,0.0,5.0,1.2,0.0,1.2,0.0,8.7,13.6,41.0,0,0,31.0,1,1,13086,1,8631,17784,15094,17395,15070,13300,15070,12476,13826,1,14058,14576,18025,5164,16469,925,5948,8846,18328,17725,19376,6153,7162,2246,150,13182,1,29:03
2024-25,1631197,Jared Rhoden,Jared,1610612766,CHA,Charlotte Hornets,0022400184,2024-11-08T00:00:00,CHA vs. IND,W,1.2333333333333334,0.0,29.2,0.0,0.0,0.0,0.0,0.0,0.0,0.0,0.0,29.2,29.2,0.0,0.0,0.0,0.0,0.0,0.0,0.0,0.0,0.0,35.0,0,0,29.2,1,1,13086,1,25942,22635,320,22635,15070,20945,15070,13505,14344,13505,14058,46,101,19908,16469,12854,8263,8846,20257,17725,23200,12240,11037,2246,150,14548,1,1:14
2024-25,1630322,Lindy Waters III,Lindy,1610612744,GSW,Golden State Warriors,0022400188,2024-11-08T00:00:00,GSW @ CLE,L,4.733333333333333,7.6,15.2,0.5,0.0,7.6,0.0,0.0,0.0,0.0,0.0,0.0,0.0,0.0,0.0,0.0,0.0,0.0,7.6,0.0,15.2,7.6,15.2,0,0,15.2,1,13222,1,13222,24123,7499,8230,8526,15070,7165,15070,13505,14344,13505,14058,22137,23286,19908,16469,12854,8263,8846,1569,17725,12696,8828,23114,2246,150,22986,1,4:44
2024-25,1628378,Donovan Mitchell,Donovan,1610612739,CLE,Cleveland Cavaliers,0022400188,2024-11-08T00:00:00,CLE vs. GSW,W,26.433333333333334,5.4,17.7,0.308,2.7,9.5,0.286,2.7,2.7,1.0,0.0,6.8,6.8,5.4,5.4,0.0,0.0,0.0,5.4,4.1,16.3,9.5,27.2,0,0,31.3,1,1,13086,1,10788,13138,4999,19226,7467,4064,11433,8517,10684,1,14058,6693,10509,6538,1856,12854,8263,8846,3780,6080,11562,7925,16797,2246,150,12912,1,26:26
2024-25,1628973,Jalen Brunson,Jalen,1610612752,NYK,New York Knicks,0022400189,2024-11-08T00:00:00,NYK vs. MIL,W,31.758333333333333,6.8,15.9,0.429,0.0,5.7,0.0,3.4,4.5,0.75,1.1,1.1,2.3,10.2,0.0,1.1,0.0,0.0,2.3,3.4,17.0,31.7,38.4,0,0,31.7,1,1,13086,1,6195,9417,7312,13735,15070,11534,15070,6895,6773,8186,12234,21674,21277,1335,16469,10733,8263,8846,13794,7951,10846,1762,8756,2246,150,12592,1,31:46
2024-25,1629048,Goga Bitadze,Goga,1610612753,ORL,Orlando Magic,0022400186,2024-11-08T00:00:00,ORL vs. NOP,W,26.716666666666665,6.7,8.1,0.833,0.0,0.0,0.0,1.3,1.3,1.0,6.7,5.4,12.1,4.0,0.0,1.3,2.7,0.0,4.0,1.3,14.8,9.4,47.6,0,0,39.1,1,1,13086,1,10552,9599,20115,1514,15070,20945,15070,12176,13666,1,1257,9810,3398,9827,16469,9201,2091,8846,7022,15692,13091,7970,4117,2246,150,7332,1,26:43
2024-25,1630574,Ariel Hukporti,Ariel,1610612752,NYK,New York Knicks,0022400189,2024-11-08T00:00:00,NYK vs. MIL,W,3.2333333333333334,0.0,11.1,0.0,0.0,0.0,0.0,0.0,0.0,0.0,0.0,22.3,22.3,0.0,0.0,0.0,0.0,11.1,22.3,11.1,0.0,-66.8,26.7,0,0,22.3,1,1,13086,1,24875,22635,15133,22635,15070,20945,15070,13505,14344,13505,14058,119,321,19908,16469,12854,8263,54,92,264,23200,25831,17137,2246,150,19513,1,3:14
2024-25,1630560,Cam Thomas,Cam,1610612751,BKN,Brooklyn Nets,0022400187,2024-11-08T00:00:00,BKN @ BOS,L,38.00666666666667,10.4,20.8,0.5,3.8,8.5,0.444,4.7,6.6,0.714,0.0,2.8,2.8,0.9,1.9,0.9,0.0,0.9,4.7,4.7,29.4,-3.8,35.1,0,0,38.8,1,13222,1,13222,1385,2801,2436,8526,4476,5541,7211,4450,3731,9244,14058,17267,20145,19806,11079,12372,8263,8362,5200,4649,2314,14945,10968,2246,150,7494,1,38:00
2024-25,1641717,Cason Wallace,Cason,1610612760,OKC,Oklahoma City Thunder,0022400192,2024-11-08T00:00:00,OKC vs. HOU,W,22.866666666666667,3.1,6.3,0.5,0.0,1.6,0.0,0.0,0.0,0.0,4.7,3.1,7.9,1.6,0.0,1.6,1.6,0.0,3.1,0.0,6.3,4.7,27.6,0,0,22.0,1,1,13086,1,13818,19104,22322,8526,15070,20201,15070,13505,14344,13505,2646,16263,8516,17728,16469,8091,4624,8846,10095,17725,21186,10268,16537,2246,150,19659,1,22:52
2024-25,203078,Bradley Beal,Bradley,1610612756,PHX,Phoenix Suns,0022400190,2024-11-08T00:00:00,PHX @ DAL,W,36.43333333333333,5.9,16.8,0.353,1.0,6.9,0.143,2.0,2.0,1.0,2.0,2.0,4.0,3.0,1.0,0.0,0.0,0.0,3.0,2.0,14.8,-13.8,23.0,0,0,22.7,1,1,13086,1,2379,11713,6045,17268,14615,8632,14649,10722,12786,1,8494,19739,17437,13042,15919,12854,8263,8846,10882,13176,13093,19444,19551,2246,150,19191,1,36:26
2024-25,1641710,Anthony Black,Anthony,1610612753,ORL,Orlando Magic,0022400186,2024-11-08T00:00:00,ORL vs. NOP,W,24.266666666666666,5.9,8.9,0.667,0.0,0.0,0.0,4.5,5.9,0.75,1.5,3.0,4.5,5.9,3.0,0.0,1.5,0.0,5.9,3.0,16.3,23.7,32.0,0,0,29.7,1,1,13086,1,12680,11691,18863,3281,15070,20945,15070,4908,4564,8186,10378,16833,16168,5614,6596,12854,4910,8846,3033,9365,11577,3083,13291,2246,150,14184,1,24:16
2024-25,1642272,Jared McCain,Jared,1610612755,PHI,Philadelphia 76ers,0022400195,2024-11-08T00:00:00,PHI @ LAL,L,30.516666666666666,7.1,20.1,0.353,4.7,10.6,0.444,2.4,2.4,1.0,0.0,1.2,1.2,2.4,2.4,1.2,0.0,1.2,1.2,2.4,21.2,0.0,27.4,0,0,31.9,1,13222,1,13222,7300,8745,2932,17268,2701,2863,7211,9425,11598,1,14058,21567,22971,15019,8817,10346,8263,6405,18655,11502,6897,12240,16685,2246,150,12496,1,30:31
2024-25,1627732,Ben Simmons,Ben,1610612751,BKN,Brooklyn Nets,0022400187,2024-11-08T00:00:00,BKN @ BOS,L,27.283333333333335,5.3,7.9,0.667,0.0,0.0,0.0,0.0,0.0,0.0,1.3,6.6,7.9,10.6,4.0,1.3,0.0,0.0,1.3,2.6,10.6,-10.6,35.9,0,0,31.7,1,13222,1,13222,10113,13602,20392,3281,15070,20945,15070,13505,14344,13505,11103,7115,8427,1178,3958,9355,8263,8846,17956,10515,17606,18133,10439,2246,150,12653,1,27:17
2024-25,1630540,Miles McBride,Miles,1610612752,NYK,New York Knicks,0022400189,2024-11-08T00:00:00,NYK vs. MIL,W,28.016666666666666,6.4,14.1,0.455,2.6,7.7,0.333,2.6,2.6,1.0,1.3,5.1,6.4,2.6,0.0,0.0,0.0,1.3,0.0,2.6,18.0,27.0,29.6,0,0,29.6,1,1,13086,1,9535,10376,9947,12676,7917,6986,9209,8879,11047,1,11265,10450,11333,14306,16469,12854,8263,5728,20257,10730,9855,2431,15105,2246,150,14285,1,28:01
2024-25,1630241,Sam Merrill,Sam,1610612739,CLE,Cleveland Cavaliers,0022400188,2024-11-08T00:00:00,CLE vs. GSW,W,14.6,2.5,9.9,0.25,2.5,9.9,0.25,4.9,4.9,1.0,0.0,4.9,4.9,2.5,0.0,0.0,0.0,0.0,0.0,2.5,12.3,-7.4,21.9,0,0,22.2,1,1,13086,1,19826,20524,17308,20233,8265,3644,11902,4147,6062,1,14058,11079,14975,14663,16469,12854,8263,8846,20257,11114,15791,16678,20176,2246,150,19558,1,14:36
2024-25,1628969,Mikal Bridges,Mikal,1610612752,NYK,New York Knicks,0022400189,2024-11-08T00:00:00,NYK vs. MIL,W,36.53333333333333,6.9,17.7,0.389,3.0,10.8,0.273,0.0,0.0,0.0,1.0,2.0,3.0,3.0,1.0,1.0,1.0,1.0,1.0,0.0,16.8,20.7,29.7,0,0,29.6,1,1,13086,1,2317,9166,4972,16009,6658,2633,11838,13505,14344,13505,13371,19752,19837,13070,15938,12080,7569,8047,19783,17725,11122,3759,15048,2246,150,14281,1,36:32
2024-25,1627752,Taurean Prince,Taurean,1610612749,MIL,Milwaukee Bucks,0022400189,2024-11-08T00:00:00,MIL @ NYK,L,27.616666666666667,1.3,5.2,0.25,1.3,3.9,0.333,0.0,0.0,0.0,0.0,6.5,6.5,2.6,2.6,0.0,0.0,0.0,2.6,0.0,3.9,-36.5,13.0,0,0,14.3,1,13222,1,13222,9855,22398,23314,20233,12846,15761,9209,13505,14344,13505,14058,7270,11140,14194,7851,12854,8263,8846,12401,17725,22595,24567,23758,2246,150,23311,1,27:37
2024-25,1631098,Johnny Davis,Johnny,1610612764,WAS,Washington Wizards,0022400191,2024-11-08T00:00:00,WAS @ MEM,L,14.166666666666666,2.5,12.7,0.2,2.5,2.5,1.0,0.0,0.0,0.0,2.5,2.5,5.1,0.0,0.0,0.0,0.0,2.5,5.1,2.5,7.6,-30.5,13.7,0,0,15.2,1,13222,1,13222,20100,20391,12372,21401,8009,18551,1,13505,14344,13505,6494,18079,14567,19908,16469,12854,8263,1968,4417,10834,20222,23816,23570,2246,150,22974,1,14:10
2024-25,1641748,Andre Jackson Jr.,Andre,1610612749,MIL,Milwaukee Bucks,0022400189,2024-11-08T00:00:00,MIL @ NYK,L,17.533333333333335,2.1,6.2,0.333,2.1,6.2,0.333,0.0,0.0,0.0,0.0,0.0,0.0,2.1,2.1,0.0,2.1,0.0,2.1,0.0,6.2,-45.2,13.3,0,0,14.4,1,13222,1,13222,17895,21312,22464,17395,9903,10298,9209,13505,14344,13505,14058,22137,23286,16177,10244,12854,3339,8846,14856,17725,21278,25189,23680,2246,150,23296,1,17:32
2024-25,203952,Andrew Wiggins,Andrew,1610612744,GSW,Golden State Warriors,0022400188,2024-11-08T00:00:00,GSW @ CLE,L,20.816666666666666,6.9,15.6,0.444,1.7,5.2,0.333,3.5,3.5,1.0,1.7,0.0,1.7,3.5,1.7,1.7,0.0,3.5,0.0,1.7,19.0,-39.8,29.7,0,0,29.4,1,13222,1,13222,15419,9131,7739,13045,11310,12733,9209,6779,8968,1,9476,22137,22262,11526,11808,7515,8263,950,20257,14180,8834,24830,14981,2246,150,14407,1,20:49
2024-25,1628998,Cody Martin,Cody,1610612766,CHA,Charlotte Hornets,0022400184,2024-11-08T00:00:00,CHA vs. IND,W,26.905,8.0,14.7,0.545,4.0,8.0,0.5,0.0,0.0,0.0,1.3,5.4,6.7,5.4,0.0,1.3,0.0,0.0,0.0,1.3,20.1,52.2,40.1,0,0,38.8,1,1,13086,1,10413,6578,9024,7695,3969,6404,3944,13505,14344,13505,11028,9898,10746,6720,16469,9255,8263,8846,20257,15730,7866,500,7671,2246,150,7507,1,26:54
2024-25,1631218,Trayce Jackson-Davis,Trayce,1610612744,GSW,Golden State Warriors,0022400188,2024-11-08T00:00:00,GSW @ CLE,L,16.183333333333334,2.2,6.7,0.333,0.0,0.0,0.0,2.2,2.2,1.0,4.4,6.7,11.1,8.9,2.2,0.0,2.2,2.2,6.7,2.2,6.7,-11.1,37.8,0,0,31.1,1,13222,1,13222,18806,20993,21925,17395,15070,20945,15070,9851,12008,1,2981,6952,4303,2111,9405,12854,2895,2592,2244,12054,20942,18372,9152,2246,150,13046,1,16:11
2024-25,1642359,Pacôme Dadiet,Pacôme,1610612752,NYK,New York Knicks,0022400189,2024-11-08T00:00:00,NYK vs. MIL,W,4.866666666666666,0.0,7.4,0.0,0.0,7.4,0.0,0.0,0.0,0.0,0.0,7.4,7.4,7.4,0.0,0.0,0.0,0.0,0.0,0.0,0.0,-22.2,20.0,0,0,14.8,1,1,13086,1,24032,22635,21073,22635,15070,7618,15070,13505,14344,13505,14058,5681,9369,3513,16469,12854,8263,8846,20257,17725,23200,22133,21183,2246,150,23133,1,4:52
2024-25,1641794,Dillon Jones,Dillon,1610612760,OKC,Oklahoma City Thunder,0022400192,2024-11-08T00:00:00,OKC vs. HOU,W,11.853333333333333,3.0,18.2,0.167,0.0,15.2,0.0,0.0,0.0,0.0,0.0,6.1,6.1,0.0,3.0,3.0,3.0,0.0,3.0,0.0,6.1,-12.1,28.5,0,0,24.3,1,1,13086,1,21359,19347,4437,21938,15070,654,15070,13505,14344,13505,14058,8164,12109,19908,6328,3068,1650,8846,10553,17725,21335,18794,15840,2246,150,18138,1,11:51
2024-25,1641854,Craig Porter Jr.,Craig,1610612739,CLE,Cleveland Cavaliers,0022400188,2024-11-08T00:00:00,CLE vs. GSW,W,3.433333333333333,10.5,10.5,1.0,0.0,0.0,0.0,0.0,0.0,0.0,0.0,0.0,0.0,10.5,0.0,0.0,0.0,0.0,0.0,0.0,21.0,-94.4,36.7,0,0,31.5,1,1,13086,1,24743,2726,16237,1,15070,20945,15070,13505,14344,13505,14058,22137,23286,1205,16469,12854,8263,8846,20257,17725,7101,26114,9890,2246,150,12805,1,3:26
2024-25,1628960,Grayson Allen,Grayson,1610612756,PHX,Phoenix Suns,0022400190,2024-11-08T00:00:00,PHX @ DAL,W,18.58,0.0,7.8,0.0,0.0,5.8,0.0,0.0,0.0,0.0,3.9,1.9,5.8,0.0,1.9,3.9,0.0,0.0,0.0,0.0,0.0,11.6,16.7,0,0,13.6,1,1,13086,1,17134,22635,20597,22635,15070,11179,15070,13505,14344,13505,3772,19871,12739,19908,10863,1765,8263,8846,20257,17725,23200,6961,22604,2246,150,23541,1,18:35
2024-25,1641716,Jarace Walker,Jarace,1610612754,IND,Indiana Pacers,0022400184,2024-11-08T00:00:00,IND @ CHA,L,17.833333333333332,4.0,10.1,0.4,0.0,2.0,0.0,2.0,2.0,1.0,0.0,4.0,4.0,6.1,2.0,0.0,2.0,2.0,4.0,2.0,10.1,-10.1,28.1,0,0,24.2,1,13222,1,13222,17681,16999,16902,14933,15070,19520,15070,10576,12665,1,14058,13604,17220,5386,10433,12854,3424,3165,7034,12989,18054,17922,16178,2246,150,18187,1,17:50
2024-25,1630579,Jericho Sims,Jericho,1610612752,NYK,New York Knicks,0022400189,2024-11-08T00:00:00,NYK vs. MIL,W,15.95,2.3,4.5,0.5,0.0,0.0,0.0,0.0,0.0,0.0,9.0,2.3,11.3,2.3,2.3,2.3,0.0,2.3,4.5,0.0,4.5,-4.5,26.0,0,0,22.6,1,1,13086,1,18962,20935,23797,8526,15070,20945,15070,13505,14344,13505,548,18898,4155,15406,9274,5194,8263,2534,5745,17725,22287,15331,17650,2246,150,19307,1,15:57
2024-25,203110,Draymond Green,Draymond,1610612744,GSW,Golden State Warriors,0022400188,2024-11-08T00:00:00,GSW @ CLE,L,20.533333333333335,3.5,12.3,0.286,3.5,8.8,0.4,0.0,0.0,0.0,0.0,3.5,3.5,10.5,3.5,5.3,0.0,0.0,7.0,1.8,10.5,-40.3,42.8,0,0,38.6,1,13222,1,13222,15619,18311,13136,19630,5129,5156,7874,13505,14344,13505,14058,15220,18533,1196,4996,757,8263,8846,1967,14100,17643,24863,6231,2246,150,7653,1,20:32
2024-25,1629656,Quentin Grimes,Quentin,1610612742,DAL,Dallas Mavericks,0022400190,2024-11-08T00:00:00,DAL vs. PHX,L,9.35,3.9,3.9,1.0,0.0,0.0,0.0,0.0,0.0,0.0,0.0,7.7,7.7,0.0,0.0,0.0,0.0,0.0,3.9,0.0,7.7,-3.9,16.9,0,0,15.4,1,13222,1,13222,22333,17449,24162,1,15070,20945,15070,13505,14344,13505,14058,5164,8802,19908,16469,12854,8263,8846,7601,17725,20161,14978,22512,2246,150,22915,1,9:21
2024-25,1630598,Aaron Wiggins,Aaron,1610612760,OKC,Oklahoma City Thunder,0022400192,2024-11-08T00:00:00,OKC vs. HOU,W,29.716666666666665,3.6,10.9,0.333,2.4,3.6,0.667,0.0,0.0,0.0,1.2,4.8,6.1,6.1,0.0,1.2,1.2,2.4,1.2,0.0,9.7,17.0,33.3,0,0,29.1,1,1,13086,1,8027,18000,15529,17395,8404,16368,1957,13505,14344,13505,11715,11291,12147,5385,16469,10082,6105,2171,18469,17725,18447,4922,12335,2246,150,14644,1,29:43
2024-25,1628464,Daniel Theis,Daniel,1610612740,NOP,New Orleans Pelicans,0022400186,2024-11-08T00:00:00,NOP @ ORL,L,12.116666666666667,3.0,8.9,0.333,0.0,0.0,0.0,0.0,0.0,0.0,3.0,0.0,3.0,5.9,0.0,0.0,0.0,0.0,3.0,0.0,5.9,-17.8,18.4,0,0,14.9,1,13222,1,13222,21184,19487,18851,17395,15070,20945,15070,13505,14344,13505,5414,22137,19803,5599,16469,12854,8263,8846,10843,17725,21436,20875,21926,2246,150,23108,1,12:07
2024-25,1631124,Julian Strawther,Julian,1610612743,DEN,Denver Nuggets,0022400194,2024-11-08T00:00:00,DEN vs. MIA,W,24.061666666666667,4.5,12.0,0.375,0.0,4.5,0.0,0.0,0.0,0.0,0.0,1.5,1.5,0.0,3.0,0.0,1.5,0.0,1.5,3.0,9.0,-18.0,12.3,0,0,13.5,1,1,13086,1,12839,15818,13648,16299,15070,14470,15070,13505,14344,13505,14058,20885,22573,19908,6518,12854,4869,8846,17235,9289,19109,20917,23952,2246,150,23564,1,24:04
2024-25,201144,Mike Conley,Mike,1610612750,MIN,Minnesota Timberwolves,0022400193,2024-11-08T00:00:00,MIN vs. POR,W,18.3,2.0,13.8,0.143,0.0,7.9,0.0,0.0,0.0,0.0,0.0,2.0,2.0,3.9,0.0,2.0,0.0,0.0,3.9,3.9,3.9,19.7,18.1,0,0,13.8,1,1,13086,1,17361,21457,10543,22260,15070,6674,15070,13505,14344,13505,14058,19762,21863,10118,16469,6400,8263,8846,7330,6474,22575,4046,22052,2246,150,23484,1,18:18
2024-25,1630553,Keon Johnson,Keon,1610612751,BKN,Brooklyn Nets,0022400187,2024-11-08T00:00:00,BKN @ BOS,L,15.66,2.3,13.8,0.167,0.0,6.9,0.0,2.3,2.3,1.0,2.3,2.3,4.6,2.3,2.3,0.0,0.0,0.0,4.6,2.3,6.9,-4.6,13.6,0,0,13.8,1,13222,1,13222,19162,20852,10500,21938,15070,8677,15070,9626,11782,1,7249,18765,15815,15235,9077,12854,8263,8846,5547,11748,20795,15366,23616,2246,150,23478,1,15:40
2024-25,1630527,Brandon Boston,Brandon,1610612740,NOP,New Orleans Pelicans,0022400186,2024-11-08T00:00:00,NOP @ ORL,L,38.21666666666667,9.4,16.0,0.588,1.9,3.8,0.5,3.8,3.8,1.0,0.0,5.7,5.7,2.8,0.0,1.9,0.0,1.9,0.0,3.8,24.5,-17.9,41.2,0,0,38.6,1,13222,1,13222,1260,3994,7094,6229,10704,16066,3944,6151,8328,1,14058,9164,13150,13506,16469,6839,8263,3618,20257,6941,4495,20905,7073,2246,150,7629,1,38:13
2024-25,1642261,Dalton Knecht,Dalton,1610612747,LAL,Los Angeles Lakers,0022400195,2024-11-08T00:00:00,LAL vs. PHI,W,16.166666666666668,2.2,17.8,0.125,0.0,11.1,0.0,0.0,0.0,0.0,0.0,8.9,8.9,0.0,0.0,0.0,0.0,2.2,0.0,0.0,4.5,37.9,15.1,0,0,13.4,1,1,13086,1,18815,20989,4899,22420,15070,2383,15070,13505,14344,13505,14058,3600,6875,19908,16469,12854,8263,2588,20257,17725,22317,1130,23132,2246,150,23595,1,16:10
2024-25,1629640,Keldon Johnson,Keldon,1610612759,SAS,San Antonio Spurs,0022400183,2024-11-07T00:00:00,SAS vs. POR,W,30.536666666666665,7.1,15.3,0.462,2.4,5.9,0.4,3.5,4.7,0.75,2.4,10.6,13.0,3.5,0.0,0.0,0.0,2.4,4.7,2.4,20.0,20.0,40.9,1,0,38.9,1,1,13086,1,7290,8758,8069,12428,8637,10954,7874,6628,6455,8186,7062,2148,2824,11284,16469,12854,8263,2318,5248,11508,7893,3938,7219,1,150,7451,1,30:32
2024-25,1631103,Malaki Branham,Malaki,1610612759,SAS,San Antonio Spurs,0022400183,2024-11-07T00:00:00,SAS vs. POR,W,22.2,9.7,13.0,0.75,4.9,8.1,0.6,3.2,3.2,1.0,0.0,1.6,1.6,4.9,3.2,0.0,0.0,0.0,1.6,1.6,27.6,19.5,33.6,0,0,38.9,1,1,13086,1,14344,3561,11909,2107,2464,6266,2992,7221,9430,1,14058,20629,22410,7765,5686,12854,8263,8846,16804,14554,2948,4121,12143,2246,150,7432,1,22:12
2024-25,1641748,Andre Jackson Jr.,Andre,1610612749,MIL,Milwaukee Bucks,0022400182,2024-11-07T00:00:00,MIL vs. UTA,W,28.316666666666666,3.8,5.1,0.75,1.3,1.3,1.0,0.0,0.0,0.0,0.0,3.8,3.8,5.1,0.0,5.1,0.0,0.0,5.1,1.3,8.9,24.2,36.4,0,0,29.2,1,1,13086,1,9285,17529,23401,2107,12977,20532,1,13505,14344,13505,14058,14279,17789,7277,16469,849,8263,8846,4413,16024,19178,2995,10109,2246,150,14520,1,28:19
2024-25,1631260,AJ Green,AJ,1610612749,MIL,Milwaukee Bucks,0022400182,2024-11-07T00:00:00,MIL vs. UTA,W,18.416666666666668,7.8,11.7,0.667,7.8,11.7,0.667,0.0,0.0,0.0,0.0,0.0,0.0,3.9,2.0,2.0,0.0,0.0,0.0,0.0,23.5,25.4,33.2,0,0,39.1,1,1,13086,1,17266,7029,14061,3281,509,1940,1957,13505,14344,13505,14058,22137,23286,10200,10755,6478,8263,8846,20257,17725,5163,2724,12405,2246,150,7323,1,18:25
2024-25,1629638,Nickeil Alexander-Walker,Nickeil,1610612750,MIN,Minnesota Timberwolves,0022400181,2024-11-07T00:00:00,MIN @ CHI,W,22.083333333333332,3.3,8.2,0.4,1.6,4.9,0.333,0.0,0.0,0.0,0.0,1.6,1.6,0.0,1.6,1.6,0.0,0.0,1.6,0.0,8.2,-3.3,13.4,0,0,14.7,1,1,13086,1,14427,18858,20013,14933,11596,13461,9209,13505,14344,13505,14058,20606,22398,19908,12216,7886,8263,8846,16779,17725,19787,14702,23672,2246,150,23190,1,22:05
2024-25,1628374,Lauri Markkanen,Lauri,1610612762,UTA,Utah Jazz,0022400182,2024-11-07T00:00:00,UTA @ MIL,L,28.516666666666666,3.8,12.6,0.3,2.5,7.6,0.333,0.0,0.0,0.0,2.5,6.3,8.8,5.0,2.5,2.5,0.0,1.3,1.3,3.8,10.1,-11.4,33.3,0,0,31.6,1,13222,1,13222,9103,17604,12522,19363,8061,7227,9209,13505,14344,13505,6538,7673,6962,7354,8139,4318,8263,5856,18208,6880,18049,18460,12325,2246,150,12727,1,28:31
2024-25,1631117,Walker Kessler,Walker,1610612762,UTA,Utah Jazz,0022400182,2024-11-07T00:00:00,UTA @ MIL,L,24.85,4.3,4.3,1.0,0.0,0.0,0.0,0.0,0.0,0.0,4.3,7.2,11.6,0.0,2.9,0.0,4.3,0.0,4.3,0.0,8.7,-24.6,32.7,0,0,29.0,1,13222,1,13222,12131,16212,23888,1,15070,20945,15070,13505,14344,13505,3107,5922,3859,19908,6855,12854,737,8846,6151,17725,19352,22728,12768,2246,150,14727,1,24:51
2024-25,203084,Harrison Barnes,Harrison,1610612759,SAS,San Antonio Spurs,0022400183,2024-11-07T00:00:00,SAS vs. POR,W,23.933333333333334,6.0,13.5,0.444,1.5,6.0,0.25,3.0,6.0,0.5,6.0,4.5,10.5,3.0,3.0,0.0,0.0,0.0,1.5,4.5,16.5,3.0,30.7,0,0,31.6,1,1,13086,1,12962,11458,10945,13045,12011,10653,11902,7778,4447,10625,1608,12234,4886,12895,6440,12854,8263,8846,17196,5113,11341,11110,14282,2246,150,12712,1,23:56
2024-25,1630245,Ayo Dosunmu,Ayo,1610612741,CHI,Chicago Bulls,0022400181,2024-11-07T00:00:00,CHI vs. MIN,L,33.06666666666667,5.4,12.0,0.455,1.1,3.3,0.333,2.2,2.2,1.0,2.2,1.1,3.3,2.2,1.1,1.1,0.0,1.1,4.4,2.2,14.2,-21.8,23.5,0,0,22.9,1,13222,1,13222,5096,13148,13635,12676,14012,17146,9209,10035,12159,1,7662,21778,19072,15701,15205,11114,8263,7155,6126,12253,13784,22019,19250,2246,150,19096,1,33:04
2024-25,1631104,Blake Wesley,Blake,1610612759,SAS,San Antonio Spurs,0022400183,2024-11-07T00:00:00,SAS vs. POR,W,21.23,6.8,6.8,1.0,0.0,0.0,0.0,3.4,3.4,1.0,0.0,1.7,1.7,13.6,3.4,3.4,0.0,0.0,3.4,1.7,17.0,0.0,46.1,0,0,39.0,1,1,13086,1,15138,9466,21800,1,15070,20945,15070,6919,9115,1,14058,20469,22305,440,5248,2401,8263,8846,9108,14283,10896,12240,4689,2246,150,7376,1,21:14
2024-25,203944,Julius Randle,Julius,1610612750,MIN,Minnesota Timberwolves,0022400181,2024-11-07T00:00:00,MIN @ CHI,W,35.35,8.1,15.3,0.533,1.0,4.1,0.25,5.1,5.1,1.0,2.0,8.1,10.2,3.1,4.1,1.0,0.0,0.0,1.0,4.1,22.4,21.4,38.2,1,0,38.7,1,1,13086,1,3191,6317,8141,8140,14430,15415,11902,3901,5772,1,8220,4493,5244,12747,3735,11775,8263,8846,19585,6115,5916,3604,8897,1,150,7591,1,35:21
2024-25,201988,Patty Mills,Patty,1610612762,UTA,Utah Jazz,0022400182,2024-11-07T00:00:00,UTA @ MIL,L,16.05,4.5,11.2,0.4,2.2,6.7,0.333,0.0,0.0,0.0,0.0,2.2,2.2,4.5,2.2,4.5,0.0,0.0,4.5,2.2,11.2,9.0,31.9,0,0,29.2,1,13222,1,13222,18894,15826,15002,14933,9077,9059,9209,13505,14344,13505,14058,18942,21331,8691,9337,1240,8263,8846,5810,11970,16986,8191,13438,2246,150,14579,1,16:03
2024-25,203903,Jordan Clarkson,Jordan,1610612762,UTA,Utah Jazz,0022400182,2024-11-07T00:00:00,UTA @ MIL,L,20.766666666666666,8.7,19.1,0.455,6.9,15.6,0.444,6.9,6.9,1.0,0.0,6.9,6.9,3.5,6.9,0.0,0.0,0.0,0.0,3.5,31.2,-15.6,37.8,0,0,48.5,1,13222,1,13222,15447,5311,3697,12676,785,585,7211,2050,3436,1,14058,6479,10270,11498,916,12854,8263,8846,20257,7751,1731,20123,9166,2246,150,2973,1,20:46
2024-25,101108,Chris Paul,Chris,1610612759,SAS,San Antonio Spurs,0022400183,2024-11-07T00:00:00,SAS vs. POR,W,27.486666666666668,2.6,7.9,0.333,1.3,5.2,0.25,1.3,1.3,1.0,0.0,2.6,2.6,7.9,1.3,2.6,0.0,0.0,1.3,0.0,7.9,-1.3,29.3,0,0,24.9,1,1,13086,1,9954,20246,20465,17395,12824,12618,11902,12279,13715,1,14058,17900,20606,3038,13764,4097,8263,8846,17997,17725,20035,13721,15255,2246,150,17766,1,27:29
2024-25,1630183,Jaden McDaniels,Jaden,1610612750,MIN,Minnesota Timberwolves,0022400181,2024-11-07T00:00:00,MIN @ CHI,W,33.083333333333336,6.5,7.6,0.857,3.3,3.3,1.0,4.4,4.4,1.0,0.0,2.2,2.2,0.0,1.1,0.0,1.1,0.0,1.1,3.3,20.7,13.1,25.5,0,0,28.3,1,1,13086,1,5083,10116,20765,1412,5769,17149,1,5063,7107,1,14058,19143,21466,19908,15211,12854,6874,8846,19164,8368,7336,6372,17957,2246,150,15214,1,33:05
2024-25,1641824,Matas Buzelis,Matas,1610612741,CHI,Chicago Bulls,0022400181,2024-11-07T00:00:00,CHI vs. MIN,L,16.833333333333332,2.1,6.4,0.333,0.0,4.3,0.0,0.0,0.0,0.0,2.1,4.3,6.4,0.0,4.3,4.3,4.3,0.0,2.1,0.0,4.3,4.3,33.4,0,0,27.8,1,13222,1,13222,18364,21164,22183,17395,15070,14967,15070,13505,14344,13505,7805,12871,11350,19908,3364,1390,766,8846,14413,17725,22419,10495,12286,2246,150,15581,1,16:50
2024-25,1631101,Shaedon Sharpe,Shaedon,1610612757,POR,Portland Trail Blazers,0022400183,2024-11-07T00:00:00,POR @ SAS,L,20.183333333333334,10.7,16.1,0.667,1.8,7.1,0.25,0.0,0.0,0.0,1.8,1.8,3.6,1.8,1.8,0.0,1.8,0.0,3.6,0.0,23.2,-7.1,33.7,0,0,33.9,1,13222,1,13222,15876,2503,7045,3281,11135,8177,11902,13505,14344,13505,9304,20289,18406,17138,11622,12854,4094,8846,8536,17725,5361,16574,12037,2246,150,10929,1,20:11
2024-25,1629012,Collin Sexton,Collin,1610612762,UTA,Utah Jazz,0022400182,2024-11-07T00:00:00,UTA @ MIL,L,27.233333333333334,6.6,15.9,0.417,2.6,5.3,0.5,2.6,2.6,1.0,0.0,2.6,2.6,9.3,4.0,0.0,0.0,1.3,4.0,2.6,18.5,-29.1,31.6,0,0,33.0,1,13222,1,13222,10157,9902,7324,14532,7699,12498,3944,8705,10876,1,14058,17837,20555,1838,3941,12854,8263,5537,7234,10495,9316,23598,13616,2246,150,11623,1,27:14
2024-25,203924,Jerami Grant,Jerami,1610612757,POR,Portland Trail Blazers,0022400183,2024-11-07T00:00:00,POR @ SAS,L,36.93333333333333,5.8,9.7,0.6,1.0,3.9,0.25,7.8,10.7,0.727,0.0,2.9,2.9,1.0,1.9,0.0,0.0,0.0,2.9,4.9,20.5,-15.6,23.5,0,0,25.3,1,13222,1,13222,2028,11959,17477,5394,14683,15790,11902,1509,1104,9223,14058,16995,19927,19751,10782,12854,8263,8846,11068,4345,7530,20119,19267,2246,150,17398,1,36:56
2024-25,1641871,Duop Reath,Duop,1610612757,POR,Portland Trail Blazers,0022400183,2024-11-07T00:00:00,POR @ SAS,L,1.3,0.0,0.0,0.0,0.0,0.0,0.0,0.0,0.0,0.0,0.0,0.0,0.0,0.0,0.0,0.0,0.0,0.0,0.0,0.0,0.0,27.7,0.0,0,0,0.0,1,13222,1,13222,25917,22635,24836,22635,15070,20945,15070,13505,14344,13505,14058,22137,23286,19908,16469,12854,8263,8846,20257,17725,23200,2311,25228,2246,150,25259,1,1:18
2024-25,1630568,Luka Garza,Luka,1610612750,MIN,Minnesota Timberwolves,0022400181,2024-11-07T00:00:00,MIN @ CHI,W,1.8,0.0,40.0,0.0,0.0,0.0,0.0,0.0,0.0,0.0,20.0,0.0,20.0,0.0,0.0,0.0,0.0,20.0,0.0,0.0,0.0,-20.0,24.0,0,0,20.0,1,1,13086,1,25607,22635,74,22635,15070,20945,15070,13505,14344,13505,54,22137,528,19908,16469,12854,8263,16,20257,17725,23200,21550,18937,2246,150,20849,1,1:48
2024-25,1628975,Jevon Carter,Jevon,1610612741,CHI,Chicago Bulls,0022400181,2024-11-07T00:00:00,CHI vs. MIN,L,1.8,0.0,0.0,0.0,0.0,0.0,0.0,0.0,0.0,0.0,0.0,0.0,0.0,20.0,0.0,0.0,0.0,0.0,0.0,0.0,0.0,20.0,30.0,0,0,20.0,1,13222,1,13222,25607,22635,24836,22635,15070,20945,15070,13505,14344,13505,14058,22137,23286,84,16469,12854,8263,8846,20257,17725,23200,3947,14793,2246,150,20849,1,1:48
2024-25,1630537,Chris Duarte,Chris,1610612741,CHI,Chicago Bulls,0022400181,2024-11-07T00:00:00,CHI vs. MIN,L,1.8,0.0,20.0,0.0,0.0,20.0,0.0,0.0,0.0,0.0,0.0,0.0,0.0,0.0,0.0,0.0,0.0,0.0,0.0,0.0,0.0,20.0,0.0,0,0,0.0,1,13222,1,13222,25607,22635,2966,22635,15070,232,15070,13505,14344,13505,14058,22137,23286,19908,16469,12854,8263,8846,20257,17725,23200,3947,25228,2246,150,25259,1,1:48
2024-25,1642265,Rob Dillingham,Rob,1610612750,MIN,Minnesota Timberwolves,0022400181,2024-11-07T00:00:00,MIN @ CHI,W,1.8,0.0,0.0,0.0,0.0,0.0,0.0,0.0,0.0,0.0,0.0,0.0,0.0,20.0,0.0,0.0,0.0,0.0,0.0,0.0,0.0,-20.0,30.0,0,0,20.0,1,1,13086,1,25607,22635,24836,22635,15070,20945,15070,13505,14344,13505,14058,22137,23286,84,16469,12854,8263,8846,20257,17725,23200,21550,14793,2246,150,20849,1,1:48
2024-25,1629646,Charles Bassey,Charles,1610612759,SAS,San Antonio Spurs,0022400183,2024-11-07T00:00:00,SAS vs. POR,W,0.48,0.0,0.0,0.0,0.0,0.0,0.0,0.0,0.0,0.0,0.0,0.0,0.0,0.0,0.0,0.0,0.0,0.0,0.0,0.0,0.0,0.0,0.0,0,0,0.0,1,1,13086,1,26209,22635,24836,22635,15070,20945,15070,13505,14344,13505,14058,22137,23286,19908,16469,12854,8263,8846,20257,17725,23200,12240,25228,2246,150,25259,1,0:29
2024-25,1641712,Rayan Rupert,Rayan,1610612757,POR,Portland Trail Blazers,0022400183,2024-11-07T00:00:00,POR @ SAS,L,7.65,0.0,4.7,0.0,0.0,4.7,0.0,0.0,0.0,0.0,0.0,0.0,0.0,0.0,0.0,0.0,0.0,0.0,0.0,0.0,0.0,-18.8,0.0,0,0,0.0,1,13222,1,13222,22936,22635,23677,22635,15070,13937,15070,13505,14344,13505,14058,22137,23286,19908,16469,12854,8263,8846,20257,17725,23200,21189,25228,2246,150,25259,1,7:39
2024-25,1641857,Liam Robbins,Liam,1610612749,MIL,Milwaukee Bucks,0022400182,2024-11-07T00:00:00,MIL vs. UTA,W,3.4166666666666665,0.0,0.0,0.0,0.0,0.0,0.0,10.5,21.1,0.5,0.0,0.0,0.0,0.0,0.0,0.0,0.0,0.0,21.1,21.1,10.5,-10.5,10.5,0,0,10.5,1,1,13086,1,24757,22635,24836,22635,15070,20945,15070,556,121,10625,14058,22137,23286,19908,16469,12854,8263,8846,108,37,17622,18124,24331,2246,150,24327,1,3:25
2024-25,1641763,Julian Phillips,Julian,1610612741,CHI,Chicago Bulls,0022400181,2024-11-07T00:00:00,CHI vs. MIN,L,10.566666666666666,6.8,6.8,1.0,3.4,3.4,1.0,3.4,6.8,0.5,0.0,3.4,3.4,0.0,0.0,3.4,0.0,0.0,6.8,3.4,20.4,-30.7,34.8,0,0,34.1,1,13222,1,13222,21884,9387,21771,1,5363,16854,1,6886,3555,10625,14058,15501,18768,19908,16469,2367,8263,8846,2129,7931,7554,23844,11246,2246,150,10794,1,10:34
2024-25,1629014,Anfernee Simons,Anfernee,1610612757,POR,Portland Trail Blazers,0022400183,2024-11-07T00:00:00,POR @ SAS,L,32.75,7.7,17.6,0.438,3.3,9.9,0.333,2.2,2.2,1.0,0.0,0.0,0.0,7.7,3.3,1.1,0.0,0.0,2.2,2.2,20.9,-15.4,32.4,0,0,34.1,1,13222,1,13222,5365,7283,5146,13558,5668,3615,9209,9950,12096,1,14058,22137,23286,3190,5514,11025,8263,8846,14102,12168,7176,20051,12996,2246,150,10791,1,32:45
2024-25,203497,Rudy Gobert,Rudy,1610612750,MIN,Minnesota Timberwolves,0022400181,2024-11-07T00:00:00,MIN @ CHI,W,31.783333333333335,10.2,12.5,0.818,0.0,0.0,0.0,3.4,3.4,1.0,3.4,6.8,10.2,3.4,2.3,0.0,1.1,1.1,4.5,4.5,23.8,26.1,42.2,0,0,39.6,1,1,13086,1,6172,3022,12802,1653,15070,20945,15070,6900,9094,1,4544,6713,5237,11694,9232,12854,6586,6766,5707,5069,4944,2608,6501,2246,150,6985,1,31:47
2024-25,1628408,PJ Dozier,PJ,1610612750,MIN,Minnesota Timberwolves,0022400181,2024-11-07T00:00:00,MIN @ CHI,W,1.8,0.0,0.0,0.0,0.0,0.0,0.0,0.0,0.0,0.0,0.0,0.0,0.0,0.0,0.0,0.0,0.0,0.0,0.0,0.0,0.0,-20.0,0.0,0,0,0.0,1,1,13086,1,25607,22635,24836,22635,15070,20945,15070,13505,14344,13505,14058,22137,23286,19908,16469,12854,8263,8846,20257,17725,23200,21550,25228,2246,150,25259,1,1:48
2024-25,1642271,Kyle Filipowski,Kyle,1610612762,UTA,Utah Jazz,0022400182,2024-11-07T00:00:00,UTA @ MIL,L,4.216666666666667,0.0,8.5,0.0,0.0,8.5,0.0,0.0,0.0,0.0,0.0,0.0,0.0,0.0,0.0,0.0,0.0,0.0,0.0,8.5,0.0,-17.1,0.0,0,0,0.0,1,13222,1,13222,24368,22635,19432,22635,15070,5516,15070,13505,14344,13505,14058,22137,23286,19908,16469,12854,8263,8846,20257,808,23200,20655,25228,2246,150,25259,1,4:13
2024-25,1631200,Kris Murray,Kris,1610612757,POR,Portland Trail Blazers,0022400183,2024-11-07T00:00:00,POR @ SAS,L,1.3,0.0,0.0,0.0,0.0,0.0,0.0,0.0,0.0,0.0,0.0,0.0,0.0,0.0,0.0,0.0,0.0,0.0,0.0,0.0,0.0,27.7,0.0,0,0,0.0,1,13222,1,13222,25917,22635,24836,22635,15070,20945,15070,13505,14344,13505,14058,22137,23286,19908,16469,12854,8263,8846,20257,17725,23200,2311,25228,2246,150,25259,1,1:18
2024-25,1630625,Dalano Banton,Dalano,1610612757,POR,Portland Trail Blazers,0022400183,2024-11-07T00:00:00,POR @ SAS,L,16.333333333333332,2.2,17.6,0.125,0.0,4.4,0.0,4.4,8.8,0.5,2.2,4.4,6.6,6.6,0.0,2.2,0.0,4.4,0.0,4.4,8.8,13.2,33.3,0,0,26.4,1,13222,1,13222,18704,21027,5095,22420,15070,14656,15070,4974,1968,10625,7572,12502,10918,4560,16469,5376,8263,512,20257,5322,19253,6298,12367,2246,150,16577,1,16:20
2024-25,1642264,Stephon Castle,Stephon,1610612759,SAS,San Antonio Spurs,0022400183,2024-11-07T00:00:00,SAS vs. POR,W,25.383333333333333,8.5,15.6,0.545,0.0,4.3,0.0,2.8,2.8,1.0,1.4,2.8,4.3,8.5,0.0,0.0,0.0,0.0,1.4,2.8,19.9,17.0,37.7,0,0,32.6,1,1,13086,1,11666,5597,7694,7695,15070,15003,15070,8248,10399,1,10675,17280,16666,2415,16469,12854,8263,8846,17546,9833,8026,4899,9205,2246,150,11926,1,25:23
2024-25,1630166,Deni Avdija,Deni,1610612757,POR,Portland Trail Blazers,0022400183,2024-11-07T00:00:00,POR @ SAS,L,24.8,4.4,7.3,0.6,1.5,4.4,0.333,2.9,7.3,0.4,2.9,7.3,10.2,7.3,1.5,0.0,0.0,0.0,0.0,5.8,13.1,-5.8,34.7,0,0,31.9,1,13222,1,13222,12175,16185,21263,5394,12246,14780,9209,8086,3125,13061,5579,5892,5267,3676,13005,12854,8263,8846,20257,2889,15023,15972,11295,2246,150,12432,1,24:48
2024-25,1630548,Johnny Juzang,Johnny,1610612762,UTA,Utah Jazz,0022400182,2024-11-07T00:00:00,UTA @ MIL,L,16.4,8.8,13.2,0.667,6.6,8.8,0.75,2.2,2.2,1.0,0.0,2.2,2.2,2.2,0.0,2.2,2.2,0.0,6.6,2.2,26.3,-8.8,45.4,0,0,46.1,1,13222,1,13222,18654,5116,11530,3281,953,5139,1542,9965,12104,1,14058,19078,21421,15643,16469,5410,2958,8846,2328,12177,3507,17319,4977,2246,150,3782,1,16:24
2024-25,1629234,Drew Eubanks,Drew,1610612762,UTA,Utah Jazz,0022400182,2024-11-07T00:00:00,UTA @ MIL,L,18.166666666666668,2.0,5.9,0.333,0.0,2.0,0.0,4.0,4.0,1.0,5.9,7.9,13.9,4.0,2.0,0.0,0.0,0.0,4.0,5.9,7.9,-2.0,28.5,0,0,25.8,1,13222,1,13222,17460,21440,22662,17395,15070,19590,15070,5761,7913,1,1651,4811,2295,10032,10603,12854,8263,8846,7239,2693,19977,14033,15849,2246,150,17097,1,18:10
2024-25,1630699,MarJon Beauchamp,MarJon,1610612749,MIL,Milwaukee Bucks,0022400182,2024-11-07T00:00:00,MIL vs. UTA,W,3.216666666666667,11.2,22.4,0.5,0.0,11.2,0.0,0.0,0.0,0.0,0.0,22.4,22.4,0.0,11.2,0.0,0.0,0.0,0.0,0.0,22.4,-11.2,38.1,0,0,44.8,1,1,13086,1,24884,2102,1640,8526,15070,2341,15070,13505,14344,13505,14058,118,314,19908,244,12854,8263,8846,20257,17725,5937,18400,8995,2246,150,4361,1,3:13
2024-25,1626171,Bobby Portis,Bobby,1610612749,MIL,Milwaukee Bucks,0022400182,2024-11-07T00:00:00,MIL vs. UTA,W,26.6,9.5,20.3,0.467,4.1,8.1,0.5,2.7,4.1,0.667,4.1,4.1,8.1,0.0,0.0,0.0,0.0,1.4,4.1,4.1,25.7,2.7,35.5,0,0,37.9,1,1,13086,1,10642,3917,2763,12249,3867,6239,3944,8567,7713,9425,3510,13543,8052,19908,16469,12854,8263,5387,6972,6142,3823,11257,10761,2246,150,8092,1,26:36
2024-25,1629632,Coby White,Coby,1610612741,CHI,Chicago Bulls,0022400181,2024-11-07T00:00:00,CHI vs. MIN,L,33.983333333333334,9.5,15.9,0.6,4.2,9.5,0.444,2.1,2.1,1.0,0.0,0.0,0.0,8.5,3.2,0.0,0.0,0.0,4.2,1.1,25.4,-8.5,35.0,0,0,38.1,1,13222,1,13222,4278,3835,7285,5394,3507,4062,7211,10232,12356,1,14058,22137,23286,2442,5881,12854,8263,8846,6453,17120,3979,17171,11083,2246,150,7936,1,33:59
2024-25,1641739,Toumani Camara,Toumani,1610612757,POR,Portland Trail Blazers,0022400183,2024-11-07T00:00:00,POR @ SAS,L,34.53333333333333,2.1,7.3,0.286,0.0,3.1,0.0,0.0,0.0,0.0,3.1,6.3,9.4,1.0,2.1,1.0,0.0,2.1,3.1,0.0,4.2,-10.4,18.0,0,0,16.7,1,13222,1,13222,3822,21255,21207,19630,15070,17407,15070,13505,14344,13505,5082,7778,6214,19551,10072,11564,8263,2962,10178,17725,22477,18074,22080,2246,150,22433,1,34:32
2024-25,1630649,Stanley Umude,Stanley,1610612749,MIL,Milwaukee Bucks,0022400182,2024-11-07T00:00:00,MIL vs. UTA,W,3.216666666666667,11.2,11.2,1.0,11.2,11.2,1.0,0.0,0.0,0.0,0.0,0.0,0.0,0.0,0.0,0.0,0.0,0.0,0.0,0.0,33.6,-11.2,33.6,0,0,44.8,1,1,13086,1,24884,2102,15036,1,151,2341,1,13505,14344,13505,14058,22137,23286,19908,16469,12854,8263,8846,20257,17725,1202,18400,12132,2246,150,4361,1,3:13
2024-25,201572,Brook Lopez,Brook,1610612749,MIL,Milwaukee Bucks,0022400182,2024-11-07T00:00:00,MIL vs. UTA,W,32.35166666666667,0.0,2.2,0.0,0.0,2.2,0.0,1.1,2.2,0.5,1.1,4.5,5.6,2.2,2.2,2.2,1.1,0.0,2.2,1.1,1.1,21.1,18.9,0,0,15.6,1,1,13086,1,5690,22635,24715,22635,15070,19125,15070,12883,12007,10625,12374,12401,13381,15530,9403,5293,6709,8846,13982,16853,23197,3663,21689,2246,150,22856,1,32:21
2024-25,1629675,Naz Reid,Naz,1610612750,MIN,Minnesota Timberwolves,0022400181,2024-11-07T00:00:00,MIN @ CHI,W,17.683333333333334,4.1,14.3,0.286,0.0,6.1,0.0,0.0,0.0,0.0,2.0,2.0,4.1,2.0,0.0,2.0,0.0,0.0,4.1,0.0,8.1,-20.4,22.2,0,0,18.3,1,1,13086,1,17794,16923,9764,19630,15070,10422,15070,13505,14344,13505,8223,19547,17136,16239,16469,6080,8263,8846,6936,17725,19797,21652,20032,2246,150,21701,1,17:41
2024-25,1642268,Isaiah Collier,Isaiah,1610612762,UTA,Utah Jazz,0022400182,2024-11-07T00:00:00,UTA @ MIL,L,4.216666666666667,0.0,8.5,0.0,0.0,0.0,0.0,0.0,0.0,0.0,0.0,0.0,0.0,8.5,8.5,0.0,0.0,0.0,0.0,0.0,0.0,-17.1,4.3,0,0,8.5,1,13222,1,13222,24368,22635,19432,22635,15070,20945,15070,13505,14344,13505,14058,22137,23286,2387,494,12854,8263,8846,20257,17725,23200,20655,25066,2246,150,24674,1,4:13
2024-25,1641890,Tyler Smith,Tyler,1610612749,MIL,Milwaukee Bucks,0022400182,2024-11-07T00:00:00,MIL vs. UTA,W,3.4166666666666665,0.0,10.5,0.0,0.0,10.5,0.0,0.0,0.0,0.0,0.0,0.0,0.0,0.0,0.0,0.0,0.0,0.0,0.0,0.0,0.0,-10.5,0.0,0,0,0.0,1,1,13086,1,24757,22635,16151,22635,15070,2941,15070,13505,14344,13505,14058,22137,23286,19908,16469,12854,8263,8846,20257,17725,23200,18124,25228,2246,150,25259,1,3:25
2024-25,1626192,Pat Connaughton,Pat,1610612749,MIL,Milwaukee Bucks,0022400182,2024-11-07T00:00:00,MIL vs. UTA,W,16.783333333333335,0.0,4.3,0.0,0.0,4.3,0.0,6.4,8.6,0.75,0.0,0.0,0.0,2.1,2.1,0.0,0.0,2.1,0.0,4.3,6.4,2.1,7.5,0,0,8.6,1,1,13086,1,18397,22635,23934,22635,15070,14939,15070,2466,2142,8186,14058,22137,23286,15840,9750,12854,8263,2782,20257,5616,21101,11543,24756,2246,150,24665,1,16:47
2024-25,1642262,Cody Williams,Cody,1610612762,UTA,Utah Jazz,0022400182,2024-11-07T00:00:00,UTA @ MIL,L,25.383333333333333,2.8,7.1,0.4,2.8,5.7,0.5,0.0,0.0,0.0,0.0,2.8,2.8,1.4,1.4,0.0,1.4,0.0,1.4,2.8,8.5,-31.2,16.9,0,0,18.4,1,13222,1,13222,11666,19797,21449,14933,7093,11518,3944,13505,14344,13505,14058,17280,20157,18278,13182,12854,5158,8846,17546,9833,19505,23919,22535,2246,150,21655,1,25:23
2024-25,1631169,Josh Minott,Josh,1610612750,MIN,Minnesota Timberwolves,0022400181,2024-11-07T00:00:00,MIN @ CHI,W,4.566666666666666,0.0,0.0,0.0,0.0,0.0,0.0,0.0,0.0,0.0,0.0,7.9,7.9,0.0,7.9,0.0,0.0,0.0,7.9,0.0,0.0,-7.9,1.6,0,0,7.9,1,1,13086,1,24188,22635,24836,22635,15070,20945,15070,13505,14344,13505,14058,4883,8489,19908,613,12854,8263,8846,1412,17725,23200,16917,25183,2246,150,24777,1,4:34
2024-25,1630172,Patrick Williams,Patrick,1610612741,CHI,Chicago Bulls,0022400181,2024-11-07T00:00:00,CHI vs. MIN,L,31.25,4.6,10.4,0.444,2.3,4.6,0.5,2.3,2.3,1.0,0.0,0.0,0.0,1.2,2.3,3.5,0.0,1.2,2.3,2.3,13.8,-13.8,23.6,0,0,24.2,1,13222,1,13222,6660,15471,16434,13045,8832,14177,3944,9603,11761,1,14058,22137,23286,19176,9047,2301,8263,6617,13628,11727,14126,19431,19191,2246,150,18218,1,31:15
2024-25,1629018,Gary Trent Jr.,Gary,1610612749,MIL,Milwaukee Bucks,0022400182,2024-11-07T00:00:00,MIL vs. UTA,W,7.866666666666666,4.6,9.2,0.5,0.0,0.0,0.0,0.0,0.0,0.0,0.0,0.0,0.0,0.0,4.6,0.0,0.0,0.0,9.2,0.0,9.2,-64.1,4.6,0,0,9.2,1,1,13086,1,22856,15554,18474,8526,15070,20945,15070,13505,14344,13505,14058,22137,23286,19908,2885,12854,8263,8846,911,17725,18942,25768,25039,2246,150,24577,1,7:52
2024-25,202696,Nikola Vučević,Nikola,1610612741,CHI,Chicago Bulls,0022400181,2024-11-07T00:00:00,CHI vs. MIN,L,30.433333333333334,13.0,17.7,0.733,3.5,5.9,0.6,0.0,2.4,0.0,2.4,3.5,5.9,2.4,2.4,0.0,1.2,0.0,4.7,7.1,29.6,-20.1,41.4,0,0,43.8,1,13222,1,13222,7377,1029,4960,2644,5036,10904,2992,13505,11582,13505,7029,15088,12489,14996,8788,12854,6287,8846,5207,1583,2249,21577,6929,2246,150,4794,1,30:26
2024-25,203081,Damian Lillard,Damian,1610612749,MIL,Milwaukee Bucks,0022400182,2024-11-07T00:00:00,MIL vs. UTA,W,37.03333333333333,11.7,21.4,0.545,3.9,10.7,0.364,5.8,6.8,0.857,0.0,3.9,3.9,6.8,0.0,3.9,0.0,0.0,1.9,2.9,33.1,26.2,59.6,0,0,55.4,1,1,13086,1,1966,1744,2096,7695,4222,2777,9100,3048,3562,7071,14058,14063,17598,4284,16469,1750,8263,8846,15438,9541,1308,2571,1240,2246,150,1393,1,37:02
2024-25,1630188,Jalen Smith,Jalen,1610612741,CHI,Chicago Bulls,0022400181,2024-11-07T00:00:00,CHI vs. MIN,L,15.766666666666667,9.1,16.0,0.571,2.3,9.1,0.25,0.0,0.0,0.0,4.6,9.1,13.7,0.0,2.3,2.3,0.0,0.0,2.3,4.6,20.5,0.0,41.6,0,0,41.1,1,13222,1,13222,19092,4474,7136,6538,8909,4623,11902,13505,14344,13505,2846,3373,2383,19908,9148,5097,8263,8846,13709,5007,7447,12240,6856,2246,150,6138,1,15:46
2024-25,1631133,Jabari Walker,Jabari,1610612757,POR,Portland Trail Blazers,0022400183,2024-11-07T00:00:00,POR @ SAS,L,1.3,27.7,27.7,1.0,27.7,27.7,1.0,0.0,0.0,0.0,0.0,0.0,0.0,0.0,0.0,0.0,0.0,0.0,0.0,0.0,83.1,27.7,83.1,0,0,110.8,1,13222,1,13222,25917,41,424,1,9,88,1,13505,14344,13505,14058,22137,23286,19908,16469,12854,8263,8846,20257,17725,25,2311,155,2246,150,40,1,1:18
2024-25,1628380,Zach Collins,Zach,1610612759,SAS,San Antonio Spurs,0022400183,2024-11-07T00:00:00,SAS vs. POR,W,15.166666666666666,14.2,16.6,0.857,4.7,7.1,0.667,0.0,0.0,0.0,2.4,2.4,4.7,7.1,2.4,0.0,0.0,0.0,9.5,2.4,33.2,47.5,47.2,0,0,49.8,1,1,13086,1,19456,635,6279,1412,2646,8213,1957,13505,14344,13505,7009,18565,15448,3860,8756,12854,8263,8846,811,11452,1276,623,4233,2246,150,2579,1,15:10
2024-25,1631157,Ryan Rollins,Ryan,1610612749,MIL,Milwaukee Bucks,0022400182,2024-11-07T00:00:00,MIL vs. UTA,W,4.383333333333334,8.2,8.2,1.0,0.0,0.0,0.0,0.0,0.0,0.0,0.0,8.2,8.2,8.2,0.0,8.2,0.0,0.0,8.2,0.0,16.4,16.4,63.2,0,0,49.3,1,1,13086,1,24293,6174,19923,1,15070,20945,15070,13505,14344,13505,14058,4404,7916,2683,16469,193,8263,8846,1263,17725,11475,5101,859,2246,150,2736,1,4:23
2024-25,201144,Mike Conley,Mike,1610612750,MIN,Minnesota Timberwolves,0022400181,2024-11-07T00:00:00,MIN @ CHI,W,26.25,6.9,12.3,0.556,4.1,8.2,0.5,1.4,1.4,1.0,0.0,2.7,2.7,15.1,0.0,0.0,0.0,0.0,2.7,2.7,19.2,9.6,45.1,1,0,41.1,1,1,13086,1,10949,9273,12991,7248,3749,6036,3944,12098,13631,1,14058,17577,20371,285,16469,12854,8263,8846,11874,10184,8649,7891,5121,1,150,6110,1,26:15
2024-25,1630545,Terrence Shannon Jr.,Terrence,1610612750,MIN,Minnesota Timberwolves,0022400181,2024-11-07T00:00:00,MIN @ CHI,W,1.8,40.0,40.0,1.0,0.0,0.0,0.0,0.0,0.0,0.0,0.0,0.0,0.0,0.0,0.0,20.0,0.0,0.0,0.0,0.0,80.0,-20.0,140.0,0,0,120.0,1,1,13086,1,25607,13,74,1,15070,20945,15070,13505,14344,13505,14058,22137,23286,19908,16469,25,8263,8846,20257,17725,32,21550,19,2246,150,31,1,1:48
2024-25,203507,Giannis Antetokounmpo,Giannis,1610612749,MIL,Milwaukee Bucks,0022400182,2024-11-07T00:00:00,MIL vs. UTA,W,30.215,13.1,25.0,0.524,0.0,0.0,0.0,10.7,14.3,0.75,7.1,11.9,19.1,2.4,4.8,1.2,1.2,3.6,6.0,7.1,36.9,32.2,65.8,1,0,63.1,1,1,13086,1,7581,986,819,8439,15070,20945,15070,530,414,8186,1086,1409,686,14936,2632,10246,6229,860,3007,1547,702,1716,647,1,150,570,1,30:13
2024-25,1631321,Sidy Cissoko,Sidy,1610612759,SAS,San Antonio Spurs,0022400183,2024-11-07T00:00:00,SAS vs. POR,W,0.48,0.0,0.0,0.0,0.0,0.0,0.0,0.0,0.0,0.0,0.0,75.0,75.0,0.0,0.0,0.0,0.0,0.0,0.0,0.0,0.0,0.0,90.0,0,0,75.0,1,1,13086,1,26209,22635,24836,22635,15070,20945,15070,13505,14344,13505,14058,6,8,19908,16469,12854,8263,8846,20257,17725,23200,12240,99,2246,150,230,1,0:29
2024-25,1641729,Brice Sensabaugh,Brice,1610612762,UTA,Utah Jazz,0022400182,2024-11-07T00:00:00,UTA @ MIL,L,3.4166666666666665,10.5,21.1,0.5,0.0,10.5,0.0,42.1,42.1,1.0,0.0,10.5,10.5,0.0,0.0,0.0,0.0,0.0,0.0,21.1,63.2,10.5,75.9,0,0,73.8,1,13222,1,13222,24757,2676,2293,8526,15070,2941,15070,11,25,1,14058,2199,4875,19908,16469,12854,8263,8846,20257,37,70,7451,276,2246,150,249,1,3:25
2024-25,1629028,Deandre Ayton,Deandre,1610612757,POR,Portland Trail Blazers,0022400183,2024-11-07T00:00:00,POR @ SAS,L,30.783333333333335,11.7,17.5,0.667,1.2,2.3,0.5,0.0,0.0,0.0,2.3,9.4,11.7,0.0,2.3,2.3,1.2,0.0,2.3,1.2,24.6,-4.7,46.8,1,0,44.4,1,13222,1,13222,7055,1724,5210,3281,13538,18920,3944,13505,14344,13505,7123,3155,3765,19908,8905,4902,6369,8846,13486,16554,4451,15406,4413,1,150,4497,1,30:47
2024-25,1630572,Sandro Mamukelashvili,Sandro,1610612759,SAS,San Antonio Spurs,0022400183,2024-11-07T00:00:00,SAS vs. POR,W,7.88,4.6,4.6,1.0,4.6,4.6,1.0,0.0,0.0,0.0,4.6,9.1,13.7,0.0,9.1,0.0,4.6,0.0,4.6,0.0,13.7,0.0,34.7,0,0,41.1,1,1,13086,1,22853,15573,23760,1,2941,14272,1,13505,14344,13505,2844,3372,2380,19908,407,12854,663,8846,5624,17725,14274,12240,11269,2246,150,6128,1,7:53
2024-25,1630162,Anthony Edwards,Anthony,1610612750,MIN,Minnesota Timberwolves,0022400181,2024-11-07T00:00:00,MIN @ CHI,W,34.81666666666667,13.4,23.8,0.565,5.2,9.3,0.556,2.1,2.1,1.0,3.1,5.2,8.3,6.2,2.1,0.0,1.0,1.0,2.1,4.1,34.1,15.5,54.4,0,0,55.8,1,1,13086,1,3597,862,1127,7102,2083,4373,3747,10411,12528,1,5131,10358,7816,5157,10166,12854,7242,7630,14763,5972,1109,5428,2119,2246,150,1336,1,34:49
2024-25,1629659,Talen Horton-Tucker,Talen,1610612741,CHI,Chicago Bulls,0022400181,2024-11-07T00:00:00,CHI vs. MIN,L,18.316666666666666,9.8,17.7,0.556,3.9,5.9,0.667,2.0,3.9,0.5,2.0,7.9,9.8,3.9,0.0,0.0,0.0,0.0,0.0,2.0,25.6,-11.8,43.2,0,0,43.2,1,13222,1,13222,17345,3431,5027,7248,4133,10949,1957,10758,7985,10625,8544,4925,5635,10130,16469,12854,8263,8846,20257,13238,3908,18657,6019,2246,150,5024,1,18:19
2024-25,1628978,Donte DiVincenzo,Donte,1610612750,MIN,Minnesota Timberwolves,0022400181,2024-11-07T00:00:00,MIN @ CHI,W,27.183333333333334,5.3,15.9,0.333,4.0,13.2,0.3,2.6,2.6,1.0,0.0,5.3,5.3,5.3,2.6,4.0,1.3,1.3,4.0,4.0,17.2,25.2,44.8,0,0,42.4,1,1,13086,1,10204,13538,7279,17395,4045,1190,11319,8691,10862,1,14058,10031,14044,6825,7702,1666,5541,5523,7211,6382,10613,2779,5298,2246,150,5461,1,27:11
2024-25,1630577,Julian Champagnie,Julian,1610612759,SAS,San Antonio Spurs,0022400183,2024-11-07T00:00:00,SAS vs. POR,W,32.87,5.5,11.0,0.5,4.4,8.8,0.5,0.0,0.0,0.0,1.1,5.5,6.6,2.2,1.1,1.1,0.0,0.0,0.0,0.0,15.3,11.0,28.7,0,0,30.7,1,1,13086,1,5272,13049,15445,8526,3266,5164,3944,13505,14344,13505,12506,9601,11021,15666,15165,11059,8263,8846,20257,17725,12589,7259,15721,2246,150,13421,1,32:52
2024-25,1641718,Keyonte George,Keyonte,1610612762,UTA,Utah Jazz,0022400182,2024-11-07T00:00:00,UTA @ MIL,L,25.35,4.3,15.6,0.273,4.3,9.9,0.429,1.4,2.8,0.5,0.0,4.3,4.3,4.3,2.8,0.0,0.0,0.0,4.3,1.4,14.2,-28.4,22.9,0,0,27.0,1,13222,1,13222,11699,16430,7661,20048,3466,3562,7394,11978,10389,10625,14058,12935,16643,9230,7065,12854,8263,8846,6403,15367,13725,23497,19640,2246,150,16167,1,25:21
2024-25,1641705,Victor Wembanyama,Victor,1610612759,SAS,San Antonio Spurs,0022400183,2024-11-07T00:00:00,SAS vs. POR,W,32.35333333333333,4.5,14.5,0.308,2.2,6.7,0.333,2.2,3.3,0.667,2.2,6.7,8.9,2.2,4.5,4.5,3.3,1.1,0.0,4.5,13.4,-7.8,46.3,0,0,42.3,1,1,13086,1,5689,15928,9405,19226,9138,9153,9209,9849,9220,9425,7512,6948,6886,15531,3073,1262,1361,6942,20257,5246,14684,16877,4629,2246,150,5504,1,32:21
2024-25,1630703,Scoot Henderson,Scoot,1610612757,POR,Portland Trail Blazers,0022400183,2024-11-07T00:00:00,POR @ SAS,L,20.416666666666668,8.8,21.2,0.417,1.8,3.5,0.5,0.0,0.0,0.0,1.8,3.5,5.3,5.3,3.5,1.8,0.0,0.0,0.0,1.8,19.4,-15.9,35.4,0,0,35.3,1,13222,1,13222,15698,5045,2241,14532,11210,16605,3944,13505,14344,13505,9373,15153,14066,6846,4960,7391,8263,8846,20257,14063,8474,20222,10773,2246,150,9901,1,20:25
2024-25,1631207,Dalen Terry,Dalen,1610612741,CHI,Chicago Bulls,0022400181,2024-11-07T00:00:00,CHI vs. MIN,L,16.433333333333334,6.6,8.8,0.75,0.0,0.0,0.0,0.0,0.0,0.0,2.2,4.4,6.6,2.2,4.4,2.2,2.2,0.0,2.2,0.0,13.1,6.6,33.1,0,0,30.7,1,13222,1,13222,18635,10009,19083,2107,15070,20945,15070,13505,14344,13505,7609,12571,11016,15661,3171,5437,2966,8846,14134,17725,14940,9351,12532,2246,150,13417,1,16:26
2024-25,1627752,Taurean Prince,Taurean,1610612749,MIL,Milwaukee Bucks,0022400182,2024-11-07T00:00:00,MIL vs. UTA,W,24.766666666666666,2.9,7.3,0.4,2.9,5.8,0.5,0.0,0.0,0.0,1.5,4.4,5.8,1.5,0.0,0.0,1.5,0.0,0.0,1.5,8.7,33.4,22.2,0,0,21.8,1,1,13086,1,12199,19642,21251,14933,6846,11172,3944,13505,14344,13505,10522,12620,12735,18166,16469,12854,5026,8846,20257,15226,19328,1578,20015,2246,150,19788,1,24:46
2024-25,1628381,John Collins,John,1610612762,UTA,Utah Jazz,0022400182,2024-11-07T00:00:00,UTA @ MIL,L,25.433333333333334,5.7,9.9,0.571,0.0,1.4,0.0,4.2,4.2,1.0,0.0,4.2,4.2,1.4,5.7,0.0,0.0,1.4,1.4,4.2,15.6,-17.0,17.1,0,0,21.2,1,13222,1,13222,11634,12526,17220,6538,15070,20365,15070,5263,7324,1,14058,12980,16691,18288,1670,12854,8263,5119,17559,5729,12352,20614,22438,2246,150,20143,1,25:26
2024-25,1630581,Josh Giddey,Josh,1610612741,CHI,Chicago Bulls,0022400181,2024-11-07T00:00:00,CHI vs. MIN,L,29.75,3.6,14.5,0.25,1.2,4.8,0.25,2.4,3.6,0.667,1.2,6.1,7.3,15.7,0.0,0.0,0.0,2.4,1.2,2.4,10.9,-18.2,43.2,0,0,35.1,1,13222,1,13222,8001,18011,9327,20233,13310,13594,11902,9277,8631,9425,11723,8223,9643,231,16469,12854,8263,2179,18477,11265,17272,20976,6030,2246,150,10030,1,29:45
2024-25,1642270,Donovan Clingan,Donovan,1610612757,POR,Portland Trail Blazers,0022400183,2024-11-07T00:00:00,POR @ SAS,L,11.716666666666667,0.0,6.1,0.0,0.0,3.1,0.0,0.0,0.0,0.0,12.3,0.0,12.3,6.1,3.1,3.1,3.1,0.0,6.1,0.0,0.0,-27.7,39.3,0,0,30.7,1,13222,1,13222,21409,22635,22476,22635,15070,17501,15070,13505,14344,13505,227,22137,3277,5256,6211,2993,1607,8846,2771,17725,23200,23363,8185,2246,150,13380,1,11:43
2024-25,1630596,Evan Mobley,Evan,1610612739,CLE,Cleveland Cavaliers,0022400175,2024-11-06T00:00:00,CLE @ NOP,W,28.516666666666666,8.8,20.2,0.438,0.0,1.3,0.0,1.3,3.8,0.333,6.3,5.0,11.4,3.8,1.3,0.0,3.8,3.8,7.6,2.5,18.9,-8.8,48.4,0,0,41.7,1,1,13086,1,9103,4993,2827,13558,15070,20544,15070,12411,8281,13132,1467,10728,4085,10537,14024,12854,1042,740,1585,10894,8919,17348,3864,2246,150,5818,1,28:31
2024-25,1628449,Chris Boucher,Chris,1610612761,TOR,Toronto Raptors,0022400180,2024-11-06T00:00:00,TOR @ SAC,L,24.536666666666665,10.3,16.1,0.636,4.4,8.8,0.5,0.0,0.0,0.0,1.5,4.4,5.9,0.0,0.0,0.0,0.0,0.0,1.5,1.5,24.9,-1.5,32.0,0,0,35.2,1,13222,1,13222,12447,2940,6916,4689,3228,5101,3944,13505,14344,13505,10448,12520,12599,19908,16469,12854,8263,8846,17360,15145,4238,13786,13332,2246,150,9938,1,24:32
2024-25,1631212,Peyton Watson,Peyton,1610612743,DEN,Denver Nuggets,0022400177,2024-11-06T00:00:00,DEN vs. OKC,W,33.25,4.3,9.7,0.444,1.1,4.3,0.25,1.1,4.3,0.25,0.0,3.2,3.2,3.2,2.2,1.1,3.2,1.1,3.2,3.2,10.8,10.8,30.4,0,0,27.1,1,1,13086,1,4943,16246,17481,13045,14055,14842,11902,12956,7141,13358,14058,15938,19111,12147,9661,11163,1430,7202,9653,8406,17332,7314,14479,2246,150,16106,1,33:15
2024-25,1641708,Amen Thompson,Amen,1610612745,HOU,Houston Rockets,0022400173,2024-11-06T00:00:00,HOU vs. SAS,W,24.3,5.9,5.9,1.0,0.0,0.0,0.0,0.0,3.0,0.0,1.5,7.4,8.9,5.9,1.5,3.0,1.5,0.0,1.5,1.5,11.9,29.6,43.3,0,0,35.6,1,1,13086,1,12648,11725,22682,1,15070,20945,15070,13505,10059,13505,10384,5672,6898,5632,12839,3240,4916,8846,17294,15077,16292,2013,6008,2246,150,9690,1,24:18
2024-25,1630224,Jalen Green,Jalen,1610612745,HOU,Houston Rockets,0022400173,2024-11-06T00:00:00,HOU vs. SAS,W,31.0,7.0,16.3,0.429,4.6,10.5,0.444,5.8,7.0,0.833,0.0,5.8,5.8,4.6,3.5,0.0,1.2,2.3,1.2,4.6,24.4,16.3,38.3,0,0,41.8,1,1,13086,1,6873,8999,6742,13735,2813,3022,7211,3077,3391,7275,14058,8783,12747,8315,5047,12854,6417,2385,18753,4843,4557,5155,8825,2246,150,5751,1,31:00
2024-25,1630561,David Duke Jr.,David,1610612759,SAS,San Antonio Spurs,0022400173,2024-11-06T00:00:00,SAS @ HOU,L,8.2,4.4,17.6,0.25,0.0,4.4,0.0,4.4,8.8,0.5,0.0,0.0,0.0,8.8,0.0,0.0,0.0,0.0,4.4,8.8,13.2,0.0,26.3,0,0,22.0,1,13222,1,13222,22738,16091,5182,20233,15070,14705,15070,5008,1999,10625,14058,22137,23286,2195,16469,12854,8263,8846,6040,726,14910,12240,17393,2246,150,19701,1,8:12
2024-25,1629640,Keldon Johnson,Keldon,1610612759,SAS,San Antonio Spurs,0022400173,2024-11-06T00:00:00,SAS @ HOU,L,19.35,7.4,11.2,0.667,0.0,0.0,0.0,3.7,3.7,1.0,3.7,3.7,7.4,1.9,0.0,1.9,1.9,1.9,1.9,1.9,18.6,-33.5,41.5,0,0,35.3,1,13222,1,13222,16540,7911,15083,3281,15070,20945,15070,6242,8439,1,4009,14563,9284,16892,16469,6971,3903,3705,15887,13689,9213,24228,6890,2246,150,9839,1,19:21
2024-25,1631207,Dalen Terry,Dalen,1610612741,CHI,Chicago Bulls,0022400176,2024-11-06T00:00:00,CHI @ DAL,L,23.7,4.6,10.6,0.429,1.5,4.6,0.333,4.6,6.1,0.75,4.6,1.5,6.1,1.5,4.6,3.0,0.0,0.0,1.5,4.6,15.2,4.6,29.3,0,0,30.4,1,13222,1,13222,13150,15607,15996,13735,11968,14302,9209,4746,4376,8186,2861,20834,12102,17907,2914,3065,8263,8846,17147,5029,12718,10358,15270,2246,150,13646,1,23:42
2024-25,1627751,Jakob Poeltl,Jakob,1610612761,TOR,Toronto Raptors,0022400180,2024-11-06T00:00:00,TOR @ SAC,L,34.61666666666667,5.2,8.3,0.625,0.0,0.0,0.0,0.0,0.0,0.0,1.0,7.3,8.3,4.2,3.1,2.1,0.0,0.0,2.1,0.0,10.4,-18.7,29.7,0,0,27.0,1,13222,1,13222,3771,13820,19766,4899,15070,20945,15070,13505,14344,13505,12941,5859,7740,9499,6063,5872,8263,8846,14706,17725,17759,21150,14987,2246,150,16125,1,34:37
2024-25,203952,Andrew Wiggins,Andrew,1610612744,GSW,Golden State Warriors,0022400172,2024-11-06T00:00:00,GSW @ BOS,W,31.216666666666665,6.9,16.1,0.429,0.0,3.5,0.0,4.6,6.9,0.667,0.0,2.3,2.3,0.0,2.3,0.0,0.0,1.2,1.2,6.9,18.5,9.2,18.9,0,0,20.8,1,1,13086,1,6684,9128,6908,13735,15070,16736,15070,4657,3456,9425,14058,18743,21191,19908,9037,12854,8263,6606,18794,1715,9366,8079,21691,2246,150,20435,1,31:13
2024-25,1642272,Jared McCain,Jared,1610612755,PHI,Philadelphia 76ers,0022400179,2024-11-06T00:00:00,PHI @ LAC,L,12.0,6.0,12.0,0.5,0.0,3.0,0.0,3.0,3.0,1.0,0.0,3.0,3.0,6.0,0.0,3.0,0.0,0.0,3.0,6.0,15.0,12.0,36.6,0,0,30.0,1,13222,1,13222,21228,11500,13575,8526,15070,17643,15070,7799,9972,1,14058,16717,19729,5485,16469,3139,8263,8846,10710,2615,12895,6794,9963,2246,150,13941,1,12:00
2024-25,1629659,Talen Horton-Tucker,Talen,1610612741,CHI,Chicago Bulls,0022400176,2024-11-06T00:00:00,CHI @ DAL,L,16.066666666666666,9.0,15.7,0.571,0.0,4.5,0.0,0.0,0.0,0.0,0.0,4.5,4.5,9.0,0.0,0.0,2.2,0.0,2.2,0.0,17.9,15.7,43.5,0,0,35.9,1,13222,1,13222,18879,4776,7564,6538,15070,14488,15070,13505,14344,13505,14058,12303,16092,2053,16469,12854,2857,8846,13922,17725,9911,5356,5898,2246,150,9479,1,16:04
2024-25,1641715,Cam Whitmore,Cam,1610612745,HOU,Houston Rockets,0022400173,2024-11-06T00:00:00,HOU vs. SAS,W,6.75,5.3,16.0,0.333,0.0,10.7,0.0,10.7,10.7,1.0,0.0,5.3,5.3,5.3,0.0,5.3,0.0,0.0,5.3,5.3,21.3,0.0,51.7,0,0,42.7,1,1,13086,1,23257,13448,7106,17395,15070,2812,15070,537,1123,1,14058,9937,13954,6755,16469,724,8263,8846,3956,3582,6785,12240,2773,2246,150,5328,1,6:45
2024-25,203458,Alex Len,Alex,1610612758,SAC,Sacramento Kings,0022400180,2024-11-06T00:00:00,SAC vs. TOR,W,14.42,2.5,2.5,1.0,0.0,0.0,0.0,2.5,5.0,0.5,0.0,15.0,15.0,0.0,2.5,0.0,10.0,0.0,2.5,5.0,7.5,-2.5,52.9,0,0,42.4,1,1,13086,1,19941,20467,24643,1,15070,20945,15070,9059,5927,10625,14058,575,1777,19908,8259,12854,68,8846,12813,4129,20328,14310,2472,2246,150,5438,1,14:25
2024-25,1629645,Kevin Porter Jr.,Kevin,1610612746,LAC,LA Clippers,0022400179,2024-11-06T00:00:00,LAC vs. PHI,W,11.516666666666667,3.1,12.5,0.25,0.0,3.1,0.0,0.0,3.1,0.0,0.0,6.3,6.3,9.4,6.3,0.0,0.0,0.0,0.0,3.1,6.3,25.0,21.6,0,0,21.9,1,1,13086,1,21485,19138,12725,20233,15070,17409,15070,13505,9654,13505,14058,7785,11707,1771,1246,12854,8263,8846,20257,8792,21209,2818,20373,2246,150,19736,1,11:31
2024-25,1642346,Ryan Dunn,Ryan,1610612756,PHX,Phoenix Suns,0022400178,2024-11-06T00:00:00,PHX vs. MIA,W,9.466666666666667,7.6,7.6,1.0,7.6,7.6,1.0,3.8,7.6,0.5,0.0,3.8,3.8,3.8,3.8,0.0,0.0,0.0,3.8,3.8,26.6,7.6,33.1,0,0,41.8,1,1,13086,1,22286,7499,20784,1,552,7165,1,6076,2809,10625,14058,14312,17812,10489,4310,12854,8263,8846,7727,6840,3378,8828,12528,2246,150,5737,1,9:28
2024-25,202696,Nikola Vučević,Nikola,1610612741,CHI,Chicago Bulls,0022400176,2024-11-06T00:00:00,CHI @ DAL,L,24.85,10.1,14.5,0.7,0.0,2.9,0.0,0.0,0.0,0.0,4.3,10.1,14.5,4.3,2.9,1.4,0.0,0.0,2.9,5.8,20.3,-30.4,45.6,1,0,42.0,1,13222,1,13222,12131,3071,9381,3045,15070,17873,15070,13505,14344,13505,3107,2469,2003,9016,6855,8644,8263,8846,11206,2906,7679,23802,4882,1,150,5635,1,24:51
2024-25,1642367,Jonathan Mogbo,Jonathan,1610612761,TOR,Toronto Raptors,0022400180,2024-11-06T00:00:00,TOR @ SAC,L,18.083333333333332,4.0,6.0,0.667,0.0,2.0,0.0,2.0,4.0,0.5,8.0,2.0,10.0,6.0,2.0,2.0,0.0,2.0,6.0,4.0,10.0,8.0,34.8,0,0,29.9,1,13222,1,13222,17512,17137,22635,3281,15070,19574,15070,10684,7878,10625,796,19693,5487,5548,10560,6296,8263,3252,2991,6356,18196,8647,11164,2246,150,14057,1,18:05
2024-25,1628368,De'Aaron Fox,De'Aaron,1610612758,SAC,Sacramento Kings,0022400180,2024-11-06T00:00:00,SAC vs. TOR,W,33.766666666666666,5.3,18.1,0.294,2.1,8.5,0.25,9.6,10.7,0.9,0.0,1.1,1.1,2.1,1.1,1.1,0.0,0.0,2.1,6.4,22.4,9.6,29.0,0,0,29.9,1,1,13086,1,4465,13465,4537,19598,9545,5529,11902,810,1125,6805,14058,21836,23132,15881,15378,11337,8263,8846,14448,2183,5931,7899,15487,2246,150,14061,1,33:46
2024-25,1627747,Caris LeVert,Caris,1610612739,CLE,Cleveland Cavaliers,0022400175,2024-11-06T00:00:00,CLE @ NOP,W,27.783333333333335,9.1,16.8,0.538,2.6,5.2,0.5,0.0,0.0,0.0,2.6,5.2,7.8,7.8,1.3,1.3,0.0,2.6,0.0,0.0,20.7,7.8,44.3,0,0,41.5,1,1,13086,1,9729,4575,5989,7978,7857,12745,3944,13505,14344,13505,6369,10326,8668,3107,13816,9482,8263,1891,20257,17725,7290,8740,5513,2246,150,5937,1,27:47
2024-25,202681,Kyrie Irving,Kyrie,1610612742,DAL,Dallas Mavericks,0022400176,2024-11-06T00:00:00,DAL vs. CHI,W,27.7,9.1,14.3,0.636,1.3,3.9,0.333,2.6,2.6,1.0,0.0,7.8,7.8,2.6,1.3,3.9,0.0,0.0,0.0,1.3,22.1,11.7,45.7,0,0,41.6,1,1,13086,1,9787,4531,9700,4689,12858,15795,9209,8803,10973,1,14058,5015,8623,14218,13797,1742,8263,8846,20257,15910,6137,6928,4840,2246,150,5862,1,27:42
2024-25,1630559,Austin Reaves,Austin,1610612747,LAL,Los Angeles Lakers,0022400174,2024-11-06T00:00:00,LAL @ MEM,L,34.93333333333333,7.2,17.5,0.412,2.1,9.3,0.222,3.1,4.1,0.75,0.0,3.1,3.1,5.2,1.0,3.1,0.0,1.0,1.0,6.2,19.6,-9.3,39.3,0,0,36.1,1,13222,1,13222,3514,8419,5235,14791,9865,4415,13288,7569,7582,8186,14058,16430,19496,7127,15628,2948,8263,7658,19527,2415,8280,17569,8223,2246,150,9323,1,34:56
2024-25,1630702,Jaden Hardy,Jaden,1610612742,DAL,Dallas Mavericks,0022400176,2024-11-06T00:00:00,DAL vs. CHI,W,13.483333333333333,10.7,26.7,0.4,8.0,18.7,0.429,0.0,0.0,0.0,0.0,0.0,0.0,5.3,2.7,0.0,0.0,0.0,2.7,2.7,29.4,-13.3,34.7,0,0,42.7,1,1,13086,1,20496,2533,534,14933,452,297,7394,13505,14344,13505,14058,22137,23286,6740,7618,12854,8263,8846,12165,10407,2311,19252,11280,2246,150,5304,1,13:29
2024-25,1642349,Ajay Mitchell,Ajay,1610612760,OKC,Oklahoma City Thunder,0022400177,2024-11-06T00:00:00,OKC @ DEN,L,9.183333333333334,3.9,7.8,0.5,3.9,3.9,1.0,0.0,0.0,0.0,0.0,0.0,0.0,3.9,0.0,3.9,0.0,0.0,7.8,0.0,11.8,-15.7,29.4,0,0,27.4,1,13222,1,13222,22392,17267,20488,8526,4163,15732,1,13505,14344,13505,14058,22137,23286,10165,16469,1716,8263,8846,1435,17725,16386,20142,15213,2246,150,15835,1,9:11
2024-25,1630577,Julian Champagnie,Julian,1610612759,SAS,San Antonio Spurs,0022400173,2024-11-06T00:00:00,SAS @ HOU,L,28.116666666666667,6.4,11.5,0.556,3.8,7.7,0.5,0.0,0.0,0.0,0.0,3.8,3.8,2.6,2.6,0.0,0.0,0.0,2.6,0.0,16.6,-14.1,22.5,0,0,26.9,1,13222,1,13222,9444,10442,14435,7248,4336,7030,3944,13505,14344,13505,14058,14206,17728,14337,8015,12854,8263,8846,12562,17725,11228,19538,19852,2246,150,16235,1,28:07
2024-25,1627739,Kris Dunn,Kris,1610612746,LAC,LA Clippers,0022400179,2024-11-06T00:00:00,LAC vs. PHI,W,18.266666666666666,3.9,5.9,0.667,0.0,2.0,0.0,0.0,0.0,0.0,2.0,0.0,2.0,9.9,3.9,3.9,0.0,0.0,5.9,2.0,7.9,33.5,32.9,0,0,27.6,1,1,13086,1,17395,17227,22700,3281,15070,19605,15070,13505,14344,13505,8522,22137,21857,1506,3986,1690,8263,8846,3060,13208,20009,1572,12654,2246,150,15723,1,18:16
2024-25,1626181,Norman Powell,Norman,1610612746,LAC,LA Clippers,0022400179,2024-11-06T00:00:00,LAC vs. PHI,W,34.71666666666667,8.3,10.4,0.8,6.2,8.3,0.75,4.1,4.1,1.0,0.0,1.0,1.0,6.2,3.1,1.0,0.0,0.0,4.1,6.2,27.0,6.2,37.5,0,0,42.5,1,1,13086,1,3675,5989,16433,1688,1150,5925,1542,5443,7525,1,14058,21905,23177,5127,6091,11620,8263,8846,6699,2365,3224,9504,9318,2246,150,5400,1,34:43
2024-25,1630230,Naji Marshall,Naji,1610612742,DAL,Dallas Mavericks,0022400176,2024-11-06T00:00:00,DAL vs. CHI,W,21.383333333333333,6.7,11.8,0.571,0.0,1.7,0.0,0.0,0.0,0.0,1.7,1.7,3.4,3.4,3.4,3.4,0.0,0.0,0.0,0.0,13.5,30.3,29.3,0,0,26.9,1,1,13086,1,15006,9609,13964,6538,15070,20066,15070,13505,14344,13505,9633,20499,18835,11772,5314,2445,8263,8846,20257,17725,14554,1931,15286,2246,150,16205,1,21:23
2024-25,1628989,Kevin Huerter,Kevin,1610612758,SAC,Sacramento Kings,0022400180,2024-11-06T00:00:00,SAC vs. TOR,W,23.566666666666666,6.1,10.7,0.571,1.5,6.1,0.25,3.1,3.1,1.0,1.5,4.6,6.1,3.1,3.1,0.0,0.0,0.0,6.1,1.5,16.8,-3.1,25.7,0,0,27.5,1,1,13086,1,13257,11196,15888,6538,11934,10415,11902,7658,9827,1,10199,12034,12027,12740,6266,12854,8263,8846,2810,14883,11065,14596,17841,2246,150,15793,1,23:34
2024-25,1626167,Myles Turner,Myles,1610612754,IND,Indiana Pacers,0022400170,2024-11-06T00:00:00,IND vs. ORL,W,36.43333333333333,5.9,16.8,0.353,1.0,5.9,0.167,4.0,4.9,0.8,1.0,8.9,9.9,2.0,3.0,1.0,2.0,1.0,3.0,3.0,16.8,1.0,37.5,1,0,35.6,1,1,13086,1,2379,11713,6045,17268,14615,10863,14236,5790,6046,7681,13346,3613,5562,16456,6605,12051,3547,8023,10882,9382,11072,12165,9315,1,150,9680,1,36:26
2024-25,1630540,Miles McBride,Miles,1610612752,NYK,New York Knicks,0022400171,2024-11-06T00:00:00,NYK @ ATL,L,28.433333333333334,6.3,11.4,0.556,5.1,7.6,0.667,2.5,2.5,1.0,0.0,5.1,5.1,8.9,3.8,0.0,1.3,0.0,3.8,1.3,20.3,16.5,39.6,0,0,41.8,1,13222,1,13222,9184,10616,14668,7248,2196,7186,1957,8956,11122,1,14058,10682,14622,2125,4325,12854,5819,8846,7743,16052,7695,5087,8004,2246,150,5759,1,28:26
2024-25,203486,Mason Plumlee,Mason,1610612756,PHX,Phoenix Suns,0022400178,2024-11-06T00:00:00,PHX vs. MIA,W,12.136666666666667,5.9,5.9,1.0,0.0,0.0,0.0,0.0,0.0,0.0,3.0,5.9,8.9,5.9,0.0,0.0,0.0,0.0,0.0,3.0,11.9,-3.0,31.4,0,0,26.7,1,1,13086,1,21177,11702,22677,1,15070,20945,15070,13505,14344,13505,5425,8482,6889,5621,16469,12854,8263,8846,20257,9372,16278,14558,13710,2246,150,16403,1,12:08
2024-25,1627777,Georges Niang,Georges,1610612739,CLE,Cleveland Cavaliers,0022400175,2024-11-06T00:00:00,CLE @ NOP,W,21.12,6.8,13.6,0.5,1.7,8.5,0.2,0.0,0.0,0.0,0.0,3.4,3.4,3.4,0.0,0.0,1.7,0.0,3.4,0.0,15.3,-11.9,29.7,0,0,27.3,1,1,13086,1,15204,9382,10766,8526,11392,5548,13429,13505,14344,13505,14058,15496,18764,11664,16469,12854,4284,8846,9047,17725,12582,18712,15049,2246,150,15973,1,21:07
2024-25,1629632,Coby White,Coby,1610612741,CHI,Chicago Bulls,0022400176,2024-11-06T00:00:00,CHI @ DAL,L,28.55,3.8,16.4,0.231,1.3,8.8,0.143,1.3,2.5,0.5,0.0,1.3,1.3,6.3,5.0,1.3,0.0,1.3,1.3,2.5,10.1,-31.5,19.8,0,0,21.4,1,13222,1,13222,9073,17611,6556,21157,13032,5060,14649,12419,11152,10625,14058,21360,22861,5010,2292,9715,8263,5868,18216,10904,18066,23971,21260,2246,150,20011,1,28:33
2024-25,1641717,Cason Wallace,Cason,1610612760,OKC,Oklahoma City Thunder,0022400177,2024-11-06T00:00:00,OKC @ DEN,L,20.266666666666666,3.6,14.2,0.25,0.0,5.3,0.0,0.0,0.0,0.0,0.0,3.6,3.6,3.6,1.8,3.6,0.0,1.8,7.1,0.0,7.1,-12.4,25.6,0,0,21.3,1,13222,1,13222,15810,18194,9810,20233,15070,12392,15070,13505,14344,13505,14058,15078,18440,11241,11644,2168,8263,3963,1890,17725,20627,18916,17891,2246,150,20093,1,20:16
2024-25,1631128,Christian Braun,Christian,1610612743,DEN,Denver Nuggets,0022400177,2024-11-06T00:00:00,DEN vs. OKC,W,36.53333333333333,6.9,13.8,0.5,3.9,7.9,0.5,5.9,5.9,1.0,1.0,6.9,7.9,0.0,2.0,2.0,1.0,0.0,2.0,4.9,23.6,5.9,40.0,0,0,41.4,1,1,13086,1,2317,9166,10496,8526,4110,6650,3944,2952,4594,1,13371,6536,8489,19908,10657,6388,7569,8846,15299,4249,5017,9654,7756,2246,150,5982,1,36:32
2024-25,1641738,Kobe Brown,Kobe,1610612746,LAC,LA Clippers,0022400179,2024-11-06T00:00:00,LAC vs. PHI,W,3.3666666666666667,10.7,10.7,1.0,0.0,0.0,0.0,0.0,0.0,0.0,0.0,0.0,0.0,0.0,0.0,0.0,0.0,0.0,0.0,0.0,21.4,-74.9,21.4,0,0,21.4,1,1,13086,1,24790,2511,15888,1,15070,20945,15070,13505,14344,13505,14058,22137,23286,19908,16469,12854,8263,8846,20257,17725,6740,25949,20476,2246,150,20032,1,3:22
2024-25,1642347,Jamal Shead,Jamal,1610612761,TOR,Toronto Raptors,0022400180,2024-11-06T00:00:00,TOR @ SAC,L,15.783333333333333,4.6,11.4,0.4,0.0,2.3,0.0,2.3,2.3,1.0,0.0,2.3,2.3,4.6,2.3,0.0,2.3,0.0,4.6,4.6,11.4,-2.3,25.5,0,0,22.8,1,13222,1,13222,19079,15595,14649,14933,15070,19025,15070,9686,11840,1,14058,18821,21243,8505,9154,12854,2775,8846,5645,5026,16784,14195,17910,2246,150,19136,1,15:47
2024-25,1627780,Gary Payton II,Gary,1610612744,GSW,Golden State Warriors,0022400172,2024-11-06T00:00:00,GSW @ BOS,W,18.311666666666667,5.9,7.9,0.75,0.0,2.0,0.0,0.0,2.0,0.0,3.9,2.0,5.9,2.0,3.9,2.0,3.9,0.0,3.9,2.0,11.8,13.8,35.6,0,0,31.5,1,1,13086,1,17358,11809,20458,2107,15070,19615,15070,13505,12814,13505,3684,19772,12533,16494,4012,6414,954,8846,7343,13237,16348,6096,10672,2246,150,12811,1,18:19
2024-25,1630579,Jericho Sims,Jericho,1610612752,NYK,New York Knicks,0022400171,2024-11-06T00:00:00,NYK @ ATL,L,9.978333333333333,0.0,0.0,0.0,0.0,0.0,0.0,0.0,7.2,0.0,0.0,7.2,7.2,0.0,0.0,3.6,0.0,0.0,0.0,3.6,0.0,25.3,19.5,0,0,14.4,1,13222,1,13222,22116,22635,24836,22635,15070,20945,15070,13505,3154,13505,14058,5975,9717,19908,16469,2084,8263,8846,20257,7373,23200,2757,21421,2246,150,23277,1,9:59
2024-25,202704,Reggie Jackson,Reggie,1610612755,PHI,Philadelphia 76ers,0022400179,2024-11-06T00:00:00,PHI @ LAC,L,6.5,0.0,5.5,0.0,0.0,0.0,0.0,0.0,0.0,0.0,0.0,0.0,0.0,11.1,5.5,5.5,0.0,0.0,0.0,0.0,0.0,38.8,27.7,0,0,22.2,1,13222,1,13222,23365,22635,23055,22635,15070,20945,15070,13505,14344,13505,14058,22137,23286,973,1777,618,8263,8846,20257,17725,23200,1061,16430,2246,150,19580,1,6:30
2024-25,203484,Kentavious Caldwell-Pope,Kentavious,1610612753,ORL,Orlando Magic,0022400170,2024-11-06T00:00:00,ORL @ IND,L,37.395,4.8,9.6,0.5,1.9,4.8,0.4,1.0,1.0,1.0,1.9,2.9,4.8,1.9,0.0,1.0,0.0,1.0,1.0,1.0,12.5,4.8,24.1,0,0,23.1,1,13222,1,13222,1746,14907,17713,8526,10523,13662,7874,13342,14268,1,8725,17120,15263,16659,16469,12259,8263,8243,19896,17508,15582,10203,18904,2246,150,18932,1,37:24
2024-25,1631103,Malaki Branham,Malaki,1610612759,SAS,San Antonio Spurs,0022400173,2024-11-06T00:00:00,SAS @ HOU,L,19.816666666666666,5.4,10.9,0.5,1.8,1.8,1.0,5.4,9.1,0.6,0.0,7.3,7.3,3.6,1.8,0.0,0.0,1.8,0.0,3.6,18.2,-30.9,30.5,0,0,30.9,1,13222,1,13222,16160,13131,15533,8526,11010,19895,1,3476,1826,10343,14058,5884,9636,10984,11469,12854,8263,3847,20257,7300,9657,23870,14417,2246,150,13265,1,19:49
2024-25,202692,Alec Burks,Alec,1610612748,MIA,Miami Heat,0022400178,2024-11-06T00:00:00,MIA @ PHX,L,16.02,4.5,9.0,0.5,2.2,4.5,0.5,0.0,0.0,0.0,0.0,4.5,4.5,9.0,0.0,2.2,0.0,0.0,2.2,0.0,11.2,-33.7,36.9,0,0,31.5,1,13222,1,13222,18912,15799,18744,8526,9060,14444,3944,13505,14344,13505,14058,12275,16066,2036,16469,5228,8263,8846,13892,17725,16966,24263,9798,2246,150,12804,1,16:01
2024-25,203110,Draymond Green,Draymond,1610612744,GSW,Golden State Warriors,0022400172,2024-11-06T00:00:00,GSW @ BOS,W,30.316666666666666,2.4,9.5,0.25,0.0,4.7,0.0,5.9,7.1,0.833,2.4,4.7,7.1,4.7,2.4,0.0,0.0,0.0,1.2,4.7,10.7,3.6,24.0,0,0,22.6,1,1,13086,1,7479,20715,17951,20233,15070,13841,15070,2932,3245,7275,7007,11573,9905,8053,8754,12854,8263,8846,18610,4615,17486,10872,18958,2246,150,19309,1,30:19
2024-25,1627826,Ivica Zubac,Ivica,1610612746,LAC,LA Clippers,0022400179,2024-11-06T00:00:00,LAC vs. PHI,W,33.28333333333333,7.6,9.7,0.778,0.0,0.0,0.0,1.1,1.1,1.0,2.2,7.6,9.7,3.2,1.1,1.1,0.0,0.0,1.1,2.2,16.2,14.1,34.9,0,0,31.4,1,1,13086,1,4911,7595,17506,1994,15070,20945,15070,12963,14068,1,7711,5372,5751,12163,15266,11180,8263,8846,19205,12329,11696,5981,11096,2246,150,12881,1,33:17
2024-25,1629111,Jock Landale,Jock,1610612745,HOU,Houston Rockets,0022400173,2024-11-06T00:00:00,HOU vs. SAS,W,18.466666666666665,9.7,23.4,0.417,1.9,1.9,1.0,0.0,0.0,0.0,7.8,3.9,11.7,0.0,1.9,1.9,0.0,5.8,3.9,0.0,21.4,29.2,39.4,0,0,39.0,1,1,13086,1,17225,3541,1249,14532,10398,19644,1,13505,14344,13505,846,14027,3759,19908,10782,6503,8263,231,7449,17725,6698,2077,8148,2246,150,7388,1,18:28
2024-25,1628998,Cody Martin,Cody,1610612766,CHA,Charlotte Hornets,0022400169,2024-11-06T00:00:00,CHA vs. DET,W,27.555,3.9,7.8,0.5,1.3,2.6,0.5,0.0,0.0,0.0,1.3,3.9,5.2,3.9,0.0,0.0,1.3,0.0,0.0,2.6,9.1,3.9,25.2,0,0,22.2,1,1,13086,1,9907,17275,20490,8526,12834,18426,3944,13505,14344,13505,11168,13972,14219,10175,16469,12854,5623,8846,20257,10600,18950,10693,18138,2246,150,19550,1,27:33
2024-25,201143,Al Horford,Al,1610612738,BOS,Boston Celtics,0022400172,2024-11-06T00:00:00,BOS vs. GSW,L,29.833333333333332,4.8,10.9,0.444,2.4,7.2,0.333,0.0,0.0,0.0,2.4,6.0,8.4,3.6,3.6,2.4,0.0,0.0,1.2,0.0,12.1,-13.3,31.3,0,0,31.4,1,13222,1,13222,7938,14867,15590,13045,8440,7957,9209,13505,14344,13505,6877,8258,7555,11031,4736,4655,8263,8846,18497,17725,16074,19214,13863,2246,150,12872,1,29:50
2024-25,1631104,Blake Wesley,Blake,1610612759,SAS,San Antonio Spurs,0022400173,2024-11-06T00:00:00,SAS @ HOU,L,15.866666666666667,4.5,18.2,0.25,2.3,4.5,0.5,0.0,0.0,0.0,0.0,0.0,0.0,4.5,2.3,2.3,0.0,2.3,4.5,0.0,11.3,-22.7,22.7,0,0,22.7,1,13222,1,13222,19018,15658,4501,20233,8977,14343,3944,13505,14344,13505,14058,22137,23286,8557,9220,5150,8263,2507,5689,17725,16846,22265,19757,2246,150,19221,1,15:52
2024-25,202699,Tobias Harris,Tobias,1610612765,DET,Detroit Pistons,0022400169,2024-11-06T00:00:00,DET @ CHA,L,31.955,7.9,13.5,0.583,0.0,3.4,0.0,0.0,1.1,0.0,0.0,7.9,7.9,3.4,1.1,1.1,1.1,0.0,5.6,1.1,15.8,-9.0,35.9,0,0,31.5,1,13222,1,13222,6015,6869,10975,6296,15070,16911,15070,13505,14002,13505,14058,4881,8487,11739,14964,10808,6630,8846,3492,16794,12151,17428,10403,2246,150,12741,1,31:57
2024-25,1628386,Jarrett Allen,Jarrett,1610612739,CLE,Cleveland Cavaliers,0022400175,2024-11-06T00:00:00,CLE @ NOP,W,34.8,7.2,10.3,0.7,0.0,0.0,0.0,2.1,2.1,1.0,2.1,12.4,14.5,2.1,0.0,1.0,2.1,0.0,5.2,1.0,16.6,24.8,46.3,1,0,39.3,1,1,13086,1,3612,8357,16472,3045,15070,20945,15070,10407,12524,1,8083,1183,2007,16118,16469,11640,3289,8846,4248,17251,11333,2854,4601,1,150,7186,1,34:48
2024-25,1629684,Grant Williams,Grant,1610612766,CHA,Charlotte Hornets,0022400169,2024-11-06T00:00:00,CHA vs. DET,W,26.5,5.4,12.2,0.444,2.7,9.5,0.286,2.7,2.7,1.0,0.0,9.5,9.5,2.7,4.1,2.7,1.4,0.0,1.4,2.7,16.3,12.2,39.9,0,0,39.4,1,1,13086,1,10724,13173,13217,13045,7489,4096,11433,8530,10696,1,14058,3000,6049,13854,3727,3869,5412,8846,17794,10267,11602,6702,7804,2246,150,7135,1,26:30
2024-25,1631108,Max Christie,Max,1610612747,LAL,Los Angeles Lakers,0022400174,2024-11-06T00:00:00,LAL @ MEM,L,19.366666666666667,5.6,14.9,0.375,1.9,3.7,0.5,1.9,1.9,1.0,1.9,3.7,5.6,5.6,0.0,1.9,0.0,0.0,0.0,1.9,14.9,-5.6,35.5,0,0,31.6,1,13222,1,13222,16522,12765,8791,16299,10833,16174,3944,11100,13098,1,8994,14576,13338,6299,16469,6979,8263,8846,20257,13700,13042,15871,10724,2246,150,12701,1,19:22
2024-25,1630534,Ochai Agbaji,Ochai,1610612761,TOR,Toronto Raptors,0022400180,2024-11-06T00:00:00,TOR @ SAC,L,32.36333333333334,4.4,10.0,0.444,2.2,7.8,0.286,2.2,3.3,0.667,0.0,2.2,2.2,2.2,0.0,1.1,0.0,0.0,3.3,2.2,13.3,-24.5,22.7,0,0,22.2,1,13222,1,13222,5683,15929,17037,13045,9140,6823,11433,9850,9223,9425,14058,18998,21366,15534,16469,10920,8263,8846,9309,12053,14689,22687,19754,2246,150,19528,1,32:22
2024-25,1630573,Sam Hauser,Sam,1610612738,BOS,Boston Celtics,0022400172,2024-11-06T00:00:00,BOS vs. GSW,L,21.783333333333335,3.3,8.3,0.4,3.3,8.3,0.4,0.0,0.0,0.0,0.0,8.3,8.3,1.7,0.0,0.0,0.0,0.0,1.7,6.6,9.9,6.6,22.3,0,0,23.1,1,13222,1,13222,14685,18744,19850,14933,5644,5982,7874,13505,14344,13505,14058,4331,7829,17495,16469,12854,8263,8846,16697,1975,18245,9329,19976,2246,150,18907,1,21:47
2024-25,1642266,Ja'Kobe Walter,Ja'Kobe,1610612761,TOR,Toronto Raptors,0022400180,2024-11-06T00:00:00,TOR @ SAC,L,7.75,4.6,13.9,0.333,0.0,4.6,0.0,0.0,0.0,0.0,0.0,4.6,4.6,0.0,0.0,0.0,0.0,4.6,0.0,0.0,9.3,37.2,14.9,0,0,13.9,1,13222,1,13222,22906,15377,10266,17395,15070,14100,15070,13505,14344,13505,14058,11868,15714,19908,16469,12854,8263,451,20257,17725,18818,1187,23222,2246,150,23437,1,7:45
2024-25,1641783,Tristan da Silva,Tristan,1610612753,ORL,Orlando Magic,0022400170,2024-11-06T00:00:00,ORL @ IND,L,23.266666666666666,3.1,6.2,0.5,1.5,3.1,0.5,0.0,0.0,0.0,0.0,0.0,0.0,4.6,1.5,0.0,0.0,0.0,4.6,3.1,7.7,-15.5,13.2,0,0,13.9,1,13222,1,13222,13494,19211,22433,8526,11869,17467,3944,13505,14344,13505,14058,22137,23286,8324,12555,12854,8263,8846,5433,8901,20140,20086,23730,2246,150,23439,1,23:16
2024-25,1641722,Jordan Hawkins,Jordan,1610612740,NOP,New Orleans Pelicans,0022400175,2024-11-06T00:00:00,NOP vs. CLE,L,18.488333333333333,1.9,13.6,0.143,1.9,7.8,0.25,7.8,7.8,1.0,0.0,7.8,7.8,1.9,1.9,0.0,1.9,1.9,0.0,3.9,13.6,-19.5,29.8,0,0,29.2,1,13222,1,13222,17210,21502,10778,22260,10419,6817,11902,1515,2675,1,14058,5025,8632,16571,10806,12854,3636,3395,20257,6581,14354,21392,14951,2246,150,14540,1,18:29
2024-25,1630171,Isaac Okoro,Isaac,1610612739,CLE,Cleveland Cavaliers,0022400175,2024-11-06T00:00:00,CLE @ NOP,W,23.856666666666666,4.5,4.5,1.0,1.5,1.5,1.0,0.0,0.0,0.0,1.5,4.5,6.0,4.5,0.0,0.0,0.0,0.0,0.0,0.0,10.6,9.1,24.6,0,0,22.6,1,1,13086,1,13027,15693,23791,1,11998,20259,1,13505,14344,13505,10284,12189,12198,8584,16469,12854,8263,8846,20257,17725,17601,8154,18545,2246,150,19253,1,23:51
2024-25,1628970,Miles Bridges,Miles,1610612766,CHA,Charlotte Hornets,0022400169,2024-11-06T00:00:00,CHA vs. DET,W,35.005,8.2,14.4,0.571,2.1,3.1,0.667,9.3,9.3,1.0,1.0,6.2,7.2,2.1,0.0,0.0,0.0,0.0,3.1,6.2,27.8,6.2,39.5,0,0,39.1,1,1,13086,1,3457,6158,9544,6538,9890,17481,1957,927,1739,1,13042,7973,9751,16169,16469,12854,8263,8846,10333,2427,2878,9540,8083,2246,150,7329,1,35:00
2024-25,1629611,Terance Mann,Terance,1610612746,LAC,LA Clippers,0022400179,2024-11-06T00:00:00,LAC vs. PHI,W,20.683333333333334,5.2,10.4,0.5,1.7,5.2,0.333,0.0,0.0,0.0,1.7,1.7,3.5,3.5,0.0,1.7,0.0,1.7,3.5,1.7,12.2,3.5,26.8,0,0,24.4,1,1,13086,1,15504,13756,16313,8526,11278,12655,9209,13505,14344,13505,9443,20379,18589,11447,16469,7483,8263,4052,8799,14143,15936,10897,17082,2246,150,18100,1,20:41
2024-25,1641796,Pelle Larsson,Pelle,1610612748,MIA,Miami Heat,0022400178,2024-11-06T00:00:00,MIA @ PHX,L,21.383333333333333,3.4,8.4,0.4,0.0,5.1,0.0,3.4,5.1,0.667,0.0,0.0,0.0,5.1,1.7,0.0,0.0,0.0,5.1,3.4,10.1,-13.5,16.0,0,0,15.2,1,13222,1,13222,15006,18605,19616,14933,15070,13072,15070,6967,5826,9425,14058,22137,23286,7350,11988,12854,8263,8846,4493,8052,18047,19290,22858,2246,150,23005,1,21:23
2024-25,1629048,Goga Bitadze,Goga,1610612753,ORL,Orlando Magic,0022400170,2024-11-06T00:00:00,ORL @ IND,L,29.823333333333334,6.0,12.1,0.5,0.0,2.4,0.0,0.0,0.0,0.0,4.8,9.7,14.5,2.4,2.4,1.2,3.6,0.0,6.0,2.4,12.1,-6.0,45.1,1,0,38.6,1,13222,1,13222,7948,11415,13468,8526,15070,18778,15070,13505,14344,13505,2530,2866,2004,14831,8597,10121,1133,8846,2895,11295,16072,16080,5105,1,150,7628,1,29:49
2024-25,203926,Doug McDermott,Doug,1610612758,SAC,Sacramento Kings,0022400180,2024-11-06T00:00:00,SAC vs. TOR,W,2.533333333333333,0.0,0.0,0.0,0.0,0.0,0.0,0.0,0.0,0.0,0.0,14.2,14.2,0.0,0.0,0.0,0.0,0.0,0.0,0.0,0.0,0.0,17.1,0,0,14.2,1,1,13086,1,25196,22635,24836,22635,15070,20945,15070,13505,14344,13505,14058,713,2138,19908,16469,12854,8263,8846,20257,17725,23200,12240,22461,2246,150,23354,1,2:32
2024-25,1630700,Dyson Daniels,Dyson,1610612737,ATL,Atlanta Hawks,0022400171,2024-11-06T00:00:00,ATL vs. NYK,W,36.778333333333336,2.9,15.7,0.188,0.0,3.9,0.0,0.0,0.0,0.0,1.0,3.9,4.9,2.0,2.0,3.9,1.0,0.0,2.9,1.0,5.9,0.0,27.4,0,0,22.5,1,1,13086,1,2136,19564,7598,21885,15070,15749,15070,13505,14344,13505,13436,13982,15084,16533,10738,1723,7634,8846,11006,17459,21478,12240,16652,2246,150,19348,1,36:47
2024-25,1642275,Tidjane Salaün,Tidjane,1610612766,CHA,Charlotte Hornets,0022400169,2024-11-06T00:00:00,CHA vs. DET,W,11.966666666666667,3.0,3.0,1.0,3.0,3.0,1.0,0.0,0.0,0.0,0.0,3.0,3.0,0.0,0.0,0.0,0.0,0.0,0.0,3.0,9.0,-18.1,12.6,0,0,15.0,1,1,13086,1,21302,19395,24486,1,6478,17623,1,13505,14344,13505,14058,16684,19701,19908,16469,12854,8263,8846,20257,9208,19051,20948,23860,2246,150,23050,1,11:58
2024-25,1629216,Gabe Vincent,Gabe,1610612747,LAL,Los Angeles Lakers,0022400174,2024-11-06T00:00:00,LAL @ MEM,L,23.35,3.1,12.3,0.25,1.5,9.3,0.167,1.5,3.1,0.5,0.0,1.5,1.5,1.5,3.1,0.0,0.0,0.0,1.5,1.5,9.3,-23.1,10.3,0,0,13.9,1,13222,1,13222,13419,19246,13025,20233,11891,4453,14236,11711,9762,10625,14058,20792,22521,17834,6174,12854,8263,8846,17077,14828,18862,22358,24363,2246,150,23453,1,23:21
2024-25,1628371,Jonathan Isaac,Jonathan,1610612753,ORL,Orlando Magic,0022400170,2024-11-06T00:00:00,ORL @ IND,L,15.495,9.3,9.3,1.0,0.0,0.0,0.0,2.3,4.6,0.5,4.6,9.3,13.9,0.0,2.3,0.0,2.3,0.0,0.0,4.6,20.9,2.3,42.3,0,0,39.5,1,13222,1,13222,19255,4212,18281,1,15070,20945,15070,9550,6586,10625,2753,3211,2265,19908,8973,12854,2696,8846,20257,4841,7155,11455,6481,2246,150,7072,1,15:30
2024-25,1630191,Isaiah Stewart,Isaiah,1610612765,DET,Detroit Pistons,0022400169,2024-11-06T00:00:00,DET @ CHA,L,25.986666666666668,4.2,8.3,0.5,0.0,1.4,0.0,0.0,2.8,0.0,1.4,8.3,9.7,8.3,1.4,0.0,1.4,0.0,2.8,2.8,8.3,-9.7,35.2,0,0,29.1,1,13222,1,13222,11174,16717,19779,8526,15070,20390,15070,13505,10560,13505,10817,4265,5801,2602,13376,12854,5293,8846,11767,10076,19648,17757,10941,2246,150,14628,1,25:59
2024-25,201935,James Harden,James,1610612746,LAC,LA Clippers,0022400179,2024-11-06T00:00:00,LAC vs. PHI,W,33.95,5.3,15.9,0.333,1.1,6.4,0.167,7.4,9.5,0.778,0.0,4.2,4.2,6.4,6.4,3.2,1.1,1.1,1.1,8.5,19.1,13.8,40.1,0,0,39.2,1,1,13086,1,4306,13526,7253,17395,14196,9845,14236,1720,1576,8092,14058,13001,16704,4911,1195,2783,7058,7393,19337,838,8771,6086,7708,2246,150,7251,1,33:57
2024-25,1630231,KJ Martin,KJ,1610612755,PHI,Philadelphia 76ers,0022400179,2024-11-06T00:00:00,PHI @ LAC,L,18.45,9.8,11.7,0.833,0.0,0.0,0.0,0.0,0.0,0.0,0.0,7.8,7.8,0.0,0.0,2.0,0.0,0.0,2.0,0.0,19.5,-2.0,34.7,0,0,31.2,1,13222,1,13222,17247,3529,14099,1514,15070,20945,15070,13505,14344,13505,14058,5001,8610,19908,16469,6493,8263,8846,15401,17725,8362,14017,11261,2246,150,12983,1,18:27
2024-25,1627884,Derrick Jones Jr.,Derrick,1610612746,LAC,LA Clippers,0022400179,2024-11-06T00:00:00,LAC vs. PHI,W,23.85,7.5,9.1,0.833,1.5,3.0,0.5,4.5,4.5,1.0,1.5,4.5,6.0,3.0,0.0,0.0,0.0,0.0,3.0,3.0,21.1,13.6,32.9,0,0,31.7,1,1,13086,1,13031,7648,18629,1514,11994,17609,3944,4783,6779,1,10276,12179,12193,12860,16469,12854,8263,8846,10625,9167,6970,6174,12655,2246,150,12628,1,23:51
2024-25,200768,Kyle Lowry,Kyle,1610612755,PHI,Philadelphia 76ers,0022400179,2024-11-06T00:00:00,PHI @ LAC,L,19.913333333333334,0.0,5.4,0.0,0.0,5.4,0.0,0.0,0.0,0.0,1.8,1.8,3.6,7.2,3.6,1.8,0.0,0.0,3.6,0.0,0.0,-16.3,17.0,0,0,14.5,1,13222,1,13222,16089,22635,23149,22635,15070,12158,15070,13505,14344,13505,9213,20224,18288,3715,4747,7213,8263,8846,8385,17725,23200,20358,22493,2246,150,23267,1,19:55
2024-25,1641816,Hunter Tyson,Hunter,1610612743,DEN,Denver Nuggets,0022400177,2024-11-06T00:00:00,DEN vs. OKC,W,18.666666666666668,1.9,3.9,0.5,0.0,1.9,0.0,0.0,0.0,0.0,0.0,7.7,7.7,0.0,3.9,1.9,0.0,0.0,7.7,0.0,3.9,-11.6,15.0,0,0,15.4,1,1,13086,1,17057,21539,24158,8526,15070,19688,15070,13505,14344,13505,14058,5149,8781,19908,4173,6629,8263,8846,1505,17725,22627,18555,23166,2246,150,22907,1,18:40
2024-25,1628973,Jalen Brunson,Jalen,1610612752,NYK,New York Knicks,0022400171,2024-11-06T00:00:00,NYK @ ATL,L,36.76166666666666,7.8,17.6,0.444,3.9,10.8,0.364,1.0,2.0,0.5,0.0,2.9,2.9,3.9,2.9,0.0,0.0,1.0,2.9,4.9,20.6,-4.9,27.0,0,0,31.3,1,13222,1,13222,2154,6998,5111,13045,4170,2701,9100,13297,12839,10625,14058,16947,19895,10183,6687,12854,8263,8102,11001,4301,7434,15528,16920,2246,150,12901,1,36:46
2024-25,202693,Markieff Morris,Markieff,1610612742,DAL,Dallas Mavericks,0022400176,2024-11-06T00:00:00,DAL vs. CHI,W,4.866666666666666,0.0,7.4,0.0,0.0,0.0,0.0,0.0,0.0,0.0,0.0,14.8,14.8,14.8,0.0,0.0,0.0,0.0,0.0,0.0,0.0,-59.2,39.9,0,0,29.6,1,1,13086,1,24032,22635,21073,22635,15070,20945,15070,13505,14344,13505,14058,607,1872,311,16469,12854,8263,8846,20257,17725,23200,25667,7801,2246,150,14247,1,4:52
2024-25,1628415,Dillon Brooks,Dillon,1610612745,HOU,Houston Rockets,0022400173,2024-11-06T00:00:00,HOU vs. SAS,W,24.566666666666666,5.9,13.2,0.444,1.5,4.4,0.333,1.5,1.5,1.0,0.0,2.9,2.9,0.0,0.0,1.5,0.0,0.0,2.9,1.5,14.7,14.7,22.6,0,0,22.0,1,1,13086,1,12410,11914,11500,13045,12180,14691,9209,11860,13517,1,14058,16962,19905,19908,16469,8551,8263,8846,11023,15152,13243,5760,19836,2246,150,19691,1,24:34
2024-25,1630591,Jalen Suggs,Jalen,1610612753,ORL,Orlando Magic,0022400170,2024-11-06T00:00:00,ORL @ IND,L,35.666666666666664,6.1,10.1,0.6,1.0,3.0,0.333,2.0,2.0,1.0,1.0,4.0,5.0,6.1,5.0,1.0,1.0,0.0,3.0,3.0,15.1,-14.1,31.3,0,0,31.3,1,13222,1,13222,2928,11349,16902,5394,14492,17592,9209,10576,12665,1,13184,13604,14676,5386,2283,11869,7420,8846,10589,9132,12767,19562,13831,2246,150,12940,1,35:40
2024-25,1631096,Chet Holmgren,Chet,1610612760,OKC,Oklahoma City Thunder,0022400177,2024-11-06T00:00:00,OKC @ DEN,L,35.54333333333334,5.1,14.2,0.357,2.0,3.0,0.667,3.0,3.0,1.0,3.0,7.1,10.1,0.0,3.0,0.0,1.0,3.0,3.0,3.0,15.2,-11.1,27.3,1,0,29.4,1,13222,1,13222,3037,14201,9868,17140,10042,17574,1957,7698,9880,1,5251,6198,5296,19908,6317,12854,7404,1293,10544,9102,12715,18387,16702,1,150,14432,1,35:33
2024-25,1641710,Anthony Black,Anthony,1610612753,ORL,Orlando Magic,0022400170,2024-11-06T00:00:00,ORL @ IND,L,26.998333333333335,5.3,9.3,0.571,0.0,1.3,0.0,5.3,8.0,0.667,0.0,0.0,0.0,8.0,1.3,2.7,0.0,0.0,5.3,6.7,16.0,-4.0,34.7,0,0,29.3,1,13222,1,13222,10344,13447,18225,6538,15070,20460,15070,3612,2521,9425,14058,22137,23286,2885,13653,3978,8263,8846,3955,1932,11918,15064,11324,2246,150,14456,1,26:60
2024-25,1630167,Obi Toppin,Obi,1610612754,IND,Indiana Pacers,0022400170,2024-11-06T00:00:00,IND vs. ORL,W,16.933333333333334,4.3,6.4,0.667,0.0,0.0,0.0,0.0,0.0,0.0,0.0,0.0,0.0,2.1,0.0,0.0,0.0,2.1,2.1,0.0,8.5,10.6,11.7,0,0,10.6,1,1,13086,1,18290,16457,22235,3281,15070,20945,15070,13505,14344,13505,14058,22137,23286,15908,16469,12854,8263,2846,14483,17725,19512,7401,24089,2246,150,24306,1,16:56
2024-25,1629098,Jack McVeigh,Jack,1610612745,HOU,Houston Rockets,0022400173,2024-11-06T00:00:00,HOU vs. SAS,W,2.0833333333333335,0.0,51.8,0.0,0.0,17.3,0.0,0.0,0.0,0.0,0.0,0.0,0.0,0.0,0.0,0.0,0.0,0.0,0.0,0.0,0.0,-17.3,0.0,0,0,0.0,1,1,13086,1,25420,22635,27,22635,15070,389,15070,13505,14344,13505,14058,22137,23286,19908,16469,12854,8263,8846,20257,17725,23200,20707,25228,2246,150,25259,1,2:05
2024-25,1631223,David Roddy,David,1610612737,ATL,Atlanta Hawks,0022400171,2024-11-06T00:00:00,ATL vs. NYK,W,11.15,0.0,3.2,0.0,0.0,3.2,0.0,0.0,0.0,0.0,3.2,3.2,6.5,3.2,0.0,0.0,0.0,0.0,0.0,3.2,0.0,-58.1,12.6,0,0,9.7,1,1,13086,1,21645,22635,24415,22635,15070,17213,15070,13505,14344,13505,4885,15992,11258,12199,16469,12854,8263,8846,20257,8465,23200,25634,23874,2246,150,24487,1,11:09
2024-25,1631107,Nikola Jović,Nikola,1610612748,MIA,Miami Heat,0022400178,2024-11-06T00:00:00,MIA @ PHX,L,5.266666666666667,6.8,13.7,0.5,0.0,0.0,0.0,13.7,13.7,1.0,0.0,6.8,6.8,0.0,0.0,0.0,0.0,0.0,0.0,6.8,27.3,13.7,35.5,0,0,34.2,1,13222,1,13222,23875,9329,10690,8526,15070,20945,15070,225,502,1,14058,6642,10450,19908,16469,12854,8263,8846,20257,1789,3038,6136,10696,2246,150,10715,1,5:16
2024-25,1629637,Jaxson Hayes,Jaxson,1610612747,LAL,Los Angeles Lakers,0022400174,2024-11-06T00:00:00,LAL @ MEM,L,34.666666666666664,3.1,6.2,0.5,0.0,0.0,0.0,2.1,2.1,1.0,2.1,8.3,10.4,1.0,1.0,0.0,0.0,1.0,5.2,2.1,8.3,-13.5,21.3,0,0,19.7,1,13222,1,13222,3721,19157,22386,8526,15070,20945,15070,10370,12491,1,8047,4269,5018,19564,15574,12854,8263,7589,4208,12725,19649,19306,20541,2246,150,21017,1,34:40
2024-25,101108,Chris Paul,Chris,1610612759,SAS,San Antonio Spurs,0022400173,2024-11-06T00:00:00,SAS @ HOU,L,19.983333333333334,5.4,12.6,0.429,5.4,12.6,0.429,1.8,1.8,1.0,1.8,1.8,3.6,7.2,3.6,0.0,0.0,0.0,5.4,0.0,18.0,-18.0,29.5,0,0,34.2,1,13222,1,13222,16026,13263,12545,13735,1845,1469,7394,11237,13192,1,9235,20241,18315,3755,4770,12854,8263,8846,3845,17725,9821,20939,15111,2246,150,10675,1,19:59
2024-25,1642377,Jaylen Wells,Jaylen,1610612763,MEM,Memphis Grizzlies,0022400174,2024-11-06T00:00:00,MEM vs. LAL,W,28.033333333333335,9.0,12.8,0.7,6.4,9.0,0.714,1.3,2.6,0.5,0.0,3.9,3.9,1.3,1.3,1.3,0.0,0.0,0.0,1.3,25.7,10.3,34.8,0,0,39.8,1,1,13086,1,9519,4729,12139,3045,1042,4853,1861,12343,11052,10625,14058,14176,17701,18711,13883,9547,8263,8846,20257,15975,3837,7570,11197,2246,150,6888,1,28:02
2024-25,1641711,Gradey Dick,Gradey,1610612761,TOR,Toronto Raptors,0022400180,2024-11-06T00:00:00,TOR @ SAC,L,23.883333333333333,4.5,15.1,0.3,0.0,7.5,0.0,1.5,3.0,0.5,1.5,4.5,6.0,3.0,0.0,0.0,0.0,0.0,6.0,1.5,10.6,-33.2,22.3,0,0,19.6,1,13222,1,13222,13003,15707,8478,19363,15070,7314,15070,11782,9937,10625,10291,12203,12211,12876,16469,12854,8263,8846,2903,14978,17611,24188,19980,2246,150,21098,1,23:53
2024-25,1630658,Colin Castleton,Colin,1610612763,MEM,Memphis Grizzlies,0022400174,2024-11-06T00:00:00,MEM vs. LAL,W,1.9333333333333333,0.0,0.0,0.0,0.0,0.0,0.0,0.0,0.0,0.0,0.0,0.0,0.0,0.0,0.0,0.0,0.0,0.0,37.2,0.0,0.0,-18.6,0.0,0,0,0.0,1,1,13086,1,25499,22635,24836,22635,15070,20945,15070,13505,14344,13505,14058,22137,23286,19908,16469,12854,8263,8846,19,17725,23200,21104,25228,2246,150,25259,1,1:56
2024-25,1642264,Stephon Castle,Stephon,1610612759,SAS,San Antonio Spurs,0022400173,2024-11-06T00:00:00,SAS @ HOU,L,25.383333333333333,2.8,11.3,0.25,1.4,7.1,0.2,0.0,0.0,0.0,0.0,2.8,2.8,0.0,0.0,4.3,0.0,0.0,1.4,5.7,7.1,-24.1,23.3,0,0,19.9,1,13222,1,13222,11666,19797,14755,20233,12376,8268,13429,13505,14344,13505,14058,17280,20157,19908,16469,1413,8263,8846,17546,3074,20647,22604,19399,2246,150,20943,1,25:23
2024-25,1630228,Jonathan Kuminga,Jonathan,1610612744,GSW,Golden State Warriors,0022400172,2024-11-06T00:00:00,GSW @ BOS,W,17.95,8.0,20.1,0.4,4.0,6.0,0.667,0.0,0.0,0.0,0.0,8.0,8.0,2.0,2.0,0.0,0.0,0.0,6.0,2.0,20.1,-4.0,30.7,0,0,34.1,1,1,13086,1,17593,6587,2931,14933,3975,10648,1957,13505,14344,13505,14058,4674,8231,16353,10494,12854,8263,8846,2915,13057,7882,15073,14282,2246,150,10781,1,17:57
2024-25,1642263,Reed Sheppard,Reed,1610612745,HOU,Houston Rockets,0022400173,2024-11-06T00:00:00,HOU vs. SAS,W,20.15,3.6,8.9,0.4,1.8,5.4,0.333,0.0,0.0,0.0,1.8,1.8,3.6,5.4,3.6,0.0,0.0,0.0,1.8,0.0,8.9,14.3,17.7,0,0,19.7,1,1,13086,1,15903,18147,18818,14933,11125,12304,9209,13505,14344,13505,9291,20279,18390,6704,4834,12854,8263,8846,16246,17725,19152,5893,22221,2246,150,21065,1,20:09
2024-25,1642434,Riley Minix,Riley,1610612759,SAS,San Antonio Spurs,0022400173,2024-11-06T00:00:00,SAS @ HOU,L,6.75,0.0,5.3,0.0,0.0,5.3,0.0,0.0,0.0,0.0,0.0,10.7,10.7,0.0,0.0,0.0,0.0,0.0,0.0,0.0,0.0,0.0,12.8,0,0,10.7,1,13222,1,13222,23257,22635,23233,22635,15070,12367,15070,13505,14344,13505,14058,2108,4751,19908,16469,12854,8263,8846,20257,17725,23200,12240,23823,2246,150,24298,1,6:45
2024-25,1642403,Isaac Jones,Isaac,1610612758,SAC,Sacramento Kings,0022400180,2024-11-06T00:00:00,SAC vs. TOR,W,1.1333333333333333,0.0,31.8,0.0,0.0,0.0,0.0,0.0,0.0,0.0,0.0,0.0,0.0,0.0,0.0,0.0,0.0,0.0,0.0,0.0,0.0,0.0,0.0,0,0,0.0,1,1,13086,1,26002,22635,208,22635,15070,20945,15070,13505,14344,13505,14058,22137,23286,19908,16469,12854,8263,8846,20257,17725,23200,12240,25228,2246,150,25259,1,1:08
2024-25,1641765,Olivier-Maxence Prosper,Olivier-Maxence,1610612742,DAL,Dallas Mavericks,0022400176,2024-11-06T00:00:00,DAL vs. CHI,W,19.683333333333334,5.5,14.6,0.375,0.0,1.8,0.0,0.0,0.0,0.0,1.8,0.0,1.8,0.0,1.8,0.0,0.0,1.8,5.5,1.8,11.0,7.3,11.3,0,0,12.8,1,1,13086,1,16273,13021,9157,16299,15070,19869,15070,13505,14344,13505,9135,22137,22116,19908,11413,12854,8263,3806,3719,13812,17201,8977,24170,2246,150,23777,1,19:41
2024-25,1628969,Mikal Bridges,Mikal,1610612752,NYK,New York Knicks,0022400171,2024-11-06T00:00:00,NYK @ ATL,L,38.63333333333333,3.7,9.3,0.4,1.9,6.5,0.286,0.0,0.0,0.0,0.0,1.9,1.9,4.7,1.9,0.9,0.0,0.0,1.9,1.9,9.3,-14.0,19.5,0,0,19.6,1,13222,1,13222,1042,17756,18248,14933,10812,9495,11433,13505,14344,13505,14058,20068,22061,8281,11255,12496,8263,8846,15871,13676,18795,19497,21423,2246,150,21112,1,38:38
2024-25,1630532,Franz Wagner,Franz,1610612753,ORL,Orlando Magic,0022400170,2024-11-06T00:00:00,ORL @ IND,L,39.36666666666667,9.1,21.0,0.435,1.8,6.4,0.286,5.5,7.3,0.75,0.9,6.4,7.3,5.5,2.7,0.0,0.0,0.9,3.7,4.6,25.6,-0.9,39.9,0,0,40.2,1,13222,1,13222,761,4450,2319,13702,10952,9749,11433,3425,3081,8186,13842,7506,9540,6455,7403,12854,8263,8585,8237,5001,3876,13472,7840,2246,150,6652,1,39:22
2024-25,1641724,Jett Howard,Jett,1610612753,ORL,Orlando Magic,0022400170,2024-11-06T00:00:00,ORL @ IND,L,3.0833333333333335,0.0,35.0,0.0,0.0,23.4,0.0,0.0,0.0,0.0,0.0,0.0,0.0,0.0,11.7,0.0,0.0,0.0,11.7,0.0,0.0,-35.0,-11.7,0,0,0.0,1,13222,1,13222,24947,22635,135,22635,15070,136,15070,13505,14344,13505,14058,22137,23286,19908,218,12854,8263,8846,449,17725,23200,24409,26238,2246,150,25259,1,3:05
2024-25,1628464,Daniel Theis,Daniel,1610612740,NOP,New Orleans Pelicans,0022400175,2024-11-06T00:00:00,NOP vs. CLE,L,5.833333333333333,0.0,6.2,0.0,0.0,0.0,0.0,0.0,0.0,0.0,0.0,0.0,0.0,0.0,0.0,0.0,0.0,0.0,6.2,0.0,0.0,-30.9,0.0,0,0,0.0,1,13222,1,13222,23649,22635,22448,22635,15070,20945,15070,13505,14344,13505,14058,22137,23286,19908,16469,12854,8263,8846,2734,17725,23200,23862,25228,2246,150,25259,1,5:50
2024-25,1626164,Devin Booker,Devin,1610612756,PHX,Phoenix Suns,0022400178,2024-11-06T00:00:00,PHX vs. MIA,W,38.88333333333333,8.3,15.7,0.529,1.9,6.5,0.286,1.9,2.8,0.667,0.9,2.8,3.7,8.3,2.8,0.0,0.0,0.9,0.9,1.9,20.4,7.4,34.5,0,0,34.3,1,1,13086,1,922,5918,7489,8281,10872,9592,11433,11115,10543,9425,13801,17474,18065,2575,7299,12854,8263,8526,20081,13729,7606,8934,11423,2246,150,10646,1,38:53
2024-25,1630178,Tyrese Maxey,Tyrese,1610612755,PHI,Philadelphia 76ers,0022400179,2024-11-06T00:00:00,PHI @ LAC,L,31.553333333333335,5.7,14.8,0.385,1.1,6.8,0.167,1.1,1.1,1.0,0.0,1.1,1.1,1.1,3.4,1.1,0.0,0.0,3.4,1.1,13.7,-18.3,16.8,0,0,19.4,1,13222,1,13222,6375,12404,8850,16070,13705,8793,14236,12782,13976,1,14058,21656,23023,19224,5184,10672,8263,8846,8999,16705,14293,21004,22569,2246,150,21207,1,31:33
2024-25,1627936,Alex Caruso,Alex,1610612760,OKC,Oklahoma City Thunder,0022400177,2024-11-06T00:00:00,OKC @ DEN,L,21.583333333333332,1.7,15.0,0.111,0.0,5.0,0.0,0.0,0.0,0.0,1.7,8.3,10.0,6.7,0.0,6.7,3.3,1.7,8.3,1.7,3.3,-13.3,55.4,0,0,40.0,1,13222,1,13222,14862,21937,8594,22520,15070,13205,15070,13505,14344,13505,9689,4227,5423,4468,16469,348,1364,4230,1205,14377,22833,19250,1911,2246,150,6764,1,21:35
2024-25,1629629,Cam Reddish,Cam,1610612747,LAL,Los Angeles Lakers,0022400174,2024-11-06T00:00:00,LAL @ MEM,L,25.933333333333334,6.9,9.7,0.714,2.8,2.8,1.0,4.2,5.6,0.75,2.8,5.6,8.3,2.8,0.0,2.8,0.0,2.8,4.2,2.8,20.8,0.0,43.3,0,0,40.3,1,13222,1,13222,11215,9068,17547,2752,7295,18114,1,5405,5122,8186,5917,9407,7724,13662,16469,3742,8263,1633,6654,10053,7222,12240,5979,2246,150,6643,1,25:56
2024-25,1631288,Jamal Cain,Jamal,1610612740,NOP,New Orleans Pelicans,0022400175,2024-11-06T00:00:00,NOP vs. CLE,L,0.13,0.0,0.0,0.0,0.0,0.0,0.0,0.0,0.0,0.0,0.0,0.0,0.0,0.0,0.0,0.0,0.0,0.0,0.0,0.0,0.0,0.0,0.0,0,0,0.0,1,13222,1,13222,26276,22635,24836,22635,15070,20945,15070,13505,14344,13505,14058,22137,23286,19908,16469,12854,8263,8846,20257,17725,23200,12240,25228,2246,150,25259,1,0:08
2024-25,1641757,Jordan Miller,Jordan,1610612746,LAC,LA Clippers,0022400179,2024-11-06T00:00:00,LAC vs. PHI,W,3.3666666666666667,0.0,10.7,0.0,0.0,10.7,0.0,0.0,0.0,0.0,0.0,0.0,0.0,0.0,10.7,0.0,0.0,0.0,0.0,0.0,0.0,-74.9,-10.7,0,0,0.0,1,1,13086,1,24790,22635,15888,22635,15070,2777,15070,13505,14344,13505,14058,22137,23286,19908,273,12854,8263,8846,20257,17725,23200,25949,26230,2246,150,25259,1,3:22
2024-25,1628470,Torrey Craig,Torrey,1610612741,CHI,Chicago Bulls,0022400176,2024-11-06T00:00:00,CHI @ DAL,L,2.9,0.0,0.0,0.0,0.0,0.0,0.0,0.0,0.0,0.0,0.0,0.0,0.0,0.0,0.0,0.0,0.0,0.0,12.4,0.0,0.0,-49.7,0.0,0,0,0.0,1,13222,1,13222,25027,22635,24836,22635,15070,20945,15070,13505,14344,13505,14058,22137,23286,19908,16469,12854,8263,8846,383,17725,23200,25385,25228,2246,150,25259,1,2:54
2024-25,1641737,Adem Bona,Adem,1610612755,PHI,Philadelphia 76ers,0022400179,2024-11-06T00:00:00,PHI @ LAC,L,3.6166666666666667,0.0,0.0,0.0,0.0,0.0,0.0,0.0,0.0,0.0,0.0,0.0,0.0,0.0,0.0,0.0,0.0,0.0,0.0,0.0,0.0,69.7,0.0,0,0,0.0,1,13222,1,13222,24660,22635,24836,22635,15070,20945,15070,13505,14344,13505,14058,22137,23286,19908,16469,12854,8263,8846,20257,17725,23200,245,25228,2246,150,25259,1,3:37
2024-25,1630188,Jalen Smith,Jalen,1610612741,CHI,Chicago Bulls,0022400176,2024-11-06T00:00:00,CHI @ DAL,L,15.75,2.3,11.4,0.2,0.0,6.9,0.0,0.0,0.0,0.0,0.0,11.4,11.4,0.0,2.3,2.3,0.0,0.0,9.1,0.0,4.6,-4.6,22.9,0,0,20.6,1,13222,1,13222,19100,20881,14607,21401,15070,8760,15070,13505,14344,13505,14058,1682,4029,19908,9141,5092,8263,8846,921,17725,22250,15354,19644,2246,150,20526,1,15:45
2024-25,1628379,Luke Kennard,Luke,1610612763,MEM,Memphis Grizzlies,0022400174,2024-11-06T00:00:00,MEM vs. LAL,W,18.25,3.9,7.9,0.5,2.0,3.9,0.5,2.0,3.9,0.5,0.0,2.0,2.0,3.9,0.0,0.0,0.0,0.0,3.9,0.0,11.8,17.8,20.1,0,0,19.7,1,1,13086,1,17404,17214,20427,8526,10279,15686,3944,10733,7956,10625,14058,19749,21852,10088,16469,12854,8263,8846,7294,17725,16310,4643,21100,2246,150,21019,1,18:15
2024-25,1641732,Colby Jones,Colby,1610612758,SAC,Sacramento Kings,0022400180,2024-11-06T00:00:00,SAC vs. TOR,W,1.1333333333333333,0.0,0.0,0.0,0.0,0.0,0.0,0.0,0.0,0.0,0.0,0.0,0.0,0.0,0.0,0.0,0.0,0.0,0.0,0.0,0.0,0.0,0.0,0,0,0.0,1,1,13086,1,26002,22635,24836,22635,15070,20945,15070,13505,14344,13505,14058,22137,23286,19908,16469,12854,8263,8846,20257,17725,23200,12240,25228,2246,150,25259,1,1:08
2024-25,203939,Dwight Powell,Dwight,1610612742,DAL,Dallas Mavericks,0022400176,2024-11-06T00:00:00,DAL vs. CHI,W,19.6,1.8,1.8,1.0,0.0,0.0,0.0,5.5,7.3,0.75,1.8,7.3,9.2,5.5,1.8,3.7,1.8,0.0,5.5,7.3,9.2,16.5,43.2,0,0,34.9,1,1,13086,1,16331,21693,24782,1,15070,20945,15070,3407,3055,8186,9102,5757,6465,6406,11381,2001,3966,8846,3690,1419,18911,5060,6053,2246,150,10164,1,19:36
2024-25,1630556,Kessler Edwards,Kessler,1610612742,DAL,Dallas Mavericks,0022400176,2024-11-06T00:00:00,DAL vs. CHI,W,4.866666666666666,0.0,7.4,0.0,0.0,7.4,0.0,0.0,0.0,0.0,0.0,0.0,0.0,0.0,0.0,0.0,0.0,0.0,14.8,0.0,0.0,-59.2,0.0,0,0,0.0,1,1,13086,1,24032,22635,21073,22635,15070,7618,15070,13505,14344,13505,14058,22137,23286,19908,16469,12854,8263,8846,253,17725,23200,25667,25228,2246,150,25259,1,4:52
2024-25,1641706,Brandon Miller,Brandon,1610612766,CHA,Charlotte Hornets,0022400169,2024-11-06T00:00:00,CHA vs. DET,W,28.533333333333335,7.6,20.2,0.375,3.8,13.9,0.273,5.0,5.0,1.0,2.5,5.0,7.6,5.0,3.8,0.0,0.0,1.3,2.5,2.5,24.0,1.3,36.8,0,0,40.4,1,1,13086,1,9085,7599,2833,16299,4484,964,11838,3958,5829,1,6542,10733,9027,7361,4364,12854,8263,5864,12693,10898,4823,11968,9808,2246,150,6561,1,28:32
2024-25,1630198,Isaiah Joe,Isaiah,1610612760,OKC,Oklahoma City Thunder,0022400177,2024-11-06T00:00:00,OKC @ DEN,L,25.073333333333334,5.7,15.8,0.364,4.3,12.9,0.333,0.0,0.0,0.0,5.7,1.4,7.2,4.3,0.0,1.4,0.0,0.0,4.3,2.9,15.8,-10.1,35.2,0,0,34.5,1,13222,1,13222,11938,12291,7417,16861,3372,1343,9209,13505,14344,13505,1785,21014,9790,9106,16469,8726,8263,8846,6263,9683,12126,17908,10951,2246,150,10483,1,25:04
2024-25,1628404,Josh Hart,Josh,1610612752,NYK,New York Knicks,0022400171,2024-11-06T00:00:00,NYK @ ATL,L,38.071666666666665,5.7,8.5,0.667,1.9,3.8,0.5,0.0,0.0,0.0,0.9,6.6,7.6,7.6,2.8,0.9,0.9,0.0,5.7,0.0,13.2,-13.2,36.5,0,0,34.0,1,13222,1,13222,1344,12498,19473,3281,10675,16039,3944,13505,14344,13505,13686,7059,9041,3320,7080,12395,7862,8846,3437,17725,14828,19204,10034,2246,150,10817,1,38:04
2024-25,1631222,Jake LaRavia,Jake,1610612763,MEM,Memphis Grizzlies,0022400174,2024-11-06T00:00:00,MEM vs. LAL,W,28.816666666666666,7.5,13.7,0.545,1.2,3.7,0.333,0.0,1.2,0.0,2.5,3.7,6.2,10.0,1.2,1.2,0.0,1.2,2.5,1.2,16.2,2.5,41.2,0,0,36.2,1,1,13086,1,8827,7778,10584,7695,13102,16107,9209,13505,13816,13505,6612,14475,11715,1443,14102,9805,8263,5939,12801,16134,11662,11372,7036,2246,150,9202,1,28:49
2024-25,1629674,Neemias Queta,Neemias,1610612738,BOS,Boston Celtics,0022400172,2024-11-06T00:00:00,BOS vs. GSW,L,28.145,7.7,14.1,0.545,0.0,0.0,0.0,2.6,5.1,0.5,6.4,3.8,10.2,0.0,1.3,0.0,2.6,2.6,2.6,2.6,17.9,16.6,36.6,0,0,33.3,1,13222,1,13222,9428,7315,10061,7695,15070,20945,15070,8904,5729,10625,1420,14212,5195,19908,13914,12854,2280,1939,12573,10769,9925,5029,9979,2246,150,11448,1,28:09
2024-25,1631323,Simone Fontecchio,Simone,1610612765,DET,Detroit Pistons,0022400169,2024-11-06T00:00:00,DET @ CHA,L,20.028333333333332,5.4,7.2,0.75,1.8,3.6,0.5,0.0,0.0,0.0,1.8,7.2,9.0,1.8,0.0,0.0,0.0,0.0,0.0,0.0,12.6,10.8,26.1,0,0,25.2,1,13222,1,13222,16000,13299,21329,2107,11090,16452,3944,13505,14344,13505,9249,6021,6768,17091,16469,12854,8263,8846,20257,17725,15514,7329,17574,2246,150,17551,1,20:02
2024-25,1630581,Josh Giddey,Josh,1610612741,CHI,Chicago Bulls,0022400176,2024-11-06T00:00:00,CHI @ DAL,L,27.85,3.9,11.6,0.333,1.3,3.9,0.333,3.9,5.2,0.75,1.3,2.6,3.9,7.8,6.5,1.3,0.0,0.0,1.3,2.6,12.9,-28.4,26.6,0,0,28.4,1,13222,1,13222,9671,17387,14254,17395,12887,15854,9209,5918,5647,8186,11230,17983,17634,3128,1146,9502,8263,8846,18060,10689,15172,23507,17196,2246,150,15119,1,27:51
2024-25,1630583,Santi Aldama,Santi,1610612763,MEM,Memphis Grizzlies,0022400174,2024-11-06T00:00:00,MEM vs. LAL,W,31.336666666666666,4.6,11.5,0.4,1.1,5.7,0.2,2.3,2.3,1.0,3.4,10.3,13.8,3.4,0.0,1.1,0.0,0.0,1.1,1.1,12.6,12.6,37.8,1,0,33.3,1,1,13086,1,6568,15519,14510,14933,13655,11352,13429,9636,11792,1,4463,2330,2344,11569,16469,10594,8263,8846,18825,16656,15452,6546,9164,1,150,11391,1,31:20
2024-25,1628384,OG Anunoby,OG,1610612752,NYK,New York Knicks,0022400171,2024-11-06T00:00:00,NYK @ ATL,L,41.36666666666667,4.4,11.3,0.385,2.6,7.0,0.375,1.7,1.7,1.0,0.9,4.4,5.2,2.6,0.0,0.9,0.0,0.0,0.9,0.9,13.1,-0.9,25.8,0,0,25.2,1,13222,1,13222,313,16197,14805,16070,7789,8538,8800,11347,13257,1,13971,12648,14226,14180,16469,12756,8263,8846,20199,17696,15037,13460,17713,2246,150,17483,1,41:22
2024-25,1631218,Trayce Jackson-Davis,Trayce,1610612744,GSW,Golden State Warriors,0022400172,2024-11-06T00:00:00,GSW @ BOS,W,16.183333333333334,8.9,13.3,0.667,0.0,0.0,0.0,0.0,0.0,0.0,2.2,2.2,4.4,2.2,2.2,0.0,0.0,0.0,2.2,0.0,17.8,-20.0,24.2,0,0,24.5,1,1,13086,1,18806,4889,11216,3281,15070,20945,15070,13505,14344,13505,7515,18999,16172,15535,9405,12854,8263,8846,13985,17725,10030,21557,18775,2246,150,18024,1,16:11
2024-25,1630202,Payton Pritchard,Payton,1610612738,BOS,Boston Celtics,0022400172,2024-11-06T00:00:00,BOS vs. GSW,L,32.17166666666667,5.6,14.5,0.385,3.4,12.3,0.273,3.4,3.4,1.0,2.2,1.1,3.4,3.4,2.2,0.0,0.0,1.1,4.5,1.1,17.9,-9.0,24.7,0,0,28.0,1,13222,1,13222,5833,12727,9280,16070,5498,1618,11838,6986,9182,1,7465,21713,18859,11800,9362,12854,8263,6882,5828,16830,9929,17405,18468,2246,150,15438,1,32:10
2024-25,1628960,Grayson Allen,Grayson,1610612756,PHX,Phoenix Suns,0022400178,2024-11-06T00:00:00,PHX vs. MIA,W,21.653333333333332,5.0,16.6,0.3,5.0,15.0,0.333,5.0,6.7,0.75,0.0,3.3,3.3,0.0,1.7,0.0,0.0,0.0,0.0,3.3,20.0,1.7,22.3,0,0,28.3,1,1,13086,1,14795,14425,6273,19363,2291,700,9209,4060,3713,8186,14058,15717,18932,19908,12085,12854,8263,8846,20257,8180,7960,11806,19994,2246,150,15237,1,21:39
2024-25,1631097,Bennedict Mathurin,Bennedict,1610612754,IND,Indiana Pacers,0022400170,2024-11-06T00:00:00,IND vs. ORL,W,33.916666666666664,3.2,7.4,0.429,1.1,3.2,0.333,13.8,14.9,0.929,1.1,10.6,11.7,1.1,2.1,1.1,0.0,0.0,4.2,7.4,21.2,1.1,37.9,1,0,37.1,1,1,13086,1,4334,19024,21028,13735,14188,17301,9209,215,364,6719,12784,2142,3778,19480,9890,11376,8263,8846,6436,1363,6903,12108,9089,1,150,8617,1,33:55
2024-25,1631124,Julian Strawther,Julian,1610612743,DEN,Denver Nuggets,0022400177,2024-11-06T00:00:00,DEN vs. OKC,W,27.281666666666666,4.0,14.5,0.273,1.3,9.2,0.143,2.6,2.6,1.0,2.6,4.0,6.6,7.9,2.6,0.0,0.0,1.3,5.3,1.3,11.9,15.8,29.0,0,0,27.7,1,1,13086,1,10125,17187,9337,20048,12785,4474,14649,8715,10886,1,6252,13843,10957,2977,7739,12854,8263,5552,4062,15810,16261,5313,15465,2246,150,15630,1,27:17
2024-25,203083,Andre Drummond,Andre,1610612755,PHI,Philadelphia 76ers,0022400179,2024-11-06T00:00:00,PHI @ LAC,L,32.483333333333334,4.4,6.6,0.667,1.1,1.1,1.0,0.0,2.2,0.0,4.4,6.6,11.1,1.1,1.1,0.0,1.1,0.0,2.2,1.1,10.0,-13.3,27.2,0,0,25.5,1,13222,1,13222,5567,15970,21954,3281,13896,20734,1,13505,12035,13505,3008,6996,4334,19326,15078,12854,6739,8846,14023,16874,18180,19227,16850,2246,150,17290,1,32:29
2024-25,1641741,Ricky Council IV,Ricky,1610612755,PHI,Philadelphia 76ers,0022400179,2024-11-06T00:00:00,PHI @ LAC,L,9.6,11.3,15.0,0.75,3.8,7.5,0.5,0.0,0.0,0.0,0.0,3.8,3.8,0.0,3.8,0.0,0.0,0.0,3.8,0.0,26.3,26.3,27.0,0,0,33.8,1,13222,1,13222,22243,2052,8606,2107,4578,7397,3944,13505,14344,13505,14058,14465,17932,19908,4437,12854,8263,8846,7905,17725,3560,2570,16937,2246,150,11030,1,9:36
2024-25,203501,Tim Hardaway Jr.,Tim,1610612765,DET,Detroit Pistons,0022400169,2024-11-06T00:00:00,DET @ CHA,L,31.066666666666666,5.8,11.6,0.5,3.5,8.1,0.429,0.0,0.0,0.0,0.0,3.5,3.5,3.5,1.2,0.0,0.0,0.0,0.0,2.3,15.1,-9.3,23.3,0,0,25.5,1,13222,1,13222,6822,12127,14329,8526,5202,6264,7394,13505,14344,13505,14058,15302,18604,11465,14735,12854,8263,8846,20257,11669,12843,17562,19379,2246,150,17286,1,31:04
2024-25,1629027,Trae Young,Trae,1610612737,ATL,Atlanta Hawks,0022400171,2024-11-06T00:00:00,ATL vs. NYK,W,35.255,7.1,21.4,0.333,3.1,9.2,0.333,6.1,8.2,0.75,2.0,4.1,6.1,10.2,2.0,2.0,0.0,2.0,2.0,6.1,23.5,6.1,50.2,1,0,47.0,1,1,13086,1,3272,8585,2065,17395,6316,4557,9209,2753,2396,8186,8197,13465,11982,1331,10295,6047,8263,3087,14909,2478,5145,9555,3201,1,150,3484,1,35:15
2024-25,1629656,Quentin Grimes,Quentin,1610612742,DAL,Dallas Mavericks,0022400176,2024-11-06T00:00:00,DAL vs. CHI,W,15.666666666666666,6.9,13.8,0.5,2.3,6.9,0.333,0.0,0.0,0.0,2.3,11.5,13.8,4.6,0.0,0.0,0.0,0.0,4.6,2.3,16.1,13.8,39.5,0,0,36.8,1,1,13086,1,19151,9176,10513,8526,8855,8686,9209,13505,14344,13505,7250,1635,2342,8423,16469,12854,8263,8846,5548,11750,11839,6083,8054,2246,150,8863,1,15:40
2024-25,1630314,Brandon Williams,Brandon,1610612742,DAL,Dallas Mavericks,0022400176,2024-11-06T00:00:00,DAL vs. CHI,W,6.283333333333333,5.7,5.7,1.0,0.0,0.0,0.0,0.0,0.0,0.0,5.7,5.7,11.5,5.7,5.7,0.0,0.0,0.0,5.7,0.0,11.5,-34.4,28.1,0,0,28.6,1,1,13086,1,23465,12327,22876,1,15070,20945,15070,13505,14344,13505,1794,8969,3996,5990,1620,12854,8263,8846,3339,17725,16723,24344,16160,2246,150,14965,1,6:17
2024-25,1628981,Bruno Fernando,Bruno,1610612761,TOR,Toronto Raptors,0022400180,2024-11-06T00:00:00,TOR @ SAC,L,2.533333333333333,0.0,28.4,0.0,0.0,0.0,0.0,0.0,0.0,0.0,0.0,14.2,14.2,14.2,0.0,0.0,0.0,28.4,0.0,0.0,0.0,0.0,38.4,0,0,28.4,1,13222,1,13222,25196,22635,364,22635,15070,20945,15070,13505,14344,13505,14058,713,2138,369,16469,12854,8263,8,20257,17725,23200,12240,8793,2246,150,15129,1,2:32
2024-25,1629655,Daniel Gafford,Daniel,1610612742,DAL,Dallas Mavericks,0022400176,2024-11-06T00:00:00,DAL vs. CHI,W,23.533333333333335,10.7,13.8,0.778,0.0,0.0,0.0,4.6,6.1,0.75,3.1,7.6,10.7,1.5,0.0,0.0,4.6,0.0,1.5,4.6,26.0,29.1,54.9,0,0,47.4,1,1,13086,1,13284,2497,10546,1994,15070,20945,15070,4699,4326,8186,5211,5239,4689,17873,16469,12854,655,8846,17114,4969,3679,2098,2004,2246,150,3337,1,23:32
2024-25,1642530,Yuki Kawamura,Yuki,1610612763,MEM,Memphis Grizzlies,0022400174,2024-11-06T00:00:00,MEM vs. LAL,W,1.9333333333333333,0.0,18.6,0.0,0.0,0.0,0.0,37.2,37.2,1.0,0.0,0.0,0.0,0.0,18.6,0.0,0.0,0.0,0.0,18.6,37.2,-18.6,18.6,0,0,37.2,1,1,13086,1,25499,22635,4096,22635,15070,20945,15070,18,35,1,14058,22137,23286,19908,67,12854,8263,8846,20257,58,672,21104,21833,2246,150,8555,1,1:56
2024-25,1627741,Buddy Hield,Buddy,1610612744,GSW,Golden State Warriors,0022400172,2024-11-06T00:00:00,GSW @ BOS,W,28.538333333333334,7.6,13.9,0.545,5.0,8.8,0.571,0.0,0.0,0.0,1.3,6.3,7.6,1.3,0.0,0.0,1.3,0.0,3.8,0.0,20.2,25.2,34.9,0,0,36.6,1,1,13086,1,9081,7608,10384,7695,2218,5055,3506,13505,14344,13505,11407,7683,9034,18796,16469,12854,5847,8846,7794,17725,7759,2764,11094,2246,150,8994,1,28:32
2024-25,1630256,Jae'Sean Tate,Jae'Sean,1610612745,HOU,Houston Rockets,0022400173,2024-11-06T00:00:00,HOU vs. SAS,W,5.15,7.0,14.0,0.5,0.0,0.0,0.0,0.0,7.0,0.0,0.0,7.0,7.0,7.0,0.0,0.0,0.0,0.0,0.0,7.0,14.0,-7.0,32.9,0,0,28.0,1,1,13086,1,23927,8957,10202,8526,15070,20945,15070,13505,3371,13505,14058,6376,10162,4012,16469,12854,8263,8846,20257,1668,13955,16499,12688,2246,150,15452,1,5:09
2024-25,1629008,Michael Porter Jr.,Michael,1610612743,DEN,Denver Nuggets,0022400177,2024-11-06T00:00:00,DEN vs. OKC,W,41.36666666666667,6.1,13.9,0.438,5.2,8.7,0.6,3.5,3.5,1.0,0.9,5.2,6.1,2.6,0.9,0.9,0.0,0.0,2.6,2.6,20.9,3.5,33.9,0,0,36.6,1,1,13086,1,313,11247,10298,13558,2028,5269,2992,6735,8921,1,13971,10230,12067,14180,16397,12756,8263,8846,12388,10603,7175,10897,11930,2246,150,9013,1,41:22
2024-25,201587,Nicolas Batum,Nicolas,1610612746,LAC,LA Clippers,0022400179,2024-11-06T00:00:00,LAC vs. PHI,W,20.25,5.3,10.7,0.5,1.8,5.3,0.333,0.0,0.0,0.0,1.8,1.8,3.6,0.0,0.0,5.3,0.0,0.0,1.8,0.0,12.4,19.6,32.7,0,0,28.4,1,1,13086,1,15822,13448,15944,8526,11151,12367,9209,13505,14344,13505,9327,20303,18430,19908,16469,724,8263,8846,16276,17725,15659,4088,12795,2246,150,15114,1,20:15
2024-25,1628997,Caleb Martin,Caleb,1610612755,PHI,Philadelphia 76ers,0022400179,2024-11-06T00:00:00,PHI @ LAC,L,30.75,4.7,11.7,0.4,1.2,4.7,0.25,5.9,11.7,0.5,0.0,2.3,2.3,2.3,1.2,1.2,0.0,0.0,1.2,5.9,16.4,-12.9,25.1,0,0,24.6,1,13222,1,13222,7086,15283,14099,14933,13532,14006,11902,3017,829,10625,14058,18655,21121,15079,14656,10428,8263,8846,18713,2810,11510,19084,18248,2246,150,17956,1,30:45
2024-25,1642419,Jamison Battle,Jamison,1610612761,TOR,Toronto Raptors,0022400180,2024-11-06T00:00:00,TOR @ SAC,L,15.52,4.6,16.2,0.286,4.6,11.6,0.4,0.0,0.0,0.0,0.0,4.6,4.6,4.6,4.6,0.0,0.0,0.0,9.3,0.0,13.9,0.0,21.8,0,0,27.8,1,13222,1,13222,19246,15394,6782,19630,2821,2036,7874,13505,14344,13505,14058,11882,15730,8329,2794,12854,8263,8846,878,17725,14030,12240,20261,2246,150,15550,1,15:31
2024-25,1630245,Ayo Dosunmu,Ayo,1610612741,CHI,Chicago Bulls,0022400176,2024-11-06T00:00:00,CHI @ DAL,L,24.866666666666667,2.9,18.8,0.154,2.9,14.5,0.2,0.0,0.0,0.0,1.4,5.8,7.2,5.8,2.9,0.0,0.0,2.9,4.3,0.0,8.7,-44.9,23.2,0,0,24.6,1,13222,1,13222,12121,19666,3910,22243,6878,807,13429,13505,14344,13505,10548,8806,9672,5870,6866,12854,8263,1472,6163,17725,19361,25180,19452,2246,150,17941,1,24:52
2024-25,201950,Jrue Holiday,Jrue,1610612738,BOS,Boston Celtics,0022400172,2024-11-06T00:00:00,BOS vs. GSW,L,32.568333333333335,3.3,12.2,0.273,0.0,6.6,0.0,0.0,0.0,0.0,1.1,8.8,9.9,8.8,1.1,0.0,0.0,0.0,1.1,0.0,6.6,-12.2,30.7,0,0,25.4,1,13222,1,13222,5507,18712,13316,20048,15070,9252,15070,13505,14344,13505,12428,3674,5494,2137,15102,12854,8263,8846,19071,17725,20969,18799,14255,2246,150,17339,1,32:34
2024-25,202691,Klay Thompson,Klay,1610612742,DAL,Dallas Mavericks,0022400176,2024-11-06T00:00:00,DAL vs. CHI,W,24.816666666666666,7.3,14.5,0.5,4.4,10.2,0.429,0.0,0.0,0.0,1.5,7.3,8.7,1.5,1.5,0.0,0.0,0.0,1.5,0.0,18.9,39.2,30.0,0,0,33.4,1,1,13086,1,12165,8328,9347,8526,3311,3326,7394,13505,14344,13505,10535,5901,7165,18174,13009,12854,8263,8846,17443,17725,8987,1030,14773,2246,150,11350,1,24:49
2024-25,1641767,Ben Sheppard,Ben,1610612754,IND,Indiana Pacers,0022400170,2024-11-06T00:00:00,IND vs. ORL,W,11.346666666666666,6.3,9.5,0.667,6.3,9.5,0.667,0.0,0.0,0.0,0.0,0.0,0.0,0.0,0.0,0.0,0.0,0.0,9.5,0.0,19.0,3.2,19.0,0,0,25.4,1,1,13086,1,21564,10575,17911,3281,1089,4078,1957,13505,14344,13505,14058,22137,23286,19908,16469,12854,8263,8846,805,17725,8819,11032,21625,2246,150,17371,1,11:21
2024-25,1641824,Matas Buzelis,Matas,1610612741,CHI,Chicago Bulls,0022400176,2024-11-06T00:00:00,CHI @ DAL,L,22.85,6.3,14.2,0.444,4.7,6.3,0.75,3.2,3.2,1.0,4.7,9.5,14.2,0.0,1.6,3.2,1.6,0.0,0.0,1.6,20.5,-3.2,50.1,0,0,48.8,1,13222,1,13222,13831,10707,9872,13045,2688,9977,1542,7438,9611,1,2642,3072,2156,19908,12439,2831,4620,8846,20257,14709,7512,14648,3245,2246,150,2877,1,22:51
2024-25,1630631,Jose Alvarado,Jose,1610612740,NOP,New Orleans Pelicans,0022400175,2024-11-06T00:00:00,NOP vs. CLE,L,35.31666666666667,10.2,14.3,0.714,7.1,7.1,1.0,0.0,0.0,0.0,0.0,2.0,2.0,5.1,1.0,3.1,0.0,0.0,4.1,0.0,27.5,1.0,45.8,0,0,47.9,1,13222,1,13222,3216,3023,9741,2752,716,8176,1,13505,14344,13505,14058,19541,21729,7256,15717,3036,8263,8846,6914,17725,2971,12142,4830,2246,150,3176,1,35:19
2024-25,1630558,Davion Mitchell,Davion,1610612761,TOR,Toronto Raptors,0022400180,2024-11-06T00:00:00,TOR @ SAC,L,32.38,8.9,12.2,0.727,2.2,3.3,0.667,2.2,2.2,1.0,1.1,2.2,3.3,6.7,1.1,1.1,0.0,0.0,2.2,1.1,22.2,-15.6,38.5,0,0,36.7,1,13222,1,13222,5667,4896,13214,2666,9144,16993,1957,9856,12012,1,12379,19000,18902,4470,15051,10926,8263,8846,13990,16855,6055,20112,8726,2246,150,8923,1,32:23
2024-25,1627742,Brandon Ingram,Brandon,1610612740,NOP,New Orleans Pelicans,0022400175,2024-11-06T00:00:00,NOP vs. CLE,L,38.685,8.4,18.6,0.45,1.9,7.4,0.25,0.0,0.0,0.0,0.0,4.7,4.7,4.7,1.9,0.9,0.9,0.9,1.9,1.9,18.6,-15.8,34.9,0,0,33.5,1,13222,1,13222,1017,5849,4108,12982,10825,7514,11902,13505,14344,13505,14058,11850,15696,8302,11269,12507,7951,8492,15885,13687,9201,20200,11131,2246,150,11240,1,38:41
2024-25,1641744,Zach Edey,Zach,1610612763,MEM,Memphis Grizzlies,0022400174,2024-11-06T00:00:00,MEM vs. LAL,W,14.7,7.3,12.2,0.6,0.0,0.0,0.0,4.9,4.9,1.0,9.8,7.3,17.1,0.0,7.3,0.0,0.0,0.0,4.9,2.4,19.6,9.8,32.8,0,0,36.7,1,1,13086,1,19772,8128,13180,5394,15070,20945,15070,4196,6120,1,429,5755,1086,19908,762,12854,8263,8846,4839,11164,8271,7791,12710,2246,150,8894,1,14:42
2024-25,1630598,Aaron Wiggins,Aaron,1610612760,OKC,Oklahoma City Thunder,0022400177,2024-11-06T00:00:00,OKC @ DEN,L,17.356666666666666,10.4,18.7,0.556,4.1,8.3,0.5,2.1,2.1,1.0,2.1,2.1,4.1,2.1,0.0,0.0,0.0,0.0,0.0,2.1,27.0,22.8,35.1,0,0,37.3,1,13222,1,13222,18040,2851,4054,7248,3675,5922,3944,10383,12504,1,8061,19440,16949,16099,16469,12854,8263,8846,20257,12743,3223,3297,11019,2246,150,8482,1,17:21
2024-25,1630169,Tyrese Haliburton,Tyrese,1610612754,IND,Indiana Pacers,0022400170,2024-11-06T00:00:00,IND vs. ORL,W,36.653333333333336,5.9,10.8,0.545,2.9,4.9,0.6,2.0,2.0,1.0,0.0,2.9,2.9,3.9,1.0,1.0,0.0,1.0,3.9,2.0,16.7,5.9,28.1,0,0,28.5,1,1,13086,1,2245,11822,15690,7695,6699,13413,2992,10763,12823,1,14058,16904,19867,10141,15960,12102,8263,8069,7353,13250,11174,9663,16146,2246,150,15084,1,36:39
2024-25,201942,DeMar DeRozan,DeMar,1610612758,SAC,Sacramento Kings,0022400180,2024-11-06T00:00:00,SAC vs. TOR,W,35.266666666666666,11.2,21.4,0.524,2.0,4.1,0.5,3.1,3.1,1.0,0.0,2.0,2.0,3.1,3.1,1.0,0.0,0.0,1.0,4.1,27.6,15.3,34.6,0,0,36.7,1,1,13086,1,3262,2070,2073,8439,9955,15387,3944,7640,9816,1,14058,19526,21714,12717,6250,11752,8263,8846,19573,6087,2951,5501,11372,2246,150,8882,1,35:16
2024-25,201959,Taj Gibson,Taj,1610612766,CHA,Charlotte Hornets,0022400169,2024-11-06T00:00:00,CHA vs. DET,W,14.916666666666666,7.2,9.7,0.75,0.0,0.0,0.0,2.4,2.4,1.0,2.4,7.2,9.7,0.0,2.4,0.0,4.8,2.4,7.2,2.4,16.9,-9.7,40.5,0,0,36.2,1,1,13086,1,19626,8360,17665,2107,15070,20945,15070,9296,11443,1,6877,5929,5868,19908,8598,12854,562,2188,1808,11297,10968,17740,7431,2246,150,9224,1,14:55
2024-25,1642278,Tyler Kolek,Tyler,1610612752,NYK,New York Knicks,0022400171,2024-11-06T00:00:00,NYK @ ATL,L,8.733333333333333,8.2,8.2,1.0,8.2,8.2,1.0,0.0,0.0,0.0,0.0,0.0,0.0,4.1,4.1,0.0,0.0,0.0,4.1,0.0,24.7,8.2,26.8,0,0,37.1,1,13222,1,13222,22551,6096,19870,1,407,6000,1,13505,14344,13505,14058,22137,23286,9601,3623,12854,8263,8846,6760,17725,4353,8513,17088,2246,150,8650,1,8:44
2024-25,1631106,Tari Eason,Tari,1610612745,HOU,Houston Rockets,0022400173,2024-11-06T00:00:00,HOU vs. SAS,W,21.816666666666666,8.3,11.6,0.714,1.7,3.3,0.5,1.7,3.3,0.5,5.0,1.7,6.6,1.7,0.0,1.7,1.7,0.0,1.7,1.7,19.8,38.0,40.1,0,0,36.3,1,1,13086,1,14648,6082,14384,2752,11535,17071,3944,11505,9305,10625,2421,20565,10945,17504,16469,7812,4417,8846,16706,14448,8070,1123,7699,2246,150,9154,1,21:49
2024-25,1629130,Duncan Robinson,Duncan,1610612748,MIA,Miami Heat,0022400178,2024-11-06T00:00:00,MIA @ PHX,L,14.843333333333334,7.3,19.4,0.375,7.3,14.6,0.5,0.0,0.0,0.0,0.0,2.4,2.4,0.0,0.0,0.0,2.4,4.9,0.0,0.0,21.8,-14.6,32.0,0,0,36.4,1,13222,1,13222,19678,8278,3414,16299,677,788,3944,13505,14344,13505,14058,18413,20953,19908,16469,12854,2510,397,20257,17725,6356,19730,13315,2246,150,9114,1,14:51
2024-25,1630541,Moses Moody,Moses,1610612744,GSW,Golden State Warriors,0022400172,2024-11-06T00:00:00,GSW @ BOS,W,13.433333333333334,8.0,13.4,0.6,2.7,5.4,0.5,5.4,5.4,1.0,8.0,8.0,16.1,0.0,0.0,2.7,0.0,0.0,2.7,2.7,24.1,-13.4,51.5,0,0,48.2,1,1,13086,1,20517,6555,11151,5394,7591,12304,3944,3573,5369,1,771,4647,1402,19908,16469,3953,8263,8846,12119,10375,4721,19266,2847,2246,150,3070,1,13:26
2024-25,1626156,D'Angelo Russell,D'Angelo,1610612747,LAL,Los Angeles Lakers,0022400174,2024-11-06T00:00:00,LAL @ MEM,L,21.55,6.7,20.0,0.333,3.3,15.0,0.222,3.3,3.3,1.0,0.0,1.7,1.7,5.0,1.7,3.3,0.0,1.7,3.3,1.7,20.0,-15.0,37.9,0,0,36.8,1,13222,1,13222,14889,9728,2938,17395,5539,685,13288,7021,9208,1,14058,20516,22336,7445,12041,2482,8263,4219,9285,14362,7889,19917,9071,2246,150,8878,1,21:33
2024-25,1630811,Keaton Wallace,Keaton,1610612737,ATL,Atlanta Hawks,0022400171,2024-11-06T00:00:00,ATL vs. NYK,W,12.745,8.5,19.8,0.429,2.8,8.5,0.333,0.0,0.0,0.0,0.0,0.0,0.0,0.0,2.8,2.8,0.0,0.0,2.8,0.0,19.8,-2.8,25.4,0,0,28.2,1,1,13086,1,20873,5664,3136,13735,7140,5629,9209,13505,14344,13505,14058,22137,23286,19908,7129,3623,8263,8846,11531,17725,8100,14474,17977,2246,150,15253,1,12:45
2024-25,1626220,Royce O'Neale,Royce,1610612756,PHX,Phoenix Suns,0022400178,2024-11-06T00:00:00,PHX vs. MIA,W,22.82,3.2,9.5,0.333,3.2,6.3,0.5,0.0,0.0,0.0,4.7,6.3,11.0,3.2,1.6,1.6,1.6,0.0,3.2,0.0,9.5,-3.2,35.3,0,0,33.1,1,1,13086,1,13862,19094,18013,17395,6074,9958,3944,13505,14344,13505,2632,7678,4369,12465,12433,8075,4616,8846,10059,17725,18674,14649,10842,2246,150,11550,1,22:49
2024-25,1626179,Terry Rozier,Terry,1610612748,MIA,Miami Heat,0022400178,2024-11-06T00:00:00,MIA @ PHX,L,31.933333333333334,2.3,11.3,0.2,1.1,7.9,0.143,2.3,2.3,1.0,1.1,6.8,7.9,5.6,2.3,1.1,0.0,0.0,1.1,2.3,7.9,11.3,26.9,0,0,24.8,1,13222,1,13222,6032,20940,14880,21401,13786,6638,14649,9768,11919,1,12279,6762,8478,6173,9284,10796,8263,8846,18943,11920,20003,7108,16990,2246,150,17827,1,31:56
2024-25,1626172,Kevon Looney,Kevon,1610612744,GSW,Golden State Warriors,0022400172,2024-11-06T00:00:00,GSW @ BOS,W,15.876666666666667,6.8,11.3,0.6,0.0,0.0,0.0,0.0,0.0,0.0,13.6,9.1,22.7,0.0,0.0,0.0,0.0,0.0,9.1,0.0,13.6,9.1,40.8,0,0,36.3,1,1,13086,1,19017,9414,14768,5394,15070,20945,15070,13505,14344,13505,169,3440,283,19908,16469,12854,8263,8846,943,17725,14376,8140,7269,2246,150,9170,1,15:53
2024-25,1628983,Shai Gilgeous-Alexander,Shai,1610612760,OKC,Oklahoma City Thunder,0022400177,2024-11-06T00:00:00,OKC @ DEN,L,38.81666666666667,9.3,17.6,0.526,0.0,2.8,0.0,7.4,9.3,0.8,0.0,1.9,1.9,5.6,7.4,0.9,0.9,0.9,0.9,9.3,26.0,2.8,34.7,0,0,37.1,1,13222,1,13222,955,4248,5115,8379,15070,18100,15070,1723,1728,7681,14058,20098,22078,6314,743,12524,7968,8514,20073,576,3701,11236,11307,2246,150,8653,1,38:49
2024-25,1631132,Christian Koloko,Christian,1610612747,LAL,Los Angeles Lakers,0022400174,2024-11-06T00:00:00,LAL @ MEM,L,13.333333333333334,2.7,5.4,0.5,0.0,0.0,0.0,0.0,0.0,0.0,2.7,2.7,5.4,0.0,0.0,0.0,2.7,0.0,2.7,0.0,5.4,-10.8,20.0,0,0,16.2,1,13222,1,13222,20575,20089,23178,8526,15070,20945,15070,13505,14344,13505,6104,17699,13812,19908,16469,12854,2083,8846,12044,17725,21795,18229,21182,2246,150,22634,1,13:20
2024-25,1629628,RJ Barrett,RJ,1610612761,TOR,Toronto Raptors,0022400180,2024-11-06T00:00:00,TOR @ SAC,L,32.55,10.0,21.0,0.474,1.1,5.5,0.2,4.4,5.5,0.8,0.0,3.3,3.3,3.3,3.3,2.2,0.0,1.1,2.2,4.4,25.4,-10.0,37.7,0,0,37.6,1,13222,1,13222,5517,3268,2325,12072,13911,11891,13429,4949,5146,7681,14058,15742,18951,11921,5461,5351,8263,6995,14045,5291,3969,17872,9214,2246,150,8287,1,32:33
2024-25,1627734,Domantas Sabonis,Domantas,1610612758,SAC,Sacramento Kings,0022400180,2024-11-06T00:00:00,SAC vs. TOR,W,33.58,6.4,6.4,1.0,0.0,0.0,0.0,5.4,5.4,1.0,4.3,7.5,11.8,13.9,0.0,1.1,0.0,0.0,0.0,4.3,18.2,17.2,56.5,1,1,46.1,1,1,13086,1,4665,10351,22174,1,15070,20945,15070,3572,5368,1,3184,5491,3678,397,16469,11258,8263,8846,20257,5622,9601,4853,1728,1,1,3781,1,33:35
2024-25,1629634,Brandon Clarke,Brandon,1610612763,MEM,Memphis Grizzlies,0022400174,2024-11-06T00:00:00,MEM vs. LAL,W,19.18166666666667,3.8,11.3,0.333,0.0,0.0,0.0,3.8,3.8,1.0,0.0,5.6,5.6,0.0,0.0,0.0,0.0,0.0,1.9,1.9,11.3,30.0,18.0,0,0,16.9,1,1,13086,1,16697,17698,14908,17395,15070,20945,15070,6175,8362,1,14058,9225,13208,19908,16469,12854,8263,8846,15802,13598,16938,1957,22085,2246,150,22354,1,19:11
2024-25,1628378,Donovan Mitchell,Donovan,1610612739,CLE,Cleveland Cavaliers,0022400175,2024-11-06T00:00:00,CLE @ NOP,W,33.721666666666664,10.7,21.4,0.5,3.2,9.6,0.333,6.4,6.4,1.0,0.0,4.3,4.3,3.2,2.1,1.1,1.1,1.1,1.1,4.3,31.0,4.3,45.2,0,0,45.9,1,1,13086,1,4517,2537,2128,8526,5950,3970,9209,2493,4002,1,14058,12898,16612,12296,9817,11318,7011,7340,19296,5673,1786,10503,5097,2246,150,3856,1,33:43
2024-25,1629726,Garrison Mathews,Garrison,1610612737,ATL,Atlanta Hawks,0022400171,2024-11-06T00:00:00,ATL vs. NYK,W,19.816666666666666,3.6,9.1,0.4,3.6,7.3,0.5,5.4,5.4,1.0,1.8,3.6,5.4,3.6,0.0,1.8,0.0,0.0,1.8,3.6,16.3,-12.7,33.8,0,0,32.7,1,1,13086,1,16160,18002,18593,14933,4841,7905,3944,3476,5249,1,9180,14839,13674,10984,16469,7173,8263,8846,16099,7300,11550,19026,11983,2246,150,11880,1,19:49
2024-25,1642274,Yves Missi,Yves,1610612740,NOP,New Orleans Pelicans,0022400175,2024-11-06T00:00:00,NOP vs. CLE,L,18.783333333333335,7.7,15.3,0.5,0.0,0.0,0.0,3.8,5.7,0.667,5.7,1.9,7.7,0.0,1.9,0.0,5.7,5.7,1.9,7.7,19.2,-3.8,43.7,0,0,38.3,1,13222,1,13222,16980,7336,8054,8526,15070,20945,15070,6014,4814,9425,1777,19927,8850,19908,10959,12854,352,240,15582,1221,8680,14971,5809,2246,150,7806,1,18:47
2024-25,1631165,Keon Ellis,Keon,1610612758,SAC,Sacramento Kings,0022400180,2024-11-06T00:00:00,SAC vs. TOR,W,23.116666666666667,3.1,6.2,0.5,1.6,4.7,0.333,4.7,4.7,1.0,4.7,0.0,4.7,1.6,0.0,3.1,0.0,0.0,3.1,1.6,12.5,23.4,29.7,0,0,26.5,1,1,13086,1,13622,19162,22388,8526,11838,14034,9209,4554,6537,1,2715,22137,15643,17780,16469,2902,8263,8846,10221,14769,15644,3174,14982,2246,150,16562,1,23:07
2024-25,1630241,Sam Merrill,Sam,1610612739,CLE,Cleveland Cavaliers,0022400175,2024-11-06T00:00:00,CLE @ NOP,W,19.21,5.6,11.2,0.5,5.6,11.2,0.5,0.0,0.0,0.0,1.9,1.9,3.7,0.0,3.7,0.0,0.0,0.0,5.6,1.9,16.9,0.0,17.6,0,0,26.2,1,1,13086,1,16665,12644,14949,8526,1648,2298,3944,13505,14344,13505,8929,20034,17939,19908,4440,12854,8263,8846,3511,13618,10991,12240,22255,2246,150,16767,1,19:13
2024-25,1629652,Luguentz Dort,Luguentz,1610612760,OKC,Oklahoma City Thunder,0022400177,2024-11-06T00:00:00,OKC @ DEN,L,25.66,4.2,8.4,0.5,4.2,7.0,0.6,2.8,2.8,1.0,0.0,8.4,8.4,4.2,1.4,4.2,2.8,0.0,5.6,1.4,15.4,7.0,51.5,0,0,46.3,1,13222,1,13222,11442,16570,19616,8526,3545,8434,2992,8340,10478,1,14058,4139,7597,9366,13266,1449,1946,8846,3528,15443,12487,9126,2841,2246,150,3719,1,25:40
2024-25,203991,Clint Capela,Clint,1610612737,ATL,Atlanta Hawks,0022400171,2024-11-06T00:00:00,ATL vs. NYK,W,27.866666666666667,10.3,10.3,1.0,0.0,0.0,0.0,2.6,2.6,1.0,5.2,2.6,7.8,1.3,1.3,0.0,0.0,0.0,3.9,1.3,23.3,0.0,33.2,0,0,32.3,1,1,13086,1,9653,2884,16487,1,15070,20945,15070,8843,11014,1,2223,17988,8718,18687,13841,12854,8263,8846,7528,15944,5328,12240,12424,2246,150,12143,1,27:52
2024-25,1629312,Haywood Highsmith,Haywood,1610612748,MIA,Miami Heat,0022400178,2024-11-06T00:00:00,MIA @ PHX,L,30.606666666666666,8.2,9.4,0.875,2.4,3.5,0.667,3.5,3.5,1.0,2.4,5.9,8.2,0.0,0.0,2.4,0.0,0.0,3.5,2.4,22.3,3.5,39.3,0,0,37.6,1,13222,1,13222,7217,6135,18096,1353,8657,16597,1957,6649,8833,1,7083,8591,7886,19908,16469,4864,8263,8846,8674,11533,5967,10882,8203,2246,150,8258,1,30:36
2024-25,203937,Kyle Anderson,Kyle,1610612744,GSW,Golden State Warriors,0022400172,2024-11-06T00:00:00,GSW @ BOS,W,19.888333333333332,5.4,16.3,0.333,5.4,7.2,0.75,3.6,3.6,1.0,0.0,9.1,9.1,7.2,0.0,0.0,1.8,0.0,1.8,1.8,19.9,-3.6,47.1,0,0,45.3,1,1,13086,1,16108,13189,6705,17395,1813,7956,1542,6450,8645,1,14058,3458,6661,3700,16469,12854,4038,8846,16130,13896,7989,14859,4293,2246,150,4126,1,19:53
2024-25,1631172,Ousmane Dieng,Ousmane,1610612760,OKC,Oklahoma City Thunder,0022400177,2024-11-06T00:00:00,OKC @ DEN,L,10.46,6.9,6.9,1.0,3.4,3.4,1.0,3.4,6.9,0.5,6.9,6.9,13.8,0.0,0.0,0.0,0.0,0.0,6.9,3.4,20.7,17.2,37.2,0,0,37.9,1,13222,1,13222,21935,9207,21696,1,5282,16785,1,6810,3493,10625,1187,6562,2353,19908,16469,12854,8263,8846,2072,7834,7354,4837,9564,2246,150,8125,1,10:28
2024-25,202710,Jimmy Butler III,Jimmy,1610612748,MIA,Miami Heat,0022400178,2024-11-06T00:00:00,MIA @ PHX,L,36.916666666666664,5.9,12.7,0.462,0.0,2.0,0.0,2.9,2.9,1.0,2.9,3.9,6.8,2.9,2.0,1.0,0.0,1.0,1.0,1.0,14.6,-2.9,28.2,0,0,26.3,1,13222,1,13222,2050,11948,12425,12428,15070,19643,15070,8023,10158,1,5523,14022,10468,13181,10778,12166,8263,8141,19834,17473,13271,14532,16084,2246,150,16697,1,36:55
2024-25,1629614,Andrew Nembhard,Andrew,1610612754,IND,Indiana Pacers,0022400170,2024-11-06T00:00:00,IND vs. ORL,W,31.35,2.3,9.2,0.25,1.1,2.3,0.5,0.0,0.0,0.0,0.0,2.3,2.3,5.7,1.1,1.1,0.0,1.1,3.4,2.3,5.7,5.7,19.4,0,0,17.2,1,1,13086,1,6549,20858,18430,20233,13656,18992,3944,13505,14344,13505,14058,18773,21208,5967,14804,10595,8263,6648,8914,11761,21571,9731,21454,2246,150,22205,1,31:21
2024-25,1631093,Jaden Ivey,Jaden,1610612765,DET,Detroit Pistons,0022400169,2024-11-06T00:00:00,DET @ CHA,L,33.55,8.6,17.2,0.5,3.2,5.4,0.6,2.1,2.1,1.0,2.1,2.1,4.3,5.4,3.2,0.0,1.1,1.1,2.1,2.1,22.5,-15.0,35.7,0,0,37.6,1,13222,1,13222,4683,5472,5609,8526,5906,12297,2992,10145,12271,1,7774,19223,16555,6699,5764,12854,6962,7281,14377,12417,5836,19911,10557,2246,150,8326,1,33:33
2024-25,1630552,Jalen Johnson,Jalen,1610612737,ATL,Atlanta Hawks,0022400171,2024-11-06T00:00:00,ATL vs. NYK,W,39.25,9.2,16.5,0.556,2.8,5.5,0.5,0.0,0.0,0.0,3.7,10.1,13.8,6.4,1.8,0.0,0.9,0.9,0.9,0.9,21.1,23.8,48.2,1,0,45.9,1,1,13086,1,795,4405,6411,7248,7375,11936,3944,13505,14344,13505,4088,2509,2356,4829,11392,12854,8015,8572,20099,17630,7006,3063,3931,1,150,3874,1,39:15
2024-25,1626162,Kelly Oubre Jr.,Kelly,1610612755,PHI,Philadelphia 76ers,0022400179,2024-11-06T00:00:00,PHI @ LAC,L,24.583333333333332,11.7,17.6,0.667,1.5,4.4,0.333,1.5,1.5,1.0,0.0,2.9,2.9,4.4,4.4,1.5,0.0,1.5,7.3,1.5,26.4,-8.8,36.5,0,0,38.1,1,13222,1,13222,12389,1714,5170,3281,12185,14700,9209,11864,13521,1,14058,16974,19914,8905,3154,8556,8263,4915,1761,15155,3500,17326,10053,2246,150,7980,1,24:35
2024-25,1627783,Pascal Siakam,Pascal,1610612754,IND,Indiana Pacers,0022400170,2024-11-06T00:00:00,IND vs. ORL,W,33.483333333333334,6.5,14.0,0.462,0.0,3.2,0.0,5.4,5.4,1.0,1.1,3.2,4.3,3.2,0.0,0.0,0.0,1.1,3.2,5.4,18.3,6.5,28.3,0,0,25.8,1,1,13086,1,4745,10308,10204,12428,15070,17221,15070,3556,5346,1,12674,16004,16530,12209,16469,12854,8263,7264,9754,3515,9551,9394,16017,2246,150,17068,1,33:29
2024-25,1628369,Jayson Tatum,Jayson,1610612738,BOS,Boston Celtics,0022400172,2024-11-06T00:00:00,BOS vs. GSW,L,36.75,9.8,19.6,0.5,4.9,9.8,0.5,6.9,8.8,0.778,0.0,3.9,3.9,2.0,3.9,1.0,1.0,0.0,2.9,6.9,31.3,-4.9,40.9,0,0,46.0,1,13222,1,13222,2159,3476,3284,8526,2408,3730,3944,2113,1972,8092,14058,13974,17519,16525,4046,12129,7623,8846,10987,1773,1684,15530,7199,2246,150,3801,1,36:45
2024-25,1630192,Zeke Nnaji,Zeke,1610612743,DEN,Denver Nuggets,0022400177,2024-11-06T00:00:00,DEN vs. OKC,W,11.24,3.2,6.4,0.5,0.0,3.2,0.0,3.2,6.4,0.5,3.2,3.2,6.4,0.0,0.0,0.0,0.0,0.0,0.0,16.0,9.6,-32.0,17.3,0,0,16.0,1,1,13086,1,21608,18992,22201,8526,15070,17262,15070,7331,4000,10625,4937,16083,11385,19908,16469,12854,8263,8846,20257,81,18538,24032,22377,2246,150,22698,1,11:14
2024-25,1630595,Cade Cunningham,Cade,1610612765,DET,Detroit Pistons,0022400169,2024-11-06T00:00:00,DET @ CHA,L,37.705,8.6,22.0,0.391,0.0,3.8,0.0,1.9,1.9,1.0,1.0,8.6,9.5,9.5,1.9,0.0,0.0,2.9,4.8,3.8,19.1,-1.0,43.0,1,1,38.2,1,13222,1,13222,1567,5455,1838,15984,15070,15959,15070,10916,12958,1,13607,3950,5997,1677,10994,12854,8263,1513,5124,6794,8766,13504,6148,1,1,7907,1,37:42
2024-25,1642355,Bronny James,Bronny,1610612747,LAL,Los Angeles Lakers,0022400174,2024-11-06T00:00:00,LAL @ MEM,L,4.583333333333333,0.0,15.7,0.0,0.0,15.7,0.0,15.7,15.7,1.0,0.0,0.0,0.0,0.0,0.0,0.0,0.0,0.0,7.9,15.7,15.7,23.6,15.7,0,0,15.7,1,13222,1,13222,24183,22635,7527,22635,15070,564,15070,147,296,1,14058,22137,23286,19908,16469,12854,8263,8846,1424,84,12212,3136,22947,2246,150,22817,1,4:35
2024-25,1630172,Patrick Williams,Patrick,1610612741,CHI,Chicago Bulls,0022400176,2024-11-06T00:00:00,CHI @ DAL,L,23.433333333333334,3.1,6.1,0.5,3.1,6.1,0.5,3.1,3.1,1.0,0.0,9.2,9.2,1.5,6.1,0.0,0.0,0.0,3.1,3.1,12.3,-23.0,19.5,0,0,26.1,1,13222,1,13222,13361,19268,22476,8526,6287,10329,3944,7614,9790,1,14058,3282,6415,17850,1297,12854,8263,8846,10380,8985,15837,22345,21400,2246,150,16858,1,23:26
2024-25,1628991,Jaren Jackson Jr.,Jaren,1610612763,MEM,Memphis Grizzlies,0022400174,2024-11-06T00:00:00,MEM vs. LAL,W,32.115,9.0,14.6,0.615,1.1,4.5,0.25,3.4,3.4,1.0,1.1,5.6,6.7,1.1,1.1,0.0,3.4,0.0,2.2,5.6,22.4,24.7,41.1,0,0,38.1,1,1,13086,1,5885,4768,9250,5246,13828,14486,11902,6978,9175,1,12324,9297,10688,19291,15001,12854,1341,8846,13918,3185,5908,2885,7094,2246,150,7952,1,32:07
2024-25,1628401,Derrick White,Derrick,1610612738,BOS,Boston Celtics,0022400172,2024-11-06T00:00:00,BOS vs. GSW,L,36.3,7.9,18.8,0.421,6.9,15.9,0.438,3.0,3.0,1.0,1.0,5.0,6.0,3.0,1.0,2.0,0.0,2.0,5.0,2.0,25.8,-10.9,42.3,0,0,45.6,1,13222,1,13222,2463,6779,3889,14442,784,541,7390,7887,10037,1,13326,11004,12404,13013,15905,6325,8263,3278,4707,13151,3785,18281,6455,2246,150,3968,1,36:18
2024-25,1629636,Darius Garland,Darius,1610612739,CLE,Cleveland Cavaliers,0022400175,2024-11-06T00:00:00,CLE @ NOP,W,29.975,6.0,12.0,0.5,4.8,7.2,0.667,0.0,0.0,0.0,0.0,1.2,1.2,10.8,3.6,1.2,1.2,0.0,2.4,4.8,16.8,16.8,38.1,0,0,38.4,1,1,13086,1,7811,11493,13570,8526,2549,8036,1957,13505,14344,13505,14058,21508,22939,1065,4770,10166,6167,8846,13203,4495,11045,4967,8980,2246,150,7749,1,29:59
2024-25,1630578,Alperen Sengun,Alperen,1610612745,HOU,Houston Rockets,0022400173,2024-11-06T00:00:00,HOU vs. SAS,W,24.266666666666666,11.9,22.3,0.533,0.0,1.5,0.0,0.0,1.5,0.0,0.0,7.4,7.4,5.9,1.5,1.5,3.0,1.5,1.5,3.0,23.7,19.3,53.4,0,0,46.0,1,1,13086,1,12680,1603,1711,8140,15070,20286,15070,13505,13502,13505,14058,5653,9336,5614,12828,8481,1735,4834,17283,9365,4964,4175,2353,2246,150,3819,1,24:16
2024-25,1628975,Jevon Carter,Jevon,1610612741,CHI,Chicago Bulls,0022400176,2024-11-06T00:00:00,CHI @ DAL,L,6.283333333333333,11.5,11.5,1.0,5.7,5.7,1.0,0.0,0.0,0.0,5.7,5.7,11.5,0.0,0.0,0.0,0.0,0.0,0.0,0.0,28.6,34.4,42.4,0,0,45.8,1,13222,1,13222,23465,1894,14549,1,1539,11381,1,13505,14344,13505,1794,8969,3996,19908,16469,12854,8263,8846,20257,17725,2547,1461,6426,2246,150,3886,1,6:17
2024-25,1641842,Ronald Holland II,Ronald,1610612765,DET,Detroit Pistons,0022400169,2024-11-06T00:00:00,DET @ CHA,L,15.545,6.9,11.6,0.6,4.6,6.9,0.667,0.0,0.0,0.0,2.3,6.9,9.3,0.0,2.3,0.0,0.0,0.0,2.3,2.3,18.5,27.8,27.3,0,0,32.4,1,13222,1,13222,19228,9053,14349,5394,2837,8572,1957,13505,14344,13505,7195,6455,6365,19908,9006,12854,8263,8846,13579,11686,9296,2302,16721,2246,150,12045,1,15:33
2024-25,1642261,Dalton Knecht,Dalton,1610612747,LAL,Los Angeles Lakers,0022400174,2024-11-06T00:00:00,LAL @ MEM,L,26.866666666666667,1.3,9.4,0.143,1.3,9.4,0.143,0.0,0.0,0.0,4.0,1.3,5.4,2.7,1.3,1.3,0.0,0.0,2.7,0.0,4.0,-18.8,17.2,0,0,16.1,1,13222,1,13222,10444,22358,18148,22260,12690,4280,14649,13505,14344,13505,3575,21212,13893,13966,13622,9241,8263,8846,12119,17725,22546,21164,22429,2246,150,22674,1,26:52
2024-25,1626145,Tyus Jones,Tyus,1610612756,PHX,Phoenix Suns,0022400178,2024-11-06T00:00:00,PHX vs. MIA,W,32.87,2.2,7.7,0.286,1.1,3.3,0.333,0.0,0.0,0.0,0.0,1.1,1.1,8.8,1.1,0.0,0.0,1.1,1.1,1.1,5.5,-1.1,18.8,0,0,16.4,1,1,13086,1,5272,21061,20694,19630,13970,17097,9209,13505,14344,13505,14058,21760,23086,2215,15165,12854,8263,7084,19132,16930,21749,13610,21738,2246,150,22539,1,32:52
2024-25,1642276,Kel'el Ware,Kel'el,1610612748,MIA,Miami Heat,0022400178,2024-11-06T00:00:00,MIA @ PHX,L,13.586666666666666,7.9,15.9,0.5,2.6,2.6,1.0,0.0,0.0,0.0,0.0,7.9,7.9,0.0,2.6,5.3,2.6,0.0,5.3,0.0,18.5,-7.9,49.3,0,0,45.0,1,13222,1,13222,20437,6738,7270,8526,7687,18350,1,13505,14344,13505,14058,4785,8370,19908,7700,740,2153,8846,4021,17725,9271,16953,3507,2246,150,4247,1,13:35
2024-25,1630526,Jeremiah Robinson-Earl,Jeremiah,1610612740,NOP,New Orleans Pelicans,0022400175,2024-11-06T00:00:00,NOP vs. CLE,L,25.565,1.4,4.2,0.333,0.0,1.4,0.0,2.8,2.8,1.0,1.4,5.6,7.0,1.4,0.0,0.0,1.4,0.0,1.4,1.4,5.6,-9.9,20.4,0,0,16.9,1,13222,1,13222,11528,22286,23977,17395,15070,20373,15070,8306,10446,1,10713,9214,10080,18320,16469,12854,5200,8846,17597,15413,21642,17820,20976,2246,150,22349,1,25:34
2024-25,203915,Spencer Dinwiddie,Spencer,1610612742,DAL,Dallas Mavericks,0022400176,2024-11-06T00:00:00,DAL vs. CHI,W,22.3,1.6,12.9,0.125,0.0,9.7,0.0,1.6,3.2,0.5,1.6,3.2,4.8,6.5,3.2,0.0,0.0,0.0,3.2,3.2,4.8,8.1,17.1,0,0,16.1,1,1,13086,1,14279,22008,12010,22420,15070,3869,15070,11576,9459,10625,9866,15992,15192,4779,5733,12854,8263,8846,9742,8465,22099,8601,22443,2246,150,22656,1,22:18
2024-25,1629750,Javonte Green,Javonte,1610612740,NOP,New Orleans Pelicans,0022400175,2024-11-06T00:00:00,NOP vs. CLE,L,29.615,4.9,7.3,0.667,1.2,2.4,0.5,2.4,2.4,1.0,0.0,3.6,3.6,0.0,0.0,3.6,0.0,0.0,1.2,1.2,13.4,1.2,28.7,0,0,25.5,1,13222,1,13222,8135,14770,21215,3281,13281,18749,3944,9237,11385,1,14058,14803,18212,19908,16469,2034,8263,8846,18443,16323,14656,11998,15728,2246,150,17263,1,29:37
2024-25,1628380,Zach Collins,Zach,1610612759,SAS,San Antonio Spurs,0022400173,2024-11-06T00:00:00,SAS @ HOU,L,15.116666666666667,4.8,11.9,0.4,2.4,4.8,0.5,2.4,4.8,0.5,0.0,2.4,2.4,7.1,4.8,0.0,0.0,2.4,0.0,2.4,14.3,-21.4,23.1,0,0,26.2,1,13222,1,13222,19484,15071,13747,14933,8550,13802,3944,9386,6368,10625,14058,18534,21045,3828,2634,12854,8263,2261,20257,11423,13622,21947,19496,2246,150,16799,1,15:07
2024-25,1626157,Karl-Anthony Towns,Karl-Anthony,1610612752,NYK,New York Knicks,0022400171,2024-11-06T00:00:00,NYK @ ATL,L,38.02166666666667,10.4,21.8,0.478,4.7,8.5,0.556,6.6,6.6,1.0,4.7,10.4,15.1,0.9,2.8,0.9,2.8,2.8,1.9,3.8,32.2,-11.4,60.3,1,0,60.6,1,13222,1,13222,1372,2806,1914,11986,2670,5549,3747,2295,3734,1,2630,2279,1701,19807,7063,12382,1894,1544,15723,6879,1486,18461,1153,1,150,771,1,38:01
2024-25,1630538,Bones Hyland,Bones,1610612746,LAC,LA Clippers,0022400179,2024-11-06T00:00:00,LAC vs. PHI,W,3.3666666666666667,10.7,21.4,0.5,0.0,0.0,0.0,0.0,0.0,0.0,0.0,10.7,10.7,0.0,10.7,10.7,0.0,0.0,10.7,0.0,21.4,-74.9,55.6,0,0,53.5,1,1,13086,1,24790,2511,2096,8526,15070,20945,15070,13505,14344,13505,14058,2077,4705,19908,273,104,8263,8846,579,17725,6740,25949,1880,2246,150,1716,1,3:22
2024-25,203999,Nikola Jokić,Nikola,1610612743,DEN,Denver Nuggets,0022400177,2024-11-06T00:00:00,DEN vs. OKC,W,39.47666666666667,8.2,18.2,0.45,0.9,2.7,0.333,3.6,5.5,0.667,6.4,11.9,18.2,14.6,4.6,1.8,1.8,3.6,1.8,5.5,21.0,7.3,71.1,1,1,62.0,1,1,13086,1,726,6195,4420,12982,14925,18195,9209,6391,5225,9425,1429,1438,839,329,2912,7140,3999,821,16069,3377,7098,8989,397,1,1,642,1,39:29
2024-25,202331,Paul George,Paul,1610612755,PHI,Philadelphia 76ers,0022400179,2024-11-06T00:00:00,PHI @ LAC,L,23.6,10.7,13.7,0.778,3.1,4.6,0.667,3.1,3.1,1.0,4.6,6.1,10.7,3.1,6.1,4.6,1.5,0.0,6.1,7.6,27.5,-16.8,57.1,0,0,56.4,1,13222,1,13222,13227,2536,10606,1994,6345,14253,1957,7668,9845,1,2838,8101,4739,12763,1325,1172,4761,8846,2819,1240,3000,20541,1627,2246,150,1241,1,23:36
2024-25,1631099,Keegan Murray,Keegan,1610612758,SAC,Sacramento Kings,0022400180,2024-11-06T00:00:00,SAC vs. TOR,W,35.0,9.3,17.5,0.529,3.1,8.2,0.375,1.0,2.1,0.5,7.2,5.1,12.3,3.1,1.0,0.0,1.0,0.0,2.1,2.1,22.6,6.2,44.1,1,0,43.2,1,1,13086,1,3460,4277,5261,8281,6253,6036,8800,13146,12562,10625,1062,10438,3235,12646,15643,12854,7279,8846,14830,12811,5753,9532,5610,1,150,5037,1,35:00
2024-25,204456,T.J. McConnell,T.J.,1610612754,IND,Indiana Pacers,0022400170,2024-11-06T00:00:00,IND vs. ORL,W,16.65,15.1,15.1,1.0,2.2,2.2,1.0,0.0,0.0,0.0,0.0,0.0,0.0,10.8,8.6,2.2,0.0,0.0,4.3,4.3,32.4,4.3,46.5,0,0,49.7,1,1,13086,1,18502,466,8371,1,9388,19237,1,13505,14344,13505,14058,22137,23286,1063,476,5538,8263,8846,6206,5532,1429,10463,4542,2246,150,2606,1,16:39
2024-25,1629639,Tyler Herro,Tyler,1610612748,MIA,Miami Heat,0022400178,2024-11-06T00:00:00,MIA @ PHX,L,35.016666666666666,9.3,15.4,0.6,5.1,9.3,0.556,5.1,5.1,1.0,0.0,3.1,3.1,6.2,3.1,0.0,0.0,1.0,3.1,3.1,28.8,5.1,38.7,0,0,43.2,1,13222,1,13222,3448,4284,7936,5394,2117,4449,3747,3828,5691,1,14058,16451,19513,5219,6172,12854,8263,7683,10336,8948,2500,10032,8619,2246,150,5056,1,35:01
2024-25,203994,Jusuf Nurkić,Jusuf,1610612756,PHX,Phoenix Suns,0022400178,2024-11-06T00:00:00,PHX vs. MIA,W,33.21666666666667,6.5,8.7,0.75,3.3,3.3,1.0,5.4,6.5,0.833,4.3,15.2,19.5,1.1,2.2,1.1,2.2,0.0,4.3,3.3,21.7,5.4,54.3,1,0,52.0,1,1,13086,1,4978,10180,19238,2107,5808,17175,1,3513,3882,7275,3124,534,595,19399,9649,11155,3023,8846,6183,8401,6478,9876,2141,1,150,2034,1,33:13
2024-25,1630643,Jay Huff,Jay,1610612763,MEM,Memphis Grizzlies,0022400174,2024-11-06T00:00:00,MEM vs. LAL,W,13.983333333333333,10.3,18.0,0.571,7.7,15.4,0.5,0.0,0.0,0.0,2.6,5.1,7.7,10.3,5.1,0.0,2.6,0.0,0.0,0.0,28.3,-2.6,55.6,0,0,59.2,1,1,13086,1,20207,2915,4640,6538,529,607,3944,13505,14344,13505,6413,10422,8767,1286,2170,12854,2254,8846,20257,17725,2665,14344,1878,2246,150,893,1,13:59
2024-25,1630590,Scotty Pippen Jr.,Scotty,1610612763,MEM,Memphis Grizzlies,0022400174,2024-11-06T00:00:00,MEM vs. LAL,W,25.566666666666666,7.0,12.7,0.556,4.2,5.6,0.75,1.4,2.8,0.5,1.4,7.0,8.4,5.6,5.6,1.4,1.4,0.0,4.2,4.2,19.7,11.3,41.1,0,0,43.7,1,1,13086,1,11516,8835,12434,7248,3522,11625,1542,12005,10447,10625,10714,6294,7549,6185,1696,8854,5201,8846,6490,5781,8144,7116,7106,2246,150,4859,1,25:34
2024-25,1630163,LaMelo Ball,LaMelo,1610612766,CHA,Charlotte Hornets,0022400169,2024-11-06T00:00:00,CHA vs. DET,W,31.983333333333334,11.3,25.9,0.435,5.6,13.5,0.417,0.0,0.0,0.0,2.3,4.5,6.8,9.0,2.3,2.3,0.0,1.1,3.4,2.3,28.1,-2.3,54.3,0,0,54.0,1,1,13086,1,5982,2048,657,13702,1642,1094,7826,13505,14344,13505,7411,12257,10628,2012,9304,5214,8263,6830,9162,11934,2733,14178,2149,2246,150,1613,1,31:59
2024-25,1629021,Moritz Wagner,Moritz,1610612753,ORL,Orlando Magic,0022400170,2024-11-06T00:00:00,ORL @ IND,L,14.6,9.9,19.7,0.5,0.0,2.5,0.0,14.8,17.3,0.857,0.0,2.5,2.5,2.5,2.5,2.5,0.0,2.5,2.5,9.9,34.5,-7.4,46.1,0,0,44.4,1,13222,1,13222,19826,3386,3162,8526,15070,18688,15070,183,216,7071,14058,18281,20867,14663,8379,4489,8263,2096,12925,440,1040,16678,4695,2246,150,4512,1,14:36
2024-25,1629627,Zion Williamson,Zion,1610612740,NOP,New Orleans Pelicans,0022400175,2024-11-06T00:00:00,NOP vs. CLE,L,29.2,11.1,22.2,0.5,0.0,0.0,0.0,13.6,16.0,0.846,2.5,7.4,9.9,4.9,4.9,1.2,1.2,3.7,3.7,11.1,35.8,-3.7,57.5,0,0,55.5,1,13222,1,13222,8496,2192,1733,8526,15070,20945,15070,231,279,7255,6731,5681,5580,7615,2418,9920,5980,799,8077,268,865,14887,1564,2246,150,1390,1,29:12
2024-25,2544,LeBron James,LeBron,1610612747,LAL,Los Angeles Lakers,0022400174,2024-11-06T00:00:00,LAL @ MEM,L,35.416666666666664,15.2,24.4,0.625,6.1,11.2,0.545,3.0,4.1,0.75,0.0,7.1,7.1,6.1,5.1,1.0,0.0,1.0,2.0,2.0,39.6,-21.3,55.3,0,0,61.0,1,13222,1,13222,3137,449,953,4899,1234,2355,3863,7674,7706,8186,14058,6145,9923,5324,2240,11799,8263,7759,14960,12915,472,21924,1935,2246,150,733,1,35:25
2024-25,201939,Stephen Curry,Stephen,1610612744,GSW,Golden State Warriors,0022400172,2024-11-06T00:00:00,GSW @ BOS,W,34.385,8.4,17.8,0.471,4.2,9.4,0.444,7.3,7.3,1.0,0.0,7.3,7.3,9.4,3.1,4.2,1.0,2.1,2.1,4.2,28.3,7.3,63.8,0,0,59.7,1,1,13086,1,3933,5848,4908,12143,3590,4222,7211,1781,3068,1,14058,5784,9514,1746,6021,1468,7156,2940,14639,5873,2683,8970,813,2246,150,857,1,34:23
2024-25,1631114,Jalen Williams,Jalen,1610612760,OKC,Oklahoma City Thunder,0022400177,2024-11-06T00:00:00,OKC @ DEN,L,36.056666666666665,11.0,20.0,0.55,4.0,8.0,0.5,3.0,5.0,0.6,2.0,8.0,10.0,9.0,1.0,3.0,0.0,0.0,4.0,3.0,29.0,3.0,62.4,1,0,57.9,1,13222,1,13222,2642,2272,2996,7655,4011,6468,3944,7829,5931,10343,8401,4719,5447,2038,15859,3165,8263,8846,7166,9280,2437,11123,926,1,150,1039,1,36:03
2024-25,1629630,Ja Morant,Ja,1610612763,MEM,Memphis Grizzlies,0022400174,2024-11-06T00:00:00,MEM vs. LAL,W,24.15,10.4,25.3,0.412,3.0,4.5,0.667,6.0,7.5,0.8,0.0,6.0,6.0,7.5,7.5,1.5,1.5,0.0,3.0,6.0,29.8,11.9,49.6,0,0,52.2,1,1,13086,1,12762,2775,759,14791,6585,14513,1957,2905,2953,7681,14058,8420,12379,3456,724,8451,4889,8846,10809,2674,2154,6827,3374,2246,150,1999,1,24:09
2024-25,1627832,Fred VanVleet,Fred,1610612745,HOU,Houston Rockets,0022400173,2024-11-06T00:00:00,HOU vs. SAS,W,25.4,14.2,15.6,0.909,1.4,2.8,0.5,0.0,0.0,0.0,0.0,9.9,9.9,14.2,4.3,2.8,0.0,0.0,2.8,1.4,29.8,28.3,67.2,1,0,60.9,1,1,13086,1,11651,655,7709,1292,12379,17986,3944,13505,14344,13505,14058,2641,5530,376,3410,3584,8263,8846,11484,15378,2174,2204,563,1,150,736,1,25:24
2024-25,1629029,Luka Dončić,Luka,1610612742,DAL,Dallas Mavericks,0022400176,2024-11-06T00:00:00,DAL vs. CHI,W,32.31666666666667,8.9,21.2,0.421,3.3,8.9,0.375,8.9,10.0,0.889,0.0,7.8,7.8,14.5,5.6,4.5,0.0,1.1,3.3,4.5,30.1,39.0,69.0,1,0,64.6,1,1,13086,1,5711,4870,2236,14442,5536,4947,8800,1033,1357,6857,14058,5016,8626,335,1753,1255,8263,6929,9282,5238,2058,1044,478,1,150,494,1,32:19
2024-25,1631217,Moussa Diabaté,Moussa,1610612766,CHA,Charlotte Hornets,0022400169,2024-11-06T00:00:00,CHA vs. DET,W,6.583333333333333,10.9,16.4,0.667,0.0,0.0,0.0,0.0,0.0,0.0,0.0,27.3,27.3,0.0,5.5,0.0,0.0,0.0,0.0,5.5,21.9,-21.9,49.2,0,0,49.2,1,1,13086,1,23334,2315,6535,3281,15070,20945,15070,13505,14344,13505,14058,54,124,19908,1833,12854,8263,8846,20257,3380,6304,22044,3534,2246,150,2758,1,6:35
2024-25,1630194,Paul Reed,Paul,1610612765,DET,Detroit Pistons,0022400169,2024-11-06T00:00:00,DET @ CHA,L,12.3,17.6,17.6,1.0,0.0,0.0,0.0,2.9,5.9,0.5,0.0,5.9,5.9,0.0,2.9,5.9,2.9,0.0,8.8,5.9,38.0,0.0,68.5,0,0,61.5,1,13222,1,13222,21100,240,5199,1,15070,20945,15070,8020,4677,10625,14058,8656,12621,19908,6734,513,1778,8846,1035,2810,608,12240,498,2246,150,695,1,12:18
2024-25,1631321,Sidy Cissoko,Sidy,1610612759,SAS,San Antonio Spurs,0022400173,2024-11-06T00:00:00,SAS @ HOU,L,8.366666666666667,8.6,12.9,0.667,4.3,4.3,1.0,0.0,0.0,0.0,4.3,4.3,8.6,8.6,4.3,0.0,0.0,0.0,8.6,0.0,21.5,-8.6,40.4,0,0,43.0,1,13222,1,13222,22676,5422,12020,3281,3384,14905,1,13505,14344,13505,3162,12793,7301,2335,3321,12854,8263,8846,1094,17725,6625,17235,7494,2246,150,5124,1,8:22
2024-25,201145,Jeff Green,Jeff,1610612745,HOU,Houston Rockets,0022400173,2024-11-06T00:00:00,HOU vs. SAS,W,5.266666666666667,13.7,13.7,1.0,6.8,6.8,1.0,0.0,0.0,0.0,0.0,6.8,6.8,0.0,0.0,6.8,0.0,0.0,0.0,0.0,34.2,-6.8,62.9,0,0,61.5,1,1,13086,1,23875,796,10690,1,823,8810,1,13505,14344,13505,14058,6642,10450,19908,16469,329,8263,8846,20257,17725,1093,16440,887,2246,150,690,1,5:16
2024-25,1629646,Charles Bassey,Charles,1610612759,SAS,San Antonio Spurs,0022400173,2024-11-06T00:00:00,SAS @ HOU,L,8.2,8.8,8.8,1.0,0.0,0.0,0.0,8.8,8.8,1.0,0.0,26.3,26.3,0.0,8.8,0.0,0.0,0.0,0.0,4.4,26.3,0.0,49.2,0,0,52.7,1,13222,1,13222,22738,5116,19054,1,15070,20945,15070,1082,1999,1,14058,64,156,19908,455,12854,8263,8846,20257,5376,3507,12240,3553,2246,150,1874,1,8:12
2024-25,1642258,Zaccharie Risacher,Zaccharie,1610612737,ATL,Atlanta Hawks,0022400171,2024-11-06T00:00:00,ATL vs. NYK,W,37.005,10.7,17.5,0.611,5.8,9.7,0.6,4.9,8.8,0.556,1.0,5.8,6.8,2.9,0.0,2.9,1.9,1.9,1.0,4.9,32.1,13.6,59.2,0,0,57.4,1,1,13086,1,1985,2505,5249,5351,1446,3814,2992,4246,2014,10597,13478,8709,10508,13214,16469,3360,3641,3404,19848,4364,1506,6157,1291,2246,150,1117,1,37:00
2024-25,1630537,Chris Duarte,Chris,1610612741,CHI,Chicago Bulls,0022400176,2024-11-06T00:00:00,CHI @ DAL,L,7.6,4.7,9.5,0.5,4.7,9.5,0.5,18.9,28.4,0.667,0.0,9.5,9.5,4.7,0.0,0.0,0.0,0.0,0.0,14.2,33.2,23.7,51.6,0,0,52.1,1,13222,1,13222,22952,15151,17986,8526,2664,4137,3944,88,60,9425,14058,3039,6091,8082,16469,12854,8263,8846,20257,117,1294,3107,2797,2246,150,2012,1,7:36
2024-25,1628389,Bam Adebayo,Bam,1610612748,MIA,Miami Heat,0022400178,2024-11-06T00:00:00,MIA @ PHX,L,34.42666666666667,5.2,22.0,0.238,0.0,1.0,0.0,2.1,2.1,1.0,7.3,5.2,12.5,6.3,1.0,5.2,1.0,2.1,2.1,3.1,12.5,0.0,54.8,1,0,43.9,1,13222,1,13222,3911,13739,1839,21138,15070,20814,15070,10321,12451,1,1022,10216,3102,5059,15518,775,7163,2946,14647,8770,15543,12240,2034,1,150,4733,1,34:26
2024-25,201142,Kevin Durant,Kevin,1610612756,PHX,Phoenix Suns,0022400178,2024-11-06T00:00:00,PHX vs. MIA,W,37.21666666666667,12.6,22.2,0.565,3.9,10.6,0.364,1.9,2.9,0.667,0.0,7.7,7.7,2.9,5.8,1.0,1.0,0.0,1.0,3.9,31.0,-1.0,44.6,0,0,49.3,1,1,13086,1,1851,1214,1712,7102,4270,2836,9100,10850,10232,9425,14058,5101,8746,13271,1556,12227,7708,8846,19872,6654,1788,13513,5368,2246,150,2722,1,37:13
2024-25,1630572,Sandro Mamukelashvili,Sandro,1610612759,SAS,San Antonio Spurs,0022400173,2024-11-06T00:00:00,SAS @ HOU,L,15.116666666666667,9.5,11.9,0.8,4.8,7.1,0.667,0.0,0.0,0.0,7.1,9.5,16.7,2.4,4.8,0.0,4.8,0.0,0.0,0.0,23.8,-28.6,56.9,0,0,57.2,1,13222,1,13222,19484,3839,13747,1688,2615,8156,1957,13505,14344,13505,1087,2980,1218,14940,2634,12854,589,8846,20257,17725,4928,23521,1653,2246,150,1141,1,15:07
2024-25,1641705,Victor Wembanyama,Victor,1610612759,SAS,San Antonio Spurs,0022400173,2024-11-06T00:00:00,SAS @ HOU,L,24.683333333333334,8.8,20.4,0.429,1.5,8.8,0.167,2.9,2.9,1.0,1.5,7.3,8.8,0.0,5.8,1.5,4.4,0.0,0.0,2.9,21.9,-26.3,44.0,0,0,43.8,1,13222,1,13222,12289,5179,2679,13735,12219,5180,14236,8044,10187,1,10499,5840,7102,19908,1523,8588,720,8846,20257,9537,6302,23076,5643,2246,150,4797,1,24:41
2024-25,1641854,Craig Porter Jr.,Craig,1610612739,CLE,Cleveland Cavaliers,0022400175,2024-11-06T00:00:00,CLE @ NOP,W,5.216666666666667,13.8,20.7,0.667,6.9,6.9,1.0,0.0,0.0,0.0,0.0,6.9,6.9,0.0,6.9,0.0,13.8,6.9,6.9,0.0,34.5,27.6,77.3,0,0,75.9,1,1,13086,1,23905,759,2514,3281,795,8662,1,13505,14344,13505,14058,6528,10322,19908,932,12854,29,158,2057,17725,1043,2327,253,2246,150,220,1,5:13
2024-25,1628370,Malik Monk,Malik,1610612758,SAC,Sacramento Kings,0022400180,2024-11-06T00:00:00,SAC vs. TOR,W,21.216666666666665,6.8,20.4,0.333,1.7,6.8,0.25,6.8,8.5,0.8,0.0,8.5,8.5,1.7,1.7,3.4,0.0,1.7,1.7,5.1,22.1,8.5,43.3,0,0,40.7,1,1,13086,1,15144,9454,2715,17395,11409,8927,11902,2171,2201,7681,14058,4067,7496,17376,11932,2393,8263,4157,16547,3938,6162,8407,6001,2246,150,6372,1,21:13
2024-25,201566,Russell Westbrook,Russell,1610612743,DEN,Denver Nuggets,0022400177,2024-11-06T00:00:00,DEN vs. OKC,W,32.185,11.2,16.8,0.667,3.4,4.5,0.75,6.7,10.1,0.667,1.1,5.6,6.7,6.7,4.5,1.1,0.0,0.0,4.5,5.6,32.4,-15.7,49.4,0,0,51.5,1,1,13086,1,5814,2116,6075,3281,5502,14511,1542,2232,1336,9425,12343,9321,10708,4410,3036,10875,8263,8846,5834,3205,1428,20135,3444,2246,150,2158,1,32:11
2024-25,1629660,Ty Jerome,Ty,1610612739,CLE,Cleveland Cavaliers,0022400175,2024-11-06T00:00:00,CLE @ NOP,W,15.8,9.1,15.9,0.571,4.6,4.6,1.0,2.3,4.6,0.5,2.3,4.6,6.8,11.4,2.3,4.6,0.0,2.3,2.3,4.6,25.1,2.3,61.7,0,0,57.0,1,1,13086,1,19061,4503,7179,6538,2962,14306,1,9693,6736,10625,7315,12107,10450,869,9166,1188,8263,2475,13730,5032,4182,11473,994,2246,150,1167,1,15:48
2024-25,1641789,Jazian Gortman,Jazian,1610612742,DAL,Dallas Mavericks,0022400176,2024-11-06T00:00:00,DAL vs. CHI,W,3.5,10.3,10.3,1.0,10.3,10.3,1.0,0.0,0.0,0.0,0.0,0.0,0.0,0.0,0.0,0.0,0.0,0.0,0.0,0.0,30.9,-51.4,30.9,0,0,41.1,1,1,13086,1,24704,2923,16579,1,197,3168,1,13505,14344,13505,14058,22137,23286,19908,16469,12854,8263,8846,20257,17725,1814,25442,14155,2246,150,6110,1,3:30
2024-25,1641716,Jarace Walker,Jarace,1610612754,IND,Indiana Pacers,0022400170,2024-11-06T00:00:00,IND vs. ORL,W,23.233333333333334,10.8,10.8,1.0,4.6,4.6,1.0,0.0,0.0,0.0,1.5,7.7,9.3,0.0,0.0,3.1,1.5,0.0,1.5,1.5,26.3,12.4,51.4,0,0,49.6,1,1,13086,1,13518,2383,15616,1,2810,14089,1,13505,14344,13505,10121,5086,6318,19908,16469,2932,4710,8846,17050,14806,3513,6638,2849,2246,150,2643,1,23:14
2024-25,1629599,Amir Coffey,Amir,1610612746,LAC,LA Clippers,0022400179,2024-11-06T00:00:00,LAC vs. PHI,W,24.55,5.9,11.7,0.5,2.9,4.4,0.667,1.5,1.5,1.0,2.9,1.5,4.4,0.0,0.0,0.0,0.0,0.0,0.0,1.5,16.1,14.7,21.4,0,0,23.5,1,1,13086,1,12423,11899,14054,8526,6751,14682,1957,11854,13514,1,5501,20950,16282,19908,16469,12854,8263,8846,20257,15146,11786,5757,20463,2246,150,18690,1,24:33
2024-25,1630539,Kai Jones,Kai,1610612746,LAC,LA Clippers,0022400179,2024-11-06T00:00:00,LAC vs. PHI,W,8.833333333333334,4.1,4.1,1.0,0.0,0.0,0.0,0.0,0.0,0.0,0.0,0.0,0.0,0.0,4.1,0.0,0.0,0.0,4.1,0.0,8.2,-32.6,4.1,0,0,8.2,1,1,13086,1,22517,16905,24056,1,15070,20945,15070,13505,14344,13505,14058,22137,23286,19908,3727,12854,8263,8846,6918,17725,19787,24110,25074,2246,150,24743,1,8:50
2024-25,1629162,Jordan McLaughlin,Jordan,1610612758,SAC,Sacramento Kings,0022400180,2024-11-06T00:00:00,SAC vs. TOR,W,4.75,0.0,22.7,0.0,0.0,22.7,0.0,0.0,0.0,0.0,0.0,7.6,7.6,0.0,0.0,0.0,0.0,0.0,0.0,0.0,0.0,22.7,9.1,0,0,7.6,1,1,13086,1,24115,22635,1473,22635,15070,150,15070,13505,14344,13505,14058,5357,9005,19908,16469,12854,8263,8846,20257,17725,23200,3308,24554,2246,150,24820,1,4:45
2024-25,1630527,Brandon Boston,Brandon,1610612740,NOP,New Orleans Pelicans,0022400175,2024-11-06T00:00:00,NOP vs. CLE,L,38.38333333333333,3.8,10.3,0.364,1.9,4.7,0.4,3.8,3.8,1.0,1.9,0.0,1.9,4.7,0.0,0.0,0.9,1.9,0.9,1.9,13.1,-2.8,25.2,0,0,23.4,1,13222,1,13222,1170,17708,16530,16861,10740,13986,7874,6183,8371,1,8918,22137,22043,8207,16469,12854,7906,3643,20035,13607,14947,14463,18126,2246,150,18705,1,38:23
2024-25,1631095,Jabari Smith Jr.,Jabari,1610612745,HOU,Houston Rockets,0022400173,2024-11-06T00:00:00,HOU vs. SAS,W,24.033333333333335,9.0,12.0,0.75,0.0,1.5,0.0,0.0,0.0,0.0,3.0,3.0,6.0,0.0,0.0,0.0,0.0,0.0,1.5,1.5,18.0,22.5,25.2,0,0,24.0,1,1,13086,1,12869,4733,13617,2107,15070,20271,15070,13505,14344,13505,5353,16750,12306,19908,16469,12854,8263,8846,17223,15006,9872,3373,18167,2246,150,18353,1,24:02
2024-25,1641763,Julian Phillips,Julian,1610612741,CHI,Chicago Bulls,0022400176,2024-11-06T00:00:00,CHI @ DAL,L,15.3,9.4,11.8,0.8,0.0,2.4,0.0,0.0,7.1,0.0,4.7,0.0,4.7,0.0,0.0,0.0,0.0,2.4,2.4,4.7,18.8,2.4,24.5,0,0,23.5,1,13222,1,13222,19374,4005,14005,1688,15070,18898,15070,13505,3311,13505,2668,22137,15540,19908,16469,12854,8263,2328,13424,4704,9012,11437,18639,2246,150,18653,1,15:18
2024-25,1630182,Josh Green,Josh,1610612766,CHA,Charlotte Hornets,0022400169,2024-11-06T00:00:00,CHA vs. DET,W,24.226666666666667,0.0,5.9,0.0,0.0,3.0,0.0,0.0,0.0,0.0,1.5,1.5,3.0,1.5,1.5,0.0,0.0,0.0,4.5,3.0,0.0,-7.4,4.3,0,0,4.5,1,1,13086,1,12709,22635,22666,22635,15070,17719,15070,13505,14344,13505,10372,20901,19801,18036,12815,12854,8263,8846,5873,9352,23200,16697,25062,2246,150,25153,1,24:14
2024-25,1626168,Trey Lyles,Trey,1610612758,SAC,Sacramento Kings,0022400180,2024-11-06T00:00:00,SAC vs. TOR,W,10.516666666666667,0.0,3.4,0.0,0.0,3.4,0.0,0.0,0.0,0.0,0.0,3.4,3.4,3.4,0.0,0.0,0.0,0.0,0.0,0.0,0.0,30.8,9.2,0,0,6.8,1,1,13086,1,21908,22635,24336,22635,15070,16825,15070,13505,14344,13505,14058,15451,18723,11623,16469,12854,8263,8846,20257,17725,23200,1857,24534,2246,150,24909,1,10:31
2024-25,1627736,Malik Beasley,Malik,1610612765,DET,Detroit Pistons,0022400169,2024-11-06T00:00:00,DET @ CHA,L,24.346666666666668,3.0,16.3,0.182,1.5,10.4,0.143,0.0,0.0,0.0,0.0,1.5,1.5,7.4,0.0,3.0,0.0,0.0,1.5,0.0,7.4,17.7,29.1,0,0,23.7,1,13222,1,13222,12614,19516,6733,21891,12127,3102,14649,13505,14344,13505,14058,20920,22594,3523,16469,3254,8263,8846,17306,17725,20415,4646,15406,2246,150,18572,1,24:21
2024-25,201569,Eric Gordon,Eric,1610612755,PHI,Philadelphia 76ers,0022400179,2024-11-06T00:00:00,PHI @ LAC,L,16.75,0.0,4.3,0.0,0.0,2.1,0.0,2.1,4.3,0.5,2.1,0.0,2.1,4.3,8.6,0.0,0.0,0.0,2.1,2.1,2.1,-21.5,2.6,0,0,8.6,1,13222,1,13222,18416,22635,23926,22635,15070,19271,15070,10132,7215,10625,7760,22137,21516,9130,484,12854,8263,8846,14360,12401,23141,21967,25143,2246,150,24662,1,16:45
2024-25,1641775,Jordan Walsh,Jordan,1610612738,BOS,Boston Celtics,0022400172,2024-11-06T00:00:00,BOS vs. GSW,L,8.083333333333334,0.0,0.0,0.0,0.0,0.0,0.0,0.0,0.0,0.0,0.0,8.9,8.9,0.0,0.0,0.0,0.0,0.0,0.0,4.5,0.0,26.7,10.7,0,0,8.9,1,13222,1,13222,22785,22635,24836,22635,15070,20945,15070,13505,14344,13505,14058,3600,6875,19908,16469,12854,8263,8846,20257,5241,23200,2480,24303,2246,150,24626,1,8:05
2024-25,203084,Harrison Barnes,Harrison,1610612759,SAS,San Antonio Spurs,0022400173,2024-11-06T00:00:00,SAS @ HOU,L,18.3,2.0,7.9,0.25,0.0,2.0,0.0,0.0,0.0,0.0,0.0,2.0,2.0,2.0,3.9,0.0,0.0,2.0,0.0,0.0,3.9,-21.6,5.3,0,0,7.9,1,13222,1,13222,17361,21457,20451,20233,15070,19610,15070,13505,14344,13505,14058,19762,21863,16486,4008,12854,8263,3325,20257,17725,22575,22001,24979,2246,150,24782,1,18:18
2024-25,1630322,Lindy Waters III,Lindy,1610612744,GSW,Golden State Warriors,0022400172,2024-11-06T00:00:00,GSW @ BOS,W,13.9,0.0,5.2,0.0,0.0,2.6,0.0,0.0,0.0,0.0,0.0,5.2,5.2,2.6,0.0,0.0,0.0,0.0,0.0,0.0,0.0,-2.6,10.1,0,0,7.8,1,1,13086,1,20244,22635,23335,22635,15070,18465,15070,13505,14344,13505,14058,10331,14314,14241,16469,12854,8263,8846,20257,17725,23200,14351,24396,2246,150,24793,1,13:54
2024-25,1627824,Guerschon Yabusele,Guerschon,1610612755,PHI,Philadelphia 76ers,0022400179,2024-11-06T00:00:00,PHI @ LAC,L,10.2,7.1,10.6,0.667,0.0,3.5,0.0,0.0,0.0,0.0,3.5,0.0,3.5,0.0,0.0,0.0,0.0,0.0,3.5,0.0,14.1,-31.8,18.4,0,0,17.6,1,13222,1,13222,22028,8787,16057,3281,15070,16590,15070,13505,14344,13505,4326,22137,18486,19908,16469,12854,8263,8846,8666,17725,13824,23999,21944,2246,150,22008,1,10:12
2024-25,203914,Gary Harris,Gary,1610612753,ORL,Orlando Magic,0022400170,2024-11-06T00:00:00,ORL @ IND,L,14.305,5.0,7.5,0.667,2.5,5.0,0.5,0.0,0.0,0.0,0.0,2.5,2.5,0.0,2.5,0.0,0.0,0.0,0.0,0.0,12.6,-5.0,13.1,0,0,17.6,1,13222,1,13222,20015,14288,20859,3281,8086,13118,3944,13505,14344,13505,14058,18147,20774,19908,8174,12854,8263,8846,20257,17725,15511,15606,23744,2246,150,22030,1,14:18
2024-25,203078,Bradley Beal,Bradley,1610612756,PHX,Phoenix Suns,0022400178,2024-11-06T00:00:00,PHX vs. MIA,W,31.736666666666668,3.4,10.2,0.333,1.1,4.5,0.25,0.0,0.0,0.0,1.1,1.1,2.3,3.4,1.1,2.3,2.3,1.1,4.5,2.3,7.9,4.5,28.2,0,0,23.8,1,1,13086,1,6207,18539,16721,17395,13744,14347,11902,13505,14344,13505,12232,21672,21275,11682,14912,5154,2804,6757,5694,11868,19972,10369,16042,2246,150,18455,1,31:44
2024-25,1630544,Tre Mann,Tre,1610612766,CHA,Charlotte Hornets,0022400169,2024-11-06T00:00:00,CHA vs. DET,W,21.24,3.4,11.9,0.286,0.0,6.8,0.0,0.0,0.0,0.0,0.0,5.1,5.1,3.4,1.7,1.7,0.0,1.7,1.7,1.7,6.8,6.8,21.4,0,0,18.6,1,1,13086,1,15127,18564,13844,19630,15070,8941,15070,13505,14344,13505,14058,10624,14562,11712,11937,7624,8263,4162,16550,14289,20875,9252,20496,2246,150,21555,1,21:14
2024-25,1628436,Luke Kornet,Luke,1610612738,BOS,Boston Celtics,0022400172,2024-11-06T00:00:00,BOS vs. GSW,L,14.365,0.0,5.0,0.0,0.0,0.0,0.0,5.0,5.0,1.0,5.0,2.5,7.5,5.0,0.0,0.0,0.0,0.0,2.5,5.0,5.0,-17.5,21.6,0,0,17.5,1,13222,1,13222,19971,22635,23456,22635,15070,20945,15070,4020,5898,1,2371,18172,9135,7441,16469,12854,8263,8846,12776,4092,22000,20795,20380,2246,150,22060,1,14:22
2024-25,1631105,Jalen Duren,Jalen,1610612765,DET,Detroit Pistons,0022400169,2024-11-06T00:00:00,DET @ CHA,L,7.516666666666667,0.0,4.8,0.0,0.0,0.0,0.0,0.0,0.0,0.0,0.0,14.4,14.4,4.8,0.0,0.0,0.0,0.0,4.8,9.6,0.0,14.4,24.4,0,0,19.2,1,13222,1,13222,22990,22635,23612,22635,15070,20945,15070,13505,14344,13505,14058,682,2064,7944,16469,12854,8263,8846,5083,500,23200,5870,18670,2246,150,21307,1,7:31
2024-25,203552,Seth Curry,Seth,1610612766,CHA,Charlotte Hornets,0022400169,2024-11-06T00:00:00,CHA vs. DET,W,11.49,0.0,9.4,0.0,0.0,6.3,0.0,0.0,0.0,0.0,0.0,6.3,6.3,0.0,0.0,0.0,0.0,0.0,0.0,0.0,0.0,9.4,7.5,0,0,6.3,1,1,13086,1,21494,22635,18121,22635,15070,10052,15070,13505,14344,13505,14058,7764,11687,19908,16469,12854,8263,8846,20257,17725,23200,7992,24755,2246,150,24978,1,11:29
2024-25,1631127,Harrison Ingram,Harrison,1610612759,SAS,San Antonio Spurs,0022400173,2024-11-06T00:00:00,SAS @ HOU,L,6.75,0.0,5.3,0.0,0.0,0.0,0.0,0.0,0.0,0.0,0.0,5.3,5.3,0.0,0.0,0.0,0.0,0.0,5.3,0.0,0.0,0.0,6.4,0,0,5.3,1,13222,1,13222,23257,22635,23233,22635,15070,20945,15070,13505,14344,13505,14058,9937,13954,19908,16469,12854,8263,8846,3956,17725,23200,12240,24873,2246,150,25075,1,6:45
2024-25,1628988,Aaron Holiday,Aaron,1610612745,HOU,Houston Rockets,0022400173,2024-11-06T00:00:00,HOU vs. SAS,W,6.75,0.0,5.3,0.0,0.0,5.3,0.0,0.0,0.0,0.0,0.0,5.3,5.3,0.0,0.0,0.0,0.0,0.0,0.0,0.0,0.0,0.0,6.4,0,0,5.3,1,1,13086,1,23257,22635,23233,22635,15070,12367,15070,13505,14344,13505,14058,9937,13954,19908,16469,12854,8263,8846,20257,17725,23200,12240,24873,2246,150,25075,1,6:45
2024-25,1630168,Onyeka Okongwu,Onyeka,1610612737,ATL,Atlanta Hawks,0022400171,2024-11-06T00:00:00,ATL vs. NYK,W,20.133333333333333,1.8,10.7,0.167,0.0,1.8,0.0,0.0,0.0,0.0,3.6,3.6,7.2,8.9,0.0,1.8,0.0,0.0,3.6,1.8,3.6,8.9,30.9,0,0,23.2,1,1,13086,1,15915,21773,15839,21938,15070,19932,15070,13505,14344,13505,4251,15003,9844,2069,16469,7303,8263,8846,8505,13972,22747,8208,14102,2246,150,18842,1,20:08
2024-25,1641724,Jett Howard,Jett,1610612753,ORL,Orlando Magic,0022400163,2024-11-04T00:00:00,ORL @ OKC,L,11.183333333333334,0.0,6.4,0.0,0.0,6.4,0.0,0.0,0.0,0.0,0.0,0.0,0.0,0.0,0.0,0.0,3.2,0.0,0.0,0.0,0.0,-29.0,9.7,0,0,6.4,1,13222,1,13222,21631,22635,22166,22635,15070,9673,15070,13505,14344,13505,14058,22137,23286,19908,16469,12854,1454,8846,20257,17725,23200,23583,24473,2246,150,24954,1,11:11
2024-25,1629312,Haywood Highsmith,Haywood,1610612748,MIA,Miami Heat,0022400159,2024-11-04T00:00:00,MIA vs. SAC,L,7.56,0.0,9.5,0.0,0.0,9.5,0.0,0.0,0.0,0.0,0.0,9.5,9.5,0.0,0.0,0.0,4.8,0.0,0.0,0.0,0.0,-57.1,25.7,0,0,19.0,1,13222,1,13222,22975,22635,17901,22635,15070,4070,15070,13505,14344,13505,14058,2983,6027,19908,16469,12854,594,8846,20257,17725,23200,25609,17804,2246,150,21372,1,7:34
2024-25,1627936,Alex Caruso,Alex,1610612760,OKC,Oklahoma City Thunder,0022400163,2024-11-04T00:00:00,OKC vs. ORL,W,20.831666666666667,1.7,5.2,0.333,1.7,3.5,0.5,0.0,0.0,0.0,0.0,0.0,0.0,8.6,3.5,1.7,0.0,0.0,6.9,0.0,5.2,17.3,19.9,0,0,19.0,1,1,13086,1,15413,21864,23332,17395,11314,16742,3944,13505,14344,13505,14058,22137,23286,2308,5111,7521,8263,8846,2045,17725,21919,4811,21228,2246,150,21388,1,20:50
2024-25,1642274,Yves Missi,Yves,1610612740,NOP,New Orleans Pelicans,0022400164,2024-11-04T00:00:00,NOP vs. POR,L,26.533333333333335,1.4,1.4,1.0,0.0,0.0,0.0,2.7,2.7,1.0,2.7,6.8,9.5,4.1,0.0,0.0,0.0,0.0,2.7,2.7,5.4,-9.5,22.9,0,0,19.0,1,13222,1,13222,10701,22341,24826,1,15070,20945,15070,8542,10709,1,6062,6731,6070,9742,16469,12854,8263,8846,11983,10280,21780,17672,19605,2246,150,21396,1,26:32
2024-25,1629060,Rui Hachimura,Rui,1610612747,LAL,Los Angeles Lakers,0022400156,2024-11-04T00:00:00,LAL @ DET,L,34.766666666666666,2.1,6.2,0.333,2.1,2.1,1.0,2.1,2.1,1.0,0.0,4.1,4.1,1.0,0.0,0.0,1.0,0.0,2.1,1.0,8.3,-7.2,17.9,0,0,17.6,1,13222,1,13222,3641,21282,22410,17395,9811,19423,1,10396,12513,1,14058,13295,16964,19575,16469,12854,7233,8846,14747,17245,19667,16614,22132,2246,150,22036,1,34:46
2024-25,1631133,Jabari Walker,Jabari,1610612757,POR,Portland Trail Blazers,0022400164,2024-11-04T00:00:00,POR @ NOP,W,1.8833333333333333,0.0,0.0,0.0,0.0,0.0,0.0,0.0,0.0,0.0,0.0,19.1,19.1,0.0,0.0,0.0,0.0,0.0,0.0,0.0,0.0,0.0,22.9,0,0,19.1,1,1,13086,1,25524,22635,24836,22635,15070,20945,15070,13505,14344,13505,14058,199,666,19908,16469,12854,8263,8846,20257,17725,23200,12240,19595,2246,150,21333,1,1:53
2024-25,1630171,Isaac Okoro,Isaac,1610612739,CLE,Cleveland Cavaliers,0022400154,2024-11-04T00:00:00,CLE vs. MIL,W,26.30666666666667,2.7,6.8,0.4,1.4,4.1,0.333,0.0,0.0,0.0,2.7,1.4,4.1,2.7,1.4,1.4,0.0,1.4,5.5,0.0,6.8,27.4,18.6,0,0,17.8,1,1,13086,1,10896,20009,21738,14933,12571,15334,9209,13505,14344,13505,6020,21153,17059,13805,13472,9090,8263,5320,3746,17725,20833,2362,21838,2246,150,21954,1,26:18
2024-25,1629684,Grant Williams,Grant,1610612766,CHA,Charlotte Hornets,0022400162,2024-11-04T00:00:00,CHA @ MIN,L,21.75,3.3,6.6,0.5,1.7,5.0,0.333,0.0,0.0,0.0,0.0,5.0,5.0,1.7,1.7,3.3,0.0,0.0,3.3,3.3,8.3,-28.1,25.0,0,0,23.2,1,13222,1,13222,14717,18728,21989,8526,11522,13284,9209,13505,14344,13505,14058,10974,14882,17487,12112,2542,8263,8846,9420,8219,19672,23462,18295,2246,150,18873,1,21:45
2024-25,1631230,Dominick Barlow,Dominick,1610612737,ATL,Atlanta Hawks,0022400157,2024-11-04T00:00:00,ATL vs. BOS,L,8.35,0.0,4.3,0.0,0.0,0.0,0.0,4.3,8.6,0.5,0.0,0.0,0.0,0.0,0.0,0.0,0.0,0.0,4.3,4.3,4.3,12.9,4.3,0,0,4.3,1,13222,1,13222,22685,22635,23910,22635,15070,20945,15070,5128,2107,10625,14058,22137,23286,19908,16469,12854,8263,8846,6239,5553,22394,6420,25060,2246,150,25168,1,8:21
2024-25,1641824,Matas Buzelis,Matas,1610612741,CHI,Chicago Bulls,0022400160,2024-11-04T00:00:00,CHI vs. UTA,L,4.316666666666666,0.0,8.3,0.0,0.0,0.0,0.0,0.0,0.0,0.0,0.0,8.3,8.3,0.0,0.0,0.0,0.0,0.0,0.0,0.0,0.0,-83.4,10.0,0,0,8.3,1,13222,1,13222,24318,22635,19732,22635,15070,20945,15070,13505,14344,13505,14058,4227,7705,19908,16469,12854,8263,8846,20257,17725,23200,26036,24416,2246,150,24707,1,4:19
2024-25,1628404,Josh Hart,Josh,1610612752,NYK,New York Knicks,0022400161,2024-11-04T00:00:00,NYK @ HOU,L,37.833333333333336,3.8,8.6,0.444,0.0,1.9,0.0,3.8,3.8,1.0,0.0,3.8,3.8,6.7,1.0,1.0,0.0,0.0,2.9,2.9,11.4,-19.0,27.9,0,0,23.8,1,13222,1,13222,1488,17545,19403,13045,15070,19732,15070,6067,8233,1,14058,14297,17804,4486,16137,12339,8263,8846,11387,9751,16765,21249,16313,2246,150,18472,1,37:50
2024-25,1629216,Gabe Vincent,Gabe,1610612747,LAL,Los Angeles Lakers,0022400156,2024-11-04T00:00:00,LAL @ DET,L,17.766666666666666,0.0,0.0,0.0,0.0,0.0,0.0,0.0,0.0,0.0,0.0,0.0,0.0,0.0,2.0,2.0,0.0,0.0,0.0,2.0,0.0,-10.1,4.1,0,0,4.1,1,13222,1,13222,17729,22635,24836,22635,15070,20945,15070,13505,14344,13505,14058,22137,23286,19908,10389,6131,8263,8846,20257,12956,23200,17942,25077,2246,150,25179,1,17:46
2024-25,1629750,Javonte Green,Javonte,1610612740,NOP,New Orleans Pelicans,0022400164,2024-11-04T00:00:00,NOP vs. POR,L,16.808333333333334,0.0,2.1,0.0,0.0,0.0,0.0,0.0,0.0,0.0,2.1,0.0,2.1,0.0,0.0,0.0,0.0,0.0,4.3,0.0,0.0,2.1,2.6,0,0,2.1,1,13222,1,13222,18381,22635,24736,22635,15070,20945,15070,13505,14344,13505,7792,22137,21532,19908,16469,12854,8263,8846,6331,17725,23200,11547,25145,2246,150,25252,1,16:49
2024-25,1629629,Cam Reddish,Cam,1610612747,LAL,Los Angeles Lakers,0022400156,2024-11-04T00:00:00,LAL @ DET,L,14.016666666666667,0.0,0.0,0.0,0.0,0.0,0.0,0.0,0.0,0.0,0.0,12.8,12.8,0.0,0.0,2.6,0.0,0.0,5.1,0.0,0.0,25.7,23.1,0,0,18.0,1,13222,1,13222,20187,22635,24836,22635,15070,20945,15070,13505,14344,13505,14058,1068,2917,19908,16469,4205,8263,8846,4304,17725,23200,2674,19488,2246,150,21880,1,14:01
2024-25,1626162,Kelly Oubre Jr.,Kelly,1610612755,PHI,Philadelphia 76ers,0022400167,2024-11-04T00:00:00,PHI @ PHX,L,32.483333333333334,4.4,11.1,0.4,1.1,5.5,0.2,2.2,2.2,1.0,1.1,3.3,4.4,1.1,1.1,2.2,0.0,2.2,6.6,1.1,12.2,-7.8,24.7,0,0,23.3,1,13222,1,13222,5567,15970,15225,14933,13896,11867,13429,9889,12035,1,12408,15718,16210,19326,15078,5334,8263,2610,2267,16874,15928,16860,18479,2246,150,18820,1,32:29
2024-25,1630526,Jeremiah Robinson-Earl,Jeremiah,1610612740,NOP,New Orleans Pelicans,0022400164,2024-11-04T00:00:00,NOP vs. POR,L,33.94166666666667,5.3,7.4,0.714,2.1,4.2,0.5,0.0,0.0,0.0,2.1,3.2,5.3,1.1,0.0,1.1,0.0,0.0,3.2,1.1,12.7,-24.4,23.9,0,0,23.3,1,13222,1,13222,4319,13522,21035,2752,9588,15024,3944,13505,14344,13505,7883,16151,14036,19484,16469,11384,8263,8846,9938,17114,15362,22662,19049,2246,150,18782,1,33:57
2024-25,1629634,Brandon Clarke,Brandon,1610612763,MEM,Memphis Grizzlies,0022400158,2024-11-04T00:00:00,MEM @ BKN,L,10.833333333333334,3.3,6.6,0.5,0.0,0.0,0.0,0.0,0.0,0.0,0.0,0.0,0.0,3.3,0.0,6.6,0.0,0.0,6.6,0.0,6.6,0.0,31.6,0,0,23.3,1,13222,1,13222,21781,18695,21962,8526,15070,20945,15070,13505,14344,13505,14058,22137,23286,11907,16469,351,8263,8846,2272,17725,20960,12240,13631,2246,150,18832,1,10:50
2024-25,1642275,Tidjane Salaün,Tidjane,1610612766,CHA,Charlotte Hornets,0022400162,2024-11-04T00:00:00,CHA @ MIN,L,22.066666666666666,3.3,16.3,0.2,1.6,11.4,0.143,0.0,0.0,0.0,0.0,3.3,3.3,1.6,3.3,1.6,0.0,3.3,4.9,1.6,8.2,-16.3,16.2,0,0,17.9,1,13222,1,13222,14445,18845,6656,21401,11590,2158,14649,13505,14344,13505,14058,15896,19074,17565,5624,7882,8263,1093,4852,14521,19783,20382,22788,2246,150,21894,1,22:04
2024-25,1630703,Scoot Henderson,Scoot,1610612757,POR,Portland Trail Blazers,0022400164,2024-11-04T00:00:00,POR @ NOP,W,24.666666666666668,2.9,8.8,0.333,0.0,4.4,0.0,1.5,2.9,0.5,0.0,2.9,2.9,7.3,7.3,2.9,0.0,0.0,2.9,1.5,7.3,13.1,23.2,0,0,23.4,1,1,13086,1,12303,19605,19088,17395,15070,14738,15070,11879,10176,10625,14058,17017,19944,3616,777,3350,8263,8846,11095,15188,20487,6331,19433,2246,150,18766,1,24:40
2024-25,1631243,Mouhamed Gueye,Mouhamed,1610612737,ATL,Atlanta Hawks,0022400157,2024-11-04T00:00:00,ATL vs. BOS,L,8.35,0.0,8.6,0.0,0.0,4.3,0.0,0.0,0.0,0.0,0.0,8.6,8.6,0.0,4.3,0.0,0.0,0.0,0.0,0.0,0.0,12.9,6.0,0,0,8.6,1,13222,1,13222,22685,22635,19320,22635,15070,14881,15070,13505,14344,13505,14058,3909,7268,19908,3293,12854,8263,8846,20257,17725,23200,6420,24914,2246,150,24659,1,8:21
2024-25,1631200,Kris Murray,Kris,1610612757,POR,Portland Trail Blazers,0022400164,2024-11-04T00:00:00,POR @ NOP,W,7.716666666666667,0.0,0.0,0.0,0.0,0.0,0.0,4.7,9.3,0.5,0.0,4.7,4.7,0.0,0.0,0.0,0.0,0.0,0.0,4.7,4.7,-14.0,10.3,0,0,9.3,1,1,13086,1,22919,22635,24836,22635,15070,20945,15070,4569,1690,10625,14058,11812,15657,19908,16469,12854,8263,8846,20257,4797,22203,19500,24371,2246,150,24550,1,7:43
2024-25,1631165,Keon Ellis,Keon,1610612758,SAC,Sacramento Kings,0022400159,2024-11-04T00:00:00,SAC @ MIA,W,28.633333333333333,3.8,7.5,0.5,1.3,3.8,0.333,0.0,1.3,0.0,2.5,1.3,3.8,2.5,0.0,3.8,0.0,1.3,5.0,1.3,8.8,27.7,28.4,0,0,23.9,1,1,13086,1,8997,17644,20867,8526,13050,16056,9209,13505,13805,13505,6564,21371,17891,14488,16469,1880,8263,5888,4540,16095,19269,2317,15930,2246,150,18407,1,28:38
2024-25,1631216,Caleb Houstan,Caleb,1610612753,ORL,Orlando Magic,0022400163,2024-11-04T00:00:00,ORL @ OKC,L,9.083333333333334,0.0,11.9,0.0,0.0,11.9,0.0,0.0,0.0,0.0,0.0,4.0,4.0,0.0,0.0,0.0,0.0,0.0,4.0,0.0,0.0,-19.8,4.8,0,0,4.0,1,13222,1,13222,22416,22635,13778,22635,15070,1842,15070,13505,14344,13505,14058,13829,17404,19908,16469,12854,8263,8846,7239,17725,23200,21497,25023,2246,150,25187,1,9:05
2024-25,1631108,Max Christie,Max,1610612747,LAL,Los Angeles Lakers,0022400156,2024-11-04T00:00:00,LAL @ DET,L,4.2,0.0,17.1,0.0,0.0,8.6,0.0,0.0,0.0,0.0,0.0,8.6,8.6,0.0,8.6,0.0,0.0,0.0,17.1,0.0,0.0,-51.4,1.7,0,0,8.6,1,13222,1,13222,24380,22635,5641,22635,15070,5458,15070,13505,14344,13505,14058,3970,7359,19908,485,12854,8263,8846,173,17725,23200,25439,25177,2246,150,24666,1,4:12
2024-25,1631128,Christian Braun,Christian,1610612743,DEN,Denver Nuggets,0022400166,2024-11-04T00:00:00,DEN vs. TOR,W,36.04,7.0,11.0,0.636,1.0,1.0,1.0,2.0,4.0,0.5,1.0,3.0,4.0,0.0,0.0,1.0,0.0,1.0,2.0,3.0,17.0,5.0,24.8,0,0,24.0,1,1,13086,1,2657,8952,15371,4689,14560,20866,1,10653,7850,10625,13262,16749,17331,19908,16469,11970,8263,7935,15162,9276,10863,10115,18437,2246,150,18346,1,36:02
2024-25,1630183,Jaden McDaniels,Jaden,1610612750,MIN,Minnesota Timberwolves,0022400162,2024-11-04T00:00:00,MIN vs. CHA,W,22.433333333333334,4.8,16.0,0.3,1.6,8.0,0.2,3.2,6.4,0.5,1.6,3.2,4.8,0.0,0.0,0.0,3.2,0.0,4.8,4.8,14.4,0.0,29.8,0,0,27.3,1,1,13086,1,14170,14903,7052,19363,11656,6412,13429,7307,3981,10625,9899,16052,15261,19908,16469,12854,1467,8846,5023,4471,13464,12240,14906,2246,150,15966,1,22:26
2024-25,202331,Paul George,Paul,1610612755,PHI,Philadelphia 76ers,0022400167,2024-11-04T00:00:00,PHI @ PHX,L,31.60333333333333,4.6,15.9,0.286,1.1,8.0,0.143,6.8,8.0,0.857,0.0,5.7,5.7,4.6,6.8,1.1,0.0,0.0,3.4,8.0,17.1,3.4,27.3,0,0,30.8,1,13222,1,13222,6332,15616,7184,19630,13717,6486,14649,2134,2536,7071,14058,9056,13031,8520,972,10687,8263,8846,9017,1033,10756,10923,16714,2246,150,13351,1,31:36
2024-25,203501,Tim Hardaway Jr.,Tim,1610612765,DET,Detroit Pistons,0022400156,2024-11-04T00:00:00,DET vs. LAL,W,32.18333333333333,7.8,13.4,0.583,4.5,8.9,0.5,1.1,1.1,1.0,0.0,0.0,0.0,1.1,0.0,0.0,0.0,0.0,0.0,3.4,21.3,-3.4,22.9,0,0,26.8,1,1,13086,1,5816,7007,11119,6296,3104,4902,3944,12861,14012,1,14058,22137,23286,19297,16469,12854,8263,8846,20257,8080,6877,14741,19602,2246,150,16273,1,32:11
2024-25,1630228,Jonathan Kuminga,Jonathan,1610612744,GSW,Golden State Warriors,0022400155,2024-11-04T00:00:00,GSW @ WAS,W,25.283333333333335,10.0,21.4,0.467,0.0,2.8,0.0,1.4,5.7,0.25,4.3,4.3,8.5,2.8,0.0,1.4,0.0,1.4,0.0,2.8,21.4,4.3,40.2,0,0,35.6,1,1,13086,1,11759,3258,2122,12249,15070,17966,15070,11972,4895,13358,3209,12891,7411,13447,16469,8783,8263,5082,20257,9784,6767,10501,7665,2246,150,9665,1,25:17
2024-25,1629660,Ty Jerome,Ty,1610612739,CLE,Cleveland Cavaliers,0022400154,2024-11-04T00:00:00,CLE vs. MIL,W,18.733333333333334,5.8,7.7,0.75,0.0,1.9,0.0,0.0,1.9,0.0,0.0,0.0,0.0,1.9,0.0,3.8,0.0,0.0,0.0,3.8,11.5,-28.8,25.9,0,0,21.1,1,1,13086,1,17015,12219,20666,2107,15070,19700,15070,13505,12928,13505,14058,22137,23286,16668,16469,1799,8263,8846,20257,6730,16639,23561,17655,2246,150,20197,1,18:44
2024-25,1627777,Georges Niang,Georges,1610612739,CLE,Cleveland Cavaliers,0022400154,2024-11-04T00:00:00,CLE vs. MIL,W,26.326666666666668,4.1,8.2,0.5,4.1,8.2,0.5,0.0,0.0,0.0,0.0,5.5,5.5,2.7,0.0,1.4,0.0,0.0,6.8,0.0,12.3,-1.4,27.1,0,0,27.3,1,1,13086,1,10887,16840,19944,8526,3781,6078,3944,13505,14344,13505,14058,9617,13623,13807,16469,9096,8263,8846,2114,17725,15819,13740,16885,2246,150,15903,1,26:20
2024-25,1631288,Jamal Cain,Jamal,1610612740,NOP,New Orleans Pelicans,0022400164,2024-11-04T00:00:00,NOP vs. POR,L,12.166666666666666,3.0,14.8,0.2,0.0,5.9,0.0,0.0,0.0,0.0,3.0,11.8,14.8,0.0,8.9,0.0,3.0,0.0,3.0,0.0,5.9,-32.5,23.7,0,0,26.6,1,13222,1,13222,21167,19510,8908,21401,15070,10887,15070,13505,14344,13505,5436,1451,1872,19908,438,12854,1746,8846,10903,17725,21444,24106,19164,2246,150,16444,1,12:10
2024-25,1629014,Anfernee Simons,Anfernee,1610612757,POR,Portland Trail Blazers,0022400164,2024-11-04T00:00:00,POR @ NOP,W,34.1,10.6,17.9,0.588,3.2,8.4,0.375,1.1,1.1,1.0,0.0,1.1,1.1,4.2,2.1,1.1,0.0,1.1,1.1,2.1,25.3,13.7,34.0,0,0,35.9,1,1,13086,1,4167,2661,4754,6229,6042,5673,8800,13061,14123,1,14058,21866,23150,9333,9948,11437,8263,7439,19380,12561,4033,6114,11818,2246,150,9454,1,34:06
2024-25,1630811,Keaton Wallace,Keaton,1610612737,ATL,Atlanta Hawks,0022400157,2024-11-04T00:00:00,ATL vs. BOS,L,20.7,3.5,8.7,0.4,0.0,1.7,0.0,3.5,3.5,1.0,0.0,7.0,7.0,3.5,3.5,7.0,3.5,0.0,1.7,1.7,10.4,-7.0,51.8,0,0,41.7,1,13222,1,13222,15489,18368,19200,14933,15070,20000,15070,6739,8927,1,14058,6435,10226,11456,5061,303,1245,8846,16416,14150,17721,16491,2754,2246,150,5777,1,20:42
2024-25,1630558,Davion Mitchell,Davion,1610612761,TOR,Toronto Raptors,0022400166,2024-11-04T00:00:00,TOR @ DEN,L,30.423333333333332,5.9,13.0,0.455,2.4,8.3,0.286,1.2,1.2,1.0,0.0,1.2,1.2,9.5,0.0,1.2,0.0,0.0,2.4,2.4,15.4,-1.2,34.6,0,0,30.8,1,13222,1,13222,7390,11761,11825,12676,8607,5942,11433,12655,13917,1,14058,21560,22966,1718,16469,10320,8263,8846,13365,11478,12539,13667,11410,2246,150,13347,1,30:25
2024-25,1631106,Tari Eason,Tari,1610612745,HOU,Houston Rockets,0022400161,2024-11-04T00:00:00,HOU vs. NYK,W,24.7,4.4,10.2,0.429,0.0,2.9,0.0,1.5,2.9,0.5,2.9,4.4,7.3,1.5,0.0,0.0,1.5,1.5,4.4,1.5,10.2,13.1,25.5,0,0,21.9,1,1,13086,1,12272,16141,16728,13735,15070,17829,15070,11888,10192,10625,5548,12593,9595,18148,16469,12854,5012,4950,6094,15200,17949,6341,17935,2246,150,19748,1,24:42
2024-25,1628436,Luke Kornet,Luke,1610612738,BOS,Boston Celtics,0022400157,2024-11-04T00:00:00,BOS @ ATL,W,15.666666666666666,2.3,4.6,0.5,0.0,0.0,0.0,0.0,0.0,0.0,4.6,11.5,16.1,0.0,0.0,2.3,2.3,2.3,6.9,2.3,4.6,4.6,37.7,0,0,29.9,1,1,13086,1,19151,20854,23747,8526,15070,20945,15070,13505,14344,13505,2808,1635,1400,19908,16469,5046,2750,2429,2065,11750,22234,10341,9234,2246,150,14052,1,15:40
2024-25,1641710,Anthony Black,Anthony,1610612753,ORL,Orlando Magic,0022400163,2024-11-04T00:00:00,ORL @ OKC,L,20.616666666666667,1.7,14.0,0.125,0.0,8.7,0.0,1.7,3.5,0.5,1.7,3.5,5.2,3.5,5.2,3.5,0.0,0.0,0.0,1.7,5.2,-31.4,22.0,0,0,21.0,1,13222,1,13222,15553,21837,10214,22420,15070,5217,15070,11336,8900,10625,9426,15259,14195,11404,2076,2247,8263,8846,20257,14126,21887,23953,20149,2246,150,20308,1,20:37
2024-25,203932,Aaron Gordon,Aaron,1610612743,DEN,Denver Nuggets,0022400166,2024-11-04T00:00:00,DEN vs. TOR,W,4.266666666666667,8.4,16.9,0.5,8.4,16.9,0.5,0.0,0.0,0.0,0.0,0.0,0.0,8.4,8.4,0.0,0.0,0.0,8.4,0.0,25.3,8.4,29.5,0,0,42.2,1,1,13086,1,24349,5732,5941,8526,376,428,3944,13505,14344,13505,14058,22137,23286,2475,512,12854,8263,8846,1162,17725,4050,8421,15119,2246,150,5552,1,4:16
2024-25,1628970,Miles Bridges,Miles,1610612766,CHA,Charlotte Hornets,0022400162,2024-11-04T00:00:00,CHA @ MIN,L,25.0,5.8,18.7,0.308,1.4,8.6,0.167,1.4,2.9,0.5,1.4,7.2,8.6,5.8,1.4,0.0,0.0,1.4,1.4,1.4,14.4,-14.4,32.0,0,0,30.2,1,13222,1,13222,12008,12230,4012,19226,12296,5356,14236,11923,10283,10625,10578,5993,7242,5928,13058,12854,8263,5022,17478,15277,13498,19654,13352,2246,150,13762,1,25:00
2024-25,1628978,Donte DiVincenzo,Donte,1610612750,MIN,Minnesota Timberwolves,0022400162,2024-11-04T00:00:00,MIN vs. CHA,W,28.283333333333335,6.4,11.5,0.556,3.8,7.6,0.5,1.3,1.3,1.0,0.0,6.4,6.4,3.8,5.1,2.5,2.5,0.0,5.1,3.8,17.8,42.0,41.4,0,0,42.0,1,1,13086,1,9310,10531,14561,7248,4385,7111,3944,12377,13777,1,14058,7568,11478,10453,2236,4267,2296,8846,4400,6795,10010,840,6952,2246,150,5642,1,28:17
2024-25,1626171,Bobby Portis,Bobby,1610612749,MIL,Milwaukee Bucks,0022400154,2024-11-04T00:00:00,MIL @ CLE,L,38.895,9.3,19.4,0.476,0.0,1.9,0.0,0.9,1.9,0.5,2.8,13.9,16.7,0.9,0.9,0.0,2.8,1.9,2.8,6.5,19.4,-2.8,48.2,1,0,42.6,1,13222,1,13222,920,4280,3394,12010,15070,19825,15070,13421,13107,10625,5916,787,1224,19839,16263,12854,1987,3735,11740,2108,8432,14441,3908,1,150,5360,1,38:54
2024-25,1630631,Jose Alvarado,Jose,1610612740,NOP,New Orleans Pelicans,0022400164,2024-11-04T00:00:00,NOP vs. POR,L,33.766666666666666,4.3,14.9,0.286,3.2,9.6,0.333,7.5,7.5,1.0,1.1,0.0,1.1,6.4,1.1,0.0,0.0,2.1,3.2,4.3,19.2,-28.8,29.0,0,0,29.9,1,13222,1,13222,4465,16413,8718,19630,5961,3986,9209,1693,2947,1,12745,22137,23132,4858,15378,12854,8263,2826,9877,5687,8660,23549,15487,2246,150,14061,1,33:46
2024-25,1626157,Karl-Anthony Towns,Karl-Anthony,1610612752,NYK,New York Knicks,0022400161,2024-11-04T00:00:00,NYK @ HOU,L,32.42,7.8,18.9,0.412,0.0,2.2,0.0,3.3,4.4,0.75,10.0,11.1,21.1,0.0,3.3,0.0,1.1,2.2,4.4,7.8,18.9,-28.9,44.2,1,0,42.2,1,13222,1,13222,5621,7118,3866,14791,15070,19133,15070,7045,6955,8186,407,1852,410,19908,5415,12854,6726,2604,5912,1150,8969,23567,5574,1,150,5549,1,32:25
2024-25,1630590,Scotty Pippen Jr.,Scotty,1610612763,MEM,Memphis Grizzlies,0022400158,2024-11-04T00:00:00,MEM @ BKN,L,31.051666666666666,7.0,15.1,0.462,2.3,7.0,0.333,0.0,0.0,0.0,0.0,4.6,4.6,3.5,2.3,0.0,0.0,0.0,5.8,2.3,16.2,0.0,24.7,0,0,26.7,1,13222,1,13222,6838,9033,8482,12428,8782,8558,9209,13505,14344,13505,14058,11889,15734,11462,8990,12854,8263,8846,3227,11665,11685,12240,18493,2246,150,16428,1,31:03
2024-25,1630541,Moses Moody,Moses,1610612744,GSW,Golden State Warriors,0022400155,2024-11-04T00:00:00,GSW @ WAS,W,14.983333333333333,7.2,16.8,0.429,2.4,9.6,0.25,7.2,7.2,1.0,2.4,0.0,2.4,2.4,0.0,2.4,0.0,0.0,0.0,4.8,24.0,-14.4,37.7,0,0,36.0,1,1,13086,1,19573,8434,6011,13735,8479,3965,11902,1865,3161,1,6910,22137,21002,14872,16469,4691,8263,8846,20257,4489,4785,19666,9208,2246,150,9342,1,14:59
2024-25,1630531,Jaden Springer,Jaden,1610612738,BOS,Boston Celtics,0022400157,2024-11-04T00:00:00,BOS @ ATL,W,8.35,4.3,17.2,0.25,0.0,8.6,0.0,0.0,0.0,0.0,0.0,4.3,4.3,0.0,0.0,8.6,0.0,0.0,4.3,0.0,8.6,-12.9,39.7,0,0,30.2,1,1,13086,1,22685,16288,5520,20233,15070,5382,15070,13505,14344,13505,14058,12760,16501,19908,16469,169,8263,8846,6239,17725,19408,19103,7984,2246,150,13814,1,8:21
2024-25,202681,Kyrie Irving,Kyrie,1610612742,DAL,Dallas Mavericks,0022400165,2024-11-04T00:00:00,DAL vs. IND,L,39.60166666666667,10.0,19.1,0.524,2.7,6.4,0.429,1.8,1.8,1.0,1.8,2.7,4.5,3.6,1.8,0.0,0.0,0.9,2.7,0.9,24.5,-10.0,33.6,0,0,35.5,1,13222,1,13222,685,3227,3683,8439,7461,9840,7394,11204,13170,1,9178,17619,15939,10982,11468,12854,8263,8614,11931,17644,4466,17890,12082,2246,150,9760,1,39:36
2024-25,1630178,Tyrese Maxey,Tyrese,1610612755,PHI,Philadelphia 76ers,0022400167,2024-11-04T00:00:00,PHI @ PHX,L,40.93666666666667,10.6,19.3,0.545,5.3,12.3,0.429,1.8,2.6,0.667,0.0,2.6,2.6,1.8,0.0,0.9,0.9,0.0,2.6,2.6,28.1,-7.9,39.2,0,0,41.3,1,13222,1,13222,383,2664,3462,7695,1973,1616,7394,11317,10890,9425,14058,17862,20569,17207,16469,12737,8143,8846,12294,10519,2732,16939,8253,2246,150,6011,1,40:56
2024-25,1631218,Trayce Jackson-Davis,Trayce,1610612744,GSW,Golden State Warriors,0022400155,2024-11-04T00:00:00,GSW @ WAS,W,23.366666666666667,9.2,16.9,0.545,0.0,0.0,0.0,0.0,0.0,0.0,1.5,7.7,9.2,4.6,0.0,0.0,1.5,4.6,1.5,0.0,18.5,16.9,41.1,0,0,35.4,1,1,13086,1,13408,4292,5859,7695,15070,20945,15070,13505,14344,13505,10153,5161,6390,8367,16469,12854,4724,457,17081,17725,9328,4925,7095,2246,150,9772,1,23:22
2024-25,1628386,Jarrett Allen,Jarrett,1610612739,CLE,Cleveland Cavaliers,0022400154,2024-11-04T00:00:00,CLE vs. MIL,W,34.70666666666666,7.3,14.5,0.5,0.0,0.0,0.0,0.0,2.1,0.0,1.0,14.5,15.6,6.2,0.0,2.1,1.0,2.1,0.0,2.1,14.5,6.2,51.9,1,0,42.5,1,1,13086,1,3686,8314,9322,8526,15070,20945,15070,13505,12501,13505,12968,658,1561,5124,16469,5896,7217,2987,20257,12741,13384,9503,2741,1,150,5388,1,34:42
2024-25,201959,Taj Gibson,Taj,1610612766,CHA,Charlotte Hornets,0022400162,2024-11-04T00:00:00,CHA @ MIN,L,16.1,4.5,8.9,0.5,2.2,4.5,0.5,0.0,0.0,0.0,2.2,6.7,8.9,0.0,0.0,2.2,0.0,0.0,2.2,2.2,11.2,-8.9,28.6,0,0,26.8,1,13222,1,13222,18858,15857,18802,8526,9093,14517,3944,13505,14344,13505,7469,6879,6828,19908,16469,5256,8263,8846,13941,12003,17011,17403,15786,2246,150,16289,1,16:06
2024-25,1628418,Thomas Bryant,Thomas,1610612748,MIA,Miami Heat,0022400159,2024-11-04T00:00:00,MIA vs. SAC,L,12.008333333333333,3.0,9.0,0.333,0.0,3.0,0.0,0.0,0.0,0.0,3.0,12.0,15.0,0.0,0.0,0.0,0.0,0.0,0.0,3.0,6.0,6.0,24.0,0,0,21.0,1,13222,1,13222,21226,19438,18736,17395,15070,17662,15070,13505,14344,13505,5348,1365,1774,19908,16469,12854,8263,8846,20257,9270,21397,9617,18961,2246,150,20287,1,12:01
2024-25,1628981,Bruno Fernando,Bruno,1610612761,TOR,Toronto Raptors,0022400166,2024-11-04T00:00:00,TOR @ DEN,L,3.0,12.0,12.0,1.0,0.0,0.0,0.0,0.0,0.0,0.0,0.0,0.0,0.0,12.0,0.0,0.0,0.0,0.0,12.0,0.0,24.0,72.0,42.0,0,0,36.0,1,13222,1,13222,24986,1516,13575,1,15070,20945,15070,13505,14344,13505,14058,22137,23286,719,16469,12854,8263,8846,423,17725,4793,222,6614,2246,150,9360,1,3:00
2024-25,1630214,Xavier Tillman,Xavier,1610612738,BOS,Boston Celtics,0022400157,2024-11-04T00:00:00,BOS @ ATL,W,9.15,3.9,7.9,0.5,0.0,3.9,0.0,0.0,0.0,0.0,3.9,7.9,11.8,7.9,0.0,0.0,0.0,0.0,0.0,0.0,7.9,-11.8,33.8,0,0,27.5,1,1,13086,1,22401,17240,20451,8526,15070,15703,15070,13505,14344,13505,3678,4916,3670,3028,16469,12854,8263,8846,20257,17725,20026,18661,11945,2246,150,15759,1,9:09
2024-25,1641739,Toumani Camara,Toumani,1610612757,POR,Portland Trail Blazers,0022400164,2024-11-04T00:00:00,POR @ NOP,W,36.516666666666666,5.9,11.8,0.5,2.0,4.9,0.4,2.0,3.9,0.5,2.0,3.0,4.9,3.9,0.0,1.0,1.0,0.0,3.9,3.0,15.8,14.8,33.5,0,0,30.6,1,1,13086,1,2328,11764,13893,8526,10291,13367,7874,10738,7962,10625,8517,16867,14986,10095,16469,12075,7566,8846,7303,9398,12149,5711,12181,2246,150,13503,1,36:31
2024-25,1629645,Kevin Porter Jr.,Kevin,1610612746,LAC,LA Clippers,0022400168,2024-11-04T00:00:00,LAC vs. SAS,W,19.466666666666665,5.5,18.5,0.3,0.0,3.7,0.0,0.0,0.0,0.0,3.7,11.1,14.8,12.9,3.7,1.8,0.0,1.8,0.0,3.7,11.1,25.9,50.1,0,0,42.5,1,1,13086,1,16447,12857,4224,19363,15070,16212,15070,13505,14344,13505,4037,1856,1872,539,4557,7037,8263,3740,20257,7133,17093,2632,3238,2246,150,5384,1,19:28
2024-25,1631120,JD Davison,JD,1610612738,BOS,Boston Celtics,0022400157,2024-11-04T00:00:00,BOS @ ATL,W,5.866666666666666,6.1,18.4,0.333,0.0,6.1,0.0,6.1,12.3,0.5,0.0,0.0,0.0,0.0,6.1,6.1,0.0,0.0,0.0,12.3,18.4,-43.0,30.7,0,0,30.7,1,1,13086,1,23641,11124,4280,17395,15070,10347,15070,2742,707,10625,14058,22137,23286,19908,1303,438,8263,8846,20257,184,9408,25047,14287,2246,150,13408,1,5:52
2024-25,201143,Al Horford,Al,1610612738,BOS,Boston Celtics,0022400157,2024-11-04T00:00:00,BOS @ ATL,W,22.0,4.9,6.5,0.75,1.6,3.3,0.5,3.3,3.3,1.0,1.6,6.5,8.2,4.9,0.0,3.3,3.3,0.0,1.6,1.6,14.7,37.6,51.5,0,0,42.5,1,1,13086,1,14502,14654,22057,2107,11573,17128,3944,7159,9368,1,9794,7215,7957,7667,16469,2613,1416,8846,16759,14498,13171,1149,2826,2246,150,5379,1,22:00
2024-25,1642367,Jonathan Mogbo,Jonathan,1610612761,TOR,Toronto Raptors,0022400166,2024-11-04T00:00:00,TOR @ DEN,L,20.566666666666666,3.5,7.0,0.5,0.0,0.0,0.0,0.0,3.5,0.0,5.3,5.3,10.5,3.5,0.0,0.0,0.0,1.8,3.5,1.8,7.0,-7.0,24.9,0,0,21.0,1,13222,1,13222,15592,18325,21560,8526,15070,20945,15070,13505,8881,13505,2141,10156,4905,11384,16469,12854,8263,4028,8742,14116,20726,16502,18387,2246,150,20279,1,20:34
2024-25,1628960,Grayson Allen,Grayson,1610612756,PHX,Phoenix Suns,0022400167,2024-11-04T00:00:00,PHX vs. PHI,W,23.7,4.6,9.1,0.5,3.0,6.1,0.5,9.1,9.1,1.0,1.5,1.5,3.0,0.0,0.0,0.0,0.0,1.5,1.5,6.1,21.3,-3.0,24.9,0,0,27.3,1,1,13086,1,13150,15607,18534,8526,6377,10500,3944,960,1806,1,10241,20834,19611,19908,16469,12854,8263,4698,17147,2528,6863,14589,18353,2246,150,15905,1,23:42
2024-25,203552,Seth Curry,Seth,1610612766,CHA,Charlotte Hornets,0022400162,2024-11-04T00:00:00,CHA @ MIN,L,10.19,7.1,14.1,0.5,0.0,3.5,0.0,0.0,0.0,0.0,7.1,0.0,7.1,0.0,0.0,0.0,0.0,0.0,3.5,0.0,14.1,7.1,22.6,0,0,21.2,1,13222,1,13222,22036,8771,9951,8526,15070,16583,15070,13505,14344,13505,1119,22137,10020,19908,16469,12854,8263,8846,8652,17725,13807,9104,19806,2246,150,20157,1,10:11
2024-25,1629162,Jordan McLaughlin,Jordan,1610612758,SAC,Sacramento Kings,0022400159,2024-11-04T00:00:00,SAC @ MIA,W,10.766666666666667,3.3,6.7,0.5,3.3,3.3,1.0,0.0,0.0,0.0,0.0,6.7,6.7,3.3,0.0,3.3,0.0,0.0,3.3,3.3,10.0,-20.1,33.1,0,0,30.1,1,1,13086,1,21817,18650,21905,8526,5528,16972,1,13505,14344,13505,14058,6913,10755,11838,16469,2477,8263,8846,9274,8113,18131,21567,12512,2246,150,13876,1,10:46
2024-25,1630202,Payton Pritchard,Payton,1610612738,BOS,Boston Celtics,0022400157,2024-11-04T00:00:00,BOS @ ATL,W,25.483333333333334,9.9,17.0,0.583,4.2,11.3,0.375,1.4,1.4,1.0,0.0,4.2,4.2,5.7,4.2,1.4,0.0,1.4,1.4,0.0,25.4,29.7,39.0,0,0,42.4,1,1,13086,1,11598,3348,5857,6296,3504,2252,8800,11990,13580,1,14058,13010,16714,6144,3432,8832,8263,5129,17575,17725,3977,2010,8417,2246,150,5460,1,25:29
2024-25,1629652,Luguentz Dort,Luguentz,1610612760,OKC,Oklahoma City Thunder,0022400163,2024-11-04T00:00:00,OKC vs. ORL,W,27.901666666666667,2.6,7.7,0.333,2.6,5.2,0.5,0.0,0.0,0.0,1.3,2.6,3.9,1.3,2.6,2.6,0.0,0.0,3.9,2.6,7.7,0.0,19.5,0,0,20.6,1,1,13086,1,9624,20311,20610,17395,7894,12799,3944,13505,14344,13505,11242,17993,17657,18695,7952,4180,8263,8846,7551,10707,20135,12240,21420,2246,150,20490,1,27:54
2024-25,1628997,Caleb Martin,Caleb,1610612755,PHI,Philadelphia 76ers,0022400167,2024-11-04T00:00:00,PHI @ PHX,L,39.03333333333333,1.8,5.5,0.333,0.9,2.8,0.333,0.0,0.0,0.0,2.8,6.5,9.2,4.6,0.0,0.9,0.0,0.0,1.8,0.0,4.6,6.5,25.4,0,0,21.2,1,13222,1,13222,873,21672,23063,17395,14893,18127,9209,13505,14344,13505,5933,7401,6411,8387,16469,12553,8263,8846,15966,17725,22229,9390,18033,2246,150,20152,1,39:02
2024-25,1642273,Kyshawn George,Kyshawn,1610612764,WAS,Washington Wizards,0022400155,2024-11-04T00:00:00,WAS vs. GSW,L,37.85,6.7,18.1,0.368,5.7,16.2,0.353,0.0,0.0,0.0,1.0,4.8,5.7,3.8,1.0,1.0,0.0,2.9,4.8,2.9,19.0,-3.8,33.5,0,0,36.1,1,13222,1,13222,1480,9809,4594,16823,1554,507,9205,13505,14344,13505,13637,11559,12997,10486,16141,12340,8263,1529,5170,9753,8835,14954,12202,2246,150,9271,1,37:51
2024-25,203458,Alex Len,Alex,1610612758,SAC,Sacramento Kings,0022400159,2024-11-04T00:00:00,SAC @ MIA,W,10.063333333333333,0.0,3.6,0.0,0.0,3.6,0.0,0.0,0.0,0.0,0.0,3.6,3.6,3.6,3.6,3.6,3.6,0.0,3.6,0.0,0.0,-25.0,27.5,0,0,21.5,1,1,13086,1,22088,22635,24278,22635,15070,16491,15070,13505,14344,13505,14058,14998,18377,11153,4821,2125,1169,8846,8503,17725,23200,22815,16543,2246,150,19999,1,10:04
2024-25,203952,Andrew Wiggins,Andrew,1610612744,GSW,Golden State Warriors,0022400155,2024-11-04T00:00:00,GSW @ WAS,W,17.983333333333334,2.0,18.0,0.111,0.0,12.0,0.0,6.0,8.0,0.75,2.0,6.0,8.0,4.0,0.0,0.0,4.0,2.0,6.0,4.0,10.0,10.0,37.6,0,0,30.0,1,1,13086,1,17566,21407,4652,22520,15070,1777,15070,2853,2518,8186,8377,8303,8257,9928,16469,12854,915,3227,2932,6295,18154,7695,9262,2246,150,13922,1,17:59
2024-25,1642265,Rob Dillingham,Rob,1610612750,MIN,Minnesota Timberwolves,0022400162,2024-11-04T00:00:00,MIN vs. CHA,W,8.116666666666667,8.9,13.3,0.667,0.0,0.0,0.0,0.0,0.0,0.0,0.0,0.0,0.0,8.9,4.4,0.0,0.0,0.0,0.0,0.0,17.7,-31.0,26.6,0,0,26.6,1,1,13086,1,22775,4929,11292,3281,15070,20945,15070,13505,14344,13505,14058,22137,23286,2120,3094,12854,8263,8846,20257,17725,10093,23893,17207,2246,150,16457,1,8:07
2024-25,1627827,Dorian Finney-Smith,Dorian,1610612751,BKN,Brooklyn Nets,0022400158,2024-11-04T00:00:00,BKN vs. MEM,W,28.005,7.7,12.9,0.6,6.4,10.3,0.625,0.0,0.0,0.0,6.4,1.3,7.7,3.9,5.1,1.3,0.0,1.3,6.4,1.3,21.9,15.4,35.6,0,0,42.4,1,1,13086,1,9541,7250,12127,5394,1038,3178,2868,13505,14344,13505,1405,21310,8784,10358,2184,9543,8263,5727,2470,15972,6324,5463,10649,2246,150,5448,1,28:00
2024-25,1630322,Lindy Waters III,Lindy,1610612744,GSW,Golden State Warriors,0022400155,2024-11-04T00:00:00,GSW @ WAS,W,13.868333333333334,2.6,10.4,0.25,2.6,7.8,0.333,0.0,0.0,0.0,2.6,5.2,7.8,2.6,0.0,0.0,0.0,2.6,5.2,0.0,7.8,-5.2,21.0,0,0,20.8,1,1,13086,1,20259,20285,16417,20233,7846,6821,9209,13505,14344,13505,6360,10309,8639,14228,16469,12854,8263,1886,4218,17725,20094,15692,20673,2246,150,20434,1,13:52
2024-25,1631212,Peyton Watson,Peyton,1610612743,DEN,Denver Nuggets,0022400166,2024-11-04T00:00:00,DEN vs. TOR,W,30.566666666666666,4.7,8.2,0.571,1.2,2.4,0.5,8.2,10.6,0.778,1.2,2.4,3.5,1.2,1.2,2.4,2.4,1.2,5.9,5.9,18.8,10.6,37.8,0,0,34.2,1,1,13086,1,7262,15213,19870,6538,13486,18892,3944,1302,1157,8092,11939,18605,18479,19090,14598,4845,2637,6420,3086,2762,8999,7419,9161,2246,150,10733,1,30:34
2024-25,1630579,Jericho Sims,Jericho,1610612752,NYK,New York Knicks,0022400161,2024-11-04T00:00:00,NYK @ HOU,L,15.58,0.0,0.0,0.0,0.0,0.0,0.0,0.0,0.0,0.0,2.3,6.9,9.2,2.3,2.3,0.0,0.0,0.0,9.2,0.0,0.0,32.3,12.2,0,0,11.6,1,13222,1,13222,19206,22635,24836,22635,15070,20945,15070,13505,14344,13505,7216,6487,6392,15194,9024,12854,8263,8846,888,17725,23200,1694,23958,2246,150,24098,1,15:35
2024-25,202692,Alec Burks,Alec,1610612748,MIA,Miami Heat,0022400159,2024-11-04T00:00:00,MIA vs. SAC,L,12.7,0.0,8.5,0.0,0.0,2.8,0.0,5.7,5.7,1.0,0.0,0.0,0.0,0.0,0.0,2.8,0.0,0.0,0.0,2.8,5.7,19.8,14.2,0,0,11.3,1,13222,1,13222,20897,22635,19480,22635,15070,17986,15070,3221,4935,1,14058,22137,23286,19908,16469,3584,8263,8846,20257,9845,21613,3999,23440,2246,150,24147,1,12:42
2024-25,1628983,Shai Gilgeous-Alexander,Shai,1610612760,OKC,Oklahoma City Thunder,0022400163,2024-11-04T00:00:00,OKC vs. ORL,W,35.06666666666667,8.2,16.4,0.5,1.0,3.1,0.333,4.1,4.1,1.0,0.0,6.2,6.2,9.2,4.1,1.0,0.0,1.0,4.1,4.1,21.6,18.5,41.8,0,0,40.0,1,1,13086,1,3410,6174,6510,8526,14383,17493,9209,5515,7615,1,14058,7992,11918,1843,3663,11700,8263,7695,6817,6039,6589,4413,6733,2246,150,6759,1,35:04
2024-25,203084,Harrison Barnes,Harrison,1610612759,SAS,San Antonio Spurs,0022400168,2024-11-04T00:00:00,SAS @ LAC,L,37.56666666666667,1.0,3.8,0.25,0.0,2.9,0.0,1.9,1.9,1.0,4.8,1.0,5.7,2.9,0.0,0.0,0.0,0.0,1.0,1.0,3.8,8.6,15.0,0,0,12.5,1,13222,1,13222,1648,22625,24169,20233,15070,17907,15070,10897,12940,1,2575,22042,12907,13360,16469,12854,8263,8846,19917,17520,22636,8347,23164,2246,150,23882,1,37:34
2024-25,1630231,KJ Martin,KJ,1610612755,PHI,Philadelphia 76ers,0022400167,2024-11-04T00:00:00,PHI @ PHX,L,2.4633333333333334,0.0,0.0,0.0,0.0,0.0,0.0,0.0,0.0,0.0,0.0,0.0,0.0,0.0,0.0,0.0,0.0,0.0,0.0,0.0,0.0,14.6,0.0,0,0,0.0,1,13222,1,13222,25224,22635,24836,22635,15070,20945,15070,13505,14344,13505,14058,22137,23286,19908,16469,12854,8263,8846,20257,17725,23200,5775,25228,2246,150,25259,1,2:28
2024-25,1641712,Rayan Rupert,Rayan,1610612757,POR,Portland Trail Blazers,0022400164,2024-11-04T00:00:00,POR @ NOP,W,18.65,5.8,9.7,0.6,0.0,1.9,0.0,0.0,1.9,0.0,1.9,1.9,3.9,0.0,0.0,1.9,0.0,1.9,1.9,1.9,11.6,11.6,22.0,0,0,19.3,1,1,13086,1,17073,12132,17671,5394,15070,19682,15070,13505,12906,13505,8705,19890,17680,19908,16469,6619,8263,3451,15515,13402,16587,6976,20145,2246,150,21246,1,18:39
2024-25,1630311,Pat Spencer,Pat,1610612744,GSW,Golden State Warriors,0022400155,2024-11-04T00:00:00,GSW @ WAS,W,0.5133333333333333,0.0,0.0,0.0,0.0,0.0,0.0,0.0,0.0,0.0,0.0,0.0,0.0,0.0,0.0,0.0,0.0,0.0,0.0,0.0,0.0,0.0,0.0,0,0,0.0,1,1,13086,1,26202,22635,24836,22635,15070,20945,15070,13505,14344,13505,14058,22137,23286,19908,16469,12854,8263,8846,20257,17725,23200,12240,25228,2246,150,25259,1,0:31
2024-25,201587,Nicolas Batum,Nicolas,1610612746,LAC,LA Clippers,0022400168,2024-11-04T00:00:00,LAC vs. SAS,W,20.113333333333333,1.8,8.9,0.2,1.8,5.4,0.333,0.0,0.0,0.0,0.0,1.8,1.8,3.6,0.0,0.0,0.0,0.0,3.6,0.0,5.4,21.5,12.9,0,0,12.5,1,1,13086,1,15943,21771,18795,21401,11115,12286,9209,13505,14344,13505,14058,20267,22174,11146,16469,12854,8263,8846,8497,17725,21813,3583,23797,2246,150,23864,1,20:07
2024-25,1629640,Keldon Johnson,Keldon,1610612759,SAS,San Antonio Spurs,0022400168,2024-11-04T00:00:00,SAS @ LAC,L,28.133333333333333,6.4,10.2,0.625,0.0,0.0,0.0,0.0,0.0,0.0,1.3,5.1,6.4,1.3,0.0,0.0,0.0,2.6,2.6,0.0,12.8,-21.8,22.4,0,0,20.5,1,13222,1,13222,9432,10455,16668,4899,15070,20945,15070,13505,14344,13505,11299,10503,11405,18725,16469,12854,8263,1935,12567,17725,15294,22017,19931,2246,150,20591,1,28:08
2024-25,1641854,Craig Porter Jr.,Craig,1610612739,CLE,Cleveland Cavaliers,0022400154,2024-11-04T00:00:00,CLE vs. MIL,W,5.466666666666667,0.0,0.0,0.0,0.0,0.0,0.0,0.0,0.0,0.0,0.0,0.0,0.0,0.0,6.6,0.0,0.0,0.0,0.0,0.0,0.0,13.2,-6.6,0,0,0.0,1,1,13086,1,23802,22635,24836,22635,15070,20945,15070,13505,14344,13505,14058,22137,23286,19908,1086,12854,8263,8846,20257,17725,23200,6313,26187,2246,150,25259,1,5:28
2024-25,1626153,Delon Wright,Delon,1610612749,MIL,Milwaukee Bucks,0022400154,2024-11-04T00:00:00,MIL @ CLE,L,4.383333333333334,0.0,8.2,0.0,0.0,0.0,0.0,0.0,0.0,0.0,0.0,0.0,0.0,0.0,0.0,0.0,0.0,8.2,0.0,0.0,0.0,-65.7,0.0,0,0,0.0,1,13222,1,13222,24293,22635,19923,22635,15070,20945,15070,13505,14344,13505,14058,22137,23286,19908,16469,12854,8263,97,20257,17725,23200,25809,25228,2246,150,25259,1,4:23
2024-25,1630182,Josh Green,Josh,1610612766,CHA,Charlotte Hornets,0022400162,2024-11-04T00:00:00,CHA @ MIN,L,25.826666666666668,4.2,8.4,0.5,1.4,4.2,0.333,1.4,1.4,1.0,0.0,0.0,0.0,0.0,0.0,0.0,0.0,1.4,4.2,2.8,11.2,-27.9,11.2,0,0,12.5,1,13222,1,13222,11316,16643,19699,8526,12473,15167,9209,12029,13597,1,14058,22137,23286,19908,16469,12854,8263,5198,6604,10005,17035,23413,24210,2246,150,23860,1,25:50
2024-25,1630545,Terrence Shannon Jr.,Terrence,1610612750,MIN,Minnesota Timberwolves,0022400162,2024-11-04T00:00:00,MIN vs. CHA,W,5.65,0.0,6.4,0.0,0.0,6.4,0.0,0.0,0.0,0.0,0.0,0.0,0.0,0.0,6.4,0.0,0.0,0.0,0.0,0.0,0.0,-44.6,-6.4,0,0,0.0,1,1,13086,1,23721,22635,22242,22635,15070,9817,15070,13505,14344,13505,14058,22137,23286,19908,1190,12854,8263,8846,20257,17725,23200,25158,26185,2246,150,25259,1,5:39
2024-25,1628464,Daniel Theis,Daniel,1610612740,NOP,New Orleans Pelicans,0022400164,2024-11-04T00:00:00,NOP vs. POR,L,19.583333333333332,3.7,7.4,0.5,0.0,3.7,0.0,0.0,0.0,0.0,1.8,5.5,7.4,1.8,1.8,0.0,1.8,0.0,1.8,0.0,7.4,-20.2,22.6,0,0,20.2,1,13222,1,13222,16344,17899,21135,8526,15070,16271,15070,13505,14344,13505,9094,9489,9465,16970,11371,12854,3962,8846,15997,17725,20442,21619,19805,2246,150,20738,1,19:35
2024-25,1631103,Malaki Branham,Malaki,1610612759,SAS,San Antonio Spurs,0022400168,2024-11-04T00:00:00,SAS @ LAC,L,17.733333333333334,4.1,14.2,0.286,2.0,6.1,0.333,4.1,4.1,1.0,0.0,0.0,0.0,0.0,2.0,2.0,0.0,4.1,0.0,2.0,14.2,-34.5,18.3,0,0,20.3,1,13222,1,13222,17752,16948,9818,19630,10011,10461,9209,5590,7713,1,14058,22137,23286,19908,10366,6107,8263,634,20257,12928,13715,24362,21981,2246,150,20692,1,17:44
2024-25,203939,Dwight Powell,Dwight,1610612742,DAL,Dallas Mavericks,0022400165,2024-11-04T00:00:00,DAL vs. IND,L,7.348333333333334,0.0,0.0,0.0,0.0,0.0,0.0,0.0,0.0,0.0,0.0,0.0,0.0,0.0,0.0,0.0,0.0,0.0,0.0,0.0,0.0,29.4,0.0,0,0,0.0,1,13222,1,13222,23053,22635,24836,22635,15070,20945,15070,13505,14344,13505,14058,22137,23286,19908,16469,12854,8263,8846,20257,17725,23200,2052,25228,2246,150,25259,1,7:21
2024-25,1628370,Malik Monk,Malik,1610612758,SAC,Sacramento Kings,0022400159,2024-11-04T00:00:00,SAC @ MIA,W,24.338333333333335,8.9,16.3,0.545,0.0,4.4,0.0,0.0,0.0,0.0,0.0,1.5,1.5,0.0,1.5,0.0,0.0,1.5,5.9,1.5,17.7,-5.9,18.0,0,0,19.2,1,1,13086,1,12618,4925,6728,7695,15070,14603,15070,13505,14344,13505,14058,20919,22593,19908,12859,12854,8263,4845,3055,15093,10085,16023,22074,2246,150,21276,1,24:20
2024-25,202710,Jimmy Butler III,Jimmy,1610612748,MIA,Miami Heat,0022400159,2024-11-04T00:00:00,MIA vs. SAC,L,35.9,9.0,19.1,0.474,1.0,2.0,0.5,8.0,11.0,0.727,1.0,1.0,2.0,6.0,1.0,2.0,0.0,1.0,1.0,8.0,27.1,11.0,43.5,0,0,40.1,1,13222,1,13222,2753,4660,3714,12072,14537,19548,3944,1407,1015,9223,13231,21968,21787,5455,15822,6228,8263,7899,19692,1005,3176,7223,5876,2246,150,6716,1,35:54
2024-25,1630532,Franz Wagner,Franz,1610612753,ORL,Orlando Magic,0022400163,2024-11-04T00:00:00,ORL @ OKC,L,34.15,8.4,17.9,0.471,1.1,4.2,0.25,5.3,6.3,0.833,2.1,2.1,4.2,2.1,5.3,2.1,0.0,2.1,2.1,4.2,23.2,1.1,32.5,0,0,34.8,1,13222,1,13222,4130,5740,4785,12143,14226,15076,11902,3691,4096,7275,7930,19341,16761,15971,2043,5749,8263,2902,14574,5798,5358,12115,12969,2246,150,10237,1,34:09
2024-25,201942,DeMar DeRozan,DeMar,1610612758,SAC,Sacramento Kings,0022400159,2024-11-04T00:00:00,SAC @ MIA,W,35.98833333333334,10.0,18.0,0.556,1.0,2.0,0.5,5.0,5.0,1.0,1.0,2.0,3.0,6.0,1.0,0.0,2.0,1.0,4.0,4.0,26.0,-2.0,43.6,0,0,40.0,1,1,13086,1,2693,3216,4661,7248,14552,19561,3944,4037,5918,1,13246,19663,19728,5483,15845,12854,3494,7918,7140,6301,3678,14045,5847,2246,150,6775,1,35:59
2024-25,1628969,Mikal Bridges,Mikal,1610612752,NYK,New York Knicks,0022400161,2024-11-04T00:00:00,NYK @ HOU,L,40.35,5.4,12.5,0.429,2.7,7.1,0.375,0.0,0.9,0.0,0.9,1.8,2.7,0.0,3.6,0.9,0.0,0.0,0.0,0.9,13.4,-18.7,15.7,0,0,20.5,1,13222,1,13222,486,13396,12743,13735,7606,8170,8800,13505,14324,13505,13930,20287,20502,19908,4849,12697,8263,8846,20257,17672,14638,21153,22953,2246,150,20564,1,40:21
2024-25,1642267,Bub Carrington,Bub,1610612764,WAS,Washington Wizards,0022400155,2024-11-04T00:00:00,WAS vs. GSW,L,32.983333333333334,7.6,13.1,0.583,1.1,3.3,0.333,1.1,1.1,1.0,0.0,8.7,8.7,7.6,1.1,0.0,0.0,0.0,5.5,1.1,17.5,-16.4,38.3,0,0,34.9,1,13222,1,13222,5158,7411,11677,6296,13994,17123,9209,12929,14054,1,14058,3799,7126,3235,15189,12854,8263,8846,3767,16945,10360,20403,8829,2246,150,10150,1,32:59
2024-25,1630540,Miles McBride,Miles,1610612752,NYK,New York Knicks,0022400161,2024-11-04T00:00:00,NYK @ HOU,L,26.283333333333335,0.0,12.3,0.0,0.0,6.8,0.0,0.0,0.0,0.0,0.0,0.0,0.0,2.7,0.0,2.7,1.4,0.0,4.1,1.4,0.0,13.7,16.4,0,0,11.0,1,13222,1,13222,10915,22635,13033,22635,15070,8781,15070,13505,14344,13505,14058,22137,23286,13791,16469,3829,5363,8846,6808,15574,23200,6128,22690,2246,150,24231,1,26:17
2024-25,1629018,Gary Trent Jr.,Gary,1610612749,MIL,Milwaukee Bucks,0022400154,2024-11-04T00:00:00,MIL @ CLE,L,20.866666666666667,1.7,12.1,0.143,0.0,5.2,0.0,3.5,3.5,1.0,0.0,3.5,3.5,1.7,1.7,0.0,0.0,0.0,5.2,1.7,6.9,-32.8,11.9,0,0,12.1,1,13222,1,13222,15383,21867,13462,22260,15070,12758,15070,6791,8984,1,14058,15365,18654,17292,11817,12854,8263,8846,4236,14193,20789,24134,24033,2246,150,23956,1,20:52
2024-25,1626181,Norman Powell,Norman,1610612746,LAC,LA Clippers,0022400168,2024-11-04T00:00:00,LAC vs. SAS,W,34.05,7.4,15.9,0.467,5.3,8.5,0.625,4.2,5.3,0.8,0.0,1.1,1.1,3.2,1.1,3.2,0.0,2.1,1.1,3.2,24.3,0.0,38.8,0,0,40.2,1,1,13086,1,4210,8011,7329,12249,1965,5658,2868,5294,5485,7681,14058,21862,23147,12415,15443,2795,8263,2886,19361,8658,4601,12240,8533,2246,150,6686,1,34:03
2024-25,1629628,RJ Barrett,RJ,1610612761,TOR,Toronto Raptors,0022400166,2024-11-04T00:00:00,TOR @ DEN,L,32.6,5.5,23.2,0.238,2.2,12.1,0.182,4.4,5.5,0.8,1.1,5.5,6.6,11.0,5.5,1.1,0.0,4.4,4.4,5.5,17.7,-8.8,40.0,1,0,39.8,1,13222,1,13222,5479,12935,1322,21138,9210,1700,14207,4963,5157,7681,12439,9469,10885,988,1796,10980,8263,509,5977,3304,10146,17347,7779,1,150,6915,1,32:36
2024-25,1627752,Taurean Prince,Taurean,1610612749,MIL,Milwaukee Bucks,0022400154,2024-11-04T00:00:00,MIL @ CLE,L,14.7,2.4,2.4,1.0,2.4,2.4,1.0,0.0,0.0,0.0,0.0,2.4,2.4,7.3,0.0,0.0,0.0,0.0,7.3,0.0,7.3,-19.6,21.3,0,0,19.6,1,13222,1,13222,19772,20556,24656,1,8322,18714,1,13505,14344,13505,14058,18328,20899,3569,16469,12854,8263,8846,1744,17725,20446,21430,20531,2246,150,21101,1,14:42
2024-25,1641729,Brice Sensabaugh,Brice,1610612762,UTA,Utah Jazz,0022400160,2024-11-04T00:00:00,UTA @ CHI,W,10.15,3.5,10.6,0.333,0.0,7.1,0.0,0.0,0.0,0.0,0.0,3.5,3.5,0.0,10.6,0.0,0.0,3.5,0.0,0.0,7.1,-14.2,0.7,0,0,10.6,1,1,13086,1,22055,18211,15978,17395,15070,8265,15070,13505,14344,13505,14058,15095,18456,19908,280,12854,8263,879,20257,17725,20641,19579,25217,2246,150,24301,1,10:09
2024-25,1641810,Antonio Reeves,Antonio,1610612740,NOP,New Orleans Pelicans,0022400164,2024-11-04T00:00:00,NOP vs. POR,L,1.8833333333333333,0.0,0.0,0.0,0.0,0.0,0.0,0.0,0.0,0.0,0.0,0.0,0.0,0.0,0.0,0.0,0.0,0.0,0.0,0.0,0.0,0.0,0.0,0,0,0.0,1,13222,1,13222,25524,22635,24836,22635,15070,20945,15070,13505,14344,13505,14058,22137,23286,19908,16469,12854,8263,8846,20257,17725,23200,12240,25228,2246,150,25259,1,1:53
2024-25,1630264,Anthony Gill,Anthony,1610612764,WAS,Washington Wizards,0022400155,2024-11-04T00:00:00,WAS vs. GSW,L,2.9,0.0,0.0,0.0,0.0,0.0,0.0,0.0,0.0,0.0,0.0,0.0,0.0,0.0,0.0,0.0,0.0,0.0,0.0,0.0,0.0,-74.5,0.0,0,0,0.0,1,13222,1,13222,25027,22635,24836,22635,15070,20945,15070,13505,14344,13505,14058,22137,23286,19908,16469,12854,8263,8846,20257,17725,23200,25945,25228,2246,150,25259,1,2:54
2024-25,1631093,Jaden Ivey,Jaden,1610612765,DET,Detroit Pistons,0022400156,2024-11-04T00:00:00,DET vs. LAL,W,35.333333333333336,10.2,16.3,0.625,1.0,2.0,0.5,5.1,7.1,0.714,1.0,3.1,4.1,4.1,4.1,1.0,1.0,0.0,3.1,4.1,26.5,20.4,39.5,0,0,39.7,1,1,13086,1,3201,3031,6680,4899,14427,19482,3944,3899,3240,9244,13102,16529,17126,9722,3727,11771,7356,8846,10452,6105,3435,3846,8053,2246,150,6931,1,35:20
2024-25,1629638,Nickeil Alexander-Walker,Nickeil,1610612750,MIN,Minnesota Timberwolves,0022400162,2024-11-04T00:00:00,MIN vs. CHA,W,21.15,1.7,10.2,0.167,1.7,5.1,0.333,5.1,6.8,0.75,0.0,3.4,3.4,5.1,3.4,0.0,0.0,0.0,3.4,3.4,10.2,37.4,18.6,0,0,20.4,1,1,13086,1,15185,21898,16707,21938,11397,12929,9209,3874,3560,8186,14058,15511,18778,7229,5221,12854,8263,8846,9068,7939,17940,1164,21861,2246,150,20621,1,21:09
2024-25,201566,Russell Westbrook,Russell,1610612743,DEN,Denver Nuggets,0022400166,2024-11-04T00:00:00,DEN vs. TOR,W,34.06,6.3,10.6,0.6,1.1,5.3,0.2,8.5,10.6,0.8,1.1,5.3,6.3,6.3,4.2,1.1,1.1,0.0,4.2,6.3,22.2,-3.2,41.4,0,0,40.2,1,1,13086,1,4206,10586,16108,5394,14211,12509,13429,1206,1171,7681,12817,10064,11520,4957,3450,11426,7083,8846,6478,2247,6077,14661,6914,2246,150,6694,1,34:04
2024-25,1629234,Drew Eubanks,Drew,1610612762,UTA,Utah Jazz,0022400160,2024-11-04T00:00:00,UTA @ CHI,W,16.333333333333332,4.4,8.8,0.5,0.0,0.0,0.0,0.0,0.0,0.0,0.0,8.8,8.8,2.2,0.0,0.0,0.0,0.0,0.0,4.4,8.8,4.4,22.7,0,0,19.8,1,1,13086,1,18704,16041,18989,8526,15070,20945,15070,13505,14344,13505,14058,3698,6989,15609,16469,12854,8263,8846,20257,5322,19253,10423,19748,2246,150,20954,1,16:20
2024-25,1628408,PJ Dozier,PJ,1610612750,MIN,Minnesota Timberwolves,0022400162,2024-11-04T00:00:00,MIN vs. CHA,W,5.65,0.0,6.4,0.0,0.0,6.4,0.0,0.0,0.0,0.0,0.0,0.0,0.0,0.0,0.0,6.4,0.0,0.0,6.4,0.0,0.0,-44.6,19.1,0,0,12.7,1,1,13086,1,23721,22635,22242,22635,15070,9817,15070,13505,14344,13505,14058,22137,23286,19908,16469,403,8263,8846,2521,17725,23200,25158,21588,2246,150,23791,1,5:39
2024-25,1631247,Luke Travers,Luke,1610612739,CLE,Cleveland Cavaliers,0022400154,2024-11-04T00:00:00,CLE vs. MIL,W,3.466666666666667,0.0,0.0,0.0,0.0,0.0,0.0,0.0,0.0,0.0,0.0,10.4,10.4,0.0,0.0,0.0,0.0,0.0,31.2,0.0,0.0,-20.8,12.5,0,0,10.4,1,1,13086,1,24728,22635,24836,22635,15070,20945,15070,13505,14344,13505,14058,2295,5018,19908,16469,12854,8263,8846,36,17725,23200,21770,23908,2246,150,24355,1,3:28
2024-25,1631248,Baylor Scheierman,Baylor,1610612738,BOS,Boston Celtics,0022400157,2024-11-04T00:00:00,BOS @ ATL,W,8.35,0.0,12.9,0.0,0.0,8.6,0.0,0.0,0.0,0.0,4.3,8.6,12.9,0.0,0.0,0.0,0.0,4.3,4.3,0.0,0.0,-12.9,15.5,0,0,12.9,1,1,13086,1,22685,22635,11965,22635,15070,5382,15070,13505,14344,13505,3146,3909,2843,19908,16469,12854,8263,540,6239,17725,23200,19103,23022,2246,150,23733,1,8:21
2024-25,1630527,Brandon Boston,Brandon,1610612740,NOP,New Orleans Pelicans,0022400164,2024-11-04T00:00:00,NOP vs. POR,L,36.81666666666667,8.8,14.7,0.6,2.0,5.9,0.333,0.0,0.0,0.0,0.0,2.9,2.9,3.9,2.0,2.0,1.0,0.0,2.9,0.0,19.6,-4.9,35.8,0,0,34.2,1,13222,1,13222,2116,5080,9104,5394,10367,11034,9209,13505,14344,13505,14058,16957,19903,10197,10751,6474,7640,8846,11013,17725,8302,15524,10517,2246,150,10683,1,36:49
2024-25,1630591,Jalen Suggs,Jalen,1610612753,ORL,Orlando Magic,0022400163,2024-11-04T00:00:00,ORL @ OKC,L,34.983333333333334,6.2,13.4,0.462,1.0,4.1,0.25,6.2,6.2,1.0,0.0,6.2,6.2,6.2,2.1,0.0,1.0,0.0,4.1,3.1,19.6,-17.5,37.3,0,0,35.0,1,13222,1,13222,3475,11033,11177,12428,14368,15308,11902,2704,4261,1,14058,7956,11879,5204,10221,12854,7277,8846,6780,8937,8310,20780,9493,2246,150,10103,1,34:59
2024-25,1629656,Quentin Grimes,Quentin,1610612742,DAL,Dallas Mavericks,0022400165,2024-11-04T00:00:00,DAL vs. IND,L,10.065,0.0,3.6,0.0,0.0,3.6,0.0,0.0,0.0,0.0,0.0,3.6,3.6,0.0,0.0,3.6,0.0,0.0,3.6,0.0,0.0,10.7,15.0,0,0,10.7,1,13222,1,13222,22087,22635,24279,22635,15070,16492,15070,13505,14344,13505,14058,14999,18378,19908,16469,2126,8263,8846,8504,17725,23200,7355,23171,2246,150,24286,1,10:04
2024-25,1641816,Hunter Tyson,Hunter,1610612743,DEN,Denver Nuggets,0022400166,2024-11-04T00:00:00,DEN vs. TOR,W,15.076666666666666,0.0,2.4,0.0,0.0,2.4,0.0,0.0,0.0,0.0,0.0,2.4,2.4,0.0,0.0,2.4,2.4,0.0,4.8,0.0,0.0,-4.8,17.2,0,0,11.9,1,1,13086,1,19514,22635,24679,22635,15070,18839,15070,13505,14344,13505,14058,18520,21034,19908,16469,4739,2581,8846,5121,17725,23200,15458,22417,2246,150,23994,1,15:05
2024-25,1627783,Pascal Siakam,Pascal,1610612754,IND,Indiana Pacers,0022400165,2024-11-04T00:00:00,IND @ DAL,W,35.583333333333336,10.1,16.2,0.625,1.0,2.0,0.5,2.0,2.0,1.0,1.0,5.1,6.1,4.0,1.0,0.0,0.0,1.0,1.0,1.0,23.3,16.2,35.6,0,0,34.4,1,1,13086,1,3006,3094,6849,4899,14475,19514,3944,10558,12653,1,13160,10709,12115,9813,15766,12854,8263,7808,19633,17349,5317,5192,10642,2246,150,10527,1,35:35
2024-25,1630595,Cade Cunningham,Cade,1610612765,DET,Detroit Pistons,0022400156,2024-11-04T00:00:00,DET vs. LAL,W,35.8,7.0,17.1,0.412,1.0,5.0,0.2,2.0,5.0,0.4,2.0,9.1,11.1,11.1,3.0,0.0,0.0,0.0,1.0,3.0,17.1,14.1,43.9,1,1,40.2,1,1,13086,1,2822,8840,5703,14791,14513,13142,13429,10605,5870,13061,8339,3459,4359,983,6407,12854,8263,8846,19675,9173,10746,5973,5700,1,1,6661,1,35:48
2024-25,1626196,Josh Richardson,Josh,1610612748,MIA,Miami Heat,0022400159,2024-11-04T00:00:00,MIA vs. SAC,L,21.05,0.0,6.8,0.0,0.0,5.1,0.0,0.0,0.0,0.0,1.7,1.7,3.4,1.7,5.1,3.4,0.0,1.7,6.8,0.0,0.0,-13.7,11.8,0,0,12.0,1,13222,1,13222,15255,22635,21740,22635,15070,12874,15070,13505,14344,13505,9543,20434,18737,17334,2196,2347,8263,4121,2110,17725,23200,19375,24062,2246,150,23983,1,21:03
2024-25,1641775,Jordan Walsh,Jordan,1610612738,BOS,Boston Celtics,0022400157,2024-11-04T00:00:00,BOS @ ATL,W,19.15,1.9,5.6,0.333,0.0,3.8,0.0,0.0,1.9,0.0,1.9,5.6,7.5,0.0,3.8,3.8,1.9,0.0,1.9,3.8,3.8,5.6,25.9,0,0,22.6,1,1,13086,1,16714,21612,22953,17395,15070,16078,15070,13505,13030,13505,8895,9190,9132,19908,4416,1899,3827,8846,15789,6961,22664,9780,17656,2246,150,19310,1,19:09
2024-25,203486,Mason Plumlee,Mason,1610612756,PHX,Phoenix Suns,0022400167,2024-11-04T00:00:00,PHX vs. PHI,W,14.35,5.0,7.5,0.667,0.0,0.0,0.0,2.5,5.0,0.5,2.5,5.0,7.5,2.5,0.0,0.0,0.0,0.0,2.5,2.5,12.5,-10.0,25.3,0,0,22.6,1,1,13086,1,19976,14334,20887,3281,15070,20945,15070,9023,5886,10625,6588,10829,9113,14514,16469,12854,8263,8846,12766,10961,15551,17903,18047,2246,150,19300,1,14:21
2024-25,1628380,Zach Collins,Zach,1610612759,SAS,San Antonio Spurs,0022400168,2024-11-04T00:00:00,SAS @ LAC,L,13.9,0.0,12.9,0.0,0.0,7.8,0.0,10.4,10.4,1.0,5.2,2.6,7.8,2.6,0.0,5.2,0.0,0.0,5.2,7.8,10.4,31.1,39.1,0,0,31.1,1,13222,1,13222,20244,22635,11941,22635,15070,6854,15070,596,1233,1,2215,17968,8672,14241,16469,794,8263,8846,4229,1151,17796,1824,8333,2246,150,13089,1,13:54
2024-25,1631110,Jeremy Sochan,Jeremy,1610612759,SAS,San Antonio Spurs,0022400168,2024-11-04T00:00:00,SAS @ LAC,L,12.35,5.8,8.7,0.667,0.0,2.9,0.0,0.0,0.0,0.0,2.9,5.8,8.7,2.9,5.8,2.9,0.0,2.9,5.8,0.0,11.7,40.8,29.4,0,0,29.1,1,13222,1,13222,21073,12024,19106,3281,15070,17829,15070,13505,14344,13505,5548,8723,7106,13222,1527,3367,8263,1439,3173,17725,16511,925,15185,2246,150,14588,1,12:21
2024-25,1628449,Chris Boucher,Chris,1610612761,TOR,Toronto Raptors,0022400166,2024-11-04T00:00:00,TOR @ DEN,L,13.75,2.6,7.9,0.333,0.0,2.6,0.0,0.0,0.0,0.0,2.6,7.9,10.5,2.6,5.2,2.6,2.6,0.0,2.6,5.2,5.2,-5.2,32.2,0,0,28.8,1,13222,1,13222,20333,20248,20469,17395,15070,18415,15070,13505,14344,13505,6301,4940,4937,14159,2077,4098,2200,8846,12363,3722,21889,15721,13170,2246,150,14855,1,13:45
2024-25,1631323,Simone Fontecchio,Simone,1610612765,DET,Detroit Pistons,0022400156,2024-11-04T00:00:00,DET vs. LAL,W,12.933333333333334,0.0,8.4,0.0,0.0,5.6,0.0,0.0,0.0,0.0,0.0,5.6,5.6,2.8,0.0,2.8,0.0,0.0,11.1,0.0,0.0,8.4,19.2,0,0,13.9,1,1,13086,1,20774,22635,19722,22635,15070,11801,15070,13505,14344,13505,14058,9367,13367,13638,16469,3723,8263,8846,521,17725,23200,8461,21541,2246,150,23442,1,12:56
2024-25,1629028,Deandre Ayton,Deandre,1610612757,POR,Portland Trail Blazers,0022400164,2024-11-04T00:00:00,POR @ NOP,W,31.85,10.2,15.8,0.643,1.1,1.1,1.0,0.0,2.3,0.0,5.7,9.0,14.7,0.0,1.1,1.1,0.0,0.0,1.1,1.1,21.5,10.2,41.4,1,0,39.6,1,1,13086,1,6101,3043,7387,4607,13763,20712,1,13505,11899,13505,1844,3472,1916,19908,14933,10767,8263,8846,18922,16766,6667,7611,6948,1,150,7034,1,31:51
2024-25,1630583,Santi Aldama,Santi,1610612763,MEM,Memphis Grizzlies,0022400158,2024-11-04T00:00:00,MEM @ BKN,L,31.283333333333335,4.6,13.8,0.333,0.0,6.9,0.0,1.2,1.2,1.0,2.3,4.6,6.9,5.8,2.3,0.0,0.0,0.0,1.2,1.2,10.4,-6.9,25.0,0,0,23.0,1,13222,1,13222,6630,15486,10473,17395,15070,8655,15070,12749,13961,1,7237,11976,10315,5943,9061,12854,8263,8846,18808,16642,17800,16476,18312,2246,150,19009,1,31:17
2024-25,1631099,Keegan Murray,Keegan,1610612758,SAC,Sacramento Kings,0022400159,2024-11-04T00:00:00,SAC @ MIA,W,38.78333333333333,4.6,10.2,0.455,0.9,3.7,0.25,2.8,2.8,1.0,1.9,3.7,5.6,0.9,0.9,0.0,0.9,0.9,2.8,2.8,13.0,3.7,22.9,0,0,22.3,1,1,13086,1,971,15390,16719,12676,14878,16185,11902,8376,10522,1,9011,14595,13361,19834,16250,12854,7961,8511,11709,10019,15095,10801,19606,2246,150,19500,1,38:47
2024-25,203500,Steven Adams,Steven,1610612745,HOU,Houston Rockets,0022400161,2024-11-04T00:00:00,HOU vs. NYK,W,13.65,2.6,10.5,0.25,0.0,0.0,0.0,5.3,10.5,0.5,7.9,5.3,13.2,7.9,2.6,0.0,0.0,0.0,2.6,5.3,10.5,-15.8,35.6,0,0,31.6,1,1,13086,1,20388,20206,16134,20233,15070,20945,15070,3687,1176,10625,818,10087,2676,2985,7744,12854,8263,8846,12296,3671,17613,20201,10651,2246,150,12673,1,13:39
2024-25,1628415,Dillon Brooks,Dillon,1610612745,HOU,Houston Rockets,0022400161,2024-11-04T00:00:00,HOU vs. NYK,W,30.805,4.7,10.5,0.444,3.5,5.8,0.6,2.3,2.3,1.0,2.3,1.2,3.5,0.0,0.0,0.0,0.0,0.0,5.8,1.2,15.2,10.5,19.4,0,0,22.2,1,1,13086,1,7041,15305,16186,13045,5134,11093,2992,9502,11674,1,7130,21592,18539,19908,16469,12854,8263,8846,3147,16559,12716,7460,21457,2246,150,19556,1,30:48
2024-25,1629637,Jaxson Hayes,Jaxson,1610612747,LAL,Los Angeles Lakers,0022400156,2024-11-04T00:00:00,LAL @ DET,L,9.183333333333334,7.8,19.6,0.4,0.0,0.0,0.0,3.9,11.8,0.333,11.8,0.0,11.8,0.0,0.0,3.9,0.0,0.0,0.0,11.8,19.6,-47.0,45.5,0,0,39.2,1,13222,1,13222,22392,6985,3276,14933,15070,20945,15070,5843,818,13132,260,22137,3703,19908,16469,1716,8263,8846,20257,213,8261,25271,4953,2246,150,7270,1,9:11
2024-25,1630163,LaMelo Ball,LaMelo,1610612766,CHA,Charlotte Hornets,0022400162,2024-11-04T00:00:00,CHA @ MIN,L,24.611666666666668,8.8,21.9,0.4,2.9,11.7,0.25,7.3,10.2,0.714,0.0,2.9,2.9,2.9,7.3,1.5,0.0,2.9,4.4,4.4,27.8,-4.4,32.8,0,0,39.5,1,13222,1,13222,12372,5127,1847,14933,6776,1960,11902,1794,1275,9244,14058,16992,19923,13183,773,8565,8263,1422,6046,5382,2861,15265,12750,2246,150,7074,1,24:37
2024-25,101108,Chris Paul,Chris,1610612759,SAS,San Antonio Spurs,0022400168,2024-11-04T00:00:00,SAS @ LAC,L,33.48833333333334,6.5,11.8,0.545,2.2,7.5,0.286,0.0,0.0,0.0,0.0,6.5,6.5,10.8,4.3,2.2,0.0,0.0,3.2,3.2,15.1,10.8,41.1,1,0,38.7,1,13222,1,13222,4742,10312,13899,7695,9456,7349,11433,13505,14344,13505,14058,7411,11276,1082,3331,5597,8263,8846,9757,8480,12861,7340,7140,1,150,7589,1,33:29
2024-25,1641717,Cason Wallace,Cason,1610612760,OKC,Oklahoma City Thunder,0022400163,2024-11-04T00:00:00,OKC vs. ORL,W,26.995,2.7,8.0,0.333,0.0,1.3,0.0,0.0,0.0,0.0,0.0,5.3,5.3,1.3,1.3,0.0,1.3,0.0,4.0,0.0,5.3,9.3,16.4,0,0,14.7,1,1,13086,1,10345,20159,20258,17395,15070,20459,15070,13505,14344,13505,14058,9936,13953,18553,13652,12854,5505,8846,7142,17725,21833,8031,22703,2246,150,23191,1,26:60
2024-25,1629614,Andrew Nembhard,Andrew,1610612754,IND,Indiana Pacers,0022400165,2024-11-04T00:00:00,IND @ DAL,W,28.8,5.0,11.3,0.444,1.3,2.5,0.5,2.5,2.5,1.0,1.3,2.5,3.8,3.8,0.0,0.0,0.0,1.3,3.8,1.3,13.8,8.8,23.9,0,0,22.5,1,1,13086,1,8839,14383,14928,13045,13100,18620,3944,9049,11208,1,11483,18186,17932,10646,16469,12854,8263,5934,7905,16131,14226,8301,19037,2246,150,19354,1,28:48
2024-25,203915,Spencer Dinwiddie,Spencer,1610612742,DAL,Dallas Mavericks,0022400165,2024-11-04T00:00:00,DAL vs. IND,L,23.048333333333332,9.4,12.5,0.75,3.1,4.7,0.667,0.0,0.0,0.0,0.0,4.7,4.7,1.6,0.0,0.0,0.0,0.0,6.2,0.0,21.9,-4.7,29.8,0,0,31.2,1,13222,1,13222,13692,4078,12737,2107,6155,13991,1957,13505,14344,13505,14058,11743,15603,17760,16469,12854,8263,8846,2658,17725,6311,15414,14918,2246,150,12971,1,23:03
2024-25,1642354,KJ Simpson,KJ,1610612766,CHA,Charlotte Hornets,0022400162,2024-11-04T00:00:00,CHA @ MIN,L,6.883333333333334,5.2,10.5,0.5,0.0,5.2,0.0,0.0,0.0,0.0,10.5,5.2,15.7,5.2,0.0,0.0,0.0,0.0,0.0,10.5,10.5,36.6,37.1,0,0,31.4,1,13222,1,13222,23215,13730,16290,8526,15070,12637,15070,13505,14344,13505,349,10213,1523,6982,16469,12854,8263,8846,20257,341,17701,1239,9600,2246,150,12868,1,6:53
2024-25,1627734,Domantas Sabonis,Domantas,1610612758,SAC,Sacramento Kings,0022400159,2024-11-04T00:00:00,SAC @ MIA,W,37.916666666666664,5.7,11.4,0.5,1.9,3.8,0.5,1.9,1.9,1.0,2.8,12.3,15.2,6.6,2.8,0.0,0.0,0.9,3.8,2.8,15.2,7.6,40.5,1,0,38.9,1,1,13086,1,1431,12427,14673,8526,10641,16000,3944,10954,12980,1,5734,1209,1690,4507,7035,12854,8263,8347,7744,9782,12717,8838,7432,1,150,7429,1,37:55
2024-25,1631095,Jabari Smith Jr.,Jabari,1610612745,HOU,Houston Rockets,0022400161,2024-11-04T00:00:00,HOU vs. NYK,W,22.246666666666666,4.9,12.9,0.375,1.6,8.1,0.2,0.0,0.0,0.0,0.0,9.7,9.7,1.6,1.6,0.0,0.0,1.6,3.2,1.6,11.3,-1.6,23.8,0,0,24.3,1,1,13086,1,14322,14789,11947,16299,11630,6306,13429,13505,14344,13505,14058,2808,5787,17599,12261,12854,8263,4386,9713,14568,16861,13848,19100,2246,150,18151,1,22:15
2024-25,1630172,Patrick Williams,Patrick,1610612741,CHI,Chicago Bulls,0022400160,2024-11-04T00:00:00,CHI vs. UTA,L,26.748333333333335,6.7,14.8,0.455,4.0,8.1,0.5,0.0,0.0,0.0,0.0,2.7,2.7,2.7,1.3,0.0,1.3,1.3,8.1,1.3,17.5,-5.4,27.5,0,0,29.6,1,13222,1,13222,10537,9623,8898,12676,3919,6325,3944,13505,14344,13505,14058,17721,20465,13931,13594,12854,5462,5415,1332,15699,10327,15778,16628,2246,150,14242,1,26:45
2024-25,1630573,Sam Hauser,Sam,1610612738,BOS,Boston Celtics,0022400157,2024-11-04T00:00:00,BOS @ ATL,W,19.5,7.4,20.3,0.364,3.7,14.8,0.25,0.0,0.0,0.0,1.8,1.8,3.7,1.8,1.8,1.8,0.0,0.0,1.8,0.0,18.5,14.8,29.4,0,0,31.4,1,1,13086,1,16419,8043,2758,16861,4715,751,11902,13505,14344,13505,9058,20119,18087,16944,11337,7050,8263,8846,15960,17725,9354,5716,15245,2246,150,12865,1,19:30
2024-25,1630592,Jalen Wilson,Jalen,1610612751,BKN,Brooklyn Nets,0022400158,2024-11-04T00:00:00,BKN vs. MEM,W,28.34,6.4,15.2,0.417,0.0,7.6,0.0,3.8,5.1,0.75,1.3,6.4,7.6,5.1,0.0,0.0,0.0,1.3,2.5,2.5,16.5,0.0,33.3,0,0,29.2,1,1,13086,1,9267,10563,8185,14532,15070,7134,15070,6062,5786,8186,11361,7594,8931,7291,16469,12854,8263,5813,12634,10839,11380,12240,12368,2246,150,14536,1,28:20
2024-25,1642270,Donovan Clingan,Donovan,1610612757,POR,Portland Trail Blazers,0022400164,2024-11-04T00:00:00,POR @ NOP,W,16.15,2.2,2.2,1.0,0.0,0.0,0.0,4.5,4.5,1.0,0.0,6.7,6.7,0.0,4.5,0.0,6.7,0.0,8.9,4.5,8.9,20.1,32.5,0,0,29.0,1,1,13086,1,18827,20982,24711,1,15070,20945,15070,4896,6918,1,14058,6907,10747,19908,3059,12854,227,8846,995,5230,19166,3928,12919,2246,150,14721,1,16:09
2024-25,1630700,Dyson Daniels,Dyson,1610612737,ATL,Atlanta Hawks,0022400157,2024-11-04T00:00:00,ATL vs. BOS,L,23.75,6.1,13.6,0.444,0.0,1.5,0.0,0.0,0.0,0.0,0.0,3.0,3.0,4.5,1.5,1.5,0.0,1.5,3.0,0.0,12.1,-34.9,25.6,0,0,22.7,1,13222,1,13222,13112,11331,10751,13045,15070,20252,15070,13505,14344,13505,14058,16612,19629,8532,12676,8338,8263,4709,10572,17725,16005,24392,17870,2246,150,19176,1,23:45
2024-25,1626145,Tyus Jones,Tyus,1610612756,PHX,Phoenix Suns,0022400167,2024-11-04T00:00:00,PHX vs. PHI,W,28.586666666666666,2.5,6.3,0.4,0.0,2.5,0.0,0.0,0.0,0.0,1.3,1.3,2.5,6.3,2.5,0.0,0.0,0.0,1.3,1.3,5.0,-5.0,15.0,0,0,13.9,1,1,13086,1,9045,20428,22331,14933,15070,18590,15070,13505,14344,13505,11424,21366,20770,5029,8166,12854,8263,8846,18223,16089,21986,15607,23183,2246,150,23459,1,28:35
2024-25,1630167,Obi Toppin,Obi,1610612754,IND,Indiana Pacers,0022400165,2024-11-04T00:00:00,IND @ DAL,W,24.261666666666667,7.4,11.9,0.625,1.5,4.5,0.333,0.0,0.0,0.0,1.5,7.4,8.9,3.0,0.0,0.0,0.0,0.0,3.0,1.5,16.3,-11.9,31.5,0,0,29.7,1,1,13086,1,12685,7969,13820,4899,12105,14567,9209,13505,14344,13505,10377,5652,6885,13030,16469,12854,8263,8846,10863,15069,11576,18695,13699,2246,150,14181,1,24:16
2024-25,1641748,Andre Jackson Jr.,Andre,1610612749,MIL,Milwaukee Bucks,0022400154,2024-11-04T00:00:00,MIL @ CLE,L,24.93,2.9,10.1,0.286,2.9,7.2,0.4,1.4,2.9,0.5,1.4,8.7,10.1,2.9,2.9,0.0,1.4,0.0,0.0,1.4,10.1,10.1,28.0,0,0,28.9,1,13222,1,13222,12078,19684,16886,19630,6902,8007,7874,11917,10261,10625,10561,3869,5316,13318,6888,12854,5060,8846,20257,15260,18039,7645,16225,2246,150,14795,1,24:56
2024-25,1626168,Trey Lyles,Trey,1610612758,SAC,Sacramento Kings,0022400159,2024-11-04T00:00:00,SAC @ MIA,W,16.45,4.4,8.8,0.5,2.2,6.6,0.333,0.0,0.0,0.0,2.2,0.0,2.2,0.0,2.2,0.0,0.0,0.0,6.6,0.0,10.9,-2.2,11.4,0,0,15.3,1,1,13086,1,18625,16132,19097,8526,9274,9396,9209,13505,14344,13505,7617,22137,21435,19908,9554,12854,8263,8846,2349,17725,17223,14145,24160,2246,150,22942,1,16:27
2024-25,1642266,Ja'Kobe Walter,Ja'Kobe,1610612761,TOR,Toronto Raptors,0022400166,2024-11-04T00:00:00,TOR @ DEN,L,8.7,4.1,16.6,0.25,4.1,8.3,0.5,0.0,0.0,0.0,4.1,4.1,8.3,4.1,0.0,0.0,0.0,4.1,12.4,0.0,12.4,41.4,28.6,0,0,29.0,1,13222,1,13222,22564,16748,6364,20233,3697,5951,3944,13505,14344,13505,3385,13309,7801,9551,16469,12854,8263,608,382,17725,15692,880,15837,2246,150,14736,1,8:42
2024-25,203924,Jerami Grant,Jerami,1610612757,POR,Portland Trail Blazers,0022400164,2024-11-04T00:00:00,POR @ NOP,W,35.71666666666667,5.0,15.1,0.333,2.0,7.1,0.286,4.0,4.0,1.0,1.0,2.0,3.0,4.0,0.0,2.0,1.0,1.0,0.0,3.0,16.1,18.1,34.9,0,0,31.2,1,1,13086,1,2887,14272,8392,17395,10096,8348,11433,5643,7780,1,13196,19611,19653,9861,16469,6183,7432,7851,20257,9151,11791,4505,11139,2246,150,12968,1,35:43
2024-25,1641794,Dillon Jones,Dillon,1610612760,OKC,Oklahoma City Thunder,0022400163,2024-11-04T00:00:00,OKC vs. ORL,W,9.783333333333333,3.7,11.0,0.333,0.0,3.7,0.0,3.7,7.4,0.5,0.0,3.7,3.7,0.0,3.7,0.0,0.0,3.7,7.4,3.7,11.0,44.2,11.8,0,0,14.7,1,1,13086,1,22179,17889,15298,17395,15070,16263,15070,6327,3036,10625,14058,14701,18122,19908,4598,12854,8263,806,1736,7183,17150,733,24070,2246,150,23166,1,9:47
2024-25,1630577,Julian Champagnie,Julian,1610612759,SAS,San Antonio Spurs,0022400168,2024-11-04T00:00:00,SAS @ LAC,L,38.21666666666667,6.6,11.3,0.583,4.7,9.4,0.5,1.9,2.8,0.667,0.0,4.7,4.7,1.9,0.0,0.0,0.0,0.0,2.8,0.9,19.8,-15.1,28.3,0,0,31.1,1,13222,1,13222,1260,9948,14823,6296,2716,4226,3944,11007,10416,9425,14058,11675,15535,16807,16469,12854,8263,8846,11522,17565,8089,19933,16030,2246,150,13087,1,38:13
2024-25,1642271,Kyle Filipowski,Kyle,1610612762,UTA,Utah Jazz,0022400160,2024-11-04T00:00:00,UTA @ CHI,W,17.216666666666665,6.3,10.5,0.6,2.1,4.2,0.5,0.0,0.0,0.0,2.1,8.4,10.5,4.2,2.1,0.0,0.0,2.1,6.3,0.0,14.6,-4.2,31.4,0,0,31.4,1,1,13086,1,18123,10785,16299,5394,9727,15157,3944,13505,14344,13505,7987,4196,4958,9432,10038,12854,8263,2947,2632,17725,13262,15171,13774,2246,150,12882,1,17:13
2024-25,201144,Mike Conley,Mike,1610612750,MIN,Minnesota Timberwolves,0022400162,2024-11-04T00:00:00,MIN vs. CHA,W,23.333333333333332,6.2,12.3,0.5,4.6,7.7,0.6,0.0,0.0,0.0,1.5,6.2,7.7,6.2,0.0,0.0,1.5,1.5,0.0,0.0,17.0,30.9,40.1,0,0,38.6,1,1,13086,1,13435,11041,12991,8526,2841,6971,2992,13505,14344,13505,10145,7960,8778,5205,16469,12854,4720,4613,20257,17725,10874,1851,7683,2246,150,7649,1,23:20
2024-25,1641796,Pelle Larsson,Pelle,1610612748,MIA,Miami Heat,0022400159,2024-11-04T00:00:00,MIA vs. SAC,L,25.366666666666667,5.7,8.5,0.667,4.3,7.1,0.6,2.8,4.3,0.667,1.4,1.4,2.8,2.8,0.0,1.4,0.0,0.0,2.8,2.8,18.4,2.8,30.4,0,0,31.2,1,13222,1,13222,11682,12492,19468,3281,3470,8264,2992,8244,7301,9425,10668,21039,20152,13477,16469,8804,8263,8846,11467,9826,9368,11203,14523,2246,150,12980,1,25:22
2024-25,203937,Kyle Anderson,Kyle,1610612744,GSW,Golden State Warriors,0022400155,2024-11-04T00:00:00,GSW @ WAS,W,15.916666666666666,2.3,6.8,0.333,0.0,0.0,0.0,9.0,13.6,0.667,2.3,4.5,6.8,2.3,0.0,0.0,4.5,0.0,4.5,9.0,13.6,22.6,38.7,0,0,31.7,1,1,13086,1,18986,20925,21796,17395,15070,20945,15070,985,521,9425,7374,12196,10561,15379,16469,12854,676,8846,5721,635,14412,3342,8612,2246,150,12656,1,15:55
2024-25,1641706,Brandon Miller,Brandon,1610612766,CHA,Charlotte Hornets,0022400162,2024-11-04T00:00:00,CHA @ MIN,L,21.166666666666668,5.1,17.0,0.3,3.4,11.9,0.286,3.4,3.4,1.0,0.0,3.4,3.4,1.7,1.7,0.0,1.7,1.7,3.4,3.4,17.0,-15.3,27.0,0,0,28.9,1,13222,1,13222,15170,14080,5803,19363,5375,1833,11433,6892,9086,1,14058,15517,18782,17362,11916,12854,4291,4149,9074,7948,10839,20011,16905,2246,150,14772,1,21:10
2024-25,1631107,Nikola Jović,Nikola,1610612748,MIA,Miami Heat,0022400159,2024-11-04T00:00:00,MIA vs. SAC,L,12.066666666666666,3.0,11.9,0.25,0.0,3.0,0.0,6.0,6.0,1.0,3.0,0.0,3.0,0.0,0.0,0.0,0.0,3.0,6.0,3.0,11.9,-26.9,15.5,0,0,14.9,1,13222,1,13222,21199,19465,13703,20233,15070,17697,15070,2897,4515,1,5383,22137,19785,19908,16469,12854,8263,1364,2997,9320,16212,23218,23025,2246,150,23088,1,12:04
2024-25,1642419,Jamison Battle,Jamison,1610612761,TOR,Toronto Raptors,0022400166,2024-11-04T00:00:00,TOR @ DEN,L,12.476666666666667,5.8,17.3,0.333,2.9,11.5,0.25,0.0,0.0,0.0,2.9,2.9,5.8,0.0,0.0,0.0,0.0,2.9,2.9,0.0,14.4,-17.3,21.4,0,0,23.1,1,13222,1,13222,21014,12200,5441,17395,6919,2072,11902,13505,14344,13505,5626,17131,12837,19908,16469,12854,8263,1490,11245,17725,13479,20716,20498,2246,150,18954,1,12:29
2024-25,1641731,Bilal Coulibaly,Bilal,1610612764,WAS,Washington Wizards,0022400155,2024-11-04T00:00:00,WAS vs. GSW,L,39.23166666666667,2.8,10.1,0.273,0.9,3.7,0.25,1.8,1.8,1.0,0.0,3.7,3.7,1.8,2.8,0.0,0.0,1.8,1.8,1.8,8.3,-5.5,12.7,0,0,14.7,1,13222,1,13222,806,19969,16901,20048,14912,16286,11902,11158,13137,1,14058,14731,18155,16979,7368,12854,8263,3782,16009,13787,19692,15836,23851,2246,150,23186,1,39:14
2024-25,1642259,Alex Sarr,Alex,1610612764,WAS,Washington Wizards,0022400155,2024-11-04T00:00:00,WAS vs. GSW,L,26.583333333333332,4.1,13.5,0.3,0.0,5.4,0.0,5.4,8.1,0.667,4.1,10.8,14.9,2.7,1.4,0.0,4.1,0.0,4.1,4.1,13.5,-14.9,46.3,1,0,39.3,1,13222,1,13222,10652,16944,10930,19363,15070,12170,15070,3514,2431,9425,3507,1994,1818,13884,13550,12854,886,8846,6963,6138,14450,19868,4613,1,150,7211,1,26:35
2024-25,1629726,Garrison Mathews,Garrison,1610612737,ATL,Atlanta Hawks,0022400157,2024-11-04T00:00:00,ATL vs. BOS,L,26.033333333333335,5.5,6.9,0.8,2.8,4.1,0.667,0.0,1.4,0.0,0.0,0.0,0.0,2.8,0.0,0.0,1.4,0.0,1.4,2.8,13.8,-19.4,22.1,0,0,22.1,1,13222,1,13222,11133,12904,21655,1688,7337,15237,1957,13505,13613,13505,14058,22137,23286,13699,16469,12854,5303,8846,17689,10086,14119,21362,20065,2246,150,19600,1,26:02
2024-25,1631217,Moussa Diabaté,Moussa,1610612766,CHA,Charlotte Hornets,0022400162,2024-11-04T00:00:00,CHA @ MIN,L,11.083333333333334,3.2,3.2,1.0,0.0,0.0,0.0,0.0,0.0,0.0,3.2,13.0,16.2,0.0,3.2,0.0,0.0,0.0,0.0,0.0,6.5,-3.2,22.7,0,0,22.7,1,13222,1,13222,21667,18890,24411,1,15070,20945,15070,13505,14344,13505,4844,1020,1344,19908,5663,12854,8263,8846,20257,17725,21048,14698,19723,2246,150,19176,1,11:05
2024-25,1627884,Derrick Jones Jr.,Derrick,1610612746,LAC,LA Clippers,0022400168,2024-11-04T00:00:00,LAC vs. SAS,W,21.783333333333335,6.6,16.5,0.4,3.3,9.9,0.333,0.0,1.7,0.0,1.7,1.7,3.3,3.3,1.7,0.0,1.7,1.7,6.6,1.7,16.5,-23.1,28.8,0,0,29.7,1,1,13086,1,14685,9898,6389,14933,5644,3594,9209,13505,13336,13505,9736,20560,18979,11963,12126,12854,4410,4282,2307,14435,11367,22360,15673,2246,150,14137,1,21:47
2024-25,1630533,Ziaire Williams,Ziaire,1610612751,BKN,Brooklyn Nets,0022400158,2024-11-04T00:00:00,BKN vs. MEM,W,21.216666666666665,0.0,3.4,0.0,0.0,3.4,0.0,3.4,3.4,1.0,1.7,1.7,3.4,1.7,0.0,3.4,0.0,0.0,1.7,3.4,3.4,-1.7,20.2,0,0,15.3,1,1,13086,1,15144,22635,24348,22635,15070,16874,15070,6914,9107,1,9586,20465,18793,17376,16469,2393,8263,8846,16547,7968,22810,13874,21065,2246,150,22963,1,21:13
2024-25,2544,LeBron James,LeBron,1610612747,LAL,Los Angeles Lakers,0022400156,2024-11-04T00:00:00,LAL @ DET,L,40.0,6.3,14.4,0.438,0.9,1.8,0.5,4.5,4.5,1.0,0.9,6.3,7.2,9.9,0.9,1.8,0.0,2.7,0.9,4.5,18.0,-14.4,46.0,1,0,39.6,1,13222,1,13222,562,10717,9521,13558,14962,19919,3944,4838,6840,1,13908,7697,9739,1492,16347,7262,8263,1743,20148,5140,9827,19654,4748,1,150,7017,1,40:00
2024-25,1630559,Austin Reaves,Austin,1610612747,LAL,Los Angeles Lakers,0022400156,2024-11-04T00:00:00,LAL @ DET,L,39.35,6.4,15.6,0.412,2.7,9.1,0.3,0.0,0.9,0.0,0.9,2.7,3.7,3.7,3.7,1.8,0.0,0.9,3.7,3.7,15.6,-12.8,27.3,0,0,29.3,1,13222,1,13222,768,10433,7759,14791,7402,4608,11319,13505,14303,13505,13840,17568,18179,10911,4657,7117,8263,8582,8230,7238,12373,19057,16770,2246,150,14499,1,39:21
2024-25,1630557,Corey Kispert,Corey,1610612764,WAS,Washington Wizards,0022400155,2024-11-04T00:00:00,WAS vs. GSW,L,29.185,2.5,8.6,0.286,0.0,4.9,0.0,0.0,0.0,0.0,1.2,4.9,6.2,1.2,0.0,0.0,1.2,0.0,1.2,1.2,4.9,-9.9,17.9,0,0,14.8,1,13222,1,13222,8519,20521,19293,19630,15070,13357,15070,13505,14344,13505,11584,11074,11903,18903,16469,12854,5976,8846,18362,16217,22043,17824,22148,2246,150,23130,1,29:11
2024-25,1641763,Julian Phillips,Julian,1610612741,CHI,Chicago Bulls,0022400160,2024-11-04T00:00:00,CHI vs. UTA,L,15.8,0.0,4.6,0.0,0.0,2.3,0.0,0.0,0.0,0.0,2.3,0.0,2.3,2.3,0.0,4.6,0.0,2.3,4.6,0.0,0.0,-2.3,19.8,0,0,13.7,1,13222,1,13222,19061,22635,23768,22635,15070,19032,15070,13505,14344,13505,7315,22137,21251,15307,16469,1188,8263,2475,5653,17725,23200,14191,21250,2246,150,23512,1,15:48
2024-25,1627739,Kris Dunn,Kris,1610612746,LAC,LA Clippers,0022400168,2024-11-04T00:00:00,LAC vs. SAS,W,25.433333333333334,5.7,12.7,0.444,2.8,7.1,0.4,1.4,2.8,0.5,0.0,4.2,4.2,1.4,0.0,0.0,2.8,0.0,7.1,4.2,15.6,34.0,31.3,0,0,29.7,1,1,13086,1,11634,12526,12315,13045,7115,8300,7874,11987,10407,10625,14058,12980,16691,18288,16469,12854,1903,8846,1917,5729,12352,1507,13843,2246,150,14151,1,25:26
2024-25,1631207,Dalen Terry,Dalen,1610612741,CHI,Chicago Bulls,0022400160,2024-11-04T00:00:00,CHI vs. UTA,L,17.716666666666665,4.1,10.2,0.4,0.0,4.1,0.0,0.0,2.0,0.0,4.1,0.0,4.1,8.1,2.0,0.0,2.0,0.0,4.1,2.0,8.1,-12.2,29.3,0,0,24.4,1,13222,1,13222,17765,16941,16803,14933,15070,15447,15070,13505,12625,13505,3503,22137,17149,2761,10349,12854,3392,8846,6957,12916,19810,18808,15315,2246,150,18089,1,17:43
2024-25,1642502,Malevy Leons,Malevy,1610612760,OKC,Oklahoma City Thunder,0022400163,2024-11-04T00:00:00,OKC vs. ORL,W,2.7,0.0,0.0,0.0,0.0,0.0,0.0,0.0,0.0,0.0,0.0,13.3,13.3,0.0,13.3,0.0,0.0,0.0,0.0,0.0,0.0,-13.3,2.7,0,0,13.3,1,1,13086,1,25126,22635,24836,22635,15070,20945,15070,13505,14344,13505,14058,916,2585,19908,148,12854,8263,8846,20257,17725,23200,19241,25138,2246,150,23604,1,2:42
2024-25,1629021,Moritz Wagner,Moritz,1610612753,ORL,Orlando Magic,0022400163,2024-11-04T00:00:00,ORL @ OKC,L,21.266666666666666,3.4,8.5,0.4,0.0,3.4,0.0,8.5,10.2,0.833,0.0,11.8,11.8,1.7,6.8,3.4,1.7,0.0,3.4,6.8,15.2,-27.1,40.5,0,0,38.9,1,13222,1,13222,15095,18570,19547,14933,15070,16894,15070,1199,1306,7275,14058,1442,3617,17387,991,2409,4310,8846,9130,1841,12671,23258,7487,2246,150,7425,1,21:16
2024-25,1641767,Ben Sheppard,Ben,1610612754,IND,Indiana Pacers,0022400165,2024-11-04T00:00:00,IND @ DAL,W,16.7,2.2,6.5,0.333,2.2,6.5,0.333,0.0,0.0,0.0,2.2,0.0,2.2,4.3,4.3,0.0,0.0,0.0,4.3,0.0,6.5,-12.9,11.2,0,0,15.1,1,1,13086,1,18461,21125,22141,17395,9416,9606,9209,13505,14344,13505,7734,22137,21503,9092,3293,12854,8263,8846,6239,17725,21071,19103,24195,2246,150,23032,1,16:42
2024-25,1630224,Jalen Green,Jalen,1610612745,HOU,Houston Rockets,0022400161,2024-11-04T00:00:00,HOU vs. NYK,W,31.616666666666667,5.7,17.1,0.333,2.3,9.1,0.25,3.4,3.4,1.0,0.0,4.6,4.6,3.4,3.4,1.1,0.0,0.0,1.1,2.3,17.1,15.9,27.7,0,0,29.6,1,1,13086,1,6321,12441,5716,17395,8938,4652,11902,6865,9057,1,14058,12114,15910,11642,5196,10688,8263,8846,18868,11832,10768,5271,16447,2246,150,14243,1,31:37
2024-25,1629003,Shake Milton,Shake,1610612751,BKN,Brooklyn Nets,0022400158,2024-11-04T00:00:00,BKN vs. MEM,W,11.533333333333333,3.1,6.2,0.5,3.1,6.2,0.5,6.2,6.2,1.0,6.2,6.2,12.5,0.0,3.1,0.0,0.0,0.0,0.0,6.2,15.6,-43.7,27.5,0,0,31.2,1,1,13086,1,21478,19146,22375,8526,6163,10096,3944,2638,4182,1,1507,7801,3136,19908,6059,12854,8263,8846,20257,2339,12314,25103,16610,2246,150,12988,1,11:32
2024-25,1626156,D'Angelo Russell,D'Angelo,1610612747,LAL,Los Angeles Lakers,0022400156,2024-11-04T00:00:00,LAL @ DET,L,33.03333333333333,4.4,15.3,0.286,2.2,5.4,0.4,1.1,2.2,0.5,1.1,2.2,3.3,8.7,3.3,1.1,0.0,1.1,2.2,2.2,12.0,-1.1,29.0,0,0,28.3,1,13222,1,13222,5120,16172,8167,19630,9311,12082,7874,12933,12153,10625,12554,19128,19067,2258,5605,11104,8263,7144,14188,12243,16156,13607,15495,2246,150,15187,1,33:02
2024-25,203081,Damian Lillard,Damian,1610612749,MIL,Milwaukee Bucks,0022400154,2024-11-04T00:00:00,MIL @ CLE,L,37.333333333333336,10.6,21.2,0.5,4.8,8.7,0.556,8.7,8.7,1.0,1.0,1.0,1.9,6.8,7.7,0.0,0.0,1.0,1.0,4.8,34.7,2.9,39.4,0,0,48.2,1,13222,1,13222,1775,2617,2202,8526,2526,5302,3747,1119,2068,1,13540,22033,21950,4349,661,12854,8263,8233,19884,4456,1005,11177,8109,2246,150,3078,1,37:20
2024-25,203944,Julius Randle,Julius,1610612750,MIN,Minnesota Timberwolves,0022400162,2024-11-04T00:00:00,MIN vs. CHA,W,25.166666666666668,5.7,14.3,0.4,1.4,5.7,0.25,5.7,8.6,0.667,4.3,1.4,5.7,5.7,1.4,2.9,0.0,0.0,1.4,4.3,18.6,11.4,41.2,0,0,37.2,1,1,13086,1,11859,12351,9693,14933,12335,11401,11902,3167,2140,9425,3181,21026,12958,6006,13103,3511,8263,8846,17509,5613,9225,7037,7054,2246,150,8591,1,25:10
2024-25,1641764,Brandin Podziemski,Brandin,1610612744,GSW,Golden State Warriors,0022400155,2024-11-04T00:00:00,GSW @ WAS,W,13.1,2.7,8.2,0.333,0.0,2.7,0.0,0.0,0.0,0.0,0.0,11.0,11.0,2.7,2.7,2.7,0.0,0.0,5.5,2.7,5.5,16.5,28.3,0,0,24.7,1,1,13086,1,20693,19977,19870,17395,15070,18163,15070,13505,14344,13505,14058,1906,4414,13753,7377,3806,8263,8846,3703,10152,21735,5075,15987,2246,150,17867,1,13:06
2024-25,1629651,Nic Claxton,Nic,1610612751,BKN,Brooklyn Nets,0022400158,2024-11-04T00:00:00,BKN vs. MEM,W,26.633333333333333,6.8,10.8,0.625,0.0,0.0,0.0,0.0,2.7,0.0,2.7,8.1,10.8,4.1,0.0,2.7,1.4,0.0,1.4,4.1,13.5,-5.4,44.7,0,0,36.5,1,1,13086,1,10618,9535,15674,4899,15070,20945,15070,13505,10740,13505,6094,4549,4584,9789,16469,3899,5437,8846,17817,6157,14482,15787,5312,2246,150,9051,1,26:38
2024-25,1642261,Dalton Knecht,Dalton,1610612747,LAL,Los Angeles Lakers,0022400156,2024-11-04T00:00:00,LAL @ DET,L,8.683333333333334,8.3,8.3,1.0,4.1,4.1,1.0,0.0,0.0,0.0,0.0,0.0,0.0,0.0,0.0,0.0,0.0,0.0,4.1,0.0,20.7,-33.2,20.7,0,0,24.9,1,13222,1,13222,22568,5998,19804,1,3679,15241,1,13505,14344,13505,14058,22137,23286,19908,16469,12854,8263,8846,6702,17725,7293,24189,20823,2246,150,17775,1,8:41
2024-25,201569,Eric Gordon,Eric,1610612755,PHI,Philadelphia 76ers,0022400167,2024-11-04T00:00:00,PHI @ PHX,L,17.65,6.1,12.2,0.5,4.1,8.2,0.5,4.1,4.1,1.0,0.0,2.0,2.0,2.0,0.0,2.0,2.0,2.0,2.0,2.0,20.4,16.3,38.1,0,0,36.7,1,13222,1,13222,17819,11164,13190,8526,3831,6156,3944,5559,7670,1,14058,19529,21720,16221,16469,6057,3368,3095,14919,12876,7583,5137,8932,2246,150,8906,1,17:39
2024-25,1631096,Chet Holmgren,Chet,1610612760,OKC,Oklahoma City Thunder,0022400163,2024-11-04T00:00:00,OKC vs. ORL,W,21.5,8.4,16.7,0.5,1.7,3.3,0.5,5.0,8.4,0.6,3.3,11.7,15.1,1.7,3.3,0.0,3.3,0.0,1.7,5.0,23.4,25.1,50.7,0,0,48.6,1,1,13086,1,14935,5851,6115,8526,11468,16962,3944,3998,2276,10343,4640,1519,1742,17430,5358,12854,1350,8846,16607,4070,5170,2787,3062,2246,150,2968,1,21:30
2024-25,202699,Tobias Harris,Tobias,1610612765,DET,Detroit Pistons,0022400156,2024-11-04T00:00:00,DET vs. LAL,W,30.05,8.4,18.0,0.467,1.2,8.4,0.143,0.0,0.0,0.0,0.0,8.4,8.4,1.2,2.4,1.2,1.2,1.2,6.0,0.0,18.0,20.4,34.6,0,0,33.5,1,1,13086,1,7740,5827,4730,12249,13377,5770,14649,13505,14344,13505,14058,4174,7642,19014,8673,10184,6183,6277,2963,17725,9879,3848,11352,2246,150,11208,1,30:03
2024-25,1629655,Daniel Gafford,Daniel,1610612742,DAL,Dallas Mavericks,0022400165,2024-11-04T00:00:00,DAL vs. IND,L,15.133333333333333,7.1,7.1,1.0,0.0,0.0,0.0,4.8,4.8,1.0,2.4,7.1,9.5,0.0,0.0,0.0,0.0,0.0,7.1,4.8,19.0,-28.5,30.4,0,0,28.5,1,13222,1,13222,19475,8611,21395,1,15070,20945,15070,4420,6379,1,6985,6112,6035,19908,16469,12854,8263,8846,1868,4595,8822,23518,14459,2246,150,15027,1,15:08
2024-25,1628378,Donovan Mitchell,Donovan,1610612739,CLE,Cleveland Cavaliers,0022400154,2024-11-04T00:00:00,CLE vs. MIL,W,31.083333333333332,5.8,17.4,0.333,3.5,8.1,0.429,1.2,2.3,0.5,0.0,4.6,4.6,4.6,4.6,2.3,0.0,1.2,0.0,4.6,16.2,3.5,31.0,0,0,33.6,1,1,13086,1,6807,12132,5377,17395,5207,6268,7394,12728,11732,10625,14058,11904,15745,8342,2801,4971,8263,6566,20257,4871,11713,10902,14031,2246,150,11169,1,31:05
2024-25,203471,Dennis Schröder,Dennis,1610612751,BKN,Brooklyn Nets,0022400158,2024-11-04T00:00:00,BKN vs. MEM,W,34.13333333333333,7.4,15.8,0.467,2.1,7.4,0.286,4.2,5.3,0.8,0.0,2.1,2.1,6.3,3.2,1.1,0.0,2.1,4.2,4.2,21.1,5.3,33.1,0,0,33.8,1,1,13086,1,4140,8050,7392,12249,9644,7657,11433,5312,5501,7681,14058,19337,21592,4985,5935,11445,8263,2897,6505,5794,7007,9973,12498,2246,150,11030,1,34:08
2024-25,1630191,Isaiah Stewart,Isaiah,1610612765,DET,Detroit Pistons,0022400156,2024-11-04T00:00:00,DET vs. LAL,W,24.7,4.4,10.2,0.429,0.0,0.0,0.0,2.9,2.9,1.0,5.8,7.3,13.1,2.9,0.0,0.0,2.9,0.0,4.4,1.5,11.7,5.8,40.5,0,0,33.5,1,1,13086,1,12272,16141,16728,13735,15070,20945,15070,8049,10192,1,1726,5847,2728,13222,16469,12854,1797,8846,6094,15200,16511,9689,7452,2246,150,11224,1,24:42
2024-25,1631124,Julian Strawther,Julian,1610612743,DEN,Denver Nuggets,0022400166,2024-11-04T00:00:00,DEN vs. TOR,W,25.623333333333335,5.6,14.0,0.4,2.8,5.6,0.5,4.2,5.6,0.75,0.0,2.8,2.8,4.2,1.4,2.8,1.4,0.0,2.8,2.8,18.3,-1.4,39.2,0,0,36.5,1,1,13086,1,11473,12654,10096,14933,7183,11663,3944,5323,5022,8186,14058,17367,20226,9348,13253,3660,5214,8846,11603,9935,9560,13760,8272,2246,150,9028,1,25:37
2024-25,1626192,Pat Connaughton,Pat,1610612749,MIL,Milwaukee Bucks,0022400154,2024-11-04T00:00:00,MIL @ CLE,L,22.486666666666668,4.8,6.4,0.75,1.6,1.6,1.0,0.0,0.0,0.0,0.0,6.4,6.4,8.0,0.0,3.2,0.0,0.0,4.8,0.0,11.2,12.8,40.5,0,0,33.6,1,13222,1,13222,14121,14938,22205,2107,11673,20167,1,13505,14344,13505,14058,7499,11391,2884,16469,2740,8263,8846,5050,17725,16991,6471,7463,2246,150,11141,1,22:29
2024-25,1641716,Jarace Walker,Jarace,1610612754,IND,Indiana Pacers,0022400165,2024-11-04T00:00:00,IND @ DAL,W,14.295,2.5,7.6,0.333,2.5,5.0,0.5,0.0,5.0,0.0,2.5,10.1,12.6,5.0,2.5,0.0,0.0,2.5,5.0,2.5,7.6,0.0,27.7,0,0,27.7,1,1,13086,1,20024,20430,20849,17395,8081,13113,3944,13505,5846,13505,6554,2522,3070,7387,8167,12854,8263,2015,4531,10922,20276,12240,16424,2246,150,15636,1,14:18
2024-25,1630560,Cam Thomas,Cam,1610612751,BKN,Brooklyn Nets,0022400158,2024-11-04T00:00:00,BKN vs. MEM,W,33.58833333333333,6.4,18.2,0.353,0.0,4.3,0.0,1.1,1.1,1.0,0.0,2.1,2.1,6.4,3.2,1.1,0.0,1.1,2.1,1.1,13.9,1.1,26.2,0,0,24.7,1,1,13086,1,4654,10357,4439,17268,15070,14948,15070,12996,14083,1,14058,19230,21528,4813,5779,11260,8263,7295,14393,17054,14013,12100,17515,2246,150,17921,1,33:35
2024-25,1628991,Jaren Jackson Jr.,Jaren,1610612763,MEM,Memphis Grizzlies,0022400158,2024-11-04T00:00:00,MEM @ BKN,L,32.43333333333333,5.5,12.2,0.455,3.3,5.5,0.6,2.2,2.2,1.0,2.2,3.3,5.5,1.1,3.3,1.1,2.2,0.0,4.4,6.7,16.6,-8.9,31.6,0,0,33.3,1,13222,1,13222,5612,12846,13244,12676,5576,11843,2992,9868,12018,1,7532,15696,13420,19321,5421,10942,2905,8846,5917,1937,11223,17372,13588,2246,150,11401,1,32:26
2024-25,1630166,Deni Avdija,Deni,1610612757,POR,Portland Trail Blazers,0022400164,2024-11-04T00:00:00,POR @ NOP,W,20.75,3.5,8.7,0.4,0.0,1.7,0.0,5.2,6.9,0.75,3.5,6.9,10.4,5.2,0.0,0.0,0.0,0.0,3.5,8.7,12.1,-12.1,32.4,0,0,27.8,1,1,13086,1,15455,18384,19232,14933,15070,20003,15070,3766,3427,8186,4420,6466,4995,7021,16469,12854,8263,8846,8838,761,15987,18793,12989,2246,150,15608,1,20:45
2024-25,1629130,Duncan Robinson,Duncan,1610612748,MIA,Miami Heat,0022400159,2024-11-04T00:00:00,MIA vs. SAC,L,13.556666666666667,8.0,13.3,0.6,8.0,8.0,1.0,0.0,0.0,0.0,0.0,8.0,8.0,8.0,0.0,0.0,0.0,0.0,2.7,2.7,23.9,13.3,45.4,0,0,47.8,1,13222,1,13222,20453,6704,11347,5394,466,6505,1,13505,14344,13505,14058,4756,8332,2926,16469,12854,8263,8846,12224,10460,4879,6268,4989,2246,150,3225,1,13:33
2024-25,1627826,Ivica Zubac,Ivica,1610612746,LAC,LA Clippers,0022400168,2024-11-04T00:00:00,LAC vs. SAS,W,36.72,5.9,16.7,0.353,0.0,0.0,0.0,4.9,4.9,1.0,9.8,2.9,12.7,3.9,3.9,0.0,0.0,2.9,2.9,2.9,16.7,15.7,33.9,1,0,33.3,1,1,13086,1,2181,11854,6224,17268,15070,20945,15070,4189,6115,1,428,16929,2971,10161,4033,12854,8263,1403,10975,9458,11204,5355,11876,1,150,11369,1,36:43
2024-25,1630198,Isaiah Joe,Isaiah,1610612760,OKC,Oklahoma City Thunder,0022400163,2024-11-04T00:00:00,OKC vs. ORL,W,22.455,6.4,12.8,0.5,4.8,9.6,0.5,3.2,4.8,0.667,0.0,6.4,6.4,1.6,0.0,0.0,0.0,0.0,0.0,6.4,20.8,25.7,30.9,0,0,33.7,1,1,13086,1,14150,10407,12169,8526,2543,3954,3944,7317,6288,9425,14058,7482,11362,17638,16469,12854,8263,8846,20257,2168,7207,2681,14093,2246,150,11101,1,22:27
2024-25,1628973,Jalen Brunson,Jalen,1610612752,NYK,New York Knicks,0022400161,2024-11-04T00:00:00,NYK @ HOU,L,42.416666666666664,7.6,20.4,0.375,1.7,3.4,0.5,7.6,7.6,1.0,0.8,1.7,2.5,6.8,0.8,0.8,0.0,1.7,1.7,5.1,24.6,-6.8,39.6,0,0,37.3,1,13222,1,13222,212,7416,2711,16299,11407,16871,3944,1582,2785,1,14002,20463,20717,4303,16424,12790,8263,4156,16544,3936,4422,16416,8043,2246,150,8476,1,42:25
2024-25,1630534,Ochai Agbaji,Ochai,1610612761,TOR,Toronto Raptors,0022400166,2024-11-04T00:00:00,TOR @ DEN,L,32.90833333333333,6.6,12.0,0.545,2.2,4.4,0.5,2.2,3.3,0.667,1.1,4.4,5.5,4.4,0.0,2.2,0.0,2.2,3.3,2.2,17.5,1.1,37.2,0,0,33.9,1,13222,1,13222,5239,10032,13530,7695,9284,14747,3944,9994,9354,9425,12519,12586,13622,8947,16469,5450,8263,2677,9519,12211,10321,12081,9538,2246,150,10916,1,32:55
2024-25,1642347,Jamal Shead,Jamal,1610612761,TOR,Toronto Raptors,0022400166,2024-11-04T00:00:00,TOR @ DEN,L,17.45,6.2,8.3,0.75,2.1,2.1,1.0,2.1,2.1,1.0,0.0,4.1,4.1,6.2,0.0,2.1,0.0,0.0,8.3,4.1,16.5,-4.1,36.9,0,0,33.0,1,13222,1,13222,17959,10993,19865,2107,9850,19435,1,10430,12543,1,14058,13339,17012,5173,16469,5945,8263,8846,1247,5993,11387,15135,9752,2246,150,11646,1,17:27
2024-25,1629669,Jaylen Nowell,Jaylen,1610612740,NOP,New Orleans Pelicans,0022400164,2024-11-04T00:00:00,NOP vs. POR,L,23.166666666666668,6.2,18.6,0.333,3.1,6.2,0.5,1.6,3.1,0.5,1.6,1.6,3.1,1.6,1.6,1.6,0.0,1.6,3.1,4.7,17.1,4.7,26.3,0,0,28.0,1,13222,1,13222,13583,10930,4072,17395,6200,10162,3944,11684,9699,10625,10106,20762,19459,17792,12530,8172,8263,4574,10243,4801,10748,10308,17436,2246,150,15440,1,23:10
2024-25,1641711,Gradey Dick,Gradey,1610612761,TOR,Toronto Raptors,0022400166,2024-11-04T00:00:00,TOR @ DEN,L,35.68333333333333,10.1,20.2,0.5,4.0,9.1,0.444,2.0,2.0,1.0,0.0,2.0,2.0,5.0,4.0,3.0,2.0,0.0,0.0,3.0,26.2,1.0,47.3,0,0,47.4,1,13222,1,13222,2917,3127,2853,8526,3929,4701,7211,10580,12670,1,14058,19603,21765,7374,3807,3095,3430,8846,20257,9141,3573,12150,4203,2246,150,3338,1,35:41
2024-25,1627824,Guerschon Yabusele,Guerschon,1610612755,PHI,Philadelphia 76ers,0022400167,2024-11-04T00:00:00,PHI @ PHX,L,30.03,7.2,16.8,0.429,6.0,13.2,0.455,2.4,2.4,1.0,3.6,4.8,8.4,7.2,2.4,0.0,1.2,1.2,4.8,3.6,22.8,7.2,44.8,0,0,46.8,1,13222,1,13222,7761,8474,6068,13735,1308,1210,7148,9346,11497,1,4218,11453,7637,3773,8670,12854,6176,6272,5072,7399,5650,9047,5250,2246,150,3567,1,30:02
2024-25,1629661,Cameron Johnson,Cameron,1610612751,BKN,Brooklyn Nets,0022400158,2024-11-04T00:00:00,BKN vs. MEM,W,36.05,8.0,11.0,0.727,3.0,4.0,0.75,1.0,2.0,0.5,1.0,2.0,3.0,2.0,0.0,0.0,0.0,1.0,2.0,1.0,20.0,16.0,26.6,0,0,28.0,1,1,13086,1,2646,6655,15375,2666,6536,15595,1542,13239,12730,10625,13263,19677,19753,16384,16469,12854,8263,7938,15164,17401,7941,5257,17245,2246,150,15450,1,36:03
2024-25,1628384,OG Anunoby,OG,1610612752,NYK,New York Knicks,0022400161,2024-11-04T00:00:00,NYK @ HOU,L,39.583333333333336,6.4,12.7,0.5,4.5,5.5,0.833,1.8,2.7,0.667,0.9,4.5,5.5,1.8,0.0,0.9,1.8,1.8,1.8,1.8,19.1,-4.5,36.6,0,0,36.4,1,13222,1,13222,692,10526,12330,8526,2974,12069,1341,11200,10675,9425,13866,12127,13655,17027,16469,12619,4013,3839,16089,13854,8759,15346,9993,2246,150,9115,1,39:35
2024-25,203484,Kentavious Caldwell-Pope,Kentavious,1610612753,ORL,Orlando Magic,0022400163,2024-11-04T00:00:00,ORL @ OKC,L,30.816666666666666,1.2,8.2,0.143,1.2,4.7,0.25,3.5,3.5,1.0,0.0,5.8,5.8,2.3,1.2,4.7,1.2,1.2,1.2,4.7,7.0,-1.2,33.9,0,0,28.0,1,13222,1,13222,7026,22521,19976,22260,13547,14029,11902,6693,8874,1,14058,8691,12670,15098,14672,1107,6374,6494,18726,4777,20717,13653,11910,2246,150,15399,1,30:49
2024-25,201988,Patty Mills,Patty,1610612762,UTA,Utah Jazz,0022400160,2024-11-04T00:00:00,UTA @ CHI,W,12.883333333333333,2.8,8.4,0.333,2.8,8.4,0.333,8.4,8.4,1.0,0.0,2.8,2.8,14.0,0.0,0.0,0.0,0.0,2.8,5.6,16.8,25.1,41.1,0,0,36.3,1,1,13086,1,20803,19888,19661,17395,7227,5776,9209,1237,2269,1,14058,17412,20264,393,16469,12854,8263,8846,11666,3209,11108,2782,7134,2246,150,9144,1,12:53
2024-25,1642263,Reed Sheppard,Reed,1610612745,HOU,Houston Rockets,0022400161,2024-11-04T00:00:00,HOU vs. NYK,W,14.45,7.5,19.9,0.375,2.5,10.0,0.25,0.0,0.0,0.0,0.0,5.0,5.0,0.0,0.0,0.0,0.0,2.5,0.0,0.0,17.4,-5.0,23.4,0,0,24.9,1,1,13086,1,19913,7821,3016,16299,8168,3530,11902,13505,14344,13505,14058,10927,14836,19908,16469,12854,8263,2055,20257,17725,10386,15580,19301,2246,150,17745,1,14:27
2024-25,1629659,Talen Horton-Tucker,Talen,1610612741,CHI,Chicago Bulls,0022400160,2024-11-04T00:00:00,CHI vs. UTA,L,28.31833333333333,2.5,8.9,0.286,0.0,3.8,0.0,7.6,8.9,0.857,1.3,6.4,7.6,5.1,0.0,0.0,0.0,1.3,3.8,6.4,12.7,6.4,29.5,0,0,25.4,1,13222,1,13222,9283,20390,18868,19630,15070,15971,15070,1588,1924,7071,11352,7586,8922,7278,16469,12854,8263,5807,7696,2233,15377,9446,15157,2246,150,17337,1,28:19
2024-25,203078,Bradley Beal,Bradley,1610612756,PHX,Phoenix Suns,0022400167,2024-11-04T00:00:00,PHX vs. PHI,W,34.04666666666667,7.4,10.6,0.7,3.2,5.3,0.6,0.0,0.0,0.0,0.0,5.3,5.3,3.2,2.1,2.1,0.0,1.1,2.1,0.0,18.0,12.7,33.3,0,0,33.8,1,1,13086,1,4224,8008,16103,3045,6027,12505,2992,13505,14344,13505,14058,10059,14081,12414,9932,5719,8263,7428,14543,17725,9871,6523,12342,2246,150,10975,1,34:03
2024-25,1630572,Sandro Mamukelashvili,Sandro,1610612759,SAS,San Antonio Spurs,0022400168,2024-11-04T00:00:00,SAS @ LAC,L,4.583333333333333,15.7,31.4,0.5,7.9,15.7,0.5,0.0,0.0,0.0,0.0,0.0,0.0,0.0,0.0,0.0,0.0,0.0,0.0,0.0,39.3,-47.1,39.3,0,0,47.1,1,13222,1,13222,24183,389,221,8526,495,564,3944,13505,14344,13505,14058,22137,23286,19908,16469,12854,8263,8846,20257,17725,490,25274,8210,2246,150,3426,1,4:35
2024-25,1627751,Jakob Poeltl,Jakob,1610612761,TOR,Toronto Raptors,0022400166,2024-11-04T00:00:00,TOR @ DEN,L,32.44166666666667,12.2,20.0,0.611,0.0,0.0,0.0,2.2,4.4,0.5,6.7,5.5,12.2,3.3,2.2,3.3,0.0,1.1,6.7,4.4,26.6,-5.5,54.0,1,0,48.8,1,13222,1,13222,5610,1403,2991,5351,15070,20945,15070,9876,6959,10625,1298,9416,3343,11884,9435,2504,8263,6971,2260,5264,3373,15850,2192,1,150,2884,1,32:27
2024-25,1627832,Fred VanVleet,Fred,1610612745,HOU,Houston Rockets,0022400161,2024-11-04T00:00:00,HOU vs. NYK,W,35.78333333333333,8.0,14.1,0.571,1.0,5.0,0.2,2.0,2.0,1.0,1.0,1.0,2.0,5.0,1.0,2.0,1.0,0.0,3.0,2.0,19.1,12.1,37.1,0,0,33.2,1,1,13086,1,2834,6534,10036,6538,14510,13132,13429,10603,12692,1,13213,21959,21774,7394,15807,6197,7449,8846,10629,13031,8726,6766,9607,2246,150,11499,1,35:47
2024-25,1641708,Amen Thompson,Amen,1610612745,HOU,Houston Rockets,0022400161,2024-11-04T00:00:00,HOU vs. NYK,W,33.36666666666667,5.4,8.6,0.625,0.0,1.1,0.0,2.2,2.2,1.0,1.1,8.6,9.7,3.2,0.0,1.1,0.0,1.1,3.2,2.2,12.9,11.9,32.7,0,0,28.1,1,1,13086,1,4841,13288,19297,4899,15070,20767,15070,10089,12222,1,12646,3899,5786,12180,16469,11203,8263,7233,9710,12356,15145,6847,12808,2246,150,15386,1,33:22
2024-25,1627741,Buddy Hield,Buddy,1610612744,GSW,Golden State Warriors,0022400155,2024-11-04T00:00:00,GSW @ WAS,W,27.653333333333332,9.1,18.2,0.5,3.9,10.4,0.375,3.9,5.2,0.75,0.0,6.5,6.5,2.6,0.0,2.6,1.3,1.3,2.6,5.2,26.0,18.2,49.5,0,0,46.9,1,1,13086,1,9829,4510,4433,8526,4189,3051,8800,5870,5601,8186,14058,7287,11156,14204,16469,4134,5639,5645,12417,3768,3661,4485,3432,2246,150,3529,1,27:39
2024-25,1631260,AJ Green,AJ,1610612749,MIL,Milwaukee Bucks,0022400154,2024-11-04T00:00:00,MIL @ CLE,L,33.96666666666667,7.4,9.5,0.778,7.4,9.5,0.778,0.0,0.0,0.0,0.0,6.4,6.4,1.1,1.1,0.0,0.0,0.0,0.0,1.1,22.3,5.3,30.4,0,0,37.1,1,13222,1,13222,4292,7970,17875,1994,629,4053,1530,13505,14344,13505,14058,7577,11486,19490,15425,12854,8263,8846,20257,17118,6041,9953,14486,2246,150,8659,1,33:58
2024-25,1629673,Jordan Poole,Jordan,1610612764,WAS,Washington Wizards,0022400155,2024-11-04T00:00:00,WAS vs. GSW,L,33.73,8.5,21.3,0.4,2.1,10.7,0.2,6.4,7.5,0.857,0.0,1.1,1.1,3.2,1.1,3.2,4.3,1.1,3.2,5.3,25.6,-9.6,53.0,0,0,47.0,1,13222,1,13222,4514,5547,2130,14933,9533,2808,13429,2496,2931,7071,14058,21831,23129,12304,15369,2739,778,7343,9855,3578,3869,17723,2438,2246,150,3485,1,33:44
2024-25,1630643,Jay Huff,Jay,1610612763,MEM,Memphis Grizzlies,0022400158,2024-11-04T00:00:00,MEM @ BKN,L,8.483333333333333,4.2,8.5,0.5,0.0,4.2,0.0,0.0,0.0,0.0,4.2,4.2,8.5,0.0,0.0,0.0,4.2,0.0,0.0,0.0,8.5,-29.7,31.4,0,0,25.5,1,13222,1,13222,22635,16475,19506,8526,15070,15019,15070,13505,14344,13505,3252,12988,7487,19908,16469,12854,793,8846,20257,17725,19524,23694,13749,2246,150,17309,1,8:29
2024-25,1631222,Jake LaRavia,Jake,1610612763,MEM,Memphis Grizzlies,0022400158,2024-11-04T00:00:00,MEM @ BKN,L,31.633333333333333,2.3,5.7,0.4,1.1,3.4,0.333,1.1,2.3,0.5,1.1,4.6,5.7,6.8,1.1,2.3,0.0,0.0,1.1,1.1,6.8,3.4,29.6,0,0,25.0,1,13222,1,13222,6299,20891,22907,14933,13721,16839,9209,12791,11851,10625,12205,12118,13048,4256,14880,5124,8263,8846,18872,16718,20840,10924,15087,2246,150,17650,1,31:38
2024-25,1642258,Zaccharie Risacher,Zaccharie,1610612737,ATL,Atlanta Hawks,0022400157,2024-11-04T00:00:00,ATL vs. BOS,L,30.133333333333333,7.2,17.9,0.4,1.2,7.2,0.167,2.4,2.4,1.0,1.2,2.4,3.6,2.4,2.4,0.0,0.0,2.4,2.4,2.4,17.9,-28.7,23.4,0,0,25.1,1,13222,1,13222,7648,8537,4787,14933,13400,8107,14236,9370,11524,1,11830,18515,18357,14915,8703,12854,8263,2251,13270,11392,9916,23534,19302,2246,150,17614,1,30:08
2024-25,1630596,Evan Mobley,Evan,1610612739,CLE,Cleveland Cavaliers,0022400154,2024-11-04T00:00:00,CLE vs. MIL,W,31.85,6.8,17.0,0.4,1.1,3.4,0.333,4.5,6.8,0.667,1.1,4.5,5.7,3.4,0.0,0.0,3.4,1.1,1.1,5.7,19.2,1.1,41.3,0,0,36.2,1,1,13086,1,6101,9467,5853,14933,13763,16879,9209,4799,3578,9425,12257,12208,13151,11702,16469,12854,1314,6789,18922,3120,8639,12064,7015,2246,150,9246,1,31:51
2024-25,1626164,Devin Booker,Devin,1610612756,PHX,Phoenix Suns,0022400167,2024-11-04T00:00:00,PHX vs. PHI,W,38.21666666666667,2.8,17.0,0.167,0.0,5.7,0.0,6.6,6.6,1.0,1.9,0.9,2.8,5.7,1.9,0.9,0.9,0.9,0.9,5.7,12.2,0.9,27.9,0,0,24.5,1,1,13086,1,1260,19826,5850,21938,15070,11576,15070,2323,3782,1,8882,22064,20179,6141,11138,12426,7883,8404,20012,3118,15874,12194,16311,2246,150,18013,1,38:13
2024-25,1641718,Keyonte George,Keyonte,1610612762,UTA,Utah Jazz,0022400160,2024-11-04T00:00:00,UTA @ CHI,W,38.583333333333336,7.5,16.8,0.444,5.6,11.2,0.5,10.3,12.1,0.846,0.0,0.9,0.9,8.4,1.9,0.9,0.9,0.9,0.9,5.6,30.8,-0.9,48.2,0,0,49.5,1,1,13086,1,1068,7860,6048,13045,1667,2334,3944,632,733,7255,14058,22075,23252,2513,11243,12487,7937,8470,20058,3194,1833,13486,3901,2246,150,2682,1,38:35
2024-25,1629029,Luka Dončić,Luka,1610612742,DAL,Dallas Mavericks,0022400165,2024-11-04T00:00:00,DAL vs. IND,L,42.335,7.7,20.4,0.375,3.4,8.5,0.4,10.2,12.8,0.8,0.0,6.0,6.0,12.8,1.7,1.7,0.0,0.9,2.6,6.8,28.9,-2.6,58.6,1,0,54.4,1,13222,1,13222,224,7375,2686,16299,5378,5581,7874,649,623,7681,14058,8445,12402,574,11922,7606,8263,8770,12600,1821,2451,14334,1397,1,150,1555,1,42:20
2024-25,1626167,Myles Turner,Myles,1610612754,IND,Indiana Pacers,0022400165,2024-11-04T00:00:00,IND @ DAL,W,32.92166666666667,10.9,18.6,0.588,5.5,8.7,0.625,5.5,5.5,1.0,1.1,10.9,12.0,0.0,2.2,1.1,1.1,0.0,2.2,5.5,32.8,9.8,51.6,1,0,54.7,1,1,13086,1,5231,2318,4131,6229,1768,5184,2868,3450,5228,1,12522,1936,3466,19908,9564,11074,6831,8846,14150,3385,1363,7770,2799,1,150,1513,1,32:55
2024-25,1629012,Collin Sexton,Collin,1610612762,UTA,Utah Jazz,0022400160,2024-11-04T00:00:00,UTA @ CHI,W,34.28333333333333,7.4,18.9,0.389,4.2,7.4,0.571,6.3,6.3,1.0,0.0,2.1,2.1,5.3,1.1,1.1,1.1,3.2,2.1,5.3,25.2,7.4,40.8,0,0,41.0,1,1,13086,1,4024,8124,3840,16009,3566,7723,3506,2592,4129,1,14058,19364,21613,6936,15486,11493,7135,1196,14610,3697,4122,8960,7256,2246,150,6231,1,34:17
2024-25,1628381,John Collins,John,1610612762,UTA,Utah Jazz,0022400160,2024-11-04T00:00:00,UTA @ CHI,W,30.783333333333335,14.0,19.9,0.706,2.3,4.7,0.5,2.3,2.3,1.0,3.5,11.7,15.2,5.8,2.3,0.0,1.2,1.2,3.5,4.7,32.7,12.9,60.9,1,0,58.5,1,1,13086,1,7055,695,3047,3027,8706,14016,3944,9493,11666,1,4366,1527,1684,5764,8905,12854,6369,6484,8723,4764,1373,6452,1079,1,150,969,1,30:47
2024-25,203999,Nikola Jokić,Nikola,1610612743,DEN,Denver Nuggets,0022400166,2024-11-04T00:00:00,DEN vs. TOR,W,38.2,9.4,20.7,0.455,0.9,4.7,0.2,6.6,7.5,0.875,4.7,8.5,13.2,12.3,6.6,0.9,1.9,0.9,1.9,7.5,26.4,-0.9,62.5,1,1,58.4,1,1,13086,1,1272,3987,2495,12676,14824,13924,13429,2319,2860,6931,2661,4070,2671,663,1083,12422,3810,8399,15767,1300,3489,13496,917,1,1,973,1,38:12
2024-25,1629599,Amir Coffey,Amir,1610612746,LAC,LA Clippers,0022400168,2024-11-04T00:00:00,LAC vs. SAS,W,25.533333333333335,11.3,14.1,0.8,7.0,8.5,0.833,0.0,0.0,0.0,1.4,7.0,8.5,1.4,0.0,1.4,0.0,1.4,2.8,0.0,29.6,47.9,46.1,0,0,49.3,1,1,13086,1,11556,2025,10012,1688,741,5657,1341,13505,14344,13505,10695,6279,7532,18310,16469,8838,8263,5137,11549,17725,2229,612,4701,2246,150,2715,1,25:32
2024-25,1630578,Alperen Sengun,Alperen,1610612745,HOU,Houston Rockets,0022400161,2024-11-04T00:00:00,HOU vs. NYK,W,33.38166666666667,11.9,16.2,0.733,0.0,3.2,0.0,3.2,3.2,1.0,2.2,12.9,15.1,5.4,4.3,0.0,4.3,0.0,2.2,7.5,27.0,15.1,61.8,1,0,56.1,1,1,13086,1,4834,1610,6869,2644,15070,17204,15070,7245,9445,1,7730,1032,1734,6652,3289,12854,750,8846,14319,1294,3225,5591,988,1,150,1294,1,33:23
2024-25,1641705,Victor Wembanyama,Victor,1610612759,SAS,San Antonio Spurs,0022400168,2024-11-04T00:00:00,SAS @ LAC,L,34.1,9.5,23.2,0.409,2.1,9.5,0.222,4.2,4.2,1.0,2.1,11.6,13.7,3.2,2.1,3.2,9.5,0.0,3.2,8.4,25.3,-22.2,82.5,1,0,69.7,1,13222,1,13222,4167,3879,1309,14895,9634,4104,13288,5308,7370,1,7915,1553,2373,12427,9948,2803,82,8846,10007,850,4033,22120,164,1,150,330,1,34:06
2024-25,1626220,Royce O'Neale,Royce,1610612756,PHX,Phoenix Suns,0022400167,2024-11-04T00:00:00,PHX vs. PHI,W,23.666666666666668,9.1,13.7,0.667,4.6,6.1,0.75,0.0,0.0,0.0,4.6,3.0,7.6,0.0,0.0,1.5,1.5,1.5,4.6,0.0,22.8,-3.0,41.1,0,0,41.1,1,1,13086,1,13171,4491,10669,3281,2952,10478,1542,13505,14344,13505,2855,16576,8961,19908,16469,8320,4774,4687,5641,17725,5620,14590,7137,2246,150,6163,1,23:40
2024-25,1641842,Ronald Holland II,Ronald,1610612765,DET,Detroit Pistons,0022400156,2024-11-04T00:00:00,DET vs. LAL,W,16.655,8.6,19.5,0.444,0.0,10.8,0.0,8.6,8.6,1.0,2.2,6.5,8.6,0.0,0.0,4.3,0.0,0.0,2.2,4.3,25.9,10.8,49.3,0,0,43.2,1,1,13086,1,18498,5354,3382,13045,15070,2669,15070,1127,2094,1,7719,7347,7237,19908,16469,1356,8263,8846,14293,5533,3714,7324,3509,2246,150,5032,1,16:39
2024-25,1631114,Jalen Williams,Jalen,1610612760,OKC,Oklahoma City Thunder,0022400163,2024-11-04T00:00:00,OKC vs. ORL,W,34.53333333333333,10.4,17.7,0.588,3.1,7.3,0.429,0.0,0.0,0.0,0.0,4.2,4.2,1.0,1.0,3.1,1.0,1.0,3.1,1.0,24.0,-1.0,42.0,0,0,40.7,1,1,13086,1,3822,2791,4986,6229,6144,7822,7394,13505,14344,13505,14058,13205,16883,19551,15540,2877,7182,7555,10178,17204,4817,13565,6607,2246,150,6408,1,34:32
2024-25,201939,Stephen Curry,Stephen,1610612744,GSW,Golden State Warriors,0022400155,2024-11-04T00:00:00,GSW @ WAS,W,24.083333333333332,10.5,22.4,0.467,6.0,13.5,0.444,9.0,9.0,1.0,1.5,3.0,4.5,9.0,3.0,0.0,0.0,0.0,1.5,4.5,35.9,13.5,51.7,0,0,55.3,1,1,13086,1,12811,2752,1623,12249,1319,1117,7211,1016,1887,1,10348,16777,16090,2049,6526,12854,8263,8846,17241,5177,850,6216,2776,2246,150,1414,1,24:05
2024-25,1631117,Walker Kessler,Walker,1610612762,UTA,Utah Jazz,0022400160,2024-11-04T00:00:00,UTA @ CHI,W,31.658333333333335,6.8,8.0,0.857,0.0,0.0,0.0,0.0,2.3,0.0,6.8,11.4,18.2,2.3,3.4,0.0,3.4,0.0,5.7,1.1,13.6,6.8,45.7,1,0,40.9,1,1,13086,1,6277,9363,20328,1412,15070,20945,15070,13505,11862,13505,1215,1709,857,15329,5208,12854,1296,8846,3413,16730,14331,9221,4855,1,150,6243,1,31:40
2024-25,203994,Jusuf Nurkić,Jusuf,1610612756,PHX,Phoenix Suns,0022400167,2024-11-04T00:00:00,PHX vs. PHI,W,28.43,6.3,10.1,0.625,1.3,3.8,0.333,5.1,7.6,0.667,1.3,17.7,19.0,2.5,6.3,2.5,1.3,0.0,5.1,5.1,19.0,20.3,50.7,1,0,49.4,1,1,13086,1,9195,10612,16862,4899,13003,15999,9209,3939,2817,9425,11384,274,700,14433,1207,4294,5818,8846,4458,3984,8863,3877,3085,1,150,2701,1,28:26
2024-25,202696,Nikola Vučević,Nikola,1610612741,CHI,Chicago Bulls,0022400160,2024-11-04T00:00:00,CHI vs. UTA,L,32.88333333333333,9.9,18.6,0.529,2.2,5.5,0.4,3.3,3.3,1.0,1.1,9.9,10.9,6.6,0.0,1.1,3.3,1.1,1.1,2.2,25.2,-3.3,61.3,1,0,53.6,1,13222,1,13222,5255,3396,4110,8281,9270,12024,7874,7137,9346,1,12508,2687,4460,4611,16469,11062,1408,7087,19133,12203,4140,14708,1041,1,150,1678,1,32:53
2024-25,1629630,Ja Morant,Ja,1610612763,MEM,Memphis Grizzlies,0022400158,2024-11-04T00:00:00,MEM @ BKN,L,32.57,11.1,24.3,0.455,1.1,3.3,0.333,4.4,4.4,1.0,1.1,4.4,5.5,9.9,3.3,0.0,0.0,0.0,0.0,7.7,27.6,2.2,45.9,0,0,44.2,1,13222,1,13222,5506,2218,974,12676,13914,17031,9209,4955,6992,1,12429,12477,13473,1468,5467,12854,8263,8846,20257,1174,2919,11507,4796,2246,150,4591,1,32:34
2024-25,1629636,Darius Garland,Darius,1610612739,CLE,Cleveland Cavaliers,0022400154,2024-11-04T00:00:00,CLE vs. MIL,W,34.75,15.5,22.8,0.682,7.3,11.4,0.636,2.1,2.1,1.0,1.0,1.0,2.1,8.3,2.1,0.0,0.0,0.0,1.0,2.1,40.4,7.3,53.2,0,0,58.0,1,1,13086,1,3654,410,1455,3269,683,2178,2842,10392,12511,1,12974,21909,21665,2628,10151,12854,8263,8846,19493,12754,423,9016,2387,2246,150,1025,1,34:45
2024-25,1631197,Jared Rhoden,Jared,1610612766,CHA,Charlotte Hornets,0022400162,2024-11-04T00:00:00,CHA @ MIN,L,6.883333333333334,10.5,20.9,0.5,0.0,5.2,0.0,0.0,0.0,0.0,5.2,5.2,10.5,10.5,0.0,5.2,0.0,0.0,0.0,5.2,20.9,36.6,64.9,0,0,52.3,1,13222,1,13222,23215,2754,2391,8526,15070,12637,15070,13505,14344,13505,2169,10213,4950,1221,16469,771,8263,8846,20257,3727,7144,1239,704,2246,150,1970,1,6:53
2024-25,1630168,Onyeka Okongwu,Onyeka,1610612737,ATL,Atlanta Hawks,0022400157,2024-11-04T00:00:00,ATL vs. BOS,L,22.866666666666667,12.6,18.9,0.667,0.0,4.7,0.0,3.1,3.1,1.0,7.9,7.9,15.7,0.0,1.6,3.1,0.0,0.0,3.1,1.6,28.3,-25.2,55.1,1,0,50.4,1,13222,1,13222,13818,1201,3852,3281,15070,13902,15070,7443,9616,1,823,4913,1507,19908,12445,2837,8263,8846,10095,14712,2660,22849,1968,1,150,2426,1,22:52
2024-25,1628368,De'Aaron Fox,De'Aaron,1610612758,SAC,Sacramento Kings,0022400159,2024-11-04T00:00:00,SAC @ MIA,W,37.06,10.7,20.4,0.524,2.9,5.8,0.5,2.9,3.9,0.75,1.9,3.9,5.8,4.9,3.9,0.0,0.0,1.0,3.9,1.9,27.2,-8.7,37.6,0,0,40.8,1,1,13086,1,1955,2529,2693,8439,6818,11134,3944,8050,8065,8186,8652,14069,12706,7783,4113,12854,8263,8176,7492,13350,3110,17301,9287,2246,150,6331,1,37:04
2024-25,1642272,Jared McCain,Jared,1610612755,PHI,Philadelphia 76ers,0022400167,2024-11-04T00:00:00,PHI @ PHX,L,2.9833333333333334,12.1,24.1,0.5,12.1,12.1,1.0,0.0,0.0,0.0,0.0,12.1,12.1,12.1,0.0,0.0,0.0,0.0,0.0,0.0,36.2,-36.2,68.8,0,0,72.4,1,13222,1,13222,24995,1482,1026,8526,132,1746,1,13505,14344,13505,14058,1316,3434,703,16469,12854,8263,8846,20257,17725,793,24541,490,2246,150,270,1,2:59
2024-25,201599,DeAndre Jordan,DeAndre,1610612743,DEN,Denver Nuggets,0022400166,2024-11-04T00:00:00,DEN vs. TOR,W,6.15,5.9,5.9,1.0,0.0,0.0,0.0,0.0,0.0,0.0,5.9,17.6,23.4,5.9,5.9,0.0,5.9,0.0,5.9,5.9,11.7,17.6,60.3,0,0,52.7,1,1,13086,1,23541,11936,22752,1,15070,20945,15070,13505,14344,13505,1703,290,249,5753,1500,12854,336,8846,3135,2810,16441,4721,1158,2246,150,1878,1,6:09
2024-25,1630625,Dalano Banton,Dalano,1610612757,POR,Portland Trail Blazers,0022400164,2024-11-04T00:00:00,POR @ NOP,W,12.0,24.0,27.0,0.889,6.0,9.0,0.667,6.0,6.0,1.0,0.0,3.0,3.0,3.0,3.0,6.0,0.0,0.0,0.0,3.0,60.0,63.0,83.1,0,0,84.0,1,1,13086,1,21228,78,499,1318,1297,4827,1957,2855,4464,1,14058,16717,19729,12925,6468,465,8263,8846,20257,9236,89,317,153,2246,150,122,1,12:00
2024-25,1629632,Coby White,Coby,1610612741,CHI,Chicago Bulls,0022400160,2024-11-04T00:00:00,CHI vs. UTA,L,34.28333333333333,10.5,20.0,0.526,6.3,9.5,0.667,2.1,2.1,1.0,0.0,4.2,4.2,6.3,3.2,2.1,0.0,0.0,4.2,2.1,29.4,-4.2,47.0,0,0,50.4,1,13222,1,13222,4024,2713,3004,8379,1114,4182,1957,10292,12420,1,14058,13120,16806,5016,5983,5783,8263,8846,6556,12608,2298,15180,4299,2246,150,2419,1,34:17
2024-25,202685,Jonas Valančiūnas,Jonas,1610612764,WAS,Washington Wizards,0022400155,2024-11-04T00:00:00,WAS vs. GSW,L,21.416666666666668,10.1,16.8,0.6,0.0,0.0,0.0,6.7,6.7,1.0,5.0,15.1,20.2,11.8,1.7,0.0,0.0,1.7,1.7,5.0,26.9,-3.4,67.1,1,0,58.8,1,13222,1,13222,14979,3129,6026,5394,15070,20945,15070,2219,3632,1,2336,543,504,774,12002,12854,8263,4195,16596,4032,3254,14743,567,1,150,932,1,21:25
2024-25,1630162,Anthony Edwards,Anthony,1610612750,MIN,Minnesota Timberwolves,0022400162,2024-11-04T00:00:00,MIN vs. CHA,W,29.083333333333332,7.4,13.6,0.545,5.0,7.4,0.667,6.2,8.7,0.714,0.0,6.2,6.2,1.2,1.2,1.2,0.0,0.0,1.2,7.4,26.0,11.1,37.8,0,0,40.8,1,1,13086,1,8609,7941,10803,7695,2336,7547,1957,2684,2080,9244,14058,7915,11845,18889,14176,9883,8263,8846,18337,1366,3687,7170,9190,2246,150,6299,1,29:05
2024-25,1628401,Derrick White,Derrick,1610612738,BOS,Boston Celtics,0022400157,2024-11-04T00:00:00,BOS @ ATL,W,29.316666666666666,9.8,19.6,0.5,4.9,11.1,0.444,1.2,2.5,0.5,2.5,4.9,7.4,7.4,3.7,2.5,1.2,0.0,3.7,1.2,25.8,38.1,53.0,0,0,52.8,1,1,13086,1,8382,3437,3228,8526,2387,2441,7211,12508,11324,10625,6761,11127,9440,3550,4591,4519,6004,8846,8149,16252,3781,1112,2437,2246,150,1851,1,29:19
2024-25,1628369,Jayson Tatum,Jayson,1610612738,BOS,Boston Celtics,0022400157,2024-11-04T00:00:00,BOS @ ATL,W,30.483333333333334,11.8,24.8,0.476,7.1,16.5,0.429,2.4,3.5,0.667,0.0,7.1,7.1,10.6,1.2,2.4,0.0,0.0,0.0,4.7,33.1,31.9,63.4,0,0,62.6,1,1,13086,1,7334,1651,876,12010,729,453,7394,9420,8806,9425,14058,6206,9984,1153,14575,4827,8263,8846,20257,4675,1305,1748,843,2246,150,608,1,30:29
2024-25,1630188,Jalen Smith,Jalen,1610612741,CHI,Chicago Bulls,0022400160,2024-11-04T00:00:00,CHI vs. UTA,L,15.116666666666667,7.1,21.4,0.333,4.8,11.9,0.4,0.0,0.0,0.0,4.8,2.4,7.1,2.4,0.0,2.4,2.4,0.0,7.1,0.0,19.1,-14.3,45.5,0,0,42.9,1,13222,1,13222,19484,8591,2075,17395,2615,1828,7874,13505,14344,13505,2603,18534,9863,14940,16469,4759,2590,8846,1862,17725,8798,19613,4945,2246,150,5210,1,15:07
2024-25,1631172,Ousmane Dieng,Ousmane,1610612760,OKC,Oklahoma City Thunder,0022400163,2024-11-04T00:00:00,OKC vs. ORL,W,8.4,0.0,12.9,0.0,0.0,4.3,0.0,0.0,0.0,0.0,0.0,17.1,17.1,8.6,0.0,8.6,0.0,4.3,0.0,0.0,0.0,-8.6,59.1,0,0,42.9,1,1,13086,1,22661,22635,12122,22635,15070,14951,15070,13505,14344,13505,14058,319,1086,2364,16469,174,8263,551,20257,17725,23200,17213,1308,2246,150,5218,1,8:24
2024-25,1641744,Zach Edey,Zach,1610612763,MEM,Memphis Grizzlies,0022400158,2024-11-04T00:00:00,MEM @ BKN,L,28.683333333333334,13.8,15.1,0.917,1.3,1.3,1.0,2.5,5.0,0.5,6.3,8.8,15.1,1.3,2.5,0.0,5.0,0.0,1.3,2.5,31.4,6.3,63.9,1,0,59.0,1,13222,1,13222,8938,758,8500,1287,13066,20553,1,9020,5883,10625,1488,3742,1749,18825,8203,12854,510,8846,18245,10957,1673,9483,794,1,150,919,1,28:41
2024-25,1630175,Cole Anthony,Cole,1610612753,ORL,Orlando Magic,0022400163,2024-11-04T00:00:00,ORL @ OKC,L,3.1666666666666665,0.0,22.7,0.0,0.0,11.4,0.0,0.0,0.0,0.0,0.0,22.7,22.7,11.4,0.0,11.4,0.0,0.0,0.0,0.0,0.0,11.4,78.4,0,0,56.8,1,13222,1,13222,24913,22635,1473,22635,15070,2197,15070,13505,14344,13505,14058,106,276,875,16469,81,8263,8846,20257,17725,23200,7067,231,2246,150,1178,1,3:10
2024-25,1629675,Naz Reid,Naz,1610612750,MIN,Minnesota Timberwolves,0022400162,2024-11-04T00:00:00,MIN vs. CHA,W,25.983333333333334,12.5,18.0,0.692,6.9,9.7,0.714,2.8,2.8,1.0,2.8,9.7,12.5,2.8,1.4,1.4,1.4,0.0,4.2,1.4,34.6,45.7,60.7,0,0,62.3,1,1,13086,1,11176,1265,4656,3171,786,3849,1861,8409,10556,1,5926,2823,3146,13684,13372,8979,5289,8846,6677,15512,1020,676,1111,2246,150,623,1,25:59
2024-25,1628389,Bam Adebayo,Bam,1610612748,MIA,Miami Heat,0022400159,2024-11-04T00:00:00,MIA vs. SAC,L,35.96,7.0,15.0,0.467,0.0,1.0,0.0,2.0,5.0,0.4,3.0,5.0,8.0,5.0,0.0,3.0,4.0,1.0,1.0,7.0,16.0,-3.0,54.2,0,0,43.0,1,13222,1,13222,2711,8914,8586,12249,15070,20861,15070,10639,5910,13061,5324,10873,8254,7463,16469,3133,914,7913,19705,1661,11906,14570,2166,2246,150,5117,1,35:58
2024-25,1630169,Tyrese Haliburton,Tyrese,1610612754,IND,Indiana Pacers,0022400165,2024-11-04T00:00:00,IND @ DAL,W,35.538333333333334,10.1,16.2,0.625,2.0,8.1,0.25,3.0,6.1,0.5,0.0,4.1,4.1,12.2,2.0,2.0,1.0,0.0,1.0,5.1,25.3,9.1,55.5,1,0,49.6,1,1,13086,1,3042,3083,6827,4899,10041,6281,11902,7696,4373,10625,14058,13571,17186,687,10399,6139,7403,8846,19626,3986,4042,8125,1892,1,150,2629,1,35:32
2024-25,1630598,Aaron Wiggins,Aaron,1610612760,OKC,Oklahoma City Thunder,0022400163,2024-11-04T00:00:00,OKC vs. ORL,W,17.416666666666668,8.3,18.6,0.444,2.1,6.2,0.333,4.1,4.1,1.0,4.1,6.2,10.3,2.1,0.0,6.2,0.0,2.1,2.1,2.1,22.7,16.5,56.8,0,0,49.6,1,1,13086,1,17986,6046,4117,13045,9831,10198,9209,5468,7559,1,3390,7892,5082,16127,16469,427,8263,3007,14769,12775,5667,5058,1669,2246,150,2637,1,17:25
2024-25,1641998,Trey Jemison III,Trey,1610612740,NOP,New Orleans Pelicans,0022400164,2024-11-04T00:00:00,NOP vs. POR,L,1.8833333333333333,19.1,19.1,1.0,0.0,0.0,0.0,0.0,0.0,0.0,19.1,0.0,19.1,19.1,0.0,0.0,0.0,0.0,0.0,0.0,38.2,0.0,89.8,0,0,76.5,1,13222,1,13222,25524,167,3648,1,15070,20945,15070,13505,14344,13505,65,22137,666,106,16469,12854,8263,8846,20257,17725,584,12240,100,2246,150,208,1,1:53
2024-25,201935,James Harden,James,1610612746,LAC,LA Clippers,0022400168,2024-11-04T00:00:00,LAC vs. SAS,W,33.333333333333336,6.5,10.8,0.6,3.2,5.4,0.6,2.2,4.3,0.5,2.2,6.5,8.6,4.3,2.2,1.1,3.2,1.1,3.2,4.3,18.4,-13.0,46.0,0,0,43.2,1,1,13086,1,4870,10231,15695,5394,5849,12211,2992,10079,7164,10625,7720,7353,7244,9076,9684,11194,1437,7224,9693,5536,9456,19114,4744,2246,150,5044,1,33:20
2024-25,1628371,Jonathan Isaac,Jonathan,1610612753,ORL,Orlando Magic,0022400163,2024-11-04T00:00:00,ORL @ OKC,L,10.998333333333333,3.3,9.8,0.333,0.0,6.5,0.0,6.5,6.5,1.0,3.3,0.0,3.3,0.0,3.3,0.0,0.0,0.0,3.3,3.3,13.1,-68.7,13.7,0,0,16.4,1,13222,1,13222,21712,18822,17364,17395,15070,9435,15070,2361,3836,1,4799,22137,19056,19908,5588,12854,8263,8846,9555,8332,14989,25866,23564,2246,150,22559,1,10:60
2024-25,1629611,Terance Mann,Terance,1610612746,LAC,LA Clippers,0022400168,2024-11-04T00:00:00,LAC vs. SAS,W,19.333333333333332,3.7,7.4,0.5,1.9,3.7,0.5,0.0,0.0,0.0,0.0,3.7,3.7,1.9,0.0,0.0,0.0,1.9,1.9,0.0,9.3,-37.2,16.6,0,0,16.8,1,1,13086,1,16552,17764,20996,8526,10817,16152,3944,13505,14344,13505,14058,14551,18004,16885,16469,12854,8263,3702,15878,17725,18800,24636,22631,2246,150,22403,1,19:20
2024-25,1631169,Josh Minott,Josh,1610612750,MIN,Minnesota Timberwolves,0022400162,2024-11-04T00:00:00,MIN vs. CHA,W,8.416666666666666,0.0,0.0,0.0,0.0,0.0,0.0,4.3,8.6,0.5,0.0,4.3,4.3,0.0,4.3,0.0,4.3,0.0,4.3,8.6,4.3,-29.9,18.0,0,0,17.1,1,1,13086,1,22656,22635,24836,22635,15070,20945,15070,5201,2150,10625,14058,12871,16591,19908,3364,12854,766,8846,6351,802,22419,23726,22106,2246,150,22256,1,8:25
2024-25,1627780,Gary Payton II,Gary,1610612744,GSW,Golden State Warriors,0022400155,2024-11-04T00:00:00,GSW @ WAS,W,16.398333333333333,6.6,6.6,1.0,0.0,0.0,0.0,0.0,0.0,0.0,2.2,4.4,6.6,6.6,2.2,0.0,0.0,0.0,4.4,0.0,13.2,8.8,28.8,0,0,26.3,1,1,13086,1,18661,9965,22027,1,15070,20945,15070,13505,14344,13505,7598,12549,10984,4582,9526,12854,8263,8846,6039,17725,14909,8289,15672,2246,150,16670,1,16:24
2024-25,1631097,Bennedict Mathurin,Bennedict,1610612754,IND,Indiana Pacers,0022400165,2024-11-04T00:00:00,IND @ DAL,W,31.8,7.9,14.7,0.538,1.1,4.5,0.25,1.1,3.4,0.333,0.0,7.9,7.9,3.4,0.0,1.1,0.0,0.0,3.4,4.5,18.1,14.7,36.1,0,0,32.8,1,1,13086,1,6154,6803,9025,7978,13751,14359,11902,12807,9099,13132,14058,4816,8415,11696,16469,10742,8263,8846,9090,5072,9720,5734,10291,2246,150,11781,1,31:48
2024-25,1630539,Kai Jones,Kai,1610612746,LAC,LA Clippers,0022400168,2024-11-04T00:00:00,LAC vs. SAS,W,4.233333333333333,0.0,0.0,0.0,0.0,0.0,0.0,0.0,0.0,0.0,0.0,0.0,0.0,0.0,0.0,0.0,8.5,0.0,0.0,0.0,0.0,-76.5,25.5,0,0,17.0,1,1,13086,1,24363,22635,24836,22635,15070,20945,15070,13505,14344,13505,14058,22137,23286,19908,16469,12854,125,8846,20257,17725,23200,25972,17930,2246,150,22301,1,4:14
2024-25,1626172,Kevon Looney,Kevon,1610612744,GSW,Golden State Warriors,0022400155,2024-11-04T00:00:00,GSW @ WAS,W,17.966666666666665,4.0,12.0,0.333,0.0,0.0,0.0,0.0,0.0,0.0,10.0,10.0,20.0,4.0,0.0,0.0,0.0,0.0,6.0,0.0,8.0,0.0,38.1,0,0,32.1,1,1,13086,1,17583,17072,13546,17395,15070,20945,15070,13505,14344,13505,402,2571,523,9915,16469,12854,8263,8846,2926,17725,19910,12240,8982,2246,150,12337,1,17:58
2024-25,1629023,P.J. Washington,P.J.,1610612742,DAL,Dallas Mavericks,0022400165,2024-11-04T00:00:00,DAL vs. IND,L,34.85166666666667,3.1,11.4,0.273,0.0,5.2,0.0,2.1,4.1,0.5,1.0,10.3,11.4,0.0,2.1,0.0,3.1,0.0,2.1,2.1,8.3,-6.2,29.1,0,0,25.8,1,13222,1,13222,3580,19202,14733,20048,15070,12788,15070,10420,7564,10625,13002,2332,4084,19908,10181,12854,1572,8846,14779,12779,19685,16157,15407,2246,150,17052,1,34:51
2024-25,1641783,Tristan da Silva,Tristan,1610612753,ORL,Orlando Magic,0022400163,2024-11-04T00:00:00,ORL @ OKC,L,33.785,4.3,12.8,0.333,1.1,4.3,0.25,0.0,0.0,0.0,0.0,3.2,3.2,2.1,1.1,0.0,0.0,1.1,2.1,0.0,9.6,4.3,15.6,0,0,16.0,1,13222,1,13222,4447,16424,12239,17395,14162,14992,11902,13505,14344,13505,14058,16101,19247,15892,15383,12854,8263,7363,14464,17725,18549,10512,23008,2246,150,22715,1,33:47
2024-25,1630552,Jalen Johnson,Jalen,1610612737,ATL,Atlanta Hawks,0022400157,2024-11-04T00:00:00,ATL vs. BOS,L,30.583333333333332,8.2,23.5,0.35,2.4,8.2,0.286,4.7,5.9,0.8,2.4,10.6,12.9,4.7,7.1,1.2,0.0,3.5,0.0,3.5,23.5,-40.0,42.6,1,0,45.9,1,13222,1,13222,7243,6113,1214,17337,8648,6017,11433,4500,4629,7681,7073,2153,2834,8169,864,10370,8263,893,20257,7581,5099,24840,6302,1,150,3854,1,30:35
2024-25,1630581,Josh Giddey,Josh,1610612741,CHI,Chicago Bulls,0022400160,2024-11-04T00:00:00,CHI vs. UTA,L,30.016666666666666,6.0,13.2,0.455,1.2,4.8,0.25,4.8,6.0,0.8,0.0,2.4,2.4,8.4,3.6,1.2,0.0,2.4,0.0,3.6,18.0,-21.6,33.5,0,0,32.4,1,13222,1,13222,7767,11533,11493,12676,13368,13715,11902,4350,4487,7681,14058,18487,21008,2514,4782,10177,8263,2224,20257,7394,9852,21989,12217,2246,150,12079,1,30:01
2024-25,1627742,Brandon Ingram,Brandon,1610612740,NOP,New Orleans Pelicans,0022400164,2024-11-04T00:00:00,NOP vs. POR,L,33.45,11.8,25.8,0.458,1.1,8.6,0.125,4.3,5.4,0.8,0.0,5.4,5.4,7.5,4.3,1.1,0.0,2.2,3.2,5.4,29.1,-10.8,45.7,0,0,45.2,1,13222,1,13222,4768,1627,673,12650,14090,5407,14886,5140,5340,7681,14058,9826,13854,3356,3317,11226,8263,2761,9745,3505,2409,18215,4845,2246,150,4155,1,33:27
2024-25,202709,Cory Joseph,Cory,1610612753,ORL,Orlando Magic,0022400163,2024-11-04T00:00:00,ORL @ OKC,L,3.216666666666667,11.2,22.4,0.5,11.2,22.4,0.5,0.0,0.0,0.0,0.0,0.0,0.0,0.0,0.0,0.0,0.0,0.0,11.2,0.0,33.6,11.2,33.6,0,0,44.8,1,13222,1,13222,24884,2102,1640,8526,151,161,3944,13505,14344,13505,14058,22137,23286,19908,16469,12854,8263,8846,514,17725,1202,7142,12132,2246,150,4361,1,3:13
2024-25,1630230,Naji Marshall,Naji,1610612742,DAL,Dallas Mavericks,0022400165,2024-11-04T00:00:00,DAL vs. IND,L,33.71666666666667,8.5,9.6,0.889,2.1,2.1,1.0,2.1,2.1,1.0,1.1,4.3,5.3,6.4,0.0,1.1,0.0,0.0,2.1,3.2,21.4,5.3,40.6,0,0,37.4,1,13222,1,13222,4521,5544,17751,1318,9524,19300,1,10186,12305,1,12732,12893,13941,4848,16469,11309,8263,8846,14427,8554,6769,9924,7415,2246,150,8452,1,33:43
2024-25,1641733,Nick Smith Jr.,Nick,1610612766,CHA,Charlotte Hornets,0022400162,2024-11-04T00:00:00,CHA @ MIN,L,8.416666666666666,4.3,12.8,0.333,4.3,8.6,0.5,0.0,0.0,0.0,0.0,0.0,0.0,0.0,4.3,4.3,0.0,0.0,0.0,0.0,12.8,29.9,21.4,0,0,25.7,1,13222,1,13222,22656,16379,12156,17395,3431,5490,3944,13505,14344,13505,14058,22137,23286,19908,3364,1390,8263,8846,20257,17725,15257,1970,20476,2246,150,17163,1,8:25
2024-25,200768,Kyle Lowry,Kyle,1610612755,PHI,Philadelphia 76ers,0022400167,2024-11-04T00:00:00,PHI @ PHX,L,27.766666666666666,6.5,10.4,0.625,3.9,7.8,0.5,0.0,0.0,0.0,2.6,0.0,2.6,9.1,0.0,1.3,1.3,0.0,1.3,0.0,16.9,-6.5,41.4,0,0,37.6,1,13222,1,13222,9742,10226,16430,4899,4220,6840,3944,13505,14344,13505,6367,22137,20649,1955,16469,9475,5664,8846,18045,17725,11006,16284,6959,2246,150,8295,1,27:46
2024-25,1642349,Ajay Mitchell,Ajay,1610612760,OKC,Oklahoma City Thunder,0022400163,2024-11-04T00:00:00,OKC vs. ORL,W,12.416666666666666,5.8,11.6,0.5,0.0,2.9,0.0,0.0,0.0,0.0,0.0,2.9,2.9,2.9,2.9,0.0,0.0,0.0,0.0,0.0,11.6,-5.8,16.5,0,0,17.4,1,1,13086,1,21035,12115,14310,8526,15070,17868,15070,13505,14344,13505,14058,17087,19997,13276,6845,12854,8263,8846,20257,17725,16573,15968,22653,2246,150,22133,1,12:25
2024-25,1630553,Keon Johnson,Keon,1610612751,BKN,Brooklyn Nets,0022400158,2024-11-04T00:00:00,BKN vs. MEM,W,20.5,3.5,12.3,0.286,3.5,5.3,0.667,0.0,0.0,0.0,0.0,7.0,7.0,5.3,3.5,0.0,0.0,3.5,8.8,0.0,10.5,-8.8,23.4,0,0,26.3,1,1,13086,1,15638,18298,13090,19630,5120,12545,1957,13505,14344,13505,14058,6318,10108,6893,4984,12854,8263,904,1033,17725,17622,17319,19338,2246,150,16678,1,20:30
2024-25,1626179,Terry Rozier,Terry,1610612748,MIA,Miami Heat,0022400159,2024-11-04T00:00:00,MIA vs. SAC,L,30.066666666666666,3.6,7.2,0.5,3.6,7.2,0.5,1.2,2.4,0.5,0.0,6.0,6.0,4.8,2.4,0.0,0.0,0.0,2.4,3.6,12.0,7.2,23.9,0,0,26.3,1,13222,1,13222,7724,18101,21336,8526,4937,8073,3944,12600,11501,10625,14058,8362,12318,7944,8679,12854,8263,8846,13233,7412,16170,9053,18993,2246,150,16678,1,30:04
2024-25,201572,Brook Lopez,Brook,1610612749,MIL,Milwaukee Bucks,0022400154,2024-11-04T00:00:00,MIL @ CLE,L,35.72833333333333,6.0,12.1,0.5,1.0,5.0,0.2,0.0,0.0,0.0,1.0,5.0,6.0,0.0,1.0,4.0,2.0,0.0,1.0,0.0,13.1,-2.0,37.5,0,0,32.2,1,13222,1,13222,2883,11383,13432,8526,14503,13110,13429,13505,14344,13505,13202,10764,12175,19908,15795,1604,3444,8846,19664,17725,14982,14053,9355,2246,150,12167,1,35:44
2024-25,1631157,Ryan Rollins,Ryan,1610612749,MIL,Milwaukee Bucks,0022400154,2024-11-04T00:00:00,MIL @ CLE,L,6.71,5.4,10.7,0.5,0.0,0.0,0.0,0.0,0.0,0.0,5.4,10.7,16.1,5.4,0.0,0.0,0.0,0.0,5.4,0.0,10.7,37.6,38.1,0,0,32.2,1,13222,1,13222,23281,13356,15837,8526,15070,20945,15070,13505,14344,13505,2032,2060,1393,6700,16469,12854,8263,8846,3902,17725,17447,1156,8968,2246,150,12224,1,6:43
2024-25,1642264,Stephon Castle,Stephon,1610612759,SAS,San Antonio Spurs,0022400168,2024-11-04T00:00:00,SAS @ LAC,L,19.928333333333335,7.2,18.1,0.4,0.0,5.4,0.0,5.4,7.2,0.75,1.8,5.4,7.2,1.8,1.8,0.0,1.8,3.6,0.0,7.2,19.9,-23.5,34.9,0,0,32.5,1,13222,1,13222,16081,8390,4603,14933,15070,12166,15070,3512,3148,8186,9216,9737,9694,17065,11525,12854,4045,839,20257,1493,8018,22460,11142,2246,150,11984,1,19:56
2024-25,1630568,Luka Garza,Luka,1610612750,MIN,Minnesota Timberwolves,0022400162,2024-11-04T00:00:00,MIN vs. CHA,W,6.883333333333334,5.2,10.5,0.5,0.0,0.0,0.0,0.0,0.0,0.0,0.0,15.7,15.7,0.0,10.5,0.0,0.0,0.0,5.2,5.2,10.5,-36.6,18.8,0,0,26.2,1,1,13086,1,23215,13730,16290,8526,15070,20945,15070,13505,14344,13505,14058,470,1523,19908,298,12854,8263,8846,4145,3727,17701,24575,21745,2246,150,16834,1,6:53
2024-25,203497,Rudy Gobert,Rudy,1610612750,MIN,Minnesota Timberwolves,0022400162,2024-11-04T00:00:00,MIN vs. CHA,W,29.85,4.8,6.0,0.8,0.0,0.0,0.0,0.0,0.0,0.0,2.4,7.2,9.6,4.8,1.2,0.0,1.2,0.0,2.4,1.2,9.6,18.1,30.9,0,0,26.5,1,1,13086,1,7920,14874,22567,1688,15070,20945,15070,13505,14344,13505,6880,5936,5874,7848,14393,12854,6131,8846,13140,16371,18494,4532,14144,2246,150,16514,1,29:51
2024-25,1629008,Michael Porter Jr.,Michael,1610612743,DEN,Denver Nuggets,0022400166,2024-11-04T00:00:00,DEN vs. TOR,W,36.25,7.0,15.9,0.438,3.0,9.9,0.3,2.0,3.0,0.667,4.0,5.0,8.9,3.0,2.0,1.0,1.0,0.0,2.0,1.0,18.9,1.0,38.0,0,0,37.7,1,1,13086,1,2502,9044,7287,13558,6590,3578,11319,10698,10026,9425,3633,10974,6841,13001,10584,12015,7518,8846,15227,17422,8974,12160,9007,2246,150,8206,1,36:15
2024-25,1630544,Tre Mann,Tre,1610612766,CHA,Charlotte Hornets,0022400162,2024-11-04T00:00:00,CHA @ MIN,L,20.99,6.9,13.7,0.5,0.0,0.0,0.0,3.4,3.4,1.0,1.7,5.1,6.9,10.3,1.7,1.7,0.0,1.7,5.1,3.4,17.2,-49.7,44.2,0,0,37.7,1,13222,1,13222,15302,9271,10617,8526,15070,20945,15070,6833,9029,1,9523,10436,10411,1289,11862,7557,8263,4107,4289,7868,10680,25388,5540,2246,150,8208,1,20:59
2024-25,202691,Klay Thompson,Klay,1610612742,DAL,Dallas Mavericks,0022400165,2024-11-04T00:00:00,DAL vs. IND,L,33.9,6.4,12.7,0.5,4.2,8.5,0.5,0.0,0.0,0.0,0.0,2.1,2.1,3.2,2.1,0.0,0.0,1.1,0.0,0.0,17.0,-14.9,22.2,0,0,26.5,1,13222,1,13222,4348,10505,12305,8526,3488,5591,3944,13505,14344,13505,14058,19293,21565,12371,9882,12854,8263,7383,20257,17725,10855,19856,20029,2246,150,16504,1,33:54
2024-25,203076,Anthony Davis,Anthony,1610612747,LAL,Los Angeles Lakers,0022400156,2024-11-04T00:00:00,LAL @ DET,L,39.0,12.0,21.2,0.565,0.0,3.7,0.0,10.2,12.9,0.786,0.9,7.4,8.3,3.7,2.8,0.0,0.0,0.0,1.8,8.3,34.2,-0.9,46.9,0,0,46.2,1,13222,1,13222,882,1516,2191,7102,15070,16234,15070,659,597,8082,13818,5707,7753,10805,7322,12854,8263,8846,15960,892,1099,13480,4353,2246,150,3758,1,39:00
2024-25,1629048,Goga Bitadze,Goga,1610612753,ORL,Orlando Magic,0022400163,2024-11-04T00:00:00,ORL @ OKC,L,26.733333333333334,6.7,10.8,0.625,0.0,1.3,0.0,1.3,2.7,0.5,4.0,8.1,12.1,5.4,1.3,1.3,1.3,0.0,2.7,5.4,14.8,0.0,44.2,0,0,37.7,1,13222,1,13222,10540,9614,15745,4899,15070,20441,15070,12180,10766,10625,3549,4594,3408,6655,13587,9206,5461,8846,12066,3498,13105,12240,5593,2246,150,8220,1,26:44
2024-25,1642346,Ryan Dunn,Ryan,1610612756,PHX,Phoenix Suns,0022400167,2024-11-04T00:00:00,PHX vs. PHI,W,10.453333333333333,0.0,10.3,0.0,0.0,10.3,0.0,0.0,0.0,0.0,0.0,13.8,13.8,3.4,0.0,0.0,0.0,0.0,3.4,0.0,0.0,-55.1,21.7,0,0,17.2,1,1,13086,1,21936,22635,16505,22635,15070,3125,15070,13505,14344,13505,14058,809,2347,11574,16469,12854,8263,8846,8921,17725,23200,25567,20322,2246,150,22207,1,10:27
2024-25,1631098,Johnny Davis,Johnny,1610612764,WAS,Washington Wizards,0022400155,2024-11-04T00:00:00,WAS vs. GSW,L,8.251666666666667,13.1,13.1,1.0,0.0,0.0,0.0,0.0,0.0,0.0,0.0,0.0,0.0,0.0,4.4,0.0,0.0,0.0,13.1,0.0,26.2,-17.5,21.8,0,0,26.2,1,13222,1,13222,22721,992,11695,1,15070,20945,15070,13505,14344,13505,14058,22137,23286,19908,3205,12854,8263,8846,337,17725,3594,20767,20255,2246,150,16814,1,8:15
2024-25,201142,Kevin Durant,Kevin,1610612756,PHX,Phoenix Suns,0022400167,2024-11-04T00:00:00,PHX vs. PHI,W,38.55,13.1,18.7,0.7,1.9,4.7,0.4,4.7,4.7,1.0,0.0,3.7,3.7,5.6,2.8,0.0,0.9,0.0,1.9,5.6,32.7,8.4,45.6,0,0,45.8,1,1,13086,1,1087,1004,4044,3045,10790,14038,7874,4559,6545,1,14058,14512,17974,6243,7208,12854,7929,8846,15845,3188,1387,8437,4908,2246,150,3906,1,38:33
2024-25,1630215,Jared Butler,Jared,1610612764,WAS,Washington Wizards,0022400155,2024-11-04T00:00:00,WAS vs. GSW,L,7.868333333333333,13.7,18.3,0.75,0.0,4.6,0.0,4.6,4.6,1.0,0.0,0.0,0.0,13.7,0.0,0.0,0.0,0.0,0.0,9.2,32.0,0.0,52.6,0,0,45.8,1,13222,1,13222,22855,781,4377,2107,15070,14254,15070,4727,6703,1,14058,22137,23286,417,16469,12854,8263,8846,20257,608,1524,12240,2556,2246,150,3910,1,7:52
2024-25,1630241,Sam Merrill,Sam,1610612739,CLE,Cleveland Cavaliers,0022400154,2024-11-04T00:00:00,CLE vs. MIL,W,27.31,6.6,13.2,0.5,2.6,7.9,0.333,0.0,0.0,0.0,0.0,6.6,6.6,2.6,2.6,2.6,0.0,1.3,1.3,0.0,15.8,-14.5,33.0,0,0,33.0,1,1,13086,1,10096,9957,11516,8526,7723,6610,9209,13505,14344,13505,14058,7123,10972,14095,7750,4053,8263,5564,17965,17725,12102,19708,12620,2246,150,11684,1,27:19
2024-25,203110,Draymond Green,Draymond,1610612744,GSW,Golden State Warriors,0022400155,2024-11-04T00:00:00,GSW @ WAS,W,28.883333333333333,6.2,8.7,0.714,3.7,5.0,0.75,6.2,8.7,0.714,1.2,8.7,10.0,6.2,2.5,0.0,1.2,1.2,2.5,6.2,22.4,13.7,45.0,0,0,44.9,1,1,13086,1,8775,10883,19144,2752,4600,13233,1542,2650,2032,9244,11498,3805,5459,5109,8272,12854,5911,5950,12827,2350,5898,6121,5184,2246,150,4324,1,28:53
2024-25,1629639,Tyler Herro,Tyler,1610612748,MIA,Miami Heat,0022400159,2024-11-04T00:00:00,MIA vs. SAC,L,33.765,9.6,19.2,0.5,5.3,11.7,0.455,4.3,5.3,0.8,0.0,6.4,6.4,3.2,4.3,0.0,1.1,0.0,2.1,4.3,28.8,-6.4,40.2,0,0,45.8,1,13222,1,13222,4476,3736,3601,8526,1926,1941,7148,5229,5418,7681,14058,7511,11408,12326,3391,12854,7021,8846,14447,5686,2499,16245,7641,2246,150,3879,1,33:46
2024-25,1629674,Neemias Queta,Neemias,1610612738,BOS,Boston Celtics,0022400157,2024-11-04T00:00:00,BOS @ ATL,W,23.183333333333334,6.2,10.9,0.571,0.0,0.0,0.0,3.1,3.1,1.0,3.1,7.8,10.9,0.0,0.0,1.6,1.6,0.0,3.1,1.6,15.5,48.1,37.9,0,0,32.6,1,1,13086,1,13567,10942,15565,6538,15070,20945,15070,7528,9708,1,5124,5059,4535,19908,16469,8183,4698,8846,10257,14790,12394,601,9092,2246,150,11932,1,23:11
2024-25,1642262,Cody Williams,Cody,1610612762,UTA,Utah Jazz,0022400160,2024-11-04T00:00:00,UTA @ CHI,W,29.9,6.0,9.6,0.625,0.0,1.2,0.0,1.2,4.8,0.25,2.4,3.6,6.0,4.8,0.0,1.2,0.0,0.0,1.2,3.6,13.2,19.3,31.3,0,0,26.5,1,1,13086,1,7869,11451,17708,4899,15070,20619,15070,12572,6265,13358,6891,14889,12228,7878,16469,10139,8263,8846,18514,7360,14819,4180,13821,2246,150,16548,1,29:54
2024-25,1629027,Trae Young,Trae,1610612737,ATL,Atlanta Hawks,0022400157,2024-11-04T00:00:00,ATL vs. BOS,L,23.25,1.5,15.5,0.1,0.0,9.3,0.0,0.0,0.0,0.0,0.0,0.0,0.0,9.3,4.6,1.5,0.0,0.0,3.1,0.0,3.1,-43.4,17.0,0,0,15.5,1,13222,1,13222,13513,22116,7844,22561,15070,4391,15070,13505,14344,13505,14058,22137,23286,1813,2788,8205,8263,8846,10282,17725,22927,25087,22472,2246,150,22889,1,23:15
2024-25,1630245,Ayo Dosunmu,Ayo,1610612741,CHI,Chicago Bulls,0022400160,2024-11-04T00:00:00,CHI vs. UTA,L,34.8,9.3,13.4,0.692,0.0,2.1,0.0,7.2,7.2,1.0,3.1,2.1,5.2,5.2,1.0,0.0,1.0,0.0,2.1,4.1,25.9,2.1,41.9,0,0,38.3,1,13222,1,13222,3612,4181,11087,3171,15070,19426,15070,1836,3139,1,5129,19452,14335,7084,15606,12854,7241,8846,14758,5963,3745,11590,6668,2246,150,7847,1,34:48
2024-25,203083,Andre Drummond,Andre,1610612755,PHI,Philadelphia 76ers,0022400167,2024-11-04T00:00:00,PHI @ PHX,L,15.05,7.2,12.0,0.6,0.0,0.0,0.0,4.8,4.8,1.0,0.0,12.0,12.0,0.0,12.0,7.2,0.0,0.0,4.8,2.4,19.1,-26.3,43.1,0,0,45.4,1,13222,1,13222,19524,8517,13660,5394,15070,20945,15070,4370,6333,1,14058,1384,3526,19908,205,273,8263,8846,5098,11382,8708,23089,6110,2246,150,4044,1,15:03
2024-25,1631105,Jalen Duren,Jalen,1610612765,DET,Detroit Pistons,0022400156,2024-11-04T00:00:00,DET vs. LAL,W,23.861666666666668,7.5,10.6,0.714,0.0,0.0,0.0,1.5,1.5,1.0,12.1,9.1,21.1,1.5,3.0,1.5,1.5,0.0,7.5,3.0,16.6,9.1,50.2,1,0,45.3,1,1,13086,1,13026,7660,16120,2752,15070,20945,15070,11778,13479,1,238,3456,406,17944,6406,8375,4810,8846,1607,9172,11286,8156,3202,1,150,4120,1,23:52
2024-25,1628998,Cody Martin,Cody,1610612766,CHA,Charlotte Hornets,0022400162,2024-11-04T00:00:00,CHA @ MIN,L,19.031666666666666,3.8,7.6,0.5,0.0,1.9,0.0,3.8,3.8,1.0,0.0,5.7,5.7,1.9,1.9,3.8,0.0,0.0,5.7,3.8,11.3,-47.3,30.5,0,0,26.5,1,13222,1,13222,16801,17610,20839,8526,15070,19756,15070,6121,8292,1,14058,9108,13096,16782,11093,1870,8263,8846,3435,6898,16842,25281,14451,2246,150,16557,1,19:02
2024-25,1630548,Johnny Juzang,Johnny,1610612762,UTA,Utah Jazz,0022400160,2024-11-04T00:00:00,UTA @ CHI,W,18.208333333333332,5.9,11.9,0.5,4.0,9.9,0.4,0.0,0.0,0.0,0.0,2.0,2.0,4.0,0.0,0.0,0.0,0.0,4.0,0.0,15.8,2.0,24.1,0,0,25.7,1,1,13086,1,17437,11703,13847,8526,4087,3626,7874,13505,14344,13505,14058,19737,21846,10054,16469,12854,8263,8846,7267,17725,12105,11636,18860,2246,150,17138,1,18:13
2024-25,204456,T.J. McConnell,T.J.,1610612754,IND,Indiana Pacers,0022400165,2024-11-04T00:00:00,IND @ DAL,W,20.1,10.7,17.9,0.6,0.0,0.0,0.0,0.0,0.0,0.0,1.8,3.6,5.4,3.6,1.8,1.8,1.8,0.0,0.0,0.0,21.5,-9.0,42.3,0,0,37.6,1,1,13086,1,15948,2455,4795,5394,15070,20945,15070,13505,14344,13505,9272,14981,13870,11134,11589,7294,4078,8846,20257,17725,6645,17407,6492,2246,150,8279,1,20:06
2024-25,1631223,David Roddy,David,1610612737,ATL,Atlanta Hawks,0022400157,2024-11-04T00:00:00,ATL vs. BOS,L,29.2,4.9,8.6,0.571,1.2,3.7,0.333,2.5,2.5,1.0,0.0,7.4,7.4,3.7,2.5,0.0,0.0,0.0,1.2,2.5,13.6,4.9,25.5,0,0,25.9,1,13222,1,13222,8496,14601,19302,6538,13185,16212,9209,9149,11300,1,14058,5681,9369,10788,8379,12854,8263,8846,18364,11114,14425,10146,17925,2246,150,17013,1,29:12
2024-25,1642377,Jaylen Wells,Jaylen,1610612763,MEM,Memphis Grizzlies,0022400158,2024-11-04T00:00:00,MEM @ BKN,L,33.028333333333336,3.3,13.1,0.25,0.0,5.4,0.0,0.0,0.0,0.0,1.1,4.4,5.4,3.3,1.1,0.0,1.1,1.1,2.2,3.3,6.5,1.1,20.2,0,0,17.4,1,13222,1,13222,5133,18832,11712,20233,15070,12081,15070,13505,14344,13505,12552,12626,13677,12080,15198,12854,6864,7143,14187,8347,21025,12084,21078,2246,150,22109,1,33:02
2024-25,201950,Jrue Holiday,Jrue,1610612738,BOS,Boston Celtics,0022400157,2024-11-04T00:00:00,BOS @ ATL,W,23.5,10.7,16.9,0.636,3.1,9.2,0.333,0.0,0.0,0.0,0.0,4.6,4.6,3.1,1.5,0.0,1.5,0.0,0.0,1.5,24.5,30.6,37.7,0,0,38.3,1,1,13086,1,13305,2486,5979,4689,6311,4544,9209,13505,14344,13505,14058,11992,15818,12714,12607,12854,4742,8846,20257,14870,4484,1878,9234,2246,150,7824,1,23:30
2024-25,1630192,Zeke Nnaji,Zeke,1610612743,DEN,Denver Nuggets,0022400166,2024-11-04T00:00:00,DEN vs. TOR,W,13.766666666666667,2.6,7.8,0.333,0.0,2.6,0.0,0.0,0.0,0.0,2.6,0.0,2.6,2.6,0.0,0.0,2.6,0.0,0.0,2.6,5.2,-5.2,20.1,0,0,15.7,1,1,13086,1,20322,20254,20483,17395,15070,18420,15070,13505,14344,13505,6309,22137,20612,14166,16469,12854,2204,8846,20257,10591,21892,15711,21089,2246,150,22825,1,13:46
2024-25,203991,Clint Capela,Clint,1610612737,ATL,Atlanta Hawks,0022400157,2024-11-04T00:00:00,ATL vs. BOS,L,16.783333333333335,2.1,6.4,0.333,0.0,0.0,0.0,0.0,0.0,0.0,0.0,10.7,10.7,2.1,2.1,0.0,0.0,2.1,2.1,4.3,4.3,-36.5,18.2,0,0,17.2,1,13222,1,13222,18397,21156,22170,17395,15070,20945,15070,13505,14344,13505,14058,2062,4675,15840,9750,12854,8263,2782,14384,5616,22416,24562,21991,2246,150,22233,1,16:47
2024-25,1642278,Tyler Kolek,Tyler,1610612752,NYK,New York Knicks,0022400161,2024-11-04T00:00:00,NYK @ HOU,L,5.533333333333333,6.5,6.5,1.0,6.5,6.5,1.0,0.0,0.0,0.0,0.0,0.0,0.0,0.0,0.0,0.0,0.0,0.0,0.0,0.0,19.5,-26.0,19.5,0,0,26.0,1,13222,1,13222,23768,10175,22103,1,1002,9531,1,13505,14344,13505,14058,22137,23286,19908,16469,12854,8263,8846,20257,17725,8352,23033,21395,2246,150,16909,1,5:32
2024-25,1627736,Malik Beasley,Malik,1610612765,DET,Detroit Pistons,0022400156,2024-11-04T00:00:00,DET vs. LAL,W,28.483333333333334,2.5,12.6,0.2,1.3,6.3,0.2,2.5,2.5,1.0,1.3,3.8,5.1,1.3,1.3,0.0,0.0,0.0,3.8,1.3,8.8,-7.6,15.5,0,0,16.4,1,1,13086,1,9135,20408,12502,21401,13015,9940,13429,8967,11135,1,11391,14346,14655,18781,14017,12854,8263,8846,7767,16067,19224,16773,23012,2246,150,22537,1,28:29
2024-25,1627732,Ben Simmons,Ben,1610612751,BKN,Brooklyn Nets,0022400151,2024-11-03T00:00:00,BKN vs. DET,L,24.466666666666665,2.9,5.9,0.5,0.0,0.0,0.0,0.0,0.0,0.0,0.0,8.8,8.8,8.8,4.4,1.5,0.0,0.0,2.9,2.9,5.9,-4.4,29.7,0,0,26.5,1,13222,1,13222,12511,19549,22720,8526,15070,20945,15070,13505,14344,13505,14058,3688,6973,2152,3119,8524,8263,8846,10962,9444,21467,15280,15009,2246,150,16554,1,24:28
2024-25,1641730,Noah Clowney,Noah,1610612751,BKN,Brooklyn Nets,0022400151,2024-11-03T00:00:00,BKN vs. DET,L,16.716666666666665,2.2,6.5,0.333,2.2,4.3,0.5,2.2,4.3,0.5,2.2,2.2,4.3,2.2,0.0,0.0,0.0,2.2,4.3,2.2,8.6,-8.6,17.0,0,0,17.2,1,13222,1,13222,18448,21131,22146,17395,9433,14900,3944,10110,7195,10625,7738,19191,16514,15802,16469,12854,8263,2755,6264,12376,19420,17240,22480,2246,150,22202,1,16:43
2024-25,1631105,Jalen Duren,Jalen,1610612765,DET,Detroit Pistons,0022400151,2024-11-03T00:00:00,DET @ BKN,W,33.25,5.4,5.4,1.0,0.0,0.0,0.0,3.2,4.3,0.75,3.2,15.2,18.4,4.3,4.3,1.1,3.2,0.0,3.2,6.5,14.1,6.5,51.3,1,0,45.5,1,1,13086,1,4943,13231,23161,1,15070,20945,15070,7205,7141,8186,4844,538,806,9055,3252,11163,1430,8846,9653,2089,13868,9377,2893,1,150,4023,1,33:15
2024-25,1630175,Cole Anthony,Cole,1610612753,ORL,Orlando Magic,0022400153,2024-11-03T00:00:00,ORL @ DAL,L,14.366666666666667,7.5,15.0,0.5,2.5,5.0,0.5,5.0,10.0,0.5,0.0,7.5,7.5,7.5,2.5,2.5,0.0,2.5,5.0,10.0,22.6,5.0,47.9,0,0,45.1,1,13222,1,13222,19961,7728,8554,8526,8131,13184,3944,4022,1361,10625,14058,5465,9136,3374,8227,4369,8263,2036,4577,413,5822,10104,4020,2246,150,4219,1,14:22
2024-25,1629651,Nic Claxton,Nic,1610612751,BKN,Brooklyn Nets,0022400151,2024-11-03T00:00:00,BKN vs. DET,L,21.933333333333334,3.3,6.6,0.5,0.0,0.0,0.0,6.6,19.7,0.333,0.0,1.6,1.6,8.2,4.9,1.6,0.0,0.0,8.2,11.5,13.1,-18.1,27.4,0,0,26.3,1,13222,1,13222,14543,18798,22048,8526,15070,20945,15070,2352,144,13132,14058,20583,22380,2692,2432,7846,8263,8846,1268,237,14950,20950,16647,2246,150,16745,1,21:56
2024-25,1631323,Simone Fontecchio,Simone,1610612765,DET,Detroit Pistons,0022400151,2024-11-03T00:00:00,DET @ BKN,W,23.916666666666668,1.5,9.0,0.167,1.5,6.0,0.25,6.0,7.5,0.8,3.0,9.0,12.0,1.5,0.0,0.0,0.0,1.5,1.5,4.5,10.5,15.1,27.2,0,0,25.6,1,1,13086,1,12977,22157,18674,21938,12007,10642,11902,2834,2878,7681,5311,3488,3453,17955,16469,12854,8263,4759,17193,5109,17627,5613,16790,2246,150,17218,1,23:55
2024-25,1628464,Daniel Theis,Daniel,1610612740,NOP,New Orleans Pelicans,0022400152,2024-11-03T00:00:00,NOP vs. ATL,L,17.633333333333333,6.1,8.2,0.75,2.0,2.0,1.0,0.0,0.0,0.0,0.0,6.1,6.1,0.0,4.1,2.0,0.0,0.0,4.1,0.0,14.3,6.1,23.7,0,0,26.5,1,13222,1,13222,17841,11153,19993,2107,9955,19475,1,13505,14344,13505,14058,8047,11985,19908,3708,6049,8263,8846,6889,17725,13620,9556,19160,2246,150,16509,1,17:38
2024-25,1629726,Garrison Mathews,Garrison,1610612737,ATL,Atlanta Hawks,0022400152,2024-11-03T00:00:00,ATL @ NOP,W,20.258333333333333,5.3,12.4,0.429,5.3,10.7,0.5,3.6,3.6,1.0,0.0,5.3,5.3,1.8,3.6,0.0,0.0,1.8,7.1,3.6,19.5,-14.2,25.1,0,0,32.0,1,1,13086,1,15817,13464,12837,13735,1924,2821,3944,6595,8779,1,14058,9951,13966,17153,4903,12854,8263,3961,1889,7520,8312,19590,18246,2246,150,12399,1,20:16
2024-25,203484,Kentavious Caldwell-Pope,Kentavious,1610612753,ORL,Orlando Magic,0022400153,2024-11-03T00:00:00,ORL @ DAL,L,26.0,2.8,8.3,0.333,2.8,8.3,0.333,1.4,1.4,1.0,1.4,2.8,4.2,1.4,0.0,0.0,0.0,0.0,4.2,0.0,9.7,-11.1,16.8,0,0,18.0,1,13222,1,13222,11159,19939,19782,17395,7321,5899,9209,12054,13608,1,10818,17508,16928,18392,16469,12854,8263,8846,6683,17725,18446,18349,22577,2246,150,21859,1,26:00
2024-25,1642274,Yves Missi,Yves,1610612740,NOP,New Orleans Pelicans,0022400152,2024-11-03T00:00:00,NOP vs. ATL,L,25.916666666666668,2.8,8.3,0.333,0.0,0.0,0.0,0.0,0.0,0.0,4.2,4.2,8.3,4.2,1.4,1.4,1.4,1.4,0.0,1.4,5.6,-25.0,28.8,0,0,23.6,1,13222,1,13222,11230,19924,19743,17395,15070,20945,15070,13505,14344,13505,3343,13218,7714,9478,13341,8964,5272,5218,20257,15500,21697,22807,15677,2246,150,18602,1,25:55
2024-25,1641842,Ronald Holland II,Ronald,1610612765,DET,Detroit Pistons,0022400151,2024-11-03T00:00:00,DET @ BKN,W,10.333333333333334,0.0,3.5,0.0,0.0,0.0,0.0,0.0,0.0,0.0,0.0,0.0,0.0,3.5,0.0,0.0,0.0,0.0,7.0,0.0,0.0,-24.4,5.2,0,0,3.5,1,1,13086,1,21992,22635,24315,22635,15070,20945,15070,13505,14344,13505,14058,22137,23286,11433,16469,12854,8263,8846,1998,17725,23200,22661,24991,2246,150,25210,1,10:20
2024-25,203915,Spencer Dinwiddie,Spencer,1610612742,DAL,Dallas Mavericks,0022400153,2024-11-03T00:00:00,DAL vs. ORL,W,15.816666666666666,0.0,2.3,0.0,0.0,2.3,0.0,0.0,0.0,0.0,0.0,0.0,0.0,4.6,0.0,0.0,2.3,0.0,2.3,2.3,0.0,25.0,13.7,0,0,9.1,1,1,13086,1,19057,22635,24699,22635,15070,19035,15070,13505,14344,13505,14058,22137,23286,8525,16469,12854,2783,8846,13741,11834,23200,2807,23587,2246,150,24589,1,15:49
2024-25,1626204,Larry Nance Jr.,Larry,1610612737,ATL,Atlanta Hawks,0022400152,2024-11-03T00:00:00,ATL @ NOP,W,24.966666666666665,8.7,11.5,0.75,2.9,4.3,0.667,0.0,0.0,0.0,2.9,5.8,8.7,0.0,1.4,1.4,0.0,0.0,0.0,0.0,20.2,-5.8,33.5,0,0,34.6,1,1,13086,1,12032,5342,14414,2107,6924,14850,1957,13505,14344,13505,5629,8863,7223,19908,13048,8685,8263,8846,20257,17725,7745,15957,12223,2246,150,10362,1,24:58
2024-25,1631216,Caleb Houstan,Caleb,1610612753,ORL,Orlando Magic,0022400153,2024-11-03T00:00:00,ORL @ DAL,L,6.983333333333333,5.2,15.5,0.333,0.0,0.0,0.0,0.0,0.0,0.0,5.2,5.2,10.3,0.0,0.0,0.0,0.0,5.2,5.2,5.2,10.3,15.5,22.7,0,0,20.6,1,13222,1,13222,23177,13938,7874,17395,15070,20945,15070,13505,14344,13505,2242,10405,5105,19908,16469,12854,8263,333,4273,3846,17850,5446,19760,2246,150,20504,1,6:59
2024-25,1629669,Jaylen Nowell,Jaylen,1610612740,NOP,New Orleans Pelicans,0022400152,2024-11-03T00:00:00,NOP vs. ATL,L,3.55,0.0,0.0,0.0,0.0,0.0,0.0,0.0,0.0,0.0,0.0,0.0,0.0,0.0,10.1,0.0,0.0,0.0,0.0,0.0,0.0,40.6,-10.1,0,0,0.0,1,13222,1,13222,24689,22635,24836,22635,15070,20945,15070,13505,14344,13505,14058,22137,23286,19908,319,12854,8263,8846,20257,17725,23200,942,26222,2246,150,25259,1,3:33
2024-25,1641783,Tristan da Silva,Tristan,1610612753,ORL,Orlando Magic,0022400153,2024-11-03T00:00:00,ORL @ DAL,L,31.116666666666667,2.3,8.1,0.286,1.2,4.6,0.25,2.3,2.3,1.0,1.2,4.6,5.8,2.3,0.0,0.0,1.2,0.0,0.0,3.5,8.1,-4.6,22.0,0,0,19.7,1,13222,1,13222,6775,20823,20089,19630,13612,14142,11902,9575,11740,1,12061,11914,12802,15180,16469,12854,6440,8846,20257,7736,19832,15383,20157,2246,150,21052,1,31:07
2024-25,1631288,Jamal Cain,Jamal,1610612740,NOP,New Orleans Pelicans,0022400152,2024-11-03T00:00:00,NOP vs. ATL,L,17.858333333333334,8.1,14.1,0.571,6.0,10.1,0.6,6.0,8.1,0.75,4.0,2.0,6.0,0.0,0.0,0.0,0.0,0.0,2.0,4.0,28.2,18.1,35.5,0,0,40.3,1,13222,1,13222,17662,6497,9988,6538,1271,3406,2992,2822,2477,8186,3564,19611,12169,19908,16469,12854,8263,8846,15055,6228,2702,4505,10746,2246,150,6592,1,17:52
2024-25,1641765,Olivier-Maxence Prosper,Olivier-Maxence,1610612742,DAL,Dallas Mavericks,0022400153,2024-11-03T00:00:00,DAL vs. ORL,W,5.95,0.0,12.1,0.0,0.0,6.1,0.0,0.0,0.0,0.0,12.1,0.0,12.1,0.0,0.0,0.0,0.0,6.1,6.1,0.0,0.0,-12.1,14.5,0,0,12.1,1,1,13086,1,23613,22635,13413,22635,15070,10563,15070,13505,14344,13505,236,22137,3415,19908,16469,12854,8263,216,2874,17725,23200,18773,23325,2246,150,23951,1,5:57
2024-25,203914,Gary Harris,Gary,1610612753,ORL,Orlando Magic,0022400153,2024-11-03T00:00:00,ORL @ DAL,L,14.316666666666666,5.0,15.1,0.333,0.0,7.5,0.0,0.0,0.0,0.0,2.5,0.0,2.5,0.0,2.5,0.0,0.0,0.0,0.0,0.0,10.1,-35.2,10.6,0,0,12.6,1,13222,1,13222,20006,14296,8450,17395,15070,7289,15070,13505,14344,13505,6564,22137,20777,19908,8181,12854,8263,8846,20257,17725,18100,24431,24328,2246,150,23851,1,14:19
2024-25,1641722,Jordan Hawkins,Jordan,1610612740,NOP,New Orleans Pelicans,0022400152,2024-11-03T00:00:00,NOP vs. ATL,L,31.283333333333335,8.1,20.7,0.389,3.5,9.2,0.375,2.3,2.3,1.0,1.2,2.3,3.5,3.5,4.6,0.0,1.2,1.2,2.3,3.5,21.9,-24.2,30.0,0,0,34.5,1,13222,1,13222,6630,6520,2509,16009,5249,4514,8800,9607,11766,1,12094,18755,18651,11544,2843,12854,6478,6624,13636,7792,6313,22616,14767,2246,150,10427,1,31:17
2024-25,1631111,Wendell Moore Jr.,Wendell,1610612765,DET,Detroit Pistons,0022400151,2024-11-03T00:00:00,DET @ BKN,W,0.9083333333333333,0.0,0.0,0.0,0.0,0.0,0.0,0.0,0.0,0.0,0.0,0.0,0.0,0.0,0.0,0.0,0.0,0.0,0.0,0.0,0.0,79.3,0.0,0,0,0.0,1,1,13086,1,26087,22635,24836,22635,15070,20945,15070,13505,14344,13505,14058,22137,23286,19908,16469,12854,8263,8846,20257,17725,23200,166,25228,2246,150,25259,1,0:55
2024-25,1630700,Dyson Daniels,Dyson,1610612737,ATL,Atlanta Hawks,0022400152,2024-11-03T00:00:00,ATL @ NOP,W,24.81833333333333,10.2,14.5,0.7,2.9,7.3,0.4,0.0,0.0,0.0,2.9,4.4,7.3,4.4,2.9,1.5,0.0,0.0,4.4,0.0,23.2,30.5,39.9,0,0,40.6,1,1,13086,1,12164,3060,9351,3045,6866,7930,7874,13505,14344,13505,5591,12647,9651,9006,6840,8631,8263,8846,6137,17725,5351,1903,7828,2246,150,6433,1,24:49
2024-25,1627736,Malik Beasley,Malik,1610612765,DET,Detroit Pistons,0022400151,2024-11-03T00:00:00,DET @ BKN,W,29.316666666666666,7.4,18.4,0.4,4.9,13.5,0.364,2.5,3.7,0.667,0.0,1.2,1.2,1.2,0.0,2.5,0.0,0.0,3.7,1.2,22.1,22.1,32.8,0,0,34.4,1,1,13086,1,8382,8084,4273,14933,2387,1093,9100,9181,8511,9425,14058,21448,22908,18927,16469,4519,8263,8846,8149,16252,6130,3432,12737,2246,150,10540,1,29:19
2024-25,1629003,Shake Milton,Shake,1610612751,BKN,Brooklyn Nets,0022400151,2024-11-03T00:00:00,BKN vs. DET,L,1.6,0.0,0.0,0.0,0.0,0.0,0.0,0.0,0.0,0.0,0.0,0.0,0.0,0.0,0.0,0.0,0.0,0.0,0.0,0.0,0.0,0.0,0.0,0,0,0.0,1,13222,1,13222,25718,22635,24836,22635,15070,20945,15070,13505,14344,13505,14058,22137,23286,19908,16469,12854,8263,8846,20257,17725,23200,12240,25228,2246,150,25259,1,1:36
2024-25,1631204,Marcus Sasser,Marcus,1610612765,DET,Detroit Pistons,0022400151,2024-11-03T00:00:00,DET @ BKN,W,0.9083333333333333,0.0,0.0,0.0,0.0,0.0,0.0,0.0,0.0,0.0,0.0,0.0,0.0,0.0,0.0,0.0,0.0,0.0,0.0,0.0,0.0,79.3,0.0,0,0,0.0,1,1,13086,1,26087,22635,24836,22635,15070,20945,15070,13505,14344,13505,14058,22137,23286,19908,16469,12854,8263,8846,20257,17725,23200,166,25228,2246,150,25259,1,0:55
2024-25,1629023,P.J. Washington,P.J.,1610612742,DAL,Dallas Mavericks,0022400153,2024-11-03T00:00:00,DAL vs. ORL,W,28.433333333333334,3.8,5.1,0.75,1.3,2.5,0.5,0.0,0.0,0.0,1.3,3.8,5.1,2.5,1.3,1.3,0.0,0.0,1.3,0.0,8.9,20.3,21.3,0,0,20.3,1,1,13086,1,9184,17571,23413,2107,13004,18566,3944,13505,14344,13505,11385,14322,14622,14435,13993,9681,8263,8846,18188,17725,19208,3878,20556,2246,150,20719,1,28:26
2024-25,1629750,Javonte Green,Javonte,1610612740,NOP,New Orleans Pelicans,0022400152,2024-11-03T00:00:00,NOP vs. ATL,L,23.516666666666666,1.5,3.1,0.5,0.0,1.5,0.0,1.5,1.5,1.0,0.0,3.1,3.1,1.5,0.0,1.5,0.0,0.0,3.1,1.5,4.6,-33.7,15.2,0,0,12.2,1,13222,1,13222,13298,22133,24472,8526,15070,20244,15070,11732,13457,1,14058,16517,19560,17868,16469,8272,8263,8846,10430,14873,22238,24258,23126,2246,150,23929,1,23:31
2024-25,1631230,Dominick Barlow,Dominick,1610612737,ATL,Atlanta Hawks,0022400152,2024-11-03T00:00:00,ATL @ NOP,W,2.3833333333333333,0.0,0.0,0.0,0.0,0.0,0.0,0.0,0.0,0.0,0.0,0.0,0.0,0.0,0.0,0.0,0.0,0.0,0.0,0.0,0.0,-120.8,0.0,0,0,0.0,1,1,13086,1,25270,22635,24836,22635,15070,20945,15070,13505,14344,13505,14058,22137,23286,19908,16469,12854,8263,8846,20257,17725,23200,26231,25228,2246,150,25259,1,2:23
2024-25,202681,Kyrie Irving,Kyrie,1610612742,DAL,Dallas Mavericks,0022400153,2024-11-03T00:00:00,DAL vs. ORL,W,28.433333333333334,6.3,13.9,0.455,1.3,2.5,0.5,7.6,8.9,0.857,0.0,2.5,2.5,3.8,1.3,2.5,0.0,0.0,2.5,3.8,21.5,21.5,36.6,0,0,34.2,1,1,13086,1,9184,10616,10289,12676,13004,18566,3944,1611,1944,7071,14058,18096,20741,10500,13993,4295,8263,8846,12660,6855,6617,3575,9976,2246,150,10708,1,28:26
2024-25,1630702,Jaden Hardy,Jaden,1610612742,DAL,Dallas Mavericks,0022400153,2024-11-03T00:00:00,DAL vs. ORL,W,8.566666666666666,4.2,12.6,0.333,4.2,8.4,0.5,0.0,0.0,0.0,0.0,4.2,4.2,0.0,12.6,0.0,0.0,0.0,4.2,0.0,12.6,-33.6,5.0,0,0,21.0,1,1,13086,1,22608,16589,12550,17395,3555,5728,3944,13505,14344,13505,14058,13111,16795,19908,188,12854,8263,8846,6544,17725,15487,24248,25003,2246,150,20276,1,8:34
2024-25,1630526,Jeremiah Robinson-Earl,Jeremiah,1610612740,NOP,New Orleans Pelicans,0022400152,2024-11-03T00:00:00,NOP vs. ATL,L,24.908333333333335,2.9,11.6,0.25,2.9,4.3,0.667,0.0,0.0,0.0,8.7,1.4,10.1,2.9,1.4,1.4,0.0,0.0,1.4,0.0,8.7,5.8,28.0,0,0,27.5,1,13222,1,13222,12088,19681,14370,20233,6895,14832,1957,13505,14344,13505,624,21000,5307,13309,13031,8664,8263,8846,17459,17725,19379,9711,16196,2246,150,15824,1,24:55
2024-25,1631093,Jaden Ivey,Jaden,1610612765,DET,Detroit Pistons,0022400151,2024-11-03T00:00:00,DET @ BKN,W,35.09166666666667,4.1,15.4,0.267,1.0,7.2,0.143,6.2,7.2,0.857,0.0,5.1,5.1,5.1,4.1,1.0,1.0,2.1,2.1,5.1,15.4,10.3,31.3,0,0,30.8,1,1,13086,1,3394,16838,7978,20170,14391,8083,14649,2725,3186,7071,14058,10479,14444,7183,3670,11708,7306,3054,14867,3881,12533,7579,13833,2246,150,13342,1,35:06
2024-25,1630811,Keaton Wallace,Keaton,1610612737,ATL,Atlanta Hawks,0022400152,2024-11-03T00:00:00,ATL @ NOP,W,21.956666666666667,4.9,11.5,0.429,0.0,1.6,0.0,0.0,0.0,0.0,1.6,1.6,3.3,1.6,3.3,3.3,0.0,0.0,3.3,0.0,9.8,-4.9,22.8,0,0,21.3,1,1,13086,1,14535,14639,14516,13735,15070,20123,15070,13505,14344,13505,9786,20588,19045,17539,5566,2603,8263,8846,9528,17725,18327,15539,19692,2246,150,20095,1,21:57
2024-25,1630230,Naji Marshall,Naji,1610612742,DAL,Dallas Mavericks,0022400153,2024-11-03T00:00:00,DAL vs. ORL,W,21.266666666666666,3.4,8.5,0.4,0.0,3.4,0.0,0.0,0.0,0.0,0.0,8.5,8.5,8.5,1.7,3.4,0.0,0.0,1.7,3.4,6.8,15.2,38.1,0,0,30.5,1,1,13086,1,15095,18570,19547,14933,15070,16894,15070,13505,14344,13505,14058,4095,7525,2454,11945,2409,8263,8846,16557,7995,20882,5527,8970,2246,150,13566,1,21:16
2024-25,203501,Tim Hardaway Jr.,Tim,1610612765,DET,Detroit Pistons,0022400151,2024-11-03T00:00:00,DET @ BKN,W,22.516666666666666,8.0,14.4,0.556,4.8,9.6,0.5,1.6,1.6,1.0,0.0,0.0,0.0,3.2,0.0,0.0,0.0,0.0,6.4,3.2,22.4,-3.2,27.2,0,0,30.4,1,1,13086,1,14094,6645,9556,7248,2566,3989,3944,11599,13394,1,14058,22137,23286,12329,16469,12854,8263,8846,2494,8576,5934,14670,16832,2246,150,13648,1,22:31
2024-25,1629656,Quentin Grimes,Quentin,1610612742,DAL,Dallas Mavericks,0022400153,2024-11-03T00:00:00,DAL vs. ORL,W,17.45,4.1,8.3,0.5,2.1,4.1,0.5,0.0,0.0,0.0,0.0,6.2,6.2,0.0,2.1,4.1,0.0,0.0,4.1,0.0,10.3,22.7,28.1,0,0,26.8,1,1,13086,1,17959,16781,19865,8526,9850,15283,3944,13505,14344,13505,14058,7915,11845,19908,10193,1518,8263,8846,6749,17725,17845,3324,16180,2246,150,16304,1,17:27
2024-25,1641998,Trey Jemison III,Trey,1610612740,NOP,New Orleans Pelicans,0022400152,2024-11-03T00:00:00,NOP vs. ATL,L,3.55,0.0,20.3,0.0,0.0,0.0,0.0,0.0,0.0,0.0,10.1,20.3,30.4,0.0,0.0,0.0,0.0,0.0,0.0,0.0,0.0,40.6,36.5,0,0,30.4,1,13222,1,13222,24689,22635,2776,22635,15070,20945,15070,13505,14344,13505,385,161,78,19908,16469,12854,8263,8846,20257,17725,23200,942,10023,2246,150,13602,1,3:33
2024-25,1628371,Jonathan Isaac,Jonathan,1610612753,ORL,Orlando Magic,0022400153,2024-11-03T00:00:00,ORL @ DAL,L,15.933333333333334,2.3,13.6,0.167,0.0,9.0,0.0,2.3,4.5,0.5,4.5,6.8,11.3,2.3,0.0,2.3,2.3,0.0,6.8,2.3,6.8,-36.2,37.3,0,0,29.4,1,13222,1,13222,18975,20930,10906,21938,15070,4762,15070,9755,6807,10625,2902,6739,4142,15395,16469,5183,2825,8846,2160,11899,20876,24536,9479,2246,150,14433,1,15:56
2024-25,1631223,David Roddy,David,1610612737,ATL,Atlanta Hawks,0022400152,2024-11-03T00:00:00,ATL @ NOP,W,25.85,4.2,4.2,1.0,2.8,2.8,1.0,0.0,0.0,0.0,1.4,2.8,4.2,4.2,1.4,0.0,0.0,0.0,1.4,0.0,11.1,-11.1,21.0,0,0,22.3,1,1,13086,1,11287,16650,24008,1,7259,18092,1,13505,14344,13505,10775,17443,16857,9444,13315,12854,8263,8846,17654,17725,17046,18385,20670,2246,150,19496,1,25:51
2024-25,1642258,Zaccharie Risacher,Zaccharie,1610612737,ATL,Atlanta Hawks,0022400152,2024-11-03T00:00:00,ATL @ NOP,W,29.866666666666667,4.8,15.7,0.308,1.2,6.0,0.2,2.4,2.4,1.0,1.2,4.8,6.0,1.2,2.4,3.6,0.0,0.0,3.6,2.4,13.3,-3.6,30.7,0,0,28.9,1,1,13086,1,7907,14881,7585,19226,13329,10628,13429,9305,11453,1,11759,11365,12213,18998,8606,2071,8263,8846,8381,11304,14796,14856,14248,2246,150,14762,1,29:52
2024-25,202699,Tobias Harris,Tobias,1610612765,DET,Detroit Pistons,0022400151,2024-11-03T00:00:00,DET @ BKN,W,34.63333333333333,8.3,13.5,0.615,1.0,4.2,0.25,1.0,1.0,1.0,3.1,2.1,5.2,6.2,1.0,0.0,0.0,0.0,1.0,1.0,18.7,12.5,33.3,0,0,31.2,1,1,13086,1,3749,5954,10985,5246,14308,15210,11902,13113,14153,1,5099,19426,14282,5102,15566,12854,8263,8846,19469,17217,9115,6606,12379,2246,150,13016,1,34:38
2024-25,1630595,Cade Cunningham,Cade,1610612765,DET,Detroit Pistons,0022400151,2024-11-03T00:00:00,DET @ BKN,W,35.425,8.1,13.2,0.615,1.0,4.1,0.25,2.0,3.0,0.667,1.0,5.1,6.1,5.1,7.1,0.0,0.0,0.0,3.0,4.1,19.3,11.2,27.1,0,0,31.5,1,1,13086,1,3133,6350,11461,5246,14450,15446,11902,10522,9851,9425,13126,10636,12059,7291,845,12854,8263,8846,10497,6131,8547,7149,16860,2246,150,12771,1,35:26
2024-25,1641710,Anthony Black,Anthony,1610612753,ORL,Orlando Magic,0022400153,2024-11-03T00:00:00,ORL @ DAL,L,20.716666666666665,1.7,3.5,0.5,0.0,0.0,0.0,0.0,0.0,0.0,3.5,3.5,7.0,3.5,10.4,0.0,0.0,0.0,3.5,1.7,3.5,-43.4,6.6,0,0,13.9,1,13222,1,13222,15477,21852,24321,8526,15070,20945,15070,13505,14344,13505,4411,15305,10236,11469,302,12854,8263,8846,8818,14157,22785,25092,24854,2246,150,23448,1,20:43
2024-25,1631213,Tyrese Martin,Tyrese,1610612751,BKN,Brooklyn Nets,0022400151,2024-11-03T00:00:00,BKN vs. DET,L,1.6,0.0,0.0,0.0,0.0,0.0,0.0,0.0,0.0,0.0,0.0,22.5,22.5,0.0,0.0,0.0,0.0,0.0,0.0,0.0,0.0,0.0,27.0,0,0,22.5,1,13222,1,13222,25718,22635,24836,22635,15070,20945,15070,13505,14344,13505,14058,112,299,19908,16469,12854,8263,8846,20257,17725,23200,12240,16937,2246,150,19354,1,1:36
2024-25,1630533,Ziaire Williams,Ziaire,1610612751,BKN,Brooklyn Nets,0022400151,2024-11-03T00:00:00,BKN vs. DET,L,16.006666666666668,4.5,11.2,0.4,0.0,6.7,0.0,0.0,0.0,0.0,0.0,4.5,4.5,0.0,0.0,0.0,0.0,0.0,6.7,0.0,9.0,-31.5,14.4,0,0,13.5,1,13222,1,13222,18926,15788,14945,14933,15070,9026,15070,13505,14344,13505,14058,12269,16059,19908,16469,12854,8263,8846,2178,17725,19088,23962,23366,2246,150,23557,1,16:00
2024-25,202691,Klay Thompson,Klay,1610612742,DAL,Dallas Mavericks,0022400153,2024-11-03T00:00:00,DAL vs. ORL,W,28.6,5.0,12.6,0.4,1.3,6.3,0.2,0.0,0.0,0.0,1.3,5.0,6.3,5.0,1.3,0.0,2.5,0.0,0.0,0.0,11.3,23.9,32.7,0,0,29.0,1,1,13086,1,9035,14282,12600,14933,13042,9993,13429,13505,14344,13505,11426,10772,11623,7388,14044,12854,2340,8846,20257,17725,16858,3043,12780,2246,150,14743,1,28:36
2024-25,202709,Cory Joseph,Cory,1610612753,ORL,Orlando Magic,0022400153,2024-11-03T00:00:00,ORL @ DAL,L,5.233333333333333,0.0,13.8,0.0,0.0,6.9,0.0,0.0,0.0,0.0,13.8,0.0,13.8,0.0,6.9,0.0,0.0,0.0,0.0,6.9,0.0,27.5,9.6,0,0,13.8,1,13222,1,13222,23896,22635,10554,22635,15070,8711,15070,13505,14344,13505,161,22137,2356,19908,944,12854,8263,8846,20257,1754,23200,2340,24478,2246,150,23485,1,5:14
2024-25,1630591,Jalen Suggs,Jalen,1610612753,ORL,Orlando Magic,0022400153,2024-11-03T00:00:00,ORL @ DAL,L,28.65,5.0,16.3,0.308,1.3,6.3,0.2,1.3,2.5,0.5,1.3,3.8,5.0,2.5,0.0,1.3,2.5,0.0,2.5,8.8,12.6,-32.7,33.7,0,0,28.9,1,13222,1,13222,8973,14302,6631,19226,13059,10014,13429,12433,11172,10625,11445,14413,14735,14495,16469,9747,2348,8846,12741,719,15527,24124,12054,2246,150,14783,1,28:39
2024-25,1630191,Isaiah Stewart,Isaiah,1610612765,DET,Detroit Pistons,0022400151,2024-11-03T00:00:00,DET @ BKN,W,13.7,0.0,0.0,0.0,0.0,0.0,0.0,5.3,5.3,1.0,0.0,13.1,13.1,0.0,2.6,0.0,5.3,0.0,15.8,5.3,5.3,21.0,34.2,0,0,28.9,1,1,13086,1,20364,22635,24836,22635,15070,20945,15070,3701,5517,1,14058,971,2715,19908,7773,12854,450,8846,215,3692,21876,3691,11679,2246,150,14780,1,13:42
2024-25,1630592,Jalen Wilson,Jalen,1610612751,BKN,Brooklyn Nets,0022400151,2024-11-03T00:00:00,BKN vs. DET,L,21.83,4.9,9.9,0.5,1.6,1.6,1.0,1.6,3.3,0.5,1.6,3.3,4.9,3.3,0.0,0.0,0.0,3.3,0.0,1.6,13.2,6.6,24.1,0,0,23.1,1,13222,1,13222,14642,14560,17251,8526,11539,20112,1,11510,9314,10625,9751,15799,14935,11985,16469,12854,8263,1068,20257,14455,14881,9338,18893,2246,150,18953,1,21:50
2024-25,1629027,Trae Young,Trae,1610612737,ATL,Atlanta Hawks,0022400152,2024-11-03T00:00:00,ATL @ NOP,W,31.35,9.2,17.2,0.533,5.7,11.5,0.5,2.3,2.3,1.0,1.1,3.4,4.6,13.8,2.3,1.1,0.0,0.0,1.1,5.7,26.4,33.3,53.7,1,0,52.8,1,1,13086,1,6549,4386,5548,8140,1531,2118,3944,9638,11794,1,12122,15390,15824,412,9089,10595,8263,8846,18828,2989,3477,1594,2264,1,150,1849,1,31:21
2024-25,1628976,Wendell Carter Jr.,Wendell,1610612753,ORL,Orlando Magic,0022400153,2024-11-03T00:00:00,ORL @ DAL,L,8.866666666666667,8.1,20.3,0.4,0.0,8.1,0.0,8.1,8.1,1.0,4.1,0.0,4.1,8.1,0.0,8.1,0.0,0.0,4.1,4.1,24.4,4.1,65.8,0,0,52.8,1,13222,1,13222,22508,6363,2763,14933,15070,6239,15070,1350,2434,1,3510,22137,17158,2765,16469,200,8263,8846,6972,6142,4574,10611,645,2246,150,1857,1,8:52
2024-25,1630552,Jalen Johnson,Jalen,1610612737,ATL,Atlanta Hawks,0022400152,2024-11-03T00:00:00,ATL @ NOP,W,37.9,11.4,19.0,0.6,0.0,3.8,0.0,4.7,5.7,0.833,1.9,6.6,8.5,7.6,3.8,1.9,1.9,0.9,1.9,4.7,27.5,30.4,56.8,0,0,51.3,1,1,13086,1,1442,1937,3760,5394,15070,15994,15070,4433,4886,7275,8814,6998,7400,3286,4321,6764,3764,8343,15669,4616,2960,1919,1674,2246,150,2204,1,37:54
2024-25,1641726,Dereck Lively II,Dereck,1610612742,DAL,Dallas Mavericks,0022400153,2024-11-03T00:00:00,DAL vs. ORL,W,20.085,9.0,12.5,0.714,0.0,0.0,0.0,1.8,5.4,0.333,7.2,12.5,19.7,1.8,3.6,0.0,0.0,1.8,5.4,5.4,19.7,44.8,42.5,1,0,41.2,1,1,13086,1,15959,4788,12663,2752,15070,20945,15070,11256,5343,13132,1076,1144,578,17107,4808,12854,8263,3921,3878,3512,8143,717,6380,1,150,6062,1,20:05
2024-25,1630532,Franz Wagner,Franz,1610612753,ORL,Orlando Magic,0022400153,2024-11-03T00:00:00,ORL @ DAL,L,25.185,8.6,21.4,0.4,1.4,2.9,0.5,0.0,0.0,0.0,1.4,7.1,8.6,8.6,2.9,2.9,0.0,2.9,4.3,0.0,18.6,-18.6,47.5,0,0,42.9,1,13222,1,13222,11847,5478,2066,14933,12339,17942,3944,13505,14344,13505,10630,6100,7355,2362,7001,3520,8263,1522,6320,17725,9239,21093,4155,2246,150,5203,1,25:11
2024-25,1641810,Antonio Reeves,Antonio,1610612740,NOP,New Orleans Pelicans,0022400152,2024-11-03T00:00:00,NOP vs. ATL,L,3.55,10.1,20.3,0.5,10.1,20.3,0.5,0.0,0.0,0.0,0.0,10.1,10.1,0.0,0.0,0.0,0.0,0.0,0.0,10.1,30.4,40.6,42.6,0,0,50.7,1,13222,1,13222,24689,3065,2776,8526,205,221,3944,13505,14344,13505,14058,2464,5280,19908,16469,12854,8263,8846,20257,388,1941,942,6315,2246,150,2339,1,3:33
2024-25,1627742,Brandon Ingram,Brandon,1610612740,NOP,New Orleans Pelicans,0022400152,2024-11-03T00:00:00,NOP vs. ATL,L,29.508333333333333,14.6,23.2,0.632,4.9,9.8,0.5,4.9,6.1,0.8,1.2,7.3,8.5,2.4,7.3,1.2,1.2,0.0,4.9,4.9,39.0,-25.6,52.9,0,0,59.8,1,13222,1,13222,8220,561,1328,4871,2442,3771,3944,4222,4353,7681,11662,5808,7417,14738,770,10018,6054,8846,4878,4333,516,22941,2463,2246,150,847,1,29:31
2024-25,1629029,Luka Dončić,Luka,1610612742,DAL,Dallas Mavericks,0022400153,2024-11-03T00:00:00,DAL vs. ORL,W,31.716666666666665,12.5,25.0,0.5,5.7,14.8,0.385,5.7,7.9,0.714,1.1,9.1,10.2,7.9,4.5,0.0,0.0,0.0,3.4,9.1,36.3,23.8,56.0,0,0,60.2,1,1,13086,1,6220,1252,833,8526,1582,754,8766,3214,2554,9244,12226,3425,5219,2946,2938,12854,8263,8846,9064,625,774,3066,1815,2246,150,816,1,31:43
2024-25,1629655,Daniel Gafford,Daniel,1610612742,DAL,Dallas Mavericks,0022400153,2024-11-03T00:00:00,DAL vs. ORL,W,20.115,16.1,23.3,0.692,0.0,0.0,0.0,0.0,1.8,0.0,5.4,8.9,14.3,0.0,5.4,1.8,0.0,3.6,5.4,3.6,32.2,7.2,49.4,0,0,50.1,1,1,13086,1,15941,352,1295,3171,15070,20945,15070,13505,13202,13505,2029,3566,2094,19908,1935,7298,8263,859,3892,7456,1478,9063,3462,2246,150,2503,1,20:07
2024-25,1629661,Cameron Johnson,Cameron,1610612751,BKN,Brooklyn Nets,0022400151,2024-11-03T00:00:00,BKN vs. DET,L,30.063333333333333,10.8,22.8,0.474,3.6,14.4,0.25,6.0,7.2,0.833,0.0,1.2,1.2,3.6,0.0,1.2,1.2,0.0,3.6,4.8,31.1,-6.0,45.1,0,0,44.3,1,13222,1,13222,7733,2434,1468,12072,4936,836,11902,2876,3183,7275,14058,21515,22944,11105,16469,10191,6190,8846,8450,4520,1748,16049,5107,2246,150,4554,1,30:04
2024-25,1630631,Jose Alvarado,Jose,1610612740,NOP,New Orleans Pelicans,0022400152,2024-11-03T00:00:00,NOP vs. ATL,L,28.575,3.8,15.1,0.25,1.3,8.8,0.143,2.5,2.5,1.0,1.3,2.5,3.8,8.8,1.3,1.3,0.0,0.0,2.5,2.5,11.3,-23.9,31.6,0,0,27.7,1,13222,1,13222,9059,17620,8395,20233,13036,5070,14649,8994,11161,1,11418,18139,17876,2165,14039,9722,8263,8846,12712,10916,16850,22555,13595,2246,150,15628,1,28:35
2024-25,1630314,Brandon Williams,Brandon,1610612742,DAL,Dallas Mavericks,0022400153,2024-11-03T00:00:00,DAL vs. ORL,W,5.766666666666667,0.0,18.7,0.0,0.0,12.5,0.0,12.5,18.7,0.667,0.0,6.2,6.2,6.2,0.0,0.0,0.0,0.0,6.2,6.2,12.5,-12.5,29.3,0,0,25.0,1,1,13086,1,23684,22635,3998,22635,15070,1529,15070,297,162,9425,14058,7801,11720,5096,16469,12854,8263,8846,2664,2339,15604,18937,15252,2246,150,17706,1,5:46
2024-25,1630560,Cam Thomas,Cam,1610612751,BKN,Brooklyn Nets,0022400151,2024-11-03T00:00:00,BKN vs. DET,L,31.133333333333333,6.9,19.7,0.353,1.2,8.1,0.143,4.6,4.6,1.0,0.0,2.3,2.3,2.3,3.5,0.0,0.0,3.5,0.0,5.8,19.7,-22.0,22.4,0,0,25.4,1,13222,1,13222,6760,9074,3220,17268,13616,6295,14649,4638,6623,1,14058,18728,21175,15184,5087,12854,8263,942,20257,2923,8196,22063,19909,2246,150,17321,1,31:08
2024-25,1629021,Moritz Wagner,Moritz,1610612753,ORL,Orlando Magic,0022400153,2024-11-03T00:00:00,ORL @ DAL,L,20.5,5.3,17.6,0.3,0.0,7.0,0.0,7.0,7.0,1.0,0.0,10.5,10.5,0.0,1.8,0.0,0.0,0.0,7.0,3.5,17.6,-40.4,28.4,0,0,28.1,1,13222,1,13222,15638,13626,5182,19363,15070,8416,15070,1990,3337,1,14058,2199,4875,19908,11717,12854,8263,8846,1959,7625,10255,24866,15906,2246,150,15359,1,20:30
2024-25,203471,Dennis Schröder,Dennis,1610612751,BKN,Brooklyn Nets,0022400151,2024-11-03T00:00:00,BKN vs. DET,L,33.336666666666666,3.2,7.6,0.429,1.1,3.2,0.333,0.0,0.0,0.0,0.0,5.4,5.4,4.3,2.2,3.2,0.0,0.0,3.2,1.1,7.6,-11.9,28.1,0,0,24.8,1,13222,1,13222,4869,18915,20846,13735,14072,17198,9209,13505,14344,13505,14058,9792,13820,9079,9686,2663,8263,8846,9697,17004,20273,18698,16156,2246,150,17802,1,33:20
2024-25,1641724,Jett Howard,Jett,1610612753,ORL,Orlando Magic,0022400153,2024-11-03T00:00:00,ORL @ DAL,L,22.131666666666668,6.5,19.5,0.333,3.3,13.0,0.25,3.3,3.3,1.0,0.0,1.6,1.6,0.0,3.3,1.6,0.0,1.6,1.6,1.6,19.5,6.5,23.1,0,0,27.7,1,13222,1,13222,14399,10174,3329,17395,5803,1295,11902,7200,9416,1,14058,20620,22406,19908,5653,7897,8263,4368,16794,14537,8351,9374,19500,2246,150,15682,1,22:08
2024-25,203939,Dwight Powell,Dwight,1610612742,DAL,Dallas Mavericks,0022400153,2024-11-03T00:00:00,DAL vs. ORL,W,7.8,0.0,0.0,0.0,0.0,0.0,0.0,0.0,9.2,0.0,0.0,9.2,9.2,0.0,4.6,0.0,9.2,0.0,13.8,9.2,0.0,-27.7,34.2,0,0,27.7,1,1,13086,1,22891,22635,24836,22635,15070,20945,15070,13505,1748,13505,14058,3269,6400,19908,2825,12854,88,8846,293,586,23200,23370,11685,2246,150,15637,1,7:48
2024-25,1627827,Dorian Finney-Smith,Dorian,1610612751,BKN,Brooklyn Nets,0022400151,2024-11-03T00:00:00,BKN vs. DET,L,28.383333333333333,3.8,6.3,0.6,2.5,3.8,0.667,1.3,1.3,1.0,2.5,1.3,3.8,0.0,2.5,2.5,1.3,0.0,3.8,2.5,11.4,-10.1,24.9,0,0,25.4,1,13222,1,13222,9227,17549,22274,5394,8019,15982,1957,12389,13785,1,6504,21343,17806,19908,8091,4281,5806,8846,7717,10848,16770,17949,18382,2246,150,17378,1,28:23
2024-25,1630553,Keon Johnson,Keon,1610612751,BKN,Brooklyn Nets,0022400151,2024-11-03T00:00:00,BKN vs. DET,L,12.93,2.8,2.8,1.0,0.0,0.0,0.0,8.4,11.1,0.75,0.0,2.8,2.8,0.0,0.0,2.8,2.8,0.0,8.4,5.6,13.9,2.8,34.0,0,0,27.8,1,13222,1,13222,20781,19912,24560,1,15070,20945,15070,1251,985,8186,14058,17449,20288,19908,16469,3722,1975,8846,1203,3236,14027,11233,11843,2246,150,15546,1,12:56
2024-25,203991,Clint Capela,Clint,1610612737,ATL,Atlanta Hawks,0022400152,2024-11-03T00:00:00,ATL @ NOP,W,20.65,7.0,8.7,0.8,0.0,0.0,0.0,0.0,0.0,0.0,0.0,7.0,7.0,0.0,0.0,0.0,1.7,1.7,1.7,3.5,13.9,47.1,27.5,0,0,24.4,1,1,13086,1,15523,8993,19158,1688,15070,20945,15070,13505,14344,13505,14058,6407,10186,19908,16469,12854,4185,4044,16398,7698,13992,635,16546,2246,150,18070,1,20:39
2024-25,1630527,Brandon Boston,Brandon,1610612740,NOP,New Orleans Pelicans,0022400152,2024-11-03T00:00:00,NOP vs. ATL,L,30.15,4.8,11.9,0.4,1.2,3.6,0.333,6.0,7.2,0.833,3.6,2.4,6.0,4.8,2.4,0.0,0.0,1.2,2.4,3.6,16.7,-2.4,28.7,0,0,28.7,1,13222,1,13222,7634,15030,13691,14933,13404,16479,9209,2894,3204,7275,4235,18519,12362,7983,8710,12854,8263,6310,13275,7444,11153,14251,15758,2246,150,14957,1,30:09
2024-25,1628997,Caleb Martin,Caleb,1610612755,PHI,Philadelphia 76ers,0022400142,2024-11-02T00:00:00,PHI vs. MEM,L,27.7,1.3,9.1,0.143,0.0,3.9,0.0,9.1,13.0,0.7,1.3,2.6,3.9,3.9,2.6,1.3,1.3,1.3,1.3,7.8,11.7,-33.8,27.4,0,0,24.7,1,13222,1,13222,9787,22402,18565,22260,15070,15795,15070,970,586,9366,11200,17948,17575,10234,7886,9454,5649,5656,18032,1136,16457,24276,16641,2246,150,17895,1,27:42
2024-25,1626179,Terry Rozier,Terry,1610612748,MIA,Miami Heat,0022400147,2024-11-02T00:00:00,MIA @ WAS,W,31.333333333333332,4.6,14.9,0.308,3.4,8.0,0.429,1.1,2.3,0.5,1.1,2.3,3.4,4.6,0.0,0.0,0.0,2.3,0.0,2.3,13.8,33.3,24.8,0,0,25.3,1,1,13086,1,6570,15512,8705,19226,5269,6380,7394,12758,11784,10625,12114,18766,18667,8423,16469,12854,8263,2429,20257,11750,14179,1592,18410,2246,150,17454,1,31:20
2024-25,1628983,Shai Gilgeous-Alexander,Shai,1610612760,OKC,Oklahoma City Thunder,0022400150,2024-11-02T00:00:00,OKC @ LAC,W,31.333333333333332,8.0,16.1,0.5,2.3,4.6,0.5,10.3,10.3,1.0,0.0,3.4,3.4,10.3,3.4,0.0,1.1,1.1,2.3,8.0,28.7,9.2,48.4,0,0,47.1,1,1,13086,1,6570,6550,6995,8526,8855,14200,3944,603,1242,1,14058,15381,18667,1262,5133,12854,6495,6643,13658,989,2513,8093,3857,2246,150,3433,1,31:20
2024-25,1631165,Keon Ellis,Keon,1610612758,SAC,Sacramento Kings,0022400143,2024-11-02T00:00:00,SAC @ TOR,L,26.511666666666667,4.1,8.1,0.5,1.4,5.4,0.25,1.4,1.4,1.0,1.4,0.0,1.4,0.0,0.0,2.7,2.7,0.0,2.7,1.4,10.9,-17.7,28.8,0,0,24.4,1,13222,1,13222,10720,16917,20028,8526,12614,12136,11902,12146,13653,1,10946,22137,22750,19908,16469,3875,2060,8846,11975,15635,17306,20823,15651,2246,150,18044,1,26:31
2024-25,203994,Jusuf Nurkić,Jusuf,1610612756,PHX,Phoenix Suns,0022400149,2024-11-02T00:00:00,PHX vs. POR,W,24.016666666666666,1.5,9.0,0.167,1.5,4.5,0.333,0.0,0.0,0.0,3.0,19.5,22.5,0.0,3.0,0.0,0.0,0.0,4.5,0.0,4.5,22.5,28.5,0,0,28.5,1,1,13086,1,12885,22164,18736,21938,12035,14432,9209,13505,14344,13505,5348,190,306,19908,6501,12854,8263,8846,5785,17725,22293,3371,15890,2246,150,15085,1,24:01
2024-25,203944,Julius Randle,Julius,1610612750,MIN,Minnesota Timberwolves,0022400146,2024-11-02T00:00:00,MIN @ SAS,L,29.833333333333332,9.7,18.1,0.533,0.0,3.6,0.0,6.0,7.2,0.833,1.2,4.8,6.0,2.4,3.6,1.2,0.0,2.4,3.6,4.8,25.3,-13.3,36.2,0,0,36.2,1,13222,1,13222,7938,3658,4559,8140,15070,16396,15070,2827,3140,7275,11750,11346,12200,14833,4736,10122,8263,2188,8364,4443,4032,19214,10238,2246,150,9224,1,29:50
2024-25,1630182,Josh Green,Josh,1610612766,CHA,Charlotte Hornets,0022400141,2024-11-02T00:00:00,CHA vs. BOS,L,21.216666666666665,6.8,10.2,0.667,6.8,8.5,0.8,0.0,0.0,0.0,0.0,0.0,0.0,0.0,0.0,3.4,0.0,0.0,3.4,0.0,20.4,-15.3,30.5,0,0,33.9,1,13222,1,13222,15144,9454,16768,3281,847,5611,1389,13505,14344,13505,14058,22137,23286,19908,16469,2393,8263,8846,9102,17725,7609,20004,14399,2246,150,10903,1,21:13
2024-25,1642263,Reed Sheppard,Reed,1610612745,HOU,Houston Rockets,0022400144,2024-11-02T00:00:00,HOU vs. GSW,L,7.183333333333334,5.0,10.0,0.5,5.0,5.0,1.0,0.0,0.0,0.0,0.0,0.0,0.0,5.0,0.0,0.0,0.0,0.0,10.0,0.0,15.0,50.1,22.6,0,0,25.1,1,13222,1,13222,23100,14354,17013,8526,2259,13184,1,13505,14344,13505,14058,22137,23286,7445,16469,12854,8263,8846,696,17725,12869,545,19845,2246,150,17640,1,7:11
2024-25,1629014,Anfernee Simons,Anfernee,1610612757,POR,Portland Trail Blazers,0022400149,2024-11-02T00:00:00,POR @ PHX,L,40.54666666666667,7.1,22.2,0.32,3.6,11.5,0.308,0.0,0.9,0.0,1.8,5.3,7.1,5.3,0.9,1.8,0.0,0.0,1.8,1.8,17.8,5.3,38.7,0,0,37.3,1,13222,1,13222,446,8697,1732,19139,5025,2071,11292,13505,14326,13505,9334,9963,9946,6768,16371,7352,8263,8846,16284,14020,10075,9931,8588,2246,150,8512,1,40:33
2024-25,1629012,Collin Sexton,Collin,1610612762,UTA,Utah Jazz,0022400148,2024-11-02T00:00:00,UTA @ DEN,L,25.55,2.8,8.5,0.333,1.4,4.2,0.333,7.0,7.0,1.0,0.0,1.4,1.4,5.6,5.6,1.4,0.0,0.0,2.8,4.2,14.1,-25.4,22.8,0,0,25.4,1,13222,1,13222,11534,19840,19565,17395,12411,15058,9209,1980,3325,1,14058,21056,22674,6175,1692,8847,8263,8846,11560,5768,13857,22879,19668,2246,150,17379,1,25:33
2024-25,1641729,Brice Sensabaugh,Brice,1610612762,UTA,Utah Jazz,0022400148,2024-11-02T00:00:00,UTA @ DEN,L,16.05,6.7,13.5,0.5,4.5,9.0,0.5,4.5,4.5,1.0,0.0,0.0,0.0,2.2,6.7,2.2,0.0,0.0,2.2,2.2,22.4,-26.9,25.8,0,0,33.6,1,13222,1,13222,18894,9631,11074,8526,3089,4874,3944,4856,6864,1,14058,22137,23286,15462,1009,5236,8263,8846,13910,11970,5901,23225,17754,2246,150,11119,1,16:03
2024-25,1641718,Keyonte George,Keyonte,1610612762,UTA,Utah Jazz,0022400148,2024-11-02T00:00:00,UTA @ DEN,L,32.166666666666664,6.7,15.7,0.429,4.5,12.3,0.364,0.0,0.0,0.0,0.0,2.2,2.2,9.0,2.2,0.0,0.0,0.0,1.1,0.0,17.9,-30.2,31.8,0,0,33.6,1,13222,1,13222,5835,9652,7589,13735,3100,1617,9100,13505,14344,13505,14058,18955,21340,2062,9353,12854,8263,8846,18992,17725,9926,23771,13487,2246,150,11178,1,32:10
2024-25,1629634,Brandon Clarke,Brandon,1610612763,MEM,Memphis Grizzlies,0022400142,2024-11-02T00:00:00,MEM @ PHI,W,13.065,5.5,11.0,0.5,0.0,0.0,0.0,0.0,5.5,0.0,0.0,2.8,2.8,0.0,0.0,2.8,2.8,0.0,5.5,2.8,11.0,-11.0,30.9,0,0,24.8,1,1,13086,1,20713,12958,15320,8526,15070,20945,15070,13505,5177,13505,14058,17545,20344,19908,16469,3792,2012,8846,3685,10125,17162,18330,14151,2246,150,17828,1,13:04
2024-25,1629234,Drew Eubanks,Drew,1610612762,UTA,Utah Jazz,0022400148,2024-11-02T00:00:00,UTA @ DEN,L,19.533333333333335,3.7,7.4,0.5,0.0,1.8,0.0,1.8,1.8,1.0,1.8,9.2,11.1,1.8,3.7,1.8,3.7,0.0,1.8,1.8,9.2,9.2,38.2,0,0,33.2,1,13222,1,13222,16387,17872,21106,8526,15070,19845,15070,11137,13124,1,9077,3289,4360,16957,4580,7064,1089,8846,15975,13760,18887,8083,8924,2246,150,11516,1,19:32
2024-25,1630548,Johnny Juzang,Johnny,1610612762,UTA,Utah Jazz,0022400148,2024-11-02T00:00:00,UTA @ DEN,L,26.816666666666666,5.4,12.1,0.444,4.0,9.4,0.429,8.1,8.1,1.0,2.7,0.0,2.7,1.3,2.7,2.7,0.0,0.0,4.0,4.0,22.8,-2.7,33.4,0,0,36.2,1,13222,1,13222,10473,13346,13452,13045,3947,4259,7394,1387,2487,1,6138,22137,20488,18532,7575,3943,8263,8846,7073,6236,5613,14394,12241,2246,150,9189,1,26:49
2024-25,1626220,Royce O'Neale,Royce,1610612756,PHX,Phoenix Suns,0022400149,2024-11-02T00:00:00,PHX vs. POR,W,22.938333333333333,1.6,9.4,0.167,1.6,7.8,0.2,0.0,0.0,0.0,1.6,9.4,11.0,4.7,1.6,1.6,1.6,0.0,1.6,1.6,4.7,0.0,32.8,0,0,28.2,1,1,13086,1,13771,22079,18088,21938,11794,6723,13429,13505,14344,13505,10048,3096,4423,8172,12463,8109,4646,8846,16965,14730,22182,12240,12722,2246,150,15250,1,22:56
2024-25,1626168,Trey Lyles,Trey,1610612758,SAC,Sacramento Kings,0022400143,2024-11-02T00:00:00,SAC @ TOR,L,12.555,5.7,14.3,0.4,2.9,5.7,0.5,0.0,0.0,0.0,2.9,8.6,11.5,0.0,2.9,0.0,0.0,0.0,2.9,2.9,14.3,-37.3,25.2,0,0,28.7,1,13222,1,13222,20961,12313,9638,14933,6995,11374,3944,13505,14344,13505,5677,3935,3985,19908,6968,12854,8263,8846,11326,9701,13563,24639,18125,2246,150,14947,1,12:33
2024-25,1630541,Moses Moody,Moses,1610612744,GSW,Golden State Warriors,0022400144,2024-11-02T00:00:00,GSW @ HOU,W,16.716666666666665,4.3,4.3,1.0,4.3,4.3,1.0,6.5,10.8,0.6,0.0,0.0,0.0,4.3,0.0,0.0,0.0,0.0,0.0,4.3,19.4,17.2,25.8,0,0,28.0,1,1,13086,1,18448,16305,23916,1,3374,14900,1,2436,1093,10343,14058,22137,23286,9108,16469,12854,8263,8846,20257,5567,8481,4829,17717,2246,150,15424,1,16:43
2024-25,1626164,Devin Booker,Devin,1610612756,PHX,Phoenix Suns,0022400149,2024-11-02T00:00:00,PHX vs. POR,W,36.03666666666667,9.0,23.0,0.391,2.0,10.0,0.2,8.0,9.0,0.889,3.0,6.0,9.0,9.0,1.0,0.0,0.0,4.0,1.0,4.0,28.0,7.0,51.2,0,0,48.0,1,1,13086,1,2658,4724,1398,15984,10175,3487,13429,1418,1878,6857,5351,8340,6761,2032,15855,12854,8263,650,19711,6320,2798,9140,2914,2246,150,3162,1,36:02
2024-25,1628386,Jarrett Allen,Jarrett,1610612739,CLE,Cleveland Cavaliers,0022400145,2024-11-02T00:00:00,CLE @ MIL,W,32.40833333333333,6.7,11.1,0.6,0.0,0.0,0.0,3.3,6.7,0.5,2.2,11.1,13.3,1.1,2.2,1.1,0.0,1.1,2.2,6.7,16.7,-13.3,35.4,1,0,33.3,1,1,13086,1,5633,9789,15181,5394,15070,20945,15070,7044,3696,10625,7529,1849,2590,19319,9427,10935,8263,6963,14004,1934,11211,19240,10777,1,150,11378,1,32:25
2024-25,1641731,Bilal Coulibaly,Bilal,1610612764,WAS,Washington Wizards,0022400147,2024-11-02T00:00:00,WAS @ MIA,L,33.46666666666667,8.6,12.9,0.667,2.2,2.2,1.0,4.3,6.5,0.667,3.2,5.4,8.6,2.2,0.0,0.0,0.0,0.0,4.3,4.3,23.7,-23.7,37.2,0,0,36.6,1,13222,1,13222,4761,5422,12020,3281,9447,19264,1,5144,3934,9425,4888,9833,7301,15812,16469,12854,8263,8846,6276,5575,5004,22491,9520,2246,150,8999,1,33:28
2024-25,1630198,Isaiah Joe,Isaiah,1610612760,OKC,Oklahoma City Thunder,0022400150,2024-11-02T00:00:00,OKC @ LAC,W,22.423333333333332,6.4,12.8,0.5,6.4,12.8,0.5,0.0,0.0,0.0,1.6,1.6,3.2,1.6,0.0,1.6,0.0,0.0,0.0,1.6,19.3,33.7,30.3,0,0,33.7,1,1,13086,1,14175,10383,12138,8526,1041,1373,3944,13505,14344,13505,9898,20669,19206,17632,16469,7966,8263,8846,20257,14612,8583,1545,14540,2246,150,11064,1,22:25
2024-25,1629731,Dean Wade,Dean,1610612739,CLE,Cleveland Cavaliers,0022400145,2024-11-02T00:00:00,CLE @ MIL,W,22.848333333333333,4.7,12.6,0.375,3.2,11.0,0.286,0.0,0.0,0.0,1.6,4.7,6.3,3.2,1.6,1.6,0.0,0.0,4.7,0.0,12.6,9.5,28.0,0,0,28.4,1,1,13086,1,13846,15172,12562,16299,6092,2458,11433,13505,14344,13505,10020,11622,11600,12475,12438,8082,8263,8846,5218,17725,15492,7961,16193,2246,150,15170,1,22:51
2024-25,1642419,Jamison Battle,Jamison,1610612761,TOR,Toronto Raptors,0022400143,2024-11-02T00:00:00,TOR vs. SAC,W,15.466666666666667,7.0,14.0,0.5,7.0,14.0,0.5,0.0,0.0,0.0,2.3,0.0,2.3,7.0,0.0,0.0,0.0,0.0,0.0,0.0,20.9,14.0,34.2,0,0,37.2,1,1,13086,1,19270,8969,10220,8526,774,935,3944,13505,14344,13505,7157,22137,21143,4019,16469,12854,8263,8846,20257,17725,7128,6028,11644,2246,150,8555,1,15:28
2024-25,1631170,Jaime Jaquez Jr.,Jaime,1610612748,MIA,Miami Heat,0022400147,2024-11-02T00:00:00,MIA @ WAS,W,24.716666666666665,5.8,17.5,0.333,0.0,4.4,0.0,0.0,0.0,0.0,4.4,10.2,14.6,1.5,1.5,0.0,0.0,2.9,1.5,0.0,11.7,14.6,29.9,0,0,27.7,1,1,13086,1,12256,12036,5270,17395,15070,14762,15070,13505,14344,13505,3083,2429,1972,18151,12974,12854,8263,1446,17414,17725,16518,5796,14902,2246,150,15661,1,24:43
2024-25,1630215,Jared Butler,Jared,1610612764,WAS,Washington Wizards,0022400147,2024-11-02T00:00:00,WAS @ MIA,L,6.783333333333333,10.6,15.9,0.667,0.0,0.0,0.0,5.3,10.6,0.5,0.0,0.0,0.0,10.6,5.3,5.3,0.0,0.0,0.0,5.3,26.5,15.9,53.1,0,0,47.8,1,13222,1,13222,23250,2600,7222,3281,15070,20945,15070,3642,1146,10625,14058,22137,23286,1159,1995,736,8263,8846,20257,3615,3411,5280,2429,2246,150,3238,1,6:47
2024-25,1629162,Jordan McLaughlin,Jordan,1610612758,SAC,Sacramento Kings,0022400143,2024-11-02T00:00:00,SAC @ TOR,L,5.2,0.0,0.0,0.0,0.0,0.0,0.0,0.0,0.0,0.0,0.0,0.0,0.0,0.0,6.9,13.8,0.0,0.0,0.0,6.9,0.0,6.9,34.6,0,0,27.7,1,13222,1,13222,23910,22635,24836,22635,15070,20945,15070,13505,14344,13505,14058,22137,23286,19908,925,53,8263,8846,20257,1711,23200,9176,11356,2246,150,15649,1,5:12
2024-25,1642259,Alex Sarr,Alex,1610612764,WAS,Washington Wizards,0022400147,2024-11-02T00:00:00,WAS @ MIA,L,27.0,9.3,14.7,0.636,1.3,5.3,0.25,2.7,2.7,1.0,1.3,6.7,8.0,4.0,1.3,0.0,5.3,0.0,2.7,1.3,22.7,-12.0,52.9,0,0,46.7,1,13222,1,13222,10332,4156,9105,4689,12721,12367,11902,8651,10822,1,11048,6964,8265,9938,13654,12854,432,8846,12174,15751,5729,18731,2469,2246,150,3600,1,27:00
2024-25,1628370,Malik Monk,Malik,1610612758,SAC,Sacramento Kings,0022400143,2024-11-02T00:00:00,SAC @ TOR,L,38.35666666666667,8.4,15.0,0.563,2.8,6.6,0.429,0.0,0.0,0.0,0.0,3.8,3.8,3.8,0.9,1.9,0.0,1.9,2.8,0.0,19.7,2.8,34.5,0,0,33.8,1,13222,1,13222,1189,5719,8585,7127,7172,9387,7394,13505,14344,13505,14058,14455,17930,10638,16207,6874,8263,3637,11573,17725,8151,11212,11418,2246,150,11007,1,38:21
2024-25,1630573,Sam Hauser,Sam,1610612738,BOS,Boston Celtics,0022400141,2024-11-02T00:00:00,BOS @ CHA,W,19.65,5.5,12.8,0.429,3.7,11.0,0.333,0.0,0.0,0.0,5.5,7.3,12.8,1.8,0.0,0.0,0.0,0.0,1.8,0.0,14.7,9.2,32.8,0,0,33.0,1,1,13086,1,16300,12981,12172,13735,4770,2491,9209,13505,14344,13505,1947,5786,2924,16985,16469,12854,8263,8846,16025,17725,13239,8110,12731,2246,150,11664,1,19:39
2024-25,1630231,KJ Martin,KJ,1610612755,PHI,Philadelphia 76ers,0022400142,2024-11-02T00:00:00,PHI vs. MEM,L,20.3,1.8,3.5,0.5,0.0,0.0,0.0,3.5,3.5,1.0,0.0,5.3,5.3,1.8,0.0,0.0,5.3,0.0,5.3,1.8,7.1,5.3,32.1,0,0,24.8,1,13222,1,13222,15787,21794,24290,8526,15070,20945,15070,6607,8794,1,14058,9979,13988,17159,16469,12854,436,8846,3986,14029,20641,9933,13254,2246,150,17806,1,20:18
2024-25,1631095,Jabari Smith Jr.,Jabari,1610612745,HOU,Houston Rockets,0022400144,2024-11-02T00:00:00,HOU vs. GSW,L,37.31333333333333,6.8,17.4,0.389,4.8,12.5,0.385,1.9,1.9,1.0,1.9,4.8,6.8,0.0,0.0,1.0,0.0,0.0,1.9,3.9,20.3,-3.9,31.3,0,0,33.8,1,13222,1,13222,1792,9551,5386,16009,2523,1503,8766,10867,12909,1,8709,11357,10627,19908,16469,12242,8263,8846,15523,6680,7693,14982,13858,2246,150,11021,1,37:19
2024-25,201142,Kevin Durant,Kevin,1610612756,PHX,Phoenix Suns,0022400149,2024-11-02T00:00:00,PHX vs. POR,W,37.86666666666667,6.7,15.2,0.438,2.9,7.6,0.375,3.8,4.8,0.8,1.0,7.6,8.6,1.9,2.9,0.0,0.0,0.0,1.0,6.7,20.0,8.6,30.2,0,0,33.3,1,1,13086,1,1463,9815,8230,13558,7039,7165,8800,6076,6387,7681,13639,5316,7387,16747,7018,12854,8263,8846,19965,1943,7947,8379,14645,2246,150,11430,1,37:52
2024-25,1626162,Kelly Oubre Jr.,Kelly,1610612755,PHI,Philadelphia 76ers,0022400142,2024-11-02T00:00:00,PHI vs. MEM,L,27.265,6.6,19.8,0.333,5.3,13.2,0.4,0.0,0.0,0.0,1.3,4.0,5.3,0.0,0.0,2.6,1.3,0.0,6.6,0.0,18.5,-14.5,36.7,0,0,37.0,1,13222,1,13222,10143,9922,3105,17395,1967,1204,7874,13505,14344,13505,11098,13835,14087,19908,16469,4040,5559,8846,2317,17725,9332,19718,9886,2246,150,8739,1,27:16
2024-25,203937,Kyle Anderson,Kyle,1610612744,GSW,Golden State Warriors,0022400144,2024-11-02T00:00:00,GSW @ HOU,W,24.155,6.0,14.9,0.4,1.5,6.0,0.25,0.0,0.0,0.0,0.0,4.5,4.5,3.0,1.5,1.5,1.5,0.0,0.0,1.5,13.4,-3.0,30.7,0,0,28.3,1,1,13086,1,12758,11623,8745,14933,12079,10782,11902,13505,14344,13505,14058,12338,16122,12997,12797,8457,4891,8846,20257,15040,14609,14562,14271,2246,150,15195,1,24:09
2024-25,1629660,Ty Jerome,Ty,1610612739,CLE,Cleveland Cavaliers,0022400145,2024-11-02T00:00:00,CLE @ MIL,W,8.766666666666667,4.1,8.2,0.5,0.0,0.0,0.0,4.1,4.1,1.0,0.0,8.2,8.2,12.3,0.0,0.0,0.0,0.0,4.1,4.1,12.3,8.2,40.7,0,0,32.9,1,1,13086,1,22540,16832,19923,8526,15070,20945,15070,5515,7615,1,14058,4404,7916,650,16469,12854,8263,8846,6817,6039,15806,8524,7359,2246,150,11763,1,8:46
2024-25,1641738,Kobe Brown,Kobe,1610612746,LAC,LA Clippers,0022400150,2024-11-02T00:00:00,LAC vs. OKC,L,4.216666666666667,0.0,0.0,0.0,0.0,0.0,0.0,0.0,0.0,0.0,0.0,8.5,8.5,8.5,0.0,0.0,0.0,0.0,0.0,8.5,0.0,25.6,23.1,0,0,17.1,1,13222,1,13222,24368,22635,24836,22635,15070,20945,15070,13505,14344,13505,14058,4003,7418,2387,16469,12854,8263,8846,20257,808,23200,2690,19530,2246,150,22270,1,4:13
2024-25,1629008,Michael Porter Jr.,Michael,1610612743,DEN,Denver Nuggets,0022400148,2024-11-02T00:00:00,DEN vs. UTA,W,29.316666666666666,8.6,14.7,0.583,4.9,7.4,0.667,2.5,2.5,1.0,0.0,6.1,6.1,2.5,0.0,0.0,0.0,0.0,1.2,2.5,24.6,30.7,35.6,0,0,38.1,1,1,13086,1,8382,5450,8991,6296,2387,7685,1957,9181,11324,1,14058,8025,11955,14694,16469,12854,8263,8846,18392,11142,4449,1870,10644,2246,150,7984,1,29:19
2024-25,1629630,Ja Morant,Ja,1610612763,MEM,Memphis Grizzlies,0022400142,2024-11-02T00:00:00,MEM @ PHI,W,31.415,6.9,14.9,0.462,0.0,2.3,0.0,6.9,9.2,0.75,0.0,6.9,6.9,13.8,6.9,2.3,0.0,1.1,1.1,6.9,20.6,24.1,49.5,1,0,45.8,1,1,13086,1,6499,9231,8749,12428,15070,19000,15070,2095,1784,8186,14058,6573,10369,416,946,5072,8263,6666,18836,1761,7371,3010,3417,1,150,3885,1,31:25
2024-25,1630224,Jalen Green,Jalen,1610612745,HOU,Houston Rockets,0022400144,2024-11-02T00:00:00,HOU vs. GSW,L,33.705,2.1,13.9,0.154,1.1,5.3,0.2,2.1,2.1,1.0,0.0,1.1,1.1,3.2,1.1,1.1,1.1,1.1,4.3,1.1,7.5,-21.4,18.9,0,0,17.1,1,13222,1,13222,4545,21171,10369,22243,14142,12352,13429,10181,12300,1,14058,21829,23128,12288,15362,11304,7000,7326,6371,17073,20337,21928,21699,2246,150,22267,1,33:42
2024-25,1641708,Amen Thompson,Amen,1610612745,HOU,Houston Rockets,0022400144,2024-11-02T00:00:00,HOU vs. GSW,L,33.7,8.5,16.0,0.533,0.0,2.1,0.0,2.1,4.3,0.5,3.2,8.5,11.8,4.3,0.0,1.1,0.0,0.0,2.1,4.3,19.2,0.0,42.9,1,0,37.4,1,13222,1,13222,4549,5532,7082,8140,15070,19298,15070,10179,7261,10625,4934,3997,3716,9198,16469,11299,8263,8846,14422,5664,8630,12240,6153,1,150,8440,1,33:42
2024-25,1630539,Kai Jones,Kai,1610612746,LAC,LA Clippers,0022400150,2024-11-02T00:00:00,LAC vs. OKC,L,9.833333333333334,7.3,7.3,1.0,0.0,0.0,0.0,0.0,0.0,0.0,7.3,0.0,7.3,3.7,3.7,0.0,3.7,0.0,3.7,0.0,14.6,25.6,36.2,0,0,32.9,1,13222,1,13222,22156,8182,21175,1,15070,20945,15070,13505,14344,13505,1018,22137,9531,10901,4649,12854,1112,8846,8224,17725,13255,2687,10202,2246,150,11695,1,9:50
2024-25,1629611,Terance Mann,Terance,1610612746,LAC,LA Clippers,0022400150,2024-11-02T00:00:00,LAC vs. OKC,L,24.55,2.9,8.8,0.333,1.5,2.9,0.5,8.8,8.8,1.0,2.9,5.9,8.8,2.9,1.5,1.5,0.0,0.0,2.9,4.4,16.1,-23.5,34.0,0,0,32.3,1,13222,1,13222,12423,19569,19024,17395,12177,17795,3944,1075,1986,1,5501,8630,7028,13152,12919,8547,8263,8846,11016,5347,11786,22454,11788,2246,150,12160,1,24:33
2024-25,1627751,Jakob Poeltl,Jakob,1610612761,TOR,Toronto Raptors,0022400143,2024-11-02T00:00:00,TOR vs. SAC,W,33.81666666666667,5.3,8.5,0.625,0.0,0.0,0.0,3.2,4.3,0.75,3.2,6.4,9.6,2.1,4.3,2.1,1.1,0.0,6.4,3.2,13.8,-17.0,33.9,0,0,31.9,1,1,13086,1,4424,13484,19467,4899,15070,20945,15070,7345,7297,8186,4955,7531,5946,15899,3403,5663,7031,8846,2506,8588,14110,20635,11931,2246,150,12431,1,33:49
2024-25,1642271,Kyle Filipowski,Kyle,1610612762,UTA,Utah Jazz,0022400148,2024-11-02T00:00:00,UTA @ DEN,L,17.716666666666665,2.0,6.1,0.333,0.0,4.1,0.0,0.0,0.0,0.0,0.0,12.2,12.2,0.0,4.1,0.0,0.0,0.0,6.1,0.0,4.1,-42.7,14.6,0,0,16.3,1,13222,1,13222,17765,21344,22515,17395,15070,15447,15070,13505,14344,13505,14058,1277,3353,19908,3755,12854,8263,8846,2825,17725,22526,25027,23303,2246,150,22601,1,17:43
2024-25,1629599,Amir Coffey,Amir,1610612746,LAC,LA Clippers,0022400150,2024-11-02T00:00:00,LAC vs. OKC,L,20.133333333333333,1.8,3.6,0.5,0.0,1.8,0.0,3.6,3.6,1.0,0.0,1.8,1.8,0.0,7.2,3.6,0.0,0.0,1.8,1.8,7.2,-28.6,12.9,0,0,16.1,1,13222,1,13222,15915,21773,24280,8526,15070,19932,15070,6540,8732,1,14058,20273,22177,19908,831,2127,8263,8846,16241,13972,20597,23525,23801,2246,150,22669,1,20:08
2024-25,1641705,Victor Wembanyama,Victor,1610612759,SAS,San Antonio Spurs,0022400146,2024-11-02T00:00:00,SAS vs. MIN,W,30.998333333333335,8.1,17.4,0.467,1.2,8.1,0.143,2.3,2.3,1.0,1.2,5.8,7.0,3.5,3.5,1.2,2.3,0.0,4.6,5.8,19.7,15.1,40.3,0,0,38.3,1,1,13086,1,6886,6351,5327,12249,13587,6223,14649,9552,11712,1,12038,8782,10200,11432,5046,10496,2697,8846,5423,2888,8124,5592,7573,2246,150,7811,1,30:60
2024-25,1642346,Ryan Dunn,Ryan,1610612756,PHX,Phoenix Suns,0022400149,2024-11-02T00:00:00,PHX vs. POR,W,13.701666666666666,0.0,10.5,0.0,0.0,7.9,0.0,0.0,0.0,0.0,2.6,2.6,5.3,5.3,2.6,2.6,0.0,0.0,2.6,0.0,0.0,13.1,19.4,0,0,15.8,1,1,13086,1,20363,22635,16207,22635,15070,6656,15070,13505,14344,13505,6282,17882,14149,6931,7781,4076,8263,8846,12338,17725,23200,6330,21434,2246,150,22805,1,13:42
2024-25,1630598,Aaron Wiggins,Aaron,1610612760,OKC,Oklahoma City Thunder,0022400150,2024-11-02T00:00:00,OKC @ LAC,W,30.366666666666667,5.9,14.2,0.417,2.4,4.7,0.5,0.0,0.0,0.0,0.0,5.9,5.9,2.4,0.0,3.6,0.0,2.4,1.2,0.0,14.2,17.8,35.6,0,0,32.0,1,1,13086,1,7443,11719,9788,14532,8590,13862,3944,13505,14344,13505,14058,8488,12459,14978,16469,2161,8263,2284,18619,17725,13699,4632,10684,2246,150,12384,1,30:22
2024-25,1627824,Guerschon Yabusele,Guerschon,1610612755,PHI,Philadelphia 76ers,0022400142,2024-11-02T00:00:00,PHI vs. MEM,L,18.691666666666666,5.8,11.6,0.5,5.8,11.6,0.5,0.0,0.0,0.0,0.0,5.8,5.8,0.0,0.0,1.9,0.0,0.0,3.9,0.0,17.3,0.0,30.0,0,0,32.7,1,13222,1,13222,17043,12177,14380,8526,1506,2063,3944,13505,14344,13505,14058,8840,12817,19908,16469,6643,8263,8846,7600,17725,10492,12240,14761,2246,150,11845,1,18:42
2024-25,1642264,Stephon Castle,Stephon,1610612759,SAS,San Antonio Spurs,0022400146,2024-11-02T00:00:00,SAS vs. MIN,W,15.45,2.3,11.7,0.2,2.3,7.0,0.333,0.0,4.7,0.0,0.0,7.0,7.0,0.0,0.0,0.0,0.0,2.3,2.3,4.7,7.0,7.0,15.4,0,0,16.3,1,1,13086,1,19281,20797,14216,21401,8738,8480,9209,13505,6559,13505,14058,6372,10158,19908,16469,12854,8263,2368,13524,4805,20737,9142,23063,2246,150,22581,1,15:27
2024-25,203486,Mason Plumlee,Mason,1610612756,PHX,Phoenix Suns,0022400149,2024-11-02T00:00:00,PHX vs. POR,W,16.5,0.0,4.4,0.0,0.0,0.0,0.0,0.0,4.4,0.0,2.2,10.9,13.1,4.4,2.2,0.0,4.4,0.0,0.0,4.4,0.0,-17.5,33.2,0,0,26.2,1,1,13086,1,18600,22635,23881,22635,15070,20945,15070,13505,7086,13505,7646,1953,2743,8972,9588,12854,729,8846,20257,5436,23200,20768,12460,2246,150,16805,1,16:30
2024-25,1629628,RJ Barrett,RJ,1610612761,TOR,Toronto Raptors,0022400143,2024-11-02T00:00:00,TOR vs. SAC,W,39.9,9.0,23.5,0.385,2.7,8.1,0.333,7.2,9.9,0.727,1.8,6.3,8.1,5.4,1.8,0.9,0.0,0.9,0.9,6.3,28.0,4.5,46.7,0,0,46.0,1,1,13086,1,583,4668,1232,16070,7515,6236,9209,1858,1402,9223,9221,7662,8051,6602,11530,12657,8263,8653,20143,2268,2800,10382,4432,2246,150,3809,1,39:54
2024-25,1626171,Bobby Portis,Bobby,1610612749,MIL,Milwaukee Bucks,0022400145,2024-11-02T00:00:00,MIL vs. CLE,L,20.171666666666667,8.9,17.8,0.5,0.0,3.6,0.0,0.0,0.0,0.0,1.8,12.5,14.3,0.0,3.6,0.0,0.0,0.0,3.6,0.0,17.8,-28.6,31.4,0,0,32.1,1,13222,1,13222,15888,4854,4866,8526,15070,16513,15070,13505,14344,13505,9301,1159,2109,19908,4847,12854,8263,8846,8531,17725,9982,23520,13741,2246,150,12281,1,20:10
2024-25,1630583,Santi Aldama,Santi,1610612763,MEM,Memphis Grizzlies,0022400142,2024-11-02T00:00:00,MEM @ PHI,W,34.81666666666667,5.2,12.4,0.417,0.0,5.2,0.0,0.0,0.0,0.0,1.0,12.4,13.4,4.1,1.0,1.0,1.0,0.0,1.0,0.0,10.3,13.4,37.8,1,0,32.1,1,1,13086,1,3597,13893,12882,14532,15070,12772,15070,13505,14344,13505,12991,1187,2514,9561,15608,11645,7242,8846,19505,17725,17813,6218,9130,1,150,12341,1,34:49
2024-25,203924,Jerami Grant,Jerami,1610612757,POR,Portland Trail Blazers,0022400149,2024-11-02T00:00:00,POR @ PHX,L,39.1,7.4,21.2,0.348,1.8,8.3,0.222,1.8,1.8,1.0,0.0,6.4,6.4,1.8,0.9,0.9,0.9,1.8,1.8,1.8,18.4,1.8,33.5,0,0,32.2,1,13222,1,13222,842,8089,2220,17377,10916,5936,13288,11144,13129,1,14058,7418,11290,16961,16281,12560,8001,3766,15986,13768,9401,11714,12186,2246,150,12199,1,39:06
2024-25,1629675,Naz Reid,Naz,1610612750,MIN,Minnesota Timberwolves,0022400146,2024-11-02T00:00:00,MIN @ SAS,L,26.25,5.5,11.0,0.5,2.7,6.9,0.4,1.4,2.7,0.5,0.0,5.5,5.5,2.7,0.0,0.0,0.0,1.4,1.4,1.4,15.1,-13.7,25.8,0,0,26.1,1,13222,1,13222,10949,13026,15409,8526,7410,8760,7874,12098,10631,10625,14058,9567,13575,13778,16469,12854,8263,5302,17737,15565,12818,19383,17761,2246,150,16891,1,26:15
2024-25,1641725,Trey Alexander,Trey,1610612743,DEN,Denver Nuggets,0022400148,2024-11-02T00:00:00,DEN vs. UTA,W,4.133333333333334,8.7,26.1,0.333,0.0,8.7,0.0,0.0,0.0,0.0,0.0,0.0,0.0,0.0,0.0,0.0,0.0,0.0,0.0,0.0,17.4,17.4,17.4,0,0,17.4,1,1,13086,1,24406,5246,623,17395,15070,5252,15070,13505,14344,13505,14058,22137,23286,19908,16469,12854,8263,8846,20257,17725,10403,4767,22327,2246,150,22121,1,4:08
2024-25,1629312,Haywood Highsmith,Haywood,1610612748,MIA,Miami Heat,0022400147,2024-11-02T00:00:00,MIA @ WAS,W,2.183333333333333,0.0,0.0,0.0,0.0,0.0,0.0,0.0,0.0,0.0,0.0,16.5,16.5,0.0,0.0,0.0,0.0,0.0,0.0,0.0,0.0,-33.0,19.8,0,0,16.5,1,1,13086,1,25376,22635,24836,22635,15070,20945,15070,13505,14344,13505,14058,375,1271,19908,16469,12854,8263,8846,20257,17725,23200,24158,21266,2246,150,22510,1,2:11
2024-25,201143,Al Horford,Al,1610612738,BOS,Boston Celtics,0022400141,2024-11-02T00:00:00,BOS @ CHA,W,27.128333333333334,0.0,5.3,0.0,0.0,4.0,0.0,0.0,0.0,0.0,2.7,5.3,8.0,6.6,1.3,1.3,0.0,0.0,4.0,0.0,0.0,5.3,22.2,0,0,17.3,1,1,13086,1,10255,22635,23254,22635,15070,15616,15070,13505,14344,13505,6219,10010,8340,4525,13682,9313,8263,8846,7194,17725,23200,9943,20047,2246,150,22192,1,27:08
2024-25,1642367,Jonathan Mogbo,Jonathan,1610612761,TOR,Toronto Raptors,0022400143,2024-11-02T00:00:00,TOR vs. SAC,W,16.25,4.4,6.6,0.667,0.0,0.0,0.0,4.4,8.9,0.5,11.1,2.2,13.3,2.2,6.6,2.2,2.2,0.0,13.3,4.4,13.3,37.7,39.2,0,0,37.7,1,1,13086,1,18753,15979,21957,3281,15070,20945,15070,4940,1945,10625,304,19029,2607,15572,1055,5337,2914,8846,317,5281,14759,1148,8260,2246,150,8244,1,16:15
2024-25,1629638,Nickeil Alexander-Walker,Nickeil,1610612750,MIN,Minnesota Timberwolves,0022400146,2024-11-02T00:00:00,MIN @ SAS,L,23.9,4.5,10.5,0.429,0.0,6.0,0.0,0.0,1.5,0.0,1.5,3.0,4.5,9.0,3.0,0.0,1.5,0.0,1.5,4.5,9.0,-4.5,29.5,0,0,25.6,1,13222,1,13222,12991,15715,16143,13735,15070,10631,15070,13505,13481,13505,10293,16669,15995,1985,6415,12854,4820,8846,17187,5093,19041,15333,15130,2246,150,17206,1,23:54
2024-25,1629111,Jock Landale,Jock,1610612745,HOU,Houston Rockets,0022400144,2024-11-02T00:00:00,HOU vs. GSW,L,5.316666666666666,6.8,6.8,1.0,6.8,6.8,1.0,0.0,0.0,0.0,6.8,0.0,6.8,6.8,6.8,0.0,0.0,0.0,6.8,0.0,20.3,0.0,31.8,0,0,40.6,1,13222,1,13222,23861,9492,21808,1,856,8956,1,13505,14344,13505,1243,22137,10591,4323,991,12854,8263,8846,2165,17725,7646,12240,13456,2246,150,6424,1,5:19
2024-25,1631212,Peyton Watson,Peyton,1610612743,DEN,Denver Nuggets,0022400148,2024-11-02T00:00:00,DEN vs. UTA,W,19.566666666666666,3.7,16.6,0.222,0.0,1.8,0.0,7.4,7.4,1.0,5.5,1.8,7.4,1.8,3.7,5.5,0.0,7.4,3.7,5.5,14.7,-5.5,39.2,0,0,35.0,1,1,13086,1,16360,17889,6358,21205,15070,19851,15070,1757,3036,1,1940,20134,9452,16964,4598,628,8263,135,8165,3308,13179,15843,8277,2246,150,10126,1,19:34
2024-25,202692,Alec Burks,Alec,1610612748,MIA,Miami Heat,0022400147,2024-11-02T00:00:00,MIA @ WAS,W,28.95,6.2,9.9,0.625,6.2,8.7,0.714,0.0,0.0,0.0,2.5,1.2,3.7,3.7,1.2,1.2,0.0,0.0,1.2,3.7,18.7,7.5,31.2,0,0,34.8,1,1,13086,1,8713,10926,17152,4899,1151,5265,1861,13505,14344,13505,6655,21417,17987,10709,14140,9841,8263,8846,18310,7048,9160,8903,13890,2246,150,10216,1,28:57
2024-25,203932,Aaron Gordon,Aaron,1610612743,DEN,Denver Nuggets,0022400148,2024-11-02T00:00:00,DEN vs. UTA,W,26.266666666666666,6.9,12.3,0.556,2.7,4.1,0.667,0.0,0.0,0.0,2.7,5.5,8.2,6.9,0.0,0.0,0.0,1.4,2.7,0.0,16.4,38.4,36.6,0,0,34.3,1,1,13086,1,10937,9288,13021,7248,7416,15318,1957,13505,14344,13505,6005,9576,7901,4206,16469,12854,8263,5307,11879,17725,11448,1085,9970,2246,150,10642,1,26:16
2024-25,1630545,Terrence Shannon Jr.,Terrence,1610612750,MIN,Minnesota Timberwolves,0022400146,2024-11-02T00:00:00,MIN @ SAS,L,3.1333333333333333,0.0,0.0,0.0,0.0,0.0,0.0,0.0,0.0,0.0,0.0,0.0,0.0,0.0,0.0,0.0,0.0,0.0,0.0,0.0,0.0,46.0,0.0,0,0,0.0,1,13222,1,13222,24922,22635,24836,22635,15070,20945,15070,13505,14344,13505,14058,22137,23286,19908,16469,12854,8263,8846,20257,17725,23200,664,25228,2246,150,25259,1,3:08
2024-25,1641711,Gradey Dick,Gradey,1610612761,TOR,Toronto Raptors,0022400143,2024-11-02T00:00:00,TOR vs. SAC,W,37.53333333333333,5.8,16.3,0.353,2.9,7.7,0.375,6.7,6.7,1.0,0.0,4.8,4.8,1.9,2.9,1.9,0.0,0.0,0.0,4.8,21.1,-2.9,32.6,0,0,34.5,1,1,13086,1,1662,12253,6677,17268,6952,7043,8800,2227,3646,1,14058,11451,15314,16681,6931,6673,8263,8846,20257,4510,7001,14500,12879,2246,150,10422,1,37:32
2024-25,1641796,Pelle Larsson,Pelle,1610612748,MIA,Miami Heat,0022400147,2024-11-02T00:00:00,MIA @ WAS,W,13.633333333333333,7.9,10.6,0.75,2.6,5.3,0.5,0.0,0.0,0.0,0.0,2.6,2.6,5.3,5.3,2.6,0.0,0.0,2.6,0.0,18.5,47.5,32.2,0,0,34.3,1,1,13086,1,20399,6806,16115,2107,7709,12514,3944,13505,14344,13505,14058,17848,20564,6864,2030,4041,8263,8846,12276,17725,9333,622,13162,2246,150,10582,1,13:38
2024-25,1630322,Lindy Waters III,Lindy,1610612744,GSW,Golden State Warriors,0022400144,2024-11-02T00:00:00,GSW @ HOU,W,17.465,2.1,8.2,0.25,0.0,4.1,0.0,0.0,0.0,0.0,0.0,2.1,2.1,6.2,0.0,0.0,0.0,0.0,0.0,2.1,4.1,-6.2,15.9,0,0,12.4,1,1,13086,1,17954,21296,19869,20233,15070,15292,15070,13505,14344,13505,14058,19474,21676,5191,16469,12854,8263,8846,20257,12798,22499,16147,22904,2246,150,23906,1,17:28
2024-25,1630171,Isaac Okoro,Isaac,1610612739,CLE,Cleveland Cavaliers,0022400145,2024-11-02T00:00:00,CLE @ MIL,W,28.1,5.1,6.4,0.8,3.8,5.1,0.75,2.6,2.6,1.0,2.6,7.7,10.2,1.3,0.0,1.3,0.0,0.0,6.4,3.8,16.7,15.4,34.7,0,0,34.6,1,1,13086,1,9459,14020,22201,1688,4332,12889,1542,8898,11063,1,6445,5178,5178,18720,16469,9574,8263,8846,2486,6730,11217,5476,11273,2246,150,10370,1,28:06
2024-25,1630214,Xavier Tillman,Xavier,1610612738,BOS,Boston Celtics,0022400141,2024-11-02T00:00:00,BOS @ CHA,W,2.933333333333333,0.0,0.0,0.0,0.0,0.0,0.0,0.0,0.0,0.0,0.0,12.3,12.3,0.0,0.0,0.0,0.0,0.0,0.0,0.0,0.0,-12.3,14.7,0,0,12.3,1,1,13086,1,25014,22635,24836,22635,15070,20945,15070,13505,14344,13505,14058,1240,3284,19908,16469,12854,8263,8846,20257,17725,23200,18847,23273,2246,150,23920,1,2:56
2024-25,203078,Bradley Beal,Bradley,1610612756,PHX,Phoenix Suns,0022400149,2024-11-02T00:00:00,PHX vs. POR,W,33.95,5.3,13.8,0.385,3.2,8.5,0.375,2.1,4.2,0.5,1.1,6.4,7.4,4.2,0.0,1.1,1.1,1.1,1.1,2.1,15.9,-4.2,37.5,0,0,35.0,1,1,13086,1,4306,13526,10522,16070,6008,5613,8800,10228,7334,10625,12790,7573,9324,9273,16469,11386,7058,7393,19337,12526,12020,15197,9319,2246,150,10099,1,33:57
2024-25,1628368,De'Aaron Fox,De'Aaron,1610612758,SAC,Sacramento Kings,0022400143,2024-11-02T00:00:00,SAC @ TOR,L,43.233333333333334,6.7,18.3,0.364,0.0,9.2,0.0,6.7,8.3,0.8,2.5,2.5,5.0,0.8,4.2,4.2,0.0,0.8,1.7,5.8,20.0,-4.2,35.6,0,0,34.1,1,13222,1,13222,135,9796,4356,16861,15070,4596,15070,2269,2308,7681,6613,18191,14797,19895,3558,1485,8263,8797,16636,2851,7934,15159,10692,2246,150,10740,1,43:14
2024-25,1630658,Colin Castleton,Colin,1610612763,MEM,Memphis Grizzlies,0022400142,2024-11-02T00:00:00,MEM @ PHI,W,0.695,0.0,0.0,0.0,0.0,0.0,0.0,0.0,0.0,0.0,0.0,0.0,0.0,0.0,0.0,0.0,0.0,0.0,0.0,0.0,0.0,-103.6,0.0,0,0,0.0,1,1,13086,1,26160,22635,24836,22635,15070,20945,15070,13505,14344,13505,14058,22137,23286,19908,16469,12854,8263,8846,20257,17725,23200,26165,25228,2246,150,25259,1,0:42
2024-25,1642266,Ja'Kobe Walter,Ja'Kobe,1610612761,TOR,Toronto Raptors,0022400143,2024-11-02T00:00:00,TOR vs. SAC,W,10.333333333333334,0.0,3.5,0.0,0.0,0.0,0.0,0.0,7.0,0.0,3.5,3.5,7.0,3.5,0.0,0.0,0.0,0.0,7.0,3.5,0.0,-20.9,13.6,0,0,10.5,1,1,13086,1,21992,22635,24315,22635,15070,20945,15070,13505,3391,13505,4399,15283,10201,11433,16469,12854,8263,8846,1998,7705,23200,21805,23610,2246,150,24348,1,10:20
2024-25,1629673,Jordan Poole,Jordan,1610612764,WAS,Washington Wizards,0022400147,2024-11-02T00:00:00,WAS @ MIA,L,30.85,9.3,21.0,0.444,2.3,9.3,0.25,3.5,4.7,0.75,0.0,0.0,0.0,3.5,4.7,2.3,2.3,0.0,4.7,7.0,24.5,-25.7,39.1,0,0,39.7,1,13222,1,13222,6992,4150,2329,13045,8728,4326,11902,6704,6547,8186,14058,22137,23286,11387,2759,4925,2679,8846,5369,1664,4486,22953,8345,2246,150,6963,1,30:51
2024-25,1631321,Sidy Cissoko,Sidy,1610612759,SAS,San Antonio Spurs,0022400146,2024-11-02T00:00:00,SAS vs. MIN,W,1.3166666666666667,0.0,0.0,0.0,0.0,0.0,0.0,0.0,0.0,0.0,0.0,0.0,0.0,0.0,0.0,0.0,0.0,0.0,0.0,0.0,0.0,-136.7,0.0,0,0,0.0,1,1,13086,1,25907,22635,24836,22635,15070,20945,15070,13505,14344,13505,14058,22137,23286,19908,16469,12854,8263,8846,20257,17725,23200,26243,25228,2246,150,25259,1,1:19
2024-25,1641854,Craig Porter Jr.,Craig,1610612739,CLE,Cleveland Cavaliers,0022400145,2024-11-02T00:00:00,CLE @ MIL,W,5.433333333333334,0.0,0.0,0.0,0.0,0.0,0.0,0.0,0.0,0.0,0.0,6.6,6.6,13.3,0.0,0.0,0.0,0.0,0.0,0.0,0.0,39.8,27.8,0,0,19.9,1,1,13086,1,23813,22635,24836,22635,15070,20945,15070,13505,14344,13505,14058,7040,10885,486,16469,12854,8263,8846,20257,17725,23200,995,16347,2246,150,20927,1,5:26
2024-25,1631104,Blake Wesley,Blake,1610612759,SAS,San Antonio Spurs,0022400146,2024-11-02T00:00:00,SAS vs. MIN,W,1.3166666666666667,0.0,27.3,0.0,0.0,0.0,0.0,0.0,0.0,0.0,0.0,0.0,0.0,0.0,0.0,0.0,0.0,0.0,0.0,0.0,0.0,-136.7,0.0,0,0,0.0,1,1,13086,1,25907,22635,459,22635,15070,20945,15070,13505,14344,13505,14058,22137,23286,19908,16469,12854,8263,8846,20257,17725,23200,26243,25228,2246,150,25259,1,1:19
2024-25,1630288,Jeff Dowtin Jr.,Jeff,1610612755,PHI,Philadelphia 76ers,0022400142,2024-11-02T00:00:00,PHI vs. MEM,L,1.45,0.0,24.8,0.0,0.0,0.0,0.0,0.0,0.0,0.0,0.0,0.0,0.0,0.0,0.0,0.0,0.0,0.0,0.0,0.0,0.0,-24.8,0.0,0,0,0.0,1,13222,1,13222,25835,22635,862,22635,15070,20945,15070,13505,14344,13505,14058,22137,23286,19908,16469,12854,8263,8846,20257,17725,23200,22764,25228,2246,150,25259,1,1:27
2024-25,1630557,Corey Kispert,Corey,1610612764,WAS,Washington Wizards,0022400147,2024-11-02T00:00:00,WAS @ MIA,L,30.65,1.2,11.7,0.1,0.0,7.0,0.0,2.3,2.3,1.0,0.0,3.5,3.5,1.2,1.2,1.2,0.0,1.2,0.0,2.3,4.7,-1.2,13.0,0,0,11.7,1,13222,1,13222,7168,22515,14034,22561,15070,8363,15070,9454,11631,1,14058,15165,18501,19099,14633,10399,8263,6448,20257,11552,22190,13656,23757,2246,150,24049,1,30:39
2024-25,1630166,Deni Avdija,Deni,1610612757,POR,Portland Trail Blazers,0022400149,2024-11-02T00:00:00,POR @ PHX,L,32.31666666666667,4.5,13.4,0.333,2.2,5.6,0.4,3.3,3.3,1.0,2.2,4.5,6.7,2.2,1.1,2.2,2.2,1.1,2.2,2.2,14.5,13.4,38.1,0,0,34.5,1,13222,1,13222,5711,15914,11192,17395,9129,11794,7874,7017,9206,1,7500,12389,10765,15520,15036,5279,2890,6929,13970,12040,13430,6237,8964,2246,150,10421,1,32:19
2024-25,1630264,Anthony Gill,Anthony,1610612764,WAS,Washington Wizards,0022400147,2024-11-02T00:00:00,WAS @ MIA,L,3.2666666666666666,0.0,11.0,0.0,0.0,11.0,0.0,0.0,0.0,0.0,0.0,0.0,0.0,11.0,0.0,0.0,0.0,0.0,11.0,0.0,0.0,0.0,16.5,0,0,11.0,1,13222,1,13222,24856,22635,15321,22635,15070,2465,15070,13505,14344,13505,14058,22137,23286,991,16469,12854,8263,8846,536,17725,23200,12240,22652,2246,150,24215,1,3:16
2024-25,1642349,Ajay Mitchell,Ajay,1610612760,OKC,Oklahoma City Thunder,0022400150,2024-11-02T00:00:00,OKC @ LAC,W,7.566666666666666,0.0,0.0,0.0,0.0,0.0,0.0,0.0,0.0,0.0,0.0,0.0,0.0,0.0,9.5,0.0,0.0,0.0,19.0,0.0,0.0,-23.8,-9.5,0,0,0.0,1,1,13086,1,22969,22635,24836,22635,15070,20945,15070,13505,14344,13505,14058,22137,23286,19908,371,12854,8263,8846,133,17725,23200,22524,26217,2246,150,25259,1,7:34
2024-25,1642502,Malevy Leons,Malevy,1610612760,OKC,Oklahoma City Thunder,0022400150,2024-11-02T00:00:00,OKC @ LAC,W,3.4,0.0,10.6,0.0,0.0,10.6,0.0,0.0,0.0,0.0,0.0,0.0,0.0,0.0,0.0,0.0,0.0,0.0,10.6,0.0,0.0,-42.4,0.0,0,0,0.0,1,1,13086,1,24770,22635,16062,22635,15070,2884,15070,13505,14344,13505,14058,22137,23286,19908,16469,12854,8263,8846,600,17725,23200,25003,25228,2246,150,25259,1,3:24
2024-25,1642530,Yuki Kawamura,Yuki,1610612763,MEM,Memphis Grizzlies,0022400142,2024-11-02T00:00:00,MEM @ PHI,W,1.45,0.0,0.0,0.0,0.0,0.0,0.0,0.0,0.0,0.0,0.0,0.0,0.0,0.0,0.0,0.0,0.0,0.0,0.0,0.0,0.0,24.8,0.0,0,0,0.0,1,1,13086,1,25835,22635,24836,22635,15070,20945,15070,13505,14344,13505,14058,22137,23286,19908,16469,12854,8263,8846,20257,17725,23200,2855,25228,2246,150,25259,1,1:27
2024-25,1631096,Chet Holmgren,Chet,1610612760,OKC,Oklahoma City Thunder,0022400150,2024-11-02T00:00:00,OKC @ LAC,W,29.35,3.7,11.0,0.333,1.2,4.9,0.25,3.7,4.9,0.75,1.2,15.9,17.2,4.9,3.7,1.2,1.2,0.0,0.0,2.5,12.3,13.5,43.9,1,0,40.5,1,1,13086,1,8346,17895,15298,17395,13224,13423,11902,6333,6101,8186,11625,436,1082,7676,4604,9966,6012,8846,20257,11152,15858,6207,5715,1,150,6507,1,29:21
2024-25,201942,DeMar DeRozan,DeMar,1610612758,SAC,Sacramento Kings,0022400143,2024-11-02T00:00:00,SAC @ TOR,L,42.885,10.1,22.7,0.444,1.7,5.9,0.286,5.9,5.9,1.0,0.0,2.5,2.5,3.4,5.0,2.5,0.0,0.0,0.8,5.0,27.7,5.0,38.3,0,0,40.3,1,13222,1,13222,162,3141,1513,13045,11461,11005,11433,2999,4651,1,14058,18143,20771,11796,2299,4333,8263,8846,20226,4045,2893,10088,8843,2246,150,6615,1,42:53
2024-25,1630590,Scotty Pippen Jr.,Scotty,1610612763,MEM,Memphis Grizzlies,0022400142,2024-11-02T00:00:00,MEM @ PHI,W,29.02166666666667,5.0,11.2,0.444,1.2,2.5,0.5,3.7,3.7,1.0,0.0,5.0,5.0,16.1,2.5,1.2,0.0,0.0,3.7,3.7,14.9,11.2,46.3,1,0,39.7,1,1,13086,1,8655,14506,15080,13045,13150,18665,3944,6241,8438,1,14058,10994,14899,206,8330,9864,8263,8846,7997,7080,13032,7154,4639,1,150,6950,1,29:01
2024-25,1630568,Luka Garza,Luka,1610612750,MIN,Minnesota Timberwolves,0022400146,2024-11-02T00:00:00,MIN @ SAS,L,3.1333333333333333,0.0,11.5,0.0,0.0,11.5,0.0,0.0,0.0,0.0,0.0,11.5,11.5,0.0,0.0,0.0,0.0,0.0,0.0,0.0,0.0,46.0,13.8,0,0,11.5,1,13222,1,13222,24922,22635,14490,22635,15070,2106,15070,13505,14344,13505,14058,1635,3955,19908,16469,12854,8263,8846,20257,17725,23200,664,23548,2246,150,24115,1,3:08
2024-25,1631222,Jake LaRavia,Jake,1610612763,MEM,Memphis Grizzlies,0022400142,2024-11-02T00:00:00,MEM @ PHI,W,26.151666666666667,4.1,6.9,0.6,2.8,5.5,0.5,0.0,0.0,0.0,0.0,2.8,2.8,2.8,4.1,0.0,0.0,0.0,6.9,0.0,11.0,5.5,14.3,0,0,19.3,1,1,13086,1,11041,16776,21697,5394,7372,11931,3944,13505,14344,13505,14058,17552,20351,13742,3611,12854,8263,8846,2073,17725,17169,9846,23397,2246,150,21262,1,26:09
2024-25,1631218,Trayce Jackson-Davis,Trayce,1610612744,GSW,Golden State Warriors,0022400144,2024-11-02T00:00:00,GSW @ HOU,W,12.6,8.6,8.6,1.0,0.0,0.0,0.0,0.0,0.0,0.0,0.0,8.6,8.6,8.6,0.0,0.0,0.0,0.0,8.6,2.9,17.1,20.0,40.3,0,0,34.3,1,1,13086,1,20943,5483,19388,1,15070,20945,15070,13505,14344,13505,14058,3970,7359,2364,16469,12854,8263,8846,1108,9737,10684,3947,7584,2246,150,10617,1,12:36
2024-25,201145,Jeff Green,Jeff,1610612745,HOU,Houston Rockets,0022400144,2024-11-02T00:00:00,HOU vs. GSW,L,3.1,0.0,0.0,0.0,0.0,0.0,0.0,0.0,0.0,0.0,0.0,0.0,0.0,11.6,0.0,0.0,0.0,0.0,11.6,0.0,0.0,-69.7,17.4,0,0,11.6,1,13222,1,13222,24942,22635,24836,22635,15070,20945,15070,13505,14344,13505,14058,22137,23286,809,16469,12854,8263,8846,455,17725,23200,25882,22327,2246,150,24079,1,3:06
2024-25,1641706,Brandon Miller,Brandon,1610612766,CHA,Charlotte Hornets,0022400141,2024-11-02T00:00:00,CHA vs. BOS,L,31.35,6.9,20.7,0.333,3.4,10.3,0.333,1.1,2.3,0.5,0.0,4.6,4.6,6.9,0.0,2.3,1.1,3.4,4.6,4.6,18.4,-11.5,44.6,0,0,40.2,1,13222,1,13222,6549,9190,2535,17395,5274,3119,9209,12760,11794,10625,14058,12000,15824,4151,16469,5052,6501,962,5556,4959,9443,18526,5388,2246,150,6678,1,31:21
2024-25,1629646,Charles Bassey,Charles,1610612759,SAS,San Antonio Spurs,0022400146,2024-11-02T00:00:00,SAS vs. MIN,W,1.3166666666666667,0.0,0.0,0.0,0.0,0.0,0.0,0.0,0.0,0.0,0.0,0.0,0.0,0.0,0.0,0.0,0.0,0.0,0.0,0.0,0.0,-136.7,0.0,0,0,0.0,1,1,13086,1,25907,22635,24836,22635,15070,20945,15070,13505,14344,13505,14058,22137,23286,19908,16469,12854,8263,8846,20257,17725,23200,26243,25228,2246,150,25259,1,1:19
2024-25,1641794,Dillon Jones,Dillon,1610612760,OKC,Oklahoma City Thunder,0022400150,2024-11-02T00:00:00,OKC @ LAC,W,3.4,0.0,10.6,0.0,0.0,10.6,0.0,0.0,0.0,0.0,0.0,0.0,0.0,10.6,0.0,0.0,0.0,0.0,0.0,0.0,0.0,-42.4,15.9,0,0,10.6,1,1,13086,1,24770,22635,16062,22635,15070,2884,15070,13505,14344,13505,14058,22137,23286,1167,16469,12854,8263,8846,20257,17725,23200,25003,22900,2246,150,24315,1,3:24
2024-25,201587,Nicolas Batum,Nicolas,1610612746,LAC,LA Clippers,0022400150,2024-11-02T00:00:00,LAC vs. OKC,L,19.55,1.8,9.2,0.2,1.8,7.4,0.25,1.8,3.7,0.5,0.0,3.7,3.7,3.7,0.0,0.0,1.8,0.0,0.0,1.8,7.4,-12.9,22.8,0,0,20.3,1,13222,1,13222,16379,21679,18394,21401,10916,7691,11902,11144,8513,10625,14058,14695,18116,10839,16469,12854,3953,8846,20257,13768,20432,19088,19662,2246,150,20722,1,19:33
2024-25,1629684,Grant Williams,Grant,1610612766,CHA,Charlotte Hornets,0022400141,2024-11-02T00:00:00,CHA vs. BOS,L,33.535,2.1,6.4,0.333,1.1,4.3,0.25,0.0,0.0,0.0,0.0,3.2,3.2,2.1,0.0,0.0,0.0,0.0,5.4,4.3,5.4,-8.6,12.5,0,0,11.8,1,13222,1,13222,4697,21152,22161,17395,14110,14931,11902,13505,14344,13505,14058,16021,19173,15834,16469,12854,8263,8846,3896,5608,21814,17223,23912,2246,150,24027,1,33:32
2024-25,1626158,Richaun Holmes,Richaun,1610612764,WAS,Washington Wizards,0022400147,2024-11-02T00:00:00,WAS @ MIA,L,3.2666666666666666,0.0,11.0,0.0,0.0,0.0,0.0,0.0,0.0,0.0,0.0,0.0,0.0,0.0,0.0,0.0,0.0,0.0,0.0,0.0,0.0,0.0,0.0,0,0,0.0,1,13222,1,13222,24856,22635,15321,22635,15070,20945,15070,13505,14344,13505,14058,22137,23286,19908,16469,12854,8263,8846,20257,17725,23200,12240,25228,2246,150,25259,1,3:16
2024-25,1629618,Jalen Pickett,Jalen,1610612743,DEN,Denver Nuggets,0022400148,2024-11-02T00:00:00,DEN vs. UTA,W,2.1666666666666665,0.0,0.0,0.0,0.0,0.0,0.0,0.0,0.0,0.0,0.0,0.0,0.0,0.0,0.0,0.0,0.0,0.0,0.0,0.0,0.0,16.6,0.0,0,0,0.0,1,1,13086,1,25387,22635,24836,22635,15070,20945,15070,13505,14344,13505,14058,22137,23286,19908,16469,12854,8263,8846,20257,17725,23200,5031,25228,2246,150,25259,1,2:10
2024-25,1631114,Jalen Williams,Jalen,1610612760,OKC,Oklahoma City Thunder,0022400150,2024-11-02T00:00:00,OKC @ LAC,W,34.03333333333333,5.3,16.9,0.313,3.2,5.3,0.6,2.1,2.1,1.0,0.0,7.4,7.4,4.2,4.2,2.1,0.0,2.1,4.2,2.1,15.9,10.6,33.2,0,0,34.9,1,1,13086,1,4225,13568,5885,19175,6025,12493,2992,10247,12374,1,14058,5674,9363,9308,3443,5712,8263,2877,6467,12541,12066,7429,12414,2246,150,10161,1,34:02
2024-25,1628401,Derrick White,Derrick,1610612738,BOS,Boston Celtics,0022400141,2024-11-02T00:00:00,BOS @ CHA,W,33.71666666666667,5.3,18.2,0.294,4.3,13.9,0.308,4.3,4.3,1.0,1.1,7.5,8.5,2.1,3.2,1.1,2.1,1.1,2.1,2.1,19.2,8.5,39.1,0,0,40.6,1,1,13086,1,4521,13437,4501,19598,3442,962,11292,5215,7268,1,12732,5544,7412,15871,5811,11309,3108,7328,14427,12460,8633,8386,8349,2246,150,6460,1,33:43
2024-25,1630183,Jaden McDaniels,Jaden,1610612750,MIN,Minnesota Timberwolves,0022400146,2024-11-02T00:00:00,MIN @ SAS,L,29.916666666666668,3.6,10.8,0.333,1.2,7.2,0.167,0.0,0.0,0.0,1.2,2.4,3.6,1.2,0.0,1.2,1.2,0.0,3.6,2.4,8.4,-9.6,21.8,0,0,19.3,1,13222,1,13222,7855,18061,15640,17395,13342,8008,14236,13505,14344,13505,11773,18467,18299,19008,16469,10145,6148,8846,8398,11328,19576,17730,20273,2246,150,21266,1,29:55
2024-25,201569,Eric Gordon,Eric,1610612755,PHI,Philadelphia 76ers,0022400142,2024-11-02T00:00:00,PHI vs. MEM,L,22.433333333333334,6.4,9.6,0.667,3.2,4.8,0.667,0.0,0.0,0.0,1.6,0.0,1.6,3.2,3.2,0.0,0.0,0.0,1.6,0.0,16.0,-19.3,19.6,0,0,24.1,1,13222,1,13222,14170,10389,17711,3281,5929,13660,1957,13505,14344,13505,9899,22137,22436,12269,5795,12854,8263,8846,16857,17725,11874,21328,21371,2246,150,18275,1,22:26
2024-25,1629018,Gary Trent Jr.,Gary,1610612749,MIL,Milwaukee Bucks,0022400145,2024-11-02T00:00:00,MIL vs. CLE,L,34.01166666666666,1.1,10.6,0.1,1.1,7.4,0.143,0.0,0.0,0.0,0.0,1.1,1.1,1.1,3.2,1.1,0.0,0.0,3.2,0.0,3.2,8.5,6.0,0,0,8.5,1,13222,1,13222,4260,22596,16077,22561,14202,7596,14649,13505,14344,13505,14058,21854,23142,19497,5891,11407,8263,8846,9977,17725,22901,8410,24915,2246,150,24691,1,34:01
2024-25,1630544,Tre Mann,Tre,1610612766,CHA,Charlotte Hornets,0022400141,2024-11-02T00:00:00,CHA vs. BOS,L,22.415,6.4,14.5,0.444,1.6,3.2,0.5,1.6,1.6,1.0,0.0,1.6,1.6,4.8,1.6,0.0,0.0,0.0,3.2,3.2,16.1,-6.4,23.6,0,0,24.1,1,13222,1,13222,14187,10378,9428,13045,11652,17247,3944,11590,13385,1,14058,20666,22435,7870,12308,12854,8263,8846,9810,8524,11863,16257,19197,2246,150,18263,1,22:25
2024-25,1642275,Tidjane Salaün,Tidjane,1610612766,CHA,Charlotte Hornets,0022400141,2024-11-02T00:00:00,CHA vs. BOS,L,15.75,0.0,6.9,0.0,0.0,4.6,0.0,0.0,0.0,0.0,0.0,2.3,2.3,0.0,0.0,0.0,0.0,2.3,0.0,0.0,0.0,-4.6,2.7,0,0,2.3,1,13222,1,13222,19100,22635,21724,22635,15070,14265,15070,13505,14344,13505,14058,18806,21233,19908,16469,12854,8263,2460,20257,17725,23200,15354,25134,2246,150,25248,1,15:45
2024-25,1629674,Neemias Queta,Neemias,1610612738,BOS,Boston Celtics,0022400141,2024-11-02T00:00:00,BOS @ CHA,W,15.466666666666667,4.7,9.3,0.5,0.0,0.0,0.0,0.0,0.0,0.0,0.0,7.0,7.0,2.3,0.0,0.0,0.0,0.0,7.0,4.7,9.3,7.0,21.2,0,0,18.6,1,1,13086,1,19270,15347,18257,8526,15070,20945,15070,13505,14344,13505,14058,6389,10168,15128,16469,12854,8263,8846,1991,4817,18803,9146,20603,2246,150,21571,1,15:28
2024-25,1627884,Derrick Jones Jr.,Derrick,1610612746,LAC,LA Clippers,0022400150,2024-11-02T00:00:00,LAC vs. OKC,L,22.083333333333332,1.6,14.7,0.111,0.0,8.2,0.0,0.0,0.0,0.0,1.6,3.3,4.9,0.0,3.3,0.0,0.0,1.6,6.5,0.0,3.3,-6.5,5.9,0,0,8.2,1,13222,1,13222,14427,21994,9096,22520,15070,6169,15070,13505,14344,13505,9810,15907,15089,19908,5632,12854,8263,4362,2380,17725,22867,16301,24930,2246,150,24743,1,22:05
2024-25,1627777,Georges Niang,Georges,1610612739,CLE,Cleveland Cavaliers,0022400145,2024-11-02T00:00:00,CLE @ MIL,W,20.68,1.7,8.7,0.2,0.0,7.0,0.0,1.7,3.5,0.5,0.0,7.0,7.0,3.5,3.5,0.0,1.7,0.0,3.5,5.2,5.2,-5.2,20.5,0,0,19.1,1,1,13086,1,15511,21846,19186,21401,15070,8534,15070,11346,8920,10625,14058,6431,10217,11446,5055,12854,4192,8846,8798,3743,21898,15707,20920,2246,150,21314,1,20:41
2024-25,1642267,Bub Carrington,Bub,1610612764,WAS,Washington Wizards,0022400147,2024-11-02T00:00:00,WAS @ MIA,L,37.0,1.9,8.8,0.222,0.0,4.9,0.0,0.0,0.0,0.0,0.0,3.9,3.9,7.8,0.0,3.9,0.0,1.0,2.9,1.0,3.9,-11.7,31.9,0,0,23.4,1,13222,1,13222,1988,21504,19088,21205,15070,13516,15070,13505,14344,13505,14058,14045,17588,3098,16469,1744,8263,8164,11095,17482,22604,18607,13393,2246,150,18766,1,37:00
2024-25,1628963,Marvin Bagley III,Marvin,1610612764,WAS,Washington Wizards,0022400147,2024-11-02T00:00:00,WAS @ MIA,L,4.05,0.0,8.9,0.0,0.0,0.0,0.0,0.0,0.0,0.0,0.0,8.9,8.9,0.0,0.0,0.0,0.0,0.0,0.0,0.0,0.0,-44.4,10.7,0,0,8.9,1,13222,1,13222,24455,22635,18876,22635,15070,20945,15070,13505,14344,13505,14058,3614,6898,19908,16469,12854,8263,8846,20257,17725,23200,25145,24309,2246,150,24630,1,4:03
2024-25,1641739,Toumani Camara,Toumani,1610612757,POR,Portland Trail Blazers,0022400149,2024-11-02T00:00:00,POR @ PHX,L,34.4,3.1,9.4,0.333,1.0,3.1,0.333,0.0,0.0,0.0,5.2,5.2,10.5,1.0,0.0,2.1,0.0,1.0,2.1,0.0,7.3,1.0,27.7,0,0,24.1,1,13222,1,13222,3923,19124,18084,17395,14274,17383,9209,13505,14344,13505,2165,10209,4944,19539,16469,5822,8263,7524,14640,17725,20467,12125,16407,2246,150,18277,1,34:24
2024-25,1626196,Josh Richardson,Josh,1610612748,MIA,Miami Heat,0022400147,2024-11-02T00:00:00,MIA @ WAS,W,16.166666666666668,0.0,8.9,0.0,0.0,4.5,0.0,0.0,0.0,0.0,2.2,0.0,2.2,2.2,0.0,0.0,0.0,0.0,6.7,2.2,0.0,-11.1,6.0,0,0,4.5,1,1,13086,1,18815,22635,18857,22635,15070,14564,15070,13505,14344,13505,7504,22137,21361,15523,16469,12854,8263,8846,2236,12042,23200,18378,24917,2246,150,25154,1,16:10
2024-25,1626153,Delon Wright,Delon,1610612749,MIL,Milwaukee Bucks,0022400145,2024-11-02T00:00:00,MIL vs. CLE,L,17.033333333333335,0.0,2.1,0.0,0.0,2.1,0.0,0.0,0.0,0.0,0.0,2.1,2.1,0.0,2.1,0.0,0.0,0.0,4.2,0.0,0.0,-10.6,0.4,0,0,2.1,1,13222,1,13222,18234,22635,24738,22635,15070,19348,15070,13505,14344,13505,14058,19324,21587,19908,9938,12854,8263,8846,6480,17725,23200,18137,25224,2246,150,25253,1,17:02
2024-25,1630703,Scoot Henderson,Scoot,1610612757,POR,Portland Trail Blazers,0022400149,2024-11-02T00:00:00,POR @ PHX,L,17.016666666666666,6.3,23.3,0.273,2.1,6.3,0.333,0.0,0.0,0.0,0.0,4.2,4.2,2.1,2.1,0.0,0.0,4.2,0.0,0.0,14.8,-50.8,20.9,0,0,23.3,1,13222,1,13222,18243,10571,1292,20048,9621,9878,9209,13505,14344,13505,14058,13029,16728,15946,9927,12854,8263,573,20257,17725,13108,25423,20716,2246,150,18822,1,17:01
2024-25,1641757,Jordan Miller,Jordan,1610612746,LAC,LA Clippers,0022400150,2024-11-02T00:00:00,LAC vs. OKC,L,4.216666666666667,0.0,0.0,0.0,0.0,0.0,0.0,8.5,17.1,0.5,0.0,0.0,0.0,0.0,8.5,0.0,0.0,0.0,0.0,8.5,8.5,25.6,0.0,0,0,8.5,1,13222,1,13222,24368,22635,24836,22635,15070,20945,15070,1165,223,10625,14058,22137,23286,19908,494,12854,8263,8846,20257,808,19484,2690,25228,2246,150,24674,1,4:13
2024-25,1642262,Cody Williams,Cody,1610612762,UTA,Utah Jazz,0022400148,2024-11-02T00:00:00,UTA @ DEN,L,19.716666666666665,3.7,20.1,0.182,0.0,9.1,0.0,0.0,0.0,0.0,1.8,0.0,1.8,0.0,0.0,0.0,0.0,1.8,1.8,0.0,7.3,-36.5,9.5,0,0,9.1,1,13222,1,13222,16246,17963,2901,21891,15070,4632,15070,13505,14344,13505,9145,22137,22124,19908,16469,12854,8263,3813,16059,17725,20483,24568,24496,2246,150,24584,1,19:43
2024-25,1628420,Monté Morris,Monté,1610612756,PHX,Phoenix Suns,0022400149,2024-11-02T00:00:00,PHX vs. POR,W,7.746666666666667,0.0,4.6,0.0,0.0,4.6,0.0,0.0,0.0,0.0,0.0,4.6,4.6,4.6,0.0,0.0,4.6,0.0,0.0,0.0,0.0,-18.6,26.5,0,0,18.6,1,1,13086,1,22910,22635,23718,22635,15070,14095,15070,13505,14344,13505,14058,11862,15709,8313,16469,12854,635,8846,20257,17725,23200,21094,17297,2246,150,21591,1,7:45
2024-25,1627780,Gary Payton II,Gary,1610612744,GSW,Golden State Warriors,0022400144,2024-11-02T00:00:00,GSW @ HOU,W,10.571666666666667,3.4,6.8,0.5,3.4,3.4,1.0,0.0,0.0,0.0,0.0,3.4,3.4,0.0,0.0,3.4,0.0,3.4,6.8,0.0,10.2,-6.8,24.5,0,0,23.8,1,1,13086,1,21883,18535,21777,8526,5370,16858,1,13505,14344,13505,14058,15506,18774,19908,16469,2372,8263,987,2138,17725,17937,16425,18598,2246,150,18444,1,10:34
2024-25,1630577,Julian Champagnie,Julian,1610612759,SAS,San Antonio Spurs,0022400146,2024-11-02T00:00:00,SAS vs. MIN,W,28.666666666666668,3.8,11.3,0.333,1.3,8.8,0.143,0.0,0.0,0.0,1.3,6.3,7.5,3.8,0.0,0.0,1.3,0.0,2.5,0.0,8.8,16.3,27.3,0,0,23.9,1,1,13086,1,8958,17653,14827,17395,13063,5126,14649,13505,14344,13505,11451,7732,9102,10598,16469,12854,5874,8846,12751,17725,19278,5134,16782,2246,150,18428,1,28:40
2024-25,1642377,Jaylen Wells,Jaylen,1610612763,MEM,Memphis Grizzlies,0022400142,2024-11-02T00:00:00,MEM @ PHI,W,36.233333333333334,6.0,10.9,0.545,2.0,4.0,0.5,1.0,1.0,1.0,2.0,3.0,5.0,2.0,1.0,0.0,0.0,0.0,3.0,2.0,14.9,12.9,22.9,0,0,23.8,1,1,13086,1,2511,11624,15479,7695,10226,15638,3944,13256,14227,1,8446,16803,14879,16425,15896,12854,8263,8846,10811,13139,13015,6430,19648,2246,150,18440,1,36:14
2024-25,1641775,Jordan Walsh,Jordan,1610612738,BOS,Boston Celtics,0022400141,2024-11-02T00:00:00,BOS @ CHA,W,13.365,0.0,5.4,0.0,0.0,5.4,0.0,0.0,0.0,0.0,0.0,0.0,0.0,0.0,0.0,2.7,0.0,0.0,0.0,0.0,0.0,2.7,8.1,0,0,5.4,1,1,13086,1,20561,22635,23189,22635,15070,12238,15070,13505,14344,13505,14058,22137,23286,19908,16469,3925,8263,8846,20257,17725,23200,11266,24683,2246,150,25071,1,13:22
2024-25,1641764,Brandin Podziemski,Brandin,1610612744,GSW,Golden State Warriors,0022400144,2024-11-02T00:00:00,GSW @ HOU,W,37.733333333333334,4.8,10.5,0.455,0.0,2.9,0.0,1.9,3.8,0.5,0.0,4.8,4.8,5.7,2.9,0.0,1.0,1.0,5.7,3.8,11.4,6.7,25.8,0,0,23.9,1,1,13086,1,1546,15055,16224,12676,15070,17932,15070,10919,8207,10625,14058,11513,15368,6001,6986,12854,7791,8306,3352,6802,16731,9298,17776,2246,150,18433,1,37:44
2024-25,1641733,Nick Smith Jr.,Nick,1610612766,CHA,Charlotte Hornets,0022400141,2024-11-02T00:00:00,CHA vs. BOS,L,9.7,7.4,18.6,0.4,0.0,7.4,0.0,0.0,0.0,0.0,0.0,3.7,3.7,0.0,0.0,0.0,0.0,0.0,3.7,0.0,14.8,-22.3,19.3,0,0,18.6,1,13222,1,13222,22215,7948,4163,14933,15070,7554,15070,13505,14344,13505,14058,14596,18036,19908,16469,12854,8263,8846,8032,17725,13069,22150,21502,2246,150,21601,1,9:42
2024-25,201988,Patty Mills,Patty,1610612762,UTA,Utah Jazz,0022400148,2024-11-02T00:00:00,UTA @ DEN,L,15.833333333333334,0.0,6.8,0.0,0.0,6.8,0.0,0.0,0.0,0.0,0.0,2.3,2.3,4.5,2.3,0.0,0.0,0.0,0.0,6.8,0.0,2.3,7.3,0,0,6.8,1,13222,1,13222,19040,22635,21764,22635,15070,8849,15070,13505,14344,13505,14058,18843,21258,8532,9191,12854,8263,8846,20257,1798,23200,11475,24786,2246,150,24913,1,15:50
2024-25,1642270,Donovan Clingan,Donovan,1610612757,POR,Portland Trail Blazers,0022400149,2024-11-02T00:00:00,POR @ PHX,L,13.7,2.6,7.9,0.333,0.0,2.6,0.0,2.6,5.3,0.5,5.3,5.3,10.5,0.0,2.6,0.0,2.6,0.0,5.3,2.6,7.9,-42.0,25.8,0,0,23.6,1,13222,1,13222,20364,20228,20429,17395,15070,18400,15070,8739,5517,10625,2133,10138,4895,19908,7773,12854,2182,8846,4090,10550,20009,24978,17781,2246,150,18577,1,13:42
2024-25,1629004,Svi Mykhailiuk,Svi,1610612762,UTA,Utah Jazz,0022400148,2024-11-02T00:00:00,UTA @ DEN,L,15.483333333333333,4.7,14.0,0.333,4.7,11.6,0.4,0.0,0.0,0.0,0.0,2.3,2.3,4.7,4.7,2.3,0.0,0.0,4.7,2.3,14.0,-2.3,26.0,0,0,30.2,1,13222,1,13222,19259,15365,10248,17395,2808,2014,7874,13505,14344,13505,14058,18692,21147,8307,2784,4947,8263,8846,5412,11648,13986,14221,17589,2246,150,13778,1,15:29
2024-25,203497,Rudy Gobert,Rudy,1610612750,MIN,Minnesota Timberwolves,0022400146,2024-11-02T00:00:00,MIN @ SAS,L,23.1,4.7,12.5,0.375,0.0,0.0,0.0,6.2,6.2,1.0,1.6,3.1,4.7,1.6,0.0,0.0,0.0,3.1,3.1,4.7,15.6,-12.5,23.5,0,0,21.8,1,13222,1,13222,13631,15297,12784,16299,15070,20945,15070,2647,4194,1,10086,16369,15624,17773,16469,12854,8263,1221,10211,4768,12341,18928,19241,2246,150,19780,1,23:06
2024-25,1631172,Ousmane Dieng,Ousmane,1610612760,OKC,Oklahoma City Thunder,0022400150,2024-11-02T00:00:00,OKC @ LAC,W,8.1,4.4,4.4,1.0,4.4,4.4,1.0,0.0,0.0,0.0,0.0,0.0,0.0,0.0,0.0,8.9,0.0,0.0,0.0,0.0,13.3,-48.9,40.0,0,0,35.6,1,1,13086,1,22780,15941,23834,1,3160,14579,1,13505,14344,13505,14058,22137,23286,19908,16469,155,8263,8846,20257,17725,14702,25355,7763,2246,150,9690,1,8:06
2024-25,1628998,Cody Martin,Cody,1610612766,CHA,Charlotte Hornets,0022400141,2024-11-02T00:00:00,CHA vs. BOS,L,19.016666666666666,7.6,15.1,0.5,1.9,7.6,0.25,3.8,3.8,1.0,0.0,7.6,7.6,1.9,3.8,1.9,0.0,0.0,0.0,3.8,20.8,-3.8,34.6,0,0,36.0,1,13222,1,13222,16808,7588,8350,8526,10661,7230,11902,6112,8283,1,14058,5369,9021,16777,4359,6799,8263,8846,20257,6886,7220,14941,11340,2246,150,9399,1,19:01
2024-25,202710,Jimmy Butler III,Jimmy,1610612748,MIA,Miami Heat,0022400147,2024-11-02T00:00:00,MIA @ WAS,W,30.683333333333334,7.0,15.3,0.462,0.0,0.0,0.0,7.0,9.4,0.75,7.0,2.3,9.4,4.7,4.7,0.0,0.0,3.5,2.3,5.9,21.1,4.7,34.7,0,0,35.2,1,1,13086,1,7138,8839,8175,12428,15070,20945,15070,1983,1669,8186,1129,18641,6203,8201,2725,12854,8263,901,13454,2794,6981,10288,11262,2246,150,9954,1,30:41
2024-25,1627936,Alex Caruso,Alex,1610612760,OKC,Oklahoma City Thunder,0022400150,2024-11-02T00:00:00,OKC @ LAC,W,15.66,4.6,13.8,0.333,2.3,11.5,0.2,0.0,0.0,0.0,0.0,4.6,4.6,0.0,0.0,4.6,0.0,0.0,9.2,0.0,11.5,18.4,30.8,0,0,27.6,1,1,13086,1,19162,15507,10500,17395,8853,2104,13429,13505,14344,13505,14058,11986,15815,19908,16469,1150,8263,8846,900,17725,16679,4441,14199,2246,150,15729,1,15:40
2024-25,1630162,Anthony Edwards,Anthony,1610612750,MIN,Minnesota Timberwolves,0022400146,2024-11-02T00:00:00,MIN @ SAS,L,35.55,8.1,17.2,0.471,3.0,7.1,0.429,2.0,4.1,0.5,0.0,5.1,5.1,2.0,3.0,2.0,0.0,0.0,0.0,2.0,21.3,-20.3,33.4,0,0,35.4,1,13222,1,13222,3031,6410,5559,12143,6377,8272,7394,10554,7738,10625,14058,10688,14630,16280,6319,6140,8263,8846,20257,12963,6862,21624,12251,2246,150,9764,1,35:33
2024-25,1629636,Darius Garland,Darius,1610612739,CLE,Cleveland Cavaliers,0022400145,2024-11-02T00:00:00,CLE @ MIL,W,33.56166666666667,5.4,13.9,0.385,1.1,5.4,0.2,0.0,0.0,0.0,2.1,1.1,3.2,10.7,0.0,0.0,0.0,0.0,2.1,1.1,11.8,-2.1,31.8,1,0,26.8,1,1,13086,1,4680,13360,10255,16070,14114,12300,13429,13505,14344,13505,7776,21817,19182,1099,16469,12854,8263,8846,14382,17046,16346,14124,13512,1,150,16306,1,33:34
2024-25,202685,Jonas Valančiūnas,Jonas,1610612764,WAS,Washington Wizards,0022400147,2024-11-02T00:00:00,WAS @ MIA,L,16.016666666666666,4.5,18.0,0.25,0.0,0.0,0.0,0.0,2.2,0.0,4.5,11.2,15.7,2.2,4.5,2.2,2.2,2.2,9.0,2.2,9.0,-24.7,40.2,0,0,36.0,1,13222,1,13222,18915,15796,4717,20233,15070,20945,15070,13505,11940,13505,2926,1783,1512,15446,3005,5225,2843,2558,969,11950,19097,22750,7610,2246,150,9407,1,16:01
2024-25,1628378,Donovan Mitchell,Donovan,1610612739,CLE,Cleveland Cavaliers,0022400145,2024-11-02T00:00:00,CLE @ MIL,W,34.545,11.5,26.1,0.44,4.2,8.3,0.5,4.2,4.2,1.0,2.1,1.0,3.1,4.2,1.0,0.0,0.0,1.0,1.0,4.2,31.3,-8.3,40.2,0,0,42.7,1,1,13086,1,3818,1891,637,13537,3636,5858,3944,5399,7477,1,8014,21895,19423,9475,15545,12854,8263,7560,19462,5909,1708,17113,7612,2246,150,5301,1,34:33
2024-25,203083,Andre Drummond,Andre,1610612755,PHI,Philadelphia 76ers,0022400142,2024-11-02T00:00:00,PHI vs. MEM,L,29.275,1.2,8.6,0.143,0.0,1.2,0.0,2.5,2.5,1.0,2.5,8.6,11.1,2.5,4.9,1.2,0.0,1.2,3.7,6.1,4.9,-18.4,20.7,0,0,20.9,1,13222,1,13222,8425,22467,19348,22260,15070,20584,15070,9173,11319,1,6751,3928,4352,14688,2441,9949,8263,6063,8124,2445,22055,21057,20864,2246,150,20343,1,29:17
2024-25,1628970,Miles Bridges,Miles,1610612766,CHA,Charlotte Hornets,0022400141,2024-11-02T00:00:00,CHA vs. BOS,L,31.3,2.3,6.9,0.333,1.2,2.3,0.5,1.2,2.3,0.5,0.0,9.2,9.2,5.8,3.5,2.3,0.0,0.0,1.2,1.2,6.9,-4.6,30.0,0,0,27.6,1,13222,1,13222,6607,20851,21665,17395,13648,18980,3944,12754,11772,10625,14058,3309,6446,5948,5120,5033,8263,8846,18814,16647,20789,15367,14778,2246,150,15716,1,31:18
2024-25,1629028,Deandre Ayton,Deandre,1610612757,POR,Portland Trail Blazers,0022400149,2024-11-02T00:00:00,POR @ PHX,L,30.433333333333334,3.5,15.4,0.231,1.2,2.4,0.5,3.5,3.5,1.0,1.2,14.2,15.4,2.4,0.0,0.0,0.0,0.0,2.4,2.4,11.8,1.2,33.8,1,0,30.8,1,13222,1,13222,7377,18209,7992,21157,13460,18873,3944,6603,8792,1,11909,720,1615,14996,16469,12854,8263,8846,13368,11481,16314,12025,11949,1,150,13352,1,30:26
2024-25,200768,Kyle Lowry,Kyle,1610612755,PHI,Philadelphia 76ers,0022400142,2024-11-02T00:00:00,PHI vs. MEM,L,20.916666666666668,5.2,6.9,0.75,5.2,6.9,0.75,1.7,3.4,0.5,1.7,3.4,5.2,1.7,1.7,3.4,0.0,0.0,1.7,3.4,17.2,-1.7,34.6,0,0,36.1,1,13222,1,13222,15345,13911,21691,2107,2087,8703,1542,11377,9005,10625,9504,15402,14367,17308,11843,2317,8263,8846,16463,7832,10615,13883,11381,2246,150,9269,1,20:55
2024-25,1629645,Kevin Porter Jr.,Kevin,1610612746,LAC,LA Clippers,0022400150,2024-11-02T00:00:00,LAC vs. OKC,L,18.866666666666667,5.7,13.4,0.429,1.9,1.9,1.0,0.0,1.9,0.0,1.9,5.7,7.6,7.6,3.8,0.0,0.0,1.9,1.9,5.7,13.4,1.9,30.1,0,0,30.5,1,13222,1,13222,16929,12342,11206,13735,10597,19722,1,13505,12960,13505,8782,8984,8906,3242,4274,12854,8263,3516,15627,3005,14678,11678,14701,2246,150,13526,1,18:52
2024-25,1627739,Kris Dunn,Kris,1610612746,LAC,LA Clippers,0022400150,2024-11-02T00:00:00,LAC vs. OKC,L,19.616666666666667,7.3,14.7,0.5,3.7,9.2,0.4,1.8,5.5,0.333,1.8,5.5,7.3,7.3,3.7,1.8,0.0,0.0,5.5,3.7,20.2,-20.2,41.8,0,0,42.2,1,13222,1,13222,16326,8143,9083,8526,4756,4573,7874,11159,5183,13132,9109,9521,9494,3576,4625,7097,8263,8846,3698,7209,7745,21600,6707,2246,150,5543,1,19:37
2024-25,203952,Andrew Wiggins,Andrew,1610612744,GSW,Golden State Warriors,0022400144,2024-11-02T00:00:00,GSW @ HOU,W,31.333333333333332,3.4,10.3,0.333,2.3,4.6,0.5,8.0,11.5,0.7,1.1,2.3,3.4,2.3,2.3,1.1,0.0,2.3,0.0,5.7,17.2,-3.4,26.0,0,0,27.6,1,1,13086,1,6570,18439,16480,17395,8855,14200,3944,1395,892,9366,12114,18766,18667,15238,9080,10588,8263,2429,20257,2976,10591,14773,17640,2246,150,15734,1,31:20
2024-25,1630241,Sam Merrill,Sam,1610612739,CLE,Cleveland Cavaliers,0022400145,2024-11-02T00:00:00,CLE @ MIL,W,22.073333333333334,9.8,16.3,0.6,8.2,14.7,0.556,0.0,0.0,0.0,0.0,1.6,1.6,1.6,0.0,0.0,1.6,0.0,0.0,4.9,27.7,9.8,37.0,0,0,42.4,1,1,13086,1,14442,3491,6668,5394,421,769,3747,13505,14344,13505,14058,20605,22397,17571,16469,12854,4477,8846,20257,4309,2888,7797,9681,2246,150,5454,1,22:04
2024-25,1628988,Aaron Holiday,Aaron,1610612745,HOU,Houston Rockets,0022400144,2024-11-02T00:00:00,HOU vs. GSW,L,16.403333333333332,4.4,8.8,0.5,4.4,6.6,0.667,0.0,0.0,0.0,0.0,0.0,0.0,8.8,2.2,2.2,0.0,0.0,0.0,0.0,13.2,41.7,30.7,0,0,30.7,1,13222,1,13222,18652,16101,19064,8526,3254,9356,1957,13505,14344,13505,14058,22137,23286,2200,9531,5419,8263,8846,20257,17725,14920,865,14258,2246,150,13379,1,16:24
2024-25,1630572,Sandro Mamukelashvili,Sandro,1610612759,SAS,San Antonio Spurs,0022400146,2024-11-02T00:00:00,SAS vs. MIN,W,1.3166666666666667,0.0,0.0,0.0,0.0,0.0,0.0,0.0,0.0,0.0,0.0,27.3,27.3,0.0,0.0,0.0,0.0,0.0,0.0,0.0,0.0,-136.7,32.8,0,0,27.3,1,1,13086,1,25907,22635,24836,22635,15070,20945,15070,13505,14344,13505,14058,54,124,19908,16469,12854,8263,8846,20257,17725,23200,26243,12713,2246,150,15905,1,1:19
2024-25,1628369,Jayson Tatum,Jayson,1610612738,BOS,Boston Celtics,0022400141,2024-11-02T00:00:00,BOS @ CHA,W,33.733333333333334,7.5,16.0,0.467,1.1,9.6,0.111,14.9,18.1,0.824,0.0,7.5,7.5,3.2,5.3,0.0,0.0,0.0,3.2,13.9,30.9,4.3,39.4,0,0,42.7,1,1,13086,1,4498,7837,7102,12249,14148,3976,15003,175,185,7649,14058,5554,9232,12306,1969,12854,8263,8846,9857,129,1789,10504,8147,2246,150,5315,1,33:44
2024-25,201950,Jrue Holiday,Jrue,1610612738,BOS,Boston Celtics,0022400141,2024-11-02T00:00:00,BOS @ CHA,W,35.30166666666667,5.1,12.2,0.417,3.1,7.1,0.429,0.0,0.0,0.0,0.0,5.1,5.1,6.1,3.1,0.0,0.0,0.0,0.0,2.0,13.3,11.2,25.5,0,0,27.5,1,1,13086,1,3232,14096,13205,14532,6327,8167,7394,13505,14344,13505,14058,10577,14524,5303,6259,12854,8263,8846,20257,12884,14799,7130,17941,2246,150,15767,1,35:18
2024-25,1631107,Nikola Jović,Nikola,1610612748,MIA,Miami Heat,0022400147,2024-11-02T00:00:00,MIA @ WAS,W,22.983333333333334,1.6,11.0,0.143,1.6,7.8,0.2,0.0,0.0,0.0,0.0,9.4,9.4,1.6,1.6,4.7,0.0,0.0,0.0,4.7,4.7,11.0,30.9,0,0,26.6,1,1,13086,1,13735,22083,15427,22260,11801,6745,13429,13505,14344,13505,14058,3108,6188,17749,12474,1088,8263,8846,20257,4722,22189,7256,14155,2246,150,16446,1,22:59
2024-25,1627832,Fred VanVleet,Fred,1610612745,HOU,Houston Rockets,0022400144,2024-11-02T00:00:00,HOU vs. GSW,L,40.10166666666667,1.8,10.8,0.167,0.9,7.2,0.125,5.4,5.4,1.0,0.9,1.8,2.7,4.5,0.0,0.9,0.9,0.9,5.4,4.5,9.9,-8.1,25.2,0,0,21.5,1,13222,1,13222,541,21766,15748,21938,14967,8081,14886,3544,5333,1,13913,20253,20464,8686,16469,12675,8094,8673,3871,5169,18278,17007,18131,2246,150,19937,1,40:06
2024-25,1641816,Hunter Tyson,Hunter,1610612743,DEN,Denver Nuggets,0022400148,2024-11-02T00:00:00,DEN vs. UTA,W,25.166666666666668,2.9,7.2,0.4,0.0,2.9,0.0,4.3,4.3,1.0,1.4,4.3,5.7,5.7,0.0,0.0,0.0,0.0,2.9,4.3,10.0,7.2,25.5,0,0,21.5,1,1,13086,1,11859,19748,21381,14933,15070,17936,15070,5174,7228,1,10620,12831,12958,6006,16469,12854,8263,8846,11357,5613,18151,9065,17958,2246,150,20003,1,25:10
2024-25,1631169,Josh Minott,Josh,1610612750,MIN,Minnesota Timberwolves,0022400146,2024-11-02T00:00:00,MIN @ SAS,L,10.166666666666666,7.1,14.2,0.5,0.0,7.1,0.0,0.0,0.0,0.0,0.0,7.1,7.1,0.0,3.5,0.0,0.0,0.0,7.1,0.0,14.2,24.8,19.1,0,0,21.2,1,13222,1,13222,22047,8734,9888,8526,15070,8280,15070,13505,14344,13505,14058,6208,9986,19908,4930,12854,8263,8846,1907,17725,13768,2865,21584,2246,150,20131,1,10:10
2024-25,201572,Brook Lopez,Brook,1610612749,MIL,Milwaukee Bucks,0022400145,2024-11-02T00:00:00,MIL vs. CLE,L,34.53333333333333,2.1,7.3,0.286,2.1,7.3,0.286,0.0,0.0,0.0,2.1,4.2,6.3,2.1,3.1,0.0,2.1,0.0,2.1,2.1,6.3,10.4,20.0,0,0,20.8,1,13222,1,13222,3822,21255,21207,19630,9746,7822,11433,13505,14344,13505,8006,13205,11699,16046,6046,12854,3244,8846,14674,12682,21208,7499,21157,2246,150,20372,1,34:32
2024-25,1641717,Cason Wallace,Cason,1610612760,OKC,Oklahoma City Thunder,0022400150,2024-11-02T00:00:00,OKC @ LAC,W,24.633333333333333,4.4,5.8,0.75,1.5,2.9,0.5,0.0,0.0,0.0,0.0,5.8,5.8,1.5,0.0,0.0,1.5,0.0,2.9,1.5,10.2,20.5,23.8,0,0,21.9,1,1,13086,1,12343,16110,22763,2107,12203,17814,3944,13505,14344,13505,14058,8677,12650,18126,16469,12854,4987,8846,11073,15174,17917,3827,19081,2246,150,19715,1,24:38
2024-25,1626172,Kevon Looney,Kevon,1610612744,GSW,Golden State Warriors,0022400144,2024-11-02T00:00:00,GSW @ HOU,W,20.496666666666666,1.8,5.3,0.333,0.0,0.0,0.0,8.8,14.1,0.625,3.5,8.8,12.3,3.5,0.0,1.8,1.8,0.0,5.3,7.0,12.3,21.1,42.9,0,0,35.1,1,1,13086,1,15647,21819,23280,17395,15070,20945,15070,1081,446,10271,4355,3745,3272,11355,16469,7413,4152,8846,4076,1645,15832,3679,6189,2246,150,10007,1,20:30
2024-25,1631110,Jeremy Sochan,Jeremy,1610612759,SAS,San Antonio Spurs,0022400146,2024-11-02T00:00:00,SAS vs. MIN,W,32.96666666666667,7.6,10.9,0.7,1.1,2.2,0.5,4.4,5.5,0.8,1.1,9.8,10.9,4.4,3.3,1.1,1.1,1.1,4.4,4.4,20.7,5.5,43.7,1,0,41.5,1,1,13086,1,5178,7396,15495,3045,13987,19198,3944,5044,5238,7681,12532,2703,4483,8965,5574,11088,6846,7119,6106,5428,7274,9863,5818,1,150,5915,1,32:58
2024-25,1628978,Donte DiVincenzo,Donte,1610612750,MIN,Minnesota Timberwolves,0022400146,2024-11-02T00:00:00,MIN @ SAS,L,27.866666666666667,6.5,9.0,0.714,3.9,6.5,0.6,1.3,1.3,1.0,1.3,1.3,2.6,2.6,1.3,0.0,0.0,0.0,2.6,0.0,18.1,-1.3,23.8,0,0,27.1,1,13222,1,13222,9653,10290,18653,2752,4251,9626,2992,12322,13742,1,11235,21296,20670,14269,13841,12854,8263,8846,12479,17725,9751,13713,19114,2246,150,16066,1,27:52
2024-25,1641715,Cam Whitmore,Cam,1610612745,HOU,Houston Rockets,0022400144,2024-11-02T00:00:00,HOU vs. GSW,L,4.916666666666667,14.6,29.3,0.5,0.0,14.6,0.0,0.0,0.0,0.0,7.3,7.3,14.6,7.3,7.3,0.0,0.0,0.0,0.0,0.0,29.3,-65.9,50.5,0,0,51.3,1,13222,1,13222,24019,559,318,8526,15070,774,15070,13505,14344,13505,1018,5805,1938,3598,768,12854,8263,8846,20257,17725,2349,25812,3125,2246,150,2213,1,4:55
2024-25,203081,Damian Lillard,Damian,1610612749,MIL,Milwaukee Bucks,0022400145,2024-11-02T00:00:00,MIL vs. CLE,L,38.56666666666667,12.1,22.4,0.542,9.3,14.0,0.667,4.7,7.5,0.625,0.0,3.7,3.7,8.4,0.9,0.0,0.9,0.9,3.7,6.5,38.3,2.8,57.2,0,0,61.6,1,13222,1,13222,1075,1438,1631,7965,267,923,1957,4566,2941,10271,14058,14516,17978,2509,16229,12854,7933,8469,7960,2043,581,11226,1593,2246,150,685,1,38:34
2024-25,1627734,Domantas Sabonis,Domantas,1610612758,SAC,Sacramento Kings,0022400143,2024-11-02T00:00:00,SAC @ TOR,L,42.81,4.2,8.4,0.5,0.0,0.8,0.0,5.9,6.7,0.875,5.9,10.9,16.8,8.4,2.5,0.8,0.0,0.0,4.2,5.0,14.3,1.7,47.1,1,1,41.2,1,13222,1,13222,168,16585,19627,8526,15070,20940,15070,2981,3628,6931,1679,1940,1168,2501,8148,12808,8263,8846,6542,4029,13612,11799,4286,1,1,6074,1,42:49
2024-25,1641737,Adem Bona,Adem,1610612755,PHI,Philadelphia 76ers,0022400142,2024-11-02T00:00:00,PHI vs. MEM,L,1.45,24.8,24.8,1.0,0.0,0.0,0.0,0.0,0.0,0.0,24.8,0.0,24.8,0.0,24.8,0.0,0.0,0.0,0.0,0.0,49.7,-24.8,54.6,0,0,74.5,1,13222,1,13222,25835,67,862,1,15070,20945,15070,13505,14344,13505,32,22137,199,19908,27,12854,8263,8846,20257,17725,158,22764,2064,2246,150,239,1,1:27
2024-25,1630643,Jay Huff,Jay,1610612763,MEM,Memphis Grizzlies,0022400142,2024-11-02T00:00:00,MEM @ PHI,W,14.195,17.8,25.4,0.7,12.7,17.8,0.714,2.5,2.5,1.0,2.5,10.1,12.7,2.5,0.0,0.0,2.5,2.5,2.5,2.5,50.7,12.7,77.4,0,0,83.7,1,1,13086,1,20090,232,756,3045,115,360,1861,8942,11113,1,6508,2463,3013,14419,16469,12854,2308,1978,12648,10854,152,6526,252,2246,150,126,1,14:12
2024-25,1629639,Tyler Herro,Tyler,1610612748,MIA,Miami Heat,0022400147,2024-11-02T00:00:00,MIA @ WAS,W,19.75,9.1,16.4,0.556,3.6,7.3,0.5,5.5,10.9,0.5,0.0,10.9,10.9,1.8,3.6,0.0,0.0,1.8,10.9,5.5,27.3,31.0,39.6,0,0,43.7,1,1,13086,1,16221,4501,6540,7248,4812,7838,3944,3447,1042,10625,14058,1934,4468,17015,4684,12854,8263,3821,547,3380,3038,1836,8040,2246,150,4803,1,19:45
2024-25,1630625,Dalano Banton,Dalano,1610612757,POR,Portland Trail Blazers,0022400149,2024-11-02T00:00:00,POR @ PHX,L,11.683333333333334,15.4,21.6,0.714,6.2,12.3,0.5,0.0,0.0,0.0,3.1,0.0,3.1,6.2,3.1,6.2,3.1,0.0,6.2,0.0,37.0,55.5,74.6,0,0,70.9,1,13222,1,13222,21422,434,2002,2752,1186,1606,3944,13505,14344,13505,5171,22137,19521,5233,6186,435,1595,8846,2750,17725,698,432,303,2246,150,300,1,11:41
2024-25,1641744,Zach Edey,Zach,1610612763,MEM,Memphis Grizzlies,0022400142,2024-11-02T00:00:00,MEM @ PHI,W,21.983333333333334,6.6,11.5,0.571,0.0,0.0,0.0,3.3,3.3,1.0,8.2,8.2,16.4,1.6,4.9,1.6,1.6,1.6,4.9,3.3,16.4,24.6,43.4,1,0,40.9,1,1,13086,1,14516,10058,14539,6538,15070,20945,15070,7153,9366,1,725,4437,1301,17541,2449,7859,4454,4339,4811,8327,11522,2908,5933,1,150,6241,1,21:59
2024-25,1630202,Payton Pritchard,Payton,1610612738,BOS,Boston Celtics,0022400141,2024-11-02T00:00:00,BOS @ CHA,W,29.105,9.9,18.6,0.533,7.4,14.8,0.5,0.0,0.0,0.0,1.2,2.5,3.7,2.5,1.2,0.0,0.0,0.0,3.7,0.0,27.2,8.7,34.1,0,0,40.8,1,1,13086,1,8591,3336,4168,8140,627,731,3944,13505,14344,13505,11558,18257,18043,14640,14188,12854,8263,8846,8039,17725,3103,8337,11697,2246,150,6314,1,29:06
2024-25,1628408,PJ Dozier,PJ,1610612750,MIN,Minnesota Timberwolves,0022400146,2024-11-02T00:00:00,MIN @ SAS,L,3.1333333333333333,11.5,11.5,1.0,11.5,11.5,1.0,11.5,23.0,0.5,0.0,11.5,11.5,0.0,0.0,0.0,0.0,0.0,0.0,11.5,46.0,46.0,59.7,0,0,68.9,1,13222,1,13222,24922,1872,14490,1,141,2106,1,404,101,10625,14058,1635,3955,19908,16469,12854,8263,8846,20257,237,224,664,1221,2246,150,351,1,3:08
2024-25,1628960,Grayson Allen,Grayson,1610612756,PHX,Phoenix Suns,0022400149,2024-11-02T00:00:00,PHX vs. POR,W,18.528333333333332,13.6,23.3,0.583,7.8,13.6,0.571,0.0,0.0,0.0,1.9,1.9,3.9,0.0,3.9,0.0,5.8,0.0,1.9,0.0,35.0,9.7,53.2,0,0,58.3,1,1,13086,1,17175,827,1275,6296,519,1057,3506,13505,14344,13505,8651,19851,17604,19908,4112,12854,343,8846,15443,17725,965,7832,2390,2246,150,989,1,18:32
2024-25,203999,Nikola Jokić,Nikola,1610612743,DEN,Denver Nuggets,0022400148,2024-11-02T00:00:00,DEN vs. UTA,W,29.7,12.1,21.8,0.556,3.6,4.8,0.75,4.8,4.8,1.0,6.1,13.3,19.4,10.9,6.1,1.2,0.0,1.2,1.2,6.1,32.7,37.6,69.9,1,0,69.1,1,1,13086,1,8039,1450,1894,7248,4834,13568,1542,4269,6202,1,1586,915,611,1029,1344,10072,8263,6176,18464,2545,1376,1154,437,1,150,347,1,29:42
2024-25,1628389,Bam Adebayo,Bam,1610612748,MIA,Miami Heat,0022400147,2024-11-02T00:00:00,MIA @ WAS,W,30.966666666666665,14.0,27.9,0.5,3.5,5.8,0.6,5.8,7.0,0.833,5.8,10.5,16.3,2.3,1.2,1.2,1.2,2.3,3.5,4.7,37.2,29.1,66.0,1,0,63.9,1,1,13086,1,6903,718,404,8526,5173,11179,2992,3071,3386,7275,1734,2258,1331,15138,14711,10485,6408,2380,8786,4830,677,2099,629,1,150,529,1,30:58
2024-25,1629640,Keldon Johnson,Keldon,1610612759,SAS,San Antonio Spurs,0022400146,2024-11-02T00:00:00,SAS vs. MIN,W,29.3,12.3,20.9,0.588,3.7,9.8,0.375,2.5,2.5,1.0,2.5,7.4,9.8,0.0,0.0,2.5,0.0,0.0,1.2,1.2,30.7,12.3,49.9,0,0,49.1,1,1,13086,1,8400,1361,2410,6229,4728,3690,8800,9178,11323,1,6758,5716,5631,19908,16469,4513,8263,8846,18387,16250,1858,6676,3302,2246,150,2780,1,29:18
2024-25,1630578,Alperen Sengun,Alperen,1610612745,HOU,Houston Rockets,0022400144,2024-11-02T00:00:00,HOU vs. GSW,L,20.633333333333333,8.7,17.4,0.5,0.0,1.7,0.0,7.0,10.5,0.667,5.2,12.2,17.4,7.0,3.5,0.0,1.7,0.0,5.2,8.7,24.4,-12.2,57.6,1,0,52.3,1,13222,1,13222,15533,5227,5304,8526,15070,19994,15070,2017,1202,9425,2161,1268,1024,4024,5034,12854,4178,8846,4139,745,4536,18818,1543,1,150,1963,1,20:38
2024-25,1631106,Tari Eason,Tari,1610612745,HOU,Houston Rockets,0022400144,2024-11-02T00:00:00,HOU vs. GSW,L,35.333333333333336,11.2,19.4,0.579,3.1,5.1,0.6,2.0,4.1,0.5,6.1,3.1,9.2,1.0,3.1,4.1,3.1,1.0,5.1,3.1,27.5,11.2,58.4,0,0,55.0,1,13222,1,13222,3201,2087,3456,6486,6334,12977,2992,10499,7687,10625,1560,16529,6483,19623,6263,1562,1622,7745,4397,9046,2976,7133,1419,2246,150,1457,1,35:20
2024-25,1628449,Chris Boucher,Chris,1610612761,TOR,Toronto Raptors,0022400143,2024-11-02T00:00:00,TOR vs. SAC,W,24.94333333333333,13.0,18.8,0.692,5.8,8.7,0.667,2.9,4.3,0.667,0.0,7.2,7.2,1.4,0.0,0.0,0.0,1.4,1.4,2.9,34.6,18.8,45.5,0,0,49.1,1,1,13086,1,12057,1039,3962,3171,1511,5325,1957,8127,7147,9425,14058,5970,9711,18199,16469,12854,8263,5007,17466,9633,1019,4328,4965,2246,150,2813,1,24:57
2024-25,201935,James Harden,James,1610612746,LAC,LA Clippers,0022400150,2024-11-02T00:00:00,LAC vs. OKC,L,32.43333333333333,4.4,14.4,0.308,2.2,10.0,0.222,2.2,2.2,1.0,0.0,14.4,14.4,7.8,2.2,3.3,3.3,0.0,2.2,3.3,13.3,-10.0,60.0,1,0,51.1,1,13222,1,13222,5612,15955,9470,19226,9163,3488,13288,9868,12018,1,14058,668,2034,3116,9431,2502,1369,8846,14008,8159,14725,17887,1186,1,150,2262,1,32:26
2024-25,1628991,Jaren Jackson Jr.,Jaren,1610612763,MEM,Memphis Grizzlies,0022400142,2024-11-02T00:00:00,MEM @ PHI,W,30.973333333333333,12.8,18.6,0.688,2.3,3.5,0.667,3.5,4.6,0.75,2.3,4.6,7.0,0.0,0.0,3.5,2.3,2.3,3.5,4.6,31.4,11.6,57.2,0,0,52.3,1,1,13086,1,6901,1119,4124,3227,8766,16680,1957,6726,6579,8186,7168,11858,10185,19908,16469,2253,2694,2382,8787,4833,1671,6964,1600,2246,150,1969,1,30:58
2024-25,1628380,Zach Collins,Zach,1610612759,SAS,San Antonio Spurs,0022400146,2024-11-02T00:00:00,SAS vs. MIN,W,12.735,5.7,8.5,0.667,2.8,5.7,0.5,5.7,5.7,1.0,0.0,2.8,2.8,14.1,5.7,2.8,2.8,0.0,5.7,2.8,19.8,11.3,55.7,0,0,50.9,1,1,13086,1,20877,12552,19520,3281,7132,11574,3944,3251,4971,1,14058,17310,20176,380,1676,3613,1915,8846,3466,9871,8084,7093,1862,2246,150,2291,1,12:44
2024-25,201599,DeAndre Jordan,DeAndre,1610612743,DEN,Denver Nuggets,0022400148,2024-11-02T00:00:00,DEN vs. UTA,W,14.166666666666666,7.6,17.8,0.429,0.0,0.0,0.0,0.0,5.1,0.0,15.2,7.6,22.9,2.5,10.2,0.0,0.0,2.5,5.1,5.1,15.2,-17.8,36.3,0,0,40.7,1,1,13086,1,20100,7454,4914,13735,15070,20945,15070,13505,5783,13505,121,5281,273,14394,317,12854,8263,1968,4417,3950,12658,20864,10128,2246,150,6405,1,14:10
2024-25,1628381,John Collins,John,1610612762,UTA,Utah Jazz,0022400148,2024-11-02T00:00:00,UTA @ DEN,L,21.781666666666666,8.3,14.9,0.556,1.7,1.7,1.0,6.6,8.3,0.8,0.0,8.3,8.3,8.3,3.3,1.7,1.7,0.0,6.6,8.3,24.8,-6.6,53.7,0,0,49.6,1,13222,1,13222,14694,6053,8788,7248,11528,20102,1,2309,2341,7681,14058,4330,7828,2642,5494,7796,4409,8846,2306,904,4315,16346,2269,2246,150,2644,1,21:47
2024-25,1627741,Buddy Hield,Buddy,1610612744,GSW,Golden State Warriors,0022400144,2024-11-02T00:00:00,GSW @ HOU,W,32.02166666666667,10.1,15.7,0.643,6.7,11.2,0.6,3.4,4.5,0.75,1.1,6.7,7.9,2.2,3.4,1.1,1.1,0.0,2.2,2.2,30.4,-7.9,46.5,0,0,51.7,1,1,13086,1,5951,3091,7490,4607,869,2299,2992,6956,6850,8186,12304,6804,8518,15444,5299,10832,6642,8846,13887,11947,1967,16911,4517,2246,150,2101,1,32:01
2024-25,201959,Taj Gibson,Taj,1610612766,CHA,Charlotte Hornets,0022400141,2024-11-02T00:00:00,CHA vs. BOS,L,4.133333333333334,8.7,34.8,0.25,0.0,0.0,0.0,0.0,0.0,0.0,34.8,0.0,34.8,0.0,0.0,0.0,0.0,0.0,8.7,0.0,17.4,-17.4,59.2,0,0,52.3,1,13222,1,13222,24406,5246,137,20233,15070,20945,15070,13505,14344,13505,10,22137,51,19908,16469,12854,8263,8846,1063,17725,10403,20751,1293,2246,150,1978,1,4:08
2024-25,1631117,Walker Kessler,Walker,1610612762,UTA,Utah Jazz,0022400148,2024-11-02T00:00:00,UTA @ DEN,L,29.351666666666667,6.1,7.4,0.833,0.0,0.0,0.0,9.8,14.7,0.667,4.9,12.3,17.2,0.0,2.5,0.0,6.1,0.0,4.9,9.8,22.1,-38.0,58.6,1,0,51.5,1,13222,1,13222,8345,11137,21128,1514,15070,20945,15070,751,374,9425,2455,1246,1083,19908,8443,12854,286,8846,4823,453,6150,24700,1390,1,150,2137,1,29:21
2024-25,1630228,Jonathan Kuminga,Jonathan,1610612744,GSW,Golden State Warriors,0022400144,2024-11-02T00:00:00,GSW @ HOU,W,26.428333333333335,9.5,16.3,0.583,2.7,4.1,0.667,9.5,13.6,0.7,1.4,6.8,8.2,1.4,5.4,0.0,0.0,2.7,0.0,8.2,31.3,24.5,37.7,0,0,43.6,1,1,13086,1,10799,3834,6619,6296,7466,15383,1957,828,510,9366,10919,6689,7975,18460,1855,12854,8263,1708,20257,935,1686,2915,9201,2246,150,4879,1,26:26
2024-25,203507,Giannis Antetokounmpo,Giannis,1610612749,MIL,Milwaukee Bucks,0022400145,2024-11-02T00:00:00,MIL vs. CLE,L,38.86666666666667,13.9,25.0,0.556,0.0,0.0,0.0,3.7,6.5,0.571,5.6,9.3,14.8,8.3,0.0,0.9,0.0,0.9,4.6,5.6,31.5,4.6,64.6,1,0,56.5,1,13222,1,13222,929,734,828,7248,15070,20945,15070,6282,3902,10536,1907,3240,1861,2571,16469,12531,8263,8521,5464,3255,1642,10320,734,1,150,1229,1,38:52
2024-25,1628418,Thomas Bryant,Thomas,1610612748,MIA,Miami Heat,0022400147,2024-11-02T00:00:00,MIA @ WAS,W,13.766666666666667,2.6,10.5,0.25,0.0,2.6,0.0,5.2,5.2,1.0,7.8,15.7,23.5,0.0,0.0,0.0,5.2,0.0,2.6,2.6,10.5,-13.1,54.4,0,0,44.5,1,1,13086,1,20322,20254,16290,20233,15070,18420,15070,3731,5551,1,832,470,246,19908,16469,12854,461,8846,12374,10591,17701,19154,2117,2246,150,4488,1,13:46
2024-25,1642272,Jared McCain,Jared,1610612755,PHI,Philadelphia 76ers,0022400142,2024-11-02T00:00:00,PHI vs. MEM,L,16.6,17.3,34.7,0.5,4.3,13.0,0.333,2.2,2.2,1.0,2.2,6.5,8.7,2.2,2.2,2.2,0.0,4.3,2.2,6.5,41.2,2.2,59.2,0,0,60.7,1,13222,1,13222,18528,252,142,8526,3333,1298,9209,10055,12184,1,7690,7298,7196,15732,9642,5514,8263,531,14251,2082,386,11529,1300,2246,150,758,1,16:36
2024-25,1630192,Zeke Nnaji,Zeke,1610612743,DEN,Denver Nuggets,0022400148,2024-11-02T00:00:00,DEN vs. UTA,W,4.133333333333334,26.1,26.1,1.0,0.0,0.0,0.0,0.0,0.0,0.0,0.0,0.0,0.0,8.7,0.0,0.0,8.7,0.0,26.1,0.0,52.3,17.4,91.5,0,0,78.4,1,1,13086,1,24406,55,623,1,15070,20945,15070,13505,14344,13505,14058,22137,23286,2262,16469,12854,106,8846,58,17725,134,4767,92,2246,150,179,1,4:08
2024-25,1630163,LaMelo Ball,LaMelo,1610612766,CHA,Charlotte Hornets,0022400141,2024-11-02T00:00:00,CHA vs. BOS,L,37.11833333333333,14.5,25.2,0.577,5.8,11.6,0.5,0.0,0.0,0.0,1.9,1.9,3.9,5.8,5.8,2.9,0.0,0.0,5.8,1.9,34.9,-1.0,51.2,0,0,56.3,1,13222,1,13222,1910,570,784,6533,1464,2007,3944,13505,14344,13505,8664,19863,17628,5817,1537,3385,8263,8846,3190,13370,974,13515,2926,2246,150,1264,1,37:07
2024-25,1631116,Patrick Baldwin Jr.,Patrick,1610612764,WAS,Washington Wizards,0022400147,2024-11-02T00:00:00,WAS @ MIA,L,3.2666666666666666,22.0,33.1,0.667,22.0,33.1,0.667,0.0,0.0,0.0,0.0,0.0,0.0,0.0,0.0,11.0,0.0,0.0,0.0,0.0,66.1,0.0,99.2,0,0,110.2,1,13222,1,13222,24856,105,165,3281,21,41,1957,13505,14344,13505,14058,22137,23286,19908,16469,96,8263,8846,20257,17725,61,12240,70,2246,150,41,1,3:16
2024-25,1631124,Julian Strawther,Julian,1610612743,DEN,Denver Nuggets,0022400148,2024-11-02T00:00:00,DEN vs. UTA,W,18.986666666666668,13.3,20.9,0.636,5.7,11.4,0.5,3.8,3.8,1.0,1.9,1.9,3.8,0.0,1.9,3.8,0.0,0.0,9.5,5.7,36.0,22.8,50.1,0,0,53.1,1,1,13086,1,16836,913,2429,4689,1569,2195,3944,6102,8274,1,8838,19989,17846,19908,11070,1859,8263,8846,817,3049,823,3305,3261,2246,150,1789,1,18:59
2024-25,1630696,Dru Smith,Dru,1610612748,MIA,Miami Heat,0022400147,2024-11-02T00:00:00,MIA @ WAS,W,2.433333333333333,14.8,14.8,1.0,0.0,0.0,0.0,0.0,0.0,0.0,0.0,14.8,14.8,0.0,14.8,0.0,0.0,0.0,0.0,0.0,29.6,-29.6,32.5,0,0,44.4,1,1,13086,1,25245,531,8908,1,15070,20945,15070,13505,14344,13505,14058,607,1872,19908,118,12854,8263,8846,20257,17725,2238,23665,12915,2246,150,4512,1,2:26
2024-25,1642276,Kel'el Ware,Kel'el,1610612748,MIA,Miami Heat,0022400147,2024-11-02T00:00:00,MIA @ WAS,W,2.433333333333333,14.8,44.4,0.333,0.0,14.8,0.0,0.0,0.0,0.0,0.0,29.6,29.6,0.0,0.0,0.0,0.0,0.0,0.0,0.0,29.6,-29.6,65.1,0,0,59.2,1,1,13086,1,25245,531,53,17395,15070,738,15070,13505,14344,13505,14058,37,88,19908,16469,12854,8263,8846,20257,17725,2238,23665,691,2246,150,895,1,2:26
2024-25,1630538,Bones Hyland,Bones,1610612746,LAC,LA Clippers,0022400150,2024-11-02T00:00:00,LAC vs. OKC,L,4.216666666666667,8.5,25.6,0.333,8.5,17.1,0.5,0.0,0.0,0.0,0.0,0.0,0.0,0.0,0.0,0.0,8.5,0.0,0.0,0.0,25.6,25.6,51.2,0,0,51.2,1,13222,1,13222,24368,5548,709,17395,363,410,3944,13505,14344,13505,14058,22137,23286,19908,16469,12854,124,8846,20257,17725,3870,2690,2919,2246,150,2222,1,4:13
2024-25,1642461,Spencer Jones,Spencer,1610612743,DEN,Denver Nuggets,0022400148,2024-11-02T00:00:00,DEN vs. UTA,W,2.1666666666666665,0.0,0.0,0.0,0.0,0.0,0.0,0.0,0.0,0.0,0.0,16.6,16.6,0.0,0.0,16.6,0.0,0.0,0.0,0.0,0.0,16.6,69.8,0,0,49.8,1,1,13086,1,25387,22635,24836,22635,15070,20945,15070,13505,14344,13505,14058,365,1229,19908,16469,35,8263,8846,20257,17725,23200,5031,441,2246,150,2579,1,2:10
2024-25,1642347,Jamal Shead,Jamal,1610612761,TOR,Toronto Raptors,0022400143,2024-11-02T00:00:00,TOR vs. SAC,W,14.066666666666666,0.0,7.7,0.0,0.0,2.6,0.0,0.0,0.0,0.0,0.0,0.0,0.0,15.4,2.6,0.0,0.0,0.0,5.1,2.6,0.0,-5.1,20.5,0,0,15.4,1,1,13086,1,20163,22635,20682,22635,15070,18523,15070,13505,14344,13505,14058,22137,23286,264,8019,12854,8263,8846,4344,10761,23200,15659,20958,2246,150,22931,1,14:04
2024-25,1642265,Rob Dillingham,Rob,1610612750,MIN,Minnesota Timberwolves,0022400146,2024-11-02T00:00:00,MIN @ SAS,L,3.1333333333333333,0.0,11.5,0.0,0.0,0.0,0.0,0.0,0.0,0.0,0.0,0.0,0.0,23.0,0.0,0.0,0.0,0.0,0.0,0.0,0.0,46.0,34.5,0,0,23.0,1,13222,1,13222,24922,22635,14490,22635,15070,20945,15070,13505,14344,13505,14058,22137,23286,51,16469,12854,8263,8846,20257,17725,23200,664,11471,2246,150,19033,1,3:08
2024-25,1631099,Keegan Murray,Keegan,1610612758,SAC,Sacramento Kings,0022400143,2024-11-02T00:00:00,SAC @ TOR,L,38.583333333333336,5.6,11.2,0.5,1.9,5.6,0.333,1.9,3.7,0.5,2.8,6.5,9.3,1.9,0.9,0.9,0.9,0.0,5.6,1.9,14.9,11.2,33.6,1,0,31.7,1,13222,1,13222,1068,12708,15027,8526,10800,11731,9209,11062,8407,10625,5863,7239,6278,16874,16232,12487,7937,8846,3549,13664,12989,7140,12117,1,150,12604,1,38:35
2024-25,1630178,Tyrese Maxey,Tyrese,1610612755,PHI,Philadelphia 76ers,0022400142,2024-11-02T00:00:00,PHI vs. MEM,L,37.45166666666667,7.7,18.3,0.421,3.8,8.7,0.444,2.9,2.9,1.0,0.0,1.9,1.9,5.8,2.9,2.9,0.0,1.9,1.9,4.8,22.1,-15.4,38.8,0,0,39.4,1,13222,1,13222,1711,7292,4395,14442,4331,5347,7211,8139,10275,1,14058,19913,21963,5922,6909,3454,8263,3471,15562,4488,6128,20044,8519,2246,150,7125,1,37:27
2024-25,1626145,Tyus Jones,Tyus,1610612756,PHX,Phoenix Suns,0022400149,2024-11-02T00:00:00,PHX vs. POR,W,28.715,6.3,12.5,0.5,3.8,8.8,0.429,2.5,2.5,1.0,2.5,3.8,6.3,7.5,1.3,1.3,0.0,0.0,1.3,2.5,18.8,6.3,40.1,0,0,38.9,1,1,13086,1,8916,10802,12674,8526,4551,5146,7394,9030,11189,1,6594,14443,11681,3369,14075,9774,8263,8846,18256,10967,9031,9486,7681,2246,150,7475,1,28:43
2024-25,1642273,Kyshawn George,Kyshawn,1610612764,WAS,Washington Wizards,0022400147,2024-11-02T00:00:00,WAS @ MIA,L,26.7,2.7,12.1,0.222,0.0,8.1,0.0,2.7,2.7,1.0,1.3,9.4,10.8,1.3,2.7,1.3,4.0,0.0,4.0,1.3,8.1,-24.3,36.5,0,0,31.0,1,13222,1,13222,10565,20095,13345,21205,15070,6307,15070,8586,10755,1,10987,3084,4612,18509,7544,9199,891,8846,7010,15687,19838,22635,10005,2246,150,13151,1,26:42
2024-25,1628436,Luke Kornet,Luke,1610612738,BOS,Boston Celtics,0022400141,2024-11-02T00:00:00,BOS @ CHA,W,29.6,7.3,7.3,1.0,0.0,0.0,0.0,8.5,8.5,1.0,1.2,3.6,4.9,3.6,2.4,1.2,2.4,0.0,2.4,7.3,23.1,9.7,42.9,0,0,38.9,1,1,13086,1,8140,8225,21207,1,15070,20945,15070,1179,2180,1,11683,14791,15144,10936,8516,10041,2500,8846,13060,1448,5413,7824,6160,2246,150,7432,1,29:36
2024-25,203110,Draymond Green,Draymond,1610612744,GSW,Golden State Warriors,0022400144,2024-11-02T00:00:00,GSW @ HOU,W,35.47833333333333,4.1,8.1,0.5,1.0,3.0,0.333,5.1,9.1,0.556,4.1,7.1,11.2,3.0,1.0,0.0,0.0,0.0,6.1,6.1,14.2,-5.1,31.2,1,0,29.4,1,1,13086,1,3098,16954,20063,8526,14459,17565,9209,3926,1802,10597,3513,6168,4271,12781,15751,12854,8263,8846,2835,2515,13720,15636,13945,1,150,14382,1,35:29
2024-25,1626181,Norman Powell,Norman,1610612746,LAC,LA Clippers,0022400150,2024-11-02T00:00:00,LAC vs. OKC,L,31.883333333333333,10.2,15.8,0.643,3.4,6.8,0.5,3.4,3.4,1.0,0.0,2.3,2.3,2.3,4.5,2.3,0.0,0.0,1.1,2.3,27.1,-11.3,35.5,0,0,39.5,1,13222,1,13222,6069,3052,7403,4607,5415,8951,3944,6930,9122,1,14058,18896,21299,15404,2977,5191,8263,8846,18933,11905,3161,18437,10765,2246,150,7059,1,31:53
2024-25,201566,Russell Westbrook,Russell,1610612743,DEN,Denver Nuggets,0022400148,2024-11-02T00:00:00,DEN vs. UTA,W,31.413333333333334,2.3,12.6,0.182,1.1,4.6,0.25,0.0,4.6,0.0,1.1,2.3,3.4,8.0,4.6,5.7,0.0,0.0,4.6,3.4,5.7,13.8,34.5,0,0,29.8,1,1,13086,1,6501,20869,12559,21891,13671,14228,11902,13505,6682,13505,12146,18786,18693,2867,2871,561,8263,8846,5578,7848,21573,6103,11458,2246,150,14101,1,31:25
2024-25,203926,Doug McDermott,Doug,1610612758,SAC,Sacramento Kings,0022400143,2024-11-02T00:00:00,SAC @ TOR,L,14.865,2.4,4.8,0.5,2.4,4.8,0.5,2.4,4.8,0.5,0.0,2.4,2.4,0.0,0.0,0.0,0.0,0.0,4.8,2.4,9.7,-19.4,12.6,0,0,14.5,1,13222,1,13222,19665,20612,23573,8526,8409,13589,3944,9274,6209,10625,14058,18421,20960,19908,16469,12854,8263,8846,4965,11261,18450,21369,23872,2246,150,23243,1,14:52
2024-25,1631128,Christian Braun,Christian,1610612743,DEN,Denver Nuggets,0022400148,2024-11-02T00:00:00,DEN vs. UTA,W,32.81666666666667,6.6,12.1,0.545,3.3,5.5,0.6,2.2,2.2,1.0,0.0,2.2,2.2,3.3,1.1,2.2,0.0,1.1,3.3,1.1,18.6,23.0,31.7,0,0,31.8,1,1,13086,1,5319,9981,13485,7695,5698,11988,2992,9975,12110,1,14058,19085,21424,12018,15145,5420,8263,7067,9490,16922,9163,3259,13547,2246,150,12526,1,32:49
2024-25,201144,Mike Conley,Mike,1610612750,MIN,Minnesota Timberwolves,0022400146,2024-11-02T00:00:00,MIN @ SAS,L,20.883333333333333,3.4,6.9,0.5,1.7,5.2,0.333,0.0,0.0,0.0,1.7,3.4,5.2,5.2,3.4,5.2,0.0,0.0,3.4,0.0,8.6,-20.7,34.6,0,0,31.0,1,13222,1,13222,15366,18434,21677,8526,11330,12767,9209,13505,14344,13505,9491,15379,14339,7086,5130,800,8263,8846,8900,17725,19413,21754,11333,2246,150,13134,1,20:53
2024-25,203084,Harrison Barnes,Harrison,1610612759,SAS,San Antonio Spurs,0022400146,2024-11-02T00:00:00,SAS vs. MIN,W,37.93333333333333,5.7,9.5,0.6,1.9,4.7,0.4,0.0,0.0,0.0,0.9,1.9,2.8,2.8,0.0,0.9,0.0,0.0,0.0,0.9,13.3,6.6,23.8,0,0,22.8,1,1,13086,1,1416,12437,17966,5394,10643,13855,7874,13505,14344,13505,13657,19979,20124,13451,16469,12357,8263,8846,20257,17548,14768,9315,19082,2246,150,19152,1,37:56
2024-25,1631217,Moussa Diabaté,Moussa,1610612766,CHA,Charlotte Hornets,0022400141,2024-11-02T00:00:00,CHA vs. BOS,L,14.465,0.0,0.0,0.0,0.0,0.0,0.0,2.5,5.0,0.5,2.5,7.5,10.0,2.5,2.5,0.0,0.0,0.0,7.5,5.0,2.5,-5.0,15.7,0,0,14.9,1,13222,1,13222,19908,22635,24836,22635,15070,20945,15070,9085,5969,10625,6643,5561,5485,14579,8296,12854,8263,8846,1667,4161,23080,15573,22959,2246,150,23082,1,14:28
2024-25,101108,Chris Paul,Chris,1610612759,SAS,San Antonio Spurs,0022400146,2024-11-02T00:00:00,SAS vs. MIN,W,32.5,5.5,10.0,0.556,3.3,6.6,0.5,2.2,2.2,1.0,1.1,3.3,4.4,14.4,1.1,0.0,0.0,0.0,1.1,1.1,16.6,13.3,42.4,1,0,38.8,1,1,13086,1,5553,12880,17104,7248,5595,9221,3944,9893,12041,1,12411,15724,16213,344,15085,12854,8263,8846,19056,16877,11256,6258,6413,1,150,7537,1,32:30
2024-25,1631200,Kris Murray,Kris,1610612757,POR,Portland Trail Blazers,0022400149,2024-11-02T00:00:00,POR @ PHX,L,13.35,2.7,10.8,0.25,2.7,5.4,0.5,0.0,0.0,0.0,2.7,8.1,10.8,2.7,0.0,2.7,0.0,2.7,5.4,0.0,8.1,-48.5,33.2,0,0,29.7,1,13222,1,13222,20566,20095,15721,20233,7551,12226,3944,13505,14344,13505,6115,4575,4612,13920,16469,3917,8263,1748,3860,17725,19838,25343,12458,2246,150,14192,1,13:21
2024-25,1641741,Ricky Council IV,Ricky,1610612755,PHI,Philadelphia 76ers,0022400142,2024-11-02T00:00:00,PHI vs. MEM,L,7.85,0.0,0.0,0.0,0.0,0.0,0.0,0.0,0.0,0.0,0.0,0.0,0.0,13.8,0.0,0.0,0.0,0.0,0.0,0.0,0.0,4.6,20.6,0,0,13.8,1,13222,1,13222,22867,22635,24836,22635,15070,20945,15070,13505,14344,13505,14058,22137,23286,414,16469,12854,8263,8846,20257,17725,23200,10347,20883,2246,150,23485,1,7:51
2024-25,1627752,Taurean Prince,Taurean,1610612749,MIL,Milwaukee Bucks,0022400145,2024-11-02T00:00:00,MIL vs. CLE,L,31.666666666666668,6.8,8.0,0.857,4.5,5.7,0.8,0.0,0.0,0.0,1.1,5.7,6.8,0.0,0.0,1.1,0.0,0.0,1.1,0.0,18.2,4.5,29.8,0,0,31.8,1,13222,1,13222,6258,9366,20330,1412,2974,11488,1389,13505,14344,13505,12214,9077,10486,19908,16469,10706,8263,8846,18881,17725,9637,10362,14954,2246,150,12508,1,31:40
2024-25,1641748,Andre Jackson Jr.,Andre,1610612749,MIL,Milwaukee Bucks,0022400145,2024-11-02T00:00:00,MIL vs. CLE,L,15.456666666666667,2.3,7.0,0.333,2.3,4.7,0.5,0.0,0.0,0.0,0.0,2.3,2.3,2.3,7.0,0.0,0.0,0.0,7.0,4.7,7.0,-18.6,6.3,0,0,14.0,1,13222,1,13222,19280,20801,21576,17395,8743,14058,3944,13505,14344,13505,14058,18683,21139,15123,893,12854,8263,8846,1987,4812,20740,21113,24889,2246,150,23429,1,15:27
2024-25,1631098,Johnny Davis,Johnny,1610612764,WAS,Washington Wizards,0022400147,2024-11-02T00:00:00,WAS @ MIA,L,17.683333333333334,8.1,10.2,0.8,0.0,0.0,0.0,2.0,4.1,0.5,2.0,12.2,14.3,2.0,0.0,2.0,0.0,0.0,2.0,2.0,18.3,-6.1,44.6,0,0,38.7,1,13222,1,13222,17794,6324,16770,1688,15070,20945,15070,10504,7696,10625,8223,1267,2124,16239,16469,6080,8263,8846,14939,12899,9501,16114,5374,2246,150,7603,1,17:41
2024-25,1630558,Davion Mitchell,Davion,1610612761,TOR,Toronto Raptors,0022400143,2024-11-02T00:00:00,TOR vs. SAC,W,37.083333333333336,1.9,5.8,0.333,0.0,1.9,0.0,0.0,0.0,0.0,0.0,3.9,3.9,6.8,4.9,4.9,0.0,0.0,3.9,0.0,3.9,0.0,28.4,0,0,24.3,1,1,13086,1,1937,21511,22788,17395,15070,19658,15070,13505,14344,13505,14058,14080,17608,4291,2515,989,8263,8846,7502,17725,22608,12240,15910,2246,150,18155,1,37:05
2024-25,1631103,Malaki Branham,Malaki,1610612759,SAS,San Antonio Spurs,0022400146,2024-11-02T00:00:00,SAS vs. MIN,W,14.183333333333334,5.1,10.2,0.5,0.0,5.1,0.0,5.1,5.1,1.0,0.0,5.1,5.1,2.5,5.1,0.0,0.0,0.0,2.5,2.5,15.2,7.6,20.1,0,0,22.8,1,1,13086,1,20092,14156,16816,8526,15070,13011,15070,3924,5789,1,14058,10646,14588,14408,2247,12854,8263,8846,12640,10843,12678,8822,21137,2246,150,19108,1,14:11
2024-25,1629652,Luguentz Dort,Luguentz,1610612760,OKC,Oklahoma City Thunder,0022400150,2024-11-02T00:00:00,OKC @ LAC,W,29.733333333333334,7.3,14.5,0.5,1.2,4.8,0.25,3.6,4.8,0.75,1.2,3.6,4.8,3.6,0.0,0.0,0.0,2.4,4.8,4.8,19.4,2.4,30.6,0,0,29.1,1,1,13086,1,8016,8305,9308,8526,13308,13590,11902,6424,6210,8186,11721,14846,15192,10991,16469,12854,8263,2174,4966,4404,8489,11406,14323,2246,150,14657,1,29:44
2024-25,1641712,Rayan Rupert,Rayan,1610612757,POR,Portland Trail Blazers,0022400149,2024-11-02T00:00:00,POR @ PHX,L,7.453333333333333,4.8,19.3,0.25,0.0,4.8,0.0,0.0,0.0,0.0,0.0,4.8,4.8,0.0,0.0,0.0,0.0,4.8,9.7,4.8,9.7,-58.0,15.5,0,0,14.5,1,13222,1,13222,23020,14859,3484,20233,15070,13626,15070,13505,14344,13505,14058,11336,15224,19908,16469,12854,8263,400,778,4435,18485,25632,23038,2246,150,23257,1,7:27
2024-25,1627826,Ivica Zubac,Ivica,1610612746,LAC,LA Clippers,0022400150,2024-11-02T00:00:00,LAC vs. OKC,L,28.4,5.1,12.7,0.4,0.0,0.0,0.0,1.3,6.3,0.2,3.8,11.4,15.2,0.0,1.3,1.3,1.3,1.3,2.5,6.3,11.4,-11.4,36.0,0,0,31.7,1,13222,1,13222,9212,14176,12427,14933,15070,20945,15070,12393,4080,13489,3880,1692,1674,19908,13987,9672,5813,5828,12650,2251,16778,18490,10366,2246,150,12633,1,28:24
2024-25,1626192,Pat Connaughton,Pat,1610612749,MIL,Milwaukee Bucks,0022400145,2024-11-02T00:00:00,MIL vs. CLE,L,9.693333333333333,0.0,0.0,0.0,0.0,0.0,0.0,0.0,0.0,0.0,0.0,7.4,7.4,7.4,0.0,0.0,0.0,0.0,3.7,11.1,0.0,-22.3,20.1,0,0,14.9,1,13222,1,13222,22222,22635,24836,22635,15070,20945,15070,13505,14344,13505,14058,5626,9305,3480,16469,12854,8263,8846,8024,262,23200,22158,21135,2246,150,23108,1,9:42
2024-25,1630534,Ochai Agbaji,Ochai,1610612761,TOR,Toronto Raptors,0022400143,2024-11-02T00:00:00,TOR vs. SAC,W,35.60666666666667,9.1,12.1,0.75,4.0,5.1,0.8,0.0,0.0,0.0,0.0,5.1,5.1,2.0,1.0,2.0,1.0,1.0,3.0,1.0,22.2,1.0,39.4,0,0,39.4,1,1,13086,1,2987,4528,13361,2107,3907,13061,1389,13505,14344,13505,14058,10717,14656,16294,15774,6151,7412,7818,10566,17354,6052,12149,8113,2246,150,7116,1,35:36
2024-25,202704,Reggie Jackson,Reggie,1610612755,PHI,Philadelphia 76ers,0022400142,2024-11-02T00:00:00,PHI vs. MEM,L,8.616666666666667,4.2,20.9,0.2,4.2,16.7,0.25,0.0,0.0,0.0,0.0,0.0,0.0,12.5,0.0,0.0,0.0,0.0,0.0,0.0,12.5,-29.2,31.3,0,0,29.2,1,13222,1,13222,22589,16650,2408,21401,3612,436,11902,13505,14344,13505,14058,22137,23286,607,16469,12854,8263,8846,20257,17725,15559,23621,13796,2246,150,14514,1,8:37
2024-25,1628415,Dillon Brooks,Dillon,1610612745,HOU,Houston Rockets,0022400144,2024-11-02T00:00:00,HOU vs. GSW,L,27.293333333333333,4.0,11.9,0.333,1.3,5.3,0.25,0.0,0.0,0.0,1.3,5.3,6.6,2.6,2.6,1.3,0.0,1.3,7.9,0.0,9.2,-19.8,22.4,0,0,22.4,1,13222,1,13222,10112,17191,13819,17395,12789,12533,11902,13505,14344,13505,11107,10084,10966,14089,7742,9358,8263,5556,1398,17725,18872,21488,19918,2246,150,19409,1,27:18
2024-25,1630596,Evan Mobley,Evan,1610612739,CLE,Cleveland Cavaliers,0022400145,2024-11-02T00:00:00,CLE @ MIL,W,31.583333333333332,8.0,14.8,0.538,0.0,1.1,0.0,0.0,0.0,0.0,1.1,6.8,8.0,5.7,1.1,0.0,0.0,1.1,4.6,2.3,16.0,-2.3,32.9,0,0,29.6,1,1,13086,1,6350,6669,8865,7978,15070,20693,15070,13505,14344,13505,12192,6637,8305,6042,14866,12854,8263,6713,5648,11820,11959,14193,12634,2246,150,14221,1,31:35
2024-25,1630175,Cole Anthony,Cole,1610612753,ORL,Orlando Magic,0022400133,2024-11-01T00:00:00,ORL @ CLE,L,8.066666666666666,4.5,17.9,0.25,0.0,0.0,0.0,0.0,4.5,0.0,0.0,4.5,4.5,8.9,4.5,0.0,0.0,0.0,4.5,13.4,8.9,4.5,23.2,0,0,22.3,1,13222,1,13222,22791,15878,4847,20233,15070,20945,15070,13505,6908,13505,14058,12356,16135,2075,3049,12854,8263,8846,5855,141,19155,10402,19430,2246,150,19478,1,8:04
2024-25,1642347,Jamal Shead,Jamal,1610612761,TOR,Toronto Raptors,0022400137,2024-11-01T00:00:00,TOR vs. LAL,L,14.8,4.9,17.0,0.286,0.0,7.3,0.0,0.0,0.0,0.0,0.0,2.4,2.4,2.4,2.4,0.0,0.0,0.0,4.9,2.4,9.7,-14.6,13.9,0,0,14.6,1,13222,1,13222,19704,14759,5773,19630,15070,7822,15070,13505,14344,13505,14058,18380,20926,14763,8516,12854,8263,8846,4910,11214,18415,19743,23532,2246,150,23217,1,14:48
2024-25,1631212,Peyton Watson,Peyton,1610612743,DEN,Denver Nuggets,0022400139,2024-11-01T00:00:00,DEN @ MIN,L,13.533333333333333,2.7,16.0,0.167,0.0,5.3,0.0,0.0,0.0,0.0,2.7,0.0,2.7,0.0,0.0,2.7,0.0,2.7,2.7,0.0,5.3,-23.9,16.5,0,0,13.3,1,13222,1,13222,20469,20169,7164,21938,15070,12412,15070,13505,14344,13505,6204,22137,20521,19908,16469,3995,8263,1798,12201,17725,21839,22557,22671,2246,150,23617,1,13:32
2024-25,1628386,Jarrett Allen,Jarrett,1610612739,CLE,Cleveland Cavaliers,0022400133,2024-11-01T00:00:00,CLE vs. ORL,W,28.466666666666665,1.3,3.8,0.333,0.0,0.0,0.0,0.0,0.0,0.0,2.5,11.4,13.9,1.3,2.5,1.3,1.3,0.0,2.5,1.3,2.5,15.2,26.2,0,0,22.8,1,1,13086,1,9147,22438,24190,17395,15070,20945,15070,13505,14344,13505,6525,1703,2274,18775,8119,9687,5826,8846,12674,16064,23071,5556,17491,2246,150,19159,1,28:28
2024-25,1630245,Ayo Dosunmu,Ayo,1610612741,CHI,Chicago Bulls,0022400136,2024-11-01T00:00:00,CHI @ BKN,L,27.165,4.0,14.6,0.273,2.7,9.3,0.286,2.7,2.7,1.0,0.0,9.3,9.3,4.0,4.0,0.0,0.0,2.7,5.3,5.3,13.3,-5.3,26.4,0,0,29.2,1,13222,1,13222,10230,17147,9241,20048,7681,4412,11433,8684,10858,1,14058,3227,6345,9998,3929,12854,8263,1806,4016,3628,14803,15747,17368,2246,150,14584,1,27:10
2024-25,1627777,Georges Niang,Georges,1610612739,CLE,Cleveland Cavaliers,0022400133,2024-11-01T00:00:00,CLE vs. ORL,W,16.116666666666667,6.7,11.2,0.6,2.2,4.5,0.5,0.0,0.0,0.0,0.0,6.7,6.7,4.5,2.2,0.0,0.0,2.2,4.5,0.0,15.6,22.3,28.1,0,0,29.0,1,1,13086,1,18846,9678,15072,5394,9104,14529,3944,13505,14344,13505,14058,6887,10728,8728,9378,12854,8263,2577,5849,17725,12280,3393,16107,2246,150,14666,1,16:07
2024-25,1631105,Jalen Duren,Jalen,1610612765,DET,Detroit Pistons,0022400134,2024-11-01T00:00:00,DET vs. NYK,L,18.316666666666666,3.9,3.9,1.0,0.0,0.0,0.0,2.0,3.9,0.5,2.0,11.8,13.8,3.9,5.9,0.0,2.0,0.0,2.0,3.9,9.8,-43.2,32.2,0,0,31.4,1,13222,1,13222,17345,17247,24120,1,15070,20945,15070,10758,7985,10625,8544,1480,2356,10130,1459,12854,3580,8846,15325,6484,18335,25074,13141,2246,150,12814,1,18:19
2024-25,1641716,Jarace Walker,Jarace,1610612754,IND,Indiana Pacers,0022400138,2024-11-01T00:00:00,IND @ NOP,L,13.5,5.3,16.0,0.333,2.7,8.0,0.333,0.0,0.0,0.0,2.7,2.7,5.3,2.7,0.0,2.7,0.0,2.7,2.7,5.3,13.3,-21.3,31.7,0,0,29.3,1,13222,1,13222,20491,13448,7106,17395,7628,6448,9209,13505,14344,13505,6188,17774,13954,13995,16469,3979,8263,1786,12174,3582,14702,21919,13527,2246,150,14457,1,13:30
2024-25,1630532,Franz Wagner,Franz,1610612753,ORL,Orlando Magic,0022400133,2024-11-01T00:00:00,ORL @ CLE,L,30.066666666666666,9.6,22.7,0.421,0.0,2.4,0.0,1.2,3.6,0.333,2.4,7.2,9.6,7.2,4.8,1.2,0.0,3.6,3.6,2.4,20.4,-13.2,41.4,0,0,39.5,1,13222,1,13222,7724,3760,1469,14442,15070,18819,15070,12600,8703,13132,6937,6031,5950,3784,2596,10195,8263,850,8452,11375,7614,19182,6918,2246,150,7061,1,30:04
2024-25,1627759,Jaylen Brown,Jaylen,1610612738,BOS,Boston Celtics,0022400132,2024-11-01T00:00:00,BOS @ CHA,W,36.5,7.9,18.7,0.421,0.0,5.9,0.0,8.9,9.9,0.9,3.0,3.0,5.9,4.9,1.0,1.0,1.0,1.0,3.0,8.9,24.7,10.8,44.1,0,0,39.5,1,1,13086,1,2337,6862,3982,14442,15070,10894,15070,1049,1424,6805,5439,16866,12484,7615,15933,12071,7563,8037,10910,699,4387,7303,5622,2246,150,7098,1,36:30
2024-25,1630543,Isaiah Jackson,Isaiah,1610612754,IND,Indiana Pacers,0022400138,2024-11-01T00:00:00,IND @ NOP,L,15.583333333333334,6.9,6.9,1.0,0.0,0.0,0.0,0.0,4.6,0.0,0.0,18.5,18.5,2.3,0.0,0.0,2.3,0.0,2.3,2.3,13.9,16.2,46.4,0,0,39.3,1,13222,1,13222,19203,9095,21636,1,15070,20945,15070,13505,6631,13505,14058,226,796,15196,16469,12854,2722,8846,13601,11706,14087,5196,4562,2246,150,7211,1,15:35
2024-25,1630540,Miles McBride,Miles,1610612752,NYK,New York Knicks,0022400134,2024-11-01T00:00:00,NYK @ DET,W,28.31833333333333,5.1,15.3,0.333,2.5,10.2,0.25,0.0,1.3,0.0,1.3,2.5,3.8,2.5,0.0,5.1,0.0,1.3,2.5,1.3,12.7,17.8,36.4,0,0,31.8,1,1,13086,1,9283,14133,8170,17395,8007,3311,11902,13505,13779,13505,11352,18077,17792,14393,16469,850,8263,5807,12630,16026,15377,4625,10112,2246,150,12555,1,28:19
2024-25,204456,T.J. McConnell,T.J.,1610612754,IND,Indiana Pacers,0022400138,2024-11-01T00:00:00,IND @ NOP,L,21.816666666666666,8.3,14.9,0.556,0.0,1.7,0.0,0.0,0.0,0.0,0.0,5.0,5.0,14.9,3.3,1.7,0.0,1.7,1.7,0.0,16.5,8.3,46.4,0,0,39.6,1,13222,1,13222,14648,6082,8819,7248,15070,20108,15070,13505,14344,13505,14058,11026,14926,306,5508,7812,8263,4297,16706,17725,11390,8508,4592,2246,150,7013,1,21:49
2024-25,1642274,Yves Missi,Yves,1610612740,NOP,New Orleans Pelicans,0022400138,2024-11-01T00:00:00,NOP vs. IND,W,26.166666666666668,2.8,6.9,0.4,0.0,0.0,0.0,0.0,0.0,0.0,8.3,5.5,13.8,0.0,0.0,0.0,1.4,2.8,2.8,2.8,5.5,11.0,26.1,0,0,22.0,1,1,13086,1,11032,19971,21705,14933,15070,20945,15070,13505,14344,13505,712,9525,2361,19908,16469,12854,5330,1667,11832,10141,21731,7235,17528,2246,150,19672,1,26:10
2024-25,1630592,Jalen Wilson,Jalen,1610612751,BKN,Brooklyn Nets,0022400136,2024-11-01T00:00:00,BKN vs. CHI,W,22.283333333333335,4.8,12.9,0.375,1.6,8.1,0.2,0.0,0.0,0.0,0.0,1.6,1.6,4.8,3.2,1.6,0.0,0.0,1.6,1.6,11.3,12.9,22.1,0,0,22.6,1,1,13086,1,14287,14819,11990,16299,11634,6320,13429,13505,14344,13505,14058,20640,22417,7806,5730,7930,8263,8846,16817,14574,16882,6428,20058,2246,150,19269,1,22:17
2024-25,1642349,Ajay Mitchell,Ajay,1610612760,OKC,Oklahoma City Thunder,0022400140,2024-11-01T00:00:00,OKC @ POR,W,17.216666666666665,6.3,12.5,0.5,4.2,6.3,0.667,0.0,0.0,0.0,4.2,0.0,4.2,4.2,2.1,0.0,0.0,2.1,8.4,2.1,16.7,23.0,25.9,0,0,29.3,1,1,13086,1,18123,10785,12664,8526,3601,10036,1957,13505,14344,13505,3325,22137,16848,9432,10038,12854,8263,2947,1194,12652,11139,3267,17662,2246,150,14500,1,17:13
2024-25,1642502,Malevy Leons,Malevy,1610612760,OKC,Oklahoma City Thunder,0022400140,2024-11-01T00:00:00,OKC @ POR,W,3.4833333333333334,0.0,10.3,0.0,0.0,0.0,0.0,10.3,20.7,0.5,10.3,0.0,10.3,10.3,0.0,0.0,0.0,10.3,20.7,10.3,10.3,10.3,38.2,0,0,31.0,1,1,13086,1,24719,22635,16487,22635,15070,20945,15070,604,129,10625,360,22137,5071,1267,16469,12854,8263,61,113,356,17819,7542,8865,2246,150,13156,1,3:29
2024-25,203967,Dario Šarić,Dario,1610612743,DEN,Denver Nuggets,0022400139,2024-11-01T00:00:00,DEN @ MIN,L,4.716666666666667,0.0,22.9,0.0,0.0,15.3,0.0,0.0,0.0,0.0,15.3,0.0,15.3,0.0,0.0,0.0,0.0,7.6,0.0,0.0,0.0,-84.0,18.3,0,0,15.3,1,13222,1,13222,24137,22635,1421,22635,15070,638,15070,13505,14344,13505,120,22137,1660,19908,16469,12854,8263,118,20257,17725,23200,26039,21959,2246,150,22966,1,4:43
2024-25,1628449,Chris Boucher,Chris,1610612761,TOR,Toronto Raptors,0022400137,2024-11-01T00:00:00,TOR vs. LAL,L,13.931666666666667,7.8,15.5,0.5,0.0,7.8,0.0,7.8,10.3,0.75,0.0,5.2,5.2,2.6,0.0,0.0,0.0,0.0,7.8,5.2,23.3,-33.6,33.3,0,0,31.0,1,13222,1,13222,20233,7162,7815,8526,15070,6897,15070,1536,1243,8186,14058,10361,14348,14268,16469,12854,8263,8846,1493,3819,5326,24243,12318,2246,150,13154,1,13:56
2024-25,201566,Russell Westbrook,Russell,1610612743,DEN,Denver Nuggets,0022400139,2024-11-01T00:00:00,DEN @ MIN,L,25.346666666666668,1.4,11.4,0.125,0.0,4.3,0.0,4.3,5.7,0.75,4.3,4.3,8.5,7.1,5.7,2.8,1.4,1.4,2.8,4.3,7.1,-18.5,35.1,0,0,31.2,1,13222,1,13222,11711,22269,14733,22420,15070,14994,15070,5234,4921,8186,3231,12932,7448,3883,1656,3573,5148,5100,11458,5698,20633,21061,11003,2246,150,12967,1,25:21
2024-25,1641842,Ronald Holland II,Ronald,1610612765,DET,Detroit Pistons,0022400134,2024-11-01T00:00:00,DET vs. NYK,L,22.45,6.4,9.6,0.667,0.0,3.2,0.0,1.6,1.6,1.0,0.0,3.2,3.2,1.6,4.8,1.6,0.0,0.0,1.6,1.6,14.4,-25.7,20.7,0,0,22.4,1,13222,1,13222,14153,10401,17721,3281,15070,17255,15070,11592,13387,1,14058,16057,19213,17633,2561,7968,8263,8846,16861,14616,13472,22948,20849,2246,150,19392,1,22:27
2024-25,1629652,Luguentz Dort,Luguentz,1610612760,OKC,Oklahoma City Thunder,0022400140,2024-11-01T00:00:00,OKC @ POR,W,25.466666666666665,4.2,12.7,0.333,1.4,5.7,0.25,1.4,1.4,1.0,1.4,5.7,7.1,2.8,0.0,5.7,2.8,0.0,1.4,2.8,11.3,19.8,49.5,0,0,39.6,1,1,13086,1,11613,16481,12347,17395,12391,11563,11902,11989,13578,1,10683,9153,10017,13503,16469,584,1913,8846,17568,9868,16876,4019,3428,2246,150,7026,1,25:28
2024-25,1630581,Josh Giddey,Josh,1610612741,CHI,Chicago Bulls,0022400136,2024-11-01T00:00:00,CHI @ BKN,L,33.36833333333333,5.4,18.3,0.294,0.0,4.3,0.0,1.1,4.3,0.25,3.2,3.2,6.5,8.6,4.3,2.2,0.0,1.1,1.1,3.2,11.9,-16.2,34.7,0,0,31.3,1,13222,1,13222,4838,13293,4340,19598,15070,14873,15070,12975,7180,13358,4871,15978,11233,2318,3287,5553,8263,7236,19223,8442,16274,20319,11255,2246,150,12944,1,33:22
2024-25,1628401,Derrick White,Derrick,1610612738,BOS,Boston Celtics,0022400132,2024-11-01T00:00:00,BOS @ CHA,W,35.07666666666667,6.2,16.4,0.375,3.1,10.3,0.3,2.1,2.1,1.0,0.0,2.1,2.1,5.1,0.0,1.0,1.0,2.1,4.1,1.0,17.4,20.5,33.8,0,0,31.8,1,1,13086,1,3404,11079,6521,16299,6279,3195,11319,10458,12570,1,14058,19499,21695,7171,16469,11705,7300,3052,6826,17287,10378,3808,11999,2246,150,12525,1,35:05
2024-25,1626168,Trey Lyles,Trey,1610612758,SAC,Sacramento Kings,0022400135,2024-11-01T00:00:00,SAC @ ATL,W,19.233333333333334,1.9,13.1,0.143,1.9,11.2,0.167,3.7,3.7,1.0,1.9,7.5,9.4,3.7,1.9,1.9,1.9,1.9,3.7,3.7,9.4,13.1,35.6,0,0,31.8,1,1,13086,1,16641,21624,11668,22260,10769,2304,14236,6194,8385,1,8940,5516,6251,10670,11206,6910,3853,3657,7930,7001,18773,6352,10688,2246,150,12521,1,19:14
2024-25,1631200,Kris Murray,Kris,1610612757,POR,Portland Trail Blazers,0022400140,2024-11-01T00:00:00,POR vs. OKC,L,22.268333333333334,4.8,11.3,0.429,1.6,4.8,0.333,3.2,8.1,0.4,1.6,3.2,4.8,0.0,1.6,1.6,0.0,0.0,4.8,4.8,14.5,-19.4,23.6,0,0,24.2,1,13222,1,13222,14301,14811,14798,13735,11633,13566,9209,7254,2460,13061,9858,15985,15182,19908,12273,7929,8263,8846,4951,4395,13349,21377,19204,2246,150,18168,1,22:16
2024-25,1641722,Jordan Hawkins,Jordan,1610612740,NOP,New Orleans Pelicans,0022400138,2024-11-01T00:00:00,NOP vs. IND,W,36.715,6.9,16.7,0.412,2.0,7.8,0.25,6.9,7.8,0.875,0.0,3.9,3.9,1.0,0.0,0.0,0.0,0.0,1.0,4.9,22.6,7.8,28.7,0,0,29.4,1,1,13086,1,2189,9261,6222,14791,10345,6732,11902,2107,2631,6931,14058,13960,17507,19732,16469,12854,8263,8846,19811,4291,5825,8713,15694,2246,150,14394,1,36:43
2024-25,1627936,Alex Caruso,Alex,1610612760,OKC,Oklahoma City Thunder,0022400140,2024-11-01T00:00:00,OKC @ POR,W,17.383333333333333,6.2,10.4,0.6,0.0,4.1,0.0,0.0,0.0,0.0,2.1,4.1,6.2,4.1,0.0,0.0,0.0,0.0,8.3,0.0,12.4,18.6,26.1,0,0,22.8,1,1,13086,1,18012,10936,16455,5394,15070,15247,15070,13505,14344,13505,8076,13295,11796,9541,16469,12854,8263,8846,1237,17725,15683,4365,17560,2246,150,19150,1,17:23
2024-25,1628989,Kevin Huerter,Kevin,1610612758,SAC,Sacramento Kings,0022400135,2024-11-01T00:00:00,SAC @ ATL,W,24.333333333333332,5.9,19.2,0.308,3.0,11.8,0.25,0.0,0.0,0.0,1.5,1.5,3.0,5.9,1.5,1.5,0.0,0.0,4.4,0.0,14.8,-14.8,30.2,0,0,29.6,1,1,13086,1,12619,11749,3564,19226,6651,1877,11902,13505,14344,13505,10396,20916,19833,5638,12853,8500,8263,8846,5922,17725,13117,19816,14677,2246,150,14247,1,24:20
2024-25,1628998,Cody Martin,Cody,1610612766,CHA,Charlotte Hornets,0022400132,2024-11-01T00:00:00,CHA vs. BOS,L,25.916666666666668,4.2,12.5,0.333,1.4,4.2,0.333,0.0,0.0,0.0,1.4,2.8,4.2,1.4,1.4,1.4,1.4,0.0,2.8,0.0,9.7,-12.5,23.8,0,0,22.2,1,13222,1,13222,11230,16681,12727,17395,12487,15193,9209,13505,14344,13505,10796,17469,16891,18377,13341,8964,5272,8846,11733,17725,18427,18944,19124,2246,150,19538,1,25:55
2024-25,1642266,Ja'Kobe Walter,Ja'Kobe,1610612761,TOR,Toronto Raptors,0022400137,2024-11-01T00:00:00,TOR vs. LAL,L,21.866666666666667,1.6,13.2,0.125,0.0,4.9,0.0,4.9,4.9,1.0,3.3,6.6,9.9,1.6,0.0,0.0,1.6,3.3,4.9,4.9,8.2,11.5,27.5,0,0,23.0,1,13222,1,13222,14601,21974,11539,22420,15070,13346,15070,4135,6051,1,4760,7130,5565,17520,16469,12854,4437,1070,4749,4227,19723,6993,16584,2246,150,18983,1,21:52
2024-25,1629651,Nic Claxton,Nic,1610612751,BKN,Brooklyn Nets,0022400136,2024-11-01T00:00:00,BKN vs. CHI,W,24.466666666666665,8.8,11.8,0.75,0.0,0.0,0.0,0.0,0.0,0.0,5.9,7.4,13.2,2.9,1.5,1.5,0.0,0.0,5.9,1.5,17.7,11.8,40.9,0,0,36.8,1,1,13086,1,12511,5009,13993,2107,15070,20945,15070,13505,14344,13505,1680,5743,2644,13118,12892,8524,8263,8846,3089,15119,10157,6894,7223,2246,150,8858,1,24:28
2024-25,1631093,Jaden Ivey,Jaden,1610612765,DET,Detroit Pistons,0022400134,2024-11-01T00:00:00,DET vs. NYK,L,18.895,7.6,17.1,0.444,3.8,7.6,0.5,0.0,0.0,0.0,3.8,5.7,9.5,3.8,7.6,0.0,0.0,0.0,3.8,3.8,19.1,-41.9,28.6,0,0,36.2,1,13222,1,13222,16912,7459,5637,13045,4407,7136,3944,13505,14344,13505,3868,9005,6022,10469,671,12854,8263,8846,7702,6820,8797,24970,15810,2246,150,9230,1,18:54
2024-25,203932,Aaron Gordon,Aaron,1610612743,DEN,Denver Nuggets,0022400139,2024-11-01T00:00:00,DEN @ MIN,L,38.056666666666665,10.4,17.0,0.611,4.7,6.6,0.714,3.8,4.7,0.8,3.8,6.6,10.4,1.9,0.0,0.9,0.0,0.9,1.9,3.8,29.3,7.6,47.5,1,0,48.2,1,13222,1,13222,1354,2818,5772,5351,2678,9272,1861,6119,6427,7681,3910,7055,4999,16781,16469,12390,8263,8372,15734,6897,2333,8855,4143,1,150,3066,1,38:03
2024-25,1641783,Tristan da Silva,Tristan,1610612753,ORL,Orlando Magic,0022400133,2024-11-01T00:00:00,ORL @ CLE,L,20.133333333333333,10.7,14.3,0.75,5.4,5.4,1.0,3.6,5.4,0.667,3.6,5.4,8.9,3.6,0.0,0.0,0.0,1.8,5.4,3.6,30.4,3.6,46.5,0,0,48.3,1,13222,1,13222,15915,2480,9676,2107,1882,12299,1,6540,5364,9425,4251,9865,6836,11154,16469,12854,8263,3935,3904,7463,1954,10866,4540,2246,150,3055,1,20:08
2024-25,201144,Mike Conley,Mike,1610612750,MIN,Minnesota Timberwolves,0022400139,2024-11-01T00:00:00,MIN vs. DEN,W,26.305,2.7,9.6,0.286,2.7,6.8,0.4,4.1,5.5,0.75,0.0,0.0,0.0,6.8,1.4,1.4,0.0,1.4,5.5,5.5,12.3,13.7,25.3,0,0,24.6,1,1,13086,1,10897,20008,17810,19630,7429,8797,7874,5518,5222,8186,14058,22137,23286,4224,13471,9088,8263,5318,3745,3375,15809,6132,18061,2246,150,17933,1,26:18
2024-25,1629637,Jaxson Hayes,Jaxson,1610612747,LAL,Los Angeles Lakers,0022400137,2024-11-01T00:00:00,LAL @ TOR,W,15.046666666666667,2.4,2.4,1.0,0.0,0.0,0.0,4.8,4.8,1.0,7.2,7.2,14.4,0.0,0.0,0.0,4.8,0.0,7.2,4.8,9.6,4.8,41.2,0,0,33.5,1,1,13086,1,19531,20688,24675,1,15070,20945,15070,4368,6332,1,1073,6041,2071,19908,16469,12854,580,8846,1837,4535,18570,10228,7083,2246,150,11246,1,15:03
2024-25,1629659,Talen Horton-Tucker,Talen,1610612741,CHI,Chicago Bulls,0022400136,2024-11-01T00:00:00,CHI @ BKN,L,7.281666666666666,4.9,9.9,0.5,4.9,9.9,0.5,0.0,0.0,0.0,0.0,0.0,0.0,4.9,0.0,0.0,0.0,0.0,0.0,4.9,14.8,-4.9,22.2,0,0,24.7,1,13222,1,13222,23069,14568,17270,8526,2348,3624,3944,13505,14344,13505,14058,22137,23286,7586,16469,12854,8263,8846,20257,4215,13085,15557,20011,2246,150,17879,1,7:17
2024-25,1630558,Davion Mitchell,Davion,1610612761,TOR,Toronto Raptors,0022400137,2024-11-01T00:00:00,TOR vs. LAL,L,30.933333333333334,4.7,10.5,0.444,2.3,7.0,0.333,0.0,0.0,0.0,0.0,3.5,3.5,5.8,3.5,0.0,2.3,1.2,4.7,2.3,11.6,-2.3,28.0,0,0,27.9,1,13222,1,13222,6932,15347,16272,13045,8750,8493,9209,13505,14344,13505,14058,15263,18569,5818,5029,12854,2691,6526,5395,11639,16536,14223,16192,2246,150,15475,1,30:56
2024-25,1631099,Keegan Murray,Keegan,1610612758,SAC,Sacramento Kings,0022400135,2024-11-01T00:00:00,SAC @ ATL,W,38.86666666666667,5.6,11.1,0.5,0.9,5.6,0.167,0.9,0.9,1.0,2.8,6.5,9.3,2.8,0.9,0.0,0.9,0.0,2.8,1.9,13.0,11.1,30.1,1,0,27.8,1,1,13086,1,929,12824,15166,8526,14883,11821,14236,13418,14297,1,5914,7348,6366,13657,16258,12854,7977,8846,11731,13722,15129,7184,14732,1,150,15588,1,38:52
2024-25,202684,Tristan Thompson,Tristan,1610612739,CLE,Cleveland Cavaliers,0022400133,2024-11-01T00:00:00,CLE vs. ORL,W,3.966666666666667,18.2,18.2,1.0,0.0,0.0,0.0,0.0,0.0,0.0,0.0,0.0,0.0,0.0,0.0,0.0,0.0,0.0,0.0,0.0,36.3,-45.4,36.3,0,0,36.3,1,1,13086,1,24503,208,4501,1,15070,20945,15070,13505,14344,13505,14058,22137,23286,19908,16469,12854,8263,8846,20257,17725,775,25201,10156,2246,150,9154,1,3:58
2024-25,1630560,Cam Thomas,Cam,1610612751,BKN,Brooklyn Nets,0022400136,2024-11-01T00:00:00,BKN vs. CHI,W,31.75,12.5,26.1,0.478,4.5,12.5,0.364,6.8,7.9,0.857,0.0,0.0,0.0,4.5,2.3,1.1,0.0,1.1,1.1,5.7,36.3,0.0,44.2,0,0,47.6,1,1,13086,1,6199,1264,636,11986,3001,1538,9100,2155,2558,7071,14058,22137,23286,8564,9223,10728,8263,6758,18896,3079,783,12240,5564,2246,150,3273,1,31:45
2024-25,1628436,Luke Kornet,Luke,1610612738,BOS,Boston Celtics,0022400132,2024-11-01T00:00:00,BOS @ CHA,W,23.525,3.1,3.1,1.0,0.0,0.0,0.0,1.5,3.1,0.5,3.1,3.1,6.1,1.5,0.0,1.5,3.1,0.0,1.5,4.6,7.7,24.5,31.1,0,0,24.5,1,1,13086,1,13295,19296,24474,1,15070,20945,15070,11734,9819,10625,5210,16520,11992,17872,16469,8273,1618,8846,17113,4963,20198,2927,14011,2246,150,18016,1,23:32
2024-25,1630703,Scoot Henderson,Scoot,1610612757,POR,Portland Trail Blazers,0022400140,2024-11-01T00:00:00,POR vs. OKC,L,24.593333333333334,4.4,11.7,0.375,1.5,5.9,0.25,1.5,2.9,0.5,1.5,2.9,4.4,7.3,2.9,0.0,0.0,0.0,1.5,1.5,11.7,-36.6,25.0,0,0,24.9,1,13222,1,13222,12386,16089,14092,16299,12192,11057,11902,11867,10154,10625,10467,16983,16309,3601,6733,12854,8263,8846,17377,15163,16437,24574,18268,2246,150,17766,1,24:36
2024-25,1629014,Anfernee Simons,Anfernee,1610612757,POR,Portland Trail Blazers,0022400140,2024-11-01T00:00:00,POR vs. OKC,L,28.481666666666666,1.3,10.1,0.125,1.3,3.8,0.333,7.6,7.6,1.0,0.0,5.1,5.1,7.6,2.5,0.0,1.3,3.8,0.0,3.8,11.4,-11.4,30.1,0,0,27.8,1,13222,1,13222,9143,22440,16883,22420,13014,16014,9209,1619,2828,1,14058,10715,14654,3305,8124,12854,5833,738,20257,6869,16817,18469,14739,2246,150,15577,1,28:29
2024-25,1631133,Jabari Walker,Jabari,1610612757,POR,Portland Trail Blazers,0022400140,2024-11-01T00:00:00,POR vs. OKC,L,10.843333333333334,3.3,13.3,0.25,0.0,3.3,0.0,0.0,3.3,0.0,6.6,3.3,10.0,10.0,3.3,3.3,0.0,6.6,0.0,6.6,6.6,10.0,40.2,0,0,33.2,1,13222,1,13222,21778,18708,11338,20233,15070,17025,15070,13505,9260,13505,1309,15737,5477,1458,5455,2530,8263,179,20257,1953,20967,7716,7652,2246,150,11498,1,10:51
2024-25,201950,Jrue Holiday,Jrue,1610612738,BOS,Boston Celtics,0022400132,2024-11-01T00:00:00,BOS @ CHA,W,31.926666666666666,5.6,13.5,0.417,3.4,6.8,0.5,1.1,2.3,0.5,0.0,5.6,5.6,1.1,0.0,1.1,0.0,2.3,2.3,3.4,15.8,6.8,27.6,0,0,28.2,1,1,13086,1,6044,12591,10956,14532,5428,8972,3944,12828,11918,10625,14058,9198,13185,19265,16469,10795,8263,2539,13850,8005,12133,9260,16479,2246,150,15302,1,31:56
2024-25,1630167,Obi Toppin,Obi,1610612754,IND,Indiana Pacers,0022400138,2024-11-01T00:00:00,IND @ NOP,L,18.785,5.7,11.5,0.5,1.9,5.7,0.333,0.0,0.0,0.0,1.9,7.7,9.6,0.0,3.8,0.0,0.0,0.0,3.8,1.9,13.4,-5.7,21.1,0,0,24.9,1,13222,1,13222,16979,12270,14473,8526,10561,11335,9209,13505,14344,13505,8754,5217,5944,19908,4227,12854,8263,8846,7643,13453,14608,15945,20643,2246,150,17745,1,18:47
2024-25,1629674,Neemias Queta,Neemias,1610612738,BOS,Boston Celtics,0022400132,2024-11-01T00:00:00,BOS @ CHA,W,24.475,8.8,8.8,1.0,0.0,0.0,0.0,0.0,0.0,0.0,5.9,2.9,8.8,1.5,2.9,0.0,0.0,0.0,2.9,2.9,17.7,-1.5,27.5,0,0,27.9,1,1,13086,1,12507,5020,18982,1,15070,20945,15070,13505,14344,13505,1685,16927,6978,18090,6672,12854,8263,8846,10972,9454,10168,13790,16575,2246,150,15461,1,24:29
2024-25,1630533,Ziaire Williams,Ziaire,1610612751,BKN,Brooklyn Nets,0022400136,2024-11-01T00:00:00,BKN vs. CHI,W,19.516666666666666,9.2,16.6,0.556,0.0,3.7,0.0,0.0,0.0,0.0,1.8,3.7,5.5,0.0,0.0,1.8,0.0,1.8,5.5,1.8,18.4,14.8,30.6,0,0,27.7,1,1,13086,1,16401,4325,6298,7248,15070,16241,15070,13505,14344,13505,9066,14666,13459,19908,16469,7054,8263,3755,3654,13754,9370,5718,14330,2246,150,15664,1,19:31
2024-25,1630202,Payton Pritchard,Payton,1610612738,BOS,Boston Celtics,0022400132,2024-11-01T00:00:00,BOS @ CHA,W,27.833333333333332,1.3,7.8,0.167,0.0,6.5,0.0,6.5,7.8,0.833,0.0,2.6,2.6,3.9,1.3,6.5,0.0,0.0,0.0,5.2,9.1,16.8,36.1,0,0,28.5,1,1,13086,1,9684,22406,20578,21938,15070,9606,15070,2428,2700,7275,14058,17973,20659,10283,13834,376,8263,8846,20257,3812,19026,4966,10307,2246,150,15108,1,27:50
2024-25,1641739,Toumani Camara,Toumani,1610612757,POR,Portland Trail Blazers,0022400140,2024-11-01T00:00:00,POR vs. OKC,L,24.34,5.9,10.4,0.571,4.4,7.4,0.6,3.0,3.0,1.0,0.0,4.4,4.4,3.0,3.0,3.0,0.0,1.5,3.0,5.9,19.2,-37.0,34.9,0,0,37.0,1,13222,1,13222,12616,11762,16458,6538,3176,7633,2992,7928,10074,1,14058,12435,16201,13065,6621,3253,8263,4846,10912,2733,8631,24614,11124,2246,150,8736,1,24:20
2024-25,1629726,Garrison Mathews,Garrison,1610612737,ATL,Atlanta Hawks,0022400135,2024-11-01T00:00:00,ATL vs. SAC,L,29.6,9.7,18.2,0.533,8.5,15.8,0.538,0.0,0.0,0.0,0.0,1.2,1.2,2.4,0.0,2.4,1.2,0.0,3.6,1.2,28.0,3.6,44.0,0,0,47.4,1,13222,1,13222,8140,3561,4413,8140,368,550,3915,13505,14344,13505,14058,21473,22923,14763,16469,4580,6073,8846,8264,16318,2797,10836,5660,2246,150,3332,1,29:36
2024-25,1631210,Jacob Toppin,Jacob,1610612752,NYK,New York Knicks,0022400134,2024-11-01T00:00:00,NYK @ DET,W,5.1,7.1,7.1,1.0,0.0,0.0,0.0,0.0,0.0,0.0,0.0,7.1,7.1,7.1,0.0,0.0,0.0,0.0,0.0,0.0,14.1,0.0,33.2,0,0,28.2,1,1,13086,1,23941,8787,21490,1,15070,20945,15070,13505,14344,13505,14058,6259,10039,3941,16469,12854,8263,8846,20257,17725,13824,12240,12451,2246,150,15260,1,5:06
2024-25,203924,Jerami Grant,Jerami,1610612757,POR,Portland Trail Blazers,0022400140,2024-11-01T00:00:00,POR vs. OKC,L,28.283333333333335,6.4,14.0,0.455,3.8,8.9,0.429,5.1,6.4,0.8,0.0,3.8,3.8,2.5,1.3,0.0,1.3,1.3,1.3,7.6,21.6,-28.0,32.6,0,0,34.4,1,13222,1,13222,9310,10531,10174,12676,4385,4955,7394,3903,4048,7681,14058,14268,17780,14378,13950,12854,5779,5793,18155,1231,6516,23427,12896,2246,150,10556,1,28:17
2024-25,203501,Tim Hardaway Jr.,Tim,1610612765,DET,Detroit Pistons,0022400134,2024-11-01T00:00:00,DET vs. NYK,L,24.566666666666666,4.4,13.2,0.333,2.9,10.3,0.286,0.0,0.0,0.0,1.5,0.0,1.5,4.4,1.5,0.0,0.0,0.0,1.5,2.9,11.7,-11.7,18.6,0,0,20.5,1,13222,1,13222,12410,16073,11500,17395,6757,3202,11433,13505,14344,13505,10458,22137,22613,8897,12927,12854,8263,8846,17368,9488,16423,18633,21841,2246,150,20566,1,24:34
2024-25,1641763,Julian Phillips,Julian,1610612741,CHI,Chicago Bulls,0022400136,2024-11-01T00:00:00,CHI @ BKN,L,13.916666666666666,0.0,5.2,0.0,0.0,5.2,0.0,5.2,5.2,1.0,2.6,2.6,5.2,2.6,0.0,0.0,0.0,0.0,5.2,2.6,5.2,5.2,15.3,0,0,12.9,1,13222,1,13222,20237,22635,23341,22635,15070,12764,15070,3792,5641,1,6381,17973,14333,14256,16469,12854,8263,8846,4243,10681,21922,10018,23099,2246,150,23733,1,13:55
2024-25,1641766,Adama Sanogo,Adama,1610612741,CHI,Chicago Bulls,0022400136,2024-11-01T00:00:00,CHI @ BKN,L,0.4816666666666667,0.0,0.0,0.0,0.0,0.0,0.0,0.0,0.0,0.0,0.0,0.0,0.0,0.0,0.0,0.0,0.0,0.0,0.0,0.0,0.0,0.0,0.0,0,0,0.0,1,13222,1,13222,26208,22635,24836,22635,15070,20945,15070,13505,14344,13505,14058,22137,23286,19908,16469,12854,8263,8846,20257,17725,23200,12240,25228,2246,150,25259,1,0:29
2024-25,1630559,Austin Reaves,Austin,1610612747,LAL,Los Angeles Lakers,0022400137,2024-11-01T00:00:00,LAL @ TOR,W,34.3,4.2,13.6,0.308,0.0,6.3,0.0,12.6,14.7,0.857,0.0,1.0,1.0,6.3,1.0,2.1,1.0,1.0,3.1,9.4,21.0,-3.1,40.1,0,0,34.6,1,1,13086,1,4009,16603,10749,19226,15070,9983,15070,291,376,7071,14058,21881,23160,5018,15493,5791,7140,7493,10095,538,7087,14646,7701,2246,150,10340,1,34:18
2024-25,1630574,Ariel Hukporti,Ariel,1610612752,NYK,New York Knicks,0022400134,2024-11-01T00:00:00,NYK @ DET,W,5.1,0.0,0.0,0.0,0.0,0.0,0.0,0.0,0.0,0.0,0.0,0.0,0.0,0.0,7.1,0.0,0.0,0.0,14.1,7.1,0.0,0.0,-7.1,0,0,0.0,1,1,13086,1,23941,22635,24836,22635,15070,20945,15070,13505,14344,13505,14058,22137,23286,19908,866,12854,8263,8846,277,1614,23200,12240,26196,2246,150,25259,1,5:06
2024-25,1630552,Jalen Johnson,Jalen,1610612737,ATL,Atlanta Hawks,0022400135,2024-11-01T00:00:00,ATL vs. SAC,L,36.0,4.0,10.0,0.4,2.0,6.0,0.333,4.0,6.0,0.667,1.0,4.0,5.0,9.0,3.0,2.0,0.0,0.0,3.0,5.0,14.0,-2.0,36.5,0,0,34.0,1,13222,1,13222,2683,17087,17047,14933,10162,10684,9209,5689,4464,9425,13248,13720,14788,2013,6468,6249,8263,8846,10710,4118,13936,14044,10033,2246,150,10851,1,36:00
2024-25,1629216,Gabe Vincent,Gabe,1610612747,LAL,Los Angeles Lakers,0022400137,2024-11-01T00:00:00,LAL @ TOR,W,20.533333333333335,1.8,10.5,0.167,0.0,7.0,0.0,0.0,0.0,0.0,1.8,3.5,5.3,3.5,0.0,0.0,0.0,0.0,7.0,1.8,3.5,-7.0,15.1,0,0,12.3,1,1,13086,1,15619,21825,16179,21938,15070,8442,15070,13505,14344,13505,9402,15220,14140,11371,16469,12854,8263,8846,1967,14100,22773,16506,23153,2246,150,23922,1,20:32
2024-25,1630631,Jose Alvarado,Jose,1610612740,NOP,New Orleans Pelicans,0022400138,2024-11-01T00:00:00,NOP vs. IND,W,32.416666666666664,5.6,13.3,0.417,2.2,5.6,0.4,0.0,0.0,0.0,1.1,5.6,6.7,7.8,0.0,2.2,0.0,0.0,4.4,0.0,13.3,14.4,39.6,0,0,34.4,1,1,13086,1,5623,12834,11252,14532,9159,11834,7874,13505,14344,13505,12391,9406,10815,3108,16469,5314,8263,8846,5910,17725,14719,5849,7995,2246,150,10506,1,32:25
2024-25,1628371,Jonathan Isaac,Jonathan,1610612753,ORL,Orlando Magic,0022400133,2024-11-01T00:00:00,ORL @ CLE,L,16.583333333333332,4.3,13.0,0.333,2.2,8.7,0.25,0.0,0.0,0.0,4.3,4.3,8.7,0.0,2.2,4.3,2.2,0.0,2.2,0.0,10.9,-21.7,38.6,0,0,34.7,1,13222,1,13222,18538,16223,11811,17395,9361,5294,11902,13505,14344,13505,3117,12679,7186,19908,9632,1345,3013,8846,14243,17725,17309,22011,8627,2246,150,10269,1,16:35
2024-25,1631120,JD Davison,JD,1610612738,BOS,Boston Celtics,0022400132,2024-11-01T00:00:00,BOS @ CHA,W,0.565,0.0,0.0,0.0,0.0,0.0,0.0,0.0,0.0,0.0,0.0,0.0,0.0,0.0,0.0,0.0,0.0,0.0,0.0,0.0,0.0,-127.4,0.0,0,0,0.0,1,1,13086,1,26194,22635,24836,22635,15070,20945,15070,13505,14344,13505,14058,22137,23286,19908,16469,12854,8263,8846,20257,17725,23200,26239,25228,2246,150,25259,1,0:34
2024-25,1627747,Caris LeVert,Caris,1610612739,CLE,Cleveland Cavaliers,0022400133,2024-11-01T00:00:00,CLE vs. ORL,W,22.333333333333332,8.1,19.3,0.417,3.2,11.3,0.286,1.6,3.2,0.5,0.0,4.8,4.8,11.3,3.2,0.0,0.0,0.0,3.2,1.6,21.0,29.0,40.5,0,0,40.3,1,1,13086,1,14245,6502,3463,14532,5891,2266,11433,11579,9470,10625,14058,11315,15207,904,5742,12854,8263,8846,9761,14588,7123,2106,7484,2246,150,6602,1,22:20
2024-25,1630241,Sam Merrill,Sam,1610612739,CLE,Cleveland Cavaliers,0022400133,2024-11-01T00:00:00,CLE vs. ORL,W,20.066666666666666,3.6,5.4,0.667,3.6,5.4,0.667,0.0,0.0,0.0,0.0,3.6,3.6,1.8,0.0,0.0,0.0,0.0,5.4,0.0,10.8,9.0,17.8,0,0,19.7,1,1,13086,1,15970,18107,23197,3281,4944,12251,1957,13505,14344,13505,14058,14955,18342,17100,16469,12854,8263,8846,3874,17725,17402,8192,22196,2246,150,21016,1,20:04
2024-25,1642270,Donovan Clingan,Donovan,1610612757,POR,Portland Trail Blazers,0022400140,2024-11-01T00:00:00,POR vs. OKC,L,12.54,2.9,8.6,0.333,0.0,0.0,0.0,2.9,5.7,0.5,8.6,11.5,20.1,0.0,0.0,0.0,2.9,2.9,8.6,2.9,8.6,-2.9,41.3,0,0,34.4,1,13222,1,13222,20971,19732,19339,17395,15070,20945,15070,8165,4829,10625,640,1651,513,19908,16469,12854,1859,1503,1093,9688,19423,14497,6969,2246,150,10487,1,12:32
2024-25,1630188,Jalen Smith,Jalen,1610612741,CHI,Chicago Bulls,0022400136,2024-11-01T00:00:00,CHI @ BKN,L,13.583333333333334,5.3,10.6,0.5,2.7,8.0,0.333,0.0,0.0,0.0,2.7,10.6,13.3,0.0,2.7,0.0,2.7,0.0,2.7,0.0,13.3,-2.7,34.5,0,0,34.5,1,13222,1,13222,20440,13529,16042,8526,7682,6533,9209,13505,14344,13505,6225,2151,2636,19908,7691,12854,2151,8846,12240,17725,14804,14383,11478,2246,150,10486,1,13:35
2024-25,1630811,Keaton Wallace,Keaton,1610612737,ATL,Atlanta Hawks,0022400135,2024-11-01T00:00:00,ATL vs. SAC,L,29.3,6.1,11.1,0.556,4.9,9.8,0.5,0.0,0.0,0.0,0.0,3.7,3.7,3.7,1.2,1.2,1.2,0.0,3.7,0.0,17.2,-2.5,33.3,0,0,34.4,1,13222,1,13222,8400,11104,15265,7248,2385,3690,3944,13505,14344,13505,14058,14673,18102,10825,14241,9953,6001,8846,8136,17725,10626,14289,12353,2246,150,10523,1,29:18
2024-25,1630618,D.J. Carton,D.J.,1610612761,TOR,Toronto Raptors,0022400137,2024-11-01T00:00:00,TOR vs. LAL,L,5.3,0.0,0.0,0.0,0.0,0.0,0.0,0.0,0.0,0.0,0.0,0.0,0.0,0.0,0.0,0.0,0.0,0.0,0.0,0.0,0.0,-6.8,0.0,0,0,0.0,1,13222,1,13222,23865,22635,24836,22635,15070,20945,15070,13505,14344,13505,14058,22137,23286,19908,16469,12854,8263,8846,20257,17725,23200,16417,25228,2246,150,25259,1,5:18
2024-25,203497,Rudy Gobert,Rudy,1610612750,MIN,Minnesota Timberwolves,0022400139,2024-11-01T00:00:00,MIN vs. DEN,W,35.96666666666667,7.0,10.0,0.7,0.0,0.0,0.0,3.0,4.0,0.75,4.0,10.0,14.0,3.0,2.0,1.0,2.0,1.0,3.0,3.0,17.0,7.0,45.3,1,0,40.0,1,1,13086,1,2700,8917,17040,3045,15070,20945,15070,7793,7838,8186,3593,2582,2230,12917,10518,11952,3488,7914,10702,9232,10835,9131,5015,1,150,6760,1,35:58
2024-25,1641732,Colby Jones,Colby,1610612758,SAC,Sacramento Kings,0022400135,2024-11-01T00:00:00,SAC @ ATL,W,0.19333333333333333,0.0,0.0,0.0,0.0,0.0,0.0,0.0,0.0,0.0,0.0,0.0,0.0,0.0,0.0,0.0,0.0,0.0,186.2,0.0,0.0,-558.6,0.0,0,0,0.0,1,1,13086,1,26266,22635,24836,22635,15070,20945,15070,13505,14344,13505,14058,22137,23286,19908,16469,12854,8263,8846,6,17725,23200,26301,25228,2246,150,25259,1,0:12
2024-25,1631223,David Roddy,David,1610612737,ATL,Atlanta Hawks,0022400135,2024-11-01T00:00:00,ATL vs. SAC,L,27.316666666666666,4.0,13.2,0.3,2.6,7.9,0.333,0.0,0.0,0.0,0.0,10.5,10.5,2.6,1.3,2.6,1.3,0.0,2.6,1.3,10.5,9.2,37.7,0,0,34.3,1,13222,1,13222,10084,17201,11520,19363,7725,6616,9209,13505,14344,13505,14058,2197,4869,14097,13726,4054,5571,8846,12305,15818,17619,8081,9229,2246,150,10641,1,27:19
2024-25,1642450,Daniss Jenkins,Daniss,1610612765,DET,Detroit Pistons,0022400134,2024-11-01T00:00:00,DET vs. NYK,L,3.5,0.0,10.3,0.0,0.0,10.3,0.0,0.0,0.0,0.0,0.0,0.0,0.0,0.0,0.0,0.0,0.0,0.0,10.3,0.0,0.0,-51.4,0.0,0,0,0.0,1,13222,1,13222,24704,22635,16579,22635,15070,3168,15070,13505,14344,13505,14058,22137,23286,19908,16469,12854,8263,8846,643,17725,23200,25442,25228,2246,150,25259,1,3:30
2024-25,1631288,Jamal Cain,Jamal,1610612740,NOP,New Orleans Pelicans,0022400138,2024-11-01T00:00:00,NOP vs. IND,W,9.05,0.0,8.0,0.0,0.0,4.0,0.0,0.0,0.0,0.0,0.0,0.0,0.0,0.0,0.0,0.0,0.0,0.0,0.0,0.0,0.0,-67.6,0.0,0,0,0.0,1,1,13086,1,22430,22635,20334,22635,15070,15623,15070,13505,14344,13505,14058,22137,23286,19908,16469,12854,8263,8846,20257,17725,23200,25844,25228,2246,150,25259,1,9:03
2024-25,1629008,Michael Porter Jr.,Michael,1610612743,DEN,Denver Nuggets,0022400139,2024-11-01T00:00:00,DEN @ MIN,L,38.87,10.2,16.7,0.611,2.8,6.5,0.429,0.9,1.9,0.5,1.9,3.7,5.6,3.7,2.8,1.9,0.0,0.9,1.9,2.8,24.1,-4.6,39.1,0,0,39.8,1,13222,1,13222,928,3032,6218,5351,7289,9589,7394,13419,13105,10625,9035,14620,13407,10780,7294,7024,8263,8525,15933,10042,4747,15385,8348,2246,150,6882,1,38:52
2024-25,1631217,Moussa Diabaté,Moussa,1610612766,CHA,Charlotte Hornets,0022400132,2024-11-01T00:00:00,CHA vs. BOS,L,15.798333333333334,6.8,9.1,0.75,0.0,0.0,0.0,2.3,4.6,0.5,13.7,2.3,16.0,2.3,2.3,0.0,0.0,0.0,4.6,2.3,16.0,9.1,36.2,0,0,34.2,1,13222,1,13222,19072,9328,18532,2107,15070,20945,15070,9692,6733,10625,163,18828,1446,15306,9165,12854,8263,8846,5651,11824,11966,8126,10215,2246,150,10711,1,15:48
2024-25,1626156,D'Angelo Russell,D'Angelo,1610612747,LAL,Los Angeles Lakers,0022400137,2024-11-01T00:00:00,LAL @ TOR,W,32.46,7.8,14.4,0.538,3.3,6.7,0.5,2.2,2.2,1.0,0.0,3.3,3.3,6.7,2.2,0.0,0.0,0.0,4.4,1.1,21.1,15.5,32.8,0,0,34.4,1,1,13086,1,5593,7139,9488,7978,5587,9208,3944,9881,12030,1,14058,15712,18928,4500,9440,12854,8263,8846,5928,16870,7028,5423,12705,2246,150,10543,1,32:28
2024-25,1630531,Jaden Springer,Jaden,1610612738,BOS,Boston Celtics,0022400132,2024-11-01T00:00:00,BOS @ CHA,W,0.565,0.0,0.0,0.0,0.0,0.0,0.0,0.0,0.0,0.0,0.0,0.0,0.0,0.0,0.0,0.0,0.0,0.0,0.0,0.0,0.0,-127.4,0.0,0,0,0.0,1,1,13086,1,26194,22635,24836,22635,15070,20945,15070,13505,14344,13505,14058,22137,23286,19908,16469,12854,8263,8846,20257,17725,23200,26239,25228,2246,150,25259,1,0:34
2024-25,1642355,Bronny James,Bronny,1610612747,LAL,Los Angeles Lakers,0022400137,2024-11-01T00:00:00,LAL @ TOR,W,0.12666666666666668,0.0,0.0,0.0,0.0,0.0,0.0,0.0,0.0,0.0,0.0,0.0,0.0,0.0,0.0,0.0,0.0,0.0,0.0,0.0,0.0,-568.4,0.0,0,0,0.0,1,1,13086,1,26279,22635,24836,22635,15070,20945,15070,13505,14344,13505,14058,22137,23286,19908,16469,12854,8263,8846,20257,17725,23200,26302,25228,2246,150,25259,1,0:08
2024-25,1631216,Caleb Houstan,Caleb,1610612753,ORL,Orlando Magic,0022400133,2024-11-01T00:00:00,ORL @ CLE,L,4.133333333333334,0.0,8.7,0.0,0.0,8.7,0.0,0.0,0.0,0.0,0.0,0.0,0.0,0.0,0.0,0.0,0.0,0.0,8.7,0.0,0.0,61.0,0.0,0,0,0.0,1,13222,1,13222,24406,22635,19167,22635,15070,5252,15070,13505,14344,13505,14058,22137,23286,19908,16469,12854,8263,8846,1063,17725,23200,347,25228,2246,150,25259,1,4:08
2024-25,1642367,Jonathan Mogbo,Jonathan,1610612761,TOR,Toronto Raptors,0022400137,2024-11-01T00:00:00,TOR vs. LAL,L,20.95,3.4,10.3,0.333,0.0,1.7,0.0,3.4,5.2,0.667,6.9,3.4,10.3,5.2,0.0,3.4,0.0,0.0,8.6,3.4,10.3,-5.2,40.7,0,0,32.6,1,13222,1,13222,15325,18461,16539,17395,15070,20023,15070,6820,5671,9425,1193,15415,5104,7119,16469,2325,8263,8846,1104,7851,17849,15676,7321,2246,150,11908,1,20:57
2024-25,203991,Clint Capela,Clint,1610612737,ATL,Atlanta Hawks,0022400135,2024-11-01T00:00:00,ATL vs. SAC,L,28.8,8.8,11.3,0.778,0.0,0.0,0.0,1.3,1.3,1.0,3.8,8.8,12.5,1.3,0.0,0.0,0.0,1.3,5.0,2.5,18.8,-5.0,35.6,1,0,32.5,1,13222,1,13222,8839,5183,14928,1994,15070,20945,15070,12451,13814,1,3966,3776,3130,18843,16469,12854,8263,5934,4604,10987,9078,15589,10629,1,150,11992,1,28:48
2024-25,1630166,Deni Avdija,Deni,1610612757,POR,Portland Trail Blazers,0022400140,2024-11-01T00:00:00,POR vs. OKC,L,23.0,7.8,15.7,0.5,1.6,4.7,0.333,0.0,1.6,0.0,1.6,3.1,4.7,6.3,9.4,1.6,0.0,0.0,3.1,0.0,17.2,-17.2,27.5,0,0,32.9,1,13222,1,13222,13724,7016,7614,8526,11803,13960,9209,13505,13427,13505,10055,16328,15575,5077,381,8126,8263,8846,10164,17725,10612,20694,16542,2246,150,11753,1,23:00
2024-25,1626167,Myles Turner,Myles,1610612754,IND,Indiana Pacers,0022400138,2024-11-01T00:00:00,IND @ NOP,L,29.916666666666668,6.0,14.4,0.417,2.4,6.0,0.4,0.0,0.0,0.0,0.0,4.8,4.8,2.4,4.8,0.0,1.2,1.2,4.8,1.2,14.4,-22.9,22.6,0,0,26.5,1,13222,1,13222,7855,11458,9453,14532,8469,10653,7874,13505,14344,13505,14058,11391,15264,14855,2558,12854,6148,6232,5024,16383,13468,22301,19800,2246,150,16563,1,29:55
2024-25,1630171,Isaac Okoro,Isaac,1610612739,CLE,Cleveland Cavaliers,0022400133,2024-11-01T00:00:00,CLE vs. ORL,W,19.365,5.6,13.0,0.429,3.7,7.4,0.5,1.9,3.7,0.5,1.9,0.0,1.9,0.0,0.0,1.9,0.0,1.9,0.0,1.9,16.7,-13.0,24.5,0,0,26.0,1,1,13086,1,16535,12763,11827,13735,4652,7524,3944,11098,8445,10625,8992,22137,22069,19908,16469,6978,8263,3707,20257,13698,11135,19137,18580,2246,150,16908,1,19:22
2024-25,204060,Joe Ingles,Joe,1610612750,MIN,Minnesota Timberwolves,0022400139,2024-11-01T00:00:00,MIN vs. DEN,W,4.55,0.0,0.0,0.0,0.0,0.0,0.0,0.0,0.0,0.0,7.9,0.0,7.9,7.9,7.9,0.0,0.0,0.0,0.0,0.0,0.0,0.0,13.5,0,0,15.8,1,1,13086,1,24199,22635,24836,22635,15070,20945,15070,13505,14344,13505,816,22137,8432,2981,609,12854,8263,8846,20257,17725,23200,12240,23648,2246,150,22776,1,4:33
2024-25,1630183,Jaden McDaniels,Jaden,1610612750,MIN,Minnesota Timberwolves,0022400139,2024-11-01T00:00:00,MIN vs. DEN,W,26.278333333333332,5.5,9.6,0.571,2.7,5.5,0.5,0.0,0.0,0.0,0.0,0.0,0.0,1.4,4.1,1.4,2.7,0.0,6.8,0.0,13.7,-39.7,24.0,0,0,26.0,1,1,13086,1,10932,13037,17795,6538,7421,12007,3944,13505,14344,13505,14058,22137,23286,18431,3656,9077,2029,8846,2106,17725,14284,24826,18970,2246,150,16907,1,26:17
2024-25,1641730,Noah Clowney,Noah,1610612751,BKN,Brooklyn Nets,0022400136,2024-11-01T00:00:00,BKN vs. CHI,W,15.116666666666667,4.8,9.5,0.5,0.0,4.8,0.0,7.1,9.5,0.75,4.8,4.8,9.5,2.4,0.0,0.0,4.8,0.0,0.0,4.8,16.7,9.5,46.0,0,0,38.1,1,1,13086,1,19484,15071,17895,8526,15070,13802,15070,1913,1587,8186,2603,11536,6023,14940,16469,12854,589,8846,20257,4583,11202,7928,4755,2246,150,7957,1,15:07
2024-25,1629661,Cameron Johnson,Cameron,1610612751,BKN,Brooklyn Nets,0022400136,2024-11-01T00:00:00,BKN vs. CHI,W,31.75,5.7,12.5,0.455,2.3,7.9,0.286,2.3,2.3,1.0,0.0,6.8,6.8,5.7,0.0,1.1,0.0,0.0,1.1,2.3,15.9,0.0,35.9,0,0,32.9,1,1,13086,1,6199,12509,12772,12676,8985,6556,11433,9732,11880,1,14058,6698,10521,6104,16469,10728,8263,8846,18896,11869,12057,12240,10400,2246,150,11744,1,31:45
2024-25,1629684,Grant Williams,Grant,1610612766,CHA,Charlotte Hornets,0022400132,2024-11-01T00:00:00,CHA vs. BOS,L,30.4,2.4,7.1,0.333,2.4,5.9,0.4,0.0,0.0,0.0,2.4,5.9,8.3,3.6,2.4,1.2,1.2,1.2,5.9,1.2,7.1,-8.3,27.1,0,0,26.1,1,13222,1,13222,7411,20726,21431,17395,8601,10881,7874,13505,14344,13505,7018,8505,7786,11241,8777,10314,6276,6378,3048,16486,20627,17090,16865,2246,150,16894,1,30:24
2024-25,203897,Zach LaVine,Zach,1610612741,CHI,Chicago Bulls,0022400136,2024-11-01T00:00:00,CHI @ BKN,L,33.935,7.4,18.0,0.412,5.3,9.5,0.556,2.1,2.1,1.0,0.0,1.1,1.1,2.1,2.1,1.1,0.0,2.1,1.1,2.1,22.3,-7.4,27.8,0,0,32.9,1,13222,1,13222,4321,7945,4628,14791,1945,4040,3747,10227,12350,1,14058,21851,23138,15926,9897,11380,8263,2863,19334,12524,6016,16693,16364,2246,150,11739,1,33:56
2024-25,1630191,Isaiah Stewart,Isaiah,1610612765,DET,Detroit Pistons,0022400134,2024-11-01T00:00:00,DET vs. NYK,L,16.48,2.2,6.6,0.333,0.0,4.4,0.0,0.0,0.0,0.0,2.2,2.2,4.4,4.4,0.0,2.2,4.4,0.0,4.4,0.0,4.4,-28.4,35.8,0,0,26.2,1,13222,1,13222,18614,21071,22053,17395,15070,14763,15070,13505,14344,13505,7636,19119,16363,8964,16469,5459,725,8846,6105,17725,22362,23496,10493,2246,150,16791,1,16:29
2024-25,202699,Tobias Harris,Tobias,1610612765,DET,Detroit Pistons,0022400134,2024-11-01T00:00:00,DET vs. NYK,L,25.55,7.0,11.3,0.625,1.4,2.8,0.5,2.8,2.8,1.0,0.0,11.3,11.3,4.2,4.2,1.4,4.2,1.4,1.4,1.4,18.3,-19.7,50.9,0,0,46.5,1,13222,1,13222,11534,8826,14884,4899,12411,18028,3944,8297,10436,1,14058,1768,4168,9320,3452,8847,802,5145,17587,15410,9510,21469,3023,2246,150,3659,1,25:33
2024-25,1628970,Miles Bridges,Miles,1610612766,CHA,Charlotte Hornets,0022400132,2024-11-01T00:00:00,CHA vs. BOS,L,31.326666666666668,5.7,18.4,0.313,2.3,11.5,0.2,2.3,3.4,0.667,0.0,8.0,8.0,3.4,1.1,1.1,0.0,1.1,1.1,4.6,16.1,-13.8,33.2,0,0,32.2,1,13222,1,13222,6588,12276,4300,19175,8854,2105,13429,9627,8996,9425,14058,4643,8186,11564,14801,10586,8263,6642,18821,4951,11833,19417,12416,2246,150,12241,1,31:20
2024-25,1630544,Tre Mann,Tre,1610612766,CHA,Charlotte Hornets,0022400132,2024-11-01T00:00:00,CHA vs. BOS,L,29.516666666666666,12.2,22.0,0.556,3.7,7.3,0.5,0.0,0.0,0.0,1.2,3.7,4.9,6.1,3.7,0.0,1.2,1.2,0.0,0.0,28.1,-14.6,43.1,0,0,45.1,1,13222,1,13222,8205,1409,1841,7248,4787,7785,3944,13505,14344,13505,11664,14760,15115,5325,4658,12854,6056,6126,20257,17725,2761,19762,6113,2246,150,4198,1,29:31
2024-25,1631111,Wendell Moore Jr.,Wendell,1610612765,DET,Detroit Pistons,0022400134,2024-11-01T00:00:00,DET vs. NYK,L,5.5,6.5,6.5,1.0,0.0,0.0,0.0,0.0,0.0,0.0,0.0,6.5,6.5,6.5,6.5,0.0,0.0,0.0,0.0,0.0,13.1,0.0,24.2,0,0,26.2,1,13222,1,13222,23789,10075,22057,1,15070,20945,15070,13505,14344,13505,14058,7215,11070,4639,1107,12854,8263,8846,20257,17725,14990,12240,18792,2246,150,16805,1,5:30
2024-25,1629638,Nickeil Alexander-Walker,Nickeil,1610612750,MIN,Minnesota Timberwolves,0022400139,2024-11-01T00:00:00,MIN vs. DEN,W,23.633333333333333,3.0,9.1,0.333,3.0,6.1,0.5,3.0,3.0,1.0,0.0,3.0,3.0,7.6,0.0,4.6,1.5,0.0,1.5,1.5,12.2,41.1,45.5,0,0,38.1,1,1,13086,1,13200,19326,18494,17395,6353,10453,3944,7679,9858,1,14058,16565,19589,3263,16469,1177,4767,8846,17134,14906,15934,897,4920,2246,150,7975,1,23:38
2024-25,203471,Dennis Schröder,Dennis,1610612751,BKN,Brooklyn Nets,0022400136,2024-11-01T00:00:00,BKN vs. CHI,W,33.166666666666664,4.3,13.0,0.333,1.1,3.3,0.333,0.0,0.0,0.0,1.1,6.5,7.6,7.6,2.2,3.3,0.0,0.0,1.1,0.0,9.8,4.3,37.9,0,0,32.6,1,1,13086,1,5013,16223,11811,17395,14033,17163,9209,13505,14344,13505,12589,7275,8978,3289,9632,2637,8263,8846,19183,17725,18378,10456,9100,2246,150,11961,1,33:10
2024-25,1629660,Ty Jerome,Ty,1610612739,CLE,Cleveland Cavaliers,0022400133,2024-11-01T00:00:00,CLE vs. ORL,W,20.985,5.1,15.4,0.333,1.7,5.1,0.333,3.4,3.4,1.0,0.0,10.3,10.3,3.4,0.0,3.4,0.0,0.0,0.0,1.7,15.4,5.1,43.2,0,0,37.7,1,1,13086,1,15303,13964,7905,17395,11356,12834,9209,6831,9026,1,14058,2356,5124,11602,16469,2329,8263,8846,20257,14221,12474,10029,6022,2246,150,8204,1,20:59
2024-25,1631097,Bennedict Mathurin,Bennedict,1610612754,IND,Indiana Pacers,0022400138,2024-11-01T00:00:00,IND @ NOP,L,32.266666666666666,7.8,16.7,0.467,1.1,2.2,0.5,4.5,5.6,0.8,2.2,4.5,6.7,3.3,1.1,0.0,0.0,1.1,3.3,3.3,21.2,-14.5,33.1,0,0,32.4,1,13222,1,13222,5765,7044,6139,12249,13857,19112,3944,4888,5072,7681,7484,12356,10741,11824,15025,12854,8263,6905,9258,8101,6926,19710,12483,2246,150,12104,1,32:16
2024-25,203484,Kentavious Caldwell-Pope,Kentavious,1610612753,ORL,Orlando Magic,0022400133,2024-11-01T00:00:00,ORL @ CLE,L,27.5,2.6,3.9,0.667,1.3,2.6,0.5,2.6,2.6,1.0,0.0,1.3,1.3,1.3,0.0,1.3,0.0,0.0,3.9,1.3,9.2,-17.0,16.6,0,0,15.7,1,13222,1,13222,9944,20248,24123,3281,12825,18415,3944,8761,10935,1,14058,21270,22808,18626,16469,9410,8263,8846,7365,15862,18930,20627,22618,2246,150,22819,1,27:30
2024-25,1631323,Simone Fontecchio,Simone,1610612765,DET,Detroit Pistons,0022400134,2024-11-01T00:00:00,DET vs. NYK,L,19.933333333333334,9.0,12.6,0.714,3.6,7.2,0.5,0.0,1.8,0.0,0.0,7.2,7.2,0.0,3.6,0.0,0.0,0.0,0.0,7.2,21.7,-30.7,26.7,0,0,32.5,1,13222,1,13222,16074,4651,12496,2752,4899,7999,3944,13505,13186,13505,14058,5958,9698,19908,4753,12854,8263,8846,20257,1496,6482,23849,17132,2246,150,11987,1,19:56
2024-25,1641712,Rayan Rupert,Rayan,1610612757,POR,Portland Trail Blazers,0022400140,2024-11-01T00:00:00,POR vs. OKC,L,22.866666666666667,7.9,14.2,0.556,6.3,11.0,0.571,0.0,0.0,0.0,0.0,3.1,3.1,0.0,0.0,1.6,1.6,1.6,3.1,0.0,22.0,-4.7,35.3,0,0,37.8,1,13222,1,13222,13818,6906,9881,7248,1115,2472,3506,13505,14344,13505,14058,16263,19373,19908,16469,8091,4624,4508,10095,17725,6183,15432,10891,2246,150,8180,1,22:52
2024-25,1629027,Trae Young,Trae,1610612737,ATL,Atlanta Hawks,0022400135,2024-11-01T00:00:00,ATL vs. SAC,L,42.3,6.8,17.9,0.381,2.6,7.7,0.333,5.1,6.0,0.857,0.9,3.4,4.3,10.2,4.3,0.0,0.0,1.7,1.7,7.7,21.3,-9.4,37.4,1,0,38.3,1,13222,1,13222,230,9403,4833,16250,7959,7062,9209,3874,4535,7071,13997,15511,16665,1328,3407,12854,8263,4147,16532,1225,6856,17611,9378,1,150,7824,1,42:18
2024-25,1630162,Anthony Edwards,Anthony,1610612750,MIN,Minnesota Timberwolves,0022400139,2024-11-01T00:00:00,MIN vs. DEN,W,38.3,10.3,21.6,0.478,6.6,13.2,0.5,0.0,0.0,0.0,0.0,3.8,3.8,3.8,1.9,0.9,0.9,0.0,0.9,0.9,27.3,4.7,41.2,0,0,45.1,1,1,13086,1,1212,2881,1978,11986,957,1223,3944,13505,14344,13505,14058,14447,17919,10624,11158,12440,7893,8846,20020,17574,3084,10283,7068,2246,150,4211,1,38:18
2024-25,1641775,Jordan Walsh,Jordan,1610612738,BOS,Boston Celtics,0022400132,2024-11-01T00:00:00,BOS @ CHA,W,6.398333333333333,11.3,16.9,0.667,11.3,16.9,0.667,0.0,0.0,0.0,0.0,0.0,0.0,0.0,0.0,0.0,0.0,0.0,0.0,0.0,33.8,33.8,33.8,0,0,45.0,1,1,13086,1,23415,2050,5938,3281,149,427,1957,13505,14344,13505,14058,22137,23286,19908,16469,12854,8263,8846,20257,17725,1174,1532,12005,2246,150,4258,1,6:24
2024-25,1630527,Brandon Boston,Brandon,1610612740,NOP,New Orleans Pelicans,0022400138,2024-11-01T00:00:00,NOP vs. IND,W,22.8,9.5,14.2,0.667,3.2,6.3,0.5,0.0,0.0,0.0,0.0,3.2,3.2,3.2,0.0,3.2,0.0,0.0,3.2,1.6,22.1,-7.9,40.1,0,0,37.9,1,1,13086,1,13875,3917,9818,3281,6061,9944,3944,13505,14344,13505,14058,16231,19349,12455,16469,2818,8263,8846,10046,14696,6129,16928,7691,2246,150,8092,1,22:48
2024-25,1629028,Deandre Ayton,Deandre,1610612757,POR,Portland Trail Blazers,0022400140,2024-11-01T00:00:00,POR vs. OKC,L,28.066666666666666,9.0,14.1,0.636,0.0,0.0,0.0,0.0,0.0,0.0,3.8,2.6,6.4,2.6,2.6,2.6,0.0,0.0,1.3,5.1,18.0,-14.1,34.6,0,0,32.1,1,13222,1,13222,9490,4749,9993,4689,15070,20945,15070,13505,14344,13505,3810,18020,11358,14322,7998,4212,8263,8846,18108,3877,9885,19551,11347,2246,150,12333,1,28:04
2024-25,1630168,Onyeka Okongwu,Onyeka,1610612737,ATL,Atlanta Hawks,0022400135,2024-11-01T00:00:00,ATL vs. SAC,L,19.2,7.5,9.4,0.8,0.0,1.9,0.0,5.6,7.5,0.75,1.9,5.6,7.5,1.9,0.0,1.9,1.9,0.0,3.8,3.8,20.6,-7.5,43.7,0,0,37.5,1,13222,1,13222,16670,7762,18154,1688,15070,19785,15070,3286,2908,8186,8923,9240,9165,16837,16469,6889,3843,8846,7905,6987,7374,16735,5814,2246,150,8363,1,19:12
2024-25,1628378,Donovan Mitchell,Donovan,1610612739,CLE,Cleveland Cavaliers,0022400133,2024-11-01T00:00:00,CLE vs. ORL,W,22.066666666666666,14.7,24.5,0.6,3.3,8.2,0.4,3.3,3.3,1.0,0.0,4.9,4.9,1.6,1.6,0.0,0.0,1.6,8.2,4.9,35.9,1.6,42.6,0,0,45.7,1,1,13086,1,14445,555,931,5394,5772,6165,7874,7176,9395,1,14058,11176,15081,17565,12210,12854,8263,4358,1300,4305,848,11819,6325,2246,150,3941,1,22:04
2024-25,1641767,Ben Sheppard,Ben,1610612754,IND,Indiana Pacers,0022400138,2024-11-01T00:00:00,IND @ NOP,L,32.95,7.6,13.1,0.583,6.6,12.0,0.545,0.0,0.0,0.0,0.0,3.3,3.3,1.1,0.0,0.0,0.0,0.0,1.1,2.2,21.9,7.6,27.4,0,0,32.8,1,13222,1,13222,5189,7388,11658,6296,974,1772,3863,13505,14344,13505,14058,15860,19047,19370,16469,12854,8263,8846,19140,12222,6325,8803,16640,2246,150,11821,1,32:57
2024-25,1628969,Mikal Bridges,Mikal,1610612752,NYK,New York Knicks,0022400134,2024-11-01T00:00:00,NYK @ DET,W,34.666666666666664,6.2,13.5,0.462,3.1,6.2,0.5,0.0,0.0,0.0,0.0,7.3,7.3,3.1,0.0,3.1,1.0,0.0,0.0,0.0,15.6,32.2,41.4,0,0,37.4,1,1,13086,1,3721,10886,11004,12428,6181,10129,3944,13505,14344,13505,14058,5875,9629,12569,16469,2901,7202,8846,20257,17725,12345,1711,6913,2246,150,8444,1,34:40
2024-25,1641871,Duop Reath,Duop,1610612757,POR,Portland Trail Blazers,0022400140,2024-11-01T00:00:00,POR vs. OKC,L,5.466666666666667,6.6,13.2,0.5,6.6,13.2,0.5,0.0,0.0,0.0,0.0,0.0,0.0,0.0,0.0,0.0,0.0,0.0,0.0,0.0,19.8,-26.3,19.8,0,0,26.3,1,13222,1,13222,23802,9969,11539,8526,954,1215,3944,13505,14344,13505,14058,22137,23286,19908,16469,12854,8263,8846,20257,17725,8112,23093,21283,2246,150,16678,1,5:28
2024-25,1627734,Domantas Sabonis,Domantas,1610612758,SAC,Sacramento Kings,0022400135,2024-11-01T00:00:00,SAC @ ATL,W,33.18333333333333,5.4,11.9,0.455,0.0,0.0,0.0,5.4,5.4,1.0,3.3,11.9,15.2,6.5,3.3,0.0,0.0,0.0,6.5,6.5,16.3,5.4,41.0,1,0,38.0,1,1,13086,1,4996,13204,13699,12676,15070,20945,15070,3507,5280,1,4832,1395,1691,4698,5647,12854,8263,8846,2397,2077,11635,9874,7170,1,150,8046,1,33:11
2024-25,1627783,Pascal Siakam,Pascal,1610612754,IND,Indiana Pacers,0022400138,2024-11-01T00:00:00,IND @ NOP,L,31.715,7.9,14.8,0.538,2.3,5.7,0.4,0.0,0.0,0.0,1.1,4.5,5.7,6.8,2.3,1.1,1.1,0.0,6.8,1.1,18.2,1.1,39.7,0,0,37.5,1,13222,1,13222,6230,6744,8977,7978,8975,11514,7874,13505,14344,13505,12225,12151,13094,4279,9215,10723,6575,8846,2137,16739,9663,12055,7939,2246,150,8393,1,31:43
2024-25,1641717,Cason Wallace,Cason,1610612760,OKC,Oklahoma City Thunder,0022400140,2024-11-01T00:00:00,OKC @ POR,W,22.76,7.9,11.1,0.714,4.7,7.9,0.6,0.0,0.0,0.0,0.0,1.6,1.6,4.7,1.6,1.6,1.6,0.0,0.0,0.0,20.6,20.6,37.5,0,0,38.0,1,1,13086,1,13903,6832,15248,2752,2653,6611,2992,13505,14344,13505,14058,20715,22466,8071,12413,8058,4602,8846,20257,17725,7436,3795,9350,2246,150,8051,1,22:46
2024-25,1630534,Ochai Agbaji,Ochai,1610612761,TOR,Toronto Raptors,0022400137,2024-11-01T00:00:00,TOR vs. LAL,L,33.73166666666667,4.3,9.6,0.444,0.0,3.2,0.0,0.0,0.0,0.0,0.0,2.1,2.1,3.2,0.0,1.1,0.0,1.1,4.3,1.1,8.5,-5.3,19.1,0,0,16.0,1,13222,1,13222,4513,16402,17760,13045,15070,17265,15070,13505,14344,13505,14058,19257,21544,12305,16469,11320,8263,7344,6378,17078,19483,15763,21589,2246,150,22704,1,33:44
2024-25,203944,Julius Randle,Julius,1610612750,MIN,Minnesota Timberwolves,0022400139,2024-11-01T00:00:00,MIN vs. DEN,W,36.55,7.9,12.8,0.615,2.0,4.9,0.4,4.9,4.9,1.0,1.0,4.9,5.9,6.9,3.0,0.0,0.0,0.0,3.0,3.9,22.7,-13.8,37.1,0,0,37.4,1,1,13086,1,2304,6887,12201,5246,10296,13382,7874,4156,6076,1,13376,11102,12500,4141,6628,12854,8263,8846,10920,6464,5734,19416,9601,2246,150,8410,1,36:33
2024-25,1629731,Dean Wade,Dean,1610612739,CLE,Cleveland Cavaliers,0022400133,2024-11-01T00:00:00,CLE vs. ORL,W,24.381666666666668,1.5,4.4,0.333,1.5,3.0,0.5,3.0,4.4,0.667,1.5,3.0,4.4,3.0,0.0,0.0,0.0,1.5,1.5,3.0,7.4,5.9,17.1,0,0,16.2,1,1,13086,1,12586,22198,23842,17395,12135,17748,3944,7946,6978,9425,10408,16883,16219,13079,16469,12854,8263,4856,17316,9412,20424,9657,22437,2246,150,22607,1,24:23
2024-25,1631207,Dalen Terry,Dalen,1610612741,CHI,Chicago Bulls,0022400136,2024-11-01T00:00:00,CHI @ BKN,L,13.665,5.3,7.9,0.667,0.0,0.0,0.0,2.6,5.3,0.5,0.0,5.3,5.3,2.6,0.0,0.0,2.6,0.0,2.6,2.6,13.2,0.0,31.4,0,0,26.3,1,13222,1,13222,20386,13625,20410,3281,15070,20945,15070,8727,5504,10625,14058,10102,14118,14100,16469,12854,2174,8846,12309,10531,14908,12240,13783,2246,150,16669,1,13:40
2024-25,1629060,Rui Hachimura,Rui,1610612747,LAL,Los Angeles Lakers,0022400137,2024-11-01T00:00:00,LAL @ TOR,W,33.21666666666667,3.3,13.0,0.25,2.2,5.4,0.4,1.1,1.1,1.0,1.1,4.3,5.4,1.1,1.1,0.0,0.0,3.3,0.0,1.1,9.8,-6.5,16.8,0,0,18.4,1,1,13086,1,4978,18881,11843,20233,9372,12168,7874,12954,14062,1,12600,12697,13759,19399,15245,12854,8263,1100,20257,16984,18391,16297,22563,2246,150,21661,1,33:13
2024-25,1642258,Zaccharie Risacher,Zaccharie,1610612737,ATL,Atlanta Hawks,0022400135,2024-11-01T00:00:00,ATL vs. SAC,L,19.883333333333333,1.8,16.3,0.111,1.8,10.9,0.167,0.0,0.0,0.0,0.0,1.8,1.8,0.0,1.8,0.0,0.0,1.8,5.4,1.8,5.4,-45.3,5.8,0,0,9.1,1,13222,1,13222,16109,21738,6696,22520,11031,2620,14236,13505,14344,13505,14058,20212,22143,19908,11496,12854,8263,3867,3798,13890,21775,25194,24937,2246,150,24593,1,19:53
2024-25,1630172,Patrick Williams,Patrick,1610612741,CHI,Chicago Bulls,0022400136,2024-11-01T00:00:00,CHI @ BKN,L,28.366666666666667,2.5,10.2,0.25,0.0,5.1,0.0,2.5,2.5,1.0,1.3,6.3,7.6,1.3,3.8,1.3,0.0,0.0,1.3,1.3,7.6,-14.0,18.7,0,0,19.0,1,13222,1,13222,9243,20395,16816,20233,15070,13011,15070,8940,11108,1,11367,7607,8945,18762,4298,9656,8263,8846,18174,16036,20230,19490,21815,2246,150,21377,1,28:22
2024-25,1631204,Marcus Sasser,Marcus,1610612765,DET,Detroit Pistons,0022400134,2024-11-01T00:00:00,DET vs. NYK,L,19.916666666666668,1.8,3.6,0.5,0.0,1.8,0.0,0.0,0.0,0.0,0.0,0.0,0.0,1.8,1.8,1.8,0.0,0.0,1.8,1.8,3.6,21.7,9.9,0,0,9.0,1,13222,1,13222,16083,21744,24265,8526,15070,19912,15070,13505,14344,13505,14058,22137,23286,17058,11518,7214,8263,8846,16145,13907,22734,3536,24431,2246,150,24598,1,19:55
2024-25,1641816,Hunter Tyson,Hunter,1610612743,DEN,Denver Nuggets,0022400139,2024-11-01T00:00:00,DEN @ MIN,L,5.716666666666667,6.3,6.3,1.0,0.0,0.0,0.0,0.0,0.0,0.0,0.0,6.3,6.3,0.0,0.0,0.0,0.0,0.0,6.3,0.0,12.6,6.3,20.2,0,0,18.9,1,13222,1,13222,23692,10723,22322,1,15070,20945,15070,13505,14344,13505,14058,7698,11608,19908,16469,12854,8263,8846,2605,17725,15501,9472,21083,2246,150,21436,1,5:43
2024-25,1631124,Julian Strawther,Julian,1610612743,DEN,Denver Nuggets,0022400139,2024-11-01T00:00:00,DEN @ MIN,L,16.051666666666666,2.2,9.0,0.25,0.0,4.5,0.0,4.5,6.7,0.667,2.2,0.0,2.2,2.2,2.2,2.2,0.0,0.0,11.2,4.5,9.0,-29.2,19.5,0,0,17.9,1,13222,1,13222,18892,20961,18769,20233,15070,14481,15070,4859,3627,9425,7448,22137,21333,15466,9340,5240,8263,8846,510,5175,19115,23607,21399,2246,150,21897,1,16:03
2024-25,1626204,Larry Nance Jr.,Larry,1610612737,ATL,Atlanta Hawks,0022400135,2024-11-01T00:00:00,ATL vs. SAC,L,7.6,4.7,18.9,0.25,0.0,4.7,0.0,0.0,0.0,0.0,9.5,4.7,14.2,0.0,9.5,0.0,0.0,0.0,0.0,0.0,9.5,-9.5,17.1,0,0,23.7,1,13222,1,13222,22952,15151,3793,20233,15070,13876,15070,13505,14344,13505,478,11595,2138,19908,375,12854,8263,8846,20257,17725,18661,17657,22461,2246,150,18549,1,7:36
2024-25,1626166,Cameron Payne,Cameron,1610612752,NYK,New York Knicks,0022400134,2024-11-01T00:00:00,NYK @ DET,W,12.245,5.9,17.6,0.333,0.0,5.9,0.0,0.0,0.0,0.0,0.0,2.9,2.9,8.8,0.0,0.0,0.0,0.0,5.9,0.0,11.8,20.6,28.5,0,0,23.5,1,1,13086,1,21132,11862,5085,17395,15070,10997,15070,13505,14344,13505,14058,16938,19889,2161,16469,12854,8263,8846,3100,17725,16390,3789,15870,2246,150,18661,1,12:15
2024-25,1628370,Malik Monk,Malik,1610612758,SAC,Sacramento Kings,0022400135,2024-11-01T00:00:00,SAC @ ATL,W,28.883333333333333,3.7,11.2,0.333,0.0,3.7,0.0,3.7,5.0,0.75,0.0,5.0,5.0,7.5,1.2,0.0,0.0,2.5,0.0,2.5,11.2,5.0,27.2,0,0,23.7,1,1,13086,1,8775,17735,14997,17395,15070,16125,15070,6204,5946,8186,14058,10917,14827,3425,14115,12854,8263,2054,20257,11013,16982,10121,16834,2246,150,18553,1,28:53
2024-25,203914,Gary Harris,Gary,1610612753,ORL,Orlando Magic,0022400133,2024-11-01T00:00:00,ORL @ CLE,L,20.316666666666666,0.0,7.1,0.0,0.0,3.5,0.0,0.0,0.0,0.0,0.0,1.8,1.8,0.0,1.8,1.8,0.0,0.0,1.8,0.0,0.0,-5.3,5.7,0,0,5.3,1,13222,1,13222,15769,22635,21455,22635,15070,16559,15070,13505,14344,13505,14058,20312,22202,19908,11660,7364,8263,8846,16297,17725,23200,15755,24951,2246,150,25078,1,20:19
2024-25,1631128,Christian Braun,Christian,1610612743,DEN,Denver Nuggets,0022400139,2024-11-01T00:00:00,DEN @ MIN,L,35.748333333333335,5.0,11.1,0.455,1.0,3.0,0.333,3.0,3.0,1.0,2.0,5.0,7.0,2.0,2.0,0.0,0.0,2.0,4.0,2.0,14.1,13.1,23.6,0,0,24.2,1,13222,1,13222,2866,14281,15228,12676,14505,17605,9209,7745,9925,1,8327,10771,10060,16324,10456,12854,8263,3190,7071,13021,13852,6357,19222,2246,150,18228,1,35:45
2024-25,1630182,Josh Green,Josh,1610612766,CHA,Charlotte Hornets,0022400132,2024-11-01T00:00:00,CHA vs. BOS,L,22.75,1.6,6.3,0.25,1.6,4.7,0.333,0.0,3.2,0.0,0.0,1.6,1.6,1.6,1.6,0.0,0.0,1.6,6.3,3.2,4.7,-15.8,7.4,0,0,9.5,1,13222,1,13222,13906,22058,22295,20233,11740,13844,9209,13505,9578,13505,14058,20713,22464,17703,12409,12854,8263,4478,2568,8684,22158,20202,24764,2246,150,24528,1,22:45
2024-25,1642261,Dalton Knecht,Dalton,1610612747,LAL,Los Angeles Lakers,0022400137,2024-11-01T00:00:00,LAL @ TOR,W,19.115,3.8,9.4,0.4,1.9,5.7,0.333,0.0,0.0,0.0,1.9,3.8,5.7,1.9,1.9,0.0,0.0,0.0,3.8,0.0,9.4,7.5,17.1,0,0,18.8,1,1,13086,1,16745,17655,18087,14933,10707,11582,9209,13505,14344,13505,8884,14423,13156,16809,11140,12854,8263,8846,7853,17725,18710,8868,22433,2246,150,21468,1,19:07
2024-25,1630579,Jericho Sims,Jericho,1610612752,NYK,New York Knicks,0022400134,2024-11-01T00:00:00,NYK @ DET,W,16.37,0.0,2.2,0.0,0.0,0.0,0.0,0.0,0.0,0.0,6.6,6.6,13.2,0.0,4.4,0.0,2.2,2.2,6.6,4.4,0.0,0.0,18.0,0,0,17.6,1,1,13086,1,18675,22635,24723,22635,15070,20945,15070,13505,14344,13505,1328,7115,2669,19908,3148,12854,2950,2645,2322,5357,23200,12240,22081,2246,150,22041,1,16:22
2024-25,1627736,Malik Beasley,Malik,1610612765,DET,Detroit Pistons,0022400134,2024-11-01T00:00:00,DET vs. NYK,L,25.35,4.3,12.8,0.333,2.8,8.5,0.333,0.0,0.0,0.0,0.0,0.0,0.0,1.4,4.3,1.4,0.0,0.0,0.0,0.0,11.4,-36.9,13.5,0,0,18.5,1,13222,1,13222,11699,16430,12246,17395,7082,5554,9209,13505,14344,13505,14058,22137,23286,18269,3399,8797,8263,8846,20257,17725,16835,24610,23636,2246,150,21649,1,25:21
2024-25,1630174,Aaron Nesmith,Aaron,1610612754,IND,Indiana Pacers,0022400138,2024-11-01T00:00:00,IND @ NOP,L,10.066666666666666,17.9,17.9,1.0,7.2,7.2,1.0,0.0,0.0,0.0,0.0,3.6,3.6,3.6,3.6,0.0,0.0,0.0,0.0,3.6,42.9,25.0,49.0,0,0,57.2,1,13222,1,13222,22084,222,4823,1,709,8136,1,13505,14344,13505,14058,15003,18380,11154,4822,12854,8263,8846,20257,7463,317,2808,3629,2246,150,1137,1,10:04
2024-25,1629627,Zion Williamson,Zion,1610612740,NOP,New Orleans Pelicans,0022400138,2024-11-01T00:00:00,NOP vs. IND,W,36.9,13.7,19.5,0.7,1.0,2.0,0.5,4.9,7.8,0.625,1.0,4.9,5.9,9.8,2.9,2.0,0.0,0.0,2.9,7.8,33.2,16.6,57.8,1,0,53.7,1,1,13086,1,2059,811,3336,3045,14678,19640,3944,4225,2660,10271,13457,11216,12621,1561,6734,6493,8263,8846,11050,1127,1292,5045,1509,1,150,1677,1,36:54
2024-25,1627732,Ben Simmons,Ben,1610612751,BKN,Brooklyn Nets,0022400136,2024-11-01T00:00:00,BKN vs. CHI,W,25.566666666666666,5.6,7.0,0.8,0.0,0.0,0.0,0.0,0.0,0.0,0.0,11.3,11.3,15.5,4.2,0.0,2.8,0.0,4.2,2.8,11.3,7.0,52.2,0,0,43.7,1,1,13086,1,11516,12606,21514,1688,15070,20945,15070,13505,14344,13505,14058,1769,4183,253,3461,12854,1928,8846,6490,9908,16933,9115,2657,2246,150,4859,1,25:34
2024-25,1628973,Jalen Brunson,Jalen,1610612752,NYK,New York Knicks,0022400134,2024-11-01T00:00:00,NYK @ DET,W,30.655,16.4,25.8,0.636,7.0,9.4,0.75,2.3,4.7,0.5,0.0,1.2,1.2,5.9,2.3,2.3,0.0,1.2,2.3,3.5,42.3,27.0,57.2,0,0,61.1,1,1,13086,1,7164,323,671,4689,742,4262,1542,9456,6482,10625,14058,21582,22979,5722,8877,4874,8263,6453,13446,7602,346,2426,1598,2246,150,725,1,30:39
2024-25,1627742,Brandon Ingram,Brandon,1610612740,NOP,New Orleans Pelicans,0022400138,2024-11-01T00:00:00,NOP vs. IND,W,35.3,10.2,25.5,0.4,3.1,8.2,0.375,3.1,3.1,1.0,2.0,4.1,6.1,7.1,2.0,1.0,2.0,0.0,3.1,5.1,26.5,17.3,51.7,0,0,49.0,1,1,13086,1,3234,3015,723,14933,6322,6156,8800,7647,9821,1,8206,13480,11995,3835,10300,11762,3368,8846,10434,3923,3424,4793,2779,2246,150,2846,1,35:18
2024-25,2544,LeBron James,LeBron,1610612747,LAL,Los Angeles Lakers,0022400137,2024-11-01T00:00:00,LAL @ TOR,W,36.25,8.9,16.9,0.529,5.0,7.9,0.625,4.0,6.0,0.667,0.0,6.0,6.0,9.9,0.0,1.0,0.0,0.0,1.0,4.0,26.8,10.9,51.8,1,0,49.7,1,1,13086,1,2502,4833,5935,8281,2322,6543,2868,5741,4533,9425,14058,8427,12389,1478,16469,12015,8263,8846,19750,6385,3292,7270,2747,1,150,2623,1,36:15
2024-25,1630625,Dalano Banton,Dalano,1610612757,POR,Portland Trail Blazers,0022400140,2024-11-01T00:00:00,POR vs. OKC,L,9.25,11.7,11.7,1.0,0.0,0.0,0.0,19.5,27.2,0.714,0.0,0.0,0.0,11.7,7.8,0.0,3.9,0.0,7.8,19.5,42.8,19.5,64.2,0,0,62.3,1,13222,1,13222,22365,1733,14159,1,15070,20945,15070,83,66,9244,14058,22137,23286,793,636,12854,976,8846,1467,49,322,4121,763,2246,150,625,1,9:15
2024-25,1628368,De'Aaron Fox,De'Aaron,1610612758,SAC,Sacramento Kings,0022400135,2024-11-01T00:00:00,SAC @ ATL,W,37.123333333333335,10.7,15.5,0.688,3.9,5.8,0.667,4.8,5.8,0.833,0.0,6.8,6.8,2.9,5.8,3.9,0.0,1.0,2.9,3.9,30.1,20.4,48.4,0,0,51.4,1,1,13086,1,1905,2545,7803,3227,4244,11164,1957,4268,4734,7275,14058,6723,10558,13247,1538,1758,8263,8189,11152,6629,2062,3851,3852,2246,150,2178,1,37:07
2024-25,1627751,Jakob Poeltl,Jakob,1610612761,TOR,Toronto Raptors,0022400137,2024-11-01T00:00:00,TOR vs. LAL,L,35.1,9.2,14.4,0.643,0.0,0.0,0.0,1.0,1.0,1.0,6.2,6.2,12.3,6.2,2.1,0.0,3.1,0.0,3.1,2.1,19.5,-4.1,50.7,1,0,44.1,1,13222,1,13222,3384,4312,9601,4607,15070,20945,15070,13154,14176,1,1539,7996,3263,5243,10252,12854,1603,8846,10370,12841,8386,15122,3080,1,150,4640,1,35:06
2024-25,1630163,LaMelo Ball,LaMelo,1610612766,CHA,Charlotte Hornets,0022400132,2024-11-01T00:00:00,CHA vs. BOS,L,31.133333333333333,13.9,28.9,0.48,5.8,16.2,0.357,2.3,3.5,0.667,0.0,2.3,2.3,4.6,4.6,1.2,0.0,1.2,6.9,3.5,35.8,-19.7,44.4,0,0,50.9,1,13222,1,13222,6760,741,333,11962,1496,503,9188,9581,8946,9425,14058,18728,21175,8362,2817,10533,8263,6583,2025,7746,851,21452,5464,2246,150,2295,1,31:08
2024-25,202709,Cory Joseph,Cory,1610612753,ORL,Orlando Magic,0022400133,2024-11-01T00:00:00,ORL @ CLE,L,4.133333333333334,8.7,8.7,1.0,8.7,8.7,1.0,0.0,0.0,0.0,0.0,8.7,8.7,17.4,0.0,0.0,8.7,0.0,0.0,0.0,26.1,61.0,88.8,0,0,78.4,1,13222,1,13222,24406,5246,19167,1,329,5252,1,13505,14344,13505,14058,3823,7150,155,16469,12854,106,8846,20257,17725,3612,347,107,2246,150,179,1,4:08
2024-25,1629628,RJ Barrett,RJ,1610612761,TOR,Toronto Raptors,0022400137,2024-11-01T00:00:00,TOR vs. LAL,L,31.801666666666666,15.8,24.9,0.636,3.4,5.7,0.6,2.3,2.3,1.0,1.1,4.5,5.7,13.6,4.5,0.0,0.0,1.1,3.4,3.4,37.4,1.1,60.0,1,0,60.0,1,13222,1,13222,6152,371,846,4689,5391,11554,2992,9741,11891,1,12245,12188,13136,438,2958,12854,8263,6776,9096,7964,669,12060,1196,1,150,831,1,31:48
2024-25,1642278,Tyler Kolek,Tyler,1610612752,NYK,New York Knicks,0022400134,2024-11-01T00:00:00,NYK @ DET,W,5.1,14.1,21.2,0.667,0.0,0.0,0.0,0.0,0.0,0.0,0.0,7.1,7.1,0.0,0.0,7.1,0.0,0.0,0.0,7.1,28.2,0.0,57.9,0,0,49.4,1,1,13086,1,23941,670,2217,3281,15070,20945,15070,13505,14344,13505,14058,6259,10039,19908,16469,285,8263,8846,20257,1614,2697,12240,1492,2246,150,2693,1,5:06
2024-25,1629636,Darius Garland,Darius,1610612739,CLE,Cleveland Cavaliers,0022400133,2024-11-01T00:00:00,CLE vs. ORL,W,28.535,10.1,20.2,0.5,3.8,11.4,0.333,7.6,7.6,1.0,1.3,2.5,3.8,5.0,3.8,1.3,1.3,0.0,6.3,3.8,31.5,12.6,47.4,0,0,49.2,1,1,13086,1,9084,3122,2849,8526,4487,2215,9209,1628,2840,1,11406,18128,17864,7371,4365,9714,5846,8846,2593,6894,1630,6556,4163,2246,150,2764,1,28:32
2024-25,1628369,Jayson Tatum,Jayson,1610612738,BOS,Boston Celtics,0022400132,2024-11-01T00:00:00,BOS @ CHA,W,35.61833333333333,9.1,19.2,0.474,3.0,9.1,0.333,11.1,13.1,0.846,1.0,10.1,11.1,3.0,5.1,3.0,1.0,0.0,1.0,4.0,32.3,16.2,57.3,1,0,57.6,1,1,13086,1,2972,4535,3589,12072,6395,4677,9209,462,570,7255,13172,2492,4309,12825,2275,3082,7414,8846,19644,6200,1452,5195,1582,1,150,1082,1,35:37
2024-25,1628983,Shai Gilgeous-Alexander,Shai,1610612760,OKC,Oklahoma City Thunder,0022400140,2024-11-01T00:00:00,OKC @ POR,W,28.368333333333332,15.2,22.8,0.667,1.3,7.6,0.167,6.3,7.6,0.833,1.3,7.6,8.9,7.6,3.8,1.3,0.0,0.0,1.3,5.1,38.1,31.7,60.2,0,0,58.4,1,1,13086,1,9242,453,1437,3281,12987,7146,14236,2543,2803,7275,11371,5299,6910,3269,4300,9660,8263,8846,18179,3961,605,1764,1178,2246,150,979,1,28:22
2024-25,1631114,Jalen Williams,Jalen,1610612760,OKC,Oklahoma City Thunder,0022400140,2024-11-01T00:00:00,OKC @ POR,W,26.276666666666667,11.0,16.4,0.667,5.5,8.2,0.667,2.7,2.7,1.0,1.4,5.5,6.9,5.5,4.1,5.5,0.0,1.4,2.7,2.7,30.1,21.9,58.9,0,0,58.9,1,1,13086,1,10933,2294,6496,3281,1758,6051,1957,8485,10641,1,10883,9586,10428,6469,3655,646,8263,5310,11881,10190,2028,3475,1344,2246,150,925,1,26:17
2024-25,1629675,Naz Reid,Naz,1610612750,MIN,Minnesota Timberwolves,0022400139,2024-11-01T00:00:00,MIN vs. DEN,W,23.483333333333334,10.7,15.3,0.7,1.5,4.6,0.333,1.5,1.5,1.0,1.5,3.1,4.6,3.1,1.5,0.0,4.6,0.0,6.1,1.5,24.5,19.9,46.9,0,0,42.9,1,1,13086,1,13320,2478,8058,3045,11917,14197,9209,11726,13454,1,10181,16503,15810,12705,12601,12854,650,8846,2786,14862,4473,3975,4348,2246,150,5184,1,23:29
2024-25,1631096,Chet Holmgren,Chet,1610612760,OKC,Oklahoma City Thunder,0022400140,2024-11-01T00:00:00,OKC @ POR,W,18.388333333333332,2.0,5.9,0.333,0.0,3.9,0.0,7.8,7.8,1.0,0.0,2.0,2.0,5.9,3.9,2.0,9.8,0.0,7.8,3.9,11.7,23.5,54.2,0,0,43.1,1,1,13086,1,17291,21480,22739,17395,15070,15747,15070,1492,2643,1,14058,19802,21892,5721,4050,6466,71,8846,1441,6527,16404,3150,2155,2246,150,5109,1,18:23
2024-25,1630596,Evan Mobley,Evan,1610612739,CLE,Cleveland Cavaliers,0022400133,2024-11-01T00:00:00,CLE vs. ORL,W,29.75,7.3,13.3,0.545,1.2,3.6,0.333,1.2,1.2,1.0,1.2,13.3,14.5,3.6,3.6,1.2,1.2,0.0,1.2,4.8,16.9,10.9,43.4,1,0,41.1,1,1,13086,1,8001,8318,11286,7695,13310,16375,9209,12553,13869,1,11723,925,1989,10998,4712,10090,6112,8846,18477,4412,10911,7282,5912,1,150,6110,1,29:45
2024-25,1630598,Aaron Wiggins,Aaron,1610612760,OKC,Oklahoma City Thunder,0022400140,2024-11-01T00:00:00,OKC @ POR,W,22.94,7.8,15.7,0.5,4.7,7.8,0.6,0.0,0.0,0.0,6.3,6.3,12.6,3.1,1.6,1.6,0.0,3.1,1.6,0.0,20.4,1.6,43.3,0,0,43.9,1,1,13086,1,13770,6968,7556,8526,2720,6724,2992,13505,14344,13505,1486,7739,3099,12510,12464,8110,8263,1208,16966,17725,7580,11842,5978,2246,150,4720,1,22:56
2024-25,203076,Anthony Davis,Anthony,1610612747,LAL,Los Angeles Lakers,0022400137,2024-11-01T00:00:00,LAL @ TOR,W,35.693333333333335,14.1,20.2,0.7,0.0,0.0,0.0,10.1,11.1,0.909,1.0,10.1,11.1,2.0,3.0,3.0,2.0,2.0,0.0,8.1,38.3,7.1,66.8,1,0,61.5,1,1,13086,1,2915,668,2859,3045,15070,20945,15070,674,996,6764,13191,2511,4323,16311,6367,3096,3435,3173,20257,980,575,9106,582,1,150,689,1,35:42
2024-25,1630591,Jalen Suggs,Jalen,1610612753,ORL,Orlando Magic,0022400133,2024-11-01T00:00:00,ORL @ CLE,L,36.565,9.8,19.7,0.5,1.0,6.9,0.143,6.9,7.9,0.875,1.0,6.9,7.9,6.9,3.0,3.0,1.0,0.0,2.0,8.9,27.6,-7.9,56.2,0,0,51.2,1,13222,1,13222,2302,3405,3188,8526,14633,8691,14649,2083,2607,6931,13381,6549,8508,4148,6634,3264,7576,8846,15305,704,2949,16915,1775,2246,150,2234,1,36:34
2024-25,1630194,Paul Reed,Paul,1610612765,DET,Detroit Pistons,0022400134,2024-11-01T00:00:00,DET vs. NYK,L,7.483333333333333,9.6,24.1,0.4,0.0,4.8,0.0,4.8,4.8,1.0,4.8,4.8,9.6,4.8,0.0,4.8,9.6,4.8,4.8,4.8,24.1,0.0,86.1,0,0,67.3,1,13222,1,13222,23006,3696,1041,14933,15070,13669,15070,4329,6280,1,2548,11395,5899,7891,16469,1014,76,404,5027,4476,4766,12240,123,2246,150,390,1,7:29
2024-25,1631247,Luke Travers,Luke,1610612739,CLE,Cleveland Cavaliers,0022400133,2024-11-01T00:00:00,CLE vs. ORL,W,3.966666666666667,9.1,9.1,1.0,0.0,0.0,0.0,18.2,18.2,1.0,9.1,9.1,18.2,18.2,0.0,0.0,9.1,0.0,0.0,9.1,36.3,-45.4,112.5,0,0,90.8,1,1,13086,1,24503,4565,18597,1,15070,20945,15070,99,181,1,535,3430,864,134,16469,12854,94,8846,20257,627,775,25201,51,2246,150,90,1,3:58
2024-25,203999,Nikola Jokić,Nikola,1610612743,DEN,Denver Nuggets,0022400139,2024-11-01T00:00:00,DEN @ MIN,L,39.693333333333335,7.3,14.5,0.5,1.8,2.7,0.667,7.3,9.1,0.8,1.8,6.3,8.2,11.8,2.7,2.7,0.9,0.9,0.9,6.3,23.6,5.4,59.2,1,0,52.6,1,13222,1,13222,655,8326,9344,8526,11020,18218,1957,1827,1833,7681,9192,7601,7986,768,7461,3861,8062,8622,20132,2238,5074,9869,1295,1,150,1905,1,39:42
2024-25,1641711,Gradey Dick,Gradey,1610612761,TOR,Toronto Raptors,0022400137,2024-11-01T00:00:00,TOR vs. LAL,L,31.585,14.8,29.6,0.5,5.7,12.5,0.455,0.0,0.0,0.0,2.3,5.7,8.0,3.4,1.1,1.1,0.0,0.0,2.3,1.1,35.3,-4.6,52.3,0,0,54.7,1,13222,1,13222,6348,525,290,8526,1562,1507,7148,13505,14344,13505,7311,9048,8306,11635,14871,10684,8263,8846,13728,16710,921,15352,2638,2246,150,1502,1,31:35
2024-25,1626157,Karl-Anthony Towns,Karl-Anthony,1610612752,NYK,New York Knicks,0022400134,2024-11-01T00:00:00,NYK @ DET,W,27.47833333333333,10.5,23.6,0.444,3.9,7.9,0.5,2.6,3.9,0.667,3.9,10.5,14.4,9.2,1.3,2.6,1.3,5.2,1.3,3.9,27.5,36.7,69.0,1,0,62.9,1,1,13086,1,9966,2738,1206,13045,4136,6689,3944,8756,7990,9425,3685,2244,2039,1888,13760,4095,5605,319,17996,6489,2975,1226,475,1,150,585,1,27:29
2024-25,1630553,Keon Johnson,Keon,1610612751,BKN,Brooklyn Nets,0022400136,2024-11-01T00:00:00,BKN vs. CHI,W,8.8,20.5,24.5,0.833,8.2,8.2,1.0,0.0,0.0,0.0,0.0,12.3,12.3,4.1,0.0,4.1,4.1,4.1,4.1,0.0,49.1,16.4,94.5,0,0,90.0,1,1,13086,1,22532,133,921,1514,417,6111,1,13505,14344,13505,14058,1244,3290,9680,16469,1549,869,624,6868,17725,169,5119,83,2246,150,97,1,8:48
2024-25,202696,Nikola Vučević,Nikola,1610612741,CHI,Chicago Bulls,0022400136,2024-11-01T00:00:00,CHI @ BKN,L,33.935,10.6,11.7,0.909,3.2,4.2,0.75,5.3,5.3,1.0,3.2,8.5,11.7,3.2,0.0,1.1,1.1,0.0,0.0,5.3,29.7,-7.4,54.8,1,0,52.0,1,13222,1,13222,4321,2615,14183,1292,6003,15022,1542,3648,5459,1,4976,4064,3789,12384,16469,11380,7057,8846,20257,3623,2192,16693,2021,1,150,2046,1,33:56
2024-25,1631172,Ousmane Dieng,Ousmane,1610612760,OKC,Oklahoma City Thunder,0022400140,2024-11-01T00:00:00,OKC @ POR,W,19.326666666666668,7.5,18.6,0.4,1.9,9.3,0.2,3.7,3.7,1.0,1.9,3.7,5.6,3.7,0.0,0.0,1.9,0.0,3.7,3.7,20.5,0.0,38.4,0,0,35.4,1,1,13086,1,16560,7886,4090,14933,10816,4364,13429,6233,8430,1,8980,14548,13318,10721,16469,12854,3899,8846,7983,7069,7505,12240,8791,2246,150,9803,1,19:20
2024-25,201942,DeMar DeRozan,DeMar,1610612758,SAC,Sacramento Kings,0022400135,2024-11-01T00:00:00,SAC @ ATL,W,38.78333333333333,8.4,14.9,0.563,0.9,0.9,1.0,7.4,9.3,0.8,0.9,6.5,7.4,1.9,0.9,2.8,0.9,0.0,1.9,4.6,25.1,9.3,47.0,0,0,42.7,1,1,13086,1,971,5878,8818,7127,14878,20915,1,1715,1722,7681,13784,7315,9309,16909,16250,3721,7961,8846,15912,4853,4184,8055,4321,2246,150,5313,1,38:47
2024-25,1631165,Keon Ellis,Keon,1610612758,SAC,Sacramento Kings,0022400135,2024-11-01T00:00:00,SAC @ ATL,W,19.4,7.4,9.3,0.8,3.7,5.6,0.667,3.7,3.7,1.0,1.9,0.0,1.9,3.7,0.0,0.0,1.9,0.0,1.9,1.9,22.3,-11.1,35.6,0,0,35.3,1,1,13086,1,16499,7948,18294,1688,4672,11799,1957,6264,8456,1,9014,22137,22074,10757,16469,12854,3915,8846,15914,13712,6019,18379,10624,2246,150,9908,1,19:24
2024-25,1642275,Tidjane Salaün,Tidjane,1610612766,CHA,Charlotte Hornets,0022400132,2024-11-01T00:00:00,CHA vs. BOS,L,19.008333333333333,5.7,9.5,0.6,5.7,9.5,0.6,0.0,0.0,0.0,1.9,9.5,11.4,1.9,0.0,0.0,0.0,0.0,0.0,0.0,17.0,3.8,33.5,0,0,36.0,1,13222,1,13222,16822,12471,17999,5394,1576,4150,2992,13505,14344,13505,8846,3050,4082,16775,16469,12854,8263,8846,20257,17725,10802,10759,12180,2246,150,9394,1,19:01
2024-25,1627750,Jamal Murray,Jamal,1610612743,DEN,Denver Nuggets,0022400139,2024-11-01T00:00:00,DEN @ MIN,L,22.266666666666666,3.2,11.3,0.286,0.0,4.9,0.0,3.2,3.2,1.0,0.0,3.2,3.2,4.9,0.0,1.6,0.0,1.6,0.0,1.6,9.7,12.9,25.7,0,0,21.0,1,13222,1,13222,14302,18923,14797,19630,15070,13562,15070,7248,9449,1,14058,15982,19142,7795,16469,7924,8263,4389,20257,14571,18443,6420,17816,2246,150,20273,1,22:16
2024-25,1641724,Jett Howard,Jett,1610612753,ORL,Orlando Magic,0022400133,2024-11-01T00:00:00,ORL @ CLE,L,17.45,6.2,14.4,0.429,6.2,12.4,0.5,0.0,0.0,0.0,0.0,6.2,6.2,0.0,0.0,0.0,2.1,0.0,0.0,0.0,18.6,0.0,32.2,0,0,35.1,1,13222,1,13222,17959,10993,9447,13735,1169,1582,3944,13505,14344,13505,14058,7915,11845,19908,16469,12854,3308,8846,20257,17725,9249,12240,13189,2246,150,10045,1,17:27
2024-25,1629021,Moritz Wagner,Moritz,1610612753,ORL,Orlando Magic,0022400133,2024-11-01T00:00:00,ORL @ CLE,L,27.566666666666666,6.5,11.8,0.556,0.0,2.6,0.0,5.2,9.1,0.571,0.0,6.5,6.5,0.0,2.6,2.6,0.0,0.0,0.0,5.2,18.3,-18.3,31.3,0,0,30.0,1,13222,1,13222,9899,10113,14022,7248,15070,18428,15070,3740,1798,10536,14058,7240,11106,19908,7827,4113,8263,8846,20257,3737,9544,21011,13788,2246,150,13916,1,27:34
2024-25,1630169,Tyrese Haliburton,Tyrese,1610612754,IND,Indiana Pacers,0022400138,2024-11-01T00:00:00,IND @ NOP,L,33.4,2.2,8.6,0.25,1.1,6.5,0.167,6.5,6.5,1.0,1.1,1.1,2.2,11.9,2.2,0.0,0.0,0.0,2.2,3.2,11.9,-20.5,30.1,1,0,26.9,1,13222,1,13222,4812,21125,19320,20233,14082,9606,14236,2428,3917,1,12654,21809,21503,751,9699,12854,8263,8846,14323,8444,16287,21700,14747,1,150,16186,1,33:24
2024-25,1630198,Isaiah Joe,Isaiah,1610612760,OKC,Oklahoma City Thunder,0022400140,2024-11-01T00:00:00,OKC @ POR,W,26.573333333333334,5.4,12.2,0.444,4.1,10.8,0.375,1.4,2.7,0.5,0.0,6.8,6.8,2.7,2.7,2.7,0.0,0.0,5.4,2.7,16.3,16.3,33.9,0,0,35.2,1,1,13086,1,10667,13217,13274,13045,3863,2634,8800,12153,10722,10625,14058,6748,10589,13882,7502,3887,8263,8846,3823,10297,11647,5156,11916,2246,150,9930,1,26:34
2024-25,1630573,Sam Hauser,Sam,1610612738,BOS,Boston Celtics,0022400132,2024-11-01T00:00:00,BOS @ CHA,W,17.516666666666666,4.1,6.2,0.667,4.1,6.2,0.667,0.0,0.0,0.0,2.1,8.2,10.3,4.1,2.1,0.0,0.0,0.0,0.0,0.0,12.3,-16.4,28.8,0,0,30.8,1,1,13086,1,17908,16821,22458,3281,3765,10282,1957,13505,14344,13505,8139,4395,5145,9640,10238,12854,8263,8846,20257,17725,15783,20424,15659,2246,150,13309,1,17:31
2024-25,1629632,Coby White,Coby,1610612741,CHI,Chicago Bulls,0022400136,2024-11-01T00:00:00,CHI @ BKN,L,34.30166666666667,6.3,13.6,0.462,5.2,9.4,0.556,4.2,5.2,0.8,1.0,3.1,4.2,4.2,3.1,0.0,0.0,1.0,4.2,2.1,22.0,4.2,30.2,0,0,35.7,1,13222,1,13222,4008,10737,10750,12428,2004,4194,3747,5350,5532,7681,12881,16273,16820,9395,5991,12854,8263,7498,6565,12619,6187,10545,14650,2246,150,9596,1,34:18
2024-25,1641794,Dillon Jones,Dillon,1610612760,OKC,Oklahoma City Thunder,0022400140,2024-11-01T00:00:00,OKC @ POR,W,11.816666666666666,9.1,15.2,0.6,3.0,9.1,0.333,0.0,0.0,0.0,6.1,6.1,12.2,6.1,0.0,0.0,0.0,0.0,12.2,3.0,21.3,3.0,45.1,0,0,42.7,1,1,13086,1,21371,4462,8198,5394,6353,4618,9209,13505,14344,13505,1568,8115,3357,5332,16469,12854,8263,8846,407,9084,6797,11091,5135,2246,150,5331,1,11:49
2024-25,1628978,Donte DiVincenzo,Donte,1610612750,MIN,Minnesota Timberwolves,0022400139,2024-11-01T00:00:00,MIN vs. DEN,W,24.933333333333334,2.9,10.1,0.286,2.9,10.1,0.286,1.4,2.9,0.5,1.4,10.1,11.6,8.7,4.3,1.4,0.0,0.0,1.4,5.8,10.1,-5.8,37.0,0,0,36.1,1,1,13086,1,12062,19685,16888,19630,6903,3368,11433,11918,10262,10625,10562,2493,3896,2297,3250,8666,8263,8846,17461,2932,18041,15960,9722,2246,150,9301,1,24:56
2024-25,1629750,Javonte Green,Javonte,1610612740,NOP,New Orleans Pelicans,0022400138,2024-11-01T00:00:00,NOP vs. IND,W,18.81833333333333,5.7,7.7,0.75,1.9,1.9,1.0,0.0,0.0,0.0,0.0,7.7,7.7,0.0,0.0,1.9,1.9,0.0,0.0,0.0,13.4,-9.6,34.1,0,0,30.6,1,1,13086,1,16953,12299,20710,2107,10580,19716,1,13505,14344,13505,14058,5236,8875,19908,16469,6703,3732,8846,20257,17725,14627,17704,11763,2246,150,13474,1,18:49
2024-25,1631108,Max Christie,Max,1610612747,LAL,Los Angeles Lakers,0022400137,2024-11-01T00:00:00,LAL @ TOR,W,13.258333333333333,2.7,2.7,1.0,0.0,0.0,0.0,13.6,13.6,1.0,5.4,8.1,13.6,2.7,5.4,0.0,0.0,0.0,0.0,8.1,19.0,19.0,33.9,0,0,35.3,1,1,13086,1,20623,20049,24580,1,15070,20945,15070,229,520,1,1990,4495,2449,13861,1874,12854,8263,8846,20257,944,8853,4262,11866,2246,150,9878,1,13:16
2024-25,1630208,Nick Richards,Nick,1610612766,CHA,Charlotte Hornets,0022400132,2024-11-01T00:00:00,CHA vs. BOS,L,15.55,0.0,2.3,0.0,0.0,0.0,0.0,2.3,4.6,0.5,2.3,4.6,6.9,2.3,2.3,0.0,4.6,0.0,2.3,4.6,2.3,-13.9,25.7,0,0,20.8,1,13222,1,13222,19219,22635,24693,22635,15070,20945,15070,9570,6610,10625,7197,11910,10249,15175,9009,12854,639,8846,13581,4873,23109,19459,17820,2246,150,20379,1,15:33
2024-25,1628404,Josh Hart,Josh,1610612752,NYK,New York Knicks,0022400134,2024-11-01T00:00:00,NYK @ DET,W,37.095,5.8,8.7,0.667,1.0,2.9,0.333,0.0,0.0,0.0,2.9,5.8,8.7,3.9,2.9,1.9,0.0,1.0,1.9,0.0,12.6,23.3,31.8,0,0,30.1,1,1,13086,1,1934,12042,19126,3281,14701,17835,9209,13505,14344,13505,5561,8738,7123,10276,6791,6557,8263,8180,15456,17725,15477,3197,13452,2246,150,13884,1,37:06
2024-25,1628464,Daniel Theis,Daniel,1610612740,NOP,New Orleans Pelicans,0022400138,2024-11-01T00:00:00,NOP vs. IND,W,13.233333333333333,2.7,8.2,0.333,2.7,2.7,1.0,0.0,0.0,0.0,5.4,8.2,13.6,2.7,0.0,0.0,0.0,2.7,0.0,0.0,8.2,32.6,28.6,0,0,27.2,1,1,13086,1,20639,20039,20002,17395,7475,18219,1,13505,14344,13505,1983,4470,2431,13843,16469,12854,8263,1712,20257,17725,19779,1666,15825,2246,150,16018,1,13:14
2024-25,1642359,Pacôme Dadiet,Pacôme,1610612752,NYK,New York Knicks,0022400134,2024-11-01T00:00:00,NYK @ DET,W,5.1,7.1,7.1,1.0,0.0,0.0,0.0,0.0,0.0,0.0,0.0,7.1,7.1,0.0,0.0,0.0,0.0,0.0,0.0,0.0,14.1,0.0,22.6,0,0,21.2,1,1,13086,1,23941,8787,21490,1,15070,20945,15070,13505,14344,13505,14058,6259,10039,19908,16469,12854,8263,8846,20257,17725,13824,12240,19823,2246,150,20167,1,5:06
2024-25,1627827,Dorian Finney-Smith,Dorian,1610612751,BKN,Brooklyn Nets,0022400136,2024-11-01T00:00:00,BKN vs. CHI,W,27.583333333333332,5.2,10.4,0.5,1.3,5.2,0.25,0.0,0.0,0.0,1.3,5.2,6.5,0.0,0.0,2.6,1.3,0.0,6.5,1.3,11.7,-1.3,31.3,0,0,27.4,1,1,13086,1,9888,13762,16318,8526,12838,12656,11902,13505,14344,13505,11174,10232,11111,19908,16469,4117,5625,8846,2374,15886,16405,13719,13810,2246,150,15861,1,27:35
2024-25,1630526,Jeremiah Robinson-Earl,Jeremiah,1610612740,NOP,New Orleans Pelicans,0022400138,2024-11-01T00:00:00,NOP vs. IND,W,8.6,4.2,16.7,0.25,0.0,4.2,0.0,0.0,0.0,0.0,12.6,0.0,12.6,0.0,4.2,0.0,0.0,0.0,0.0,0.0,8.4,-54.4,19.3,0,0,20.9,1,1,13086,1,22597,16627,6115,20233,15070,15150,15070,13505,14344,13505,217,22137,3089,19908,3523,12854,8263,8846,20257,17725,19608,25553,21516,2246,150,20327,1,8:36
2024-25,1628384,OG Anunoby,OG,1610612752,NYK,New York Knicks,0022400134,2024-11-01T00:00:00,NYK @ DET,W,32.77166666666667,8.8,16.5,0.533,3.3,5.5,0.6,2.2,2.2,1.0,2.2,2.2,4.4,6.6,0.0,2.2,0.0,1.1,0.0,1.1,23.1,25.3,44.8,0,0,41.7,1,1,13086,1,5351,5103,6458,8140,5678,11965,2992,9960,12100,1,7593,19075,16303,4577,16469,5404,8263,7054,20257,16915,5439,2755,5262,2246,150,5776,1,32:46
2024-25,1630595,Cade Cunningham,Cade,1610612765,DET,Detroit Pistons,0022400134,2024-11-01T00:00:00,DET vs. NYK,L,32.05833333333333,11.2,21.3,0.526,2.2,4.5,0.5,0.0,0.0,0.0,0.0,6.7,6.7,6.7,1.1,0.0,1.1,1.1,1.1,0.0,24.7,-21.3,45.1,0,0,42.7,1,13222,1,13222,5924,2069,2134,8379,9065,14452,3944,13505,14344,13505,14058,6817,10659,4369,14991,12854,6648,6854,18975,17725,4364,21921,5109,2246,150,5327,1,32:04
2024-25,1641710,Anthony Black,Anthony,1610612753,ORL,Orlando Magic,0022400133,2024-11-01T00:00:00,ORL @ CLE,L,27.485,3.9,10.5,0.375,1.3,3.9,0.333,0.0,0.0,0.0,0.0,2.6,2.6,7.9,2.6,0.0,0.0,0.0,2.6,0.0,9.2,-17.0,21.5,0,0,21.0,1,13222,1,13222,9956,17252,16264,16299,12823,15716,9209,13505,14344,13505,14058,17899,20605,3036,7804,12854,8263,8846,12361,17725,18927,20630,20425,2246,150,20306,1,27:29
2024-25,203552,Seth Curry,Seth,1610612766,CHA,Charlotte Hornets,0022400132,2024-11-01T00:00:00,CHA vs. BOS,L,18.6,5.8,5.8,1.0,3.9,3.9,1.0,0.0,0.0,0.0,0.0,3.9,3.9,0.0,0.0,1.9,0.0,0.0,9.7,0.0,15.5,-15.5,25.9,0,0,27.1,1,13222,1,13222,17106,12100,22805,1,4265,15862,1,13505,14344,13505,14058,14122,17652,19908,16469,6587,8263,8846,774,17725,12434,20091,17659,2246,150,16089,1,18:36
2024-25,1642346,Ryan Dunn,Ryan,1610612756,PHX,Phoenix Suns,0022400131,2024-10-31T00:00:00,PHX @ LAC,W,34.32333333333333,6.3,12.6,0.5,4.2,9.4,0.444,0.0,0.0,0.0,1.0,3.1,4.2,0.0,0.0,1.0,0.0,1.0,5.2,0.0,16.8,11.5,25.0,0,0,27.3,1,1,13086,1,3990,10741,12603,8526,3576,4202,7211,13505,14344,13505,12885,16280,16825,19908,16469,11505,8263,7505,4119,17725,11095,6988,18317,2246,150,15974,1,34:19
2024-25,1627739,Kris Dunn,Kris,1610612746,LAC,LA Clippers,0022400131,2024-10-31T00:00:00,LAC vs. PHX,L,23.536666666666665,3.1,7.6,0.4,3.1,3.1,1.0,0.0,0.0,0.0,4.6,1.5,6.1,3.1,0.0,0.0,0.0,0.0,4.6,1.5,9.2,1.5,21.1,0,0,21.4,1,13222,1,13222,13282,19299,20718,14933,6328,17537,1,13505,14344,13505,2815,20812,12008,12733,16469,12854,8263,8846,5569,14878,18914,11858,20633,2246,150,20024,1,23:32
2024-25,1641748,Andre Jackson Jr.,Andre,1610612749,MIL,Milwaukee Bucks,0022400128,2024-10-31T00:00:00,MIL @ MEM,L,18.791666666666668,1.9,3.8,0.5,0.0,1.9,0.0,0.0,3.8,0.0,1.9,7.7,9.6,1.9,3.8,3.8,1.9,0.0,9.6,1.9,3.8,15.3,31.6,0,0,26.8,1,13222,1,13222,16977,21556,24173,8526,15070,19708,15070,13505,8175,13505,8755,5220,5950,16696,4231,1812,3719,8846,793,13454,22639,5493,13601,2246,150,16303,1,18:48
2024-25,1642271,Kyle Filipowski,Kyle,1610612762,UTA,Utah Jazz,0022400130,2024-10-31T00:00:00,UTA vs. SAS,L,20.116666666666667,8.9,14.3,0.625,3.6,7.2,0.5,0.0,0.0,0.0,1.8,7.2,8.9,1.8,3.6,0.0,0.0,0.0,5.4,3.6,21.5,-21.5,31.3,0,0,35.8,1,13222,1,13222,15932,4818,9661,4899,4969,8125,3944,13505,14344,13505,9280,6080,6822,17115,4819,12854,8263,8846,3893,7457,6669,21960,13813,2246,150,9520,1,20:07
2024-25,1631110,Jeremy Sochan,Jeremy,1610612759,SAS,San Antonio Spurs,0022400130,2024-10-31T00:00:00,SAS @ UTA,W,31.105,5.8,15.0,0.385,1.2,4.6,0.25,0.0,2.3,0.0,2.3,3.5,5.8,3.5,1.2,2.3,1.2,0.0,2.3,2.3,12.7,4.6,34.1,0,0,30.1,1,1,13086,1,6794,12148,8531,16070,13611,14135,11902,13505,11738,13505,7203,15317,12793,11485,14747,4983,6439,8846,13590,11690,15357,10324,11693,2246,150,13879,1,31:06
2024-25,1642264,Stephon Castle,Stephon,1610612759,SAS,San Antonio Spurs,0022400130,2024-10-31T00:00:00,SAS @ UTA,W,20.928333333333335,5.2,13.8,0.375,1.7,3.4,0.5,1.7,3.4,0.5,3.4,3.4,6.9,1.7,0.0,1.7,0.0,1.7,6.9,5.2,13.8,5.2,29.8,0,0,27.5,1,1,13086,1,15342,13925,10552,16299,11342,16790,3944,11380,9009,10625,4471,15408,10360,17311,16469,7544,8263,4095,2075,3834,14210,10023,14968,2246,150,15778,1,20:56
2024-25,1628381,John Collins,John,1610612762,UTA,Utah Jazz,0022400130,2024-10-31T00:00:00,UTA vs. SAS,L,27.883333333333333,7.7,16.8,0.462,0.0,1.3,0.0,2.6,2.6,1.0,5.2,9.0,14.2,3.9,2.6,1.3,1.3,3.9,3.9,5.2,18.1,-7.7,46.1,1,0,41.3,1,13222,1,13222,9638,7176,6067,12428,15070,20505,15070,8850,11021,1,2235,3476,2147,10300,7939,9511,5689,697,7537,3826,9762,16855,4708,1,150,6018,1,27:53
2024-25,202691,Klay Thompson,Klay,1610612742,DAL,Dallas Mavericks,0022400129,2024-10-31T00:00:00,DAL vs. HOU,L,30.483333333333334,5.9,15.4,0.385,2.4,10.6,0.222,0.0,0.0,0.0,0.0,1.2,1.2,1.2,0.0,1.2,0.0,0.0,1.2,0.0,14.2,-10.6,20.9,0,0,21.3,1,13222,1,13222,7334,11793,8031,16070,8625,2852,13288,13505,14344,13505,14058,21564,22969,19082,16469,10338,8263,8846,18649,17725,13762,18154,20741,2246,150,20126,1,30:29
2024-25,1628991,Jaren Jackson Jr.,Jaren,1610612763,MEM,Memphis Grizzlies,0022400128,2024-10-31T00:00:00,MEM vs. MIL,W,26.145,6.9,16.5,0.417,0.0,5.5,0.0,4.1,4.1,1.0,0.0,6.9,6.9,2.8,4.1,0.0,0.0,0.0,5.5,2.8,17.9,5.5,26.2,0,0,27.5,1,1,13086,1,11051,9204,6392,14532,15070,11930,15070,5472,7566,1,14058,6558,10355,13740,3605,12854,8263,8846,3694,10136,9935,9844,17501,2246,150,15762,1,26:09
2024-25,1642377,Jaylen Wells,Jaylen,1610612763,MEM,Memphis Grizzlies,0022400128,2024-10-31T00:00:00,MEM vs. MIL,W,35.61666666666667,5.1,9.1,0.556,3.0,6.1,0.5,3.0,3.0,1.0,1.0,6.1,7.1,1.0,1.0,0.0,0.0,0.0,2.0,4.0,16.2,7.1,25.2,0,0,27.3,1,1,13086,1,2975,14227,18568,7248,6394,10527,3944,7712,9898,1,13169,8189,10006,19646,15776,12854,8263,8846,15017,6197,11759,9099,18161,2246,150,15957,1,35:37
2024-25,201988,Patty Mills,Patty,1610612762,UTA,Utah Jazz,0022400130,2024-10-31T00:00:00,UTA vs. SAS,L,16.366666666666667,6.6,15.4,0.429,6.6,13.2,0.5,0.0,0.0,0.0,2.2,0.0,2.2,2.2,6.6,2.2,0.0,0.0,0.0,0.0,19.8,-4.4,25.7,0,0,35.2,1,13222,1,13222,18676,9933,7965,13735,947,1207,3944,13505,14344,13505,7585,22137,21410,15622,1080,5392,8263,8846,20257,17725,8077,15269,17792,2246,150,9956,1,16:22
2024-25,1630699,MarJon Beauchamp,MarJon,1610612749,MIL,Milwaukee Bucks,0022400128,2024-10-31T00:00:00,MIL @ MEM,L,4.733333333333333,7.6,22.8,0.333,0.0,7.6,0.0,0.0,0.0,0.0,7.6,7.6,15.2,0.0,7.6,0.0,0.0,7.6,0.0,0.0,15.2,-7.6,25.9,0,0,30.4,1,13222,1,13222,24123,7499,1446,17395,15070,7165,15070,13505,14344,13505,908,5316,1677,19908,674,12854,8263,121,20257,17725,12696,16784,17705,2246,150,13610,1,4:44
2024-25,1629023,P.J. Washington,P.J.,1610612742,DAL,Dallas Mavericks,0022400129,2024-10-31T00:00:00,DAL vs. HOU,L,37.416666666666664,2.9,5.8,0.5,0.0,1.9,0.0,0.0,1.9,0.0,1.0,7.7,8.7,1.0,1.0,2.9,2.9,0.0,2.9,1.9,5.8,-2.9,34.0,0,0,26.9,1,13222,1,13222,1729,19691,22844,8526,15070,19696,15070,13505,12922,13505,13557,5173,7214,19784,16073,3448,1843,8846,11236,13430,21548,14508,11848,2246,150,16199,1,37:25
2024-25,203486,Mason Plumlee,Mason,1610612756,PHX,Phoenix Suns,0022400131,2024-10-31T00:00:00,PHX @ LAC,W,17.383333333333333,6.2,14.5,0.429,0.0,0.0,0.0,4.1,8.3,0.5,8.3,4.1,12.4,0.0,4.1,4.1,2.1,6.2,6.2,4.1,16.6,0.0,46.0,0,0,41.4,1,1,13086,1,18012,10936,9359,13735,15070,20945,15070,5455,2331,10625,702,13295,3174,19908,3587,1504,3283,205,2696,5959,11319,12240,4751,2246,150,5971,1,17:23
2024-25,203500,Steven Adams,Steven,1610612745,HOU,Houston Rockets,0022400129,2024-10-31T00:00:00,HOU @ DAL,W,9.966666666666667,0.0,0.0,0.0,0.0,0.0,0.0,0.0,0.0,0.0,3.6,0.0,3.6,10.8,0.0,3.6,0.0,0.0,7.2,0.0,0.0,-14.4,31.4,0,0,21.7,1,1,13086,1,22117,22635,24836,22635,15070,20945,15070,13505,14344,13505,4194,22137,18294,1056,16469,2081,8263,8846,1815,17725,23200,19682,13727,2246,150,19855,1,9:58
2024-25,1630590,Scotty Pippen Jr.,Scotty,1610612763,MEM,Memphis Grizzlies,0022400128,2024-10-31T00:00:00,MEM vs. MIL,W,26.888333333333332,6.7,10.7,0.625,1.3,4.0,0.333,6.7,6.7,1.0,0.0,4.0,4.0,1.3,4.0,1.3,0.0,1.3,2.7,9.4,21.4,12.0,28.3,0,0,30.8,1,1,13086,1,10432,9694,15863,4899,12696,15546,9209,2244,3663,1,14058,13672,17279,18538,3852,9250,8263,5451,12130,553,6712,6777,16040,2246,150,13330,1,26:53
2024-25,1630658,Colin Castleton,Colin,1610612763,MEM,Memphis Grizzlies,0022400128,2024-10-31T00:00:00,MEM vs. MIL,W,1.7166666666666666,0.0,0.0,0.0,0.0,0.0,0.0,0.0,0.0,0.0,0.0,0.0,0.0,0.0,0.0,0.0,21.0,0.0,0.0,0.0,0.0,-21.0,62.9,0,0,41.9,1,1,13086,1,25651,22635,24836,22635,15070,20945,15070,13505,14344,13505,14058,22137,23286,19908,16469,12854,6,8846,20257,17725,23200,21820,884,2246,150,5679,1,1:43
2024-25,1626171,Bobby Portis,Bobby,1610612749,MIL,Milwaukee Bucks,0022400128,2024-10-31T00:00:00,MIL @ MEM,L,24.94333333333333,7.2,20.2,0.357,1.4,7.2,0.2,0.0,0.0,0.0,7.2,2.9,10.1,0.0,1.4,1.4,0.0,0.0,2.9,0.0,15.9,-24.5,30.9,0,0,30.3,1,13222,1,13222,12057,8410,2824,17140,12280,8015,13429,13505,14344,13505,1056,17128,5323,19908,13040,8674,8263,8846,11235,17725,12055,22700,14138,2246,150,13712,1,24:57
2024-25,1630583,Santi Aldama,Santi,1610612763,MEM,Memphis Grizzlies,0022400128,2024-10-31T00:00:00,MEM vs. MIL,W,33.1,7.6,15.2,0.5,1.1,4.4,0.25,4.4,4.4,1.0,2.2,7.6,9.8,2.2,3.3,1.1,0.0,0.0,1.1,2.2,20.7,9.8,35.7,0,0,35.9,1,1,13086,1,5069,7474,8205,8526,14017,14791,11902,5068,7110,1,7669,5301,5691,15707,5624,11121,8263,8846,19169,12265,7344,7796,10596,2246,150,9456,1,33:06
2024-25,203081,Damian Lillard,Damian,1610612749,MIL,Milwaukee Bucks,0022400128,2024-10-31T00:00:00,MIL @ MEM,L,33.34166666666667,1.1,13.0,0.083,0.0,6.5,0.0,2.2,2.2,1.0,1.1,1.1,2.2,6.5,1.1,1.1,0.0,1.1,3.2,4.3,4.3,-31.3,18.8,0,0,15.1,1,13222,1,13222,4866,22587,11933,22617,15070,9594,15070,10082,12216,1,12637,21807,21495,4750,15278,11195,8263,7228,9701,5539,22390,23935,21764,2246,150,23022,1,33:21
2024-25,1630702,Jaden Hardy,Jaden,1610612742,DAL,Dallas Mavericks,0022400129,2024-10-31T00:00:00,DAL vs. HOU,L,11.266666666666667,3.2,9.6,0.333,0.0,3.2,0.0,0.0,0.0,0.0,3.2,3.2,6.4,3.2,3.2,3.2,0.0,0.0,6.4,0.0,6.4,32.0,25.2,0,0,22.4,1,13222,1,13222,21593,19008,17801,17395,15070,17280,15070,13505,14344,13505,4951,16103,11423,12339,5835,2751,8263,8846,2500,17725,21130,1738,18117,2246,150,19443,1,11:16
2024-25,1641718,Keyonte George,Keyonte,1610612762,UTA,Utah Jazz,0022400130,2024-10-31T00:00:00,UTA vs. SAS,L,30.35,5.9,16.6,0.357,1.2,10.7,0.111,4.7,5.9,0.8,1.2,3.6,4.7,5.9,8.3,0.0,0.0,0.0,1.2,4.7,17.8,-11.9,24.1,0,0,29.7,1,13222,1,13222,7456,11706,6295,17140,13443,2807,15003,4441,4574,7681,11890,15060,15460,5624,534,12854,8263,8846,18616,4630,10035,18691,18891,2246,150,14199,1,30:21
2024-25,201572,Brook Lopez,Brook,1610612749,MIL,Milwaukee Bucks,0022400128,2024-10-31T00:00:00,MIL @ MEM,L,23.573333333333334,6.1,12.2,0.5,4.6,9.2,0.5,1.5,3.1,0.5,0.0,4.6,4.6,1.5,0.0,0.0,0.0,0.0,6.1,3.1,18.3,-53.5,26.1,0,0,29.0,1,13222,1,13222,13253,11204,13234,8526,2921,4589,3944,11738,9834,10625,14058,12040,15849,17882,16469,12854,8263,8846,2812,9059,9491,25522,17547,2246,150,14689,1,23:34
2024-25,1629599,Amir Coffey,Amir,1610612746,LAC,LA Clippers,0022400131,2024-10-31T00:00:00,LAC vs. PHX,L,10.466666666666667,6.9,10.3,0.667,3.4,3.4,1.0,6.9,10.3,0.667,0.0,3.4,3.4,0.0,0.0,0.0,0.0,0.0,10.3,6.9,24.1,-17.2,28.2,0,0,31.0,1,13222,1,13222,21929,9213,16524,3281,5288,16791,1,2093,1250,9425,14058,15409,18687,19908,16469,12854,8263,8846,638,1754,4750,20691,16070,2246,150,13198,1,10:28
2024-25,1642262,Cody Williams,Cody,1610612762,UTA,Utah Jazz,0022400130,2024-10-31T00:00:00,UTA vs. SAS,L,23.616666666666667,0.0,9.1,0.0,0.0,7.6,0.0,3.0,3.0,1.0,1.5,6.1,7.6,3.0,1.5,0.0,0.0,0.0,0.0,1.5,3.0,-19.8,15.2,0,0,13.7,1,13222,1,13222,13215,22635,18490,22635,15070,7135,15070,7675,9852,1,10215,8106,8932,12767,12642,12854,8263,8846,20257,14900,22942,21497,23105,2246,150,23496,1,23:37
2024-25,1630539,Kai Jones,Kai,1610612746,LAC,LA Clippers,0022400131,2024-10-31T00:00:00,LAC vs. PHX,L,9.766666666666667,0.0,3.7,0.0,0.0,0.0,0.0,0.0,0.0,0.0,3.7,3.7,7.4,0.0,3.7,0.0,3.7,0.0,0.0,0.0,0.0,11.1,16.2,0,0,14.7,1,13222,1,13222,22187,22635,24234,22635,15070,20945,15070,13505,14344,13505,4061,14673,9424,19908,4580,12854,1089,8846,20257,17725,23200,7211,22767,2246,150,23156,1,9:46
2024-25,1626181,Norman Powell,Norman,1610612746,LAC,LA Clippers,0022400131,2024-10-31T00:00:00,LAC vs. PHX,L,30.633333333333333,10.6,24.7,0.429,4.7,12.9,0.364,1.2,2.4,0.5,0.0,2.4,2.4,2.4,2.4,1.2,0.0,1.2,1.2,2.4,27.0,4.7,34.6,0,0,38.8,1,13222,1,13222,7181,2644,897,13735,2730,1341,9100,12685,11624,10625,14058,18624,21102,15054,8862,10391,8263,6441,18688,11541,3194,10280,11411,2246,150,7530,1,30:38
2024-25,1631117,Walker Kessler,Walker,1610612762,UTA,Utah Jazz,0022400130,2024-10-31T00:00:00,UTA vs. SAS,L,27.566666666666666,3.9,11.8,0.333,0.0,0.0,0.0,0.0,0.0,0.0,5.2,9.1,14.4,1.3,1.3,0.0,3.9,3.9,1.3,0.0,7.8,-18.3,37.5,0,0,31.3,1,13222,1,13222,9899,17278,14022,17395,15070,20945,15070,13505,14344,13505,2174,3368,2067,18638,13775,12854,961,681,18006,17725,20056,21011,9356,2246,150,12897,1,27:34
2024-25,1641857,Liam Robbins,Liam,1610612749,MIL,Milwaukee Bucks,0022400128,2024-10-31T00:00:00,MIL @ MEM,L,4.733333333333333,7.6,7.6,1.0,0.0,0.0,0.0,0.0,15.2,0.0,0.0,0.0,0.0,0.0,0.0,0.0,0.0,0.0,0.0,15.2,15.2,-7.6,15.2,0,0,15.2,1,13222,1,13222,24123,7499,20784,1,15070,20945,15070,13505,335,13505,14058,22137,23286,19908,16469,12854,8263,8846,20257,93,12696,16784,23114,2246,150,22986,1,4:44
2024-25,1629029,Luka Dončić,Luka,1610612742,DAL,Dallas Mavericks,0022400129,2024-10-31T00:00:00,DAL vs. HOU,L,37.513333333333335,11.5,24.0,0.48,2.9,6.7,0.429,1.9,3.8,0.5,0.0,4.8,4.8,1.9,1.0,1.0,0.0,1.0,4.8,6.7,27.8,-1.9,38.4,0,0,39.3,1,13222,1,13222,1682,1860,1067,11962,6946,9078,7394,10893,8161,10625,14058,11444,15310,16679,16091,12280,8263,8264,5064,1886,2846,13994,8781,2246,150,7163,1,37:31
2024-25,1641726,Dereck Lively II,Dereck,1610612742,DAL,Dallas Mavericks,0022400129,2024-10-31T00:00:00,DAL vs. HOU,L,15.0,4.8,9.6,0.5,0.0,0.0,0.0,4.8,4.8,1.0,2.4,4.8,7.2,4.8,2.4,0.0,2.4,2.4,12.0,2.4,14.4,-4.8,35.0,0,0,31.2,1,13222,1,13222,19560,14944,17768,8526,15070,20945,15070,4345,6302,1,6919,11436,9739,7920,8654,12854,2557,2220,423,11348,13498,15473,11030,2246,150,12999,1,15:00
2024-25,1631103,Malaki Branham,Malaki,1610612759,SAS,San Antonio Spurs,0022400130,2024-10-31T00:00:00,SAS @ UTA,W,16.6,2.2,10.8,0.2,2.2,4.3,0.5,6.5,8.7,0.75,0.0,4.3,4.3,2.2,2.2,6.5,0.0,0.0,2.2,4.3,13.0,-28.2,38.8,0,0,34.7,1,1,13086,1,18528,21101,15623,21401,9366,14827,3944,2400,2071,8186,14058,12695,16444,15732,9642,374,8263,8846,14251,5504,15082,23472,8525,2246,150,10296,1,16:36
2024-25,1642530,Yuki Kawamura,Yuki,1610612763,MEM,Memphis Grizzlies,0022400128,2024-10-31T00:00:00,MEM vs. MIL,W,2.9166666666666665,0.0,12.3,0.0,0.0,12.3,0.0,0.0,0.0,0.0,0.0,0.0,0.0,0.0,0.0,0.0,0.0,0.0,0.0,0.0,0.0,24.7,0.0,0,0,0.0,1,1,13086,1,25024,22635,12991,22635,15070,1594,15070,13505,14344,13505,14058,22137,23286,19908,16469,12854,8263,8846,20257,17725,23200,2882,25228,2246,150,25259,1,2:55
2024-25,1641890,Tyler Smith,Tyler,1610612749,MIL,Milwaukee Bucks,0022400128,2024-10-31T00:00:00,MIL @ MEM,L,4.733333333333333,0.0,0.0,0.0,0.0,0.0,0.0,0.0,0.0,0.0,0.0,0.0,0.0,0.0,7.6,0.0,0.0,0.0,15.2,0.0,0.0,-7.6,-7.6,0,0,0.0,1,13222,1,13222,24123,22635,24836,22635,15070,20945,15070,13505,14344,13505,14058,22137,23286,19908,674,12854,8263,8846,234,17725,23200,16784,26202,2246,150,25259,1,4:44
2024-25,1627884,Derrick Jones Jr.,Derrick,1610612746,LAC,LA Clippers,0022400131,2024-10-31T00:00:00,LAC vs. PHX,L,24.316666666666666,5.9,14.8,0.4,1.5,4.4,0.333,3.0,3.0,1.0,1.5,3.0,4.4,3.0,0.0,4.4,0.0,3.0,7.4,1.5,16.3,-8.9,39.4,0,0,34.1,1,13222,1,13222,12630,11742,8894,14933,12117,14593,9209,7918,10065,1,10389,16850,16191,13053,16469,1269,8263,1386,1709,15084,11621,17373,8144,2246,150,10811,1,24:19
2024-25,1629646,Charles Bassey,Charles,1610612759,SAS,San Antonio Spurs,0022400130,2024-10-31T00:00:00,SAS @ UTA,W,0.445,0.0,0.0,0.0,0.0,0.0,0.0,0.0,0.0,0.0,0.0,0.0,0.0,0.0,0.0,0.0,0.0,0.0,0.0,0.0,0.0,80.9,0.0,0,0,0.0,1,1,13086,1,26215,22635,24836,22635,15070,20945,15070,13505,14344,13505,14058,22137,23286,19908,16469,12854,8263,8846,20257,17725,23200,150,25228,2246,150,25259,1,0:27
2024-25,1630643,Jay Huff,Jay,1610612763,MEM,Memphis Grizzlies,0022400128,2024-10-31T00:00:00,MEM vs. MIL,W,16.583333333333332,2.2,8.7,0.25,0.0,4.3,0.0,4.3,4.3,1.0,0.0,4.3,4.3,2.2,2.2,0.0,2.2,0.0,8.7,2.2,8.7,6.5,21.5,0,0,19.5,1,1,13086,1,18538,21095,19217,20233,15070,14815,15070,5088,7127,1,14058,12679,16431,15722,9632,12854,3013,8846,1073,12290,19366,9372,20419,2246,150,21133,1,16:35
2024-25,1630572,Sandro Mamukelashvili,Sandro,1610612759,SAS,San Antonio Spurs,0022400130,2024-10-31T00:00:00,SAS @ UTA,W,10.661666666666667,13.5,16.9,0.8,3.4,6.8,0.5,3.4,3.4,1.0,0.0,3.4,3.4,0.0,0.0,0.0,0.0,0.0,0.0,3.4,33.8,10.1,37.8,0,0,40.5,1,1,13086,1,21856,849,5934,1688,5442,9012,3944,6946,9152,1,14058,15583,18818,19908,16469,12854,8263,8846,20257,8030,1171,7633,9149,2246,150,6489,1,10:40
2024-25,1628960,Grayson Allen,Grayson,1610612756,PHX,Phoenix Suns,0022400131,2024-10-31T00:00:00,PHX @ LAC,W,18.916666666666668,1.9,15.2,0.125,0.0,9.5,0.0,0.0,0.0,0.0,0.0,9.5,9.5,5.7,0.0,7.6,0.0,1.9,1.9,0.0,3.8,-1.9,46.6,0,0,34.3,1,1,13086,1,16893,21581,8210,22420,15070,4088,15070,13505,14344,13505,14058,2992,6044,6025,16469,237,8263,3533,15655,17725,22650,13981,4481,2246,150,10647,1,18:55
2024-25,1627832,Fred VanVleet,Fred,1610612745,HOU,Houston Rockets,0022400129,2024-10-31T00:00:00,HOU @ DAL,W,39.3,1.8,11.9,0.154,0.0,6.4,0.0,0.0,0.0,0.0,1.8,2.7,4.6,3.7,0.0,0.0,0.0,0.9,2.7,0.9,3.7,-11.0,14.7,0,0,11.9,1,1,13086,1,779,21702,13745,22243,15070,9723,15070,13505,14344,13505,9119,17560,15855,10890,16469,12854,8263,8577,11846,17633,22712,18319,23294,2246,150,24003,1,39:18
2024-25,1641708,Amen Thompson,Amen,1610612745,HOU,Houston Rockets,0022400129,2024-10-31T00:00:00,HOU @ DAL,W,17.97833333333333,8.0,10.0,0.8,0.0,0.0,0.0,4.0,4.0,1.0,4.0,4.0,8.0,2.0,2.0,2.0,0.0,0.0,4.0,2.0,20.0,14.0,36.6,0,0,34.0,1,1,13086,1,17580,6621,17035,1688,15070,20945,15070,5684,7837,1,3592,13707,8252,16366,10517,6243,8263,8846,7129,13069,7903,6002,9926,2246,150,10818,1,17:59
2024-25,1631104,Blake Wesley,Blake,1610612759,SAS,San Antonio Spurs,0022400130,2024-10-31T00:00:00,SAS @ UTA,W,5.456666666666667,0.0,13.2,0.0,0.0,13.2,0.0,0.0,0.0,0.0,0.0,0.0,0.0,0.0,13.2,0.0,0.0,0.0,6.6,0.0,0.0,-92.4,-13.2,0,0,0.0,1,1,13086,1,23807,22635,11488,22635,15070,1209,15070,13505,14344,13505,14058,22137,23286,19908,159,12854,8263,8846,2322,17725,23200,26104,26246,2246,150,25259,1,5:27
2024-25,1631260,AJ Green,AJ,1610612749,MIL,Milwaukee Bucks,0022400128,2024-10-31T00:00:00,MIL @ MEM,L,4.733333333333333,0.0,7.6,0.0,0.0,7.6,0.0,0.0,0.0,0.0,0.0,0.0,0.0,0.0,0.0,0.0,0.0,0.0,0.0,0.0,0.0,-7.6,0.0,0,0,0.0,1,13222,1,13222,24123,22635,20784,22635,15070,7165,15070,13505,14344,13505,14058,22137,23286,19908,16469,12854,8263,8846,20257,17725,23200,16784,25228,2246,150,25259,1,4:44
2024-25,202681,Kyrie Irving,Kyrie,1610612742,DAL,Dallas Mavericks,0022400129,2024-10-31T00:00:00,DAL vs. HOU,L,42.833333333333336,8.4,16.8,0.5,4.2,5.0,0.833,2.5,2.5,1.0,3.4,3.4,6.7,5.9,2.5,0.0,0.0,1.7,1.7,1.7,23.5,-2.5,37.9,0,0,40.3,1,13222,1,13222,165,5787,6026,8526,3555,13097,1341,8988,11155,1,4611,15615,10694,5700,8153,12854,8263,4195,16596,14336,5105,14321,9076,2246,150,6579,1,42:50
2024-25,1626192,Pat Connaughton,Pat,1610612749,MIL,Milwaukee Bucks,0022400128,2024-10-31T00:00:00,MIL @ MEM,L,15.916666666666666,2.3,15.8,0.143,2.3,11.3,0.2,0.0,0.0,0.0,0.0,6.8,6.8,4.5,2.3,0.0,0.0,0.0,4.5,0.0,6.8,-4.5,19.5,0,0,20.4,1,13222,1,13222,18986,20925,7374,22260,9004,2246,13429,13505,14344,13505,14058,6729,10561,8590,9254,12854,8263,8846,5721,17725,20870,15335,21430,2246,150,20655,1,15:55
2024-25,1628420,Monté Morris,Monté,1610612756,PHX,Phoenix Suns,0022400131,2024-10-31T00:00:00,PHX @ LAC,W,3.45,0.0,10.4,0.0,0.0,0.0,0.0,0.0,0.0,0.0,0.0,0.0,0.0,0.0,0.0,0.0,0.0,0.0,0.0,0.0,0.0,-114.8,0.0,0,0,0.0,1,1,13086,1,24736,22635,16325,22635,15070,20945,15070,13505,14344,13505,14058,22137,23286,19908,16469,12854,8263,8846,20257,17725,23200,26213,25228,2246,150,25259,1,3:27
2024-25,203939,Dwight Powell,Dwight,1610612742,DAL,Dallas Mavericks,0022400129,2024-10-31T00:00:00,DAL vs. HOU,L,6.333333333333333,5.7,5.7,1.0,0.0,0.0,0.0,11.4,11.4,1.0,11.4,0.0,11.4,0.0,5.7,0.0,0.0,0.0,5.7,11.4,22.7,5.7,30.7,0,0,34.1,1,13222,1,13222,23441,12461,22915,1,15070,20945,15070,429,926,1,283,22137,4074,19908,1647,12854,8263,8846,3414,248,5667,9763,14275,2246,150,10769,1,6:20
2024-25,1642263,Reed Sheppard,Reed,1610612745,HOU,Houston Rockets,0022400129,2024-10-31T00:00:00,HOU @ DAL,W,5.25,6.9,6.9,1.0,0.0,0.0,0.0,0.0,0.0,0.0,0.0,6.9,6.9,0.0,0.0,0.0,0.0,0.0,0.0,0.0,13.7,34.3,21.9,0,0,20.6,1,1,13086,1,23889,9273,21724,1,15070,20945,15070,13505,14344,13505,14058,6610,10414,19908,16469,12854,8263,8846,20257,17725,14256,1471,20178,2246,150,20526,1,5:15
2024-25,1629655,Daniel Gafford,Daniel,1610612742,DAL,Dallas Mavericks,0022400129,2024-10-31T00:00:00,DAL vs. HOU,L,15.083333333333334,7.2,9.5,0.75,0.0,0.0,0.0,0.0,0.0,0.0,2.4,4.8,7.2,2.4,2.4,0.0,4.8,0.0,9.5,4.8,14.3,-35.8,38.4,0,0,33.4,1,13222,1,13222,19506,8560,17862,2107,15070,20945,15070,13505,14344,13505,6965,11502,9833,14924,8714,12854,587,8846,799,4563,13585,24505,8758,2246,150,11303,1,15:05
2024-25,1629645,Kevin Porter Jr.,Kevin,1610612746,LAC,LA Clippers,0022400131,2024-10-31T00:00:00,LAC vs. PHX,L,17.366666666666667,12.4,24.9,0.5,0.0,6.2,0.0,4.1,4.1,1.0,2.1,8.3,10.4,4.1,4.1,0.0,2.1,0.0,4.1,4.1,29.0,-20.7,49.8,0,0,47.7,1,13222,1,13222,18025,1278,853,8526,15070,10152,15070,5446,7528,1,8066,4297,5041,9533,3586,12854,3275,8846,6702,5954,2418,21764,3340,2246,150,3259,1,17:22
2024-25,1641729,Brice Sensabaugh,Brice,1610612762,UTA,Utah Jazz,0022400130,2024-10-31T00:00:00,UTA vs. SAS,L,14.516666666666667,5.0,7.4,0.667,2.5,5.0,0.5,0.0,0.0,0.0,0.0,7.4,7.4,2.5,5.0,0.0,0.0,0.0,0.0,0.0,12.4,19.8,20.1,0,0,24.8,1,13222,1,13222,19870,14513,21016,3281,8218,13295,3944,13505,14344,13505,14058,5602,9286,14616,2392,12854,8263,8846,20257,17725,15716,4001,21122,2246,150,17829,1,14:31
2024-25,1630578,Alperen Sengun,Alperen,1610612745,HOU,Houston Rockets,0022400129,2024-10-31T00:00:00,HOU @ DAL,W,34.77166666666667,5.2,16.6,0.313,0.0,1.0,0.0,7.2,9.3,0.778,6.2,6.2,12.4,4.1,1.0,0.0,1.0,3.1,3.1,11.4,17.6,10.4,40.8,1,0,36.2,1,1,13086,1,3639,13875,6351,19175,15070,20824,15070,1833,1704,8092,1520,7873,3177,9545,15599,12854,7235,1231,10255,246,10223,7535,7282,1,150,9197,1,34:46
2024-25,1630577,Julian Champagnie,Julian,1610612759,SAS,San Antonio Spurs,0022400130,2024-10-31T00:00:00,SAS @ UTA,W,25.171666666666667,4.3,10.0,0.429,0.0,1.4,0.0,0.0,0.0,0.0,2.9,5.7,8.6,2.9,0.0,4.3,0.0,2.9,0.0,0.0,8.6,38.6,36.0,0,0,28.6,1,1,13086,1,11856,16346,17038,13735,15070,20349,15070,13505,14344,13505,5702,8998,7347,13416,16469,1382,8263,1519,20257,17725,19446,1073,10339,2246,150,14991,1,25:10
2024-25,1631095,Jabari Smith Jr.,Jabari,1610612745,HOU,Houston Rockets,0022400129,2024-10-31T00:00:00,HOU @ DAL,W,29.3,6.1,12.3,0.5,1.2,6.1,0.2,3.7,4.9,0.75,3.7,3.7,7.4,0.0,0.0,1.2,0.0,0.0,3.7,3.7,17.2,-7.4,29.7,0,0,28.3,1,1,13086,1,8400,11104,13105,8526,13215,10332,13429,6316,6084,8186,4061,14673,9424,19908,16469,9953,8263,8846,8136,7165,10626,16665,14997,2246,150,15242,1,29:18
2024-25,1629234,Drew Eubanks,Drew,1610612762,UTA,Utah Jazz,0022400130,2024-10-31T00:00:00,UTA vs. SAS,L,20.433333333333334,3.5,5.3,0.667,0.0,0.0,0.0,3.5,3.5,1.0,5.3,3.5,8.8,1.8,5.3,0.0,3.5,0.0,7.0,1.8,10.6,-7.0,29.1,0,0,28.2,1,13222,1,13222,15684,18266,23272,3281,15070,20945,15070,6659,8842,1,2110,15167,7005,17191,2022,12854,1211,8846,1945,14069,17591,16520,15440,2246,150,15303,1,20:26
2024-25,1641744,Zach Edey,Zach,1610612763,MEM,Memphis Grizzlies,0022400128,2024-10-31T00:00:00,MEM vs. MIL,W,23.733333333333334,7.6,13.7,0.556,0.0,0.0,0.0,0.0,0.0,0.0,3.0,9.1,12.1,0.0,1.5,1.5,1.5,1.5,4.6,1.5,15.2,7.6,37.3,0,0,33.4,1,1,13086,1,13126,7555,10732,7248,15070,20945,15070,13505,14344,13505,5260,3405,3386,19908,12670,8334,4791,4705,5663,14933,12744,8843,9464,2246,150,11347,1,23:44
2024-25,101108,Chris Paul,Chris,1610612759,SAS,San Antonio Spurs,0022400130,2024-10-31T00:00:00,SAS @ UTA,W,32.376666666666665,8.9,14.5,0.615,3.3,7.8,0.429,0.0,0.0,0.0,0.0,7.8,7.8,11.1,1.1,2.2,0.0,0.0,2.2,0.0,21.1,41.1,52.7,1,0,47.8,1,1,13086,1,5668,4893,9427,5246,5560,6833,7394,13505,14344,13505,14058,5032,8653,960,15050,5298,8263,8846,13989,17725,6976,895,2529,1,150,3218,1,32:23
2024-25,201587,Nicolas Batum,Nicolas,1610612746,LAC,LA Clippers,0022400131,2024-10-31T00:00:00,LAC vs. PHX,L,21.513333333333332,1.7,6.7,0.25,1.7,5.0,0.333,0.0,0.0,0.0,1.7,6.7,8.4,5.0,1.7,0.0,6.7,1.7,3.3,0.0,5.0,-6.7,41.0,0,0,33.5,1,13222,1,13222,14931,21929,21899,20233,11471,13160,9209,13505,14344,13505,9662,6897,7667,7419,12026,12854,226,4211,9263,17725,21995,16379,7174,2246,150,11269,1,21:31
2024-25,1629634,Brandon Clarke,Brandon,1610612763,MEM,Memphis Grizzlies,0022400128,2024-10-31T00:00:00,MEM vs. MIL,W,11.671666666666667,9.3,9.3,1.0,0.0,0.0,0.0,3.1,3.1,1.0,0.0,6.2,6.2,6.2,0.0,0.0,0.0,0.0,3.1,3.1,21.6,55.5,38.2,0,0,33.9,1,1,13086,1,21427,4283,18331,1,15070,20945,15070,7586,9760,1,14058,7975,11897,5218,16469,12854,8263,8846,10334,8946,6558,431,8863,2246,150,10904,1,11:40
2024-25,1627752,Taurean Prince,Taurean,1610612749,MIL,Milwaukee Bucks,0022400128,2024-10-31T00:00:00,MIL @ MEM,L,27.4,2.6,10.5,0.25,1.3,7.9,0.167,0.0,0.0,0.0,0.0,2.6,2.6,3.9,1.3,5.3,0.0,1.3,2.6,0.0,6.6,-28.9,30.1,0,0,25.0,1,13222,1,13222,10016,20228,16200,20233,12807,6650,14236,13505,14344,13505,14058,17878,20589,10100,13742,758,8263,5590,12332,17725,21011,23572,14736,2246,150,17714,1,27:24
2024-25,1626220,Royce O'Neale,Royce,1610612756,PHX,Phoenix Suns,0022400131,2024-10-31T00:00:00,PHX @ LAC,W,28.616666666666667,8.8,10.1,0.875,6.3,7.5,0.833,2.5,2.5,1.0,1.3,7.5,8.8,1.3,0.0,1.3,1.3,0.0,3.8,1.3,26.4,-8.8,46.4,0,0,47.8,1,1,13086,1,9022,5067,16940,1353,1123,7281,1341,9001,11166,1,11429,5409,7014,18805,16469,9730,5860,8846,7820,16094,3473,17335,4569,2246,150,3222,1,28:37
2024-25,1629640,Keldon Johnson,Keldon,1610612759,SAS,San Antonio Spurs,0022400130,2024-10-31T00:00:00,SAS @ UTA,W,27.721666666666668,3.9,13.0,0.3,1.3,7.8,0.167,7.8,9.1,0.857,2.6,2.6,5.2,0.0,2.6,1.3,0.0,0.0,2.6,5.2,16.9,7.8,24.4,0,0,26.0,1,1,13086,1,9775,17335,11878,19363,12861,6813,14236,1513,1819,7071,6355,17953,14291,19908,7893,9462,8263,8846,12438,3781,10981,8735,18676,2246,150,16953,1,27:43
2024-25,1627826,Ivica Zubac,Ivica,1610612746,LAC,LA Clippers,0022400131,2024-10-31T00:00:00,LAC vs. PHX,L,35.53333333333333,9.1,10.1,0.9,0.0,0.0,0.0,4.1,5.1,0.8,5.1,7.1,12.2,1.0,2.0,1.0,0.0,0.0,1.0,5.1,22.3,-11.1,39.4,1,0,37.5,1,13222,1,13222,3044,4499,16860,1303,15070,20945,15070,5602,5803,7681,2309,6192,3373,19636,10389,11832,8263,8846,19625,3982,6009,18388,8122,1,150,8372,1,35:32
2024-25,1629018,Gary Trent Jr.,Gary,1610612749,MIL,Milwaukee Bucks,0022400128,2024-10-31T00:00:00,MIL @ MEM,L,18.15,7.9,23.8,0.333,0.0,13.9,0.0,2.0,2.0,1.0,0.0,4.0,4.0,0.0,0.0,2.0,0.0,0.0,2.0,2.0,17.9,-45.6,28.6,0,0,25.8,1,13222,1,13222,17469,6779,1121,17395,15070,959,15070,10705,12773,1,14058,13822,17396,19908,16469,6325,8263,8846,15239,13151,9967,25209,15830,2246,150,17080,1,18:09
2024-25,201142,Kevin Durant,Kevin,1610612756,PHX,Phoenix Suns,0022400131,2024-10-31T00:00:00,PHX @ LAC,W,38.68333333333333,6.5,12.1,0.538,1.9,3.7,0.5,1.9,2.8,0.667,0.0,4.7,4.7,3.7,3.7,0.9,1.9,0.9,0.9,3.7,16.8,-1.9,32.6,0,0,32.6,1,1,13086,1,1018,10158,13425,7978,10821,16159,3944,11086,10501,9425,14058,11846,15692,10731,4501,12505,3902,8489,20068,7078,11124,13956,12899,2246,150,11960,1,38:41
2024-25,203994,Jusuf Nurkić,Jusuf,1610612756,PHX,Phoenix Suns,0022400131,2024-10-31T00:00:00,PHX @ LAC,W,23.083333333333332,4.7,9.4,0.5,1.6,3.1,0.5,6.2,6.2,1.0,0.0,4.7,4.7,3.1,4.7,0.0,0.0,1.6,3.1,4.7,17.2,17.2,22.8,0,0,26.5,1,1,13086,1,13647,15289,18185,8526,11830,17424,3944,2645,4191,1,14058,11773,15620,12563,2748,12854,8263,4556,10201,4762,10674,4852,19707,2246,150,16533,1,23:05
2024-25,1626153,Delon Wright,Delon,1610612749,MIL,Milwaukee Bucks,0022400128,2024-10-31T00:00:00,MIL @ MEM,L,20.7,5.2,7.0,0.75,3.5,3.5,1.0,0.0,0.0,0.0,0.0,1.7,1.7,3.5,0.0,0.0,1.7,0.0,3.5,1.7,13.9,17.4,26.4,0,0,26.1,1,13222,1,13222,15489,13767,21612,2107,5197,16693,1,13505,14344,13505,14058,20385,22249,11456,16469,12854,4195,8846,8805,14150,14033,4775,17330,2246,150,16874,1,20:42
2024-25,1630224,Jalen Green,Jalen,1610612745,HOU,Houston Rockets,0022400129,2024-10-31T00:00:00,HOU @ DAL,W,36.31666666666667,8.9,20.8,0.429,3.0,7.9,0.375,2.0,3.0,0.667,0.0,11.9,11.9,4.0,5.0,1.0,1.0,2.0,4.0,3.0,22.8,11.9,44.0,1,0,45.6,1,1,13086,1,2458,4856,2447,13735,6614,6572,8800,10709,10040,9425,14058,1417,3588,10026,2397,12029,7531,3283,7237,9350,5631,6836,5667,1,150,3978,1,36:19
2024-25,1631106,Tari Eason,Tari,1610612745,HOU,Houston Rockets,0022400129,2024-10-31T00:00:00,HOU @ DAL,W,18.7,11.6,19.3,0.6,1.9,3.9,0.5,3.9,5.8,0.667,3.9,3.9,7.7,3.9,0.0,0.0,1.9,0.0,1.9,3.9,28.9,23.1,49.7,0,0,46.2,1,1,13086,1,17035,1837,3546,5394,10525,15898,3944,5977,4781,9425,3807,14181,8802,10367,16469,12854,3692,8846,15547,6704,2459,3241,3366,2246,150,3741,1,18:42
2024-25,1631222,Jake LaRavia,Jake,1610612763,MEM,Memphis Grizzlies,0022400128,2024-10-31T00:00:00,MEM vs. MIL,W,32.71666666666667,3.3,6.6,0.5,1.1,3.3,0.333,4.4,6.6,0.667,1.1,9.9,11.0,3.3,1.1,2.2,0.0,1.1,4.4,4.4,12.1,33.0,35.8,1,0,31.9,1,1,13086,1,5388,18752,22013,8526,13942,17069,9209,4988,3767,9425,12464,2653,4405,11973,15130,5388,8263,7041,6015,5342,16033,1623,10531,1,150,12449,1,32:43
2024-25,1629012,Collin Sexton,Collin,1610612762,UTA,Utah Jazz,0022400130,2024-10-31T00:00:00,UTA vs. SAS,L,24.716666666666665,7.3,16.0,0.455,0.0,0.0,0.0,8.7,8.7,1.0,0.0,4.4,4.4,4.4,1.5,2.9,0.0,1.5,7.3,5.8,23.3,-1.5,42.4,0,0,37.9,1,13222,1,13222,12256,8255,7085,12676,15070,20945,15070,1096,2025,1,14058,12604,16359,8963,12974,3372,8263,4955,1781,2856,5289,13781,6435,2246,150,8116,1,24:43
2024-25,1626164,Devin Booker,Devin,1610612756,PHX,Phoenix Suns,0022400131,2024-10-31T00:00:00,PHX @ LAC,W,37.778333333333336,10.5,17.2,0.611,4.8,8.6,0.556,12.4,14.3,0.867,1.0,3.8,4.8,7.6,1.9,2.9,0.0,0.0,1.0,10.5,38.1,19.1,61.9,0,0,61.0,1,1,13086,1,1526,2736,5631,5351,2613,5450,3747,307,415,7066,13620,14285,15390,3257,11010,3522,8263,8846,19951,339,600,4242,971,2246,150,734,1,37:47
2024-25,1641705,Victor Wembanyama,Victor,1610612759,SAS,San Antonio Spurs,0022400130,2024-10-31T00:00:00,SAS @ UTA,W,33.555,9.7,21.5,0.45,4.3,13.9,0.308,3.2,3.2,1.0,2.1,7.5,9.7,7.5,3.2,5.4,5.4,1.1,3.2,4.3,26.8,46.1,78.6,0,0,69.7,1,1,13086,1,4682,3653,2062,12982,3406,941,11292,7284,9483,1,7775,5482,5863,3388,5770,706,424,7285,9790,5612,3289,660,226,2246,150,328,1,33:33
2024-25,1629630,Ja Morant,Ja,1610612763,MEM,Memphis Grizzlies,0022400128,2024-10-31T00:00:00,MEM vs. MIL,W,28.911666666666665,11.2,19.9,0.563,2.5,6.2,0.4,7.5,8.7,0.857,1.2,11.2,12.5,17.4,3.7,1.2,0.0,1.2,0.0,6.2,32.4,36.1,73.5,1,1,67.2,1,1,13086,1,8755,2088,3023,7127,8180,10138,7874,1683,2042,7071,11508,1800,3156,154,4472,9831,8263,5963,20257,2353,1446,1277,323,1,1,392,1,28:55
2024-25,203507,Giannis Antetokounmpo,Giannis,1610612749,MIL,Milwaukee Bucks,0022400128,2024-10-31T00:00:00,MIL @ MEM,L,33.516666666666666,18.3,23.6,0.773,0.0,0.0,0.0,3.2,8.6,0.375,1.1,10.7,11.8,4.3,1.1,1.1,1.1,0.0,4.3,8.6,39.7,0.0,65.7,1,0,60.1,1,13222,1,13222,4717,204,1178,2077,15070,20945,15070,7272,2129,13124,12682,2055,3647,9132,15308,11241,6948,8846,6296,787,467,12240,651,1,150,817,1,33:31
2024-25,1641715,Cam Whitmore,Cam,1610612745,HOU,Houston Rockets,0022400129,2024-10-31T00:00:00,HOU @ DAL,W,7.516666666666667,9.6,28.7,0.333,4.8,9.6,0.5,4.8,9.6,0.5,4.8,0.0,4.8,4.8,4.8,0.0,0.0,4.8,4.8,4.8,28.7,-4.8,36.9,0,0,43.1,1,1,13086,1,22990,3760,345,17395,2578,4004,3944,4359,1553,10625,2578,22137,15322,7944,2596,12854,8263,411,5083,4521,2510,15466,9783,2246,150,5085,1,7:31
2024-25,1631157,Ryan Rollins,Ryan,1610612749,MIL,Milwaukee Bucks,0022400128,2024-10-31T00:00:00,MIL @ MEM,L,4.733333333333333,7.6,15.2,0.5,7.6,15.2,0.5,7.6,15.2,0.5,0.0,0.0,0.0,7.6,7.6,0.0,7.6,0.0,0.0,15.2,30.4,-7.6,57.0,0,0,60.8,1,13222,1,13222,24123,7499,8230,8526,552,646,3944,1605,335,10625,14058,22137,23286,3277,674,12854,159,8846,20257,93,1945,16784,1628,2246,150,743,1,4:44
2024-25,201935,James Harden,James,1610612746,LAC,LA Clippers,0022400131,2024-10-31T00:00:00,LAC vs. PHX,L,35.68333333333333,8.1,19.2,0.421,3.0,10.1,0.3,6.1,7.1,0.857,0.0,10.1,10.1,13.1,6.1,2.0,2.0,0.0,2.0,7.1,25.2,-2.0,63.1,1,1,59.5,1,13222,1,13222,2917,6484,3614,14442,6416,3394,11319,2814,3305,7071,14058,2510,5338,507,1349,6169,3430,8846,15043,1612,4104,14055,870,1,1,870,1,35:41
2024-25,1631321,Sidy Cissoko,Sidy,1610612759,SAS,San Antonio Spurs,0022400130,2024-10-31T00:00:00,SAS @ UTA,W,0.445,0.0,0.0,0.0,0.0,0.0,0.0,0.0,0.0,0.0,0.0,0.0,0.0,80.9,0.0,0.0,0.0,0.0,80.9,0.0,0.0,80.9,121.3,0,0,80.9,1,1,13086,1,26215,22635,24836,22635,15070,20945,15070,13505,14344,13505,14058,22137,23286,2,16469,12854,8263,8846,8,17725,23200,150,33,2246,150,149,1,0:27
2024-25,1628380,Zach Collins,Zach,1610612759,SAS,San Antonio Spurs,0022400130,2024-10-31T00:00:00,SAS @ UTA,W,11.166666666666666,0.0,9.7,0.0,0.0,3.2,0.0,0.0,0.0,0.0,3.2,3.2,6.4,0.0,3.2,0.0,0.0,6.4,3.2,0.0,0.0,-67.7,4.5,0,0,6.4,1,1,13086,1,21639,22635,17625,22635,15070,17224,15070,13505,14344,13505,4895,16009,11281,19908,5742,12854,8263,190,9761,17725,23200,25845,25046,2246,150,24952,1,11:10
2024-25,1626145,Tyus Jones,Tyus,1610612756,PHX,Phoenix Suns,0022400131,2024-10-31T00:00:00,PHX @ LAC,W,33.178333333333335,3.3,8.7,0.375,1.1,4.3,0.25,0.0,0.0,0.0,0.0,3.3,3.3,11.9,1.1,0.0,0.0,1.1,3.3,1.1,7.6,13.0,28.3,0,0,23.9,1,1,13086,1,5006,18874,19221,16299,14038,14822,11902,13505,14344,13505,14058,15922,19096,734,15239,12854,8263,7188,9634,16977,20250,6387,15976,2246,150,18421,1,33:11
2024-25,1629611,Terance Mann,Terance,1610612746,LAC,LA Clippers,0022400131,2024-10-31T00:00:00,LAC vs. PHX,L,31.183333333333334,4.6,9.2,0.5,0.0,2.3,0.0,0.0,0.0,0.0,3.5,1.2,4.6,2.3,0.0,1.2,0.0,0.0,3.5,0.0,9.2,0.0,21.7,0,0,18.5,1,13222,1,13222,6717,15443,18353,8526,15070,18964,15070,13505,14344,13505,4428,21618,15778,15200,16469,10546,8263,8846,8858,17725,18871,12240,20319,2246,150,21642,1,31:11
2024-25,1628415,Dillon Brooks,Dillon,1610612745,HOU,Houston Rockets,0022400129,2024-10-31T00:00:00,HOU @ DAL,W,40.9,5.3,13.2,0.4,1.8,7.9,0.222,2.6,3.5,0.75,0.9,2.6,3.5,1.8,0.0,0.0,0.9,0.0,0.9,4.4,15.0,6.2,24.5,0,0,23.8,1,1,13086,1,387,13588,11474,14933,11225,6583,13288,8713,8849,8186,13953,17848,18505,17196,16469,12854,8141,8846,20182,5345,12945,9542,18640,2246,150,18484,1,40:54
2024-25,1630548,Johnny Juzang,Johnny,1610612762,UTA,Utah Jazz,0022400130,2024-10-31T00:00:00,UTA vs. SAS,L,13.316666666666666,0.0,5.4,0.0,0.0,2.7,0.0,0.0,0.0,0.0,0.0,5.4,5.4,0.0,2.7,0.0,0.0,0.0,2.7,0.0,0.0,-40.6,3.8,0,0,5.4,1,13222,1,13222,20588,22635,23173,22635,15070,18258,15070,13505,14344,13505,14058,9769,13798,19908,7522,12854,8263,8846,12028,17725,23200,24886,25091,2246,150,25067,1,13:19
2024-25,1629656,Quentin Grimes,Quentin,1610612742,DAL,Dallas Mavericks,0022400129,2024-10-31T00:00:00,DAL vs. HOU,L,10.186666666666667,0.0,3.5,0.0,0.0,3.5,0.0,3.5,10.6,0.333,0.0,3.5,3.5,0.0,0.0,0.0,0.0,0.0,7.1,3.5,3.5,-10.6,7.8,0,0,7.1,1,13222,1,13222,22037,22635,24295,22635,15070,16580,15070,6634,1153,13132,14058,15131,18478,19908,16469,12854,8263,8846,1930,7576,22761,18147,24724,2246,150,24885,1,10:11
2024-25,203903,Jordan Clarkson,Jordan,1610612762,UTA,Utah Jazz,0022400130,2024-10-31T00:00:00,UTA vs. SAS,L,21.116666666666667,1.7,10.2,0.167,0.0,6.8,0.0,1.7,3.4,0.5,0.0,5.1,5.1,1.7,5.1,3.4,0.0,0.0,1.7,1.7,5.1,-35.8,18.9,0,0,18.8,1,13222,1,13222,15206,21894,16686,21938,15070,8858,15070,11401,9069,10625,14058,10520,14479,17353,2208,2362,8263,8846,16520,14250,21949,24505,21681,2246,150,21508,1,21:07
2024-25,203915,Spencer Dinwiddie,Spencer,1610612742,DAL,Dallas Mavericks,0022400129,2024-10-31T00:00:00,DAL vs. HOU,L,12.25,0.0,14.7,0.0,0.0,8.8,0.0,11.8,11.8,1.0,0.0,2.9,2.9,8.8,0.0,0.0,0.0,0.0,0.0,8.8,11.8,-38.2,28.5,0,0,23.5,1,13222,1,13222,21122,22635,9056,22635,15070,5081,15070,369,819,1,14058,16940,19890,2171,16469,12854,8263,8846,20257,713,16392,24718,15874,2246,150,18665,1,12:15
2024-25,203084,Harrison Barnes,Harrison,1610612759,SAS,San Antonio Spurs,0022400130,2024-10-31T00:00:00,SAS @ UTA,W,24.366666666666667,3.0,8.9,0.333,0.0,4.4,0.0,5.9,5.9,1.0,0.0,3.0,3.0,0.0,0.0,0.0,1.5,0.0,0.0,4.4,11.8,19.2,19.8,0,0,17.7,1,1,13086,1,12590,19520,18915,17395,15070,14615,15070,2954,4598,1,14058,16877,19841,19908,16469,12854,4929,8846,20257,5278,16324,4201,21259,2246,150,21978,1,24:22
2024-25,1630230,Naji Marshall,Naji,1610612742,DAL,Dallas Mavericks,0022400129,2024-10-31T00:00:00,DAL vs. HOU,L,21.633333333333333,3.3,5.0,0.667,0.0,1.7,0.0,0.0,0.0,0.0,0.0,3.3,3.3,5.0,1.7,0.0,1.7,0.0,3.3,0.0,6.7,15.0,21.5,0,0,18.3,1,13222,1,13222,14814,18684,23468,3281,15070,20088,15070,13505,14344,13505,14058,15699,18919,7482,12069,12854,4386,8846,9341,17725,20956,5635,20430,2246,150,21710,1,21:38
2024-25,1642345,Oso Ighodaro,Oso,1610612756,PHX,Phoenix Suns,0022400131,2024-10-31T00:00:00,PHX @ LAC,W,4.586666666666667,7.8,7.8,1.0,0.0,0.0,0.0,0.0,0.0,0.0,7.8,0.0,7.8,0.0,0.0,0.0,0.0,0.0,7.8,0.0,15.7,-23.5,25.1,0,0,23.5,1,1,13086,1,24182,6962,20479,1,15070,20945,15070,13505,14344,13505,831,22137,8548,19908,16469,12854,8263,8846,1430,17725,12226,22467,18205,2246,150,18645,1,4:35
2024-25,1629726,Garrison Mathews,Garrison,1610612737,ATL,Atlanta Hawks,0022400121,2024-10-30T00:00:00,ATL @ WAS,L,23.17,3.1,7.8,0.4,3.1,6.2,0.5,0.0,0.0,0.0,0.0,1.6,1.6,3.1,0.0,3.1,0.0,0.0,6.2,0.0,9.3,-9.3,25.2,0,0,23.3,1,13222,1,13222,13581,19185,20568,14933,6203,10165,3944,13505,14344,13505,14058,20765,22498,12589,16469,2923,8263,8846,2695,17725,18793,17592,18157,2246,150,18798,1,23:10
2024-25,1641775,Jordan Walsh,Jordan,1610612738,BOS,Boston Celtics,0022400119,2024-10-30T00:00:00,BOS @ IND,L,7.968333333333334,0.0,0.0,0.0,0.0,0.0,0.0,0.0,0.0,0.0,0.0,4.5,4.5,0.0,0.0,0.0,0.0,0.0,4.5,0.0,0.0,27.1,5.4,0,0,4.5,1,13222,1,13222,22820,22635,24836,22635,15070,20945,15070,13505,14344,13505,14058,12219,16010,19908,16469,12854,8263,8846,5739,17725,23200,2411,24970,2246,150,25146,1,7:58
2024-25,1631222,Jake LaRavia,Jake,1610612763,MEM,Memphis Grizzlies,0022400124,2024-10-30T00:00:00,MEM vs. BKN,L,25.633333333333333,1.4,14.0,0.1,0.0,2.8,0.0,1.4,2.8,0.5,7.0,2.8,9.8,7.0,2.8,0.0,1.4,0.0,4.2,4.2,4.2,-1.4,27.9,0,0,23.9,1,13222,1,13222,11458,22290,10102,22561,15070,18041,15070,12009,10467,10625,1140,17369,5629,3992,7181,12854,5216,8846,6517,5804,22457,13757,16270,2246,150,18416,1,25:38
2024-25,201569,Eric Gordon,Eric,1610612755,PHI,Philadelphia 76ers,0022400120,2024-10-30T00:00:00,PHI vs. DET,L,16.066666666666666,2.2,6.7,0.333,0.0,4.5,0.0,2.2,2.2,1.0,0.0,0.0,0.0,2.2,0.0,0.0,0.0,0.0,2.2,2.2,6.7,-31.4,10.1,0,0,9.0,1,13222,1,13222,18879,20964,21868,17395,15070,14488,15070,9804,11964,1,14058,22137,23286,15473,16469,12854,8263,8846,13922,11982,20905,23943,24401,2246,150,24617,1,16:04
2024-25,1631105,Jalen Duren,Jalen,1610612765,DET,Detroit Pistons,0022400120,2024-10-30T00:00:00,DET @ PHI,W,10.716666666666667,0.0,0.0,0.0,0.0,0.0,0.0,0.0,6.7,0.0,10.1,10.1,20.2,3.4,6.7,0.0,0.0,0.0,20.2,6.7,0.0,-13.4,22.5,0,0,23.5,1,1,13086,1,21837,22635,24836,22635,15070,20945,15070,13505,3640,13505,395,2519,507,11792,1015,12854,8263,8846,118,1885,23200,19285,19868,2246,150,18663,1,10:43
2024-25,203914,Gary Harris,Gary,1610612753,ORL,Orlando Magic,0022400123,2024-10-30T00:00:00,ORL @ CHI,L,18.378333333333334,0.0,5.9,0.0,0.0,3.9,0.0,0.0,0.0,0.0,2.0,2.0,3.9,2.0,0.0,0.0,0.0,0.0,0.0,0.0,0.0,11.8,7.6,0,0,5.9,1,13222,1,13222,17298,22635,22736,22635,15070,15742,15070,13505,14344,13505,8581,19798,17524,16528,16469,12854,8263,8846,20257,17725,23200,6909,24739,2246,150,25013,1,18:23
2024-25,1641717,Cason Wallace,Cason,1610612760,OKC,Oklahoma City Thunder,0022400125,2024-10-30T00:00:00,OKC vs. SAS,W,29.133333333333333,4.9,11.1,0.444,1.2,3.7,0.333,0.0,0.0,0.0,1.2,0.0,1.2,2.5,1.2,2.5,1.2,1.2,3.7,0.0,11.1,9.9,26.2,0,0,23.5,1,1,13086,1,8558,14570,15157,13045,13171,16199,9209,13505,14344,13505,11567,22137,22897,14644,14196,4465,5965,6018,8053,17725,17062,7742,17480,2246,150,18680,1,29:08
2024-25,1630241,Sam Merrill,Sam,1610612739,CLE,Cleveland Cavaliers,0022400118,2024-10-30T00:00:00,CLE vs. LAL,W,21.266666666666666,1.7,6.8,0.25,1.7,6.8,0.25,0.0,0.0,0.0,0.0,0.0,0.0,5.1,0.0,3.4,0.0,0.0,3.4,0.0,5.1,42.3,22.9,0,0,18.6,1,1,13086,1,15095,21910,21808,20233,11421,8956,11902,13505,14344,13505,14058,22137,23286,7295,16469,2409,8263,8846,9130,17725,21968,818,19647,2246,150,21566,1,21:16
2024-25,1642264,Stephon Castle,Stephon,1610612759,SAS,San Antonio Spurs,0022400125,2024-10-30T00:00:00,SAS @ OKC,L,20.166666666666668,0.0,8.9,0.0,0.0,5.4,0.0,0.0,0.0,0.0,0.0,3.6,3.6,1.8,0.0,0.0,1.8,0.0,0.0,0.0,0.0,-7.1,12.3,0,0,8.9,1,13222,1,13222,15891,22635,18836,22635,15070,12316,15070,13505,14344,13505,14058,15025,18399,17134,16469,12854,4092,8846,20257,17725,23200,16577,23943,2246,150,24624,1,20:10
2024-25,1631217,Moussa Diabaté,Moussa,1610612766,CHA,Charlotte Hornets,0022400117,2024-10-30T00:00:00,CHA vs. TOR,W,9.433333333333334,0.0,0.0,0.0,0.0,0.0,0.0,0.0,0.0,0.0,3.8,11.4,15.3,3.8,0.0,0.0,0.0,0.0,3.8,0.0,0.0,87.8,24.0,0,0,19.1,1,1,13086,1,22299,22635,24836,22635,15070,20945,15070,13505,14344,13505,3859,1669,1660,10458,16469,12854,8263,8846,7682,17725,23200,119,18919,2246,150,21358,1,9:26
2024-25,201950,Jrue Holiday,Jrue,1610612738,BOS,Boston Celtics,0022400119,2024-10-30T00:00:00,BOS @ IND,L,24.666666666666668,4.4,13.1,0.333,1.5,4.4,0.333,1.5,2.9,0.5,1.5,2.9,4.4,5.8,4.4,0.0,0.0,0.0,2.9,2.9,11.7,-27.7,21.3,0,0,23.4,1,13222,1,13222,12303,16128,11608,17395,12213,14738,9209,11879,10176,10625,10490,17017,16342,5776,3178,12854,8263,8846,11095,9526,16488,23380,20530,2246,150,18766,1,24:40
2024-25,1630214,Xavier Tillman,Xavier,1610612738,BOS,Boston Celtics,0022400119,2024-10-30T00:00:00,BOS @ IND,L,7.633333333333334,0.0,14.1,0.0,0.0,4.7,0.0,0.0,0.0,0.0,4.7,4.7,9.4,0.0,0.0,4.7,0.0,4.7,0.0,0.0,0.0,9.4,25.5,0,0,18.9,1,13222,1,13222,22940,22635,9929,22635,15070,13916,15070,13505,14344,13505,2655,11660,6139,19908,16469,1071,8263,435,20257,17725,23200,7972,17954,2246,150,21448,1,7:38
2024-25,1631133,Jabari Walker,Jabari,1610612757,POR,Portland Trail Blazers,0022400127,2024-10-30T00:00:00,POR @ LAC,W,5.716666666666667,0.0,0.0,0.0,0.0,0.0,0.0,0.0,0.0,0.0,0.0,6.3,6.3,0.0,0.0,0.0,0.0,0.0,0.0,6.3,0.0,0.0,7.6,0,0,6.3,1,1,13086,1,23692,22635,24836,22635,15070,20945,15070,13505,14344,13505,14058,7698,11608,19908,16469,12854,8263,8846,20257,2284,23200,12240,24748,2246,150,24971,1,5:43
2024-25,1629629,Cam Reddish,Cam,1610612747,LAL,Los Angeles Lakers,0022400118,2024-10-30T00:00:00,LAL @ CLE,L,9.216666666666667,0.0,3.9,0.0,0.0,0.0,0.0,0.0,0.0,0.0,0.0,3.9,3.9,0.0,3.9,0.0,0.0,0.0,0.0,0.0,0.0,3.9,0.8,0,0,3.9,1,13222,1,13222,22375,22635,24131,22635,15070,20945,15070,13505,14344,13505,14058,14004,17552,19908,4074,12854,8263,8846,20257,17725,23200,10700,25215,2246,150,25193,1,9:13
2024-25,1642419,Jamison Battle,Jamison,1610612761,TOR,Toronto Raptors,0022400117,2024-10-30T00:00:00,TOR @ CHA,L,14.05,0.0,5.1,0.0,0.0,5.1,0.0,0.0,0.0,0.0,0.0,7.7,7.7,0.0,0.0,0.0,0.0,0.0,5.1,5.1,0.0,-48.7,9.2,0,0,7.7,1,13222,1,13222,20169,22635,23375,22635,15070,12889,15070,13505,14344,13505,14058,5178,8819,19908,16469,12854,8263,8846,4332,3885,23200,25350,24539,2246,150,24811,1,14:03
2024-25,1631093,Jaden Ivey,Jaden,1610612765,DET,Detroit Pistons,0022400120,2024-10-30T00:00:00,DET @ PHI,W,36.7,8.8,16.7,0.529,2.9,6.9,0.429,2.0,2.0,1.0,0.0,2.9,2.9,2.9,3.9,2.0,0.0,1.0,2.9,2.9,22.6,2.9,32.5,0,0,35.3,1,1,13086,1,2195,5009,6211,8281,6717,8741,7394,10774,12831,1,14058,16921,19878,13124,4032,6440,8263,8088,10967,9452,5816,11152,12968,2246,150,9867,1,36:42
2024-25,1629130,Duncan Robinson,Duncan,1610612748,MIA,Miami Heat,0022400122,2024-10-30T00:00:00,MIA vs. NYK,L,13.9,5.2,18.1,0.286,2.6,12.9,0.2,0.0,0.0,0.0,0.0,5.2,5.2,0.0,2.6,0.0,0.0,0.0,0.0,0.0,12.9,0.0,16.6,0,0,20.7,1,13222,1,13222,20244,13867,4533,19630,7858,1324,13429,13505,14344,13505,14058,10331,14314,19908,7916,12854,8263,8846,20257,17725,15142,12240,22630,2246,150,20453,1,13:54
2024-25,1629632,Coby White,Coby,1610612741,CHI,Chicago Bulls,0022400123,2024-10-30T00:00:00,CHI vs. ORL,W,37.37166666666667,7.7,15.4,0.5,3.9,9.6,0.4,1.0,1.9,0.5,0.0,1.9,1.9,2.9,1.9,1.0,0.0,0.0,1.9,2.9,20.2,-1.9,27.8,0,0,30.8,1,1,13086,1,1757,7262,7951,8526,4310,3935,7874,13339,12916,10625,14058,19900,21953,13312,10922,12252,8263,8846,15545,9622,7712,13999,16341,2246,150,13313,1,37:22
2024-25,1628470,Torrey Craig,Torrey,1610612741,CHI,Chicago Bulls,0022400123,2024-10-30T00:00:00,CHI vs. ORL,W,3.433333333333333,0.0,10.5,0.0,0.0,10.5,0.0,0.0,0.0,0.0,0.0,21.0,21.0,0.0,0.0,0.0,0.0,0.0,10.5,0.0,0.0,21.0,25.2,0,0,21.0,1,1,13086,1,24743,22635,16237,22635,15070,2986,15070,13505,14344,13505,14058,142,421,19908,16469,12854,8263,8846,611,17725,23200,3699,18163,2246,150,20292,1,3:26
2024-25,1631223,David Roddy,David,1610612737,ATL,Atlanta Hawks,0022400121,2024-10-30T00:00:00,ATL @ WAS,L,31.766666666666666,5.7,11.3,0.5,1.1,4.5,0.25,6.8,6.8,1.0,0.0,4.5,4.5,1.1,4.5,2.3,0.0,0.0,4.5,4.5,19.3,-10.2,28.7,0,0,30.6,1,13222,1,13222,6187,12520,14773,8526,13746,14352,11902,2159,3566,1,14058,12169,15964,19250,2948,5157,8263,8846,5701,5066,8584,17976,15745,2246,150,13483,1,31:46
2024-25,1630527,Brandon Boston,Brandon,1610612740,NOP,New Orleans Pelicans,0022400126,2024-10-30T00:00:00,NOP @ GSW,L,10.25,0.0,10.5,0.0,0.0,3.5,0.0,3.5,7.0,0.5,0.0,10.5,10.5,7.0,3.5,7.0,0.0,0.0,0.0,3.5,3.5,21.1,44.3,0,0,35.1,1,13222,1,13222,22011,22635,16151,22635,15070,16633,15070,6679,3337,10625,14058,2199,4875,3989,4984,293,8263,8846,20257,7625,22768,3680,5537,2246,150,10010,1,10:15
2024-25,1630245,Ayo Dosunmu,Ayo,1610612741,CHI,Chicago Bulls,0022400123,2024-10-30T00:00:00,CHI vs. ORL,W,29.141666666666666,7.4,9.9,0.75,0.0,1.2,0.0,0.0,1.2,0.0,0.0,4.9,4.9,4.9,0.0,0.0,1.2,1.2,1.2,1.2,14.8,0.0,31.9,0,0,27.2,1,1,13086,1,8554,7987,17281,2107,15070,20574,15070,13505,13834,13505,14058,11052,14950,7594,16469,12854,5968,6024,18352,16206,13089,12240,13424,2246,150,16037,1,29:09
2024-25,1627742,Brandon Ingram,Brandon,1610612740,NOP,New Orleans Pelicans,0022400126,2024-10-30T00:00:00,NOP @ GSW,L,32.36666666666667,5.6,12.2,0.455,2.2,6.7,0.333,2.2,2.2,1.0,1.1,4.4,5.6,6.7,2.2,0.0,0.0,2.2,2.2,5.6,15.6,-16.7,30.0,0,0,30.0,1,13222,1,13222,5670,12816,13207,12676,9141,9157,9209,9851,12008,1,12376,12405,13393,4465,9405,12854,8263,2592,13985,3248,12351,20507,14770,2246,150,13921,1,32:22
2024-25,1641744,Zach Edey,Zach,1610612763,MEM,Memphis Grizzlies,0022400124,2024-10-30T00:00:00,MEM vs. BKN,L,18.428333333333335,11.7,17.6,0.667,0.0,0.0,0.0,2.0,3.9,0.5,3.9,0.0,3.9,2.0,2.0,2.0,0.0,0.0,3.9,3.9,25.4,-11.7,36.9,0,0,35.2,1,13222,1,13222,17262,1712,5154,3281,15070,20945,15070,10795,8028,10625,3713,22137,17551,16547,10764,6485,8263,8846,7422,6543,4001,18632,9757,2246,150,9978,1,18:26
2024-25,1630595,Cade Cunningham,Cade,1610612765,DET,Detroit Pistons,0022400120,2024-10-30T00:00:00,DET @ PHI,W,36.596666666666664,5.9,14.8,0.4,3.9,7.9,0.5,5.9,5.9,1.0,1.0,3.9,4.9,6.9,4.9,1.0,1.0,0.0,2.0,3.9,21.6,11.8,38.9,0,0,41.3,1,1,13086,1,2285,11800,8978,14933,4124,6671,3944,2959,4604,1,13387,13928,15014,4157,2442,12087,7581,8846,15313,6473,6511,6880,8505,2246,150,6017,1,36:36
2024-25,1629014,Anfernee Simons,Anfernee,1610612757,POR,Portland Trail Blazers,0022400127,2024-10-30T00:00:00,POR @ LAC,W,36.28333333333333,9.9,23.8,0.417,3.0,8.9,0.333,2.0,2.0,1.0,0.0,2.0,2.0,6.0,1.0,0.0,0.0,3.0,0.0,2.0,24.8,2.0,35.1,0,0,35.7,1,1,13086,1,2476,3299,1118,14532,6601,4923,9209,10703,12770,1,14058,19715,21829,5583,15903,12854,8263,1367,20257,13149,4308,11631,10979,2246,150,9561,1,36:17
2024-25,1627741,Buddy Hield,Buddy,1610612744,GSW,Golden State Warriors,0022400126,2024-10-30T00:00:00,GSW vs. NOP,W,29.0,9.9,23.6,0.421,5.0,14.9,0.333,1.2,1.2,1.0,2.5,0.0,2.5,3.7,0.0,1.2,1.2,1.2,1.2,0.0,26.1,0.0,42.1,0,0,42.2,1,1,13086,1,8672,3291,1202,14442,2322,718,9209,12471,13822,1,6665,22137,20844,10727,16469,9857,5940,5989,18322,17725,3648,12240,6573,2246,150,5545,1,29:00
2024-25,203897,Zach LaVine,Zach,1610612741,CHI,Chicago Bulls,0022400123,2024-10-30T00:00:00,CHI vs. ORL,W,35.62166666666667,2.0,9.1,0.222,1.0,4.0,0.25,6.1,8.1,0.75,0.0,10.1,10.1,3.0,4.0,1.0,0.0,1.0,2.0,5.1,11.1,10.1,26.8,1,0,27.3,1,1,13086,1,2971,21368,18570,21205,14486,15494,11902,2804,2458,8186,14058,2495,5320,12826,3796,11856,8263,7825,15021,4010,17065,7648,17099,1,150,15962,1,35:37
2024-25,1631200,Kris Murray,Kris,1610612757,POR,Portland Trail Blazers,0022400127,2024-10-30T00:00:00,POR @ LAC,W,18.75,3.8,7.7,0.5,1.9,3.8,0.5,0.0,0.0,0.0,5.8,9.6,15.4,3.8,1.9,3.8,1.9,0.0,1.9,0.0,9.6,26.9,49.2,0,0,42.2,1,1,13086,1,17005,17475,20677,8526,10549,15915,3944,13505,14344,13505,1768,2915,1624,10393,10944,1802,3706,8846,15572,17725,18545,2451,3560,2246,150,5529,1,18:45
2024-25,1641764,Brandin Podziemski,Brandin,1610612744,GSW,Golden State Warriors,0022400126,2024-10-30T00:00:00,GSW vs. NOP,W,38.1,4.7,14.2,0.333,1.9,6.6,0.286,0.9,1.9,0.5,1.9,5.7,7.6,6.6,3.8,0.9,0.0,1.9,1.9,2.8,12.3,12.3,30.3,0,0,30.2,1,1,13086,1,1325,15182,9877,17395,10678,9282,11433,13386,13007,10625,8861,9122,9049,4557,4372,12402,8263,3591,15746,9853,15845,6679,14553,2246,150,13765,1,38:06
2024-25,1629614,Andrew Nembhard,Andrew,1610612754,IND,Indiana Pacers,0022400119,2024-10-30T00:00:00,IND vs. BOS,W,5.05,7.1,7.1,1.0,0.0,0.0,0.0,0.0,0.0,0.0,0.0,0.0,0.0,7.1,7.1,7.1,0.0,0.0,0.0,0.0,14.3,21.4,39.2,0,0,35.6,1,1,13086,1,23973,8628,21403,1,15070,20945,15070,13505,14344,13505,14058,22137,23286,3850,839,279,8263,8846,20257,17725,13652,3601,8262,2246,150,9634,1,5:03
2024-25,1628973,Jalen Brunson,Jalen,1610612752,NYK,New York Knicks,0022400122,2024-10-30T00:00:00,NYK @ MIA,W,36.36666666666667,5.9,17.8,0.333,3.0,6.9,0.429,6.9,7.9,0.875,0.0,2.0,2.0,8.9,1.0,0.0,0.0,1.0,0.0,4.9,21.8,4.9,36.5,0,0,35.6,1,1,13086,1,2428,11684,4896,17395,6621,8613,7394,2053,2575,6931,14058,19729,21839,2103,15910,12854,8263,8005,20257,4206,6397,10141,10013,2246,150,9638,1,36:22
2024-25,202699,Tobias Harris,Tobias,1610612765,DET,Detroit Pistons,0022400120,2024-10-30T00:00:00,DET @ PHI,W,35.08,8.2,18.5,0.444,0.0,3.1,0.0,2.1,2.1,1.0,0.0,14.4,14.4,1.0,1.0,0.0,1.0,1.0,5.1,1.0,18.5,5.1,39.3,1,0,35.9,1,1,13086,1,3401,6191,4236,13045,15070,17494,15070,10459,12571,1,14058,683,2066,19600,15665,12854,7302,7699,4316,17289,9344,10037,8195,1,150,9436,1,35:05
2024-25,1630191,Isaiah Stewart,Isaiah,1610612765,DET,Detroit Pistons,0022400120,2024-10-30T00:00:00,DET @ PHI,W,34.48,1.0,3.1,0.333,0.0,0.0,0.0,5.2,5.2,1.0,5.2,6.3,11.5,3.1,1.0,1.0,3.1,2.1,4.2,3.1,7.3,18.8,37.3,0,0,30.3,1,1,13086,1,3874,22604,24448,17395,15070,20945,15070,3747,5569,1,2176,7766,3972,12530,15529,11548,1541,2958,6619,8776,20480,4318,9483,2246,150,13734,1,34:29
2024-25,1641716,Jarace Walker,Jarace,1610612754,IND,Indiana Pacers,0022400119,2024-10-30T00:00:00,IND vs. BOS,W,8.456666666666667,0.0,4.3,0.0,0.0,0.0,0.0,0.0,0.0,0.0,0.0,4.3,4.3,0.0,17.0,8.5,0.0,0.0,8.5,0.0,0.0,-4.3,13.6,0,0,21.3,1,1,13086,1,22642,22635,23957,22635,15070,20945,15070,13505,14344,13505,14058,12948,16656,19908,84,177,8263,8846,1132,17725,23200,15203,23600,2246,150,20107,1,8:27
2024-25,1641711,Gradey Dick,Gradey,1610612761,TOR,Toronto Raptors,0022400117,2024-10-30T00:00:00,TOR @ CHA,L,35.623333333333335,11.1,17.2,0.647,2.0,6.1,0.333,6.1,8.1,0.75,1.0,1.0,2.0,1.0,3.0,3.0,0.0,1.0,6.1,6.1,30.3,12.1,40.3,0,0,41.4,1,13222,1,13222,2970,2172,5598,4571,10062,10534,9209,2805,2459,8186,13174,21953,21759,19648,6349,3083,8263,7826,2862,2540,1976,6741,7557,2246,150,5960,1,35:37
2024-25,1641739,Toumani Camara,Toumani,1610612757,POR,Portland Trail Blazers,0022400127,2024-10-30T00:00:00,POR @ LAC,W,40.20333333333333,4.5,9.0,0.5,1.8,3.6,0.5,0.0,0.0,0.0,0.0,0.9,0.9,0.9,0.9,2.7,0.9,0.0,1.8,2.7,10.7,-6.3,23.0,0,0,21.5,1,1,13086,1,514,15846,18788,8526,11113,16484,3944,13505,14344,13505,14058,22101,23267,19870,16358,3940,8106,8846,16230,10355,17436,16194,19557,2246,150,19980,1,40:12
2024-25,1641737,Adem Bona,Adem,1610612755,PHI,Philadelphia 76ers,0022400120,2024-10-30T00:00:00,PHI vs. DET,L,3.283333333333333,0.0,0.0,0.0,0.0,0.0,0.0,0.0,0.0,0.0,0.0,0.0,0.0,0.0,0.0,0.0,11.0,0.0,0.0,0.0,0.0,76.8,32.9,0,0,21.9,1,13222,1,13222,24848,22635,24836,22635,15070,20945,15070,13505,14344,13505,14058,22137,23286,19908,16469,12854,52,8846,20257,17725,23200,194,12661,2246,150,19712,1,3:17
2024-25,1630558,Davion Mitchell,Davion,1610612761,TOR,Toronto Raptors,0022400117,2024-10-30T00:00:00,TOR @ CHA,L,28.433333333333334,6.3,13.9,0.455,0.0,6.3,0.0,1.3,2.5,0.5,1.3,1.3,2.5,13.9,2.5,0.0,0.0,1.3,5.1,1.3,13.9,-6.3,35.3,1,0,30.4,1,13222,1,13222,9184,10616,10289,12676,15070,9918,15070,12398,11122,10625,11385,21350,20741,400,8109,12854,8263,5834,4461,16052,14018,16216,10854,1,150,13645,1,28:26
2024-25,1629630,Ja Morant,Ja,1610612763,MEM,Memphis Grizzlies,0022400124,2024-10-30T00:00:00,MEM vs. BKN,L,29.138333333333332,6.2,19.8,0.313,1.2,7.4,0.167,3.7,4.9,0.75,2.5,7.4,9.9,13.6,6.2,0.0,0.0,0.0,3.7,4.9,17.3,4.9,43.4,1,0,42.0,1,13222,1,13222,8557,11028,3139,19175,13174,7584,14236,6280,6045,8186,6712,5662,5560,435,1282,12854,8263,8846,8059,4224,10532,10144,5949,1,150,5640,1,29:08
2024-25,1630526,Jeremiah Robinson-Earl,Jeremiah,1610612740,NOP,New Orleans Pelicans,0022400126,2024-10-30T00:00:00,NOP @ GSW,L,22.666666666666668,4.8,6.4,0.75,0.0,1.6,0.0,4.8,4.8,1.0,3.2,4.8,7.9,4.8,1.6,0.0,0.0,0.0,3.2,3.2,14.3,7.9,29.4,0,0,27.0,1,13222,1,13222,13977,15068,22263,2107,15070,20180,15070,4405,6367,1,4991,11532,8392,8006,12390,12854,8263,8846,9965,8641,13615,8665,15226,2246,150,16149,1,22:40
2024-25,1626162,Kelly Oubre Jr.,Kelly,1610612755,PHI,Philadelphia 76ers,0022400120,2024-10-30T00:00:00,PHI vs. DET,L,30.906666666666666,5.8,16.3,0.357,2.3,7.0,0.333,1.2,2.3,0.5,2.3,5.8,8.2,1.2,1.2,0.0,0.0,2.3,2.3,3.5,15.1,-24.5,25.5,0,0,26.8,1,13222,1,13222,6958,12041,6673,17140,8741,8487,9209,12709,11693,10625,7151,8737,8002,19138,14692,12854,8263,2374,13528,7678,12766,22684,17932,2246,150,16332,1,30:54
2024-25,1631288,Jamal Cain,Jamal,1610612740,NOP,New Orleans Pelicans,0022400126,2024-10-30T00:00:00,NOP @ GSW,L,23.866666666666667,4.5,6.0,0.75,0.0,1.5,0.0,1.5,3.0,0.5,1.5,1.5,3.0,1.5,1.5,1.5,1.5,0.0,6.0,1.5,10.6,0.0,24.0,0,0,21.1,1,13222,1,13222,13016,15695,22563,2107,15070,20261,15070,11779,9933,10625,10287,20862,19676,17945,12707,8376,4811,8846,2898,14971,17605,12240,18962,2246,150,20207,1,23:52
2024-25,1629060,Rui Hachimura,Rui,1610612747,LAL,Los Angeles Lakers,0022400118,2024-10-30T00:00:00,LAL @ CLE,L,28.283333333333335,5.1,7.6,0.667,0.0,1.3,0.0,0.0,0.0,0.0,0.0,6.4,6.4,2.5,2.5,1.3,0.0,1.3,1.3,1.3,10.2,-14.0,22.9,0,0,21.6,1,13222,1,13222,9310,14121,20734,3281,15070,20530,15070,13505,14344,13505,14058,7568,11478,14378,8059,9632,8263,5793,18155,16020,17972,19502,19617,2246,150,19872,1,28:17
2024-25,1627827,Dorian Finney-Smith,Dorian,1610612751,BKN,Brooklyn Nets,0022400124,2024-10-30T00:00:00,BKN @ MEM,W,28.098333333333333,3.8,10.2,0.375,1.3,5.1,0.25,0.0,0.0,0.0,1.3,5.1,6.4,5.1,3.8,2.6,0.0,0.0,5.1,0.0,9.0,16.7,28.2,0,0,26.9,1,1,13086,1,9473,17467,16647,16299,12928,12887,11902,13505,14344,13505,11284,10489,11384,7190,4199,4223,8263,8846,4331,17725,19119,5017,16078,2246,150,16221,1,28:06
2024-25,1631094,Paolo Banchero,Paolo,1610612753,ORL,Orlando Magic,0022400123,2024-10-30T00:00:00,ORL @ CHI,L,37.25,11.6,21.3,0.545,1.9,8.7,0.222,4.8,6.8,0.714,0.0,6.8,6.8,3.9,3.9,0.0,0.0,1.0,1.9,5.8,30.0,-3.9,40.0,0,0,42.5,1,13222,1,13222,1834,1811,2181,7695,10490,5274,13288,4290,3597,9244,14058,6760,10608,10322,4161,12854,8263,8212,15500,2902,2099,14984,7754,2246,150,5392,1,37:15
2024-25,202696,Nikola Vučević,Nikola,1610612741,CHI,Chicago Bulls,0022400123,2024-10-30T00:00:00,CHI vs. ORL,W,35.48833333333334,7.1,16.2,0.438,0.0,3.0,0.0,4.1,4.1,1.0,6.1,8.1,14.2,5.1,4.1,1.0,1.0,1.0,4.1,3.0,18.3,6.1,44.9,1,0,41.6,1,1,13086,1,3085,8702,6790,13558,15070,17566,15070,5594,7723,1,1571,4543,2148,7310,3766,11818,7389,7782,6979,9091,9566,9577,5210,1,150,5861,1,35:29
2024-25,1626156,D'Angelo Russell,D'Angelo,1610612747,LAL,Los Angeles Lakers,0022400118,2024-10-30T00:00:00,LAL @ CLE,L,24.133333333333333,3.0,10.4,0.286,0.0,4.5,0.0,9.0,9.0,1.0,1.5,3.0,4.5,7.5,0.0,0.0,0.0,0.0,0.0,7.5,14.9,-11.9,31.5,0,0,26.9,1,13222,1,13222,12774,19465,16315,19630,15070,14509,15070,1020,1899,1,10355,16792,16108,3448,16469,12854,8263,8846,20257,1349,13001,18713,13688,2246,150,16270,1,24:08
2024-25,1630631,Jose Alvarado,Jose,1610612740,NOP,New Orleans Pelicans,0022400126,2024-10-30T00:00:00,NOP @ GSW,L,34.95,6.2,13.4,0.462,4.1,8.2,0.5,0.0,0.0,0.0,1.0,4.1,5.2,4.1,1.0,1.0,2.1,1.0,2.1,1.0,16.5,-18.5,37.1,0,0,36.1,1,13222,1,13222,3500,11019,11163,12428,3739,6015,3944,13505,14344,13505,13029,13351,14399,9609,15632,11673,3319,7665,14812,17277,11407,21079,9643,2246,150,9333,1,34:57
2024-25,1628389,Bam Adebayo,Bam,1610612748,MIA,Miami Heat,0022400122,2024-10-30T00:00:00,MIA vs. NYK,L,32.88333333333333,3.3,7.7,0.429,0.0,2.2,0.0,5.5,6.6,0.833,1.1,2.2,3.3,4.4,1.1,1.1,0.0,0.0,3.3,3.3,12.0,-9.9,24.7,0,0,21.9,1,13222,1,13222,5255,18793,20701,13735,15070,19188,15070,3442,3811,7275,12508,19099,19024,8933,15167,11062,8263,8846,9508,8295,16098,17815,18462,2246,150,19729,1,32:53
2024-25,1641730,Noah Clowney,Noah,1610612751,BKN,Brooklyn Nets,0022400124,2024-10-30T00:00:00,BKN @ MEM,W,13.65,5.3,21.1,0.25,2.6,13.2,0.2,0.0,0.0,0.0,0.0,5.3,5.3,0.0,0.0,0.0,0.0,2.6,13.2,0.0,13.2,-7.9,19.5,0,0,21.1,1,1,13086,1,20388,13612,2282,20233,7717,1210,13429,13505,14344,13505,14058,10087,14106,19908,16469,12854,8263,1824,327,17725,14890,16936,21397,2246,150,20219,1,13:39
2024-25,200768,Kyle Lowry,Kyle,1610612755,PHI,Philadelphia 76ers,0022400120,2024-10-30T00:00:00,PHI vs. DET,L,19.633333333333333,1.8,5.5,0.333,1.8,3.7,0.5,0.0,0.0,0.0,0.0,5.5,5.5,3.7,1.8,3.7,1.8,1.8,3.7,1.8,5.5,-20.2,32.3,0,0,27.5,1,13222,1,13222,16317,21699,23087,17395,10939,16291,3944,13505,14344,13505,14058,9529,13536,10881,11397,2007,3976,3786,8199,13793,21734,21597,13108,2246,150,15789,1,19:38
2024-25,1629028,Deandre Ayton,Deandre,1610612757,POR,Portland Trail Blazers,0022400127,2024-10-30T00:00:00,POR @ LAC,W,33.55,7.5,16.1,0.467,1.1,3.2,0.333,0.0,0.0,0.0,3.2,9.7,12.9,1.1,1.1,1.1,1.1,0.0,2.1,4.3,16.1,-7.5,38.5,1,0,35.4,1,1,13086,1,4683,7741,6977,12249,14113,17231,9209,13505,14344,13505,4902,2862,2889,19438,15318,11249,6962,8846,14377,5610,11822,16741,8697,1,150,9785,1,33:33
2024-25,1642273,Kyshawn George,Kyshawn,1610612764,WAS,Washington Wizards,0022400121,2024-10-30T00:00:00,WAS vs. ATL,W,31.563333333333333,5.7,11.4,0.5,1.1,5.7,0.2,0.0,0.0,0.0,0.0,2.3,2.3,4.6,0.0,3.4,0.0,0.0,4.6,0.0,12.5,25.1,32.4,0,0,27.4,1,1,13086,1,6372,12417,14648,8526,13707,11439,13429,13505,14344,13505,14058,18820,21242,8503,16469,2345,8263,8846,5644,17725,15547,2793,13023,2246,150,15889,1,31:34
2024-25,1642505,Alex Ducas,Alex,1610612760,OKC,Oklahoma City Thunder,0022400125,2024-10-30T00:00:00,OKC vs. SAS,W,1.0,0.0,0.0,0.0,0.0,0.0,0.0,0.0,0.0,0.0,0.0,0.0,0.0,0.0,0.0,0.0,0.0,0.0,0.0,0.0,0.0,-108.0,0.0,0,0,0.0,1,1,13086,1,26058,22635,24836,22635,15070,20945,15070,13505,14344,13505,14058,22137,23286,19908,16469,12854,8263,8846,20257,17725,23200,26185,25228,2246,150,25259,1,1:00
2024-25,1641745,Adam Flagler,Adam,1610612760,OKC,Oklahoma City Thunder,0022400125,2024-10-30T00:00:00,OKC vs. SAS,W,1.0,0.0,0.0,0.0,0.0,0.0,0.0,0.0,0.0,0.0,0.0,0.0,0.0,0.0,0.0,0.0,0.0,0.0,36.0,0.0,0.0,-108.0,0.0,0,0,0.0,1,1,13086,1,26058,22635,24836,22635,15070,20945,15070,13505,14344,13505,14058,22137,23286,19908,16469,12854,8263,8846,24,17725,23200,26185,25228,2246,150,25259,1,1:00
2024-25,1630590,Scotty Pippen Jr.,Scotty,1610612763,MEM,Memphis Grizzlies,0022400124,2024-10-30T00:00:00,MEM vs. BKN,L,20.036666666666665,1.8,7.2,0.25,0.0,3.6,0.0,5.4,5.4,1.0,0.0,0.0,0.0,7.2,5.4,1.8,0.0,1.8,7.2,5.4,9.0,-34.1,19.8,0,0,19.8,1,13222,1,13222,15992,21763,21333,20233,15070,16456,15070,3541,5330,1,14058,22137,23286,3780,1911,7275,8263,3911,1831,3496,19105,24321,21279,2246,150,21002,1,20:02
2024-25,1628983,Shai Gilgeous-Alexander,Shai,1610612760,OKC,Oklahoma City Thunder,0022400125,2024-10-30T00:00:00,OKC vs. SAS,W,27.583333333333332,9.1,26.1,0.35,2.6,13.1,0.2,2.6,2.6,1.0,0.0,5.2,5.2,6.5,1.3,1.3,0.0,0.0,1.3,2.6,23.5,3.9,42.2,0,0,40.5,1,1,13086,1,9888,4472,630,17337,7791,1276,13429,8782,10952,1,14058,10232,14229,4668,13778,9426,8263,8846,18009,10605,5137,10694,6541,2246,150,6515,1,27:35
2024-25,1627936,Alex Caruso,Alex,1610612760,OKC,Oklahoma City Thunder,0022400125,2024-10-30T00:00:00,OKC vs. SAS,W,21.9,0.0,8.2,0.0,0.0,4.9,0.0,0.0,0.0,0.0,0.0,3.3,3.3,3.3,1.6,6.6,0.0,1.6,0.0,0.0,0.0,1.6,27.0,0,0,19.7,1,1,13086,1,14579,22635,19916,22635,15070,13363,15070,13505,14344,13505,14058,15827,19019,12026,12167,358,8263,4317,20257,17725,23200,11813,16980,2246,150,21019,1,21:54
2024-25,1642258,Zaccharie Risacher,Zaccharie,1610612737,ATL,Atlanta Hawks,0022400121,2024-10-30T00:00:00,ATL @ WAS,L,34.78333333333333,7.2,15.5,0.467,2.1,7.2,0.286,1.0,1.0,1.0,3.1,3.1,6.2,2.1,3.1,1.0,2.1,0.0,5.2,1.0,17.6,-4.1,34.4,0,0,34.2,1,13222,1,13222,3627,8349,7792,12249,9817,7947,11433,13127,14164,1,5126,16395,11804,16115,6110,11634,3288,8846,4240,17246,10230,15144,11546,2246,150,10734,1,34:47
2024-25,1631213,Tyrese Martin,Tyrese,1610612751,BKN,Brooklyn Nets,0022400124,2024-10-30T00:00:00,BKN @ MEM,W,1.1166666666666667,0.0,0.0,0.0,0.0,0.0,0.0,0.0,0.0,0.0,0.0,0.0,0.0,0.0,0.0,0.0,0.0,0.0,0.0,0.0,0.0,0.0,0.0,0,0,0.0,1,1,13086,1,26010,22635,24836,22635,15070,20945,15070,13505,14344,13505,14058,22137,23286,19908,16469,12854,8263,8846,20257,17725,23200,12240,25228,2246,150,25259,1,1:07
2024-25,1628401,Derrick White,Derrick,1610612738,BOS,Boston Celtics,0022400119,2024-10-30T00:00:00,BOS @ IND,L,37.098333333333336,7.8,8.7,0.889,4.9,4.9,1.0,1.9,1.9,1.0,1.0,1.9,2.9,1.0,1.9,1.0,1.0,0.0,3.9,1.9,22.3,-6.8,31.1,0,0,34.9,1,13222,1,13222,1932,7140,19127,1318,2490,13558,1,10832,12879,1,13488,19857,19960,19767,10844,12206,7685,8846,7504,13357,5996,16419,13947,2246,150,10146,1,37:06
2024-25,1628969,Mikal Bridges,Mikal,1610612752,NYK,New York Knicks,0022400122,2024-10-30T00:00:00,NYK @ MIA,W,39.861666666666665,5.4,14.4,0.375,3.6,9.9,0.364,0.9,1.8,0.5,0.9,1.8,2.7,5.4,0.9,1.8,1.8,0.9,1.8,0.9,15.4,9.0,36.7,0,0,34.3,1,1,13086,1,594,13220,9434,16299,4895,3575,9100,13451,13185,10625,13897,20227,20431,6593,16342,7222,4047,8648,16153,17659,12568,8166,9909,2246,150,10591,1,39:52
2024-25,1628384,OG Anunoby,OG,1610612752,NYK,New York Knicks,0022400122,2024-10-30T00:00:00,NYK @ MIA,W,36.86666666666667,2.9,5.9,0.5,2.9,5.9,0.5,2.0,2.0,1.0,0.0,2.9,2.9,0.0,2.9,2.0,0.0,0.0,2.0,2.0,10.7,10.7,17.2,0,0,20.5,1,1,13086,1,2081,19580,22750,8526,6762,11051,3944,10796,12851,1,14058,16970,19912,19908,6724,6487,8263,8846,15392,13305,17438,7350,22419,2246,150,20573,1,36:52
2024-25,1641798,Jaylen Martin,Jaylen,1610612751,BKN,Brooklyn Nets,0022400124,2024-10-30T00:00:00,BKN @ MEM,W,1.1166666666666667,0.0,0.0,0.0,0.0,0.0,0.0,0.0,0.0,0.0,0.0,0.0,0.0,0.0,0.0,0.0,0.0,0.0,0.0,0.0,0.0,0.0,0.0,0,0,0.0,1,1,13086,1,26010,22635,24836,22635,15070,20945,15070,13505,14344,13505,14058,22137,23286,19908,16469,12854,8263,8846,20257,17725,23200,12240,25228,2246,150,25259,1,1:07
2024-25,203935,Marcus Smart,Marcus,1610612763,MEM,Memphis Grizzlies,0022400124,2024-10-30T00:00:00,MEM vs. BKN,L,6.288333333333333,0.0,0.0,0.0,0.0,0.0,0.0,0.0,0.0,0.0,0.0,5.7,5.7,5.7,0.0,0.0,0.0,0.0,0.0,5.7,0.0,22.9,15.5,0,0,11.4,1,13222,1,13222,23464,22635,24836,22635,15070,20945,15070,13505,14344,13505,14058,8983,12955,6000,16469,12854,8263,8846,20257,3004,23200,3287,23037,2246,150,24124,1,6:17
2024-25,1630579,Jericho Sims,Jericho,1610612752,NYK,New York Knicks,0022400122,2024-10-30T00:00:00,NYK @ MIA,W,9.228333333333333,3.9,3.9,1.0,0.0,0.0,0.0,0.0,0.0,0.0,3.9,7.8,11.7,0.0,0.0,0.0,0.0,0.0,7.8,0.0,7.8,-23.4,21.8,0,0,19.5,1,1,13086,1,22374,17318,24135,1,15070,20945,15070,13505,14344,13505,3724,5008,3753,19908,16469,12854,8263,8846,1456,17725,20084,22445,20234,2246,150,21142,1,9:14
2024-25,1631097,Bennedict Mathurin,Bennedict,1610612754,IND,Indiana Pacers,0022400119,2024-10-30T00:00:00,IND vs. BOS,W,42.64333333333333,7.6,14.4,0.529,1.7,4.2,0.4,8.4,9.3,0.909,2.5,6.8,9.3,3.4,3.4,0.0,0.0,2.5,1.7,5.1,25.3,2.5,38.2,1,0,39.7,1,1,13086,1,186,7523,9617,8281,11438,15071,7874,1211,1718,6764,6515,6783,6337,11749,5290,12854,8263,1984,16572,3983,4040,11350,8918,1,150,6961,1,42:39
2024-25,1630166,Deni Avdija,Deni,1610612757,POR,Portland Trail Blazers,0022400127,2024-10-30T00:00:00,POR @ LAC,W,29.033333333333335,3.7,9.9,0.375,1.2,3.7,0.333,7.4,7.4,1.0,0.0,12.4,12.4,2.5,2.5,1.2,2.5,0.0,2.5,6.2,16.1,-5.0,43.4,1,0,39.7,1,1,13086,1,8644,17777,17203,16299,13151,16170,9209,1706,2964,1,14058,1191,3195,14616,8332,9865,2414,8846,12877,2392,11794,15564,5931,1,150,6959,1,29:02
2024-25,1631172,Ousmane Dieng,Ousmane,1610612760,OKC,Oklahoma City Thunder,0022400125,2024-10-30T00:00:00,OKC vs. SAS,W,18.583333333333332,3.9,9.7,0.4,1.9,7.7,0.25,0.0,0.0,0.0,1.9,7.7,9.7,5.8,0.0,3.9,0.0,0.0,3.9,0.0,9.7,-1.9,41.7,0,0,34.9,1,1,13086,1,17123,17395,17599,14933,10471,6901,11902,13505,14344,13505,8674,5079,5815,5837,16469,1766,8263,8846,7530,17725,18451,14006,6803,2246,150,10180,1,18:35
2024-25,1641767,Ben Sheppard,Ben,1610612754,IND,Indiana Pacers,0022400119,2024-10-30T00:00:00,IND vs. BOS,W,20.866666666666667,5.2,10.4,0.5,1.7,5.2,0.333,0.0,0.0,0.0,3.5,6.9,10.4,3.5,1.7,1.7,1.7,1.7,0.0,1.7,12.1,-5.2,38.3,0,0,34.5,1,1,13086,1,15383,13876,16460,8526,11328,12758,9209,13505,14344,13505,4452,6528,5056,11550,11817,7527,4235,4079,20257,14193,16065,15685,8830,2246,150,10441,1,20:52
2024-25,1631098,Johnny Davis,Johnny,1610612764,WAS,Washington Wizards,0022400121,2024-10-30T00:00:00,WAS vs. ATL,W,5.8,0.0,0.0,0.0,0.0,0.0,0.0,0.0,0.0,0.0,0.0,0.0,0.0,0.0,0.0,0.0,0.0,0.0,0.0,0.0,0.0,74.5,0.0,0,0,0.0,1,1,13086,1,23670,22635,24836,22635,15070,20945,15070,13505,14344,13505,14058,22137,23286,19908,16469,12854,8263,8846,20257,17725,23200,206,25228,2246,150,25259,1,5:48
2024-25,1630703,Scoot Henderson,Scoot,1610612757,POR,Portland Trail Blazers,0022400127,2024-10-30T00:00:00,POR @ LAC,W,24.083333333333332,7.5,12.0,0.625,3.0,4.5,0.667,3.0,4.5,0.667,0.0,4.5,4.5,9.0,4.5,1.5,0.0,0.0,6.0,4.5,20.9,-4.5,39.8,0,0,40.4,1,1,13086,1,12811,7821,13664,4899,6557,14483,1957,7842,6869,9425,14058,12300,16090,2049,3018,8434,8263,8846,2976,5177,7141,15317,7909,2246,150,6571,1,24:05
2024-25,1630264,Anthony Gill,Anthony,1610612764,WAS,Washington Wizards,0022400121,2024-10-30T00:00:00,WAS vs. ATL,W,0.03333333333333333,0.0,0.0,0.0,0.0,0.0,0.0,0.0,0.0,0.0,0.0,0.0,0.0,0.0,0.0,0.0,0.0,0.0,0.0,0.0,0.0,0.0,0.0,0,0,0.0,1,1,13086,1,26292,22635,24836,22635,15070,20945,15070,13505,14344,13505,14058,22137,23286,19908,16469,12854,8263,8846,20257,17725,23200,12240,25228,2246,150,25259,1,0:02
2024-25,1628976,Wendell Carter Jr.,Wendell,1610612753,ORL,Orlando Magic,0022400123,2024-10-30T00:00:00,ORL @ CHI,L,28.408333333333335,6.3,12.7,0.5,0.0,5.1,0.0,5.1,5.1,1.0,0.0,8.9,8.9,2.5,0.0,1.3,1.3,0.0,5.1,2.5,17.7,-5.1,39.8,0,0,34.2,1,13222,1,13222,9208,10600,12436,8526,15070,13033,15070,3937,5802,1,14058,3640,6923,14427,16469,9677,5814,8846,4453,10861,10093,15634,7888,2246,150,10689,1,28:25
2024-25,1641763,Julian Phillips,Julian,1610612741,CHI,Chicago Bulls,0022400123,2024-10-30T00:00:00,CHI vs. ORL,W,14.116666666666667,2.6,10.2,0.25,2.6,10.2,0.25,2.6,5.1,0.5,0.0,2.6,2.6,0.0,5.1,2.6,0.0,0.0,2.6,2.6,10.2,-28.1,15.8,0,0,20.4,1,1,13086,1,20137,20368,16731,20233,7969,3276,11902,8918,5754,10625,14058,18054,20705,19908,2223,4256,8263,8846,12602,10795,17952,23441,22922,2246,150,20626,1,14:07
2024-25,1626204,Larry Nance Jr.,Larry,1610612737,ATL,Atlanta Hawks,0022400121,2024-10-30T00:00:00,ATL @ WAS,L,6.866666666666666,5.2,5.2,1.0,0.0,0.0,0.0,0.0,0.0,0.0,0.0,0.0,0.0,0.0,0.0,0.0,0.0,0.0,0.0,0.0,10.5,-5.2,10.5,0,0,10.5,1,13222,1,13222,23223,13687,23295,1,15070,20945,15070,13505,14344,13505,14058,22137,23286,19908,16469,12854,8263,8846,20257,17725,17673,15723,24339,2246,150,24333,1,6:52
2024-25,1630171,Isaac Okoro,Isaac,1610612739,CLE,Cleveland Cavaliers,0022400118,2024-10-30T00:00:00,CLE vs. LAL,W,19.983333333333334,1.8,5.4,0.333,1.8,3.6,0.5,0.0,0.0,0.0,0.0,0.0,0.0,0.0,0.0,1.8,0.0,0.0,9.0,0.0,5.4,7.2,10.8,0,0,10.8,1,1,13086,1,16026,21756,23176,17395,11071,16431,3944,13505,14344,13505,14058,22137,23286,19908,16469,7249,8263,8846,962,17725,21794,9040,24279,2246,150,24264,1,19:59
2024-25,1641794,Dillon Jones,Dillon,1610612760,OKC,Oklahoma City Thunder,0022400125,2024-10-30T00:00:00,OKC vs. SAS,W,2.7666666666666666,0.0,13.0,0.0,0.0,0.0,0.0,0.0,0.0,0.0,0.0,13.0,13.0,0.0,0.0,0.0,0.0,0.0,0.0,0.0,0.0,-52.0,15.6,0,0,13.0,1,1,13086,1,25079,22635,11829,22635,15070,20945,15070,13505,14344,13505,14058,1006,2796,19908,16469,12854,8263,8846,20257,17725,23200,25470,22989,2246,150,23709,1,2:46
2024-25,1642349,Ajay Mitchell,Ajay,1610612760,OKC,Oklahoma City Thunder,0022400125,2024-10-30T00:00:00,OKC vs. SAS,W,21.866666666666667,8.2,9.9,0.833,1.6,1.6,1.0,1.6,3.3,0.5,0.0,6.6,6.6,0.0,0.0,3.3,0.0,0.0,0.0,3.3,19.8,11.5,37.5,0,0,34.6,1,1,13086,1,14601,6137,17287,1514,11548,20116,1,11513,9328,10625,14058,7130,10988,19908,16469,2576,8263,8846,20257,8272,8112,6993,9320,2246,150,10385,1,21:52
2024-25,1642530,Yuki Kawamura,Yuki,1610612763,MEM,Memphis Grizzlies,0022400124,2024-10-30T00:00:00,MEM vs. BKN,L,1.3,0.0,27.7,0.0,0.0,27.7,0.0,0.0,0.0,0.0,0.0,0.0,0.0,0.0,0.0,0.0,0.0,0.0,0.0,0.0,0.0,0.0,0.0,0,0,0.0,1,13222,1,13222,25917,22635,424,22635,15070,88,15070,13505,14344,13505,14058,22137,23286,19908,16469,12854,8263,8846,20257,17725,23200,12240,25228,2246,150,25259,1,1:18
2024-25,1628963,Marvin Bagley III,Marvin,1610612764,WAS,Washington Wizards,0022400121,2024-10-30T00:00:00,WAS vs. ATL,W,5.516666666666667,6.5,13.1,0.5,0.0,0.0,0.0,0.0,0.0,0.0,0.0,6.5,6.5,0.0,0.0,0.0,0.0,0.0,0.0,0.0,13.1,-58.7,20.9,0,0,19.6,1,1,13086,1,23782,10121,11771,8526,15070,20945,15070,13505,14344,13505,14058,7246,11111,19908,16469,12854,8263,8846,20257,17725,15039,25648,20753,2246,150,21109,1,5:31
2024-25,1641824,Matas Buzelis,Matas,1610612741,CHI,Chicago Bulls,0022400123,2024-10-30T00:00:00,CHI vs. ORL,W,4.1,0.0,8.8,0.0,0.0,0.0,0.0,0.0,0.0,0.0,0.0,0.0,0.0,0.0,0.0,0.0,0.0,8.8,0.0,0.0,0.0,-8.8,0.0,0,0,0.0,1,1,13086,1,24435,22635,19054,22635,15070,20945,15070,13505,14344,13505,14058,22137,23286,19908,16469,12854,8263,88,20257,17725,23200,17319,25228,2246,150,25259,1,4:06
2024-25,1629611,Terance Mann,Terance,1610612746,LAC,LA Clippers,0022400127,2024-10-30T00:00:00,LAC vs. POR,L,19.333333333333332,3.7,9.3,0.4,0.0,3.7,0.0,0.0,0.0,0.0,5.6,1.9,7.4,5.6,1.9,0.0,0.0,0.0,7.4,1.9,7.4,7.4,22.9,0,0,20.5,1,13222,1,13222,16552,17764,18256,14933,15070,16152,15070,13505,14344,13505,1891,20072,9271,6278,11262,12854,8263,8846,1676,13682,20368,8907,19619,2246,150,20588,1,19:20
2024-25,1627739,Kris Dunn,Kris,1610612746,LAC,LA Clippers,0022400127,2024-10-30T00:00:00,LAC vs. POR,L,18.283333333333335,5.9,5.9,1.0,0.0,0.0,0.0,0.0,0.0,0.0,0.0,3.9,3.9,3.9,2.0,0.0,0.0,0.0,2.0,2.0,11.8,-3.9,20.5,0,0,19.7,1,13222,1,13222,17380,11787,22703,1,15070,20945,15070,13505,14344,13505,14058,13916,17474,10111,10668,12854,8263,8846,15306,13217,16330,15034,20956,2246,150,21041,1,18:17
2024-25,1630611,Gui Santos,Gui,1610612744,GSW,Golden State Warriors,0022400126,2024-10-30T00:00:00,GSW vs. NOP,W,1.3666666666666667,0.0,26.3,0.0,0.0,26.3,0.0,0.0,0.0,0.0,0.0,0.0,0.0,0.0,0.0,0.0,0.0,0.0,0.0,0.0,0.0,0.0,0.0,0,0,0.0,1,1,13086,1,25879,22635,582,22635,15070,96,15070,13505,14344,13505,14058,22137,23286,19908,16469,12854,8263,8846,20257,17725,23200,12240,25228,2246,150,25259,1,1:22
2024-25,1630163,LaMelo Ball,LaMelo,1610612766,CHA,Charlotte Hornets,0022400117,2024-10-30T00:00:00,CHA vs. TOR,W,32.4,7.8,22.2,0.35,4.4,13.3,0.333,1.1,1.1,1.0,0.0,3.3,3.3,6.7,6.7,2.2,0.0,1.1,4.4,3.3,21.1,8.9,35.1,0,0,40.0,1,1,13086,1,5635,7108,1722,17337,3160,1154,9209,12887,14026,1,14058,15684,18906,4473,1045,5303,8263,6956,5902,8141,6988,8228,10987,2246,150,6780,1,32:24
2024-25,1630598,Aaron Wiggins,Aaron,1610612760,OKC,Oklahoma City Thunder,0022400125,2024-10-30T00:00:00,OKC vs. SAS,W,17.866666666666667,4.0,16.1,0.25,0.0,6.0,0.0,0.0,0.0,0.0,0.0,6.0,6.0,6.0,2.0,0.0,0.0,4.0,0.0,2.0,8.1,14.1,22.4,0,0,20.1,1,1,13086,1,17651,17021,6946,20233,15070,10588,15070,13505,14344,13505,14058,8236,12176,5404,10451,12854,8263,642,20257,13010,19871,5967,19944,2246,150,20775,1,17:52
2024-25,1628981,Bruno Fernando,Bruno,1610612761,TOR,Toronto Raptors,0022400117,2024-10-30T00:00:00,TOR @ CHA,L,2.995,0.0,0.0,0.0,0.0,0.0,0.0,0.0,0.0,0.0,12.0,0.0,12.0,0.0,0.0,0.0,0.0,0.0,12.0,0.0,0.0,-120.2,14.4,0,0,12.0,1,13222,1,13222,24994,22635,24836,22635,15070,20945,15070,13505,14344,13505,243,22137,3474,19908,16469,12854,8263,8846,421,17725,23200,26228,23357,2246,150,23965,1,2:60
2024-25,1627777,Georges Niang,Georges,1610612739,CLE,Cleveland Cavaliers,0022400118,2024-10-30T00:00:00,CLE vs. LAL,W,21.55,3.3,6.7,0.5,1.7,5.0,0.333,0.0,0.0,0.0,1.7,1.7,3.3,3.3,3.3,1.7,0.0,0.0,5.0,0.0,8.4,21.7,19.0,0,0,20.0,1,1,13086,1,14889,18660,21914,8526,11481,13184,9209,13505,14344,13505,9673,20516,18889,11850,5385,7719,8263,8846,4577,17725,19622,3528,21620,2246,150,20836,1,21:33
2024-25,1628464,Daniel Theis,Daniel,1610612740,NOP,New Orleans Pelicans,0022400126,2024-10-30T00:00:00,NOP @ GSW,L,5.266666666666667,0.0,13.7,0.0,0.0,0.0,0.0,0.0,0.0,0.0,0.0,20.5,20.5,0.0,6.8,0.0,0.0,0.0,0.0,6.8,0.0,-41.0,17.8,0,0,20.5,1,13222,1,13222,23875,22635,10690,22635,15070,20945,15070,13505,14344,13505,14058,157,465,19908,967,12854,8263,8846,20257,1789,23200,24911,22191,2246,150,20573,1,5:16
2024-25,1630541,Moses Moody,Moses,1610612744,GSW,Golden State Warriors,0022400126,2024-10-30T00:00:00,GSW vs. NOP,W,30.1,3.6,10.8,0.333,2.4,7.2,0.333,0.0,0.0,0.0,1.2,3.6,4.8,3.6,3.6,0.0,0.0,1.2,3.6,1.2,9.6,21.5,17.1,0,0,20.3,1,1,13086,1,7690,18107,15758,17395,8510,8087,9209,13505,14344,13505,11813,14955,15336,11120,4800,12854,8263,6288,8462,16423,18573,3571,22445,2246,150,20673,1,30:06
2024-25,1642274,Yves Missi,Yves,1610612740,NOP,New Orleans Pelicans,0022400126,2024-10-30T00:00:00,NOP @ GSW,L,12.033333333333333,0.0,15.0,0.0,0.0,0.0,0.0,0.0,0.0,0.0,6.0,3.0,9.0,3.0,0.0,0.0,0.0,3.0,0.0,0.0,0.0,-38.9,15.3,0,0,12.0,1,13222,1,13222,21216,22635,8667,22635,15070,20945,15070,13505,14344,13505,1633,16768,6784,12962,16469,12854,8263,1351,20257,17725,23200,24765,23100,2246,150,23984,1,12:02
2024-25,1642385,Cui Yongxi,Cui,1610612751,BKN,Brooklyn Nets,0022400124,2024-10-30T00:00:00,BKN @ MEM,W,1.1166666666666667,0.0,0.0,0.0,0.0,0.0,0.0,0.0,0.0,0.0,0.0,0.0,0.0,0.0,0.0,0.0,0.0,0.0,0.0,0.0,0.0,0.0,0.0,0,0,0.0,1,1,13086,1,26010,22635,24836,22635,15070,20945,15070,13505,14344,13505,14058,22137,23286,19908,16469,12854,8263,8846,20257,17725,23200,12240,25228,2246,150,25259,1,1:07
2024-25,1630811,Keaton Wallace,Keaton,1610612737,ATL,Atlanta Hawks,0022400121,2024-10-30T00:00:00,ATL @ WAS,L,14.723333333333333,7.3,7.3,1.0,4.9,4.9,1.0,0.0,0.0,0.0,0.0,2.4,2.4,4.9,0.0,0.0,0.0,0.0,0.0,2.4,19.6,-9.8,29.8,0,0,31.8,1,13222,1,13222,19757,8154,21160,1,2421,13465,1,13505,14344,13505,14058,18344,20907,7706,16469,12854,8263,8846,20257,11179,8298,17785,14919,2246,150,12551,1,14:43
2024-25,1630592,Jalen Wilson,Jalen,1610612751,BKN,Brooklyn Nets,0022400124,2024-10-30T00:00:00,BKN @ MEM,W,26.85,6.7,9.4,0.714,1.3,4.0,0.333,1.3,2.7,0.5,4.0,5.4,9.4,2.7,2.7,0.0,0.0,0.0,1.3,1.3,16.1,33.5,28.7,0,0,29.5,1,1,13086,1,10452,9671,18137,2752,12685,15527,9209,12196,10790,10625,3568,9867,6206,13961,7585,12854,8263,8846,17859,15720,11829,1570,15725,2246,150,14324,1,26:51
2024-25,1630215,Jared Butler,Jared,1610612764,WAS,Washington Wizards,0022400121,2024-10-30T00:00:00,WAS vs. ATL,W,9.696666666666667,3.7,7.4,0.5,0.0,0.0,0.0,0.0,0.0,0.0,0.0,7.4,7.4,7.4,3.7,0.0,0.0,0.0,0.0,0.0,7.4,-40.8,23.8,0,0,22.3,1,1,13086,1,22221,17802,21033,8526,15070,20945,15070,13505,14344,13505,14058,5634,9310,3483,4531,12854,8263,8846,20257,17725,20384,24902,19118,2246,150,19501,1,9:42
2024-25,1630553,Keon Johnson,Keon,1610612751,BKN,Brooklyn Nets,0022400124,2024-10-30T00:00:00,BKN @ MEM,W,15.851666666666667,4.5,9.1,0.5,0.0,4.5,0.0,0.0,0.0,0.0,4.5,11.4,15.9,2.3,0.0,2.3,0.0,0.0,2.3,0.0,9.1,4.5,38.4,0,0,31.8,1,1,13086,1,19028,15648,18591,8526,15070,14340,15070,13505,14344,13505,2879,1720,1459,15349,16469,5147,8263,8846,13777,17725,18992,10367,8783,2246,150,12547,1,15:51
2024-25,1631108,Max Christie,Max,1610612747,LAL,Los Angeles Lakers,0022400118,2024-10-30T00:00:00,LAL @ CLE,L,27.266666666666666,1.3,7.9,0.167,1.3,6.6,0.2,4.0,5.3,0.75,0.0,1.3,1.3,1.3,0.0,1.3,0.0,0.0,0.0,2.6,7.9,-25.1,15.4,0,0,14.5,1,13222,1,13222,10130,22378,20381,21938,12779,9315,13429,5767,5493,8186,14058,21246,22793,18593,16469,9348,8263,8846,20257,10505,19982,22826,23042,2246,150,23247,1,27:16
2024-25,1630228,Jonathan Kuminga,Jonathan,1610612744,GSW,Golden State Warriors,0022400126,2024-10-30T00:00:00,GSW vs. NOP,W,27.25,7.9,15.9,0.5,0.0,1.3,0.0,5.3,6.6,0.8,2.6,2.6,5.3,2.6,1.3,1.3,0.0,1.3,5.3,4.0,21.1,10.6,34.1,0,0,31.7,1,1,13086,1,10145,6797,7340,8526,15070,20479,15070,3677,3759,7681,6239,17845,14082,14077,13708,9345,8263,5547,4051,6419,6968,7436,11741,2246,150,12619,1,27:15
2024-25,203552,Seth Curry,Seth,1610612766,CHA,Charlotte Hornets,0022400117,2024-10-30T00:00:00,CHA vs. TOR,W,26.533333333333335,2.7,5.4,0.5,1.4,2.7,0.5,2.7,2.7,1.0,2.7,0.0,2.7,1.4,2.7,0.0,0.0,0.0,0.0,5.4,9.5,-13.6,12.1,0,0,14.9,1,1,13086,1,10701,20053,23146,8526,12620,18234,3944,8542,10709,1,6062,22137,20416,18478,7488,12854,8263,8846,20257,3439,18638,19329,23988,2246,150,23087,1,26:32
2024-25,1630322,Lindy Waters III,Lindy,1610612744,GSW,Golden State Warriors,0022400126,2024-10-30T00:00:00,GSW vs. NOP,W,29.966666666666665,1.2,6.0,0.2,1.2,6.0,0.2,0.0,0.0,0.0,0.0,1.2,1.2,3.6,0.0,1.2,1.2,0.0,1.2,1.2,3.6,15.6,17.7,0,0,14.4,1,1,13086,1,7812,22494,22585,21401,13356,10674,13429,13505,14344,13505,14058,21506,22936,11076,16469,10162,6164,8846,18531,16394,22741,5380,22234,2246,150,23284,1,29:58
2024-25,1642267,Bub Carrington,Bub,1610612764,WAS,Washington Wizards,0022400121,2024-10-30T00:00:00,WAS vs. ATL,W,32.86666666666667,5.5,8.8,0.625,1.1,2.2,0.5,5.5,5.5,1.0,0.0,6.6,6.6,6.6,2.2,0.0,0.0,0.0,3.3,4.4,17.5,3.3,33.1,0,0,31.8,1,1,13086,1,5276,13044,19083,4899,13968,19184,3944,3436,5217,1,14058,7158,11016,4602,9547,12854,8263,8846,9499,5400,10299,10980,12532,2246,150,12561,1,32:52
2024-25,1628970,Miles Bridges,Miles,1610612766,CHA,Charlotte Hornets,0022400117,2024-10-30T00:00:00,CHA vs. TOR,W,23.91,3.0,16.6,0.182,1.5,10.5,0.143,3.0,3.0,1.0,0.0,4.5,4.5,3.0,3.0,0.0,1.5,1.5,0.0,1.5,10.5,-18.1,22.0,0,0,22.6,1,1,13086,1,12986,19392,6355,21891,12006,2940,14649,7773,9947,1,14058,12221,16013,12888,6427,12854,4827,4758,20257,14983,17621,20952,20156,2246,150,19297,1,23:55
2024-25,203924,Jerami Grant,Jerami,1610612757,POR,Portland Trail Blazers,0022400127,2024-10-30T00:00:00,POR @ LAC,W,33.71666666666667,3.2,14.9,0.214,2.1,7.5,0.286,0.0,0.0,0.0,2.1,1.1,3.2,1.1,2.1,0.0,0.0,1.1,2.1,0.0,8.5,-5.3,11.9,0,0,14.9,1,1,13086,1,4521,18991,8683,21369,9524,7458,11433,13505,14344,13505,7825,21830,19229,19454,9805,12854,8263,7328,14427,17725,19477,15765,24049,2246,150,23076,1,33:43
2024-25,1630172,Patrick Williams,Patrick,1610612741,CHI,Chicago Bulls,0022400123,2024-10-30T00:00:00,CHI vs. ORL,W,29.783333333333335,3.6,9.7,0.375,3.6,6.0,0.6,1.2,2.4,0.5,1.2,7.3,8.5,2.4,1.2,1.2,0.0,1.2,0.0,1.2,12.1,18.1,28.3,0,0,29.0,1,1,13086,1,7977,18018,17631,16299,4853,10592,2992,12558,11430,10625,11733,5902,7528,14819,14377,10101,8263,6194,20257,16356,16050,4514,16008,2246,150,14695,1,29:47
2024-25,1628380,Zach Collins,Zach,1610612759,SAS,San Antonio Spurs,0022400125,2024-10-30T00:00:00,SAS @ OKC,L,12.466666666666667,2.9,8.7,0.333,2.9,5.8,0.5,0.0,0.0,0.0,5.8,5.8,11.6,2.9,5.8,0.0,2.9,2.9,2.9,0.0,8.7,-28.9,29.7,0,0,31.8,1,13222,1,13222,21015,19685,19253,17395,6903,11265,3944,13505,14344,13505,1760,8843,3896,13319,1582,12854,1837,1484,11231,17725,19385,23569,14985,2246,150,12561,1,12:28
2024-25,1626172,Kevon Looney,Kevon,1610612744,GSW,Golden State Warriors,0022400126,2024-10-30T00:00:00,GSW vs. NOP,W,8.55,4.2,4.2,1.0,0.0,0.0,0.0,0.0,0.0,0.0,4.2,12.6,16.8,4.2,4.2,0.0,0.0,0.0,8.4,4.2,8.4,12.6,30.7,0,0,29.5,1,1,13086,1,22616,16562,23984,1,15070,20945,15070,13505,14344,13505,3290,1116,1162,9361,3482,12854,8263,8846,1176,5812,19578,6551,14247,2246,150,14344,1,8:33
2024-25,1627826,Ivica Zubac,Ivica,1610612746,LAC,LA Clippers,0022400127,2024-10-30T00:00:00,LAC vs. POR,L,31.233333333333334,2.3,8.1,0.286,0.0,0.0,0.0,2.3,6.9,0.333,4.6,9.2,13.8,1.2,0.0,1.2,2.3,0.0,4.6,3.5,6.9,-1.2,35.6,0,0,28.8,1,13222,1,13222,6669,20842,20145,19630,15070,20945,15070,9598,3460,13132,2785,3279,2318,19173,16469,10557,2734,8846,5515,7783,20778,13644,10637,2246,150,14851,1,31:14
2024-25,1628404,Josh Hart,Josh,1610612752,NYK,New York Knicks,0022400122,2024-10-30T00:00:00,NYK @ MIA,W,42.23833333333334,3.4,6.0,0.571,1.7,4.3,0.4,0.0,0.0,0.0,0.9,11.1,11.9,5.1,0.0,0.9,0.0,0.0,2.6,1.7,8.5,7.7,33.1,1,0,29.0,1,1,13086,1,237,18523,22641,6538,11391,14993,7874,13505,14344,13505,13995,1865,3560,7216,16469,12781,8263,8846,12578,14253,19498,8790,12539,1,150,14720,1,42:14
2024-25,1631207,Dalen Terry,Dalen,1610612741,CHI,Chicago Bulls,0022400123,2024-10-30T00:00:00,CHI vs. ORL,W,11.045,3.3,19.6,0.167,0.0,6.5,0.0,0.0,0.0,0.0,0.0,6.5,6.5,0.0,0.0,0.0,0.0,3.3,6.5,3.3,6.5,-29.3,14.3,0,0,13.0,1,1,13086,1,21690,18860,3305,21938,15070,9511,15070,13505,14344,13505,14058,7268,11135,19908,16469,12854,8263,1097,2384,8383,21037,23634,23387,2246,150,23702,1,11:03
2024-25,1641705,Victor Wembanyama,Victor,1610612759,SAS,San Antonio Spurs,0022400125,2024-10-30T00:00:00,SAS @ OKC,L,27.25,1.3,6.6,0.2,0.0,4.0,0.0,5.3,5.3,1.0,1.3,9.2,10.6,2.6,5.3,0.0,4.0,1.3,0.0,6.6,7.9,-5.3,31.2,0,0,29.1,1,13222,1,13222,10145,22377,22005,21401,15070,15655,15070,3677,5489,1,11097,3256,4844,14077,2025,12854,939,5547,20257,1980,19976,15736,13921,2246,150,14651,1,27:15
2024-25,1630583,Santi Aldama,Santi,1610612763,MEM,Memphis Grizzlies,0022400124,2024-10-30T00:00:00,MEM vs. BKN,L,22.045,1.6,8.2,0.2,0.0,3.3,0.0,0.0,0.0,0.0,0.0,4.9,4.9,0.0,1.6,3.3,0.0,0.0,3.3,1.6,3.3,-27.8,17.3,0,0,14.7,1,13222,1,13222,14469,21993,19997,21401,15070,17148,15070,13505,14344,13505,14058,11160,15063,19908,12205,2626,8263,8846,9593,14516,22864,23385,22367,2246,150,23174,1,22:03
2024-25,1629599,Amir Coffey,Amir,1610612746,LAC,LA Clippers,0022400127,2024-10-30T00:00:00,LAC vs. POR,L,26.933333333333334,5.3,9.4,0.571,1.3,4.0,0.333,0.0,0.0,0.0,0.0,0.0,0.0,0.0,0.0,0.0,0.0,0.0,2.7,0.0,12.0,-6.7,12.0,0,0,13.4,1,13222,1,13222,10388,13414,18189,6538,12703,15565,9209,13505,14344,13505,14058,22137,23286,19908,16469,12854,8263,8846,12151,17725,16106,16373,24000,2246,150,23594,1,26:56
2024-25,203484,Kentavious Caldwell-Pope,Kentavious,1610612753,ORL,Orlando Magic,0022400123,2024-10-30T00:00:00,ORL @ CHI,L,33.95,3.2,9.5,0.333,2.1,7.4,0.286,0.0,0.0,0.0,1.1,0.0,1.1,1.1,0.0,1.1,0.0,0.0,3.2,1.1,8.5,-12.7,14.5,0,0,14.8,1,13222,1,13222,4306,19030,17866,17395,9589,7563,11433,13505,14344,13505,12790,22137,23139,19486,16469,11386,8263,8846,9948,17115,19529,19028,23322,2246,150,23115,1,33:57
2024-25,1630168,Onyeka Okongwu,Onyeka,1610612737,ATL,Atlanta Hawks,0022400121,2024-10-30T00:00:00,ATL @ WAS,L,24.116666666666667,1.5,7.5,0.2,0.0,6.0,0.0,0.0,0.0,0.0,1.5,3.0,4.5,3.0,0.0,0.0,1.5,0.0,1.5,0.0,3.0,3.0,17.3,0,0,13.4,1,13222,1,13222,12787,22180,20986,21401,15070,10759,15070,13505,14344,13505,10351,16785,16100,12984,16469,12854,4882,8846,17250,17725,22962,11131,22363,2246,150,23574,1,24:07
2024-25,1627780,Gary Payton II,Gary,1610612744,GSW,Golden State Warriors,0022400126,2024-10-30T00:00:00,GSW vs. NOP,W,7.316666666666666,0.0,0.0,0.0,0.0,0.0,0.0,0.0,0.0,0.0,4.9,0.0,4.9,9.8,4.9,0.0,0.0,0.0,9.8,0.0,0.0,-24.6,15.7,0,0,14.8,1,1,13086,1,23056,22635,24836,22635,15070,20945,15070,13505,14344,13505,2445,22137,15004,1513,2436,12854,8263,8846,734,17725,23200,22720,22941,2246,150,23149,1,7:19
2024-25,1642272,Jared McCain,Jared,1610612755,PHI,Philadelphia 76ers,0022400120,2024-10-30T00:00:00,PHI vs. DET,L,21.81,5.0,14.9,0.333,0.0,1.7,0.0,9.9,9.9,1.0,1.7,3.3,5.0,5.0,1.7,0.0,0.0,0.0,0.0,5.0,19.8,3.3,31.5,0,0,29.7,1,13222,1,13222,14668,14536,8811,17395,15070,20106,15070,728,1410,1,9744,15789,14923,7564,12134,12854,8263,8846,20257,4203,8063,10971,13661,2246,150,14157,1,21:49
2024-25,201143,Al Horford,Al,1610612738,BOS,Boston Celtics,0022400119,2024-10-30T00:00:00,BOS @ IND,L,19.383333333333333,5.6,11.1,0.5,3.7,7.4,0.5,0.0,0.0,0.0,1.9,5.6,7.4,1.9,1.9,1.9,0.0,0.0,1.9,0.0,14.9,-22.3,30.3,0,0,31.6,1,13222,1,13222,16510,12788,15119,8526,4663,7540,3944,13505,14344,13505,9002,9361,9301,16905,11287,6992,8263,8846,15906,17725,13055,22160,14608,2246,150,12719,1,19:23
2024-25,1629216,Gabe Vincent,Gabe,1610612747,LAL,Los Angeles Lakers,0022400118,2024-10-30T00:00:00,LAL @ CLE,L,16.15,4.5,11.1,0.4,2.2,6.7,0.333,0.0,0.0,0.0,0.0,0.0,0.0,0.0,2.2,0.0,0.0,0.0,0.0,0.0,11.1,-22.3,8.9,0,0,13.4,1,13222,1,13222,18827,15899,15111,14933,9123,9122,9209,13505,14344,13505,14058,22137,23286,19908,9385,12854,8263,8846,20257,17725,17043,22161,24581,2246,150,23591,1,16:09
2024-25,1630557,Corey Kispert,Corey,1610612764,WAS,Washington Wizards,0022400121,2024-10-30T00:00:00,WAS vs. ATL,W,36.766666666666666,5.9,13.7,0.429,3.9,10.8,0.364,0.0,0.0,0.0,0.0,1.0,1.0,2.0,0.0,0.0,0.0,0.0,1.0,1.0,15.7,1.0,19.8,0,0,22.5,1,1,13086,1,2141,11882,10643,13735,4171,2702,9100,13505,14344,13505,14058,21997,23222,16529,16469,12854,8263,8846,19821,17456,12253,12171,21274,2246,150,19340,1,36:46
2024-25,1641722,Jordan Hawkins,Jordan,1610612740,NOP,New Orleans Pelicans,0022400126,2024-10-30T00:00:00,NOP @ GSW,L,38.81666666666667,8.3,19.5,0.429,3.7,13.0,0.286,0.9,1.9,0.5,0.9,2.8,3.7,0.9,1.9,0.0,0.0,0.0,2.8,2.8,21.3,-13.0,25.3,0,0,29.7,1,13222,1,13222,955,5889,3363,13735,4679,1306,11433,13417,13103,10625,13786,17455,18046,19836,11294,12854,8263,8846,11717,10028,6789,19120,18060,2246,150,14180,1,38:49
2024-25,1626166,Cameron Payne,Cameron,1610612752,NYK,New York Knicks,0022400122,2024-10-30T00:00:00,NYK @ MIA,W,11.633333333333333,0.0,3.1,0.0,0.0,3.1,0.0,0.0,0.0,0.0,0.0,3.1,3.1,15.5,0.0,3.1,3.1,0.0,3.1,0.0,0.0,12.4,45.5,0,0,30.9,1,1,13086,1,21438,22635,24463,22635,15070,17467,15070,13505,14344,13505,14058,16420,19486,255,16469,2939,1574,8846,10287,17725,23200,6645,4941,2246,150,13206,1,11:38
2024-25,1642281,Jaylon Tyson,Jaylon,1610612739,CLE,Cleveland Cavaliers,0022400118,2024-10-30T00:00:00,CLE vs. LAL,W,5.266666666666667,0.0,0.0,0.0,0.0,0.0,0.0,0.0,0.0,0.0,0.0,6.8,6.8,6.8,0.0,0.0,0.0,0.0,0.0,0.0,0.0,13.7,18.5,0,0,13.7,1,1,13086,1,23875,22635,24836,22635,15070,20945,15070,13505,14344,13505,14058,6642,10450,4237,16469,12854,8263,8846,20257,17725,23200,6136,21913,2246,150,23512,1,5:16
2024-25,1642347,Jamal Shead,Jamal,1610612761,TOR,Toronto Raptors,0022400117,2024-10-30T00:00:00,TOR @ CHA,L,19.566666666666666,3.7,11.0,0.333,1.8,3.7,0.5,3.7,5.5,0.667,1.8,1.8,3.7,16.6,1.8,1.8,0.0,1.8,1.8,5.5,12.9,0.0,45.8,0,0,38.6,1,13222,1,13222,16360,17889,15298,17395,10922,16263,3944,6327,5161,9425,9088,20134,18122,181,11364,7076,8263,3768,15990,3308,15219,12240,4817,2246,150,7623,1,19:34
2024-25,1630643,Jay Huff,Jay,1610612763,MEM,Memphis Grizzlies,0022400124,2024-10-30T00:00:00,MEM vs. BKN,L,9.836666666666666,7.3,11.0,0.667,0.0,3.7,0.0,0.0,0.0,0.0,0.0,0.0,0.0,0.0,3.7,0.0,0.0,0.0,3.7,0.0,14.6,-43.9,11.0,0,0,14.6,1,13222,1,13222,22155,8189,15391,3281,15070,16309,15070,13505,14344,13505,14058,22137,23286,19908,4656,12854,8263,8846,8229,17725,13261,25117,24242,2246,150,23200,1,9:50
2024-25,1630533,Ziaire Williams,Ziaire,1610612751,BKN,Brooklyn Nets,0022400124,2024-10-30T00:00:00,BKN @ MEM,W,24.101666666666667,9.0,14.9,0.6,1.5,6.0,0.25,6.0,7.5,0.8,0.0,1.5,1.5,4.5,4.5,6.0,1.5,1.5,4.5,4.5,25.4,16.4,51.8,0,0,47.8,1,1,13086,1,12798,4786,8704,5394,12062,10755,11902,2891,2939,7681,14058,20890,22577,8704,3025,484,4881,4799,5822,5188,4002,5100,2752,2246,150,3226,1,24:06
2024-25,1626179,Terry Rozier,Terry,1610612748,MIA,Miami Heat,0022400122,2024-10-30T00:00:00,MIA vs. NYK,L,34.71666666666667,5.2,14.5,0.357,4.1,8.3,0.5,2.1,2.1,1.0,0.0,4.1,4.1,7.3,2.1,2.1,0.0,0.0,2.1,3.1,16.6,-5.2,36.6,0,0,36.3,1,13222,1,13222,3675,13860,9331,17140,3676,5925,3944,10384,12505,1,14058,13280,16950,3673,10139,5899,8263,8846,14735,8849,11294,15689,9959,2246,150,9163,1,34:43
2024-25,1629627,Zion Williamson,Zion,1610612740,NOP,New Orleans Pelicans,0022400126,2024-10-30T00:00:00,NOP @ GSW,L,32.733333333333334,5.5,22.0,0.25,0.0,1.1,0.0,2.2,7.7,0.286,6.6,6.6,13.2,4.4,4.4,0.0,1.1,5.5,3.3,6.6,13.2,-17.6,34.5,1,0,33.0,1,13222,1,13222,5376,12975,1824,20233,15070,20745,15070,9945,2745,13350,1325,7110,2668,8884,3143,12854,6786,284,9460,1992,14872,20808,11424,1,150,11658,1,32:44
2024-25,1630202,Payton Pritchard,Payton,1610612738,BOS,Boston Celtics,0022400119,2024-10-30T00:00:00,BOS @ IND,L,38.56666666666667,4.7,13.1,0.357,3.7,10.3,0.364,1.9,1.9,1.0,1.9,1.9,3.7,3.7,0.9,0.9,0.0,0.0,1.9,3.7,14.9,7.5,26.9,0,0,28.0,1,13222,1,13222,1075,15326,11741,17140,4614,3193,9100,11061,13074,1,8953,20054,17978,10697,16229,12486,8263,8846,15849,7036,12978,8897,17035,2246,150,15419,1,38:34
2024-25,1629731,Dean Wade,Dean,1610612739,CLE,Cleveland Cavaliers,0022400118,2024-10-30T00:00:00,CLE vs. LAL,W,26.45,4.1,9.5,0.429,2.7,8.2,0.333,0.0,2.7,0.0,0.0,4.1,4.1,2.7,1.4,4.1,0.0,0.0,2.7,1.4,10.9,15.0,30.8,0,0,28.6,1,1,13086,1,10776,16879,17893,13735,7472,6147,9209,13505,10686,13505,14058,13466,17112,13841,13504,1557,8263,8846,11943,15613,17276,5637,14234,2246,150,15002,1,26:27
2024-25,1629640,Keldon Johnson,Keldon,1610612759,SAS,San Antonio Spurs,0022400125,2024-10-30T00:00:00,SAS @ OKC,L,29.433333333333334,4.9,13.5,0.364,1.2,6.1,0.2,0.0,0.0,0.0,1.2,7.3,8.6,2.4,3.7,2.4,0.0,1.2,1.2,1.2,11.0,-6.1,28.6,0,0,28.1,1,13222,1,13222,8281,14691,11080,16861,13247,10407,13429,13505,14344,13505,11644,5766,7376,14715,4630,4548,8263,6104,18415,16282,17173,16118,15787,2246,150,15338,1,29:26
2024-25,1631116,Patrick Baldwin Jr.,Patrick,1610612764,WAS,Washington Wizards,0022400121,2024-10-30T00:00:00,WAS vs. ATL,W,2.95,12.2,24.4,0.5,0.0,0.0,0.0,0.0,0.0,0.0,0.0,0.0,0.0,0.0,0.0,0.0,0.0,0.0,0.0,0.0,24.4,-36.6,24.4,0,0,24.4,1,1,13086,1,25007,1405,947,8526,15070,20945,15070,13505,14344,13505,14058,22137,23286,19908,16469,12854,8263,8846,20257,17725,4548,24575,18683,2246,150,18074,1,2:57
2024-25,1642259,Alex Sarr,Alex,1610612764,WAS,Washington Wizards,0022400121,2024-10-30T00:00:00,WAS vs. ATL,W,23.116666666666667,4.7,14.0,0.333,3.1,7.8,0.4,4.7,6.2,0.75,0.0,7.8,7.8,3.1,1.6,1.6,6.2,1.6,3.1,4.7,17.1,26.5,52.9,0,0,46.7,1,1,13086,1,13622,15313,10145,17395,6183,6823,7874,4554,4201,8186,14058,5028,8642,12572,12518,8165,274,4565,10221,4781,10701,2525,2461,2246,150,3585,1,23:07
2024-25,1641766,Adama Sanogo,Adama,1610612741,CHI,Chicago Bulls,0022400123,2024-10-30T00:00:00,CHI vs. ORL,W,8.75,8.2,16.5,0.5,0.0,0.0,0.0,0.0,0.0,0.0,4.1,0.0,4.1,4.1,0.0,0.0,0.0,4.1,4.1,4.1,16.5,-24.7,27.6,0,0,24.7,1,1,13086,1,22544,6146,6478,8526,15070,20945,15070,13505,14344,13505,3419,22137,17033,9624,16469,12854,8263,613,6785,6017,11434,22742,16529,2246,150,17899,1,8:45
2024-25,1630167,Obi Toppin,Obi,1610612754,IND,Indiana Pacers,0022400119,2024-10-30T00:00:00,IND vs. BOS,W,33.416666666666664,6.5,16.2,0.4,2.2,7.5,0.286,4.3,4.3,1.0,3.2,4.3,7.5,3.2,2.2,1.1,1.1,0.0,2.2,3.2,19.4,-12.9,37.6,0,0,36.6,1,1,13086,1,4795,10278,6886,14933,9426,7293,11433,5130,7189,1,4879,12769,9089,12190,9705,11214,6931,8846,14328,8451,8477,19099,9286,2246,150,8960,1,33:25
2024-25,1629021,Moritz Wagner,Moritz,1610612753,ORL,Orlando Magic,0022400123,2024-10-30T00:00:00,ORL @ CHI,L,16.116666666666667,2.2,8.9,0.25,2.2,4.5,0.5,8.9,8.9,1.0,0.0,13.4,13.4,2.2,4.5,0.0,0.0,0.0,2.2,4.5,15.6,11.2,30.6,0,0,33.5,1,13222,1,13222,18846,20978,18816,20233,9104,14529,3944,1023,1905,1,14058,898,2550,15500,3043,12854,8263,8846,13949,5214,12280,7152,14343,2246,150,11235,1,16:07
2024-25,1641842,Ronald Holland II,Ronald,1610612765,DET,Detroit Pistons,0022400120,2024-10-30T00:00:00,DET @ PHI,W,12.92,8.4,11.1,0.75,0.0,0.0,0.0,0.0,0.0,0.0,0.0,8.4,8.4,0.0,0.0,0.0,0.0,0.0,2.8,2.8,16.7,13.9,26.7,0,0,25.1,1,1,13086,1,20782,5872,15111,2107,15070,20945,15070,13505,14344,13505,14058,4205,7677,19908,16469,12854,8263,8846,11700,10013,11146,6037,17119,2246,150,17627,1,12:55
2024-25,1630560,Cam Thomas,Cam,1610612751,BKN,Brooklyn Nets,0022400124,2024-10-30T00:00:00,BKN @ MEM,W,33.29333333333334,4.3,13.0,0.333,1.1,6.5,0.167,10.8,11.9,0.909,0.0,2.2,2.2,2.2,3.2,1.1,0.0,1.1,2.2,6.5,20.5,0.0,26.4,0,0,28.1,1,1,13086,1,4907,16263,11907,17395,14063,9573,14236,513,789,6764,14058,19175,21489,15754,5685,11183,8263,7219,14286,2098,7450,12240,17360,2246,150,15350,1,33:18
2024-25,1631107,Nikola Jović,Nikola,1610612748,MIA,Miami Heat,0022400122,2024-10-30T00:00:00,MIA vs. NYK,L,27.0,5.3,9.3,0.571,2.7,5.3,0.5,0.0,2.7,0.0,1.3,6.7,8.0,1.3,0.0,0.0,0.0,0.0,1.3,1.3,13.3,-17.3,24.9,0,0,25.3,1,13222,1,13222,10332,13448,18226,6538,7628,12367,3944,13505,10822,13505,11048,6964,8265,18554,16469,12854,8263,8846,17893,15751,14702,20723,18337,2246,150,17408,1,27:00
2024-25,203110,Draymond Green,Draymond,1610612744,GSW,Golden State Warriors,0022400126,2024-10-30T00:00:00,GSW vs. NOP,W,30.116666666666667,6.0,13.1,0.455,3.6,6.0,0.6,1.2,1.2,1.0,1.2,3.6,4.8,7.2,3.6,1.2,6.0,0.0,6.0,4.8,16.7,15.5,51.2,0,0,46.6,1,1,13086,1,7664,11591,11582,12676,4954,10751,2992,12610,13892,1,11818,14966,15341,3803,4804,10214,314,8846,2980,4546,11132,5415,2941,2246,150,3619,1,30:07
2024-25,101108,Chris Paul,Chris,1610612759,SAS,San Antonio Spurs,0022400125,2024-10-30T00:00:00,SAS @ OKC,L,26.2,6.9,12.4,0.556,4.1,9.6,0.429,1.4,1.4,1.0,1.4,5.5,6.9,12.4,4.1,1.4,1.4,0.0,1.4,2.7,19.2,-12.4,50.2,0,0,48.1,1,13222,1,13222,11004,9247,12948,7248,3731,3957,7394,12088,13627,1,10859,9540,10382,641,3623,9042,5336,8846,17722,10152,8611,18887,3228,2246,150,3111,1,26:12
2024-25,1630198,Isaiah Joe,Isaiah,1610612760,OKC,Oklahoma City Thunder,0022400125,2024-10-30T00:00:00,OKC vs. SAS,W,18.7,3.9,5.8,0.667,3.9,5.8,0.667,0.0,0.0,0.0,0.0,1.9,1.9,3.9,0.0,1.9,0.0,0.0,1.9,0.0,11.6,23.1,25.4,0,0,25.0,1,1,13086,1,17035,17449,22835,3281,4315,11265,1957,13505,14344,13505,14058,19905,21955,10367,16469,6646,8263,8846,15547,17725,16613,3241,17984,2246,150,17658,1,18:42
2024-25,1629684,Grant Williams,Grant,1610612766,CHA,Charlotte Hornets,0022400117,2024-10-30T00:00:00,CHA vs. TOR,W,22.956666666666667,7.8,9.4,0.833,4.7,6.3,0.75,6.3,6.3,1.0,1.6,1.6,3.1,7.8,3.1,3.1,0.0,0.0,6.3,3.1,26.7,32.9,48.5,0,0,48.6,1,1,13086,1,13750,6984,18097,1514,2727,10039,1542,2618,4158,1,10053,20744,19409,3053,6031,2868,8263,8846,2633,8773,3363,1635,3820,2246,150,2953,1,22:57
2024-25,203501,Tim Hardaway Jr.,Tim,1610612765,DET,Detroit Pistons,0022400120,2024-10-30T00:00:00,DET @ PHI,W,30.55,5.9,10.6,0.556,5.9,8.2,0.714,1.2,2.4,0.5,0.0,0.0,0.0,3.5,1.2,0.0,0.0,0.0,2.4,5.9,18.9,8.2,23.0,0,0,28.3,1,1,13086,1,7274,11825,16035,7248,1383,5995,1861,12669,11603,10625,14058,22137,23286,11286,14591,12854,8263,8846,13406,2755,8991,8511,19576,2246,150,15220,1,30:33
2024-25,203083,Andre Drummond,Andre,1610612755,PHI,Philadelphia 76ers,0022400120,2024-10-30T00:00:00,PHI vs. DET,L,27.826666666666668,3.9,6.5,0.6,0.0,0.0,0.0,3.9,7.8,0.5,5.2,9.1,14.2,0.0,1.3,1.3,0.0,0.0,3.9,7.8,11.6,-10.3,31.3,0,0,28.5,1,13222,1,13222,9698,17379,22140,5394,15070,20945,15070,5912,2699,10625,2219,3452,2133,19908,13831,9497,8263,8846,7511,1157,16531,18052,13817,2246,150,15102,1,27:50
2024-25,1630539,Kai Jones,Kai,1610612746,LAC,LA Clippers,0022400127,2024-10-30T00:00:00,LAC vs. POR,L,16.698333333333334,4.3,4.3,1.0,0.0,0.0,0.0,6.5,10.8,0.6,6.5,4.3,10.8,2.2,0.0,0.0,4.3,0.0,4.3,8.6,15.1,-4.3,44.2,0,0,36.7,1,13222,1,13222,18471,16286,23909,1,15070,20945,15070,2427,1090,10343,1384,12759,4621,15791,16469,12854,753,8846,6238,780,12814,15231,5573,2246,150,8947,1,16:42
2024-25,1630217,Desmond Bane,Desmond,1610612763,MEM,Memphis Grizzlies,0022400124,2024-10-30T00:00:00,MEM vs. BKN,L,16.716666666666665,6.5,15.1,0.429,2.2,4.3,0.5,6.5,6.5,1.0,2.2,10.8,12.9,0.0,4.3,0.0,0.0,2.2,2.2,2.2,21.5,-21.5,32.7,0,0,36.6,1,13222,1,13222,18448,10283,8475,13735,9433,14900,3944,2436,3921,1,7738,2034,2859,19908,3310,12854,8263,2755,14333,12376,6608,21976,12779,2246,150,8968,1,16:43
2024-25,1630169,Tyrese Haliburton,Tyrese,1610612754,IND,Indiana Pacers,0022400119,2024-10-30T00:00:00,IND vs. BOS,W,39.818333333333335,6.3,17.2,0.368,1.8,9.0,0.2,0.9,0.9,1.0,0.0,5.4,5.4,10.8,0.9,1.8,0.0,0.9,4.5,1.8,15.4,8.1,42.7,1,0,37.1,1,1,13086,1,612,10625,5601,16823,11046,4755,13429,13449,14317,1,14058,9729,13747,1053,16339,7212,8263,8643,5732,13905,12551,8561,6278,1,150,8682,1,39:49
2024-25,1631110,Jeremy Sochan,Jeremy,1610612759,SAS,San Antonio Spurs,0022400125,2024-10-30T00:00:00,SAS @ OKC,L,31.35,8.0,18.4,0.438,0.0,1.1,0.0,3.4,4.6,0.75,3.4,6.9,10.3,4.6,1.1,1.1,0.0,2.3,3.4,2.3,19.5,-8.0,41.1,0,0,36.7,1,13222,1,13222,6549,6558,4314,13558,15070,20682,15070,6806,6666,8186,4468,6553,5082,8431,14804,10595,8263,2436,8914,11761,8348,16989,7112,2246,150,8886,1,31:21
2024-25,1627736,Malik Beasley,Malik,1610612765,DET,Detroit Pistons,0022400120,2024-10-30T00:00:00,DET @ PHI,W,25.506666666666668,5.6,15.5,0.364,4.2,14.1,0.3,0.0,1.4,0.0,2.8,1.4,4.2,4.2,1.4,0.0,0.0,0.0,1.4,1.4,15.5,1.4,25.5,0,0,28.2,1,1,13086,1,11586,12571,7790,16861,3511,898,11319,13505,13582,13505,5798,21051,16723,9295,13216,12854,8263,8846,17578,15400,12399,11912,17909,2246,150,15272,1,25:30
2024-25,1630573,Sam Hauser,Sam,1610612738,BOS,Boston Celtics,0022400119,2024-10-30T00:00:00,BOS @ IND,L,13.83,5.2,15.6,0.333,2.6,10.4,0.25,0.0,0.0,0.0,0.0,5.2,5.2,2.6,2.6,2.6,2.6,0.0,0.0,2.6,13.0,31.2,36.2,0,0,33.8,1,13222,1,13222,20286,13802,7667,17395,7818,3056,11902,13505,14344,13505,14058,10265,14264,14207,7870,4135,2216,8846,20257,10635,15074,1803,10252,2246,150,10969,1,13:50
2024-25,1642275,Tidjane Salaün,Tidjane,1610612766,CHA,Charlotte Hornets,0022400117,2024-10-30T00:00:00,CHA vs. TOR,W,16.166666666666668,2.2,6.7,0.333,0.0,4.5,0.0,2.2,4.5,0.5,2.2,4.5,6.7,6.7,0.0,2.2,0.0,0.0,0.0,2.2,6.7,24.5,31.4,0,0,24.5,1,1,13086,1,18815,20989,21917,17395,15070,14564,15070,9843,6928,10625,7504,12395,10771,4452,16469,5284,8263,8846,20257,12042,20937,2923,13752,2246,150,18012,1,16:10
2024-25,1630540,Miles McBride,Miles,1610612752,NYK,New York Knicks,0022400122,2024-10-30T00:00:00,NYK @ MIA,W,25.033333333333335,4.3,11.5,0.375,2.9,7.2,0.4,2.9,2.9,1.0,1.4,2.9,4.3,2.9,2.9,2.9,1.4,1.4,1.4,1.4,14.4,-4.3,33.9,0,0,33.1,1,1,13086,1,11975,16280,14462,16299,6959,8063,7874,8155,10292,1,10583,17161,16495,13354,6936,3470,5081,5029,17483,15287,13521,15233,11868,2246,150,11599,1,25:02
2024-25,1631096,Chet Holmgren,Chet,1610612760,OKC,Oklahoma City Thunder,0022400125,2024-10-30T00:00:00,OKC vs. SAS,W,27.816666666666666,9.1,12.9,0.7,3.9,3.9,1.0,2.6,2.6,1.0,0.0,6.5,6.5,2.6,6.5,2.6,2.6,0.0,3.9,1.3,24.6,10.4,45.3,0,0,47.9,1,1,13086,1,9700,4593,11955,3045,4236,15842,1,8829,11003,1,14058,7370,11235,14251,1141,4158,2233,8846,7503,15932,4430,7534,5039,2246,150,3189,1,27:49
2024-25,204456,T.J. McConnell,T.J.,1610612754,IND,Indiana Pacers,0022400119,2024-10-30T00:00:00,IND vs. BOS,W,21.581666666666667,8.3,18.3,0.455,0.0,1.7,0.0,0.0,0.0,0.0,0.0,3.3,3.3,5.0,1.7,1.7,0.0,0.0,1.7,1.7,16.7,-11.7,31.5,0,0,28.4,1,1,13086,1,14869,5907,4333,12676,15070,20083,15070,13505,14344,13505,14058,15679,18901,7465,12057,7731,8263,8846,16630,14376,11194,18610,13663,2246,150,15171,1,21:35
2024-25,1630581,Josh Giddey,Josh,1610612741,CHI,Chicago Bulls,0022400123,2024-10-30T00:00:00,CHI vs. ORL,W,31.148333333333333,6.9,12.7,0.545,4.6,4.6,1.0,4.6,6.9,0.667,1.2,11.6,12.7,5.8,1.2,1.2,0.0,1.2,2.3,3.5,23.1,12.7,49.4,1,0,48.5,1,1,13086,1,6752,9085,12361,7695,2851,14152,1,4644,3435,9425,12066,1589,2989,5894,14754,10537,8263,6590,13599,7750,5405,6512,3483,1,150,2972,1,31:09
2024-25,203076,Anthony Davis,Anthony,1610612747,LAL,Los Angeles Lakers,0022400118,2024-10-30T00:00:00,LAL @ CLE,L,31.333333333333332,10.3,19.5,0.529,0.0,1.1,0.0,4.6,9.2,0.5,1.1,13.8,14.9,2.3,4.6,2.3,0.0,1.1,1.1,5.7,25.3,-20.7,48.9,1,0,47.1,1,13222,1,13222,6570,2876,3326,8281,15070,20681,15070,4688,1772,10625,12114,806,1799,15238,2854,5046,8263,6643,18823,2976,4071,21752,3644,1,150,3433,1,31:20
2024-25,1630532,Franz Wagner,Franz,1610612753,ORL,Orlando Magic,0022400123,2024-10-30T00:00:00,ORL @ CHI,L,22.583333333333332,4.8,12.8,0.375,0.0,4.8,0.0,1.6,1.6,1.0,1.6,3.2,4.8,6.4,0.0,1.6,1.6,0.0,3.2,1.6,11.2,-9.6,36.0,0,0,28.7,1,13222,1,13222,14045,15002,12294,16299,15070,13750,15070,11612,13401,1,9948,16124,15338,4887,16469,8008,4573,8846,9908,14653,17029,17703,10353,2246,150,14934,1,22:35
2024-25,1630182,Josh Green,Josh,1610612766,CHA,Charlotte Hornets,0022400117,2024-10-30T00:00:00,CHA vs. TOR,W,22.416666666666668,4.8,9.6,0.5,4.8,6.4,0.75,0.0,0.0,0.0,1.6,1.6,3.2,4.8,0.0,0.0,3.2,0.0,4.8,1.6,14.5,-3.2,35.2,0,0,33.7,1,1,13086,1,14177,14894,17703,8526,2531,9705,1542,13505,14344,13505,9894,20667,19200,7873,16469,12854,1464,8846,5016,14608,13454,14681,10958,2246,150,11056,1,22:25
2024-25,1628371,Jonathan Isaac,Jonathan,1610612753,ORL,Orlando Magic,0022400123,2024-10-30T00:00:00,ORL @ CHI,L,13.896666666666667,5.2,13.0,0.4,5.2,10.4,0.5,5.2,5.2,1.0,5.2,7.8,13.0,2.6,2.6,2.6,0.0,0.0,0.0,5.2,20.7,-5.2,45.3,0,0,46.6,1,13222,1,13222,20251,13866,11938,14933,2069,3091,3944,3785,5634,1,2214,5048,2830,14239,7915,4154,8263,8846,20257,3798,7299,15688,5022,2246,150,3617,1,13:54
2024-25,1629674,Neemias Queta,Neemias,1610612738,BOS,Boston Celtics,0022400119,2024-10-30T00:00:00,BOS @ IND,L,13.653333333333334,2.6,5.3,0.5,0.0,0.0,0.0,0.0,0.0,0.0,10.5,13.2,23.7,2.6,0.0,0.0,2.6,0.0,0.0,2.6,5.3,47.5,45.6,0,0,36.9,1,13222,1,13222,20387,20210,23279,8526,15070,20945,15070,13505,14344,13505,339,959,234,14093,16469,12854,2170,8846,20257,10528,21865,625,4892,2246,150,8781,1,13:39
2024-25,1629637,Jaxson Hayes,Jaxson,1610612747,LAL,Los Angeles Lakers,0022400118,2024-10-30T00:00:00,LAL @ CLE,L,19.066666666666666,3.8,3.8,1.0,0.0,0.0,0.0,3.8,3.8,1.0,3.8,1.9,5.7,3.8,1.9,1.9,0.0,0.0,3.8,3.8,11.3,-20.8,27.6,0,0,24.5,1,13222,1,13222,16774,17629,24197,1,15070,20945,15070,6132,8303,1,3918,20009,13122,10568,11110,6819,8263,8846,7813,6913,16858,21770,16528,2246,150,17975,1,19:04
2024-25,1642377,Jaylen Wells,Jaylen,1610612763,MEM,Memphis Grizzlies,0022400124,2024-10-30T00:00:00,MEM vs. BKN,L,22.966666666666665,4.7,11.0,0.429,3.1,9.4,0.333,1.6,3.1,0.5,0.0,1.6,1.6,6.3,6.3,0.0,1.6,0.0,1.6,1.6,14.1,-15.7,23.8,0,0,28.2,1,13222,1,13222,13744,15235,15408,13735,6126,4251,9209,11652,9637,10625,14058,20745,22487,5066,1237,12854,4653,8846,16972,14738,13843,20140,19078,2246,150,15280,1,22:58
2024-25,1627783,Pascal Siakam,Pascal,1610612754,IND,Indiana Pacers,0022400119,2024-10-30T00:00:00,IND vs. BOS,W,37.68333333333333,10.5,19.1,0.55,5.7,7.6,0.75,1.0,3.8,0.25,4.8,5.7,10.5,4.8,1.9,0.0,0.0,0.0,1.9,1.9,27.7,4.8,45.6,1,0,48.7,1,1,13086,1,1580,2707,3671,7655,1538,7092,1542,13360,8200,13358,2595,8964,4899,7982,10987,12854,8263,8846,15618,13472,2892,10235,4909,1,150,2912,1,37:41
2024-25,1629639,Tyler Herro,Tyler,1610612748,MIA,Miami Heat,0022400122,2024-10-30T00:00:00,MIA vs. NYK,L,35.31666666666667,12.2,20.4,0.6,8.2,13.3,0.615,2.0,2.0,1.0,0.0,5.1,5.1,7.1,1.0,1.0,0.0,1.0,2.0,1.0,34.7,-3.1,53.5,0,0,57.1,1,13222,1,13222,3216,1388,2700,5394,420,1187,2984,10498,12605,1,14058,10581,14531,3841,15717,11768,8263,7739,14929,17318,1015,14598,2329,2246,150,1151,1,35:19
2024-25,1630208,Nick Richards,Nick,1610612766,CHA,Charlotte Hornets,0022400117,2024-10-30T00:00:00,CHA vs. TOR,W,33.13333333333333,10.9,15.2,0.714,0.0,0.0,0.0,4.3,7.6,0.571,7.6,7.6,15.2,4.3,1.1,1.1,4.3,1.1,3.3,6.5,26.1,-16.3,66.1,1,0,56.5,1,1,13086,1,5043,2367,8227,2752,15070,20945,15070,5077,2808,10536,907,5312,1674,9016,15226,11131,737,7175,9618,2068,3643,20365,628,1,150,1230,1,33:08
2024-25,1641998,Trey Jemison III,Trey,1610612740,NOP,New Orleans Pelicans,0022400126,2024-10-30T00:00:00,NOP @ GSW,L,1.3666666666666667,26.3,52.7,0.5,0.0,0.0,0.0,0.0,0.0,0.0,52.7,0.0,52.7,0.0,0.0,0.0,0.0,0.0,0.0,0.0,52.7,0.0,115.9,0,0,105.4,1,13222,1,13222,25879,51,23,8526,15070,20945,15070,13505,14344,13505,4,22137,16,19908,16469,12854,8263,8846,20257,17725,129,12240,44,2246,150,46,1,1:22
2024-25,1642355,Bronny James,Bronny,1610612747,LAL,Los Angeles Lakers,0022400118,2024-10-30T00:00:00,LAL @ CLE,L,5.266666666666667,6.8,13.7,0.5,0.0,6.8,0.0,0.0,0.0,0.0,0.0,0.0,0.0,13.7,0.0,6.8,0.0,0.0,0.0,0.0,13.7,-13.7,54.7,0,0,41.0,1,13222,1,13222,23875,9329,10690,8526,15070,8810,15070,13505,14344,13505,14058,22137,23286,421,16469,329,8263,8846,20257,17725,14306,19370,2052,2246,150,6186,1,5:16
2024-25,1626157,Karl-Anthony Towns,Karl-Anthony,1610612752,NYK,New York Knicks,0022400122,2024-10-30T00:00:00,NYK @ MIA,W,38.77166666666667,15.8,23.2,0.68,3.7,4.6,0.8,5.6,5.6,1.0,2.8,9.3,12.1,1.9,1.9,0.0,0.0,0.0,4.6,5.6,40.9,13.9,56.3,1,0,58.5,1,1,13086,1,977,378,1318,3276,4665,14107,1389,3342,5085,1,5903,3222,3432,16907,11291,12854,8263,8846,5431,3231,403,6038,1764,1,150,966,1,38:46
2024-25,1642270,Donovan Clingan,Donovan,1610612757,POR,Portland Trail Blazers,0022400127,2024-10-30T00:00:00,POR @ LAC,W,11.13,9.7,16.2,0.6,3.2,3.2,1.0,0.0,0.0,0.0,9.7,9.7,19.4,0.0,3.2,3.2,3.2,3.2,12.9,0.0,22.6,29.1,62.1,0,0,58.2,1,1,13086,1,21651,3599,6876,5394,5861,17206,1,13505,14344,13505,441,2818,609,19908,5722,2673,1440,1121,348,17725,5744,2090,956,2246,150,997,1,11:08
2024-25,201587,Nicolas Batum,Nicolas,1610612746,LAC,LA Clippers,0022400127,2024-10-30T00:00:00,LAC vs. POR,L,13.018333333333333,5.5,11.1,0.5,2.8,8.3,0.333,0.0,0.0,0.0,0.0,5.5,5.5,11.1,0.0,5.5,0.0,0.0,2.8,0.0,13.8,-8.3,53.6,0,0,44.2,1,13222,1,13222,20733,12911,15262,8526,7341,5924,9209,13505,14344,13505,14058,9453,13466,984,16469,622,8263,8846,11784,17725,14124,17093,2288,2246,150,4577,1,13:01
2024-25,1630596,Evan Mobley,Evan,1610612739,CLE,Cleveland Cavaliers,0022400118,2024-10-30T00:00:00,CLE vs. LAL,W,18.75,23.0,30.7,0.75,0.0,0.0,0.0,1.9,1.9,1.0,1.9,7.7,9.6,0.0,5.8,0.0,0.0,0.0,9.6,1.9,48.0,25.0,53.8,0,0,57.6,1,1,13086,1,17005,92,240,2107,15070,20945,15070,10888,12931,1,8740,5191,5919,19908,1598,12854,8263,8846,789,13439,186,2830,2259,2246,150,1083,1,18:45
2024-25,1629652,Luguentz Dort,Luguentz,1610612760,OKC,Oklahoma City Thunder,0022400125,2024-10-30T00:00:00,OKC vs. SAS,W,25.083333333333332,10.0,12.9,0.778,8.6,11.5,0.75,0.0,0.0,0.0,4.3,4.3,8.6,1.4,0.0,0.0,2.9,0.0,1.4,1.4,28.7,8.6,49.8,0,0,53.1,1,1,13086,1,11930,3168,12007,1994,348,2122,1542,13505,14344,13505,3156,12785,7295,18221,16469,12854,1860,8846,17493,15301,2525,8356,3327,2246,150,1786,1,25:05
2024-25,202685,Jonas Valančiūnas,Jonas,1610612764,WAS,Washington Wizards,0022400121,2024-10-30T00:00:00,WAS vs. ATL,W,24.883333333333333,11.6,14.5,0.8,1.4,1.4,1.0,7.2,8.7,0.833,1.4,10.1,11.6,8.7,4.3,0.0,0.0,0.0,4.3,7.2,31.8,-5.8,54.4,0,0,53.5,1,1,13086,1,12108,1822,9402,1688,12264,20330,1,1843,2065,7275,10551,2484,3874,2284,3237,12854,8263,8846,6170,1490,1567,15965,2116,2246,150,1702,1,24:53
2024-25,1628998,Cody Martin,Cody,1610612766,CHA,Charlotte Hornets,0022400117,2024-10-30T00:00:00,CHA vs. TOR,W,24.846666666666668,13.0,15.9,0.818,5.8,8.7,0.667,4.3,5.8,0.75,1.4,4.3,5.8,2.9,0.0,1.4,0.0,0.0,5.8,4.3,36.2,1.4,51.9,0,0,53.6,1,1,13086,1,12142,1021,7212,1653,1482,5279,1957,5076,4757,8186,10542,12658,12770,13289,16469,8642,8263,8846,3229,5474,790,11899,2740,2246,150,1684,1,24:51
2024-25,1630544,Tre Mann,Tre,1610612766,CHA,Charlotte Hornets,0022400117,2024-10-30T00:00:00,CHA vs. TOR,W,28.203333333333333,12.8,24.3,0.526,5.1,10.2,0.5,3.8,3.8,1.0,0.0,1.3,1.3,5.1,2.6,2.6,1.3,2.6,6.4,5.1,34.5,0.0,52.6,0,0,53.6,1,1,13086,1,9377,1125,998,8379,2148,3260,3944,6025,8182,1,14058,21333,22844,7236,8038,4251,5757,1948,2513,3918,1049,12240,2562,2246,150,1683,1,28:12
2024-25,1628369,Jayson Tatum,Jayson,1610612738,BOS,Boston Celtics,0022400119,2024-10-30T00:00:00,BOS @ IND,L,43.36666666666667,8.3,20.8,0.4,4.2,14.9,0.278,10.0,12.5,0.8,0.8,5.8,6.6,3.3,2.5,3.3,0.0,0.8,2.5,6.6,30.7,-5.8,51.1,0,0,51.5,1,13222,1,13222,122,5977,2482,14933,3671,708,11836,705,670,7681,14024,8773,10865,11915,8289,2527,8263,8803,12841,1952,1859,15974,2950,2246,150,2153,1,43:22
2024-25,1628436,Luke Kornet,Luke,1610612738,BOS,Boston Celtics,0022400119,2024-10-30T00:00:00,BOS @ IND,L,15.7,2.3,11.5,0.2,0.0,0.0,0.0,13.8,13.8,1.0,16.1,4.6,20.6,4.6,0.0,0.0,0.0,2.3,4.6,6.9,18.3,-6.9,50.0,0,0,43.6,1,13222,1,13222,19130,20865,14534,21401,15070,20945,15070,219,485,1,108,12021,453,8443,16469,12854,8263,2445,5571,1754,9470,16464,3275,2246,150,4889,1,15:42
2024-25,1631218,Trayce Jackson-Davis,Trayce,1610612744,GSW,Golden State Warriors,0022400126,2024-10-30T00:00:00,GSW vs. NOP,W,20.2,12.5,16.0,0.778,0.0,0.0,0.0,1.8,3.6,0.5,1.8,14.3,16.0,3.6,0.0,0.0,1.8,1.8,1.8,3.6,26.7,19.6,56.7,0,0,49.9,1,1,13086,1,15862,1260,7057,1994,15070,20945,15070,11280,8757,10625,9311,706,1419,11191,16469,12854,4097,3947,16262,7494,3332,4072,1697,2246,150,2564,1,20:12
2024-25,1629660,Ty Jerome,Ty,1610612739,CLE,Cleveland Cavaliers,0022400118,2024-10-30T00:00:00,CLE vs. LAL,W,16.333333333333332,11.0,15.4,0.714,4.4,6.6,0.667,4.4,4.4,1.0,0.0,4.4,4.4,8.8,0.0,2.2,0.0,0.0,2.2,2.2,30.9,-11.0,56.0,0,0,52.9,1,1,13086,1,18704,2241,7915,2752,3219,9289,1957,4974,7016,1,14058,12502,16262,2168,16469,5376,8263,8846,14073,12147,1814,18328,1811,2246,150,1825,1,16:20
2024-25,1629673,Jordan Poole,Jordan,1610612764,WAS,Washington Wizards,0022400121,2024-10-30T00:00:00,WAS vs. ATL,W,32.28666666666667,6.7,20.1,0.333,4.5,10.0,0.444,8.9,8.9,1.0,1.1,2.2,3.3,10.0,5.6,3.3,0.0,2.2,4.5,5.6,26.8,15.6,50.3,0,0,51.3,1,1,13086,1,5750,9710,2917,17395,3130,3448,7211,1031,1915,1,12359,18979,18880,1416,1747,2475,8263,2583,5865,3224,3322,5385,3185,2246,150,2206,1,32:17
2024-25,1641712,Rayan Rupert,Rayan,1610612757,POR,Portland Trail Blazers,0022400127,2024-10-30T00:00:00,POR @ LAC,W,7.533333333333333,14.3,19.1,0.75,4.8,4.8,1.0,0.0,4.8,0.0,4.8,0.0,4.8,0.0,0.0,0.0,0.0,0.0,4.8,4.8,33.5,28.7,39.2,0,0,43.0,1,1,13086,1,22982,616,3648,2107,2595,13760,1,13505,6340,13505,2587,22137,15347,19908,16469,12854,8263,8846,5111,4548,1227,2156,8279,2246,150,5136,1,7:32
2024-25,203471,Dennis Schröder,Dennis,1610612751,BKN,Brooklyn Nets,0022400124,2024-10-30T00:00:00,BKN @ MEM,W,33.93833333333333,11.7,14.9,0.786,6.4,9.5,0.667,5.3,5.3,1.0,0.0,2.1,2.1,8.5,2.1,1.1,0.0,0.0,1.1,6.4,35.0,9.5,51.3,0,0,54.1,1,1,13086,1,4320,1741,8823,1975,1076,4042,1957,3650,5461,1,14058,19302,21575,2434,9900,11383,8263,8846,19335,2226,954,7922,2884,2246,150,1601,1,33:56
2024-25,1641736,Reece Beekman,Reece,1610612744,GSW,Golden State Warriors,0022400126,2024-10-30T00:00:00,GSW vs. NOP,W,1.3666666666666667,26.3,26.3,1.0,0.0,0.0,0.0,0.0,0.0,0.0,26.3,0.0,26.3,0.0,0.0,0.0,0.0,0.0,0.0,0.0,52.7,0.0,84.3,0,0,79.0,1,1,13086,1,25879,51,582,1,15070,20945,15070,13505,14344,13505,24,22137,157,19908,16469,12854,8263,8846,20257,17725,129,12240,145,2246,150,172,1,1:22
2024-25,1627751,Jakob Poeltl,Jakob,1610612761,TOR,Toronto Raptors,0022400117,2024-10-30T00:00:00,TOR @ CHA,L,35.11666666666667,10.3,14.4,0.714,0.0,0.0,0.0,0.0,0.0,0.0,5.1,11.3,16.4,2.1,1.0,2.1,0.0,1.0,4.1,1.0,20.5,18.5,48.4,1,0,43.1,1,13222,1,13222,3373,2962,9607,2752,15070,20945,15070,13505,14344,13505,2262,1764,1295,16187,15670,6011,8263,7704,6835,17291,7493,4422,3853,1,150,5113,1,35:07
2024-25,1630591,Jalen Suggs,Jalen,1610612753,ORL,Orlando Magic,0022400123,2024-10-30T00:00:00,ORL @ CHI,L,35.208333333333336,7.2,16.4,0.438,3.1,9.2,0.333,0.0,0.0,0.0,0.0,6.1,6.1,5.1,4.1,4.1,2.0,0.0,3.1,1.0,17.4,-3.1,46.7,0,0,44.0,1,13222,1,13222,3312,8567,6607,13558,6304,4525,9209,13505,14344,13505,14058,8033,11967,7218,3695,1553,3362,8846,10403,17305,10442,14605,4437,2246,150,4705,1,35:13
2024-25,201935,James Harden,James,1610612746,LAC,LA Clippers,0022400127,2024-10-30T00:00:00,LAC vs. POR,L,31.716666666666665,6.8,20.4,0.333,5.7,12.5,0.455,2.3,4.5,0.5,0.0,5.7,5.7,11.4,5.7,3.4,0.0,1.1,2.3,3.4,21.6,1.1,49.9,1,0,51.1,1,13222,1,13222,6220,9400,2677,17395,1582,1529,7148,9727,6764,10625,14058,9104,13095,885,1663,2373,8263,6751,13778,7936,6583,12056,3282,1,150,2257,1,31:43
2024-25,1628378,Donovan Mitchell,Donovan,1610612739,CLE,Cleveland Cavaliers,0022400118,2024-10-30T00:00:00,CLE vs. LAL,W,30.45,11.8,23.6,0.5,4.7,11.8,0.4,0.0,0.0,0.0,1.2,2.4,3.5,8.3,2.4,3.5,0.0,0.0,3.5,0.0,28.4,5.9,53.3,0,0,52.0,1,1,13086,1,7367,1642,1174,8526,2679,1886,7874,13505,14344,13505,11917,18586,18455,2631,8799,2182,8263,8846,8616,17725,2644,9655,2369,2246,150,2037,1,30:27
2024-25,1641731,Bilal Coulibaly,Bilal,1610612764,WAS,Washington Wizards,0022400121,2024-10-30T00:00:00,WAS vs. ATL,W,34.52,11.5,14.6,0.786,3.1,5.2,0.6,2.1,2.1,1.0,4.2,5.2,9.4,1.0,2.1,3.1,1.0,0.0,4.2,1.0,28.2,24.0,51.4,0,0,50.1,1,1,13086,1,3838,1887,9205,1975,6141,12667,2992,10340,12468,1,3336,10251,6205,19550,10069,2874,7180,8846,6634,17203,2728,3028,2865,2246,150,2518,1,34:31
2024-25,1628386,Jarrett Allen,Jarrett,1610612739,CLE,Cleveland Cavaliers,0022400118,2024-10-30T00:00:00,CLE vs. LAL,W,30.666666666666668,10.6,14.1,0.75,0.0,0.0,0.0,2.3,2.3,1.0,3.5,16.4,20.0,1.2,0.0,0.0,2.3,0.0,0.0,3.5,23.5,16.4,56.2,1,0,49.3,1,1,13086,1,7151,2651,10030,2107,15070,20945,15070,9458,11634,1,4341,387,540,19100,16469,12854,2648,8846,20257,7604,5148,5099,1773,1,150,2731,1,30:40
2024-25,202684,Tristan Thompson,Tristan,1610612739,CLE,Cleveland Cavaliers,0022400118,2024-10-30T00:00:00,CLE vs. LAL,W,5.266666666666667,13.7,13.7,1.0,0.0,0.0,0.0,0.0,6.8,0.0,0.0,20.5,20.5,6.8,6.8,0.0,0.0,0.0,0.0,6.8,27.3,13.7,55.4,0,0,54.7,1,1,13086,1,23875,796,10690,1,15070,20945,15070,13505,3535,13505,14058,157,465,4237,967,12854,8263,8846,20257,1789,3038,6136,1915,2246,150,1507,1,5:16
2024-25,1630178,Tyrese Maxey,Tyrese,1610612755,PHI,Philadelphia 76ers,0022400120,2024-10-30T00:00:00,PHI vs. DET,L,40.07333333333333,10.8,22.5,0.48,1.8,9.0,0.2,5.4,6.3,0.857,0.0,2.7,2.7,6.3,0.9,1.8,0.0,0.9,2.7,3.6,28.7,-9.9,45.9,0,0,43.1,1,13222,1,13222,544,2431,1603,11962,11095,4861,13429,3541,4142,7071,14058,17714,20460,5043,16351,7275,8263,8670,12060,7409,2507,17836,4777,2246,150,5079,1,40:04
2024-25,1628991,Jaren Jackson Jr.,Jaren,1610612763,MEM,Memphis Grizzlies,0022400124,2024-10-30T00:00:00,MEM vs. BKN,L,28.3,12.7,15.3,0.833,3.8,3.8,1.0,8.9,12.7,0.7,0.0,5.1,5.1,0.0,2.5,3.8,0.0,0.0,5.1,8.9,38.2,-1.3,53.2,0,0,54.7,1,13222,1,13222,9299,1140,8153,1514,4389,15963,1,1040,627,9366,14058,10606,14552,19908,8065,1830,8263,8846,4405,690,594,13706,2402,2246,150,1504,1,28:18
2024-25,1629628,RJ Barrett,RJ,1610612761,TOR,Toronto Raptors,0022400117,2024-10-30T00:00:00,TOR @ CHA,L,33.343333333333334,10.8,19.4,0.556,4.3,6.5,0.667,7.6,13.0,0.583,1.1,3.2,4.3,8.6,3.2,2.2,0.0,2.2,3.2,8.6,33.5,-6.5,54.8,0,0,55.1,1,13222,1,13222,4865,2416,3395,7248,3352,9596,1957,1634,592,10530,12640,15968,16490,2314,5702,5547,8263,2742,9702,775,1222,16281,2020,2246,150,1446,1,33:21
2024-25,1629645,Kevin Porter Jr.,Kevin,1610612746,LAC,LA Clippers,0022400127,2024-10-30T00:00:00,LAC vs. POR,L,15.05,12.0,26.3,0.455,0.0,9.6,0.0,0.0,0.0,0.0,2.4,12.0,14.4,2.4,12.0,4.8,0.0,4.8,2.4,4.8,23.9,-21.5,47.1,0,0,50.2,1,13222,1,13222,19524,1546,595,12676,15070,4015,15070,13505,14344,13505,6949,1384,2072,14904,205,1033,8263,416,13253,4536,4856,21974,4274,2246,150,2468,1,15:03
2024-25,1629027,Trae Young,Trae,1610612737,ATL,Atlanta Hawks,0022400121,2024-10-30T00:00:00,ATL @ WAS,L,40.35333333333333,10.7,25.0,0.429,3.6,11.6,0.308,6.2,6.2,1.0,1.8,1.8,3.6,13.4,2.7,1.8,0.0,0.9,1.8,7.1,31.2,-14.3,58.3,1,0,55.3,1,13222,1,13222,484,2501,829,13735,4986,2037,11292,2636,4180,1,9303,20288,18403,466,7602,7315,8263,8691,16256,1556,1723,19608,1442,1,150,1413,1,40:21
2024-25,1631114,Jalen Williams,Jalen,1610612760,OKC,Oklahoma City Thunder,0022400125,2024-10-30T00:00:00,OKC vs. SAS,W,26.7,6.7,17.5,0.385,1.3,4.0,0.333,1.3,2.7,0.5,0.0,9.4,9.4,10.8,1.3,5.4,1.3,2.7,4.0,1.3,16.2,25.6,62.6,0,0,51.2,1,1,13086,1,10565,9595,5224,16070,12660,15490,9209,12173,10755,10625,14058,3084,6125,1075,13579,687,5454,1748,7010,15687,11745,2689,911,2246,150,2219,1,26:42
2024-25,1630552,Jalen Johnson,Jalen,1610612737,ATL,Atlanta Hawks,0022400121,2024-10-30T00:00:00,ATL @ WAS,L,40.336666666666666,8.0,18.7,0.429,0.9,4.5,0.2,1.8,4.5,0.4,5.4,9.8,15.2,3.6,2.7,2.7,0.0,2.7,0.9,4.5,18.7,-10.7,47.7,1,0,43.7,1,13222,1,13222,488,6570,3976,13735,14980,14545,13429,11271,6912,13061,2040,2716,1696,11173,7596,3957,8263,1778,20167,5225,9088,18187,4083,1,150,4817,1,40:20
2024-25,1641710,Anthony Black,Anthony,1610612753,ORL,Orlando Magic,0022400123,2024-10-30T00:00:00,ORL @ CHI,L,23.2,1.6,7.8,0.2,0.0,3.1,0.0,3.1,3.1,1.0,1.6,3.1,4.7,9.3,1.6,1.6,4.7,1.6,4.7,1.6,6.2,-1.6,42.8,0,0,32.6,1,13222,1,13222,13550,22108,20582,21401,15070,17453,15070,7538,9715,1,10113,16399,15684,1801,12541,8188,629,4584,5395,14797,21246,13818,6207,2246,150,11950,1,23:12
2024-25,1629661,Cameron Johnson,Cameron,1610612751,BKN,Brooklyn Nets,0022400124,2024-10-30T00:00:00,BKN @ MEM,W,35.24,4.1,12.3,0.333,4.1,8.2,0.5,2.0,2.0,1.0,0.0,2.0,2.0,4.1,0.0,0.0,1.0,0.0,3.1,3.1,14.3,2.0,25.9,0,0,26.6,1,1,13086,1,3285,16875,13153,17395,3815,6136,3944,10482,12598,1,14058,19523,21712,9690,16469,12854,7336,8846,10416,9019,13607,11604,17653,2246,150,16495,1,35:14
2024-25,1642367,Jonathan Mogbo,Jonathan,1610612761,TOR,Toronto Raptors,0022400117,2024-10-30T00:00:00,TOR @ CHA,L,25.298333333333332,7.1,10.0,0.714,0.0,0.0,0.0,1.4,2.8,0.5,2.8,2.8,5.7,2.8,1.4,1.4,2.8,1.4,2.8,1.4,15.7,-12.8,38.1,0,0,32.7,1,13222,1,13222,11751,8665,17124,2752,15070,20945,15070,11973,10370,10625,5743,17252,13042,13454,13155,8786,1883,5086,11436,15354,12261,19056,8937,2246,150,11848,1,25:18
2024-25,1630231,KJ Martin,KJ,1610612755,PHI,Philadelphia 76ers,0022400120,2024-10-30T00:00:00,PHI vs. DET,L,22.486666666666668,3.2,6.4,0.5,0.0,0.0,0.0,3.2,3.2,1.0,0.0,3.2,3.2,0.0,0.0,0.0,1.6,1.6,3.2,3.2,9.6,11.2,18.3,0,0,16.0,1,13222,1,13222,14121,18993,22205,8526,15070,20945,15070,7333,9520,1,14058,16087,19236,19908,16469,12854,4549,4433,9856,8561,18543,7134,21988,2246,150,22703,1,22:29
2024-25,203084,Harrison Barnes,Harrison,1610612759,SAS,San Antonio Spurs,0022400125,2024-10-30T00:00:00,SAS @ OKC,L,29.683333333333334,8.5,14.6,0.583,2.4,3.6,0.667,2.4,2.4,1.0,4.9,0.0,4.9,1.2,1.2,1.2,0.0,1.2,0.0,2.4,21.8,-9.7,31.9,0,0,32.7,1,13222,1,13222,8057,5631,9275,6296,8389,16359,1957,9257,11404,1,2505,22137,15176,18975,14341,10066,8263,6167,20257,11244,6350,17759,13405,2246,150,11842,1,29:41
2024-25,1629003,Shake Milton,Shake,1610612751,BKN,Brooklyn Nets,0022400124,2024-10-30T00:00:00,BKN @ MEM,W,1.1166666666666667,0.0,0.0,0.0,0.0,0.0,0.0,0.0,0.0,0.0,0.0,32.2,32.2,0.0,0.0,0.0,0.0,0.0,0.0,0.0,0.0,0.0,38.7,0,0,32.2,1,1,13086,1,26010,22635,24836,22635,15070,20945,15070,13505,14344,13505,14058,30,67,19908,16469,12854,8263,8846,20257,17725,23200,12240,8604,2246,150,12176,1,1:07
2024-25,203937,Kyle Anderson,Kyle,1610612744,GSW,Golden State Warriors,0022400126,2024-10-30T00:00:00,GSW vs. NOP,W,15.3,9.4,9.4,1.0,2.4,2.4,1.0,2.4,4.7,0.5,2.4,7.1,9.4,4.7,0.0,0.0,2.4,0.0,2.4,4.7,23.5,2.4,48.9,0,0,44.7,1,1,13086,1,19374,4005,18093,1,8654,18898,1,9443,6468,10625,7080,6266,6164,8173,16469,12854,2640,8846,13424,4704,5107,11437,3646,2246,150,4389,1,15:18
2024-25,1629750,Javonte Green,Javonte,1610612740,NOP,New Orleans Pelicans,0022400126,2024-10-30T00:00:00,NOP @ GSW,L,25.683333333333334,1.4,7.0,0.2,1.4,5.6,0.25,2.8,2.8,1.0,2.8,4.2,7.0,2.8,1.4,4.2,2.8,0.0,1.4,2.8,7.0,-5.6,39.2,0,0,32.2,1,13222,1,13222,11418,22292,21550,21401,12447,11703,11902,8346,10483,1,5854,13103,10137,13579,13276,1451,1949,8846,17616,9952,20719,15882,8239,2246,150,12176,1,25:41
2024-25,1628997,Caleb Martin,Caleb,1610612755,PHI,Philadelphia 76ers,0022400120,2024-10-30T00:00:00,PHI vs. DET,L,32.583333333333336,2.2,11.0,0.2,1.1,3.3,0.333,2.2,4.4,0.5,1.1,4.4,5.5,1.1,2.2,0.0,0.0,0.0,4.4,3.3,7.7,1.1,13.8,0,0,15.5,1,13222,1,13222,5492,21016,15283,21401,13917,17034,9209,9910,6996,10625,12431,12481,13475,19338,9473,12854,8263,8846,5971,8207,20142,12078,23546,2246,150,22894,1,32:35
2024-25,1627747,Caris LeVert,Caris,1610612739,CLE,Cleveland Cavaliers,0022400118,2024-10-30T00:00:00,CLE vs. LAL,W,21.833333333333332,9.9,13.2,0.75,6.6,9.9,0.667,0.0,0.0,0.0,0.0,0.0,0.0,9.9,1.6,1.6,0.0,0.0,3.3,0.0,26.4,33.0,44.5,0,0,46.2,1,1,13086,1,14630,3340,11495,2107,949,3615,1957,13505,14344,13505,14058,22137,23286,1495,12144,7820,8263,8846,9463,17725,3491,1632,5412,2246,150,3755,1,21:50
2024-25,1630572,Sandro Mamukelashvili,Sandro,1610612759,SAS,San Antonio Spurs,0022400125,2024-10-30T00:00:00,SAS @ OKC,L,7.833333333333333,4.6,13.8,0.333,4.6,9.2,0.5,0.0,0.0,0.0,4.6,18.4,23.0,4.6,9.2,0.0,0.0,0.0,9.2,0.0,13.8,27.6,39.1,0,0,46.0,1,13222,1,13222,22872,15512,10513,17395,2899,4544,3944,13505,14344,13505,2808,232,264,8423,401,12854,8263,8846,901,17725,14179,2332,8361,2246,150,3825,1,7:50
2024-25,2544,LeBron James,LeBron,1610612747,LAL,Los Angeles Lakers,0022400118,2024-10-30T00:00:00,LAL @ CLE,L,28.966666666666665,11.2,16.2,0.692,1.2,3.7,0.333,8.7,8.7,1.0,1.2,6.2,7.5,3.7,7.5,0.0,0.0,0.0,2.5,6.2,32.3,-21.1,39.4,0,0,44.7,1,13222,1,13222,8697,2117,6892,3171,13136,16143,9209,1107,2047,1,11519,7869,9255,10716,723,12854,8263,8846,12860,2378,1457,21865,8133,2246,150,4379,1,28:58
2024-25,1630174,Aaron Nesmith,Aaron,1610612754,IND,Indiana Pacers,0022400119,2024-10-30T00:00:00,IND vs. BOS,W,30.366666666666667,5.9,10.7,0.556,2.4,4.7,0.5,0.0,0.0,0.0,1.2,8.3,9.5,3.6,1.2,0.0,1.2,0.0,7.1,2.4,14.2,11.9,33.3,0,0,32.0,1,1,13086,1,7443,11719,15941,7248,8590,13862,3944,13505,14344,13505,11893,4287,6086,11225,14546,12854,6270,8846,1884,11461,13699,6858,12337,2246,150,12384,1,30:22
2024-25,1629723,John Konchar,John,1610612763,MEM,Memphis Grizzlies,0022400124,2024-10-30T00:00:00,MEM vs. BKN,L,19.205,1.9,3.7,0.5,1.9,3.7,0.5,0.0,0.0,0.0,0.0,5.6,5.6,0.0,1.9,0.0,1.9,0.0,0.0,0.0,5.6,-3.7,16.1,0,0,16.9,1,13222,1,13222,16668,21620,24208,8526,10753,16104,3944,13505,14344,13505,14058,9253,13231,19908,11188,12854,3846,8846,20257,17725,21649,14920,22800,2246,150,22363,1,19:12
2024-25,1641724,Jett Howard,Jett,1610612753,ORL,Orlando Magic,0022400123,2024-10-30T00:00:00,ORL @ CHI,L,11.008333333333333,3.3,13.1,0.25,3.3,13.1,0.25,0.0,0.0,0.0,0.0,6.5,6.5,0.0,0.0,0.0,3.3,0.0,3.3,0.0,9.8,19.6,27.5,0,0,26.2,1,13222,1,13222,21706,18828,11708,20233,5755,1257,11902,13505,14344,13505,14058,7223,11086,19908,16469,12854,1418,8846,9567,17725,18344,4064,16609,2246,150,16823,1,11:01
2024-25,1631170,Jaime Jaquez Jr.,Jaime,1610612748,MIA,Miami Heat,0022400122,2024-10-30T00:00:00,MIA vs. NYK,L,27.3,2.6,13.2,0.2,0.0,2.6,0.0,5.3,10.5,0.5,2.6,7.9,10.5,5.3,1.3,0.0,0.0,2.6,5.3,6.6,10.5,2.6,29.8,0,0,26.4,1,13222,1,13222,10100,20206,11504,21401,15070,18381,15070,3687,1176,10625,6260,4845,4863,6880,13719,12854,8263,1824,4068,1997,17613,11300,14940,2246,150,16649,1,27:18
2024-25,1630696,Dru Smith,Dru,1610612748,MIA,Miami Heat,0022400122,2024-10-30T00:00:00,MIA vs. NYK,L,16.366666666666667,2.2,8.8,0.25,0.0,2.2,0.0,0.0,0.0,0.0,0.0,8.8,8.8,0.0,0.0,0.0,6.6,0.0,0.0,0.0,4.4,-15.4,34.8,0,0,26.4,1,13222,1,13222,18676,21040,19024,20233,15070,19171,15070,13505,14344,13505,14058,3726,7028,19908,16469,12854,235,8846,20257,17725,22347,20052,11242,2246,150,16624,1,16:22
2024-25,1628449,Chris Boucher,Chris,1610612761,TOR,Toronto Raptors,0022400117,2024-10-30T00:00:00,TOR @ CHA,L,16.756666666666668,12.9,21.5,0.6,2.1,8.6,0.25,0.0,0.0,0.0,2.1,6.4,8.6,2.1,2.1,0.0,2.1,0.0,2.1,0.0,27.9,8.6,45.8,0,0,45.1,1,13222,1,13222,18414,1073,2047,5394,9468,5428,11902,13505,14344,13505,7765,7417,7326,15829,9735,12854,3080,8846,14369,17725,2819,8366,4833,2246,150,4213,1,16:45
2024-25,1642261,Dalton Knecht,Dalton,1610612747,LAL,Los Angeles Lakers,0022400118,2024-10-30T00:00:00,LAL @ CLE,L,22.483333333333334,9.6,19.2,0.5,3.2,11.2,0.286,6.4,6.4,1.0,0.0,4.8,4.8,1.6,1.6,0.0,0.0,0.0,1.6,6.4,28.8,-17.6,35.4,0,0,38.4,1,13222,1,13222,14123,3714,3584,8526,5951,2320,11433,2495,4004,1,14058,11425,15295,17649,12327,12854,8263,8846,16871,2177,2474,20813,10814,2246,150,7752,1,22:29
2024-25,1628418,Thomas Bryant,Thomas,1610612748,MIA,Miami Heat,0022400122,2024-10-30T00:00:00,MIA vs. NYK,L,15.116666666666667,4.8,7.1,0.667,4.8,7.1,0.667,0.0,0.0,0.0,2.4,4.8,7.1,0.0,0.0,0.0,0.0,0.0,4.8,2.4,14.3,0.0,22.9,0,0,26.2,1,13222,1,13222,19484,15071,21386,3281,2615,8156,1957,13505,14344,13505,6977,11536,9863,19908,16469,12854,8263,8846,5146,11423,13622,12240,19642,2246,150,16799,1,15:07
2024-25,1631103,Malaki Branham,Malaki,1610612759,SAS,San Antonio Spurs,0022400125,2024-10-30T00:00:00,SAS @ OKC,L,19.866666666666667,10.9,19.9,0.545,5.4,7.2,0.75,0.0,0.0,0.0,0.0,5.4,5.4,0.0,1.8,0.0,0.0,0.0,0.0,0.0,27.2,-16.3,31.9,0,0,38.1,1,13222,1,13222,16126,2365,3013,7695,1805,7937,1542,13505,14344,13505,14058,9701,13709,19908,11488,12854,8263,8846,20257,17725,3120,20374,13408,2246,150,7992,1,19:52
2024-25,1631323,Simone Fontecchio,Simone,1610612765,DET,Detroit Pistons,0022400120,2024-10-30T00:00:00,DET @ PHI,W,17.45,0.0,2.1,0.0,0.0,2.1,0.0,4.1,4.1,1.0,2.1,6.2,8.3,4.1,2.1,0.0,0.0,0.0,2.1,2.1,4.1,6.2,18.2,0,0,16.5,1,1,13086,1,17959,22635,24744,22635,15070,19435,15070,5479,7576,1,8109,7915,7849,9587,10193,12854,8263,8846,14796,12789,22497,9520,22026,2246,150,22505,1,17:27
2024-25,1629636,Darius Garland,Darius,1610612739,CLE,Cleveland Cavaliers,0022400118,2024-10-30T00:00:00,CLE vs. LAL,W,22.183333333333334,8.1,22.7,0.357,3.2,11.4,0.286,0.0,0.0,0.0,0.0,0.0,0.0,16.2,3.2,3.2,0.0,0.0,4.9,0.0,19.5,26.0,50.3,1,0,45.4,1,1,13086,1,14357,6378,1490,17140,5832,2209,11433,13505,14344,13505,14058,22137,23286,202,5678,2654,8263,8846,4903,17725,8402,2621,3177,1,150,4051,1,22:11
2024-25,1627884,Derrick Jones Jr.,Derrick,1610612746,LAC,LA Clippers,0022400127,2024-10-30T00:00:00,LAC vs. POR,L,32.68333333333333,4.4,12.1,0.364,1.1,3.3,0.333,0.0,0.0,0.0,2.2,6.6,8.8,2.2,0.0,1.1,1.1,1.1,1.1,1.1,9.9,8.8,30.4,0,0,26.4,1,13222,1,13222,5409,16049,13387,16861,13937,17060,9209,13505,14344,13505,7574,7082,7001,15614,16469,11009,6781,7034,19092,16899,18249,8267,14498,2246,150,16591,1,32:41
2024-25,1630534,Ochai Agbaji,Ochai,1610612761,TOR,Toronto Raptors,0022400117,2024-10-30T00:00:00,TOR @ CHA,L,28.816666666666666,3.7,7.5,0.5,1.2,3.7,0.333,3.7,3.7,1.0,0.0,3.7,3.7,3.7,2.5,0.0,2.5,1.2,1.2,2.5,12.5,-12.5,27.6,0,0,26.2,1,13222,1,13222,8827,17715,20935,8526,13102,16107,9209,6189,8378,1,14058,14475,17940,10654,8248,12854,2378,5939,18278,10993,15597,18941,16493,2246,150,16771,1,28:49
2024-25,1627732,Ben Simmons,Ben,1610612751,BKN,Brooklyn Nets,0022400124,2024-10-30T00:00:00,BKN @ MEM,W,24.51,5.9,7.3,0.8,0.0,0.0,0.0,0.0,0.0,0.0,2.9,4.4,7.3,4.4,2.9,1.5,0.0,0.0,7.3,2.9,11.8,8.8,28.6,0,0,26.4,1,1,13086,1,12471,11881,21151,1688,15070,20945,15070,13505,14344,13505,5488,12512,9488,8867,6689,8540,8263,8846,1751,9470,16402,8266,15773,2246,150,16589,1,24:31
2024-25,1631321,Sidy Cissoko,Sidy,1610612759,SAS,San Antonio Spurs,0022400125,2024-10-30T00:00:00,SAS @ OKC,L,2.7666666666666666,0.0,0.0,0.0,0.0,0.0,0.0,0.0,0.0,0.0,0.0,13.0,13.0,13.0,0.0,0.0,0.0,0.0,0.0,0.0,0.0,52.0,35.1,0,0,26.0,1,13222,1,13222,25079,22635,24836,22635,15070,20945,15070,13505,14344,13505,14058,1006,2796,531,16469,12854,8263,8846,20257,17725,23200,501,10974,2246,150,16909,1,2:46
2024-25,1641741,Ricky Council IV,Ricky,1610612755,PHI,Philadelphia 76ers,0022400120,2024-10-30T00:00:00,PHI vs. DET,L,6.556666666666667,5.5,11.0,0.5,0.0,5.5,0.0,0.0,0.0,0.0,0.0,5.5,5.5,0.0,0.0,0.0,0.0,0.0,0.0,0.0,11.0,5.5,17.6,0,0,16.5,1,13222,1,13222,23353,13004,15383,8526,15070,11971,15070,13505,14344,13505,14058,9560,13565,19908,16469,12854,8263,8846,20257,17725,17195,9850,22274,2246,150,22522,1,6:33
2024-25,1630311,Pat Spencer,Pat,1610612744,GSW,Golden State Warriors,0022400126,2024-10-30T00:00:00,GSW vs. NOP,W,1.3666666666666667,0.0,0.0,0.0,0.0,0.0,0.0,0.0,0.0,0.0,0.0,0.0,0.0,26.3,0.0,0.0,0.0,0.0,0.0,0.0,0.0,0.0,39.5,0,0,26.3,1,1,13086,1,25879,22635,24836,22635,15070,20945,15070,13505,14344,13505,14058,22137,23286,32,16469,12854,8263,8846,20257,17725,23200,12240,8068,2246,150,16678,1,1:22
2024-25,1629634,Brandon Clarke,Brandon,1610612763,MEM,Memphis Grizzlies,0022400124,2024-10-30T00:00:00,MEM vs. BKN,L,20.105,9.0,9.0,1.0,0.0,0.0,0.0,5.4,5.4,1.0,3.6,1.8,5.4,1.8,0.0,3.6,0.0,0.0,0.0,3.6,23.3,9.0,43.2,0,0,37.6,1,13222,1,13222,15945,4804,18792,1,15070,20945,15070,3561,5352,1,4240,20264,13878,17112,16469,2118,8263,8846,20257,7452,5312,8203,6062,2246,150,8288,1,20:06
2024-25,1630559,Austin Reaves,Austin,1610612747,LAL,Los Angeles Lakers,0022400118,2024-10-30T00:00:00,LAL @ CLE,L,27.833333333333332,2.6,7.8,0.333,1.3,5.2,0.25,2.6,2.6,1.0,0.0,2.6,2.6,3.9,5.2,0.0,0.0,0.0,0.0,2.6,9.1,-18.1,12.8,0,0,16.8,1,13222,1,13222,9684,20295,20578,17395,12884,12764,11902,8835,11006,1,14058,17973,20659,10283,2139,12854,8263,8846,20257,10681,19026,20967,23820,2246,150,22373,1,27:50
2024-25,1627759,Jaylen Brown,Jaylen,1610612738,BOS,Boston Celtics,0022400119,2024-10-30T00:00:00,BOS @ IND,L,43.13333333333333,9.2,25.0,0.367,0.8,9.2,0.091,1.7,3.3,0.5,0.0,5.0,5.0,4.2,2.5,1.7,1.7,1.7,3.3,4.2,20.9,-10.9,40.6,0,0,37.6,1,13222,1,13222,141,4396,816,16860,15047,4568,15062,11470,9213,10625,14058,10867,14780,9462,8234,7725,4366,4225,9295,5897,7191,18252,7368,2246,150,8325,1,43:08
2024-25,203991,Clint Capela,Clint,1610612737,ATL,Atlanta Hawks,0022400121,2024-10-30T00:00:00,ATL @ WAS,L,23.883333333333333,7.5,10.6,0.714,0.0,0.0,0.0,3.0,3.0,1.0,0.0,7.5,7.5,0.0,3.0,0.0,0.0,1.5,3.0,3.0,18.1,-22.6,24.1,0,0,25.6,1,13222,1,13222,13003,7676,16131,2752,15070,20945,15070,7762,9937,1,14058,5432,9100,19908,6413,12854,8263,4745,10646,9184,9749,22251,18864,2246,150,17195,1,23:53
2024-25,1631104,Blake Wesley,Blake,1610612759,SAS,San Antonio Spurs,0022400125,2024-10-30T00:00:00,SAS @ OKC,L,12.95,5.6,13.9,0.4,0.0,5.6,0.0,2.8,5.6,0.5,0.0,2.8,2.8,0.0,5.6,0.0,0.0,0.0,0.0,8.3,13.9,8.3,11.7,0,0,16.7,1,13222,1,13222,20763,12819,10342,14933,15070,11817,15070,8390,5102,10625,14058,17463,20299,19908,1763,12854,8263,8846,20257,876,14044,8466,24094,2246,150,22433,1,12:57
2024-25,1626181,Norman Powell,Norman,1610612746,LAC,LA Clippers,0022400127,2024-10-30T00:00:00,LAC vs. POR,L,35.05,11.3,22.6,0.5,5.1,10.3,0.5,3.1,3.1,1.0,0.0,5.1,5.1,2.1,1.0,1.0,0.0,2.1,1.0,3.1,30.8,4.1,42.1,0,0,45.2,1,13222,1,13222,3418,2013,1546,8526,2121,3190,3944,7594,9768,1,14058,10464,14431,16175,15660,11694,8263,3046,19543,8954,1827,10591,6564,2246,150,4163,1,35:03
2024-25,1630543,Isaiah Jackson,Isaiah,1610612754,IND,Indiana Pacers,0022400119,2024-10-30T00:00:00,IND vs. BOS,W,25.116666666666667,4.3,7.2,0.6,0.0,0.0,0.0,5.7,5.7,1.0,2.9,4.3,7.2,0.0,1.4,2.9,2.9,0.0,8.6,2.9,14.3,11.5,38.7,0,0,33.0,1,1,13086,1,11895,16323,21359,5394,15070,20945,15070,3159,4843,1,5679,12809,9820,19908,13089,3493,1862,8846,1103,9705,13570,7028,8598,2246,150,11677,1,25:07
2024-25,1630577,Julian Champagnie,Julian,1610612759,SAS,San Antonio Spurs,0022400125,2024-10-30T00:00:00,SAS @ OKC,L,20.033333333333335,1.8,9.0,0.2,1.8,7.2,0.25,0.0,0.0,0.0,0.0,5.4,5.4,0.0,5.4,1.8,0.0,0.0,0.0,0.0,5.4,-30.5,11.9,0,0,16.2,1,13222,1,13222,15994,21762,18748,21401,11091,8068,11902,13505,14344,13505,14058,9808,13833,19908,1910,7272,8263,8846,20257,17725,21803,23823,24048,2246,150,22649,1,20:02
2024-25,1627824,Guerschon Yabusele,Guerschon,1610612755,PHI,Philadelphia 76ers,0022400120,2024-10-30T00:00:00,PHI vs. DET,L,18.773333333333333,5.8,7.7,0.75,3.8,5.8,0.667,0.0,0.0,0.0,0.0,3.8,3.8,3.8,3.8,3.8,1.9,0.0,7.7,3.8,15.3,-5.8,39.1,0,0,38.4,1,13222,1,13222,16995,12260,20689,2107,4349,11323,1957,13505,14344,13505,14058,14217,17736,10408,4219,1810,3713,8846,1530,6754,12580,15947,8321,2246,150,7795,1,18:46
2024-25,202710,Jimmy Butler III,Jimmy,1610612748,MIA,Miami Heat,0022400122,2024-10-30T00:00:00,MIA vs. NYK,L,37.4,5.8,8.7,0.667,0.0,1.9,0.0,2.9,3.9,0.75,1.9,1.9,3.9,3.9,3.9,1.9,0.0,1.0,2.9,1.9,14.4,-9.6,26.8,0,0,26.0,1,13222,1,13222,1739,12181,19252,3281,15070,19694,15070,8121,8134,8186,8728,19905,17708,10367,4186,6646,8263,8244,11231,13427,13469,17729,17111,2246,150,16940,1,37:24
2024-25,1626168,Trey Lyles,Trey,1610612758,SAC,Sacramento Kings,0022400115,2024-10-29T00:00:00,SAC @ UTA,W,20.266666666666666,1.8,3.6,0.5,0.0,1.8,0.0,0.0,0.0,0.0,0.0,12.4,12.4,1.8,0.0,3.6,3.6,0.0,5.3,0.0,3.6,10.7,42.5,0,0,32.0,1,1,13086,1,15810,21790,24288,8526,15070,19951,15070,13505,14344,13505,14058,1180,3168,17154,16469,2168,1187,8846,3970,17725,22755,7390,6396,2246,150,12412,1,20:16
2024-25,1629008,Michael Porter Jr.,Michael,1610612743,DEN,Denver Nuggets,0022400113,2024-10-29T00:00:00,DEN @ BKN,W,40.70333333333333,5.3,9.7,0.545,3.5,6.2,0.571,0.0,0.9,0.0,0.9,3.5,4.4,1.8,0.0,0.9,0.0,0.0,1.8,0.9,14.2,5.3,24.8,0,0,25.6,1,1,13086,1,418,13518,17526,7695,5066,10218,3506,13505,14328,13505,13943,15123,16235,17175,16469,12720,8263,8846,16313,17682,13788,9947,18444,2246,150,17175,1,40:42
2024-25,1626172,Kevon Looney,Kevon,1610612744,GSW,Golden State Warriors,0022400116,2024-10-29T00:00:00,GSW vs. NOP,W,19.95,3.6,9.0,0.4,0.0,0.0,0.0,0.0,0.0,0.0,9.0,7.2,16.2,3.6,1.8,3.6,1.8,0.0,7.2,0.0,7.2,19.8,46.6,0,0,37.9,1,1,13086,1,16058,18063,18681,14933,15070,20945,15070,13505,14344,13505,550,5968,1343,11059,11530,2082,4050,8846,1819,17725,20546,3996,4510,2246,150,8084,1,19:57
2024-25,1630228,Jonathan Kuminga,Jonathan,1610612744,GSW,Golden State Warriors,0022400116,2024-10-29T00:00:00,GSW vs. NOP,W,28.2,7.7,16.6,0.462,1.3,3.8,0.333,5.1,5.1,1.0,0.0,3.8,3.8,3.8,2.6,2.6,1.3,2.6,0.0,2.6,21.7,5.1,41.0,0,0,38.3,1,1,13086,1,9378,7353,6310,12428,12953,15934,9209,3874,5744,1,14058,14230,17746,10421,8036,4244,5754,1945,20257,10787,6467,10050,7182,2246,150,7824,1,28:12
2024-25,1642274,Yves Missi,Yves,1610612740,NOP,New Orleans Pelicans,0022400116,2024-10-29T00:00:00,NOP @ GSW,L,21.816666666666666,6.6,9.9,0.667,0.0,0.0,0.0,1.7,8.3,0.2,1.7,9.9,11.6,5.0,3.3,0.0,3.3,0.0,1.7,6.6,14.9,-6.6,42.7,0,0,38.0,1,13222,1,13222,14648,9926,17239,3281,15070,20945,15070,11505,2352,13489,9745,2655,3896,7566,5508,12854,1392,8846,16706,1989,13064,16336,6252,2246,150,8059,1,21:49
2024-25,1631218,Trayce Jackson-Davis,Trayce,1610612744,GSW,Golden State Warriors,0022400116,2024-10-29T00:00:00,GSW vs. NOP,W,16.916666666666668,2.1,2.1,1.0,0.0,0.0,0.0,2.1,4.3,0.5,0.0,4.3,4.3,10.6,2.1,0.0,2.1,0.0,0.0,4.3,6.4,12.8,31.7,0,0,25.5,1,1,13086,1,18307,21189,24737,1,15070,20945,15070,10205,7302,10625,14058,12949,16659,1143,9856,12854,3128,8846,20257,5712,21137,6494,13541,2246,150,17255,1,16:55
2024-25,1630322,Lindy Waters III,Lindy,1610612744,GSW,Golden State Warriors,0022400116,2024-10-29T00:00:00,GSW vs. NOP,W,30.573333333333334,9.4,15.3,0.615,3.5,8.2,0.429,2.4,2.4,1.0,3.5,5.9,9.4,4.7,0.0,1.2,0.0,1.2,3.5,2.4,24.7,30.6,46.6,0,0,44.7,1,1,13086,1,7260,3994,8104,5246,5075,6011,7394,9435,11607,1,4319,8573,6153,8166,16469,10369,8263,6424,8653,11517,4355,1882,4478,2246,150,4376,1,30:34
2024-25,1630702,Jaden Hardy,Jaden,1610612742,DAL,Dallas Mavericks,0022400114,2024-10-29T00:00:00,DAL @ MIN,W,4.416666666666667,8.2,8.2,1.0,0.0,0.0,0.0,0.0,0.0,0.0,0.0,8.2,8.2,8.2,8.2,0.0,0.0,0.0,0.0,0.0,16.3,24.5,30.2,0,0,32.6,1,1,13086,1,24278,6299,20013,1,15070,20945,15070,13505,14344,13505,14058,4483,8004,2738,559,12854,8263,8846,20257,17725,11602,2936,14692,2246,150,11935,1,4:25
2024-25,1629029,Luka Dončić,Luka,1610612742,DAL,Dallas Mavericks,0022400114,2024-10-29T00:00:00,DAL @ MIN,W,40.15,9.0,24.2,0.37,0.9,7.2,0.125,2.7,3.6,0.75,0.9,6.3,7.2,7.2,2.7,0.9,0.0,0.0,1.8,6.3,21.5,2.7,40.9,0,0,38.6,1,1,13086,1,528,4774,1012,16820,14969,8095,14886,8599,8711,8186,13916,7740,9804,3802,7561,12681,8263,8846,16215,2307,6623,11269,7234,2246,150,7673,1,40:09
2024-25,1642271,Kyle Filipowski,Kyle,1610612762,UTA,Utah Jazz,0022400115,2024-10-29T00:00:00,UTA vs. SAC,L,24.953333333333333,7.2,14.4,0.5,2.9,7.2,0.4,0.0,2.9,0.0,2.9,8.7,11.5,2.9,2.9,1.4,0.0,1.4,1.4,4.3,17.3,-10.1,36.9,0,0,37.5,1,13222,1,13222,12048,8421,9475,8526,6919,8022,7874,13505,10271,13505,5626,3878,3912,13328,6898,8681,8263,5012,17469,5525,10518,17928,9745,2246,150,8357,1,24:57
2024-25,1629234,Drew Eubanks,Drew,1610612762,UTA,Utah Jazz,0022400115,2024-10-29T00:00:00,UTA vs. SAC,L,4.5,0.0,8.0,0.0,0.0,0.0,0.0,0.0,0.0,0.0,0.0,8.0,8.0,8.0,0.0,0.0,0.0,8.0,0.0,0.0,0.0,72.0,21.6,0,0,16.0,1,13222,1,13222,24240,22635,20259,22635,15070,20945,15070,13505,14344,13505,14058,4702,8265,2886,16469,12854,8263,107,20257,17725,23200,222,20357,2246,150,22705,1,4:30
2024-25,1641718,Keyonte George,Keyonte,1610612762,UTA,Utah Jazz,0022400115,2024-10-29T00:00:00,UTA vs. SAC,L,30.45,3.5,15.4,0.231,2.4,11.8,0.2,2.4,2.4,1.0,1.2,3.5,4.7,13.0,4.7,0.0,0.0,2.4,1.2,2.4,11.8,-7.1,32.3,1,0,31.9,1,13222,1,13222,7367,18210,8008,21157,8617,1886,13429,9414,11585,1,11917,15093,15485,532,2679,12854,8263,2297,18639,11485,16320,16551,13105,1,150,12440,1,30:27
2024-25,1628368,De'Aaron Fox,De'Aaron,1610612758,SAC,Sacramento Kings,0022400115,2024-10-29T00:00:00,SAC @ UTA,W,30.916666666666668,9.3,17.5,0.533,1.2,2.3,0.5,2.3,2.3,1.0,2.3,3.5,5.8,7.0,3.5,1.2,0.0,2.3,3.5,5.8,22.1,21.0,39.6,0,0,38.4,1,1,13086,1,6943,4179,5278,8140,13567,18937,3944,9528,11695,1,7153,15254,12714,4015,5022,10467,8263,2375,8768,2859,6116,3708,8020,2246,150,7755,1,30:55
2024-25,201942,DeMar DeRozan,DeMar,1610612758,SAC,Sacramento Kings,0022400115,2024-10-29T00:00:00,SAC @ UTA,W,34.05,9.5,14.8,0.643,0.0,1.1,0.0,2.1,3.2,0.667,1.1,3.2,4.2,8.5,1.1,1.1,1.1,1.1,1.1,2.1,21.1,13.7,44.2,0,0,38.1,1,1,13086,1,4210,3854,8902,4607,15070,20795,15070,10249,9562,9425,12811,16186,16734,2461,15443,11423,7077,7429,19361,12545,6963,6106,5575,2246,150,7985,1,34:03
2024-25,1627742,Brandon Ingram,Brandon,1610612740,NOP,New Orleans Pelicans,0022400116,2024-10-29T00:00:00,NOP @ GSW,L,31.45,13.7,19.5,0.706,3.4,6.9,0.5,3.4,3.4,1.0,1.1,3.4,4.6,2.3,3.4,0.0,0.0,1.1,2.3,3.4,34.3,-11.4,39.8,0,0,44.6,1,13222,1,13222,6450,778,3369,3027,5301,8734,3944,6826,9019,1,12161,15424,15864,15274,5158,12854,8263,6680,13697,7858,1067,18506,7855,2246,150,4410,1,31:27
2024-25,204060,Joe Ingles,Joe,1610612750,MIN,Minnesota Timberwolves,0022400114,2024-10-29T00:00:00,MIN vs. DAL,L,4.066666666666666,0.0,8.9,0.0,0.0,8.9,0.0,0.0,0.0,0.0,0.0,0.0,0.0,8.9,0.0,0.0,0.0,0.0,0.0,0.0,0.0,-62.0,13.3,0,0,8.9,1,13222,1,13222,24450,22635,18928,22635,15070,5015,15070,13505,14344,13505,14058,22137,23286,2130,16469,12854,8263,8846,20257,17725,23200,25728,23699,2246,150,24637,1,4:04
2024-25,1629750,Javonte Green,Javonte,1610612740,NOP,New Orleans Pelicans,0022400116,2024-10-29T00:00:00,NOP @ GSW,L,19.406666666666666,1.9,3.7,0.5,1.9,1.9,1.0,0.0,0.0,0.0,3.7,7.4,11.1,1.9,1.9,1.9,0.0,1.9,0.0,1.9,5.6,-35.2,25.4,0,0,24.1,1,13222,1,13222,16496,21652,24223,8526,10854,19822,1,13505,14344,13505,4020,5646,4294,16912,11293,7003,8263,3722,20257,13714,21687,24440,17983,2246,150,18253,1,19:24
2024-25,1631212,Peyton Watson,Peyton,1610612743,DEN,Denver Nuggets,0022400113,2024-10-29T00:00:00,DEN @ BKN,W,19.75,5.5,9.1,0.6,1.8,3.6,0.5,0.0,0.0,0.0,0.0,3.6,3.6,0.0,0.0,0.0,0.0,0.0,9.1,0.0,12.8,0.0,17.1,0,0,18.2,1,1,13086,1,16221,13070,18534,5394,10979,16336,3944,13505,14344,13505,14058,14804,18214,19908,16469,12854,8263,8846,925,17725,15328,12240,22435,2246,150,21755,1,19:45
2024-25,1630553,Keon Johnson,Keon,1610612751,BKN,Brooklyn Nets,0022400113,2024-10-29T00:00:00,BKN vs. DEN,L,7.048333333333333,0.0,5.1,0.0,0.0,5.1,0.0,0.0,0.0,0.0,0.0,5.1,5.1,0.0,0.0,0.0,0.0,0.0,5.1,0.0,0.0,15.3,6.1,0,0,5.1,1,13222,1,13222,23153,22635,23381,22635,15070,12927,15070,13505,14344,13505,14058,10547,14497,19908,16469,12854,8263,8846,4359,17725,23200,5497,24901,2246,150,25095,1,7:03
2024-25,203497,Rudy Gobert,Rudy,1610612750,MIN,Minnesota Timberwolves,0022400114,2024-10-29T00:00:00,MIN vs. DAL,L,31.18,2.3,5.8,0.4,0.0,0.0,0.0,3.5,5.8,0.6,4.6,4.6,9.2,1.2,2.3,0.0,0.0,1.2,3.5,3.5,8.1,-9.2,18.6,0,0,18.5,1,13222,1,13222,6731,20835,22843,14933,15070,20945,15070,6768,4784,10343,2776,11938,6397,19167,9030,12854,8263,6598,8856,7763,19851,17543,21851,2246,150,21640,1,31:11
2024-25,1642403,Isaac Jones,Isaac,1610612758,SAC,Sacramento Kings,0022400115,2024-10-29T00:00:00,SAC @ UTA,W,2.05,0.0,17.6,0.0,0.0,0.0,0.0,0.0,0.0,0.0,0.0,0.0,0.0,0.0,0.0,0.0,0.0,0.0,17.6,0.0,0.0,-70.2,0.0,0,0,0.0,1,1,13086,1,25423,22635,5182,22635,15070,20945,15070,13505,14344,13505,14058,22137,23286,19908,16469,12854,8263,8846,164,17725,23200,25891,25228,2246,150,25259,1,2:03
2024-25,203926,Doug McDermott,Doug,1610612758,SAC,Sacramento Kings,0022400115,2024-10-29T00:00:00,SAC @ UTA,W,3.6,0.0,30.0,0.0,0.0,30.0,0.0,20.0,30.0,0.667,0.0,0.0,0.0,0.0,0.0,0.0,0.0,0.0,0.0,10.0,20.0,-30.0,20.0,0,0,20.0,1,1,13086,1,24663,22635,271,22635,15070,64,15070,74,57,9425,14058,22137,23286,19908,16469,12854,8263,8846,20257,420,7917,23732,21168,2246,150,20849,1,3:36
2024-25,1641722,Jordan Hawkins,Jordan,1610612740,NOP,New Orleans Pelicans,0022400116,2024-10-29T00:00:00,NOP @ GSW,L,25.766666666666666,0.0,8.4,0.0,0.0,1.4,0.0,5.6,5.6,1.0,0.0,2.8,2.8,1.4,2.8,1.4,0.0,1.4,4.2,2.8,5.6,-18.2,12.4,0,0,12.6,1,13222,1,13222,11353,22635,19661,22635,15070,20384,15070,3327,5058,1,14058,17412,20264,18352,7235,8919,8263,5187,6580,9977,21670,20980,23916,2246,150,23850,1,25:46
2024-25,1630631,Jose Alvarado,Jose,1610612740,NOP,New Orleans Pelicans,0022400116,2024-10-29T00:00:00,NOP @ GSW,L,21.766666666666666,3.3,6.6,0.5,0.0,3.3,0.0,3.3,3.3,1.0,0.0,0.0,0.0,6.6,3.3,1.7,0.0,1.7,1.7,3.3,9.9,-18.2,21.5,0,0,19.8,1,13222,1,13222,14698,18734,21998,8526,15070,17051,15070,7093,9289,1,14058,22137,23286,4550,5482,7790,8263,4275,16687,8226,18235,20988,20409,2246,150,20948,1,21:46
2024-25,203915,Spencer Dinwiddie,Spencer,1610612742,DAL,Dallas Mavericks,0022400114,2024-10-29T00:00:00,DAL @ MIN,W,18.083333333333332,2.0,10.0,0.2,2.0,10.0,0.2,0.0,0.0,0.0,0.0,4.0,4.0,4.0,2.0,2.0,0.0,0.0,4.0,2.0,6.0,15.9,20.7,0,0,19.9,1,1,13086,1,17512,21427,17135,21401,10206,3540,13429,13505,14344,13505,14058,13782,17357,9977,10560,6296,8263,8846,7192,13124,21422,5279,20837,2246,150,20910,1,18:05
2024-25,201988,Patty Mills,Patty,1610612762,UTA,Utah Jazz,0022400115,2024-10-29T00:00:00,UTA vs. SAC,L,17.55,0.0,2.1,0.0,0.0,2.1,0.0,0.0,0.0,0.0,0.0,2.1,2.1,0.0,0.0,2.1,2.1,0.0,0.0,0.0,0.0,-22.6,14.8,0,0,10.3,1,13222,1,13222,17887,22635,24747,22635,15070,19455,15070,13505,14344,13505,14058,19503,21698,19908,16469,6007,3344,8846,20257,17725,23200,22234,23249,2246,150,24376,1,17:33
2024-25,1629655,Daniel Gafford,Daniel,1610612742,DAL,Dallas Mavericks,0022400114,2024-10-29T00:00:00,DAL @ MIN,W,20.733333333333334,10.4,10.4,1.0,0.0,0.0,0.0,3.5,3.5,1.0,1.7,5.2,6.9,1.7,0.0,1.7,1.7,0.0,5.2,5.2,24.3,1.7,45.7,0,0,39.9,1,1,13086,1,15468,2802,16359,1,15070,20945,15070,6749,8940,1,9456,10260,10249,17267,16469,7496,4207,8846,4175,3766,4606,11777,4870,2246,150,6813,1,20:44
2024-25,1630529,Herbert Jones,Herbert,1610612740,NOP,New Orleans Pelicans,0022400116,2024-10-29T00:00:00,NOP @ GSW,L,20.016666666666666,3.6,5.4,0.667,1.8,3.6,0.5,0.0,0.0,0.0,0.0,5.4,5.4,0.0,1.8,1.8,0.0,0.0,0.0,0.0,9.0,12.6,19.1,0,0,19.8,1,13222,1,13222,16001,18089,23186,3281,11083,16447,3944,13505,14344,13505,14058,9798,13825,19908,11561,7269,8263,8846,20257,17725,19093,6569,21606,2246,150,20991,1,20:01
2024-25,1641732,Colby Jones,Colby,1610612758,SAC,Sacramento Kings,0022400115,2024-10-29T00:00:00,SAC @ UTA,W,3.6,0.0,0.0,0.0,0.0,0.0,0.0,0.0,0.0,0.0,0.0,0.0,0.0,0.0,10.0,0.0,10.0,0.0,0.0,0.0,0.0,-30.0,20.0,0,0,20.0,1,1,13086,1,24663,22635,24836,22635,15070,20945,15070,13505,14344,13505,14058,22137,23286,19908,328,12854,67,8846,20257,17725,23200,23732,21168,2246,150,20849,1,3:36
2024-25,1629003,Shake Milton,Shake,1610612751,BKN,Brooklyn Nets,0022400113,2024-10-29T00:00:00,BKN vs. DEN,L,16.555,2.2,10.9,0.2,2.2,10.9,0.2,0.0,0.0,0.0,0.0,2.2,2.2,4.3,0.0,2.2,0.0,0.0,4.3,0.0,6.5,17.4,22.2,0,0,19.6,1,13222,1,13222,18568,21082,15560,21401,9338,2609,13429,13505,14344,13505,14058,19147,21469,9009,16469,5496,8263,8846,6141,17725,21035,4773,20037,2246,150,21111,1,16:33
2024-25,1630548,Johnny Juzang,Johnny,1610612762,UTA,Utah Jazz,0022400115,2024-10-29T00:00:00,UTA vs. SAC,L,7.3,0.0,9.9,0.0,0.0,9.9,0.0,0.0,0.0,0.0,0.0,0.0,0.0,0.0,0.0,4.9,0.0,0.0,4.9,0.0,0.0,-39.5,14.8,0,0,9.9,1,13222,1,13222,23065,22635,17308,22635,15070,3644,15070,13505,14344,13505,14058,22137,23286,19908,16469,932,8263,8846,4769,17725,23200,24801,23240,2246,150,24453,1,7:18
2024-25,1641736,Reece Beekman,Reece,1610612744,GSW,Golden State Warriors,0022400116,2024-10-29T00:00:00,GSW vs. NOP,W,2.716666666666667,0.0,0.0,0.0,0.0,0.0,0.0,0.0,0.0,0.0,0.0,0.0,0.0,13.3,0.0,13.3,0.0,0.0,13.3,0.0,0.0,0.0,59.6,0,0,39.8,1,1,13086,1,25110,22635,24836,22635,15070,20945,15070,13505,14344,13505,14058,22137,23286,486,16469,60,8263,8846,321,17725,23200,12240,1234,2246,150,6915,1,2:43
2024-25,203471,Dennis Schröder,Dennis,1610612751,BKN,Brooklyn Nets,0022400113,2024-10-29T00:00:00,BKN vs. DEN,L,41.63333333333333,8.6,15.6,0.556,4.3,9.5,0.455,2.6,3.5,0.75,0.0,0.0,0.0,12.1,2.6,0.0,0.0,0.9,4.3,3.5,24.2,-9.5,39.8,1,0,40.6,1,13222,1,13222,287,5352,7739,7248,3346,4092,7148,8818,8968,8186,14058,22137,23286,694,7903,12854,8263,8746,6209,7782,4669,17677,7902,1,150,6418,1,41:38
2024-25,1629162,Jordan McLaughlin,Jordan,1610612758,SAC,Sacramento Kings,0022400115,2024-10-29T00:00:00,SAC @ UTA,W,3.6,0.0,0.0,0.0,0.0,0.0,0.0,0.0,0.0,0.0,0.0,0.0,0.0,10.0,0.0,0.0,0.0,0.0,10.0,10.0,0.0,-30.0,15.0,0,0,10.0,1,1,13086,1,24663,22635,24836,22635,15070,20945,15070,13505,14344,13505,14058,22137,23286,1434,16469,12854,8263,8846,701,420,23200,23732,23175,2246,150,24419,1,3:36
2024-25,1628989,Kevin Huerter,Kevin,1610612758,SAC,Sacramento Kings,0022400115,2024-10-29T00:00:00,SAC @ UTA,W,26.95,8.0,12.0,0.667,2.7,6.7,0.4,0.0,0.0,0.0,1.3,5.3,6.7,0.0,0.0,2.7,1.3,0.0,1.3,1.3,18.7,8.0,38.7,0,0,36.1,1,1,13086,1,10372,6608,13549,3281,7618,9143,7874,13505,14344,13505,11037,9920,10773,19908,16469,3967,5498,8846,17885,15739,9120,8626,8572,2246,150,9324,1,26:57
2024-25,203944,Julius Randle,Julius,1610612750,MIN,Minnesota Timberwolves,0022400114,2024-10-29T00:00:00,MIN vs. DAL,L,35.05,7.2,13.4,0.538,3.1,3.1,1.0,3.1,4.1,0.75,2.1,5.1,7.2,7.2,3.1,2.1,0.0,1.0,4.1,4.1,20.5,-4.1,43.0,0,0,42.1,1,13222,1,13222,3418,8481,11210,7978,6266,17488,1,7594,7612,8186,8146,10464,9771,3776,6184,5994,8263,7691,6815,6035,7452,15127,6125,2246,150,5591,1,35:03
2024-25,1641726,Dereck Lively II,Dereck,1610612742,DAL,Dallas Mavericks,0022400114,2024-10-29T00:00:00,DAL @ MIN,W,26.94,2.7,4.0,0.667,0.0,0.0,0.0,1.3,2.7,0.5,5.3,6.7,12.0,1.3,1.3,4.0,1.3,0.0,5.3,2.7,6.7,4.0,37.8,0,0,30.7,1,1,13086,1,10385,20149,24090,3281,15070,20945,15070,12210,10805,10625,2051,6929,3468,18548,13640,1624,5497,8846,3936,10400,20936,10642,9150,2246,150,13371,1,26:56
2024-25,1641729,Brice Sensabaugh,Brice,1610612762,UTA,Utah Jazz,0022400115,2024-10-29T00:00:00,UTA vs. SAC,L,15.7,9.2,18.3,0.5,6.9,11.5,0.6,0.0,0.0,0.0,2.3,4.6,6.9,2.3,2.3,0.0,0.0,0.0,2.3,0.0,25.2,29.8,34.6,0,0,41.3,1,13222,1,13222,19130,4405,4339,8526,804,2129,2992,13505,14344,13505,7267,12021,10362,15260,9103,12854,8263,8846,13681,17725,4103,1990,11351,2246,150,6036,1,15:42
2024-25,1630560,Cam Thomas,Cam,1610612751,BKN,Brooklyn Nets,0022400113,2024-10-29T00:00:00,BKN vs. DEN,L,38.483333333333334,7.5,20.6,0.364,0.9,7.5,0.125,8.4,8.4,1.0,0.0,2.8,2.8,2.8,1.9,0.0,0.0,2.8,4.7,4.7,24.3,-4.7,30.0,0,0,30.9,1,13222,1,13222,1114,7803,2588,16861,14852,7440,14886,1219,2247,1,14058,17381,20239,13567,11217,12854,8263,1597,5346,4767,4596,15404,14772,2246,150,13279,1,38:29
2024-25,1642262,Cody Williams,Cody,1610612762,UTA,Utah Jazz,0022400115,2024-10-29T00:00:00,UTA vs. SAC,L,29.833333333333332,3.6,8.4,0.429,3.6,7.2,0.5,0.0,0.0,0.0,0.0,0.0,0.0,2.4,1.2,2.4,0.0,0.0,1.2,0.0,10.9,-13.3,20.5,0,0,21.7,1,13222,1,13222,7938,18034,19577,13735,4872,7957,3944,13505,14344,13505,14058,22137,23286,14833,14389,4655,8263,8846,18497,17725,17308,19214,20935,2246,150,19830,1,29:50
2024-25,1627827,Dorian Finney-Smith,Dorian,1610612751,BKN,Brooklyn Nets,0022400113,2024-10-29T00:00:00,BKN vs. DEN,L,36.75,4.9,10.8,0.455,1.0,6.9,0.143,5.9,10.8,0.545,0.0,4.9,4.9,3.9,1.0,1.0,1.0,0.0,3.9,5.9,16.7,-2.9,33.3,0,0,30.4,1,13222,1,13222,2159,14676,15742,12676,14657,8760,14649,2994,1091,10618,14058,11163,15066,10177,15978,12129,7623,8846,7389,2780,11219,14541,12345,2246,150,13659,1,36:45
2024-25,1631099,Keegan Murray,Keegan,1610612758,SAC,Sacramento Kings,0022400115,2024-10-29T00:00:00,SAC @ UTA,W,32.35666666666667,6.7,15.6,0.429,2.2,7.8,0.286,0.0,0.0,0.0,1.1,4.5,5.6,1.1,1.1,1.1,0.0,0.0,1.1,0.0,15.6,17.8,26.1,0,0,26.7,1,1,13086,1,5685,9749,7726,13735,9139,6820,11433,13505,14344,13505,12375,12402,13386,19313,15045,10918,8263,8846,19031,17725,12347,4624,17522,2246,150,16395,1,32:21
2024-25,201144,Mike Conley,Mike,1610612750,MIN,Minnesota Timberwolves,0022400114,2024-10-29T00:00:00,MIN vs. DAL,L,21.583333333333332,3.3,10.0,0.333,3.3,6.7,0.5,5.0,5.0,1.0,1.7,5.0,6.7,10.0,3.3,0.0,0.0,0.0,6.7,5.0,15.0,0.0,34.7,0,0,35.0,1,13222,1,13222,14862,18669,17042,17395,5557,9160,3944,4034,5912,1,9689,10876,10791,1433,5396,12854,8263,8846,2248,4111,12887,12240,11296,2246,150,10067,1,21:35
2024-25,1628978,Donte DiVincenzo,Donte,1610612750,MIN,Minnesota Timberwolves,0022400114,2024-10-29T00:00:00,MIN vs. DAL,L,26.45,1.4,8.2,0.167,1.4,6.8,0.2,0.0,0.0,0.0,0.0,2.7,2.7,8.2,1.4,2.7,0.0,0.0,1.4,0.0,4.1,6.8,26.4,0,0,21.8,1,13222,1,13222,10776,22336,19993,21938,12600,8892,13429,13505,14344,13505,14058,17627,20399,2726,13504,3858,8263,8846,17781,17725,22514,9230,17345,2246,150,19801,1,26:27
2024-25,1630230,Naji Marshall,Naji,1610612742,DAL,Dallas Mavericks,0022400114,2024-10-29T00:00:00,DAL @ MIN,W,16.225,0.0,6.7,0.0,0.0,0.0,0.0,8.9,8.9,1.0,0.0,6.7,6.7,6.7,0.0,4.4,0.0,4.4,2.2,4.4,8.9,11.1,40.2,0,0,31.1,1,1,13086,1,18778,22635,21947,22635,15070,20945,15070,1050,1936,1,14058,6987,10830,4496,16469,1272,8263,501,14015,5268,19197,7193,7662,2246,150,13110,1,16:14
2024-25,1641730,Noah Clowney,Noah,1610612751,BKN,Brooklyn Nets,0022400113,2024-10-29T00:00:00,BKN vs. DEN,L,15.58,0.0,4.6,0.0,0.0,0.0,0.0,0.0,0.0,0.0,0.0,6.9,6.9,2.3,0.0,0.0,2.3,0.0,4.6,0.0,0.0,-9.2,18.7,0,0,13.9,1,13222,1,13222,19206,22635,23733,22635,15070,20945,15070,13505,14344,13505,14058,6487,10275,15194,16469,12854,2721,8846,5487,17725,23200,17545,21794,2246,150,23457,1,15:35
2024-25,1629012,Collin Sexton,Collin,1610612762,UTA,Utah Jazz,0022400115,2024-10-29T00:00:00,UTA vs. SAC,L,17.883333333333333,0.0,14.1,0.0,0.0,10.1,0.0,8.1,8.1,1.0,0.0,4.0,4.0,2.0,6.0,0.0,0.0,2.0,2.0,12.1,8.1,-22.1,9.9,0,0,14.1,1,13222,1,13222,17642,22635,10023,22635,15070,3423,15070,1389,2488,1,14058,13640,17257,16327,1355,12854,8263,3193,15072,195,19875,22112,24442,2246,150,23398,1,17:53
2024-25,1630526,Jeremiah Robinson-Earl,Jeremiah,1610612740,NOP,New Orleans Pelicans,0022400116,2024-10-29T00:00:00,NOP @ GSW,L,11.45,6.3,9.4,0.667,3.1,3.1,1.0,0.0,0.0,0.0,3.1,0.0,3.1,0.0,0.0,0.0,0.0,0.0,0.0,0.0,15.7,-31.4,19.5,0,0,22.0,1,13222,1,13222,21504,10753,18066,3281,6110,17375,1,13505,14344,13505,5054,22137,19388,19908,16469,12854,8263,8846,20257,17725,12198,23955,21409,2246,150,19674,1,11:27
2024-25,1627750,Jamal Murray,Jamal,1610612743,DEN,Denver Nuggets,0022400113,2024-10-29T00:00:00,DEN @ BKN,W,36.733333333333334,7.8,18.6,0.421,2.0,6.9,0.286,5.9,7.8,0.75,0.0,2.9,2.9,2.9,1.0,0.0,0.0,0.0,2.9,4.9,23.5,2.9,30.5,0,0,31.4,1,1,13086,1,2168,6985,4096,14442,10348,8758,11433,2990,2635,8186,14058,16935,19887,13130,15977,12854,8263,8846,10984,4294,5113,11153,14433,2246,150,12887,1,36:44
2024-25,1630183,Jaden McDaniels,Jaden,1610612750,MIN,Minnesota Timberwolves,0022400114,2024-10-29T00:00:00,MIN vs. DAL,L,34.63333333333333,6.2,11.4,0.545,1.0,3.1,0.333,0.0,0.0,0.0,3.1,1.0,4.2,4.2,1.0,0.0,0.0,0.0,3.1,2.1,13.5,-6.2,23.7,0,0,22.9,1,13222,1,13222,3749,10871,14605,7695,14308,17428,9209,13505,14344,13505,5099,21900,16918,9504,15566,12854,8263,8846,10206,12714,14490,16181,19153,2246,150,19094,1,34:38
2024-25,203967,Dario Šarić,Dario,1610612743,DEN,Denver Nuggets,0022400113,2024-10-29T00:00:00,DEN @ BKN,W,12.483333333333333,2.9,5.8,0.5,0.0,0.0,0.0,2.9,5.8,0.5,2.9,2.9,5.8,0.0,0.0,0.0,0.0,0.0,0.0,2.9,8.7,-8.7,15.6,0,0,14.4,1,1,13086,1,21003,19698,22849,8526,15070,20945,15070,8134,4790,10625,5629,17136,12846,19908,16469,12854,8263,8846,20257,9646,19391,17268,23001,2246,150,23282,1,12:29
2024-25,203468,CJ McCollum,CJ,1610612740,NOP,New Orleans Pelicans,0022400116,2024-10-29T00:00:00,NOP @ GSW,L,31.21,2.3,9.2,0.25,1.2,4.6,0.25,0.0,0.0,0.0,1.2,5.8,6.9,5.8,4.6,0.0,2.3,2.3,1.2,2.3,5.8,-8.1,25.0,0,0,24.2,1,13222,1,13222,6695,20841,18362,20233,13631,14166,11902,13505,14344,13505,12079,8868,10288,5923,2830,12854,2730,2414,18792,11714,21555,17004,18269,2246,150,18189,1,31:13
2024-25,1629638,Nickeil Alexander-Walker,Nickeil,1610612750,MIN,Minnesota Timberwolves,0022400114,2024-10-29T00:00:00,MIN vs. DAL,L,24.033333333333335,6.0,10.5,0.571,4.5,7.5,0.6,0.0,0.0,0.0,1.5,1.5,3.0,4.5,1.5,1.5,0.0,0.0,4.5,0.0,16.5,6.0,29.8,0,0,31.5,1,13222,1,13222,12869,11546,16252,6538,3079,7433,2992,13505,14344,13505,10329,20879,19754,8667,12749,8414,8263,8846,5793,17725,11412,9621,14935,2246,150,12807,1,24:02
2024-25,1630527,Brandon Boston,Brandon,1610612740,NOP,New Orleans Pelicans,0022400116,2024-10-29T00:00:00,NOP @ GSW,L,2.716666666666667,0.0,0.0,0.0,0.0,0.0,0.0,0.0,0.0,0.0,0.0,0.0,0.0,13.3,0.0,0.0,0.0,0.0,0.0,0.0,0.0,0.0,19.9,0,0,13.3,1,13222,1,13222,25110,22635,24836,22635,15070,20945,15070,13505,14344,13505,14058,22137,23286,486,16469,12854,8263,8846,20257,17725,23200,12240,21223,2246,150,23631,1,2:43
2024-25,202691,Klay Thompson,Klay,1610612742,DAL,Dallas Mavericks,0022400114,2024-10-29T00:00:00,DAL @ MIN,W,29.7,2.4,8.5,0.286,2.4,8.5,0.286,1.2,1.2,1.0,0.0,0.0,0.0,1.2,0.0,1.2,0.0,0.0,1.2,0.0,8.5,1.2,13.9,0,0,14.5,1,1,13086,1,8039,20602,19511,19630,8394,5610,11433,12550,13867,1,14058,22137,23286,18980,16469,10072,8263,8846,18464,17725,19527,12004,23515,2246,150,23235,1,29:42
2024-25,1641764,Brandin Podziemski,Brandin,1610612744,GSW,Golden State Warriors,0022400116,2024-10-29T00:00:00,GSW vs. NOP,W,33.53333333333333,8.6,19.3,0.444,3.2,8.6,0.375,0.0,0.0,0.0,1.1,2.1,3.2,5.4,0.0,1.1,2.1,0.0,2.1,0.0,20.4,18.3,42.0,0,0,38.6,1,1,13086,1,4698,5461,3480,13045,5900,5437,8800,13505,14344,13505,12689,19218,19172,6693,16469,11244,3081,8846,14372,17725,7581,4475,6633,2246,150,7616,1,33:32
2024-25,1630592,Jalen Wilson,Jalen,1610612751,BKN,Brooklyn Nets,0022400113,2024-10-29T00:00:00,BKN vs. DEN,L,20.973333333333333,5.1,10.3,0.5,3.4,8.6,0.4,5.1,5.1,1.0,3.4,6.9,10.3,3.4,0.0,1.7,0.0,0.0,3.4,5.1,18.9,13.7,41.5,0,0,39.5,1,13222,1,13222,15311,13951,16563,8526,5309,5447,7874,3818,5682,1,4481,6593,5119,11598,16469,7554,8263,8846,8967,3854,8963,6110,6865,2246,150,7086,1,20:58
2024-25,1631124,Julian Strawther,Julian,1610612743,DEN,Denver Nuggets,0022400113,2024-10-29T00:00:00,DEN @ BKN,W,22.266666666666666,4.9,9.7,0.5,1.6,4.9,0.333,0.0,0.0,0.0,0.0,6.5,6.5,0.0,1.6,1.6,0.0,1.6,0.0,0.0,11.3,-4.9,22.3,0,0,22.6,1,1,13086,1,14302,14809,17576,8526,11632,13562,9209,13505,14344,13505,14058,7383,11241,19908,12268,7924,8263,4389,20257,17725,16873,15502,19975,2246,150,19254,1,22:16
2024-25,1631128,Christian Braun,Christian,1610612743,DEN,Denver Nuggets,0022400113,2024-10-29T00:00:00,DEN @ BKN,W,38.71333333333333,2.8,6.5,0.429,1.9,2.8,0.667,3.7,5.6,0.667,0.0,2.8,2.8,2.8,0.0,0.0,1.9,0.0,3.7,3.7,11.2,8.4,24.3,0,0,22.3,1,1,13086,1,1008,19901,22102,13735,10831,18079,1957,6250,5069,9425,14058,17434,20277,13618,16469,12854,3905,8846,8007,7086,17028,8452,18761,2246,150,19473,1,38:43
2024-25,1630611,Gui Santos,Gui,1610612744,GSW,Golden State Warriors,0022400116,2024-10-29T00:00:00,GSW vs. NOP,W,2.716666666666667,0.0,0.0,0.0,0.0,0.0,0.0,0.0,0.0,0.0,0.0,0.0,0.0,13.3,13.3,0.0,0.0,0.0,0.0,0.0,0.0,0.0,6.6,0,0,13.3,1,1,13086,1,25110,22635,24836,22635,15070,20945,15070,13505,14344,13505,14058,22137,23286,486,152,12854,8263,8846,20257,17725,23200,12240,24850,2246,150,23631,1,2:43
2024-25,203937,Kyle Anderson,Kyle,1610612744,GSW,Golden State Warriors,0022400116,2024-10-29T00:00:00,GSW vs. NOP,W,19.816666666666666,0.0,16.3,0.0,0.0,10.9,0.0,1.8,3.6,0.5,0.0,3.6,3.6,7.3,0.0,9.1,0.0,0.0,1.8,1.8,1.8,16.3,44.3,0,0,30.9,1,1,13086,1,16160,22635,6614,22635,15070,2587,15070,11205,8621,10625,14058,14839,18246,3668,16469,141,8263,8846,16099,13867,23166,5126,5508,2246,150,13265,1,19:49
2024-25,1627741,Buddy Hield,Buddy,1610612744,GSW,Golden State Warriors,0022400116,2024-10-29T00:00:00,GSW vs. NOP,W,28.8,11.3,22.5,0.5,8.8,13.8,0.636,3.8,3.8,1.0,0.0,1.3,1.3,1.3,0.0,2.5,0.0,1.3,3.8,2.5,35.0,11.3,45.9,0,0,51.3,1,1,13086,1,8839,2052,1583,8526,324,1006,2842,6185,8374,1,14058,21399,22880,18843,16469,4386,8263,5934,7905,10987,956,7121,4794,2246,150,2216,1,28:48
2024-25,1629651,Nic Claxton,Nic,1610612751,BKN,Brooklyn Nets,0022400113,2024-10-29T00:00:00,BKN vs. DEN,L,26.131666666666668,11.0,12.4,0.889,0.0,0.0,0.0,0.0,0.0,0.0,2.8,13.8,16.5,2.8,0.0,0.0,4.1,0.0,8.3,2.8,22.0,-13.8,58.4,1,0,49.6,1,13222,1,13222,11069,2240,12898,1318,15070,20945,15070,13505,14344,13505,5965,808,1255,13731,16469,12854,847,8846,1245,10126,6177,19412,1414,1,150,2641,1,26:08
2024-25,1629675,Naz Reid,Naz,1610612750,MIN,Minnesota Timberwolves,0022400114,2024-10-29T00:00:00,MIN vs. DAL,L,25.67,7.0,11.2,0.625,2.8,7.0,0.4,2.8,2.8,1.0,0.0,12.6,12.6,2.8,7.0,0.0,1.4,0.0,1.4,1.4,19.6,-8.4,36.2,0,0,40.7,1,13222,1,13222,11426,8903,14995,4899,7201,8446,7874,8345,10482,1,14058,1118,3051,13577,888,12854,5226,8846,17615,15447,8232,17145,10251,2246,150,6399,1,25:40
2024-25,203903,Jordan Clarkson,Jordan,1610612762,UTA,Utah Jazz,0022400115,2024-10-29T00:00:00,UTA vs. SAC,L,25.616666666666667,11.2,22.5,0.5,2.8,9.8,0.286,4.2,4.2,1.0,1.4,5.6,7.0,4.2,1.4,0.0,0.0,2.8,4.2,2.8,29.5,-21.1,42.9,0,0,43.6,1,13222,1,13222,11477,2061,1593,8526,7180,3681,11433,5321,7385,1,10724,9259,10105,9345,13248,12854,8263,1589,6511,9933,2262,21854,6188,2246,150,4890,1,25:37
2024-25,1630541,Moses Moody,Moses,1610612744,GSW,Golden State Warriors,0022400116,2024-10-29T00:00:00,GSW vs. NOP,W,17.5,12.3,16.5,0.75,10.3,12.3,0.833,0.0,0.0,0.0,0.0,4.1,4.1,2.1,2.1,0.0,2.1,2.1,4.1,0.0,35.0,-8.2,47.1,0,0,55.5,1,1,13086,1,17920,1329,6478,2107,197,1594,1341,13505,14344,13505,14058,13373,17033,16161,10225,12854,3328,3031,6785,17725,966,17062,4282,2246,150,1383,1,17:30
2024-25,1631288,Jamal Cain,Jamal,1610612740,NOP,New Orleans Pelicans,0022400116,2024-10-29T00:00:00,NOP @ GSW,L,2.716666666666667,13.3,13.3,1.0,13.3,13.3,1.0,0.0,0.0,0.0,0.0,0.0,0.0,0.0,0.0,0.0,0.0,0.0,0.0,0.0,39.8,0.0,39.8,0,0,53.0,1,13222,1,13222,25110,923,11383,1,98,1181,1,13505,14344,13505,14058,22137,23286,19908,16469,12854,8263,8846,20257,17725,463,12240,7915,2246,150,1797,1,2:43
2024-25,201566,Russell Westbrook,Russell,1610612743,DEN,Denver Nuggets,0022400113,2024-10-29T00:00:00,DEN @ BKN,W,20.583333333333332,8.7,21.0,0.417,3.5,3.5,1.0,17.5,17.5,1.0,0.0,1.7,1.7,8.7,1.7,1.7,0.0,7.0,3.5,8.7,38.5,0.0,57.2,0,0,56.0,1,1,13086,1,15578,5190,2343,14532,5154,16658,1,109,206,1,14058,20351,22228,2224,11740,7445,8263,156,8756,735,556,12240,1597,2246,150,1315,1,20:35
2024-25,1630311,Pat Spencer,Pat,1610612744,GSW,Golden State Warriors,0022400116,2024-10-29T00:00:00,GSW vs. NOP,W,2.716666666666667,26.5,39.8,0.667,0.0,0.0,0.0,0.0,0.0,0.0,0.0,0.0,0.0,0.0,0.0,0.0,0.0,0.0,0.0,0.0,53.0,0.0,53.0,0,0,53.0,1,1,13086,1,25110,49,80,3281,15070,20945,15070,13505,14344,13505,14058,22137,23286,19908,16469,12854,8263,8846,20257,17725,125,12240,2454,2246,150,1797,1,2:43
2024-25,203458,Alex Len,Alex,1610612758,SAC,Sacramento Kings,0022400115,2024-10-29T00:00:00,SAC @ UTA,W,5.266666666666667,6.8,6.8,1.0,0.0,0.0,0.0,0.0,0.0,0.0,0.0,27.3,27.3,0.0,0.0,0.0,0.0,0.0,0.0,0.0,13.7,-47.8,46.5,0,0,41.0,1,1,13086,1,23875,9329,21747,1,15070,20945,15070,13505,14344,13505,14058,54,124,19908,16469,12854,8263,8846,20257,17725,14306,25307,4545,2246,150,6186,1,5:16
2024-25,203999,Nikola Jokić,Nikola,1610612743,DEN,Denver Nuggets,0022400113,2024-10-29T00:00:00,DEN @ BKN,W,40.516666666666666,8.0,14.2,0.563,0.0,0.0,0.0,9.8,11.6,0.846,5.3,10.7,16.0,14.2,0.9,0.0,0.9,0.0,2.7,10.7,25.8,7.1,68.1,1,1,57.8,1,1,13086,1,449,6642,9807,7127,15070,20945,15070,758,880,7255,2066,2113,1436,368,16370,12854,8122,8846,12181,312,3797,9086,522,1,1,1056,1,40:31
2024-25,1629656,Quentin Grimes,Quentin,1610612742,DAL,Dallas Mavericks,0022400114,2024-10-29T00:00:00,DAL @ MIN,W,12.15,8.9,14.8,0.6,8.9,14.8,0.6,0.0,0.0,0.0,0.0,3.0,3.0,0.0,5.9,3.0,0.0,0.0,0.0,0.0,26.7,-3.0,33.2,0,0,44.4,1,1,13086,1,21171,4904,8876,5394,307,734,2992,13505,14344,13505,14058,16844,19825,19908,1431,3240,8263,8846,20257,17725,3360,14556,12442,2246,150,4493,1,12:09
2024-25,1630533,Ziaire Williams,Ziaire,1610612751,BKN,Brooklyn Nets,0022400113,2024-10-29T00:00:00,BKN vs. DEN,L,22.02,11.4,13.1,0.875,6.5,8.2,0.8,0.0,0.0,0.0,3.3,1.6,4.9,6.5,3.3,0.0,1.6,0.0,4.9,1.6,29.4,1.6,46.8,0,0,50.7,1,13222,1,13222,14485,1909,11716,1353,982,6133,1389,13505,14344,13505,4806,20595,15049,4649,5602,12854,4471,8846,4826,14509,2287,11816,4421,2246,150,2347,1,22:01
2024-25,1627780,Gary Payton II,Gary,1610612744,GSW,Golden State Warriors,0022400116,2024-10-29T00:00:00,GSW vs. NOP,W,8.06,13.4,22.3,0.6,4.5,8.9,0.5,0.0,0.0,0.0,4.5,0.0,4.5,0.0,4.5,0.0,4.5,4.5,0.0,0.0,31.3,-13.4,45.6,0,0,49.1,1,1,13086,1,22803,874,1662,5394,3119,4920,3944,13505,14344,13505,2966,22137,16130,19908,3046,12854,691,491,20257,17725,1707,19266,4916,2246,150,2788,1,8:04
2024-25,1631165,Keon Ellis,Keon,1610612758,SAC,Sacramento Kings,0022400115,2024-10-29T00:00:00,SAC @ UTA,W,17.316666666666666,4.2,8.3,0.5,0.0,4.2,0.0,2.1,4.2,0.5,2.1,6.2,8.3,4.2,2.1,4.2,6.2,0.0,8.3,2.1,10.4,31.2,55.7,0,0,43.7,1,1,13086,1,18060,16709,19773,8526,15070,15210,15070,10362,7507,10625,8035,7816,7744,9504,10102,1490,273,8846,1222,12714,17768,1812,1857,2246,150,4852,1,17:19
2024-25,1630162,Anthony Edwards,Anthony,1610612750,MIN,Minnesota Timberwolves,0022400114,2024-10-29T00:00:00,MIN vs. DAL,L,37.333333333333336,11.6,19.3,0.6,6.8,12.5,0.538,5.8,11.6,0.5,0.0,5.8,5.8,2.9,4.8,0.0,1.0,0.0,1.0,7.7,35.7,-7.7,45.0,0,0,53.0,1,13222,1,13222,1775,1823,3504,5394,865,1508,3915,3099,876,10625,14058,8821,12794,13302,2548,12854,7726,8846,19884,1186,882,16835,5161,2246,150,1794,1,37:20
2024-25,1629627,Zion Williamson,Zion,1610612740,NOP,New Orleans Pelicans,0022400116,2024-10-29T00:00:00,NOP @ GSW,L,30.4,14.2,22.5,0.632,1.2,2.4,0.5,7.1,9.5,0.75,2.4,7.1,9.5,3.6,8.3,0.0,1.2,3.6,3.6,5.9,36.7,-16.6,48.7,0,0,53.3,1,13222,1,13222,7411,646,1583,4871,13452,18869,3944,1934,1608,8186,7018,6160,6091,11241,537,12854,6276,874,8592,2720,729,20471,3754,2246,150,1743,1,30:24
2024-25,203110,Draymond Green,Draymond,1610612744,GSW,Golden State Warriors,0022400116,2024-10-29T00:00:00,GSW vs. NOP,W,28.5,1.3,5.1,0.25,1.3,3.8,0.333,0.0,0.0,0.0,1.3,2.5,3.8,8.8,0.0,1.3,2.5,0.0,5.1,5.1,3.8,18.9,33.0,0,0,25.3,1,1,13086,1,9119,22441,23430,20233,13020,16016,9209,13505,14344,13505,11396,18113,17851,2138,16469,9693,2325,8846,4487,4011,22655,4279,12611,2246,150,17462,1,28:30
2024-25,1629023,P.J. Washington,P.J.,1610612742,DAL,Dallas Mavericks,0022400114,2024-10-29T00:00:00,DAL @ MIN,W,32.166666666666664,7.8,14.5,0.538,3.4,6.7,0.5,0.0,0.0,0.0,4.5,4.5,9.0,3.4,0.0,1.1,0.0,0.0,5.6,1.1,19.0,3.4,38.2,0,0,36.9,1,1,13086,1,5835,6999,9278,7978,5494,9080,3944,13505,14344,13505,2952,12320,6818,11798,16469,10870,8263,8846,3552,16827,8830,10943,8914,2246,150,8773,1,32:10
2024-25,203932,Aaron Gordon,Aaron,1610612743,DEN,Denver Nuggets,0022400113,2024-10-29T00:00:00,DEN @ BKN,W,33.25,8.7,11.9,0.727,1.1,3.2,0.333,7.6,7.6,1.0,1.1,4.3,5.4,2.2,1.1,0.0,1.1,1.1,3.2,4.3,26.0,5.4,37.9,0,0,36.8,1,1,13086,1,4943,5326,13741,2666,14055,17180,9209,1622,2832,1,12609,12710,13773,15745,15258,12854,6903,7202,9653,5517,3692,9880,9086,2246,150,8833,1,33:15
2024-25,1628464,Daniel Theis,Daniel,1610612740,NOP,New Orleans Pelicans,0022400116,2024-10-29T00:00:00,NOP @ GSW,L,21.283333333333335,3.4,8.5,0.4,0.0,3.4,0.0,1.7,3.4,0.5,1.7,10.1,11.8,5.1,1.7,0.0,1.7,0.0,3.4,1.7,8.5,-15.2,33.7,0,0,28.8,1,13222,1,13222,15078,18578,19559,14933,15070,16903,15070,11430,9131,10625,9607,2458,3624,7305,11955,12854,4315,8846,9144,14302,19554,19984,12066,2246,150,14889,1,21:17
2024-25,1628370,Malik Monk,Malik,1610612758,SAC,Sacramento Kings,0022400115,2024-10-29T00:00:00,SAC @ UTA,W,26.033333333333335,2.8,15.2,0.182,2.8,11.1,0.25,1.4,2.8,0.5,0.0,5.5,5.5,4.1,1.4,0.0,1.4,0.0,1.4,2.8,9.7,11.1,25.3,0,0,24.9,1,1,13086,1,11133,19946,8230,21891,7337,2434,11902,12062,10571,10625,14058,9450,13462,9528,13387,12854,5303,8846,17689,10086,18459,7209,18068,2246,150,17761,1,26:02
2024-25,1628374,Lauri Markkanen,Lauri,1610612762,UTA,Utah Jazz,0022400115,2024-10-29T00:00:00,UTA vs. SAC,L,17.446666666666665,6.2,10.3,0.6,2.1,6.2,0.333,0.0,0.0,0.0,2.1,4.1,6.2,2.1,4.1,0.0,0.0,0.0,2.1,0.0,14.4,-14.4,20.8,0,0,24.8,1,13222,1,13222,17970,10991,16528,5394,9848,10220,9209,13505,14344,13505,8108,13336,11844,16143,3615,12854,8263,8846,14794,17725,13462,19680,20768,2246,150,17847,1,17:27
2024-25,1627734,Domantas Sabonis,Domantas,1610612758,SAC,Sacramento Kings,0022400115,2024-10-29T00:00:00,SAC @ UTA,W,33.99333333333333,13.8,19.1,0.722,1.1,2.1,0.5,1.1,2.1,0.5,3.2,8.5,11.6,4.2,3.2,0.0,0.0,1.1,3.2,3.2,29.7,24.4,46.8,1,0,46.6,1,1,13086,1,4276,771,3704,2738,14199,19339,3944,13047,12359,10625,4990,4081,3807,9288,5885,12854,8263,7411,9964,8638,2213,2953,4395,1,150,3628,1,33:60
2024-25,202681,Kyrie Irving,Kyrie,1610612742,DAL,Dallas Mavericks,0022400114,2024-10-29T00:00:00,DAL @ MIN,W,39.435,11.9,21.0,0.565,5.5,7.3,0.75,2.7,4.6,0.6,1.8,1.8,3.7,4.6,0.9,0.9,0.0,0.0,2.7,3.7,32.0,3.7,45.0,0,0,47.5,1,1,13086,1,734,1609,2337,7102,1760,7814,1542,8489,6719,10343,9152,20178,18203,8496,16313,12607,8263,8846,11889,7258,1542,10835,5176,2246,150,3319,1,39:26
2024-25,1631117,Walker Kessler,Walker,1610612762,UTA,Utah Jazz,0022400115,2024-10-29T00:00:00,UTA vs. SAC,L,25.766666666666666,2.8,4.2,0.667,0.0,0.0,0.0,0.0,0.0,0.0,2.8,8.4,11.2,2.8,1.4,1.4,2.8,0.0,2.8,2.8,5.6,-18.2,34.4,0,0,27.9,1,13222,1,13222,11353,19888,24000,3281,15070,20945,15070,13505,14344,13505,5874,4177,4254,13600,13296,8919,1958,8846,11666,9977,21670,20980,11540,2246,150,15464,1,25:46
2024-25,1628381,John Collins,John,1610612762,UTA,Utah Jazz,0022400115,2024-10-29T00:00:00,UTA vs. SAC,L,23.0,11.0,25.0,0.438,1.6,6.3,0.25,4.7,4.7,1.0,6.3,4.7,11.0,0.0,3.1,1.6,1.6,3.1,6.3,6.3,28.2,-28.2,47.6,0,0,47.0,1,13222,1,13222,13724,2301,815,13558,11803,10057,11902,4517,6483,1,1497,11714,4448,19908,6039,8126,4657,1213,2641,2323,2718,23471,4113,2246,150,3488,1,23:00
2024-25,1629661,Cameron Johnson,Cameron,1610612751,BKN,Brooklyn Nets,0022400113,2024-10-29T00:00:00,BKN vs. DEN,L,39.825,6.3,12.7,0.5,5.4,9.0,0.6,0.0,0.0,0.0,0.9,5.4,6.3,4.5,0.0,0.9,0.0,0.0,1.8,0.9,18.1,-10.8,35.2,0,0,36.2,1,13222,1,13222,609,10631,12474,8526,1821,4757,2992,13505,14344,13505,13892,9731,11551,8602,16469,12651,8263,8846,16144,17658,9759,18251,10960,2246,150,9254,1,39:50
2024-25,1629028,Deandre Ayton,Deandre,1610612757,POR,Portland Trail Blazers,0022400112,2024-10-28T00:00:00,POR @ SAC,L,34.016666666666666,10.6,18.0,0.588,0.0,0.0,0.0,0.0,0.0,0.0,3.2,8.5,11.6,1.1,1.1,0.0,0.0,2.1,2.1,0.0,21.2,-11.6,35.7,1,0,33.9,1,13222,1,13222,4244,2639,4704,6229,15070,20945,15070,13505,14344,13505,4998,4091,3813,19498,15433,12854,8263,2873,14531,17725,6948,18592,10605,1,150,10955,1,34:01
2024-25,1627783,Pascal Siakam,Pascal,1610612754,IND,Indiana Pacers,0022400102,2024-10-28T00:00:00,IND @ ORL,L,33.81666666666667,10.6,19.2,0.556,2.1,5.3,0.4,4.3,5.3,0.8,2.1,7.5,9.6,4.3,2.1,2.1,0.0,0.0,5.3,6.4,27.7,-9.6,49.8,0,0,47.9,1,13222,1,13222,4424,2560,3618,7248,9559,12409,7874,5241,5428,7681,7851,5581,5946,9234,9850,5663,8263,8846,3985,2195,2901,17714,3322,2246,150,3181,1,33:49
2024-25,1630172,Patrick Williams,Patrick,1610612741,CHI,Chicago Bulls,0022400108,2024-10-28T00:00:00,CHI @ MEM,W,24.605,2.9,14.6,0.2,1.5,7.3,0.2,0.0,0.0,0.0,1.5,7.3,8.8,1.5,2.9,0.0,2.9,1.5,0.0,0.0,7.3,-27.8,25.9,0,0,24.9,1,1,13086,1,12376,19588,9160,21401,12197,7790,13429,13505,14344,13505,10471,5813,7064,18121,6744,12854,1780,4924,20257,17725,20475,23390,17684,2246,150,17782,1,24:36
2024-25,1628369,Jayson Tatum,Jayson,1610612738,BOS,Boston Celtics,0022400104,2024-10-28T00:00:00,BOS vs. MIL,W,36.416666666666664,5.9,15.8,0.375,1.0,7.9,0.125,2.0,2.0,1.0,0.0,7.9,7.9,4.0,3.0,2.0,1.0,1.0,4.9,3.0,14.8,17.8,36.2,0,0,33.6,1,1,13086,1,2394,11703,7395,16299,14609,6612,14886,10721,12783,1,14058,4848,8445,10054,6600,6352,7547,8017,4742,9373,13086,4628,10253,2246,150,11152,1,36:25
2024-25,1626204,Larry Nance Jr.,Larry,1610612737,ATL,Atlanta Hawks,0022400103,2024-10-28T00:00:00,ATL vs. WAS,L,23.105,9.3,14.0,0.667,4.7,7.8,0.6,0.0,0.0,0.0,4.7,0.0,4.7,6.2,1.6,3.1,1.6,0.0,6.2,3.1,23.4,-12.5,50.8,0,0,48.3,1,13222,1,13222,13630,4133,10138,3281,2777,6815,2992,13505,14344,13505,2712,22137,15637,5108,12516,2900,4685,8846,2676,8833,5224,18927,3048,2246,150,3046,1,23:06
2024-25,203935,Marcus Smart,Marcus,1610612763,MEM,Memphis Grizzlies,0022400108,2024-10-28T00:00:00,MEM vs. CHI,L,25.028333333333332,0.0,15.8,0.0,0.0,11.5,0.0,1.4,2.9,0.5,2.9,2.9,5.8,10.1,1.4,2.9,2.9,0.0,4.3,2.9,1.4,20.1,39.3,0,0,28.8,1,13222,1,13222,11987,22635,7391,22635,15070,2095,15070,11926,10291,10625,5650,17159,12899,1403,13066,3469,1852,8846,6233,9667,23181,3912,8221,2246,150,14881,1,25:02
2024-25,1631212,Peyton Watson,Peyton,1610612743,DEN,Denver Nuggets,0022400107,2024-10-28T00:00:00,DEN @ TOR,W,15.45,2.3,11.7,0.2,0.0,0.0,0.0,9.3,9.3,1.0,2.3,2.3,4.7,4.7,2.3,0.0,2.3,2.3,2.3,4.7,14.0,-16.3,31.2,0,0,28.0,1,1,13086,1,19281,20797,14216,21401,15070,20945,15070,898,1701,1,7147,18679,15669,8275,8944,12854,2685,2368,13524,4805,13954,20376,13885,2246,150,15450,1,15:27
2024-25,1630249,Vít Krejčí,Vít,1610612737,ATL,Atlanta Hawks,0022400103,2024-10-28T00:00:00,ATL vs. WAS,L,9.888333333333334,7.3,10.9,0.667,3.6,7.3,0.5,7.3,14.6,0.5,0.0,0.0,0.0,0.0,3.6,3.6,0.0,0.0,0.0,7.3,25.5,7.3,32.8,0,0,36.4,1,13222,1,13222,22141,8258,15493,3281,4823,7860,3944,1813,385,10625,14058,22137,23286,19908,4694,2043,8263,8846,20257,1456,3946,8997,12749,2246,150,9095,1,9:53
2024-25,1630591,Jalen Suggs,Jalen,1610612753,ORL,Orlando Magic,0022400102,2024-10-28T00:00:00,ORL vs. IND,W,34.755,8.3,17.6,0.471,6.2,13.5,0.462,3.1,4.1,0.75,1.0,4.1,5.2,7.3,2.1,1.0,1.0,1.0,1.0,3.1,25.9,9.3,47.1,0,0,48.7,1,1,13086,1,3652,6009,5124,12143,1154,1111,7119,7523,7538,8186,12976,13293,14323,3685,10153,11628,7232,7613,19496,8867,3734,8040,4268,2246,150,2930,1,34:45
2024-25,1628401,Derrick White,Derrick,1610612738,BOS,Boston Celtics,0022400104,2024-10-28T00:00:00,BOS vs. MIL,W,33.56666666666667,5.4,13.9,0.385,3.2,10.7,0.3,0.0,0.0,0.0,0.0,3.2,3.2,8.6,0.0,1.1,1.1,0.0,2.1,2.1,13.9,10.7,37.1,0,0,33.2,1,1,13086,1,4670,13362,10257,16070,5910,2751,11319,13505,14344,13505,14058,16032,19184,2360,16469,11253,6965,8846,14384,12422,13999,7359,9626,2246,150,11454,1,33:34
2024-25,1627734,Domantas Sabonis,Domantas,1610612758,SAC,Sacramento Kings,0022400112,2024-10-28T00:00:00,SAC vs. POR,W,35.86666666666667,5.0,8.0,0.625,1.0,2.0,0.5,5.0,6.0,0.833,2.0,11.0,13.0,7.0,3.0,0.0,0.0,0.0,4.0,4.0,16.1,10.0,39.2,1,0,37.1,1,1,13086,1,2776,14333,20209,4899,14531,19542,3944,4007,4438,7275,8356,1887,2775,3988,6428,12854,8263,8846,7097,6271,11866,7680,8240,1,150,8627,1,35:52
2024-25,1629639,Tyler Herro,Tyler,1610612748,MIA,Miami Heat,0022400105,2024-10-28T00:00:00,MIA vs. DET,W,33.25,7.6,21.7,0.35,3.2,13.0,0.25,2.2,2.2,1.0,0.0,4.3,4.3,6.5,2.2,1.1,0.0,1.1,0.0,1.1,20.6,-7.6,36.6,0,0,36.8,1,1,13086,1,4943,7560,1959,17337,5815,1301,11902,10067,12196,1,14058,12710,16456,4719,9661,11163,8263,7202,20257,16989,7422,16771,9968,2246,150,8833,1,33:15
2024-25,203932,Aaron Gordon,Aaron,1610612743,DEN,Denver Nuggets,0022400107,2024-10-28T00:00:00,DEN @ TOR,W,42.125,3.4,6.8,0.5,1.7,1.7,1.0,5.1,6.8,0.75,4.3,5.1,9.4,6.8,4.3,1.7,0.9,0.0,1.7,6.0,13.7,9.4,38.6,1,0,36.7,1,1,13086,1,249,18501,21745,8526,11369,20036,1,3855,3533,8186,3204,10484,6183,4236,3377,7575,8181,8846,16504,2649,14304,7990,8633,1,150,8885,1,42:08
2024-25,1628384,OG Anunoby,OG,1610612752,NYK,New York Knicks,0022400106,2024-10-28T00:00:00,NYK vs. CLE,L,36.86666666666667,6.8,12.7,0.538,1.0,3.9,0.25,0.0,1.0,0.0,1.0,1.0,2.0,2.0,2.0,2.0,1.0,0.0,2.9,2.0,14.6,2.9,26.8,0,0,25.4,1,13222,1,13222,2081,9329,12394,7978,14672,15771,11902,13505,14251,13505,13446,22003,21902,16548,10767,6487,7648,8846,11036,13305,13249,11161,17113,2246,150,17366,1,36:52
2024-25,1629008,Michael Porter Jr.,Michael,1610612743,DEN,Denver Nuggets,0022400107,2024-10-28T00:00:00,DEN @ TOR,W,39.355,5.5,11.0,0.5,0.9,3.7,0.25,0.0,0.9,0.0,1.8,6.4,8.2,1.8,0.9,0.0,0.9,0.9,2.7,0.9,11.9,-9.1,26.3,0,0,24.7,1,1,13086,1,767,13015,15394,8526,14918,16312,11902,13505,14305,13505,9132,7500,7887,16998,16303,12854,8022,8584,11868,17635,16247,17500,17389,2246,150,17889,1,39:21
2024-25,1630540,Miles McBride,Miles,1610612752,NYK,New York Knicks,0022400106,2024-10-28T00:00:00,NYK vs. CLE,L,29.133333333333333,7.4,14.8,0.5,2.5,7.4,0.333,0.0,0.0,0.0,1.2,2.5,3.7,4.9,1.2,0.0,0.0,1.2,2.5,1.2,17.3,-3.7,27.9,0,0,28.4,1,13222,1,13222,8558,7978,8852,8526,8251,7578,9209,13505,14344,13505,11567,18262,18056,7587,14196,12854,8263,6018,12906,16205,10528,14889,16279,2246,150,15129,1,29:08
2024-25,1630578,Alperen Sengun,Alperen,1610612745,HOU,Houston Rockets,0022400109,2024-10-28T00:00:00,HOU @ SAS,W,26.133333333333333,6.9,19.3,0.357,1.4,1.4,1.0,1.4,2.8,0.5,6.9,9.6,16.5,6.9,2.8,1.4,1.4,2.8,6.9,4.1,16.5,-1.4,52.2,1,0,46.8,1,1,13086,1,11058,9195,3504,17140,12532,20397,1,12079,10598,10625,1184,2880,1256,4153,7358,9025,5323,1660,2070,5978,11358,13747,2664,1,150,3537,1,26:08
2024-25,1628404,Josh Hart,Josh,1610612752,NYK,New York Knicks,0022400106,2024-10-28T00:00:00,NYK vs. CLE,L,37.833333333333336,3.8,9.5,0.4,1.9,4.8,0.4,5.7,5.7,1.0,3.8,8.6,12.4,1.9,4.8,2.9,0.0,1.0,1.0,3.8,15.2,-3.8,36.7,1,0,37.1,1,13222,1,13222,1488,17545,17919,14933,10619,13820,7874,3176,4878,1,3874,3976,3221,16740,2647,3537,8263,8327,19960,6832,12681,14955,9873,1,150,8641,1,37:50
2024-25,1631128,Christian Braun,Christian,1610612743,DEN,Denver Nuggets,0022400107,2024-10-28T00:00:00,DEN @ TOR,W,39.65,5.4,10.0,0.545,0.9,3.6,0.25,3.6,3.6,1.0,1.8,1.8,3.6,1.8,0.9,0.9,0.9,0.9,2.7,1.8,15.4,7.3,27.1,0,0,25.4,1,1,13086,1,668,13138,17076,7695,14936,16372,11902,6428,8624,1,9187,20204,18250,17039,16330,12632,8057,8618,11939,13871,12481,9011,16894,2246,150,17340,1,39:39
2024-25,1631106,Tari Eason,Tari,1610612745,HOU,Houston Rockets,0022400109,2024-10-28T00:00:00,HOU @ SAS,W,21.733333333333334,3.3,8.3,0.4,0.0,3.3,0.0,3.3,3.3,1.0,3.3,5.0,8.3,3.3,0.0,3.3,0.0,1.7,6.6,1.7,9.9,5.0,34.8,0,0,28.2,1,1,13086,1,14727,18721,19821,14933,15070,17037,15070,7079,9275,1,4721,10968,7795,11932,16469,2537,8263,4264,2292,14422,18210,10132,11213,2246,150,15323,1,21:44
2024-25,1630596,Evan Mobley,Evan,1610612739,CLE,Cleveland Cavaliers,0022400106,2024-10-28T00:00:00,CLE @ NYK,W,35.8,7.0,12.1,0.583,1.0,1.0,1.0,2.0,2.0,1.0,0.0,8.0,8.0,1.0,1.0,0.0,3.0,1.0,4.0,2.0,17.1,14.1,36.3,0,0,33.2,1,1,13086,1,2822,8840,13474,6296,14513,20855,1,10605,12694,1,14058,4640,8182,19663,15812,12854,1669,7870,7081,13034,10746,5973,10158,2246,150,11511,1,35:48
2024-25,1630167,Obi Toppin,Obi,1610612754,IND,Indiana Pacers,0022400102,2024-10-28T00:00:00,IND @ ORL,L,14.196666666666667,12.7,15.2,0.833,7.6,10.1,0.75,2.5,5.1,0.5,2.5,2.5,5.1,0.0,2.5,0.0,0.0,0.0,2.5,2.5,35.5,12.7,39.1,0,0,48.2,1,13222,1,13222,20089,1162,8223,1514,551,3334,1542,8945,5795,10625,6509,18092,14599,19908,8096,12854,8263,8846,12649,10856,903,6527,8365,2246,150,3090,1,14:12
2024-25,2544,LeBron James,LeBron,1610612747,LAL,Los Angeles Lakers,0022400111,2024-10-28T00:00:00,LAL @ PHX,L,35.8,3.0,14.1,0.214,2.0,5.0,0.4,3.0,6.0,0.5,0.0,5.0,5.0,8.0,2.0,1.0,0.0,1.0,1.0,3.0,11.1,-17.1,30.2,0,0,28.2,1,13222,1,13222,2822,19381,10043,21369,10115,13142,7874,7759,4424,10625,14058,10800,14728,2843,10464,11904,8263,7870,19675,9173,17131,20660,14686,2246,150,15326,1,35:48
2024-25,1630557,Corey Kispert,Corey,1610612764,WAS,Washington Wizards,0022400103,2024-10-28T00:00:00,WAS @ ATL,W,34.48833333333334,7.3,15.7,0.467,4.2,9.4,0.444,3.1,4.2,0.75,0.0,4.2,4.2,1.0,1.0,1.0,0.0,0.0,4.2,2.1,21.9,13.6,30.6,0,0,33.4,1,1,13086,1,3864,8213,7602,12249,3622,4264,7211,7470,7467,8186,14058,13182,16867,19549,15532,11551,8263,8846,6624,12676,6275,6179,14360,2246,150,11315,1,34:29
2024-25,202691,Klay Thompson,Klay,1610612742,DAL,Dallas Mavericks,0022400110,2024-10-28T00:00:00,DAL vs. UTA,W,27.831666666666667,9.1,19.4,0.467,5.2,14.2,0.364,0.0,0.0,0.0,1.3,3.9,5.2,2.6,1.3,0.0,0.0,0.0,0.0,0.0,23.3,9.1,32.1,0,0,36.2,1,1,13086,1,9696,4602,3415,12249,2078,866,9100,13505,14344,13505,11226,14090,14332,14255,13832,12854,8263,8846,20257,17725,5302,8153,13269,2246,150,9212,1,27:50
2024-25,1629656,Quentin Grimes,Quentin,1610612742,DAL,Dallas Mavericks,0022400110,2024-10-28T00:00:00,DAL vs. UTA,W,12.8,2.8,11.3,0.25,0.0,5.6,0.0,5.6,5.6,1.0,2.8,5.6,8.4,2.8,0.0,0.0,2.8,0.0,8.4,2.8,11.3,28.1,34.0,0,0,28.1,1,1,13086,1,20839,19847,14928,20233,15070,11644,15070,3286,5010,1,5832,9240,7568,13548,16469,12854,1934,8846,1162,9924,16948,2246,11776,2246,150,15342,1,12:48
2024-25,1631105,Jalen Duren,Jalen,1610612765,DET,Detroit Pistons,0022400105,2024-10-28T00:00:00,DET @ MIA,L,28.783333333333335,6.3,7.5,0.833,0.0,0.0,0.0,0.0,0.0,0.0,5.0,8.8,13.8,2.5,0.0,0.0,3.8,0.0,2.5,1.3,12.5,3.8,44.0,1,0,36.3,1,13222,1,13222,8852,10839,20921,1514,15070,20945,15070,13505,14344,13505,2379,3770,2361,14542,16469,12854,1059,8846,12790,16129,15585,10776,5662,1,150,9178,1,28:47
2024-25,1626156,D'Angelo Russell,D'Angelo,1610612747,LAL,Los Angeles Lakers,0022400111,2024-10-28T00:00:00,LAL @ PHX,L,33.325,5.4,14.0,0.385,2.2,9.7,0.222,2.2,2.2,1.0,0.0,1.1,1.1,9.7,2.2,0.0,0.0,0.0,3.2,1.1,15.1,0.0,28.8,0,0,28.1,1,13222,1,13222,4883,13271,10105,16070,9396,3823,13288,10078,12214,1,14058,21805,23114,1579,9682,12854,8263,8846,9692,17002,12784,12240,15602,2246,150,15363,1,33:20
2024-25,201942,DeMar DeRozan,DeMar,1610612758,SAC,Sacramento Kings,0022400112,2024-10-28T00:00:00,SAC vs. POR,W,33.9,7.4,14.9,0.5,0.0,1.1,0.0,9.6,10.6,0.9,1.1,3.2,4.2,3.2,1.1,3.2,0.0,0.0,1.1,8.5,24.4,19.1,42.8,0,0,38.2,1,1,13086,1,4348,7931,8797,8526,15070,20787,15070,818,1145,6805,12780,16133,16687,12371,15409,2769,8263,8846,19325,831,4537,4223,6227,2246,150,7870,1,33:54
2024-25,1630175,Cole Anthony,Cole,1610612753,ORL,Orlando Magic,0022400102,2024-10-28T00:00:00,ORL vs. IND,W,11.195,0.0,9.6,0.0,0.0,6.4,0.0,0.0,0.0,0.0,6.4,9.6,16.1,3.2,9.6,0.0,3.2,3.2,6.4,3.2,0.0,6.4,24.1,0,0,25.7,1,1,13086,1,21624,22635,17679,22635,15070,9690,15070,13505,14344,13505,1403,2877,1405,12246,354,12854,1461,1144,2465,8508,23200,9404,18863,2246,150,17126,1,11:12
2024-25,1642259,Alex Sarr,Alex,1610612764,WAS,Washington Wizards,0022400103,2024-10-28T00:00:00,WAS @ ATL,W,27.011666666666667,4.0,14.7,0.273,1.3,6.7,0.2,0.0,0.0,0.0,5.3,6.7,12.0,1.3,1.3,1.3,2.7,1.3,5.3,1.3,9.3,-14.7,36.4,0,0,32.0,1,1,13086,1,10329,17096,9122,20048,12722,9183,13429,13505,14344,13505,2067,6973,3499,18558,13660,9289,2130,5486,3966,15755,18786,19771,10089,2246,150,12400,1,27:01
2024-25,1627832,Fred VanVleet,Fred,1610612745,HOU,Houston Rockets,0022400109,2024-10-28T00:00:00,HOU @ SAS,W,40.95,3.5,12.3,0.286,2.6,7.0,0.375,0.0,0.0,0.0,0.9,1.8,2.6,7.9,0.0,1.8,0.0,0.9,2.6,2.6,9.7,3.5,30.0,0,0,26.4,1,1,13086,1,378,18290,13065,19630,7717,8396,8800,13505,14344,13505,13958,20335,20570,2985,16469,7409,8263,8717,12296,10522,18469,10886,14813,2246,150,16649,1,40:57
2024-25,1641748,Andre Jackson Jr.,Andre,1610612749,MIL,Milwaukee Bucks,0022400104,2024-10-28T00:00:00,MIL @ BOS,L,8.516666666666667,8.5,12.7,0.667,0.0,4.2,0.0,0.0,0.0,0.0,4.2,8.5,12.7,8.5,4.2,0.0,0.0,0.0,16.9,0.0,16.9,16.9,40.6,0,0,38.0,1,13222,1,13222,22624,5702,12416,3281,15070,15058,15070,13505,14344,13505,3277,4108,3012,2464,3452,12854,8263,8846,179,17725,10951,4939,7411,2246,150,8001,1,8:31
2024-25,1629628,RJ Barrett,RJ,1610612761,TOR,Toronto Raptors,0022400107,2024-10-28T00:00:00,TOR vs. DEN,L,28.666666666666668,11.3,26.4,0.429,2.5,7.5,0.333,0.0,0.0,0.0,1.3,5.0,6.3,3.8,2.5,0.0,0.0,0.0,6.3,1.3,25.1,-3.8,35.8,0,0,37.7,1,13222,1,13222,8958,2011,580,13735,8107,7318,9209,13505,14344,13505,11451,10813,11658,10598,8192,12854,8263,8846,2624,16105,4163,14931,10513,2246,150,8239,1,28:40
2024-25,1629660,Ty Jerome,Ty,1610612739,CLE,Cleveland Cavaliers,0022400106,2024-10-28T00:00:00,CLE @ NYK,W,6.683333333333334,5.4,26.9,0.2,0.0,10.8,0.0,0.0,0.0,0.0,0.0,0.0,0.0,0.0,5.4,10.8,0.0,0.0,5.4,0.0,10.8,-70.0,37.7,0,0,32.3,1,1,13086,1,23293,13309,507,21401,15070,2698,15070,13505,14344,13505,14058,22137,23286,19908,1915,102,8263,8846,3867,17725,17395,25889,9222,2246,150,12130,1,6:41
2024-25,203991,Clint Capela,Clint,1610612737,ATL,Atlanta Hawks,0022400103,2024-10-28T00:00:00,ATL vs. WAS,L,24.895,8.7,8.7,1.0,0.0,0.0,0.0,5.8,8.7,0.667,1.4,4.3,5.8,2.9,2.9,1.4,1.4,0.0,5.8,4.3,23.1,8.7,40.2,0,0,37.6,1,13222,1,13222,12103,5297,19227,1,15070,20945,15070,3103,2070,9425,10554,12691,12804,13305,6877,8658,5052,8846,3252,5499,5390,8329,7637,2246,150,8296,1,24:54
2024-25,1631170,Jaime Jaquez Jr.,Jaime,1610612748,MIA,Miami Heat,0022400105,2024-10-28T00:00:00,MIA vs. DET,W,32.53333333333333,5.5,11.1,0.5,2.2,3.3,0.667,0.0,0.0,0.0,3.3,6.6,10.0,0.0,1.1,3.3,0.0,1.1,1.1,0.0,13.3,16.6,34.1,0,0,32.1,1,1,13086,1,5529,12900,15256,8526,9190,17026,1957,13505,14344,13505,4715,7019,5480,19908,15095,2531,8263,6991,19062,17725,14775,5041,11744,2246,150,12308,1,32:32
2024-25,1642377,Jaylen Wells,Jaylen,1610612763,MEM,Memphis Grizzlies,0022400108,2024-10-28T00:00:00,MEM vs. CHI,L,17.416666666666668,10.3,24.8,0.417,2.1,8.3,0.25,0.0,0.0,0.0,4.1,8.3,12.4,4.1,2.1,2.1,0.0,6.2,6.2,2.1,22.7,-16.5,48.0,0,0,45.5,1,13222,1,13222,17986,2891,875,14532,9831,5974,11902,13505,14344,13505,3390,4326,3192,9566,10172,5926,8263,206,2709,12775,5667,20457,3997,2246,150,4023,1,17:25
2024-25,1629021,Moritz Wagner,Moritz,1610612753,ORL,Orlando Magic,0022400102,2024-10-28T00:00:00,ORL vs. IND,W,16.033333333333335,11.2,22.5,0.5,2.2,4.5,0.5,6.7,9.0,0.75,4.5,4.5,9.0,2.2,4.5,0.0,0.0,2.2,6.7,6.7,31.4,-15.7,41.1,0,0,44.9,1,1,13086,1,18900,2071,1606,8526,9068,14459,3944,2211,1881,8186,2933,12284,6779,15455,3009,12854,8263,2563,2185,1872,1657,20162,7123,2246,150,4310,1,16:02
2024-25,1631099,Keegan Murray,Keegan,1610612758,SAC,Sacramento Kings,0022400112,2024-10-28T00:00:00,SAC vs. POR,W,33.2,2.2,9.8,0.222,0.0,3.3,0.0,2.2,2.2,1.0,4.3,4.3,8.7,2.2,1.1,0.0,0.0,1.1,5.4,1.1,6.5,11.9,19.1,0,0,17.3,1,1,13086,1,4987,21101,17455,21205,15070,17172,15070,10055,12184,1,3120,12695,7196,15732,15241,12854,8263,7191,3816,16981,21045,6825,21592,2246,150,22148,1,33:12
2024-25,203967,Dario Šarić,Dario,1610612743,DEN,Denver Nuggets,0022400107,2024-10-28T00:00:00,DEN @ TOR,W,4.566666666666666,0.0,23.6,0.0,0.0,0.0,0.0,0.0,0.0,0.0,0.0,7.9,7.9,7.9,15.8,0.0,0.0,7.9,0.0,0.0,0.0,-70.9,5.5,0,0,15.8,1,1,13086,1,24188,22635,1168,22635,15070,20945,15070,13505,14344,13505,14058,4883,8489,3011,96,12854,8263,112,20257,17725,23200,25902,24962,2246,150,22799,1,4:34
2024-25,1628374,Lauri Markkanen,Lauri,1610612762,UTA,Utah Jazz,0022400110,2024-10-28T00:00:00,UTA @ DAL,L,34.9,4.1,15.5,0.267,3.1,5.2,0.6,6.2,6.2,1.0,4.1,5.2,9.3,2.1,1.0,0.0,0.0,2.1,1.0,5.2,17.5,-4.1,30.7,0,0,32.0,1,13222,1,13222,3538,16781,7864,20170,6229,12804,2992,2684,4237,1,3398,10399,6342,16144,15623,12854,8263,3017,19520,3840,10286,15135,14245,2246,150,12410,1,34:54
2024-25,202710,Jimmy Butler III,Jimmy,1610612748,MIA,Miami Heat,0022400105,2024-10-28T00:00:00,MIA vs. DET,W,33.733333333333334,7.5,11.7,0.636,0.0,1.1,0.0,9.6,11.7,0.818,3.2,1.1,4.3,7.5,0.0,4.3,0.0,1.1,2.1,8.5,24.5,8.5,53.7,0,0,44.8,1,1,13086,1,4498,7837,14039,4689,15070,20783,15070,805,820,7652,4940,21832,16615,3441,16469,1400,8263,7345,14434,808,4460,8388,2278,2246,150,4345,1,33:44
2024-25,203897,Zach LaVine,Zach,1610612741,CHI,Chicago Bulls,0022400108,2024-10-28T00:00:00,CHI @ MEM,W,34.6,12.5,22.9,0.545,5.2,12.5,0.417,1.0,1.0,1.0,0.0,3.1,3.1,4.2,1.0,1.0,0.0,1.0,0.0,1.0,31.2,-6.2,43.3,0,0,45.8,1,1,13086,1,3784,1252,1423,7695,2052,1529,7826,13108,14149,1,14058,16352,19430,9488,15555,11579,8263,7568,20257,17213,1728,16185,5994,2246,150,3899,1,34:36
2024-25,202685,Jonas Valančiūnas,Jonas,1610612764,WAS,Washington Wizards,0022400103,2024-10-28T00:00:00,WAS @ ATL,W,22.25,4.9,11.3,0.429,0.0,1.6,0.0,1.6,1.6,1.0,3.2,11.3,14.6,6.5,6.5,0.0,0.0,0.0,0.0,8.1,11.3,3.2,32.0,0,0,32.4,1,1,13086,1,14313,14791,14784,13735,15070,20144,15070,11566,13374,1,4872,1731,1973,4758,1140,12854,8263,8846,20257,972,16863,10999,13295,2246,150,12098,1,22:15
2024-25,1641726,Dereck Lively II,Dereck,1610612742,DAL,Dallas Mavericks,0022400110,2024-10-28T00:00:00,DAL vs. UTA,W,26.466666666666665,9.5,13.6,0.7,0.0,0.0,0.0,0.0,0.0,0.0,4.1,1.4,5.4,2.7,0.0,1.4,4.1,1.4,4.1,1.4,19.0,19.0,46.0,0,0,38.1,1,1,13086,1,10757,3848,10828,3045,15070,20945,15070,13505,14344,13505,3478,21167,13698,13843,16469,9138,876,5357,6896,15620,8810,4248,4752,2246,150,7971,1,26:28
2024-25,1631104,Blake Wesley,Blake,1610612759,SAS,San Antonio Spurs,0022400109,2024-10-28T00:00:00,SAS vs. HOU,L,12.2,5.9,17.7,0.333,3.0,8.9,0.333,3.0,5.9,0.5,5.9,0.0,5.9,5.9,3.0,0.0,0.0,3.0,0.0,3.0,17.7,-3.0,30.7,0,0,32.5,1,13222,1,13222,21156,11801,4999,17395,6672,5015,9209,7950,4605,10625,1675,22137,12517,5665,6637,12854,8263,1391,20257,9418,10124,14550,14277,2246,150,12020,1,12:12
2024-25,1626179,Terry Rozier,Terry,1610612748,MIA,Miami Heat,0022400105,2024-10-28T00:00:00,MIA vs. DET,W,33.25,7.6,17.3,0.438,5.4,13.0,0.417,1.1,1.1,1.0,0.0,5.4,5.4,3.2,2.2,1.1,0.0,1.1,3.2,1.1,21.7,-7.6,34.1,0,0,37.9,1,1,13086,1,4943,7560,5428,13558,1829,1301,7826,12956,14065,1,14058,9750,13773,12147,9661,11163,8263,7202,9653,16989,6500,16771,11720,2246,150,8092,1,33:15
2024-25,1641712,Rayan Rupert,Rayan,1610612757,POR,Portland Trail Blazers,0022400112,2024-10-28T00:00:00,POR @ SAC,L,11.073333333333334,3.3,6.5,0.5,0.0,0.0,0.0,6.5,6.5,1.0,0.0,3.3,3.3,3.3,3.3,3.3,0.0,0.0,3.3,3.3,13.0,19.5,28.3,0,0,26.0,1,13222,1,13222,21680,18883,22113,8526,15070,20945,15070,2403,3883,1,14058,15929,19104,12141,5658,2645,8263,8846,9646,8403,15087,4104,16009,2246,150,16926,1,11:04
2024-25,1626220,Royce O'Neale,Royce,1610612756,PHX,Phoenix Suns,0022400111,2024-10-28T00:00:00,PHX vs. LAL,W,24.733333333333334,5.8,13.1,0.444,2.9,5.8,0.5,2.9,2.9,1.0,2.9,10.2,13.1,5.8,1.5,0.0,2.9,1.5,5.8,2.9,17.5,36.4,49.2,0,0,45.1,1,1,13086,1,12237,12044,11673,13045,6827,11147,3944,8056,10199,1,5562,2433,2740,5806,12985,12854,1806,4961,3184,9551,10352,1254,3541,2246,150,4206,1,24:44
2024-25,1630625,Dalano Banton,Dalano,1610612757,POR,Portland Trail Blazers,0022400112,2024-10-28T00:00:00,POR @ SAC,L,1.6166666666666667,22.3,22.3,1.0,0.0,0.0,0.0,0.0,66.8,0.0,0.0,0.0,0.0,0.0,22.3,0.0,0.0,0.0,0.0,44.5,44.5,44.5,22.3,0,0,44.5,1,13222,1,13222,25706,102,1692,1,15070,20945,15070,13505,5,13505,14058,22137,23286,19908,40,12854,8263,8846,20257,4,266,726,19998,2246,150,4447,1,1:37
2024-25,1628370,Malik Monk,Malik,1610612758,SAC,Sacramento Kings,0022400112,2024-10-28T00:00:00,SAC vs. POR,W,18.516666666666666,5.8,11.7,0.5,5.8,9.7,0.6,5.8,5.8,1.0,0.0,7.8,7.8,0.0,1.9,1.9,1.9,0.0,3.9,3.9,23.3,-3.9,42.4,0,0,44.7,1,1,13086,1,17179,12014,14189,8526,1449,3825,2992,3048,4713,1,14058,5037,8663,19908,10825,6539,3642,8846,7480,6600,5260,15007,6437,2246,150,4385,1,18:31
2024-25,1642367,Jonathan Mogbo,Jonathan,1610612761,TOR,Toronto Raptors,0022400107,2024-10-28T00:00:00,TOR vs. DEN,L,13.6,2.6,5.3,0.5,0.0,2.6,0.0,10.6,10.6,1.0,0.0,7.9,7.9,2.6,2.6,0.0,0.0,0.0,5.3,7.9,15.9,5.3,26.7,0,0,26.5,1,13222,1,13222,20422,20189,23257,8526,15070,18354,15070,550,1160,1,14058,4791,8379,14057,7707,12854,8263,8846,4028,1052,12036,9957,17128,2246,150,16565,1,13:36
2024-25,1626157,Karl-Anthony Towns,Karl-Anthony,1610612752,NYK,New York Knicks,0022400106,2024-10-28T00:00:00,NYK vs. CLE,L,32.288333333333334,4.5,8.9,0.5,1.1,2.2,0.5,4.5,4.5,1.0,1.1,10.0,11.1,3.3,3.3,1.1,0.0,0.0,6.7,4.5,14.5,-1.1,32.9,1,0,32.3,1,13222,1,13222,5748,15894,18840,8526,13863,19114,3944,4895,6916,1,12360,2553,4277,11831,5370,10900,8263,8846,2227,5229,13422,13625,12663,1,150,12122,1,32:17
2024-25,1627777,Georges Niang,Georges,1610612739,CLE,Cleveland Cavaliers,0022400106,2024-10-28T00:00:00,CLE @ NYK,W,14.538333333333334,5.0,14.9,0.333,2.5,9.9,0.25,0.0,0.0,0.0,2.5,7.4,9.9,2.5,0.0,2.5,0.0,0.0,5.0,0.0,12.4,34.7,35.4,0,0,32.2,1,1,13086,1,19863,14535,8810,17395,8232,3604,11902,13505,14344,13505,6684,5625,5543,14632,16469,4449,8263,8846,4721,17725,15739,1427,10794,2246,150,12227,1,14:32
2024-25,1627759,Jaylen Brown,Jaylen,1610612738,BOS,Boston Celtics,0022400104,2024-10-28T00:00:00,BOS vs. MIL,W,38.0,9.5,18.0,0.526,0.0,3.8,0.0,9.5,13.3,0.714,0.9,4.7,5.7,3.8,3.8,0.0,0.0,2.8,1.9,12.3,28.4,7.6,37.1,0,0,37.9,1,1,13086,1,1387,3917,4664,8379,15070,16016,15070,851,556,9244,13670,11597,13062,10522,4347,12854,8263,1541,15711,182,2620,8844,9597,2246,150,8092,1,38:00
2024-25,1631117,Walker Kessler,Walker,1610612762,UTA,Utah Jazz,0022400110,2024-10-28T00:00:00,UTA @ DAL,L,29.966666666666665,7.2,13.2,0.545,0.0,0.0,0.0,0.0,2.4,0.0,4.8,8.4,13.2,1.2,0.0,2.4,2.4,3.6,1.2,2.4,14.4,-3.6,46.5,1,0,38.4,1,13222,1,13222,7812,8434,11458,7695,15070,20945,15070,13505,11479,13505,2554,4151,2659,19010,16469,4691,2545,844,18531,11338,13487,14849,4537,1,150,7737,1,29:58
2024-25,1626167,Myles Turner,Myles,1610612754,IND,Indiana Pacers,0022400102,2024-10-28T00:00:00,IND @ ORL,L,25.881666666666668,7.0,13.9,0.5,1.4,4.2,0.333,2.8,4.2,0.667,1.4,5.6,7.0,0.0,1.4,0.0,0.0,1.4,7.0,5.6,18.1,-13.9,25.0,0,0,26.4,1,13222,1,13222,11265,9038,10324,8526,12481,15183,9209,8383,7469,9425,10787,9378,10230,19908,13331,12854,8263,5213,2014,3244,9755,19469,18262,2246,150,16595,1,25:53
2024-25,1628378,Donovan Mitchell,Donovan,1610612739,CLE,Cleveland Cavaliers,0022400106,2024-10-28T00:00:00,CLE @ NYK,W,33.251666666666665,9.7,18.4,0.529,3.2,8.7,0.375,4.3,4.3,1.0,0.0,2.2,2.2,5.4,4.3,0.0,0.0,1.1,3.2,4.3,27.1,7.6,33.5,0,0,37.9,1,1,13086,1,4942,3548,4288,8281,5828,5323,8800,5099,7145,1,14058,19170,21484,6612,3254,12854,8263,7207,9671,5519,3182,8848,12222,2246,150,8106,1,33:15
2024-25,1641731,Bilal Coulibaly,Bilal,1610612764,WAS,Washington Wizards,0022400103,2024-10-28T00:00:00,WAS @ ATL,W,36.81333333333333,4.9,11.7,0.417,1.0,4.9,0.2,5.9,6.8,0.857,0.0,2.0,2.0,2.9,2.0,2.0,0.0,1.0,3.9,3.9,16.6,3.9,27.3,0,0,26.4,1,1,13086,1,2121,14699,14049,14532,14666,13468,13429,3007,3526,7071,14058,19811,21897,13149,10750,6473,8263,8117,7408,6533,11249,10696,16759,2246,150,16618,1,36:49
2024-25,1628386,Jarrett Allen,Jarrett,1610612739,CLE,Cleveland Cavaliers,0022400106,2024-10-28T00:00:00,CLE @ NYK,W,31.4,5.7,8.0,0.714,0.0,0.0,0.0,5.7,8.0,0.714,5.7,11.5,17.2,1.1,2.3,1.1,0.0,0.0,2.3,8.0,17.2,2.3,40.7,1,0,37.8,1,1,13086,1,6506,12323,20222,2752,15070,20945,15070,3160,2503,9244,1792,1661,1080,19201,9103,10619,8263,8846,13681,1000,10633,11466,7326,1,150,8141,1,31:24
2024-25,1629673,Jordan Poole,Jordan,1610612764,WAS,Washington Wizards,0022400103,2024-10-28T00:00:00,WAS @ ATL,W,32.93333333333333,9.8,18.6,0.529,6.6,8.7,0.75,2.2,2.2,1.0,1.1,0.0,1.1,5.5,3.3,2.2,0.0,1.1,3.3,4.4,28.4,4.4,41.2,0,0,45.9,1,1,13086,1,5210,3419,4138,8281,971,5187,1542,9999,12127,1,12524,22137,23088,6495,5562,5453,8263,7104,9526,5413,2620,10441,7045,2246,150,3850,1,32:56
2024-25,203501,Tim Hardaway Jr.,Tim,1610612765,DET,Detroit Pistons,0022400105,2024-10-28T00:00:00,DET @ MIA,L,33.483333333333334,5.4,10.8,0.5,3.2,6.5,0.5,7.5,7.5,1.0,0.0,0.0,0.0,1.1,1.1,0.0,0.0,0.0,1.1,4.3,21.5,2.2,22.0,0,0,25.8,1,13222,1,13222,4745,13331,15777,8526,5886,9647,3944,1650,2878,1,14058,22137,23286,19430,15301,12854,8263,8846,19240,5585,6633,11539,20117,2246,150,17068,1,33:29
2024-25,1641710,Anthony Black,Anthony,1610612753,ORL,Orlando Magic,0022400102,2024-10-28T00:00:00,ORL vs. IND,W,30.7,2.3,7.0,0.333,2.3,3.5,0.667,2.3,2.3,1.0,0.0,3.5,3.5,3.5,3.5,2.3,1.2,0.0,4.7,2.3,9.4,1.2,25.9,0,0,25.8,1,1,13086,1,7123,20768,21516,17395,8687,16617,1957,9467,11641,1,14058,15182,18510,11342,4975,4880,6346,8846,5306,11565,18745,12033,17674,2246,150,17074,1,30:42
2024-25,203915,Spencer Dinwiddie,Spencer,1610612742,DAL,Dallas Mavericks,0022400110,2024-10-28T00:00:00,DAL vs. UTA,W,23.183333333333334,4.7,7.8,0.6,4.7,6.2,0.75,3.1,6.2,0.5,0.0,0.0,0.0,1.6,1.6,0.0,1.6,0.0,4.7,3.1,17.1,10.9,22.5,0,0,26.4,1,1,13086,1,13567,15342,20575,5394,2798,10174,1542,7528,4218,10625,14058,22137,23286,17800,12536,12854,4698,8846,5386,8872,10766,7289,19861,2246,150,16622,1,23:11
2024-25,1630169,Tyrese Haliburton,Tyrese,1610612754,IND,Indiana Pacers,0022400102,2024-10-28T00:00:00,IND @ ORL,L,35.04666666666667,6.2,15.4,0.4,4.1,9.2,0.444,3.1,4.1,0.75,3.1,6.2,9.2,10.3,1.0,1.0,0.0,0.0,1.0,2.1,19.5,3.1,48.1,1,0,45.2,1,13222,1,13222,3430,11065,7953,14933,3772,4462,7211,7593,7611,8186,5168,7984,6389,1301,15659,11692,8263,8846,19542,12833,8359,11073,3950,1,150,4159,1,35:03
2024-25,1631103,Malaki Branham,Malaki,1610612759,SAS,San Antonio Spurs,0022400109,2024-10-28T00:00:00,SAS vs. HOU,L,16.75,10.7,17.2,0.625,6.4,10.7,0.6,4.3,4.3,1.0,0.0,0.0,0.0,2.1,6.4,2.1,0.0,2.1,4.3,2.1,32.2,17.2,35.5,0,0,45.1,1,13222,1,13222,18416,2454,5581,4899,1023,2722,2992,5155,7215,1,14058,22137,23286,15822,1153,5602,8263,2769,6290,12401,1469,4842,10755,2246,150,4195,1,16:45
2024-25,1631222,Jake LaRavia,Jake,1610612763,MEM,Memphis Grizzlies,0022400108,2024-10-28T00:00:00,MEM vs. CHI,L,30.738333333333333,8.2,12.9,0.636,1.2,3.5,0.333,2.3,5.9,0.4,2.3,8.2,10.5,5.9,1.2,0.0,0.0,1.2,1.2,4.7,19.9,0.0,40.2,0,0,37.5,1,13222,1,13222,7098,6212,12068,4689,13529,16631,9209,9484,4676,13061,7118,4423,4871,5750,14652,12854,8263,6473,18709,4748,7990,12240,7654,2246,150,8381,1,30:44
2024-25,1630166,Deni Avdija,Deni,1610612757,POR,Portland Trail Blazers,0022400112,2024-10-28T00:00:00,POR @ SAC,L,24.983333333333334,2.9,10.1,0.286,0.0,5.8,0.0,7.2,8.6,0.833,0.0,5.8,5.8,1.4,2.9,2.9,0.0,0.0,2.9,5.8,13.0,-30.3,27.8,0,0,25.9,1,13222,1,13222,12017,19706,16916,19630,15070,11289,15070,1869,2095,7275,14058,8874,12860,18204,6915,3458,8263,8846,11268,2950,15126,23778,16354,2246,150,16987,1,24:59
2024-25,202681,Kyrie Irving,Kyrie,1610612742,DAL,Dallas Mavericks,0022400110,2024-10-28T00:00:00,DAL vs. UTA,W,35.68333333333333,8.1,14.1,0.571,3.0,6.1,0.5,4.0,4.0,1.0,2.0,4.0,6.1,9.1,4.0,1.0,1.0,1.0,2.0,2.0,23.2,13.1,46.1,0,0,45.4,1,1,13086,1,2917,6484,9963,6538,6416,10560,3944,5636,7772,1,8309,13614,12157,1954,3807,11875,7424,7840,15043,12994,5353,6342,4700,2246,150,4077,1,35:41
2024-25,1630643,Jay Huff,Jay,1610612763,MEM,Memphis Grizzlies,0022400108,2024-10-28T00:00:00,MEM vs. CHI,L,18.2,5.9,9.9,0.6,4.0,5.9,0.667,4.0,4.0,1.0,0.0,4.0,4.0,2.0,2.0,0.0,4.0,0.0,4.0,2.0,19.8,-2.0,37.4,0,0,37.6,1,13222,1,13222,17440,11691,17263,5394,4083,10848,1957,5777,7930,1,14058,13852,17424,16451,10623,12854,943,8846,7260,13172,8090,14027,9418,2246,150,8303,1,18:12
2024-25,202692,Alec Burks,Alec,1610612748,MIA,Miami Heat,0022400105,2024-10-28T00:00:00,MIA vs. DET,W,8.75,0.0,4.1,0.0,0.0,0.0,0.0,0.0,0.0,0.0,0.0,4.1,4.1,8.2,0.0,0.0,0.0,0.0,0.0,0.0,0.0,16.5,17.3,0,0,12.3,1,1,13086,1,22544,22635,24041,22635,15070,20945,15070,13505,14344,13505,14058,13373,17033,2673,16469,12854,8263,8846,20257,17725,23200,5088,22383,2246,150,23908,1,8:45
2024-25,1630702,Jaden Hardy,Jaden,1610612742,DAL,Dallas Mavericks,0022400110,2024-10-28T00:00:00,DAL vs. UTA,W,5.166666666666667,0.0,7.0,0.0,0.0,7.0,0.0,0.0,0.0,0.0,0.0,0.0,0.0,0.0,7.0,0.0,0.0,0.0,7.0,0.0,0.0,-27.9,-7.0,0,0,0.0,1,1,13086,1,23920,22635,21599,22635,15070,8521,15070,13505,14344,13505,14058,22137,23286,19908,901,12854,8263,8846,1998,17725,23200,23407,26193,2246,150,25259,1,5:10
2024-25,1629018,Gary Trent Jr.,Gary,1610612749,MIL,Milwaukee Bucks,0022400104,2024-10-28T00:00:00,MIL @ BOS,L,37.445,2.9,7.7,0.375,1.9,5.8,0.333,1.9,1.9,1.0,0.0,2.9,2.9,1.0,0.0,1.9,0.0,0.0,1.9,1.0,9.6,-20.2,20.3,0,0,19.2,1,13222,1,13222,1715,19696,20664,16299,10539,11280,9209,10881,12926,1,14058,17134,20031,19787,16469,6657,8263,8846,15561,17511,18531,21606,21033,2246,150,21280,1,37:27
2024-25,1641765,Olivier-Maxence Prosper,Olivier-Maxence,1610612742,DAL,Dallas Mavericks,0022400110,2024-10-28T00:00:00,DAL vs. UTA,W,4.133333333333334,0.0,0.0,0.0,0.0,0.0,0.0,0.0,0.0,0.0,0.0,0.0,0.0,0.0,0.0,0.0,0.0,0.0,8.7,0.0,0.0,-43.5,0.0,0,0,0.0,1,1,13086,1,24406,22635,24836,22635,15070,20945,15070,13505,14344,13505,14058,22137,23286,19908,16469,12854,8263,8846,1063,17725,23200,25096,25228,2246,150,25259,1,4:08
2024-25,203486,Mason Plumlee,Mason,1610612756,PHX,Phoenix Suns,0022400111,2024-10-28T00:00:00,PHX vs. LAL,W,26.263333333333332,0.0,0.0,0.0,0.0,0.0,0.0,0.0,0.0,0.0,2.7,11.0,13.7,2.7,0.0,0.0,1.4,0.0,4.1,0.0,0.0,31.5,24.7,0,0,19.2,1,1,13086,1,10945,22635,24836,22635,15070,20945,15070,13505,14344,13505,6003,1922,2379,13783,16469,12854,5359,8846,6799,17725,23200,1781,18507,2246,150,21295,1,26:16
2024-25,1629637,Jaxson Hayes,Jaxson,1610612747,LAL,Los Angeles Lakers,0022400111,2024-10-28T00:00:00,LAL @ PHX,L,12.495,0.0,0.0,0.0,0.0,0.0,0.0,0.0,0.0,0.0,0.0,11.5,11.5,0.0,8.6,0.0,0.0,0.0,5.8,2.9,0.0,-51.9,5.2,0,0,11.5,1,13222,1,13222,20999,22635,24836,22635,15070,20945,15070,13505,14344,13505,14058,1616,3922,19908,477,12854,8263,8846,3291,9657,23200,25465,24995,2246,150,24106,1,12:30
2024-25,1630590,Scotty Pippen Jr.,Scotty,1610612763,MEM,Memphis Grizzlies,0022400108,2024-10-28T00:00:00,MEM vs. CHI,L,30.678333333333335,7.0,15.3,0.462,2.3,4.7,0.5,0.0,0.0,0.0,1.2,3.5,4.7,11.7,1.2,1.2,1.2,0.0,4.7,2.3,16.4,-19.9,45.5,1,0,39.9,1,13222,1,13222,7148,8834,8171,12428,8679,13975,3944,13505,14344,13505,11971,15176,15584,780,14642,10409,6343,8846,5298,11559,11473,21533,4928,1,150,6836,1,30:41
2024-25,1630577,Julian Champagnie,Julian,1610612759,SAS,San Antonio Spurs,0022400109,2024-10-28T00:00:00,SAS vs. HOU,L,28.185,2.6,8.9,0.286,1.3,7.7,0.167,0.0,0.0,0.0,1.3,5.1,6.4,1.3,0.0,1.3,1.3,0.0,2.6,0.0,6.4,2.6,23.6,0,0,20.4,1,13222,1,13222,9393,20361,18807,19630,12951,7059,14236,13505,14344,13505,11322,10539,11437,18733,16469,9603,5753,8846,12590,17725,21135,11340,19182,2246,150,20617,1,28:11
2024-25,1630574,Ariel Hukporti,Ariel,1610612752,NYK,New York Knicks,0022400106,2024-10-28T00:00:00,NYK vs. CLE,L,11.911666666666667,0.0,3.0,0.0,0.0,0.0,0.0,0.0,0.0,0.0,0.0,6.0,6.0,0.0,3.0,0.0,3.0,0.0,3.0,0.0,0.0,3.0,13.3,0,0,12.1,1,13222,1,13222,21328,22635,24482,22635,15070,20945,15070,13505,14344,13505,14058,8239,12179,19908,6385,12854,1667,8846,10616,17725,23200,11104,23694,2246,150,23953,1,11:55
2024-25,1629674,Neemias Queta,Neemias,1610612738,BOS,Boston Celtics,0022400104,2024-10-28T00:00:00,BOS vs. MIL,W,1.8166666666666667,0.0,19.8,0.0,0.0,0.0,0.0,0.0,0.0,0.0,0.0,0.0,0.0,0.0,0.0,0.0,0.0,0.0,0.0,0.0,0.0,-99.1,0.0,0,0,0.0,1,1,13086,1,25590,22635,3087,22635,15070,20945,15070,13505,14344,13505,14058,22137,23286,19908,16469,12854,8263,8846,20257,17725,23200,26142,25228,2246,150,25259,1,1:49
2024-25,1629014,Anfernee Simons,Anfernee,1610612757,POR,Portland Trail Blazers,0022400112,2024-10-28T00:00:00,POR @ SAC,L,31.633333333333333,4.6,13.7,0.333,1.1,8.0,0.143,3.4,4.6,0.75,0.0,1.1,1.1,3.4,4.6,0.0,0.0,0.0,2.3,3.4,13.7,-26.2,15.6,0,0,19.3,1,13222,1,13222,6299,15620,10725,17395,13721,6507,14649,6868,6743,8186,14058,21660,23025,11648,2923,12854,8263,8846,13741,7907,14318,23067,22996,2246,150,21232,1,31:38
2024-25,1642271,Kyle Filipowski,Kyle,1610612762,UTA,Utah Jazz,0022400110,2024-10-28T00:00:00,UTA @ DAL,L,5.403333333333333,0.0,6.7,0.0,0.0,6.7,0.0,0.0,0.0,0.0,0.0,6.7,6.7,13.3,0.0,0.0,0.0,0.0,13.3,0.0,0.0,-13.3,28.0,0,0,20.0,1,13222,1,13222,23820,22635,21938,22635,15070,9188,15070,13505,14344,13505,14058,6977,10820,476,16469,12854,8263,8846,315,17725,23200,19236,16241,2246,150,20871,1,5:24
2024-25,1641842,Ronald Holland II,Ronald,1610612765,DET,Detroit Pistons,0022400105,2024-10-28T00:00:00,DET @ MIA,L,14.206666666666667,7.6,15.2,0.5,0.0,2.5,0.0,0.0,0.0,0.0,0.0,5.1,5.1,0.0,0.0,0.0,0.0,2.5,10.1,0.0,15.2,-40.5,21.3,0,0,20.3,1,13222,1,13222,20075,7515,8250,8526,15070,18561,15070,13505,14344,13505,14058,10673,14613,19908,16469,12854,8263,1982,676,17725,12708,24885,20542,2246,150,20710,1,14:12
2024-25,1627752,Taurean Prince,Taurean,1610612749,MIL,Milwaukee Bucks,0022400104,2024-10-28T00:00:00,MIL @ BOS,L,31.901666666666667,1.1,4.5,0.25,1.1,3.4,0.333,0.0,0.0,0.0,0.0,4.5,4.5,1.1,2.3,1.1,0.0,0.0,5.6,2.3,3.4,-7.9,11.6,0,0,12.4,1,13222,1,13222,6061,22558,23798,20233,13780,16899,9209,13505,14344,13505,14058,12230,16023,19264,9278,10788,8263,8846,3479,11913,22816,16929,24106,2246,150,23896,1,31:54
2024-25,1628366,Lonzo Ball,Lonzo,1610612741,CHI,Chicago Bulls,0022400108,2024-10-28T00:00:00,CHI @ MEM,W,17.983333333333334,4.0,8.0,0.5,4.0,8.0,0.5,0.0,0.0,0.0,0.0,2.0,2.0,12.0,0.0,0.0,2.0,0.0,0.0,0.0,12.0,32.0,38.4,0,0,34.0,1,1,13086,1,17566,17081,20250,8526,3989,6437,3944,13505,14344,13505,14058,19658,21796,715,16469,12854,3488,8846,20257,17725,16121,1728,8750,2246,150,10827,1,17:59
2024-25,1631107,Nikola Jović,Nikola,1610612748,MIA,Miami Heat,0022400105,2024-10-28T00:00:00,MIA vs. DET,W,13.5,5.3,13.3,0.4,5.3,10.7,0.5,0.0,0.0,0.0,5.3,5.3,10.7,2.7,5.3,0.0,0.0,2.7,5.3,5.3,16.0,-34.7,27.5,0,0,34.7,1,1,13086,1,20491,13448,11234,14933,1915,2812,3944,13505,14344,13505,2061,9937,4751,13995,1973,12854,8263,1786,3956,3582,11919,24373,16612,2246,150,10324,1,13:30
2024-25,1630583,Santi Aldama,Santi,1610612763,MEM,Memphis Grizzlies,0022400108,2024-10-28T00:00:00,MEM vs. CHI,L,35.005,5.1,13.4,0.385,1.0,5.1,0.2,0.0,0.0,0.0,4.1,9.3,13.4,7.2,1.0,0.0,1.0,1.0,0.0,0.0,11.3,-6.2,40.2,1,0,35.0,1,13222,1,13222,3457,13977,11191,16070,14374,12849,13429,13505,14344,13505,3429,3251,2567,3766,15651,12854,7283,7682,20257,17725,16875,16140,7626,1,150,10118,1,35:00
2024-25,1629023,P.J. Washington,P.J.,1610612742,DAL,Dallas Mavericks,0022400110,2024-10-28T00:00:00,DAL vs. UTA,W,33.21666666666667,6.5,11.9,0.545,0.0,4.3,0.0,0.0,0.0,0.0,1.1,10.8,11.9,2.2,3.3,4.3,2.2,1.1,2.2,0.0,13.0,1.1,46.8,1,0,40.1,1,1,13086,1,4978,10180,13723,7695,15070,14833,15070,13505,14344,13505,12600,1987,3566,15739,5657,1348,3023,7195,14258,17725,15085,12089,4388,1,150,6728,1,33:13
2024-25,1630811,Keaton Wallace,Keaton,1610612737,ATL,Atlanta Hawks,0022400103,2024-10-28T00:00:00,ATL vs. WAS,L,2.216666666666667,0.0,0.0,0.0,0.0,0.0,0.0,0.0,0.0,0.0,0.0,0.0,0.0,0.0,0.0,0.0,0.0,0.0,0.0,0.0,0.0,-32.5,0.0,0,0,0.0,1,13222,1,13222,25342,22635,24836,22635,15070,20945,15070,13505,14344,13505,14058,22137,23286,19908,16469,12854,8263,8846,20257,17725,23200,24097,25228,2246,150,25259,1,2:13
2024-25,1630532,Franz Wagner,Franz,1610612753,ORL,Orlando Magic,0022400102,2024-10-28T00:00:00,ORL vs. IND,W,10.888333333333334,9.9,16.5,0.6,3.3,9.9,0.333,0.0,0.0,0.0,0.0,3.3,3.3,3.3,0.0,3.3,0.0,0.0,3.3,0.0,23.1,26.5,42.0,0,0,39.7,1,1,13086,1,21759,3309,6383,5394,5637,3591,9209,13505,14344,13505,14058,15775,18977,11957,16469,2551,8263,8846,9434,17725,5384,2531,6627,2246,150,6964,1,10:53
2024-25,1630556,Kessler Edwards,Kessler,1610612742,DAL,Dallas Mavericks,0022400110,2024-10-28T00:00:00,DAL vs. UTA,W,1.1,0.0,0.0,0.0,0.0,0.0,0.0,0.0,0.0,0.0,0.0,0.0,0.0,0.0,0.0,0.0,0.0,0.0,0.0,0.0,0.0,-163.6,0.0,0,0,0.0,1,1,13086,1,26022,22635,24836,22635,15070,20945,15070,13505,14344,13505,14058,22137,23286,19908,16469,12854,8263,8846,20257,17725,23200,26263,25228,2246,150,25259,1,1:06
2024-25,1630314,Brandon Williams,Brandon,1610612742,DAL,Dallas Mavericks,0022400110,2024-10-28T00:00:00,DAL vs. UTA,W,1.1,0.0,32.7,0.0,0.0,0.0,0.0,0.0,0.0,0.0,0.0,0.0,0.0,0.0,0.0,0.0,0.0,0.0,0.0,0.0,0.0,-163.6,0.0,0,0,0.0,1,1,13086,1,26022,22635,173,22635,15070,20945,15070,13505,14344,13505,14058,22137,23286,19908,16469,12854,8263,8846,20257,17725,23200,26263,25228,2246,150,25259,1,1:06
2024-25,1642403,Isaac Jones,Isaac,1610612758,SAC,Sacramento Kings,0022400112,2024-10-28T00:00:00,SAC vs. POR,W,2.816666666666667,0.0,0.0,0.0,0.0,0.0,0.0,0.0,0.0,0.0,0.0,0.0,0.0,0.0,0.0,0.0,0.0,0.0,12.8,0.0,0.0,-25.6,0.0,0,0,0.0,1,1,13086,1,25057,22635,24836,22635,15070,20945,15070,13505,14344,13505,14058,22137,23286,19908,16469,12854,8263,8846,360,17725,23200,22926,25228,2246,150,25259,1,2:49
2024-25,1630245,Ayo Dosunmu,Ayo,1610612741,CHI,Chicago Bulls,0022400108,2024-10-28T00:00:00,CHI @ MEM,W,27.283333333333335,5.3,10.6,0.5,2.6,5.3,0.5,0.0,0.0,0.0,2.6,7.9,10.6,5.3,0.0,0.0,1.3,2.6,1.3,2.6,13.2,0.0,37.7,0,0,34.3,1,1,13086,1,10113,13602,16124,8526,7713,12526,3944,13505,14344,13505,6253,4831,4855,6870,16469,12854,5566,1823,17956,10515,14878,12240,9199,2246,150,10608,1,27:17
2024-25,1628368,De'Aaron Fox,De'Aaron,1610612758,SAC,Sacramento Kings,0022400112,2024-10-28T00:00:00,SAC vs. POR,W,35.34,9.2,20.4,0.45,2.0,8.1,0.25,4.1,4.1,1.0,1.0,5.1,6.1,3.1,3.1,2.0,0.0,1.0,4.1,4.1,24.4,13.2,39.4,0,0,39.7,1,1,13086,1,3199,4410,2710,12982,9978,6185,11902,5576,7695,1,13106,10595,12024,12739,6265,6077,8263,7747,6927,6113,4523,6291,8116,2246,150,6934,1,35:20
2024-25,201572,Brook Lopez,Brook,1610612749,MIL,Milwaukee Bucks,0022400104,2024-10-28T00:00:00,MIL @ BOS,L,32.166666666666664,5.6,15.7,0.357,0.0,4.5,0.0,3.4,3.4,1.0,4.5,2.2,6.7,0.0,0.0,2.2,4.5,0.0,3.4,2.2,14.5,1.1,42.8,0,0,34.7,1,13222,1,13222,5835,12712,7589,17140,15070,14504,15070,6984,9180,1,2952,18955,10705,19908,16469,5250,688,8846,9227,11991,13350,12071,6245,2246,150,10300,1,32:10
2024-25,204456,T.J. McConnell,T.J.,1610612754,IND,Indiana Pacers,0022400102,2024-10-28T00:00:00,IND @ ORL,L,5.6,0.0,19.3,0.0,0.0,0.0,0.0,0.0,0.0,0.0,0.0,0.0,0.0,6.4,12.9,6.4,0.0,6.4,0.0,0.0,0.0,-45.0,16.1,0,0,19.3,1,13222,1,13222,23743,22635,3502,22635,15070,20945,15070,13505,14344,13505,14058,22137,23286,4815,175,388,8263,193,20257,17725,23200,25184,22825,2246,150,21248,1,5:36
2024-25,1641809,Drew Peterson,Drew,1610612738,BOS,Boston Celtics,0022400104,2024-10-28T00:00:00,BOS vs. MIL,W,1.8166666666666667,0.0,19.8,0.0,0.0,19.8,0.0,0.0,0.0,0.0,0.0,0.0,0.0,0.0,0.0,0.0,0.0,0.0,0.0,0.0,0.0,-99.1,0.0,0,0,0.0,1,1,13086,1,25590,22635,3087,22635,15070,244,15070,13505,14344,13505,14058,22137,23286,19908,16469,12854,8263,8846,20257,17725,23200,26142,25228,2246,150,25259,1,1:49
2024-25,1630230,Naji Marshall,Naji,1610612742,DAL,Dallas Mavericks,0022400110,2024-10-28T00:00:00,DAL vs. UTA,W,14.585,4.9,9.9,0.5,0.0,4.9,0.0,0.0,0.0,0.0,2.5,12.3,14.8,4.9,2.5,2.5,0.0,0.0,0.0,2.5,9.9,19.7,40.0,0,0,34.6,1,1,13086,1,19838,14588,17299,8526,15070,13349,15070,13505,14344,13505,6721,1213,1867,7605,8370,4479,8263,8846,20257,11108,18281,4028,7773,2246,150,10406,1,14:35
2024-25,1641732,Colby Jones,Colby,1610612758,SAC,Sacramento Kings,0022400112,2024-10-28T00:00:00,SAC vs. POR,W,2.816666666666667,0.0,0.0,0.0,0.0,0.0,0.0,0.0,0.0,0.0,0.0,0.0,0.0,0.0,0.0,0.0,0.0,0.0,0.0,0.0,0.0,-25.6,0.0,0,0,0.0,1,1,13086,1,25057,22635,24836,22635,15070,20945,15070,13505,14344,13505,14058,22137,23286,19908,16469,12854,8263,8846,20257,17725,23200,22926,25228,2246,150,25259,1,2:49
2024-25,1630618,D.J. Carton,D.J.,1610612761,TOR,Toronto Raptors,0022400107,2024-10-28T00:00:00,TOR vs. DEN,L,2.933333333333333,0.0,24.5,0.0,0.0,12.3,0.0,0.0,0.0,0.0,0.0,0.0,0.0,0.0,0.0,0.0,0.0,0.0,0.0,0.0,0.0,-36.8,0.0,0,0,0.0,1,13222,1,13222,25014,22635,913,22635,15070,1631,15070,13505,14344,13505,14058,22137,23286,19908,16469,12854,8263,8846,20257,17725,23200,24598,25228,2246,150,25259,1,2:56
2024-25,203939,Dwight Powell,Dwight,1610612742,DAL,Dallas Mavericks,0022400110,2024-10-28T00:00:00,DAL vs. UTA,W,1.1,0.0,0.0,0.0,0.0,0.0,0.0,0.0,0.0,0.0,0.0,0.0,0.0,0.0,0.0,0.0,0.0,0.0,32.7,0.0,0.0,-163.6,0.0,0,0,0.0,1,1,13086,1,26022,22635,24836,22635,15070,20945,15070,13505,14344,13505,14058,22137,23286,19908,16469,12854,8263,8846,32,17725,23200,26263,25228,2246,150,25259,1,1:06
2024-25,1631157,Ryan Rollins,Ryan,1610612749,MIL,Milwaukee Bucks,0022400104,2024-10-28T00:00:00,MIL @ BOS,L,2.7333333333333334,0.0,0.0,0.0,0.0,0.0,0.0,0.0,0.0,0.0,0.0,0.0,0.0,0.0,0.0,0.0,0.0,0.0,13.2,0.0,0.0,52.7,0.0,0,0,0.0,1,13222,1,13222,25094,22635,24836,22635,15070,20945,15070,13505,14344,13505,14058,22137,23286,19908,16469,12854,8263,8846,328,17725,23200,489,25228,2246,150,25259,1,2:44
2024-25,1629731,Dean Wade,Dean,1610612739,CLE,Cleveland Cavaliers,0022400106,2024-10-28T00:00:00,CLE @ NYK,W,28.251666666666665,0.0,6.4,0.0,0.0,6.4,0.0,1.3,2.5,0.5,1.3,2.5,3.8,5.1,0.0,0.0,0.0,0.0,1.3,1.3,1.3,-17.8,13.5,0,0,10.2,1,1,13086,1,9338,22635,22248,22635,15070,9822,15070,12372,11086,10625,11335,18062,17773,7255,16469,12854,8263,8846,18149,16012,23192,20881,23633,2246,150,24387,1,28:15
2024-25,1631108,Max Christie,Max,1610612747,LAL,Los Angeles Lakers,0022400111,2024-10-28T00:00:00,LAL @ PHX,L,23.161666666666665,3.1,6.2,0.5,1.6,1.6,1.0,0.0,0.0,0.0,1.6,1.6,3.1,1.6,0.0,0.0,3.1,3.1,6.2,0.0,7.8,-20.2,23.2,0,0,20.2,1,13222,1,13222,13597,19176,22405,8526,11847,20221,1,13505,14344,13505,10105,20761,19458,17791,16469,12854,1561,1228,2690,17725,20103,21608,19456,2246,150,20745,1,23:10
2024-25,1630171,Isaac Okoro,Isaac,1610612739,CLE,Cleveland Cavaliers,0022400106,2024-10-28T00:00:00,CLE @ NYK,W,9.193333333333333,0.0,7.8,0.0,0.0,3.9,0.0,0.0,0.0,0.0,0.0,0.0,0.0,3.9,0.0,3.9,0.0,0.0,0.0,0.0,0.0,-58.7,17.6,0,0,11.7,1,1,13086,1,22390,22635,20495,22635,15070,15746,15070,13505,14344,13505,14058,22137,23286,10185,16469,1722,8263,8846,20257,17725,23200,25649,22253,2246,150,24048,1,9:12
2024-25,1630174,Aaron Nesmith,Aaron,1610612754,IND,Indiana Pacers,0022400102,2024-10-28T00:00:00,IND @ ORL,L,30.9,3.5,10.5,0.333,0.0,1.2,0.0,4.7,7.0,0.667,0.0,4.7,4.7,1.2,0.0,1.2,0.0,1.2,7.0,4.7,11.7,-11.7,22.5,0,0,19.8,1,13222,1,13222,6960,18336,16237,17395,15070,20665,15070,4575,3368,9425,14058,11824,15669,19136,16469,10464,8263,6517,1984,4805,16521,18600,19887,2246,150,20977,1,30:54
2024-25,1627751,Jakob Poeltl,Jakob,1610612761,TOR,Toronto Raptors,0022400107,2024-10-28T00:00:00,TOR vs. DEN,L,40.18333333333333,6.3,11.6,0.538,0.0,0.0,0.0,1.8,1.8,1.0,7.2,9.9,17.0,1.8,2.7,0.0,0.9,0.9,1.8,1.8,14.3,-0.9,37.4,1,0,34.9,1,13222,1,13222,517,10796,14227,7978,15070,20945,15070,11257,13200,1,1077,2685,1124,17108,7566,12854,8100,8680,16222,13962,13569,13464,9377,1,150,10138,1,40:11
2024-25,1642263,Reed Sheppard,Reed,1610612745,HOU,Houston Rockets,0022400109,2024-10-28T00:00:00,HOU @ SAS,W,3.25,0.0,0.0,0.0,0.0,0.0,0.0,0.0,0.0,0.0,0.0,0.0,0.0,11.1,0.0,0.0,0.0,0.0,0.0,0.0,0.0,-11.1,16.6,0,0,11.1,1,1,13086,1,24867,22635,24836,22635,15070,20945,15070,13505,14344,13505,14058,22137,23286,973,16469,12854,8263,8846,20257,17725,23200,18349,22619,2246,150,24206,1,3:15
2024-25,1641824,Matas Buzelis,Matas,1610612741,CHI,Chicago Bulls,0022400108,2024-10-28T00:00:00,CHI @ MEM,W,2.966666666666667,0.0,12.1,0.0,0.0,12.1,0.0,0.0,0.0,0.0,0.0,0.0,0.0,0.0,0.0,0.0,0.0,0.0,12.1,0.0,0.0,-72.8,0.0,0,0,0.0,1,1,13086,1,25004,22635,13345,22635,15070,1705,15070,13505,14344,13505,14058,22137,23286,19908,16469,12854,8263,8846,409,17725,23200,25919,25228,2246,150,25259,1,2:58
2024-25,1629130,Duncan Robinson,Duncan,1610612748,MIA,Miami Heat,0022400105,2024-10-28T00:00:00,MIA vs. DET,W,16.1,4.5,17.9,0.25,4.5,15.7,0.286,0.0,0.0,0.0,0.0,2.2,2.2,0.0,2.2,0.0,0.0,2.2,4.5,0.0,13.4,33.5,13.9,0,0,20.1,1,1,13086,1,18858,15857,4819,20233,3108,578,11433,13505,14344,13505,14058,18966,21347,19908,9366,12854,8263,2574,5837,17725,14604,1563,23533,2246,150,20781,1,16:06
2024-25,1630531,Jaden Springer,Jaden,1610612738,BOS,Boston Celtics,0022400104,2024-10-28T00:00:00,BOS vs. MIL,W,1.8166666666666667,0.0,0.0,0.0,0.0,0.0,0.0,0.0,0.0,0.0,0.0,0.0,0.0,0.0,19.8,0.0,0.0,0.0,0.0,0.0,0.0,-99.1,-19.8,0,0,0.0,1,1,13086,1,25590,22635,24836,22635,15070,20945,15070,13505,14344,13505,14058,22137,23286,19908,49,12854,8263,8846,20257,17725,23200,26142,26278,2246,150,25259,1,1:49
2024-25,1631095,Jabari Smith Jr.,Jabari,1610612745,HOU,Houston Rockets,0022400109,2024-10-28T00:00:00,HOU @ SAS,W,28.916666666666668,6.2,10.0,0.625,2.5,5.0,0.5,6.2,7.5,0.833,2.5,7.5,10.0,1.2,2.5,0.0,0.0,1.2,5.0,3.7,21.2,-1.2,32.5,0,0,34.9,1,1,13086,1,8740,10902,17127,4899,8181,13252,3944,2657,2935,7275,6637,5556,5478,18861,8290,12854,8263,5964,4656,7029,6953,13691,12949,2246,150,10187,1,28:55
2024-25,1628420,Monté Morris,Monté,1610612756,PHX,Phoenix Suns,0022400111,2024-10-28T00:00:00,PHX vs. LAL,W,2.6333333333333333,0.0,0.0,0.0,0.0,0.0,0.0,0.0,0.0,0.0,0.0,0.0,0.0,0.0,0.0,0.0,0.0,0.0,13.7,0.0,0.0,54.7,0.0,0,0,0.0,1,1,13086,1,25160,22635,24836,22635,15070,20945,15070,13505,14344,13505,14058,22137,23286,19908,16469,12854,8263,8846,296,17725,23200,435,25228,2246,150,25259,1,2:38
2024-25,1631248,Baylor Scheierman,Baylor,1610612738,BOS,Boston Celtics,0022400104,2024-10-28T00:00:00,BOS vs. MIL,W,1.6,0.0,0.0,0.0,0.0,0.0,0.0,0.0,0.0,0.0,0.0,0.0,0.0,0.0,0.0,0.0,0.0,0.0,0.0,0.0,0.0,-112.5,0.0,0,0,0.0,1,1,13086,1,25718,22635,24836,22635,15070,20945,15070,13505,14344,13505,14058,22137,23286,19908,16469,12854,8263,8846,20257,17725,23200,26205,25228,2246,150,25259,1,1:36
2024-25,203084,Harrison Barnes,Harrison,1610612759,SAS,San Antonio Spurs,0022400109,2024-10-28T00:00:00,SAS vs. HOU,L,28.833333333333332,0.0,3.7,0.0,0.0,1.2,0.0,2.5,2.5,1.0,1.2,2.5,3.7,0.0,2.5,0.0,0.0,0.0,1.2,3.7,2.5,-7.5,4.5,0,0,6.2,1,13222,1,13222,8818,22635,24212,22635,15070,20562,15070,9054,11214,1,11490,18193,17944,19908,8254,12854,8263,8846,18280,7000,23077,16732,25049,2246,150,24979,1,28:50
2024-25,202699,Tobias Harris,Tobias,1610612765,DET,Detroit Pistons,0022400105,2024-10-28T00:00:00,DET @ MIA,L,36.72666666666667,3.9,10.8,0.364,0.0,2.9,0.0,1.0,1.0,1.0,2.0,7.8,9.8,1.0,2.0,1.0,1.0,1.0,2.0,2.9,8.8,6.9,26.0,0,0,23.5,1,13222,1,13222,2179,17266,15726,16861,15070,17778,15070,13294,14244,1,8573,4957,5678,19736,10722,12123,7616,8094,15355,9460,19250,9202,17632,2246,150,18656,1,36:44
2024-25,1641739,Toumani Camara,Toumani,1610612757,POR,Portland Trail Blazers,0022400112,2024-10-28T00:00:00,POR @ SAC,L,20.816666666666666,1.7,5.2,0.333,0.0,1.7,0.0,0.0,0.0,0.0,3.5,0.0,3.5,5.2,1.7,1.7,1.7,0.0,6.9,1.7,3.5,-12.1,24.0,0,0,19.0,1,13222,1,13222,15419,21862,23329,17395,15070,20010,15070,13505,14344,13505,4439,22137,18642,7055,11808,7515,4226,8846,2041,14180,22788,18778,18922,2246,150,21384,1,20:49
2024-25,1642261,Dalton Knecht,Dalton,1610612747,LAL,Los Angeles Lakers,0022400111,2024-10-28T00:00:00,LAL @ PHX,L,11.233333333333333,0.0,9.6,0.0,0.0,3.2,0.0,0.0,0.0,0.0,0.0,3.2,3.2,0.0,0.0,0.0,0.0,0.0,0.0,0.0,0.0,-41.7,3.8,0,0,3.2,1,13222,1,13222,21610,22635,17736,22635,15070,17258,15070,13505,14344,13505,14058,16063,19217,19908,16469,12854,8263,8846,20257,17725,23200,24955,25087,2246,150,25222,1,11:14
2024-25,1628418,Thomas Bryant,Thomas,1610612748,MIA,Miami Heat,0022400105,2024-10-28T00:00:00,MIA vs. DET,W,13.233333333333333,2.7,10.9,0.25,2.7,10.9,0.25,2.7,2.7,1.0,0.0,5.4,5.4,0.0,0.0,0.0,0.0,0.0,5.4,2.7,10.9,29.9,17.4,0,0,19.0,1,1,13086,1,20639,20039,15553,20233,7475,2602,11902,8525,10690,1,14058,9692,13698,19908,16469,12854,8263,8846,3783,10255,17281,1972,22335,2246,150,21374,1,13:14
2024-25,1630579,Jericho Sims,Jericho,1610612752,NYK,New York Knicks,0022400106,2024-10-28T00:00:00,NYK vs. CLE,L,3.8,0.0,0.0,0.0,0.0,0.0,0.0,0.0,0.0,0.0,9.5,0.0,9.5,0.0,0.0,0.0,0.0,0.0,9.5,0.0,0.0,-56.8,11.4,0,0,9.5,1,13222,1,13222,24574,22635,24836,22635,15070,20945,15070,13505,14344,13505,478,22137,6091,19908,16469,12854,8263,8846,819,17725,23200,25604,24162,2246,150,24532,1,3:48
2024-25,1626153,Delon Wright,Delon,1610612749,MIL,Milwaukee Bucks,0022400104,2024-10-28T00:00:00,MIL @ BOS,L,9.733333333333333,0.0,0.0,0.0,0.0,0.0,0.0,0.0,0.0,0.0,0.0,0.0,0.0,3.7,3.7,0.0,0.0,0.0,0.0,0.0,0.0,-18.5,1.8,0,0,3.7,1,13222,1,13222,22198,22635,24836,22635,15070,20945,15070,13505,14344,13505,14058,22137,23286,10788,4557,12854,8263,8846,20257,17725,23200,21063,25171,2246,150,25200,1,9:44
2024-25,1642258,Zaccharie Risacher,Zaccharie,1610612737,ATL,Atlanta Hawks,0022400103,2024-10-28T00:00:00,ATL vs. WAS,L,25.553333333333335,1.4,11.3,0.125,1.4,5.6,0.25,1.4,4.2,0.333,0.0,4.2,4.2,1.4,1.4,2.8,2.8,1.4,7.0,2.8,5.6,19.7,28.3,0,0,23.9,1,13222,1,13222,11532,22284,14887,22420,12416,11618,11902,12003,7365,13132,14058,13044,16746,18318,13236,3648,1927,5149,1947,9906,21639,4032,15977,2246,150,18365,1,25:33
2024-25,203914,Gary Harris,Gary,1610612753,ORL,Orlando Magic,0022400102,2024-10-28T00:00:00,ORL vs. IND,W,26.033333333333335,0.0,6.9,0.0,0.0,4.1,0.0,0.0,0.0,0.0,0.0,4.1,4.1,1.4,0.0,0.0,1.4,1.4,1.4,0.0,0.0,-4.1,11.2,0,0,8.3,1,1,13086,1,11133,22635,21655,22635,15070,15237,15070,13505,14344,13505,14058,13277,16946,18400,16469,12854,5303,5251,17689,17725,23200,15148,24197,2246,150,24721,1,26:02
2024-25,1631207,Dalen Terry,Dalen,1610612741,CHI,Chicago Bulls,0022400108,2024-10-28T00:00:00,CHI @ MEM,W,12.416666666666666,0.0,0.0,0.0,0.0,0.0,0.0,0.0,0.0,0.0,0.0,0.0,0.0,2.9,2.9,2.9,0.0,0.0,11.6,2.9,0.0,0.0,10.1,0,0,8.7,1,1,13086,1,21035,22635,24836,22635,15070,20945,15070,13505,14344,13505,14058,22137,23286,13276,6845,3411,8263,8846,457,9591,23200,12240,24387,2246,150,24652,1,12:25
2024-25,1641707,Taylor Hendricks,Taylor,1610612762,UTA,Utah Jazz,0022400110,2024-10-28T00:00:00,UTA @ DAL,L,21.266666666666666,0.0,8.5,0.0,0.0,5.1,0.0,3.4,3.4,1.0,3.4,1.7,5.1,3.4,1.7,1.7,1.7,0.0,3.4,1.7,3.4,-6.8,23.0,0,0,18.6,1,13222,1,13222,15095,22635,19547,22635,15070,13006,15070,6931,9127,1,4569,20478,14581,11719,11945,7634,4310,8846,9130,14297,22815,16406,19553,2246,150,21566,1,21:16
2024-25,203500,Steven Adams,Steven,1610612745,HOU,Houston Rockets,0022400109,2024-10-28T00:00:00,HOU @ SAS,W,13.866666666666667,7.8,7.8,1.0,0.0,0.0,0.0,0.0,2.6,0.0,2.6,5.2,7.8,0.0,2.6,0.0,0.0,0.0,7.8,2.6,15.6,28.6,22.3,0,0,23.4,1,1,13086,1,20260,7087,20548,1,15070,20945,15070,13505,10984,13505,6356,10298,8633,19908,7895,12854,8263,8846,1465,10658,12346,2177,19966,2246,150,18757,1,13:52
2024-25,203484,Kentavious Caldwell-Pope,Kentavious,1610612753,ORL,Orlando Magic,0022400102,2024-10-28T00:00:00,ORL vs. IND,W,30.7,2.3,5.9,0.4,0.0,3.5,0.0,0.0,0.0,0.0,0.0,0.0,0.0,1.2,1.2,1.2,0.0,0.0,4.7,0.0,4.7,1.2,8.8,0,0,8.2,1,1,13086,1,7123,20768,22746,14933,15070,16617,15070,13505,14344,13505,14058,22137,23286,19109,14646,10416,8263,8846,5306,17725,22193,12033,24604,2246,150,24735,1,30:42
2024-25,1629216,Gabe Vincent,Gabe,1610612747,LAL,Los Angeles Lakers,0022400111,2024-10-28T00:00:00,LAL @ PHX,L,19.275,1.9,5.6,0.333,1.9,3.7,0.5,0.0,0.0,0.0,0.0,0.0,0.0,0.0,0.0,0.0,0.0,1.9,0.0,1.9,5.6,-9.3,5.6,0,0,7.5,1,13222,1,13222,16611,21632,22997,17395,10790,16131,3944,13505,14344,13505,14058,22137,23286,19908,16469,12854,8263,3679,20257,13655,21664,17600,24956,2246,150,24841,1,19:17
2024-25,1628449,Chris Boucher,Chris,1610612761,TOR,Toronto Raptors,0022400107,2024-10-28T00:00:00,TOR vs. DEN,L,13.516666666666667,5.3,16.0,0.333,0.0,5.3,0.0,0.0,0.0,0.0,2.7,5.3,8.0,0.0,0.0,0.0,2.7,0.0,5.3,0.0,10.7,8.0,28.2,0,0,24.0,1,13222,1,13222,20480,13477,7137,17395,15070,12398,15070,13505,14344,13505,6197,9966,8285,19908,16469,12854,2132,8846,3975,17725,17510,8634,16051,2246,150,18350,1,13:31
2024-25,1629162,Jordan McLaughlin,Jordan,1610612758,SAC,Sacramento Kings,0022400112,2024-10-28T00:00:00,SAC vs. POR,W,5.133333333333334,0.0,7.0,0.0,0.0,0.0,0.0,0.0,0.0,0.0,0.0,0.0,0.0,7.0,14.0,0.0,0.0,0.0,14.0,7.0,0.0,35.1,-3.5,0,0,7.0,1,1,13086,1,23930,22635,21546,22635,15070,20945,15070,13505,14344,13505,14058,22137,23286,3999,135,12854,8263,8846,283,1655,23200,1393,26162,2246,150,24892,1,5:08
2024-25,1641729,Brice Sensabaugh,Brice,1610612762,UTA,Utah Jazz,0022400110,2024-10-28T00:00:00,UTA @ DAL,L,12.65,0.0,0.0,0.0,0.0,0.0,0.0,0.0,0.0,0.0,0.0,5.7,5.7,2.8,0.0,0.0,0.0,0.0,0.0,0.0,0.0,11.4,11.1,0,0,8.5,1,13222,1,13222,20920,22635,24836,22635,15070,20945,15070,13505,14344,13505,14058,9067,13043,13455,16469,12854,8263,8846,20257,17725,23200,7062,24226,2246,150,24674,1,12:39
2024-25,1641767,Ben Sheppard,Ben,1610612754,IND,Indiana Pacers,0022400102,2024-10-28T00:00:00,IND @ ORL,L,22.638333333333332,4.8,9.5,0.5,3.2,8.0,0.4,0.0,0.0,0.0,1.6,0.0,1.6,0.0,0.0,0.0,0.0,0.0,3.2,1.6,12.7,1.6,14.6,0,0,17.5,1,13222,1,13222,14001,15054,17873,8526,6010,6532,7874,13505,14344,13505,9964,22137,22454,19908,16469,12854,8263,8846,9951,14661,15366,11834,23304,2246,150,22079,1,22:38
2024-25,1630214,Xavier Tillman,Xavier,1610612738,BOS,Boston Celtics,0022400104,2024-10-28T00:00:00,BOS vs. MIL,W,14.966666666666667,0.0,7.2,0.0,0.0,2.4,0.0,0.0,0.0,0.0,0.0,7.2,7.2,0.0,2.4,0.0,0.0,4.8,4.8,0.0,0.0,24.1,6.3,0,0,7.2,1,1,13086,1,19587,22635,21301,22635,15070,18795,15070,13505,14344,13505,14058,5971,9712,19908,8633,12854,8263,404,5027,17725,23200,3012,24893,2246,150,24872,1,14:58
2024-25,1642262,Cody Williams,Cody,1610612762,UTA,Utah Jazz,0022400110,2024-10-28T00:00:00,UTA @ DAL,L,15.796666666666667,2.3,11.4,0.2,0.0,6.8,0.0,0.0,0.0,0.0,4.6,4.6,9.1,0.0,2.3,0.0,2.3,0.0,0.0,0.0,4.6,-22.8,20.1,0,0,18.2,1,13222,1,13222,19074,20889,14671,21401,15070,8809,15070,13505,14344,13505,2860,12103,6560,19908,9163,12854,2778,8846,20257,17725,22257,22286,21136,2246,150,21754,1,15:48
2024-25,203994,Jusuf Nurkić,Jusuf,1610612756,PHX,Phoenix Suns,0022400111,2024-10-28T00:00:00,PHX vs. LAL,W,15.126666666666667,2.4,14.3,0.167,0.0,4.8,0.0,0.0,2.4,0.0,2.4,7.1,9.5,0.0,7.1,0.0,4.8,2.4,4.8,2.4,4.8,-47.6,23.3,0,0,23.8,1,1,13086,1,19483,20708,9724,21938,15070,13809,15070,13505,11544,13505,6984,6109,6031,19908,836,12854,597,2266,5155,11434,22152,25293,19361,2246,150,18463,1,15:08
2024-25,1628960,Grayson Allen,Grayson,1610612756,PHX,Phoenix Suns,0022400111,2024-10-28T00:00:00,PHX vs. LAL,W,12.3,2.9,5.9,0.5,2.9,5.9,0.5,0.0,0.0,0.0,2.9,2.9,5.9,0.0,0.0,0.0,0.0,0.0,8.8,2.9,8.8,-35.1,15.8,0,0,17.6,1,1,13086,1,21100,19586,22752,8526,6766,11060,3944,13505,14344,13505,5519,16985,12621,19908,16469,12854,8263,8846,1035,9498,19286,24421,22925,2246,150,22051,1,12:18
2024-25,1641711,Gradey Dick,Gradey,1610612761,TOR,Toronto Raptors,0022400107,2024-10-28T00:00:00,TOR vs. DEN,L,36.65,4.9,12.8,0.385,2.0,6.9,0.286,2.9,2.9,1.0,1.0,0.0,1.0,3.9,0.0,0.0,1.0,2.0,2.0,2.0,14.7,-3.9,24.8,0,0,23.6,1,13222,1,13222,2246,14652,12269,16070,10322,8720,11433,7961,10100,1,13398,22137,23220,10139,16469,12854,7588,3338,15331,13246,13166,15027,18453,2246,150,18628,1,36:39
2024-25,1626192,Pat Connaughton,Pat,1610612749,MIL,Milwaukee Bucks,0022400104,2024-10-28T00:00:00,MIL @ BOS,L,15.403333333333334,2.3,2.3,1.0,2.3,2.3,1.0,4.7,4.7,1.0,0.0,4.7,4.7,0.0,0.0,0.0,0.0,0.0,2.3,2.3,11.7,-4.7,17.3,0,0,18.7,1,13222,1,13222,19306,20788,24689,1,8719,18925,1,4552,6533,1,14058,11788,15638,19908,16469,12854,8263,8846,13497,11600,16477,15400,22378,2246,150,21538,1,15:24
2024-25,1641718,Keyonte George,Keyonte,1610612762,UTA,Utah Jazz,0022400110,2024-10-28T00:00:00,UTA @ DAL,L,36.13333333333333,6.0,17.9,0.333,1.0,7.0,0.143,4.0,4.0,1.0,1.0,4.0,5.0,5.0,3.0,1.0,0.0,4.0,1.0,5.0,16.9,-10.0,30.4,0,0,29.9,1,13222,1,13222,2581,11584,4769,17395,14573,8512,14649,5717,7865,1,13286,13767,14841,7512,6531,11992,8263,654,19725,4150,10919,17875,14507,2246,150,14033,1,36:08
2024-25,1629634,Brandon Clarke,Brandon,1610612763,MEM,Memphis Grizzlies,0022400108,2024-10-28T00:00:00,MEM vs. CHI,L,13.476666666666667,5.3,10.7,0.5,0.0,0.0,0.0,0.0,0.0,0.0,5.3,5.3,10.7,0.0,2.7,0.0,0.0,0.0,2.7,0.0,10.7,-24.0,20.8,0,0,21.4,1,13222,1,13222,20507,13430,15916,8526,15070,20945,15070,13505,14344,13505,2053,9921,4734,19908,7614,12854,8263,8846,12160,17725,17491,22587,20769,2246,150,20057,1,13:29
2024-25,1626166,Cameron Payne,Cameron,1610612752,NYK,New York Knicks,0022400106,2024-10-28T00:00:00,NYK vs. CLE,L,10.4,6.9,24.2,0.286,6.9,10.4,0.667,0.0,0.0,0.0,3.5,6.9,10.4,3.5,3.5,0.0,0.0,0.0,3.5,3.5,20.8,-20.8,35.0,0,0,41.5,1,13222,1,13222,21961,9119,1003,19630,788,3073,1957,13505,14344,13505,4431,6497,5018,11516,5100,12854,8263,8846,8861,7772,7250,21770,11078,2246,150,5884,1,10:24
2024-25,1631165,Keon Ellis,Keon,1610612758,SAC,Sacramento Kings,0022400112,2024-10-28T00:00:00,SAC vs. POR,W,14.426666666666666,2.5,7.5,0.333,2.5,5.0,0.5,0.0,0.0,0.0,2.5,5.0,7.5,2.5,5.0,2.5,2.5,0.0,5.0,0.0,7.5,5.0,30.2,0,0,29.9,1,1,13086,1,19939,20469,20948,17395,8159,13222,3944,13505,14344,13505,6621,10901,9195,14560,2347,4393,2387,8846,4622,17725,20332,10119,14668,2246,150,13982,1,14:26
2024-25,1630534,Ochai Agbaji,Ochai,1610612761,TOR,Toronto Raptors,0022400107,2024-10-28T00:00:00,TOR vs. DEN,L,28.633333333333333,7.5,15.1,0.5,2.5,6.3,0.4,1.3,2.5,0.5,3.8,5.0,8.8,0.0,0.0,1.3,1.3,0.0,5.0,2.5,18.9,-6.3,37.0,0,0,35.2,1,13222,1,13222,8997,7656,8450,8526,8094,10009,7874,12429,11168,10625,3921,10795,7024,19908,16469,9738,5867,8846,4540,10932,8984,16199,9721,2246,150,9948,1,28:38
2024-25,1631323,Simone Fontecchio,Simone,1610612765,DET,Detroit Pistons,0022400105,2024-10-28T00:00:00,DET @ MIA,L,21.75,3.3,14.9,0.222,1.7,8.3,0.2,1.7,3.3,0.5,5.0,1.7,6.6,0.0,0.0,0.0,1.7,0.0,0.0,1.7,9.9,-18.2,22.8,0,0,21.5,1,13222,1,13222,14717,18728,8761,21205,11522,5951,13429,11494,9284,10625,2408,20552,10905,19908,16469,12854,4404,8846,20257,14428,18222,20993,19658,2246,150,19949,1,21:45
2024-25,1629726,Garrison Mathews,Garrison,1610612737,ATL,Atlanta Hawks,0022400103,2024-10-28T00:00:00,ATL vs. WAS,L,24.013333333333332,6.0,15.0,0.4,6.0,13.5,0.444,3.0,4.5,0.667,0.0,0.0,0.0,3.0,3.0,0.0,0.0,0.0,3.0,1.5,21.0,7.5,22.5,0,0,30.0,1,13222,1,13222,12896,11533,8631,14933,1307,1101,7211,7816,6849,9425,14058,22137,23286,12944,6500,12854,8263,8846,10747,15004,7093,8881,19885,2246,150,13960,1,24:01
2024-25,1629027,Trae Young,Trae,1610612737,ATL,Atlanta Hawks,0022400103,2024-10-28T00:00:00,ATL vs. WAS,L,35.745,2.0,15.1,0.133,2.0,10.1,0.2,8.1,9.1,0.889,0.0,8.1,8.1,13.1,6.0,1.0,1.0,0.0,3.0,7.0,14.1,-7.0,43.4,1,0,41.3,1,13222,1,13222,2868,21387,8410,22414,10106,3416,13429,1386,1837,6857,14058,4622,8161,510,1354,11890,7445,8846,10618,1624,13847,16525,5929,1,150,6031,1,35:45
2024-25,1630703,Scoot Henderson,Scoot,1610612757,POR,Portland Trail Blazers,0022400112,2024-10-28T00:00:00,POR @ SAC,L,28.166666666666668,6.4,15.3,0.417,1.3,2.6,0.5,8.9,10.2,0.875,1.3,3.8,5.1,6.4,5.1,0.0,0.0,1.3,6.4,7.7,23.0,-5.1,33.6,0,0,35.8,1,13222,1,13222,9408,10470,8043,14532,12943,18525,3944,1021,1282,6931,11310,14219,14485,4866,2212,12854,8263,5764,2500,1220,5469,15652,12102,2246,150,9524,1,28:10
2024-25,1642270,Donovan Clingan,Donovan,1610612757,POR,Portland Trail Blazers,0022400112,2024-10-28T00:00:00,POR @ SAC,L,11.983333333333333,3.0,6.0,0.5,0.0,0.0,0.0,0.0,0.0,0.0,3.0,15.0,18.0,0.0,0.0,0.0,3.0,0.0,6.0,6.0,6.0,9.0,36.7,0,0,30.0,1,13222,1,13222,21299,19405,22583,8526,15070,20945,15070,13505,14344,13505,5319,566,895,19908,16469,12854,1688,8846,2928,2610,21380,8173,9922,2246,150,13910,1,11:59
2024-25,201950,Jrue Holiday,Jrue,1610612738,BOS,Boston Celtics,0022400104,2024-10-28T00:00:00,BOS vs. MIL,W,32.71666666666667,7.7,13.2,0.583,4.4,7.7,0.571,3.3,3.3,1.0,0.0,4.4,4.4,3.3,1.1,0.0,0.0,0.0,2.2,4.4,23.1,6.6,32.2,0,0,35.2,1,1,13086,1,5388,7269,11473,6296,3229,6997,3506,7104,9304,1,14058,12521,16278,11973,15130,12854,8263,8846,14086,5342,5414,9336,13134,2246,150,9941,1,32:43
2024-25,1631097,Bennedict Mathurin,Bennedict,1610612754,IND,Indiana Pacers,0022400102,2024-10-28T00:00:00,IND @ ORL,L,13.708333333333334,2.6,2.6,1.0,2.6,2.6,1.0,5.3,5.3,1.0,0.0,5.3,5.3,0.0,2.6,0.0,0.0,0.0,7.9,5.3,13.1,10.5,16.8,0,0,21.0,1,13222,1,13222,20360,20233,24607,1,7749,18404,1,3704,5525,1,14058,10152,14151,19908,7784,12854,8263,8846,1415,3695,14950,7467,22562,2246,150,20278,1,13:43
2024-25,1629614,Andrew Nembhard,Andrew,1610612754,IND,Indiana Pacers,0022400102,2024-10-28T00:00:00,IND @ ORL,L,33.715,6.4,12.8,0.5,0.0,1.1,0.0,1.1,2.1,0.5,0.0,3.2,3.2,7.5,2.1,1.1,0.0,1.1,0.0,2.1,13.9,-3.2,30.0,0,0,26.7,1,13222,1,13222,4539,10421,12182,8526,15070,20780,15070,13009,12304,10625,14058,16075,19227,3431,9804,11308,8263,7327,20257,12459,14070,14673,14789,2246,150,16404,1,33:43
2024-25,1631093,Jaden Ivey,Jaden,1610612765,DET,Detroit Pistons,0022400105,2024-10-28T00:00:00,DET @ MIA,L,32.31666666666667,6.7,17.8,0.375,5.6,10.0,0.556,1.1,2.2,0.5,2.2,2.2,4.5,1.1,4.5,2.2,0.0,1.1,2.2,2.2,20.1,-7.8,29.3,0,0,35.6,1,13222,1,13222,5711,9724,4888,16299,1684,3460,3747,12878,12000,10625,7500,18989,16161,19309,3063,5279,8263,6929,13970,12040,7886,16881,15284,2246,150,9631,1,32:19
2024-25,1630543,Isaiah Jackson,Isaiah,1610612754,IND,Indiana Pacers,0022400102,2024-10-28T00:00:00,IND @ ORL,L,22.14666666666667,3.3,13.0,0.25,0.0,0.0,0.0,4.9,9.8,0.5,11.4,3.3,14.6,3.3,1.6,0.0,6.5,3.3,4.9,4.9,11.4,9.8,51.7,0,0,42.3,1,13222,1,13222,14391,18883,11846,20233,15070,20945,15070,4227,1482,10625,282,15929,1947,12141,12235,12854,246,1101,4883,4338,16813,7818,2782,2246,150,5512,1,22:09
2024-25,1628989,Kevin Huerter,Kevin,1610612758,SAC,Sacramento Kings,0022400112,2024-10-28T00:00:00,SAC vs. POR,W,32.9,7.7,13.1,0.583,4.4,9.8,0.444,0.0,0.0,0.0,0.0,1.1,1.1,4.4,0.0,0.0,3.3,0.0,4.4,0.0,19.7,13.1,37.4,0,0,36.1,1,1,13086,1,5243,7353,11616,6296,3271,3665,7211,13505,14344,13505,14058,21764,23087,8940,16469,12854,1409,8846,6080,17725,8160,6332,9393,2246,150,9293,1,32:54
2024-25,201566,Russell Westbrook,Russell,1610612743,DEN,Denver Nuggets,0022400107,2024-10-28T00:00:00,DEN @ TOR,W,17.97833333333333,6.0,14.0,0.429,0.0,2.0,0.0,6.0,8.0,0.75,2.0,6.0,8.0,6.0,4.0,2.0,0.0,0.0,8.0,6.0,18.0,-2.0,38.6,0,0,36.0,1,1,13086,1,17580,11485,10141,13735,15070,19557,15070,2852,2517,8186,8375,8300,8252,5475,3877,6243,8263,8846,1361,2613,9812,14046,8624,2246,150,9339,1,17:59
2024-25,1629029,Luka Dončić,Luka,1610612742,DAL,Dallas Mavericks,0022400110,2024-10-28T00:00:00,DAL vs. UTA,W,33.2,5.4,23.9,0.227,1.1,9.8,0.111,4.3,6.5,0.667,0.0,9.8,9.8,8.7,2.2,2.2,1.1,1.1,5.4,6.5,16.3,5.4,48.6,0,0,42.3,1,1,13086,1,4987,13210,1104,21201,14045,3773,15003,5093,3880,9425,14058,2762,5730,2286,9642,5514,6895,7191,3816,2082,11641,9875,3781,2246,150,5502,1,33:12
2024-25,1642419,Jamison Battle,Jamison,1610612761,TOR,Toronto Raptors,0022400107,2024-10-28T00:00:00,TOR vs. DEN,L,12.133333333333333,3.0,8.9,0.333,0.0,5.9,0.0,5.9,5.9,1.0,3.0,0.0,3.0,0.0,0.0,0.0,3.0,3.0,8.9,3.0,11.9,8.9,24.3,0,0,20.8,1,13222,1,13222,21178,19495,18863,17395,15070,10848,15070,2935,4564,1,5422,22137,19815,19908,16469,12854,1735,1379,998,9365,16266,8222,18733,2246,150,20420,1,12:08
2024-25,1630191,Isaiah Stewart,Isaiah,1610612765,DET,Detroit Pistons,0022400105,2024-10-28T00:00:00,DET @ MIA,L,19.216666666666665,0.0,5.6,0.0,0.0,0.0,0.0,3.7,3.7,1.0,13.1,15.0,28.1,3.7,5.6,0.0,0.0,0.0,5.6,1.9,3.7,-20.6,37.5,0,0,35.6,1,13222,1,13222,16650,22635,22977,22635,15070,20945,15070,6192,8382,1,186,574,113,10661,1711,12854,8263,8846,3516,13621,22668,21728,9364,2246,150,9668,1,19:13
2024-25,203903,Jordan Clarkson,Jordan,1610612762,UTA,Utah Jazz,0022400110,2024-10-28T00:00:00,UTA @ DAL,L,26.916666666666668,4.0,14.7,0.273,1.3,8.0,0.167,8.0,10.7,0.75,0.0,6.7,6.7,5.3,4.0,0.0,0.0,0.0,1.3,5.3,17.4,-6.7,29.4,0,0,30.8,1,13222,1,13222,10399,17063,9035,20048,12701,6408,14236,1404,1112,8186,14058,6911,10753,6724,3863,12854,8263,8846,17873,3557,10437,16377,15195,2246,150,13350,1,26:55
2024-25,1628976,Wendell Carter Jr.,Wendell,1610612753,ORL,Orlando Magic,0022400102,2024-10-28T00:00:00,ORL vs. IND,W,31.966666666666665,3.4,5.6,0.6,0.0,2.3,0.0,5.6,6.8,0.833,1.1,10.1,11.3,1.1,0.0,1.1,0.0,0.0,3.4,6.8,12.4,12.4,31.0,1,0,27.0,1,1,13086,1,5995,18590,22965,5394,15070,19080,15070,3273,3602,7275,12285,2474,4187,19268,16469,10810,8263,8846,9158,1852,15733,6642,14075,1,150,16132,1,31:58
2024-25,203507,Giannis Antetokounmpo,Giannis,1610612749,MIL,Milwaukee Bucks,0022400104,2024-10-28T00:00:00,MIL @ BOS,L,39.083333333333336,12.9,23.9,0.538,0.0,1.8,0.0,1.8,5.5,0.333,0.9,8.3,9.2,5.5,6.4,0.0,0.0,2.8,3.7,3.7,27.6,-17.5,40.5,1,0,42.4,1,13222,1,13222,852,1070,1076,7978,15070,19848,15070,11143,5149,13132,13825,4302,6428,6376,1153,12854,8263,1650,8147,7173,2918,20781,7444,1,150,5465,1,39:05
2024-25,1629632,Coby White,Coby,1610612741,CHI,Chicago Bulls,0022400108,2024-10-28T00:00:00,CHI @ MEM,W,31.995,6.8,16.9,0.4,5.6,11.3,0.5,3.4,3.4,1.0,1.1,1.1,2.3,5.6,0.0,0.0,0.0,1.1,2.3,5.6,22.5,9.0,33.6,0,0,36.0,1,1,13086,1,5979,9561,5940,14933,1644,2290,3944,6947,9153,1,12294,21698,21316,6196,16469,12854,8263,6836,13878,3157,5849,8179,12077,2246,150,9359,1,31:60
2024-25,1642346,Ryan Dunn,Ryan,1610612756,PHX,Phoenix Suns,0022400111,2024-10-28T00:00:00,PHX vs. LAL,W,15.396666666666667,7.0,11.7,0.6,2.3,7.0,0.333,0.0,0.0,0.0,0.0,2.3,2.3,0.0,0.0,2.3,2.3,0.0,2.3,0.0,16.4,7.0,33.2,0,0,30.4,1,1,13086,1,19314,8891,14140,5394,8711,8435,9209,13505,14344,13505,14058,18659,21123,19908,16469,4906,2669,8846,13491,17725,11535,9127,12422,2246,150,13635,1,15:24
2024-25,1627747,Caris LeVert,Caris,1610612739,CLE,Cleveland Cavaliers,0022400106,2024-10-28T00:00:00,CLE @ NYK,W,26.291666666666668,1.4,5.5,0.25,0.0,2.7,0.0,4.1,5.5,0.75,1.4,4.1,5.5,4.1,2.7,2.7,0.0,1.4,1.4,4.1,6.8,26.0,25.1,0,0,21.9,1,1,13086,1,10912,22323,23110,20233,15070,18186,15070,5514,5216,8186,10889,13401,13603,9648,7417,3833,8263,5314,17748,6036,20827,2615,18245,2246,150,19723,1,26:18
2024-25,1628398,Kyle Kuzma,Kyle,1610612764,WAS,Washington Wizards,0022400103,2024-10-28T00:00:00,WAS @ ATL,W,40.431666666666665,7.1,17.8,0.4,4.5,8.0,0.556,3.6,5.3,0.667,1.8,8.0,9.8,6.2,4.5,0.0,0.0,3.6,1.8,3.6,22.3,5.3,38.9,1,0,42.7,1,1,13086,1,467,8650,4904,14933,3151,6423,3747,6575,5400,9425,9316,4686,5688,5107,3070,12854,8263,870,16266,7505,6039,9920,8470,1,150,5296,1,40:26
2024-25,203924,Jerami Grant,Jerami,1610612757,POR,Portland Trail Blazers,0022400112,2024-10-28T00:00:00,POR @ SAC,L,29.433333333333334,3.7,14.7,0.25,1.2,3.7,0.333,0.0,0.0,0.0,0.0,9.8,9.8,2.4,2.4,1.2,1.2,3.7,2.4,4.9,8.6,-23.2,28.9,0,0,26.9,1,13222,1,13222,8281,17919,9090,20233,13247,16288,9209,13505,14344,13505,14058,2737,5694,14715,8463,9989,6032,811,13000,4310,19459,22394,15588,2246,150,16219,1,29:26
2024-25,1641716,Jarace Walker,Jarace,1610612754,IND,Indiana Pacers,0022400102,2024-10-28T00:00:00,IND @ ORL,L,2.35,0.0,0.0,0.0,0.0,0.0,0.0,0.0,0.0,0.0,0.0,0.0,0.0,0.0,15.3,15.3,0.0,0.0,30.6,0.0,0.0,0.0,30.6,0,0,30.6,1,13222,1,13222,25292,22635,24836,22635,15070,20945,15070,13505,14344,13505,14058,22137,23286,19908,105,45,8263,8846,39,17725,23200,12240,14320,2246,150,13450,1,2:21
2024-25,1631124,Julian Strawther,Julian,1610612743,DEN,Denver Nuggets,0022400107,2024-10-28T00:00:00,DEN @ TOR,W,22.483333333333334,4.8,4.8,1.0,3.2,3.2,1.0,1.6,3.2,0.5,0.0,3.2,3.2,0.0,1.6,0.0,0.0,0.0,4.8,3.2,14.4,1.6,16.7,0,0,20.8,1,1,13086,1,14123,14935,23604,1,5951,17264,1,11596,9516,10625,14058,16084,19234,19908,12327,12854,8263,8846,5047,8557,13494,11829,22610,2246,150,20394,1,22:29
2024-25,203458,Alex Len,Alex,1610612758,SAC,Sacramento Kings,0022400112,2024-10-28T00:00:00,SAC vs. POR,W,7.1,0.0,5.1,0.0,0.0,0.0,0.0,0.0,0.0,0.0,0.0,5.1,5.1,20.3,0.0,5.1,0.0,5.1,10.1,0.0,0.0,-25.4,51.7,0,0,35.5,1,1,13086,1,23135,22635,23410,22635,15070,20945,15070,13505,14344,13505,14058,10663,14603,78,16469,857,8263,353,672,17725,23200,22877,2777,2246,150,9734,1,7:06
2024-25,1631094,Paolo Banchero,Paolo,1610612753,ORL,Orlando Magic,0022400102,2024-10-28T00:00:00,ORL vs. IND,W,39.611666666666665,14.5,23.6,0.615,2.7,8.2,0.333,13.6,20.0,0.682,3.6,8.2,11.8,8.2,3.6,0.9,1.8,0.0,3.6,11.8,45.4,2.7,76.4,1,0,73.6,1,1,13086,1,682,574,1179,5246,7462,6122,9209,227,141,9424,4156,4456,3648,2720,4702,12623,4017,8846,8314,208,239,11250,271,1,150,253,1,39:37
2024-25,1631260,AJ Green,AJ,1610612749,MIL,Milwaukee Bucks,0022400104,2024-10-28T00:00:00,MIL @ BOS,L,2.7333333333333334,13.2,26.3,0.5,13.2,26.3,0.5,0.0,0.0,0.0,0.0,13.2,13.2,0.0,0.0,0.0,0.0,0.0,0.0,0.0,39.5,52.7,55.3,0,0,65.9,1,13222,1,13222,25094,962,582,8526,103,96,3944,13505,14344,13505,14058,961,2689,19908,16469,12854,8263,8846,20257,17725,479,489,1930,2246,150,447,1,2:44
2024-25,1630581,Josh Giddey,Josh,1610612741,CHI,Chicago Bulls,0022400108,2024-10-28T00:00:00,CHI @ MEM,W,27.933333333333334,5.2,12.9,0.4,2.6,5.2,0.5,2.6,5.2,0.5,5.2,11.6,16.8,10.3,2.6,1.3,1.3,1.3,1.3,5.2,15.5,14.2,56.2,1,0,50.3,1,1,13086,1,9595,13938,12061,14933,7896,12811,3944,8861,5673,10625,2242,1562,1187,1281,7956,9525,5698,5708,18078,3846,12450,5950,1777,1,150,2459,1,27:56
2024-25,1628991,Jaren Jackson Jr.,Jaren,1610612763,MEM,Memphis Grizzlies,0022400108,2024-10-28T00:00:00,MEM vs. CHI,L,24.47833333333333,13.2,23.5,0.563,1.5,5.9,0.25,0.0,2.9,0.0,2.9,5.9,8.8,1.5,2.9,1.5,4.4,1.5,4.4,2.9,27.9,22.1,55.4,0,0,51.5,1,13222,1,13222,12506,937,1218,7127,12158,10989,11902,13505,10111,13505,5478,8585,6979,18092,6674,8528,709,4882,5994,9457,2810,3445,1902,2246,150,2150,1,24:29
2024-25,1630595,Cade Cunningham,Cade,1610612765,DET,Detroit Pistons,0022400105,2024-10-28T00:00:00,DET @ MIA,L,34.86666666666667,9.3,18.6,0.5,4.1,7.2,0.571,2.1,3.1,0.667,1.0,7.2,8.3,6.2,5.2,2.1,1.0,0.0,4.1,2.1,24.8,-7.2,48.1,0,0,49.6,1,13222,1,13222,3564,4215,4135,8526,3716,7990,3506,10422,9731,9425,13006,5951,7834,5166,2152,5932,7253,8846,6740,12781,4318,16601,3939,2246,150,2650,1,34:52
2024-25,1630217,Desmond Bane,Desmond,1610612763,MEM,Memphis Grizzlies,0022400108,2024-10-28T00:00:00,MEM vs. CHI,L,31.44,12.6,21.8,0.579,6.9,11.5,0.6,2.3,2.3,1.0,2.3,5.7,8.0,4.6,1.1,0.0,0.0,0.0,3.4,1.1,34.4,2.3,49.7,0,0,53.8,1,13222,1,13222,6463,1199,1924,6486,808,2138,2992,9666,11821,1,7279,8982,8242,8452,14830,12854,8263,8846,8956,16681,1065,11470,3362,2246,150,1653,1,31:26
2024-25,1628380,Zach Collins,Zach,1610612759,SAS,San Antonio Spurs,0022400109,2024-10-28T00:00:00,SAS vs. HOU,L,12.783333333333333,8.4,11.3,0.75,2.8,5.6,0.5,11.3,11.3,1.0,2.8,5.6,8.4,2.8,0.0,5.6,0.0,0.0,5.6,8.4,31.0,5.6,62.2,0,0,56.3,1,13222,1,13222,20849,5714,14899,2107,7169,11625,3944,441,962,1,5819,9215,7549,13532,16469,595,8263,8846,3493,849,1779,9783,944,2246,150,1255,1,12:47
2024-25,1630188,Jalen Smith,Jalen,1610612741,CHI,Chicago Bulls,0022400108,2024-10-28T00:00:00,CHI @ MEM,W,11.516666666666667,12.5,15.6,0.8,9.4,12.5,0.75,15.6,28.1,0.556,0.0,21.9,21.9,3.1,0.0,3.1,0.0,0.0,6.3,18.8,50.0,25.0,90.3,0,0,90.7,1,1,13086,1,21485,1242,7648,1688,260,1520,1542,150,61,10597,14058,127,348,12538,16469,2878,8263,8846,2654,57,156,2818,98,2246,150,92,1,11:31
2024-25,1629060,Rui Hachimura,Rui,1610612747,LAL,Los Angeles Lakers,0022400111,2024-10-28T00:00:00,LAL @ PHX,L,31.35,9.2,20.7,0.444,3.4,3.4,1.0,1.1,1.1,1.0,5.7,5.7,11.5,1.1,0.0,1.1,1.1,6.9,5.7,1.1,23.0,23.0,45.4,1,0,43.6,1,13222,1,13222,6549,4386,2535,13045,5274,16780,1,12760,13965,1,1787,8948,3975,19196,16469,10595,6501,159,3329,16657,5508,3277,5009,1,150,4863,1,31:21
2024-25,1628381,John Collins,John,1610612762,UTA,Utah Jazz,0022400110,2024-10-28T00:00:00,UTA @ DAL,L,19.166666666666668,9.4,24.4,0.385,5.6,11.3,0.5,5.6,5.6,1.0,3.8,7.5,11.3,5.6,3.8,1.9,1.9,5.6,9.4,5.6,30.1,-15.0,59.5,0,0,60.1,1,13222,1,13222,16703,4039,945,16070,1634,2281,3944,3268,4992,1,3956,5474,4174,6177,4420,6861,3832,256,842,3145,2067,19913,1251,2246,150,820,1,19:10
2024-25,1629012,Collin Sexton,Collin,1610612762,UTA,Utah Jazz,0022400110,2024-10-28T00:00:00,UTA @ DAL,L,27.683333333333334,11.7,14.3,0.818,2.6,3.9,0.667,3.9,5.2,0.75,0.0,5.2,5.2,2.6,2.6,1.3,0.0,0.0,3.9,3.9,29.9,1.3,41.4,0,0,42.9,1,13222,1,13222,9805,1719,9676,1653,7823,15783,1957,5875,5605,8186,14058,10273,14272,14212,7876,9448,8263,8846,7442,6562,2115,11954,6961,2246,150,5187,1,27:41
2024-25,1628963,Marvin Bagley III,Marvin,1610612764,WAS,Washington Wizards,0022400103,2024-10-28T00:00:00,WAS @ ATL,W,3.505,10.3,10.3,1.0,0.0,0.0,0.0,0.0,0.0,0.0,0.0,20.5,20.5,0.0,0.0,0.0,0.0,0.0,0.0,0.0,20.5,10.3,45.2,0,0,41.1,1,1,13086,1,24703,2939,16612,1,15070,20945,15070,13505,14344,13505,14058,155,461,19908,16469,12854,8263,8846,20257,17725,7452,7571,5085,2246,150,6149,1,3:30
2024-25,1629636,Darius Garland,Darius,1610612739,CLE,Cleveland Cavaliers,0022400106,2024-10-28T00:00:00,CLE @ NYK,W,32.751666666666665,13.2,20.9,0.632,5.5,8.8,0.625,5.5,5.5,1.0,1.1,2.2,3.3,3.3,3.3,2.2,2.2,0.0,3.3,4.4,37.4,7.7,56.2,0,0,58.3,1,1,13086,1,5364,955,2411,4871,1741,5120,2868,3419,5196,1,12473,19071,18997,11991,5518,5400,2951,8846,9467,5359,667,8774,1778,2246,150,990,1,32:45
2024-25,1630567,Scottie Barnes,Scottie,1610612761,TOR,Toronto Raptors,0022400107,2024-10-28T00:00:00,TOR vs. DEN,L,35.3,9.2,19.4,0.474,1.0,3.1,0.333,2.0,4.1,0.5,2.0,10.2,12.2,9.2,4.1,5.1,1.0,1.0,1.0,4.1,21.4,-2.0,64.1,1,0,56.1,1,13222,1,13222,3234,4399,3438,12072,14419,17534,9209,10490,7670,10625,8206,2426,3317,1882,3715,837,7347,7736,19578,6094,6718,14067,766,1,150,1290,1,35:18
2024-25,201142,Kevin Durant,Kevin,1610612756,PHX,Phoenix Suns,0022400111,2024-10-28T00:00:00,PHX vs. LAL,W,38.15,10.4,18.9,0.55,1.9,5.7,0.333,5.7,6.6,0.857,0.0,7.5,7.5,3.8,1.9,0.0,3.8,0.9,1.9,5.7,28.3,-5.7,52.5,0,0,49.1,1,1,13086,1,1295,2842,3869,7655,10693,11544,9209,3232,3759,7071,14058,5405,9071,10571,11116,12854,1047,8389,15757,3094,2668,15905,2597,2246,150,2814,1,38:09
2024-25,1641871,Duop Reath,Duop,1610612757,POR,Portland Trail Blazers,0022400112,2024-10-28T00:00:00,POR @ SAC,L,1.9333333333333333,0.0,0.0,0.0,0.0,0.0,0.0,0.0,0.0,0.0,0.0,18.6,18.6,18.6,0.0,0.0,18.6,0.0,0.0,0.0,0.0,37.2,106.1,0,0,74.5,1,13222,1,13222,25499,22635,24836,22635,15070,20945,15070,13505,14344,13505,14058,220,766,118,16469,12854,10,8846,20257,17725,23200,1178,58,2246,150,239,1,1:56
2024-25,203081,Damian Lillard,Damian,1610612749,MIL,Milwaukee Bucks,0022400104,2024-10-28T00:00:00,MIL @ BOS,L,35.53333333333333,7.1,15.2,0.467,2.0,8.1,0.25,17.2,18.2,0.944,1.0,6.1,7.1,7.1,1.0,2.0,1.0,1.0,2.0,8.1,33.4,-10.1,60.7,0,0,55.7,1,13222,1,13222,3044,8718,8260,12249,10031,6273,11902,116,177,6705,13150,8154,9971,3895,15759,6131,7400,7795,14985,965,1231,17942,1110,2246,150,1360,1,35:32
2024-25,203999,Nikola Jokić,Nikola,1610612743,DEN,Denver Nuggets,0022400107,2024-10-28T00:00:00,DEN @ TOR,W,43.675,14.8,22.3,0.667,2.5,4.1,0.6,0.8,1.6,0.5,2.5,5.8,8.2,3.3,2.5,0.8,1.6,0.0,1.6,2.5,33.0,7.4,52.8,1,0,51.9,1,1,13086,1,105,520,1708,3281,8244,15299,2992,13492,13342,10625,6700,8859,7874,11993,8355,12819,4427,8846,16718,11087,1330,8928,2517,1,150,2057,1,43:41
2024-25,1630552,Jalen Johnson,Jalen,1610612737,ATL,Atlanta Hawks,0022400103,2024-10-28T00:00:00,ATL vs. WAS,L,38.8,10.2,15.8,0.647,0.9,2.8,0.333,5.6,6.5,0.857,1.9,9.3,11.1,6.5,2.8,0.9,0.9,1.9,2.8,3.7,26.9,7.4,52.8,1,0,49.2,1,13222,1,13222,968,3012,7440,4571,14880,18096,9209,3345,3891,7071,9014,3225,4287,4727,7278,12521,7966,3718,11710,7102,3248,8919,2511,1,150,2774,1,38:48
2024-25,203076,Anthony Davis,Anthony,1610612747,LAL,Los Angeles Lakers,0022400111,2024-10-28T00:00:00,LAL @ PHX,L,35.505,12.2,24.3,0.5,0.0,2.0,0.0,5.1,6.1,0.833,5.1,10.1,15.2,3.0,3.0,1.0,3.0,1.0,1.0,6.1,29.4,14.2,61.3,1,0,55.8,1,13222,1,13222,3066,1422,966,8526,15070,19507,15070,3936,4371,7275,2306,2470,1681,12795,6309,11827,1643,7789,19619,2521,2297,5938,1039,1,150,1346,1,35:30
2024-25,1631223,David Roddy,David,1610612737,ATL,Atlanta Hawks,0022400103,2024-10-28T00:00:00,ATL vs. WAS,L,19.366666666666667,5.6,7.4,0.75,1.9,3.7,0.5,3.7,3.7,1.0,0.0,11.2,11.2,3.7,0.0,1.9,1.9,0.0,0.0,1.9,16.7,-33.5,46.8,0,0,40.9,1,13222,1,13222,16522,12765,21020,2107,10833,16174,3944,6252,8446,1,14058,1824,4275,10739,16469,6979,3906,8846,20257,13700,11137,24226,4375,2246,150,6271,1,19:22
2024-25,203926,Doug McDermott,Doug,1610612758,SAC,Sacramento Kings,0022400112,2024-10-28T00:00:00,SAC vs. POR,W,2.816666666666667,25.6,38.3,0.667,25.6,25.6,1.0,0.0,0.0,0.0,0.0,0.0,0.0,0.0,0.0,0.0,0.0,12.8,0.0,0.0,76.7,-25.6,76.7,0,0,102.2,1,1,13086,1,25057,62,90,3281,13,105,1,13505,14344,13505,14058,22137,23286,19908,16469,12854,8263,41,20257,17725,41,22926,265,2246,150,56,1,2:49
2024-25,1630559,Austin Reaves,Austin,1610612747,LAL,Los Angeles Lakers,0022400111,2024-10-28T00:00:00,LAL @ PHX,L,37.855,7.6,14.3,0.533,4.8,8.6,0.556,1.9,2.9,0.667,0.0,7.6,7.6,2.9,1.0,1.9,0.0,0.0,2.9,8.6,21.9,11.4,40.0,0,0,40.9,1,13222,1,13222,1477,7491,9748,8140,2636,5486,3747,10939,10353,9425,14058,5311,8957,13436,16142,6755,8263,8846,11401,800,6307,7052,7744,2246,150,6272,1,37:51
2024-25,1630224,Jalen Green,Jalen,1610612745,HOU,Houston Rockets,0022400109,2024-10-28T00:00:00,HOU @ SAS,W,37.545,10.5,21.1,0.5,6.7,12.5,0.538,6.7,6.7,1.0,0.0,1.0,1.0,1.9,3.8,0.0,0.0,1.0,0.0,5.8,34.5,7.7,34.7,0,0,44.1,1,1,13086,1,1661,2669,2285,8526,890,1545,3915,2231,3649,1,14058,22041,23240,16683,4218,12854,8263,8275,20257,2970,1041,8789,11279,2246,150,4639,1,37:33
2024-25,1630699,MarJon Beauchamp,MarJon,1610612749,MIL,Milwaukee Bucks,0022400104,2024-10-28T00:00:00,MIL @ BOS,L,2.7333333333333334,13.2,26.3,0.5,13.2,26.3,0.5,0.0,0.0,0.0,0.0,0.0,0.0,0.0,0.0,0.0,0.0,0.0,13.2,0.0,39.5,52.7,39.5,0,0,52.7,1,13222,1,13222,25094,962,582,8526,103,96,3944,13505,14344,13505,14058,22137,23286,19908,16469,12854,8263,8846,328,17725,479,489,8068,2246,150,1878,1,2:44
2024-25,1641705,Victor Wembanyama,Victor,1610612759,SAS,San Antonio Spurs,0022400109,2024-10-28T00:00:00,SAS vs. HOU,L,35.21666666666667,6.1,14.3,0.429,1.0,5.1,0.2,1.0,2.0,0.5,5.1,15.3,20.4,5.1,4.1,0.0,4.1,0.0,3.1,7.2,14.3,-7.2,54.7,1,0,49.1,1,13222,1,13222,3299,11133,9666,13735,14408,12918,13429,13162,12590,10625,2274,511,474,7222,3696,12854,870,8846,10404,1542,13592,16584,2051,1,150,2818,1,35:13
2024-25,1630202,Payton Pritchard,Payton,1610612738,BOS,Boston Celtics,0022400104,2024-10-28T00:00:00,BOS vs. MIL,W,27.683333333333334,13.0,18.2,0.714,10.4,15.6,0.667,0.0,0.0,0.0,2.6,3.9,6.5,3.9,2.6,2.6,0.0,0.0,2.6,0.0,36.4,15.6,55.3,0,0,62.4,1,1,13086,1,9805,1036,4450,2752,192,584,1957,13505,14344,13505,6342,14020,11172,10223,7876,4140,8263,8846,12426,17725,767,5387,1940,2246,150,619,1,27:41
2024-25,202696,Nikola Vučević,Nikola,1610612741,CHI,Chicago Bulls,0022400108,2024-10-28T00:00:00,CHI @ MEM,W,35.0,9.3,19.5,0.474,4.1,8.2,0.5,0.0,0.0,0.0,2.1,5.1,7.2,5.1,1.0,0.0,1.0,1.0,3.1,2.1,22.6,-4.1,41.0,0,0,41.1,1,1,13086,1,3460,4277,3315,12072,3749,6036,3944,13505,14344,13505,8126,10438,9739,7145,15643,12854,7279,7676,10325,12811,5753,15130,7150,2246,150,6110,1,35:00
2024-25,1642264,Stephon Castle,Stephon,1610612759,SAS,San Antonio Spurs,0022400109,2024-10-28T00:00:00,SAS vs. HOU,L,17.85,4.0,10.1,0.4,0.0,2.0,0.0,0.0,0.0,0.0,0.0,2.0,2.0,10.1,6.1,2.0,0.0,0.0,4.0,0.0,8.1,2.0,25.6,0,0,24.2,1,13222,1,13222,17663,17009,16919,14933,15070,19523,15070,13505,14344,13505,14058,19604,21766,1394,1350,6173,8263,8846,7048,17725,19865,11612,17873,2246,150,18204,1,17:51
2024-25,1641763,Julian Phillips,Julian,1610612741,CHI,Chicago Bulls,0022400108,2024-10-28T00:00:00,CHI @ MEM,W,13.7,5.3,15.8,0.333,2.6,2.6,1.0,0.0,0.0,0.0,2.6,5.3,7.9,2.6,5.3,2.6,0.0,5.3,2.6,0.0,13.1,18.4,29.2,0,0,31.5,1,1,13086,1,20364,13650,7448,17395,7746,18400,1,13505,14344,13505,6277,10138,8489,14127,2055,4067,8263,315,12332,17725,14943,4440,15381,2246,150,12747,1,13:42
2024-25,1631110,Jeremy Sochan,Jeremy,1610612759,SAS,San Antonio Spurs,0022400109,2024-10-28T00:00:00,SAS vs. HOU,L,33.65,9.6,20.3,0.474,0.0,1.1,0.0,4.3,5.3,0.8,5.3,4.3,9.6,4.3,2.1,0.0,1.1,0.0,3.2,5.3,23.5,-12.8,42.6,0,0,39.6,1,13222,1,13222,4593,3685,2749,12072,15070,20776,15070,5199,5391,7681,2042,12869,5891,9185,9785,12854,6985,8846,9818,3559,5102,19072,6326,2246,150,7023,1,33:39
2024-25,1627750,Jamal Murray,Jamal,1610612743,DEN,Denver Nuggets,0022400107,2024-10-28T00:00:00,DEN @ TOR,W,39.71666666666667,5.4,18.1,0.3,0.0,1.8,0.0,4.5,4.5,1.0,0.9,7.3,8.2,6.3,0.0,0.9,0.0,2.7,1.8,6.3,15.4,7.3,37.4,0,0,31.7,1,1,13086,1,647,13161,4535,19363,15070,19898,15070,4779,6775,1,13880,5904,7993,4945,16469,12639,8263,1715,16118,2244,12507,9017,9389,2246,150,12602,1,39:43
2024-25,1641724,Jett Howard,Jett,1610612753,ORL,Orlando Magic,0022400102,2024-10-28T00:00:00,ORL vs. IND,W,8.116666666666667,0.0,4.4,0.0,0.0,4.4,0.0,0.0,0.0,0.0,4.4,4.4,8.9,4.4,0.0,0.0,0.0,0.0,8.9,0.0,0.0,-22.2,17.3,0,0,13.3,1,1,13086,1,22775,22635,23835,22635,15070,14606,15070,13505,14344,13505,3002,12436,6923,8800,16469,12854,8263,8846,1006,17725,23200,22123,22375,2246,150,23609,1,8:07
2024-25,1631133,Jabari Walker,Jabari,1610612757,POR,Portland Trail Blazers,0022400112,2024-10-28T00:00:00,POR @ SAC,L,19.41,9.3,16.7,0.556,0.0,3.7,0.0,9.3,9.3,1.0,5.6,5.6,11.1,0.0,0.0,0.0,0.0,0.0,3.7,5.6,27.8,11.1,41.2,0,0,38.9,1,13222,1,13222,16494,4251,6181,7248,15070,16192,15070,918,1729,1,1902,9376,4297,19908,16469,12854,8263,8846,8046,3243,2851,7177,7063,2246,150,7410,1,19:25
2024-25,1627736,Malik Beasley,Malik,1610612765,DET,Detroit Pistons,0022400105,2024-10-28T00:00:00,DET @ MIA,L,18.65,1.9,23.2,0.083,1.9,13.5,0.143,0.0,0.0,0.0,0.0,0.0,0.0,1.9,1.9,1.9,0.0,0.0,1.9,0.0,5.8,0.0,12.5,0,0,13.5,1,13222,1,13222,17073,21536,1332,22617,10503,1089,14649,13505,14344,13505,14058,22137,23286,16640,10894,6619,8263,8846,15515,17725,21530,12240,23886,2246,150,23553,1,18:39
2024-25,1642273,Kyshawn George,Kyshawn,1610612764,WAS,Washington Wizards,0022400103,2024-10-28T00:00:00,WAS @ ATL,W,21.533333333333335,1.7,5.0,0.333,1.7,5.0,0.333,0.0,0.0,0.0,0.0,3.3,3.3,1.7,1.7,0.0,1.7,0.0,8.4,0.0,5.0,-10.0,14.9,0,0,15.0,1,1,13086,1,14913,21930,23452,17395,11474,13171,9209,13505,14344,13505,14058,15653,18882,17436,12030,12854,4354,8846,1198,17725,21998,17900,23219,2246,150,23048,1,21:32
2024-25,1626145,Tyus Jones,Tyus,1610612756,PHX,Phoenix Suns,0022400111,2024-10-28T00:00:00,PHX vs. LAL,W,30.668333333333333,3.5,9.4,0.375,1.2,4.7,0.25,0.0,0.0,0.0,2.3,4.7,7.0,5.9,1.2,3.5,0.0,1.2,1.2,1.2,8.2,-15.3,34.9,0,0,29.3,1,1,13086,1,7150,18280,18134,16299,13513,13971,11902,13505,14344,13505,7105,11723,10074,5730,14641,2217,8263,6459,18698,16536,19736,19998,11144,2246,150,14451,1,30:40
2024-25,1630700,Dyson Daniels,Dyson,1610612737,ATL,Atlanta Hawks,0022400103,2024-10-28T00:00:00,ATL vs. WAS,L,36.416666666666664,4.0,8.9,0.444,2.0,4.9,0.4,1.0,2.0,0.5,0.0,3.0,3.0,1.0,0.0,3.0,0.0,0.0,1.0,3.0,10.9,-9.9,24.8,0,0,22.7,1,13222,1,13222,2394,17200,18870,13045,10257,13333,7874,13268,12783,10625,14058,16837,19818,19707,16469,3228,8263,8846,19767,9373,17292,17838,18413,2246,150,19175,1,36:25
2024-25,1641715,Cam Whitmore,Cam,1610612745,HOU,Houston Rockets,0022400109,2024-10-28T00:00:00,HOU @ SAS,W,12.0,3.0,15.0,0.2,0.0,12.0,0.0,6.0,6.0,1.0,0.0,3.0,3.0,0.0,0.0,0.0,0.0,0.0,0.0,3.0,12.0,-21.0,15.6,0,0,15.0,1,1,13086,1,21228,19415,8606,21401,15070,1779,15070,2855,4464,1,14058,16717,19729,19908,16469,12854,8263,8846,20257,9236,16132,21831,22994,2246,150,23059,1,12:00
2024-25,1641708,Amen Thompson,Amen,1610612745,HOU,Houston Rockets,0022400109,2024-10-28T00:00:00,HOU @ SAS,W,18.721666666666668,3.8,9.6,0.4,1.9,1.9,1.0,3.8,3.8,1.0,0.0,5.8,5.8,0.0,5.8,1.9,1.9,0.0,3.8,1.9,13.5,1.9,26.2,0,0,28.8,1,1,13086,1,17024,17462,17735,14933,10538,19699,1,5986,8143,1,14058,8862,12844,19908,1592,6656,3700,8846,7614,13434,14561,11667,17516,2246,150,14829,1,18:43
2024-25,1628415,Dillon Brooks,Dillon,1610612745,HOU,Houston Rockets,0022400109,2024-10-28T00:00:00,HOU @ SAS,W,36.88333333333333,2.0,8.8,0.222,1.0,3.9,0.25,2.0,2.0,1.0,2.0,4.9,6.8,0.0,0.0,0.0,0.0,0.0,2.0,2.0,6.8,7.8,15.0,0,0,14.6,1,1,13086,1,2069,21491,19052,21205,14674,15776,11902,10798,12854,1,8608,11211,10463,19908,16469,12854,8263,8846,15395,13309,20838,8726,23170,2246,150,23199,1,36:53
2024-25,1642267,Bub Carrington,Bub,1610612764,WAS,Washington Wizards,0022400103,2024-10-28T00:00:00,WAS @ ATL,W,21.033333333333335,6.8,8.6,0.8,5.1,6.8,0.75,3.4,3.4,1.0,0.0,5.1,5.1,3.4,1.7,1.7,0.0,0.0,5.1,3.4,22.3,-5.1,37.0,0,0,39.4,1,1,13086,1,15267,9306,19410,1688,2122,8787,1542,6847,9038,1,14058,10467,14435,11623,11872,7565,8263,8846,4309,7885,6044,15669,9716,2246,150,7152,1,21:02
2024-25,1628973,Jalen Brunson,Jalen,1610612752,NYK,New York Knicks,0022400106,2024-10-28T00:00:00,NYK vs. CLE,L,37.6,7.7,23.0,0.333,0.0,3.8,0.0,4.8,6.7,0.714,0.0,2.9,2.9,6.7,1.0,0.0,0.0,2.9,1.9,6.7,20.1,0.0,32.6,0,0,29.7,1,13222,1,13222,1632,7360,1386,17395,15070,15936,15070,4364,3654,9244,14058,17172,20059,4427,16103,12854,8263,1501,15593,1897,7831,12240,12844,2246,150,14177,1,37:36
2024-25,1628389,Bam Adebayo,Bam,1610612748,MIA,Miami Heat,0022400105,2024-10-28T00:00:00,MIA vs. DET,W,34.766666666666666,5.2,9.3,0.556,0.0,2.1,0.0,2.1,4.1,0.5,1.0,9.3,10.4,4.1,1.0,3.1,3.1,0.0,1.0,5.2,12.4,-3.1,48.7,1,0,39.3,1,1,13086,1,3641,13874,18247,7248,15070,19423,15070,10396,7542,10625,12978,3187,5053,9541,15596,2924,1566,8846,19498,3807,15683,14628,3756,1,150,7162,1,34:46
2024-25,201988,Patty Mills,Patty,1610612762,UTA,Utah Jazz,0022400110,2024-10-28T00:00:00,UTA @ DAL,L,10.116666666666667,0.0,7.1,0.0,0.0,3.6,0.0,0.0,0.0,0.0,0.0,0.0,0.0,7.1,0.0,3.6,0.0,0.0,3.6,0.0,0.0,3.6,21.4,0,0,14.2,1,13222,1,13222,22067,22635,21423,22635,15070,16533,15070,13505,14344,13505,14058,22137,23286,3866,16469,2155,8263,8846,8567,17725,23200,10873,20499,2246,150,23348,1,10:07
2024-25,1626168,Trey Lyles,Trey,1610612758,SAC,Sacramento Kings,0022400112,2024-10-28T00:00:00,SAC vs. POR,W,15.166666666666666,2.4,9.5,0.25,2.4,7.1,0.333,0.0,0.0,0.0,0.0,0.0,0.0,0.0,2.4,0.0,2.4,0.0,0.0,4.7,7.1,16.6,11.9,0,0,14.2,1,1,13086,1,19456,20718,17958,20233,8577,8213,9209,13505,14344,13505,14058,22137,23286,19908,8756,12854,2603,8846,20257,4617,20616,5031,24043,2246,150,23342,1,15:10
2024-25,1629655,Daniel Gafford,Daniel,1610612742,DAL,Dallas Mavericks,0022400110,2024-10-28T00:00:00,DAL vs. UTA,W,20.433333333333334,7.0,14.1,0.5,0.0,0.0,0.0,1.8,1.8,1.0,7.0,5.3,12.3,0.0,0.0,0.0,5.3,1.8,3.5,7.0,15.9,-1.8,46.5,0,0,38.8,1,1,13086,1,15684,8820,10018,8526,15070,20945,15070,11311,13234,1,1125,10062,3245,19908,16469,12854,442,3998,8689,1625,12075,13903,4527,2246,150,7546,1,20:26
2024-25,1641775,Jordan Walsh,Jordan,1610612738,BOS,Boston Celtics,0022400104,2024-10-28T00:00:00,BOS vs. MIL,W,12.743333333333334,2.8,8.5,0.333,0.0,5.7,0.0,0.0,0.0,0.0,2.8,5.7,8.5,0.0,0.0,0.0,0.0,0.0,2.8,2.8,5.7,28.3,15.8,0,0,14.1,1,1,13086,1,20874,19828,19528,17395,15070,11583,15070,13505,14344,13505,5793,9170,7510,19908,16469,12854,8263,8846,11530,9877,21628,2217,22917,2246,150,23386,1,12:45
2024-25,1641890,Tyler Smith,Tyler,1610612749,MIL,Milwaukee Bucks,0022400104,2024-10-28T00:00:00,MIL @ BOS,L,2.7333333333333334,0.0,13.2,0.0,0.0,13.2,0.0,0.0,0.0,0.0,0.0,13.2,13.2,0.0,0.0,0.0,0.0,0.0,0.0,0.0,0.0,52.7,15.8,0,0,13.2,1,13222,1,13222,25094,22635,11539,22635,15070,1215,15070,13505,14344,13505,14058,961,2689,19908,16469,12854,8263,8846,20257,17725,23200,489,22925,2246,150,23659,1,2:44
2024-25,1629640,Keldon Johnson,Keldon,1610612759,SAS,San Antonio Spurs,0022400109,2024-10-28T00:00:00,SAS vs. HOU,L,25.9,4.2,15.3,0.273,0.0,6.9,0.0,0.0,1.4,0.0,1.4,5.6,6.9,0.0,0.0,0.0,0.0,0.0,2.8,1.4,8.3,-4.2,16.7,0,0,15.3,1,13222,1,13222,11244,16673,8126,20048,15070,8569,15070,13505,13603,13505,10792,9392,10239,19908,16469,12854,8263,8846,11728,15495,19630,15164,22600,2246,150,22961,1,25:54
2024-25,101108,Chris Paul,Chris,1610612759,SAS,San Antonio Spurs,0022400109,2024-10-28T00:00:00,SAS vs. HOU,L,28.631666666666668,6.3,12.6,0.5,3.8,5.0,0.75,3.8,3.8,1.0,1.3,0.0,1.3,3.8,2.5,1.3,0.0,0.0,5.0,2.5,20.1,-11.3,28.5,0,0,31.4,1,13222,1,13222,9013,10756,12623,8526,4520,13136,1542,6142,8315,1,11435,22137,22866,10580,8180,9737,8263,8846,4539,10931,7825,18444,15848,2246,150,12826,1,28:38
2024-25,1642347,Jamal Shead,Jamal,1610612761,TOR,Toronto Raptors,0022400107,2024-10-28T00:00:00,TOR vs. DEN,L,18.1,8.0,15.9,0.5,0.0,4.0,0.0,0.0,0.0,0.0,0.0,2.0,2.0,9.9,2.0,2.0,0.0,2.0,6.0,4.0,15.9,0.0,37.2,0,0,31.8,1,13222,1,13222,17498,6721,7239,8526,15070,15623,15070,13505,14344,13505,14058,19700,21819,1472,10570,6306,8263,3264,2997,6367,12008,12240,9541,2246,150,12516,1,18:06
2024-25,1628436,Luke Kornet,Luke,1610612738,BOS,Boston Celtics,0022400104,2024-10-28T00:00:00,BOS vs. MIL,W,9.773333333333333,0.0,0.0,0.0,0.0,0.0,0.0,0.0,0.0,0.0,0.0,3.7,3.7,3.7,0.0,0.0,3.7,0.0,0.0,3.7,0.0,-18.4,21.0,0,0,14.7,1,1,13086,1,22186,22635,24836,22635,15070,20945,15070,13505,14344,13505,14058,14692,18115,10838,16469,12854,1094,8846,20257,7176,23200,21049,20690,2246,150,23163,1,9:46
2024-25,201143,Al Horford,Al,1610612738,BOS,Boston Celtics,0022400104,2024-10-28T00:00:00,BOS vs. MIL,W,27.083333333333332,5.3,6.6,0.8,2.7,2.7,1.0,0.0,0.0,0.0,0.0,6.6,6.6,1.3,0.0,0.0,2.7,0.0,2.7,0.0,13.3,8.0,31.2,0,0,29.2,1,1,13086,1,10284,13496,21957,1688,7657,18331,1,13505,14344,13505,14058,7000,10850,18565,16469,12854,2138,8846,12210,17725,14759,8640,13876,2246,150,14518,1,27:05
2024-25,1626171,Bobby Portis,Bobby,1610612749,MIL,Milwaukee Bucks,0022400104,2024-10-28T00:00:00,MIL @ BOS,L,19.283333333333335,3.7,11.2,0.333,0.0,1.9,0.0,0.0,0.0,0.0,1.9,9.3,11.2,0.0,7.5,0.0,1.9,1.9,1.9,0.0,7.5,-22.4,19.0,0,0,22.4,1,13222,1,13222,16596,17743,15019,17395,15070,19800,15070,13505,14344,13505,8953,3174,4237,19908,721,12854,3871,3680,15849,17725,20347,22193,21621,2246,150,19420,1,19:17
2024-25,1628969,Mikal Bridges,Mikal,1610612752,NYK,New York Knicks,0022400106,2024-10-28T00:00:00,NYK vs. CLE,L,40.166666666666664,8.1,13.4,0.6,0.9,3.6,0.25,0.0,0.0,0.0,3.6,1.8,5.4,2.7,1.8,1.8,0.9,0.0,3.6,0.9,17.0,-12.5,33.8,0,0,31.4,1,13222,1,13222,525,6493,11093,5394,14970,16476,11902,13505,14344,13505,4232,20259,13861,13941,11582,7288,8099,8846,8478,17667,10818,18965,11985,2246,150,12880,1,40:10
2024-25,1641744,Zach Edey,Zach,1610612763,MEM,Memphis Grizzlies,0022400108,2024-10-28T00:00:00,MEM vs. CHI,L,13.538333333333334,8.0,18.6,0.429,0.0,5.3,0.0,0.0,0.0,0.0,2.7,10.6,13.3,0.0,0.0,0.0,0.0,0.0,2.7,5.3,16.0,-13.3,31.9,0,0,29.3,1,13222,1,13222,20467,6674,4105,13735,15070,12419,15070,13505,14344,13505,6206,2126,2606,19908,16469,12854,8263,8846,12208,3604,11963,19225,13397,2246,150,14509,1,13:32
2024-25,1629312,Haywood Highsmith,Haywood,1610612748,MIA,Miami Heat,0022400105,2024-10-28T00:00:00,MIA vs. DET,W,20.883333333333333,3.4,6.9,0.5,0.0,3.4,0.0,0.0,1.7,0.0,1.7,5.2,6.9,1.7,0.0,3.4,0.0,0.0,1.7,1.7,6.9,29.3,28.1,0,0,22.4,1,1,13086,1,15366,18434,21677,8526,15070,16765,15070,13505,13277,13505,9491,10352,10335,17296,16469,2311,8263,8846,16450,14201,20796,2067,16141,2246,150,19415,1,20:53
2024-25,1626164,Devin Booker,Devin,1610612756,PHX,Phoenix Suns,0022400111,2024-10-28T00:00:00,PHX vs. LAL,W,39.416666666666664,10.0,21.0,0.478,2.7,7.3,0.375,7.3,7.3,1.0,0.9,1.8,2.7,1.8,1.8,0.9,0.0,1.8,0.9,4.6,30.1,1.8,37.1,0,0,39.3,1,1,13086,1,740,3168,2328,11986,7419,7806,8800,1797,3089,1,13850,20171,20376,17007,11424,12604,8263,3810,20107,5007,2029,11725,9645,2246,150,7211,1,39:25
2024-25,203078,Bradley Beal,Bradley,1610612756,PHX,Phoenix Suns,0022400111,2024-10-28T00:00:00,PHX vs. LAL,W,35.31166666666667,6.1,14.3,0.429,1.0,7.1,0.143,2.0,2.0,1.0,0.0,3.1,3.1,4.1,1.0,2.0,1.0,0.0,4.1,3.1,15.3,14.3,33.2,0,0,29.6,1,1,13086,1,3229,11180,9738,13735,14423,8175,14649,10497,12604,1,14058,16527,19566,9714,15716,6067,7352,8846,6911,9038,12622,5898,12399,2246,150,14277,1,35:19
2024-25,1630241,Sam Merrill,Sam,1610612739,CLE,Cleveland Cavaliers,0022400106,2024-10-28T00:00:00,CLE @ NYK,W,21.838333333333335,3.3,8.2,0.4,3.3,8.2,0.4,0.0,0.0,0.0,0.0,3.3,3.3,3.3,0.0,1.6,0.0,0.0,4.9,0.0,9.9,14.8,23.7,0,0,23.1,1,1,13086,1,14628,18767,19881,14933,5675,6012,7874,13505,14344,13505,14058,15806,18999,11994,16469,7824,8263,8846,4740,17725,18267,5693,19136,2246,150,18957,1,21:50
2024-25,1631200,Kris Murray,Kris,1610612757,POR,Portland Trail Blazers,0022400112,2024-10-28T00:00:00,POR @ SAC,L,24.933333333333334,2.9,8.7,0.333,1.4,4.3,0.333,2.9,2.9,1.0,2.9,0.0,2.9,0.0,1.4,0.0,0.0,0.0,0.0,1.4,10.1,1.4,12.1,0,0,14.4,1,13222,1,13222,12062,19685,19253,17395,12276,14839,9209,8121,10262,1,5616,22137,20021,19908,13033,12854,8263,8846,20257,15261,18041,11901,23976,2246,150,23275,1,24:56
2024-25,1630558,Davion Mitchell,Davion,1610612761,TOR,Toronto Raptors,0022400107,2024-10-28T00:00:00,TOR vs. DEN,L,35.28333333333333,5.1,10.2,0.5,3.1,6.1,0.5,3.1,4.1,0.75,1.0,1.0,2.0,6.1,4.1,0.0,1.0,0.0,3.1,3.1,16.3,0.0,26.9,0,0,29.6,1,13222,1,13222,3254,14085,16725,8526,6319,10384,3944,7642,7667,8186,13088,21932,21716,5293,3713,12854,7342,8846,10431,9029,11572,12240,16996,2246,150,14247,1,35:17
2024-25,1630529,Herbert Jones,Herbert,1610612740,NOP,New Orleans Pelicans,0022400099,2024-10-27T00:00:00,NOP @ POR,L,31.166666666666668,5.8,8.1,0.714,1.2,3.5,0.333,1.2,2.3,0.5,2.3,0.0,2.3,1.2,2.3,2.3,0.0,0.0,5.8,1.2,13.9,-27.7,23.0,0,0,23.1,1,13222,1,13222,6734,12181,20114,2752,13623,16719,9209,12735,11751,10625,7217,22137,21182,19165,9027,4998,8263,8846,3262,16621,14087,23378,19574,2246,150,18933,1,31:10
2024-25,1642272,Jared McCain,Jared,1610612755,PHI,Philadelphia 76ers,0022400097,2024-10-27T00:00:00,PHI @ IND,W,17.4,4.1,10.3,0.4,0.0,4.1,0.0,0.0,0.0,0.0,2.1,2.1,4.1,2.1,2.1,0.0,0.0,0.0,2.1,0.0,8.3,-33.1,14.3,0,0,14.5,1,1,13086,1,18004,16748,16472,14933,15070,15254,15070,13505,14344,13505,8083,19452,16977,16118,10159,12854,8263,8846,14758,17725,19672,24181,23408,2246,150,23259,1,17:24
2024-25,1630700,Dyson Daniels,Dyson,1610612737,ATL,Atlanta Hawks,0022400100,2024-10-27T00:00:00,ATL @ OKC,L,34.28333333333333,3.2,11.6,0.273,0.0,4.2,0.0,1.1,2.1,0.5,2.1,6.3,8.4,2.1,1.1,1.1,1.1,2.1,3.2,2.1,7.4,-26.3,25.8,0,0,22.1,1,13222,1,13222,4024,19102,14384,20048,15070,15120,15070,13079,12420,10625,7949,7693,7625,16000,15486,11493,7135,2923,10085,12608,20445,23075,17723,2246,150,19652,1,34:17
2024-25,1631097,Bennedict Mathurin,Bennedict,1610612754,IND,Indiana Pacers,0022400097,2024-10-27T00:00:00,IND vs. PHI,L,21.148333333333333,3.4,10.2,0.333,0.0,6.8,0.0,1.7,3.4,0.5,1.7,1.7,3.4,3.4,1.7,0.0,0.0,0.0,3.4,1.7,8.5,-23.8,16.0,0,0,15.3,1,13222,1,13222,15190,18536,16706,17395,15070,8887,15070,11409,9082,10625,9571,20455,18777,11679,11909,12854,8263,8846,9067,14258,19504,22530,22853,2246,150,22941,1,21:09
2024-25,1627732,Ben Simmons,Ben,1610612751,BKN,Brooklyn Nets,0022400098,2024-10-27T00:00:00,BKN vs. MIL,W,23.783333333333335,1.5,4.5,0.333,0.0,0.0,0.0,0.0,0.0,0.0,3.0,6.1,9.1,9.1,3.0,1.5,0.0,0.0,6.1,0.0,3.0,-13.6,29.1,0,0,24.2,1,1,13086,1,13086,22150,23779,17395,15070,20945,15070,13505,14344,13505,5272,8217,6614,1951,6364,8349,8263,8846,2868,17725,22948,19344,15443,2246,150,18194,1,23:47
2024-25,1629627,Zion Williamson,Zion,1610612740,NOP,New Orleans Pelicans,0022400099,2024-10-27T00:00:00,NOP @ POR,L,28.025,3.9,15.4,0.25,0.0,0.0,0.0,10.3,12.8,0.8,2.6,1.3,3.9,5.1,3.9,0.0,1.3,3.9,3.9,6.4,18.0,-6.4,30.3,0,0,29.5,1,13222,1,13222,9532,17437,7947,20233,15070,20945,15070,628,609,7681,6431,21312,17696,7159,4180,12854,5716,706,7593,2156,9862,16256,14562,2246,150,14290,1,28:02
2024-25,1630631,Jose Alvarado,Jose,1610612740,NOP,New Orleans Pelicans,0022400099,2024-10-27T00:00:00,NOP @ POR,L,15.7,2.3,11.5,0.2,2.3,9.2,0.25,0.0,0.0,0.0,2.3,0.0,2.3,9.2,0.0,2.3,2.3,0.0,4.6,4.6,6.9,13.8,37.1,0,0,29.8,1,13222,1,13222,19130,20865,14534,21401,8878,4579,11902,13505,14344,13505,7267,22137,21213,1884,16469,5066,2763,8846,5571,4974,20803,6097,9586,2246,150,14093,1,15:42
2024-25,1626167,Myles Turner,Myles,1610612754,IND,Indiana Pacers,0022400097,2024-10-27T00:00:00,IND vs. PHI,L,37.27333333333333,3.9,10.6,0.364,1.9,4.8,0.4,3.9,7.7,0.5,0.0,3.9,3.9,1.9,5.8,3.9,1.0,0.0,4.8,4.8,13.5,-1.9,29.7,0,0,30.9,1,13222,1,13222,1813,17421,16011,16861,10499,13631,7874,5954,2726,10625,14058,14147,17678,16638,1562,1780,7718,8846,5000,4439,14475,14001,14975,2246,150,13246,1,37:16
2024-25,1627884,Derrick Jones Jr.,Derrick,1610612746,LAC,LA Clippers,0022400101,2024-10-27T00:00:00,LAC @ GSW,W,35.416666666666664,7.1,10.2,0.7,3.0,4.1,0.75,1.0,2.0,0.5,4.1,0.0,4.1,0.0,2.0,2.0,0.0,0.0,2.0,1.0,18.3,0.0,27.2,0,0,29.5,1,1,13086,1,3137,8664,16791,3045,6350,15442,1542,13188,12623,10625,3501,22137,17144,19908,10346,6094,8263,8846,14960,17327,9532,12240,16793,2246,150,14343,1,35:25
2024-25,1630198,Isaiah Joe,Isaiah,1610612760,OKC,Oklahoma City Thunder,0022400100,2024-10-27T00:00:00,OKC vs. ATL,W,15.85,4.5,15.9,0.286,4.5,11.4,0.4,0.0,0.0,0.0,2.3,0.0,2.3,2.3,2.3,0.0,0.0,2.3,6.8,0.0,13.6,-6.8,17.5,0,0,22.7,1,1,13086,1,19029,15647,7268,19630,2990,2213,7874,13505,14344,13505,7344,22137,21269,15342,9208,12854,8263,2499,2129,17725,14355,16427,22297,2246,150,19204,1,15:51
2024-25,1630533,Ziaire Williams,Ziaire,1610612751,BKN,Brooklyn Nets,0022400098,2024-10-27T00:00:00,BKN vs. MIL,W,18.426666666666666,5.9,15.6,0.375,2.0,3.9,0.5,0.0,0.0,0.0,3.9,3.9,7.8,0.0,0.0,2.0,2.0,0.0,5.9,2.0,13.7,29.3,34.8,0,0,31.3,1,1,13086,1,17263,11918,7647,16299,10375,15768,3944,13505,14344,13505,3712,14002,8588,19908,16469,6483,3619,8846,3129,13303,14303,2068,11222,2246,150,12960,1,18:26
2024-25,1627752,Taurean Prince,Taurean,1610612749,MIL,Milwaukee Bucks,0022400098,2024-10-27T00:00:00,MIL @ BKN,L,33.943333333333335,1.1,4.2,0.25,1.1,2.1,0.5,0.0,0.0,0.0,2.1,5.3,7.4,1.1,2.1,1.1,0.0,0.0,1.1,0.0,3.2,-5.3,14.7,0,0,14.8,1,13222,1,13222,4318,22594,23966,20233,14194,19333,3944,13505,14344,13505,7884,10018,9313,19485,9901,11385,8263,8846,19336,17725,22899,15748,23267,2246,150,23111,1,33:57
2024-25,1641890,Tyler Smith,Tyler,1610612749,MIL,Milwaukee Bucks,0022400098,2024-10-27T00:00:00,MIL @ BKN,L,3.433333333333333,10.5,10.5,1.0,0.0,0.0,0.0,0.0,0.0,0.0,0.0,10.5,10.5,0.0,0.0,0.0,0.0,0.0,0.0,0.0,21.0,41.9,33.6,0,0,31.5,1,13222,1,13222,24743,2726,16237,1,15070,20945,15070,13505,14344,13505,14058,2239,4918,19908,16469,12854,8263,8846,20257,17725,7101,843,12155,2246,150,12805,1,3:26
2024-25,1630543,Isaiah Jackson,Isaiah,1610612754,IND,Indiana Pacers,0022400097,2024-10-27T00:00:00,IND vs. PHI,L,5.75,6.3,6.3,1.0,0.0,0.0,0.0,0.0,0.0,0.0,0.0,6.3,6.3,0.0,6.3,0.0,6.3,0.0,6.3,0.0,12.5,-37.6,32.6,0,0,31.3,1,13222,1,13222,23687,10818,22364,1,15070,20945,15070,13505,14344,13505,14058,7769,11690,19908,1242,12854,270,8846,2641,17725,15573,24660,12911,2246,150,12922,1,5:45
2024-25,1630167,Obi Toppin,Obi,1610612754,IND,Indiana Pacers,0022400097,2024-10-27T00:00:00,IND vs. PHI,L,22.85,6.3,12.6,0.5,1.6,4.7,0.333,9.5,11.0,0.857,3.2,3.2,6.3,1.6,3.2,3.2,0.0,0.0,1.6,6.3,23.6,-20.5,39.9,0,0,39.4,1,13222,1,13222,13831,10707,12566,8526,11770,13899,9209,858,1017,7071,5036,16253,11601,17722,5980,2831,8263,8846,16942,2281,5031,21701,7845,2246,150,7139,1,22:51
2024-25,1641767,Ben Sheppard,Ben,1610612754,IND,Indiana Pacers,0022400097,2024-10-27T00:00:00,IND vs. PHI,L,15.028333333333334,4.8,7.2,0.667,4.8,4.8,1.0,0.0,0.0,0.0,0.0,4.8,4.8,4.8,0.0,0.0,0.0,2.4,0.0,2.4,14.4,33.5,27.3,0,0,28.7,1,13222,1,13222,19548,14974,21334,3281,2577,13728,1,13505,14344,13505,14058,11461,15321,7942,16469,12854,8263,2233,20257,11372,13531,1566,16736,2246,150,14892,1,15:02
2024-25,1631255,Karlo Matković,Karlo,1610612740,NOP,New Orleans Pelicans,0022400099,2024-10-27T00:00:00,NOP @ POR,L,3.716666666666667,9.7,9.7,1.0,0.0,0.0,0.0,0.0,0.0,0.0,19.4,9.7,29.1,0.0,19.4,0.0,0.0,0.0,9.7,0.0,19.4,9.7,34.9,0,0,48.4,1,13222,1,13222,24612,3618,17601,1,15070,20945,15070,13505,14344,13505,61,2833,103,19908,59,12854,8263,8846,766,17725,8489,7843,11140,2246,150,3006,1,3:43
2024-25,201587,Nicolas Batum,Nicolas,1610612746,LAC,LA Clippers,0022400101,2024-10-27T00:00:00,LAC @ GSW,W,15.466666666666667,4.7,9.3,0.5,2.3,7.0,0.333,0.0,0.0,0.0,4.7,4.7,9.3,4.7,2.3,0.0,0.0,0.0,7.0,2.3,11.6,30.3,27.5,0,0,27.9,1,1,13086,1,19270,15347,18257,8526,8750,8493,9209,13505,14344,13505,2738,11837,6304,8288,8956,12854,8263,8846,1991,11639,16536,1937,16615,2246,150,15475,1,15:28
2024-25,1629661,Cameron Johnson,Cameron,1610612751,BKN,Brooklyn Nets,0022400098,2024-10-27T00:00:00,BKN vs. MIL,W,28.523333333333333,6.3,15.1,0.417,3.8,11.4,0.333,0.0,0.0,0.0,0.0,7.6,7.6,3.8,1.3,2.5,0.0,0.0,3.8,1.3,16.4,2.5,37.5,0,0,36.6,1,1,13086,1,9098,10674,8349,14532,4479,2211,9209,13505,14344,13505,14058,5368,9020,10541,14030,4319,8263,8846,7783,16076,11492,11352,9351,2246,150,8984,1,28:31
2024-25,203991,Clint Capela,Clint,1610612737,ATL,Atlanta Hawks,0022400100,2024-10-27T00:00:00,ATL @ OKC,L,21.583333333333332,5.0,13.3,0.375,0.0,0.0,0.0,0.0,1.7,0.0,8.3,8.3,16.7,3.3,0.0,1.7,1.7,0.0,1.7,1.7,10.0,-6.7,45.0,0,0,36.7,1,13222,1,13222,14862,14378,11223,16299,15070,20945,15070,13505,13323,13505,692,4227,1212,11864,16469,7732,4370,8846,16631,14377,18156,16367,5159,2246,150,8919,1,21:35
2024-25,1630249,Vít Krejčí,Vít,1610612737,ATL,Atlanta Hawks,0022400100,2024-10-27T00:00:00,ATL @ OKC,L,20.25,3.6,12.4,0.286,1.8,5.3,0.333,0.0,0.0,0.0,1.8,5.3,7.1,3.6,3.6,1.8,0.0,1.8,5.3,1.8,8.9,-10.7,24.5,0,0,24.9,1,13222,1,13222,15822,18189,12822,19630,11151,12367,9209,13505,14344,13505,9327,9937,9934,11228,4893,7343,8263,3958,3956,14007,19185,18167,18585,2246,150,17764,1,20:15
2024-25,203507,Giannis Antetokounmpo,Giannis,1610612749,MIL,Milwaukee Bucks,0022400098,2024-10-27T00:00:00,MIL @ BKN,L,33.32333333333333,7.6,11.9,0.636,0.0,0.0,0.0,8.6,11.9,0.727,1.1,11.9,13.0,7.6,4.3,1.1,1.1,0.0,3.2,11.9,23.8,-11.9,52.8,1,0,48.6,1,13222,1,13222,4885,7619,13794,4689,15070,20945,15070,1130,793,9223,12632,1424,2826,3323,3271,11192,6917,8846,9690,205,4955,18701,2504,1,150,2951,1,33:19
2024-25,1630166,Deni Avdija,Deni,1610612757,POR,Portland Trail Blazers,0022400099,2024-10-27T00:00:00,POR vs. NOP,W,29.933333333333334,4.8,14.4,0.333,1.2,6.0,0.2,2.4,2.4,1.0,3.6,3.6,7.2,3.6,1.2,1.2,0.0,1.2,3.6,1.2,13.2,25.3,29.7,0,0,27.7,1,1,13086,1,7840,14909,9466,17395,13346,10661,13429,9321,11472,1,4197,14896,9712,11063,14421,10152,8263,6236,8402,16384,14837,2756,15024,2246,150,15673,1,29:56
2024-25,1631133,Jabari Walker,Jabari,1610612757,POR,Portland Trail Blazers,0022400099,2024-10-27T00:00:00,POR vs. NOP,W,14.533333333333333,5.0,17.3,0.286,2.5,5.0,0.5,5.0,5.0,1.0,5.0,7.4,12.4,0.0,2.5,0.0,2.5,2.5,7.4,5.0,17.3,9.9,37.2,0,0,37.2,1,1,13086,1,19865,14524,5409,19630,8228,13303,3944,4118,6024,1,2418,5619,3204,19908,8340,12854,2416,2075,1690,4198,10482,7733,9575,2246,150,8610,1,14:32
2024-25,1642258,Zaccharie Risacher,Zaccharie,1610612737,ATL,Atlanta Hawks,0022400100,2024-10-27T00:00:00,ATL @ OKC,L,26.916666666666668,8.0,16.0,0.5,0.0,2.7,0.0,1.3,2.7,0.5,4.0,4.0,8.0,2.7,1.3,1.3,1.3,1.3,1.3,2.7,17.4,-22.7,37.7,0,0,33.4,1,13222,1,13222,10399,6584,7051,8526,15070,18305,15070,12206,10800,10625,3580,13685,8227,13977,13633,9257,5495,5459,17873,10395,10437,22274,9212,2246,150,11286,1,26:55
2024-25,1641730,Noah Clowney,Noah,1610612751,BKN,Brooklyn Nets,0022400098,2024-10-27T00:00:00,BKN vs. MIL,W,21.2,6.8,22.1,0.308,5.1,13.6,0.375,3.4,3.4,1.0,1.7,5.1,6.8,0.0,1.7,0.0,0.0,1.7,3.4,1.7,22.1,30.6,28.5,0,0,34.0,1,1,13086,1,15154,9434,1785,19226,2160,1062,8800,6904,9099,1,9582,10585,10541,19908,11929,12854,8263,4155,9090,14274,6151,1887,15860,2246,150,10880,1,21:12
2024-25,1627824,Guerschon Yabusele,Guerschon,1610612755,PHI,Philadelphia 76ers,0022400097,2024-10-27T00:00:00,PHI @ IND,W,17.283333333333335,0.0,8.3,0.0,0.0,4.2,0.0,0.0,0.0,0.0,10.4,2.1,12.5,8.3,2.1,2.1,0.0,0.0,4.2,2.1,0.0,6.2,31.7,0,0,25.0,1,1,13086,1,18086,22635,19748,22635,15070,15197,15070,13505,14344,13505,356,19413,3131,2576,10083,5856,8263,8846,6652,12691,23200,9494,13575,2246,150,17680,1,17:17
2024-25,1630231,KJ Martin,KJ,1610612755,PHI,Philadelphia 76ers,0022400097,2024-10-27T00:00:00,PHI @ IND,W,21.57,5.0,5.0,1.0,1.7,1.7,1.0,1.7,3.3,0.5,3.3,1.7,5.0,1.7,0.0,1.7,0.0,0.0,6.7,1.7,13.4,13.4,26.9,0,0,25.0,1,1,13086,1,14872,14372,23460,1,11491,20082,1,11471,9221,10625,4673,20520,14781,17447,16469,7729,8263,8846,2241,14371,14685,6241,17042,2246,150,17651,1,21:34
2024-25,203081,Damian Lillard,Damian,1610612749,MIL,Milwaukee Bucks,0022400098,2024-10-27T00:00:00,MIL @ BKN,L,32.06666666666667,5.6,14.6,0.385,1.1,7.9,0.143,11.2,12.3,0.909,1.1,3.4,4.5,4.5,4.5,0.0,0.0,0.0,2.2,7.9,23.6,-10.1,31.2,0,0,33.7,1,13222,1,13222,5915,12669,9220,16070,13823,6695,14649,445,691,6764,12312,15603,16072,8678,3009,12854,8263,8846,13898,1091,5077,17933,13891,2246,150,11092,1,32:04
2024-25,1629652,Luguentz Dort,Luguentz,1610612760,OKC,Oklahoma City Thunder,0022400100,2024-10-27T00:00:00,OKC vs. ATL,W,28.82,6.2,8.7,0.714,5.0,7.5,0.667,2.5,2.5,1.0,1.2,1.2,2.5,1.2,0.0,0.0,0.0,0.0,6.2,2.5,20.0,21.2,24.9,0,0,28.7,1,1,13086,1,8826,10859,19120,2752,2275,7422,1957,9053,11213,1,11488,21404,20818,18847,16469,12854,8263,8846,2663,10997,7931,3643,18386,2246,150,14906,1,28:49
2024-25,1627936,Alex Caruso,Alex,1610612760,OKC,Oklahoma City Thunder,0022400100,2024-10-27T00:00:00,OKC vs. ATL,W,21.35,1.7,5.1,0.333,0.0,3.4,0.0,0.0,1.7,0.0,1.7,1.7,3.4,1.7,3.4,5.1,3.4,0.0,1.7,3.4,3.4,28.7,31.9,0,0,25.3,1,1,13086,1,15033,21916,23425,17395,15070,16926,15070,13505,13307,13505,9626,20495,18822,17409,5300,868,1332,8846,16578,8039,22821,2159,13426,2246,150,17443,1,21:21
2024-25,1627783,Pascal Siakam,Pascal,1610612754,IND,Indiana Pacers,0022400097,2024-10-27T00:00:00,IND vs. PHI,L,40.11666666666667,6.3,9.9,0.636,1.8,3.6,0.5,0.9,1.8,0.5,0.0,4.5,4.5,5.4,0.9,0.0,0.9,0.0,1.8,3.6,15.3,12.6,30.5,0,0,28.7,1,13222,1,13222,537,10764,17303,4689,11098,16465,3944,13455,13197,10625,14058,12291,16085,6661,16353,12854,8095,8846,16208,7424,12651,6578,14421,2246,150,14918,1,40:07
2024-25,1630178,Tyrese Maxey,Tyrese,1610612755,PHI,Philadelphia 76ers,0022400097,2024-10-27T00:00:00,PHI @ IND,W,47.79666666666667,10.5,24.1,0.438,3.8,12.8,0.294,9.0,11.3,0.8,0.0,3.0,3.0,3.0,3.8,0.8,1.5,0.8,2.3,6.0,33.9,4.5,45.0,0,0,48.2,1,1,13086,1,17,2674,1031,13558,4537,1389,11430,989,950,7681,14058,16668,19689,12880,4402,12847,4819,8839,13822,2585,1147,10379,5155,2246,150,3082,1,47:48
2024-25,1641716,Jarace Walker,Jarace,1610612754,IND,Indiana Pacers,0022400097,2024-10-27T00:00:00,IND vs. PHI,L,4.283333333333333,8.4,8.4,1.0,0.0,0.0,0.0,8.4,8.4,1.0,0.0,8.4,8.4,0.0,0.0,0.0,0.0,0.0,8.4,8.4,25.2,-8.4,35.3,0,0,33.6,1,13222,1,13222,24336,5787,19633,1,15070,20945,15070,1225,2253,1,14058,4155,7611,19908,16469,12854,8263,8846,1183,859,4109,17140,10870,2246,150,11143,1,4:17
2024-25,1630598,Aaron Wiggins,Aaron,1610612760,OKC,Oklahoma City Thunder,0022400100,2024-10-27T00:00:00,OKC vs. ATL,W,18.1,6.0,8.0,0.75,2.0,4.0,0.5,4.0,4.0,1.0,2.0,0.0,2.0,2.0,2.0,2.0,0.0,0.0,2.0,2.0,17.9,-9.9,27.2,0,0,27.8,1,1,13086,1,17498,11607,20334,2107,10214,15623,3944,5730,7883,1,8437,22137,21819,16419,10570,6306,8263,8846,15212,13132,9931,17866,16783,2246,150,15541,1,18:06
2024-25,1629028,Deandre Ayton,Deandre,1610612757,POR,Portland Trail Blazers,0022400099,2024-10-27T00:00:00,POR vs. NOP,W,30.9,8.2,10.5,0.778,1.2,1.2,1.0,2.3,2.3,1.0,7.0,7.0,14.0,0.0,2.3,0.0,1.2,0.0,2.3,1.2,19.8,17.5,37.7,1,0,37.3,1,1,13086,1,6960,6295,16237,1994,13561,20665,1,9524,11691,1,1153,6372,2245,19908,8944,12854,6393,8846,13524,16573,8065,4745,9192,1,150,8519,1,30:54
2024-25,1629014,Anfernee Simons,Anfernee,1610612757,POR,Portland Trail Blazers,0022400099,2024-10-27T00:00:00,POR vs. NOP,W,32.833333333333336,8.8,18.6,0.471,5.5,11.0,0.5,6.6,6.6,1.0,0.0,2.2,2.2,6.6,2.2,2.2,0.0,2.2,0.0,3.3,29.6,27.4,46.5,0,0,48.2,1,1,13086,1,5298,5138,4081,12143,1755,2529,3944,2339,3796,1,14058,19090,21426,4593,9534,5422,8263,2659,20257,8279,2234,2356,4541,2246,150,3067,1,32:50
2024-25,1626162,Kelly Oubre Jr.,Kelly,1610612755,PHI,Philadelphia 76ers,0022400097,2024-10-27T00:00:00,PHI @ IND,W,37.9,5.7,17.1,0.333,0.0,3.8,0.0,1.9,2.8,0.667,2.8,4.7,7.6,0.0,1.9,1.9,0.0,0.9,3.8,3.8,13.3,7.6,26.2,0,0,24.7,1,1,13086,1,1442,12420,5700,17395,15070,15994,15070,10949,10360,9425,5729,11575,8977,19908,11041,6764,8263,8343,7739,6852,14755,8836,17470,2246,150,17891,1,37:54
2024-25,203471,Dennis Schröder,Dennis,1610612751,BKN,Brooklyn Nets,0022400098,2024-10-27T00:00:00,BKN vs. MIL,W,34.516666666666666,8.3,15.6,0.533,5.2,8.3,0.625,8.3,8.3,1.0,0.0,4.2,4.2,6.3,2.1,1.0,0.0,1.0,3.1,4.2,30.2,28.2,45.7,0,0,48.0,1,1,13086,1,3842,5901,7629,8140,2037,5838,2868,1259,2297,1,14058,13195,16877,5082,10065,11558,8263,7548,10172,5900,2006,2240,4862,2246,150,3152,1,34:31
2024-25,1631260,AJ Green,AJ,1610612749,MIL,Milwaukee Bucks,0022400098,2024-10-27T00:00:00,MIL @ BKN,L,12.866666666666667,2.8,11.2,0.25,2.8,11.2,0.25,5.6,5.6,1.0,0.0,0.0,0.0,2.8,2.8,0.0,0.0,0.0,0.0,2.8,14.0,-8.4,15.4,0,0,19.6,1,13222,1,13222,20815,19879,15036,20233,7219,2341,11902,3320,5053,1,14058,22137,23286,13592,7221,12854,8263,8846,20257,9967,13948,17136,23059,2246,150,21103,1,12:52
2024-25,1630322,Lindy Waters III,Lindy,1610612744,GSW,Golden State Warriors,0022400101,2024-10-27T00:00:00,GSW vs. LAC,L,0.5366666666666666,0.0,0.0,0.0,0.0,0.0,0.0,0.0,0.0,0.0,0.0,0.0,0.0,0.0,0.0,0.0,0.0,0.0,0.0,0.0,0.0,0.0,0.0,0,0,0.0,1,13222,1,13222,26198,22635,24836,22635,15070,20945,15070,13505,14344,13505,14058,22137,23286,19908,16469,12854,8263,8846,20257,17725,23200,12240,25228,2246,150,25259,1,0:32
2024-25,1626153,Delon Wright,Delon,1610612749,MIL,Milwaukee Bucks,0022400098,2024-10-27T00:00:00,MIL @ BKN,L,13.29,0.0,5.4,0.0,0.0,2.7,0.0,0.0,0.0,0.0,0.0,5.4,5.4,0.0,2.7,0.0,2.7,2.7,2.7,2.7,0.0,-35.2,11.9,0,0,10.8,1,13222,1,13222,20609,22635,23158,22635,15070,18247,15070,13505,14344,13505,14058,9741,13765,19908,7503,12854,2070,1726,12009,10299,23200,24433,24026,2246,150,24260,1,13:17
2024-25,1641810,Antonio Reeves,Antonio,1610612740,NOP,New Orleans Pelicans,0022400099,2024-10-27T00:00:00,NOP @ POR,L,3.716666666666667,0.0,29.1,0.0,0.0,19.4,0.0,0.0,0.0,0.0,0.0,9.7,9.7,0.0,0.0,0.0,0.0,0.0,0.0,0.0,0.0,9.7,11.6,0,0,9.7,1,13222,1,13222,24612,22635,326,22635,15070,268,15070,13505,14344,13505,14058,2833,5818,19908,16469,12854,8263,8846,20257,17725,23200,7843,24104,2246,150,24487,1,3:43
2024-25,1630592,Jalen Wilson,Jalen,1610612751,BKN,Brooklyn Nets,0022400098,2024-10-27T00:00:00,BKN vs. MIL,W,14.316666666666666,2.5,2.5,1.0,0.0,0.0,0.0,0.0,0.0,0.0,0.0,2.5,2.5,5.0,0.0,0.0,0.0,0.0,5.0,0.0,5.0,12.6,15.6,0,0,12.6,1,1,13086,1,20006,20439,24639,1,15070,20945,15070,13505,14344,13505,14058,18151,20777,7396,16469,12854,8263,8846,4540,17725,21988,6574,22997,2246,150,23851,1,14:19
2024-25,1629027,Trae Young,Trae,1610612737,ATL,Atlanta Hawks,0022400100,2024-10-27T00:00:00,ATL @ OKC,L,37.05,6.8,13.6,0.5,1.9,6.8,0.286,7.8,7.8,1.0,0.0,1.0,1.0,7.8,9.7,0.0,0.0,1.0,2.9,4.9,23.3,-17.5,26.4,0,0,34.0,1,13222,1,13222,1957,9416,10826,8526,10440,8898,11433,1526,2688,1,14058,22017,23232,3112,349,12854,8263,8173,11112,4377,5267,20778,17332,2246,150,10843,1,37:03
2024-25,1627739,Kris Dunn,Kris,1610612746,LAC,LA Clippers,0022400101,2024-10-27T00:00:00,LAC @ GSW,W,28.45,3.8,6.3,0.6,0.0,2.5,0.0,0.0,1.3,0.0,0.0,11.4,11.4,5.1,2.5,5.1,0.0,0.0,2.5,1.3,7.6,25.3,41.5,0,0,34.2,1,1,13086,1,9165,17575,22298,5394,15070,18571,15070,13505,13792,13505,14058,1702,4063,7330,8114,864,8263,8846,12668,16057,20251,2746,6885,2246,150,10726,1,28:27
2024-25,1631223,David Roddy,David,1610612737,ATL,Atlanta Hawks,0022400100,2024-10-27T00:00:00,ATL @ OKC,L,19.633333333333333,7.3,9.2,0.8,1.8,1.8,1.0,1.8,5.5,0.333,3.7,5.5,9.2,5.5,0.0,0.0,0.0,1.8,0.0,3.7,18.3,-7.3,37.6,0,0,34.8,1,13222,1,13222,16317,8155,18460,1688,10939,19860,1,11164,5188,13132,4089,9529,6486,6423,16469,12854,8263,3786,20257,7213,9480,16654,9292,2246,150,10198,1,19:38
2024-25,1642505,Alex Ducas,Alex,1610612760,OKC,Oklahoma City Thunder,0022400100,2024-10-27T00:00:00,OKC vs. ATL,W,1.8833333333333333,0.0,38.2,0.0,0.0,19.1,0.0,0.0,0.0,0.0,0.0,0.0,0.0,0.0,0.0,0.0,0.0,0.0,0.0,0.0,0.0,57.3,0.0,0,0,0.0,1,1,13086,1,25524,22635,93,22635,15070,279,15070,13505,14344,13505,14058,22137,23286,19908,16469,12854,8263,8846,20257,17725,23200,401,25228,2246,150,25259,1,1:53
2024-25,1641794,Dillon Jones,Dillon,1610612760,OKC,Oklahoma City Thunder,0022400100,2024-10-27T00:00:00,OKC vs. ATL,W,1.8833333333333333,0.0,0.0,0.0,0.0,0.0,0.0,0.0,0.0,0.0,0.0,0.0,0.0,0.0,0.0,0.0,0.0,0.0,19.1,0.0,0.0,57.3,0.0,0,0,0.0,1,1,13086,1,25524,22635,24836,22635,15070,20945,15070,13505,14344,13505,14058,22137,23286,19908,16469,12854,8263,8846,130,17725,23200,401,25228,2246,150,25259,1,1:53
2024-25,1630526,Jeremiah Robinson-Earl,Jeremiah,1610612740,NOP,New Orleans Pelicans,0022400099,2024-10-27T00:00:00,NOP @ POR,L,3.716666666666667,0.0,0.0,0.0,0.0,0.0,0.0,0.0,0.0,0.0,0.0,0.0,0.0,0.0,0.0,0.0,0.0,0.0,0.0,0.0,0.0,9.7,0.0,0,0,0.0,1,13222,1,13222,24612,22635,24836,22635,15070,20945,15070,13505,14344,13505,14058,22137,23286,19908,16469,12854,8263,8846,20257,17725,23200,7843,25228,2246,150,25259,1,3:43
2024-25,1642349,Ajay Mitchell,Ajay,1610612760,OKC,Oklahoma City Thunder,0022400100,2024-10-27T00:00:00,OKC vs. ATL,W,14.45,0.0,2.5,0.0,0.0,0.0,0.0,0.0,0.0,0.0,0.0,7.5,7.5,7.5,0.0,0.0,2.5,0.0,2.5,2.5,0.0,29.9,27.7,0,0,19.9,1,1,13086,1,19913,22635,24648,22635,15070,20945,15070,13505,14344,13505,14058,5544,9218,3432,16469,12854,2394,8846,12836,11019,23200,1977,16455,2246,150,20895,1,14:27
2024-25,1629750,Javonte Green,Javonte,1610612740,NOP,New Orleans Pelicans,0022400099,2024-10-27T00:00:00,NOP @ POR,L,15.48,4.7,7.0,0.667,2.3,4.7,0.5,4.7,4.7,1.0,4.7,2.3,7.0,0.0,0.0,0.0,4.7,0.0,7.0,2.3,16.3,-9.3,38.6,0,0,34.9,1,13222,1,13222,19266,15362,21589,3281,8759,14081,3944,4595,6574,1,2747,18690,10180,19908,16469,12854,633,8846,1995,11646,11632,17583,8644,2246,150,10173,1,15:29
2024-25,203110,Draymond Green,Draymond,1610612744,GSW,Golden State Warriors,0022400101,2024-10-27T00:00:00,GSW vs. LAC,L,26.816666666666666,0.0,2.7,0.0,0.0,1.3,0.0,2.7,2.7,1.0,0.0,6.7,6.7,2.7,2.7,0.0,0.0,0.0,5.4,2.7,2.7,2.7,12.1,0,0,12.1,1,13222,1,13222,10473,22635,24591,22635,15070,20448,15070,8611,10785,1,14058,6870,10706,13949,7575,12854,8263,8846,3890,10359,23027,11273,23986,2246,150,23955,1,26:49
2024-25,1629611,Terance Mann,Terance,1610612746,LAC,LA Clippers,0022400101,2024-10-27T00:00:00,LAC @ GSW,W,18.316666666666666,2.0,9.8,0.2,0.0,2.0,0.0,0.0,0.0,0.0,0.0,2.0,2.0,0.0,2.0,2.0,0.0,2.0,5.9,2.0,3.9,-19.7,10.2,0,0,9.8,1,1,13086,1,17345,21462,17357,21401,15070,19617,15070,13505,14344,13505,14058,19774,21870,19908,10687,6416,8263,3332,3077,13238,22577,21449,24380,2246,150,24464,1,18:19
2024-25,1641717,Cason Wallace,Cason,1610612760,OKC,Oklahoma City Thunder,0022400100,2024-10-27T00:00:00,OKC vs. ATL,W,23.313333333333333,3.1,9.3,0.333,1.5,6.2,0.25,0.0,0.0,0.0,0.0,6.2,6.2,1.5,3.1,4.6,0.0,1.5,3.1,0.0,7.7,20.1,28.3,0,0,26.3,1,1,13086,1,13460,19231,18317,17395,11885,10246,11902,13505,14344,13505,14058,7953,11876,17826,6158,1131,8263,4609,10319,17725,20153,3926,16031,2246,150,16753,1,23:19
2024-25,203468,CJ McCollum,CJ,1610612740,NOP,New Orleans Pelicans,0022400099,2024-10-27T00:00:00,NOP @ POR,L,35.861666666666665,10.0,21.1,0.476,3.0,10.0,0.3,4.0,6.0,0.667,0.0,4.0,4.0,3.0,3.0,4.0,0.0,2.0,2.0,5.0,27.1,-29.1,45.5,0,0,45.2,1,13222,1,13222,2781,3181,2290,12010,6467,3446,11319,5669,4436,9425,14058,13673,17280,12887,6425,1619,8263,3205,15100,4080,3160,23602,4952,2246,150,4169,1,35:52
2024-25,1630539,Kai Jones,Kai,1610612746,LAC,LA Clippers,0022400101,2024-10-27T00:00:00,LAC @ GSW,W,4.583333333333333,0.0,7.9,0.0,0.0,0.0,0.0,0.0,0.0,0.0,0.0,7.9,7.9,7.9,0.0,0.0,0.0,0.0,7.9,0.0,0.0,-7.9,21.2,0,0,15.7,1,1,13086,1,24183,22635,20467,22635,15070,20945,15070,13505,14344,13505,14058,4935,8533,3043,16469,12854,8263,8846,1424,17725,23200,16904,20593,2246,150,22817,1,4:35
2024-25,1630703,Scoot Henderson,Scoot,1610612757,POR,Portland Trail Blazers,0022400099,2024-10-27T00:00:00,POR vs. NOP,W,30.316666666666666,2.4,14.2,0.167,1.2,4.7,0.25,4.7,4.7,1.0,1.2,4.7,5.9,8.3,4.7,0.0,0.0,2.4,4.7,3.6,10.7,23.7,25.5,0,0,26.1,1,1,13086,1,7479,20715,9765,21938,13438,13841,11902,4431,6400,1,11884,11573,12436,2600,2657,12854,8263,2276,5179,7501,17486,3080,17923,2246,150,16854,1,30:19
2024-25,1630560,Cam Thomas,Cam,1610612751,BKN,Brooklyn Nets,0022400098,2024-10-27T00:00:00,BKN vs. MIL,W,34.99,10.3,21.6,0.476,2.1,8.2,0.25,10.3,11.3,0.909,1.0,4.1,5.1,2.1,2.1,2.1,0.0,1.0,0.0,9.3,32.9,9.3,46.3,0,0,46.3,1,1,13086,1,3474,2922,1983,12010,9882,6032,11902,622,943,6764,13040,13371,14413,16160,10224,5972,8263,7675,20257,580,1341,8063,4624,2246,150,3718,1,34:59
2024-25,1628997,Caleb Martin,Caleb,1610612755,PHI,Philadelphia 76ers,0022400097,2024-10-27T00:00:00,PHI @ IND,W,36.833333333333336,5.9,15.6,0.375,1.0,4.9,0.2,3.9,5.9,0.667,3.9,7.8,11.7,1.0,4.9,1.0,0.0,1.0,3.9,5.9,16.6,-4.9,30.2,1,0,32.3,1,1,13086,1,2107,11906,7638,16299,14669,13476,13429,5863,4662,9425,3706,4979,3732,19743,2484,12146,8263,8121,7414,2798,11266,15518,14664,1,150,12164,1,36:50
2024-25,1630168,Onyeka Okongwu,Onyeka,1610612737,ATL,Atlanta Hawks,0022400100,2024-10-27T00:00:00,ATL @ OKC,L,23.366666666666667,4.6,13.9,0.333,1.5,3.1,0.5,10.8,13.9,0.778,3.1,1.5,4.6,1.5,0.0,1.5,0.0,6.2,3.1,9.2,21.6,-24.7,34.0,0,0,32.4,1,13222,1,13222,13408,15431,10403,17395,11895,17489,3944,521,469,8092,5171,20795,15767,17839,16469,8234,8263,209,10349,584,6578,22735,11767,2246,150,12105,1,23:22
2024-25,1629645,Kevin Porter Jr.,Kevin,1610612746,LAC,LA Clippers,0022400101,2024-10-27T00:00:00,LAC @ GSW,W,16.8,4.3,15.0,0.286,2.1,4.3,0.5,4.3,4.3,1.0,0.0,0.0,0.0,6.4,4.3,4.3,0.0,0.0,6.4,6.4,15.0,34.3,33.2,0,0,32.1,1,1,13086,1,18385,16357,8606,19630,9494,14951,3944,5181,7236,1,14058,22137,23286,4819,3351,1383,8263,8846,2468,2153,12895,1471,12415,2246,150,12270,1,16:48
2024-25,1629018,Gary Trent Jr.,Gary,1610612749,MIL,Milwaukee Bucks,0022400098,2024-10-27T00:00:00,MIL @ BKN,L,27.9,2.6,10.3,0.25,2.6,7.7,0.333,3.9,5.2,0.75,0.0,0.0,0.0,2.6,2.6,0.0,0.0,0.0,5.2,3.9,11.6,-3.9,12.9,0,0,16.8,1,13222,1,13222,9625,20306,16517,20233,7889,6912,9209,5928,5660,8186,14058,22137,23286,14278,7944,12854,8263,8846,4265,6648,16558,14989,23793,2246,150,22396,1,27:54
2024-25,201572,Brook Lopez,Brook,1610612749,MIL,Milwaukee Bucks,0022400098,2024-10-27T00:00:00,MIL @ BKN,L,28.96,7.5,11.2,0.667,3.7,6.2,0.6,0.0,0.0,0.0,0.0,5.0,5.0,0.0,1.2,2.5,0.0,0.0,1.2,0.0,18.6,-2.5,30.8,0,0,32.3,1,13222,1,13222,8711,7872,15047,3281,4629,10164,2992,13505,14344,13505,14058,10957,14869,19908,14145,4421,8263,8846,18313,17725,9166,14302,14181,2246,150,12129,1,28:58
2024-25,1626181,Norman Powell,Norman,1610612746,LAC,LA Clippers,0022400101,2024-10-27T00:00:00,LAC @ GSW,W,28.083333333333332,10.3,19.2,0.533,2.6,9.0,0.286,2.6,3.8,0.667,0.0,1.3,1.3,0.0,1.3,0.0,1.3,1.3,5.1,6.4,25.6,-6.4,29.7,0,0,32.0,1,1,13086,1,9476,2958,3569,8140,7936,4872,11433,8894,8144,9425,14058,21321,22837,19908,13894,12854,5730,5744,4324,2171,3856,16250,14991,2246,150,12345,1,28:05
2024-25,1630552,Jalen Johnson,Jalen,1610612737,ATL,Atlanta Hawks,0022400100,2024-10-27T00:00:00,ATL @ OKC,L,29.2,3.7,16.0,0.231,1.2,3.7,0.333,0.0,0.0,0.0,1.2,9.9,11.1,2.5,4.9,0.0,1.2,2.5,6.2,1.2,8.6,-25.9,24.4,0,0,25.9,1,13222,1,13222,8496,17833,7076,21157,13185,16212,9209,13505,14344,13505,11587,2675,4320,14663,2418,12854,5980,2096,2747,16218,19405,23006,18678,2246,150,17013,1,29:12
2024-25,1627742,Brandon Ingram,Brandon,1610612740,NOP,New Orleans Pelicans,0022400099,2024-10-27T00:00:00,NOP @ POR,L,31.616666666666667,8.0,19.4,0.412,0.0,3.4,0.0,0.0,0.0,0.0,1.1,8.0,9.1,6.8,2.3,0.0,0.0,1.1,2.3,0.0,15.9,-26.2,34.8,0,0,31.9,1,13222,1,13222,6321,6698,3458,14791,15070,16835,15070,13505,14344,13505,12197,4748,6575,4247,9175,12854,8263,6721,13737,17725,11987,23069,11163,2246,150,12473,1,31:37
2024-25,203083,Andre Drummond,Andre,1610612755,PHI,Philadelphia 76ers,0022400097,2024-10-27T00:00:00,PHI @ IND,W,37.23833333333334,3.9,5.8,0.667,0.0,1.0,0.0,1.0,1.0,1.0,4.8,11.6,16.4,1.0,3.9,1.9,1.0,0.0,4.8,1.0,8.7,0.0,34.7,0,0,31.9,1,1,13086,1,1840,17413,22812,3281,15070,20888,15070,13334,14265,1,2527,1560,1293,19778,4156,6605,7714,8846,4986,17495,19345,12240,11285,2246,150,12458,1,37:14
2024-25,1642274,Yves Missi,Yves,1610612740,NOP,New Orleans Pelicans,0022400099,2024-10-27T00:00:00,NOP @ POR,L,20.233333333333334,3.6,7.1,0.5,0.0,0.0,0.0,1.8,1.8,1.0,5.3,0.0,5.3,3.6,1.8,3.6,3.6,0.0,5.3,1.8,8.9,-1.8,40.2,0,0,32.0,1,13222,1,13222,15838,18178,21423,8526,15070,20945,15070,11285,13215,1,2058,22137,13946,11217,11637,2155,1180,8846,3948,14004,19180,13916,7627,2246,150,12370,1,20:14
2024-25,1630169,Tyrese Haliburton,Tyrese,1610612754,IND,Indiana Pacers,0022400097,2024-10-27T00:00:00,IND vs. PHI,L,37.29,7.7,17.4,0.444,3.9,8.7,0.444,1.9,4.8,0.4,1.0,2.9,3.9,1.9,2.9,0.0,1.0,1.9,1.9,1.9,21.2,-8.7,28.8,0,0,32.8,1,13222,1,13222,1805,7219,5372,13045,4295,5288,7211,10863,6243,13061,13533,17098,17679,16639,6864,12854,7721,3448,15514,13401,6895,17279,15662,2246,150,11788,1,37:17
2024-25,1629614,Andrew Nembhard,Andrew,1610612754,IND,Indiana Pacers,0022400097,2024-10-27T00:00:00,IND vs. PHI,L,31.41,3.4,12.6,0.273,1.1,4.6,0.25,3.4,4.6,0.75,0.0,2.3,2.3,9.2,1.1,0.0,0.0,0.0,6.9,3.4,11.5,6.9,26.8,0,0,24.1,1,13222,1,13222,6503,18458,12549,20048,13670,14227,11902,6818,6680,8186,14058,18785,21215,1890,14823,12854,8263,8846,2082,7846,16722,9196,17072,2246,150,18279,1,31:25
2024-25,203937,Kyle Anderson,Kyle,1610612744,GSW,Golden State Warriors,0022400101,2024-10-27T00:00:00,GSW vs. LAC,L,3.7666666666666666,0.0,0.0,0.0,0.0,0.0,0.0,0.0,0.0,0.0,9.6,0.0,9.6,0.0,9.6,0.0,0.0,0.0,0.0,9.6,0.0,-86.0,1.9,0,0,9.6,1,13222,1,13222,24582,22635,24836,22635,15070,20945,15070,13505,14344,13505,459,22137,5973,19908,364,12854,8263,8846,20257,507,23200,26059,25165,2246,150,24517,1,3:46
2024-25,1641871,Duop Reath,Duop,1610612757,POR,Portland Trail Blazers,0022400099,2024-10-27T00:00:00,POR vs. NOP,W,3.716666666666667,0.0,19.4,0.0,0.0,9.7,0.0,0.0,0.0,0.0,0.0,0.0,0.0,0.0,0.0,0.0,0.0,0.0,0.0,0.0,0.0,-9.7,0.0,0,0,0.0,1,1,13086,1,24612,22635,3441,22635,15070,3869,15070,13505,14344,13505,14058,22137,23286,19908,16469,12854,8263,8846,20257,17725,23200,17751,25228,2246,150,25259,1,3:43
2024-25,201569,Eric Gordon,Eric,1610612755,PHI,Philadelphia 76ers,0022400097,2024-10-27T00:00:00,PHI @ IND,W,31.85,5.7,11.3,0.5,2.3,7.9,0.286,3.4,4.5,0.75,0.0,1.1,1.1,1.1,1.1,0.0,1.1,0.0,1.1,3.4,17.0,19.2,22.3,0,0,23.7,1,1,13086,1,6101,12554,14825,8526,9013,6605,11433,6920,6802,8186,14058,21683,23037,19259,14933,12854,6605,8846,18922,7974,10898,4199,19999,2246,150,18515,1,31:51
2024-25,1631200,Kris Murray,Kris,1610612757,POR,Portland Trail Blazers,0022400099,2024-10-27T00:00:00,POR vs. NOP,W,15.166666666666666,4.7,7.1,0.667,2.4,4.7,0.5,0.0,4.7,0.0,0.0,2.4,2.4,2.4,4.7,0.0,0.0,0.0,0.0,2.4,11.9,-7.1,13.5,0,0,19.0,1,1,13086,1,19456,15116,21417,3281,8577,13844,3944,13505,6403,13505,14058,18565,21060,14969,2659,12854,8263,8846,20257,11452,16266,16563,23623,2246,150,21397,1,15:10
2024-25,1641764,Brandin Podziemski,Brandin,1610612744,GSW,Golden State Warriors,0022400101,2024-10-27T00:00:00,GSW vs. LAC,L,24.7,2.9,11.7,0.25,0.0,7.3,0.0,0.0,0.0,0.0,1.5,5.8,7.3,5.8,2.9,0.0,0.0,0.0,2.9,1.5,5.8,-2.9,20.4,0,0,18.9,1,13222,1,13222,12272,19617,14197,20233,15070,7848,15070,13505,14344,13505,10505,8723,9595,5794,6785,12854,8263,8846,11116,15200,21502,14524,20984,2246,150,21410,1,24:42
2024-25,1630541,Moses Moody,Moses,1610612744,GSW,Golden State Warriors,0022400101,2024-10-27T00:00:00,GSW vs. LAC,L,11.75,3.1,9.2,0.333,3.1,6.1,0.5,0.0,6.1,0.0,3.1,3.1,6.1,0.0,6.1,0.0,0.0,0.0,3.1,6.1,9.2,-15.3,10.4,0,0,18.4,1,13222,1,13222,21394,19290,18419,17395,6311,10368,3944,13505,4312,13505,5202,16512,11980,19908,1306,12854,8263,8846,10417,2476,18905,20019,24352,2246,150,21675,1,11:45
2024-25,1626192,Pat Connaughton,Pat,1610612749,MIL,Milwaukee Bucks,0022400098,2024-10-27T00:00:00,MIL @ BKN,L,17.066666666666666,2.1,8.4,0.25,2.1,6.3,0.333,0.0,0.0,0.0,2.1,4.2,6.3,4.2,2.1,0.0,0.0,2.1,4.2,2.1,6.3,-29.5,18.1,0,0,19.0,1,13222,1,13222,18215,21224,19585,20233,9644,9925,9209,13505,14344,13505,7924,13060,11548,9339,9956,12854,8263,2897,6505,12572,21172,23660,22035,2246,150,21400,1,17:04
2024-25,1631218,Trayce Jackson-Davis,Trayce,1610612744,GSW,Golden State Warriors,0022400101,2024-10-27T00:00:00,GSW vs. LAC,L,15.95,4.5,13.5,0.333,0.0,0.0,0.0,0.0,0.0,0.0,0.0,2.3,2.3,2.3,2.3,0.0,2.3,2.3,0.0,0.0,9.0,2.3,19.6,0,0,18.1,1,13222,1,13222,18962,15733,10930,17395,15070,20945,15070,13505,14344,13505,14058,18898,21301,15406,9274,12854,2828,2534,20257,17725,19046,11484,21344,2246,150,21838,1,15:57
2024-25,1628464,Daniel Theis,Daniel,1610612740,NOP,New Orleans Pelicans,0022400099,2024-10-27T00:00:00,NOP @ POR,L,16.55,2.2,4.4,0.5,0.0,2.2,0.0,0.0,0.0,0.0,2.2,6.5,8.7,2.2,0.0,0.0,4.4,0.0,2.2,6.5,4.4,-30.5,31.1,0,0,23.9,1,13222,1,13222,18569,21079,23887,8526,15070,19212,15070,13505,14344,13505,7669,7246,7168,15707,16469,12854,735,8846,14218,2048,22369,23808,13987,2246,150,18379,1,16:33
2024-25,1642385,Cui Yongxi,Cui,1610612751,BKN,Brooklyn Nets,0022400098,2024-10-27T00:00:00,BKN vs. MIL,W,1.9666666666666666,0.0,0.0,0.0,0.0,0.0,0.0,18.3,36.6,0.5,0.0,0.0,0.0,0.0,0.0,0.0,0.0,0.0,0.0,18.3,18.3,-73.2,18.3,0,0,18.3,1,1,13086,1,25476,22635,24836,22635,15070,20945,15070,97,36,10625,14058,22137,23286,19908,16469,12854,8263,8846,20257,60,9516,25923,21963,2246,150,21710,1,1:58
2024-25,1641727,Dariq Whitehead,Dariq,1610612751,BKN,Brooklyn Nets,0022400098,2024-10-27T00:00:00,BKN vs. MIL,W,1.9666666666666666,0.0,0.0,0.0,0.0,0.0,0.0,0.0,0.0,0.0,0.0,18.3,18.3,0.0,36.6,0.0,0.0,0.0,0.0,0.0,0.0,-73.2,-14.6,0,0,18.3,1,1,13086,1,25476,22635,24836,22635,15070,20945,15070,13505,14344,13505,14058,234,829,19908,7,12854,8263,8846,20257,17725,23200,25923,26254,2246,150,21710,1,1:58
2024-25,1629003,Shake Milton,Shake,1610612751,BKN,Brooklyn Nets,0022400098,2024-10-27T00:00:00,BKN vs. MIL,W,1.9666666666666666,0.0,0.0,0.0,0.0,0.0,0.0,0.0,0.0,0.0,0.0,0.0,0.0,18.3,0.0,0.0,0.0,0.0,0.0,0.0,0.0,-73.2,27.5,0,0,18.3,1,1,13086,1,25476,22635,24836,22635,15070,20945,15070,13505,14344,13505,14058,22137,23286,128,16469,12854,8263,8846,20257,17725,23200,25923,16624,2246,150,21710,1,1:58
2024-25,1630553,Keon Johnson,Keon,1610612751,BKN,Brooklyn Nets,0022400098,2024-10-27T00:00:00,BKN vs. MIL,W,9.766666666666667,0.0,11.1,0.0,0.0,7.4,0.0,0.0,0.0,0.0,0.0,7.4,7.4,0.0,3.7,0.0,0.0,0.0,3.7,0.0,0.0,-29.5,5.2,0,0,7.4,1,1,13086,1,22187,22635,15265,22635,15070,7674,15070,13505,14344,13505,14058,5716,9424,19908,4580,12854,8263,8846,8136,17725,23200,23656,24998,2246,150,24855,1,9:46
2024-25,1627780,Gary Payton II,Gary,1610612744,GSW,Golden State Warriors,0022400101,2024-10-27T00:00:00,GSW vs. LAC,L,13.55,5.3,13.3,0.4,0.0,2.7,0.0,5.3,5.3,1.0,5.3,2.7,8.0,0.0,0.0,0.0,0.0,0.0,2.7,2.7,15.9,-8.0,25.5,0,0,23.9,1,13222,1,13222,20458,13502,11331,14933,15070,18333,15070,3637,5442,1,2080,17795,8329,19908,16469,12854,8263,8846,12214,10452,11987,16963,17937,2246,150,18387,1,13:33
2024-25,1631243,Mouhamed Gueye,Mouhamed,1610612737,ATL,Atlanta Hawks,0022400100,2024-10-27T00:00:00,ATL @ OKC,L,3.05,11.8,23.6,0.5,0.0,11.8,0.0,0.0,0.0,0.0,0.0,0.0,0.0,0.0,0.0,0.0,0.0,0.0,0.0,0.0,23.6,-47.2,23.6,0,0,23.6,1,13222,1,13222,24957,1654,1186,8526,15070,1894,15070,13505,14344,13505,14058,22137,23286,19908,16469,12854,8263,8846,20257,17725,5048,25277,19199,2246,150,18604,1,3:03
2024-25,1627827,Dorian Finney-Smith,Dorian,1610612751,BKN,Brooklyn Nets,0022400098,2024-10-27T00:00:00,BKN vs. MIL,W,24.833333333333332,1.4,11.6,0.125,1.4,10.1,0.143,0.0,0.0,0.0,1.4,2.9,4.3,2.9,0.0,2.9,0.0,0.0,4.3,0.0,4.3,-1.4,22.6,0,0,18.8,1,1,13086,1,12147,22229,14310,22420,12253,3333,14649,13505,14344,13505,10539,17087,16410,13276,16469,3411,8263,8846,6142,17725,22371,13778,19804,2246,150,21460,1,24:50
2024-25,1627826,Ivica Zubac,Ivica,1610612746,LAC,LA Clippers,0022400101,2024-10-27T00:00:00,LAC @ GSW,W,37.501666666666665,9.6,18.2,0.526,0.0,0.0,0.0,2.9,3.8,0.75,5.8,11.5,17.3,5.8,3.8,1.9,1.0,1.9,1.0,4.8,22.1,2.9,56.3,1,0,50.9,1,1,13086,1,1683,3734,4419,8379,15070,20945,15070,8150,8157,8186,1770,1619,1065,5935,4206,6668,7750,3478,19909,4507,6143,11181,1772,1,150,2296,1,37:30
2024-25,1629726,Garrison Mathews,Garrison,1610612737,ATL,Atlanta Hawks,0022400100,2024-10-27T00:00:00,ATL @ OKC,L,21.616666666666667,6.7,15.0,0.444,6.7,13.3,0.5,3.3,3.3,1.0,1.7,1.7,3.3,3.3,1.7,3.3,0.0,0.0,8.3,3.3,23.3,-1.7,40.6,0,0,43.3,1,13222,1,13222,14834,9796,8637,13045,918,1157,3944,7046,9237,1,9699,20526,18915,11877,12063,2499,8263,8846,1213,8155,5272,13862,7372,2246,150,4999,1,21:37
2024-25,201939,Stephen Curry,Stephen,1610612744,GSW,Golden State Warriors,0022400101,2024-10-27T00:00:00,GSW vs. LAC,L,26.7,8.1,14.8,0.545,5.4,9.4,0.571,2.7,2.7,1.0,0.0,5.4,5.4,8.1,8.1,2.7,1.3,0.0,1.3,4.0,24.3,2.7,46.9,0,0,51.2,1,13222,1,13222,10565,6440,8851,7695,1857,4204,3506,8586,10755,1,14058,9803,13829,2792,569,3917,5454,8846,17828,6184,4629,11263,4343,2246,150,2219,1,26:42
2024-25,1641798,Jaylen Martin,Jaylen,1610612751,BKN,Brooklyn Nets,0022400098,2024-10-27T00:00:00,BKN vs. MIL,W,1.9666666666666666,18.3,18.3,1.0,18.3,18.3,1.0,0.0,0.0,0.0,0.0,0.0,0.0,0.0,0.0,0.0,0.0,0.0,18.3,0.0,54.9,-73.2,54.9,0,0,73.2,1,1,13086,1,25476,197,4363,1,39,310,1,13505,14344,13505,14058,22137,23286,19908,16469,12854,8263,8846,143,17725,110,25923,2006,2246,150,258,1,1:58
2024-25,1641748,Andre Jackson Jr.,Andre,1610612749,MIL,Milwaukee Bucks,0022400098,2024-10-27T00:00:00,MIL @ BKN,L,3.433333333333333,0.0,0.0,0.0,0.0,0.0,0.0,0.0,0.0,0.0,0.0,0.0,0.0,10.5,0.0,21.0,0.0,0.0,10.5,0.0,0.0,41.9,78.6,0,0,52.4,1,13222,1,13222,24743,22635,24836,22635,15070,20945,15070,13505,14344,13505,14058,22137,23286,1205,16469,21,8263,8846,611,17725,23200,843,227,2246,150,1938,1,3:26
2024-25,1629651,Nic Claxton,Nic,1610612751,BKN,Brooklyn Nets,0022400098,2024-10-27T00:00:00,BKN vs. MIL,W,21.776666666666667,8.3,9.9,0.833,0.0,0.0,0.0,0.0,0.0,0.0,8.3,9.9,18.2,1.7,1.7,0.0,3.3,0.0,6.6,0.0,16.5,38.0,49.1,1,0,43.0,1,1,13086,1,14696,6049,17205,1514,15070,20945,15070,13505,14344,13505,707,2644,859,17493,12124,12854,1390,8846,2305,17725,11357,1115,3587,1,150,5153,1,21:47
2024-25,1626172,Kevon Looney,Kevon,1610612744,GSW,Golden State Warriors,0022400101,2024-10-27T00:00:00,GSW vs. LAC,L,20.066666666666666,7.2,16.1,0.444,0.0,0.0,0.0,3.6,7.2,0.5,9.0,10.8,19.7,5.4,1.8,5.4,0.0,0.0,7.2,3.6,17.9,-10.8,64.0,1,0,53.8,1,13222,1,13222,15970,8517,6906,13045,15070,20945,15070,6509,3188,10625,562,2037,575,6665,11574,690,8263,8846,1838,7426,9900,18216,778,1,150,1652,1,20:04
2024-25,1641712,Rayan Rupert,Rayan,1610612757,POR,Portland Trail Blazers,0022400099,2024-10-27T00:00:00,POR vs. NOP,W,3.716666666666667,0.0,0.0,0.0,0.0,0.0,0.0,0.0,0.0,0.0,9.7,9.7,19.4,9.7,9.7,19.4,0.0,0.0,0.0,0.0,0.0,-9.7,86.2,0,0,67.8,1,1,13086,1,24612,22635,24836,22635,15070,20945,15070,13505,14344,13505,443,2833,614,1592,351,26,8263,8846,20257,17725,23200,17751,122,2246,150,375,1,3:43
2024-25,203952,Andrew Wiggins,Andrew,1610612744,GSW,Golden State Warriors,0022400101,2024-10-27T00:00:00,GSW vs. LAC,L,29.13,13.6,18.5,0.733,6.2,9.9,0.625,2.5,3.7,0.667,0.0,3.7,3.7,0.0,1.2,1.2,1.2,0.0,2.5,3.7,35.8,-3.7,46.5,0,0,50.7,1,13222,1,13222,8567,831,4187,2644,1177,3625,2868,9133,8468,9425,14058,14609,18055,19908,14195,9902,5964,8846,12905,7115,855,14891,4550,2246,150,2353,1,29:08
2024-25,1630699,MarJon Beauchamp,MarJon,1610612749,MIL,Milwaukee Bucks,0022400098,2024-10-27T00:00:00,MIL @ BKN,L,3.433333333333333,10.5,31.5,0.333,0.0,10.5,0.0,21.0,21.0,1.0,0.0,0.0,0.0,0.0,21.0,10.5,0.0,0.0,21.0,10.5,41.9,41.9,52.4,0,0,62.9,1,13222,1,13222,24743,2726,218,17395,15070,2986,15070,67,123,1,14058,22137,23286,19908,45,109,8263,8846,109,335,356,843,2608,2246,150,582,1,3:26
2024-25,1628983,Shai Gilgeous-Alexander,Shai,1610612760,OKC,Oklahoma City Thunder,0022400100,2024-10-27T00:00:00,OKC vs. ATL,W,36.016666666666666,11.0,24.0,0.458,3.0,8.0,0.375,10.0,11.0,0.909,2.0,9.0,11.0,9.0,1.0,3.0,3.0,1.0,3.0,5.0,35.0,24.0,78.7,1,0,70.0,1,1,13086,1,2671,2258,1068,12650,6526,6456,8800,701,1025,6764,8391,3527,4412,2028,15851,3159,1703,7923,10744,4121,961,3027,224,1,150,324,1,36:01
2024-25,1631096,Chet Holmgren,Chet,1610612760,OKC,Oklahoma City Thunder,0022400100,2024-10-27T00:00:00,OKC vs. ATL,W,33.28333333333333,8.7,13.0,0.667,3.2,5.4,0.6,6.5,8.7,0.75,2.2,7.6,9.7,4.3,3.2,1.1,6.5,1.1,2.2,5.4,27.0,20.6,64.7,0,0,59.5,1,1,13086,1,4911,5341,11892,3281,5836,12196,2992,2411,2087,8186,7711,5372,5751,9063,5680,11180,247,7213,14283,3467,3190,3796,723,2246,150,873,1,33:17
2024-25,203924,Jerami Grant,Jerami,1610612757,POR,Portland Trail Blazers,0022400099,2024-10-27T00:00:00,POR vs. NOP,W,28.616666666666667,11.3,21.4,0.529,2.5,8.8,0.286,10.1,15.1,0.667,1.3,5.0,6.3,2.5,3.8,2.5,5.0,1.3,3.8,7.5,35.2,8.8,65.4,0,0,61.6,1,1,13086,1,9022,1988,2096,8281,8089,5096,11433,681,345,9425,11429,10783,11635,14480,4384,4336,506,5880,7820,1296,931,8269,672,2246,150,682,1,28:37
2024-25,1641745,Adam Flagler,Adam,1610612760,OKC,Oklahoma City Thunder,0022400100,2024-10-27T00:00:00,OKC vs. ATL,W,1.8833333333333333,19.1,19.1,1.0,19.1,19.1,1.0,0.0,0.0,0.0,0.0,19.1,19.1,0.0,0.0,0.0,0.0,0.0,0.0,0.0,57.3,57.3,80.3,0,0,95.6,1,1,13086,1,25524,167,3648,1,35,279,1,13505,14344,13505,14058,199,666,19908,16469,12854,8263,8846,20257,17725,98,401,188,2246,150,72,1,1:53
2024-25,201935,James Harden,James,1610612746,LAC,LA Clippers,0022400101,2024-10-27T00:00:00,LAC @ GSW,W,35.65,6.1,19.2,0.316,2.0,12.1,0.167,9.1,9.1,1.0,1.0,6.1,7.1,11.1,5.0,0.0,0.0,0.0,1.0,4.0,23.2,4.0,43.3,1,0,43.4,1,1,13086,1,2946,11341,3603,19148,10069,1717,14236,971,1820,1,13178,8201,10016,965,2280,12854,8263,8846,19651,6210,5340,10623,5974,1,150,4954,1,35:39
2024-25,1642270,Donovan Clingan,Donovan,1610612757,POR,Portland Trail Blazers,0022400099,2024-10-27T00:00:00,POR vs. NOP,W,13.15,11.0,16.4,0.667,0.0,0.0,0.0,2.7,2.7,1.0,16.4,8.2,24.6,0.0,0.0,0.0,5.5,2.7,8.2,5.5,24.6,16.4,70.6,0,0,60.2,1,1,13086,1,20672,2305,6510,3281,15070,20945,15070,8490,10647,1,98,4404,204,19908,16469,12854,401,1687,1263,3373,4400,5101,413,2246,150,807,1,13:09
2024-25,1630228,Jonathan Kuminga,Jonathan,1610612744,GSW,Golden State Warriors,0022400101,2024-10-27T00:00:00,GSW vs. LAC,L,22.05,6.5,16.3,0.4,1.6,9.8,0.167,4.9,9.8,0.5,4.9,3.3,8.2,1.6,1.6,4.9,0.0,0.0,3.3,4.9,19.6,0.0,44.9,0,0,40.8,1,13222,1,13222,14461,10110,6643,14933,11585,3730,14236,4196,1454,10625,2461,15891,7985,17562,12207,959,8263,8846,9595,4295,8271,12240,5224,2246,150,6315,1,22:03
2024-25,1642024,Alex Reese,Alex,1610612760,OKC,Oklahoma City Thunder,0022400100,2024-10-27T00:00:00,OKC vs. ATL,W,1.8833333333333333,19.1,19.1,1.0,0.0,0.0,0.0,0.0,0.0,0.0,19.1,0.0,19.1,0.0,0.0,0.0,0.0,0.0,0.0,0.0,38.2,57.3,61.2,0,0,57.3,1,1,13086,1,25524,167,3648,1,15070,20945,15070,13505,14344,13505,65,22137,666,19908,16469,12854,8263,8846,20257,17725,584,401,1053,2246,150,1122,1,1:53
2024-25,1629001,De'Anthony Melton,De'Anthony,1610612744,GSW,Golden State Warriors,0022400101,2024-10-27T00:00:00,GSW vs. LAC,L,17.1,6.3,10.5,0.6,4.2,8.4,0.5,0.0,0.0,0.0,0.0,2.1,2.1,0.0,0.0,0.0,2.1,0.0,4.2,2.1,16.8,-21.1,25.7,0,0,27.4,1,13222,1,13222,18200,10662,16168,5394,3543,5710,3944,13505,14344,13505,14058,19347,21600,19908,16469,12854,3189,8846,6523,12587,11013,21841,17829,2246,150,15896,1,17:06
2024-25,1629599,Amir Coffey,Amir,1610612746,LAC,LA Clippers,0022400101,2024-10-27T00:00:00,LAC @ GSW,W,19.731666666666666,5.5,9.1,0.6,1.8,1.8,1.0,1.8,3.6,0.5,1.8,3.6,5.5,0.0,0.0,0.0,0.0,1.8,1.8,1.8,14.6,0.0,21.2,0,0,21.9,1,1,13086,1,16240,13060,18522,5394,10973,19874,1,11184,8584,10625,9155,14790,13616,19908,16469,12854,8263,3817,16067,13831,13290,12240,20614,2246,150,19731,1,19:44
2024-25,1631172,Ousmane Dieng,Ousmane,1610612760,OKC,Oklahoma City Thunder,0022400100,2024-10-27T00:00:00,OKC vs. ATL,W,8.4,8.6,17.1,0.5,4.3,12.9,0.333,0.0,0.0,0.0,0.0,4.3,4.3,0.0,0.0,0.0,0.0,0.0,0.0,4.3,21.4,0.0,26.6,0,0,30.0,1,1,13086,1,22661,5483,5641,8526,3413,1370,9209,13505,14344,13505,14058,12844,16568,19908,16469,12854,8263,8846,20257,5628,6707,12240,17235,2246,150,13941,1,8:24
2024-25,1630174,Aaron Nesmith,Aaron,1610612754,IND,Indiana Pacers,0022400097,2024-10-27T00:00:00,IND vs. PHI,L,28.416666666666668,2.5,5.1,0.5,1.3,1.3,1.0,6.3,6.3,1.0,1.3,7.6,8.9,1.3,2.5,1.3,0.0,0.0,6.3,3.8,12.7,-1.3,26.5,0,0,26.6,1,13222,1,13222,9198,20401,23412,8526,12995,20535,1,2552,4083,1,11381,5328,6931,18767,8105,9678,8263,8846,2560,6850,15425,13702,17305,2246,150,16462,1,28:25
2024-25,200768,Kyle Lowry,Kyle,1610612755,PHI,Philadelphia 76ers,0022400097,2024-10-27T00:00:00,PHI @ IND,W,17.128333333333334,4.2,8.4,0.5,4.2,6.3,0.667,0.0,0.0,0.0,0.0,2.1,2.1,4.2,0.0,2.1,0.0,2.1,4.2,4.2,12.6,-2.1,27.7,0,0,27.3,1,1,13086,1,18187,16588,19631,8526,3554,9966,1957,13505,14344,13505,14058,19355,21606,9373,16469,5776,8263,2919,6543,5829,15483,14103,16397,2246,150,15929,1,17:08
2024-25,204456,T.J. McConnell,T.J.,1610612754,IND,Indiana Pacers,0022400097,2024-10-27T00:00:00,IND vs. PHI,L,21.433333333333334,8.4,16.8,0.5,0.0,0.0,0.0,0.0,0.0,0.0,3.4,5.0,8.4,6.7,3.4,1.7,0.0,1.7,1.7,3.4,16.8,-13.4,38.6,0,0,35.3,1,13222,1,13222,14969,5808,6047,8526,15070,20945,15070,13505,14344,13505,4621,10761,7627,4402,5335,7685,8263,4200,16601,8076,11074,19285,8630,2246,150,9895,1,21:26
2024-25,1630625,Dalano Banton,Dalano,1610612757,POR,Portland Trail Blazers,0022400099,2024-10-27T00:00:00,POR vs. NOP,W,3.466666666666667,0.0,0.0,0.0,0.0,0.0,0.0,0.0,0.0,0.0,0.0,10.4,10.4,10.4,0.0,0.0,0.0,0.0,0.0,0.0,0.0,-10.4,28.0,0,0,20.8,1,1,13086,1,24728,22635,24836,22635,15070,20945,15070,13505,14344,13505,14058,2295,5018,1245,16469,12854,8263,8846,20257,17725,23200,18061,16198,2246,150,20420,1,3:28
2024-25,1626171,Bobby Portis,Bobby,1610612749,MIL,Milwaukee Bucks,0022400098,2024-10-27T00:00:00,MIL @ BKN,L,26.85,9.4,18.8,0.5,1.3,5.4,0.25,1.3,1.3,1.0,2.7,10.7,13.4,2.7,0.0,0.0,1.3,1.3,0.0,1.3,21.5,-28.2,45.6,1,0,41.6,1,13222,1,13222,10452,4050,3955,8526,12685,12301,11902,12196,13676,1,6146,2061,2543,13961,16469,12854,5482,5444,20257,15720,6688,23469,4900,1,150,5871,1,26:51
2024-25,1641722,Jordan Hawkins,Jordan,1610612740,NOP,New Orleans Pelicans,0022400099,2024-10-27T00:00:00,NOP @ POR,L,34.21666666666667,6.3,13.7,0.462,2.1,4.2,0.5,3.2,3.2,1.0,1.1,6.3,7.4,3.2,2.1,0.0,0.0,2.1,0.0,3.2,17.9,-20.0,29.4,0,0,30.5,1,13222,1,13222,4083,10668,10685,12428,9663,15098,3944,7420,9597,1,12860,7670,9446,12462,9978,12854,8263,2910,20257,8708,9941,21548,15244,2246,150,13540,1,34:13
2024-25,1630811,Keaton Wallace,Keaton,1610612737,ATL,Atlanta Hawks,0022400100,2024-10-27T00:00:00,ATL @ OKC,L,3.05,0.0,11.8,0.0,0.0,0.0,0.0,23.6,23.6,1.0,0.0,11.8,11.8,0.0,0.0,0.0,0.0,0.0,0.0,11.8,23.6,-47.2,37.8,0,0,35.4,1,13222,1,13222,24957,22635,13924,22635,15070,20945,15070,53,91,1,14058,1465,3657,19908,16469,12854,8263,8846,20257,209,5048,25277,9179,2246,150,9785,1,3:03
2024-25,1642358,AJ Johnson,AJ,1610612749,MIL,Milwaukee Bucks,0022400098,2024-10-27T00:00:00,MIL @ BKN,L,3.433333333333333,10.5,10.5,1.0,0.0,0.0,0.0,0.0,0.0,0.0,0.0,0.0,0.0,0.0,0.0,0.0,0.0,0.0,0.0,0.0,21.0,41.9,21.0,0,0,21.0,1,13222,1,13222,24743,2726,16237,1,15070,20945,15070,13505,14344,13505,14058,22137,23286,19908,16469,12854,8263,8846,20257,17725,7101,843,20706,2246,150,20292,1,3:26
2024-25,1627741,Buddy Hield,Buddy,1610612744,GSW,Golden State Warriors,0022400101,2024-10-27T00:00:00,GSW vs. LAC,L,27.883333333333333,3.9,18.1,0.214,1.3,11.6,0.111,1.3,1.3,1.0,1.3,6.5,7.7,2.6,5.2,1.3,1.3,1.3,3.9,2.6,10.3,-9.0,26.1,0,0,27.1,1,13222,1,13222,9638,17399,4586,21369,12893,2018,15003,12325,13744,1,11237,7402,8726,14277,2149,9511,5689,5697,7537,10698,17830,17440,17566,2246,150,16078,1,27:53
2024-25,1641739,Toumani Camara,Toumani,1610612757,POR,Portland Trail Blazers,0022400099,2024-10-27T00:00:00,POR vs. NOP,W,33.65,5.3,8.6,0.625,2.1,3.2,0.667,0.0,1.1,0.0,2.1,1.1,3.2,4.3,0.0,2.1,0.0,0.0,3.2,3.2,12.8,19.3,29.5,0,0,26.7,1,1,13086,1,4593,13412,19409,4899,9511,17250,1957,13505,14087,13505,7800,21826,19207,9185,16469,5634,8263,8846,9818,8529,15252,4185,15123,2246,150,16361,1,33:39
2024-25,1631114,Jalen Williams,Jalen,1610612760,OKC,Oklahoma City Thunder,0022400100,2024-10-27T00:00:00,OKC vs. ATL,W,32.88333333333333,8.8,18.6,0.471,0.0,3.3,0.0,4.4,8.8,0.5,2.2,7.7,9.9,5.5,0.0,2.2,0.0,0.0,4.4,6.6,21.9,15.3,48.5,0,0,41.6,1,1,13086,1,5255,5161,4110,12143,15070,17102,15070,5025,2011,10625,7614,5219,5598,6480,16469,5441,8263,8846,6072,2012,6291,5492,3810,2246,150,5853,1,32:53
2024-25,1630534,Ochai Agbaji,Ochai,1610612761,TOR,Toronto Raptors,0022400093,2024-10-26T00:00:00,TOR @ MIN,L,30.583333333333332,9.4,14.1,0.667,3.5,5.9,0.6,0.0,1.2,0.0,0.0,2.4,2.4,2.4,4.7,2.4,0.0,0.0,2.4,2.4,22.4,-17.7,31.1,0,0,35.3,1,13222,1,13222,7243,3998,9958,3281,5078,10983,2992,13505,13925,13505,14058,18607,21088,15038,2703,4851,8263,8846,13416,11518,5955,20825,14003,2246,150,9867,1,30:35
2024-25,1630191,Isaiah Stewart,Isaiah,1610612765,DET,Detroit Pistons,0022400089,2024-10-26T00:00:00,DET vs. BOS,L,18.863333333333333,5.7,5.7,1.0,0.0,0.0,0.0,0.0,0.0,0.0,3.8,5.7,9.5,5.7,1.9,1.9,0.0,0.0,7.6,1.9,11.5,-1.9,35.3,0,0,30.5,1,13222,1,13222,16935,12341,22881,1,15070,20945,15070,13505,14344,13505,3858,8981,6004,5999,10998,6723,8263,8846,1551,13481,16729,13985,10864,2246,150,13523,1,18:52
2024-25,1642347,Jamal Shead,Jamal,1610612761,TOR,Toronto Raptors,0022400093,2024-10-26T00:00:00,TOR @ MIN,L,18.876666666666665,3.8,7.6,0.5,1.9,3.8,0.5,0.0,0.0,0.0,0.0,0.0,0.0,9.5,1.9,0.0,0.0,0.0,3.8,3.8,9.5,-1.9,21.9,0,0,21.0,1,13222,1,13222,16925,17528,20748,8526,10599,15969,3944,13505,14344,13505,14058,22137,23286,1690,11006,12854,8263,8846,7693,6813,18600,13984,20186,2246,150,20291,1,18:53
2024-25,1629130,Duncan Robinson,Duncan,1610612748,MIA,Miami Heat,0022400088,2024-10-26T00:00:00,MIA @ CHA,W,15.383333333333333,4.7,18.7,0.25,0.0,11.7,0.0,0.0,0.0,0.0,0.0,0.0,0.0,2.3,0.0,0.0,4.7,2.3,0.0,2.3,9.4,18.7,26.9,0,0,21.1,1,1,13086,1,19316,15286,4010,20233,15070,1961,15070,13505,14344,13505,14058,22137,23286,15086,16469,12854,621,2352,20257,11586,18771,4338,17017,2246,150,20246,1,15:23
2024-25,1630172,Patrick Williams,Patrick,1610612741,CHI,Chicago Bulls,0022400091,2024-10-26T00:00:00,CHI vs. OKC,L,26.383333333333333,1.4,10.9,0.125,1.4,5.5,0.25,0.0,0.0,0.0,2.7,8.2,10.9,2.7,1.4,1.4,0.0,0.0,1.4,0.0,4.1,-16.4,24.0,0,0,21.8,1,13222,1,13222,10831,22331,15505,22420,12588,12062,11902,13505,14344,13505,6033,4440,4488,13824,13487,9111,8263,8846,17768,17725,22507,20405,18932,2246,150,19768,1,26:23
2024-25,1631222,Jake LaRavia,Jake,1610612763,MEM,Memphis Grizzlies,0022400092,2024-10-26T00:00:00,MEM vs. ORL,W,23.033333333333335,1.6,1.6,1.0,0.0,0.0,0.0,1.6,3.1,0.5,1.6,9.4,10.9,3.1,1.6,1.6,0.0,0.0,0.0,1.6,4.7,20.3,25.6,0,0,21.9,1,1,13086,1,13699,22088,24818,1,15070,20945,15070,11660,9654,10625,10062,3132,4467,12538,12494,8138,8263,8846,20257,14749,22194,3860,17859,2246,150,19736,1,23:02
2024-25,1631110,Jeremy Sochan,Jeremy,1610612759,SAS,San Antonio Spurs,0022400094,2024-10-26T00:00:00,SAS vs. HOU,W,36.86,7.8,13.7,0.571,0.0,1.0,0.0,1.0,2.0,0.5,2.9,8.8,11.7,2.9,2.9,2.0,0.0,0.0,2.9,2.9,16.6,-1.0,38.0,1,0,35.2,1,1,13086,1,2093,7038,10689,6538,15070,20878,15070,13304,12850,10625,5513,3736,3739,13168,6722,6486,8263,8846,11034,9495,11279,13520,9032,1,150,9980,1,36:52
2024-25,1627750,Jamal Murray,Jamal,1610612743,DEN,Denver Nuggets,0022400087,2024-10-26T00:00:00,DEN vs. LAC,L,36.85,6.8,13.7,0.5,2.9,5.9,0.5,4.9,4.9,1.0,0.0,2.0,2.0,4.9,2.0,2.0,0.0,1.0,1.0,6.8,21.5,5.9,35.1,0,0,35.2,1,13222,1,13222,2096,9324,10686,8526,6757,11047,3944,4215,6145,1,14058,19813,21899,7724,10762,6480,8263,8124,19829,1788,6645,9678,11009,2246,150,9976,1,36:51
2024-25,1642349,Ajay Mitchell,Ajay,1610612760,OKC,Oklahoma City Thunder,0022400091,2024-10-26T00:00:00,OKC @ CHI,W,15.721666666666666,4.6,11.4,0.4,0.0,0.0,0.0,0.0,0.0,0.0,0.0,2.3,2.3,6.9,2.3,4.6,0.0,0.0,4.6,0.0,9.2,0.0,33.7,0,0,27.5,1,1,13086,1,19117,15546,14570,14933,15070,20945,15070,13505,14344,13505,14058,18794,21225,4183,9128,1166,8263,8846,5593,17725,18935,12240,12065,2246,150,15806,1,15:43
2024-25,1630198,Isaiah Joe,Isaiah,1610612760,OKC,Oklahoma City Thunder,0022400091,2024-10-26T00:00:00,OKC @ CHI,W,11.803333333333333,6.1,12.2,0.5,6.1,12.2,0.5,0.0,0.0,0.0,0.0,3.0,3.0,3.0,0.0,0.0,0.0,0.0,6.1,0.0,18.3,12.2,26.5,0,0,30.5,1,1,13086,1,21376,11227,13266,8526,1233,1668,3944,13505,14344,13505,14058,16558,19584,12765,16469,12854,8263,8846,2822,17725,9531,6715,17271,2246,150,13546,1,11:48
2024-25,1628998,Cody Martin,Cody,1610612766,CHA,Charlotte Hornets,0022400088,2024-10-26T00:00:00,CHA vs. MIA,L,27.483333333333334,5.2,11.8,0.444,2.6,7.9,0.333,0.0,0.0,0.0,2.6,1.3,3.9,2.6,2.6,1.3,1.3,0.0,5.2,1.3,13.1,3.9,27.0,0,0,27.5,1,13222,1,13222,9957,13699,13956,13045,7764,6693,9209,13505,14344,13505,6296,21267,17491,14154,7803,9408,5606,8846,4127,15858,14983,10688,16962,2246,150,15788,1,27:29
2024-25,1629048,Goga Bitadze,Goga,1610612753,ORL,Orlando Magic,0022400092,2024-10-26T00:00:00,ORL @ MEM,L,5.083333333333333,7.1,7.1,1.0,0.0,0.0,0.0,0.0,0.0,0.0,7.1,0.0,7.1,7.1,0.0,0.0,7.1,0.0,0.0,0.0,14.2,-14.2,54.5,0,0,42.5,1,13222,1,13222,23956,8734,21460,1,15070,20945,15070,13505,14344,13505,1107,22137,9986,3907,16469,12854,196,8846,20257,17725,13768,19569,2079,2246,150,5406,1,5:05
2024-25,1628415,Dillon Brooks,Dillon,1610612745,HOU,Houston Rockets,0022400094,2024-10-26T00:00:00,HOU @ SAS,L,35.32666666666667,6.1,12.2,0.5,4.1,7.1,0.571,0.0,0.0,0.0,1.0,1.0,2.0,1.0,1.0,1.0,1.0,1.0,5.1,0.0,16.3,9.2,25.4,0,0,27.5,1,13222,1,13222,3212,11187,13215,8526,3842,8181,3506,13505,14344,13505,13101,21938,21730,19622,15720,11770,7354,7743,4386,17725,11601,8104,18025,2246,150,15786,1,35:20
2024-25,1630544,Tre Mann,Tre,1610612766,CHA,Charlotte Hornets,0022400088,2024-10-26T00:00:00,CHA vs. MIA,L,31.75,5.7,12.5,0.455,2.3,5.7,0.4,2.3,2.3,1.0,0.0,5.7,5.7,4.5,1.1,1.1,0.0,1.1,2.3,1.1,15.9,-17.0,31.7,0,0,30.6,1,13222,1,13222,6199,12509,12772,12676,8985,11528,7874,9732,11880,1,14058,9122,13110,8564,14913,10728,8263,6758,13790,16744,12057,20625,13517,2246,150,13467,1,31:45
2024-25,1629060,Rui Hachimura,Rui,1610612747,LAL,Los Angeles Lakers,0022400096,2024-10-26T00:00:00,LAL vs. SAC,W,37.34166666666667,4.8,12.5,0.385,1.9,1.9,1.0,5.8,5.8,1.0,3.9,4.8,8.7,2.9,1.0,0.0,0.0,0.0,1.0,2.9,17.4,16.4,31.1,0,0,30.9,1,1,13086,1,1774,14890,12683,16070,10512,19691,1,3102,4773,1,3801,11375,7192,13304,16065,12854,8263,8846,19888,9611,10471,5114,13960,2246,150,13299,1,37:21
2024-25,1629632,Coby White,Coby,1610612741,CHI,Chicago Bulls,0022400091,2024-10-26T00:00:00,CHI vs. OKC,L,29.796666666666667,3.6,14.5,0.25,0.0,10.9,0.0,3.6,7.2,0.5,0.0,4.8,4.8,3.6,3.6,1.2,0.0,0.0,3.6,7.2,10.9,-24.2,22.1,0,0,21.7,1,13222,1,13222,7973,18021,9357,20233,15070,2608,15070,6440,3130,10625,14058,11325,15215,11008,4725,10110,8263,8846,8344,1477,17293,22614,20077,2246,150,19815,1,29:48
2024-25,1642346,Ryan Dunn,Ryan,1610612756,PHX,Phoenix Suns,0022400095,2024-10-26T00:00:00,PHX vs. DAL,W,21.166666666666668,8.5,13.6,0.625,5.1,10.2,0.5,0.0,0.0,0.0,1.7,0.0,1.7,1.7,1.7,0.0,0.0,0.0,8.5,0.0,22.1,6.8,25.0,0,0,30.6,1,1,13086,1,15170,5608,10820,4899,2149,3266,3944,13505,14344,13505,9574,22137,22298,17362,11916,12854,8263,8846,1134,17725,6127,9232,18287,2246,150,13467,1,21:10
2024-25,1627759,Jaylen Brown,Jaylen,1610612738,BOS,Boston Celtics,0022400089,2024-10-26T00:00:00,BOS @ DET,W,38.15,5.7,22.6,0.25,2.8,8.5,0.333,8.5,9.4,0.9,2.8,6.6,9.4,4.7,1.9,0.9,0.0,1.9,1.9,5.7,22.6,10.4,42.0,1,0,41.5,1,1,13086,1,1295,12526,1526,20233,7115,5592,9209,1189,1648,6805,5779,7086,6130,8149,11116,12414,8263,3605,15757,3094,5740,7524,6624,1,150,5900,1,38:09
2024-25,1631106,Tari Eason,Tari,1610612745,HOU,Houston Rockets,0022400094,2024-10-26T00:00:00,HOU @ SAS,L,18.316666666666666,5.9,11.8,0.5,0.0,3.9,0.0,0.0,0.0,0.0,0.0,3.9,3.9,3.9,2.0,5.9,2.0,0.0,5.9,0.0,11.8,-2.0,44.0,0,0,35.4,1,13222,1,13222,17345,11814,13951,8526,15070,15710,15070,13505,14344,13505,14058,13935,17490,10130,10687,502,3580,8846,3077,17725,16352,14021,5662,2246,150,9816,1,18:19
2024-25,1626156,D'Angelo Russell,D'Angelo,1610612747,LAL,Los Angeles Lakers,0022400096,2024-10-26T00:00:00,LAL vs. SAC,W,32.45666666666666,6.7,12.2,0.545,3.3,6.7,0.5,1.1,1.1,1.0,1.1,3.3,4.4,5.5,2.2,2.2,0.0,0.0,3.3,1.1,17.7,18.9,35.8,0,0,35.5,1,1,13086,1,5594,9813,13265,7695,5586,9205,3944,12891,14029,1,12400,15711,16203,6346,9439,5325,8263,8846,9352,16869,10088,4296,10491,2246,150,9733,1,32:27
2024-25,1627826,Ivica Zubac,Ivica,1610612746,LAC,LA Clippers,0022400087,2024-10-26T00:00:00,LAC @ DEN,W,39.06,10.1,15.7,0.647,0.0,0.0,0.0,1.8,2.8,0.667,3.7,10.1,13.8,3.7,2.8,0.0,0.9,0.9,3.7,4.6,22.1,-5.5,44.2,1,0,41.5,1,1,13086,1,863,3074,7591,4571,15070,20945,15070,11136,10576,9425,4060,2471,2320,10823,7336,12854,7997,8547,8135,4924,6123,15846,5550,1,150,5928,1,39:04
2024-25,1626145,Tyus Jones,Tyus,1610612756,PHX,Phoenix Suns,0022400095,2024-10-26T00:00:00,PHX vs. DAL,W,30.768333333333334,3.5,8.2,0.429,2.3,3.5,0.667,0.0,0.0,0.0,0.0,5.9,5.9,8.2,0.0,1.2,1.2,0.0,0.0,0.0,9.4,7.0,35.7,0,0,30.4,1,1,13086,1,7072,18309,19958,13735,8704,16638,1957,13505,14344,13505,14058,8667,12633,2703,16469,10434,6367,8846,20257,17725,18772,9125,10589,2246,150,13624,1,30:46
2024-25,1641711,Gradey Dick,Gradey,1610612761,TOR,Toronto Raptors,0022400093,2024-10-26T00:00:00,TOR @ MIN,L,29.516666666666666,11.0,19.5,0.563,4.9,11.0,0.444,3.7,3.7,1.0,0.0,1.2,1.2,2.4,1.2,1.2,0.0,0.0,2.4,3.7,30.5,-15.9,38.1,0,0,41.5,1,13222,1,13222,8205,2276,3333,7127,2443,2516,7211,6370,8567,1,14058,21467,22919,14740,14294,10019,8263,8846,13036,7239,1926,20218,8994,2246,150,5935,1,29:31
2024-25,1631128,Christian Braun,Christian,1610612743,DEN,Denver Nuggets,0022400087,2024-10-26T00:00:00,DEN vs. LAC,L,34.266666666666666,4.2,6.3,0.667,1.1,1.1,1.0,2.1,2.1,1.0,1.1,6.3,7.4,1.1,1.1,1.1,2.1,0.0,3.2,1.1,11.6,1.1,30.4,0,0,27.3,1,13222,1,13222,4042,16589,22315,3281,14247,20808,1,10285,12415,1,12870,7689,9464,19521,15484,11487,3200,8846,10075,17172,16612,12121,14528,2246,150,15937,1,34:16
2024-25,1630217,Desmond Bane,Desmond,1610612763,MEM,Memphis Grizzlies,0022400092,2024-10-26T00:00:00,MEM vs. ORL,W,28.051666666666666,6.4,12.8,0.5,2.6,7.7,0.333,1.3,1.3,1.0,1.3,7.7,9.0,2.6,3.9,2.6,0.0,0.0,5.1,1.3,16.7,9.0,35.2,0,0,35.9,1,1,13086,1,9507,10396,12152,8526,7928,7004,9209,12345,13753,1,11277,5165,6773,14320,4189,4209,8263,8846,4313,15978,11190,8190,10961,2246,150,9424,1,28:03
2024-25,203497,Rudy Gobert,Rudy,1610612750,MIN,Minnesota Timberwolves,0022400093,2024-10-26T00:00:00,MIN vs. TOR,W,38.983333333333334,5.5,7.4,0.75,0.0,0.0,0.0,2.8,3.7,0.75,1.8,9.2,11.1,0.9,0.9,0.9,3.7,0.9,2.8,2.8,13.9,18.5,41.5,1,0,35.1,1,1,13086,1,888,12878,21092,2107,15070,20945,15070,8411,8491,8186,9056,3268,4336,19841,16270,12545,1082,8537,11768,10077,14098,4417,6899,1,150,10031,1,38:59
2024-25,1631221,Collin Gillespie,Collin,1610612756,PHX,Phoenix Suns,0022400095,2024-10-26T00:00:00,PHX vs. DAL,W,3.445,10.4,20.9,0.5,10.4,10.4,1.0,0.0,0.0,0.0,0.0,0.0,0.0,0.0,0.0,0.0,0.0,0.0,0.0,0.0,31.3,0.0,31.3,0,0,41.8,1,1,13086,1,24741,2759,2402,8526,190,3025,1,13505,14344,13505,14058,22137,23286,19908,16469,12854,8263,8846,20257,17725,1682,12240,13784,2246,150,5753,1,3:27
2024-25,203994,Jusuf Nurkić,Jusuf,1610612756,PHX,Phoenix Suns,0022400095,2024-10-26T00:00:00,PHX vs. DAL,W,30.466666666666665,8.3,14.2,0.583,0.0,2.4,0.0,4.7,9.5,0.5,3.5,13.0,16.5,1.2,5.9,0.0,1.2,0.0,2.4,7.1,21.3,0.0,40.5,1,0,41.4,1,1,13086,1,7345,6037,9869,6296,15070,18879,15070,4466,1631,10625,4305,1016,1251,19080,1446,12854,6293,8846,13379,1587,6860,12240,7443,1,150,5997,1,30:28
2024-25,1631124,Julian Strawther,Julian,1610612743,DEN,Denver Nuggets,0022400087,2024-10-26T00:00:00,DEN vs. LAC,L,16.2,6.7,11.1,0.6,4.4,4.4,1.0,0.0,0.0,0.0,2.2,2.2,4.4,6.7,2.2,4.4,0.0,0.0,11.1,0.0,17.8,-26.7,44.2,0,0,42.2,1,13222,1,13222,18788,9769,15174,5394,3160,14579,1,13505,14344,13505,7524,19004,16178,4473,9418,1265,8263,8846,527,17725,10052,23166,5563,2246,150,5537,1,16:12
2024-25,1627936,Alex Caruso,Alex,1610612760,OKC,Oklahoma City Thunder,0022400091,2024-10-26T00:00:00,OKC @ CHI,W,21.665,1.7,8.3,0.2,1.7,5.0,0.333,0.0,0.0,0.0,0.0,3.3,3.3,3.3,0.0,3.3,3.3,0.0,5.0,3.3,5.0,3.3,33.9,0,0,26.6,1,1,13086,1,14789,21948,19781,21401,11503,13236,9209,13505,14344,13505,14058,15723,18934,11904,16469,2519,1375,8846,4637,8184,22018,10962,11895,2246,150,16475,1,21:40
2024-25,1627884,Derrick Jones Jr.,Derrick,1610612746,LAC,LA Clippers,0022400087,2024-10-26T00:00:00,LAC @ DEN,W,26.766666666666666,5.4,10.8,0.5,1.3,5.4,0.25,0.0,0.0,0.0,0.0,1.3,1.3,1.3,4.0,1.3,1.3,0.0,2.7,1.3,12.1,-10.8,19.8,0,0,21.5,1,1,13086,1,10516,13322,15764,8526,12670,12255,11902,13505,14344,13505,14058,21197,22764,18518,3809,9214,5466,8846,12079,15704,16032,18212,21276,2246,150,19947,1,26:46
2024-25,201566,Russell Westbrook,Russell,1610612743,DEN,Denver Nuggets,0022400087,2024-10-26T00:00:00,DEN vs. LAC,L,19.111666666666668,0.0,15.1,0.0,0.0,5.7,0.0,3.8,3.8,1.0,0.0,1.9,1.9,3.8,0.0,3.8,1.9,3.8,7.5,1.9,3.8,-24.5,28.6,0,0,20.7,1,13222,1,13222,16746,22635,8491,22635,15070,11579,15070,6152,8332,1,14058,20019,22029,10600,16469,1888,3815,758,1616,13572,22659,22693,15780,2246,150,20452,1,19:07
2024-25,1630188,Jalen Smith,Jalen,1610612741,CHI,Chicago Bulls,0022400091,2024-10-26T00:00:00,CHI vs. OKC,L,11.05,3.3,13.0,0.25,3.3,6.5,0.5,3.3,6.5,0.5,6.5,13.0,19.5,0.0,0.0,0.0,0.0,6.5,6.5,6.5,13.0,-19.5,36.5,0,0,35.8,1,13222,1,13222,21686,18865,11799,20233,5786,9516,3944,7189,3865,10625,1367,1000,592,19908,16469,12854,8263,187,2390,2070,15057,21411,10040,2246,150,9490,1,11:03
2024-25,1626164,Devin Booker,Devin,1610612756,PHX,Phoenix Suns,0022400095,2024-10-26T00:00:00,PHX vs. DAL,W,37.083333333333336,3.9,11.6,0.333,1.9,7.8,0.25,10.7,11.6,0.917,0.0,1.0,1.0,4.9,1.0,1.0,0.0,1.0,2.9,8.7,20.4,6.8,30.8,0,0,30.1,1,1,13086,1,1937,17373,14221,17395,10452,6862,11902,536,853,6748,14058,22021,23234,7787,16022,12203,8263,8179,11128,742,7591,9237,14218,2246,150,13873,1,37:05
2024-25,1629634,Brandon Clarke,Brandon,1610612763,MEM,Memphis Grizzlies,0022400092,2024-10-26T00:00:00,MEM vs. ORL,W,17.58,4.1,10.2,0.4,0.0,2.0,0.0,2.0,2.0,1.0,0.0,10.2,10.2,2.0,0.0,4.1,0.0,0.0,6.1,2.0,10.2,20.5,37.9,0,0,30.7,1,1,13086,1,17875,16856,16667,14933,15070,19462,15070,10468,12581,1,14058,2398,5189,16198,16469,1544,8263,8846,2774,12847,17905,3819,9096,2246,150,13388,1,17:35
2024-25,1631103,Malaki Branham,Malaki,1610612759,SAS,San Antonio Spurs,0022400094,2024-10-26T00:00:00,SAS vs. HOU,W,13.683333333333334,7.9,13.2,0.6,0.0,0.0,0.0,2.6,2.6,1.0,0.0,7.9,7.9,5.3,5.3,0.0,5.3,2.6,0.0,0.0,18.4,10.5,46.3,0,0,42.1,1,1,13086,1,20373,6859,11569,5394,15070,20945,15070,8732,10898,1,14058,4871,8474,6908,2049,12854,446,1833,20257,17725,9399,7457,4620,2246,150,5596,1,13:41
2024-25,1627751,Jakob Poeltl,Jakob,1610612761,TOR,Toronto Raptors,0022400093,2024-10-26T00:00:00,TOR @ MIN,L,29.966666666666665,4.8,10.8,0.444,0.0,0.0,0.0,0.0,0.0,0.0,3.6,8.4,12.0,3.6,2.4,1.2,1.2,2.4,4.8,1.2,9.6,-14.4,34.2,0,0,30.0,1,13222,1,13222,7812,14926,15676,13045,15070,20945,15070,13505,14344,13505,4205,4151,3478,11076,8644,10162,6164,2212,5042,16394,18535,19666,11622,2246,150,13919,1,29:58
2024-25,1629638,Nickeil Alexander-Walker,Nickeil,1610612750,MIN,Minnesota Timberwolves,0022400093,2024-10-26T00:00:00,MIN vs. TOR,W,16.466666666666665,2.2,4.4,0.5,2.2,2.2,1.0,2.2,4.4,0.5,0.0,2.2,2.2,8.7,0.0,0.0,0.0,0.0,2.2,6.6,8.7,10.9,24.5,0,0,21.9,1,1,13086,1,18617,21069,23877,8526,9286,19193,1,9999,7069,10625,14058,19110,21442,2224,16469,12854,8263,8846,14152,2024,19305,7264,18624,2246,150,19746,1,16:28
2024-25,1630578,Alperen Sengun,Alperen,1610612745,HOU,Houston Rockets,0022400094,2024-10-26T00:00:00,HOU @ SAS,L,22.043333333333333,3.3,13.1,0.25,1.6,3.3,0.5,1.6,3.3,0.5,1.6,6.5,8.2,3.3,1.6,3.3,0.0,3.3,4.9,3.3,9.8,-9.8,32.7,0,0,29.4,1,13222,1,13222,14471,18839,11748,20233,11583,17145,3944,11537,9390,10625,9800,7237,7984,12090,12204,2625,8263,1091,4838,8361,18355,17795,12829,2246,150,14412,1,22:03
2024-25,1630644,Mac McClung,Mac,1610612753,ORL,Orlando Magic,0022400092,2024-10-26T00:00:00,ORL @ MEM,L,4.883333333333334,0.0,0.0,0.0,0.0,0.0,0.0,0.0,0.0,0.0,0.0,7.4,7.4,14.7,0.0,0.0,0.0,0.0,0.0,7.4,0.0,81.1,31.0,0,0,22.1,1,13222,1,13222,24022,22635,24836,22635,15070,20945,15070,13505,14344,13505,14058,5716,9424,317,16469,12854,8263,8846,20257,1406,23200,147,14078,2246,150,19608,1,4:53
2024-25,1627777,Georges Niang,Georges,1610612739,CLE,Cleveland Cavaliers,0022400090,2024-10-26T00:00:00,CLE @ WAS,W,21.233333333333334,1.7,11.9,0.143,1.7,10.2,0.167,0.0,0.0,0.0,5.1,5.1,10.2,1.7,0.0,1.7,0.0,1.7,3.4,0.0,5.1,11.9,24.9,0,0,22.0,1,1,13086,1,15129,21904,13840,22260,11412,3309,14236,13505,14344,13505,2296,10616,5257,17382,16469,7621,8263,4160,9109,17725,21962,6853,18346,2246,150,19659,1,21:14
2024-25,1631107,Nikola Jović,Nikola,1610612748,MIA,Miami Heat,0022400088,2024-10-26T00:00:00,MIA @ CHA,W,29.85,3.6,8.4,0.429,2.4,6.0,0.4,2.4,2.4,1.0,0.0,4.8,4.8,7.2,1.2,2.4,0.0,0.0,3.6,2.4,12.1,10.9,34.7,0,0,31.4,1,1,13086,1,7920,18040,19583,13735,8443,10620,7874,9300,11448,1,14058,11354,15236,3710,14393,4657,8263,8846,8375,11301,16085,7297,11259,2246,150,12891,1,29:51
2024-25,1628449,Chris Boucher,Chris,1610612761,TOR,Toronto Raptors,0022400093,2024-10-26T00:00:00,TOR @ MIN,L,15.983333333333333,4.5,18.0,0.25,0.0,9.0,0.0,0.0,4.5,0.0,2.3,18.0,20.3,0.0,0.0,0.0,0.0,2.3,4.5,2.3,9.0,13.5,33.3,0,0,29.3,1,13222,1,13222,18936,15767,4646,20233,15070,4809,15070,13505,6833,13505,7406,254,494,19908,16469,12854,8263,2544,5766,11928,19069,6199,12317,2246,150,14494,1,15:59
2024-25,1642281,Jaylon Tyson,Jaylon,1610612739,CLE,Cleveland Cavaliers,0022400090,2024-10-26T00:00:00,CLE @ WAS,W,7.883333333333334,4.6,13.7,0.333,4.6,4.6,1.0,0.0,0.0,0.0,0.0,4.6,4.6,0.0,4.6,0.0,0.0,4.6,22.8,0.0,13.7,-13.7,14.6,0,0,22.8,1,1,13086,1,22842,15576,10657,17395,2943,14273,1,13505,14344,13505,14058,12074,15884,19908,2899,12854,8263,469,86,17725,14281,19378,23306,2246,150,19119,1,7:53
2024-25,1630539,Kai Jones,Kai,1610612746,LAC,LA Clippers,0022400087,2024-10-26T00:00:00,LAC @ DEN,W,3.7333333333333334,0.0,0.0,0.0,0.0,0.0,0.0,0.0,0.0,0.0,9.6,9.6,19.3,0.0,0.0,0.0,9.6,0.0,0.0,0.0,0.0,-9.6,52.1,0,0,38.6,1,1,13086,1,24607,22635,24836,22635,15070,20945,15070,13505,14344,13505,448,2880,625,19908,16469,12854,75,8846,20257,17725,23200,17736,2688,2246,150,7653,1,3:44
2024-25,203484,Kentavious Caldwell-Pope,Kentavious,1610612753,ORL,Orlando Magic,0022400092,2024-10-26T00:00:00,ORL @ MEM,L,28.25,1.3,7.6,0.167,0.0,5.1,0.0,1.3,1.3,1.0,0.0,2.5,2.5,1.3,1.3,2.5,1.3,1.3,2.5,0.0,3.8,-26.8,19.0,0,0,15.3,1,13222,1,13222,9340,22424,20720,21938,15070,12962,15070,12369,13770,1,14058,18060,20709,18741,13940,4262,5768,5787,12608,17725,22644,23197,21650,2246,150,22960,1,28:15
2024-25,203501,Tim Hardaway Jr.,Tim,1610612765,DET,Detroit Pistons,0022400089,2024-10-26T00:00:00,DET vs. BOS,L,36.803333333333335,2.0,6.8,0.286,1.0,4.9,0.2,3.9,3.9,1.0,0.0,2.0,2.0,2.0,0.0,0.0,0.0,0.0,2.9,4.9,8.8,1.0,14.1,0,0,13.7,1,13222,1,13222,2124,21487,21734,19630,14665,13460,13429,5860,8021,1,14058,19810,21896,16540,16469,12854,8263,8846,11011,4315,19266,12172,23479,2246,150,23503,1,36:48
2024-25,202692,Alec Burks,Alec,1610612748,MIA,Miami Heat,0022400088,2024-10-26T00:00:00,MIA @ CHA,W,24.883333333333333,4.3,5.8,0.75,4.3,5.8,0.75,0.0,0.0,0.0,0.0,2.9,2.9,0.0,0.0,0.0,1.4,0.0,0.0,0.0,13.0,10.1,20.8,0,0,23.1,1,1,13086,1,12108,16227,22825,2107,3329,11235,1542,13505,14344,13505,14058,17106,20011,19908,16469,12854,5048,8846,20257,17725,15067,7635,20771,2246,150,18893,1,24:53
2024-25,1630183,Jaden McDaniels,Jaden,1610612750,MIN,Minnesota Timberwolves,0022400093,2024-10-26T00:00:00,MIN vs. TOR,W,33.45,4.3,5.4,0.8,1.1,1.1,1.0,0.0,0.0,0.0,1.1,2.2,3.2,2.2,1.1,1.1,2.2,0.0,2.2,1.1,9.7,11.8,25.4,0,0,22.6,1,1,13086,1,4768,16311,23200,1688,14090,20772,1,13505,14344,13505,12669,19201,19154,15807,15296,11226,3061,8846,14342,17021,18453,6866,18002,2246,150,19286,1,33:27
2024-25,1626168,Trey Lyles,Trey,1610612758,SAC,Sacramento Kings,0022400096,2024-10-26T00:00:00,SAC @ LAL,L,18.618333333333332,1.9,11.6,0.167,1.9,11.6,0.167,3.9,3.9,1.0,1.9,5.8,7.7,1.9,0.0,1.9,1.9,0.0,5.8,1.9,9.7,-13.5,33.5,0,0,29.0,1,13222,1,13222,17092,21531,14303,21938,10488,2033,14236,5944,8102,1,8693,8795,8751,16630,16469,6604,3670,8846,3221,13394,18473,19319,12224,2246,150,14700,1,18:37
2024-25,1628401,Derrick White,Derrick,1610612738,BOS,Boston Celtics,0022400089,2024-10-26T00:00:00,BOS @ DET,W,39.36666666666667,5.5,12.8,0.429,0.0,5.5,0.0,4.6,4.6,1.0,1.8,3.7,5.5,2.7,0.9,0.0,2.7,0.9,1.8,5.5,15.5,6.4,33.6,0,0,29.3,1,1,13086,1,761,13021,12205,13735,15070,11984,15070,4732,6707,1,9135,14763,13571,13775,16304,12854,2025,8585,16043,3361,12381,9422,12146,2246,150,14505,1,39:22
2024-25,1641744,Zach Edey,Zach,1610612763,MEM,Memphis Grizzlies,0022400092,2024-10-26T00:00:00,MEM vs. ORL,W,13.366666666666667,8.1,10.8,0.75,2.7,2.7,1.0,0.0,0.0,0.0,0.0,2.7,2.7,0.0,0.0,0.0,0.0,0.0,10.8,0.0,18.9,-32.3,22.1,0,0,24.2,1,1,13086,1,20556,6469,15745,2107,7562,18275,1,13505,14344,13505,14058,17718,20461,19908,16469,12854,8263,8846,566,17725,8993,24068,20096,2246,150,18176,1,13:22
2024-25,1627814,Damion Lee,Damion,1610612756,PHX,Phoenix Suns,0022400095,2024-10-26T00:00:00,PHX vs. DAL,W,17.665,2.0,6.1,0.333,0.0,4.1,0.0,0.0,0.0,0.0,0.0,6.1,6.1,4.1,2.0,0.0,0.0,0.0,2.0,0.0,4.1,-4.1,15.5,0,0,14.3,1,1,13086,1,17814,21335,22502,17395,15070,15406,15070,13505,14344,13505,14058,8073,12018,9721,10317,12854,8263,8846,14933,17725,22518,15106,23029,2246,150,23335,1,17:40
2024-25,202699,Tobias Harris,Tobias,1610612765,DET,Detroit Pistons,0022400089,2024-10-26T00:00:00,DET vs. BOS,L,31.483333333333334,2.3,12.6,0.182,0.0,5.7,0.0,4.6,4.6,1.0,2.3,10.3,12.6,3.4,2.3,1.1,1.1,2.3,6.9,2.3,9.1,-13.7,34.0,0,0,29.7,1,13222,1,13222,6421,20880,12617,21891,15070,11409,15070,4729,6704,1,7288,2357,3079,11603,9137,10650,6524,2457,2095,11805,18948,19388,11849,2246,150,14149,1,31:29
2024-25,1626220,Royce O'Neale,Royce,1610612756,PHX,Phoenix Suns,0022400095,2024-10-26T00:00:00,PHX vs. DAL,W,26.518333333333334,2.7,8.1,0.333,1.4,6.8,0.2,2.7,2.7,1.0,2.7,9.5,12.2,5.4,0.0,0.0,1.4,0.0,2.7,2.7,9.5,24.4,36.4,0,0,31.2,1,1,13086,1,10711,20052,20032,17395,12619,8926,13429,8539,10707,1,6061,3006,3331,6571,16469,12854,5419,8846,11979,10277,18633,2939,10092,2246,150,12977,1,26:31
2024-25,1628366,Lonzo Ball,Lonzo,1610612741,CHI,Chicago Bulls,0022400091,2024-10-26T00:00:00,CHI vs. OKC,L,15.566666666666666,2.3,13.9,0.167,2.3,11.6,0.2,0.0,0.0,0.0,0.0,11.6,11.6,2.3,4.6,0.0,0.0,0.0,4.6,0.0,6.9,6.9,19.7,0,0,23.1,1,13222,1,13222,19210,20826,10385,21938,8809,2053,13429,13505,14344,13505,14058,1584,3884,15184,2817,12854,8263,8846,5475,17725,20763,9168,21337,2246,150,18912,1,15:34
2024-25,1631323,Simone Fontecchio,Simone,1610612765,DET,Detroit Pistons,0022400089,2024-10-26T00:00:00,DET vs. BOS,L,18.183333333333334,5.9,11.9,0.5,5.9,9.9,0.6,4.0,4.0,1.0,0.0,4.0,4.0,0.0,0.0,0.0,0.0,0.0,4.0,2.0,21.8,15.8,26.5,0,0,31.7,1,13222,1,13222,17449,11684,13805,8526,1349,3608,2992,5770,7921,1,14058,13839,17412,19908,16469,12854,8263,8846,7253,13160,6397,5312,17275,2246,150,12644,1,18:11
2024-25,1631104,Blake Wesley,Blake,1610612759,SAS,San Antonio Spurs,0022400094,2024-10-26T00:00:00,SAS vs. HOU,W,6.05,6.0,17.9,0.333,0.0,0.0,0.0,0.0,0.0,0.0,0.0,6.0,6.0,11.9,0.0,0.0,0.0,0.0,6.0,0.0,11.9,0.0,36.9,0,0,29.8,1,1,13086,1,23581,11651,4847,17395,15070,20945,15070,13505,14344,13505,14058,8447,12404,739,16469,12854,8263,8846,3011,17725,16240,12240,9774,2246,150,14134,1,6:03
2024-25,203552,Seth Curry,Seth,1610612766,CHA,Charlotte Hornets,0022400088,2024-10-26T00:00:00,CHA vs. MIA,L,29.333333333333332,7.4,14.7,0.5,3.7,7.4,0.5,0.0,0.0,0.0,2.5,2.5,4.9,2.5,0.0,0.0,0.0,0.0,3.7,1.2,18.4,7.4,28.0,0,0,29.5,1,13222,1,13222,8364,8093,9001,8526,4735,7697,3944,13505,14344,13505,6767,18315,15035,14697,16469,12854,8263,8846,8160,16258,9408,8953,16242,2246,150,14360,1,29:20
2024-25,1642259,Alex Sarr,Alex,1610612764,WAS,Washington Wizards,0022400090,2024-10-26T00:00:00,WAS vs. CLE,L,24.971666666666668,5.8,14.4,0.4,2.9,8.6,0.333,2.9,2.9,1.0,2.9,5.8,8.6,1.4,0.0,1.4,2.9,0.0,4.3,2.9,17.3,-25.9,42.8,0,0,38.9,1,13222,1,13222,12031,12214,9489,14933,6932,5348,9209,8140,10276,1,5635,8870,7227,18202,16469,8689,1847,8846,6204,9651,10530,23017,6213,2246,150,7431,1,24:58
2024-25,1629675,Naz Reid,Naz,1610612750,MIN,Minnesota Timberwolves,0022400093,2024-10-26T00:00:00,MIN vs. TOR,W,21.183333333333334,5.1,11.9,0.429,0.0,3.4,0.0,6.8,6.8,1.0,1.7,5.1,6.8,1.7,0.0,1.7,0.0,3.4,0.0,3.4,17.0,-8.5,32.8,0,0,28.9,1,1,13086,1,15162,14100,13770,13735,15070,16865,15070,2162,3568,1,9581,10578,10534,17368,16469,7610,8263,994,20257,7955,10851,17182,12725,2246,150,14789,1,21:11
2024-25,1630162,Anthony Edwards,Anthony,1610612750,MIN,Minnesota Timberwolves,0022400093,2024-10-26T00:00:00,MIN vs. TOR,W,39.18333333333333,8.3,19.3,0.429,4.6,11.0,0.417,0.9,2.8,0.333,0.0,5.5,5.5,3.7,3.7,0.9,0.9,0.9,2.8,0.9,22.1,4.6,36.0,0,0,39.5,1,1,13086,1,818,6045,3498,13735,2905,2462,7826,13429,10595,13132,14058,9497,13506,10863,4617,12572,8010,8564,11815,17625,6173,10344,10361,2246,150,7065,1,39:11
2024-25,1628975,Jevon Carter,Jevon,1610612741,CHI,Chicago Bulls,0022400091,2024-10-26T00:00:00,CHI vs. OKC,L,4.433333333333334,0.0,8.1,0.0,0.0,8.1,0.0,0.0,0.0,0.0,0.0,0.0,0.0,8.1,0.0,8.1,0.0,0.0,0.0,0.0,0.0,8.1,36.5,0,0,24.4,1,13222,1,13222,24272,22635,20050,22635,15070,6239,15070,13505,14344,13505,14058,22137,23286,2765,16469,200,8263,8846,20257,17725,23200,8571,10001,2246,150,18104,1,4:26
2024-25,1630245,Ayo Dosunmu,Ayo,1610612741,CHI,Chicago Bulls,0022400091,2024-10-26T00:00:00,CHI vs. OKC,L,24.2,1.5,16.4,0.091,1.5,13.4,0.111,0.0,0.0,0.0,0.0,7.4,7.4,8.9,3.0,0.0,0.0,1.5,6.0,0.0,4.5,-7.4,23.8,0,0,22.3,1,13222,1,13222,12726,22185,6592,22599,12086,1136,15003,13505,14344,13505,14058,5605,9289,2075,6575,12854,8263,4819,3011,17725,22312,16700,19094,2246,150,19478,1,24:12
2024-25,203944,Julius Randle,Julius,1610612750,MIN,Minnesota Timberwolves,0022400093,2024-10-26T00:00:00,MIN vs. TOR,W,35.833333333333336,9.0,16.1,0.563,1.0,4.0,0.25,5.0,7.0,0.714,3.0,6.0,9.0,5.0,4.0,0.0,0.0,0.0,2.0,6.0,24.1,7.0,38.5,0,0,39.2,1,1,13086,1,2802,4629,7014,7127,14525,15537,11902,3998,3332,9244,5301,8268,6671,7402,3847,12854,8263,8846,15087,2580,4725,9120,8719,2246,150,7286,1,35:50
2024-25,1629162,Jordan McLaughlin,Jordan,1610612758,SAC,Sacramento Kings,0022400096,2024-10-26T00:00:00,SAC @ LAL,L,3.183333333333333,0.0,0.0,0.0,0.0,0.0,0.0,0.0,0.0,0.0,0.0,0.0,0.0,0.0,0.0,0.0,0.0,0.0,0.0,0.0,0.0,0.0,0.0,0,0,0.0,1,13222,1,13222,24904,22635,24836,22635,15070,20945,15070,13505,14344,13505,14058,22137,23286,19908,16469,12854,8263,8846,20257,17725,23200,12240,25228,2246,150,25259,1,3:11
2024-25,1628418,Thomas Bryant,Thomas,1610612748,MIA,Miami Heat,0022400088,2024-10-26T00:00:00,MIA @ CHA,W,11.633333333333333,9.3,12.4,0.75,0.0,0.0,0.0,0.0,0.0,0.0,3.1,0.0,3.1,6.2,0.0,3.1,3.1,3.1,6.2,0.0,18.6,12.4,50.1,0,0,40.2,1,1,13086,1,21438,4228,12930,2107,15070,20945,15070,13505,14344,13505,5143,22137,19486,5173,16469,2939,1574,1235,2719,17725,9249,6645,3235,2246,150,6657,1,11:38
2024-25,202681,Kyrie Irving,Kyrie,1610612742,DAL,Dallas Mavericks,0022400095,2024-10-26T00:00:00,DAL @ PHX,L,38.69833333333333,8.4,20.5,0.409,1.9,4.7,0.4,1.9,1.9,1.0,0.0,1.9,1.9,4.7,0.9,2.8,0.0,0.9,3.7,1.9,20.5,-12.1,37.1,0,0,34.4,1,13222,1,13222,1014,5850,2659,14895,10826,14080,7874,11090,13091,1,14058,20078,22066,8306,16244,3709,8263,8493,7998,13688,7533,18770,9613,2246,150,10512,1,38:42
2024-25,202685,Jonas Valančiūnas,Jonas,1610612764,WAS,Washington Wizards,0022400090,2024-10-26T00:00:00,WAS vs. CLE,L,21.116666666666667,6.8,11.9,0.571,0.0,0.0,0.0,3.4,3.4,1.0,6.8,6.8,13.6,0.0,5.1,1.7,0.0,5.1,1.7,3.4,17.0,-15.3,33.4,0,0,34.1,1,13222,1,13222,15206,9371,13703,6538,15070,20945,15070,6878,9069,1,1217,6678,2415,19908,2208,7591,8263,341,16520,7919,10799,20025,12256,2246,150,10779,1,21:07
2024-25,1629731,Dean Wade,Dean,1610612739,CLE,Cleveland Cavaliers,0022400090,2024-10-26T00:00:00,CLE @ WAS,W,18.75,1.9,7.7,0.25,0.0,5.8,0.0,0.0,0.0,0.0,0.0,9.6,9.6,1.9,0.0,1.9,0.0,0.0,5.8,0.0,3.8,28.8,24.0,0,0,19.2,1,1,13086,1,17005,21548,20677,20233,15070,11296,15070,13505,14344,13505,14058,2915,5919,16674,16469,6665,8263,8846,3292,17725,22633,2134,18937,2246,150,21289,1,18:45
2024-25,1630208,Nick Richards,Nick,1610612766,CHA,Charlotte Hornets,0022400088,2024-10-26T00:00:00,CHA vs. MIA,L,34.6,5.2,8.3,0.625,0.0,1.0,0.0,2.1,3.1,0.667,4.2,8.3,12.5,1.0,3.1,1.0,3.1,1.0,4.2,3.1,12.5,-8.3,38.4,1,0,34.3,1,13222,1,13222,3784,13809,19757,4899,15070,20816,15070,10351,9665,9425,3348,4248,3136,19558,6059,11579,1551,7568,6664,8809,15604,17105,8775,1,150,10575,1,34:36
2024-25,1642275,Tidjane Salaün,Tidjane,1610612766,CHA,Charlotte Hornets,0022400088,2024-10-26T00:00:00,CHA vs. MIA,L,8.633333333333333,0.0,4.2,0.0,0.0,4.2,0.0,0.0,0.0,0.0,0.0,4.2,4.2,0.0,4.2,4.2,0.0,0.0,4.2,0.0,0.0,-41.7,13.3,0,0,12.5,1,13222,1,13222,22586,22635,24010,22635,15070,15187,15070,13505,14344,13505,14058,13205,16883,19908,3550,1477,8263,8846,6635,17725,23200,24957,23682,2246,150,23867,1,8:38
2024-25,1628989,Kevin Huerter,Kevin,1610612758,SAC,Sacramento Kings,0022400096,2024-10-26T00:00:00,SAC @ LAL,L,26.366666666666667,6.8,12.3,0.556,5.5,9.6,0.571,0.0,0.0,0.0,0.0,2.7,2.7,1.4,1.4,2.7,0.0,0.0,2.7,0.0,19.1,-39.6,31.3,0,0,34.1,1,13222,1,13222,10846,9355,13101,7248,1771,4024,3506,13505,14344,13505,14058,17602,20387,18447,13482,3848,8263,8846,11910,17725,8726,24814,13856,2246,150,10745,1,26:22
2024-25,1626179,Terry Rozier,Terry,1610612748,MIA,Miami Heat,0022400088,2024-10-26T00:00:00,MIA @ CHA,W,31.60333333333333,8.0,13.7,0.583,3.4,6.8,0.5,2.3,2.3,1.0,0.0,5.7,5.7,3.4,2.3,0.0,0.0,0.0,3.4,3.4,21.6,5.7,31.3,0,0,34.2,1,1,13086,1,6332,6684,10714,6296,5344,8822,3944,9698,11848,1,14058,9056,13031,11640,9174,12854,8263,8846,9017,7903,6509,9756,13807,2246,150,10721,1,31:36
2024-25,1641789,Jazian Gortman,Jazian,1610612742,DAL,Dallas Mavericks,0022400095,2024-10-26T00:00:00,DAL @ PHX,L,1.0166666666666666,0.0,0.0,0.0,0.0,0.0,0.0,0.0,0.0,0.0,0.0,0.0,0.0,0.0,35.4,0.0,0.0,0.0,0.0,0.0,0.0,0.0,-35.4,0,0,0.0,1,13222,1,13222,26053,22635,24836,22635,15070,20945,15070,13505,14344,13505,14058,22137,23286,19908,9,12854,8263,8846,20257,17725,23200,12240,26300,2246,150,25259,1,1:01
2024-25,1630230,Naji Marshall,Naji,1610612742,DAL,Dallas Mavericks,0022400095,2024-10-26T00:00:00,DAL @ PHX,L,15.951666666666666,2.3,11.3,0.2,0.0,4.5,0.0,0.0,0.0,0.0,2.3,2.3,4.5,6.8,0.0,2.3,0.0,2.3,4.5,2.3,4.5,0.0,26.9,0,0,20.3,1,13222,1,13222,18960,20937,14855,21401,15070,14401,15070,13505,14344,13505,7392,18903,16024,4331,16469,5200,8263,2538,5749,11914,22288,12240,17053,2246,150,20688,1,15:57
2024-25,1629599,Amir Coffey,Amir,1610612746,LAC,LA Clippers,0022400087,2024-10-26T00:00:00,LAC @ DEN,W,23.69,0.0,7.6,0.0,0.0,4.6,0.0,0.0,0.0,0.0,1.5,1.5,3.0,4.6,0.0,1.5,0.0,1.5,1.5,0.0,0.0,33.4,15.0,0,0,10.6,1,1,13086,1,13157,22635,20796,22635,15070,14297,15070,13505,14344,13505,10239,20833,19608,8514,16469,8328,8263,4697,17146,17725,23200,1580,23165,2246,150,24305,1,23:41
2024-25,1628976,Wendell Carter Jr.,Wendell,1610612753,ORL,Orlando Magic,0022400092,2024-10-26T00:00:00,ORL @ MEM,L,30.733333333333334,1.2,7.0,0.167,0.0,3.5,0.0,1.2,2.3,0.5,5.9,5.9,11.7,2.3,2.3,0.0,1.2,0.0,3.5,4.7,3.5,-15.2,22.3,0,0,19.9,1,13222,1,13222,7100,22517,21527,21938,15070,16629,15070,12693,11649,10625,1702,8650,3743,15074,8891,12854,6352,8846,8711,4743,22767,19985,20008,2246,150,20909,1,30:44
2024-25,1642263,Reed Sheppard,Reed,1610612745,HOU,Houston Rockets,0022400094,2024-10-26T00:00:00,HOU @ SAS,L,6.39,0.0,11.3,0.0,0.0,5.6,0.0,0.0,0.0,0.0,0.0,5.6,5.6,5.6,5.6,0.0,0.0,0.0,0.0,0.0,0.0,-39.4,9.6,0,0,11.3,1,13222,1,13222,23416,22635,14897,22635,15070,11624,15070,13505,14344,13505,14058,9209,13199,6181,1694,12854,8263,8846,20257,17725,23200,24798,24488,2246,150,24162,1,6:23
2024-25,1627739,Kris Dunn,Kris,1610612746,LAC,LA Clippers,0022400087,2024-10-26T00:00:00,LAC @ DEN,W,18.633333333333333,7.7,11.6,0.667,5.8,9.7,0.6,0.0,0.0,0.0,1.9,9.7,11.6,1.9,1.9,0.0,0.0,0.0,9.7,1.9,21.3,15.5,36.1,0,0,40.6,1,1,13086,1,17085,7200,14320,3281,1481,3899,2992,13505,14344,13505,8697,2859,3853,16636,10888,12854,8263,8846,778,13397,6880,5449,10282,2246,150,6462,1,18:38
2024-25,203914,Gary Harris,Gary,1610612753,ORL,Orlando Magic,0022400092,2024-10-26T00:00:00,ORL @ MEM,L,4.416666666666667,0.0,0.0,0.0,0.0,0.0,0.0,0.0,0.0,0.0,0.0,0.0,0.0,0.0,0.0,0.0,0.0,0.0,0.0,0.0,0.0,0.0,0.0,0,0,0.0,1,13222,1,13222,24278,22635,24836,22635,15070,20945,15070,13505,14344,13505,14058,22137,23286,19908,16469,12854,8263,8846,20257,17725,23200,12240,25228,2246,150,25259,1,4:25
2024-25,1628436,Luke Kornet,Luke,1610612738,BOS,Boston Celtics,0022400089,2024-10-26T00:00:00,BOS @ DET,W,19.316666666666666,0.0,1.9,0.0,0.0,0.0,0.0,0.0,0.0,0.0,5.6,1.9,7.5,5.6,3.7,1.9,1.9,0.0,3.7,3.7,0.0,-9.3,24.8,0,0,20.5,1,1,13086,1,16563,22635,24779,22635,15070,20945,15070,13505,14344,13505,1886,20068,9260,6270,4492,6957,3891,8846,7977,7064,23200,17589,18428,2246,150,20579,1,19:19
2024-25,1630537,Chris Duarte,Chris,1610612741,CHI,Chicago Bulls,0022400091,2024-10-26T00:00:00,CHI vs. OKC,L,4.433333333333334,8.1,8.1,1.0,8.1,8.1,1.0,0.0,0.0,0.0,0.0,0.0,0.0,8.1,0.0,0.0,0.0,0.0,0.0,8.1,24.4,8.1,36.5,0,0,40.6,1,13222,1,13222,24272,6363,20050,1,429,6239,1,13505,14344,13505,14058,22137,23286,2765,16469,12854,8263,8846,20257,954,4574,8571,10001,2246,150,6438,1,4:26
2024-25,203939,Dwight Powell,Dwight,1610612742,DAL,Dallas Mavericks,0022400095,2024-10-26T00:00:00,DAL @ PHX,L,1.0166666666666666,0.0,0.0,0.0,0.0,0.0,0.0,0.0,0.0,0.0,0.0,0.0,0.0,0.0,0.0,0.0,0.0,0.0,0.0,0.0,0.0,0.0,0.0,0,0,0.0,1,13222,1,13222,26053,22635,24836,22635,15070,20945,15070,13505,14344,13505,14058,22137,23286,19908,16469,12854,8263,8846,20257,17725,23200,12240,25228,2246,150,25259,1,1:01
2024-25,1642505,Alex Ducas,Alex,1610612760,OKC,Oklahoma City Thunder,0022400091,2024-10-26T00:00:00,OKC @ CHI,W,3.2,0.0,11.3,0.0,0.0,11.3,0.0,0.0,0.0,0.0,0.0,0.0,0.0,0.0,0.0,0.0,0.0,0.0,0.0,0.0,0.0,0.0,0.0,0,0,0.0,1,1,13086,1,24893,22635,14928,22635,15070,2291,15070,13505,14344,13505,14058,22137,23286,19908,16469,12854,8263,8846,20257,17725,23200,12240,25228,2246,150,25259,1,3:12
2024-25,1642530,Yuki Kawamura,Yuki,1610612763,MEM,Memphis Grizzlies,0022400092,2024-10-26T00:00:00,MEM vs. ORL,W,2.066666666666667,0.0,34.8,0.0,0.0,34.8,0.0,0.0,0.0,0.0,0.0,0.0,0.0,0.0,17.4,0.0,0.0,0.0,0.0,0.0,0.0,-191.6,-17.4,0,0,0.0,1,1,13086,1,25421,22635,137,22635,15070,30,15070,13505,14344,13505,14058,22137,23286,19908,81,12854,8263,8846,20257,17725,23200,26277,26268,2246,150,25259,1,2:04
2024-25,1630243,Trevelin Queen,Trevelin,1610612753,ORL,Orlando Magic,0022400092,2024-10-26T00:00:00,ORL @ MEM,L,3.05,0.0,0.0,0.0,0.0,0.0,0.0,0.0,0.0,0.0,0.0,0.0,0.0,0.0,11.8,0.0,0.0,0.0,0.0,0.0,0.0,94.4,-11.8,0,0,0.0,1,13222,1,13222,24957,22635,24836,22635,15070,20945,15070,13505,14344,13505,14058,22137,23286,19908,211,12854,8263,8846,20257,17725,23200,100,26240,2246,150,25259,1,3:03
2024-25,1629656,Quentin Grimes,Quentin,1610612742,DAL,Dallas Mavericks,0022400095,2024-10-26T00:00:00,DAL @ PHX,L,5.7683333333333335,0.0,0.0,0.0,0.0,0.0,0.0,0.0,0.0,0.0,0.0,12.5,12.5,0.0,0.0,0.0,0.0,0.0,12.5,0.0,0.0,-56.2,15.0,0,0,12.5,1,13222,1,13222,23683,22635,24836,22635,15070,20945,15070,13505,14344,13505,14058,1163,3139,19908,16469,12854,8263,8846,378,17725,23200,25593,23185,2246,150,23875,1,5:46
2024-25,1642367,Jonathan Mogbo,Jonathan,1610612761,TOR,Toronto Raptors,0022400093,2024-10-26T00:00:00,TOR @ MIN,L,8.9,4.0,12.1,0.333,0.0,0.0,0.0,0.0,0.0,0.0,4.0,8.1,12.1,4.0,4.0,8.1,0.0,0.0,4.0,0.0,8.1,-12.1,48.9,0,0,40.4,1,13222,1,13222,22489,16984,13345,17395,15070,20945,15070,13505,14344,13505,3536,4575,3386,9818,3789,206,8263,8846,7010,17725,19838,18787,3645,2246,150,6519,1,8:54
2024-25,1627832,Fred VanVleet,Fred,1610612745,HOU,Houston Rockets,0022400094,2024-10-26T00:00:00,HOU @ SAS,L,38.61666666666667,4.7,11.2,0.417,3.7,9.3,0.4,3.7,3.7,1.0,0.0,1.9,1.9,6.5,1.9,2.8,0.0,0.0,2.8,3.7,16.8,0.0,35.3,0,0,34.5,1,13222,1,13222,1053,15337,15049,14532,4630,4348,7874,6227,8420,1,14058,20065,22058,4668,11253,3697,8263,8846,11662,7059,11097,12240,10846,2246,150,10456,1,38:37
2024-25,1641824,Matas Buzelis,Matas,1610612741,CHI,Chicago Bulls,0022400091,2024-10-26T00:00:00,CHI vs. OKC,L,7.116666666666666,5.1,15.2,0.333,0.0,0.0,0.0,5.1,10.1,0.5,5.1,0.0,5.1,0.0,5.1,0.0,0.0,0.0,5.1,5.1,15.2,5.1,16.2,0,0,20.2,1,13222,1,13222,23127,14209,8296,17395,15070,20945,15070,3945,1320,10625,2314,22137,14638,19908,2266,12854,8263,8846,4475,3996,12735,10077,22775,2246,150,20733,1,7:07
2024-25,1631116,Patrick Baldwin Jr.,Patrick,1610612764,WAS,Washington Wizards,0022400090,2024-10-26T00:00:00,WAS vs. CLE,L,5.316666666666666,6.8,13.5,0.5,0.0,0.0,0.0,0.0,0.0,0.0,0.0,13.5,13.5,0.0,0.0,0.0,6.8,6.8,0.0,0.0,13.5,20.3,50.1,0,0,40.6,1,13222,1,13222,23861,9492,10930,8526,15070,20945,15070,13505,14344,13505,14058,865,2466,19908,16469,12854,217,170,20257,17725,14450,3862,3243,2246,150,6424,1,5:19
2024-25,203932,Aaron Gordon,Aaron,1610612743,DEN,Denver Nuggets,0022400087,2024-10-26T00:00:00,DEN vs. LAC,L,35.85,3.0,10.0,0.3,1.0,4.0,0.25,3.0,4.0,0.75,2.0,3.0,5.0,2.0,0.0,1.0,0.0,0.0,2.0,3.0,10.0,2.0,22.1,0,0,20.1,1,13222,1,13222,2786,19390,16971,19363,14528,15544,11902,7767,7805,8186,8353,16676,14742,16341,16469,11918,8263,8846,15092,9194,18119,11617,20090,2246,150,20811,1,35:51
2024-25,1631095,Jabari Smith Jr.,Jabari,1610612745,HOU,Houston Rockets,0022400094,2024-10-26T00:00:00,HOU @ SAS,L,31.966666666666665,3.4,11.3,0.3,1.1,4.5,0.25,0.0,0.0,0.0,2.3,5.6,7.9,1.1,1.1,1.1,0.0,0.0,5.6,1.1,7.9,-3.4,21.3,0,0,20.3,1,13222,1,13222,5995,18590,14904,19363,13793,14419,11902,13505,14344,13505,7406,9222,8489,19268,14969,10810,8263,8846,3496,16795,20009,14748,20543,2246,150,20711,1,31:58
2024-25,1628978,Donte DiVincenzo,Donte,1610612750,MIN,Minnesota Timberwolves,0022400093,2024-10-26T00:00:00,MIN vs. TOR,W,23.35,7.7,23.1,0.333,6.2,17.0,0.364,3.1,3.1,1.0,0.0,3.1,3.1,3.1,3.1,1.5,0.0,0.0,1.5,6.2,24.7,-9.3,34.5,0,0,40.1,1,1,13086,1,13419,7253,1341,17395,1184,421,9100,7588,9762,1,14058,16453,19514,12652,6174,8230,8263,8846,17077,2429,4381,17549,11422,2246,150,6735,1,23:21
2024-25,1641731,Bilal Coulibaly,Bilal,1610612764,WAS,Washington Wizards,0022400090,2024-10-26T00:00:00,WAS vs. CLE,L,35.155,9.2,16.4,0.563,4.1,9.2,0.444,1.0,1.0,1.0,3.1,3.1,6.1,1.0,3.1,0.0,0.0,0.0,2.0,1.0,23.6,-15.4,29.4,0,0,34.8,1,13222,1,13222,3346,4334,6566,7127,3793,4503,7211,13157,14178,1,5190,16488,11946,19608,6219,12854,8263,8846,14887,17297,5089,20034,15222,2246,150,10217,1,35:09
2024-25,1641708,Amen Thompson,Amen,1610612745,HOU,Houston Rockets,0022400094,2024-10-26T00:00:00,HOU @ SAS,L,19.9,0.0,5.4,0.0,0.0,3.6,0.0,1.8,3.6,0.5,3.6,3.6,7.2,3.6,1.8,0.0,0.0,0.0,3.6,1.8,1.8,-21.7,14.1,0,0,12.7,1,13222,1,13222,16094,22635,23145,22635,15070,16398,15070,11220,8649,10625,4182,14873,9674,11036,11507,12854,8263,8846,8369,13898,23168,22011,23466,2246,150,23820,1,19:54
2024-25,1629111,Jock Landale,Jock,1610612745,HOU,Houston Rockets,0022400094,2024-10-26T00:00:00,HOU @ SAS,L,13.606666666666667,13.2,18.5,0.714,0.0,0.0,0.0,7.9,10.6,0.75,0.0,5.3,5.3,0.0,0.0,0.0,0.0,2.6,0.0,5.3,34.4,-10.6,40.7,0,0,39.7,1,13222,1,13222,20420,940,4202,2752,15070,20945,15070,1440,1163,8186,14058,10048,14063,19908,16469,12854,8263,1813,20257,3642,1060,18140,7308,2246,150,6957,1,13:36
2024-25,1631108,Max Christie,Max,1610612747,LAL,Los Angeles Lakers,0022400096,2024-10-26T00:00:00,LAL vs. SAC,W,17.9,2.0,8.0,0.25,0.0,4.0,0.0,0.0,0.0,0.0,0.0,0.0,0.0,8.0,4.0,4.0,0.0,2.0,4.0,2.0,4.0,-40.2,24.1,0,0,20.1,1,1,13086,1,17630,21391,20180,20233,15070,15527,15070,13505,14344,13505,14058,22137,23286,2843,3837,1610,8263,3197,7081,13034,22543,24856,18849,2246,150,20790,1,17:54
2024-25,1641765,Olivier-Maxence Prosper,Olivier-Maxence,1610612742,DAL,Dallas Mavericks,0022400095,2024-10-26T00:00:00,DAL @ PHX,L,1.0166666666666666,0.0,0.0,0.0,0.0,0.0,0.0,0.0,0.0,0.0,0.0,0.0,0.0,0.0,0.0,0.0,0.0,0.0,0.0,0.0,0.0,0.0,0.0,0,0,0.0,1,13222,1,13222,26053,22635,24836,22635,15070,20945,15070,13505,14344,13505,14058,22137,23286,19908,16469,12854,8263,8846,20257,17725,23200,12240,25228,2246,150,25259,1,1:01
2024-25,203458,Alex Len,Alex,1610612758,SAC,Sacramento Kings,0022400096,2024-10-26T00:00:00,SAC @ LAL,L,9.283333333333333,0.0,7.8,0.0,0.0,3.9,0.0,0.0,0.0,0.0,0.0,7.8,7.8,3.9,7.8,0.0,3.9,3.9,3.9,0.0,0.0,-34.9,19.0,0,0,19.4,1,13222,1,13222,22353,22635,20584,22635,15070,15851,15070,13505,14344,13505,14058,5068,8707,10287,645,12854,987,690,7518,17725,23200,24395,21639,2246,150,21208,1,9:17
2024-25,1630557,Corey Kispert,Corey,1610612764,WAS,Washington Wizards,0022400090,2024-10-26T00:00:00,WAS vs. CLE,L,26.395,5.5,12.3,0.444,2.7,8.2,0.333,0.0,0.0,0.0,0.0,1.4,1.4,2.7,1.4,0.0,0.0,0.0,2.7,0.0,13.6,-13.6,18.0,0,0,20.5,1,13222,1,13222,10824,13116,13124,13045,7457,6110,9209,13505,14344,13505,14058,21165,22747,13827,13492,12854,8263,8846,11922,17725,14340,19356,22088,2246,150,20605,1,26:24
2024-25,1630241,Sam Merrill,Sam,1610612739,CLE,Cleveland Cavaliers,0022400090,2024-10-26T00:00:00,CLE @ WAS,W,19.583333333333332,5.5,14.7,0.375,5.5,12.9,0.429,3.7,3.7,1.0,1.8,1.8,3.7,1.8,1.8,1.8,0.0,1.8,3.7,5.5,20.2,22.1,31.1,0,0,34.9,1,1,13086,1,16344,12952,9043,16299,1722,1360,7394,6336,8532,1,9094,20143,18135,16970,11371,7087,8263,3773,8179,3318,7720,3446,14007,2246,150,10149,1,19:35
2024-25,101108,Chris Paul,Chris,1610612759,SAS,San Antonio Spurs,0022400094,2024-10-26T00:00:00,SAS vs. HOU,W,26.533333333333335,1.4,4.1,0.333,1.4,2.7,0.5,0.0,0.0,0.0,0.0,0.0,0.0,12.2,5.4,1.4,0.0,0.0,2.7,1.4,4.1,-6.8,21.0,0,0,20.4,1,1,13086,1,10701,22341,24061,17395,12620,18234,3944,13505,14344,13505,14058,22137,23286,674,1876,9152,8263,8846,11983,15638,22520,16415,20668,2246,150,20656,1,26:32
2024-25,1628467,Maxi Kleber,Maxi,1610612742,DAL,Dallas Mavericks,0022400095,2024-10-26T00:00:00,DAL @ PHX,L,15.78,2.3,4.6,0.5,0.0,2.3,0.0,0.0,0.0,0.0,0.0,2.3,2.3,4.6,0.0,0.0,0.0,0.0,4.6,4.6,4.6,-9.1,14.1,0,0,11.4,1,13222,1,13222,19089,20886,23765,8526,15070,19023,15070,13505,14344,13505,14058,18819,21241,8502,16469,12854,8263,8846,5643,5025,22256,17489,23456,2246,150,24130,1,15:47
2024-25,1629216,Gabe Vincent,Gabe,1610612747,LAL,Los Angeles Lakers,0022400096,2024-10-26T00:00:00,LAL vs. SAC,W,12.626666666666667,2.9,17.1,0.167,0.0,11.4,0.0,0.0,0.0,0.0,0.0,0.0,0.0,0.0,0.0,2.9,0.0,0.0,2.9,0.0,5.7,-14.3,14.3,0,0,11.4,1,1,13086,1,20932,19769,5693,21938,15070,2173,15070,13505,14344,13505,14058,22137,23286,19908,16469,3548,8263,8846,11416,17725,21591,19602,23415,2246,150,24131,1,12:38
2024-25,1628370,Malik Monk,Malik,1610612758,SAC,Sacramento Kings,0022400096,2024-10-26T00:00:00,SAC @ LAL,L,27.833333333333332,7.8,18.1,0.429,2.6,9.1,0.286,0.0,0.0,0.0,0.0,3.9,3.9,6.5,0.0,1.3,0.0,1.3,3.9,1.3,18.1,25.9,36.3,0,0,33.6,1,13222,1,13222,9684,7147,4553,13735,7871,4733,11433,13505,14344,13505,14058,14093,17621,4761,16469,9498,8263,5688,7512,15936,9727,2634,10122,2246,150,11132,1,27:50
2024-25,1628380,Zach Collins,Zach,1610612759,SAS,San Antonio Spurs,0022400094,2024-10-26T00:00:00,SAS vs. HOU,W,17.8,2.0,8.1,0.25,0.0,0.0,0.0,4.0,4.0,1.0,4.0,12.1,16.2,4.0,0.0,0.0,0.0,0.0,6.1,4.0,8.1,6.1,33.6,0,0,28.3,1,1,13086,1,17706,21362,20103,20233,15070,20945,15070,5615,7748,1,3536,1295,1365,9818,16469,12854,8263,8846,2854,6184,19838,9583,12138,2246,150,15197,1,17:48
2024-25,1631094,Paolo Banchero,Paolo,1610612753,ORL,Orlando Magic,0022400092,2024-10-26T00:00:00,ORL @ MEM,L,36.916666666666664,3.9,11.7,0.333,1.0,3.9,0.25,6.8,12.7,0.538,2.9,3.9,6.8,2.9,2.9,1.0,0.0,1.0,2.9,6.8,15.6,-14.6,28.2,0,0,28.3,1,13222,1,13222,2050,17320,14113,17395,14681,15786,11902,2139,635,10623,5523,14022,10468,13181,6745,12166,8263,8141,11057,1795,12319,19759,16084,2246,150,15225,1,36:55
2024-25,1641717,Cason Wallace,Cason,1610612760,OKC,Oklahoma City Thunder,0022400091,2024-10-26T00:00:00,OKC @ CHI,W,29.296666666666667,4.9,13.5,0.364,0.0,4.9,0.0,1.2,1.2,1.0,1.2,6.1,7.4,2.5,0.0,3.7,0.0,1.2,1.2,2.5,11.1,18.4,34.7,0,0,28.3,1,1,13086,1,8410,14645,10978,16861,15070,13399,15070,12507,13843,1,11614,8015,9421,14691,16469,1985,8263,6068,18386,11137,17132,4428,11329,2246,150,15239,1,29:18
2024-25,1641710,Anthony Black,Anthony,1610612753,ORL,Orlando Magic,0022400092,2024-10-26T00:00:00,ORL @ MEM,L,20.383333333333333,7.1,14.1,0.5,0.0,1.8,0.0,3.5,3.5,1.0,0.0,1.8,1.8,5.3,3.5,0.0,1.8,1.8,3.5,1.8,17.7,-3.5,29.5,0,0,28.3,1,13222,1,13222,15731,8774,9953,8526,15070,19964,15070,6638,8825,1,14058,20321,22208,6821,4945,12854,4130,3987,8654,14052,10153,14814,15156,2246,150,15244,1,20:23
2024-25,1629640,Keldon Johnson,Keldon,1610612759,SAS,San Antonio Spurs,0022400094,2024-10-26T00:00:00,SAS vs. HOU,W,29.433333333333334,6.1,13.5,0.455,1.2,3.7,0.333,6.1,7.3,0.833,1.2,8.6,9.8,0.0,0.0,1.2,0.0,2.4,2.4,6.1,19.6,4.9,35.0,0,0,33.0,1,1,13086,1,8281,11182,11080,12676,13247,16288,9209,2764,3059,7275,11644,3978,5694,19908,16469,9989,8263,2126,13000,2489,8286,10166,11066,2246,150,11639,1,29:26
2024-25,1628981,Bruno Fernando,Bruno,1610612761,TOR,Toronto Raptors,0022400093,2024-10-26T00:00:00,TOR @ MIN,L,12.316666666666666,5.8,11.7,0.5,0.0,0.0,0.0,5.8,5.8,1.0,5.8,2.9,8.8,2.9,5.8,2.9,5.8,0.0,8.8,2.9,17.5,14.6,52.9,0,0,46.8,1,13222,1,13222,21092,11968,14138,8526,15070,20945,15070,3030,4690,1,1712,16999,7075,13192,1508,3338,339,8846,1041,9511,10284,5775,2478,2246,150,3563,1,12:19
2024-25,1628398,Kyle Kuzma,Kyle,1610612764,WAS,Washington Wizards,0022400090,2024-10-26T00:00:00,WAS vs. CLE,L,24.283333333333335,4.4,23.7,0.188,0.0,5.9,0.0,11.9,14.8,0.8,4.4,7.4,11.9,4.4,1.5,0.0,0.0,1.5,0.0,7.4,20.8,-25.2,40.2,0,0,37.1,1,13222,1,13222,12662,15934,1148,21885,15070,10860,15070,355,368,7681,2986,5663,3609,8772,12832,12854,8263,4837,20257,1381,7271,22853,7650,2246,150,8686,1,24:17
2024-25,1631114,Jalen Williams,Jalen,1610612760,OKC,Oklahoma City Thunder,0022400091,2024-10-26T00:00:00,OKC @ CHI,W,32.07,11.2,24.7,0.455,1.1,4.5,0.25,3.4,3.4,1.0,2.2,7.9,10.1,9.0,2.2,0.0,0.0,0.0,1.1,4.5,26.9,5.6,50.3,0,0,47.1,1,1,13086,1,5914,2074,893,12676,13824,14468,11902,6965,9167,1,7442,4934,5323,2040,9331,12854,8263,8846,18979,5168,3235,9789,3183,2246,150,3417,1,32:04
2024-25,1642264,Stephon Castle,Stephon,1610612759,SAS,San Antonio Spurs,0022400094,2024-10-26T00:00:00,SAS vs. HOU,W,26.516666666666666,2.7,10.9,0.25,0.0,2.7,0.0,5.4,8.1,0.667,0.0,1.4,1.4,4.1,4.1,2.7,1.4,0.0,4.1,4.1,10.9,6.8,26.7,0,0,24.4,1,1,13086,1,10712,20049,15588,20233,15070,18229,15070,3497,2412,9425,14058,21170,22751,9735,3736,3876,5416,8846,6932,6117,17307,9243,17123,2246,150,18049,1,26:31
2024-25,1630224,Jalen Green,Jalen,1610612745,HOU,Houston Rockets,0022400094,2024-10-26T00:00:00,HOU @ SAS,L,33.06,10.9,24.0,0.455,3.3,10.9,0.3,6.5,6.5,1.0,1.1,5.4,6.5,5.4,2.2,0.0,0.0,1.1,3.3,4.4,31.6,3.3,45.4,0,0,46.8,1,13222,1,13222,5107,2353,1075,12676,5766,2594,11319,2371,3849,1,12561,9682,11096,6545,9606,12854,8263,7154,9587,5460,1618,10991,4990,2246,150,3540,1,33:04
2024-25,1630577,Julian Champagnie,Julian,1610612759,SAS,San Antonio Spurs,0022400094,2024-10-26T00:00:00,SAS vs. HOU,W,25.216666666666665,5.7,11.4,0.5,2.9,5.7,0.5,2.9,2.9,1.0,4.3,4.3,8.6,0.0,2.9,0.0,0.0,0.0,1.4,1.4,17.1,2.9,24.6,0,0,28.6,1,1,13086,1,11820,12384,14622,8526,7034,11422,3944,8200,10341,1,3190,12856,7370,19908,7009,12854,8263,8846,17516,15333,10699,11192,18567,2246,150,15024,1,25:13
2024-25,1631170,Jaime Jaquez Jr.,Jaime,1610612748,MIA,Miami Heat,0022400088,2024-10-26T00:00:00,MIA @ CHA,W,21.666666666666668,3.3,6.6,0.5,3.3,3.3,1.0,0.0,0.0,0.0,3.3,6.6,10.0,6.6,6.6,1.7,0.0,0.0,3.3,0.0,10.0,21.6,30.2,0,0,33.2,1,1,13086,1,14776,18695,21962,8526,5596,17017,1,13505,14344,13505,4705,7002,5463,4510,1057,7761,8263,8846,9376,17725,18185,3553,14631,2246,150,11472,1,21:40
2024-25,1630581,Josh Giddey,Josh,1610612741,CHI,Chicago Bulls,0022400091,2024-10-26T00:00:00,CHI vs. OKC,L,26.433333333333334,8.2,19.1,0.429,2.7,8.2,0.333,0.0,0.0,0.0,2.7,6.8,9.5,5.4,5.4,0.0,0.0,1.4,2.7,0.0,19.1,-28.6,33.2,0,0,36.8,1,13222,1,13222,10788,6261,3699,13735,7467,6137,9209,13505,14344,13505,6041,6693,6016,6538,1856,12854,8263,5348,11939,17725,8786,23524,12405,2246,150,8862,1,26:26
2024-25,203084,Harrison Barnes,Harrison,1610612759,SAS,San Antonio Spurs,0022400094,2024-10-26T00:00:00,SAS vs. HOU,W,27.706666666666667,5.2,7.8,0.667,2.6,3.9,0.667,1.3,1.3,1.0,0.0,3.9,3.9,1.3,0.0,0.0,1.3,0.0,0.0,1.3,14.3,3.9,24.8,0,0,24.7,1,1,13086,1,9786,13832,20539,3281,7835,15801,1957,12305,13731,1,14058,14035,17577,18661,16469,12854,5652,8846,20257,15914,13617,10704,18409,2246,150,17898,1,27:42
2024-25,1630567,Scottie Barnes,Scottie,1610612761,TOR,Toronto Raptors,0022400093,2024-10-26T00:00:00,TOR @ MIN,L,36.81666666666667,8.8,18.6,0.474,1.0,3.9,0.25,1.0,2.0,0.5,2.9,4.9,7.8,5.9,5.9,1.0,0.0,1.0,3.9,2.0,19.6,-12.7,34.8,0,0,36.2,1,13222,1,13222,2116,5080,4145,12072,14667,15759,11902,13299,12845,10625,5500,11191,8578,5733,1494,12145,8263,8118,7409,13297,8302,19025,11189,2246,150,9237,1,36:49
2024-25,1630643,Jay Huff,Jay,1610612763,MEM,Memphis Grizzlies,0022400092,2024-10-26T00:00:00,MEM vs. ORL,W,19.133333333333333,13.2,16.9,0.778,5.6,9.4,0.6,1.9,1.9,1.0,0.0,3.8,3.8,0.0,0.0,0.0,1.9,0.0,1.9,1.9,33.9,7.5,44.0,0,0,47.0,1,1,13086,1,16723,961,5878,1994,1617,4242,2992,11010,13025,1,14058,14433,17910,19908,16469,12854,3821,8846,15776,13580,1153,8872,5657,2246,150,3462,1,19:08
2024-25,1629673,Jordan Poole,Jordan,1610612764,WAS,Washington Wizards,0022400090,2024-10-26T00:00:00,WAS vs. CLE,L,23.75,6.1,13.6,0.444,6.1,10.6,0.571,3.0,3.0,1.0,0.0,1.5,1.5,9.1,1.5,4.5,0.0,0.0,3.0,6.1,21.2,-25.8,48.8,0,0,47.0,1,13222,1,13222,13112,11331,10751,13045,1263,2867,3506,7715,9901,1,14058,20845,22552,1942,12676,1192,8263,8846,10572,2541,6909,22979,3694,2246,150,3476,1,23:45
2024-25,1642273,Kyshawn George,Kyshawn,1610612764,WAS,Washington Wizards,0022400090,2024-10-26T00:00:00,WAS vs. CLE,L,26.561666666666667,0.0,9.5,0.0,0.0,5.4,0.0,2.7,5.4,0.5,2.7,2.7,5.4,5.4,2.7,0.0,5.4,1.4,6.8,4.1,2.7,-2.7,30.9,0,0,24.4,1,13222,1,13222,10681,22635,17975,22635,15070,12159,15070,8550,5285,10625,6071,17665,13756,6587,7497,12854,413,5378,2161,6127,23022,14411,14127,2246,150,18082,1,26:34
2024-25,1628389,Bam Adebayo,Bam,1610612748,MIA,Miami Heat,0022400088,2024-10-26T00:00:00,MIA @ CHA,W,32.61666666666667,6.6,18.8,0.353,0.0,2.2,0.0,0.0,1.1,0.0,4.4,7.7,12.1,3.3,1.1,1.1,1.1,0.0,1.1,2.2,13.2,0.0,38.3,1,0,33.1,1,1,13086,1,5465,9877,3961,17268,15070,19154,15070,13505,14036,13505,3032,5120,3385,11941,15108,10987,6765,8846,19076,12129,14818,12240,8832,1,150,11559,1,32:37
2024-25,1642377,Jaylen Wells,Jaylen,1610612763,MEM,Memphis Grizzlies,0022400092,2024-10-26T00:00:00,MEM vs. ORL,W,17.565,4.1,12.3,0.333,2.0,2.0,1.0,4.1,4.1,1.0,2.0,2.0,4.1,4.1,0.0,0.0,0.0,0.0,0.0,2.0,14.3,-36.9,25.4,0,0,24.6,1,1,13086,1,17884,16845,13084,17395,9915,19458,1,5525,7630,1,8166,19509,17064,9665,16469,12854,8263,8846,20257,12843,13555,24607,17982,2246,150,17952,1,17:34
2024-25,1641763,Julian Phillips,Julian,1610612741,CHI,Chicago Bulls,0022400091,2024-10-26T00:00:00,CHI vs. OKC,L,14.936666666666667,7.2,14.5,0.5,4.8,12.1,0.4,2.4,2.4,1.0,0.0,2.4,2.4,0.0,0.0,2.4,0.0,0.0,2.4,2.4,21.7,-33.7,31.8,0,0,33.7,1,13222,1,13222,19613,8378,9419,8526,2529,1752,7874,9308,11457,1,14058,18453,20989,19908,16469,4666,8263,8846,13151,11311,6470,24269,13467,2246,150,11046,1,14:56
2024-25,202709,Cory Joseph,Cory,1610612753,ORL,Orlando Magic,0022400092,2024-10-26T00:00:00,ORL @ MEM,L,4.883333333333334,7.4,7.4,1.0,7.4,7.4,1.0,0.0,0.0,0.0,0.0,0.0,0.0,7.4,0.0,0.0,0.0,0.0,0.0,0.0,22.1,81.1,33.2,0,0,36.9,1,13222,1,13222,24022,8070,21106,1,644,7674,1,13505,14344,13505,14058,22137,23286,3542,16469,12854,8263,8846,20257,17725,6124,147,12452,2246,150,8808,1,4:53
2024-25,202710,Jimmy Butler III,Jimmy,1610612748,MIA,Miami Heat,0022400088,2024-10-26T00:00:00,MIA @ CHA,W,36.9,6.8,14.6,0.467,1.0,2.9,0.333,10.7,16.6,0.647,3.9,3.9,7.8,7.8,1.0,2.0,1.0,2.0,2.0,11.7,25.4,-3.9,54.2,0,0,47.8,1,1,13086,1,2059,9353,9152,12249,14678,17807,9209,529,238,10249,3720,14015,8610,3074,15993,6493,7651,3380,15401,218,4016,15015,2152,2246,150,3221,1,36:54
2024-25,1630696,Dru Smith,Dru,1610612748,MIA,Miami Heat,0022400088,2024-10-26T00:00:00,MIA @ CHA,W,2.8466666666666667,0.0,0.0,0.0,0.0,0.0,0.0,0.0,0.0,0.0,12.6,0.0,12.6,12.6,12.6,0.0,0.0,0.0,37.9,0.0,0.0,-25.3,21.5,0,0,25.3,1,1,13086,1,25049,22635,24836,22635,15070,20945,15070,13505,14344,13505,213,22137,3037,594,185,12854,8263,8846,18,17725,23200,22870,20412,2246,150,17443,1,2:51
2024-25,1630559,Austin Reaves,Austin,1610612747,LAL,Los Angeles Lakers,0022400096,2024-10-26T00:00:00,LAL vs. SAC,W,33.53333333333333,7.5,12.9,0.583,2.1,4.3,0.5,0.0,0.0,0.0,4.3,3.2,7.5,6.4,6.4,0.0,0.0,0.0,3.2,0.0,17.2,-21.5,29.4,0,0,33.3,1,1,13086,1,4698,7734,12069,6296,9472,14924,3944,13505,14344,13505,3173,16016,9141,4801,1159,12854,8263,8846,9778,17725,10654,21958,15200,2246,150,11425,1,33:32
2024-25,201935,James Harden,James,1610612746,LAC,LA Clippers,0022400087,2024-10-26T00:00:00,LAC @ DEN,W,37.75,4.8,10.5,0.455,1.0,4.8,0.2,11.4,12.4,0.923,0.0,5.7,5.7,15.3,6.7,1.0,1.0,1.9,4.8,6.7,21.9,2.9,50.7,1,0,47.7,1,1,13086,1,1539,15061,16235,12676,14775,13787,13429,412,681,6735,14058,8991,12958,273,1041,12322,7796,3522,5135,1926,6264,11187,3063,1,150,3256,1,37:45
2024-25,1629645,Kevin Porter Jr.,Kevin,1610612746,LAC,LA Clippers,0022400087,2024-10-26T00:00:00,LAC @ DEN,W,14.8,4.9,24.3,0.2,0.0,7.3,0.0,0.0,0.0,0.0,2.4,2.4,4.9,2.4,4.9,0.0,0.0,0.0,2.4,2.4,9.7,19.5,14.4,0,0,17.0,1,1,13086,1,19704,14759,969,21401,15070,7822,15070,13505,14344,13505,6830,18380,15144,14763,2506,12854,8263,8846,13060,11214,18415,4121,23382,2246,150,22295,1,14:48
2024-25,204060,Joe Ingles,Joe,1610612750,MIN,Minnesota Timberwolves,0022400093,2024-10-26T00:00:00,MIN vs. TOR,W,5.6,0.0,0.0,0.0,0.0,0.0,0.0,0.0,0.0,0.0,6.4,0.0,6.4,25.7,0.0,0.0,0.0,0.0,19.3,0.0,0.0,6.4,46.3,0,0,32.1,1,1,13086,1,23743,22635,24836,22635,15070,20945,15070,13505,14344,13505,1404,22137,11317,36,16469,12854,8263,8846,127,17725,23200,9406,4632,2246,150,12268,1,5:36
2024-25,1629637,Jaxson Hayes,Jaxson,1610612747,LAL,Los Angeles Lakers,0022400096,2024-10-26T00:00:00,LAL vs. SAC,W,14.466666666666667,5.0,5.0,1.0,0.0,0.0,0.0,0.0,0.0,0.0,2.5,2.5,5.0,2.5,0.0,0.0,0.0,0.0,5.0,2.5,10.0,59.7,19.7,0,0,17.4,1,1,13086,1,19896,14462,23482,1,15070,20945,15070,13505,14344,13505,6644,18216,14855,14581,16469,12854,8263,8846,4664,11034,18197,371,21334,2246,150,22121,1,14:28
2024-25,202691,Klay Thompson,Klay,1610612742,DAL,Dallas Mavericks,0022400095,2024-10-26T00:00:00,DAL @ PHX,L,33.348333333333336,7.6,17.3,0.438,5.4,13.0,0.417,0.0,0.0,0.0,0.0,3.2,3.2,1.1,1.1,1.1,0.0,0.0,4.3,1.1,20.5,-1.1,28.2,0,0,32.4,1,13222,1,13222,4864,7630,5485,13558,1854,1319,7826,13505,14344,13505,14058,15969,19135,19416,15280,11196,8263,8846,6222,17005,7484,13593,16089,2246,150,12076,1,33:21
2024-25,1642419,Jamison Battle,Jamison,1610612761,TOR,Toronto Raptors,0022400093,2024-10-26T00:00:00,TOR @ MIN,L,18.80666666666667,5.7,15.3,0.375,1.9,7.7,0.25,3.8,3.8,1.0,3.8,7.7,11.5,1.9,0.0,0.0,0.0,1.9,0.0,1.9,17.2,7.7,33.9,0,0,32.5,1,13222,1,13222,16960,12292,8095,16299,10569,7070,11902,6026,8183,1,3840,5228,3971,16705,16469,12854,8263,3499,20257,13462,10602,8798,11905,2246,150,11976,1,18:48
2024-25,1628420,Monté Morris,Monté,1610612756,PHX,Phoenix Suns,0022400095,2024-10-26T00:00:00,PHX vs. DAL,W,16.466666666666665,4.4,15.3,0.286,2.2,8.7,0.25,6.6,8.7,0.75,2.2,4.4,6.6,6.6,2.2,0.0,0.0,0.0,0.0,6.6,17.5,13.1,33.0,0,0,32.8,1,1,13086,1,18617,16141,8110,19630,9286,5187,11902,2354,2022,8186,7628,12593,11038,4629,9566,12854,8263,8846,20257,2024,10330,6338,12584,2246,150,11811,1,16:28
2024-25,1631105,Jalen Duren,Jalen,1610612765,DET,Detroit Pistons,0022400089,2024-10-26T00:00:00,DET vs. BOS,L,28.72833333333333,8.8,8.8,1.0,0.0,0.0,0.0,1.3,2.5,0.5,3.8,7.5,11.3,2.5,2.5,0.0,2.5,0.0,1.3,1.3,18.8,-6.3,41.1,0,0,37.6,1,13222,1,13222,8898,5137,19072,1,15070,20945,15070,12444,11194,10625,3953,5464,4165,14529,8226,12854,2368,8846,18262,16120,9041,16193,7118,2246,150,8299,1,28:44
2024-25,1628991,Jaren Jackson Jr.,Jaren,1610612763,MEM,Memphis Grizzlies,0022400092,2024-10-26T00:00:00,MEM vs. ORL,W,22.536666666666665,6.4,16.0,0.4,0.0,3.2,0.0,8.0,14.4,0.556,1.6,4.8,6.4,1.6,1.6,1.6,0.0,3.2,4.8,12.8,20.8,41.5,34.0,0,0,31.9,1,1,13086,1,14082,10478,7147,14933,15070,17282,15070,1420,401,10597,9935,11458,11429,17659,12349,7994,8263,1158,5079,167,7261,875,11784,2246,150,12428,1,22:32
2024-25,1631093,Jaden Ivey,Jaden,1610612765,DET,Detroit Pistons,0022400089,2024-10-26T00:00:00,DET vs. BOS,L,38.88333333333333,9.3,16.7,0.556,1.9,4.6,0.4,3.7,4.6,0.8,1.9,2.8,4.6,5.6,0.9,0.9,0.0,0.9,1.9,3.7,24.1,-13.9,39.8,0,0,38.0,1,13222,1,13222,922,4275,6225,7248,10872,14136,7874,6285,6615,7681,9036,17474,15753,6332,16260,12534,8263,8526,15936,7124,4754,19458,7874,2246,150,8053,1,38:53
2024-25,1630163,LaMelo Ball,LaMelo,1610612766,CHA,Charlotte Hornets,0022400088,2024-10-26T00:00:00,CHA vs. MIA,L,36.516666666666666,8.9,21.7,0.409,2.0,9.9,0.2,6.9,7.9,0.875,2.0,5.9,7.9,6.9,4.9,1.0,0.0,1.0,4.9,6.9,26.6,-3.0,44.5,0,0,45.3,1,13222,1,13222,2328,4928,1950,14895,10291,3652,13429,2073,2598,6931,8517,8517,8486,4130,2424,12075,8263,8043,4777,1728,3379,14554,5438,2246,150,4088,1,36:31
2024-25,1629684,Grant Williams,Grant,1610612766,CHA,Charlotte Hornets,0022400088,2024-10-26T00:00:00,CHA vs. MIA,L,19.3,3.7,13.1,0.286,3.7,9.3,0.4,1.9,3.7,0.5,1.9,1.9,3.7,1.9,3.7,1.9,0.0,0.0,0.0,1.9,13.1,-18.7,22.2,0,0,26.1,1,13222,1,13222,16572,17748,11762,19630,4620,4342,7874,11066,8410,10625,8964,20060,17987,16876,4479,6945,8263,8846,20257,13666,15030,21118,20028,2246,150,16859,1,19:18
2024-25,1631172,Ousmane Dieng,Ousmane,1610612760,OKC,Oklahoma City Thunder,0022400091,2024-10-26T00:00:00,OKC @ CHI,W,20.433333333333334,3.5,12.3,0.286,0.0,7.0,0.0,3.5,5.3,0.667,0.0,10.6,10.6,1.8,0.0,0.0,1.8,0.0,0.0,3.5,10.6,10.6,31.2,0,0,26.4,1,1,13086,1,15684,18266,13028,19630,15070,8365,15070,6659,5488,9425,14058,2176,4840,17191,16469,12854,4138,8846,20257,7598,17591,7434,13911,2246,150,16597,1,20:26
2024-25,1629652,Luguentz Dort,Luguentz,1610612760,OKC,Oklahoma City Thunder,0022400091,2024-10-26T00:00:00,OKC @ CHI,W,24.73,2.9,7.3,0.4,1.5,4.4,0.333,2.9,2.9,1.0,0.0,2.9,2.9,1.5,1.5,0.0,0.0,0.0,0.0,1.5,10.2,23.3,14.4,0,0,16.0,1,1,13086,1,12250,19627,21235,14933,12228,14767,9209,8055,10198,1,14058,17039,19959,18157,12984,12854,8263,8846,20257,15214,17963,3198,23359,2246,150,22700,1,24:44
2024-25,203897,Zach LaVine,Zach,1610612741,CHI,Chicago Bulls,0022400091,2024-10-26T00:00:00,CHI vs. OKC,L,34.266666666666666,6.3,13.7,0.462,4.2,9.5,0.444,6.3,7.4,0.857,0.0,9.5,9.5,3.2,7.4,2.1,1.1,1.1,1.1,3.2,23.1,-11.6,41.3,0,0,46.2,1,13222,1,13222,4042,10697,10723,12428,3555,4172,7211,2589,3046,7071,14058,3067,6108,12474,760,5778,7131,7484,19406,8726,5407,18553,6994,2246,150,3737,1,34:16
2024-25,1631207,Dalen Terry,Dalen,1610612741,CHI,Chicago Bulls,0022400091,2024-10-26T00:00:00,CHI vs. OKC,L,4.433333333333334,8.1,8.1,1.0,0.0,0.0,0.0,0.0,0.0,0.0,0.0,0.0,0.0,0.0,8.1,0.0,0.0,0.0,0.0,0.0,16.2,8.1,8.1,0,0,16.2,1,13222,1,13222,24272,6363,20050,1,15070,20945,15070,13505,14344,13505,14058,22137,23286,19908,563,12854,8263,8846,20257,17725,11667,8571,24679,2246,150,22608,1,4:26
2024-25,1629659,Talen Horton-Tucker,Talen,1610612741,CHI,Chicago Bulls,0022400091,2024-10-26T00:00:00,CHI vs. OKC,L,4.433333333333334,0.0,0.0,0.0,0.0,0.0,0.0,16.2,16.2,1.0,8.1,8.1,16.2,0.0,16.2,0.0,0.0,0.0,0.0,8.1,16.2,8.1,19.5,0,0,32.5,1,13222,1,13222,24272,22635,24836,22635,15070,20945,15070,135,258,1,741,4530,1344,19908,92,12854,8263,8846,20257,954,11667,8571,21412,2246,150,12002,1,4:26
2024-25,201142,Kevin Durant,Kevin,1610612756,PHX,Phoenix Suns,0022400095,2024-10-26T00:00:00,PHX vs. DAL,W,39.36666666666667,9.1,19.2,0.476,3.7,7.3,0.5,6.4,8.2,0.778,0.0,8.2,8.2,1.8,0.9,0.9,0.9,0.9,0.0,6.4,28.3,10.1,45.5,0,0,45.7,1,1,13086,1,761,4450,3588,12010,4788,7788,3944,2499,2365,8092,14058,4379,7891,16999,16304,12595,8023,8585,20257,2181,2655,7671,4921,2246,150,3923,1,39:22
2024-25,201942,DeMar DeRozan,DeMar,1610612758,SAC,Sacramento Kings,0022400096,2024-10-26T00:00:00,SAC @ LAL,L,37.215,8.7,11.6,0.75,1.9,2.9,0.667,2.9,3.9,0.75,0.0,0.0,0.0,2.9,1.9,2.9,0.0,0.0,1.9,3.9,22.2,-8.7,33.4,0,0,32.9,1,13222,1,13222,1856,5261,14288,2107,10482,17865,1957,8094,8095,8186,14058,22137,23286,13270,10876,3405,8263,8846,15491,6653,6045,17291,12280,2246,150,11735,1,37:13
2024-25,1630171,Isaac Okoro,Isaac,1610612739,CLE,Cleveland Cavaliers,0022400090,2024-10-26T00:00:00,CLE @ WAS,W,18.911666666666665,0.0,7.6,0.0,0.0,1.9,0.0,5.7,9.5,0.6,5.7,3.8,9.5,1.9,1.9,3.8,3.8,5.7,3.8,3.8,5.7,7.6,40.9,0,0,32.4,1,1,13086,1,16903,22635,20769,22635,15070,19731,15070,3175,1592,10343,1807,14296,6034,16739,11020,1842,1026,244,7713,6831,21585,8823,7213,2246,150,12097,1,18:55
2024-25,1630596,Evan Mobley,Evan,1610612739,CLE,Cleveland Cavaliers,0022400090,2024-10-26T00:00:00,CLE @ WAS,W,32.3,4.5,14.5,0.308,0.0,2.2,0.0,5.6,7.8,0.714,1.1,13.4,14.5,4.5,2.2,0.0,2.2,2.2,4.5,4.5,14.5,15.6,43.0,1,0,37.9,1,1,13086,1,5727,15899,9374,19226,15070,19116,15070,3340,2665,9244,12362,904,2000,8749,9385,12854,2886,2585,5871,5230,13423,5388,6132,1,150,8084,1,32:18
2024-25,201587,Nicolas Batum,Nicolas,1610612746,LAC,LA Clippers,0022400087,2024-10-26T00:00:00,LAC @ DEN,W,21.505,0.0,0.0,0.0,0.0,0.0,0.0,1.7,3.3,0.5,1.7,5.0,6.7,5.0,0.0,0.0,1.7,0.0,5.0,3.3,1.7,28.5,22.3,0,0,16.7,1,1,13086,1,14934,22635,24836,22635,15070,20945,15070,11467,9200,10625,9660,10821,10739,7414,16469,12854,4350,8846,4561,8099,23173,2192,20000,2246,150,22414,1,21:30
2024-25,1641842,Ronald Holland II,Ronald,1610612765,DET,Detroit Pistons,0022400089,2024-10-26T00:00:00,DET vs. BOS,L,6.216666666666667,11.6,23.2,0.5,5.8,17.4,0.333,0.0,0.0,0.0,0.0,5.8,5.8,5.8,0.0,0.0,0.0,0.0,11.6,0.0,29.0,-57.9,44.6,0,0,46.3,1,13222,1,13222,23504,1817,1332,8526,1485,383,9209,13505,14344,13505,14058,8806,12777,5870,16469,12854,8263,8846,459,17725,2438,25630,5369,2246,150,3711,1,6:13
2024-25,1641715,Cam Whitmore,Cam,1610612745,HOU,Houston Rockets,0022400094,2024-10-26T00:00:00,HOU @ SAS,L,20.773333333333333,6.9,17.3,0.4,0.0,5.2,0.0,3.5,5.2,0.667,1.7,3.5,5.2,0.0,0.0,0.0,1.7,3.5,0.0,6.9,17.3,10.4,28.8,0,0,26.0,1,13222,1,13222,15444,9093,5419,14933,15070,12705,15070,6764,5612,9425,9467,15333,14275,19908,16469,12854,4217,944,20257,1705,10495,7513,15663,2246,150,16937,1,20:46
2024-25,1630175,Cole Anthony,Cole,1610612753,ORL,Orlando Magic,0022400092,2024-10-26T00:00:00,ORL @ MEM,L,7.598333333333334,9.5,14.2,0.667,0.0,4.7,0.0,0.0,0.0,0.0,0.0,0.0,0.0,9.5,9.5,4.7,0.0,0.0,4.7,0.0,19.0,-52.1,37.9,0,0,37.9,1,13222,1,13222,22956,3910,9808,3281,15070,13875,15070,13505,14344,13505,14058,22137,23286,1714,374,1061,8263,8846,5195,17725,8904,25475,9077,2246,150,8081,1,7:36
2024-25,201143,Al Horford,Al,1610612738,BOS,Boston Celtics,0022400089,2024-10-26T00:00:00,BOS @ DET,W,31.983333333333334,6.8,11.3,0.6,5.6,9.0,0.625,0.0,0.0,0.0,2.3,3.4,5.6,1.1,0.0,3.4,0.0,0.0,0.0,0.0,19.1,23.6,37.7,0,0,38.3,1,1,13086,1,5982,9552,14919,5394,1642,4821,2868,13505,14344,13505,7411,15580,13218,19272,16469,2429,8263,8846,20257,17725,8709,3119,9220,2246,150,7853,1,31:59
2024-25,1641726,Dereck Lively II,Dereck,1610612742,DAL,Dallas Mavericks,0022400095,2024-10-26T00:00:00,DAL @ PHX,L,21.286666666666665,3.4,3.4,1.0,0.0,0.0,0.0,1.7,3.4,0.5,6.8,11.8,18.6,5.1,1.7,0.0,0.0,0.0,5.1,1.7,8.5,-27.1,36.7,0,0,32.1,1,13222,1,13222,15077,18582,24354,1,15070,20945,15070,11434,9135,10625,1248,1450,774,7308,11958,12854,8263,8846,4440,14306,19559,23253,9890,2246,150,12276,1,21:17
2024-25,1629655,Daniel Gafford,Daniel,1610612742,DAL,Dallas Mavericks,0022400095,2024-10-26T00:00:00,DAL @ PHX,L,18.15,6.0,13.9,0.429,0.0,0.0,0.0,2.0,4.0,0.5,7.9,7.9,15.9,7.9,2.0,0.0,0.0,2.0,4.0,6.0,13.9,-2.0,42.8,0,0,37.7,1,13222,1,13222,17469,11651,10371,13735,15070,20945,15070,10705,7904,10625,807,4802,1468,2964,10598,12854,8263,3278,7227,2684,14065,14034,6199,2246,150,8232,1,18:09
2024-25,1630598,Aaron Wiggins,Aaron,1610612760,OKC,Oklahoma City Thunder,0022400091,2024-10-26T00:00:00,OKC @ CHI,W,15.716666666666667,9.2,16.0,0.571,0.0,4.6,0.0,0.0,0.0,0.0,2.3,4.6,6.9,2.3,4.6,2.3,0.0,0.0,11.5,2.3,18.3,38.9,32.3,0,0,32.1,1,1,13086,1,19121,4417,7063,6538,15070,14234,15070,13505,14344,13505,7273,12042,10379,15269,2877,5076,8263,8846,482,11792,9493,1049,13090,2246,150,12332,1,15:43
2024-25,1642267,Bub Carrington,Bub,1610612764,WAS,Washington Wizards,0022400090,2024-10-26T00:00:00,WAS vs. CLE,L,25.283333333333335,2.8,11.4,0.25,2.8,5.7,0.5,5.7,5.7,1.0,0.0,2.8,2.8,5.7,2.8,0.0,0.0,2.8,7.1,5.7,14.2,-21.4,23.4,0,0,25.6,1,13222,1,13222,11759,19780,14678,20233,7055,11461,3944,3185,4895,1,14058,17247,20122,6050,7039,12854,8263,1535,1878,3040,13684,21927,19342,2246,150,17191,1,25:17
2024-25,1631217,Moussa Diabaté,Moussa,1610612766,CHA,Charlotte Hornets,0022400088,2024-10-26T00:00:00,CHA vs. MIA,L,7.863333333333333,9.2,9.2,1.0,0.0,0.0,0.0,4.6,9.2,0.5,9.2,0.0,9.2,0.0,4.6,0.0,0.0,0.0,9.2,4.6,22.9,4.6,29.3,0,0,32.0,1,13222,1,13222,22866,4430,18472,1,15070,20945,15070,4717,1791,10625,524,22137,6502,19908,2883,12854,8263,8846,909,4986,5562,10351,15279,2246,150,12345,1,7:52
2024-25,203935,Marcus Smart,Marcus,1610612763,MEM,Memphis Grizzlies,0022400092,2024-10-26T00:00:00,MEM vs. ORL,W,21.35,6.7,13.5,0.5,1.7,5.1,0.333,0.0,0.0,0.0,0.0,0.0,0.0,5.1,3.4,3.4,1.7,3.4,1.7,1.7,15.2,23.6,34.6,0,0,32.0,1,1,13086,1,15033,9583,11022,8526,11442,13054,9209,13505,14344,13505,14058,22137,23286,7336,5300,2437,4326,1014,16578,14317,12738,3128,11400,2246,150,12361,1,21:21
2024-25,1629023,P.J. Washington,P.J.,1610612742,DAL,Dallas Mavericks,0022400095,2024-10-26T00:00:00,DAL @ PHX,L,35.28333333333333,2.0,10.2,0.2,1.0,5.1,0.2,0.0,0.0,0.0,2.0,4.1,6.1,0.0,1.0,1.0,1.0,0.0,4.1,0.0,5.1,-3.1,17.5,0,0,16.3,1,13222,1,13222,3254,21330,16725,21401,14418,12951,13429,13505,14344,13505,8204,13474,11988,19908,15706,11757,7342,8846,6894,17725,21954,14600,22282,2246,150,22575,1,35:17
2024-25,1628970,Miles Bridges,Miles,1610612766,CHA,Charlotte Hornets,0022400088,2024-10-26T00:00:00,CHA vs. MIA,L,34.78666666666667,6.2,14.5,0.429,2.1,6.2,0.333,2.1,4.1,0.5,2.1,7.2,9.3,2.1,2.1,0.0,1.0,3.1,2.1,4.1,16.6,0.0,31.9,0,0,32.1,1,13222,1,13222,3625,10953,9379,13735,9819,10181,9209,10404,7552,10625,8082,5921,6302,16117,10157,12854,7239,1233,14755,5962,11328,12240,13422,2246,150,12317,1,34:47
2024-25,1631099,Keegan Murray,Keegan,1610612758,SAC,Sacramento Kings,0022400096,2024-10-26T00:00:00,SAC @ LAL,L,39.75,4.5,10.0,0.455,1.8,6.3,0.286,1.8,1.8,1.0,0.9,2.7,3.6,0.9,0.9,1.8,1.8,0.9,1.8,0.9,12.7,7.2,28.3,0,0,26.3,1,13222,1,13222,635,15678,17122,12676,11030,9893,11433,11216,13175,1,13886,17645,18272,19862,16337,7199,4035,8633,16121,17654,15415,9020,15963,2246,150,16742,1,39:45
2024-25,1627747,Caris LeVert,Caris,1610612739,CLE,Cleveland Cavaliers,0022400090,2024-10-26T00:00:00,CLE @ WAS,W,19.183333333333334,5.6,7.5,0.75,3.8,3.8,1.0,3.8,3.8,1.0,0.0,0.0,0.0,7.5,0.0,0.0,3.8,0.0,1.9,3.8,18.8,11.3,41.3,0,0,37.5,1,1,13086,1,16683,12615,20916,2107,4564,16088,1,6176,8363,1,14058,22137,23286,3391,16469,12854,1057,8846,15803,6978,9063,7118,6997,2246,150,8338,1,19:11
2024-25,1630595,Cade Cunningham,Cade,1610612765,DET,Detroit Pistons,0022400089,2024-10-26T00:00:00,DET vs. BOS,L,40.516666666666666,8.0,19.5,0.409,1.8,7.1,0.25,0.9,2.7,0.333,0.0,5.3,5.3,8.9,6.2,0.9,3.6,2.7,1.8,0.9,18.7,2.7,45.5,1,0,43.5,1,13222,1,13222,449,6642,3306,14895,11159,8241,11902,13461,10826,13132,14058,9951,13966,2116,1262,12711,1185,1788,16280,17677,9157,11287,4940,1,150,4910,1,40:31
2024-25,1629636,Darius Garland,Darius,1610612739,CLE,Cleveland Cavaliers,0022400090,2024-10-26T00:00:00,CLE @ WAS,W,23.938333333333333,13.5,16.5,0.818,6.0,7.5,0.8,1.5,1.5,1.0,0.0,3.0,3.0,7.5,6.0,3.0,0.0,0.0,6.0,3.0,34.6,25.6,52.5,0,0,57.1,1,1,13086,1,12961,841,6374,1653,1293,7360,1389,11789,13483,1,14058,16690,19705,3373,1368,3124,8263,8846,2924,9213,1029,2701,2592,2246,150,1142,1,23:56
2024-25,1628963,Marvin Bagley III,Marvin,1610612764,WAS,Washington Wizards,0022400090,2024-10-26T00:00:00,WAS vs. CLE,L,9.766666666666667,7.4,18.4,0.4,0.0,7.4,0.0,18.4,18.4,1.0,11.1,11.1,22.1,0.0,7.4,0.0,3.7,0.0,3.7,18.4,33.2,7.4,63.4,0,0,62.7,1,13222,1,13222,22187,8070,4269,14933,15070,7674,15070,95,173,1,307,1879,331,19908,751,12854,1089,8846,8136,59,1291,8948,846,2246,150,600,1,9:46
2024-25,1627736,Malik Beasley,Malik,1610612765,DET,Detroit Pistons,0022400089,2024-10-26T00:00:00,DET vs. BOS,L,20.321666666666665,8.9,17.7,0.5,8.9,14.2,0.625,3.5,3.5,1.0,0.0,5.3,5.3,0.0,1.8,0.0,0.0,0.0,0.0,1.8,30.1,1.8,34.7,0,0,44.3,1,13222,1,13222,15768,4960,4997,8526,314,878,2868,6617,8805,1,14058,9997,14007,19908,11666,12854,8263,8846,20257,14035,2039,11757,11268,2246,150,4561,1,20:19
2024-25,1629639,Tyler Herro,Tyler,1610612748,MIA,Miami Heat,0022400088,2024-10-26T00:00:00,MIA @ CHA,W,32.61666666666667,7.7,16.6,0.467,3.3,7.7,0.429,5.5,6.6,0.833,1.1,4.4,5.5,5.5,3.3,1.1,0.0,1.1,3.3,4.4,24.3,0.0,39.2,0,0,40.8,1,1,13086,1,5465,7211,6362,12249,5624,6947,7394,3392,3742,7275,12442,12491,13489,6389,5475,10987,8263,7010,9415,5309,4624,12240,8283,2246,150,6301,1,32:37
2024-25,1630532,Franz Wagner,Franz,1610612753,ORL,Orlando Magic,0022400092,2024-10-26T00:00:00,ORL @ MEM,L,34.333333333333336,7.3,16.8,0.438,4.2,10.5,0.4,5.2,6.3,0.833,1.0,6.3,7.3,3.1,6.3,2.1,0.0,1.0,2.1,4.2,24.1,-17.8,37.6,0,0,43.0,1,13222,1,13222,3975,8147,6078,13558,3577,2993,7874,3720,4138,7275,12886,7711,9495,12493,1229,5800,8263,7507,14621,5860,4722,20874,9257,2246,150,5146,1,34:20
2024-25,1628983,Shai Gilgeous-Alexander,Shai,1610612760,OKC,Oklahoma City Thunder,0022400091,2024-10-26T00:00:00,OKC @ CHI,W,29.496666666666666,11.0,25.6,0.429,2.4,11.0,0.222,3.7,3.7,1.0,2.4,7.3,9.8,2.4,1.2,4.9,0.0,0.0,1.2,2.4,28.1,28.1,56.9,0,0,52.5,1,1,13086,1,8232,2268,705,13735,8343,2503,13288,6364,8562,1,6802,5796,5725,14731,14291,975,8263,8846,18420,11197,2756,2258,1663,2246,150,1927,1,29:30
2024-25,1628386,Jarrett Allen,Jarrett,1610612739,CLE,Cleveland Cavaliers,0022400090,2024-10-26T00:00:00,CLE @ WAS,W,25.066666666666666,14.4,14.4,1.0,0.0,0.0,0.0,4.3,5.7,0.75,1.4,5.7,7.2,1.4,0.0,1.4,2.9,0.0,1.4,5.7,33.0,18.7,56.7,0,0,50.3,1,1,13086,1,11944,610,9589,1,15070,20945,15070,5133,4821,8186,10593,8934,9782,18215,16469,8716,1855,8846,17488,2976,1313,4355,1685,2246,150,2457,1,25:04
2024-25,1631216,Caleb Houstan,Caleb,1610612753,ORL,Orlando Magic,0022400092,2024-10-26T00:00:00,ORL @ MEM,L,4.883333333333334,14.7,22.1,0.667,14.7,22.1,0.667,0.0,0.0,0.0,0.0,0.0,0.0,0.0,0.0,0.0,0.0,0.0,7.4,0.0,44.2,81.1,44.2,0,0,59.0,1,13222,1,13222,24022,542,1766,3281,79,170,1957,13505,14344,13505,14058,22137,23286,19908,16469,12854,8263,8846,1729,17725,275,147,5554,2246,150,920,1,4:53
2024-25,1628378,Donovan Mitchell,Donovan,1610612739,CLE,Cleveland Cavaliers,0022400090,2024-10-26T00:00:00,CLE @ WAS,W,29.3,13.5,22.1,0.611,7.4,13.5,0.545,2.5,3.7,0.667,1.2,3.7,4.9,6.1,6.1,4.9,0.0,1.2,1.2,3.7,36.9,22.1,60.6,0,0,65.1,1,1,13086,1,8400,846,1766,5351,644,1087,3863,9178,8504,9425,11615,14673,15019,5261,1298,950,8263,6069,18387,7165,712,3429,1122,2246,150,474,1,29:18
2024-25,203999,Nikola Jokić,Nikola,1610612743,DEN,Denver Nuggets,0022400087,2024-10-26T00:00:00,DEN vs. LAC,L,36.766666666666666,13.7,25.5,0.538,6.9,11.7,0.583,5.9,7.8,0.75,2.9,5.9,8.8,3.9,4.9,2.0,1.0,1.0,2.0,7.8,40.1,6.9,60.5,0,0,65.6,1,13222,1,13222,2141,786,734,7978,817,1926,3489,3001,2641,8186,5489,8608,6998,10184,2472,6461,7629,8104,15363,1109,441,9204,1128,2246,150,455,1,36:46
2024-25,1628369,Jayson Tatum,Jayson,1610612738,BOS,Boston Celtics,0022400089,2024-10-26T00:00:00,BOS @ DET,W,38.13333333333333,11.3,24.5,0.462,5.7,12.3,0.462,6.6,8.5,0.778,0.9,2.8,3.8,1.9,0.9,1.9,0.9,2.8,4.7,5.7,34.9,0.9,49.8,0,0,51.9,1,1,13086,1,1305,1982,913,12428,1595,1631,7119,2312,2192,8092,13693,17291,17880,16793,16173,6819,7870,1552,5238,3085,972,12191,3314,2246,150,2058,1,38:08
2024-25,1629029,Luka Dončić,Luka,1610612742,DAL,Dallas Mavericks,0022400095,2024-10-26T00:00:00,DAL @ PHX,L,39.416666666666664,11.0,22.8,0.48,4.6,11.9,0.385,10.0,11.0,0.917,0.9,8.2,9.1,3.7,1.8,0.0,0.9,0.0,3.7,5.5,36.5,-11.0,53.9,1,0,55.7,1,13222,1,13222,740,2296,1440,11962,2943,1853,8766,684,1037,6748,13850,4397,6524,10925,11424,12854,8027,8846,8252,3370,748,18298,2229,1,150,1362,1,39:25
2024-25,1630590,Scotty Pippen Jr.,Scotty,1610612763,MEM,Memphis Grizzlies,0022400092,2024-10-26T00:00:00,MEM vs. ORL,W,22.925,7.9,11.0,0.714,1.6,1.6,1.0,0.0,0.0,0.0,3.1,4.7,7.9,18.8,7.9,3.1,1.6,3.1,7.9,1.6,17.3,9.4,61.2,1,0,55.0,1,1,13086,1,13777,6953,15363,2752,11792,20206,1,13505,14344,13505,5061,11670,8544,115,621,2858,4643,1205,1429,14725,10553,7978,1048,1,150,1462,1,22:56
2024-25,1627734,Domantas Sabonis,Domantas,1610612758,SAC,Sacramento Kings,0022400096,2024-10-26T00:00:00,SAC @ LAL,L,36.75,9.8,13.7,0.714,1.0,2.9,0.333,7.8,8.8,0.889,2.9,8.8,11.8,9.8,2.0,1.0,1.0,0.0,2.9,5.9,28.4,10.8,61.1,1,1,54.9,1,13222,1,13222,2159,3476,10629,2752,14657,17780,9209,1486,1972,6857,5482,3703,3710,1539,10732,12129,7623,8846,10987,2780,2628,7331,1063,1,1,1479,1,36:45
2024-25,1630215,Jared Butler,Jared,1610612764,WAS,Washington Wizards,0022400090,2024-10-26T00:00:00,WAS vs. CLE,L,11.183333333333334,9.7,12.9,0.75,3.2,3.2,1.0,3.2,6.4,0.5,0.0,3.2,3.2,9.7,0.0,3.2,3.2,3.2,6.4,3.2,25.8,3.2,63.4,0,0,54.7,1,13222,1,13222,21631,3651,12080,2107,5907,17233,1,7281,3952,10625,14058,16029,19179,1611,16469,2698,1454,1139,2454,8492,3805,11008,844,2246,150,1500,1,11:11
2024-25,202696,Nikola Vučević,Nikola,1610612741,CHI,Chicago Bulls,0022400091,2024-10-26T00:00:00,CHI vs. OKC,L,32.516666666666666,7.7,13.3,0.583,2.2,2.2,1.0,2.2,2.2,1.0,3.3,11.1,14.4,2.2,3.3,0.0,1.1,0.0,2.2,3.3,19.9,-15.5,40.5,1,0,41.0,1,13222,1,13222,5539,7165,11328,6296,9186,19140,1,9898,12047,1,4712,1876,2052,15578,5448,12854,6745,8846,14037,8194,7973,20097,7451,1,150,6222,1,32:31
2024-25,1629630,Ja Morant,Ja,1610612763,MEM,Memphis Grizzlies,0022400092,2024-10-26T00:00:00,MEM vs. ORL,W,24.741666666666667,5.8,17.5,0.333,0.0,8.7,0.0,11.6,11.6,1.0,0.0,2.9,2.9,14.6,4.4,0.0,1.5,0.0,4.4,5.8,23.3,26.2,48.6,1,0,43.7,1,1,13086,1,12235,12063,5291,17395,15070,5221,15070,382,856,1,14058,17044,19966,331,3202,12854,5022,8846,6114,2868,5306,2586,3773,1,150,4857,1,24:45
2024-25,1630583,Santi Aldama,Santi,1610612763,MEM,Memphis Grizzlies,0022400092,2024-10-26T00:00:00,MEM vs. ORL,W,27.65,11.7,15.6,0.75,5.2,7.8,0.667,0.0,0.0,0.0,0.0,9.1,9.1,6.5,2.6,0.0,1.3,0.0,0.0,1.3,28.6,10.4,50.6,0,0,52.1,1,1,13086,1,9830,1713,7654,2107,2047,6777,1957,13505,14344,13505,14058,3390,6562,4697,7864,12854,5636,8846,20257,15898,2553,7505,3087,2246,150,2020,1,27:39
2024-25,1630591,Jalen Suggs,Jalen,1610612753,ORL,Orlando Magic,0022400092,2024-10-26T00:00:00,ORL @ MEM,L,30.651666666666667,7.0,20.0,0.353,5.9,15.3,0.385,4.7,4.7,1.0,0.0,8.2,8.2,3.5,2.3,4.7,1.2,1.2,1.2,5.9,24.7,-15.3,55.1,0,0,54.0,1,13222,1,13222,7167,8824,2997,17268,1409,637,8766,4515,6481,1,14058,4393,7906,11331,8876,1090,6340,6452,18694,2788,4383,20003,1972,2246,150,1614,1,30:39
2024-25,1641854,Craig Porter Jr.,Craig,1610612739,CLE,Cleveland Cavaliers,0022400090,2024-10-26T00:00:00,CLE @ WAS,W,3.3666666666666667,0.0,0.0,0.0,0.0,0.0,0.0,0.0,0.0,0.0,0.0,21.4,21.4,10.7,0.0,0.0,21.4,0.0,0.0,0.0,0.0,-10.7,105.9,0,0,74.9,1,1,13086,1,24790,22635,24836,22635,15070,20945,15070,13505,14344,13505,14058,131,377,1109,16469,12854,5,8846,20257,17725,23200,18177,59,2246,150,235,1,3:22
2024-25,1628368,De'Aaron Fox,De'Aaron,1610612758,SAC,Sacramento Kings,0022400096,2024-10-26T00:00:00,SAC @ LAL,L,41.0,7.9,17.6,0.45,2.6,8.8,0.3,6.1,7.0,0.875,0.0,4.4,4.4,8.8,5.3,1.8,0.0,0.0,2.6,5.3,24.6,-4.4,43.0,1,0,43.9,1,13222,1,13222,369,6844,5182,12982,7727,5139,11319,2730,3337,6931,14058,12550,16310,2195,2045,7414,8263,8846,12310,3678,4434,15266,6130,1,150,4738,1,41:00
2024-25,1631096,Chet Holmgren,Chet,1610612760,OKC,Oklahoma City Thunder,0022400091,2024-10-26T00:00:00,OKC @ CHI,W,28.766666666666666,10.0,22.5,0.444,0.0,6.3,0.0,6.3,10.0,0.625,3.8,16.3,20.0,0.0,2.5,1.3,2.5,1.3,2.5,6.3,26.3,10.0,59.1,1,0,53.8,1,1,13086,1,8867,3212,1571,13045,15070,10068,15070,2629,1371,10271,3959,399,525,19908,8235,9794,2375,5924,12788,2326,3543,7691,1319,1,150,1654,1,28:46
2024-25,1629021,Moritz Wagner,Moritz,1610612753,ORL,Orlando Magic,0022400092,2024-10-26T00:00:00,ORL @ MEM,L,12.383333333333333,11.6,23.3,0.5,2.9,8.7,0.333,0.0,0.0,0.0,5.8,2.9,8.7,0.0,0.0,0.0,2.9,0.0,11.6,2.9,26.2,-32.0,45.4,0,0,43.6,1,13222,1,13222,21055,1785,1299,8526,6846,5230,9209,13505,14344,13505,1733,17055,7136,19908,16469,12854,1815,8846,454,9571,3601,24026,5011,2246,150,4872,1,12:23
2024-25,203076,Anthony Davis,Anthony,1610612747,LAL,Los Angeles Lakers,0022400096,2024-10-26T00:00:00,LAL vs. SAC,W,37.75,9.5,14.3,0.667,1.0,1.9,0.5,9.5,12.4,0.769,2.9,5.7,8.6,1.9,1.9,2.9,1.9,0.0,1.0,7.6,29.6,-21.0,55.1,0,0,50.5,1,1,13086,1,1539,3827,9676,3281,14775,19724,3944,826,681,8170,5699,8991,7341,16724,11004,3511,3743,8846,19947,1238,2254,21825,1966,2246,150,2380,1,37:45
2024-25,2544,LeBron James,LeBron,1610612747,LAL,Los Angeles Lakers,0022400096,2024-10-26T00:00:00,LAL vs. SAC,W,33.766666666666666,12.8,23.5,0.545,4.3,9.6,0.444,4.3,4.3,1.0,0.0,14.9,14.9,10.7,5.3,0.0,1.1,4.3,3.2,5.3,34.1,13.9,65.9,1,1,66.1,1,1,13086,1,4465,1112,1233,7695,3458,3986,7211,5230,7282,1,14058,591,1806,1132,1978,12854,7022,559,9877,3591,1111,6054,642,1,1,439,1,33:46
2024-25,1629660,Ty Jerome,Ty,1610612739,CLE,Cleveland Cavaliers,0022400090,2024-10-26T00:00:00,CLE @ WAS,W,15.166666666666666,9.5,14.2,0.667,2.4,2.4,1.0,11.9,14.2,0.833,2.4,2.4,4.7,7.1,2.4,2.4,0.0,0.0,2.4,7.1,33.2,-9.5,54.4,0,0,52.2,1,1,13086,1,19456,3889,9769,3281,8577,18857,1,353,420,7275,7009,18565,15448,3860,8756,4784,8263,8846,13334,1566,1276,17669,2128,2246,150,1993,1,15:10
2024-25,1641745,Adam Flagler,Adam,1610612760,OKC,Oklahoma City Thunder,0022400091,2024-10-26T00:00:00,OKC @ CHI,W,3.2,11.3,11.3,1.0,11.3,11.3,1.0,0.0,0.0,0.0,0.0,0.0,0.0,0.0,0.0,11.3,0.0,0.0,11.3,0.0,33.8,0.0,67.5,0,0,67.5,1,1,13086,1,24893,2052,14928,1,150,2291,1,13505,14344,13505,14058,22137,23286,19908,16469,87,8263,8846,502,17725,1175,12240,541,2246,150,385,1,3:12
2024-25,1626181,Norman Powell,Norman,1610612746,LAC,LA Clippers,0022400087,2024-10-26T00:00:00,LAC @ DEN,W,33.178333333333335,15.2,22.8,0.667,7.6,11.9,0.636,2.2,3.3,0.667,1.1,2.2,3.3,0.0,0.0,1.1,0.0,0.0,1.1,4.3,40.1,-3.3,47.3,0,0,53.2,1,1,13086,1,5006,458,1456,3281,562,1815,2842,10051,9413,9425,12594,19157,19096,19908,16469,11146,8263,8846,19188,5495,440,14701,4208,2246,150,1772,1,33:11
2024-25,1630202,Payton Pritchard,Payton,1610612738,BOS,Boston Celtics,0022400089,2024-10-26T00:00:00,BOS @ DET,W,19.283333333333335,9.3,14.9,0.625,9.3,13.1,0.714,7.5,7.5,1.0,0.0,3.7,3.7,0.0,0.0,1.9,0.0,1.9,1.9,1.9,35.5,-9.3,45.6,0,0,52.3,1,1,13086,1,16596,4153,8707,4899,267,1267,1861,1689,2941,1,14058,14516,17978,19908,16469,6935,8263,3680,15849,13658,906,17598,4919,2246,150,1973,1,19:17
2024-25,1641724,Jett Howard,Jett,1610612753,ORL,Orlando Magic,0022400092,2024-10-26T00:00:00,ORL @ MEM,L,11.55,12.5,18.7,0.667,9.4,15.6,0.6,0.0,0.0,0.0,0.0,6.2,6.2,0.0,0.0,0.0,0.0,0.0,3.1,3.1,34.3,-3.1,41.8,0,0,49.9,1,13222,1,13222,21471,1267,4023,3281,264,589,2992,13505,14344,13505,14058,7823,11747,19908,16469,12854,8263,8846,10211,8827,1074,14631,6744,2246,150,2574,1,11:33
2024-25,201144,Mike Conley,Mike,1610612750,MIN,Minnesota Timberwolves,0022400093,2024-10-26T00:00:00,MIN vs. TOR,W,25.95,2.8,12.5,0.222,2.8,8.3,0.333,5.5,5.5,1.0,1.4,2.8,4.2,8.3,1.4,5.5,1.4,0.0,1.4,2.8,13.9,23.6,50.8,0,0,43.0,1,1,13086,1,11194,19931,12745,21205,7308,5871,9209,3366,5127,1,10807,17488,16904,2583,13355,614,5281,8846,17672,10057,14076,3131,3052,2246,150,5139,1,25:57
2024-25,1641705,Victor Wembanyama,Victor,1610612759,SAS,San Antonio Spurs,0022400094,2024-10-26T00:00:00,SAS vs. HOU,W,30.2,11.9,20.3,0.588,2.4,6.0,0.4,8.3,9.5,0.875,1.2,7.2,8.3,1.2,3.6,0.0,3.6,0.0,3.6,9.5,34.6,0.0,53.5,0,0,53.6,1,1,13086,1,7586,1571,2792,6229,8537,10785,7874,1258,1577,6931,11850,6087,7700,19039,4822,12854,1171,8846,8505,511,1033,12240,2325,2246,150,1679,1,30:12
2024-25,1629008,Michael Porter Jr.,Michael,1610612743,DEN,Denver Nuggets,0022400087,2024-10-26T00:00:00,DEN vs. LAC,L,37.955,3.8,12.3,0.308,0.0,5.7,0.0,0.9,0.9,1.0,1.9,6.6,8.5,2.8,0.9,1.9,0.0,0.9,1.9,0.9,8.5,2.8,27.8,0,0,23.7,1,13222,1,13222,1410,17587,13030,19226,15070,11475,15070,13373,14283,1,8830,7018,7429,13461,16158,6783,8263,8357,15692,17550,19488,11199,16371,2246,150,18532,1,37:57
2024-25,1630214,Xavier Tillman,Xavier,1610612738,BOS,Boston Celtics,0022400089,2024-10-26T00:00:00,BOS @ DET,W,18.116666666666667,2.0,4.0,0.5,2.0,4.0,0.5,0.0,0.0,0.0,2.0,4.0,6.0,2.0,2.0,4.0,0.0,0.0,4.0,0.0,6.0,4.0,26.0,0,0,23.8,1,1,13086,1,17491,21434,24104,8526,10226,15638,3944,13505,14344,13505,8446,13805,12382,16425,10581,1665,8263,8846,7208,17725,21427,10666,17601,2246,150,18440,1,18:07
2024-25,1630618,D.J. Carton,D.J.,1610612761,TOR,Toronto Raptors,0022400093,2024-10-26T00:00:00,TOR @ MIN,L,9.433333333333334,3.8,7.6,0.5,0.0,0.0,0.0,3.8,3.8,1.0,0.0,7.6,7.6,0.0,11.4,0.0,0.0,3.8,0.0,3.8,11.4,-3.8,9.2,0,0,19.1,1,13222,1,13222,22299,17522,20736,8526,15070,20945,15070,6045,8207,1,14058,5264,8906,19908,232,12854,8263,723,20257,6802,16731,14961,24546,2246,150,21358,1,9:26
2024-25,1630558,Davion Mitchell,Davion,1610612761,TOR,Toronto Raptors,0022400093,2024-10-26T00:00:00,TOR @ MIN,L,28.8,0.0,6.3,0.0,0.0,1.3,0.0,0.0,0.0,0.0,0.0,2.5,2.5,10.0,0.0,1.3,1.3,2.5,2.5,2.5,0.0,-15.0,25.5,0,0,17.5,1,13222,1,13222,8839,22635,22372,22635,15070,20561,15070,13505,14344,13505,14058,18186,20815,1434,16469,9801,5898,2045,12797,10987,23200,19899,17938,2246,150,22078,1,28:48
2024-25,203486,Mason Plumlee,Mason,1610612756,PHX,Phoenix Suns,0022400095,2024-10-26T00:00:00,PHX vs. DAL,W,9.938333333333333,3.6,3.6,1.0,0.0,0.0,0.0,3.6,7.2,0.5,0.0,3.6,3.6,3.6,0.0,0.0,0.0,0.0,10.9,3.6,10.9,3.6,20.6,0,0,18.1,1,1,13086,1,22127,18028,24261,1,15070,20945,15070,6444,3136,10625,14058,14867,18273,11023,16469,12854,8263,8846,554,7327,17301,10848,20877,2246,150,21814,1,9:56
2024-25,1631098,Johnny Davis,Johnny,1610612764,WAS,Washington Wizards,0022400090,2024-10-26T00:00:00,WAS vs. CLE,L,6.216666666666667,5.8,17.4,0.333,0.0,0.0,0.0,0.0,0.0,0.0,5.8,0.0,5.8,5.8,0.0,0.0,0.0,5.8,11.6,0.0,11.6,11.6,27.2,0,0,23.2,1,13222,1,13222,23504,12132,5377,17395,15070,20945,15070,13505,14344,13505,1750,22137,12777,5870,16469,12854,8263,234,459,17725,16587,6976,16811,2246,150,18882,1,6:13
2024-25,1629611,Terance Mann,Terance,1610612746,LAC,LA Clippers,0022400087,2024-10-26T00:00:00,LAC @ DEN,W,20.883333333333333,0.0,6.9,0.0,0.0,3.4,0.0,0.0,0.0,0.0,1.7,3.4,5.2,1.7,0.0,0.0,0.0,0.0,3.4,1.7,0.0,-25.9,8.8,0,0,6.9,1,1,13086,1,15366,22635,21677,22635,15070,16765,15070,13505,14344,13505,9491,15379,14339,17296,16469,12854,8263,8846,8900,14201,23200,22998,24605,2246,150,24903,1,20:53
2024-25,202684,Tristan Thompson,Tristan,1610612739,CLE,Cleveland Cavaliers,0022400090,2024-10-26T00:00:00,CLE @ WAS,W,5.316666666666666,0.0,0.0,0.0,0.0,0.0,0.0,0.0,27.1,0.0,0.0,6.8,6.8,0.0,6.8,0.0,0.0,0.0,6.8,13.5,0.0,-20.3,1.4,0,0,6.8,1,1,13086,1,23861,22635,24836,22635,15070,20945,15070,13505,67,13505,14058,6750,10591,19908,991,12854,8263,8846,2165,135,23200,21637,25191,2246,150,24917,1,5:19
2024-25,1642261,Dalton Knecht,Dalton,1610612747,LAL,Los Angeles Lakers,0022400096,2024-10-26T00:00:00,LAL vs. SAC,W,20.158333333333335,7.1,12.5,0.571,3.6,8.9,0.4,0.0,0.0,0.0,0.0,0.0,0.0,1.8,1.8,0.0,0.0,0.0,5.4,0.0,17.9,28.6,18.8,0,0,23.2,1,1,13086,1,15899,8594,12730,6538,4976,4924,7874,13505,14344,13505,14058,22137,23286,17132,11614,12854,8263,8846,3916,17725,9964,2171,21777,2246,150,18857,1,20:10
2024-25,203995,Vasilije Micić,Vasilije,1610612766,CHA,Charlotte Hornets,0022400088,2024-10-26T00:00:00,CHA vs. MIA,L,9.733333333333333,0.0,11.1,0.0,0.0,3.7,0.0,0.0,0.0,0.0,0.0,0.0,0.0,3.7,0.0,0.0,0.0,0.0,3.7,0.0,0.0,-14.8,5.5,0,0,3.7,1,13222,1,13222,22198,22635,15198,22635,15070,16212,15070,13505,14344,13505,14058,22137,23286,10788,16469,12854,8263,8846,8077,17725,23200,19816,24958,2246,150,25200,1,9:44
2024-25,1642345,Oso Ighodaro,Oso,1610612756,PHX,Phoenix Suns,0022400095,2024-10-26T00:00:00,PHX vs. DAL,W,7.115,0.0,5.1,0.0,0.0,0.0,0.0,0.0,0.0,0.0,0.0,5.1,5.1,0.0,5.1,0.0,0.0,0.0,5.1,0.0,0.0,45.5,1.0,0,0,5.1,1,1,13086,1,23133,22635,23420,22635,15070,20945,15070,13505,14344,13505,14058,10699,14637,19908,2265,12854,8263,8846,4472,17725,23200,684,25210,2246,150,25098,1,7:07
2024-25,1630702,Jaden Hardy,Jaden,1610612742,DAL,Dallas Mavericks,0022400095,2024-10-26T00:00:00,DAL @ PHX,L,13.266666666666667,0.0,10.9,0.0,0.0,8.1,0.0,0.0,0.0,0.0,0.0,2.7,2.7,0.0,0.0,0.0,0.0,2.7,2.7,2.7,0.0,-2.7,3.3,0,0,2.7,1,13222,1,13222,20616,22635,15599,22635,15070,6200,15070,13505,14344,13505,14058,17657,20416,19908,16469,12854,8263,1720,11983,10280,23200,14412,25116,2246,150,25240,1,13:16
2024-25,1631212,Peyton Watson,Peyton,1610612743,DEN,Denver Nuggets,0022400087,2024-10-26T00:00:00,DEN vs. LAC,L,11.766666666666667,0.0,9.2,0.0,0.0,3.1,0.0,3.1,6.1,0.5,0.0,0.0,0.0,0.0,0.0,3.1,0.0,0.0,3.1,6.1,3.1,-21.4,12.2,0,0,9.2,1,13222,1,13222,21388,22635,18445,22635,15070,17535,15070,7650,4326,10625,14058,22137,23286,19908,16469,3028,8263,8846,10438,2483,22937,21942,23960,2246,150,24575,1,11:46
2024-25,201950,Jrue Holiday,Jrue,1610612738,BOS,Boston Celtics,0022400089,2024-10-26T00:00:00,BOS @ DET,W,35.65,2.0,5.0,0.4,2.0,3.0,0.667,1.0,2.0,0.5,1.0,2.0,3.0,4.0,3.0,0.0,1.0,0.0,2.0,1.0,7.1,-2.0,16.8,0,0,18.2,1,1,13086,1,2946,21373,23432,14933,10069,17587,1957,13213,12661,10625,13178,19596,19636,9834,6357,12854,7419,8846,15031,17360,20670,14057,22574,2246,150,21786,1,35:39
2024-25,203967,Dario Šarić,Dario,1610612743,DEN,Denver Nuggets,0022400087,2024-10-26T00:00:00,DEN vs. LAC,L,11.233333333333333,0.0,6.4,0.0,0.0,0.0,0.0,0.0,0.0,0.0,3.2,3.2,6.4,0.0,0.0,0.0,0.0,0.0,6.4,3.2,0.0,-38.5,7.7,0,0,6.4,1,13222,1,13222,21610,22635,22191,22635,15070,20945,15070,13505,14344,13505,4929,16063,11368,19908,16469,12854,8263,8846,2476,8540,23200,24742,24735,2246,150,24959,1,11:14
2024-25,1641794,Dillon Jones,Dillon,1610612760,OKC,Oklahoma City Thunder,0022400091,2024-10-26T00:00:00,OKC @ CHI,W,3.9,0.0,0.0,0.0,0.0,0.0,0.0,0.0,0.0,0.0,0.0,0.0,0.0,0.0,9.2,9.2,0.0,0.0,0.0,0.0,0.0,-9.2,18.5,0,0,18.5,1,1,13086,1,24542,22635,24836,22635,15070,20945,15070,13505,14344,13505,14058,22137,23286,19908,399,138,8263,8846,20257,17725,23200,17541,21907,2246,150,21644,1,3:54
2024-25,1630231,KJ Martin,KJ,1610612755,PHI,Philadelphia 76ers,0022400078,2024-10-25T00:00:00,PHI @ TOR,L,24.30666666666667,1.5,1.5,1.0,0.0,0.0,0.0,0.0,0.0,0.0,0.0,4.4,4.4,4.4,0.0,1.5,1.5,0.0,5.9,0.0,3.0,-4.4,23.8,0,0,17.8,1,13222,1,13222,12646,22190,24820,1,15070,20945,15070,13505,14344,13505,14058,12426,16189,8786,16469,8493,4918,8846,3044,17725,22965,15297,19063,2246,150,21958,1,24:18
2024-25,1630166,Deni Avdija,Deni,1610612757,POR,Portland Trail Blazers,0022400086,2024-10-25T00:00:00,POR vs. NOP,L,30.9,1.2,10.5,0.111,0.0,3.5,0.0,0.0,0.0,0.0,1.2,5.8,7.0,7.0,2.3,1.2,2.3,2.3,1.2,0.0,2.3,2.3,29.4,0,0,23.3,1,13222,1,13222,6960,22525,16237,22520,15070,16662,15070,13505,14344,13505,12021,8736,10158,4009,8944,10464,2685,2368,18737,17725,23104,11451,15238,2246,150,18801,1,30:54
2024-25,1642359,Pacôme Dadiet,Pacôme,1610612752,NYK,New York Knicks,0022400081,2024-10-25T00:00:00,NYK vs. IND,W,4.4,0.0,8.2,0.0,0.0,0.0,0.0,0.0,0.0,0.0,0.0,8.2,8.2,0.0,8.2,0.0,0.0,8.2,8.2,0.0,0.0,-24.5,1.6,0,0,8.2,1,1,13086,1,24286,22635,19967,22635,15070,20945,15070,13505,14344,13505,14058,4444,7957,19908,553,12854,8263,99,1281,17725,23200,22702,25182,2246,150,24736,1,4:24
2024-25,1629634,Brandon Clarke,Brandon,1610612763,MEM,Memphis Grizzlies,0022400082,2024-10-25T00:00:00,MEM @ HOU,L,11.913333333333334,3.0,15.1,0.2,0.0,3.0,0.0,3.0,6.0,0.5,3.0,6.0,9.1,0.0,3.0,0.0,0.0,0.0,3.0,3.0,9.1,9.1,16.9,0,0,18.1,1,13222,1,13222,21327,19373,8408,21401,15070,17604,15070,7744,4411,10625,5288,8240,6637,19908,6386,12854,8263,8846,10617,9158,19015,8142,22521,2246,150,21805,1,11:55
2024-25,1630245,Ayo Dosunmu,Ayo,1610612741,CHI,Chicago Bulls,0022400083,2024-10-25T00:00:00,CHI @ MIL,W,27.6,1.3,10.4,0.125,0.0,6.5,0.0,0.0,0.0,0.0,0.0,6.5,6.5,6.5,1.3,0.0,1.3,0.0,1.3,1.3,2.6,13.0,22.8,0,0,18.3,1,1,13086,1,9868,22397,16325,22420,15070,9501,15070,13505,14344,13505,14058,7260,11125,4681,13780,12854,5626,8846,18012,15890,23051,6376,19667,2246,150,21738,1,27:36
2024-25,1641711,Gradey Dick,Gradey,1610612761,TOR,Toronto Raptors,0022400078,2024-10-25T00:00:00,TOR vs. PHI,W,23.965,4.5,13.5,0.333,1.5,6.0,0.25,1.5,1.5,1.0,0.0,1.5,1.5,0.0,3.0,1.5,0.0,3.0,9.0,3.0,12.0,6.0,15.3,0,0,18.0,1,1,13086,1,12941,15757,10973,17395,12019,10668,11902,11796,13484,1,14058,20870,22564,19908,6453,8398,8263,1324,958,9222,16114,9607,23083,2246,150,21847,1,23:58
2024-25,1629001,De'Anthony Melton,De'Anthony,1610612744,GSW,Golden State Warriors,0022400084,2024-10-25T00:00:00,GSW @ UTA,W,13.766666666666667,0.0,10.5,0.0,0.0,7.8,0.0,0.0,0.0,0.0,2.6,0.0,2.6,10.5,5.2,0.0,2.6,0.0,13.1,2.6,0.0,20.9,21.4,0,0,18.3,1,1,13086,1,20322,22635,16290,22635,15070,6729,15070,13505,14344,13505,6309,22137,20612,1221,2086,12854,2204,8846,338,10591,23200,3717,20448,2246,150,21721,1,13:46
2024-25,1628384,OG Anunoby,OG,1610612752,NYK,New York Knicks,0022400081,2024-10-25T00:00:00,NYK vs. IND,W,34.016666666666666,6.3,12.7,0.5,1.1,4.2,0.25,1.1,2.1,0.5,0.0,4.2,4.2,1.1,1.1,1.1,0.0,3.2,3.2,2.1,14.8,19.0,23.6,0,0,23.3,1,1,13086,1,4244,10564,12385,8526,14203,15039,11902,13051,12364,10625,14058,13022,16724,19498,15433,11408,8263,1174,9981,12538,13100,4245,19205,2246,150,18815,1,34:01
2024-25,1628997,Caleb Martin,Caleb,1610612755,PHI,Philadelphia 76ers,0022400078,2024-10-25T00:00:00,PHI @ TOR,L,33.78333333333333,2.1,6.4,0.333,0.0,1.1,0.0,7.5,10.7,0.7,4.3,1.1,5.3,4.3,3.2,0.0,1.1,1.1,4.3,6.4,11.7,2.1,24.5,0,0,23.4,1,13222,1,13222,4448,21180,22218,17395,15070,20784,15070,1697,1127,9366,3230,21839,13978,9222,5831,12854,7025,7359,6396,2186,16425,11553,18603,2246,150,18708,1,33:47
2024-25,1626220,Royce O'Neale,Royce,1610612756,PHX,Phoenix Suns,0022400085,2024-10-25T00:00:00,PHX @ LAL,L,27.933333333333334,2.6,6.4,0.4,1.3,3.9,0.333,2.6,2.6,1.0,0.0,5.2,5.2,5.2,2.6,1.3,0.0,0.0,3.9,2.6,9.0,18.0,24.2,0,0,23.2,1,13222,1,13222,9595,20315,22158,14933,12901,15868,9209,8861,11030,1,14058,10405,14384,7122,7956,9525,8263,8846,7562,10711,19056,4546,18782,2246,150,18862,1,27:56
2024-25,201572,Brook Lopez,Brook,1610612749,MIL,Milwaukee Bucks,0022400083,2024-10-25T00:00:00,MIL vs. CHI,L,29.398333333333333,2.4,12.2,0.2,1.2,7.3,0.167,2.4,2.4,1.0,0.0,4.9,4.9,1.2,2.4,0.0,3.7,0.0,3.7,2.4,8.6,-11.0,24.9,0,0,23.3,1,13222,1,13222,8319,20555,13179,21401,13238,7728,14236,9198,11340,1,14058,11162,15065,18939,8457,12854,1105,8846,8186,11163,19452,18329,18385,2246,150,18830,1,29:24
2024-25,1642402,Enrique Freeman,Enrique,1610612754,IND,Indiana Pacers,0022400081,2024-10-25T00:00:00,IND @ NYK,L,9.5,3.8,3.8,1.0,0.0,0.0,0.0,0.0,0.0,0.0,3.8,0.0,3.8,0.0,0.0,0.0,3.8,0.0,7.6,0.0,7.6,11.4,23.5,0,0,18.9,1,13222,1,13222,22278,17596,24192,1,15070,20945,15070,13505,14344,13505,3901,22137,17851,19908,16469,12854,1038,8846,1580,17725,20260,7067,19264,2246,150,21412,1,9:30
2024-25,1630579,Jericho Sims,Jericho,1610612752,NYK,New York Knicks,0022400081,2024-10-25T00:00:00,NYK vs. IND,W,14.97,2.4,2.4,1.0,0.0,0.0,0.0,0.0,0.0,0.0,0.0,4.8,4.8,0.0,0.0,0.0,0.0,0.0,2.4,0.0,4.8,19.2,10.6,0,0,9.6,1,1,13086,1,19585,20655,24671,1,15070,20945,15070,13505,14344,13505,14058,11405,15275,19908,16469,12854,8263,8846,13186,17725,22119,4191,24324,2246,150,24508,1,14:58
2024-25,203935,Marcus Smart,Marcus,1610612763,MEM,Memphis Grizzlies,0022400082,2024-10-25T00:00:00,MEM @ HOU,L,20.183333333333334,1.8,7.1,0.25,1.8,1.8,1.0,7.1,8.9,0.8,0.0,1.8,1.8,3.6,3.6,1.8,0.0,0.0,5.4,5.4,12.5,-26.8,21.8,0,0,23.2,1,13222,1,13222,15876,21782,21398,20233,11135,19942,1,1921,1916,7681,14058,20289,22182,11179,4854,7316,8263,8846,3923,3553,15604,23195,20284,2246,150,18868,1,20:11
2024-25,1642345,Oso Ighodaro,Oso,1610612756,PHX,Phoenix Suns,0022400085,2024-10-25T00:00:00,PHX @ LAL,L,6.233333333333333,0.0,0.0,0.0,0.0,0.0,0.0,0.0,0.0,0.0,0.0,5.8,5.8,0.0,5.8,0.0,0.0,0.0,17.3,0.0,0.0,-52.0,1.2,0,0,5.8,1,13222,1,13222,23489,22635,24836,22635,15070,20945,15070,13505,14344,13505,14058,8843,12821,19908,1582,12854,8263,8846,171,17725,23200,25469,25198,2246,150,25029,1,6:14
2024-25,1630611,Gui Santos,Gui,1610612744,GSW,Golden State Warriors,0022400084,2024-10-25T00:00:00,GSW @ UTA,W,5.933333333333334,0.0,0.0,0.0,0.0,0.0,0.0,0.0,0.0,0.0,0.0,18.2,18.2,0.0,6.1,0.0,0.0,0.0,12.1,0.0,0.0,54.6,15.8,0,0,18.2,1,1,13086,1,23619,22635,24836,22635,15070,20945,15070,13505,14344,13505,14058,246,853,19908,1340,12854,8263,8846,409,17725,23200,440,22933,2246,150,21768,1,5:56
2024-25,1629750,Javonte Green,Javonte,1610612740,NOP,New Orleans Pelicans,0022400086,2024-10-25T00:00:00,NOP @ POR,W,19.365,1.9,5.6,0.333,0.0,1.9,0.0,1.9,1.9,1.0,1.9,1.9,3.7,0.0,1.9,0.0,0.0,1.9,3.7,1.9,5.6,11.2,8.2,0,0,9.3,1,1,13086,1,16535,21645,23020,17395,15070,19813,15070,11098,13097,1,8992,20086,18024,19908,11278,12854,8263,3707,8011,13698,21679,7159,24675,2246,150,24558,1,19:22
2024-25,1642258,Zaccharie Risacher,Zaccharie,1610612737,ATL,Atlanta Hawks,0022400079,2024-10-25T00:00:00,ATL vs. CHA,W,18.526666666666667,1.9,9.7,0.2,1.9,7.8,0.25,3.9,3.9,1.0,0.0,0.0,0.0,1.9,0.0,0.0,1.9,0.0,0.0,1.9,9.7,-27.2,18.5,0,0,17.5,1,1,13086,1,17177,21507,17550,21401,10443,6851,11902,5902,8064,1,14058,22137,23286,16591,16469,12854,3647,8846,20257,13349,18433,23276,21910,2246,150,22084,1,18:32
2024-25,1641824,Matas Buzelis,Matas,1610612741,CHI,Chicago Bulls,0022400083,2024-10-25T00:00:00,CHI @ MIL,W,8.983333333333333,4.0,12.0,0.333,0.0,4.0,0.0,0.0,0.0,0.0,0.0,0.0,0.0,8.0,0.0,4.0,0.0,0.0,8.0,0.0,8.0,-24.0,32.1,0,0,24.0,1,1,13086,1,22457,17072,13546,17395,15070,15569,15070,13505,14344,13505,14058,22137,23286,2874,16469,1626,8263,8846,1359,17725,19910,22589,13280,2246,150,18293,1,8:59
2024-25,1642272,Jared McCain,Jared,1610612755,PHI,Philadelphia 76ers,0022400078,2024-10-25T00:00:00,PHI @ TOR,L,3.9366666666666665,0.0,0.0,0.0,0.0,0.0,0.0,0.0,0.0,0.0,0.0,9.1,9.1,9.1,0.0,0.0,0.0,0.0,0.0,0.0,0.0,-64.0,24.7,0,0,18.3,1,13222,1,13222,24526,22635,24836,22635,15070,20945,15070,13505,14344,13505,14058,3365,6516,1901,16469,12854,8263,8846,20257,17725,23200,25766,18496,2246,150,21726,1,3:56
2024-25,1630171,Isaac Okoro,Isaac,1610612739,CLE,Cleveland Cavaliers,0022400080,2024-10-25T00:00:00,CLE vs. DET,W,17.983333333333334,4.0,4.0,1.0,0.0,0.0,0.0,0.0,0.0,0.0,2.0,2.0,4.0,6.0,0.0,0.0,0.0,0.0,6.0,2.0,8.0,20.0,21.8,0,0,18.0,1,1,13086,1,17566,17081,24095,1,15070,20945,15070,13505,14344,13505,8377,19658,17306,5477,16469,12854,8263,8846,2932,13070,19916,3945,20248,2246,150,21855,1,17:59
2024-25,1642281,Jaylon Tyson,Jaylon,1610612739,CLE,Cleveland Cavaliers,0022400080,2024-10-25T00:00:00,CLE vs. DET,W,1.2833333333333334,0.0,0.0,0.0,0.0,0.0,0.0,0.0,0.0,0.0,0.0,0.0,0.0,0.0,0.0,0.0,0.0,0.0,0.0,0.0,0.0,0.0,0.0,0,0,0.0,1,1,13086,1,25922,22635,24836,22635,15070,20945,15070,13505,14344,13505,14058,22137,23286,19908,16469,12854,8263,8846,20257,17725,23200,12240,25228,2246,150,25259,1,1:17
2024-25,1630532,Franz Wagner,Franz,1610612753,ORL,Orlando Magic,0022400077,2024-10-25T00:00:00,ORL vs. BKN,W,38.91166666666667,9.3,17.6,0.526,2.8,5.6,0.5,5.6,5.6,1.0,1.9,3.7,5.6,4.6,2.8,0.9,0.0,0.9,1.9,4.6,26.8,14.8,40.4,0,0,41.6,1,1,13086,1,913,4287,5162,8379,7304,11842,3944,3365,5125,1,9041,14629,13419,8361,7311,12538,8263,8531,15943,4883,3287,5704,7503,2246,150,5832,1,38:55
2024-25,203468,CJ McCollum,CJ,1610612740,NOP,New Orleans Pelicans,0022400086,2024-10-25T00:00:00,NOP @ POR,W,39.861666666666665,7.2,15.4,0.471,3.6,8.1,0.444,0.0,0.0,0.0,0.0,1.8,1.8,2.7,0.9,3.6,0.9,0.0,1.8,0.0,18.1,8.1,36.9,0,0,35.2,1,1,13086,1,594,8392,8029,12143,4895,6227,7211,13505,14344,13505,14058,20227,22153,13883,16342,2077,8078,8846,16153,17725,9780,8567,9739,2246,150,9931,1,39:52
2024-25,1641730,Noah Clowney,Noah,1610612751,BKN,Brooklyn Nets,0022400077,2024-10-25T00:00:00,BKN @ ORL,L,15.8,6.8,18.2,0.375,2.3,9.1,0.25,0.0,0.0,0.0,2.3,2.3,4.6,0.0,2.3,2.3,0.0,0.0,6.8,0.0,15.9,-29.6,26.0,0,0,27.3,1,13222,1,13222,19061,9329,4428,16299,8930,4644,11902,13505,14344,13505,7315,18830,15904,19908,9166,5110,8263,8846,2115,17725,11967,23676,17633,2246,150,15905,1,15:48
2024-25,1630567,Scottie Barnes,Scottie,1610612761,TOR,Toronto Raptors,0022400078,2024-10-25T00:00:00,TOR vs. PHI,W,36.31666666666667,7.9,10.9,0.727,0.0,2.0,0.0,10.9,12.9,0.846,2.0,3.0,5.0,4.0,4.0,2.0,1.0,0.0,2.0,8.9,26.8,-1.0,43.6,0,0,41.6,1,1,13086,1,2458,6791,15527,2666,15070,19589,15070,502,606,7255,8468,16815,14914,10026,3943,6335,7531,8846,15248,686,3319,13532,5842,2246,150,5831,1,36:19
2024-25,1631117,Walker Kessler,Walker,1610612762,UTA,Utah Jazz,0022400084,2024-10-25T00:00:00,UTA vs. GSW,L,20.25,1.8,1.8,1.0,0.0,0.0,0.0,0.0,0.0,0.0,5.3,10.7,16.0,3.6,3.6,0.0,1.8,0.0,1.8,1.8,3.6,-30.2,29.9,0,0,26.7,1,13222,1,13222,15822,21787,24797,1,15070,20945,15070,13505,14344,13505,2061,2108,1432,11228,4893,12854,4105,8846,16276,14007,22753,23773,14898,2246,150,16410,1,20:15
2024-25,1631217,Moussa Diabaté,Moussa,1610612766,CHA,Charlotte Hornets,0022400079,2024-10-25T00:00:00,CHA @ ATL,L,9.833333333333334,3.7,7.3,0.5,0.0,0.0,0.0,0.0,7.3,0.0,3.7,11.0,14.6,0.0,0.0,0.0,0.0,0.0,3.7,7.3,7.3,-22.0,24.9,0,0,22.0,1,13222,1,13222,22156,17938,21175,8526,15070,20945,15070,13505,3076,13505,4105,1913,1938,19908,16469,12854,8263,8846,8224,1437,20470,22062,18362,2246,150,19694,1,9:50
2024-25,1641708,Amen Thompson,Amen,1610612745,HOU,Houston Rockets,0022400082,2024-10-25T00:00:00,HOU vs. MEM,W,24.1,3.0,6.0,0.5,0.0,1.5,0.0,7.5,7.5,1.0,4.5,4.5,9.0,4.5,12.0,0.0,0.0,0.0,4.5,6.0,13.4,22.4,19.0,0,0,26.9,1,1,13086,1,12800,19459,22629,8526,15070,20281,15070,1687,2938,1,2947,12303,6799,8700,207,12854,8263,8846,5816,2656,14575,3380,21657,2246,150,16245,1,24:06
2024-25,1626145,Tyus Jones,Tyus,1610612756,PHX,Phoenix Suns,0022400085,2024-10-25T00:00:00,PHX @ LAL,L,32.4,5.6,8.9,0.625,2.2,4.4,0.5,2.2,2.2,1.0,0.0,2.2,2.2,4.4,2.2,1.1,0.0,0.0,0.0,2.2,15.6,-13.3,26.0,0,0,26.7,1,13222,1,13222,5635,12829,18876,4899,9151,14579,3944,9861,12016,1,14058,19004,21369,8773,9418,10930,8263,8846,20257,12068,12368,19244,17616,2246,150,16410,1,32:24
2024-25,1630167,Obi Toppin,Obi,1610612754,IND,Indiana Pacers,0022400081,2024-10-25T00:00:00,IND @ NYK,L,19.8,7.3,10.9,0.667,0.0,1.8,0.0,0.0,0.0,0.0,0.0,1.8,1.8,7.3,0.0,0.0,1.8,0.0,0.0,3.6,14.5,-12.7,33.1,0,0,27.3,1,13222,1,13222,16175,8282,15520,3281,15070,19891,15070,13505,14344,13505,14058,20198,22133,3653,16469,12854,4014,8846,20257,7294,13356,19032,12521,2246,150,15969,1,19:48
2024-25,1629631,De'Andre Hunter,De'Andre,1610612737,ATL,Atlanta Hawks,0022400079,2024-10-25T00:00:00,ATL vs. CHA,W,33.15,7.6,15.2,0.5,2.2,6.5,0.333,8.7,8.7,1.0,1.1,6.5,7.6,3.3,0.0,0.0,1.1,0.0,4.3,7.6,26.1,4.3,43.3,0,0,41.3,1,1,13086,1,5027,7516,8252,8526,9358,9516,9209,1116,2061,1,12584,7273,8972,12123,16469,12854,6885,8846,6160,1256,3650,10453,5968,2246,150,6038,1,33:09
2024-25,1626153,Delon Wright,Delon,1610612749,MIL,Milwaukee Bucks,0022400083,2024-10-25T00:00:00,MIL vs. CHI,L,13.148333333333333,5.5,8.2,0.667,2.7,5.5,0.5,0.0,0.0,0.0,0.0,0.0,0.0,8.2,0.0,2.7,0.0,0.0,2.7,0.0,13.7,-16.4,34.2,0,0,30.1,1,13222,1,13222,20678,13050,19922,3281,7425,12017,3944,13505,14344,13505,14058,22137,23286,2682,16469,3834,8263,8846,11890,17725,14295,20419,11636,2246,150,13858,1,13:09
2024-25,1630182,Josh Green,Josh,1610612766,CHA,Charlotte Hornets,0022400079,2024-10-25T00:00:00,CHA @ ATL,L,17.655,4.1,10.2,0.4,2.0,6.1,0.333,0.0,0.0,0.0,2.0,4.1,6.1,4.1,0.0,2.0,2.0,0.0,8.2,2.0,10.2,4.1,35.9,0,0,30.6,1,13222,1,13222,17816,16900,16741,14933,9969,10402,9209,13505,14344,13505,8213,13487,12010,9711,16469,6066,3376,8846,1301,12887,17957,10604,10442,2246,150,13490,1,17:39
2024-25,1627827,Dorian Finney-Smith,Dorian,1610612751,BKN,Brooklyn Nets,0022400077,2024-10-25T00:00:00,BKN @ ORL,L,26.45,8.2,13.6,0.6,4.1,8.2,0.5,0.0,0.0,0.0,4.1,4.1,8.2,0.0,1.4,1.4,0.0,0.0,1.4,1.4,20.4,5.4,32.9,0,0,35.4,1,13222,1,13222,10776,6270,10814,5394,3820,6147,3944,13505,14344,13505,3472,13466,7980,19908,13504,9133,8263,8846,17781,15613,7570,9867,12637,2246,150,9806,1,26:27
2024-25,1630552,Jalen Johnson,Jalen,1610612737,ATL,Atlanta Hawks,0022400079,2024-10-25T00:00:00,ATL vs. CHA,W,41.166666666666664,3.5,13.1,0.267,0.9,3.5,0.25,6.1,7.9,0.778,1.7,4.4,6.1,2.6,1.7,1.7,1.7,2.6,4.4,4.4,14.0,10.5,34.0,0,0,30.6,1,1,13086,1,346,18332,11645,20170,15006,16658,11902,2757,2612,8092,9415,12593,11991,14145,11740,7445,4169,1847,6094,5413,13946,7471,11790,2246,150,13476,1,41:10
2024-25,203471,Dennis Schröder,Dennis,1610612751,BKN,Brooklyn Nets,0022400077,2024-10-25T00:00:00,BKN @ ORL,L,32.45,7.8,13.3,0.583,3.3,4.4,0.75,3.3,4.4,0.75,0.0,1.1,1.1,6.7,2.2,1.1,0.0,0.0,3.3,2.2,22.2,6.7,34.6,0,0,35.5,1,13222,1,13222,5597,7134,11281,6296,5583,14602,1542,7056,6960,8186,14058,21733,23069,4496,9436,10943,8263,8846,9346,12082,6080,9311,11359,2246,150,9727,1,32:27
2024-25,1627777,Georges Niang,Georges,1610612739,CLE,Cleveland Cavaliers,0022400080,2024-10-25T00:00:00,CLE vs. DET,W,15.32,2.3,7.0,0.333,2.3,4.7,0.5,0.0,0.0,0.0,0.0,11.7,11.7,0.0,2.3,0.0,0.0,2.3,4.7,0.0,7.0,-9.4,18.8,0,0,21.1,1,1,13086,1,19359,20760,21503,17395,8671,13956,3944,13505,14344,13505,14058,1502,3717,19908,8872,12854,8263,2337,5287,17725,20683,17621,21762,2246,150,20193,1,15:19
2024-25,1628404,Josh Hart,Josh,1610612752,NYK,New York Knicks,0022400081,2024-10-25T00:00:00,NYK vs. IND,W,36.665,7.9,14.7,0.533,1.0,5.9,0.167,2.9,3.9,0.75,2.9,6.9,9.8,2.9,2.9,1.0,0.0,1.0,1.0,2.0,19.6,34.4,35.8,1,0,35.3,1,1,13086,1,2240,6938,9000,8140,14643,10967,14236,7965,7991,8186,5464,6579,5645,13106,6657,12104,8263,8072,19797,13251,8216,1463,10482,1,150,9841,1,36:40
2024-25,201569,Eric Gordon,Eric,1610612755,PHI,Philadelphia 76ers,0022400078,2024-10-25T00:00:00,PHI @ TOR,L,20.38,1.8,7.1,0.25,1.8,3.5,0.5,8.8,12.4,0.714,0.0,1.8,1.8,3.5,0.0,0.0,0.0,3.5,1.8,7.1,14.1,8.8,21.6,0,0,21.2,1,13222,1,13222,15739,21805,21482,20233,11200,16583,3944,1064,687,9244,14058,20320,22207,11295,16469,12854,8263,891,16319,1608,13807,8254,20383,2246,150,20157,1,20:23
2024-25,1629630,Ja Morant,Ja,1610612763,MEM,Memphis Grizzlies,0022400082,2024-10-25T00:00:00,MEM @ HOU,L,23.8,12.1,25.7,0.471,3.0,6.1,0.5,9.1,13.6,0.667,0.0,0.0,0.0,3.0,9.1,0.0,0.0,0.0,1.5,12.1,36.3,-13.6,31.8,0,0,42.4,1,13222,1,13222,13075,1460,695,12143,6418,10563,3944,977,512,9425,14058,22137,23286,12842,413,12854,8263,8846,17166,193,775,19343,13501,2246,150,5472,1,23:48
2024-25,203903,Jordan Clarkson,Jordan,1610612762,UTA,Utah Jazz,0022400084,2024-10-25T00:00:00,UTA vs. GSW,L,23.7,6.1,15.2,0.4,0.0,6.1,0.0,4.6,7.6,0.6,0.0,1.5,1.5,3.0,3.0,0.0,0.0,1.5,3.0,4.6,16.7,-19.7,20.1,0,0,21.3,1,13222,1,13222,13150,11289,8271,14933,15070,10500,15070,4746,2819,10343,14058,20834,22547,12800,6319,12854,8263,4698,10546,5029,11161,21476,21138,2246,150,20120,1,23:42
2024-25,1627747,Caris LeVert,Caris,1610612739,CLE,Cleveland Cavaliers,0022400080,2024-10-25T00:00:00,CLE vs. DET,W,19.6,7.3,12.9,0.571,1.8,3.7,0.5,0.0,3.7,0.0,1.8,3.7,5.5,3.7,0.0,5.5,1.8,0.0,1.8,3.7,16.5,12.9,50.7,0,0,42.2,1,1,13086,1,16331,8132,12122,6538,10933,16281,3944,13505,8541,13505,9102,14723,13520,10870,16469,633,3966,8846,16005,7202,11358,6455,3070,2246,150,5527,1,19:36
2024-25,1629726,Garrison Mathews,Garrison,1610612737,ATL,Atlanta Hawks,0022400079,2024-10-25T00:00:00,ATL vs. CHA,W,18.533333333333335,3.9,5.8,0.667,3.9,5.8,0.667,3.9,3.9,1.0,0.0,1.9,1.9,0.0,0.0,0.0,0.0,0.0,3.9,3.9,15.5,-7.8,17.9,0,0,21.4,1,1,13086,1,17163,17363,22784,3281,4231,11136,1957,5903,8066,1,14058,19852,21925,19908,16469,12854,8263,8846,7493,6615,12384,16867,22154,2246,150,20059,1,18:32
2024-25,1627732,Ben Simmons,Ben,1610612751,BKN,Brooklyn Nets,0022400077,2024-10-25T00:00:00,BKN @ ORL,L,23.9,3.0,7.5,0.4,0.0,0.0,0.0,4.5,6.0,0.75,0.0,9.0,9.0,4.5,6.0,1.5,1.5,1.5,7.5,7.5,10.5,-25.6,31.2,0,0,30.1,1,13222,1,13222,12991,19386,20885,14933,15070,20945,15070,4802,4434,8186,14058,3475,6675,8604,1362,8382,4820,4752,1618,1309,17618,22937,13917,2246,150,13849,1,23:54
2024-25,1626156,D'Angelo Russell,D'Angelo,1610612747,LAL,Los Angeles Lakers,0022400085,2024-10-25T00:00:00,LAL vs. PHX,W,29.286666666666665,1.2,7.4,0.167,1.2,3.7,0.333,2.5,2.5,1.0,1.2,1.2,2.5,6.1,2.5,1.2,1.2,0.0,3.7,1.2,6.1,-7.4,23.2,0,0,20.9,1,1,13086,1,8414,22468,21103,21938,13214,16247,9209,9177,11322,1,11613,21446,20886,5255,8421,9951,6000,8846,8132,16248,21287,16671,19421,2246,150,20348,1,29:17
2024-25,1642347,Jamal Shead,Jamal,1610612761,TOR,Toronto Raptors,0022400078,2024-10-25T00:00:00,TOR vs. PHI,W,25.483333333333334,5.7,15.5,0.364,1.4,2.8,0.5,2.8,2.8,1.0,0.0,2.8,2.8,7.1,9.9,0.0,0.0,0.0,2.8,1.4,15.5,-19.8,19.6,0,0,26.8,1,1,13086,1,11598,12558,7767,16861,12393,18006,3944,8274,10417,1,14058,17317,20183,3936,337,12854,8263,8846,11524,15394,12384,21485,21349,2246,150,16276,1,25:29
2024-25,1642346,Ryan Dunn,Ryan,1610612756,PHX,Phoenix Suns,0022400085,2024-10-25T00:00:00,PHX @ LAL,L,13.516666666666667,8.0,13.3,0.6,8.0,13.3,0.6,0.0,0.0,0.0,0.0,8.0,8.0,2.7,0.0,0.0,0.0,0.0,5.3,0.0,24.0,21.3,37.6,0,0,42.6,1,13222,1,13222,20480,6650,11272,5394,454,1159,2992,13505,14344,13505,14058,4717,8285,14007,16469,12854,8263,8846,3975,17725,4825,3619,9314,2246,150,5341,1,13:31
2024-25,1630631,Jose Alvarado,Jose,1610612740,NOP,New Orleans Pelicans,0022400086,2024-10-25T00:00:00,NOP @ POR,W,13.19,0.0,2.7,0.0,0.0,0.0,0.0,0.0,0.0,0.0,0.0,2.7,2.7,10.9,10.9,8.2,0.0,0.0,8.2,0.0,0.0,-16.4,33.3,0,0,30.0,1,1,13086,1,20658,22635,24575,22635,15070,20945,15070,13505,14344,13505,14058,17610,20390,1026,261,195,8263,8846,1276,17725,23200,20407,12351,2246,150,13929,1,13:11
2024-25,1629014,Anfernee Simons,Anfernee,1610612757,POR,Portland Trail Blazers,0022400086,2024-10-25T00:00:00,POR vs. NOP,L,36.15,6.0,19.9,0.3,2.0,9.0,0.222,10.0,11.0,0.909,0.0,1.0,1.0,7.0,4.0,1.0,0.0,3.0,2.0,4.0,23.9,4.0,34.6,0,0,35.9,1,13222,1,13222,2569,11594,3025,19363,10201,4884,13288,707,1039,6764,14058,21980,23215,4038,3912,11998,8263,1358,15195,6350,4875,10658,11405,2246,150,9479,1,36:09
2024-25,1626162,Kelly Oubre Jr.,Kelly,1610612755,PHI,Philadelphia 76ers,0022400078,2024-10-25T00:00:00,PHI @ TOR,L,39.14833333333333,8.3,15.6,0.529,2.8,5.5,0.5,6.4,7.4,0.875,0.0,1.8,1.8,1.8,3.7,1.8,0.0,2.8,2.8,4.6,25.7,-9.2,32.6,0,0,35.9,1,13222,1,13222,832,6025,7645,8281,7355,11914,3944,2464,3045,6931,14058,20142,22103,16968,4608,7084,8263,1655,11804,4947,3809,17527,12914,2246,150,9472,1,39:09
2024-25,1630178,Tyrese Maxey,Tyrese,1610612755,PHI,Philadelphia 76ers,0022400078,2024-10-25T00:00:00,PHI @ TOR,L,40.89833333333333,5.3,20.2,0.261,1.8,10.6,0.167,8.8,10.6,0.833,0.0,1.8,1.8,3.5,0.9,0.9,0.0,2.6,4.4,6.2,21.1,-0.9,30.3,0,0,29.9,1,13222,1,13222,391,13587,2804,20229,11224,2918,14236,1071,1174,7275,14058,20329,22215,11339,16381,12733,8263,1820,6016,2435,6977,13462,14599,2246,150,13998,1,40:54
2024-25,1626192,Pat Connaughton,Pat,1610612749,MIL,Milwaukee Bucks,0022400083,2024-10-25T00:00:00,MIL vs. CHI,L,16.55,2.2,13.1,0.167,2.2,10.9,0.2,0.0,0.0,0.0,4.4,6.5,10.9,2.2,4.4,0.0,0.0,0.0,2.2,0.0,6.5,-8.7,18.5,0,0,21.8,1,13222,1,13222,18569,21079,11771,21938,9329,2607,13429,13505,14344,13505,3103,7246,4524,15707,3219,12854,8263,8846,14218,17725,21031,17286,21892,2246,150,19812,1,16:33
2024-25,1630558,Davion Mitchell,Davion,1610612761,TOR,Toronto Raptors,0022400078,2024-10-25T00:00:00,TOR vs. PHI,W,19.3,5.6,9.3,0.6,3.7,7.5,0.5,0.0,0.0,0.0,0.0,5.6,5.6,5.6,5.6,0.0,0.0,0.0,11.2,5.6,14.9,9.3,24.4,0,0,29.8,1,1,13086,1,16572,12714,18236,5394,4620,7483,3944,13505,14344,13505,14058,9304,13296,6256,1728,12854,8263,8846,514,3197,12996,8038,18659,2246,150,14066,1,19:18
2024-25,1626167,Myles Turner,Myles,1610612754,IND,Indiana Pacers,0022400081,2024-10-25T00:00:00,IND @ NYK,L,23.216666666666665,7.8,14.0,0.556,0.0,4.7,0.0,4.7,7.8,0.6,1.6,9.3,10.9,1.6,3.1,0.0,4.7,1.6,6.2,4.7,20.2,-35.7,46.4,0,0,41.9,1,13222,1,13222,13533,7157,10235,7248,15070,14076,15070,4593,2707,10343,10117,3199,4543,17807,6122,12854,632,4589,2706,4826,7784,24482,4596,2246,150,5718,1,23:13
2024-25,1641707,Taylor Hendricks,Taylor,1610612762,UTA,Utah Jazz,0022400084,2024-10-25T00:00:00,UTA vs. GSW,L,24.716666666666665,0.0,8.7,0.0,0.0,5.8,0.0,0.0,0.0,0.0,1.5,8.7,10.2,0.0,1.5,2.9,2.9,0.0,4.4,0.0,0.0,-29.1,28.3,0,0,21.8,1,13222,1,13222,12256,22635,19121,22635,15070,11140,15070,13505,14344,13505,10509,3790,5234,19908,12974,3372,1803,8846,6102,17725,23200,23604,16033,2246,150,19758,1,24:43
2024-25,1630699,MarJon Beauchamp,MarJon,1610612749,MIL,Milwaukee Bucks,0022400083,2024-10-25T00:00:00,MIL vs. CHI,L,1.8166666666666667,0.0,19.8,0.0,0.0,19.8,0.0,0.0,0.0,0.0,0.0,0.0,0.0,0.0,19.8,0.0,0.0,0.0,0.0,0.0,0.0,39.6,-19.8,0,0,0.0,1,13222,1,13222,25590,22635,3087,22635,15070,244,15070,13505,14344,13505,14058,22137,23286,19908,49,12854,8263,8846,20257,17725,23200,1002,26278,2246,150,25259,1,1:49
2024-25,1630533,Ziaire Williams,Ziaire,1610612751,BKN,Brooklyn Nets,0022400077,2024-10-25T00:00:00,BKN @ ORL,L,18.688333333333333,5.8,13.5,0.429,1.9,3.9,0.5,0.0,0.0,0.0,1.9,11.6,13.5,1.9,1.9,1.9,0.0,0.0,7.7,0.0,13.5,-19.3,36.4,0,0,34.7,1,13222,1,13222,17045,12172,11027,13735,10520,15893,3944,13505,14344,13505,8721,1587,2494,16655,10923,6640,8263,8846,1508,17725,14522,21331,10080,2246,150,10318,1,18:41
2024-25,1631157,Ryan Rollins,Ryan,1610612749,MIL,Milwaukee Bucks,0022400083,2024-10-25T00:00:00,MIL vs. CHI,L,1.8166666666666667,0.0,0.0,0.0,0.0,0.0,0.0,39.6,39.6,1.0,0.0,0.0,0.0,0.0,0.0,0.0,0.0,0.0,0.0,19.8,39.6,39.6,39.6,0,0,39.6,1,13222,1,13222,25590,22635,24836,22635,15070,20945,15070,14,28,1,14058,22137,23286,19908,16469,12854,8263,8846,20257,44,473,1002,8002,2246,150,6986,1,1:49
2024-25,1631111,Wendell Moore Jr.,Wendell,1610612765,DET,Detroit Pistons,0022400080,2024-10-25T00:00:00,DET @ CLE,L,1.45,0.0,0.0,0.0,0.0,0.0,0.0,0.0,0.0,0.0,0.0,0.0,0.0,0.0,0.0,0.0,0.0,0.0,0.0,0.0,0.0,0.0,0.0,0,0,0.0,1,13222,1,13222,25835,22635,24836,22635,15070,20945,15070,13505,14344,13505,14058,22137,23286,19908,16469,12854,8263,8846,20257,17725,23200,12240,25228,2246,150,25259,1,1:27
2024-25,1629661,Cameron Johnson,Cameron,1610612751,BKN,Brooklyn Nets,0022400077,2024-10-25T00:00:00,BKN @ ORL,L,35.41166666666667,4.1,12.2,0.333,2.0,10.2,0.2,2.0,3.0,0.667,1.0,1.0,2.0,2.0,2.0,0.0,1.0,0.0,4.1,3.0,12.2,-14.2,18.7,0,0,20.3,1,13222,1,13222,3143,16938,13267,17395,9997,3313,13429,10519,9849,9425,13124,21942,21739,16251,10344,12854,7376,8846,6947,9075,15921,19596,21797,2246,150,20672,1,35:25
2024-25,1631133,Jabari Walker,Jabari,1610612757,POR,Portland Trail Blazers,0022400086,2024-10-25T00:00:00,POR vs. NOP,L,16.925,2.1,6.4,0.333,0.0,4.3,0.0,0.0,0.0,0.0,0.0,8.5,8.5,0.0,2.1,0.0,0.0,0.0,4.3,2.1,4.3,2.1,12.3,0,0,12.8,1,13222,1,13222,18302,21194,22233,17395,15070,15006,15070,13505,14344,13505,14058,4050,7457,19908,9867,12854,8263,8846,6418,12497,22435,11557,23938,2246,150,23789,1,16:56
2024-25,203937,Kyle Anderson,Kyle,1610612744,GSW,Golden State Warriors,0022400084,2024-10-25T00:00:00,GSW @ UTA,W,18.795,5.7,13.4,0.429,1.9,7.7,0.25,0.0,0.0,0.0,3.8,7.7,11.5,5.7,0.0,3.8,0.0,0.0,0.0,0.0,13.4,34.5,47.3,0,0,40.2,1,1,13086,1,16974,12275,11144,13735,10563,7061,11902,13505,14344,13505,3835,5221,3954,5956,16469,1813,8263,8846,20257,17725,14611,1450,4205,2246,150,6664,1,18:48
2024-25,1642358,AJ Johnson,AJ,1610612749,MIL,Milwaukee Bucks,0022400083,2024-10-25T00:00:00,MIL vs. CHI,L,1.8166666666666667,0.0,19.8,0.0,0.0,0.0,0.0,0.0,0.0,0.0,0.0,19.8,19.8,0.0,0.0,0.0,0.0,19.8,0.0,0.0,0.0,39.6,23.8,0,0,19.8,1,13222,1,13222,25590,22635,3087,22635,15070,20945,15070,13505,14344,13505,14058,178,558,19908,16469,12854,8263,17,20257,17725,23200,1002,19106,2246,150,20962,1,1:49
2024-25,1642262,Cody Williams,Cody,1610612762,UTA,Utah Jazz,0022400084,2024-10-25T00:00:00,UTA vs. GSW,L,25.2,1.4,8.6,0.167,0.0,4.3,0.0,0.0,0.0,0.0,0.0,4.3,4.3,2.9,1.4,1.4,0.0,0.0,1.4,0.0,2.9,-44.3,15.1,0,0,12.9,1,13222,1,13222,11832,22258,19388,21938,15070,14951,15070,13505,14344,13505,14058,12844,16568,13423,13117,8760,8263,8846,17513,17725,22984,25138,23129,2246,150,23754,1,25:12
2024-25,1642530,Yuki Kawamura,Yuki,1610612763,MEM,Memphis Grizzlies,0022400082,2024-10-25T00:00:00,MEM @ HOU,L,3.566666666666667,0.0,0.0,0.0,0.0,0.0,0.0,0.0,0.0,0.0,0.0,0.0,0.0,10.1,0.0,0.0,0.0,0.0,0.0,0.0,0.0,-10.1,15.1,0,0,10.1,1,13222,1,13222,24684,22635,24836,22635,15070,20945,15070,13505,14344,13505,14058,22137,23286,1389,16469,12854,8263,8846,20257,17725,23200,17922,23134,2246,150,24406,1,3:34
2024-25,1630578,Alperen Sengun,Alperen,1610612745,HOU,Houston Rockets,0022400082,2024-10-25T00:00:00,HOU vs. MEM,W,31.7,5.7,14.8,0.385,0.0,2.3,0.0,6.8,9.1,0.75,5.7,11.4,17.0,2.3,3.4,1.1,0.0,2.3,5.7,6.8,18.2,19.3,42.0,1,0,39.7,1,1,13086,1,6233,12487,8968,16070,15070,19046,15070,2147,1823,8186,1829,1719,1120,15342,5215,10716,8263,2499,3429,1806,9654,4172,6604,1,150,6926,1,31:42
2024-25,1630618,D.J. Carton,D.J.,1610612761,TOR,Toronto Raptors,0022400078,2024-10-25T00:00:00,TOR vs. PHI,W,15.72,0.0,6.9,0.0,0.0,4.6,0.0,0.0,0.0,0.0,0.0,4.6,4.6,6.9,2.3,4.6,0.0,2.3,2.3,0.0,0.0,38.9,27.3,0,0,20.6,1,1,13086,1,19120,22635,21714,22635,15070,14237,15070,13505,14344,13505,14058,12050,15857,4179,9126,1165,8263,2454,13694,17725,23200,1050,16781,2246,150,20514,1,15:43
2024-25,1631093,Jaden Ivey,Jaden,1610612765,DET,Detroit Pistons,0022400080,2024-10-25T00:00:00,DET @ CLE,L,29.266666666666666,9.8,19.7,0.5,2.5,6.2,0.4,4.9,7.4,0.667,0.0,6.2,6.2,4.9,2.5,0.0,0.0,1.2,4.9,4.9,27.1,-1.2,39.4,0,0,40.6,1,13222,1,13222,8428,3411,3197,8526,8279,10316,7874,4159,3013,9425,14058,8001,11938,7642,8406,12854,8263,6053,4794,4259,3184,13688,8163,2246,150,6447,1,29:16
2024-25,1630553,Keon Johnson,Keon,1610612751,BKN,Brooklyn Nets,0022400077,2024-10-25T00:00:00,BKN @ ORL,L,2.066666666666667,17.4,52.3,0.333,0.0,34.8,0.0,0.0,0.0,0.0,0.0,0.0,0.0,0.0,0.0,0.0,0.0,17.4,17.4,0.0,34.8,-34.8,34.8,0,0,34.8,1,13222,1,13222,25421,249,25,17395,15070,30,15070,13505,14344,13505,14058,22137,23286,19908,16469,12854,8263,23,168,17725,982,24388,11166,2246,150,10198,1,2:04
2024-25,1641737,Adem Bona,Adem,1610612755,PHI,Philadelphia 76ers,0022400078,2024-10-25T00:00:00,PHI @ TOR,L,0.84,0.0,0.0,0.0,0.0,0.0,0.0,0.0,0.0,0.0,0.0,0.0,0.0,0.0,0.0,0.0,0.0,0.0,42.9,0.0,0.0,0.0,0.0,0,0,0.0,1,13222,1,13222,26123,22635,24836,22635,15070,20945,15070,13505,14344,13505,14058,22137,23286,19908,16469,12854,8263,8846,17,17725,23200,12240,25228,2246,150,25259,1,0:50
2024-25,202066,Garrett Temple,Garrett,1610612761,TOR,Toronto Raptors,0022400078,2024-10-25T00:00:00,TOR vs. PHI,W,0.22,0.0,0.0,0.0,0.0,0.0,0.0,0.0,0.0,0.0,0.0,0.0,0.0,0.0,0.0,0.0,0.0,0.0,0.0,0.0,0.0,0.0,0.0,0,0,0.0,1,1,13086,1,26260,22635,24836,22635,15070,20945,15070,13505,14344,13505,14058,22137,23286,19908,16469,12854,8263,8846,20257,17725,23200,12240,25228,2246,150,25259,1,0:13
2024-25,1630194,Paul Reed,Paul,1610612765,DET,Detroit Pistons,0022400080,2024-10-25T00:00:00,DET @ CLE,L,6.633333333333334,0.0,0.0,0.0,0.0,0.0,0.0,0.0,0.0,0.0,5.4,0.0,5.4,5.4,10.9,0.0,0.0,0.0,0.0,0.0,0.0,-65.1,3.8,0,0,10.9,1,13222,1,13222,23319,22635,24836,22635,15070,20945,15070,13505,14344,13505,1994,22137,13740,6582,264,12854,8263,8846,20257,17725,23200,25796,25089,2246,150,24253,1,6:38
2024-25,1629018,Gary Trent Jr.,Gary,1610612749,MIL,Milwaukee Bucks,0022400083,2024-10-25T00:00:00,MIL vs. CHI,L,34.016666666666666,3.2,8.5,0.375,2.1,5.3,0.4,2.1,2.1,1.0,0.0,1.1,1.1,2.1,0.0,2.1,0.0,0.0,2.1,1.1,10.6,-5.3,21.4,0,0,20.1,1,13222,1,13222,4244,19049,19542,16299,9612,12483,7874,10238,12364,1,14058,21856,23143,15941,16469,5709,8263,8846,14531,17129,17577,15743,20487,2246,150,20793,1,34:01
2024-25,1630208,Nick Richards,Nick,1610612766,CHA,Charlotte Hornets,0022400079,2024-10-25T00:00:00,CHA @ ATL,L,30.04,3.6,7.2,0.5,0.0,0.0,0.0,7.2,9.6,0.75,7.2,8.4,15.6,2.4,1.2,0.0,1.2,2.4,1.2,4.8,14.4,4.8,39.1,1,0,34.8,1,13222,1,13222,7754,18092,21327,8526,15070,20945,15070,1878,1551,8186,1066,4170,1556,14888,14454,12854,6181,2229,18547,4516,13521,10220,8358,1,150,10258,1,30:02
2024-25,1628374,Lauri Markkanen,Lauri,1610612762,UTA,Utah Jazz,0022400084,2024-10-25T00:00:00,UTA vs. GSW,L,26.833333333333332,5.4,22.8,0.235,1.3,6.7,0.2,5.4,9.4,0.571,2.7,8.0,10.7,2.7,2.7,1.3,0.0,0.0,0.0,10.7,17.4,-22.8,35.7,0,0,34.9,1,13222,1,13222,10465,13353,1450,21144,12684,9089,13429,3566,1660,10536,6141,4628,4670,13955,7581,9235,8263,8846,20257,302,10385,22287,10586,2246,150,10174,1,26:50
2024-25,1630241,Sam Merrill,Sam,1610612739,CLE,Cleveland Cavaliers,0022400080,2024-10-25T00:00:00,CLE vs. DET,W,15.8,0.0,9.1,0.0,0.0,9.1,0.0,0.0,0.0,0.0,0.0,2.3,2.3,4.6,0.0,2.3,0.0,0.0,2.3,2.3,0.0,4.6,16.4,0,0,11.4,1,1,13086,1,19061,22635,18542,22635,15070,4644,15070,13505,14344,13505,14058,18830,21251,8516,16469,5110,8263,8846,13730,11826,23200,10359,22700,2246,150,24135,1,15:48
2024-25,203078,Bradley Beal,Bradley,1610612756,PHX,Phoenix Suns,0022400085,2024-10-25T00:00:00,PHX @ LAL,L,35.43333333333333,6.1,14.2,0.429,3.0,6.1,0.5,0.0,0.0,0.0,0.0,1.0,1.0,9.1,2.0,2.0,1.0,2.0,4.1,1.0,15.2,-12.2,37.3,0,0,34.5,1,13222,1,13222,3125,11233,9793,13735,6352,10447,3944,13505,14344,13505,14058,21944,23192,1904,10349,6097,7379,3121,6957,17329,12667,18808,9476,2246,150,10410,1,35:26
2024-25,1642261,Dalton Knecht,Dalton,1610612747,LAL,Los Angeles Lakers,0022400085,2024-10-25T00:00:00,LAL vs. PHX,W,13.316666666666666,5.4,13.5,0.4,5.4,10.8,0.5,5.4,5.4,1.0,0.0,2.7,2.7,5.4,0.0,2.7,0.0,2.7,0.0,2.7,21.6,35.1,41.1,0,0,40.6,1,1,13086,1,20588,13254,10978,14933,1840,2660,3944,3522,5306,1,14058,17690,20442,6624,16469,3899,8263,1739,20257,10309,6526,1381,7122,2246,150,6477,1,13:19
2024-25,202704,Reggie Jackson,Reggie,1610612755,PHI,Philadelphia 76ers,0022400078,2024-10-25T00:00:00,PHI @ TOR,L,3.4166666666666665,0.0,10.5,0.0,0.0,0.0,0.0,0.0,0.0,0.0,0.0,0.0,0.0,0.0,10.5,0.0,0.0,0.0,0.0,0.0,0.0,-31.6,-10.5,0,0,0.0,1,13222,1,13222,24757,22635,16151,22635,15070,20945,15070,13505,14344,13505,14058,22137,23286,19908,291,12854,8263,8846,20257,17725,23200,23980,26226,2246,150,25259,1,3:25
2024-25,1641763,Julian Phillips,Julian,1610612741,CHI,Chicago Bulls,0022400083,2024-10-25T00:00:00,CHI @ MIL,W,14.866666666666667,2.4,4.8,0.5,2.4,4.8,0.5,0.0,0.0,0.0,2.4,2.4,4.8,0.0,0.0,2.4,0.0,0.0,2.4,0.0,7.3,14.5,20.3,0,0,19.4,1,1,13086,1,19657,20613,23574,8526,8410,13590,3944,13505,14344,13505,6861,18422,15192,19908,16469,4628,8263,8846,13111,17725,20513,5810,21005,2246,150,21220,1,14:52
2024-25,1631210,Jacob Toppin,Jacob,1610612752,NYK,New York Knicks,0022400081,2024-10-25T00:00:00,NYK vs. IND,W,2.1333333333333333,0.0,0.0,0.0,0.0,0.0,0.0,0.0,0.0,0.0,0.0,0.0,0.0,0.0,0.0,0.0,0.0,0.0,0.0,0.0,0.0,0.0,0.0,0,0,0.0,1,1,13086,1,25401,22635,24836,22635,15070,20945,15070,13505,14344,13505,14058,22137,23286,19908,16469,12854,8263,8846,20257,17725,23200,12240,25228,2246,150,25259,1,2:08
2024-25,1630544,Tre Mann,Tre,1610612766,CHA,Charlotte Hornets,0022400079,2024-10-25T00:00:00,CHA @ ATL,L,24.95,8.7,27.4,0.316,2.9,10.1,0.286,4.3,4.3,1.0,4.3,0.0,4.3,5.8,4.3,1.4,0.0,4.3,4.3,4.3,24.5,-1.4,38.4,0,0,40.4,1,13222,1,13222,12051,5332,451,19148,6915,3377,11433,5102,7148,1,3127,22137,16459,5908,3256,8675,8263,536,6196,5520,4471,13776,8784,2246,150,6545,1,24:57
2024-25,1641767,Ben Sheppard,Ben,1610612754,IND,Indiana Pacers,0022400081,2024-10-25T00:00:00,IND @ NYK,L,11.55,6.2,12.5,0.5,0.0,3.1,0.0,0.0,0.0,0.0,0.0,0.0,0.0,0.0,0.0,0.0,0.0,3.1,18.7,0.0,12.5,-40.5,12.5,0,0,12.5,1,13222,1,13222,21471,10880,12784,8526,15070,17430,15070,13505,14344,13505,14058,22137,23286,19908,16469,12854,8263,1221,137,17725,15631,24883,23907,2246,150,23880,1,11:33
2024-25,1629659,Talen Horton-Tucker,Talen,1610612741,CHI,Chicago Bulls,0022400083,2024-10-25T00:00:00,CHI @ MIL,W,1.1666666666666667,0.0,0.0,0.0,0.0,0.0,0.0,0.0,0.0,0.0,0.0,0.0,0.0,0.0,0.0,0.0,0.0,0.0,0.0,0.0,0.0,-61.7,0.0,0,0,0.0,1,1,13086,1,25996,22635,24836,22635,15070,20945,15070,13505,14344,13505,14058,22137,23286,19908,16469,12854,8263,8846,20257,17725,23200,25726,25228,2246,150,25259,1,1:10
2024-25,1630228,Jonathan Kuminga,Jonathan,1610612744,GSW,Golden State Warriors,0022400084,2024-10-25T00:00:00,GSW @ UTA,W,17.666666666666668,2.0,10.2,0.2,0.0,2.0,0.0,0.0,0.0,0.0,0.0,2.0,2.0,2.0,0.0,0.0,2.0,4.1,0.0,2.0,4.1,16.3,15.7,0,0,12.2,1,1,13086,1,17805,21336,16759,21401,15070,19482,15070,13505,14344,13505,14058,19542,21731,16230,16469,12854,3379,628,20257,12890,22519,5140,22958,2246,150,23934,1,17:40
2024-25,1642263,Reed Sheppard,Reed,1610612745,HOU,Houston Rockets,0022400082,2024-10-25T00:00:00,HOU vs. MEM,W,12.625,5.7,14.3,0.4,5.7,11.4,0.5,0.0,0.0,0.0,0.0,0.0,0.0,5.7,0.0,2.9,0.0,0.0,2.9,0.0,17.1,8.6,34.2,0,0,34.2,1,1,13086,1,20933,12413,9757,14933,1557,2170,3944,13505,14344,13505,14058,22137,23286,6037,16469,3546,8263,8846,11410,17725,10730,8380,11641,2246,150,10686,1,12:38
2024-25,1630534,Ochai Agbaji,Ochai,1610612761,TOR,Toronto Raptors,0022400078,2024-10-25T00:00:00,TOR vs. PHI,W,26.216666666666665,6.9,12.4,0.556,0.0,1.4,0.0,2.7,2.7,1.0,4.1,6.9,11.0,1.4,1.4,2.7,0.0,0.0,4.1,1.4,16.5,1.4,38.6,0,0,34.3,1,1,13086,1,10987,9256,12962,7248,15070,20400,15070,8466,10616,1,3407,6593,4424,18422,13443,3811,8263,8846,6767,15552,11409,11924,8653,2246,150,10580,1,26:13
2024-25,1641890,Tyler Smith,Tyler,1610612749,MIL,Milwaukee Bucks,0022400083,2024-10-25T00:00:00,MIL vs. CHI,L,1.8166666666666667,0.0,0.0,0.0,0.0,0.0,0.0,0.0,0.0,0.0,0.0,0.0,0.0,0.0,0.0,0.0,0.0,0.0,0.0,0.0,0.0,39.6,0.0,0,0,0.0,1,13222,1,13222,25590,22635,24836,22635,15070,20945,15070,13505,14344,13505,14058,22137,23286,19908,16469,12854,8263,8846,20257,17725,23200,1002,25228,2246,150,25259,1,1:49
2024-25,1642277,Johnny Furphy,Johnny,1610612754,IND,Indiana Pacers,0022400081,2024-10-25T00:00:00,IND @ NYK,L,4.983333333333333,0.0,21.7,0.0,0.0,7.2,0.0,0.0,0.0,0.0,0.0,0.0,0.0,0.0,0.0,0.0,0.0,7.2,0.0,0.0,0.0,36.1,0.0,0,0,0.0,1,13222,1,13222,23997,22635,1952,22635,15070,7999,15070,13505,14344,13505,14058,22137,23286,19908,16469,12854,8263,137,20257,17725,23200,1275,25228,2246,150,25259,1,4:59
2024-25,203897,Zach LaVine,Zach,1610612741,CHI,Chicago Bulls,0022400083,2024-10-25T00:00:00,CHI @ MIL,W,33.28333333333333,9.7,16.2,0.6,2.2,6.5,0.333,5.4,6.5,0.833,1.1,4.3,5.4,1.1,1.1,0.0,2.2,0.0,0.0,4.3,27.0,9.7,40.6,0,0,40.0,1,1,13086,1,4911,3557,6798,5394,9386,9567,9209,3521,3896,7275,12620,12729,13796,19406,15266,12854,3036,8846,20257,5527,3190,7823,7422,2246,150,6768,1,33:17
2024-25,1642271,Kyle Filipowski,Kyle,1610612762,UTA,Utah Jazz,0022400084,2024-10-25T00:00:00,UTA vs. GSW,L,3.7333333333333334,0.0,0.0,0.0,0.0,0.0,0.0,0.0,0.0,0.0,0.0,0.0,0.0,0.0,0.0,0.0,0.0,0.0,0.0,0.0,0.0,-106.1,0.0,0,0,0.0,1,13222,1,13222,24607,22635,24836,22635,15070,20945,15070,13505,14344,13505,14058,22137,23286,19908,16469,12854,8263,8846,20257,17725,23200,26173,25228,2246,150,25259,1,3:44
2024-25,1630174,Aaron Nesmith,Aaron,1610612754,IND,Indiana Pacers,0022400081,2024-10-25T00:00:00,IND @ NYK,L,17.716666666666665,4.1,10.2,0.4,0.0,2.0,0.0,0.0,0.0,0.0,2.0,2.0,4.1,0.0,2.0,0.0,0.0,2.0,6.1,0.0,8.1,-28.4,11.0,0,0,12.2,1,13222,1,13222,17765,16941,16803,14933,15070,19492,15070,13505,14344,13505,8248,19555,17149,19908,10349,12854,8263,3121,2825,17725,19810,23510,24246,2246,150,23941,1,17:43
2024-25,1630529,Herbert Jones,Herbert,1610612740,NOP,New Orleans Pelicans,0022400086,2024-10-25T00:00:00,NOP @ POR,W,29.201666666666668,4.9,11.1,0.444,0.0,3.7,0.0,0.0,0.0,0.0,1.2,0.0,1.2,1.2,2.5,2.5,1.2,0.0,1.2,1.2,9.9,-4.9,21.8,0,0,19.7,1,1,13086,1,8495,14606,15202,13045,15070,16223,15070,13505,14344,13505,11591,22137,22901,18909,8386,4493,5987,8846,18366,16223,18300,15548,20247,2246,150,21025,1,29:12
2024-25,1641741,Ricky Council IV,Ricky,1610612755,PHI,Philadelphia 76ers,0022400078,2024-10-25T00:00:00,PHI @ TOR,L,4.243333333333333,0.0,17.0,0.0,0.0,8.5,0.0,0.0,0.0,0.0,0.0,0.0,0.0,0.0,0.0,0.0,0.0,0.0,0.0,0.0,0.0,-8.5,0.0,0,0,0.0,1,13222,1,13222,24362,22635,5837,22635,15070,5611,15070,13505,14344,13505,14058,22137,23286,19908,16469,12854,8263,8846,20257,17725,23200,17176,25228,2246,150,25259,1,4:15
2024-25,1630169,Tyrese Haliburton,Tyrese,1610612754,IND,Indiana Pacers,0022400081,2024-10-25T00:00:00,IND @ NYK,L,25.85,0.0,11.1,0.0,0.0,9.7,0.0,0.0,0.0,0.0,0.0,1.4,1.4,7.0,1.4,1.4,0.0,0.0,2.8,0.0,0.0,-32.0,14.9,0,0,11.1,1,13222,1,13222,11287,22635,15123,22635,15070,3787,15070,13505,14344,13505,14058,21103,22706,4046,13315,8942,8263,8846,11703,17725,23200,24033,23213,2246,150,24187,1,25:51
2024-25,1641854,Craig Porter Jr.,Craig,1610612739,CLE,Cleveland Cavaliers,0022400080,2024-10-25T00:00:00,CLE vs. DET,W,1.2833333333333334,0.0,0.0,0.0,0.0,0.0,0.0,0.0,0.0,0.0,0.0,0.0,0.0,0.0,0.0,0.0,0.0,0.0,0.0,0.0,0.0,0.0,0.0,0,0,0.0,1,1,13086,1,25922,22635,24836,22635,15070,20945,15070,13505,14344,13505,14058,22137,23286,19908,16469,12854,8263,8846,20257,17725,23200,12240,25228,2246,150,25259,1,1:17
2024-25,1642450,Daniss Jenkins,Daniss,1610612765,DET,Detroit Pistons,0022400080,2024-10-25T00:00:00,DET @ CLE,L,1.45,0.0,24.8,0.0,0.0,24.8,0.0,0.0,0.0,0.0,0.0,0.0,0.0,0.0,0.0,0.0,0.0,0.0,0.0,0.0,0.0,0.0,0.0,0,0,0.0,1,13222,1,13222,25835,22635,862,22635,15070,113,15070,13505,14344,13505,14058,22137,23286,19908,16469,12854,8263,8846,20257,17725,23200,12240,25228,2246,150,25259,1,1:27
2024-25,1629060,Rui Hachimura,Rui,1610612747,LAL,Los Angeles Lakers,0022400085,2024-10-25T00:00:00,LAL vs. PHX,W,39.016666666666666,4.6,11.1,0.417,1.8,3.7,0.5,1.8,3.7,0.5,1.8,4.6,6.5,1.8,0.9,0.0,0.0,1.8,0.9,2.8,12.9,0.0,22.5,0,0,23.1,1,1,13086,1,879,15457,15247,14532,10898,16237,3944,11129,8496,10625,9063,11953,11256,16949,16274,12854,8263,3754,20088,10080,15182,12240,19863,2246,150,18968,1,39:01
2024-25,1627752,Taurean Prince,Taurean,1610612749,MIL,Milwaukee Bucks,0022400083,2024-10-25T00:00:00,MIL vs. CHI,L,29.633333333333333,6.1,8.5,0.714,1.2,1.2,1.0,0.0,0.0,0.0,3.6,6.1,9.7,2.4,0.0,1.2,0.0,1.2,4.9,0.0,13.4,-10.9,32.3,0,0,29.2,1,13222,1,13222,8100,11300,19480,2752,13285,20605,1,13505,14344,13505,4132,8164,5773,14776,16469,10053,8263,6155,4925,17725,14669,18291,13076,2246,150,14583,1,29:38
2024-25,1641710,Anthony Black,Anthony,1610612753,ORL,Orlando Magic,0022400077,2024-10-25T00:00:00,ORL vs. BKN,W,26.033333333333335,5.5,8.3,0.667,1.4,1.4,1.0,1.4,2.8,0.5,0.0,4.1,4.1,6.9,2.8,0.0,2.8,0.0,5.5,1.4,13.8,18.0,34.7,0,0,31.8,1,1,13086,1,11133,12904,19797,3281,12511,20391,1,12062,10571,10625,14058,13277,16946,4116,7332,12854,2002,8846,3657,15519,14119,4566,11284,2246,150,12537,1,26:02
2024-25,1631323,Simone Fontecchio,Simone,1610612765,DET,Detroit Pistons,0022400080,2024-10-25T00:00:00,DET @ CLE,L,19.85,1.8,7.3,0.25,1.8,7.3,0.25,3.6,3.6,1.0,0.0,3.6,3.6,0.0,1.8,0.0,0.0,0.0,0.0,1.8,9.1,-9.1,11.6,0,0,14.5,1,13222,1,13222,16140,21728,21269,20233,11021,7926,11902,6437,8636,1,14058,14853,18259,19908,11485,12854,8263,8846,20257,13881,19009,17460,24111,2246,150,23252,1,19:51
2024-25,1631095,Jabari Smith Jr.,Jabari,1610612745,HOU,Houston Rockets,0022400082,2024-10-25T00:00:00,HOU vs. MEM,W,35.03333333333333,5.1,13.4,0.385,0.0,3.1,0.0,4.1,4.1,1.0,6.2,10.3,16.4,4.1,3.1,0.0,2.1,2.1,5.1,3.1,14.4,18.5,43.4,1,0,39.0,1,1,13086,1,3435,13983,11204,16070,15070,17485,15070,5508,7607,1,1534,2372,1290,9640,6180,12854,3334,3040,4302,8953,13516,4412,5950,1,150,7354,1,35:02
2024-25,1642377,Jaylen Wells,Jaylen,1610612763,MEM,Memphis Grizzlies,0022400082,2024-10-25T00:00:00,MEM @ HOU,L,21.116666666666667,5.1,23.9,0.214,1.7,8.5,0.2,1.7,3.4,0.5,3.4,3.4,6.8,0.0,0.0,0.0,0.0,1.7,1.7,5.1,13.6,-6.8,21.8,0,0,22.2,1,13222,1,13222,15206,14044,1100,21369,11388,5545,13429,11401,9069,10625,4521,15490,10492,19908,16469,12854,8263,4133,16520,3897,14341,16433,20246,2246,150,19576,1,21:07
2024-25,1641842,Ronald Holland II,Ronald,1610612765,DET,Detroit Pistons,0022400080,2024-10-25T00:00:00,DET @ CLE,L,17.17,4.2,12.6,0.333,0.0,4.2,0.0,0.0,0.0,0.0,0.0,14.7,14.7,2.1,2.1,0.0,2.1,4.2,2.1,2.1,8.4,2.1,33.3,0,0,29.4,1,13222,1,13222,18156,16612,12610,17395,15070,15136,15070,13505,14344,13505,14058,629,1925,16014,10017,12854,3215,585,14626,12627,19601,11575,12315,2246,150,14447,1,17:10
2024-25,1627783,Pascal Siakam,Pascal,1610612754,IND,Indiana Pacers,0022400081,2024-10-25T00:00:00,IND @ NYK,L,23.216666666666665,7.8,17.1,0.455,0.0,6.2,0.0,3.1,3.1,1.0,3.1,4.7,7.8,3.1,3.1,0.0,0.0,0.0,1.6,4.7,18.6,-35.7,29.5,0,0,29.5,1,13222,1,13222,13533,7157,5736,12676,15070,10197,15070,7542,9720,1,5134,11852,8715,12600,6122,12854,8263,8846,17041,4826,9208,24482,15173,2246,150,14355,1,23:13
2024-25,1630217,Desmond Bane,Desmond,1610612763,MEM,Memphis Grizzlies,0022400082,2024-10-25T00:00:00,MEM @ HOU,L,29.18,9.9,19.7,0.5,0.0,4.9,0.0,1.2,2.5,0.5,1.2,2.5,3.7,4.9,2.5,2.5,2.5,1.2,3.7,1.2,21.0,-14.8,45.2,0,0,39.5,1,13222,1,13222,8532,3376,3157,8526,15070,13352,15070,12490,11290,10625,11579,18273,18071,7608,8371,4481,2435,6033,8071,16214,7099,19827,5100,2246,150,7085,1,29:11
2024-25,203110,Draymond Green,Draymond,1610612744,GSW,Golden State Warriors,0022400084,2024-10-25T00:00:00,GSW @ UTA,W,19.84,1.8,7.3,0.25,1.8,3.6,0.5,0.0,0.0,0.0,0.0,3.6,3.6,7.3,3.6,5.4,0.0,0.0,5.4,1.8,5.4,21.8,33.4,0,0,29.0,1,1,13086,1,16151,21727,21263,20233,11016,16376,3944,13505,14344,13505,14058,14850,18257,3676,4715,658,8263,8846,3782,13878,21768,3512,12272,2246,150,14672,1,19:50
2024-25,1630583,Santi Aldama,Santi,1610612763,MEM,Memphis Grizzlies,0022400082,2024-10-25T00:00:00,MEM @ HOU,L,22.366666666666667,0.0,3.2,0.0,0.0,1.6,0.0,3.2,3.2,1.0,0.0,8.0,8.0,4.8,3.2,0.0,3.2,0.0,3.2,3.2,3.2,-20.9,26.6,0,0,22.5,1,13222,1,13222,14222,22635,24419,22635,15070,20154,15070,7281,9481,1,14058,4635,8178,7839,5767,12854,1454,8846,9788,8492,22884,21812,17251,2246,150,19334,1,22:22
2024-25,1631200,Kris Murray,Kris,1610612757,POR,Portland Trail Blazers,0022400086,2024-10-25T00:00:00,POR vs. NOP,L,15.008333333333333,7.2,12.0,0.6,2.4,2.4,1.0,0.0,0.0,0.0,2.4,4.8,7.2,4.8,0.0,0.0,0.0,2.4,2.4,0.0,16.8,-14.4,32.6,0,0,31.2,1,13222,1,13222,19558,8467,13600,5394,8495,18811,1,13505,14344,13505,6927,11445,9755,7927,16469,12854,8263,2224,13214,17725,11081,19651,12867,2246,150,13017,1,15:01
2024-25,1628464,Daniel Theis,Daniel,1610612740,NOP,New Orleans Pelicans,0022400086,2024-10-25T00:00:00,NOP @ POR,W,18.45,2.0,7.8,0.25,0.0,3.9,0.0,5.9,7.8,0.75,2.0,9.8,11.7,7.8,2.0,0.0,0.0,0.0,7.8,7.8,9.8,27.3,33.6,0,0,29.3,1,1,13086,1,17247,21493,20526,20233,15070,15779,15070,3017,2660,8186,8614,2766,3748,3074,10773,12854,8263,8846,1453,1127,18387,2374,12147,2246,150,14502,1,18:27
2024-25,1631108,Max Christie,Max,1610612747,LAL,Los Angeles Lakers,0022400085,2024-10-25T00:00:00,LAL vs. PHX,W,11.416666666666666,3.2,3.2,1.0,3.2,3.2,1.0,0.0,0.0,0.0,0.0,9.5,9.5,0.0,3.2,0.0,0.0,0.0,0.0,0.0,9.5,-53.6,17.7,0,0,22.1,1,1,13086,1,21525,19098,24436,1,6082,17355,1,13505,14344,13505,14058,3063,6105,19908,5966,12854,8263,8846,20257,17725,18678,25527,22235,2246,150,19636,1,11:25
2024-25,1641739,Toumani Camara,Toumani,1610612757,POR,Portland Trail Blazers,0022400086,2024-10-25T00:00:00,POR vs. NOP,L,24.933333333333334,2.9,8.7,0.333,1.4,2.9,0.5,0.0,0.0,0.0,5.8,2.9,8.7,2.9,1.4,1.4,0.0,1.4,5.8,5.8,7.2,4.3,24.8,0,0,23.1,1,13222,1,13222,12062,19685,19253,17395,12276,17884,3944,13505,14344,13505,1760,17121,7208,13319,13033,8666,8263,5003,3262,2932,20544,10461,18397,2246,150,18933,1,24:56
2024-25,1628386,Jarrett Allen,Jarrett,1610612739,CLE,Cleveland Cavaliers,0022400080,2024-10-25T00:00:00,CLE vs. DET,W,31.216666666666665,5.8,8.1,0.714,0.0,0.0,0.0,8.1,9.2,0.875,0.0,12.7,12.7,2.3,1.2,1.2,1.2,1.2,0.0,6.9,19.6,3.5,44.1,1,0,39.2,1,1,13086,1,6684,12215,20135,2752,15070,20945,15070,1373,1752,6931,14058,1104,3008,15210,14773,10554,6463,6606,20257,1715,8256,10909,5637,1,150,7266,1,31:13
2024-25,204456,T.J. McConnell,T.J.,1610612754,IND,Indiana Pacers,0022400081,2024-10-25T00:00:00,IND @ NYK,L,16.2,6.7,8.9,0.75,0.0,0.0,0.0,2.2,4.4,0.5,0.0,4.4,4.4,11.1,4.4,0.0,0.0,0.0,0.0,2.2,15.6,-15.6,33.1,0,0,31.1,1,13222,1,13222,18788,9769,18876,2107,15070,20945,15070,9861,6945,10625,14058,12416,16178,962,3080,12854,8263,8846,20257,12068,12368,20108,12505,2246,150,13065,1,16:12
2024-25,1630574,Ariel Hukporti,Ariel,1610612752,NYK,New York Knicks,0022400081,2024-10-25T00:00:00,NYK vs. IND,W,5.716666666666667,0.0,0.0,0.0,0.0,0.0,0.0,0.0,0.0,0.0,0.0,6.3,6.3,0.0,6.3,0.0,12.6,0.0,6.3,0.0,0.0,-31.5,39.0,0,0,31.5,1,1,13086,1,23692,22635,24836,22635,15070,20945,15070,13505,14344,13505,14058,7698,11608,19908,1226,12854,37,8846,2605,17725,23200,23963,8374,2246,150,12781,1,5:43
2024-25,1641718,Keyonte George,Keyonte,1610612762,UTA,Utah Jazz,0022400084,2024-10-25T00:00:00,UTA vs. GSW,L,29.816666666666666,4.8,14.5,0.333,3.6,9.7,0.375,1.2,1.2,1.0,1.2,1.2,2.4,3.6,6.0,2.4,0.0,1.2,0.0,3.6,14.5,-44.7,24.0,0,0,29.0,1,13222,1,13222,7950,14863,9376,17395,4867,3900,8800,12560,13873,1,11744,21490,20979,11024,1357,4650,8263,6204,20257,7328,13424,25163,18926,2246,150,14725,1,29:49
2024-25,1630592,Jalen Wilson,Jalen,1610612751,BKN,Brooklyn Nets,0022400077,2024-10-25T00:00:00,BKN @ ORL,L,13.166666666666666,0.0,8.2,0.0,0.0,5.5,0.0,0.0,0.0,0.0,0.0,2.7,2.7,5.5,5.5,2.7,0.0,2.7,10.9,0.0,0.0,-46.5,14.2,0,0,13.7,1,13222,1,13222,20670,22635,19945,22635,15070,12035,15070,13505,14344,13505,14058,17595,20383,6489,1833,3839,8263,1693,547,17725,23200,25247,23424,2246,150,23512,1,13:10
2024-25,1629003,Shake Milton,Shake,1610612751,BKN,Brooklyn Nets,0022400077,2024-10-25T00:00:00,BKN @ ORL,L,16.571666666666665,2.2,4.3,0.5,2.2,4.3,0.5,0.0,0.0,0.0,0.0,2.2,2.2,4.3,0.0,0.0,0.0,0.0,6.5,2.2,6.5,-26.1,15.6,0,0,15.2,1,13222,1,13222,18551,21091,23892,8526,9356,14810,3944,13505,14344,13505,14058,19150,21473,9023,16469,12854,8263,8846,2389,12283,21041,23046,22979,2246,150,22993,1,16:34
2024-25,1626164,Devin Booker,Devin,1610612756,PHX,Phoenix Suns,0022400085,2024-10-25T00:00:00,PHX @ LAL,L,35.333333333333336,9.2,21.4,0.429,4.1,10.2,0.4,1.0,2.0,0.5,2.0,1.0,3.1,4.1,2.0,1.0,1.0,2.0,3.1,1.0,23.4,-10.2,37.3,0,0,38.7,1,13222,1,13222,3201,4409,2094,13735,3843,3291,7874,13175,12609,10625,8216,21939,19568,9722,10318,11771,7356,3105,10452,17319,5176,17967,9474,2246,150,7576,1,35:20
2024-25,203914,Gary Harris,Gary,1610612753,ORL,Orlando Magic,0022400077,2024-10-25T00:00:00,ORL vs. BKN,W,16.366666666666667,4.4,11.0,0.4,4.4,11.0,0.4,0.0,0.0,0.0,0.0,2.2,2.2,0.0,0.0,0.0,2.2,0.0,0.0,0.0,13.2,8.8,22.4,0,0,24.2,1,1,13086,1,18676,16060,15357,14933,3231,2488,7874,13505,14344,13505,14058,19065,21410,19908,16469,12854,2946,8846,20257,17725,14872,8273,19908,2246,150,18214,1,16:22
2024-25,1631207,Dalen Terry,Dalen,1610612741,CHI,Chicago Bulls,0022400083,2024-10-25T00:00:00,CHI @ MIL,W,12.35,0.0,2.9,0.0,0.0,0.0,0.0,8.7,11.7,0.75,2.9,2.9,5.8,2.9,0.0,2.9,2.9,0.0,5.8,5.8,8.7,11.7,37.6,0,0,29.1,1,1,13086,1,21073,22635,24516,22635,15070,20945,15070,1093,849,8186,5548,17027,12703,13222,16469,3367,1797,8846,3173,2847,19305,6946,9284,2246,150,14588,1,12:21
2024-25,1641715,Cam Whitmore,Cam,1610612745,HOU,Houston Rockets,0022400082,2024-10-25T00:00:00,HOU vs. MEM,W,13.516666666666667,13.3,32.0,0.417,0.0,10.7,0.0,2.7,8.0,0.333,2.7,5.3,8.0,0.0,2.7,0.0,0.0,2.7,13.3,5.3,29.3,-5.3,36.2,0,0,37.3,1,1,13086,1,20480,897,205,14532,15070,2829,15070,8655,2526,13132,6197,9966,8285,19908,7643,12854,8263,1791,316,3597,2346,15761,10220,2246,150,8515,1,13:31
2024-25,1642419,Jamison Battle,Jamison,1610612761,TOR,Toronto Raptors,0022400078,2024-10-25T00:00:00,TOR vs. PHI,W,14.725,9.8,12.2,0.8,4.9,7.3,0.667,4.9,9.8,0.5,7.3,7.3,14.7,0.0,0.0,0.0,0.0,0.0,14.7,4.9,29.3,9.8,46.9,0,0,48.9,1,1,13086,1,19756,3502,13223,1688,2422,7754,1957,4206,1467,10625,1013,5773,1928,19908,16469,12854,8263,8846,263,4316,2326,7800,4336,2246,150,2856,1,14:44
2024-25,1630703,Scoot Henderson,Scoot,1610612757,POR,Portland Trail Blazers,0022400086,2024-10-25T00:00:00,POR vs. NOP,L,28.508333333333333,8.8,11.4,0.778,1.3,3.8,0.333,0.0,1.3,0.0,0.0,1.3,1.3,7.6,3.8,3.8,0.0,0.0,2.5,7.6,18.9,-10.1,39.4,0,0,36.6,1,13222,1,13222,9115,4990,14732,1994,13022,16021,9209,13505,13797,13505,14058,21356,22859,3312,4353,1862,8263,8846,12690,1281,8918,17931,8132,2246,150,8963,1,28:31
2024-25,1629048,Goga Bitadze,Goga,1610612753,ORL,Orlando Magic,0022400077,2024-10-25T00:00:00,ORL vs. BKN,W,6.4,5.6,11.3,0.5,0.0,0.0,0.0,5.6,11.3,0.5,5.6,5.6,11.3,0.0,0.0,0.0,0.0,0.0,0.0,5.6,16.9,50.6,30.4,0,0,28.1,1,1,13086,1,23409,12631,14928,8526,15070,20945,15070,3286,967,10625,1862,9240,4194,19908,16469,12854,8263,8846,20257,3158,10983,535,14517,2246,150,15342,1,6:24
2024-25,203991,Clint Capela,Clint,1610612737,ATL,Atlanta Hawks,0022400079,2024-10-25T00:00:00,ATL vs. CHA,W,21.55,3.3,3.3,1.0,0.0,0.0,0.0,3.3,3.3,1.0,1.7,10.0,11.7,1.7,3.3,1.7,3.3,0.0,5.0,3.3,10.0,6.7,38.3,0,0,33.4,1,1,13086,1,14889,18660,24371,1,15070,20945,15070,7021,9208,1,9673,2564,3766,17441,5385,7719,1356,8846,4577,8123,18141,9296,8854,2246,150,11306,1,21:33
2024-25,1631222,Jake LaRavia,Jake,1610612763,MEM,Memphis Grizzlies,0022400082,2024-10-25T00:00:00,MEM @ HOU,L,23.45,3.1,6.1,0.5,0.0,3.1,0.0,3.1,7.7,0.4,4.6,4.6,9.2,6.1,3.1,0.0,0.0,0.0,6.1,4.6,9.2,-9.2,26.4,0,0,24.6,1,13222,1,13222,13346,19279,22479,8526,15070,17508,15070,7620,2762,13061,2792,11964,6428,5263,6225,12854,8263,8846,2777,4926,18891,17534,17344,2246,150,17969,1,23:27
2024-25,1628973,Jalen Brunson,Jalen,1610612752,NYK,New York Knicks,0022400081,2024-10-25T00:00:00,NYK vs. IND,W,29.926666666666666,12.0,22.9,0.526,3.6,6.0,0.6,3.6,4.8,0.75,2.4,3.6,6.0,6.0,1.2,0.0,0.0,0.0,1.2,7.2,31.3,43.3,46.3,0,0,46.9,1,1,13086,1,7853,1502,1431,8379,4907,10658,2992,6473,6278,8186,6900,14895,12239,5461,14419,12854,8263,8846,18522,1501,1705,766,4616,2246,150,3519,1,29:56
2024-25,1630168,Onyeka Okongwu,Onyeka,1610612737,ATL,Atlanta Hawks,0022400079,2024-10-25T00:00:00,ATL vs. CHA,W,26.45,4.1,8.2,0.5,1.4,2.7,0.5,0.0,0.0,0.0,0.0,10.9,10.9,4.1,0.0,1.4,0.0,1.4,4.1,0.0,9.5,1.4,32.8,0,0,28.6,1,1,13086,1,10776,16879,19993,8526,12600,18216,3944,13505,14344,13505,14058,1962,4510,9695,16469,9133,8263,5352,6889,17725,18609,11928,12721,2246,150,15002,1,26:27
2024-25,1629660,Ty Jerome,Ty,1610612739,CLE,Cleveland Cavaliers,0022400080,2024-10-25T00:00:00,CLE vs. DET,W,15.833333333333334,9.1,13.6,0.667,0.0,2.3,0.0,11.4,13.6,0.833,2.3,2.3,4.5,9.1,2.3,2.3,0.0,2.3,0.0,6.8,29.6,20.5,53.2,0,0,47.7,1,1,13086,1,19040,4536,10751,3281,15070,19041,15070,429,506,7275,7332,18843,15928,1942,9191,5130,8263,2491,20257,1798,2255,3824,2395,2246,150,3241,1,15:50
2024-25,1629651,Nic Claxton,Nic,1610612751,BKN,Brooklyn Nets,0022400077,2024-10-25T00:00:00,BKN @ ORL,L,20.433333333333334,1.8,7.0,0.25,0.0,0.0,0.0,3.5,3.5,1.0,1.8,7.0,8.8,5.3,1.8,1.8,1.8,1.8,1.8,5.3,7.0,19.4,34.4,0,0,28.2,1,13222,1,13222,15684,21814,21506,20233,15070,20945,15070,6659,8842,1,9379,6282,7005,6855,11697,7396,4138,3998,16336,3654,20685,4145,11554,2246,150,15303,1,20:26
2024-25,203486,Mason Plumlee,Mason,1610612756,PHX,Phoenix Suns,0022400085,2024-10-25T00:00:00,PHX @ LAL,L,18.983333333333334,5.7,7.6,0.75,0.0,0.0,0.0,0.0,0.0,0.0,1.9,11.4,13.3,0.0,0.0,1.9,0.0,1.9,7.6,1.9,11.4,26.5,33.0,0,0,28.4,1,13222,1,13222,16837,12452,20813,2107,15070,20945,15070,13505,14344,13505,8831,1705,2623,19908,16469,6785,8263,3558,1576,13533,16814,2512,12599,2246,150,15112,1,18:59
2024-25,201949,James Johnson,James,1610612754,IND,Indiana Pacers,0022400081,2024-10-25T00:00:00,IND @ NYK,L,3.75,9.6,9.6,1.0,0.0,0.0,0.0,0.0,0.0,0.0,0.0,0.0,0.0,9.6,9.6,0.0,9.6,0.0,0.0,0.0,19.2,38.4,52.8,0,0,48.0,1,13222,1,13222,24601,3722,17768,1,15070,20945,15070,13505,14344,13505,14058,22137,23286,1640,357,12854,77,8846,20257,17725,8649,1083,2507,2246,150,3132,1,3:45
2024-25,2544,LeBron James,LeBron,1610612747,LAL,Los Angeles Lakers,0022400085,2024-10-25T00:00:00,LAL vs. PHX,W,34.7,7.3,13.5,0.538,2.1,5.2,0.4,5.2,8.3,0.625,0.0,4.1,4.1,8.3,2.1,0.0,0.0,0.0,1.0,4.1,21.8,14.5,37.1,0,0,36.3,1,1,13086,1,3691,8311,11025,7978,9795,12737,7874,3781,2325,10271,14058,13270,16940,2614,10129,12854,8263,8846,19486,5947,6389,5812,9591,2246,150,9150,1,34:42
2024-25,203994,Jusuf Nurkić,Jusuf,1610612756,PHX,Phoenix Suns,0022400085,2024-10-25T00:00:00,PHX @ LAL,L,18.416666666666668,2.0,9.8,0.2,0.0,5.9,0.0,3.9,3.9,1.0,2.0,11.7,13.7,7.8,7.8,0.0,2.0,0.0,7.8,2.0,7.8,-37.1,34.0,0,0,33.2,1,13222,1,13222,17266,21488,17432,21401,15070,11043,15070,5863,8025,1,8596,1516,2390,3066,628,12854,3617,8846,1444,13300,20072,24630,11796,2246,150,11472,1,18:25
2024-25,203501,Tim Hardaway Jr.,Tim,1610612765,DET,Detroit Pistons,0022400080,2024-10-25T00:00:00,DET @ CLE,L,23.18,4.7,9.3,0.5,4.7,7.8,0.6,0.0,0.0,0.0,0.0,4.7,4.7,1.6,1.6,0.0,0.0,0.0,1.6,1.6,14.0,-31.1,20.3,0,0,24.8,1,13222,1,13222,13577,15341,18248,8526,2796,6866,2992,13505,14344,13505,14058,11827,15672,17798,12535,12854,8263,8846,17031,14789,13956,23897,21004,2246,150,17796,1,23:11
2024-25,1630540,Miles McBride,Miles,1610612752,NYK,New York Knicks,0022400081,2024-10-25T00:00:00,NYK vs. IND,W,20.616666666666667,5.2,7.0,0.75,3.5,3.5,1.0,0.0,0.0,0.0,0.0,3.5,3.5,3.5,3.5,0.0,0.0,0.0,5.2,3.5,14.0,12.2,19.9,0,0,24.4,1,1,13086,1,15553,13702,21579,2107,5159,16668,1,13505,14344,13505,14058,15259,18566,11404,5025,12854,8263,8846,4129,7683,13969,6704,21210,2246,150,18042,1,20:37
2024-25,1627824,Guerschon Yabusele,Guerschon,1610612755,PHI,Philadelphia 76ers,0022400078,2024-10-25T00:00:00,PHI @ TOR,L,17.466666666666665,6.2,12.4,0.5,0.0,4.1,0.0,6.2,6.2,1.0,0.0,8.2,8.2,2.1,6.2,0.0,2.1,2.1,8.2,4.1,18.5,10.3,31.5,0,0,33.0,1,13222,1,13222,17950,11011,12948,8526,15070,15293,15070,2691,4248,1,14058,4357,7863,16152,1278,12854,3315,3022,1248,5999,9267,7559,13656,2246,150,11664,1,17:28
2024-25,1629028,Deandre Ayton,Deandre,1610612757,POR,Portland Trail Blazers,0022400086,2024-10-25T00:00:00,POR vs. NOP,L,32.925,5.5,15.3,0.357,0.0,0.0,0.0,0.0,1.1,0.0,2.2,14.2,16.4,2.2,1.1,0.0,2.2,1.1,4.4,2.2,10.9,-2.2,39.4,1,0,33.9,1,13222,1,13222,5227,13081,8103,17140,15070,20945,15070,13505,14047,13505,7626,712,1296,15675,15175,12854,2974,7102,6093,12215,17233,14144,8163,1,150,10927,1,32:56
2024-25,1628981,Bruno Fernando,Bruno,1610612761,TOR,Toronto Raptors,0022400078,2024-10-25T00:00:00,TOR vs. PHI,W,7.616666666666666,0.0,9.5,0.0,0.0,0.0,0.0,9.5,9.5,1.0,18.9,9.5,28.4,0.0,14.2,0.0,4.7,0.0,9.5,4.7,9.5,-42.5,43.5,0,0,47.3,1,1,13086,1,22943,22635,18030,22635,15070,20945,15070,857,1631,1,73,3070,109,19908,133,12854,605,8846,827,4664,18683,25022,5889,2246,150,3382,1,7:37
2024-25,1630700,Dyson Daniels,Dyson,1610612737,ATL,Atlanta Hawks,0022400079,2024-10-25T00:00:00,ATL vs. CHA,W,24.4,11.8,14.8,0.8,3.0,5.9,0.5,0.0,0.0,0.0,0.0,1.5,1.5,5.9,1.5,3.0,3.0,0.0,7.4,0.0,26.6,13.3,53.4,0,0,48.7,1,1,13086,1,12564,1654,8979,1688,6672,10930,3944,13505,14344,13505,14058,20928,22600,5665,12874,3270,1753,8846,1727,17725,3402,6266,2352,2246,150,2927,1,24:24
2024-25,1627736,Malik Beasley,Malik,1610612765,DET,Detroit Pistons,0022400080,2024-10-25T00:00:00,DET @ CLE,L,29.3,6.1,13.5,0.455,3.7,7.4,0.5,0.0,0.0,0.0,0.0,4.9,4.9,1.2,1.2,0.0,1.2,0.0,1.2,1.2,16.0,-7.4,26.2,0,0,28.3,1,13222,1,13222,8400,11104,10981,12676,4728,7674,3944,13505,14344,13505,14058,11120,15019,18921,14241,12854,6001,8846,18387,16250,11947,16665,17493,2246,150,15242,1,29:18
2024-25,1630188,Jalen Smith,Jalen,1610612741,CHI,Chicago Bulls,0022400083,2024-10-25T00:00:00,CHI @ MIL,W,14.833333333333334,9.7,21.8,0.444,7.3,12.1,0.6,0.0,0.0,0.0,7.3,4.9,12.1,2.4,2.4,0.0,0.0,0.0,9.7,0.0,26.7,14.6,42.5,0,0,48.5,1,1,13086,1,19683,3593,1886,13045,675,1705,2992,13505,14344,13505,1031,11266,3386,14787,8543,12854,8263,8846,761,17725,3346,5799,6386,2246,150,2975,1,14:50
2024-25,1630560,Cam Thomas,Cam,1610612751,BKN,Brooklyn Nets,0022400077,2024-10-25T00:00:00,BKN @ ORL,L,35.06166666666667,7.2,17.5,0.412,3.1,5.1,0.6,7.2,8.2,0.875,1.0,5.1,6.2,3.1,3.1,0.0,0.0,3.1,2.1,4.1,24.6,-11.3,33.6,0,0,37.0,1,13222,1,13222,3414,8492,5296,14791,6273,12863,2992,1882,2376,6931,13051,10470,11917,12668,6189,12854,8263,1252,14854,6038,4398,18441,12132,2246,150,8747,1,35:04
2024-25,1627780,Gary Payton II,Gary,1610612744,GSW,Golden State Warriors,0022400084,2024-10-25T00:00:00,GSW @ UTA,W,12.738333333333333,5.7,8.5,0.667,0.0,2.8,0.0,0.0,0.0,0.0,0.0,2.8,2.8,5.7,0.0,8.5,0.0,0.0,2.8,0.0,11.3,28.3,48.6,0,0,36.7,1,1,13086,1,20876,12553,19524,3281,15070,18004,15070,13505,14344,13505,14058,17313,20178,6139,16469,179,8263,8846,11521,17725,16890,2215,3771,2246,150,8890,1,12:44
2024-25,1630172,Patrick Williams,Patrick,1610612741,CHI,Chicago Bulls,0022400083,2024-10-25T00:00:00,CHI @ MIL,W,36.083333333333336,5.0,11.0,0.455,2.0,4.0,0.5,1.0,1.0,1.0,1.0,4.0,5.0,2.0,1.0,3.0,0.0,1.0,2.0,1.0,13.0,3.0,29.9,0,0,27.9,1,1,13086,1,2619,14415,15404,12676,10185,15603,3944,13241,14219,1,13276,13756,14817,16389,15865,3172,8263,7950,15172,17406,15125,11125,14849,2246,150,15471,1,36:05
2024-25,1627832,Fred VanVleet,Fred,1610612745,HOU,Houston Rockets,0022400082,2024-10-25T00:00:00,HOU vs. MEM,W,30.916666666666668,5.8,10.5,0.556,5.8,10.5,0.556,1.2,4.7,0.25,0.0,3.5,3.5,3.5,0.0,1.2,0.0,0.0,4.7,3.5,18.6,10.5,31.6,0,0,33.8,1,1,13086,1,6943,12044,16259,7248,1458,3000,3747,12711,6562,13358,14058,15254,18563,11402,16469,10467,8263,8846,5389,7679,9177,7476,13638,2246,150,11020,1,30:55
2024-25,1629684,Grant Williams,Grant,1610612766,CHA,Charlotte Hornets,0022400079,2024-10-25T00:00:00,CHA @ ATL,L,29.2,2.5,8.6,0.286,2.5,7.4,0.333,3.7,4.9,0.75,2.5,2.5,4.9,7.4,1.2,1.2,0.0,0.0,4.9,4.9,11.1,17.3,30.6,0,0,28.4,1,13222,1,13222,8496,20524,19302,19630,8265,7618,9209,6292,6062,8186,6731,18281,14975,3513,14211,9920,8263,8846,4769,4235,17093,4820,14365,2246,150,15172,1,29:12
2024-25,1629636,Darius Garland,Darius,1610612739,CLE,Cleveland Cavaliers,0022400080,2024-10-25T00:00:00,CLE vs. DET,W,33.04666666666667,5.4,12.0,0.455,3.3,7.6,0.429,0.0,0.0,0.0,0.0,2.2,2.2,6.5,3.3,1.1,0.0,0.0,2.2,0.0,14.2,0.0,26.6,0,0,28.3,1,1,13086,1,5117,13143,13619,12676,5762,7129,7394,13505,14344,13505,14058,19131,21454,4654,5608,11109,8263,8846,14197,17725,13777,12240,17228,2246,150,15191,1,33:03
2024-25,1630591,Jalen Suggs,Jalen,1610612753,ORL,Orlando Magic,0022400077,2024-10-25T00:00:00,ORL vs. BKN,W,21.645,5.0,10.0,0.5,3.3,5.0,0.667,3.3,3.3,1.0,0.0,8.3,8.3,1.7,5.0,1.7,0.0,0.0,3.3,3.3,16.6,-1.7,29.1,0,0,33.3,1,1,13086,1,14811,14413,17090,8526,5589,13224,1957,7057,9246,1,14058,4258,7743,17468,2348,7752,8263,8846,9358,8175,11238,13861,15415,2246,150,11438,1,21:39
2024-25,1628969,Mikal Bridges,Mikal,1610612752,NYK,New York Knicks,0022400081,2024-10-25T00:00:00,NYK vs. IND,W,33.483333333333334,8.6,12.9,0.667,2.2,3.2,0.667,3.2,4.3,0.75,1.1,0.0,1.1,5.4,1.1,1.1,0.0,0.0,4.3,2.2,22.6,14.0,34.1,0,0,33.3,1,1,13086,1,4745,5441,12034,3281,9454,17221,1957,7267,7207,8186,12674,22137,23120,6674,15301,11232,8263,8846,6285,12394,5802,6023,11743,2246,150,11375,1,33:29
2024-25,1626166,Cameron Payne,Cameron,1610612752,NYK,New York Knicks,0022400081,2024-10-25T00:00:00,NYK vs. IND,W,22.025,4.9,14.7,0.333,1.6,8.2,0.2,0.0,1.6,0.0,1.6,1.6,3.3,4.9,0.0,1.6,0.0,0.0,1.6,3.3,11.4,4.9,27.6,0,0,24.5,1,1,13086,1,14482,14671,9039,17395,11579,6135,13429,13505,13358,13505,9799,20596,19068,7681,16469,7872,8263,8846,16766,8350,16740,10160,16484,2246,150,18000,1,22:02
2024-25,1641729,Brice Sensabaugh,Brice,1610612762,UTA,Utah Jazz,0022400084,2024-10-25T00:00:00,UTA vs. GSW,L,17.8,6.1,18.2,0.333,4.0,14.2,0.286,2.0,2.0,1.0,4.0,2.0,6.1,0.0,2.0,0.0,0.0,0.0,0.0,2.0,18.2,-56.6,23.5,0,0,28.3,1,13222,1,13222,17706,11321,4456,17395,3899,883,11433,10564,12656,1,3536,19582,12120,19908,10412,12854,8263,8846,20257,12975,9621,25599,19277,2246,150,15197,1,17:48
2024-25,1629216,Gabe Vincent,Gabe,1610612747,LAL,Los Angeles Lakers,0022400085,2024-10-25T00:00:00,LAL vs. PHX,W,20.583333333333332,3.5,8.7,0.4,1.7,5.2,0.333,0.0,0.0,0.0,1.7,1.7,3.5,0.0,0.0,5.2,0.0,0.0,7.0,1.7,8.7,15.7,28.7,0,0,24.5,1,1,13086,1,15578,18332,19106,14933,11256,12600,9209,13505,14344,13505,9415,20351,18556,19908,16469,764,8263,8846,1981,14118,19305,5341,15733,2246,150,18014,1,20:35
2024-25,1630191,Isaiah Stewart,Isaiah,1610612765,DET,Detroit Pistons,0022400080,2024-10-25T00:00:00,DET @ CLE,L,11.453333333333333,0.0,0.0,0.0,0.0,0.0,0.0,0.0,0.0,0.0,3.1,6.3,9.4,3.1,9.4,3.1,3.1,0.0,15.7,0.0,0.0,28.3,25.5,0,0,25.1,1,13222,1,13222,21503,22635,24836,22635,15070,20945,15070,13505,14344,13505,5058,7717,6144,12502,379,2851,1531,8846,218,17725,23200,2211,17959,2246,150,17566,1,11:27
2024-25,1630322,Lindy Waters III,Lindy,1610612744,GSW,Golden State Warriors,0022400084,2024-10-25T00:00:00,GSW @ UTA,W,6.816666666666666,10.6,15.8,0.667,10.6,15.8,0.667,0.0,0.0,0.0,0.0,5.3,5.3,5.3,0.0,5.3,0.0,0.0,0.0,5.3,31.7,58.1,61.8,0,0,63.4,1,1,13086,1,23243,2653,7357,3281,182,544,1957,13505,14344,13505,14058,10069,14088,6864,16469,746,8263,8846,20257,3660,1585,395,989,2246,150,556,1,6:49
2024-25,1641744,Zach Edey,Zach,1610612763,MEM,Memphis Grizzlies,0022400082,2024-10-25T00:00:00,MEM @ HOU,L,22.583333333333332,9.6,15.9,0.6,0.0,0.0,0.0,1.6,4.8,0.333,6.4,8.0,14.3,1.6,0.0,1.6,1.6,1.6,6.4,8.0,20.7,-17.5,49.9,0,0,43.0,1,13222,1,13222,14045,3787,7194,5394,15070,20945,15070,11612,6336,13132,1436,4738,2079,17668,16469,8008,4573,4448,2519,1034,7300,20793,3299,2246,150,5121,1,22:35
2024-25,203952,Andrew Wiggins,Andrew,1610612744,GSW,Golden State Warriors,0022400084,2024-10-25T00:00:00,GSW @ UTA,W,23.366666666666667,4.6,15.4,0.3,3.1,6.2,0.5,3.1,3.1,1.0,7.7,12.3,20.0,7.7,1.5,0.0,3.1,0.0,6.2,4.6,15.4,26.2,58.7,1,0,52.4,1,1,13086,1,13408,15431,7955,19363,6270,10289,3944,7597,9770,1,878,1221,524,3181,12578,12854,1595,8846,2750,4888,12510,2585,1377,1,150,1952,1,23:22
2024-25,1630596,Evan Mobley,Evan,1610612739,CLE,Cleveland Cavaliers,0022400080,2024-10-25T00:00:00,CLE vs. DET,W,31.733333333333334,6.8,13.6,0.5,2.3,3.4,0.667,2.3,2.3,1.0,1.1,5.7,6.8,3.4,4.5,4.5,2.3,1.1,1.1,1.1,18.2,9.1,47.3,0,0,44.2,1,1,13086,1,6208,9405,10807,8526,8977,16860,1957,9731,11879,1,12230,9117,10513,11680,2940,1202,2801,6754,18893,16742,9673,8136,4210,2246,150,4578,1,31:44
2024-25,203083,Andre Drummond,Andre,1610612755,PHI,Philadelphia 76ers,0022400078,2024-10-25T00:00:00,PHI @ TOR,L,22.363333333333333,6.4,17.7,0.364,0.0,0.0,0.0,4.8,12.9,0.375,9.7,4.8,14.5,0.0,3.2,6.4,3.2,4.8,8.0,9.7,17.7,-24.1,60.8,0,0,51.5,1,13222,1,13222,14226,10336,4998,16861,15070,20945,15070,4298,607,13124,445,11342,2002,19908,5763,386,1453,401,1343,485,10123,22610,1088,2246,150,2138,1,22:22
2024-25,1629632,Coby White,Coby,1610612741,CHI,Chicago Bulls,0022400083,2024-10-25T00:00:00,CHI @ MIL,W,34.36666666666667,12.6,21.0,0.6,7.3,13.6,0.538,4.2,4.2,1.0,0.0,6.3,6.3,5.2,3.1,4.2,0.0,0.0,1.0,2.1,36.7,16.8,61.5,0,0,63.9,1,1,13086,1,3950,1216,2369,5394,658,1051,3915,5358,7430,1,14058,7720,11646,6966,6009,1466,8263,8846,19425,12631,733,4985,1026,2246,150,530,1,34:22
2024-25,1629627,Zion Williamson,Zion,1610612740,NOP,New Orleans Pelicans,0022400086,2024-10-25T00:00:00,NOP @ POR,W,29.1,4.9,18.6,0.267,0.0,1.2,0.0,9.9,17.3,0.571,3.7,9.9,13.6,8.7,1.2,1.2,3.7,6.2,3.7,8.7,19.8,8.7,62.7,1,0,52.0,1,1,13086,1,8594,14555,4165,20170,15070,20573,15070,730,213,10536,4018,2657,2427,2299,14183,9890,1076,208,8037,767,8078,8336,899,1,150,2050,1,29:06
2024-25,1641716,Jarace Walker,Jarace,1610612754,IND,Indiana Pacers,0022400081,2024-10-25T00:00:00,IND @ NYK,L,19.506666666666668,7.4,14.8,0.5,1.8,7.4,0.25,5.5,5.5,1.0,1.8,5.5,7.4,5.5,0.0,3.7,0.0,0.0,1.8,5.5,22.1,9.2,50.4,0,0,44.3,1,13222,1,13222,16418,8055,8967,8526,10897,7660,11902,3379,5139,1,9062,9441,9408,6363,16469,1977,8263,8846,15963,3289,6105,8078,3158,2246,150,4560,1,19:30
2024-25,1629234,Drew Eubanks,Drew,1610612762,UTA,Utah Jazz,0022400084,2024-10-25T00:00:00,UTA vs. GSW,L,5.5,6.5,6.5,1.0,6.5,6.5,1.0,6.5,13.1,0.5,13.1,0.0,13.1,13.1,0.0,0.0,0.0,0.0,0.0,6.5,26.2,19.6,61.5,0,0,58.9,1,13222,1,13222,23789,10075,22057,1,979,9437,1,2362,574,10625,187,22137,2743,511,16469,12854,8263,8846,20257,2038,3590,4056,1019,2246,150,927,1,5:30
2024-25,1628420,Monté Morris,Monté,1610612756,PHX,Phoenix Suns,0022400085,2024-10-25T00:00:00,PHX @ LAL,L,13.183333333333334,5.5,8.2,0.667,5.5,8.2,0.667,5.5,5.5,1.0,2.7,2.7,5.5,8.2,0.0,5.5,0.0,0.0,0.0,5.5,21.8,10.9,57.1,0,0,51.9,1,13222,1,13222,20660,13100,19954,3281,1771,6095,1957,3459,5237,1,6028,17602,13640,2701,16469,652,8263,8846,20257,3397,6334,7271,1621,2246,150,2067,1,13:11
2024-25,1629027,Trae Young,Trae,1610612737,ATL,Atlanta Hawks,0022400079,2024-10-25T00:00:00,ATL vs. CHA,W,41.486666666666665,9.5,20.8,0.458,4.3,12.1,0.357,9.5,11.3,0.846,2.6,4.3,6.9,8.7,6.1,3.5,0.0,0.0,0.9,8.7,33.0,7.8,58.7,1,0,59.9,1,1,13086,1,300,3824,2444,12650,3331,1696,9188,825,956,7255,6337,12690,10256,2285,1333,2281,8263,8846,20203,759,1329,8725,1384,1,150,838,1,41:29
2024-25,1641722,Jordan Hawkins,Jordan,1610612740,NOP,New Orleans Pelicans,0022400086,2024-10-25T00:00:00,NOP @ POR,W,28.983333333333334,9.9,14.9,0.667,5.0,8.7,0.571,5.0,5.0,1.0,1.2,5.0,6.2,0.0,0.0,0.0,0.0,0.0,1.2,2.5,29.8,1.2,37.3,0,0,41.0,1,1,13086,1,8688,3283,8741,3281,2320,5278,3506,4093,5995,1,11523,10970,11802,19908,16469,12854,8263,8846,18317,11051,2156,11980,9489,2246,150,6209,1,28:59
2024-25,1631097,Bennedict Mathurin,Bennedict,1610612754,IND,Indiana Pacers,0022400081,2024-10-25T00:00:00,IND @ NYK,L,23.6,12.2,19.8,0.615,3.1,7.6,0.4,3.1,6.1,0.5,0.0,3.1,3.1,1.5,1.5,1.5,0.0,0.0,1.5,4.6,30.5,-15.3,39.5,0,0,41.2,1,13222,1,13222,13227,1405,3080,5246,6345,7124,7874,7668,4348,10625,14058,16553,19582,17889,12635,8293,8263,8846,17127,4994,1923,19996,8073,2246,150,6087,1,23:36
2024-25,203924,Jerami Grant,Jerami,1610612757,POR,Portland Trail Blazers,0022400086,2024-10-25T00:00:00,POR vs. NOP,L,40.22,9.8,20.6,0.478,7.2,15.2,0.471,3.6,3.6,1.0,0.0,5.4,5.4,0.9,4.5,0.9,2.7,0.0,2.7,2.7,30.4,-3.6,44.5,0,0,51.0,1,13222,1,13222,508,3404,2584,11986,708,645,7106,6529,8727,1,14058,9853,13879,19871,3032,12688,2102,8846,12099,10357,1939,14837,5429,2246,150,2269,1,40:13
2024-25,1631218,Trayce Jackson-Davis,Trayce,1610612744,GSW,Golden State Warriors,0022400084,2024-10-25T00:00:00,GSW @ UTA,W,16.9,12.8,12.8,1.0,0.0,0.0,0.0,0.0,0.0,0.0,6.4,12.8,19.2,4.3,2.1,0.0,0.0,0.0,6.4,0.0,25.6,25.6,52.8,0,0,49.0,1,1,13086,1,18320,1120,12243,1,15070,20945,15070,13505,14344,13505,1422,1083,652,9226,9843,12854,8263,8846,2497,17725,3898,2702,2503,2246,150,2835,1,16:54
2024-25,1628970,Miles Bridges,Miles,1610612766,CHA,Charlotte Hornets,0022400079,2024-10-25T00:00:00,CHA @ ATL,L,30.505,9.4,20.1,0.471,3.5,9.4,0.375,9.4,9.4,1.0,1.2,4.7,5.9,0.0,0.0,0.0,1.2,1.2,3.5,7.1,31.9,-18.9,42.5,0,0,43.7,1,13222,1,13222,7318,3966,2925,12143,5060,4199,8800,864,1642,1,11931,11644,12529,19908,16469,12854,6302,6404,8635,1599,1559,21201,6379,2246,150,4848,1,30:30
2024-25,1629021,Moritz Wagner,Moritz,1610612753,ORL,Orlando Magic,0022400077,2024-10-25T00:00:00,ORL vs. BKN,W,15.1,16.7,19.1,0.875,2.4,4.8,0.5,7.2,9.5,0.75,0.0,7.2,7.2,0.0,7.2,2.4,2.4,0.0,11.9,9.5,42.9,4.8,58.6,0,0,62.0,1,1,13086,1,19500,301,3691,1353,8537,13787,3944,1904,1577,8186,14058,6087,9844,19908,831,4748,2585,8846,432,511,317,10242,1386,2246,150,645,1,15:06
2024-25,1631204,Marcus Sasser,Marcus,1610612765,DET,Detroit Pistons,0022400080,2024-10-25T00:00:00,DET @ CLE,L,1.45,0.0,0.0,0.0,0.0,0.0,0.0,0.0,0.0,0.0,24.8,0.0,24.8,24.8,0.0,0.0,0.0,0.0,0.0,0.0,0.0,0.0,67.0,0,0,49.7,1,13222,1,13222,25835,22635,24836,22635,15070,20945,15070,13505,14344,13505,32,22137,199,39,16469,12854,8263,8846,20257,17725,23200,12240,569,2246,150,2623,1,1:27
2024-25,1641724,Jett Howard,Jett,1610612753,ORL,Orlando Magic,0022400077,2024-10-25T00:00:00,ORL vs. BKN,W,1.55,23.2,23.2,1.0,23.2,23.2,1.0,0.0,0.0,0.0,0.0,0.0,0.0,0.0,0.0,0.0,0.0,0.0,0.0,0.0,69.7,23.2,69.7,0,0,92.9,1,1,13086,1,25768,89,1309,1,18,137,1,13505,14344,13505,14058,22137,23286,19908,16469,12854,8263,8846,20257,17725,55,3211,443,2246,150,81,1,1:33
2024-25,1631106,Tari Eason,Tari,1610612745,HOU,Houston Rockets,0022400082,2024-10-25T00:00:00,HOU vs. MEM,W,16.033333333333335,11.2,15.7,0.714,6.7,9.0,0.75,0.0,0.0,0.0,4.5,6.7,11.2,0.0,0.0,4.5,2.2,0.0,4.5,2.2,29.2,18.0,62.9,0,0,60.6,1,1,13086,1,18900,2071,7520,2752,873,4867,1542,13505,14344,13505,2933,6820,4215,19908,16469,1233,2850,8846,5801,11960,2378,4571,888,2246,150,769,1,16:02
2024-25,1642367,Jonathan Mogbo,Jonathan,1610612761,TOR,Toronto Raptors,0022400078,2024-10-25T00:00:00,TOR vs. PHI,W,23.773333333333333,4.5,12.1,0.375,0.0,1.5,0.0,9.1,10.6,0.857,7.6,6.1,13.6,7.6,3.0,3.0,4.5,0.0,3.0,6.1,18.2,31.8,65.6,0,0,54.5,1,1,13086,1,13097,15646,13389,16299,15070,20254,15070,973,1156,7071,927,8212,2419,3316,6361,3093,672,8846,10588,2551,9653,1758,663,2246,150,1544,1,23:46
2024-25,1626157,Karl-Anthony Towns,Karl-Anthony,1610612752,NYK,New York Knicks,0022400081,2024-10-25T00:00:00,NYK vs. IND,W,32.29666666666667,5.6,12.3,0.455,2.2,2.2,1.0,10.0,11.1,0.9,4.5,12.3,16.7,0.0,0.0,1.1,2.2,1.1,2.2,6.7,23.4,18.9,53.5,1,0,49.0,1,1,13086,1,5746,12783,13149,12676,9122,19115,1,690,984,6805,2970,1247,1201,19908,16469,10902,2884,6918,13963,1908,5195,4274,2332,1,150,2823,1,32:18
2024-25,1627742,Brandon Ingram,Brandon,1610612740,NOP,New Orleans Pelicans,0022400086,2024-10-25T00:00:00,NOP @ POR,W,35.31666666666667,8.2,20.4,0.4,4.1,9.2,0.444,1.0,2.0,0.5,2.0,6.1,8.2,4.1,2.0,2.0,1.0,4.1,3.1,4.1,21.4,-3.1,44.4,0,0,43.8,1,1,13086,1,3216,6297,2700,14933,3841,4576,7211,13172,12605,10625,8214,8064,7999,9716,10314,6068,7353,627,10445,6102,6729,14598,5445,2246,150,4773,1,35:19
2024-25,1630224,Jalen Green,Jalen,1610612745,HOU,Houston Rockets,0022400082,2024-10-25T00:00:00,HOU vs. MEM,W,31.75,9.1,23.8,0.381,4.5,9.1,0.5,2.3,6.8,0.333,2.3,4.5,6.8,4.5,2.3,3.4,1.1,1.1,3.4,3.4,24.9,21.5,51.3,0,0,49.9,1,1,13086,1,6199,4573,1119,16250,3001,4709,3944,9732,3563,13132,7356,12163,10521,8564,9223,2379,6581,6758,9072,7944,4236,3570,2912,2246,150,2566,1,31:45
2024-25,203081,Damian Lillard,Damian,1610612749,MIL,Milwaukee Bucks,0022400083,2024-10-25T00:00:00,MIL vs. CHI,L,35.76833333333333,11.1,21.1,0.524,3.0,12.1,0.25,3.0,3.0,1.0,0.0,4.0,4.0,8.1,5.0,0.0,0.0,1.0,1.0,3.0,28.2,-7.0,40.1,0,0,43.3,1,13222,1,13222,2848,2208,2253,8439,6433,1744,11902,7751,9927,1,14058,13645,17259,2837,2302,12854,8263,7864,19670,9164,2716,16519,7725,2246,150,5006,1,35:46
2024-25,1630163,LaMelo Ball,LaMelo,1610612766,CHA,Charlotte Hornets,0022400079,2024-10-25T00:00:00,CHA @ ATL,L,28.711666666666666,12.5,25.1,0.5,11.3,17.6,0.643,6.3,7.5,0.833,1.3,5.0,6.3,5.0,12.5,1.3,1.3,2.5,7.5,8.8,42.6,-7.5,52.7,0,0,70.2,1,13222,1,13222,8917,1227,810,8526,147,377,2841,2621,2882,7275,11466,10840,11680,7433,191,9773,5882,2031,1634,729,330,16743,2544,2246,150,314,1,28:43
2024-25,1630643,Jay Huff,Jay,1610612763,MEM,Memphis Grizzlies,0022400082,2024-10-25T00:00:00,MEM @ HOU,L,15.54,6.9,16.2,0.429,4.6,9.3,0.5,0.0,0.0,0.0,2.3,4.6,6.9,2.3,0.0,4.6,4.6,0.0,4.6,2.3,18.5,-27.8,58.1,0,0,51.0,1,13222,1,13222,19231,9051,6810,13735,2833,4430,3944,13505,14344,13505,7188,11902,10239,15169,16469,1130,638,8846,5459,11682,9289,23390,1457,2246,150,2275,1,15:32
2024-25,203076,Anthony Davis,Anthony,1610612747,LAL,Los Angeles Lakers,0022400085,2024-10-25T00:00:00,LAL vs. PHX,W,37.49666666666667,10.6,17.3,0.611,0.0,0.0,0.0,12.5,16.3,0.765,1.0,6.7,7.7,3.8,1.0,1.0,1.9,1.0,1.9,9.6,33.6,3.8,56.3,0,0,50.9,1,1,13086,1,1689,2658,5471,5351,15070,20945,15070,298,254,8185,13572,6855,8834,10392,16088,12277,3705,8263,15571,494,1195,10729,1770,2246,150,2290,1,37:30
2024-25,1627751,Jakob Poeltl,Jakob,1610612761,TOR,Toronto Raptors,0022400078,2024-10-25T00:00:00,TOR vs. PHI,W,27.39666666666667,6.6,10.5,0.625,0.0,0.0,0.0,11.8,14.5,0.818,1.3,10.5,11.8,3.9,2.6,0.0,5.3,1.3,5.3,9.2,25.0,9.2,58.2,0,0,51.2,1,1,13086,1,10026,10013,16198,4899,15070,20945,15070,362,396,7652,11135,2218,3636,10099,7772,12854,449,5589,4089,595,4230,8090,1450,2246,150,2217,1,27:24
2024-25,201142,Kevin Durant,Kevin,1610612756,PHX,Phoenix Suns,0022400085,2024-10-25T00:00:00,PHX @ LAL,L,38.56666666666667,10.3,15.9,0.647,1.9,2.8,0.667,5.6,6.5,0.857,0.0,3.7,3.7,5.6,2.8,0.0,0.9,0.0,2.8,7.5,28.0,-12.1,40.9,0,0,41.1,1,13222,1,13222,1075,2944,7315,4571,10794,18058,1957,3315,3848,7071,14058,14516,17978,6249,7214,12854,7933,8846,11642,1342,2780,18787,7237,2246,150,6158,1,38:34
2024-25,1629637,Jaxson Hayes,Jaxson,1610612747,LAL,Los Angeles Lakers,0022400085,2024-10-25T00:00:00,LAL vs. PHX,W,17.533333333333335,6.2,6.2,1.0,0.0,0.0,0.0,0.0,0.0,0.0,2.1,10.3,12.3,8.2,2.1,2.1,2.1,0.0,6.2,0.0,12.3,10.3,49.7,0,0,41.1,1,1,13086,1,17895,11074,22464,1,15070,20945,15070,13505,14344,13505,8154,2379,3253,2683,10244,5997,3339,8846,2755,17725,15806,7573,3364,2246,150,6168,1,17:32
2024-25,1630581,Josh Giddey,Josh,1610612741,CHI,Chicago Bulls,0022400083,2024-10-25T00:00:00,CHI @ MIL,W,24.466666666666665,8.8,14.7,0.6,2.9,2.9,1.0,4.4,5.9,0.75,0.0,8.8,8.8,13.2,1.5,0.0,0.0,1.5,0.0,2.9,25.0,2.9,54.0,0,0,50.0,1,1,13086,1,12511,5009,9030,5394,6713,17768,1,4967,4624,8186,14058,3688,6973,493,12892,12854,8263,4878,20257,9444,4210,11151,2199,2246,150,2526,1,24:28
2024-25,1631245,Quenton Jackson,Quenton,1610612754,IND,Indiana Pacers,0022400081,2024-10-25T00:00:00,IND @ NYK,L,4.4,0.0,8.2,0.0,0.0,8.2,0.0,16.4,16.4,1.0,8.2,0.0,8.2,16.4,0.0,8.2,0.0,0.0,8.2,16.4,16.4,24.5,75.3,0,0,57.3,1,13222,1,13222,24286,22635,19967,22635,15070,6111,15070,131,251,1,726,22137,7957,188,16469,196,8263,8846,1281,75,11540,2912,291,2246,150,1135,1,4:24
2024-25,1630559,Austin Reaves,Austin,1610612747,LAL,Los Angeles Lakers,0022400085,2024-10-25T00:00:00,LAL vs. PHX,W,36.65,7.9,11.8,0.667,4.9,6.9,0.714,4.9,5.9,0.833,0.0,3.9,3.9,7.9,3.9,2.9,1.0,0.0,3.9,5.9,25.5,12.8,49.9,0,0,50.1,1,1,13086,1,2246,6933,13960,3281,2390,8720,1861,4173,4610,7275,14058,13938,17492,3039,4020,3276,7588,8846,7351,2751,3916,6493,3298,2246,150,2507,1,36:39
2024-25,1631466,Nate Williams,Nate,1610612745,HOU,Houston Rockets,0022400082,2024-10-25T00:00:00,HOU vs. MEM,W,2.216666666666667,16.2,16.2,1.0,16.2,16.2,1.0,0.0,0.0,0.0,0.0,32.5,32.5,0.0,0.0,0.0,0.0,0.0,0.0,0.0,48.7,32.5,87.7,0,0,97.4,1,1,13086,1,25342,335,6763,1,54,490,1,13505,14344,13505,14058,29,64,19908,16469,12854,8263,8846,20257,17725,173,1675,111,2246,150,64,1,2:13
2024-25,1626172,Kevon Looney,Kevon,1610612744,GSW,Golden State Warriors,0022400084,2024-10-25T00:00:00,GSW @ UTA,W,13.415,10.7,16.1,0.667,0.0,0.0,0.0,2.7,5.4,0.5,18.8,8.1,26.8,2.7,2.7,0.0,2.7,0.0,5.4,2.7,24.2,32.2,65.7,0,0,59.0,1,1,13086,1,20534,2477,6976,3281,15070,20945,15070,8614,5359,10625,75,4627,142,13954,7580,12854,2104,8846,3898,10366,4705,1708,649,2246,150,914,1,13:25
2024-25,203507,Giannis Antetokounmpo,Giannis,1610612749,MIL,Milwaukee Bucks,0022400083,2024-10-25T00:00:00,MIL vs. CHI,L,35.13333333333333,15.4,23.6,0.652,0.0,1.0,0.0,8.2,16.4,0.5,1.0,10.2,11.3,5.1,3.1,0.0,0.0,1.0,1.0,10.2,38.9,-12.3,57.1,1,0,55.3,1,13222,1,13222,3358,438,1209,4556,15070,20833,15070,1318,250,10625,13057,2395,4170,7196,6208,12854,8263,7710,19548,373,525,18856,1620,1,150,1409,1,35:08
2024-25,1627741,Buddy Hield,Buddy,1610612744,GSW,Golden State Warriors,0022400084,2024-10-25T00:00:00,GSW @ UTA,W,19.916666666666668,18.1,25.3,0.714,12.7,16.3,0.778,0.0,0.0,0.0,0.0,7.2,7.2,10.8,0.0,1.8,0.0,1.8,0.0,0.0,48.8,43.4,79.2,0,0,83.1,1,1,13086,1,16083,209,770,2752,116,488,1530,13505,14344,13505,14058,5944,9687,1055,16469,7214,8263,3878,20257,17725,171,762,209,2246,150,129,1,19:55
2024-25,203484,Kentavious Caldwell-Pope,Kentavious,1610612753,ORL,Orlando Magic,0022400077,2024-10-25T00:00:00,ORL vs. BKN,W,25.766666666666666,4.2,9.8,0.429,2.8,7.0,0.4,2.8,2.8,1.0,0.0,1.4,1.4,2.8,0.0,2.8,2.8,0.0,1.4,2.8,14.0,16.8,36.6,0,0,32.1,1,1,13086,1,11353,16617,17424,13735,7227,8490,7874,8360,10495,1,14058,21094,22699,13600,16469,3700,1958,8846,17629,9977,13962,4981,9958,2246,150,12275,1,25:46
2024-25,1628976,Wendell Carter Jr.,Wendell,1610612753,ORL,Orlando Magic,0022400077,2024-10-25T00:00:00,ORL vs. BKN,W,31.45,3.4,5.7,0.6,1.1,3.4,0.333,1.1,2.3,0.5,1.1,11.4,12.6,4.6,0.0,2.3,0.0,0.0,1.1,4.6,9.2,12.6,38.0,0,0,32.1,1,1,13086,1,6450,18465,22882,5394,13683,16802,9209,12774,11822,10625,12161,1671,3071,8457,16469,5082,8263,8846,18842,4985,18938,6568,9026,2246,150,12342,1,31:27
2024-25,1629111,Jock Landale,Jock,1610612745,HOU,Houston Rockets,0022400082,2024-10-25T00:00:00,HOU vs. MEM,W,6.466666666666667,0.0,0.0,0.0,0.0,0.0,0.0,0.0,0.0,0.0,5.6,11.1,16.7,0.0,0.0,0.0,0.0,0.0,0.0,0.0,0.0,-33.4,20.0,0,0,16.7,1,1,13086,1,23380,22635,24836,22635,15070,20945,15070,13505,14344,13505,1899,1830,1206,19908,16469,12854,8263,8846,20257,17725,23200,24217,21145,2246,150,22425,1,6:28
2024-25,203552,Seth Curry,Seth,1610612766,CHA,Charlotte Hornets,0022400079,2024-10-25T00:00:00,CHA @ ATL,L,27.3,4.0,11.9,0.333,4.0,9.2,0.429,0.0,0.0,0.0,4.0,2.6,6.6,2.6,1.3,4.0,0.0,0.0,5.3,1.3,11.9,-11.9,34.3,0,0,33.0,1,13222,1,13222,10100,17196,13824,17395,4084,4485,7394,13505,14344,13505,3651,17863,10967,14090,13719,1679,8263,8846,4068,15814,16266,18692,11599,2246,150,11676,1,27:18
2024-25,1630543,Isaiah Jackson,Isaiah,1610612754,IND,Indiana Pacers,0022400081,2024-10-25T00:00:00,IND @ NYK,L,15.283333333333333,11.8,14.1,0.833,0.0,0.0,0.0,0.0,4.7,0.0,4.7,7.1,11.8,4.7,4.7,2.4,0.0,0.0,7.1,2.4,23.6,-11.8,47.1,0,0,44.8,1,13222,1,13222,19388,1679,9948,1514,15070,20945,15070,13505,6461,13505,2662,6240,3688,8159,2700,4845,8263,8846,1931,11513,5087,18655,4278,2246,150,4370,1,15:17
2024-25,1631260,AJ Green,AJ,1610612749,MIL,Milwaukee Bucks,0022400083,2024-10-25T00:00:00,MIL vs. CHI,L,11.25,9.6,12.8,0.75,9.6,12.8,0.75,0.0,0.0,0.0,0.0,3.2,3.2,3.2,0.0,0.0,0.0,0.0,3.2,0.0,28.8,-19.2,37.4,0,0,44.8,1,13222,1,13222,21601,3722,12207,2107,242,1390,1542,13505,14344,13505,14058,16089,19237,12310,16469,12854,8263,8846,9863,17725,2484,21305,9384,2246,150,4351,1,11:15
2024-25,1630541,Moses Moody,Moses,1610612744,GSW,Golden State Warriors,0022400084,2024-10-25T00:00:00,GSW @ UTA,W,18.795,9.6,19.2,0.5,3.8,9.6,0.4,0.0,0.0,0.0,0.0,1.9,1.9,1.9,3.8,3.8,0.0,1.9,0.0,1.9,23.0,34.5,35.8,0,0,38.3,1,1,13086,1,16974,3766,3620,8526,4359,4006,7874,13505,14344,13505,14058,19930,21973,16699,4234,1813,8263,3492,20257,13455,5490,1450,10498,2246,150,7820,1,18:48
2024-25,1628381,John Collins,John,1610612762,UTA,Utah Jazz,0022400084,2024-10-25T00:00:00,UTA vs. GSW,L,23.7,6.1,15.2,0.4,1.5,4.6,0.333,7.6,7.6,1.0,3.0,7.6,10.6,6.1,4.6,1.5,1.5,0.0,3.0,6.1,21.3,-19.7,47.7,0,0,45.6,1,13222,1,13222,13150,11289,8271,14933,11968,14302,9209,1612,2819,1,5252,5337,4782,5355,2914,8329,4781,8846,10546,2528,6863,21476,4073,2246,150,3995,1,23:42
2024-25,1631105,Jalen Duren,Jalen,1610612765,DET,Detroit Pistons,0022400080,2024-10-25T00:00:00,DET @ CLE,L,29.213333333333335,2.5,4.9,0.5,0.0,0.0,0.0,1.2,4.9,0.25,3.7,4.9,8.6,6.2,1.2,1.2,1.2,1.2,6.2,4.9,6.2,-8.6,31.9,0,0,25.9,1,13222,1,13222,8488,20528,23509,8526,15070,20945,15070,12495,6068,13358,4043,11087,7266,5236,14221,9927,5989,6042,2753,4241,21276,17252,13389,2246,150,17020,1,29:13
2024-25,1629614,Andrew Nembhard,Andrew,1610612754,IND,Indiana Pacers,0022400081,2024-10-25T00:00:00,IND @ NYK,L,21.426666666666666,1.7,5.0,0.333,0.0,3.4,0.0,0.0,0.0,0.0,0.0,3.4,3.4,3.4,5.0,3.4,0.0,0.0,0.0,0.0,3.4,-33.6,17.5,0,0,16.8,1,13222,1,13222,14976,21923,23438,17395,15070,16951,15070,13505,14344,13505,14058,15619,18850,11789,2295,2459,8263,8846,20257,17725,22829,24246,22301,2246,150,22383,1,21:26
2024-25,1629731,Dean Wade,Dean,1610612739,CLE,Cleveland Cavaliers,0022400080,2024-10-25T00:00:00,CLE vs. DET,W,26.783333333333335,9.4,12.1,0.778,6.7,9.4,0.714,0.0,1.3,0.0,0.0,6.7,6.7,1.3,0.0,2.7,0.0,0.0,2.7,1.3,25.5,18.8,43.7,0,0,45.7,1,1,13086,1,10503,4014,13427,1994,883,4240,1861,13505,13672,13505,14058,6855,10700,18521,16469,3936,8263,8846,12084,15708,3917,4309,5816,2246,150,3933,1,26:47
2024-25,1630256,Jae'Sean Tate,Jae'Sean,1610612745,HOU,Houston Rockets,0022400082,2024-10-25T00:00:00,HOU vs. MEM,W,2.216666666666667,0.0,0.0,0.0,0.0,0.0,0.0,0.0,0.0,0.0,0.0,16.2,16.2,16.2,0.0,0.0,0.0,0.0,16.2,0.0,0.0,32.5,43.8,0,0,32.5,1,1,13086,1,25342,22635,24836,22635,15070,20945,15070,13505,14344,13505,14058,403,1344,196,16469,12854,8263,8846,200,17725,23200,1675,5741,2246,150,12002,1,2:13
2024-25,1628449,Chris Boucher,Chris,1610612761,TOR,Toronto Raptors,0022400078,2024-10-25T00:00:00,TOR vs. PHI,W,19.266666666666666,0.0,9.3,0.0,0.0,7.5,0.0,7.5,7.5,1.0,0.0,5.6,5.6,1.9,1.9,3.7,7.5,1.9,0.0,3.7,7.5,9.3,48.8,0,0,37.4,1,1,13086,1,16614,22635,18210,22635,15070,7458,15070,1679,2926,1,14058,9293,13279,16864,11233,1920,172,3674,20257,7024,20339,8021,3711,2246,150,8452,1,19:16
2024-25,1629012,Collin Sexton,Collin,1610612762,UTA,Utah Jazz,0022400084,2024-10-25T00:00:00,UTA vs. GSW,L,20.566666666666666,7.0,22.8,0.308,0.0,3.5,0.0,7.0,8.8,0.8,1.8,1.8,3.5,1.8,7.0,0.0,0.0,7.0,1.8,7.0,21.0,-29.8,20.8,0,0,26.3,1,13222,1,13222,15592,8927,1466,19226,15070,16649,15070,2007,2018,7681,9410,20347,18547,17228,891,12854,8263,155,16367,1663,7073,23698,20773,2246,150,16749,1,20:34
2024-25,1628988,Aaron Holiday,Aaron,1610612745,HOU,Houston Rockets,0022400082,2024-10-25T00:00:00,HOU vs. MEM,W,2.216666666666667,0.0,16.2,0.0,0.0,16.2,0.0,0.0,0.0,0.0,0.0,0.0,0.0,16.2,0.0,0.0,0.0,0.0,0.0,0.0,0.0,32.5,24.4,0,0,16.2,1,1,13086,1,25342,22635,6763,22635,15070,490,15070,13505,14344,13505,14058,22137,23286,196,16469,12854,8263,8846,20257,17725,23200,1675,18700,2246,150,22608,1,2:13
2024-25,1630595,Cade Cunningham,Cade,1610612765,DET,Detroit Pistons,0022400080,2024-10-25T00:00:00,DET @ CLE,L,34.916666666666664,14.4,24.7,0.583,2.1,6.2,0.333,3.1,3.1,1.0,2.1,2.1,4.1,6.2,9.3,0.0,0.0,0.0,4.1,2.1,34.0,-14.4,39.0,0,0,46.4,1,13222,1,13222,3527,595,886,6296,9858,10231,9209,7562,9739,1,8114,19471,17015,5185,394,12854,8263,8846,6757,12795,1129,19676,8431,2246,150,3696,1,34:55
2024-25,1642270,Donovan Clingan,Donovan,1610612757,POR,Portland Trail Blazers,0022400086,2024-10-25T00:00:00,POR vs. NOP,L,14.43,2.5,2.5,1.0,0.0,0.0,0.0,5.0,7.5,0.667,5.0,10.0,15.0,0.0,5.0,0.0,10.0,0.0,7.5,5.0,10.0,0.0,52.9,0,0,44.9,1,13222,1,13222,19938,20470,24644,1,15070,20945,15070,4052,2920,9425,2386,2598,1784,19908,2348,12854,69,8846,1652,4136,18173,12240,2482,2246,150,4309,1,14:26
2024-25,202699,Tobias Harris,Tobias,1610612765,DET,Detroit Pistons,0022400080,2024-10-25T00:00:00,DET @ CLE,L,34.666666666666664,3.1,9.3,0.333,2.1,3.1,0.667,2.1,2.1,1.0,0.0,5.2,5.2,4.2,1.0,1.0,1.0,0.0,1.0,1.0,10.4,-5.2,28.0,0,0,26.0,1,13222,1,13222,3721,19157,18203,17395,9779,17432,1957,10370,12491,1,14058,10298,14295,9512,15574,11601,7202,8846,19480,17222,17772,15693,16197,2246,150,16964,1,34:40
2024-25,1629723,John Konchar,John,1610612763,MEM,Memphis Grizzlies,0022400082,2024-10-25T00:00:00,MEM @ HOU,L,22.116666666666667,3.3,4.9,0.667,3.3,4.9,0.667,1.6,3.3,0.5,3.3,6.5,9.8,3.3,1.6,3.3,1.6,0.0,3.3,3.3,11.4,-11.4,41.0,0,0,37.4,1,13222,1,13222,14402,18871,23547,3281,5797,13484,1957,11547,9412,10625,4830,7283,5721,12135,12226,2640,4489,8846,9632,8392,16803,18483,7163,2246,150,8404,1,22:07
2024-25,201988,Patty Mills,Patty,1610612762,UTA,Utah Jazz,0022400084,2024-10-25T00:00:00,UTA vs. GSW,L,18.183333333333334,5.9,13.9,0.429,2.0,9.9,0.2,0.0,0.0,0.0,0.0,2.0,2.0,0.0,2.0,2.0,2.0,0.0,2.0,0.0,13.9,-7.9,26.1,0,0,25.7,1,13222,1,13222,17449,11684,10410,13735,10246,3608,13429,13505,14344,13505,14058,19729,21839,19908,10613,6341,3539,8846,15256,17725,14090,16940,17536,2246,150,17112,1,18:11
2024-25,1630249,Vít Krejčí,Vít,1610612737,ATL,Atlanta Hawks,0022400079,2024-10-25T00:00:00,ATL vs. CHA,W,14.736666666666666,2.4,4.9,0.5,0.0,2.4,0.0,2.4,4.9,0.5,0.0,0.0,0.0,0.0,2.4,2.4,2.4,0.0,12.2,2.4,7.3,9.8,19.5,0,0,17.1,1,1,13086,1,19744,20569,23543,8526,15070,18727,15070,9214,6141,10625,14058,22137,23286,19908,8480,4556,2480,8846,402,11190,20460,7805,21386,2246,150,22260,1,14:44
2024-25,1630175,Cole Anthony,Cole,1610612753,ORL,Orlando Magic,0022400077,2024-10-25T00:00:00,ORL vs. BKN,W,19.571666666666665,1.8,5.5,0.333,1.8,3.7,0.5,1.8,3.7,0.5,0.0,1.8,1.8,3.7,1.8,5.5,0.0,0.0,3.7,7.4,7.4,9.2,29.8,0,0,25.8,1,1,13086,1,16358,21687,23075,17395,10929,16270,3944,11151,8531,10625,14058,20141,22102,10852,11370,630,8263,8846,8175,1415,20439,8092,14944,2246,150,17105,1,19:34
2024-25,1630590,Scotty Pippen Jr.,Scotty,1610612763,MEM,Memphis Grizzlies,0022400082,2024-10-25T00:00:00,MEM @ HOU,L,24.183333333333334,6.0,13.4,0.444,3.0,4.5,0.667,4.5,6.0,0.75,0.0,4.5,4.5,6.0,1.5,0.0,0.0,1.5,3.0,4.5,19.4,-19.4,32.2,0,0,32.7,1,13222,1,13222,12740,11645,11154,13045,6598,14533,1957,4886,4537,8186,14058,12348,16131,5581,12800,12854,8263,4816,10823,5216,8505,21360,13213,2246,150,11841,1,24:11
2024-25,201939,Stephen Curry,Stephen,1610612744,GSW,Golden State Warriors,0022400084,2024-10-25T00:00:00,GSW @ UTA,W,27.416666666666668,9.2,26.3,0.35,5.3,17.1,0.308,2.6,2.6,1.0,0.0,3.9,3.9,5.3,3.9,2.6,0.0,1.3,3.9,1.3,26.3,28.9,42.8,0,0,46.0,1,1,13086,1,10001,4379,600,17337,1995,411,11292,8745,10917,1,14058,13914,17473,6934,3998,4080,8263,5593,7319,15851,3550,2120,6219,2246,150,3825,1,27:25
2024-25,1642278,Tyler Kolek,Tyler,1610612752,NYK,New York Knicks,0022400081,2024-10-25T00:00:00,NYK vs. IND,W,3.75,0.0,0.0,0.0,0.0,0.0,0.0,38.4,38.4,1.0,0.0,0.0,0.0,0.0,9.6,0.0,0.0,0.0,0.0,19.2,38.4,-38.4,28.8,0,0,38.4,1,1,13086,1,24601,22635,24836,22635,15070,20945,15070,17,34,1,14058,22137,23286,19908,357,12854,8263,8846,20257,53,567,24736,15629,2246,150,7766,1,3:45
2024-25,203995,Vasilije Micić,Vasilije,1610612766,CHA,Charlotte Hornets,0022400079,2024-10-25T00:00:00,CHA @ ATL,L,18.591666666666665,1.9,11.6,0.167,0.0,5.8,0.0,0.0,0.0,0.0,5.8,5.8,11.6,1.9,1.9,0.0,0.0,1.9,0.0,0.0,3.9,1.9,18.8,0,0,17.4,1,13222,1,13222,17118,21525,14275,21938,15070,11189,15070,13505,14344,13505,1739,8778,3831,16621,10870,12854,8263,3435,20257,17725,22618,11657,21765,2246,150,22119,1,18:36
2024-25,1628415,Dillon Brooks,Dillon,1610612745,HOU,Houston Rockets,0022400082,2024-10-25T00:00:00,HOU vs. MEM,W,31.208333333333332,5.8,13.8,0.417,2.3,6.9,0.333,6.9,6.9,1.0,3.5,1.2,4.6,0.0,0.0,2.3,0.0,2.3,3.5,3.5,20.8,15.0,33.2,0,0,32.3,1,1,13086,1,6698,12213,10436,14532,8825,8623,9209,2059,3452,1,4436,21623,15789,19908,16469,5010,8263,2413,8865,7777,7263,5629,12411,2246,150,12141,1,31:13
2024-25,1626171,Bobby Portis,Bobby,1610612749,MIL,Milwaukee Bucks,0022400083,2024-10-25T00:00:00,MIL vs. CHI,L,27.835,5.2,11.6,0.444,1.3,3.9,0.333,0.0,0.0,0.0,2.6,12.9,15.5,1.3,1.3,1.3,0.0,0.0,0.0,0.0,11.6,-6.5,34.8,0,0,32.3,1,13222,1,13222,9681,13886,14242,13045,12886,15848,9209,13505,14344,13505,6385,1041,1572,18685,13838,9501,8263,8846,20257,17725,16532,16275,11209,2246,150,12123,1,27:50
2024-25,1641764,Brandin Podziemski,Brandin,1610612744,GSW,Golden State Warriors,0022400084,2024-10-25T00:00:00,GSW @ UTA,W,24.633333333333333,10.2,20.5,0.5,1.5,7.3,0.2,0.0,0.0,0.0,1.5,5.8,7.3,1.5,0.0,1.5,1.5,0.0,2.9,1.5,21.9,35.1,41.7,0,0,38.0,1,1,13086,1,12343,2994,2666,8526,12203,7803,13429,13505,14344,13505,10478,8677,9558,18126,16469,8571,4987,8846,11073,15174,6274,1391,6802,2246,150,8031,1,24:38
2024-25,1642274,Yves Missi,Yves,1610612740,NOP,New Orleans Pelicans,0022400086,2024-10-25T00:00:00,NOP @ POR,W,22.298333333333332,3.2,8.1,0.4,0.0,0.0,0.0,6.5,9.7,0.667,3.2,6.5,9.7,3.2,0.0,0.0,3.2,1.6,3.2,4.8,12.9,-17.8,39.1,0,0,32.3,1,1,13086,1,14285,18930,20136,14933,15070,20945,15070,2441,1511,9425,4884,7398,5814,12198,16469,12854,1446,4395,9741,4401,15183,20855,8356,2246,150,12147,1,22:18
2024-25,1628378,Donovan Mitchell,Donovan,1610612739,CLE,Cleveland Cavaliers,0022400080,2024-10-25T00:00:00,CLE vs. DET,W,30.116666666666667,9.6,25.1,0.381,1.2,9.6,0.125,2.4,4.8,0.5,1.2,1.2,2.4,6.0,2.4,0.0,0.0,1.2,3.6,8.4,22.7,13.1,32.2,0,0,32.3,1,1,13086,1,7664,3790,807,16250,13396,4022,14886,9362,6337,10625,11818,21523,21027,5538,8698,12854,8263,6296,8475,871,5696,6322,13212,2246,150,12151,1,30:07
2024-25,1628998,Cody Martin,Cody,1610612766,CHA,Charlotte Hornets,0022400079,2024-10-25T00:00:00,CHA @ ATL,L,23.213333333333335,1.6,7.8,0.2,1.6,4.7,0.333,0.0,0.0,0.0,1.6,6.2,7.8,1.6,0.0,0.0,0.0,0.0,3.1,0.0,4.7,-12.4,16.3,0,0,15.5,1,13222,1,13222,13549,22113,20591,21401,11860,14075,9209,13505,14344,13505,10116,7885,8713,17806,16469,12854,8263,8846,10269,17725,22214,18904,22747,2246,150,22878,1,23:13
2024-25,202696,Nikola Vučević,Nikola,1610612741,CHI,Chicago Bulls,0022400083,2024-10-25T00:00:00,CHI @ MIL,W,32.0,7.9,19.1,0.412,4.5,10.1,0.444,4.5,4.5,1.0,2.3,9.0,11.3,4.5,1.1,0.0,0.0,1.1,4.5,2.3,24.8,7.9,43.9,1,0,45.0,1,1,13086,1,5961,6898,3642,14791,3070,3351,7211,4838,6840,1,7419,3516,4194,8651,14975,12854,8263,6837,5775,11936,4340,8698,5734,1,150,4259,1,32:00
2024-25,1631094,Paolo Banchero,Paolo,1610612753,ORL,Orlando Magic,0022400077,2024-10-25T00:00:00,ORL vs. BKN,W,37.205,3.9,12.6,0.308,1.0,1.9,0.5,5.8,10.6,0.545,1.0,4.8,5.8,8.7,0.0,0.0,1.0,1.9,1.9,7.7,14.5,2.9,37.4,0,0,31.9,1,1,13086,1,1858,17408,12616,19226,14717,19672,3944,3082,1132,10618,13517,11306,12757,2268,16469,12854,7707,3438,15489,1172,13394,11172,9379,2246,150,12435,1,37:12
2024-25,1630526,Jeremiah Robinson-Earl,Jeremiah,1610612740,NOP,New Orleans Pelicans,0022400086,2024-10-25T00:00:00,NOP @ POR,W,4.233333333333333,0.0,0.0,0.0,0.0,0.0,0.0,0.0,0.0,0.0,0.0,17.0,17.0,0.0,17.0,0.0,0.0,0.0,8.5,0.0,0.0,-25.5,3.4,0,0,17.0,1,1,13086,1,24363,22635,24836,22635,15070,20945,15070,13505,14344,13505,14058,329,1125,19908,85,12854,8263,8846,1134,17725,23200,22919,25110,2246,150,22301,1,4:14
2024-25,200768,Kyle Lowry,Kyle,1610612755,PHI,Philadelphia 76ers,0022400078,2024-10-25T00:00:00,PHI @ TOR,L,29.216666666666665,3.7,6.2,0.6,3.7,6.2,0.6,6.2,6.2,1.0,0.0,1.2,1.2,2.5,2.5,3.7,0.0,0.0,6.2,4.9,17.3,-14.8,31.1,0,0,32.0,1,13222,1,13222,8478,17847,22462,5394,4710,10293,2992,2715,4272,1,14058,21435,22902,14667,8391,1969,8263,8846,2754,4243,10575,19813,14022,2246,150,12363,1,29:13
2024-25,1627750,Jamal Murray,Jamal,1610612743,DEN,Denver Nuggets,0022400075,2024-10-24T00:00:00,DEN vs. OKC,L,38.45,3.7,12.2,0.308,1.9,4.7,0.4,1.9,1.9,1.0,1.9,3.7,5.6,3.7,2.8,1.9,0.0,0.9,1.9,1.9,11.2,-1.9,26.4,0,0,26.2,1,13222,1,13222,1135,17721,13300,19226,10768,14010,7874,11038,13053,1,8937,14484,13247,10667,7187,6907,8263,8444,15820,13629,16968,13962,17347,2246,150,16790,1,38:27
2024-25,201942,DeMar DeRozan,DeMar,1610612758,SAC,Sacramento Kings,0022400076,2024-10-24T00:00:00,SAC vs. MIN,L,42.53333333333333,5.9,15.2,0.389,0.0,1.7,0.0,10.2,11.8,0.857,0.8,5.9,6.8,1.7,1.7,0.8,0.0,1.7,0.0,5.9,22.0,6.8,33.5,0,0,32.2,1,13222,1,13222,199,11732,8195,16009,15070,20055,15070,658,796,7071,14005,8497,10591,17387,11945,12795,8263,4166,20257,2716,6210,9255,12183,2246,150,12253,1,42:32
2024-25,203967,Dario Šarić,Dario,1610612743,DEN,Denver Nuggets,0022400075,2024-10-24T00:00:00,DEN vs. OKC,L,11.033333333333333,3.3,6.5,0.5,0.0,3.3,0.0,0.0,0.0,0.0,0.0,3.3,3.3,0.0,0.0,3.3,0.0,0.0,3.3,0.0,6.5,-19.6,20.2,0,0,16.3,1,13222,1,13222,21693,18845,22077,8526,15070,17150,15070,13505,14344,13505,14058,15896,19074,19908,16469,2628,8263,8846,9599,17725,21031,21423,21047,2246,150,22579,1,11:02
2024-25,1628467,Maxi Kleber,Maxi,1610612742,DAL,Dallas Mavericks,0022400074,2024-10-24T00:00:00,DAL vs. SAS,W,15.4,2.3,7.0,0.333,2.3,2.3,1.0,0.0,0.0,0.0,0.0,9.4,9.4,2.3,0.0,0.0,2.3,2.3,2.3,0.0,7.0,42.1,28.8,0,0,25.7,1,1,13086,1,19307,20784,21543,17395,8712,18922,1,13505,14344,13505,14058,3158,6257,15092,16469,12854,2670,2355,13492,17725,20713,835,15678,2246,150,17128,1,15:24
2024-25,202681,Kyrie Irving,Kyrie,1610612742,DAL,Dallas Mavericks,0022400074,2024-10-24T00:00:00,DAL vs. SAS,W,27.4,7.9,22.3,0.353,3.9,9.2,0.429,0.0,0.0,0.0,1.3,2.6,3.9,2.6,0.0,2.6,1.3,0.0,1.3,1.3,19.7,19.7,40.2,0,0,38.1,1,1,13086,1,10016,6873,1661,17268,4110,4537,7394,13505,14344,13505,11136,17878,17463,14127,16469,4067,5591,8846,17978,15846,8152,4040,7633,2246,150,7958,1,27:24
2024-25,1642267,Bub Carrington,Bub,1610612764,WAS,Washington Wizards,0022400073,2024-10-24T00:00:00,WAS vs. BOS,L,25.89,1.4,8.3,0.167,0.0,2.8,0.0,1.4,2.8,0.5,0.0,4.2,4.2,2.8,2.8,0.0,2.8,0.0,4.2,1.4,4.2,-32.0,18.9,0,0,16.7,1,13222,1,13222,11252,22301,19730,21938,15070,18109,15070,12042,10537,10625,14058,13203,16881,13646,7286,12854,1980,8846,6633,15494,22476,24027,21695,2246,150,22431,1,25:53
2024-25,1630531,Jaden Springer,Jaden,1610612738,BOS,Boston Celtics,0022400073,2024-10-24T00:00:00,BOS @ WAS,W,5.55,0.0,6.5,0.0,0.0,0.0,0.0,6.5,13.0,0.5,13.0,6.5,19.5,6.5,0.0,0.0,0.0,0.0,0.0,13.0,6.5,-51.9,39.6,0,0,32.4,1,1,13086,1,23763,22635,22130,22635,15070,20945,15070,2414,588,10625,193,7336,601,4735,16469,12854,8263,8846,20257,157,21057,25466,8030,2246,150,12035,1,5:33
2024-25,1631104,Blake Wesley,Blake,1610612759,SAS,San Antonio Spurs,0022400074,2024-10-24T00:00:00,SAS @ DAL,L,8.866666666666667,8.1,12.2,0.667,0.0,0.0,0.0,8.1,8.1,1.0,0.0,0.0,0.0,8.1,0.0,0.0,0.0,0.0,0.0,4.1,24.4,52.8,36.5,0,0,32.5,1,13222,1,13222,22508,6363,13288,3281,15070,20945,15070,1350,2434,1,14058,22137,23286,2765,16469,12854,8263,8846,20257,6142,4574,488,10001,2246,150,12002,1,8:52
2024-25,1630162,Anthony Edwards,Anthony,1610612750,MIN,Minnesota Timberwolves,0022400076,2024-10-24T00:00:00,MIN @ SAC,W,39.2,9.2,22.0,0.417,4.6,13.8,0.333,6.4,6.4,1.0,0.9,5.5,6.4,3.7,2.8,0.9,0.0,0.9,3.7,4.6,29.4,7.3,42.6,0,0,45.9,1,1,13086,1,813,4391,1806,14532,2909,1001,9209,2472,3968,1,13832,9512,11325,10870,7363,12576,8263,8565,8187,4962,2304,8964,6301,2246,150,3847,1,39:12
2024-25,1641705,Victor Wembanyama,Victor,1610612759,SAS,San Antonio Spurs,0022400074,2024-10-24T00:00:00,SAS @ DAL,L,28.466666666666665,6.3,22.8,0.278,1.3,10.1,0.125,7.6,7.6,1.0,2.5,8.9,11.4,1.3,5.1,0.0,1.3,2.5,1.3,6.3,21.5,-25.3,35.8,0,0,37.9,1,13222,1,13222,9147,10643,1462,20025,13011,3358,14886,1617,2825,1,6525,3660,4065,18775,2266,12854,5826,1991,18196,2262,6638,22871,10515,2246,150,8067,1,28:28
2024-25,201950,Jrue Holiday,Jrue,1610612738,BOS,Boston Celtics,0022400073,2024-10-24T00:00:00,BOS @ WAS,W,22.75,1.6,6.3,0.25,0.0,1.6,0.0,7.9,7.9,1.0,0.0,3.2,3.2,1.6,3.2,0.0,0.0,1.6,4.7,4.7,11.1,22.2,14.1,0,0,15.8,1,1,13086,1,13906,22058,22295,20233,15070,20188,15070,1452,2580,1,14058,16215,19325,17703,5927,12854,8263,4478,5183,4617,17116,3424,23480,2246,150,22776,1,22:45
2024-25,1631114,Jalen Williams,Jalen,1610612760,OKC,Oklahoma City Thunder,0022400075,2024-10-24T00:00:00,OKC @ DEN,W,33.721666666666664,5.3,17.1,0.313,2.1,8.5,0.25,0.0,1.1,0.0,1.1,2.1,3.2,3.2,5.3,0.0,2.1,1.1,3.2,1.1,12.8,0.0,22.5,0,0,25.6,1,1,13086,1,4517,13439,5714,19175,9531,5513,11902,13505,14095,13505,12737,19256,19233,12296,1967,12854,3110,7340,9852,17077,15279,12240,19853,2246,150,17197,1,33:43
2024-25,1641731,Bilal Coulibaly,Bilal,1610612764,WAS,Washington Wizards,0022400073,2024-10-24T00:00:00,WAS vs. BOS,L,29.833333333333332,1.2,2.4,0.5,0.0,0.0,0.0,7.2,9.7,0.75,1.2,6.0,7.2,7.2,3.6,1.2,0.0,0.0,0.0,4.8,9.7,-22.9,29.2,0,0,26.5,1,13222,1,13222,7938,22486,24666,8526,15070,20945,15070,1839,1524,8186,11750,8258,9671,3701,4736,10122,8263,8846,20257,4443,18488,22316,15359,2246,150,16505,1,29:50
2024-25,1630183,Jaden McDaniels,Jaden,1610612750,MIN,Minnesota Timberwolves,0022400076,2024-10-24T00:00:00,MIN @ SAC,W,27.486666666666668,2.6,11.8,0.222,0.0,5.2,0.0,2.6,2.6,1.0,2.6,0.0,2.6,3.9,2.6,0.0,1.3,0.0,3.9,1.3,7.9,-9.2,18.2,0,0,17.0,1,1,13086,1,9954,20246,13959,21205,15070,12618,15070,8760,10934,1,6299,22137,20606,10138,7805,12854,5608,8846,7350,15861,20035,17511,22000,2246,150,22296,1,27:29
2024-25,101108,Chris Paul,Chris,1610612759,SAS,San Antonio Spurs,0022400074,2024-10-24T00:00:00,SAS @ DAL,L,28.766666666666666,1.3,7.5,0.167,1.3,5.0,0.25,0.0,0.0,0.0,0.0,8.8,8.8,10.0,2.5,1.3,0.0,0.0,3.8,3.8,3.8,-26.3,30.5,0,0,26.3,1,13222,1,13222,8867,22449,20914,21938,13094,13200,11902,13505,14344,13505,14058,3766,7087,1429,8235,9794,8263,8846,7894,6973,22666,23084,14407,2246,150,16733,1,28:46
2024-25,1629656,Quentin Grimes,Quentin,1610612742,DAL,Dallas Mavericks,0022400074,2024-10-24T00:00:00,DAL vs. SAS,W,14.983333333333333,2.4,14.4,0.167,0.0,2.4,0.0,0.0,0.0,0.0,0.0,0.0,0.0,0.0,0.0,0.0,0.0,2.4,2.4,0.0,4.8,26.4,4.8,0,0,4.8,1,1,13086,1,19573,20657,9490,21938,15070,18802,15070,13505,14344,13505,14058,22137,23286,19908,16469,12854,8263,2212,13194,17725,22123,2537,25015,2246,150,25123,1,14:59
2024-25,1631124,Julian Strawther,Julian,1610612743,DEN,Denver Nuggets,0022400075,2024-10-24T00:00:00,DEN vs. OKC,L,17.258333333333333,6.3,12.5,0.5,0.0,4.2,0.0,0.0,0.0,0.0,0.0,0.0,0.0,2.1,2.1,2.1,0.0,2.1,4.2,0.0,12.5,-48.0,19.8,0,0,18.8,1,13222,1,13222,18106,10826,12699,8526,15070,15185,15070,13505,14344,13505,14058,22137,23286,16043,10065,5848,8263,2961,6632,17725,15581,25311,21252,2246,150,21495,1,17:16
2024-25,1628978,Donte DiVincenzo,Donte,1610612750,MIN,Minnesota Timberwolves,0022400076,2024-10-24T00:00:00,MIN @ SAC,W,26.64666666666667,5.4,13.5,0.4,1.4,8.1,0.167,0.0,0.0,0.0,1.4,0.0,1.4,2.7,2.7,0.0,0.0,1.4,4.1,0.0,12.2,9.5,15.1,0,0,17.6,1,1,13086,1,10615,13269,10990,14933,12649,6272,14236,13505,14344,13505,10976,22137,22756,13902,7532,12854,8263,5396,6988,17725,15972,7960,23136,2246,150,22046,1,26:39
2024-25,1641717,Cason Wallace,Cason,1610612760,OKC,Oklahoma City Thunder,0022400075,2024-10-24T00:00:00,OKC @ DEN,W,23.036666666666665,3.1,10.9,0.286,0.0,1.6,0.0,0.0,0.0,0.0,3.1,3.1,6.3,0.0,0.0,3.1,0.0,1.6,1.6,0.0,6.3,28.1,23.1,0,0,18.8,1,1,13086,1,13698,19140,15463,19630,15070,20215,15070,13505,14344,13505,5086,16341,11710,19908,16469,2880,8263,4548,16985,17725,21210,2244,19480,2246,150,21510,1,23:02
2024-25,1631120,JD Davison,JD,1610612738,BOS,Boston Celtics,0022400073,2024-10-24T00:00:00,BOS @ WAS,W,8.066666666666666,0.0,4.5,0.0,0.0,4.5,0.0,0.0,0.0,0.0,0.0,4.5,4.5,4.5,13.4,0.0,0.0,0.0,4.5,0.0,0.0,-44.6,-1.3,0,0,8.9,1,1,13086,1,22791,22635,23827,22635,15070,14539,15070,13505,14344,13505,14058,12356,16135,8734,146,12854,8263,8846,5855,17725,23200,25160,26149,2246,150,24622,1,8:04
2024-25,1629652,Luguentz Dort,Luguentz,1610612760,OKC,Oklahoma City Thunder,0022400075,2024-10-24T00:00:00,OKC @ DEN,W,28.583333333333332,2.5,8.8,0.286,0.0,2.5,0.0,1.3,1.3,1.0,1.3,1.3,2.5,0.0,0.0,3.8,1.3,1.3,3.8,1.3,6.3,-1.3,24.4,0,0,18.9,1,1,13086,1,9046,20426,18989,19630,15070,18589,15070,12422,13803,1,11421,21365,20768,19908,16469,1875,5853,5872,7809,16086,21186,13696,18665,2246,150,21435,1,28:35
2024-25,204060,Joe Ingles,Joe,1610612750,MIN,Minnesota Timberwolves,0022400076,2024-10-24T00:00:00,MIN @ SAC,W,5.05,0.0,0.0,0.0,0.0,0.0,0.0,0.0,0.0,0.0,0.0,0.0,0.0,7.1,0.0,0.0,0.0,0.0,7.1,0.0,0.0,-7.1,10.7,0,0,7.1,1,1,13086,1,23973,22635,24836,22635,15070,20945,15070,13505,14344,13505,14058,22137,23286,3850,16469,12854,8263,8846,1870,17725,23200,16565,24301,2246,150,24878,1,5:03
2024-25,1641775,Jordan Walsh,Jordan,1610612738,BOS,Boston Celtics,0022400073,2024-10-24T00:00:00,BOS @ WAS,W,10.133333333333333,0.0,10.7,0.0,0.0,7.1,0.0,0.0,0.0,0.0,0.0,0.0,0.0,0.0,0.0,0.0,3.6,0.0,3.6,3.6,0.0,-35.5,10.7,0,0,7.1,1,1,13086,1,22062,22635,15961,22635,15070,8243,15070,13505,14344,13505,14058,22137,23286,19908,16469,12854,1187,8846,8592,7522,23200,24468,24314,2246,150,24883,1,10:08
2024-25,1627936,Alex Caruso,Alex,1610612760,OKC,Oklahoma City Thunder,0022400075,2024-10-24T00:00:00,OKC @ DEN,W,19.095,0.0,3.8,0.0,0.0,1.9,0.0,0.0,0.0,0.0,3.8,7.5,11.3,7.5,1.9,0.0,0.0,0.0,3.8,1.9,0.0,35.8,23.0,0,0,18.9,1,1,13086,1,16760,22635,24199,22635,15070,19767,15070,13505,14344,13505,3925,5423,4121,3346,11127,12854,8263,8846,7834,13565,23200,1313,19564,2246,150,21453,1,19:06
2024-25,1631099,Keegan Murray,Keegan,1610612758,SAC,Sacramento Kings,0022400076,2024-10-24T00:00:00,SAC vs. MIN,L,43.0,6.7,14.2,0.471,4.2,8.4,0.5,1.7,1.7,1.0,1.7,7.5,9.2,1.7,0.0,0.0,0.0,0.0,2.5,0.8,19.3,7.5,32.8,1,0,34.3,1,13222,1,13222,152,9684,9783,12143,3591,5792,3944,11461,13317,1,9656,5433,6434,17430,16469,12854,8263,8846,12751,17708,8588,8865,12708,1,150,10584,1,43:00
2024-25,1642273,Kyshawn George,Kyshawn,1610612764,WAS,Washington Wizards,0022400073,2024-10-24T00:00:00,WAS vs. BOS,L,20.283333333333335,3.5,10.6,0.333,0.0,7.1,0.0,0.0,0.0,0.0,0.0,5.3,5.3,3.5,0.0,1.8,0.0,0.0,5.3,1.8,7.1,-8.9,24.1,0,0,19.5,1,13222,1,13222,15795,18208,15968,17395,15070,8256,15070,13505,14344,13505,14058,9973,13986,11251,16469,7355,8263,8846,3982,14022,20636,17368,18844,2246,150,21138,1,20:17
2024-25,1630198,Isaiah Joe,Isaiah,1610612760,OKC,Oklahoma City Thunder,0022400075,2024-10-24T00:00:00,OKC @ DEN,W,20.413333333333334,5.3,17.6,0.3,1.8,10.6,0.167,0.0,0.0,0.0,1.8,1.8,3.5,1.8,0.0,0.0,0.0,1.8,0.0,0.0,12.3,5.3,19.2,0,0,19.4,1,1,13086,1,15709,13562,5093,19363,11208,2894,14236,13505,14344,13505,9372,20323,18496,17185,16469,12854,8263,3995,20257,17725,15763,9962,21536,2246,150,21204,1,20:25
2024-25,1628989,Kevin Huerter,Kevin,1610612758,SAC,Sacramento Kings,0022400076,2024-10-24T00:00:00,SAC vs. MIN,L,19.6,1.8,7.3,0.25,0.0,5.5,0.0,0.0,0.0,0.0,0.0,7.3,7.3,0.0,0.0,0.0,0.0,0.0,3.7,0.0,3.7,16.5,12.5,0,0,11.0,1,13222,1,13222,16331,21693,21147,20233,15070,11927,15070,13505,14344,13505,14058,5757,9483,19908,16469,12854,8263,8846,8187,17725,22707,5060,23901,2246,150,24217,1,19:36
2024-25,1630230,Naji Marshall,Naji,1610612742,DAL,Dallas Mavericks,0022400074,2024-10-24T00:00:00,DAL vs. SAS,W,21.221666666666668,1.7,10.2,0.167,0.0,3.4,0.0,0.0,0.0,0.0,0.0,1.7,1.7,5.1,0.0,0.0,0.0,1.7,1.7,0.0,3.4,-11.9,13.1,0,0,10.2,1,1,13086,1,15140,21903,16772,21938,15070,16876,15070,13505,14344,13505,14058,20467,22304,7269,16469,12854,8263,4159,16549,17725,22812,18697,23751,2246,150,24390,1,21:13
2024-25,1631098,Johnny Davis,Johnny,1610612764,WAS,Washington Wizards,0022400073,2024-10-24T00:00:00,WAS vs. BOS,L,4.131666666666667,0.0,8.7,0.0,0.0,8.7,0.0,0.0,0.0,0.0,0.0,0.0,0.0,0.0,0.0,0.0,0.0,0.0,0.0,0.0,0.0,61.0,0.0,0,0,0.0,1,13222,1,13222,24421,22635,19165,22635,15070,5248,15070,13505,14344,13505,14058,22137,23286,19908,16469,12854,8263,8846,20257,17725,23200,346,25228,2246,150,25259,1,4:08
2024-25,1641765,Olivier-Maxence Prosper,Olivier-Maxence,1610612742,DAL,Dallas Mavericks,0022400074,2024-10-24T00:00:00,DAL vs. SAS,W,1.7,0.0,0.0,0.0,0.0,0.0,0.0,0.0,0.0,0.0,0.0,0.0,0.0,0.0,0.0,0.0,0.0,0.0,0.0,0.0,0.0,-42.4,0.0,0,0,0.0,1,1,13086,1,25663,22635,24836,22635,15070,20945,15070,13505,14344,13505,14058,22137,23286,19908,16469,12854,8263,8846,20257,17725,23200,25003,25228,2246,150,25259,1,1:42
2024-25,201143,Al Horford,Al,1610612738,BOS,Boston Celtics,0022400073,2024-10-24T00:00:00,BOS @ WAS,W,20.083333333333332,0.0,3.6,0.0,0.0,1.8,0.0,0.0,0.0,0.0,1.8,7.2,9.0,1.8,3.6,0.0,0.0,0.0,0.0,0.0,0.0,30.5,9.9,0,0,10.8,1,1,13086,1,15960,22635,24275,22635,15070,19926,15070,13505,14344,13505,9265,6061,6799,17104,4805,12854,8263,8846,20257,17725,23200,1902,24443,2246,150,24279,1,20:05
2024-25,203497,Rudy Gobert,Rudy,1610612750,MIN,Minnesota Timberwolves,0022400076,2024-10-24T00:00:00,MIN @ SAC,W,34.62166666666667,1.0,2.1,0.5,0.0,0.0,0.0,1.0,2.1,0.5,1.0,10.4,11.4,1.0,3.1,2.1,0.0,0.0,4.2,5.2,3.1,-6.2,21.5,0,0,19.8,1,1,13086,1,3769,22605,24742,8526,15070,20945,15070,13112,12484,10625,12945,2290,4021,19560,6065,5877,8263,8846,6670,3774,22917,16183,20397,2246,150,21005,1,34:37
2024-25,203915,Spencer Dinwiddie,Spencer,1610612742,DAL,Dallas Mavericks,0022400074,2024-10-24T00:00:00,DAL vs. SAS,W,2.95,0.0,0.0,0.0,0.0,0.0,0.0,0.0,0.0,0.0,0.0,12.2,12.2,0.0,0.0,0.0,0.0,0.0,0.0,0.0,0.0,-24.4,14.6,0,0,12.2,1,1,13086,1,25007,22635,24836,22635,15070,20945,15070,13505,14344,13505,14058,1270,3346,19908,16469,12854,8263,8846,20257,17725,23200,22668,23298,2246,150,23939,1,2:57
2024-25,203926,Doug McDermott,Doug,1610612758,SAC,Sacramento Kings,0022400076,2024-10-24T00:00:00,SAC vs. MIN,L,5.533333333333333,0.0,6.5,0.0,0.0,6.5,0.0,0.0,0.0,0.0,0.0,0.0,0.0,0.0,0.0,0.0,0.0,0.0,13.0,0.0,0.0,-19.5,0.0,0,0,0.0,1,13222,1,13222,23768,22635,22103,22635,15070,9531,15070,13505,14344,13505,14058,22137,23286,19908,16469,12854,8263,8846,340,17725,23200,21403,25228,2246,150,25259,1,5:32
2024-25,1630702,Jaden Hardy,Jaden,1610612742,DAL,Dallas Mavericks,0022400074,2024-10-24T00:00:00,DAL vs. SAS,W,19.666666666666668,5.5,11.0,0.5,5.5,9.2,0.6,3.7,3.7,1.0,1.8,0.0,1.8,3.7,3.7,0.0,1.8,0.0,5.5,1.8,20.1,-9.2,29.7,0,0,34.8,1,1,13086,1,16285,13002,15377,8526,1743,4603,2992,6367,8564,1,9126,22137,22112,10901,4649,12854,3980,8846,3712,13803,7809,17502,15051,2246,150,10246,1,19:40
2024-25,1642505,Alex Ducas,Alex,1610612760,OKC,Oklahoma City Thunder,0022400075,2024-10-24T00:00:00,OKC @ DEN,W,1.1833333333333333,0.0,0.0,0.0,0.0,0.0,0.0,0.0,0.0,0.0,0.0,0.0,0.0,0.0,0.0,0.0,0.0,0.0,0.0,0.0,0.0,0.0,0.0,0,0,0.0,1,1,13086,1,25970,22635,24836,22635,15070,20945,15070,13505,14344,13505,14058,22137,23286,19908,16469,12854,8263,8846,20257,17725,23200,12240,25228,2246,150,25259,1,1:11
2024-25,1642259,Alex Sarr,Alex,1610612764,WAS,Washington Wizards,0022400073,2024-10-24T00:00:00,WAS vs. BOS,L,21.866666666666667,1.6,11.5,0.143,0.0,8.2,0.0,0.0,0.0,0.0,1.6,6.6,8.2,1.6,0.0,0.0,3.3,0.0,3.3,0.0,3.3,-39.5,25.5,0,0,19.8,1,13222,1,13222,14601,21974,14431,22260,15070,6031,15070,13505,14344,13505,9760,7130,7888,17520,16469,12854,1403,8846,9481,17725,22853,24805,17927,2246,150,21007,1,21:52
2024-25,1628436,Luke Kornet,Luke,1610612738,BOS,Boston Celtics,0022400073,2024-10-24T00:00:00,BOS @ WAS,W,16.215,4.4,6.7,0.667,0.0,0.0,0.0,0.0,0.0,0.0,2.2,6.7,8.9,2.2,0.0,0.0,0.0,0.0,8.9,0.0,8.9,28.9,22.9,0,0,20.0,1,1,13086,1,18787,15954,21941,3281,15070,20945,15070,13505,14344,13505,7531,6980,6914,15554,16469,12854,8263,8846,1003,17725,19193,2125,19637,2246,150,20874,1,16:13
2024-25,1642349,Ajay Mitchell,Ajay,1610612760,OKC,Oklahoma City Thunder,0022400075,2024-10-24T00:00:00,OKC @ DEN,W,6.85,0.0,15.8,0.0,0.0,5.3,0.0,0.0,0.0,0.0,0.0,5.3,5.3,5.3,5.3,0.0,0.0,0.0,0.0,0.0,0.0,-5.3,8.9,0,0,10.5,1,1,13086,1,23234,22635,7448,22635,15070,12577,15070,13505,14344,13505,14058,10138,14144,6922,2055,12854,8263,8846,20257,17725,23200,15729,24578,2246,150,24332,1,6:51
2024-25,1628401,Derrick White,Derrick,1610612738,BOS,Boston Celtics,0022400073,2024-10-24T00:00:00,BOS @ WAS,W,29.266666666666666,7.4,13.5,0.545,4.9,8.6,0.571,3.7,4.9,0.75,1.2,3.7,4.9,4.9,1.2,1.2,0.0,1.2,1.2,4.9,23.4,40.6,39.1,0,0,40.6,1,1,13086,1,8428,8056,10957,7695,2373,5403,3506,6307,6079,8186,11605,14660,15004,7642,14231,9941,8263,6053,18377,4259,5225,939,8322,2246,150,6447,1,29:16
2024-25,1629640,Keldon Johnson,Keldon,1610612759,SAS,San Antonio Spurs,0022400074,2024-10-24T00:00:00,SAS @ DAL,L,24.783333333333335,4.4,13.1,0.333,1.5,4.4,0.333,0.0,0.0,0.0,0.0,5.8,5.8,2.9,2.9,0.0,0.0,0.0,0.0,1.5,10.2,-17.4,18.6,0,0,20.3,1,13222,1,13222,12187,16179,11727,17395,12241,14778,9209,13505,14344,13505,14058,8775,12746,13259,6823,12854,8263,8846,20257,15231,17982,20756,21849,2246,150,20670,1,24:47
2024-25,1629618,Jalen Pickett,Jalen,1610612743,DEN,Denver Nuggets,0022400075,2024-10-24T00:00:00,DEN vs. OKC,L,1.6333333333333333,0.0,22.0,0.0,0.0,22.0,0.0,0.0,0.0,0.0,0.0,0.0,0.0,0.0,0.0,0.0,0.0,0.0,0.0,0.0,0.0,0.0,0.0,0,0,0.0,1,13222,1,13222,25696,22635,1795,22635,15070,172,15070,13505,14344,13505,14058,22137,23286,19908,16469,12854,8263,8846,20257,17725,23200,12240,25228,2246,150,25259,1,1:38
2024-25,1630192,Zeke Nnaji,Zeke,1610612743,DEN,Denver Nuggets,0022400075,2024-10-24T00:00:00,DEN vs. OKC,L,1.6333333333333333,0.0,22.0,0.0,0.0,22.0,0.0,0.0,0.0,0.0,0.0,0.0,0.0,0.0,0.0,0.0,0.0,0.0,0.0,0.0,0.0,0.0,0.0,0,0,0.0,1,13222,1,13222,25696,22635,1795,22635,15070,172,15070,13505,14344,13505,14058,22137,23286,19908,16469,12854,8263,8846,20257,17725,23200,12240,25228,2246,150,25259,1,1:38
2024-25,1641745,Adam Flagler,Adam,1610612760,OKC,Oklahoma City Thunder,0022400075,2024-10-24T00:00:00,OKC @ DEN,W,1.1833333333333333,0.0,0.0,0.0,0.0,0.0,0.0,0.0,0.0,0.0,0.0,0.0,0.0,0.0,0.0,0.0,0.0,0.0,0.0,0.0,0.0,0.0,0.0,0,0,0.0,1,1,13086,1,25970,22635,24836,22635,15070,20945,15070,13505,14344,13505,14058,22137,23286,19908,16469,12854,8263,8846,20257,17725,23200,12240,25228,2246,150,25259,1,1:11
2024-25,201144,Mike Conley,Mike,1610612750,MIN,Minnesota Timberwolves,0022400076,2024-10-24T00:00:00,MIN @ SAC,W,27.341666666666665,2.6,11.9,0.222,2.6,9.2,0.286,0.0,0.0,0.0,1.3,1.3,2.6,5.3,0.0,0.0,1.3,0.0,2.6,1.3,7.9,-7.9,22.9,0,0,21.1,1,1,13086,1,10076,20214,13865,21205,7732,4502,11433,13505,14344,13505,11119,21251,20577,6899,16469,12854,5579,8846,12314,15826,19997,16930,19618,2246,150,20242,1,27:21
2024-25,1628368,De'Aaron Fox,De'Aaron,1610612758,SAC,Sacramento Kings,0022400076,2024-10-24T00:00:00,SAC vs. MIN,L,37.15,5.8,13.6,0.429,1.0,3.9,0.25,1.9,1.9,1.0,0.0,1.9,1.9,10.7,1.9,1.0,0.0,0.0,2.9,2.9,14.5,1.9,33.8,1,0,30.0,1,13222,1,13222,1884,12076,10887,13735,14710,15857,11902,10843,12888,1,14058,19868,21937,1134,10859,12216,8263,8846,11160,9571,13368,11655,11955,1,150,13912,1,37:09
2024-25,1630200,Tre Jones,Tre,1610612759,SAS,San Antonio Spurs,0022400074,2024-10-24T00:00:00,SAS @ DAL,L,15.633333333333333,0.0,4.6,0.0,0.0,0.0,0.0,6.9,9.2,0.75,2.3,0.0,2.3,6.9,0.0,2.3,0.0,0.0,0.0,4.6,6.9,4.6,26.9,0,0,20.7,1,13222,1,13222,19175,22635,23740,22635,15070,20945,15070,2066,1759,8186,7232,22137,21197,4119,16469,5027,8263,8846,20257,4926,20786,10334,16991,2246,150,20449,1,15:38
2024-25,1630572,Sandro Mamukelashvili,Sandro,1610612759,SAS,San Antonio Spurs,0022400074,2024-10-24T00:00:00,SAS @ DAL,L,5.983333333333333,0.0,0.0,0.0,0.0,0.0,0.0,0.0,0.0,0.0,0.0,18.1,18.1,0.0,6.0,0.0,6.0,0.0,6.0,0.0,0.0,60.2,33.7,0,0,30.1,1,13222,1,13222,23607,22635,24836,22635,15070,20945,15070,13505,14344,13505,14058,252,883,19908,1365,12854,308,8846,2917,17725,23200,365,12044,2246,150,13885,1,5:59
2024-25,1629023,P.J. Washington,P.J.,1610612742,DAL,Dallas Mavericks,0022400074,2024-10-24T00:00:00,DAL vs. SAS,W,26.316666666666666,5.5,15.0,0.364,2.7,9.6,0.286,1.4,2.7,0.5,2.7,4.1,6.8,2.7,0.0,1.4,0.0,0.0,1.4,1.4,15.0,-8.2,31.5,0,0,30.1,1,1,13086,1,10888,13065,8528,16861,7431,4008,11433,12112,10655,10625,6021,13414,10445,13806,16469,9092,8263,8846,17752,15586,12864,17055,13697,2246,150,13872,1,26:19
2024-25,1626168,Trey Lyles,Trey,1610612758,SAC,Sacramento Kings,0022400076,2024-10-24T00:00:00,SAC vs. MIN,L,10.75,3.3,13.4,0.25,3.3,10.0,0.333,0.0,0.0,0.0,0.0,3.3,3.3,3.3,0.0,3.3,0.0,0.0,3.3,3.3,10.0,-46.9,29.1,0,0,26.8,1,13222,1,13222,21825,18641,11157,20233,5514,3433,9209,13505,14344,13505,14058,15639,18871,11813,16469,2467,8263,8846,9251,8095,18111,25260,15403,2246,150,16328,1,10:45
2024-25,1641794,Dillon Jones,Dillon,1610612760,OKC,Oklahoma City Thunder,0022400075,2024-10-24T00:00:00,OKC @ DEN,W,1.1833333333333333,0.0,30.4,0.0,0.0,30.4,0.0,0.0,0.0,0.0,0.0,30.4,30.4,0.0,0.0,0.0,0.0,0.0,0.0,0.0,0.0,0.0,36.5,0,0,30.4,1,1,13086,1,25970,22635,254,22635,15070,58,15070,13505,14344,13505,14058,33,80,19908,16469,12854,8263,8846,20257,17725,23200,12240,10023,2246,150,13610,1,1:11
2024-25,203932,Aaron Gordon,Aaron,1610612743,DEN,Denver Nuggets,0022400075,2024-10-24T00:00:00,DEN vs. OKC,L,32.55,5.5,13.3,0.417,0.0,1.1,0.0,2.2,2.2,1.0,5.5,4.4,10.0,2.2,2.2,1.1,0.0,2.2,1.1,3.3,13.3,-4.4,29.6,0,0,27.6,1,13222,1,13222,5517,12914,11357,14532,15070,20739,15070,9903,12049,1,1930,12470,5487,15585,9463,10970,8263,2616,19065,8200,14782,15285,15058,2246,150,15683,1,32:33
2024-25,1629646,Charles Bassey,Charles,1610612759,SAS,San Antonio Spurs,0022400074,2024-10-24T00:00:00,SAS @ DAL,L,5.983333333333333,0.0,0.0,0.0,0.0,0.0,0.0,0.0,0.0,0.0,0.0,6.0,6.0,6.0,0.0,6.0,6.0,0.0,0.0,0.0,0.0,60.2,52.3,0,0,36.1,1,13222,1,13222,23607,22635,24836,22635,15070,20945,15070,13505,14344,13505,14058,8290,12236,5457,16469,460,308,8846,20257,17725,23200,365,2631,2246,150,9300,1,5:59
2024-25,1631172,Ousmane Dieng,Ousmane,1610612760,OKC,Oklahoma City Thunder,0022400075,2024-10-24T00:00:00,OKC @ DEN,W,13.25,5.4,10.9,0.5,5.4,8.2,0.667,0.0,0.0,0.0,0.0,8.2,8.2,0.0,0.0,0.0,2.7,2.7,2.7,0.0,16.3,38.0,34.2,0,0,35.3,1,1,13086,1,20626,13173,15570,8526,1808,6169,1957,13505,14344,13505,14058,4483,8004,19908,16469,12854,2053,1716,11962,17725,11602,1114,11627,2246,150,9858,1,13:15
2024-25,1631110,Jeremy Sochan,Jeremy,1610612759,SAS,San Antonio Spurs,0022400074,2024-10-24T00:00:00,SAS @ DAL,L,27.033333333333335,8.0,14.6,0.545,1.3,2.7,0.5,6.7,9.3,0.714,2.7,5.3,8.0,2.7,5.3,0.0,0.0,2.7,5.3,5.3,24.0,-16.0,32.2,0,0,36.0,1,13222,1,13222,10306,6650,9136,7695,12729,18326,3944,2271,1700,9244,6197,9966,8285,14007,1981,12854,8263,1791,3975,3597,4825,20251,13148,2246,150,9413,1,27:02
2024-25,1630557,Corey Kispert,Corey,1610612764,WAS,Washington Wizards,0022400073,2024-10-24T00:00:00,WAS vs. BOS,L,24.083333333333332,4.5,9.0,0.5,0.0,4.5,0.0,0.0,0.0,0.0,0.0,7.5,7.5,4.5,1.5,0.0,0.0,0.0,3.0,1.5,9.0,-32.9,23.2,0,0,20.9,1,13222,1,13222,12811,15829,18770,8526,15070,14483,15070,13505,14344,13505,14058,5544,9218,8695,12771,12854,8263,8846,10779,15024,19117,24149,19449,2246,150,20333,1,24:05
2024-25,1630202,Payton Pritchard,Payton,1610612738,BOS,Boston Celtics,0022400073,2024-10-24T00:00:00,BOS @ WAS,W,27.95,6.4,14.2,0.455,6.4,12.9,0.5,0.0,0.0,0.0,0.0,1.3,1.3,2.6,0.0,0.0,0.0,1.3,1.3,0.0,19.3,14.2,24.7,0,0,29.6,1,1,13086,1,9582,10335,9883,12676,1027,1355,3944,13505,14344,13505,14058,21303,22824,14289,16469,12854,8263,5713,18080,17725,8535,5954,18467,2246,150,14229,1,27:57
2024-25,201566,Russell Westbrook,Russell,1610612743,DEN,Denver Nuggets,0022400075,2024-10-24T00:00:00,DEN vs. OKC,L,21.261666666666667,3.4,16.9,0.2,1.7,10.2,0.167,1.7,6.8,0.25,1.7,6.8,8.5,8.5,3.4,1.7,3.4,5.1,0.0,3.4,10.2,-40.6,44.9,0,0,38.9,1,13222,1,13222,15110,18569,5879,21401,11418,3320,14236,11427,3586,13358,9600,6749,7522,2452,5268,7632,1318,351,20257,7993,17996,24892,5238,2246,150,7416,1,21:16
2024-25,1631128,Christian Braun,Christian,1610612743,DEN,Denver Nuggets,0022400075,2024-10-24T00:00:00,DEN vs. OKC,L,29.108333333333334,9.9,18.6,0.533,0.0,3.7,0.0,0.0,0.0,0.0,2.5,6.2,8.7,1.2,3.7,2.5,2.5,0.0,1.2,0.0,19.8,9.9,43.2,0,0,39.6,1,13222,1,13222,8590,3338,4171,8140,15070,16189,15070,13505,14344,13505,6697,7938,7215,18893,4539,4459,2426,8846,18344,17725,8083,7741,6055,2246,150,7029,1,29:07
2024-25,1627734,Domantas Sabonis,Domantas,1610612758,SAC,Sacramento Kings,0022400076,2024-10-24T00:00:00,SAC vs. MIN,L,38.17,7.5,12.3,0.615,2.8,3.8,0.75,4.7,7.5,0.625,0.9,6.6,7.5,0.9,3.8,1.9,0.9,0.0,3.8,4.7,22.6,-1.9,37.8,0,0,39.6,1,13222,1,13222,1288,7652,13151,5246,7122,16055,1542,4495,2857,10271,13701,7099,9081,19811,4388,6829,7874,8846,7829,4693,5749,13968,9146,2246,150,7004,1,38:10
2024-25,1629638,Nickeil Alexander-Walker,Nickeil,1610612750,MIN,Minnesota Timberwolves,0022400076,2024-10-24T00:00:00,MIN @ SAC,W,18.315,5.9,9.8,0.6,5.9,9.8,0.6,0.0,0.0,0.0,0.0,2.0,2.0,3.9,2.0,0.0,0.0,0.0,0.0,0.0,17.7,9.8,24.0,0,0,29.5,1,1,13086,1,17356,11812,17356,5394,1381,3694,2992,13505,14344,13505,14058,19773,21869,10129,10685,12854,8263,8846,20257,17725,10136,7775,18965,2246,150,14341,1,18:19
2024-25,1628370,Malik Monk,Malik,1610612758,SAC,Sacramento Kings,0022400076,2024-10-24T00:00:00,SAC vs. MIN,L,26.391666666666666,8.2,12.3,0.667,1.4,2.7,0.5,5.5,6.8,0.8,0.0,1.4,1.4,5.5,0.0,0.0,0.0,0.0,1.4,6.8,23.2,-9.5,33.0,0,0,31.4,1,13222,1,13222,10825,6239,13120,3281,12593,18206,3944,3469,3546,7681,14058,21164,22745,6521,16469,12854,8263,8846,17773,1800,5360,17694,12588,2246,150,12875,1,26:24
2024-25,1642264,Stephon Castle,Stephon,1610612759,SAS,San Antonio Spurs,0022400074,2024-10-24T00:00:00,SAS @ DAL,L,18.45,5.9,13.7,0.429,0.0,3.9,0.0,3.9,5.9,0.667,3.9,2.0,5.9,9.8,3.9,0.0,0.0,0.0,5.9,3.9,15.6,-5.9,33.4,0,0,31.2,1,13222,1,13222,17247,11936,10722,13735,15070,15779,15070,5874,4677,9425,3720,19818,12621,1561,4083,12854,8263,8846,3135,6560,12312,15999,12283,2246,150,12983,1,18:27
2024-25,1641816,Hunter Tyson,Hunter,1610612743,DEN,Denver Nuggets,0022400075,2024-10-24T00:00:00,DEN vs. OKC,L,1.6333333333333333,0.0,22.0,0.0,0.0,22.0,0.0,0.0,0.0,0.0,0.0,22.0,22.0,0.0,0.0,0.0,0.0,0.0,0.0,0.0,0.0,0.0,26.4,0,0,22.0,1,13222,1,13222,25696,22635,1795,22635,15070,172,15070,13505,14344,13505,14058,122,335,19908,16469,12854,8263,8846,20257,17725,23200,12240,17321,2246,150,19653,1,1:38
2024-25,1631212,Peyton Watson,Peyton,1610612743,DEN,Denver Nuggets,0022400075,2024-10-24T00:00:00,DEN vs. OKC,L,14.79,2.4,17.0,0.143,0.0,9.7,0.0,0.0,0.0,0.0,4.9,9.7,14.6,2.4,0.0,0.0,4.9,2.4,0.0,2.4,4.9,-31.6,40.6,0,0,31.6,1,13222,1,13222,19714,20587,5760,22260,15070,3795,15070,13505,14344,13505,2488,2786,1959,14759,16469,12854,552,2147,20257,11211,22084,23984,7363,2246,150,12677,1,14:47
2024-25,1631165,Keon Ellis,Keon,1610612758,SAC,Sacramento Kings,0022400076,2024-10-24T00:00:00,SAC vs. MIN,L,11.191666666666666,0.0,3.2,0.0,0.0,0.0,0.0,6.4,6.4,1.0,0.0,3.2,3.2,0.0,0.0,6.4,0.0,0.0,3.2,3.2,6.4,-38.6,29.6,0,0,22.5,1,13222,1,13222,21625,22635,24421,22635,15070,20945,15070,2467,3957,1,14058,16035,19187,19908,16469,387,8263,8846,9794,8500,21104,24749,15085,2246,150,19343,1,11:12
2024-25,1628427,Vlatko Čančar,Vlatko,1610612743,DEN,Denver Nuggets,0022400075,2024-10-24T00:00:00,DEN vs. OKC,L,1.6333333333333333,0.0,0.0,0.0,0.0,0.0,0.0,0.0,0.0,0.0,0.0,22.0,22.0,0.0,0.0,0.0,0.0,0.0,0.0,0.0,0.0,0.0,26.4,0,0,22.0,1,13222,1,13222,25696,22635,24836,22635,15070,20945,15070,13505,14344,13505,14058,122,335,19908,16469,12854,8263,8846,20257,17725,23200,12240,17321,2246,150,19653,1,1:38
2024-25,1641725,Trey Alexander,Trey,1610612743,DEN,Denver Nuggets,0022400075,2024-10-24T00:00:00,DEN vs. OKC,L,1.6333333333333333,0.0,0.0,0.0,0.0,0.0,0.0,0.0,0.0,0.0,0.0,22.0,22.0,0.0,0.0,0.0,0.0,0.0,0.0,22.0,0.0,0.0,26.4,0,0,22.0,1,13222,1,13222,25696,22635,24836,22635,15070,20945,15070,13505,14344,13505,14058,122,335,19908,16469,12854,8263,8846,20257,31,23200,12240,17321,2246,150,19653,1,1:38
2024-25,1631248,Baylor Scheierman,Baylor,1610612738,BOS,Boston Celtics,0022400073,2024-10-24T00:00:00,BOS @ WAS,W,8.066666666666666,4.5,13.4,0.333,0.0,8.9,0.0,8.9,8.9,1.0,0.0,4.5,4.5,0.0,0.0,0.0,0.0,0.0,4.5,4.5,17.9,-44.6,23.2,0,0,22.3,1,1,13086,1,22791,15878,11165,17395,15070,4928,15070,1024,1910,1,14058,12356,16135,19908,16469,12854,8263,8846,5855,5217,9967,25160,19430,2246,150,19478,1,8:04
2024-25,203939,Dwight Powell,Dwight,1610612742,DAL,Dallas Mavericks,0022400074,2024-10-24T00:00:00,DAL vs. SAS,W,1.7,21.2,21.2,1.0,0.0,0.0,0.0,0.0,0.0,0.0,21.2,0.0,21.2,0.0,0.0,0.0,0.0,0.0,0.0,0.0,42.4,-42.4,67.8,0,0,63.5,1,1,13086,1,25663,116,2220,1,15070,20945,15070,13505,14344,13505,46,22137,401,19908,16469,12854,8263,8846,20257,17725,343,25003,532,2246,150,546,1,1:42
2024-25,1628983,Shai Gilgeous-Alexander,Shai,1610612760,OKC,Oklahoma City Thunder,0022400075,2024-10-24T00:00:00,OKC @ DEN,W,36.2,10.9,23.9,0.458,2.0,6.0,0.333,4.0,5.0,0.8,2.0,5.0,7.0,8.0,2.0,2.0,3.0,1.0,2.0,3.0,27.8,8.0,61.1,0,0,54.7,1,1,13086,1,2532,2312,1100,12650,10214,10762,9209,5730,5981,7681,8437,10958,10220,2936,10570,6306,1723,7975,15212,9320,2840,8653,1068,2246,150,1506,1,36:12
2024-25,1631116,Patrick Baldwin Jr.,Patrick,1610612764,WAS,Washington Wizards,0022400073,2024-10-24T00:00:00,WAS vs. BOS,L,8.066666666666666,13.4,26.8,0.5,4.5,13.4,0.333,0.0,0.0,0.0,4.5,4.5,8.9,4.5,0.0,0.0,0.0,0.0,8.9,0.0,31.2,44.6,48.6,0,0,49.1,1,13222,1,13222,22791,878,527,8526,3121,1136,9209,13505,14344,13505,2968,12356,6849,8734,16469,12854,8263,8846,985,17725,1716,724,3761,2246,150,2798,1,8:04
2024-25,203999,Nikola Jokić,Nikola,1610612743,DEN,Denver Nuggets,0022400075,2024-10-24T00:00:00,DEN vs. OKC,L,35.205,6.1,13.3,0.462,1.0,3.1,0.333,3.1,4.1,0.75,4.1,8.2,12.3,13.3,3.1,2.0,1.0,2.0,3.1,5.1,16.4,-9.2,57.2,1,1,49.1,1,13222,1,13222,3314,11132,11313,12428,14407,17520,9209,7629,7657,8186,3467,4454,3293,478,6237,6038,7329,3076,10401,3899,11546,17530,1605,1,1,2812,1,35:12
2024-25,1641726,Dereck Lively II,Dereck,1610612742,DAL,Dallas Mavericks,0022400074,2024-10-24T00:00:00,DAL vs. SAS,W,27.77166666666667,7.8,10.4,0.75,0.0,0.0,0.0,3.9,6.5,0.6,5.2,9.1,14.3,7.8,2.6,1.3,0.0,1.3,5.2,3.9,19.4,6.5,49.5,1,0,44.1,1,1,13086,1,9740,7111,16432,2107,15070,20945,15070,5899,3904,10343,2211,3438,2119,3106,7908,9480,8263,5671,4225,6599,8426,9381,3410,1,150,4657,1,27:46
2024-25,1628963,Marvin Bagley III,Marvin,1610612764,WAS,Washington Wizards,0022400073,2024-10-24T00:00:00,WAS vs. BOS,L,9.616666666666667,15.0,26.2,0.571,0.0,3.7,0.0,0.0,7.5,0.0,15.0,7.5,22.5,3.7,3.7,0.0,0.0,0.0,0.0,3.7,29.9,29.9,58.8,0,0,56.2,1,13222,1,13222,22237,497,615,6538,15070,16114,15070,13505,2918,13505,133,5516,309,10670,4449,12854,8263,8846,20257,7001,2101,1969,1367,2246,150,1279,1,9:37
2024-25,1629674,Neemias Queta,Neemias,1610612738,BOS,Boston Celtics,0022400073,2024-10-24T00:00:00,BOS @ WAS,W,13.633333333333333,13.2,18.5,0.714,0.0,2.6,0.0,5.3,5.3,1.0,10.6,7.9,18.5,0.0,2.6,0.0,0.0,2.6,10.6,2.6,31.7,15.8,51.2,0,0,50.2,1,1,13086,1,20399,950,4230,2752,15070,18374,15070,3681,5493,1,336,4822,793,19908,7727,12854,8263,1821,602,10505,1585,5307,2918,2246,150,2487,1,13:38
2024-25,1631096,Chet Holmgren,Chet,1610612760,OKC,Oklahoma City Thunder,0022400075,2024-10-24T00:00:00,OKC @ DEN,W,35.78333333333333,11.1,18.1,0.611,0.0,5.0,0.0,3.0,5.0,0.6,4.0,10.1,14.1,5.0,2.0,2.0,4.0,1.0,2.0,6.0,25.2,9.1,65.7,1,0,56.3,1,1,13086,1,2834,2209,4549,5351,15070,13132,15070,7755,5860,10343,3567,2532,2195,7394,10462,6197,906,7867,15076,2577,4150,8151,654,1,150,1252,1,35:47
2024-25,1629673,Jordan Poole,Jordan,1610612764,WAS,Washington Wizards,0022400073,2024-10-24T00:00:00,WAS vs. BOS,L,32.485,10.0,18.8,0.529,6.6,12.2,0.545,2.2,2.2,1.0,0.0,1.1,1.1,4.4,4.4,4.4,1.1,0.0,3.3,6.6,28.8,-21.1,49.0,0,0,52.1,1,13222,1,13222,5564,3249,3894,8281,928,1674,3863,9890,12038,1,14058,21735,23072,8809,3099,1277,6741,8846,9372,1947,2482,21844,3632,2246,150,2017,1,32:29
2024-25,1627759,Jaylen Brown,Jaylen,1610612738,BOS,Boston Celtics,0022400073,2024-10-24T00:00:00,BOS @ WAS,W,30.3,11.9,23.8,0.5,3.6,7.1,0.5,4.8,5.9,0.8,1.2,8.3,9.5,3.6,2.4,4.8,0.0,1.2,1.2,4.8,32.1,26.1,60.7,0,0,58.2,1,1,13086,1,7493,1598,1131,8526,4998,8191,3944,4427,4561,7681,11878,4257,6057,11191,8743,1049,8263,6352,18603,4608,1510,2596,1109,2246,150,998,1,30:18
2024-25,202685,Jonas Valančiūnas,Jonas,1610612764,WAS,Washington Wizards,0022400073,2024-10-24T00:00:00,WAS vs. BOS,L,20.215,14.2,23.2,0.615,0.0,0.0,0.0,3.6,3.6,1.0,3.6,5.3,8.9,3.6,0.0,0.0,0.0,0.0,0.0,3.6,32.1,-30.3,48.1,0,0,44.5,1,13222,1,13222,15859,632,1334,5246,15070,20945,15070,6574,8765,1,4282,9921,6883,11206,16469,12854,8263,8846,20257,7504,1515,23782,3943,2246,150,4463,1,20:13
2024-25,1630215,Jared Butler,Jared,1610612764,WAS,Washington Wizards,0022400073,2024-10-24T00:00:00,WAS vs. BOS,L,8.795,8.2,24.6,0.333,0.0,4.1,0.0,8.2,8.2,1.0,0.0,0.0,0.0,8.2,0.0,4.1,0.0,8.2,0.0,8.2,24.6,45.0,49.1,0,0,40.9,1,13222,1,13222,22536,6234,910,17395,15070,15366,15070,1328,2391,1,14058,22137,23286,2712,16469,1548,8263,98,20257,931,4449,704,3574,2246,150,6247,1,8:48
2024-25,1629029,Luka Dončić,Luka,1610612742,DAL,Dallas Mavericks,0022400074,2024-10-24T00:00:00,DAL vs. SAS,W,36.278333333333336,8.9,24.8,0.36,4.0,10.9,0.364,6.0,7.9,0.75,1.0,8.9,9.9,7.9,4.0,1.0,1.0,1.0,3.0,7.9,27.8,6.0,53.6,1,0,53.6,1,1,13086,1,2487,4836,873,17134,4056,2573,9100,2912,2557,8186,13322,3583,5529,2955,3938,12021,7526,7990,10826,1057,2870,9641,2305,1,150,1688,1,36:17
2024-25,1630264,Anthony Gill,Anthony,1610612764,WAS,Washington Wizards,0022400073,2024-10-24T00:00:00,WAS vs. BOS,L,3.183333333333333,11.3,22.6,0.5,0.0,0.0,0.0,0.0,0.0,0.0,0.0,0.0,0.0,11.3,11.3,11.3,0.0,11.3,0.0,0.0,22.6,45.2,62.2,0,0,56.5,1,13222,1,13222,24904,1998,1536,8526,15070,20945,15070,13505,14344,13505,14058,22137,23286,892,235,84,8263,51,20257,17725,5760,697,949,2246,150,1220,1,3:11
2024-25,1641809,Drew Peterson,Drew,1610612738,BOS,Boston Celtics,0022400073,2024-10-24T00:00:00,BOS @ WAS,W,3.9,0.0,0.0,0.0,0.0,0.0,0.0,0.0,0.0,0.0,0.0,9.2,9.2,0.0,9.2,9.2,18.5,0.0,0.0,0.0,0.0,-64.6,84.9,0,0,64.6,1,1,13086,1,24542,22635,24836,22635,15070,20945,15070,13505,14344,13505,14058,3269,6400,19908,399,138,13,8846,20257,17725,23200,25789,141,2246,150,493,1,3:54
2024-25,1630598,Aaron Wiggins,Aaron,1610612760,OKC,Oklahoma City Thunder,0022400075,2024-10-24T00:00:00,OKC @ DEN,W,19.516666666666666,12.9,16.6,0.778,1.8,3.7,0.5,0.0,0.0,0.0,0.0,11.1,11.1,1.8,1.8,0.0,3.7,0.0,1.8,0.0,27.7,11.1,52.9,0,0,49.8,1,1,13086,1,16401,1065,6298,1994,10900,16241,3944,13505,14344,13505,14058,1877,4352,16950,11343,12854,1086,8846,15966,17725,2905,7208,2465,2246,150,2588,1,19:31
2024-25,202691,Klay Thompson,Klay,1610612742,DAL,Dallas Mavericks,0022400074,2024-10-24T00:00:00,DAL vs. SAS,W,26.083333333333332,9.7,17.9,0.538,8.3,13.8,0.6,2.8,2.8,1.0,4.1,5.5,9.7,1.4,0.0,4.1,0.0,0.0,1.4,1.4,30.4,22.1,56.4,0,0,58.0,1,1,13086,1,11099,3646,4757,7978,400,990,2992,8437,10588,1,3383,9470,5855,18404,16469,1506,8263,8846,17702,15528,1963,3440,1739,2246,150,1031,1,26:05
2024-25,203458,Alex Len,Alex,1610612758,SAC,Sacramento Kings,0022400076,2024-10-24T00:00:00,SAC vs. MIN,L,5.68,6.3,6.3,1.0,0.0,0.0,0.0,6.3,12.7,0.5,0.0,12.7,12.7,0.0,6.3,0.0,6.3,0.0,6.3,6.3,19.0,0.0,46.9,0,0,44.4,1,13222,1,13222,23716,10595,22277,1,15070,20945,15070,2549,636,10625,14058,1106,3017,19908,1204,12854,259,8846,2558,2251,8846,12240,4350,2246,150,4521,1,5:41
2024-25,1629655,Daniel Gafford,Daniel,1610612742,DAL,Dallas Mavericks,0022400074,2024-10-24T00:00:00,DAL vs. SAS,W,18.528333333333332,5.8,11.7,0.5,0.0,0.0,0.0,5.8,7.8,0.75,7.8,3.9,11.7,3.9,1.9,1.9,1.9,0.0,9.7,5.8,17.5,15.5,47.0,0,0,40.8,1,1,13086,1,17175,12027,14201,8526,15070,20945,15070,3054,2690,8186,855,14068,3797,10268,10835,6548,3648,8846,760,2850,10339,5412,4308,2246,150,6329,1,18:32
2024-25,1629675,Naz Reid,Naz,1610612750,MIN,Minnesota Timberwolves,0022400076,2024-10-24T00:00:00,MIN @ SAC,W,26.528333333333332,8.1,13.6,0.6,5.4,9.5,0.571,4.1,4.1,1.0,0.0,17.6,17.6,4.1,2.7,0.0,0.0,0.0,5.4,5.4,25.8,17.6,50.3,1,0,52.9,1,1,13086,1,10710,6326,10880,5394,1816,4110,3506,5578,7699,1,14058,279,980,9739,7484,12854,8263,8846,3801,3435,3786,4698,3169,1,150,1820,1,26:32
2024-25,1631103,Malaki Branham,Malaki,1610612759,SAS,San Antonio Spurs,0022400074,2024-10-24T00:00:00,SAS @ DAL,L,5.983333333333333,18.1,30.1,0.6,6.0,18.1,0.333,0.0,0.0,0.0,0.0,12.0,12.0,0.0,0.0,0.0,0.0,0.0,0.0,0.0,42.1,60.2,56.6,0,0,60.2,1,13222,1,13222,23607,212,269,5394,1290,328,9209,13505,14344,13505,14058,1335,3461,19908,16469,12854,8263,8846,20257,17725,351,365,1715,2246,150,811,1,5:59
2024-25,1628369,Jayson Tatum,Jayson,1610612738,BOS,Boston Celtics,0022400073,2024-10-24T00:00:00,BOS @ WAS,W,28.65,11.3,25.1,0.45,3.8,13.8,0.273,5.0,8.8,0.571,2.5,11.3,13.8,7.5,1.3,1.3,0.0,1.3,1.3,3.8,31.4,17.6,61.8,1,0,59.1,1,1,13086,1,8973,1998,795,12982,4524,984,11838,3996,1991,10536,6574,1739,2323,3348,14057,9747,8263,5896,18237,6934,1662,4712,984,1,150,910,1,28:39
2024-25,1630577,Julian Champagnie,Julian,1610612759,SAS,San Antonio Spurs,0022400074,2024-10-24T00:00:00,SAS @ DAL,L,27.316666666666666,9.2,15.8,0.583,5.3,10.5,0.5,0.0,0.0,0.0,2.6,6.6,9.2,4.0,4.0,1.3,2.6,1.3,1.3,0.0,23.7,-25.0,48.6,0,0,50.1,1,13222,1,13222,10084,4322,7398,6296,1975,2936,3944,13505,14344,13505,6261,7127,6408,10060,3964,9360,2171,5566,17968,17725,4973,22813,3767,2246,150,2508,1,27:19
2024-25,1630551,Justin Champagnie,Justin,1610612764,WAS,Washington Wizards,0022400073,2024-10-24T00:00:00,WAS vs. BOS,L,3.9,0.0,0.0,0.0,0.0,0.0,0.0,0.0,0.0,0.0,9.2,9.2,18.5,9.2,0.0,0.0,0.0,0.0,27.7,0.0,0.0,64.6,36.0,0,0,27.7,1,13222,1,13222,24542,22635,24836,22635,15070,20945,15070,13505,14344,13505,509,3269,797,1847,16469,12854,8263,8846,52,17725,23200,291,10366,2246,150,15637,1,3:54
2024-25,1628380,Zach Collins,Zach,1610612759,SAS,San Antonio Spurs,0022400074,2024-10-24T00:00:00,SAS @ DAL,L,13.55,5.3,8.0,0.667,2.7,2.7,1.0,0.0,0.0,0.0,5.3,8.0,13.3,2.7,2.7,2.7,0.0,0.0,8.0,0.0,13.3,-2.7,38.5,0,0,37.2,1,13222,1,13222,20458,13502,20310,3281,7662,18333,1,13505,14344,13505,2080,4748,2615,14020,7666,4000,8263,8846,1382,17725,14770,14385,8694,2246,150,8588,1,13:33
2024-25,203944,Julius Randle,Julius,1610612750,MIN,Minnesota Timberwolves,0022400076,2024-10-24T00:00:00,MIN @ SAC,W,34.81,13.4,17.6,0.765,5.2,6.2,0.833,2.1,3.1,0.667,0.0,5.2,5.2,4.1,3.1,0.0,0.0,0.0,3.1,2.1,34.1,-3.1,43.4,0,0,48.6,1,1,13086,1,3608,861,5159,2095,2082,10192,1341,10409,9718,9425,14058,10357,14343,9559,6119,12854,8263,8846,10265,12770,1107,14624,5914,2246,150,2954,1,34:49
2024-25,1628398,Kyle Kuzma,Kyle,1610612764,WAS,Washington Wizards,0022400073,2024-10-24T00:00:00,WAS vs. BOS,L,27.65,7.8,20.8,0.375,0.0,6.5,0.0,0.0,0.0,0.0,0.0,2.6,2.6,1.3,1.3,1.3,1.3,0.0,1.3,1.3,15.6,-23.4,27.2,0,0,24.7,1,13222,1,13222,9830,7040,2441,16299,15070,9528,15070,13505,14344,13505,14058,17940,20633,18653,13789,9443,5636,8846,18020,15898,12295,22448,16815,2246,150,17863,1,27:39
2024-25,203084,Harrison Barnes,Harrison,1610612759,SAS,San Antonio Spurs,0022400074,2024-10-24T00:00:00,SAS @ DAL,L,29.183333333333334,8.6,12.3,0.7,2.5,6.2,0.4,1.2,2.5,0.5,1.2,3.7,4.9,2.5,0.0,1.2,0.0,0.0,2.5,3.7,21.0,-14.8,34.3,0,0,33.3,1,13222,1,13222,8521,5371,13019,3045,8259,10274,7874,12491,11291,10625,11580,14627,14964,14657,16469,9915,8263,8846,12920,7128,7101,19826,11594,2246,150,11396,1,29:11
2024-25,1630214,Xavier Tillman,Xavier,1610612738,BOS,Boston Celtics,0022400073,2024-10-24T00:00:00,BOS @ WAS,W,15.435,7.0,9.3,0.75,4.7,7.0,0.667,0.0,0.0,0.0,0.0,2.3,2.3,2.3,2.3,0.0,0.0,0.0,2.3,0.0,18.7,35.0,22.6,0,0,28.0,1,1,13086,1,19288,8942,18233,2107,2791,8472,1957,13505,14344,13505,14058,18676,21134,15113,8939,12854,8263,8846,13519,17725,9158,1401,19799,2246,150,15430,1,15:26
2024-25,1629008,Michael Porter Jr.,Michael,1610612743,DEN,Denver Nuggets,0022400075,2024-10-24T00:00:00,DEN vs. OKC,L,32.17666666666667,5.6,19.0,0.294,3.4,11.2,0.3,2.2,2.2,1.0,1.1,7.8,9.0,2.2,1.1,1.1,0.0,3.4,2.2,1.1,16.8,-2.2,33.1,0,0,33.6,1,13222,1,13222,5831,12728,3744,19598,5499,2348,11319,9820,11977,1,12336,4966,6821,15488,15012,10872,8263,1021,13937,16831,11094,14168,12499,2246,150,11191,1,32:11
2024-25,1630188,Jalen Smith,Jalen,1610612741,CHI,Chicago Bulls,0022400069,2024-10-23T00:00:00,CHI @ NOP,L,17.3,10.4,16.6,0.625,2.1,6.2,0.333,8.3,8.3,1.0,6.2,4.2,10.4,0.0,0.0,2.1,0.0,0.0,4.2,6.2,31.2,4.2,49.9,0,0,47.9,1,13222,1,13222,18072,2819,6244,4899,9760,10096,9209,1269,2309,1,1507,13228,5001,19908,16469,5864,8263,8846,6664,2339,1728,10564,3282,2246,150,3198,1,17:18
2024-25,201935,James Harden,James,1610612746,LAC,LA Clippers,0022400071,2024-10-23T00:00:00,LAC vs. PHX,L,39.85333333333333,9.0,25.3,0.357,1.8,8.1,0.222,6.3,8.1,0.778,2.7,8.1,10.8,7.2,7.2,0.9,0.0,5.4,2.7,4.5,26.2,-3.6,45.5,1,0,47.9,1,13222,1,13222,598,4643,772,17140,11051,6222,13288,2567,2426,8092,6076,4517,4560,3721,801,12654,8263,290,12005,5104,3586,14854,4932,1,150,3194,1,39:51
2024-25,1627824,Guerschon Yabusele,Guerschon,1610612755,PHI,Philadelphia 76ers,0022400066,2024-10-23T00:00:00,PHI vs. MIL,L,25.516666666666666,5.6,11.3,0.5,1.4,5.6,0.25,1.4,4.2,0.333,2.8,2.8,5.6,4.2,4.2,4.2,0.0,0.0,8.5,7.1,14.1,-16.9,35.7,0,0,33.9,1,13222,1,13222,11578,12577,14852,8526,12399,11595,11902,11996,7352,13132,5800,17327,13168,9300,3439,1433,8263,8846,1152,1620,13841,20589,10579,2246,150,10958,1,25:31
2024-25,1629645,Kevin Porter Jr.,Kevin,1610612746,LAC,LA Clippers,0022400071,2024-10-23T00:00:00,LAC vs. PHX,L,12.946666666666667,2.8,22.2,0.125,0.0,11.1,0.0,0.0,0.0,0.0,2.8,8.3,11.1,5.6,5.6,2.8,0.0,2.8,5.6,0.0,5.6,-11.1,30.0,0,0,27.8,1,13222,1,13222,20772,19922,1715,22420,15070,2393,15070,13505,14344,13505,5909,4226,4303,6321,1761,3731,8263,1623,3609,17725,21691,18372,14770,2246,150,15578,1,12:57
2024-25,1626145,Tyus Jones,Tyus,1610612756,PHX,Phoenix Suns,0022400071,2024-10-23T00:00:00,PHX @ LAC,W,35.07833333333333,5.1,10.3,0.5,1.0,5.1,0.2,0.0,0.0,0.0,0.0,2.1,2.1,8.2,0.0,2.1,1.0,1.0,0.0,1.0,11.3,6.2,35.3,0,0,28.7,1,1,13086,1,3403,14003,16634,8526,14387,12872,13429,13505,14344,13505,14058,19500,21696,2690,16469,6005,7301,7698,20257,17288,16903,9547,10868,2246,150,14903,1,35:05
2024-25,202066,Garrett Temple,Garrett,1610612761,TOR,Toronto Raptors,0022400067,2024-10-23T00:00:00,TOR vs. CLE,L,8.5,4.2,8.5,0.5,0.0,4.2,0.0,0.0,0.0,0.0,0.0,0.0,0.0,8.5,0.0,4.2,0.0,0.0,8.5,0.0,8.5,4.2,33.9,0,0,25.4,1,13222,1,13222,22629,16491,19529,8526,15070,15033,15070,13505,14344,13505,14058,22137,23286,2445,16469,1428,8263,8846,1147,17725,19537,10526,11903,2246,150,17343,1,8:30
2024-25,1629611,Terance Mann,Terance,1610612746,LAC,LA Clippers,0022400071,2024-10-23T00:00:00,LAC vs. PHX,L,27.095,5.3,8.0,0.667,0.0,1.3,0.0,0.0,4.0,0.0,1.3,5.3,6.6,5.3,1.3,1.3,0.0,1.3,8.0,4.0,10.6,9.3,29.2,0,0,25.2,1,13222,1,13222,10278,13501,20297,3281,15070,20467,15070,13505,7864,13505,11062,9996,10864,6789,13676,9307,8263,5507,1374,6341,17531,8049,15338,2246,150,17477,1,27:06
2024-25,1630208,Nick Richards,Nick,1610612766,CHA,Charlotte Hornets,0022400068,2024-10-23T00:00:00,CHA @ HOU,W,23.916666666666668,4.5,6.0,0.75,0.0,0.0,0.0,0.0,3.0,0.0,3.0,9.0,12.0,1.5,1.5,0.0,3.0,1.5,7.5,3.0,9.0,-1.5,33.3,0,0,28.6,1,1,13086,1,12977,15731,22574,2107,15070,20945,15070,13505,9948,13505,5311,3488,3453,17955,12722,12854,1678,4759,1631,9199,19044,13804,12378,2246,150,14994,1,23:55
2024-25,1627752,Taurean Prince,Taurean,1610612749,MIL,Milwaukee Bucks,0022400066,2024-10-23T00:00:00,MIL @ PHI,W,30.393333333333334,7.1,8.3,0.857,4.7,5.9,0.8,0.0,0.0,0.0,0.0,5.9,5.9,3.6,0.0,0.0,0.0,0.0,2.4,0.0,19.0,2.4,31.4,0,0,33.2,1,1,13086,1,7419,8689,19810,1412,2663,10878,1389,13505,14344,13505,14058,8502,12475,11239,16469,12854,8263,8846,13351,17725,8904,11429,13759,2246,150,11519,1,30:24
2024-25,1627739,Kris Dunn,Kris,1610612746,LAC,LA Clippers,0022400071,2024-10-23T00:00:00,LAC vs. PHX,L,20.258333333333333,3.6,7.1,0.5,1.8,3.6,0.5,0.0,0.0,0.0,3.6,3.6,7.1,3.6,1.8,3.6,0.0,0.0,1.8,0.0,8.9,-8.9,31.6,0,0,28.4,1,13222,1,13222,15817,18193,21429,8526,11159,16543,3944,13505,14344,13505,4297,15076,9939,11238,11642,2164,8263,8846,16280,17725,19190,17375,13592,2246,150,15128,1,20:16
2024-25,203081,Damian Lillard,Damian,1610612749,MIL,Milwaukee Bucks,0022400066,2024-10-23T00:00:00,MIL @ PHI,W,38.3,8.5,17.9,0.474,5.6,11.3,0.5,5.6,6.6,0.857,2.8,5.6,8.5,5.6,2.8,0.0,0.0,0.9,0.9,4.7,28.2,17.9,44.0,0,0,47.9,1,1,13086,1,1212,5687,4841,12072,1624,2269,3944,3258,3795,7071,5806,9190,7531,6160,7142,12854,8263,8422,20020,4719,2707,4603,5678,2246,150,3163,1,38:18
2024-25,1630567,Scottie Barnes,Scottie,1610612761,TOR,Toronto Raptors,0022400067,2024-10-23T00:00:00,TOR vs. CLE,L,25.85,4.2,19.5,0.214,0.0,2.8,0.0,4.2,5.6,0.75,4.2,4.2,8.4,7.0,2.8,0.0,0.0,2.8,7.0,5.6,12.5,-46.0,30.2,0,0,27.9,1,13222,1,13222,11287,16650,3344,21369,15070,18092,15070,5379,5086,8186,3328,13169,7685,4046,7275,12854,8263,1615,2004,3232,15559,25224,14652,2246,150,15538,1,25:51
2024-25,1642419,Jamison Battle,Jamison,1610612761,TOR,Toronto Raptors,0022400067,2024-10-23T00:00:00,TOR vs. CLE,L,16.366666666666667,4.4,8.8,0.5,4.4,8.8,0.5,0.0,0.0,0.0,0.0,4.4,4.4,2.2,0.0,0.0,2.2,0.0,2.2,0.0,13.2,0.0,28.4,0,0,28.6,1,13222,1,13222,18676,16060,19024,8526,3231,5108,3944,13505,14344,13505,14058,12524,16282,15622,16469,12854,2946,8846,14092,17725,14872,12240,15952,2246,150,14996,1,16:22
2024-25,203078,Bradley Beal,Bradley,1610612756,PHX,Phoenix Suns,0022400071,2024-10-23T00:00:00,PHX @ LAC,W,38.46666666666667,7.5,11.2,0.667,3.7,5.6,0.667,3.7,4.7,0.8,0.0,2.8,2.8,0.9,1.9,0.9,0.9,0.0,0.9,2.8,22.5,-0.9,31.0,0,0,33.7,1,1,13086,1,1124,7792,14975,3281,4588,11672,1957,6194,6519,7681,14058,17374,20233,19827,11206,12468,7918,8846,20045,9941,5876,13487,14073,2246,150,11081,1,38:28
2024-25,203468,CJ McCollum,CJ,1610612740,NOP,New Orleans Pelicans,0022400069,2024-10-23T00:00:00,NOP vs. CHI,W,29.935,10.8,22.8,0.474,6.0,13.2,0.455,0.0,0.0,0.0,0.0,2.4,2.4,6.0,0.0,1.2,1.2,1.2,1.2,0.0,27.7,21.6,46.8,0,0,46.9,1,1,13086,1,7838,2398,1432,12072,1295,1194,7148,13505,14344,13505,14058,18471,21001,5466,16469,10157,6156,6241,18527,17725,2909,3545,4411,2246,150,3521,1,29:56
2024-25,1628420,Monté Morris,Monté,1610612756,PHX,Phoenix Suns,0022400071,2024-10-23T00:00:00,PHX @ LAC,W,12.55,5.7,14.3,0.4,0.0,5.7,0.0,2.9,5.7,0.5,0.0,2.9,2.9,5.7,0.0,2.9,0.0,0.0,0.0,2.9,14.3,5.7,35.0,0,0,28.7,1,1,13086,1,20962,12304,9629,14933,15070,11365,15070,8172,4837,10625,14058,17182,20067,5975,16469,3489,8263,8846,20257,9695,13558,9733,11056,2246,150,14939,1,12:33
2024-25,1628378,Donovan Mitchell,Donovan,1610612739,CLE,Cleveland Cavaliers,0022400067,2024-10-23T00:00:00,CLE @ TOR,W,27.666666666666668,9.1,18.2,0.5,2.6,6.5,0.4,6.5,9.1,0.714,0.0,2.6,2.6,3.9,2.6,3.9,1.3,0.0,2.6,9.1,27.3,40.3,49.3,0,0,46.8,1,1,13086,1,9822,4516,4445,8526,7819,9531,7874,2395,1809,9244,14058,17942,20636,10218,7871,1737,5641,8846,12421,616,3058,964,3496,2246,150,3534,1,27:40
2024-25,1630178,Tyrese Maxey,Tyrese,1610612755,PHI,Philadelphia 76ers,0022400066,2024-10-23T00:00:00,PHI vs. MIL,L,38.99333333333333,9.2,28.6,0.323,1.8,8.3,0.222,2.8,3.7,0.75,0.0,5.5,5.5,2.8,0.9,0.9,0.9,1.8,0.9,1.8,23.1,-12.0,38.5,0,0,36.9,1,13222,1,13222,886,4305,351,19137,10890,5898,13288,8412,8492,8186,14058,9428,13444,13691,16272,12547,7990,3751,20087,13749,5429,18738,8715,2246,150,8774,1,38:60
2024-25,203903,Jordan Clarkson,Jordan,1610612762,UTA,Utah Jazz,0022400070,2024-10-23T00:00:00,UTA vs. MEM,L,25.1,10.0,22.9,0.438,2.9,7.2,0.4,1.4,2.9,0.5,2.9,4.3,7.2,10.0,2.9,0.0,1.4,1.4,1.4,2.9,24.4,-4.3,49.5,0,0,47.3,1,13222,1,13222,11916,3177,1405,13558,6988,8099,7874,11942,10312,10625,5673,12793,9811,1411,6962,12854,5103,5043,17495,9695,4560,15224,3426,2246,150,3364,1,25:06
2024-25,203991,Clint Capela,Clint,1610612737,ATL,Atlanta Hawks,0022400064,2024-10-23T00:00:00,ATL vs. BKN,W,19.516666666666666,5.5,9.2,0.6,0.0,0.0,0.0,0.0,0.0,0.0,1.8,11.1,12.9,1.8,1.8,1.8,1.8,0.0,0.0,5.5,11.1,0.0,38.6,0,0,33.2,1,1,13086,1,16401,12898,18368,5394,15070,20945,15070,13505,14344,13505,9066,1877,2866,16950,11343,7054,3941,8846,20257,3293,17127,12240,8670,2246,150,11494,1,19:31
2024-25,1641706,Brandon Miller,Brandon,1610612766,CHA,Charlotte Hornets,0022400068,2024-10-23T00:00:00,CHA @ HOU,W,10.733333333333333,6.7,13.4,0.5,3.4,6.7,0.5,3.4,3.4,1.0,3.4,0.0,3.4,3.4,3.4,3.4,0.0,0.0,0.0,3.4,20.1,-20.1,35.9,0,0,36.9,1,1,13086,1,21833,9660,11123,8526,5504,9089,3944,6993,9187,1,4631,22137,18862,11805,5347,2464,8263,8846,20257,8084,7820,21583,10441,2246,150,8789,1,10:44
2024-25,1629001,De'Anthony Melton,De'Anthony,1610612744,GSW,Golden State Warriors,0022400072,2024-10-23T00:00:00,GSW @ POR,W,19.1,7.5,20.7,0.364,3.8,15.1,0.25,1.9,3.8,0.5,0.0,3.8,3.8,7.5,1.9,5.7,0.0,0.0,5.7,1.9,20.7,5.7,51.6,0,0,47.1,1,1,13086,1,16751,7669,2495,16861,4526,673,11902,11005,8322,10625,14058,14417,17895,3350,11128,586,8263,8846,3465,13567,7288,9777,2792,2246,150,3429,1,19:06
2024-25,1641722,Jordan Hawkins,Jordan,1610612740,NOP,New Orleans Pelicans,0022400069,2024-10-23T00:00:00,NOP vs. CHI,W,27.9,5.2,11.6,0.444,3.9,7.7,0.5,2.6,2.6,1.0,0.0,9.0,9.0,1.3,2.6,0.0,1.3,0.0,1.3,2.6,16.8,-1.3,30.8,0,0,33.5,1,1,13086,1,9625,13918,14281,13045,4263,6912,3944,8853,11025,1,14058,3487,6686,18694,7944,12854,5692,8846,18073,10701,11101,13712,14177,2246,150,11207,1,27:54
2024-25,1641708,Amen Thompson,Amen,1610612745,HOU,Houston Rockets,0022400068,2024-10-23T00:00:00,HOU vs. CHA,L,21.826666666666668,8.2,18.1,0.455,1.6,3.3,0.5,3.3,6.6,0.5,1.6,4.9,6.6,0.0,0.0,0.0,1.6,0.0,4.9,3.3,21.4,-31.3,34.3,0,0,33.0,1,13222,1,13222,14644,6094,4519,12676,11538,17075,3944,7111,3776,10625,9750,11034,10958,19908,16469,12854,4424,8846,4731,8257,6701,23938,11586,2246,150,11660,1,21:50
2024-25,1628970,Miles Bridges,Miles,1610612766,CHA,Charlotte Hornets,0022400068,2024-10-23T00:00:00,CHA @ HOU,W,32.28333333333333,5.6,12.3,0.455,0.0,3.3,0.0,0.0,0.0,0.0,0.0,10.0,10.0,2.2,4.5,1.1,1.1,1.1,1.1,0.0,11.2,4.5,28.8,0,0,27.9,1,1,13086,1,5753,12770,13142,12676,15070,16967,15070,13505,14344,13505,14058,2549,5393,15510,3054,10896,6693,6911,19010,17725,17035,10405,15660,2246,150,15522,1,32:17
2024-25,1630539,Kai Jones,Kai,1610612746,LAC,LA Clippers,0022400071,2024-10-23T00:00:00,LAC vs. PHX,L,13.0,8.3,13.8,0.6,0.0,0.0,0.0,0.0,0.0,0.0,5.5,5.5,11.1,0.0,0.0,0.0,0.0,2.8,5.5,0.0,16.6,-13.8,29.9,0,0,27.7,1,13222,1,13222,20740,5969,10424,5394,15070,20945,15070,13505,14344,13505,1925,9430,4337,19908,16469,12854,8263,1642,3642,17725,11256,19446,14864,2246,150,15637,1,13:00
2024-25,1641744,Zach Edey,Zach,1610612763,MEM,Memphis Grizzlies,0022400070,2024-10-23T00:00:00,MEM @ UTA,W,14.733333333333333,4.9,9.8,0.5,0.0,0.0,0.0,2.4,12.2,0.2,9.8,2.4,12.2,0.0,2.4,0.0,0.0,2.4,14.7,9.8,12.2,-12.2,24.4,0,0,24.4,1,1,13086,1,19747,14701,17428,8526,15070,20945,15070,9212,717,13489,433,18348,3332,19908,8473,12854,8263,2129,264,459,15906,18823,18660,2246,150,18050,1,14:44
2024-25,1628418,Thomas Bryant,Thomas,1610612748,MIA,Miami Heat,0022400065,2024-10-23T00:00:00,MIA vs. ORL,L,16.013333333333332,4.5,4.5,1.0,2.2,2.2,1.0,4.5,4.5,1.0,0.0,6.7,6.7,4.5,2.2,0.0,2.2,0.0,0.0,2.2,15.7,-4.5,35.1,0,0,33.7,1,13222,1,13222,18925,15795,23809,1,9052,19088,1,4844,6851,1,14058,6807,10645,8661,9315,12854,2842,8846,20257,11948,12188,15323,11012,2246,150,11057,1,16:01
2024-25,203935,Marcus Smart,Marcus,1610612763,MEM,Memphis Grizzlies,0022400070,2024-10-23T00:00:00,MEM @ UTA,W,26.033333333333335,4.1,15.2,0.273,1.4,8.3,0.167,5.5,5.5,1.0,4.1,2.8,6.9,1.4,2.8,1.4,0.0,1.4,5.5,4.1,15.2,-6.9,27.0,0,0,27.7,1,1,13086,1,11133,16731,8230,20048,12511,5920,14236,3382,5145,1,3372,17520,10302,18400,7332,8997,8263,5251,3657,5950,12696,16481,16978,2246,150,15675,1,26:02
2024-25,203083,Andre Drummond,Andre,1610612755,PHI,Philadelphia 76ers,0022400066,2024-10-23T00:00:00,PHI vs. MIL,L,25.05,5.7,11.5,0.5,0.0,1.4,0.0,2.9,2.9,1.0,7.2,11.5,18.7,0.0,1.4,0.0,0.0,0.0,7.2,1.4,14.4,-8.6,35.4,1,0,33.1,1,13222,1,13222,11963,12271,14476,8526,15070,20338,15070,8159,10298,1,1069,1634,758,19908,13069,12854,8263,8846,1833,15293,13533,17245,10829,1,150,11617,1,25:03
2024-25,203952,Andrew Wiggins,Andrew,1610612744,GSW,Golden State Warriors,0022400072,2024-10-23T00:00:00,GSW @ POR,W,23.066666666666666,12.5,23.4,0.533,6.2,10.9,0.571,0.0,0.0,0.0,3.1,3.1,6.2,3.1,1.6,0.0,0.0,1.6,3.1,1.6,31.2,14.0,41.8,0,0,46.8,1,1,13086,1,13659,1252,1245,8140,1136,2567,3506,13505,14344,13505,5092,16352,11720,12553,12505,12854,8263,4550,10192,14753,1726,5987,6715,2246,150,3541,1,23:04
2024-25,1627884,Derrick Jones Jr.,Derrick,1610612746,LAC,LA Clippers,0022400071,2024-10-23T00:00:00,LAC vs. PHX,L,29.0,6.2,7.4,0.833,2.5,2.5,1.0,0.0,0.0,0.0,2.5,2.5,5.0,1.2,2.5,2.5,0.0,0.0,5.0,1.2,14.9,1.2,27.7,0,0,28.6,1,13222,1,13222,8672,10957,21005,1514,8210,18661,1,13505,14344,13505,6665,18235,14882,18879,8319,4430,8263,8846,4692,16174,13020,11981,16437,2246,150,15025,1,29:00
2024-25,1628997,Caleb Martin,Caleb,1610612755,PHI,Philadelphia 76ers,0022400066,2024-10-23T00:00:00,PHI vs. MIL,L,37.45666666666666,4.8,9.6,0.5,0.0,1.0,0.0,1.9,1.9,1.0,3.8,4.8,8.6,2.9,2.9,0.0,1.0,1.0,3.8,2.9,11.5,-19.2,26.2,0,0,25.0,1,13222,1,13222,1710,14925,17748,8526,15070,20890,15070,10882,12927,1,3817,11417,7225,13337,6910,12854,7744,8256,7617,9650,16638,21317,17453,2246,150,17693,1,37:27
2024-25,1629723,John Konchar,John,1610612763,MEM,Memphis Grizzlies,0022400070,2024-10-23T00:00:00,MEM @ UTA,W,15.23,2.4,2.4,1.0,2.4,2.4,1.0,4.7,4.7,1.0,2.4,9.5,11.8,2.4,0.0,0.0,0.0,0.0,4.7,2.4,11.8,-9.5,29.5,0,0,28.4,1,1,13086,1,19424,20735,24687,1,8620,18878,1,4465,6430,1,7035,3069,3644,15006,16469,12854,8263,8846,5217,11486,16326,17645,15109,2246,150,15169,1,15:14
2024-25,1631106,Tari Eason,Tari,1610612745,HOU,Houston Rockets,0022400068,2024-10-23T00:00:00,HOU vs. CHA,L,12.896666666666667,2.8,8.4,0.333,0.0,2.8,0.0,0.0,0.0,0.0,2.8,2.8,5.6,5.6,0.0,5.6,0.0,0.0,2.8,0.0,5.6,-36.3,37.4,0,0,27.9,1,13222,1,13222,20799,19898,19676,17395,15070,18077,15070,13505,14344,13505,5885,17427,13323,6286,16469,607,8263,8846,11678,17725,21674,24551,9405,2246,150,15489,1,12:54
2024-25,1630631,Jose Alvarado,Jose,1610612740,NOP,New Orleans Pelicans,0022400069,2024-10-23T00:00:00,NOP vs. CHI,W,12.8,2.8,8.4,0.333,2.8,8.4,0.333,0.0,0.0,0.0,0.0,0.0,0.0,8.4,0.0,2.8,0.0,0.0,8.4,0.0,8.4,-14.1,29.5,0,0,25.3,1,1,13086,1,20839,19847,19585,17395,7176,5685,9209,13505,14344,13505,14058,22137,23286,2475,16469,3653,8263,8846,1162,17725,19565,19527,15119,2246,150,17422,1,12:48
2024-25,1626181,Norman Powell,Norman,1610612746,LAC,LA Clippers,0022400071,2024-10-23T00:00:00,LAC vs. PHX,L,39.59166666666667,4.5,14.5,0.313,0.9,6.4,0.143,5.5,5.5,1.0,0.9,2.7,3.6,3.6,2.7,0.0,0.9,0.0,0.0,4.5,15.5,4.5,25.3,0,0,25.5,1,13222,1,13222,689,15640,9279,19175,14932,9835,14649,3470,5242,1,13869,17615,18232,10975,7445,12854,8049,8846,20257,5049,12455,10364,18084,2246,150,17311,1,39:36
2024-25,1631097,Bennedict Mathurin,Bennedict,1610612754,IND,Indiana Pacers,0022400063,2024-10-23T00:00:00,IND @ DET,W,27.696666666666665,6.5,10.4,0.625,2.6,3.9,0.667,9.1,11.7,0.778,1.3,6.5,7.8,1.3,3.9,0.0,0.0,0.0,3.9,3.9,24.7,10.4,32.1,0,0,36.4,1,1,13086,1,9799,10189,16390,4899,7826,15789,1957,968,838,8092,11198,7312,8616,18657,4089,12854,8263,8846,7448,6566,4371,7512,13250,2246,150,9105,1,27:42
2024-25,1630191,Isaiah Stewart,Isaiah,1610612765,DET,Detroit Pistons,0022400063,2024-10-23T00:00:00,DET vs. IND,L,16.973333333333333,2.1,4.2,0.5,0.0,2.1,0.0,0.0,0.0,0.0,2.1,6.4,8.5,4.2,4.2,2.1,2.1,0.0,4.2,2.1,4.2,10.6,29.3,0,0,25.5,1,13222,1,13222,18272,21206,23967,8526,15070,19334,15070,13505,14344,13505,7885,7571,7496,9272,3427,5694,3144,8846,6444,12525,22443,7415,15311,2246,150,17318,1,16:58
2024-25,203471,Dennis Schröder,Dennis,1610612751,BKN,Brooklyn Nets,0022400064,2024-10-23T00:00:00,BKN @ ATL,L,34.333333333333336,5.2,16.8,0.313,2.1,6.3,0.333,1.0,2.1,0.5,0.0,3.1,3.1,7.3,5.2,1.0,0.0,2.1,4.2,2.1,13.6,-4.2,26.3,0,0,28.3,1,13222,1,13222,3975,13691,6078,19175,9696,9997,9209,13083,12431,10625,14058,16288,19385,3577,2070,11506,8263,2930,6570,12622,14351,15176,17406,2246,150,15201,1,34:20
2024-25,1626164,Devin Booker,Devin,1610612756,PHX,Phoenix Suns,0022400071,2024-10-23T00:00:00,PHX @ LAC,W,32.13333333333333,5.6,10.1,0.556,4.5,5.6,0.8,1.1,2.2,0.5,0.0,4.5,4.5,6.7,4.5,1.1,1.1,0.0,6.7,4.5,16.8,-4.5,34.5,0,0,37.0,1,1,13086,1,5859,12698,16921,7248,3093,11717,1389,12858,11964,10625,14058,12303,16092,4400,3021,10861,6666,8846,2199,5182,11064,15316,11444,2246,150,8738,1,32:08
2024-25,1627736,Malik Beasley,Malik,1610612765,DET,Detroit Pistons,0022400063,2024-10-23T00:00:00,DET vs. IND,L,27.831666666666667,6.5,16.8,0.385,2.6,7.8,0.333,2.6,3.9,0.667,0.0,3.9,3.9,1.3,1.3,0.0,0.0,1.3,2.6,2.6,18.1,-6.5,23.4,0,0,25.9,1,13222,1,13222,9696,10269,6018,16070,7870,6876,9209,8834,8078,9425,14058,14090,17620,18682,13832,12854,8263,5687,12468,10680,9725,16277,19306,2246,150,17025,1,27:50
2024-25,1629661,Cameron Johnson,Cameron,1610612751,BKN,Brooklyn Nets,0022400064,2024-10-23T00:00:00,BKN @ ATL,L,32.016666666666666,4.5,11.2,0.4,1.1,6.7,0.167,5.6,6.7,0.833,0.0,4.5,4.5,0.0,0.0,1.1,1.1,0.0,3.4,4.5,15.7,-11.2,27.9,0,0,25.9,1,13222,1,13222,5953,15790,14948,14933,13810,9028,14236,3293,3612,7275,14058,12270,16060,19908,16469,10829,6640,8846,9175,5152,12184,18418,16310,2246,150,17032,1,32:01
2024-25,1630581,Josh Giddey,Josh,1610612741,CHI,Chicago Bulls,0022400069,2024-10-23T00:00:00,CHI @ NOP,L,30.483333333333334,5.9,13.0,0.455,0.0,1.2,0.0,4.7,8.3,0.571,1.2,4.7,5.9,3.5,3.5,0.0,0.0,3.5,1.2,4.7,16.5,-26.0,25.4,0,0,26.0,1,13222,1,13222,7334,11793,11870,12676,15070,20646,15070,4477,2340,10536,11925,11637,12512,11268,4928,12854,8263,886,18649,4675,11355,23024,18010,2246,150,16947,1,30:29
2024-25,1631093,Jaden Ivey,Jaden,1610612765,DET,Detroit Pistons,0022400063,2024-10-23T00:00:00,DET vs. IND,L,30.6,5.9,15.3,0.385,0.0,2.4,0.0,8.2,10.6,0.778,4.7,1.2,5.9,4.7,1.2,1.2,0.0,2.4,3.5,7.1,20.0,-1.2,36.5,0,0,32.9,1,13222,1,13222,7219,11855,8121,16070,15070,18898,15070,1311,1160,8092,2668,21574,12560,8173,14607,10377,8263,2328,8671,1618,7917,13659,10048,2246,150,11702,1,30:36
2024-25,1631260,AJ Green,AJ,1610612749,MIL,Milwaukee Bucks,0022400066,2024-10-23T00:00:00,MIL @ PHI,W,4.071666666666666,0.0,0.0,0.0,0.0,0.0,0.0,0.0,0.0,0.0,0.0,0.0,0.0,8.8,0.0,8.8,0.0,0.0,0.0,0.0,0.0,35.4,39.8,0,0,26.5,1,1,13086,1,24449,22635,24836,22635,15070,20945,15070,13505,14344,13505,14058,22137,23286,2139,16469,158,8263,8846,20257,17725,23200,1357,7893,2246,150,16523,1,4:04
2024-25,1629014,Anfernee Simons,Anfernee,1610612757,POR,Portland Trail Blazers,0022400072,2024-10-23T00:00:00,POR vs. GSW,L,32.61666666666667,5.5,13.2,0.417,2.2,7.7,0.286,3.3,3.3,1.0,0.0,2.2,2.2,3.3,5.5,1.1,0.0,0.0,3.3,2.2,16.6,-17.7,22.0,0,0,26.5,1,13222,1,13222,5465,12942,11406,14532,9216,6947,11433,7081,9278,1,14058,19049,21399,11941,1799,10987,8263,8846,9415,12129,11329,20828,20167,2246,150,16546,1,32:37
2024-25,1642263,Reed Sheppard,Reed,1610612745,HOU,Houston Rockets,0022400068,2024-10-23T00:00:00,HOU vs. CHA,L,15.531666666666666,4.6,11.6,0.4,0.0,2.3,0.0,0.0,0.0,0.0,2.3,2.3,4.6,7.0,7.0,0.0,2.3,0.0,7.0,2.3,9.3,-13.9,25.3,0,0,25.5,1,13222,1,13222,19245,15401,14327,14933,15070,18952,15070,13505,14344,13505,7180,18710,15737,4061,909,12854,2704,8846,2015,11668,18834,19468,18102,2246,150,17283,1,15:32
2024-25,1641718,Keyonte George,Keyonte,1610612762,UTA,Utah Jazz,0022400070,2024-10-23T00:00:00,UTA vs. MEM,L,31.066666666666666,3.5,20.9,0.167,1.2,7.0,0.167,5.8,10.4,0.556,0.0,2.3,2.3,8.1,1.2,0.0,0.0,3.5,2.3,8.1,13.9,-12.7,27.7,0,0,25.5,1,13222,1,13222,6822,18375,2428,21938,13601,8561,14236,3090,1214,10597,14058,18711,21159,2776,14735,12854,8263,936,13567,962,14038,19037,16429,2246,150,17286,1,31:04
2024-25,1629599,Amir Coffey,Amir,1610612746,LAC,LA Clippers,0022400071,2024-10-23T00:00:00,LAC vs. PHX,L,25.821666666666665,5.6,5.6,1.0,2.8,2.8,1.0,1.4,2.8,0.5,0.0,4.2,4.2,1.4,0.0,1.4,0.0,0.0,2.8,2.8,15.3,-16.7,26.6,0,0,26.5,1,13222,1,13222,11319,12764,23021,1,7253,18083,1,12028,10513,10625,14058,13156,16846,18359,16469,8934,8263,8846,11689,10002,12585,20527,17194,2246,150,16547,1,25:49
2024-25,1629651,Nic Claxton,Nic,1610612751,BKN,Brooklyn Nets,0022400064,2024-10-23T00:00:00,BKN @ ATL,L,15.416666666666666,7.0,9.3,0.75,0.0,0.0,0.0,2.3,9.3,0.25,0.0,11.7,11.7,0.0,0.0,2.3,2.3,0.0,7.0,4.7,16.3,16.3,44.4,0,0,37.4,1,13222,1,13222,19296,8918,18213,2107,15070,20945,15070,9509,1686,13358,14058,1531,3779,19908,16469,4915,2676,8846,1975,4784,11558,5129,5484,2246,150,8461,1,15:25
2024-25,1642258,Zaccharie Risacher,Zaccharie,1610612737,ATL,Atlanta Hawks,0022400064,2024-10-23T00:00:00,ATL vs. BKN,W,19.0,3.8,15.2,0.25,1.9,7.6,0.25,3.8,7.6,0.5,1.9,0.0,1.9,0.0,1.9,0.0,0.0,1.9,3.8,5.7,13.3,1.9,13.6,0,0,17.1,1,1,13086,1,16826,17596,8323,20233,10653,7213,11902,6103,2832,10625,8840,22137,22008,19908,11073,12854,8263,3568,7769,3054,14792,11687,23593,2246,150,22281,1,19:00
2024-25,1642347,Jamal Shead,Jamal,1610612761,TOR,Toronto Raptors,0022400067,2024-10-23T00:00:00,TOR vs. CLE,L,18.716666666666665,5.8,13.5,0.429,1.9,7.7,0.25,5.8,5.8,1.0,0.0,1.9,1.9,7.7,3.8,1.9,1.9,0.0,3.8,3.8,19.2,-40.4,40.8,0,0,38.5,1,13222,1,13222,17025,12202,11062,13735,10532,7015,11902,3115,4787,1,14058,19910,21959,3191,4194,6653,3697,8846,7611,6721,8619,24867,7292,2246,150,7720,1,18:43
2024-25,1641707,Taylor Hendricks,Taylor,1610612762,UTA,Utah Jazz,0022400070,2024-10-23T00:00:00,UTA vs. MEM,L,28.533333333333335,5.0,8.8,0.571,3.8,6.3,0.6,1.3,2.5,0.5,2.5,3.8,6.3,0.0,0.0,2.5,1.3,0.0,3.8,1.3,15.1,2.5,34.1,0,0,32.8,1,13222,1,13222,9085,14240,18967,6538,4484,9962,2992,12416,11148,10625,6542,14372,11587,19908,16469,4320,5843,8846,7789,16077,12769,11353,11749,2246,150,11803,1,28:32
2024-25,201572,Brook Lopez,Brook,1610612749,MIL,Milwaukee Bucks,0022400066,2024-10-23T00:00:00,MIL @ PHI,W,35.53333333333333,3.0,11.1,0.273,1.0,6.1,0.167,3.0,4.1,0.75,1.0,7.1,8.1,6.1,4.1,0.0,6.1,0.0,4.1,4.1,10.1,18.2,43.2,0,0,37.5,1,1,13086,1,3044,19341,15117,20048,14469,10495,14236,7695,7730,8186,13150,6192,8085,5352,3777,12854,300,8846,6989,6161,18020,4478,6057,2246,150,8372,1,35:32
2024-25,1630171,Isaac Okoro,Isaac,1610612739,CLE,Cleveland Cavaliers,0022400067,2024-10-23T00:00:00,CLE @ TOR,W,19.033333333333335,1.9,3.8,0.5,0.0,0.0,0.0,1.9,3.8,0.5,0.0,3.8,3.8,3.8,1.9,0.0,1.9,1.9,1.9,5.7,5.7,17.0,19.7,0,0,17.0,1,1,13086,1,16794,21598,24195,8526,15070,20945,15070,10986,8293,10625,14058,14381,17870,10554,11095,12854,3786,3586,15735,3071,21611,4898,21327,2246,150,22297,1,19:02
2024-25,1630544,Tre Mann,Tre,1610612766,CHA,Charlotte Hornets,0022400068,2024-10-23T00:00:00,CHA @ HOU,W,28.95,9.9,19.9,0.5,5.0,9.9,0.5,5.0,5.0,1.0,3.7,3.7,7.5,1.2,3.7,0.0,1.2,1.2,2.5,3.7,29.8,2.5,40.7,0,0,46.0,1,1,13086,1,8713,3276,3038,8526,2315,3550,3944,4080,5976,1,3990,14534,9247,18868,4479,12854,5926,5972,12854,7048,2140,11379,7353,2246,150,3812,1,28:57
2024-25,1630700,Dyson Daniels,Dyson,1610612737,ATL,Atlanta Hawks,0022400064,2024-10-23T00:00:00,ATL vs. BKN,W,34.53333333333333,6.3,12.5,0.5,2.1,4.2,0.5,1.0,4.2,0.25,3.1,2.1,5.2,2.1,1.0,5.2,1.0,1.0,4.2,3.1,15.6,7.3,42.7,0,0,37.5,1,1,13086,1,3822,10833,12711,8526,9746,15187,3944,13103,7472,13358,5082,19403,14249,16046,15540,779,7182,7555,6635,8789,12278,8986,6249,2246,150,8342,1,34:32
2024-25,1641729,Brice Sensabaugh,Brice,1610612762,UTA,Utah Jazz,0022400070,2024-10-23T00:00:00,UTA vs. MEM,L,12.316666666666666,2.9,5.8,0.5,0.0,0.0,0.0,2.9,5.8,0.5,5.8,0.0,5.8,0.0,0.0,5.8,0.0,2.9,2.9,2.9,8.8,-35.1,33.3,0,0,26.3,1,13222,1,13222,21092,19595,22763,8526,15070,20945,15070,8028,4690,10625,1712,22137,12650,19908,16469,516,8263,1425,11073,9511,19291,24416,12330,2246,150,16710,1,12:19
2024-25,1628981,Bruno Fernando,Bruno,1610612761,TOR,Toronto Raptors,0022400067,2024-10-23T00:00:00,TOR vs. CLE,L,15.416666666666666,7.0,14.0,0.5,0.0,0.0,0.0,0.0,0.0,0.0,4.7,11.7,16.3,2.3,2.3,0.0,0.0,0.0,9.3,0.0,14.0,-23.4,34.8,0,0,32.7,1,13222,1,13222,19296,8918,10159,8526,15070,20945,15070,13505,14344,13505,2719,1531,1314,15100,8922,12854,8263,8846,857,17725,13923,22429,11205,2246,150,11884,1,15:25
2024-25,1630583,Santi Aldama,Santi,1610612763,MEM,Memphis Grizzlies,0022400070,2024-10-23T00:00:00,MEM @ UTA,W,31.433333333333334,11.5,18.3,0.625,5.7,11.5,0.5,2.3,2.3,1.0,2.3,3.4,5.7,2.3,2.3,0.0,0.0,0.0,2.3,1.1,30.9,9.2,38.9,0,0,44.7,1,1,13086,1,6467,1902,4350,4899,1541,2136,3944,9665,11817,1,7273,15418,12945,15269,9118,12854,8263,8846,13691,16677,1796,8107,8454,2246,150,4405,1,31:26
2024-25,203486,Mason Plumlee,Mason,1610612756,PHX,Phoenix Suns,0022400071,2024-10-23T00:00:00,PHX @ LAC,W,14.216666666666667,5.1,5.1,1.0,0.0,0.0,0.0,10.1,15.2,0.667,2.5,2.5,5.1,2.5,2.5,0.0,2.5,0.0,2.5,7.6,20.3,-2.5,35.2,0,0,32.9,1,1,13086,1,20066,14198,23413,1,15070,20945,15070,664,337,9425,6517,18096,14622,14435,8109,12854,2314,8846,12660,1261,7695,14324,10932,2246,150,11716,1,14:13
2024-25,1629634,Brandon Clarke,Brandon,1610612763,MEM,Memphis Grizzlies,0022400070,2024-10-23T00:00:00,MEM @ UTA,W,13.683333333333334,2.6,13.2,0.2,0.0,5.3,0.0,0.0,0.0,0.0,2.6,5.3,7.9,2.6,2.6,0.0,0.0,5.3,2.6,0.0,5.3,28.9,16.0,0,0,15.8,1,1,13086,1,20373,20217,11569,21401,15070,12562,15070,13505,14344,13505,6270,10122,8474,14109,7763,12854,8263,314,12318,17725,21870,2116,22835,2246,150,22791,1,13:41
2024-25,1628464,Daniel Theis,Daniel,1610612740,NOP,New Orleans Pelicans,0022400069,2024-10-23T00:00:00,NOP vs. CHI,W,18.516666666666666,5.8,9.7,0.6,0.0,1.9,0.0,3.9,3.9,1.0,0.0,3.9,3.9,5.8,3.9,3.9,5.8,0.0,3.9,5.8,15.6,29.2,54.2,0,0,44.7,1,1,13086,1,17179,12014,17533,5394,15070,19655,15070,5900,8055,1,14058,14063,17598,5789,4107,1750,342,8846,7480,2844,12372,2082,2153,2246,150,4385,1,18:31
2024-25,1629639,Tyler Herro,Tyler,1610612748,MIA,Miami Heat,0022400065,2024-10-23T00:00:00,MIA vs. ORL,L,28.753333333333334,6.3,13.8,0.455,2.5,6.3,0.4,2.5,2.5,1.0,0.0,6.3,6.3,3.8,1.3,0.0,1.3,0.0,1.3,1.3,17.5,-33.8,33.2,0,0,32.6,1,13222,1,13222,8876,10823,10539,12676,8137,10064,7874,9041,11201,1,14058,7772,11694,10636,14089,12854,5890,8846,18268,16124,10297,24280,12449,2246,150,11970,1,28:45
2024-25,1641739,Toumani Camara,Toumani,1610612757,POR,Portland Trail Blazers,0022400072,2024-10-23T00:00:00,POR vs. GSW,L,29.883333333333333,3.6,9.6,0.375,2.4,4.8,0.5,3.6,4.8,0.75,4.8,2.4,7.2,4.8,2.4,2.4,0.0,0.0,4.8,4.8,13.3,-26.5,34.0,0,0,32.5,1,13222,1,13222,7889,18049,17697,16299,8454,13646,3944,6462,6260,8186,2540,18454,9691,7867,8613,4668,8263,8846,5013,4464,14804,23135,11839,2246,150,11981,1,29:53
2024-25,1627747,Caris LeVert,Caris,1610612739,CLE,Cleveland Cavaliers,0022400067,2024-10-23T00:00:00,CLE @ TOR,W,20.633333333333333,14.0,15.7,0.889,3.5,3.5,1.0,1.7,3.5,0.5,0.0,1.7,1.7,7.0,0.0,0.0,0.0,0.0,1.7,1.7,33.2,33.2,45.7,0,0,45.4,1,1,13086,1,15533,713,7542,1318,5165,16673,1,11340,8906,10625,14058,20363,22236,4024,16469,12854,8263,8846,16388,14132,1296,1612,4856,2246,150,4084,1,20:38
2024-25,1627783,Pascal Siakam,Pascal,1610612754,IND,Indiana Pacers,0022400063,2024-10-23T00:00:00,IND @ DET,W,31.966666666666665,9.0,16.9,0.533,1.1,3.4,0.333,2.3,3.4,0.667,3.4,5.6,9.0,10.1,0.0,2.3,0.0,1.1,0.0,2.3,21.4,16.9,54.2,0,0,46.2,1,1,13086,1,5995,4688,5921,8140,13793,16913,9209,9775,9144,9425,4584,9222,6715,1370,16469,5208,8263,6825,20257,11928,6735,4941,2163,2246,150,3754,1,31:58
2024-25,1631218,Trayce Jackson-Davis,Trayce,1610612744,GSW,Golden State Warriors,0022400072,2024-10-23T00:00:00,GSW @ POR,W,24.616666666666667,7.3,7.3,1.0,0.0,0.0,0.0,5.8,7.3,0.8,1.5,4.4,5.8,2.9,0.0,1.5,0.0,0.0,1.5,4.4,20.5,8.8,36.3,0,0,32.2,1,1,13086,1,12359,8202,21190,1,15070,20945,15070,3027,3085,7681,10475,12560,12635,13185,16469,8568,8263,8846,17383,5384,7527,8291,10184,2246,150,12246,1,24:37
2024-25,1630167,Obi Toppin,Obi,1610612754,IND,Indiana Pacers,0022400063,2024-10-23T00:00:00,IND @ DET,W,16.033333333333335,2.2,4.5,0.5,0.0,2.2,0.0,0.0,0.0,0.0,0.0,2.2,2.2,4.5,0.0,2.2,0.0,0.0,6.7,2.2,4.5,-20.2,20.7,0,0,15.7,1,1,13086,1,18900,20955,23811,8526,15070,19089,15070,13505,14344,13505,14058,18933,21327,8678,16469,5232,8263,8846,2185,11960,22297,21612,20867,2246,150,22815,1,16:02
2024-25,1629111,Jock Landale,Jock,1610612745,HOU,Houston Rockets,0022400068,2024-10-23T00:00:00,HOU vs. CHA,L,10.453333333333333,6.9,13.8,0.5,3.4,3.4,1.0,0.0,0.0,0.0,10.3,0.0,10.3,6.9,0.0,0.0,0.0,0.0,3.4,0.0,17.2,-20.7,39.9,0,0,37.9,1,13222,1,13222,21936,9195,10534,8526,5276,16782,1,13505,14344,13505,363,22137,5087,4153,16469,12854,8263,8846,8921,17725,10610,21746,7797,2246,150,8108,1,10:27
2024-25,1642377,Jaylen Wells,Jaylen,1610612763,MEM,Memphis Grizzlies,0022400070,2024-10-23T00:00:00,MEM @ UTA,W,23.45,3.1,9.2,0.333,3.1,7.7,0.4,0.0,3.1,0.0,0.0,0.0,0.0,1.5,0.0,1.5,0.0,0.0,7.7,3.1,9.2,15.4,16.1,0,0,16.9,1,1,13086,1,13346,19279,18385,17395,6294,7040,7874,13505,9796,13505,14058,22137,23286,17853,16469,8253,8263,8846,1523,8994,18891,5486,22801,2246,150,22355,1,23:27
2024-25,1629018,Gary Trent Jr.,Gary,1610612749,MIL,Milwaukee Bucks,0022400066,2024-10-23T00:00:00,MIL @ PHI,W,34.45666666666666,3.1,6.3,0.5,2.1,5.2,0.4,3.1,3.1,1.0,0.0,2.1,2.1,0.0,0.0,0.0,0.0,0.0,5.2,2.1,11.5,11.5,14.0,0,0,15.7,1,1,13086,1,3892,19130,22356,8526,9732,12649,7874,7466,9638,1,14058,19390,21634,19908,16469,12854,8263,8846,4152,12662,16680,7012,23503,2246,150,22832,1,34:27
2024-25,203484,Kentavious Caldwell-Pope,Kentavious,1610612753,ORL,Orlando Magic,0022400065,2024-10-23T00:00:00,ORL @ MIA,W,25.153333333333332,0.0,7.2,0.0,0.0,7.2,0.0,4.3,4.3,1.0,1.4,0.0,1.4,2.9,2.9,1.4,2.9,1.4,1.4,1.4,4.3,34.3,20.3,0,0,17.2,1,1,13086,1,11874,22635,21373,22635,15070,8131,15070,5171,7227,1,10619,22137,22657,13407,6985,8753,1865,5057,17508,15318,22414,1466,21014,2246,150,22225,1,25:09
2024-25,1641763,Julian Phillips,Julian,1610612741,CHI,Chicago Bulls,0022400069,2024-10-23T00:00:00,CHI @ NOP,L,11.533333333333333,3.1,9.4,0.333,0.0,6.2,0.0,0.0,0.0,0.0,0.0,0.0,0.0,3.1,0.0,3.1,0.0,0.0,0.0,0.0,6.2,-28.1,20.3,0,0,15.6,1,13222,1,13222,21478,19146,18177,17395,15070,10096,15070,13505,14344,13505,14058,22137,23286,12553,16469,2886,8263,8846,20257,17725,21215,23446,21031,2246,150,22846,1,11:32
2024-25,1631204,Marcus Sasser,Marcus,1610612765,DET,Detroit Pistons,0022400063,2024-10-23T00:00:00,DET vs. IND,L,3.1083333333333334,11.6,11.6,1.0,0.0,0.0,0.0,0.0,0.0,0.0,0.0,11.6,11.6,11.6,0.0,0.0,0.0,0.0,0.0,0.0,23.2,104.2,54.4,0,0,46.3,1,13222,1,13222,24941,1817,14340,1,15070,20945,15070,13505,14344,13505,14058,1575,3867,818,16469,12854,8263,8846,20257,17725,5375,65,2107,2246,150,3711,1,3:07
2024-25,1630552,Jalen Johnson,Jalen,1610612737,ATL,Atlanta Hawks,0022400064,2024-10-23T00:00:00,ATL vs. BKN,W,36.85,3.9,8.8,0.444,0.0,2.9,0.0,2.9,7.8,0.375,1.0,8.8,9.8,3.9,5.9,2.9,1.0,1.0,2.9,4.9,10.7,-2.9,34.2,1,0,32.2,1,1,13086,1,2096,17299,19040,13045,15070,17798,15070,8008,2654,13124,13443,3733,5717,10208,1496,3320,7644,8124,11023,4328,17425,14537,11655,1,150,12176,1,36:51
2024-25,1642367,Jonathan Mogbo,Jonathan,1610612761,TOR,Toronto Raptors,0022400067,2024-10-23T00:00:00,TOR vs. CLE,L,11.216666666666667,6.4,12.8,0.5,3.2,6.4,0.5,6.4,6.4,1.0,0.0,0.0,0.0,0.0,0.0,3.2,0.0,0.0,3.2,6.4,22.5,-12.8,32.1,0,0,32.1,1,13222,1,13222,21618,10389,12143,8526,5929,9710,3944,2481,3981,1,14058,22137,23286,19908,16469,2719,8263,8846,9818,2161,5873,19072,13258,2246,150,12300,1,11:13
2024-25,201587,Nicolas Batum,Nicolas,1610612746,LAC,LA Clippers,0022400071,2024-10-23T00:00:00,LAC vs. PHX,L,23.625,0.0,3.0,0.0,0.0,3.0,0.0,3.0,3.0,1.0,0.0,3.0,3.0,3.0,1.5,1.5,0.0,0.0,4.6,1.5,3.0,1.5,14.3,0,0,12.2,1,13222,1,13222,13211,22635,24476,22635,15070,17558,15070,7677,9855,1,14058,16562,19587,12771,12645,8300,8263,8846,5619,14905,22943,11860,23393,2246,150,23942,1,23:38
2024-25,1631095,Jabari Smith Jr.,Jabari,1610612745,HOU,Houston Rockets,0022400068,2024-10-23T00:00:00,HOU vs. CHA,L,33.12,2.2,7.6,0.286,2.2,5.4,0.4,2.2,3.3,0.667,1.1,4.3,5.4,1.1,0.0,0.0,1.1,1.1,2.2,2.2,8.7,2.2,20.1,0,0,19.6,1,13222,1,13222,5054,21084,20778,19630,9342,12125,7874,10043,9406,9425,12577,12657,13713,19390,16469,12854,6881,7172,14226,12274,19350,11525,21107,2246,150,21114,1,33:07
2024-25,202684,Tristan Thompson,Tristan,1610612739,CLE,Cleveland Cavaliers,0022400067,2024-10-23T00:00:00,CLE @ TOR,W,8.5,4.2,8.5,0.5,0.0,0.0,0.0,0.0,0.0,0.0,0.0,4.2,4.2,0.0,0.0,0.0,0.0,0.0,0.0,0.0,8.5,-4.2,13.6,0,0,12.7,1,1,13086,1,22629,16491,19529,8526,15070,20945,15070,13505,14344,13505,14058,13015,16718,19908,16469,12854,8263,8846,20257,17725,19537,15193,23620,2246,150,23804,1,8:30
2024-25,1642262,Cody Williams,Cody,1610612762,UTA,Utah Jazz,0022400070,2024-10-23T00:00:00,UTA vs. MEM,L,19.466666666666665,0.0,0.0,0.0,0.0,0.0,0.0,3.7,3.7,1.0,0.0,7.4,7.4,0.0,1.8,0.0,0.0,0.0,7.4,1.8,3.7,-7.4,10.7,0,0,11.1,1,13222,1,13222,16447,22635,24836,22635,15070,20945,15070,6292,8479,1,14058,5681,9369,19908,11325,12854,8263,8846,1710,13736,22689,16678,24294,2246,150,24198,1,19:28
2024-25,1630533,Ziaire Williams,Ziaire,1610612751,BKN,Brooklyn Nets,0022400064,2024-10-23T00:00:00,BKN @ ATL,L,15.855,6.8,13.6,0.5,4.5,6.8,0.667,2.3,4.5,0.5,2.3,4.5,6.8,2.3,2.3,0.0,0.0,2.3,4.5,4.5,20.4,11.4,29.7,0,0,34.1,1,13222,1,13222,19027,9397,10793,8526,2993,8883,1957,9726,6763,10625,7348,12148,10504,15350,9213,12854,8263,2503,5687,5054,7559,7076,14983,2246,150,10805,1,15:51
2024-25,1630288,Jeff Dowtin Jr.,Jeff,1610612755,PHI,Philadelphia 76ers,0022400066,2024-10-23T00:00:00,PHI vs. MIL,L,2.65,0.0,0.0,0.0,0.0,0.0,0.0,0.0,0.0,0.0,0.0,0.0,0.0,0.0,0.0,0.0,0.0,0.0,0.0,0.0,0.0,40.8,0.0,0,0,0.0,1,13222,1,13222,25152,22635,24836,22635,15070,20945,15070,13505,14344,13505,14058,22137,23286,19908,16469,12854,8263,8846,20257,17725,23200,930,25228,2246,150,25259,1,2:39
2024-25,1629003,Shake Milton,Shake,1610612751,BKN,Brooklyn Nets,0022400064,2024-10-23T00:00:00,BKN @ ATL,L,6.333333333333333,0.0,5.7,0.0,0.0,0.0,0.0,0.0,0.0,0.0,0.0,0.0,0.0,0.0,0.0,0.0,0.0,0.0,0.0,0.0,0.0,45.5,0.0,0,0,0.0,1,13222,1,13222,23441,22635,22915,22635,15070,20945,15070,13505,14344,13505,14058,22137,23286,19908,16469,12854,8263,8846,20257,17725,23200,687,25228,2246,150,25259,1,6:20
2024-25,1626179,Terry Rozier,Terry,1610612748,MIA,Miami Heat,0022400065,2024-10-23T00:00:00,MIA vs. ORL,L,32.05,5.6,16.8,0.333,2.2,7.9,0.286,7.9,7.9,1.0,0.0,6.7,6.7,5.6,3.4,0.0,2.2,1.1,0.0,3.4,21.3,-15.7,41.2,0,0,40.4,1,13222,1,13222,5928,12660,5981,17395,9061,6683,11433,1473,2618,1,14058,6813,10654,6221,5305,12854,2848,6846,20257,8044,6778,20167,7038,2246,150,6529,1,32:03
2024-25,1629731,Dean Wade,Dean,1610612739,CLE,Cleveland Cavaliers,0022400067,2024-10-23T00:00:00,CLE @ TOR,W,19.7,3.7,9.1,0.4,1.8,5.5,0.333,0.0,0.0,0.0,1.8,12.8,14.6,1.8,0.0,3.7,0.0,0.0,5.5,0.0,9.1,14.6,40.4,0,0,34.7,1,1,13086,1,16262,17956,18499,14933,10957,11995,9209,13505,14344,13505,9138,1081,1952,17003,16469,2022,8263,8846,3724,17725,18954,5773,7526,2246,150,10278,1,19:42
2024-25,1626171,Bobby Portis,Bobby,1610612749,MIL,Milwaukee Bucks,0022400066,2024-10-23T00:00:00,MIL @ PHI,W,25.85,9.7,13.9,0.7,1.4,1.4,1.0,1.4,1.4,1.0,1.4,2.8,4.2,4.2,5.6,2.8,1.4,0.0,5.6,1.4,22.3,11.1,40.5,0,0,40.4,1,1,13086,1,11287,3540,10291,3045,12478,20385,1,12033,13599,1,10775,17443,16857,9444,1752,3719,5257,8846,3594,15484,6012,7168,7446,2246,150,6556,1,25:51
2024-25,1631222,Jake LaRavia,Jake,1610612763,MEM,Memphis Grizzlies,0022400070,2024-10-23T00:00:00,MEM @ UTA,W,16.145,4.5,8.9,0.5,2.2,4.5,0.5,0.0,0.0,0.0,0.0,2.2,2.2,0.0,0.0,0.0,2.2,2.2,4.5,0.0,11.1,-2.2,20.5,0,0,20.1,1,1,13086,1,18837,15898,18842,8526,9121,14551,3944,13505,14344,13505,14058,18980,21356,19908,16469,12854,2883,2584,5868,17725,17038,14162,20934,2246,150,20825,1,16:09
2024-25,1641783,Tristan da Silva,Tristan,1610612753,ORL,Orlando Magic,0022400065,2024-10-23T00:00:00,ORL @ MIA,W,5.35,0.0,6.7,0.0,0.0,6.7,0.0,0.0,0.0,0.0,0.0,0.0,0.0,0.0,6.7,0.0,0.0,0.0,0.0,0.0,0.0,-87.5,-6.7,0,0,0.0,1,1,13086,1,23840,22635,21854,22635,15070,9051,15070,13505,14344,13505,14058,22137,23286,19908,1005,12854,8263,8846,20257,17725,23200,26066,26188,2246,150,25259,1,5:21
2024-25,1631133,Jabari Walker,Jabari,1610612757,POR,Portland Trail Blazers,0022400072,2024-10-23T00:00:00,POR vs. GSW,L,7.283333333333333,0.0,0.0,0.0,0.0,0.0,0.0,0.0,0.0,0.0,4.9,4.9,9.9,0.0,0.0,0.0,0.0,0.0,9.9,0.0,0.0,-34.6,11.9,0,0,9.9,1,13222,1,13222,23067,22635,24836,22635,15070,20945,15070,13505,14344,13505,2427,11043,5557,19908,16469,12854,8263,8846,725,17725,23200,24368,24047,2246,150,24448,1,7:17
2024-25,1630534,Ochai Agbaji,Ochai,1610612761,TOR,Toronto Raptors,0022400067,2024-10-23T00:00:00,TOR vs. CLE,L,25.25,1.4,1.4,1.0,0.0,0.0,0.0,1.4,2.9,0.5,5.7,2.9,8.6,1.4,0.0,1.4,1.4,0.0,2.9,2.9,4.3,-25.7,25.2,0,0,20.0,1,13222,1,13222,11782,22261,24824,1,15070,20945,15070,11965,10356,10625,1811,17235,7389,18246,16469,8774,5128,8846,11410,9769,22419,22952,18121,2246,150,20882,1,25:15
2024-25,1630241,Sam Merrill,Sam,1610612739,CLE,Cleveland Cavaliers,0022400067,2024-10-23T00:00:00,CLE @ TOR,W,16.066666666666666,4.5,9.0,0.5,2.2,6.7,0.333,4.5,4.5,1.0,0.0,0.0,0.0,2.2,0.0,0.0,0.0,0.0,9.0,2.2,15.7,29.1,19.0,0,0,20.2,1,1,13086,1,18879,15834,18775,8526,9083,9070,9209,4865,6873,1,14058,22137,23286,15473,16469,12854,8263,8846,974,11982,12241,2085,21619,2246,150,20770,1,16:04
2024-25,1631157,Ryan Rollins,Ryan,1610612749,MIL,Milwaukee Bucks,0022400066,2024-10-23T00:00:00,MIL @ PHI,W,1.1,0.0,0.0,0.0,0.0,0.0,0.0,0.0,0.0,0.0,0.0,0.0,0.0,0.0,0.0,0.0,0.0,0.0,32.7,0.0,0.0,0.0,0.0,0,0,0.0,1,1,13086,1,26022,22635,24836,22635,15070,20945,15070,13505,14344,13505,14058,22137,23286,19908,16469,12854,8263,8846,32,17725,23200,12240,25228,2246,150,25259,1,1:06
2024-25,202696,Nikola Vučević,Nikola,1610612741,CHI,Chicago Bulls,0022400069,2024-10-23T00:00:00,CHI @ NOP,L,30.7,9.4,14.1,0.667,1.2,2.3,0.5,4.7,5.9,0.8,2.3,10.6,12.9,1.2,1.2,0.0,0.0,2.3,3.5,4.7,24.6,-16.4,40.7,1,0,39.9,1,13222,1,13222,7123,4058,10052,3281,13520,18912,3944,4528,4664,7681,7106,2190,2873,19109,14646,12854,8263,2343,8700,4736,4410,20414,7333,1,150,6853,1,30:42
2024-25,1641748,Andre Jackson Jr.,Andre,1610612749,MIL,Milwaukee Bucks,0022400066,2024-10-23T00:00:00,MIL @ PHI,W,1.1,0.0,0.0,0.0,0.0,0.0,0.0,0.0,0.0,0.0,0.0,0.0,0.0,0.0,0.0,0.0,0.0,0.0,0.0,0.0,0.0,0.0,0.0,0,0,0.0,1,1,13086,1,26022,22635,24836,22635,15070,20945,15070,13505,14344,13505,14058,22137,23286,19908,16469,12854,8263,8846,20257,17725,23200,12240,25228,2246,150,25259,1,1:06
2024-25,1630699,MarJon Beauchamp,MarJon,1610612749,MIL,Milwaukee Bucks,0022400066,2024-10-23T00:00:00,MIL @ PHI,W,0.6216666666666667,0.0,0.0,0.0,0.0,0.0,0.0,0.0,0.0,0.0,0.0,0.0,0.0,0.0,0.0,0.0,0.0,0.0,0.0,0.0,0.0,0.0,0.0,0,0,0.0,1,1,13086,1,26173,22635,24836,22635,15070,20945,15070,13505,14344,13505,14058,22137,23286,19908,16469,12854,8263,8846,20257,17725,23200,12240,25228,2246,150,25259,1,0:37
2024-25,1642358,AJ Johnson,AJ,1610612749,MIL,Milwaukee Bucks,0022400066,2024-10-23T00:00:00,MIL @ PHI,W,1.1,0.0,32.7,0.0,0.0,0.0,0.0,0.0,0.0,0.0,0.0,0.0,0.0,0.0,0.0,0.0,0.0,0.0,0.0,0.0,0.0,0.0,0.0,0,0,0.0,1,1,13086,1,26022,22635,173,22635,15070,20945,15070,13505,14344,13505,14058,22137,23286,19908,16469,12854,8263,8846,20257,17725,23200,12240,25228,2246,150,25259,1,1:06
2024-25,202709,Cory Joseph,Cory,1610612753,ORL,Orlando Magic,0022400065,2024-10-23T00:00:00,ORL @ MIA,W,5.35,0.0,13.5,0.0,0.0,6.7,0.0,0.0,0.0,0.0,0.0,0.0,0.0,0.0,0.0,0.0,0.0,6.7,0.0,0.0,0.0,-87.5,0.0,0,0,0.0,1,1,13086,1,23840,22635,11068,22635,15070,9051,15070,13505,14344,13505,14058,22137,23286,19908,16469,12854,8263,173,20257,17725,23200,26066,25228,2246,150,25259,1,5:21
2024-25,1641716,Jarace Walker,Jarace,1610612754,IND,Indiana Pacers,0022400063,2024-10-23T00:00:00,IND @ DET,W,6.35,5.7,11.3,0.5,5.7,11.3,0.5,0.0,0.0,0.0,5.7,0.0,5.7,5.7,5.7,0.0,0.0,0.0,11.3,0.0,17.0,-28.3,26.6,0,0,34.0,1,1,13086,1,23439,12503,14762,8526,1588,2228,3944,13505,14344,13505,1832,22137,13106,6100,1666,12854,8263,8846,494,17725,10836,23490,17185,2246,150,10833,1,6:21
2024-25,1626153,Delon Wright,Delon,1610612749,MIL,Milwaukee Bucks,0022400066,2024-10-23T00:00:00,MIL @ PHI,W,13.15,2.7,8.2,0.333,0.0,2.7,0.0,0.0,0.0,0.0,0.0,0.0,0.0,0.0,0.0,2.7,0.0,0.0,0.0,2.7,5.5,5.5,13.7,0,0,11.0,1,1,13086,1,20672,20004,19923,17395,15070,18187,15070,13505,14344,13505,14058,22137,23286,19908,16469,3835,8263,8846,20257,10200,21750,9859,23576,2246,150,24232,1,13:09
2024-25,1629631,De'Andre Hunter,De'Andre,1610612737,ATL,Atlanta Hawks,0022400064,2024-10-23T00:00:00,ATL vs. BKN,W,25.783333333333335,4.2,14.0,0.3,2.8,5.6,0.5,5.6,7.0,0.8,1.4,7.0,8.4,1.4,0.0,2.8,0.0,4.2,7.0,4.2,16.8,14.0,37.3,0,0,34.9,1,1,13086,1,11342,16622,10228,19363,7241,11761,3944,3331,3379,7681,10765,6393,7653,18353,16469,3705,8263,586,1993,5871,11121,6030,9481,2246,150,10162,1,25:47
2024-25,1642402,Enrique Freeman,Enrique,1610612754,IND,Indiana Pacers,0022400063,2024-10-23T00:00:00,IND @ DET,W,6.636666666666667,0.0,0.0,0.0,0.0,0.0,0.0,10.8,10.8,1.0,0.0,0.0,0.0,0.0,5.4,0.0,0.0,0.0,0.0,5.4,10.8,-27.1,5.4,0,0,10.8,1,1,13086,1,23318,22635,24836,22635,15070,20945,15070,507,1071,1,14058,22137,23286,19908,1880,12854,8263,8846,20257,3444,17318,23265,24969,2246,150,24257,1,6:38
2024-25,201142,Kevin Durant,Kevin,1610612756,PHX,Phoenix Suns,0022400071,2024-10-23T00:00:00,PHX @ LAC,W,43.666666666666664,6.6,14.0,0.471,1.6,4.1,0.4,5.8,7.4,0.778,0.0,5.8,5.8,0.0,5.8,2.5,0.8,0.0,3.3,6.6,20.6,-1.6,31.7,0,0,34.6,1,1,13086,1,106,9943,10147,12143,11540,15293,7874,3114,2980,8092,14058,8856,12836,19908,1589,4460,8226,8846,9463,1994,7385,13854,13577,2246,150,10353,1,43:40
2024-25,1629614,Andrew Nembhard,Andrew,1610612754,IND,Indiana Pacers,0022400063,2024-10-23T00:00:00,IND @ DET,W,34.81333333333333,3.1,8.3,0.375,0.0,2.1,0.0,2.1,2.1,1.0,0.0,2.1,2.1,7.2,2.1,1.0,0.0,0.0,3.1,4.1,8.3,6.2,22.6,0,0,19.6,1,1,13086,1,3607,19196,19838,16299,15070,19430,15070,10410,12527,1,14058,19456,21669,3705,10165,11644,8263,8846,10266,5971,19676,9511,19783,2246,150,21069,1,34:49
2024-25,1641810,Antonio Reeves,Antonio,1610612740,NOP,New Orleans Pelicans,0022400069,2024-10-23T00:00:00,NOP vs. CHI,W,1.0,0.0,108.0,0.0,0.0,72.0,0.0,0.0,0.0,0.0,0.0,0.0,0.0,0.0,36.0,0.0,0.0,0.0,0.0,0.0,0.0,-108.0,-36.0,0,0,0.0,1,1,13086,1,26058,22635,3,22635,15070,4,15070,13505,14344,13505,14058,22137,23286,19908,8,12854,8263,8846,20257,17725,23200,26185,26301,2246,150,25259,1,1:00
2024-25,1631200,Kris Murray,Kris,1610612757,POR,Portland Trail Blazers,0022400072,2024-10-23T00:00:00,POR vs. GSW,L,9.916666666666666,0.0,7.3,0.0,0.0,3.6,0.0,3.6,14.5,0.25,3.6,0.0,3.6,3.6,3.6,0.0,0.0,0.0,3.6,7.3,3.6,-65.3,9.8,0,0,10.9,1,13222,1,13222,22132,22635,21260,22635,15070,16374,15070,6429,391,13358,4160,22137,18251,10994,4709,12854,8263,8846,8324,1474,22725,25801,24452,2246,150,24247,1,9:55
2024-25,1627780,Gary Payton II,Gary,1610612744,GSW,Golden State Warriors,0022400072,2024-10-23T00:00:00,GSW @ POR,W,14.486666666666666,7.5,9.9,0.75,0.0,2.5,0.0,5.0,5.0,1.0,0.0,2.5,2.5,7.5,0.0,5.0,0.0,0.0,0.0,2.5,19.9,64.6,49.0,0,0,39.8,1,1,13086,1,19886,7880,17174,2107,15070,18659,15070,4087,5990,1,14058,18232,20843,3455,16469,922,8263,8846,20257,11050,8012,292,3636,2246,150,6912,1,14:29
2024-25,202699,Tobias Harris,Tobias,1610612765,DET,Detroit Pistons,0022400063,2024-10-23T00:00:00,DET vs. IND,L,35.80166666666667,6.0,13.1,0.462,1.0,6.0,0.167,0.0,0.0,0.0,1.0,1.0,2.0,1.0,2.0,0.0,1.0,0.0,3.0,0.0,13.1,-11.1,18.0,0,0,19.1,1,13222,1,13222,2821,11425,11730,12428,14520,10614,14236,13505,14344,13505,13217,21960,21776,19664,10468,12854,7453,8846,10640,17725,15020,18345,22099,2246,150,21349,1,35:48
2024-25,1641764,Brandin Podziemski,Brandin,1610612744,GSW,Golden State Warriors,0022400072,2024-10-23T00:00:00,GSW @ POR,W,24.933333333333334,0.0,7.2,0.0,0.0,5.8,0.0,0.0,0.0,0.0,5.8,4.3,10.1,5.8,4.3,1.4,0.0,0.0,4.3,2.9,0.0,50.5,20.8,0,0,18.8,1,1,13086,1,12062,22635,21297,22635,15070,11265,15070,13505,14344,13505,1760,12708,5318,5899,3250,8666,8263,8846,6192,9626,23200,537,20793,2246,150,21498,1,24:56
2024-25,203992,Bogdan Bogdanović,Bogdan,1610612737,ATL,Atlanta Hawks,0022400064,2024-10-23T00:00:00,ATL vs. BKN,W,27.833333333333332,2.6,7.8,0.333,2.6,7.8,0.333,2.6,2.6,1.0,0.0,2.6,2.6,2.6,2.6,0.0,2.6,0.0,3.9,1.3,10.3,-3.9,22.5,0,0,23.3,1,1,13086,1,9684,20295,20578,17395,7871,6877,9209,8835,11006,1,14058,17973,20659,14256,7925,12854,2237,8846,7512,15936,17808,15000,19871,2246,150,18816,1,27:50
2024-25,1630249,Vít Krejčí,Vít,1610612737,ATL,Atlanta Hawks,0022400064,2024-10-23T00:00:00,ATL vs. BKN,W,11.321666666666667,3.2,6.4,0.5,0.0,3.2,0.0,3.2,3.2,1.0,0.0,3.2,3.2,6.4,0.0,0.0,0.0,0.0,3.2,3.2,9.5,-25.4,22.9,0,0,19.1,1,1,13086,1,21577,19031,22257,8526,15070,17308,15070,7369,9550,1,14058,16158,19289,4915,16469,12854,8263,8846,9952,8629,18596,22903,19625,2246,150,21362,1,11:19
2024-25,201988,Patty Mills,Patty,1610612762,UTA,Utah Jazz,0022400070,2024-10-23T00:00:00,UTA vs. MEM,L,16.066666666666666,0.0,0.0,0.0,0.0,0.0,0.0,0.0,0.0,0.0,0.0,2.2,2.2,2.2,0.0,0.0,0.0,0.0,4.5,2.2,0.0,22.4,6.0,0,0,4.5,1,13222,1,13222,18879,22635,24836,22635,15070,20945,15070,13505,14344,13505,14058,18947,21337,15473,16469,12854,8263,8846,5816,11982,23200,3380,24912,2246,150,25150,1,16:04
2024-25,1630175,Cole Anthony,Cole,1610612753,ORL,Orlando Magic,0022400065,2024-10-23T00:00:00,ORL @ MIA,W,17.496666666666666,0.0,14.4,0.0,0.0,10.3,0.0,0.0,0.0,0.0,0.0,6.2,6.2,12.3,4.1,0.0,0.0,0.0,4.1,2.1,0.0,16.5,21.8,0,0,18.5,1,1,13086,1,17938,22635,9519,22635,15070,3165,15070,13505,14344,13505,14058,7958,11881,645,3637,12854,8263,8846,6783,12810,23200,5086,20257,2246,150,21615,1,17:30
2024-25,1628415,Dillon Brooks,Dillon,1610612745,HOU,Houston Rockets,0022400068,2024-10-23T00:00:00,HOU vs. CHA,L,31.421666666666667,1.1,6.9,0.167,0.0,3.4,0.0,0.0,0.0,0.0,1.1,2.3,3.4,0.0,0.0,0.0,0.0,1.1,4.6,2.3,2.3,16.0,6.4,0,0,5.7,1,13222,1,13222,6485,22543,21708,21938,15070,16797,15070,13505,14344,13505,12154,18789,18695,19908,16469,12854,8263,6672,5583,11787,23117,5235,24872,2246,150,25036,1,31:25
2024-25,1630231,KJ Martin,KJ,1610612755,PHI,Philadelphia 76ers,0022400066,2024-10-23T00:00:00,PHI vs. MIL,L,15.07,2.4,7.2,0.333,0.0,0.0,0.0,2.4,4.8,0.5,4.8,7.2,11.9,0.0,0.0,0.0,0.0,0.0,7.2,2.4,7.2,-28.7,21.5,0,0,19.1,1,13222,1,13222,19516,20696,21359,17395,15070,20945,15070,9376,6343,10625,2594,6065,3543,19908,16469,12854,8263,8846,1848,11397,20581,23533,20410,2246,150,21348,1,15:04
2024-25,1642276,Kel'el Ware,Kel'el,1610612748,MIA,Miami Heat,0022400065,2024-10-23T00:00:00,MIA vs. ORL,L,6.25,0.0,5.8,0.0,0.0,5.8,0.0,0.0,0.0,0.0,0.0,5.8,5.8,0.0,5.8,0.0,0.0,0.0,5.8,0.0,0.0,74.9,1.2,0,0,5.8,1,13222,1,13222,23477,22635,22854,22635,15070,11296,15070,13505,14344,13505,14058,8882,12868,19908,1598,12854,8263,8846,3292,17725,23200,199,25199,2246,150,25030,1,6:15
2024-25,1629130,Duncan Robinson,Duncan,1610612748,MIA,Miami Heat,0022400065,2024-10-23T00:00:00,MIA vs. ORL,L,19.666666666666668,3.7,12.8,0.286,3.7,9.2,0.4,0.0,0.0,0.0,0.0,1.8,1.8,1.8,0.0,0.0,0.0,1.8,7.3,1.8,11.0,-3.7,15.9,0,0,18.3,1,13222,1,13222,16285,17938,12180,19630,4777,4603,7874,13505,14344,13505,14058,20159,22112,16995,16469,12854,8263,3799,1764,13803,17190,14874,22885,2246,150,21721,1,19:40
2024-25,1631216,Caleb Houstan,Caleb,1610612753,ORL,Orlando Magic,0022400065,2024-10-23T00:00:00,ORL @ MIA,W,5.35,0.0,0.0,0.0,0.0,0.0,0.0,0.0,0.0,0.0,0.0,6.7,6.7,0.0,0.0,0.0,0.0,0.0,6.7,0.0,0.0,-87.5,8.1,0,0,6.7,1,1,13086,1,23840,22635,24836,22635,15070,20945,15070,13505,14344,13505,14058,6830,10675,19908,16469,12854,8263,8846,2190,17725,23200,26066,24685,2246,150,24921,1,5:21
2024-25,1627751,Jakob Poeltl,Jakob,1610612761,TOR,Toronto Raptors,0022400067,2024-10-23T00:00:00,TOR vs. CLE,L,26.15,2.8,8.3,0.333,0.0,0.0,0.0,2.8,5.5,0.5,4.1,8.3,12.4,2.8,6.9,0.0,0.0,2.8,5.5,5.5,8.3,-17.9,20.4,0,0,23.4,1,13222,1,13222,11042,19968,19853,17395,15070,20945,15070,8452,5182,10625,3394,4336,3201,13741,941,12854,8263,1665,3695,3331,19690,20904,20995,2246,150,18733,1,26:09
2024-25,201569,Eric Gordon,Eric,1610612755,PHI,Philadelphia 76ers,0022400066,2024-10-23T00:00:00,PHI vs. MIL,L,22.48,1.6,9.6,0.167,0.0,3.2,0.0,0.0,0.0,0.0,0.0,1.6,1.6,1.6,0.0,0.0,0.0,4.8,1.6,1.6,3.2,9.6,7.5,0,0,6.4,1,13222,1,13222,14134,22029,17752,21938,15070,17262,15070,13505,14344,13505,14058,20675,22439,17648,16469,12854,8263,406,16870,14627,22891,7884,24753,2246,150,24960,1,22:29
2024-25,1629636,Darius Garland,Darius,1610612739,CLE,Cleveland Cavaliers,0022400067,2024-10-23T00:00:00,CLE @ TOR,W,22.7,4.8,19.0,0.25,1.6,9.5,0.167,0.0,0.0,0.0,0.0,1.6,1.6,9.5,3.2,0.0,0.0,1.6,6.3,0.0,11.1,1.6,24.1,0,0,23.8,1,1,13086,1,13953,15088,3728,20233,11727,4079,14236,13505,14344,13505,14058,20707,22460,1694,5900,12854,8263,4468,2546,17725,17082,11836,18877,2246,150,18471,1,22:42
2024-25,1641724,Jett Howard,Jett,1610612753,ORL,Orlando Magic,0022400065,2024-10-23T00:00:00,ORL @ MIA,W,5.35,0.0,20.2,0.0,0.0,13.5,0.0,0.0,0.0,0.0,0.0,6.7,6.7,0.0,0.0,0.0,0.0,6.7,0.0,0.0,0.0,-87.5,8.1,0,0,6.7,1,1,13086,1,23840,22635,2833,22635,15070,1114,15070,13505,14344,13505,14058,6830,10675,19908,16469,12854,8263,173,20257,17725,23200,26066,24685,2246,150,24921,1,5:21
2024-25,1641712,Rayan Rupert,Rayan,1610612757,POR,Portland Trail Blazers,0022400072,2024-10-23T00:00:00,POR vs. GSW,L,16.95,6.4,8.5,0.75,0.0,2.1,0.0,0.0,0.0,0.0,2.1,4.2,6.4,0.0,0.0,2.1,0.0,0.0,4.2,0.0,12.7,-34.0,26.8,0,0,23.4,1,13222,1,13222,18283,10505,19498,2107,15070,19324,15070,13505,14344,13505,7872,12975,11463,19908,16469,5681,8263,8846,6432,17725,15341,24302,17109,2246,150,18759,1,16:57
2024-25,1642279,Ulrich Chomche,Ulrich,1610612761,TOR,Toronto Raptors,0022400067,2024-10-23T00:00:00,TOR vs. CLE,L,4.5,8.0,8.0,1.0,0.0,0.0,0.0,0.0,0.0,0.0,0.0,8.0,8.0,0.0,0.0,0.0,0.0,0.0,0.0,0.0,16.0,-32.0,25.6,0,0,24.0,1,13222,1,13222,24240,6633,20259,1,15070,20945,15070,13505,14344,13505,14058,4702,8265,19908,16469,12854,8263,8846,20257,17725,11919,24030,17880,2246,150,18317,1,4:30
2024-25,1626220,Royce O'Neale,Royce,1610612756,PHX,Phoenix Suns,0022400071,2024-10-23T00:00:00,PHX @ LAC,W,24.216666666666665,3.0,7.4,0.4,1.5,4.5,0.333,0.0,0.0,0.0,1.5,5.9,7.4,1.5,4.5,1.5,1.5,0.0,1.5,1.5,7.4,20.8,23.0,0,0,23.8,1,1,13086,1,12715,19484,21026,14933,12088,14548,9209,13505,14344,13505,10368,8460,9298,18029,3057,8469,4902,8846,17273,15053,20378,3744,19535,2246,150,18474,1,24:13
2024-25,1641715,Cam Whitmore,Cam,1610612745,HOU,Houston Rockets,0022400068,2024-10-23T00:00:00,HOU vs. CHA,L,8.016666666666667,9.0,18.0,0.5,0.0,4.5,0.0,0.0,0.0,0.0,0.0,0.0,0.0,0.0,0.0,0.0,0.0,4.5,4.5,0.0,18.0,18.0,18.0,0,0,18.0,1,13222,1,13222,22811,4748,4741,8526,15070,14459,15070,13505,14344,13505,14058,22137,23286,19908,16469,12854,8263,487,5801,17725,9883,4571,22108,2246,150,21886,1,8:01
2024-25,1631323,Simone Fontecchio,Simone,1610612765,DET,Detroit Pistons,0022400063,2024-10-23T00:00:00,DET vs. IND,L,14.841666666666667,0.0,9.7,0.0,0.0,4.9,0.0,0.0,0.0,0.0,2.4,0.0,2.4,0.0,2.4,0.0,0.0,0.0,7.3,4.9,0.0,7.3,0.5,0,0,2.4,1,13222,1,13222,19680,22635,17573,22635,15070,13560,15070,13505,14344,13505,6851,22137,20949,19908,8552,12854,8263,8846,1785,4392,23200,9003,25221,2246,150,25246,1,14:51
2024-25,203552,Seth Curry,Seth,1610612766,CHA,Charlotte Hornets,0022400068,2024-10-23T00:00:00,CHA @ HOU,W,26.333333333333332,2.7,6.8,0.4,2.7,4.1,0.667,1.4,4.1,0.333,0.0,2.7,2.7,1.4,0.0,0.0,1.4,0.0,2.7,2.7,9.6,4.1,19.0,0,0,19.1,1,1,13086,1,10877,20012,21747,14933,7434,15341,1957,12114,7625,13132,14058,17595,20383,18438,16469,12854,5375,8846,11897,10214,18571,10594,21638,2246,150,21326,1,26:20
2024-25,1641842,Ronald Holland II,Ronald,1610612765,DET,Detroit Pistons,0022400063,2024-10-23T00:00:00,DET vs. IND,L,15.291666666666666,4.7,14.1,0.333,0.0,7.1,0.0,4.7,4.7,1.0,2.4,4.7,7.1,0.0,2.4,4.7,0.0,0.0,2.4,7.1,14.1,-4.7,34.4,0,0,30.6,1,13222,1,13222,19386,15219,9958,17395,15070,8328,15070,4500,6464,1,7073,11677,10030,19908,8840,1079,8263,8846,13416,1611,13819,15424,11537,2246,150,13479,1,15:18
2024-25,203995,Vasilije Micić,Vasilije,1610612766,CHA,Charlotte Hornets,0022400068,2024-10-23T00:00:00,CHA @ HOU,W,16.548333333333332,4.4,19.6,0.222,2.2,6.5,0.333,0.0,0.0,0.0,4.4,6.5,10.9,2.2,6.5,2.2,0.0,2.2,2.2,2.2,10.9,-4.4,27.2,0,0,30.5,1,1,13086,1,18576,16198,3290,21205,9328,9486,9209,13505,14344,13505,3102,7245,4522,15706,1114,5491,8263,2699,14217,12264,17288,15250,16825,2246,150,13574,1,16:33
2024-25,1628998,Cody Martin,Cody,1610612766,CHA,Charlotte Hornets,0022400068,2024-10-23T00:00:00,CHA @ HOU,W,23.518333333333334,3.1,9.2,0.333,1.5,6.1,0.25,4.6,6.1,0.75,4.6,7.7,12.2,1.5,0.0,0.0,1.5,0.0,4.6,3.1,12.2,6.1,33.8,0,0,30.6,1,1,13086,1,13297,19295,18434,17395,11924,10377,11902,4696,4319,8186,2812,5234,3311,17870,16469,12854,4746,8846,5561,9027,15875,9558,11951,2246,150,13466,1,23:31
2024-25,1627827,Dorian Finney-Smith,Dorian,1610612751,BKN,Brooklyn Nets,0022400064,2024-10-23T00:00:00,BKN @ ATL,L,29.56,3.7,12.2,0.3,2.4,8.5,0.286,0.0,0.0,0.0,3.7,6.1,9.7,1.2,1.2,1.2,2.4,1.2,6.1,1.2,9.7,-4.9,33.0,0,0,30.4,1,13222,1,13222,8178,17960,13291,19363,8353,5540,11433,13505,14344,13505,4117,8128,5742,18957,14306,10033,2492,6141,2833,16310,18402,15511,12595,2246,150,13584,1,29:34
2024-25,1627826,Ivica Zubac,Ivica,1610612746,LAC,LA Clippers,0022400071,2024-10-23T00:00:00,LAC vs. PHX,L,33.80833333333333,8.5,13.8,0.615,0.0,0.0,0.0,5.3,8.5,0.625,1.1,8.5,9.6,3.2,3.2,0.0,0.0,0.0,6.4,6.4,22.4,1.1,35.5,0,0,35.1,1,13222,1,13222,4438,5578,10435,5246,15070,20945,15070,3623,2175,10271,12758,4038,5941,12343,5838,12854,8263,8846,2505,2194,5957,12107,10760,2246,150,10001,1,33:49
2024-25,203501,Tim Hardaway Jr.,Tim,1610612765,DET,Detroit Pistons,0022400063,2024-10-23T00:00:00,DET vs. IND,L,28.938333333333333,5.0,11.2,0.444,5.0,8.7,0.571,2.5,2.5,1.0,0.0,1.2,1.2,1.2,0.0,1.2,0.0,1.2,2.5,3.7,17.4,-2.5,24.5,0,0,27.4,1,13222,1,13222,8727,14471,15029,13045,2313,5262,3506,9088,11242,1,14058,21416,22889,18867,16469,9840,8263,5971,12852,7046,10419,14305,18605,2246,150,15895,1,28:56
2024-25,1629012,Collin Sexton,Collin,1610612762,UTA,Utah Jazz,0022400070,2024-10-23T00:00:00,UTA vs. MEM,L,24.983333333333334,7.2,11.5,0.625,0.0,0.0,0.0,8.6,11.5,0.75,0.0,2.9,2.9,4.3,5.8,1.4,1.4,0.0,2.9,7.2,23.1,-4.3,35.9,0,0,36.0,1,13222,1,13222,12017,8443,14425,4899,15070,20945,15070,1128,885,8186,14058,17144,20037,9073,1597,8694,5070,8846,11268,1509,5446,15235,10449,2246,150,9352,1,24:59
2024-25,1630611,Gui Santos,Gui,1610612744,GSW,Golden State Warriors,0022400072,2024-10-23T00:00:00,GSW @ POR,W,5.116666666666666,7.0,7.0,1.0,0.0,0.0,0.0,7.0,14.1,0.5,0.0,7.0,7.0,7.0,0.0,0.0,0.0,0.0,7.0,14.1,21.1,56.3,40.1,0,0,35.2,1,1,13086,1,23934,8846,21516,1,15070,20945,15070,1985,443,10625,14058,6296,10087,3971,16469,12854,8263,8846,1950,122,6989,420,7692,2246,150,9963,1,5:07
2024-25,1628389,Bam Adebayo,Bam,1610612748,MIA,Miami Heat,0022400065,2024-10-23T00:00:00,MIA vs. ORL,L,25.516666666666666,1.4,7.1,0.2,0.0,2.8,0.0,9.9,14.1,0.7,4.2,2.8,7.1,1.4,0.0,0.0,0.0,0.0,1.4,8.5,12.7,-42.3,23.3,0,0,21.2,1,13222,1,13222,11578,22279,21501,21401,15070,18013,15070,736,438,9366,3266,17327,10051,18307,16469,12854,8263,8846,17579,844,15394,25002,19384,2246,150,20181,1,25:31
2024-25,1630625,Dalano Banton,Dalano,1610612757,POR,Portland Trail Blazers,0022400072,2024-10-23T00:00:00,POR vs. GSW,L,8.0,4.5,18.0,0.25,4.5,9.0,0.5,0.0,0.0,0.0,0.0,4.5,4.5,4.5,0.0,0.0,0.0,0.0,0.0,4.5,13.5,-45.0,25.7,0,0,27.0,1,13222,1,13222,22814,15777,4664,20233,3070,4827,3944,13505,14344,13505,14058,12261,16050,8651,16469,12854,8263,8846,20257,5140,14501,25184,17846,2246,150,16149,1,8:00
2024-25,1641854,Craig Porter Jr.,Craig,1610612739,CLE,Cleveland Cavaliers,0022400067,2024-10-23T00:00:00,CLE @ TOR,W,8.5,8.5,21.2,0.4,0.0,8.5,0.0,0.0,0.0,0.0,0.0,0.0,0.0,4.2,0.0,0.0,0.0,4.2,0.0,0.0,16.9,-4.2,23.3,0,0,21.2,1,1,13086,1,22629,5666,2220,14933,15070,5630,15070,13505,14344,13505,14058,22137,23286,9290,16469,12854,8263,571,20257,17725,10911,15193,19377,2246,150,20169,1,8:30
2024-25,1630224,Jalen Green,Jalen,1610612745,HOU,Houston Rockets,0022400068,2024-10-23T00:00:00,HOU vs. CHA,L,35.45,9.1,23.4,0.391,5.1,15.2,0.333,5.1,5.1,1.0,0.0,2.0,2.0,0.0,0.0,0.0,0.0,2.0,0.0,3.0,28.4,-11.2,30.9,0,0,35.5,1,13222,1,13222,3112,4462,1263,15984,2185,644,9209,3921,5787,1,14058,19559,21743,19908,16469,12854,8263,3125,20257,9085,2619,18393,14147,2246,150,9708,1,35:27
2024-25,1641741,Ricky Council IV,Ricky,1610612755,PHI,Philadelphia 76ers,0022400066,2024-10-23T00:00:00,PHI vs. MIL,L,9.0,4.0,8.0,0.5,4.0,4.0,1.0,16.0,16.0,1.0,0.0,4.0,4.0,0.0,4.0,0.0,0.0,0.0,4.0,8.0,28.0,4.0,28.8,0,0,36.0,1,13222,1,13222,22453,17087,20259,8526,3999,15583,1,141,281,1,14058,13720,17311,19908,3881,12854,8263,8846,7143,1020,2786,10649,15644,2246,150,9360,1,9:00
2024-25,1630169,Tyrese Haliburton,Tyrese,1610612754,IND,Indiana Pacers,0022400063,2024-10-23T00:00:00,IND @ DET,W,34.96666666666667,6.2,18.5,0.333,1.0,9.3,0.111,2.1,2.1,1.0,1.0,4.1,5.1,4.1,3.1,3.1,2.1,0.0,2.1,3.1,15.4,15.4,40.2,0,0,36.0,1,1,13086,1,3489,11029,4189,17395,14366,4432,15003,10441,12558,1,13036,13360,14407,9612,6156,2958,3322,8846,14816,8932,12469,5455,7666,2246,150,9346,1,34:58
2024-25,1628960,Grayson Allen,Grayson,1610612756,PHX,Phoenix Suns,0022400071,2024-10-23T00:00:00,PHX @ LAC,W,21.37,3.4,11.8,0.286,3.4,10.1,0.333,3.4,3.4,1.0,0.0,1.7,1.7,5.1,1.7,1.7,1.7,0.0,3.4,3.4,13.5,3.4,31.5,0,0,30.3,1,1,13086,1,15016,18602,13955,19630,5460,3366,9209,6964,9163,1,14058,20498,22322,7344,11987,7669,4334,8846,9190,8050,14537,10938,13673,2246,150,13693,1,21:22
2024-25,1630166,Deni Avdija,Deni,1610612757,POR,Portland Trail Blazers,0022400072,2024-10-23T00:00:00,POR vs. GSW,L,27.483333333333334,5.2,13.1,0.4,0.0,3.9,0.0,9.2,10.5,0.875,2.6,6.5,9.2,2.6,5.2,2.6,2.6,0.0,2.6,6.5,19.6,-17.0,45.1,0,0,41.9,1,13222,1,13222,9957,13699,11674,14933,15070,15715,15070,948,1197,6931,6296,7205,6484,14154,2075,4096,2197,8846,12357,2034,8206,20632,5148,2246,150,5691,1,27:29
2024-25,1641710,Anthony Black,Anthony,1610612753,ORL,Orlando Magic,0022400065,2024-10-23T00:00:00,ORL @ MIA,W,27.9,5.2,11.6,0.444,1.3,2.6,0.5,1.3,3.9,0.333,5.2,2.6,7.7,5.2,0.0,0.0,0.0,1.3,2.6,3.9,12.9,16.8,29.9,0,0,27.1,1,1,13086,1,9625,13918,14281,13045,12896,18479,3944,12327,8090,13132,2238,17991,8733,7111,16469,12854,8263,5701,12493,6648,15195,4979,14846,2246,150,16088,1,27:54
2024-25,203110,Draymond Green,Draymond,1610612744,GSW,Golden State Warriors,0022400072,2024-10-23T00:00:00,GSW @ POR,W,20.433333333333334,5.3,5.3,1.0,1.8,1.8,1.0,1.8,3.5,0.5,0.0,10.6,10.6,5.3,5.3,1.8,3.5,0.0,5.3,5.3,14.1,21.1,45.3,0,0,42.3,1,1,13086,1,15684,13580,23272,1,11218,19967,1,11311,8842,10625,14058,2176,4840,6855,2022,7396,1211,8846,4048,3654,13854,3664,5050,2246,150,5503,1,20:26
2024-25,1630643,Jay Huff,Jay,1610612763,MEM,Memphis Grizzlies,0022400070,2024-10-23T00:00:00,MEM @ UTA,W,22.45,6.4,9.6,0.667,4.8,8.0,0.6,3.2,3.2,1.0,1.6,6.4,8.0,1.6,0.0,0.0,3.2,0.0,3.2,1.6,20.8,3.2,42.5,0,0,41.7,1,1,13086,1,14153,10401,17721,3281,2538,6418,2992,7314,9508,1,9904,7475,8238,17633,16469,12854,1469,8846,9830,14616,7204,11015,6373,2246,150,5804,1,22:27
2024-25,1629684,Grant Williams,Grant,1610612766,CHA,Charlotte Hornets,0022400068,2024-10-23T00:00:00,CHA @ HOU,W,24.816666666666666,4.4,8.7,0.5,2.9,5.8,0.5,0.0,0.0,0.0,1.5,4.4,5.8,1.5,2.9,1.5,1.5,0.0,5.8,1.5,11.6,1.5,26.5,0,0,27.6,1,1,13086,1,12165,16196,19187,8526,6863,11197,3944,13505,14344,13505,10535,12646,12758,18174,6836,8629,5036,8846,3218,15240,16564,11898,17260,2246,150,15746,1,24:49
2024-25,1630245,Ayo Dosunmu,Ayo,1610612741,CHI,Chicago Bulls,0022400069,2024-10-23T00:00:00,CHI @ NOP,L,24.966666666666665,5.8,8.7,0.667,0.0,2.9,0.0,0.0,0.0,0.0,0.0,5.8,5.8,4.3,2.9,0.0,0.0,1.4,2.9,1.4,11.5,-18.7,22.1,0,0,21.6,1,13222,1,13222,12032,12208,19273,3281,15070,17891,15070,13505,14344,13505,14058,8863,12846,9064,6903,12854,8263,5016,11249,15269,16633,21159,20104,2246,150,19878,1,24:58
2024-25,1631311,Lester Quinones,Lester,1610612755,PHI,Philadelphia 76ers,0022400066,2024-10-23T00:00:00,PHI vs. MIL,L,2.65,0.0,13.6,0.0,0.0,13.6,0.0,0.0,0.0,0.0,13.6,0.0,13.6,13.6,0.0,0.0,0.0,0.0,0.0,0.0,0.0,40.8,36.7,0,0,27.2,1,13222,1,13222,25152,22635,10847,22635,15070,1062,15070,13505,14344,13505,170,22137,2439,436,16469,12854,8263,8846,20257,17725,23200,930,9903,2246,150,16041,1,2:39
2024-25,1630174,Aaron Nesmith,Aaron,1610612754,IND,Indiana Pacers,0022400063,2024-10-23T00:00:00,IND @ DET,W,18.755,3.8,7.7,0.5,1.9,3.8,0.5,3.8,3.8,1.0,1.9,1.9,3.8,0.0,0.0,3.8,1.9,1.9,7.7,3.8,13.4,-1.9,35.3,0,0,30.7,1,1,13086,1,17002,17479,20681,8526,10552,15917,3944,6001,8159,1,8744,19922,17734,19908,16469,1804,3710,3480,1522,6744,14585,13995,10858,2246,150,13390,1,18:45
2024-25,1626172,Kevon Looney,Kevon,1610612744,GSW,Golden State Warriors,0022400072,2024-10-23T00:00:00,GSW @ POR,W,14.078333333333333,0.0,5.1,0.0,0.0,0.0,0.0,5.1,5.1,1.0,7.7,7.7,15.3,5.1,2.6,2.6,2.6,2.6,7.7,2.6,5.1,35.8,44.0,0,0,35.8,1,1,13086,1,20160,22635,23377,22635,15070,20945,15070,3864,5730,1,893,5208,1637,7215,8023,4236,2282,1941,1529,10774,21950,1315,5683,2246,150,9518,1,14:05
2024-25,1629750,Javonte Green,Javonte,1610612740,NOP,New Orleans Pelicans,0022400069,2024-10-23T00:00:00,NOP vs. CHI,W,25.231666666666666,4.3,4.3,1.0,0.0,0.0,0.0,4.3,5.7,0.75,0.0,4.3,4.3,1.4,1.4,5.7,0.0,0.0,0.0,4.3,12.8,20.0,35.8,0,0,30.0,1,1,13086,1,11815,16371,23941,1,15070,20945,15070,5195,4881,8186,14058,12863,16586,18242,13126,569,8263,8846,20257,5647,15250,3956,10501,2246,150,13969,1,25:14
2024-25,1631105,Jalen Duren,Jalen,1610612765,DET,Detroit Pistons,0022400063,2024-10-23T00:00:00,DET vs. IND,L,30.061666666666667,4.8,4.8,1.0,0.0,0.0,0.0,6.0,7.2,0.833,4.8,10.8,15.6,4.8,2.4,0.0,0.0,0.0,3.6,3.6,15.6,-19.2,39.0,1,0,35.9,1,13222,1,13222,7737,14975,23611,1,15070,20945,15070,2874,3182,7275,2576,2030,1557,7943,8676,12854,8263,8846,8449,7411,12356,21290,8379,1,150,9429,1,30:04
2024-25,1641711,Gradey Dick,Gradey,1610612761,TOR,Toronto Raptors,0022400067,2024-10-23T00:00:00,TOR vs. CLE,L,29.266666666666666,6.2,16.0,0.385,2.5,7.4,0.333,4.9,4.9,1.0,1.2,1.2,2.5,1.2,0.0,0.0,2.5,1.2,0.0,3.7,19.7,-11.1,31.9,0,0,30.8,1,13222,1,13222,8428,11090,7130,16070,8279,7662,9209,4159,6079,1,11605,21442,20879,18916,16469,12854,2447,6053,20257,7154,8175,18347,13433,2246,150,13357,1,29:16
2024-25,1629021,Moritz Wagner,Moritz,1610612753,ORL,Orlando Magic,0022400065,2024-10-23T00:00:00,ORL @ MIA,W,16.033333333333335,4.5,9.0,0.5,2.2,6.7,0.333,4.5,4.5,1.0,2.2,11.2,13.5,4.5,2.2,0.0,0.0,0.0,4.5,9.0,15.7,0.0,36.4,0,0,35.9,1,1,13086,1,18900,15812,18755,8526,9068,9044,9209,4852,6861,1,7436,1789,2497,8678,9325,12854,8263,8846,5801,666,12200,12240,10097,2246,150,9431,1,16:02
2024-25,1629312,Haywood Highsmith,Haywood,1610612748,MIA,Miami Heat,0022400065,2024-10-23T00:00:00,MIA vs. ORL,L,30.235,4.8,9.5,0.5,1.2,2.4,0.5,0.0,0.0,0.0,1.2,4.8,6.0,2.4,1.2,2.4,1.2,0.0,3.6,2.4,10.7,-7.1,31.0,0,0,27.4,1,13222,1,13222,7565,15077,17899,8526,13422,18850,3944,13505,14344,13505,11861,11542,12399,14945,14512,4762,6236,8846,8517,11427,17460,16580,14083,2246,150,15879,1,30:14
2024-25,1627741,Buddy Hield,Buddy,1610612744,GSW,Golden State Warriors,0022400072,2024-10-23T00:00:00,GSW @ POR,W,14.73,19.6,29.3,0.667,12.2,17.1,0.714,2.4,2.4,1.0,2.4,9.8,12.2,2.4,2.4,0.0,0.0,2.4,4.9,2.4,53.8,51.3,69.7,0,0,80.7,1,1,13086,1,19755,154,315,3281,126,405,1861,9210,11352,1,6793,2743,3330,14723,8472,12854,8263,2128,4863,11183,120,527,446,2246,150,153,1,14:44
2024-25,1626167,Myles Turner,Myles,1610612754,IND,Indiana Pacers,0022400063,2024-10-23T00:00:00,IND @ DET,W,36.04833333333333,7.0,14.0,0.5,3.0,8.0,0.375,3.0,3.0,1.0,0.0,9.0,9.0,4.0,4.0,0.0,4.0,0.0,4.0,4.0,20.0,20.0,44.7,0,0,43.9,1,1,13086,1,2653,8954,10198,8526,6535,6465,8800,7821,9987,1,14058,3532,6764,9951,3894,12854,921,8846,7161,6323,7940,3958,5314,2246,150,4719,1,36:03
2024-25,1631170,Jaime Jaquez Jr.,Jaime,1610612748,MIA,Miami Heat,0022400065,2024-10-23T00:00:00,MIA vs. ORL,L,19.183333333333334,7.5,16.9,0.444,3.8,3.8,1.0,5.6,9.4,0.6,3.8,5.6,9.4,5.6,3.8,0.0,0.0,7.5,7.5,5.6,24.4,-43.2,40.3,0,0,43.2,1,13222,1,13222,16683,7750,5925,13045,4564,16088,1,3276,1672,10343,3961,9227,6208,6190,4431,12854,8263,128,1642,3152,4551,25065,7541,2246,150,5063,1,19:11
2024-25,1630526,Jeremiah Robinson-Earl,Jeremiah,1610612740,NOP,New Orleans Pelicans,0022400069,2024-10-23T00:00:00,NOP vs. CHI,W,6.716666666666667,10.7,16.1,0.667,10.7,16.1,0.667,0.0,0.0,0.0,0.0,5.4,5.4,5.4,0.0,5.4,0.0,0.0,5.4,0.0,32.2,-37.5,62.7,0,0,64.3,1,1,13086,1,23275,2490,7000,3281,172,518,1957,13505,14344,13505,14058,9871,13893,6704,16469,709,8263,8846,3910,17725,1492,24656,902,2246,150,506,1,6:43
2024-25,1642281,Jaylon Tyson,Jaylon,1610612739,CLE,Cleveland Cavaliers,0022400067,2024-10-23T00:00:00,CLE @ TOR,W,6.666666666666667,5.4,5.4,1.0,5.4,5.4,1.0,5.4,10.8,0.5,0.0,10.8,10.8,5.4,10.8,0.0,0.0,0.0,10.8,5.4,21.6,10.8,31.9,0,0,43.2,1,1,13086,1,23297,13272,23178,1,1852,12211,1,3529,1085,10625,14058,2018,4594,6635,268,12854,8263,8846,559,3483,6549,7325,13431,2246,150,5044,1,6:40
2024-25,1630596,Evan Mobley,Evan,1610612739,CLE,Cleveland Cavaliers,0022400067,2024-10-23T00:00:00,CLE @ TOR,W,26.95,12.0,18.7,0.643,1.3,2.7,0.5,8.0,8.0,1.0,5.3,6.7,12.0,4.0,1.3,2.7,4.0,1.3,2.7,6.7,33.4,41.4,72.5,0,0,64.1,1,1,13086,1,10372,1507,4023,4607,12711,18311,3944,1410,2511,1,2052,6934,3473,9920,13641,3967,913,5469,12158,1919,1241,878,357,2246,150,519,1,26:57
2024-25,203507,Giannis Antetokounmpo,Giannis,1610612749,MIL,Milwaukee Bucks,0022400066,2024-10-23T00:00:00,MIL @ PHI,W,31.206666666666667,9.2,12.7,0.727,0.0,0.0,0.0,10.4,18.5,0.563,1.2,15.0,16.2,8.1,3.5,0.0,1.2,0.0,4.6,13.8,28.8,8.1,60.3,1,0,55.4,1,1,13086,1,6699,4319,12401,2666,15070,20945,15070,591,172,10596,12078,571,1378,2812,5104,12854,6462,8846,5510,130,2469,8598,1148,1,150,1401,1,31:12
2024-25,1630578,Alperen Sengun,Alperen,1610612745,HOU,Houston Rockets,0022400068,2024-10-23T00:00:00,HOU vs. CHA,L,33.88666666666666,10.6,23.4,0.455,2.1,3.2,0.667,3.2,4.2,0.75,6.4,12.7,19.1,5.3,3.2,4.2,1.1,3.2,2.1,8.5,26.6,10.6,70.2,1,0,63.7,1,13222,1,13222,4365,2592,1260,12676,9575,17296,1957,7359,7319,8186,1437,1091,664,6796,5865,1418,7045,1163,14498,830,3401,7404,424,1,150,540,1,33:53
2024-25,1642272,Jared McCain,Jared,1610612755,PHI,Philadelphia 76ers,0022400066,2024-10-23T00:00:00,PHI vs. MIL,L,3.8666666666666667,18.6,27.9,0.667,0.0,9.3,0.0,0.0,0.0,0.0,9.3,9.3,18.6,0.0,0.0,0.0,0.0,0.0,0.0,9.3,37.2,27.9,59.6,0,0,55.9,1,13222,1,13222,24555,189,402,3281,15070,4367,15070,13505,14344,13505,501,3193,766,19908,16469,12854,8263,8846,20257,564,672,2282,1241,2246,150,1329,1,3:52
2024-25,1630560,Cam Thomas,Cam,1610612751,BKN,Brooklyn Nets,0022400064,2024-10-23T00:00:00,BKN @ ATL,L,33.718333333333334,14.9,28.8,0.519,7.5,13.9,0.538,1.1,1.1,1.0,2.1,3.2,5.3,3.2,2.1,3.2,0.0,3.2,4.3,4.3,38.4,-8.5,57.1,0,0,60.9,1,13222,1,13222,4520,499,336,8506,603,963,3915,13012,14094,1,7829,16082,13944,12294,9815,2738,8263,1153,6374,5672,562,17203,1613,2246,150,742,1,33:43
2024-25,1630164,James Wiseman,James,1610612754,IND,Indiana Pacers,0022400063,2024-10-23T00:00:00,IND @ DET,W,4.633333333333334,15.5,31.1,0.5,0.0,7.8,0.0,15.5,15.5,1.0,0.0,7.8,7.8,0.0,0.0,0.0,0.0,0.0,0.0,7.8,46.6,-31.1,55.9,0,0,54.4,1,1,13086,1,24166,410,231,8526,15070,6854,15070,152,311,1,14058,5049,8672,19908,16469,12854,8263,8846,20257,1151,214,23900,1820,2246,150,1557,1,4:38
2024-25,201939,Stephen Curry,Stephen,1610612744,GSW,Golden State Warriors,0022400072,2024-10-23T00:00:00,GSW @ POR,W,25.071666666666665,5.7,14.4,0.4,4.3,10.1,0.429,8.6,8.6,1.0,0.0,12.9,12.9,14.4,2.9,2.9,0.0,0.0,0.0,4.3,24.4,33.0,67.2,1,0,61.7,1,1,13086,1,11941,12290,9602,14933,3370,3431,7394,1141,2115,1,14058,1043,2858,349,6955,3483,8263,8846,20257,5566,4542,1621,561,1,150,669,1,25:04
2024-25,1631255,Karlo Matković,Karlo,1610612740,NOP,New Orleans Pelicans,0022400069,2024-10-23T00:00:00,NOP vs. CHI,W,1.0,0.0,0.0,0.0,0.0,0.0,0.0,0.0,0.0,0.0,36.0,0.0,36.0,0.0,0.0,0.0,36.0,0.0,0.0,0.0,0.0,-108.0,151.2,0,0,108.0,1,1,13086,1,26058,22635,24836,22635,15070,20945,15070,13505,14344,13505,8,22137,45,19908,16469,12854,2,8846,20257,17725,23200,26185,18,2246,150,44,1,1:00
2024-25,1630541,Moses Moody,Moses,1610612744,GSW,Golden State Warriors,0022400072,2024-10-23T00:00:00,GSW @ POR,W,14.883333333333333,12.1,26.6,0.455,7.3,19.4,0.375,4.8,4.8,1.0,0.0,4.8,4.8,4.8,0.0,0.0,0.0,0.0,7.3,2.4,36.3,24.2,49.3,0,0,53.2,1,1,13086,1,19645,1467,545,12676,682,269,8800,4281,6222,1,14058,11307,15202,7821,16469,12854,8263,8846,1798,11271,784,2987,3486,2246,150,1760,1,14:53
2024-25,1630532,Franz Wagner,Franz,1610612753,ORL,Orlando Magic,0022400065,2024-10-23T00:00:00,ORL @ MIA,W,23.1,15.6,24.9,0.625,4.7,9.4,0.5,0.0,0.0,0.0,1.6,4.7,6.2,6.2,0.0,3.1,1.6,1.6,4.7,1.6,35.8,48.3,66.7,0,0,62.3,1,1,13086,1,13631,407,840,4899,2770,4303,3944,13505,14344,13505,10086,11780,11747,5104,16469,2896,4679,4559,5349,14763,852,593,589,2246,150,624,1,23:06
2024-25,1629660,Ty Jerome,Ty,1610612739,CLE,Cleveland Cavaliers,0022400067,2024-10-23T00:00:00,CLE @ TOR,W,18.95,11.4,13.3,0.857,3.8,3.8,1.0,0.0,0.0,0.0,1.9,1.9,3.8,11.4,3.8,3.8,0.0,1.9,1.9,1.9,26.6,30.4,55.9,0,0,53.2,1,1,13086,1,16868,1937,11308,1412,4435,15994,1,13505,14344,13505,8814,19972,17818,866,4321,1850,8263,3546,15669,13510,3387,1919,1833,2246,150,1766,1,18:57
2024-25,1630217,Desmond Bane,Desmond,1610612763,MEM,Memphis Grizzlies,0022400070,2024-10-23T00:00:00,MEM @ UTA,W,27.091666666666665,10.6,26.6,0.4,5.3,13.3,0.4,5.3,5.3,1.0,0.0,5.3,5.3,5.3,1.3,1.3,1.3,2.7,5.3,2.7,31.9,-10.6,52.9,0,0,53.2,1,1,13086,1,10281,2580,547,14933,1933,1169,7874,3635,5438,1,14058,9994,14004,6786,13673,9303,5522,1799,3995,10449,1553,18155,2484,2246,150,1776,1,27:06
2024-25,1641730,Noah Clowney,Noah,1610612751,BKN,Brooklyn Nets,0022400064,2024-10-23T00:00:00,BKN @ ATL,L,14.6,4.9,14.8,0.333,2.5,7.4,0.333,4.9,4.9,1.0,7.4,7.4,14.8,0.0,2.5,2.5,2.5,4.9,2.5,2.5,17.3,-24.7,47.3,0,0,44.4,1,13222,1,13222,19826,14601,8908,17395,8265,7618,9209,4147,6062,1,996,5681,1872,19908,8379,4489,2440,382,12925,11114,10567,22737,4193,2246,150,4512,1,14:36
2024-25,1628371,Jonathan Isaac,Jonathan,1610612753,ORL,Orlando Magic,0022400065,2024-10-23T00:00:00,ORL @ MIA,W,11.45,3.1,12.6,0.25,3.1,6.3,0.5,0.0,6.3,0.0,6.3,3.1,9.4,0.0,0.0,3.1,6.3,3.1,3.1,3.1,9.4,-31.4,49.0,0,0,40.9,1,1,13086,1,21504,19111,12620,20233,6110,10004,3944,13505,4143,13505,1478,16290,6131,19908,16469,2845,266,1202,10120,8748,18701,23955,3613,2246,150,6283,1,11:27
2024-25,1630322,Lindy Waters III,Lindy,1610612744,GSW,Golden State Warriors,0022400072,2024-10-23T00:00:00,GSW @ POR,W,5.116666666666666,21.1,21.1,1.0,14.1,14.1,1.0,0.0,0.0,0.0,0.0,7.0,7.0,0.0,0.0,0.0,0.0,0.0,14.1,0.0,56.3,56.3,64.7,0,0,77.4,1,1,13086,1,23934,118,2267,1,90,905,1,13505,14344,13505,14058,6296,10087,19908,16469,12854,8263,8846,281,17725,101,420,718,2246,150,196,1,5:07
2024-25,203914,Gary Harris,Gary,1610612753,ORL,Orlando Magic,0022400065,2024-10-23T00:00:00,ORL @ MIA,W,21.766666666666666,9.9,14.9,0.667,9.9,14.9,0.667,0.0,0.0,0.0,1.7,3.3,5.0,1.7,1.7,0.0,3.3,0.0,1.7,0.0,29.8,3.3,46.5,0,0,52.9,1,1,13086,1,14698,3298,8772,3281,214,720,1957,13505,14344,13505,9733,15768,14900,17489,12117,12854,1388,8846,16687,17725,2170,10968,4548,2246,150,1819,1,21:46
2024-25,203994,Jusuf Nurkić,Jusuf,1610612756,PHX,Phoenix Suns,0022400071,2024-10-23T00:00:00,PHX @ LAC,W,22.33,3.2,8.1,0.4,1.6,6.4,0.25,9.7,12.9,0.75,0.0,14.5,14.5,3.2,6.4,3.2,0.0,0.0,6.4,9.7,17.7,4.8,43.2,0,0,43.5,1,1,13086,1,14255,18940,20161,14933,11642,9653,11902,788,603,8186,14058,660,1991,12214,1152,2690,8263,8846,2442,479,10101,10193,6029,2246,150,4911,1,22:20
2024-25,1641890,Tyler Smith,Tyler,1610612749,MIL,Milwaukee Bucks,0022400066,2024-10-23T00:00:00,MIL @ PHI,W,2.216666666666667,32.5,48.7,0.667,16.2,32.5,0.5,0.0,0.0,0.0,16.2,0.0,16.2,0.0,0.0,0.0,0.0,0.0,16.2,16.2,81.2,-16.2,100.7,0,0,113.7,1,1,13086,1,25342,22,34,3281,54,43,3944,13505,14344,13505,103,22137,1344,19908,16469,12854,8263,8846,200,76,29,20334,66,2246,150,36,1,2:13
2024-25,1630591,Jalen Suggs,Jalen,1610612753,ORL,Orlando Magic,0022400065,2024-10-23T00:00:00,ORL @ MIA,W,12.533333333333333,8.6,11.5,0.75,2.9,5.7,0.5,11.5,11.5,1.0,0.0,5.7,5.7,11.5,2.9,2.9,0.0,0.0,8.6,5.7,31.6,51.7,61.5,0,0,57.4,1,1,13086,1,20972,5407,14490,2107,6977,11343,3944,404,892,1,14058,8934,12915,840,6950,3479,8263,8846,1090,2976,1612,509,1028,2246,150,1108,1,12:32
2024-25,1627749,Dejounte Murray,Dejounte,1610612740,NOP,New Orleans Pelicans,0022400069,2024-10-23T00:00:00,NOP vs. CHI,W,29.983333333333334,4.8,18.0,0.267,0.0,3.6,0.0,7.2,8.4,0.857,0.0,9.6,9.6,12.0,1.2,1.2,0.0,0.0,0.0,3.6,16.8,6.0,48.7,1,0,40.8,1,1,13086,1,7797,14939,4658,20170,15070,16434,15070,1871,2253,7071,14058,2912,5915,718,14438,10167,8263,8846,20257,7385,11049,9608,3720,1,150,6308,1,29:59
2024-25,1630595,Cade Cunningham,Cade,1610612765,DET,Detroit Pistons,0022400063,2024-10-23T00:00:00,DET vs. IND,L,36.55166666666667,9.8,22.7,0.435,2.0,5.9,0.333,5.9,5.9,1.0,0.0,4.9,4.9,7.9,2.0,1.0,0.0,3.9,2.0,3.0,27.6,-9.8,46.3,0,0,44.3,1,13222,1,13222,2303,3399,1524,13702,10300,10919,9209,2955,4601,1,14058,11105,14998,3018,10667,12084,8263,668,15304,9409,2940,17811,4628,2246,150,4545,1,36:33
2024-25,204456,T.J. McConnell,T.J.,1610612754,IND,Indiana Pacers,0022400063,2024-10-23T00:00:00,IND @ DET,W,15.8,15.9,18.2,0.875,0.0,0.0,0.0,0.0,0.0,0.0,0.0,4.6,4.6,9.1,2.3,2.3,0.0,0.0,0.0,0.0,31.9,-25.1,55.6,0,0,50.1,1,1,13086,1,19061,362,4428,1353,15070,20945,15070,13505,14344,13505,14058,12107,15904,1931,9166,5110,8263,8846,20257,17725,1550,22819,1882,2246,150,2497,1,15:48
2024-25,1629630,Ja Morant,Ja,1610612763,MEM,Memphis Grizzlies,0022400070,2024-10-23T00:00:00,MEM @ UTA,W,27.933333333333334,9.0,15.5,0.583,0.0,2.6,0.0,10.3,11.6,0.889,0.0,6.4,6.4,12.9,3.9,1.3,0.0,1.3,5.2,10.3,28.4,-3.9,55.4,1,0,50.3,1,1,13086,1,9595,4672,7874,6296,15070,18484,15070,615,871,6857,14058,7423,11293,552,4157,9525,8263,5708,4273,358,2652,14987,1905,1,150,2459,1,27:56
2024-25,1630163,LaMelo Ball,LaMelo,1610612766,CHA,Charlotte Hornets,0022400068,2024-10-23T00:00:00,CHA @ HOU,W,37.916666666666664,9.5,19.0,0.5,3.8,11.4,0.333,9.5,9.5,1.0,0.9,6.6,7.6,10.4,1.9,0.9,0.9,0.0,2.8,5.7,32.3,13.3,60.9,1,0,57.9,1,1,13086,1,1431,3889,3766,8526,4444,2179,9209,839,1598,1,13653,7000,8980,1229,11052,12352,7833,8846,11425,3034,1460,6258,1087,1,150,1038,1,37:55
2024-25,1631117,Walker Kessler,Walker,1610612762,UTA,Utah Jazz,0022400070,2024-10-23T00:00:00,UTA vs. MEM,L,29.583333333333332,7.3,8.5,0.857,0.0,0.0,0.0,4.9,6.1,0.8,7.3,9.7,17.0,1.2,2.4,1.2,6.1,0.0,2.4,6.1,19.5,4.9,61.2,1,0,52.3,1,13222,1,13222,8157,8220,19464,1412,15070,20945,15070,4241,4366,7681,1024,2787,1119,18963,8512,10037,297,8846,13056,2516,8405,10177,1050,1,150,1966,1,29:35
2024-25,1641871,Duop Reath,Duop,1610612757,POR,Portland Trail Blazers,0022400072,2024-10-23T00:00:00,POR vs. GSW,L,3.2666666666666666,11.0,22.0,0.5,11.0,11.0,1.0,0.0,0.0,0.0,11.0,0.0,11.0,11.0,11.0,0.0,0.0,0.0,0.0,0.0,33.1,-33.1,51.8,0,0,66.1,1,13222,1,13222,24856,2241,1795,8526,159,2465,1,13505,14344,13505,308,22137,4392,991,255,12854,8263,8846,20257,17725,1307,24172,2762,2246,150,437,1,3:16
2024-25,1642274,Yves Missi,Yves,1610612740,NOP,New Orleans Pelicans,0022400069,2024-10-23T00:00:00,NOP vs. CHI,W,22.766666666666666,7.9,12.7,0.625,0.0,0.0,0.0,3.2,3.2,1.0,4.7,6.3,11.1,1.6,1.6,1.6,4.7,0.0,3.2,3.2,19.0,6.3,52.0,0,0,44.3,1,1,13086,1,13894,6838,12482,4899,15070,20945,15070,7411,9589,1,2620,7650,4349,17708,12416,8059,601,8846,10030,8692,8882,9461,2704,2246,150,4565,1,22:46
2024-25,1628449,Chris Boucher,Chris,1610612761,TOR,Toronto Raptors,0022400067,2024-10-23T00:00:00,TOR vs. CLE,L,19.983333333333334,9.0,16.2,0.556,7.2,9.0,0.8,7.2,10.8,0.667,1.8,1.8,3.6,1.8,1.8,1.8,1.8,0.0,1.8,5.4,32.4,-30.6,48.5,0,0,52.2,1,13222,1,13222,16026,4692,6815,7248,699,4816,1389,1867,1083,9425,9235,20241,18315,17077,11550,7249,4058,8846,16181,3472,1430,23833,3818,2246,150,1985,1,19:59
2024-25,1630193,Immanuel Quickley,Immanuel,1610612761,TOR,Toronto Raptors,0022400067,2024-10-23T00:00:00,TOR vs. CLE,L,14.233333333333333,10.1,22.8,0.444,5.1,10.1,0.5,7.6,10.1,0.75,0.0,5.1,5.1,10.1,5.1,2.5,0.0,7.6,5.1,5.1,32.9,-5.1,56.7,0,0,58.2,1,13222,1,13222,20060,3092,1462,13045,2201,3358,3944,1617,1320,8186,14058,10700,14638,1376,2266,4308,8263,122,4475,3996,1349,15626,1702,2246,150,1007,1,14:14
2024-25,1628386,Jarrett Allen,Jarrett,1610612739,CLE,Cleveland Cavaliers,0022400067,2024-10-23T00:00:00,CLE @ TOR,W,26.083333333333332,6.9,9.7,0.714,0.0,0.0,0.0,5.5,6.9,0.8,2.8,6.9,9.7,1.4,1.4,1.4,5.5,0.0,1.4,6.9,19.3,11.0,52.3,0,0,44.2,1,1,13086,1,11099,9153,17650,2752,15070,20945,15070,3391,3470,7681,5950,6528,5855,18404,13403,9008,390,8846,17702,1728,8533,7216,2641,2246,150,4608,1,26:05
2024-25,1631207,Dalen Terry,Dalen,1610612741,CHI,Chicago Bulls,0022400069,2024-10-23T00:00:00,CHI @ NOP,L,1.7666666666666666,0.0,0.0,0.0,0.0,0.0,0.0,0.0,0.0,0.0,0.0,0.0,0.0,0.0,0.0,20.4,0.0,0.0,0.0,0.0,0.0,61.1,61.1,0,0,40.8,1,13222,1,13222,25637,22635,24836,22635,15070,20945,15070,13505,14344,13505,14058,22137,23286,19908,16469,23,8263,8846,20257,17725,23200,341,1057,2246,150,6347,1,1:46
2024-25,1641737,Adem Bona,Adem,1610612755,PHI,Philadelphia 76ers,0022400066,2024-10-23T00:00:00,PHI vs. MIL,L,2.65,13.6,13.6,1.0,0.0,0.0,0.0,0.0,0.0,0.0,13.6,0.0,13.6,0.0,0.0,0.0,0.0,0.0,13.6,0.0,27.2,40.8,43.5,0,0,40.8,1,13222,1,13222,25152,833,10847,1,15070,20945,15070,13505,14344,13505,170,22137,2439,19908,16469,12854,8263,8846,301,17725,3126,930,5897,2246,150,6347,1,2:39
2024-25,1628374,Lauri Markkanen,Lauri,1610612762,UTA,Utah Jazz,0022400070,2024-10-23T00:00:00,UTA vs. MEM,L,34.56666666666667,9.4,15.6,0.6,4.2,7.3,0.571,13.5,14.6,0.929,1.0,8.3,9.4,2.1,2.1,0.0,0.0,0.0,2.1,9.4,36.5,16.7,48.7,0,0,52.1,1,13222,1,13222,3807,4075,7660,5394,3643,7839,3506,234,384,6719,12932,4241,6227,16055,10083,12854,8263,8846,14685,551,763,5014,3723,2246,150,2022,1,34:34
2024-25,1629027,Trae Young,Trae,1610612737,ATL,Atlanta Hawks,0022400064,2024-10-23T00:00:00,ATL vs. BKN,W,36.678333333333335,6.9,15.7,0.438,2.0,5.9,0.333,13.7,15.7,0.875,1.0,3.9,4.9,11.8,2.9,1.0,1.0,0.0,1.0,9.8,29.4,11.8,55.9,1,0,52.0,1,1,13086,1,2226,9246,7541,13558,10332,10974,9209,220,297,6931,13407,13947,15040,771,6661,12107,7603,8846,19800,452,2282,6891,1819,1,150,2036,1,36:41
2024-25,1627742,Brandon Ingram,Brandon,1610612740,NOP,New Orleans Pelicans,0022400069,2024-10-23T00:00:00,NOP vs. CHI,W,31.466666666666665,14.9,26.3,0.565,3.4,5.7,0.6,4.6,4.6,1.0,2.3,5.7,8.0,2.3,3.4,2.3,1.1,1.1,4.6,3.4,37.8,20.6,57.7,0,0,58.3,1,1,13086,1,6437,512,594,7102,5310,11404,2992,4722,6699,1,7286,8999,8256,15281,5163,5085,6519,6687,5599,7863,628,3784,1527,2246,150,982,1,31:28
2024-25,1631094,Paolo Banchero,Paolo,1610612753,ORL,Orlando Magic,0022400065,2024-10-23T00:00:00,ORL @ MIA,W,31.2,13.8,27.7,0.5,4.6,9.2,0.5,5.8,6.9,0.833,4.6,8.1,12.7,3.5,0.0,1.2,1.2,2.3,2.3,3.5,38.1,48.5,65.4,1,0,63.5,1,1,13086,1,6701,748,421,8526,2862,4481,3944,3118,3448,7275,2777,4599,3005,11514,16469,10550,6457,2409,13612,7770,604,591,671,1,150,550,1,31:12
2024-25,1630537,Chris Duarte,Chris,1610612741,CHI,Chicago Bulls,0022400069,2024-10-23T00:00:00,CHI @ NOP,L,1.7666666666666666,20.4,20.4,1.0,20.4,20.4,1.0,0.0,0.0,0.0,0.0,0.0,0.0,0.0,0.0,0.0,0.0,0.0,0.0,0.0,61.1,61.1,61.1,0,0,81.5,1,13222,1,13222,25637,134,2704,1,28,218,1,13505,14344,13505,14058,22137,23286,19908,16469,12854,8263,8846,20257,17725,80,341,1057,2246,150,143,1,1:46
2024-25,1630168,Onyeka Okongwu,Onyeka,1610612737,ATL,Atlanta Hawks,0022400064,2024-10-23T00:00:00,ATL vs. BKN,W,28.483333333333334,13.9,15.2,0.917,0.0,0.0,0.0,7.6,7.6,1.0,5.1,5.1,10.1,1.3,2.5,0.0,3.8,0.0,1.3,3.8,35.4,5.1,58.3,0,0,54.3,1,1,13086,1,9135,731,8314,1287,15070,20945,15070,1620,2829,1,2318,10716,5313,18781,8125,12854,1037,8846,18200,6870,915,10081,1438,2246,150,1567,1,28:29
2024-25,1630696,Dru Smith,Dru,1610612748,MIA,Miami Heat,0022400065,2024-10-23T00:00:00,MIA vs. ORL,L,6.25,0.0,5.8,0.0,0.0,0.0,0.0,0.0,0.0,0.0,5.8,0.0,5.8,5.8,0.0,0.0,5.8,0.0,0.0,0.0,0.0,74.9,32.8,0,0,23.0,1,13222,1,13222,23477,22635,22854,22635,15070,20945,15070,13505,14344,13505,1768,22137,12868,5928,16469,12854,351,8846,20257,17725,23200,199,12702,2246,150,18988,1,6:15
2024-25,1627732,Ben Simmons,Ben,1610612751,BKN,Brooklyn Nets,0022400064,2024-10-23T00:00:00,BKN @ ATL,L,24.2,4.5,6.0,0.75,0.0,0.0,0.0,0.0,0.0,0.0,3.0,4.5,7.4,11.9,8.9,0.0,1.5,0.0,7.4,0.0,8.9,-11.9,31.2,0,0,31.2,1,13222,1,13222,12726,15878,22655,2107,15070,20945,15070,13505,14344,13505,5405,12356,9289,739,432,12854,4898,8846,1686,17725,19155,18704,13872,2246,150,12969,1,24:12
2024-25,200768,Kyle Lowry,Kyle,1610612755,PHI,Philadelphia 76ers,0022400066,2024-10-23T00:00:00,PHI vs. MIL,L,24.2,6.0,10.4,0.571,4.5,7.4,0.6,3.0,6.0,0.5,0.0,6.0,6.0,8.9,0.0,0.0,0.0,0.0,1.5,4.5,19.3,-16.4,39.9,0,0,38.7,1,13222,1,13222,12726,11651,16363,6538,3121,7522,2992,7887,4545,10625,14058,8447,12404,2075,16469,12854,8263,8846,17271,5217,8514,20399,7843,2246,150,7606,1,24:12
2024-25,1627832,Fred VanVleet,Fred,1610612745,HOU,Houston Rockets,0022400068,2024-10-23T00:00:00,HOU vs. CHA,L,37.39666666666667,3.9,17.3,0.222,1.9,10.6,0.182,3.9,3.9,1.0,1.9,1.9,3.9,5.8,1.9,1.9,0.0,1.9,1.0,2.9,13.5,0.0,30.6,0,0,28.9,1,13222,1,13222,1745,17447,5421,21205,10524,2881,14207,5976,8133,1,8726,19903,17706,5898,10928,6645,8263,3463,19897,9624,14536,12240,14335,2246,150,14796,1,37:24
2024-25,1631107,Nikola Jović,Nikola,1610612748,MIA,Miami Heat,0022400065,2024-10-23T00:00:00,MIA vs. ORL,L,24.015,10.5,21.0,0.5,1.5,10.5,0.143,0.0,1.5,0.0,1.5,6.0,7.5,1.5,1.5,1.5,1.5,0.0,6.0,3.0,22.5,0.0,41.2,0,0,39.0,1,13222,1,13222,12895,2720,2344,8526,12034,2979,14649,13505,13489,13505,10327,8336,9183,17978,12746,8411,4859,8846,2954,9269,5861,12240,7037,2246,150,7395,1,24:01
2024-25,203924,Jerami Grant,Jerami,1610612757,POR,Portland Trail Blazers,0022400072,2024-10-23T00:00:00,POR vs. GSW,L,33.166666666666664,6.5,19.5,0.333,2.2,8.7,0.25,2.2,2.2,1.0,0.0,2.2,2.2,3.3,0.0,1.1,1.1,3.3,2.2,3.3,17.4,-17.4,31.4,0,0,29.3,1,13222,1,13222,5013,10162,3323,17395,9361,5294,11902,10048,12176,1,14058,19152,21475,12133,16469,11140,6887,1098,14243,8390,10455,20732,13769,2246,150,14472,1,33:10
2024-25,1642346,Ryan Dunn,Ryan,1610612756,PHX,Phoenix Suns,0022400071,2024-10-23T00:00:00,PHX @ LAC,W,8.733333333333333,4.1,20.6,0.2,0.0,8.2,0.0,0.0,0.0,0.0,0.0,8.2,8.2,4.1,0.0,0.0,4.1,0.0,12.4,0.0,8.2,-8.2,36.7,0,0,28.9,1,1,13086,1,22551,16793,2568,21401,15070,6000,15070,13505,14344,13505,14058,4357,7863,9601,16469,12854,854,8846,390,17725,19705,17069,9897,2246,150,14820,1,8:44
2024-25,1629028,Deandre Ayton,Deandre,1610612757,POR,Portland Trail Blazers,0022400072,2024-10-23T00:00:00,POR vs. GSW,L,30.95,5.8,14.0,0.417,0.0,2.3,0.0,0.0,0.0,0.0,2.3,10.5,12.8,2.3,1.2,2.3,0.0,0.0,2.3,2.3,11.6,-22.1,36.3,1,0,31.4,1,13222,1,13222,6918,12072,10232,14532,15070,18943,15070,13505,14344,13505,7161,2252,2943,15134,14707,4944,8263,8846,13539,11645,16544,22092,10169,1,150,12856,1,30:57
2024-25,1628976,Wendell Carter Jr.,Wendell,1610612753,ORL,Orlando Magic,0022400065,2024-10-23T00:00:00,ORL @ MIA,W,26.616666666666667,4.1,9.5,0.429,1.4,2.7,0.5,1.4,2.7,0.5,5.4,13.5,18.9,2.7,1.4,2.7,0.0,0.0,2.7,2.7,10.8,43.3,44.4,0,0,39.2,1,1,13086,1,10633,16957,18005,13735,12645,18255,3944,12158,10735,10625,2008,870,711,13894,13556,3897,8263,8846,12023,10304,17346,769,5490,2246,150,7259,1,26:37
2024-25,203897,Zach LaVine,Zach,1610612741,CHI,Chicago Bulls,0022400069,2024-10-23T00:00:00,CHI @ NOP,L,36.766666666666666,9.8,16.6,0.588,4.9,7.8,0.625,2.0,2.9,0.667,1.0,3.9,4.9,2.9,6.9,0.0,0.0,2.0,3.9,2.0,26.4,-14.7,29.9,0,0,39.2,1,13222,1,13222,2141,3484,6248,6229,2412,6744,2868,10783,10122,9425,13430,13978,15075,13139,958,12854,8263,3365,7390,13280,3460,19782,14899,2246,150,7294,1,36:46
2024-25,1641767,Ben Sheppard,Ben,1610612754,IND,Indiana Pacers,0022400063,2024-10-23T00:00:00,IND @ DET,W,6.3,0.0,0.0,0.0,0.0,0.0,0.0,0.0,0.0,0.0,0.0,11.4,11.4,0.0,0.0,0.0,5.7,0.0,11.4,0.0,0.0,5.7,30.9,0,0,22.9,1,1,13086,1,23456,22635,24836,22635,15070,20945,15070,13505,14344,13505,14058,1682,4029,19908,16469,12854,359,8846,484,17725,23200,9744,14155,2246,150,19097,1,6:18
2024-25,1626192,Pat Connaughton,Pat,1610612749,MIL,Milwaukee Bucks,0022400066,2024-10-23T00:00:00,MIL @ PHI,W,20.9,6.9,15.5,0.444,1.7,8.6,0.2,0.0,0.0,0.0,1.7,5.2,6.9,1.7,0.0,0.0,1.7,1.7,1.7,3.4,15.5,8.6,31.5,0,0,29.3,1,1,13086,1,15357,9187,7817,13045,11338,5401,13429,13505,14344,13505,9501,10362,10339,17304,16469,12854,4244,4087,16458,7825,12417,8355,13664,2246,150,14491,1,20:54
2024-25,1627777,Georges Niang,Georges,1610612739,CLE,Cleveland Cavaliers,0022400067,2024-10-23T00:00:00,CLE @ TOR,W,18.55,7.8,9.7,0.8,5.8,7.8,0.75,0.0,0.0,0.0,0.0,1.9,1.9,0.0,1.9,0.0,0.0,1.9,1.9,0.0,21.3,27.2,21.7,0,0,29.1,1,1,13086,1,17147,7141,17570,1688,1458,6869,1542,13505,14344,13505,14058,19858,21929,19908,10845,12854,8263,3421,15457,17725,6773,2393,20295,2246,150,14615,1,18:33
2024-25,1630590,Scotty Pippen Jr.,Scotty,1610612763,MEM,Memphis Grizzlies,0022400070,2024-10-23T00:00:00,MEM @ UTA,W,21.816666666666666,5.0,9.9,0.5,0.0,3.3,0.0,0.0,3.3,0.0,1.7,3.3,5.0,11.6,3.3,5.0,1.7,1.7,5.0,3.3,9.9,8.3,49.7,0,0,39.6,1,1,13086,1,14648,14545,17239,8526,15070,17071,15070,13505,9305,13505,9745,15793,14926,826,5508,927,4417,4297,4725,8251,18255,8508,3366,2246,150,7013,1,21:49
2024-25,1630558,Davion Mitchell,Davion,1610612761,TOR,Toronto Raptors,0022400067,2024-10-23T00:00:00,TOR vs. CLE,L,24.55,5.9,14.7,0.4,0.0,4.4,0.0,0.0,0.0,0.0,0.0,0.0,0.0,4.4,7.3,2.9,0.0,1.5,0.0,0.0,11.7,-29.3,19.8,0,0,22.0,1,13222,1,13222,12423,11899,9108,14933,15070,14682,15070,13505,14344,13505,14058,22137,23286,8884,766,3315,8263,4904,20257,17725,16412,23633,21261,2246,150,19679,1,24:33
2024-25,1629632,Coby White,Coby,1610612741,CHI,Chicago Bulls,0022400069,2024-10-23T00:00:00,CHI @ NOP,L,34.78333333333333,4.1,13.5,0.308,0.0,5.2,0.0,2.1,2.1,1.0,0.0,8.3,8.3,6.2,4.1,1.0,1.0,1.0,1.0,1.0,10.3,-6.2,31.7,0,0,29.0,1,13222,1,13222,3627,16744,11078,19226,15070,12762,15070,10400,12516,1,14058,4310,7800,5146,3591,11634,7236,7618,19500,17246,17805,16164,13568,2246,150,14719,1,34:47
2024-25,1630703,Scoot Henderson,Scoot,1610612757,POR,Portland Trail Blazers,0022400072,2024-10-23T00:00:00,POR vs. GSW,L,27.9,9.0,23.2,0.389,0.0,6.5,0.0,10.3,11.6,0.889,1.3,3.9,5.2,5.2,2.6,0.0,0.0,2.6,3.9,9.0,28.4,-40.0,39.7,0,0,38.7,1,13222,1,13222,9625,4647,1309,16009,15070,9646,15070,611,864,6857,11241,14120,14370,7111,7944,12854,8263,1904,7540,647,2639,24837,7925,2246,150,7582,1,27:54
2024-25,1642345,Oso Ighodaro,Oso,1610612756,PHX,Phoenix Suns,0022400071,2024-10-23T00:00:00,PHX @ LAC,W,12.238333333333333,2.9,2.9,1.0,0.0,0.0,0.0,0.0,0.0,0.0,5.9,11.8,17.6,0.0,0.0,0.0,2.9,0.0,2.9,0.0,5.9,-5.9,35.9,0,0,29.4,1,1,13086,1,21134,19553,24509,1,15070,20945,15070,13505,14344,13505,1686,1487,978,19908,16469,12854,1764,8846,10973,17725,21471,16013,10444,2246,150,14393,1,12:14
2024-25,1630172,Patrick Williams,Patrick,1610612741,CHI,Chicago Bulls,0022400069,2024-10-23T00:00:00,CHI @ NOP,L,24.066666666666666,3.0,10.5,0.286,1.5,6.0,0.25,1.5,3.0,0.5,3.0,1.5,4.5,4.5,3.0,0.0,1.5,0.0,0.0,1.5,9.0,-7.5,22.6,0,0,22.4,1,13222,1,13222,12825,19453,16276,19630,12050,10735,11902,11809,9999,10625,5363,20886,16081,8689,6520,12854,4870,8846,20257,15019,19110,16719,19825,2246,150,19403,1,24:04
2024-25,202710,Jimmy Butler III,Jimmy,1610612748,MIA,Miami Heat,0022400065,2024-10-23T00:00:00,MIA vs. ORL,L,25.816666666666666,1.4,11.2,0.125,0.0,2.8,0.0,1.4,2.8,0.5,1.4,4.2,5.6,7.0,1.4,1.4,1.4,2.8,1.4,1.4,4.2,-41.8,28.3,0,0,22.3,1,13222,1,13222,11322,22298,15091,22420,15070,18080,15070,12026,10511,10625,10769,13154,13336,4037,13309,8933,5250,1609,17644,15473,22471,24965,15985,2246,150,19483,1,25:49
2024-25,1630228,Jonathan Kuminga,Jonathan,1610612744,GSW,Golden State Warriors,0022400072,2024-10-23T00:00:00,GSW @ POR,W,19.516666666666666,5.5,16.6,0.333,0.0,3.7,0.0,7.4,11.1,0.667,1.8,5.5,7.4,1.8,7.4,0.0,1.8,1.8,5.5,5.5,18.4,0.0,28.2,0,0,31.4,1,1,13086,1,16401,12898,6298,17395,15070,16241,15070,1746,1004,9425,9066,9445,9414,16950,748,12854,3941,3755,3654,3293,9370,12240,16056,2246,150,12889,1,19:31
2024-25,1641796,Pelle Larsson,Pelle,1610612748,MIA,Miami Heat,0022400065,2024-10-23T00:00:00,MIA vs. ORL,L,6.25,5.8,5.8,1.0,0.0,0.0,0.0,0.0,0.0,0.0,0.0,0.0,0.0,0.0,0.0,5.8,0.0,0.0,0.0,5.8,11.5,74.9,28.8,0,0,23.0,1,13222,1,13222,23477,12230,22854,1,15070,20945,15070,13505,14344,13505,14058,22137,23286,19908,16469,549,8263,8846,20257,2956,16648,199,15629,2246,150,18988,1,6:15
2024-25,1631217,Moussa Diabaté,Moussa,1610612766,CHA,Charlotte Hornets,0022400068,2024-10-23T00:00:00,CHA @ HOU,W,14.983333333333333,2.4,9.6,0.25,0.0,0.0,0.0,0.0,0.0,0.0,4.8,7.2,12.0,0.0,0.0,2.4,4.8,0.0,0.0,0.0,4.8,14.4,40.8,0,0,31.2,1,1,13086,1,19573,20657,17749,20233,15070,20945,15070,13505,14344,13505,2554,5981,3478,19908,16469,4691,569,8846,20257,17725,22123,5853,7258,2246,150,12973,1,14:59
2024-25,1629048,Goga Bitadze,Goga,1610612753,ORL,Orlando Magic,0022400065,2024-10-23T00:00:00,ORL @ MIA,W,5.35,0.0,6.7,0.0,0.0,6.7,0.0,0.0,0.0,0.0,0.0,13.5,13.5,0.0,13.5,0.0,0.0,0.0,6.7,6.7,0.0,-87.5,2.7,0,0,13.5,1,1,13086,1,23840,22635,21854,22635,15070,9051,15070,13505,14344,13505,14058,884,2502,19908,141,12854,8263,8846,2190,1877,23200,26066,25137,2246,150,23565,1,5:21
2024-25,1641824,Matas Buzelis,Matas,1610612741,CHI,Chicago Bulls,0022400069,2024-10-23T00:00:00,CHI @ NOP,L,4.7,0.0,23.0,0.0,0.0,23.0,0.0,0.0,0.0,0.0,0.0,15.3,15.3,7.7,0.0,0.0,0.0,0.0,7.7,0.0,0.0,61.3,29.9,0,0,23.0,1,13222,1,13222,24143,22635,1386,22635,15070,145,15070,13505,14344,13505,14058,516,1642,3217,16469,12854,8263,8846,1538,17725,23200,337,14895,2246,150,19033,1,4:42
2024-25,1626162,Kelly Oubre Jr.,Kelly,1610612755,PHI,Philadelphia 76ers,0022400066,2024-10-23T00:00:00,PHI vs. MIL,L,30.416666666666668,9.5,21.3,0.444,1.2,7.1,0.167,4.7,7.1,0.667,1.2,1.2,2.4,1.2,1.2,0.0,0.0,3.6,5.9,4.7,24.9,-23.7,28.3,0,0,29.6,1,13222,1,13222,7392,3925,2155,13045,13455,8251,14236,4453,3268,9425,11904,21556,21069,19073,14557,12854,8263,876,3053,4652,4274,22492,16004,2246,150,14268,1,30:25
2024-25,1629659,Talen Horton-Tucker,Talen,1610612741,CHI,Chicago Bulls,0022400069,2024-10-23T00:00:00,CHI @ NOP,L,7.516666666666667,0.0,4.8,0.0,0.0,0.0,0.0,0.0,9.6,0.0,0.0,9.6,9.6,4.8,4.8,0.0,0.0,4.8,0.0,4.8,0.0,19.2,13.9,0,0,14.4,1,13222,1,13222,22990,22635,23612,22635,15070,20945,15070,13505,1553,13505,14058,2939,5950,7944,2596,12854,8263,411,20257,4521,23200,4210,23525,2246,150,23300,1,7:31
2024-25,1628381,John Collins,John,1610612762,UTA,Utah Jazz,0022400070,2024-10-23T00:00:00,UTA vs. MEM,L,18.316666666666666,9.8,23.6,0.417,0.0,5.9,0.0,2.0,2.0,1.0,2.0,7.9,9.8,0.0,3.9,2.0,2.0,0.0,9.8,5.9,21.6,-17.7,41.3,0,0,39.3,1,13222,1,13222,17345,3431,1204,14532,15070,10949,15070,10758,12815,1,8544,4925,5635,19908,4014,6416,3580,8846,741,2749,6530,20836,7006,2246,150,7189,1,18:19
2024-25,1642270,Donovan Clingan,Donovan,1610612757,POR,Portland Trail Blazers,0022400072,2024-10-23T00:00:00,POR vs. GSW,L,12.583333333333334,2.9,5.7,0.5,0.0,0.0,0.0,0.0,0.0,0.0,0.0,5.7,5.7,0.0,2.9,2.9,2.9,0.0,2.9,2.9,5.7,-25.7,26.9,0,0,22.9,1,13222,1,13222,20947,19748,22884,8526,15070,20945,15070,13505,14344,13505,14058,8991,12958,19908,6992,3511,1866,8846,11357,9723,21578,22974,17028,2246,150,19084,1,12:35
2024-25,203937,Kyle Anderson,Kyle,1610612744,GSW,Golden State Warriors,0022400072,2024-10-23T00:00:00,GSW @ POR,W,14.85,2.4,4.8,0.5,0.0,2.4,0.0,0.0,0.0,0.0,7.3,4.8,12.1,7.3,2.4,4.8,2.4,0.0,2.4,0.0,4.8,12.1,49.7,0,0,38.8,1,1,13086,1,19667,20602,23569,8526,15070,18760,15070,13505,14344,13505,1033,11283,3406,3653,8556,991,2511,8846,13099,17725,22093,6743,3361,2246,150,7527,1,14:51
2024-25,1630529,Herbert Jones,Herbert,1610612740,NOP,New Orleans Pelicans,0022400069,2024-10-23T00:00:00,NOP vs. CHI,W,32.68333333333333,1.1,6.6,0.167,0.0,3.3,0.0,0.0,0.0,0.0,1.1,3.3,4.4,2.2,0.0,2.2,0.0,0.0,3.3,0.0,2.2,5.5,17.4,0,0,13.2,1,1,13086,1,5409,22577,22004,21938,15070,17060,15070,13505,14344,13505,12459,15781,16271,15614,16469,5383,8263,8846,9442,17725,23135,9845,22339,2246,150,23643,1,32:41
2024-25,1628366,Lonzo Ball,Lonzo,1610612741,CHI,Chicago Bulls,0022400069,2024-10-23T00:00:00,CHI @ NOP,L,13.65,5.3,10.5,0.5,2.6,7.9,0.333,0.0,0.0,0.0,0.0,5.3,5.3,10.5,2.6,0.0,0.0,0.0,5.3,0.0,13.2,10.5,32.7,0,0,31.6,1,13222,1,13222,20388,13612,16134,8526,7717,6605,9209,13505,14344,13505,14058,10087,14106,1180,7744,12854,8263,8846,4068,17725,14890,7448,12798,2246,150,12673,1,13:39
2024-25,1630592,Jalen Wilson,Jalen,1610612751,BKN,Brooklyn Nets,0022400064,2024-10-23T00:00:00,BKN @ ATL,L,33.96666666666667,3.2,7.4,0.429,2.1,5.3,0.4,8.5,8.5,1.0,1.1,3.2,4.2,1.1,1.1,0.0,0.0,0.0,5.3,4.2,17.0,4.2,22.6,0,0,24.4,1,13222,1,13222,4292,19032,21050,13735,9593,12465,7874,1194,2208,1,12795,16160,16709,19490,15425,12854,8263,8846,4022,5743,10895,10523,19830,2246,150,18097,1,33:58
2024-25,1628384,OG Anunoby,OG,1610612752,NYK,New York Knicks,0022400061,2024-10-22T00:00:00,NYK @ BOS,L,34.166666666666664,1.1,7.4,0.143,0.0,4.2,0.0,2.1,2.1,1.0,0.0,5.3,5.3,3.2,0.0,1.1,0.0,0.0,3.2,1.1,4.2,-22.1,18.4,0,0,14.8,1,13222,1,13222,4116,22601,21102,22260,15070,15080,15070,10269,12398,1,14058,10104,14119,12446,16469,11455,8263,8846,10035,17155,22456,22106,21918,2246,150,23154,1,34:10
2024-25,1642359,Pacôme Dadiet,Pacôme,1610612752,NYK,New York Knicks,0022400061,2024-10-22T00:00:00,NYK @ BOS,L,13.383333333333333,2.7,8.1,0.333,2.7,5.4,0.5,0.0,0.0,0.0,0.0,2.7,2.7,0.0,0.0,0.0,0.0,0.0,2.7,2.7,8.1,26.9,11.3,0,0,13.4,1,13222,1,13222,20548,20113,20141,17395,7569,12255,3944,13505,14344,13505,14058,17727,20470,19908,16469,12854,8263,8846,12079,10340,19863,2448,24179,2246,150,23570,1,13:23
2024-25,1630559,Austin Reaves,Austin,1610612747,LAL,Los Angeles Lakers,0022400062,2024-10-22T00:00:00,LAL vs. MIN,W,36.03333333333333,6.0,14.0,0.429,0.0,5.0,0.0,0.0,1.0,0.0,4.0,5.0,9.0,4.0,0.0,1.0,1.0,0.0,4.0,4.0,12.0,12.0,34.8,0,0,29.0,1,1,13086,1,2659,11540,10191,13735,15070,13216,15070,13505,14217,13505,3600,10893,6759,9946,16469,11967,7480,8846,7156,6315,16155,6801,11225,2246,150,14729,1,36:02
2024-25,203497,Rudy Gobert,Rudy,1610612750,MIN,Minnesota Timberwolves,0022400062,2024-10-22T00:00:00,MIN @ LAL,L,35.333333333333336,5.1,8.2,0.625,0.0,0.0,0.0,3.1,4.1,0.75,3.1,11.2,14.3,2.0,1.0,0.0,1.0,3.1,4.1,5.1,13.2,-10.2,35.5,1,0,31.6,1,13222,1,13222,3201,14114,20013,4899,15070,20945,15070,7656,7687,8186,5218,1799,2115,16230,15721,12854,7356,1277,6918,3933,14816,17967,10763,1,150,12715,1,35:20
2024-25,1629060,Rui Hachimura,Rui,1610612747,LAL,Los Angeles Lakers,0022400062,2024-10-22T00:00:00,LAL vs. MIN,W,35.083333333333336,7.2,14.4,0.5,1.0,4.1,0.25,3.1,4.1,0.75,3.1,2.1,5.1,1.0,0.0,2.1,1.0,0.0,2.1,3.1,18.5,19.5,35.4,0,0,31.8,1,1,13086,1,3396,8502,9584,8526,14389,15335,11902,7599,7622,8186,5177,19501,14442,19601,16469,6006,7304,8846,14863,8965,9347,4108,10801,2246,150,12529,1,35:05
2024-25,201144,Mike Conley,Mike,1610612750,MIN,Minnesota Timberwolves,0022400062,2024-10-22T00:00:00,MIN @ LAL,L,20.216666666666665,1.8,12.5,0.143,0.0,8.9,0.0,5.3,5.3,1.0,3.6,3.6,7.1,3.6,5.3,1.8,0.0,1.8,1.8,1.8,8.9,-39.2,22.8,0,0,23.1,1,13222,1,13222,15849,21783,12793,22260,15070,4964,15070,3601,5401,1,4283,15049,9908,11207,1962,7329,8263,3951,16267,13998,19175,24784,19689,2246,150,18892,1,20:13
2024-25,1630540,Miles McBride,Miles,1610612752,NYK,New York Knicks,0022400061,2024-10-22T00:00:00,NYK @ BOS,L,25.85,11.1,13.9,0.8,5.6,7.0,0.8,2.8,4.2,0.667,0.0,0.0,0.0,2.8,1.4,0.0,0.0,0.0,1.4,4.2,30.6,-25.1,33.4,0,0,39.0,1,13222,1,13222,11287,2146,10291,1688,1683,8534,1389,8371,7455,9425,14058,22137,23286,13631,13315,12854,8263,8846,17654,5883,1876,22820,12246,2246,150,7385,1,25:51
2024-25,1642355,Bronny James,Bronny,1610612747,LAL,Los Angeles Lakers,0022400062,2024-10-22T00:00:00,LAL vs. MIN,W,2.683333333333333,0.0,26.8,0.0,0.0,13.4,0.0,0.0,0.0,0.0,13.4,0.0,13.4,0.0,0.0,0.0,0.0,13.4,0.0,0.0,0.0,-67.1,16.1,0,0,13.4,1,1,13086,1,25134,22635,519,22635,15070,1122,15070,13505,14344,13505,176,22137,2532,19908,16469,12854,8263,35,20257,17725,23200,25839,22810,2246,150,23578,1,2:41
2024-25,203944,Julius Randle,Julius,1610612750,MIN,Minnesota Timberwolves,0022400062,2024-10-22T00:00:00,MIN @ LAL,L,34.31666666666667,5.2,10.5,0.5,1.0,3.1,0.333,5.2,7.3,0.714,3.1,6.3,9.4,4.2,2.1,0.0,0.0,1.0,3.1,5.2,16.8,2.1,32.3,0,0,31.5,1,13222,1,13222,3991,13683,16234,8526,14259,17370,9209,3714,3056,9244,5045,7708,6122,9399,10007,12854,8263,7500,10107,3709,11090,11571,13078,2246,150,12798,1,34:19
2024-25,1628436,Luke Kornet,Luke,1610612738,BOS,Boston Celtics,0022400061,2024-10-22T00:00:00,BOS vs. NYK,W,19.316666666666666,3.7,5.6,0.667,0.0,0.0,0.0,0.0,0.0,0.0,3.7,1.9,5.6,1.9,0.0,1.9,1.9,1.9,0.0,0.0,7.5,3.7,28.1,0,0,22.4,1,1,13086,1,16563,17756,23004,3281,15070,20945,15070,13505,14344,13505,3999,20068,13312,16882,16469,6957,3891,3697,20257,17725,20360,10790,16110,2246,150,19445,1,19:19
2024-25,1630214,Xavier Tillman,Xavier,1610612738,BOS,Boston Celtics,0022400061,2024-10-22T00:00:00,BOS vs. NYK,W,17.7,2.0,12.2,0.167,0.0,6.1,0.0,0.0,0.0,0.0,6.1,8.1,14.2,4.1,0.0,0.0,0.0,0.0,2.0,2.0,4.1,-6.1,27.3,0,0,22.4,1,1,13086,1,17779,21339,13250,21938,15070,10434,15070,13505,14344,13505,1563,4507,2127,9751,16469,12854,8263,8846,14948,12911,22522,16109,16777,2246,150,19439,1,17:42
2024-25,2544,LeBron James,LeBron,1610612747,LAL,Los Angeles Lakers,0022400062,2024-10-22T00:00:00,LAL vs. MIN,W,34.65,7.3,16.6,0.438,1.0,4.2,0.25,1.0,1.0,1.0,0.0,5.2,5.2,4.2,2.1,0.0,2.1,0.0,3.1,4.2,16.6,-6.2,33.2,0,0,31.2,1,1,13086,1,3736,8281,6276,13558,14313,15215,11902,13116,14157,1,14058,10292,14288,9508,10110,12854,3265,8846,10210,5941,11250,16179,12391,2246,150,13026,1,34:39
2024-25,1628969,Mikal Bridges,Mikal,1610612752,NYK,New York Knicks,0022400061,2024-10-22T00:00:00,NYK @ BOS,L,34.61666666666667,7.3,13.5,0.538,2.1,7.3,0.286,0.0,1.0,0.0,0.0,0.0,0.0,2.1,1.0,0.0,0.0,0.0,0.0,2.1,16.6,-34.3,18.7,0,0,20.8,1,13222,1,13222,3771,8265,10974,7978,9770,7866,11433,13505,14152,13505,14058,22137,23286,16069,15562,12854,8263,8846,20257,12711,11234,24338,21793,2246,150,20408,1,34:37
2024-25,1630574,Ariel Hukporti,Ariel,1610612752,NYK,New York Knicks,0022400061,2024-10-22T00:00:00,NYK @ BOS,L,6.083333333333333,0.0,0.0,0.0,0.0,0.0,0.0,0.0,0.0,0.0,0.0,23.7,23.7,0.0,0.0,0.0,5.9,0.0,0.0,5.9,0.0,53.3,46.2,0,0,35.5,1,13222,1,13222,23565,22635,24836,22635,15070,20945,15070,13505,14344,13505,14058,95,236,19908,16469,12854,322,8846,20257,2726,23200,479,4675,2246,150,9724,1,6:05
2024-25,1626157,Karl-Anthony Towns,Karl-Anthony,1610612752,NYK,New York Knicks,0022400061,2024-10-22T00:00:00,NYK @ BOS,L,23.616666666666667,7.6,13.7,0.556,1.5,3.0,0.5,1.5,1.5,1.0,0.0,10.7,10.7,4.6,0.0,0.0,0.0,1.5,1.5,1.5,18.3,-27.4,38.0,0,0,35.1,1,13222,1,13222,13215,7458,10622,7248,11947,17553,3944,11744,13462,1,14058,2106,4748,8470,16469,12854,8263,4678,17131,14900,9537,23333,9046,2246,150,10053,1,23:37
2024-25,1642278,Tyler Kolek,Tyler,1610612752,NYK,New York Knicks,0022400061,2024-10-22T00:00:00,NYK @ BOS,L,5.4,6.7,13.3,0.5,6.7,6.7,1.0,0.0,0.0,0.0,0.0,0.0,0.0,0.0,13.3,0.0,0.0,0.0,0.0,0.0,20.0,46.7,6.7,0,0,26.7,1,13222,1,13222,23821,9781,11241,8526,915,9178,1,13505,14344,13505,14058,22137,23286,19908,148,12854,8263,8846,20257,17725,7917,647,24844,2246,150,16421,1,5:24
2024-25,1630573,Sam Hauser,Sam,1610612738,BOS,Boston Celtics,0022400061,2024-10-22T00:00:00,BOS vs. NYK,W,24.166666666666668,6.0,14.9,0.4,3.0,10.4,0.286,0.0,0.0,0.0,1.5,6.0,7.4,1.5,0.0,0.0,0.0,0.0,3.0,0.0,14.9,8.9,26.1,0,0,26.8,1,1,13086,1,12748,11634,8761,14933,6591,3039,11433,13505,14344,13505,10360,8428,9278,18020,16469,12854,8263,8846,10815,17725,13020,8211,17571,2246,150,16309,1,24:10
2024-25,1630162,Anthony Edwards,Anthony,1610612750,MIN,Minnesota Timberwolves,0022400062,2024-10-22T00:00:00,MIN @ LAL,L,41.06666666666667,8.8,21.9,0.4,4.4,11.4,0.385,1.8,2.6,0.667,0.0,5.3,5.3,2.6,3.5,0.0,0.0,0.0,2.6,2.6,23.7,0.0,30.4,0,0,35.9,1,13222,1,13222,362,5146,1861,14933,3261,2177,8766,11324,10906,9425,14058,10135,14140,14115,4996,12854,8263,8846,12326,10545,5003,12240,14485,2246,150,9422,1,41:04
2024-25,1630579,Jericho Sims,Jericho,1610612752,NYK,New York Knicks,0022400061,2024-10-22T00:00:00,NYK @ BOS,L,24.383333333333333,3.0,4.4,0.667,0.0,0.0,0.0,0.0,0.0,0.0,4.4,8.9,13.3,1.5,1.5,0.0,3.0,0.0,0.0,0.0,5.9,-7.4,31.4,0,0,26.6,1,13222,1,13222,12578,19525,23843,3281,15070,20945,15070,13505,14344,13505,3015,3655,2613,18069,12869,12854,1751,8846,20257,17725,21452,16673,13708,2246,150,16484,1,24:23
2024-25,1626156,D'Angelo Russell,D'Angelo,1610612747,LAL,Los Angeles Lakers,0022400062,2024-10-22T00:00:00,LAL vs. MIN,W,34.21666666666667,4.2,12.6,0.333,1.1,7.4,0.143,0.0,0.0,0.0,0.0,1.1,1.1,5.3,1.1,2.1,0.0,0.0,2.1,1.1,9.5,15.8,23.9,0,0,21.0,1,1,13086,1,4083,16571,12520,17395,14239,7696,14649,13505,14344,13505,14058,21872,23154,6911,15470,5764,8263,8846,14595,17163,18670,5331,19030,2246,150,20257,1,34:13
2024-25,201143,Al Horford,Al,1610612738,BOS,Boston Celtics,0022400061,2024-10-22T00:00:00,BOS vs. NYK,W,26.083333333333332,5.5,9.7,0.571,4.1,6.9,0.6,0.0,0.0,0.0,0.0,4.1,4.1,6.9,0.0,1.4,1.4,0.0,2.8,2.8,15.2,26.2,38.8,0,0,35.9,1,1,13086,1,11099,12938,17650,6538,3692,8662,2992,13505,14344,13505,14058,13302,16972,4130,16469,9008,5313,8846,11799,10105,12732,2578,8549,2246,150,9460,1,26:05
2024-25,1628401,Derrick White,Derrick,1610612738,BOS,Boston Celtics,0022400061,2024-10-22T00:00:00,BOS vs. NYK,W,26.631666666666668,10.8,17.6,0.615,8.1,13.5,0.6,2.7,2.7,1.0,0.0,4.1,4.1,5.4,0.0,1.4,0.0,0.0,1.4,1.4,32.4,28.4,49.5,0,0,52.7,1,1,13086,1,10628,2408,5169,5246,430,1086,2992,8575,10739,1,14058,13560,17173,6623,16469,9180,8263,8846,17816,15665,1427,2199,3429,2246,150,1871,1,26:38
2024-25,203076,Anthony Davis,Anthony,1610612747,LAL,Los Angeles Lakers,0022400062,2024-10-22T00:00:00,LAL vs. MIN,W,37.583333333333336,10.5,22.0,0.478,1.0,2.9,0.333,12.5,14.4,0.867,2.9,12.5,15.3,3.8,1.0,1.0,2.9,0.0,1.0,7.7,34.5,1.0,69.2,1,0,62.3,1,1,13086,1,1639,2685,1813,11986,14759,17909,9209,301,405,7066,5656,1173,1640,10417,16100,12293,1854,8846,19919,1223,1045,12184,469,1,150,627,1,37:35
2024-25,1628369,Jayson Tatum,Jayson,1610612738,BOS,Boston Celtics,0022400061,2024-10-22T00:00:00,BOS vs. NYK,W,30.3,16.6,21.4,0.778,9.5,13.1,0.727,1.2,2.4,0.5,0.0,4.8,4.8,11.9,1.2,1.2,1.2,1.2,1.2,1.2,44.0,30.9,73.4,1,0,74.9,1,1,13086,1,7493,304,2096,1994,253,1266,1855,12635,11553,10625,14058,11564,15435,742,14534,10283,6251,6352,18603,16460,287,1849,324,1,150,235,1,30:18
2024-25,1628973,Jalen Brunson,Jalen,1610612752,NYK,New York Knicks,0022400061,2024-10-22T00:00:00,NYK @ BOS,L,24.5,13.2,20.6,0.643,1.5,2.9,0.5,4.4,4.4,1.0,0.0,1.5,1.5,2.9,5.9,0.0,0.0,1.5,4.4,2.9,32.3,-33.8,32.6,0,0,38.2,1,13222,1,13222,12473,942,2591,4607,12167,17780,3944,4978,7020,1,14058,20945,22609,13133,1479,12854,8263,4887,6003,9464,1456,24278,12869,2246,150,7895,1,24:30
2024-25,1629637,Jaxson Hayes,Jaxson,1610612747,LAL,Los Angeles Lakers,0022400062,2024-10-22T00:00:00,LAL vs. MIN,W,15.333333333333334,9.4,11.7,0.8,0.0,0.0,0.0,4.7,4.7,1.0,7.0,2.3,9.4,0.0,0.0,0.0,2.3,0.0,7.0,2.3,23.5,-2.3,41.8,0,0,37.6,1,1,13086,1,19352,4039,14039,1688,15070,20945,15070,4520,6485,1,1127,18632,6198,19908,16469,12854,2648,8846,1948,11555,5148,14234,6728,2246,150,8316,1,15:20
2024-25,201950,Jrue Holiday,Jrue,1610612738,BOS,Boston Celtics,0022400061,2024-10-22T00:00:00,BOS vs. NYK,W,30.518333333333334,8.3,10.6,0.778,4.7,7.1,0.667,0.0,0.0,0.0,2.4,2.4,4.7,4.7,0.0,1.2,0.0,0.0,2.4,1.2,21.2,27.1,37.5,0,0,37.7,1,1,13086,1,7299,6071,16024,1994,2703,8299,1957,13505,14344,13505,7058,18597,15513,8148,16469,10354,8263,8846,13402,16510,6902,2404,9334,2246,150,8199,1,30:31
2024-25,1629675,Naz Reid,Naz,1610612750,MIN,Minnesota Timberwolves,0022400062,2024-10-22T00:00:00,MIN @ LAL,L,26.35,4.1,10.9,0.375,2.7,5.5,0.5,5.5,5.5,1.0,1.4,4.1,5.5,1.4,1.4,0.0,0.0,0.0,4.1,2.7,16.4,-8.2,23.6,0,0,26.0,1,13222,1,13222,10858,16846,15477,16299,7439,12046,3944,3455,5231,1,10897,13417,13634,18444,13477,12854,8263,8846,6840,10220,11502,17051,19179,2246,150,16969,1,26:21
2024-25,1630202,Payton Pritchard,Payton,1610612738,BOS,Boston Celtics,0022400061,2024-10-22T00:00:00,BOS vs. NYK,W,24.966666666666665,1.4,14.4,0.1,1.4,13.0,0.111,0.0,0.0,0.0,1.4,4.3,5.8,5.8,1.4,0.0,0.0,1.4,2.9,0.0,4.3,10.1,18.5,0,0,17.3,1,1,13086,1,12032,22237,9484,22561,12284,1308,15003,13505,14344,13505,10572,12730,12846,5916,13048,12854,8263,5016,11249,17725,22385,7655,21912,2246,150,22173,1,24:58
2024-25,1627759,Jaylen Brown,Jaylen,1610612738,BOS,Boston Celtics,0022400061,2024-10-22T00:00:00,BOS vs. NYK,W,29.9,8.4,21.7,0.389,6.0,10.8,0.556,4.8,4.8,1.0,2.4,6.0,8.4,1.2,1.2,1.2,0.0,0.0,3.6,7.2,27.7,27.7,42.0,0,0,45.8,1,1,13086,1,7869,5747,1952,16009,1289,2635,3747,4322,6265,1,6891,8282,7584,19005,14408,10139,8263,8846,8391,1494,2895,2307,6603,2246,150,3912,1,29:54
2024-25,1631210,Jacob Toppin,Jacob,1610612752,NYK,New York Knicks,0022400061,2024-10-22T00:00:00,NYK @ BOS,L,2.783333333333333,0.0,12.9,0.0,0.0,12.9,0.0,0.0,0.0,0.0,0.0,0.0,0.0,0.0,0.0,0.0,0.0,0.0,0.0,0.0,0.0,0.0,0.0,0,0,0.0,1,13222,1,13222,25072,22635,11965,22635,15070,1333,15070,13505,14344,13505,14058,22137,23286,19908,16469,12854,8263,8846,20257,17725,23200,12240,25228,2246,150,25259,1,2:47
2024-25,1629674,Neemias Queta,Neemias,1610612738,BOS,Boston Celtics,0022400061,2024-10-22T00:00:00,BOS vs. NYK,W,4.333333333333333,0.0,0.0,0.0,0.0,0.0,0.0,0.0,0.0,0.0,0.0,0.0,0.0,0.0,0.0,0.0,0.0,0.0,8.3,0.0,0.0,0.0,0.0,0,0,0.0,1,1,13086,1,24312,22635,24836,22635,15070,20945,15070,13505,14344,13505,14058,22137,23286,19908,16469,12854,8263,8846,1224,17725,23200,12240,25228,2246,150,25259,1,4:20
2024-25,1631108,Max Christie,Max,1610612747,LAL,Los Angeles Lakers,0022400062,2024-10-22T00:00:00,LAL vs. MIN,W,11.416666666666666,0.0,9.5,0.0,0.0,9.5,0.0,6.3,6.3,1.0,3.2,3.2,6.3,0.0,0.0,0.0,0.0,0.0,15.8,3.2,6.3,-15.8,13.9,0,0,12.6,1,1,13086,1,21525,22635,18020,22635,15070,4162,15070,2586,4119,1,5030,16245,11590,19908,16469,12854,8263,8846,215,8716,21181,20180,23527,2246,150,23830,1,11:25
2024-25,1629216,Gabe Vincent,Gabe,1610612747,LAL,Los Angeles Lakers,0022400062,2024-10-22T00:00:00,LAL vs. MIN,W,17.216666666666665,2.1,4.2,0.5,0.0,0.0,0.0,0.0,0.0,0.0,0.0,4.2,4.2,4.2,4.2,0.0,0.0,0.0,2.1,0.0,4.2,-4.2,11.3,0,0,12.5,1,1,13086,1,18123,21249,24005,8526,15070,20945,15070,13505,14344,13505,14058,13157,16848,9432,3535,12854,8263,8846,14648,17725,22472,15171,24181,2246,150,23859,1,17:13
2024-25,1630183,Jaden McDaniels,Jaden,1610612750,MIN,Minnesota Timberwolves,0022400062,2024-10-22T00:00:00,MIN @ LAL,L,16.0,6.8,18.0,0.375,0.0,6.8,0.0,0.0,0.0,0.0,0.0,4.5,4.5,2.3,2.3,2.3,0.0,2.3,11.3,4.5,13.5,-18.0,26.8,0,0,24.8,1,13222,1,13222,18929,9563,4664,16299,15070,9015,15070,13505,14344,13505,14058,12261,16050,15433,9307,5217,8263,2550,502,5140,14501,20931,17103,2246,150,17854,1,16:00
2024-25,1642261,Dalton Knecht,Dalton,1610612747,LAL,Los Angeles Lakers,0022400062,2024-10-22T00:00:00,LAL vs. MIN,W,15.783333333333333,4.6,9.1,0.5,2.3,6.8,0.333,0.0,0.0,0.0,0.0,2.3,2.3,4.6,2.3,2.3,0.0,0.0,2.3,0.0,11.4,16.0,25.5,0,0,25.1,1,1,13086,1,19079,15595,18518,8526,8919,8798,9209,13505,14344,13505,14058,18821,21243,8505,9154,5103,8263,8846,13717,17725,16784,5261,17910,2246,150,17613,1,15:47
2024-25,1629638,Nickeil Alexander-Walker,Nickeil,1610612750,MIN,Minnesota Timberwolves,0022400062,2024-10-22T00:00:00,MIN @ LAL,L,28.366666666666667,6.3,8.9,0.714,3.8,5.1,0.75,1.3,2.5,0.5,2.5,3.8,6.3,0.0,2.5,0.0,0.0,0.0,0.0,1.3,17.8,16.5,22.8,0,0,27.9,1,13222,1,13222,9243,10577,18893,2752,4418,13011,1542,12388,11108,10625,6501,14295,11514,19908,8087,12854,8263,8846,20257,16036,10066,5073,19657,2246,150,15483,1,28:22
2024-25,1628404,Josh Hart,Josh,1610612752,NYK,New York Knicks,0022400061,2024-10-22T00:00:00,NYK @ BOS,L,24.5,5.9,8.8,0.667,0.0,2.9,0.0,5.9,8.8,0.667,1.5,4.4,5.9,4.4,1.5,0.0,0.0,0.0,0.0,5.9,17.6,-33.8,29.8,0,0,27.9,1,13222,1,13222,12473,11868,18999,3281,15070,17780,15070,2994,1972,9425,10441,12509,12573,8856,12905,12854,8263,8846,20257,2780,10185,24278,14921,2246,150,15484,1,24:30
2024-25,1626166,Cameron Payne,Cameron,1610612752,NYK,New York Knicks,0022400061,2024-10-22T00:00:00,NYK @ BOS,L,20.716666666666665,8.7,17.4,0.5,1.7,7.0,0.25,0.0,0.0,0.0,1.7,3.5,5.2,7.0,1.7,1.7,0.0,1.7,5.2,0.0,19.1,0.0,39.3,0,0,36.5,1,13222,1,13222,15477,5280,5372,8526,11289,8566,11902,13505,14344,13505,9450,15305,14246,4062,11789,7494,8263,4053,4170,17725,8726,12240,8209,2246,150,9053,1,20:43
2024-25,1628978,Donte DiVincenzo,Donte,1610612750,MIN,Minnesota Timberwolves,0022400062,2024-10-22T00:00:00,MIN @ LAL,L,31.55,3.4,12.6,0.273,2.3,9.1,0.25,2.3,4.6,0.5,1.1,2.3,3.4,3.4,1.1,2.3,0.0,2.3,2.3,2.3,11.4,-5.7,26.4,0,0,25.1,1,13222,1,13222,6376,18487,12655,20048,8914,4634,11902,9682,6720,10625,12187,18817,18718,11622,14855,5101,8263,2467,13714,11811,16775,15925,17378,2246,150,17603,1,31:33
2024-25,1641775,Jordan Walsh,Jordan,1610612738,BOS,Boston Celtics,0022400061,2024-10-22T00:00:00,BOS vs. NYK,W,6.083333333333333,0.0,5.9,0.0,0.0,5.9,0.0,0.0,0.0,0.0,0.0,0.0,0.0,5.9,0.0,0.0,0.0,0.0,0.0,0.0,0.0,-53.3,8.9,0,0,5.9,1,1,13086,1,23565,22635,22692,22635,15070,10887,15070,13505,14344,13505,14058,22137,23286,5638,16469,12854,8263,8846,20257,17725,23200,25518,24593,2246,150,25012,1,6:05
2024-25,204060,Joe Ingles,Joe,1610612750,MIN,Minnesota Timberwolves,0022400062,2024-10-22T00:00:00,MIN @ LAL,L,6.8,0.0,5.3,0.0,0.0,5.3,0.0,0.0,0.0,0.0,0.0,0.0,0.0,5.3,0.0,0.0,0.0,0.0,5.3,5.3,0.0,5.3,7.9,0,0,5.3,1,13222,1,13222,23248,22635,23257,22635,15070,12477,15070,13505,14344,13505,14058,22137,23286,6831,16469,12854,8263,8846,4028,3637,23200,9957,24703,2246,150,25079,1,6:48
